timestamp,timestamp_sent,action,send_amount,from_node_id,to_node_id,message_type,original_data,possibly_mutated_data
1750527501861,1750527501861,2179,1,0,2,TMStatusChange,"newEvent: neCLOSING_LEDGER; ledgerSeq: 1; ledgerHash: ""-}\351f\032\255\274\334m\326c\017\014ao[\342\230\003\245\245\3341Hm\326^\017jy\335\261""; ledgerHashPrevious: ""\000\000\000\000\000\000\000\000\000\000\000\000\000\000\000\000\000\000\000\000\000\000\000\000\000\000\000\000\000\000\000\000""; networkTime: 803842701; firstSeq: 1; lastSeq: 1; ","newEvent: neCLOSING_LEDGER; ledgerSeq: 1; ledgerHash: ""-}\351f\032\255\274\334m\326c\017\014ao[\342\230\003\245\245\3341Hm\326^\017jy\335\261""; ledgerHashPrevious: ""\000\000\000\000\000\000\000\000\000\000\000\000\000\000\000\000\000\000\000\000\000\000\000\000\000\000\000\000\000\000\000\000""; networkTime: 803842701; firstSeq: 1; lastSeq: 1; "
1750527501861,1750527501861,1964,1,0,3,TMStatusChange,"newEvent: neCLOSING_LEDGER; ledgerSeq: 1; ledgerHash: ""-}\351f\032\255\274\334m\326c\017\014ao[\342\230\003\245\245\3341Hm\326^\017jy\335\261""; ledgerHashPrevious: ""\000\000\000\000\000\000\000\000\000\000\000\000\000\000\000\000\000\000\000\000\000\000\000\000\000\000\000\000\000\000\000\000""; networkTime: 803842701; firstSeq: 1; lastSeq: 1; ","newEvent: neCLOSING_LEDGER; ledgerSeq: 1; ledgerHash: ""-}\351f\032\255\274\334m\326c\017\014ao[\342\230\003\245\245\3341Hm\326^\017jy\335\261""; ledgerHashPrevious: ""\000\000\000\000\000\000\000\000\000\000\000\000\000\000\000\000\000\000\000\000\000\000\000\000\000\000\000\000\000\000\000\000""; networkTime: 803842701; firstSeq: 1; lastSeq: 1; "
1750527501862,1750527501862,1249,1,0,1,TMStatusChange,"newEvent: neCLOSING_LEDGER; ledgerSeq: 1; ledgerHash: ""-}\351f\032\255\274\334m\326c\017\014ao[\342\230\003\245\245\3341Hm\326^\017jy\335\261""; ledgerHashPrevious: ""\000\000\000\000\000\000\000\000\000\000\000\000\000\000\000\000\000\000\000\000\000\000\000\000\000\000\000\000\000\000\000\000""; networkTime: 803842701; firstSeq: 1; lastSeq: 1; ","newEvent: neCLOSING_LEDGER; ledgerSeq: 1; ledgerHash: ""-}\351f\032\255\274\334m\326c\017\014ao[\342\230\003\245\245\3341Hm\326^\017jy\335\261""; ledgerHashPrevious: ""\000\000\000\000\000\000\000\000\000\000\000\000\000\000\000\000\000\000\000\000\000\000\000\000\000\000\000\000\000\000\000\000""; networkTime: 803842701; firstSeq: 1; lastSeq: 1; "
1750527501863,1750527501863,3625,1,1,0,TMStatusChange,"newEvent: neCLOSING_LEDGER; ledgerSeq: 1; ledgerHash: ""-}\351f\032\255\274\334m\326c\017\014ao[\342\230\003\245\245\3341Hm\326^\017jy\335\261""; ledgerHashPrevious: ""\000\000\000\000\000\000\000\000\000\000\000\000\000\000\000\000\000\000\000\000\000\000\000\000\000\000\000\000\000\000\000\000""; networkTime: 803842701; firstSeq: 1; lastSeq: 1; ","newEvent: neCLOSING_LEDGER; ledgerSeq: 1; ledgerHash: ""-}\351f\032\255\274\334m\326c\017\014ao[\342\230\003\245\245\3341Hm\326^\017jy\335\261""; ledgerHashPrevious: ""\000\000\000\000\000\000\000\000\000\000\000\000\000\000\000\000\000\000\000\000\000\000\000\000\000\000\000\000\000\000\000\000""; networkTime: 803842701; firstSeq: 1; lastSeq: 1; "
1750527501864,1750527501864,798,1,1,2,TMStatusChange,"newEvent: neCLOSING_LEDGER; ledgerSeq: 1; ledgerHash: ""-}\351f\032\255\274\334m\326c\017\014ao[\342\230\003\245\245\3341Hm\326^\017jy\335\261""; ledgerHashPrevious: ""\000\000\000\000\000\000\000\000\000\000\000\000\000\000\000\000\000\000\000\000\000\000\000\000\000\000\000\000\000\000\000\000""; networkTime: 803842701; firstSeq: 1; lastSeq: 1; ","newEvent: neCLOSING_LEDGER; ledgerSeq: 1; ledgerHash: ""-}\351f\032\255\274\334m\326c\017\014ao[\342\230\003\245\245\3341Hm\326^\017jy\335\261""; ledgerHashPrevious: ""\000\000\000\000\000\000\000\000\000\000\000\000\000\000\000\000\000\000\000\000\000\000\000\000\000\000\000\000\000\000\000\000""; networkTime: 803842701; firstSeq: 1; lastSeq: 1; "
1750527501865,1750527501865,679,1,2,0,TMStatusChange,"newEvent: neCLOSING_LEDGER; ledgerSeq: 1; ledgerHash: ""-}\351f\032\255\274\334m\326c\017\014ao[\342\230\003\245\245\3341Hm\326^\017jy\335\261""; ledgerHashPrevious: ""\000\000\000\000\000\000\000\000\000\000\000\000\000\000\000\000\000\000\000\000\000\000\000\000\000\000\000\000\000\000\000\000""; networkTime: 803842701; firstSeq: 1; lastSeq: 1; ","newEvent: neCLOSING_LEDGER; ledgerSeq: 1; ledgerHash: ""-}\351f\032\255\274\334m\326c\017\014ao[\342\230\003\245\245\3341Hm\326^\017jy\335\261""; ledgerHashPrevious: ""\000\000\000\000\000\000\000\000\000\000\000\000\000\000\000\000\000\000\000\000\000\000\000\000\000\000\000\000\000\000\000\000""; networkTime: 803842701; firstSeq: 1; lastSeq: 1; "
1750527501867,1750527501867,3322,1,1,3,TMStatusChange,"newEvent: neCLOSING_LEDGER; ledgerSeq: 1; ledgerHash: ""-}\351f\032\255\274\334m\326c\017\014ao[\342\230\003\245\245\3341Hm\326^\017jy\335\261""; ledgerHashPrevious: ""\000\000\000\000\000\000\000\000\000\000\000\000\000\000\000\000\000\000\000\000\000\000\000\000\000\000\000\000\000\000\000\000""; networkTime: 803842701; firstSeq: 1; lastSeq: 1; ","newEvent: neCLOSING_LEDGER; ledgerSeq: 1; ledgerHash: ""-}\351f\032\255\274\334m\326c\017\014ao[\342\230\003\245\245\3341Hm\326^\017jy\335\261""; ledgerHashPrevious: ""\000\000\000\000\000\000\000\000\000\000\000\000\000\000\000\000\000\000\000\000\000\000\000\000\000\000\000\000\000\000\000\000""; networkTime: 803842701; firstSeq: 1; lastSeq: 1; "
1750527501867,1750527501867,1961,1,1,4,TMStatusChange,"newEvent: neCLOSING_LEDGER; ledgerSeq: 1; ledgerHash: ""-}\351f\032\255\274\334m\326c\017\014ao[\342\230\003\245\245\3341Hm\326^\017jy\335\261""; ledgerHashPrevious: ""\000\000\000\000\000\000\000\000\000\000\000\000\000\000\000\000\000\000\000\000\000\000\000\000\000\000\000\000\000\000\000\000""; networkTime: 803842701; firstSeq: 1; lastSeq: 1; ","newEvent: neCLOSING_LEDGER; ledgerSeq: 1; ledgerHash: ""-}\351f\032\255\274\334m\326c\017\014ao[\342\230\003\245\245\3341Hm\326^\017jy\335\261""; ledgerHashPrevious: ""\000\000\000\000\000\000\000\000\000\000\000\000\000\000\000\000\000\000\000\000\000\000\000\000\000\000\000\000\000\000\000\000""; networkTime: 803842701; firstSeq: 1; lastSeq: 1; "
1750527501870,1750527501870,832,1,4,0,TMStatusChange,"newEvent: neCLOSING_LEDGER; ledgerSeq: 1; ledgerHash: ""-}\351f\032\255\274\334m\326c\017\014ao[\342\230\003\245\245\3341Hm\326^\017jy\335\261""; ledgerHashPrevious: ""\000\000\000\000\000\000\000\000\000\000\000\000\000\000\000\000\000\000\000\000\000\000\000\000\000\000\000\000\000\000\000\000""; networkTime: 803842701; firstSeq: 1; lastSeq: 1; ","newEvent: neCLOSING_LEDGER; ledgerSeq: 1; ledgerHash: ""-}\351f\032\255\274\334m\326c\017\014ao[\342\230\003\245\245\3341Hm\326^\017jy\335\261""; ledgerHashPrevious: ""\000\000\000\000\000\000\000\000\000\000\000\000\000\000\000\000\000\000\000\000\000\000\000\000\000\000\000\000\000\000\000\000""; networkTime: 803842701; firstSeq: 1; lastSeq: 1; "
1750527501869,1750527501869,1536,1,2,1,TMStatusChange,"newEvent: neCLOSING_LEDGER; ledgerSeq: 1; ledgerHash: ""-}\351f\032\255\274\334m\326c\017\014ao[\342\230\003\245\245\3341Hm\326^\017jy\335\261""; ledgerHashPrevious: ""\000\000\000\000\000\000\000\000\000\000\000\000\000\000\000\000\000\000\000\000\000\000\000\000\000\000\000\000\000\000\000\000""; networkTime: 803842701; firstSeq: 1; lastSeq: 1; ","newEvent: neCLOSING_LEDGER; ledgerSeq: 1; ledgerHash: ""-}\351f\032\255\274\334m\326c\017\014ao[\342\230\003\245\245\3341Hm\326^\017jy\335\261""; ledgerHashPrevious: ""\000\000\000\000\000\000\000\000\000\000\000\000\000\000\000\000\000\000\000\000\000\000\000\000\000\000\000\000\000\000\000\000""; networkTime: 803842701; firstSeq: 1; lastSeq: 1; "
1750527501869,1750527501869,3904,1,0,4,TMStatusChange,"newEvent: neCLOSING_LEDGER; ledgerSeq: 1; ledgerHash: ""-}\351f\032\255\274\334m\326c\017\014ao[\342\230\003\245\245\3341Hm\326^\017jy\335\261""; ledgerHashPrevious: ""\000\000\000\000\000\000\000\000\000\000\000\000\000\000\000\000\000\000\000\000\000\000\000\000\000\000\000\000\000\000\000\000""; networkTime: 803842701; firstSeq: 1; lastSeq: 1; ","newEvent: neCLOSING_LEDGER; ledgerSeq: 1; ledgerHash: ""-}\351f\032\255\274\334m\326c\017\014ao[\342\230\003\245\245\3341Hm\326^\017jy\335\261""; ledgerHashPrevious: ""\000\000\000\000\000\000\000\000\000\000\000\000\000\000\000\000\000\000\000\000\000\000\000\000\000\000\000\000\000\000\000\000""; networkTime: 803842701; firstSeq: 1; lastSeq: 1; "
1750527501870,1750527501870,3991,1,3,0,TMStatusChange,"newEvent: neCLOSING_LEDGER; ledgerSeq: 1; ledgerHash: ""-}\351f\032\255\274\334m\326c\017\014ao[\342\230\003\245\245\3341Hm\326^\017jy\335\261""; ledgerHashPrevious: ""\000\000\000\000\000\000\000\000\000\000\000\000\000\000\000\000\000\000\000\000\000\000\000\000\000\000\000\000\000\000\000\000""; networkTime: 803842701; firstSeq: 1; lastSeq: 1; ","newEvent: neCLOSING_LEDGER; ledgerSeq: 1; ledgerHash: ""-}\351f\032\255\274\334m\326c\017\014ao[\342\230\003\245\245\3341Hm\326^\017jy\335\261""; ledgerHashPrevious: ""\000\000\000\000\000\000\000\000\000\000\000\000\000\000\000\000\000\000\000\000\000\000\000\000\000\000\000\000\000\000\000\000""; networkTime: 803842701; firstSeq: 1; lastSeq: 1; "
1750527501870,1750527501870,0,1,4,0,TMEndpoints,version: 2; ,version: 2; 
1750527516405,1750527516406,3125,1,3,2,TMValidation,"validation: """"\200\000\000\000&\000\000\000\002)/\351\252\234:p\210\265\307-\212\200\004Q\032Yt\320\244{g\0306\\302\303*\341\215\223\257\364\277o\375\000r\241SOq\221\253\262\005\017P\027\000\000\000\000\000\000\000\000\000\000\000\000\000\000\000\000\000\000\000\000\000\000\000\000\000\000\000\000\000\000\000\000P\031-}\351f\032\255\274\334m\326c\017\014ao[\342\230\003\245\245\3341Hm\326^\017jy\335\261s!\002\364d\217\366\217|\316F\232\231\241\n\261\333`\312O\367\235\025DD\336e\367\n\312\326\221\037\025\230vG0E\002!\000\250\261\242\021\345\376\002\3235\262\365\316\013\261\032\230\234&\376\357\222\272W\237\376\226\232\323\nkw\352\002 \020\227x\215Z\260S\200\275\270\215zt\223e\261\221H\212J\200\244\034G\270\233\325O\374\222;K""; ","validation: """"\200\000\000\000&\000\000\000\002)/\351\252\234:p\210\265\307-\212\200\004Q\032Yt\320\244{g\0306\\302\303*\341\215\223\257\364\277o\375\000r\241SOq\221\253\262\005\017P\027\000\000\000\000\000\000\000\000\000\000\000\000\000\000\000\000\000\000\000\000\000\000\000\000\000\000\000\000\000\000\000\000P\031-}\351f\032\255\274\334m\326c\017\014ao[\342\230\003\245\245\3341Hm\326^\017jy\335\261s!\002\364d\217\366\217|\316F\232\231\241\n\261\333`\312O\367\235\025DD\336e\367\n\312\326\221\037\025\230vG0E\002!\000\250\261\242\021\345\376\002\3235\262\365\316\013\261\032\230\234&\376\357\222\272W\237\376\226\232\323\nkw\352\002 \020\227x\215Z\260S\200\275\270\215zt\223e\261\221H\212J\200\244\034G\270\233\325O\374\222;K""; "
1750527516406,1750527516406,3432,1,3,2,TMStatusChange,"newEvent: neACCEPTED_LEDGER; ledgerSeq: 2; ledgerHash: ""\032Yt\320\244{g\0306\\302\303*\341\215\223\257\364\277o\375\000r\241SOq\221\253\262\005\017""; ledgerHashPrevious: ""-}\351f\032\255\274\334m\326c\017\014ao[\342\230\003\245\245\3341Hm\326^\017jy\335\261""; networkTime: 803842716; firstSeq: 1; lastSeq: 1; ","newEvent: neACCEPTED_LEDGER; ledgerSeq: 2; ledgerHash: ""\032Yt\320\244{g\0306\\302\303*\341\215\223\257\364\277o\375\000r\241SOq\221\253\262\005\017""; ledgerHashPrevious: ""-}\351f\032\255\274\334m\326c\017\014ao[\342\230\003\245\245\3341Hm\326^\017jy\335\261""; networkTime: 803842716; firstSeq: 1; lastSeq: 1; "
1750527516406,1750527516407,3736,1,3,4,TMValidation,"validation: """"\200\000\000\000&\000\000\000\002)/\351\252\234:p\210\265\307-\212\200\004Q\032Yt\320\244{g\0306\\302\303*\341\215\223\257\364\277o\375\000r\241SOq\221\253\262\005\017P\027\000\000\000\000\000\000\000\000\000\000\000\000\000\000\000\000\000\000\000\000\000\000\000\000\000\000\000\000\000\000\000\000P\031-}\351f\032\255\274\334m\326c\017\014ao[\342\230\003\245\245\3341Hm\326^\017jy\335\261s!\002\364d\217\366\217|\316F\232\231\241\n\261\333`\312O\367\235\025DD\336e\367\n\312\326\221\037\025\230vG0E\002!\000\250\261\242\021\345\376\002\3235\262\365\316\013\261\032\230\234&\376\357\222\272W\237\376\226\232\323\nkw\352\002 \020\227x\215Z\260S\200\275\270\215zt\223e\261\221H\212J\200\244\034G\270\233\325O\374\222;K""; ","validation: """"\200\000\000\000&\000\000\000\002)/\351\252\234:p\210\265\307-\212\200\004Q\032Yt\320\244{g\0306\\302\303*\341\215\223\257\364\277o\375\000r\241SOq\221\253\262\005\017P\027\000\000\000\000\000\000\000\000\000\000\000\000\000\000\000\000\000\000\000\000\000\000\000\000\000\000\000\000\000\000\000\000P\031-}\351f\032\255\274\334m\326c\017\014ao[\342\230\003\245\245\3341Hm\326^\017jy\335\261s!\002\364d\217\366\217|\316F\232\231\241\n\261\333`\312O\367\235\025DD\336e\367\n\312\326\221\037\025\230vG0E\002!\000\250\261\242\021\345\376\002\3235\262\365\316\013\261\032\230\234&\376\357\222\272W\237\376\226\232\323\nkw\352\002 \020\227x\215Z\260S\200\275\270\215zt\223e\261\221H\212J\200\244\034G\270\233\325O\374\222;K""; "
1750527516408,1750527516408,598,1,3,4,TMStatusChange,"newEvent: neACCEPTED_LEDGER; ledgerSeq: 2; ledgerHash: ""\032Yt\320\244{g\0306\\302\303*\341\215\223\257\364\277o\375\000r\241SOq\221\253\262\005\017""; ledgerHashPrevious: ""-}\351f\032\255\274\334m\326c\017\014ao[\342\230\003\245\245\3341Hm\326^\017jy\335\261""; networkTime: 803842716; firstSeq: 1; lastSeq: 1; ","newEvent: neACCEPTED_LEDGER; ledgerSeq: 2; ledgerHash: ""\032Yt\320\244{g\0306\\302\303*\341\215\223\257\364\277o\375\000r\241SOq\221\253\262\005\017""; ledgerHashPrevious: ""-}\351f\032\255\274\334m\326c\017\014ao[\342\230\003\245\245\3341Hm\326^\017jy\335\261""; networkTime: 803842716; firstSeq: 1; lastSeq: 1; "
1750527516408,1750527516409,1571,1,3,1,TMStatusChange,"newEvent: neACCEPTED_LEDGER; ledgerSeq: 2; ledgerHash: ""\032Yt\320\244{g\0306\\302\303*\341\215\223\257\364\277o\375\000r\241SOq\221\253\262\005\017""; ledgerHashPrevious: ""-}\351f\032\255\274\334m\326c\017\014ao[\342\230\003\245\245\3341Hm\326^\017jy\335\261""; networkTime: 803842716; firstSeq: 1; lastSeq: 1; ","newEvent: neACCEPTED_LEDGER; ledgerSeq: 2; ledgerHash: ""\032Yt\320\244{g\0306\\302\303*\341\215\223\257\364\277o\375\000r\241SOq\221\253\262\005\017""; ledgerHashPrevious: ""-}\351f\032\255\274\334m\326c\017\014ao[\342\230\003\245\245\3341Hm\326^\017jy\335\261""; networkTime: 803842716; firstSeq: 1; lastSeq: 1; "
1750527516409,1750527516409,3459,1,3,1,TMValidation,"validation: """"\200\000\000\000&\000\000\000\002)/\351\252\234:p\210\265\307-\212\200\004Q\032Yt\320\244{g\0306\\302\303*\341\215\223\257\364\277o\375\000r\241SOq\221\253\262\005\017P\027\000\000\000\000\000\000\000\000\000\000\000\000\000\000\000\000\000\000\000\000\000\000\000\000\000\000\000\000\000\000\000\000P\031-}\351f\032\255\274\334m\326c\017\014ao[\342\230\003\245\245\3341Hm\326^\017jy\335\261s!\002\364d\217\366\217|\316F\232\231\241\n\261\333`\312O\367\235\025DD\336e\367\n\312\326\221\037\025\230vG0E\002!\000\250\261\242\021\345\376\002\3235\262\365\316\013\261\032\230\234&\376\357\222\272W\237\376\226\232\323\nkw\352\002 \020\227x\215Z\260S\200\275\270\215zt\223e\261\221H\212J\200\244\034G\270\233\325O\374\222;K""; ","validation: """"\200\000\000\000&\000\000\000\002)/\351\252\234:p\210\265\307-\212\200\004Q\032Yt\320\244{g\0306\\302\303*\341\215\223\257\364\277o\375\000r\241SOq\221\253\262\005\017P\027\000\000\000\000\000\000\000\000\000\000\000\000\000\000\000\000\000\000\000\000\000\000\000\000\000\000\000\000\000\000\000\000P\031-}\351f\032\255\274\334m\326c\017\014ao[\342\230\003\245\245\3341Hm\326^\017jy\335\261s!\002\364d\217\366\217|\316F\232\231\241\n\261\333`\312O\367\235\025DD\336e\367\n\312\326\221\037\025\230vG0E\002!\000\250\261\242\021\345\376\002\3235\262\365\316\013\261\032\230\234&\376\357\222\272W\237\376\226\232\323\nkw\352\002 \020\227x\215Z\260S\200\275\270\215zt\223e\261\221H\212J\200\244\034G\270\233\325O\374\222;K""; "
1750527516409,1750527516410,3991,1,3,0,TMStatusChange,"newEvent: neACCEPTED_LEDGER; ledgerSeq: 2; ledgerHash: ""\032Yt\320\244{g\0306\\302\303*\341\215\223\257\364\277o\375\000r\241SOq\221\253\262\005\017""; ledgerHashPrevious: ""-}\351f\032\255\274\334m\326c\017\014ao[\342\230\003\245\245\3341Hm\326^\017jy\335\261""; networkTime: 803842716; firstSeq: 1; lastSeq: 1; ","newEvent: neACCEPTED_LEDGER; ledgerSeq: 2; ledgerHash: ""\032Yt\320\244{g\0306\\302\303*\341\215\223\257\364\277o\375\000r\241SOq\221\253\262\005\017""; ledgerHashPrevious: ""-}\351f\032\255\274\334m\326c\017\014ao[\342\230\003\245\245\3341Hm\326^\017jy\335\261""; networkTime: 803842716; firstSeq: 1; lastSeq: 1; "
1750527516410,1750527516410,1777,1,3,0,TMValidation,"validation: """"\200\000\000\000&\000\000\000\002)/\351\252\234:p\210\265\307-\212\200\004Q\032Yt\320\244{g\0306\\302\303*\341\215\223\257\364\277o\375\000r\241SOq\221\253\262\005\017P\027\000\000\000\000\000\000\000\000\000\000\000\000\000\000\000\000\000\000\000\000\000\000\000\000\000\000\000\000\000\000\000\000P\031-}\351f\032\255\274\334m\326c\017\014ao[\342\230\003\245\245\3341Hm\326^\017jy\335\261s!\002\364d\217\366\217|\316F\232\231\241\n\261\333`\312O\367\235\025DD\336e\367\n\312\326\221\037\025\230vG0E\002!\000\250\261\242\021\345\376\002\3235\262\365\316\013\261\032\230\234&\376\357\222\272W\237\376\226\232\323\nkw\352\002 \020\227x\215Z\260S\200\275\270\215zt\223e\261\221H\212J\200\244\034G\270\233\325O\374\222;K""; ","validation: """"\200\000\000\000&\000\000\000\002)/\351\252\234:p\210\265\307-\212\200\004Q\032Yt\320\244{g\0306\\302\303*\341\215\223\257\364\277o\375\000r\241SOq\221\253\262\005\017P\027\000\000\000\000\000\000\000\000\000\000\000\000\000\000\000\000\000\000\000\000\000\000\000\000\000\000\000\000\000\000\000\000P\031-}\351f\032\255\274\334m\326c\017\014ao[\342\230\003\245\245\3341Hm\326^\017jy\335\261s!\002\364d\217\366\217|\316F\232\231\241\n\261\333`\312O\367\235\025DD\336e\367\n\312\326\221\037\025\230vG0E\002!\000\250\261\242\021\345\376\002\3235\262\365\316\013\261\032\230\234&\376\357\222\272W\237\376\226\232\323\nkw\352\002 \020\227x\215Z\260S\200\275\270\215zt\223e\261\221H\212J\200\244\034G\270\233\325O\374\222;K""; "
1750527516486,1750527516486,1964,1,0,3,TMStatusChange,"newEvent: neACCEPTED_LEDGER; ledgerSeq: 2; ledgerHash: ""\032Yt\320\244{g\0306\\302\303*\341\215\223\257\364\277o\375\000r\241SOq\221\253\262\005\017""; ledgerHashPrevious: ""-}\351f\032\255\274\334m\326c\017\014ao[\342\230\003\245\245\3341Hm\326^\017jy\335\261""; networkTime: 803842716; firstSeq: 1; lastSeq: 1; ","newEvent: neACCEPTED_LEDGER; ledgerSeq: 2; ledgerHash: ""\032Yt\320\244{g\0306\\302\303*\341\215\223\257\364\277o\375\000r\241SOq\221\253\262\005\017""; ledgerHashPrevious: ""-}\351f\032\255\274\334m\326c\017\014ao[\342\230\003\245\245\3341Hm\326^\017jy\335\261""; networkTime: 803842716; firstSeq: 1; lastSeq: 1; "
1750527516487,1750527516487,3422,1,0,3,TMValidation,"validation: """"\200\000\000\000&\000\000\000\002)/\351\252\234:\355<\266\216~aC\027Q\032Yt\320\244{g\0306\\302\303*\341\215\223\257\364\277o\375\000r\241SOq\221\253\262\005\017P\027\000\000\000\000\000\000\000\000\000\000\000\000\000\000\000\000\000\000\000\000\000\000\000\000\000\000\000\000\000\000\000\000P\031-}\351f\032\255\274\334m\326c\017\014ao[\342\230\003\245\245\3341Hm\326^\017jy\335\261s!\002\225aM\037\203M\271C\224]$\245\215\334\264;{{\365%Z\2443U\201\242\320iUc\207\367vG0E\002!\000\211\377I\036\242\256A\351\252\227\317\333\354\301}\240\257\220\272/M\243;\257\356\354\216^\2002\227>\002 lS\305Q\372T\224h\375#\236s\301\031A\266{O\326Q\266\3750\037\252\331~\226\350i\305a""; ","validation: """"\200\000\000\000&\000\000\000\002)/\351\252\234:\355<\266\216~aC\027Q\032Yt\320\244{g\0306\\302\303*\341\215\223\257\364\277o\375\000r\241SOq\221\253\262\005\017P\027\000\000\000\000\000\000\000\000\000\000\000\000\000\000\000\000\000\000\000\000\000\000\000\000\000\000\000\000\000\000\000\000P\031-}\351f\032\255\274\334m\326c\017\014ao[\342\230\003\245\245\3341Hm\326^\017jy\335\261s!\002\225aM\037\203M\271C\224]$\245\215\334\264;{{\365%Z\2443U\201\242\320iUc\207\367vG0E\002!\000\211\377I\036\242\256A\351\252\227\317\333\354\301}\240\257\220\272/M\243;\257\356\354\216^\2002\227>\002 lS\305Q\372T\224h\375#\236s\301\031A\266{O\326Q\266\3750\037\252\331~\226\350i\305a""; "
1750527516487,1750527516487,2261,1,0,1,TMValidation,"validation: """"\200\000\000\000&\000\000\000\002)/\351\252\234:\355<\266\216~aC\027Q\032Yt\320\244{g\0306\\302\303*\341\215\223\257\364\277o\375\000r\241SOq\221\253\262\005\017P\027\000\000\000\000\000\000\000\000\000\000\000\000\000\000\000\000\000\000\000\000\000\000\000\000\000\000\000\000\000\000\000\000P\031-}\351f\032\255\274\334m\326c\017\014ao[\342\230\003\245\245\3341Hm\326^\017jy\335\261s!\002\225aM\037\203M\271C\224]$\245\215\334\264;{{\365%Z\2443U\201\242\320iUc\207\367vG0E\002!\000\211\377I\036\242\256A\351\252\227\317\333\354\301}\240\257\220\272/M\243;\257\356\354\216^\2002\227>\002 lS\305Q\372T\224h\375#\236s\301\031A\266{O\326Q\266\3750\037\252\331~\226\350i\305a""; ","validation: """"\200\000\000\000&\000\000\000\002)/\351\252\234:\355<\266\216~aC\027Q\032Yt\320\244{g\0306\\302\303*\341\215\223\257\364\277o\375\000r\241SOq\221\253\262\005\017P\027\000\000\000\000\000\000\000\000\000\000\000\000\000\000\000\000\000\000\000\000\000\000\000\000\000\000\000\000\000\000\000\000P\031-}\351f\032\255\274\334m\326c\017\014ao[\342\230\003\245\245\3341Hm\326^\017jy\335\261s!\002\225aM\037\203M\271C\224]$\245\215\334\264;{{\365%Z\2443U\201\242\320iUc\207\367vG0E\002!\000\211\377I\036\242\256A\351\252\227\317\333\354\301}\240\257\220\272/M\243;\257\356\354\216^\2002\227>\002 lS\305Q\372T\224h\375#\236s\301\031A\266{O\326Q\266\3750\037\252\331~\226\350i\305a""; "
1750527516488,1750527516488,782,1,0,4,TMValidation,"validation: """"\200\000\000\000&\000\000\000\002)/\351\252\234:\355<\266\216~aC\027Q\032Yt\320\244{g\0306\\302\303*\341\215\223\257\364\277o\375\000r\241SOq\221\253\262\005\017P\027\000\000\000\000\000\000\000\000\000\000\000\000\000\000\000\000\000\000\000\000\000\000\000\000\000\000\000\000\000\000\000\000P\031-}\351f\032\255\274\334m\326c\017\014ao[\342\230\003\245\245\3341Hm\326^\017jy\335\261s!\002\225aM\037\203M\271C\224]$\245\215\334\264;{{\365%Z\2443U\201\242\320iUc\207\367vG0E\002!\000\211\377I\036\242\256A\351\252\227\317\333\354\301}\240\257\220\272/M\243;\257\356\354\216^\2002\227>\002 lS\305Q\372T\224h\375#\236s\301\031A\266{O\326Q\266\3750\037\252\331~\226\350i\305a""; ","validation: """"\200\000\000\000&\000\000\000\002)/\351\252\234:\355<\266\216~aC\027Q\032Yt\320\244{g\0306\\302\303*\341\215\223\257\364\277o\375\000r\241SOq\221\253\262\005\017P\027\000\000\000\000\000\000\000\000\000\000\000\000\000\000\000\000\000\000\000\000\000\000\000\000\000\000\000\000\000\000\000\000P\031-}\351f\032\255\274\334m\326c\017\014ao[\342\230\003\245\245\3341Hm\326^\017jy\335\261s!\002\225aM\037\203M\271C\224]$\245\215\334\264;{{\365%Z\2443U\201\242\320iUc\207\367vG0E\002!\000\211\377I\036\242\256A\351\252\227\317\333\354\301}\240\257\220\272/M\243;\257\356\354\216^\2002\227>\002 lS\305Q\372T\224h\375#\236s\301\031A\266{O\326Q\266\3750\037\252\331~\226\350i\305a""; "
1750527516488,1750527516488,3904,1,0,4,TMStatusChange,"newEvent: neACCEPTED_LEDGER; ledgerSeq: 2; ledgerHash: ""\032Yt\320\244{g\0306\\302\303*\341\215\223\257\364\277o\375\000r\241SOq\221\253\262\005\017""; ledgerHashPrevious: ""-}\351f\032\255\274\334m\326c\017\014ao[\342\230\003\245\245\3341Hm\326^\017jy\335\261""; networkTime: 803842716; firstSeq: 1; lastSeq: 1; ","newEvent: neACCEPTED_LEDGER; ledgerSeq: 2; ledgerHash: ""\032Yt\320\244{g\0306\\302\303*\341\215\223\257\364\277o\375\000r\241SOq\221\253\262\005\017""; ledgerHashPrevious: ""-}\351f\032\255\274\334m\326c\017\014ao[\342\230\003\245\245\3341Hm\326^\017jy\335\261""; networkTime: 803842716; firstSeq: 1; lastSeq: 1; "
1750527516489,1750527516489,1249,1,0,1,TMStatusChange,"newEvent: neACCEPTED_LEDGER; ledgerSeq: 2; ledgerHash: ""\032Yt\320\244{g\0306\\302\303*\341\215\223\257\364\277o\375\000r\241SOq\221\253\262\005\017""; ledgerHashPrevious: ""-}\351f\032\255\274\334m\326c\017\014ao[\342\230\003\245\245\3341Hm\326^\017jy\335\261""; networkTime: 803842716; firstSeq: 1; lastSeq: 1; ","newEvent: neACCEPTED_LEDGER; ledgerSeq: 2; ledgerHash: ""\032Yt\320\244{g\0306\\302\303*\341\215\223\257\364\277o\375\000r\241SOq\221\253\262\005\017""; ledgerHashPrevious: ""-}\351f\032\255\274\334m\326c\017\014ao[\342\230\003\245\245\3341Hm\326^\017jy\335\261""; networkTime: 803842716; firstSeq: 1; lastSeq: 1; "
1750527516490,1750527516490,1933,1,0,2,TMValidation,"validation: """"\200\000\000\000&\000\000\000\002)/\351\252\234:\355<\266\216~aC\027Q\032Yt\320\244{g\0306\\302\303*\341\215\223\257\364\277o\375\000r\241SOq\221\253\262\005\017P\027\000\000\000\000\000\000\000\000\000\000\000\000\000\000\000\000\000\000\000\000\000\000\000\000\000\000\000\000\000\000\000\000P\031-}\351f\032\255\274\334m\326c\017\014ao[\342\230\003\245\245\3341Hm\326^\017jy\335\261s!\002\225aM\037\203M\271C\224]$\245\215\334\264;{{\365%Z\2443U\201\242\320iUc\207\367vG0E\002!\000\211\377I\036\242\256A\351\252\227\317\333\354\301}\240\257\220\272/M\243;\257\356\354\216^\2002\227>\002 lS\305Q\372T\224h\375#\236s\301\031A\266{O\326Q\266\3750\037\252\331~\226\350i\305a""; ","validation: """"\200\000\000\000&\000\000\000\002)/\351\252\234:\355<\266\216~aC\027Q\032Yt\320\244{g\0306\\302\303*\341\215\223\257\364\277o\375\000r\241SOq\221\253\262\005\017P\027\000\000\000\000\000\000\000\000\000\000\000\000\000\000\000\000\000\000\000\000\000\000\000\000\000\000\000\000\000\000\000\000P\031-}\351f\032\255\274\334m\326c\017\014ao[\342\230\003\245\245\3341Hm\326^\017jy\335\261s!\002\225aM\037\203M\271C\224]$\245\215\334\264;{{\365%Z\2443U\201\242\320iUc\207\367vG0E\002!\000\211\377I\036\242\256A\351\252\227\317\333\354\301}\240\257\220\272/M\243;\257\356\354\216^\2002\227>\002 lS\305Q\372T\224h\375#\236s\301\031A\266{O\326Q\266\3750\037\252\331~\226\350i\305a""; "
1750527516490,1750527516490,2179,1,0,2,TMStatusChange,"newEvent: neACCEPTED_LEDGER; ledgerSeq: 2; ledgerHash: ""\032Yt\320\244{g\0306\\302\303*\341\215\223\257\364\277o\375\000r\241SOq\221\253\262\005\017""; ledgerHashPrevious: ""-}\351f\032\255\274\334m\326c\017\014ao[\342\230\003\245\245\3341Hm\326^\017jy\335\261""; networkTime: 803842716; firstSeq: 1; lastSeq: 1; ","newEvent: neACCEPTED_LEDGER; ledgerSeq: 2; ledgerHash: ""\032Yt\320\244{g\0306\\302\303*\341\215\223\257\364\277o\375\000r\241SOq\221\253\262\005\017""; ledgerHashPrevious: ""-}\351f\032\255\274\334m\326c\017\014ao[\342\230\003\245\245\3341Hm\326^\017jy\335\261""; networkTime: 803842716; firstSeq: 1; lastSeq: 1; "
1750527516550,1750527516550,3620,1,4,3,TMValidation,"validation: """"\200\000\000\000&\000\000\000\002)/\351\252\234:\r\302\353\023?\373\240rQ\032Yt\320\244{g\0306\\302\303*\341\215\223\257\364\277o\375\000r\241SOq\221\253\262\005\017P\027\000\000\000\000\000\000\000\000\000\000\000\000\000\000\000\000\000\000\000\000\000\000\000\000\000\000\000\000\000\000\000\000P\031-}\351f\032\255\274\334m\326c\017\014ao[\342\230\003\245\245\3341Hm\326^\017jy\335\261s!\003R7o\362bV\300hf\266\241;}\200^\374\240\203[:\342Q\225\221\027y\372\255\235\216\323~vG0E\002!\000\3075%R\317\007\346\373T\221\026\264\233\303\303\320\304\310z\001""D\372O\243\025\327\364\351<\264\020\002 \024\r1\262\305\277\036n\337\2318\254@o\363\251u\316g\223\007U\221\335\214W\2556T\010?\314""; ","validation: """"\200\000\000\000&\000\000\000\002)/\351\252\234:\r\302\353\023?\373\240rQ\032Yt\320\244{g\0306\\302\303*\341\215\223\257\364\277o\375\000r\241SOq\221\253\262\005\017P\027\000\000\000\000\000\000\000\000\000\000\000\000\000\000\000\000\000\000\000\000\000\000\000\000\000\000\000\000\000\000\000\000P\031-}\351f\032\255\274\334m\326c\017\014ao[\342\230\003\245\245\3341Hm\326^\017jy\335\261s!\003R7o\362bV\300hf\266\241;}\200^\374\240\203[:\342Q\225\221\027y\372\255\235\216\323~vG0E\002!\000\3075%R\317\007\346\373T\221\026\264\233\303\303\320\304\310z\001""D\372O\243\025\327\364\351<\264\020\002 \024\r1\262\305\277\036n\337\2318\254@o\363\251u\316g\223\007U\221\335\214W\2556T\010?\314""; "
1750527516551,1750527516551,3346,1,4,2,TMStatusChange,"newEvent: neACCEPTED_LEDGER; ledgerSeq: 2; ledgerHash: ""\032Yt\320\244{g\0306\\302\303*\341\215\223\257\364\277o\375\000r\241SOq\221\253\262\005\017""; ledgerHashPrevious: ""-}\351f\032\255\274\334m\326c\017\014ao[\342\230\003\245\245\3341Hm\326^\017jy\335\261""; networkTime: 803842716; firstSeq: 1; lastSeq: 1; ","newEvent: neACCEPTED_LEDGER; ledgerSeq: 2; ledgerHash: ""\032Yt\320\244{g\0306\\302\303*\341\215\223\257\364\277o\375\000r\241SOq\221\253\262\005\017""; ledgerHashPrevious: ""-}\351f\032\255\274\334m\326c\017\014ao[\342\230\003\245\245\3341Hm\326^\017jy\335\261""; networkTime: 803842716; firstSeq: 1; lastSeq: 1; "
1750527516551,1750527516551,3403,1,4,3,TMStatusChange,"newEvent: neACCEPTED_LEDGER; ledgerSeq: 2; ledgerHash: ""\032Yt\320\244{g\0306\\302\303*\341\215\223\257\364\277o\375\000r\241SOq\221\253\262\005\017""; ledgerHashPrevious: ""-}\351f\032\255\274\334m\326c\017\014ao[\342\230\003\245\245\3341Hm\326^\017jy\335\261""; networkTime: 803842716; firstSeq: 1; lastSeq: 1; ","newEvent: neACCEPTED_LEDGER; ledgerSeq: 2; ledgerHash: ""\032Yt\320\244{g\0306\\302\303*\341\215\223\257\364\277o\375\000r\241SOq\221\253\262\005\017""; ledgerHashPrevious: ""-}\351f\032\255\274\334m\326c\017\014ao[\342\230\003\245\245\3341Hm\326^\017jy\335\261""; networkTime: 803842716; firstSeq: 1; lastSeq: 1; "
1750527516552,1750527516552,3803,1,4,1,TMValidation,"validation: """"\200\000\000\000&\000\000\000\002)/\351\252\234:\r\302\353\023?\373\240rQ\032Yt\320\244{g\0306\\302\303*\341\215\223\257\364\277o\375\000r\241SOq\221\253\262\005\017P\027\000\000\000\000\000\000\000\000\000\000\000\000\000\000\000\000\000\000\000\000\000\000\000\000\000\000\000\000\000\000\000\000P\031-}\351f\032\255\274\334m\326c\017\014ao[\342\230\003\245\245\3341Hm\326^\017jy\335\261s!\003R7o\362bV\300hf\266\241;}\200^\374\240\203[:\342Q\225\221\027y\372\255\235\216\323~vG0E\002!\000\3075%R\317\007\346\373T\221\026\264\233\303\303\320\304\310z\001""D\372O\243\025\327\364\351<\264\020\002 \024\r1\262\305\277\036n\337\2318\254@o\363\251u\316g\223\007U\221\335\214W\2556T\010?\314""; ","validation: """"\200\000\000\000&\000\000\000\002)/\351\252\234:\r\302\353\023?\373\240rQ\032Yt\320\244{g\0306\\302\303*\341\215\223\257\364\277o\375\000r\241SOq\221\253\262\005\017P\027\000\000\000\000\000\000\000\000\000\000\000\000\000\000\000\000\000\000\000\000\000\000\000\000\000\000\000\000\000\000\000\000P\031-}\351f\032\255\274\334m\326c\017\014ao[\342\230\003\245\245\3341Hm\326^\017jy\335\261s!\003R7o\362bV\300hf\266\241;}\200^\374\240\203[:\342Q\225\221\027y\372\255\235\216\323~vG0E\002!\000\3075%R\317\007\346\373T\221\026\264\233\303\303\320\304\310z\001""D\372O\243\025\327\364\351<\264\020\002 \024\r1\262\305\277\036n\337\2318\254@o\363\251u\316g\223\007U\221\335\214W\2556T\010?\314""; "
1750527516552,1750527516552,783,1,4,2,TMValidation,"validation: """"\200\000\000\000&\000\000\000\002)/\351\252\234:\r\302\353\023?\373\240rQ\032Yt\320\244{g\0306\\302\303*\341\215\223\257\364\277o\375\000r\241SOq\221\253\262\005\017P\027\000\000\000\000\000\000\000\000\000\000\000\000\000\000\000\000\000\000\000\000\000\000\000\000\000\000\000\000\000\000\000\000P\031-}\351f\032\255\274\334m\326c\017\014ao[\342\230\003\245\245\3341Hm\326^\017jy\335\261s!\003R7o\362bV\300hf\266\241;}\200^\374\240\203[:\342Q\225\221\027y\372\255\235\216\323~vG0E\002!\000\3075%R\317\007\346\373T\221\026\264\233\303\303\320\304\310z\001""D\372O\243\025\327\364\351<\264\020\002 \024\r1\262\305\277\036n\337\2318\254@o\363\251u\316g\223\007U\221\335\214W\2556T\010?\314""; ","validation: """"\200\000\000\000&\000\000\000\002)/\351\252\234:\r\302\353\023?\373\240rQ\032Yt\320\244{g\0306\\302\303*\341\215\223\257\364\277o\375\000r\241SOq\221\253\262\005\017P\027\000\000\000\000\000\000\000\000\000\000\000\000\000\000\000\000\000\000\000\000\000\000\000\000\000\000\000\000\000\000\000\000P\031-}\351f\032\255\274\334m\326c\017\014ao[\342\230\003\245\245\3341Hm\326^\017jy\335\261s!\003R7o\362bV\300hf\266\241;}\200^\374\240\203[:\342Q\225\221\027y\372\255\235\216\323~vG0E\002!\000\3075%R\317\007\346\373T\221\026\264\233\303\303\320\304\310z\001""D\372O\243\025\327\364\351<\264\020\002 \024\r1\262\305\277\036n\337\2318\254@o\363\251u\316g\223\007U\221\335\214W\2556T\010?\314""; "
1750527516554,1750527516554,832,1,4,0,TMStatusChange,"newEvent: neACCEPTED_LEDGER; ledgerSeq: 2; ledgerHash: ""\032Yt\320\244{g\0306\\302\303*\341\215\223\257\364\277o\375\000r\241SOq\221\253\262\005\017""; ledgerHashPrevious: ""-}\351f\032\255\274\334m\326c\017\014ao[\342\230\003\245\245\3341Hm\326^\017jy\335\261""; networkTime: 803842716; firstSeq: 1; lastSeq: 1; ","newEvent: neACCEPTED_LEDGER; ledgerSeq: 2; ledgerHash: ""\032Yt\320\244{g\0306\\302\303*\341\215\223\257\364\277o\375\000r\241SOq\221\253\262\005\017""; ledgerHashPrevious: ""-}\351f\032\255\274\334m\326c\017\014ao[\342\230\003\245\245\3341Hm\326^\017jy\335\261""; networkTime: 803842716; firstSeq: 1; lastSeq: 1; "
1750527516554,1750527516555,803,1,4,1,TMStatusChange,"newEvent: neACCEPTED_LEDGER; ledgerSeq: 2; ledgerHash: ""\032Yt\320\244{g\0306\\302\303*\341\215\223\257\364\277o\375\000r\241SOq\221\253\262\005\017""; ledgerHashPrevious: ""-}\351f\032\255\274\334m\326c\017\014ao[\342\230\003\245\245\3341Hm\326^\017jy\335\261""; networkTime: 803842716; firstSeq: 1; lastSeq: 1; ","newEvent: neACCEPTED_LEDGER; ledgerSeq: 2; ledgerHash: ""\032Yt\320\244{g\0306\\302\303*\341\215\223\257\364\277o\375\000r\241SOq\221\253\262\005\017""; ledgerHashPrevious: ""-}\351f\032\255\274\334m\326c\017\014ao[\342\230\003\245\245\3341Hm\326^\017jy\335\261""; networkTime: 803842716; firstSeq: 1; lastSeq: 1; "
1750527516555,1750527516555,1740,1,4,0,TMValidation,"validation: """"\200\000\000\000&\000\000\000\002)/\351\252\234:\r\302\353\023?\373\240rQ\032Yt\320\244{g\0306\\302\303*\341\215\223\257\364\277o\375\000r\241SOq\221\253\262\005\017P\027\000\000\000\000\000\000\000\000\000\000\000\000\000\000\000\000\000\000\000\000\000\000\000\000\000\000\000\000\000\000\000\000P\031-}\351f\032\255\274\334m\326c\017\014ao[\342\230\003\245\245\3341Hm\326^\017jy\335\261s!\003R7o\362bV\300hf\266\241;}\200^\374\240\203[:\342Q\225\221\027y\372\255\235\216\323~vG0E\002!\000\3075%R\317\007\346\373T\221\026\264\233\303\303\320\304\310z\001""D\372O\243\025\327\364\351<\264\020\002 \024\r1\262\305\277\036n\337\2318\254@o\363\251u\316g\223\007U\221\335\214W\2556T\010?\314""; ","validation: """"\200\000\000\000&\000\000\000\002)/\351\252\234:\r\302\353\023?\373\240rQ\032Yt\320\244{g\0306\\302\303*\341\215\223\257\364\277o\375\000r\241SOq\221\253\262\005\017P\027\000\000\000\000\000\000\000\000\000\000\000\000\000\000\000\000\000\000\000\000\000\000\000\000\000\000\000\000\000\000\000\000P\031-}\351f\032\255\274\334m\326c\017\014ao[\342\230\003\245\245\3341Hm\326^\017jy\335\261s!\003R7o\362bV\300hf\266\241;}\200^\374\240\203[:\342Q\225\221\027y\372\255\235\216\323~vG0E\002!\000\3075%R\317\007\346\373T\221\026\264\233\303\303\320\304\310z\001""D\372O\243\025\327\364\351<\264\020\002 \024\r1\262\305\277\036n\337\2318\254@o\363\251u\316g\223\007U\221\335\214W\2556T\010?\314""; "
1750527516570,1750527516570,3446,1,2,4,TMStatusChange,"newEvent: neACCEPTED_LEDGER; ledgerSeq: 2; ledgerHash: ""\032Yt\320\244{g\0306\\302\303*\341\215\223\257\364\277o\375\000r\241SOq\221\253\262\005\017""; ledgerHashPrevious: ""-}\351f\032\255\274\334m\326c\017\014ao[\342\230\003\245\245\3341Hm\326^\017jy\335\261""; networkTime: 803842716; firstSeq: 1; lastSeq: 1; ","newEvent: neACCEPTED_LEDGER; ledgerSeq: 2; ledgerHash: ""\032Yt\320\244{g\0306\\302\303*\341\215\223\257\364\277o\375\000r\241SOq\221\253\262\005\017""; ledgerHashPrevious: ""-}\351f\032\255\274\334m\326c\017\014ao[\342\230\003\245\245\3341Hm\326^\017jy\335\261""; networkTime: 803842716; firstSeq: 1; lastSeq: 1; "
1750527516572,1750527516572,593,1,2,3,TMStatusChange,"newEvent: neACCEPTED_LEDGER; ledgerSeq: 2; ledgerHash: ""\032Yt\320\244{g\0306\\302\303*\341\215\223\257\364\277o\375\000r\241SOq\221\253\262\005\017""; ledgerHashPrevious: ""-}\351f\032\255\274\334m\326c\017\014ao[\342\230\003\245\245\3341Hm\326^\017jy\335\261""; networkTime: 803842716; firstSeq: 1; lastSeq: 1; ","newEvent: neACCEPTED_LEDGER; ledgerSeq: 2; ledgerHash: ""\032Yt\320\244{g\0306\\302\303*\341\215\223\257\364\277o\375\000r\241SOq\221\253\262\005\017""; ledgerHashPrevious: ""-}\351f\032\255\274\334m\326c\017\014ao[\342\230\003\245\245\3341Hm\326^\017jy\335\261""; networkTime: 803842716; firstSeq: 1; lastSeq: 1; "
1750527516572,1750527516572,3128,1,2,4,TMValidation,"validation: """"\200\000\000\000&\000\000\000\002)/\351\252\234:g\237X\336\3531\020\010Q\032Yt\320\244{g\0306\\302\303*\341\215\223\257\364\277o\375\000r\241SOq\221\253\262\005\017P\027\000\000\000\000\000\000\000\000\000\000\000\000\000\000\000\000\000\000\000\000\000\000\000\000\000\000\000\000\000\000\000\000P\031-}\351f\032\255\274\334m\326c\017\014ao[\342\230\003\245\245\3341Hm\326^\017jy\335\261s!\003\255\225A\213\332\224ehh\024BDq\224\250\335`\355\353{\357\266\335<\021\032\265\177\206\356&\215vG0E\002!\000\356\332\216\246B!2;\361\207\240\215\216\3214\037\374G\032\312\013\371\276\301*\311\320Z@9d!\002 \016\t\206\211\211\375\300\266\230\263\237q\307\360#\343\341s\305m\211j\305""\377\301;\327\213(v\357""; ","validation: """"\200\000\000\000&\000\000\000\002)/\351\252\234:g\237X\336\3531\020\010Q\032Yt\320\244{g\0306\\302\303*\341\215\223\257\364\277o\375\000r\241SOq\221\253\262\005\017P\027\000\000\000\000\000\000\000\000\000\000\000\000\000\000\000\000\000\000\000\000\000\000\000\000\000\000\000\000\000\000\000\000P\031-}\351f\032\255\274\334m\326c\017\014ao[\342\230\003\245\245\3341Hm\326^\017jy\335\261s!\003\255\225A\213\332\224ehh\024BDq\224\250\335`\355\353{\357\266\335<\021\032\265\177\206\356&\215vG0E\002!\000\356\332\216\246B!2;\361\207\240\215\216\3214\037\374G\032\312\013\371\276\301*\311\320Z@9d!\002 \016\t\206\211\211\375\300\266\230\263\237q\307\360#\343\341s\305m\211j\305""\377\301;\327\213(v\357""; "
1750527516573,1750527516573,723,1,2,3,TMValidation,"validation: """"\200\000\000\000&\000\000\000\002)/\351\252\234:g\237X\336\3531\020\010Q\032Yt\320\244{g\0306\\302\303*\341\215\223\257\364\277o\375\000r\241SOq\221\253\262\005\017P\027\000\000\000\000\000\000\000\000\000\000\000\000\000\000\000\000\000\000\000\000\000\000\000\000\000\000\000\000\000\000\000\000P\031-}\351f\032\255\274\334m\326c\017\014ao[\342\230\003\245\245\3341Hm\326^\017jy\335\261s!\003\255\225A\213\332\224ehh\024BDq\224\250\335`\355\353{\357\266\335<\021\032\265\177\206\356&\215vG0E\002!\000\356\332\216\246B!2;\361\207\240\215\216\3214\037\374G\032\312\013\371\276\301*\311\320Z@9d!\002 \016\t\206\211\211\375\300\266\230\263\237q\307\360#\343\341s\305m\211j\305""\377\301;\327\213(v\357""; ","validation: """"\200\000\000\000&\000\000\000\002)/\351\252\234:g\237X\336\3531\020\010Q\032Yt\320\244{g\0306\\302\303*\341\215\223\257\364\277o\375\000r\241SOq\221\253\262\005\017P\027\000\000\000\000\000\000\000\000\000\000\000\000\000\000\000\000\000\000\000\000\000\000\000\000\000\000\000\000\000\000\000\000P\031-}\351f\032\255\274\334m\326c\017\014ao[\342\230\003\245\245\3341Hm\326^\017jy\335\261s!\003\255\225A\213\332\224ehh\024BDq\224\250\335`\355\353{\357\266\335<\021\032\265\177\206\356&\215vG0E\002!\000\356\332\216\246B!2;\361\207\240\215\216\3214\037\374G\032\312\013\371\276\301*\311\320Z@9d!\002 \016\t\206\211\211\375\300\266\230\263\237q\307\360#\343\341s\305m\211j\305""\377\301;\327\213(v\357""; "
1750527516573,1750527516573,446,1,2,0,TMValidation,"validation: """"\200\000\000\000&\000\000\000\002)/\351\252\234:g\237X\336\3531\020\010Q\032Yt\320\244{g\0306\\302\303*\341\215\223\257\364\277o\375\000r\241SOq\221\253\262\005\017P\027\000\000\000\000\000\000\000\000\000\000\000\000\000\000\000\000\000\000\000\000\000\000\000\000\000\000\000\000\000\000\000\000P\031-}\351f\032\255\274\334m\326c\017\014ao[\342\230\003\245\245\3341Hm\326^\017jy\335\261s!\003\255\225A\213\332\224ehh\024BDq\224\250\335`\355\353{\357\266\335<\021\032\265\177\206\356&\215vG0E\002!\000\356\332\216\246B!2;\361\207\240\215\216\3214\037\374G\032\312\013\371\276\301*\311\320Z@9d!\002 \016\t\206\211\211\375\300\266\230\263\237q\307\360#\343\341s\305m\211j\305""\377\301;\327\213(v\357""; ","validation: """"\200\000\000\000&\000\000\000\002)/\351\252\234:g\237X\336\3531\020\010Q\032Yt\320\244{g\0306\\302\303*\341\215\223\257\364\277o\375\000r\241SOq\221\253\262\005\017P\027\000\000\000\000\000\000\000\000\000\000\000\000\000\000\000\000\000\000\000\000\000\000\000\000\000\000\000\000\000\000\000\000P\031-}\351f\032\255\274\334m\326c\017\014ao[\342\230\003\245\245\3341Hm\326^\017jy\335\261s!\003\255\225A\213\332\224ehh\024BDq\224\250\335`\355\353{\357\266\335<\021\032\265\177\206\356&\215vG0E\002!\000\356\332\216\246B!2;\361\207\240\215\216\3214\037\374G\032\312\013\371\276\301*\311\320Z@9d!\002 \016\t\206\211\211\375\300\266\230\263\237q\307\360#\343\341s\305m\211j\305""\377\301;\327\213(v\357""; "
1750527516574,1750527516574,679,1,2,0,TMStatusChange,"newEvent: neACCEPTED_LEDGER; ledgerSeq: 2; ledgerHash: ""\032Yt\320\244{g\0306\\302\303*\341\215\223\257\364\277o\375\000r\241SOq\221\253\262\005\017""; ledgerHashPrevious: ""-}\351f\032\255\274\334m\326c\017\014ao[\342\230\003\245\245\3341Hm\326^\017jy\335\261""; networkTime: 803842716; firstSeq: 1; lastSeq: 1; ","newEvent: neACCEPTED_LEDGER; ledgerSeq: 2; ledgerHash: ""\032Yt\320\244{g\0306\\302\303*\341\215\223\257\364\277o\375\000r\241SOq\221\253\262\005\017""; ledgerHashPrevious: ""-}\351f\032\255\274\334m\326c\017\014ao[\342\230\003\245\245\3341Hm\326^\017jy\335\261""; networkTime: 803842716; firstSeq: 1; lastSeq: 1; "
1750527516574,1750527516574,340,1,2,1,TMValidation,"validation: """"\200\000\000\000&\000\000\000\002)/\351\252\234:g\237X\336\3531\020\010Q\032Yt\320\244{g\0306\\302\303*\341\215\223\257\364\277o\375\000r\241SOq\221\253\262\005\017P\027\000\000\000\000\000\000\000\000\000\000\000\000\000\000\000\000\000\000\000\000\000\000\000\000\000\000\000\000\000\000\000\000P\031-}\351f\032\255\274\334m\326c\017\014ao[\342\230\003\245\245\3341Hm\326^\017jy\335\261s!\003\255\225A\213\332\224ehh\024BDq\224\250\335`\355\353{\357\266\335<\021\032\265\177\206\356&\215vG0E\002!\000\356\332\216\246B!2;\361\207\240\215\216\3214\037\374G\032\312\013\371\276\301*\311\320Z@9d!\002 \016\t\206\211\211\375\300\266\230\263\237q\307\360#\343\341s\305m\211j\305""\377\301;\327\213(v\357""; ","validation: """"\200\000\000\000&\000\000\000\002)/\351\252\234:g\237X\336\3531\020\010Q\032Yt\320\244{g\0306\\302\303*\341\215\223\257\364\277o\375\000r\241SOq\221\253\262\005\017P\027\000\000\000\000\000\000\000\000\000\000\000\000\000\000\000\000\000\000\000\000\000\000\000\000\000\000\000\000\000\000\000\000P\031-}\351f\032\255\274\334m\326c\017\014ao[\342\230\003\245\245\3341Hm\326^\017jy\335\261s!\003\255\225A\213\332\224ehh\024BDq\224\250\335`\355\353{\357\266\335<\021\032\265\177\206\356&\215vG0E\002!\000\356\332\216\246B!2;\361\207\240\215\216\3214\037\374G\032\312\013\371\276\301*\311\320Z@9d!\002 \016\t\206\211\211\375\300\266\230\263\237q\307\360#\343\341s\305m\211j\305""\377\301;\327\213(v\357""; "
1750527516574,1750527516574,1536,1,2,1,TMStatusChange,"newEvent: neACCEPTED_LEDGER; ledgerSeq: 2; ledgerHash: ""\032Yt\320\244{g\0306\\302\303*\341\215\223\257\364\277o\375\000r\241SOq\221\253\262\005\017""; ledgerHashPrevious: ""-}\351f\032\255\274\334m\326c\017\014ao[\342\230\003\245\245\3341Hm\326^\017jy\335\261""; networkTime: 803842716; firstSeq: 1; lastSeq: 1; ","newEvent: neACCEPTED_LEDGER; ledgerSeq: 2; ledgerHash: ""\032Yt\320\244{g\0306\\302\303*\341\215\223\257\364\277o\375\000r\241SOq\221\253\262\005\017""; ledgerHashPrevious: ""-}\351f\032\255\274\334m\326c\017\014ao[\342\230\003\245\245\3341Hm\326^\017jy\335\261""; networkTime: 803842716; firstSeq: 1; lastSeq: 1; "
1750527516636,1750527516636,3322,1,1,3,TMStatusChange,"newEvent: neACCEPTED_LEDGER; ledgerSeq: 2; ledgerHash: ""\032Yt\320\244{g\0306\\302\303*\341\215\223\257\364\277o\375\000r\241SOq\221\253\262\005\017""; ledgerHashPrevious: ""-}\351f\032\255\274\334m\326c\017\014ao[\342\230\003\245\245\3341Hm\326^\017jy\335\261""; networkTime: 803842716; firstSeq: 1; lastSeq: 1; ","newEvent: neACCEPTED_LEDGER; ledgerSeq: 2; ledgerHash: ""\032Yt\320\244{g\0306\\302\303*\341\215\223\257\364\277o\375\000r\241SOq\221\253\262\005\017""; ledgerHashPrevious: ""-}\351f\032\255\274\334m\326c\017\014ao[\342\230\003\245\245\3341Hm\326^\017jy\335\261""; networkTime: 803842716; firstSeq: 1; lastSeq: 1; "
1750527516637,1750527516637,3746,1,1,4,TMValidation,"validation: """"\200\000\000\000&\000\000\000\002)/\351\252\234:\303`\246;Q\203[_Q\032Yt\320\244{g\0306\\302\303*\341\215\223\257\364\277o\375\000r\241SOq\221\253\262\005\017P\027\000\000\000\000\000\000\000\000\000\000\000\000\000\000\000\000\000\000\000\000\000\000\000\000\000\000\000\000\000\000\000\000P\031-}\351f\032\255\274\334m\326c\017\014ao[\342\230\003\245\245\3341Hm\326^\017jy\335\261s!\002\266\377\271\344:\030\221i\267\257\215\237M\014\3345f\014\273|\207\367\334\337F\325\004cxB\211LvG0E\002!\000\247,\235\324\260 \375\303Uzw\374\020Ok.\213\010#\003\263}}\340\3054\211\032\260\347w\315\002 8\016p\250-\371\014\035\351 cm\326\377\261\242\200cB\337\254\343\223\260\325@\323\331\264\351#\374""; ","validation: """"\200\000\000\000&\000\000\000\002)/\351\252\234:\303`\246;Q\203[_Q\032Yt\320\244{g\0306\\302\303*\341\215\223\257\364\277o\375\000r\241SOq\221\253\262\005\017P\027\000\000\000\000\000\000\000\000\000\000\000\000\000\000\000\000\000\000\000\000\000\000\000\000\000\000\000\000\000\000\000\000P\031-}\351f\032\255\274\334m\326c\017\014ao[\342\230\003\245\245\3341Hm\326^\017jy\335\261s!\002\266\377\271\344:\030\221i\267\257\215\237M\014\3345f\014\273|\207\367\334\337F\325\004cxB\211LvG0E\002!\000\247,\235\324\260 \375\303Uzw\374\020Ok.\213\010#\003\263}}\340\3054\211\032\260\347w\315\002 8\016p\250-\371\014\035\351 cm\326\377\261\242\200cB\337\254\343\223\260\325@\323\331\264\351#\374""; "
1750527516637,1750527516637,1311,1,1,3,TMValidation,"validation: """"\200\000\000\000&\000\000\000\002)/\351\252\234:\303`\246;Q\203[_Q\032Yt\320\244{g\0306\\302\303*\341\215\223\257\364\277o\375\000r\241SOq\221\253\262\005\017P\027\000\000\000\000\000\000\000\000\000\000\000\000\000\000\000\000\000\000\000\000\000\000\000\000\000\000\000\000\000\000\000\000P\031-}\351f\032\255\274\334m\326c\017\014ao[\342\230\003\245\245\3341Hm\326^\017jy\335\261s!\002\266\377\271\344:\030\221i\267\257\215\237M\014\3345f\014\273|\207\367\334\337F\325\004cxB\211LvG0E\002!\000\247,\235\324\260 \375\303Uzw\374\020Ok.\213\010#\003\263}}\340\3054\211\032\260\347w\315\002 8\016p\250-\371\014\035\351 cm\326\377\261\242\200cB\337\254\343\223\260\325@\323\331\264\351#\374""; ","validation: """"\200\000\000\000&\000\000\000\002)/\351\252\234:\303`\246;Q\203[_Q\032Yt\320\244{g\0306\\302\303*\341\215\223\257\364\277o\375\000r\241SOq\221\253\262\005\017P\027\000\000\000\000\000\000\000\000\000\000\000\000\000\000\000\000\000\000\000\000\000\000\000\000\000\000\000\000\000\000\000\000P\031-}\351f\032\255\274\334m\326c\017\014ao[\342\230\003\245\245\3341Hm\326^\017jy\335\261s!\002\266\377\271\344:\030\221i\267\257\215\237M\014\3345f\014\273|\207\367\334\337F\325\004cxB\211LvG0E\002!\000\247,\235\324\260 \375\303Uzw\374\020Ok.\213\010#\003\263}}\340\3054\211\032\260\347w\315\002 8\016p\250-\371\014\035\351 cm\326\377\261\242\200cB\337\254\343\223\260\325@\323\331\264\351#\374""; "
1750527516637,1750527516638,1961,1,1,4,TMStatusChange,"newEvent: neACCEPTED_LEDGER; ledgerSeq: 2; ledgerHash: ""\032Yt\320\244{g\0306\\302\303*\341\215\223\257\364\277o\375\000r\241SOq\221\253\262\005\017""; ledgerHashPrevious: ""-}\351f\032\255\274\334m\326c\017\014ao[\342\230\003\245\245\3341Hm\326^\017jy\335\261""; networkTime: 803842716; firstSeq: 1; lastSeq: 1; ","newEvent: neACCEPTED_LEDGER; ledgerSeq: 2; ledgerHash: ""\032Yt\320\244{g\0306\\302\303*\341\215\223\257\364\277o\375\000r\241SOq\221\253\262\005\017""; ledgerHashPrevious: ""-}\351f\032\255\274\334m\326c\017\014ao[\342\230\003\245\245\3341Hm\326^\017jy\335\261""; networkTime: 803842716; firstSeq: 1; lastSeq: 1; "
1750527516638,1750527516638,2229,1,1,0,TMValidation,"validation: """"\200\000\000\000&\000\000\000\002)/\351\252\234:\303`\246;Q\203[_Q\032Yt\320\244{g\0306\\302\303*\341\215\223\257\364\277o\375\000r\241SOq\221\253\262\005\017P\027\000\000\000\000\000\000\000\000\000\000\000\000\000\000\000\000\000\000\000\000\000\000\000\000\000\000\000\000\000\000\000\000P\031-}\351f\032\255\274\334m\326c\017\014ao[\342\230\003\245\245\3341Hm\326^\017jy\335\261s!\002\266\377\271\344:\030\221i\267\257\215\237M\014\3345f\014\273|\207\367\334\337F\325\004cxB\211LvG0E\002!\000\247,\235\324\260 \375\303Uzw\374\020Ok.\213\010#\003\263}}\340\3054\211\032\260\347w\315\002 8\016p\250-\371\014\035\351 cm\326\377\261\242\200cB\337\254\343\223\260\325@\323\331\264\351#\374""; ","validation: """"\200\000\000\000&\000\000\000\002)/\351\252\234:\303`\246;Q\203[_Q\032Yt\320\244{g\0306\\302\303*\341\215\223\257\364\277o\375\000r\241SOq\221\253\262\005\017P\027\000\000\000\000\000\000\000\000\000\000\000\000\000\000\000\000\000\000\000\000\000\000\000\000\000\000\000\000\000\000\000\000P\031-}\351f\032\255\274\334m\326c\017\014ao[\342\230\003\245\245\3341Hm\326^\017jy\335\261s!\002\266\377\271\344:\030\221i\267\257\215\237M\014\3345f\014\273|\207\367\334\337F\325\004cxB\211LvG0E\002!\000\247,\235\324\260 \375\303Uzw\374\020Ok.\213\010#\003\263}}\340\3054\211\032\260\347w\315\002 8\016p\250-\371\014\035\351 cm\326\377\261\242\200cB\337\254\343\223\260\325@\323\331\264\351#\374""; "
1750527516639,1750527516639,798,1,1,2,TMStatusChange,"newEvent: neACCEPTED_LEDGER; ledgerSeq: 2; ledgerHash: ""\032Yt\320\244{g\0306\\302\303*\341\215\223\257\364\277o\375\000r\241SOq\221\253\262\005\017""; ledgerHashPrevious: ""-}\351f\032\255\274\334m\326c\017\014ao[\342\230\003\245\245\3341Hm\326^\017jy\335\261""; networkTime: 803842716; firstSeq: 1; lastSeq: 1; ","newEvent: neACCEPTED_LEDGER; ledgerSeq: 2; ledgerHash: ""\032Yt\320\244{g\0306\\302\303*\341\215\223\257\364\277o\375\000r\241SOq\221\253\262\005\017""; ledgerHashPrevious: ""-}\351f\032\255\274\334m\326c\017\014ao[\342\230\003\245\245\3341Hm\326^\017jy\335\261""; networkTime: 803842716; firstSeq: 1; lastSeq: 1; "
1750527516639,1750527516639,949,1,1,2,TMValidation,"validation: """"\200\000\000\000&\000\000\000\002)/\351\252\234:\303`\246;Q\203[_Q\032Yt\320\244{g\0306\\302\303*\341\215\223\257\364\277o\375\000r\241SOq\221\253\262\005\017P\027\000\000\000\000\000\000\000\000\000\000\000\000\000\000\000\000\000\000\000\000\000\000\000\000\000\000\000\000\000\000\000\000P\031-}\351f\032\255\274\334m\326c\017\014ao[\342\230\003\245\245\3341Hm\326^\017jy\335\261s!\002\266\377\271\344:\030\221i\267\257\215\237M\014\3345f\014\273|\207\367\334\337F\325\004cxB\211LvG0E\002!\000\247,\235\324\260 \375\303Uzw\374\020Ok.\213\010#\003\263}}\340\3054\211\032\260\347w\315\002 8\016p\250-\371\014\035\351 cm\326\377\261\242\200cB\337\254\343\223\260\325@\323\331\264\351#\374""; ","validation: """"\200\000\000\000&\000\000\000\002)/\351\252\234:\303`\246;Q\203[_Q\032Yt\320\244{g\0306\\302\303*\341\215\223\257\364\277o\375\000r\241SOq\221\253\262\005\017P\027\000\000\000\000\000\000\000\000\000\000\000\000\000\000\000\000\000\000\000\000\000\000\000\000\000\000\000\000\000\000\000\000P\031-}\351f\032\255\274\334m\326c\017\014ao[\342\230\003\245\245\3341Hm\326^\017jy\335\261s!\002\266\377\271\344:\030\221i\267\257\215\237M\014\3345f\014\273|\207\367\334\337F\325\004cxB\211LvG0E\002!\000\247,\235\324\260 \375\303Uzw\374\020Ok.\213\010#\003\263}}\340\3054\211\032\260\347w\315\002 8\016p\250-\371\014\035\351 cm\326\377\261\242\200cB\337\254\343\223\260\325@\323\331\264\351#\374""; "
1750527516639,1750527516640,3625,1,1,0,TMStatusChange,"newEvent: neACCEPTED_LEDGER; ledgerSeq: 2; ledgerHash: ""\032Yt\320\244{g\0306\\302\303*\341\215\223\257\364\277o\375\000r\241SOq\221\253\262\005\017""; ledgerHashPrevious: ""-}\351f\032\255\274\334m\326c\017\014ao[\342\230\003\245\245\3341Hm\326^\017jy\335\261""; networkTime: 803842716; firstSeq: 1; lastSeq: 1; ","newEvent: neACCEPTED_LEDGER; ledgerSeq: 2; ledgerHash: ""\032Yt\320\244{g\0306\\302\303*\341\215\223\257\364\277o\375\000r\241SOq\221\253\262\005\017""; ledgerHashPrevious: ""-}\351f\032\255\274\334m\326c\017\014ao[\342\230\003\245\245\3341Hm\326^\017jy\335\261""; networkTime: 803842716; firstSeq: 1; lastSeq: 1; "
1750527516914,1750527516914,1311,1,1,3,TMValidation,"validation: """"\200\000\000\000&\000\000\000\002)/\351\252\234:g\237X\336\3531\020\010Q\032Yt\320\244{g\0306\\302\303*\341\215\223\257\364\277o\375\000r\241SOq\221\253\262\005\017P\027\000\000\000\000\000\000\000\000\000\000\000\000\000\000\000\000\000\000\000\000\000\000\000\000\000\000\000\000\000\000\000\000P\031-}\351f\032\255\274\334m\326c\017\014ao[\342\230\003\245\245\3341Hm\326^\017jy\335\261s!\003\255\225A\213\332\224ehh\024BDq\224\250\335`\355\353{\357\266\335<\021\032\265\177\206\356&\215vG0E\002!\000\356\332\216\246B!2;\361\207\240\215\216\3214\037\374G\032\312\013\371\276\301*\311\320Z@9d!\002 \016\t\206\211\211\375\300\266\230\263\237q\307\360#\343\341s\305m\211j\305""\377\301;\327\213(v\357""; ","validation: """"\200\000\000\000&\000\000\000\002)/\351\252\234:g\237X\336\3531\020\010Q\032Yt\320\244{g\0306\\302\303*\341\215\223\257\364\277o\375\000r\241SOq\221\253\262\005\017P\027\000\000\000\000\000\000\000\000\000\000\000\000\000\000\000\000\000\000\000\000\000\000\000\000\000\000\000\000\000\000\000\000P\031-}\351f\032\255\274\334m\326c\017\014ao[\342\230\003\245\245\3341Hm\326^\017jy\335\261s!\003\255\225A\213\332\224ehh\024BDq\224\250\335`\355\353{\357\266\335<\021\032\265\177\206\356&\215vG0E\002!\000\356\332\216\246B!2;\361\207\240\215\216\3214\037\374G\032\312\013\371\276\301*\311\320Z@9d!\002 \016\t\206\211\211\375\300\266\230\263\237q\307\360#\343\341s\305m\211j\305""\377\301;\327\213(v\357""; "
1750527516915,1750527516915,2229,1,1,0,TMValidation,"validation: """"\200\000\000\000&\000\000\000\002)/\351\252\234:g\237X\336\3531\020\010Q\032Yt\320\244{g\0306\\302\303*\341\215\223\257\364\277o\375\000r\241SOq\221\253\262\005\017P\027\000\000\000\000\000\000\000\000\000\000\000\000\000\000\000\000\000\000\000\000\000\000\000\000\000\000\000\000\000\000\000\000P\031-}\351f\032\255\274\334m\326c\017\014ao[\342\230\003\245\245\3341Hm\326^\017jy\335\261s!\003\255\225A\213\332\224ehh\024BDq\224\250\335`\355\353{\357\266\335<\021\032\265\177\206\356&\215vG0E\002!\000\356\332\216\246B!2;\361\207\240\215\216\3214\037\374G\032\312\013\371\276\301*\311\320Z@9d!\002 \016\t\206\211\211\375\300\266\230\263\237q\307\360#\343\341s\305m\211j\305""\377\301;\327\213(v\357""; ","validation: """"\200\000\000\000&\000\000\000\002)/\351\252\234:g\237X\336\3531\020\010Q\032Yt\320\244{g\0306\\302\303*\341\215\223\257\364\277o\375\000r\241SOq\221\253\262\005\017P\027\000\000\000\000\000\000\000\000\000\000\000\000\000\000\000\000\000\000\000\000\000\000\000\000\000\000\000\000\000\000\000\000P\031-}\351f\032\255\274\334m\326c\017\014ao[\342\230\003\245\245\3341Hm\326^\017jy\335\261s!\003\255\225A\213\332\224ehh\024BDq\224\250\335`\355\353{\357\266\335<\021\032\265\177\206\356&\215vG0E\002!\000\356\332\216\246B!2;\361\207\240\215\216\3214\037\374G\032\312\013\371\276\301*\311\320Z@9d!\002 \016\t\206\211\211\375\300\266\230\263\237q\307\360#\343\341s\305m\211j\305""\377\301;\327\213(v\357""; "
1750527516915,1750527516915,3746,1,1,4,TMValidation,"validation: """"\200\000\000\000&\000\000\000\002)/\351\252\234:g\237X\336\3531\020\010Q\032Yt\320\244{g\0306\\302\303*\341\215\223\257\364\277o\375\000r\241SOq\221\253\262\005\017P\027\000\000\000\000\000\000\000\000\000\000\000\000\000\000\000\000\000\000\000\000\000\000\000\000\000\000\000\000\000\000\000\000P\031-}\351f\032\255\274\334m\326c\017\014ao[\342\230\003\245\245\3341Hm\326^\017jy\335\261s!\003\255\225A\213\332\224ehh\024BDq\224\250\335`\355\353{\357\266\335<\021\032\265\177\206\356&\215vG0E\002!\000\356\332\216\246B!2;\361\207\240\215\216\3214\037\374G\032\312\013\371\276\301*\311\320Z@9d!\002 \016\t\206\211\211\375\300\266\230\263\237q\307\360#\343\341s\305m\211j\305""\377\301;\327\213(v\357""; ","validation: """"\200\000\000\000&\000\000\000\002)/\351\252\234:g\237X\336\3531\020\010Q\032Yt\320\244{g\0306\\302\303*\341\215\223\257\364\277o\375\000r\241SOq\221\253\262\005\017P\027\000\000\000\000\000\000\000\000\000\000\000\000\000\000\000\000\000\000\000\000\000\000\000\000\000\000\000\000\000\000\000\000P\031-}\351f\032\255\274\334m\326c\017\014ao[\342\230\003\245\245\3341Hm\326^\017jy\335\261s!\003\255\225A\213\332\224ehh\024BDq\224\250\335`\355\353{\357\266\335<\021\032\265\177\206\356&\215vG0E\002!\000\356\332\216\246B!2;\361\207\240\215\216\3214\037\374G\032\312\013\371\276\301*\311\320Z@9d!\002 \016\t\206\211\211\375\300\266\230\263\237q\307\360#\343\341s\305m\211j\305""\377\301;\327\213(v\357""; "
1750527517020,1750527517020,2261,1,0,1,TMValidation,"validation: """"\200\000\000\000&\000\000\000\002)/\351\252\234:g\237X\336\3531\020\010Q\032Yt\320\244{g\0306\\302\303*\341\215\223\257\364\277o\375\000r\241SOq\221\253\262\005\017P\027\000\000\000\000\000\000\000\000\000\000\000\000\000\000\000\000\000\000\000\000\000\000\000\000\000\000\000\000\000\000\000\000P\031-}\351f\032\255\274\334m\326c\017\014ao[\342\230\003\245\245\3341Hm\326^\017jy\335\261s!\003\255\225A\213\332\224ehh\024BDq\224\250\335`\355\353{\357\266\335<\021\032\265\177\206\356&\215vG0E\002!\000\356\332\216\246B!2;\361\207\240\215\216\3214\037\374G\032\312\013\371\276\301*\311\320Z@9d!\002 \016\t\206\211\211\375\300\266\230\263\237q\307\360#\343\341s\305m\211j\305""\377\301;\327\213(v\357""; ","validation: """"\200\000\000\000&\000\000\000\002)/\351\252\234:g\237X\336\3531\020\010Q\032Yt\320\244{g\0306\\302\303*\341\215\223\257\364\277o\375\000r\241SOq\221\253\262\005\017P\027\000\000\000\000\000\000\000\000\000\000\000\000\000\000\000\000\000\000\000\000\000\000\000\000\000\000\000\000\000\000\000\000P\031-}\351f\032\255\274\334m\326c\017\014ao[\342\230\003\245\245\3341Hm\326^\017jy\335\261s!\003\255\225A\213\332\224ehh\024BDq\224\250\335`\355\353{\357\266\335<\021\032\265\177\206\356&\215vG0E\002!\000\356\332\216\246B!2;\361\207\240\215\216\3214\037\374G\032\312\013\371\276\301*\311\320Z@9d!\002 \016\t\206\211\211\375\300\266\230\263\237q\307\360#\343\341s\305m\211j\305""\377\301;\327\213(v\357""; "
1750527517020,1750527517020,782,1,0,4,TMValidation,"validation: """"\200\000\000\000&\000\000\000\002)/\351\252\234:g\237X\336\3531\020\010Q\032Yt\320\244{g\0306\\302\303*\341\215\223\257\364\277o\375\000r\241SOq\221\253\262\005\017P\027\000\000\000\000\000\000\000\000\000\000\000\000\000\000\000\000\000\000\000\000\000\000\000\000\000\000\000\000\000\000\000\000P\031-}\351f\032\255\274\334m\326c\017\014ao[\342\230\003\245\245\3341Hm\326^\017jy\335\261s!\003\255\225A\213\332\224ehh\024BDq\224\250\335`\355\353{\357\266\335<\021\032\265\177\206\356&\215vG0E\002!\000\356\332\216\246B!2;\361\207\240\215\216\3214\037\374G\032\312\013\371\276\301*\311\320Z@9d!\002 \016\t\206\211\211\375\300\266\230\263\237q\307\360#\343\341s\305m\211j\305""\377\301;\327\213(v\357""; ","validation: """"\200\000\000\000&\000\000\000\002)/\351\252\234:g\237X\336\3531\020\010Q\032Yt\320\244{g\0306\\302\303*\341\215\223\257\364\277o\375\000r\241SOq\221\253\262\005\017P\027\000\000\000\000\000\000\000\000\000\000\000\000\000\000\000\000\000\000\000\000\000\000\000\000\000\000\000\000\000\000\000\000P\031-}\351f\032\255\274\334m\326c\017\014ao[\342\230\003\245\245\3341Hm\326^\017jy\335\261s!\003\255\225A\213\332\224ehh\024BDq\224\250\335`\355\353{\357\266\335<\021\032\265\177\206\356&\215vG0E\002!\000\356\332\216\246B!2;\361\207\240\215\216\3214\037\374G\032\312\013\371\276\301*\311\320Z@9d!\002 \016\t\206\211\211\375\300\266\230\263\237q\307\360#\343\341s\305m\211j\305""\377\301;\327\213(v\357""; "
1750527517020,1750527517021,3422,1,0,3,TMValidation,"validation: """"\200\000\000\000&\000\000\000\002)/\351\252\234:g\237X\336\3531\020\010Q\032Yt\320\244{g\0306\\302\303*\341\215\223\257\364\277o\375\000r\241SOq\221\253\262\005\017P\027\000\000\000\000\000\000\000\000\000\000\000\000\000\000\000\000\000\000\000\000\000\000\000\000\000\000\000\000\000\000\000\000P\031-}\351f\032\255\274\334m\326c\017\014ao[\342\230\003\245\245\3341Hm\326^\017jy\335\261s!\003\255\225A\213\332\224ehh\024BDq\224\250\335`\355\353{\357\266\335<\021\032\265\177\206\356&\215vG0E\002!\000\356\332\216\246B!2;\361\207\240\215\216\3214\037\374G\032\312\013\371\276\301*\311\320Z@9d!\002 \016\t\206\211\211\375\300\266\230\263\237q\307\360#\343\341s\305m\211j\305""\377\301;\327\213(v\357""; ","validation: """"\200\000\000\000&\000\000\000\002)/\351\252\234:g\237X\336\3531\020\010Q\032Yt\320\244{g\0306\\302\303*\341\215\223\257\364\277o\375\000r\241SOq\221\253\262\005\017P\027\000\000\000\000\000\000\000\000\000\000\000\000\000\000\000\000\000\000\000\000\000\000\000\000\000\000\000\000\000\000\000\000P\031-}\351f\032\255\274\334m\326c\017\014ao[\342\230\003\245\245\3341Hm\326^\017jy\335\261s!\003\255\225A\213\332\224ehh\024BDq\224\250\335`\355\353{\357\266\335<\021\032\265\177\206\356&\215vG0E\002!\000\356\332\216\246B!2;\361\207\240\215\216\3214\037\374G\032\312\013\371\276\301*\311\320Z@9d!\002 \016\t\206\211\211\375\300\266\230\263\237q\307\360#\343\341s\305m\211j\305""\377\301;\327\213(v\357""; "
1750527517272,1750527517272,783,1,4,2,TMValidation,"validation: """"\200\000\000\000&\000\000\000\002)/\351\252\234:\355<\266\216~aC\027Q\032Yt\320\244{g\0306\\302\303*\341\215\223\257\364\277o\375\000r\241SOq\221\253\262\005\017P\027\000\000\000\000\000\000\000\000\000\000\000\000\000\000\000\000\000\000\000\000\000\000\000\000\000\000\000\000\000\000\000\000P\031-}\351f\032\255\274\334m\326c\017\014ao[\342\230\003\245\245\3341Hm\326^\017jy\335\261s!\002\225aM\037\203M\271C\224]$\245\215\334\264;{{\365%Z\2443U\201\242\320iUc\207\367vG0E\002!\000\211\377I\036\242\256A\351\252\227\317\333\354\301}\240\257\220\272/M\243;\257\356\354\216^\2002\227>\002 lS\305Q\372T\224h\375#\236s\301\031A\266{O\326Q\266\3750\037\252\331~\226\350i\305a""; ","validation: """"\200\000\000\000&\000\000\000\002)/\351\252\234:\355<\266\216~aC\027Q\032Yt\320\244{g\0306\\302\303*\341\215\223\257\364\277o\375\000r\241SOq\221\253\262\005\017P\027\000\000\000\000\000\000\000\000\000\000\000\000\000\000\000\000\000\000\000\000\000\000\000\000\000\000\000\000\000\000\000\000P\031-}\351f\032\255\274\334m\326c\017\014ao[\342\230\003\245\245\3341Hm\326^\017jy\335\261s!\002\225aM\037\203M\271C\224]$\245\215\334\264;{{\365%Z\2443U\201\242\320iUc\207\367vG0E\002!\000\211\377I\036\242\256A\351\252\227\317\333\354\301}\240\257\220\272/M\243;\257\356\354\216^\2002\227>\002 lS\305Q\372T\224h\375#\236s\301\031A\266{O\326Q\266\3750\037\252\331~\226\350i\305a""; "
1750527517272,1750527517272,3620,1,4,3,TMValidation,"validation: """"\200\000\000\000&\000\000\000\002)/\351\252\234:\355<\266\216~aC\027Q\032Yt\320\244{g\0306\\302\303*\341\215\223\257\364\277o\375\000r\241SOq\221\253\262\005\017P\027\000\000\000\000\000\000\000\000\000\000\000\000\000\000\000\000\000\000\000\000\000\000\000\000\000\000\000\000\000\000\000\000P\031-}\351f\032\255\274\334m\326c\017\014ao[\342\230\003\245\245\3341Hm\326^\017jy\335\261s!\002\225aM\037\203M\271C\224]$\245\215\334\264;{{\365%Z\2443U\201\242\320iUc\207\367vG0E\002!\000\211\377I\036\242\256A\351\252\227\317\333\354\301}\240\257\220\272/M\243;\257\356\354\216^\2002\227>\002 lS\305Q\372T\224h\375#\236s\301\031A\266{O\326Q\266\3750\037\252\331~\226\350i\305a""; ","validation: """"\200\000\000\000&\000\000\000\002)/\351\252\234:\355<\266\216~aC\027Q\032Yt\320\244{g\0306\\302\303*\341\215\223\257\364\277o\375\000r\241SOq\221\253\262\005\017P\027\000\000\000\000\000\000\000\000\000\000\000\000\000\000\000\000\000\000\000\000\000\000\000\000\000\000\000\000\000\000\000\000P\031-}\351f\032\255\274\334m\326c\017\014ao[\342\230\003\245\245\3341Hm\326^\017jy\335\261s!\002\225aM\037\203M\271C\224]$\245\215\334\264;{{\365%Z\2443U\201\242\320iUc\207\367vG0E\002!\000\211\377I\036\242\256A\351\252\227\317\333\354\301}\240\257\220\272/M\243;\257\356\354\216^\2002\227>\002 lS\305Q\372T\224h\375#\236s\301\031A\266{O\326Q\266\3750\037\252\331~\226\350i\305a""; "
1750527517273,1750527517273,3803,1,4,1,TMValidation,"validation: """"\200\000\000\000&\000\000\000\002)/\351\252\234:\355<\266\216~aC\027Q\032Yt\320\244{g\0306\\302\303*\341\215\223\257\364\277o\375\000r\241SOq\221\253\262\005\017P\027\000\000\000\000\000\000\000\000\000\000\000\000\000\000\000\000\000\000\000\000\000\000\000\000\000\000\000\000\000\000\000\000P\031-}\351f\032\255\274\334m\326c\017\014ao[\342\230\003\245\245\3341Hm\326^\017jy\335\261s!\002\225aM\037\203M\271C\224]$\245\215\334\264;{{\365%Z\2443U\201\242\320iUc\207\367vG0E\002!\000\211\377I\036\242\256A\351\252\227\317\333\354\301}\240\257\220\272/M\243;\257\356\354\216^\2002\227>\002 lS\305Q\372T\224h\375#\236s\301\031A\266{O\326Q\266\3750\037\252\331~\226\350i\305a""; ","validation: """"\200\000\000\000&\000\000\000\002)/\351\252\234:\355<\266\216~aC\027Q\032Yt\320\244{g\0306\\302\303*\341\215\223\257\364\277o\375\000r\241SOq\221\253\262\005\017P\027\000\000\000\000\000\000\000\000\000\000\000\000\000\000\000\000\000\000\000\000\000\000\000\000\000\000\000\000\000\000\000\000P\031-}\351f\032\255\274\334m\326c\017\014ao[\342\230\003\245\245\3341Hm\326^\017jy\335\261s!\002\225aM\037\203M\271C\224]$\245\215\334\264;{{\365%Z\2443U\201\242\320iUc\207\367vG0E\002!\000\211\377I\036\242\256A\351\252\227\317\333\354\301}\240\257\220\272/M\243;\257\356\354\216^\2002\227>\002 lS\305Q\372T\224h\375#\236s\301\031A\266{O\326Q\266\3750\037\252\331~\226\350i\305a""; "
1750527517297,1750527517297,3459,1,3,1,TMValidation,"validation: """"\200\000\000\000&\000\000\000\002)/\351\252\234:g\237X\336\3531\020\010Q\032Yt\320\244{g\0306\\302\303*\341\215\223\257\364\277o\375\000r\241SOq\221\253\262\005\017P\027\000\000\000\000\000\000\000\000\000\000\000\000\000\000\000\000\000\000\000\000\000\000\000\000\000\000\000\000\000\000\000\000P\031-}\351f\032\255\274\334m\326c\017\014ao[\342\230\003\245\245\3341Hm\326^\017jy\335\261s!\003\255\225A\213\332\224ehh\024BDq\224\250\335`\355\353{\357\266\335<\021\032\265\177\206\356&\215vG0E\002!\000\356\332\216\246B!2;\361\207\240\215\216\3214\037\374G\032\312\013\371\276\301*\311\320Z@9d!\002 \016\t\206\211\211\375\300\266\230\263\237q\307\360#\343\341s\305m\211j\305""\377\301;\327\213(v\357""; ","validation: """"\200\000\000\000&\000\000\000\002)/\351\252\234:g\237X\336\3531\020\010Q\032Yt\320\244{g\0306\\302\303*\341\215\223\257\364\277o\375\000r\241SOq\221\253\262\005\017P\027\000\000\000\000\000\000\000\000\000\000\000\000\000\000\000\000\000\000\000\000\000\000\000\000\000\000\000\000\000\000\000\000P\031-}\351f\032\255\274\334m\326c\017\014ao[\342\230\003\245\245\3341Hm\326^\017jy\335\261s!\003\255\225A\213\332\224ehh\024BDq\224\250\335`\355\353{\357\266\335<\021\032\265\177\206\356&\215vG0E\002!\000\356\332\216\246B!2;\361\207\240\215\216\3214\037\374G\032\312\013\371\276\301*\311\320Z@9d!\002 \016\t\206\211\211\375\300\266\230\263\237q\307\360#\343\341s\305m\211j\305""\377\301;\327\213(v\357""; "
1750527517298,1750527517298,3736,1,3,4,TMValidation,"validation: """"\200\000\000\000&\000\000\000\002)/\351\252\234:g\237X\336\3531\020\010Q\032Yt\320\244{g\0306\\302\303*\341\215\223\257\364\277o\375\000r\241SOq\221\253\262\005\017P\027\000\000\000\000\000\000\000\000\000\000\000\000\000\000\000\000\000\000\000\000\000\000\000\000\000\000\000\000\000\000\000\000P\031-}\351f\032\255\274\334m\326c\017\014ao[\342\230\003\245\245\3341Hm\326^\017jy\335\261s!\003\255\225A\213\332\224ehh\024BDq\224\250\335`\355\353{\357\266\335<\021\032\265\177\206\356&\215vG0E\002!\000\356\332\216\246B!2;\361\207\240\215\216\3214\037\374G\032\312\013\371\276\301*\311\320Z@9d!\002 \016\t\206\211\211\375\300\266\230\263\237q\307\360#\343\341s\305m\211j\305""\377\301;\327\213(v\357""; ","validation: """"\200\000\000\000&\000\000\000\002)/\351\252\234:g\237X\336\3531\020\010Q\032Yt\320\244{g\0306\\302\303*\341\215\223\257\364\277o\375\000r\241SOq\221\253\262\005\017P\027\000\000\000\000\000\000\000\000\000\000\000\000\000\000\000\000\000\000\000\000\000\000\000\000\000\000\000\000\000\000\000\000P\031-}\351f\032\255\274\334m\326c\017\014ao[\342\230\003\245\245\3341Hm\326^\017jy\335\261s!\003\255\225A\213\332\224ehh\024BDq\224\250\335`\355\353{\357\266\335<\021\032\265\177\206\356&\215vG0E\002!\000\356\332\216\246B!2;\361\207\240\215\216\3214\037\374G\032\312\013\371\276\301*\311\320Z@9d!\002 \016\t\206\211\211\375\300\266\230\263\237q\307\360#\343\341s\305m\211j\305""\377\301;\327\213(v\357""; "
1750527517298,1750527517299,1777,1,3,0,TMValidation,"validation: """"\200\000\000\000&\000\000\000\002)/\351\252\234:g\237X\336\3531\020\010Q\032Yt\320\244{g\0306\\302\303*\341\215\223\257\364\277o\375\000r\241SOq\221\253\262\005\017P\027\000\000\000\000\000\000\000\000\000\000\000\000\000\000\000\000\000\000\000\000\000\000\000\000\000\000\000\000\000\000\000\000P\031-}\351f\032\255\274\334m\326c\017\014ao[\342\230\003\245\245\3341Hm\326^\017jy\335\261s!\003\255\225A\213\332\224ehh\024BDq\224\250\335`\355\353{\357\266\335<\021\032\265\177\206\356&\215vG0E\002!\000\356\332\216\246B!2;\361\207\240\215\216\3214\037\374G\032\312\013\371\276\301*\311\320Z@9d!\002 \016\t\206\211\211\375\300\266\230\263\237q\307\360#\343\341s\305m\211j\305""\377\301;\327\213(v\357""; ","validation: """"\200\000\000\000&\000\000\000\002)/\351\252\234:g\237X\336\3531\020\010Q\032Yt\320\244{g\0306\\302\303*\341\215\223\257\364\277o\375\000r\241SOq\221\253\262\005\017P\027\000\000\000\000\000\000\000\000\000\000\000\000\000\000\000\000\000\000\000\000\000\000\000\000\000\000\000\000\000\000\000\000P\031-}\351f\032\255\274\334m\326c\017\014ao[\342\230\003\245\245\3341Hm\326^\017jy\335\261s!\003\255\225A\213\332\224ehh\024BDq\224\250\335`\355\353{\357\266\335<\021\032\265\177\206\356&\215vG0E\002!\000\356\332\216\246B!2;\361\207\240\215\216\3214\037\374G\032\312\013\371\276\301*\311\320Z@9d!\002 \016\t\206\211\211\375\300\266\230\263\237q\307\360#\343\341s\305m\211j\305""\377\301;\327\213(v\357""; "
1750527517335,1750527517335,723,1,2,3,TMValidation,"validation: """"\200\000\000\000&\000\000\000\002)/\351\252\234:\r\302\353\023?\373\240rQ\032Yt\320\244{g\0306\\302\303*\341\215\223\257\364\277o\375\000r\241SOq\221\253\262\005\017P\027\000\000\000\000\000\000\000\000\000\000\000\000\000\000\000\000\000\000\000\000\000\000\000\000\000\000\000\000\000\000\000\000P\031-}\351f\032\255\274\334m\326c\017\014ao[\342\230\003\245\245\3341Hm\326^\017jy\335\261s!\003R7o\362bV\300hf\266\241;}\200^\374\240\203[:\342Q\225\221\027y\372\255\235\216\323~vG0E\002!\000\3075%R\317\007\346\373T\221\026\264\233\303\303\320\304\310z\001""D\372O\243\025\327\364\351<\264\020\002 \024\r1\262\305\277\036n\337\2318\254@o\363\251u\316g\223\007U\221\335\214W\2556T\010?\314""; ","validation: """"\200\000\000\000&\000\000\000\002)/\351\252\234:\r\302\353\023?\373\240rQ\032Yt\320\244{g\0306\\302\303*\341\215\223\257\364\277o\375\000r\241SOq\221\253\262\005\017P\027\000\000\000\000\000\000\000\000\000\000\000\000\000\000\000\000\000\000\000\000\000\000\000\000\000\000\000\000\000\000\000\000P\031-}\351f\032\255\274\334m\326c\017\014ao[\342\230\003\245\245\3341Hm\326^\017jy\335\261s!\003R7o\362bV\300hf\266\241;}\200^\374\240\203[:\342Q\225\221\027y\372\255\235\216\323~vG0E\002!\000\3075%R\317\007\346\373T\221\026\264\233\303\303\320\304\310z\001""D\372O\243\025\327\364\351<\264\020\002 \024\r1\262\305\277\036n\337\2318\254@o\363\251u\316g\223\007U\221\335\214W\2556T\010?\314""; "
1750527517336,1750527517337,446,1,2,0,TMValidation,"validation: """"\200\000\000\000&\000\000\000\002)/\351\252\234:\r\302\353\023?\373\240rQ\032Yt\320\244{g\0306\\302\303*\341\215\223\257\364\277o\375\000r\241SOq\221\253\262\005\017P\027\000\000\000\000\000\000\000\000\000\000\000\000\000\000\000\000\000\000\000\000\000\000\000\000\000\000\000\000\000\000\000\000P\031-}\351f\032\255\274\334m\326c\017\014ao[\342\230\003\245\245\3341Hm\326^\017jy\335\261s!\003R7o\362bV\300hf\266\241;}\200^\374\240\203[:\342Q\225\221\027y\372\255\235\216\323~vG0E\002!\000\3075%R\317\007\346\373T\221\026\264\233\303\303\320\304\310z\001""D\372O\243\025\327\364\351<\264\020\002 \024\r1\262\305\277\036n\337\2318\254@o\363\251u\316g\223\007U\221\335\214W\2556T\010?\314""; ","validation: """"\200\000\000\000&\000\000\000\002)/\351\252\234:\r\302\353\023?\373\240rQ\032Yt\320\244{g\0306\\302\303*\341\215\223\257\364\277o\375\000r\241SOq\221\253\262\005\017P\027\000\000\000\000\000\000\000\000\000\000\000\000\000\000\000\000\000\000\000\000\000\000\000\000\000\000\000\000\000\000\000\000P\031-}\351f\032\255\274\334m\326c\017\014ao[\342\230\003\245\245\3341Hm\326^\017jy\335\261s!\003R7o\362bV\300hf\266\241;}\200^\374\240\203[:\342Q\225\221\027y\372\255\235\216\323~vG0E\002!\000\3075%R\317\007\346\373T\221\026\264\233\303\303\320\304\310z\001""D\372O\243\025\327\364\351<\264\020\002 \024\r1\262\305\277\036n\337\2318\254@o\363\251u\316g\223\007U\221\335\214W\2556T\010?\314""; "
1750527517337,1750527517337,340,1,2,1,TMValidation,"validation: """"\200\000\000\000&\000\000\000\002)/\351\252\234:\r\302\353\023?\373\240rQ\032Yt\320\244{g\0306\\302\303*\341\215\223\257\364\277o\375\000r\241SOq\221\253\262\005\017P\027\000\000\000\000\000\000\000\000\000\000\000\000\000\000\000\000\000\000\000\000\000\000\000\000\000\000\000\000\000\000\000\000P\031-}\351f\032\255\274\334m\326c\017\014ao[\342\230\003\245\245\3341Hm\326^\017jy\335\261s!\003R7o\362bV\300hf\266\241;}\200^\374\240\203[:\342Q\225\221\027y\372\255\235\216\323~vG0E\002!\000\3075%R\317\007\346\373T\221\026\264\233\303\303\320\304\310z\001""D\372O\243\025\327\364\351<\264\020\002 \024\r1\262\305\277\036n\337\2318\254@o\363\251u\316g\223\007U\221\335\214W\2556T\010?\314""; ","validation: """"\200\000\000\000&\000\000\000\002)/\351\252\234:\r\302\353\023?\373\240rQ\032Yt\320\244{g\0306\\302\303*\341\215\223\257\364\277o\375\000r\241SOq\221\253\262\005\017P\027\000\000\000\000\000\000\000\000\000\000\000\000\000\000\000\000\000\000\000\000\000\000\000\000\000\000\000\000\000\000\000\000P\031-}\351f\032\255\274\334m\326c\017\014ao[\342\230\003\245\245\3341Hm\326^\017jy\335\261s!\003R7o\362bV\300hf\266\241;}\200^\374\240\203[:\342Q\225\221\027y\372\255\235\216\323~vG0E\002!\000\3075%R\317\007\346\373T\221\026\264\233\303\303\320\304\310z\001""D\372O\243\025\327\364\351<\264\020\002 \024\r1\262\305\277\036n\337\2318\254@o\363\251u\316g\223\007U\221\335\214W\2556T\010?\314""; "
1750527517588,1750527517588,446,1,2,0,TMValidation,"validation: """"\200\000\000\000&\000\000\000\002)/\351\252\234:\303`\246;Q\203[_Q\032Yt\320\244{g\0306\\302\303*\341\215\223\257\364\277o\375\000r\241SOq\221\253\262\005\017P\027\000\000\000\000\000\000\000\000\000\000\000\000\000\000\000\000\000\000\000\000\000\000\000\000\000\000\000\000\000\000\000\000P\031-}\351f\032\255\274\334m\326c\017\014ao[\342\230\003\245\245\3341Hm\326^\017jy\335\261s!\002\266\377\271\344:\030\221i\267\257\215\237M\014\3345f\014\273|\207\367\334\337F\325\004cxB\211LvG0E\002!\000\247,\235\324\260 \375\303Uzw\374\020Ok.\213\010#\003\263}}\340\3054\211\032\260\347w\315\002 8\016p\250-\371\014\035\351 cm\326\377\261\242\200cB\337\254\343\223\260\325@\323\331\264\351#\374""; ","validation: """"\200\000\000\000&\000\000\000\002)/\351\252\234:\303`\246;Q\203[_Q\032Yt\320\244{g\0306\\302\303*\341\215\223\257\364\277o\375\000r\241SOq\221\253\262\005\017P\027\000\000\000\000\000\000\000\000\000\000\000\000\000\000\000\000\000\000\000\000\000\000\000\000\000\000\000\000\000\000\000\000P\031-}\351f\032\255\274\334m\326c\017\014ao[\342\230\003\245\245\3341Hm\326^\017jy\335\261s!\002\266\377\271\344:\030\221i\267\257\215\237M\014\3345f\014\273|\207\367\334\337F\325\004cxB\211LvG0E\002!\000\247,\235\324\260 \375\303Uzw\374\020Ok.\213\010#\003\263}}\340\3054\211\032\260\347w\315\002 8\016p\250-\371\014\035\351 cm\326\377\261\242\200cB\337\254\343\223\260\325@\323\331\264\351#\374""; "
1750527517588,1750527517588,3128,1,2,4,TMValidation,"validation: """"\200\000\000\000&\000\000\000\002)/\351\252\234:\303`\246;Q\203[_Q\032Yt\320\244{g\0306\\302\303*\341\215\223\257\364\277o\375\000r\241SOq\221\253\262\005\017P\027\000\000\000\000\000\000\000\000\000\000\000\000\000\000\000\000\000\000\000\000\000\000\000\000\000\000\000\000\000\000\000\000P\031-}\351f\032\255\274\334m\326c\017\014ao[\342\230\003\245\245\3341Hm\326^\017jy\335\261s!\002\266\377\271\344:\030\221i\267\257\215\237M\014\3345f\014\273|\207\367\334\337F\325\004cxB\211LvG0E\002!\000\247,\235\324\260 \375\303Uzw\374\020Ok.\213\010#\003\263}}\340\3054\211\032\260\347w\315\002 8\016p\250-\371\014\035\351 cm\326\377\261\242\200cB\337\254\343\223\260\325@\323\331\264\351#\374""; ","validation: """"\200\000\000\000&\000\000\000\002)/\351\252\234:\303`\246;Q\203[_Q\032Yt\320\244{g\0306\\302\303*\341\215\223\257\364\277o\375\000r\241SOq\221\253\262\005\017P\027\000\000\000\000\000\000\000\000\000\000\000\000\000\000\000\000\000\000\000\000\000\000\000\000\000\000\000\000\000\000\000\000P\031-}\351f\032\255\274\334m\326c\017\014ao[\342\230\003\245\245\3341Hm\326^\017jy\335\261s!\002\266\377\271\344:\030\221i\267\257\215\237M\014\3345f\014\273|\207\367\334\337F\325\004cxB\211LvG0E\002!\000\247,\235\324\260 \375\303Uzw\374\020Ok.\213\010#\003\263}}\340\3054\211\032\260\347w\315\002 8\016p\250-\371\014\035\351 cm\326\377\261\242\200cB\337\254\343\223\260\325@\323\331\264\351#\374""; "
1750527517589,1750527517589,723,1,2,3,TMValidation,"validation: """"\200\000\000\000&\000\000\000\002)/\351\252\234:\303`\246;Q\203[_Q\032Yt\320\244{g\0306\\302\303*\341\215\223\257\364\277o\375\000r\241SOq\221\253\262\005\017P\027\000\000\000\000\000\000\000\000\000\000\000\000\000\000\000\000\000\000\000\000\000\000\000\000\000\000\000\000\000\000\000\000P\031-}\351f\032\255\274\334m\326c\017\014ao[\342\230\003\245\245\3341Hm\326^\017jy\335\261s!\002\266\377\271\344:\030\221i\267\257\215\237M\014\3345f\014\273|\207\367\334\337F\325\004cxB\211LvG0E\002!\000\247,\235\324\260 \375\303Uzw\374\020Ok.\213\010#\003\263}}\340\3054\211\032\260\347w\315\002 8\016p\250-\371\014\035\351 cm\326\377\261\242\200cB\337\254\343\223\260\325@\323\331\264\351#\374""; ","validation: """"\200\000\000\000&\000\000\000\002)/\351\252\234:\303`\246;Q\203[_Q\032Yt\320\244{g\0306\\302\303*\341\215\223\257\364\277o\375\000r\241SOq\221\253\262\005\017P\027\000\000\000\000\000\000\000\000\000\000\000\000\000\000\000\000\000\000\000\000\000\000\000\000\000\000\000\000\000\000\000\000P\031-}\351f\032\255\274\334m\326c\017\014ao[\342\230\003\245\245\3341Hm\326^\017jy\335\261s!\002\266\377\271\344:\030\221i\267\257\215\237M\014\3345f\014\273|\207\367\334\337F\325\004cxB\211LvG0E\002!\000\247,\235\324\260 \375\303Uzw\374\020Ok.\213\010#\003\263}}\340\3054\211\032\260\347w\315\002 8\016p\250-\371\014\035\351 cm\326\377\261\242\200cB\337\254\343\223\260\325@\323\331\264\351#\374""; "
1750527517679,1750527517679,3746,1,1,4,TMValidation,"validation: """"\200\000\000\000&\000\000\000\002)/\351\252\234:\r\302\353\023?\373\240rQ\032Yt\320\244{g\0306\\302\303*\341\215\223\257\364\277o\375\000r\241SOq\221\253\262\005\017P\027\000\000\000\000\000\000\000\000\000\000\000\000\000\000\000\000\000\000\000\000\000\000\000\000\000\000\000\000\000\000\000\000P\031-}\351f\032\255\274\334m\326c\017\014ao[\342\230\003\245\245\3341Hm\326^\017jy\335\261s!\003R7o\362bV\300hf\266\241;}\200^\374\240\203[:\342Q\225\221\027y\372\255\235\216\323~vG0E\002!\000\3075%R\317\007\346\373T\221\026\264\233\303\303\320\304\310z\001""D\372O\243\025\327\364\351<\264\020\002 \024\r1\262\305\277\036n\337\2318\254@o\363\251u\316g\223\007U\221\335\214W\2556T\010?\314""; ","validation: """"\200\000\000\000&\000\000\000\002)/\351\252\234:\r\302\353\023?\373\240rQ\032Yt\320\244{g\0306\\302\303*\341\215\223\257\364\277o\375\000r\241SOq\221\253\262\005\017P\027\000\000\000\000\000\000\000\000\000\000\000\000\000\000\000\000\000\000\000\000\000\000\000\000\000\000\000\000\000\000\000\000P\031-}\351f\032\255\274\334m\326c\017\014ao[\342\230\003\245\245\3341Hm\326^\017jy\335\261s!\003R7o\362bV\300hf\266\241;}\200^\374\240\203[:\342Q\225\221\027y\372\255\235\216\323~vG0E\002!\000\3075%R\317\007\346\373T\221\026\264\233\303\303\320\304\310z\001""D\372O\243\025\327\364\351<\264\020\002 \024\r1\262\305\277\036n\337\2318\254@o\363\251u\316g\223\007U\221\335\214W\2556T\010?\314""; "
1750527517679,1750527517679,1311,1,1,3,TMValidation,"validation: """"\200\000\000\000&\000\000\000\002)/\351\252\234:\r\302\353\023?\373\240rQ\032Yt\320\244{g\0306\\302\303*\341\215\223\257\364\277o\375\000r\241SOq\221\253\262\005\017P\027\000\000\000\000\000\000\000\000\000\000\000\000\000\000\000\000\000\000\000\000\000\000\000\000\000\000\000\000\000\000\000\000P\031-}\351f\032\255\274\334m\326c\017\014ao[\342\230\003\245\245\3341Hm\326^\017jy\335\261s!\003R7o\362bV\300hf\266\241;}\200^\374\240\203[:\342Q\225\221\027y\372\255\235\216\323~vG0E\002!\000\3075%R\317\007\346\373T\221\026\264\233\303\303\320\304\310z\001""D\372O\243\025\327\364\351<\264\020\002 \024\r1\262\305\277\036n\337\2318\254@o\363\251u\316g\223\007U\221\335\214W\2556T\010?\314""; ","validation: """"\200\000\000\000&\000\000\000\002)/\351\252\234:\r\302\353\023?\373\240rQ\032Yt\320\244{g\0306\\302\303*\341\215\223\257\364\277o\375\000r\241SOq\221\253\262\005\017P\027\000\000\000\000\000\000\000\000\000\000\000\000\000\000\000\000\000\000\000\000\000\000\000\000\000\000\000\000\000\000\000\000P\031-}\351f\032\255\274\334m\326c\017\014ao[\342\230\003\245\245\3341Hm\326^\017jy\335\261s!\003R7o\362bV\300hf\266\241;}\200^\374\240\203[:\342Q\225\221\027y\372\255\235\216\323~vG0E\002!\000\3075%R\317\007\346\373T\221\026\264\233\303\303\320\304\310z\001""D\372O\243\025\327\364\351<\264\020\002 \024\r1\262\305\277\036n\337\2318\254@o\363\251u\316g\223\007U\221\335\214W\2556T\010?\314""; "
1750527517680,1750527517680,2229,1,1,0,TMValidation,"validation: """"\200\000\000\000&\000\000\000\002)/\351\252\234:\r\302\353\023?\373\240rQ\032Yt\320\244{g\0306\\302\303*\341\215\223\257\364\277o\375\000r\241SOq\221\253\262\005\017P\027\000\000\000\000\000\000\000\000\000\000\000\000\000\000\000\000\000\000\000\000\000\000\000\000\000\000\000\000\000\000\000\000P\031-}\351f\032\255\274\334m\326c\017\014ao[\342\230\003\245\245\3341Hm\326^\017jy\335\261s!\003R7o\362bV\300hf\266\241;}\200^\374\240\203[:\342Q\225\221\027y\372\255\235\216\323~vG0E\002!\000\3075%R\317\007\346\373T\221\026\264\233\303\303\320\304\310z\001""D\372O\243\025\327\364\351<\264\020\002 \024\r1\262\305\277\036n\337\2318\254@o\363\251u\316g\223\007U\221\335\214W\2556T\010?\314""; ","validation: """"\200\000\000\000&\000\000\000\002)/\351\252\234:\r\302\353\023?\373\240rQ\032Yt\320\244{g\0306\\302\303*\341\215\223\257\364\277o\375\000r\241SOq\221\253\262\005\017P\027\000\000\000\000\000\000\000\000\000\000\000\000\000\000\000\000\000\000\000\000\000\000\000\000\000\000\000\000\000\000\000\000P\031-}\351f\032\255\274\334m\326c\017\014ao[\342\230\003\245\245\3341Hm\326^\017jy\335\261s!\003R7o\362bV\300hf\266\241;}\200^\374\240\203[:\342Q\225\221\027y\372\255\235\216\323~vG0E\002!\000\3075%R\317\007\346\373T\221\026\264\233\303\303\320\304\310z\001""D\372O\243\025\327\364\351<\264\020\002 \024\r1\262\305\277\036n\337\2318\254@o\363\251u\316g\223\007U\221\335\214W\2556T\010?\314""; "
1750527517785,1750527517785,782,1,0,4,TMValidation,"validation: """"\200\000\000\000&\000\000\000\002)/\351\252\234:\r\302\353\023?\373\240rQ\032Yt\320\244{g\0306\\302\303*\341\215\223\257\364\277o\375\000r\241SOq\221\253\262\005\017P\027\000\000\000\000\000\000\000\000\000\000\000\000\000\000\000\000\000\000\000\000\000\000\000\000\000\000\000\000\000\000\000\000P\031-}\351f\032\255\274\334m\326c\017\014ao[\342\230\003\245\245\3341Hm\326^\017jy\335\261s!\003R7o\362bV\300hf\266\241;}\200^\374\240\203[:\342Q\225\221\027y\372\255\235\216\323~vG0E\002!\000\3075%R\317\007\346\373T\221\026\264\233\303\303\320\304\310z\001""D\372O\243\025\327\364\351<\264\020\002 \024\r1\262\305\277\036n\337\2318\254@o\363\251u\316g\223\007U\221\335\214W\2556T\010?\314""; ","validation: """"\200\000\000\000&\000\000\000\002)/\351\252\234:\r\302\353\023?\373\240rQ\032Yt\320\244{g\0306\\302\303*\341\215\223\257\364\277o\375\000r\241SOq\221\253\262\005\017P\027\000\000\000\000\000\000\000\000\000\000\000\000\000\000\000\000\000\000\000\000\000\000\000\000\000\000\000\000\000\000\000\000P\031-}\351f\032\255\274\334m\326c\017\014ao[\342\230\003\245\245\3341Hm\326^\017jy\335\261s!\003R7o\362bV\300hf\266\241;}\200^\374\240\203[:\342Q\225\221\027y\372\255\235\216\323~vG0E\002!\000\3075%R\317\007\346\373T\221\026\264\233\303\303\320\304\310z\001""D\372O\243\025\327\364\351<\264\020\002 \024\r1\262\305\277\036n\337\2318\254@o\363\251u\316g\223\007U\221\335\214W\2556T\010?\314""; "
1750527517785,1750527517785,2261,1,0,1,TMValidation,"validation: """"\200\000\000\000&\000\000\000\002)/\351\252\234:\r\302\353\023?\373\240rQ\032Yt\320\244{g\0306\\302\303*\341\215\223\257\364\277o\375\000r\241SOq\221\253\262\005\017P\027\000\000\000\000\000\000\000\000\000\000\000\000\000\000\000\000\000\000\000\000\000\000\000\000\000\000\000\000\000\000\000\000P\031-}\351f\032\255\274\334m\326c\017\014ao[\342\230\003\245\245\3341Hm\326^\017jy\335\261s!\003R7o\362bV\300hf\266\241;}\200^\374\240\203[:\342Q\225\221\027y\372\255\235\216\323~vG0E\002!\000\3075%R\317\007\346\373T\221\026\264\233\303\303\320\304\310z\001""D\372O\243\025\327\364\351<\264\020\002 \024\r1\262\305\277\036n\337\2318\254@o\363\251u\316g\223\007U\221\335\214W\2556T\010?\314""; ","validation: """"\200\000\000\000&\000\000\000\002)/\351\252\234:\r\302\353\023?\373\240rQ\032Yt\320\244{g\0306\\302\303*\341\215\223\257\364\277o\375\000r\241SOq\221\253\262\005\017P\027\000\000\000\000\000\000\000\000\000\000\000\000\000\000\000\000\000\000\000\000\000\000\000\000\000\000\000\000\000\000\000\000P\031-}\351f\032\255\274\334m\326c\017\014ao[\342\230\003\245\245\3341Hm\326^\017jy\335\261s!\003R7o\362bV\300hf\266\241;}\200^\374\240\203[:\342Q\225\221\027y\372\255\235\216\323~vG0E\002!\000\3075%R\317\007\346\373T\221\026\264\233\303\303\320\304\310z\001""D\372O\243\025\327\364\351<\264\020\002 \024\r1\262\305\277\036n\337\2318\254@o\363\251u\316g\223\007U\221\335\214W\2556T\010?\314""; "
1750527517786,1750527517786,3422,1,0,3,TMValidation,"validation: """"\200\000\000\000&\000\000\000\002)/\351\252\234:\r\302\353\023?\373\240rQ\032Yt\320\244{g\0306\\302\303*\341\215\223\257\364\277o\375\000r\241SOq\221\253\262\005\017P\027\000\000\000\000\000\000\000\000\000\000\000\000\000\000\000\000\000\000\000\000\000\000\000\000\000\000\000\000\000\000\000\000P\031-}\351f\032\255\274\334m\326c\017\014ao[\342\230\003\245\245\3341Hm\326^\017jy\335\261s!\003R7o\362bV\300hf\266\241;}\200^\374\240\203[:\342Q\225\221\027y\372\255\235\216\323~vG0E\002!\000\3075%R\317\007\346\373T\221\026\264\233\303\303\320\304\310z\001""D\372O\243\025\327\364\351<\264\020\002 \024\r1\262\305\277\036n\337\2318\254@o\363\251u\316g\223\007U\221\335\214W\2556T\010?\314""; ","validation: """"\200\000\000\000&\000\000\000\002)/\351\252\234:\r\302\353\023?\373\240rQ\032Yt\320\244{g\0306\\302\303*\341\215\223\257\364\277o\375\000r\241SOq\221\253\262\005\017P\027\000\000\000\000\000\000\000\000\000\000\000\000\000\000\000\000\000\000\000\000\000\000\000\000\000\000\000\000\000\000\000\000P\031-}\351f\032\255\274\334m\326c\017\014ao[\342\230\003\245\245\3341Hm\326^\017jy\335\261s!\003R7o\362bV\300hf\266\241;}\200^\374\240\203[:\342Q\225\221\027y\372\255\235\216\323~vG0E\002!\000\3075%R\317\007\346\373T\221\026\264\233\303\303\320\304\310z\001""D\372O\243\025\327\364\351<\264\020\002 \024\r1\262\305\277\036n\337\2318\254@o\363\251u\316g\223\007U\221\335\214W\2556T\010?\314""; "
1750527517804,1750527517804,783,1,4,2,TMValidation,"validation: """"\200\000\000\000&\000\000\000\002)/\351\252\234:g\237X\336\3531\020\010Q\032Yt\320\244{g\0306\\302\303*\341\215\223\257\364\277o\375\000r\241SOq\221\253\262\005\017P\027\000\000\000\000\000\000\000\000\000\000\000\000\000\000\000\000\000\000\000\000\000\000\000\000\000\000\000\000\000\000\000\000P\031-}\351f\032\255\274\334m\326c\017\014ao[\342\230\003\245\245\3341Hm\326^\017jy\335\261s!\003\255\225A\213\332\224ehh\024BDq\224\250\335`\355\353{\357\266\335<\021\032\265\177\206\356&\215vG0E\002!\000\356\332\216\246B!2;\361\207\240\215\216\3214\037\374G\032\312\013\371\276\301*\311\320Z@9d!\002 \016\t\206\211\211\375\300\266\230\263\237q\307\360#\343\341s\305m\211j\305""\377\301;\327\213(v\357""; ","validation: """"\200\000\000\000&\000\000\000\002)/\351\252\234:g\237X\336\3531\020\010Q\032Yt\320\244{g\0306\\302\303*\341\215\223\257\364\277o\375\000r\241SOq\221\253\262\005\017P\027\000\000\000\000\000\000\000\000\000\000\000\000\000\000\000\000\000\000\000\000\000\000\000\000\000\000\000\000\000\000\000\000P\031-}\351f\032\255\274\334m\326c\017\014ao[\342\230\003\245\245\3341Hm\326^\017jy\335\261s!\003\255\225A\213\332\224ehh\024BDq\224\250\335`\355\353{\357\266\335<\021\032\265\177\206\356&\215vG0E\002!\000\356\332\216\246B!2;\361\207\240\215\216\3214\037\374G\032\312\013\371\276\301*\311\320Z@9d!\002 \016\t\206\211\211\375\300\266\230\263\237q\307\360#\343\341s\305m\211j\305""\377\301;\327\213(v\357""; "
1750527517805,1750527517805,3803,1,4,1,TMValidation,"validation: """"\200\000\000\000&\000\000\000\002)/\351\252\234:g\237X\336\3531\020\010Q\032Yt\320\244{g\0306\\302\303*\341\215\223\257\364\277o\375\000r\241SOq\221\253\262\005\017P\027\000\000\000\000\000\000\000\000\000\000\000\000\000\000\000\000\000\000\000\000\000\000\000\000\000\000\000\000\000\000\000\000P\031-}\351f\032\255\274\334m\326c\017\014ao[\342\230\003\245\245\3341Hm\326^\017jy\335\261s!\003\255\225A\213\332\224ehh\024BDq\224\250\335`\355\353{\357\266\335<\021\032\265\177\206\356&\215vG0E\002!\000\356\332\216\246B!2;\361\207\240\215\216\3214\037\374G\032\312\013\371\276\301*\311\320Z@9d!\002 \016\t\206\211\211\375\300\266\230\263\237q\307\360#\343\341s\305m\211j\305""\377\301;\327\213(v\357""; ","validation: """"\200\000\000\000&\000\000\000\002)/\351\252\234:g\237X\336\3531\020\010Q\032Yt\320\244{g\0306\\302\303*\341\215\223\257\364\277o\375\000r\241SOq\221\253\262\005\017P\027\000\000\000\000\000\000\000\000\000\000\000\000\000\000\000\000\000\000\000\000\000\000\000\000\000\000\000\000\000\000\000\000P\031-}\351f\032\255\274\334m\326c\017\014ao[\342\230\003\245\245\3341Hm\326^\017jy\335\261s!\003\255\225A\213\332\224ehh\024BDq\224\250\335`\355\353{\357\266\335<\021\032\265\177\206\356&\215vG0E\002!\000\356\332\216\246B!2;\361\207\240\215\216\3214\037\374G\032\312\013\371\276\301*\311\320Z@9d!\002 \016\t\206\211\211\375\300\266\230\263\237q\307\360#\343\341s\305m\211j\305""\377\301;\327\213(v\357""; "
1750527517805,1750527517806,3620,1,4,3,TMValidation,"validation: """"\200\000\000\000&\000\000\000\002)/\351\252\234:g\237X\336\3531\020\010Q\032Yt\320\244{g\0306\\302\303*\341\215\223\257\364\277o\375\000r\241SOq\221\253\262\005\017P\027\000\000\000\000\000\000\000\000\000\000\000\000\000\000\000\000\000\000\000\000\000\000\000\000\000\000\000\000\000\000\000\000P\031-}\351f\032\255\274\334m\326c\017\014ao[\342\230\003\245\245\3341Hm\326^\017jy\335\261s!\003\255\225A\213\332\224ehh\024BDq\224\250\335`\355\353{\357\266\335<\021\032\265\177\206\356&\215vG0E\002!\000\356\332\216\246B!2;\361\207\240\215\216\3214\037\374G\032\312\013\371\276\301*\311\320Z@9d!\002 \016\t\206\211\211\375\300\266\230\263\237q\307\360#\343\341s\305m\211j\305""\377\301;\327\213(v\357""; ","validation: """"\200\000\000\000&\000\000\000\002)/\351\252\234:g\237X\336\3531\020\010Q\032Yt\320\244{g\0306\\302\303*\341\215\223\257\364\277o\375\000r\241SOq\221\253\262\005\017P\027\000\000\000\000\000\000\000\000\000\000\000\000\000\000\000\000\000\000\000\000\000\000\000\000\000\000\000\000\000\000\000\000P\031-}\351f\032\255\274\334m\326c\017\014ao[\342\230\003\245\245\3341Hm\326^\017jy\335\261s!\003\255\225A\213\332\224ehh\024BDq\224\250\335`\355\353{\357\266\335<\021\032\265\177\206\356&\215vG0E\002!\000\356\332\216\246B!2;\361\207\240\215\216\3214\037\374G\032\312\013\371\276\301*\311\320Z@9d!\002 \016\t\206\211\211\375\300\266\230\263\237q\307\360#\343\341s\305m\211j\305""\377\301;\327\213(v\357""; "
1750527517950,1750527517950,3736,1,3,4,TMValidation,"validation: """"\200\000\000\000&\000\000\000\002)/\351\252\234:\303`\246;Q\203[_Q\032Yt\320\244{g\0306\\302\303*\341\215\223\257\364\277o\375\000r\241SOq\221\253\262\005\017P\027\000\000\000\000\000\000\000\000\000\000\000\000\000\000\000\000\000\000\000\000\000\000\000\000\000\000\000\000\000\000\000\000P\031-}\351f\032\255\274\334m\326c\017\014ao[\342\230\003\245\245\3341Hm\326^\017jy\335\261s!\002\266\377\271\344:\030\221i\267\257\215\237M\014\3345f\014\273|\207\367\334\337F\325\004cxB\211LvG0E\002!\000\247,\235\324\260 \375\303Uzw\374\020Ok.\213\010#\003\263}}\340\3054\211\032\260\347w\315\002 8\016p\250-\371\014\035\351 cm\326\377\261\242\200cB\337\254\343\223\260\325@\323\331\264\351#\374""; ","validation: """"\200\000\000\000&\000\000\000\002)/\351\252\234:\303`\246;Q\203[_Q\032Yt\320\244{g\0306\\302\303*\341\215\223\257\364\277o\375\000r\241SOq\221\253\262\005\017P\027\000\000\000\000\000\000\000\000\000\000\000\000\000\000\000\000\000\000\000\000\000\000\000\000\000\000\000\000\000\000\000\000P\031-}\351f\032\255\274\334m\326c\017\014ao[\342\230\003\245\245\3341Hm\326^\017jy\335\261s!\002\266\377\271\344:\030\221i\267\257\215\237M\014\3345f\014\273|\207\367\334\337F\325\004cxB\211LvG0E\002!\000\247,\235\324\260 \375\303Uzw\374\020Ok.\213\010#\003\263}}\340\3054\211\032\260\347w\315\002 8\016p\250-\371\014\035\351 cm\326\377\261\242\200cB\337\254\343\223\260\325@\323\331\264\351#\374""; "
1750527517951,1750527517951,3125,1,3,2,TMValidation,"validation: """"\200\000\000\000&\000\000\000\002)/\351\252\234:\303`\246;Q\203[_Q\032Yt\320\244{g\0306\\302\303*\341\215\223\257\364\277o\375\000r\241SOq\221\253\262\005\017P\027\000\000\000\000\000\000\000\000\000\000\000\000\000\000\000\000\000\000\000\000\000\000\000\000\000\000\000\000\000\000\000\000P\031-}\351f\032\255\274\334m\326c\017\014ao[\342\230\003\245\245\3341Hm\326^\017jy\335\261s!\002\266\377\271\344:\030\221i\267\257\215\237M\014\3345f\014\273|\207\367\334\337F\325\004cxB\211LvG0E\002!\000\247,\235\324\260 \375\303Uzw\374\020Ok.\213\010#\003\263}}\340\3054\211\032\260\347w\315\002 8\016p\250-\371\014\035\351 cm\326\377\261\242\200cB\337\254\343\223\260\325@\323\331\264\351#\374""; ","validation: """"\200\000\000\000&\000\000\000\002)/\351\252\234:\303`\246;Q\203[_Q\032Yt\320\244{g\0306\\302\303*\341\215\223\257\364\277o\375\000r\241SOq\221\253\262\005\017P\027\000\000\000\000\000\000\000\000\000\000\000\000\000\000\000\000\000\000\000\000\000\000\000\000\000\000\000\000\000\000\000\000P\031-}\351f\032\255\274\334m\326c\017\014ao[\342\230\003\245\245\3341Hm\326^\017jy\335\261s!\002\266\377\271\344:\030\221i\267\257\215\237M\014\3345f\014\273|\207\367\334\337F\325\004cxB\211LvG0E\002!\000\247,\235\324\260 \375\303Uzw\374\020Ok.\213\010#\003\263}}\340\3054\211\032\260\347w\315\002 8\016p\250-\371\014\035\351 cm\326\377\261\242\200cB\337\254\343\223\260\325@\323\331\264\351#\374""; "
1750527517951,1750527517951,1777,1,3,0,TMValidation,"validation: """"\200\000\000\000&\000\000\000\002)/\351\252\234:\303`\246;Q\203[_Q\032Yt\320\244{g\0306\\302\303*\341\215\223\257\364\277o\375\000r\241SOq\221\253\262\005\017P\027\000\000\000\000\000\000\000\000\000\000\000\000\000\000\000\000\000\000\000\000\000\000\000\000\000\000\000\000\000\000\000\000P\031-}\351f\032\255\274\334m\326c\017\014ao[\342\230\003\245\245\3341Hm\326^\017jy\335\261s!\002\266\377\271\344:\030\221i\267\257\215\237M\014\3345f\014\273|\207\367\334\337F\325\004cxB\211LvG0E\002!\000\247,\235\324\260 \375\303Uzw\374\020Ok.\213\010#\003\263}}\340\3054\211\032\260\347w\315\002 8\016p\250-\371\014\035\351 cm\326\377\261\242\200cB\337\254\343\223\260\325@\323\331\264\351#\374""; ","validation: """"\200\000\000\000&\000\000\000\002)/\351\252\234:\303`\246;Q\203[_Q\032Yt\320\244{g\0306\\302\303*\341\215\223\257\364\277o\375\000r\241SOq\221\253\262\005\017P\027\000\000\000\000\000\000\000\000\000\000\000\000\000\000\000\000\000\000\000\000\000\000\000\000\000\000\000\000\000\000\000\000P\031-}\351f\032\255\274\334m\326c\017\014ao[\342\230\003\245\245\3341Hm\326^\017jy\335\261s!\002\266\377\271\344:\030\221i\267\257\215\237M\014\3345f\014\273|\207\367\334\337F\325\004cxB\211LvG0E\002!\000\247,\235\324\260 \375\303Uzw\374\020Ok.\213\010#\003\263}}\340\3054\211\032\260\347w\315\002 8\016p\250-\371\014\035\351 cm\326\377\261\242\200cB\337\254\343\223\260\325@\323\331\264\351#\374""; "
1750527518037,1750527518037,3422,1,0,3,TMValidation,"validation: """"\200\000\000\000&\000\000\000\002)/\351\252\234:\303`\246;Q\203[_Q\032Yt\320\244{g\0306\\302\303*\341\215\223\257\364\277o\375\000r\241SOq\221\253\262\005\017P\027\000\000\000\000\000\000\000\000\000\000\000\000\000\000\000\000\000\000\000\000\000\000\000\000\000\000\000\000\000\000\000\000P\031-}\351f\032\255\274\334m\326c\017\014ao[\342\230\003\245\245\3341Hm\326^\017jy\335\261s!\002\266\377\271\344:\030\221i\267\257\215\237M\014\3345f\014\273|\207\367\334\337F\325\004cxB\211LvG0E\002!\000\247,\235\324\260 \375\303Uzw\374\020Ok.\213\010#\003\263}}\340\3054\211\032\260\347w\315\002 8\016p\250-\371\014\035\351 cm\326\377\261\242\200cB\337\254\343\223\260\325@\323\331\264\351#\374""; ","validation: """"\200\000\000\000&\000\000\000\002)/\351\252\234:\303`\246;Q\203[_Q\032Yt\320\244{g\0306\\302\303*\341\215\223\257\364\277o\375\000r\241SOq\221\253\262\005\017P\027\000\000\000\000\000\000\000\000\000\000\000\000\000\000\000\000\000\000\000\000\000\000\000\000\000\000\000\000\000\000\000\000P\031-}\351f\032\255\274\334m\326c\017\014ao[\342\230\003\245\245\3341Hm\326^\017jy\335\261s!\002\266\377\271\344:\030\221i\267\257\215\237M\014\3345f\014\273|\207\367\334\337F\325\004cxB\211LvG0E\002!\000\247,\235\324\260 \375\303Uzw\374\020Ok.\213\010#\003\263}}\340\3054\211\032\260\347w\315\002 8\016p\250-\371\014\035\351 cm\326\377\261\242\200cB\337\254\343\223\260\325@\323\331\264\351#\374""; "
1750527518037,1750527518037,782,1,0,4,TMValidation,"validation: """"\200\000\000\000&\000\000\000\002)/\351\252\234:\303`\246;Q\203[_Q\032Yt\320\244{g\0306\\302\303*\341\215\223\257\364\277o\375\000r\241SOq\221\253\262\005\017P\027\000\000\000\000\000\000\000\000\000\000\000\000\000\000\000\000\000\000\000\000\000\000\000\000\000\000\000\000\000\000\000\000P\031-}\351f\032\255\274\334m\326c\017\014ao[\342\230\003\245\245\3341Hm\326^\017jy\335\261s!\002\266\377\271\344:\030\221i\267\257\215\237M\014\3345f\014\273|\207\367\334\337F\325\004cxB\211LvG0E\002!\000\247,\235\324\260 \375\303Uzw\374\020Ok.\213\010#\003\263}}\340\3054\211\032\260\347w\315\002 8\016p\250-\371\014\035\351 cm\326\377\261\242\200cB\337\254\343\223\260\325@\323\331\264\351#\374""; ","validation: """"\200\000\000\000&\000\000\000\002)/\351\252\234:\303`\246;Q\203[_Q\032Yt\320\244{g\0306\\302\303*\341\215\223\257\364\277o\375\000r\241SOq\221\253\262\005\017P\027\000\000\000\000\000\000\000\000\000\000\000\000\000\000\000\000\000\000\000\000\000\000\000\000\000\000\000\000\000\000\000\000P\031-}\351f\032\255\274\334m\326c\017\014ao[\342\230\003\245\245\3341Hm\326^\017jy\335\261s!\002\266\377\271\344:\030\221i\267\257\215\237M\014\3345f\014\273|\207\367\334\337F\325\004cxB\211LvG0E\002!\000\247,\235\324\260 \375\303Uzw\374\020Ok.\213\010#\003\263}}\340\3054\211\032\260\347w\315\002 8\016p\250-\371\014\035\351 cm\326\377\261\242\200cB\337\254\343\223\260\325@\323\331\264\351#\374""; "
1750527518037,1750527518037,2261,1,0,1,TMValidation,"validation: """"\200\000\000\000&\000\000\000\002)/\351\252\234:\303`\246;Q\203[_Q\032Yt\320\244{g\0306\\302\303*\341\215\223\257\364\277o\375\000r\241SOq\221\253\262\005\017P\027\000\000\000\000\000\000\000\000\000\000\000\000\000\000\000\000\000\000\000\000\000\000\000\000\000\000\000\000\000\000\000\000P\031-}\351f\032\255\274\334m\326c\017\014ao[\342\230\003\245\245\3341Hm\326^\017jy\335\261s!\002\266\377\271\344:\030\221i\267\257\215\237M\014\3345f\014\273|\207\367\334\337F\325\004cxB\211LvG0E\002!\000\247,\235\324\260 \375\303Uzw\374\020Ok.\213\010#\003\263}}\340\3054\211\032\260\347w\315\002 8\016p\250-\371\014\035\351 cm\326\377\261\242\200cB\337\254\343\223\260\325@\323\331\264\351#\374""; ","validation: """"\200\000\000\000&\000\000\000\002)/\351\252\234:\303`\246;Q\203[_Q\032Yt\320\244{g\0306\\302\303*\341\215\223\257\364\277o\375\000r\241SOq\221\253\262\005\017P\027\000\000\000\000\000\000\000\000\000\000\000\000\000\000\000\000\000\000\000\000\000\000\000\000\000\000\000\000\000\000\000\000P\031-}\351f\032\255\274\334m\326c\017\014ao[\342\230\003\245\245\3341Hm\326^\017jy\335\261s!\002\266\377\271\344:\030\221i\267\257\215\237M\014\3345f\014\273|\207\367\334\337F\325\004cxB\211LvG0E\002!\000\247,\235\324\260 \375\303Uzw\374\020Ok.\213\010#\003\263}}\340\3054\211\032\260\347w\315\002 8\016p\250-\371\014\035\351 cm\326\377\261\242\200cB\337\254\343\223\260\325@\323\331\264\351#\374""; "
1750527518058,1750527518058,723,1,2,3,TMValidation,"validation: """"\200\000\000\000&\000\000\000\002)/\351\252\234:\355<\266\216~aC\027Q\032Yt\320\244{g\0306\\302\303*\341\215\223\257\364\277o\375\000r\241SOq\221\253\262\005\017P\027\000\000\000\000\000\000\000\000\000\000\000\000\000\000\000\000\000\000\000\000\000\000\000\000\000\000\000\000\000\000\000\000P\031-}\351f\032\255\274\334m\326c\017\014ao[\342\230\003\245\245\3341Hm\326^\017jy\335\261s!\002\225aM\037\203M\271C\224]$\245\215\334\264;{{\365%Z\2443U\201\242\320iUc\207\367vG0E\002!\000\211\377I\036\242\256A\351\252\227\317\333\354\301}\240\257\220\272/M\243;\257\356\354\216^\2002\227>\002 lS\305Q\372T\224h\375#\236s\301\031A\266{O\326Q\266\3750\037\252\331~\226\350i\305a""; ","validation: """"\200\000\000\000&\000\000\000\002)/\351\252\234:\355<\266\216~aC\027Q\032Yt\320\244{g\0306\\302\303*\341\215\223\257\364\277o\375\000r\241SOq\221\253\262\005\017P\027\000\000\000\000\000\000\000\000\000\000\000\000\000\000\000\000\000\000\000\000\000\000\000\000\000\000\000\000\000\000\000\000P\031-}\351f\032\255\274\334m\326c\017\014ao[\342\230\003\245\245\3341Hm\326^\017jy\335\261s!\002\225aM\037\203M\271C\224]$\245\215\334\264;{{\365%Z\2443U\201\242\320iUc\207\367vG0E\002!\000\211\377I\036\242\256A\351\252\227\317\333\354\301}\240\257\220\272/M\243;\257\356\354\216^\2002\227>\002 lS\305Q\372T\224h\375#\236s\301\031A\266{O\326Q\266\3750\037\252\331~\226\350i\305a""; "
1750527518059,1750527518059,340,1,2,1,TMValidation,"validation: """"\200\000\000\000&\000\000\000\002)/\351\252\234:\355<\266\216~aC\027Q\032Yt\320\244{g\0306\\302\303*\341\215\223\257\364\277o\375\000r\241SOq\221\253\262\005\017P\027\000\000\000\000\000\000\000\000\000\000\000\000\000\000\000\000\000\000\000\000\000\000\000\000\000\000\000\000\000\000\000\000P\031-}\351f\032\255\274\334m\326c\017\014ao[\342\230\003\245\245\3341Hm\326^\017jy\335\261s!\002\225aM\037\203M\271C\224]$\245\215\334\264;{{\365%Z\2443U\201\242\320iUc\207\367vG0E\002!\000\211\377I\036\242\256A\351\252\227\317\333\354\301}\240\257\220\272/M\243;\257\356\354\216^\2002\227>\002 lS\305Q\372T\224h\375#\236s\301\031A\266{O\326Q\266\3750\037\252\331~\226\350i\305a""; ","validation: """"\200\000\000\000&\000\000\000\002)/\351\252\234:\355<\266\216~aC\027Q\032Yt\320\244{g\0306\\302\303*\341\215\223\257\364\277o\375\000r\241SOq\221\253\262\005\017P\027\000\000\000\000\000\000\000\000\000\000\000\000\000\000\000\000\000\000\000\000\000\000\000\000\000\000\000\000\000\000\000\000P\031-}\351f\032\255\274\334m\326c\017\014ao[\342\230\003\245\245\3341Hm\326^\017jy\335\261s!\002\225aM\037\203M\271C\224]$\245\215\334\264;{{\365%Z\2443U\201\242\320iUc\207\367vG0E\002!\000\211\377I\036\242\256A\351\252\227\317\333\354\301}\240\257\220\272/M\243;\257\356\354\216^\2002\227>\002 lS\305Q\372T\224h\375#\236s\301\031A\266{O\326Q\266\3750\037\252\331~\226\350i\305a""; "
1750527518059,1750527518059,446,1,2,0,TMValidation,"validation: """"\200\000\000\000&\000\000\000\002)/\351\252\234:\355<\266\216~aC\027Q\032Yt\320\244{g\0306\\302\303*\341\215\223\257\364\277o\375\000r\241SOq\221\253\262\005\017P\027\000\000\000\000\000\000\000\000\000\000\000\000\000\000\000\000\000\000\000\000\000\000\000\000\000\000\000\000\000\000\000\000P\031-}\351f\032\255\274\334m\326c\017\014ao[\342\230\003\245\245\3341Hm\326^\017jy\335\261s!\002\225aM\037\203M\271C\224]$\245\215\334\264;{{\365%Z\2443U\201\242\320iUc\207\367vG0E\002!\000\211\377I\036\242\256A\351\252\227\317\333\354\301}\240\257\220\272/M\243;\257\356\354\216^\2002\227>\002 lS\305Q\372T\224h\375#\236s\301\031A\266{O\326Q\266\3750\037\252\331~\226\350i\305a""; ","validation: """"\200\000\000\000&\000\000\000\002)/\351\252\234:\355<\266\216~aC\027Q\032Yt\320\244{g\0306\\302\303*\341\215\223\257\364\277o\375\000r\241SOq\221\253\262\005\017P\027\000\000\000\000\000\000\000\000\000\000\000\000\000\000\000\000\000\000\000\000\000\000\000\000\000\000\000\000\000\000\000\000P\031-}\351f\032\255\274\334m\326c\017\014ao[\342\230\003\245\245\3341Hm\326^\017jy\335\261s!\002\225aM\037\203M\271C\224]$\245\215\334\264;{{\365%Z\2443U\201\242\320iUc\207\367vG0E\002!\000\211\377I\036\242\256A\351\252\227\317\333\354\301}\240\257\220\272/M\243;\257\356\354\216^\2002\227>\002 lS\305Q\372T\224h\375#\236s\301\031A\266{O\326Q\266\3750\037\252\331~\226\350i\305a""; "
1750527518060,1750527518060,3736,1,3,4,TMValidation,"validation: """"\200\000\000\000&\000\000\000\002)/\351\252\234:\r\302\353\023?\373\240rQ\032Yt\320\244{g\0306\\302\303*\341\215\223\257\364\277o\375\000r\241SOq\221\253\262\005\017P\027\000\000\000\000\000\000\000\000\000\000\000\000\000\000\000\000\000\000\000\000\000\000\000\000\000\000\000\000\000\000\000\000P\031-}\351f\032\255\274\334m\326c\017\014ao[\342\230\003\245\245\3341Hm\326^\017jy\335\261s!\003R7o\362bV\300hf\266\241;}\200^\374\240\203[:\342Q\225\221\027y\372\255\235\216\323~vG0E\002!\000\3075%R\317\007\346\373T\221\026\264\233\303\303\320\304\310z\001""D\372O\243\025\327\364\351<\264\020\002 \024\r1\262\305\277\036n\337\2318\254@o\363\251u\316g\223\007U\221\335\214W\2556T\010?\314""; ","validation: """"\200\000\000\000&\000\000\000\002)/\351\252\234:\r\302\353\023?\373\240rQ\032Yt\320\244{g\0306\\302\303*\341\215\223\257\364\277o\375\000r\241SOq\221\253\262\005\017P\027\000\000\000\000\000\000\000\000\000\000\000\000\000\000\000\000\000\000\000\000\000\000\000\000\000\000\000\000\000\000\000\000P\031-}\351f\032\255\274\334m\326c\017\014ao[\342\230\003\245\245\3341Hm\326^\017jy\335\261s!\003R7o\362bV\300hf\266\241;}\200^\374\240\203[:\342Q\225\221\027y\372\255\235\216\323~vG0E\002!\000\3075%R\317\007\346\373T\221\026\264\233\303\303\320\304\310z\001""D\372O\243\025\327\364\351<\264\020\002 \024\r1\262\305\277\036n\337\2318\254@o\363\251u\316g\223\007U\221\335\214W\2556T\010?\314""; "
1750527518061,1750527518061,3459,1,3,1,TMValidation,"validation: """"\200\000\000\000&\000\000\000\002)/\351\252\234:\r\302\353\023?\373\240rQ\032Yt\320\244{g\0306\\302\303*\341\215\223\257\364\277o\375\000r\241SOq\221\253\262\005\017P\027\000\000\000\000\000\000\000\000\000\000\000\000\000\000\000\000\000\000\000\000\000\000\000\000\000\000\000\000\000\000\000\000P\031-}\351f\032\255\274\334m\326c\017\014ao[\342\230\003\245\245\3341Hm\326^\017jy\335\261s!\003R7o\362bV\300hf\266\241;}\200^\374\240\203[:\342Q\225\221\027y\372\255\235\216\323~vG0E\002!\000\3075%R\317\007\346\373T\221\026\264\233\303\303\320\304\310z\001""D\372O\243\025\327\364\351<\264\020\002 \024\r1\262\305\277\036n\337\2318\254@o\363\251u\316g\223\007U\221\335\214W\2556T\010?\314""; ","validation: """"\200\000\000\000&\000\000\000\002)/\351\252\234:\r\302\353\023?\373\240rQ\032Yt\320\244{g\0306\\302\303*\341\215\223\257\364\277o\375\000r\241SOq\221\253\262\005\017P\027\000\000\000\000\000\000\000\000\000\000\000\000\000\000\000\000\000\000\000\000\000\000\000\000\000\000\000\000\000\000\000\000P\031-}\351f\032\255\274\334m\326c\017\014ao[\342\230\003\245\245\3341Hm\326^\017jy\335\261s!\003R7o\362bV\300hf\266\241;}\200^\374\240\203[:\342Q\225\221\027y\372\255\235\216\323~vG0E\002!\000\3075%R\317\007\346\373T\221\026\264\233\303\303\320\304\310z\001""D\372O\243\025\327\364\351<\264\020\002 \024\r1\262\305\277\036n\337\2318\254@o\363\251u\316g\223\007U\221\335\214W\2556T\010?\314""; "
1750527518061,1750527518061,1777,1,3,0,TMValidation,"validation: """"\200\000\000\000&\000\000\000\002)/\351\252\234:\r\302\353\023?\373\240rQ\032Yt\320\244{g\0306\\302\303*\341\215\223\257\364\277o\375\000r\241SOq\221\253\262\005\017P\027\000\000\000\000\000\000\000\000\000\000\000\000\000\000\000\000\000\000\000\000\000\000\000\000\000\000\000\000\000\000\000\000P\031-}\351f\032\255\274\334m\326c\017\014ao[\342\230\003\245\245\3341Hm\326^\017jy\335\261s!\003R7o\362bV\300hf\266\241;}\200^\374\240\203[:\342Q\225\221\027y\372\255\235\216\323~vG0E\002!\000\3075%R\317\007\346\373T\221\026\264\233\303\303\320\304\310z\001""D\372O\243\025\327\364\351<\264\020\002 \024\r1\262\305\277\036n\337\2318\254@o\363\251u\316g\223\007U\221\335\214W\2556T\010?\314""; ","validation: """"\200\000\000\000&\000\000\000\002)/\351\252\234:\r\302\353\023?\373\240rQ\032Yt\320\244{g\0306\\302\303*\341\215\223\257\364\277o\375\000r\241SOq\221\253\262\005\017P\027\000\000\000\000\000\000\000\000\000\000\000\000\000\000\000\000\000\000\000\000\000\000\000\000\000\000\000\000\000\000\000\000P\031-}\351f\032\255\274\334m\326c\017\014ao[\342\230\003\245\245\3341Hm\326^\017jy\335\261s!\003R7o\362bV\300hf\266\241;}\200^\374\240\203[:\342Q\225\221\027y\372\255\235\216\323~vG0E\002!\000\3075%R\317\007\346\373T\221\026\264\233\303\303\320\304\310z\001""D\372O\243\025\327\364\351<\264\020\002 \024\r1\262\305\277\036n\337\2318\254@o\363\251u\316g\223\007U\221\335\214W\2556T\010?\314""; "
1750527518185,1750527518185,782,1,0,4,TMValidation,"validation: """"\200\000\000\000&\000\000\000\002)/\351\252\234:p\210\265\307-\212\200\004Q\032Yt\320\244{g\0306\\302\303*\341\215\223\257\364\277o\375\000r\241SOq\221\253\262\005\017P\027\000\000\000\000\000\000\000\000\000\000\000\000\000\000\000\000\000\000\000\000\000\000\000\000\000\000\000\000\000\000\000\000P\031-}\351f\032\255\274\334m\326c\017\014ao[\342\230\003\245\245\3341Hm\326^\017jy\335\261s!\002\364d\217\366\217|\316F\232\231\241\n\261\333`\312O\367\235\025DD\336e\367\n\312\326\221\037\025\230vG0E\002!\000\250\261\242\021\345\376\002\3235\262\365\316\013\261\032\230\234&\376\357\222\272W\237\376\226\232\323\nkw\352\002 \020\227x\215Z\260S\200\275\270\215zt\223e\261\221H\212J\200\244\034G\270\233\325O\374\222;K""; ","validation: """"\200\000\000\000&\000\000\000\002)/\351\252\234:p\210\265\307-\212\200\004Q\032Yt\320\244{g\0306\\302\303*\341\215\223\257\364\277o\375\000r\241SOq\221\253\262\005\017P\027\000\000\000\000\000\000\000\000\000\000\000\000\000\000\000\000\000\000\000\000\000\000\000\000\000\000\000\000\000\000\000\000P\031-}\351f\032\255\274\334m\326c\017\014ao[\342\230\003\245\245\3341Hm\326^\017jy\335\261s!\002\364d\217\366\217|\316F\232\231\241\n\261\333`\312O\367\235\025DD\336e\367\n\312\326\221\037\025\230vG0E\002!\000\250\261\242\021\345\376\002\3235\262\365\316\013\261\032\230\234&\376\357\222\272W\237\376\226\232\323\nkw\352\002 \020\227x\215Z\260S\200\275\270\215zt\223e\261\221H\212J\200\244\034G\270\233\325O\374\222;K""; "
1750527518186,1750527518186,1933,1,0,2,TMValidation,"validation: """"\200\000\000\000&\000\000\000\002)/\351\252\234:p\210\265\307-\212\200\004Q\032Yt\320\244{g\0306\\302\303*\341\215\223\257\364\277o\375\000r\241SOq\221\253\262\005\017P\027\000\000\000\000\000\000\000\000\000\000\000\000\000\000\000\000\000\000\000\000\000\000\000\000\000\000\000\000\000\000\000\000P\031-}\351f\032\255\274\334m\326c\017\014ao[\342\230\003\245\245\3341Hm\326^\017jy\335\261s!\002\364d\217\366\217|\316F\232\231\241\n\261\333`\312O\367\235\025DD\336e\367\n\312\326\221\037\025\230vG0E\002!\000\250\261\242\021\345\376\002\3235\262\365\316\013\261\032\230\234&\376\357\222\272W\237\376\226\232\323\nkw\352\002 \020\227x\215Z\260S\200\275\270\215zt\223e\261\221H\212J\200\244\034G\270\233\325O\374\222;K""; ","validation: """"\200\000\000\000&\000\000\000\002)/\351\252\234:p\210\265\307-\212\200\004Q\032Yt\320\244{g\0306\\302\303*\341\215\223\257\364\277o\375\000r\241SOq\221\253\262\005\017P\027\000\000\000\000\000\000\000\000\000\000\000\000\000\000\000\000\000\000\000\000\000\000\000\000\000\000\000\000\000\000\000\000P\031-}\351f\032\255\274\334m\326c\017\014ao[\342\230\003\245\245\3341Hm\326^\017jy\335\261s!\002\364d\217\366\217|\316F\232\231\241\n\261\333`\312O\367\235\025DD\336e\367\n\312\326\221\037\025\230vG0E\002!\000\250\261\242\021\345\376\002\3235\262\365\316\013\261\032\230\234&\376\357\222\272W\237\376\226\232\323\nkw\352\002 \020\227x\215Z\260S\200\275\270\215zt\223e\261\221H\212J\200\244\034G\270\233\325O\374\222;K""; "
1750527518187,1750527518187,2261,1,0,1,TMValidation,"validation: """"\200\000\000\000&\000\000\000\002)/\351\252\234:p\210\265\307-\212\200\004Q\032Yt\320\244{g\0306\\302\303*\341\215\223\257\364\277o\375\000r\241SOq\221\253\262\005\017P\027\000\000\000\000\000\000\000\000\000\000\000\000\000\000\000\000\000\000\000\000\000\000\000\000\000\000\000\000\000\000\000\000P\031-}\351f\032\255\274\334m\326c\017\014ao[\342\230\003\245\245\3341Hm\326^\017jy\335\261s!\002\364d\217\366\217|\316F\232\231\241\n\261\333`\312O\367\235\025DD\336e\367\n\312\326\221\037\025\230vG0E\002!\000\250\261\242\021\345\376\002\3235\262\365\316\013\261\032\230\234&\376\357\222\272W\237\376\226\232\323\nkw\352\002 \020\227x\215Z\260S\200\275\270\215zt\223e\261\221H\212J\200\244\034G\270\233\325O\374\222;K""; ","validation: """"\200\000\000\000&\000\000\000\002)/\351\252\234:p\210\265\307-\212\200\004Q\032Yt\320\244{g\0306\\302\303*\341\215\223\257\364\277o\375\000r\241SOq\221\253\262\005\017P\027\000\000\000\000\000\000\000\000\000\000\000\000\000\000\000\000\000\000\000\000\000\000\000\000\000\000\000\000\000\000\000\000P\031-}\351f\032\255\274\334m\326c\017\014ao[\342\230\003\245\245\3341Hm\326^\017jy\335\261s!\002\364d\217\366\217|\316F\232\231\241\n\261\333`\312O\367\235\025DD\336e\367\n\312\326\221\037\025\230vG0E\002!\000\250\261\242\021\345\376\002\3235\262\365\316\013\261\032\230\234&\376\357\222\272W\237\376\226\232\323\nkw\352\002 \020\227x\215Z\260S\200\275\270\215zt\223e\261\221H\212J\200\244\034G\270\233\325O\374\222;K""; "
1750527518400,1750527518400,1311,1,1,3,TMValidation,"validation: """"\200\000\000\000&\000\000\000\002)/\351\252\234:\355<\266\216~aC\027Q\032Yt\320\244{g\0306\\302\303*\341\215\223\257\364\277o\375\000r\241SOq\221\253\262\005\017P\027\000\000\000\000\000\000\000\000\000\000\000\000\000\000\000\000\000\000\000\000\000\000\000\000\000\000\000\000\000\000\000\000P\031-}\351f\032\255\274\334m\326c\017\014ao[\342\230\003\245\245\3341Hm\326^\017jy\335\261s!\002\225aM\037\203M\271C\224]$\245\215\334\264;{{\365%Z\2443U\201\242\320iUc\207\367vG0E\002!\000\211\377I\036\242\256A\351\252\227\317\333\354\301}\240\257\220\272/M\243;\257\356\354\216^\2002\227>\002 lS\305Q\372T\224h\375#\236s\301\031A\266{O\326Q\266\3750\037\252\331~\226\350i\305a""; ","validation: """"\200\000\000\000&\000\000\000\002)/\351\252\234:\355<\266\216~aC\027Q\032Yt\320\244{g\0306\\302\303*\341\215\223\257\364\277o\375\000r\241SOq\221\253\262\005\017P\027\000\000\000\000\000\000\000\000\000\000\000\000\000\000\000\000\000\000\000\000\000\000\000\000\000\000\000\000\000\000\000\000P\031-}\351f\032\255\274\334m\326c\017\014ao[\342\230\003\245\245\3341Hm\326^\017jy\335\261s!\002\225aM\037\203M\271C\224]$\245\215\334\264;{{\365%Z\2443U\201\242\320iUc\207\367vG0E\002!\000\211\377I\036\242\256A\351\252\227\317\333\354\301}\240\257\220\272/M\243;\257\356\354\216^\2002\227>\002 lS\305Q\372T\224h\375#\236s\301\031A\266{O\326Q\266\3750\037\252\331~\226\350i\305a""; "
1750527518401,1750527518401,3746,1,1,4,TMValidation,"validation: """"\200\000\000\000&\000\000\000\002)/\351\252\234:\355<\266\216~aC\027Q\032Yt\320\244{g\0306\\302\303*\341\215\223\257\364\277o\375\000r\241SOq\221\253\262\005\017P\027\000\000\000\000\000\000\000\000\000\000\000\000\000\000\000\000\000\000\000\000\000\000\000\000\000\000\000\000\000\000\000\000P\031-}\351f\032\255\274\334m\326c\017\014ao[\342\230\003\245\245\3341Hm\326^\017jy\335\261s!\002\225aM\037\203M\271C\224]$\245\215\334\264;{{\365%Z\2443U\201\242\320iUc\207\367vG0E\002!\000\211\377I\036\242\256A\351\252\227\317\333\354\301}\240\257\220\272/M\243;\257\356\354\216^\2002\227>\002 lS\305Q\372T\224h\375#\236s\301\031A\266{O\326Q\266\3750\037\252\331~\226\350i\305a""; ","validation: """"\200\000\000\000&\000\000\000\002)/\351\252\234:\355<\266\216~aC\027Q\032Yt\320\244{g\0306\\302\303*\341\215\223\257\364\277o\375\000r\241SOq\221\253\262\005\017P\027\000\000\000\000\000\000\000\000\000\000\000\000\000\000\000\000\000\000\000\000\000\000\000\000\000\000\000\000\000\000\000\000P\031-}\351f\032\255\274\334m\326c\017\014ao[\342\230\003\245\245\3341Hm\326^\017jy\335\261s!\002\225aM\037\203M\271C\224]$\245\215\334\264;{{\365%Z\2443U\201\242\320iUc\207\367vG0E\002!\000\211\377I\036\242\256A\351\252\227\317\333\354\301}\240\257\220\272/M\243;\257\356\354\216^\2002\227>\002 lS\305Q\372T\224h\375#\236s\301\031A\266{O\326Q\266\3750\037\252\331~\226\350i\305a""; "
1750527518401,1750527518401,2229,1,1,0,TMValidation,"validation: """"\200\000\000\000&\000\000\000\002)/\351\252\234:\355<\266\216~aC\027Q\032Yt\320\244{g\0306\\302\303*\341\215\223\257\364\277o\375\000r\241SOq\221\253\262\005\017P\027\000\000\000\000\000\000\000\000\000\000\000\000\000\000\000\000\000\000\000\000\000\000\000\000\000\000\000\000\000\000\000\000P\031-}\351f\032\255\274\334m\326c\017\014ao[\342\230\003\245\245\3341Hm\326^\017jy\335\261s!\002\225aM\037\203M\271C\224]$\245\215\334\264;{{\365%Z\2443U\201\242\320iUc\207\367vG0E\002!\000\211\377I\036\242\256A\351\252\227\317\333\354\301}\240\257\220\272/M\243;\257\356\354\216^\2002\227>\002 lS\305Q\372T\224h\375#\236s\301\031A\266{O\326Q\266\3750\037\252\331~\226\350i\305a""; ","validation: """"\200\000\000\000&\000\000\000\002)/\351\252\234:\355<\266\216~aC\027Q\032Yt\320\244{g\0306\\302\303*\341\215\223\257\364\277o\375\000r\241SOq\221\253\262\005\017P\027\000\000\000\000\000\000\000\000\000\000\000\000\000\000\000\000\000\000\000\000\000\000\000\000\000\000\000\000\000\000\000\000P\031-}\351f\032\255\274\334m\326c\017\014ao[\342\230\003\245\245\3341Hm\326^\017jy\335\261s!\002\225aM\037\203M\271C\224]$\245\215\334\264;{{\365%Z\2443U\201\242\320iUc\207\367vG0E\002!\000\211\377I\036\242\256A\351\252\227\317\333\354\301}\240\257\220\272/M\243;\257\356\354\216^\2002\227>\002 lS\305Q\372T\224h\375#\236s\301\031A\266{O\326Q\266\3750\037\252\331~\226\350i\305a""; "
1750527518783,1750527518783,3736,1,3,4,TMValidation,"validation: """"\200\000\000\000&\000\000\000\002)/\351\252\234:\355<\266\216~aC\027Q\032Yt\320\244{g\0306\\302\303*\341\215\223\257\364\277o\375\000r\241SOq\221\253\262\005\017P\027\000\000\000\000\000\000\000\000\000\000\000\000\000\000\000\000\000\000\000\000\000\000\000\000\000\000\000\000\000\000\000\000P\031-}\351f\032\255\274\334m\326c\017\014ao[\342\230\003\245\245\3341Hm\326^\017jy\335\261s!\002\225aM\037\203M\271C\224]$\245\215\334\264;{{\365%Z\2443U\201\242\320iUc\207\367vG0E\002!\000\211\377I\036\242\256A\351\252\227\317\333\354\301}\240\257\220\272/M\243;\257\356\354\216^\2002\227>\002 lS\305Q\372T\224h\375#\236s\301\031A\266{O\326Q\266\3750\037\252\331~\226\350i\305a""; ","validation: """"\200\000\000\000&\000\000\000\002)/\351\252\234:\355<\266\216~aC\027Q\032Yt\320\244{g\0306\\302\303*\341\215\223\257\364\277o\375\000r\241SOq\221\253\262\005\017P\027\000\000\000\000\000\000\000\000\000\000\000\000\000\000\000\000\000\000\000\000\000\000\000\000\000\000\000\000\000\000\000\000P\031-}\351f\032\255\274\334m\326c\017\014ao[\342\230\003\245\245\3341Hm\326^\017jy\335\261s!\002\225aM\037\203M\271C\224]$\245\215\334\264;{{\365%Z\2443U\201\242\320iUc\207\367vG0E\002!\000\211\377I\036\242\256A\351\252\227\317\333\354\301}\240\257\220\272/M\243;\257\356\354\216^\2002\227>\002 lS\305Q\372T\224h\375#\236s\301\031A\266{O\326Q\266\3750\037\252\331~\226\350i\305a""; "
1750527518784,1750527518784,3459,1,3,1,TMValidation,"validation: """"\200\000\000\000&\000\000\000\002)/\351\252\234:\355<\266\216~aC\027Q\032Yt\320\244{g\0306\\302\303*\341\215\223\257\364\277o\375\000r\241SOq\221\253\262\005\017P\027\000\000\000\000\000\000\000\000\000\000\000\000\000\000\000\000\000\000\000\000\000\000\000\000\000\000\000\000\000\000\000\000P\031-}\351f\032\255\274\334m\326c\017\014ao[\342\230\003\245\245\3341Hm\326^\017jy\335\261s!\002\225aM\037\203M\271C\224]$\245\215\334\264;{{\365%Z\2443U\201\242\320iUc\207\367vG0E\002!\000\211\377I\036\242\256A\351\252\227\317\333\354\301}\240\257\220\272/M\243;\257\356\354\216^\2002\227>\002 lS\305Q\372T\224h\375#\236s\301\031A\266{O\326Q\266\3750\037\252\331~\226\350i\305a""; ","validation: """"\200\000\000\000&\000\000\000\002)/\351\252\234:\355<\266\216~aC\027Q\032Yt\320\244{g\0306\\302\303*\341\215\223\257\364\277o\375\000r\241SOq\221\253\262\005\017P\027\000\000\000\000\000\000\000\000\000\000\000\000\000\000\000\000\000\000\000\000\000\000\000\000\000\000\000\000\000\000\000\000P\031-}\351f\032\255\274\334m\326c\017\014ao[\342\230\003\245\245\3341Hm\326^\017jy\335\261s!\002\225aM\037\203M\271C\224]$\245\215\334\264;{{\365%Z\2443U\201\242\320iUc\207\367vG0E\002!\000\211\377I\036\242\256A\351\252\227\317\333\354\301}\240\257\220\272/M\243;\257\356\354\216^\2002\227>\002 lS\305Q\372T\224h\375#\236s\301\031A\266{O\326Q\266\3750\037\252\331~\226\350i\305a""; "
1750527518785,1750527518785,1777,1,3,0,TMValidation,"validation: """"\200\000\000\000&\000\000\000\002)/\351\252\234:\355<\266\216~aC\027Q\032Yt\320\244{g\0306\\302\303*\341\215\223\257\364\277o\375\000r\241SOq\221\253\262\005\017P\027\000\000\000\000\000\000\000\000\000\000\000\000\000\000\000\000\000\000\000\000\000\000\000\000\000\000\000\000\000\000\000\000P\031-}\351f\032\255\274\334m\326c\017\014ao[\342\230\003\245\245\3341Hm\326^\017jy\335\261s!\002\225aM\037\203M\271C\224]$\245\215\334\264;{{\365%Z\2443U\201\242\320iUc\207\367vG0E\002!\000\211\377I\036\242\256A\351\252\227\317\333\354\301}\240\257\220\272/M\243;\257\356\354\216^\2002\227>\002 lS\305Q\372T\224h\375#\236s\301\031A\266{O\326Q\266\3750\037\252\331~\226\350i\305a""; ","validation: """"\200\000\000\000&\000\000\000\002)/\351\252\234:\355<\266\216~aC\027Q\032Yt\320\244{g\0306\\302\303*\341\215\223\257\364\277o\375\000r\241SOq\221\253\262\005\017P\027\000\000\000\000\000\000\000\000\000\000\000\000\000\000\000\000\000\000\000\000\000\000\000\000\000\000\000\000\000\000\000\000P\031-}\351f\032\255\274\334m\326c\017\014ao[\342\230\003\245\245\3341Hm\326^\017jy\335\261s!\002\225aM\037\203M\271C\224]$\245\215\334\264;{{\365%Z\2443U\201\242\320iUc\207\367vG0E\002!\000\211\377I\036\242\256A\351\252\227\317\333\354\301}\240\257\220\272/M\243;\257\356\354\216^\2002\227>\002 lS\305Q\372T\224h\375#\236s\301\031A\266{O\326Q\266\3750\037\252\331~\226\350i\305a""; "
1750527518821,1750527518822,783,1,4,2,TMValidation,"validation: """"\200\000\000\000&\000\000\000\002)/\351\252\234:\303`\246;Q\203[_Q\032Yt\320\244{g\0306\\302\303*\341\215\223\257\364\277o\375\000r\241SOq\221\253\262\005\017P\027\000\000\000\000\000\000\000\000\000\000\000\000\000\000\000\000\000\000\000\000\000\000\000\000\000\000\000\000\000\000\000\000P\031-}\351f\032\255\274\334m\326c\017\014ao[\342\230\003\245\245\3341Hm\326^\017jy\335\261s!\002\266\377\271\344:\030\221i\267\257\215\237M\014\3345f\014\273|\207\367\334\337F\325\004cxB\211LvG0E\002!\000\247,\235\324\260 \375\303Uzw\374\020Ok.\213\010#\003\263}}\340\3054\211\032\260\347w\315\002 8\016p\250-\371\014\035\351 cm\326\377\261\242\200cB\337\254\343\223\260\325@\323\331\264\351#\374""; ","validation: """"\200\000\000\000&\000\000\000\002)/\351\252\234:\303`\246;Q\203[_Q\032Yt\320\244{g\0306\\302\303*\341\215\223\257\364\277o\375\000r\241SOq\221\253\262\005\017P\027\000\000\000\000\000\000\000\000\000\000\000\000\000\000\000\000\000\000\000\000\000\000\000\000\000\000\000\000\000\000\000\000P\031-}\351f\032\255\274\334m\326c\017\014ao[\342\230\003\245\245\3341Hm\326^\017jy\335\261s!\002\266\377\271\344:\030\221i\267\257\215\237M\014\3345f\014\273|\207\367\334\337F\325\004cxB\211LvG0E\002!\000\247,\235\324\260 \375\303Uzw\374\020Ok.\213\010#\003\263}}\340\3054\211\032\260\347w\315\002 8\016p\250-\371\014\035\351 cm\326\377\261\242\200cB\337\254\343\223\260\325@\323\331\264\351#\374""; "
1750527518822,1750527518822,3620,1,4,3,TMValidation,"validation: """"\200\000\000\000&\000\000\000\002)/\351\252\234:\303`\246;Q\203[_Q\032Yt\320\244{g\0306\\302\303*\341\215\223\257\364\277o\375\000r\241SOq\221\253\262\005\017P\027\000\000\000\000\000\000\000\000\000\000\000\000\000\000\000\000\000\000\000\000\000\000\000\000\000\000\000\000\000\000\000\000P\031-}\351f\032\255\274\334m\326c\017\014ao[\342\230\003\245\245\3341Hm\326^\017jy\335\261s!\002\266\377\271\344:\030\221i\267\257\215\237M\014\3345f\014\273|\207\367\334\337F\325\004cxB\211LvG0E\002!\000\247,\235\324\260 \375\303Uzw\374\020Ok.\213\010#\003\263}}\340\3054\211\032\260\347w\315\002 8\016p\250-\371\014\035\351 cm\326\377\261\242\200cB\337\254\343\223\260\325@\323\331\264\351#\374""; ","validation: """"\200\000\000\000&\000\000\000\002)/\351\252\234:\303`\246;Q\203[_Q\032Yt\320\244{g\0306\\302\303*\341\215\223\257\364\277o\375\000r\241SOq\221\253\262\005\017P\027\000\000\000\000\000\000\000\000\000\000\000\000\000\000\000\000\000\000\000\000\000\000\000\000\000\000\000\000\000\000\000\000P\031-}\351f\032\255\274\334m\326c\017\014ao[\342\230\003\245\245\3341Hm\326^\017jy\335\261s!\002\266\377\271\344:\030\221i\267\257\215\237M\014\3345f\014\273|\207\367\334\337F\325\004cxB\211LvG0E\002!\000\247,\235\324\260 \375\303Uzw\374\020Ok.\213\010#\003\263}}\340\3054\211\032\260\347w\315\002 8\016p\250-\371\014\035\351 cm\326\377\261\242\200cB\337\254\343\223\260\325@\323\331\264\351#\374""; "
1750527518822,1750527518823,3803,1,4,1,TMValidation,"validation: """"\200\000\000\000&\000\000\000\002)/\351\252\234:\303`\246;Q\203[_Q\032Yt\320\244{g\0306\\302\303*\341\215\223\257\364\277o\375\000r\241SOq\221\253\262\005\017P\027\000\000\000\000\000\000\000\000\000\000\000\000\000\000\000\000\000\000\000\000\000\000\000\000\000\000\000\000\000\000\000\000P\031-}\351f\032\255\274\334m\326c\017\014ao[\342\230\003\245\245\3341Hm\326^\017jy\335\261s!\002\266\377\271\344:\030\221i\267\257\215\237M\014\3345f\014\273|\207\367\334\337F\325\004cxB\211LvG0E\002!\000\247,\235\324\260 \375\303Uzw\374\020Ok.\213\010#\003\263}}\340\3054\211\032\260\347w\315\002 8\016p\250-\371\014\035\351 cm\326\377\261\242\200cB\337\254\343\223\260\325@\323\331\264\351#\374""; ","validation: """"\200\000\000\000&\000\000\000\002)/\351\252\234:\303`\246;Q\203[_Q\032Yt\320\244{g\0306\\302\303*\341\215\223\257\364\277o\375\000r\241SOq\221\253\262\005\017P\027\000\000\000\000\000\000\000\000\000\000\000\000\000\000\000\000\000\000\000\000\000\000\000\000\000\000\000\000\000\000\000\000P\031-}\351f\032\255\274\334m\326c\017\014ao[\342\230\003\245\245\3341Hm\326^\017jy\335\261s!\002\266\377\271\344:\030\221i\267\257\215\237M\014\3345f\014\273|\207\367\334\337F\325\004cxB\211LvG0E\002!\000\247,\235\324\260 \375\303Uzw\374\020Ok.\213\010#\003\263}}\340\3054\211\032\260\347w\315\002 8\016p\250-\371\014\035\351 cm\326\377\261\242\200cB\337\254\343\223\260\325@\323\331\264\351#\374""; "
1750527518970,1750527518971,783,1,4,2,TMValidation,"validation: """"\200\000\000\000&\000\000\000\002)/\351\252\234:p\210\265\307-\212\200\004Q\032Yt\320\244{g\0306\\302\303*\341\215\223\257\364\277o\375\000r\241SOq\221\253\262\005\017P\027\000\000\000\000\000\000\000\000\000\000\000\000\000\000\000\000\000\000\000\000\000\000\000\000\000\000\000\000\000\000\000\000P\031-}\351f\032\255\274\334m\326c\017\014ao[\342\230\003\245\245\3341Hm\326^\017jy\335\261s!\002\364d\217\366\217|\316F\232\231\241\n\261\333`\312O\367\235\025DD\336e\367\n\312\326\221\037\025\230vG0E\002!\000\250\261\242\021\345\376\002\3235\262\365\316\013\261\032\230\234&\376\357\222\272W\237\376\226\232\323\nkw\352\002 \020\227x\215Z\260S\200\275\270\215zt\223e\261\221H\212J\200\244\034G\270\233\325O\374\222;K""; ","validation: """"\200\000\000\000&\000\000\000\002)/\351\252\234:p\210\265\307-\212\200\004Q\032Yt\320\244{g\0306\\302\303*\341\215\223\257\364\277o\375\000r\241SOq\221\253\262\005\017P\027\000\000\000\000\000\000\000\000\000\000\000\000\000\000\000\000\000\000\000\000\000\000\000\000\000\000\000\000\000\000\000\000P\031-}\351f\032\255\274\334m\326c\017\014ao[\342\230\003\245\245\3341Hm\326^\017jy\335\261s!\002\364d\217\366\217|\316F\232\231\241\n\261\333`\312O\367\235\025DD\336e\367\n\312\326\221\037\025\230vG0E\002!\000\250\261\242\021\345\376\002\3235\262\365\316\013\261\032\230\234&\376\357\222\272W\237\376\226\232\323\nkw\352\002 \020\227x\215Z\260S\200\275\270\215zt\223e\261\221H\212J\200\244\034G\270\233\325O\374\222;K""; "
1750527518971,1750527518972,3620,1,4,3,TMValidation,"validation: """"\200\000\000\000&\000\000\000\002)/\351\252\234:p\210\265\307-\212\200\004Q\032Yt\320\244{g\0306\\302\303*\341\215\223\257\364\277o\375\000r\241SOq\221\253\262\005\017P\027\000\000\000\000\000\000\000\000\000\000\000\000\000\000\000\000\000\000\000\000\000\000\000\000\000\000\000\000\000\000\000\000P\031-}\351f\032\255\274\334m\326c\017\014ao[\342\230\003\245\245\3341Hm\326^\017jy\335\261s!\002\364d\217\366\217|\316F\232\231\241\n\261\333`\312O\367\235\025DD\336e\367\n\312\326\221\037\025\230vG0E\002!\000\250\261\242\021\345\376\002\3235\262\365\316\013\261\032\230\234&\376\357\222\272W\237\376\226\232\323\nkw\352\002 \020\227x\215Z\260S\200\275\270\215zt\223e\261\221H\212J\200\244\034G\270\233\325O\374\222;K""; ","validation: """"\200\000\000\000&\000\000\000\002)/\351\252\234:p\210\265\307-\212\200\004Q\032Yt\320\244{g\0306\\302\303*\341\215\223\257\364\277o\375\000r\241SOq\221\253\262\005\017P\027\000\000\000\000\000\000\000\000\000\000\000\000\000\000\000\000\000\000\000\000\000\000\000\000\000\000\000\000\000\000\000\000P\031-}\351f\032\255\274\334m\326c\017\014ao[\342\230\003\245\245\3341Hm\326^\017jy\335\261s!\002\364d\217\366\217|\316F\232\231\241\n\261\333`\312O\367\235\025DD\336e\367\n\312\326\221\037\025\230vG0E\002!\000\250\261\242\021\345\376\002\3235\262\365\316\013\261\032\230\234&\376\357\222\272W\237\376\226\232\323\nkw\352\002 \020\227x\215Z\260S\200\275\270\215zt\223e\261\221H\212J\200\244\034G\270\233\325O\374\222;K""; "
1750527518972,1750527518972,3803,1,4,1,TMValidation,"validation: """"\200\000\000\000&\000\000\000\002)/\351\252\234:p\210\265\307-\212\200\004Q\032Yt\320\244{g\0306\\302\303*\341\215\223\257\364\277o\375\000r\241SOq\221\253\262\005\017P\027\000\000\000\000\000\000\000\000\000\000\000\000\000\000\000\000\000\000\000\000\000\000\000\000\000\000\000\000\000\000\000\000P\031-}\351f\032\255\274\334m\326c\017\014ao[\342\230\003\245\245\3341Hm\326^\017jy\335\261s!\002\364d\217\366\217|\316F\232\231\241\n\261\333`\312O\367\235\025DD\336e\367\n\312\326\221\037\025\230vG0E\002!\000\250\261\242\021\345\376\002\3235\262\365\316\013\261\032\230\234&\376\357\222\272W\237\376\226\232\323\nkw\352\002 \020\227x\215Z\260S\200\275\270\215zt\223e\261\221H\212J\200\244\034G\270\233\325O\374\222;K""; ","validation: """"\200\000\000\000&\000\000\000\002)/\351\252\234:p\210\265\307-\212\200\004Q\032Yt\320\244{g\0306\\302\303*\341\215\223\257\364\277o\375\000r\241SOq\221\253\262\005\017P\027\000\000\000\000\000\000\000\000\000\000\000\000\000\000\000\000\000\000\000\000\000\000\000\000\000\000\000\000\000\000\000\000P\031-}\351f\032\255\274\334m\326c\017\014ao[\342\230\003\245\245\3341Hm\326^\017jy\335\261s!\002\364d\217\366\217|\316F\232\231\241\n\261\333`\312O\367\235\025DD\336e\367\n\312\326\221\037\025\230vG0E\002!\000\250\261\242\021\345\376\002\3235\262\365\316\013\261\032\230\234&\376\357\222\272W\237\376\226\232\323\nkw\352\002 \020\227x\215Z\260S\200\275\270\215zt\223e\261\221H\212J\200\244\034G\270\233\325O\374\222;K""; "
1750527519533,1750527519533,3128,1,2,4,TMValidation,"validation: """"\200\000\000\000&\000\000\000\002)/\351\252\234:p\210\265\307-\212\200\004Q\032Yt\320\244{g\0306\\302\303*\341\215\223\257\364\277o\375\000r\241SOq\221\253\262\005\017P\027\000\000\000\000\000\000\000\000\000\000\000\000\000\000\000\000\000\000\000\000\000\000\000\000\000\000\000\000\000\000\000\000P\031-}\351f\032\255\274\334m\326c\017\014ao[\342\230\003\245\245\3341Hm\326^\017jy\335\261s!\002\364d\217\366\217|\316F\232\231\241\n\261\333`\312O\367\235\025DD\336e\367\n\312\326\221\037\025\230vG0E\002!\000\250\261\242\021\345\376\002\3235\262\365\316\013\261\032\230\234&\376\357\222\272W\237\376\226\232\323\nkw\352\002 \020\227x\215Z\260S\200\275\270\215zt\223e\261\221H\212J\200\244\034G\270\233\325O\374\222;K""; ","validation: """"\200\000\000\000&\000\000\000\002)/\351\252\234:p\210\265\307-\212\200\004Q\032Yt\320\244{g\0306\\302\303*\341\215\223\257\364\277o\375\000r\241SOq\221\253\262\005\017P\027\000\000\000\000\000\000\000\000\000\000\000\000\000\000\000\000\000\000\000\000\000\000\000\000\000\000\000\000\000\000\000\000P\031-}\351f\032\255\274\334m\326c\017\014ao[\342\230\003\245\245\3341Hm\326^\017jy\335\261s!\002\364d\217\366\217|\316F\232\231\241\n\261\333`\312O\367\235\025DD\336e\367\n\312\326\221\037\025\230vG0E\002!\000\250\261\242\021\345\376\002\3235\262\365\316\013\261\032\230\234&\376\357\222\272W\237\376\226\232\323\nkw\352\002 \020\227x\215Z\260S\200\275\270\215zt\223e\261\221H\212J\200\244\034G\270\233\325O\374\222;K""; "
1750527519533,1750527519533,446,1,2,0,TMValidation,"validation: """"\200\000\000\000&\000\000\000\002)/\351\252\234:p\210\265\307-\212\200\004Q\032Yt\320\244{g\0306\\302\303*\341\215\223\257\364\277o\375\000r\241SOq\221\253\262\005\017P\027\000\000\000\000\000\000\000\000\000\000\000\000\000\000\000\000\000\000\000\000\000\000\000\000\000\000\000\000\000\000\000\000P\031-}\351f\032\255\274\334m\326c\017\014ao[\342\230\003\245\245\3341Hm\326^\017jy\335\261s!\002\364d\217\366\217|\316F\232\231\241\n\261\333`\312O\367\235\025DD\336e\367\n\312\326\221\037\025\230vG0E\002!\000\250\261\242\021\345\376\002\3235\262\365\316\013\261\032\230\234&\376\357\222\272W\237\376\226\232\323\nkw\352\002 \020\227x\215Z\260S\200\275\270\215zt\223e\261\221H\212J\200\244\034G\270\233\325O\374\222;K""; ","validation: """"\200\000\000\000&\000\000\000\002)/\351\252\234:p\210\265\307-\212\200\004Q\032Yt\320\244{g\0306\\302\303*\341\215\223\257\364\277o\375\000r\241SOq\221\253\262\005\017P\027\000\000\000\000\000\000\000\000\000\000\000\000\000\000\000\000\000\000\000\000\000\000\000\000\000\000\000\000\000\000\000\000P\031-}\351f\032\255\274\334m\326c\017\014ao[\342\230\003\245\245\3341Hm\326^\017jy\335\261s!\002\364d\217\366\217|\316F\232\231\241\n\261\333`\312O\367\235\025DD\336e\367\n\312\326\221\037\025\230vG0E\002!\000\250\261\242\021\345\376\002\3235\262\365\316\013\261\032\230\234&\376\357\222\272W\237\376\226\232\323\nkw\352\002 \020\227x\215Z\260S\200\275\270\215zt\223e\261\221H\212J\200\244\034G\270\233\325O\374\222;K""; "
1750527519534,1750527519534,340,1,2,1,TMValidation,"validation: """"\200\000\000\000&\000\000\000\002)/\351\252\234:p\210\265\307-\212\200\004Q\032Yt\320\244{g\0306\\302\303*\341\215\223\257\364\277o\375\000r\241SOq\221\253\262\005\017P\027\000\000\000\000\000\000\000\000\000\000\000\000\000\000\000\000\000\000\000\000\000\000\000\000\000\000\000\000\000\000\000\000P\031-}\351f\032\255\274\334m\326c\017\014ao[\342\230\003\245\245\3341Hm\326^\017jy\335\261s!\002\364d\217\366\217|\316F\232\231\241\n\261\333`\312O\367\235\025DD\336e\367\n\312\326\221\037\025\230vG0E\002!\000\250\261\242\021\345\376\002\3235\262\365\316\013\261\032\230\234&\376\357\222\272W\237\376\226\232\323\nkw\352\002 \020\227x\215Z\260S\200\275\270\215zt\223e\261\221H\212J\200\244\034G\270\233\325O\374\222;K""; ","validation: """"\200\000\000\000&\000\000\000\002)/\351\252\234:p\210\265\307-\212\200\004Q\032Yt\320\244{g\0306\\302\303*\341\215\223\257\364\277o\375\000r\241SOq\221\253\262\005\017P\027\000\000\000\000\000\000\000\000\000\000\000\000\000\000\000\000\000\000\000\000\000\000\000\000\000\000\000\000\000\000\000\000P\031-}\351f\032\255\274\334m\326c\017\014ao[\342\230\003\245\245\3341Hm\326^\017jy\335\261s!\002\364d\217\366\217|\316F\232\231\241\n\261\333`\312O\367\235\025DD\336e\367\n\312\326\221\037\025\230vG0E\002!\000\250\261\242\021\345\376\002\3235\262\365\316\013\261\032\230\234&\376\357\222\272W\237\376\226\232\323\nkw\352\002 \020\227x\215Z\260S\200\275\270\215zt\223e\261\221H\212J\200\244\034G\270\233\325O\374\222;K""; "
1750527519867,1750527519867,3746,1,1,4,TMValidation,"validation: """"\200\000\000\000&\000\000\000\002)/\351\252\234:p\210\265\307-\212\200\004Q\032Yt\320\244{g\0306\\302\303*\341\215\223\257\364\277o\375\000r\241SOq\221\253\262\005\017P\027\000\000\000\000\000\000\000\000\000\000\000\000\000\000\000\000\000\000\000\000\000\000\000\000\000\000\000\000\000\000\000\000P\031-}\351f\032\255\274\334m\326c\017\014ao[\342\230\003\245\245\3341Hm\326^\017jy\335\261s!\002\364d\217\366\217|\316F\232\231\241\n\261\333`\312O\367\235\025DD\336e\367\n\312\326\221\037\025\230vG0E\002!\000\250\261\242\021\345\376\002\3235\262\365\316\013\261\032\230\234&\376\357\222\272W\237\376\226\232\323\nkw\352\002 \020\227x\215Z\260S\200\275\270\215zt\223e\261\221H\212J\200\244\034G\270\233\325O\374\222;K""; ","validation: """"\200\000\000\000&\000\000\000\002)/\351\252\234:p\210\265\307-\212\200\004Q\032Yt\320\244{g\0306\\302\303*\341\215\223\257\364\277o\375\000r\241SOq\221\253\262\005\017P\027\000\000\000\000\000\000\000\000\000\000\000\000\000\000\000\000\000\000\000\000\000\000\000\000\000\000\000\000\000\000\000\000P\031-}\351f\032\255\274\334m\326c\017\014ao[\342\230\003\245\245\3341Hm\326^\017jy\335\261s!\002\364d\217\366\217|\316F\232\231\241\n\261\333`\312O\367\235\025DD\336e\367\n\312\326\221\037\025\230vG0E\002!\000\250\261\242\021\345\376\002\3235\262\365\316\013\261\032\230\234&\376\357\222\272W\237\376\226\232\323\nkw\352\002 \020\227x\215Z\260S\200\275\270\215zt\223e\261\221H\212J\200\244\034G\270\233\325O\374\222;K""; "
1750527519868,1750527519868,949,1,1,2,TMValidation,"validation: """"\200\000\000\000&\000\000\000\002)/\351\252\234:p\210\265\307-\212\200\004Q\032Yt\320\244{g\0306\\302\303*\341\215\223\257\364\277o\375\000r\241SOq\221\253\262\005\017P\027\000\000\000\000\000\000\000\000\000\000\000\000\000\000\000\000\000\000\000\000\000\000\000\000\000\000\000\000\000\000\000\000P\031-}\351f\032\255\274\334m\326c\017\014ao[\342\230\003\245\245\3341Hm\326^\017jy\335\261s!\002\364d\217\366\217|\316F\232\231\241\n\261\333`\312O\367\235\025DD\336e\367\n\312\326\221\037\025\230vG0E\002!\000\250\261\242\021\345\376\002\3235\262\365\316\013\261\032\230\234&\376\357\222\272W\237\376\226\232\323\nkw\352\002 \020\227x\215Z\260S\200\275\270\215zt\223e\261\221H\212J\200\244\034G\270\233\325O\374\222;K""; ","validation: """"\200\000\000\000&\000\000\000\002)/\351\252\234:p\210\265\307-\212\200\004Q\032Yt\320\244{g\0306\\302\303*\341\215\223\257\364\277o\375\000r\241SOq\221\253\262\005\017P\027\000\000\000\000\000\000\000\000\000\000\000\000\000\000\000\000\000\000\000\000\000\000\000\000\000\000\000\000\000\000\000\000P\031-}\351f\032\255\274\334m\326c\017\014ao[\342\230\003\245\245\3341Hm\326^\017jy\335\261s!\002\364d\217\366\217|\316F\232\231\241\n\261\333`\312O\367\235\025DD\336e\367\n\312\326\221\037\025\230vG0E\002!\000\250\261\242\021\345\376\002\3235\262\365\316\013\261\032\230\234&\376\357\222\272W\237\376\226\232\323\nkw\352\002 \020\227x\215Z\260S\200\275\270\215zt\223e\261\221H\212J\200\244\034G\270\233\325O\374\222;K""; "
1750527519868,1750527519868,2229,1,1,0,TMValidation,"validation: """"\200\000\000\000&\000\000\000\002)/\351\252\234:p\210\265\307-\212\200\004Q\032Yt\320\244{g\0306\\302\303*\341\215\223\257\364\277o\375\000r\241SOq\221\253\262\005\017P\027\000\000\000\000\000\000\000\000\000\000\000\000\000\000\000\000\000\000\000\000\000\000\000\000\000\000\000\000\000\000\000\000P\031-}\351f\032\255\274\334m\326c\017\014ao[\342\230\003\245\245\3341Hm\326^\017jy\335\261s!\002\364d\217\366\217|\316F\232\231\241\n\261\333`\312O\367\235\025DD\336e\367\n\312\326\221\037\025\230vG0E\002!\000\250\261\242\021\345\376\002\3235\262\365\316\013\261\032\230\234&\376\357\222\272W\237\376\226\232\323\nkw\352\002 \020\227x\215Z\260S\200\275\270\215zt\223e\261\221H\212J\200\244\034G\270\233\325O\374\222;K""; ","validation: """"\200\000\000\000&\000\000\000\002)/\351\252\234:p\210\265\307-\212\200\004Q\032Yt\320\244{g\0306\\302\303*\341\215\223\257\364\277o\375\000r\241SOq\221\253\262\005\017P\027\000\000\000\000\000\000\000\000\000\000\000\000\000\000\000\000\000\000\000\000\000\000\000\000\000\000\000\000\000\000\000\000P\031-}\351f\032\255\274\334m\326c\017\014ao[\342\230\003\245\245\3341Hm\326^\017jy\335\261s!\002\364d\217\366\217|\316F\232\231\241\n\261\333`\312O\367\235\025DD\336e\367\n\312\326\221\037\025\230vG0E\002!\000\250\261\242\021\345\376\002\3235\262\365\316\013\261\032\230\234&\376\357\222\272W\237\376\226\232\323\nkw\352\002 \020\227x\215Z\260S\200\275\270\215zt\223e\261\221H\212J\200\244\034G\270\233\325O\374\222;K""; "
1750527520404,1750527520404,1272,1,3,4,TMProposeSet,"proposeSeq: 0; currentTxHash: ""\000\000\000\000\000\000\000\000\000\000\000\000\000\000\000\000\000\000\000\000\000\000\000\000\000\000\000\000\000\000\000\000""; nodePubKey: ""\002\364d\217\366\217|\316F\232\231\241\n\261\333`\312O\367\235\025DD\336e\367\n\312\326\221\037\025\230""; closeTime: 803842720; signature: ""0E\002!\000\372>\202p\317:\236>`]\372\267e\247\254\314(\204\323\300\006|\004Q\021\363FG\031\324\222\\002 7\322\271\007]gQ\325\214\366\350\344\200+\355\301\343@\257i2\0074N\255\253\207\366&\262eB""; previousledger: ""\032Yt\320\244{g\0306\\302\303*\341\215\223\257\364\277o\375\000r\241SOq\221\253\262\005\017""; ","proposeSeq: 0; currentTxHash: ""\000\000\000\000\000\000\000\000\000\000\000\000\000\000\000\000\000\000\000\000\000\000\000\000\000\000\000\000\000\000\000\000""; nodePubKey: ""\002\364d\217\366\217|\316F\232\231\241\n\261\333`\312O\367\235\025DD\336e\367\n\312\326\221\037\025\230""; closeTime: 803842720; signature: ""0E\002!\000\372>\202p\317:\236>`]\372\267e\247\254\314(\204\323\300\006|\004Q\021\363FG\031\324\222\\002 7\322\271\007]gQ\325\214\366\350\344\200+\355\301\343@\257i2\0074N\255\253\207\366&\262eB""; previousledger: ""\032Yt\320\244{g\0306\\302\303*\341\215\223\257\364\277o\375\000r\241SOq\221\253\262\005\017""; "
1750527520404,1750527520404,3787,1,3,2,TMProposeSet,"proposeSeq: 0; currentTxHash: ""\000\000\000\000\000\000\000\000\000\000\000\000\000\000\000\000\000\000\000\000\000\000\000\000\000\000\000\000\000\000\000\000""; nodePubKey: ""\002\364d\217\366\217|\316F\232\231\241\n\261\333`\312O\367\235\025DD\336e\367\n\312\326\221\037\025\230""; closeTime: 803842720; signature: ""0E\002!\000\372>\202p\317:\236>`]\372\267e\247\254\314(\204\323\300\006|\004Q\021\363FG\031\324\222\\002 7\322\271\007]gQ\325\214\366\350\344\200+\355\301\343@\257i2\0074N\255\253\207\366&\262eB""; previousledger: ""\032Yt\320\244{g\0306\\302\303*\341\215\223\257\364\277o\375\000r\241SOq\221\253\262\005\017""; ","proposeSeq: 0; currentTxHash: ""\000\000\000\000\000\000\000\000\000\000\000\000\000\000\000\000\000\000\000\000\000\000\000\000\000\000\000\000\000\000\000\000""; nodePubKey: ""\002\364d\217\366\217|\316F\232\231\241\n\261\333`\312O\367\235\025DD\336e\367\n\312\326\221\037\025\230""; closeTime: 803842720; signature: ""0E\002!\000\372>\202p\317:\236>`]\372\267e\247\254\314(\204\323\300\006|\004Q\021\363FG\031\324\222\\002 7\322\271\007]gQ\325\214\366\350\344\200+\355\301\343@\257i2\0074N\255\253\207\366&\262eB""; previousledger: ""\032Yt\320\244{g\0306\\302\303*\341\215\223\257\364\277o\375\000r\241SOq\221\253\262\005\017""; "
1750527520407,1750527520407,2201,1,3,0,TMProposeSet,"proposeSeq: 0; currentTxHash: ""\000\000\000\000\000\000\000\000\000\000\000\000\000\000\000\000\000\000\000\000\000\000\000\000\000\000\000\000\000\000\000\000""; nodePubKey: ""\002\364d\217\366\217|\316F\232\231\241\n\261\333`\312O\367\235\025DD\336e\367\n\312\326\221\037\025\230""; closeTime: 803842720; signature: ""0E\002!\000\372>\202p\317:\236>`]\372\267e\247\254\314(\204\323\300\006|\004Q\021\363FG\031\324\222\\002 7\322\271\007]gQ\325\214\366\350\344\200+\355\301\343@\257i2\0074N\255\253\207\366&\262eB""; previousledger: ""\032Yt\320\244{g\0306\\302\303*\341\215\223\257\364\277o\375\000r\241SOq\221\253\262\005\017""; ","proposeSeq: 0; currentTxHash: ""\000\000\000\000\000\000\000\000\000\000\000\000\000\000\000\000\000\000\000\000\000\000\000\000\000\000\000\000\000\000\000\000""; nodePubKey: ""\002\364d\217\366\217|\316F\232\231\241\n\261\333`\312O\367\235\025DD\336e\367\n\312\326\221\037\025\230""; closeTime: 803842720; signature: ""0E\002!\000\372>\202p\317:\236>`]\372\267e\247\254\314(\204\323\300\006|\004Q\021\363FG\031\324\222\\002 7\322\271\007]gQ\325\214\366\350\344\200+\355\301\343@\257i2\0074N\255\253\207\366&\262eB""; previousledger: ""\032Yt\320\244{g\0306\\302\303*\341\215\223\257\364\277o\375\000r\241SOq\221\253\262\005\017""; "
1750527520408,1750527520408,3830,1,3,1,TMProposeSet,"proposeSeq: 0; currentTxHash: ""\000\000\000\000\000\000\000\000\000\000\000\000\000\000\000\000\000\000\000\000\000\000\000\000\000\000\000\000\000\000\000\000""; nodePubKey: ""\002\364d\217\366\217|\316F\232\231\241\n\261\333`\312O\367\235\025DD\336e\367\n\312\326\221\037\025\230""; closeTime: 803842720; signature: ""0E\002!\000\372>\202p\317:\236>`]\372\267e\247\254\314(\204\323\300\006|\004Q\021\363FG\031\324\222\\002 7\322\271\007]gQ\325\214\366\350\344\200+\355\301\343@\257i2\0074N\255\253\207\366&\262eB""; previousledger: ""\032Yt\320\244{g\0306\\302\303*\341\215\223\257\364\277o\375\000r\241SOq\221\253\262\005\017""; ","proposeSeq: 0; currentTxHash: ""\000\000\000\000\000\000\000\000\000\000\000\000\000\000\000\000\000\000\000\000\000\000\000\000\000\000\000\000\000\000\000\000""; nodePubKey: ""\002\364d\217\366\217|\316F\232\231\241\n\261\333`\312O\367\235\025DD\336e\367\n\312\326\221\037\025\230""; closeTime: 803842720; signature: ""0E\002!\000\372>\202p\317:\236>`]\372\267e\247\254\314(\204\323\300\006|\004Q\021\363FG\031\324\222\\002 7\322\271\007]gQ\325\214\366\350\344\200+\355\301\343@\257i2\0074N\255\253\207\366&\262eB""; previousledger: ""\032Yt\320\244{g\0306\\302\303*\341\215\223\257\364\277o\375\000r\241SOq\221\253\262\005\017""; "
1750527520489,1750527520489,3504,1,0,4,TMProposeSet,"proposeSeq: 0; currentTxHash: ""\000\000\000\000\000\000\000\000\000\000\000\000\000\000\000\000\000\000\000\000\000\000\000\000\000\000\000\000\000\000\000\000""; nodePubKey: ""\002\225aM\037\203M\271C\224]$\245\215\334\264;{{\365%Z\2443U\201\242\320iUc\207\367""; closeTime: 803842720; signature: ""0E\002!\000\364\031A\215\305\353^\213C\223\013\235D\200g\346+c\206n_r\216\357m\177\353\304\026\361\243T\002 L\310\223\234\245\320\371!\177\017\003\033\312[cl\272H\325-\371O~\035\317<\212\217\366ma\240""; previousledger: ""\032Yt\320\244{g\0306\\302\303*\341\215\223\257\364\277o\375\000r\241SOq\221\253\262\005\017""; ","proposeSeq: 0; currentTxHash: ""\000\000\000\000\000\000\000\000\000\000\000\000\000\000\000\000\000\000\000\000\000\000\000\000\000\000\000\000\000\000\000\000""; nodePubKey: ""\002\225aM\037\203M\271C\224]$\245\215\334\264;{{\365%Z\2443U\201\242\320iUc\207\367""; closeTime: 803842720; signature: ""0E\002!\000\364\031A\215\305\353^\213C\223\013\235D\200g\346+c\206n_r\216\357m\177\353\304\026\361\243T\002 L\310\223\234\245\320\371!\177\017\003\033\312[cl\272H\325-\371O~\035\317<\212\217\366ma\240""; previousledger: ""\032Yt\320\244{g\0306\\302\303*\341\215\223\257\364\277o\375\000r\241SOq\221\253\262\005\017""; "
1750527520490,1750527520491,142,1,0,3,TMProposeSet,"proposeSeq: 0; currentTxHash: ""\000\000\000\000\000\000\000\000\000\000\000\000\000\000\000\000\000\000\000\000\000\000\000\000\000\000\000\000\000\000\000\000""; nodePubKey: ""\002\225aM\037\203M\271C\224]$\245\215\334\264;{{\365%Z\2443U\201\242\320iUc\207\367""; closeTime: 803842720; signature: ""0E\002!\000\364\031A\215\305\353^\213C\223\013\235D\200g\346+c\206n_r\216\357m\177\353\304\026\361\243T\002 L\310\223\234\245\320\371!\177\017\003\033\312[cl\272H\325-\371O~\035\317<\212\217\366ma\240""; previousledger: ""\032Yt\320\244{g\0306\\302\303*\341\215\223\257\364\277o\375\000r\241SOq\221\253\262\005\017""; ","proposeSeq: 0; currentTxHash: ""\000\000\000\000\000\000\000\000\000\000\000\000\000\000\000\000\000\000\000\000\000\000\000\000\000\000\000\000\000\000\000\000""; nodePubKey: ""\002\225aM\037\203M\271C\224]$\245\215\334\264;{{\365%Z\2443U\201\242\320iUc\207\367""; closeTime: 803842720; signature: ""0E\002!\000\364\031A\215\305\353^\213C\223\013\235D\200g\346+c\206n_r\216\357m\177\353\304\026\361\243T\002 L\310\223\234\245\320\371!\177\017\003\033\312[cl\272H\325-\371O~\035\317<\212\217\366ma\240""; previousledger: ""\032Yt\320\244{g\0306\\302\303*\341\215\223\257\364\277o\375\000r\241SOq\221\253\262\005\017""; "
1750527520493,1750527520494,3268,1,0,2,TMProposeSet,"proposeSeq: 0; currentTxHash: ""\000\000\000\000\000\000\000\000\000\000\000\000\000\000\000\000\000\000\000\000\000\000\000\000\000\000\000\000\000\000\000\000""; nodePubKey: ""\002\225aM\037\203M\271C\224]$\245\215\334\264;{{\365%Z\2443U\201\242\320iUc\207\367""; closeTime: 803842720; signature: ""0E\002!\000\364\031A\215\305\353^\213C\223\013\235D\200g\346+c\206n_r\216\357m\177\353\304\026\361\243T\002 L\310\223\234\245\320\371!\177\017\003\033\312[cl\272H\325-\371O~\035\317<\212\217\366ma\240""; previousledger: ""\032Yt\320\244{g\0306\\302\303*\341\215\223\257\364\277o\375\000r\241SOq\221\253\262\005\017""; ","proposeSeq: 0; currentTxHash: ""\000\000\000\000\000\000\000\000\000\000\000\000\000\000\000\000\000\000\000\000\000\000\000\000\000\000\000\000\000\000\000\000""; nodePubKey: ""\002\225aM\037\203M\271C\224]$\245\215\334\264;{{\365%Z\2443U\201\242\320iUc\207\367""; closeTime: 803842720; signature: ""0E\002!\000\364\031A\215\305\353^\213C\223\013\235D\200g\346+c\206n_r\216\357m\177\353\304\026\361\243T\002 L\310\223\234\245\320\371!\177\017\003\033\312[cl\272H\325-\371O~\035\317<\212\217\366ma\240""; previousledger: ""\032Yt\320\244{g\0306\\302\303*\341\215\223\257\364\277o\375\000r\241SOq\221\253\262\005\017""; "
1750527520405,1750527520495,3432,1,3,2,TMStatusChange,"newEvent: neCLOSING_LEDGER; ledgerSeq: 2; ledgerHash: ""\032Yt\320\244{g\0306\\302\303*\341\215\223\257\364\277o\375\000r\241SOq\221\253\262\005\017""; ledgerHashPrevious: ""-}\351f\032\255\274\334m\326c\017\014ao[\342\230\003\245\245\3341Hm\326^\017jy\335\261""; networkTime: 803842720; firstSeq: 1; lastSeq: 1; ","newEvent: neCLOSING_LEDGER; ledgerSeq: 2; ledgerHash: ""\032Yt\320\244{g\0306\\302\303*\341\215\223\257\364\277o\375\000r\241SOq\221\253\262\005\017""; ledgerHashPrevious: ""-}\351f\032\255\274\334m\326c\017\014ao[\342\230\003\245\245\3341Hm\326^\017jy\335\261""; networkTime: 803842720; firstSeq: 1; lastSeq: 1; "
1750527520495,1750527520495,3849,1,0,1,TMProposeSet,"proposeSeq: 0; currentTxHash: ""\000\000\000\000\000\000\000\000\000\000\000\000\000\000\000\000\000\000\000\000\000\000\000\000\000\000\000\000\000\000\000\000""; nodePubKey: ""\002\225aM\037\203M\271C\224]$\245\215\334\264;{{\365%Z\2443U\201\242\320iUc\207\367""; closeTime: 803842720; signature: ""0E\002!\000\364\031A\215\305\353^\213C\223\013\235D\200g\346+c\206n_r\216\357m\177\353\304\026\361\243T\002 L\310\223\234\245\320\371!\177\017\003\033\312[cl\272H\325-\371O~\035\317<\212\217\366ma\240""; previousledger: ""\032Yt\320\244{g\0306\\302\303*\341\215\223\257\364\277o\375\000r\241SOq\221\253\262\005\017""; ","proposeSeq: 0; currentTxHash: ""\000\000\000\000\000\000\000\000\000\000\000\000\000\000\000\000\000\000\000\000\000\000\000\000\000\000\000\000\000\000\000\000""; nodePubKey: ""\002\225aM\037\203M\271C\224]$\245\215\334\264;{{\365%Z\2443U\201\242\320iUc\207\367""; closeTime: 803842720; signature: ""0E\002!\000\364\031A\215\305\353^\213C\223\013\235D\200g\346+c\206n_r\216\357m\177\353\304\026\361\243T\002 L\310\223\234\245\320\371!\177\017\003\033\312[cl\272H\325-\371O~\035\317<\212\217\366ma\240""; previousledger: ""\032Yt\320\244{g\0306\\302\303*\341\215\223\257\364\277o\375\000r\241SOq\221\253\262\005\017""; "
1750527520408,1750527520495,598,1,3,4,TMStatusChange,"newEvent: neCLOSING_LEDGER; ledgerSeq: 2; ledgerHash: ""\032Yt\320\244{g\0306\\302\303*\341\215\223\257\364\277o\375\000r\241SOq\221\253\262\005\017""; ledgerHashPrevious: ""-}\351f\032\255\274\334m\326c\017\014ao[\342\230\003\245\245\3341Hm\326^\017jy\335\261""; networkTime: 803842720; firstSeq: 1; lastSeq: 1; ","newEvent: neCLOSING_LEDGER; ledgerSeq: 2; ledgerHash: ""\032Yt\320\244{g\0306\\302\303*\341\215\223\257\364\277o\375\000r\241SOq\221\253\262\005\017""; ledgerHashPrevious: ""-}\351f\032\255\274\334m\326c\017\014ao[\342\230\003\245\245\3341Hm\326^\017jy\335\261""; networkTime: 803842720; firstSeq: 1; lastSeq: 1; "
1750527520408,1750527520496,3991,1,3,0,TMStatusChange,"newEvent: neCLOSING_LEDGER; ledgerSeq: 2; ledgerHash: ""\032Yt\320\244{g\0306\\302\303*\341\215\223\257\364\277o\375\000r\241SOq\221\253\262\005\017""; ledgerHashPrevious: ""-}\351f\032\255\274\334m\326c\017\014ao[\342\230\003\245\245\3341Hm\326^\017jy\335\261""; networkTime: 803842720; firstSeq: 1; lastSeq: 1; ","newEvent: neCLOSING_LEDGER; ledgerSeq: 2; ledgerHash: ""\032Yt\320\244{g\0306\\302\303*\341\215\223\257\364\277o\375\000r\241SOq\221\253\262\005\017""; ledgerHashPrevious: ""-}\351f\032\255\274\334m\326c\017\014ao[\342\230\003\245\245\3341Hm\326^\017jy\335\261""; networkTime: 803842720; firstSeq: 1; lastSeq: 1; "
1750527520408,1750527520497,1571,1,3,1,TMStatusChange,"newEvent: neCLOSING_LEDGER; ledgerSeq: 2; ledgerHash: ""\032Yt\320\244{g\0306\\302\303*\341\215\223\257\364\277o\375\000r\241SOq\221\253\262\005\017""; ledgerHashPrevious: ""-}\351f\032\255\274\334m\326c\017\014ao[\342\230\003\245\245\3341Hm\326^\017jy\335\261""; networkTime: 803842720; firstSeq: 1; lastSeq: 1; ","newEvent: neCLOSING_LEDGER; ledgerSeq: 2; ledgerHash: ""\032Yt\320\244{g\0306\\302\303*\341\215\223\257\364\277o\375\000r\241SOq\221\253\262\005\017""; ledgerHashPrevious: ""-}\351f\032\255\274\334m\326c\017\014ao[\342\230\003\245\245\3341Hm\326^\017jy\335\261""; networkTime: 803842720; firstSeq: 1; lastSeq: 1; "
1750527520550,1750527520550,371,1,4,3,TMProposeSet,"proposeSeq: 0; currentTxHash: ""\000\000\000\000\000\000\000\000\000\000\000\000\000\000\000\000\000\000\000\000\000\000\000\000\000\000\000\000\000\000\000\000""; nodePubKey: ""\003R7o\362bV\300hf\266\241;}\200^\374\240\203[:\342Q\225\221\027y\372\255\235\216\323~""; closeTime: 803842720; signature: ""0D\002 \0278\352\363\373T\330o\211D'\226\267A\352\277\246\007\210\3634S\255\210\033\246\204\306\202\257\224\301\002 <\314\002\037\004\233\326T\320\266\307t\260\243t\262aVz\354R\305\213D\337\226\017\344\255FT\376""; previousledger: ""\032Yt\320\244{g\0306\\302\303*\341\215\223\257\364\277o\375\000r\241SOq\221\253\262\005\017""; ","proposeSeq: 0; currentTxHash: ""\000\000\000\000\000\000\000\000\000\000\000\000\000\000\000\000\000\000\000\000\000\000\000\000\000\000\000\000\000\000\000\000""; nodePubKey: ""\003R7o\362bV\300hf\266\241;}\200^\374\240\203[:\342Q\225\221\027y\372\255\235\216\323~""; closeTime: 803842720; signature: ""0D\002 \0278\352\363\373T\330o\211D'\226\267A\352\277\246\007\210\3634S\255\210\033\246\204\306\202\257\224\301\002 <\314\002\037\004\233\326T\320\266\307t\260\243t\262aVz\354R\305\213D\337\226\017\344\255FT\376""; previousledger: ""\032Yt\320\244{g\0306\\302\303*\341\215\223\257\364\277o\375\000r\241SOq\221\253\262\005\017""; "
1750527520551,1750527520551,2972,1,4,0,TMProposeSet,"proposeSeq: 0; currentTxHash: ""\000\000\000\000\000\000\000\000\000\000\000\000\000\000\000\000\000\000\000\000\000\000\000\000\000\000\000\000\000\000\000\000""; nodePubKey: ""\003R7o\362bV\300hf\266\241;}\200^\374\240\203[:\342Q\225\221\027y\372\255\235\216\323~""; closeTime: 803842720; signature: ""0D\002 \0278\352\363\373T\330o\211D'\226\267A\352\277\246\007\210\3634S\255\210\033\246\204\306\202\257\224\301\002 <\314\002\037\004\233\326T\320\266\307t\260\243t\262aVz\354R\305\213D\337\226\017\344\255FT\376""; previousledger: ""\032Yt\320\244{g\0306\\302\303*\341\215\223\257\364\277o\375\000r\241SOq\221\253\262\005\017""; ","proposeSeq: 0; currentTxHash: ""\000\000\000\000\000\000\000\000\000\000\000\000\000\000\000\000\000\000\000\000\000\000\000\000\000\000\000\000\000\000\000\000""; nodePubKey: ""\003R7o\362bV\300hf\266\241;}\200^\374\240\203[:\342Q\225\221\027y\372\255\235\216\323~""; closeTime: 803842720; signature: ""0D\002 \0278\352\363\373T\330o\211D'\226\267A\352\277\246\007\210\3634S\255\210\033\246\204\306\202\257\224\301\002 <\314\002\037\004\233\326T\320\266\307t\260\243t\262aVz\354R\305\213D\337\226\017\344\255FT\376""; previousledger: ""\032Yt\320\244{g\0306\\302\303*\341\215\223\257\364\277o\375\000r\241SOq\221\253\262\005\017""; "
1750527520552,1750527520552,2441,1,4,2,TMProposeSet,"proposeSeq: 0; currentTxHash: ""\000\000\000\000\000\000\000\000\000\000\000\000\000\000\000\000\000\000\000\000\000\000\000\000\000\000\000\000\000\000\000\000""; nodePubKey: ""\003R7o\362bV\300hf\266\241;}\200^\374\240\203[:\342Q\225\221\027y\372\255\235\216\323~""; closeTime: 803842720; signature: ""0D\002 \0278\352\363\373T\330o\211D'\226\267A\352\277\246\007\210\3634S\255\210\033\246\204\306\202\257\224\301\002 <\314\002\037\004\233\326T\320\266\307t\260\243t\262aVz\354R\305\213D\337\226\017\344\255FT\376""; previousledger: ""\032Yt\320\244{g\0306\\302\303*\341\215\223\257\364\277o\375\000r\241SOq\221\253\262\005\017""; ","proposeSeq: 0; currentTxHash: ""\000\000\000\000\000\000\000\000\000\000\000\000\000\000\000\000\000\000\000\000\000\000\000\000\000\000\000\000\000\000\000\000""; nodePubKey: ""\003R7o\362bV\300hf\266\241;}\200^\374\240\203[:\342Q\225\221\027y\372\255\235\216\323~""; closeTime: 803842720; signature: ""0D\002 \0278\352\363\373T\330o\211D'\226\267A\352\277\246\007\210\3634S\255\210\033\246\204\306\202\257\224\301\002 <\314\002\037\004\233\326T\320\266\307t\260\243t\262aVz\354R\305\213D\337\226\017\344\255FT\376""; previousledger: ""\032Yt\320\244{g\0306\\302\303*\341\215\223\257\364\277o\375\000r\241SOq\221\253\262\005\017""; "
1750527520553,1750527520553,2455,1,4,1,TMProposeSet,"proposeSeq: 0; currentTxHash: ""\000\000\000\000\000\000\000\000\000\000\000\000\000\000\000\000\000\000\000\000\000\000\000\000\000\000\000\000\000\000\000\000""; nodePubKey: ""\003R7o\362bV\300hf\266\241;}\200^\374\240\203[:\342Q\225\221\027y\372\255\235\216\323~""; closeTime: 803842720; signature: ""0D\002 \0278\352\363\373T\330o\211D'\226\267A\352\277\246\007\210\3634S\255\210\033\246\204\306\202\257\224\301\002 <\314\002\037\004\233\326T\320\266\307t\260\243t\262aVz\354R\305\213D\337\226\017\344\255FT\376""; previousledger: ""\032Yt\320\244{g\0306\\302\303*\341\215\223\257\364\277o\375\000r\241SOq\221\253\262\005\017""; ","proposeSeq: 0; currentTxHash: ""\000\000\000\000\000\000\000\000\000\000\000\000\000\000\000\000\000\000\000\000\000\000\000\000\000\000\000\000\000\000\000\000""; nodePubKey: ""\003R7o\362bV\300hf\266\241;}\200^\374\240\203[:\342Q\225\221\027y\372\255\235\216\323~""; closeTime: 803842720; signature: ""0D\002 \0278\352\363\373T\330o\211D'\226\267A\352\277\246\007\210\3634S\255\210\033\246\204\306\202\257\224\301\002 <\314\002\037\004\233\326T\320\266\307t\260\243t\262aVz\354R\305\213D\337\226\017\344\255FT\376""; previousledger: ""\032Yt\320\244{g\0306\\302\303*\341\215\223\257\364\277o\375\000r\241SOq\221\253\262\005\017""; "
1750527520490,1750527520561,3904,1,0,4,TMStatusChange,"newEvent: neCLOSING_LEDGER; ledgerSeq: 2; ledgerHash: ""\032Yt\320\244{g\0306\\302\303*\341\215\223\257\364\277o\375\000r\241SOq\221\253\262\005\017""; ledgerHashPrevious: ""-}\351f\032\255\274\334m\326c\017\014ao[\342\230\003\245\245\3341Hm\326^\017jy\335\261""; networkTime: 803842720; firstSeq: 1; lastSeq: 1; ","newEvent: neCLOSING_LEDGER; ledgerSeq: 2; ledgerHash: ""\032Yt\320\244{g\0306\\302\303*\341\215\223\257\364\277o\375\000r\241SOq\221\253\262\005\017""; ledgerHashPrevious: ""-}\351f\032\255\274\334m\326c\017\014ao[\342\230\003\245\245\3341Hm\326^\017jy\335\261""; networkTime: 803842720; firstSeq: 1; lastSeq: 1; "
1750527520493,1750527520562,1249,1,0,1,TMStatusChange,"newEvent: neCLOSING_LEDGER; ledgerSeq: 2; ledgerHash: ""\032Yt\320\244{g\0306\\302\303*\341\215\223\257\364\277o\375\000r\241SOq\221\253\262\005\017""; ledgerHashPrevious: ""-}\351f\032\255\274\334m\326c\017\014ao[\342\230\003\245\245\3341Hm\326^\017jy\335\261""; networkTime: 803842720; firstSeq: 1; lastSeq: 1; ","newEvent: neCLOSING_LEDGER; ledgerSeq: 2; ledgerHash: ""\032Yt\320\244{g\0306\\302\303*\341\215\223\257\364\277o\375\000r\241SOq\221\253\262\005\017""; ledgerHashPrevious: ""-}\351f\032\255\274\334m\326c\017\014ao[\342\230\003\245\245\3341Hm\326^\017jy\335\261""; networkTime: 803842720; firstSeq: 1; lastSeq: 1; "
1750527520495,1750527520562,2179,1,0,2,TMStatusChange,"newEvent: neCLOSING_LEDGER; ledgerSeq: 2; ledgerHash: ""\032Yt\320\244{g\0306\\302\303*\341\215\223\257\364\277o\375\000r\241SOq\221\253\262\005\017""; ledgerHashPrevious: ""-}\351f\032\255\274\334m\326c\017\014ao[\342\230\003\245\245\3341Hm\326^\017jy\335\261""; networkTime: 803842720; firstSeq: 1; lastSeq: 1; ","newEvent: neCLOSING_LEDGER; ledgerSeq: 2; ledgerHash: ""\032Yt\320\244{g\0306\\302\303*\341\215\223\257\364\277o\375\000r\241SOq\221\253\262\005\017""; ledgerHashPrevious: ""-}\351f\032\255\274\334m\326c\017\014ao[\342\230\003\245\245\3341Hm\326^\017jy\335\261""; networkTime: 803842720; firstSeq: 1; lastSeq: 1; "
1750527520492,1750527520561,1964,1,0,3,TMStatusChange,"newEvent: neCLOSING_LEDGER; ledgerSeq: 2; ledgerHash: ""\032Yt\320\244{g\0306\\302\303*\341\215\223\257\364\277o\375\000r\241SOq\221\253\262\005\017""; ledgerHashPrevious: ""-}\351f\032\255\274\334m\326c\017\014ao[\342\230\003\245\245\3341Hm\326^\017jy\335\261""; networkTime: 803842720; firstSeq: 1; lastSeq: 1; ","newEvent: neCLOSING_LEDGER; ledgerSeq: 2; ledgerHash: ""\032Yt\320\244{g\0306\\302\303*\341\215\223\257\364\277o\375\000r\241SOq\221\253\262\005\017""; ledgerHashPrevious: ""-}\351f\032\255\274\334m\326c\017\014ao[\342\230\003\245\245\3341Hm\326^\017jy\335\261""; networkTime: 803842720; firstSeq: 1; lastSeq: 1; "
1750527520571,1750527520571,2762,1,2,3,TMProposeSet,"proposeSeq: 0; currentTxHash: ""\000\000\000\000\000\000\000\000\000\000\000\000\000\000\000\000\000\000\000\000\000\000\000\000\000\000\000\000\000\000\000\000""; nodePubKey: ""\003\255\225A\213\332\224ehh\024BDq\224\250\335`\355\353{\357\266\335<\021\032\265\177\206\356&\215""; closeTime: 803842720; signature: ""0E\002!\000\202\316\373\224Qq\017D\317-\337O\0102J\314[\205\003agn\030\277\276@\326\274\241Z\306\343\002 \006@qh&U\217\203*\237\207\222\177\312*\244\272\274\233\214\304w\325(\202\223\037\243\374m\356\321""; previousledger: ""\032Yt\320\244{g\0306\\302\303*\341\215\223\257\364\277o\375\000r\241SOq\221\253\262\005\017""; ","proposeSeq: 0; currentTxHash: ""\000\000\000\000\000\000\000\000\000\000\000\000\000\000\000\000\000\000\000\000\000\000\000\000\000\000\000\000\000\000\000\000""; nodePubKey: ""\003\255\225A\213\332\224ehh\024BDq\224\250\335`\355\353{\357\266\335<\021\032\265\177\206\356&\215""; closeTime: 803842720; signature: ""0E\002!\000\202\316\373\224Qq\017D\317-\337O\0102J\314[\205\003agn\030\277\276@\326\274\241Z\306\343\002 \006@qh&U\217\203*\237\207\222\177\312*\244\272\274\233\214\304w\325(\202\223\037\243\374m\356\321""; previousledger: ""\032Yt\320\244{g\0306\\302\303*\341\215\223\257\364\277o\375\000r\241SOq\221\253\262\005\017""; "
1750527520571,1750527520572,3046,1,2,4,TMProposeSet,"proposeSeq: 0; currentTxHash: ""\000\000\000\000\000\000\000\000\000\000\000\000\000\000\000\000\000\000\000\000\000\000\000\000\000\000\000\000\000\000\000\000""; nodePubKey: ""\003\255\225A\213\332\224ehh\024BDq\224\250\335`\355\353{\357\266\335<\021\032\265\177\206\356&\215""; closeTime: 803842720; signature: ""0E\002!\000\202\316\373\224Qq\017D\317-\337O\0102J\314[\205\003agn\030\277\276@\326\274\241Z\306\343\002 \006@qh&U\217\203*\237\207\222\177\312*\244\272\274\233\214\304w\325(\202\223\037\243\374m\356\321""; previousledger: ""\032Yt\320\244{g\0306\\302\303*\341\215\223\257\364\277o\375\000r\241SOq\221\253\262\005\017""; ","proposeSeq: 0; currentTxHash: ""\000\000\000\000\000\000\000\000\000\000\000\000\000\000\000\000\000\000\000\000\000\000\000\000\000\000\000\000\000\000\000\000""; nodePubKey: ""\003\255\225A\213\332\224ehh\024BDq\224\250\335`\355\353{\357\266\335<\021\032\265\177\206\356&\215""; closeTime: 803842720; signature: ""0E\002!\000\202\316\373\224Qq\017D\317-\337O\0102J\314[\205\003agn\030\277\276@\326\274\241Z\306\343\002 \006@qh&U\217\203*\237\207\222\177\312*\244\272\274\233\214\304w\325(\202\223\037\243\374m\356\321""; previousledger: ""\032Yt\320\244{g\0306\\302\303*\341\215\223\257\364\277o\375\000r\241SOq\221\253\262\005\017""; "
1750527520572,1750527520573,2221,1,2,1,TMProposeSet,"proposeSeq: 0; currentTxHash: ""\000\000\000\000\000\000\000\000\000\000\000\000\000\000\000\000\000\000\000\000\000\000\000\000\000\000\000\000\000\000\000\000""; nodePubKey: ""\003\255\225A\213\332\224ehh\024BDq\224\250\335`\355\353{\357\266\335<\021\032\265\177\206\356&\215""; closeTime: 803842720; signature: ""0E\002!\000\202\316\373\224Qq\017D\317-\337O\0102J\314[\205\003agn\030\277\276@\326\274\241Z\306\343\002 \006@qh&U\217\203*\237\207\222\177\312*\244\272\274\233\214\304w\325(\202\223\037\243\374m\356\321""; previousledger: ""\032Yt\320\244{g\0306\\302\303*\341\215\223\257\364\277o\375\000r\241SOq\221\253\262\005\017""; ","proposeSeq: 0; currentTxHash: ""\000\000\000\000\000\000\000\000\000\000\000\000\000\000\000\000\000\000\000\000\000\000\000\000\000\000\000\000\000\000\000\000""; nodePubKey: ""\003\255\225A\213\332\224ehh\024BDq\224\250\335`\355\353{\357\266\335<\021\032\265\177\206\356&\215""; closeTime: 803842720; signature: ""0E\002!\000\202\316\373\224Qq\017D\317-\337O\0102J\314[\205\003agn\030\277\276@\326\274\241Z\306\343\002 \006@qh&U\217\203*\237\207\222\177\312*\244\272\274\233\214\304w\325(\202\223\037\243\374m\356\321""; previousledger: ""\032Yt\320\244{g\0306\\302\303*\341\215\223\257\364\277o\375\000r\241SOq\221\253\262\005\017""; "
1750527520574,1750527520574,1659,1,2,0,TMProposeSet,"proposeSeq: 0; currentTxHash: ""\000\000\000\000\000\000\000\000\000\000\000\000\000\000\000\000\000\000\000\000\000\000\000\000\000\000\000\000\000\000\000\000""; nodePubKey: ""\003\255\225A\213\332\224ehh\024BDq\224\250\335`\355\353{\357\266\335<\021\032\265\177\206\356&\215""; closeTime: 803842720; signature: ""0E\002!\000\202\316\373\224Qq\017D\317-\337O\0102J\314[\205\003agn\030\277\276@\326\274\241Z\306\343\002 \006@qh&U\217\203*\237\207\222\177\312*\244\272\274\233\214\304w\325(\202\223\037\243\374m\356\321""; previousledger: ""\032Yt\320\244{g\0306\\302\303*\341\215\223\257\364\277o\375\000r\241SOq\221\253\262\005\017""; ","proposeSeq: 0; currentTxHash: ""\000\000\000\000\000\000\000\000\000\000\000\000\000\000\000\000\000\000\000\000\000\000\000\000\000\000\000\000\000\000\000\000""; nodePubKey: ""\003\255\225A\213\332\224ehh\024BDq\224\250\335`\355\353{\357\266\335<\021\032\265\177\206\356&\215""; closeTime: 803842720; signature: ""0E\002!\000\202\316\373\224Qq\017D\317-\337O\0102J\314[\205\003agn\030\277\276@\326\274\241Z\306\343\002 \006@qh&U\217\203*\237\207\222\177\312*\244\272\274\233\214\304w\325(\202\223\037\243\374m\356\321""; previousledger: ""\032Yt\320\244{g\0306\\302\303*\341\215\223\257\364\277o\375\000r\241SOq\221\253\262\005\017""; "
1750527520550,1750527520602,3346,1,4,2,TMStatusChange,"newEvent: neCLOSING_LEDGER; ledgerSeq: 2; ledgerHash: ""\032Yt\320\244{g\0306\\302\303*\341\215\223\257\364\277o\375\000r\241SOq\221\253\262\005\017""; ledgerHashPrevious: ""-}\351f\032\255\274\334m\326c\017\014ao[\342\230\003\245\245\3341Hm\326^\017jy\335\261""; networkTime: 803842720; firstSeq: 1; lastSeq: 1; ","newEvent: neCLOSING_LEDGER; ledgerSeq: 2; ledgerHash: ""\032Yt\320\244{g\0306\\302\303*\341\215\223\257\364\277o\375\000r\241SOq\221\253\262\005\017""; ledgerHashPrevious: ""-}\351f\032\255\274\334m\326c\017\014ao[\342\230\003\245\245\3341Hm\326^\017jy\335\261""; networkTime: 803842720; firstSeq: 1; lastSeq: 1; "
1750527520552,1750527520602,803,1,4,1,TMStatusChange,"newEvent: neCLOSING_LEDGER; ledgerSeq: 2; ledgerHash: ""\032Yt\320\244{g\0306\\302\303*\341\215\223\257\364\277o\375\000r\241SOq\221\253\262\005\017""; ledgerHashPrevious: ""-}\351f\032\255\274\334m\326c\017\014ao[\342\230\003\245\245\3341Hm\326^\017jy\335\261""; networkTime: 803842720; firstSeq: 1; lastSeq: 1; ","newEvent: neCLOSING_LEDGER; ledgerSeq: 2; ledgerHash: ""\032Yt\320\244{g\0306\\302\303*\341\215\223\257\364\277o\375\000r\241SOq\221\253\262\005\017""; ledgerHashPrevious: ""-}\351f\032\255\274\334m\326c\017\014ao[\342\230\003\245\245\3341Hm\326^\017jy\335\261""; networkTime: 803842720; firstSeq: 1; lastSeq: 1; "
1750527520551,1750527520602,832,1,4,0,TMStatusChange,"newEvent: neCLOSING_LEDGER; ledgerSeq: 2; ledgerHash: ""\032Yt\320\244{g\0306\\302\303*\341\215\223\257\364\277o\375\000r\241SOq\221\253\262\005\017""; ledgerHashPrevious: ""-}\351f\032\255\274\334m\326c\017\014ao[\342\230\003\245\245\3341Hm\326^\017jy\335\261""; networkTime: 803842720; firstSeq: 1; lastSeq: 1; ","newEvent: neCLOSING_LEDGER; ledgerSeq: 2; ledgerHash: ""\032Yt\320\244{g\0306\\302\303*\341\215\223\257\364\277o\375\000r\241SOq\221\253\262\005\017""; ledgerHashPrevious: ""-}\351f\032\255\274\334m\326c\017\014ao[\342\230\003\245\245\3341Hm\326^\017jy\335\261""; networkTime: 803842720; firstSeq: 1; lastSeq: 1; "
1750527520550,1750527520602,3403,1,4,3,TMStatusChange,"newEvent: neCLOSING_LEDGER; ledgerSeq: 2; ledgerHash: ""\032Yt\320\244{g\0306\\302\303*\341\215\223\257\364\277o\375\000r\241SOq\221\253\262\005\017""; ledgerHashPrevious: ""-}\351f\032\255\274\334m\326c\017\014ao[\342\230\003\245\245\3341Hm\326^\017jy\335\261""; networkTime: 803842720; firstSeq: 1; lastSeq: 1; ","newEvent: neCLOSING_LEDGER; ledgerSeq: 2; ledgerHash: ""\032Yt\320\244{g\0306\\302\303*\341\215\223\257\364\277o\375\000r\241SOq\221\253\262\005\017""; ledgerHashPrevious: ""-}\351f\032\255\274\334m\326c\017\014ao[\342\230\003\245\245\3341Hm\326^\017jy\335\261""; networkTime: 803842720; firstSeq: 1; lastSeq: 1; "
1750527520631,1750527520631,3787,1,3,2,TMProposeSet,"proposeSeq: 0; currentTxHash: ""\000\000\000\000\000\000\000\000\000\000\000\000\000\000\000\000\000\000\000\000\000\000\000\000\000\000\000\000\000\000\000\000""; nodePubKey: ""\002\225aM\037\203M\271C\224]$\245\215\334\264;{{\365%Z\2443U\201\242\320iUc\207\367""; closeTime: 803842720; signature: ""0E\002!\000\364\031A\215\305\353^\213C\223\013\235D\200g\346+c\206n_r\216\357m\177\353\304\026\361\243T\002 L\310\223\234\245\320\371!\177\017\003\033\312[cl\272H\325-\371O~\035\317<\212\217\366ma\240""; previousledger: ""\032Yt\320\244{g\0306\\302\303*\341\215\223\257\364\277o\375\000r\241SOq\221\253\262\005\017""; ","proposeSeq: 0; currentTxHash: ""\000\000\000\000\000\000\000\000\000\000\000\000\000\000\000\000\000\000\000\000\000\000\000\000\000\000\000\000\000\000\000\000""; nodePubKey: ""\002\225aM\037\203M\271C\224]$\245\215\334\264;{{\365%Z\2443U\201\242\320iUc\207\367""; closeTime: 803842720; signature: ""0E\002!\000\364\031A\215\305\353^\213C\223\013\235D\200g\346+c\206n_r\216\357m\177\353\304\026\361\243T\002 L\310\223\234\245\320\371!\177\017\003\033\312[cl\272H\325-\371O~\035\317<\212\217\366ma\240""; previousledger: ""\032Yt\320\244{g\0306\\302\303*\341\215\223\257\364\277o\375\000r\241SOq\221\253\262\005\017""; "
1750527520632,1750527520632,1272,1,3,4,TMProposeSet,"proposeSeq: 0; currentTxHash: ""\000\000\000\000\000\000\000\000\000\000\000\000\000\000\000\000\000\000\000\000\000\000\000\000\000\000\000\000\000\000\000\000""; nodePubKey: ""\002\225aM\037\203M\271C\224]$\245\215\334\264;{{\365%Z\2443U\201\242\320iUc\207\367""; closeTime: 803842720; signature: ""0E\002!\000\364\031A\215\305\353^\213C\223\013\235D\200g\346+c\206n_r\216\357m\177\353\304\026\361\243T\002 L\310\223\234\245\320\371!\177\017\003\033\312[cl\272H\325-\371O~\035\317<\212\217\366ma\240""; previousledger: ""\032Yt\320\244{g\0306\\302\303*\341\215\223\257\364\277o\375\000r\241SOq\221\253\262\005\017""; ","proposeSeq: 0; currentTxHash: ""\000\000\000\000\000\000\000\000\000\000\000\000\000\000\000\000\000\000\000\000\000\000\000\000\000\000\000\000\000\000\000\000""; nodePubKey: ""\002\225aM\037\203M\271C\224]$\245\215\334\264;{{\365%Z\2443U\201\242\320iUc\207\367""; closeTime: 803842720; signature: ""0E\002!\000\364\031A\215\305\353^\213C\223\013\235D\200g\346+c\206n_r\216\357m\177\353\304\026\361\243T\002 L\310\223\234\245\320\371!\177\017\003\033\312[cl\272H\325-\371O~\035\317<\212\217\366ma\240""; previousledger: ""\032Yt\320\244{g\0306\\302\303*\341\215\223\257\364\277o\375\000r\241SOq\221\253\262\005\017""; "
1750527520632,1750527520632,3830,1,3,1,TMProposeSet,"proposeSeq: 0; currentTxHash: ""\000\000\000\000\000\000\000\000\000\000\000\000\000\000\000\000\000\000\000\000\000\000\000\000\000\000\000\000\000\000\000\000""; nodePubKey: ""\002\225aM\037\203M\271C\224]$\245\215\334\264;{{\365%Z\2443U\201\242\320iUc\207\367""; closeTime: 803842720; signature: ""0E\002!\000\364\031A\215\305\353^\213C\223\013\235D\200g\346+c\206n_r\216\357m\177\353\304\026\361\243T\002 L\310\223\234\245\320\371!\177\017\003\033\312[cl\272H\325-\371O~\035\317<\212\217\366ma\240""; previousledger: ""\032Yt\320\244{g\0306\\302\303*\341\215\223\257\364\277o\375\000r\241SOq\221\253\262\005\017""; ","proposeSeq: 0; currentTxHash: ""\000\000\000\000\000\000\000\000\000\000\000\000\000\000\000\000\000\000\000\000\000\000\000\000\000\000\000\000\000\000\000\000""; nodePubKey: ""\002\225aM\037\203M\271C\224]$\245\215\334\264;{{\365%Z\2443U\201\242\320iUc\207\367""; closeTime: 803842720; signature: ""0E\002!\000\364\031A\215\305\353^\213C\223\013\235D\200g\346+c\206n_r\216\357m\177\353\304\026\361\243T\002 L\310\223\234\245\320\371!\177\017\003\033\312[cl\272H\325-\371O~\035\317<\212\217\366ma\240""; previousledger: ""\032Yt\320\244{g\0306\\302\303*\341\215\223\257\364\277o\375\000r\241SOq\221\253\262\005\017""; "
1750527520636,1750527520637,438,1,1,4,TMProposeSet,"proposeSeq: 0; currentTxHash: ""\000\000\000\000\000\000\000\000\000\000\000\000\000\000\000\000\000\000\000\000\000\000\000\000\000\000\000\000\000\000\000\000""; nodePubKey: ""\002\266\377\271\344:\030\221i\267\257\215\237M\014\3345f\014\273|\207\367\334\337F\325\004cxB\211L""; closeTime: 803842720; signature: ""0D\002 ~\266C\335_\203\254G.~'\345W]\373\031\245\352\250\276?\322\325q\003f\301\214\204\251\267z\002 &\346\210$\003\370\361I\034Lp\216_\206[!\350|?\313\225X\035\334^\355P\335\201\346\201\206""; previousledger: ""\032Yt\320\244{g\0306\\302\303*\341\215\223\257\364\277o\375\000r\241SOq\221\253\262\005\017""; ","proposeSeq: 0; currentTxHash: ""\000\000\000\000\000\000\000\000\000\000\000\000\000\000\000\000\000\000\000\000\000\000\000\000\000\000\000\000\000\000\000\000""; nodePubKey: ""\002\266\377\271\344:\030\221i\267\257\215\237M\014\3345f\014\273|\207\367\334\337F\325\004cxB\211L""; closeTime: 803842720; signature: ""0D\002 ~\266C\335_\203\254G.~'\345W]\373\031\245\352\250\276?\322\325q\003f\301\214\204\251\267z\002 &\346\210$\003\370\361I\034Lp\216_\206[!\350|?\313\225X\035\334^\355P\335\201\346\201\206""; previousledger: ""\032Yt\320\244{g\0306\\302\303*\341\215\223\257\364\277o\375\000r\241SOq\221\253\262\005\017""; "
1750527520644,1750527520644,2742,1,1,0,TMProposeSet,"proposeSeq: 0; currentTxHash: ""\000\000\000\000\000\000\000\000\000\000\000\000\000\000\000\000\000\000\000\000\000\000\000\000\000\000\000\000\000\000\000\000""; nodePubKey: ""\002\266\377\271\344:\030\221i\267\257\215\237M\014\3345f\014\273|\207\367\334\337F\325\004cxB\211L""; closeTime: 803842720; signature: ""0D\002 ~\266C\335_\203\254G.~'\345W]\373\031\245\352\250\276?\322\325q\003f\301\214\204\251\267z\002 &\346\210$\003\370\361I\034Lp\216_\206[!\350|?\313\225X\035\334^\355P\335\201\346\201\206""; previousledger: ""\032Yt\320\244{g\0306\\302\303*\341\215\223\257\364\277o\375\000r\241SOq\221\253\262\005\017""; ","proposeSeq: 0; currentTxHash: ""\000\000\000\000\000\000\000\000\000\000\000\000\000\000\000\000\000\000\000\000\000\000\000\000\000\000\000\000\000\000\000\000""; nodePubKey: ""\002\266\377\271\344:\030\221i\267\257\215\237M\014\3345f\014\273|\207\367\334\337F\325\004cxB\211L""; closeTime: 803842720; signature: ""0D\002 ~\266C\335_\203\254G.~'\345W]\373\031\245\352\250\276?\322\325q\003f\301\214\204\251\267z\002 &\346\210$\003\370\361I\034Lp\216_\206[!\350|?\313\225X\035\334^\355P\335\201\346\201\206""; previousledger: ""\032Yt\320\244{g\0306\\302\303*\341\215\223\257\364\277o\375\000r\241SOq\221\253\262\005\017""; "
1750527520644,1750527520644,3299,1,1,3,TMProposeSet,"proposeSeq: 0; currentTxHash: ""\000\000\000\000\000\000\000\000\000\000\000\000\000\000\000\000\000\000\000\000\000\000\000\000\000\000\000\000\000\000\000\000""; nodePubKey: ""\002\266\377\271\344:\030\221i\267\257\215\237M\014\3345f\014\273|\207\367\334\337F\325\004cxB\211L""; closeTime: 803842720; signature: ""0D\002 ~\266C\335_\203\254G.~'\345W]\373\031\245\352\250\276?\322\325q\003f\301\214\204\251\267z\002 &\346\210$\003\370\361I\034Lp\216_\206[!\350|?\313\225X\035\334^\355P\335\201\346\201\206""; previousledger: ""\032Yt\320\244{g\0306\\302\303*\341\215\223\257\364\277o\375\000r\241SOq\221\253\262\005\017""; ","proposeSeq: 0; currentTxHash: ""\000\000\000\000\000\000\000\000\000\000\000\000\000\000\000\000\000\000\000\000\000\000\000\000\000\000\000\000\000\000\000\000""; nodePubKey: ""\002\266\377\271\344:\030\221i\267\257\215\237M\014\3345f\014\273|\207\367\334\337F\325\004cxB\211L""; closeTime: 803842720; signature: ""0D\002 ~\266C\335_\203\254G.~'\345W]\373\031\245\352\250\276?\322\325q\003f\301\214\204\251\267z\002 &\346\210$\003\370\361I\034Lp\216_\206[!\350|?\313\225X\035\334^\355P\335\201\346\201\206""; previousledger: ""\032Yt\320\244{g\0306\\302\303*\341\215\223\257\364\277o\375\000r\241SOq\221\253\262\005\017""; "
1750527520571,1750527520677,593,1,2,3,TMStatusChange,"newEvent: neCLOSING_LEDGER; ledgerSeq: 2; ledgerHash: ""\032Yt\320\244{g\0306\\302\303*\341\215\223\257\364\277o\375\000r\241SOq\221\253\262\005\017""; ledgerHashPrevious: ""-}\351f\032\255\274\334m\326c\017\014ao[\342\230\003\245\245\3341Hm\326^\017jy\335\261""; networkTime: 803842720; firstSeq: 1; lastSeq: 1; ","newEvent: neCLOSING_LEDGER; ledgerSeq: 2; ledgerHash: ""\032Yt\320\244{g\0306\\302\303*\341\215\223\257\364\277o\375\000r\241SOq\221\253\262\005\017""; ledgerHashPrevious: ""-}\351f\032\255\274\334m\326c\017\014ao[\342\230\003\245\245\3341Hm\326^\017jy\335\261""; networkTime: 803842720; firstSeq: 1; lastSeq: 1; "
1750527520572,1750527520678,1536,1,2,1,TMStatusChange,"newEvent: neCLOSING_LEDGER; ledgerSeq: 2; ledgerHash: ""\032Yt\320\244{g\0306\\302\303*\341\215\223\257\364\277o\375\000r\241SOq\221\253\262\005\017""; ledgerHashPrevious: ""-}\351f\032\255\274\334m\326c\017\014ao[\342\230\003\245\245\3341Hm\326^\017jy\335\261""; networkTime: 803842720; firstSeq: 1; lastSeq: 1; ","newEvent: neCLOSING_LEDGER; ledgerSeq: 2; ledgerHash: ""\032Yt\320\244{g\0306\\302\303*\341\215\223\257\364\277o\375\000r\241SOq\221\253\262\005\017""; ledgerHashPrevious: ""-}\351f\032\255\274\334m\326c\017\014ao[\342\230\003\245\245\3341Hm\326^\017jy\335\261""; networkTime: 803842720; firstSeq: 1; lastSeq: 1; "
1750527520571,1750527520677,3446,1,2,4,TMStatusChange,"newEvent: neCLOSING_LEDGER; ledgerSeq: 2; ledgerHash: ""\032Yt\320\244{g\0306\\302\303*\341\215\223\257\364\277o\375\000r\241SOq\221\253\262\005\017""; ledgerHashPrevious: ""-}\351f\032\255\274\334m\326c\017\014ao[\342\230\003\245\245\3341Hm\326^\017jy\335\261""; networkTime: 803842720; firstSeq: 1; lastSeq: 1; ","newEvent: neCLOSING_LEDGER; ledgerSeq: 2; ledgerHash: ""\032Yt\320\244{g\0306\\302\303*\341\215\223\257\364\277o\375\000r\241SOq\221\253\262\005\017""; ledgerHashPrevious: ""-}\351f\032\255\274\334m\326c\017\014ao[\342\230\003\245\245\3341Hm\326^\017jy\335\261""; networkTime: 803842720; firstSeq: 1; lastSeq: 1; "
1750527520573,1750527520678,679,1,2,0,TMStatusChange,"newEvent: neCLOSING_LEDGER; ledgerSeq: 2; ledgerHash: ""\032Yt\320\244{g\0306\\302\303*\341\215\223\257\364\277o\375\000r\241SOq\221\253\262\005\017""; ledgerHashPrevious: ""-}\351f\032\255\274\334m\326c\017\014ao[\342\230\003\245\245\3341Hm\326^\017jy\335\261""; networkTime: 803842720; firstSeq: 1; lastSeq: 1; ","newEvent: neCLOSING_LEDGER; ledgerSeq: 2; ledgerHash: ""\032Yt\320\244{g\0306\\302\303*\341\215\223\257\364\277o\375\000r\241SOq\221\253\262\005\017""; ledgerHashPrevious: ""-}\351f\032\255\274\334m\326c\017\014ao[\342\230\003\245\245\3341Hm\326^\017jy\335\261""; networkTime: 803842720; firstSeq: 1; lastSeq: 1; "
1750527520681,1750527520681,1394,1,1,2,TMProposeSet,"proposeSeq: 0; currentTxHash: ""\000\000\000\000\000\000\000\000\000\000\000\000\000\000\000\000\000\000\000\000\000\000\000\000\000\000\000\000\000\000\000\000""; nodePubKey: ""\002\266\377\271\344:\030\221i\267\257\215\237M\014\3345f\014\273|\207\367\334\337F\325\004cxB\211L""; closeTime: 803842720; signature: ""0D\002 ~\266C\335_\203\254G.~'\345W]\373\031\245\352\250\276?\322\325q\003f\301\214\204\251\267z\002 &\346\210$\003\370\361I\034Lp\216_\206[!\350|?\313\225X\035\334^\355P\335\201\346\201\206""; previousledger: ""\032Yt\320\244{g\0306\\302\303*\341\215\223\257\364\277o\375\000r\241SOq\221\253\262\005\017""; ","proposeSeq: 0; currentTxHash: ""\000\000\000\000\000\000\000\000\000\000\000\000\000\000\000\000\000\000\000\000\000\000\000\000\000\000\000\000\000\000\000\000""; nodePubKey: ""\002\266\377\271\344:\030\221i\267\257\215\237M\014\3345f\014\273|\207\367\334\337F\325\004cxB\211L""; closeTime: 803842720; signature: ""0D\002 ~\266C\335_\203\254G.~'\345W]\373\031\245\352\250\276?\322\325q\003f\301\214\204\251\267z\002 &\346\210$\003\370\361I\034Lp\216_\206[!\350|?\313\225X\035\334^\355P\335\201\346\201\206""; previousledger: ""\032Yt\320\244{g\0306\\302\303*\341\215\223\257\364\277o\375\000r\241SOq\221\253\262\005\017""; "
1750527520636,1750527520741,3322,1,1,3,TMStatusChange,"newEvent: neCLOSING_LEDGER; ledgerSeq: 2; ledgerHash: ""\032Yt\320\244{g\0306\\302\303*\341\215\223\257\364\277o\375\000r\241SOq\221\253\262\005\017""; ledgerHashPrevious: ""-}\351f\032\255\274\334m\326c\017\014ao[\342\230\003\245\245\3341Hm\326^\017jy\335\261""; networkTime: 803842720; firstSeq: 1; lastSeq: 1; ","newEvent: neCLOSING_LEDGER; ledgerSeq: 2; ledgerHash: ""\032Yt\320\244{g\0306\\302\303*\341\215\223\257\364\277o\375\000r\241SOq\221\253\262\005\017""; ledgerHashPrevious: ""-}\351f\032\255\274\334m\326c\017\014ao[\342\230\003\245\245\3341Hm\326^\017jy\335\261""; networkTime: 803842720; firstSeq: 1; lastSeq: 1; "
1750527520637,1750527520741,798,1,1,2,TMStatusChange,"newEvent: neCLOSING_LEDGER; ledgerSeq: 2; ledgerHash: ""\032Yt\320\244{g\0306\\302\303*\341\215\223\257\364\277o\375\000r\241SOq\221\253\262\005\017""; ledgerHashPrevious: ""-}\351f\032\255\274\334m\326c\017\014ao[\342\230\003\245\245\3341Hm\326^\017jy\335\261""; networkTime: 803842720; firstSeq: 1; lastSeq: 1; ","newEvent: neCLOSING_LEDGER; ledgerSeq: 2; ledgerHash: ""\032Yt\320\244{g\0306\\302\303*\341\215\223\257\364\277o\375\000r\241SOq\221\253\262\005\017""; ledgerHashPrevious: ""-}\351f\032\255\274\334m\326c\017\014ao[\342\230\003\245\245\3341Hm\326^\017jy\335\261""; networkTime: 803842720; firstSeq: 1; lastSeq: 1; "
1750527520637,1750527520741,1961,1,1,4,TMStatusChange,"newEvent: neCLOSING_LEDGER; ledgerSeq: 2; ledgerHash: ""\032Yt\320\244{g\0306\\302\303*\341\215\223\257\364\277o\375\000r\241SOq\221\253\262\005\017""; ledgerHashPrevious: ""-}\351f\032\255\274\334m\326c\017\014ao[\342\230\003\245\245\3341Hm\326^\017jy\335\261""; networkTime: 803842720; firstSeq: 1; lastSeq: 1; ","newEvent: neCLOSING_LEDGER; ledgerSeq: 2; ledgerHash: ""\032Yt\320\244{g\0306\\302\303*\341\215\223\257\364\277o\375\000r\241SOq\221\253\262\005\017""; ledgerHashPrevious: ""-}\351f\032\255\274\334m\326c\017\014ao[\342\230\003\245\245\3341Hm\326^\017jy\335\261""; networkTime: 803842720; firstSeq: 1; lastSeq: 1; "
1750527520644,1750527520741,3625,1,1,0,TMStatusChange,"newEvent: neCLOSING_LEDGER; ledgerSeq: 2; ledgerHash: ""\032Yt\320\244{g\0306\\302\303*\341\215\223\257\364\277o\375\000r\241SOq\221\253\262\005\017""; ledgerHashPrevious: ""-}\351f\032\255\274\334m\326c\017\014ao[\342\230\003\245\245\3341Hm\326^\017jy\335\261""; networkTime: 803842720; firstSeq: 1; lastSeq: 1; ","newEvent: neCLOSING_LEDGER; ledgerSeq: 2; ledgerHash: ""\032Yt\320\244{g\0306\\302\303*\341\215\223\257\364\277o\375\000r\241SOq\221\253\262\005\017""; ledgerHashPrevious: ""-}\351f\032\255\274\334m\326c\017\014ao[\342\230\003\245\245\3341Hm\326^\017jy\335\261""; networkTime: 803842720; firstSeq: 1; lastSeq: 1; "
1750527520923,1750527520923,3787,1,3,2,TMProposeSet,"proposeSeq: 0; currentTxHash: ""\000\000\000\000\000\000\000\000\000\000\000\000\000\000\000\000\000\000\000\000\000\000\000\000\000\000\000\000\000\000\000\000""; nodePubKey: ""\003R7o\362bV\300hf\266\241;}\200^\374\240\203[:\342Q\225\221\027y\372\255\235\216\323~""; closeTime: 803842720; signature: ""0D\002 \0278\352\363\373T\330o\211D'\226\267A\352\277\246\007\210\3634S\255\210\033\246\204\306\202\257\224\301\002 <\314\002\037\004\233\326T\320\266\307t\260\243t\262aVz\354R\305\213D\337\226\017\344\255FT\376""; previousledger: ""\032Yt\320\244{g\0306\\302\303*\341\215\223\257\364\277o\375\000r\241SOq\221\253\262\005\017""; ","proposeSeq: 0; currentTxHash: ""\000\000\000\000\000\000\000\000\000\000\000\000\000\000\000\000\000\000\000\000\000\000\000\000\000\000\000\000\000\000\000\000""; nodePubKey: ""\003R7o\362bV\300hf\266\241;}\200^\374\240\203[:\342Q\225\221\027y\372\255\235\216\323~""; closeTime: 803842720; signature: ""0D\002 \0278\352\363\373T\330o\211D'\226\267A\352\277\246\007\210\3634S\255\210\033\246\204\306\202\257\224\301\002 <\314\002\037\004\233\326T\320\266\307t\260\243t\262aVz\354R\305\213D\337\226\017\344\255FT\376""; previousledger: ""\032Yt\320\244{g\0306\\302\303*\341\215\223\257\364\277o\375\000r\241SOq\221\253\262\005\017""; "
1750527520924,1750527520924,3830,1,3,1,TMProposeSet,"proposeSeq: 0; currentTxHash: ""\000\000\000\000\000\000\000\000\000\000\000\000\000\000\000\000\000\000\000\000\000\000\000\000\000\000\000\000\000\000\000\000""; nodePubKey: ""\003R7o\362bV\300hf\266\241;}\200^\374\240\203[:\342Q\225\221\027y\372\255\235\216\323~""; closeTime: 803842720; signature: ""0D\002 \0278\352\363\373T\330o\211D'\226\267A\352\277\246\007\210\3634S\255\210\033\246\204\306\202\257\224\301\002 <\314\002\037\004\233\326T\320\266\307t\260\243t\262aVz\354R\305\213D\337\226\017\344\255FT\376""; previousledger: ""\032Yt\320\244{g\0306\\302\303*\341\215\223\257\364\277o\375\000r\241SOq\221\253\262\005\017""; ","proposeSeq: 0; currentTxHash: ""\000\000\000\000\000\000\000\000\000\000\000\000\000\000\000\000\000\000\000\000\000\000\000\000\000\000\000\000\000\000\000\000""; nodePubKey: ""\003R7o\362bV\300hf\266\241;}\200^\374\240\203[:\342Q\225\221\027y\372\255\235\216\323~""; closeTime: 803842720; signature: ""0D\002 \0278\352\363\373T\330o\211D'\226\267A\352\277\246\007\210\3634S\255\210\033\246\204\306\202\257\224\301\002 <\314\002\037\004\233\326T\320\266\307t\260\243t\262aVz\354R\305\213D\337\226\017\344\255FT\376""; previousledger: ""\032Yt\320\244{g\0306\\302\303*\341\215\223\257\364\277o\375\000r\241SOq\221\253\262\005\017""; "
1750527520924,1750527520924,2201,1,3,0,TMProposeSet,"proposeSeq: 0; currentTxHash: ""\000\000\000\000\000\000\000\000\000\000\000\000\000\000\000\000\000\000\000\000\000\000\000\000\000\000\000\000\000\000\000\000""; nodePubKey: ""\003R7o\362bV\300hf\266\241;}\200^\374\240\203[:\342Q\225\221\027y\372\255\235\216\323~""; closeTime: 803842720; signature: ""0D\002 \0278\352\363\373T\330o\211D'\226\267A\352\277\246\007\210\3634S\255\210\033\246\204\306\202\257\224\301\002 <\314\002\037\004\233\326T\320\266\307t\260\243t\262aVz\354R\305\213D\337\226\017\344\255FT\376""; previousledger: ""\032Yt\320\244{g\0306\\302\303*\341\215\223\257\364\277o\375\000r\241SOq\221\253\262\005\017""; ","proposeSeq: 0; currentTxHash: ""\000\000\000\000\000\000\000\000\000\000\000\000\000\000\000\000\000\000\000\000\000\000\000\000\000\000\000\000\000\000\000\000""; nodePubKey: ""\003R7o\362bV\300hf\266\241;}\200^\374\240\203[:\342Q\225\221\027y\372\255\235\216\323~""; closeTime: 803842720; signature: ""0D\002 \0278\352\363\373T\330o\211D'\226\267A\352\277\246\007\210\3634S\255\210\033\246\204\306\202\257\224\301\002 <\314\002\037\004\233\326T\320\266\307t\260\243t\262aVz\354R\305\213D\337\226\017\344\255FT\376""; previousledger: ""\032Yt\320\244{g\0306\\302\303*\341\215\223\257\364\277o\375\000r\241SOq\221\253\262\005\017""; "
1750527521078,1750527521078,2972,1,4,0,TMProposeSet,"proposeSeq: 0; currentTxHash: ""\000\000\000\000\000\000\000\000\000\000\000\000\000\000\000\000\000\000\000\000\000\000\000\000\000\000\000\000\000\000\000\000""; nodePubKey: ""\002\266\377\271\344:\030\221i\267\257\215\237M\014\3345f\014\273|\207\367\334\337F\325\004cxB\211L""; closeTime: 803842720; signature: ""0D\002 ~\266C\335_\203\254G.~'\345W]\373\031\245\352\250\276?\322\325q\003f\301\214\204\251\267z\002 &\346\210$\003\370\361I\034Lp\216_\206[!\350|?\313\225X\035\334^\355P\335\201\346\201\206""; previousledger: ""\032Yt\320\244{g\0306\\302\303*\341\215\223\257\364\277o\375\000r\241SOq\221\253\262\005\017""; ","proposeSeq: 0; currentTxHash: ""\000\000\000\000\000\000\000\000\000\000\000\000\000\000\000\000\000\000\000\000\000\000\000\000\000\000\000\000\000\000\000\000""; nodePubKey: ""\002\266\377\271\344:\030\221i\267\257\215\237M\014\3345f\014\273|\207\367\334\337F\325\004cxB\211L""; closeTime: 803842720; signature: ""0D\002 ~\266C\335_\203\254G.~'\345W]\373\031\245\352\250\276?\322\325q\003f\301\214\204\251\267z\002 &\346\210$\003\370\361I\034Lp\216_\206[!\350|?\313\225X\035\334^\355P\335\201\346\201\206""; previousledger: ""\032Yt\320\244{g\0306\\302\303*\341\215\223\257\364\277o\375\000r\241SOq\221\253\262\005\017""; "
1750527521078,1750527521078,2441,1,4,2,TMProposeSet,"proposeSeq: 0; currentTxHash: ""\000\000\000\000\000\000\000\000\000\000\000\000\000\000\000\000\000\000\000\000\000\000\000\000\000\000\000\000\000\000\000\000""; nodePubKey: ""\002\266\377\271\344:\030\221i\267\257\215\237M\014\3345f\014\273|\207\367\334\337F\325\004cxB\211L""; closeTime: 803842720; signature: ""0D\002 ~\266C\335_\203\254G.~'\345W]\373\031\245\352\250\276?\322\325q\003f\301\214\204\251\267z\002 &\346\210$\003\370\361I\034Lp\216_\206[!\350|?\313\225X\035\334^\355P\335\201\346\201\206""; previousledger: ""\032Yt\320\244{g\0306\\302\303*\341\215\223\257\364\277o\375\000r\241SOq\221\253\262\005\017""; ","proposeSeq: 0; currentTxHash: ""\000\000\000\000\000\000\000\000\000\000\000\000\000\000\000\000\000\000\000\000\000\000\000\000\000\000\000\000\000\000\000\000""; nodePubKey: ""\002\266\377\271\344:\030\221i\267\257\215\237M\014\3345f\014\273|\207\367\334\337F\325\004cxB\211L""; closeTime: 803842720; signature: ""0D\002 ~\266C\335_\203\254G.~'\345W]\373\031\245\352\250\276?\322\325q\003f\301\214\204\251\267z\002 &\346\210$\003\370\361I\034Lp\216_\206[!\350|?\313\225X\035\334^\355P\335\201\346\201\206""; previousledger: ""\032Yt\320\244{g\0306\\302\303*\341\215\223\257\364\277o\375\000r\241SOq\221\253\262\005\017""; "
1750527521079,1750527521079,371,1,4,3,TMProposeSet,"proposeSeq: 0; currentTxHash: ""\000\000\000\000\000\000\000\000\000\000\000\000\000\000\000\000\000\000\000\000\000\000\000\000\000\000\000\000\000\000\000\000""; nodePubKey: ""\002\266\377\271\344:\030\221i\267\257\215\237M\014\3345f\014\273|\207\367\334\337F\325\004cxB\211L""; closeTime: 803842720; signature: ""0D\002 ~\266C\335_\203\254G.~'\345W]\373\031\245\352\250\276?\322\325q\003f\301\214\204\251\267z\002 &\346\210$\003\370\361I\034Lp\216_\206[!\350|?\313\225X\035\334^\355P\335\201\346\201\206""; previousledger: ""\032Yt\320\244{g\0306\\302\303*\341\215\223\257\364\277o\375\000r\241SOq\221\253\262\005\017""; ","proposeSeq: 0; currentTxHash: ""\000\000\000\000\000\000\000\000\000\000\000\000\000\000\000\000\000\000\000\000\000\000\000\000\000\000\000\000\000\000\000\000""; nodePubKey: ""\002\266\377\271\344:\030\221i\267\257\215\237M\014\3345f\014\273|\207\367\334\337F\325\004cxB\211L""; closeTime: 803842720; signature: ""0D\002 ~\266C\335_\203\254G.~'\345W]\373\031\245\352\250\276?\322\325q\003f\301\214\204\251\267z\002 &\346\210$\003\370\361I\034Lp\216_\206[!\350|?\313\225X\035\334^\355P\335\201\346\201\206""; previousledger: ""\032Yt\320\244{g\0306\\302\303*\341\215\223\257\364\277o\375\000r\241SOq\221\253\262\005\017""; "
1750527521451,1750527521451,3830,1,3,1,TMProposeSet,"proposeSeq: 0; currentTxHash: ""\000\000\000\000\000\000\000\000\000\000\000\000\000\000\000\000\000\000\000\000\000\000\000\000\000\000\000\000\000\000\000\000""; nodePubKey: ""\002\266\377\271\344:\030\221i\267\257\215\237M\014\3345f\014\273|\207\367\334\337F\325\004cxB\211L""; closeTime: 803842720; signature: ""0D\002 ~\266C\335_\203\254G.~'\345W]\373\031\245\352\250\276?\322\325q\003f\301\214\204\251\267z\002 &\346\210$\003\370\361I\034Lp\216_\206[!\350|?\313\225X\035\334^\355P\335\201\346\201\206""; previousledger: ""\032Yt\320\244{g\0306\\302\303*\341\215\223\257\364\277o\375\000r\241SOq\221\253\262\005\017""; ","proposeSeq: 0; currentTxHash: ""\000\000\000\000\000\000\000\000\000\000\000\000\000\000\000\000\000\000\000\000\000\000\000\000\000\000\000\000\000\000\000\000""; nodePubKey: ""\002\266\377\271\344:\030\221i\267\257\215\237M\014\3345f\014\273|\207\367\334\337F\325\004cxB\211L""; closeTime: 803842720; signature: ""0D\002 ~\266C\335_\203\254G.~'\345W]\373\031\245\352\250\276?\322\325q\003f\301\214\204\251\267z\002 &\346\210$\003\370\361I\034Lp\216_\206[!\350|?\313\225X\035\334^\355P\335\201\346\201\206""; previousledger: ""\032Yt\320\244{g\0306\\302\303*\341\215\223\257\364\277o\375\000r\241SOq\221\253\262\005\017""; "
1750527521452,1750527521452,3787,1,3,2,TMProposeSet,"proposeSeq: 0; currentTxHash: ""\000\000\000\000\000\000\000\000\000\000\000\000\000\000\000\000\000\000\000\000\000\000\000\000\000\000\000\000\000\000\000\000""; nodePubKey: ""\002\266\377\271\344:\030\221i\267\257\215\237M\014\3345f\014\273|\207\367\334\337F\325\004cxB\211L""; closeTime: 803842720; signature: ""0D\002 ~\266C\335_\203\254G.~'\345W]\373\031\245\352\250\276?\322\325q\003f\301\214\204\251\267z\002 &\346\210$\003\370\361I\034Lp\216_\206[!\350|?\313\225X\035\334^\355P\335\201\346\201\206""; previousledger: ""\032Yt\320\244{g\0306\\302\303*\341\215\223\257\364\277o\375\000r\241SOq\221\253\262\005\017""; ","proposeSeq: 0; currentTxHash: ""\000\000\000\000\000\000\000\000\000\000\000\000\000\000\000\000\000\000\000\000\000\000\000\000\000\000\000\000\000\000\000\000""; nodePubKey: ""\002\266\377\271\344:\030\221i\267\257\215\237M\014\3345f\014\273|\207\367\334\337F\325\004cxB\211L""; closeTime: 803842720; signature: ""0D\002 ~\266C\335_\203\254G.~'\345W]\373\031\245\352\250\276?\322\325q\003f\301\214\204\251\267z\002 &\346\210$\003\370\361I\034Lp\216_\206[!\350|?\313\225X\035\334^\355P\335\201\346\201\206""; previousledger: ""\032Yt\320\244{g\0306\\302\303*\341\215\223\257\364\277o\375\000r\241SOq\221\253\262\005\017""; "
1750527521452,1750527521453,2201,1,3,0,TMProposeSet,"proposeSeq: 0; currentTxHash: ""\000\000\000\000\000\000\000\000\000\000\000\000\000\000\000\000\000\000\000\000\000\000\000\000\000\000\000\000\000\000\000\000""; nodePubKey: ""\002\266\377\271\344:\030\221i\267\257\215\237M\014\3345f\014\273|\207\367\334\337F\325\004cxB\211L""; closeTime: 803842720; signature: ""0D\002 ~\266C\335_\203\254G.~'\345W]\373\031\245\352\250\276?\322\325q\003f\301\214\204\251\267z\002 &\346\210$\003\370\361I\034Lp\216_\206[!\350|?\313\225X\035\334^\355P\335\201\346\201\206""; previousledger: ""\032Yt\320\244{g\0306\\302\303*\341\215\223\257\364\277o\375\000r\241SOq\221\253\262\005\017""; ","proposeSeq: 0; currentTxHash: ""\000\000\000\000\000\000\000\000\000\000\000\000\000\000\000\000\000\000\000\000\000\000\000\000\000\000\000\000\000\000\000\000""; nodePubKey: ""\002\266\377\271\344:\030\221i\267\257\215\237M\014\3345f\014\273|\207\367\334\337F\325\004cxB\211L""; closeTime: 803842720; signature: ""0D\002 ~\266C\335_\203\254G.~'\345W]\373\031\245\352\250\276?\322\325q\003f\301\214\204\251\267z\002 &\346\210$\003\370\361I\034Lp\216_\206[!\350|?\313\225X\035\334^\355P\335\201\346\201\206""; previousledger: ""\032Yt\320\244{g\0306\\302\303*\341\215\223\257\364\277o\375\000r\241SOq\221\253\262\005\017""; "
1750527521678,1750527521678,2441,1,4,2,TMProposeSet,"proposeSeq: 0; currentTxHash: ""\000\000\000\000\000\000\000\000\000\000\000\000\000\000\000\000\000\000\000\000\000\000\000\000\000\000\000\000\000\000\000\000""; nodePubKey: ""\002\364d\217\366\217|\316F\232\231\241\n\261\333`\312O\367\235\025DD\336e\367\n\312\326\221\037\025\230""; closeTime: 803842720; signature: ""0E\002!\000\372>\202p\317:\236>`]\372\267e\247\254\314(\204\323\300\006|\004Q\021\363FG\031\324\222\\002 7\322\271\007]gQ\325\214\366\350\344\200+\355\301\343@\257i2\0074N\255\253\207\366&\262eB""; previousledger: ""\032Yt\320\244{g\0306\\302\303*\341\215\223\257\364\277o\375\000r\241SOq\221\253\262\005\017""; ","proposeSeq: 0; currentTxHash: ""\000\000\000\000\000\000\000\000\000\000\000\000\000\000\000\000\000\000\000\000\000\000\000\000\000\000\000\000\000\000\000\000""; nodePubKey: ""\002\364d\217\366\217|\316F\232\231\241\n\261\333`\312O\367\235\025DD\336e\367\n\312\326\221\037\025\230""; closeTime: 803842720; signature: ""0E\002!\000\372>\202p\317:\236>`]\372\267e\247\254\314(\204\323\300\006|\004Q\021\363FG\031\324\222\\002 7\322\271\007]gQ\325\214\366\350\344\200+\355\301\343@\257i2\0074N\255\253\207\366&\262eB""; previousledger: ""\032Yt\320\244{g\0306\\302\303*\341\215\223\257\364\277o\375\000r\241SOq\221\253\262\005\017""; "
1750527521679,1750527521679,2972,1,4,0,TMProposeSet,"proposeSeq: 0; currentTxHash: ""\000\000\000\000\000\000\000\000\000\000\000\000\000\000\000\000\000\000\000\000\000\000\000\000\000\000\000\000\000\000\000\000""; nodePubKey: ""\002\364d\217\366\217|\316F\232\231\241\n\261\333`\312O\367\235\025DD\336e\367\n\312\326\221\037\025\230""; closeTime: 803842720; signature: ""0E\002!\000\372>\202p\317:\236>`]\372\267e\247\254\314(\204\323\300\006|\004Q\021\363FG\031\324\222\\002 7\322\271\007]gQ\325\214\366\350\344\200+\355\301\343@\257i2\0074N\255\253\207\366&\262eB""; previousledger: ""\032Yt\320\244{g\0306\\302\303*\341\215\223\257\364\277o\375\000r\241SOq\221\253\262\005\017""; ","proposeSeq: 0; currentTxHash: ""\000\000\000\000\000\000\000\000\000\000\000\000\000\000\000\000\000\000\000\000\000\000\000\000\000\000\000\000\000\000\000\000""; nodePubKey: ""\002\364d\217\366\217|\316F\232\231\241\n\261\333`\312O\367\235\025DD\336e\367\n\312\326\221\037\025\230""; closeTime: 803842720; signature: ""0E\002!\000\372>\202p\317:\236>`]\372\267e\247\254\314(\204\323\300\006|\004Q\021\363FG\031\324\222\\002 7\322\271\007]gQ\325\214\366\350\344\200+\355\301\343@\257i2\0074N\255\253\207\366&\262eB""; previousledger: ""\032Yt\320\244{g\0306\\302\303*\341\215\223\257\364\277o\375\000r\241SOq\221\253\262\005\017""; "
1750527521679,1750527521679,2455,1,4,1,TMProposeSet,"proposeSeq: 0; currentTxHash: ""\000\000\000\000\000\000\000\000\000\000\000\000\000\000\000\000\000\000\000\000\000\000\000\000\000\000\000\000\000\000\000\000""; nodePubKey: ""\002\364d\217\366\217|\316F\232\231\241\n\261\333`\312O\367\235\025DD\336e\367\n\312\326\221\037\025\230""; closeTime: 803842720; signature: ""0E\002!\000\372>\202p\317:\236>`]\372\267e\247\254\314(\204\323\300\006|\004Q\021\363FG\031\324\222\\002 7\322\271\007]gQ\325\214\366\350\344\200+\355\301\343@\257i2\0074N\255\253\207\366&\262eB""; previousledger: ""\032Yt\320\244{g\0306\\302\303*\341\215\223\257\364\277o\375\000r\241SOq\221\253\262\005\017""; ","proposeSeq: 0; currentTxHash: ""\000\000\000\000\000\000\000\000\000\000\000\000\000\000\000\000\000\000\000\000\000\000\000\000\000\000\000\000\000\000\000\000""; nodePubKey: ""\002\364d\217\366\217|\316F\232\231\241\n\261\333`\312O\367\235\025DD\336e\367\n\312\326\221\037\025\230""; closeTime: 803842720; signature: ""0E\002!\000\372>\202p\317:\236>`]\372\267e\247\254\314(\204\323\300\006|\004Q\021\363FG\031\324\222\\002 7\322\271\007]gQ\325\214\366\350\344\200+\355\301\343@\257i2\0074N\255\253\207\366&\262eB""; previousledger: ""\032Yt\320\244{g\0306\\302\303*\341\215\223\257\364\277o\375\000r\241SOq\221\253\262\005\017""; "
1750527521905,1750527521906,2455,1,4,1,TMProposeSet,"proposeSeq: 0; currentTxHash: ""\000\000\000\000\000\000\000\000\000\000\000\000\000\000\000\000\000\000\000\000\000\000\000\000\000\000\000\000\000\000\000\000""; nodePubKey: ""\002\225aM\037\203M\271C\224]$\245\215\334\264;{{\365%Z\2443U\201\242\320iUc\207\367""; closeTime: 803842720; signature: ""0E\002!\000\364\031A\215\305\353^\213C\223\013\235D\200g\346+c\206n_r\216\357m\177\353\304\026\361\243T\002 L\310\223\234\245\320\371!\177\017\003\033\312[cl\272H\325-\371O~\035\317<\212\217\366ma\240""; previousledger: ""\032Yt\320\244{g\0306\\302\303*\341\215\223\257\364\277o\375\000r\241SOq\221\253\262\005\017""; ","proposeSeq: 0; currentTxHash: ""\000\000\000\000\000\000\000\000\000\000\000\000\000\000\000\000\000\000\000\000\000\000\000\000\000\000\000\000\000\000\000\000""; nodePubKey: ""\002\225aM\037\203M\271C\224]$\245\215\334\264;{{\365%Z\2443U\201\242\320iUc\207\367""; closeTime: 803842720; signature: ""0E\002!\000\364\031A\215\305\353^\213C\223\013\235D\200g\346+c\206n_r\216\357m\177\353\304\026\361\243T\002 L\310\223\234\245\320\371!\177\017\003\033\312[cl\272H\325-\371O~\035\317<\212\217\366ma\240""; previousledger: ""\032Yt\320\244{g\0306\\302\303*\341\215\223\257\364\277o\375\000r\241SOq\221\253\262\005\017""; "
1750527521907,1750527521907,2441,1,4,2,TMProposeSet,"proposeSeq: 0; currentTxHash: ""\000\000\000\000\000\000\000\000\000\000\000\000\000\000\000\000\000\000\000\000\000\000\000\000\000\000\000\000\000\000\000\000""; nodePubKey: ""\002\225aM\037\203M\271C\224]$\245\215\334\264;{{\365%Z\2443U\201\242\320iUc\207\367""; closeTime: 803842720; signature: ""0E\002!\000\364\031A\215\305\353^\213C\223\013\235D\200g\346+c\206n_r\216\357m\177\353\304\026\361\243T\002 L\310\223\234\245\320\371!\177\017\003\033\312[cl\272H\325-\371O~\035\317<\212\217\366ma\240""; previousledger: ""\032Yt\320\244{g\0306\\302\303*\341\215\223\257\364\277o\375\000r\241SOq\221\253\262\005\017""; ","proposeSeq: 0; currentTxHash: ""\000\000\000\000\000\000\000\000\000\000\000\000\000\000\000\000\000\000\000\000\000\000\000\000\000\000\000\000\000\000\000\000""; nodePubKey: ""\002\225aM\037\203M\271C\224]$\245\215\334\264;{{\365%Z\2443U\201\242\320iUc\207\367""; closeTime: 803842720; signature: ""0E\002!\000\364\031A\215\305\353^\213C\223\013\235D\200g\346+c\206n_r\216\357m\177\353\304\026\361\243T\002 L\310\223\234\245\320\371!\177\017\003\033\312[cl\272H\325-\371O~\035\317<\212\217\366ma\240""; previousledger: ""\032Yt\320\244{g\0306\\302\303*\341\215\223\257\364\277o\375\000r\241SOq\221\253\262\005\017""; "
1750527521907,1750527521907,2972,1,4,0,TMProposeSet,"proposeSeq: 0; currentTxHash: ""\000\000\000\000\000\000\000\000\000\000\000\000\000\000\000\000\000\000\000\000\000\000\000\000\000\000\000\000\000\000\000\000""; nodePubKey: ""\002\225aM\037\203M\271C\224]$\245\215\334\264;{{\365%Z\2443U\201\242\320iUc\207\367""; closeTime: 803842720; signature: ""0E\002!\000\364\031A\215\305\353^\213C\223\013\235D\200g\346+c\206n_r\216\357m\177\353\304\026\361\243T\002 L\310\223\234\245\320\371!\177\017\003\033\312[cl\272H\325-\371O~\035\317<\212\217\366ma\240""; previousledger: ""\032Yt\320\244{g\0306\\302\303*\341\215\223\257\364\277o\375\000r\241SOq\221\253\262\005\017""; ","proposeSeq: 0; currentTxHash: ""\000\000\000\000\000\000\000\000\000\000\000\000\000\000\000\000\000\000\000\000\000\000\000\000\000\000\000\000\000\000\000\000""; nodePubKey: ""\002\225aM\037\203M\271C\224]$\245\215\334\264;{{\365%Z\2443U\201\242\320iUc\207\367""; closeTime: 803842720; signature: ""0E\002!\000\364\031A\215\305\353^\213C\223\013\235D\200g\346+c\206n_r\216\357m\177\353\304\026\361\243T\002 L\310\223\234\245\320\371!\177\017\003\033\312[cl\272H\325-\371O~\035\317<\212\217\366ma\240""; previousledger: ""\032Yt\320\244{g\0306\\302\303*\341\215\223\257\364\277o\375\000r\241SOq\221\253\262\005\017""; "
1750527522075,1750527522075,3046,1,2,4,TMProposeSet,"proposeSeq: 0; currentTxHash: ""\000\000\000\000\000\000\000\000\000\000\000\000\000\000\000\000\000\000\000\000\000\000\000\000\000\000\000\000\000\000\000\000""; nodePubKey: ""\002\266\377\271\344:\030\221i\267\257\215\237M\014\3345f\014\273|\207\367\334\337F\325\004cxB\211L""; closeTime: 803842720; signature: ""0D\002 ~\266C\335_\203\254G.~'\345W]\373\031\245\352\250\276?\322\325q\003f\301\214\204\251\267z\002 &\346\210$\003\370\361I\034Lp\216_\206[!\350|?\313\225X\035\334^\355P\335\201\346\201\206""; previousledger: ""\032Yt\320\244{g\0306\\302\303*\341\215\223\257\364\277o\375\000r\241SOq\221\253\262\005\017""; ","proposeSeq: 0; currentTxHash: ""\000\000\000\000\000\000\000\000\000\000\000\000\000\000\000\000\000\000\000\000\000\000\000\000\000\000\000\000\000\000\000\000""; nodePubKey: ""\002\266\377\271\344:\030\221i\267\257\215\237M\014\3345f\014\273|\207\367\334\337F\325\004cxB\211L""; closeTime: 803842720; signature: ""0D\002 ~\266C\335_\203\254G.~'\345W]\373\031\245\352\250\276?\322\325q\003f\301\214\204\251\267z\002 &\346\210$\003\370\361I\034Lp\216_\206[!\350|?\313\225X\035\334^\355P\335\201\346\201\206""; previousledger: ""\032Yt\320\244{g\0306\\302\303*\341\215\223\257\364\277o\375\000r\241SOq\221\253\262\005\017""; "
1750527522076,1750527522076,1659,1,2,0,TMProposeSet,"proposeSeq: 0; currentTxHash: ""\000\000\000\000\000\000\000\000\000\000\000\000\000\000\000\000\000\000\000\000\000\000\000\000\000\000\000\000\000\000\000\000""; nodePubKey: ""\002\266\377\271\344:\030\221i\267\257\215\237M\014\3345f\014\273|\207\367\334\337F\325\004cxB\211L""; closeTime: 803842720; signature: ""0D\002 ~\266C\335_\203\254G.~'\345W]\373\031\245\352\250\276?\322\325q\003f\301\214\204\251\267z\002 &\346\210$\003\370\361I\034Lp\216_\206[!\350|?\313\225X\035\334^\355P\335\201\346\201\206""; previousledger: ""\032Yt\320\244{g\0306\\302\303*\341\215\223\257\364\277o\375\000r\241SOq\221\253\262\005\017""; ","proposeSeq: 0; currentTxHash: ""\000\000\000\000\000\000\000\000\000\000\000\000\000\000\000\000\000\000\000\000\000\000\000\000\000\000\000\000\000\000\000\000""; nodePubKey: ""\002\266\377\271\344:\030\221i\267\257\215\237M\014\3345f\014\273|\207\367\334\337F\325\004cxB\211L""; closeTime: 803842720; signature: ""0D\002 ~\266C\335_\203\254G.~'\345W]\373\031\245\352\250\276?\322\325q\003f\301\214\204\251\267z\002 &\346\210$\003\370\361I\034Lp\216_\206[!\350|?\313\225X\035\334^\355P\335\201\346\201\206""; previousledger: ""\032Yt\320\244{g\0306\\302\303*\341\215\223\257\364\277o\375\000r\241SOq\221\253\262\005\017""; "
1750527522075,1750527522075,2762,1,2,3,TMProposeSet,"proposeSeq: 0; currentTxHash: ""\000\000\000\000\000\000\000\000\000\000\000\000\000\000\000\000\000\000\000\000\000\000\000\000\000\000\000\000\000\000\000\000""; nodePubKey: ""\002\266\377\271\344:\030\221i\267\257\215\237M\014\3345f\014\273|\207\367\334\337F\325\004cxB\211L""; closeTime: 803842720; signature: ""0D\002 ~\266C\335_\203\254G.~'\345W]\373\031\245\352\250\276?\322\325q\003f\301\214\204\251\267z\002 &\346\210$\003\370\361I\034Lp\216_\206[!\350|?\313\225X\035\334^\355P\335\201\346\201\206""; previousledger: ""\032Yt\320\244{g\0306\\302\303*\341\215\223\257\364\277o\375\000r\241SOq\221\253\262\005\017""; ","proposeSeq: 0; currentTxHash: ""\000\000\000\000\000\000\000\000\000\000\000\000\000\000\000\000\000\000\000\000\000\000\000\000\000\000\000\000\000\000\000\000""; nodePubKey: ""\002\266\377\271\344:\030\221i\267\257\215\237M\014\3345f\014\273|\207\367\334\337F\325\004cxB\211L""; closeTime: 803842720; signature: ""0D\002 ~\266C\335_\203\254G.~'\345W]\373\031\245\352\250\276?\322\325q\003f\301\214\204\251\267z\002 &\346\210$\003\370\361I\034Lp\216_\206[!\350|?\313\225X\035\334^\355P\335\201\346\201\206""; previousledger: ""\032Yt\320\244{g\0306\\302\303*\341\215\223\257\364\277o\375\000r\241SOq\221\253\262\005\017""; "
1750527522233,1750527522233,3504,1,0,4,TMProposeSet,"proposeSeq: 0; currentTxHash: ""\000\000\000\000\000\000\000\000\000\000\000\000\000\000\000\000\000\000\000\000\000\000\000\000\000\000\000\000\000\000\000\000""; nodePubKey: ""\003\255\225A\213\332\224ehh\024BDq\224\250\335`\355\353{\357\266\335<\021\032\265\177\206\356&\215""; closeTime: 803842720; signature: ""0E\002!\000\202\316\373\224Qq\017D\317-\337O\0102J\314[\205\003agn\030\277\276@\326\274\241Z\306\343\002 \006@qh&U\217\203*\237\207\222\177\312*\244\272\274\233\214\304w\325(\202\223\037\243\374m\356\321""; previousledger: ""\032Yt\320\244{g\0306\\302\303*\341\215\223\257\364\277o\375\000r\241SOq\221\253\262\005\017""; ","proposeSeq: 0; currentTxHash: ""\000\000\000\000\000\000\000\000\000\000\000\000\000\000\000\000\000\000\000\000\000\000\000\000\000\000\000\000\000\000\000\000""; nodePubKey: ""\003\255\225A\213\332\224ehh\024BDq\224\250\335`\355\353{\357\266\335<\021\032\265\177\206\356&\215""; closeTime: 803842720; signature: ""0E\002!\000\202\316\373\224Qq\017D\317-\337O\0102J\314[\205\003agn\030\277\276@\326\274\241Z\306\343\002 \006@qh&U\217\203*\237\207\222\177\312*\244\272\274\233\214\304w\325(\202\223\037\243\374m\356\321""; previousledger: ""\032Yt\320\244{g\0306\\302\303*\341\215\223\257\364\277o\375\000r\241SOq\221\253\262\005\017""; "
1750527522233,1750527522234,142,1,0,3,TMProposeSet,"proposeSeq: 0; currentTxHash: ""\000\000\000\000\000\000\000\000\000\000\000\000\000\000\000\000\000\000\000\000\000\000\000\000\000\000\000\000\000\000\000\000""; nodePubKey: ""\003\255\225A\213\332\224ehh\024BDq\224\250\335`\355\353{\357\266\335<\021\032\265\177\206\356&\215""; closeTime: 803842720; signature: ""0E\002!\000\202\316\373\224Qq\017D\317-\337O\0102J\314[\205\003agn\030\277\276@\326\274\241Z\306\343\002 \006@qh&U\217\203*\237\207\222\177\312*\244\272\274\233\214\304w\325(\202\223\037\243\374m\356\321""; previousledger: ""\032Yt\320\244{g\0306\\302\303*\341\215\223\257\364\277o\375\000r\241SOq\221\253\262\005\017""; ","proposeSeq: 0; currentTxHash: ""\000\000\000\000\000\000\000\000\000\000\000\000\000\000\000\000\000\000\000\000\000\000\000\000\000\000\000\000\000\000\000\000""; nodePubKey: ""\003\255\225A\213\332\224ehh\024BDq\224\250\335`\355\353{\357\266\335<\021\032\265\177\206\356&\215""; closeTime: 803842720; signature: ""0E\002!\000\202\316\373\224Qq\017D\317-\337O\0102J\314[\205\003agn\030\277\276@\326\274\241Z\306\343\002 \006@qh&U\217\203*\237\207\222\177\312*\244\272\274\233\214\304w\325(\202\223\037\243\374m\356\321""; previousledger: ""\032Yt\320\244{g\0306\\302\303*\341\215\223\257\364\277o\375\000r\241SOq\221\253\262\005\017""; "
1750527522234,1750527522234,3849,1,0,1,TMProposeSet,"proposeSeq: 0; currentTxHash: ""\000\000\000\000\000\000\000\000\000\000\000\000\000\000\000\000\000\000\000\000\000\000\000\000\000\000\000\000\000\000\000\000""; nodePubKey: ""\003\255\225A\213\332\224ehh\024BDq\224\250\335`\355\353{\357\266\335<\021\032\265\177\206\356&\215""; closeTime: 803842720; signature: ""0E\002!\000\202\316\373\224Qq\017D\317-\337O\0102J\314[\205\003agn\030\277\276@\326\274\241Z\306\343\002 \006@qh&U\217\203*\237\207\222\177\312*\244\272\274\233\214\304w\325(\202\223\037\243\374m\356\321""; previousledger: ""\032Yt\320\244{g\0306\\302\303*\341\215\223\257\364\277o\375\000r\241SOq\221\253\262\005\017""; ","proposeSeq: 0; currentTxHash: ""\000\000\000\000\000\000\000\000\000\000\000\000\000\000\000\000\000\000\000\000\000\000\000\000\000\000\000\000\000\000\000\000""; nodePubKey: ""\003\255\225A\213\332\224ehh\024BDq\224\250\335`\355\353{\357\266\335<\021\032\265\177\206\356&\215""; closeTime: 803842720; signature: ""0E\002!\000\202\316\373\224Qq\017D\317-\337O\0102J\314[\205\003agn\030\277\276@\326\274\241Z\306\343\002 \006@qh&U\217\203*\237\207\222\177\312*\244\272\274\233\214\304w\325(\202\223\037\243\374m\356\321""; previousledger: ""\032Yt\320\244{g\0306\\302\303*\341\215\223\257\364\277o\375\000r\241SOq\221\253\262\005\017""; "
1750527522377,1750527522377,3787,1,3,2,TMProposeSet,"proposeSeq: 0; currentTxHash: ""\000\000\000\000\000\000\000\000\000\000\000\000\000\000\000\000\000\000\000\000\000\000\000\000\000\000\000\000\000\000\000\000""; nodePubKey: ""\003\255\225A\213\332\224ehh\024BDq\224\250\335`\355\353{\357\266\335<\021\032\265\177\206\356&\215""; closeTime: 803842720; signature: ""0E\002!\000\202\316\373\224Qq\017D\317-\337O\0102J\314[\205\003agn\030\277\276@\326\274\241Z\306\343\002 \006@qh&U\217\203*\237\207\222\177\312*\244\272\274\233\214\304w\325(\202\223\037\243\374m\356\321""; previousledger: ""\032Yt\320\244{g\0306\\302\303*\341\215\223\257\364\277o\375\000r\241SOq\221\253\262\005\017""; ","proposeSeq: 0; currentTxHash: ""\000\000\000\000\000\000\000\000\000\000\000\000\000\000\000\000\000\000\000\000\000\000\000\000\000\000\000\000\000\000\000\000""; nodePubKey: ""\003\255\225A\213\332\224ehh\024BDq\224\250\335`\355\353{\357\266\335<\021\032\265\177\206\356&\215""; closeTime: 803842720; signature: ""0E\002!\000\202\316\373\224Qq\017D\317-\337O\0102J\314[\205\003agn\030\277\276@\326\274\241Z\306\343\002 \006@qh&U\217\203*\237\207\222\177\312*\244\272\274\233\214\304w\325(\202\223\037\243\374m\356\321""; previousledger: ""\032Yt\320\244{g\0306\\302\303*\341\215\223\257\364\277o\375\000r\241SOq\221\253\262\005\017""; "
1750527522378,1750527522378,3830,1,3,1,TMProposeSet,"proposeSeq: 0; currentTxHash: ""\000\000\000\000\000\000\000\000\000\000\000\000\000\000\000\000\000\000\000\000\000\000\000\000\000\000\000\000\000\000\000\000""; nodePubKey: ""\003\255\225A\213\332\224ehh\024BDq\224\250\335`\355\353{\357\266\335<\021\032\265\177\206\356&\215""; closeTime: 803842720; signature: ""0E\002!\000\202\316\373\224Qq\017D\317-\337O\0102J\314[\205\003agn\030\277\276@\326\274\241Z\306\343\002 \006@qh&U\217\203*\237\207\222\177\312*\244\272\274\233\214\304w\325(\202\223\037\243\374m\356\321""; previousledger: ""\032Yt\320\244{g\0306\\302\303*\341\215\223\257\364\277o\375\000r\241SOq\221\253\262\005\017""; ","proposeSeq: 0; currentTxHash: ""\000\000\000\000\000\000\000\000\000\000\000\000\000\000\000\000\000\000\000\000\000\000\000\000\000\000\000\000\000\000\000\000""; nodePubKey: ""\003\255\225A\213\332\224ehh\024BDq\224\250\335`\355\353{\357\266\335<\021\032\265\177\206\356&\215""; closeTime: 803842720; signature: ""0E\002!\000\202\316\373\224Qq\017D\317-\337O\0102J\314[\205\003agn\030\277\276@\326\274\241Z\306\343\002 \006@qh&U\217\203*\237\207\222\177\312*\244\272\274\233\214\304w\325(\202\223\037\243\374m\356\321""; previousledger: ""\032Yt\320\244{g\0306\\302\303*\341\215\223\257\364\277o\375\000r\241SOq\221\253\262\005\017""; "
1750527522378,1750527522378,1272,1,3,4,TMProposeSet,"proposeSeq: 0; currentTxHash: ""\000\000\000\000\000\000\000\000\000\000\000\000\000\000\000\000\000\000\000\000\000\000\000\000\000\000\000\000\000\000\000\000""; nodePubKey: ""\003\255\225A\213\332\224ehh\024BDq\224\250\335`\355\353{\357\266\335<\021\032\265\177\206\356&\215""; closeTime: 803842720; signature: ""0E\002!\000\202\316\373\224Qq\017D\317-\337O\0102J\314[\205\003agn\030\277\276@\326\274\241Z\306\343\002 \006@qh&U\217\203*\237\207\222\177\312*\244\272\274\233\214\304w\325(\202\223\037\243\374m\356\321""; previousledger: ""\032Yt\320\244{g\0306\\302\303*\341\215\223\257\364\277o\375\000r\241SOq\221\253\262\005\017""; ","proposeSeq: 0; currentTxHash: ""\000\000\000\000\000\000\000\000\000\000\000\000\000\000\000\000\000\000\000\000\000\000\000\000\000\000\000\000\000\000\000\000""; nodePubKey: ""\003\255\225A\213\332\224ehh\024BDq\224\250\335`\355\353{\357\266\335<\021\032\265\177\206\356&\215""; closeTime: 803842720; signature: ""0E\002!\000\202\316\373\224Qq\017D\317-\337O\0102J\314[\205\003agn\030\277\276@\326\274\241Z\306\343\002 \006@qh&U\217\203*\237\207\222\177\312*\244\272\274\233\214\304w\325(\202\223\037\243\374m\356\321""; previousledger: ""\032Yt\320\244{g\0306\\302\303*\341\215\223\257\364\277o\375\000r\241SOq\221\253\262\005\017""; "
1750527522404,1750527522405,1571,1,3,1,TMStatusChange,"newEvent: neACCEPTED_LEDGER; ledgerSeq: 3; ledgerHash: ""\375T\356\014\360o'\030\311-\267\031\257!\031T\006><\315XM\334\324\345\034\000\325\367\240\271\013""; ledgerHashPrevious: ""\032Yt\320\244{g\0306\\302\303*\341\215\223\257\364\277o\375\000r\241SOq\221\253\262\005\017""; networkTime: 803842722; firstSeq: 1; lastSeq: 1; ","newEvent: neACCEPTED_LEDGER; ledgerSeq: 3; ledgerHash: ""\375T\356\014\360o'\030\311-\267\031\257!\031T\006><\315XM\334\324\345\034\000\325\367\240\271\013""; ledgerHashPrevious: ""\032Yt\320\244{g\0306\\302\303*\341\215\223\257\364\277o\375\000r\241SOq\221\253\262\005\017""; networkTime: 803842722; firstSeq: 1; lastSeq: 1; "
1750527522405,1750527522405,3125,1,3,2,TMValidation,"validation: """"\200\000\000\001&\000\000\000\003)/\351\252\242:p\210\265\307-\212\200\004Q\375T\356\014\360o'\030\311-\267\031\257!\031T\006><\315XM\334\324\345\034\000\325\367\240\271\013P\027\000\000\000\000\000\000\000\000\000\000\000\000\000\000\000\000\000\000\000\000\000\000\000\000\000\000\000\000\000\000\000\000P\031-}\351f\032\255\274\334m\326c\017\014ao[\342\230\003\245\245\3341Hm\326^\017jy\335\261s!\002\364d\217\366\217|\316F\232\231\241\n\261\333`\312O\367\235\025DD\336e\367\n\312\326\221\037\025\230vF0D\002 i\234\244h1\250\316}\313%\2620\320{&\372\216\317\314\264V3\217\311d\241\370?My)0\002 J\026\023bN\t\216\201[\360^\327\311F\036\203gs\370\321iQ5\245G\260\237\331v`\205\203""; ","validation: """"\200\000\000\001&\000\000\000\003)/\351\252\242:p\210\265\307-\212\200\004Q\375T\356\014\360o'\030\311-\267\031\257!\031T\006><\315XM\334\324\345\034\000\325\367\240\271\013P\027\000\000\000\000\000\000\000\000\000\000\000\000\000\000\000\000\000\000\000\000\000\000\000\000\000\000\000\000\000\000\000\000P\031-}\351f\032\255\274\334m\326c\017\014ao[\342\230\003\245\245\3341Hm\326^\017jy\335\261s!\002\364d\217\366\217|\316F\232\231\241\n\261\333`\312O\367\235\025DD\336e\367\n\312\326\221\037\025\230vF0D\002 i\234\244h1\250\316}\313%\2620\320{&\372\216\317\314\264V3\217\311d\241\370?My)0\002 J\026\023bN\t\216\201[\360^\327\311F\036\203gs\370\321iQ5\245G\260\237\331v`\205\203""; "
1750527522406,1750527522406,3459,1,3,1,TMValidation,"validation: """"\200\000\000\001&\000\000\000\003)/\351\252\242:p\210\265\307-\212\200\004Q\375T\356\014\360o'\030\311-\267\031\257!\031T\006><\315XM\334\324\345\034\000\325\367\240\271\013P\027\000\000\000\000\000\000\000\000\000\000\000\000\000\000\000\000\000\000\000\000\000\000\000\000\000\000\000\000\000\000\000\000P\031-}\351f\032\255\274\334m\326c\017\014ao[\342\230\003\245\245\3341Hm\326^\017jy\335\261s!\002\364d\217\366\217|\316F\232\231\241\n\261\333`\312O\367\235\025DD\336e\367\n\312\326\221\037\025\230vF0D\002 i\234\244h1\250\316}\313%\2620\320{&\372\216\317\314\264V3\217\311d\241\370?My)0\002 J\026\023bN\t\216\201[\360^\327\311F\036\203gs\370\321iQ5\245G\260\237\331v`\205\203""; ","validation: """"\200\000\000\001&\000\000\000\003)/\351\252\242:p\210\265\307-\212\200\004Q\375T\356\014\360o'\030\311-\267\031\257!\031T\006><\315XM\334\324\345\034\000\325\367\240\271\013P\027\000\000\000\000\000\000\000\000\000\000\000\000\000\000\000\000\000\000\000\000\000\000\000\000\000\000\000\000\000\000\000\000P\031-}\351f\032\255\274\334m\326c\017\014ao[\342\230\003\245\245\3341Hm\326^\017jy\335\261s!\002\364d\217\366\217|\316F\232\231\241\n\261\333`\312O\367\235\025DD\336e\367\n\312\326\221\037\025\230vF0D\002 i\234\244h1\250\316}\313%\2620\320{&\372\216\317\314\264V3\217\311d\241\370?My)0\002 J\026\023bN\t\216\201[\360^\327\311F\036\203gs\370\321iQ5\245G\260\237\331v`\205\203""; "
1750527522406,1750527522407,3991,1,3,0,TMStatusChange,"newEvent: neACCEPTED_LEDGER; ledgerSeq: 3; ledgerHash: ""\375T\356\014\360o'\030\311-\267\031\257!\031T\006><\315XM\334\324\345\034\000\325\367\240\271\013""; ledgerHashPrevious: ""\032Yt\320\244{g\0306\\302\303*\341\215\223\257\364\277o\375\000r\241SOq\221\253\262\005\017""; networkTime: 803842722; firstSeq: 1; lastSeq: 1; ","newEvent: neACCEPTED_LEDGER; ledgerSeq: 3; ledgerHash: ""\375T\356\014\360o'\030\311-\267\031\257!\031T\006><\315XM\334\324\345\034\000\325\367\240\271\013""; ledgerHashPrevious: ""\032Yt\320\244{g\0306\\302\303*\341\215\223\257\364\277o\375\000r\241SOq\221\253\262\005\017""; networkTime: 803842722; firstSeq: 1; lastSeq: 1; "
1750527522407,1750527522407,3736,1,3,4,TMValidation,"validation: """"\200\000\000\001&\000\000\000\003)/\351\252\242:p\210\265\307-\212\200\004Q\375T\356\014\360o'\030\311-\267\031\257!\031T\006><\315XM\334\324\345\034\000\325\367\240\271\013P\027\000\000\000\000\000\000\000\000\000\000\000\000\000\000\000\000\000\000\000\000\000\000\000\000\000\000\000\000\000\000\000\000P\031-}\351f\032\255\274\334m\326c\017\014ao[\342\230\003\245\245\3341Hm\326^\017jy\335\261s!\002\364d\217\366\217|\316F\232\231\241\n\261\333`\312O\367\235\025DD\336e\367\n\312\326\221\037\025\230vF0D\002 i\234\244h1\250\316}\313%\2620\320{&\372\216\317\314\264V3\217\311d\241\370?My)0\002 J\026\023bN\t\216\201[\360^\327\311F\036\203gs\370\321iQ5\245G\260\237\331v`\205\203""; ","validation: """"\200\000\000\001&\000\000\000\003)/\351\252\242:p\210\265\307-\212\200\004Q\375T\356\014\360o'\030\311-\267\031\257!\031T\006><\315XM\334\324\345\034\000\325\367\240\271\013P\027\000\000\000\000\000\000\000\000\000\000\000\000\000\000\000\000\000\000\000\000\000\000\000\000\000\000\000\000\000\000\000\000P\031-}\351f\032\255\274\334m\326c\017\014ao[\342\230\003\245\245\3341Hm\326^\017jy\335\261s!\002\364d\217\366\217|\316F\232\231\241\n\261\333`\312O\367\235\025DD\336e\367\n\312\326\221\037\025\230vF0D\002 i\234\244h1\250\316}\313%\2620\320{&\372\216\317\314\264V3\217\311d\241\370?My)0\002 J\026\023bN\t\216\201[\360^\327\311F\036\203gs\370\321iQ5\245G\260\237\331v`\205\203""; "
1750527522407,1750527522407,598,1,3,4,TMStatusChange,"newEvent: neACCEPTED_LEDGER; ledgerSeq: 3; ledgerHash: ""\375T\356\014\360o'\030\311-\267\031\257!\031T\006><\315XM\334\324\345\034\000\325\367\240\271\013""; ledgerHashPrevious: ""\032Yt\320\244{g\0306\\302\303*\341\215\223\257\364\277o\375\000r\241SOq\221\253\262\005\017""; networkTime: 803842722; firstSeq: 1; lastSeq: 1; ","newEvent: neACCEPTED_LEDGER; ledgerSeq: 3; ledgerHash: ""\375T\356\014\360o'\030\311-\267\031\257!\031T\006><\315XM\334\324\345\034\000\325\367\240\271\013""; ledgerHashPrevious: ""\032Yt\320\244{g\0306\\302\303*\341\215\223\257\364\277o\375\000r\241SOq\221\253\262\005\017""; networkTime: 803842722; firstSeq: 1; lastSeq: 1; "
1750527522407,1750527522407,3432,1,3,2,TMStatusChange,"newEvent: neACCEPTED_LEDGER; ledgerSeq: 3; ledgerHash: ""\375T\356\014\360o'\030\311-\267\031\257!\031T\006><\315XM\334\324\345\034\000\325\367\240\271\013""; ledgerHashPrevious: ""\032Yt\320\244{g\0306\\302\303*\341\215\223\257\364\277o\375\000r\241SOq\221\253\262\005\017""; networkTime: 803842722; firstSeq: 1; lastSeq: 1; ","newEvent: neACCEPTED_LEDGER; ledgerSeq: 3; ledgerHash: ""\375T\356\014\360o'\030\311-\267\031\257!\031T\006><\315XM\334\324\345\034\000\325\367\240\271\013""; ledgerHashPrevious: ""\032Yt\320\244{g\0306\\302\303*\341\215\223\257\364\277o\375\000r\241SOq\221\253\262\005\017""; networkTime: 803842722; firstSeq: 1; lastSeq: 1; "
1750527522446,1750527522446,1777,1,3,0,TMValidation,"validation: """"\200\000\000\001&\000\000\000\003)/\351\252\242:p\210\265\307-\212\200\004Q\375T\356\014\360o'\030\311-\267\031\257!\031T\006><\315XM\334\324\345\034\000\325\367\240\271\013P\027\000\000\000\000\000\000\000\000\000\000\000\000\000\000\000\000\000\000\000\000\000\000\000\000\000\000\000\000\000\000\000\000P\031-}\351f\032\255\274\334m\326c\017\014ao[\342\230\003\245\245\3341Hm\326^\017jy\335\261s!\002\364d\217\366\217|\316F\232\231\241\n\261\333`\312O\367\235\025DD\336e\367\n\312\326\221\037\025\230vF0D\002 i\234\244h1\250\316}\313%\2620\320{&\372\216\317\314\264V3\217\311d\241\370?My)0\002 J\026\023bN\t\216\201[\360^\327\311F\036\203gs\370\321iQ5\245G\260\237\331v`\205\203""; ","validation: """"\200\000\000\001&\000\000\000\003)/\351\252\242:p\210\265\307-\212\200\004Q\375T\356\014\360o'\030\311-\267\031\257!\031T\006><\315XM\334\324\345\034\000\325\367\240\271\013P\027\000\000\000\000\000\000\000\000\000\000\000\000\000\000\000\000\000\000\000\000\000\000\000\000\000\000\000\000\000\000\000\000P\031-}\351f\032\255\274\334m\326c\017\014ao[\342\230\003\245\245\3341Hm\326^\017jy\335\261s!\002\364d\217\366\217|\316F\232\231\241\n\261\333`\312O\367\235\025DD\336e\367\n\312\326\221\037\025\230vF0D\002 i\234\244h1\250\316}\313%\2620\320{&\372\216\317\314\264V3\217\311d\241\370?My)0\002 J\026\023bN\t\216\201[\360^\327\311F\036\203gs\370\321iQ5\245G\260\237\331v`\205\203""; "
1750527522488,1750527522488,1964,1,0,3,TMStatusChange,"newEvent: neACCEPTED_LEDGER; ledgerSeq: 3; ledgerHash: ""\375T\356\014\360o'\030\311-\267\031\257!\031T\006><\315XM\334\324\345\034\000\325\367\240\271\013""; ledgerHashPrevious: ""\032Yt\320\244{g\0306\\302\303*\341\215\223\257\364\277o\375\000r\241SOq\221\253\262\005\017""; networkTime: 803842722; firstSeq: 1; lastSeq: 1; ","newEvent: neACCEPTED_LEDGER; ledgerSeq: 3; ledgerHash: ""\375T\356\014\360o'\030\311-\267\031\257!\031T\006><\315XM\334\324\345\034\000\325\367\240\271\013""; ledgerHashPrevious: ""\032Yt\320\244{g\0306\\302\303*\341\215\223\257\364\277o\375\000r\241SOq\221\253\262\005\017""; networkTime: 803842722; firstSeq: 1; lastSeq: 1; "
1750527522488,1750527522488,3422,1,0,3,TMValidation,"validation: """"\200\000\000\001&\000\000\000\003)/\351\252\242:\355<\266\216~aC\027Q\375T\356\014\360o'\030\311-\267\031\257!\031T\006><\315XM\334\324\345\034\000\325\367\240\271\013P\027\000\000\000\000\000\000\000\000\000\000\000\000\000\000\000\000\000\000\000\000\000\000\000\000\000\000\000\000\000\000\000\000P\031-}\351f\032\255\274\334m\326c\017\014ao[\342\230\003\245\245\3341Hm\326^\017jy\335\261s!\002\225aM\037\203M\271C\224]$\245\215\334\264;{{\365%Z\2443U\201\242\320iUc\207\367vG0E\002!\000\337\232\301[\364J\233&{\254j9\005\370\210\314\250DF\021\344\036\245\350\244\004/R\212\021\376\372\002 \010\267~W\024\177\004\271\377\240\033\003`\311\031a7\254\231c\361f\027a\306\037.I\245\007]y""; ","validation: """"\200\000\000\001&\000\000\000\003)/\351\252\242:\355<\266\216~aC\027Q\375T\356\014\360o'\030\311-\267\031\257!\031T\006><\315XM\334\324\345\034\000\325\367\240\271\013P\027\000\000\000\000\000\000\000\000\000\000\000\000\000\000\000\000\000\000\000\000\000\000\000\000\000\000\000\000\000\000\000\000P\031-}\351f\032\255\274\334m\326c\017\014ao[\342\230\003\245\245\3341Hm\326^\017jy\335\261s!\002\225aM\037\203M\271C\224]$\245\215\334\264;{{\365%Z\2443U\201\242\320iUc\207\367vG0E\002!\000\337\232\301[\364J\233&{\254j9\005\370\210\314\250DF\021\344\036\245\350\244\004/R\212\021\376\372\002 \010\267~W\024\177\004\271\377\240\033\003`\311\031a7\254\231c\361f\027a\306\037.I\245\007]y""; "
1750527522490,1750527522490,1249,1,0,1,TMStatusChange,"newEvent: neACCEPTED_LEDGER; ledgerSeq: 3; ledgerHash: ""\375T\356\014\360o'\030\311-\267\031\257!\031T\006><\315XM\334\324\345\034\000\325\367\240\271\013""; ledgerHashPrevious: ""\032Yt\320\244{g\0306\\302\303*\341\215\223\257\364\277o\375\000r\241SOq\221\253\262\005\017""; networkTime: 803842722; firstSeq: 1; lastSeq: 1; ","newEvent: neACCEPTED_LEDGER; ledgerSeq: 3; ledgerHash: ""\375T\356\014\360o'\030\311-\267\031\257!\031T\006><\315XM\334\324\345\034\000\325\367\240\271\013""; ledgerHashPrevious: ""\032Yt\320\244{g\0306\\302\303*\341\215\223\257\364\277o\375\000r\241SOq\221\253\262\005\017""; networkTime: 803842722; firstSeq: 1; lastSeq: 1; "
1750527522490,1750527522490,3904,1,0,4,TMStatusChange,"newEvent: neACCEPTED_LEDGER; ledgerSeq: 3; ledgerHash: ""\375T\356\014\360o'\030\311-\267\031\257!\031T\006><\315XM\334\324\345\034\000\325\367\240\271\013""; ledgerHashPrevious: ""\032Yt\320\244{g\0306\\302\303*\341\215\223\257\364\277o\375\000r\241SOq\221\253\262\005\017""; networkTime: 803842722; firstSeq: 1; lastSeq: 1; ","newEvent: neACCEPTED_LEDGER; ledgerSeq: 3; ledgerHash: ""\375T\356\014\360o'\030\311-\267\031\257!\031T\006><\315XM\334\324\345\034\000\325\367\240\271\013""; ledgerHashPrevious: ""\032Yt\320\244{g\0306\\302\303*\341\215\223\257\364\277o\375\000r\241SOq\221\253\262\005\017""; networkTime: 803842722; firstSeq: 1; lastSeq: 1; "
1750527522490,1750527522490,782,1,0,4,TMValidation,"validation: """"\200\000\000\001&\000\000\000\003)/\351\252\242:\355<\266\216~aC\027Q\375T\356\014\360o'\030\311-\267\031\257!\031T\006><\315XM\334\324\345\034\000\325\367\240\271\013P\027\000\000\000\000\000\000\000\000\000\000\000\000\000\000\000\000\000\000\000\000\000\000\000\000\000\000\000\000\000\000\000\000P\031-}\351f\032\255\274\334m\326c\017\014ao[\342\230\003\245\245\3341Hm\326^\017jy\335\261s!\002\225aM\037\203M\271C\224]$\245\215\334\264;{{\365%Z\2443U\201\242\320iUc\207\367vG0E\002!\000\337\232\301[\364J\233&{\254j9\005\370\210\314\250DF\021\344\036\245\350\244\004/R\212\021\376\372\002 \010\267~W\024\177\004\271\377\240\033\003`\311\031a7\254\231c\361f\027a\306\037.I\245\007]y""; ","validation: """"\200\000\000\001&\000\000\000\003)/\351\252\242:\355<\266\216~aC\027Q\375T\356\014\360o'\030\311-\267\031\257!\031T\006><\315XM\334\324\345\034\000\325\367\240\271\013P\027\000\000\000\000\000\000\000\000\000\000\000\000\000\000\000\000\000\000\000\000\000\000\000\000\000\000\000\000\000\000\000\000P\031-}\351f\032\255\274\334m\326c\017\014ao[\342\230\003\245\245\3341Hm\326^\017jy\335\261s!\002\225aM\037\203M\271C\224]$\245\215\334\264;{{\365%Z\2443U\201\242\320iUc\207\367vG0E\002!\000\337\232\301[\364J\233&{\254j9\005\370\210\314\250DF\021\344\036\245\350\244\004/R\212\021\376\372\002 \010\267~W\024\177\004\271\377\240\033\003`\311\031a7\254\231c\361f\027a\306\037.I\245\007]y""; "
1750527522490,1750527522490,1933,1,0,2,TMValidation,"validation: """"\200\000\000\001&\000\000\000\003)/\351\252\242:\355<\266\216~aC\027Q\375T\356\014\360o'\030\311-\267\031\257!\031T\006><\315XM\334\324\345\034\000\325\367\240\271\013P\027\000\000\000\000\000\000\000\000\000\000\000\000\000\000\000\000\000\000\000\000\000\000\000\000\000\000\000\000\000\000\000\000P\031-}\351f\032\255\274\334m\326c\017\014ao[\342\230\003\245\245\3341Hm\326^\017jy\335\261s!\002\225aM\037\203M\271C\224]$\245\215\334\264;{{\365%Z\2443U\201\242\320iUc\207\367vG0E\002!\000\337\232\301[\364J\233&{\254j9\005\370\210\314\250DF\021\344\036\245\350\244\004/R\212\021\376\372\002 \010\267~W\024\177\004\271\377\240\033\003`\311\031a7\254\231c\361f\027a\306\037.I\245\007]y""; ","validation: """"\200\000\000\001&\000\000\000\003)/\351\252\242:\355<\266\216~aC\027Q\375T\356\014\360o'\030\311-\267\031\257!\031T\006><\315XM\334\324\345\034\000\325\367\240\271\013P\027\000\000\000\000\000\000\000\000\000\000\000\000\000\000\000\000\000\000\000\000\000\000\000\000\000\000\000\000\000\000\000\000P\031-}\351f\032\255\274\334m\326c\017\014ao[\342\230\003\245\245\3341Hm\326^\017jy\335\261s!\002\225aM\037\203M\271C\224]$\245\215\334\264;{{\365%Z\2443U\201\242\320iUc\207\367vG0E\002!\000\337\232\301[\364J\233&{\254j9\005\370\210\314\250DF\021\344\036\245\350\244\004/R\212\021\376\372\002 \010\267~W\024\177\004\271\377\240\033\003`\311\031a7\254\231c\361f\027a\306\037.I\245\007]y""; "
1750527522490,1750527522491,2179,1,0,2,TMStatusChange,"newEvent: neACCEPTED_LEDGER; ledgerSeq: 3; ledgerHash: ""\375T\356\014\360o'\030\311-\267\031\257!\031T\006><\315XM\334\324\345\034\000\325\367\240\271\013""; ledgerHashPrevious: ""\032Yt\320\244{g\0306\\302\303*\341\215\223\257\364\277o\375\000r\241SOq\221\253\262\005\017""; networkTime: 803842722; firstSeq: 1; lastSeq: 1; ","newEvent: neACCEPTED_LEDGER; ledgerSeq: 3; ledgerHash: ""\375T\356\014\360o'\030\311-\267\031\257!\031T\006><\315XM\334\324\345\034\000\325\367\240\271\013""; ledgerHashPrevious: ""\032Yt\320\244{g\0306\\302\303*\341\215\223\257\364\277o\375\000r\241SOq\221\253\262\005\017""; networkTime: 803842722; firstSeq: 1; lastSeq: 1; "
1750527522491,1750527522491,2261,1,0,1,TMValidation,"validation: """"\200\000\000\001&\000\000\000\003)/\351\252\242:\355<\266\216~aC\027Q\375T\356\014\360o'\030\311-\267\031\257!\031T\006><\315XM\334\324\345\034\000\325\367\240\271\013P\027\000\000\000\000\000\000\000\000\000\000\000\000\000\000\000\000\000\000\000\000\000\000\000\000\000\000\000\000\000\000\000\000P\031-}\351f\032\255\274\334m\326c\017\014ao[\342\230\003\245\245\3341Hm\326^\017jy\335\261s!\002\225aM\037\203M\271C\224]$\245\215\334\264;{{\365%Z\2443U\201\242\320iUc\207\367vG0E\002!\000\337\232\301[\364J\233&{\254j9\005\370\210\314\250DF\021\344\036\245\350\244\004/R\212\021\376\372\002 \010\267~W\024\177\004\271\377\240\033\003`\311\031a7\254\231c\361f\027a\306\037.I\245\007]y""; ","validation: """"\200\000\000\001&\000\000\000\003)/\351\252\242:\355<\266\216~aC\027Q\375T\356\014\360o'\030\311-\267\031\257!\031T\006><\315XM\334\324\345\034\000\325\367\240\271\013P\027\000\000\000\000\000\000\000\000\000\000\000\000\000\000\000\000\000\000\000\000\000\000\000\000\000\000\000\000\000\000\000\000P\031-}\351f\032\255\274\334m\326c\017\014ao[\342\230\003\245\245\3341Hm\326^\017jy\335\261s!\002\225aM\037\203M\271C\224]$\245\215\334\264;{{\365%Z\2443U\201\242\320iUc\207\367vG0E\002!\000\337\232\301[\364J\233&{\254j9\005\370\210\314\250DF\021\344\036\245\350\244\004/R\212\021\376\372\002 \010\267~W\024\177\004\271\377\240\033\003`\311\031a7\254\231c\361f\027a\306\037.I\245\007]y""; "
1750527522551,1750527522551,3346,1,4,2,TMStatusChange,"newEvent: neACCEPTED_LEDGER; ledgerSeq: 3; ledgerHash: ""\375T\356\014\360o'\030\311-\267\031\257!\031T\006><\315XM\334\324\345\034\000\325\367\240\271\013""; ledgerHashPrevious: ""\032Yt\320\244{g\0306\\302\303*\341\215\223\257\364\277o\375\000r\241SOq\221\253\262\005\017""; networkTime: 803842722; firstSeq: 1; lastSeq: 1; ","newEvent: neACCEPTED_LEDGER; ledgerSeq: 3; ledgerHash: ""\375T\356\014\360o'\030\311-\267\031\257!\031T\006><\315XM\334\324\345\034\000\325\367\240\271\013""; ledgerHashPrevious: ""\032Yt\320\244{g\0306\\302\303*\341\215\223\257\364\277o\375\000r\241SOq\221\253\262\005\017""; networkTime: 803842722; firstSeq: 1; lastSeq: 1; "
1750527522553,1750527522553,803,1,4,1,TMStatusChange,"newEvent: neACCEPTED_LEDGER; ledgerSeq: 3; ledgerHash: ""\375T\356\014\360o'\030\311-\267\031\257!\031T\006><\315XM\334\324\345\034\000\325\367\240\271\013""; ledgerHashPrevious: ""\032Yt\320\244{g\0306\\302\303*\341\215\223\257\364\277o\375\000r\241SOq\221\253\262\005\017""; networkTime: 803842722; firstSeq: 1; lastSeq: 1; ","newEvent: neACCEPTED_LEDGER; ledgerSeq: 3; ledgerHash: ""\375T\356\014\360o'\030\311-\267\031\257!\031T\006><\315XM\334\324\345\034\000\325\367\240\271\013""; ledgerHashPrevious: ""\032Yt\320\244{g\0306\\302\303*\341\215\223\257\364\277o\375\000r\241SOq\221\253\262\005\017""; networkTime: 803842722; firstSeq: 1; lastSeq: 1; "
1750527522552,1750527522552,783,1,4,2,TMValidation,"validation: """"\200\000\000\001&\000\000\000\003)/\351\252\242:\r\302\353\023?\373\240rQ\375T\356\014\360o'\030\311-\267\031\257!\031T\006><\315XM\334\324\345\034\000\325\367\240\271\013P\027\000\000\000\000\000\000\000\000\000\000\000\000\000\000\000\000\000\000\000\000\000\000\000\000\000\000\000\000\000\000\000\000P\031-}\351f\032\255\274\334m\326c\017\014ao[\342\230\003\245\245\3341Hm\326^\017jy\335\261s!\003R7o\362bV\300hf\266\241;}\200^\374\240\203[:\342Q\225\221\027y\372\255\235\216\323~vG0E\002!\000\236\307\234\031\t\305lbrIB\306i\365\207\356@LF\256\232\230\332X\340u\034\351w\255\263\307\002 \027F\372$T\270\206\361\261O\354\037\313\200\273h\241h\3745*r\2520*\024\314\222;\357L\033""; ","validation: """"\200\000\000\001&\000\000\000\003)/\351\252\242:\r\302\353\023?\373\240rQ\375T\356\014\360o'\030\311-\267\031\257!\031T\006><\315XM\334\324\345\034\000\325\367\240\271\013P\027\000\000\000\000\000\000\000\000\000\000\000\000\000\000\000\000\000\000\000\000\000\000\000\000\000\000\000\000\000\000\000\000P\031-}\351f\032\255\274\334m\326c\017\014ao[\342\230\003\245\245\3341Hm\326^\017jy\335\261s!\003R7o\362bV\300hf\266\241;}\200^\374\240\203[:\342Q\225\221\027y\372\255\235\216\323~vG0E\002!\000\236\307\234\031\t\305lbrIB\306i\365\207\356@LF\256\232\230\332X\340u\034\351w\255\263\307\002 \027F\372$T\270\206\361\261O\354\037\313\200\273h\241h\3745*r\2520*\024\314\222;\357L\033""; "
1750527522553,1750527522553,3803,1,4,1,TMValidation,"validation: """"\200\000\000\001&\000\000\000\003)/\351\252\242:\r\302\353\023?\373\240rQ\375T\356\014\360o'\030\311-\267\031\257!\031T\006><\315XM\334\324\345\034\000\325\367\240\271\013P\027\000\000\000\000\000\000\000\000\000\000\000\000\000\000\000\000\000\000\000\000\000\000\000\000\000\000\000\000\000\000\000\000P\031-}\351f\032\255\274\334m\326c\017\014ao[\342\230\003\245\245\3341Hm\326^\017jy\335\261s!\003R7o\362bV\300hf\266\241;}\200^\374\240\203[:\342Q\225\221\027y\372\255\235\216\323~vG0E\002!\000\236\307\234\031\t\305lbrIB\306i\365\207\356@LF\256\232\230\332X\340u\034\351w\255\263\307\002 \027F\372$T\270\206\361\261O\354\037\313\200\273h\241h\3745*r\2520*\024\314\222;\357L\033""; ","validation: """"\200\000\000\001&\000\000\000\003)/\351\252\242:\r\302\353\023?\373\240rQ\375T\356\014\360o'\030\311-\267\031\257!\031T\006><\315XM\334\324\345\034\000\325\367\240\271\013P\027\000\000\000\000\000\000\000\000\000\000\000\000\000\000\000\000\000\000\000\000\000\000\000\000\000\000\000\000\000\000\000\000P\031-}\351f\032\255\274\334m\326c\017\014ao[\342\230\003\245\245\3341Hm\326^\017jy\335\261s!\003R7o\362bV\300hf\266\241;}\200^\374\240\203[:\342Q\225\221\027y\372\255\235\216\323~vG0E\002!\000\236\307\234\031\t\305lbrIB\306i\365\207\356@LF\256\232\230\332X\340u\034\351w\255\263\307\002 \027F\372$T\270\206\361\261O\354\037\313\200\273h\241h\3745*r\2520*\024\314\222;\357L\033""; "
1750527522551,1750527522552,3403,1,4,3,TMStatusChange,"newEvent: neACCEPTED_LEDGER; ledgerSeq: 3; ledgerHash: ""\375T\356\014\360o'\030\311-\267\031\257!\031T\006><\315XM\334\324\345\034\000\325\367\240\271\013""; ledgerHashPrevious: ""\032Yt\320\244{g\0306\\302\303*\341\215\223\257\364\277o\375\000r\241SOq\221\253\262\005\017""; networkTime: 803842722; firstSeq: 1; lastSeq: 1; ","newEvent: neACCEPTED_LEDGER; ledgerSeq: 3; ledgerHash: ""\375T\356\014\360o'\030\311-\267\031\257!\031T\006><\315XM\334\324\345\034\000\325\367\240\271\013""; ledgerHashPrevious: ""\032Yt\320\244{g\0306\\302\303*\341\215\223\257\364\277o\375\000r\241SOq\221\253\262\005\017""; networkTime: 803842722; firstSeq: 1; lastSeq: 1; "
1750527522554,1750527522554,832,1,4,0,TMStatusChange,"newEvent: neACCEPTED_LEDGER; ledgerSeq: 3; ledgerHash: ""\375T\356\014\360o'\030\311-\267\031\257!\031T\006><\315XM\334\324\345\034\000\325\367\240\271\013""; ledgerHashPrevious: ""\032Yt\320\244{g\0306\\302\303*\341\215\223\257\364\277o\375\000r\241SOq\221\253\262\005\017""; networkTime: 803842722; firstSeq: 1; lastSeq: 1; ","newEvent: neACCEPTED_LEDGER; ledgerSeq: 3; ledgerHash: ""\375T\356\014\360o'\030\311-\267\031\257!\031T\006><\315XM\334\324\345\034\000\325\367\240\271\013""; ledgerHashPrevious: ""\032Yt\320\244{g\0306\\302\303*\341\215\223\257\364\277o\375\000r\241SOq\221\253\262\005\017""; networkTime: 803842722; firstSeq: 1; lastSeq: 1; "
1750527522554,1750527522554,3620,1,4,3,TMValidation,"validation: """"\200\000\000\001&\000\000\000\003)/\351\252\242:\r\302\353\023?\373\240rQ\375T\356\014\360o'\030\311-\267\031\257!\031T\006><\315XM\334\324\345\034\000\325\367\240\271\013P\027\000\000\000\000\000\000\000\000\000\000\000\000\000\000\000\000\000\000\000\000\000\000\000\000\000\000\000\000\000\000\000\000P\031-}\351f\032\255\274\334m\326c\017\014ao[\342\230\003\245\245\3341Hm\326^\017jy\335\261s!\003R7o\362bV\300hf\266\241;}\200^\374\240\203[:\342Q\225\221\027y\372\255\235\216\323~vG0E\002!\000\236\307\234\031\t\305lbrIB\306i\365\207\356@LF\256\232\230\332X\340u\034\351w\255\263\307\002 \027F\372$T\270\206\361\261O\354\037\313\200\273h\241h\3745*r\2520*\024\314\222;\357L\033""; ","validation: """"\200\000\000\001&\000\000\000\003)/\351\252\242:\r\302\353\023?\373\240rQ\375T\356\014\360o'\030\311-\267\031\257!\031T\006><\315XM\334\324\345\034\000\325\367\240\271\013P\027\000\000\000\000\000\000\000\000\000\000\000\000\000\000\000\000\000\000\000\000\000\000\000\000\000\000\000\000\000\000\000\000P\031-}\351f\032\255\274\334m\326c\017\014ao[\342\230\003\245\245\3341Hm\326^\017jy\335\261s!\003R7o\362bV\300hf\266\241;}\200^\374\240\203[:\342Q\225\221\027y\372\255\235\216\323~vG0E\002!\000\236\307\234\031\t\305lbrIB\306i\365\207\356@LF\256\232\230\332X\340u\034\351w\255\263\307\002 \027F\372$T\270\206\361\261O\354\037\313\200\273h\241h\3745*r\2520*\024\314\222;\357L\033""; "
1750527522554,1750527522555,1740,1,4,0,TMValidation,"validation: """"\200\000\000\001&\000\000\000\003)/\351\252\242:\r\302\353\023?\373\240rQ\375T\356\014\360o'\030\311-\267\031\257!\031T\006><\315XM\334\324\345\034\000\325\367\240\271\013P\027\000\000\000\000\000\000\000\000\000\000\000\000\000\000\000\000\000\000\000\000\000\000\000\000\000\000\000\000\000\000\000\000P\031-}\351f\032\255\274\334m\326c\017\014ao[\342\230\003\245\245\3341Hm\326^\017jy\335\261s!\003R7o\362bV\300hf\266\241;}\200^\374\240\203[:\342Q\225\221\027y\372\255\235\216\323~vG0E\002!\000\236\307\234\031\t\305lbrIB\306i\365\207\356@LF\256\232\230\332X\340u\034\351w\255\263\307\002 \027F\372$T\270\206\361\261O\354\037\313\200\273h\241h\3745*r\2520*\024\314\222;\357L\033""; ","validation: """"\200\000\000\001&\000\000\000\003)/\351\252\242:\r\302\353\023?\373\240rQ\375T\356\014\360o'\030\311-\267\031\257!\031T\006><\315XM\334\324\345\034\000\325\367\240\271\013P\027\000\000\000\000\000\000\000\000\000\000\000\000\000\000\000\000\000\000\000\000\000\000\000\000\000\000\000\000\000\000\000\000P\031-}\351f\032\255\274\334m\326c\017\014ao[\342\230\003\245\245\3341Hm\326^\017jy\335\261s!\003R7o\362bV\300hf\266\241;}\200^\374\240\203[:\342Q\225\221\027y\372\255\235\216\323~vG0E\002!\000\236\307\234\031\t\305lbrIB\306i\365\207\356@LF\256\232\230\332X\340u\034\351w\255\263\307\002 \027F\372$T\270\206\361\261O\354\037\313\200\273h\241h\3745*r\2520*\024\314\222;\357L\033""; "
1750527522572,1750527522572,593,1,2,3,TMStatusChange,"newEvent: neACCEPTED_LEDGER; ledgerSeq: 3; ledgerHash: ""\375T\356\014\360o'\030\311-\267\031\257!\031T\006><\315XM\334\324\345\034\000\325\367\240\271\013""; ledgerHashPrevious: ""\032Yt\320\244{g\0306\\302\303*\341\215\223\257\364\277o\375\000r\241SOq\221\253\262\005\017""; networkTime: 803842722; firstSeq: 1; lastSeq: 1; ","newEvent: neACCEPTED_LEDGER; ledgerSeq: 3; ledgerHash: ""\375T\356\014\360o'\030\311-\267\031\257!\031T\006><\315XM\334\324\345\034\000\325\367\240\271\013""; ledgerHashPrevious: ""\032Yt\320\244{g\0306\\302\303*\341\215\223\257\364\277o\375\000r\241SOq\221\253\262\005\017""; networkTime: 803842722; firstSeq: 1; lastSeq: 1; "
1750527522573,1750527522573,3446,1,2,4,TMStatusChange,"newEvent: neACCEPTED_LEDGER; ledgerSeq: 3; ledgerHash: ""\375T\356\014\360o'\030\311-\267\031\257!\031T\006><\315XM\334\324\345\034\000\325\367\240\271\013""; ledgerHashPrevious: ""\032Yt\320\244{g\0306\\302\303*\341\215\223\257\364\277o\375\000r\241SOq\221\253\262\005\017""; networkTime: 803842722; firstSeq: 1; lastSeq: 1; ","newEvent: neACCEPTED_LEDGER; ledgerSeq: 3; ledgerHash: ""\375T\356\014\360o'\030\311-\267\031\257!\031T\006><\315XM\334\324\345\034\000\325\367\240\271\013""; ledgerHashPrevious: ""\032Yt\320\244{g\0306\\302\303*\341\215\223\257\364\277o\375\000r\241SOq\221\253\262\005\017""; networkTime: 803842722; firstSeq: 1; lastSeq: 1; "
1750527522573,1750527522573,1536,1,2,1,TMStatusChange,"newEvent: neACCEPTED_LEDGER; ledgerSeq: 3; ledgerHash: ""\375T\356\014\360o'\030\311-\267\031\257!\031T\006><\315XM\334\324\345\034\000\325\367\240\271\013""; ledgerHashPrevious: ""\032Yt\320\244{g\0306\\302\303*\341\215\223\257\364\277o\375\000r\241SOq\221\253\262\005\017""; networkTime: 803842722; firstSeq: 1; lastSeq: 1; ","newEvent: neACCEPTED_LEDGER; ledgerSeq: 3; ledgerHash: ""\375T\356\014\360o'\030\311-\267\031\257!\031T\006><\315XM\334\324\345\034\000\325\367\240\271\013""; ledgerHashPrevious: ""\032Yt\320\244{g\0306\\302\303*\341\215\223\257\364\277o\375\000r\241SOq\221\253\262\005\017""; networkTime: 803842722; firstSeq: 1; lastSeq: 1; "
1750527522574,1750527522574,3128,1,2,4,TMValidation,"validation: """"\200\000\000\001&\000\000\000\003)/\351\252\242:g\237X\336\3531\020\010Q\375T\356\014\360o'\030\311-\267\031\257!\031T\006><\315XM\334\324\345\034\000\325\367\240\271\013P\027\000\000\000\000\000\000\000\000\000\000\000\000\000\000\000\000\000\000\000\000\000\000\000\000\000\000\000\000\000\000\000\000P\031-}\351f\032\255\274\334m\326c\017\014ao[\342\230\003\245\245\3341Hm\326^\017jy\335\261s!\003\255\225A\213\332\224ehh\024BDq\224\250\335`\355\353{\357\266\335<\021\032\265\177\206\356&\215vG0E\002!\000\352\353\225\022+\360\327\323v\240\321i/N\2752\017\022\225\030\354\2047!\177\354U\301\023\307\361\374\002 Ph*Y\355+\030J\211\324\321W \242\266\251je\031\271\221\336y\347m\202\236S/\245\024\034""; ","validation: """"\200\000\000\001&\000\000\000\003)/\351\252\242:g\237X\336\3531\020\010Q\375T\356\014\360o'\030\311-\267\031\257!\031T\006><\315XM\334\324\345\034\000\325\367\240\271\013P\027\000\000\000\000\000\000\000\000\000\000\000\000\000\000\000\000\000\000\000\000\000\000\000\000\000\000\000\000\000\000\000\000P\031-}\351f\032\255\274\334m\326c\017\014ao[\342\230\003\245\245\3341Hm\326^\017jy\335\261s!\003\255\225A\213\332\224ehh\024BDq\224\250\335`\355\353{\357\266\335<\021\032\265\177\206\356&\215vG0E\002!\000\352\353\225\022+\360\327\323v\240\321i/N\2752\017\022\225\030\354\2047!\177\354U\301\023\307\361\374\002 Ph*Y\355+\030J\211\324\321W \242\266\251je\031\271\221\336y\347m\202\236S/\245\024\034""; "
1750527522574,1750527522575,340,1,2,1,TMValidation,"validation: """"\200\000\000\001&\000\000\000\003)/\351\252\242:g\237X\336\3531\020\010Q\375T\356\014\360o'\030\311-\267\031\257!\031T\006><\315XM\334\324\345\034\000\325\367\240\271\013P\027\000\000\000\000\000\000\000\000\000\000\000\000\000\000\000\000\000\000\000\000\000\000\000\000\000\000\000\000\000\000\000\000P\031-}\351f\032\255\274\334m\326c\017\014ao[\342\230\003\245\245\3341Hm\326^\017jy\335\261s!\003\255\225A\213\332\224ehh\024BDq\224\250\335`\355\353{\357\266\335<\021\032\265\177\206\356&\215vG0E\002!\000\352\353\225\022+\360\327\323v\240\321i/N\2752\017\022\225\030\354\2047!\177\354U\301\023\307\361\374\002 Ph*Y\355+\030J\211\324\321W \242\266\251je\031\271\221\336y\347m\202\236S/\245\024\034""; ","validation: """"\200\000\000\001&\000\000\000\003)/\351\252\242:g\237X\336\3531\020\010Q\375T\356\014\360o'\030\311-\267\031\257!\031T\006><\315XM\334\324\345\034\000\325\367\240\271\013P\027\000\000\000\000\000\000\000\000\000\000\000\000\000\000\000\000\000\000\000\000\000\000\000\000\000\000\000\000\000\000\000\000P\031-}\351f\032\255\274\334m\326c\017\014ao[\342\230\003\245\245\3341Hm\326^\017jy\335\261s!\003\255\225A\213\332\224ehh\024BDq\224\250\335`\355\353{\357\266\335<\021\032\265\177\206\356&\215vG0E\002!\000\352\353\225\022+\360\327\323v\240\321i/N\2752\017\022\225\030\354\2047!\177\354U\301\023\307\361\374\002 Ph*Y\355+\030J\211\324\321W \242\266\251je\031\271\221\336y\347m\202\236S/\245\024\034""; "
1750527522575,1750527522575,446,1,2,0,TMValidation,"validation: """"\200\000\000\001&\000\000\000\003)/\351\252\242:g\237X\336\3531\020\010Q\375T\356\014\360o'\030\311-\267\031\257!\031T\006><\315XM\334\324\345\034\000\325\367\240\271\013P\027\000\000\000\000\000\000\000\000\000\000\000\000\000\000\000\000\000\000\000\000\000\000\000\000\000\000\000\000\000\000\000\000P\031-}\351f\032\255\274\334m\326c\017\014ao[\342\230\003\245\245\3341Hm\326^\017jy\335\261s!\003\255\225A\213\332\224ehh\024BDq\224\250\335`\355\353{\357\266\335<\021\032\265\177\206\356&\215vG0E\002!\000\352\353\225\022+\360\327\323v\240\321i/N\2752\017\022\225\030\354\2047!\177\354U\301\023\307\361\374\002 Ph*Y\355+\030J\211\324\321W \242\266\251je\031\271\221\336y\347m\202\236S/\245\024\034""; ","validation: """"\200\000\000\001&\000\000\000\003)/\351\252\242:g\237X\336\3531\020\010Q\375T\356\014\360o'\030\311-\267\031\257!\031T\006><\315XM\334\324\345\034\000\325\367\240\271\013P\027\000\000\000\000\000\000\000\000\000\000\000\000\000\000\000\000\000\000\000\000\000\000\000\000\000\000\000\000\000\000\000\000P\031-}\351f\032\255\274\334m\326c\017\014ao[\342\230\003\245\245\3341Hm\326^\017jy\335\261s!\003\255\225A\213\332\224ehh\024BDq\224\250\335`\355\353{\357\266\335<\021\032\265\177\206\356&\215vG0E\002!\000\352\353\225\022+\360\327\323v\240\321i/N\2752\017\022\225\030\354\2047!\177\354U\301\023\307\361\374\002 Ph*Y\355+\030J\211\324\321W \242\266\251je\031\271\221\336y\347m\202\236S/\245\024\034""; "
1750527522575,1750527522575,679,1,2,0,TMStatusChange,"newEvent: neACCEPTED_LEDGER; ledgerSeq: 3; ledgerHash: ""\375T\356\014\360o'\030\311-\267\031\257!\031T\006><\315XM\334\324\345\034\000\325\367\240\271\013""; ledgerHashPrevious: ""\032Yt\320\244{g\0306\\302\303*\341\215\223\257\364\277o\375\000r\241SOq\221\253\262\005\017""; networkTime: 803842722; firstSeq: 1; lastSeq: 1; ","newEvent: neACCEPTED_LEDGER; ledgerSeq: 3; ledgerHash: ""\375T\356\014\360o'\030\311-\267\031\257!\031T\006><\315XM\334\324\345\034\000\325\367\240\271\013""; ledgerHashPrevious: ""\032Yt\320\244{g\0306\\302\303*\341\215\223\257\364\277o\375\000r\241SOq\221\253\262\005\017""; networkTime: 803842722; firstSeq: 1; lastSeq: 1; "
1750527522575,1750527522575,723,1,2,3,TMValidation,"validation: """"\200\000\000\001&\000\000\000\003)/\351\252\242:g\237X\336\3531\020\010Q\375T\356\014\360o'\030\311-\267\031\257!\031T\006><\315XM\334\324\345\034\000\325\367\240\271\013P\027\000\000\000\000\000\000\000\000\000\000\000\000\000\000\000\000\000\000\000\000\000\000\000\000\000\000\000\000\000\000\000\000P\031-}\351f\032\255\274\334m\326c\017\014ao[\342\230\003\245\245\3341Hm\326^\017jy\335\261s!\003\255\225A\213\332\224ehh\024BDq\224\250\335`\355\353{\357\266\335<\021\032\265\177\206\356&\215vG0E\002!\000\352\353\225\022+\360\327\323v\240\321i/N\2752\017\022\225\030\354\2047!\177\354U\301\023\307\361\374\002 Ph*Y\355+\030J\211\324\321W \242\266\251je\031\271\221\336y\347m\202\236S/\245\024\034""; ","validation: """"\200\000\000\001&\000\000\000\003)/\351\252\242:g\237X\336\3531\020\010Q\375T\356\014\360o'\030\311-\267\031\257!\031T\006><\315XM\334\324\345\034\000\325\367\240\271\013P\027\000\000\000\000\000\000\000\000\000\000\000\000\000\000\000\000\000\000\000\000\000\000\000\000\000\000\000\000\000\000\000\000P\031-}\351f\032\255\274\334m\326c\017\014ao[\342\230\003\245\245\3341Hm\326^\017jy\335\261s!\003\255\225A\213\332\224ehh\024BDq\224\250\335`\355\353{\357\266\335<\021\032\265\177\206\356&\215vG0E\002!\000\352\353\225\022+\360\327\323v\240\321i/N\2752\017\022\225\030\354\2047!\177\354U\301\023\307\361\374\002 Ph*Y\355+\030J\211\324\321W \242\266\251je\031\271\221\336y\347m\202\236S/\245\024\034""; "
1750527522796,1750527522796,3299,1,1,3,TMProposeSet,"proposeSeq: 0; currentTxHash: ""\000\000\000\000\000\000\000\000\000\000\000\000\000\000\000\000\000\000\000\000\000\000\000\000\000\000\000\000\000\000\000\000""; nodePubKey: ""\003\255\225A\213\332\224ehh\024BDq\224\250\335`\355\353{\357\266\335<\021\032\265\177\206\356&\215""; closeTime: 803842720; signature: ""0E\002!\000\202\316\373\224Qq\017D\317-\337O\0102J\314[\205\003agn\030\277\276@\326\274\241Z\306\343\002 \006@qh&U\217\203*\237\207\222\177\312*\244\272\274\233\214\304w\325(\202\223\037\243\374m\356\321""; previousledger: ""\032Yt\320\244{g\0306\\302\303*\341\215\223\257\364\277o\375\000r\241SOq\221\253\262\005\017""; ","proposeSeq: 0; currentTxHash: ""\000\000\000\000\000\000\000\000\000\000\000\000\000\000\000\000\000\000\000\000\000\000\000\000\000\000\000\000\000\000\000\000""; nodePubKey: ""\003\255\225A\213\332\224ehh\024BDq\224\250\335`\355\353{\357\266\335<\021\032\265\177\206\356&\215""; closeTime: 803842720; signature: ""0E\002!\000\202\316\373\224Qq\017D\317-\337O\0102J\314[\205\003agn\030\277\276@\326\274\241Z\306\343\002 \006@qh&U\217\203*\237\207\222\177\312*\244\272\274\233\214\304w\325(\202\223\037\243\374m\356\321""; previousledger: ""\032Yt\320\244{g\0306\\302\303*\341\215\223\257\364\277o\375\000r\241SOq\221\253\262\005\017""; "
1750527522796,1750527522796,438,1,1,4,TMProposeSet,"proposeSeq: 0; currentTxHash: ""\000\000\000\000\000\000\000\000\000\000\000\000\000\000\000\000\000\000\000\000\000\000\000\000\000\000\000\000\000\000\000\000""; nodePubKey: ""\003\255\225A\213\332\224ehh\024BDq\224\250\335`\355\353{\357\266\335<\021\032\265\177\206\356&\215""; closeTime: 803842720; signature: ""0E\002!\000\202\316\373\224Qq\017D\317-\337O\0102J\314[\205\003agn\030\277\276@\326\274\241Z\306\343\002 \006@qh&U\217\203*\237\207\222\177\312*\244\272\274\233\214\304w\325(\202\223\037\243\374m\356\321""; previousledger: ""\032Yt\320\244{g\0306\\302\303*\341\215\223\257\364\277o\375\000r\241SOq\221\253\262\005\017""; ","proposeSeq: 0; currentTxHash: ""\000\000\000\000\000\000\000\000\000\000\000\000\000\000\000\000\000\000\000\000\000\000\000\000\000\000\000\000\000\000\000\000""; nodePubKey: ""\003\255\225A\213\332\224ehh\024BDq\224\250\335`\355\353{\357\266\335<\021\032\265\177\206\356&\215""; closeTime: 803842720; signature: ""0E\002!\000\202\316\373\224Qq\017D\317-\337O\0102J\314[\205\003agn\030\277\276@\326\274\241Z\306\343\002 \006@qh&U\217\203*\237\207\222\177\312*\244\272\274\233\214\304w\325(\202\223\037\243\374m\356\321""; previousledger: ""\032Yt\320\244{g\0306\\302\303*\341\215\223\257\364\277o\375\000r\241SOq\221\253\262\005\017""; "
1750527522797,1750527522797,2742,1,1,0,TMProposeSet,"proposeSeq: 0; currentTxHash: ""\000\000\000\000\000\000\000\000\000\000\000\000\000\000\000\000\000\000\000\000\000\000\000\000\000\000\000\000\000\000\000\000""; nodePubKey: ""\003\255\225A\213\332\224ehh\024BDq\224\250\335`\355\353{\357\266\335<\021\032\265\177\206\356&\215""; closeTime: 803842720; signature: ""0E\002!\000\202\316\373\224Qq\017D\317-\337O\0102J\314[\205\003agn\030\277\276@\326\274\241Z\306\343\002 \006@qh&U\217\203*\237\207\222\177\312*\244\272\274\233\214\304w\325(\202\223\037\243\374m\356\321""; previousledger: ""\032Yt\320\244{g\0306\\302\303*\341\215\223\257\364\277o\375\000r\241SOq\221\253\262\005\017""; ","proposeSeq: 0; currentTxHash: ""\000\000\000\000\000\000\000\000\000\000\000\000\000\000\000\000\000\000\000\000\000\000\000\000\000\000\000\000\000\000\000\000""; nodePubKey: ""\003\255\225A\213\332\224ehh\024BDq\224\250\335`\355\353{\357\266\335<\021\032\265\177\206\356&\215""; closeTime: 803842720; signature: ""0E\002!\000\202\316\373\224Qq\017D\317-\337O\0102J\314[\205\003agn\030\277\276@\326\274\241Z\306\343\002 \006@qh&U\217\203*\237\207\222\177\312*\244\272\274\233\214\304w\325(\202\223\037\243\374m\356\321""; previousledger: ""\032Yt\320\244{g\0306\\302\303*\341\215\223\257\364\277o\375\000r\241SOq\221\253\262\005\017""; "
1750527522916,1750527522916,3746,1,1,4,TMValidation,"validation: """"\200\000\000\001&\000\000\000\003)/\351\252\242:g\237X\336\3531\020\010Q\375T\356\014\360o'\030\311-\267\031\257!\031T\006><\315XM\334\324\345\034\000\325\367\240\271\013P\027\000\000\000\000\000\000\000\000\000\000\000\000\000\000\000\000\000\000\000\000\000\000\000\000\000\000\000\000\000\000\000\000P\031-}\351f\032\255\274\334m\326c\017\014ao[\342\230\003\245\245\3341Hm\326^\017jy\335\261s!\003\255\225A\213\332\224ehh\024BDq\224\250\335`\355\353{\357\266\335<\021\032\265\177\206\356&\215vG0E\002!\000\352\353\225\022+\360\327\323v\240\321i/N\2752\017\022\225\030\354\2047!\177\354U\301\023\307\361\374\002 Ph*Y\355+\030J\211\324\321W \242\266\251je\031\271\221\336y\347m\202\236S/\245\024\034""; ","validation: """"\200\000\000\001&\000\000\000\003)/\351\252\242:g\237X\336\3531\020\010Q\375T\356\014\360o'\030\311-\267\031\257!\031T\006><\315XM\334\324\345\034\000\325\367\240\271\013P\027\000\000\000\000\000\000\000\000\000\000\000\000\000\000\000\000\000\000\000\000\000\000\000\000\000\000\000\000\000\000\000\000P\031-}\351f\032\255\274\334m\326c\017\014ao[\342\230\003\245\245\3341Hm\326^\017jy\335\261s!\003\255\225A\213\332\224ehh\024BDq\224\250\335`\355\353{\357\266\335<\021\032\265\177\206\356&\215vG0E\002!\000\352\353\225\022+\360\327\323v\240\321i/N\2752\017\022\225\030\354\2047!\177\354U\301\023\307\361\374\002 Ph*Y\355+\030J\211\324\321W \242\266\251je\031\271\221\336y\347m\202\236S/\245\024\034""; "
1750527522918,1750527522918,3769,1,1,3,TMGetLedger,"itype: liBASE; ledgerHash: ""\375T\356\014\360o'\030\311-\267\031\257!\031T\006><\315XM\334\324\345\034\000\325\367\240\271\013""; ","itype: liBASE; ledgerHash: ""\375T\356\014\360o'\030\311-\267\031\257!\031T\006><\315XM\334\324\345\034\000\325\367\240\271\013""; "
1750527522918,1750527522918,2229,1,1,0,TMValidation,"validation: """"\200\000\000\001&\000\000\000\003)/\351\252\242:g\237X\336\3531\020\010Q\375T\356\014\360o'\030\311-\267\031\257!\031T\006><\315XM\334\324\345\034\000\325\367\240\271\013P\027\000\000\000\000\000\000\000\000\000\000\000\000\000\000\000\000\000\000\000\000\000\000\000\000\000\000\000\000\000\000\000\000P\031-}\351f\032\255\274\334m\326c\017\014ao[\342\230\003\245\245\3341Hm\326^\017jy\335\261s!\003\255\225A\213\332\224ehh\024BDq\224\250\335`\355\353{\357\266\335<\021\032\265\177\206\356&\215vG0E\002!\000\352\353\225\022+\360\327\323v\240\321i/N\2752\017\022\225\030\354\2047!\177\354U\301\023\307\361\374\002 Ph*Y\355+\030J\211\324\321W \242\266\251je\031\271\221\336y\347m\202\236S/\245\024\034""; ","validation: """"\200\000\000\001&\000\000\000\003)/\351\252\242:g\237X\336\3531\020\010Q\375T\356\014\360o'\030\311-\267\031\257!\031T\006><\315XM\334\324\345\034\000\325\367\240\271\013P\027\000\000\000\000\000\000\000\000\000\000\000\000\000\000\000\000\000\000\000\000\000\000\000\000\000\000\000\000\000\000\000\000P\031-}\351f\032\255\274\334m\326c\017\014ao[\342\230\003\245\245\3341Hm\326^\017jy\335\261s!\003\255\225A\213\332\224ehh\024BDq\224\250\335`\355\353{\357\266\335<\021\032\265\177\206\356&\215vG0E\002!\000\352\353\225\022+\360\327\323v\240\321i/N\2752\017\022\225\030\354\2047!\177\354U\301\023\307\361\374\002 Ph*Y\355+\030J\211\324\321W \242\266\251je\031\271\221\336y\347m\202\236S/\245\024\034""; "
1750527522917,1750527522917,3810,1,1,4,TMGetLedger,"itype: liBASE; ledgerHash: ""\375T\356\014\360o'\030\311-\267\031\257!\031T\006><\315XM\334\324\345\034\000\325\367\240\271\013""; ","itype: liBASE; ledgerHash: ""\375T\356\014\360o'\030\311-\267\031\257!\031T\006><\315XM\334\324\345\034\000\325\367\240\271\013""; "
1750527522918,1750527522919,1311,1,1,3,TMValidation,"validation: """"\200\000\000\001&\000\000\000\003)/\351\252\242:g\237X\336\3531\020\010Q\375T\356\014\360o'\030\311-\267\031\257!\031T\006><\315XM\334\324\345\034\000\325\367\240\271\013P\027\000\000\000\000\000\000\000\000\000\000\000\000\000\000\000\000\000\000\000\000\000\000\000\000\000\000\000\000\000\000\000\000P\031-}\351f\032\255\274\334m\326c\017\014ao[\342\230\003\245\245\3341Hm\326^\017jy\335\261s!\003\255\225A\213\332\224ehh\024BDq\224\250\335`\355\353{\357\266\335<\021\032\265\177\206\356&\215vG0E\002!\000\352\353\225\022+\360\327\323v\240\321i/N\2752\017\022\225\030\354\2047!\177\354U\301\023\307\361\374\002 Ph*Y\355+\030J\211\324\321W \242\266\251je\031\271\221\336y\347m\202\236S/\245\024\034""; ","validation: """"\200\000\000\001&\000\000\000\003)/\351\252\242:g\237X\336\3531\020\010Q\375T\356\014\360o'\030\311-\267\031\257!\031T\006><\315XM\334\324\345\034\000\325\367\240\271\013P\027\000\000\000\000\000\000\000\000\000\000\000\000\000\000\000\000\000\000\000\000\000\000\000\000\000\000\000\000\000\000\000\000P\031-}\351f\032\255\274\334m\326c\017\014ao[\342\230\003\245\245\3341Hm\326^\017jy\335\261s!\003\255\225A\213\332\224ehh\024BDq\224\250\335`\355\353{\357\266\335<\021\032\265\177\206\356&\215vG0E\002!\000\352\353\225\022+\360\327\323v\240\321i/N\2752\017\022\225\030\354\2047!\177\354U\301\023\307\361\374\002 Ph*Y\355+\030J\211\324\321W \242\266\251je\031\271\221\336y\347m\202\236S/\245\024\034""; "
1750527522920,1750527522920,2920,1,1,0,TMGetLedger,"itype: liBASE; ledgerHash: ""\375T\356\014\360o'\030\311-\267\031\257!\031T\006><\315XM\334\324\345\034\000\325\367\240\271\013""; ","itype: liBASE; ledgerHash: ""\375T\356\014\360o'\030\311-\267\031\257!\031T\006><\315XM\334\324\345\034\000\325\367\240\271\013""; "
1750527522921,1750527522921,1495,1,1,2,TMGetLedger,"itype: liBASE; ledgerHash: ""\375T\356\014\360o'\030\311-\267\031\257!\031T\006><\315XM\334\324\345\034\000\325\367\240\271\013""; ","itype: liBASE; ledgerHash: ""\375T\356\014\360o'\030\311-\267\031\257!\031T\006><\315XM\334\324\345\034\000\325\367\240\271\013""; "
1750527522921,1750527522921,1495,1,1,2,TMGetLedger,"itype: liBASE; ledgerHash: ""\375T\356\014\360o'\030\311-\267\031\257!\031T\006><\315XM\334\324\345\034\000\325\367\240\271\013""; queryType: qtINDIRECT; ","itype: liBASE; ledgerHash: ""\375T\356\014\360o'\030\311-\267\031\257!\031T\006><\315XM\334\324\345\034\000\325\367\240\271\013""; queryType: qtINDIRECT; "
1750527522921,1750527522921,2920,1,1,0,TMGetLedger,"itype: liBASE; ledgerHash: ""\375T\356\014\360o'\030\311-\267\031\257!\031T\006><\315XM\334\324\345\034\000\325\367\240\271\013""; queryType: qtINDIRECT; ","itype: liBASE; ledgerHash: ""\375T\356\014\360o'\030\311-\267\031\257!\031T\006><\315XM\334\324\345\034\000\325\367\240\271\013""; queryType: qtINDIRECT; "
1750527522921,1750527522922,3769,1,1,3,TMGetLedger,"itype: liBASE; ledgerHash: ""\375T\356\014\360o'\030\311-\267\031\257!\031T\006><\315XM\334\324\345\034\000\325\367\240\271\013""; queryType: qtINDIRECT; ","itype: liBASE; ledgerHash: ""\375T\356\014\360o'\030\311-\267\031\257!\031T\006><\315XM\334\324\345\034\000\325\367\240\271\013""; queryType: qtINDIRECT; "
1750527522922,1750527522922,3810,1,1,4,TMGetLedger,"itype: liBASE; ledgerHash: ""\375T\356\014\360o'\030\311-\267\031\257!\031T\006><\315XM\334\324\345\034\000\325\367\240\271\013""; queryType: qtINDIRECT; ","itype: liBASE; ledgerHash: ""\375T\356\014\360o'\030\311-\267\031\257!\031T\006><\315XM\334\324\345\034\000\325\367\240\271\013""; queryType: qtINDIRECT; "
1750527523009,1750527523009,3299,1,1,3,TMProposeSet,"proposeSeq: 0; currentTxHash: ""\000\000\000\000\000\000\000\000\000\000\000\000\000\000\000\000\000\000\000\000\000\000\000\000\000\000\000\000\000\000\000\000""; nodePubKey: ""\003R7o\362bV\300hf\266\241;}\200^\374\240\203[:\342Q\225\221\027y\372\255\235\216\323~""; closeTime: 803842720; signature: ""0D\002 \0278\352\363\373T\330o\211D'\226\267A\352\277\246\007\210\3634S\255\210\033\246\204\306\202\257\224\301\002 <\314\002\037\004\233\326T\320\266\307t\260\243t\262aVz\354R\305\213D\337\226\017\344\255FT\376""; previousledger: ""\032Yt\320\244{g\0306\\302\303*\341\215\223\257\364\277o\375\000r\241SOq\221\253\262\005\017""; ","proposeSeq: 0; currentTxHash: ""\000\000\000\000\000\000\000\000\000\000\000\000\000\000\000\000\000\000\000\000\000\000\000\000\000\000\000\000\000\000\000\000""; nodePubKey: ""\003R7o\362bV\300hf\266\241;}\200^\374\240\203[:\342Q\225\221\027y\372\255\235\216\323~""; closeTime: 803842720; signature: ""0D\002 \0278\352\363\373T\330o\211D'\226\267A\352\277\246\007\210\3634S\255\210\033\246\204\306\202\257\224\301\002 <\314\002\037\004\233\326T\320\266\307t\260\243t\262aVz\354R\305\213D\337\226\017\344\255FT\376""; previousledger: ""\032Yt\320\244{g\0306\\302\303*\341\215\223\257\364\277o\375\000r\241SOq\221\253\262\005\017""; "
1750527523010,1750527523010,2742,1,1,0,TMProposeSet,"proposeSeq: 0; currentTxHash: ""\000\000\000\000\000\000\000\000\000\000\000\000\000\000\000\000\000\000\000\000\000\000\000\000\000\000\000\000\000\000\000\000""; nodePubKey: ""\003R7o\362bV\300hf\266\241;}\200^\374\240\203[:\342Q\225\221\027y\372\255\235\216\323~""; closeTime: 803842720; signature: ""0D\002 \0278\352\363\373T\330o\211D'\226\267A\352\277\246\007\210\3634S\255\210\033\246\204\306\202\257\224\301\002 <\314\002\037\004\233\326T\320\266\307t\260\243t\262aVz\354R\305\213D\337\226\017\344\255FT\376""; previousledger: ""\032Yt\320\244{g\0306\\302\303*\341\215\223\257\364\277o\375\000r\241SOq\221\253\262\005\017""; ","proposeSeq: 0; currentTxHash: ""\000\000\000\000\000\000\000\000\000\000\000\000\000\000\000\000\000\000\000\000\000\000\000\000\000\000\000\000\000\000\000\000""; nodePubKey: ""\003R7o\362bV\300hf\266\241;}\200^\374\240\203[:\342Q\225\221\027y\372\255\235\216\323~""; closeTime: 803842720; signature: ""0D\002 \0278\352\363\373T\330o\211D'\226\267A\352\277\246\007\210\3634S\255\210\033\246\204\306\202\257\224\301\002 <\314\002\037\004\233\326T\320\266\307t\260\243t\262aVz\354R\305\213D\337\226\017\344\255FT\376""; previousledger: ""\032Yt\320\244{g\0306\\302\303*\341\215\223\257\364\277o\375\000r\241SOq\221\253\262\005\017""; "
1750527523009,1750527523009,1394,1,1,2,TMProposeSet,"proposeSeq: 0; currentTxHash: ""\000\000\000\000\000\000\000\000\000\000\000\000\000\000\000\000\000\000\000\000\000\000\000\000\000\000\000\000\000\000\000\000""; nodePubKey: ""\003R7o\362bV\300hf\266\241;}\200^\374\240\203[:\342Q\225\221\027y\372\255\235\216\323~""; closeTime: 803842720; signature: ""0D\002 \0278\352\363\373T\330o\211D'\226\267A\352\277\246\007\210\3634S\255\210\033\246\204\306\202\257\224\301\002 <\314\002\037\004\233\326T\320\266\307t\260\243t\262aVz\354R\305\213D\337\226\017\344\255FT\376""; previousledger: ""\032Yt\320\244{g\0306\\302\303*\341\215\223\257\364\277o\375\000r\241SOq\221\253\262\005\017""; ","proposeSeq: 0; currentTxHash: ""\000\000\000\000\000\000\000\000\000\000\000\000\000\000\000\000\000\000\000\000\000\000\000\000\000\000\000\000\000\000\000\000""; nodePubKey: ""\003R7o\362bV\300hf\266\241;}\200^\374\240\203[:\342Q\225\221\027y\372\255\235\216\323~""; closeTime: 803842720; signature: ""0D\002 \0278\352\363\373T\330o\211D'\226\267A\352\277\246\007\210\3634S\255\210\033\246\204\306\202\257\224\301\002 <\314\002\037\004\233\326T\320\266\307t\260\243t\262aVz\354R\305\213D\337\226\017\344\255FT\376""; previousledger: ""\032Yt\320\244{g\0306\\302\303*\341\215\223\257\364\277o\375\000r\241SOq\221\253\262\005\017""; "
1750527523021,1750527523022,782,1,0,4,TMValidation,"validation: """"\200\000\000\001&\000\000\000\003)/\351\252\242:g\237X\336\3531\020\010Q\375T\356\014\360o'\030\311-\267\031\257!\031T\006><\315XM\334\324\345\034\000\325\367\240\271\013P\027\000\000\000\000\000\000\000\000\000\000\000\000\000\000\000\000\000\000\000\000\000\000\000\000\000\000\000\000\000\000\000\000P\031-}\351f\032\255\274\334m\326c\017\014ao[\342\230\003\245\245\3341Hm\326^\017jy\335\261s!\003\255\225A\213\332\224ehh\024BDq\224\250\335`\355\353{\357\266\335<\021\032\265\177\206\356&\215vG0E\002!\000\352\353\225\022+\360\327\323v\240\321i/N\2752\017\022\225\030\354\2047!\177\354U\301\023\307\361\374\002 Ph*Y\355+\030J\211\324\321W \242\266\251je\031\271\221\336y\347m\202\236S/\245\024\034""; ","validation: """"\200\000\000\001&\000\000\000\003)/\351\252\242:g\237X\336\3531\020\010Q\375T\356\014\360o'\030\311-\267\031\257!\031T\006><\315XM\334\324\345\034\000\325\367\240\271\013P\027\000\000\000\000\000\000\000\000\000\000\000\000\000\000\000\000\000\000\000\000\000\000\000\000\000\000\000\000\000\000\000\000P\031-}\351f\032\255\274\334m\326c\017\014ao[\342\230\003\245\245\3341Hm\326^\017jy\335\261s!\003\255\225A\213\332\224ehh\024BDq\224\250\335`\355\353{\357\266\335<\021\032\265\177\206\356&\215vG0E\002!\000\352\353\225\022+\360\327\323v\240\321i/N\2752\017\022\225\030\354\2047!\177\354U\301\023\307\361\374\002 Ph*Y\355+\030J\211\324\321W \242\266\251je\031\271\221\336y\347m\202\236S/\245\024\034""; "
1750527523022,1750527523022,3422,1,0,3,TMValidation,"validation: """"\200\000\000\001&\000\000\000\003)/\351\252\242:g\237X\336\3531\020\010Q\375T\356\014\360o'\030\311-\267\031\257!\031T\006><\315XM\334\324\345\034\000\325\367\240\271\013P\027\000\000\000\000\000\000\000\000\000\000\000\000\000\000\000\000\000\000\000\000\000\000\000\000\000\000\000\000\000\000\000\000P\031-}\351f\032\255\274\334m\326c\017\014ao[\342\230\003\245\245\3341Hm\326^\017jy\335\261s!\003\255\225A\213\332\224ehh\024BDq\224\250\335`\355\353{\357\266\335<\021\032\265\177\206\356&\215vG0E\002!\000\352\353\225\022+\360\327\323v\240\321i/N\2752\017\022\225\030\354\2047!\177\354U\301\023\307\361\374\002 Ph*Y\355+\030J\211\324\321W \242\266\251je\031\271\221\336y\347m\202\236S/\245\024\034""; ","validation: """"\200\000\000\001&\000\000\000\003)/\351\252\242:g\237X\336\3531\020\010Q\375T\356\014\360o'\030\311-\267\031\257!\031T\006><\315XM\334\324\345\034\000\325\367\240\271\013P\027\000\000\000\000\000\000\000\000\000\000\000\000\000\000\000\000\000\000\000\000\000\000\000\000\000\000\000\000\000\000\000\000P\031-}\351f\032\255\274\334m\326c\017\014ao[\342\230\003\245\245\3341Hm\326^\017jy\335\261s!\003\255\225A\213\332\224ehh\024BDq\224\250\335`\355\353{\357\266\335<\021\032\265\177\206\356&\215vG0E\002!\000\352\353\225\022+\360\327\323v\240\321i/N\2752\017\022\225\030\354\2047!\177\354U\301\023\307\361\374\002 Ph*Y\355+\030J\211\324\321W \242\266\251je\031\271\221\336y\347m\202\236S/\245\024\034""; "
1750527523023,1750527523023,2261,1,0,1,TMValidation,"validation: """"\200\000\000\001&\000\000\000\003)/\351\252\242:g\237X\336\3531\020\010Q\375T\356\014\360o'\030\311-\267\031\257!\031T\006><\315XM\334\324\345\034\000\325\367\240\271\013P\027\000\000\000\000\000\000\000\000\000\000\000\000\000\000\000\000\000\000\000\000\000\000\000\000\000\000\000\000\000\000\000\000P\031-}\351f\032\255\274\334m\326c\017\014ao[\342\230\003\245\245\3341Hm\326^\017jy\335\261s!\003\255\225A\213\332\224ehh\024BDq\224\250\335`\355\353{\357\266\335<\021\032\265\177\206\356&\215vG0E\002!\000\352\353\225\022+\360\327\323v\240\321i/N\2752\017\022\225\030\354\2047!\177\354U\301\023\307\361\374\002 Ph*Y\355+\030J\211\324\321W \242\266\251je\031\271\221\336y\347m\202\236S/\245\024\034""; ","validation: """"\200\000\000\001&\000\000\000\003)/\351\252\242:g\237X\336\3531\020\010Q\375T\356\014\360o'\030\311-\267\031\257!\031T\006><\315XM\334\324\345\034\000\325\367\240\271\013P\027\000\000\000\000\000\000\000\000\000\000\000\000\000\000\000\000\000\000\000\000\000\000\000\000\000\000\000\000\000\000\000\000P\031-}\351f\032\255\274\334m\326c\017\014ao[\342\230\003\245\245\3341Hm\326^\017jy\335\261s!\003\255\225A\213\332\224ehh\024BDq\224\250\335`\355\353{\357\266\335<\021\032\265\177\206\356&\215vG0E\002!\000\352\353\225\022+\360\327\323v\240\321i/N\2752\017\022\225\030\354\2047!\177\354U\301\023\307\361\374\002 Ph*Y\355+\030J\211\324\321W \242\266\251je\031\271\221\336y\347m\202\236S/\245\024\034""; "
1750527523272,1750527523272,3620,1,4,3,TMValidation,"validation: """"\200\000\000\001&\000\000\000\003)/\351\252\242:\355<\266\216~aC\027Q\375T\356\014\360o'\030\311-\267\031\257!\031T\006><\315XM\334\324\345\034\000\325\367\240\271\013P\027\000\000\000\000\000\000\000\000\000\000\000\000\000\000\000\000\000\000\000\000\000\000\000\000\000\000\000\000\000\000\000\000P\031-}\351f\032\255\274\334m\326c\017\014ao[\342\230\003\245\245\3341Hm\326^\017jy\335\261s!\002\225aM\037\203M\271C\224]$\245\215\334\264;{{\365%Z\2443U\201\242\320iUc\207\367vG0E\002!\000\337\232\301[\364J\233&{\254j9\005\370\210\314\250DF\021\344\036\245\350\244\004/R\212\021\376\372\002 \010\267~W\024\177\004\271\377\240\033\003`\311\031a7\254\231c\361f\027a\306\037.I\245\007]y""; ","validation: """"\200\000\000\001&\000\000\000\003)/\351\252\242:\355<\266\216~aC\027Q\375T\356\014\360o'\030\311-\267\031\257!\031T\006><\315XM\334\324\345\034\000\325\367\240\271\013P\027\000\000\000\000\000\000\000\000\000\000\000\000\000\000\000\000\000\000\000\000\000\000\000\000\000\000\000\000\000\000\000\000P\031-}\351f\032\255\274\334m\326c\017\014ao[\342\230\003\245\245\3341Hm\326^\017jy\335\261s!\002\225aM\037\203M\271C\224]$\245\215\334\264;{{\365%Z\2443U\201\242\320iUc\207\367vG0E\002!\000\337\232\301[\364J\233&{\254j9\005\370\210\314\250DF\021\344\036\245\350\244\004/R\212\021\376\372\002 \010\267~W\024\177\004\271\377\240\033\003`\311\031a7\254\231c\361f\027a\306\037.I\245\007]y""; "
1750527523273,1750527523273,783,1,4,2,TMValidation,"validation: """"\200\000\000\001&\000\000\000\003)/\351\252\242:\355<\266\216~aC\027Q\375T\356\014\360o'\030\311-\267\031\257!\031T\006><\315XM\334\324\345\034\000\325\367\240\271\013P\027\000\000\000\000\000\000\000\000\000\000\000\000\000\000\000\000\000\000\000\000\000\000\000\000\000\000\000\000\000\000\000\000P\031-}\351f\032\255\274\334m\326c\017\014ao[\342\230\003\245\245\3341Hm\326^\017jy\335\261s!\002\225aM\037\203M\271C\224]$\245\215\334\264;{{\365%Z\2443U\201\242\320iUc\207\367vG0E\002!\000\337\232\301[\364J\233&{\254j9\005\370\210\314\250DF\021\344\036\245\350\244\004/R\212\021\376\372\002 \010\267~W\024\177\004\271\377\240\033\003`\311\031a7\254\231c\361f\027a\306\037.I\245\007]y""; ","validation: """"\200\000\000\001&\000\000\000\003)/\351\252\242:\355<\266\216~aC\027Q\375T\356\014\360o'\030\311-\267\031\257!\031T\006><\315XM\334\324\345\034\000\325\367\240\271\013P\027\000\000\000\000\000\000\000\000\000\000\000\000\000\000\000\000\000\000\000\000\000\000\000\000\000\000\000\000\000\000\000\000P\031-}\351f\032\255\274\334m\326c\017\014ao[\342\230\003\245\245\3341Hm\326^\017jy\335\261s!\002\225aM\037\203M\271C\224]$\245\215\334\264;{{\365%Z\2443U\201\242\320iUc\207\367vG0E\002!\000\337\232\301[\364J\233&{\254j9\005\370\210\314\250DF\021\344\036\245\350\244\004/R\212\021\376\372\002 \010\267~W\024\177\004\271\377\240\033\003`\311\031a7\254\231c\361f\027a\306\037.I\245\007]y""; "
1750527523273,1750527523273,3803,1,4,1,TMValidation,"validation: """"\200\000\000\001&\000\000\000\003)/\351\252\242:\355<\266\216~aC\027Q\375T\356\014\360o'\030\311-\267\031\257!\031T\006><\315XM\334\324\345\034\000\325\367\240\271\013P\027\000\000\000\000\000\000\000\000\000\000\000\000\000\000\000\000\000\000\000\000\000\000\000\000\000\000\000\000\000\000\000\000P\031-}\351f\032\255\274\334m\326c\017\014ao[\342\230\003\245\245\3341Hm\326^\017jy\335\261s!\002\225aM\037\203M\271C\224]$\245\215\334\264;{{\365%Z\2443U\201\242\320iUc\207\367vG0E\002!\000\337\232\301[\364J\233&{\254j9\005\370\210\314\250DF\021\344\036\245\350\244\004/R\212\021\376\372\002 \010\267~W\024\177\004\271\377\240\033\003`\311\031a7\254\231c\361f\027a\306\037.I\245\007]y""; ","validation: """"\200\000\000\001&\000\000\000\003)/\351\252\242:\355<\266\216~aC\027Q\375T\356\014\360o'\030\311-\267\031\257!\031T\006><\315XM\334\324\345\034\000\325\367\240\271\013P\027\000\000\000\000\000\000\000\000\000\000\000\000\000\000\000\000\000\000\000\000\000\000\000\000\000\000\000\000\000\000\000\000P\031-}\351f\032\255\274\334m\326c\017\014ao[\342\230\003\245\245\3341Hm\326^\017jy\335\261s!\002\225aM\037\203M\271C\224]$\245\215\334\264;{{\365%Z\2443U\201\242\320iUc\207\367vG0E\002!\000\337\232\301[\364J\233&{\254j9\005\370\210\314\250DF\021\344\036\245\350\244\004/R\212\021\376\372\002 \010\267~W\024\177\004\271\377\240\033\003`\311\031a7\254\231c\361f\027a\306\037.I\245\007]y""; "
1750527523298,1750527523298,3736,1,3,4,TMValidation,"validation: """"\200\000\000\001&\000\000\000\003)/\351\252\242:g\237X\336\3531\020\010Q\375T\356\014\360o'\030\311-\267\031\257!\031T\006><\315XM\334\324\345\034\000\325\367\240\271\013P\027\000\000\000\000\000\000\000\000\000\000\000\000\000\000\000\000\000\000\000\000\000\000\000\000\000\000\000\000\000\000\000\000P\031-}\351f\032\255\274\334m\326c\017\014ao[\342\230\003\245\245\3341Hm\326^\017jy\335\261s!\003\255\225A\213\332\224ehh\024BDq\224\250\335`\355\353{\357\266\335<\021\032\265\177\206\356&\215vG0E\002!\000\352\353\225\022+\360\327\323v\240\321i/N\2752\017\022\225\030\354\2047!\177\354U\301\023\307\361\374\002 Ph*Y\355+\030J\211\324\321W \242\266\251je\031\271\221\336y\347m\202\236S/\245\024\034""; ","validation: """"\200\000\000\001&\000\000\000\003)/\351\252\242:g\237X\336\3531\020\010Q\375T\356\014\360o'\030\311-\267\031\257!\031T\006><\315XM\334\324\345\034\000\325\367\240\271\013P\027\000\000\000\000\000\000\000\000\000\000\000\000\000\000\000\000\000\000\000\000\000\000\000\000\000\000\000\000\000\000\000\000P\031-}\351f\032\255\274\334m\326c\017\014ao[\342\230\003\245\245\3341Hm\326^\017jy\335\261s!\003\255\225A\213\332\224ehh\024BDq\224\250\335`\355\353{\357\266\335<\021\032\265\177\206\356&\215vG0E\002!\000\352\353\225\022+\360\327\323v\240\321i/N\2752\017\022\225\030\354\2047!\177\354U\301\023\307\361\374\002 Ph*Y\355+\030J\211\324\321W \242\266\251je\031\271\221\336y\347m\202\236S/\245\024\034""; "
1750527523299,1750527523299,3459,1,3,1,TMValidation,"validation: """"\200\000\000\001&\000\000\000\003)/\351\252\242:g\237X\336\3531\020\010Q\375T\356\014\360o'\030\311-\267\031\257!\031T\006><\315XM\334\324\345\034\000\325\367\240\271\013P\027\000\000\000\000\000\000\000\000\000\000\000\000\000\000\000\000\000\000\000\000\000\000\000\000\000\000\000\000\000\000\000\000P\031-}\351f\032\255\274\334m\326c\017\014ao[\342\230\003\245\245\3341Hm\326^\017jy\335\261s!\003\255\225A\213\332\224ehh\024BDq\224\250\335`\355\353{\357\266\335<\021\032\265\177\206\356&\215vG0E\002!\000\352\353\225\022+\360\327\323v\240\321i/N\2752\017\022\225\030\354\2047!\177\354U\301\023\307\361\374\002 Ph*Y\355+\030J\211\324\321W \242\266\251je\031\271\221\336y\347m\202\236S/\245\024\034""; ","validation: """"\200\000\000\001&\000\000\000\003)/\351\252\242:g\237X\336\3531\020\010Q\375T\356\014\360o'\030\311-\267\031\257!\031T\006><\315XM\334\324\345\034\000\325\367\240\271\013P\027\000\000\000\000\000\000\000\000\000\000\000\000\000\000\000\000\000\000\000\000\000\000\000\000\000\000\000\000\000\000\000\000P\031-}\351f\032\255\274\334m\326c\017\014ao[\342\230\003\245\245\3341Hm\326^\017jy\335\261s!\003\255\225A\213\332\224ehh\024BDq\224\250\335`\355\353{\357\266\335<\021\032\265\177\206\356&\215vG0E\002!\000\352\353\225\022+\360\327\323v\240\321i/N\2752\017\022\225\030\354\2047!\177\354U\301\023\307\361\374\002 Ph*Y\355+\030J\211\324\321W \242\266\251je\031\271\221\336y\347m\202\236S/\245\024\034""; "
1750527523299,1750527523299,1777,1,3,0,TMValidation,"validation: """"\200\000\000\001&\000\000\000\003)/\351\252\242:g\237X\336\3531\020\010Q\375T\356\014\360o'\030\311-\267\031\257!\031T\006><\315XM\334\324\345\034\000\325\367\240\271\013P\027\000\000\000\000\000\000\000\000\000\000\000\000\000\000\000\000\000\000\000\000\000\000\000\000\000\000\000\000\000\000\000\000P\031-}\351f\032\255\274\334m\326c\017\014ao[\342\230\003\245\245\3341Hm\326^\017jy\335\261s!\003\255\225A\213\332\224ehh\024BDq\224\250\335`\355\353{\357\266\335<\021\032\265\177\206\356&\215vG0E\002!\000\352\353\225\022+\360\327\323v\240\321i/N\2752\017\022\225\030\354\2047!\177\354U\301\023\307\361\374\002 Ph*Y\355+\030J\211\324\321W \242\266\251je\031\271\221\336y\347m\202\236S/\245\024\034""; ","validation: """"\200\000\000\001&\000\000\000\003)/\351\252\242:g\237X\336\3531\020\010Q\375T\356\014\360o'\030\311-\267\031\257!\031T\006><\315XM\334\324\345\034\000\325\367\240\271\013P\027\000\000\000\000\000\000\000\000\000\000\000\000\000\000\000\000\000\000\000\000\000\000\000\000\000\000\000\000\000\000\000\000P\031-}\351f\032\255\274\334m\326c\017\014ao[\342\230\003\245\245\3341Hm\326^\017jy\335\261s!\003\255\225A\213\332\224ehh\024BDq\224\250\335`\355\353{\357\266\335<\021\032\265\177\206\356&\215vG0E\002!\000\352\353\225\022+\360\327\323v\240\321i/N\2752\017\022\225\030\354\2047!\177\354U\301\023\307\361\374\002 Ph*Y\355+\030J\211\324\321W \242\266\251je\031\271\221\336y\347m\202\236S/\245\024\034""; "
1750527523337,1750527523337,723,1,2,3,TMValidation,"validation: """"\200\000\000\001&\000\000\000\003)/\351\252\242:\r\302\353\023?\373\240rQ\375T\356\014\360o'\030\311-\267\031\257!\031T\006><\315XM\334\324\345\034\000\325\367\240\271\013P\027\000\000\000\000\000\000\000\000\000\000\000\000\000\000\000\000\000\000\000\000\000\000\000\000\000\000\000\000\000\000\000\000P\031-}\351f\032\255\274\334m\326c\017\014ao[\342\230\003\245\245\3341Hm\326^\017jy\335\261s!\003R7o\362bV\300hf\266\241;}\200^\374\240\203[:\342Q\225\221\027y\372\255\235\216\323~vG0E\002!\000\236\307\234\031\t\305lbrIB\306i\365\207\356@LF\256\232\230\332X\340u\034\351w\255\263\307\002 \027F\372$T\270\206\361\261O\354\037\313\200\273h\241h\3745*r\2520*\024\314\222;\357L\033""; ","validation: """"\200\000\000\001&\000\000\000\003)/\351\252\242:\r\302\353\023?\373\240rQ\375T\356\014\360o'\030\311-\267\031\257!\031T\006><\315XM\334\324\345\034\000\325\367\240\271\013P\027\000\000\000\000\000\000\000\000\000\000\000\000\000\000\000\000\000\000\000\000\000\000\000\000\000\000\000\000\000\000\000\000P\031-}\351f\032\255\274\334m\326c\017\014ao[\342\230\003\245\245\3341Hm\326^\017jy\335\261s!\003R7o\362bV\300hf\266\241;}\200^\374\240\203[:\342Q\225\221\027y\372\255\235\216\323~vG0E\002!\000\236\307\234\031\t\305lbrIB\306i\365\207\356@LF\256\232\230\332X\340u\034\351w\255\263\307\002 \027F\372$T\270\206\361\261O\354\037\313\200\273h\241h\3745*r\2520*\024\314\222;\357L\033""; "
1750527523337,1750527523337,340,1,2,1,TMValidation,"validation: """"\200\000\000\001&\000\000\000\003)/\351\252\242:\r\302\353\023?\373\240rQ\375T\356\014\360o'\030\311-\267\031\257!\031T\006><\315XM\334\324\345\034\000\325\367\240\271\013P\027\000\000\000\000\000\000\000\000\000\000\000\000\000\000\000\000\000\000\000\000\000\000\000\000\000\000\000\000\000\000\000\000P\031-}\351f\032\255\274\334m\326c\017\014ao[\342\230\003\245\245\3341Hm\326^\017jy\335\261s!\003R7o\362bV\300hf\266\241;}\200^\374\240\203[:\342Q\225\221\027y\372\255\235\216\323~vG0E\002!\000\236\307\234\031\t\305lbrIB\306i\365\207\356@LF\256\232\230\332X\340u\034\351w\255\263\307\002 \027F\372$T\270\206\361\261O\354\037\313\200\273h\241h\3745*r\2520*\024\314\222;\357L\033""; ","validation: """"\200\000\000\001&\000\000\000\003)/\351\252\242:\r\302\353\023?\373\240rQ\375T\356\014\360o'\030\311-\267\031\257!\031T\006><\315XM\334\324\345\034\000\325\367\240\271\013P\027\000\000\000\000\000\000\000\000\000\000\000\000\000\000\000\000\000\000\000\000\000\000\000\000\000\000\000\000\000\000\000\000P\031-}\351f\032\255\274\334m\326c\017\014ao[\342\230\003\245\245\3341Hm\326^\017jy\335\261s!\003R7o\362bV\300hf\266\241;}\200^\374\240\203[:\342Q\225\221\027y\372\255\235\216\323~vG0E\002!\000\236\307\234\031\t\305lbrIB\306i\365\207\356@LF\256\232\230\332X\340u\034\351w\255\263\307\002 \027F\372$T\270\206\361\261O\354\037\313\200\273h\241h\3745*r\2520*\024\314\222;\357L\033""; "
1750527523337,1750527523337,446,1,2,0,TMValidation,"validation: """"\200\000\000\001&\000\000\000\003)/\351\252\242:\r\302\353\023?\373\240rQ\375T\356\014\360o'\030\311-\267\031\257!\031T\006><\315XM\334\324\345\034\000\325\367\240\271\013P\027\000\000\000\000\000\000\000\000\000\000\000\000\000\000\000\000\000\000\000\000\000\000\000\000\000\000\000\000\000\000\000\000P\031-}\351f\032\255\274\334m\326c\017\014ao[\342\230\003\245\245\3341Hm\326^\017jy\335\261s!\003R7o\362bV\300hf\266\241;}\200^\374\240\203[:\342Q\225\221\027y\372\255\235\216\323~vG0E\002!\000\236\307\234\031\t\305lbrIB\306i\365\207\356@LF\256\232\230\332X\340u\034\351w\255\263\307\002 \027F\372$T\270\206\361\261O\354\037\313\200\273h\241h\3745*r\2520*\024\314\222;\357L\033""; ","validation: """"\200\000\000\001&\000\000\000\003)/\351\252\242:\r\302\353\023?\373\240rQ\375T\356\014\360o'\030\311-\267\031\257!\031T\006><\315XM\334\324\345\034\000\325\367\240\271\013P\027\000\000\000\000\000\000\000\000\000\000\000\000\000\000\000\000\000\000\000\000\000\000\000\000\000\000\000\000\000\000\000\000P\031-}\351f\032\255\274\334m\326c\017\014ao[\342\230\003\245\245\3341Hm\326^\017jy\335\261s!\003R7o\362bV\300hf\266\241;}\200^\374\240\203[:\342Q\225\221\027y\372\255\235\216\323~vG0E\002!\000\236\307\234\031\t\305lbrIB\306i\365\207\356@LF\256\232\230\332X\340u\034\351w\255\263\307\002 \027F\372$T\270\206\361\261O\354\037\313\200\273h\241h\3745*r\2520*\024\314\222;\357L\033""; "
1750527523488,1750527523488,142,1,0,3,TMProposeSet,"proposeSeq: 0; currentTxHash: ""\000\000\000\000\000\000\000\000\000\000\000\000\000\000\000\000\000\000\000\000\000\000\000\000\000\000\000\000\000\000\000\000""; nodePubKey: ""\002\225aM\037\203M\271C\224]$\245\215\334\264;{{\365%Z\2443U\201\242\320iUc\207\367""; closeTime: 803842723; signature: ""0D\002 d\026$\303\342\323\305:\221\222\013|x\013\r\021\262\273\262\031\350\260gFKX\034\325d}\371\301\002 ]\031\364+Zdu\361\256\006X\316\021*\370\262\323\317\312\335\363\030\376P\330P#\353/\033\316r""; previousledger: ""\375T\356\014\360o'\030\311-\267\031\257!\031T\006><\315XM\334\324\345\034\000\325\367\240\271\013""; ","proposeSeq: 0; currentTxHash: ""\000\000\000\000\000\000\000\000\000\000\000\000\000\000\000\000\000\000\000\000\000\000\000\000\000\000\000\000\000\000\000\000""; nodePubKey: ""\002\225aM\037\203M\271C\224]$\245\215\334\264;{{\365%Z\2443U\201\242\320iUc\207\367""; closeTime: 803842723; signature: ""0D\002 d\026$\303\342\323\305:\221\222\013|x\013\r\021\262\273\262\031\350\260gFKX\034\325d}\371\301\002 ]\031\364+Zdu\361\256\006X\316\021*\370\262\323\317\312\335\363\030\376P\330P#\353/\033\316r""; previousledger: ""\375T\356\014\360o'\030\311-\267\031\257!\031T\006><\315XM\334\324\345\034\000\325\367\240\271\013""; "
1750527523490,1750527523490,3849,1,0,1,TMProposeSet,"proposeSeq: 0; currentTxHash: ""\000\000\000\000\000\000\000\000\000\000\000\000\000\000\000\000\000\000\000\000\000\000\000\000\000\000\000\000\000\000\000\000""; nodePubKey: ""\002\225aM\037\203M\271C\224]$\245\215\334\264;{{\365%Z\2443U\201\242\320iUc\207\367""; closeTime: 803842723; signature: ""0D\002 d\026$\303\342\323\305:\221\222\013|x\013\r\021\262\273\262\031\350\260gFKX\034\325d}\371\301\002 ]\031\364+Zdu\361\256\006X\316\021*\370\262\323\317\312\335\363\030\376P\330P#\353/\033\316r""; previousledger: ""\375T\356\014\360o'\030\311-\267\031\257!\031T\006><\315XM\334\324\345\034\000\325\367\240\271\013""; ","proposeSeq: 0; currentTxHash: ""\000\000\000\000\000\000\000\000\000\000\000\000\000\000\000\000\000\000\000\000\000\000\000\000\000\000\000\000\000\000\000\000""; nodePubKey: ""\002\225aM\037\203M\271C\224]$\245\215\334\264;{{\365%Z\2443U\201\242\320iUc\207\367""; closeTime: 803842723; signature: ""0D\002 d\026$\303\342\323\305:\221\222\013|x\013\r\021\262\273\262\031\350\260gFKX\034\325d}\371\301\002 ]\031\364+Zdu\361\256\006X\316\021*\370\262\323\317\312\335\363\030\376P\330P#\353/\033\316r""; previousledger: ""\375T\356\014\360o'\030\311-\267\031\257!\031T\006><\315XM\334\324\345\034\000\325\367\240\271\013""; "
1750527523489,1750527523489,3504,1,0,4,TMProposeSet,"proposeSeq: 0; currentTxHash: ""\000\000\000\000\000\000\000\000\000\000\000\000\000\000\000\000\000\000\000\000\000\000\000\000\000\000\000\000\000\000\000\000""; nodePubKey: ""\002\225aM\037\203M\271C\224]$\245\215\334\264;{{\365%Z\2443U\201\242\320iUc\207\367""; closeTime: 803842723; signature: ""0D\002 d\026$\303\342\323\305:\221\222\013|x\013\r\021\262\273\262\031\350\260gFKX\034\325d}\371\301\002 ]\031\364+Zdu\361\256\006X\316\021*\370\262\323\317\312\335\363\030\376P\330P#\353/\033\316r""; previousledger: ""\375T\356\014\360o'\030\311-\267\031\257!\031T\006><\315XM\334\324\345\034\000\325\367\240\271\013""; ","proposeSeq: 0; currentTxHash: ""\000\000\000\000\000\000\000\000\000\000\000\000\000\000\000\000\000\000\000\000\000\000\000\000\000\000\000\000\000\000\000\000""; nodePubKey: ""\002\225aM\037\203M\271C\224]$\245\215\334\264;{{\365%Z\2443U\201\242\320iUc\207\367""; closeTime: 803842723; signature: ""0D\002 d\026$\303\342\323\305:\221\222\013|x\013\r\021\262\273\262\031\350\260gFKX\034\325d}\371\301\002 ]\031\364+Zdu\361\256\006X\316\021*\370\262\323\317\312\335\363\030\376P\330P#\353/\033\316r""; previousledger: ""\375T\356\014\360o'\030\311-\267\031\257!\031T\006><\315XM\334\324\345\034\000\325\367\240\271\013""; "
1750527523490,1750527523490,3268,1,0,2,TMProposeSet,"proposeSeq: 0; currentTxHash: ""\000\000\000\000\000\000\000\000\000\000\000\000\000\000\000\000\000\000\000\000\000\000\000\000\000\000\000\000\000\000\000\000""; nodePubKey: ""\002\225aM\037\203M\271C\224]$\245\215\334\264;{{\365%Z\2443U\201\242\320iUc\207\367""; closeTime: 803842723; signature: ""0D\002 d\026$\303\342\323\305:\221\222\013|x\013\r\021\262\273\262\031\350\260gFKX\034\325d}\371\301\002 ]\031\364+Zdu\361\256\006X\316\021*\370\262\323\317\312\335\363\030\376P\330P#\353/\033\316r""; previousledger: ""\375T\356\014\360o'\030\311-\267\031\257!\031T\006><\315XM\334\324\345\034\000\325\367\240\271\013""; ","proposeSeq: 0; currentTxHash: ""\000\000\000\000\000\000\000\000\000\000\000\000\000\000\000\000\000\000\000\000\000\000\000\000\000\000\000\000\000\000\000\000""; nodePubKey: ""\002\225aM\037\203M\271C\224]$\245\215\334\264;{{\365%Z\2443U\201\242\320iUc\207\367""; closeTime: 803842723; signature: ""0D\002 d\026$\303\342\323\305:\221\222\013|x\013\r\021\262\273\262\031\350\260gFKX\034\325d}\371\301\002 ]\031\364+Zdu\361\256\006X\316\021*\370\262\323\317\312\335\363\030\376P\330P#\353/\033\316r""; previousledger: ""\375T\356\014\360o'\030\311-\267\031\257!\031T\006><\315XM\334\324\345\034\000\325\367\240\271\013""; "
1750527523489,1750527523530,1964,1,0,3,TMStatusChange,"newEvent: neCLOSING_LEDGER; ledgerSeq: 3; ledgerHash: ""\375T\356\014\360o'\030\311-\267\031\257!\031T\006><\315XM\334\324\345\034\000\325\367\240\271\013""; ledgerHashPrevious: ""\032Yt\320\244{g\0306\\302\303*\341\215\223\257\364\277o\375\000r\241SOq\221\253\262\005\017""; networkTime: 803842723; firstSeq: 1; lastSeq: 3; ","newEvent: neCLOSING_LEDGER; ledgerSeq: 3; ledgerHash: ""\375T\356\014\360o'\030\311-\267\031\257!\031T\006><\315XM\334\324\345\034\000\325\367\240\271\013""; ledgerHashPrevious: ""\032Yt\320\244{g\0306\\302\303*\341\215\223\257\364\277o\375\000r\241SOq\221\253\262\005\017""; networkTime: 803842723; firstSeq: 1; lastSeq: 3; "
1750527523491,1750527523530,3904,1,0,4,TMStatusChange,"newEvent: neCLOSING_LEDGER; ledgerSeq: 3; ledgerHash: ""\375T\356\014\360o'\030\311-\267\031\257!\031T\006><\315XM\334\324\345\034\000\325\367\240\271\013""; ledgerHashPrevious: ""\032Yt\320\244{g\0306\\302\303*\341\215\223\257\364\277o\375\000r\241SOq\221\253\262\005\017""; networkTime: 803842723; firstSeq: 1; lastSeq: 3; ","newEvent: neCLOSING_LEDGER; ledgerSeq: 3; ledgerHash: ""\375T\356\014\360o'\030\311-\267\031\257!\031T\006><\315XM\334\324\345\034\000\325\367\240\271\013""; ledgerHashPrevious: ""\032Yt\320\244{g\0306\\302\303*\341\215\223\257\364\277o\375\000r\241SOq\221\253\262\005\017""; networkTime: 803842723; firstSeq: 1; lastSeq: 3; "
1750527523490,1750527523530,2179,1,0,2,TMStatusChange,"newEvent: neCLOSING_LEDGER; ledgerSeq: 3; ledgerHash: ""\375T\356\014\360o'\030\311-\267\031\257!\031T\006><\315XM\334\324\345\034\000\325\367\240\271\013""; ledgerHashPrevious: ""\032Yt\320\244{g\0306\\302\303*\341\215\223\257\364\277o\375\000r\241SOq\221\253\262\005\017""; networkTime: 803842723; firstSeq: 1; lastSeq: 3; ","newEvent: neCLOSING_LEDGER; ledgerSeq: 3; ledgerHash: ""\375T\356\014\360o'\030\311-\267\031\257!\031T\006><\315XM\334\324\345\034\000\325\367\240\271\013""; ledgerHashPrevious: ""\032Yt\320\244{g\0306\\302\303*\341\215\223\257\364\277o\375\000r\241SOq\221\253\262\005\017""; networkTime: 803842723; firstSeq: 1; lastSeq: 3; "
1750527523491,1750527523531,1249,1,0,1,TMStatusChange,"newEvent: neCLOSING_LEDGER; ledgerSeq: 3; ledgerHash: ""\375T\356\014\360o'\030\311-\267\031\257!\031T\006><\315XM\334\324\345\034\000\325\367\240\271\013""; ledgerHashPrevious: ""\032Yt\320\244{g\0306\\302\303*\341\215\223\257\364\277o\375\000r\241SOq\221\253\262\005\017""; networkTime: 803842723; firstSeq: 1; lastSeq: 3; ","newEvent: neCLOSING_LEDGER; ledgerSeq: 3; ledgerHash: ""\375T\356\014\360o'\030\311-\267\031\257!\031T\006><\315XM\334\324\345\034\000\325\367\240\271\013""; ledgerHashPrevious: ""\032Yt\320\244{g\0306\\302\303*\341\215\223\257\364\277o\375\000r\241SOq\221\253\262\005\017""; networkTime: 803842723; firstSeq: 1; lastSeq: 3; "
1750527523552,1750527523552,371,1,4,3,TMProposeSet,"proposeSeq: 0; currentTxHash: ""\000\000\000\000\000\000\000\000\000\000\000\000\000\000\000\000\000\000\000\000\000\000\000\000\000\000\000\000\000\000\000\000""; nodePubKey: ""\003R7o\362bV\300hf\266\241;}\200^\374\240\203[:\342Q\225\221\027y\372\255\235\216\323~""; closeTime: 803842723; signature: ""0E\002!\000\200\240K\210\353\255\020\2218\323Y\256T\357>\332\332\331P?\275\210\036\234\214Nt\313\245m\024\333\002 WFy\030\244H\363d.\004`\370\224\310\027\347\236\233\251\373m\303\316\202\014\271\371E\305\234\332\255""; previousledger: ""\375T\356\014\360o'\030\311-\267\031\257!\031T\006><\315XM\334\324\345\034\000\325\367\240\271\013""; ","proposeSeq: 0; currentTxHash: ""\000\000\000\000\000\000\000\000\000\000\000\000\000\000\000\000\000\000\000\000\000\000\000\000\000\000\000\000\000\000\000\000""; nodePubKey: ""\003R7o\362bV\300hf\266\241;}\200^\374\240\203[:\342Q\225\221\027y\372\255\235\216\323~""; closeTime: 803842723; signature: ""0E\002!\000\200\240K\210\353\255\020\2218\323Y\256T\357>\332\332\331P?\275\210\036\234\214Nt\313\245m\024\333\002 WFy\030\244H\363d.\004`\370\224\310\027\347\236\233\251\373m\303\316\202\014\271\371E\305\234\332\255""; previousledger: ""\375T\356\014\360o'\030\311-\267\031\257!\031T\006><\315XM\334\324\345\034\000\325\367\240\271\013""; "
1750527523553,1750527523553,2972,1,4,0,TMProposeSet,"proposeSeq: 0; currentTxHash: ""\000\000\000\000\000\000\000\000\000\000\000\000\000\000\000\000\000\000\000\000\000\000\000\000\000\000\000\000\000\000\000\000""; nodePubKey: ""\003R7o\362bV\300hf\266\241;}\200^\374\240\203[:\342Q\225\221\027y\372\255\235\216\323~""; closeTime: 803842723; signature: ""0E\002!\000\200\240K\210\353\255\020\2218\323Y\256T\357>\332\332\331P?\275\210\036\234\214Nt\313\245m\024\333\002 WFy\030\244H\363d.\004`\370\224\310\027\347\236\233\251\373m\303\316\202\014\271\371E\305\234\332\255""; previousledger: ""\375T\356\014\360o'\030\311-\267\031\257!\031T\006><\315XM\334\324\345\034\000\325\367\240\271\013""; ","proposeSeq: 0; currentTxHash: ""\000\000\000\000\000\000\000\000\000\000\000\000\000\000\000\000\000\000\000\000\000\000\000\000\000\000\000\000\000\000\000\000""; nodePubKey: ""\003R7o\362bV\300hf\266\241;}\200^\374\240\203[:\342Q\225\221\027y\372\255\235\216\323~""; closeTime: 803842723; signature: ""0E\002!\000\200\240K\210\353\255\020\2218\323Y\256T\357>\332\332\331P?\275\210\036\234\214Nt\313\245m\024\333\002 WFy\030\244H\363d.\004`\370\224\310\027\347\236\233\251\373m\303\316\202\014\271\371E\305\234\332\255""; previousledger: ""\375T\356\014\360o'\030\311-\267\031\257!\031T\006><\315XM\334\324\345\034\000\325\367\240\271\013""; "
1750527523554,1750527523554,2441,1,4,2,TMProposeSet,"proposeSeq: 0; currentTxHash: ""\000\000\000\000\000\000\000\000\000\000\000\000\000\000\000\000\000\000\000\000\000\000\000\000\000\000\000\000\000\000\000\000""; nodePubKey: ""\003R7o\362bV\300hf\266\241;}\200^\374\240\203[:\342Q\225\221\027y\372\255\235\216\323~""; closeTime: 803842723; signature: ""0E\002!\000\200\240K\210\353\255\020\2218\323Y\256T\357>\332\332\331P?\275\210\036\234\214Nt\313\245m\024\333\002 WFy\030\244H\363d.\004`\370\224\310\027\347\236\233\251\373m\303\316\202\014\271\371E\305\234\332\255""; previousledger: ""\375T\356\014\360o'\030\311-\267\031\257!\031T\006><\315XM\334\324\345\034\000\325\367\240\271\013""; ","proposeSeq: 0; currentTxHash: ""\000\000\000\000\000\000\000\000\000\000\000\000\000\000\000\000\000\000\000\000\000\000\000\000\000\000\000\000\000\000\000\000""; nodePubKey: ""\003R7o\362bV\300hf\266\241;}\200^\374\240\203[:\342Q\225\221\027y\372\255\235\216\323~""; closeTime: 803842723; signature: ""0E\002!\000\200\240K\210\353\255\020\2218\323Y\256T\357>\332\332\331P?\275\210\036\234\214Nt\313\245m\024\333\002 WFy\030\244H\363d.\004`\370\224\310\027\347\236\233\251\373m\303\316\202\014\271\371E\305\234\332\255""; previousledger: ""\375T\356\014\360o'\030\311-\267\031\257!\031T\006><\315XM\334\324\345\034\000\325\367\240\271\013""; "
1750527523554,1750527523554,2455,1,4,1,TMProposeSet,"proposeSeq: 0; currentTxHash: ""\000\000\000\000\000\000\000\000\000\000\000\000\000\000\000\000\000\000\000\000\000\000\000\000\000\000\000\000\000\000\000\000""; nodePubKey: ""\003R7o\362bV\300hf\266\241;}\200^\374\240\203[:\342Q\225\221\027y\372\255\235\216\323~""; closeTime: 803842723; signature: ""0E\002!\000\200\240K\210\353\255\020\2218\323Y\256T\357>\332\332\331P?\275\210\036\234\214Nt\313\245m\024\333\002 WFy\030\244H\363d.\004`\370\224\310\027\347\236\233\251\373m\303\316\202\014\271\371E\305\234\332\255""; previousledger: ""\375T\356\014\360o'\030\311-\267\031\257!\031T\006><\315XM\334\324\345\034\000\325\367\240\271\013""; ","proposeSeq: 0; currentTxHash: ""\000\000\000\000\000\000\000\000\000\000\000\000\000\000\000\000\000\000\000\000\000\000\000\000\000\000\000\000\000\000\000\000""; nodePubKey: ""\003R7o\362bV\300hf\266\241;}\200^\374\240\203[:\342Q\225\221\027y\372\255\235\216\323~""; closeTime: 803842723; signature: ""0E\002!\000\200\240K\210\353\255\020\2218\323Y\256T\357>\332\332\331P?\275\210\036\234\214Nt\313\245m\024\333\002 WFy\030\244H\363d.\004`\370\224\310\027\347\236\233\251\373m\303\316\202\014\271\371E\305\234\332\255""; previousledger: ""\375T\356\014\360o'\030\311-\267\031\257!\031T\006><\315XM\334\324\345\034\000\325\367\240\271\013""; "
1750527523572,1750527523572,3046,1,2,4,TMProposeSet,"proposeSeq: 0; currentTxHash: ""\000\000\000\000\000\000\000\000\000\000\000\000\000\000\000\000\000\000\000\000\000\000\000\000\000\000\000\000\000\000\000\000""; nodePubKey: ""\003\255\225A\213\332\224ehh\024BDq\224\250\335`\355\353{\357\266\335<\021\032\265\177\206\356&\215""; closeTime: 803842723; signature: ""0D\002 ;\342\244\343\034\370\261\367F\005R\222\341@\220C\230=\027_\334FYg\215\372\255'\333+\320W\002  \335S\025\374\267\244\243\346\210\262\225 \354\0306\007\025R\364\320\242\253@' \004~\334\367\350\201""; previousledger: ""\375T\356\014\360o'\030\311-\267\031\257!\031T\006><\315XM\334\324\345\034\000\325\367\240\271\013""; ","proposeSeq: 0; currentTxHash: ""\000\000\000\000\000\000\000\000\000\000\000\000\000\000\000\000\000\000\000\000\000\000\000\000\000\000\000\000\000\000\000\000""; nodePubKey: ""\003\255\225A\213\332\224ehh\024BDq\224\250\335`\355\353{\357\266\335<\021\032\265\177\206\356&\215""; closeTime: 803842723; signature: ""0D\002 ;\342\244\343\034\370\261\367F\005R\222\341@\220C\230=\027_\334FYg\215\372\255'\333+\320W\002  \335S\025\374\267\244\243\346\210\262\225 \354\0306\007\025R\364\320\242\253@' \004~\334\367\350\201""; previousledger: ""\375T\356\014\360o'\030\311-\267\031\257!\031T\006><\315XM\334\324\345\034\000\325\367\240\271\013""; "
1750527523573,1750527523573,2762,1,2,3,TMProposeSet,"proposeSeq: 0; currentTxHash: ""\000\000\000\000\000\000\000\000\000\000\000\000\000\000\000\000\000\000\000\000\000\000\000\000\000\000\000\000\000\000\000\000""; nodePubKey: ""\003\255\225A\213\332\224ehh\024BDq\224\250\335`\355\353{\357\266\335<\021\032\265\177\206\356&\215""; closeTime: 803842723; signature: ""0D\002 ;\342\244\343\034\370\261\367F\005R\222\341@\220C\230=\027_\334FYg\215\372\255'\333+\320W\002  \335S\025\374\267\244\243\346\210\262\225 \354\0306\007\025R\364\320\242\253@' \004~\334\367\350\201""; previousledger: ""\375T\356\014\360o'\030\311-\267\031\257!\031T\006><\315XM\334\324\345\034\000\325\367\240\271\013""; ","proposeSeq: 0; currentTxHash: ""\000\000\000\000\000\000\000\000\000\000\000\000\000\000\000\000\000\000\000\000\000\000\000\000\000\000\000\000\000\000\000\000""; nodePubKey: ""\003\255\225A\213\332\224ehh\024BDq\224\250\335`\355\353{\357\266\335<\021\032\265\177\206\356&\215""; closeTime: 803842723; signature: ""0D\002 ;\342\244\343\034\370\261\367F\005R\222\341@\220C\230=\027_\334FYg\215\372\255'\333+\320W\002  \335S\025\374\267\244\243\346\210\262\225 \354\0306\007\025R\364\320\242\253@' \004~\334\367\350\201""; previousledger: ""\375T\356\014\360o'\030\311-\267\031\257!\031T\006><\315XM\334\324\345\034\000\325\367\240\271\013""; "
1750527523574,1750527523574,2221,1,2,1,TMProposeSet,"proposeSeq: 0; currentTxHash: ""\000\000\000\000\000\000\000\000\000\000\000\000\000\000\000\000\000\000\000\000\000\000\000\000\000\000\000\000\000\000\000\000""; nodePubKey: ""\003\255\225A\213\332\224ehh\024BDq\224\250\335`\355\353{\357\266\335<\021\032\265\177\206\356&\215""; closeTime: 803842723; signature: ""0D\002 ;\342\244\343\034\370\261\367F\005R\222\341@\220C\230=\027_\334FYg\215\372\255'\333+\320W\002  \335S\025\374\267\244\243\346\210\262\225 \354\0306\007\025R\364\320\242\253@' \004~\334\367\350\201""; previousledger: ""\375T\356\014\360o'\030\311-\267\031\257!\031T\006><\315XM\334\324\345\034\000\325\367\240\271\013""; ","proposeSeq: 0; currentTxHash: ""\000\000\000\000\000\000\000\000\000\000\000\000\000\000\000\000\000\000\000\000\000\000\000\000\000\000\000\000\000\000\000\000""; nodePubKey: ""\003\255\225A\213\332\224ehh\024BDq\224\250\335`\355\353{\357\266\335<\021\032\265\177\206\356&\215""; closeTime: 803842723; signature: ""0D\002 ;\342\244\343\034\370\261\367F\005R\222\341@\220C\230=\027_\334FYg\215\372\255'\333+\320W\002  \335S\025\374\267\244\243\346\210\262\225 \354\0306\007\025R\364\320\242\253@' \004~\334\367\350\201""; previousledger: ""\375T\356\014\360o'\030\311-\267\031\257!\031T\006><\315XM\334\324\345\034\000\325\367\240\271\013""; "
1750527523574,1750527523574,1659,1,2,0,TMProposeSet,"proposeSeq: 0; currentTxHash: ""\000\000\000\000\000\000\000\000\000\000\000\000\000\000\000\000\000\000\000\000\000\000\000\000\000\000\000\000\000\000\000\000""; nodePubKey: ""\003\255\225A\213\332\224ehh\024BDq\224\250\335`\355\353{\357\266\335<\021\032\265\177\206\356&\215""; closeTime: 803842723; signature: ""0D\002 ;\342\244\343\034\370\261\367F\005R\222\341@\220C\230=\027_\334FYg\215\372\255'\333+\320W\002  \335S\025\374\267\244\243\346\210\262\225 \354\0306\007\025R\364\320\242\253@' \004~\334\367\350\201""; previousledger: ""\375T\356\014\360o'\030\311-\267\031\257!\031T\006><\315XM\334\324\345\034\000\325\367\240\271\013""; ","proposeSeq: 0; currentTxHash: ""\000\000\000\000\000\000\000\000\000\000\000\000\000\000\000\000\000\000\000\000\000\000\000\000\000\000\000\000\000\000\000\000""; nodePubKey: ""\003\255\225A\213\332\224ehh\024BDq\224\250\335`\355\353{\357\266\335<\021\032\265\177\206\356&\215""; closeTime: 803842723; signature: ""0D\002 ;\342\244\343\034\370\261\367F\005R\222\341@\220C\230=\027_\334FYg\215\372\255'\333+\320W\002  \335S\025\374\267\244\243\346\210\262\225 \354\0306\007\025R\364\320\242\253@' \004~\334\367\350\201""; previousledger: ""\375T\356\014\360o'\030\311-\267\031\257!\031T\006><\315XM\334\324\345\034\000\325\367\240\271\013""; "
1750527523551,1750527523625,3403,1,4,3,TMStatusChange,"newEvent: neCLOSING_LEDGER; ledgerSeq: 3; ledgerHash: ""\375T\356\014\360o'\030\311-\267\031\257!\031T\006><\315XM\334\324\345\034\000\325\367\240\271\013""; ledgerHashPrevious: ""\032Yt\320\244{g\0306\\302\303*\341\215\223\257\364\277o\375\000r\241SOq\221\253\262\005\017""; networkTime: 803842723; firstSeq: 1; lastSeq: 3; ","newEvent: neCLOSING_LEDGER; ledgerSeq: 3; ledgerHash: ""\375T\356\014\360o'\030\311-\267\031\257!\031T\006><\315XM\334\324\345\034\000\325\367\240\271\013""; ledgerHashPrevious: ""\032Yt\320\244{g\0306\\302\303*\341\215\223\257\364\277o\375\000r\241SOq\221\253\262\005\017""; networkTime: 803842723; firstSeq: 1; lastSeq: 3; "
1750527523552,1750527523625,832,1,4,0,TMStatusChange,"newEvent: neCLOSING_LEDGER; ledgerSeq: 3; ledgerHash: ""\375T\356\014\360o'\030\311-\267\031\257!\031T\006><\315XM\334\324\345\034\000\325\367\240\271\013""; ledgerHashPrevious: ""\032Yt\320\244{g\0306\\302\303*\341\215\223\257\364\277o\375\000r\241SOq\221\253\262\005\017""; networkTime: 803842723; firstSeq: 1; lastSeq: 3; ","newEvent: neCLOSING_LEDGER; ledgerSeq: 3; ledgerHash: ""\375T\356\014\360o'\030\311-\267\031\257!\031T\006><\315XM\334\324\345\034\000\325\367\240\271\013""; ledgerHashPrevious: ""\032Yt\320\244{g\0306\\302\303*\341\215\223\257\364\277o\375\000r\241SOq\221\253\262\005\017""; networkTime: 803842723; firstSeq: 1; lastSeq: 3; "
1750527523552,1750527523625,3346,1,4,2,TMStatusChange,"newEvent: neCLOSING_LEDGER; ledgerSeq: 3; ledgerHash: ""\375T\356\014\360o'\030\311-\267\031\257!\031T\006><\315XM\334\324\345\034\000\325\367\240\271\013""; ledgerHashPrevious: ""\032Yt\320\244{g\0306\\302\303*\341\215\223\257\364\277o\375\000r\241SOq\221\253\262\005\017""; networkTime: 803842723; firstSeq: 1; lastSeq: 3; ","newEvent: neCLOSING_LEDGER; ledgerSeq: 3; ledgerHash: ""\375T\356\014\360o'\030\311-\267\031\257!\031T\006><\315XM\334\324\345\034\000\325\367\240\271\013""; ledgerHashPrevious: ""\032Yt\320\244{g\0306\\302\303*\341\215\223\257\364\277o\375\000r\241SOq\221\253\262\005\017""; networkTime: 803842723; firstSeq: 1; lastSeq: 3; "
1750527523554,1750527523626,803,1,4,1,TMStatusChange,"newEvent: neCLOSING_LEDGER; ledgerSeq: 3; ledgerHash: ""\375T\356\014\360o'\030\311-\267\031\257!\031T\006><\315XM\334\324\345\034\000\325\367\240\271\013""; ledgerHashPrevious: ""\032Yt\320\244{g\0306\\302\303*\341\215\223\257\364\277o\375\000r\241SOq\221\253\262\005\017""; networkTime: 803842723; firstSeq: 1; lastSeq: 3; ","newEvent: neCLOSING_LEDGER; ledgerSeq: 3; ledgerHash: ""\375T\356\014\360o'\030\311-\267\031\257!\031T\006><\315XM\334\324\345\034\000\325\367\240\271\013""; ledgerHashPrevious: ""\032Yt\320\244{g\0306\\302\303*\341\215\223\257\364\277o\375\000r\241SOq\221\253\262\005\017""; networkTime: 803842723; firstSeq: 1; lastSeq: 3; "
1750527523632,1750527523632,1272,1,3,4,TMProposeSet,"proposeSeq: 0; currentTxHash: ""\000\000\000\000\000\000\000\000\000\000\000\000\000\000\000\000\000\000\000\000\000\000\000\000\000\000\000\000\000\000\000\000""; nodePubKey: ""\002\225aM\037\203M\271C\224]$\245\215\334\264;{{\365%Z\2443U\201\242\320iUc\207\367""; closeTime: 803842723; signature: ""0D\002 d\026$\303\342\323\305:\221\222\013|x\013\r\021\262\273\262\031\350\260gFKX\034\325d}\371\301\002 ]\031\364+Zdu\361\256\006X\316\021*\370\262\323\317\312\335\363\030\376P\330P#\353/\033\316r""; previousledger: ""\375T\356\014\360o'\030\311-\267\031\257!\031T\006><\315XM\334\324\345\034\000\325\367\240\271\013""; ","proposeSeq: 0; currentTxHash: ""\000\000\000\000\000\000\000\000\000\000\000\000\000\000\000\000\000\000\000\000\000\000\000\000\000\000\000\000\000\000\000\000""; nodePubKey: ""\002\225aM\037\203M\271C\224]$\245\215\334\264;{{\365%Z\2443U\201\242\320iUc\207\367""; closeTime: 803842723; signature: ""0D\002 d\026$\303\342\323\305:\221\222\013|x\013\r\021\262\273\262\031\350\260gFKX\034\325d}\371\301\002 ]\031\364+Zdu\361\256\006X\316\021*\370\262\323\317\312\335\363\030\376P\330P#\353/\033\316r""; previousledger: ""\375T\356\014\360o'\030\311-\267\031\257!\031T\006><\315XM\334\324\345\034\000\325\367\240\271\013""; "
1750527523634,1750527523634,3787,1,3,2,TMProposeSet,"proposeSeq: 0; currentTxHash: ""\000\000\000\000\000\000\000\000\000\000\000\000\000\000\000\000\000\000\000\000\000\000\000\000\000\000\000\000\000\000\000\000""; nodePubKey: ""\002\225aM\037\203M\271C\224]$\245\215\334\264;{{\365%Z\2443U\201\242\320iUc\207\367""; closeTime: 803842723; signature: ""0D\002 d\026$\303\342\323\305:\221\222\013|x\013\r\021\262\273\262\031\350\260gFKX\034\325d}\371\301\002 ]\031\364+Zdu\361\256\006X\316\021*\370\262\323\317\312\335\363\030\376P\330P#\353/\033\316r""; previousledger: ""\375T\356\014\360o'\030\311-\267\031\257!\031T\006><\315XM\334\324\345\034\000\325\367\240\271\013""; ","proposeSeq: 0; currentTxHash: ""\000\000\000\000\000\000\000\000\000\000\000\000\000\000\000\000\000\000\000\000\000\000\000\000\000\000\000\000\000\000\000\000""; nodePubKey: ""\002\225aM\037\203M\271C\224]$\245\215\334\264;{{\365%Z\2443U\201\242\320iUc\207\367""; closeTime: 803842723; signature: ""0D\002 d\026$\303\342\323\305:\221\222\013|x\013\r\021\262\273\262\031\350\260gFKX\034\325d}\371\301\002 ]\031\364+Zdu\361\256\006X\316\021*\370\262\323\317\312\335\363\030\376P\330P#\353/\033\316r""; previousledger: ""\375T\356\014\360o'\030\311-\267\031\257!\031T\006><\315XM\334\324\345\034\000\325\367\240\271\013""; "
1750527523634,1750527523634,3830,1,3,1,TMProposeSet,"proposeSeq: 0; currentTxHash: ""\000\000\000\000\000\000\000\000\000\000\000\000\000\000\000\000\000\000\000\000\000\000\000\000\000\000\000\000\000\000\000\000""; nodePubKey: ""\002\225aM\037\203M\271C\224]$\245\215\334\264;{{\365%Z\2443U\201\242\320iUc\207\367""; closeTime: 803842723; signature: ""0D\002 d\026$\303\342\323\305:\221\222\013|x\013\r\021\262\273\262\031\350\260gFKX\034\325d}\371\301\002 ]\031\364+Zdu\361\256\006X\316\021*\370\262\323\317\312\335\363\030\376P\330P#\353/\033\316r""; previousledger: ""\375T\356\014\360o'\030\311-\267\031\257!\031T\006><\315XM\334\324\345\034\000\325\367\240\271\013""; ","proposeSeq: 0; currentTxHash: ""\000\000\000\000\000\000\000\000\000\000\000\000\000\000\000\000\000\000\000\000\000\000\000\000\000\000\000\000\000\000\000\000""; nodePubKey: ""\002\225aM\037\203M\271C\224]$\245\215\334\264;{{\365%Z\2443U\201\242\320iUc\207\367""; closeTime: 803842723; signature: ""0D\002 d\026$\303\342\323\305:\221\222\013|x\013\r\021\262\273\262\031\350\260gFKX\034\325d}\371\301\002 ]\031\364+Zdu\361\256\006X\316\021*\370\262\323\317\312\335\363\030\376P\330P#\353/\033\316r""; previousledger: ""\375T\356\014\360o'\030\311-\267\031\257!\031T\006><\315XM\334\324\345\034\000\325\367\240\271\013""; "
1750527523638,1750527523638,3746,1,1,4,TMValidation,"validation: """"\200\000\000\001&\000\000\000\003)/\351\252\243:\303`\246;Q\203[_Q\375T\356\014\360o'\030\311-\267\031\257!\031T\006><\315XM\334\324\345\034\000\325\367\240\271\013P\027\000\000\000\000\000\000\000\000\000\000\000\000\000\000\000\000\000\000\000\000\000\000\000\000\000\000\000\000\000\000\000\000P\031-}\351f\032\255\274\334m\326c\017\014ao[\342\230\003\245\245\3341Hm\326^\017jy\335\261s!\002\266\377\271\344:\030\221i\267\257\215\237M\014\3345f\014\273|\207\367\334\337F\325\004cxB\211LvF0D\002 j\314\277\0134\200C\377\313\2410\241i\010}\247\000\236#et\320uS\241E(\330\304'\221\226\002 \002,\013\317X\310\235?\t;\302Mu\311\216\333\323Ux\010\027T\375\361\013S\221\322\3019\363V""; ","validation: """"\200\000\000\001&\000\000\000\003)/\351\252\243:\303`\246;Q\203[_Q\375T\356\014\360o'\030\311-\267\031\257!\031T\006><\315XM\334\324\345\034\000\325\367\240\271\013P\027\000\000\000\000\000\000\000\000\000\000\000\000\000\000\000\000\000\000\000\000\000\000\000\000\000\000\000\000\000\000\000\000P\031-}\351f\032\255\274\334m\326c\017\014ao[\342\230\003\245\245\3341Hm\326^\017jy\335\261s!\002\266\377\271\344:\030\221i\267\257\215\237M\014\3345f\014\273|\207\367\334\337F\325\004cxB\211LvF0D\002 j\314\277\0134\200C\377\313\2410\241i\010}\247\000\236#et\320uS\241E(\330\304'\221\226\002 \002,\013\317X\310\235?\t;\302Mu\311\216\333\323Ux\010\027T\375\361\013S\221\322\3019\363V""; "
1750527523639,1750527523639,949,1,1,2,TMValidation,"validation: """"\200\000\000\001&\000\000\000\003)/\351\252\243:\303`\246;Q\203[_Q\375T\356\014\360o'\030\311-\267\031\257!\031T\006><\315XM\334\324\345\034\000\325\367\240\271\013P\027\000\000\000\000\000\000\000\000\000\000\000\000\000\000\000\000\000\000\000\000\000\000\000\000\000\000\000\000\000\000\000\000P\031-}\351f\032\255\274\334m\326c\017\014ao[\342\230\003\245\245\3341Hm\326^\017jy\335\261s!\002\266\377\271\344:\030\221i\267\257\215\237M\014\3345f\014\273|\207\367\334\337F\325\004cxB\211LvF0D\002 j\314\277\0134\200C\377\313\2410\241i\010}\247\000\236#et\320uS\241E(\330\304'\221\226\002 \002,\013\317X\310\235?\t;\302Mu\311\216\333\323Ux\010\027T\375\361\013S\221\322\3019\363V""; ","validation: """"\200\000\000\001&\000\000\000\003)/\351\252\243:\303`\246;Q\203[_Q\375T\356\014\360o'\030\311-\267\031\257!\031T\006><\315XM\334\324\345\034\000\325\367\240\271\013P\027\000\000\000\000\000\000\000\000\000\000\000\000\000\000\000\000\000\000\000\000\000\000\000\000\000\000\000\000\000\000\000\000P\031-}\351f\032\255\274\334m\326c\017\014ao[\342\230\003\245\245\3341Hm\326^\017jy\335\261s!\002\266\377\271\344:\030\221i\267\257\215\237M\014\3345f\014\273|\207\367\334\337F\325\004cxB\211LvF0D\002 j\314\277\0134\200C\377\313\2410\241i\010}\247\000\236#et\320uS\241E(\330\304'\221\226\002 \002,\013\317X\310\235?\t;\302Mu\311\216\333\323Ux\010\027T\375\361\013S\221\322\3019\363V""; "
1750527523639,1750527523639,1311,1,1,3,TMValidation,"validation: """"\200\000\000\001&\000\000\000\003)/\351\252\243:\303`\246;Q\203[_Q\375T\356\014\360o'\030\311-\267\031\257!\031T\006><\315XM\334\324\345\034\000\325\367\240\271\013P\027\000\000\000\000\000\000\000\000\000\000\000\000\000\000\000\000\000\000\000\000\000\000\000\000\000\000\000\000\000\000\000\000P\031-}\351f\032\255\274\334m\326c\017\014ao[\342\230\003\245\245\3341Hm\326^\017jy\335\261s!\002\266\377\271\344:\030\221i\267\257\215\237M\014\3345f\014\273|\207\367\334\337F\325\004cxB\211LvF0D\002 j\314\277\0134\200C\377\313\2410\241i\010}\247\000\236#et\320uS\241E(\330\304'\221\226\002 \002,\013\317X\310\235?\t;\302Mu\311\216\333\323Ux\010\027T\375\361\013S\221\322\3019\363V""; ","validation: """"\200\000\000\001&\000\000\000\003)/\351\252\243:\303`\246;Q\203[_Q\375T\356\014\360o'\030\311-\267\031\257!\031T\006><\315XM\334\324\345\034\000\325\367\240\271\013P\027\000\000\000\000\000\000\000\000\000\000\000\000\000\000\000\000\000\000\000\000\000\000\000\000\000\000\000\000\000\000\000\000P\031-}\351f\032\255\274\334m\326c\017\014ao[\342\230\003\245\245\3341Hm\326^\017jy\335\261s!\002\266\377\271\344:\030\221i\267\257\215\237M\014\3345f\014\273|\207\367\334\337F\325\004cxB\211LvF0D\002 j\314\277\0134\200C\377\313\2410\241i\010}\247\000\236#et\320uS\241E(\330\304'\221\226\002 \002,\013\317X\310\235?\t;\302Mu\311\216\333\323Ux\010\027T\375\361\013S\221\322\3019\363V""; "
1750527523640,1750527523640,2229,1,1,0,TMValidation,"validation: """"\200\000\000\001&\000\000\000\003)/\351\252\243:\303`\246;Q\203[_Q\375T\356\014\360o'\030\311-\267\031\257!\031T\006><\315XM\334\324\345\034\000\325\367\240\271\013P\027\000\000\000\000\000\000\000\000\000\000\000\000\000\000\000\000\000\000\000\000\000\000\000\000\000\000\000\000\000\000\000\000P\031-}\351f\032\255\274\334m\326c\017\014ao[\342\230\003\245\245\3341Hm\326^\017jy\335\261s!\002\266\377\271\344:\030\221i\267\257\215\237M\014\3345f\014\273|\207\367\334\337F\325\004cxB\211LvF0D\002 j\314\277\0134\200C\377\313\2410\241i\010}\247\000\236#et\320uS\241E(\330\304'\221\226\002 \002,\013\317X\310\235?\t;\302Mu\311\216\333\323Ux\010\027T\375\361\013S\221\322\3019\363V""; ","validation: """"\200\000\000\001&\000\000\000\003)/\351\252\243:\303`\246;Q\203[_Q\375T\356\014\360o'\030\311-\267\031\257!\031T\006><\315XM\334\324\345\034\000\325\367\240\271\013P\027\000\000\000\000\000\000\000\000\000\000\000\000\000\000\000\000\000\000\000\000\000\000\000\000\000\000\000\000\000\000\000\000P\031-}\351f\032\255\274\334m\326c\017\014ao[\342\230\003\245\245\3341Hm\326^\017jy\335\261s!\002\266\377\271\344:\030\221i\267\257\215\237M\014\3345f\014\273|\207\367\334\337F\325\004cxB\211LvF0D\002 j\314\277\0134\200C\377\313\2410\241i\010}\247\000\236#et\320uS\241E(\330\304'\221\226\002 \002,\013\317X\310\235?\t;\302Mu\311\216\333\323Ux\010\027T\375\361\013S\221\322\3019\363V""; "
1750527523572,1750527523664,3446,1,2,4,TMStatusChange,"newEvent: neCLOSING_LEDGER; ledgerSeq: 3; ledgerHash: ""\375T\356\014\360o'\030\311-\267\031\257!\031T\006><\315XM\334\324\345\034\000\325\367\240\271\013""; ledgerHashPrevious: ""\032Yt\320\244{g\0306\\302\303*\341\215\223\257\364\277o\375\000r\241SOq\221\253\262\005\017""; networkTime: 803842723; firstSeq: 1; lastSeq: 3; ","newEvent: neCLOSING_LEDGER; ledgerSeq: 3; ledgerHash: ""\375T\356\014\360o'\030\311-\267\031\257!\031T\006><\315XM\334\324\345\034\000\325\367\240\271\013""; ledgerHashPrevious: ""\032Yt\320\244{g\0306\\302\303*\341\215\223\257\364\277o\375\000r\241SOq\221\253\262\005\017""; networkTime: 803842723; firstSeq: 1; lastSeq: 3; "
1750527523639,1750527523666,3322,1,1,3,TMStatusChange,"newEvent: neACCEPTED_LEDGER; ledgerSeq: 3; ledgerHash: ""\375T\356\014\360o'\030\311-\267\031\257!\031T\006><\315XM\334\324\345\034\000\325\367\240\271\013""; ledgerHashPrevious: ""\032Yt\320\244{g\0306\\302\303*\341\215\223\257\364\277o\375\000r\241SOq\221\253\262\005\017""; networkTime: 803842723; firstSeq: 1; lastSeq: 1; ","newEvent: neACCEPTED_LEDGER; ledgerSeq: 3; ledgerHash: ""\375T\356\014\360o'\030\311-\267\031\257!\031T\006><\315XM\334\324\345\034\000\325\367\240\271\013""; ledgerHashPrevious: ""\032Yt\320\244{g\0306\\302\303*\341\215\223\257\364\277o\375\000r\241SOq\221\253\262\005\017""; networkTime: 803842723; firstSeq: 1; lastSeq: 1; "
1750527523574,1750527523665,1536,1,2,1,TMStatusChange,"newEvent: neCLOSING_LEDGER; ledgerSeq: 3; ledgerHash: ""\375T\356\014\360o'\030\311-\267\031\257!\031T\006><\315XM\334\324\345\034\000\325\367\240\271\013""; ledgerHashPrevious: ""\032Yt\320\244{g\0306\\302\303*\341\215\223\257\364\277o\375\000r\241SOq\221\253\262\005\017""; networkTime: 803842723; firstSeq: 1; lastSeq: 3; ","newEvent: neCLOSING_LEDGER; ledgerSeq: 3; ledgerHash: ""\375T\356\014\360o'\030\311-\267\031\257!\031T\006><\315XM\334\324\345\034\000\325\367\240\271\013""; ledgerHashPrevious: ""\032Yt\320\244{g\0306\\302\303*\341\215\223\257\364\277o\375\000r\241SOq\221\253\262\005\017""; networkTime: 803842723; firstSeq: 1; lastSeq: 3; "
1750527523574,1750527523665,679,1,2,0,TMStatusChange,"newEvent: neCLOSING_LEDGER; ledgerSeq: 3; ledgerHash: ""\375T\356\014\360o'\030\311-\267\031\257!\031T\006><\315XM\334\324\345\034\000\325\367\240\271\013""; ledgerHashPrevious: ""\032Yt\320\244{g\0306\\302\303*\341\215\223\257\364\277o\375\000r\241SOq\221\253\262\005\017""; networkTime: 803842723; firstSeq: 1; lastSeq: 3; ","newEvent: neCLOSING_LEDGER; ledgerSeq: 3; ledgerHash: ""\375T\356\014\360o'\030\311-\267\031\257!\031T\006><\315XM\334\324\345\034\000\325\367\240\271\013""; ledgerHashPrevious: ""\032Yt\320\244{g\0306\\302\303*\341\215\223\257\364\277o\375\000r\241SOq\221\253\262\005\017""; networkTime: 803842723; firstSeq: 1; lastSeq: 3; "
1750527523638,1750527523665,1961,1,1,4,TMStatusChange,"newEvent: neACCEPTED_LEDGER; ledgerSeq: 3; ledgerHash: ""\375T\356\014\360o'\030\311-\267\031\257!\031T\006><\315XM\334\324\345\034\000\325\367\240\271\013""; ledgerHashPrevious: ""\032Yt\320\244{g\0306\\302\303*\341\215\223\257\364\277o\375\000r\241SOq\221\253\262\005\017""; networkTime: 803842723; firstSeq: 1; lastSeq: 1; ","newEvent: neACCEPTED_LEDGER; ledgerSeq: 3; ledgerHash: ""\375T\356\014\360o'\030\311-\267\031\257!\031T\006><\315XM\334\324\345\034\000\325\367\240\271\013""; ledgerHashPrevious: ""\032Yt\320\244{g\0306\\302\303*\341\215\223\257\364\277o\375\000r\241SOq\221\253\262\005\017""; networkTime: 803842723; firstSeq: 1; lastSeq: 1; "
1750527523572,1750527523664,593,1,2,3,TMStatusChange,"newEvent: neCLOSING_LEDGER; ledgerSeq: 3; ledgerHash: ""\375T\356\014\360o'\030\311-\267\031\257!\031T\006><\315XM\334\324\345\034\000\325\367\240\271\013""; ledgerHashPrevious: ""\032Yt\320\244{g\0306\\302\303*\341\215\223\257\364\277o\375\000r\241SOq\221\253\262\005\017""; networkTime: 803842723; firstSeq: 1; lastSeq: 3; ","newEvent: neCLOSING_LEDGER; ledgerSeq: 3; ledgerHash: ""\375T\356\014\360o'\030\311-\267\031\257!\031T\006><\315XM\334\324\345\034\000\325\367\240\271\013""; ledgerHashPrevious: ""\032Yt\320\244{g\0306\\302\303*\341\215\223\257\364\277o\375\000r\241SOq\221\253\262\005\017""; networkTime: 803842723; firstSeq: 1; lastSeq: 3; "
1750527523639,1750527523666,798,1,1,2,TMStatusChange,"newEvent: neACCEPTED_LEDGER; ledgerSeq: 3; ledgerHash: ""\375T\356\014\360o'\030\311-\267\031\257!\031T\006><\315XM\334\324\345\034\000\325\367\240\271\013""; ledgerHashPrevious: ""\032Yt\320\244{g\0306\\302\303*\341\215\223\257\364\277o\375\000r\241SOq\221\253\262\005\017""; networkTime: 803842723; firstSeq: 1; lastSeq: 1; ","newEvent: neACCEPTED_LEDGER; ledgerSeq: 3; ledgerHash: ""\375T\356\014\360o'\030\311-\267\031\257!\031T\006><\315XM\334\324\345\034\000\325\367\240\271\013""; ledgerHashPrevious: ""\032Yt\320\244{g\0306\\302\303*\341\215\223\257\364\277o\375\000r\241SOq\221\253\262\005\017""; networkTime: 803842723; firstSeq: 1; lastSeq: 1; "
1750527523640,1750527523667,3625,1,1,0,TMStatusChange,"newEvent: neACCEPTED_LEDGER; ledgerSeq: 3; ledgerHash: ""\375T\356\014\360o'\030\311-\267\031\257!\031T\006><\315XM\334\324\345\034\000\325\367\240\271\013""; ledgerHashPrevious: ""\032Yt\320\244{g\0306\\302\303*\341\215\223\257\364\277o\375\000r\241SOq\221\253\262\005\017""; networkTime: 803842723; firstSeq: 1; lastSeq: 1; ","newEvent: neACCEPTED_LEDGER; ledgerSeq: 3; ledgerHash: ""\375T\356\014\360o'\030\311-\267\031\257!\031T\006><\315XM\334\324\345\034\000\325\367\240\271\013""; ledgerHashPrevious: ""\032Yt\320\244{g\0306\\302\303*\341\215\223\257\364\277o\375\000r\241SOq\221\253\262\005\017""; networkTime: 803842723; firstSeq: 1; lastSeq: 1; "
1750527523678,1750527523678,3746,1,1,4,TMValidation,"validation: """"\200\000\000\001&\000\000\000\003)/\351\252\242:\r\302\353\023?\373\240rQ\375T\356\014\360o'\030\311-\267\031\257!\031T\006><\315XM\334\324\345\034\000\325\367\240\271\013P\027\000\000\000\000\000\000\000\000\000\000\000\000\000\000\000\000\000\000\000\000\000\000\000\000\000\000\000\000\000\000\000\000P\031-}\351f\032\255\274\334m\326c\017\014ao[\342\230\003\245\245\3341Hm\326^\017jy\335\261s!\003R7o\362bV\300hf\266\241;}\200^\374\240\203[:\342Q\225\221\027y\372\255\235\216\323~vG0E\002!\000\236\307\234\031\t\305lbrIB\306i\365\207\356@LF\256\232\230\332X\340u\034\351w\255\263\307\002 \027F\372$T\270\206\361\261O\354\037\313\200\273h\241h\3745*r\2520*\024\314\222;\357L\033""; ","validation: """"\200\000\000\001&\000\000\000\003)/\351\252\242:\r\302\353\023?\373\240rQ\375T\356\014\360o'\030\311-\267\031\257!\031T\006><\315XM\334\324\345\034\000\325\367\240\271\013P\027\000\000\000\000\000\000\000\000\000\000\000\000\000\000\000\000\000\000\000\000\000\000\000\000\000\000\000\000\000\000\000\000P\031-}\351f\032\255\274\334m\326c\017\014ao[\342\230\003\245\245\3341Hm\326^\017jy\335\261s!\003R7o\362bV\300hf\266\241;}\200^\374\240\203[:\342Q\225\221\027y\372\255\235\216\323~vG0E\002!\000\236\307\234\031\t\305lbrIB\306i\365\207\356@LF\256\232\230\332X\340u\034\351w\255\263\307\002 \027F\372$T\270\206\361\261O\354\037\313\200\273h\241h\3745*r\2520*\024\314\222;\357L\033""; "
1750527523679,1750527523679,1311,1,1,3,TMValidation,"validation: """"\200\000\000\001&\000\000\000\003)/\351\252\242:\r\302\353\023?\373\240rQ\375T\356\014\360o'\030\311-\267\031\257!\031T\006><\315XM\334\324\345\034\000\325\367\240\271\013P\027\000\000\000\000\000\000\000\000\000\000\000\000\000\000\000\000\000\000\000\000\000\000\000\000\000\000\000\000\000\000\000\000P\031-}\351f\032\255\274\334m\326c\017\014ao[\342\230\003\245\245\3341Hm\326^\017jy\335\261s!\003R7o\362bV\300hf\266\241;}\200^\374\240\203[:\342Q\225\221\027y\372\255\235\216\323~vG0E\002!\000\236\307\234\031\t\305lbrIB\306i\365\207\356@LF\256\232\230\332X\340u\034\351w\255\263\307\002 \027F\372$T\270\206\361\261O\354\037\313\200\273h\241h\3745*r\2520*\024\314\222;\357L\033""; ","validation: """"\200\000\000\001&\000\000\000\003)/\351\252\242:\r\302\353\023?\373\240rQ\375T\356\014\360o'\030\311-\267\031\257!\031T\006><\315XM\334\324\345\034\000\325\367\240\271\013P\027\000\000\000\000\000\000\000\000\000\000\000\000\000\000\000\000\000\000\000\000\000\000\000\000\000\000\000\000\000\000\000\000P\031-}\351f\032\255\274\334m\326c\017\014ao[\342\230\003\245\245\3341Hm\326^\017jy\335\261s!\003R7o\362bV\300hf\266\241;}\200^\374\240\203[:\342Q\225\221\027y\372\255\235\216\323~vG0E\002!\000\236\307\234\031\t\305lbrIB\306i\365\207\356@LF\256\232\230\332X\340u\034\351w\255\263\307\002 \027F\372$T\270\206\361\261O\354\037\313\200\273h\241h\3745*r\2520*\024\314\222;\357L\033""; "
1750527523679,1750527523679,2229,1,1,0,TMValidation,"validation: """"\200\000\000\001&\000\000\000\003)/\351\252\242:\r\302\353\023?\373\240rQ\375T\356\014\360o'\030\311-\267\031\257!\031T\006><\315XM\334\324\345\034\000\325\367\240\271\013P\027\000\000\000\000\000\000\000\000\000\000\000\000\000\000\000\000\000\000\000\000\000\000\000\000\000\000\000\000\000\000\000\000P\031-}\351f\032\255\274\334m\326c\017\014ao[\342\230\003\245\245\3341Hm\326^\017jy\335\261s!\003R7o\362bV\300hf\266\241;}\200^\374\240\203[:\342Q\225\221\027y\372\255\235\216\323~vG0E\002!\000\236\307\234\031\t\305lbrIB\306i\365\207\356@LF\256\232\230\332X\340u\034\351w\255\263\307\002 \027F\372$T\270\206\361\261O\354\037\313\200\273h\241h\3745*r\2520*\024\314\222;\357L\033""; ","validation: """"\200\000\000\001&\000\000\000\003)/\351\252\242:\r\302\353\023?\373\240rQ\375T\356\014\360o'\030\311-\267\031\257!\031T\006><\315XM\334\324\345\034\000\325\367\240\271\013P\027\000\000\000\000\000\000\000\000\000\000\000\000\000\000\000\000\000\000\000\000\000\000\000\000\000\000\000\000\000\000\000\000P\031-}\351f\032\255\274\334m\326c\017\014ao[\342\230\003\245\245\3341Hm\326^\017jy\335\261s!\003R7o\362bV\300hf\266\241;}\200^\374\240\203[:\342Q\225\221\027y\372\255\235\216\323~vG0E\002!\000\236\307\234\031\t\305lbrIB\306i\365\207\356@LF\256\232\230\332X\340u\034\351w\255\263\307\002 \027F\372$T\270\206\361\261O\354\037\313\200\273h\241h\3745*r\2520*\024\314\222;\357L\033""; "
1750527523785,1750527523785,782,1,0,4,TMValidation,"validation: """"\200\000\000\001&\000\000\000\003)/\351\252\242:\r\302\353\023?\373\240rQ\375T\356\014\360o'\030\311-\267\031\257!\031T\006><\315XM\334\324\345\034\000\325\367\240\271\013P\027\000\000\000\000\000\000\000\000\000\000\000\000\000\000\000\000\000\000\000\000\000\000\000\000\000\000\000\000\000\000\000\000P\031-}\351f\032\255\274\334m\326c\017\014ao[\342\230\003\245\245\3341Hm\326^\017jy\335\261s!\003R7o\362bV\300hf\266\241;}\200^\374\240\203[:\342Q\225\221\027y\372\255\235\216\323~vG0E\002!\000\236\307\234\031\t\305lbrIB\306i\365\207\356@LF\256\232\230\332X\340u\034\351w\255\263\307\002 \027F\372$T\270\206\361\261O\354\037\313\200\273h\241h\3745*r\2520*\024\314\222;\357L\033""; ","validation: """"\200\000\000\001&\000\000\000\003)/\351\252\242:\r\302\353\023?\373\240rQ\375T\356\014\360o'\030\311-\267\031\257!\031T\006><\315XM\334\324\345\034\000\325\367\240\271\013P\027\000\000\000\000\000\000\000\000\000\000\000\000\000\000\000\000\000\000\000\000\000\000\000\000\000\000\000\000\000\000\000\000P\031-}\351f\032\255\274\334m\326c\017\014ao[\342\230\003\245\245\3341Hm\326^\017jy\335\261s!\003R7o\362bV\300hf\266\241;}\200^\374\240\203[:\342Q\225\221\027y\372\255\235\216\323~vG0E\002!\000\236\307\234\031\t\305lbrIB\306i\365\207\356@LF\256\232\230\332X\340u\034\351w\255\263\307\002 \027F\372$T\270\206\361\261O\354\037\313\200\273h\241h\3745*r\2520*\024\314\222;\357L\033""; "
1750527523786,1750527523786,2261,1,0,1,TMValidation,"validation: """"\200\000\000\001&\000\000\000\003)/\351\252\242:\r\302\353\023?\373\240rQ\375T\356\014\360o'\030\311-\267\031\257!\031T\006><\315XM\334\324\345\034\000\325\367\240\271\013P\027\000\000\000\000\000\000\000\000\000\000\000\000\000\000\000\000\000\000\000\000\000\000\000\000\000\000\000\000\000\000\000\000P\031-}\351f\032\255\274\334m\326c\017\014ao[\342\230\003\245\245\3341Hm\326^\017jy\335\261s!\003R7o\362bV\300hf\266\241;}\200^\374\240\203[:\342Q\225\221\027y\372\255\235\216\323~vG0E\002!\000\236\307\234\031\t\305lbrIB\306i\365\207\356@LF\256\232\230\332X\340u\034\351w\255\263\307\002 \027F\372$T\270\206\361\261O\354\037\313\200\273h\241h\3745*r\2520*\024\314\222;\357L\033""; ","validation: """"\200\000\000\001&\000\000\000\003)/\351\252\242:\r\302\353\023?\373\240rQ\375T\356\014\360o'\030\311-\267\031\257!\031T\006><\315XM\334\324\345\034\000\325\367\240\271\013P\027\000\000\000\000\000\000\000\000\000\000\000\000\000\000\000\000\000\000\000\000\000\000\000\000\000\000\000\000\000\000\000\000P\031-}\351f\032\255\274\334m\326c\017\014ao[\342\230\003\245\245\3341Hm\326^\017jy\335\261s!\003R7o\362bV\300hf\266\241;}\200^\374\240\203[:\342Q\225\221\027y\372\255\235\216\323~vG0E\002!\000\236\307\234\031\t\305lbrIB\306i\365\207\356@LF\256\232\230\332X\340u\034\351w\255\263\307\002 \027F\372$T\270\206\361\261O\354\037\313\200\273h\241h\3745*r\2520*\024\314\222;\357L\033""; "
1750527523786,1750527523786,3422,1,0,3,TMValidation,"validation: """"\200\000\000\001&\000\000\000\003)/\351\252\242:\r\302\353\023?\373\240rQ\375T\356\014\360o'\030\311-\267\031\257!\031T\006><\315XM\334\324\345\034\000\325\367\240\271\013P\027\000\000\000\000\000\000\000\000\000\000\000\000\000\000\000\000\000\000\000\000\000\000\000\000\000\000\000\000\000\000\000\000P\031-}\351f\032\255\274\334m\326c\017\014ao[\342\230\003\245\245\3341Hm\326^\017jy\335\261s!\003R7o\362bV\300hf\266\241;}\200^\374\240\203[:\342Q\225\221\027y\372\255\235\216\323~vG0E\002!\000\236\307\234\031\t\305lbrIB\306i\365\207\356@LF\256\232\230\332X\340u\034\351w\255\263\307\002 \027F\372$T\270\206\361\261O\354\037\313\200\273h\241h\3745*r\2520*\024\314\222;\357L\033""; ","validation: """"\200\000\000\001&\000\000\000\003)/\351\252\242:\r\302\353\023?\373\240rQ\375T\356\014\360o'\030\311-\267\031\257!\031T\006><\315XM\334\324\345\034\000\325\367\240\271\013P\027\000\000\000\000\000\000\000\000\000\000\000\000\000\000\000\000\000\000\000\000\000\000\000\000\000\000\000\000\000\000\000\000P\031-}\351f\032\255\274\334m\326c\017\014ao[\342\230\003\245\245\3341Hm\326^\017jy\335\261s!\003R7o\362bV\300hf\266\241;}\200^\374\240\203[:\342Q\225\221\027y\372\255\235\216\323~vG0E\002!\000\236\307\234\031\t\305lbrIB\306i\365\207\356@LF\256\232\230\332X\340u\034\351w\255\263\307\002 \027F\372$T\270\206\361\261O\354\037\313\200\273h\241h\3745*r\2520*\024\314\222;\357L\033""; "
1750527523806,1750527523806,3620,1,4,3,TMValidation,"validation: """"\200\000\000\001&\000\000\000\003)/\351\252\242:g\237X\336\3531\020\010Q\375T\356\014\360o'\030\311-\267\031\257!\031T\006><\315XM\334\324\345\034\000\325\367\240\271\013P\027\000\000\000\000\000\000\000\000\000\000\000\000\000\000\000\000\000\000\000\000\000\000\000\000\000\000\000\000\000\000\000\000P\031-}\351f\032\255\274\334m\326c\017\014ao[\342\230\003\245\245\3341Hm\326^\017jy\335\261s!\003\255\225A\213\332\224ehh\024BDq\224\250\335`\355\353{\357\266\335<\021\032\265\177\206\356&\215vG0E\002!\000\352\353\225\022+\360\327\323v\240\321i/N\2752\017\022\225\030\354\2047!\177\354U\301\023\307\361\374\002 Ph*Y\355+\030J\211\324\321W \242\266\251je\031\271\221\336y\347m\202\236S/\245\024\034""; ","validation: """"\200\000\000\001&\000\000\000\003)/\351\252\242:g\237X\336\3531\020\010Q\375T\356\014\360o'\030\311-\267\031\257!\031T\006><\315XM\334\324\345\034\000\325\367\240\271\013P\027\000\000\000\000\000\000\000\000\000\000\000\000\000\000\000\000\000\000\000\000\000\000\000\000\000\000\000\000\000\000\000\000P\031-}\351f\032\255\274\334m\326c\017\014ao[\342\230\003\245\245\3341Hm\326^\017jy\335\261s!\003\255\225A\213\332\224ehh\024BDq\224\250\335`\355\353{\357\266\335<\021\032\265\177\206\356&\215vG0E\002!\000\352\353\225\022+\360\327\323v\240\321i/N\2752\017\022\225\030\354\2047!\177\354U\301\023\307\361\374\002 Ph*Y\355+\030J\211\324\321W \242\266\251je\031\271\221\336y\347m\202\236S/\245\024\034""; "
1750527523807,1750527523807,3803,1,4,1,TMValidation,"validation: """"\200\000\000\001&\000\000\000\003)/\351\252\242:g\237X\336\3531\020\010Q\375T\356\014\360o'\030\311-\267\031\257!\031T\006><\315XM\334\324\345\034\000\325\367\240\271\013P\027\000\000\000\000\000\000\000\000\000\000\000\000\000\000\000\000\000\000\000\000\000\000\000\000\000\000\000\000\000\000\000\000P\031-}\351f\032\255\274\334m\326c\017\014ao[\342\230\003\245\245\3341Hm\326^\017jy\335\261s!\003\255\225A\213\332\224ehh\024BDq\224\250\335`\355\353{\357\266\335<\021\032\265\177\206\356&\215vG0E\002!\000\352\353\225\022+\360\327\323v\240\321i/N\2752\017\022\225\030\354\2047!\177\354U\301\023\307\361\374\002 Ph*Y\355+\030J\211\324\321W \242\266\251je\031\271\221\336y\347m\202\236S/\245\024\034""; ","validation: """"\200\000\000\001&\000\000\000\003)/\351\252\242:g\237X\336\3531\020\010Q\375T\356\014\360o'\030\311-\267\031\257!\031T\006><\315XM\334\324\345\034\000\325\367\240\271\013P\027\000\000\000\000\000\000\000\000\000\000\000\000\000\000\000\000\000\000\000\000\000\000\000\000\000\000\000\000\000\000\000\000P\031-}\351f\032\255\274\334m\326c\017\014ao[\342\230\003\245\245\3341Hm\326^\017jy\335\261s!\003\255\225A\213\332\224ehh\024BDq\224\250\335`\355\353{\357\266\335<\021\032\265\177\206\356&\215vG0E\002!\000\352\353\225\022+\360\327\323v\240\321i/N\2752\017\022\225\030\354\2047!\177\354U\301\023\307\361\374\002 Ph*Y\355+\030J\211\324\321W \242\266\251je\031\271\221\336y\347m\202\236S/\245\024\034""; "
1750527523807,1750527523807,783,1,4,2,TMValidation,"validation: """"\200\000\000\001&\000\000\000\003)/\351\252\242:g\237X\336\3531\020\010Q\375T\356\014\360o'\030\311-\267\031\257!\031T\006><\315XM\334\324\345\034\000\325\367\240\271\013P\027\000\000\000\000\000\000\000\000\000\000\000\000\000\000\000\000\000\000\000\000\000\000\000\000\000\000\000\000\000\000\000\000P\031-}\351f\032\255\274\334m\326c\017\014ao[\342\230\003\245\245\3341Hm\326^\017jy\335\261s!\003\255\225A\213\332\224ehh\024BDq\224\250\335`\355\353{\357\266\335<\021\032\265\177\206\356&\215vG0E\002!\000\352\353\225\022+\360\327\323v\240\321i/N\2752\017\022\225\030\354\2047!\177\354U\301\023\307\361\374\002 Ph*Y\355+\030J\211\324\321W \242\266\251je\031\271\221\336y\347m\202\236S/\245\024\034""; ","validation: """"\200\000\000\001&\000\000\000\003)/\351\252\242:g\237X\336\3531\020\010Q\375T\356\014\360o'\030\311-\267\031\257!\031T\006><\315XM\334\324\345\034\000\325\367\240\271\013P\027\000\000\000\000\000\000\000\000\000\000\000\000\000\000\000\000\000\000\000\000\000\000\000\000\000\000\000\000\000\000\000\000P\031-}\351f\032\255\274\334m\326c\017\014ao[\342\230\003\245\245\3341Hm\326^\017jy\335\261s!\003\255\225A\213\332\224ehh\024BDq\224\250\335`\355\353{\357\266\335<\021\032\265\177\206\356&\215vG0E\002!\000\352\353\225\022+\360\327\323v\240\321i/N\2752\017\022\225\030\354\2047!\177\354U\301\023\307\361\374\002 Ph*Y\355+\030J\211\324\321W \242\266\251je\031\271\221\336y\347m\202\236S/\245\024\034""; "
1750527523924,1750527523925,3787,1,3,2,TMProposeSet,"proposeSeq: 0; currentTxHash: ""\000\000\000\000\000\000\000\000\000\000\000\000\000\000\000\000\000\000\000\000\000\000\000\000\000\000\000\000\000\000\000\000""; nodePubKey: ""\003R7o\362bV\300hf\266\241;}\200^\374\240\203[:\342Q\225\221\027y\372\255\235\216\323~""; closeTime: 803842723; signature: ""0E\002!\000\200\240K\210\353\255\020\2218\323Y\256T\357>\332\332\331P?\275\210\036\234\214Nt\313\245m\024\333\002 WFy\030\244H\363d.\004`\370\224\310\027\347\236\233\251\373m\303\316\202\014\271\371E\305\234\332\255""; previousledger: ""\375T\356\014\360o'\030\311-\267\031\257!\031T\006><\315XM\334\324\345\034\000\325\367\240\271\013""; ","proposeSeq: 0; currentTxHash: ""\000\000\000\000\000\000\000\000\000\000\000\000\000\000\000\000\000\000\000\000\000\000\000\000\000\000\000\000\000\000\000\000""; nodePubKey: ""\003R7o\362bV\300hf\266\241;}\200^\374\240\203[:\342Q\225\221\027y\372\255\235\216\323~""; closeTime: 803842723; signature: ""0E\002!\000\200\240K\210\353\255\020\2218\323Y\256T\357>\332\332\331P?\275\210\036\234\214Nt\313\245m\024\333\002 WFy\030\244H\363d.\004`\370\224\310\027\347\236\233\251\373m\303\316\202\014\271\371E\305\234\332\255""; previousledger: ""\375T\356\014\360o'\030\311-\267\031\257!\031T\006><\315XM\334\324\345\034\000\325\367\240\271\013""; "
1750527523925,1750527523925,3830,1,3,1,TMProposeSet,"proposeSeq: 0; currentTxHash: ""\000\000\000\000\000\000\000\000\000\000\000\000\000\000\000\000\000\000\000\000\000\000\000\000\000\000\000\000\000\000\000\000""; nodePubKey: ""\003R7o\362bV\300hf\266\241;}\200^\374\240\203[:\342Q\225\221\027y\372\255\235\216\323~""; closeTime: 803842723; signature: ""0E\002!\000\200\240K\210\353\255\020\2218\323Y\256T\357>\332\332\331P?\275\210\036\234\214Nt\313\245m\024\333\002 WFy\030\244H\363d.\004`\370\224\310\027\347\236\233\251\373m\303\316\202\014\271\371E\305\234\332\255""; previousledger: ""\375T\356\014\360o'\030\311-\267\031\257!\031T\006><\315XM\334\324\345\034\000\325\367\240\271\013""; ","proposeSeq: 0; currentTxHash: ""\000\000\000\000\000\000\000\000\000\000\000\000\000\000\000\000\000\000\000\000\000\000\000\000\000\000\000\000\000\000\000\000""; nodePubKey: ""\003R7o\362bV\300hf\266\241;}\200^\374\240\203[:\342Q\225\221\027y\372\255\235\216\323~""; closeTime: 803842723; signature: ""0E\002!\000\200\240K\210\353\255\020\2218\323Y\256T\357>\332\332\331P?\275\210\036\234\214Nt\313\245m\024\333\002 WFy\030\244H\363d.\004`\370\224\310\027\347\236\233\251\373m\303\316\202\014\271\371E\305\234\332\255""; previousledger: ""\375T\356\014\360o'\030\311-\267\031\257!\031T\006><\315XM\334\324\345\034\000\325\367\240\271\013""; "
1750527523925,1750527523925,2201,1,3,0,TMProposeSet,"proposeSeq: 0; currentTxHash: ""\000\000\000\000\000\000\000\000\000\000\000\000\000\000\000\000\000\000\000\000\000\000\000\000\000\000\000\000\000\000\000\000""; nodePubKey: ""\003R7o\362bV\300hf\266\241;}\200^\374\240\203[:\342Q\225\221\027y\372\255\235\216\323~""; closeTime: 803842723; signature: ""0E\002!\000\200\240K\210\353\255\020\2218\323Y\256T\357>\332\332\331P?\275\210\036\234\214Nt\313\245m\024\333\002 WFy\030\244H\363d.\004`\370\224\310\027\347\236\233\251\373m\303\316\202\014\271\371E\305\234\332\255""; previousledger: ""\375T\356\014\360o'\030\311-\267\031\257!\031T\006><\315XM\334\324\345\034\000\325\367\240\271\013""; ","proposeSeq: 0; currentTxHash: ""\000\000\000\000\000\000\000\000\000\000\000\000\000\000\000\000\000\000\000\000\000\000\000\000\000\000\000\000\000\000\000\000""; nodePubKey: ""\003R7o\362bV\300hf\266\241;}\200^\374\240\203[:\342Q\225\221\027y\372\255\235\216\323~""; closeTime: 803842723; signature: ""0E\002!\000\200\240K\210\353\255\020\2218\323Y\256T\357>\332\332\331P?\275\210\036\234\214Nt\313\245m\024\333\002 WFy\030\244H\363d.\004`\370\224\310\027\347\236\233\251\373m\303\316\202\014\271\371E\305\234\332\255""; previousledger: ""\375T\356\014\360o'\030\311-\267\031\257!\031T\006><\315XM\334\324\345\034\000\325\367\240\271\013""; "
1750527524057,1750527524057,446,1,2,0,TMValidation,"validation: """"\200\000\000\001&\000\000\000\003)/\351\252\242:\355<\266\216~aC\027Q\375T\356\014\360o'\030\311-\267\031\257!\031T\006><\315XM\334\324\345\034\000\325\367\240\271\013P\027\000\000\000\000\000\000\000\000\000\000\000\000\000\000\000\000\000\000\000\000\000\000\000\000\000\000\000\000\000\000\000\000P\031-}\351f\032\255\274\334m\326c\017\014ao[\342\230\003\245\245\3341Hm\326^\017jy\335\261s!\002\225aM\037\203M\271C\224]$\245\215\334\264;{{\365%Z\2443U\201\242\320iUc\207\367vG0E\002!\000\337\232\301[\364J\233&{\254j9\005\370\210\314\250DF\021\344\036\245\350\244\004/R\212\021\376\372\002 \010\267~W\024\177\004\271\377\240\033\003`\311\031a7\254\231c\361f\027a\306\037.I\245\007]y""; ","validation: """"\200\000\000\001&\000\000\000\003)/\351\252\242:\355<\266\216~aC\027Q\375T\356\014\360o'\030\311-\267\031\257!\031T\006><\315XM\334\324\345\034\000\325\367\240\271\013P\027\000\000\000\000\000\000\000\000\000\000\000\000\000\000\000\000\000\000\000\000\000\000\000\000\000\000\000\000\000\000\000\000P\031-}\351f\032\255\274\334m\326c\017\014ao[\342\230\003\245\245\3341Hm\326^\017jy\335\261s!\002\225aM\037\203M\271C\224]$\245\215\334\264;{{\365%Z\2443U\201\242\320iUc\207\367vG0E\002!\000\337\232\301[\364J\233&{\254j9\005\370\210\314\250DF\021\344\036\245\350\244\004/R\212\021\376\372\002 \010\267~W\024\177\004\271\377\240\033\003`\311\031a7\254\231c\361f\027a\306\037.I\245\007]y""; "
1750527524058,1750527524058,723,1,2,3,TMValidation,"validation: """"\200\000\000\001&\000\000\000\003)/\351\252\242:\355<\266\216~aC\027Q\375T\356\014\360o'\030\311-\267\031\257!\031T\006><\315XM\334\324\345\034\000\325\367\240\271\013P\027\000\000\000\000\000\000\000\000\000\000\000\000\000\000\000\000\000\000\000\000\000\000\000\000\000\000\000\000\000\000\000\000P\031-}\351f\032\255\274\334m\326c\017\014ao[\342\230\003\245\245\3341Hm\326^\017jy\335\261s!\002\225aM\037\203M\271C\224]$\245\215\334\264;{{\365%Z\2443U\201\242\320iUc\207\367vG0E\002!\000\337\232\301[\364J\233&{\254j9\005\370\210\314\250DF\021\344\036\245\350\244\004/R\212\021\376\372\002 \010\267~W\024\177\004\271\377\240\033\003`\311\031a7\254\231c\361f\027a\306\037.I\245\007]y""; ","validation: """"\200\000\000\001&\000\000\000\003)/\351\252\242:\355<\266\216~aC\027Q\375T\356\014\360o'\030\311-\267\031\257!\031T\006><\315XM\334\324\345\034\000\325\367\240\271\013P\027\000\000\000\000\000\000\000\000\000\000\000\000\000\000\000\000\000\000\000\000\000\000\000\000\000\000\000\000\000\000\000\000P\031-}\351f\032\255\274\334m\326c\017\014ao[\342\230\003\245\245\3341Hm\326^\017jy\335\261s!\002\225aM\037\203M\271C\224]$\245\215\334\264;{{\365%Z\2443U\201\242\320iUc\207\367vG0E\002!\000\337\232\301[\364J\233&{\254j9\005\370\210\314\250DF\021\344\036\245\350\244\004/R\212\021\376\372\002 \010\267~W\024\177\004\271\377\240\033\003`\311\031a7\254\231c\361f\027a\306\037.I\245\007]y""; "
1750527524058,1750527524058,340,1,2,1,TMValidation,"validation: """"\200\000\000\001&\000\000\000\003)/\351\252\242:\355<\266\216~aC\027Q\375T\356\014\360o'\030\311-\267\031\257!\031T\006><\315XM\334\324\345\034\000\325\367\240\271\013P\027\000\000\000\000\000\000\000\000\000\000\000\000\000\000\000\000\000\000\000\000\000\000\000\000\000\000\000\000\000\000\000\000P\031-}\351f\032\255\274\334m\326c\017\014ao[\342\230\003\245\245\3341Hm\326^\017jy\335\261s!\002\225aM\037\203M\271C\224]$\245\215\334\264;{{\365%Z\2443U\201\242\320iUc\207\367vG0E\002!\000\337\232\301[\364J\233&{\254j9\005\370\210\314\250DF\021\344\036\245\350\244\004/R\212\021\376\372\002 \010\267~W\024\177\004\271\377\240\033\003`\311\031a7\254\231c\361f\027a\306\037.I\245\007]y""; ","validation: """"\200\000\000\001&\000\000\000\003)/\351\252\242:\355<\266\216~aC\027Q\375T\356\014\360o'\030\311-\267\031\257!\031T\006><\315XM\334\324\345\034\000\325\367\240\271\013P\027\000\000\000\000\000\000\000\000\000\000\000\000\000\000\000\000\000\000\000\000\000\000\000\000\000\000\000\000\000\000\000\000P\031-}\351f\032\255\274\334m\326c\017\014ao[\342\230\003\245\245\3341Hm\326^\017jy\335\261s!\002\225aM\037\203M\271C\224]$\245\215\334\264;{{\365%Z\2443U\201\242\320iUc\207\367vG0E\002!\000\337\232\301[\364J\233&{\254j9\005\370\210\314\250DF\021\344\036\245\350\244\004/R\212\021\376\372\002 \010\267~W\024\177\004\271\377\240\033\003`\311\031a7\254\231c\361f\027a\306\037.I\245\007]y""; "
1750527524062,1750527524062,3459,1,3,1,TMValidation,"validation: """"\200\000\000\001&\000\000\000\003)/\351\252\242:\r\302\353\023?\373\240rQ\375T\356\014\360o'\030\311-\267\031\257!\031T\006><\315XM\334\324\345\034\000\325\367\240\271\013P\027\000\000\000\000\000\000\000\000\000\000\000\000\000\000\000\000\000\000\000\000\000\000\000\000\000\000\000\000\000\000\000\000P\031-}\351f\032\255\274\334m\326c\017\014ao[\342\230\003\245\245\3341Hm\326^\017jy\335\261s!\003R7o\362bV\300hf\266\241;}\200^\374\240\203[:\342Q\225\221\027y\372\255\235\216\323~vG0E\002!\000\236\307\234\031\t\305lbrIB\306i\365\207\356@LF\256\232\230\332X\340u\034\351w\255\263\307\002 \027F\372$T\270\206\361\261O\354\037\313\200\273h\241h\3745*r\2520*\024\314\222;\357L\033""; ","validation: """"\200\000\000\001&\000\000\000\003)/\351\252\242:\r\302\353\023?\373\240rQ\375T\356\014\360o'\030\311-\267\031\257!\031T\006><\315XM\334\324\345\034\000\325\367\240\271\013P\027\000\000\000\000\000\000\000\000\000\000\000\000\000\000\000\000\000\000\000\000\000\000\000\000\000\000\000\000\000\000\000\000P\031-}\351f\032\255\274\334m\326c\017\014ao[\342\230\003\245\245\3341Hm\326^\017jy\335\261s!\003R7o\362bV\300hf\266\241;}\200^\374\240\203[:\342Q\225\221\027y\372\255\235\216\323~vG0E\002!\000\236\307\234\031\t\305lbrIB\306i\365\207\356@LF\256\232\230\332X\340u\034\351w\255\263\307\002 \027F\372$T\270\206\361\261O\354\037\313\200\273h\241h\3745*r\2520*\024\314\222;\357L\033""; "
1750527524063,1750527524063,3736,1,3,4,TMValidation,"validation: """"\200\000\000\001&\000\000\000\003)/\351\252\242:\r\302\353\023?\373\240rQ\375T\356\014\360o'\030\311-\267\031\257!\031T\006><\315XM\334\324\345\034\000\325\367\240\271\013P\027\000\000\000\000\000\000\000\000\000\000\000\000\000\000\000\000\000\000\000\000\000\000\000\000\000\000\000\000\000\000\000\000P\031-}\351f\032\255\274\334m\326c\017\014ao[\342\230\003\245\245\3341Hm\326^\017jy\335\261s!\003R7o\362bV\300hf\266\241;}\200^\374\240\203[:\342Q\225\221\027y\372\255\235\216\323~vG0E\002!\000\236\307\234\031\t\305lbrIB\306i\365\207\356@LF\256\232\230\332X\340u\034\351w\255\263\307\002 \027F\372$T\270\206\361\261O\354\037\313\200\273h\241h\3745*r\2520*\024\314\222;\357L\033""; ","validation: """"\200\000\000\001&\000\000\000\003)/\351\252\242:\r\302\353\023?\373\240rQ\375T\356\014\360o'\030\311-\267\031\257!\031T\006><\315XM\334\324\345\034\000\325\367\240\271\013P\027\000\000\000\000\000\000\000\000\000\000\000\000\000\000\000\000\000\000\000\000\000\000\000\000\000\000\000\000\000\000\000\000P\031-}\351f\032\255\274\334m\326c\017\014ao[\342\230\003\245\245\3341Hm\326^\017jy\335\261s!\003R7o\362bV\300hf\266\241;}\200^\374\240\203[:\342Q\225\221\027y\372\255\235\216\323~vG0E\002!\000\236\307\234\031\t\305lbrIB\306i\365\207\356@LF\256\232\230\332X\340u\034\351w\255\263\307\002 \027F\372$T\270\206\361\261O\354\037\313\200\273h\241h\3745*r\2520*\024\314\222;\357L\033""; "
1750527524063,1750527524063,1777,1,3,0,TMValidation,"validation: """"\200\000\000\001&\000\000\000\003)/\351\252\242:\r\302\353\023?\373\240rQ\375T\356\014\360o'\030\311-\267\031\257!\031T\006><\315XM\334\324\345\034\000\325\367\240\271\013P\027\000\000\000\000\000\000\000\000\000\000\000\000\000\000\000\000\000\000\000\000\000\000\000\000\000\000\000\000\000\000\000\000P\031-}\351f\032\255\274\334m\326c\017\014ao[\342\230\003\245\245\3341Hm\326^\017jy\335\261s!\003R7o\362bV\300hf\266\241;}\200^\374\240\203[:\342Q\225\221\027y\372\255\235\216\323~vG0E\002!\000\236\307\234\031\t\305lbrIB\306i\365\207\356@LF\256\232\230\332X\340u\034\351w\255\263\307\002 \027F\372$T\270\206\361\261O\354\037\313\200\273h\241h\3745*r\2520*\024\314\222;\357L\033""; ","validation: """"\200\000\000\001&\000\000\000\003)/\351\252\242:\r\302\353\023?\373\240rQ\375T\356\014\360o'\030\311-\267\031\257!\031T\006><\315XM\334\324\345\034\000\325\367\240\271\013P\027\000\000\000\000\000\000\000\000\000\000\000\000\000\000\000\000\000\000\000\000\000\000\000\000\000\000\000\000\000\000\000\000P\031-}\351f\032\255\274\334m\326c\017\014ao[\342\230\003\245\245\3341Hm\326^\017jy\335\261s!\003R7o\362bV\300hf\266\241;}\200^\374\240\203[:\342Q\225\221\027y\372\255\235\216\323~vG0E\002!\000\236\307\234\031\t\305lbrIB\306i\365\207\356@LF\256\232\230\332X\340u\034\351w\255\263\307\002 \027F\372$T\270\206\361\261O\354\037\313\200\273h\241h\3745*r\2520*\024\314\222;\357L\033""; "
1750527524225,1750527524225,782,1,0,4,TMValidation,"validation: """"\200\000\000\001&\000\000\000\003)/\351\252\242:p\210\265\307-\212\200\004Q\375T\356\014\360o'\030\311-\267\031\257!\031T\006><\315XM\334\324\345\034\000\325\367\240\271\013P\027\000\000\000\000\000\000\000\000\000\000\000\000\000\000\000\000\000\000\000\000\000\000\000\000\000\000\000\000\000\000\000\000P\031-}\351f\032\255\274\334m\326c\017\014ao[\342\230\003\245\245\3341Hm\326^\017jy\335\261s!\002\364d\217\366\217|\316F\232\231\241\n\261\333`\312O\367\235\025DD\336e\367\n\312\326\221\037\025\230vF0D\002 i\234\244h1\250\316}\313%\2620\320{&\372\216\317\314\264V3\217\311d\241\370?My)0\002 J\026\023bN\t\216\201[\360^\327\311F\036\203gs\370\321iQ5\245G\260\237\331v`\205\203""; ","validation: """"\200\000\000\001&\000\000\000\003)/\351\252\242:p\210\265\307-\212\200\004Q\375T\356\014\360o'\030\311-\267\031\257!\031T\006><\315XM\334\324\345\034\000\325\367\240\271\013P\027\000\000\000\000\000\000\000\000\000\000\000\000\000\000\000\000\000\000\000\000\000\000\000\000\000\000\000\000\000\000\000\000P\031-}\351f\032\255\274\334m\326c\017\014ao[\342\230\003\245\245\3341Hm\326^\017jy\335\261s!\002\364d\217\366\217|\316F\232\231\241\n\261\333`\312O\367\235\025DD\336e\367\n\312\326\221\037\025\230vF0D\002 i\234\244h1\250\316}\313%\2620\320{&\372\216\317\314\264V3\217\311d\241\370?My)0\002 J\026\023bN\t\216\201[\360^\327\311F\036\203gs\370\321iQ5\245G\260\237\331v`\205\203""; "
1750527524226,1750527524226,1933,1,0,2,TMValidation,"validation: """"\200\000\000\001&\000\000\000\003)/\351\252\242:p\210\265\307-\212\200\004Q\375T\356\014\360o'\030\311-\267\031\257!\031T\006><\315XM\334\324\345\034\000\325\367\240\271\013P\027\000\000\000\000\000\000\000\000\000\000\000\000\000\000\000\000\000\000\000\000\000\000\000\000\000\000\000\000\000\000\000\000P\031-}\351f\032\255\274\334m\326c\017\014ao[\342\230\003\245\245\3341Hm\326^\017jy\335\261s!\002\364d\217\366\217|\316F\232\231\241\n\261\333`\312O\367\235\025DD\336e\367\n\312\326\221\037\025\230vF0D\002 i\234\244h1\250\316}\313%\2620\320{&\372\216\317\314\264V3\217\311d\241\370?My)0\002 J\026\023bN\t\216\201[\360^\327\311F\036\203gs\370\321iQ5\245G\260\237\331v`\205\203""; ","validation: """"\200\000\000\001&\000\000\000\003)/\351\252\242:p\210\265\307-\212\200\004Q\375T\356\014\360o'\030\311-\267\031\257!\031T\006><\315XM\334\324\345\034\000\325\367\240\271\013P\027\000\000\000\000\000\000\000\000\000\000\000\000\000\000\000\000\000\000\000\000\000\000\000\000\000\000\000\000\000\000\000\000P\031-}\351f\032\255\274\334m\326c\017\014ao[\342\230\003\245\245\3341Hm\326^\017jy\335\261s!\002\364d\217\366\217|\316F\232\231\241\n\261\333`\312O\367\235\025DD\336e\367\n\312\326\221\037\025\230vF0D\002 i\234\244h1\250\316}\313%\2620\320{&\372\216\317\314\264V3\217\311d\241\370?My)0\002 J\026\023bN\t\216\201[\360^\327\311F\036\203gs\370\321iQ5\245G\260\237\331v`\205\203""; "
1750527524226,1750527524227,2261,1,0,1,TMValidation,"validation: """"\200\000\000\001&\000\000\000\003)/\351\252\242:p\210\265\307-\212\200\004Q\375T\356\014\360o'\030\311-\267\031\257!\031T\006><\315XM\334\324\345\034\000\325\367\240\271\013P\027\000\000\000\000\000\000\000\000\000\000\000\000\000\000\000\000\000\000\000\000\000\000\000\000\000\000\000\000\000\000\000\000P\031-}\351f\032\255\274\334m\326c\017\014ao[\342\230\003\245\245\3341Hm\326^\017jy\335\261s!\002\364d\217\366\217|\316F\232\231\241\n\261\333`\312O\367\235\025DD\336e\367\n\312\326\221\037\025\230vF0D\002 i\234\244h1\250\316}\313%\2620\320{&\372\216\317\314\264V3\217\311d\241\370?My)0\002 J\026\023bN\t\216\201[\360^\327\311F\036\203gs\370\321iQ5\245G\260\237\331v`\205\203""; ","validation: """"\200\000\000\001&\000\000\000\003)/\351\252\242:p\210\265\307-\212\200\004Q\375T\356\014\360o'\030\311-\267\031\257!\031T\006><\315XM\334\324\345\034\000\325\367\240\271\013P\027\000\000\000\000\000\000\000\000\000\000\000\000\000\000\000\000\000\000\000\000\000\000\000\000\000\000\000\000\000\000\000\000P\031-}\351f\032\255\274\334m\326c\017\014ao[\342\230\003\245\245\3341Hm\326^\017jy\335\261s!\002\364d\217\366\217|\316F\232\231\241\n\261\333`\312O\367\235\025DD\336e\367\n\312\326\221\037\025\230vF0D\002 i\234\244h1\250\316}\313%\2620\320{&\372\216\317\314\264V3\217\311d\241\370?My)0\002 J\026\023bN\t\216\201[\360^\327\311F\036\203gs\370\321iQ5\245G\260\237\331v`\205\203""; "
1750527524400,1750527524400,3746,1,1,4,TMValidation,"validation: """"\200\000\000\001&\000\000\000\003)/\351\252\242:\355<\266\216~aC\027Q\375T\356\014\360o'\030\311-\267\031\257!\031T\006><\315XM\334\324\345\034\000\325\367\240\271\013P\027\000\000\000\000\000\000\000\000\000\000\000\000\000\000\000\000\000\000\000\000\000\000\000\000\000\000\000\000\000\000\000\000P\031-}\351f\032\255\274\334m\326c\017\014ao[\342\230\003\245\245\3341Hm\326^\017jy\335\261s!\002\225aM\037\203M\271C\224]$\245\215\334\264;{{\365%Z\2443U\201\242\320iUc\207\367vG0E\002!\000\337\232\301[\364J\233&{\254j9\005\370\210\314\250DF\021\344\036\245\350\244\004/R\212\021\376\372\002 \010\267~W\024\177\004\271\377\240\033\003`\311\031a7\254\231c\361f\027a\306\037.I\245\007]y""; ","validation: """"\200\000\000\001&\000\000\000\003)/\351\252\242:\355<\266\216~aC\027Q\375T\356\014\360o'\030\311-\267\031\257!\031T\006><\315XM\334\324\345\034\000\325\367\240\271\013P\027\000\000\000\000\000\000\000\000\000\000\000\000\000\000\000\000\000\000\000\000\000\000\000\000\000\000\000\000\000\000\000\000P\031-}\351f\032\255\274\334m\326c\017\014ao[\342\230\003\245\245\3341Hm\326^\017jy\335\261s!\002\225aM\037\203M\271C\224]$\245\215\334\264;{{\365%Z\2443U\201\242\320iUc\207\367vG0E\002!\000\337\232\301[\364J\233&{\254j9\005\370\210\314\250DF\021\344\036\245\350\244\004/R\212\021\376\372\002 \010\267~W\024\177\004\271\377\240\033\003`\311\031a7\254\231c\361f\027a\306\037.I\245\007]y""; "
1750527524400,1750527524400,1311,1,1,3,TMValidation,"validation: """"\200\000\000\001&\000\000\000\003)/\351\252\242:\355<\266\216~aC\027Q\375T\356\014\360o'\030\311-\267\031\257!\031T\006><\315XM\334\324\345\034\000\325\367\240\271\013P\027\000\000\000\000\000\000\000\000\000\000\000\000\000\000\000\000\000\000\000\000\000\000\000\000\000\000\000\000\000\000\000\000P\031-}\351f\032\255\274\334m\326c\017\014ao[\342\230\003\245\245\3341Hm\326^\017jy\335\261s!\002\225aM\037\203M\271C\224]$\245\215\334\264;{{\365%Z\2443U\201\242\320iUc\207\367vG0E\002!\000\337\232\301[\364J\233&{\254j9\005\370\210\314\250DF\021\344\036\245\350\244\004/R\212\021\376\372\002 \010\267~W\024\177\004\271\377\240\033\003`\311\031a7\254\231c\361f\027a\306\037.I\245\007]y""; ","validation: """"\200\000\000\001&\000\000\000\003)/\351\252\242:\355<\266\216~aC\027Q\375T\356\014\360o'\030\311-\267\031\257!\031T\006><\315XM\334\324\345\034\000\325\367\240\271\013P\027\000\000\000\000\000\000\000\000\000\000\000\000\000\000\000\000\000\000\000\000\000\000\000\000\000\000\000\000\000\000\000\000P\031-}\351f\032\255\274\334m\326c\017\014ao[\342\230\003\245\245\3341Hm\326^\017jy\335\261s!\002\225aM\037\203M\271C\224]$\245\215\334\264;{{\365%Z\2443U\201\242\320iUc\207\367vG0E\002!\000\337\232\301[\364J\233&{\254j9\005\370\210\314\250DF\021\344\036\245\350\244\004/R\212\021\376\372\002 \010\267~W\024\177\004\271\377\240\033\003`\311\031a7\254\231c\361f\027a\306\037.I\245\007]y""; "
1750527524401,1750527524401,2229,1,1,0,TMValidation,"validation: """"\200\000\000\001&\000\000\000\003)/\351\252\242:\355<\266\216~aC\027Q\375T\356\014\360o'\030\311-\267\031\257!\031T\006><\315XM\334\324\345\034\000\325\367\240\271\013P\027\000\000\000\000\000\000\000\000\000\000\000\000\000\000\000\000\000\000\000\000\000\000\000\000\000\000\000\000\000\000\000\000P\031-}\351f\032\255\274\334m\326c\017\014ao[\342\230\003\245\245\3341Hm\326^\017jy\335\261s!\002\225aM\037\203M\271C\224]$\245\215\334\264;{{\365%Z\2443U\201\242\320iUc\207\367vG0E\002!\000\337\232\301[\364J\233&{\254j9\005\370\210\314\250DF\021\344\036\245\350\244\004/R\212\021\376\372\002 \010\267~W\024\177\004\271\377\240\033\003`\311\031a7\254\231c\361f\027a\306\037.I\245\007]y""; ","validation: """"\200\000\000\001&\000\000\000\003)/\351\252\242:\355<\266\216~aC\027Q\375T\356\014\360o'\030\311-\267\031\257!\031T\006><\315XM\334\324\345\034\000\325\367\240\271\013P\027\000\000\000\000\000\000\000\000\000\000\000\000\000\000\000\000\000\000\000\000\000\000\000\000\000\000\000\000\000\000\000\000P\031-}\351f\032\255\274\334m\326c\017\014ao[\342\230\003\245\245\3341Hm\326^\017jy\335\261s!\002\225aM\037\203M\271C\224]$\245\215\334\264;{{\365%Z\2443U\201\242\320iUc\207\367vG0E\002!\000\337\232\301[\364J\233&{\254j9\005\370\210\314\250DF\021\344\036\245\350\244\004/R\212\021\376\372\002 \010\267~W\024\177\004\271\377\240\033\003`\311\031a7\254\231c\361f\027a\306\037.I\245\007]y""; "
1750527524406,1750527524406,3787,1,3,2,TMProposeSet,"proposeSeq: 0; currentTxHash: ""\000\000\000\000\000\000\000\000\000\000\000\000\000\000\000\000\000\000\000\000\000\000\000\000\000\000\000\000\000\000\000\000""; nodePubKey: ""\002\364d\217\366\217|\316F\232\231\241\n\261\333`\312O\367\235\025DD\336e\367\n\312\326\221\037\025\230""; closeTime: 803842724; signature: ""0D\002 R\263\037*#M\253P\327\215m2\342/\330\177\270\r\007:\3447\035u\225\032\277\204\353e\210\263\002 ?\247\307v\307q\266\234x\264\277'2T\035\276\024D6t\336HgD|!\266\212\212\274\273t""; previousledger: ""\375T\356\014\360o'\030\311-\267\031\257!\031T\006><\315XM\334\324\345\034\000\325\367\240\271\013""; ","proposeSeq: 0; currentTxHash: ""\000\000\000\000\000\000\000\000\000\000\000\000\000\000\000\000\000\000\000\000\000\000\000\000\000\000\000\000\000\000\000\000""; nodePubKey: ""\002\364d\217\366\217|\316F\232\231\241\n\261\333`\312O\367\235\025DD\336e\367\n\312\326\221\037\025\230""; closeTime: 803842724; signature: ""0D\002 R\263\037*#M\253P\327\215m2\342/\330\177\270\r\007:\3447\035u\225\032\277\204\353e\210\263\002 ?\247\307v\307q\266\234x\264\277'2T\035\276\024D6t\336HgD|!\266\212\212\274\273t""; previousledger: ""\375T\356\014\360o'\030\311-\267\031\257!\031T\006><\315XM\334\324\345\034\000\325\367\240\271\013""; "
1750527524408,1750527524408,2201,1,3,0,TMProposeSet,"proposeSeq: 0; currentTxHash: ""\000\000\000\000\000\000\000\000\000\000\000\000\000\000\000\000\000\000\000\000\000\000\000\000\000\000\000\000\000\000\000\000""; nodePubKey: ""\002\364d\217\366\217|\316F\232\231\241\n\261\333`\312O\367\235\025DD\336e\367\n\312\326\221\037\025\230""; closeTime: 803842724; signature: ""0D\002 R\263\037*#M\253P\327\215m2\342/\330\177\270\r\007:\3447\035u\225\032\277\204\353e\210\263\002 ?\247\307v\307q\266\234x\264\277'2T\035\276\024D6t\336HgD|!\266\212\212\274\273t""; previousledger: ""\375T\356\014\360o'\030\311-\267\031\257!\031T\006><\315XM\334\324\345\034\000\325\367\240\271\013""; ","proposeSeq: 0; currentTxHash: ""\000\000\000\000\000\000\000\000\000\000\000\000\000\000\000\000\000\000\000\000\000\000\000\000\000\000\000\000\000\000\000\000""; nodePubKey: ""\002\364d\217\366\217|\316F\232\231\241\n\261\333`\312O\367\235\025DD\336e\367\n\312\326\221\037\025\230""; closeTime: 803842724; signature: ""0D\002 R\263\037*#M\253P\327\215m2\342/\330\177\270\r\007:\3447\035u\225\032\277\204\353e\210\263\002 ?\247\307v\307q\266\234x\264\277'2T\035\276\024D6t\336HgD|!\266\212\212\274\273t""; previousledger: ""\375T\356\014\360o'\030\311-\267\031\257!\031T\006><\315XM\334\324\345\034\000\325\367\240\271\013""; "
1750527524408,1750527524409,3830,1,3,1,TMProposeSet,"proposeSeq: 0; currentTxHash: ""\000\000\000\000\000\000\000\000\000\000\000\000\000\000\000\000\000\000\000\000\000\000\000\000\000\000\000\000\000\000\000\000""; nodePubKey: ""\002\364d\217\366\217|\316F\232\231\241\n\261\333`\312O\367\235\025DD\336e\367\n\312\326\221\037\025\230""; closeTime: 803842724; signature: ""0D\002 R\263\037*#M\253P\327\215m2\342/\330\177\270\r\007:\3447\035u\225\032\277\204\353e\210\263\002 ?\247\307v\307q\266\234x\264\277'2T\035\276\024D6t\336HgD|!\266\212\212\274\273t""; previousledger: ""\375T\356\014\360o'\030\311-\267\031\257!\031T\006><\315XM\334\324\345\034\000\325\367\240\271\013""; ","proposeSeq: 0; currentTxHash: ""\000\000\000\000\000\000\000\000\000\000\000\000\000\000\000\000\000\000\000\000\000\000\000\000\000\000\000\000\000\000\000\000""; nodePubKey: ""\002\364d\217\366\217|\316F\232\231\241\n\261\333`\312O\367\235\025DD\336e\367\n\312\326\221\037\025\230""; closeTime: 803842724; signature: ""0D\002 R\263\037*#M\253P\327\215m2\342/\330\177\270\r\007:\3447\035u\225\032\277\204\353e\210\263\002 ?\247\307v\307q\266\234x\264\277'2T\035\276\024D6t\336HgD|!\266\212\212\274\273t""; previousledger: ""\375T\356\014\360o'\030\311-\267\031\257!\031T\006><\315XM\334\324\345\034\000\325\367\240\271\013""; "
1750527524409,1750527524409,1272,1,3,4,TMProposeSet,"proposeSeq: 0; currentTxHash: ""\000\000\000\000\000\000\000\000\000\000\000\000\000\000\000\000\000\000\000\000\000\000\000\000\000\000\000\000\000\000\000\000""; nodePubKey: ""\002\364d\217\366\217|\316F\232\231\241\n\261\333`\312O\367\235\025DD\336e\367\n\312\326\221\037\025\230""; closeTime: 803842724; signature: ""0D\002 R\263\037*#M\253P\327\215m2\342/\330\177\270\r\007:\3447\035u\225\032\277\204\353e\210\263\002 ?\247\307v\307q\266\234x\264\277'2T\035\276\024D6t\336HgD|!\266\212\212\274\273t""; previousledger: ""\375T\356\014\360o'\030\311-\267\031\257!\031T\006><\315XM\334\324\345\034\000\325\367\240\271\013""; ","proposeSeq: 0; currentTxHash: ""\000\000\000\000\000\000\000\000\000\000\000\000\000\000\000\000\000\000\000\000\000\000\000\000\000\000\000\000\000\000\000\000""; nodePubKey: ""\002\364d\217\366\217|\316F\232\231\241\n\261\333`\312O\367\235\025DD\336e\367\n\312\326\221\037\025\230""; closeTime: 803842724; signature: ""0D\002 R\263\037*#M\253P\327\215m2\342/\330\177\270\r\007:\3447\035u\225\032\277\204\353e\210\263\002 ?\247\307v\307q\266\234x\264\277'2T\035\276\024D6t\336HgD|!\266\212\212\274\273t""; previousledger: ""\375T\356\014\360o'\030\311-\267\031\257!\031T\006><\315XM\334\324\345\034\000\325\367\240\271\013""; "
1750527524413,1750527524413,1769,1,2,1,TMLedgerData,"ledgerHash: ""\375T\356\014\360o'\030\311-\267\031\257!\031T\006><\315XM\334\324\345\034\000\325\367\240\271\013""; ledgerSeq: 3; type: liBASE; nodes {;   nodedata: ""\000\000\000\003\001cEx]\212\000\000\032Yt\320\244{g\0306\\302\303*\341\215\223\257\364\277o\375\000r\241SOq\221\253\262\005\017\000\000\000\000\000\000\000\000\000\000\000\000\000\000\000\000\000\000\000\000\000\000\000\000\000\000\000\000\000\000\000\000^\224\235@e\305\010\377I\344V\336m9M&\305IS!2b\256OD\367\342rc\237\367\347/\351\252\214/\351\252\240\n\000""; }; nodes {;   nodedata: ""\303\016\021\310<Z\337\266>\225@&n\022\246\274\353\220\345b3\035\313\350L\354\254\002\005\305\035\017\002E\344\037@\210\363\010\336T\226\247'\204_{\261\370""1\235\2445\343\033Y!\212\201\341\272\225'\007\310\323U\362\3613h\004K8\r\240\356I\366\371m,\356\000\234)\351\336;\274o#\264\364\354B\013\003""; }; ","ledgerHash: ""\375T\356\014\360o'\030\311-\267\031\257!\031T\006><\315XM\334\324\345\034\000\325\367\240\271\013""; ledgerSeq: 3; type: liBASE; nodes {;   nodedata: ""\000\000\000\003\001cEx]\212\000\000\032Yt\320\244{g\0306\\302\303*\341\215\223\257\364\277o\375\000r\241SOq\221\253\262\005\017\000\000\000\000\000\000\000\000\000\000\000\000\000\000\000\000\000\000\000\000\000\000\000\000\000\000\000\000\000\000\000\000^\224\235@e\305\010\377I\344V\336m9M&\305IS!2b\256OD\367\342rc\237\367\347/\351\252\214/\351\252\240\n\000""; }; nodes {;   nodedata: ""\303\016\021\310<Z\337\266>\225@&n\022\246\274\353\220\345b3\035\313\350L\354\254\002\005\305\035\017\002E\344\037@\210\363\010\336T\226\247'\204_{\261\370""1\235\2445\343\033Y!\212\201\341\272\225'\007\310\323U\362\3613h\004K8\r\240\356I\366\371m,\356\000\234)\351\336;\274o#\264\364\354B\013\003""; }; "
1750527524413,1750527524413,1769,1,2,1,TMLedgerData,"ledgerHash: ""\375T\356\014\360o'\030\311-\267\031\257!\031T\006><\315XM\334\324\345\034\000\325\367\240\271\013""; ledgerSeq: 3; type: liBASE; nodes {;   nodedata: ""\000\000\000\003\001cEx]\212\000\000\032Yt\320\244{g\0306\\302\303*\341\215\223\257\364\277o\375\000r\241SOq\221\253\262\005\017\000\000\000\000\000\000\000\000\000\000\000\000\000\000\000\000\000\000\000\000\000\000\000\000\000\000\000\000\000\000\000\000^\224\235@e\305\010\377I\344V\336m9M&\305IS!2b\256OD\367\342rc\237\367\347/\351\252\214/\351\252\240\n\000""; }; nodes {;   nodedata: ""\303\016\021\310<Z\337\266>\225@&n\022\246\274\353\220\345b3\035\313\350L\354\254\002\005\305\035\017\002E\344\037@\210\363\010\336T\226\247'\204_{\261\370""1\235\2445\343\033Y!\212\201\341\272\225'\007\310\323U\362\3613h\004K8\r\240\356I\366\371m,\356\000\234)\351\336;\274o#\264\364\354B\013\003""; }; ","ledgerHash: ""\375T\356\014\360o'\030\311-\267\031\257!\031T\006><\315XM\334\324\345\034\000\325\367\240\271\013""; ledgerSeq: 3; type: liBASE; nodes {;   nodedata: ""\000\000\000\003\001cEx]\212\000\000\032Yt\320\244{g\0306\\302\303*\341\215\223\257\364\277o\375\000r\241SOq\221\253\262\005\017\000\000\000\000\000\000\000\000\000\000\000\000\000\000\000\000\000\000\000\000\000\000\000\000\000\000\000\000\000\000\000\000^\224\235@e\305\010\377I\344V\336m9M&\305IS!2b\256OD\367\342rc\237\367\347/\351\252\214/\351\252\240\n\000""; }; nodes {;   nodedata: ""\303\016\021\310<Z\337\266>\225@&n\022\246\274\353\220\345b3\035\313\350L\354\254\002\005\305\035\017\002E\344\037@\210\363\010\336T\226\247'\204_{\261\370""1\235\2445\343\033Y!\212\201\341\272\225'\007\310\323U\362\3613h\004K8\r\240\356I\366\371m,\356\000\234)\351\336;\274o#\264\364\354B\013\003""; }; "
1750527524590,1750527524590,3128,1,2,4,TMValidation,"validation: """"\200\000\000\001&\000\000\000\003)/\351\252\243:\303`\246;Q\203[_Q\375T\356\014\360o'\030\311-\267\031\257!\031T\006><\315XM\334\324\345\034\000\325\367\240\271\013P\027\000\000\000\000\000\000\000\000\000\000\000\000\000\000\000\000\000\000\000\000\000\000\000\000\000\000\000\000\000\000\000\000P\031-}\351f\032\255\274\334m\326c\017\014ao[\342\230\003\245\245\3341Hm\326^\017jy\335\261s!\002\266\377\271\344:\030\221i\267\257\215\237M\014\3345f\014\273|\207\367\334\337F\325\004cxB\211LvF0D\002 j\314\277\0134\200C\377\313\2410\241i\010}\247\000\236#et\320uS\241E(\330\304'\221\226\002 \002,\013\317X\310\235?\t;\302Mu\311\216\333\323Ux\010\027T\375\361\013S\221\322\3019\363V""; ","validation: """"\200\000\000\001&\000\000\000\003)/\351\252\243:\303`\246;Q\203[_Q\375T\356\014\360o'\030\311-\267\031\257!\031T\006><\315XM\334\324\345\034\000\325\367\240\271\013P\027\000\000\000\000\000\000\000\000\000\000\000\000\000\000\000\000\000\000\000\000\000\000\000\000\000\000\000\000\000\000\000\000P\031-}\351f\032\255\274\334m\326c\017\014ao[\342\230\003\245\245\3341Hm\326^\017jy\335\261s!\002\266\377\271\344:\030\221i\267\257\215\237M\014\3345f\014\273|\207\367\334\337F\325\004cxB\211LvF0D\002 j\314\277\0134\200C\377\313\2410\241i\010}\247\000\236#et\320uS\241E(\330\304'\221\226\002 \002,\013\317X\310\235?\t;\302Mu\311\216\333\323Ux\010\027T\375\361\013S\221\322\3019\363V""; "
1750527524591,1750527524591,723,1,2,3,TMValidation,"validation: """"\200\000\000\001&\000\000\000\003)/\351\252\243:\303`\246;Q\203[_Q\375T\356\014\360o'\030\311-\267\031\257!\031T\006><\315XM\334\324\345\034\000\325\367\240\271\013P\027\000\000\000\000\000\000\000\000\000\000\000\000\000\000\000\000\000\000\000\000\000\000\000\000\000\000\000\000\000\000\000\000P\031-}\351f\032\255\274\334m\326c\017\014ao[\342\230\003\245\245\3341Hm\326^\017jy\335\261s!\002\266\377\271\344:\030\221i\267\257\215\237M\014\3345f\014\273|\207\367\334\337F\325\004cxB\211LvF0D\002 j\314\277\0134\200C\377\313\2410\241i\010}\247\000\236#et\320uS\241E(\330\304'\221\226\002 \002,\013\317X\310\235?\t;\302Mu\311\216\333\323Ux\010\027T\375\361\013S\221\322\3019\363V""; ","validation: """"\200\000\000\001&\000\000\000\003)/\351\252\243:\303`\246;Q\203[_Q\375T\356\014\360o'\030\311-\267\031\257!\031T\006><\315XM\334\324\345\034\000\325\367\240\271\013P\027\000\000\000\000\000\000\000\000\000\000\000\000\000\000\000\000\000\000\000\000\000\000\000\000\000\000\000\000\000\000\000\000P\031-}\351f\032\255\274\334m\326c\017\014ao[\342\230\003\245\245\3341Hm\326^\017jy\335\261s!\002\266\377\271\344:\030\221i\267\257\215\237M\014\3345f\014\273|\207\367\334\337F\325\004cxB\211LvF0D\002 j\314\277\0134\200C\377\313\2410\241i\010}\247\000\236#et\320uS\241E(\330\304'\221\226\002 \002,\013\317X\310\235?\t;\302Mu\311\216\333\323Ux\010\027T\375\361\013S\221\322\3019\363V""; "
1750527524590,1750527524591,446,1,2,0,TMValidation,"validation: """"\200\000\000\001&\000\000\000\003)/\351\252\243:\303`\246;Q\203[_Q\375T\356\014\360o'\030\311-\267\031\257!\031T\006><\315XM\334\324\345\034\000\325\367\240\271\013P\027\000\000\000\000\000\000\000\000\000\000\000\000\000\000\000\000\000\000\000\000\000\000\000\000\000\000\000\000\000\000\000\000P\031-}\351f\032\255\274\334m\326c\017\014ao[\342\230\003\245\245\3341Hm\326^\017jy\335\261s!\002\266\377\271\344:\030\221i\267\257\215\237M\014\3345f\014\273|\207\367\334\337F\325\004cxB\211LvF0D\002 j\314\277\0134\200C\377\313\2410\241i\010}\247\000\236#et\320uS\241E(\330\304'\221\226\002 \002,\013\317X\310\235?\t;\302Mu\311\216\333\323Ux\010\027T\375\361\013S\221\322\3019\363V""; ","validation: """"\200\000\000\001&\000\000\000\003)/\351\252\243:\303`\246;Q\203[_Q\375T\356\014\360o'\030\311-\267\031\257!\031T\006><\315XM\334\324\345\034\000\325\367\240\271\013P\027\000\000\000\000\000\000\000\000\000\000\000\000\000\000\000\000\000\000\000\000\000\000\000\000\000\000\000\000\000\000\000\000P\031-}\351f\032\255\274\334m\326c\017\014ao[\342\230\003\245\245\3341Hm\326^\017jy\335\261s!\002\266\377\271\344:\030\221i\267\257\215\237M\014\3345f\014\273|\207\367\334\337F\325\004cxB\211LvF0D\002 j\314\277\0134\200C\377\313\2410\241i\010}\247\000\236#et\320uS\241E(\330\304'\221\226\002 \002,\013\317X\310\235?\t;\302Mu\311\216\333\323Ux\010\027T\375\361\013S\221\322\3019\363V""; "
1750527524639,1750527524639,3299,1,1,3,TMProposeSet,"proposeSeq: 0; currentTxHash: ""\000\000\000\000\000\000\000\000\000\000\000\000\000\000\000\000\000\000\000\000\000\000\000\000\000\000\000\000\000\000\000\000""; nodePubKey: ""\002\266\377\271\344:\030\221i\267\257\215\237M\014\3345f\014\273|\207\367\334\337F\325\004cxB\211L""; closeTime: 803842724; signature: ""0E\002!\000\243\r\266\256D>bP\305+\236\257;\322~\264\344K\211\317\2636+O\007~\337\235t\026\301\320\002 \023g\020\265\302\212\004\343\377\354\240;\252\207L\222\031\0317\247t\271\303\265V\243\361\205t\233]\372""; previousledger: ""\375T\356\014\360o'\030\311-\267\031\257!\031T\006><\315XM\334\324\345\034\000\325\367\240\271\013""; ","proposeSeq: 0; currentTxHash: ""\000\000\000\000\000\000\000\000\000\000\000\000\000\000\000\000\000\000\000\000\000\000\000\000\000\000\000\000\000\000\000\000""; nodePubKey: ""\002\266\377\271\344:\030\221i\267\257\215\237M\014\3345f\014\273|\207\367\334\337F\325\004cxB\211L""; closeTime: 803842724; signature: ""0E\002!\000\243\r\266\256D>bP\305+\236\257;\322~\264\344K\211\317\2636+O\007~\337\235t\026\301\320\002 \023g\020\265\302\212\004\343\377\354\240;\252\207L\222\031\0317\247t\271\303\265V\243\361\205t\233]\372""; previousledger: ""\375T\356\014\360o'\030\311-\267\031\257!\031T\006><\315XM\334\324\345\034\000\325\367\240\271\013""; "
1750527524405,1750527524654,3432,1,3,2,TMStatusChange,"newEvent: neCLOSING_LEDGER; ledgerSeq: 3; ledgerHash: ""\375T\356\014\360o'\030\311-\267\031\257!\031T\006><\315XM\334\324\345\034\000\325\367\240\271\013""; ledgerHashPrevious: ""\032Yt\320\244{g\0306\\302\303*\341\215\223\257\364\277o\375\000r\241SOq\221\253\262\005\017""; networkTime: 803842724; firstSeq: 1; lastSeq: 3; ","newEvent: neCLOSING_LEDGER; ledgerSeq: 3; ledgerHash: ""\375T\356\014\360o'\030\311-\267\031\257!\031T\006><\315XM\334\324\345\034\000\325\367\240\271\013""; ledgerHashPrevious: ""\032Yt\320\244{g\0306\\302\303*\341\215\223\257\364\277o\375\000r\241SOq\221\253\262\005\017""; networkTime: 803842724; firstSeq: 1; lastSeq: 3; "
1750527524682,1750527524682,438,1,1,4,TMProposeSet,"proposeSeq: 0; currentTxHash: ""\000\000\000\000\000\000\000\000\000\000\000\000\000\000\000\000\000\000\000\000\000\000\000\000\000\000\000\000\000\000\000\000""; nodePubKey: ""\002\266\377\271\344:\030\221i\267\257\215\237M\014\3345f\014\273|\207\367\334\337F\325\004cxB\211L""; closeTime: 803842724; signature: ""0E\002!\000\243\r\266\256D>bP\305+\236\257;\322~\264\344K\211\317\2636+O\007~\337\235t\026\301\320\002 \023g\020\265\302\212\004\343\377\354\240;\252\207L\222\031\0317\247t\271\303\265V\243\361\205t\233]\372""; previousledger: ""\375T\356\014\360o'\030\311-\267\031\257!\031T\006><\315XM\334\324\345\034\000\325\367\240\271\013""; ","proposeSeq: 0; currentTxHash: ""\000\000\000\000\000\000\000\000\000\000\000\000\000\000\000\000\000\000\000\000\000\000\000\000\000\000\000\000\000\000\000\000""; nodePubKey: ""\002\266\377\271\344:\030\221i\267\257\215\237M\014\3345f\014\273|\207\367\334\337F\325\004cxB\211L""; closeTime: 803842724; signature: ""0E\002!\000\243\r\266\256D>bP\305+\236\257;\322~\264\344K\211\317\2636+O\007~\337\235t\026\301\320\002 \023g\020\265\302\212\004\343\377\354\240;\252\207L\222\031\0317\247t\271\303\265V\243\361\205t\233]\372""; previousledger: ""\375T\356\014\360o'\030\311-\267\031\257!\031T\006><\315XM\334\324\345\034\000\325\367\240\271\013""; "
1750527524406,1750527524682,598,1,3,4,TMStatusChange,"newEvent: neCLOSING_LEDGER; ledgerSeq: 3; ledgerHash: ""\375T\356\014\360o'\030\311-\267\031\257!\031T\006><\315XM\334\324\345\034\000\325\367\240\271\013""; ledgerHashPrevious: ""\032Yt\320\244{g\0306\\302\303*\341\215\223\257\364\277o\375\000r\241SOq\221\253\262\005\017""; networkTime: 803842724; firstSeq: 1; lastSeq: 3; ","newEvent: neCLOSING_LEDGER; ledgerSeq: 3; ledgerHash: ""\375T\356\014\360o'\030\311-\267\031\257!\031T\006><\315XM\334\324\345\034\000\325\367\240\271\013""; ledgerHashPrevious: ""\032Yt\320\244{g\0306\\302\303*\341\215\223\257\364\277o\375\000r\241SOq\221\253\262\005\017""; networkTime: 803842724; firstSeq: 1; lastSeq: 3; "
1750527524696,1750527524697,2742,1,1,0,TMProposeSet,"proposeSeq: 0; currentTxHash: ""\000\000\000\000\000\000\000\000\000\000\000\000\000\000\000\000\000\000\000\000\000\000\000\000\000\000\000\000\000\000\000\000""; nodePubKey: ""\002\266\377\271\344:\030\221i\267\257\215\237M\014\3345f\014\273|\207\367\334\337F\325\004cxB\211L""; closeTime: 803842724; signature: ""0E\002!\000\243\r\266\256D>bP\305+\236\257;\322~\264\344K\211\317\2636+O\007~\337\235t\026\301\320\002 \023g\020\265\302\212\004\343\377\354\240;\252\207L\222\031\0317\247t\271\303\265V\243\361\205t\233]\372""; previousledger: ""\375T\356\014\360o'\030\311-\267\031\257!\031T\006><\315XM\334\324\345\034\000\325\367\240\271\013""; ","proposeSeq: 0; currentTxHash: ""\000\000\000\000\000\000\000\000\000\000\000\000\000\000\000\000\000\000\000\000\000\000\000\000\000\000\000\000\000\000\000\000""; nodePubKey: ""\002\266\377\271\344:\030\221i\267\257\215\237M\014\3345f\014\273|\207\367\334\337F\325\004cxB\211L""; closeTime: 803842724; signature: ""0E\002!\000\243\r\266\256D>bP\305+\236\257;\322~\264\344K\211\317\2636+O\007~\337\235t\026\301\320\002 \023g\020\265\302\212\004\343\377\354\240;\252\207L\222\031\0317\247t\271\303\265V\243\361\205t\233]\372""; previousledger: ""\375T\356\014\360o'\030\311-\267\031\257!\031T\006><\315XM\334\324\345\034\000\325\367\240\271\013""; "
1750527524407,1750527524698,1571,1,3,1,TMStatusChange,"newEvent: neCLOSING_LEDGER; ledgerSeq: 3; ledgerHash: ""\375T\356\014\360o'\030\311-\267\031\257!\031T\006><\315XM\334\324\345\034\000\325\367\240\271\013""; ledgerHashPrevious: ""\032Yt\320\244{g\0306\\302\303*\341\215\223\257\364\277o\375\000r\241SOq\221\253\262\005\017""; networkTime: 803842724; firstSeq: 1; lastSeq: 3; ","newEvent: neCLOSING_LEDGER; ledgerSeq: 3; ledgerHash: ""\375T\356\014\360o'\030\311-\267\031\257!\031T\006><\315XM\334\324\345\034\000\325\367\240\271\013""; ledgerHashPrevious: ""\032Yt\320\244{g\0306\\302\303*\341\215\223\257\364\277o\375\000r\241SOq\221\253\262\005\017""; networkTime: 803842724; firstSeq: 1; lastSeq: 3; "
1750527524409,1750527524700,3991,1,3,0,TMStatusChange,"newEvent: neCLOSING_LEDGER; ledgerSeq: 3; ledgerHash: ""\375T\356\014\360o'\030\311-\267\031\257!\031T\006><\315XM\334\324\345\034\000\325\367\240\271\013""; ledgerHashPrevious: ""\032Yt\320\244{g\0306\\302\303*\341\215\223\257\364\277o\375\000r\241SOq\221\253\262\005\017""; networkTime: 803842724; firstSeq: 1; lastSeq: 3; ","newEvent: neCLOSING_LEDGER; ledgerSeq: 3; ledgerHash: ""\375T\356\014\360o'\030\311-\267\031\257!\031T\006><\315XM\334\324\345\034\000\325\367\240\271\013""; ledgerHashPrevious: ""\032Yt\320\244{g\0306\\302\303*\341\215\223\257\364\277o\375\000r\241SOq\221\253\262\005\017""; networkTime: 803842724; firstSeq: 1; lastSeq: 3; "
1750527524710,1750527524710,1394,1,1,2,TMProposeSet,"proposeSeq: 0; currentTxHash: ""\000\000\000\000\000\000\000\000\000\000\000\000\000\000\000\000\000\000\000\000\000\000\000\000\000\000\000\000\000\000\000\000""; nodePubKey: ""\002\266\377\271\344:\030\221i\267\257\215\237M\014\3345f\014\273|\207\367\334\337F\325\004cxB\211L""; closeTime: 803842724; signature: ""0E\002!\000\243\r\266\256D>bP\305+\236\257;\322~\264\344K\211\317\2636+O\007~\337\235t\026\301\320\002 \023g\020\265\302\212\004\343\377\354\240;\252\207L\222\031\0317\247t\271\303\265V\243\361\205t\233]\372""; previousledger: ""\375T\356\014\360o'\030\311-\267\031\257!\031T\006><\315XM\334\324\345\034\000\325\367\240\271\013""; ","proposeSeq: 0; currentTxHash: ""\000\000\000\000\000\000\000\000\000\000\000\000\000\000\000\000\000\000\000\000\000\000\000\000\000\000\000\000\000\000\000\000""; nodePubKey: ""\002\266\377\271\344:\030\221i\267\257\215\237M\014\3345f\014\273|\207\367\334\337F\325\004cxB\211L""; closeTime: 803842724; signature: ""0E\002!\000\243\r\266\256D>bP\305+\236\257;\322~\264\344K\211\317\2636+O\007~\337\235t\026\301\320\002 \023g\020\265\302\212\004\343\377\354\240;\252\207L\222\031\0317\247t\271\303\265V\243\361\205t\233]\372""; previousledger: ""\375T\356\014\360o'\030\311-\267\031\257!\031T\006><\315XM\334\324\345\034\000\325\367\240\271\013""; "
1750527524717,1750527524718,160,1,1,3,TMTransaction,"rawTransaction: ""\022\000\000""\000\000\000\000$\000\000\000\001 \033\000\000\000\027a@\000\000\027H\206*@h@\000\000\000\000\000\000\ns!\0030\347\374\235V\273%\326\211;\243\363\027\256[\3173\263)\033\326=\263&T\243\023""/\177\320 tG0E\002!\000\237\256\247\206\273\270\351}E\363<\373\313\267C\325\205\027/\321~bk,?\326a\216\014t=\017\002 =\207UU\251\222{p\014O\321\244Y\273\376%*\233O\002\222\301\237\242\305 \374o\361\220_\243\201\024\265\367by\212S\325C\240\024\312\370\262\227\317\370\362\3717\350\203\024\237\311\327\222\336\304\221\216Q\027\001uf'%5\022:P\210""; status: tsCURRENT; receiveTimestamp: 803842724; deferred: false; ","rawTransaction: ""\022\000\000""\000\000\000\000$\000\000\000\001 \033\000\000\000\027a@\000\000\027H\206*@h@\000\000\000\000\000\000\ns!\0030\347\374\235V\273%\326\211;\243\363\027\256[\3173\263)\033\326=\263&T\243\023""/\177\320 tG0E\002!\000\237\256\247\206\273\270\351}E\363<\373\313\267C\325\205\027/\321~bk,?\326a\216\014t=\017\002 =\207UU\251\222{p\014O\321\244Y\273\376%*\233O\002\222\301\237\242\305 \374o\361\220_\243\201\024\265\367by\212S\325C\240\024\312\370\262\227\317\370\362\3717\350\203\024\237\311\327\222\336\304\221\216Q\027\001uf'%5\022:P\210""; status: tsCURRENT; receiveTimestamp: 803842724; deferred: false; "
1750527524719,1750527524720,3304,1,1,2,TMTransaction,"rawTransaction: ""\022\000\000""\000\000\000\000$\000\000\000\001 \033\000\000\000\027a@\000\000\027H\206*@h@\000\000\000\000\000\000\ns!\0030\347\374\235V\273%\326\211;\243\363\027\256[\3173\263)\033\326=\263&T\243\023""/\177\320 tG0E\002!\000\237\256\247\206\273\270\351}E\363<\373\313\267C\325\205\027/\321~bk,?\326a\216\014t=\017\002 =\207UU\251\222{p\014O\321\244Y\273\376%*\233O\002\222\301\237\242\305 \374o\361\220_\243\201\024\265\367by\212S\325C\240\024\312\370\262\227\317\370\362\3717\350\203\024\237\311\327\222\336\304\221\216Q\027\001uf'%5\022:P\210""; status: tsCURRENT; receiveTimestamp: 803842724; deferred: false; ","rawTransaction: ""\022\000\000""\000\000\000\000$\000\000\000\001 \033\000\000\000\027a@\000\000\027H\206*@h@\000\000\000\000\000\000\ns!\0030\347\374\235V\273%\326\211;\243\363\027\256[\3173\263)\033\326=\263&T\243\023""/\177\320 tG0E\002!\000\237\256\247\206\273\270\351}E\363<\373\313\267C\325\205\027/\321~bk,?\326a\216\014t=\017\002 =\207UU\251\222{p\014O\321\244Y\273\376%*\233O\002\222\301\237\242\305 \374o\361\220_\243\201\024\265\367by\212S\325C\240\024\312\370\262\227\317\370\362\3717\350\203\024\237\311\327\222\336\304\221\216Q\027\001uf'%5\022:P\210""; status: tsCURRENT; receiveTimestamp: 803842724; deferred: false; "
1750527524720,1750527524723,1179,1,1,4,TMTransaction,"rawTransaction: ""\022\000\000""\000\000\000\000$\000\000\000\001 \033\000\000\000\027a@\000\000\027H\206*@h@\000\000\000\000\000\000\ns!\0030\347\374\235V\273%\326\211;\243\363\027\256[\3173\263)\033\326=\263&T\243\023""/\177\320 tG0E\002!\000\237\256\247\206\273\270\351}E\363<\373\313\267C\325\205\027/\321~bk,?\326a\216\014t=\017\002 =\207UU\251\222{p\014O\321\244Y\273\376%*\233O\002\222\301\237\242\305 \374o\361\220_\243\201\024\265\367by\212S\325C\240\024\312\370\262\227\317\370\362\3717\350\203\024\237\311\327\222\336\304\221\216Q\027\001uf'%5\022:P\210""; status: tsCURRENT; receiveTimestamp: 803842724; deferred: false; ","rawTransaction: ""\022\000\000""\000\000\000\000$\000\000\000\001 \033\000\000\000\027a@\000\000\027H\206*@h@\000\000\000\000\000\000\ns!\0030\347\374\235V\273%\326\211;\243\363\027\256[\3173\263)\033\326=\263&T\243\023""/\177\320 tG0E\002!\000\237\256\247\206\273\270\351}E\363<\373\313\267C\325\205\027/\321~bk,?\326a\216\014t=\017\002 =\207UU\251\222{p\014O\321\244Y\273\376%*\233O\002\222\301\237\242\305 \374o\361\220_\243\201\024\265\367by\212S\325C\240\024\312\370\262\227\317\370\362\3717\350\203\024\237\311\327\222\336\304\221\216Q\027\001uf'%5\022:P\210""; status: tsCURRENT; receiveTimestamp: 803842724; deferred: false; "
1750527524720,1750527524722,3108,1,1,0,TMTransaction,"rawTransaction: ""\022\000\000""\000\000\000\000$\000\000\000\001 \033\000\000\000\027a@\000\000\027H\206*@h@\000\000\000\000\000\000\ns!\0030\347\374\235V\273%\326\211;\243\363\027\256[\3173\263)\033\326=\263&T\243\023""/\177\320 tG0E\002!\000\237\256\247\206\273\270\351}E\363<\373\313\267C\325\205\027/\321~bk,?\326a\216\014t=\017\002 =\207UU\251\222{p\014O\321\244Y\273\376%*\233O\002\222\301\237\242\305 \374o\361\220_\243\201\024\265\367by\212S\325C\240\024\312\370\262\227\317\370\362\3717\350\203\024\237\311\327\222\336\304\221\216Q\027\001uf'%5\022:P\210""; status: tsCURRENT; receiveTimestamp: 803842724; deferred: false; ","rawTransaction: ""\022\000\000""\000\000\000\000$\000\000\000\001 \033\000\000\000\027a@\000\000\027H\206*@h@\000\000\000\000\000\000\ns!\0030\347\374\235V\273%\326\211;\243\363\027\256[\3173\263)\033\326=\263&T\243\023""/\177\320 tG0E\002!\000\237\256\247\206\273\270\351}E\363<\373\313\267C\325\205\027/\321~bk,?\326a\216\014t=\017\002 =\207UU\251\222{p\014O\321\244Y\273\376%*\233O\002\222\301\237\242\305 \374o\361\220_\243\201\024\265\367by\212S\325C\240\024\312\370\262\227\317\370\362\3717\350\203\024\237\311\327\222\336\304\221\216Q\027\001uf'%5\022:P\210""; status: tsCURRENT; receiveTimestamp: 803842724; deferred: false; "
1750527524640,1750527524772,1961,1,1,4,TMStatusChange,"newEvent: neCLOSING_LEDGER; ledgerSeq: 3; ledgerHash: ""\375T\356\014\360o'\030\311-\267\031\257!\031T\006><\315XM\334\324\345\034\000\325\367\240\271\013""; ledgerHashPrevious: ""\032Yt\320\244{g\0306\\302\303*\341\215\223\257\364\277o\375\000r\241SOq\221\253\262\005\017""; networkTime: 803842724; firstSeq: 1; lastSeq: 3; ","newEvent: neCLOSING_LEDGER; ledgerSeq: 3; ledgerHash: ""\375T\356\014\360o'\030\311-\267\031\257!\031T\006><\315XM\334\324\345\034\000\325\367\240\271\013""; ledgerHashPrevious: ""\032Yt\320\244{g\0306\\302\303*\341\215\223\257\364\277o\375\000r\241SOq\221\253\262\005\017""; networkTime: 803842724; firstSeq: 1; lastSeq: 3; "
1750527524696,1750527524773,798,1,1,2,TMStatusChange,"newEvent: neCLOSING_LEDGER; ledgerSeq: 3; ledgerHash: ""\375T\356\014\360o'\030\311-\267\031\257!\031T\006><\315XM\334\324\345\034\000\325\367\240\271\013""; ledgerHashPrevious: ""\032Yt\320\244{g\0306\\302\303*\341\215\223\257\364\277o\375\000r\241SOq\221\253\262\005\017""; networkTime: 803842724; firstSeq: 1; lastSeq: 3; ","newEvent: neCLOSING_LEDGER; ledgerSeq: 3; ledgerHash: ""\375T\356\014\360o'\030\311-\267\031\257!\031T\006><\315XM\334\324\345\034\000\325\367\240\271\013""; ledgerHashPrevious: ""\032Yt\320\244{g\0306\\302\303*\341\215\223\257\364\277o\375\000r\241SOq\221\253\262\005\017""; networkTime: 803842724; firstSeq: 1; lastSeq: 3; "
1750527524682,1750527524773,3625,1,1,0,TMStatusChange,"newEvent: neCLOSING_LEDGER; ledgerSeq: 3; ledgerHash: ""\375T\356\014\360o'\030\311-\267\031\257!\031T\006><\315XM\334\324\345\034\000\325\367\240\271\013""; ledgerHashPrevious: ""\032Yt\320\244{g\0306\\302\303*\341\215\223\257\364\277o\375\000r\241SOq\221\253\262\005\017""; networkTime: 803842724; firstSeq: 1; lastSeq: 3; ","newEvent: neCLOSING_LEDGER; ledgerSeq: 3; ledgerHash: ""\375T\356\014\360o'\030\311-\267\031\257!\031T\006><\315XM\334\324\345\034\000\325\367\240\271\013""; ledgerHashPrevious: ""\032Yt\320\244{g\0306\\302\303*\341\215\223\257\364\277o\375\000r\241SOq\221\253\262\005\017""; networkTime: 803842724; firstSeq: 1; lastSeq: 3; "
1750527524648,1750527524772,3322,1,1,3,TMStatusChange,"newEvent: neCLOSING_LEDGER; ledgerSeq: 3; ledgerHash: ""\375T\356\014\360o'\030\311-\267\031\257!\031T\006><\315XM\334\324\345\034\000\325\367\240\271\013""; ledgerHashPrevious: ""\032Yt\320\244{g\0306\\302\303*\341\215\223\257\364\277o\375\000r\241SOq\221\253\262\005\017""; networkTime: 803842724; firstSeq: 1; lastSeq: 3; ","newEvent: neCLOSING_LEDGER; ledgerSeq: 3; ledgerHash: ""\375T\356\014\360o'\030\311-\267\031\257!\031T\006><\315XM\334\324\345\034\000\325\367\240\271\013""; ledgerHashPrevious: ""\032Yt\320\244{g\0306\\302\303*\341\215\223\257\364\277o\375\000r\241SOq\221\253\262\005\017""; networkTime: 803842724; firstSeq: 1; lastSeq: 3; "
1750527524782,1750527524782,3459,1,3,1,TMValidation,"validation: """"\200\000\000\001&\000\000\000\003)/\351\252\242:\355<\266\216~aC\027Q\375T\356\014\360o'\030\311-\267\031\257!\031T\006><\315XM\334\324\345\034\000\325\367\240\271\013P\027\000\000\000\000\000\000\000\000\000\000\000\000\000\000\000\000\000\000\000\000\000\000\000\000\000\000\000\000\000\000\000\000P\031-}\351f\032\255\274\334m\326c\017\014ao[\342\230\003\245\245\3341Hm\326^\017jy\335\261s!\002\225aM\037\203M\271C\224]$\245\215\334\264;{{\365%Z\2443U\201\242\320iUc\207\367vG0E\002!\000\337\232\301[\364J\233&{\254j9\005\370\210\314\250DF\021\344\036\245\350\244\004/R\212\021\376\372\002 \010\267~W\024\177\004\271\377\240\033\003`\311\031a7\254\231c\361f\027a\306\037.I\245\007]y""; ","validation: """"\200\000\000\001&\000\000\000\003)/\351\252\242:\355<\266\216~aC\027Q\375T\356\014\360o'\030\311-\267\031\257!\031T\006><\315XM\334\324\345\034\000\325\367\240\271\013P\027\000\000\000\000\000\000\000\000\000\000\000\000\000\000\000\000\000\000\000\000\000\000\000\000\000\000\000\000\000\000\000\000P\031-}\351f\032\255\274\334m\326c\017\014ao[\342\230\003\245\245\3341Hm\326^\017jy\335\261s!\002\225aM\037\203M\271C\224]$\245\215\334\264;{{\365%Z\2443U\201\242\320iUc\207\367vG0E\002!\000\337\232\301[\364J\233&{\254j9\005\370\210\314\250DF\021\344\036\245\350\244\004/R\212\021\376\372\002 \010\267~W\024\177\004\271\377\240\033\003`\311\031a7\254\231c\361f\027a\306\037.I\245\007]y""; "
1750527524783,1750527524783,1777,1,3,0,TMValidation,"validation: """"\200\000\000\001&\000\000\000\003)/\351\252\242:\355<\266\216~aC\027Q\375T\356\014\360o'\030\311-\267\031\257!\031T\006><\315XM\334\324\345\034\000\325\367\240\271\013P\027\000\000\000\000\000\000\000\000\000\000\000\000\000\000\000\000\000\000\000\000\000\000\000\000\000\000\000\000\000\000\000\000P\031-}\351f\032\255\274\334m\326c\017\014ao[\342\230\003\245\245\3341Hm\326^\017jy\335\261s!\002\225aM\037\203M\271C\224]$\245\215\334\264;{{\365%Z\2443U\201\242\320iUc\207\367vG0E\002!\000\337\232\301[\364J\233&{\254j9\005\370\210\314\250DF\021\344\036\245\350\244\004/R\212\021\376\372\002 \010\267~W\024\177\004\271\377\240\033\003`\311\031a7\254\231c\361f\027a\306\037.I\245\007]y""; ","validation: """"\200\000\000\001&\000\000\000\003)/\351\252\242:\355<\266\216~aC\027Q\375T\356\014\360o'\030\311-\267\031\257!\031T\006><\315XM\334\324\345\034\000\325\367\240\271\013P\027\000\000\000\000\000\000\000\000\000\000\000\000\000\000\000\000\000\000\000\000\000\000\000\000\000\000\000\000\000\000\000\000P\031-}\351f\032\255\274\334m\326c\017\014ao[\342\230\003\245\245\3341Hm\326^\017jy\335\261s!\002\225aM\037\203M\271C\224]$\245\215\334\264;{{\365%Z\2443U\201\242\320iUc\207\367vG0E\002!\000\337\232\301[\364J\233&{\254j9\005\370\210\314\250DF\021\344\036\245\350\244\004/R\212\021\376\372\002 \010\267~W\024\177\004\271\377\240\033\003`\311\031a7\254\231c\361f\027a\306\037.I\245\007]y""; "
1750527524783,1750527524783,3736,1,3,4,TMValidation,"validation: """"\200\000\000\001&\000\000\000\003)/\351\252\242:\355<\266\216~aC\027Q\375T\356\014\360o'\030\311-\267\031\257!\031T\006><\315XM\334\324\345\034\000\325\367\240\271\013P\027\000\000\000\000\000\000\000\000\000\000\000\000\000\000\000\000\000\000\000\000\000\000\000\000\000\000\000\000\000\000\000\000P\031-}\351f\032\255\274\334m\326c\017\014ao[\342\230\003\245\245\3341Hm\326^\017jy\335\261s!\002\225aM\037\203M\271C\224]$\245\215\334\264;{{\365%Z\2443U\201\242\320iUc\207\367vG0E\002!\000\337\232\301[\364J\233&{\254j9\005\370\210\314\250DF\021\344\036\245\350\244\004/R\212\021\376\372\002 \010\267~W\024\177\004\271\377\240\033\003`\311\031a7\254\231c\361f\027a\306\037.I\245\007]y""; ","validation: """"\200\000\000\001&\000\000\000\003)/\351\252\242:\355<\266\216~aC\027Q\375T\356\014\360o'\030\311-\267\031\257!\031T\006><\315XM\334\324\345\034\000\325\367\240\271\013P\027\000\000\000\000\000\000\000\000\000\000\000\000\000\000\000\000\000\000\000\000\000\000\000\000\000\000\000\000\000\000\000\000P\031-}\351f\032\255\274\334m\326c\017\014ao[\342\230\003\245\245\3341Hm\326^\017jy\335\261s!\002\225aM\037\203M\271C\224]$\245\215\334\264;{{\365%Z\2443U\201\242\320iUc\207\367vG0E\002!\000\337\232\301[\364J\233&{\254j9\005\370\210\314\250DF\021\344\036\245\350\244\004/R\212\021\376\372\002 \010\267~W\024\177\004\271\377\240\033\003`\311\031a7\254\231c\361f\027a\306\037.I\245\007]y""; "
1750527524866,1750527524866,2785,1,3,0,TMTransaction,"rawTransaction: ""\022\000\000""\000\000\000\000$\000\000\000\001 \033\000\000\000\027a@\000\000\027H\206*@h@\000\000\000\000\000\000\ns!\0030\347\374\235V\273%\326\211;\243\363\027\256[\3173\263)\033\326=\263&T\243\023""/\177\320 tG0E\002!\000\237\256\247\206\273\270\351}E\363<\373\313\267C\325\205\027/\321~bk,?\326a\216\014t=\017\002 =\207UU\251\222{p\014O\321\244Y\273\376%*\233O\002\222\301\237\242\305 \374o\361\220_\243\201\024\265\367by\212S\325C\240\024\312\370\262\227\317\370\362\3717\350\203\024\237\311\327\222\336\304\221\216Q\027\001uf'%5\022:P\210""; status: tsCURRENT; receiveTimestamp: 803842724; deferred: false; ","rawTransaction: ""\022\000\000""\000\000\000\000$\000\000\000\001 \033\000\000\000\027a@\000\000\027H\206*@h@\000\000\000\000\000\000\ns!\0030\347\374\235V\273%\326\211;\243\363\027\256[\3173\263)\033\326=\263&T\243\023""/\177\320 tG0E\002!\000\237\256\247\206\273\270\351}E\363<\373\313\267C\325\205\027/\321~bk,?\326a\216\014t=\017\002 =\207UU\251\222{p\014O\321\244Y\273\376%*\233O\002\222\301\237\242\305 \374o\361\220_\243\201\024\265\367by\212S\325C\240\024\312\370\262\227\317\370\362\3717\350\203\024\237\311\327\222\336\304\221\216Q\027\001uf'%5\022:P\210""; status: tsCURRENT; receiveTimestamp: 803842724; deferred: false; "
1750527524866,1750527524866,224,1,3,4,TMTransaction,"rawTransaction: ""\022\000\000""\000\000\000\000$\000\000\000\001 \033\000\000\000\027a@\000\000\027H\206*@h@\000\000\000\000\000\000\ns!\0030\347\374\235V\273%\326\211;\243\363\027\256[\3173\263)\033\326=\263&T\243\023""/\177\320 tG0E\002!\000\237\256\247\206\273\270\351}E\363<\373\313\267C\325\205\027/\321~bk,?\326a\216\014t=\017\002 =\207UU\251\222{p\014O\321\244Y\273\376%*\233O\002\222\301\237\242\305 \374o\361\220_\243\201\024\265\367by\212S\325C\240\024\312\370\262\227\317\370\362\3717\350\203\024\237\311\327\222\336\304\221\216Q\027\001uf'%5\022:P\210""; status: tsCURRENT; receiveTimestamp: 803842724; deferred: false; ","rawTransaction: ""\022\000\000""\000\000\000\000$\000\000\000\001 \033\000\000\000\027a@\000\000\027H\206*@h@\000\000\000\000\000\000\ns!\0030\347\374\235V\273%\326\211;\243\363\027\256[\3173\263)\033\326=\263&T\243\023""/\177\320 tG0E\002!\000\237\256\247\206\273\270\351}E\363<\373\313\267C\325\205\027/\321~bk,?\326a\216\014t=\017\002 =\207UU\251\222{p\014O\321\244Y\273\376%*\233O\002\222\301\237\242\305 \374o\361\220_\243\201\024\265\367by\212S\325C\240\024\312\370\262\227\317\370\362\3717\350\203\024\237\311\327\222\336\304\221\216Q\027\001uf'%5\022:P\210""; status: tsCURRENT; receiveTimestamp: 803842724; deferred: false; "
1750527524866,1750527524867,605,1,3,2,TMTransaction,"rawTransaction: ""\022\000\000""\000\000\000\000$\000\000\000\001 \033\000\000\000\027a@\000\000\027H\206*@h@\000\000\000\000\000\000\ns!\0030\347\374\235V\273%\326\211;\243\363\027\256[\3173\263)\033\326=\263&T\243\023""/\177\320 tG0E\002!\000\237\256\247\206\273\270\351}E\363<\373\313\267C\325\205\027/\321~bk,?\326a\216\014t=\017\002 =\207UU\251\222{p\014O\321\244Y\273\376%*\233O\002\222\301\237\242\305 \374o\361\220_\243\201\024\265\367by\212S\325C\240\024\312\370\262\227\317\370\362\3717\350\203\024\237\311\327\222\336\304\221\216Q\027\001uf'%5\022:P\210""; status: tsCURRENT; receiveTimestamp: 803842724; deferred: false; ","rawTransaction: ""\022\000\000""\000\000\000\000$\000\000\000\001 \033\000\000\000\027a@\000\000\027H\206*@h@\000\000\000\000\000\000\ns!\0030\347\374\235V\273%\326\211;\243\363\027\256[\3173\263)\033\326=\263&T\243\023""/\177\320 tG0E\002!\000\237\256\247\206\273\270\351}E\363<\373\313\267C\325\205\027/\321~bk,?\326a\216\014t=\017\002 =\207UU\251\222{p\014O\321\244Y\273\376%*\233O\002\222\301\237\242\305 \374o\361\220_\243\201\024\265\367by\212S\325C\240\024\312\370\262\227\317\370\362\3717\350\203\024\237\311\327\222\336\304\221\216Q\027\001uf'%5\022:P\210""; status: tsCURRENT; receiveTimestamp: 803842724; deferred: false; "
1750527524906,1750527524906,2441,1,4,2,TMProposeSet,"proposeSeq: 0; currentTxHash: ""\000\000\000\000\000\000\000\000\000\000\000\000\000\000\000\000\000\000\000\000\000\000\000\000\000\000\000\000\000\000\000\000""; nodePubKey: ""\002\225aM\037\203M\271C\224]$\245\215\334\264;{{\365%Z\2443U\201\242\320iUc\207\367""; closeTime: 803842723; signature: ""0D\002 d\026$\303\342\323\305:\221\222\013|x\013\r\021\262\273\262\031\350\260gFKX\034\325d}\371\301\002 ]\031\364+Zdu\361\256\006X\316\021*\370\262\323\317\312\335\363\030\376P\330P#\353/\033\316r""; previousledger: ""\375T\356\014\360o'\030\311-\267\031\257!\031T\006><\315XM\334\324\345\034\000\325\367\240\271\013""; ","proposeSeq: 0; currentTxHash: ""\000\000\000\000\000\000\000\000\000\000\000\000\000\000\000\000\000\000\000\000\000\000\000\000\000\000\000\000\000\000\000\000""; nodePubKey: ""\002\225aM\037\203M\271C\224]$\245\215\334\264;{{\365%Z\2443U\201\242\320iUc\207\367""; closeTime: 803842723; signature: ""0D\002 d\026$\303\342\323\305:\221\222\013|x\013\r\021\262\273\262\031\350\260gFKX\034\325d}\371\301\002 ]\031\364+Zdu\361\256\006X\316\021*\370\262\323\317\312\335\363\030\376P\330P#\353/\033\316r""; previousledger: ""\375T\356\014\360o'\030\311-\267\031\257!\031T\006><\315XM\334\324\345\034\000\325\367\240\271\013""; "
1750527524907,1750527524907,2972,1,4,0,TMProposeSet,"proposeSeq: 0; currentTxHash: ""\000\000\000\000\000\000\000\000\000\000\000\000\000\000\000\000\000\000\000\000\000\000\000\000\000\000\000\000\000\000\000\000""; nodePubKey: ""\002\225aM\037\203M\271C\224]$\245\215\334\264;{{\365%Z\2443U\201\242\320iUc\207\367""; closeTime: 803842723; signature: ""0D\002 d\026$\303\342\323\305:\221\222\013|x\013\r\021\262\273\262\031\350\260gFKX\034\325d}\371\301\002 ]\031\364+Zdu\361\256\006X\316\021*\370\262\323\317\312\335\363\030\376P\330P#\353/\033\316r""; previousledger: ""\375T\356\014\360o'\030\311-\267\031\257!\031T\006><\315XM\334\324\345\034\000\325\367\240\271\013""; ","proposeSeq: 0; currentTxHash: ""\000\000\000\000\000\000\000\000\000\000\000\000\000\000\000\000\000\000\000\000\000\000\000\000\000\000\000\000\000\000\000\000""; nodePubKey: ""\002\225aM\037\203M\271C\224]$\245\215\334\264;{{\365%Z\2443U\201\242\320iUc\207\367""; closeTime: 803842723; signature: ""0D\002 d\026$\303\342\323\305:\221\222\013|x\013\r\021\262\273\262\031\350\260gFKX\034\325d}\371\301\002 ]\031\364+Zdu\361\256\006X\316\021*\370\262\323\317\312\335\363\030\376P\330P#\353/\033\316r""; previousledger: ""\375T\356\014\360o'\030\311-\267\031\257!\031T\006><\315XM\334\324\345\034\000\325\367\240\271\013""; "
1750527524907,1750527524907,2455,1,4,1,TMProposeSet,"proposeSeq: 0; currentTxHash: ""\000\000\000\000\000\000\000\000\000\000\000\000\000\000\000\000\000\000\000\000\000\000\000\000\000\000\000\000\000\000\000\000""; nodePubKey: ""\002\225aM\037\203M\271C\224]$\245\215\334\264;{{\365%Z\2443U\201\242\320iUc\207\367""; closeTime: 803842723; signature: ""0D\002 d\026$\303\342\323\305:\221\222\013|x\013\r\021\262\273\262\031\350\260gFKX\034\325d}\371\301\002 ]\031\364+Zdu\361\256\006X\316\021*\370\262\323\317\312\335\363\030\376P\330P#\353/\033\316r""; previousledger: ""\375T\356\014\360o'\030\311-\267\031\257!\031T\006><\315XM\334\324\345\034\000\325\367\240\271\013""; ","proposeSeq: 0; currentTxHash: ""\000\000\000\000\000\000\000\000\000\000\000\000\000\000\000\000\000\000\000\000\000\000\000\000\000\000\000\000\000\000\000\000""; nodePubKey: ""\002\225aM\037\203M\271C\224]$\245\215\334\264;{{\365%Z\2443U\201\242\320iUc\207\367""; closeTime: 803842723; signature: ""0D\002 d\026$\303\342\323\305:\221\222\013|x\013\r\021\262\273\262\031\350\260gFKX\034\325d}\371\301\002 ]\031\364+Zdu\361\256\006X\316\021*\370\262\323\317\312\335\363\030\376P\330P#\353/\033\316r""; previousledger: ""\375T\356\014\360o'\030\311-\267\031\257!\031T\006><\315XM\334\324\345\034\000\325\367\240\271\013""; "
1750527524951,1750527524951,3736,1,3,4,TMValidation,"validation: """"\200\000\000\001&\000\000\000\003)/\351\252\243:\303`\246;Q\203[_Q\375T\356\014\360o'\030\311-\267\031\257!\031T\006><\315XM\334\324\345\034\000\325\367\240\271\013P\027\000\000\000\000\000\000\000\000\000\000\000\000\000\000\000\000\000\000\000\000\000\000\000\000\000\000\000\000\000\000\000\000P\031-}\351f\032\255\274\334m\326c\017\014ao[\342\230\003\245\245\3341Hm\326^\017jy\335\261s!\002\266\377\271\344:\030\221i\267\257\215\237M\014\3345f\014\273|\207\367\334\337F\325\004cxB\211LvF0D\002 j\314\277\0134\200C\377\313\2410\241i\010}\247\000\236#et\320uS\241E(\330\304'\221\226\002 \002,\013\317X\310\235?\t;\302Mu\311\216\333\323Ux\010\027T\375\361\013S\221\322\3019\363V""; ","validation: """"\200\000\000\001&\000\000\000\003)/\351\252\243:\303`\246;Q\203[_Q\375T\356\014\360o'\030\311-\267\031\257!\031T\006><\315XM\334\324\345\034\000\325\367\240\271\013P\027\000\000\000\000\000\000\000\000\000\000\000\000\000\000\000\000\000\000\000\000\000\000\000\000\000\000\000\000\000\000\000\000P\031-}\351f\032\255\274\334m\326c\017\014ao[\342\230\003\245\245\3341Hm\326^\017jy\335\261s!\002\266\377\271\344:\030\221i\267\257\215\237M\014\3345f\014\273|\207\367\334\337F\325\004cxB\211LvF0D\002 j\314\277\0134\200C\377\313\2410\241i\010}\247\000\236#et\320uS\241E(\330\304'\221\226\002 \002,\013\317X\310\235?\t;\302Mu\311\216\333\323Ux\010\027T\375\361\013S\221\322\3019\363V""; "
1750527524951,1750527524952,1777,1,3,0,TMValidation,"validation: """"\200\000\000\001&\000\000\000\003)/\351\252\243:\303`\246;Q\203[_Q\375T\356\014\360o'\030\311-\267\031\257!\031T\006><\315XM\334\324\345\034\000\325\367\240\271\013P\027\000\000\000\000\000\000\000\000\000\000\000\000\000\000\000\000\000\000\000\000\000\000\000\000\000\000\000\000\000\000\000\000P\031-}\351f\032\255\274\334m\326c\017\014ao[\342\230\003\245\245\3341Hm\326^\017jy\335\261s!\002\266\377\271\344:\030\221i\267\257\215\237M\014\3345f\014\273|\207\367\334\337F\325\004cxB\211LvF0D\002 j\314\277\0134\200C\377\313\2410\241i\010}\247\000\236#et\320uS\241E(\330\304'\221\226\002 \002,\013\317X\310\235?\t;\302Mu\311\216\333\323Ux\010\027T\375\361\013S\221\322\3019\363V""; ","validation: """"\200\000\000\001&\000\000\000\003)/\351\252\243:\303`\246;Q\203[_Q\375T\356\014\360o'\030\311-\267\031\257!\031T\006><\315XM\334\324\345\034\000\325\367\240\271\013P\027\000\000\000\000\000\000\000\000\000\000\000\000\000\000\000\000\000\000\000\000\000\000\000\000\000\000\000\000\000\000\000\000P\031-}\351f\032\255\274\334m\326c\017\014ao[\342\230\003\245\245\3341Hm\326^\017jy\335\261s!\002\266\377\271\344:\030\221i\267\257\215\237M\014\3345f\014\273|\207\367\334\337F\325\004cxB\211LvF0D\002 j\314\277\0134\200C\377\313\2410\241i\010}\247\000\236#et\320uS\241E(\330\304'\221\226\002 \002,\013\317X\310\235?\t;\302Mu\311\216\333\323Ux\010\027T\375\361\013S\221\322\3019\363V""; "
1750527524952,1750527524952,3125,1,3,2,TMValidation,"validation: """"\200\000\000\001&\000\000\000\003)/\351\252\243:\303`\246;Q\203[_Q\375T\356\014\360o'\030\311-\267\031\257!\031T\006><\315XM\334\324\345\034\000\325\367\240\271\013P\027\000\000\000\000\000\000\000\000\000\000\000\000\000\000\000\000\000\000\000\000\000\000\000\000\000\000\000\000\000\000\000\000P\031-}\351f\032\255\274\334m\326c\017\014ao[\342\230\003\245\245\3341Hm\326^\017jy\335\261s!\002\266\377\271\344:\030\221i\267\257\215\237M\014\3345f\014\273|\207\367\334\337F\325\004cxB\211LvF0D\002 j\314\277\0134\200C\377\313\2410\241i\010}\247\000\236#et\320uS\241E(\330\304'\221\226\002 \002,\013\317X\310\235?\t;\302Mu\311\216\333\323Ux\010\027T\375\361\013S\221\322\3019\363V""; ","validation: """"\200\000\000\001&\000\000\000\003)/\351\252\243:\303`\246;Q\203[_Q\375T\356\014\360o'\030\311-\267\031\257!\031T\006><\315XM\334\324\345\034\000\325\367\240\271\013P\027\000\000\000\000\000\000\000\000\000\000\000\000\000\000\000\000\000\000\000\000\000\000\000\000\000\000\000\000\000\000\000\000P\031-}\351f\032\255\274\334m\326c\017\014ao[\342\230\003\245\245\3341Hm\326^\017jy\335\261s!\002\266\377\271\344:\030\221i\267\257\215\237M\014\3345f\014\273|\207\367\334\337F\325\004cxB\211LvF0D\002 j\314\277\0134\200C\377\313\2410\241i\010}\247\000\236#et\320uS\241E(\330\304'\221\226\002 \002,\013\317X\310\235?\t;\302Mu\311\216\333\323Ux\010\027T\375\361\013S\221\322\3019\363V""; "
1750527525009,1750527525009,3803,1,4,1,TMValidation,"validation: """"\200\000\000\001&\000\000\000\003)/\351\252\242:p\210\265\307-\212\200\004Q\375T\356\014\360o'\030\311-\267\031\257!\031T\006><\315XM\334\324\345\034\000\325\367\240\271\013P\027\000\000\000\000\000\000\000\000\000\000\000\000\000\000\000\000\000\000\000\000\000\000\000\000\000\000\000\000\000\000\000\000P\031-}\351f\032\255\274\334m\326c\017\014ao[\342\230\003\245\245\3341Hm\326^\017jy\335\261s!\002\364d\217\366\217|\316F\232\231\241\n\261\333`\312O\367\235\025DD\336e\367\n\312\326\221\037\025\230vF0D\002 i\234\244h1\250\316}\313%\2620\320{&\372\216\317\314\264V3\217\311d\241\370?My)0\002 J\026\023bN\t\216\201[\360^\327\311F\036\203gs\370\321iQ5\245G\260\237\331v`\205\203""; ","validation: """"\200\000\000\001&\000\000\000\003)/\351\252\242:p\210\265\307-\212\200\004Q\375T\356\014\360o'\030\311-\267\031\257!\031T\006><\315XM\334\324\345\034\000\325\367\240\271\013P\027\000\000\000\000\000\000\000\000\000\000\000\000\000\000\000\000\000\000\000\000\000\000\000\000\000\000\000\000\000\000\000\000P\031-}\351f\032\255\274\334m\326c\017\014ao[\342\230\003\245\245\3341Hm\326^\017jy\335\261s!\002\364d\217\366\217|\316F\232\231\241\n\261\333`\312O\367\235\025DD\336e\367\n\312\326\221\037\025\230vF0D\002 i\234\244h1\250\316}\313%\2620\320{&\372\216\317\314\264V3\217\311d\241\370?My)0\002 J\026\023bN\t\216\201[\360^\327\311F\036\203gs\370\321iQ5\245G\260\237\331v`\205\203""; "
1750527525009,1750527525010,3620,1,4,3,TMValidation,"validation: """"\200\000\000\001&\000\000\000\003)/\351\252\242:p\210\265\307-\212\200\004Q\375T\356\014\360o'\030\311-\267\031\257!\031T\006><\315XM\334\324\345\034\000\325\367\240\271\013P\027\000\000\000\000\000\000\000\000\000\000\000\000\000\000\000\000\000\000\000\000\000\000\000\000\000\000\000\000\000\000\000\000P\031-}\351f\032\255\274\334m\326c\017\014ao[\342\230\003\245\245\3341Hm\326^\017jy\335\261s!\002\364d\217\366\217|\316F\232\231\241\n\261\333`\312O\367\235\025DD\336e\367\n\312\326\221\037\025\230vF0D\002 i\234\244h1\250\316}\313%\2620\320{&\372\216\317\314\264V3\217\311d\241\370?My)0\002 J\026\023bN\t\216\201[\360^\327\311F\036\203gs\370\321iQ5\245G\260\237\331v`\205\203""; ","validation: """"\200\000\000\001&\000\000\000\003)/\351\252\242:p\210\265\307-\212\200\004Q\375T\356\014\360o'\030\311-\267\031\257!\031T\006><\315XM\334\324\345\034\000\325\367\240\271\013P\027\000\000\000\000\000\000\000\000\000\000\000\000\000\000\000\000\000\000\000\000\000\000\000\000\000\000\000\000\000\000\000\000P\031-}\351f\032\255\274\334m\326c\017\014ao[\342\230\003\245\245\3341Hm\326^\017jy\335\261s!\002\364d\217\366\217|\316F\232\231\241\n\261\333`\312O\367\235\025DD\336e\367\n\312\326\221\037\025\230vF0D\002 i\234\244h1\250\316}\313%\2620\320{&\372\216\317\314\264V3\217\311d\241\370?My)0\002 J\026\023bN\t\216\201[\360^\327\311F\036\203gs\370\321iQ5\245G\260\237\331v`\205\203""; "
1750527525010,1750527525010,783,1,4,2,TMValidation,"validation: """"\200\000\000\001&\000\000\000\003)/\351\252\242:p\210\265\307-\212\200\004Q\375T\356\014\360o'\030\311-\267\031\257!\031T\006><\315XM\334\324\345\034\000\325\367\240\271\013P\027\000\000\000\000\000\000\000\000\000\000\000\000\000\000\000\000\000\000\000\000\000\000\000\000\000\000\000\000\000\000\000\000P\031-}\351f\032\255\274\334m\326c\017\014ao[\342\230\003\245\245\3341Hm\326^\017jy\335\261s!\002\364d\217\366\217|\316F\232\231\241\n\261\333`\312O\367\235\025DD\336e\367\n\312\326\221\037\025\230vF0D\002 i\234\244h1\250\316}\313%\2620\320{&\372\216\317\314\264V3\217\311d\241\370?My)0\002 J\026\023bN\t\216\201[\360^\327\311F\036\203gs\370\321iQ5\245G\260\237\331v`\205\203""; ","validation: """"\200\000\000\001&\000\000\000\003)/\351\252\242:p\210\265\307-\212\200\004Q\375T\356\014\360o'\030\311-\267\031\257!\031T\006><\315XM\334\324\345\034\000\325\367\240\271\013P\027\000\000\000\000\000\000\000\000\000\000\000\000\000\000\000\000\000\000\000\000\000\000\000\000\000\000\000\000\000\000\000\000P\031-}\351f\032\255\274\334m\326c\017\014ao[\342\230\003\245\245\3341Hm\326^\017jy\335\261s!\002\364d\217\366\217|\316F\232\231\241\n\261\333`\312O\367\235\025DD\336e\367\n\312\326\221\037\025\230vF0D\002 i\234\244h1\250\316}\313%\2620\320{&\372\216\317\314\264V3\217\311d\241\370?My)0\002 J\026\023bN\t\216\201[\360^\327\311F\036\203gs\370\321iQ5\245G\260\237\331v`\205\203""; "
1750527525038,1750527525038,3422,1,0,3,TMValidation,"validation: """"\200\000\000\001&\000\000\000\003)/\351\252\243:\303`\246;Q\203[_Q\375T\356\014\360o'\030\311-\267\031\257!\031T\006><\315XM\334\324\345\034\000\325\367\240\271\013P\027\000\000\000\000\000\000\000\000\000\000\000\000\000\000\000\000\000\000\000\000\000\000\000\000\000\000\000\000\000\000\000\000P\031-}\351f\032\255\274\334m\326c\017\014ao[\342\230\003\245\245\3341Hm\326^\017jy\335\261s!\002\266\377\271\344:\030\221i\267\257\215\237M\014\3345f\014\273|\207\367\334\337F\325\004cxB\211LvF0D\002 j\314\277\0134\200C\377\313\2410\241i\010}\247\000\236#et\320uS\241E(\330\304'\221\226\002 \002,\013\317X\310\235?\t;\302Mu\311\216\333\323Ux\010\027T\375\361\013S\221\322\3019\363V""; ","validation: """"\200\000\000\001&\000\000\000\003)/\351\252\243:\303`\246;Q\203[_Q\375T\356\014\360o'\030\311-\267\031\257!\031T\006><\315XM\334\324\345\034\000\325\367\240\271\013P\027\000\000\000\000\000\000\000\000\000\000\000\000\000\000\000\000\000\000\000\000\000\000\000\000\000\000\000\000\000\000\000\000P\031-}\351f\032\255\274\334m\326c\017\014ao[\342\230\003\245\245\3341Hm\326^\017jy\335\261s!\002\266\377\271\344:\030\221i\267\257\215\237M\014\3345f\014\273|\207\367\334\337F\325\004cxB\211LvF0D\002 j\314\277\0134\200C\377\313\2410\241i\010}\247\000\236#et\320uS\241E(\330\304'\221\226\002 \002,\013\317X\310\235?\t;\302Mu\311\216\333\323Ux\010\027T\375\361\013S\221\322\3019\363V""; "
1750527525038,1750527525038,782,1,0,4,TMValidation,"validation: """"\200\000\000\001&\000\000\000\003)/\351\252\243:\303`\246;Q\203[_Q\375T\356\014\360o'\030\311-\267\031\257!\031T\006><\315XM\334\324\345\034\000\325\367\240\271\013P\027\000\000\000\000\000\000\000\000\000\000\000\000\000\000\000\000\000\000\000\000\000\000\000\000\000\000\000\000\000\000\000\000P\031-}\351f\032\255\274\334m\326c\017\014ao[\342\230\003\245\245\3341Hm\326^\017jy\335\261s!\002\266\377\271\344:\030\221i\267\257\215\237M\014\3345f\014\273|\207\367\334\337F\325\004cxB\211LvF0D\002 j\314\277\0134\200C\377\313\2410\241i\010}\247\000\236#et\320uS\241E(\330\304'\221\226\002 \002,\013\317X\310\235?\t;\302Mu\311\216\333\323Ux\010\027T\375\361\013S\221\322\3019\363V""; ","validation: """"\200\000\000\001&\000\000\000\003)/\351\252\243:\303`\246;Q\203[_Q\375T\356\014\360o'\030\311-\267\031\257!\031T\006><\315XM\334\324\345\034\000\325\367\240\271\013P\027\000\000\000\000\000\000\000\000\000\000\000\000\000\000\000\000\000\000\000\000\000\000\000\000\000\000\000\000\000\000\000\000P\031-}\351f\032\255\274\334m\326c\017\014ao[\342\230\003\245\245\3341Hm\326^\017jy\335\261s!\002\266\377\271\344:\030\221i\267\257\215\237M\014\3345f\014\273|\207\367\334\337F\325\004cxB\211LvF0D\002 j\314\277\0134\200C\377\313\2410\241i\010}\247\000\236#et\320uS\241E(\330\304'\221\226\002 \002,\013\317X\310\235?\t;\302Mu\311\216\333\323Ux\010\027T\375\361\013S\221\322\3019\363V""; "
1750527525038,1750527525038,2261,1,0,1,TMValidation,"validation: """"\200\000\000\001&\000\000\000\003)/\351\252\243:\303`\246;Q\203[_Q\375T\356\014\360o'\030\311-\267\031\257!\031T\006><\315XM\334\324\345\034\000\325\367\240\271\013P\027\000\000\000\000\000\000\000\000\000\000\000\000\000\000\000\000\000\000\000\000\000\000\000\000\000\000\000\000\000\000\000\000P\031-}\351f\032\255\274\334m\326c\017\014ao[\342\230\003\245\245\3341Hm\326^\017jy\335\261s!\002\266\377\271\344:\030\221i\267\257\215\237M\014\3345f\014\273|\207\367\334\337F\325\004cxB\211LvF0D\002 j\314\277\0134\200C\377\313\2410\241i\010}\247\000\236#et\320uS\241E(\330\304'\221\226\002 \002,\013\317X\310\235?\t;\302Mu\311\216\333\323Ux\010\027T\375\361\013S\221\322\3019\363V""; ","validation: """"\200\000\000\001&\000\000\000\003)/\351\252\243:\303`\246;Q\203[_Q\375T\356\014\360o'\030\311-\267\031\257!\031T\006><\315XM\334\324\345\034\000\325\367\240\271\013P\027\000\000\000\000\000\000\000\000\000\000\000\000\000\000\000\000\000\000\000\000\000\000\000\000\000\000\000\000\000\000\000\000P\031-}\351f\032\255\274\334m\326c\017\014ao[\342\230\003\245\245\3341Hm\326^\017jy\335\261s!\002\266\377\271\344:\030\221i\267\257\215\237M\014\3345f\014\273|\207\367\334\337F\325\004cxB\211LvF0D\002 j\314\277\0134\200C\377\313\2410\241i\010}\247\000\236#et\320uS\241E(\330\304'\221\226\002 \002,\013\317X\310\235?\t;\302Mu\311\216\333\323Ux\010\027T\375\361\013S\221\322\3019\363V""; "
1750527525078,1750527525078,2441,1,4,2,TMProposeSet,"proposeSeq: 0; currentTxHash: ""\000\000\000\000\000\000\000\000\000\000\000\000\000\000\000\000\000\000\000\000\000\000\000\000\000\000\000\000\000\000\000\000""; nodePubKey: ""\002\266\377\271\344:\030\221i\267\257\215\237M\014\3345f\014\273|\207\367\334\337F\325\004cxB\211L""; closeTime: 803842724; signature: ""0E\002!\000\243\r\266\256D>bP\305+\236\257;\322~\264\344K\211\317\2636+O\007~\337\235t\026\301\320\002 \023g\020\265\302\212\004\343\377\354\240;\252\207L\222\031\0317\247t\271\303\265V\243\361\205t\233]\372""; previousledger: ""\375T\356\014\360o'\030\311-\267\031\257!\031T\006><\315XM\334\324\345\034\000\325\367\240\271\013""; ","proposeSeq: 0; currentTxHash: ""\000\000\000\000\000\000\000\000\000\000\000\000\000\000\000\000\000\000\000\000\000\000\000\000\000\000\000\000\000\000\000\000""; nodePubKey: ""\002\266\377\271\344:\030\221i\267\257\215\237M\014\3345f\014\273|\207\367\334\337F\325\004cxB\211L""; closeTime: 803842724; signature: ""0E\002!\000\243\r\266\256D>bP\305+\236\257;\322~\264\344K\211\317\2636+O\007~\337\235t\026\301\320\002 \023g\020\265\302\212\004\343\377\354\240;\252\207L\222\031\0317\247t\271\303\265V\243\361\205t\233]\372""; previousledger: ""\375T\356\014\360o'\030\311-\267\031\257!\031T\006><\315XM\334\324\345\034\000\325\367\240\271\013""; "
1750527525079,1750527525079,371,1,4,3,TMProposeSet,"proposeSeq: 0; currentTxHash: ""\000\000\000\000\000\000\000\000\000\000\000\000\000\000\000\000\000\000\000\000\000\000\000\000\000\000\000\000\000\000\000\000""; nodePubKey: ""\002\266\377\271\344:\030\221i\267\257\215\237M\014\3345f\014\273|\207\367\334\337F\325\004cxB\211L""; closeTime: 803842724; signature: ""0E\002!\000\243\r\266\256D>bP\305+\236\257;\322~\264\344K\211\317\2636+O\007~\337\235t\026\301\320\002 \023g\020\265\302\212\004\343\377\354\240;\252\207L\222\031\0317\247t\271\303\265V\243\361\205t\233]\372""; previousledger: ""\375T\356\014\360o'\030\311-\267\031\257!\031T\006><\315XM\334\324\345\034\000\325\367\240\271\013""; ","proposeSeq: 0; currentTxHash: ""\000\000\000\000\000\000\000\000\000\000\000\000\000\000\000\000\000\000\000\000\000\000\000\000\000\000\000\000\000\000\000\000""; nodePubKey: ""\002\266\377\271\344:\030\221i\267\257\215\237M\014\3345f\014\273|\207\367\334\337F\325\004cxB\211L""; closeTime: 803842724; signature: ""0E\002!\000\243\r\266\256D>bP\305+\236\257;\322~\264\344K\211\317\2636+O\007~\337\235t\026\301\320\002 \023g\020\265\302\212\004\343\377\354\240;\252\207L\222\031\0317\247t\271\303\265V\243\361\205t\233]\372""; previousledger: ""\375T\356\014\360o'\030\311-\267\031\257!\031T\006><\315XM\334\324\345\034\000\325\367\240\271\013""; "
1750527525079,1750527525079,2972,1,4,0,TMProposeSet,"proposeSeq: 0; currentTxHash: ""\000\000\000\000\000\000\000\000\000\000\000\000\000\000\000\000\000\000\000\000\000\000\000\000\000\000\000\000\000\000\000\000""; nodePubKey: ""\002\266\377\271\344:\030\221i\267\257\215\237M\014\3345f\014\273|\207\367\334\337F\325\004cxB\211L""; closeTime: 803842724; signature: ""0E\002!\000\243\r\266\256D>bP\305+\236\257;\322~\264\344K\211\317\2636+O\007~\337\235t\026\301\320\002 \023g\020\265\302\212\004\343\377\354\240;\252\207L\222\031\0317\247t\271\303\265V\243\361\205t\233]\372""; previousledger: ""\375T\356\014\360o'\030\311-\267\031\257!\031T\006><\315XM\334\324\345\034\000\325\367\240\271\013""; ","proposeSeq: 0; currentTxHash: ""\000\000\000\000\000\000\000\000\000\000\000\000\000\000\000\000\000\000\000\000\000\000\000\000\000\000\000\000\000\000\000\000""; nodePubKey: ""\002\266\377\271\344:\030\221i\267\257\215\237M\014\3345f\014\273|\207\367\334\337F\325\004cxB\211L""; closeTime: 803842724; signature: ""0E\002!\000\243\r\266\256D>bP\305+\236\257;\322~\264\344K\211\317\2636+O\007~\337\235t\026\301\320\002 \023g\020\265\302\212\004\343\377\354\240;\252\207L\222\031\0317\247t\271\303\265V\243\361\205t\233]\372""; previousledger: ""\375T\356\014\360o'\030\311-\267\031\257!\031T\006><\315XM\334\324\345\034\000\325\367\240\271\013""; "
1750527525093,1750527525094,2463,1,4,1,TMTransaction,"rawTransaction: ""\022\000\000""\000\000\000\000$\000\000\000\001 \033\000\000\000\027a@\000\000\027H\206*@h@\000\000\000\000\000\000\ns!\0030\347\374\235V\273%\326\211;\243\363\027\256[\3173\263)\033\326=\263&T\243\023""/\177\320 tG0E\002!\000\237\256\247\206\273\270\351}E\363<\373\313\267C\325\205\027/\321~bk,?\326a\216\014t=\017\002 =\207UU\251\222{p\014O\321\244Y\273\376%*\233O\002\222\301\237\242\305 \374o\361\220_\243\201\024\265\367by\212S\325C\240\024\312\370\262\227\317\370\362\3717\350\203\024\237\311\327\222\336\304\221\216Q\027\001uf'%5\022:P\210""; status: tsCURRENT; receiveTimestamp: 803842725; deferred: false; ","rawTransaction: ""\022\000\000""\000\000\000\000$\000\000\000\001 \033\000\000\000\027a@\000\000\027H\206*@h@\000\000\000\000\000\000\ns!\0030\347\374\235V\273%\326\211;\243\363\027\256[\3173\263)\033\326=\263&T\243\023""/\177\320 tG0E\002!\000\237\256\247\206\273\270\351}E\363<\373\313\267C\325\205\027/\321~bk,?\326a\216\014t=\017\002 =\207UU\251\222{p\014O\321\244Y\273\376%*\233O\002\222\301\237\242\305 \374o\361\220_\243\201\024\265\367by\212S\325C\240\024\312\370\262\227\317\370\362\3717\350\203\024\237\311\327\222\336\304\221\216Q\027\001uf'%5\022:P\210""; status: tsCURRENT; receiveTimestamp: 803842725; deferred: false; "
1750527525094,1750527525094,897,1,4,0,TMTransaction,"rawTransaction: ""\022\000\000""\000\000\000\000$\000\000\000\001 \033\000\000\000\027a@\000\000\027H\206*@h@\000\000\000\000\000\000\ns!\0030\347\374\235V\273%\326\211;\243\363\027\256[\3173\263)\033\326=\263&T\243\023""/\177\320 tG0E\002!\000\237\256\247\206\273\270\351}E\363<\373\313\267C\325\205\027/\321~bk,?\326a\216\014t=\017\002 =\207UU\251\222{p\014O\321\244Y\273\376%*\233O\002\222\301\237\242\305 \374o\361\220_\243\201\024\265\367by\212S\325C\240\024\312\370\262\227\317\370\362\3717\350\203\024\237\311\327\222\336\304\221\216Q\027\001uf'%5\022:P\210""; status: tsCURRENT; receiveTimestamp: 803842725; deferred: false; ","rawTransaction: ""\022\000\000""\000\000\000\000$\000\000\000\001 \033\000\000\000\027a@\000\000\027H\206*@h@\000\000\000\000\000\000\ns!\0030\347\374\235V\273%\326\211;\243\363\027\256[\3173\263)\033\326=\263&T\243\023""/\177\320 tG0E\002!\000\237\256\247\206\273\270\351}E\363<\373\313\267C\325\205\027/\321~bk,?\326a\216\014t=\017\002 =\207UU\251\222{p\014O\321\244Y\273\376%*\233O\002\222\301\237\242\305 \374o\361\220_\243\201\024\265\367by\212S\325C\240\024\312\370\262\227\317\370\362\3717\350\203\024\237\311\327\222\336\304\221\216Q\027\001uf'%5\022:P\210""; status: tsCURRENT; receiveTimestamp: 803842725; deferred: false; "
1750527525094,1750527525095,3755,1,4,2,TMTransaction,"rawTransaction: ""\022\000\000""\000\000\000\000$\000\000\000\001 \033\000\000\000\027a@\000\000\027H\206*@h@\000\000\000\000\000\000\ns!\0030\347\374\235V\273%\326\211;\243\363\027\256[\3173\263)\033\326=\263&T\243\023""/\177\320 tG0E\002!\000\237\256\247\206\273\270\351}E\363<\373\313\267C\325\205\027/\321~bk,?\326a\216\014t=\017\002 =\207UU\251\222{p\014O\321\244Y\273\376%*\233O\002\222\301\237\242\305 \374o\361\220_\243\201\024\265\367by\212S\325C\240\024\312\370\262\227\317\370\362\3717\350\203\024\237\311\327\222\336\304\221\216Q\027\001uf'%5\022:P\210""; status: tsCURRENT; receiveTimestamp: 803842725; deferred: false; ","rawTransaction: ""\022\000\000""\000\000\000\000$\000\000\000\001 \033\000\000\000\027a@\000\000\027H\206*@h@\000\000\000\000\000\000\ns!\0030\347\374\235V\273%\326\211;\243\363\027\256[\3173\263)\033\326=\263&T\243\023""/\177\320 tG0E\002!\000\237\256\247\206\273\270\351}E\363<\373\313\267C\325\205\027/\321~bk,?\326a\216\014t=\017\002 =\207UU\251\222{p\014O\321\244Y\273\376%*\233O\002\222\301\237\242\305 \374o\361\220_\243\201\024\265\367by\212S\325C\240\024\312\370\262\227\317\370\362\3717\350\203\024\237\311\327\222\336\304\221\216Q\027\001uf'%5\022:P\210""; status: tsCURRENT; receiveTimestamp: 803842725; deferred: false; "
1750527525233,1750527525233,3504,1,0,4,TMProposeSet,"proposeSeq: 0; currentTxHash: ""\000\000\000\000\000\000\000\000\000\000\000\000\000\000\000\000\000\000\000\000\000\000\000\000\000\000\000\000\000\000\000\000""; nodePubKey: ""\003\255\225A\213\332\224ehh\024BDq\224\250\335`\355\353{\357\266\335<\021\032\265\177\206\356&\215""; closeTime: 803842723; signature: ""0D\002 ;\342\244\343\034\370\261\367F\005R\222\341@\220C\230=\027_\334FYg\215\372\255'\333+\320W\002  \335S\025\374\267\244\243\346\210\262\225 \354\0306\007\025R\364\320\242\253@' \004~\334\367\350\201""; previousledger: ""\375T\356\014\360o'\030\311-\267\031\257!\031T\006><\315XM\334\324\345\034\000\325\367\240\271\013""; ","proposeSeq: 0; currentTxHash: ""\000\000\000\000\000\000\000\000\000\000\000\000\000\000\000\000\000\000\000\000\000\000\000\000\000\000\000\000\000\000\000\000""; nodePubKey: ""\003\255\225A\213\332\224ehh\024BDq\224\250\335`\355\353{\357\266\335<\021\032\265\177\206\356&\215""; closeTime: 803842723; signature: ""0D\002 ;\342\244\343\034\370\261\367F\005R\222\341@\220C\230=\027_\334FYg\215\372\255'\333+\320W\002  \335S\025\374\267\244\243\346\210\262\225 \354\0306\007\025R\364\320\242\253@' \004~\334\367\350\201""; previousledger: ""\375T\356\014\360o'\030\311-\267\031\257!\031T\006><\315XM\334\324\345\034\000\325\367\240\271\013""; "
1750527525234,1750527525234,142,1,0,3,TMProposeSet,"proposeSeq: 0; currentTxHash: ""\000\000\000\000\000\000\000\000\000\000\000\000\000\000\000\000\000\000\000\000\000\000\000\000\000\000\000\000\000\000\000\000""; nodePubKey: ""\003\255\225A\213\332\224ehh\024BDq\224\250\335`\355\353{\357\266\335<\021\032\265\177\206\356&\215""; closeTime: 803842723; signature: ""0D\002 ;\342\244\343\034\370\261\367F\005R\222\341@\220C\230=\027_\334FYg\215\372\255'\333+\320W\002  \335S\025\374\267\244\243\346\210\262\225 \354\0306\007\025R\364\320\242\253@' \004~\334\367\350\201""; previousledger: ""\375T\356\014\360o'\030\311-\267\031\257!\031T\006><\315XM\334\324\345\034\000\325\367\240\271\013""; ","proposeSeq: 0; currentTxHash: ""\000\000\000\000\000\000\000\000\000\000\000\000\000\000\000\000\000\000\000\000\000\000\000\000\000\000\000\000\000\000\000\000""; nodePubKey: ""\003\255\225A\213\332\224ehh\024BDq\224\250\335`\355\353{\357\266\335<\021\032\265\177\206\356&\215""; closeTime: 803842723; signature: ""0D\002 ;\342\244\343\034\370\261\367F\005R\222\341@\220C\230=\027_\334FYg\215\372\255'\333+\320W\002  \335S\025\374\267\244\243\346\210\262\225 \354\0306\007\025R\364\320\242\253@' \004~\334\367\350\201""; previousledger: ""\375T\356\014\360o'\030\311-\267\031\257!\031T\006><\315XM\334\324\345\034\000\325\367\240\271\013""; "
1750527525234,1750527525234,3849,1,0,1,TMProposeSet,"proposeSeq: 0; currentTxHash: ""\000\000\000\000\000\000\000\000\000\000\000\000\000\000\000\000\000\000\000\000\000\000\000\000\000\000\000\000\000\000\000\000""; nodePubKey: ""\003\255\225A\213\332\224ehh\024BDq\224\250\335`\355\353{\357\266\335<\021\032\265\177\206\356&\215""; closeTime: 803842723; signature: ""0D\002 ;\342\244\343\034\370\261\367F\005R\222\341@\220C\230=\027_\334FYg\215\372\255'\333+\320W\002  \335S\025\374\267\244\243\346\210\262\225 \354\0306\007\025R\364\320\242\253@' \004~\334\367\350\201""; previousledger: ""\375T\356\014\360o'\030\311-\267\031\257!\031T\006><\315XM\334\324\345\034\000\325\367\240\271\013""; ","proposeSeq: 0; currentTxHash: ""\000\000\000\000\000\000\000\000\000\000\000\000\000\000\000\000\000\000\000\000\000\000\000\000\000\000\000\000\000\000\000\000""; nodePubKey: ""\003\255\225A\213\332\224ehh\024BDq\224\250\335`\355\353{\357\266\335<\021\032\265\177\206\356&\215""; closeTime: 803842723; signature: ""0D\002 ;\342\244\343\034\370\261\367F\005R\222\341@\220C\230=\027_\334FYg\215\372\255'\333+\320W\002  \335S\025\374\267\244\243\346\210\262\225 \354\0306\007\025R\364\320\242\253@' \004~\334\367\350\201""; previousledger: ""\375T\356\014\360o'\030\311-\267\031\257!\031T\006><\315XM\334\324\345\034\000\325\367\240\271\013""; "
1750527525378,1750527525378,1272,1,3,4,TMProposeSet,"proposeSeq: 0; currentTxHash: ""\000\000\000\000\000\000\000\000\000\000\000\000\000\000\000\000\000\000\000\000\000\000\000\000\000\000\000\000\000\000\000\000""; nodePubKey: ""\003\255\225A\213\332\224ehh\024BDq\224\250\335`\355\353{\357\266\335<\021\032\265\177\206\356&\215""; closeTime: 803842723; signature: ""0D\002 ;\342\244\343\034\370\261\367F\005R\222\341@\220C\230=\027_\334FYg\215\372\255'\333+\320W\002  \335S\025\374\267\244\243\346\210\262\225 \354\0306\007\025R\364\320\242\253@' \004~\334\367\350\201""; previousledger: ""\375T\356\014\360o'\030\311-\267\031\257!\031T\006><\315XM\334\324\345\034\000\325\367\240\271\013""; ","proposeSeq: 0; currentTxHash: ""\000\000\000\000\000\000\000\000\000\000\000\000\000\000\000\000\000\000\000\000\000\000\000\000\000\000\000\000\000\000\000\000""; nodePubKey: ""\003\255\225A\213\332\224ehh\024BDq\224\250\335`\355\353{\357\266\335<\021\032\265\177\206\356&\215""; closeTime: 803842723; signature: ""0D\002 ;\342\244\343\034\370\261\367F\005R\222\341@\220C\230=\027_\334FYg\215\372\255'\333+\320W\002  \335S\025\374\267\244\243\346\210\262\225 \354\0306\007\025R\364\320\242\253@' \004~\334\367\350\201""; previousledger: ""\375T\356\014\360o'\030\311-\267\031\257!\031T\006><\315XM\334\324\345\034\000\325\367\240\271\013""; "
1750527525378,1750527525378,3787,1,3,2,TMProposeSet,"proposeSeq: 0; currentTxHash: ""\000\000\000\000\000\000\000\000\000\000\000\000\000\000\000\000\000\000\000\000\000\000\000\000\000\000\000\000\000\000\000\000""; nodePubKey: ""\003\255\225A\213\332\224ehh\024BDq\224\250\335`\355\353{\357\266\335<\021\032\265\177\206\356&\215""; closeTime: 803842723; signature: ""0D\002 ;\342\244\343\034\370\261\367F\005R\222\341@\220C\230=\027_\334FYg\215\372\255'\333+\320W\002  \335S\025\374\267\244\243\346\210\262\225 \354\0306\007\025R\364\320\242\253@' \004~\334\367\350\201""; previousledger: ""\375T\356\014\360o'\030\311-\267\031\257!\031T\006><\315XM\334\324\345\034\000\325\367\240\271\013""; ","proposeSeq: 0; currentTxHash: ""\000\000\000\000\000\000\000\000\000\000\000\000\000\000\000\000\000\000\000\000\000\000\000\000\000\000\000\000\000\000\000\000""; nodePubKey: ""\003\255\225A\213\332\224ehh\024BDq\224\250\335`\355\353{\357\266\335<\021\032\265\177\206\356&\215""; closeTime: 803842723; signature: ""0D\002 ;\342\244\343\034\370\261\367F\005R\222\341@\220C\230=\027_\334FYg\215\372\255'\333+\320W\002  \335S\025\374\267\244\243\346\210\262\225 \354\0306\007\025R\364\320\242\253@' \004~\334\367\350\201""; previousledger: ""\375T\356\014\360o'\030\311-\267\031\257!\031T\006><\315XM\334\324\345\034\000\325\367\240\271\013""; "
1750527525379,1750527525379,3830,1,3,1,TMProposeSet,"proposeSeq: 0; currentTxHash: ""\000\000\000\000\000\000\000\000\000\000\000\000\000\000\000\000\000\000\000\000\000\000\000\000\000\000\000\000\000\000\000\000""; nodePubKey: ""\003\255\225A\213\332\224ehh\024BDq\224\250\335`\355\353{\357\266\335<\021\032\265\177\206\356&\215""; closeTime: 803842723; signature: ""0D\002 ;\342\244\343\034\370\261\367F\005R\222\341@\220C\230=\027_\334FYg\215\372\255'\333+\320W\002  \335S\025\374\267\244\243\346\210\262\225 \354\0306\007\025R\364\320\242\253@' \004~\334\367\350\201""; previousledger: ""\375T\356\014\360o'\030\311-\267\031\257!\031T\006><\315XM\334\324\345\034\000\325\367\240\271\013""; ","proposeSeq: 0; currentTxHash: ""\000\000\000\000\000\000\000\000\000\000\000\000\000\000\000\000\000\000\000\000\000\000\000\000\000\000\000\000\000\000\000\000""; nodePubKey: ""\003\255\225A\213\332\224ehh\024BDq\224\250\335`\355\353{\357\266\335<\021\032\265\177\206\356&\215""; closeTime: 803842723; signature: ""0D\002 ;\342\244\343\034\370\261\367F\005R\222\341@\220C\230=\027_\334FYg\215\372\255'\333+\320W\002  \335S\025\374\267\244\243\346\210\262\225 \354\0306\007\025R\364\320\242\253@' \004~\334\367\350\201""; previousledger: ""\375T\356\014\360o'\030\311-\267\031\257!\031T\006><\315XM\334\324\345\034\000\325\367\240\271\013""; "
1750527525453,1750527525453,3787,1,3,2,TMProposeSet,"proposeSeq: 0; currentTxHash: ""\000\000\000\000\000\000\000\000\000\000\000\000\000\000\000\000\000\000\000\000\000\000\000\000\000\000\000\000\000\000\000\000""; nodePubKey: ""\002\266\377\271\344:\030\221i\267\257\215\237M\014\3345f\014\273|\207\367\334\337F\325\004cxB\211L""; closeTime: 803842724; signature: ""0E\002!\000\243\r\266\256D>bP\305+\236\257;\322~\264\344K\211\317\2636+O\007~\337\235t\026\301\320\002 \023g\020\265\302\212\004\343\377\354\240;\252\207L\222\031\0317\247t\271\303\265V\243\361\205t\233]\372""; previousledger: ""\375T\356\014\360o'\030\311-\267\031\257!\031T\006><\315XM\334\324\345\034\000\325\367\240\271\013""; ","proposeSeq: 0; currentTxHash: ""\000\000\000\000\000\000\000\000\000\000\000\000\000\000\000\000\000\000\000\000\000\000\000\000\000\000\000\000\000\000\000\000""; nodePubKey: ""\002\266\377\271\344:\030\221i\267\257\215\237M\014\3345f\014\273|\207\367\334\337F\325\004cxB\211L""; closeTime: 803842724; signature: ""0E\002!\000\243\r\266\256D>bP\305+\236\257;\322~\264\344K\211\317\2636+O\007~\337\235t\026\301\320\002 \023g\020\265\302\212\004\343\377\354\240;\252\207L\222\031\0317\247t\271\303\265V\243\361\205t\233]\372""; previousledger: ""\375T\356\014\360o'\030\311-\267\031\257!\031T\006><\315XM\334\324\345\034\000\325\367\240\271\013""; "
1750527525455,1750527525455,3830,1,3,1,TMProposeSet,"proposeSeq: 0; currentTxHash: ""\000\000\000\000\000\000\000\000\000\000\000\000\000\000\000\000\000\000\000\000\000\000\000\000\000\000\000\000\000\000\000\000""; nodePubKey: ""\002\266\377\271\344:\030\221i\267\257\215\237M\014\3345f\014\273|\207\367\334\337F\325\004cxB\211L""; closeTime: 803842724; signature: ""0E\002!\000\243\r\266\256D>bP\305+\236\257;\322~\264\344K\211\317\2636+O\007~\337\235t\026\301\320\002 \023g\020\265\302\212\004\343\377\354\240;\252\207L\222\031\0317\247t\271\303\265V\243\361\205t\233]\372""; previousledger: ""\375T\356\014\360o'\030\311-\267\031\257!\031T\006><\315XM\334\324\345\034\000\325\367\240\271\013""; ","proposeSeq: 0; currentTxHash: ""\000\000\000\000\000\000\000\000\000\000\000\000\000\000\000\000\000\000\000\000\000\000\000\000\000\000\000\000\000\000\000\000""; nodePubKey: ""\002\266\377\271\344:\030\221i\267\257\215\237M\014\3345f\014\273|\207\367\334\337F\325\004cxB\211L""; closeTime: 803842724; signature: ""0E\002!\000\243\r\266\256D>bP\305+\236\257;\322~\264\344K\211\317\2636+O\007~\337\235t\026\301\320\002 \023g\020\265\302\212\004\343\377\354\240;\252\207L\222\031\0317\247t\271\303\265V\243\361\205t\233]\372""; previousledger: ""\375T\356\014\360o'\030\311-\267\031\257!\031T\006><\315XM\334\324\345\034\000\325\367\240\271\013""; "
1750527525455,1750527525455,2201,1,3,0,TMProposeSet,"proposeSeq: 0; currentTxHash: ""\000\000\000\000\000\000\000\000\000\000\000\000\000\000\000\000\000\000\000\000\000\000\000\000\000\000\000\000\000\000\000\000""; nodePubKey: ""\002\266\377\271\344:\030\221i\267\257\215\237M\014\3345f\014\273|\207\367\334\337F\325\004cxB\211L""; closeTime: 803842724; signature: ""0E\002!\000\243\r\266\256D>bP\305+\236\257;\322~\264\344K\211\317\2636+O\007~\337\235t\026\301\320\002 \023g\020\265\302\212\004\343\377\354\240;\252\207L\222\031\0317\247t\271\303\265V\243\361\205t\233]\372""; previousledger: ""\375T\356\014\360o'\030\311-\267\031\257!\031T\006><\315XM\334\324\345\034\000\325\367\240\271\013""; ","proposeSeq: 0; currentTxHash: ""\000\000\000\000\000\000\000\000\000\000\000\000\000\000\000\000\000\000\000\000\000\000\000\000\000\000\000\000\000\000\000\000""; nodePubKey: ""\002\266\377\271\344:\030\221i\267\257\215\237M\014\3345f\014\273|\207\367\334\337F\325\004cxB\211L""; closeTime: 803842724; signature: ""0E\002!\000\243\r\266\256D>bP\305+\236\257;\322~\264\344K\211\317\2636+O\007~\337\235t\026\301\320\002 \023g\020\265\302\212\004\343\377\354\240;\252\207L\222\031\0317\247t\271\303\265V\243\361\205t\233]\372""; previousledger: ""\375T\356\014\360o'\030\311-\267\031\257!\031T\006><\315XM\334\324\345\034\000\325\367\240\271\013""; "
1750527525473,1750527525474,902,1,2,4,TMTransaction,"rawTransaction: ""\022\000\000""\000\000\000\000$\000\000\000\001 \033\000\000\000\027a@\000\000\027H\206*@h@\000\000\000\000\000\000\ns!\0030\347\374\235V\273%\326\211;\243\363\027\256[\3173\263)\033\326=\263&T\243\023""/\177\320 tG0E\002!\000\237\256\247\206\273\270\351}E\363<\373\313\267C\325\205\027/\321~bk,?\326a\216\014t=\017\002 =\207UU\251\222{p\014O\321\244Y\273\376%*\233O\002\222\301\237\242\305 \374o\361\220_\243\201\024\265\367by\212S\325C\240\024\312\370\262\227\317\370\362\3717\350\203\024\237\311\327\222\336\304\221\216Q\027\001uf'%5\022:P\210""; status: tsCURRENT; receiveTimestamp: 803842725; deferred: false; ","rawTransaction: ""\022\000\000""\000\000\000\000$\000\000\000\001 \033\000\000\000\027a@\000\000\027H\206*@h@\000\000\000\000\000\000\ns!\0030\347\374\235V\273%\326\211;\243\363\027\256[\3173\263)\033\326=\263&T\243\023""/\177\320 tG0E\002!\000\237\256\247\206\273\270\351}E\363<\373\313\267C\325\205\027/\321~bk,?\326a\216\014t=\017\002 =\207UU\251\222{p\014O\321\244Y\273\376%*\233O\002\222\301\237\242\305 \374o\361\220_\243\201\024\265\367by\212S\325C\240\024\312\370\262\227\317\370\362\3717\350\203\024\237\311\327\222\336\304\221\216Q\027\001uf'%5\022:P\210""; status: tsCURRENT; receiveTimestamp: 803842725; deferred: false; "
1750527525474,1750527525475,69,1,2,1,TMTransaction,"rawTransaction: ""\022\000\000""\000\000\000\000$\000\000\000\001 \033\000\000\000\027a@\000\000\027H\206*@h@\000\000\000\000\000\000\ns!\0030\347\374\235V\273%\326\211;\243\363\027\256[\3173\263)\033\326=\263&T\243\023""/\177\320 tG0E\002!\000\237\256\247\206\273\270\351}E\363<\373\313\267C\325\205\027/\321~bk,?\326a\216\014t=\017\002 =\207UU\251\222{p\014O\321\244Y\273\376%*\233O\002\222\301\237\242\305 \374o\361\220_\243\201\024\265\367by\212S\325C\240\024\312\370\262\227\317\370\362\3717\350\203\024\237\311\327\222\336\304\221\216Q\027\001uf'%5\022:P\210""; status: tsCURRENT; receiveTimestamp: 803842725; deferred: false; ","rawTransaction: ""\022\000\000""\000\000\000\000$\000\000\000\001 \033\000\000\000\027a@\000\000\027H\206*@h@\000\000\000\000\000\000\ns!\0030\347\374\235V\273%\326\211;\243\363\027\256[\3173\263)\033\326=\263&T\243\023""/\177\320 tG0E\002!\000\237\256\247\206\273\270\351}E\363<\373\313\267C\325\205\027/\321~bk,?\326a\216\014t=\017\002 =\207UU\251\222{p\014O\321\244Y\273\376%*\233O\002\222\301\237\242\305 \374o\361\220_\243\201\024\265\367by\212S\325C\240\024\312\370\262\227\317\370\362\3717\350\203\024\237\311\327\222\336\304\221\216Q\027\001uf'%5\022:P\210""; status: tsCURRENT; receiveTimestamp: 803842725; deferred: false; "
1750527525474,1750527525475,2248,1,2,0,TMTransaction,"rawTransaction: ""\022\000\000""\000\000\000\000$\000\000\000\001 \033\000\000\000\027a@\000\000\027H\206*@h@\000\000\000\000\000\000\ns!\0030\347\374\235V\273%\326\211;\243\363\027\256[\3173\263)\033\326=\263&T\243\023""/\177\320 tG0E\002!\000\237\256\247\206\273\270\351}E\363<\373\313\267C\325\205\027/\321~bk,?\326a\216\014t=\017\002 =\207UU\251\222{p\014O\321\244Y\273\376%*\233O\002\222\301\237\242\305 \374o\361\220_\243\201\024\265\367by\212S\325C\240\024\312\370\262\227\317\370\362\3717\350\203\024\237\311\327\222\336\304\221\216Q\027\001uf'%5\022:P\210""; status: tsCURRENT; receiveTimestamp: 803842725; deferred: false; ","rawTransaction: ""\022\000\000""\000\000\000\000$\000\000\000\001 \033\000\000\000\027a@\000\000\027H\206*@h@\000\000\000\000\000\000\ns!\0030\347\374\235V\273%\326\211;\243\363\027\256[\3173\263)\033\326=\263&T\243\023""/\177\320 tG0E\002!\000\237\256\247\206\273\270\351}E\363<\373\313\267C\325\205\027/\321~bk,?\326a\216\014t=\017\002 =\207UU\251\222{p\014O\321\244Y\273\376%*\233O\002\222\301\237\242\305 \374o\361\220_\243\201\024\265\367by\212S\325C\240\024\312\370\262\227\317\370\362\3717\350\203\024\237\311\327\222\336\304\221\216Q\027\001uf'%5\022:P\210""; status: tsCURRENT; receiveTimestamp: 803842725; deferred: false; "
1750527525497,1750527525497,3904,1,0,4,TMStatusChange,"newEvent: neACCEPTED_LEDGER; ledgerSeq: 4; ledgerHash: ""\265\024\321\362\354\211\250.\234s\225amc\305\035\366\276\037nD\277`\210\223N\3535\033\261\304f""; ledgerHashPrevious: ""\375T\356\014\360o'\030\311-\267\031\257!\031T\006><\315XM\334\324\345\034\000\325\367\240\271\013""; networkTime: 803842725; firstSeq: 1; lastSeq: 3; ","newEvent: neACCEPTED_LEDGER; ledgerSeq: 4; ledgerHash: ""\265\024\321\362\354\211\250.\234s\225amc\305\035\366\276\037nD\277`\210\223N\3535\033\261\304f""; ledgerHashPrevious: ""\375T\356\014\360o'\030\311-\267\031\257!\031T\006><\315XM\334\324\345\034\000\325\367\240\271\013""; networkTime: 803842725; firstSeq: 1; lastSeq: 3; "
1750527525497,1750527525497,1249,1,0,1,TMStatusChange,"newEvent: neACCEPTED_LEDGER; ledgerSeq: 4; ledgerHash: ""\265\024\321\362\354\211\250.\234s\225amc\305\035\366\276\037nD\277`\210\223N\3535\033\261\304f""; ledgerHashPrevious: ""\375T\356\014\360o'\030\311-\267\031\257!\031T\006><\315XM\334\324\345\034\000\325\367\240\271\013""; networkTime: 803842725; firstSeq: 1; lastSeq: 3; ","newEvent: neACCEPTED_LEDGER; ledgerSeq: 4; ledgerHash: ""\265\024\321\362\354\211\250.\234s\225amc\305\035\366\276\037nD\277`\210\223N\3535\033\261\304f""; ledgerHashPrevious: ""\375T\356\014\360o'\030\311-\267\031\257!\031T\006><\315XM\334\324\345\034\000\325\367\240\271\013""; networkTime: 803842725; firstSeq: 1; lastSeq: 3; "
1750527525499,1750527525499,1964,1,0,3,TMStatusChange,"newEvent: neACCEPTED_LEDGER; ledgerSeq: 4; ledgerHash: ""\265\024\321\362\354\211\250.\234s\225amc\305\035\366\276\037nD\277`\210\223N\3535\033\261\304f""; ledgerHashPrevious: ""\375T\356\014\360o'\030\311-\267\031\257!\031T\006><\315XM\334\324\345\034\000\325\367\240\271\013""; networkTime: 803842725; firstSeq: 1; lastSeq: 3; ","newEvent: neACCEPTED_LEDGER; ledgerSeq: 4; ledgerHash: ""\265\024\321\362\354\211\250.\234s\225amc\305\035\366\276\037nD\277`\210\223N\3535\033\261\304f""; ledgerHashPrevious: ""\375T\356\014\360o'\030\311-\267\031\257!\031T\006><\315XM\334\324\345\034\000\325\367\240\271\013""; networkTime: 803842725; firstSeq: 1; lastSeq: 3; "
1750527525499,1750527525499,782,1,0,4,TMValidation,"validation: """"\200\000\000\001&\000\000\000\004)/\351\252\245:\355<\266\216~aC\027Q\265\024\321\362\354\211\250.\234s\225amc\305\035\366\276\037nD\277`\210\223N\3535\033\261\304fP\027\000\000\000\000\000\000\000\000\000\000\000\000\000\000\000\000\000\000\000\000\000\000\000\000\000\000\000\000\000\000\000\000P\031\375T\356\014\360o'\030\311-\267\031\257!\031T\006><\315XM\334\324\345\034\000\325\367\240\271\013s!\002\225aM\037\203M\271C\224]$\245\215\334\264;{{\365%Z\2443U\201\242\320iUc\207\367vG0E\002!\000\220\326;\233\322\024\232i\216c\211\212L2\037\035\264e\022\231\324\244\357\275,\266tk}R\326p\002 #k\352~\2759A\2770(;\315]\301`\007\273\017\361\233\354\316\364\343\033 v{\203dt#""; ","validation: """"\200\000\000\001&\000\000\000\004)/\351\252\245:\355<\266\216~aC\027Q\265\024\321\362\354\211\250.\234s\225amc\305\035\366\276\037nD\277`\210\223N\3535\033\261\304fP\027\000\000\000\000\000\000\000\000\000\000\000\000\000\000\000\000\000\000\000\000\000\000\000\000\000\000\000\000\000\000\000\000P\031\375T\356\014\360o'\030\311-\267\031\257!\031T\006><\315XM\334\324\345\034\000\325\367\240\271\013s!\002\225aM\037\203M\271C\224]$\245\215\334\264;{{\365%Z\2443U\201\242\320iUc\207\367vG0E\002!\000\220\326;\233\322\024\232i\216c\211\212L2\037\035\264e\022\231\324\244\357\275,\266tk}R\326p\002 #k\352~\2759A\2770(;\315]\301`\007\273\017\361\233\354\316\364\343\033 v{\203dt#""; "
1750527525499,1750527525499,2179,1,0,2,TMStatusChange,"newEvent: neACCEPTED_LEDGER; ledgerSeq: 4; ledgerHash: ""\265\024\321\362\354\211\250.\234s\225amc\305\035\366\276\037nD\277`\210\223N\3535\033\261\304f""; ledgerHashPrevious: ""\375T\356\014\360o'\030\311-\267\031\257!\031T\006><\315XM\334\324\345\034\000\325\367\240\271\013""; networkTime: 803842725; firstSeq: 1; lastSeq: 3; ","newEvent: neACCEPTED_LEDGER; ledgerSeq: 4; ledgerHash: ""\265\024\321\362\354\211\250.\234s\225amc\305\035\366\276\037nD\277`\210\223N\3535\033\261\304f""; ledgerHashPrevious: ""\375T\356\014\360o'\030\311-\267\031\257!\031T\006><\315XM\334\324\345\034\000\325\367\240\271\013""; networkTime: 803842725; firstSeq: 1; lastSeq: 3; "
1750527525499,1750527525500,3422,1,0,3,TMValidation,"validation: """"\200\000\000\001&\000\000\000\004)/\351\252\245:\355<\266\216~aC\027Q\265\024\321\362\354\211\250.\234s\225amc\305\035\366\276\037nD\277`\210\223N\3535\033\261\304fP\027\000\000\000\000\000\000\000\000\000\000\000\000\000\000\000\000\000\000\000\000\000\000\000\000\000\000\000\000\000\000\000\000P\031\375T\356\014\360o'\030\311-\267\031\257!\031T\006><\315XM\334\324\345\034\000\325\367\240\271\013s!\002\225aM\037\203M\271C\224]$\245\215\334\264;{{\365%Z\2443U\201\242\320iUc\207\367vG0E\002!\000\220\326;\233\322\024\232i\216c\211\212L2\037\035\264e\022\231\324\244\357\275,\266tk}R\326p\002 #k\352~\2759A\2770(;\315]\301`\007\273\017\361\233\354\316\364\343\033 v{\203dt#""; ","validation: """"\200\000\000\001&\000\000\000\004)/\351\252\245:\355<\266\216~aC\027Q\265\024\321\362\354\211\250.\234s\225amc\305\035\366\276\037nD\277`\210\223N\3535\033\261\304fP\027\000\000\000\000\000\000\000\000\000\000\000\000\000\000\000\000\000\000\000\000\000\000\000\000\000\000\000\000\000\000\000\000P\031\375T\356\014\360o'\030\311-\267\031\257!\031T\006><\315XM\334\324\345\034\000\325\367\240\271\013s!\002\225aM\037\203M\271C\224]$\245\215\334\264;{{\365%Z\2443U\201\242\320iUc\207\367vG0E\002!\000\220\326;\233\322\024\232i\216c\211\212L2\037\035\264e\022\231\324\244\357\275,\266tk}R\326p\002 #k\352~\2759A\2770(;\315]\301`\007\273\017\361\233\354\316\364\343\033 v{\203dt#""; "
1750527525500,1750527525500,2261,1,0,1,TMValidation,"validation: """"\200\000\000\001&\000\000\000\004)/\351\252\245:\355<\266\216~aC\027Q\265\024\321\362\354\211\250.\234s\225amc\305\035\366\276\037nD\277`\210\223N\3535\033\261\304fP\027\000\000\000\000\000\000\000\000\000\000\000\000\000\000\000\000\000\000\000\000\000\000\000\000\000\000\000\000\000\000\000\000P\031\375T\356\014\360o'\030\311-\267\031\257!\031T\006><\315XM\334\324\345\034\000\325\367\240\271\013s!\002\225aM\037\203M\271C\224]$\245\215\334\264;{{\365%Z\2443U\201\242\320iUc\207\367vG0E\002!\000\220\326;\233\322\024\232i\216c\211\212L2\037\035\264e\022\231\324\244\357\275,\266tk}R\326p\002 #k\352~\2759A\2770(;\315]\301`\007\273\017\361\233\354\316\364\343\033 v{\203dt#""; ","validation: """"\200\000\000\001&\000\000\000\004)/\351\252\245:\355<\266\216~aC\027Q\265\024\321\362\354\211\250.\234s\225amc\305\035\366\276\037nD\277`\210\223N\3535\033\261\304fP\027\000\000\000\000\000\000\000\000\000\000\000\000\000\000\000\000\000\000\000\000\000\000\000\000\000\000\000\000\000\000\000\000P\031\375T\356\014\360o'\030\311-\267\031\257!\031T\006><\315XM\334\324\345\034\000\325\367\240\271\013s!\002\225aM\037\203M\271C\224]$\245\215\334\264;{{\365%Z\2443U\201\242\320iUc\207\367vG0E\002!\000\220\326;\233\322\024\232i\216c\211\212L2\037\035\264e\022\231\324\244\357\275,\266tk}R\326p\002 #k\352~\2759A\2770(;\315]\301`\007\273\017\361\233\354\316\364\343\033 v{\203dt#""; "
1750527525527,1750527525528,3304,1,1,2,TMTransaction,"rawTransaction: ""\022\000\000""\000\000\000\000$\000\000\000\002 \033\000\000\000\027a@\000\000\027H\206*@h@\000\000\000\000\000\000\ns!\0030\347\374\235V\273%\326\211;\243\363\027\256[\3173\263)\033\326=\263&T\243\023""/\177\320 tF0D\002 S\026@\225q\347\022\260\035q\327[\301ar\247\267B\201\332C@\362\033\240\313&<\266\304R\026\002 \010e\230\016\3404DZSA{#A2\271\232)\274\225\016i\237TS\254\264\227\302J~\216X\201\024\265\367by\212S\325C\240\024\312\370\262\227\317\370\362\3717\350\203\024\272\177ez`?~\240\022\321\013D\240\325V\364\241\375\n@""; status: tsCURRENT; receiveTimestamp: 803842725; deferred: false; ","rawTransaction: ""\022\000\000""\000\000\000\000$\000\000\000\002 \033\000\000\000\027a@\000\000\027H\206*@h@\000\000\000\000\000\000\ns!\0030\347\374\235V\273%\326\211;\243\363\027\256[\3173\263)\033\326=\263&T\243\023""/\177\320 tF0D\002 S\026@\225q\347\022\260\035q\327[\301ar\247\267B\201\332C@\362\033\240\313&<\266\304R\026\002 \010e\230\016\3404DZSA{#A2\271\232)\274\225\016i\237TS\254\264\227\302J~\216X\201\024\265\367by\212S\325C\240\024\312\370\262\227\317\370\362\3717\350\203\024\272\177ez`?~\240\022\321\013D\240\325V\364\241\375\n@""; status: tsCURRENT; receiveTimestamp: 803842725; deferred: false; "
1750527525527,1750527525530,160,1,1,3,TMTransaction,"rawTransaction: ""\022\000\000""\000\000\000\000$\000\000\000\002 \033\000\000\000\027a@\000\000\027H\206*@h@\000\000\000\000\000\000\ns!\0030\347\374\235V\273%\326\211;\243\363\027\256[\3173\263)\033\326=\263&T\243\023""/\177\320 tF0D\002 S\026@\225q\347\022\260\035q\327[\301ar\247\267B\201\332C@\362\033\240\313&<\266\304R\026\002 \010e\230\016\3404DZSA{#A2\271\232)\274\225\016i\237TS\254\264\227\302J~\216X\201\024\265\367by\212S\325C\240\024\312\370\262\227\317\370\362\3717\350\203\024\272\177ez`?~\240\022\321\013D\240\325V\364\241\375\n@""; status: tsCURRENT; receiveTimestamp: 803842725; deferred: false; ","rawTransaction: ""\022\000\000""\000\000\000\000$\000\000\000\002 \033\000\000\000\027a@\000\000\027H\206*@h@\000\000\000\000\000\000\ns!\0030\347\374\235V\273%\326\211;\243\363\027\256[\3173\263)\033\326=\263&T\243\023""/\177\320 tF0D\002 S\026@\225q\347\022\260\035q\327[\301ar\247\267B\201\332C@\362\033\240\313&<\266\304R\026\002 \010e\230\016\3404DZSA{#A2\271\232)\274\225\016i\237TS\254\264\227\302J~\216X\201\024\265\367by\212S\325C\240\024\312\370\262\227\317\370\362\3717\350\203\024\272\177ez`?~\240\022\321\013D\240\325V\364\241\375\n@""; status: tsCURRENT; receiveTimestamp: 803842725; deferred: false; "
1750527525527,1750527525531,3108,1,1,0,TMTransaction,"rawTransaction: ""\022\000\000""\000\000\000\000$\000\000\000\002 \033\000\000\000\027a@\000\000\027H\206*@h@\000\000\000\000\000\000\ns!\0030\347\374\235V\273%\326\211;\243\363\027\256[\3173\263)\033\326=\263&T\243\023""/\177\320 tF0D\002 S\026@\225q\347\022\260\035q\327[\301ar\247\267B\201\332C@\362\033\240\313&<\266\304R\026\002 \010e\230\016\3404DZSA{#A2\271\232)\274\225\016i\237TS\254\264\227\302J~\216X\201\024\265\367by\212S\325C\240\024\312\370\262\227\317\370\362\3717\350\203\024\272\177ez`?~\240\022\321\013D\240\325V\364\241\375\n@""; status: tsCURRENT; receiveTimestamp: 803842725; deferred: false; ","rawTransaction: ""\022\000\000""\000\000\000\000$\000\000\000\002 \033\000\000\000\027a@\000\000\027H\206*@h@\000\000\000\000\000\000\ns!\0030\347\374\235V\273%\326\211;\243\363\027\256[\3173\263)\033\326=\263&T\243\023""/\177\320 tF0D\002 S\026@\225q\347\022\260\035q\327[\301ar\247\267B\201\332C@\362\033\240\313&<\266\304R\026\002 \010e\230\016\3404DZSA{#A2\271\232)\274\225\016i\237TS\254\264\227\302J~\216X\201\024\265\367by\212S\325C\240\024\312\370\262\227\317\370\362\3717\350\203\024\272\177ez`?~\240\022\321\013D\240\325V\364\241\375\n@""; status: tsCURRENT; receiveTimestamp: 803842725; deferred: false; "
1750527525528,1750527525531,1179,1,1,4,TMTransaction,"rawTransaction: ""\022\000\000""\000\000\000\000$\000\000\000\002 \033\000\000\000\027a@\000\000\027H\206*@h@\000\000\000\000\000\000\ns!\0030\347\374\235V\273%\326\211;\243\363\027\256[\3173\263)\033\326=\263&T\243\023""/\177\320 tF0D\002 S\026@\225q\347\022\260\035q\327[\301ar\247\267B\201\332C@\362\033\240\313&<\266\304R\026\002 \010e\230\016\3404DZSA{#A2\271\232)\274\225\016i\237TS\254\264\227\302J~\216X\201\024\265\367by\212S\325C\240\024\312\370\262\227\317\370\362\3717\350\203\024\272\177ez`?~\240\022\321\013D\240\325V\364\241\375\n@""; status: tsCURRENT; receiveTimestamp: 803842725; deferred: false; ","rawTransaction: ""\022\000\000""\000\000\000\000$\000\000\000\002 \033\000\000\000\027a@\000\000\027H\206*@h@\000\000\000\000\000\000\ns!\0030\347\374\235V\273%\326\211;\243\363\027\256[\3173\263)\033\326=\263&T\243\023""/\177\320 tF0D\002 S\026@\225q\347\022\260\035q\327[\301ar\247\267B\201\332C@\362\033\240\313&<\266\304R\026\002 \010e\230\016\3404DZSA{#A2\271\232)\274\225\016i\237TS\254\264\227\302J~\216X\201\024\265\367by\212S\325C\240\024\312\370\262\227\317\370\362\3717\350\203\024\272\177ez`?~\240\022\321\013D\240\325V\364\241\375\n@""; status: tsCURRENT; receiveTimestamp: 803842725; deferred: false; "
1750527525531,1750527525531,3128,1,2,4,TMValidation,"validation: """"\200\000\000\001&\000\000\000\003)/\351\252\242:p\210\265\307-\212\200\004Q\375T\356\014\360o'\030\311-\267\031\257!\031T\006><\315XM\334\324\345\034\000\325\367\240\271\013P\027\000\000\000\000\000\000\000\000\000\000\000\000\000\000\000\000\000\000\000\000\000\000\000\000\000\000\000\000\000\000\000\000P\031-}\351f\032\255\274\334m\326c\017\014ao[\342\230\003\245\245\3341Hm\326^\017jy\335\261s!\002\364d\217\366\217|\316F\232\231\241\n\261\333`\312O\367\235\025DD\336e\367\n\312\326\221\037\025\230vF0D\002 i\234\244h1\250\316}\313%\2620\320{&\372\216\317\314\264V3\217\311d\241\370?My)0\002 J\026\023bN\t\216\201[\360^\327\311F\036\203gs\370\321iQ5\245G\260\237\331v`\205\203""; ","validation: """"\200\000\000\001&\000\000\000\003)/\351\252\242:p\210\265\307-\212\200\004Q\375T\356\014\360o'\030\311-\267\031\257!\031T\006><\315XM\334\324\345\034\000\325\367\240\271\013P\027\000\000\000\000\000\000\000\000\000\000\000\000\000\000\000\000\000\000\000\000\000\000\000\000\000\000\000\000\000\000\000\000P\031-}\351f\032\255\274\334m\326c\017\014ao[\342\230\003\245\245\3341Hm\326^\017jy\335\261s!\002\364d\217\366\217|\316F\232\231\241\n\261\333`\312O\367\235\025DD\336e\367\n\312\326\221\037\025\230vF0D\002 i\234\244h1\250\316}\313%\2620\320{&\372\216\317\314\264V3\217\311d\241\370?My)0\002 J\026\023bN\t\216\201[\360^\327\311F\036\203gs\370\321iQ5\245G\260\237\331v`\205\203""; "
1750527525532,1750527525532,340,1,2,1,TMValidation,"validation: """"\200\000\000\001&\000\000\000\003)/\351\252\242:p\210\265\307-\212\200\004Q\375T\356\014\360o'\030\311-\267\031\257!\031T\006><\315XM\334\324\345\034\000\325\367\240\271\013P\027\000\000\000\000\000\000\000\000\000\000\000\000\000\000\000\000\000\000\000\000\000\000\000\000\000\000\000\000\000\000\000\000P\031-}\351f\032\255\274\334m\326c\017\014ao[\342\230\003\245\245\3341Hm\326^\017jy\335\261s!\002\364d\217\366\217|\316F\232\231\241\n\261\333`\312O\367\235\025DD\336e\367\n\312\326\221\037\025\230vF0D\002 i\234\244h1\250\316}\313%\2620\320{&\372\216\317\314\264V3\217\311d\241\370?My)0\002 J\026\023bN\t\216\201[\360^\327\311F\036\203gs\370\321iQ5\245G\260\237\331v`\205\203""; ","validation: """"\200\000\000\001&\000\000\000\003)/\351\252\242:p\210\265\307-\212\200\004Q\375T\356\014\360o'\030\311-\267\031\257!\031T\006><\315XM\334\324\345\034\000\325\367\240\271\013P\027\000\000\000\000\000\000\000\000\000\000\000\000\000\000\000\000\000\000\000\000\000\000\000\000\000\000\000\000\000\000\000\000P\031-}\351f\032\255\274\334m\326c\017\014ao[\342\230\003\245\245\3341Hm\326^\017jy\335\261s!\002\364d\217\366\217|\316F\232\231\241\n\261\333`\312O\367\235\025DD\336e\367\n\312\326\221\037\025\230vF0D\002 i\234\244h1\250\316}\313%\2620\320{&\372\216\317\314\264V3\217\311d\241\370?My)0\002 J\026\023bN\t\216\201[\360^\327\311F\036\203gs\370\321iQ5\245G\260\237\331v`\205\203""; "
1750527525532,1750527525532,446,1,2,0,TMValidation,"validation: """"\200\000\000\001&\000\000\000\003)/\351\252\242:p\210\265\307-\212\200\004Q\375T\356\014\360o'\030\311-\267\031\257!\031T\006><\315XM\334\324\345\034\000\325\367\240\271\013P\027\000\000\000\000\000\000\000\000\000\000\000\000\000\000\000\000\000\000\000\000\000\000\000\000\000\000\000\000\000\000\000\000P\031-}\351f\032\255\274\334m\326c\017\014ao[\342\230\003\245\245\3341Hm\326^\017jy\335\261s!\002\364d\217\366\217|\316F\232\231\241\n\261\333`\312O\367\235\025DD\336e\367\n\312\326\221\037\025\230vF0D\002 i\234\244h1\250\316}\313%\2620\320{&\372\216\317\314\264V3\217\311d\241\370?My)0\002 J\026\023bN\t\216\201[\360^\327\311F\036\203gs\370\321iQ5\245G\260\237\331v`\205\203""; ","validation: """"\200\000\000\001&\000\000\000\003)/\351\252\242:p\210\265\307-\212\200\004Q\375T\356\014\360o'\030\311-\267\031\257!\031T\006><\315XM\334\324\345\034\000\325\367\240\271\013P\027\000\000\000\000\000\000\000\000\000\000\000\000\000\000\000\000\000\000\000\000\000\000\000\000\000\000\000\000\000\000\000\000P\031-}\351f\032\255\274\334m\326c\017\014ao[\342\230\003\245\245\3341Hm\326^\017jy\335\261s!\002\364d\217\366\217|\316F\232\231\241\n\261\333`\312O\367\235\025DD\336e\367\n\312\326\221\037\025\230vF0D\002 i\234\244h1\250\316}\313%\2620\320{&\372\216\317\314\264V3\217\311d\241\370?My)0\002 J\026\023bN\t\216\201[\360^\327\311F\036\203gs\370\321iQ5\245G\260\237\331v`\205\203""; "
1750527525537,1750527525537,1933,1,0,2,TMValidation,"validation: """"\200\000\000\001&\000\000\000\004)/\351\252\245:\355<\266\216~aC\027Q\265\024\321\362\354\211\250.\234s\225amc\305\035\366\276\037nD\277`\210\223N\3535\033\261\304fP\027\000\000\000\000\000\000\000\000\000\000\000\000\000\000\000\000\000\000\000\000\000\000\000\000\000\000\000\000\000\000\000\000P\031\375T\356\014\360o'\030\311-\267\031\257!\031T\006><\315XM\334\324\345\034\000\325\367\240\271\013s!\002\225aM\037\203M\271C\224]$\245\215\334\264;{{\365%Z\2443U\201\242\320iUc\207\367vG0E\002!\000\220\326;\233\322\024\232i\216c\211\212L2\037\035\264e\022\231\324\244\357\275,\266tk}R\326p\002 #k\352~\2759A\2770(;\315]\301`\007\273\017\361\233\354\316\364\343\033 v{\203dt#""; ","validation: """"\200\000\000\001&\000\000\000\004)/\351\252\245:\355<\266\216~aC\027Q\265\024\321\362\354\211\250.\234s\225amc\305\035\366\276\037nD\277`\210\223N\3535\033\261\304fP\027\000\000\000\000\000\000\000\000\000\000\000\000\000\000\000\000\000\000\000\000\000\000\000\000\000\000\000\000\000\000\000\000P\031\375T\356\014\360o'\030\311-\267\031\257!\031T\006><\315XM\334\324\345\034\000\325\367\240\271\013s!\002\225aM\037\203M\271C\224]$\245\215\334\264;{{\365%Z\2443U\201\242\320iUc\207\367vG0E\002!\000\220\326;\233\322\024\232i\216c\211\212L2\037\035\264e\022\231\324\244\357\275,\266tk}R\326p\002 #k\352~\2759A\2770(;\315]\301`\007\273\017\361\233\354\316\364\343\033 v{\203dt#""; "
1750527525559,1750527525559,832,1,4,0,TMStatusChange,"newEvent: neACCEPTED_LEDGER; ledgerSeq: 4; ledgerHash: ""\265\024\321\362\354\211\250.\234s\225amc\305\035\366\276\037nD\277`\210\223N\3535\033\261\304f""; ledgerHashPrevious: ""\375T\356\014\360o'\030\311-\267\031\257!\031T\006><\315XM\334\324\345\034\000\325\367\240\271\013""; networkTime: 803842725; firstSeq: 1; lastSeq: 3; ","newEvent: neACCEPTED_LEDGER; ledgerSeq: 4; ledgerHash: ""\265\024\321\362\354\211\250.\234s\225amc\305\035\366\276\037nD\277`\210\223N\3535\033\261\304f""; ledgerHashPrevious: ""\375T\356\014\360o'\030\311-\267\031\257!\031T\006><\315XM\334\324\345\034\000\325\367\240\271\013""; networkTime: 803842725; firstSeq: 1; lastSeq: 3; "
1750527525560,1750527525560,3803,1,4,1,TMValidation,"validation: """"\200\000\000\001&\000\000\000\004)/\351\252\245:\r\302\353\023?\373\240rQ\265\024\321\362\354\211\250.\234s\225amc\305\035\366\276\037nD\277`\210\223N\3535\033\261\304fP\027\000\000\000\000\000\000\000\000\000\000\000\000\000\000\000\000\000\000\000\000\000\000\000\000\000\000\000\000\000\000\000\000P\031\375T\356\014\360o'\030\311-\267\031\257!\031T\006><\315XM\334\324\345\034\000\325\367\240\271\013s!\003R7o\362bV\300hf\266\241;}\200^\374\240\203[:\342Q\225\221\027y\372\255\235\216\323~vG0E\002!\000\322\230E\306\rV \254\035C\002&\211\331\373\344""\026\267T[\243\002r\345\204_)8\344\216\235\002 !b\300\322b\261\027\0138\244\014B!\306\366\271\272\330\021\333\213\324\233\177\367\336{O\253\373\241\304""; ","validation: """"\200\000\000\001&\000\000\000\004)/\351\252\245:\r\302\353\023?\373\240rQ\265\024\321\362\354\211\250.\234s\225amc\305\035\366\276\037nD\277`\210\223N\3535\033\261\304fP\027\000\000\000\000\000\000\000\000\000\000\000\000\000\000\000\000\000\000\000\000\000\000\000\000\000\000\000\000\000\000\000\000P\031\375T\356\014\360o'\030\311-\267\031\257!\031T\006><\315XM\334\324\345\034\000\325\367\240\271\013s!\003R7o\362bV\300hf\266\241;}\200^\374\240\203[:\342Q\225\221\027y\372\255\235\216\323~vG0E\002!\000\322\230E\306\rV \254\035C\002&\211\331\373\344""\026\267T[\243\002r\345\204_)8\344\216\235\002 !b\300\322b\261\027\0138\244\014B!\306\366\271\272\330\021\333\213\324\233\177\367\336{O\253\373\241\304""; "
1750527525560,1750527525560,3346,1,4,2,TMStatusChange,"newEvent: neACCEPTED_LEDGER; ledgerSeq: 4; ledgerHash: ""\265\024\321\362\354\211\250.\234s\225amc\305\035\366\276\037nD\277`\210\223N\3535\033\261\304f""; ledgerHashPrevious: ""\375T\356\014\360o'\030\311-\267\031\257!\031T\006><\315XM\334\324\345\034\000\325\367\240\271\013""; networkTime: 803842725; firstSeq: 1; lastSeq: 3; ","newEvent: neACCEPTED_LEDGER; ledgerSeq: 4; ledgerHash: ""\265\024\321\362\354\211\250.\234s\225amc\305\035\366\276\037nD\277`\210\223N\3535\033\261\304f""; ledgerHashPrevious: ""\375T\356\014\360o'\030\311-\267\031\257!\031T\006><\315XM\334\324\345\034\000\325\367\240\271\013""; networkTime: 803842725; firstSeq: 1; lastSeq: 3; "
1750527525559,1750527525559,803,1,4,1,TMStatusChange,"newEvent: neACCEPTED_LEDGER; ledgerSeq: 4; ledgerHash: ""\265\024\321\362\354\211\250.\234s\225amc\305\035\366\276\037nD\277`\210\223N\3535\033\261\304f""; ledgerHashPrevious: ""\375T\356\014\360o'\030\311-\267\031\257!\031T\006><\315XM\334\324\345\034\000\325\367\240\271\013""; networkTime: 803842725; firstSeq: 1; lastSeq: 3; ","newEvent: neACCEPTED_LEDGER; ledgerSeq: 4; ledgerHash: ""\265\024\321\362\354\211\250.\234s\225amc\305\035\366\276\037nD\277`\210\223N\3535\033\261\304f""; ledgerHashPrevious: ""\375T\356\014\360o'\030\311-\267\031\257!\031T\006><\315XM\334\324\345\034\000\325\367\240\271\013""; networkTime: 803842725; firstSeq: 1; lastSeq: 3; "
1750527525560,1750527525561,1740,1,4,0,TMValidation,"validation: """"\200\000\000\001&\000\000\000\004)/\351\252\245:\r\302\353\023?\373\240rQ\265\024\321\362\354\211\250.\234s\225amc\305\035\366\276\037nD\277`\210\223N\3535\033\261\304fP\027\000\000\000\000\000\000\000\000\000\000\000\000\000\000\000\000\000\000\000\000\000\000\000\000\000\000\000\000\000\000\000\000P\031\375T\356\014\360o'\030\311-\267\031\257!\031T\006><\315XM\334\324\345\034\000\325\367\240\271\013s!\003R7o\362bV\300hf\266\241;}\200^\374\240\203[:\342Q\225\221\027y\372\255\235\216\323~vG0E\002!\000\322\230E\306\rV \254\035C\002&\211\331\373\344""\026\267T[\243\002r\345\204_)8\344\216\235\002 !b\300\322b\261\027\0138\244\014B!\306\366\271\272\330\021\333\213\324\233\177\367\336{O\253\373\241\304""; ","validation: """"\200\000\000\001&\000\000\000\004)/\351\252\245:\r\302\353\023?\373\240rQ\265\024\321\362\354\211\250.\234s\225amc\305\035\366\276\037nD\277`\210\223N\3535\033\261\304fP\027\000\000\000\000\000\000\000\000\000\000\000\000\000\000\000\000\000\000\000\000\000\000\000\000\000\000\000\000\000\000\000\000P\031\375T\356\014\360o'\030\311-\267\031\257!\031T\006><\315XM\334\324\345\034\000\325\367\240\271\013s!\003R7o\362bV\300hf\266\241;}\200^\374\240\203[:\342Q\225\221\027y\372\255\235\216\323~vG0E\002!\000\322\230E\306\rV \254\035C\002&\211\331\373\344""\026\267T[\243\002r\345\204_)8\344\216\235\002 !b\300\322b\261\027\0138\244\014B!\306\366\271\272\330\021\333\213\324\233\177\367\336{O\253\373\241\304""; "
1750527525561,1750527525561,3403,1,4,3,TMStatusChange,"newEvent: neACCEPTED_LEDGER; ledgerSeq: 4; ledgerHash: ""\265\024\321\362\354\211\250.\234s\225amc\305\035\366\276\037nD\277`\210\223N\3535\033\261\304f""; ledgerHashPrevious: ""\375T\356\014\360o'\030\311-\267\031\257!\031T\006><\315XM\334\324\345\034\000\325\367\240\271\013""; networkTime: 803842725; firstSeq: 1; lastSeq: 3; ","newEvent: neACCEPTED_LEDGER; ledgerSeq: 4; ledgerHash: ""\265\024\321\362\354\211\250.\234s\225amc\305\035\366\276\037nD\277`\210\223N\3535\033\261\304f""; ledgerHashPrevious: ""\375T\356\014\360o'\030\311-\267\031\257!\031T\006><\315XM\334\324\345\034\000\325\367\240\271\013""; networkTime: 803842725; firstSeq: 1; lastSeq: 3; "
1750527525602,1750527525602,3620,1,4,3,TMValidation,"validation: """"\200\000\000\001&\000\000\000\004)/\351\252\245:\r\302\353\023?\373\240rQ\265\024\321\362\354\211\250.\234s\225amc\305\035\366\276\037nD\277`\210\223N\3535\033\261\304fP\027\000\000\000\000\000\000\000\000\000\000\000\000\000\000\000\000\000\000\000\000\000\000\000\000\000\000\000\000\000\000\000\000P\031\375T\356\014\360o'\030\311-\267\031\257!\031T\006><\315XM\334\324\345\034\000\325\367\240\271\013s!\003R7o\362bV\300hf\266\241;}\200^\374\240\203[:\342Q\225\221\027y\372\255\235\216\323~vG0E\002!\000\322\230E\306\rV \254\035C\002&\211\331\373\344""\026\267T[\243\002r\345\204_)8\344\216\235\002 !b\300\322b\261\027\0138\244\014B!\306\366\271\272\330\021\333\213\324\233\177\367\336{O\253\373\241\304""; ","validation: """"\200\000\000\001&\000\000\000\004)/\351\252\245:\r\302\353\023?\373\240rQ\265\024\321\362\354\211\250.\234s\225amc\305\035\366\276\037nD\277`\210\223N\3535\033\261\304fP\027\000\000\000\000\000\000\000\000\000\000\000\000\000\000\000\000\000\000\000\000\000\000\000\000\000\000\000\000\000\000\000\000P\031\375T\356\014\360o'\030\311-\267\031\257!\031T\006><\315XM\334\324\345\034\000\325\367\240\271\013s!\003R7o\362bV\300hf\266\241;}\200^\374\240\203[:\342Q\225\221\027y\372\255\235\216\323~vG0E\002!\000\322\230E\306\rV \254\035C\002&\211\331\373\344""\026\267T[\243\002r\345\204_)8\344\216\235\002 !b\300\322b\261\027\0138\244\014B!\306\366\271\272\330\021\333\213\324\233\177\367\336{O\253\373\241\304""; "
1750527525602,1750527525603,783,1,4,2,TMValidation,"validation: """"\200\000\000\001&\000\000\000\004)/\351\252\245:\r\302\353\023?\373\240rQ\265\024\321\362\354\211\250.\234s\225amc\305\035\366\276\037nD\277`\210\223N\3535\033\261\304fP\027\000\000\000\000\000\000\000\000\000\000\000\000\000\000\000\000\000\000\000\000\000\000\000\000\000\000\000\000\000\000\000\000P\031\375T\356\014\360o'\030\311-\267\031\257!\031T\006><\315XM\334\324\345\034\000\325\367\240\271\013s!\003R7o\362bV\300hf\266\241;}\200^\374\240\203[:\342Q\225\221\027y\372\255\235\216\323~vG0E\002!\000\322\230E\306\rV \254\035C\002&\211\331\373\344""\026\267T[\243\002r\345\204_)8\344\216\235\002 !b\300\322b\261\027\0138\244\014B!\306\366\271\272\330\021\333\213\324\233\177\367\336{O\253\373\241\304""; ","validation: """"\200\000\000\001&\000\000\000\004)/\351\252\245:\r\302\353\023?\373\240rQ\265\024\321\362\354\211\250.\234s\225amc\305\035\366\276\037nD\277`\210\223N\3535\033\261\304fP\027\000\000\000\000\000\000\000\000\000\000\000\000\000\000\000\000\000\000\000\000\000\000\000\000\000\000\000\000\000\000\000\000P\031\375T\356\014\360o'\030\311-\267\031\257!\031T\006><\315XM\334\324\345\034\000\325\367\240\271\013s!\003R7o\362bV\300hf\266\241;}\200^\374\240\203[:\342Q\225\221\027y\372\255\235\216\323~vG0E\002!\000\322\230E\306\rV \254\035C\002&\211\331\373\344""\026\267T[\243\002r\345\204_)8\344\216\235\002 !b\300\322b\261\027\0138\244\014B!\306\366\271\272\330\021\333\213\324\233\177\367\336{O\253\373\241\304""; "
1750527525680,1750527525681,605,1,3,2,TMTransaction,"rawTransaction: ""\022\000\000""\000\000\000\000$\000\000\000\002 \033\000\000\000\027a@\000\000\027H\206*@h@\000\000\000\000\000\000\ns!\0030\347\374\235V\273%\326\211;\243\363\027\256[\3173\263)\033\326=\263&T\243\023""/\177\320 tF0D\002 S\026@\225q\347\022\260\035q\327[\301ar\247\267B\201\332C@\362\033\240\313&<\266\304R\026\002 \010e\230\016\3404DZSA{#A2\271\232)\274\225\016i\237TS\254\264\227\302J~\216X\201\024\265\367by\212S\325C\240\024\312\370\262\227\317\370\362\3717\350\203\024\272\177ez`?~\240\022\321\013D\240\325V\364\241\375\n@""; status: tsCURRENT; receiveTimestamp: 803842725; deferred: false; ","rawTransaction: ""\022\000\000""\000\000\000\000$\000\000\000\002 \033\000\000\000\027a@\000\000\027H\206*@h@\000\000\000\000\000\000\ns!\0030\347\374\235V\273%\326\211;\243\363\027\256[\3173\263)\033\326=\263&T\243\023""/\177\320 tF0D\002 S\026@\225q\347\022\260\035q\327[\301ar\247\267B\201\332C@\362\033\240\313&<\266\304R\026\002 \010e\230\016\3404DZSA{#A2\271\232)\274\225\016i\237TS\254\264\227\302J~\216X\201\024\265\367by\212S\325C\240\024\312\370\262\227\317\370\362\3717\350\203\024\272\177ez`?~\240\022\321\013D\240\325V\364\241\375\n@""; status: tsCURRENT; receiveTimestamp: 803842725; deferred: false; "
1750527525681,1750527525681,224,1,3,4,TMTransaction,"rawTransaction: ""\022\000\000""\000\000\000\000$\000\000\000\002 \033\000\000\000\027a@\000\000\027H\206*@h@\000\000\000\000\000\000\ns!\0030\347\374\235V\273%\326\211;\243\363\027\256[\3173\263)\033\326=\263&T\243\023""/\177\320 tF0D\002 S\026@\225q\347\022\260\035q\327[\301ar\247\267B\201\332C@\362\033\240\313&<\266\304R\026\002 \010e\230\016\3404DZSA{#A2\271\232)\274\225\016i\237TS\254\264\227\302J~\216X\201\024\265\367by\212S\325C\240\024\312\370\262\227\317\370\362\3717\350\203\024\272\177ez`?~\240\022\321\013D\240\325V\364\241\375\n@""; status: tsCURRENT; receiveTimestamp: 803842725; deferred: false; ","rawTransaction: ""\022\000\000""\000\000\000\000$\000\000\000\002 \033\000\000\000\027a@\000\000\027H\206*@h@\000\000\000\000\000\000\ns!\0030\347\374\235V\273%\326\211;\243\363\027\256[\3173\263)\033\326=\263&T\243\023""/\177\320 tF0D\002 S\026@\225q\347\022\260\035q\327[\301ar\247\267B\201\332C@\362\033\240\313&<\266\304R\026\002 \010e\230\016\3404DZSA{#A2\271\232)\274\225\016i\237TS\254\264\227\302J~\216X\201\024\265\367by\212S\325C\240\024\312\370\262\227\317\370\362\3717\350\203\024\272\177ez`?~\240\022\321\013D\240\325V\364\241\375\n@""; status: tsCURRENT; receiveTimestamp: 803842725; deferred: false; "
1750527525681,1750527525682,2785,1,3,0,TMTransaction,"rawTransaction: ""\022\000\000""\000\000\000\000$\000\000\000\002 \033\000\000\000\027a@\000\000\027H\206*@h@\000\000\000\000\000\000\ns!\0030\347\374\235V\273%\326\211;\243\363\027\256[\3173\263)\033\326=\263&T\243\023""/\177\320 tF0D\002 S\026@\225q\347\022\260\035q\327[\301ar\247\267B\201\332C@\362\033\240\313&<\266\304R\026\002 \010e\230\016\3404DZSA{#A2\271\232)\274\225\016i\237TS\254\264\227\302J~\216X\201\024\265\367by\212S\325C\240\024\312\370\262\227\317\370\362\3717\350\203\024\272\177ez`?~\240\022\321\013D\240\325V\364\241\375\n@""; status: tsCURRENT; receiveTimestamp: 803842725; deferred: false; ","rawTransaction: ""\022\000\000""\000\000\000\000$\000\000\000\002 \033\000\000\000\027a@\000\000\027H\206*@h@\000\000\000\000\000\000\ns!\0030\347\374\235V\273%\326\211;\243\363\027\256[\3173\263)\033\326=\263&T\243\023""/\177\320 tF0D\002 S\026@\225q\347\022\260\035q\327[\301ar\247\267B\201\332C@\362\033\240\313&<\266\304R\026\002 \010e\230\016\3404DZSA{#A2\271\232)\274\225\016i\237TS\254\264\227\302J~\216X\201\024\265\367by\212S\325C\240\024\312\370\262\227\317\370\362\3717\350\203\024\272\177ez`?~\240\022\321\013D\240\325V\364\241\375\n@""; status: tsCURRENT; receiveTimestamp: 803842725; deferred: false; "
1750527525796,1750527525796,2742,1,1,0,TMProposeSet,"proposeSeq: 0; currentTxHash: ""\000\000\000\000\000\000\000\000\000\000\000\000\000\000\000\000\000\000\000\000\000\000\000\000\000\000\000\000\000\000\000\000""; nodePubKey: ""\003\255\225A\213\332\224ehh\024BDq\224\250\335`\355\353{\357\266\335<\021\032\265\177\206\356&\215""; closeTime: 803842723; signature: ""0D\002 ;\342\244\343\034\370\261\367F\005R\222\341@\220C\230=\027_\334FYg\215\372\255'\333+\320W\002  \335S\025\374\267\244\243\346\210\262\225 \354\0306\007\025R\364\320\242\253@' \004~\334\367\350\201""; previousledger: ""\375T\356\014\360o'\030\311-\267\031\257!\031T\006><\315XM\334\324\345\034\000\325\367\240\271\013""; ","proposeSeq: 0; currentTxHash: ""\000\000\000\000\000\000\000\000\000\000\000\000\000\000\000\000\000\000\000\000\000\000\000\000\000\000\000\000\000\000\000\000""; nodePubKey: ""\003\255\225A\213\332\224ehh\024BDq\224\250\335`\355\353{\357\266\335<\021\032\265\177\206\356&\215""; closeTime: 803842723; signature: ""0D\002 ;\342\244\343\034\370\261\367F\005R\222\341@\220C\230=\027_\334FYg\215\372\255'\333+\320W\002  \335S\025\374\267\244\243\346\210\262\225 \354\0306\007\025R\364\320\242\253@' \004~\334\367\350\201""; previousledger: ""\375T\356\014\360o'\030\311-\267\031\257!\031T\006><\315XM\334\324\345\034\000\325\367\240\271\013""; "
1750527525796,1750527525796,438,1,1,4,TMProposeSet,"proposeSeq: 0; currentTxHash: ""\000\000\000\000\000\000\000\000\000\000\000\000\000\000\000\000\000\000\000\000\000\000\000\000\000\000\000\000\000\000\000\000""; nodePubKey: ""\003\255\225A\213\332\224ehh\024BDq\224\250\335`\355\353{\357\266\335<\021\032\265\177\206\356&\215""; closeTime: 803842723; signature: ""0D\002 ;\342\244\343\034\370\261\367F\005R\222\341@\220C\230=\027_\334FYg\215\372\255'\333+\320W\002  \335S\025\374\267\244\243\346\210\262\225 \354\0306\007\025R\364\320\242\253@' \004~\334\367\350\201""; previousledger: ""\375T\356\014\360o'\030\311-\267\031\257!\031T\006><\315XM\334\324\345\034\000\325\367\240\271\013""; ","proposeSeq: 0; currentTxHash: ""\000\000\000\000\000\000\000\000\000\000\000\000\000\000\000\000\000\000\000\000\000\000\000\000\000\000\000\000\000\000\000\000""; nodePubKey: ""\003\255\225A\213\332\224ehh\024BDq\224\250\335`\355\353{\357\266\335<\021\032\265\177\206\356&\215""; closeTime: 803842723; signature: ""0D\002 ;\342\244\343\034\370\261\367F\005R\222\341@\220C\230=\027_\334FYg\215\372\255'\333+\320W\002  \335S\025\374\267\244\243\346\210\262\225 \354\0306\007\025R\364\320\242\253@' \004~\334\367\350\201""; previousledger: ""\375T\356\014\360o'\030\311-\267\031\257!\031T\006><\315XM\334\324\345\034\000\325\367\240\271\013""; "
1750527525797,1750527525797,3299,1,1,3,TMProposeSet,"proposeSeq: 0; currentTxHash: ""\000\000\000\000\000\000\000\000\000\000\000\000\000\000\000\000\000\000\000\000\000\000\000\000\000\000\000\000\000\000\000\000""; nodePubKey: ""\003\255\225A\213\332\224ehh\024BDq\224\250\335`\355\353{\357\266\335<\021\032\265\177\206\356&\215""; closeTime: 803842723; signature: ""0D\002 ;\342\244\343\034\370\261\367F\005R\222\341@\220C\230=\027_\334FYg\215\372\255'\333+\320W\002  \335S\025\374\267\244\243\346\210\262\225 \354\0306\007\025R\364\320\242\253@' \004~\334\367\350\201""; previousledger: ""\375T\356\014\360o'\030\311-\267\031\257!\031T\006><\315XM\334\324\345\034\000\325\367\240\271\013""; ","proposeSeq: 0; currentTxHash: ""\000\000\000\000\000\000\000\000\000\000\000\000\000\000\000\000\000\000\000\000\000\000\000\000\000\000\000\000\000\000\000\000""; nodePubKey: ""\003\255\225A\213\332\224ehh\024BDq\224\250\335`\355\353{\357\266\335<\021\032\265\177\206\356&\215""; closeTime: 803842723; signature: ""0D\002 ;\342\244\343\034\370\261\367F\005R\222\341@\220C\230=\027_\334FYg\215\372\255'\333+\320W\002  \335S\025\374\267\244\243\346\210\262\225 \354\0306\007\025R\364\320\242\253@' \004~\334\367\350\201""; previousledger: ""\375T\356\014\360o'\030\311-\267\031\257!\031T\006><\315XM\334\324\345\034\000\325\367\240\271\013""; "
1750527525822,1750527525822,3620,1,4,3,TMValidation,"validation: """"\200\000\000\001&\000\000\000\003)/\351\252\243:\303`\246;Q\203[_Q\375T\356\014\360o'\030\311-\267\031\257!\031T\006><\315XM\334\324\345\034\000\325\367\240\271\013P\027\000\000\000\000\000\000\000\000\000\000\000\000\000\000\000\000\000\000\000\000\000\000\000\000\000\000\000\000\000\000\000\000P\031-}\351f\032\255\274\334m\326c\017\014ao[\342\230\003\245\245\3341Hm\326^\017jy\335\261s!\002\266\377\271\344:\030\221i\267\257\215\237M\014\3345f\014\273|\207\367\334\337F\325\004cxB\211LvF0D\002 j\314\277\0134\200C\377\313\2410\241i\010}\247\000\236#et\320uS\241E(\330\304'\221\226\002 \002,\013\317X\310\235?\t;\302Mu\311\216\333\323Ux\010\027T\375\361\013S\221\322\3019\363V""; ","validation: """"\200\000\000\001&\000\000\000\003)/\351\252\243:\303`\246;Q\203[_Q\375T\356\014\360o'\030\311-\267\031\257!\031T\006><\315XM\334\324\345\034\000\325\367\240\271\013P\027\000\000\000\000\000\000\000\000\000\000\000\000\000\000\000\000\000\000\000\000\000\000\000\000\000\000\000\000\000\000\000\000P\031-}\351f\032\255\274\334m\326c\017\014ao[\342\230\003\245\245\3341Hm\326^\017jy\335\261s!\002\266\377\271\344:\030\221i\267\257\215\237M\014\3345f\014\273|\207\367\334\337F\325\004cxB\211LvF0D\002 j\314\277\0134\200C\377\313\2410\241i\010}\247\000\236#et\320uS\241E(\330\304'\221\226\002 \002,\013\317X\310\235?\t;\302Mu\311\216\333\323Ux\010\027T\375\361\013S\221\322\3019\363V""; "
1750527525823,1750527525823,783,1,4,2,TMValidation,"validation: """"\200\000\000\001&\000\000\000\003)/\351\252\243:\303`\246;Q\203[_Q\375T\356\014\360o'\030\311-\267\031\257!\031T\006><\315XM\334\324\345\034\000\325\367\240\271\013P\027\000\000\000\000\000\000\000\000\000\000\000\000\000\000\000\000\000\000\000\000\000\000\000\000\000\000\000\000\000\000\000\000P\031-}\351f\032\255\274\334m\326c\017\014ao[\342\230\003\245\245\3341Hm\326^\017jy\335\261s!\002\266\377\271\344:\030\221i\267\257\215\237M\014\3345f\014\273|\207\367\334\337F\325\004cxB\211LvF0D\002 j\314\277\0134\200C\377\313\2410\241i\010}\247\000\236#et\320uS\241E(\330\304'\221\226\002 \002,\013\317X\310\235?\t;\302Mu\311\216\333\323Ux\010\027T\375\361\013S\221\322\3019\363V""; ","validation: """"\200\000\000\001&\000\000\000\003)/\351\252\243:\303`\246;Q\203[_Q\375T\356\014\360o'\030\311-\267\031\257!\031T\006><\315XM\334\324\345\034\000\325\367\240\271\013P\027\000\000\000\000\000\000\000\000\000\000\000\000\000\000\000\000\000\000\000\000\000\000\000\000\000\000\000\000\000\000\000\000P\031-}\351f\032\255\274\334m\326c\017\014ao[\342\230\003\245\245\3341Hm\326^\017jy\335\261s!\002\266\377\271\344:\030\221i\267\257\215\237M\014\3345f\014\273|\207\367\334\337F\325\004cxB\211LvF0D\002 j\314\277\0134\200C\377\313\2410\241i\010}\247\000\236#et\320uS\241E(\330\304'\221\226\002 \002,\013\317X\310\235?\t;\302Mu\311\216\333\323Ux\010\027T\375\361\013S\221\322\3019\363V""; "
1750527525823,1750527525823,3803,1,4,1,TMValidation,"validation: """"\200\000\000\001&\000\000\000\003)/\351\252\243:\303`\246;Q\203[_Q\375T\356\014\360o'\030\311-\267\031\257!\031T\006><\315XM\334\324\345\034\000\325\367\240\271\013P\027\000\000\000\000\000\000\000\000\000\000\000\000\000\000\000\000\000\000\000\000\000\000\000\000\000\000\000\000\000\000\000\000P\031-}\351f\032\255\274\334m\326c\017\014ao[\342\230\003\245\245\3341Hm\326^\017jy\335\261s!\002\266\377\271\344:\030\221i\267\257\215\237M\014\3345f\014\273|\207\367\334\337F\325\004cxB\211LvF0D\002 j\314\277\0134\200C\377\313\2410\241i\010}\247\000\236#et\320uS\241E(\330\304'\221\226\002 \002,\013\317X\310\235?\t;\302Mu\311\216\333\323Ux\010\027T\375\361\013S\221\322\3019\363V""; ","validation: """"\200\000\000\001&\000\000\000\003)/\351\252\243:\303`\246;Q\203[_Q\375T\356\014\360o'\030\311-\267\031\257!\031T\006><\315XM\334\324\345\034\000\325\367\240\271\013P\027\000\000\000\000\000\000\000\000\000\000\000\000\000\000\000\000\000\000\000\000\000\000\000\000\000\000\000\000\000\000\000\000P\031-}\351f\032\255\274\334m\326c\017\014ao[\342\230\003\245\245\3341Hm\326^\017jy\335\261s!\002\266\377\271\344:\030\221i\267\257\215\237M\014\3345f\014\273|\207\367\334\337F\325\004cxB\211LvF0D\002 j\314\277\0134\200C\377\313\2410\241i\010}\247\000\236#et\320uS\241E(\330\304'\221\226\002 \002,\013\317X\310\235?\t;\302Mu\311\216\333\323Ux\010\027T\375\361\013S\221\322\3019\363V""; "
1750527525838,1750527525838,1434,1,0,1,TMLedgerData,"ledgerHash: ""\375T\356\014\360o'\030\311-\267\031\257!\031T\006><\315XM\334\324\345\034\000\325\367\240\271\013""; ledgerSeq: 3; type: liBASE; nodes {;   nodedata: ""\000\000\000\003\001cEx]\212\000\000\032Yt\320\244{g\0306\\302\303*\341\215\223\257\364\277o\375\000r\241SOq\221\253\262\005\017\000\000\000\000\000\000\000\000\000\000\000\000\000\000\000\000\000\000\000\000\000\000\000\000\000\000\000\000\000\000\000\000^\224\235@e\305\010\377I\344V\336m9M&\305IS!2b\256OD\367\342rc\237\367\347/\351\252\214/\351\252\240\n\000""; }; nodes {;   nodedata: ""\303\016\021\310<Z\337\266>\225@&n\022\246\274\353\220\345b3\035\313\350L\354\254\002\005\305\035\017\002E\344\037@\210\363\010\336T\226\247'\204_{\261\370""1\235\2445\343\033Y!\212\201\341\272\225'\007\310\323U\362\3613h\004K8\r\240\356I\366\371m,\356\000\234)\351\336;\274o#\264\364\354B\013\003""; }; ","ledgerHash: ""\375T\356\014\360o'\030\311-\267\031\257!\031T\006><\315XM\334\324\345\034\000\325\367\240\271\013""; ledgerSeq: 3; type: liBASE; nodes {;   nodedata: ""\000\000\000\003\001cEx]\212\000\000\032Yt\320\244{g\0306\\302\303*\341\215\223\257\364\277o\375\000r\241SOq\221\253\262\005\017\000\000\000\000\000\000\000\000\000\000\000\000\000\000\000\000\000\000\000\000\000\000\000\000\000\000\000\000\000\000\000\000^\224\235@e\305\010\377I\344V\336m9M&\305IS!2b\256OD\367\342rc\237\367\347/\351\252\214/\351\252\240\n\000""; }; nodes {;   nodedata: ""\303\016\021\310<Z\337\266>\225@&n\022\246\274\353\220\345b3\035\313\350L\354\254\002\005\305\035\017\002E\344\037@\210\363\010\336T\226\247'\204_{\261\370""1\235\2445\343\033Y!\212\201\341\272\225'\007\310\323U\362\3613h\004K8\r\240\356I\366\371m,\356\000\234)\351\336;\274o#\264\364\354B\013\003""; }; "
1750527525838,1750527525838,1434,1,0,1,TMLedgerData,"ledgerHash: ""\375T\356\014\360o'\030\311-\267\031\257!\031T\006><\315XM\334\324\345\034\000\325\367\240\271\013""; ledgerSeq: 3; type: liBASE; nodes {;   nodedata: ""\000\000\000\003\001cEx]\212\000\000\032Yt\320\244{g\0306\\302\303*\341\215\223\257\364\277o\375\000r\241SOq\221\253\262\005\017\000\000\000\000\000\000\000\000\000\000\000\000\000\000\000\000\000\000\000\000\000\000\000\000\000\000\000\000\000\000\000\000^\224\235@e\305\010\377I\344V\336m9M&\305IS!2b\256OD\367\342rc\237\367\347/\351\252\214/\351\252\240\n\000""; }; nodes {;   nodedata: ""\303\016\021\310<Z\337\266>\225@&n\022\246\274\353\220\345b3\035\313\350L\354\254\002\005\305\035\017\002E\344\037@\210\363\010\336T\226\247'\204_{\261\370""1\235\2445\343\033Y!\212\201\341\272\225'\007\310\323U\362\3613h\004K8\r\240\356I\366\371m,\356\000\234)\351\336;\274o#\264\364\354B\013\003""; }; ","ledgerHash: ""\375T\356\014\360o'\030\311-\267\031\257!\031T\006><\315XM\334\324\345\034\000\325\367\240\271\013""; ledgerSeq: 3; type: liBASE; nodes {;   nodedata: ""\000\000\000\003\001cEx]\212\000\000\032Yt\320\244{g\0306\\302\303*\341\215\223\257\364\277o\375\000r\241SOq\221\253\262\005\017\000\000\000\000\000\000\000\000\000\000\000\000\000\000\000\000\000\000\000\000\000\000\000\000\000\000\000\000\000\000\000\000^\224\235@e\305\010\377I\344V\336m9M&\305IS!2b\256OD\367\342rc\237\367\347/\351\252\214/\351\252\240\n\000""; }; nodes {;   nodedata: ""\303\016\021\310<Z\337\266>\225@&n\022\246\274\353\220\345b3\035\313\350L\354\254\002\005\305\035\017\002E\344\037@\210\363\010\336T\226\247'\204_{\261\370""1\235\2445\343\033Y!\212\201\341\272\225'\007\310\323U\362\3613h\004K8\r\240\356I\366\371m,\356\000\234)\351\336;\274o#\264\364\354B\013\003""; }; "
1750527525865,1750527525865,949,1,1,2,TMValidation,"validation: """"\200\000\000\001&\000\000\000\003)/\351\252\242:p\210\265\307-\212\200\004Q\375T\356\014\360o'\030\311-\267\031\257!\031T\006><\315XM\334\324\345\034\000\325\367\240\271\013P\027\000\000\000\000\000\000\000\000\000\000\000\000\000\000\000\000\000\000\000\000\000\000\000\000\000\000\000\000\000\000\000\000P\031-}\351f\032\255\274\334m\326c\017\014ao[\342\230\003\245\245\3341Hm\326^\017jy\335\261s!\002\364d\217\366\217|\316F\232\231\241\n\261\333`\312O\367\235\025DD\336e\367\n\312\326\221\037\025\230vF0D\002 i\234\244h1\250\316}\313%\2620\320{&\372\216\317\314\264V3\217\311d\241\370?My)0\002 J\026\023bN\t\216\201[\360^\327\311F\036\203gs\370\321iQ5\245G\260\237\331v`\205\203""; ","validation: """"\200\000\000\001&\000\000\000\003)/\351\252\242:p\210\265\307-\212\200\004Q\375T\356\014\360o'\030\311-\267\031\257!\031T\006><\315XM\334\324\345\034\000\325\367\240\271\013P\027\000\000\000\000\000\000\000\000\000\000\000\000\000\000\000\000\000\000\000\000\000\000\000\000\000\000\000\000\000\000\000\000P\031-}\351f\032\255\274\334m\326c\017\014ao[\342\230\003\245\245\3341Hm\326^\017jy\335\261s!\002\364d\217\366\217|\316F\232\231\241\n\261\333`\312O\367\235\025DD\336e\367\n\312\326\221\037\025\230vF0D\002 i\234\244h1\250\316}\313%\2620\320{&\372\216\317\314\264V3\217\311d\241\370?My)0\002 J\026\023bN\t\216\201[\360^\327\311F\036\203gs\370\321iQ5\245G\260\237\331v`\205\203""; "
1750527525866,1750527525866,3746,1,1,4,TMValidation,"validation: """"\200\000\000\001&\000\000\000\003)/\351\252\242:p\210\265\307-\212\200\004Q\375T\356\014\360o'\030\311-\267\031\257!\031T\006><\315XM\334\324\345\034\000\325\367\240\271\013P\027\000\000\000\000\000\000\000\000\000\000\000\000\000\000\000\000\000\000\000\000\000\000\000\000\000\000\000\000\000\000\000\000P\031-}\351f\032\255\274\334m\326c\017\014ao[\342\230\003\245\245\3341Hm\326^\017jy\335\261s!\002\364d\217\366\217|\316F\232\231\241\n\261\333`\312O\367\235\025DD\336e\367\n\312\326\221\037\025\230vF0D\002 i\234\244h1\250\316}\313%\2620\320{&\372\216\317\314\264V3\217\311d\241\370?My)0\002 J\026\023bN\t\216\201[\360^\327\311F\036\203gs\370\321iQ5\245G\260\237\331v`\205\203""; ","validation: """"\200\000\000\001&\000\000\000\003)/\351\252\242:p\210\265\307-\212\200\004Q\375T\356\014\360o'\030\311-\267\031\257!\031T\006><\315XM\334\324\345\034\000\325\367\240\271\013P\027\000\000\000\000\000\000\000\000\000\000\000\000\000\000\000\000\000\000\000\000\000\000\000\000\000\000\000\000\000\000\000\000P\031-}\351f\032\255\274\334m\326c\017\014ao[\342\230\003\245\245\3341Hm\326^\017jy\335\261s!\002\364d\217\366\217|\316F\232\231\241\n\261\333`\312O\367\235\025DD\336e\367\n\312\326\221\037\025\230vF0D\002 i\234\244h1\250\316}\313%\2620\320{&\372\216\317\314\264V3\217\311d\241\370?My)0\002 J\026\023bN\t\216\201[\360^\327\311F\036\203gs\370\321iQ5\245G\260\237\331v`\205\203""; "
1750527525867,1750527525867,2229,1,1,0,TMValidation,"validation: """"\200\000\000\001&\000\000\000\003)/\351\252\242:p\210\265\307-\212\200\004Q\375T\356\014\360o'\030\311-\267\031\257!\031T\006><\315XM\334\324\345\034\000\325\367\240\271\013P\027\000\000\000\000\000\000\000\000\000\000\000\000\000\000\000\000\000\000\000\000\000\000\000\000\000\000\000\000\000\000\000\000P\031-}\351f\032\255\274\334m\326c\017\014ao[\342\230\003\245\245\3341Hm\326^\017jy\335\261s!\002\364d\217\366\217|\316F\232\231\241\n\261\333`\312O\367\235\025DD\336e\367\n\312\326\221\037\025\230vF0D\002 i\234\244h1\250\316}\313%\2620\320{&\372\216\317\314\264V3\217\311d\241\370?My)0\002 J\026\023bN\t\216\201[\360^\327\311F\036\203gs\370\321iQ5\245G\260\237\331v`\205\203""; ","validation: """"\200\000\000\001&\000\000\000\003)/\351\252\242:p\210\265\307-\212\200\004Q\375T\356\014\360o'\030\311-\267\031\257!\031T\006><\315XM\334\324\345\034\000\325\367\240\271\013P\027\000\000\000\000\000\000\000\000\000\000\000\000\000\000\000\000\000\000\000\000\000\000\000\000\000\000\000\000\000\000\000\000P\031-}\351f\032\255\274\334m\326c\017\014ao[\342\230\003\245\245\3341Hm\326^\017jy\335\261s!\002\364d\217\366\217|\316F\232\231\241\n\261\333`\312O\367\235\025DD\336e\367\n\312\326\221\037\025\230vF0D\002 i\234\244h1\250\316}\313%\2620\320{&\372\216\317\314\264V3\217\311d\241\370?My)0\002 J\026\023bN\t\216\201[\360^\327\311F\036\203gs\370\321iQ5\245G\260\237\331v`\205\203""; "
1750527525907,1750527525908,2463,1,4,1,TMTransaction,"rawTransaction: ""\022\000\000""\000\000\000\000$\000\000\000\002 \033\000\000\000\027a@\000\000\027H\206*@h@\000\000\000\000\000\000\ns!\0030\347\374\235V\273%\326\211;\243\363\027\256[\3173\263)\033\326=\263&T\243\023""/\177\320 tF0D\002 S\026@\225q\347\022\260\035q\327[\301ar\247\267B\201\332C@\362\033\240\313&<\266\304R\026\002 \010e\230\016\3404DZSA{#A2\271\232)\274\225\016i\237TS\254\264\227\302J~\216X\201\024\265\367by\212S\325C\240\024\312\370\262\227\317\370\362\3717\350\203\024\272\177ez`?~\240\022\321\013D\240\325V\364\241\375\n@""; status: tsCURRENT; receiveTimestamp: 803842725; deferred: false; ","rawTransaction: ""\022\000\000""\000\000\000\000$\000\000\000\002 \033\000\000\000\027a@\000\000\027H\206*@h@\000\000\000\000\000\000\ns!\0030\347\374\235V\273%\326\211;\243\363\027\256[\3173\263)\033\326=\263&T\243\023""/\177\320 tF0D\002 S\026@\225q\347\022\260\035q\327[\301ar\247\267B\201\332C@\362\033\240\313&<\266\304R\026\002 \010e\230\016\3404DZSA{#A2\271\232)\274\225\016i\237TS\254\264\227\302J~\216X\201\024\265\367by\212S\325C\240\024\312\370\262\227\317\370\362\3717\350\203\024\272\177ez`?~\240\022\321\013D\240\325V\364\241\375\n@""; status: tsCURRENT; receiveTimestamp: 803842725; deferred: false; "
1750527525908,1750527525908,3755,1,4,2,TMTransaction,"rawTransaction: ""\022\000\000""\000\000\000\000$\000\000\000\002 \033\000\000\000\027a@\000\000\027H\206*@h@\000\000\000\000\000\000\ns!\0030\347\374\235V\273%\326\211;\243\363\027\256[\3173\263)\033\326=\263&T\243\023""/\177\320 tF0D\002 S\026@\225q\347\022\260\035q\327[\301ar\247\267B\201\332C@\362\033\240\313&<\266\304R\026\002 \010e\230\016\3404DZSA{#A2\271\232)\274\225\016i\237TS\254\264\227\302J~\216X\201\024\265\367by\212S\325C\240\024\312\370\262\227\317\370\362\3717\350\203\024\272\177ez`?~\240\022\321\013D\240\325V\364\241\375\n@""; status: tsCURRENT; receiveTimestamp: 803842725; deferred: false; ","rawTransaction: ""\022\000\000""\000\000\000\000$\000\000\000\002 \033\000\000\000\027a@\000\000\027H\206*@h@\000\000\000\000\000\000\ns!\0030\347\374\235V\273%\326\211;\243\363\027\256[\3173\263)\033\326=\263&T\243\023""/\177\320 tF0D\002 S\026@\225q\347\022\260\035q\327[\301ar\247\267B\201\332C@\362\033\240\313&<\266\304R\026\002 \010e\230\016\3404DZSA{#A2\271\232)\274\225\016i\237TS\254\264\227\302J~\216X\201\024\265\367by\212S\325C\240\024\312\370\262\227\317\370\362\3717\350\203\024\272\177ez`?~\240\022\321\013D\240\325V\364\241\375\n@""; status: tsCURRENT; receiveTimestamp: 803842725; deferred: false; "
1750527525908,1750527525909,897,1,4,0,TMTransaction,"rawTransaction: ""\022\000\000""\000\000\000\000$\000\000\000\002 \033\000\000\000\027a@\000\000\027H\206*@h@\000\000\000\000\000\000\ns!\0030\347\374\235V\273%\326\211;\243\363\027\256[\3173\263)\033\326=\263&T\243\023""/\177\320 tF0D\002 S\026@\225q\347\022\260\035q\327[\301ar\247\267B\201\332C@\362\033\240\313&<\266\304R\026\002 \010e\230\016\3404DZSA{#A2\271\232)\274\225\016i\237TS\254\264\227\302J~\216X\201\024\265\367by\212S\325C\240\024\312\370\262\227\317\370\362\3717\350\203\024\272\177ez`?~\240\022\321\013D\240\325V\364\241\375\n@""; status: tsCURRENT; receiveTimestamp: 803842725; deferred: false; ","rawTransaction: ""\022\000\000""\000\000\000\000$\000\000\000\002 \033\000\000\000\027a@\000\000\027H\206*@h@\000\000\000\000\000\000\ns!\0030\347\374\235V\273%\326\211;\243\363\027\256[\3173\263)\033\326=\263&T\243\023""/\177\320 tF0D\002 S\026@\225q\347\022\260\035q\327[\301ar\247\267B\201\332C@\362\033\240\313&<\266\304R\026\002 \010e\230\016\3404DZSA{#A2\271\232)\274\225\016i\237TS\254\264\227\302J~\216X\201\024\265\367by\212S\325C\240\024\312\370\262\227\317\370\362\3717\350\203\024\272\177ez`?~\240\022\321\013D\240\325V\364\241\375\n@""; status: tsCURRENT; receiveTimestamp: 803842725; deferred: false; "
1750527525995,1750527525995,2221,1,2,1,TMProposeSet,"proposeSeq: 0; currentTxHash: ""\000\000\000\000\000\000\000\000\000\000\000\000\000\000\000\000\000\000\000\000\000\000\000\000\000\000\000\000\000\000\000\000""; nodePubKey: ""\003R7o\362bV\300hf\266\241;}\200^\374\240\203[:\342Q\225\221\027y\372\255\235\216\323~""; closeTime: 803842723; signature: ""0E\002!\000\200\240K\210\353\255\020\2218\323Y\256T\357>\332\332\331P?\275\210\036\234\214Nt\313\245m\024\333\002 WFy\030\244H\363d.\004`\370\224\310\027\347\236\233\251\373m\303\316\202\014\271\371E\305\234\332\255""; previousledger: ""\375T\356\014\360o'\030\311-\267\031\257!\031T\006><\315XM\334\324\345\034\000\325\367\240\271\013""; ","proposeSeq: 0; currentTxHash: ""\000\000\000\000\000\000\000\000\000\000\000\000\000\000\000\000\000\000\000\000\000\000\000\000\000\000\000\000\000\000\000\000""; nodePubKey: ""\003R7o\362bV\300hf\266\241;}\200^\374\240\203[:\342Q\225\221\027y\372\255\235\216\323~""; closeTime: 803842723; signature: ""0E\002!\000\200\240K\210\353\255\020\2218\323Y\256T\357>\332\332\331P?\275\210\036\234\214Nt\313\245m\024\333\002 WFy\030\244H\363d.\004`\370\224\310\027\347\236\233\251\373m\303\316\202\014\271\371E\305\234\332\255""; previousledger: ""\375T\356\014\360o'\030\311-\267\031\257!\031T\006><\315XM\334\324\345\034\000\325\367\240\271\013""; "
1750527525996,1750527525996,2762,1,2,3,TMProposeSet,"proposeSeq: 0; currentTxHash: ""\000\000\000\000\000\000\000\000\000\000\000\000\000\000\000\000\000\000\000\000\000\000\000\000\000\000\000\000\000\000\000\000""; nodePubKey: ""\003R7o\362bV\300hf\266\241;}\200^\374\240\203[:\342Q\225\221\027y\372\255\235\216\323~""; closeTime: 803842723; signature: ""0E\002!\000\200\240K\210\353\255\020\2218\323Y\256T\357>\332\332\331P?\275\210\036\234\214Nt\313\245m\024\333\002 WFy\030\244H\363d.\004`\370\224\310\027\347\236\233\251\373m\303\316\202\014\271\371E\305\234\332\255""; previousledger: ""\375T\356\014\360o'\030\311-\267\031\257!\031T\006><\315XM\334\324\345\034\000\325\367\240\271\013""; ","proposeSeq: 0; currentTxHash: ""\000\000\000\000\000\000\000\000\000\000\000\000\000\000\000\000\000\000\000\000\000\000\000\000\000\000\000\000\000\000\000\000""; nodePubKey: ""\003R7o\362bV\300hf\266\241;}\200^\374\240\203[:\342Q\225\221\027y\372\255\235\216\323~""; closeTime: 803842723; signature: ""0E\002!\000\200\240K\210\353\255\020\2218\323Y\256T\357>\332\332\331P?\275\210\036\234\214Nt\313\245m\024\333\002 WFy\030\244H\363d.\004`\370\224\310\027\347\236\233\251\373m\303\316\202\014\271\371E\305\234\332\255""; previousledger: ""\375T\356\014\360o'\030\311-\267\031\257!\031T\006><\315XM\334\324\345\034\000\325\367\240\271\013""; "
1750527525994,1750527525995,541,1,0,2,TMTransaction,"rawTransaction: ""\022\000\000""\000\000\000\000$\000\000\000\001 \033\000\000\000\027a@\000\000\027H\206*@h@\000\000\000\000\000\000\ns!\0030\347\374\235V\273%\326\211;\243\363\027\256[\3173\263)\033\326=\263&T\243\023""/\177\320 tG0E\002!\000\237\256\247\206\273\270\351}E\363<\373\313\267C\325\205\027/\321~bk,?\326a\216\014t=\017\002 =\207UU\251\222{p\014O\321\244Y\273\376%*\233O\002\222\301\237\242\305 \374o\361\220_\243\201\024\265\367by\212S\325C\240\024\312\370\262\227\317\370\362\3717\350\203\024\237\311\327\222\336\304\221\216Q\027\001uf'%5\022:P\210""; status: tsCURRENT; receiveTimestamp: 803842725; deferred: false; ","rawTransaction: ""\022\000\000""\000\000\000\000$\000\000\000\001 \033\000\000\000\027a@\000\000\027H\206*@h@\000\000\000\000\000\000\ns!\0030\347\374\235V\273%\326\211;\243\363\027\256[\3173\263)\033\326=\263&T\243\023""/\177\320 tG0E\002!\000\237\256\247\206\273\270\351}E\363<\373\313\267C\325\205\027/\321~bk,?\326a\216\014t=\017\002 =\207UU\251\222{p\014O\321\244Y\273\376%*\233O\002\222\301\237\242\305 \374o\361\220_\243\201\024\265\367by\212S\325C\240\024\312\370\262\227\317\370\362\3717\350\203\024\237\311\327\222\336\304\221\216Q\027\001uf'%5\022:P\210""; status: tsCURRENT; receiveTimestamp: 803842725; deferred: false; "
1750527525995,1750527525995,1659,1,2,0,TMProposeSet,"proposeSeq: 0; currentTxHash: ""\000\000\000\000\000\000\000\000\000\000\000\000\000\000\000\000\000\000\000\000\000\000\000\000\000\000\000\000\000\000\000\000""; nodePubKey: ""\003R7o\362bV\300hf\266\241;}\200^\374\240\203[:\342Q\225\221\027y\372\255\235\216\323~""; closeTime: 803842723; signature: ""0E\002!\000\200\240K\210\353\255\020\2218\323Y\256T\357>\332\332\331P?\275\210\036\234\214Nt\313\245m\024\333\002 WFy\030\244H\363d.\004`\370\224\310\027\347\236\233\251\373m\303\316\202\014\271\371E\305\234\332\255""; previousledger: ""\375T\356\014\360o'\030\311-\267\031\257!\031T\006><\315XM\334\324\345\034\000\325\367\240\271\013""; ","proposeSeq: 0; currentTxHash: ""\000\000\000\000\000\000\000\000\000\000\000\000\000\000\000\000\000\000\000\000\000\000\000\000\000\000\000\000\000\000\000\000""; nodePubKey: ""\003R7o\362bV\300hf\266\241;}\200^\374\240\203[:\342Q\225\221\027y\372\255\235\216\323~""; closeTime: 803842723; signature: ""0E\002!\000\200\240K\210\353\255\020\2218\323Y\256T\357>\332\332\331P?\275\210\036\234\214Nt\313\245m\024\333\002 WFy\030\244H\363d.\004`\370\224\310\027\347\236\233\251\373m\303\316\202\014\271\371E\305\234\332\255""; previousledger: ""\375T\356\014\360o'\030\311-\267\031\257!\031T\006><\315XM\334\324\345\034\000\325\367\240\271\013""; "
1750527525994,1750527525996,3443,1,0,3,TMTransaction,"rawTransaction: ""\022\000\000""\000\000\000\000$\000\000\000\001 \033\000\000\000\027a@\000\000\027H\206*@h@\000\000\000\000\000\000\ns!\0030\347\374\235V\273%\326\211;\243\363\027\256[\3173\263)\033\326=\263&T\243\023""/\177\320 tG0E\002!\000\237\256\247\206\273\270\351}E\363<\373\313\267C\325\205\027/\321~bk,?\326a\216\014t=\017\002 =\207UU\251\222{p\014O\321\244Y\273\376%*\233O\002\222\301\237\242\305 \374o\361\220_\243\201\024\265\367by\212S\325C\240\024\312\370\262\227\317\370\362\3717\350\203\024\237\311\327\222\336\304\221\216Q\027\001uf'%5\022:P\210""; status: tsCURRENT; receiveTimestamp: 803842725; deferred: false; ","rawTransaction: ""\022\000\000""\000\000\000\000$\000\000\000\001 \033\000\000\000\027a@\000\000\027H\206*@h@\000\000\000\000\000\000\ns!\0030\347\374\235V\273%\326\211;\243\363\027\256[\3173\263)\033\326=\263&T\243\023""/\177\320 tG0E\002!\000\237\256\247\206\273\270\351}E\363<\373\313\267C\325\205\027/\321~bk,?\326a\216\014t=\017\002 =\207UU\251\222{p\014O\321\244Y\273\376%*\233O\002\222\301\237\242\305 \374o\361\220_\243\201\024\265\367by\212S\325C\240\024\312\370\262\227\317\370\362\3717\350\203\024\237\311\327\222\336\304\221\216Q\027\001uf'%5\022:P\210""; status: tsCURRENT; receiveTimestamp: 803842725; deferred: false; "
1750527525995,1750527525997,1617,1,0,1,TMTransaction,"rawTransaction: ""\022\000\000""\000\000\000\000$\000\000\000\001 \033\000\000\000\027a@\000\000\027H\206*@h@\000\000\000\000\000\000\ns!\0030\347\374\235V\273%\326\211;\243\363\027\256[\3173\263)\033\326=\263&T\243\023""/\177\320 tG0E\002!\000\237\256\247\206\273\270\351}E\363<\373\313\267C\325\205\027/\321~bk,?\326a\216\014t=\017\002 =\207UU\251\222{p\014O\321\244Y\273\376%*\233O\002\222\301\237\242\305 \374o\361\220_\243\201\024\265\367by\212S\325C\240\024\312\370\262\227\317\370\362\3717\350\203\024\237\311\327\222\336\304\221\216Q\027\001uf'%5\022:P\210""; status: tsCURRENT; receiveTimestamp: 803842725; deferred: false; ","rawTransaction: ""\022\000\000""\000\000\000\000$\000\000\000\001 \033\000\000\000\027a@\000\000\027H\206*@h@\000\000\000\000\000\000\ns!\0030\347\374\235V\273%\326\211;\243\363\027\256[\3173\263)\033\326=\263&T\243\023""/\177\320 tG0E\002!\000\237\256\247\206\273\270\351}E\363<\373\313\267C\325\205\027/\321~bk,?\326a\216\014t=\017\002 =\207UU\251\222{p\014O\321\244Y\273\376%*\233O\002\222\301\237\242\305 \374o\361\220_\243\201\024\265\367by\212S\325C\240\024\312\370\262\227\317\370\362\3717\350\203\024\237\311\327\222\336\304\221\216Q\027\001uf'%5\022:P\210""; status: tsCURRENT; receiveTimestamp: 803842725; deferred: false; "
1750527526009,1750527526009,1394,1,1,2,TMProposeSet,"proposeSeq: 0; currentTxHash: ""\000\000\000\000\000\000\000\000\000\000\000\000\000\000\000\000\000\000\000\000\000\000\000\000\000\000\000\000\000\000\000\000""; nodePubKey: ""\003R7o\362bV\300hf\266\241;}\200^\374\240\203[:\342Q\225\221\027y\372\255\235\216\323~""; closeTime: 803842723; signature: ""0E\002!\000\200\240K\210\353\255\020\2218\323Y\256T\357>\332\332\331P?\275\210\036\234\214Nt\313\245m\024\333\002 WFy\030\244H\363d.\004`\370\224\310\027\347\236\233\251\373m\303\316\202\014\271\371E\305\234\332\255""; previousledger: ""\375T\356\014\360o'\030\311-\267\031\257!\031T\006><\315XM\334\324\345\034\000\325\367\240\271\013""; ","proposeSeq: 0; currentTxHash: ""\000\000\000\000\000\000\000\000\000\000\000\000\000\000\000\000\000\000\000\000\000\000\000\000\000\000\000\000\000\000\000\000""; nodePubKey: ""\003R7o\362bV\300hf\266\241;}\200^\374\240\203[:\342Q\225\221\027y\372\255\235\216\323~""; closeTime: 803842723; signature: ""0E\002!\000\200\240K\210\353\255\020\2218\323Y\256T\357>\332\332\331P?\275\210\036\234\214Nt\313\245m\024\333\002 WFy\030\244H\363d.\004`\370\224\310\027\347\236\233\251\373m\303\316\202\014\271\371E\305\234\332\255""; previousledger: ""\375T\356\014\360o'\030\311-\267\031\257!\031T\006><\315XM\334\324\345\034\000\325\367\240\271\013""; "
1750527526009,1750527526009,3299,1,1,3,TMProposeSet,"proposeSeq: 0; currentTxHash: ""\000\000\000\000\000\000\000\000\000\000\000\000\000\000\000\000\000\000\000\000\000\000\000\000\000\000\000\000\000\000\000\000""; nodePubKey: ""\003R7o\362bV\300hf\266\241;}\200^\374\240\203[:\342Q\225\221\027y\372\255\235\216\323~""; closeTime: 803842723; signature: ""0E\002!\000\200\240K\210\353\255\020\2218\323Y\256T\357>\332\332\331P?\275\210\036\234\214Nt\313\245m\024\333\002 WFy\030\244H\363d.\004`\370\224\310\027\347\236\233\251\373m\303\316\202\014\271\371E\305\234\332\255""; previousledger: ""\375T\356\014\360o'\030\311-\267\031\257!\031T\006><\315XM\334\324\345\034\000\325\367\240\271\013""; ","proposeSeq: 0; currentTxHash: ""\000\000\000\000\000\000\000\000\000\000\000\000\000\000\000\000\000\000\000\000\000\000\000\000\000\000\000\000\000\000\000\000""; nodePubKey: ""\003R7o\362bV\300hf\266\241;}\200^\374\240\203[:\342Q\225\221\027y\372\255\235\216\323~""; closeTime: 803842723; signature: ""0E\002!\000\200\240K\210\353\255\020\2218\323Y\256T\357>\332\332\331P?\275\210\036\234\214Nt\313\245m\024\333\002 WFy\030\244H\363d.\004`\370\224\310\027\347\236\233\251\373m\303\316\202\014\271\371E\305\234\332\255""; previousledger: ""\375T\356\014\360o'\030\311-\267\031\257!\031T\006><\315XM\334\324\345\034\000\325\367\240\271\013""; "
1750527526009,1750527526010,2742,1,1,0,TMProposeSet,"proposeSeq: 0; currentTxHash: ""\000\000\000\000\000\000\000\000\000\000\000\000\000\000\000\000\000\000\000\000\000\000\000\000\000\000\000\000\000\000\000\000""; nodePubKey: ""\003R7o\362bV\300hf\266\241;}\200^\374\240\203[:\342Q\225\221\027y\372\255\235\216\323~""; closeTime: 803842723; signature: ""0E\002!\000\200\240K\210\353\255\020\2218\323Y\256T\357>\332\332\331P?\275\210\036\234\214Nt\313\245m\024\333\002 WFy\030\244H\363d.\004`\370\224\310\027\347\236\233\251\373m\303\316\202\014\271\371E\305\234\332\255""; previousledger: ""\375T\356\014\360o'\030\311-\267\031\257!\031T\006><\315XM\334\324\345\034\000\325\367\240\271\013""; ","proposeSeq: 0; currentTxHash: ""\000\000\000\000\000\000\000\000\000\000\000\000\000\000\000\000\000\000\000\000\000\000\000\000\000\000\000\000\000\000\000\000""; nodePubKey: ""\003R7o\362bV\300hf\266\241;}\200^\374\240\203[:\342Q\225\221\027y\372\255\235\216\323~""; closeTime: 803842723; signature: ""0E\002!\000\200\240K\210\353\255\020\2218\323Y\256T\357>\332\332\331P?\275\210\036\234\214Nt\313\245m\024\333\002 WFy\030\244H\363d.\004`\370\224\310\027\347\236\233\251\373m\303\316\202\014\271\371E\305\234\332\255""; previousledger: ""\375T\356\014\360o'\030\311-\267\031\257!\031T\006><\315XM\334\324\345\034\000\325\367\240\271\013""; "
1750527526078,1750527526079,3046,1,2,4,TMProposeSet,"proposeSeq: 0; currentTxHash: ""\000\000\000\000\000\000\000\000\000\000\000\000\000\000\000\000\000\000\000\000\000\000\000\000\000\000\000\000\000\000\000\000""; nodePubKey: ""\002\266\377\271\344:\030\221i\267\257\215\237M\014\3345f\014\273|\207\367\334\337F\325\004cxB\211L""; closeTime: 803842724; signature: ""0E\002!\000\243\r\266\256D>bP\305+\236\257;\322~\264\344K\211\317\2636+O\007~\337\235t\026\301\320\002 \023g\020\265\302\212\004\343\377\354\240;\252\207L\222\031\0317\247t\271\303\265V\243\361\205t\233]\372""; previousledger: ""\375T\356\014\360o'\030\311-\267\031\257!\031T\006><\315XM\334\324\345\034\000\325\367\240\271\013""; ","proposeSeq: 0; currentTxHash: ""\000\000\000\000\000\000\000\000\000\000\000\000\000\000\000\000\000\000\000\000\000\000\000\000\000\000\000\000\000\000\000\000""; nodePubKey: ""\002\266\377\271\344:\030\221i\267\257\215\237M\014\3345f\014\273|\207\367\334\337F\325\004cxB\211L""; closeTime: 803842724; signature: ""0E\002!\000\243\r\266\256D>bP\305+\236\257;\322~\264\344K\211\317\2636+O\007~\337\235t\026\301\320\002 \023g\020\265\302\212\004\343\377\354\240;\252\207L\222\031\0317\247t\271\303\265V\243\361\205t\233]\372""; previousledger: ""\375T\356\014\360o'\030\311-\267\031\257!\031T\006><\315XM\334\324\345\034\000\325\367\240\271\013""; "
1750527526079,1750527526080,2762,1,2,3,TMProposeSet,"proposeSeq: 0; currentTxHash: ""\000\000\000\000\000\000\000\000\000\000\000\000\000\000\000\000\000\000\000\000\000\000\000\000\000\000\000\000\000\000\000\000""; nodePubKey: ""\002\266\377\271\344:\030\221i\267\257\215\237M\014\3345f\014\273|\207\367\334\337F\325\004cxB\211L""; closeTime: 803842724; signature: ""0E\002!\000\243\r\266\256D>bP\305+\236\257;\322~\264\344K\211\317\2636+O\007~\337\235t\026\301\320\002 \023g\020\265\302\212\004\343\377\354\240;\252\207L\222\031\0317\247t\271\303\265V\243\361\205t\233]\372""; previousledger: ""\375T\356\014\360o'\030\311-\267\031\257!\031T\006><\315XM\334\324\345\034\000\325\367\240\271\013""; ","proposeSeq: 0; currentTxHash: ""\000\000\000\000\000\000\000\000\000\000\000\000\000\000\000\000\000\000\000\000\000\000\000\000\000\000\000\000\000\000\000\000""; nodePubKey: ""\002\266\377\271\344:\030\221i\267\257\215\237M\014\3345f\014\273|\207\367\334\337F\325\004cxB\211L""; closeTime: 803842724; signature: ""0E\002!\000\243\r\266\256D>bP\305+\236\257;\322~\264\344K\211\317\2636+O\007~\337\235t\026\301\320\002 \023g\020\265\302\212\004\343\377\354\240;\252\207L\222\031\0317\247t\271\303\265V\243\361\205t\233]\372""; previousledger: ""\375T\356\014\360o'\030\311-\267\031\257!\031T\006><\315XM\334\324\345\034\000\325\367\240\271\013""; "
1750527526080,1750527526080,1659,1,2,0,TMProposeSet,"proposeSeq: 0; currentTxHash: ""\000\000\000\000\000\000\000\000\000\000\000\000\000\000\000\000\000\000\000\000\000\000\000\000\000\000\000\000\000\000\000\000""; nodePubKey: ""\002\266\377\271\344:\030\221i\267\257\215\237M\014\3345f\014\273|\207\367\334\337F\325\004cxB\211L""; closeTime: 803842724; signature: ""0E\002!\000\243\r\266\256D>bP\305+\236\257;\322~\264\344K\211\317\2636+O\007~\337\235t\026\301\320\002 \023g\020\265\302\212\004\343\377\354\240;\252\207L\222\031\0317\247t\271\303\265V\243\361\205t\233]\372""; previousledger: ""\375T\356\014\360o'\030\311-\267\031\257!\031T\006><\315XM\334\324\345\034\000\325\367\240\271\013""; ","proposeSeq: 0; currentTxHash: ""\000\000\000\000\000\000\000\000\000\000\000\000\000\000\000\000\000\000\000\000\000\000\000\000\000\000\000\000\000\000\000\000""; nodePubKey: ""\002\266\377\271\344:\030\221i\267\257\215\237M\014\3345f\014\273|\207\367\334\337F\325\004cxB\211L""; closeTime: 803842724; signature: ""0E\002!\000\243\r\266\256D>bP\305+\236\257;\322~\264\344K\211\317\2636+O\007~\337\235t\026\301\320\002 \023g\020\265\302\212\004\343\377\354\240;\252\207L\222\031\0317\247t\271\303\265V\243\361\205t\233]\372""; previousledger: ""\375T\356\014\360o'\030\311-\267\031\257!\031T\006><\315XM\334\324\345\034\000\325\367\240\271\013""; "
1750527526281,1750527526281,3620,1,4,3,TMValidation,"validation: """"\200\000\000\001&\000\000\000\004)/\351\252\245:\355<\266\216~aC\027Q\265\024\321\362\354\211\250.\234s\225amc\305\035\366\276\037nD\277`\210\223N\3535\033\261\304fP\027\000\000\000\000\000\000\000\000\000\000\000\000\000\000\000\000\000\000\000\000\000\000\000\000\000\000\000\000\000\000\000\000P\031\375T\356\014\360o'\030\311-\267\031\257!\031T\006><\315XM\334\324\345\034\000\325\367\240\271\013s!\002\225aM\037\203M\271C\224]$\245\215\334\264;{{\365%Z\2443U\201\242\320iUc\207\367vG0E\002!\000\220\326;\233\322\024\232i\216c\211\212L2\037\035\264e\022\231\324\244\357\275,\266tk}R\326p\002 #k\352~\2759A\2770(;\315]\301`\007\273\017\361\233\354\316\364\343\033 v{\203dt#""; ","validation: """"\200\000\000\001&\000\000\000\004)/\351\252\245:\355<\266\216~aC\027Q\265\024\321\362\354\211\250.\234s\225amc\305\035\366\276\037nD\277`\210\223N\3535\033\261\304fP\027\000\000\000\000\000\000\000\000\000\000\000\000\000\000\000\000\000\000\000\000\000\000\000\000\000\000\000\000\000\000\000\000P\031\375T\356\014\360o'\030\311-\267\031\257!\031T\006><\315XM\334\324\345\034\000\325\367\240\271\013s!\002\225aM\037\203M\271C\224]$\245\215\334\264;{{\365%Z\2443U\201\242\320iUc\207\367vG0E\002!\000\220\326;\233\322\024\232i\216c\211\212L2\037\035\264e\022\231\324\244\357\275,\266tk}R\326p\002 #k\352~\2759A\2770(;\315]\301`\007\273\017\361\233\354\316\364\343\033 v{\203dt#""; "
1750527526282,1750527526282,3803,1,4,1,TMValidation,"validation: """"\200\000\000\001&\000\000\000\004)/\351\252\245:\355<\266\216~aC\027Q\265\024\321\362\354\211\250.\234s\225amc\305\035\366\276\037nD\277`\210\223N\3535\033\261\304fP\027\000\000\000\000\000\000\000\000\000\000\000\000\000\000\000\000\000\000\000\000\000\000\000\000\000\000\000\000\000\000\000\000P\031\375T\356\014\360o'\030\311-\267\031\257!\031T\006><\315XM\334\324\345\034\000\325\367\240\271\013s!\002\225aM\037\203M\271C\224]$\245\215\334\264;{{\365%Z\2443U\201\242\320iUc\207\367vG0E\002!\000\220\326;\233\322\024\232i\216c\211\212L2\037\035\264e\022\231\324\244\357\275,\266tk}R\326p\002 #k\352~\2759A\2770(;\315]\301`\007\273\017\361\233\354\316\364\343\033 v{\203dt#""; ","validation: """"\200\000\000\001&\000\000\000\004)/\351\252\245:\355<\266\216~aC\027Q\265\024\321\362\354\211\250.\234s\225amc\305\035\366\276\037nD\277`\210\223N\3535\033\261\304fP\027\000\000\000\000\000\000\000\000\000\000\000\000\000\000\000\000\000\000\000\000\000\000\000\000\000\000\000\000\000\000\000\000P\031\375T\356\014\360o'\030\311-\267\031\257!\031T\006><\315XM\334\324\345\034\000\325\367\240\271\013s!\002\225aM\037\203M\271C\224]$\245\215\334\264;{{\365%Z\2443U\201\242\320iUc\207\367vG0E\002!\000\220\326;\233\322\024\232i\216c\211\212L2\037\035\264e\022\231\324\244\357\275,\266tk}R\326p\002 #k\352~\2759A\2770(;\315]\301`\007\273\017\361\233\354\316\364\343\033 v{\203dt#""; "
1750527526283,1750527526283,783,1,4,2,TMValidation,"validation: """"\200\000\000\001&\000\000\000\004)/\351\252\245:\355<\266\216~aC\027Q\265\024\321\362\354\211\250.\234s\225amc\305\035\366\276\037nD\277`\210\223N\3535\033\261\304fP\027\000\000\000\000\000\000\000\000\000\000\000\000\000\000\000\000\000\000\000\000\000\000\000\000\000\000\000\000\000\000\000\000P\031\375T\356\014\360o'\030\311-\267\031\257!\031T\006><\315XM\334\324\345\034\000\325\367\240\271\013s!\002\225aM\037\203M\271C\224]$\245\215\334\264;{{\365%Z\2443U\201\242\320iUc\207\367vG0E\002!\000\220\326;\233\322\024\232i\216c\211\212L2\037\035\264e\022\231\324\244\357\275,\266tk}R\326p\002 #k\352~\2759A\2770(;\315]\301`\007\273\017\361\233\354\316\364\343\033 v{\203dt#""; ","validation: """"\200\000\000\001&\000\000\000\004)/\351\252\245:\355<\266\216~aC\027Q\265\024\321\362\354\211\250.\234s\225amc\305\035\366\276\037nD\277`\210\223N\3535\033\261\304fP\027\000\000\000\000\000\000\000\000\000\000\000\000\000\000\000\000\000\000\000\000\000\000\000\000\000\000\000\000\000\000\000\000P\031\375T\356\014\360o'\030\311-\267\031\257!\031T\006><\315XM\334\324\345\034\000\325\367\240\271\013s!\002\225aM\037\203M\271C\224]$\245\215\334\264;{{\365%Z\2443U\201\242\320iUc\207\367vG0E\002!\000\220\326;\233\322\024\232i\216c\211\212L2\037\035\264e\022\231\324\244\357\275,\266tk}R\326p\002 #k\352~\2759A\2770(;\315]\301`\007\273\017\361\233\354\316\364\343\033 v{\203dt#""; "
1750527526289,1750527526291,69,1,2,1,TMTransaction,"rawTransaction: ""\022\000\000""\000\000\000\000$\000\000\000\002 \033\000\000\000\027a@\000\000\027H\206*@h@\000\000\000\000\000\000\ns!\0030\347\374\235V\273%\326\211;\243\363\027\256[\3173\263)\033\326=\263&T\243\023""/\177\320 tF0D\002 S\026@\225q\347\022\260\035q\327[\301ar\247\267B\201\332C@\362\033\240\313&<\266\304R\026\002 \010e\230\016\3404DZSA{#A2\271\232)\274\225\016i\237TS\254\264\227\302J~\216X\201\024\265\367by\212S\325C\240\024\312\370\262\227\317\370\362\3717\350\203\024\272\177ez`?~\240\022\321\013D\240\325V\364\241\375\n@""; status: tsCURRENT; receiveTimestamp: 803842726; deferred: false; ","rawTransaction: ""\022\000\000""\000\000\000\000$\000\000\000\002 \033\000\000\000\027a@\000\000\027H\206*@h@\000\000\000\000\000\000\ns!\0030\347\374\235V\273%\326\211;\243\363\027\256[\3173\263)\033\326=\263&T\243\023""/\177\320 tF0D\002 S\026@\225q\347\022\260\035q\327[\301ar\247\267B\201\332C@\362\033\240\313&<\266\304R\026\002 \010e\230\016\3404DZSA{#A2\271\232)\274\225\016i\237TS\254\264\227\302J~\216X\201\024\265\367by\212S\325C\240\024\312\370\262\227\317\370\362\3717\350\203\024\272\177ez`?~\240\022\321\013D\240\325V\364\241\375\n@""; status: tsCURRENT; receiveTimestamp: 803842726; deferred: false; "
1750527526290,1750527526292,902,1,2,4,TMTransaction,"rawTransaction: ""\022\000\000""\000\000\000\000$\000\000\000\002 \033\000\000\000\027a@\000\000\027H\206*@h@\000\000\000\000\000\000\ns!\0030\347\374\235V\273%\326\211;\243\363\027\256[\3173\263)\033\326=\263&T\243\023""/\177\320 tF0D\002 S\026@\225q\347\022\260\035q\327[\301ar\247\267B\201\332C@\362\033\240\313&<\266\304R\026\002 \010e\230\016\3404DZSA{#A2\271\232)\274\225\016i\237TS\254\264\227\302J~\216X\201\024\265\367by\212S\325C\240\024\312\370\262\227\317\370\362\3717\350\203\024\272\177ez`?~\240\022\321\013D\240\325V\364\241\375\n@""; status: tsCURRENT; receiveTimestamp: 803842726; deferred: false; ","rawTransaction: ""\022\000\000""\000\000\000\000$\000\000\000\002 \033\000\000\000\027a@\000\000\027H\206*@h@\000\000\000\000\000\000\ns!\0030\347\374\235V\273%\326\211;\243\363\027\256[\3173\263)\033\326=\263&T\243\023""/\177\320 tF0D\002 S\026@\225q\347\022\260\035q\327[\301ar\247\267B\201\332C@\362\033\240\313&<\266\304R\026\002 \010e\230\016\3404DZSA{#A2\271\232)\274\225\016i\237TS\254\264\227\302J~\216X\201\024\265\367by\212S\325C\240\024\312\370\262\227\317\370\362\3717\350\203\024\272\177ez`?~\240\022\321\013D\240\325V\364\241\375\n@""; status: tsCURRENT; receiveTimestamp: 803842726; deferred: false; "
1750527526291,1750527526293,2248,1,2,0,TMTransaction,"rawTransaction: ""\022\000\000""\000\000\000\000$\000\000\000\002 \033\000\000\000\027a@\000\000\027H\206*@h@\000\000\000\000\000\000\ns!\0030\347\374\235V\273%\326\211;\243\363\027\256[\3173\263)\033\326=\263&T\243\023""/\177\320 tF0D\002 S\026@\225q\347\022\260\035q\327[\301ar\247\267B\201\332C@\362\033\240\313&<\266\304R\026\002 \010e\230\016\3404DZSA{#A2\271\232)\274\225\016i\237TS\254\264\227\302J~\216X\201\024\265\367by\212S\325C\240\024\312\370\262\227\317\370\362\3717\350\203\024\272\177ez`?~\240\022\321\013D\240\325V\364\241\375\n@""; status: tsCURRENT; receiveTimestamp: 803842726; deferred: false; ","rawTransaction: ""\022\000\000""\000\000\000\000$\000\000\000\002 \033\000\000\000\027a@\000\000\027H\206*@h@\000\000\000\000\000\000\ns!\0030\347\374\235V\273%\326\211;\243\363\027\256[\3173\263)\033\326=\263&T\243\023""/\177\320 tF0D\002 S\026@\225q\347\022\260\035q\327[\301ar\247\267B\201\332C@\362\033\240\313&<\266\304R\026\002 \010e\230\016\3404DZSA{#A2\271\232)\274\225\016i\237TS\254\264\227\302J~\216X\201\024\265\367by\212S\325C\240\024\312\370\262\227\317\370\362\3717\350\203\024\272\177ez`?~\240\022\321\013D\240\325V\364\241\375\n@""; status: tsCURRENT; receiveTimestamp: 803842726; deferred: false; "
1750527526292,1750527526295,160,1,1,3,TMTransaction,"rawTransaction: ""\022\000\000""\000\000\000\000$\000\000\000\003 \033\000\000\000\027a@\000\000\027H\206*@h@\000\000\000\000\000\000\ns!\0030\347\374\235V\273%\326\211;\243\363\027\256[\3173\263)\033\326=\263&T\243\023""/\177\320 tG0E\002!\000\331\256\320+2\242\010\n\376|\305\276\364R\036\255\251\372V7\276D\204\246\023\3070`Y\206o\250\002 o\311\353;\rUO\277\031IF\305E\240\377\021\246fr\335i\217\226=$\351rP\274VM\327\201\024\265\367by\212S\325C\240\024\312\370\262\227\317\370\362\3717\350\203\024\3177\2633\3425H\2210g]\027\350~`\267{\247\373\332""; status: tsCURRENT; receiveTimestamp: 803842726; deferred: false; ","rawTransaction: ""\022\000\000""\000\000\000\000$\000\000\000\003 \033\000\000\000\027a@\000\000\027H\206*@h@\000\000\000\000\000\000\ns!\0030\347\374\235V\273%\326\211;\243\363\027\256[\3173\263)\033\326=\263&T\243\023""/\177\320 tG0E\002!\000\331\256\320+2\242\010\n\376|\305\276\364R\036\255\251\372V7\276D\204\246\023\3070`Y\206o\250\002 o\311\353;\rUO\277\031IF\305E\240\377\021\246fr\335i\217\226=$\351rP\274VM\327\201\024\265\367by\212S\325C\240\024\312\370\262\227\317\370\362\3717\350\203\024\3177\2633\3425H\2210g]\027\350~`\267{\247\373\332""; status: tsCURRENT; receiveTimestamp: 803842726; deferred: false; "
1750527526294,1750527526295,3304,1,1,2,TMTransaction,"rawTransaction: ""\022\000\000""\000\000\000\000$\000\000\000\003 \033\000\000\000\027a@\000\000\027H\206*@h@\000\000\000\000\000\000\ns!\0030\347\374\235V\273%\326\211;\243\363\027\256[\3173\263)\033\326=\263&T\243\023""/\177\320 tG0E\002!\000\331\256\320+2\242\010\n\376|\305\276\364R\036\255\251\372V7\276D\204\246\023\3070`Y\206o\250\002 o\311\353;\rUO\277\031IF\305E\240\377\021\246fr\335i\217\226=$\351rP\274VM\327\201\024\265\367by\212S\325C\240\024\312\370\262\227\317\370\362\3717\350\203\024\3177\2633\3425H\2210g]\027\350~`\267{\247\373\332""; status: tsCURRENT; receiveTimestamp: 803842726; deferred: false; ","rawTransaction: ""\022\000\000""\000\000\000\000$\000\000\000\003 \033\000\000\000\027a@\000\000\027H\206*@h@\000\000\000\000\000\000\ns!\0030\347\374\235V\273%\326\211;\243\363\027\256[\3173\263)\033\326=\263&T\243\023""/\177\320 tG0E\002!\000\331\256\320+2\242\010\n\376|\305\276\364R\036\255\251\372V7\276D\204\246\023\3070`Y\206o\250\002 o\311\353;\rUO\277\031IF\305E\240\377\021\246fr\335i\217\226=$\351rP\274VM\327\201\024\265\367by\212S\325C\240\024\312\370\262\227\317\370\362\3717\350\203\024\3177\2633\3425H\2210g]\027\350~`\267{\247\373\332""; status: tsCURRENT; receiveTimestamp: 803842726; deferred: false; "
1750527526295,1750527526296,1179,1,1,4,TMTransaction,"rawTransaction: ""\022\000\000""\000\000\000\000$\000\000\000\003 \033\000\000\000\027a@\000\000\027H\206*@h@\000\000\000\000\000\000\ns!\0030\347\374\235V\273%\326\211;\243\363\027\256[\3173\263)\033\326=\263&T\243\023""/\177\320 tG0E\002!\000\331\256\320+2\242\010\n\376|\305\276\364R\036\255\251\372V7\276D\204\246\023\3070`Y\206o\250\002 o\311\353;\rUO\277\031IF\305E\240\377\021\246fr\335i\217\226=$\351rP\274VM\327\201\024\265\367by\212S\325C\240\024\312\370\262\227\317\370\362\3717\350\203\024\3177\2633\3425H\2210g]\027\350~`\267{\247\373\332""; status: tsCURRENT; receiveTimestamp: 803842726; deferred: false; ","rawTransaction: ""\022\000\000""\000\000\000\000$\000\000\000\003 \033\000\000\000\027a@\000\000\027H\206*@h@\000\000\000\000\000\000\ns!\0030\347\374\235V\273%\326\211;\243\363\027\256[\3173\263)\033\326=\263&T\243\023""/\177\320 tG0E\002!\000\331\256\320+2\242\010\n\376|\305\276\364R\036\255\251\372V7\276D\204\246\023\3070`Y\206o\250\002 o\311\353;\rUO\277\031IF\305E\240\377\021\246fr\335i\217\226=$\351rP\274VM\327\201\024\265\367by\212S\325C\240\024\312\370\262\227\317\370\362\3717\350\203\024\3177\2633\3425H\2210g]\027\350~`\267{\247\373\332""; status: tsCURRENT; receiveTimestamp: 803842726; deferred: false; "
1750527526295,1750527526296,3108,1,1,0,TMTransaction,"rawTransaction: ""\022\000\000""\000\000\000\000$\000\000\000\003 \033\000\000\000\027a@\000\000\027H\206*@h@\000\000\000\000\000\000\ns!\0030\347\374\235V\273%\326\211;\243\363\027\256[\3173\263)\033\326=\263&T\243\023""/\177\320 tG0E\002!\000\331\256\320+2\242\010\n\376|\305\276\364R\036\255\251\372V7\276D\204\246\023\3070`Y\206o\250\002 o\311\353;\rUO\277\031IF\305E\240\377\021\246fr\335i\217\226=$\351rP\274VM\327\201\024\265\367by\212S\325C\240\024\312\370\262\227\317\370\362\3717\350\203\024\3177\2633\3425H\2210g]\027\350~`\267{\247\373\332""; status: tsCURRENT; receiveTimestamp: 803842726; deferred: false; ","rawTransaction: ""\022\000\000""\000\000\000\000$\000\000\000\003 \033\000\000\000\027a@\000\000\027H\206*@h@\000\000\000\000\000\000\ns!\0030\347\374\235V\273%\326\211;\243\363\027\256[\3173\263)\033\326=\263&T\243\023""/\177\320 tG0E\002!\000\331\256\320+2\242\010\n\376|\305\276\364R\036\255\251\372V7\276D\204\246\023\3070`Y\206o\250\002 o\311\353;\rUO\277\031IF\305E\240\377\021\246fr\335i\217\226=$\351rP\274VM\327\201\024\265\367by\212S\325C\240\024\312\370\262\227\317\370\362\3717\350\203\024\3177\2633\3425H\2210g]\027\350~`\267{\247\373\332""; status: tsCURRENT; receiveTimestamp: 803842726; deferred: false; "
1750527526387,1750527526387,723,1,2,3,TMValidation,"validation: """"\200\000\000\001&\000\000\000\004)/\351\252\245:\r\302\353\023?\373\240rQ\265\024\321\362\354\211\250.\234s\225amc\305\035\366\276\037nD\277`\210\223N\3535\033\261\304fP\027\000\000\000\000\000\000\000\000\000\000\000\000\000\000\000\000\000\000\000\000\000\000\000\000\000\000\000\000\000\000\000\000P\031\375T\356\014\360o'\030\311-\267\031\257!\031T\006><\315XM\334\324\345\034\000\325\367\240\271\013s!\003R7o\362bV\300hf\266\241;}\200^\374\240\203[:\342Q\225\221\027y\372\255\235\216\323~vG0E\002!\000\322\230E\306\rV \254\035C\002&\211\331\373\344""\026\267T[\243\002r\345\204_)8\344\216\235\002 !b\300\322b\261\027\0138\244\014B!\306\366\271\272\330\021\333\213\324\233\177\367\336{O\253\373\241\304""; ","validation: """"\200\000\000\001&\000\000\000\004)/\351\252\245:\r\302\353\023?\373\240rQ\265\024\321\362\354\211\250.\234s\225amc\305\035\366\276\037nD\277`\210\223N\3535\033\261\304fP\027\000\000\000\000\000\000\000\000\000\000\000\000\000\000\000\000\000\000\000\000\000\000\000\000\000\000\000\000\000\000\000\000P\031\375T\356\014\360o'\030\311-\267\031\257!\031T\006><\315XM\334\324\345\034\000\325\367\240\271\013s!\003R7o\362bV\300hf\266\241;}\200^\374\240\203[:\342Q\225\221\027y\372\255\235\216\323~vG0E\002!\000\322\230E\306\rV \254\035C\002&\211\331\373\344""\026\267T[\243\002r\345\204_)8\344\216\235\002 !b\300\322b\261\027\0138\244\014B!\306\366\271\272\330\021\333\213\324\233\177\367\336{O\253\373\241\304""; "
1750527526388,1750527526388,446,1,2,0,TMValidation,"validation: """"\200\000\000\001&\000\000\000\004)/\351\252\245:\r\302\353\023?\373\240rQ\265\024\321\362\354\211\250.\234s\225amc\305\035\366\276\037nD\277`\210\223N\3535\033\261\304fP\027\000\000\000\000\000\000\000\000\000\000\000\000\000\000\000\000\000\000\000\000\000\000\000\000\000\000\000\000\000\000\000\000P\031\375T\356\014\360o'\030\311-\267\031\257!\031T\006><\315XM\334\324\345\034\000\325\367\240\271\013s!\003R7o\362bV\300hf\266\241;}\200^\374\240\203[:\342Q\225\221\027y\372\255\235\216\323~vG0E\002!\000\322\230E\306\rV \254\035C\002&\211\331\373\344""\026\267T[\243\002r\345\204_)8\344\216\235\002 !b\300\322b\261\027\0138\244\014B!\306\366\271\272\330\021\333\213\324\233\177\367\336{O\253\373\241\304""; ","validation: """"\200\000\000\001&\000\000\000\004)/\351\252\245:\r\302\353\023?\373\240rQ\265\024\321\362\354\211\250.\234s\225amc\305\035\366\276\037nD\277`\210\223N\3535\033\261\304fP\027\000\000\000\000\000\000\000\000\000\000\000\000\000\000\000\000\000\000\000\000\000\000\000\000\000\000\000\000\000\000\000\000P\031\375T\356\014\360o'\030\311-\267\031\257!\031T\006><\315XM\334\324\345\034\000\325\367\240\271\013s!\003R7o\362bV\300hf\266\241;}\200^\374\240\203[:\342Q\225\221\027y\372\255\235\216\323~vG0E\002!\000\322\230E\306\rV \254\035C\002&\211\331\373\344""\026\267T[\243\002r\345\204_)8\344\216\235\002 !b\300\322b\261\027\0138\244\014B!\306\366\271\272\330\021\333\213\324\233\177\367\336{O\253\373\241\304""; "
1750527526389,1750527526389,3719,1,2,4,TMGetLedger,"itype: liBASE; ledgerHash: ""\265\024\321\362\354\211\250.\234s\225amc\305\035\366\276\037nD\277`\210\223N\3535\033\261\304f""; ","itype: liBASE; ledgerHash: ""\265\024\321\362\354\211\250.\234s\225amc\305\035\366\276\037nD\277`\210\223N\3535\033\261\304f""; "
1750527526389,1750527526389,340,1,2,1,TMValidation,"validation: """"\200\000\000\001&\000\000\000\004)/\351\252\245:\r\302\353\023?\373\240rQ\265\024\321\362\354\211\250.\234s\225amc\305\035\366\276\037nD\277`\210\223N\3535\033\261\304fP\027\000\000\000\000\000\000\000\000\000\000\000\000\000\000\000\000\000\000\000\000\000\000\000\000\000\000\000\000\000\000\000\000P\031\375T\356\014\360o'\030\311-\267\031\257!\031T\006><\315XM\334\324\345\034\000\325\367\240\271\013s!\003R7o\362bV\300hf\266\241;}\200^\374\240\203[:\342Q\225\221\027y\372\255\235\216\323~vG0E\002!\000\322\230E\306\rV \254\035C\002&\211\331\373\344""\026\267T[\243\002r\345\204_)8\344\216\235\002 !b\300\322b\261\027\0138\244\014B!\306\366\271\272\330\021\333\213\324\233\177\367\336{O\253\373\241\304""; ","validation: """"\200\000\000\001&\000\000\000\004)/\351\252\245:\r\302\353\023?\373\240rQ\265\024\321\362\354\211\250.\234s\225amc\305\035\366\276\037nD\277`\210\223N\3535\033\261\304fP\027\000\000\000\000\000\000\000\000\000\000\000\000\000\000\000\000\000\000\000\000\000\000\000\000\000\000\000\000\000\000\000\000P\031\375T\356\014\360o'\030\311-\267\031\257!\031T\006><\315XM\334\324\345\034\000\325\367\240\271\013s!\003R7o\362bV\300hf\266\241;}\200^\374\240\203[:\342Q\225\221\027y\372\255\235\216\323~vG0E\002!\000\322\230E\306\rV \254\035C\002&\211\331\373\344""\026\267T[\243\002r\345\204_)8\344\216\235\002 !b\300\322b\261\027\0138\244\014B!\306\366\271\272\330\021\333\213\324\233\177\367\336{O\253\373\241\304""; "
1750527526389,1750527526389,1544,1,2,1,TMGetLedger,"itype: liBASE; ledgerHash: ""\265\024\321\362\354\211\250.\234s\225amc\305\035\366\276\037nD\277`\210\223N\3535\033\261\304f""; ","itype: liBASE; ledgerHash: ""\265\024\321\362\354\211\250.\234s\225amc\305\035\366\276\037nD\277`\210\223N\3535\033\261\304f""; "
1750527526389,1750527526389,589,1,2,0,TMGetLedger,"itype: liBASE; ledgerHash: ""\265\024\321\362\354\211\250.\234s\225amc\305\035\366\276\037nD\277`\210\223N\3535\033\261\304f""; ","itype: liBASE; ledgerHash: ""\265\024\321\362\354\211\250.\234s\225amc\305\035\366\276\037nD\277`\210\223N\3535\033\261\304f""; "
1750527526391,1750527526391,3719,1,2,4,TMGetLedger,"itype: liBASE; ledgerHash: ""\265\024\321\362\354\211\250.\234s\225amc\305\035\366\276\037nD\277`\210\223N\3535\033\261\304f""; queryType: qtINDIRECT; ","itype: liBASE; ledgerHash: ""\265\024\321\362\354\211\250.\234s\225amc\305\035\366\276\037nD\277`\210\223N\3535\033\261\304f""; queryType: qtINDIRECT; "
1750527526391,1750527526391,589,1,2,0,TMGetLedger,"itype: liBASE; ledgerHash: ""\265\024\321\362\354\211\250.\234s\225amc\305\035\366\276\037nD\277`\210\223N\3535\033\261\304f""; queryType: qtINDIRECT; ","itype: liBASE; ledgerHash: ""\265\024\321\362\354\211\250.\234s\225amc\305\035\366\276\037nD\277`\210\223N\3535\033\261\304f""; queryType: qtINDIRECT; "
1750527526392,1750527526392,4000,1,2,3,TMGetLedger,"itype: liBASE; ledgerHash: ""\265\024\321\362\354\211\250.\234s\225amc\305\035\366\276\037nD\277`\210\223N\3535\033\261\304f""; ","itype: liBASE; ledgerHash: ""\265\024\321\362\354\211\250.\234s\225amc\305\035\366\276\037nD\277`\210\223N\3535\033\261\304f""; "
1750527526392,1750527526392,4000,1,2,3,TMGetLedger,"itype: liBASE; ledgerHash: ""\265\024\321\362\354\211\250.\234s\225amc\305\035\366\276\037nD\277`\210\223N\3535\033\261\304f""; queryType: qtINDIRECT; ","itype: liBASE; ledgerHash: ""\265\024\321\362\354\211\250.\234s\225amc\305\035\366\276\037nD\277`\210\223N\3535\033\261\304f""; queryType: qtINDIRECT; "
1750527526392,1750527526392,1544,1,2,1,TMGetLedger,"itype: liBASE; ledgerHash: ""\265\024\321\362\354\211\250.\234s\225amc\305\035\366\276\037nD\277`\210\223N\3535\033\261\304f""; queryType: qtINDIRECT; ","itype: liBASE; ledgerHash: ""\265\024\321\362\354\211\250.\234s\225amc\305\035\366\276\037nD\277`\210\223N\3535\033\261\304f""; queryType: qtINDIRECT; "
1750527526411,1750527526412,598,1,3,4,TMStatusChange,"newEvent: neACCEPTED_LEDGER; ledgerSeq: 4; ledgerHash: ""\265\024\321\362\354\211\250.\234s\225amc\305\035\366\276\037nD\277`\210\223N\3535\033\261\304f""; ledgerHashPrevious: ""\375T\356\014\360o'\030\311-\267\031\257!\031T\006><\315XM\334\324\345\034\000\325\367\240\271\013""; networkTime: 803842726; firstSeq: 1; lastSeq: 3; ","newEvent: neACCEPTED_LEDGER; ledgerSeq: 4; ledgerHash: ""\265\024\321\362\354\211\250.\234s\225amc\305\035\366\276\037nD\277`\210\223N\3535\033\261\304f""; ledgerHashPrevious: ""\375T\356\014\360o'\030\311-\267\031\257!\031T\006><\315XM\334\324\345\034\000\325\367\240\271\013""; networkTime: 803842726; firstSeq: 1; lastSeq: 3; "
1750527526412,1750527526412,3432,1,3,2,TMStatusChange,"newEvent: neACCEPTED_LEDGER; ledgerSeq: 4; ledgerHash: ""\265\024\321\362\354\211\250.\234s\225amc\305\035\366\276\037nD\277`\210\223N\3535\033\261\304f""; ledgerHashPrevious: ""\375T\356\014\360o'\030\311-\267\031\257!\031T\006><\315XM\334\324\345\034\000\325\367\240\271\013""; networkTime: 803842726; firstSeq: 1; lastSeq: 3; ","newEvent: neACCEPTED_LEDGER; ledgerSeq: 4; ledgerHash: ""\265\024\321\362\354\211\250.\234s\225amc\305\035\366\276\037nD\277`\210\223N\3535\033\261\304f""; ledgerHashPrevious: ""\375T\356\014\360o'\030\311-\267\031\257!\031T\006><\315XM\334\324\345\034\000\325\367\240\271\013""; networkTime: 803842726; firstSeq: 1; lastSeq: 3; "
1750527526412,1750527526412,3125,1,3,2,TMValidation,"validation: """"\200\000\000\001&\000\000\000\004)/\351\252\246:p\210\265\307-\212\200\004Q\265\024\321\362\354\211\250.\234s\225amc\305\035\366\276\037nD\277`\210\223N\3535\033\261\304fP\027\000\000\000\000\000\000\000\000\000\000\000\000\000\000\000\000\000\000\000\000\000\000\000\000\000\000\000\000\000\000\000\000P\031\375T\356\014\360o'\030\311-\267\031\257!\031T\006><\315XM\334\324\345\034\000\325\367\240\271\013s!\002\364d\217\366\217|\316F\232\231\241\n\261\333`\312O\367\235\025DD\336e\367\n\312\326\221\037\025\230vG0E\002!\000\2450\334+\037\216a\360\305t\370$\032\025\276\326S!V\274\006\3500,go\353\244\342\364\006<\002 \036\250\261Vt\203\025<\207\230\342\336m\212\341\357Yb\230\241[\300\300\016S\344*\210\332\222\241+""; ","validation: """"\200\000\000\001&\000\000\000\004)/\351\252\246:p\210\265\307-\212\200\004Q\265\024\321\362\354\211\250.\234s\225amc\305\035\366\276\037nD\277`\210\223N\3535\033\261\304fP\027\000\000\000\000\000\000\000\000\000\000\000\000\000\000\000\000\000\000\000\000\000\000\000\000\000\000\000\000\000\000\000\000P\031\375T\356\014\360o'\030\311-\267\031\257!\031T\006><\315XM\334\324\345\034\000\325\367\240\271\013s!\002\364d\217\366\217|\316F\232\231\241\n\261\333`\312O\367\235\025DD\336e\367\n\312\326\221\037\025\230vG0E\002!\000\2450\334+\037\216a\360\305t\370$\032\025\276\326S!V\274\006\3500,go\353\244\342\364\006<\002 \036\250\261Vt\203\025<\207\230\342\336m\212\341\357Yb\230\241[\300\300\016S\344*\210\332\222\241+""; "
1750527526413,1750527526413,3736,1,3,4,TMValidation,"validation: """"\200\000\000\001&\000\000\000\004)/\351\252\246:p\210\265\307-\212\200\004Q\265\024\321\362\354\211\250.\234s\225amc\305\035\366\276\037nD\277`\210\223N\3535\033\261\304fP\027\000\000\000\000\000\000\000\000\000\000\000\000\000\000\000\000\000\000\000\000\000\000\000\000\000\000\000\000\000\000\000\000P\031\375T\356\014\360o'\030\311-\267\031\257!\031T\006><\315XM\334\324\345\034\000\325\367\240\271\013s!\002\364d\217\366\217|\316F\232\231\241\n\261\333`\312O\367\235\025DD\336e\367\n\312\326\221\037\025\230vG0E\002!\000\2450\334+\037\216a\360\305t\370$\032\025\276\326S!V\274\006\3500,go\353\244\342\364\006<\002 \036\250\261Vt\203\025<\207\230\342\336m\212\341\357Yb\230\241[\300\300\016S\344*\210\332\222\241+""; ","validation: """"\200\000\000\001&\000\000\000\004)/\351\252\246:p\210\265\307-\212\200\004Q\265\024\321\362\354\211\250.\234s\225amc\305\035\366\276\037nD\277`\210\223N\3535\033\261\304fP\027\000\000\000\000\000\000\000\000\000\000\000\000\000\000\000\000\000\000\000\000\000\000\000\000\000\000\000\000\000\000\000\000P\031\375T\356\014\360o'\030\311-\267\031\257!\031T\006><\315XM\334\324\345\034\000\325\367\240\271\013s!\002\364d\217\366\217|\316F\232\231\241\n\261\333`\312O\367\235\025DD\336e\367\n\312\326\221\037\025\230vG0E\002!\000\2450\334+\037\216a\360\305t\370$\032\025\276\326S!V\274\006\3500,go\353\244\342\364\006<\002 \036\250\261Vt\203\025<\207\230\342\336m\212\341\357Yb\230\241[\300\300\016S\344*\210\332\222\241+""; "
1750527526413,1750527526413,3991,1,3,0,TMStatusChange,"newEvent: neACCEPTED_LEDGER; ledgerSeq: 4; ledgerHash: ""\265\024\321\362\354\211\250.\234s\225amc\305\035\366\276\037nD\277`\210\223N\3535\033\261\304f""; ledgerHashPrevious: ""\375T\356\014\360o'\030\311-\267\031\257!\031T\006><\315XM\334\324\345\034\000\325\367\240\271\013""; networkTime: 803842726; firstSeq: 1; lastSeq: 3; ","newEvent: neACCEPTED_LEDGER; ledgerSeq: 4; ledgerHash: ""\265\024\321\362\354\211\250.\234s\225amc\305\035\366\276\037nD\277`\210\223N\3535\033\261\304f""; ledgerHashPrevious: ""\375T\356\014\360o'\030\311-\267\031\257!\031T\006><\315XM\334\324\345\034\000\325\367\240\271\013""; networkTime: 803842726; firstSeq: 1; lastSeq: 3; "
1750527526413,1750527526414,1571,1,3,1,TMStatusChange,"newEvent: neACCEPTED_LEDGER; ledgerSeq: 4; ledgerHash: ""\265\024\321\362\354\211\250.\234s\225amc\305\035\366\276\037nD\277`\210\223N\3535\033\261\304f""; ledgerHashPrevious: ""\375T\356\014\360o'\030\311-\267\031\257!\031T\006><\315XM\334\324\345\034\000\325\367\240\271\013""; networkTime: 803842726; firstSeq: 1; lastSeq: 3; ","newEvent: neACCEPTED_LEDGER; ledgerSeq: 4; ledgerHash: ""\265\024\321\362\354\211\250.\234s\225amc\305\035\366\276\037nD\277`\210\223N\3535\033\261\304f""; ledgerHashPrevious: ""\375T\356\014\360o'\030\311-\267\031\257!\031T\006><\315XM\334\324\345\034\000\325\367\240\271\013""; networkTime: 803842726; firstSeq: 1; lastSeq: 3; "
1750527526414,1750527526414,3459,1,3,1,TMValidation,"validation: """"\200\000\000\001&\000\000\000\004)/\351\252\246:p\210\265\307-\212\200\004Q\265\024\321\362\354\211\250.\234s\225amc\305\035\366\276\037nD\277`\210\223N\3535\033\261\304fP\027\000\000\000\000\000\000\000\000\000\000\000\000\000\000\000\000\000\000\000\000\000\000\000\000\000\000\000\000\000\000\000\000P\031\375T\356\014\360o'\030\311-\267\031\257!\031T\006><\315XM\334\324\345\034\000\325\367\240\271\013s!\002\364d\217\366\217|\316F\232\231\241\n\261\333`\312O\367\235\025DD\336e\367\n\312\326\221\037\025\230vG0E\002!\000\2450\334+\037\216a\360\305t\370$\032\025\276\326S!V\274\006\3500,go\353\244\342\364\006<\002 \036\250\261Vt\203\025<\207\230\342\336m\212\341\357Yb\230\241[\300\300\016S\344*\210\332\222\241+""; ","validation: """"\200\000\000\001&\000\000\000\004)/\351\252\246:p\210\265\307-\212\200\004Q\265\024\321\362\354\211\250.\234s\225amc\305\035\366\276\037nD\277`\210\223N\3535\033\261\304fP\027\000\000\000\000\000\000\000\000\000\000\000\000\000\000\000\000\000\000\000\000\000\000\000\000\000\000\000\000\000\000\000\000P\031\375T\356\014\360o'\030\311-\267\031\257!\031T\006><\315XM\334\324\345\034\000\325\367\240\271\013s!\002\364d\217\366\217|\316F\232\231\241\n\261\333`\312O\367\235\025DD\336e\367\n\312\326\221\037\025\230vG0E\002!\000\2450\334+\037\216a\360\305t\370$\032\025\276\326S!V\274\006\3500,go\353\244\342\364\006<\002 \036\250\261Vt\203\025<\207\230\342\336m\212\341\357Yb\230\241[\300\300\016S\344*\210\332\222\241+""; "
1750527526414,1750527526414,1777,1,3,0,TMValidation,"validation: """"\200\000\000\001&\000\000\000\004)/\351\252\246:p\210\265\307-\212\200\004Q\265\024\321\362\354\211\250.\234s\225amc\305\035\366\276\037nD\277`\210\223N\3535\033\261\304fP\027\000\000\000\000\000\000\000\000\000\000\000\000\000\000\000\000\000\000\000\000\000\000\000\000\000\000\000\000\000\000\000\000P\031\375T\356\014\360o'\030\311-\267\031\257!\031T\006><\315XM\334\324\345\034\000\325\367\240\271\013s!\002\364d\217\366\217|\316F\232\231\241\n\261\333`\312O\367\235\025DD\336e\367\n\312\326\221\037\025\230vG0E\002!\000\2450\334+\037\216a\360\305t\370$\032\025\276\326S!V\274\006\3500,go\353\244\342\364\006<\002 \036\250\261Vt\203\025<\207\230\342\336m\212\341\357Yb\230\241[\300\300\016S\344*\210\332\222\241+""; ","validation: """"\200\000\000\001&\000\000\000\004)/\351\252\246:p\210\265\307-\212\200\004Q\265\024\321\362\354\211\250.\234s\225amc\305\035\366\276\037nD\277`\210\223N\3535\033\261\304fP\027\000\000\000\000\000\000\000\000\000\000\000\000\000\000\000\000\000\000\000\000\000\000\000\000\000\000\000\000\000\000\000\000P\031\375T\356\014\360o'\030\311-\267\031\257!\031T\006><\315XM\334\324\345\034\000\325\367\240\271\013s!\002\364d\217\366\217|\316F\232\231\241\n\261\333`\312O\367\235\025DD\336e\367\n\312\326\221\037\025\230vG0E\002!\000\2450\334+\037\216a\360\305t\370$\032\025\276\326S!V\274\006\3500,go\353\244\342\364\006<\002 \036\250\261Vt\203\025<\207\230\342\336m\212\341\357Yb\230\241[\300\300\016S\344*\210\332\222\241+""; "
1750527526453,1750527526454,224,1,3,4,TMTransaction,"rawTransaction: ""\022\000\000""\000\000\000\000$\000\000\000\003 \033\000\000\000\027a@\000\000\027H\206*@h@\000\000\000\000\000\000\ns!\0030\347\374\235V\273%\326\211;\243\363\027\256[\3173\263)\033\326=\263&T\243\023""/\177\320 tG0E\002!\000\331\256\320+2\242\010\n\376|\305\276\364R\036\255\251\372V7\276D\204\246\023\3070`Y\206o\250\002 o\311\353;\rUO\277\031IF\305E\240\377\021\246fr\335i\217\226=$\351rP\274VM\327\201\024\265\367by\212S\325C\240\024\312\370\262\227\317\370\362\3717\350\203\024\3177\2633\3425H\2210g]\027\350~`\267{\247\373\332""; status: tsCURRENT; receiveTimestamp: 803842726; deferred: false; ","rawTransaction: ""\022\000\000""\000\000\000\000$\000\000\000\003 \033\000\000\000\027a@\000\000\027H\206*@h@\000\000\000\000\000\000\ns!\0030\347\374\235V\273%\326\211;\243\363\027\256[\3173\263)\033\326=\263&T\243\023""/\177\320 tG0E\002!\000\331\256\320+2\242\010\n\376|\305\276\364R\036\255\251\372V7\276D\204\246\023\3070`Y\206o\250\002 o\311\353;\rUO\277\031IF\305E\240\377\021\246fr\335i\217\226=$\351rP\274VM\327\201\024\265\367by\212S\325C\240\024\312\370\262\227\317\370\362\3717\350\203\024\3177\2633\3425H\2210g]\027\350~`\267{\247\373\332""; status: tsCURRENT; receiveTimestamp: 803842726; deferred: false; "
1750527526453,1750527526454,605,1,3,2,TMTransaction,"rawTransaction: ""\022\000\000""\000\000\000\000$\000\000\000\003 \033\000\000\000\027a@\000\000\027H\206*@h@\000\000\000\000\000\000\ns!\0030\347\374\235V\273%\326\211;\243\363\027\256[\3173\263)\033\326=\263&T\243\023""/\177\320 tG0E\002!\000\331\256\320+2\242\010\n\376|\305\276\364R\036\255\251\372V7\276D\204\246\023\3070`Y\206o\250\002 o\311\353;\rUO\277\031IF\305E\240\377\021\246fr\335i\217\226=$\351rP\274VM\327\201\024\265\367by\212S\325C\240\024\312\370\262\227\317\370\362\3717\350\203\024\3177\2633\3425H\2210g]\027\350~`\267{\247\373\332""; status: tsCURRENT; receiveTimestamp: 803842726; deferred: false; ","rawTransaction: ""\022\000\000""\000\000\000\000$\000\000\000\003 \033\000\000\000\027a@\000\000\027H\206*@h@\000\000\000\000\000\000\ns!\0030\347\374\235V\273%\326\211;\243\363\027\256[\3173\263)\033\326=\263&T\243\023""/\177\320 tG0E\002!\000\331\256\320+2\242\010\n\376|\305\276\364R\036\255\251\372V7\276D\204\246\023\3070`Y\206o\250\002 o\311\353;\rUO\277\031IF\305E\240\377\021\246fr\335i\217\226=$\351rP\274VM\327\201\024\265\367by\212S\325C\240\024\312\370\262\227\317\370\362\3717\350\203\024\3177\2633\3425H\2210g]\027\350~`\267{\247\373\332""; status: tsCURRENT; receiveTimestamp: 803842726; deferred: false; "
1750527526453,1750527526454,2785,1,3,0,TMTransaction,"rawTransaction: ""\022\000\000""\000\000\000\000$\000\000\000\003 \033\000\000\000\027a@\000\000\027H\206*@h@\000\000\000\000\000\000\ns!\0030\347\374\235V\273%\326\211;\243\363\027\256[\3173\263)\033\326=\263&T\243\023""/\177\320 tG0E\002!\000\331\256\320+2\242\010\n\376|\305\276\364R\036\255\251\372V7\276D\204\246\023\3070`Y\206o\250\002 o\311\353;\rUO\277\031IF\305E\240\377\021\246fr\335i\217\226=$\351rP\274VM\327\201\024\265\367by\212S\325C\240\024\312\370\262\227\317\370\362\3717\350\203\024\3177\2633\3425H\2210g]\027\350~`\267{\247\373\332""; status: tsCURRENT; receiveTimestamp: 803842726; deferred: false; ","rawTransaction: ""\022\000\000""\000\000\000\000$\000\000\000\003 \033\000\000\000\027a@\000\000\027H\206*@h@\000\000\000\000\000\000\ns!\0030\347\374\235V\273%\326\211;\243\363\027\256[\3173\263)\033\326=\263&T\243\023""/\177\320 tG0E\002!\000\331\256\320+2\242\010\n\376|\305\276\364R\036\255\251\372V7\276D\204\246\023\3070`Y\206o\250\002 o\311\353;\rUO\277\031IF\305E\240\377\021\246fr\335i\217\226=$\351rP\274VM\327\201\024\265\367by\212S\325C\240\024\312\370\262\227\317\370\362\3717\350\203\024\3177\2633\3425H\2210g]\027\350~`\267{\247\373\332""; status: tsCURRENT; receiveTimestamp: 803842726; deferred: false; "
1750527526489,1750527526489,2759,1,0,3,TMHaveTransactionSet,"status: tsHAVE; hash: ""\310\200l\322\255\214\342'\243\202\375k%_\335\032N\021G\005\230\271\366~%e\366\202l^\rR""; ","status: tsHAVE; hash: ""\310\200l\322\255\214\342'\243\202\375k%_\335\032N\021G\005\230\271\366~%e\366\202l^\rR""; "
1750527526504,1750527526504,142,1,0,3,TMProposeSet,"proposeSeq: 0; currentTxHash: ""\310\200l\322\255\214\342'\243\202\375k%_\335\032N\021G\005\230\271\366~%e\366\202l^\rR""; nodePubKey: ""\002\225aM\037\203M\271C\224]$\245\215\334\264;{{\365%Z\2443U\201\242\320iUc\207\367""; closeTime: 803842726; signature: ""0E\002!\000\222W\272Z\302K\340\356\347\022\273\203\311)\373j(,g\020l\214\344\350\274\314z\365\372\036\255\313\002 /}\312\024\203\322\017[Y\366\366N8t\016\307\266\276\275[-\362\000\334\224\237\375\246\345z\376\304""; previousledger: ""\265\024\321\362\354\211\250.\234s\225amc\305\035\366\276\037nD\277`\210\223N\3535\033\261\304f""; ","proposeSeq: 0; currentTxHash: ""\310\200l\322\255\214\342'\243\202\375k%_\335\032N\021G\005\230\271\366~%e\366\202l^\rR""; nodePubKey: ""\002\225aM\037\203M\271C\224]$\245\215\334\264;{{\365%Z\2443U\201\242\320iUc\207\367""; closeTime: 803842726; signature: ""0E\002!\000\222W\272Z\302K\340\356\347\022\273\203\311)\373j(,g\020l\214\344\350\274\314z\365\372\036\255\313\002 /}\312\024\203\322\017[Y\366\366N8t\016\307\266\276\275[-\362\000\334\224\237\375\246\345z\376\304""; previousledger: ""\265\024\321\362\354\211\250.\234s\225amc\305\035\366\276\037nD\277`\210\223N\3535\033\261\304f""; "
1750527526551,1750527526551,1446,1,0,2,TMHaveTransactionSet,"status: tsHAVE; hash: ""\310\200l\322\255\214\342'\243\202\375k%_\335\032N\021G\005\230\271\366~%e\366\202l^\rR""; ","status: tsHAVE; hash: ""\310\200l\322\255\214\342'\243\202\375k%_\335\032N\021G\005\230\271\366~%e\366\202l^\rR""; "
1750527526550,1750527526550,1542,1,0,4,TMHaveTransactionSet,"status: tsHAVE; hash: ""\310\200l\322\255\214\342'\243\202\375k%_\335\032N\021G\005\230\271\366~%e\366\202l^\rR""; ","status: tsHAVE; hash: ""\310\200l\322\255\214\342'\243\202\375k%_\335\032N\021G\005\230\271\366~%e\366\202l^\rR""; "
1750527526550,1750527526551,3268,1,0,2,TMProposeSet,"proposeSeq: 0; currentTxHash: ""\310\200l\322\255\214\342'\243\202\375k%_\335\032N\021G\005\230\271\366~%e\366\202l^\rR""; nodePubKey: ""\002\225aM\037\203M\271C\224]$\245\215\334\264;{{\365%Z\2443U\201\242\320iUc\207\367""; closeTime: 803842726; signature: ""0E\002!\000\222W\272Z\302K\340\356\347\022\273\203\311)\373j(,g\020l\214\344\350\274\314z\365\372\036\255\313\002 /}\312\024\203\322\017[Y\366\366N8t\016\307\266\276\275[-\362\000\334\224\237\375\246\345z\376\304""; previousledger: ""\265\024\321\362\354\211\250.\234s\225amc\305\035\366\276\037nD\277`\210\223N\3535\033\261\304f""; ","proposeSeq: 0; currentTxHash: ""\310\200l\322\255\214\342'\243\202\375k%_\335\032N\021G\005\230\271\366~%e\366\202l^\rR""; nodePubKey: ""\002\225aM\037\203M\271C\224]$\245\215\334\264;{{\365%Z\2443U\201\242\320iUc\207\367""; closeTime: 803842726; signature: ""0E\002!\000\222W\272Z\302K\340\356\347\022\273\203\311)\373j(,g\020l\214\344\350\274\314z\365\372\036\255\313\002 /}\312\024\203\322\017[Y\366\366N8t\016\307\266\276\275[-\362\000\334\224\237\375\246\345z\376\304""; previousledger: ""\265\024\321\362\354\211\250.\234s\225amc\305\035\366\276\037nD\277`\210\223N\3535\033\261\304f""; "
1750527526549,1750527526550,3504,1,0,4,TMProposeSet,"proposeSeq: 0; currentTxHash: ""\310\200l\322\255\214\342'\243\202\375k%_\335\032N\021G\005\230\271\366~%e\366\202l^\rR""; nodePubKey: ""\002\225aM\037\203M\271C\224]$\245\215\334\264;{{\365%Z\2443U\201\242\320iUc\207\367""; closeTime: 803842726; signature: ""0E\002!\000\222W\272Z\302K\340\356\347\022\273\203\311)\373j(,g\020l\214\344\350\274\314z\365\372\036\255\313\002 /}\312\024\203\322\017[Y\366\366N8t\016\307\266\276\275[-\362\000\334\224\237\375\246\345z\376\304""; previousledger: ""\265\024\321\362\354\211\250.\234s\225amc\305\035\366\276\037nD\277`\210\223N\3535\033\261\304f""; ","proposeSeq: 0; currentTxHash: ""\310\200l\322\255\214\342'\243\202\375k%_\335\032N\021G\005\230\271\366~%e\366\202l^\rR""; nodePubKey: ""\002\225aM\037\203M\271C\224]$\245\215\334\264;{{\365%Z\2443U\201\242\320iUc\207\367""; closeTime: 803842726; signature: ""0E\002!\000\222W\272Z\302K\340\356\347\022\273\203\311)\373j(,g\020l\214\344\350\274\314z\365\372\036\255\313\002 /}\312\024\203\322\017[Y\366\366N8t\016\307\266\276\275[-\362\000\334\224\237\375\246\345z\376\304""; previousledger: ""\265\024\321\362\354\211\250.\234s\225amc\305\035\366\276\037nD\277`\210\223N\3535\033\261\304f""; "
1750527526552,1750527526552,2092,1,0,1,TMHaveTransactionSet,"status: tsHAVE; hash: ""\310\200l\322\255\214\342'\243\202\375k%_\335\032N\021G\005\230\271\366~%e\366\202l^\rR""; ","status: tsHAVE; hash: ""\310\200l\322\255\214\342'\243\202\375k%_\335\032N\021G\005\230\271\366~%e\366\202l^\rR""; "
1750527526552,1750527526552,3849,1,0,1,TMProposeSet,"proposeSeq: 0; currentTxHash: ""\310\200l\322\255\214\342'\243\202\375k%_\335\032N\021G\005\230\271\366~%e\366\202l^\rR""; nodePubKey: ""\002\225aM\037\203M\271C\224]$\245\215\334\264;{{\365%Z\2443U\201\242\320iUc\207\367""; closeTime: 803842726; signature: ""0E\002!\000\222W\272Z\302K\340\356\347\022\273\203\311)\373j(,g\020l\214\344\350\274\314z\365\372\036\255\313\002 /}\312\024\203\322\017[Y\366\366N8t\016\307\266\276\275[-\362\000\334\224\237\375\246\345z\376\304""; previousledger: ""\265\024\321\362\354\211\250.\234s\225amc\305\035\366\276\037nD\277`\210\223N\3535\033\261\304f""; ","proposeSeq: 0; currentTxHash: ""\310\200l\322\255\214\342'\243\202\375k%_\335\032N\021G\005\230\271\366~%e\366\202l^\rR""; nodePubKey: ""\002\225aM\037\203M\271C\224]$\245\215\334\264;{{\365%Z\2443U\201\242\320iUc\207\367""; closeTime: 803842726; signature: ""0E\002!\000\222W\272Z\302K\340\356\347\022\273\203\311)\373j(,g\020l\214\344\350\274\314z\365\372\036\255\313\002 /}\312\024\203\322\017[Y\366\366N8t\016\307\266\276\275[-\362\000\334\224\237\375\246\345z\376\304""; previousledger: ""\265\024\321\362\354\211\250.\234s\225amc\305\035\366\276\037nD\277`\210\223N\3535\033\261\304f""; "
1750527526553,1750527526553,323,1,4,3,TMHaveTransactionSet,"status: tsHAVE; hash: ""[\000\302\314\326\214\276@c\240\272\222{\363\314\032\213\311\316\246/\330\302\014>\022\346\234\347\264\270\350""; ","status: tsHAVE; hash: ""[\000\302\314\326\214\276@c\240\272\222{\363\314\032\213\311\316\246/\330\302\014>\022\346\234\347\264\270\350""; "
1750527526554,1750527526554,371,1,4,3,TMProposeSet,"proposeSeq: 0; currentTxHash: ""[\000\302\314\326\214\276@c\240\272\222{\363\314\032\213\311\316\246/\330\302\014>\022\346\234\347\264\270\350""; nodePubKey: ""\003R7o\362bV\300hf\266\241;}\200^\374\240\203[:\342Q\225\221\027y\372\255\235\216\323~""; closeTime: 803842726; signature: ""0D\002 7\r\010-Y\010\253\002.-\021\017\245\315\303b\362\370\010\221\320\246H\213\245\334S}\020\356\313\377\002 \016\311\326PS\336K\325\251\263\240Ey\304\302\320x2I;T_\205L\256\274\307t\334\214\244[""; previousledger: ""\265\024\321\362\354\211\250.\234s\225amc\305\035\366\276\037nD\277`\210\223N\3535\033\261\304f""; ","proposeSeq: 0; currentTxHash: ""[\000\302\314\326\214\276@c\240\272\222{\363\314\032\213\311\316\246/\330\302\014>\022\346\234\347\264\270\350""; nodePubKey: ""\003R7o\362bV\300hf\266\241;}\200^\374\240\203[:\342Q\225\221\027y\372\255\235\216\323~""; closeTime: 803842726; signature: ""0D\002 7\r\010-Y\010\253\002.-\021\017\245\315\303b\362\370\010\221\320\246H\213\245\334S}\020\356\313\377\002 \016\311\326PS\336K\325\251\263\240Ey\304\302\320x2I;T_\205L\256\274\307t\334\214\244[""; previousledger: ""\265\024\321\362\354\211\250.\234s\225amc\305\035\366\276\037nD\277`\210\223N\3535\033\261\304f""; "
1750527526556,1750527526556,2464,1,4,1,TMHaveTransactionSet,"status: tsHAVE; hash: ""[\000\302\314\326\214\276@c\240\272\222{\363\314\032\213\311\316\246/\330\302\014>\022\346\234\347\264\270\350""; ","status: tsHAVE; hash: ""[\000\302\314\326\214\276@c\240\272\222{\363\314\032\213\311\316\246/\330\302\014>\022\346\234\347\264\270\350""; "
1750527526557,1750527526557,3434,1,4,2,TMHaveTransactionSet,"status: tsHAVE; hash: ""[\000\302\314\326\214\276@c\240\272\222{\363\314\032\213\311\316\246/\330\302\014>\022\346\234\347\264\270\350""; ","status: tsHAVE; hash: ""[\000\302\314\326\214\276@c\240\272\222{\363\314\032\213\311\316\246/\330\302\014>\022\346\234\347\264\270\350""; "
1750527526556,1750527526556,2455,1,4,1,TMProposeSet,"proposeSeq: 0; currentTxHash: ""[\000\302\314\326\214\276@c\240\272\222{\363\314\032\213\311\316\246/\330\302\014>\022\346\234\347\264\270\350""; nodePubKey: ""\003R7o\362bV\300hf\266\241;}\200^\374\240\203[:\342Q\225\221\027y\372\255\235\216\323~""; closeTime: 803842726; signature: ""0D\002 7\r\010-Y\010\253\002.-\021\017\245\315\303b\362\370\010\221\320\246H\213\245\334S}\020\356\313\377\002 \016\311\326PS\336K\325\251\263\240Ey\304\302\320x2I;T_\205L\256\274\307t\334\214\244[""; previousledger: ""\265\024\321\362\354\211\250.\234s\225amc\305\035\366\276\037nD\277`\210\223N\3535\033\261\304f""; ","proposeSeq: 0; currentTxHash: ""[\000\302\314\326\214\276@c\240\272\222{\363\314\032\213\311\316\246/\330\302\014>\022\346\234\347\264\270\350""; nodePubKey: ""\003R7o\362bV\300hf\266\241;}\200^\374\240\203[:\342Q\225\221\027y\372\255\235\216\323~""; closeTime: 803842726; signature: ""0D\002 7\r\010-Y\010\253\002.-\021\017\245\315\303b\362\370\010\221\320\246H\213\245\334S}\020\356\313\377\002 \016\311\326PS\336K\325\251\263\240Ey\304\302\320x2I;T_\205L\256\274\307t\334\214\244[""; previousledger: ""\265\024\321\362\354\211\250.\234s\225amc\305\035\366\276\037nD\277`\210\223N\3535\033\261\304f""; "
1750527526558,1750527526558,2441,1,4,2,TMProposeSet,"proposeSeq: 0; currentTxHash: ""[\000\302\314\326\214\276@c\240\272\222{\363\314\032\213\311\316\246/\330\302\014>\022\346\234\347\264\270\350""; nodePubKey: ""\003R7o\362bV\300hf\266\241;}\200^\374\240\203[:\342Q\225\221\027y\372\255\235\216\323~""; closeTime: 803842726; signature: ""0D\002 7\r\010-Y\010\253\002.-\021\017\245\315\303b\362\370\010\221\320\246H\213\245\334S}\020\356\313\377\002 \016\311\326PS\336K\325\251\263\240Ey\304\302\320x2I;T_\205L\256\274\307t\334\214\244[""; previousledger: ""\265\024\321\362\354\211\250.\234s\225amc\305\035\366\276\037nD\277`\210\223N\3535\033\261\304f""; ","proposeSeq: 0; currentTxHash: ""[\000\302\314\326\214\276@c\240\272\222{\363\314\032\213\311\316\246/\330\302\014>\022\346\234\347\264\270\350""; nodePubKey: ""\003R7o\362bV\300hf\266\241;}\200^\374\240\203[:\342Q\225\221\027y\372\255\235\216\323~""; closeTime: 803842726; signature: ""0D\002 7\r\010-Y\010\253\002.-\021\017\245\315\303b\362\370\010\221\320\246H\213\245\334S}\020\356\313\377\002 \016\311\326PS\336K\325\251\263\240Ey\304\302\320x2I;T_\205L\256\274\307t\334\214\244[""; previousledger: ""\265\024\321\362\354\211\250.\234s\225amc\305\035\366\276\037nD\277`\210\223N\3535\033\261\304f""; "
1750527526558,1750527526558,3037,1,4,0,TMHaveTransactionSet,"status: tsHAVE; hash: ""[\000\302\314\326\214\276@c\240\272\222{\363\314\032\213\311\316\246/\330\302\014>\022\346\234\347\264\270\350""; ","status: tsHAVE; hash: ""[\000\302\314\326\214\276@c\240\272\222{\363\314\032\213\311\316\246/\330\302\014>\022\346\234\347\264\270\350""; "
1750527526559,1750527526559,2972,1,4,0,TMProposeSet,"proposeSeq: 0; currentTxHash: ""[\000\302\314\326\214\276@c\240\272\222{\363\314\032\213\311\316\246/\330\302\014>\022\346\234\347\264\270\350""; nodePubKey: ""\003R7o\362bV\300hf\266\241;}\200^\374\240\203[:\342Q\225\221\027y\372\255\235\216\323~""; closeTime: 803842726; signature: ""0D\002 7\r\010-Y\010\253\002.-\021\017\245\315\303b\362\370\010\221\320\246H\213\245\334S}\020\356\313\377\002 \016\311\326PS\336K\325\251\263\240Ey\304\302\320x2I;T_\205L\256\274\307t\334\214\244[""; previousledger: ""\265\024\321\362\354\211\250.\234s\225amc\305\035\366\276\037nD\277`\210\223N\3535\033\261\304f""; ","proposeSeq: 0; currentTxHash: ""[\000\302\314\326\214\276@c\240\272\222{\363\314\032\213\311\316\246/\330\302\014>\022\346\234\347\264\270\350""; nodePubKey: ""\003R7o\362bV\300hf\266\241;}\200^\374\240\203[:\342Q\225\221\027y\372\255\235\216\323~""; closeTime: 803842726; signature: ""0D\002 7\r\010-Y\010\253\002.-\021\017\245\315\303b\362\370\010\221\320\246H\213\245\334S}\020\356\313\377\002 \016\311\326PS\336K\325\251\263\240Ey\304\302\320x2I;T_\205L\256\274\307t\334\214\244[""; previousledger: ""\265\024\321\362\354\211\250.\234s\225amc\305\035\366\276\037nD\277`\210\223N\3535\033\261\304f""; "
1750527526581,1750527526581,3128,1,2,4,TMValidation,"validation: """"\200\000\000\001&\000\000\000\004)/\351\252\246:g\237X\336\3531\020\010Q\265\024\321\362\354\211\250.\234s\225amc\305\035\366\276\037nD\277`\210\223N\3535\033\261\304fP\027\000\000\000\000\000\000\000\000\000\000\000\000\000\000\000\000\000\000\000\000\000\000\000\000\000\000\000\000\000\000\000\000P\031\375T\356\014\360o'\030\311-\267\031\257!\031T\006><\315XM\334\324\345\034\000\325\367\240\271\013s!\003\255\225A\213\332\224ehh\024BDq\224\250\335`\355\353{\357\266\335<\021\032\265\177\206\356&\215vG0E\002!\000\237\235xP\204\340R\373\203#\216\251\224q\227f>\241\206:)\353\372bT\253H\231\010\211\031\030\002 ]C\222\204S\376\200\334\362\341\233x\005^;C\346t\331\343\022\025\032K\3027\242S\223qZ%""; ","validation: """"\200\000\000\001&\000\000\000\004)/\351\252\246:g\237X\336\3531\020\010Q\265\024\321\362\354\211\250.\234s\225amc\305\035\366\276\037nD\277`\210\223N\3535\033\261\304fP\027\000\000\000\000\000\000\000\000\000\000\000\000\000\000\000\000\000\000\000\000\000\000\000\000\000\000\000\000\000\000\000\000P\031\375T\356\014\360o'\030\311-\267\031\257!\031T\006><\315XM\334\324\345\034\000\325\367\240\271\013s!\003\255\225A\213\332\224ehh\024BDq\224\250\335`\355\353{\357\266\335<\021\032\265\177\206\356&\215vG0E\002!\000\237\235xP\204\340R\373\203#\216\251\224q\227f>\241\206:)\353\372bT\253H\231\010\211\031\030\002 ]C\222\204S\376\200\334\362\341\233x\005^;C\346t\331\343\022\025\032K\3027\242S\223qZ%""; "
1750527526583,1750527526583,340,1,2,1,TMValidation,"validation: """"\200\000\000\001&\000\000\000\004)/\351\252\246:g\237X\336\3531\020\010Q\265\024\321\362\354\211\250.\234s\225amc\305\035\366\276\037nD\277`\210\223N\3535\033\261\304fP\027\000\000\000\000\000\000\000\000\000\000\000\000\000\000\000\000\000\000\000\000\000\000\000\000\000\000\000\000\000\000\000\000P\031\375T\356\014\360o'\030\311-\267\031\257!\031T\006><\315XM\334\324\345\034\000\325\367\240\271\013s!\003\255\225A\213\332\224ehh\024BDq\224\250\335`\355\353{\357\266\335<\021\032\265\177\206\356&\215vG0E\002!\000\237\235xP\204\340R\373\203#\216\251\224q\227f>\241\206:)\353\372bT\253H\231\010\211\031\030\002 ]C\222\204S\376\200\334\362\341\233x\005^;C\346t\331\343\022\025\032K\3027\242S\223qZ%""; ","validation: """"\200\000\000\001&\000\000\000\004)/\351\252\246:g\237X\336\3531\020\010Q\265\024\321\362\354\211\250.\234s\225amc\305\035\366\276\037nD\277`\210\223N\3535\033\261\304fP\027\000\000\000\000\000\000\000\000\000\000\000\000\000\000\000\000\000\000\000\000\000\000\000\000\000\000\000\000\000\000\000\000P\031\375T\356\014\360o'\030\311-\267\031\257!\031T\006><\315XM\334\324\345\034\000\325\367\240\271\013s!\003\255\225A\213\332\224ehh\024BDq\224\250\335`\355\353{\357\266\335<\021\032\265\177\206\356&\215vG0E\002!\000\237\235xP\204\340R\373\203#\216\251\224q\227f>\241\206:)\353\372bT\253H\231\010\211\031\030\002 ]C\222\204S\376\200\334\362\341\233x\005^;C\346t\331\343\022\025\032K\3027\242S\223qZ%""; "
1750527526489,1750527526589,1964,1,0,3,TMStatusChange,"newEvent: neCLOSING_LEDGER; ledgerSeq: 4; ledgerHash: ""\265\024\321\362\354\211\250.\234s\225amc\305\035\366\276\037nD\277`\210\223N\3535\033\261\304f""; ledgerHashPrevious: ""\375T\356\014\360o'\030\311-\267\031\257!\031T\006><\315XM\334\324\345\034\000\325\367\240\271\013""; networkTime: 803842726; firstSeq: 1; lastSeq: 3; ","newEvent: neCLOSING_LEDGER; ledgerSeq: 4; ledgerHash: ""\265\024\321\362\354\211\250.\234s\225amc\305\035\366\276\037nD\277`\210\223N\3535\033\261\304f""; ledgerHashPrevious: ""\375T\356\014\360o'\030\311-\267\031\257!\031T\006><\315XM\334\324\345\034\000\325\367\240\271\013""; networkTime: 803842726; firstSeq: 1; lastSeq: 3; "
1750527526549,1750527526589,3904,1,0,4,TMStatusChange,"newEvent: neCLOSING_LEDGER; ledgerSeq: 4; ledgerHash: ""\265\024\321\362\354\211\250.\234s\225amc\305\035\366\276\037nD\277`\210\223N\3535\033\261\304f""; ledgerHashPrevious: ""\375T\356\014\360o'\030\311-\267\031\257!\031T\006><\315XM\334\324\345\034\000\325\367\240\271\013""; networkTime: 803842726; firstSeq: 1; lastSeq: 3; ","newEvent: neCLOSING_LEDGER; ledgerSeq: 4; ledgerHash: ""\265\024\321\362\354\211\250.\234s\225amc\305\035\366\276\037nD\277`\210\223N\3535\033\261\304f""; ledgerHashPrevious: ""\375T\356\014\360o'\030\311-\267\031\257!\031T\006><\315XM\334\324\345\034\000\325\367\240\271\013""; networkTime: 803842726; firstSeq: 1; lastSeq: 3; "
1750527526550,1750527526589,2179,1,0,2,TMStatusChange,"newEvent: neCLOSING_LEDGER; ledgerSeq: 4; ledgerHash: ""\265\024\321\362\354\211\250.\234s\225amc\305\035\366\276\037nD\277`\210\223N\3535\033\261\304f""; ledgerHashPrevious: ""\375T\356\014\360o'\030\311-\267\031\257!\031T\006><\315XM\334\324\345\034\000\325\367\240\271\013""; networkTime: 803842726; firstSeq: 1; lastSeq: 3; ","newEvent: neCLOSING_LEDGER; ledgerSeq: 4; ledgerHash: ""\265\024\321\362\354\211\250.\234s\225amc\305\035\366\276\037nD\277`\210\223N\3535\033\261\304f""; ledgerHashPrevious: ""\375T\356\014\360o'\030\311-\267\031\257!\031T\006><\315XM\334\324\345\034\000\325\367\240\271\013""; networkTime: 803842726; firstSeq: 1; lastSeq: 3; "
1750527526550,1750527526590,1249,1,0,1,TMStatusChange,"newEvent: neCLOSING_LEDGER; ledgerSeq: 4; ledgerHash: ""\265\024\321\362\354\211\250.\234s\225amc\305\035\366\276\037nD\277`\210\223N\3535\033\261\304f""; ledgerHashPrevious: ""\375T\356\014\360o'\030\311-\267\031\257!\031T\006><\315XM\334\324\345\034\000\325\367\240\271\013""; networkTime: 803842726; firstSeq: 1; lastSeq: 3; ","newEvent: neCLOSING_LEDGER; ledgerSeq: 4; ledgerHash: ""\265\024\321\362\354\211\250.\234s\225amc\305\035\366\276\037nD\277`\210\223N\3535\033\261\304f""; ledgerHashPrevious: ""\375T\356\014\360o'\030\311-\267\031\257!\031T\006><\315XM\334\324\345\034\000\325\367\240\271\013""; networkTime: 803842726; firstSeq: 1; lastSeq: 3; "
1750527526591,1750527526591,446,1,2,0,TMValidation,"validation: """"\200\000\000\001&\000\000\000\004)/\351\252\246:g\237X\336\3531\020\010Q\265\024\321\362\354\211\250.\234s\225amc\305\035\366\276\037nD\277`\210\223N\3535\033\261\304fP\027\000\000\000\000\000\000\000\000\000\000\000\000\000\000\000\000\000\000\000\000\000\000\000\000\000\000\000\000\000\000\000\000P\031\375T\356\014\360o'\030\311-\267\031\257!\031T\006><\315XM\334\324\345\034\000\325\367\240\271\013s!\003\255\225A\213\332\224ehh\024BDq\224\250\335`\355\353{\357\266\335<\021\032\265\177\206\356&\215vG0E\002!\000\237\235xP\204\340R\373\203#\216\251\224q\227f>\241\206:)\353\372bT\253H\231\010\211\031\030\002 ]C\222\204S\376\200\334\362\341\233x\005^;C\346t\331\343\022\025\032K\3027\242S\223qZ%""; ","validation: """"\200\000\000\001&\000\000\000\004)/\351\252\246:g\237X\336\3531\020\010Q\265\024\321\362\354\211\250.\234s\225amc\305\035\366\276\037nD\277`\210\223N\3535\033\261\304fP\027\000\000\000\000\000\000\000\000\000\000\000\000\000\000\000\000\000\000\000\000\000\000\000\000\000\000\000\000\000\000\000\000P\031\375T\356\014\360o'\030\311-\267\031\257!\031T\006><\315XM\334\324\345\034\000\325\367\240\271\013s!\003\255\225A\213\332\224ehh\024BDq\224\250\335`\355\353{\357\266\335<\021\032\265\177\206\356&\215vG0E\002!\000\237\235xP\204\340R\373\203#\216\251\224q\227f>\241\206:)\353\372bT\253H\231\010\211\031\030\002 ]C\222\204S\376\200\334\362\341\233x\005^;C\346t\331\343\022\025\032K\3027\242S\223qZ%""; "
1750527526593,1750527526594,723,1,2,3,TMValidation,"validation: """"\200\000\000\001&\000\000\000\004)/\351\252\246:g\237X\336\3531\020\010Q\265\024\321\362\354\211\250.\234s\225amc\305\035\366\276\037nD\277`\210\223N\3535\033\261\304fP\027\000\000\000\000\000\000\000\000\000\000\000\000\000\000\000\000\000\000\000\000\000\000\000\000\000\000\000\000\000\000\000\000P\031\375T\356\014\360o'\030\311-\267\031\257!\031T\006><\315XM\334\324\345\034\000\325\367\240\271\013s!\003\255\225A\213\332\224ehh\024BDq\224\250\335`\355\353{\357\266\335<\021\032\265\177\206\356&\215vG0E\002!\000\237\235xP\204\340R\373\203#\216\251\224q\227f>\241\206:)\353\372bT\253H\231\010\211\031\030\002 ]C\222\204S\376\200\334\362\341\233x\005^;C\346t\331\343\022\025\032K\3027\242S\223qZ%""; ","validation: """"\200\000\000\001&\000\000\000\004)/\351\252\246:g\237X\336\3531\020\010Q\265\024\321\362\354\211\250.\234s\225amc\305\035\366\276\037nD\277`\210\223N\3535\033\261\304fP\027\000\000\000\000\000\000\000\000\000\000\000\000\000\000\000\000\000\000\000\000\000\000\000\000\000\000\000\000\000\000\000\000P\031\375T\356\014\360o'\030\311-\267\031\257!\031T\006><\315XM\334\324\345\034\000\325\367\240\271\013s!\003\255\225A\213\332\224ehh\024BDq\224\250\335`\355\353{\357\266\335<\021\032\265\177\206\356&\215vG0E\002!\000\237\235xP\204\340R\373\203#\216\251\224q\227f>\241\206:)\353\372bT\253H\231\010\211\031\030\002 ]C\222\204S\376\200\334\362\341\233x\005^;C\346t\331\343\022\025\032K\3027\242S\223qZ%""; "
1750527526633,1750527526633,1131,1,3,0,TMGetLedger,"itype: liTS_CANDIDATE; ledgerHash: ""\310\200l\322\255\214\342'\243\202\375k%_\335\032N\021G\005\230\271\366~%e\366\202l^\rR""; nodeIDs: ""\000\000\000\000\000\000\000\000\000\000\000\000\000\000\000\000\000\000\000\000\000\000\000\000\000\000\000\000\000\000\000\000\000""; queryDepth: 3; ","itype: liTS_CANDIDATE; ledgerHash: ""\310\200l\322\255\214\342'\243\202\375k%_\335\032N\021G\005\230\271\366~%e\366\202l^\rR""; nodeIDs: ""\000\000\000\000\000\000\000\000\000\000\000\000\000\000\000\000\000\000\000\000\000\000\000\000\000\000\000\000\000\000\000\000\000""; queryDepth: 3; "
1750527526633,1750527526633,3830,1,3,1,TMProposeSet,"proposeSeq: 0; currentTxHash: ""\310\200l\322\255\214\342'\243\202\375k%_\335\032N\021G\005\230\271\366~%e\366\202l^\rR""; nodePubKey: ""\002\225aM\037\203M\271C\224]$\245\215\334\264;{{\365%Z\2443U\201\242\320iUc\207\367""; closeTime: 803842726; signature: ""0E\002!\000\222W\272Z\302K\340\356\347\022\273\203\311)\373j(,g\020l\214\344\350\274\314z\365\372\036\255\313\002 /}\312\024\203\322\017[Y\366\366N8t\016\307\266\276\275[-\362\000\334\224\237\375\246\345z\376\304""; previousledger: ""\265\024\321\362\354\211\250.\234s\225amc\305\035\366\276\037nD\277`\210\223N\3535\033\261\304f""; ","proposeSeq: 0; currentTxHash: ""\310\200l\322\255\214\342'\243\202\375k%_\335\032N\021G\005\230\271\366~%e\366\202l^\rR""; nodePubKey: ""\002\225aM\037\203M\271C\224]$\245\215\334\264;{{\365%Z\2443U\201\242\320iUc\207\367""; closeTime: 803842726; signature: ""0E\002!\000\222W\272Z\302K\340\356\347\022\273\203\311)\373j(,g\020l\214\344\350\274\314z\365\372\036\255\313\002 /}\312\024\203\322\017[Y\366\366N8t\016\307\266\276\275[-\362\000\334\224\237\375\246\345z\376\304""; previousledger: ""\265\024\321\362\354\211\250.\234s\225amc\305\035\366\276\037nD\277`\210\223N\3535\033\261\304f""; "
1750527526634,1750527526634,3787,1,3,2,TMProposeSet,"proposeSeq: 0; currentTxHash: ""\310\200l\322\255\214\342'\243\202\375k%_\335\032N\021G\005\230\271\366~%e\366\202l^\rR""; nodePubKey: ""\002\225aM\037\203M\271C\224]$\245\215\334\264;{{\365%Z\2443U\201\242\320iUc\207\367""; closeTime: 803842726; signature: ""0E\002!\000\222W\272Z\302K\340\356\347\022\273\203\311)\373j(,g\020l\214\344\350\274\314z\365\372\036\255\313\002 /}\312\024\203\322\017[Y\366\366N8t\016\307\266\276\275[-\362\000\334\224\237\375\246\345z\376\304""; previousledger: ""\265\024\321\362\354\211\250.\234s\225amc\305\035\366\276\037nD\277`\210\223N\3535\033\261\304f""; ","proposeSeq: 0; currentTxHash: ""\310\200l\322\255\214\342'\243\202\375k%_\335\032N\021G\005\230\271\366~%e\366\202l^\rR""; nodePubKey: ""\002\225aM\037\203M\271C\224]$\245\215\334\264;{{\365%Z\2443U\201\242\320iUc\207\367""; closeTime: 803842726; signature: ""0E\002!\000\222W\272Z\302K\340\356\347\022\273\203\311)\373j(,g\020l\214\344\350\274\314z\365\372\036\255\313\002 /}\312\024\203\322\017[Y\366\366N8t\016\307\266\276\275[-\362\000\334\224\237\375\246\345z\376\304""; previousledger: ""\265\024\321\362\354\211\250.\234s\225amc\305\035\366\276\037nD\277`\210\223N\3535\033\261\304f""; "
1750527526634,1750527526634,1272,1,3,4,TMProposeSet,"proposeSeq: 0; currentTxHash: ""\310\200l\322\255\214\342'\243\202\375k%_\335\032N\021G\005\230\271\366~%e\366\202l^\rR""; nodePubKey: ""\002\225aM\037\203M\271C\224]$\245\215\334\264;{{\365%Z\2443U\201\242\320iUc\207\367""; closeTime: 803842726; signature: ""0E\002!\000\222W\272Z\302K\340\356\347\022\273\203\311)\373j(,g\020l\214\344\350\274\314z\365\372\036\255\313\002 /}\312\024\203\322\017[Y\366\366N8t\016\307\266\276\275[-\362\000\334\224\237\375\246\345z\376\304""; previousledger: ""\265\024\321\362\354\211\250.\234s\225amc\305\035\366\276\037nD\277`\210\223N\3535\033\261\304f""; ","proposeSeq: 0; currentTxHash: ""\310\200l\322\255\214\342'\243\202\375k%_\335\032N\021G\005\230\271\366~%e\366\202l^\rR""; nodePubKey: ""\002\225aM\037\203M\271C\224]$\245\215\334\264;{{\365%Z\2443U\201\242\320iUc\207\367""; closeTime: 803842726; signature: ""0E\002!\000\222W\272Z\302K\340\356\347\022\273\203\311)\373j(,g\020l\214\344\350\274\314z\365\372\036\255\313\002 /}\312\024\203\322\017[Y\366\366N8t\016\307\266\276\275[-\362\000\334\224\237\375\246\345z\376\304""; previousledger: ""\265\024\321\362\354\211\250.\234s\225amc\305\035\366\276\037nD\277`\210\223N\3535\033\261\304f""; "
1750527526634,1750527526635,1019,1,3,4,TMGetLedger,"itype: liTS_CANDIDATE; ledgerHash: ""\310\200l\322\255\214\342'\243\202\375k%_\335\032N\021G\005\230\271\366~%e\366\202l^\rR""; nodeIDs: ""\000\000\000\000\000\000\000\000\000\000\000\000\000\000\000\000\000\000\000\000\000\000\000\000\000\000\000\000\000\000\000\000\000""; queryDepth: 3; ","itype: liTS_CANDIDATE; ledgerHash: ""\310\200l\322\255\214\342'\243\202\375k%_\335\032N\021G\005\230\271\366~%e\366\202l^\rR""; nodeIDs: ""\000\000\000\000\000\000\000\000\000\000\000\000\000\000\000\000\000\000\000\000\000\000\000\000\000\000\000\000\000\000\000\000\000""; queryDepth: 3; "
1750527526644,1750527526644,3746,1,1,4,TMValidation,"validation: """"\200\000\000\001&\000\000\000\004)/\351\252\246:\303`\246;Q\203[_Q\265\024\321\362\354\211\250.\234s\225amc\305\035\366\276\037nD\277`\210\223N\3535\033\261\304fP\027\000\000\000\000\000\000\000\000\000\000\000\000\000\000\000\000\000\000\000\000\000\000\000\000\000\000\000\000\000\000\000\000P\031\375T\356\014\360o'\030\311-\267\031\257!\031T\006><\315XM\334\324\345\034\000\325\367\240\271\013s!\002\266\377\271\344:\030\221i\267\257\215\237M\014\3345f\014\273|\207\367\334\337F\325\004cxB\211LvF0D\002 \022\325\021\032Q\026\377\244\215Q\034\302\346\352\236\021\227Mc\26442\323x\300\002\376\253\351\250F4\002 &\375\210\316\367\r\326\201\335A_2\022J-\377\365\245\252\t\014j\201\305\204\014\200mK\340\236$""; ","validation: """"\200\000\000\001&\000\000\000\004)/\351\252\246:\303`\246;Q\203[_Q\265\024\321\362\354\211\250.\234s\225amc\305\035\366\276\037nD\277`\210\223N\3535\033\261\304fP\027\000\000\000\000\000\000\000\000\000\000\000\000\000\000\000\000\000\000\000\000\000\000\000\000\000\000\000\000\000\000\000\000P\031\375T\356\014\360o'\030\311-\267\031\257!\031T\006><\315XM\334\324\345\034\000\325\367\240\271\013s!\002\266\377\271\344:\030\221i\267\257\215\237M\014\3345f\014\273|\207\367\334\337F\325\004cxB\211LvF0D\002 \022\325\021\032Q\026\377\244\215Q\034\302\346\352\236\021\227Mc\26442\323x\300\002\376\253\351\250F4\002 &\375\210\316\367\r\326\201\335A_2\022J-\377\365\245\252\t\014j\201\305\204\014\200mK\340\236$""; "
1750527526553,1750527526654,3403,1,4,3,TMStatusChange,"newEvent: neCLOSING_LEDGER; ledgerSeq: 4; ledgerHash: ""\265\024\321\362\354\211\250.\234s\225amc\305\035\366\276\037nD\277`\210\223N\3535\033\261\304f""; ledgerHashPrevious: ""\375T\356\014\360o'\030\311-\267\031\257!\031T\006><\315XM\334\324\345\034\000\325\367\240\271\013""; networkTime: 803842726; firstSeq: 1; lastSeq: 4; ","newEvent: neCLOSING_LEDGER; ledgerSeq: 4; ledgerHash: ""\265\024\321\362\354\211\250.\234s\225amc\305\035\366\276\037nD\277`\210\223N\3535\033\261\304f""; ledgerHashPrevious: ""\375T\356\014\360o'\030\311-\267\031\257!\031T\006><\315XM\334\324\345\034\000\325\367\240\271\013""; networkTime: 803842726; firstSeq: 1; lastSeq: 4; "
1750527526556,1750527526654,3346,1,4,2,TMStatusChange,"newEvent: neCLOSING_LEDGER; ledgerSeq: 4; ledgerHash: ""\265\024\321\362\354\211\250.\234s\225amc\305\035\366\276\037nD\277`\210\223N\3535\033\261\304f""; ledgerHashPrevious: ""\375T\356\014\360o'\030\311-\267\031\257!\031T\006><\315XM\334\324\345\034\000\325\367\240\271\013""; networkTime: 803842726; firstSeq: 1; lastSeq: 4; ","newEvent: neCLOSING_LEDGER; ledgerSeq: 4; ledgerHash: ""\265\024\321\362\354\211\250.\234s\225amc\305\035\366\276\037nD\277`\210\223N\3535\033\261\304f""; ledgerHashPrevious: ""\375T\356\014\360o'\030\311-\267\031\257!\031T\006><\315XM\334\324\345\034\000\325\367\240\271\013""; networkTime: 803842726; firstSeq: 1; lastSeq: 4; "
1750527526555,1750527526654,803,1,4,1,TMStatusChange,"newEvent: neCLOSING_LEDGER; ledgerSeq: 4; ledgerHash: ""\265\024\321\362\354\211\250.\234s\225amc\305\035\366\276\037nD\277`\210\223N\3535\033\261\304f""; ledgerHashPrevious: ""\375T\356\014\360o'\030\311-\267\031\257!\031T\006><\315XM\334\324\345\034\000\325\367\240\271\013""; networkTime: 803842726; firstSeq: 1; lastSeq: 4; ","newEvent: neCLOSING_LEDGER; ledgerSeq: 4; ledgerHash: ""\265\024\321\362\354\211\250.\234s\225amc\305\035\366\276\037nD\277`\210\223N\3535\033\261\304f""; ledgerHashPrevious: ""\375T\356\014\360o'\030\311-\267\031\257!\031T\006><\315XM\334\324\345\034\000\325\367\240\271\013""; networkTime: 803842726; firstSeq: 1; lastSeq: 4; "
1750527526557,1750527526655,832,1,4,0,TMStatusChange,"newEvent: neCLOSING_LEDGER; ledgerSeq: 4; ledgerHash: ""\265\024\321\362\354\211\250.\234s\225amc\305\035\366\276\037nD\277`\210\223N\3535\033\261\304f""; ledgerHashPrevious: ""\375T\356\014\360o'\030\311-\267\031\257!\031T\006><\315XM\334\324\345\034\000\325\367\240\271\013""; networkTime: 803842726; firstSeq: 1; lastSeq: 4; ","newEvent: neCLOSING_LEDGER; ledgerSeq: 4; ledgerHash: ""\265\024\321\362\354\211\250.\234s\225amc\305\035\366\276\037nD\277`\210\223N\3535\033\261\304f""; ledgerHashPrevious: ""\375T\356\014\360o'\030\311-\267\031\257!\031T\006><\315XM\334\324\345\034\000\325\367\240\271\013""; networkTime: 803842726; firstSeq: 1; lastSeq: 4; "
1750527526583,1750527526655,3446,1,2,4,TMStatusChange,"newEvent: neACCEPTED_LEDGER; ledgerSeq: 4; ledgerHash: ""\265\024\321\362\354\211\250.\234s\225amc\305\035\366\276\037nD\277`\210\223N\3535\033\261\304f""; ledgerHashPrevious: ""\375T\356\014\360o'\030\311-\267\031\257!\031T\006><\315XM\334\324\345\034\000\325\367\240\271\013""; networkTime: 803842726; firstSeq: 1; lastSeq: 3; ","newEvent: neACCEPTED_LEDGER; ledgerSeq: 4; ledgerHash: ""\265\024\321\362\354\211\250.\234s\225amc\305\035\366\276\037nD\277`\210\223N\3535\033\261\304f""; ledgerHashPrevious: ""\375T\356\014\360o'\030\311-\267\031\257!\031T\006><\315XM\334\324\345\034\000\325\367\240\271\013""; networkTime: 803842726; firstSeq: 1; lastSeq: 3; "
1750527526656,1750527526656,949,1,1,2,TMValidation,"validation: """"\200\000\000\001&\000\000\000\004)/\351\252\246:\303`\246;Q\203[_Q\265\024\321\362\354\211\250.\234s\225amc\305\035\366\276\037nD\277`\210\223N\3535\033\261\304fP\027\000\000\000\000\000\000\000\000\000\000\000\000\000\000\000\000\000\000\000\000\000\000\000\000\000\000\000\000\000\000\000\000P\031\375T\356\014\360o'\030\311-\267\031\257!\031T\006><\315XM\334\324\345\034\000\325\367\240\271\013s!\002\266\377\271\344:\030\221i\267\257\215\237M\014\3345f\014\273|\207\367\334\337F\325\004cxB\211LvF0D\002 \022\325\021\032Q\026\377\244\215Q\034\302\346\352\236\021\227Mc\26442\323x\300\002\376\253\351\250F4\002 &\375\210\316\367\r\326\201\335A_2\022J-\377\365\245\252\t\014j\201\305\204\014\200mK\340\236$""; ","validation: """"\200\000\000\001&\000\000\000\004)/\351\252\246:\303`\246;Q\203[_Q\265\024\321\362\354\211\250.\234s\225amc\305\035\366\276\037nD\277`\210\223N\3535\033\261\304fP\027\000\000\000\000\000\000\000\000\000\000\000\000\000\000\000\000\000\000\000\000\000\000\000\000\000\000\000\000\000\000\000\000P\031\375T\356\014\360o'\030\311-\267\031\257!\031T\006><\315XM\334\324\345\034\000\325\367\240\271\013s!\002\266\377\271\344:\030\221i\267\257\215\237M\014\3345f\014\273|\207\367\334\337F\325\004cxB\211LvF0D\002 \022\325\021\032Q\026\377\244\215Q\034\302\346\352\236\021\227Mc\26442\323x\300\002\376\253\351\250F4\002 &\375\210\316\367\r\326\201\335A_2\022J-\377\365\245\252\t\014j\201\305\204\014\200mK\340\236$""; "
1750527526585,1750527526656,593,1,2,3,TMStatusChange,"newEvent: neACCEPTED_LEDGER; ledgerSeq: 4; ledgerHash: ""\265\024\321\362\354\211\250.\234s\225amc\305\035\366\276\037nD\277`\210\223N\3535\033\261\304f""; ledgerHashPrevious: ""\375T\356\014\360o'\030\311-\267\031\257!\031T\006><\315XM\334\324\345\034\000\325\367\240\271\013""; networkTime: 803842726; firstSeq: 1; lastSeq: 3; ","newEvent: neACCEPTED_LEDGER; ledgerSeq: 4; ledgerHash: ""\265\024\321\362\354\211\250.\234s\225amc\305\035\366\276\037nD\277`\210\223N\3535\033\261\304f""; ledgerHashPrevious: ""\375T\356\014\360o'\030\311-\267\031\257!\031T\006><\315XM\334\324\345\034\000\325\367\240\271\013""; networkTime: 803842726; firstSeq: 1; lastSeq: 3; "
1750527526592,1750527526656,679,1,2,0,TMStatusChange,"newEvent: neACCEPTED_LEDGER; ledgerSeq: 4; ledgerHash: ""\265\024\321\362\354\211\250.\234s\225amc\305\035\366\276\037nD\277`\210\223N\3535\033\261\304f""; ledgerHashPrevious: ""\375T\356\014\360o'\030\311-\267\031\257!\031T\006><\315XM\334\324\345\034\000\325\367\240\271\013""; networkTime: 803842726; firstSeq: 1; lastSeq: 3; ","newEvent: neACCEPTED_LEDGER; ledgerSeq: 4; ledgerHash: ""\265\024\321\362\354\211\250.\234s\225amc\305\035\366\276\037nD\277`\210\223N\3535\033\261\304f""; ledgerHashPrevious: ""\375T\356\014\360o'\030\311-\267\031\257!\031T\006><\315XM\334\324\345\034\000\325\367\240\271\013""; networkTime: 803842726; firstSeq: 1; lastSeq: 3; "
1750527526593,1750527526656,1536,1,2,1,TMStatusChange,"newEvent: neACCEPTED_LEDGER; ledgerSeq: 4; ledgerHash: ""\265\024\321\362\354\211\250.\234s\225amc\305\035\366\276\037nD\277`\210\223N\3535\033\261\304f""; ledgerHashPrevious: ""\375T\356\014\360o'\030\311-\267\031\257!\031T\006><\315XM\334\324\345\034\000\325\367\240\271\013""; networkTime: 803842726; firstSeq: 1; lastSeq: 3; ","newEvent: neACCEPTED_LEDGER; ledgerSeq: 4; ledgerHash: ""\265\024\321\362\354\211\250.\234s\225amc\305\035\366\276\037nD\277`\210\223N\3535\033\261\304f""; ledgerHashPrevious: ""\375T\356\014\360o'\030\311-\267\031\257!\031T\006><\315XM\334\324\345\034\000\325\367\240\271\013""; networkTime: 803842726; firstSeq: 1; lastSeq: 3; "
1750527526657,1750527526657,1311,1,1,3,TMValidation,"validation: """"\200\000\000\001&\000\000\000\004)/\351\252\246:\303`\246;Q\203[_Q\265\024\321\362\354\211\250.\234s\225amc\305\035\366\276\037nD\277`\210\223N\3535\033\261\304fP\027\000\000\000\000\000\000\000\000\000\000\000\000\000\000\000\000\000\000\000\000\000\000\000\000\000\000\000\000\000\000\000\000P\031\375T\356\014\360o'\030\311-\267\031\257!\031T\006><\315XM\334\324\345\034\000\325\367\240\271\013s!\002\266\377\271\344:\030\221i\267\257\215\237M\014\3345f\014\273|\207\367\334\337F\325\004cxB\211LvF0D\002 \022\325\021\032Q\026\377\244\215Q\034\302\346\352\236\021\227Mc\26442\323x\300\002\376\253\351\250F4\002 &\375\210\316\367\r\326\201\335A_2\022J-\377\365\245\252\t\014j\201\305\204\014\200mK\340\236$""; ","validation: """"\200\000\000\001&\000\000\000\004)/\351\252\246:\303`\246;Q\203[_Q\265\024\321\362\354\211\250.\234s\225amc\305\035\366\276\037nD\277`\210\223N\3535\033\261\304fP\027\000\000\000\000\000\000\000\000\000\000\000\000\000\000\000\000\000\000\000\000\000\000\000\000\000\000\000\000\000\000\000\000P\031\375T\356\014\360o'\030\311-\267\031\257!\031T\006><\315XM\334\324\345\034\000\325\367\240\271\013s!\002\266\377\271\344:\030\221i\267\257\215\237M\014\3345f\014\273|\207\367\334\337F\325\004cxB\211LvF0D\002 \022\325\021\032Q\026\377\244\215Q\034\302\346\352\236\021\227Mc\26442\323x\300\002\376\253\351\250F4\002 &\375\210\316\367\r\326\201\335A_2\022J-\377\365\245\252\t\014j\201\305\204\014\200mK\340\236$""; "
1750527526644,1750527526657,3322,1,1,3,TMStatusChange,"newEvent: neACCEPTED_LEDGER; ledgerSeq: 4; ledgerHash: ""\265\024\321\362\354\211\250.\234s\225amc\305\035\366\276\037nD\277`\210\223N\3535\033\261\304f""; ledgerHashPrevious: ""\375T\356\014\360o'\030\311-\267\031\257!\031T\006><\315XM\334\324\345\034\000\325\367\240\271\013""; networkTime: 803842726; firstSeq: 1; lastSeq: 3; ","newEvent: neACCEPTED_LEDGER; ledgerSeq: 4; ledgerHash: ""\265\024\321\362\354\211\250.\234s\225amc\305\035\366\276\037nD\277`\210\223N\3535\033\261\304f""; ledgerHashPrevious: ""\375T\356\014\360o'\030\311-\267\031\257!\031T\006><\315XM\334\324\345\034\000\325\367\240\271\013""; networkTime: 803842726; firstSeq: 1; lastSeq: 3; "
1750527526645,1750527526657,1961,1,1,4,TMStatusChange,"newEvent: neACCEPTED_LEDGER; ledgerSeq: 4; ledgerHash: ""\265\024\321\362\354\211\250.\234s\225amc\305\035\366\276\037nD\277`\210\223N\3535\033\261\304f""; ledgerHashPrevious: ""\375T\356\014\360o'\030\311-\267\031\257!\031T\006><\315XM\334\324\345\034\000\325\367\240\271\013""; networkTime: 803842726; firstSeq: 1; lastSeq: 3; ","newEvent: neACCEPTED_LEDGER; ledgerSeq: 4; ledgerHash: ""\265\024\321\362\354\211\250.\234s\225amc\305\035\366\276\037nD\277`\210\223N\3535\033\261\304f""; ledgerHashPrevious: ""\375T\356\014\360o'\030\311-\267\031\257!\031T\006><\315XM\334\324\345\034\000\325\367\240\271\013""; networkTime: 803842726; firstSeq: 1; lastSeq: 3; "
1750527526658,1750527526658,798,1,1,2,TMStatusChange,"newEvent: neACCEPTED_LEDGER; ledgerSeq: 4; ledgerHash: ""\265\024\321\362\354\211\250.\234s\225amc\305\035\366\276\037nD\277`\210\223N\3535\033\261\304f""; ledgerHashPrevious: ""\375T\356\014\360o'\030\311-\267\031\257!\031T\006><\315XM\334\324\345\034\000\325\367\240\271\013""; networkTime: 803842726; firstSeq: 1; lastSeq: 3; ","newEvent: neACCEPTED_LEDGER; ledgerSeq: 4; ledgerHash: ""\265\024\321\362\354\211\250.\234s\225amc\305\035\366\276\037nD\277`\210\223N\3535\033\261\304f""; ledgerHashPrevious: ""\375T\356\014\360o'\030\311-\267\031\257!\031T\006><\315XM\334\324\345\034\000\325\367\240\271\013""; networkTime: 803842726; firstSeq: 1; lastSeq: 3; "
1750527526658,1750527526659,3625,1,1,0,TMStatusChange,"newEvent: neACCEPTED_LEDGER; ledgerSeq: 4; ledgerHash: ""\265\024\321\362\354\211\250.\234s\225amc\305\035\366\276\037nD\277`\210\223N\3535\033\261\304f""; ledgerHashPrevious: ""\375T\356\014\360o'\030\311-\267\031\257!\031T\006><\315XM\334\324\345\034\000\325\367\240\271\013""; networkTime: 803842726; firstSeq: 1; lastSeq: 3; ","newEvent: neACCEPTED_LEDGER; ledgerSeq: 4; ledgerHash: ""\265\024\321\362\354\211\250.\234s\225amc\305\035\366\276\037nD\277`\210\223N\3535\033\261\304f""; ledgerHashPrevious: ""\375T\356\014\360o'\030\311-\267\031\257!\031T\006><\315XM\334\324\345\034\000\325\367\240\271\013""; networkTime: 803842726; firstSeq: 1; lastSeq: 3; "
1750527526661,1750527526661,2229,1,1,0,TMValidation,"validation: """"\200\000\000\001&\000\000\000\004)/\351\252\246:\303`\246;Q\203[_Q\265\024\321\362\354\211\250.\234s\225amc\305\035\366\276\037nD\277`\210\223N\3535\033\261\304fP\027\000\000\000\000\000\000\000\000\000\000\000\000\000\000\000\000\000\000\000\000\000\000\000\000\000\000\000\000\000\000\000\000P\031\375T\356\014\360o'\030\311-\267\031\257!\031T\006><\315XM\334\324\345\034\000\325\367\240\271\013s!\002\266\377\271\344:\030\221i\267\257\215\237M\014\3345f\014\273|\207\367\334\337F\325\004cxB\211LvF0D\002 \022\325\021\032Q\026\377\244\215Q\034\302\346\352\236\021\227Mc\26442\323x\300\002\376\253\351\250F4\002 &\375\210\316\367\r\326\201\335A_2\022J-\377\365\245\252\t\014j\201\305\204\014\200mK\340\236$""; ","validation: """"\200\000\000\001&\000\000\000\004)/\351\252\246:\303`\246;Q\203[_Q\265\024\321\362\354\211\250.\234s\225amc\305\035\366\276\037nD\277`\210\223N\3535\033\261\304fP\027\000\000\000\000\000\000\000\000\000\000\000\000\000\000\000\000\000\000\000\000\000\000\000\000\000\000\000\000\000\000\000\000P\031\375T\356\014\360o'\030\311-\267\031\257!\031T\006><\315XM\334\324\345\034\000\325\367\240\271\013s!\002\266\377\271\344:\030\221i\267\257\215\237M\014\3345f\014\273|\207\367\334\337F\325\004cxB\211LvF0D\002 \022\325\021\032Q\026\377\244\215Q\034\302\346\352\236\021\227Mc\26442\323x\300\002\376\253\351\250F4\002 &\375\210\316\367\r\326\201\335A_2\022J-\377\365\245\252\t\014j\201\305\204\014\200mK\340\236$""; "
1750527526679,1750527526679,2463,1,4,1,TMTransaction,"rawTransaction: ""\022\000\000""\000\000\000\000$\000\000\000\003 \033\000\000\000\027a@\000\000\027H\206*@h@\000\000\000\000\000\000\ns!\0030\347\374\235V\273%\326\211;\243\363\027\256[\3173\263)\033\326=\263&T\243\023""/\177\320 tG0E\002!\000\331\256\320+2\242\010\n\376|\305\276\364R\036\255\251\372V7\276D\204\246\023\3070`Y\206o\250\002 o\311\353;\rUO\277\031IF\305E\240\377\021\246fr\335i\217\226=$\351rP\274VM\327\201\024\265\367by\212S\325C\240\024\312\370\262\227\317\370\362\3717\350\203\024\3177\2633\3425H\2210g]\027\350~`\267{\247\373\332""; status: tsCURRENT; receiveTimestamp: 803842726; deferred: false; ","rawTransaction: ""\022\000\000""\000\000\000\000$\000\000\000\003 \033\000\000\000\027a@\000\000\027H\206*@h@\000\000\000\000\000\000\ns!\0030\347\374\235V\273%\326\211;\243\363\027\256[\3173\263)\033\326=\263&T\243\023""/\177\320 tG0E\002!\000\331\256\320+2\242\010\n\376|\305\276\364R\036\255\251\372V7\276D\204\246\023\3070`Y\206o\250\002 o\311\353;\rUO\277\031IF\305E\240\377\021\246fr\335i\217\226=$\351rP\274VM\327\201\024\265\367by\212S\325C\240\024\312\370\262\227\317\370\362\3717\350\203\024\3177\2633\3425H\2210g]\027\350~`\267{\247\373\332""; status: tsCURRENT; receiveTimestamp: 803842726; deferred: false; "
1750527526679,1750527526680,3755,1,4,2,TMTransaction,"rawTransaction: ""\022\000\000""\000\000\000\000$\000\000\000\003 \033\000\000\000\027a@\000\000\027H\206*@h@\000\000\000\000\000\000\ns!\0030\347\374\235V\273%\326\211;\243\363\027\256[\3173\263)\033\326=\263&T\243\023""/\177\320 tG0E\002!\000\331\256\320+2\242\010\n\376|\305\276\364R\036\255\251\372V7\276D\204\246\023\3070`Y\206o\250\002 o\311\353;\rUO\277\031IF\305E\240\377\021\246fr\335i\217\226=$\351rP\274VM\327\201\024\265\367by\212S\325C\240\024\312\370\262\227\317\370\362\3717\350\203\024\3177\2633\3425H\2210g]\027\350~`\267{\247\373\332""; status: tsCURRENT; receiveTimestamp: 803842726; deferred: false; ","rawTransaction: ""\022\000\000""\000\000\000\000$\000\000\000\003 \033\000\000\000\027a@\000\000\027H\206*@h@\000\000\000\000\000\000\ns!\0030\347\374\235V\273%\326\211;\243\363\027\256[\3173\263)\033\326=\263&T\243\023""/\177\320 tG0E\002!\000\331\256\320+2\242\010\n\376|\305\276\364R\036\255\251\372V7\276D\204\246\023\3070`Y\206o\250\002 o\311\353;\rUO\277\031IF\305E\240\377\021\246fr\335i\217\226=$\351rP\274VM\327\201\024\265\367by\212S\325C\240\024\312\370\262\227\317\370\362\3717\350\203\024\3177\2633\3425H\2210g]\027\350~`\267{\247\373\332""; status: tsCURRENT; receiveTimestamp: 803842726; deferred: false; "
1750527526679,1750527526680,897,1,4,0,TMTransaction,"rawTransaction: ""\022\000\000""\000\000\000\000$\000\000\000\003 \033\000\000\000\027a@\000\000\027H\206*@h@\000\000\000\000\000\000\ns!\0030\347\374\235V\273%\326\211;\243\363\027\256[\3173\263)\033\326=\263&T\243\023""/\177\320 tG0E\002!\000\331\256\320+2\242\010\n\376|\305\276\364R\036\255\251\372V7\276D\204\246\023\3070`Y\206o\250\002 o\311\353;\rUO\277\031IF\305E\240\377\021\246fr\335i\217\226=$\351rP\274VM\327\201\024\265\367by\212S\325C\240\024\312\370\262\227\317\370\362\3717\350\203\024\3177\2633\3425H\2210g]\027\350~`\267{\247\373\332""; status: tsCURRENT; receiveTimestamp: 803842726; deferred: false; ","rawTransaction: ""\022\000\000""\000\000\000\000$\000\000\000\003 \033\000\000\000\027a@\000\000\027H\206*@h@\000\000\000\000\000\000\ns!\0030\347\374\235V\273%\326\211;\243\363\027\256[\3173\263)\033\326=\263&T\243\023""/\177\320 tG0E\002!\000\331\256\320+2\242\010\n\376|\305\276\364R\036\255\251\372V7\276D\204\246\023\3070`Y\206o\250\002 o\311\353;\rUO\277\031IF\305E\240\377\021\246fr\335i\217\226=$\351rP\274VM\327\201\024\265\367by\212S\325C\240\024\312\370\262\227\317\370\362\3717\350\203\024\3177\2633\3425H\2210g]\027\350~`\267{\247\373\332""; status: tsCURRENT; receiveTimestamp: 803842726; deferred: false; "
1750527526686,1750527526686,1813,1,3,1,TMLedgerData,"ledgerHash: ""\375T\356\014\360o'\030\311-\267\031\257!\031T\006><\315XM\334\324\345\034\000\325\367\240\271\013""; ledgerSeq: 3; type: liBASE; nodes {;   nodedata: ""\000\000\000\003\001cEx]\212\000\000\032Yt\320\244{g\0306\\302\303*\341\215\223\257\364\277o\375\000r\241SOq\221\253\262\005\017\000\000\000\000\000\000\000\000\000\000\000\000\000\000\000\000\000\000\000\000\000\000\000\000\000\000\000\000\000\000\000\000^\224\235@e\305\010\377I\344V\336m9M&\305IS!2b\256OD\367\342rc\237\367\347/\351\252\214/\351\252\240\n\000""; }; nodes {;   nodedata: ""\303\016\021\310<Z\337\266>\225@&n\022\246\274\353\220\345b3\035\313\350L\354\254\002\005\305\035\017\002E\344\037@\210\363\010\336T\226\247'\204_{\261\370""1\235\2445\343\033Y!\212\201\341\272\225'\007\310\323U\362\3613h\004K8\r\240\356I\366\371m,\356\000\234)\351\336;\274o#\264\364\354B\013\003""; }; ","ledgerHash: ""\375T\356\014\360o'\030\311-\267\031\257!\031T\006><\315XM\334\324\345\034\000\325\367\240\271\013""; ledgerSeq: 3; type: liBASE; nodes {;   nodedata: ""\000\000\000\003\001cEx]\212\000\000\032Yt\320\244{g\0306\\302\303*\341\215\223\257\364\277o\375\000r\241SOq\221\253\262\005\017\000\000\000\000\000\000\000\000\000\000\000\000\000\000\000\000\000\000\000\000\000\000\000\000\000\000\000\000\000\000\000\000^\224\235@e\305\010\377I\344V\336m9M&\305IS!2b\256OD\367\342rc\237\367\347/\351\252\214/\351\252\240\n\000""; }; nodes {;   nodedata: ""\303\016\021\310<Z\337\266>\225@&n\022\246\274\353\220\345b3\035\313\350L\354\254\002\005\305\035\017\002E\344\037@\210\363\010\336T\226\247'\204_{\261\370""1\235\2445\343\033Y!\212\201\341\272\225'\007\310\323U\362\3613h\004K8\r\240\356I\366\371m,\356\000\234)\351\336;\274o#\264\364\354B\013\003""; }; "
1750527526687,1750527526687,1813,1,3,1,TMLedgerData,"ledgerHash: ""\375T\356\014\360o'\030\311-\267\031\257!\031T\006><\315XM\334\324\345\034\000\325\367\240\271\013""; ledgerSeq: 3; type: liBASE; nodes {;   nodedata: ""\000\000\000\003\001cEx]\212\000\000\032Yt\320\244{g\0306\\302\303*\341\215\223\257\364\277o\375\000r\241SOq\221\253\262\005\017\000\000\000\000\000\000\000\000\000\000\000\000\000\000\000\000\000\000\000\000\000\000\000\000\000\000\000\000\000\000\000\000^\224\235@e\305\010\377I\344V\336m9M&\305IS!2b\256OD\367\342rc\237\367\347/\351\252\214/\351\252\240\n\000""; }; nodes {;   nodedata: ""\303\016\021\310<Z\337\266>\225@&n\022\246\274\353\220\345b3\035\313\350L\354\254\002\005\305\035\017\002E\344\037@\210\363\010\336T\226\247'\204_{\261\370""1\235\2445\343\033Y!\212\201\341\272\225'\007\310\323U\362\3613h\004K8\r\240\356I\366\371m,\356\000\234)\351\336;\274o#\264\364\354B\013\003""; }; ","ledgerHash: ""\375T\356\014\360o'\030\311-\267\031\257!\031T\006><\315XM\334\324\345\034\000\325\367\240\271\013""; ledgerSeq: 3; type: liBASE; nodes {;   nodedata: ""\000\000\000\003\001cEx]\212\000\000\032Yt\320\244{g\0306\\302\303*\341\215\223\257\364\277o\375\000r\241SOq\221\253\262\005\017\000\000\000\000\000\000\000\000\000\000\000\000\000\000\000\000\000\000\000\000\000\000\000\000\000\000\000\000\000\000\000\000^\224\235@e\305\010\377I\344V\336m9M&\305IS!2b\256OD\367\342rc\237\367\347/\351\252\214/\351\252\240\n\000""; }; nodes {;   nodedata: ""\303\016\021\310<Z\337\266>\225@&n\022\246\274\353\220\345b3\035\313\350L\354\254\002\005\305\035\017\002E\344\037@\210\363\010\336T\226\247'\204_{\261\370""1\235\2445\343\033Y!\212\201\341\272\225'\007\310\323U\362\3613h\004K8\r\240\356I\366\371m,\356\000\234)\351\336;\274o#\264\364\354B\013\003""; }; "
1750527526727,1750527526728,1144,1,4,1,TMLedgerData,"ledgerHash: ""\375T\356\014\360o'\030\311-\267\031\257!\031T\006><\315XM\334\324\345\034\000\325\367\240\271\013""; ledgerSeq: 3; type: liBASE; nodes {;   nodedata: ""\000\000\000\003\001cEx]\212\000\000\032Yt\320\244{g\0306\\302\303*\341\215\223\257\364\277o\375\000r\241SOq\221\253\262\005\017\000\000\000\000\000\000\000\000\000\000\000\000\000\000\000\000\000\000\000\000\000\000\000\000\000\000\000\000\000\000\000\000^\224\235@e\305\010\377I\344V\336m9M&\305IS!2b\256OD\367\342rc\237\367\347/\351\252\214/\351\252\240\n\000""; }; nodes {;   nodedata: ""\303\016\021\310<Z\337\266>\225@&n\022\246\274\353\220\345b3\035\313\350L\354\254\002\005\305\035\017\002E\344\037@\210\363\010\336T\226\247'\204_{\261\370""1\235\2445\343\033Y!\212\201\341\272\225'\007\310\323U\362\3613h\004K8\r\240\356I\366\371m,\356\000\234)\351\336;\274o#\264\364\354B\013\003""; }; ","ledgerHash: ""\375T\356\014\360o'\030\311-\267\031\257!\031T\006><\315XM\334\324\345\034\000\325\367\240\271\013""; ledgerSeq: 3; type: liBASE; nodes {;   nodedata: ""\000\000\000\003\001cEx]\212\000\000\032Yt\320\244{g\0306\\302\303*\341\215\223\257\364\277o\375\000r\241SOq\221\253\262\005\017\000\000\000\000\000\000\000\000\000\000\000\000\000\000\000\000\000\000\000\000\000\000\000\000\000\000\000\000\000\000\000\000^\224\235@e\305\010\377I\344V\336m9M&\305IS!2b\256OD\367\342rc\237\367\347/\351\252\214/\351\252\240\n\000""; }; nodes {;   nodedata: ""\303\016\021\310<Z\337\266>\225@&n\022\246\274\353\220\345b3\035\313\350L\354\254\002\005\305\035\017\002E\344\037@\210\363\010\336T\226\247'\204_{\261\370""1\235\2445\343\033Y!\212\201\341\272\225'\007\310\323U\362\3613h\004K8\r\240\356I\366\371m,\356\000\234)\351\336;\274o#\264\364\354B\013\003""; }; "
1750527526729,1750527526729,3746,1,1,4,TMValidation,"validation: """"\200\000\000\001&\000\000\000\004)/\351\252\245:\r\302\353\023?\373\240rQ\265\024\321\362\354\211\250.\234s\225amc\305\035\366\276\037nD\277`\210\223N\3535\033\261\304fP\027\000\000\000\000\000\000\000\000\000\000\000\000\000\000\000\000\000\000\000\000\000\000\000\000\000\000\000\000\000\000\000\000P\031\375T\356\014\360o'\030\311-\267\031\257!\031T\006><\315XM\334\324\345\034\000\325\367\240\271\013s!\003R7o\362bV\300hf\266\241;}\200^\374\240\203[:\342Q\225\221\027y\372\255\235\216\323~vG0E\002!\000\322\230E\306\rV \254\035C\002&\211\331\373\344""\026\267T[\243\002r\345\204_)8\344\216\235\002 !b\300\322b\261\027\0138\244\014B!\306\366\271\272\330\021\333\213\324\233\177\367\336{O\253\373\241\304""; ","validation: """"\200\000\000\001&\000\000\000\004)/\351\252\245:\r\302\353\023?\373\240rQ\265\024\321\362\354\211\250.\234s\225amc\305\035\366\276\037nD\277`\210\223N\3535\033\261\304fP\027\000\000\000\000\000\000\000\000\000\000\000\000\000\000\000\000\000\000\000\000\000\000\000\000\000\000\000\000\000\000\000\000P\031\375T\356\014\360o'\030\311-\267\031\257!\031T\006><\315XM\334\324\345\034\000\325\367\240\271\013s!\003R7o\362bV\300hf\266\241;}\200^\374\240\203[:\342Q\225\221\027y\372\255\235\216\323~vG0E\002!\000\322\230E\306\rV \254\035C\002&\211\331\373\344""\026\267T[\243\002r\345\204_)8\344\216\235\002 !b\300\322b\261\027\0138\244\014B!\306\366\271\272\330\021\333\213\324\233\177\367\336{O\253\373\241\304""; "
1750527526729,1750527526729,2229,1,1,0,TMValidation,"validation: """"\200\000\000\001&\000\000\000\004)/\351\252\245:\r\302\353\023?\373\240rQ\265\024\321\362\354\211\250.\234s\225amc\305\035\366\276\037nD\277`\210\223N\3535\033\261\304fP\027\000\000\000\000\000\000\000\000\000\000\000\000\000\000\000\000\000\000\000\000\000\000\000\000\000\000\000\000\000\000\000\000P\031\375T\356\014\360o'\030\311-\267\031\257!\031T\006><\315XM\334\324\345\034\000\325\367\240\271\013s!\003R7o\362bV\300hf\266\241;}\200^\374\240\203[:\342Q\225\221\027y\372\255\235\216\323~vG0E\002!\000\322\230E\306\rV \254\035C\002&\211\331\373\344""\026\267T[\243\002r\345\204_)8\344\216\235\002 !b\300\322b\261\027\0138\244\014B!\306\366\271\272\330\021\333\213\324\233\177\367\336{O\253\373\241\304""; ","validation: """"\200\000\000\001&\000\000\000\004)/\351\252\245:\r\302\353\023?\373\240rQ\265\024\321\362\354\211\250.\234s\225amc\305\035\366\276\037nD\277`\210\223N\3535\033\261\304fP\027\000\000\000\000\000\000\000\000\000\000\000\000\000\000\000\000\000\000\000\000\000\000\000\000\000\000\000\000\000\000\000\000P\031\375T\356\014\360o'\030\311-\267\031\257!\031T\006><\315XM\334\324\345\034\000\325\367\240\271\013s!\003R7o\362bV\300hf\266\241;}\200^\374\240\203[:\342Q\225\221\027y\372\255\235\216\323~vG0E\002!\000\322\230E\306\rV \254\035C\002&\211\331\373\344""\026\267T[\243\002r\345\204_)8\344\216\235\002 !b\300\322b\261\027\0138\244\014B!\306\366\271\272\330\021\333\213\324\233\177\367\336{O\253\373\241\304""; "
1750527526729,1750527526729,1311,1,1,3,TMValidation,"validation: """"\200\000\000\001&\000\000\000\004)/\351\252\245:\r\302\353\023?\373\240rQ\265\024\321\362\354\211\250.\234s\225amc\305\035\366\276\037nD\277`\210\223N\3535\033\261\304fP\027\000\000\000\000\000\000\000\000\000\000\000\000\000\000\000\000\000\000\000\000\000\000\000\000\000\000\000\000\000\000\000\000P\031\375T\356\014\360o'\030\311-\267\031\257!\031T\006><\315XM\334\324\345\034\000\325\367\240\271\013s!\003R7o\362bV\300hf\266\241;}\200^\374\240\203[:\342Q\225\221\027y\372\255\235\216\323~vG0E\002!\000\322\230E\306\rV \254\035C\002&\211\331\373\344""\026\267T[\243\002r\345\204_)8\344\216\235\002 !b\300\322b\261\027\0138\244\014B!\306\366\271\272\330\021\333\213\324\233\177\367\336{O\253\373\241\304""; ","validation: """"\200\000\000\001&\000\000\000\004)/\351\252\245:\r\302\353\023?\373\240rQ\265\024\321\362\354\211\250.\234s\225amc\305\035\366\276\037nD\277`\210\223N\3535\033\261\304fP\027\000\000\000\000\000\000\000\000\000\000\000\000\000\000\000\000\000\000\000\000\000\000\000\000\000\000\000\000\000\000\000\000P\031\375T\356\014\360o'\030\311-\267\031\257!\031T\006><\315XM\334\324\345\034\000\325\367\240\271\013s!\003R7o\362bV\300hf\266\241;}\200^\374\240\203[:\342Q\225\221\027y\372\255\235\216\323~vG0E\002!\000\322\230E\306\rV \254\035C\002&\211\331\373\344""\026\267T[\243\002r\345\204_)8\344\216\235\002 !b\300\322b\261\027\0138\244\014B!\306\366\271\272\330\021\333\213\324\233\177\367\336{O\253\373\241\304""; "
1750527526774,1750527526774,1144,1,4,1,TMLedgerData,"ledgerHash: ""\375T\356\014\360o'\030\311-\267\031\257!\031T\006><\315XM\334\324\345\034\000\325\367\240\271\013""; ledgerSeq: 3; type: liBASE; nodes {;   nodedata: ""\000\000\000\003\001cEx]\212\000\000\032Yt\320\244{g\0306\\302\303*\341\215\223\257\364\277o\375\000r\241SOq\221\253\262\005\017\000\000\000\000\000\000\000\000\000\000\000\000\000\000\000\000\000\000\000\000\000\000\000\000\000\000\000\000\000\000\000\000^\224\235@e\305\010\377I\344V\336m9M&\305IS!2b\256OD\367\342rc\237\367\347/\351\252\214/\351\252\240\n\000""; }; nodes {;   nodedata: ""\303\016\021\310<Z\337\266>\225@&n\022\246\274\353\220\345b3\035\313\350L\354\254\002\005\305\035\017\002E\344\037@\210\363\010\336T\226\247'\204_{\261\370""1\235\2445\343\033Y!\212\201\341\272\225'\007\310\323U\362\3613h\004K8\r\240\356I\366\371m,\356\000\234)\351\336;\274o#\264\364\354B\013\003""; }; ","ledgerHash: ""\375T\356\014\360o'\030\311-\267\031\257!\031T\006><\315XM\334\324\345\034\000\325\367\240\271\013""; ledgerSeq: 3; type: liBASE; nodes {;   nodedata: ""\000\000\000\003\001cEx]\212\000\000\032Yt\320\244{g\0306\\302\303*\341\215\223\257\364\277o\375\000r\241SOq\221\253\262\005\017\000\000\000\000\000\000\000\000\000\000\000\000\000\000\000\000\000\000\000\000\000\000\000\000\000\000\000\000\000\000\000\000^\224\235@e\305\010\377I\344V\336m9M&\305IS!2b\256OD\367\342rc\237\367\347/\351\252\214/\351\252\240\n\000""; }; nodes {;   nodedata: ""\303\016\021\310<Z\337\266>\225@&n\022\246\274\353\220\345b3\035\313\350L\354\254\002\005\305\035\017\002E\344\037@\210\363\010\336T\226\247'\204_{\261\370""1\235\2445\343\033Y!\212\201\341\272\225'\007\310\323U\362\3613h\004K8\r\240\356I\366\371m,\356\000\234)\351\336;\274o#\264\364\354B\013\003""; }; "
1750527526807,1750527526807,3443,1,0,3,TMTransaction,"rawTransaction: ""\022\000\000""\000\000\000\000$\000\000\000\002 \033\000\000\000\027a@\000\000\027H\206*@h@\000\000\000\000\000\000\ns!\0030\347\374\235V\273%\326\211;\243\363\027\256[\3173\263)\033\326=\263&T\243\023""/\177\320 tF0D\002 S\026@\225q\347\022\260\035q\327[\301ar\247\267B\201\332C@\362\033\240\313&<\266\304R\026\002 \010e\230\016\3404DZSA{#A2\271\232)\274\225\016i\237TS\254\264\227\302J~\216X\201\024\265\367by\212S\325C\240\024\312\370\262\227\317\370\362\3717\350\203\024\272\177ez`?~\240\022\321\013D\240\325V\364\241\375\n@""; status: tsCURRENT; receiveTimestamp: 803842726; deferred: false; ","rawTransaction: ""\022\000\000""\000\000\000\000$\000\000\000\002 \033\000\000\000\027a@\000\000\027H\206*@h@\000\000\000\000\000\000\ns!\0030\347\374\235V\273%\326\211;\243\363\027\256[\3173\263)\033\326=\263&T\243\023""/\177\320 tF0D\002 S\026@\225q\347\022\260\035q\327[\301ar\247\267B\201\332C@\362\033\240\313&<\266\304R\026\002 \010e\230\016\3404DZSA{#A2\271\232)\274\225\016i\237TS\254\264\227\302J~\216X\201\024\265\367by\212S\325C\240\024\312\370\262\227\317\370\362\3717\350\203\024\272\177ez`?~\240\022\321\013D\240\325V\364\241\375\n@""; status: tsCURRENT; receiveTimestamp: 803842726; deferred: false; "
1750527526807,1750527526807,541,1,0,2,TMTransaction,"rawTransaction: ""\022\000\000""\000\000\000\000$\000\000\000\002 \033\000\000\000\027a@\000\000\027H\206*@h@\000\000\000\000\000\000\ns!\0030\347\374\235V\273%\326\211;\243\363\027\256[\3173\263)\033\326=\263&T\243\023""/\177\320 tF0D\002 S\026@\225q\347\022\260\035q\327[\301ar\247\267B\201\332C@\362\033\240\313&<\266\304R\026\002 \010e\230\016\3404DZSA{#A2\271\232)\274\225\016i\237TS\254\264\227\302J~\216X\201\024\265\367by\212S\325C\240\024\312\370\262\227\317\370\362\3717\350\203\024\272\177ez`?~\240\022\321\013D\240\325V\364\241\375\n@""; status: tsCURRENT; receiveTimestamp: 803842726; deferred: false; ","rawTransaction: ""\022\000\000""\000\000\000\000$\000\000\000\002 \033\000\000\000\027a@\000\000\027H\206*@h@\000\000\000\000\000\000\ns!\0030\347\374\235V\273%\326\211;\243\363\027\256[\3173\263)\033\326=\263&T\243\023""/\177\320 tF0D\002 S\026@\225q\347\022\260\035q\327[\301ar\247\267B\201\332C@\362\033\240\313&<\266\304R\026\002 \010e\230\016\3404DZSA{#A2\271\232)\274\225\016i\237TS\254\264\227\302J~\216X\201\024\265\367by\212S\325C\240\024\312\370\262\227\317\370\362\3717\350\203\024\272\177ez`?~\240\022\321\013D\240\325V\364\241\375\n@""; status: tsCURRENT; receiveTimestamp: 803842726; deferred: false; "
1750527526807,1750527526808,1617,1,0,1,TMTransaction,"rawTransaction: ""\022\000\000""\000\000\000\000$\000\000\000\002 \033\000\000\000\027a@\000\000\027H\206*@h@\000\000\000\000\000\000\ns!\0030\347\374\235V\273%\326\211;\243\363\027\256[\3173\263)\033\326=\263&T\243\023""/\177\320 tF0D\002 S\026@\225q\347\022\260\035q\327[\301ar\247\267B\201\332C@\362\033\240\313&<\266\304R\026\002 \010e\230\016\3404DZSA{#A2\271\232)\274\225\016i\237TS\254\264\227\302J~\216X\201\024\265\367by\212S\325C\240\024\312\370\262\227\317\370\362\3717\350\203\024\272\177ez`?~\240\022\321\013D\240\325V\364\241\375\n@""; status: tsCURRENT; receiveTimestamp: 803842726; deferred: false; ","rawTransaction: ""\022\000\000""\000\000\000\000$\000\000\000\002 \033\000\000\000\027a@\000\000\027H\206*@h@\000\000\000\000\000\000\ns!\0030\347\374\235V\273%\326\211;\243\363\027\256[\3173\263)\033\326=\263&T\243\023""/\177\320 tF0D\002 S\026@\225q\347\022\260\035q\327[\301ar\247\267B\201\332C@\362\033\240\313&<\266\304R\026\002 \010e\230\016\3404DZSA{#A2\271\232)\274\225\016i\237TS\254\264\227\302J~\216X\201\024\265\367by\212S\325C\240\024\312\370\262\227\317\370\362\3717\350\203\024\272\177ez`?~\240\022\321\013D\240\325V\364\241\375\n@""; status: tsCURRENT; receiveTimestamp: 803842726; deferred: false; "
1750527526837,1750527526837,2261,1,0,1,TMValidation,"validation: """"\200\000\000\001&\000\000\000\004)/\351\252\245:\r\302\353\023?\373\240rQ\265\024\321\362\354\211\250.\234s\225amc\305\035\366\276\037nD\277`\210\223N\3535\033\261\304fP\027\000\000\000\000\000\000\000\000\000\000\000\000\000\000\000\000\000\000\000\000\000\000\000\000\000\000\000\000\000\000\000\000P\031\375T\356\014\360o'\030\311-\267\031\257!\031T\006><\315XM\334\324\345\034\000\325\367\240\271\013s!\003R7o\362bV\300hf\266\241;}\200^\374\240\203[:\342Q\225\221\027y\372\255\235\216\323~vG0E\002!\000\322\230E\306\rV \254\035C\002&\211\331\373\344""\026\267T[\243\002r\345\204_)8\344\216\235\002 !b\300\322b\261\027\0138\244\014B!\306\366\271\272\330\021\333\213\324\233\177\367\336{O\253\373\241\304""; ","validation: """"\200\000\000\001&\000\000\000\004)/\351\252\245:\r\302\353\023?\373\240rQ\265\024\321\362\354\211\250.\234s\225amc\305\035\366\276\037nD\277`\210\223N\3535\033\261\304fP\027\000\000\000\000\000\000\000\000\000\000\000\000\000\000\000\000\000\000\000\000\000\000\000\000\000\000\000\000\000\000\000\000P\031\375T\356\014\360o'\030\311-\267\031\257!\031T\006><\315XM\334\324\345\034\000\325\367\240\271\013s!\003R7o\362bV\300hf\266\241;}\200^\374\240\203[:\342Q\225\221\027y\372\255\235\216\323~vG0E\002!\000\322\230E\306\rV \254\035C\002&\211\331\373\344""\026\267T[\243\002r\345\204_)8\344\216\235\002 !b\300\322b\261\027\0138\244\014B!\306\366\271\272\330\021\333\213\324\233\177\367\336{O\253\373\241\304""; "
1750527526838,1750527526838,782,1,0,4,TMValidation,"validation: """"\200\000\000\001&\000\000\000\004)/\351\252\245:\r\302\353\023?\373\240rQ\265\024\321\362\354\211\250.\234s\225amc\305\035\366\276\037nD\277`\210\223N\3535\033\261\304fP\027\000\000\000\000\000\000\000\000\000\000\000\000\000\000\000\000\000\000\000\000\000\000\000\000\000\000\000\000\000\000\000\000P\031\375T\356\014\360o'\030\311-\267\031\257!\031T\006><\315XM\334\324\345\034\000\325\367\240\271\013s!\003R7o\362bV\300hf\266\241;}\200^\374\240\203[:\342Q\225\221\027y\372\255\235\216\323~vG0E\002!\000\322\230E\306\rV \254\035C\002&\211\331\373\344""\026\267T[\243\002r\345\204_)8\344\216\235\002 !b\300\322b\261\027\0138\244\014B!\306\366\271\272\330\021\333\213\324\233\177\367\336{O\253\373\241\304""; ","validation: """"\200\000\000\001&\000\000\000\004)/\351\252\245:\r\302\353\023?\373\240rQ\265\024\321\362\354\211\250.\234s\225amc\305\035\366\276\037nD\277`\210\223N\3535\033\261\304fP\027\000\000\000\000\000\000\000\000\000\000\000\000\000\000\000\000\000\000\000\000\000\000\000\000\000\000\000\000\000\000\000\000P\031\375T\356\014\360o'\030\311-\267\031\257!\031T\006><\315XM\334\324\345\034\000\325\367\240\271\013s!\003R7o\362bV\300hf\266\241;}\200^\374\240\203[:\342Q\225\221\027y\372\255\235\216\323~vG0E\002!\000\322\230E\306\rV \254\035C\002&\211\331\373\344""\026\267T[\243\002r\345\204_)8\344\216\235\002 !b\300\322b\261\027\0138\244\014B!\306\366\271\272\330\021\333\213\324\233\177\367\336{O\253\373\241\304""; "
1750527526837,1750527526837,3422,1,0,3,TMValidation,"validation: """"\200\000\000\001&\000\000\000\004)/\351\252\245:\r\302\353\023?\373\240rQ\265\024\321\362\354\211\250.\234s\225amc\305\035\366\276\037nD\277`\210\223N\3535\033\261\304fP\027\000\000\000\000\000\000\000\000\000\000\000\000\000\000\000\000\000\000\000\000\000\000\000\000\000\000\000\000\000\000\000\000P\031\375T\356\014\360o'\030\311-\267\031\257!\031T\006><\315XM\334\324\345\034\000\325\367\240\271\013s!\003R7o\362bV\300hf\266\241;}\200^\374\240\203[:\342Q\225\221\027y\372\255\235\216\323~vG0E\002!\000\322\230E\306\rV \254\035C\002&\211\331\373\344""\026\267T[\243\002r\345\204_)8\344\216\235\002 !b\300\322b\261\027\0138\244\014B!\306\366\271\272\330\021\333\213\324\233\177\367\336{O\253\373\241\304""; ","validation: """"\200\000\000\001&\000\000\000\004)/\351\252\245:\r\302\353\023?\373\240rQ\265\024\321\362\354\211\250.\234s\225amc\305\035\366\276\037nD\277`\210\223N\3535\033\261\304fP\027\000\000\000\000\000\000\000\000\000\000\000\000\000\000\000\000\000\000\000\000\000\000\000\000\000\000\000\000\000\000\000\000P\031\375T\356\014\360o'\030\311-\267\031\257!\031T\006><\315XM\334\324\345\034\000\325\367\240\271\013s!\003R7o\362bV\300hf\266\241;}\200^\374\240\203[:\342Q\225\221\027y\372\255\235\216\323~vG0E\002!\000\322\230E\306\rV \254\035C\002&\211\331\373\344""\026\267T[\243\002r\345\204_)8\344\216\235\002 !b\300\322b\261\027\0138\244\014B!\306\366\271\272\330\021\333\213\324\233\177\367\336{O\253\373\241\304""; "
1750527526883,1750527526883,2794,1,3,2,TMGetLedger,"itype: liTS_CANDIDATE; ledgerHash: ""\310\200l\322\255\214\342'\243\202\375k%_\335\032N\021G\005\230\271\366~%e\366\202l^\rR""; nodeIDs: ""\000\000\000\000\000\000\000\000\000\000\000\000\000\000\000\000\000\000\000\000\000\000\000\000\000\000\000\000\000\000\000\000\000""; queryType: qtINDIRECT; queryDepth: 3; ","itype: liTS_CANDIDATE; ledgerHash: ""\310\200l\322\255\214\342'\243\202\375k%_\335\032N\021G\005\230\271\366~%e\366\202l^\rR""; nodeIDs: ""\000\000\000\000\000\000\000\000\000\000\000\000\000\000\000\000\000\000\000\000\000\000\000\000\000\000\000\000\000\000\000\000\000""; queryType: qtINDIRECT; queryDepth: 3; "
1750527526923,1750527526924,1311,1,1,3,TMValidation,"validation: """"\200\000\000\001&\000\000\000\004)/\351\252\246:g\237X\336\3531\020\010Q\265\024\321\362\354\211\250.\234s\225amc\305\035\366\276\037nD\277`\210\223N\3535\033\261\304fP\027\000\000\000\000\000\000\000\000\000\000\000\000\000\000\000\000\000\000\000\000\000\000\000\000\000\000\000\000\000\000\000\000P\031\375T\356\014\360o'\030\311-\267\031\257!\031T\006><\315XM\334\324\345\034\000\325\367\240\271\013s!\003\255\225A\213\332\224ehh\024BDq\224\250\335`\355\353{\357\266\335<\021\032\265\177\206\356&\215vG0E\002!\000\237\235xP\204\340R\373\203#\216\251\224q\227f>\241\206:)\353\372bT\253H\231\010\211\031\030\002 ]C\222\204S\376\200\334\362\341\233x\005^;C\346t\331\343\022\025\032K\3027\242S\223qZ%""; ","validation: """"\200\000\000\001&\000\000\000\004)/\351\252\246:g\237X\336\3531\020\010Q\265\024\321\362\354\211\250.\234s\225amc\305\035\366\276\037nD\277`\210\223N\3535\033\261\304fP\027\000\000\000\000\000\000\000\000\000\000\000\000\000\000\000\000\000\000\000\000\000\000\000\000\000\000\000\000\000\000\000\000P\031\375T\356\014\360o'\030\311-\267\031\257!\031T\006><\315XM\334\324\345\034\000\325\367\240\271\013s!\003\255\225A\213\332\224ehh\024BDq\224\250\335`\355\353{\357\266\335<\021\032\265\177\206\356&\215vG0E\002!\000\237\235xP\204\340R\373\203#\216\251\224q\227f>\241\206:)\353\372bT\253H\231\010\211\031\030\002 ]C\222\204S\376\200\334\362\341\233x\005^;C\346t\331\343\022\025\032K\3027\242S\223qZ%""; "
1750527526924,1750527526925,3746,1,1,4,TMValidation,"validation: """"\200\000\000\001&\000\000\000\004)/\351\252\246:g\237X\336\3531\020\010Q\265\024\321\362\354\211\250.\234s\225amc\305\035\366\276\037nD\277`\210\223N\3535\033\261\304fP\027\000\000\000\000\000\000\000\000\000\000\000\000\000\000\000\000\000\000\000\000\000\000\000\000\000\000\000\000\000\000\000\000P\031\375T\356\014\360o'\030\311-\267\031\257!\031T\006><\315XM\334\324\345\034\000\325\367\240\271\013s!\003\255\225A\213\332\224ehh\024BDq\224\250\335`\355\353{\357\266\335<\021\032\265\177\206\356&\215vG0E\002!\000\237\235xP\204\340R\373\203#\216\251\224q\227f>\241\206:)\353\372bT\253H\231\010\211\031\030\002 ]C\222\204S\376\200\334\362\341\233x\005^;C\346t\331\343\022\025\032K\3027\242S\223qZ%""; ","validation: """"\200\000\000\001&\000\000\000\004)/\351\252\246:g\237X\336\3531\020\010Q\265\024\321\362\354\211\250.\234s\225amc\305\035\366\276\037nD\277`\210\223N\3535\033\261\304fP\027\000\000\000\000\000\000\000\000\000\000\000\000\000\000\000\000\000\000\000\000\000\000\000\000\000\000\000\000\000\000\000\000P\031\375T\356\014\360o'\030\311-\267\031\257!\031T\006><\315XM\334\324\345\034\000\325\367\240\271\013s!\003\255\225A\213\332\224ehh\024BDq\224\250\335`\355\353{\357\266\335<\021\032\265\177\206\356&\215vG0E\002!\000\237\235xP\204\340R\373\203#\216\251\224q\227f>\241\206:)\353\372bT\253H\231\010\211\031\030\002 ]C\222\204S\376\200\334\362\341\233x\005^;C\346t\331\343\022\025\032K\3027\242S\223qZ%""; "
1750527526925,1750527526925,2229,1,1,0,TMValidation,"validation: """"\200\000\000\001&\000\000\000\004)/\351\252\246:g\237X\336\3531\020\010Q\265\024\321\362\354\211\250.\234s\225amc\305\035\366\276\037nD\277`\210\223N\3535\033\261\304fP\027\000\000\000\000\000\000\000\000\000\000\000\000\000\000\000\000\000\000\000\000\000\000\000\000\000\000\000\000\000\000\000\000P\031\375T\356\014\360o'\030\311-\267\031\257!\031T\006><\315XM\334\324\345\034\000\325\367\240\271\013s!\003\255\225A\213\332\224ehh\024BDq\224\250\335`\355\353{\357\266\335<\021\032\265\177\206\356&\215vG0E\002!\000\237\235xP\204\340R\373\203#\216\251\224q\227f>\241\206:)\353\372bT\253H\231\010\211\031\030\002 ]C\222\204S\376\200\334\362\341\233x\005^;C\346t\331\343\022\025\032K\3027\242S\223qZ%""; ","validation: """"\200\000\000\001&\000\000\000\004)/\351\252\246:g\237X\336\3531\020\010Q\265\024\321\362\354\211\250.\234s\225amc\305\035\366\276\037nD\277`\210\223N\3535\033\261\304fP\027\000\000\000\000\000\000\000\000\000\000\000\000\000\000\000\000\000\000\000\000\000\000\000\000\000\000\000\000\000\000\000\000P\031\375T\356\014\360o'\030\311-\267\031\257!\031T\006><\315XM\334\324\345\034\000\325\367\240\271\013s!\003\255\225A\213\332\224ehh\024BDq\224\250\335`\355\353{\357\266\335<\021\032\265\177\206\356&\215vG0E\002!\000\237\235xP\204\340R\373\203#\216\251\224q\227f>\241\206:)\353\372bT\253H\231\010\211\031\030\002 ]C\222\204S\376\200\334\362\341\233x\005^;C\346t\331\343\022\025\032K\3027\242S\223qZ%""; "
1750527526925,1750527526925,1019,1,3,4,TMGetLedger,"itype: liTS_CANDIDATE; ledgerHash: ""[\000\302\314\326\214\276@c\240\272\222{\363\314\032\213\311\316\246/\330\302\014>\022\346\234\347\264\270\350""; nodeIDs: ""\000\000\000\000\000\000\000\000\000\000\000\000\000\000\000\000\000\000\000\000\000\000\000\000\000\000\000\000\000\000\000\000\000""; queryDepth: 3; ","itype: liTS_CANDIDATE; ledgerHash: ""[\000\302\314\326\214\276@c\240\272\222{\363\314\032\213\311\316\246/\330\302\014>\022\346\234\347\264\270\350""; nodeIDs: ""\000\000\000\000\000\000\000\000\000\000\000\000\000\000\000\000\000\000\000\000\000\000\000\000\000\000\000\000\000\000\000\000\000""; queryDepth: 3; "
1750527526926,1750527526926,3787,1,3,2,TMProposeSet,"proposeSeq: 0; currentTxHash: ""[\000\302\314\326\214\276@c\240\272\222{\363\314\032\213\311\316\246/\330\302\014>\022\346\234\347\264\270\350""; nodePubKey: ""\003R7o\362bV\300hf\266\241;}\200^\374\240\203[:\342Q\225\221\027y\372\255\235\216\323~""; closeTime: 803842726; signature: ""0D\002 7\r\010-Y\010\253\002.-\021\017\245\315\303b\362\370\010\221\320\246H\213\245\334S}\020\356\313\377\002 \016\311\326PS\336K\325\251\263\240Ey\304\302\320x2I;T_\205L\256\274\307t\334\214\244[""; previousledger: ""\265\024\321\362\354\211\250.\234s\225amc\305\035\366\276\037nD\277`\210\223N\3535\033\261\304f""; ","proposeSeq: 0; currentTxHash: ""[\000\302\314\326\214\276@c\240\272\222{\363\314\032\213\311\316\246/\330\302\014>\022\346\234\347\264\270\350""; nodePubKey: ""\003R7o\362bV\300hf\266\241;}\200^\374\240\203[:\342Q\225\221\027y\372\255\235\216\323~""; closeTime: 803842726; signature: ""0D\002 7\r\010-Y\010\253\002.-\021\017\245\315\303b\362\370\010\221\320\246H\213\245\334S}\020\356\313\377\002 \016\311\326PS\336K\325\251\263\240Ey\304\302\320x2I;T_\205L\256\274\307t\334\214\244[""; previousledger: ""\265\024\321\362\354\211\250.\234s\225amc\305\035\366\276\037nD\277`\210\223N\3535\033\261\304f""; "
1750527526926,1750527526927,2201,1,3,0,TMProposeSet,"proposeSeq: 0; currentTxHash: ""[\000\302\314\326\214\276@c\240\272\222{\363\314\032\213\311\316\246/\330\302\014>\022\346\234\347\264\270\350""; nodePubKey: ""\003R7o\362bV\300hf\266\241;}\200^\374\240\203[:\342Q\225\221\027y\372\255\235\216\323~""; closeTime: 803842726; signature: ""0D\002 7\r\010-Y\010\253\002.-\021\017\245\315\303b\362\370\010\221\320\246H\213\245\334S}\020\356\313\377\002 \016\311\326PS\336K\325\251\263\240Ey\304\302\320x2I;T_\205L\256\274\307t\334\214\244[""; previousledger: ""\265\024\321\362\354\211\250.\234s\225amc\305\035\366\276\037nD\277`\210\223N\3535\033\261\304f""; ","proposeSeq: 0; currentTxHash: ""[\000\302\314\326\214\276@c\240\272\222{\363\314\032\213\311\316\246/\330\302\014>\022\346\234\347\264\270\350""; nodePubKey: ""\003R7o\362bV\300hf\266\241;}\200^\374\240\203[:\342Q\225\221\027y\372\255\235\216\323~""; closeTime: 803842726; signature: ""0D\002 7\r\010-Y\010\253\002.-\021\017\245\315\303b\362\370\010\221\320\246H\213\245\334S}\020\356\313\377\002 \016\311\326PS\336K\325\251\263\240Ey\304\302\320x2I;T_\205L\256\274\307t\334\214\244[""; previousledger: ""\265\024\321\362\354\211\250.\234s\225amc\305\035\366\276\037nD\277`\210\223N\3535\033\261\304f""; "
1750527526927,1750527526927,2794,1,3,2,TMGetLedger,"itype: liTS_CANDIDATE; ledgerHash: ""[\000\302\314\326\214\276@c\240\272\222{\363\314\032\213\311\316\246/\330\302\014>\022\346\234\347\264\270\350""; nodeIDs: ""\000\000\000\000\000\000\000\000\000\000\000\000\000\000\000\000\000\000\000\000\000\000\000\000\000\000\000\000\000\000\000\000\000""; queryDepth: 3; ","itype: liTS_CANDIDATE; ledgerHash: ""[\000\302\314\326\214\276@c\240\272\222{\363\314\032\213\311\316\246/\330\302\014>\022\346\234\347\264\270\350""; nodeIDs: ""\000\000\000\000\000\000\000\000\000\000\000\000\000\000\000\000\000\000\000\000\000\000\000\000\000\000\000\000\000\000\000\000\000""; queryDepth: 3; "
1750527526927,1750527526927,3830,1,3,1,TMProposeSet,"proposeSeq: 0; currentTxHash: ""[\000\302\314\326\214\276@c\240\272\222{\363\314\032\213\311\316\246/\330\302\014>\022\346\234\347\264\270\350""; nodePubKey: ""\003R7o\362bV\300hf\266\241;}\200^\374\240\203[:\342Q\225\221\027y\372\255\235\216\323~""; closeTime: 803842726; signature: ""0D\002 7\r\010-Y\010\253\002.-\021\017\245\315\303b\362\370\010\221\320\246H\213\245\334S}\020\356\313\377\002 \016\311\326PS\336K\325\251\263\240Ey\304\302\320x2I;T_\205L\256\274\307t\334\214\244[""; previousledger: ""\265\024\321\362\354\211\250.\234s\225amc\305\035\366\276\037nD\277`\210\223N\3535\033\261\304f""; ","proposeSeq: 0; currentTxHash: ""[\000\302\314\326\214\276@c\240\272\222{\363\314\032\213\311\316\246/\330\302\014>\022\346\234\347\264\270\350""; nodePubKey: ""\003R7o\362bV\300hf\266\241;}\200^\374\240\203[:\342Q\225\221\027y\372\255\235\216\323~""; closeTime: 803842726; signature: ""0D\002 7\r\010-Y\010\253\002.-\021\017\245\315\303b\362\370\010\221\320\246H\213\245\334S}\020\356\313\377\002 \016\311\326PS\336K\325\251\263\240Ey\304\302\320x2I;T_\205L\256\274\307t\334\214\244[""; previousledger: ""\265\024\321\362\354\211\250.\234s\225amc\305\035\366\276\037nD\277`\210\223N\3535\033\261\304f""; "
1750527526979,1750527526979,3818,1,0,2,TMLedgerData,"ledgerHash: ""\265\024\321\362\354\211\250.\234s\225amc\305\035\366\276\037nD\277`\210\223N\3535\033\261\304f""; ledgerSeq: 4; type: liBASE; nodes {;   nodedata: ""\000\000\000\004\001cEx]\212\000\000\375T\356\014\360o'\030\311-\267\031\257!\031T\006><\315XM\334\324\345\034\000\325\367\240\271\013\000\000\000\000\000\000\000\000\000\000\000\000\000\000\000\000\000\000\000\000\000\000\000\000\000\000\000\000\000\000\000\000\33221\003\363\014\2155\252\321\210\334\345`\2744<G\2573H\343tZ\376\376\2744]?\013\257/\351\252\240/\351\252\241\n\000""; }; nodes {;   nodedata: ""\303\016\021\310<Z\337\266>\225@&n\022\246\274\353\220\345b3\035\313\350L\354\254\002\005\305\035\017\002E\344\037@\210\363\010\336T\226\247'\204_{\261\370""1\235\2445\343\033Y!\212\201\341\272\225'\007U\271\317\242\035#tQ^\315T\254\344^HI\232\036_j\367^\272OW\000\215\000\027\371\037h\013\003""; }; ","ledgerHash: ""\265\024\321\362\354\211\250.\234s\225amc\305\035\366\276\037nD\277`\210\223N\3535\033\261\304f""; ledgerSeq: 4; type: liBASE; nodes {;   nodedata: ""\000\000\000\004\001cEx]\212\000\000\375T\356\014\360o'\030\311-\267\031\257!\031T\006><\315XM\334\324\345\034\000\325\367\240\271\013\000\000\000\000\000\000\000\000\000\000\000\000\000\000\000\000\000\000\000\000\000\000\000\000\000\000\000\000\000\000\000\000\33221\003\363\014\2155\252\321\210\334\345`\2744<G\2573H\343tZ\376\376\2744]?\013\257/\351\252\240/\351\252\241\n\000""; }; nodes {;   nodedata: ""\303\016\021\310<Z\337\266>\225@&n\022\246\274\353\220\345b3\035\313\350L\354\254\002\005\305\035\017\002E\344\037@\210\363\010\336T\226\247'\204_{\261\370""1\235\2445\343\033Y!\212\201\341\272\225'\007U\271\317\242\035#tQ^\315T\254\344^HI\232\036_j\367^\272OW\000\215\000\027\371\037h\013\003""; }; "
1750527527022,1750527527022,3818,1,0,2,TMLedgerData,"ledgerHash: ""\265\024\321\362\354\211\250.\234s\225amc\305\035\366\276\037nD\277`\210\223N\3535\033\261\304f""; ledgerSeq: 4; type: liBASE; nodes {;   nodedata: ""\000\000\000\004\001cEx]\212\000\000\375T\356\014\360o'\030\311-\267\031\257!\031T\006><\315XM\334\324\345\034\000\325\367\240\271\013\000\000\000\000\000\000\000\000\000\000\000\000\000\000\000\000\000\000\000\000\000\000\000\000\000\000\000\000\000\000\000\000\33221\003\363\014\2155\252\321\210\334\345`\2744<G\2573H\343tZ\376\376\2744]?\013\257/\351\252\240/\351\252\241\n\000""; }; nodes {;   nodedata: ""\303\016\021\310<Z\337\266>\225@&n\022\246\274\353\220\345b3\035\313\350L\354\254\002\005\305\035\017\002E\344\037@\210\363\010\336T\226\247'\204_{\261\370""1\235\2445\343\033Y!\212\201\341\272\225'\007U\271\317\242\035#tQ^\315T\254\344^HI\232\036_j\367^\272OW\000\215\000\027\371\037h\013\003""; }; ","ledgerHash: ""\265\024\321\362\354\211\250.\234s\225amc\305\035\366\276\037nD\277`\210\223N\3535\033\261\304f""; ledgerSeq: 4; type: liBASE; nodes {;   nodedata: ""\000\000\000\004\001cEx]\212\000\000\375T\356\014\360o'\030\311-\267\031\257!\031T\006><\315XM\334\324\345\034\000\325\367\240\271\013\000\000\000\000\000\000\000\000\000\000\000\000\000\000\000\000\000\000\000\000\000\000\000\000\000\000\000\000\000\000\000\000\33221\003\363\014\2155\252\321\210\334\345`\2744<G\2573H\343tZ\376\376\2744]?\013\257/\351\252\240/\351\252\241\n\000""; }; nodes {;   nodedata: ""\303\016\021\310<Z\337\266>\225@&n\022\246\274\353\220\345b3\035\313\350L\354\254\002\005\305\035\017\002E\344\037@\210\363\010\336T\226\247'\204_{\261\370""1\235\2445\343\033Y!\212\201\341\272\225'\007U\271\317\242\035#tQ^\315T\254\344^HI\232\036_j\367^\272OW\000\215\000\027\371\037h\013\003""; }; "
1750527527028,1750527527029,3422,1,0,3,TMValidation,"validation: """"\200\000\000\001&\000\000\000\004)/\351\252\246:g\237X\336\3531\020\010Q\265\024\321\362\354\211\250.\234s\225amc\305\035\366\276\037nD\277`\210\223N\3535\033\261\304fP\027\000\000\000\000\000\000\000\000\000\000\000\000\000\000\000\000\000\000\000\000\000\000\000\000\000\000\000\000\000\000\000\000P\031\375T\356\014\360o'\030\311-\267\031\257!\031T\006><\315XM\334\324\345\034\000\325\367\240\271\013s!\003\255\225A\213\332\224ehh\024BDq\224\250\335`\355\353{\357\266\335<\021\032\265\177\206\356&\215vG0E\002!\000\237\235xP\204\340R\373\203#\216\251\224q\227f>\241\206:)\353\372bT\253H\231\010\211\031\030\002 ]C\222\204S\376\200\334\362\341\233x\005^;C\346t\331\343\022\025\032K\3027\242S\223qZ%""; ","validation: """"\200\000\000\001&\000\000\000\004)/\351\252\246:g\237X\336\3531\020\010Q\265\024\321\362\354\211\250.\234s\225amc\305\035\366\276\037nD\277`\210\223N\3535\033\261\304fP\027\000\000\000\000\000\000\000\000\000\000\000\000\000\000\000\000\000\000\000\000\000\000\000\000\000\000\000\000\000\000\000\000P\031\375T\356\014\360o'\030\311-\267\031\257!\031T\006><\315XM\334\324\345\034\000\325\367\240\271\013s!\003\255\225A\213\332\224ehh\024BDq\224\250\335`\355\353{\357\266\335<\021\032\265\177\206\356&\215vG0E\002!\000\237\235xP\204\340R\373\203#\216\251\224q\227f>\241\206:)\353\372bT\253H\231\010\211\031\030\002 ]C\222\204S\376\200\334\362\341\233x\005^;C\346t\331\343\022\025\032K\3027\242S\223qZ%""; "
1750527527029,1750527527029,2261,1,0,1,TMValidation,"validation: """"\200\000\000\001&\000\000\000\004)/\351\252\246:g\237X\336\3531\020\010Q\265\024\321\362\354\211\250.\234s\225amc\305\035\366\276\037nD\277`\210\223N\3535\033\261\304fP\027\000\000\000\000\000\000\000\000\000\000\000\000\000\000\000\000\000\000\000\000\000\000\000\000\000\000\000\000\000\000\000\000P\031\375T\356\014\360o'\030\311-\267\031\257!\031T\006><\315XM\334\324\345\034\000\325\367\240\271\013s!\003\255\225A\213\332\224ehh\024BDq\224\250\335`\355\353{\357\266\335<\021\032\265\177\206\356&\215vG0E\002!\000\237\235xP\204\340R\373\203#\216\251\224q\227f>\241\206:)\353\372bT\253H\231\010\211\031\030\002 ]C\222\204S\376\200\334\362\341\233x\005^;C\346t\331\343\022\025\032K\3027\242S\223qZ%""; ","validation: """"\200\000\000\001&\000\000\000\004)/\351\252\246:g\237X\336\3531\020\010Q\265\024\321\362\354\211\250.\234s\225amc\305\035\366\276\037nD\277`\210\223N\3535\033\261\304fP\027\000\000\000\000\000\000\000\000\000\000\000\000\000\000\000\000\000\000\000\000\000\000\000\000\000\000\000\000\000\000\000\000P\031\375T\356\014\360o'\030\311-\267\031\257!\031T\006><\315XM\334\324\345\034\000\325\367\240\271\013s!\003\255\225A\213\332\224ehh\024BDq\224\250\335`\355\353{\357\266\335<\021\032\265\177\206\356&\215vG0E\002!\000\237\235xP\204\340R\373\203#\216\251\224q\227f>\241\206:)\353\372bT\253H\231\010\211\031\030\002 ]C\222\204S\376\200\334\362\341\233x\005^;C\346t\331\343\022\025\032K\3027\242S\223qZ%""; "
1750527527029,1750527527030,782,1,0,4,TMValidation,"validation: """"\200\000\000\001&\000\000\000\004)/\351\252\246:g\237X\336\3531\020\010Q\265\024\321\362\354\211\250.\234s\225amc\305\035\366\276\037nD\277`\210\223N\3535\033\261\304fP\027\000\000\000\000\000\000\000\000\000\000\000\000\000\000\000\000\000\000\000\000\000\000\000\000\000\000\000\000\000\000\000\000P\031\375T\356\014\360o'\030\311-\267\031\257!\031T\006><\315XM\334\324\345\034\000\325\367\240\271\013s!\003\255\225A\213\332\224ehh\024BDq\224\250\335`\355\353{\357\266\335<\021\032\265\177\206\356&\215vG0E\002!\000\237\235xP\204\340R\373\203#\216\251\224q\227f>\241\206:)\353\372bT\253H\231\010\211\031\030\002 ]C\222\204S\376\200\334\362\341\233x\005^;C\346t\331\343\022\025\032K\3027\242S\223qZ%""; ","validation: """"\200\000\000\001&\000\000\000\004)/\351\252\246:g\237X\336\3531\020\010Q\265\024\321\362\354\211\250.\234s\225amc\305\035\366\276\037nD\277`\210\223N\3535\033\261\304fP\027\000\000\000\000\000\000\000\000\000\000\000\000\000\000\000\000\000\000\000\000\000\000\000\000\000\000\000\000\000\000\000\000P\031\375T\356\014\360o'\030\311-\267\031\257!\031T\006><\315XM\334\324\345\034\000\325\367\240\271\013s!\003\255\225A\213\332\224ehh\024BDq\224\250\335`\355\353{\357\266\335<\021\032\265\177\206\356&\215vG0E\002!\000\237\235xP\204\340R\373\203#\216\251\224q\227f>\241\206:)\353\372bT\253H\231\010\211\031\030\002 ]C\222\204S\376\200\334\362\341\233x\005^;C\346t\331\343\022\025\032K\3027\242S\223qZ%""; "
1750527527060,1750527527061,69,1,2,1,TMTransaction,"rawTransaction: ""\022\000\000""\000\000\000\000$\000\000\000\003 \033\000\000\000\027a@\000\000\027H\206*@h@\000\000\000\000\000\000\ns!\0030\347\374\235V\273%\326\211;\243\363\027\256[\3173\263)\033\326=\263&T\243\023""/\177\320 tG0E\002!\000\331\256\320+2\242\010\n\376|\305\276\364R\036\255\251\372V7\276D\204\246\023\3070`Y\206o\250\002 o\311\353;\rUO\277\031IF\305E\240\377\021\246fr\335i\217\226=$\351rP\274VM\327\201\024\265\367by\212S\325C\240\024\312\370\262\227\317\370\362\3717\350\203\024\3177\2633\3425H\2210g]\027\350~`\267{\247\373\332""; status: tsCURRENT; receiveTimestamp: 803842727; deferred: false; ","rawTransaction: ""\022\000\000""\000\000\000\000$\000\000\000\003 \033\000\000\000\027a@\000\000\027H\206*@h@\000\000\000\000\000\000\ns!\0030\347\374\235V\273%\326\211;\243\363\027\256[\3173\263)\033\326=\263&T\243\023""/\177\320 tG0E\002!\000\331\256\320+2\242\010\n\376|\305\276\364R\036\255\251\372V7\276D\204\246\023\3070`Y\206o\250\002 o\311\353;\rUO\277\031IF\305E\240\377\021\246fr\335i\217\226=$\351rP\274VM\327\201\024\265\367by\212S\325C\240\024\312\370\262\227\317\370\362\3717\350\203\024\3177\2633\3425H\2210g]\027\350~`\267{\247\373\332""; status: tsCURRENT; receiveTimestamp: 803842727; deferred: false; "
1750527527060,1750527527061,2248,1,2,0,TMTransaction,"rawTransaction: ""\022\000\000""\000\000\000\000$\000\000\000\003 \033\000\000\000\027a@\000\000\027H\206*@h@\000\000\000\000\000\000\ns!\0030\347\374\235V\273%\326\211;\243\363\027\256[\3173\263)\033\326=\263&T\243\023""/\177\320 tG0E\002!\000\331\256\320+2\242\010\n\376|\305\276\364R\036\255\251\372V7\276D\204\246\023\3070`Y\206o\250\002 o\311\353;\rUO\277\031IF\305E\240\377\021\246fr\335i\217\226=$\351rP\274VM\327\201\024\265\367by\212S\325C\240\024\312\370\262\227\317\370\362\3717\350\203\024\3177\2633\3425H\2210g]\027\350~`\267{\247\373\332""; status: tsCURRENT; receiveTimestamp: 803842727; deferred: false; ","rawTransaction: ""\022\000\000""\000\000\000\000$\000\000\000\003 \033\000\000\000\027a@\000\000\027H\206*@h@\000\000\000\000\000\000\ns!\0030\347\374\235V\273%\326\211;\243\363\027\256[\3173\263)\033\326=\263&T\243\023""/\177\320 tG0E\002!\000\331\256\320+2\242\010\n\376|\305\276\364R\036\255\251\372V7\276D\204\246\023\3070`Y\206o\250\002 o\311\353;\rUO\277\031IF\305E\240\377\021\246fr\335i\217\226=$\351rP\274VM\327\201\024\265\367by\212S\325C\240\024\312\370\262\227\317\370\362\3717\350\203\024\3177\2633\3425H\2210g]\027\350~`\267{\247\373\332""; status: tsCURRENT; receiveTimestamp: 803842727; deferred: false; "
1750527527060,1750527527062,902,1,2,4,TMTransaction,"rawTransaction: ""\022\000\000""\000\000\000\000$\000\000\000\003 \033\000\000\000\027a@\000\000\027H\206*@h@\000\000\000\000\000\000\ns!\0030\347\374\235V\273%\326\211;\243\363\027\256[\3173\263)\033\326=\263&T\243\023""/\177\320 tG0E\002!\000\331\256\320+2\242\010\n\376|\305\276\364R\036\255\251\372V7\276D\204\246\023\3070`Y\206o\250\002 o\311\353;\rUO\277\031IF\305E\240\377\021\246fr\335i\217\226=$\351rP\274VM\327\201\024\265\367by\212S\325C\240\024\312\370\262\227\317\370\362\3717\350\203\024\3177\2633\3425H\2210g]\027\350~`\267{\247\373\332""; status: tsCURRENT; receiveTimestamp: 803842727; deferred: false; ","rawTransaction: ""\022\000\000""\000\000\000\000$\000\000\000\003 \033\000\000\000\027a@\000\000\027H\206*@h@\000\000\000\000\000\000\ns!\0030\347\374\235V\273%\326\211;\243\363\027\256[\3173\263)\033\326=\263&T\243\023""/\177\320 tG0E\002!\000\331\256\320+2\242\010\n\376|\305\276\364R\036\255\251\372V7\276D\204\246\023\3070`Y\206o\250\002 o\311\353;\rUO\277\031IF\305E\240\377\021\246fr\335i\217\226=$\351rP\274VM\327\201\024\265\367by\212S\325C\240\024\312\370\262\227\317\370\362\3717\350\203\024\3177\2633\3425H\2210g]\027\350~`\267{\247\373\332""; status: tsCURRENT; receiveTimestamp: 803842727; deferred: false; "
1750527527066,1750527527067,723,1,2,3,TMValidation,"validation: """"\200\000\000\001&\000\000\000\004)/\351\252\245:\355<\266\216~aC\027Q\265\024\321\362\354\211\250.\234s\225amc\305\035\366\276\037nD\277`\210\223N\3535\033\261\304fP\027\000\000\000\000\000\000\000\000\000\000\000\000\000\000\000\000\000\000\000\000\000\000\000\000\000\000\000\000\000\000\000\000P\031\375T\356\014\360o'\030\311-\267\031\257!\031T\006><\315XM\334\324\345\034\000\325\367\240\271\013s!\002\225aM\037\203M\271C\224]$\245\215\334\264;{{\365%Z\2443U\201\242\320iUc\207\367vG0E\002!\000\220\326;\233\322\024\232i\216c\211\212L2\037\035\264e\022\231\324\244\357\275,\266tk}R\326p\002 #k\352~\2759A\2770(;\315]\301`\007\273\017\361\233\354\316\364\343\033 v{\203dt#""; ","validation: """"\200\000\000\001&\000\000\000\004)/\351\252\245:\355<\266\216~aC\027Q\265\024\321\362\354\211\250.\234s\225amc\305\035\366\276\037nD\277`\210\223N\3535\033\261\304fP\027\000\000\000\000\000\000\000\000\000\000\000\000\000\000\000\000\000\000\000\000\000\000\000\000\000\000\000\000\000\000\000\000P\031\375T\356\014\360o'\030\311-\267\031\257!\031T\006><\315XM\334\324\345\034\000\325\367\240\271\013s!\002\225aM\037\203M\271C\224]$\245\215\334\264;{{\365%Z\2443U\201\242\320iUc\207\367vG0E\002!\000\220\326;\233\322\024\232i\216c\211\212L2\037\035\264e\022\231\324\244\357\275,\266tk}R\326p\002 #k\352~\2759A\2770(;\315]\301`\007\273\017\361\233\354\316\364\343\033 v{\203dt#""; "
1750527527067,1750527527067,340,1,2,1,TMValidation,"validation: """"\200\000\000\001&\000\000\000\004)/\351\252\245:\355<\266\216~aC\027Q\265\024\321\362\354\211\250.\234s\225amc\305\035\366\276\037nD\277`\210\223N\3535\033\261\304fP\027\000\000\000\000\000\000\000\000\000\000\000\000\000\000\000\000\000\000\000\000\000\000\000\000\000\000\000\000\000\000\000\000P\031\375T\356\014\360o'\030\311-\267\031\257!\031T\006><\315XM\334\324\345\034\000\325\367\240\271\013s!\002\225aM\037\203M\271C\224]$\245\215\334\264;{{\365%Z\2443U\201\242\320iUc\207\367vG0E\002!\000\220\326;\233\322\024\232i\216c\211\212L2\037\035\264e\022\231\324\244\357\275,\266tk}R\326p\002 #k\352~\2759A\2770(;\315]\301`\007\273\017\361\233\354\316\364\343\033 v{\203dt#""; ","validation: """"\200\000\000\001&\000\000\000\004)/\351\252\245:\355<\266\216~aC\027Q\265\024\321\362\354\211\250.\234s\225amc\305\035\366\276\037nD\277`\210\223N\3535\033\261\304fP\027\000\000\000\000\000\000\000\000\000\000\000\000\000\000\000\000\000\000\000\000\000\000\000\000\000\000\000\000\000\000\000\000P\031\375T\356\014\360o'\030\311-\267\031\257!\031T\006><\315XM\334\324\345\034\000\325\367\240\271\013s!\002\225aM\037\203M\271C\224]$\245\215\334\264;{{\365%Z\2443U\201\242\320iUc\207\367vG0E\002!\000\220\326;\233\322\024\232i\216c\211\212L2\037\035\264e\022\231\324\244\357\275,\266tk}R\326p\002 #k\352~\2759A\2770(;\315]\301`\007\273\017\361\233\354\316\364\343\033 v{\203dt#""; "
1750527527067,1750527527067,446,1,2,0,TMValidation,"validation: """"\200\000\000\001&\000\000\000\004)/\351\252\245:\355<\266\216~aC\027Q\265\024\321\362\354\211\250.\234s\225amc\305\035\366\276\037nD\277`\210\223N\3535\033\261\304fP\027\000\000\000\000\000\000\000\000\000\000\000\000\000\000\000\000\000\000\000\000\000\000\000\000\000\000\000\000\000\000\000\000P\031\375T\356\014\360o'\030\311-\267\031\257!\031T\006><\315XM\334\324\345\034\000\325\367\240\271\013s!\002\225aM\037\203M\271C\224]$\245\215\334\264;{{\365%Z\2443U\201\242\320iUc\207\367vG0E\002!\000\220\326;\233\322\024\232i\216c\211\212L2\037\035\264e\022\231\324\244\357\275,\266tk}R\326p\002 #k\352~\2759A\2770(;\315]\301`\007\273\017\361\233\354\316\364\343\033 v{\203dt#""; ","validation: """"\200\000\000\001&\000\000\000\004)/\351\252\245:\355<\266\216~aC\027Q\265\024\321\362\354\211\250.\234s\225amc\305\035\366\276\037nD\277`\210\223N\3535\033\261\304fP\027\000\000\000\000\000\000\000\000\000\000\000\000\000\000\000\000\000\000\000\000\000\000\000\000\000\000\000\000\000\000\000\000P\031\375T\356\014\360o'\030\311-\267\031\257!\031T\006><\315XM\334\324\345\034\000\325\367\240\271\013s!\002\225aM\037\203M\271C\224]$\245\215\334\264;{{\365%Z\2443U\201\242\320iUc\207\367vG0E\002!\000\220\326;\233\322\024\232i\216c\211\212L2\037\035\264e\022\231\324\244\357\275,\266tk}R\326p\002 #k\352~\2759A\2770(;\315]\301`\007\273\017\361\233\354\316\364\343\033 v{\203dt#""; "
1750527527113,1750527527113,3459,1,3,1,TMValidation,"validation: """"\200\000\000\001&\000\000\000\004)/\351\252\245:\r\302\353\023?\373\240rQ\265\024\321\362\354\211\250.\234s\225amc\305\035\366\276\037nD\277`\210\223N\3535\033\261\304fP\027\000\000\000\000\000\000\000\000\000\000\000\000\000\000\000\000\000\000\000\000\000\000\000\000\000\000\000\000\000\000\000\000P\031\375T\356\014\360o'\030\311-\267\031\257!\031T\006><\315XM\334\324\345\034\000\325\367\240\271\013s!\003R7o\362bV\300hf\266\241;}\200^\374\240\203[:\342Q\225\221\027y\372\255\235\216\323~vG0E\002!\000\322\230E\306\rV \254\035C\002&\211\331\373\344""\026\267T[\243\002r\345\204_)8\344\216\235\002 !b\300\322b\261\027\0138\244\014B!\306\366\271\272\330\021\333\213\324\233\177\367\336{O\253\373\241\304""; ","validation: """"\200\000\000\001&\000\000\000\004)/\351\252\245:\r\302\353\023?\373\240rQ\265\024\321\362\354\211\250.\234s\225amc\305\035\366\276\037nD\277`\210\223N\3535\033\261\304fP\027\000\000\000\000\000\000\000\000\000\000\000\000\000\000\000\000\000\000\000\000\000\000\000\000\000\000\000\000\000\000\000\000P\031\375T\356\014\360o'\030\311-\267\031\257!\031T\006><\315XM\334\324\345\034\000\325\367\240\271\013s!\003R7o\362bV\300hf\266\241;}\200^\374\240\203[:\342Q\225\221\027y\372\255\235\216\323~vG0E\002!\000\322\230E\306\rV \254\035C\002&\211\331\373\344""\026\267T[\243\002r\345\204_)8\344\216\235\002 !b\300\322b\261\027\0138\244\014B!\306\366\271\272\330\021\333\213\324\233\177\367\336{O\253\373\241\304""; "
1750527527113,1750527527114,3736,1,3,4,TMValidation,"validation: """"\200\000\000\001&\000\000\000\004)/\351\252\245:\r\302\353\023?\373\240rQ\265\024\321\362\354\211\250.\234s\225amc\305\035\366\276\037nD\277`\210\223N\3535\033\261\304fP\027\000\000\000\000\000\000\000\000\000\000\000\000\000\000\000\000\000\000\000\000\000\000\000\000\000\000\000\000\000\000\000\000P\031\375T\356\014\360o'\030\311-\267\031\257!\031T\006><\315XM\334\324\345\034\000\325\367\240\271\013s!\003R7o\362bV\300hf\266\241;}\200^\374\240\203[:\342Q\225\221\027y\372\255\235\216\323~vG0E\002!\000\322\230E\306\rV \254\035C\002&\211\331\373\344""\026\267T[\243\002r\345\204_)8\344\216\235\002 !b\300\322b\261\027\0138\244\014B!\306\366\271\272\330\021\333\213\324\233\177\367\336{O\253\373\241\304""; ","validation: """"\200\000\000\001&\000\000\000\004)/\351\252\245:\r\302\353\023?\373\240rQ\265\024\321\362\354\211\250.\234s\225amc\305\035\366\276\037nD\277`\210\223N\3535\033\261\304fP\027\000\000\000\000\000\000\000\000\000\000\000\000\000\000\000\000\000\000\000\000\000\000\000\000\000\000\000\000\000\000\000\000P\031\375T\356\014\360o'\030\311-\267\031\257!\031T\006><\315XM\334\324\345\034\000\325\367\240\271\013s!\003R7o\362bV\300hf\266\241;}\200^\374\240\203[:\342Q\225\221\027y\372\255\235\216\323~vG0E\002!\000\322\230E\306\rV \254\035C\002&\211\331\373\344""\026\267T[\243\002r\345\204_)8\344\216\235\002 !b\300\322b\261\027\0138\244\014B!\306\366\271\272\330\021\333\213\324\233\177\367\336{O\253\373\241\304""; "
1750527527114,1750527527114,1777,1,3,0,TMValidation,"validation: """"\200\000\000\001&\000\000\000\004)/\351\252\245:\r\302\353\023?\373\240rQ\265\024\321\362\354\211\250.\234s\225amc\305\035\366\276\037nD\277`\210\223N\3535\033\261\304fP\027\000\000\000\000\000\000\000\000\000\000\000\000\000\000\000\000\000\000\000\000\000\000\000\000\000\000\000\000\000\000\000\000P\031\375T\356\014\360o'\030\311-\267\031\257!\031T\006><\315XM\334\324\345\034\000\325\367\240\271\013s!\003R7o\362bV\300hf\266\241;}\200^\374\240\203[:\342Q\225\221\027y\372\255\235\216\323~vG0E\002!\000\322\230E\306\rV \254\035C\002&\211\331\373\344""\026\267T[\243\002r\345\204_)8\344\216\235\002 !b\300\322b\261\027\0138\244\014B!\306\366\271\272\330\021\333\213\324\233\177\367\336{O\253\373\241\304""; ","validation: """"\200\000\000\001&\000\000\000\004)/\351\252\245:\r\302\353\023?\373\240rQ\265\024\321\362\354\211\250.\234s\225amc\305\035\366\276\037nD\277`\210\223N\3535\033\261\304fP\027\000\000\000\000\000\000\000\000\000\000\000\000\000\000\000\000\000\000\000\000\000\000\000\000\000\000\000\000\000\000\000\000P\031\375T\356\014\360o'\030\311-\267\031\257!\031T\006><\315XM\334\324\345\034\000\325\367\240\271\013s!\003R7o\362bV\300hf\266\241;}\200^\374\240\203[:\342Q\225\221\027y\372\255\235\216\323~vG0E\002!\000\322\230E\306\rV \254\035C\002&\211\331\373\344""\026\267T[\243\002r\345\204_)8\344\216\235\002 !b\300\322b\261\027\0138\244\014B!\306\366\271\272\330\021\333\213\324\233\177\367\336{O\253\373\241\304""; "
1750527527133,1750527527133,2079,1,3,1,TMGetLedger,"itype: liTS_CANDIDATE; ledgerHash: ""\310\200l\322\255\214\342'\243\202\375k%_\335\032N\021G\005\230\271\366~%e\366\202l^\rR""; nodeIDs: ""\000\000\000\000\000\000\000\000\000\000\000\000\000\000\000\000\000\000\000\000\000\000\000\000\000\000\000\000\000\000\000\000\000""; queryType: qtINDIRECT; queryDepth: 3; ","itype: liTS_CANDIDATE; ledgerHash: ""\310\200l\322\255\214\342'\243\202\375k%_\335\032N\021G\005\230\271\366~%e\366\202l^\rR""; nodeIDs: ""\000\000\000\000\000\000\000\000\000\000\000\000\000\000\000\000\000\000\000\000\000\000\000\000\000\000\000\000\000\000\000\000\000""; queryType: qtINDIRECT; queryDepth: 3; "
1750527527175,1750527527175,1131,1,3,0,TMGetLedger,"itype: liTS_CANDIDATE; ledgerHash: ""[\000\302\314\326\214\276@c\240\272\222{\363\314\032\213\311\316\246/\330\302\014>\022\346\234\347\264\270\350""; nodeIDs: ""\000\000\000\000\000\000\000\000\000\000\000\000\000\000\000\000\000\000\000\000\000\000\000\000\000\000\000\000\000\000\000\000\000""; queryType: qtINDIRECT; queryDepth: 3; ","itype: liTS_CANDIDATE; ledgerHash: ""[\000\302\314\326\214\276@c\240\272\222{\363\314\032\213\311\316\246/\330\302\014>\022\346\234\347\264\270\350""; nodeIDs: ""\000\000\000\000\000\000\000\000\000\000\000\000\000\000\000\000\000\000\000\000\000\000\000\000\000\000\000\000\000\000\000\000\000""; queryType: qtINDIRECT; queryDepth: 3; "
1750527527306,1750527527306,3736,1,3,4,TMValidation,"validation: """"\200\000\000\001&\000\000\000\004)/\351\252\246:g\237X\336\3531\020\010Q\265\024\321\362\354\211\250.\234s\225amc\305\035\366\276\037nD\277`\210\223N\3535\033\261\304fP\027\000\000\000\000\000\000\000\000\000\000\000\000\000\000\000\000\000\000\000\000\000\000\000\000\000\000\000\000\000\000\000\000P\031\375T\356\014\360o'\030\311-\267\031\257!\031T\006><\315XM\334\324\345\034\000\325\367\240\271\013s!\003\255\225A\213\332\224ehh\024BDq\224\250\335`\355\353{\357\266\335<\021\032\265\177\206\356&\215vG0E\002!\000\237\235xP\204\340R\373\203#\216\251\224q\227f>\241\206:)\353\372bT\253H\231\010\211\031\030\002 ]C\222\204S\376\200\334\362\341\233x\005^;C\346t\331\343\022\025\032K\3027\242S\223qZ%""; ","validation: """"\200\000\000\001&\000\000\000\004)/\351\252\246:g\237X\336\3531\020\010Q\265\024\321\362\354\211\250.\234s\225amc\305\035\366\276\037nD\277`\210\223N\3535\033\261\304fP\027\000\000\000\000\000\000\000\000\000\000\000\000\000\000\000\000\000\000\000\000\000\000\000\000\000\000\000\000\000\000\000\000P\031\375T\356\014\360o'\030\311-\267\031\257!\031T\006><\315XM\334\324\345\034\000\325\367\240\271\013s!\003\255\225A\213\332\224ehh\024BDq\224\250\335`\355\353{\357\266\335<\021\032\265\177\206\356&\215vG0E\002!\000\237\235xP\204\340R\373\203#\216\251\224q\227f>\241\206:)\353\372bT\253H\231\010\211\031\030\002 ]C\222\204S\376\200\334\362\341\233x\005^;C\346t\331\343\022\025\032K\3027\242S\223qZ%""; "
1750527527307,1750527527307,1777,1,3,0,TMValidation,"validation: """"\200\000\000\001&\000\000\000\004)/\351\252\246:g\237X\336\3531\020\010Q\265\024\321\362\354\211\250.\234s\225amc\305\035\366\276\037nD\277`\210\223N\3535\033\261\304fP\027\000\000\000\000\000\000\000\000\000\000\000\000\000\000\000\000\000\000\000\000\000\000\000\000\000\000\000\000\000\000\000\000P\031\375T\356\014\360o'\030\311-\267\031\257!\031T\006><\315XM\334\324\345\034\000\325\367\240\271\013s!\003\255\225A\213\332\224ehh\024BDq\224\250\335`\355\353{\357\266\335<\021\032\265\177\206\356&\215vG0E\002!\000\237\235xP\204\340R\373\203#\216\251\224q\227f>\241\206:)\353\372bT\253H\231\010\211\031\030\002 ]C\222\204S\376\200\334\362\341\233x\005^;C\346t\331\343\022\025\032K\3027\242S\223qZ%""; ","validation: """"\200\000\000\001&\000\000\000\004)/\351\252\246:g\237X\336\3531\020\010Q\265\024\321\362\354\211\250.\234s\225amc\305\035\366\276\037nD\277`\210\223N\3535\033\261\304fP\027\000\000\000\000\000\000\000\000\000\000\000\000\000\000\000\000\000\000\000\000\000\000\000\000\000\000\000\000\000\000\000\000P\031\375T\356\014\360o'\030\311-\267\031\257!\031T\006><\315XM\334\324\345\034\000\325\367\240\271\013s!\003\255\225A\213\332\224ehh\024BDq\224\250\335`\355\353{\357\266\335<\021\032\265\177\206\356&\215vG0E\002!\000\237\235xP\204\340R\373\203#\216\251\224q\227f>\241\206:)\353\372bT\253H\231\010\211\031\030\002 ]C\222\204S\376\200\334\362\341\233x\005^;C\346t\331\343\022\025\032K\3027\242S\223qZ%""; "
1750527527308,1750527527308,3459,1,3,1,TMValidation,"validation: """"\200\000\000\001&\000\000\000\004)/\351\252\246:g\237X\336\3531\020\010Q\265\024\321\362\354\211\250.\234s\225amc\305\035\366\276\037nD\277`\210\223N\3535\033\261\304fP\027\000\000\000\000\000\000\000\000\000\000\000\000\000\000\000\000\000\000\000\000\000\000\000\000\000\000\000\000\000\000\000\000P\031\375T\356\014\360o'\030\311-\267\031\257!\031T\006><\315XM\334\324\345\034\000\325\367\240\271\013s!\003\255\225A\213\332\224ehh\024BDq\224\250\335`\355\353{\357\266\335<\021\032\265\177\206\356&\215vG0E\002!\000\237\235xP\204\340R\373\203#\216\251\224q\227f>\241\206:)\353\372bT\253H\231\010\211\031\030\002 ]C\222\204S\376\200\334\362\341\233x\005^;C\346t\331\343\022\025\032K\3027\242S\223qZ%""; ","validation: """"\200\000\000\001&\000\000\000\004)/\351\252\246:g\237X\336\3531\020\010Q\265\024\321\362\354\211\250.\234s\225amc\305\035\366\276\037nD\277`\210\223N\3535\033\261\304fP\027\000\000\000\000\000\000\000\000\000\000\000\000\000\000\000\000\000\000\000\000\000\000\000\000\000\000\000\000\000\000\000\000P\031\375T\356\014\360o'\030\311-\267\031\257!\031T\006><\315XM\334\324\345\034\000\325\367\240\271\013s!\003\255\225A\213\332\224ehh\024BDq\224\250\335`\355\353{\357\266\335<\021\032\265\177\206\356&\215vG0E\002!\000\237\235xP\204\340R\373\203#\216\251\224q\227f>\241\206:)\353\372bT\253H\231\010\211\031\030\002 ]C\222\204S\376\200\334\362\341\233x\005^;C\346t\331\343\022\025\032K\3027\242S\223qZ%""; "
1750527527407,1750527527407,1740,1,3,4,TMHaveTransactionSet,"status: tsHAVE; hash: ""'\274\220\233\332\373\335\027\332I\377y`\224\260\350-\215\335\267[\036\265\265\252`\026&\030{\362\363""; ","status: tsHAVE; hash: ""'\274\220\233\332\373\335\027\332I\377y`\224\260\350-\215\335\267[\036\265\265\252`\026&\030{\362\363""; "
1750527527408,1750527527408,269,1,3,2,TMHaveTransactionSet,"status: tsHAVE; hash: ""'\274\220\233\332\373\335\027\332I\377y`\224\260\350-\215\335\267[\036\265\265\252`\026&\030{\362\363""; ","status: tsHAVE; hash: ""'\274\220\233\332\373\335\027\332I\377y`\224\260\350-\215\335\267[\036\265\265\252`\026&\030{\362\363""; "
1750527527409,1750527527409,3179,1,3,0,TMHaveTransactionSet,"status: tsHAVE; hash: ""'\274\220\233\332\373\335\027\332I\377y`\224\260\350-\215\335\267[\036\265\265\252`\026&\030{\362\363""; ","status: tsHAVE; hash: ""'\274\220\233\332\373\335\027\332I\377y`\224\260\350-\215\335\267[\036\265\265\252`\026&\030{\362\363""; "
1750527527410,1750527527410,3058,1,3,1,TMHaveTransactionSet,"status: tsHAVE; hash: ""'\274\220\233\332\373\335\027\332I\377y`\224\260\350-\215\335\267[\036\265\265\252`\026&\030{\362\363""; ","status: tsHAVE; hash: ""'\274\220\233\332\373\335\027\332I\377y`\224\260\350-\215\335\267[\036\265\265\252`\026&\030{\362\363""; "
1750527527411,1750527527411,2201,1,3,0,TMProposeSet,"proposeSeq: 0; currentTxHash: ""'\274\220\233\332\373\335\027\332I\377y`\224\260\350-\215\335\267[\036\265\265\252`\026&\030{\362\363""; nodePubKey: ""\002\364d\217\366\217|\316F\232\231\241\n\261\333`\312O\367\235\025DD\336e\367\n\312\326\221\037\025\230""; closeTime: 803842727; signature: ""0E\002!\000\3428\026\007 \244\3108\264\363J^\3551>\320\310E-.\340\344\301""\243\211""\276\267\222J\307\002 9\214\t\246\203{\235\364V\222\246&\251\272\257U\370\217()\276\256\247\334\240I\343\310\0144\3437""; previousledger: ""\265\024\321\362\354\211\250.\234s\225amc\305\035\366\276\037nD\277`\210\223N\3535\033\261\304f""; ","proposeSeq: 0; currentTxHash: ""'\274\220\233\332\373\335\027\332I\377y`\224\260\350-\215\335\267[\036\265\265\252`\026&\030{\362\363""; nodePubKey: ""\002\364d\217\366\217|\316F\232\231\241\n\261\333`\312O\367\235\025DD\336e\367\n\312\326\221\037\025\230""; closeTime: 803842727; signature: ""0E\002!\000\3428\026\007 \244\3108\264\363J^\3551>\320\310E-.\340\344\301""\243\211""\276\267\222J\307\002 9\214\t\246\203{\235\364V\222\246&\251\272\257U\370\217()\276\256\247\334\240I\343\310\0144\3437""; previousledger: ""\265\024\321\362\354\211\250.\234s\225amc\305\035\366\276\037nD\277`\210\223N\3535\033\261\304f""; "
1750527527411,1750527527411,3830,1,3,1,TMProposeSet,"proposeSeq: 0; currentTxHash: ""'\274\220\233\332\373\335\027\332I\377y`\224\260\350-\215\335\267[\036\265\265\252`\026&\030{\362\363""; nodePubKey: ""\002\364d\217\366\217|\316F\232\231\241\n\261\333`\312O\367\235\025DD\336e\367\n\312\326\221\037\025\230""; closeTime: 803842727; signature: ""0E\002!\000\3428\026\007 \244\3108\264\363J^\3551>\320\310E-.\340\344\301""\243\211""\276\267\222J\307\002 9\214\t\246\203{\235\364V\222\246&\251\272\257U\370\217()\276\256\247\334\240I\343\310\0144\3437""; previousledger: ""\265\024\321\362\354\211\250.\234s\225amc\305\035\366\276\037nD\277`\210\223N\3535\033\261\304f""; ","proposeSeq: 0; currentTxHash: ""'\274\220\233\332\373\335\027\332I\377y`\224\260\350-\215\335\267[\036\265\265\252`\026&\030{\362\363""; nodePubKey: ""\002\364d\217\366\217|\316F\232\231\241\n\261\333`\312O\367\235\025DD\336e\367\n\312\326\221\037\025\230""; closeTime: 803842727; signature: ""0E\002!\000\3428\026\007 \244\3108\264\363J^\3551>\320\310E-.\340\344\301""\243\211""\276\267\222J\307\002 9\214\t\246\203{\235\364V\222\246&\251\272\257U\370\217()\276\256\247\334\240I\343\310\0144\3437""; previousledger: ""\265\024\321\362\354\211\250.\234s\225amc\305\035\366\276\037nD\277`\210\223N\3535\033\261\304f""; "
1750527527411,1750527527411,1272,1,3,4,TMProposeSet,"proposeSeq: 0; currentTxHash: ""'\274\220\233\332\373\335\027\332I\377y`\224\260\350-\215\335\267[\036\265\265\252`\026&\030{\362\363""; nodePubKey: ""\002\364d\217\366\217|\316F\232\231\241\n\261\333`\312O\367\235\025DD\336e\367\n\312\326\221\037\025\230""; closeTime: 803842727; signature: ""0E\002!\000\3428\026\007 \244\3108\264\363J^\3551>\320\310E-.\340\344\301""\243\211""\276\267\222J\307\002 9\214\t\246\203{\235\364V\222\246&\251\272\257U\370\217()\276\256\247\334\240I\343\310\0144\3437""; previousledger: ""\265\024\321\362\354\211\250.\234s\225amc\305\035\366\276\037nD\277`\210\223N\3535\033\261\304f""; ","proposeSeq: 0; currentTxHash: ""'\274\220\233\332\373\335\027\332I\377y`\224\260\350-\215\335\267[\036\265\265\252`\026&\030{\362\363""; nodePubKey: ""\002\364d\217\366\217|\316F\232\231\241\n\261\333`\312O\367\235\025DD\336e\367\n\312\326\221\037\025\230""; closeTime: 803842727; signature: ""0E\002!\000\3428\026\007 \244\3108\264\363J^\3551>\320\310E-.\340\344\301""\243\211""\276\267\222J\307\002 9\214\t\246\203{\235\364V\222\246&\251\272\257U\370\217()\276\256\247\334\240I\343\310\0144\3437""; previousledger: ""\265\024\321\362\354\211\250.\234s\225amc\305\035\366\276\037nD\277`\210\223N\3535\033\261\304f""; "
1750527527412,1750527527412,3787,1,3,2,TMProposeSet,"proposeSeq: 0; currentTxHash: ""'\274\220\233\332\373\335\027\332I\377y`\224\260\350-\215\335\267[\036\265\265\252`\026&\030{\362\363""; nodePubKey: ""\002\364d\217\366\217|\316F\232\231\241\n\261\333`\312O\367\235\025DD\336e\367\n\312\326\221\037\025\230""; closeTime: 803842727; signature: ""0E\002!\000\3428\026\007 \244\3108\264\363J^\3551>\320\310E-.\340\344\301""\243\211""\276\267\222J\307\002 9\214\t\246\203{\235\364V\222\246&\251\272\257U\370\217()\276\256\247\334\240I\343\310\0144\3437""; previousledger: ""\265\024\321\362\354\211\250.\234s\225amc\305\035\366\276\037nD\277`\210\223N\3535\033\261\304f""; ","proposeSeq: 0; currentTxHash: ""'\274\220\233\332\373\335\027\332I\377y`\224\260\350-\215\335\267[\036\265\265\252`\026&\030{\362\363""; nodePubKey: ""\002\364d\217\366\217|\316F\232\231\241\n\261\333`\312O\367\235\025DD\336e\367\n\312\326\221\037\025\230""; closeTime: 803842727; signature: ""0E\002!\000\3428\026\007 \244\3108\264\363J^\3551>\320\310E-.\340\344\301""\243\211""\276\267\222J\307\002 9\214\t\246\203{\235\364V\222\246&\251\272\257U\370\217()\276\256\247\334\240I\343\310\0144\3437""; previousledger: ""\265\024\321\362\354\211\250.\234s\225amc\305\035\366\276\037nD\277`\210\223N\3535\033\261\304f""; "
1750527527413,1750527527413,2229,1,1,0,TMValidation,"validation: """"\200\000\000\001&\000\000\000\004)/\351\252\245:\355<\266\216~aC\027Q\265\024\321\362\354\211\250.\234s\225amc\305\035\366\276\037nD\277`\210\223N\3535\033\261\304fP\027\000\000\000\000\000\000\000\000\000\000\000\000\000\000\000\000\000\000\000\000\000\000\000\000\000\000\000\000\000\000\000\000P\031\375T\356\014\360o'\030\311-\267\031\257!\031T\006><\315XM\334\324\345\034\000\325\367\240\271\013s!\002\225aM\037\203M\271C\224]$\245\215\334\264;{{\365%Z\2443U\201\242\320iUc\207\367vG0E\002!\000\220\326;\233\322\024\232i\216c\211\212L2\037\035\264e\022\231\324\244\357\275,\266tk}R\326p\002 #k\352~\2759A\2770(;\315]\301`\007\273\017\361\233\354\316\364\343\033 v{\203dt#""; ","validation: """"\200\000\000\001&\000\000\000\004)/\351\252\245:\355<\266\216~aC\027Q\265\024\321\362\354\211\250.\234s\225amc\305\035\366\276\037nD\277`\210\223N\3535\033\261\304fP\027\000\000\000\000\000\000\000\000\000\000\000\000\000\000\000\000\000\000\000\000\000\000\000\000\000\000\000\000\000\000\000\000P\031\375T\356\014\360o'\030\311-\267\031\257!\031T\006><\315XM\334\324\345\034\000\325\367\240\271\013s!\002\225aM\037\203M\271C\224]$\245\215\334\264;{{\365%Z\2443U\201\242\320iUc\207\367vG0E\002!\000\220\326;\233\322\024\232i\216c\211\212L2\037\035\264e\022\231\324\244\357\275,\266tk}R\326p\002 #k\352~\2759A\2770(;\315]\301`\007\273\017\361\233\354\316\364\343\033 v{\203dt#""; "
1750527527413,1750527527413,3746,1,1,4,TMValidation,"validation: """"\200\000\000\001&\000\000\000\004)/\351\252\245:\355<\266\216~aC\027Q\265\024\321\362\354\211\250.\234s\225amc\305\035\366\276\037nD\277`\210\223N\3535\033\261\304fP\027\000\000\000\000\000\000\000\000\000\000\000\000\000\000\000\000\000\000\000\000\000\000\000\000\000\000\000\000\000\000\000\000P\031\375T\356\014\360o'\030\311-\267\031\257!\031T\006><\315XM\334\324\345\034\000\325\367\240\271\013s!\002\225aM\037\203M\271C\224]$\245\215\334\264;{{\365%Z\2443U\201\242\320iUc\207\367vG0E\002!\000\220\326;\233\322\024\232i\216c\211\212L2\037\035\264e\022\231\324\244\357\275,\266tk}R\326p\002 #k\352~\2759A\2770(;\315]\301`\007\273\017\361\233\354\316\364\343\033 v{\203dt#""; ","validation: """"\200\000\000\001&\000\000\000\004)/\351\252\245:\355<\266\216~aC\027Q\265\024\321\362\354\211\250.\234s\225amc\305\035\366\276\037nD\277`\210\223N\3535\033\261\304fP\027\000\000\000\000\000\000\000\000\000\000\000\000\000\000\000\000\000\000\000\000\000\000\000\000\000\000\000\000\000\000\000\000P\031\375T\356\014\360o'\030\311-\267\031\257!\031T\006><\315XM\334\324\345\034\000\325\367\240\271\013s!\002\225aM\037\203M\271C\224]$\245\215\334\264;{{\365%Z\2443U\201\242\320iUc\207\367vG0E\002!\000\220\326;\233\322\024\232i\216c\211\212L2\037\035\264e\022\231\324\244\357\275,\266tk}R\326p\002 #k\352~\2759A\2770(;\315]\301`\007\273\017\361\233\354\316\364\343\033 v{\203dt#""; "
1750527527413,1750527527413,1311,1,1,3,TMValidation,"validation: """"\200\000\000\001&\000\000\000\004)/\351\252\245:\355<\266\216~aC\027Q\265\024\321\362\354\211\250.\234s\225amc\305\035\366\276\037nD\277`\210\223N\3535\033\261\304fP\027\000\000\000\000\000\000\000\000\000\000\000\000\000\000\000\000\000\000\000\000\000\000\000\000\000\000\000\000\000\000\000\000P\031\375T\356\014\360o'\030\311-\267\031\257!\031T\006><\315XM\334\324\345\034\000\325\367\240\271\013s!\002\225aM\037\203M\271C\224]$\245\215\334\264;{{\365%Z\2443U\201\242\320iUc\207\367vG0E\002!\000\220\326;\233\322\024\232i\216c\211\212L2\037\035\264e\022\231\324\244\357\275,\266tk}R\326p\002 #k\352~\2759A\2770(;\315]\301`\007\273\017\361\233\354\316\364\343\033 v{\203dt#""; ","validation: """"\200\000\000\001&\000\000\000\004)/\351\252\245:\355<\266\216~aC\027Q\265\024\321\362\354\211\250.\234s\225amc\305\035\366\276\037nD\277`\210\223N\3535\033\261\304fP\027\000\000\000\000\000\000\000\000\000\000\000\000\000\000\000\000\000\000\000\000\000\000\000\000\000\000\000\000\000\000\000\000P\031\375T\356\014\360o'\030\311-\267\031\257!\031T\006><\315XM\334\324\345\034\000\325\367\240\271\013s!\002\225aM\037\203M\271C\224]$\245\215\334\264;{{\365%Z\2443U\201\242\320iUc\207\367vG0E\002!\000\220\326;\233\322\024\232i\216c\211\212L2\037\035\264e\022\231\324\244\357\275,\266tk}R\326p\002 #k\352~\2759A\2770(;\315]\301`\007\273\017\361\233\354\316\364\343\033 v{\203dt#""; "
1750527527425,1750527527425,2079,1,3,1,TMGetLedger,"itype: liTS_CANDIDATE; ledgerHash: ""[\000\302\314\326\214\276@c\240\272\222{\363\314\032\213\311\316\246/\330\302\014>\022\346\234\347\264\270\350""; nodeIDs: ""\000\000\000\000\000\000\000\000\000\000\000\000\000\000\000\000\000\000\000\000\000\000\000\000\000\000\000\000\000\000\000\000\000""; queryType: qtINDIRECT; queryDepth: 3; ","itype: liTS_CANDIDATE; ledgerHash: ""[\000\302\314\326\214\276@c\240\272\222{\363\314\032\213\311\316\246/\330\302\014>\022\346\234\347\264\270\350""; nodeIDs: ""\000\000\000\000\000\000\000\000\000\000\000\000\000\000\000\000\000\000\000\000\000\000\000\000\000\000\000\000\000\000\000\000\000""; queryType: qtINDIRECT; queryDepth: 3; "
1750527527406,1750527527452,3432,1,3,2,TMStatusChange,"newEvent: neCLOSING_LEDGER; ledgerSeq: 4; ledgerHash: ""\265\024\321\362\354\211\250.\234s\225amc\305\035\366\276\037nD\277`\210\223N\3535\033\261\304f""; ledgerHashPrevious: ""\375T\356\014\360o'\030\311-\267\031\257!\031T\006><\315XM\334\324\345\034\000\325\367\240\271\013""; networkTime: 803842727; firstSeq: 1; lastSeq: 4; ","newEvent: neCLOSING_LEDGER; ledgerSeq: 4; ledgerHash: ""\265\024\321\362\354\211\250.\234s\225amc\305\035\366\276\037nD\277`\210\223N\3535\033\261\304f""; ledgerHashPrevious: ""\375T\356\014\360o'\030\311-\267\031\257!\031T\006><\315XM\334\324\345\034\000\325\367\240\271\013""; networkTime: 803842727; firstSeq: 1; lastSeq: 4; "
1750527527409,1750527527453,1571,1,3,1,TMStatusChange,"newEvent: neCLOSING_LEDGER; ledgerSeq: 4; ledgerHash: ""\265\024\321\362\354\211\250.\234s\225amc\305\035\366\276\037nD\277`\210\223N\3535\033\261\304f""; ledgerHashPrevious: ""\375T\356\014\360o'\030\311-\267\031\257!\031T\006><\315XM\334\324\345\034\000\325\367\240\271\013""; networkTime: 803842727; firstSeq: 1; lastSeq: 4; ","newEvent: neCLOSING_LEDGER; ledgerSeq: 4; ledgerHash: ""\265\024\321\362\354\211\250.\234s\225amc\305\035\366\276\037nD\277`\210\223N\3535\033\261\304f""; ledgerHashPrevious: ""\375T\356\014\360o'\030\311-\267\031\257!\031T\006><\315XM\334\324\345\034\000\325\367\240\271\013""; networkTime: 803842727; firstSeq: 1; lastSeq: 4; "
1750527527408,1750527527452,3991,1,3,0,TMStatusChange,"newEvent: neCLOSING_LEDGER; ledgerSeq: 4; ledgerHash: ""\265\024\321\362\354\211\250.\234s\225amc\305\035\366\276\037nD\277`\210\223N\3535\033\261\304f""; ledgerHashPrevious: ""\375T\356\014\360o'\030\311-\267\031\257!\031T\006><\315XM\334\324\345\034\000\325\367\240\271\013""; networkTime: 803842727; firstSeq: 1; lastSeq: 4; ","newEvent: neCLOSING_LEDGER; ledgerSeq: 4; ledgerHash: ""\265\024\321\362\354\211\250.\234s\225amc\305\035\366\276\037nD\277`\210\223N\3535\033\261\304f""; ledgerHashPrevious: ""\375T\356\014\360o'\030\311-\267\031\257!\031T\006><\315XM\334\324\345\034\000\325\367\240\271\013""; networkTime: 803842727; firstSeq: 1; lastSeq: 4; "
1750527527407,1750527527452,598,1,3,4,TMStatusChange,"newEvent: neCLOSING_LEDGER; ledgerSeq: 4; ledgerHash: ""\265\024\321\362\354\211\250.\234s\225amc\305\035\366\276\037nD\277`\210\223N\3535\033\261\304f""; ledgerHashPrevious: ""\375T\356\014\360o'\030\311-\267\031\257!\031T\006><\315XM\334\324\345\034\000\325\367\240\271\013""; networkTime: 803842727; firstSeq: 1; lastSeq: 4; ","newEvent: neCLOSING_LEDGER; ledgerSeq: 4; ledgerHash: ""\265\024\321\362\354\211\250.\234s\225amc\305\035\366\276\037nD\277`\210\223N\3535\033\261\304f""; ledgerHashPrevious: ""\375T\356\014\360o'\030\311-\267\031\257!\031T\006><\315XM\334\324\345\034\000\325\367\240\271\013""; networkTime: 803842727; firstSeq: 1; lastSeq: 4; "
1750527527575,1750527527575,1659,1,2,0,TMProposeSet,"proposeSeq: 0; currentTxHash: ""'\274\220\233\332\373\335\027\332I\377y`\224\260\350-\215\335\267[\036\265\265\252`\026&\030{\362\363""; nodePubKey: ""\003\255\225A\213\332\224ehh\024BDq\224\250\335`\355\353{\357\266\335<\021\032\265\177\206\356&\215""; closeTime: 803842727; signature: ""0E\002!\000\310B\256\367D\360\323\236\374\032%\242\361+\254\305\264$p*I^O=\202\332\001 \271\363\205\230\002 *\272#\357\215W\005\3144\360\307\360\310\177^\013\346\335\353\n\3758TU\326|mt\276\374\313U""; previousledger: ""\265\024\321\362\354\211\250.\234s\225amc\305\035\366\276\037nD\277`\210\223N\3535\033\261\304f""; ","proposeSeq: 0; currentTxHash: ""'\274\220\233\332\373\335\027\332I\377y`\224\260\350-\215\335\267[\036\265\265\252`\026&\030{\362\363""; nodePubKey: ""\003\255\225A\213\332\224ehh\024BDq\224\250\335`\355\353{\357\266\335<\021\032\265\177\206\356&\215""; closeTime: 803842727; signature: ""0E\002!\000\310B\256\367D\360\323\236\374\032%\242\361+\254\305\264$p*I^O=\202\332\001 \271\363\205\230\002 *\272#\357\215W\005\3144\360\307\360\310\177^\013\346\335\353\n\3758TU\326|mt\276\374\313U""; previousledger: ""\265\024\321\362\354\211\250.\234s\225amc\305\035\366\276\037nD\277`\210\223N\3535\033\261\304f""; "
1750527527575,1750527527576,3121,1,2,0,TMHaveTransactionSet,"status: tsHAVE; hash: ""'\274\220\233\332\373\335\027\332I\377y`\224\260\350-\215\335\267[\036\265\265\252`\026&\030{\362\363""; ","status: tsHAVE; hash: ""'\274\220\233\332\373\335\027\332I\377y`\224\260\350-\215\335\267[\036\265\265\252`\026&\030{\362\363""; "
1750527527577,1750527527578,2054,1,2,3,TMHaveTransactionSet,"status: tsHAVE; hash: ""'\274\220\233\332\373\335\027\332I\377y`\224\260\350-\215\335\267[\036\265\265\252`\026&\030{\362\363""; ","status: tsHAVE; hash: ""'\274\220\233\332\373\335\027\332I\377y`\224\260\350-\215\335\267[\036\265\265\252`\026&\030{\362\363""; "
1750527527578,1750527527578,825,1,2,1,TMHaveTransactionSet,"status: tsHAVE; hash: ""'\274\220\233\332\373\335\027\332I\377y`\224\260\350-\215\335\267[\036\265\265\252`\026&\030{\362\363""; ","status: tsHAVE; hash: ""'\274\220\233\332\373\335\027\332I\377y`\224\260\350-\215\335\267[\036\265\265\252`\026&\030{\362\363""; "
1750527527579,1750527527579,2221,1,2,1,TMProposeSet,"proposeSeq: 0; currentTxHash: ""'\274\220\233\332\373\335\027\332I\377y`\224\260\350-\215\335\267[\036\265\265\252`\026&\030{\362\363""; nodePubKey: ""\003\255\225A\213\332\224ehh\024BDq\224\250\335`\355\353{\357\266\335<\021\032\265\177\206\356&\215""; closeTime: 803842727; signature: ""0E\002!\000\310B\256\367D\360\323\236\374\032%\242\361+\254\305\264$p*I^O=\202\332\001 \271\363\205\230\002 *\272#\357\215W\005\3144\360\307\360\310\177^\013\346\335\353\n\3758TU\326|mt\276\374\313U""; previousledger: ""\265\024\321\362\354\211\250.\234s\225amc\305\035\366\276\037nD\277`\210\223N\3535\033\261\304f""; ","proposeSeq: 0; currentTxHash: ""'\274\220\233\332\373\335\027\332I\377y`\224\260\350-\215\335\267[\036\265\265\252`\026&\030{\362\363""; nodePubKey: ""\003\255\225A\213\332\224ehh\024BDq\224\250\335`\355\353{\357\266\335<\021\032\265\177\206\356&\215""; closeTime: 803842727; signature: ""0E\002!\000\310B\256\367D\360\323\236\374\032%\242\361+\254\305\264$p*I^O=\202\332\001 \271\363\205\230\002 *\272#\357\215W\005\3144\360\307\360\310\177^\013\346\335\353\n\3758TU\326|mt\276\374\313U""; previousledger: ""\265\024\321\362\354\211\250.\234s\225amc\305\035\366\276\037nD\277`\210\223N\3535\033\261\304f""; "
1750527527579,1750527527579,2762,1,2,3,TMProposeSet,"proposeSeq: 0; currentTxHash: ""'\274\220\233\332\373\335\027\332I\377y`\224\260\350-\215\335\267[\036\265\265\252`\026&\030{\362\363""; nodePubKey: ""\003\255\225A\213\332\224ehh\024BDq\224\250\335`\355\353{\357\266\335<\021\032\265\177\206\356&\215""; closeTime: 803842727; signature: ""0E\002!\000\310B\256\367D\360\323\236\374\032%\242\361+\254\305\264$p*I^O=\202\332\001 \271\363\205\230\002 *\272#\357\215W\005\3144\360\307\360\310\177^\013\346\335\353\n\3758TU\326|mt\276\374\313U""; previousledger: ""\265\024\321\362\354\211\250.\234s\225amc\305\035\366\276\037nD\277`\210\223N\3535\033\261\304f""; ","proposeSeq: 0; currentTxHash: ""'\274\220\233\332\373\335\027\332I\377y`\224\260\350-\215\335\267[\036\265\265\252`\026&\030{\362\363""; nodePubKey: ""\003\255\225A\213\332\224ehh\024BDq\224\250\335`\355\353{\357\266\335<\021\032\265\177\206\356&\215""; closeTime: 803842727; signature: ""0E\002!\000\310B\256\367D\360\323\236\374\032%\242\361+\254\305\264$p*I^O=\202\332\001 \271\363\205\230\002 *\272#\357\215W\005\3144\360\307\360\310\177^\013\346\335\353\n\3758TU\326|mt\276\374\313U""; previousledger: ""\265\024\321\362\354\211\250.\234s\225amc\305\035\366\276\037nD\277`\210\223N\3535\033\261\304f""; "
1750527527580,1750527527581,541,1,0,2,TMTransaction,"rawTransaction: ""\022\000\000""\000\000\000\000$\000\000\000\003 \033\000\000\000\027a@\000\000\027H\206*@h@\000\000\000\000\000\000\ns!\0030\347\374\235V\273%\326\211;\243\363\027\256[\3173\263)\033\326=\263&T\243\023""/\177\320 tG0E\002!\000\331\256\320+2\242\010\n\376|\305\276\364R\036\255\251\372V7\276D\204\246\023\3070`Y\206o\250\002 o\311\353;\rUO\277\031IF\305E\240\377\021\246fr\335i\217\226=$\351rP\274VM\327\201\024\265\367by\212S\325C\240\024\312\370\262\227\317\370\362\3717\350\203\024\3177\2633\3425H\2210g]\027\350~`\267{\247\373\332""; status: tsCURRENT; receiveTimestamp: 803842727; deferred: false; ","rawTransaction: ""\022\000\000""\000\000\000\000$\000\000\000\003 \033\000\000\000\027a@\000\000\027H\206*@h@\000\000\000\000\000\000\ns!\0030\347\374\235V\273%\326\211;\243\363\027\256[\3173\263)\033\326=\263&T\243\023""/\177\320 tG0E\002!\000\331\256\320+2\242\010\n\376|\305\276\364R\036\255\251\372V7\276D\204\246\023\3070`Y\206o\250\002 o\311\353;\rUO\277\031IF\305E\240\377\021\246fr\335i\217\226=$\351rP\274VM\327\201\024\265\367by\212S\325C\240\024\312\370\262\227\317\370\362\3717\350\203\024\3177\2633\3425H\2210g]\027\350~`\267{\247\373\332""; status: tsCURRENT; receiveTimestamp: 803842727; deferred: false; "
1750527527581,1750527527582,3443,1,0,3,TMTransaction,"rawTransaction: ""\022\000\000""\000\000\000\000$\000\000\000\003 \033\000\000\000\027a@\000\000\027H\206*@h@\000\000\000\000\000\000\ns!\0030\347\374\235V\273%\326\211;\243\363\027\256[\3173\263)\033\326=\263&T\243\023""/\177\320 tG0E\002!\000\331\256\320+2\242\010\n\376|\305\276\364R\036\255\251\372V7\276D\204\246\023\3070`Y\206o\250\002 o\311\353;\rUO\277\031IF\305E\240\377\021\246fr\335i\217\226=$\351rP\274VM\327\201\024\265\367by\212S\325C\240\024\312\370\262\227\317\370\362\3717\350\203\024\3177\2633\3425H\2210g]\027\350~`\267{\247\373\332""; status: tsCURRENT; receiveTimestamp: 803842727; deferred: false; ","rawTransaction: ""\022\000\000""\000\000\000\000$\000\000\000\003 \033\000\000\000\027a@\000\000\027H\206*@h@\000\000\000\000\000\000\ns!\0030\347\374\235V\273%\326\211;\243\363\027\256[\3173\263)\033\326=\263&T\243\023""/\177\320 tG0E\002!\000\331\256\320+2\242\010\n\376|\305\276\364R\036\255\251\372V7\276D\204\246\023\3070`Y\206o\250\002 o\311\353;\rUO\277\031IF\305E\240\377\021\246fr\335i\217\226=$\351rP\274VM\327\201\024\265\367by\212S\325C\240\024\312\370\262\227\317\370\362\3717\350\203\024\3177\2633\3425H\2210g]\027\350~`\267{\247\373\332""; status: tsCURRENT; receiveTimestamp: 803842727; deferred: false; "
1750527527581,1750527527582,1617,1,0,1,TMTransaction,"rawTransaction: ""\022\000\000""\000\000\000\000$\000\000\000\003 \033\000\000\000\027a@\000\000\027H\206*@h@\000\000\000\000\000\000\ns!\0030\347\374\235V\273%\326\211;\243\363\027\256[\3173\263)\033\326=\263&T\243\023""/\177\320 tG0E\002!\000\331\256\320+2\242\010\n\376|\305\276\364R\036\255\251\372V7\276D\204\246\023\3070`Y\206o\250\002 o\311\353;\rUO\277\031IF\305E\240\377\021\246fr\335i\217\226=$\351rP\274VM\327\201\024\265\367by\212S\325C\240\024\312\370\262\227\317\370\362\3717\350\203\024\3177\2633\3425H\2210g]\027\350~`\267{\247\373\332""; status: tsCURRENT; receiveTimestamp: 803842727; deferred: false; ","rawTransaction: ""\022\000\000""\000\000\000\000$\000\000\000\003 \033\000\000\000\027a@\000\000\027H\206*@h@\000\000\000\000\000\000\ns!\0030\347\374\235V\273%\326\211;\243\363\027\256[\3173\263)\033\326=\263&T\243\023""/\177\320 tG0E\002!\000\331\256\320+2\242\010\n\376|\305\276\364R\036\255\251\372V7\276D\204\246\023\3070`Y\206o\250\002 o\311\353;\rUO\277\031IF\305E\240\377\021\246fr\335i\217\226=$\351rP\274VM\327\201\024\265\367by\212S\325C\240\024\312\370\262\227\317\370\362\3717\350\203\024\3177\2633\3425H\2210g]\027\350~`\267{\247\373\332""; status: tsCURRENT; receiveTimestamp: 803842727; deferred: false; "
1750527527596,1750527527596,723,1,2,3,TMValidation,"validation: """"\200\000\000\001&\000\000\000\004)/\351\252\246:\303`\246;Q\203[_Q\265\024\321\362\354\211\250.\234s\225amc\305\035\366\276\037nD\277`\210\223N\3535\033\261\304fP\027\000\000\000\000\000\000\000\000\000\000\000\000\000\000\000\000\000\000\000\000\000\000\000\000\000\000\000\000\000\000\000\000P\031\375T\356\014\360o'\030\311-\267\031\257!\031T\006><\315XM\334\324\345\034\000\325\367\240\271\013s!\002\266\377\271\344:\030\221i\267\257\215\237M\014\3345f\014\273|\207\367\334\337F\325\004cxB\211LvF0D\002 \022\325\021\032Q\026\377\244\215Q\034\302\346\352\236\021\227Mc\26442\323x\300\002\376\253\351\250F4\002 &\375\210\316\367\r\326\201\335A_2\022J-\377\365\245\252\t\014j\201\305\204\014\200mK\340\236$""; ","validation: """"\200\000\000\001&\000\000\000\004)/\351\252\246:\303`\246;Q\203[_Q\265\024\321\362\354\211\250.\234s\225amc\305\035\366\276\037nD\277`\210\223N\3535\033\261\304fP\027\000\000\000\000\000\000\000\000\000\000\000\000\000\000\000\000\000\000\000\000\000\000\000\000\000\000\000\000\000\000\000\000P\031\375T\356\014\360o'\030\311-\267\031\257!\031T\006><\315XM\334\324\345\034\000\325\367\240\271\013s!\002\266\377\271\344:\030\221i\267\257\215\237M\014\3345f\014\273|\207\367\334\337F\325\004cxB\211LvF0D\002 \022\325\021\032Q\026\377\244\215Q\034\302\346\352\236\021\227Mc\26442\323x\300\002\376\253\351\250F4\002 &\375\210\316\367\r\326\201\335A_2\022J-\377\365\245\252\t\014j\201\305\204\014\200mK\340\236$""; "
1750527527596,1750527527596,446,1,2,0,TMValidation,"validation: """"\200\000\000\001&\000\000\000\004)/\351\252\246:\303`\246;Q\203[_Q\265\024\321\362\354\211\250.\234s\225amc\305\035\366\276\037nD\277`\210\223N\3535\033\261\304fP\027\000\000\000\000\000\000\000\000\000\000\000\000\000\000\000\000\000\000\000\000\000\000\000\000\000\000\000\000\000\000\000\000P\031\375T\356\014\360o'\030\311-\267\031\257!\031T\006><\315XM\334\324\345\034\000\325\367\240\271\013s!\002\266\377\271\344:\030\221i\267\257\215\237M\014\3345f\014\273|\207\367\334\337F\325\004cxB\211LvF0D\002 \022\325\021\032Q\026\377\244\215Q\034\302\346\352\236\021\227Mc\26442\323x\300\002\376\253\351\250F4\002 &\375\210\316\367\r\326\201\335A_2\022J-\377\365\245\252\t\014j\201\305\204\014\200mK\340\236$""; ","validation: """"\200\000\000\001&\000\000\000\004)/\351\252\246:\303`\246;Q\203[_Q\265\024\321\362\354\211\250.\234s\225amc\305\035\366\276\037nD\277`\210\223N\3535\033\261\304fP\027\000\000\000\000\000\000\000\000\000\000\000\000\000\000\000\000\000\000\000\000\000\000\000\000\000\000\000\000\000\000\000\000P\031\375T\356\014\360o'\030\311-\267\031\257!\031T\006><\315XM\334\324\345\034\000\325\367\240\271\013s!\002\266\377\271\344:\030\221i\267\257\215\237M\014\3345f\014\273|\207\367\334\337F\325\004cxB\211LvF0D\002 \022\325\021\032Q\026\377\244\215Q\034\302\346\352\236\021\227Mc\26442\323x\300\002\376\253\351\250F4\002 &\375\210\316\367\r\326\201\335A_2\022J-\377\365\245\252\t\014j\201\305\204\014\200mK\340\236$""; "
1750527527619,1750527527619,3046,1,2,4,TMProposeSet,"proposeSeq: 0; currentTxHash: ""'\274\220\233\332\373\335\027\332I\377y`\224\260\350-\215\335\267[\036\265\265\252`\026&\030{\362\363""; nodePubKey: ""\003\255\225A\213\332\224ehh\024BDq\224\250\335`\355\353{\357\266\335<\021\032\265\177\206\356&\215""; closeTime: 803842727; signature: ""0E\002!\000\310B\256\367D\360\323\236\374\032%\242\361+\254\305\264$p*I^O=\202\332\001 \271\363\205\230\002 *\272#\357\215W\005\3144\360\307\360\310\177^\013\346\335\353\n\3758TU\326|mt\276\374\313U""; previousledger: ""\265\024\321\362\354\211\250.\234s\225amc\305\035\366\276\037nD\277`\210\223N\3535\033\261\304f""; ","proposeSeq: 0; currentTxHash: ""'\274\220\233\332\373\335\027\332I\377y`\224\260\350-\215\335\267[\036\265\265\252`\026&\030{\362\363""; nodePubKey: ""\003\255\225A\213\332\224ehh\024BDq\224\250\335`\355\353{\357\266\335<\021\032\265\177\206\356&\215""; closeTime: 803842727; signature: ""0E\002!\000\310B\256\367D\360\323\236\374\032%\242\361+\254\305\264$p*I^O=\202\332\001 \271\363\205\230\002 *\272#\357\215W\005\3144\360\307\360\310\177^\013\346\335\353\n\3758TU\326|mt\276\374\313U""; previousledger: ""\265\024\321\362\354\211\250.\234s\225amc\305\035\366\276\037nD\277`\210\223N\3535\033\261\304f""; "
1750527527619,1750527527619,3128,1,2,4,TMValidation,"validation: """"\200\000\000\001&\000\000\000\004)/\351\252\246:\303`\246;Q\203[_Q\265\024\321\362\354\211\250.\234s\225amc\305\035\366\276\037nD\277`\210\223N\3535\033\261\304fP\027\000\000\000\000\000\000\000\000\000\000\000\000\000\000\000\000\000\000\000\000\000\000\000\000\000\000\000\000\000\000\000\000P\031\375T\356\014\360o'\030\311-\267\031\257!\031T\006><\315XM\334\324\345\034\000\325\367\240\271\013s!\002\266\377\271\344:\030\221i\267\257\215\237M\014\3345f\014\273|\207\367\334\337F\325\004cxB\211LvF0D\002 \022\325\021\032Q\026\377\244\215Q\034\302\346\352\236\021\227Mc\26442\323x\300\002\376\253\351\250F4\002 &\375\210\316\367\r\326\201\335A_2\022J-\377\365\245\252\t\014j\201\305\204\014\200mK\340\236$""; ","validation: """"\200\000\000\001&\000\000\000\004)/\351\252\246:\303`\246;Q\203[_Q\265\024\321\362\354\211\250.\234s\225amc\305\035\366\276\037nD\277`\210\223N\3535\033\261\304fP\027\000\000\000\000\000\000\000\000\000\000\000\000\000\000\000\000\000\000\000\000\000\000\000\000\000\000\000\000\000\000\000\000P\031\375T\356\014\360o'\030\311-\267\031\257!\031T\006><\315XM\334\324\345\034\000\325\367\240\271\013s!\002\266\377\271\344:\030\221i\267\257\215\237M\014\3345f\014\273|\207\367\334\337F\325\004cxB\211LvF0D\002 \022\325\021\032Q\026\377\244\215Q\034\302\346\352\236\021\227Mc\26442\323x\300\002\376\253\351\250F4\002 &\375\210\316\367\r\326\201\335A_2\022J-\377\365\245\252\t\014j\201\305\204\014\200mK\340\236$""; "
1750527527620,1750527527620,132,1,2,4,TMHaveTransactionSet,"status: tsHAVE; hash: ""'\274\220\233\332\373\335\027\332I\377y`\224\260\350-\215\335\267[\036\265\265\252`\026&\030{\362\363""; ","status: tsHAVE; hash: ""'\274\220\233\332\373\335\027\332I\377y`\224\260\350-\215\335\267[\036\265\265\252`\026&\030{\362\363""; "
1750527527574,1750527527624,3446,1,2,4,TMStatusChange,"newEvent: neCLOSING_LEDGER; ledgerSeq: 4; ledgerHash: ""\265\024\321\362\354\211\250.\234s\225amc\305\035\366\276\037nD\277`\210\223N\3535\033\261\304f""; ledgerHashPrevious: ""\375T\356\014\360o'\030\311-\267\031\257!\031T\006><\315XM\334\324\345\034\000\325\367\240\271\013""; networkTime: 803842727; firstSeq: 1; lastSeq: 4; ","newEvent: neCLOSING_LEDGER; ledgerSeq: 4; ledgerHash: ""\265\024\321\362\354\211\250.\234s\225amc\305\035\366\276\037nD\277`\210\223N\3535\033\261\304f""; ledgerHashPrevious: ""\375T\356\014\360o'\030\311-\267\031\257!\031T\006><\315XM\334\324\345\034\000\325\367\240\271\013""; networkTime: 803842727; firstSeq: 1; lastSeq: 4; "
1750527527578,1750527527625,1536,1,2,1,TMStatusChange,"newEvent: neCLOSING_LEDGER; ledgerSeq: 4; ledgerHash: ""\265\024\321\362\354\211\250.\234s\225amc\305\035\366\276\037nD\277`\210\223N\3535\033\261\304f""; ledgerHashPrevious: ""\375T\356\014\360o'\030\311-\267\031\257!\031T\006><\315XM\334\324\345\034\000\325\367\240\271\013""; networkTime: 803842727; firstSeq: 1; lastSeq: 4; ","newEvent: neCLOSING_LEDGER; ledgerSeq: 4; ledgerHash: ""\265\024\321\362\354\211\250.\234s\225amc\305\035\366\276\037nD\277`\210\223N\3535\033\261\304f""; ledgerHashPrevious: ""\375T\356\014\360o'\030\311-\267\031\257!\031T\006><\315XM\334\324\345\034\000\325\367\240\271\013""; networkTime: 803842727; firstSeq: 1; lastSeq: 4; "
1750527527576,1750527527625,593,1,2,3,TMStatusChange,"newEvent: neCLOSING_LEDGER; ledgerSeq: 4; ledgerHash: ""\265\024\321\362\354\211\250.\234s\225amc\305\035\366\276\037nD\277`\210\223N\3535\033\261\304f""; ledgerHashPrevious: ""\375T\356\014\360o'\030\311-\267\031\257!\031T\006><\315XM\334\324\345\034\000\325\367\240\271\013""; networkTime: 803842727; firstSeq: 1; lastSeq: 4; ","newEvent: neCLOSING_LEDGER; ledgerSeq: 4; ledgerHash: ""\265\024\321\362\354\211\250.\234s\225amc\305\035\366\276\037nD\277`\210\223N\3535\033\261\304f""; ledgerHashPrevious: ""\375T\356\014\360o'\030\311-\267\031\257!\031T\006><\315XM\334\324\345\034\000\325\367\240\271\013""; networkTime: 803842727; firstSeq: 1; lastSeq: 4; "
1750527527576,1750527527624,679,1,2,0,TMStatusChange,"newEvent: neCLOSING_LEDGER; ledgerSeq: 4; ledgerHash: ""\265\024\321\362\354\211\250.\234s\225amc\305\035\366\276\037nD\277`\210\223N\3535\033\261\304f""; ledgerHashPrevious: ""\375T\356\014\360o'\030\311-\267\031\257!\031T\006><\315XM\334\324\345\034\000\325\367\240\271\013""; networkTime: 803842727; firstSeq: 1; lastSeq: 4; ","newEvent: neCLOSING_LEDGER; ledgerSeq: 4; ledgerHash: ""\265\024\321\362\354\211\250.\234s\225amc\305\035\366\276\037nD\277`\210\223N\3535\033\261\304f""; ledgerHashPrevious: ""\375T\356\014\360o'\030\311-\267\031\257!\031T\006><\315XM\334\324\345\034\000\325\367\240\271\013""; networkTime: 803842727; firstSeq: 1; lastSeq: 4; "
1750527527634,1750527527634,1131,1,3,0,TMGetLedger,"itype: liTS_CANDIDATE; ledgerHash: ""\310\200l\322\255\214\342'\243\202\375k%_\335\032N\021G\005\230\271\366~%e\366\202l^\rR""; nodeIDs: ""\000\000\000\000\000\000\000\000\000\000\000\000\000\000\000\000\000\000\000\000\000\000\000\000\000\000\000\000\000\000\000\000\000""; queryType: qtINDIRECT; queryDepth: 3; ","itype: liTS_CANDIDATE; ledgerHash: ""\310\200l\322\255\214\342'\243\202\375k%_\335\032N\021G\005\230\271\366~%e\366\202l^\rR""; nodeIDs: ""\000\000\000\000\000\000\000\000\000\000\000\000\000\000\000\000\000\000\000\000\000\000\000\000\000\000\000\000\000\000\000\000\000""; queryType: qtINDIRECT; queryDepth: 3; "
1750527527634,1750527527634,2794,1,3,2,TMGetLedger,"itype: liTS_CANDIDATE; ledgerHash: ""\310\200l\322\255\214\342'\243\202\375k%_\335\032N\021G\005\230\271\366~%e\366\202l^\rR""; nodeIDs: ""\000\000\000\000\000\000\000\000\000\000\000\000\000\000\000\000\000\000\000\000\000\000\000\000\000\000\000\000\000\000\000\000\000""; queryType: qtINDIRECT; queryDepth: 3; ","itype: liTS_CANDIDATE; ledgerHash: ""\310\200l\322\255\214\342'\243\202\375k%_\335\032N\021G\005\230\271\366~%e\366\202l^\rR""; nodeIDs: ""\000\000\000\000\000\000\000\000\000\000\000\000\000\000\000\000\000\000\000\000\000\000\000\000\000\000\000\000\000\000\000\000\000""; queryType: qtINDIRECT; queryDepth: 3; "
1750527527635,1750527527635,2079,1,3,1,TMGetLedger,"itype: liTS_CANDIDATE; ledgerHash: ""\310\200l\322\255\214\342'\243\202\375k%_\335\032N\021G\005\230\271\366~%e\366\202l^\rR""; nodeIDs: ""\000\000\000\000\000\000\000\000\000\000\000\000\000\000\000\000\000\000\000\000\000\000\000\000\000\000\000\000\000\000\000\000\000""; queryType: qtINDIRECT; queryDepth: 3; ","itype: liTS_CANDIDATE; ledgerHash: ""\310\200l\322\255\214\342'\243\202\375k%_\335\032N\021G\005\230\271\366~%e\366\202l^\rR""; nodeIDs: ""\000\000\000\000\000\000\000\000\000\000\000\000\000\000\000\000\000\000\000\000\000\000\000\000\000\000\000\000\000\000\000\000\000""; queryType: qtINDIRECT; queryDepth: 3; "
1750527527635,1750527527635,1019,1,3,4,TMGetLedger,"itype: liTS_CANDIDATE; ledgerHash: ""\310\200l\322\255\214\342'\243\202\375k%_\335\032N\021G\005\230\271\366~%e\366\202l^\rR""; nodeIDs: ""\000\000\000\000\000\000\000\000\000\000\000\000\000\000\000\000\000\000\000\000\000\000\000\000\000\000\000\000\000\000\000\000\000""; queryType: qtINDIRECT; queryDepth: 3; ","itype: liTS_CANDIDATE; ledgerHash: ""\310\200l\322\255\214\342'\243\202\375k%_\335\032N\021G\005\230\271\366~%e\366\202l^\rR""; nodeIDs: ""\000\000\000\000\000\000\000\000\000\000\000\000\000\000\000\000\000\000\000\000\000\000\000\000\000\000\000\000\000\000\000\000\000""; queryType: qtINDIRECT; queryDepth: 3; "
1750527527639,1750527527639,970,1,1,4,TMHaveTransactionSet,"status: tsHAVE; hash: ""'\274\220\233\332\373\335\027\332I\377y`\224\260\350-\215\335\267[\036\265\265\252`\026&\030{\362\363""; ","status: tsHAVE; hash: ""'\274\220\233\332\373\335\027\332I\377y`\224\260\350-\215\335\267[\036\265\265\252`\026&\030{\362\363""; "
1750527527641,1750527527641,3327,1,1,3,TMHaveTransactionSet,"status: tsHAVE; hash: ""'\274\220\233\332\373\335\027\332I\377y`\224\260\350-\215\335\267[\036\265\265\252`\026&\030{\362\363""; ","status: tsHAVE; hash: ""'\274\220\233\332\373\335\027\332I\377y`\224\260\350-\215\335\267[\036\265\265\252`\026&\030{\362\363""; "
1750527527642,1750527527642,2742,1,1,0,TMProposeSet,"proposeSeq: 0; currentTxHash: ""'\274\220\233\332\373\335\027\332I\377y`\224\260\350-\215\335\267[\036\265\265\252`\026&\030{\362\363""; nodePubKey: ""\002\266\377\271\344:\030\221i\267\257\215\237M\014\3345f\014\273|\207\367\334\337F\325\004cxB\211L""; closeTime: 803842727; signature: ""0D\002 \i\374\350\207=k\343O\215\001(\277\037\374^\001wx\007lZr\036\355\307\373\036\270F\301*\002 ,\301P\0315ppL\376<Q\004\332\310\224\351B\361\002R\005#\r6\343\035\272&\006\315Ni""; previousledger: ""\265\024\321\362\354\211\250.\234s\225amc\305\035\366\276\037nD\277`\210\223N\3535\033\261\304f""; ","proposeSeq: 0; currentTxHash: ""'\274\220\233\332\373\335\027\332I\377y`\224\260\350-\215\335\267[\036\265\265\252`\026&\030{\362\363""; nodePubKey: ""\002\266\377\271\344:\030\221i\267\257\215\237M\014\3345f\014\273|\207\367\334\337F\325\004cxB\211L""; closeTime: 803842727; signature: ""0D\002 \i\374\350\207=k\343O\215\001(\277\037\374^\001wx\007lZr\036\355\307\373\036\270F\301*\002 ,\301P\0315ppL\376<Q\004\332\310\224\351B\361\002R\005#\r6\343\035\272&\006\315Ni""; previousledger: ""\265\024\321\362\354\211\250.\234s\225amc\305\035\366\276\037nD\277`\210\223N\3535\033\261\304f""; "
1750527527642,1750527527642,2995,1,1,0,TMHaveTransactionSet,"status: tsHAVE; hash: ""'\274\220\233\332\373\335\027\332I\377y`\224\260\350-\215\335\267[\036\265\265\252`\026&\030{\362\363""; ","status: tsHAVE; hash: ""'\274\220\233\332\373\335\027\332I\377y`\224\260\350-\215\335\267[\036\265\265\252`\026&\030{\362\363""; "
1750527527641,1750527527641,3299,1,1,3,TMProposeSet,"proposeSeq: 0; currentTxHash: ""'\274\220\233\332\373\335\027\332I\377y`\224\260\350-\215\335\267[\036\265\265\252`\026&\030{\362\363""; nodePubKey: ""\002\266\377\271\344:\030\221i\267\257\215\237M\014\3345f\014\273|\207\367\334\337F\325\004cxB\211L""; closeTime: 803842727; signature: ""0D\002 \i\374\350\207=k\343O\215\001(\277\037\374^\001wx\007lZr\036\355\307\373\036\270F\301*\002 ,\301P\0315ppL\376<Q\004\332\310\224\351B\361\002R\005#\r6\343\035\272&\006\315Ni""; previousledger: ""\265\024\321\362\354\211\250.\234s\225amc\305\035\366\276\037nD\277`\210\223N\3535\033\261\304f""; ","proposeSeq: 0; currentTxHash: ""'\274\220\233\332\373\335\027\332I\377y`\224\260\350-\215\335\267[\036\265\265\252`\026&\030{\362\363""; nodePubKey: ""\002\266\377\271\344:\030\221i\267\257\215\237M\014\3345f\014\273|\207\367\334\337F\325\004cxB\211L""; closeTime: 803842727; signature: ""0D\002 \i\374\350\207=k\343O\215\001(\277\037\374^\001wx\007lZr\036\355\307\373\036\270F\301*\002 ,\301P\0315ppL\376<Q\004\332\310\224\351B\361\002R\005#\r6\343\035\272&\006\315Ni""; previousledger: ""\265\024\321\362\354\211\250.\234s\225amc\305\035\366\276\037nD\277`\210\223N\3535\033\261\304f""; "
1750527527643,1750527527643,438,1,1,4,TMProposeSet,"proposeSeq: 0; currentTxHash: ""'\274\220\233\332\373\335\027\332I\377y`\224\260\350-\215\335\267[\036\265\265\252`\026&\030{\362\363""; nodePubKey: ""\002\266\377\271\344:\030\221i\267\257\215\237M\014\3345f\014\273|\207\367\334\337F\325\004cxB\211L""; closeTime: 803842727; signature: ""0D\002 \i\374\350\207=k\343O\215\001(\277\037\374^\001wx\007lZr\036\355\307\373\036\270F\301*\002 ,\301P\0315ppL\376<Q\004\332\310\224\351B\361\002R\005#\r6\343\035\272&\006\315Ni""; previousledger: ""\265\024\321\362\354\211\250.\234s\225amc\305\035\366\276\037nD\277`\210\223N\3535\033\261\304f""; ","proposeSeq: 0; currentTxHash: ""'\274\220\233\332\373\335\027\332I\377y`\224\260\350-\215\335\267[\036\265\265\252`\026&\030{\362\363""; nodePubKey: ""\002\266\377\271\344:\030\221i\267\257\215\237M\014\3345f\014\273|\207\367\334\337F\325\004cxB\211L""; closeTime: 803842727; signature: ""0D\002 \i\374\350\207=k\343O\215\001(\277\037\374^\001wx\007lZr\036\355\307\373\036\270F\301*\002 ,\301P\0315ppL\376<Q\004\332\310\224\351B\361\002R\005#\r6\343\035\272&\006\315Ni""; previousledger: ""\265\024\321\362\354\211\250.\234s\225amc\305\035\366\276\037nD\277`\210\223N\3535\033\261\304f""; "
1750527527643,1750527527643,1394,1,1,2,TMProposeSet,"proposeSeq: 0; currentTxHash: ""'\274\220\233\332\373\335\027\332I\377y`\224\260\350-\215\335\267[\036\265\265\252`\026&\030{\362\363""; nodePubKey: ""\002\266\377\271\344:\030\221i\267\257\215\237M\014\3345f\014\273|\207\367\334\337F\325\004cxB\211L""; closeTime: 803842727; signature: ""0D\002 \i\374\350\207=k\343O\215\001(\277\037\374^\001wx\007lZr\036\355\307\373\036\270F\301*\002 ,\301P\0315ppL\376<Q\004\332\310\224\351B\361\002R\005#\r6\343\035\272&\006\315Ni""; previousledger: ""\265\024\321\362\354\211\250.\234s\225amc\305\035\366\276\037nD\277`\210\223N\3535\033\261\304f""; ","proposeSeq: 0; currentTxHash: ""'\274\220\233\332\373\335\027\332I\377y`\224\260\350-\215\335\267[\036\265\265\252`\026&\030{\362\363""; nodePubKey: ""\002\266\377\271\344:\030\221i\267\257\215\237M\014\3345f\014\273|\207\367\334\337F\325\004cxB\211L""; closeTime: 803842727; signature: ""0D\002 \i\374\350\207=k\343O\215\001(\277\037\374^\001wx\007lZr\036\355\307\373\036\270F\301*\002 ,\301P\0315ppL\376<Q\004\332\310\224\351B\361\002R\005#\r6\343\035\272&\006\315Ni""; previousledger: ""\265\024\321\362\354\211\250.\234s\225amc\305\035\366\276\037nD\277`\210\223N\3535\033\261\304f""; "
1750527527643,1750527527643,2874,1,1,2,TMHaveTransactionSet,"status: tsHAVE; hash: ""'\274\220\233\332\373\335\027\332I\377y`\224\260\350-\215\335\267[\036\265\265\252`\026&\030{\362\363""; ","status: tsHAVE; hash: ""'\274\220\233\332\373\335\027\332I\377y`\224\260\350-\215\335\267[\036\265\265\252`\026&\030{\362\363""; "
1750527527639,1750527527703,3322,1,1,3,TMStatusChange,"newEvent: neCLOSING_LEDGER; ledgerSeq: 4; ledgerHash: ""\265\024\321\362\354\211\250.\234s\225amc\305\035\366\276\037nD\277`\210\223N\3535\033\261\304f""; ledgerHashPrevious: ""\375T\356\014\360o'\030\311-\267\031\257!\031T\006><\315XM\334\324\345\034\000\325\367\240\271\013""; networkTime: 803842727; firstSeq: 1; lastSeq: 4; ","newEvent: neCLOSING_LEDGER; ledgerSeq: 4; ledgerHash: ""\265\024\321\362\354\211\250.\234s\225amc\305\035\366\276\037nD\277`\210\223N\3535\033\261\304f""; ledgerHashPrevious: ""\375T\356\014\360o'\030\311-\267\031\257!\031T\006><\315XM\334\324\345\034\000\325\367\240\271\013""; networkTime: 803842727; firstSeq: 1; lastSeq: 4; "
1750527527639,1750527527704,1961,1,1,4,TMStatusChange,"newEvent: neCLOSING_LEDGER; ledgerSeq: 4; ledgerHash: ""\265\024\321\362\354\211\250.\234s\225amc\305\035\366\276\037nD\277`\210\223N\3535\033\261\304f""; ledgerHashPrevious: ""\375T\356\014\360o'\030\311-\267\031\257!\031T\006><\315XM\334\324\345\034\000\325\367\240\271\013""; networkTime: 803842727; firstSeq: 1; lastSeq: 4; ","newEvent: neCLOSING_LEDGER; ledgerSeq: 4; ledgerHash: ""\265\024\321\362\354\211\250.\234s\225amc\305\035\366\276\037nD\277`\210\223N\3535\033\261\304f""; ledgerHashPrevious: ""\375T\356\014\360o'\030\311-\267\031\257!\031T\006><\315XM\334\324\345\034\000\325\367\240\271\013""; networkTime: 803842727; firstSeq: 1; lastSeq: 4; "
1750527527641,1750527527704,3625,1,1,0,TMStatusChange,"newEvent: neCLOSING_LEDGER; ledgerSeq: 4; ledgerHash: ""\265\024\321\362\354\211\250.\234s\225amc\305\035\366\276\037nD\277`\210\223N\3535\033\261\304f""; ledgerHashPrevious: ""\375T\356\014\360o'\030\311-\267\031\257!\031T\006><\315XM\334\324\345\034\000\325\367\240\271\013""; networkTime: 803842727; firstSeq: 1; lastSeq: 4; ","newEvent: neCLOSING_LEDGER; ledgerSeq: 4; ledgerHash: ""\265\024\321\362\354\211\250.\234s\225amc\305\035\366\276\037nD\277`\210\223N\3535\033\261\304f""; ledgerHashPrevious: ""\375T\356\014\360o'\030\311-\267\031\257!\031T\006><\315XM\334\324\345\034\000\325\367\240\271\013""; networkTime: 803842727; firstSeq: 1; lastSeq: 4; "
1750527527641,1750527527704,798,1,1,2,TMStatusChange,"newEvent: neCLOSING_LEDGER; ledgerSeq: 4; ledgerHash: ""\265\024\321\362\354\211\250.\234s\225amc\305\035\366\276\037nD\277`\210\223N\3535\033\261\304f""; ledgerHashPrevious: ""\375T\356\014\360o'\030\311-\267\031\257!\031T\006><\315XM\334\324\345\034\000\325\367\240\271\013""; networkTime: 803842727; firstSeq: 1; lastSeq: 4; ","newEvent: neCLOSING_LEDGER; ledgerSeq: 4; ledgerHash: ""\265\024\321\362\354\211\250.\234s\225amc\305\035\366\276\037nD\277`\210\223N\3535\033\261\304f""; ledgerHashPrevious: ""\375T\356\014\360o'\030\311-\267\031\257!\031T\006><\315XM\334\324\345\034\000\325\367\240\271\013""; networkTime: 803842727; firstSeq: 1; lastSeq: 4; "
1750527527766,1750527527766,1497,1,0,3,TMLedgerData,"ledgerHash: ""\310\200l\322\255\214\342'\243\202\375k%_\335\032N\021G\005\230\271\366~%e\366\202l^\rR""; ledgerSeq: 0; type: liTS_CANDIDATE; nodes {;   nodedata: ""GZ\227\022t\201\240u\2324P\027\307M\337'Y\361[IAD\351\374!\232\005\337\376\252\251g\004\003"";   nodeid: ""\000\000\000\000\000\000\000\000\000\000\000\000\000\000\000\000\000\000\000\000\000\000\000\000\000\000\000\000\000\000\000\000\000""; }; ","ledgerHash: ""\310\200l\322\255\214\342'\243\202\375k%_\335\032N\021G\005\230\271\366~%e\366\202l^\rR""; ledgerSeq: 0; type: liTS_CANDIDATE; nodes {;   nodedata: ""GZ\227\022t\201\240u\2324P\027\307M\337'Y\361[IAD\351\374!\232\005\337\376\252\251g\004\003"";   nodeid: ""\000\000\000\000\000\000\000\000\000\000\000\000\000\000\000\000\000\000\000\000\000\000\000\000\000\000\000\000\000\000\000\000\000""; }; "
1750527527791,1750527527791,1777,1,3,0,TMValidation,"validation: """"\200\000\000\001&\000\000\000\004)/\351\252\245:\355<\266\216~aC\027Q\265\024\321\362\354\211\250.\234s\225amc\305\035\366\276\037nD\277`\210\223N\3535\033\261\304fP\027\000\000\000\000\000\000\000\000\000\000\000\000\000\000\000\000\000\000\000\000\000\000\000\000\000\000\000\000\000\000\000\000P\031\375T\356\014\360o'\030\311-\267\031\257!\031T\006><\315XM\334\324\345\034\000\325\367\240\271\013s!\002\225aM\037\203M\271C\224]$\245\215\334\264;{{\365%Z\2443U\201\242\320iUc\207\367vG0E\002!\000\220\326;\233\322\024\232i\216c\211\212L2\037\035\264e\022\231\324\244\357\275,\266tk}R\326p\002 #k\352~\2759A\2770(;\315]\301`\007\273\017\361\233\354\316\364\343\033 v{\203dt#""; ","validation: """"\200\000\000\001&\000\000\000\004)/\351\252\245:\355<\266\216~aC\027Q\265\024\321\362\354\211\250.\234s\225amc\305\035\366\276\037nD\277`\210\223N\3535\033\261\304fP\027\000\000\000\000\000\000\000\000\000\000\000\000\000\000\000\000\000\000\000\000\000\000\000\000\000\000\000\000\000\000\000\000P\031\375T\356\014\360o'\030\311-\267\031\257!\031T\006><\315XM\334\324\345\034\000\325\367\240\271\013s!\002\225aM\037\203M\271C\224]$\245\215\334\264;{{\365%Z\2443U\201\242\320iUc\207\367vG0E\002!\000\220\326;\233\322\024\232i\216c\211\212L2\037\035\264e\022\231\324\244\357\275,\266tk}R\326p\002 #k\352~\2759A\2770(;\315]\301`\007\273\017\361\233\354\316\364\343\033 v{\203dt#""; "
1750527527791,1750527527791,3736,1,3,4,TMValidation,"validation: """"\200\000\000\001&\000\000\000\004)/\351\252\245:\355<\266\216~aC\027Q\265\024\321\362\354\211\250.\234s\225amc\305\035\366\276\037nD\277`\210\223N\3535\033\261\304fP\027\000\000\000\000\000\000\000\000\000\000\000\000\000\000\000\000\000\000\000\000\000\000\000\000\000\000\000\000\000\000\000\000P\031\375T\356\014\360o'\030\311-\267\031\257!\031T\006><\315XM\334\324\345\034\000\325\367\240\271\013s!\002\225aM\037\203M\271C\224]$\245\215\334\264;{{\365%Z\2443U\201\242\320iUc\207\367vG0E\002!\000\220\326;\233\322\024\232i\216c\211\212L2\037\035\264e\022\231\324\244\357\275,\266tk}R\326p\002 #k\352~\2759A\2770(;\315]\301`\007\273\017\361\233\354\316\364\343\033 v{\203dt#""; ","validation: """"\200\000\000\001&\000\000\000\004)/\351\252\245:\355<\266\216~aC\027Q\265\024\321\362\354\211\250.\234s\225amc\305\035\366\276\037nD\277`\210\223N\3535\033\261\304fP\027\000\000\000\000\000\000\000\000\000\000\000\000\000\000\000\000\000\000\000\000\000\000\000\000\000\000\000\000\000\000\000\000P\031\375T\356\014\360o'\030\311-\267\031\257!\031T\006><\315XM\334\324\345\034\000\325\367\240\271\013s!\002\225aM\037\203M\271C\224]$\245\215\334\264;{{\365%Z\2443U\201\242\320iUc\207\367vG0E\002!\000\220\326;\233\322\024\232i\216c\211\212L2\037\035\264e\022\231\324\244\357\275,\266tk}R\326p\002 #k\352~\2759A\2770(;\315]\301`\007\273\017\361\233\354\316\364\343\033 v{\203dt#""; "
1750527527792,1750527527792,3459,1,3,1,TMValidation,"validation: """"\200\000\000\001&\000\000\000\004)/\351\252\245:\355<\266\216~aC\027Q\265\024\321\362\354\211\250.\234s\225amc\305\035\366\276\037nD\277`\210\223N\3535\033\261\304fP\027\000\000\000\000\000\000\000\000\000\000\000\000\000\000\000\000\000\000\000\000\000\000\000\000\000\000\000\000\000\000\000\000P\031\375T\356\014\360o'\030\311-\267\031\257!\031T\006><\315XM\334\324\345\034\000\325\367\240\271\013s!\002\225aM\037\203M\271C\224]$\245\215\334\264;{{\365%Z\2443U\201\242\320iUc\207\367vG0E\002!\000\220\326;\233\322\024\232i\216c\211\212L2\037\035\264e\022\231\324\244\357\275,\266tk}R\326p\002 #k\352~\2759A\2770(;\315]\301`\007\273\017\361\233\354\316\364\343\033 v{\203dt#""; ","validation: """"\200\000\000\001&\000\000\000\004)/\351\252\245:\355<\266\216~aC\027Q\265\024\321\362\354\211\250.\234s\225amc\305\035\366\276\037nD\277`\210\223N\3535\033\261\304fP\027\000\000\000\000\000\000\000\000\000\000\000\000\000\000\000\000\000\000\000\000\000\000\000\000\000\000\000\000\000\000\000\000P\031\375T\356\014\360o'\030\311-\267\031\257!\031T\006><\315XM\334\324\345\034\000\325\367\240\271\013s!\002\225aM\037\203M\271C\224]$\245\215\334\264;{{\365%Z\2443U\201\242\320iUc\207\367vG0E\002!\000\220\326;\233\322\024\232i\216c\211\212L2\037\035\264e\022\231\324\244\357\275,\266tk}R\326p\002 #k\352~\2759A\2770(;\315]\301`\007\273\017\361\233\354\316\364\343\033 v{\203dt#""; "
1750527527812,1750527527812,783,1,4,2,TMValidation,"validation: """"\200\000\000\001&\000\000\000\004)/\351\252\246:g\237X\336\3531\020\010Q\265\024\321\362\354\211\250.\234s\225amc\305\035\366\276\037nD\277`\210\223N\3535\033\261\304fP\027\000\000\000\000\000\000\000\000\000\000\000\000\000\000\000\000\000\000\000\000\000\000\000\000\000\000\000\000\000\000\000\000P\031\375T\356\014\360o'\030\311-\267\031\257!\031T\006><\315XM\334\324\345\034\000\325\367\240\271\013s!\003\255\225A\213\332\224ehh\024BDq\224\250\335`\355\353{\357\266\335<\021\032\265\177\206\356&\215vG0E\002!\000\237\235xP\204\340R\373\203#\216\251\224q\227f>\241\206:)\353\372bT\253H\231\010\211\031\030\002 ]C\222\204S\376\200\334\362\341\233x\005^;C\346t\331\343\022\025\032K\3027\242S\223qZ%""; ","validation: """"\200\000\000\001&\000\000\000\004)/\351\252\246:g\237X\336\3531\020\010Q\265\024\321\362\354\211\250.\234s\225amc\305\035\366\276\037nD\277`\210\223N\3535\033\261\304fP\027\000\000\000\000\000\000\000\000\000\000\000\000\000\000\000\000\000\000\000\000\000\000\000\000\000\000\000\000\000\000\000\000P\031\375T\356\014\360o'\030\311-\267\031\257!\031T\006><\315XM\334\324\345\034\000\325\367\240\271\013s!\003\255\225A\213\332\224ehh\024BDq\224\250\335`\355\353{\357\266\335<\021\032\265\177\206\356&\215vG0E\002!\000\237\235xP\204\340R\373\203#\216\251\224q\227f>\241\206:)\353\372bT\253H\231\010\211\031\030\002 ]C\222\204S\376\200\334\362\341\233x\005^;C\346t\331\343\022\025\032K\3027\242S\223qZ%""; "
1750527527812,1750527527812,3620,1,4,3,TMValidation,"validation: """"\200\000\000\001&\000\000\000\004)/\351\252\246:g\237X\336\3531\020\010Q\265\024\321\362\354\211\250.\234s\225amc\305\035\366\276\037nD\277`\210\223N\3535\033\261\304fP\027\000\000\000\000\000\000\000\000\000\000\000\000\000\000\000\000\000\000\000\000\000\000\000\000\000\000\000\000\000\000\000\000P\031\375T\356\014\360o'\030\311-\267\031\257!\031T\006><\315XM\334\324\345\034\000\325\367\240\271\013s!\003\255\225A\213\332\224ehh\024BDq\224\250\335`\355\353{\357\266\335<\021\032\265\177\206\356&\215vG0E\002!\000\237\235xP\204\340R\373\203#\216\251\224q\227f>\241\206:)\353\372bT\253H\231\010\211\031\030\002 ]C\222\204S\376\200\334\362\341\233x\005^;C\346t\331\343\022\025\032K\3027\242S\223qZ%""; ","validation: """"\200\000\000\001&\000\000\000\004)/\351\252\246:g\237X\336\3531\020\010Q\265\024\321\362\354\211\250.\234s\225amc\305\035\366\276\037nD\277`\210\223N\3535\033\261\304fP\027\000\000\000\000\000\000\000\000\000\000\000\000\000\000\000\000\000\000\000\000\000\000\000\000\000\000\000\000\000\000\000\000P\031\375T\356\014\360o'\030\311-\267\031\257!\031T\006><\315XM\334\324\345\034\000\325\367\240\271\013s!\003\255\225A\213\332\224ehh\024BDq\224\250\335`\355\353{\357\266\335<\021\032\265\177\206\356&\215vG0E\002!\000\237\235xP\204\340R\373\203#\216\251\224q\227f>\241\206:)\353\372bT\253H\231\010\211\031\030\002 ]C\222\204S\376\200\334\362\341\233x\005^;C\346t\331\343\022\025\032K\3027\242S\223qZ%""; "
1750527527812,1750527527813,3803,1,4,1,TMValidation,"validation: """"\200\000\000\001&\000\000\000\004)/\351\252\246:g\237X\336\3531\020\010Q\265\024\321\362\354\211\250.\234s\225amc\305\035\366\276\037nD\277`\210\223N\3535\033\261\304fP\027\000\000\000\000\000\000\000\000\000\000\000\000\000\000\000\000\000\000\000\000\000\000\000\000\000\000\000\000\000\000\000\000P\031\375T\356\014\360o'\030\311-\267\031\257!\031T\006><\315XM\334\324\345\034\000\325\367\240\271\013s!\003\255\225A\213\332\224ehh\024BDq\224\250\335`\355\353{\357\266\335<\021\032\265\177\206\356&\215vG0E\002!\000\237\235xP\204\340R\373\203#\216\251\224q\227f>\241\206:)\353\372bT\253H\231\010\211\031\030\002 ]C\222\204S\376\200\334\362\341\233x\005^;C\346t\331\343\022\025\032K\3027\242S\223qZ%""; ","validation: """"\200\000\000\001&\000\000\000\004)/\351\252\246:g\237X\336\3531\020\010Q\265\024\321\362\354\211\250.\234s\225amc\305\035\366\276\037nD\277`\210\223N\3535\033\261\304fP\027\000\000\000\000\000\000\000\000\000\000\000\000\000\000\000\000\000\000\000\000\000\000\000\000\000\000\000\000\000\000\000\000P\031\375T\356\014\360o'\030\311-\267\031\257!\031T\006><\315XM\334\324\345\034\000\325\367\240\271\013s!\003\255\225A\213\332\224ehh\024BDq\224\250\335`\355\353{\357\266\335<\021\032\265\177\206\356&\215vG0E\002!\000\237\235xP\204\340R\373\203#\216\251\224q\227f>\241\206:)\353\372bT\253H\231\010\211\031\030\002 ]C\222\204S\376\200\334\362\341\233x\005^;C\346t\331\343\022\025\032K\3027\242S\223qZ%""; "
1750527527884,1750527527884,2794,1,3,2,TMGetLedger,"itype: liTS_CANDIDATE; ledgerHash: ""\310\200l\322\255\214\342'\243\202\375k%_\335\032N\021G\005\230\271\366~%e\366\202l^\rR""; nodeIDs: ""\000\000\000\000\000\000\000\000\000\000\000\000\000\000\000\000\000\000\000\000\000\000\000\000\000\000\000\000\000\000\000\000\000""; queryType: qtINDIRECT; queryDepth: 3; ","itype: liTS_CANDIDATE; ledgerHash: ""\310\200l\322\255\214\342'\243\202\375k%_\335\032N\021G\005\230\271\366~%e\366\202l^\rR""; nodeIDs: ""\000\000\000\000\000\000\000\000\000\000\000\000\000\000\000\000\000\000\000\000\000\000\000\000\000\000\000\000\000\000\000\000\000""; queryType: qtINDIRECT; queryDepth: 3; "
1750527527884,1750527527885,1131,1,3,0,TMGetLedger,"itype: liTS_CANDIDATE; ledgerHash: ""\310\200l\322\255\214\342'\243\202\375k%_\335\032N\021G\005\230\271\366~%e\366\202l^\rR""; nodeIDs: ""\000\000\000\000\000\000\000\000\000\000\000\000\000\000\000\000\000\000\000\000\000\000\000\000\000\000\000\000\000\000\000\000\000""; queryType: qtINDIRECT; queryDepth: 3; ","itype: liTS_CANDIDATE; ledgerHash: ""\310\200l\322\255\214\342'\243\202\375k%_\335\032N\021G\005\230\271\366~%e\366\202l^\rR""; nodeIDs: ""\000\000\000\000\000\000\000\000\000\000\000\000\000\000\000\000\000\000\000\000\000\000\000\000\000\000\000\000\000\000\000\000\000""; queryType: qtINDIRECT; queryDepth: 3; "
1750527527885,1750527527885,2079,1,3,1,TMGetLedger,"itype: liTS_CANDIDATE; ledgerHash: ""\310\200l\322\255\214\342'\243\202\375k%_\335\032N\021G\005\230\271\366~%e\366\202l^\rR""; nodeIDs: ""\000\000\000\000\000\000\000\000\000\000\000\000\000\000\000\000\000\000\000\000\000\000\000\000\000\000\000\000\000\000\000\000\000""; queryType: qtINDIRECT; queryDepth: 3; ","itype: liTS_CANDIDATE; ledgerHash: ""\310\200l\322\255\214\342'\243\202\375k%_\335\032N\021G\005\230\271\366~%e\366\202l^\rR""; nodeIDs: ""\000\000\000\000\000\000\000\000\000\000\000\000\000\000\000\000\000\000\000\000\000\000\000\000\000\000\000\000\000\000\000\000\000""; queryType: qtINDIRECT; queryDepth: 3; "
1750527527885,1750527527885,1019,1,3,4,TMGetLedger,"itype: liTS_CANDIDATE; ledgerHash: ""\310\200l\322\255\214\342'\243\202\375k%_\335\032N\021G\005\230\271\366~%e\366\202l^\rR""; nodeIDs: ""\000\000\000\000\000\000\000\000\000\000\000\000\000\000\000\000\000\000\000\000\000\000\000\000\000\000\000\000\000\000\000\000\000""; queryType: qtINDIRECT; queryDepth: 3; ","itype: liTS_CANDIDATE; ledgerHash: ""\310\200l\322\255\214\342'\243\202\375k%_\335\032N\021G\005\230\271\366~%e\366\202l^\rR""; nodeIDs: ""\000\000\000\000\000\000\000\000\000\000\000\000\000\000\000\000\000\000\000\000\000\000\000\000\000\000\000\000\000\000\000\000\000""; queryType: qtINDIRECT; queryDepth: 3; "
1750527527906,1750527527906,559,1,4,3,TMGetLedger,"itype: liTS_CANDIDATE; ledgerHash: ""\310\200l\322\255\214\342'\243\202\375k%_\335\032N\021G\005\230\271\366~%e\366\202l^\rR""; nodeIDs: ""\000\000\000\000\000\000\000\000\000\000\000\000\000\000\000\000\000\000\000\000\000\000\000\000\000\000\000\000\000\000\000\000\000""; queryDepth: 3; ","itype: liTS_CANDIDATE; ledgerHash: ""\310\200l\322\255\214\342'\243\202\375k%_\335\032N\021G\005\230\271\366~%e\366\202l^\rR""; nodeIDs: ""\000\000\000\000\000\000\000\000\000\000\000\000\000\000\000\000\000\000\000\000\000\000\000\000\000\000\000\000\000\000\000\000\000""; queryDepth: 3; "
1750527527907,1750527527907,1932,1,4,0,TMGetLedger,"itype: liTS_CANDIDATE; ledgerHash: ""\310\200l\322\255\214\342'\243\202\375k%_\335\032N\021G\005\230\271\366~%e\366\202l^\rR""; nodeIDs: ""\000\000\000\000\000\000\000\000\000\000\000\000\000\000\000\000\000\000\000\000\000\000\000\000\000\000\000\000\000\000\000\000\000""; queryDepth: 3; ","itype: liTS_CANDIDATE; ledgerHash: ""\310\200l\322\255\214\342'\243\202\375k%_\335\032N\021G\005\230\271\366~%e\366\202l^\rR""; nodeIDs: ""\000\000\000\000\000\000\000\000\000\000\000\000\000\000\000\000\000\000\000\000\000\000\000\000\000\000\000\000\000\000\000\000\000""; queryDepth: 3; "
1750527527908,1750527527908,2972,1,4,0,TMProposeSet,"proposeSeq: 0; currentTxHash: ""\310\200l\322\255\214\342'\243\202\375k%_\335\032N\021G\005\230\271\366~%e\366\202l^\rR""; nodePubKey: ""\002\225aM\037\203M\271C\224]$\245\215\334\264;{{\365%Z\2443U\201\242\320iUc\207\367""; closeTime: 803842726; signature: ""0E\002!\000\222W\272Z\302K\340\356\347\022\273\203\311)\373j(,g\020l\214\344\350\274\314z\365\372\036\255\313\002 /}\312\024\203\322\017[Y\366\366N8t\016\307\266\276\275[-\362\000\334\224\237\375\246\345z\376\304""; previousledger: ""\265\024\321\362\354\211\250.\234s\225amc\305\035\366\276\037nD\277`\210\223N\3535\033\261\304f""; ","proposeSeq: 0; currentTxHash: ""\310\200l\322\255\214\342'\243\202\375k%_\335\032N\021G\005\230\271\366~%e\366\202l^\rR""; nodePubKey: ""\002\225aM\037\203M\271C\224]$\245\215\334\264;{{\365%Z\2443U\201\242\320iUc\207\367""; closeTime: 803842726; signature: ""0E\002!\000\222W\272Z\302K\340\356\347\022\273\203\311)\373j(,g\020l\214\344\350\274\314z\365\372\036\255\313\002 /}\312\024\203\322\017[Y\366\366N8t\016\307\266\276\275[-\362\000\334\224\237\375\246\345z\376\304""; previousledger: ""\265\024\321\362\354\211\250.\234s\225amc\305\035\366\276\037nD\277`\210\223N\3535\033\261\304f""; "
1750527527907,1750527527907,2455,1,4,1,TMProposeSet,"proposeSeq: 0; currentTxHash: ""\310\200l\322\255\214\342'\243\202\375k%_\335\032N\021G\005\230\271\366~%e\366\202l^\rR""; nodePubKey: ""\002\225aM\037\203M\271C\224]$\245\215\334\264;{{\365%Z\2443U\201\242\320iUc\207\367""; closeTime: 803842726; signature: ""0E\002!\000\222W\272Z\302K\340\356\347\022\273\203\311)\373j(,g\020l\214\344\350\274\314z\365\372\036\255\313\002 /}\312\024\203\322\017[Y\366\366N8t\016\307\266\276\275[-\362\000\334\224\237\375\246\345z\376\304""; previousledger: ""\265\024\321\362\354\211\250.\234s\225amc\305\035\366\276\037nD\277`\210\223N\3535\033\261\304f""; ","proposeSeq: 0; currentTxHash: ""\310\200l\322\255\214\342'\243\202\375k%_\335\032N\021G\005\230\271\366~%e\366\202l^\rR""; nodePubKey: ""\002\225aM\037\203M\271C\224]$\245\215\334\264;{{\365%Z\2443U\201\242\320iUc\207\367""; closeTime: 803842726; signature: ""0E\002!\000\222W\272Z\302K\340\356\347\022\273\203\311)\373j(,g\020l\214\344\350\274\314z\365\372\036\255\313\002 /}\312\024\203\322\017[Y\366\366N8t\016\307\266\276\275[-\362\000\334\224\237\375\246\345z\376\304""; previousledger: ""\265\024\321\362\354\211\250.\234s\225amc\305\035\366\276\037nD\277`\210\223N\3535\033\261\304f""; "
1750527527908,1750527527908,2441,1,4,2,TMProposeSet,"proposeSeq: 0; currentTxHash: ""\310\200l\322\255\214\342'\243\202\375k%_\335\032N\021G\005\230\271\366~%e\366\202l^\rR""; nodePubKey: ""\002\225aM\037\203M\271C\224]$\245\215\334\264;{{\365%Z\2443U\201\242\320iUc\207\367""; closeTime: 803842726; signature: ""0E\002!\000\222W\272Z\302K\340\356\347\022\273\203\311)\373j(,g\020l\214\344\350\274\314z\365\372\036\255\313\002 /}\312\024\203\322\017[Y\366\366N8t\016\307\266\276\275[-\362\000\334\224\237\375\246\345z\376\304""; previousledger: ""\265\024\321\362\354\211\250.\234s\225amc\305\035\366\276\037nD\277`\210\223N\3535\033\261\304f""; ","proposeSeq: 0; currentTxHash: ""\310\200l\322\255\214\342'\243\202\375k%_\335\032N\021G\005\230\271\366~%e\366\202l^\rR""; nodePubKey: ""\002\225aM\037\203M\271C\224]$\245\215\334\264;{{\365%Z\2443U\201\242\320iUc\207\367""; closeTime: 803842726; signature: ""0E\002!\000\222W\272Z\302K\340\356\347\022\273\203\311)\373j(,g\020l\214\344\350\274\314z\365\372\036\255\313\002 /}\312\024\203\322\017[Y\366\366N8t\016\307\266\276\275[-\362\000\334\224\237\375\246\345z\376\304""; previousledger: ""\265\024\321\362\354\211\250.\234s\225amc\305\035\366\276\037nD\277`\210\223N\3535\033\261\304f""; "
1750527527925,1750527527926,1131,1,3,0,TMGetLedger,"itype: liTS_CANDIDATE; ledgerHash: ""[\000\302\314\326\214\276@c\240\272\222{\363\314\032\213\311\316\246/\330\302\014>\022\346\234\347\264\270\350""; nodeIDs: ""\000\000\000\000\000\000\000\000\000\000\000\000\000\000\000\000\000\000\000\000\000\000\000\000\000\000\000\000\000\000\000\000\000""; queryType: qtINDIRECT; queryDepth: 3; ","itype: liTS_CANDIDATE; ledgerHash: ""[\000\302\314\326\214\276@c\240\272\222{\363\314\032\213\311\316\246/\330\302\014>\022\346\234\347\264\270\350""; nodeIDs: ""\000\000\000\000\000\000\000\000\000\000\000\000\000\000\000\000\000\000\000\000\000\000\000\000\000\000\000\000\000\000\000\000\000""; queryType: qtINDIRECT; queryDepth: 3; "
1750527527926,1750527527926,2079,1,3,1,TMGetLedger,"itype: liTS_CANDIDATE; ledgerHash: ""[\000\302\314\326\214\276@c\240\272\222{\363\314\032\213\311\316\246/\330\302\014>\022\346\234\347\264\270\350""; nodeIDs: ""\000\000\000\000\000\000\000\000\000\000\000\000\000\000\000\000\000\000\000\000\000\000\000\000\000\000\000\000\000\000\000\000\000""; queryType: qtINDIRECT; queryDepth: 3; ","itype: liTS_CANDIDATE; ledgerHash: ""[\000\302\314\326\214\276@c\240\272\222{\363\314\032\213\311\316\246/\330\302\014>\022\346\234\347\264\270\350""; nodeIDs: ""\000\000\000\000\000\000\000\000\000\000\000\000\000\000\000\000\000\000\000\000\000\000\000\000\000\000\000\000\000\000\000\000\000""; queryType: qtINDIRECT; queryDepth: 3; "
1750527527927,1750527527927,2794,1,3,2,TMGetLedger,"itype: liTS_CANDIDATE; ledgerHash: ""[\000\302\314\326\214\276@c\240\272\222{\363\314\032\213\311\316\246/\330\302\014>\022\346\234\347\264\270\350""; nodeIDs: ""\000\000\000\000\000\000\000\000\000\000\000\000\000\000\000\000\000\000\000\000\000\000\000\000\000\000\000\000\000\000\000\000\000""; queryType: qtINDIRECT; queryDepth: 3; ","itype: liTS_CANDIDATE; ledgerHash: ""[\000\302\314\326\214\276@c\240\272\222{\363\314\032\213\311\316\246/\330\302\014>\022\346\234\347\264\270\350""; nodeIDs: ""\000\000\000\000\000\000\000\000\000\000\000\000\000\000\000\000\000\000\000\000\000\000\000\000\000\000\000\000\000\000\000\000\000""; queryType: qtINDIRECT; queryDepth: 3; "
1750527527927,1750527527927,1019,1,3,4,TMGetLedger,"itype: liTS_CANDIDATE; ledgerHash: ""[\000\302\314\326\214\276@c\240\272\222{\363\314\032\213\311\316\246/\330\302\014>\022\346\234\347\264\270\350""; nodeIDs: ""\000\000\000\000\000\000\000\000\000\000\000\000\000\000\000\000\000\000\000\000\000\000\000\000\000\000\000\000\000\000\000\000\000""; queryType: qtINDIRECT; queryDepth: 3; ","itype: liTS_CANDIDATE; ledgerHash: ""[\000\302\314\326\214\276@c\240\272\222{\363\314\032\213\311\316\246/\330\302\014>\022\346\234\347\264\270\350""; nodeIDs: ""\000\000\000\000\000\000\000\000\000\000\000\000\000\000\000\000\000\000\000\000\000\000\000\000\000\000\000\000\000\000\000\000\000""; queryType: qtINDIRECT; queryDepth: 3; "
1750527527934,1750527527934,1968,1,1,2,TMLedgerData,"ledgerHash: ""\265\024\321\362\354\211\250.\234s\225amc\305\035\366\276\037nD\277`\210\223N\3535\033\261\304f""; ledgerSeq: 4; type: liBASE; nodes {;   nodedata: ""\000\000\000\004\001cEx]\212\000\000\375T\356\014\360o'\030\311-\267\031\257!\031T\006><\315XM\334\324\345\034\000\325\367\240\271\013\000\000\000\000\000\000\000\000\000\000\000\000\000\000\000\000\000\000\000\000\000\000\000\000\000\000\000\000\000\000\000\000\33221\003\363\014\2155\252\321\210\334\345`\2744<G\2573H\343tZ\376\376\2744]?\013\257/\351\252\240/\351\252\241\n\000""; }; nodes {;   nodedata: ""\303\016\021\310<Z\337\266>\225@&n\022\246\274\353\220\345b3\035\313\350L\354\254\002\005\305\035\017\002E\344\037@\210\363\010\336T\226\247'\204_{\261\370""1\235\2445\343\033Y!\212\201\341\272\225'\007U\271\317\242\035#tQ^\315T\254\344^HI\232\036_j\367^\272OW\000\215\000\027\371\037h\013\003""; }; ","ledgerHash: ""\265\024\321\362\354\211\250.\234s\225amc\305\035\366\276\037nD\277`\210\223N\3535\033\261\304f""; ledgerSeq: 4; type: liBASE; nodes {;   nodedata: ""\000\000\000\004\001cEx]\212\000\000\375T\356\014\360o'\030\311-\267\031\257!\031T\006><\315XM\334\324\345\034\000\325\367\240\271\013\000\000\000\000\000\000\000\000\000\000\000\000\000\000\000\000\000\000\000\000\000\000\000\000\000\000\000\000\000\000\000\000\33221\003\363\014\2155\252\321\210\334\345`\2744<G\2573H\343tZ\376\376\2744]?\013\257/\351\252\240/\351\252\241\n\000""; }; nodes {;   nodedata: ""\303\016\021\310<Z\337\266>\225@&n\022\246\274\353\220\345b3\035\313\350L\354\254\002\005\305\035\017\002E\344\037@\210\363\010\336T\226\247'\204_{\261\370""1\235\2445\343\033Y!\212\201\341\272\225'\007U\271\317\242\035#tQ^\315T\254\344^HI\232\036_j\367^\272OW\000\215\000\027\371\037h\013\003""; }; "
1750527527934,1750527527934,1968,1,1,2,TMLedgerData,"ledgerHash: ""\265\024\321\362\354\211\250.\234s\225amc\305\035\366\276\037nD\277`\210\223N\3535\033\261\304f""; ledgerSeq: 4; type: liBASE; nodes {;   nodedata: ""\000\000\000\004\001cEx]\212\000\000\375T\356\014\360o'\030\311-\267\031\257!\031T\006><\315XM\334\324\345\034\000\325\367\240\271\013\000\000\000\000\000\000\000\000\000\000\000\000\000\000\000\000\000\000\000\000\000\000\000\000\000\000\000\000\000\000\000\000\33221\003\363\014\2155\252\321\210\334\345`\2744<G\2573H\343tZ\376\376\2744]?\013\257/\351\252\240/\351\252\241\n\000""; }; nodes {;   nodedata: ""\303\016\021\310<Z\337\266>\225@&n\022\246\274\353\220\345b3\035\313\350L\354\254\002\005\305\035\017\002E\344\037@\210\363\010\336T\226\247'\204_{\261\370""1\235\2445\343\033Y!\212\201\341\272\225'\007U\271\317\242\035#tQ^\315T\254\344^HI\232\036_j\367^\272OW\000\215\000\027\371\037h\013\003""; }; ","ledgerHash: ""\265\024\321\362\354\211\250.\234s\225amc\305\035\366\276\037nD\277`\210\223N\3535\033\261\304f""; ledgerSeq: 4; type: liBASE; nodes {;   nodedata: ""\000\000\000\004\001cEx]\212\000\000\375T\356\014\360o'\030\311-\267\031\257!\031T\006><\315XM\334\324\345\034\000\325\367\240\271\013\000\000\000\000\000\000\000\000\000\000\000\000\000\000\000\000\000\000\000\000\000\000\000\000\000\000\000\000\000\000\000\000\33221\003\363\014\2155\252\321\210\334\345`\2744<G\2573H\343tZ\376\376\2744]?\013\257/\351\252\240/\351\252\241\n\000""; }; nodes {;   nodedata: ""\303\016\021\310<Z\337\266>\225@&n\022\246\274\353\220\345b3\035\313\350L\354\254\002\005\305\035\017\002E\344\037@\210\363\010\336T\226\247'\204_{\261\370""1\235\2445\343\033Y!\212\201\341\272\225'\007U\271\317\242\035#tQ^\315T\254\344^HI\232\036_j\367^\272OW\000\215\000\027\371\037h\013\003""; }; "
1750527527946,1750527527946,2764,1,4,3,TMLedgerData,"ledgerHash: ""[\000\302\314\326\214\276@c\240\272\222{\363\314\032\213\311\316\246/\330\302\014>\022\346\234\347\264\270\350""; ledgerSeq: 0; type: liTS_CANDIDATE; nodes {;   nodedata: ""\002i\361\030\371\256\265\036\320\273\013\357<\215/(\215[\231D\357Gd\372\270\316\261\301\342\327\225\241\000GZ\227\022t\201\240u\2324P\027\307M\337'Y\361[IAD\351\374!\232\005\337\376\252\251g\004\003"";   nodeid: ""\000\000\000\000\000\000\000\000\000\000\000\000\000\000\000\000\000\000\000\000\000\000\000\000\000\000\000\000\000\000\000\000\000""; }; ","ledgerHash: ""[\000\302\314\326\214\276@c\240\272\222{\363\314\032\213\311\316\246/\330\302\014>\022\346\234\347\264\270\350""; ledgerSeq: 0; type: liTS_CANDIDATE; nodes {;   nodedata: ""\002i\361\030\371\256\265\036\320\273\013\357<\215/(\215[\231D\357Gd\372\270\316\261\301\342\327\225\241\000GZ\227\022t\201\240u\2324P\027\307M\337'Y\361[IAD\351\374!\232\005\337\376\252\251g\004\003"";   nodeid: ""\000\000\000\000\000\000\000\000\000\000\000\000\000\000\000\000\000\000\000\000\000\000\000\000\000\000\000\000\000\000\000\000\000""; }; "
1750527527958,1750527527958,3736,1,3,4,TMValidation,"validation: """"\200\000\000\001&\000\000\000\004)/\351\252\246:\303`\246;Q\203[_Q\265\024\321\362\354\211\250.\234s\225amc\305\035\366\276\037nD\277`\210\223N\3535\033\261\304fP\027\000\000\000\000\000\000\000\000\000\000\000\000\000\000\000\000\000\000\000\000\000\000\000\000\000\000\000\000\000\000\000\000P\031\375T\356\014\360o'\030\311-\267\031\257!\031T\006><\315XM\334\324\345\034\000\325\367\240\271\013s!\002\266\377\271\344:\030\221i\267\257\215\237M\014\3345f\014\273|\207\367\334\337F\325\004cxB\211LvF0D\002 \022\325\021\032Q\026\377\244\215Q\034\302\346\352\236\021\227Mc\26442\323x\300\002\376\253\351\250F4\002 &\375\210\316\367\r\326\201\335A_2\022J-\377\365\245\252\t\014j\201\305\204\014\200mK\340\236$""; ","validation: """"\200\000\000\001&\000\000\000\004)/\351\252\246:\303`\246;Q\203[_Q\265\024\321\362\354\211\250.\234s\225amc\305\035\366\276\037nD\277`\210\223N\3535\033\261\304fP\027\000\000\000\000\000\000\000\000\000\000\000\000\000\000\000\000\000\000\000\000\000\000\000\000\000\000\000\000\000\000\000\000P\031\375T\356\014\360o'\030\311-\267\031\257!\031T\006><\315XM\334\324\345\034\000\325\367\240\271\013s!\002\266\377\271\344:\030\221i\267\257\215\237M\014\3345f\014\273|\207\367\334\337F\325\004cxB\211LvF0D\002 \022\325\021\032Q\026\377\244\215Q\034\302\346\352\236\021\227Mc\26442\323x\300\002\376\253\351\250F4\002 &\375\210\316\367\r\326\201\335A_2\022J-\377\365\245\252\t\014j\201\305\204\014\200mK\340\236$""; "
1750527527958,1750527527958,3125,1,3,2,TMValidation,"validation: """"\200\000\000\001&\000\000\000\004)/\351\252\246:\303`\246;Q\203[_Q\265\024\321\362\354\211\250.\234s\225amc\305\035\366\276\037nD\277`\210\223N\3535\033\261\304fP\027\000\000\000\000\000\000\000\000\000\000\000\000\000\000\000\000\000\000\000\000\000\000\000\000\000\000\000\000\000\000\000\000P\031\375T\356\014\360o'\030\311-\267\031\257!\031T\006><\315XM\334\324\345\034\000\325\367\240\271\013s!\002\266\377\271\344:\030\221i\267\257\215\237M\014\3345f\014\273|\207\367\334\337F\325\004cxB\211LvF0D\002 \022\325\021\032Q\026\377\244\215Q\034\302\346\352\236\021\227Mc\26442\323x\300\002\376\253\351\250F4\002 &\375\210\316\367\r\326\201\335A_2\022J-\377\365\245\252\t\014j\201\305\204\014\200mK\340\236$""; ","validation: """"\200\000\000\001&\000\000\000\004)/\351\252\246:\303`\246;Q\203[_Q\265\024\321\362\354\211\250.\234s\225amc\305\035\366\276\037nD\277`\210\223N\3535\033\261\304fP\027\000\000\000\000\000\000\000\000\000\000\000\000\000\000\000\000\000\000\000\000\000\000\000\000\000\000\000\000\000\000\000\000P\031\375T\356\014\360o'\030\311-\267\031\257!\031T\006><\315XM\334\324\345\034\000\325\367\240\271\013s!\002\266\377\271\344:\030\221i\267\257\215\237M\014\3345f\014\273|\207\367\334\337F\325\004cxB\211LvF0D\002 \022\325\021\032Q\026\377\244\215Q\034\302\346\352\236\021\227Mc\26442\323x\300\002\376\253\351\250F4\002 &\375\210\316\367\r\326\201\335A_2\022J-\377\365\245\252\t\014j\201\305\204\014\200mK\340\236$""; "
1750527527958,1750527527958,1777,1,3,0,TMValidation,"validation: """"\200\000\000\001&\000\000\000\004)/\351\252\246:\303`\246;Q\203[_Q\265\024\321\362\354\211\250.\234s\225amc\305\035\366\276\037nD\277`\210\223N\3535\033\261\304fP\027\000\000\000\000\000\000\000\000\000\000\000\000\000\000\000\000\000\000\000\000\000\000\000\000\000\000\000\000\000\000\000\000P\031\375T\356\014\360o'\030\311-\267\031\257!\031T\006><\315XM\334\324\345\034\000\325\367\240\271\013s!\002\266\377\271\344:\030\221i\267\257\215\237M\014\3345f\014\273|\207\367\334\337F\325\004cxB\211LvF0D\002 \022\325\021\032Q\026\377\244\215Q\034\302\346\352\236\021\227Mc\26442\323x\300\002\376\253\351\250F4\002 &\375\210\316\367\r\326\201\335A_2\022J-\377\365\245\252\t\014j\201\305\204\014\200mK\340\236$""; ","validation: """"\200\000\000\001&\000\000\000\004)/\351\252\246:\303`\246;Q\203[_Q\265\024\321\362\354\211\250.\234s\225amc\305\035\366\276\037nD\277`\210\223N\3535\033\261\304fP\027\000\000\000\000\000\000\000\000\000\000\000\000\000\000\000\000\000\000\000\000\000\000\000\000\000\000\000\000\000\000\000\000P\031\375T\356\014\360o'\030\311-\267\031\257!\031T\006><\315XM\334\324\345\034\000\325\367\240\271\013s!\002\266\377\271\344:\030\221i\267\257\215\237M\014\3345f\014\273|\207\367\334\337F\325\004cxB\211LvF0D\002 \022\325\021\032Q\026\377\244\215Q\034\302\346\352\236\021\227Mc\26442\323x\300\002\376\253\351\250F4\002 &\375\210\316\367\r\326\201\335A_2\022J-\377\365\245\252\t\014j\201\305\204\014\200mK\340\236$""; "
1750527528044,1750527528044,782,1,0,4,TMValidation,"validation: """"\200\000\000\001&\000\000\000\004)/\351\252\246:\303`\246;Q\203[_Q\265\024\321\362\354\211\250.\234s\225amc\305\035\366\276\037nD\277`\210\223N\3535\033\261\304fP\027\000\000\000\000\000\000\000\000\000\000\000\000\000\000\000\000\000\000\000\000\000\000\000\000\000\000\000\000\000\000\000\000P\031\375T\356\014\360o'\030\311-\267\031\257!\031T\006><\315XM\334\324\345\034\000\325\367\240\271\013s!\002\266\377\271\344:\030\221i\267\257\215\237M\014\3345f\014\273|\207\367\334\337F\325\004cxB\211LvF0D\002 \022\325\021\032Q\026\377\244\215Q\034\302\346\352\236\021\227Mc\26442\323x\300\002\376\253\351\250F4\002 &\375\210\316\367\r\326\201\335A_2\022J-\377\365\245\252\t\014j\201\305\204\014\200mK\340\236$""; ","validation: """"\200\000\000\001&\000\000\000\004)/\351\252\246:\303`\246;Q\203[_Q\265\024\321\362\354\211\250.\234s\225amc\305\035\366\276\037nD\277`\210\223N\3535\033\261\304fP\027\000\000\000\000\000\000\000\000\000\000\000\000\000\000\000\000\000\000\000\000\000\000\000\000\000\000\000\000\000\000\000\000P\031\375T\356\014\360o'\030\311-\267\031\257!\031T\006><\315XM\334\324\345\034\000\325\367\240\271\013s!\002\266\377\271\344:\030\221i\267\257\215\237M\014\3345f\014\273|\207\367\334\337F\325\004cxB\211LvF0D\002 \022\325\021\032Q\026\377\244\215Q\034\302\346\352\236\021\227Mc\26442\323x\300\002\376\253\351\250F4\002 &\375\210\316\367\r\326\201\335A_2\022J-\377\365\245\252\t\014j\201\305\204\014\200mK\340\236$""; "
1750527528044,1750527528044,2261,1,0,1,TMValidation,"validation: """"\200\000\000\001&\000\000\000\004)/\351\252\246:\303`\246;Q\203[_Q\265\024\321\362\354\211\250.\234s\225amc\305\035\366\276\037nD\277`\210\223N\3535\033\261\304fP\027\000\000\000\000\000\000\000\000\000\000\000\000\000\000\000\000\000\000\000\000\000\000\000\000\000\000\000\000\000\000\000\000P\031\375T\356\014\360o'\030\311-\267\031\257!\031T\006><\315XM\334\324\345\034\000\325\367\240\271\013s!\002\266\377\271\344:\030\221i\267\257\215\237M\014\3345f\014\273|\207\367\334\337F\325\004cxB\211LvF0D\002 \022\325\021\032Q\026\377\244\215Q\034\302\346\352\236\021\227Mc\26442\323x\300\002\376\253\351\250F4\002 &\375\210\316\367\r\326\201\335A_2\022J-\377\365\245\252\t\014j\201\305\204\014\200mK\340\236$""; ","validation: """"\200\000\000\001&\000\000\000\004)/\351\252\246:\303`\246;Q\203[_Q\265\024\321\362\354\211\250.\234s\225amc\305\035\366\276\037nD\277`\210\223N\3535\033\261\304fP\027\000\000\000\000\000\000\000\000\000\000\000\000\000\000\000\000\000\000\000\000\000\000\000\000\000\000\000\000\000\000\000\000P\031\375T\356\014\360o'\030\311-\267\031\257!\031T\006><\315XM\334\324\345\034\000\325\367\240\271\013s!\002\266\377\271\344:\030\221i\267\257\215\237M\014\3345f\014\273|\207\367\334\337F\325\004cxB\211LvF0D\002 \022\325\021\032Q\026\377\244\215Q\034\302\346\352\236\021\227Mc\26442\323x\300\002\376\253\351\250F4\002 &\375\210\316\367\r\326\201\335A_2\022J-\377\365\245\252\t\014j\201\305\204\014\200mK\340\236$""; "
1750527528044,1750527528045,3422,1,0,3,TMValidation,"validation: """"\200\000\000\001&\000\000\000\004)/\351\252\246:\303`\246;Q\203[_Q\265\024\321\362\354\211\250.\234s\225amc\305\035\366\276\037nD\277`\210\223N\3535\033\261\304fP\027\000\000\000\000\000\000\000\000\000\000\000\000\000\000\000\000\000\000\000\000\000\000\000\000\000\000\000\000\000\000\000\000P\031\375T\356\014\360o'\030\311-\267\031\257!\031T\006><\315XM\334\324\345\034\000\325\367\240\271\013s!\002\266\377\271\344:\030\221i\267\257\215\237M\014\3345f\014\273|\207\367\334\337F\325\004cxB\211LvF0D\002 \022\325\021\032Q\026\377\244\215Q\034\302\346\352\236\021\227Mc\26442\323x\300\002\376\253\351\250F4\002 &\375\210\316\367\r\326\201\335A_2\022J-\377\365\245\252\t\014j\201\305\204\014\200mK\340\236$""; ","validation: """"\200\000\000\001&\000\000\000\004)/\351\252\246:\303`\246;Q\203[_Q\265\024\321\362\354\211\250.\234s\225amc\305\035\366\276\037nD\277`\210\223N\3535\033\261\304fP\027\000\000\000\000\000\000\000\000\000\000\000\000\000\000\000\000\000\000\000\000\000\000\000\000\000\000\000\000\000\000\000\000P\031\375T\356\014\360o'\030\311-\267\031\257!\031T\006><\315XM\334\324\345\034\000\325\367\240\271\013s!\002\266\377\271\344:\030\221i\267\257\215\237M\014\3345f\014\273|\207\367\334\337F\325\004cxB\211LvF0D\002 \022\325\021\032Q\026\377\244\215Q\034\302\346\352\236\021\227Mc\26442\323x\300\002\376\253\351\250F4\002 &\375\210\316\367\r\326\201\335A_2\022J-\377\365\245\252\t\014j\201\305\204\014\200mK\340\236$""; "
1750527528080,1750527528080,1932,1,4,0,TMGetLedger,"itype: liTS_CANDIDATE; ledgerHash: ""'\274\220\233\332\373\335\027\332I\377y`\224\260\350-\215\335\267[\036\265\265\252`\026&\030{\362\363""; nodeIDs: ""\000\000\000\000\000\000\000\000\000\000\000\000\000\000\000\000\000\000\000\000\000\000\000\000\000\000\000\000\000\000\000\000\000""; queryDepth: 3; ","itype: liTS_CANDIDATE; ledgerHash: ""'\274\220\233\332\373\335\027\332I\377y`\224\260\350-\215\335\267[\036\265\265\252`\026&\030{\362\363""; nodeIDs: ""\000\000\000\000\000\000\000\000\000\000\000\000\000\000\000\000\000\000\000\000\000\000\000\000\000\000\000\000\000\000\000\000\000""; queryDepth: 3; "
1750527528080,1750527528081,2441,1,4,2,TMProposeSet,"proposeSeq: 0; currentTxHash: ""'\274\220\233\332\373\335\027\332I\377y`\224\260\350-\215\335\267[\036\265\265\252`\026&\030{\362\363""; nodePubKey: ""\002\266\377\271\344:\030\221i\267\257\215\237M\014\3345f\014\273|\207\367\334\337F\325\004cxB\211L""; closeTime: 803842727; signature: ""0D\002 \i\374\350\207=k\343O\215\001(\277\037\374^\001wx\007lZr\036\355\307\373\036\270F\301*\002 ,\301P\0315ppL\376<Q\004\332\310\224\351B\361\002R\005#\r6\343\035\272&\006\315Ni""; previousledger: ""\265\024\321\362\354\211\250.\234s\225amc\305\035\366\276\037nD\277`\210\223N\3535\033\261\304f""; ","proposeSeq: 0; currentTxHash: ""'\274\220\233\332\373\335\027\332I\377y`\224\260\350-\215\335\267[\036\265\265\252`\026&\030{\362\363""; nodePubKey: ""\002\266\377\271\344:\030\221i\267\257\215\237M\014\3345f\014\273|\207\367\334\337F\325\004cxB\211L""; closeTime: 803842727; signature: ""0D\002 \i\374\350\207=k\343O\215\001(\277\037\374^\001wx\007lZr\036\355\307\373\036\270F\301*\002 ,\301P\0315ppL\376<Q\004\332\310\224\351B\361\002R\005#\r6\343\035\272&\006\315Ni""; previousledger: ""\265\024\321\362\354\211\250.\234s\225amc\305\035\366\276\037nD\277`\210\223N\3535\033\261\304f""; "
1750527528081,1750527528081,2972,1,4,0,TMProposeSet,"proposeSeq: 0; currentTxHash: ""'\274\220\233\332\373\335\027\332I\377y`\224\260\350-\215\335\267[\036\265\265\252`\026&\030{\362\363""; nodePubKey: ""\002\266\377\271\344:\030\221i\267\257\215\237M\014\3345f\014\273|\207\367\334\337F\325\004cxB\211L""; closeTime: 803842727; signature: ""0D\002 \i\374\350\207=k\343O\215\001(\277\037\374^\001wx\007lZr\036\355\307\373\036\270F\301*\002 ,\301P\0315ppL\376<Q\004\332\310\224\351B\361\002R\005#\r6\343\035\272&\006\315Ni""; previousledger: ""\265\024\321\362\354\211\250.\234s\225amc\305\035\366\276\037nD\277`\210\223N\3535\033\261\304f""; ","proposeSeq: 0; currentTxHash: ""'\274\220\233\332\373\335\027\332I\377y`\224\260\350-\215\335\267[\036\265\265\252`\026&\030{\362\363""; nodePubKey: ""\002\266\377\271\344:\030\221i\267\257\215\237M\014\3345f\014\273|\207\367\334\337F\325\004cxB\211L""; closeTime: 803842727; signature: ""0D\002 \i\374\350\207=k\343O\215\001(\277\037\374^\001wx\007lZr\036\355\307\373\036\270F\301*\002 ,\301P\0315ppL\376<Q\004\332\310\224\351B\361\002R\005#\r6\343\035\272&\006\315Ni""; previousledger: ""\265\024\321\362\354\211\250.\234s\225amc\305\035\366\276\037nD\277`\210\223N\3535\033\261\304f""; "
1750527528081,1750527528081,2309,1,4,2,TMGetLedger,"itype: liTS_CANDIDATE; ledgerHash: ""'\274\220\233\332\373\335\027\332I\377y`\224\260\350-\215\335\267[\036\265\265\252`\026&\030{\362\363""; nodeIDs: ""\000\000\000\000\000\000\000\000\000\000\000\000\000\000\000\000\000\000\000\000\000\000\000\000\000\000\000\000\000\000\000\000\000""; queryDepth: 3; ","itype: liTS_CANDIDATE; ledgerHash: ""'\274\220\233\332\373\335\027\332I\377y`\224\260\350-\215\335\267[\036\265\265\252`\026&\030{\362\363""; nodeIDs: ""\000\000\000\000\000\000\000\000\000\000\000\000\000\000\000\000\000\000\000\000\000\000\000\000\000\000\000\000\000\000\000\000\000""; queryDepth: 3; "
1750527528081,1750527528081,371,1,4,3,TMProposeSet,"proposeSeq: 0; currentTxHash: ""'\274\220\233\332\373\335\027\332I\377y`\224\260\350-\215\335\267[\036\265\265\252`\026&\030{\362\363""; nodePubKey: ""\002\266\377\271\344:\030\221i\267\257\215\237M\014\3345f\014\273|\207\367\334\337F\325\004cxB\211L""; closeTime: 803842727; signature: ""0D\002 \i\374\350\207=k\343O\215\001(\277\037\374^\001wx\007lZr\036\355\307\373\036\270F\301*\002 ,\301P\0315ppL\376<Q\004\332\310\224\351B\361\002R\005#\r6\343\035\272&\006\315Ni""; previousledger: ""\265\024\321\362\354\211\250.\234s\225amc\305\035\366\276\037nD\277`\210\223N\3535\033\261\304f""; ","proposeSeq: 0; currentTxHash: ""'\274\220\233\332\373\335\027\332I\377y`\224\260\350-\215\335\267[\036\265\265\252`\026&\030{\362\363""; nodePubKey: ""\002\266\377\271\344:\030\221i\267\257\215\237M\014\3345f\014\273|\207\367\334\337F\325\004cxB\211L""; closeTime: 803842727; signature: ""0D\002 \i\374\350\207=k\343O\215\001(\277\037\374^\001wx\007lZr\036\355\307\373\036\270F\301*\002 ,\301P\0315ppL\376<Q\004\332\310\224\351B\361\002R\005#\r6\343\035\272&\006\315Ni""; previousledger: ""\265\024\321\362\354\211\250.\234s\225amc\305\035\366\276\037nD\277`\210\223N\3535\033\261\304f""; "
1750527528135,1750527528135,1019,1,3,4,TMGetLedger,"itype: liTS_CANDIDATE; ledgerHash: ""\310\200l\322\255\214\342'\243\202\375k%_\335\032N\021G\005\230\271\366~%e\366\202l^\rR""; nodeIDs: ""\000\000\000\000\000\000\000\000\000\000\000\000\000\000\000\000\000\000\000\000\000\000\000\000\000\000\000\000\000\000\000\000\000""; queryType: qtINDIRECT; queryDepth: 3; ","itype: liTS_CANDIDATE; ledgerHash: ""\310\200l\322\255\214\342'\243\202\375k%_\335\032N\021G\005\230\271\366~%e\366\202l^\rR""; nodeIDs: ""\000\000\000\000\000\000\000\000\000\000\000\000\000\000\000\000\000\000\000\000\000\000\000\000\000\000\000\000\000\000\000\000\000""; queryType: qtINDIRECT; queryDepth: 3; "
1750527528135,1750527528135,2079,1,3,1,TMGetLedger,"itype: liTS_CANDIDATE; ledgerHash: ""\310\200l\322\255\214\342'\243\202\375k%_\335\032N\021G\005\230\271\366~%e\366\202l^\rR""; nodeIDs: ""\000\000\000\000\000\000\000\000\000\000\000\000\000\000\000\000\000\000\000\000\000\000\000\000\000\000\000\000\000\000\000\000\000""; queryType: qtINDIRECT; queryDepth: 3; ","itype: liTS_CANDIDATE; ledgerHash: ""\310\200l\322\255\214\342'\243\202\375k%_\335\032N\021G\005\230\271\366~%e\366\202l^\rR""; nodeIDs: ""\000\000\000\000\000\000\000\000\000\000\000\000\000\000\000\000\000\000\000\000\000\000\000\000\000\000\000\000\000\000\000\000\000""; queryType: qtINDIRECT; queryDepth: 3; "
1750527528135,1750527528135,1131,1,3,0,TMGetLedger,"itype: liTS_CANDIDATE; ledgerHash: ""\310\200l\322\255\214\342'\243\202\375k%_\335\032N\021G\005\230\271\366~%e\366\202l^\rR""; nodeIDs: ""\000\000\000\000\000\000\000\000\000\000\000\000\000\000\000\000\000\000\000\000\000\000\000\000\000\000\000\000\000\000\000\000\000""; queryType: qtINDIRECT; queryDepth: 3; ","itype: liTS_CANDIDATE; ledgerHash: ""\310\200l\322\255\214\342'\243\202\375k%_\335\032N\021G\005\230\271\366~%e\366\202l^\rR""; nodeIDs: ""\000\000\000\000\000\000\000\000\000\000\000\000\000\000\000\000\000\000\000\000\000\000\000\000\000\000\000\000\000\000\000\000\000""; queryType: qtINDIRECT; queryDepth: 3; "
1750527528135,1750527528135,2794,1,3,2,TMGetLedger,"itype: liTS_CANDIDATE; ledgerHash: ""\310\200l\322\255\214\342'\243\202\375k%_\335\032N\021G\005\230\271\366~%e\366\202l^\rR""; nodeIDs: ""\000\000\000\000\000\000\000\000\000\000\000\000\000\000\000\000\000\000\000\000\000\000\000\000\000\000\000\000\000\000\000\000\000""; queryType: qtINDIRECT; queryDepth: 3; ","itype: liTS_CANDIDATE; ledgerHash: ""\310\200l\322\255\214\342'\243\202\375k%_\335\032N\021G\005\230\271\366~%e\366\202l^\rR""; nodeIDs: ""\000\000\000\000\000\000\000\000\000\000\000\000\000\000\000\000\000\000\000\000\000\000\000\000\000\000\000\000\000\000\000\000\000""; queryType: qtINDIRECT; queryDepth: 3; "
1750527528157,1750527528157,2309,1,4,2,TMGetLedger,"itype: liTS_CANDIDATE; ledgerHash: ""\310\200l\322\255\214\342'\243\202\375k%_\335\032N\021G\005\230\271\366~%e\366\202l^\rR""; nodeIDs: ""\000\000\000\000\000\000\000\000\000\000\000\000\000\000\000\000\000\000\000\000\000\000\000\000\000\000\000\000\000\000\000\000\000""; queryType: qtINDIRECT; queryDepth: 3; ","itype: liTS_CANDIDATE; ledgerHash: ""\310\200l\322\255\214\342'\243\202\375k%_\335\032N\021G\005\230\271\366~%e\366\202l^\rR""; nodeIDs: ""\000\000\000\000\000\000\000\000\000\000\000\000\000\000\000\000\000\000\000\000\000\000\000\000\000\000\000\000\000\000\000\000\000""; queryType: qtINDIRECT; queryDepth: 3; "
1750527528176,1750527528176,2794,1,3,2,TMGetLedger,"itype: liTS_CANDIDATE; ledgerHash: ""[\000\302\314\326\214\276@c\240\272\222{\363\314\032\213\311\316\246/\330\302\014>\022\346\234\347\264\270\350""; nodeIDs: ""\000\000\000\000\000\000\000\000\000\000\000\000\000\000\000\000\000\000\000\000\000\000\000\000\000\000\000\000\000\000\000\000\000""; queryType: qtINDIRECT; queryDepth: 3; ","itype: liTS_CANDIDATE; ledgerHash: ""[\000\302\314\326\214\276@c\240\272\222{\363\314\032\213\311\316\246/\330\302\014>\022\346\234\347\264\270\350""; nodeIDs: ""\000\000\000\000\000\000\000\000\000\000\000\000\000\000\000\000\000\000\000\000\000\000\000\000\000\000\000\000\000\000\000\000\000""; queryType: qtINDIRECT; queryDepth: 3; "
1750527528176,1750527528176,1131,1,3,0,TMGetLedger,"itype: liTS_CANDIDATE; ledgerHash: ""[\000\302\314\326\214\276@c\240\272\222{\363\314\032\213\311\316\246/\330\302\014>\022\346\234\347\264\270\350""; nodeIDs: ""\000\000\000\000\000\000\000\000\000\000\000\000\000\000\000\000\000\000\000\000\000\000\000\000\000\000\000\000\000\000\000\000\000""; queryType: qtINDIRECT; queryDepth: 3; ","itype: liTS_CANDIDATE; ledgerHash: ""[\000\302\314\326\214\276@c\240\272\222{\363\314\032\213\311\316\246/\330\302\014>\022\346\234\347\264\270\350""; nodeIDs: ""\000\000\000\000\000\000\000\000\000\000\000\000\000\000\000\000\000\000\000\000\000\000\000\000\000\000\000\000\000\000\000\000\000""; queryType: qtINDIRECT; queryDepth: 3; "
1750527528176,1750527528176,1019,1,3,4,TMGetLedger,"itype: liTS_CANDIDATE; ledgerHash: ""[\000\302\314\326\214\276@c\240\272\222{\363\314\032\213\311\316\246/\330\302\014>\022\346\234\347\264\270\350""; nodeIDs: ""\000\000\000\000\000\000\000\000\000\000\000\000\000\000\000\000\000\000\000\000\000\000\000\000\000\000\000\000\000\000\000\000\000""; queryType: qtINDIRECT; queryDepth: 3; ","itype: liTS_CANDIDATE; ledgerHash: ""[\000\302\314\326\214\276@c\240\272\222{\363\314\032\213\311\316\246/\330\302\014>\022\346\234\347\264\270\350""; nodeIDs: ""\000\000\000\000\000\000\000\000\000\000\000\000\000\000\000\000\000\000\000\000\000\000\000\000\000\000\000\000\000\000\000\000\000""; queryType: qtINDIRECT; queryDepth: 3; "
1750527528177,1750527528177,2079,1,3,1,TMGetLedger,"itype: liTS_CANDIDATE; ledgerHash: ""[\000\302\314\326\214\276@c\240\272\222{\363\314\032\213\311\316\246/\330\302\014>\022\346\234\347\264\270\350""; nodeIDs: ""\000\000\000\000\000\000\000\000\000\000\000\000\000\000\000\000\000\000\000\000\000\000\000\000\000\000\000\000\000\000\000\000\000""; queryType: qtINDIRECT; queryDepth: 3; ","itype: liTS_CANDIDATE; ledgerHash: ""[\000\302\314\326\214\276@c\240\272\222{\363\314\032\213\311\316\246/\330\302\014>\022\346\234\347\264\270\350""; nodeIDs: ""\000\000\000\000\000\000\000\000\000\000\000\000\000\000\000\000\000\000\000\000\000\000\000\000\000\000\000\000\000\000\000\000\000""; queryType: qtINDIRECT; queryDepth: 3; "
1750527528190,1750527528191,2261,1,0,1,TMValidation,"validation: """"\200\000\000\001&\000\000\000\004)/\351\252\246:p\210\265\307-\212\200\004Q\265\024\321\362\354\211\250.\234s\225amc\305\035\366\276\037nD\277`\210\223N\3535\033\261\304fP\027\000\000\000\000\000\000\000\000\000\000\000\000\000\000\000\000\000\000\000\000\000\000\000\000\000\000\000\000\000\000\000\000P\031\375T\356\014\360o'\030\311-\267\031\257!\031T\006><\315XM\334\324\345\034\000\325\367\240\271\013s!\002\364d\217\366\217|\316F\232\231\241\n\261\333`\312O\367\235\025DD\336e\367\n\312\326\221\037\025\230vG0E\002!\000\2450\334+\037\216a\360\305t\370$\032\025\276\326S!V\274\006\3500,go\353\244\342\364\006<\002 \036\250\261Vt\203\025<\207\230\342\336m\212\341\357Yb\230\241[\300\300\016S\344*\210\332\222\241+""; ","validation: """"\200\000\000\001&\000\000\000\004)/\351\252\246:p\210\265\307-\212\200\004Q\265\024\321\362\354\211\250.\234s\225amc\305\035\366\276\037nD\277`\210\223N\3535\033\261\304fP\027\000\000\000\000\000\000\000\000\000\000\000\000\000\000\000\000\000\000\000\000\000\000\000\000\000\000\000\000\000\000\000\000P\031\375T\356\014\360o'\030\311-\267\031\257!\031T\006><\315XM\334\324\345\034\000\325\367\240\271\013s!\002\364d\217\366\217|\316F\232\231\241\n\261\333`\312O\367\235\025DD\336e\367\n\312\326\221\037\025\230vG0E\002!\000\2450\334+\037\216a\360\305t\370$\032\025\276\326S!V\274\006\3500,go\353\244\342\364\006<\002 \036\250\261Vt\203\025<\207\230\342\336m\212\341\357Yb\230\241[\300\300\016S\344*\210\332\222\241+""; "
1750527528191,1750527528191,1933,1,0,2,TMValidation,"validation: """"\200\000\000\001&\000\000\000\004)/\351\252\246:p\210\265\307-\212\200\004Q\265\024\321\362\354\211\250.\234s\225amc\305\035\366\276\037nD\277`\210\223N\3535\033\261\304fP\027\000\000\000\000\000\000\000\000\000\000\000\000\000\000\000\000\000\000\000\000\000\000\000\000\000\000\000\000\000\000\000\000P\031\375T\356\014\360o'\030\311-\267\031\257!\031T\006><\315XM\334\324\345\034\000\325\367\240\271\013s!\002\364d\217\366\217|\316F\232\231\241\n\261\333`\312O\367\235\025DD\336e\367\n\312\326\221\037\025\230vG0E\002!\000\2450\334+\037\216a\360\305t\370$\032\025\276\326S!V\274\006\3500,go\353\244\342\364\006<\002 \036\250\261Vt\203\025<\207\230\342\336m\212\341\357Yb\230\241[\300\300\016S\344*\210\332\222\241+""; ","validation: """"\200\000\000\001&\000\000\000\004)/\351\252\246:p\210\265\307-\212\200\004Q\265\024\321\362\354\211\250.\234s\225amc\305\035\366\276\037nD\277`\210\223N\3535\033\261\304fP\027\000\000\000\000\000\000\000\000\000\000\000\000\000\000\000\000\000\000\000\000\000\000\000\000\000\000\000\000\000\000\000\000P\031\375T\356\014\360o'\030\311-\267\031\257!\031T\006><\315XM\334\324\345\034\000\325\367\240\271\013s!\002\364d\217\366\217|\316F\232\231\241\n\261\333`\312O\367\235\025DD\336e\367\n\312\326\221\037\025\230vG0E\002!\000\2450\334+\037\216a\360\305t\370$\032\025\276\326S!V\274\006\3500,go\353\244\342\364\006<\002 \036\250\261Vt\203\025<\207\230\342\336m\212\341\357Yb\230\241[\300\300\016S\344*\210\332\222\241+""; "
1750527528191,1750527528191,782,1,0,4,TMValidation,"validation: """"\200\000\000\001&\000\000\000\004)/\351\252\246:p\210\265\307-\212\200\004Q\265\024\321\362\354\211\250.\234s\225amc\305\035\366\276\037nD\277`\210\223N\3535\033\261\304fP\027\000\000\000\000\000\000\000\000\000\000\000\000\000\000\000\000\000\000\000\000\000\000\000\000\000\000\000\000\000\000\000\000P\031\375T\356\014\360o'\030\311-\267\031\257!\031T\006><\315XM\334\324\345\034\000\325\367\240\271\013s!\002\364d\217\366\217|\316F\232\231\241\n\261\333`\312O\367\235\025DD\336e\367\n\312\326\221\037\025\230vG0E\002!\000\2450\334+\037\216a\360\305t\370$\032\025\276\326S!V\274\006\3500,go\353\244\342\364\006<\002 \036\250\261Vt\203\025<\207\230\342\336m\212\341\357Yb\230\241[\300\300\016S\344*\210\332\222\241+""; ","validation: """"\200\000\000\001&\000\000\000\004)/\351\252\246:p\210\265\307-\212\200\004Q\265\024\321\362\354\211\250.\234s\225amc\305\035\366\276\037nD\277`\210\223N\3535\033\261\304fP\027\000\000\000\000\000\000\000\000\000\000\000\000\000\000\000\000\000\000\000\000\000\000\000\000\000\000\000\000\000\000\000\000P\031\375T\356\014\360o'\030\311-\267\031\257!\031T\006><\315XM\334\324\345\034\000\325\367\240\271\013s!\002\364d\217\366\217|\316F\232\231\241\n\261\333`\312O\367\235\025DD\336e\367\n\312\326\221\037\025\230vG0E\002!\000\2450\334+\037\216a\360\305t\370$\032\025\276\326S!V\274\006\3500,go\353\244\342\364\006<\002 \036\250\261Vt\203\025<\207\230\342\336m\212\341\357Yb\230\241[\300\300\016S\344*\210\332\222\241+""; "
1750527528330,1750527528330,2101,1,4,1,TMGetLedger,"itype: liTS_CANDIDATE; ledgerHash: ""'\274\220\233\332\373\335\027\332I\377y`\224\260\350-\215\335\267[\036\265\265\252`\026&\030{\362\363""; nodeIDs: ""\000\000\000\000\000\000\000\000\000\000\000\000\000\000\000\000\000\000\000\000\000\000\000\000\000\000\000\000\000\000\000\000\000""; queryType: qtINDIRECT; queryDepth: 3; ","itype: liTS_CANDIDATE; ledgerHash: ""'\274\220\233\332\373\335\027\332I\377y`\224\260\350-\215\335\267[\036\265\265\252`\026&\030{\362\363""; nodeIDs: ""\000\000\000\000\000\000\000\000\000\000\000\000\000\000\000\000\000\000\000\000\000\000\000\000\000\000\000\000\000\000\000\000\000""; queryType: qtINDIRECT; queryDepth: 3; "
1750527528385,1750527528385,2079,1,3,1,TMGetLedger,"itype: liTS_CANDIDATE; ledgerHash: ""\310\200l\322\255\214\342'\243\202\375k%_\335\032N\021G\005\230\271\366~%e\366\202l^\rR""; nodeIDs: ""\000\000\000\000\000\000\000\000\000\000\000\000\000\000\000\000\000\000\000\000\000\000\000\000\000\000\000\000\000\000\000\000\000""; queryType: qtINDIRECT; queryDepth: 3; ","itype: liTS_CANDIDATE; ledgerHash: ""\310\200l\322\255\214\342'\243\202\375k%_\335\032N\021G\005\230\271\366~%e\366\202l^\rR""; nodeIDs: ""\000\000\000\000\000\000\000\000\000\000\000\000\000\000\000\000\000\000\000\000\000\000\000\000\000\000\000\000\000\000\000\000\000""; queryType: qtINDIRECT; queryDepth: 3; "
1750527528385,1750527528386,1019,1,3,4,TMGetLedger,"itype: liTS_CANDIDATE; ledgerHash: ""\310\200l\322\255\214\342'\243\202\375k%_\335\032N\021G\005\230\271\366~%e\366\202l^\rR""; nodeIDs: ""\000\000\000\000\000\000\000\000\000\000\000\000\000\000\000\000\000\000\000\000\000\000\000\000\000\000\000\000\000\000\000\000\000""; queryType: qtINDIRECT; queryDepth: 3; ","itype: liTS_CANDIDATE; ledgerHash: ""\310\200l\322\255\214\342'\243\202\375k%_\335\032N\021G\005\230\271\366~%e\366\202l^\rR""; nodeIDs: ""\000\000\000\000\000\000\000\000\000\000\000\000\000\000\000\000\000\000\000\000\000\000\000\000\000\000\000\000\000\000\000\000\000""; queryType: qtINDIRECT; queryDepth: 3; "
1750527528386,1750527528386,1131,1,3,0,TMGetLedger,"itype: liTS_CANDIDATE; ledgerHash: ""\310\200l\322\255\214\342'\243\202\375k%_\335\032N\021G\005\230\271\366~%e\366\202l^\rR""; nodeIDs: ""\000\000\000\000\000\000\000\000\000\000\000\000\000\000\000\000\000\000\000\000\000\000\000\000\000\000\000\000\000\000\000\000\000""; queryType: qtINDIRECT; queryDepth: 3; ","itype: liTS_CANDIDATE; ledgerHash: ""\310\200l\322\255\214\342'\243\202\375k%_\335\032N\021G\005\230\271\366~%e\366\202l^\rR""; nodeIDs: ""\000\000\000\000\000\000\000\000\000\000\000\000\000\000\000\000\000\000\000\000\000\000\000\000\000\000\000\000\000\000\000\000\000""; queryType: qtINDIRECT; queryDepth: 3; "
1750527528387,1750527528387,2794,1,3,2,TMGetLedger,"itype: liTS_CANDIDATE; ledgerHash: ""\310\200l\322\255\214\342'\243\202\375k%_\335\032N\021G\005\230\271\366~%e\366\202l^\rR""; nodeIDs: ""\000\000\000\000\000\000\000\000\000\000\000\000\000\000\000\000\000\000\000\000\000\000\000\000\000\000\000\000\000\000\000\000\000""; queryType: qtINDIRECT; queryDepth: 3; ","itype: liTS_CANDIDATE; ledgerHash: ""\310\200l\322\255\214\342'\243\202\375k%_\335\032N\021G\005\230\271\366~%e\366\202l^\rR""; nodeIDs: ""\000\000\000\000\000\000\000\000\000\000\000\000\000\000\000\000\000\000\000\000\000\000\000\000\000\000\000\000\000\000\000\000\000""; queryType: qtINDIRECT; queryDepth: 3; "
1750527528407,1750527528407,2101,1,4,1,TMGetLedger,"itype: liTS_CANDIDATE; ledgerHash: ""\310\200l\322\255\214\342'\243\202\375k%_\335\032N\021G\005\230\271\366~%e\366\202l^\rR""; nodeIDs: ""\000\000\000\000\000\000\000\000\000\000\000\000\000\000\000\000\000\000\000\000\000\000\000\000\000\000\000\000\000\000\000\000\000""; queryType: qtINDIRECT; queryDepth: 3; ","itype: liTS_CANDIDATE; ledgerHash: ""\310\200l\322\255\214\342'\243\202\375k%_\335\032N\021G\005\230\271\366~%e\366\202l^\rR""; nodeIDs: ""\000\000\000\000\000\000\000\000\000\000\000\000\000\000\000\000\000\000\000\000\000\000\000\000\000\000\000\000\000\000\000\000\000""; queryType: qtINDIRECT; queryDepth: 3; "
1750527528426,1750527528426,2079,1,3,1,TMGetLedger,"itype: liTS_CANDIDATE; ledgerHash: ""[\000\302\314\326\214\276@c\240\272\222{\363\314\032\213\311\316\246/\330\302\014>\022\346\234\347\264\270\350""; nodeIDs: ""\000\000\000\000\000\000\000\000\000\000\000\000\000\000\000\000\000\000\000\000\000\000\000\000\000\000\000\000\000\000\000\000\000""; queryType: qtINDIRECT; queryDepth: 3; ","itype: liTS_CANDIDATE; ledgerHash: ""[\000\302\314\326\214\276@c\240\272\222{\363\314\032\213\311\316\246/\330\302\014>\022\346\234\347\264\270\350""; nodeIDs: ""\000\000\000\000\000\000\000\000\000\000\000\000\000\000\000\000\000\000\000\000\000\000\000\000\000\000\000\000\000\000\000\000\000""; queryType: qtINDIRECT; queryDepth: 3; "
1750527528427,1750527528427,2794,1,3,2,TMGetLedger,"itype: liTS_CANDIDATE; ledgerHash: ""[\000\302\314\326\214\276@c\240\272\222{\363\314\032\213\311\316\246/\330\302\014>\022\346\234\347\264\270\350""; nodeIDs: ""\000\000\000\000\000\000\000\000\000\000\000\000\000\000\000\000\000\000\000\000\000\000\000\000\000\000\000\000\000\000\000\000\000""; queryType: qtINDIRECT; queryDepth: 3; ","itype: liTS_CANDIDATE; ledgerHash: ""[\000\302\314\326\214\276@c\240\272\222{\363\314\032\213\311\316\246/\330\302\014>\022\346\234\347\264\270\350""; nodeIDs: ""\000\000\000\000\000\000\000\000\000\000\000\000\000\000\000\000\000\000\000\000\000\000\000\000\000\000\000\000\000\000\000\000\000""; queryType: qtINDIRECT; queryDepth: 3; "
1750527528427,1750527528428,1131,1,3,0,TMGetLedger,"itype: liTS_CANDIDATE; ledgerHash: ""[\000\302\314\326\214\276@c\240\272\222{\363\314\032\213\311\316\246/\330\302\014>\022\346\234\347\264\270\350""; nodeIDs: ""\000\000\000\000\000\000\000\000\000\000\000\000\000\000\000\000\000\000\000\000\000\000\000\000\000\000\000\000\000\000\000\000\000""; queryType: qtINDIRECT; queryDepth: 3; ","itype: liTS_CANDIDATE; ledgerHash: ""[\000\302\314\326\214\276@c\240\272\222{\363\314\032\213\311\316\246/\330\302\014>\022\346\234\347\264\270\350""; nodeIDs: ""\000\000\000\000\000\000\000\000\000\000\000\000\000\000\000\000\000\000\000\000\000\000\000\000\000\000\000\000\000\000\000\000\000""; queryType: qtINDIRECT; queryDepth: 3; "
1750527528428,1750527528428,1019,1,3,4,TMGetLedger,"itype: liTS_CANDIDATE; ledgerHash: ""[\000\302\314\326\214\276@c\240\272\222{\363\314\032\213\311\316\246/\330\302\014>\022\346\234\347\264\270\350""; nodeIDs: ""\000\000\000\000\000\000\000\000\000\000\000\000\000\000\000\000\000\000\000\000\000\000\000\000\000\000\000\000\000\000\000\000\000""; queryType: qtINDIRECT; queryDepth: 3; ","itype: liTS_CANDIDATE; ledgerHash: ""[\000\302\314\326\214\276@c\240\272\222{\363\314\032\213\311\316\246/\330\302\014>\022\346\234\347\264\270\350""; nodeIDs: ""\000\000\000\000\000\000\000\000\000\000\000\000\000\000\000\000\000\000\000\000\000\000\000\000\000\000\000\000\000\000\000\000\000""; queryType: qtINDIRECT; queryDepth: 3; "
1750527528454,1750527528454,3787,1,3,2,TMProposeSet,"proposeSeq: 0; currentTxHash: ""'\274\220\233\332\373\335\027\332I\377y`\224\260\350-\215\335\267[\036\265\265\252`\026&\030{\362\363""; nodePubKey: ""\002\266\377\271\344:\030\221i\267\257\215\237M\014\3345f\014\273|\207\367\334\337F\325\004cxB\211L""; closeTime: 803842727; signature: ""0D\002 \i\374\350\207=k\343O\215\001(\277\037\374^\001wx\007lZr\036\355\307\373\036\270F\301*\002 ,\301P\0315ppL\376<Q\004\332\310\224\351B\361\002R\005#\r6\343\035\272&\006\315Ni""; previousledger: ""\265\024\321\362\354\211\250.\234s\225amc\305\035\366\276\037nD\277`\210\223N\3535\033\261\304f""; ","proposeSeq: 0; currentTxHash: ""'\274\220\233\332\373\335\027\332I\377y`\224\260\350-\215\335\267[\036\265\265\252`\026&\030{\362\363""; nodePubKey: ""\002\266\377\271\344:\030\221i\267\257\215\237M\014\3345f\014\273|\207\367\334\337F\325\004cxB\211L""; closeTime: 803842727; signature: ""0D\002 \i\374\350\207=k\343O\215\001(\277\037\374^\001wx\007lZr\036\355\307\373\036\270F\301*\002 ,\301P\0315ppL\376<Q\004\332\310\224\351B\361\002R\005#\r6\343\035\272&\006\315Ni""; previousledger: ""\265\024\321\362\354\211\250.\234s\225amc\305\035\366\276\037nD\277`\210\223N\3535\033\261\304f""; "
1750527528455,1750527528455,2201,1,3,0,TMProposeSet,"proposeSeq: 0; currentTxHash: ""'\274\220\233\332\373\335\027\332I\377y`\224\260\350-\215\335\267[\036\265\265\252`\026&\030{\362\363""; nodePubKey: ""\002\266\377\271\344:\030\221i\267\257\215\237M\014\3345f\014\273|\207\367\334\337F\325\004cxB\211L""; closeTime: 803842727; signature: ""0D\002 \i\374\350\207=k\343O\215\001(\277\037\374^\001wx\007lZr\036\355\307\373\036\270F\301*\002 ,\301P\0315ppL\376<Q\004\332\310\224\351B\361\002R\005#\r6\343\035\272&\006\315Ni""; previousledger: ""\265\024\321\362\354\211\250.\234s\225amc\305\035\366\276\037nD\277`\210\223N\3535\033\261\304f""; ","proposeSeq: 0; currentTxHash: ""'\274\220\233\332\373\335\027\332I\377y`\224\260\350-\215\335\267[\036\265\265\252`\026&\030{\362\363""; nodePubKey: ""\002\266\377\271\344:\030\221i\267\257\215\237M\014\3345f\014\273|\207\367\334\337F\325\004cxB\211L""; closeTime: 803842727; signature: ""0D\002 \i\374\350\207=k\343O\215\001(\277\037\374^\001wx\007lZr\036\355\307\373\036\270F\301*\002 ,\301P\0315ppL\376<Q\004\332\310\224\351B\361\002R\005#\r6\343\035\272&\006\315Ni""; previousledger: ""\265\024\321\362\354\211\250.\234s\225amc\305\035\366\276\037nD\277`\210\223N\3535\033\261\304f""; "
1750527528455,1750527528455,3830,1,3,1,TMProposeSet,"proposeSeq: 0; currentTxHash: ""'\274\220\233\332\373\335\027\332I\377y`\224\260\350-\215\335\267[\036\265\265\252`\026&\030{\362\363""; nodePubKey: ""\002\266\377\271\344:\030\221i\267\257\215\237M\014\3345f\014\273|\207\367\334\337F\325\004cxB\211L""; closeTime: 803842727; signature: ""0D\002 \i\374\350\207=k\343O\215\001(\277\037\374^\001wx\007lZr\036\355\307\373\036\270F\301*\002 ,\301P\0315ppL\376<Q\004\332\310\224\351B\361\002R\005#\r6\343\035\272&\006\315Ni""; previousledger: ""\265\024\321\362\354\211\250.\234s\225amc\305\035\366\276\037nD\277`\210\223N\3535\033\261\304f""; ","proposeSeq: 0; currentTxHash: ""'\274\220\233\332\373\335\027\332I\377y`\224\260\350-\215\335\267[\036\265\265\252`\026&\030{\362\363""; nodePubKey: ""\002\266\377\271\344:\030\221i\267\257\215\237M\014\3345f\014\273|\207\367\334\337F\325\004cxB\211L""; closeTime: 803842727; signature: ""0D\002 \i\374\350\207=k\343O\215\001(\277\037\374^\001wx\007lZr\036\355\307\373\036\270F\301*\002 ,\301P\0315ppL\376<Q\004\332\310\224\351B\361\002R\005#\r6\343\035\272&\006\315Ni""; previousledger: ""\265\024\321\362\354\211\250.\234s\225amc\305\035\366\276\037nD\277`\210\223N\3535\033\261\304f""; "
1750527528580,1750527528581,559,1,4,3,TMGetLedger,"itype: liTS_CANDIDATE; ledgerHash: ""'\274\220\233\332\373\335\027\332I\377y`\224\260\350-\215\335\267[\036\265\265\252`\026&\030{\362\363""; nodeIDs: ""\000\000\000\000\000\000\000\000\000\000\000\000\000\000\000\000\000\000\000\000\000\000\000\000\000\000\000\000\000\000\000\000\000""; queryType: qtINDIRECT; queryDepth: 3; ","itype: liTS_CANDIDATE; ledgerHash: ""'\274\220\233\332\373\335\027\332I\377y`\224\260\350-\215\335\267[\036\265\265\252`\026&\030{\362\363""; nodeIDs: ""\000\000\000\000\000\000\000\000\000\000\000\000\000\000\000\000\000\000\000\000\000\000\000\000\000\000\000\000\000\000\000\000\000""; queryType: qtINDIRECT; queryDepth: 3; "
1750527528635,1750527528635,1131,1,3,0,TMGetLedger,"itype: liTS_CANDIDATE; ledgerHash: ""\310\200l\322\255\214\342'\243\202\375k%_\335\032N\021G\005\230\271\366~%e\366\202l^\rR""; nodeIDs: ""\000\000\000\000\000\000\000\000\000\000\000\000\000\000\000\000\000\000\000\000\000\000\000\000\000\000\000\000\000\000\000\000\000""; queryType: qtINDIRECT; queryDepth: 3; ","itype: liTS_CANDIDATE; ledgerHash: ""\310\200l\322\255\214\342'\243\202\375k%_\335\032N\021G\005\230\271\366~%e\366\202l^\rR""; nodeIDs: ""\000\000\000\000\000\000\000\000\000\000\000\000\000\000\000\000\000\000\000\000\000\000\000\000\000\000\000\000\000\000\000\000\000""; queryType: qtINDIRECT; queryDepth: 3; "
1750527528636,1750527528636,2079,1,3,1,TMGetLedger,"itype: liTS_CANDIDATE; ledgerHash: ""\310\200l\322\255\214\342'\243\202\375k%_\335\032N\021G\005\230\271\366~%e\366\202l^\rR""; nodeIDs: ""\000\000\000\000\000\000\000\000\000\000\000\000\000\000\000\000\000\000\000\000\000\000\000\000\000\000\000\000\000\000\000\000\000""; queryType: qtINDIRECT; queryDepth: 3; ","itype: liTS_CANDIDATE; ledgerHash: ""\310\200l\322\255\214\342'\243\202\375k%_\335\032N\021G\005\230\271\366~%e\366\202l^\rR""; nodeIDs: ""\000\000\000\000\000\000\000\000\000\000\000\000\000\000\000\000\000\000\000\000\000\000\000\000\000\000\000\000\000\000\000\000\000""; queryType: qtINDIRECT; queryDepth: 3; "
1750527528635,1750527528635,1019,1,3,4,TMGetLedger,"itype: liTS_CANDIDATE; ledgerHash: ""\310\200l\322\255\214\342'\243\202\375k%_\335\032N\021G\005\230\271\366~%e\366\202l^\rR""; nodeIDs: ""\000\000\000\000\000\000\000\000\000\000\000\000\000\000\000\000\000\000\000\000\000\000\000\000\000\000\000\000\000\000\000\000\000""; queryType: qtINDIRECT; queryDepth: 3; ","itype: liTS_CANDIDATE; ledgerHash: ""\310\200l\322\255\214\342'\243\202\375k%_\335\032N\021G\005\230\271\366~%e\366\202l^\rR""; nodeIDs: ""\000\000\000\000\000\000\000\000\000\000\000\000\000\000\000\000\000\000\000\000\000\000\000\000\000\000\000\000\000\000\000\000\000""; queryType: qtINDIRECT; queryDepth: 3; "
1750527528636,1750527528636,2794,1,3,2,TMGetLedger,"itype: liTS_CANDIDATE; ledgerHash: ""\310\200l\322\255\214\342'\243\202\375k%_\335\032N\021G\005\230\271\366~%e\366\202l^\rR""; nodeIDs: ""\000\000\000\000\000\000\000\000\000\000\000\000\000\000\000\000\000\000\000\000\000\000\000\000\000\000\000\000\000\000\000\000\000""; queryType: qtINDIRECT; queryDepth: 3; ","itype: liTS_CANDIDATE; ledgerHash: ""\310\200l\322\255\214\342'\243\202\375k%_\335\032N\021G\005\230\271\366~%e\366\202l^\rR""; nodeIDs: ""\000\000\000\000\000\000\000\000\000\000\000\000\000\000\000\000\000\000\000\000\000\000\000\000\000\000\000\000\000\000\000\000\000""; queryType: qtINDIRECT; queryDepth: 3; "
1750527528656,1750527528656,1932,1,4,0,TMGetLedger,"itype: liTS_CANDIDATE; ledgerHash: ""\310\200l\322\255\214\342'\243\202\375k%_\335\032N\021G\005\230\271\366~%e\366\202l^\rR""; nodeIDs: ""\000\000\000\000\000\000\000\000\000\000\000\000\000\000\000\000\000\000\000\000\000\000\000\000\000\000\000\000\000\000\000\000\000""; requestCookie: 4; queryType: qtINDIRECT; queryDepth: 3; ","itype: liTS_CANDIDATE; ledgerHash: ""\310\200l\322\255\214\342'\243\202\375k%_\335\032N\021G\005\230\271\366~%e\366\202l^\rR""; nodeIDs: ""\000\000\000\000\000\000\000\000\000\000\000\000\000\000\000\000\000\000\000\000\000\000\000\000\000\000\000\000\000\000\000\000\000""; requestCookie: 4; queryType: qtINDIRECT; queryDepth: 3; "
1750527528676,1750527528676,2079,1,3,1,TMGetLedger,"itype: liTS_CANDIDATE; ledgerHash: ""[\000\302\314\326\214\276@c\240\272\222{\363\314\032\213\311\316\246/\330\302\014>\022\346\234\347\264\270\350""; nodeIDs: ""\000\000\000\000\000\000\000\000\000\000\000\000\000\000\000\000\000\000\000\000\000\000\000\000\000\000\000\000\000\000\000\000\000""; queryType: qtINDIRECT; queryDepth: 3; ","itype: liTS_CANDIDATE; ledgerHash: ""[\000\302\314\326\214\276@c\240\272\222{\363\314\032\213\311\316\246/\330\302\014>\022\346\234\347\264\270\350""; nodeIDs: ""\000\000\000\000\000\000\000\000\000\000\000\000\000\000\000\000\000\000\000\000\000\000\000\000\000\000\000\000\000\000\000\000\000""; queryType: qtINDIRECT; queryDepth: 3; "
1750527528676,1750527528677,2794,1,3,2,TMGetLedger,"itype: liTS_CANDIDATE; ledgerHash: ""[\000\302\314\326\214\276@c\240\272\222{\363\314\032\213\311\316\246/\330\302\014>\022\346\234\347\264\270\350""; nodeIDs: ""\000\000\000\000\000\000\000\000\000\000\000\000\000\000\000\000\000\000\000\000\000\000\000\000\000\000\000\000\000\000\000\000\000""; queryType: qtINDIRECT; queryDepth: 3; ","itype: liTS_CANDIDATE; ledgerHash: ""[\000\302\314\326\214\276@c\240\272\222{\363\314\032\213\311\316\246/\330\302\014>\022\346\234\347\264\270\350""; nodeIDs: ""\000\000\000\000\000\000\000\000\000\000\000\000\000\000\000\000\000\000\000\000\000\000\000\000\000\000\000\000\000\000\000\000\000""; queryType: qtINDIRECT; queryDepth: 3; "
1750527528678,1750527528678,1019,1,3,4,TMGetLedger,"itype: liTS_CANDIDATE; ledgerHash: ""[\000\302\314\326\214\276@c\240\272\222{\363\314\032\213\311\316\246/\330\302\014>\022\346\234\347\264\270\350""; nodeIDs: ""\000\000\000\000\000\000\000\000\000\000\000\000\000\000\000\000\000\000\000\000\000\000\000\000\000\000\000\000\000\000\000\000\000""; queryType: qtINDIRECT; queryDepth: 3; ","itype: liTS_CANDIDATE; ledgerHash: ""[\000\302\314\326\214\276@c\240\272\222{\363\314\032\213\311\316\246/\330\302\014>\022\346\234\347\264\270\350""; nodeIDs: ""\000\000\000\000\000\000\000\000\000\000\000\000\000\000\000\000\000\000\000\000\000\000\000\000\000\000\000\000\000\000\000\000\000""; queryType: qtINDIRECT; queryDepth: 3; "
1750527528678,1750527528678,1131,1,3,0,TMGetLedger,"itype: liTS_CANDIDATE; ledgerHash: ""[\000\302\314\326\214\276@c\240\272\222{\363\314\032\213\311\316\246/\330\302\014>\022\346\234\347\264\270\350""; nodeIDs: ""\000\000\000\000\000\000\000\000\000\000\000\000\000\000\000\000\000\000\000\000\000\000\000\000\000\000\000\000\000\000\000\000\000""; queryType: qtINDIRECT; queryDepth: 3; ","itype: liTS_CANDIDATE; ledgerHash: ""[\000\302\314\326\214\276@c\240\272\222{\363\314\032\213\311\316\246/\330\302\014>\022\346\234\347\264\270\350""; nodeIDs: ""\000\000\000\000\000\000\000\000\000\000\000\000\000\000\000\000\000\000\000\000\000\000\000\000\000\000\000\000\000\000\000\000\000""; queryType: qtINDIRECT; queryDepth: 3; "
1750527528679,1750527528680,2441,1,4,2,TMProposeSet,"proposeSeq: 0; currentTxHash: ""'\274\220\233\332\373\335\027\332I\377y`\224\260\350-\215\335\267[\036\265\265\252`\026&\030{\362\363""; nodePubKey: ""\002\364d\217\366\217|\316F\232\231\241\n\261\333`\312O\367\235\025DD\336e\367\n\312\326\221\037\025\230""; closeTime: 803842727; signature: ""0E\002!\000\3428\026\007 \244\3108\264\363J^\3551>\320\310E-.\340\344\301""\243\211""\276\267\222J\307\002 9\214\t\246\203{\235\364V\222\246&\251\272\257U\370\217()\276\256\247\334\240I\343\310\0144\3437""; previousledger: ""\265\024\321\362\354\211\250.\234s\225amc\305\035\366\276\037nD\277`\210\223N\3535\033\261\304f""; ","proposeSeq: 0; currentTxHash: ""'\274\220\233\332\373\335\027\332I\377y`\224\260\350-\215\335\267[\036\265\265\252`\026&\030{\362\363""; nodePubKey: ""\002\364d\217\366\217|\316F\232\231\241\n\261\333`\312O\367\235\025DD\336e\367\n\312\326\221\037\025\230""; closeTime: 803842727; signature: ""0E\002!\000\3428\026\007 \244\3108\264\363J^\3551>\320\310E-.\340\344\301""\243\211""\276\267\222J\307\002 9\214\t\246\203{\235\364V\222\246&\251\272\257U\370\217()\276\256\247\334\240I\343\310\0144\3437""; previousledger: ""\265\024\321\362\354\211\250.\234s\225amc\305\035\366\276\037nD\277`\210\223N\3535\033\261\304f""; "
1750527528680,1750527528680,2455,1,4,1,TMProposeSet,"proposeSeq: 0; currentTxHash: ""'\274\220\233\332\373\335\027\332I\377y`\224\260\350-\215\335\267[\036\265\265\252`\026&\030{\362\363""; nodePubKey: ""\002\364d\217\366\217|\316F\232\231\241\n\261\333`\312O\367\235\025DD\336e\367\n\312\326\221\037\025\230""; closeTime: 803842727; signature: ""0E\002!\000\3428\026\007 \244\3108\264\363J^\3551>\320\310E-.\340\344\301""\243\211""\276\267\222J\307\002 9\214\t\246\203{\235\364V\222\246&\251\272\257U\370\217()\276\256\247\334\240I\343\310\0144\3437""; previousledger: ""\265\024\321\362\354\211\250.\234s\225amc\305\035\366\276\037nD\277`\210\223N\3535\033\261\304f""; ","proposeSeq: 0; currentTxHash: ""'\274\220\233\332\373\335\027\332I\377y`\224\260\350-\215\335\267[\036\265\265\252`\026&\030{\362\363""; nodePubKey: ""\002\364d\217\366\217|\316F\232\231\241\n\261\333`\312O\367\235\025DD\336e\367\n\312\326\221\037\025\230""; closeTime: 803842727; signature: ""0E\002!\000\3428\026\007 \244\3108\264\363J^\3551>\320\310E-.\340\344\301""\243\211""\276\267\222J\307\002 9\214\t\246\203{\235\364V\222\246&\251\272\257U\370\217()\276\256\247\334\240I\343\310\0144\3437""; previousledger: ""\265\024\321\362\354\211\250.\234s\225amc\305\035\366\276\037nD\277`\210\223N\3535\033\261\304f""; "
1750527528680,1750527528680,2972,1,4,0,TMProposeSet,"proposeSeq: 0; currentTxHash: ""'\274\220\233\332\373\335\027\332I\377y`\224\260\350-\215\335\267[\036\265\265\252`\026&\030{\362\363""; nodePubKey: ""\002\364d\217\366\217|\316F\232\231\241\n\261\333`\312O\367\235\025DD\336e\367\n\312\326\221\037\025\230""; closeTime: 803842727; signature: ""0E\002!\000\3428\026\007 \244\3108\264\363J^\3551>\320\310E-.\340\344\301""\243\211""\276\267\222J\307\002 9\214\t\246\203{\235\364V\222\246&\251\272\257U\370\217()\276\256\247\334\240I\343\310\0144\3437""; previousledger: ""\265\024\321\362\354\211\250.\234s\225amc\305\035\366\276\037nD\277`\210\223N\3535\033\261\304f""; ","proposeSeq: 0; currentTxHash: ""'\274\220\233\332\373\335\027\332I\377y`\224\260\350-\215\335\267[\036\265\265\252`\026&\030{\362\363""; nodePubKey: ""\002\364d\217\366\217|\316F\232\231\241\n\261\333`\312O\367\235\025DD\336e\367\n\312\326\221\037\025\230""; closeTime: 803842727; signature: ""0E\002!\000\3428\026\007 \244\3108\264\363J^\3551>\320\310E-.\340\344\301""\243\211""\276\267\222J\307\002 9\214\t\246\203{\235\364V\222\246&\251\272\257U\370\217()\276\256\247\334\240I\343\310\0144\3437""; previousledger: ""\265\024\321\362\354\211\250.\234s\225amc\305\035\366\276\037nD\277`\210\223N\3535\033\261\304f""; "
1750527528766,1750527528766,1497,1,0,3,TMLedgerData,"ledgerHash: ""\310\200l\322\255\214\342'\243\202\375k%_\335\032N\021G\005\230\271\366~%e\366\202l^\rR""; ledgerSeq: 0; type: liTS_CANDIDATE; nodes {;   nodedata: ""GZ\227\022t\201\240u\2324P\027\307M\337'Y\361[IAD\351\374!\232\005\337\376\252\251g\004\003"";   nodeid: ""\000\000\000\000\000\000\000\000\000\000\000\000\000\000\000\000\000\000\000\000\000\000\000\000\000\000\000\000\000\000\000\000\000""; }; ","ledgerHash: ""\310\200l\322\255\214\342'\243\202\375k%_\335\032N\021G\005\230\271\366~%e\366\202l^\rR""; ledgerSeq: 0; type: liTS_CANDIDATE; nodes {;   nodedata: ""GZ\227\022t\201\240u\2324P\027\307M\337'Y\361[IAD\351\374!\232\005\337\376\252\251g\004\003"";   nodeid: ""\000\000\000\000\000\000\000\000\000\000\000\000\000\000\000\000\000\000\000\000\000\000\000\000\000\000\000\000\000\000\000\000\000""; }; "
1750527528828,1750527528829,3620,1,4,3,TMValidation,"validation: """"\200\000\000\001&\000\000\000\004)/\351\252\246:\303`\246;Q\203[_Q\265\024\321\362\354\211\250.\234s\225amc\305\035\366\276\037nD\277`\210\223N\3535\033\261\304fP\027\000\000\000\000\000\000\000\000\000\000\000\000\000\000\000\000\000\000\000\000\000\000\000\000\000\000\000\000\000\000\000\000P\031\375T\356\014\360o'\030\311-\267\031\257!\031T\006><\315XM\334\324\345\034\000\325\367\240\271\013s!\002\266\377\271\344:\030\221i\267\257\215\237M\014\3345f\014\273|\207\367\334\337F\325\004cxB\211LvF0D\002 \022\325\021\032Q\026\377\244\215Q\034\302\346\352\236\021\227Mc\26442\323x\300\002\376\253\351\250F4\002 &\375\210\316\367\r\326\201\335A_2\022J-\377\365\245\252\t\014j\201\305\204\014\200mK\340\236$""; ","validation: """"\200\000\000\001&\000\000\000\004)/\351\252\246:\303`\246;Q\203[_Q\265\024\321\362\354\211\250.\234s\225amc\305\035\366\276\037nD\277`\210\223N\3535\033\261\304fP\027\000\000\000\000\000\000\000\000\000\000\000\000\000\000\000\000\000\000\000\000\000\000\000\000\000\000\000\000\000\000\000\000P\031\375T\356\014\360o'\030\311-\267\031\257!\031T\006><\315XM\334\324\345\034\000\325\367\240\271\013s!\002\266\377\271\344:\030\221i\267\257\215\237M\014\3345f\014\273|\207\367\334\337F\325\004cxB\211LvF0D\002 \022\325\021\032Q\026\377\244\215Q\034\302\346\352\236\021\227Mc\26442\323x\300\002\376\253\351\250F4\002 &\375\210\316\367\r\326\201\335A_2\022J-\377\365\245\252\t\014j\201\305\204\014\200mK\340\236$""; "
1750527528829,1750527528829,3803,1,4,1,TMValidation,"validation: """"\200\000\000\001&\000\000\000\004)/\351\252\246:\303`\246;Q\203[_Q\265\024\321\362\354\211\250.\234s\225amc\305\035\366\276\037nD\277`\210\223N\3535\033\261\304fP\027\000\000\000\000\000\000\000\000\000\000\000\000\000\000\000\000\000\000\000\000\000\000\000\000\000\000\000\000\000\000\000\000P\031\375T\356\014\360o'\030\311-\267\031\257!\031T\006><\315XM\334\324\345\034\000\325\367\240\271\013s!\002\266\377\271\344:\030\221i\267\257\215\237M\014\3345f\014\273|\207\367\334\337F\325\004cxB\211LvF0D\002 \022\325\021\032Q\026\377\244\215Q\034\302\346\352\236\021\227Mc\26442\323x\300\002\376\253\351\250F4\002 &\375\210\316\367\r\326\201\335A_2\022J-\377\365\245\252\t\014j\201\305\204\014\200mK\340\236$""; ","validation: """"\200\000\000\001&\000\000\000\004)/\351\252\246:\303`\246;Q\203[_Q\265\024\321\362\354\211\250.\234s\225amc\305\035\366\276\037nD\277`\210\223N\3535\033\261\304fP\027\000\000\000\000\000\000\000\000\000\000\000\000\000\000\000\000\000\000\000\000\000\000\000\000\000\000\000\000\000\000\000\000P\031\375T\356\014\360o'\030\311-\267\031\257!\031T\006><\315XM\334\324\345\034\000\325\367\240\271\013s!\002\266\377\271\344:\030\221i\267\257\215\237M\014\3345f\014\273|\207\367\334\337F\325\004cxB\211LvF0D\002 \022\325\021\032Q\026\377\244\215Q\034\302\346\352\236\021\227Mc\26442\323x\300\002\376\253\351\250F4\002 &\375\210\316\367\r\326\201\335A_2\022J-\377\365\245\252\t\014j\201\305\204\014\200mK\340\236$""; "
1750527528829,1750527528829,783,1,4,2,TMValidation,"validation: """"\200\000\000\001&\000\000\000\004)/\351\252\246:\303`\246;Q\203[_Q\265\024\321\362\354\211\250.\234s\225amc\305\035\366\276\037nD\277`\210\223N\3535\033\261\304fP\027\000\000\000\000\000\000\000\000\000\000\000\000\000\000\000\000\000\000\000\000\000\000\000\000\000\000\000\000\000\000\000\000P\031\375T\356\014\360o'\030\311-\267\031\257!\031T\006><\315XM\334\324\345\034\000\325\367\240\271\013s!\002\266\377\271\344:\030\221i\267\257\215\237M\014\3345f\014\273|\207\367\334\337F\325\004cxB\211LvF0D\002 \022\325\021\032Q\026\377\244\215Q\034\302\346\352\236\021\227Mc\26442\323x\300\002\376\253\351\250F4\002 &\375\210\316\367\r\326\201\335A_2\022J-\377\365\245\252\t\014j\201\305\204\014\200mK\340\236$""; ","validation: """"\200\000\000\001&\000\000\000\004)/\351\252\246:\303`\246;Q\203[_Q\265\024\321\362\354\211\250.\234s\225amc\305\035\366\276\037nD\277`\210\223N\3535\033\261\304fP\027\000\000\000\000\000\000\000\000\000\000\000\000\000\000\000\000\000\000\000\000\000\000\000\000\000\000\000\000\000\000\000\000P\031\375T\356\014\360o'\030\311-\267\031\257!\031T\006><\315XM\334\324\345\034\000\325\367\240\271\013s!\002\266\377\271\344:\030\221i\267\257\215\237M\014\3345f\014\273|\207\367\334\337F\325\004cxB\211LvF0D\002 \022\325\021\032Q\026\377\244\215Q\034\302\346\352\236\021\227Mc\26442\323x\300\002\376\253\351\250F4\002 &\375\210\316\367\r\326\201\335A_2\022J-\377\365\245\252\t\014j\201\305\204\014\200mK\340\236$""; "
1750527528885,1750527528885,2794,1,3,2,TMGetLedger,"itype: liTS_CANDIDATE; ledgerHash: ""\310\200l\322\255\214\342'\243\202\375k%_\335\032N\021G\005\230\271\366~%e\366\202l^\rR""; nodeIDs: ""\000\000\000\000\000\000\000\000\000\000\000\000\000\000\000\000\000\000\000\000\000\000\000\000\000\000\000\000\000\000\000\000\000""; queryType: qtINDIRECT; queryDepth: 3; ","itype: liTS_CANDIDATE; ledgerHash: ""\310\200l\322\255\214\342'\243\202\375k%_\335\032N\021G\005\230\271\366~%e\366\202l^\rR""; nodeIDs: ""\000\000\000\000\000\000\000\000\000\000\000\000\000\000\000\000\000\000\000\000\000\000\000\000\000\000\000\000\000\000\000\000\000""; queryType: qtINDIRECT; queryDepth: 3; "
1750527528886,1750527528886,1019,1,3,4,TMGetLedger,"itype: liTS_CANDIDATE; ledgerHash: ""\310\200l\322\255\214\342'\243\202\375k%_\335\032N\021G\005\230\271\366~%e\366\202l^\rR""; nodeIDs: ""\000\000\000\000\000\000\000\000\000\000\000\000\000\000\000\000\000\000\000\000\000\000\000\000\000\000\000\000\000\000\000\000\000""; queryType: qtINDIRECT; queryDepth: 3; ","itype: liTS_CANDIDATE; ledgerHash: ""\310\200l\322\255\214\342'\243\202\375k%_\335\032N\021G\005\230\271\366~%e\366\202l^\rR""; nodeIDs: ""\000\000\000\000\000\000\000\000\000\000\000\000\000\000\000\000\000\000\000\000\000\000\000\000\000\000\000\000\000\000\000\000\000""; queryType: qtINDIRECT; queryDepth: 3; "
1750527528886,1750527528886,2079,1,3,1,TMGetLedger,"itype: liTS_CANDIDATE; ledgerHash: ""\310\200l\322\255\214\342'\243\202\375k%_\335\032N\021G\005\230\271\366~%e\366\202l^\rR""; nodeIDs: ""\000\000\000\000\000\000\000\000\000\000\000\000\000\000\000\000\000\000\000\000\000\000\000\000\000\000\000\000\000\000\000\000\000""; queryType: qtINDIRECT; queryDepth: 3; ","itype: liTS_CANDIDATE; ledgerHash: ""\310\200l\322\255\214\342'\243\202\375k%_\335\032N\021G\005\230\271\366~%e\366\202l^\rR""; nodeIDs: ""\000\000\000\000\000\000\000\000\000\000\000\000\000\000\000\000\000\000\000\000\000\000\000\000\000\000\000\000\000\000\000\000\000""; queryType: qtINDIRECT; queryDepth: 3; "
1750527528887,1750527528887,1131,1,3,0,TMGetLedger,"itype: liTS_CANDIDATE; ledgerHash: ""\310\200l\322\255\214\342'\243\202\375k%_\335\032N\021G\005\230\271\366~%e\366\202l^\rR""; nodeIDs: ""\000\000\000\000\000\000\000\000\000\000\000\000\000\000\000\000\000\000\000\000\000\000\000\000\000\000\000\000\000\000\000\000\000""; queryType: qtINDIRECT; queryDepth: 3; ","itype: liTS_CANDIDATE; ledgerHash: ""\310\200l\322\255\214\342'\243\202\375k%_\335\032N\021G\005\230\271\366~%e\366\202l^\rR""; nodeIDs: ""\000\000\000\000\000\000\000\000\000\000\000\000\000\000\000\000\000\000\000\000\000\000\000\000\000\000\000\000\000\000\000\000\000""; queryType: qtINDIRECT; queryDepth: 3; "
1750527528905,1750527528905,1932,1,4,0,TMGetLedger,"itype: liTS_CANDIDATE; ledgerHash: ""\310\200l\322\255\214\342'\243\202\375k%_\335\032N\021G\005\230\271\366~%e\366\202l^\rR""; nodeIDs: ""\000\000\000\000\000\000\000\000\000\000\000\000\000\000\000\000\000\000\000\000\000\000\000\000\000\000\000\000\000\000\000\000\000""; requestCookie: 4; queryType: qtINDIRECT; queryDepth: 3; ","itype: liTS_CANDIDATE; ledgerHash: ""\310\200l\322\255\214\342'\243\202\375k%_\335\032N\021G\005\230\271\366~%e\366\202l^\rR""; nodeIDs: ""\000\000\000\000\000\000\000\000\000\000\000\000\000\000\000\000\000\000\000\000\000\000\000\000\000\000\000\000\000\000\000\000\000""; requestCookie: 4; queryType: qtINDIRECT; queryDepth: 3; "
1750527528908,1750527528908,1932,1,4,0,TMGetLedger,"itype: liTS_CANDIDATE; ledgerHash: ""\310\200l\322\255\214\342'\243\202\375k%_\335\032N\021G\005\230\271\366~%e\366\202l^\rR""; nodeIDs: ""\000\000\000\000\000\000\000\000\000\000\000\000\000\000\000\000\000\000\000\000\000\000\000\000\000\000\000\000\000\000\000\000\000""; queryType: qtINDIRECT; queryDepth: 3; ","itype: liTS_CANDIDATE; ledgerHash: ""\310\200l\322\255\214\342'\243\202\375k%_\335\032N\021G\005\230\271\366~%e\366\202l^\rR""; nodeIDs: ""\000\000\000\000\000\000\000\000\000\000\000\000\000\000\000\000\000\000\000\000\000\000\000\000\000\000\000\000\000\000\000\000\000""; queryType: qtINDIRECT; queryDepth: 3; "
1750527528908,1750527528908,2309,1,4,2,TMGetLedger,"itype: liTS_CANDIDATE; ledgerHash: ""\310\200l\322\255\214\342'\243\202\375k%_\335\032N\021G\005\230\271\366~%e\366\202l^\rR""; nodeIDs: ""\000\000\000\000\000\000\000\000\000\000\000\000\000\000\000\000\000\000\000\000\000\000\000\000\000\000\000\000\000\000\000\000\000""; queryType: qtINDIRECT; queryDepth: 3; ","itype: liTS_CANDIDATE; ledgerHash: ""\310\200l\322\255\214\342'\243\202\375k%_\335\032N\021G\005\230\271\366~%e\366\202l^\rR""; nodeIDs: ""\000\000\000\000\000\000\000\000\000\000\000\000\000\000\000\000\000\000\000\000\000\000\000\000\000\000\000\000\000\000\000\000\000""; queryType: qtINDIRECT; queryDepth: 3; "
1750527528909,1750527528909,559,1,4,3,TMGetLedger,"itype: liTS_CANDIDATE; ledgerHash: ""\310\200l\322\255\214\342'\243\202\375k%_\335\032N\021G\005\230\271\366~%e\366\202l^\rR""; nodeIDs: ""\000\000\000\000\000\000\000\000\000\000\000\000\000\000\000\000\000\000\000\000\000\000\000\000\000\000\000\000\000\000\000\000\000""; queryType: qtINDIRECT; queryDepth: 3; ","itype: liTS_CANDIDATE; ledgerHash: ""\310\200l\322\255\214\342'\243\202\375k%_\335\032N\021G\005\230\271\366~%e\366\202l^\rR""; nodeIDs: ""\000\000\000\000\000\000\000\000\000\000\000\000\000\000\000\000\000\000\000\000\000\000\000\000\000\000\000\000\000\000\000\000\000""; queryType: qtINDIRECT; queryDepth: 3; "
1750527528908,1750527528908,2101,1,4,1,TMGetLedger,"itype: liTS_CANDIDATE; ledgerHash: ""\310\200l\322\255\214\342'\243\202\375k%_\335\032N\021G\005\230\271\366~%e\366\202l^\rR""; nodeIDs: ""\000\000\000\000\000\000\000\000\000\000\000\000\000\000\000\000\000\000\000\000\000\000\000\000\000\000\000\000\000\000\000\000\000""; queryType: qtINDIRECT; queryDepth: 3; ","itype: liTS_CANDIDATE; ledgerHash: ""\310\200l\322\255\214\342'\243\202\375k%_\335\032N\021G\005\230\271\366~%e\366\202l^\rR""; nodeIDs: ""\000\000\000\000\000\000\000\000\000\000\000\000\000\000\000\000\000\000\000\000\000\000\000\000\000\000\000\000\000\000\000\000\000""; queryType: qtINDIRECT; queryDepth: 3; "
1750527528926,1750527528926,2079,1,3,1,TMGetLedger,"itype: liTS_CANDIDATE; ledgerHash: ""[\000\302\314\326\214\276@c\240\272\222{\363\314\032\213\311\316\246/\330\302\014>\022\346\234\347\264\270\350""; nodeIDs: ""\000\000\000\000\000\000\000\000\000\000\000\000\000\000\000\000\000\000\000\000\000\000\000\000\000\000\000\000\000\000\000\000\000""; queryType: qtINDIRECT; queryDepth: 3; ","itype: liTS_CANDIDATE; ledgerHash: ""[\000\302\314\326\214\276@c\240\272\222{\363\314\032\213\311\316\246/\330\302\014>\022\346\234\347\264\270\350""; nodeIDs: ""\000\000\000\000\000\000\000\000\000\000\000\000\000\000\000\000\000\000\000\000\000\000\000\000\000\000\000\000\000\000\000\000\000""; queryType: qtINDIRECT; queryDepth: 3; "
1750527528927,1750527528927,1019,1,3,4,TMGetLedger,"itype: liTS_CANDIDATE; ledgerHash: ""[\000\302\314\326\214\276@c\240\272\222{\363\314\032\213\311\316\246/\330\302\014>\022\346\234\347\264\270\350""; nodeIDs: ""\000\000\000\000\000\000\000\000\000\000\000\000\000\000\000\000\000\000\000\000\000\000\000\000\000\000\000\000\000\000\000\000\000""; queryType: qtINDIRECT; queryDepth: 3; ","itype: liTS_CANDIDATE; ledgerHash: ""[\000\302\314\326\214\276@c\240\272\222{\363\314\032\213\311\316\246/\330\302\014>\022\346\234\347\264\270\350""; nodeIDs: ""\000\000\000\000\000\000\000\000\000\000\000\000\000\000\000\000\000\000\000\000\000\000\000\000\000\000\000\000\000\000\000\000\000""; queryType: qtINDIRECT; queryDepth: 3; "
1750527528927,1750527528927,2794,1,3,2,TMGetLedger,"itype: liTS_CANDIDATE; ledgerHash: ""[\000\302\314\326\214\276@c\240\272\222{\363\314\032\213\311\316\246/\330\302\014>\022\346\234\347\264\270\350""; nodeIDs: ""\000\000\000\000\000\000\000\000\000\000\000\000\000\000\000\000\000\000\000\000\000\000\000\000\000\000\000\000\000\000\000\000\000""; queryType: qtINDIRECT; queryDepth: 3; ","itype: liTS_CANDIDATE; ledgerHash: ""[\000\302\314\326\214\276@c\240\272\222{\363\314\032\213\311\316\246/\330\302\014>\022\346\234\347\264\270\350""; nodeIDs: ""\000\000\000\000\000\000\000\000\000\000\000\000\000\000\000\000\000\000\000\000\000\000\000\000\000\000\000\000\000\000\000\000\000""; queryType: qtINDIRECT; queryDepth: 3; "
1750527528927,1750527528927,1131,1,3,0,TMGetLedger,"itype: liTS_CANDIDATE; ledgerHash: ""[\000\302\314\326\214\276@c\240\272\222{\363\314\032\213\311\316\246/\330\302\014>\022\346\234\347\264\270\350""; nodeIDs: ""\000\000\000\000\000\000\000\000\000\000\000\000\000\000\000\000\000\000\000\000\000\000\000\000\000\000\000\000\000\000\000\000\000""; queryType: qtINDIRECT; queryDepth: 3; ","itype: liTS_CANDIDATE; ledgerHash: ""[\000\302\314\326\214\276@c\240\272\222{\363\314\032\213\311\316\246/\330\302\014>\022\346\234\347\264\270\350""; nodeIDs: ""\000\000\000\000\000\000\000\000\000\000\000\000\000\000\000\000\000\000\000\000\000\000\000\000\000\000\000\000\000\000\000\000\000""; queryType: qtINDIRECT; queryDepth: 3; "
1750527528946,1750527528947,2764,1,4,3,TMLedgerData,"ledgerHash: ""[\000\302\314\326\214\276@c\240\272\222{\363\314\032\213\311\316\246/\330\302\014>\022\346\234\347\264\270\350""; ledgerSeq: 0; type: liTS_CANDIDATE; nodes {;   nodedata: ""\002i\361\030\371\256\265\036\320\273\013\357<\215/(\215[\231D\357Gd\372\270\316\261\301\342\327\225\241\000GZ\227\022t\201\240u\2324P\027\307M\337'Y\361[IAD\351\374!\232\005\337\376\252\251g\004\003"";   nodeid: ""\000\000\000\000\000\000\000\000\000\000\000\000\000\000\000\000\000\000\000\000\000\000\000\000\000\000\000\000\000\000\000\000\000""; }; ","ledgerHash: ""[\000\302\314\326\214\276@c\240\272\222{\363\314\032\213\311\316\246/\330\302\014>\022\346\234\347\264\270\350""; ledgerSeq: 0; type: liTS_CANDIDATE; nodes {;   nodedata: ""\002i\361\030\371\256\265\036\320\273\013\357<\215/(\215[\231D\357Gd\372\270\316\261\301\342\327\225\241\000GZ\227\022t\201\240u\2324P\027\307M\337'Y\361[IAD\351\374!\232\005\337\376\252\251g\004\003"";   nodeid: ""\000\000\000\000\000\000\000\000\000\000\000\000\000\000\000\000\000\000\000\000\000\000\000\000\000\000\000\000\000\000\000\000\000""; }; "
1750527528974,1750527528974,783,1,4,2,TMValidation,"validation: """"\200\000\000\001&\000\000\000\004)/\351\252\246:p\210\265\307-\212\200\004Q\265\024\321\362\354\211\250.\234s\225amc\305\035\366\276\037nD\277`\210\223N\3535\033\261\304fP\027\000\000\000\000\000\000\000\000\000\000\000\000\000\000\000\000\000\000\000\000\000\000\000\000\000\000\000\000\000\000\000\000P\031\375T\356\014\360o'\030\311-\267\031\257!\031T\006><\315XM\334\324\345\034\000\325\367\240\271\013s!\002\364d\217\366\217|\316F\232\231\241\n\261\333`\312O\367\235\025DD\336e\367\n\312\326\221\037\025\230vG0E\002!\000\2450\334+\037\216a\360\305t\370$\032\025\276\326S!V\274\006\3500,go\353\244\342\364\006<\002 \036\250\261Vt\203\025<\207\230\342\336m\212\341\357Yb\230\241[\300\300\016S\344*\210\332\222\241+""; ","validation: """"\200\000\000\001&\000\000\000\004)/\351\252\246:p\210\265\307-\212\200\004Q\265\024\321\362\354\211\250.\234s\225amc\305\035\366\276\037nD\277`\210\223N\3535\033\261\304fP\027\000\000\000\000\000\000\000\000\000\000\000\000\000\000\000\000\000\000\000\000\000\000\000\000\000\000\000\000\000\000\000\000P\031\375T\356\014\360o'\030\311-\267\031\257!\031T\006><\315XM\334\324\345\034\000\325\367\240\271\013s!\002\364d\217\366\217|\316F\232\231\241\n\261\333`\312O\367\235\025DD\336e\367\n\312\326\221\037\025\230vG0E\002!\000\2450\334+\037\216a\360\305t\370$\032\025\276\326S!V\274\006\3500,go\353\244\342\364\006<\002 \036\250\261Vt\203\025<\207\230\342\336m\212\341\357Yb\230\241[\300\300\016S\344*\210\332\222\241+""; "
1750527528974,1750527528974,3620,1,4,3,TMValidation,"validation: """"\200\000\000\001&\000\000\000\004)/\351\252\246:p\210\265\307-\212\200\004Q\265\024\321\362\354\211\250.\234s\225amc\305\035\366\276\037nD\277`\210\223N\3535\033\261\304fP\027\000\000\000\000\000\000\000\000\000\000\000\000\000\000\000\000\000\000\000\000\000\000\000\000\000\000\000\000\000\000\000\000P\031\375T\356\014\360o'\030\311-\267\031\257!\031T\006><\315XM\334\324\345\034\000\325\367\240\271\013s!\002\364d\217\366\217|\316F\232\231\241\n\261\333`\312O\367\235\025DD\336e\367\n\312\326\221\037\025\230vG0E\002!\000\2450\334+\037\216a\360\305t\370$\032\025\276\326S!V\274\006\3500,go\353\244\342\364\006<\002 \036\250\261Vt\203\025<\207\230\342\336m\212\341\357Yb\230\241[\300\300\016S\344*\210\332\222\241+""; ","validation: """"\200\000\000\001&\000\000\000\004)/\351\252\246:p\210\265\307-\212\200\004Q\265\024\321\362\354\211\250.\234s\225amc\305\035\366\276\037nD\277`\210\223N\3535\033\261\304fP\027\000\000\000\000\000\000\000\000\000\000\000\000\000\000\000\000\000\000\000\000\000\000\000\000\000\000\000\000\000\000\000\000P\031\375T\356\014\360o'\030\311-\267\031\257!\031T\006><\315XM\334\324\345\034\000\325\367\240\271\013s!\002\364d\217\366\217|\316F\232\231\241\n\261\333`\312O\367\235\025DD\336e\367\n\312\326\221\037\025\230vG0E\002!\000\2450\334+\037\216a\360\305t\370$\032\025\276\326S!V\274\006\3500,go\353\244\342\364\006<\002 \036\250\261Vt\203\025<\207\230\342\336m\212\341\357Yb\230\241[\300\300\016S\344*\210\332\222\241+""; "
1750527528975,1750527528975,3803,1,4,1,TMValidation,"validation: """"\200\000\000\001&\000\000\000\004)/\351\252\246:p\210\265\307-\212\200\004Q\265\024\321\362\354\211\250.\234s\225amc\305\035\366\276\037nD\277`\210\223N\3535\033\261\304fP\027\000\000\000\000\000\000\000\000\000\000\000\000\000\000\000\000\000\000\000\000\000\000\000\000\000\000\000\000\000\000\000\000P\031\375T\356\014\360o'\030\311-\267\031\257!\031T\006><\315XM\334\324\345\034\000\325\367\240\271\013s!\002\364d\217\366\217|\316F\232\231\241\n\261\333`\312O\367\235\025DD\336e\367\n\312\326\221\037\025\230vG0E\002!\000\2450\334+\037\216a\360\305t\370$\032\025\276\326S!V\274\006\3500,go\353\244\342\364\006<\002 \036\250\261Vt\203\025<\207\230\342\336m\212\341\357Yb\230\241[\300\300\016S\344*\210\332\222\241+""; ","validation: """"\200\000\000\001&\000\000\000\004)/\351\252\246:p\210\265\307-\212\200\004Q\265\024\321\362\354\211\250.\234s\225amc\305\035\366\276\037nD\277`\210\223N\3535\033\261\304fP\027\000\000\000\000\000\000\000\000\000\000\000\000\000\000\000\000\000\000\000\000\000\000\000\000\000\000\000\000\000\000\000\000P\031\375T\356\014\360o'\030\311-\267\031\257!\031T\006><\315XM\334\324\345\034\000\325\367\240\271\013s!\002\364d\217\366\217|\316F\232\231\241\n\261\333`\312O\367\235\025DD\336e\367\n\312\326\221\037\025\230vG0E\002!\000\2450\334+\037\216a\360\305t\370$\032\025\276\326S!V\274\006\3500,go\353\244\342\364\006<\002 \036\250\261Vt\203\025<\207\230\342\336m\212\341\357Yb\230\241[\300\300\016S\344*\210\332\222\241+""; "
1750527528996,1750527528996,589,1,2,0,TMGetLedger,"itype: liTS_CANDIDATE; ledgerHash: ""[\000\302\314\326\214\276@c\240\272\222{\363\314\032\213\311\316\246/\330\302\014>\022\346\234\347\264\270\350""; nodeIDs: ""\000\000\000\000\000\000\000\000\000\000\000\000\000\000\000\000\000\000\000\000\000\000\000\000\000\000\000\000\000\000\000\000\000""; queryDepth: 3; ","itype: liTS_CANDIDATE; ledgerHash: ""[\000\302\314\326\214\276@c\240\272\222{\363\314\032\213\311\316\246/\330\302\014>\022\346\234\347\264\270\350""; nodeIDs: ""\000\000\000\000\000\000\000\000\000\000\000\000\000\000\000\000\000\000\000\000\000\000\000\000\000\000\000\000\000\000\000\000\000""; queryDepth: 3; "
1750527528996,1750527528997,1659,1,2,0,TMProposeSet,"proposeSeq: 0; currentTxHash: ""[\000\302\314\326\214\276@c\240\272\222{\363\314\032\213\311\316\246/\330\302\014>\022\346\234\347\264\270\350""; nodePubKey: ""\003R7o\362bV\300hf\266\241;}\200^\374\240\203[:\342Q\225\221\027y\372\255\235\216\323~""; closeTime: 803842726; signature: ""0D\002 7\r\010-Y\010\253\002.-\021\017\245\315\303b\362\370\010\221\320\246H\213\245\334S}\020\356\313\377\002 \016\311\326PS\336K\325\251\263\240Ey\304\302\320x2I;T_\205L\256\274\307t\334\214\244[""; previousledger: ""\265\024\321\362\354\211\250.\234s\225amc\305\035\366\276\037nD\277`\210\223N\3535\033\261\304f""; ","proposeSeq: 0; currentTxHash: ""[\000\302\314\326\214\276@c\240\272\222{\363\314\032\213\311\316\246/\330\302\014>\022\346\234\347\264\270\350""; nodePubKey: ""\003R7o\362bV\300hf\266\241;}\200^\374\240\203[:\342Q\225\221\027y\372\255\235\216\323~""; closeTime: 803842726; signature: ""0D\002 7\r\010-Y\010\253\002.-\021\017\245\315\303b\362\370\010\221\320\246H\213\245\334S}\020\356\313\377\002 \016\311\326PS\336K\325\251\263\240Ey\304\302\320x2I;T_\205L\256\274\307t\334\214\244[""; previousledger: ""\265\024\321\362\354\211\250.\234s\225amc\305\035\366\276\037nD\277`\210\223N\3535\033\261\304f""; "
1750527528997,1750527528997,2762,1,2,3,TMProposeSet,"proposeSeq: 0; currentTxHash: ""[\000\302\314\326\214\276@c\240\272\222{\363\314\032\213\311\316\246/\330\302\014>\022\346\234\347\264\270\350""; nodePubKey: ""\003R7o\362bV\300hf\266\241;}\200^\374\240\203[:\342Q\225\221\027y\372\255\235\216\323~""; closeTime: 803842726; signature: ""0D\002 7\r\010-Y\010\253\002.-\021\017\245\315\303b\362\370\010\221\320\246H\213\245\334S}\020\356\313\377\002 \016\311\326PS\336K\325\251\263\240Ey\304\302\320x2I;T_\205L\256\274\307t\334\214\244[""; previousledger: ""\265\024\321\362\354\211\250.\234s\225amc\305\035\366\276\037nD\277`\210\223N\3535\033\261\304f""; ","proposeSeq: 0; currentTxHash: ""[\000\302\314\326\214\276@c\240\272\222{\363\314\032\213\311\316\246/\330\302\014>\022\346\234\347\264\270\350""; nodePubKey: ""\003R7o\362bV\300hf\266\241;}\200^\374\240\203[:\342Q\225\221\027y\372\255\235\216\323~""; closeTime: 803842726; signature: ""0D\002 7\r\010-Y\010\253\002.-\021\017\245\315\303b\362\370\010\221\320\246H\213\245\334S}\020\356\313\377\002 \016\311\326PS\336K\325\251\263\240Ey\304\302\320x2I;T_\205L\256\274\307t\334\214\244[""; previousledger: ""\265\024\321\362\354\211\250.\234s\225amc\305\035\366\276\037nD\277`\210\223N\3535\033\261\304f""; "
1750527528997,1750527528997,1544,1,2,1,TMGetLedger,"itype: liTS_CANDIDATE; ledgerHash: ""[\000\302\314\326\214\276@c\240\272\222{\363\314\032\213\311\316\246/\330\302\014>\022\346\234\347\264\270\350""; nodeIDs: ""\000\000\000\000\000\000\000\000\000\000\000\000\000\000\000\000\000\000\000\000\000\000\000\000\000\000\000\000\000\000\000\000\000""; queryDepth: 3; ","itype: liTS_CANDIDATE; ledgerHash: ""[\000\302\314\326\214\276@c\240\272\222{\363\314\032\213\311\316\246/\330\302\014>\022\346\234\347\264\270\350""; nodeIDs: ""\000\000\000\000\000\000\000\000\000\000\000\000\000\000\000\000\000\000\000\000\000\000\000\000\000\000\000\000\000\000\000\000\000""; queryDepth: 3; "
1750527529009,1750527529010,2920,1,1,0,TMGetLedger,"itype: liTS_CANDIDATE; ledgerHash: ""[\000\302\314\326\214\276@c\240\272\222{\363\314\032\213\311\316\246/\330\302\014>\022\346\234\347\264\270\350""; nodeIDs: ""\000\000\000\000\000\000\000\000\000\000\000\000\000\000\000\000\000\000\000\000\000\000\000\000\000\000\000\000\000\000\000\000\000""; queryDepth: 3; ","itype: liTS_CANDIDATE; ledgerHash: ""[\000\302\314\326\214\276@c\240\272\222{\363\314\032\213\311\316\246/\330\302\014>\022\346\234\347\264\270\350""; nodeIDs: ""\000\000\000\000\000\000\000\000\000\000\000\000\000\000\000\000\000\000\000\000\000\000\000\000\000\000\000\000\000\000\000\000\000""; queryDepth: 3; "
1750527529010,1750527529011,3299,1,1,3,TMProposeSet,"proposeSeq: 0; currentTxHash: ""[\000\302\314\326\214\276@c\240\272\222{\363\314\032\213\311\316\246/\330\302\014>\022\346\234\347\264\270\350""; nodePubKey: ""\003R7o\362bV\300hf\266\241;}\200^\374\240\203[:\342Q\225\221\027y\372\255\235\216\323~""; closeTime: 803842726; signature: ""0D\002 7\r\010-Y\010\253\002.-\021\017\245\315\303b\362\370\010\221\320\246H\213\245\334S}\020\356\313\377\002 \016\311\326PS\336K\325\251\263\240Ey\304\302\320x2I;T_\205L\256\274\307t\334\214\244[""; previousledger: ""\265\024\321\362\354\211\250.\234s\225amc\305\035\366\276\037nD\277`\210\223N\3535\033\261\304f""; ","proposeSeq: 0; currentTxHash: ""[\000\302\314\326\214\276@c\240\272\222{\363\314\032\213\311\316\246/\330\302\014>\022\346\234\347\264\270\350""; nodePubKey: ""\003R7o\362bV\300hf\266\241;}\200^\374\240\203[:\342Q\225\221\027y\372\255\235\216\323~""; closeTime: 803842726; signature: ""0D\002 7\r\010-Y\010\253\002.-\021\017\245\315\303b\362\370\010\221\320\246H\213\245\334S}\020\356\313\377\002 \016\311\326PS\336K\325\251\263\240Ey\304\302\320x2I;T_\205L\256\274\307t\334\214\244[""; previousledger: ""\265\024\321\362\354\211\250.\234s\225amc\305\035\366\276\037nD\277`\210\223N\3535\033\261\304f""; "
1750527529011,1750527529011,2742,1,1,0,TMProposeSet,"proposeSeq: 0; currentTxHash: ""[\000\302\314\326\214\276@c\240\272\222{\363\314\032\213\311\316\246/\330\302\014>\022\346\234\347\264\270\350""; nodePubKey: ""\003R7o\362bV\300hf\266\241;}\200^\374\240\203[:\342Q\225\221\027y\372\255\235\216\323~""; closeTime: 803842726; signature: ""0D\002 7\r\010-Y\010\253\002.-\021\017\245\315\303b\362\370\010\221\320\246H\213\245\334S}\020\356\313\377\002 \016\311\326PS\336K\325\251\263\240Ey\304\302\320x2I;T_\205L\256\274\307t\334\214\244[""; previousledger: ""\265\024\321\362\354\211\250.\234s\225amc\305\035\366\276\037nD\277`\210\223N\3535\033\261\304f""; ","proposeSeq: 0; currentTxHash: ""[\000\302\314\326\214\276@c\240\272\222{\363\314\032\213\311\316\246/\330\302\014>\022\346\234\347\264\270\350""; nodePubKey: ""\003R7o\362bV\300hf\266\241;}\200^\374\240\203[:\342Q\225\221\027y\372\255\235\216\323~""; closeTime: 803842726; signature: ""0D\002 7\r\010-Y\010\253\002.-\021\017\245\315\303b\362\370\010\221\320\246H\213\245\334S}\020\356\313\377\002 \016\311\326PS\336K\325\251\263\240Ey\304\302\320x2I;T_\205L\256\274\307t\334\214\244[""; previousledger: ""\265\024\321\362\354\211\250.\234s\225amc\305\035\366\276\037nD\277`\210\223N\3535\033\261\304f""; "
1750527529011,1750527529011,1495,1,1,2,TMGetLedger,"itype: liTS_CANDIDATE; ledgerHash: ""[\000\302\314\326\214\276@c\240\272\222{\363\314\032\213\311\316\246/\330\302\014>\022\346\234\347\264\270\350""; nodeIDs: ""\000\000\000\000\000\000\000\000\000\000\000\000\000\000\000\000\000\000\000\000\000\000\000\000\000\000\000\000\000\000\000\000\000""; queryDepth: 3; ","itype: liTS_CANDIDATE; ledgerHash: ""[\000\302\314\326\214\276@c\240\272\222{\363\314\032\213\311\316\246/\330\302\014>\022\346\234\347\264\270\350""; nodeIDs: ""\000\000\000\000\000\000\000\000\000\000\000\000\000\000\000\000\000\000\000\000\000\000\000\000\000\000\000\000\000\000\000\000\000""; queryDepth: 3; "
1750527529011,1750527529011,1394,1,1,2,TMProposeSet,"proposeSeq: 0; currentTxHash: ""[\000\302\314\326\214\276@c\240\272\222{\363\314\032\213\311\316\246/\330\302\014>\022\346\234\347\264\270\350""; nodePubKey: ""\003R7o\362bV\300hf\266\241;}\200^\374\240\203[:\342Q\225\221\027y\372\255\235\216\323~""; closeTime: 803842726; signature: ""0D\002 7\r\010-Y\010\253\002.-\021\017\245\315\303b\362\370\010\221\320\246H\213\245\334S}\020\356\313\377\002 \016\311\326PS\336K\325\251\263\240Ey\304\302\320x2I;T_\205L\256\274\307t\334\214\244[""; previousledger: ""\265\024\321\362\354\211\250.\234s\225amc\305\035\366\276\037nD\277`\210\223N\3535\033\261\304f""; ","proposeSeq: 0; currentTxHash: ""[\000\302\314\326\214\276@c\240\272\222{\363\314\032\213\311\316\246/\330\302\014>\022\346\234\347\264\270\350""; nodePubKey: ""\003R7o\362bV\300hf\266\241;}\200^\374\240\203[:\342Q\225\221\027y\372\255\235\216\323~""; closeTime: 803842726; signature: ""0D\002 7\r\010-Y\010\253\002.-\021\017\245\315\303b\362\370\010\221\320\246H\213\245\334S}\020\356\313\377\002 \016\311\326PS\336K\325\251\263\240Ey\304\302\320x2I;T_\205L\256\274\307t\334\214\244[""; previousledger: ""\265\024\321\362\354\211\250.\234s\225amc\305\035\366\276\037nD\277`\210\223N\3535\033\261\304f""; "
1750527529017,1750527529017,1497,1,0,3,TMLedgerData,"ledgerHash: ""\310\200l\322\255\214\342'\243\202\375k%_\335\032N\021G\005\230\271\366~%e\366\202l^\rR""; ledgerSeq: 0; type: liTS_CANDIDATE; nodes {;   nodedata: ""GZ\227\022t\201\240u\2324P\027\307M\337'Y\361[IAD\351\374!\232\005\337\376\252\251g\004\003"";   nodeid: ""\000\000\000\000\000\000\000\000\000\000\000\000\000\000\000\000\000\000\000\000\000\000\000\000\000\000\000\000\000\000\000\000\000""; }; ","ledgerHash: ""\310\200l\322\255\214\342'\243\202\375k%_\335\032N\021G\005\230\271\366~%e\366\202l^\rR""; ledgerSeq: 0; type: liTS_CANDIDATE; nodes {;   nodedata: ""GZ\227\022t\201\240u\2324P\027\307M\337'Y\361[IAD\351\374!\232\005\337\376\252\251g\004\003"";   nodeid: ""\000\000\000\000\000\000\000\000\000\000\000\000\000\000\000\000\000\000\000\000\000\000\000\000\000\000\000\000\000\000\000\000\000""; }; "
1750527529035,1750527529035,2221,1,2,1,TMProposeSet,"proposeSeq: 0; currentTxHash: ""[\000\302\314\326\214\276@c\240\272\222{\363\314\032\213\311\316\246/\330\302\014>\022\346\234\347\264\270\350""; nodePubKey: ""\003R7o\362bV\300hf\266\241;}\200^\374\240\203[:\342Q\225\221\027y\372\255\235\216\323~""; closeTime: 803842726; signature: ""0D\002 7\r\010-Y\010\253\002.-\021\017\245\315\303b\362\370\010\221\320\246H\213\245\334S}\020\356\313\377\002 \016\311\326PS\336K\325\251\263\240Ey\304\302\320x2I;T_\205L\256\274\307t\334\214\244[""; previousledger: ""\265\024\321\362\354\211\250.\234s\225amc\305\035\366\276\037nD\277`\210\223N\3535\033\261\304f""; ","proposeSeq: 0; currentTxHash: ""[\000\302\314\326\214\276@c\240\272\222{\363\314\032\213\311\316\246/\330\302\014>\022\346\234\347\264\270\350""; nodePubKey: ""\003R7o\362bV\300hf\266\241;}\200^\374\240\203[:\342Q\225\221\027y\372\255\235\216\323~""; closeTime: 803842726; signature: ""0D\002 7\r\010-Y\010\253\002.-\021\017\245\315\303b\362\370\010\221\320\246H\213\245\334S}\020\356\313\377\002 \016\311\326PS\336K\325\251\263\240Ey\304\302\320x2I;T_\205L\256\274\307t\334\214\244[""; previousledger: ""\265\024\321\362\354\211\250.\234s\225amc\305\035\366\276\037nD\277`\210\223N\3535\033\261\304f""; "
1750527529036,1750527529036,3046,1,2,4,TMProposeSet,"proposeSeq: 0; currentTxHash: ""'\274\220\233\332\373\335\027\332I\377y`\224\260\350-\215\335\267[\036\265\265\252`\026&\030{\362\363""; nodePubKey: ""\002\266\377\271\344:\030\221i\267\257\215\237M\014\3345f\014\273|\207\367\334\337F\325\004cxB\211L""; closeTime: 803842727; signature: ""0D\002 \i\374\350\207=k\343O\215\001(\277\037\374^\001wx\007lZr\036\355\307\373\036\270F\301*\002 ,\301P\0315ppL\376<Q\004\332\310\224\351B\361\002R\005#\r6\343\035\272&\006\315Ni""; previousledger: ""\265\024\321\362\354\211\250.\234s\225amc\305\035\366\276\037nD\277`\210\223N\3535\033\261\304f""; ","proposeSeq: 0; currentTxHash: ""'\274\220\233\332\373\335\027\332I\377y`\224\260\350-\215\335\267[\036\265\265\252`\026&\030{\362\363""; nodePubKey: ""\002\266\377\271\344:\030\221i\267\257\215\237M\014\3345f\014\273|\207\367\334\337F\325\004cxB\211L""; closeTime: 803842727; signature: ""0D\002 \i\374\350\207=k\343O\215\001(\277\037\374^\001wx\007lZr\036\355\307\373\036\270F\301*\002 ,\301P\0315ppL\376<Q\004\332\310\224\351B\361\002R\005#\r6\343\035\272&\006\315Ni""; previousledger: ""\265\024\321\362\354\211\250.\234s\225amc\305\035\366\276\037nD\277`\210\223N\3535\033\261\304f""; "
1750527529036,1750527529037,2762,1,2,3,TMProposeSet,"proposeSeq: 0; currentTxHash: ""'\274\220\233\332\373\335\027\332I\377y`\224\260\350-\215\335\267[\036\265\265\252`\026&\030{\362\363""; nodePubKey: ""\002\266\377\271\344:\030\221i\267\257\215\237M\014\3345f\014\273|\207\367\334\337F\325\004cxB\211L""; closeTime: 803842727; signature: ""0D\002 \i\374\350\207=k\343O\215\001(\277\037\374^\001wx\007lZr\036\355\307\373\036\270F\301*\002 ,\301P\0315ppL\376<Q\004\332\310\224\351B\361\002R\005#\r6\343\035\272&\006\315Ni""; previousledger: ""\265\024\321\362\354\211\250.\234s\225amc\305\035\366\276\037nD\277`\210\223N\3535\033\261\304f""; ","proposeSeq: 0; currentTxHash: ""'\274\220\233\332\373\335\027\332I\377y`\224\260\350-\215\335\267[\036\265\265\252`\026&\030{\362\363""; nodePubKey: ""\002\266\377\271\344:\030\221i\267\257\215\237M\014\3345f\014\273|\207\367\334\337F\325\004cxB\211L""; closeTime: 803842727; signature: ""0D\002 \i\374\350\207=k\343O\215\001(\277\037\374^\001wx\007lZr\036\355\307\373\036\270F\301*\002 ,\301P\0315ppL\376<Q\004\332\310\224\351B\361\002R\005#\r6\343\035\272&\006\315Ni""; previousledger: ""\265\024\321\362\354\211\250.\234s\225amc\305\035\366\276\037nD\277`\210\223N\3535\033\261\304f""; "
1750527529037,1750527529037,1659,1,2,0,TMProposeSet,"proposeSeq: 0; currentTxHash: ""'\274\220\233\332\373\335\027\332I\377y`\224\260\350-\215\335\267[\036\265\265\252`\026&\030{\362\363""; nodePubKey: ""\002\266\377\271\344:\030\221i\267\257\215\237M\014\3345f\014\273|\207\367\334\337F\325\004cxB\211L""; closeTime: 803842727; signature: ""0D\002 \i\374\350\207=k\343O\215\001(\277\037\374^\001wx\007lZr\036\355\307\373\036\270F\301*\002 ,\301P\0315ppL\376<Q\004\332\310\224\351B\361\002R\005#\r6\343\035\272&\006\315Ni""; previousledger: ""\265\024\321\362\354\211\250.\234s\225amc\305\035\366\276\037nD\277`\210\223N\3535\033\261\304f""; ","proposeSeq: 0; currentTxHash: ""'\274\220\233\332\373\335\027\332I\377y`\224\260\350-\215\335\267[\036\265\265\252`\026&\030{\362\363""; nodePubKey: ""\002\266\377\271\344:\030\221i\267\257\215\237M\014\3345f\014\273|\207\367\334\337F\325\004cxB\211L""; closeTime: 803842727; signature: ""0D\002 \i\374\350\207=k\343O\215\001(\277\037\374^\001wx\007lZr\036\355\307\373\036\270F\301*\002 ,\301P\0315ppL\376<Q\004\332\310\224\351B\361\002R\005#\r6\343\035\272&\006\315Ni""; previousledger: ""\265\024\321\362\354\211\250.\234s\225amc\305\035\366\276\037nD\277`\210\223N\3535\033\261\304f""; "
1750527529081,1750527529081,1932,1,4,0,TMGetLedger,"itype: liTS_CANDIDATE; ledgerHash: ""'\274\220\233\332\373\335\027\332I\377y`\224\260\350-\215\335\267[\036\265\265\252`\026&\030{\362\363""; nodeIDs: ""\000\000\000\000\000\000\000\000\000\000\000\000\000\000\000\000\000\000\000\000\000\000\000\000\000\000\000\000\000\000\000\000\000""; queryType: qtINDIRECT; queryDepth: 3; ","itype: liTS_CANDIDATE; ledgerHash: ""'\274\220\233\332\373\335\027\332I\377y`\224\260\350-\215\335\267[\036\265\265\252`\026&\030{\362\363""; nodeIDs: ""\000\000\000\000\000\000\000\000\000\000\000\000\000\000\000\000\000\000\000\000\000\000\000\000\000\000\000\000\000\000\000\000\000""; queryType: qtINDIRECT; queryDepth: 3; "
1750527529082,1750527529082,2101,1,4,1,TMGetLedger,"itype: liTS_CANDIDATE; ledgerHash: ""'\274\220\233\332\373\335\027\332I\377y`\224\260\350-\215\335\267[\036\265\265\252`\026&\030{\362\363""; nodeIDs: ""\000\000\000\000\000\000\000\000\000\000\000\000\000\000\000\000\000\000\000\000\000\000\000\000\000\000\000\000\000\000\000\000\000""; queryType: qtINDIRECT; queryDepth: 3; ","itype: liTS_CANDIDATE; ledgerHash: ""'\274\220\233\332\373\335\027\332I\377y`\224\260\350-\215\335\267[\036\265\265\252`\026&\030{\362\363""; nodeIDs: ""\000\000\000\000\000\000\000\000\000\000\000\000\000\000\000\000\000\000\000\000\000\000\000\000\000\000\000\000\000\000\000\000\000""; queryType: qtINDIRECT; queryDepth: 3; "
1750527529082,1750527529082,559,1,4,3,TMGetLedger,"itype: liTS_CANDIDATE; ledgerHash: ""'\274\220\233\332\373\335\027\332I\377y`\224\260\350-\215\335\267[\036\265\265\252`\026&\030{\362\363""; nodeIDs: ""\000\000\000\000\000\000\000\000\000\000\000\000\000\000\000\000\000\000\000\000\000\000\000\000\000\000\000\000\000\000\000\000\000""; queryType: qtINDIRECT; queryDepth: 3; ","itype: liTS_CANDIDATE; ledgerHash: ""'\274\220\233\332\373\335\027\332I\377y`\224\260\350-\215\335\267[\036\265\265\252`\026&\030{\362\363""; nodeIDs: ""\000\000\000\000\000\000\000\000\000\000\000\000\000\000\000\000\000\000\000\000\000\000\000\000\000\000\000\000\000\000\000\000\000""; queryType: qtINDIRECT; queryDepth: 3; "
1750527529082,1750527529082,2309,1,4,2,TMGetLedger,"itype: liTS_CANDIDATE; ledgerHash: ""'\274\220\233\332\373\335\027\332I\377y`\224\260\350-\215\335\267[\036\265\265\252`\026&\030{\362\363""; nodeIDs: ""\000\000\000\000\000\000\000\000\000\000\000\000\000\000\000\000\000\000\000\000\000\000\000\000\000\000\000\000\000\000\000\000\000""; queryType: qtINDIRECT; queryDepth: 3; ","itype: liTS_CANDIDATE; ledgerHash: ""'\274\220\233\332\373\335\027\332I\377y`\224\260\350-\215\335\267[\036\265\265\252`\026&\030{\362\363""; nodeIDs: ""\000\000\000\000\000\000\000\000\000\000\000\000\000\000\000\000\000\000\000\000\000\000\000\000\000\000\000\000\000\000\000\000\000""; queryType: qtINDIRECT; queryDepth: 3; "
1750527529127,1750527529128,3094,1,0,3,TMGetLedger,"itype: liTS_CANDIDATE; ledgerHash: ""[\000\302\314\326\214\276@c\240\272\222{\363\314\032\213\311\316\246/\330\302\014>\022\346\234\347\264\270\350""; nodeIDs: ""\000\000\000\000\000\000\000\000\000\000\000\000\000\000\000\000\000\000\000\000\000\000\000\000\000\000\000\000\000\000\000\000\000""; queryDepth: 3; ","itype: liTS_CANDIDATE; ledgerHash: ""[\000\302\314\326\214\276@c\240\272\222{\363\314\032\213\311\316\246/\330\302\014>\022\346\234\347\264\270\350""; nodeIDs: ""\000\000\000\000\000\000\000\000\000\000\000\000\000\000\000\000\000\000\000\000\000\000\000\000\000\000\000\000\000\000\000\000\000""; queryDepth: 3; "
1750527529129,1750527529129,3268,1,0,2,TMProposeSet,"proposeSeq: 0; currentTxHash: ""[\000\302\314\326\214\276@c\240\272\222{\363\314\032\213\311\316\246/\330\302\014>\022\346\234\347\264\270\350""; nodePubKey: ""\003R7o\362bV\300hf\266\241;}\200^\374\240\203[:\342Q\225\221\027y\372\255\235\216\323~""; closeTime: 803842726; signature: ""0D\002 7\r\010-Y\010\253\002.-\021\017\245\315\303b\362\370\010\221\320\246H\213\245\334S}\020\356\313\377\002 \016\311\326PS\336K\325\251\263\240Ey\304\302\320x2I;T_\205L\256\274\307t\334\214\244[""; previousledger: ""\265\024\321\362\354\211\250.\234s\225amc\305\035\366\276\037nD\277`\210\223N\3535\033\261\304f""; ","proposeSeq: 0; currentTxHash: ""[\000\302\314\326\214\276@c\240\272\222{\363\314\032\213\311\316\246/\330\302\014>\022\346\234\347\264\270\350""; nodePubKey: ""\003R7o\362bV\300hf\266\241;}\200^\374\240\203[:\342Q\225\221\027y\372\255\235\216\323~""; closeTime: 803842726; signature: ""0D\002 7\r\010-Y\010\253\002.-\021\017\245\315\303b\362\370\010\221\320\246H\213\245\334S}\020\356\313\377\002 \016\311\326PS\336K\325\251\263\240Ey\304\302\320x2I;T_\205L\256\274\307t\334\214\244[""; previousledger: ""\265\024\321\362\354\211\250.\234s\225amc\305\035\366\276\037nD\277`\210\223N\3535\033\261\304f""; "
1750527529129,1750527529129,3849,1,0,1,TMProposeSet,"proposeSeq: 0; currentTxHash: ""[\000\302\314\326\214\276@c\240\272\222{\363\314\032\213\311\316\246/\330\302\014>\022\346\234\347\264\270\350""; nodePubKey: ""\003R7o\362bV\300hf\266\241;}\200^\374\240\203[:\342Q\225\221\027y\372\255\235\216\323~""; closeTime: 803842726; signature: ""0D\002 7\r\010-Y\010\253\002.-\021\017\245\315\303b\362\370\010\221\320\246H\213\245\334S}\020\356\313\377\002 \016\311\326PS\336K\325\251\263\240Ey\304\302\320x2I;T_\205L\256\274\307t\334\214\244[""; previousledger: ""\265\024\321\362\354\211\250.\234s\225amc\305\035\366\276\037nD\277`\210\223N\3535\033\261\304f""; ","proposeSeq: 0; currentTxHash: ""[\000\302\314\326\214\276@c\240\272\222{\363\314\032\213\311\316\246/\330\302\014>\022\346\234\347\264\270\350""; nodePubKey: ""\003R7o\362bV\300hf\266\241;}\200^\374\240\203[:\342Q\225\221\027y\372\255\235\216\323~""; closeTime: 803842726; signature: ""0D\002 7\r\010-Y\010\253\002.-\021\017\245\315\303b\362\370\010\221\320\246H\213\245\334S}\020\356\313\377\002 \016\311\326PS\336K\325\251\263\240Ey\304\302\320x2I;T_\205L\256\274\307t\334\214\244[""; previousledger: ""\265\024\321\362\354\211\250.\234s\225amc\305\035\366\276\037nD\277`\210\223N\3535\033\261\304f""; "
1750527529129,1750527529130,380,1,0,4,TMGetLedger,"itype: liTS_CANDIDATE; ledgerHash: ""[\000\302\314\326\214\276@c\240\272\222{\363\314\032\213\311\316\246/\330\302\014>\022\346\234\347\264\270\350""; nodeIDs: ""\000\000\000\000\000\000\000\000\000\000\000\000\000\000\000\000\000\000\000\000\000\000\000\000\000\000\000\000\000\000\000\000\000""; queryDepth: 3; ","itype: liTS_CANDIDATE; ledgerHash: ""[\000\302\314\326\214\276@c\240\272\222{\363\314\032\213\311\316\246/\330\302\014>\022\346\234\347\264\270\350""; nodeIDs: ""\000\000\000\000\000\000\000\000\000\000\000\000\000\000\000\000\000\000\000\000\000\000\000\000\000\000\000\000\000\000\000\000\000""; queryDepth: 3; "
1750527529129,1750527529129,3504,1,0,4,TMProposeSet,"proposeSeq: 0; currentTxHash: ""[\000\302\314\326\214\276@c\240\272\222{\363\314\032\213\311\316\246/\330\302\014>\022\346\234\347\264\270\350""; nodePubKey: ""\003R7o\362bV\300hf\266\241;}\200^\374\240\203[:\342Q\225\221\027y\372\255\235\216\323~""; closeTime: 803842726; signature: ""0D\002 7\r\010-Y\010\253\002.-\021\017\245\315\303b\362\370\010\221\320\246H\213\245\334S}\020\356\313\377\002 \016\311\326PS\336K\325\251\263\240Ey\304\302\320x2I;T_\205L\256\274\307t\334\214\244[""; previousledger: ""\265\024\321\362\354\211\250.\234s\225amc\305\035\366\276\037nD\277`\210\223N\3535\033\261\304f""; ","proposeSeq: 0; currentTxHash: ""[\000\302\314\326\214\276@c\240\272\222{\363\314\032\213\311\316\246/\330\302\014>\022\346\234\347\264\270\350""; nodePubKey: ""\003R7o\362bV\300hf\266\241;}\200^\374\240\203[:\342Q\225\221\027y\372\255\235\216\323~""; closeTime: 803842726; signature: ""0D\002 7\r\010-Y\010\253\002.-\021\017\245\315\303b\362\370\010\221\320\246H\213\245\334S}\020\356\313\377\002 \016\311\326PS\336K\325\251\263\240Ey\304\302\320x2I;T_\205L\256\274\307t\334\214\244[""; previousledger: ""\265\024\321\362\354\211\250.\234s\225amc\305\035\366\276\037nD\277`\210\223N\3535\033\261\304f""; "
1750527529135,1750527529135,2079,1,3,1,TMGetLedger,"itype: liTS_CANDIDATE; ledgerHash: ""\310\200l\322\255\214\342'\243\202\375k%_\335\032N\021G\005\230\271\366~%e\366\202l^\rR""; nodeIDs: ""\000\000\000\000\000\000\000\000\000\000\000\000\000\000\000\000\000\000\000\000\000\000\000\000\000\000\000\000\000\000\000\000\000""; queryType: qtINDIRECT; queryDepth: 3; ","itype: liTS_CANDIDATE; ledgerHash: ""\310\200l\322\255\214\342'\243\202\375k%_\335\032N\021G\005\230\271\366~%e\366\202l^\rR""; nodeIDs: ""\000\000\000\000\000\000\000\000\000\000\000\000\000\000\000\000\000\000\000\000\000\000\000\000\000\000\000\000\000\000\000\000\000""; queryType: qtINDIRECT; queryDepth: 3; "
1750527529136,1750527529136,1131,1,3,0,TMGetLedger,"itype: liTS_CANDIDATE; ledgerHash: ""\310\200l\322\255\214\342'\243\202\375k%_\335\032N\021G\005\230\271\366~%e\366\202l^\rR""; nodeIDs: ""\000\000\000\000\000\000\000\000\000\000\000\000\000\000\000\000\000\000\000\000\000\000\000\000\000\000\000\000\000\000\000\000\000""; queryType: qtINDIRECT; queryDepth: 3; ","itype: liTS_CANDIDATE; ledgerHash: ""\310\200l\322\255\214\342'\243\202\375k%_\335\032N\021G\005\230\271\366~%e\366\202l^\rR""; nodeIDs: ""\000\000\000\000\000\000\000\000\000\000\000\000\000\000\000\000\000\000\000\000\000\000\000\000\000\000\000\000\000\000\000\000\000""; queryType: qtINDIRECT; queryDepth: 3; "
1750527529136,1750527529136,2794,1,3,2,TMGetLedger,"itype: liTS_CANDIDATE; ledgerHash: ""\310\200l\322\255\214\342'\243\202\375k%_\335\032N\021G\005\230\271\366~%e\366\202l^\rR""; nodeIDs: ""\000\000\000\000\000\000\000\000\000\000\000\000\000\000\000\000\000\000\000\000\000\000\000\000\000\000\000\000\000\000\000\000\000""; queryType: qtINDIRECT; queryDepth: 3; ","itype: liTS_CANDIDATE; ledgerHash: ""\310\200l\322\255\214\342'\243\202\375k%_\335\032N\021G\005\230\271\366~%e\366\202l^\rR""; nodeIDs: ""\000\000\000\000\000\000\000\000\000\000\000\000\000\000\000\000\000\000\000\000\000\000\000\000\000\000\000\000\000\000\000\000\000""; queryType: qtINDIRECT; queryDepth: 3; "
1750527529136,1750527529137,1019,1,3,4,TMGetLedger,"itype: liTS_CANDIDATE; ledgerHash: ""\310\200l\322\255\214\342'\243\202\375k%_\335\032N\021G\005\230\271\366~%e\366\202l^\rR""; nodeIDs: ""\000\000\000\000\000\000\000\000\000\000\000\000\000\000\000\000\000\000\000\000\000\000\000\000\000\000\000\000\000\000\000\000\000""; queryType: qtINDIRECT; queryDepth: 3; ","itype: liTS_CANDIDATE; ledgerHash: ""\310\200l\322\255\214\342'\243\202\375k%_\335\032N\021G\005\230\271\366~%e\366\202l^\rR""; nodeIDs: ""\000\000\000\000\000\000\000\000\000\000\000\000\000\000\000\000\000\000\000\000\000\000\000\000\000\000\000\000\000\000\000\000\000""; queryType: qtINDIRECT; queryDepth: 3; "
1750527529141,1750527529141,1150,1,3,4,TMLedgerData,"ledgerHash: ""'\274\220\233\332\373\335\027\332I\377y`\224\260\350-\215\335\267[\036\265\265\252`\026&\030{\362\363""; ledgerSeq: 0; type: liTS_CANDIDATE; nodes {;   nodedata: ""\002i\361\030\371\256\265\036\320\273\013\357<\215/(\215[\231D\357Gd\372\270\316\261\301\342\327\225\241\000GZ\227\022t\201\240u\2324P\027\307M\337'Y\361[IAD\351\374!\232\005\337\376\252\251g\004\240\231\202k\030<\225\205;%\337\001\376d\216V\310\306k>\373\322\372\353b\3659\350\345\324F\026\n\003"";   nodeid: ""\000\000\000\000\000\000\000\000\000\000\000\000\000\000\000\000\000\000\000\000\000\000\000\000\000\000\000\000\000\000\000\000\000""; }; ","ledgerHash: ""'\274\220\233\332\373\335\027\332I\377y`\224\260\350-\215\335\267[\036\265\265\252`\026&\030{\362\363""; ledgerSeq: 0; type: liTS_CANDIDATE; nodes {;   nodedata: ""\002i\361\030\371\256\265\036\320\273\013\357<\215/(\215[\231D\357Gd\372\270\316\261\301\342\327\225\241\000GZ\227\022t\201\240u\2324P\027\307M\337'Y\361[IAD\351\374!\232\005\337\376\252\251g\004\240\231\202k\030<\225\205;%\337\001\376d\216V\310\306k>\373\322\372\353b\3659\350\345\324F\026\n\003"";   nodeid: ""\000\000\000\000\000\000\000\000\000\000\000\000\000\000\000\000\000\000\000\000\000\000\000\000\000\000\000\000\000\000\000\000\000""; }; "
1750527529156,1750527529156,1932,1,4,0,TMGetLedger,"itype: liTS_CANDIDATE; ledgerHash: ""\310\200l\322\255\214\342'\243\202\375k%_\335\032N\021G\005\230\271\366~%e\366\202l^\rR""; nodeIDs: ""\000\000\000\000\000\000\000\000\000\000\000\000\000\000\000\000\000\000\000\000\000\000\000\000\000\000\000\000\000\000\000\000\000""; requestCookie: 4; queryType: qtINDIRECT; queryDepth: 3; ","itype: liTS_CANDIDATE; ledgerHash: ""\310\200l\322\255\214\342'\243\202\375k%_\335\032N\021G\005\230\271\366~%e\366\202l^\rR""; nodeIDs: ""\000\000\000\000\000\000\000\000\000\000\000\000\000\000\000\000\000\000\000\000\000\000\000\000\000\000\000\000\000\000\000\000\000""; requestCookie: 4; queryType: qtINDIRECT; queryDepth: 3; "
1750527529158,1750527529158,2101,1,4,1,TMGetLedger,"itype: liTS_CANDIDATE; ledgerHash: ""\310\200l\322\255\214\342'\243\202\375k%_\335\032N\021G\005\230\271\366~%e\366\202l^\rR""; nodeIDs: ""\000\000\000\000\000\000\000\000\000\000\000\000\000\000\000\000\000\000\000\000\000\000\000\000\000\000\000\000\000\000\000\000\000""; queryType: qtINDIRECT; queryDepth: 3; ","itype: liTS_CANDIDATE; ledgerHash: ""\310\200l\322\255\214\342'\243\202\375k%_\335\032N\021G\005\230\271\366~%e\366\202l^\rR""; nodeIDs: ""\000\000\000\000\000\000\000\000\000\000\000\000\000\000\000\000\000\000\000\000\000\000\000\000\000\000\000\000\000\000\000\000\000""; queryType: qtINDIRECT; queryDepth: 3; "
1750527529159,1750527529159,559,1,4,3,TMGetLedger,"itype: liTS_CANDIDATE; ledgerHash: ""\310\200l\322\255\214\342'\243\202\375k%_\335\032N\021G\005\230\271\366~%e\366\202l^\rR""; nodeIDs: ""\000\000\000\000\000\000\000\000\000\000\000\000\000\000\000\000\000\000\000\000\000\000\000\000\000\000\000\000\000\000\000\000\000""; queryType: qtINDIRECT; queryDepth: 3; ","itype: liTS_CANDIDATE; ledgerHash: ""\310\200l\322\255\214\342'\243\202\375k%_\335\032N\021G\005\230\271\366~%e\366\202l^\rR""; nodeIDs: ""\000\000\000\000\000\000\000\000\000\000\000\000\000\000\000\000\000\000\000\000\000\000\000\000\000\000\000\000\000\000\000\000\000""; queryType: qtINDIRECT; queryDepth: 3; "
1750527529159,1750527529159,1932,1,4,0,TMGetLedger,"itype: liTS_CANDIDATE; ledgerHash: ""\310\200l\322\255\214\342'\243\202\375k%_\335\032N\021G\005\230\271\366~%e\366\202l^\rR""; nodeIDs: ""\000\000\000\000\000\000\000\000\000\000\000\000\000\000\000\000\000\000\000\000\000\000\000\000\000\000\000\000\000\000\000\000\000""; queryType: qtINDIRECT; queryDepth: 3; ","itype: liTS_CANDIDATE; ledgerHash: ""\310\200l\322\255\214\342'\243\202\375k%_\335\032N\021G\005\230\271\366~%e\366\202l^\rR""; nodeIDs: ""\000\000\000\000\000\000\000\000\000\000\000\000\000\000\000\000\000\000\000\000\000\000\000\000\000\000\000\000\000\000\000\000\000""; queryType: qtINDIRECT; queryDepth: 3; "
1750527529159,1750527529159,2309,1,4,2,TMGetLedger,"itype: liTS_CANDIDATE; ledgerHash: ""\310\200l\322\255\214\342'\243\202\375k%_\335\032N\021G\005\230\271\366~%e\366\202l^\rR""; nodeIDs: ""\000\000\000\000\000\000\000\000\000\000\000\000\000\000\000\000\000\000\000\000\000\000\000\000\000\000\000\000\000\000\000\000\000""; queryType: qtINDIRECT; queryDepth: 3; ","itype: liTS_CANDIDATE; ledgerHash: ""\310\200l\322\255\214\342'\243\202\375k%_\335\032N\021G\005\230\271\366~%e\366\202l^\rR""; nodeIDs: ""\000\000\000\000\000\000\000\000\000\000\000\000\000\000\000\000\000\000\000\000\000\000\000\000\000\000\000\000\000\000\000\000\000""; queryType: qtINDIRECT; queryDepth: 3; "
1750527529176,1750527529177,2079,1,3,1,TMGetLedger,"itype: liTS_CANDIDATE; ledgerHash: ""[\000\302\314\326\214\276@c\240\272\222{\363\314\032\213\311\316\246/\330\302\014>\022\346\234\347\264\270\350""; nodeIDs: ""\000\000\000\000\000\000\000\000\000\000\000\000\000\000\000\000\000\000\000\000\000\000\000\000\000\000\000\000\000\000\000\000\000""; queryType: qtINDIRECT; queryDepth: 3; ","itype: liTS_CANDIDATE; ledgerHash: ""[\000\302\314\326\214\276@c\240\272\222{\363\314\032\213\311\316\246/\330\302\014>\022\346\234\347\264\270\350""; nodeIDs: ""\000\000\000\000\000\000\000\000\000\000\000\000\000\000\000\000\000\000\000\000\000\000\000\000\000\000\000\000\000\000\000\000\000""; queryType: qtINDIRECT; queryDepth: 3; "
1750527529177,1750527529177,2794,1,3,2,TMGetLedger,"itype: liTS_CANDIDATE; ledgerHash: ""[\000\302\314\326\214\276@c\240\272\222{\363\314\032\213\311\316\246/\330\302\014>\022\346\234\347\264\270\350""; nodeIDs: ""\000\000\000\000\000\000\000\000\000\000\000\000\000\000\000\000\000\000\000\000\000\000\000\000\000\000\000\000\000\000\000\000\000""; queryType: qtINDIRECT; queryDepth: 3; ","itype: liTS_CANDIDATE; ledgerHash: ""[\000\302\314\326\214\276@c\240\272\222{\363\314\032\213\311\316\246/\330\302\014>\022\346\234\347\264\270\350""; nodeIDs: ""\000\000\000\000\000\000\000\000\000\000\000\000\000\000\000\000\000\000\000\000\000\000\000\000\000\000\000\000\000\000\000\000\000""; queryType: qtINDIRECT; queryDepth: 3; "
1750527529177,1750527529178,1131,1,3,0,TMGetLedger,"itype: liTS_CANDIDATE; ledgerHash: ""[\000\302\314\326\214\276@c\240\272\222{\363\314\032\213\311\316\246/\330\302\014>\022\346\234\347\264\270\350""; nodeIDs: ""\000\000\000\000\000\000\000\000\000\000\000\000\000\000\000\000\000\000\000\000\000\000\000\000\000\000\000\000\000\000\000\000\000""; queryType: qtINDIRECT; queryDepth: 3; ","itype: liTS_CANDIDATE; ledgerHash: ""[\000\302\314\326\214\276@c\240\272\222{\363\314\032\213\311\316\246/\330\302\014>\022\346\234\347\264\270\350""; nodeIDs: ""\000\000\000\000\000\000\000\000\000\000\000\000\000\000\000\000\000\000\000\000\000\000\000\000\000\000\000\000\000\000\000\000\000""; queryType: qtINDIRECT; queryDepth: 3; "
1750527529182,1750527529182,1019,1,3,4,TMGetLedger,"itype: liTS_CANDIDATE; ledgerHash: ""[\000\302\314\326\214\276@c\240\272\222{\363\314\032\213\311\316\246/\330\302\014>\022\346\234\347\264\270\350""; nodeIDs: ""\000\000\000\000\000\000\000\000\000\000\000\000\000\000\000\000\000\000\000\000\000\000\000\000\000\000\000\000\000\000\000\000\000""; queryType: qtINDIRECT; queryDepth: 3; ","itype: liTS_CANDIDATE; ledgerHash: ""[\000\302\314\326\214\276@c\240\272\222{\363\314\032\213\311\316\246/\330\302\014>\022\346\234\347\264\270\350""; nodeIDs: ""\000\000\000\000\000\000\000\000\000\000\000\000\000\000\000\000\000\000\000\000\000\000\000\000\000\000\000\000\000\000\000\000\000""; queryType: qtINDIRECT; queryDepth: 3; "
1750527529197,1750527529197,2764,1,4,3,TMLedgerData,"ledgerHash: ""[\000\302\314\326\214\276@c\240\272\222{\363\314\032\213\311\316\246/\330\302\014>\022\346\234\347\264\270\350""; ledgerSeq: 0; type: liTS_CANDIDATE; nodes {;   nodedata: ""\002i\361\030\371\256\265\036\320\273\013\357<\215/(\215[\231D\357Gd\372\270\316\261\301\342\327\225\241\000GZ\227\022t\201\240u\2324P\027\307M\337'Y\361[IAD\351\374!\232\005\337\376\252\251g\004\003"";   nodeid: ""\000\000\000\000\000\000\000\000\000\000\000\000\000\000\000\000\000\000\000\000\000\000\000\000\000\000\000\000\000\000\000\000\000""; }; ","ledgerHash: ""[\000\302\314\326\214\276@c\240\272\222{\363\314\032\213\311\316\246/\330\302\014>\022\346\234\347\264\270\350""; ledgerSeq: 0; type: liTS_CANDIDATE; nodes {;   nodedata: ""\002i\361\030\371\256\265\036\320\273\013\357<\215/(\215[\231D\357Gd\372\270\316\261\301\342\327\225\241\000GZ\227\022t\201\240u\2324P\027\307M\337'Y\361[IAD\351\374!\232\005\337\376\252\251g\004\003"";   nodeid: ""\000\000\000\000\000\000\000\000\000\000\000\000\000\000\000\000\000\000\000\000\000\000\000\000\000\000\000\000\000\000\000\000\000""; }; "
1750527529215,1750527529215,2920,1,1,0,TMGetLedger,"itype: liTS_CANDIDATE; ledgerHash: ""\310\200l\322\255\214\342'\243\202\375k%_\335\032N\021G\005\230\271\366~%e\366\202l^\rR""; nodeIDs: ""\000\000\000\000\000\000\000\000\000\000\000\000\000\000\000\000\000\000\000\000\000\000\000\000\000\000\000\000\000\000\000\000\000""; requestCookie: 4; queryType: qtINDIRECT; queryDepth: 3; ","itype: liTS_CANDIDATE; ledgerHash: ""\310\200l\322\255\214\342'\243\202\375k%_\335\032N\021G\005\230\271\366~%e\366\202l^\rR""; nodeIDs: ""\000\000\000\000\000\000\000\000\000\000\000\000\000\000\000\000\000\000\000\000\000\000\000\000\000\000\000\000\000\000\000\000\000""; requestCookie: 4; queryType: qtINDIRECT; queryDepth: 3; "
1750527529235,1750527529235,3375,1,0,1,TMGetLedger,"itype: liTS_CANDIDATE; ledgerHash: ""'\274\220\233\332\373\335\027\332I\377y`\224\260\350-\215\335\267[\036\265\265\252`\026&\030{\362\363""; nodeIDs: ""\000\000\000\000\000\000\000\000\000\000\000\000\000\000\000\000\000\000\000\000\000\000\000\000\000\000\000\000\000\000\000\000\000""; queryDepth: 3; ","itype: liTS_CANDIDATE; ledgerHash: ""'\274\220\233\332\373\335\027\332I\377y`\224\260\350-\215\335\267[\036\265\265\252`\026&\030{\362\363""; nodeIDs: ""\000\000\000\000\000\000\000\000\000\000\000\000\000\000\000\000\000\000\000\000\000\000\000\000\000\000\000\000\000\000\000\000\000""; queryDepth: 3; "
1750527529235,1750527529236,3504,1,0,4,TMProposeSet,"proposeSeq: 0; currentTxHash: ""'\274\220\233\332\373\335\027\332I\377y`\224\260\350-\215\335\267[\036\265\265\252`\026&\030{\362\363""; nodePubKey: ""\003\255\225A\213\332\224ehh\024BDq\224\250\335`\355\353{\357\266\335<\021\032\265\177\206\356&\215""; closeTime: 803842727; signature: ""0E\002!\000\310B\256\367D\360\323\236\374\032%\242\361+\254\305\264$p*I^O=\202\332\001 \271\363\205\230\002 *\272#\357\215W\005\3144\360\307\360\310\177^\013\346\335\353\n\3758TU\326|mt\276\374\313U""; previousledger: ""\265\024\321\362\354\211\250.\234s\225amc\305\035\366\276\037nD\277`\210\223N\3535\033\261\304f""; ","proposeSeq: 0; currentTxHash: ""'\274\220\233\332\373\335\027\332I\377y`\224\260\350-\215\335\267[\036\265\265\252`\026&\030{\362\363""; nodePubKey: ""\003\255\225A\213\332\224ehh\024BDq\224\250\335`\355\353{\357\266\335<\021\032\265\177\206\356&\215""; closeTime: 803842727; signature: ""0E\002!\000\310B\256\367D\360\323\236\374\032%\242\361+\254\305\264$p*I^O=\202\332\001 \271\363\205\230\002 *\272#\357\215W\005\3144\360\307\360\310\177^\013\346\335\353\n\3758TU\326|mt\276\374\313U""; previousledger: ""\265\024\321\362\354\211\250.\234s\225amc\305\035\366\276\037nD\277`\210\223N\3535\033\261\304f""; "
1750527529236,1750527529236,1199,1,0,2,TMGetLedger,"itype: liTS_CANDIDATE; ledgerHash: ""'\274\220\233\332\373\335\027\332I\377y`\224\260\350-\215\335\267[\036\265\265\252`\026&\030{\362\363""; nodeIDs: ""\000\000\000\000\000\000\000\000\000\000\000\000\000\000\000\000\000\000\000\000\000\000\000\000\000\000\000\000\000\000\000\000\000""; queryDepth: 3; ","itype: liTS_CANDIDATE; ledgerHash: ""'\274\220\233\332\373\335\027\332I\377y`\224\260\350-\215\335\267[\036\265\265\252`\026&\030{\362\363""; nodeIDs: ""\000\000\000\000\000\000\000\000\000\000\000\000\000\000\000\000\000\000\000\000\000\000\000\000\000\000\000\000\000\000\000\000\000""; queryDepth: 3; "
1750527529236,1750527529236,142,1,0,3,TMProposeSet,"proposeSeq: 0; currentTxHash: ""'\274\220\233\332\373\335\027\332I\377y`\224\260\350-\215\335\267[\036\265\265\252`\026&\030{\362\363""; nodePubKey: ""\003\255\225A\213\332\224ehh\024BDq\224\250\335`\355\353{\357\266\335<\021\032\265\177\206\356&\215""; closeTime: 803842727; signature: ""0E\002!\000\310B\256\367D\360\323\236\374\032%\242\361+\254\305\264$p*I^O=\202\332\001 \271\363\205\230\002 *\272#\357\215W\005\3144\360\307\360\310\177^\013\346\335\353\n\3758TU\326|mt\276\374\313U""; previousledger: ""\265\024\321\362\354\211\250.\234s\225amc\305\035\366\276\037nD\277`\210\223N\3535\033\261\304f""; ","proposeSeq: 0; currentTxHash: ""'\274\220\233\332\373\335\027\332I\377y`\224\260\350-\215\335\267[\036\265\265\252`\026&\030{\362\363""; nodePubKey: ""\003\255\225A\213\332\224ehh\024BDq\224\250\335`\355\353{\357\266\335<\021\032\265\177\206\356&\215""; closeTime: 803842727; signature: ""0E\002!\000\310B\256\367D\360\323\236\374\032%\242\361+\254\305\264$p*I^O=\202\332\001 \271\363\205\230\002 *\272#\357\215W\005\3144\360\307\360\310\177^\013\346\335\353\n\3758TU\326|mt\276\374\313U""; previousledger: ""\265\024\321\362\354\211\250.\234s\225amc\305\035\366\276\037nD\277`\210\223N\3535\033\261\304f""; "
1750527529246,1750527529246,4000,1,2,3,TMGetLedger,"itype: liTS_CANDIDATE; ledgerHash: ""[\000\302\314\326\214\276@c\240\272\222{\363\314\032\213\311\316\246/\330\302\014>\022\346\234\347\264\270\350""; nodeIDs: ""\000\000\000\000\000\000\000\000\000\000\000\000\000\000\000\000\000\000\000\000\000\000\000\000\000\000\000\000\000\000\000\000\000""; queryType: qtINDIRECT; queryDepth: 3; ","itype: liTS_CANDIDATE; ledgerHash: ""[\000\302\314\326\214\276@c\240\272\222{\363\314\032\213\311\316\246/\330\302\014>\022\346\234\347\264\270\350""; nodeIDs: ""\000\000\000\000\000\000\000\000\000\000\000\000\000\000\000\000\000\000\000\000\000\000\000\000\000\000\000\000\000\000\000\000\000""; queryType: qtINDIRECT; queryDepth: 3; "
1750527529260,1750527529260,3810,1,1,4,TMGetLedger,"itype: liTS_CANDIDATE; ledgerHash: ""[\000\302\314\326\214\276@c\240\272\222{\363\314\032\213\311\316\246/\330\302\014>\022\346\234\347\264\270\350""; nodeIDs: ""\000\000\000\000\000\000\000\000\000\000\000\000\000\000\000\000\000\000\000\000\000\000\000\000\000\000\000\000\000\000\000\000\000""; queryType: qtINDIRECT; queryDepth: 3; ","itype: liTS_CANDIDATE; ledgerHash: ""[\000\302\314\326\214\276@c\240\272\222{\363\314\032\213\311\316\246/\330\302\014>\022\346\234\347\264\270\350""; nodeIDs: ""\000\000\000\000\000\000\000\000\000\000\000\000\000\000\000\000\000\000\000\000\000\000\000\000\000\000\000\000\000\000\000\000\000""; queryType: qtINDIRECT; queryDepth: 3; "
1750527529267,1750527529267,1740,1,3,4,TMHaveTransactionSet,"status: tsHAVE; hash: ""\310\200l\322\255\214\342'\243\202\375k%_\335\032N\021G\005\230\271\366~%e\366\202l^\rR""; ","status: tsHAVE; hash: ""\310\200l\322\255\214\342'\243\202\375k%_\335\032N\021G\005\230\271\366~%e\366\202l^\rR""; "
1750527529267,1750527529267,269,1,3,2,TMHaveTransactionSet,"status: tsHAVE; hash: ""\310\200l\322\255\214\342'\243\202\375k%_\335\032N\021G\005\230\271\366~%e\366\202l^\rR""; ","status: tsHAVE; hash: ""\310\200l\322\255\214\342'\243\202\375k%_\335\032N\021G\005\230\271\366~%e\366\202l^\rR""; "
1750527529267,1750527529267,3179,1,3,0,TMHaveTransactionSet,"status: tsHAVE; hash: ""\310\200l\322\255\214\342'\243\202\375k%_\335\032N\021G\005\230\271\366~%e\366\202l^\rR""; ","status: tsHAVE; hash: ""\310\200l\322\255\214\342'\243\202\375k%_\335\032N\021G\005\230\271\366~%e\366\202l^\rR""; "
1750527529267,1750527529268,3058,1,3,1,TMHaveTransactionSet,"status: tsHAVE; hash: ""\310\200l\322\255\214\342'\243\202\375k%_\335\032N\021G\005\230\271\366~%e\366\202l^\rR""; ","status: tsHAVE; hash: ""\310\200l\322\255\214\342'\243\202\375k%_\335\032N\021G\005\230\271\366~%e\366\202l^\rR""; "
1750527529268,1750527529268,1497,1,0,3,TMLedgerData,"ledgerHash: ""\310\200l\322\255\214\342'\243\202\375k%_\335\032N\021G\005\230\271\366~%e\366\202l^\rR""; ledgerSeq: 0; type: liTS_CANDIDATE; nodes {;   nodedata: ""GZ\227\022t\201\240u\2324P\027\307M\337'Y\361[IAD\351\374!\232\005\337\376\252\251g\004\003"";   nodeid: ""\000\000\000\000\000\000\000\000\000\000\000\000\000\000\000\000\000\000\000\000\000\000\000\000\000\000\000\000\000\000\000\000\000""; }; ","ledgerHash: ""\310\200l\322\255\214\342'\243\202\375k%_\335\032N\021G\005\230\271\366~%e\366\202l^\rR""; ledgerSeq: 0; type: liTS_CANDIDATE; nodes {;   nodedata: ""GZ\227\022t\201\240u\2324P\027\307M\337'Y\361[IAD\351\374!\232\005\337\376\252\251g\004\003"";   nodeid: ""\000\000\000\000\000\000\000\000\000\000\000\000\000\000\000\000\000\000\000\000\000\000\000\000\000\000\000\000\000\000\000\000\000""; }; "
1750527529278,1750527529278,3849,1,0,1,TMProposeSet,"proposeSeq: 0; currentTxHash: ""'\274\220\233\332\373\335\027\332I\377y`\224\260\350-\215\335\267[\036\265\265\252`\026&\030{\362\363""; nodePubKey: ""\003\255\225A\213\332\224ehh\024BDq\224\250\335`\355\353{\357\266\335<\021\032\265\177\206\356&\215""; closeTime: 803842727; signature: ""0E\002!\000\310B\256\367D\360\323\236\374\032%\242\361+\254\305\264$p*I^O=\202\332\001 \271\363\205\230\002 *\272#\357\215W\005\3144\360\307\360\310\177^\013\346\335\353\n\3758TU\326|mt\276\374\313U""; previousledger: ""\265\024\321\362\354\211\250.\234s\225amc\305\035\366\276\037nD\277`\210\223N\3535\033\261\304f""; ","proposeSeq: 0; currentTxHash: ""'\274\220\233\332\373\335\027\332I\377y`\224\260\350-\215\335\267[\036\265\265\252`\026&\030{\362\363""; nodePubKey: ""\003\255\225A\213\332\224ehh\024BDq\224\250\335`\355\353{\357\266\335<\021\032\265\177\206\356&\215""; closeTime: 803842727; signature: ""0E\002!\000\310B\256\367D\360\323\236\374\032%\242\361+\254\305\264$p*I^O=\202\332\001 \271\363\205\230\002 *\272#\357\215W\005\3144\360\307\360\310\177^\013\346\335\353\n\3758TU\326|mt\276\374\313U""; previousledger: ""\265\024\321\362\354\211\250.\234s\225amc\305\035\366\276\037nD\277`\210\223N\3535\033\261\304f""; "
1750527529331,1750527529331,1932,1,4,0,TMGetLedger,"itype: liTS_CANDIDATE; ledgerHash: ""'\274\220\233\332\373\335\027\332I\377y`\224\260\350-\215\335\267[\036\265\265\252`\026&\030{\362\363""; nodeIDs: ""\000\000\000\000\000\000\000\000\000\000\000\000\000\000\000\000\000\000\000\000\000\000\000\000\000\000\000\000\000\000\000\000\000""; queryType: qtINDIRECT; queryDepth: 3; ","itype: liTS_CANDIDATE; ledgerHash: ""'\274\220\233\332\373\335\027\332I\377y`\224\260\350-\215\335\267[\036\265\265\252`\026&\030{\362\363""; nodeIDs: ""\000\000\000\000\000\000\000\000\000\000\000\000\000\000\000\000\000\000\000\000\000\000\000\000\000\000\000\000\000\000\000\000\000""; queryType: qtINDIRECT; queryDepth: 3; "
1750527529331,1750527529331,559,1,4,3,TMGetLedger,"itype: liTS_CANDIDATE; ledgerHash: ""'\274\220\233\332\373\335\027\332I\377y`\224\260\350-\215\335\267[\036\265\265\252`\026&\030{\362\363""; nodeIDs: ""\000\000\000\000\000\000\000\000\000\000\000\000\000\000\000\000\000\000\000\000\000\000\000\000\000\000\000\000\000\000\000\000\000""; queryType: qtINDIRECT; queryDepth: 3; ","itype: liTS_CANDIDATE; ledgerHash: ""'\274\220\233\332\373\335\027\332I\377y`\224\260\350-\215\335\267[\036\265\265\252`\026&\030{\362\363""; nodeIDs: ""\000\000\000\000\000\000\000\000\000\000\000\000\000\000\000\000\000\000\000\000\000\000\000\000\000\000\000\000\000\000\000\000\000""; queryType: qtINDIRECT; queryDepth: 3; "
1750527529331,1750527529331,2101,1,4,1,TMGetLedger,"itype: liTS_CANDIDATE; ledgerHash: ""'\274\220\233\332\373\335\027\332I\377y`\224\260\350-\215\335\267[\036\265\265\252`\026&\030{\362\363""; nodeIDs: ""\000\000\000\000\000\000\000\000\000\000\000\000\000\000\000\000\000\000\000\000\000\000\000\000\000\000\000\000\000\000\000\000\000""; queryType: qtINDIRECT; queryDepth: 3; ","itype: liTS_CANDIDATE; ledgerHash: ""'\274\220\233\332\373\335\027\332I\377y`\224\260\350-\215\335\267[\036\265\265\252`\026&\030{\362\363""; nodeIDs: ""\000\000\000\000\000\000\000\000\000\000\000\000\000\000\000\000\000\000\000\000\000\000\000\000\000\000\000\000\000\000\000\000\000""; queryType: qtINDIRECT; queryDepth: 3; "
1750527529332,1750527529332,2309,1,4,2,TMGetLedger,"itype: liTS_CANDIDATE; ledgerHash: ""'\274\220\233\332\373\335\027\332I\377y`\224\260\350-\215\335\267[\036\265\265\252`\026&\030{\362\363""; nodeIDs: ""\000\000\000\000\000\000\000\000\000\000\000\000\000\000\000\000\000\000\000\000\000\000\000\000\000\000\000\000\000\000\000\000\000""; queryType: qtINDIRECT; queryDepth: 3; ","itype: liTS_CANDIDATE; ledgerHash: ""'\274\220\233\332\373\335\027\332I\377y`\224\260\350-\215\335\267[\036\265\265\252`\026&\030{\362\363""; nodeIDs: ""\000\000\000\000\000\000\000\000\000\000\000\000\000\000\000\000\000\000\000\000\000\000\000\000\000\000\000\000\000\000\000\000\000""; queryType: qtINDIRECT; queryDepth: 3; "
1750527529378,1750527529378,3375,1,0,1,TMGetLedger,"itype: liTS_CANDIDATE; ledgerHash: ""[\000\302\314\326\214\276@c\240\272\222{\363\314\032\213\311\316\246/\330\302\014>\022\346\234\347\264\270\350""; nodeIDs: ""\000\000\000\000\000\000\000\000\000\000\000\000\000\000\000\000\000\000\000\000\000\000\000\000\000\000\000\000\000\000\000\000\000""; queryType: qtINDIRECT; queryDepth: 3; ","itype: liTS_CANDIDATE; ledgerHash: ""[\000\302\314\326\214\276@c\240\272\222{\363\314\032\213\311\316\246/\330\302\014>\022\346\234\347\264\270\350""; nodeIDs: ""\000\000\000\000\000\000\000\000\000\000\000\000\000\000\000\000\000\000\000\000\000\000\000\000\000\000\000\000\000\000\000\000\000""; queryType: qtINDIRECT; queryDepth: 3; "
1750527529378,1750527529378,3830,1,3,1,TMProposeSet,"proposeSeq: 0; currentTxHash: ""'\274\220\233\332\373\335\027\332I\377y`\224\260\350-\215\335\267[\036\265\265\252`\026&\030{\362\363""; nodePubKey: ""\003\255\225A\213\332\224ehh\024BDq\224\250\335`\355\353{\357\266\335<\021\032\265\177\206\356&\215""; closeTime: 803842727; signature: ""0E\002!\000\310B\256\367D\360\323\236\374\032%\242\361+\254\305\264$p*I^O=\202\332\001 \271\363\205\230\002 *\272#\357\215W\005\3144\360\307\360\310\177^\013\346\335\353\n\3758TU\326|mt\276\374\313U""; previousledger: ""\265\024\321\362\354\211\250.\234s\225amc\305\035\366\276\037nD\277`\210\223N\3535\033\261\304f""; ","proposeSeq: 0; currentTxHash: ""'\274\220\233\332\373\335\027\332I\377y`\224\260\350-\215\335\267[\036\265\265\252`\026&\030{\362\363""; nodePubKey: ""\003\255\225A\213\332\224ehh\024BDq\224\250\335`\355\353{\357\266\335<\021\032\265\177\206\356&\215""; closeTime: 803842727; signature: ""0E\002!\000\310B\256\367D\360\323\236\374\032%\242\361+\254\305\264$p*I^O=\202\332\001 \271\363\205\230\002 *\272#\357\215W\005\3144\360\307\360\310\177^\013\346\335\353\n\3758TU\326|mt\276\374\313U""; previousledger: ""\265\024\321\362\354\211\250.\234s\225amc\305\035\366\276\037nD\277`\210\223N\3535\033\261\304f""; "
1750527529379,1750527529379,1272,1,3,4,TMProposeSet,"proposeSeq: 0; currentTxHash: ""'\274\220\233\332\373\335\027\332I\377y`\224\260\350-\215\335\267[\036\265\265\252`\026&\030{\362\363""; nodePubKey: ""\003\255\225A\213\332\224ehh\024BDq\224\250\335`\355\353{\357\266\335<\021\032\265\177\206\356&\215""; closeTime: 803842727; signature: ""0E\002!\000\310B\256\367D\360\323\236\374\032%\242\361+\254\305\264$p*I^O=\202\332\001 \271\363\205\230\002 *\272#\357\215W\005\3144\360\307\360\310\177^\013\346\335\353\n\3758TU\326|mt\276\374\313U""; previousledger: ""\265\024\321\362\354\211\250.\234s\225amc\305\035\366\276\037nD\277`\210\223N\3535\033\261\304f""; ","proposeSeq: 0; currentTxHash: ""'\274\220\233\332\373\335\027\332I\377y`\224\260\350-\215\335\267[\036\265\265\252`\026&\030{\362\363""; nodePubKey: ""\003\255\225A\213\332\224ehh\024BDq\224\250\335`\355\353{\357\266\335<\021\032\265\177\206\356&\215""; closeTime: 803842727; signature: ""0E\002!\000\310B\256\367D\360\323\236\374\032%\242\361+\254\305\264$p*I^O=\202\332\001 \271\363\205\230\002 *\272#\357\215W\005\3144\360\307\360\310\177^\013\346\335\353\n\3758TU\326|mt\276\374\313U""; previousledger: ""\265\024\321\362\354\211\250.\234s\225amc\305\035\366\276\037nD\277`\210\223N\3535\033\261\304f""; "
1750527529379,1750527529379,3787,1,3,2,TMProposeSet,"proposeSeq: 0; currentTxHash: ""'\274\220\233\332\373\335\027\332I\377y`\224\260\350-\215\335\267[\036\265\265\252`\026&\030{\362\363""; nodePubKey: ""\003\255\225A\213\332\224ehh\024BDq\224\250\335`\355\353{\357\266\335<\021\032\265\177\206\356&\215""; closeTime: 803842727; signature: ""0E\002!\000\310B\256\367D\360\323\236\374\032%\242\361+\254\305\264$p*I^O=\202\332\001 \271\363\205\230\002 *\272#\357\215W\005\3144\360\307\360\310\177^\013\346\335\353\n\3758TU\326|mt\276\374\313U""; previousledger: ""\265\024\321\362\354\211\250.\234s\225amc\305\035\366\276\037nD\277`\210\223N\3535\033\261\304f""; ","proposeSeq: 0; currentTxHash: ""'\274\220\233\332\373\335\027\332I\377y`\224\260\350-\215\335\267[\036\265\265\252`\026&\030{\362\363""; nodePubKey: ""\003\255\225A\213\332\224ehh\024BDq\224\250\335`\355\353{\357\266\335<\021\032\265\177\206\356&\215""; closeTime: 803842727; signature: ""0E\002!\000\310B\256\367D\360\323\236\374\032%\242\361+\254\305\264$p*I^O=\202\332\001 \271\363\205\230\002 *\272#\357\215W\005\3144\360\307\360\310\177^\013\346\335\353\n\3758TU\326|mt\276\374\313U""; previousledger: ""\265\024\321\362\354\211\250.\234s\225amc\305\035\366\276\037nD\277`\210\223N\3535\033\261\304f""; "
1750527529405,1750527529405,1932,1,4,0,TMGetLedger,"itype: liTS_CANDIDATE; ledgerHash: ""\310\200l\322\255\214\342'\243\202\375k%_\335\032N\021G\005\230\271\366~%e\366\202l^\rR""; nodeIDs: ""\000\000\000\000\000\000\000\000\000\000\000\000\000\000\000\000\000\000\000\000\000\000\000\000\000\000\000\000\000\000\000\000\000""; requestCookie: 4; queryType: qtINDIRECT; queryDepth: 3; ","itype: liTS_CANDIDATE; ledgerHash: ""\310\200l\322\255\214\342'\243\202\375k%_\335\032N\021G\005\230\271\366~%e\366\202l^\rR""; nodeIDs: ""\000\000\000\000\000\000\000\000\000\000\000\000\000\000\000\000\000\000\000\000\000\000\000\000\000\000\000\000\000\000\000\000\000""; requestCookie: 4; queryType: qtINDIRECT; queryDepth: 3; "
1750527529408,1750527529408,2101,1,4,1,TMGetLedger,"itype: liTS_CANDIDATE; ledgerHash: ""\310\200l\322\255\214\342'\243\202\375k%_\335\032N\021G\005\230\271\366~%e\366\202l^\rR""; nodeIDs: ""\000\000\000\000\000\000\000\000\000\000\000\000\000\000\000\000\000\000\000\000\000\000\000\000\000\000\000\000\000\000\000\000\000""; queryType: qtINDIRECT; queryDepth: 3; ","itype: liTS_CANDIDATE; ledgerHash: ""\310\200l\322\255\214\342'\243\202\375k%_\335\032N\021G\005\230\271\366~%e\366\202l^\rR""; nodeIDs: ""\000\000\000\000\000\000\000\000\000\000\000\000\000\000\000\000\000\000\000\000\000\000\000\000\000\000\000\000\000\000\000\000\000""; queryType: qtINDIRECT; queryDepth: 3; "
1750527529409,1750527529409,559,1,4,3,TMGetLedger,"itype: liTS_CANDIDATE; ledgerHash: ""\310\200l\322\255\214\342'\243\202\375k%_\335\032N\021G\005\230\271\366~%e\366\202l^\rR""; nodeIDs: ""\000\000\000\000\000\000\000\000\000\000\000\000\000\000\000\000\000\000\000\000\000\000\000\000\000\000\000\000\000\000\000\000\000""; queryType: qtINDIRECT; queryDepth: 3; ","itype: liTS_CANDIDATE; ledgerHash: ""\310\200l\322\255\214\342'\243\202\375k%_\335\032N\021G\005\230\271\366~%e\366\202l^\rR""; nodeIDs: ""\000\000\000\000\000\000\000\000\000\000\000\000\000\000\000\000\000\000\000\000\000\000\000\000\000\000\000\000\000\000\000\000\000""; queryType: qtINDIRECT; queryDepth: 3; "
1750527529408,1750527529408,1932,1,4,0,TMGetLedger,"itype: liTS_CANDIDATE; ledgerHash: ""\310\200l\322\255\214\342'\243\202\375k%_\335\032N\021G\005\230\271\366~%e\366\202l^\rR""; nodeIDs: ""\000\000\000\000\000\000\000\000\000\000\000\000\000\000\000\000\000\000\000\000\000\000\000\000\000\000\000\000\000\000\000\000\000""; queryType: qtINDIRECT; queryDepth: 3; ","itype: liTS_CANDIDATE; ledgerHash: ""\310\200l\322\255\214\342'\243\202\375k%_\335\032N\021G\005\230\271\366~%e\366\202l^\rR""; nodeIDs: ""\000\000\000\000\000\000\000\000\000\000\000\000\000\000\000\000\000\000\000\000\000\000\000\000\000\000\000\000\000\000\000\000\000""; queryType: qtINDIRECT; queryDepth: 3; "
1750527529409,1750527529409,2309,1,4,2,TMGetLedger,"itype: liTS_CANDIDATE; ledgerHash: ""\310\200l\322\255\214\342'\243\202\375k%_\335\032N\021G\005\230\271\366~%e\366\202l^\rR""; nodeIDs: ""\000\000\000\000\000\000\000\000\000\000\000\000\000\000\000\000\000\000\000\000\000\000\000\000\000\000\000\000\000\000\000\000\000""; queryType: qtINDIRECT; queryDepth: 3; ","itype: liTS_CANDIDATE; ledgerHash: ""\310\200l\322\255\214\342'\243\202\375k%_\335\032N\021G\005\230\271\366~%e\366\202l^\rR""; nodeIDs: ""\000\000\000\000\000\000\000\000\000\000\000\000\000\000\000\000\000\000\000\000\000\000\000\000\000\000\000\000\000\000\000\000\000""; queryType: qtINDIRECT; queryDepth: 3; "
1750527529423,1750527529423,598,1,3,4,TMStatusChange,"newEvent: neACCEPTED_LEDGER; ledgerSeq: 5; ledgerHash: ""\331]\036\237\306o!\223\221\002\324\031\262\240R\177 ,\214\325\Q])\016\2067\277\t\354\010\000""; ledgerHashPrevious: ""\265\024\321\362\354\211\250.\234s\225amc\305\035\366\276\037nD\277`\210\223N\3535\033\261\304f""; networkTime: 803842729; firstSeq: 1; lastSeq: 4; ","newEvent: neACCEPTED_LEDGER; ledgerSeq: 5; ledgerHash: ""\331]\036\237\306o!\223\221\002\324\031\262\240R\177 ,\214\325\Q])\016\2067\277\t\354\010\000""; ledgerHashPrevious: ""\265\024\321\362\354\211\250.\234s\225amc\305\035\366\276\037nD\277`\210\223N\3535\033\261\304f""; networkTime: 803842729; firstSeq: 1; lastSeq: 4; "
1750527529424,1750527529424,3432,1,3,2,TMStatusChange,"newEvent: neACCEPTED_LEDGER; ledgerSeq: 5; ledgerHash: ""\331]\036\237\306o!\223\221\002\324\031\262\240R\177 ,\214\325\Q])\016\2067\277\t\354\010\000""; ledgerHashPrevious: ""\265\024\321\362\354\211\250.\234s\225amc\305\035\366\276\037nD\277`\210\223N\3535\033\261\304f""; networkTime: 803842729; firstSeq: 1; lastSeq: 4; ","newEvent: neACCEPTED_LEDGER; ledgerSeq: 5; ledgerHash: ""\331]\036\237\306o!\223\221\002\324\031\262\240R\177 ,\214\325\Q])\016\2067\277\t\354\010\000""; ledgerHashPrevious: ""\265\024\321\362\354\211\250.\234s\225amc\305\035\366\276\037nD\277`\210\223N\3535\033\261\304f""; networkTime: 803842729; firstSeq: 1; lastSeq: 4; "
1750527529424,1750527529424,1571,1,3,1,TMStatusChange,"newEvent: neACCEPTED_LEDGER; ledgerSeq: 5; ledgerHash: ""\331]\036\237\306o!\223\221\002\324\031\262\240R\177 ,\214\325\Q])\016\2067\277\t\354\010\000""; ledgerHashPrevious: ""\265\024\321\362\354\211\250.\234s\225amc\305\035\366\276\037nD\277`\210\223N\3535\033\261\304f""; networkTime: 803842729; firstSeq: 1; lastSeq: 4; ","newEvent: neACCEPTED_LEDGER; ledgerSeq: 5; ledgerHash: ""\331]\036\237\306o!\223\221\002\324\031\262\240R\177 ,\214\325\Q])\016\2067\277\t\354\010\000""; ledgerHashPrevious: ""\265\024\321\362\354\211\250.\234s\225amc\305\035\366\276\037nD\277`\210\223N\3535\033\261\304f""; networkTime: 803842729; firstSeq: 1; lastSeq: 4; "
1750527529425,1750527529425,3459,1,3,1,TMValidation,"validation: """"\200\000\000\001&\000\000\000\005)/\351\252\251:p\210\265\307-\212\200\004Q\331]\036\237\306o!\223\221\002\324\031\262\240R\177 ,\214\325\Q])\016\2067\277\t\354\010\000P\027'\274\220\233\332\373\335\027\332I\377y`\224\260\350-\215\335\267[\036\265\265\252`\026&\030{\362\363P\031\265\024\321\362\354\211\250.\234s\225amc\305\035\366\276\037nD\277`\210\223N\3535\033\261\304fs!\002\364d\217\366\217|\316F\232\231\241\n\261\333`\312O\367\235\025DD\336e\367\n\312\326\221\037\025\230vG0E\002!\000\214M\242\355\276\367\213\r\242\376cQu\341Q\3479\3341\tN\210\374\324\207\361\370\315\366Q\351\342\002 p\224&\216\320""\305\246\3063iK\267yq\242\312z\225\014\364\014\351\006\007~\306 %\3131\234""; ","validation: """"\200\000\000\001&\000\000\000\005)/\351\252\251:p\210\265\307-\212\200\004Q\331]\036\237\306o!\223\221\002\324\031\262\240R\177 ,\214\325\Q])\016\2067\277\t\354\010\000P\027'\274\220\233\332\373\335\027\332I\377y`\224\260\350-\215\335\267[\036\265\265\252`\026&\030{\362\363P\031\265\024\321\362\354\211\250.\234s\225amc\305\035\366\276\037nD\277`\210\223N\3535\033\261\304fs!\002\364d\217\366\217|\316F\232\231\241\n\261\333`\312O\367\235\025DD\336e\367\n\312\326\221\037\025\230vG0E\002!\000\214M\242\355\276\367\213\r\242\376cQu\341Q\3479\3341\tN\210\374\324\207\361\370\315\366Q\351\342\002 p\224&\216\320""\305\246\3063iK\267yq\242\312z\225\014\364\014\351\006\007~\306 %\3131\234""; "
1750527529425,1750527529425,3991,1,3,0,TMStatusChange,"newEvent: neACCEPTED_LEDGER; ledgerSeq: 5; ledgerHash: ""\331]\036\237\306o!\223\221\002\324\031\262\240R\177 ,\214\325\Q])\016\2067\277\t\354\010\000""; ledgerHashPrevious: ""\265\024\321\362\354\211\250.\234s\225amc\305\035\366\276\037nD\277`\210\223N\3535\033\261\304f""; networkTime: 803842729; firstSeq: 1; lastSeq: 4; ","newEvent: neACCEPTED_LEDGER; ledgerSeq: 5; ledgerHash: ""\331]\036\237\306o!\223\221\002\324\031\262\240R\177 ,\214\325\Q])\016\2067\277\t\354\010\000""; ledgerHashPrevious: ""\265\024\321\362\354\211\250.\234s\225amc\305\035\366\276\037nD\277`\210\223N\3535\033\261\304f""; networkTime: 803842729; firstSeq: 1; lastSeq: 4; "
1750527529425,1750527529425,3736,1,3,4,TMValidation,"validation: """"\200\000\000\001&\000\000\000\005)/\351\252\251:p\210\265\307-\212\200\004Q\331]\036\237\306o!\223\221\002\324\031\262\240R\177 ,\214\325\Q])\016\2067\277\t\354\010\000P\027'\274\220\233\332\373\335\027\332I\377y`\224\260\350-\215\335\267[\036\265\265\252`\026&\030{\362\363P\031\265\024\321\362\354\211\250.\234s\225amc\305\035\366\276\037nD\277`\210\223N\3535\033\261\304fs!\002\364d\217\366\217|\316F\232\231\241\n\261\333`\312O\367\235\025DD\336e\367\n\312\326\221\037\025\230vG0E\002!\000\214M\242\355\276\367\213\r\242\376cQu\341Q\3479\3341\tN\210\374\324\207\361\370\315\366Q\351\342\002 p\224&\216\320""\305\246\3063iK\267yq\242\312z\225\014\364\014\351\006\007~\306 %\3131\234""; ","validation: """"\200\000\000\001&\000\000\000\005)/\351\252\251:p\210\265\307-\212\200\004Q\331]\036\237\306o!\223\221\002\324\031\262\240R\177 ,\214\325\Q])\016\2067\277\t\354\010\000P\027'\274\220\233\332\373\335\027\332I\377y`\224\260\350-\215\335\267[\036\265\265\252`\026&\030{\362\363P\031\265\024\321\362\354\211\250.\234s\225amc\305\035\366\276\037nD\277`\210\223N\3535\033\261\304fs!\002\364d\217\366\217|\316F\232\231\241\n\261\333`\312O\367\235\025DD\336e\367\n\312\326\221\037\025\230vG0E\002!\000\214M\242\355\276\367\213\r\242\376cQu\341Q\3479\3341\tN\210\374\324\207\361\370\315\366Q\351\342\002 p\224&\216\320""\305\246\3063iK\267yq\242\312z\225\014\364\014\351\006\007~\306 %\3131\234""; "
1750527529425,1750527529426,1777,1,3,0,TMValidation,"validation: """"\200\000\000\001&\000\000\000\005)/\351\252\251:p\210\265\307-\212\200\004Q\331]\036\237\306o!\223\221\002\324\031\262\240R\177 ,\214\325\Q])\016\2067\277\t\354\010\000P\027'\274\220\233\332\373\335\027\332I\377y`\224\260\350-\215\335\267[\036\265\265\252`\026&\030{\362\363P\031\265\024\321\362\354\211\250.\234s\225amc\305\035\366\276\037nD\277`\210\223N\3535\033\261\304fs!\002\364d\217\366\217|\316F\232\231\241\n\261\333`\312O\367\235\025DD\336e\367\n\312\326\221\037\025\230vG0E\002!\000\214M\242\355\276\367\213\r\242\376cQu\341Q\3479\3341\tN\210\374\324\207\361\370\315\366Q\351\342\002 p\224&\216\320""\305\246\3063iK\267yq\242\312z\225\014\364\014\351\006\007~\306 %\3131\234""; ","validation: """"\200\000\000\001&\000\000\000\005)/\351\252\251:p\210\265\307-\212\200\004Q\331]\036\237\306o!\223\221\002\324\031\262\240R\177 ,\214\325\Q])\016\2067\277\t\354\010\000P\027'\274\220\233\332\373\335\027\332I\377y`\224\260\350-\215\335\267[\036\265\265\252`\026&\030{\362\363P\031\265\024\321\362\354\211\250.\234s\225amc\305\035\366\276\037nD\277`\210\223N\3535\033\261\304fs!\002\364d\217\366\217|\316F\232\231\241\n\261\333`\312O\367\235\025DD\336e\367\n\312\326\221\037\025\230vG0E\002!\000\214M\242\355\276\367\213\r\242\376cQu\341Q\3479\3341\tN\210\374\324\207\361\370\315\366Q\351\342\002 p\224&\216\320""\305\246\3063iK\267yq\242\312z\225\014\364\014\351\006\007~\306 %\3131\234""; "
1750527529426,1750527529426,3125,1,3,2,TMValidation,"validation: """"\200\000\000\001&\000\000\000\005)/\351\252\251:p\210\265\307-\212\200\004Q\331]\036\237\306o!\223\221\002\324\031\262\240R\177 ,\214\325\Q])\016\2067\277\t\354\010\000P\027'\274\220\233\332\373\335\027\332I\377y`\224\260\350-\215\335\267[\036\265\265\252`\026&\030{\362\363P\031\265\024\321\362\354\211\250.\234s\225amc\305\035\366\276\037nD\277`\210\223N\3535\033\261\304fs!\002\364d\217\366\217|\316F\232\231\241\n\261\333`\312O\367\235\025DD\336e\367\n\312\326\221\037\025\230vG0E\002!\000\214M\242\355\276\367\213\r\242\376cQu\341Q\3479\3341\tN\210\374\324\207\361\370\315\366Q\351\342\002 p\224&\216\320""\305\246\3063iK\267yq\242\312z\225\014\364\014\351\006\007~\306 %\3131\234""; ","validation: """"\200\000\000\001&\000\000\000\005)/\351\252\251:p\210\265\307-\212\200\004Q\331]\036\237\306o!\223\221\002\324\031\262\240R\177 ,\214\325\Q])\016\2067\277\t\354\010\000P\027'\274\220\233\332\373\335\027\332I\377y`\224\260\350-\215\335\267[\036\265\265\252`\026&\030{\362\363P\031\265\024\321\362\354\211\250.\234s\225amc\305\035\366\276\037nD\277`\210\223N\3535\033\261\304fs!\002\364d\217\366\217|\316F\232\231\241\n\261\333`\312O\367\235\025DD\336e\367\n\312\326\221\037\025\230vG0E\002!\000\214M\242\355\276\367\213\r\242\376cQu\341Q\3479\3341\tN\210\374\324\207\361\370\315\366Q\351\342\002 p\224&\216\320""\305\246\3063iK\267yq\242\312z\225\014\364\014\351\006\007~\306 %\3131\234""; "
1750527529427,1750527529427,1019,1,3,4,TMGetLedger,"itype: liTS_CANDIDATE; ledgerHash: ""[\000\302\314\326\214\276@c\240\272\222{\363\314\032\213\311\316\246/\330\302\014>\022\346\234\347\264\270\350""; nodeIDs: ""\000\000\000\000\000\000\000\000\000\000\000\000\000\000\000\000\000\000\000\000\000\000\000\000\000\000\000\000\000\000\000\000\000""; queryType: qtINDIRECT; queryDepth: 3; ","itype: liTS_CANDIDATE; ledgerHash: ""[\000\302\314\326\214\276@c\240\272\222{\363\314\032\213\311\316\246/\330\302\014>\022\346\234\347\264\270\350""; nodeIDs: ""\000\000\000\000\000\000\000\000\000\000\000\000\000\000\000\000\000\000\000\000\000\000\000\000\000\000\000\000\000\000\000\000\000""; queryType: qtINDIRECT; queryDepth: 3; "
1750527529427,1750527529427,2794,1,3,2,TMGetLedger,"itype: liTS_CANDIDATE; ledgerHash: ""[\000\302\314\326\214\276@c\240\272\222{\363\314\032\213\311\316\246/\330\302\014>\022\346\234\347\264\270\350""; nodeIDs: ""\000\000\000\000\000\000\000\000\000\000\000\000\000\000\000\000\000\000\000\000\000\000\000\000\000\000\000\000\000\000\000\000\000""; queryType: qtINDIRECT; queryDepth: 3; ","itype: liTS_CANDIDATE; ledgerHash: ""[\000\302\314\326\214\276@c\240\272\222{\363\314\032\213\311\316\246/\330\302\014>\022\346\234\347\264\270\350""; nodeIDs: ""\000\000\000\000\000\000\000\000\000\000\000\000\000\000\000\000\000\000\000\000\000\000\000\000\000\000\000\000\000\000\000\000\000""; queryType: qtINDIRECT; queryDepth: 3; "
1750527529428,1750527529428,1131,1,3,0,TMGetLedger,"itype: liTS_CANDIDATE; ledgerHash: ""[\000\302\314\326\214\276@c\240\272\222{\363\314\032\213\311\316\246/\330\302\014>\022\346\234\347\264\270\350""; nodeIDs: ""\000\000\000\000\000\000\000\000\000\000\000\000\000\000\000\000\000\000\000\000\000\000\000\000\000\000\000\000\000\000\000\000\000""; queryType: qtINDIRECT; queryDepth: 3; ","itype: liTS_CANDIDATE; ledgerHash: ""[\000\302\314\326\214\276@c\240\272\222{\363\314\032\213\311\316\246/\330\302\014>\022\346\234\347\264\270\350""; nodeIDs: ""\000\000\000\000\000\000\000\000\000\000\000\000\000\000\000\000\000\000\000\000\000\000\000\000\000\000\000\000\000\000\000\000\000""; queryType: qtINDIRECT; queryDepth: 3; "
1750527529428,1750527529428,2079,1,3,1,TMGetLedger,"itype: liTS_CANDIDATE; ledgerHash: ""[\000\302\314\326\214\276@c\240\272\222{\363\314\032\213\311\316\246/\330\302\014>\022\346\234\347\264\270\350""; nodeIDs: ""\000\000\000\000\000\000\000\000\000\000\000\000\000\000\000\000\000\000\000\000\000\000\000\000\000\000\000\000\000\000\000\000\000""; queryType: qtINDIRECT; queryDepth: 3; ","itype: liTS_CANDIDATE; ledgerHash: ""[\000\302\314\326\214\276@c\240\272\222{\363\314\032\213\311\316\246/\330\302\014>\022\346\234\347\264\270\350""; nodeIDs: ""\000\000\000\000\000\000\000\000\000\000\000\000\000\000\000\000\000\000\000\000\000\000\000\000\000\000\000\000\000\000\000\000\000""; queryType: qtINDIRECT; queryDepth: 3; "
1750527529446,1750527529447,2764,1,4,3,TMLedgerData,"ledgerHash: ""[\000\302\314\326\214\276@c\240\272\222{\363\314\032\213\311\316\246/\330\302\014>\022\346\234\347\264\270\350""; ledgerSeq: 0; type: liTS_CANDIDATE; nodes {;   nodedata: ""\002i\361\030\371\256\265\036\320\273\013\357<\215/(\215[\231D\357Gd\372\270\316\261\301\342\327\225\241\000GZ\227\022t\201\240u\2324P\027\307M\337'Y\361[IAD\351\374!\232\005\337\376\252\251g\004\003"";   nodeid: ""\000\000\000\000\000\000\000\000\000\000\000\000\000\000\000\000\000\000\000\000\000\000\000\000\000\000\000\000\000\000\000\000\000""; }; ","ledgerHash: ""[\000\302\314\326\214\276@c\240\272\222{\363\314\032\213\311\316\246/\330\302\014>\022\346\234\347\264\270\350""; ledgerSeq: 0; type: liTS_CANDIDATE; nodes {;   nodedata: ""\002i\361\030\371\256\265\036\320\273\013\357<\215/(\215[\231D\357Gd\372\270\316\261\301\342\327\225\241\000GZ\227\022t\201\240u\2324P\027\307M\337'Y\361[IAD\351\374!\232\005\337\376\252\251g\004\003"";   nodeid: ""\000\000\000\000\000\000\000\000\000\000\000\000\000\000\000\000\000\000\000\000\000\000\000\000\000\000\000\000\000\000\000\000\000""; }; "
1750527529469,1750527529469,1150,1,3,4,TMLedgerData,"ledgerHash: ""\310\200l\322\255\214\342'\243\202\375k%_\335\032N\021G\005\230\271\366~%e\366\202l^\rR""; ledgerSeq: 0; type: liTS_CANDIDATE; nodes {;   nodedata: ""GZ\227\022t\201\240u\2324P\027\307M\337'Y\361[IAD\351\374!\232\005\337\376\252\251g\004\003"";   nodeid: ""\000\000\000\000\000\000\000\000\000\000\000\000\000\000\000\000\000\000\000\000\000\000\000\000\000\000\000\000\000\000\000\000\000""; }; ","ledgerHash: ""\310\200l\322\255\214\342'\243\202\375k%_\335\032N\021G\005\230\271\366~%e\366\202l^\rR""; ledgerSeq: 0; type: liTS_CANDIDATE; nodes {;   nodedata: ""GZ\227\022t\201\240u\2324P\027\307M\337'Y\361[IAD\351\374!\232\005\337\376\252\251g\004\003"";   nodeid: ""\000\000\000\000\000\000\000\000\000\000\000\000\000\000\000\000\000\000\000\000\000\000\000\000\000\000\000\000\000\000\000\000\000""; }; "
1750527529485,1750527529485,3094,1,0,3,TMGetLedger,"itype: liTS_CANDIDATE; ledgerHash: ""'\274\220\233\332\373\335\027\332I\377y`\224\260\350-\215\335\267[\036\265\265\252`\026&\030{\362\363""; nodeIDs: ""\000\000\000\000\000\000\000\000\000\000\000\000\000\000\000\000\000\000\000\000\000\000\000\000\000\000\000\000\000\000\000\000\000""; queryType: qtINDIRECT; queryDepth: 3; ","itype: liTS_CANDIDATE; ledgerHash: ""'\274\220\233\332\373\335\027\332I\377y`\224\260\350-\215\335\267[\036\265\265\252`\026&\030{\362\363""; nodeIDs: ""\000\000\000\000\000\000\000\000\000\000\000\000\000\000\000\000\000\000\000\000\000\000\000\000\000\000\000\000\000\000\000\000\000""; queryType: qtINDIRECT; queryDepth: 3; "
1750527529496,1750527529496,3719,1,2,4,TMGetLedger,"itype: liTS_CANDIDATE; ledgerHash: ""[\000\302\314\326\214\276@c\240\272\222{\363\314\032\213\311\316\246/\330\302\014>\022\346\234\347\264\270\350""; nodeIDs: ""\000\000\000\000\000\000\000\000\000\000\000\000\000\000\000\000\000\000\000\000\000\000\000\000\000\000\000\000\000\000\000\000\000""; queryType: qtINDIRECT; queryDepth: 3; ","itype: liTS_CANDIDATE; ledgerHash: ""[\000\302\314\326\214\276@c\240\272\222{\363\314\032\213\311\316\246/\330\302\014>\022\346\234\347\264\270\350""; nodeIDs: ""\000\000\000\000\000\000\000\000\000\000\000\000\000\000\000\000\000\000\000\000\000\000\000\000\000\000\000\000\000\000\000\000\000""; queryType: qtINDIRECT; queryDepth: 3; "
1750527529507,1750527529507,3810,1,1,4,TMGetLedger,"itype: liTS_CANDIDATE; ledgerHash: ""[\000\302\314\326\214\276@c\240\272\222{\363\314\032\213\311\316\246/\330\302\014>\022\346\234\347\264\270\350""; nodeIDs: ""\000\000\000\000\000\000\000\000\000\000\000\000\000\000\000\000\000\000\000\000\000\000\000\000\000\000\000\000\000\000\000\000\000""; requestCookie: 4; queryType: qtINDIRECT; queryDepth: 3; ","itype: liTS_CANDIDATE; ledgerHash: ""[\000\302\314\326\214\276@c\240\272\222{\363\314\032\213\311\316\246/\330\302\014>\022\346\234\347\264\270\350""; nodeIDs: ""\000\000\000\000\000\000\000\000\000\000\000\000\000\000\000\000\000\000\000\000\000\000\000\000\000\000\000\000\000\000\000\000\000""; requestCookie: 4; queryType: qtINDIRECT; queryDepth: 3; "
1750527529510,1750527529510,3769,1,1,3,TMGetLedger,"itype: liTS_CANDIDATE; ledgerHash: ""[\000\302\314\326\214\276@c\240\272\222{\363\314\032\213\311\316\246/\330\302\014>\022\346\234\347\264\270\350""; nodeIDs: ""\000\000\000\000\000\000\000\000\000\000\000\000\000\000\000\000\000\000\000\000\000\000\000\000\000\000\000\000\000\000\000\000\000""; queryType: qtINDIRECT; queryDepth: 3; ","itype: liTS_CANDIDATE; ledgerHash: ""[\000\302\314\326\214\276@c\240\272\222{\363\314\032\213\311\316\246/\330\302\014>\022\346\234\347\264\270\350""; nodeIDs: ""\000\000\000\000\000\000\000\000\000\000\000\000\000\000\000\000\000\000\000\000\000\000\000\000\000\000\000\000\000\000\000\000\000""; queryType: qtINDIRECT; queryDepth: 3; "
1750527529511,1750527529511,3378,1,4,0,TMLedgerData,"ledgerHash: ""[\000\302\314\326\214\276@c\240\272\222{\363\314\032\213\311\316\246/\330\302\014>\022\346\234\347\264\270\350""; ledgerSeq: 0; type: liTS_CANDIDATE; nodes {;   nodedata: ""\002i\361\030\371\256\265\036\320\273\013\357<\215/(\215[\231D\357Gd\372\270\316\261\301\342\327\225\241\000GZ\227\022t\201\240u\2324P\027\307M\337'Y\361[IAD\351\374!\232\005\337\376\252\251g\004\003"";   nodeid: ""\000\000\000\000\000\000\000\000\000\000\000\000\000\000\000\000\000\000\000\000\000\000\000\000\000\000\000\000\000\000\000\000\000""; }; ","ledgerHash: ""[\000\302\314\326\214\276@c\240\272\222{\363\314\032\213\311\316\246/\330\302\014>\022\346\234\347\264\270\350""; ledgerSeq: 0; type: liTS_CANDIDATE; nodes {;   nodedata: ""\002i\361\030\371\256\265\036\320\273\013\357<\215/(\215[\231D\357Gd\372\270\316\261\301\342\327\225\241\000GZ\227\022t\201\240u\2324P\027\307M\337'Y\361[IAD\351\374!\232\005\337\376\252\251g\004\003"";   nodeid: ""\000\000\000\000\000\000\000\000\000\000\000\000\000\000\000\000\000\000\000\000\000\000\000\000\000\000\000\000\000\000\000\000\000""; }; "
1750527529518,1750527529518,1497,1,0,3,TMLedgerData,"ledgerHash: ""\310\200l\322\255\214\342'\243\202\375k%_\335\032N\021G\005\230\271\366~%e\366\202l^\rR""; ledgerSeq: 0; type: liTS_CANDIDATE; nodes {;   nodedata: ""GZ\227\022t\201\240u\2324P\027\307M\337'Y\361[IAD\351\374!\232\005\337\376\252\251g\004\003"";   nodeid: ""\000\000\000\000\000\000\000\000\000\000\000\000\000\000\000\000\000\000\000\000\000\000\000\000\000\000\000\000\000\000\000\000\000""; }; ","ledgerHash: ""\310\200l\322\255\214\342'\243\202\375k%_\335\032N\021G\005\230\271\366~%e\366\202l^\rR""; ledgerSeq: 0; type: liTS_CANDIDATE; nodes {;   nodedata: ""GZ\227\022t\201\240u\2324P\027\307M\337'Y\361[IAD\351\374!\232\005\337\376\252\251g\004\003"";   nodeid: ""\000\000\000\000\000\000\000\000\000\000\000\000\000\000\000\000\000\000\000\000\000\000\000\000\000\000\000\000\000\000\000\000\000""; }; "
1750527529539,1750527529539,3128,1,2,4,TMValidation,"validation: """"\200\000\000\001&\000\000\000\004)/\351\252\246:p\210\265\307-\212\200\004Q\265\024\321\362\354\211\250.\234s\225amc\305\035\366\276\037nD\277`\210\223N\3535\033\261\304fP\027\000\000\000\000\000\000\000\000\000\000\000\000\000\000\000\000\000\000\000\000\000\000\000\000\000\000\000\000\000\000\000\000P\031\375T\356\014\360o'\030\311-\267\031\257!\031T\006><\315XM\334\324\345\034\000\325\367\240\271\013s!\002\364d\217\366\217|\316F\232\231\241\n\261\333`\312O\367\235\025DD\336e\367\n\312\326\221\037\025\230vG0E\002!\000\2450\334+\037\216a\360\305t\370$\032\025\276\326S!V\274\006\3500,go\353\244\342\364\006<\002 \036\250\261Vt\203\025<\207\230\342\336m\212\341\357Yb\230\241[\300\300\016S\344*\210\332\222\241+""; ","validation: """"\200\000\000\001&\000\000\000\004)/\351\252\246:p\210\265\307-\212\200\004Q\265\024\321\362\354\211\250.\234s\225amc\305\035\366\276\037nD\277`\210\223N\3535\033\261\304fP\027\000\000\000\000\000\000\000\000\000\000\000\000\000\000\000\000\000\000\000\000\000\000\000\000\000\000\000\000\000\000\000\000P\031\375T\356\014\360o'\030\311-\267\031\257!\031T\006><\315XM\334\324\345\034\000\325\367\240\271\013s!\002\364d\217\366\217|\316F\232\231\241\n\261\333`\312O\367\235\025DD\336e\367\n\312\326\221\037\025\230vG0E\002!\000\2450\334+\037\216a\360\305t\370$\032\025\276\326S!V\274\006\3500,go\353\244\342\364\006<\002 \036\250\261Vt\203\025<\207\230\342\336m\212\341\357Yb\230\241[\300\300\016S\344*\210\332\222\241+""; "
1750527529540,1750527529540,446,1,2,0,TMValidation,"validation: """"\200\000\000\001&\000\000\000\004)/\351\252\246:p\210\265\307-\212\200\004Q\265\024\321\362\354\211\250.\234s\225amc\305\035\366\276\037nD\277`\210\223N\3535\033\261\304fP\027\000\000\000\000\000\000\000\000\000\000\000\000\000\000\000\000\000\000\000\000\000\000\000\000\000\000\000\000\000\000\000\000P\031\375T\356\014\360o'\030\311-\267\031\257!\031T\006><\315XM\334\324\345\034\000\325\367\240\271\013s!\002\364d\217\366\217|\316F\232\231\241\n\261\333`\312O\367\235\025DD\336e\367\n\312\326\221\037\025\230vG0E\002!\000\2450\334+\037\216a\360\305t\370$\032\025\276\326S!V\274\006\3500,go\353\244\342\364\006<\002 \036\250\261Vt\203\025<\207\230\342\336m\212\341\357Yb\230\241[\300\300\016S\344*\210\332\222\241+""; ","validation: """"\200\000\000\001&\000\000\000\004)/\351\252\246:p\210\265\307-\212\200\004Q\265\024\321\362\354\211\250.\234s\225amc\305\035\366\276\037nD\277`\210\223N\3535\033\261\304fP\027\000\000\000\000\000\000\000\000\000\000\000\000\000\000\000\000\000\000\000\000\000\000\000\000\000\000\000\000\000\000\000\000P\031\375T\356\014\360o'\030\311-\267\031\257!\031T\006><\315XM\334\324\345\034\000\325\367\240\271\013s!\002\364d\217\366\217|\316F\232\231\241\n\261\333`\312O\367\235\025DD\336e\367\n\312\326\221\037\025\230vG0E\002!\000\2450\334+\037\216a\360\305t\370$\032\025\276\326S!V\274\006\3500,go\353\244\342\364\006<\002 \036\250\261Vt\203\025<\207\230\342\336m\212\341\357Yb\230\241[\300\300\016S\344*\210\332\222\241+""; "
1750527529540,1750527529540,340,1,2,1,TMValidation,"validation: """"\200\000\000\001&\000\000\000\004)/\351\252\246:p\210\265\307-\212\200\004Q\265\024\321\362\354\211\250.\234s\225amc\305\035\366\276\037nD\277`\210\223N\3535\033\261\304fP\027\000\000\000\000\000\000\000\000\000\000\000\000\000\000\000\000\000\000\000\000\000\000\000\000\000\000\000\000\000\000\000\000P\031\375T\356\014\360o'\030\311-\267\031\257!\031T\006><\315XM\334\324\345\034\000\325\367\240\271\013s!\002\364d\217\366\217|\316F\232\231\241\n\261\333`\312O\367\235\025DD\336e\367\n\312\326\221\037\025\230vG0E\002!\000\2450\334+\037\216a\360\305t\370$\032\025\276\326S!V\274\006\3500,go\353\244\342\364\006<\002 \036\250\261Vt\203\025<\207\230\342\336m\212\341\357Yb\230\241[\300\300\016S\344*\210\332\222\241+""; ","validation: """"\200\000\000\001&\000\000\000\004)/\351\252\246:p\210\265\307-\212\200\004Q\265\024\321\362\354\211\250.\234s\225amc\305\035\366\276\037nD\277`\210\223N\3535\033\261\304fP\027\000\000\000\000\000\000\000\000\000\000\000\000\000\000\000\000\000\000\000\000\000\000\000\000\000\000\000\000\000\000\000\000P\031\375T\356\014\360o'\030\311-\267\031\257!\031T\006><\315XM\334\324\345\034\000\325\367\240\271\013s!\002\364d\217\366\217|\316F\232\231\241\n\261\333`\312O\367\235\025DD\336e\367\n\312\326\221\037\025\230vG0E\002!\000\2450\334+\037\216a\360\305t\370$\032\025\276\326S!V\274\006\3500,go\353\244\342\364\006<\002 \036\250\261Vt\203\025<\207\230\342\336m\212\341\357Yb\230\241[\300\300\016S\344*\210\332\222\241+""; "
1750527529582,1750527529582,2101,1,4,1,TMGetLedger,"itype: liTS_CANDIDATE; ledgerHash: ""'\274\220\233\332\373\335\027\332I\377y`\224\260\350-\215\335\267[\036\265\265\252`\026&\030{\362\363""; nodeIDs: ""\000\000\000\000\000\000\000\000\000\000\000\000\000\000\000\000\000\000\000\000\000\000\000\000\000\000\000\000\000\000\000\000\000""; queryType: qtINDIRECT; queryDepth: 3; ","itype: liTS_CANDIDATE; ledgerHash: ""'\274\220\233\332\373\335\027\332I\377y`\224\260\350-\215\335\267[\036\265\265\252`\026&\030{\362\363""; nodeIDs: ""\000\000\000\000\000\000\000\000\000\000\000\000\000\000\000\000\000\000\000\000\000\000\000\000\000\000\000\000\000\000\000\000\000""; queryType: qtINDIRECT; queryDepth: 3; "
1750527529582,1750527529582,1932,1,4,0,TMGetLedger,"itype: liTS_CANDIDATE; ledgerHash: ""'\274\220\233\332\373\335\027\332I\377y`\224\260\350-\215\335\267[\036\265\265\252`\026&\030{\362\363""; nodeIDs: ""\000\000\000\000\000\000\000\000\000\000\000\000\000\000\000\000\000\000\000\000\000\000\000\000\000\000\000\000\000\000\000\000\000""; queryType: qtINDIRECT; queryDepth: 3; ","itype: liTS_CANDIDATE; ledgerHash: ""'\274\220\233\332\373\335\027\332I\377y`\224\260\350-\215\335\267[\036\265\265\252`\026&\030{\362\363""; nodeIDs: ""\000\000\000\000\000\000\000\000\000\000\000\000\000\000\000\000\000\000\000\000\000\000\000\000\000\000\000\000\000\000\000\000\000""; queryType: qtINDIRECT; queryDepth: 3; "
1750527529583,1750527529583,559,1,4,3,TMGetLedger,"itype: liTS_CANDIDATE; ledgerHash: ""'\274\220\233\332\373\335\027\332I\377y`\224\260\350-\215\335\267[\036\265\265\252`\026&\030{\362\363""; nodeIDs: ""\000\000\000\000\000\000\000\000\000\000\000\000\000\000\000\000\000\000\000\000\000\000\000\000\000\000\000\000\000\000\000\000\000""; queryType: qtINDIRECT; queryDepth: 3; ","itype: liTS_CANDIDATE; ledgerHash: ""'\274\220\233\332\373\335\027\332I\377y`\224\260\350-\215\335\267[\036\265\265\252`\026&\030{\362\363""; nodeIDs: ""\000\000\000\000\000\000\000\000\000\000\000\000\000\000\000\000\000\000\000\000\000\000\000\000\000\000\000\000\000\000\000\000\000""; queryType: qtINDIRECT; queryDepth: 3; "
1750527529583,1750527529583,2309,1,4,2,TMGetLedger,"itype: liTS_CANDIDATE; ledgerHash: ""'\274\220\233\332\373\335\027\332I\377y`\224\260\350-\215\335\267[\036\265\265\252`\026&\030{\362\363""; nodeIDs: ""\000\000\000\000\000\000\000\000\000\000\000\000\000\000\000\000\000\000\000\000\000\000\000\000\000\000\000\000\000\000\000\000\000""; queryType: qtINDIRECT; queryDepth: 3; ","itype: liTS_CANDIDATE; ledgerHash: ""'\274\220\233\332\373\335\027\332I\377y`\224\260\350-\215\335\267[\036\265\265\252`\026&\030{\362\363""; nodeIDs: ""\000\000\000\000\000\000\000\000\000\000\000\000\000\000\000\000\000\000\000\000\000\000\000\000\000\000\000\000\000\000\000\000\000""; queryType: qtINDIRECT; queryDepth: 3; "
1750527529592,1750527529592,3128,1,2,4,TMValidation,"validation: """"\200\000\000\001&\000\000\000\005)/\351\252\251:g\237X\336\3531\020\010Q\331]\036\237\306o!\223\221\002\324\031\262\240R\177 ,\214\325\Q])\016\2067\277\t\354\010\000P\027'\274\220\233\332\373\335\027\332I\377y`\224\260\350-\215\335\267[\036\265\265\252`\026&\030{\362\363P\031\265\024\321\362\354\211\250.\234s\225amc\305\035\366\276\037nD\277`\210\223N\3535\033\261\304fs!\003\255\225A\213\332\224ehh\024BDq\224\250\335`\355\353{\357\266\335<\021\032\265\177\206\356&\215vG0E\002!\000\236\266det#$\361\313\350M\312\262l\r3\2730/\020$0fH\361=\362\245\271\265^\276\002 :\361\277\233(A\311\225\032;P\270\341\237\255i\370\315\026_p\250\347\274\244r\021'B\212\373\264""; ","validation: """"\200\000\000\001&\000\000\000\005)/\351\252\251:g\237X\336\3531\020\010Q\331]\036\237\306o!\223\221\002\324\031\262\240R\177 ,\214\325\Q])\016\2067\277\t\354\010\000P\027'\274\220\233\332\373\335\027\332I\377y`\224\260\350-\215\335\267[\036\265\265\252`\026&\030{\362\363P\031\265\024\321\362\354\211\250.\234s\225amc\305\035\366\276\037nD\277`\210\223N\3535\033\261\304fs!\003\255\225A\213\332\224ehh\024BDq\224\250\335`\355\353{\357\266\335<\021\032\265\177\206\356&\215vG0E\002!\000\236\266det#$\361\313\350M\312\262l\r3\2730/\020$0fH\361=\362\245\271\265^\276\002 :\361\277\233(A\311\225\032;P\270\341\237\255i\370\315\026_p\250\347\274\244r\021'B\212\373\264""; "
1750527529593,1750527529593,3446,1,2,4,TMStatusChange,"newEvent: neACCEPTED_LEDGER; ledgerSeq: 5; ledgerHash: ""\331]\036\237\306o!\223\221\002\324\031\262\240R\177 ,\214\325\Q])\016\2067\277\t\354\010\000""; ledgerHashPrevious: ""\265\024\321\362\354\211\250.\234s\225amc\305\035\366\276\037nD\277`\210\223N\3535\033\261\304f""; networkTime: 803842729; firstSeq: 1; lastSeq: 4; ","newEvent: neACCEPTED_LEDGER; ledgerSeq: 5; ledgerHash: ""\331]\036\237\306o!\223\221\002\324\031\262\240R\177 ,\214\325\Q])\016\2067\277\t\354\010\000""; ledgerHashPrevious: ""\265\024\321\362\354\211\250.\234s\225amc\305\035\366\276\037nD\277`\210\223N\3535\033\261\304f""; networkTime: 803842729; firstSeq: 1; lastSeq: 4; "
1750527529593,1750527529593,593,1,2,3,TMStatusChange,"newEvent: neACCEPTED_LEDGER; ledgerSeq: 5; ledgerHash: ""\331]\036\237\306o!\223\221\002\324\031\262\240R\177 ,\214\325\Q])\016\2067\277\t\354\010\000""; ledgerHashPrevious: ""\265\024\321\362\354\211\250.\234s\225amc\305\035\366\276\037nD\277`\210\223N\3535\033\261\304f""; networkTime: 803842729; firstSeq: 1; lastSeq: 4; ","newEvent: neACCEPTED_LEDGER; ledgerSeq: 5; ledgerHash: ""\331]\036\237\306o!\223\221\002\324\031\262\240R\177 ,\214\325\Q])\016\2067\277\t\354\010\000""; ledgerHashPrevious: ""\265\024\321\362\354\211\250.\234s\225amc\305\035\366\276\037nD\277`\210\223N\3535\033\261\304f""; networkTime: 803842729; firstSeq: 1; lastSeq: 4; "
1750527529594,1750527529594,723,1,2,3,TMValidation,"validation: """"\200\000\000\001&\000\000\000\005)/\351\252\251:g\237X\336\3531\020\010Q\331]\036\237\306o!\223\221\002\324\031\262\240R\177 ,\214\325\Q])\016\2067\277\t\354\010\000P\027'\274\220\233\332\373\335\027\332I\377y`\224\260\350-\215\335\267[\036\265\265\252`\026&\030{\362\363P\031\265\024\321\362\354\211\250.\234s\225amc\305\035\366\276\037nD\277`\210\223N\3535\033\261\304fs!\003\255\225A\213\332\224ehh\024BDq\224\250\335`\355\353{\357\266\335<\021\032\265\177\206\356&\215vG0E\002!\000\236\266det#$\361\313\350M\312\262l\r3\2730/\020$0fH\361=\362\245\271\265^\276\002 :\361\277\233(A\311\225\032;P\270\341\237\255i\370\315\026_p\250\347\274\244r\021'B\212\373\264""; ","validation: """"\200\000\000\001&\000\000\000\005)/\351\252\251:g\237X\336\3531\020\010Q\331]\036\237\306o!\223\221\002\324\031\262\240R\177 ,\214\325\Q])\016\2067\277\t\354\010\000P\027'\274\220\233\332\373\335\027\332I\377y`\224\260\350-\215\335\267[\036\265\265\252`\026&\030{\362\363P\031\265\024\321\362\354\211\250.\234s\225amc\305\035\366\276\037nD\277`\210\223N\3535\033\261\304fs!\003\255\225A\213\332\224ehh\024BDq\224\250\335`\355\353{\357\266\335<\021\032\265\177\206\356&\215vG0E\002!\000\236\266det#$\361\313\350M\312\262l\r3\2730/\020$0fH\361=\362\245\271\265^\276\002 :\361\277\233(A\311\225\032;P\270\341\237\255i\370\315\026_p\250\347\274\244r\021'B\212\373\264""; "
1750527529594,1750527529594,679,1,2,0,TMStatusChange,"newEvent: neACCEPTED_LEDGER; ledgerSeq: 5; ledgerHash: ""\331]\036\237\306o!\223\221\002\324\031\262\240R\177 ,\214\325\Q])\016\2067\277\t\354\010\000""; ledgerHashPrevious: ""\265\024\321\362\354\211\250.\234s\225amc\305\035\366\276\037nD\277`\210\223N\3535\033\261\304f""; networkTime: 803842729; firstSeq: 1; lastSeq: 4; ","newEvent: neACCEPTED_LEDGER; ledgerSeq: 5; ledgerHash: ""\331]\036\237\306o!\223\221\002\324\031\262\240R\177 ,\214\325\Q])\016\2067\277\t\354\010\000""; ledgerHashPrevious: ""\265\024\321\362\354\211\250.\234s\225amc\305\035\366\276\037nD\277`\210\223N\3535\033\261\304f""; networkTime: 803842729; firstSeq: 1; lastSeq: 4; "
1750527529595,1750527529595,446,1,2,0,TMValidation,"validation: """"\200\000\000\001&\000\000\000\005)/\351\252\251:g\237X\336\3531\020\010Q\331]\036\237\306o!\223\221\002\324\031\262\240R\177 ,\214\325\Q])\016\2067\277\t\354\010\000P\027'\274\220\233\332\373\335\027\332I\377y`\224\260\350-\215\335\267[\036\265\265\252`\026&\030{\362\363P\031\265\024\321\362\354\211\250.\234s\225amc\305\035\366\276\037nD\277`\210\223N\3535\033\261\304fs!\003\255\225A\213\332\224ehh\024BDq\224\250\335`\355\353{\357\266\335<\021\032\265\177\206\356&\215vG0E\002!\000\236\266det#$\361\313\350M\312\262l\r3\2730/\020$0fH\361=\362\245\271\265^\276\002 :\361\277\233(A\311\225\032;P\270\341\237\255i\370\315\026_p\250\347\274\244r\021'B\212\373\264""; ","validation: """"\200\000\000\001&\000\000\000\005)/\351\252\251:g\237X\336\3531\020\010Q\331]\036\237\306o!\223\221\002\324\031\262\240R\177 ,\214\325\Q])\016\2067\277\t\354\010\000P\027'\274\220\233\332\373\335\027\332I\377y`\224\260\350-\215\335\267[\036\265\265\252`\026&\030{\362\363P\031\265\024\321\362\354\211\250.\234s\225amc\305\035\366\276\037nD\277`\210\223N\3535\033\261\304fs!\003\255\225A\213\332\224ehh\024BDq\224\250\335`\355\353{\357\266\335<\021\032\265\177\206\356&\215vG0E\002!\000\236\266det#$\361\313\350M\312\262l\r3\2730/\020$0fH\361=\362\245\271\265^\276\002 :\361\277\233(A\311\225\032;P\270\341\237\255i\370\315\026_p\250\347\274\244r\021'B\212\373\264""; "
1750527529596,1750527529596,1536,1,2,1,TMStatusChange,"newEvent: neACCEPTED_LEDGER; ledgerSeq: 5; ledgerHash: ""\331]\036\237\306o!\223\221\002\324\031\262\240R\177 ,\214\325\Q])\016\2067\277\t\354\010\000""; ledgerHashPrevious: ""\265\024\321\362\354\211\250.\234s\225amc\305\035\366\276\037nD\277`\210\223N\3535\033\261\304f""; networkTime: 803842729; firstSeq: 1; lastSeq: 4; ","newEvent: neACCEPTED_LEDGER; ledgerSeq: 5; ledgerHash: ""\331]\036\237\306o!\223\221\002\324\031\262\240R\177 ,\214\325\Q])\016\2067\277\t\354\010\000""; ledgerHashPrevious: ""\265\024\321\362\354\211\250.\234s\225amc\305\035\366\276\037nD\277`\210\223N\3535\033\261\304f""; networkTime: 803842729; firstSeq: 1; lastSeq: 4; "
1750527529596,1750527529596,340,1,2,1,TMValidation,"validation: """"\200\000\000\001&\000\000\000\005)/\351\252\251:g\237X\336\3531\020\010Q\331]\036\237\306o!\223\221\002\324\031\262\240R\177 ,\214\325\Q])\016\2067\277\t\354\010\000P\027'\274\220\233\332\373\335\027\332I\377y`\224\260\350-\215\335\267[\036\265\265\252`\026&\030{\362\363P\031\265\024\321\362\354\211\250.\234s\225amc\305\035\366\276\037nD\277`\210\223N\3535\033\261\304fs!\003\255\225A\213\332\224ehh\024BDq\224\250\335`\355\353{\357\266\335<\021\032\265\177\206\356&\215vG0E\002!\000\236\266det#$\361\313\350M\312\262l\r3\2730/\020$0fH\361=\362\245\271\265^\276\002 :\361\277\233(A\311\225\032;P\270\341\237\255i\370\315\026_p\250\347\274\244r\021'B\212\373\264""; ","validation: """"\200\000\000\001&\000\000\000\005)/\351\252\251:g\237X\336\3531\020\010Q\331]\036\237\306o!\223\221\002\324\031\262\240R\177 ,\214\325\Q])\016\2067\277\t\354\010\000P\027'\274\220\233\332\373\335\027\332I\377y`\224\260\350-\215\335\267[\036\265\265\252`\026&\030{\362\363P\031\265\024\321\362\354\211\250.\234s\225amc\305\035\366\276\037nD\277`\210\223N\3535\033\261\304fs!\003\255\225A\213\332\224ehh\024BDq\224\250\335`\355\353{\357\266\335<\021\032\265\177\206\356&\215vG0E\002!\000\236\266det#$\361\313\350M\312\262l\r3\2730/\020$0fH\361=\362\245\271\265^\276\002 :\361\277\233(A\311\225\032;P\270\341\237\255i\370\315\026_p\250\347\274\244r\021'B\212\373\264""; "
1750527529610,1750527529610,3268,1,0,2,TMProposeSet,"proposeSeq: 0; currentTxHash: ""'\274\220\233\332\373\335\027\332I\377y`\224\260\350-\215\335\267[\036\265\265\252`\026&\030{\362\363""; nodePubKey: ""\002\364d\217\366\217|\316F\232\231\241\n\261\333`\312O\367\235\025DD\336e\367\n\312\326\221\037\025\230""; closeTime: 803842727; signature: ""0E\002!\000\3428\026\007 \244\3108\264\363J^\3551>\320\310E-.\340\344\301""\243\211""\276\267\222J\307\002 9\214\t\246\203{\235\364V\222\246&\251\272\257U\370\217()\276\256\247\334\240I\343\310\0144\3437""; previousledger: ""\265\024\321\362\354\211\250.\234s\225amc\305\035\366\276\037nD\277`\210\223N\3535\033\261\304f""; ","proposeSeq: 0; currentTxHash: ""'\274\220\233\332\373\335\027\332I\377y`\224\260\350-\215\335\267[\036\265\265\252`\026&\030{\362\363""; nodePubKey: ""\002\364d\217\366\217|\316F\232\231\241\n\261\333`\312O\367\235\025DD\336e\367\n\312\326\221\037\025\230""; closeTime: 803842727; signature: ""0E\002!\000\3428\026\007 \244\3108\264\363J^\3551>\320\310E-.\340\344\301""\243\211""\276\267\222J\307\002 9\214\t\246\203{\235\364V\222\246&\251\272\257U\370\217()\276\256\247\334\240I\343\310\0144\3437""; previousledger: ""\265\024\321\362\354\211\250.\234s\225amc\305\035\366\276\037nD\277`\210\223N\3535\033\261\304f""; "
1750527529610,1750527529610,3504,1,0,4,TMProposeSet,"proposeSeq: 0; currentTxHash: ""'\274\220\233\332\373\335\027\332I\377y`\224\260\350-\215\335\267[\036\265\265\252`\026&\030{\362\363""; nodePubKey: ""\002\364d\217\366\217|\316F\232\231\241\n\261\333`\312O\367\235\025DD\336e\367\n\312\326\221\037\025\230""; closeTime: 803842727; signature: ""0E\002!\000\3428\026\007 \244\3108\264\363J^\3551>\320\310E-.\340\344\301""\243\211""\276\267\222J\307\002 9\214\t\246\203{\235\364V\222\246&\251\272\257U\370\217()\276\256\247\334\240I\343\310\0144\3437""; previousledger: ""\265\024\321\362\354\211\250.\234s\225amc\305\035\366\276\037nD\277`\210\223N\3535\033\261\304f""; ","proposeSeq: 0; currentTxHash: ""'\274\220\233\332\373\335\027\332I\377y`\224\260\350-\215\335\267[\036\265\265\252`\026&\030{\362\363""; nodePubKey: ""\002\364d\217\366\217|\316F\232\231\241\n\261\333`\312O\367\235\025DD\336e\367\n\312\326\221\037\025\230""; closeTime: 803842727; signature: ""0E\002!\000\3428\026\007 \244\3108\264\363J^\3551>\320\310E-.\340\344\301""\243\211""\276\267\222J\307\002 9\214\t\246\203{\235\364V\222\246&\251\272\257U\370\217()\276\256\247\334\240I\343\310\0144\3437""; previousledger: ""\265\024\321\362\354\211\250.\234s\225amc\305\035\366\276\037nD\277`\210\223N\3535\033\261\304f""; "
1750527529610,1750527529610,3849,1,0,1,TMProposeSet,"proposeSeq: 0; currentTxHash: ""'\274\220\233\332\373\335\027\332I\377y`\224\260\350-\215\335\267[\036\265\265\252`\026&\030{\362\363""; nodePubKey: ""\002\364d\217\366\217|\316F\232\231\241\n\261\333`\312O\367\235\025DD\336e\367\n\312\326\221\037\025\230""; closeTime: 803842727; signature: ""0E\002!\000\3428\026\007 \244\3108\264\363J^\3551>\320\310E-.\340\344\301""\243\211""\276\267\222J\307\002 9\214\t\246\203{\235\364V\222\246&\251\272\257U\370\217()\276\256\247\334\240I\343\310\0144\3437""; previousledger: ""\265\024\321\362\354\211\250.\234s\225amc\305\035\366\276\037nD\277`\210\223N\3535\033\261\304f""; ","proposeSeq: 0; currentTxHash: ""'\274\220\233\332\373\335\027\332I\377y`\224\260\350-\215\335\267[\036\265\265\252`\026&\030{\362\363""; nodePubKey: ""\002\364d\217\366\217|\316F\232\231\241\n\261\333`\312O\367\235\025DD\336e\367\n\312\326\221\037\025\230""; closeTime: 803842727; signature: ""0E\002!\000\3428\026\007 \244\3108\264\363J^\3551>\320\310E-.\340\344\301""\243\211""\276\267\222J\307\002 9\214\t\246\203{\235\364V\222\246&\251\272\257U\370\217()\276\256\247\334\240I\343\310\0144\3437""; previousledger: ""\265\024\321\362\354\211\250.\234s\225amc\305\035\366\276\037nD\277`\210\223N\3535\033\261\304f""; "
1750527529628,1750527529628,1199,1,0,2,TMGetLedger,"itype: liTS_CANDIDATE; ledgerHash: ""[\000\302\314\326\214\276@c\240\272\222{\363\314\032\213\311\316\246/\330\302\014>\022\346\234\347\264\270\350""; nodeIDs: ""\000\000\000\000\000\000\000\000\000\000\000\000\000\000\000\000\000\000\000\000\000\000\000\000\000\000\000\000\000\000\000\000\000""; queryType: qtINDIRECT; queryDepth: 3; ","itype: liTS_CANDIDATE; ledgerHash: ""[\000\302\314\326\214\276@c\240\272\222{\363\314\032\213\311\316\246/\330\302\014>\022\346\234\347\264\270\350""; nodeIDs: ""\000\000\000\000\000\000\000\000\000\000\000\000\000\000\000\000\000\000\000\000\000\000\000\000\000\000\000\000\000\000\000\000\000""; queryType: qtINDIRECT; queryDepth: 3; "
1750527529642,1750527529642,1150,1,3,4,TMLedgerData,"ledgerHash: ""'\274\220\233\332\373\335\027\332I\377y`\224\260\350-\215\335\267[\036\265\265\252`\026&\030{\362\363""; ledgerSeq: 0; type: liTS_CANDIDATE; nodes {;   nodedata: ""\002i\361\030\371\256\265\036\320\273\013\357<\215/(\215[\231D\357Gd\372\270\316\261\301\342\327\225\241\000GZ\227\022t\201\240u\2324P\027\307M\337'Y\361[IAD\351\374!\232\005\337\376\252\251g\004\240\231\202k\030<\225\205;%\337\001\376d\216V\310\306k>\373\322\372\353b\3659\350\345\324F\026\n\003"";   nodeid: ""\000\000\000\000\000\000\000\000\000\000\000\000\000\000\000\000\000\000\000\000\000\000\000\000\000\000\000\000\000\000\000\000\000""; }; ","ledgerHash: ""'\274\220\233\332\373\335\027\332I\377y`\224\260\350-\215\335\267[\036\265\265\252`\026&\030{\362\363""; ledgerSeq: 0; type: liTS_CANDIDATE; nodes {;   nodedata: ""\002i\361\030\371\256\265\036\320\273\013\357<\215/(\215[\231D\357Gd\372\270\316\261\301\342\327\225\241\000GZ\227\022t\201\240u\2324P\027\307M\337'Y\361[IAD\351\374!\232\005\337\376\252\251g\004\240\231\202k\030<\225\205;%\337\001\376d\216V\310\306k>\373\322\372\353b\3659\350\345\324F\026\n\003"";   nodeid: ""\000\000\000\000\000\000\000\000\000\000\000\000\000\000\000\000\000\000\000\000\000\000\000\000\000\000\000\000\000\000\000\000\000""; }; "
1750527529652,1750527529653,798,1,1,2,TMStatusChange,"newEvent: neACCEPTED_LEDGER; ledgerSeq: 5; ledgerHash: ""\331]\036\237\306o!\223\221\002\324\031\262\240R\177 ,\214\325\Q])\016\2067\277\t\354\010\000""; ledgerHashPrevious: ""\265\024\321\362\354\211\250.\234s\225amc\305\035\366\276\037nD\277`\210\223N\3535\033\261\304f""; networkTime: 803842729; firstSeq: 1; lastSeq: 4; ","newEvent: neACCEPTED_LEDGER; ledgerSeq: 5; ledgerHash: ""\331]\036\237\306o!\223\221\002\324\031\262\240R\177 ,\214\325\Q])\016\2067\277\t\354\010\000""; ledgerHashPrevious: ""\265\024\321\362\354\211\250.\234s\225amc\305\035\366\276\037nD\277`\210\223N\3535\033\261\304f""; networkTime: 803842729; firstSeq: 1; lastSeq: 4; "
1750527529653,1750527529653,1311,1,1,3,TMValidation,"validation: """"\200\000\000\001&\000\000\000\005)/\351\252\251:\303`\246;Q\203[_Q\331]\036\237\306o!\223\221\002\324\031\262\240R\177 ,\214\325\Q])\016\2067\277\t\354\010\000P\027'\274\220\233\332\373\335\027\332I\377y`\224\260\350-\215\335\267[\036\265\265\252`\026&\030{\362\363P\031\265\024\321\362\354\211\250.\234s\225amc\305\035\366\276\037nD\277`\210\223N\3535\033\261\304fs!\002\266\377\271\344:\030\221i\267\257\215\237M\014\3345f\014\273|\207\367\334\337F\325\004cxB\211LvG0E\002!\000\376\247L \003\263\345< 8\327\326\337\263Ps\243.\361\2659a\334;\031P\326\033\355\373\324\235\002 zU\\354\320\346\320\016\237\216i#\250SK \317\357\332Z\340w\374\254=\352\376\346\032YqR""; ","validation: """"\200\000\000\001&\000\000\000\005)/\351\252\251:\303`\246;Q\203[_Q\331]\036\237\306o!\223\221\002\324\031\262\240R\177 ,\214\325\Q])\016\2067\277\t\354\010\000P\027'\274\220\233\332\373\335\027\332I\377y`\224\260\350-\215\335\267[\036\265\265\252`\026&\030{\362\363P\031\265\024\321\362\354\211\250.\234s\225amc\305\035\366\276\037nD\277`\210\223N\3535\033\261\304fs!\002\266\377\271\344:\030\221i\267\257\215\237M\014\3345f\014\273|\207\367\334\337F\325\004cxB\211LvG0E\002!\000\376\247L \003\263\345< 8\327\326\337\263Ps\243.\361\2659a\334;\031P\326\033\355\373\324\235\002 zU\\354\320\346\320\016\237\216i#\250SK \317\357\332Z\340w\374\254=\352\376\346\032YqR""; "
1750527529653,1750527529653,3746,1,1,4,TMValidation,"validation: """"\200\000\000\001&\000\000\000\005)/\351\252\251:\303`\246;Q\203[_Q\331]\036\237\306o!\223\221\002\324\031\262\240R\177 ,\214\325\Q])\016\2067\277\t\354\010\000P\027'\274\220\233\332\373\335\027\332I\377y`\224\260\350-\215\335\267[\036\265\265\252`\026&\030{\362\363P\031\265\024\321\362\354\211\250.\234s\225amc\305\035\366\276\037nD\277`\210\223N\3535\033\261\304fs!\002\266\377\271\344:\030\221i\267\257\215\237M\014\3345f\014\273|\207\367\334\337F\325\004cxB\211LvG0E\002!\000\376\247L \003\263\345< 8\327\326\337\263Ps\243.\361\2659a\334;\031P\326\033\355\373\324\235\002 zU\\354\320\346\320\016\237\216i#\250SK \317\357\332Z\340w\374\254=\352\376\346\032YqR""; ","validation: """"\200\000\000\001&\000\000\000\005)/\351\252\251:\303`\246;Q\203[_Q\331]\036\237\306o!\223\221\002\324\031\262\240R\177 ,\214\325\Q])\016\2067\277\t\354\010\000P\027'\274\220\233\332\373\335\027\332I\377y`\224\260\350-\215\335\267[\036\265\265\252`\026&\030{\362\363P\031\265\024\321\362\354\211\250.\234s\225amc\305\035\366\276\037nD\277`\210\223N\3535\033\261\304fs!\002\266\377\271\344:\030\221i\267\257\215\237M\014\3345f\014\273|\207\367\334\337F\325\004cxB\211LvG0E\002!\000\376\247L \003\263\345< 8\327\326\337\263Ps\243.\361\2659a\334;\031P\326\033\355\373\324\235\002 zU\\354\320\346\320\016\237\216i#\250SK \317\357\332Z\340w\374\254=\352\376\346\032YqR""; "
1750527529653,1750527529654,3322,1,1,3,TMStatusChange,"newEvent: neACCEPTED_LEDGER; ledgerSeq: 5; ledgerHash: ""\331]\036\237\306o!\223\221\002\324\031\262\240R\177 ,\214\325\Q])\016\2067\277\t\354\010\000""; ledgerHashPrevious: ""\265\024\321\362\354\211\250.\234s\225amc\305\035\366\276\037nD\277`\210\223N\3535\033\261\304f""; networkTime: 803842729; firstSeq: 1; lastSeq: 4; ","newEvent: neACCEPTED_LEDGER; ledgerSeq: 5; ledgerHash: ""\331]\036\237\306o!\223\221\002\324\031\262\240R\177 ,\214\325\Q])\016\2067\277\t\354\010\000""; ledgerHashPrevious: ""\265\024\321\362\354\211\250.\234s\225amc\305\035\366\276\037nD\277`\210\223N\3535\033\261\304f""; networkTime: 803842729; firstSeq: 1; lastSeq: 4; "
1750527529654,1750527529654,2229,1,1,0,TMValidation,"validation: """"\200\000\000\001&\000\000\000\005)/\351\252\251:\303`\246;Q\203[_Q\331]\036\237\306o!\223\221\002\324\031\262\240R\177 ,\214\325\Q])\016\2067\277\t\354\010\000P\027'\274\220\233\332\373\335\027\332I\377y`\224\260\350-\215\335\267[\036\265\265\252`\026&\030{\362\363P\031\265\024\321\362\354\211\250.\234s\225amc\305\035\366\276\037nD\277`\210\223N\3535\033\261\304fs!\002\266\377\271\344:\030\221i\267\257\215\237M\014\3345f\014\273|\207\367\334\337F\325\004cxB\211LvG0E\002!\000\376\247L \003\263\345< 8\327\326\337\263Ps\243.\361\2659a\334;\031P\326\033\355\373\324\235\002 zU\\354\320\346\320\016\237\216i#\250SK \317\357\332Z\340w\374\254=\352\376\346\032YqR""; ","validation: """"\200\000\000\001&\000\000\000\005)/\351\252\251:\303`\246;Q\203[_Q\331]\036\237\306o!\223\221\002\324\031\262\240R\177 ,\214\325\Q])\016\2067\277\t\354\010\000P\027'\274\220\233\332\373\335\027\332I\377y`\224\260\350-\215\335\267[\036\265\265\252`\026&\030{\362\363P\031\265\024\321\362\354\211\250.\234s\225amc\305\035\366\276\037nD\277`\210\223N\3535\033\261\304fs!\002\266\377\271\344:\030\221i\267\257\215\237M\014\3345f\014\273|\207\367\334\337F\325\004cxB\211LvG0E\002!\000\376\247L \003\263\345< 8\327\326\337\263Ps\243.\361\2659a\334;\031P\326\033\355\373\324\235\002 zU\\354\320\346\320\016\237\216i#\250SK \317\357\332Z\340w\374\254=\352\376\346\032YqR""; "
1750527529654,1750527529654,1961,1,1,4,TMStatusChange,"newEvent: neACCEPTED_LEDGER; ledgerSeq: 5; ledgerHash: ""\331]\036\237\306o!\223\221\002\324\031\262\240R\177 ,\214\325\Q])\016\2067\277\t\354\010\000""; ledgerHashPrevious: ""\265\024\321\362\354\211\250.\234s\225amc\305\035\366\276\037nD\277`\210\223N\3535\033\261\304f""; networkTime: 803842729; firstSeq: 1; lastSeq: 4; ","newEvent: neACCEPTED_LEDGER; ledgerSeq: 5; ledgerHash: ""\331]\036\237\306o!\223\221\002\324\031\262\240R\177 ,\214\325\Q])\016\2067\277\t\354\010\000""; ledgerHashPrevious: ""\265\024\321\362\354\211\250.\234s\225amc\305\035\366\276\037nD\277`\210\223N\3535\033\261\304f""; networkTime: 803842729; firstSeq: 1; lastSeq: 4; "
1750527529655,1750527529655,949,1,1,2,TMValidation,"validation: """"\200\000\000\001&\000\000\000\005)/\351\252\251:\303`\246;Q\203[_Q\331]\036\237\306o!\223\221\002\324\031\262\240R\177 ,\214\325\Q])\016\2067\277\t\354\010\000P\027'\274\220\233\332\373\335\027\332I\377y`\224\260\350-\215\335\267[\036\265\265\252`\026&\030{\362\363P\031\265\024\321\362\354\211\250.\234s\225amc\305\035\366\276\037nD\277`\210\223N\3535\033\261\304fs!\002\266\377\271\344:\030\221i\267\257\215\237M\014\3345f\014\273|\207\367\334\337F\325\004cxB\211LvG0E\002!\000\376\247L \003\263\345< 8\327\326\337\263Ps\243.\361\2659a\334;\031P\326\033\355\373\324\235\002 zU\\354\320\346\320\016\237\216i#\250SK \317\357\332Z\340w\374\254=\352\376\346\032YqR""; ","validation: """"\200\000\000\001&\000\000\000\005)/\351\252\251:\303`\246;Q\203[_Q\331]\036\237\306o!\223\221\002\324\031\262\240R\177 ,\214\325\Q])\016\2067\277\t\354\010\000P\027'\274\220\233\332\373\335\027\332I\377y`\224\260\350-\215\335\267[\036\265\265\252`\026&\030{\362\363P\031\265\024\321\362\354\211\250.\234s\225amc\305\035\366\276\037nD\277`\210\223N\3535\033\261\304fs!\002\266\377\271\344:\030\221i\267\257\215\237M\014\3345f\014\273|\207\367\334\337F\325\004cxB\211LvG0E\002!\000\376\247L \003\263\345< 8\327\326\337\263Ps\243.\361\2659a\334;\031P\326\033\355\373\324\235\002 zU\\354\320\346\320\016\237\216i#\250SK \317\357\332Z\340w\374\254=\352\376\346\032YqR""; "
1750527529655,1750527529655,3625,1,1,0,TMStatusChange,"newEvent: neACCEPTED_LEDGER; ledgerSeq: 5; ledgerHash: ""\331]\036\237\306o!\223\221\002\324\031\262\240R\177 ,\214\325\Q])\016\2067\277\t\354\010\000""; ledgerHashPrevious: ""\265\024\321\362\354\211\250.\234s\225amc\305\035\366\276\037nD\277`\210\223N\3535\033\261\304f""; networkTime: 803842729; firstSeq: 1; lastSeq: 4; ","newEvent: neACCEPTED_LEDGER; ledgerSeq: 5; ledgerHash: ""\331]\036\237\306o!\223\221\002\324\031\262\240R\177 ,\214\325\Q])\016\2067\277\t\354\010\000""; ledgerHashPrevious: ""\265\024\321\362\354\211\250.\234s\225amc\305\035\366\276\037nD\277`\210\223N\3535\033\261\304f""; networkTime: 803842729; firstSeq: 1; lastSeq: 4; "
1750527529656,1750527529656,1932,1,4,0,TMGetLedger,"itype: liTS_CANDIDATE; ledgerHash: ""\310\200l\322\255\214\342'\243\202\375k%_\335\032N\021G\005\230\271\366~%e\366\202l^\rR""; nodeIDs: ""\000\000\000\000\000\000\000\000\000\000\000\000\000\000\000\000\000\000\000\000\000\000\000\000\000\000\000\000\000\000\000\000\000""; requestCookie: 4; queryType: qtINDIRECT; queryDepth: 3; ","itype: liTS_CANDIDATE; ledgerHash: ""\310\200l\322\255\214\342'\243\202\375k%_\335\032N\021G\005\230\271\366~%e\366\202l^\rR""; nodeIDs: ""\000\000\000\000\000\000\000\000\000\000\000\000\000\000\000\000\000\000\000\000\000\000\000\000\000\000\000\000\000\000\000\000\000""; requestCookie: 4; queryType: qtINDIRECT; queryDepth: 3; "
1750527529659,1750527529659,1932,1,4,0,TMGetLedger,"itype: liTS_CANDIDATE; ledgerHash: ""\310\200l\322\255\214\342'\243\202\375k%_\335\032N\021G\005\230\271\366~%e\366\202l^\rR""; nodeIDs: ""\000\000\000\000\000\000\000\000\000\000\000\000\000\000\000\000\000\000\000\000\000\000\000\000\000\000\000\000\000\000\000\000\000""; queryType: qtINDIRECT; queryDepth: 3; ","itype: liTS_CANDIDATE; ledgerHash: ""\310\200l\322\255\214\342'\243\202\375k%_\335\032N\021G\005\230\271\366~%e\366\202l^\rR""; nodeIDs: ""\000\000\000\000\000\000\000\000\000\000\000\000\000\000\000\000\000\000\000\000\000\000\000\000\000\000\000\000\000\000\000\000\000""; queryType: qtINDIRECT; queryDepth: 3; "
1750527529659,1750527529659,2101,1,4,1,TMGetLedger,"itype: liTS_CANDIDATE; ledgerHash: ""\310\200l\322\255\214\342'\243\202\375k%_\335\032N\021G\005\230\271\366~%e\366\202l^\rR""; nodeIDs: ""\000\000\000\000\000\000\000\000\000\000\000\000\000\000\000\000\000\000\000\000\000\000\000\000\000\000\000\000\000\000\000\000\000""; queryType: qtINDIRECT; queryDepth: 3; ","itype: liTS_CANDIDATE; ledgerHash: ""\310\200l\322\255\214\342'\243\202\375k%_\335\032N\021G\005\230\271\366~%e\366\202l^\rR""; nodeIDs: ""\000\000\000\000\000\000\000\000\000\000\000\000\000\000\000\000\000\000\000\000\000\000\000\000\000\000\000\000\000\000\000\000\000""; queryType: qtINDIRECT; queryDepth: 3; "
1750527529660,1750527529660,559,1,4,3,TMGetLedger,"itype: liTS_CANDIDATE; ledgerHash: ""\310\200l\322\255\214\342'\243\202\375k%_\335\032N\021G\005\230\271\366~%e\366\202l^\rR""; nodeIDs: ""\000\000\000\000\000\000\000\000\000\000\000\000\000\000\000\000\000\000\000\000\000\000\000\000\000\000\000\000\000\000\000\000\000""; queryType: qtINDIRECT; queryDepth: 3; ","itype: liTS_CANDIDATE; ledgerHash: ""\310\200l\322\255\214\342'\243\202\375k%_\335\032N\021G\005\230\271\366~%e\366\202l^\rR""; nodeIDs: ""\000\000\000\000\000\000\000\000\000\000\000\000\000\000\000\000\000\000\000\000\000\000\000\000\000\000\000\000\000\000\000\000\000""; queryType: qtINDIRECT; queryDepth: 3; "
1750527529660,1750527529660,2309,1,4,2,TMGetLedger,"itype: liTS_CANDIDATE; ledgerHash: ""\310\200l\322\255\214\342'\243\202\375k%_\335\032N\021G\005\230\271\366~%e\366\202l^\rR""; nodeIDs: ""\000\000\000\000\000\000\000\000\000\000\000\000\000\000\000\000\000\000\000\000\000\000\000\000\000\000\000\000\000\000\000\000\000""; queryType: qtINDIRECT; queryDepth: 3; ","itype: liTS_CANDIDATE; ledgerHash: ""\310\200l\322\255\214\342'\243\202\375k%_\335\032N\021G\005\230\271\366~%e\366\202l^\rR""; nodeIDs: ""\000\000\000\000\000\000\000\000\000\000\000\000\000\000\000\000\000\000\000\000\000\000\000\000\000\000\000\000\000\000\000\000\000""; queryType: qtINDIRECT; queryDepth: 3; "
1750527529677,1750527529677,2079,1,3,1,TMGetLedger,"itype: liTS_CANDIDATE; ledgerHash: ""[\000\302\314\326\214\276@c\240\272\222{\363\314\032\213\311\316\246/\330\302\014>\022\346\234\347\264\270\350""; nodeIDs: ""\000\000\000\000\000\000\000\000\000\000\000\000\000\000\000\000\000\000\000\000\000\000\000\000\000\000\000\000\000\000\000\000\000""; queryType: qtINDIRECT; queryDepth: 3; ","itype: liTS_CANDIDATE; ledgerHash: ""[\000\302\314\326\214\276@c\240\272\222{\363\314\032\213\311\316\246/\330\302\014>\022\346\234\347\264\270\350""; nodeIDs: ""\000\000\000\000\000\000\000\000\000\000\000\000\000\000\000\000\000\000\000\000\000\000\000\000\000\000\000\000\000\000\000\000\000""; queryType: qtINDIRECT; queryDepth: 3; "
1750527529678,1750527529678,2794,1,3,2,TMGetLedger,"itype: liTS_CANDIDATE; ledgerHash: ""[\000\302\314\326\214\276@c\240\272\222{\363\314\032\213\311\316\246/\330\302\014>\022\346\234\347\264\270\350""; nodeIDs: ""\000\000\000\000\000\000\000\000\000\000\000\000\000\000\000\000\000\000\000\000\000\000\000\000\000\000\000\000\000\000\000\000\000""; queryType: qtINDIRECT; queryDepth: 3; ","itype: liTS_CANDIDATE; ledgerHash: ""[\000\302\314\326\214\276@c\240\272\222{\363\314\032\213\311\316\246/\330\302\014>\022\346\234\347\264\270\350""; nodeIDs: ""\000\000\000\000\000\000\000\000\000\000\000\000\000\000\000\000\000\000\000\000\000\000\000\000\000\000\000\000\000\000\000\000\000""; queryType: qtINDIRECT; queryDepth: 3; "
1750527529678,1750527529678,1019,1,3,4,TMGetLedger,"itype: liTS_CANDIDATE; ledgerHash: ""[\000\302\314\326\214\276@c\240\272\222{\363\314\032\213\311\316\246/\330\302\014>\022\346\234\347\264\270\350""; nodeIDs: ""\000\000\000\000\000\000\000\000\000\000\000\000\000\000\000\000\000\000\000\000\000\000\000\000\000\000\000\000\000\000\000\000\000""; queryType: qtINDIRECT; queryDepth: 3; ","itype: liTS_CANDIDATE; ledgerHash: ""[\000\302\314\326\214\276@c\240\272\222{\363\314\032\213\311\316\246/\330\302\014>\022\346\234\347\264\270\350""; nodeIDs: ""\000\000\000\000\000\000\000\000\000\000\000\000\000\000\000\000\000\000\000\000\000\000\000\000\000\000\000\000\000\000\000\000\000""; queryType: qtINDIRECT; queryDepth: 3; "
1750527529678,1750527529678,1131,1,3,0,TMGetLedger,"itype: liTS_CANDIDATE; ledgerHash: ""[\000\302\314\326\214\276@c\240\272\222{\363\314\032\213\311\316\246/\330\302\014>\022\346\234\347\264\270\350""; nodeIDs: ""\000\000\000\000\000\000\000\000\000\000\000\000\000\000\000\000\000\000\000\000\000\000\000\000\000\000\000\000\000\000\000\000\000""; queryType: qtINDIRECT; queryDepth: 3; ","itype: liTS_CANDIDATE; ledgerHash: ""[\000\302\314\326\214\276@c\240\272\222{\363\314\032\213\311\316\246/\330\302\014>\022\346\234\347\264\270\350""; nodeIDs: ""\000\000\000\000\000\000\000\000\000\000\000\000\000\000\000\000\000\000\000\000\000\000\000\000\000\000\000\000\000\000\000\000\000""; queryType: qtINDIRECT; queryDepth: 3; "
1750527529679,1750527529679,589,1,2,0,TMGetLedger,"itype: liTS_CANDIDATE; ledgerHash: ""\310\200l\322\255\214\342'\243\202\375k%_\335\032N\021G\005\230\271\366~%e\366\202l^\rR""; nodeIDs: ""\000\000\000\000\000\000\000\000\000\000\000\000\000\000\000\000\000\000\000\000\000\000\000\000\000\000\000\000\000\000\000\000\000""; requestCookie: 4; queryType: qtINDIRECT; queryDepth: 3; ","itype: liTS_CANDIDATE; ledgerHash: ""\310\200l\322\255\214\342'\243\202\375k%_\335\032N\021G\005\230\271\366~%e\366\202l^\rR""; nodeIDs: ""\000\000\000\000\000\000\000\000\000\000\000\000\000\000\000\000\000\000\000\000\000\000\000\000\000\000\000\000\000\000\000\000\000""; requestCookie: 4; queryType: qtINDIRECT; queryDepth: 3; "
1750527529699,1750527529699,2764,1,4,3,TMLedgerData,"ledgerHash: ""[\000\302\314\326\214\276@c\240\272\222{\363\314\032\213\311\316\246/\330\302\014>\022\346\234\347\264\270\350""; ledgerSeq: 0; type: liTS_CANDIDATE; nodes {;   nodedata: ""\002i\361\030\371\256\265\036\320\273\013\357<\215/(\215[\231D\357Gd\372\270\316\261\301\342\327\225\241\000GZ\227\022t\201\240u\2324P\027\307M\337'Y\361[IAD\351\374!\232\005\337\376\252\251g\004\003"";   nodeid: ""\000\000\000\000\000\000\000\000\000\000\000\000\000\000\000\000\000\000\000\000\000\000\000\000\000\000\000\000\000\000\000\000\000""; }; ","ledgerHash: ""[\000\302\314\326\214\276@c\240\272\222{\363\314\032\213\311\316\246/\330\302\014>\022\346\234\347\264\270\350""; ledgerSeq: 0; type: liTS_CANDIDATE; nodes {;   nodedata: ""\002i\361\030\371\256\265\036\320\273\013\357<\215/(\215[\231D\357Gd\372\270\316\261\301\342\327\225\241\000GZ\227\022t\201\240u\2324P\027\307M\337'Y\361[IAD\351\374!\232\005\337\376\252\251g\004\003"";   nodeid: ""\000\000\000\000\000\000\000\000\000\000\000\000\000\000\000\000\000\000\000\000\000\000\000\000\000\000\000\000\000\000\000\000\000""; }; "
1750527529715,1750527529715,2920,1,1,0,TMGetLedger,"itype: liTS_CANDIDATE; ledgerHash: ""\310\200l\322\255\214\342'\243\202\375k%_\335\032N\021G\005\230\271\366~%e\366\202l^\rR""; nodeIDs: ""\000\000\000\000\000\000\000\000\000\000\000\000\000\000\000\000\000\000\000\000\000\000\000\000\000\000\000\000\000\000\000\000\000""; requestCookie: 4; queryType: qtINDIRECT; queryDepth: 3; ","itype: liTS_CANDIDATE; ledgerHash: ""\310\200l\322\255\214\342'\243\202\375k%_\335\032N\021G\005\230\271\366~%e\366\202l^\rR""; nodeIDs: ""\000\000\000\000\000\000\000\000\000\000\000\000\000\000\000\000\000\000\000\000\000\000\000\000\000\000\000\000\000\000\000\000\000""; requestCookie: 4; queryType: qtINDIRECT; queryDepth: 3; "
1750527529719,1750527529719,1150,1,3,4,TMLedgerData,"ledgerHash: ""\310\200l\322\255\214\342'\243\202\375k%_\335\032N\021G\005\230\271\366~%e\366\202l^\rR""; ledgerSeq: 0; type: liTS_CANDIDATE; nodes {;   nodedata: ""GZ\227\022t\201\240u\2324P\027\307M\337'Y\361[IAD\351\374!\232\005\337\376\252\251g\004\003"";   nodeid: ""\000\000\000\000\000\000\000\000\000\000\000\000\000\000\000\000\000\000\000\000\000\000\000\000\000\000\000\000\000\000\000\000\000""; }; ","ledgerHash: ""\310\200l\322\255\214\342'\243\202\375k%_\335\032N\021G\005\230\271\366~%e\366\202l^\rR""; ledgerSeq: 0; type: liTS_CANDIDATE; nodes {;   nodedata: ""GZ\227\022t\201\240u\2324P\027\307M\337'Y\361[IAD\351\374!\232\005\337\376\252\251g\004\003"";   nodeid: ""\000\000\000\000\000\000\000\000\000\000\000\000\000\000\000\000\000\000\000\000\000\000\000\000\000\000\000\000\000\000\000\000\000""; }; "
1750527529735,1750527529735,380,1,0,4,TMGetLedger,"itype: liTS_CANDIDATE; ledgerHash: ""'\274\220\233\332\373\335\027\332I\377y`\224\260\350-\215\335\267[\036\265\265\252`\026&\030{\362\363""; nodeIDs: ""\000\000\000\000\000\000\000\000\000\000\000\000\000\000\000\000\000\000\000\000\000\000\000\000\000\000\000\000\000\000\000\000\000""; queryType: qtINDIRECT; queryDepth: 3; ","itype: liTS_CANDIDATE; ledgerHash: ""'\274\220\233\332\373\335\027\332I\377y`\224\260\350-\215\335\267[\036\265\265\252`\026&\030{\362\363""; nodeIDs: ""\000\000\000\000\000\000\000\000\000\000\000\000\000\000\000\000\000\000\000\000\000\000\000\000\000\000\000\000\000\000\000\000\000""; queryType: qtINDIRECT; queryDepth: 3; "
1750527529768,1750527529768,1497,1,0,3,TMLedgerData,"ledgerHash: ""\310\200l\322\255\214\342'\243\202\375k%_\335\032N\021G\005\230\271\366~%e\366\202l^\rR""; ledgerSeq: 0; type: liTS_CANDIDATE; nodes {;   nodedata: ""GZ\227\022t\201\240u\2324P\027\307M\337'Y\361[IAD\351\374!\232\005\337\376\252\251g\004\003"";   nodeid: ""\000\000\000\000\000\000\000\000\000\000\000\000\000\000\000\000\000\000\000\000\000\000\000\000\000\000\000\000\000\000\000\000\000""; }; ","ledgerHash: ""\310\200l\322\255\214\342'\243\202\375k%_\335\032N\021G\005\230\271\366~%e\366\202l^\rR""; ledgerSeq: 0; type: liTS_CANDIDATE; nodes {;   nodedata: ""GZ\227\022t\201\240u\2324P\027\307M\337'Y\361[IAD\351\374!\232\005\337\376\252\251g\004\003"";   nodeid: ""\000\000\000\000\000\000\000\000\000\000\000\000\000\000\000\000\000\000\000\000\000\000\000\000\000\000\000\000\000\000\000\000\000""; }; "
1750527529811,1750527529811,380,1,0,4,TMGetLedger,"itype: liTS_CANDIDATE; ledgerHash: ""[\000\302\314\326\214\276@c\240\272\222{\363\314\032\213\311\316\246/\330\302\014>\022\346\234\347\264\270\350""; nodeIDs: ""\000\000\000\000\000\000\000\000\000\000\000\000\000\000\000\000\000\000\000\000\000\000\000\000\000\000\000\000\000\000\000\000\000""; requestCookie: 4; queryType: qtINDIRECT; queryDepth: 3; ","itype: liTS_CANDIDATE; ledgerHash: ""[\000\302\314\326\214\276@c\240\272\222{\363\314\032\213\311\316\246/\330\302\014>\022\346\234\347\264\270\350""; nodeIDs: ""\000\000\000\000\000\000\000\000\000\000\000\000\000\000\000\000\000\000\000\000\000\000\000\000\000\000\000\000\000\000\000\000\000""; requestCookie: 4; queryType: qtINDIRECT; queryDepth: 3; "
1750527529831,1750527529832,1932,1,4,0,TMGetLedger,"itype: liTS_CANDIDATE; ledgerHash: ""'\274\220\233\332\373\335\027\332I\377y`\224\260\350-\215\335\267[\036\265\265\252`\026&\030{\362\363""; nodeIDs: ""\000\000\000\000\000\000\000\000\000\000\000\000\000\000\000\000\000\000\000\000\000\000\000\000\000\000\000\000\000\000\000\000\000""; queryType: qtINDIRECT; queryDepth: 3; ","itype: liTS_CANDIDATE; ledgerHash: ""'\274\220\233\332\373\335\027\332I\377y`\224\260\350-\215\335\267[\036\265\265\252`\026&\030{\362\363""; nodeIDs: ""\000\000\000\000\000\000\000\000\000\000\000\000\000\000\000\000\000\000\000\000\000\000\000\000\000\000\000\000\000\000\000\000\000""; queryType: qtINDIRECT; queryDepth: 3; "
1750527529832,1750527529833,2101,1,4,1,TMGetLedger,"itype: liTS_CANDIDATE; ledgerHash: ""'\274\220\233\332\373\335\027\332I\377y`\224\260\350-\215\335\267[\036\265\265\252`\026&\030{\362\363""; nodeIDs: ""\000\000\000\000\000\000\000\000\000\000\000\000\000\000\000\000\000\000\000\000\000\000\000\000\000\000\000\000\000\000\000\000\000""; queryType: qtINDIRECT; queryDepth: 3; ","itype: liTS_CANDIDATE; ledgerHash: ""'\274\220\233\332\373\335\027\332I\377y`\224\260\350-\215\335\267[\036\265\265\252`\026&\030{\362\363""; nodeIDs: ""\000\000\000\000\000\000\000\000\000\000\000\000\000\000\000\000\000\000\000\000\000\000\000\000\000\000\000\000\000\000\000\000\000""; queryType: qtINDIRECT; queryDepth: 3; "
1750527529833,1750527529833,559,1,4,3,TMGetLedger,"itype: liTS_CANDIDATE; ledgerHash: ""'\274\220\233\332\373\335\027\332I\377y`\224\260\350-\215\335\267[\036\265\265\252`\026&\030{\362\363""; nodeIDs: ""\000\000\000\000\000\000\000\000\000\000\000\000\000\000\000\000\000\000\000\000\000\000\000\000\000\000\000\000\000\000\000\000\000""; queryType: qtINDIRECT; queryDepth: 3; ","itype: liTS_CANDIDATE; ledgerHash: ""'\274\220\233\332\373\335\027\332I\377y`\224\260\350-\215\335\267[\036\265\265\252`\026&\030{\362\363""; nodeIDs: ""\000\000\000\000\000\000\000\000\000\000\000\000\000\000\000\000\000\000\000\000\000\000\000\000\000\000\000\000\000\000\000\000\000""; queryType: qtINDIRECT; queryDepth: 3; "
1750527529833,1750527529833,2309,1,4,2,TMGetLedger,"itype: liTS_CANDIDATE; ledgerHash: ""'\274\220\233\332\373\335\027\332I\377y`\224\260\350-\215\335\267[\036\265\265\252`\026&\030{\362\363""; nodeIDs: ""\000\000\000\000\000\000\000\000\000\000\000\000\000\000\000\000\000\000\000\000\000\000\000\000\000\000\000\000\000\000\000\000\000""; queryType: qtINDIRECT; queryDepth: 3; ","itype: liTS_CANDIDATE; ledgerHash: ""'\274\220\233\332\373\335\027\332I\377y`\224\260\350-\215\335\267[\036\265\265\252`\026&\030{\362\363""; nodeIDs: ""\000\000\000\000\000\000\000\000\000\000\000\000\000\000\000\000\000\000\000\000\000\000\000\000\000\000\000\000\000\000\000\000\000""; queryType: qtINDIRECT; queryDepth: 3; "
1750527529840,1750527529840,1996,1,0,4,TMLedgerData,"ledgerHash: ""\310\200l\322\255\214\342'\243\202\375k%_\335\032N\021G\005\230\271\366~%e\366\202l^\rR""; ledgerSeq: 0; type: liTS_CANDIDATE; nodes {;   nodedata: ""GZ\227\022t\201\240u\2324P\027\307M\337'Y\361[IAD\351\374!\232\005\337\376\252\251g\004\003"";   nodeid: ""\000\000\000\000\000\000\000\000\000\000\000\000\000\000\000\000\000\000\000\000\000\000\000\000\000\000\000\000\000\000\000\000\000""; }; ","ledgerHash: ""\310\200l\322\255\214\342'\243\202\375k%_\335\032N\021G\005\230\271\366~%e\366\202l^\rR""; ledgerSeq: 0; type: liTS_CANDIDATE; nodes {;   nodedata: ""GZ\227\022t\201\240u\2324P\027\307M\337'Y\361[IAD\351\374!\232\005\337\376\252\251g\004\003"";   nodeid: ""\000\000\000\000\000\000\000\000\000\000\000\000\000\000\000\000\000\000\000\000\000\000\000\000\000\000\000\000\000\000\000\000\000""; }; "
1750527529872,1750527529872,3746,1,1,4,TMValidation,"validation: """"\200\000\000\001&\000\000\000\004)/\351\252\246:p\210\265\307-\212\200\004Q\265\024\321\362\354\211\250.\234s\225amc\305\035\366\276\037nD\277`\210\223N\3535\033\261\304fP\027\000\000\000\000\000\000\000\000\000\000\000\000\000\000\000\000\000\000\000\000\000\000\000\000\000\000\000\000\000\000\000\000P\031\375T\356\014\360o'\030\311-\267\031\257!\031T\006><\315XM\334\324\345\034\000\325\367\240\271\013s!\002\364d\217\366\217|\316F\232\231\241\n\261\333`\312O\367\235\025DD\336e\367\n\312\326\221\037\025\230vG0E\002!\000\2450\334+\037\216a\360\305t\370$\032\025\276\326S!V\274\006\3500,go\353\244\342\364\006<\002 \036\250\261Vt\203\025<\207\230\342\336m\212\341\357Yb\230\241[\300\300\016S\344*\210\332\222\241+""; ","validation: """"\200\000\000\001&\000\000\000\004)/\351\252\246:p\210\265\307-\212\200\004Q\265\024\321\362\354\211\250.\234s\225amc\305\035\366\276\037nD\277`\210\223N\3535\033\261\304fP\027\000\000\000\000\000\000\000\000\000\000\000\000\000\000\000\000\000\000\000\000\000\000\000\000\000\000\000\000\000\000\000\000P\031\375T\356\014\360o'\030\311-\267\031\257!\031T\006><\315XM\334\324\345\034\000\325\367\240\271\013s!\002\364d\217\366\217|\316F\232\231\241\n\261\333`\312O\367\235\025DD\336e\367\n\312\326\221\037\025\230vG0E\002!\000\2450\334+\037\216a\360\305t\370$\032\025\276\326S!V\274\006\3500,go\353\244\342\364\006<\002 \036\250\261Vt\203\025<\207\230\342\336m\212\341\357Yb\230\241[\300\300\016S\344*\210\332\222\241+""; "
1750527529873,1750527529873,2229,1,1,0,TMValidation,"validation: """"\200\000\000\001&\000\000\000\004)/\351\252\246:p\210\265\307-\212\200\004Q\265\024\321\362\354\211\250.\234s\225amc\305\035\366\276\037nD\277`\210\223N\3535\033\261\304fP\027\000\000\000\000\000\000\000\000\000\000\000\000\000\000\000\000\000\000\000\000\000\000\000\000\000\000\000\000\000\000\000\000P\031\375T\356\014\360o'\030\311-\267\031\257!\031T\006><\315XM\334\324\345\034\000\325\367\240\271\013s!\002\364d\217\366\217|\316F\232\231\241\n\261\333`\312O\367\235\025DD\336e\367\n\312\326\221\037\025\230vG0E\002!\000\2450\334+\037\216a\360\305t\370$\032\025\276\326S!V\274\006\3500,go\353\244\342\364\006<\002 \036\250\261Vt\203\025<\207\230\342\336m\212\341\357Yb\230\241[\300\300\016S\344*\210\332\222\241+""; ","validation: """"\200\000\000\001&\000\000\000\004)/\351\252\246:p\210\265\307-\212\200\004Q\265\024\321\362\354\211\250.\234s\225amc\305\035\366\276\037nD\277`\210\223N\3535\033\261\304fP\027\000\000\000\000\000\000\000\000\000\000\000\000\000\000\000\000\000\000\000\000\000\000\000\000\000\000\000\000\000\000\000\000P\031\375T\356\014\360o'\030\311-\267\031\257!\031T\006><\315XM\334\324\345\034\000\325\367\240\271\013s!\002\364d\217\366\217|\316F\232\231\241\n\261\333`\312O\367\235\025DD\336e\367\n\312\326\221\037\025\230vG0E\002!\000\2450\334+\037\216a\360\305t\370$\032\025\276\326S!V\274\006\3500,go\353\244\342\364\006<\002 \036\250\261Vt\203\025<\207\230\342\336m\212\341\357Yb\230\241[\300\300\016S\344*\210\332\222\241+""; "
1750527529873,1750527529874,949,1,1,2,TMValidation,"validation: """"\200\000\000\001&\000\000\000\004)/\351\252\246:p\210\265\307-\212\200\004Q\265\024\321\362\354\211\250.\234s\225amc\305\035\366\276\037nD\277`\210\223N\3535\033\261\304fP\027\000\000\000\000\000\000\000\000\000\000\000\000\000\000\000\000\000\000\000\000\000\000\000\000\000\000\000\000\000\000\000\000P\031\375T\356\014\360o'\030\311-\267\031\257!\031T\006><\315XM\334\324\345\034\000\325\367\240\271\013s!\002\364d\217\366\217|\316F\232\231\241\n\261\333`\312O\367\235\025DD\336e\367\n\312\326\221\037\025\230vG0E\002!\000\2450\334+\037\216a\360\305t\370$\032\025\276\326S!V\274\006\3500,go\353\244\342\364\006<\002 \036\250\261Vt\203\025<\207\230\342\336m\212\341\357Yb\230\241[\300\300\016S\344*\210\332\222\241+""; ","validation: """"\200\000\000\001&\000\000\000\004)/\351\252\246:p\210\265\307-\212\200\004Q\265\024\321\362\354\211\250.\234s\225amc\305\035\366\276\037nD\277`\210\223N\3535\033\261\304fP\027\000\000\000\000\000\000\000\000\000\000\000\000\000\000\000\000\000\000\000\000\000\000\000\000\000\000\000\000\000\000\000\000P\031\375T\356\014\360o'\030\311-\267\031\257!\031T\006><\315XM\334\324\345\034\000\325\367\240\271\013s!\002\364d\217\366\217|\316F\232\231\241\n\261\333`\312O\367\235\025DD\336e\367\n\312\326\221\037\025\230vG0E\002!\000\2450\334+\037\216a\360\305t\370$\032\025\276\326S!V\274\006\3500,go\353\244\342\364\006<\002 \036\250\261Vt\203\025<\207\230\342\336m\212\341\357Yb\230\241[\300\300\016S\344*\210\332\222\241+""; "
1750527529893,1750527529893,1150,1,3,4,TMLedgerData,"ledgerHash: ""'\274\220\233\332\373\335\027\332I\377y`\224\260\350-\215\335\267[\036\265\265\252`\026&\030{\362\363""; ledgerSeq: 0; type: liTS_CANDIDATE; nodes {;   nodedata: ""\002i\361\030\371\256\265\036\320\273\013\357<\215/(\215[\231D\357Gd\372\270\316\261\301\342\327\225\241\000GZ\227\022t\201\240u\2324P\027\307M\337'Y\361[IAD\351\374!\232\005\337\376\252\251g\004\240\231\202k\030<\225\205;%\337\001\376d\216V\310\306k>\373\322\372\353b\3659\350\345\324F\026\n\003"";   nodeid: ""\000\000\000\000\000\000\000\000\000\000\000\000\000\000\000\000\000\000\000\000\000\000\000\000\000\000\000\000\000\000\000\000\000""; }; ","ledgerHash: ""'\274\220\233\332\373\335\027\332I\377y`\224\260\350-\215\335\267[\036\265\265\252`\026&\030{\362\363""; ledgerSeq: 0; type: liTS_CANDIDATE; nodes {;   nodedata: ""\002i\361\030\371\256\265\036\320\273\013\357<\215/(\215[\231D\357Gd\372\270\316\261\301\342\327\225\241\000GZ\227\022t\201\240u\2324P\027\307M\337'Y\361[IAD\351\374!\232\005\337\376\252\251g\004\240\231\202k\030<\225\205;%\337\001\376d\216V\310\306k>\373\322\372\353b\3659\350\345\324F\026\n\003"";   nodeid: ""\000\000\000\000\000\000\000\000\000\000\000\000\000\000\000\000\000\000\000\000\000\000\000\000\000\000\000\000\000\000\000\000\000""; }; "
1750527529905,1750527529906,1932,1,4,0,TMGetLedger,"itype: liTS_CANDIDATE; ledgerHash: ""\310\200l\322\255\214\342'\243\202\375k%_\335\032N\021G\005\230\271\366~%e\366\202l^\rR""; nodeIDs: ""\000\000\000\000\000\000\000\000\000\000\000\000\000\000\000\000\000\000\000\000\000\000\000\000\000\000\000\000\000\000\000\000\000""; requestCookie: 4; queryType: qtINDIRECT; queryDepth: 3; ","itype: liTS_CANDIDATE; ledgerHash: ""\310\200l\322\255\214\342'\243\202\375k%_\335\032N\021G\005\230\271\366~%e\366\202l^\rR""; nodeIDs: ""\000\000\000\000\000\000\000\000\000\000\000\000\000\000\000\000\000\000\000\000\000\000\000\000\000\000\000\000\000\000\000\000\000""; requestCookie: 4; queryType: qtINDIRECT; queryDepth: 3; "
1750527529908,1750527529908,1932,1,4,0,TMGetLedger,"itype: liTS_CANDIDATE; ledgerHash: ""\310\200l\322\255\214\342'\243\202\375k%_\335\032N\021G\005\230\271\366~%e\366\202l^\rR""; nodeIDs: ""\000\000\000\000\000\000\000\000\000\000\000\000\000\000\000\000\000\000\000\000\000\000\000\000\000\000\000\000\000\000\000\000\000""; queryType: qtINDIRECT; queryDepth: 3; ","itype: liTS_CANDIDATE; ledgerHash: ""\310\200l\322\255\214\342'\243\202\375k%_\335\032N\021G\005\230\271\366~%e\366\202l^\rR""; nodeIDs: ""\000\000\000\000\000\000\000\000\000\000\000\000\000\000\000\000\000\000\000\000\000\000\000\000\000\000\000\000\000\000\000\000\000""; queryType: qtINDIRECT; queryDepth: 3; "
1750527529909,1750527529909,559,1,4,3,TMGetLedger,"itype: liTS_CANDIDATE; ledgerHash: ""\310\200l\322\255\214\342'\243\202\375k%_\335\032N\021G\005\230\271\366~%e\366\202l^\rR""; nodeIDs: ""\000\000\000\000\000\000\000\000\000\000\000\000\000\000\000\000\000\000\000\000\000\000\000\000\000\000\000\000\000\000\000\000\000""; queryType: qtINDIRECT; queryDepth: 3; ","itype: liTS_CANDIDATE; ledgerHash: ""\310\200l\322\255\214\342'\243\202\375k%_\335\032N\021G\005\230\271\366~%e\366\202l^\rR""; nodeIDs: ""\000\000\000\000\000\000\000\000\000\000\000\000\000\000\000\000\000\000\000\000\000\000\000\000\000\000\000\000\000\000\000\000\000""; queryType: qtINDIRECT; queryDepth: 3; "
1750527529910,1750527529910,2309,1,4,2,TMGetLedger,"itype: liTS_CANDIDATE; ledgerHash: ""\310\200l\322\255\214\342'\243\202\375k%_\335\032N\021G\005\230\271\366~%e\366\202l^\rR""; nodeIDs: ""\000\000\000\000\000\000\000\000\000\000\000\000\000\000\000\000\000\000\000\000\000\000\000\000\000\000\000\000\000\000\000\000\000""; queryType: qtINDIRECT; queryDepth: 3; ","itype: liTS_CANDIDATE; ledgerHash: ""\310\200l\322\255\214\342'\243\202\375k%_\335\032N\021G\005\230\271\366~%e\366\202l^\rR""; nodeIDs: ""\000\000\000\000\000\000\000\000\000\000\000\000\000\000\000\000\000\000\000\000\000\000\000\000\000\000\000\000\000\000\000\000\000""; queryType: qtINDIRECT; queryDepth: 3; "
1750527529910,1750527529910,2101,1,4,1,TMGetLedger,"itype: liTS_CANDIDATE; ledgerHash: ""\310\200l\322\255\214\342'\243\202\375k%_\335\032N\021G\005\230\271\366~%e\366\202l^\rR""; nodeIDs: ""\000\000\000\000\000\000\000\000\000\000\000\000\000\000\000\000\000\000\000\000\000\000\000\000\000\000\000\000\000\000\000\000\000""; queryType: qtINDIRECT; queryDepth: 3; ","itype: liTS_CANDIDATE; ledgerHash: ""\310\200l\322\255\214\342'\243\202\375k%_\335\032N\021G\005\230\271\366~%e\366\202l^\rR""; nodeIDs: ""\000\000\000\000\000\000\000\000\000\000\000\000\000\000\000\000\000\000\000\000\000\000\000\000\000\000\000\000\000\000\000\000\000""; queryType: qtINDIRECT; queryDepth: 3; "
1750527529927,1750527529927,1131,1,3,0,TMGetLedger,"itype: liTS_CANDIDATE; ledgerHash: ""[\000\302\314\326\214\276@c\240\272\222{\363\314\032\213\311\316\246/\330\302\014>\022\346\234\347\264\270\350""; nodeIDs: ""\000\000\000\000\000\000\000\000\000\000\000\000\000\000\000\000\000\000\000\000\000\000\000\000\000\000\000\000\000\000\000\000\000""; queryType: qtINDIRECT; queryDepth: 3; ","itype: liTS_CANDIDATE; ledgerHash: ""[\000\302\314\326\214\276@c\240\272\222{\363\314\032\213\311\316\246/\330\302\014>\022\346\234\347\264\270\350""; nodeIDs: ""\000\000\000\000\000\000\000\000\000\000\000\000\000\000\000\000\000\000\000\000\000\000\000\000\000\000\000\000\000\000\000\000\000""; queryType: qtINDIRECT; queryDepth: 3; "
1750527529928,1750527529928,2079,1,3,1,TMGetLedger,"itype: liTS_CANDIDATE; ledgerHash: ""[\000\302\314\326\214\276@c\240\272\222{\363\314\032\213\311\316\246/\330\302\014>\022\346\234\347\264\270\350""; nodeIDs: ""\000\000\000\000\000\000\000\000\000\000\000\000\000\000\000\000\000\000\000\000\000\000\000\000\000\000\000\000\000\000\000\000\000""; queryType: qtINDIRECT; queryDepth: 3; ","itype: liTS_CANDIDATE; ledgerHash: ""[\000\302\314\326\214\276@c\240\272\222{\363\314\032\213\311\316\246/\330\302\014>\022\346\234\347\264\270\350""; nodeIDs: ""\000\000\000\000\000\000\000\000\000\000\000\000\000\000\000\000\000\000\000\000\000\000\000\000\000\000\000\000\000\000\000\000\000""; queryType: qtINDIRECT; queryDepth: 3; "
1750527529928,1750527529928,1019,1,3,4,TMGetLedger,"itype: liTS_CANDIDATE; ledgerHash: ""[\000\302\314\326\214\276@c\240\272\222{\363\314\032\213\311\316\246/\330\302\014>\022\346\234\347\264\270\350""; nodeIDs: ""\000\000\000\000\000\000\000\000\000\000\000\000\000\000\000\000\000\000\000\000\000\000\000\000\000\000\000\000\000\000\000\000\000""; queryType: qtINDIRECT; queryDepth: 3; ","itype: liTS_CANDIDATE; ledgerHash: ""[\000\302\314\326\214\276@c\240\272\222{\363\314\032\213\311\316\246/\330\302\014>\022\346\234\347\264\270\350""; nodeIDs: ""\000\000\000\000\000\000\000\000\000\000\000\000\000\000\000\000\000\000\000\000\000\000\000\000\000\000\000\000\000\000\000\000\000""; queryType: qtINDIRECT; queryDepth: 3; "
1750527529928,1750527529928,2794,1,3,2,TMGetLedger,"itype: liTS_CANDIDATE; ledgerHash: ""[\000\302\314\326\214\276@c\240\272\222{\363\314\032\213\311\316\246/\330\302\014>\022\346\234\347\264\270\350""; nodeIDs: ""\000\000\000\000\000\000\000\000\000\000\000\000\000\000\000\000\000\000\000\000\000\000\000\000\000\000\000\000\000\000\000\000\000""; queryType: qtINDIRECT; queryDepth: 3; ","itype: liTS_CANDIDATE; ledgerHash: ""[\000\302\314\326\214\276@c\240\272\222{\363\314\032\213\311\316\246/\330\302\014>\022\346\234\347\264\270\350""; nodeIDs: ""\000\000\000\000\000\000\000\000\000\000\000\000\000\000\000\000\000\000\000\000\000\000\000\000\000\000\000\000\000\000\000\000\000""; queryType: qtINDIRECT; queryDepth: 3; "
1750527529934,1750527529934,3746,1,1,4,TMValidation,"validation: """"\200\000\000\001&\000\000\000\005)/\351\252\251:g\237X\336\3531\020\010Q\331]\036\237\306o!\223\221\002\324\031\262\240R\177 ,\214\325\Q])\016\2067\277\t\354\010\000P\027'\274\220\233\332\373\335\027\332I\377y`\224\260\350-\215\335\267[\036\265\265\252`\026&\030{\362\363P\031\265\024\321\362\354\211\250.\234s\225amc\305\035\366\276\037nD\277`\210\223N\3535\033\261\304fs!\003\255\225A\213\332\224ehh\024BDq\224\250\335`\355\353{\357\266\335<\021\032\265\177\206\356&\215vG0E\002!\000\236\266det#$\361\313\350M\312\262l\r3\2730/\020$0fH\361=\362\245\271\265^\276\002 :\361\277\233(A\311\225\032;P\270\341\237\255i\370\315\026_p\250\347\274\244r\021'B\212\373\264""; ","validation: """"\200\000\000\001&\000\000\000\005)/\351\252\251:g\237X\336\3531\020\010Q\331]\036\237\306o!\223\221\002\324\031\262\240R\177 ,\214\325\Q])\016\2067\277\t\354\010\000P\027'\274\220\233\332\373\335\027\332I\377y`\224\260\350-\215\335\267[\036\265\265\252`\026&\030{\362\363P\031\265\024\321\362\354\211\250.\234s\225amc\305\035\366\276\037nD\277`\210\223N\3535\033\261\304fs!\003\255\225A\213\332\224ehh\024BDq\224\250\335`\355\353{\357\266\335<\021\032\265\177\206\356&\215vG0E\002!\000\236\266det#$\361\313\350M\312\262l\r3\2730/\020$0fH\361=\362\245\271\265^\276\002 :\361\277\233(A\311\225\032;P\270\341\237\255i\370\315\026_p\250\347\274\244r\021'B\212\373\264""; "
1750527529934,1750527529934,2229,1,1,0,TMValidation,"validation: """"\200\000\000\001&\000\000\000\005)/\351\252\251:g\237X\336\3531\020\010Q\331]\036\237\306o!\223\221\002\324\031\262\240R\177 ,\214\325\Q])\016\2067\277\t\354\010\000P\027'\274\220\233\332\373\335\027\332I\377y`\224\260\350-\215\335\267[\036\265\265\252`\026&\030{\362\363P\031\265\024\321\362\354\211\250.\234s\225amc\305\035\366\276\037nD\277`\210\223N\3535\033\261\304fs!\003\255\225A\213\332\224ehh\024BDq\224\250\335`\355\353{\357\266\335<\021\032\265\177\206\356&\215vG0E\002!\000\236\266det#$\361\313\350M\312\262l\r3\2730/\020$0fH\361=\362\245\271\265^\276\002 :\361\277\233(A\311\225\032;P\270\341\237\255i\370\315\026_p\250\347\274\244r\021'B\212\373\264""; ","validation: """"\200\000\000\001&\000\000\000\005)/\351\252\251:g\237X\336\3531\020\010Q\331]\036\237\306o!\223\221\002\324\031\262\240R\177 ,\214\325\Q])\016\2067\277\t\354\010\000P\027'\274\220\233\332\373\335\027\332I\377y`\224\260\350-\215\335\267[\036\265\265\252`\026&\030{\362\363P\031\265\024\321\362\354\211\250.\234s\225amc\305\035\366\276\037nD\277`\210\223N\3535\033\261\304fs!\003\255\225A\213\332\224ehh\024BDq\224\250\335`\355\353{\357\266\335<\021\032\265\177\206\356&\215vG0E\002!\000\236\266det#$\361\313\350M\312\262l\r3\2730/\020$0fH\361=\362\245\271\265^\276\002 :\361\277\233(A\311\225\032;P\270\341\237\255i\370\315\026_p\250\347\274\244r\021'B\212\373\264""; "
1750527529935,1750527529935,1311,1,1,3,TMValidation,"validation: """"\200\000\000\001&\000\000\000\005)/\351\252\251:g\237X\336\3531\020\010Q\331]\036\237\306o!\223\221\002\324\031\262\240R\177 ,\214\325\Q])\016\2067\277\t\354\010\000P\027'\274\220\233\332\373\335\027\332I\377y`\224\260\350-\215\335\267[\036\265\265\252`\026&\030{\362\363P\031\265\024\321\362\354\211\250.\234s\225amc\305\035\366\276\037nD\277`\210\223N\3535\033\261\304fs!\003\255\225A\213\332\224ehh\024BDq\224\250\335`\355\353{\357\266\335<\021\032\265\177\206\356&\215vG0E\002!\000\236\266det#$\361\313\350M\312\262l\r3\2730/\020$0fH\361=\362\245\271\265^\276\002 :\361\277\233(A\311\225\032;P\270\341\237\255i\370\315\026_p\250\347\274\244r\021'B\212\373\264""; ","validation: """"\200\000\000\001&\000\000\000\005)/\351\252\251:g\237X\336\3531\020\010Q\331]\036\237\306o!\223\221\002\324\031\262\240R\177 ,\214\325\Q])\016\2067\277\t\354\010\000P\027'\274\220\233\332\373\335\027\332I\377y`\224\260\350-\215\335\267[\036\265\265\252`\026&\030{\362\363P\031\265\024\321\362\354\211\250.\234s\225amc\305\035\366\276\037nD\277`\210\223N\3535\033\261\304fs!\003\255\225A\213\332\224ehh\024BDq\224\250\335`\355\353{\357\266\335<\021\032\265\177\206\356&\215vG0E\002!\000\236\266det#$\361\313\350M\312\262l\r3\2730/\020$0fH\361=\362\245\271\265^\276\002 :\361\277\233(A\311\225\032;P\270\341\237\255i\370\315\026_p\250\347\274\244r\021'B\212\373\264""; "
1750527529948,1750527529948,2764,1,4,3,TMLedgerData,"ledgerHash: ""[\000\302\314\326\214\276@c\240\272\222{\363\314\032\213\311\316\246/\330\302\014>\022\346\234\347\264\270\350""; ledgerSeq: 0; type: liTS_CANDIDATE; nodes {;   nodedata: ""\002i\361\030\371\256\265\036\320\273\013\357<\215/(\215[\231D\357Gd\372\270\316\261\301\342\327\225\241\000GZ\227\022t\201\240u\2324P\027\307M\337'Y\361[IAD\351\374!\232\005\337\376\252\251g\004\003"";   nodeid: ""\000\000\000\000\000\000\000\000\000\000\000\000\000\000\000\000\000\000\000\000\000\000\000\000\000\000\000\000\000\000\000\000\000""; }; ","ledgerHash: ""[\000\302\314\326\214\276@c\240\272\222{\363\314\032\213\311\316\246/\330\302\014>\022\346\234\347\264\270\350""; ledgerSeq: 0; type: liTS_CANDIDATE; nodes {;   nodedata: ""\002i\361\030\371\256\265\036\320\273\013\357<\215/(\215[\231D\357Gd\372\270\316\261\301\342\327\225\241\000GZ\227\022t\201\240u\2324P\027\307M\337'Y\361[IAD\351\374!\232\005\337\376\252\251g\004\003"";   nodeid: ""\000\000\000\000\000\000\000\000\000\000\000\000\000\000\000\000\000\000\000\000\000\000\000\000\000\000\000\000\000\000\000\000\000""; }; "
1750527529965,1750527529965,2920,1,1,0,TMGetLedger,"itype: liTS_CANDIDATE; ledgerHash: ""\310\200l\322\255\214\342'\243\202\375k%_\335\032N\021G\005\230\271\366~%e\366\202l^\rR""; nodeIDs: ""\000\000\000\000\000\000\000\000\000\000\000\000\000\000\000\000\000\000\000\000\000\000\000\000\000\000\000\000\000\000\000\000\000""; requestCookie: 4; queryType: qtINDIRECT; queryDepth: 3; ","itype: liTS_CANDIDATE; ledgerHash: ""\310\200l\322\255\214\342'\243\202\375k%_\335\032N\021G\005\230\271\366~%e\366\202l^\rR""; nodeIDs: ""\000\000\000\000\000\000\000\000\000\000\000\000\000\000\000\000\000\000\000\000\000\000\000\000\000\000\000\000\000\000\000\000\000""; requestCookie: 4; queryType: qtINDIRECT; queryDepth: 3; "
1750527529968,1750527529968,1150,1,3,4,TMLedgerData,"ledgerHash: ""\310\200l\322\255\214\342'\243\202\375k%_\335\032N\021G\005\230\271\366~%e\366\202l^\rR""; ledgerSeq: 0; type: liTS_CANDIDATE; nodes {;   nodedata: ""GZ\227\022t\201\240u\2324P\027\307M\337'Y\361[IAD\351\374!\232\005\337\376\252\251g\004\003"";   nodeid: ""\000\000\000\000\000\000\000\000\000\000\000\000\000\000\000\000\000\000\000\000\000\000\000\000\000\000\000\000\000\000\000\000\000""; }; ","ledgerHash: ""\310\200l\322\255\214\342'\243\202\375k%_\335\032N\021G\005\230\271\366~%e\366\202l^\rR""; ledgerSeq: 0; type: liTS_CANDIDATE; nodes {;   nodedata: ""GZ\227\022t\201\240u\2324P\027\307M\337'Y\361[IAD\351\374!\232\005\337\376\252\251g\004\003"";   nodeid: ""\000\000\000\000\000\000\000\000\000\000\000\000\000\000\000\000\000\000\000\000\000\000\000\000\000\000\000\000\000\000\000\000\000""; }; "
1750527529997,1750527529997,589,1,2,0,TMGetLedger,"itype: liTS_CANDIDATE; ledgerHash: ""[\000\302\314\326\214\276@c\240\272\222{\363\314\032\213\311\316\246/\330\302\014>\022\346\234\347\264\270\350""; nodeIDs: ""\000\000\000\000\000\000\000\000\000\000\000\000\000\000\000\000\000\000\000\000\000\000\000\000\000\000\000\000\000\000\000\000\000""; queryType: qtINDIRECT; queryDepth: 3; ","itype: liTS_CANDIDATE; ledgerHash: ""[\000\302\314\326\214\276@c\240\272\222{\363\314\032\213\311\316\246/\330\302\014>\022\346\234\347\264\270\350""; nodeIDs: ""\000\000\000\000\000\000\000\000\000\000\000\000\000\000\000\000\000\000\000\000\000\000\000\000\000\000\000\000\000\000\000\000\000""; queryType: qtINDIRECT; queryDepth: 3; "
1750527529997,1750527529997,4000,1,2,3,TMGetLedger,"itype: liTS_CANDIDATE; ledgerHash: ""[\000\302\314\326\214\276@c\240\272\222{\363\314\032\213\311\316\246/\330\302\014>\022\346\234\347\264\270\350""; nodeIDs: ""\000\000\000\000\000\000\000\000\000\000\000\000\000\000\000\000\000\000\000\000\000\000\000\000\000\000\000\000\000\000\000\000\000""; queryType: qtINDIRECT; queryDepth: 3; ","itype: liTS_CANDIDATE; ledgerHash: ""[\000\302\314\326\214\276@c\240\272\222{\363\314\032\213\311\316\246/\330\302\014>\022\346\234\347\264\270\350""; nodeIDs: ""\000\000\000\000\000\000\000\000\000\000\000\000\000\000\000\000\000\000\000\000\000\000\000\000\000\000\000\000\000\000\000\000\000""; queryType: qtINDIRECT; queryDepth: 3; "
1750527529998,1750527529998,1544,1,2,1,TMGetLedger,"itype: liTS_CANDIDATE; ledgerHash: ""[\000\302\314\326\214\276@c\240\272\222{\363\314\032\213\311\316\246/\330\302\014>\022\346\234\347\264\270\350""; nodeIDs: ""\000\000\000\000\000\000\000\000\000\000\000\000\000\000\000\000\000\000\000\000\000\000\000\000\000\000\000\000\000\000\000\000\000""; queryType: qtINDIRECT; queryDepth: 3; ","itype: liTS_CANDIDATE; ledgerHash: ""[\000\302\314\326\214\276@c\240\272\222{\363\314\032\213\311\316\246/\330\302\014>\022\346\234\347\264\270\350""; nodeIDs: ""\000\000\000\000\000\000\000\000\000\000\000\000\000\000\000\000\000\000\000\000\000\000\000\000\000\000\000\000\000\000\000\000\000""; queryType: qtINDIRECT; queryDepth: 3; "
1750527529998,1750527529998,3719,1,2,4,TMGetLedger,"itype: liTS_CANDIDATE; ledgerHash: ""[\000\302\314\326\214\276@c\240\272\222{\363\314\032\213\311\316\246/\330\302\014>\022\346\234\347\264\270\350""; nodeIDs: ""\000\000\000\000\000\000\000\000\000\000\000\000\000\000\000\000\000\000\000\000\000\000\000\000\000\000\000\000\000\000\000\000\000""; queryType: qtINDIRECT; queryDepth: 3; ","itype: liTS_CANDIDATE; ledgerHash: ""[\000\302\314\326\214\276@c\240\272\222{\363\314\032\213\311\316\246/\330\302\014>\022\346\234\347\264\270\350""; nodeIDs: ""\000\000\000\000\000\000\000\000\000\000\000\000\000\000\000\000\000\000\000\000\000\000\000\000\000\000\000\000\000\000\000\000\000""; queryType: qtINDIRECT; queryDepth: 3; "
1750527530007,1750527530007,3810,1,1,4,TMGetLedger,"itype: liTS_CANDIDATE; ledgerHash: ""[\000\302\314\326\214\276@c\240\272\222{\363\314\032\213\311\316\246/\330\302\014>\022\346\234\347\264\270\350""; nodeIDs: ""\000\000\000\000\000\000\000\000\000\000\000\000\000\000\000\000\000\000\000\000\000\000\000\000\000\000\000\000\000\000\000\000\000""; requestCookie: 4; queryType: qtINDIRECT; queryDepth: 3; ","itype: liTS_CANDIDATE; ledgerHash: ""[\000\302\314\326\214\276@c\240\272\222{\363\314\032\213\311\316\246/\330\302\014>\022\346\234\347\264\270\350""; nodeIDs: ""\000\000\000\000\000\000\000\000\000\000\000\000\000\000\000\000\000\000\000\000\000\000\000\000\000\000\000\000\000\000\000\000\000""; requestCookie: 4; queryType: qtINDIRECT; queryDepth: 3; "
1750527530011,1750527530011,3769,1,1,3,TMGetLedger,"itype: liTS_CANDIDATE; ledgerHash: ""[\000\302\314\326\214\276@c\240\272\222{\363\314\032\213\311\316\246/\330\302\014>\022\346\234\347\264\270\350""; nodeIDs: ""\000\000\000\000\000\000\000\000\000\000\000\000\000\000\000\000\000\000\000\000\000\000\000\000\000\000\000\000\000\000\000\000\000""; queryType: qtINDIRECT; queryDepth: 3; ","itype: liTS_CANDIDATE; ledgerHash: ""[\000\302\314\326\214\276@c\240\272\222{\363\314\032\213\311\316\246/\330\302\014>\022\346\234\347\264\270\350""; nodeIDs: ""\000\000\000\000\000\000\000\000\000\000\000\000\000\000\000\000\000\000\000\000\000\000\000\000\000\000\000\000\000\000\000\000\000""; queryType: qtINDIRECT; queryDepth: 3; "
1750527530012,1750527530012,1495,1,1,2,TMGetLedger,"itype: liTS_CANDIDATE; ledgerHash: ""[\000\302\314\326\214\276@c\240\272\222{\363\314\032\213\311\316\246/\330\302\014>\022\346\234\347\264\270\350""; nodeIDs: ""\000\000\000\000\000\000\000\000\000\000\000\000\000\000\000\000\000\000\000\000\000\000\000\000\000\000\000\000\000\000\000\000\000""; queryType: qtINDIRECT; queryDepth: 3; ","itype: liTS_CANDIDATE; ledgerHash: ""[\000\302\314\326\214\276@c\240\272\222{\363\314\032\213\311\316\246/\330\302\014>\022\346\234\347\264\270\350""; nodeIDs: ""\000\000\000\000\000\000\000\000\000\000\000\000\000\000\000\000\000\000\000\000\000\000\000\000\000\000\000\000\000\000\000\000\000""; queryType: qtINDIRECT; queryDepth: 3; "
1750527530011,1750527530011,2920,1,1,0,TMGetLedger,"itype: liTS_CANDIDATE; ledgerHash: ""[\000\302\314\326\214\276@c\240\272\222{\363\314\032\213\311\316\246/\330\302\014>\022\346\234\347\264\270\350""; nodeIDs: ""\000\000\000\000\000\000\000\000\000\000\000\000\000\000\000\000\000\000\000\000\000\000\000\000\000\000\000\000\000\000\000\000\000""; queryType: qtINDIRECT; queryDepth: 3; ","itype: liTS_CANDIDATE; ledgerHash: ""[\000\302\314\326\214\276@c\240\272\222{\363\314\032\213\311\316\246/\330\302\014>\022\346\234\347\264\270\350""; nodeIDs: ""\000\000\000\000\000\000\000\000\000\000\000\000\000\000\000\000\000\000\000\000\000\000\000\000\000\000\000\000\000\000\000\000\000""; queryType: qtINDIRECT; queryDepth: 3; "
1750527530011,1750527530011,3810,1,1,4,TMGetLedger,"itype: liTS_CANDIDATE; ledgerHash: ""[\000\302\314\326\214\276@c\240\272\222{\363\314\032\213\311\316\246/\330\302\014>\022\346\234\347\264\270\350""; nodeIDs: ""\000\000\000\000\000\000\000\000\000\000\000\000\000\000\000\000\000\000\000\000\000\000\000\000\000\000\000\000\000\000\000\000\000""; queryType: qtINDIRECT; queryDepth: 3; ","itype: liTS_CANDIDATE; ledgerHash: ""[\000\302\314\326\214\276@c\240\272\222{\363\314\032\213\311\316\246/\330\302\014>\022\346\234\347\264\270\350""; nodeIDs: ""\000\000\000\000\000\000\000\000\000\000\000\000\000\000\000\000\000\000\000\000\000\000\000\000\000\000\000\000\000\000\000\000\000""; queryType: qtINDIRECT; queryDepth: 3; "
1750527530018,1750527530018,1497,1,0,3,TMLedgerData,"ledgerHash: ""\310\200l\322\255\214\342'\243\202\375k%_\335\032N\021G\005\230\271\366~%e\366\202l^\rR""; ledgerSeq: 0; type: liTS_CANDIDATE; nodes {;   nodedata: ""GZ\227\022t\201\240u\2324P\027\307M\337'Y\361[IAD\351\374!\232\005\337\376\252\251g\004\003"";   nodeid: ""\000\000\000\000\000\000\000\000\000\000\000\000\000\000\000\000\000\000\000\000\000\000\000\000\000\000\000\000\000\000\000\000\000""; }; ","ledgerHash: ""\310\200l\322\255\214\342'\243\202\375k%_\335\032N\021G\005\230\271\366~%e\366\202l^\rR""; ledgerSeq: 0; type: liTS_CANDIDATE; nodes {;   nodedata: ""GZ\227\022t\201\240u\2324P\027\307M\337'Y\361[IAD\351\374!\232\005\337\376\252\251g\004\003"";   nodeid: ""\000\000\000\000\000\000\000\000\000\000\000\000\000\000\000\000\000\000\000\000\000\000\000\000\000\000\000\000\000\000\000\000\000""; }; "
1750527530040,1750527530040,3422,1,0,3,TMValidation,"validation: """"\200\000\000\001&\000\000\000\005)/\351\252\251:g\237X\336\3531\020\010Q\331]\036\237\306o!\223\221\002\324\031\262\240R\177 ,\214\325\Q])\016\2067\277\t\354\010\000P\027'\274\220\233\332\373\335\027\332I\377y`\224\260\350-\215\335\267[\036\265\265\252`\026&\030{\362\363P\031\265\024\321\362\354\211\250.\234s\225amc\305\035\366\276\037nD\277`\210\223N\3535\033\261\304fs!\003\255\225A\213\332\224ehh\024BDq\224\250\335`\355\353{\357\266\335<\021\032\265\177\206\356&\215vG0E\002!\000\236\266det#$\361\313\350M\312\262l\r3\2730/\020$0fH\361=\362\245\271\265^\276\002 :\361\277\233(A\311\225\032;P\270\341\237\255i\370\315\026_p\250\347\274\244r\021'B\212\373\264""; ","validation: """"\200\000\000\001&\000\000\000\005)/\351\252\251:g\237X\336\3531\020\010Q\331]\036\237\306o!\223\221\002\324\031\262\240R\177 ,\214\325\Q])\016\2067\277\t\354\010\000P\027'\274\220\233\332\373\335\027\332I\377y`\224\260\350-\215\335\267[\036\265\265\252`\026&\030{\362\363P\031\265\024\321\362\354\211\250.\234s\225amc\305\035\366\276\037nD\277`\210\223N\3535\033\261\304fs!\003\255\225A\213\332\224ehh\024BDq\224\250\335`\355\353{\357\266\335<\021\032\265\177\206\356&\215vG0E\002!\000\236\266det#$\361\313\350M\312\262l\r3\2730/\020$0fH\361=\362\245\271\265^\276\002 :\361\277\233(A\311\225\032;P\270\341\237\255i\370\315\026_p\250\347\274\244r\021'B\212\373\264""; "
1750527530041,1750527530041,2261,1,0,1,TMValidation,"validation: """"\200\000\000\001&\000\000\000\005)/\351\252\251:g\237X\336\3531\020\010Q\331]\036\237\306o!\223\221\002\324\031\262\240R\177 ,\214\325\Q])\016\2067\277\t\354\010\000P\027'\274\220\233\332\373\335\027\332I\377y`\224\260\350-\215\335\267[\036\265\265\252`\026&\030{\362\363P\031\265\024\321\362\354\211\250.\234s\225amc\305\035\366\276\037nD\277`\210\223N\3535\033\261\304fs!\003\255\225A\213\332\224ehh\024BDq\224\250\335`\355\353{\357\266\335<\021\032\265\177\206\356&\215vG0E\002!\000\236\266det#$\361\313\350M\312\262l\r3\2730/\020$0fH\361=\362\245\271\265^\276\002 :\361\277\233(A\311\225\032;P\270\341\237\255i\370\315\026_p\250\347\274\244r\021'B\212\373\264""; ","validation: """"\200\000\000\001&\000\000\000\005)/\351\252\251:g\237X\336\3531\020\010Q\331]\036\237\306o!\223\221\002\324\031\262\240R\177 ,\214\325\Q])\016\2067\277\t\354\010\000P\027'\274\220\233\332\373\335\027\332I\377y`\224\260\350-\215\335\267[\036\265\265\252`\026&\030{\362\363P\031\265\024\321\362\354\211\250.\234s\225amc\305\035\366\276\037nD\277`\210\223N\3535\033\261\304fs!\003\255\225A\213\332\224ehh\024BDq\224\250\335`\355\353{\357\266\335<\021\032\265\177\206\356&\215vG0E\002!\000\236\266det#$\361\313\350M\312\262l\r3\2730/\020$0fH\361=\362\245\271\265^\276\002 :\361\277\233(A\311\225\032;P\270\341\237\255i\370\315\026_p\250\347\274\244r\021'B\212\373\264""; "
1750527530042,1750527530042,782,1,0,4,TMValidation,"validation: """"\200\000\000\001&\000\000\000\005)/\351\252\251:g\237X\336\3531\020\010Q\331]\036\237\306o!\223\221\002\324\031\262\240R\177 ,\214\325\Q])\016\2067\277\t\354\010\000P\027'\274\220\233\332\373\335\027\332I\377y`\224\260\350-\215\335\267[\036\265\265\252`\026&\030{\362\363P\031\265\024\321\362\354\211\250.\234s\225amc\305\035\366\276\037nD\277`\210\223N\3535\033\261\304fs!\003\255\225A\213\332\224ehh\024BDq\224\250\335`\355\353{\357\266\335<\021\032\265\177\206\356&\215vG0E\002!\000\236\266det#$\361\313\350M\312\262l\r3\2730/\020$0fH\361=\362\245\271\265^\276\002 :\361\277\233(A\311\225\032;P\270\341\237\255i\370\315\026_p\250\347\274\244r\021'B\212\373\264""; ","validation: """"\200\000\000\001&\000\000\000\005)/\351\252\251:g\237X\336\3531\020\010Q\331]\036\237\306o!\223\221\002\324\031\262\240R\177 ,\214\325\Q])\016\2067\277\t\354\010\000P\027'\274\220\233\332\373\335\027\332I\377y`\224\260\350-\215\335\267[\036\265\265\252`\026&\030{\362\363P\031\265\024\321\362\354\211\250.\234s\225amc\305\035\366\276\037nD\277`\210\223N\3535\033\261\304fs!\003\255\225A\213\332\224ehh\024BDq\224\250\335`\355\353{\357\266\335<\021\032\265\177\206\356&\215vG0E\002!\000\236\266det#$\361\313\350M\312\262l\r3\2730/\020$0fH\361=\362\245\271\265^\276\002 :\361\277\233(A\311\225\032;P\270\341\237\255i\370\315\026_p\250\347\274\244r\021'B\212\373\264""; "
1750527530041,1750527530041,1199,1,0,2,TMGetLedger,"itype: liBASE; ledgerHash: ""\331]\036\237\306o!\223\221\002\324\031\262\240R\177 ,\214\325\Q])\016\2067\277\t\354\010\000""; queryType: qtINDIRECT; ","itype: liBASE; ledgerHash: ""\331]\036\237\306o!\223\221\002\324\031\262\240R\177 ,\214\325\Q])\016\2067\277\t\354\010\000""; queryType: qtINDIRECT; "
1750527530041,1750527530041,3094,1,0,3,TMGetLedger,"itype: liBASE; ledgerHash: ""\331]\036\237\306o!\223\221\002\324\031\262\240R\177 ,\214\325\Q])\016\2067\277\t\354\010\000""; ","itype: liBASE; ledgerHash: ""\331]\036\237\306o!\223\221\002\324\031\262\240R\177 ,\214\325\Q])\016\2067\277\t\354\010\000""; "
1750527530043,1750527530043,1199,1,0,2,TMGetLedger,"itype: liBASE; ledgerHash: ""\331]\036\237\306o!\223\221\002\324\031\262\240R\177 ,\214\325\Q])\016\2067\277\t\354\010\000""; ","itype: liBASE; ledgerHash: ""\331]\036\237\306o!\223\221\002\324\031\262\240R\177 ,\214\325\Q])\016\2067\277\t\354\010\000""; "
1750527530043,1750527530043,380,1,0,4,TMGetLedger,"itype: liBASE; ledgerHash: ""\331]\036\237\306o!\223\221\002\324\031\262\240R\177 ,\214\325\Q])\016\2067\277\t\354\010\000""; ","itype: liBASE; ledgerHash: ""\331]\036\237\306o!\223\221\002\324\031\262\240R\177 ,\214\325\Q])\016\2067\277\t\354\010\000""; "
1750527530043,1750527530044,3094,1,0,3,TMGetLedger,"itype: liBASE; ledgerHash: ""\331]\036\237\306o!\223\221\002\324\031\262\240R\177 ,\214\325\Q])\016\2067\277\t\354\010\000""; queryType: qtINDIRECT; ","itype: liBASE; ledgerHash: ""\331]\036\237\306o!\223\221\002\324\031\262\240R\177 ,\214\325\Q])\016\2067\277\t\354\010\000""; queryType: qtINDIRECT; "
1750527530044,1750527530044,380,1,0,4,TMGetLedger,"itype: liBASE; ledgerHash: ""\331]\036\237\306o!\223\221\002\324\031\262\240R\177 ,\214\325\Q])\016\2067\277\t\354\010\000""; queryType: qtINDIRECT; ","itype: liBASE; ledgerHash: ""\331]\036\237\306o!\223\221\002\324\031\262\240R\177 ,\214\325\Q])\016\2067\277\t\354\010\000""; queryType: qtINDIRECT; "
1750527530059,1750527530059,380,1,0,4,TMGetLedger,"itype: liTS_CANDIDATE; ledgerHash: ""[\000\302\314\326\214\276@c\240\272\222{\363\314\032\213\311\316\246/\330\302\014>\022\346\234\347\264\270\350""; nodeIDs: ""\000\000\000\000\000\000\000\000\000\000\000\000\000\000\000\000\000\000\000\000\000\000\000\000\000\000\000\000\000\000\000\000\000""; requestCookie: 4; queryType: qtINDIRECT; queryDepth: 3; ","itype: liTS_CANDIDATE; ledgerHash: ""[\000\302\314\326\214\276@c\240\272\222{\363\314\032\213\311\316\246/\330\302\014>\022\346\234\347\264\270\350""; nodeIDs: ""\000\000\000\000\000\000\000\000\000\000\000\000\000\000\000\000\000\000\000\000\000\000\000\000\000\000\000\000\000\000\000\000\000""; requestCookie: 4; queryType: qtINDIRECT; queryDepth: 3; "
1750527530082,1750527530082,2101,1,4,1,TMGetLedger,"itype: liTS_CANDIDATE; ledgerHash: ""'\274\220\233\332\373\335\027\332I\377y`\224\260\350-\215\335\267[\036\265\265\252`\026&\030{\362\363""; nodeIDs: ""\000\000\000\000\000\000\000\000\000\000\000\000\000\000\000\000\000\000\000\000\000\000\000\000\000\000\000\000\000\000\000\000\000""; queryType: qtINDIRECT; queryDepth: 3; ","itype: liTS_CANDIDATE; ledgerHash: ""'\274\220\233\332\373\335\027\332I\377y`\224\260\350-\215\335\267[\036\265\265\252`\026&\030{\362\363""; nodeIDs: ""\000\000\000\000\000\000\000\000\000\000\000\000\000\000\000\000\000\000\000\000\000\000\000\000\000\000\000\000\000\000\000\000\000""; queryType: qtINDIRECT; queryDepth: 3; "
1750527530082,1750527530082,1932,1,4,0,TMGetLedger,"itype: liTS_CANDIDATE; ledgerHash: ""'\274\220\233\332\373\335\027\332I\377y`\224\260\350-\215\335\267[\036\265\265\252`\026&\030{\362\363""; nodeIDs: ""\000\000\000\000\000\000\000\000\000\000\000\000\000\000\000\000\000\000\000\000\000\000\000\000\000\000\000\000\000\000\000\000\000""; queryType: qtINDIRECT; queryDepth: 3; ","itype: liTS_CANDIDATE; ledgerHash: ""'\274\220\233\332\373\335\027\332I\377y`\224\260\350-\215\335\267[\036\265\265\252`\026&\030{\362\363""; nodeIDs: ""\000\000\000\000\000\000\000\000\000\000\000\000\000\000\000\000\000\000\000\000\000\000\000\000\000\000\000\000\000\000\000\000\000""; queryType: qtINDIRECT; queryDepth: 3; "
1750527530082,1750527530082,559,1,4,3,TMGetLedger,"itype: liTS_CANDIDATE; ledgerHash: ""'\274\220\233\332\373\335\027\332I\377y`\224\260\350-\215\335\267[\036\265\265\252`\026&\030{\362\363""; nodeIDs: ""\000\000\000\000\000\000\000\000\000\000\000\000\000\000\000\000\000\000\000\000\000\000\000\000\000\000\000\000\000\000\000\000\000""; queryType: qtINDIRECT; queryDepth: 3; ","itype: liTS_CANDIDATE; ledgerHash: ""'\274\220\233\332\373\335\027\332I\377y`\224\260\350-\215\335\267[\036\265\265\252`\026&\030{\362\363""; nodeIDs: ""\000\000\000\000\000\000\000\000\000\000\000\000\000\000\000\000\000\000\000\000\000\000\000\000\000\000\000\000\000\000\000\000\000""; queryType: qtINDIRECT; queryDepth: 3; "
1750527530082,1750527530082,2309,1,4,2,TMGetLedger,"itype: liTS_CANDIDATE; ledgerHash: ""'\274\220\233\332\373\335\027\332I\377y`\224\260\350-\215\335\267[\036\265\265\252`\026&\030{\362\363""; nodeIDs: ""\000\000\000\000\000\000\000\000\000\000\000\000\000\000\000\000\000\000\000\000\000\000\000\000\000\000\000\000\000\000\000\000\000""; queryType: qtINDIRECT; queryDepth: 3; ","itype: liTS_CANDIDATE; ledgerHash: ""'\274\220\233\332\373\335\027\332I\377y`\224\260\350-\215\335\267[\036\265\265\252`\026&\030{\362\363""; nodeIDs: ""\000\000\000\000\000\000\000\000\000\000\000\000\000\000\000\000\000\000\000\000\000\000\000\000\000\000\000\000\000\000\000\000\000""; queryType: qtINDIRECT; queryDepth: 3; "
1750527530086,1750527530086,3375,1,0,1,TMGetLedger,"itype: liBASE; ledgerHash: ""\331]\036\237\306o!\223\221\002\324\031\262\240R\177 ,\214\325\Q])\016\2067\277\t\354\010\000""; ","itype: liBASE; ledgerHash: ""\331]\036\237\306o!\223\221\002\324\031\262\240R\177 ,\214\325\Q])\016\2067\277\t\354\010\000""; "
1750527530086,1750527530086,3375,1,0,1,TMGetLedger,"itype: liBASE; ledgerHash: ""\331]\036\237\306o!\223\221\002\324\031\262\240R\177 ,\214\325\Q])\016\2067\277\t\354\010\000""; queryType: qtINDIRECT; ","itype: liBASE; ledgerHash: ""\331]\036\237\306o!\223\221\002\324\031\262\240R\177 ,\214\325\Q])\016\2067\277\t\354\010\000""; queryType: qtINDIRECT; "
1750527530107,1750527530108,1539,1,4,2,TMLedgerData,"ledgerHash: ""\265\024\321\362\354\211\250.\234s\225amc\305\035\366\276\037nD\277`\210\223N\3535\033\261\304f""; ledgerSeq: 4; type: liBASE; nodes {;   nodedata: ""\000\000\000\004\001cEx]\212\000\000\375T\356\014\360o'\030\311-\267\031\257!\031T\006><\315XM\334\324\345\034\000\325\367\240\271\013\000\000\000\000\000\000\000\000\000\000\000\000\000\000\000\000\000\000\000\000\000\000\000\000\000\000\000\000\000\000\000\000\33221\003\363\014\2155\252\321\210\334\345`\2744<G\2573H\343tZ\376\376\2744]?\013\257/\351\252\240/\351\252\241\n\000""; }; nodes {;   nodedata: ""\303\016\021\310<Z\337\266>\225@&n\022\246\274\353\220\345b3\035\313\350L\354\254\002\005\305\035\017\002E\344\037@\210\363\010\336T\226\247'\204_{\261\370""1\235\2445\343\033Y!\212\201\341\272\225'\007U\271\317\242\035#tQ^\315T\254\344^HI\232\036_j\367^\272OW\000\215\000\027\371\037h\013\003""; }; ","ledgerHash: ""\265\024\321\362\354\211\250.\234s\225amc\305\035\366\276\037nD\277`\210\223N\3535\033\261\304f""; ledgerSeq: 4; type: liBASE; nodes {;   nodedata: ""\000\000\000\004\001cEx]\212\000\000\375T\356\014\360o'\030\311-\267\031\257!\031T\006><\315XM\334\324\345\034\000\325\367\240\271\013\000\000\000\000\000\000\000\000\000\000\000\000\000\000\000\000\000\000\000\000\000\000\000\000\000\000\000\000\000\000\000\000\33221\003\363\014\2155\252\321\210\334\345`\2744<G\2573H\343tZ\376\376\2744]?\013\257/\351\252\240/\351\252\241\n\000""; }; nodes {;   nodedata: ""\303\016\021\310<Z\337\266>\225@&n\022\246\274\353\220\345b3\035\313\350L\354\254\002\005\305\035\017\002E\344\037@\210\363\010\336T\226\247'\204_{\261\370""1\235\2445\343\033Y!\212\201\341\272\225'\007U\271\317\242\035#tQ^\315T\254\344^HI\232\036_j\367^\272OW\000\215\000\027\371\037h\013\003""; }; "
1750527530108,1750527530108,1539,1,4,2,TMLedgerData,"ledgerHash: ""\265\024\321\362\354\211\250.\234s\225amc\305\035\366\276\037nD\277`\210\223N\3535\033\261\304f""; ledgerSeq: 4; type: liBASE; nodes {;   nodedata: ""\000\000\000\004\001cEx]\212\000\000\375T\356\014\360o'\030\311-\267\031\257!\031T\006><\315XM\334\324\345\034\000\325\367\240\271\013\000\000\000\000\000\000\000\000\000\000\000\000\000\000\000\000\000\000\000\000\000\000\000\000\000\000\000\000\000\000\000\000\33221\003\363\014\2155\252\321\210\334\345`\2744<G\2573H\343tZ\376\376\2744]?\013\257/\351\252\240/\351\252\241\n\000""; }; nodes {;   nodedata: ""\303\016\021\310<Z\337\266>\225@&n\022\246\274\353\220\345b3\035\313\350L\354\254\002\005\305\035\017\002E\344\037@\210\363\010\336T\226\247'\204_{\261\370""1\235\2445\343\033Y!\212\201\341\272\225'\007U\271\317\242\035#tQ^\315T\254\344^HI\232\036_j\367^\272OW\000\215\000\027\371\037h\013\003""; }; ","ledgerHash: ""\265\024\321\362\354\211\250.\234s\225amc\305\035\366\276\037nD\277`\210\223N\3535\033\261\304f""; ledgerSeq: 4; type: liBASE; nodes {;   nodedata: ""\000\000\000\004\001cEx]\212\000\000\375T\356\014\360o'\030\311-\267\031\257!\031T\006><\315XM\334\324\345\034\000\325\367\240\271\013\000\000\000\000\000\000\000\000\000\000\000\000\000\000\000\000\000\000\000\000\000\000\000\000\000\000\000\000\000\000\000\000\33221\003\363\014\2155\252\321\210\334\345`\2744<G\2573H\343tZ\376\376\2744]?\013\257/\351\252\240/\351\252\241\n\000""; }; nodes {;   nodedata: ""\303\016\021\310<Z\337\266>\225@&n\022\246\274\353\220\345b3\035\313\350L\354\254\002\005\305\035\017\002E\344\037@\210\363\010\336T\226\247'\204_{\261\370""1\235\2445\343\033Y!\212\201\341\272\225'\007U\271\317\242\035#tQ^\315T\254\344^HI\232\036_j\367^\272OW\000\215\000\027\371\037h\013\003""; }; "
1750527530116,1750527530117,559,1,4,3,TMGetLedger,"itype: liTS_CANDIDATE; ledgerHash: ""'\274\220\233\332\373\335\027\332I\377y`\224\260\350-\215\335\267[\036\265\265\252`\026&\030{\362\363""; nodeIDs: ""\000\000\000\000\000\000\000\000\000\000\000\000\000\000\000\000\000\000\000\000\000\000\000\000\000\000\000\000\000\000\000\000\000""; requestCookie: 1; queryType: qtINDIRECT; queryDepth: 3; ","itype: liTS_CANDIDATE; ledgerHash: ""'\274\220\233\332\373\335\027\332I\377y`\224\260\350-\215\335\267[\036\265\265\252`\026&\030{\362\363""; nodeIDs: ""\000\000\000\000\000\000\000\000\000\000\000\000\000\000\000\000\000\000\000\000\000\000\000\000\000\000\000\000\000\000\000\000\000""; requestCookie: 1; queryType: qtINDIRECT; queryDepth: 3; "
1750527530128,1750527530128,1199,1,0,2,TMGetLedger,"itype: liTS_CANDIDATE; ledgerHash: ""[\000\302\314\326\214\276@c\240\272\222{\363\314\032\213\311\316\246/\330\302\014>\022\346\234\347\264\270\350""; nodeIDs: ""\000\000\000\000\000\000\000\000\000\000\000\000\000\000\000\000\000\000\000\000\000\000\000\000\000\000\000\000\000\000\000\000\000""; queryType: qtINDIRECT; queryDepth: 3; ","itype: liTS_CANDIDATE; ledgerHash: ""[\000\302\314\326\214\276@c\240\272\222{\363\314\032\213\311\316\246/\330\302\014>\022\346\234\347\264\270\350""; nodeIDs: ""\000\000\000\000\000\000\000\000\000\000\000\000\000\000\000\000\000\000\000\000\000\000\000\000\000\000\000\000\000\000\000\000\000""; queryType: qtINDIRECT; queryDepth: 3; "
1750527530129,1750527530129,3375,1,0,1,TMGetLedger,"itype: liTS_CANDIDATE; ledgerHash: ""[\000\302\314\326\214\276@c\240\272\222{\363\314\032\213\311\316\246/\330\302\014>\022\346\234\347\264\270\350""; nodeIDs: ""\000\000\000\000\000\000\000\000\000\000\000\000\000\000\000\000\000\000\000\000\000\000\000\000\000\000\000\000\000\000\000\000\000""; queryType: qtINDIRECT; queryDepth: 3; ","itype: liTS_CANDIDATE; ledgerHash: ""[\000\302\314\326\214\276@c\240\272\222{\363\314\032\213\311\316\246/\330\302\014>\022\346\234\347\264\270\350""; nodeIDs: ""\000\000\000\000\000\000\000\000\000\000\000\000\000\000\000\000\000\000\000\000\000\000\000\000\000\000\000\000\000\000\000\000\000""; queryType: qtINDIRECT; queryDepth: 3; "
1750527530129,1750527530129,3094,1,0,3,TMGetLedger,"itype: liTS_CANDIDATE; ledgerHash: ""[\000\302\314\326\214\276@c\240\272\222{\363\314\032\213\311\316\246/\330\302\014>\022\346\234\347\264\270\350""; nodeIDs: ""\000\000\000\000\000\000\000\000\000\000\000\000\000\000\000\000\000\000\000\000\000\000\000\000\000\000\000\000\000\000\000\000\000""; queryType: qtINDIRECT; queryDepth: 3; ","itype: liTS_CANDIDATE; ledgerHash: ""[\000\302\314\326\214\276@c\240\272\222{\363\314\032\213\311\316\246/\330\302\014>\022\346\234\347\264\270\350""; nodeIDs: ""\000\000\000\000\000\000\000\000\000\000\000\000\000\000\000\000\000\000\000\000\000\000\000\000\000\000\000\000\000\000\000\000\000""; queryType: qtINDIRECT; queryDepth: 3; "
1750527530130,1750527530130,380,1,0,4,TMGetLedger,"itype: liTS_CANDIDATE; ledgerHash: ""[\000\302\314\326\214\276@c\240\272\222{\363\314\032\213\311\316\246/\330\302\014>\022\346\234\347\264\270\350""; nodeIDs: ""\000\000\000\000\000\000\000\000\000\000\000\000\000\000\000\000\000\000\000\000\000\000\000\000\000\000\000\000\000\000\000\000\000""; queryType: qtINDIRECT; queryDepth: 3; ","itype: liTS_CANDIDATE; ledgerHash: ""[\000\302\314\326\214\276@c\240\272\222{\363\314\032\213\311\316\246/\330\302\014>\022\346\234\347\264\270\350""; nodeIDs: ""\000\000\000\000\000\000\000\000\000\000\000\000\000\000\000\000\000\000\000\000\000\000\000\000\000\000\000\000\000\000\000\000\000""; queryType: qtINDIRECT; queryDepth: 3; "
1750527530143,1750527530143,1150,1,3,4,TMLedgerData,"ledgerHash: ""'\274\220\233\332\373\335\027\332I\377y`\224\260\350-\215\335\267[\036\265\265\252`\026&\030{\362\363""; ledgerSeq: 0; type: liTS_CANDIDATE; nodes {;   nodedata: ""\002i\361\030\371\256\265\036\320\273\013\357<\215/(\215[\231D\357Gd\372\270\316\261\301\342\327\225\241\000GZ\227\022t\201\240u\2324P\027\307M\337'Y\361[IAD\351\374!\232\005\337\376\252\251g\004\240\231\202k\030<\225\205;%\337\001\376d\216V\310\306k>\373\322\372\353b\3659\350\345\324F\026\n\003"";   nodeid: ""\000\000\000\000\000\000\000\000\000\000\000\000\000\000\000\000\000\000\000\000\000\000\000\000\000\000\000\000\000\000\000\000\000""; }; ","ledgerHash: ""'\274\220\233\332\373\335\027\332I\377y`\224\260\350-\215\335\267[\036\265\265\252`\026&\030{\362\363""; ledgerSeq: 0; type: liTS_CANDIDATE; nodes {;   nodedata: ""\002i\361\030\371\256\265\036\320\273\013\357<\215/(\215[\231D\357Gd\372\270\316\261\301\342\327\225\241\000GZ\227\022t\201\240u\2324P\027\307M\337'Y\361[IAD\351\374!\232\005\337\376\252\251g\004\240\231\202k\030<\225\205;%\337\001\376d\216V\310\306k>\373\322\372\353b\3659\350\345\324F\026\n\003"";   nodeid: ""\000\000\000\000\000\000\000\000\000\000\000\000\000\000\000\000\000\000\000\000\000\000\000\000\000\000\000\000\000\000\000\000\000""; }; "
1750527530157,1750527530157,1932,1,4,0,TMGetLedger,"itype: liTS_CANDIDATE; ledgerHash: ""\310\200l\322\255\214\342'\243\202\375k%_\335\032N\021G\005\230\271\366~%e\366\202l^\rR""; nodeIDs: ""\000\000\000\000\000\000\000\000\000\000\000\000\000\000\000\000\000\000\000\000\000\000\000\000\000\000\000\000\000\000\000\000\000""; requestCookie: 4; queryType: qtINDIRECT; queryDepth: 3; ","itype: liTS_CANDIDATE; ledgerHash: ""\310\200l\322\255\214\342'\243\202\375k%_\335\032N\021G\005\230\271\366~%e\366\202l^\rR""; nodeIDs: ""\000\000\000\000\000\000\000\000\000\000\000\000\000\000\000\000\000\000\000\000\000\000\000\000\000\000\000\000\000\000\000\000\000""; requestCookie: 4; queryType: qtINDIRECT; queryDepth: 3; "
1750527530159,1750527530159,559,1,4,3,TMGetLedger,"itype: liTS_CANDIDATE; ledgerHash: ""\310\200l\322\255\214\342'\243\202\375k%_\335\032N\021G\005\230\271\366~%e\366\202l^\rR""; nodeIDs: ""\000\000\000\000\000\000\000\000\000\000\000\000\000\000\000\000\000\000\000\000\000\000\000\000\000\000\000\000\000\000\000\000\000""; queryType: qtINDIRECT; queryDepth: 3; ","itype: liTS_CANDIDATE; ledgerHash: ""\310\200l\322\255\214\342'\243\202\375k%_\335\032N\021G\005\230\271\366~%e\366\202l^\rR""; nodeIDs: ""\000\000\000\000\000\000\000\000\000\000\000\000\000\000\000\000\000\000\000\000\000\000\000\000\000\000\000\000\000\000\000\000\000""; queryType: qtINDIRECT; queryDepth: 3; "
1750527530159,1750527530159,2309,1,4,2,TMGetLedger,"itype: liTS_CANDIDATE; ledgerHash: ""\310\200l\322\255\214\342'\243\202\375k%_\335\032N\021G\005\230\271\366~%e\366\202l^\rR""; nodeIDs: ""\000\000\000\000\000\000\000\000\000\000\000\000\000\000\000\000\000\000\000\000\000\000\000\000\000\000\000\000\000\000\000\000\000""; queryType: qtINDIRECT; queryDepth: 3; ","itype: liTS_CANDIDATE; ledgerHash: ""\310\200l\322\255\214\342'\243\202\375k%_\335\032N\021G\005\230\271\366~%e\366\202l^\rR""; nodeIDs: ""\000\000\000\000\000\000\000\000\000\000\000\000\000\000\000\000\000\000\000\000\000\000\000\000\000\000\000\000\000\000\000\000\000""; queryType: qtINDIRECT; queryDepth: 3; "
1750527530159,1750527530159,2101,1,4,1,TMGetLedger,"itype: liTS_CANDIDATE; ledgerHash: ""\310\200l\322\255\214\342'\243\202\375k%_\335\032N\021G\005\230\271\366~%e\366\202l^\rR""; nodeIDs: ""\000\000\000\000\000\000\000\000\000\000\000\000\000\000\000\000\000\000\000\000\000\000\000\000\000\000\000\000\000\000\000\000\000""; queryType: qtINDIRECT; queryDepth: 3; ","itype: liTS_CANDIDATE; ledgerHash: ""\310\200l\322\255\214\342'\243\202\375k%_\335\032N\021G\005\230\271\366~%e\366\202l^\rR""; nodeIDs: ""\000\000\000\000\000\000\000\000\000\000\000\000\000\000\000\000\000\000\000\000\000\000\000\000\000\000\000\000\000\000\000\000\000""; queryType: qtINDIRECT; queryDepth: 3; "
1750527530178,1750527530178,2079,1,3,1,TMGetLedger,"itype: liTS_CANDIDATE; ledgerHash: ""[\000\302\314\326\214\276@c\240\272\222{\363\314\032\213\311\316\246/\330\302\014>\022\346\234\347\264\270\350""; nodeIDs: ""\000\000\000\000\000\000\000\000\000\000\000\000\000\000\000\000\000\000\000\000\000\000\000\000\000\000\000\000\000\000\000\000\000""; queryType: qtINDIRECT; queryDepth: 3; ","itype: liTS_CANDIDATE; ledgerHash: ""[\000\302\314\326\214\276@c\240\272\222{\363\314\032\213\311\316\246/\330\302\014>\022\346\234\347\264\270\350""; nodeIDs: ""\000\000\000\000\000\000\000\000\000\000\000\000\000\000\000\000\000\000\000\000\000\000\000\000\000\000\000\000\000\000\000\000\000""; queryType: qtINDIRECT; queryDepth: 3; "
1750527530178,1750527530178,1131,1,3,0,TMGetLedger,"itype: liTS_CANDIDATE; ledgerHash: ""[\000\302\314\326\214\276@c\240\272\222{\363\314\032\213\311\316\246/\330\302\014>\022\346\234\347\264\270\350""; nodeIDs: ""\000\000\000\000\000\000\000\000\000\000\000\000\000\000\000\000\000\000\000\000\000\000\000\000\000\000\000\000\000\000\000\000\000""; queryType: qtINDIRECT; queryDepth: 3; ","itype: liTS_CANDIDATE; ledgerHash: ""[\000\302\314\326\214\276@c\240\272\222{\363\314\032\213\311\316\246/\330\302\014>\022\346\234\347\264\270\350""; nodeIDs: ""\000\000\000\000\000\000\000\000\000\000\000\000\000\000\000\000\000\000\000\000\000\000\000\000\000\000\000\000\000\000\000\000\000""; queryType: qtINDIRECT; queryDepth: 3; "
1750527530178,1750527530178,2794,1,3,2,TMGetLedger,"itype: liTS_CANDIDATE; ledgerHash: ""[\000\302\314\326\214\276@c\240\272\222{\363\314\032\213\311\316\246/\330\302\014>\022\346\234\347\264\270\350""; nodeIDs: ""\000\000\000\000\000\000\000\000\000\000\000\000\000\000\000\000\000\000\000\000\000\000\000\000\000\000\000\000\000\000\000\000\000""; queryType: qtINDIRECT; queryDepth: 3; ","itype: liTS_CANDIDATE; ledgerHash: ""[\000\302\314\326\214\276@c\240\272\222{\363\314\032\213\311\316\246/\330\302\014>\022\346\234\347\264\270\350""; nodeIDs: ""\000\000\000\000\000\000\000\000\000\000\000\000\000\000\000\000\000\000\000\000\000\000\000\000\000\000\000\000\000\000\000\000\000""; queryType: qtINDIRECT; queryDepth: 3; "
1750527530178,1750527530179,1019,1,3,4,TMGetLedger,"itype: liTS_CANDIDATE; ledgerHash: ""[\000\302\314\326\214\276@c\240\272\222{\363\314\032\213\311\316\246/\330\302\014>\022\346\234\347\264\270\350""; nodeIDs: ""\000\000\000\000\000\000\000\000\000\000\000\000\000\000\000\000\000\000\000\000\000\000\000\000\000\000\000\000\000\000\000\000\000""; queryType: qtINDIRECT; queryDepth: 3; ","itype: liTS_CANDIDATE; ledgerHash: ""[\000\302\314\326\214\276@c\240\272\222{\363\314\032\213\311\316\246/\330\302\014>\022\346\234\347\264\270\350""; nodeIDs: ""\000\000\000\000\000\000\000\000\000\000\000\000\000\000\000\000\000\000\000\000\000\000\000\000\000\000\000\000\000\000\000\000\000""; queryType: qtINDIRECT; queryDepth: 3; "
1750527530191,1750527530191,1932,1,4,0,TMGetLedger,"itype: liTS_CANDIDATE; ledgerHash: ""\310\200l\322\255\214\342'\243\202\375k%_\335\032N\021G\005\230\271\366~%e\366\202l^\rR""; nodeIDs: ""\000\000\000\000\000\000\000\000\000\000\000\000\000\000\000\000\000\000\000\000\000\000\000\000\000\000\000\000\000\000\000\000\000""; queryType: qtINDIRECT; queryDepth: 3; ","itype: liTS_CANDIDATE; ledgerHash: ""\310\200l\322\255\214\342'\243\202\375k%_\335\032N\021G\005\230\271\366~%e\366\202l^\rR""; nodeIDs: ""\000\000\000\000\000\000\000\000\000\000\000\000\000\000\000\000\000\000\000\000\000\000\000\000\000\000\000\000\000\000\000\000\000""; queryType: qtINDIRECT; queryDepth: 3; "
1750527530203,1750527530203,2764,1,4,3,TMLedgerData,"ledgerHash: ""[\000\302\314\326\214\276@c\240\272\222{\363\314\032\213\311\316\246/\330\302\014>\022\346\234\347\264\270\350""; ledgerSeq: 0; type: liTS_CANDIDATE; nodes {;   nodedata: ""\002i\361\030\371\256\265\036\320\273\013\357<\215/(\215[\231D\357Gd\372\270\316\261\301\342\327\225\241\000GZ\227\022t\201\240u\2324P\027\307M\337'Y\361[IAD\351\374!\232\005\337\376\252\251g\004\003"";   nodeid: ""\000\000\000\000\000\000\000\000\000\000\000\000\000\000\000\000\000\000\000\000\000\000\000\000\000\000\000\000\000\000\000\000\000""; }; ","ledgerHash: ""[\000\302\314\326\214\276@c\240\272\222{\363\314\032\213\311\316\246/\330\302\014>\022\346\234\347\264\270\350""; ledgerSeq: 0; type: liTS_CANDIDATE; nodes {;   nodedata: ""\002i\361\030\371\256\265\036\320\273\013\357<\215/(\215[\231D\357Gd\372\270\316\261\301\342\327\225\241\000GZ\227\022t\201\240u\2324P\027\307M\337'Y\361[IAD\351\374!\232\005\337\376\252\251g\004\003"";   nodeid: ""\000\000\000\000\000\000\000\000\000\000\000\000\000\000\000\000\000\000\000\000\000\000\000\000\000\000\000\000\000\000\000\000\000""; }; "
1750527530215,1750527530215,2920,1,1,0,TMGetLedger,"itype: liTS_CANDIDATE; ledgerHash: ""\310\200l\322\255\214\342'\243\202\375k%_\335\032N\021G\005\230\271\366~%e\366\202l^\rR""; nodeIDs: ""\000\000\000\000\000\000\000\000\000\000\000\000\000\000\000\000\000\000\000\000\000\000\000\000\000\000\000\000\000\000\000\000\000""; requestCookie: 4; queryType: qtINDIRECT; queryDepth: 3; ","itype: liTS_CANDIDATE; ledgerHash: ""\310\200l\322\255\214\342'\243\202\375k%_\335\032N\021G\005\230\271\366~%e\366\202l^\rR""; nodeIDs: ""\000\000\000\000\000\000\000\000\000\000\000\000\000\000\000\000\000\000\000\000\000\000\000\000\000\000\000\000\000\000\000\000\000""; requestCookie: 4; queryType: qtINDIRECT; queryDepth: 3; "
1750527530219,1750527530219,1150,1,3,4,TMLedgerData,"ledgerHash: ""\310\200l\322\255\214\342'\243\202\375k%_\335\032N\021G\005\230\271\366~%e\366\202l^\rR""; ledgerSeq: 0; type: liTS_CANDIDATE; nodes {;   nodedata: ""GZ\227\022t\201\240u\2324P\027\307M\337'Y\361[IAD\351\374!\232\005\337\376\252\251g\004\003"";   nodeid: ""\000\000\000\000\000\000\000\000\000\000\000\000\000\000\000\000\000\000\000\000\000\000\000\000\000\000\000\000\000\000\000\000\000""; }; ","ledgerHash: ""\310\200l\322\255\214\342'\243\202\375k%_\335\032N\021G\005\230\271\366~%e\366\202l^\rR""; ledgerSeq: 0; type: liTS_CANDIDATE; nodes {;   nodedata: ""GZ\227\022t\201\240u\2324P\027\307M\337'Y\361[IAD\351\374!\232\005\337\376\252\251g\004\003"";   nodeid: ""\000\000\000\000\000\000\000\000\000\000\000\000\000\000\000\000\000\000\000\000\000\000\000\000\000\000\000\000\000\000\000\000\000""; }; "
1750527530234,1750527530234,3378,1,4,0,TMLedgerData,"ledgerHash: ""[\000\302\314\326\214\276@c\240\272\222{\363\314\032\213\311\316\246/\330\302\014>\022\346\234\347\264\270\350""; ledgerSeq: 0; type: liTS_CANDIDATE; nodes {;   nodedata: ""\002i\361\030\371\256\265\036\320\273\013\357<\215/(\215[\231D\357Gd\372\270\316\261\301\342\327\225\241\000GZ\227\022t\201\240u\2324P\027\307M\337'Y\361[IAD\351\374!\232\005\337\376\252\251g\004\003"";   nodeid: ""\000\000\000\000\000\000\000\000\000\000\000\000\000\000\000\000\000\000\000\000\000\000\000\000\000\000\000\000\000\000\000\000\000""; }; requestCookie: 4; ","ledgerHash: ""[\000\302\314\326\214\276@c\240\272\222{\363\314\032\213\311\316\246/\330\302\014>\022\346\234\347\264\270\350""; ledgerSeq: 0; type: liTS_CANDIDATE; nodes {;   nodedata: ""\002i\361\030\371\256\265\036\320\273\013\357<\215/(\215[\231D\357Gd\372\270\316\261\301\342\327\225\241\000GZ\227\022t\201\240u\2324P\027\307M\337'Y\361[IAD\351\374!\232\005\337\376\252\251g\004\003"";   nodeid: ""\000\000\000\000\000\000\000\000\000\000\000\000\000\000\000\000\000\000\000\000\000\000\000\000\000\000\000\000\000\000\000\000\000""; }; requestCookie: 4; "
1750527530236,1750527530236,3375,1,0,1,TMGetLedger,"itype: liTS_CANDIDATE; ledgerHash: ""'\274\220\233\332\373\335\027\332I\377y`\224\260\350-\215\335\267[\036\265\265\252`\026&\030{\362\363""; nodeIDs: ""\000\000\000\000\000\000\000\000\000\000\000\000\000\000\000\000\000\000\000\000\000\000\000\000\000\000\000\000\000\000\000\000\000""; queryType: qtINDIRECT; queryDepth: 3; ","itype: liTS_CANDIDATE; ledgerHash: ""'\274\220\233\332\373\335\027\332I\377y`\224\260\350-\215\335\267[\036\265\265\252`\026&\030{\362\363""; nodeIDs: ""\000\000\000\000\000\000\000\000\000\000\000\000\000\000\000\000\000\000\000\000\000\000\000\000\000\000\000\000\000\000\000\000\000""; queryType: qtINDIRECT; queryDepth: 3; "
1750527530236,1750527530236,1199,1,0,2,TMGetLedger,"itype: liTS_CANDIDATE; ledgerHash: ""'\274\220\233\332\373\335\027\332I\377y`\224\260\350-\215\335\267[\036\265\265\252`\026&\030{\362\363""; nodeIDs: ""\000\000\000\000\000\000\000\000\000\000\000\000\000\000\000\000\000\000\000\000\000\000\000\000\000\000\000\000\000\000\000\000\000""; queryType: qtINDIRECT; queryDepth: 3; ","itype: liTS_CANDIDATE; ledgerHash: ""'\274\220\233\332\373\335\027\332I\377y`\224\260\350-\215\335\267[\036\265\265\252`\026&\030{\362\363""; nodeIDs: ""\000\000\000\000\000\000\000\000\000\000\000\000\000\000\000\000\000\000\000\000\000\000\000\000\000\000\000\000\000\000\000\000\000""; queryType: qtINDIRECT; queryDepth: 3; "
1750527530236,1750527530236,3094,1,0,3,TMGetLedger,"itype: liTS_CANDIDATE; ledgerHash: ""'\274\220\233\332\373\335\027\332I\377y`\224\260\350-\215\335\267[\036\265\265\252`\026&\030{\362\363""; nodeIDs: ""\000\000\000\000\000\000\000\000\000\000\000\000\000\000\000\000\000\000\000\000\000\000\000\000\000\000\000\000\000\000\000\000\000""; queryType: qtINDIRECT; queryDepth: 3; ","itype: liTS_CANDIDATE; ledgerHash: ""'\274\220\233\332\373\335\027\332I\377y`\224\260\350-\215\335\267[\036\265\265\252`\026&\030{\362\363""; nodeIDs: ""\000\000\000\000\000\000\000\000\000\000\000\000\000\000\000\000\000\000\000\000\000\000\000\000\000\000\000\000\000\000\000\000\000""; queryType: qtINDIRECT; queryDepth: 3; "
1750527530236,1750527530237,380,1,0,4,TMGetLedger,"itype: liTS_CANDIDATE; ledgerHash: ""'\274\220\233\332\373\335\027\332I\377y`\224\260\350-\215\335\267[\036\265\265\252`\026&\030{\362\363""; nodeIDs: ""\000\000\000\000\000\000\000\000\000\000\000\000\000\000\000\000\000\000\000\000\000\000\000\000\000\000\000\000\000\000\000\000\000""; queryType: qtINDIRECT; queryDepth: 3; ","itype: liTS_CANDIDATE; ledgerHash: ""'\274\220\233\332\373\335\027\332I\377y`\224\260\350-\215\335\267[\036\265\265\252`\026&\030{\362\363""; nodeIDs: ""\000\000\000\000\000\000\000\000\000\000\000\000\000\000\000\000\000\000\000\000\000\000\000\000\000\000\000\000\000\000\000\000\000""; queryType: qtINDIRECT; queryDepth: 3; "
1750527530247,1750527530247,1544,1,2,1,TMGetLedger,"itype: liTS_CANDIDATE; ledgerHash: ""[\000\302\314\326\214\276@c\240\272\222{\363\314\032\213\311\316\246/\330\302\014>\022\346\234\347\264\270\350""; nodeIDs: ""\000\000\000\000\000\000\000\000\000\000\000\000\000\000\000\000\000\000\000\000\000\000\000\000\000\000\000\000\000\000\000\000\000""; queryType: qtINDIRECT; queryDepth: 3; ","itype: liTS_CANDIDATE; ledgerHash: ""[\000\302\314\326\214\276@c\240\272\222{\363\314\032\213\311\316\246/\330\302\014>\022\346\234\347\264\270\350""; nodeIDs: ""\000\000\000\000\000\000\000\000\000\000\000\000\000\000\000\000\000\000\000\000\000\000\000\000\000\000\000\000\000\000\000\000\000""; queryType: qtINDIRECT; queryDepth: 3; "
1750527530248,1750527530248,3719,1,2,4,TMGetLedger,"itype: liTS_CANDIDATE; ledgerHash: ""[\000\302\314\326\214\276@c\240\272\222{\363\314\032\213\311\316\246/\330\302\014>\022\346\234\347\264\270\350""; nodeIDs: ""\000\000\000\000\000\000\000\000\000\000\000\000\000\000\000\000\000\000\000\000\000\000\000\000\000\000\000\000\000\000\000\000\000""; queryType: qtINDIRECT; queryDepth: 3; ","itype: liTS_CANDIDATE; ledgerHash: ""[\000\302\314\326\214\276@c\240\272\222{\363\314\032\213\311\316\246/\330\302\014>\022\346\234\347\264\270\350""; nodeIDs: ""\000\000\000\000\000\000\000\000\000\000\000\000\000\000\000\000\000\000\000\000\000\000\000\000\000\000\000\000\000\000\000\000\000""; queryType: qtINDIRECT; queryDepth: 3; "
1750527530248,1750527530248,4000,1,2,3,TMGetLedger,"itype: liTS_CANDIDATE; ledgerHash: ""[\000\302\314\326\214\276@c\240\272\222{\363\314\032\213\311\316\246/\330\302\014>\022\346\234\347\264\270\350""; nodeIDs: ""\000\000\000\000\000\000\000\000\000\000\000\000\000\000\000\000\000\000\000\000\000\000\000\000\000\000\000\000\000\000\000\000\000""; queryType: qtINDIRECT; queryDepth: 3; ","itype: liTS_CANDIDATE; ledgerHash: ""[\000\302\314\326\214\276@c\240\272\222{\363\314\032\213\311\316\246/\330\302\014>\022\346\234\347\264\270\350""; nodeIDs: ""\000\000\000\000\000\000\000\000\000\000\000\000\000\000\000\000\000\000\000\000\000\000\000\000\000\000\000\000\000\000\000\000\000""; queryType: qtINDIRECT; queryDepth: 3; "
1750527530248,1750527530248,589,1,2,0,TMGetLedger,"itype: liTS_CANDIDATE; ledgerHash: ""[\000\302\314\326\214\276@c\240\272\222{\363\314\032\213\311\316\246/\330\302\014>\022\346\234\347\264\270\350""; nodeIDs: ""\000\000\000\000\000\000\000\000\000\000\000\000\000\000\000\000\000\000\000\000\000\000\000\000\000\000\000\000\000\000\000\000\000""; queryType: qtINDIRECT; queryDepth: 3; ","itype: liTS_CANDIDATE; ledgerHash: ""[\000\302\314\326\214\276@c\240\272\222{\363\314\032\213\311\316\246/\330\302\014>\022\346\234\347\264\270\350""; nodeIDs: ""\000\000\000\000\000\000\000\000\000\000\000\000\000\000\000\000\000\000\000\000\000\000\000\000\000\000\000\000\000\000\000\000\000""; queryType: qtINDIRECT; queryDepth: 3; "
1750527530258,1750527530258,3810,1,1,4,TMGetLedger,"itype: liTS_CANDIDATE; ledgerHash: ""[\000\302\314\326\214\276@c\240\272\222{\363\314\032\213\311\316\246/\330\302\014>\022\346\234\347\264\270\350""; nodeIDs: ""\000\000\000\000\000\000\000\000\000\000\000\000\000\000\000\000\000\000\000\000\000\000\000\000\000\000\000\000\000\000\000\000\000""; requestCookie: 4; queryType: qtINDIRECT; queryDepth: 3; ","itype: liTS_CANDIDATE; ledgerHash: ""[\000\302\314\326\214\276@c\240\272\222{\363\314\032\213\311\316\246/\330\302\014>\022\346\234\347\264\270\350""; nodeIDs: ""\000\000\000\000\000\000\000\000\000\000\000\000\000\000\000\000\000\000\000\000\000\000\000\000\000\000\000\000\000\000\000\000\000""; requestCookie: 4; queryType: qtINDIRECT; queryDepth: 3; "
1750527530261,1750527530261,3810,1,1,4,TMGetLedger,"itype: liTS_CANDIDATE; ledgerHash: ""[\000\302\314\326\214\276@c\240\272\222{\363\314\032\213\311\316\246/\330\302\014>\022\346\234\347\264\270\350""; nodeIDs: ""\000\000\000\000\000\000\000\000\000\000\000\000\000\000\000\000\000\000\000\000\000\000\000\000\000\000\000\000\000\000\000\000\000""; queryType: qtINDIRECT; queryDepth: 3; ","itype: liTS_CANDIDATE; ledgerHash: ""[\000\302\314\326\214\276@c\240\272\222{\363\314\032\213\311\316\246/\330\302\014>\022\346\234\347\264\270\350""; nodeIDs: ""\000\000\000\000\000\000\000\000\000\000\000\000\000\000\000\000\000\000\000\000\000\000\000\000\000\000\000\000\000\000\000\000\000""; queryType: qtINDIRECT; queryDepth: 3; "
1750527530261,1750527530261,1495,1,1,2,TMGetLedger,"itype: liTS_CANDIDATE; ledgerHash: ""[\000\302\314\326\214\276@c\240\272\222{\363\314\032\213\311\316\246/\330\302\014>\022\346\234\347\264\270\350""; nodeIDs: ""\000\000\000\000\000\000\000\000\000\000\000\000\000\000\000\000\000\000\000\000\000\000\000\000\000\000\000\000\000\000\000\000\000""; queryType: qtINDIRECT; queryDepth: 3; ","itype: liTS_CANDIDATE; ledgerHash: ""[\000\302\314\326\214\276@c\240\272\222{\363\314\032\213\311\316\246/\330\302\014>\022\346\234\347\264\270\350""; nodeIDs: ""\000\000\000\000\000\000\000\000\000\000\000\000\000\000\000\000\000\000\000\000\000\000\000\000\000\000\000\000\000\000\000\000\000""; queryType: qtINDIRECT; queryDepth: 3; "
1750527530262,1750527530262,2920,1,1,0,TMGetLedger,"itype: liTS_CANDIDATE; ledgerHash: ""[\000\302\314\326\214\276@c\240\272\222{\363\314\032\213\311\316\246/\330\302\014>\022\346\234\347\264\270\350""; nodeIDs: ""\000\000\000\000\000\000\000\000\000\000\000\000\000\000\000\000\000\000\000\000\000\000\000\000\000\000\000\000\000\000\000\000\000""; queryType: qtINDIRECT; queryDepth: 3; ","itype: liTS_CANDIDATE; ledgerHash: ""[\000\302\314\326\214\276@c\240\272\222{\363\314\032\213\311\316\246/\330\302\014>\022\346\234\347\264\270\350""; nodeIDs: ""\000\000\000\000\000\000\000\000\000\000\000\000\000\000\000\000\000\000\000\000\000\000\000\000\000\000\000\000\000\000\000\000\000""; queryType: qtINDIRECT; queryDepth: 3; "
1750527530262,1750527530262,3769,1,1,3,TMGetLedger,"itype: liTS_CANDIDATE; ledgerHash: ""[\000\302\314\326\214\276@c\240\272\222{\363\314\032\213\311\316\246/\330\302\014>\022\346\234\347\264\270\350""; nodeIDs: ""\000\000\000\000\000\000\000\000\000\000\000\000\000\000\000\000\000\000\000\000\000\000\000\000\000\000\000\000\000\000\000\000\000""; queryType: qtINDIRECT; queryDepth: 3; ","itype: liTS_CANDIDATE; ledgerHash: ""[\000\302\314\326\214\276@c\240\272\222{\363\314\032\213\311\316\246/\330\302\014>\022\346\234\347\264\270\350""; nodeIDs: ""\000\000\000\000\000\000\000\000\000\000\000\000\000\000\000\000\000\000\000\000\000\000\000\000\000\000\000\000\000\000\000\000\000""; queryType: qtINDIRECT; queryDepth: 3; "
1750527530268,1750527530268,1497,1,0,3,TMLedgerData,"ledgerHash: ""\310\200l\322\255\214\342'\243\202\375k%_\335\032N\021G\005\230\271\366~%e\366\202l^\rR""; ledgerSeq: 0; type: liTS_CANDIDATE; nodes {;   nodedata: ""GZ\227\022t\201\240u\2324P\027\307M\337'Y\361[IAD\351\374!\232\005\337\376\252\251g\004\003"";   nodeid: ""\000\000\000\000\000\000\000\000\000\000\000\000\000\000\000\000\000\000\000\000\000\000\000\000\000\000\000\000\000\000\000\000\000""; }; ","ledgerHash: ""\310\200l\322\255\214\342'\243\202\375k%_\335\032N\021G\005\230\271\366~%e\366\202l^\rR""; ledgerSeq: 0; type: liTS_CANDIDATE; nodes {;   nodedata: ""GZ\227\022t\201\240u\2324P\027\307M\337'Y\361[IAD\351\374!\232\005\337\376\252\251g\004\003"";   nodeid: ""\000\000\000\000\000\000\000\000\000\000\000\000\000\000\000\000\000\000\000\000\000\000\000\000\000\000\000\000\000\000\000\000\000""; }; "
1750527530269,1750527530269,3818,1,0,2,TMLedgerData,"ledgerHash: ""\310\200l\322\255\214\342'\243\202\375k%_\335\032N\021G\005\230\271\366~%e\366\202l^\rR""; ledgerSeq: 0; type: liTS_CANDIDATE; nodes {;   nodedata: ""GZ\227\022t\201\240u\2324P\027\307M\337'Y\361[IAD\351\374!\232\005\337\376\252\251g\004\003"";   nodeid: ""\000\000\000\000\000\000\000\000\000\000\000\000\000\000\000\000\000\000\000\000\000\000\000\000\000\000\000\000\000\000\000\000\000""; }; requestCookie: 4; ","ledgerHash: ""\310\200l\322\255\214\342'\243\202\375k%_\335\032N\021G\005\230\271\366~%e\366\202l^\rR""; ledgerSeq: 0; type: liTS_CANDIDATE; nodes {;   nodedata: ""GZ\227\022t\201\240u\2324P\027\307M\337'Y\361[IAD\351\374!\232\005\337\376\252\251g\004\003"";   nodeid: ""\000\000\000\000\000\000\000\000\000\000\000\000\000\000\000\000\000\000\000\000\000\000\000\000\000\000\000\000\000\000\000\000\000""; }; requestCookie: 4; "
1750527530295,1750527530295,3434,1,4,2,TMHaveTransactionSet,"status: tsHAVE; hash: ""'\274\220\233\332\373\335\027\332I\377y`\224\260\350-\215\335\267[\036\265\265\252`\026&\030{\362\363""; ","status: tsHAVE; hash: ""'\274\220\233\332\373\335\027\332I\377y`\224\260\350-\215\335\267[\036\265\265\252`\026&\030{\362\363""; "
1750527530295,1750527530295,3037,1,4,0,TMHaveTransactionSet,"status: tsHAVE; hash: ""'\274\220\233\332\373\335\027\332I\377y`\224\260\350-\215\335\267[\036\265\265\252`\026&\030{\362\363""; ","status: tsHAVE; hash: ""'\274\220\233\332\373\335\027\332I\377y`\224\260\350-\215\335\267[\036\265\265\252`\026&\030{\362\363""; "
1750527530295,1750527530295,2464,1,4,1,TMHaveTransactionSet,"status: tsHAVE; hash: ""'\274\220\233\332\373\335\027\332I\377y`\224\260\350-\215\335\267[\036\265\265\252`\026&\030{\362\363""; ","status: tsHAVE; hash: ""'\274\220\233\332\373\335\027\332I\377y`\224\260\350-\215\335\267[\036\265\265\252`\026&\030{\362\363""; "
1750527530295,1750527530296,323,1,4,3,TMHaveTransactionSet,"status: tsHAVE; hash: ""'\274\220\233\332\373\335\027\332I\377y`\224\260\350-\215\335\267[\036\265\265\252`\026&\030{\362\363""; ","status: tsHAVE; hash: ""'\274\220\233\332\373\335\027\332I\377y`\224\260\350-\215\335\267[\036\265\265\252`\026&\030{\362\363""; "
1750527530310,1750527530310,380,1,0,4,TMGetLedger,"itype: liTS_CANDIDATE; ledgerHash: ""[\000\302\314\326\214\276@c\240\272\222{\363\314\032\213\311\316\246/\330\302\014>\022\346\234\347\264\270\350""; nodeIDs: ""\000\000\000\000\000\000\000\000\000\000\000\000\000\000\000\000\000\000\000\000\000\000\000\000\000\000\000\000\000\000\000\000\000""; requestCookie: 4; queryType: qtINDIRECT; queryDepth: 3; ","itype: liTS_CANDIDATE; ledgerHash: ""[\000\302\314\326\214\276@c\240\272\222{\363\314\032\213\311\316\246/\330\302\014>\022\346\234\347\264\270\350""; nodeIDs: ""\000\000\000\000\000\000\000\000\000\000\000\000\000\000\000\000\000\000\000\000\000\000\000\000\000\000\000\000\000\000\000\000\000""; requestCookie: 4; queryType: qtINDIRECT; queryDepth: 3; "
1750527530318,1750527530318,3459,1,3,1,TMValidation,"validation: """"\200\000\000\001&\000\000\000\005)/\351\252\251:g\237X\336\3531\020\010Q\331]\036\237\306o!\223\221\002\324\031\262\240R\177 ,\214\325\Q])\016\2067\277\t\354\010\000P\027'\274\220\233\332\373\335\027\332I\377y`\224\260\350-\215\335\267[\036\265\265\252`\026&\030{\362\363P\031\265\024\321\362\354\211\250.\234s\225amc\305\035\366\276\037nD\277`\210\223N\3535\033\261\304fs!\003\255\225A\213\332\224ehh\024BDq\224\250\335`\355\353{\357\266\335<\021\032\265\177\206\356&\215vG0E\002!\000\236\266det#$\361\313\350M\312\262l\r3\2730/\020$0fH\361=\362\245\271\265^\276\002 :\361\277\233(A\311\225\032;P\270\341\237\255i\370\315\026_p\250\347\274\244r\021'B\212\373\264""; ","validation: """"\200\000\000\001&\000\000\000\005)/\351\252\251:g\237X\336\3531\020\010Q\331]\036\237\306o!\223\221\002\324\031\262\240R\177 ,\214\325\Q])\016\2067\277\t\354\010\000P\027'\274\220\233\332\373\335\027\332I\377y`\224\260\350-\215\335\267[\036\265\265\252`\026&\030{\362\363P\031\265\024\321\362\354\211\250.\234s\225amc\305\035\366\276\037nD\277`\210\223N\3535\033\261\304fs!\003\255\225A\213\332\224ehh\024BDq\224\250\335`\355\353{\357\266\335<\021\032\265\177\206\356&\215vG0E\002!\000\236\266det#$\361\313\350M\312\262l\r3\2730/\020$0fH\361=\362\245\271\265^\276\002 :\361\277\233(A\311\225\032;P\270\341\237\255i\370\315\026_p\250\347\274\244r\021'B\212\373\264""; "
1750527530318,1750527530318,1777,1,3,0,TMValidation,"validation: """"\200\000\000\001&\000\000\000\005)/\351\252\251:g\237X\336\3531\020\010Q\331]\036\237\306o!\223\221\002\324\031\262\240R\177 ,\214\325\Q])\016\2067\277\t\354\010\000P\027'\274\220\233\332\373\335\027\332I\377y`\224\260\350-\215\335\267[\036\265\265\252`\026&\030{\362\363P\031\265\024\321\362\354\211\250.\234s\225amc\305\035\366\276\037nD\277`\210\223N\3535\033\261\304fs!\003\255\225A\213\332\224ehh\024BDq\224\250\335`\355\353{\357\266\335<\021\032\265\177\206\356&\215vG0E\002!\000\236\266det#$\361\313\350M\312\262l\r3\2730/\020$0fH\361=\362\245\271\265^\276\002 :\361\277\233(A\311\225\032;P\270\341\237\255i\370\315\026_p\250\347\274\244r\021'B\212\373\264""; ","validation: """"\200\000\000\001&\000\000\000\005)/\351\252\251:g\237X\336\3531\020\010Q\331]\036\237\306o!\223\221\002\324\031\262\240R\177 ,\214\325\Q])\016\2067\277\t\354\010\000P\027'\274\220\233\332\373\335\027\332I\377y`\224\260\350-\215\335\267[\036\265\265\252`\026&\030{\362\363P\031\265\024\321\362\354\211\250.\234s\225amc\305\035\366\276\037nD\277`\210\223N\3535\033\261\304fs!\003\255\225A\213\332\224ehh\024BDq\224\250\335`\355\353{\357\266\335<\021\032\265\177\206\356&\215vG0E\002!\000\236\266det#$\361\313\350M\312\262l\r3\2730/\020$0fH\361=\362\245\271\265^\276\002 :\361\277\233(A\311\225\032;P\270\341\237\255i\370\315\026_p\250\347\274\244r\021'B\212\373\264""; "
1750527530318,1750527530318,3736,1,3,4,TMValidation,"validation: """"\200\000\000\001&\000\000\000\005)/\351\252\251:g\237X\336\3531\020\010Q\331]\036\237\306o!\223\221\002\324\031\262\240R\177 ,\214\325\Q])\016\2067\277\t\354\010\000P\027'\274\220\233\332\373\335\027\332I\377y`\224\260\350-\215\335\267[\036\265\265\252`\026&\030{\362\363P\031\265\024\321\362\354\211\250.\234s\225amc\305\035\366\276\037nD\277`\210\223N\3535\033\261\304fs!\003\255\225A\213\332\224ehh\024BDq\224\250\335`\355\353{\357\266\335<\021\032\265\177\206\356&\215vG0E\002!\000\236\266det#$\361\313\350M\312\262l\r3\2730/\020$0fH\361=\362\245\271\265^\276\002 :\361\277\233(A\311\225\032;P\270\341\237\255i\370\315\026_p\250\347\274\244r\021'B\212\373\264""; ","validation: """"\200\000\000\001&\000\000\000\005)/\351\252\251:g\237X\336\3531\020\010Q\331]\036\237\306o!\223\221\002\324\031\262\240R\177 ,\214\325\Q])\016\2067\277\t\354\010\000P\027'\274\220\233\332\373\335\027\332I\377y`\224\260\350-\215\335\267[\036\265\265\252`\026&\030{\362\363P\031\265\024\321\362\354\211\250.\234s\225amc\305\035\366\276\037nD\277`\210\223N\3535\033\261\304fs!\003\255\225A\213\332\224ehh\024BDq\224\250\335`\355\353{\357\266\335<\021\032\265\177\206\356&\215vG0E\002!\000\236\266det#$\361\313\350M\312\262l\r3\2730/\020$0fH\361=\362\245\271\265^\276\002 :\361\277\233(A\311\225\032;P\270\341\237\255i\370\315\026_p\250\347\274\244r\021'B\212\373\264""; "
1750527530378,1750527530379,1199,1,0,2,TMGetLedger,"itype: liTS_CANDIDATE; ledgerHash: ""[\000\302\314\326\214\276@c\240\272\222{\363\314\032\213\311\316\246/\330\302\014>\022\346\234\347\264\270\350""; nodeIDs: ""\000\000\000\000\000\000\000\000\000\000\000\000\000\000\000\000\000\000\000\000\000\000\000\000\000\000\000\000\000\000\000\000\000""; queryType: qtINDIRECT; queryDepth: 3; ","itype: liTS_CANDIDATE; ledgerHash: ""[\000\302\314\326\214\276@c\240\272\222{\363\314\032\213\311\316\246/\330\302\014>\022\346\234\347\264\270\350""; nodeIDs: ""\000\000\000\000\000\000\000\000\000\000\000\000\000\000\000\000\000\000\000\000\000\000\000\000\000\000\000\000\000\000\000\000\000""; queryType: qtINDIRECT; queryDepth: 3; "
1750527530379,1750527530380,3094,1,0,3,TMGetLedger,"itype: liTS_CANDIDATE; ledgerHash: ""[\000\302\314\326\214\276@c\240\272\222{\363\314\032\213\311\316\246/\330\302\014>\022\346\234\347\264\270\350""; nodeIDs: ""\000\000\000\000\000\000\000\000\000\000\000\000\000\000\000\000\000\000\000\000\000\000\000\000\000\000\000\000\000\000\000\000\000""; queryType: qtINDIRECT; queryDepth: 3; ","itype: liTS_CANDIDATE; ledgerHash: ""[\000\302\314\326\214\276@c\240\272\222{\363\314\032\213\311\316\246/\330\302\014>\022\346\234\347\264\270\350""; nodeIDs: ""\000\000\000\000\000\000\000\000\000\000\000\000\000\000\000\000\000\000\000\000\000\000\000\000\000\000\000\000\000\000\000\000\000""; queryType: qtINDIRECT; queryDepth: 3; "
1750527530379,1750527530379,3375,1,0,1,TMGetLedger,"itype: liTS_CANDIDATE; ledgerHash: ""[\000\302\314\326\214\276@c\240\272\222{\363\314\032\213\311\316\246/\330\302\014>\022\346\234\347\264\270\350""; nodeIDs: ""\000\000\000\000\000\000\000\000\000\000\000\000\000\000\000\000\000\000\000\000\000\000\000\000\000\000\000\000\000\000\000\000\000""; queryType: qtINDIRECT; queryDepth: 3; ","itype: liTS_CANDIDATE; ledgerHash: ""[\000\302\314\326\214\276@c\240\272\222{\363\314\032\213\311\316\246/\330\302\014>\022\346\234\347\264\270\350""; nodeIDs: ""\000\000\000\000\000\000\000\000\000\000\000\000\000\000\000\000\000\000\000\000\000\000\000\000\000\000\000\000\000\000\000\000\000""; queryType: qtINDIRECT; queryDepth: 3; "
1750527530380,1750527530380,380,1,0,4,TMGetLedger,"itype: liTS_CANDIDATE; ledgerHash: ""[\000\302\314\326\214\276@c\240\272\222{\363\314\032\213\311\316\246/\330\302\014>\022\346\234\347\264\270\350""; nodeIDs: ""\000\000\000\000\000\000\000\000\000\000\000\000\000\000\000\000\000\000\000\000\000\000\000\000\000\000\000\000\000\000\000\000\000""; queryType: qtINDIRECT; queryDepth: 3; ","itype: liTS_CANDIDATE; ledgerHash: ""[\000\302\314\326\214\276@c\240\272\222{\363\314\032\213\311\316\246/\330\302\014>\022\346\234\347\264\270\350""; nodeIDs: ""\000\000\000\000\000\000\000\000\000\000\000\000\000\000\000\000\000\000\000\000\000\000\000\000\000\000\000\000\000\000\000\000\000""; queryType: qtINDIRECT; queryDepth: 3; "
1750527530384,1750527530384,3504,1,0,4,TMProposeSet,"proposeSeq: 0; currentTxHash: ""'\274\220\233\332\373\335\027\332I\377y`\224\260\350-\215\335\267[\036\265\265\252`\026&\030{\362\363""; nodePubKey: ""\002\266\377\271\344:\030\221i\267\257\215\237M\014\3345f\014\273|\207\367\334\337F\325\004cxB\211L""; closeTime: 803842727; signature: ""0D\002 \i\374\350\207=k\343O\215\001(\277\037\374^\001wx\007lZr\036\355\307\373\036\270F\301*\002 ,\301P\0315ppL\376<Q\004\332\310\224\351B\361\002R\005#\r6\343\035\272&\006\315Ni""; previousledger: ""\265\024\321\362\354\211\250.\234s\225amc\305\035\366\276\037nD\277`\210\223N\3535\033\261\304f""; ","proposeSeq: 0; currentTxHash: ""'\274\220\233\332\373\335\027\332I\377y`\224\260\350-\215\335\267[\036\265\265\252`\026&\030{\362\363""; nodePubKey: ""\002\266\377\271\344:\030\221i\267\257\215\237M\014\3345f\014\273|\207\367\334\337F\325\004cxB\211L""; closeTime: 803842727; signature: ""0D\002 \i\374\350\207=k\343O\215\001(\277\037\374^\001wx\007lZr\036\355\307\373\036\270F\301*\002 ,\301P\0315ppL\376<Q\004\332\310\224\351B\361\002R\005#\r6\343\035\272&\006\315Ni""; previousledger: ""\265\024\321\362\354\211\250.\234s\225amc\305\035\366\276\037nD\277`\210\223N\3535\033\261\304f""; "
1750527530389,1750527530390,2523,1,3,2,TMLedgerData,"ledgerHash: ""\265\024\321\362\354\211\250.\234s\225amc\305\035\366\276\037nD\277`\210\223N\3535\033\261\304f""; ledgerSeq: 4; type: liBASE; nodes {;   nodedata: ""\000\000\000\004\001cEx]\212\000\000\375T\356\014\360o'\030\311-\267\031\257!\031T\006><\315XM\334\324\345\034\000\325\367\240\271\013\000\000\000\000\000\000\000\000\000\000\000\000\000\000\000\000\000\000\000\000\000\000\000\000\000\000\000\000\000\000\000\000\33221\003\363\014\2155\252\321\210\334\345`\2744<G\2573H\343tZ\376\376\2744]?\013\257/\351\252\240/\351\252\241\n\000""; }; nodes {;   nodedata: ""\303\016\021\310<Z\337\266>\225@&n\022\246\274\353\220\345b3\035\313\350L\354\254\002\005\305\035\017\002E\344\037@\210\363\010\336T\226\247'\204_{\261\370""1\235\2445\343\033Y!\212\201\341\272\225'\007U\271\317\242\035#tQ^\315T\254\344^HI\232\036_j\367^\272OW\000\215\000\027\371\037h\013\003""; }; ","ledgerHash: ""\265\024\321\362\354\211\250.\234s\225amc\305\035\366\276\037nD\277`\210\223N\3535\033\261\304f""; ledgerSeq: 4; type: liBASE; nodes {;   nodedata: ""\000\000\000\004\001cEx]\212\000\000\375T\356\014\360o'\030\311-\267\031\257!\031T\006><\315XM\334\324\345\034\000\325\367\240\271\013\000\000\000\000\000\000\000\000\000\000\000\000\000\000\000\000\000\000\000\000\000\000\000\000\000\000\000\000\000\000\000\000\33221\003\363\014\2155\252\321\210\334\345`\2744<G\2573H\343tZ\376\376\2744]?\013\257/\351\252\240/\351\252\241\n\000""; }; nodes {;   nodedata: ""\303\016\021\310<Z\337\266>\225@&n\022\246\274\353\220\345b3\035\313\350L\354\254\002\005\305\035\017\002E\344\037@\210\363\010\336T\226\247'\204_{\261\370""1\235\2445\343\033Y!\212\201\341\272\225'\007U\271\317\242\035#tQ^\315T\254\344^HI\232\036_j\367^\272OW\000\215\000\027\371\037h\013\003""; }; "
1750527530391,1750527530391,1212,1,2,4,TMLedgerData,"ledgerHash: ""'\274\220\233\332\373\335\027\332I\377y`\224\260\350-\215\335\267[\036\265\265\252`\026&\030{\362\363""; ledgerSeq: 0; type: liTS_CANDIDATE; nodes {;   nodedata: ""\002i\361\030\371\256\265\036\320\273\013\357<\215/(\215[\231D\357Gd\372\270\316\261\301\342\327\225\241\000GZ\227\022t\201\240u\2324P\027\307M\337'Y\361[IAD\351\374!\232\005\337\376\252\251g\004\240\231\202k\030<\225\205;%\337\001\376d\216V\310\306k>\373\322\372\353b\3659\350\345\324F\026\n\003"";   nodeid: ""\000\000\000\000\000\000\000\000\000\000\000\000\000\000\000\000\000\000\000\000\000\000\000\000\000\000\000\000\000\000\000\000\000""; }; ","ledgerHash: ""'\274\220\233\332\373\335\027\332I\377y`\224\260\350-\215\335\267[\036\265\265\252`\026&\030{\362\363""; ledgerSeq: 0; type: liTS_CANDIDATE; nodes {;   nodedata: ""\002i\361\030\371\256\265\036\320\273\013\357<\215/(\215[\231D\357Gd\372\270\316\261\301\342\327\225\241\000GZ\227\022t\201\240u\2324P\027\307M\337'Y\361[IAD\351\374!\232\005\337\376\252\251g\004\240\231\202k\030<\225\205;%\337\001\376d\216V\310\306k>\373\322\372\353b\3659\350\345\324F\026\n\003"";   nodeid: ""\000\000\000\000\000\000\000\000\000\000\000\000\000\000\000\000\000\000\000\000\000\000\000\000\000\000\000\000\000\000\000\000\000""; }; "
1750527530392,1750527530393,1150,1,3,4,TMLedgerData,"ledgerHash: ""'\274\220\233\332\373\335\027\332I\377y`\224\260\350-\215\335\267[\036\265\265\252`\026&\030{\362\363""; ledgerSeq: 0; type: liTS_CANDIDATE; nodes {;   nodedata: ""\002i\361\030\371\256\265\036\320\273\013\357<\215/(\215[\231D\357Gd\372\270\316\261\301\342\327\225\241\000GZ\227\022t\201\240u\2324P\027\307M\337'Y\361[IAD\351\374!\232\005\337\376\252\251g\004\240\231\202k\030<\225\205;%\337\001\376d\216V\310\306k>\373\322\372\353b\3659\350\345\324F\026\n\003"";   nodeid: ""\000\000\000\000\000\000\000\000\000\000\000\000\000\000\000\000\000\000\000\000\000\000\000\000\000\000\000\000\000\000\000\000\000""; }; ","ledgerHash: ""'\274\220\233\332\373\335\027\332I\377y`\224\260\350-\215\335\267[\036\265\265\252`\026&\030{\362\363""; ledgerSeq: 0; type: liTS_CANDIDATE; nodes {;   nodedata: ""\002i\361\030\371\256\265\036\320\273\013\357<\215/(\215[\231D\357Gd\372\270\316\261\301\342\327\225\241\000GZ\227\022t\201\240u\2324P\027\307M\337'Y\361[IAD\351\374!\232\005\337\376\252\251g\004\240\231\202k\030<\225\205;%\337\001\376d\216V\310\306k>\373\322\372\353b\3659\350\345\324F\026\n\003"";   nodeid: ""\000\000\000\000\000\000\000\000\000\000\000\000\000\000\000\000\000\000\000\000\000\000\000\000\000\000\000\000\000\000\000\000\000""; }; "
1750527530405,1750527530405,142,1,0,3,TMProposeSet,"proposeSeq: 0; currentTxHash: ""'\274\220\233\332\373\335\027\332I\377y`\224\260\350-\215\335\267[\036\265\265\252`\026&\030{\362\363""; nodePubKey: ""\002\266\377\271\344:\030\221i\267\257\215\237M\014\3345f\014\273|\207\367\334\337F\325\004cxB\211L""; closeTime: 803842727; signature: ""0D\002 \i\374\350\207=k\343O\215\001(\277\037\374^\001wx\007lZr\036\355\307\373\036\270F\301*\002 ,\301P\0315ppL\376<Q\004\332\310\224\351B\361\002R\005#\r6\343\035\272&\006\315Ni""; previousledger: ""\265\024\321\362\354\211\250.\234s\225amc\305\035\366\276\037nD\277`\210\223N\3535\033\261\304f""; ","proposeSeq: 0; currentTxHash: ""'\274\220\233\332\373\335\027\332I\377y`\224\260\350-\215\335\267[\036\265\265\252`\026&\030{\362\363""; nodePubKey: ""\002\266\377\271\344:\030\221i\267\257\215\237M\014\3345f\014\273|\207\367\334\337F\325\004cxB\211L""; closeTime: 803842727; signature: ""0D\002 \i\374\350\207=k\343O\215\001(\277\037\374^\001wx\007lZr\036\355\307\373\036\270F\301*\002 ,\301P\0315ppL\376<Q\004\332\310\224\351B\361\002R\005#\r6\343\035\272&\006\315Ni""; previousledger: ""\265\024\321\362\354\211\250.\234s\225amc\305\035\366\276\037nD\277`\210\223N\3535\033\261\304f""; "
1750527530409,1750527530409,1932,1,4,0,TMGetLedger,"itype: liTS_CANDIDATE; ledgerHash: ""\310\200l\322\255\214\342'\243\202\375k%_\335\032N\021G\005\230\271\366~%e\366\202l^\rR""; nodeIDs: ""\000\000\000\000\000\000\000\000\000\000\000\000\000\000\000\000\000\000\000\000\000\000\000\000\000\000\000\000\000\000\000\000\000""; queryType: qtINDIRECT; queryDepth: 3; ","itype: liTS_CANDIDATE; ledgerHash: ""\310\200l\322\255\214\342'\243\202\375k%_\335\032N\021G\005\230\271\366~%e\366\202l^\rR""; nodeIDs: ""\000\000\000\000\000\000\000\000\000\000\000\000\000\000\000\000\000\000\000\000\000\000\000\000\000\000\000\000\000\000\000\000\000""; queryType: qtINDIRECT; queryDepth: 3; "
1750527530409,1750527530409,559,1,4,3,TMGetLedger,"itype: liTS_CANDIDATE; ledgerHash: ""\310\200l\322\255\214\342'\243\202\375k%_\335\032N\021G\005\230\271\366~%e\366\202l^\rR""; nodeIDs: ""\000\000\000\000\000\000\000\000\000\000\000\000\000\000\000\000\000\000\000\000\000\000\000\000\000\000\000\000\000\000\000\000\000""; queryType: qtINDIRECT; queryDepth: 3; ","itype: liTS_CANDIDATE; ledgerHash: ""\310\200l\322\255\214\342'\243\202\375k%_\335\032N\021G\005\230\271\366~%e\366\202l^\rR""; nodeIDs: ""\000\000\000\000\000\000\000\000\000\000\000\000\000\000\000\000\000\000\000\000\000\000\000\000\000\000\000\000\000\000\000\000\000""; queryType: qtINDIRECT; queryDepth: 3; "
1750527530409,1750527530410,2101,1,4,1,TMGetLedger,"itype: liTS_CANDIDATE; ledgerHash: ""\310\200l\322\255\214\342'\243\202\375k%_\335\032N\021G\005\230\271\366~%e\366\202l^\rR""; nodeIDs: ""\000\000\000\000\000\000\000\000\000\000\000\000\000\000\000\000\000\000\000\000\000\000\000\000\000\000\000\000\000\000\000\000\000""; queryType: qtINDIRECT; queryDepth: 3; ","itype: liTS_CANDIDATE; ledgerHash: ""\310\200l\322\255\214\342'\243\202\375k%_\335\032N\021G\005\230\271\366~%e\366\202l^\rR""; nodeIDs: ""\000\000\000\000\000\000\000\000\000\000\000\000\000\000\000\000\000\000\000\000\000\000\000\000\000\000\000\000\000\000\000\000\000""; queryType: qtINDIRECT; queryDepth: 3; "
1750527530410,1750527530410,2309,1,4,2,TMGetLedger,"itype: liTS_CANDIDATE; ledgerHash: ""\310\200l\322\255\214\342'\243\202\375k%_\335\032N\021G\005\230\271\366~%e\366\202l^\rR""; nodeIDs: ""\000\000\000\000\000\000\000\000\000\000\000\000\000\000\000\000\000\000\000\000\000\000\000\000\000\000\000\000\000\000\000\000\000""; queryType: qtINDIRECT; queryDepth: 3; ","itype: liTS_CANDIDATE; ledgerHash: ""\310\200l\322\255\214\342'\243\202\375k%_\335\032N\021G\005\230\271\366~%e\366\202l^\rR""; nodeIDs: ""\000\000\000\000\000\000\000\000\000\000\000\000\000\000\000\000\000\000\000\000\000\000\000\000\000\000\000\000\000\000\000\000\000""; queryType: qtINDIRECT; queryDepth: 3; "
1750527530422,1750527530422,3268,1,0,2,TMProposeSet,"proposeSeq: 0; currentTxHash: ""'\274\220\233\332\373\335\027\332I\377y`\224\260\350-\215\335\267[\036\265\265\252`\026&\030{\362\363""; nodePubKey: ""\002\266\377\271\344:\030\221i\267\257\215\237M\014\3345f\014\273|\207\367\334\337F\325\004cxB\211L""; closeTime: 803842727; signature: ""0D\002 \i\374\350\207=k\343O\215\001(\277\037\374^\001wx\007lZr\036\355\307\373\036\270F\301*\002 ,\301P\0315ppL\376<Q\004\332\310\224\351B\361\002R\005#\r6\343\035\272&\006\315Ni""; previousledger: ""\265\024\321\362\354\211\250.\234s\225amc\305\035\366\276\037nD\277`\210\223N\3535\033\261\304f""; ","proposeSeq: 0; currentTxHash: ""'\274\220\233\332\373\335\027\332I\377y`\224\260\350-\215\335\267[\036\265\265\252`\026&\030{\362\363""; nodePubKey: ""\002\266\377\271\344:\030\221i\267\257\215\237M\014\3345f\014\273|\207\367\334\337F\325\004cxB\211L""; closeTime: 803842727; signature: ""0D\002 \i\374\350\207=k\343O\215\001(\277\037\374^\001wx\007lZr\036\355\307\373\036\270F\301*\002 ,\301P\0315ppL\376<Q\004\332\310\224\351B\361\002R\005#\r6\343\035\272&\006\315Ni""; previousledger: ""\265\024\321\362\354\211\250.\234s\225amc\305\035\366\276\037nD\277`\210\223N\3535\033\261\304f""; "
1750527530422,1750527530423,559,1,4,3,TMGetLedger,"itype: liBASE; ledgerHash: ""\331]\036\237\306o!\223\221\002\324\031\262\240R\177 ,\214\325\Q])\016\2067\277\t\354\010\000""; requestCookie: 1; queryType: qtINDIRECT; ","itype: liBASE; ledgerHash: ""\331]\036\237\306o!\223\221\002\324\031\262\240R\177 ,\214\325\Q])\016\2067\277\t\354\010\000""; requestCookie: 1; queryType: qtINDIRECT; "
1750527530428,1750527530428,1019,1,3,4,TMGetLedger,"itype: liTS_CANDIDATE; ledgerHash: ""[\000\302\314\326\214\276@c\240\272\222{\363\314\032\213\311\316\246/\330\302\014>\022\346\234\347\264\270\350""; nodeIDs: ""\000\000\000\000\000\000\000\000\000\000\000\000\000\000\000\000\000\000\000\000\000\000\000\000\000\000\000\000\000\000\000\000\000""; queryType: qtINDIRECT; queryDepth: 3; ","itype: liTS_CANDIDATE; ledgerHash: ""[\000\302\314\326\214\276@c\240\272\222{\363\314\032\213\311\316\246/\330\302\014>\022\346\234\347\264\270\350""; nodeIDs: ""\000\000\000\000\000\000\000\000\000\000\000\000\000\000\000\000\000\000\000\000\000\000\000\000\000\000\000\000\000\000\000\000\000""; queryType: qtINDIRECT; queryDepth: 3; "
1750527530428,1750527530428,2079,1,3,1,TMGetLedger,"itype: liTS_CANDIDATE; ledgerHash: ""[\000\302\314\326\214\276@c\240\272\222{\363\314\032\213\311\316\246/\330\302\014>\022\346\234\347\264\270\350""; nodeIDs: ""\000\000\000\000\000\000\000\000\000\000\000\000\000\000\000\000\000\000\000\000\000\000\000\000\000\000\000\000\000\000\000\000\000""; queryType: qtINDIRECT; queryDepth: 3; ","itype: liTS_CANDIDATE; ledgerHash: ""[\000\302\314\326\214\276@c\240\272\222{\363\314\032\213\311\316\246/\330\302\014>\022\346\234\347\264\270\350""; nodeIDs: ""\000\000\000\000\000\000\000\000\000\000\000\000\000\000\000\000\000\000\000\000\000\000\000\000\000\000\000\000\000\000\000\000\000""; queryType: qtINDIRECT; queryDepth: 3; "
1750527530428,1750527530428,1131,1,3,0,TMGetLedger,"itype: liTS_CANDIDATE; ledgerHash: ""[\000\302\314\326\214\276@c\240\272\222{\363\314\032\213\311\316\246/\330\302\014>\022\346\234\347\264\270\350""; nodeIDs: ""\000\000\000\000\000\000\000\000\000\000\000\000\000\000\000\000\000\000\000\000\000\000\000\000\000\000\000\000\000\000\000\000\000""; queryType: qtINDIRECT; queryDepth: 3; ","itype: liTS_CANDIDATE; ledgerHash: ""[\000\302\314\326\214\276@c\240\272\222{\363\314\032\213\311\316\246/\330\302\014>\022\346\234\347\264\270\350""; nodeIDs: ""\000\000\000\000\000\000\000\000\000\000\000\000\000\000\000\000\000\000\000\000\000\000\000\000\000\000\000\000\000\000\000\000\000""; queryType: qtINDIRECT; queryDepth: 3; "
1750527530430,1750527530430,589,1,2,0,TMGetLedger,"itype: liTS_CANDIDATE; ledgerHash: ""\310\200l\322\255\214\342'\243\202\375k%_\335\032N\021G\005\230\271\366~%e\366\202l^\rR""; nodeIDs: ""\000\000\000\000\000\000\000\000\000\000\000\000\000\000\000\000\000\000\000\000\000\000\000\000\000\000\000\000\000\000\000\000\000""; requestCookie: 4; queryType: qtINDIRECT; queryDepth: 3; ","itype: liTS_CANDIDATE; ledgerHash: ""\310\200l\322\255\214\342'\243\202\375k%_\335\032N\021G\005\230\271\366~%e\366\202l^\rR""; nodeIDs: ""\000\000\000\000\000\000\000\000\000\000\000\000\000\000\000\000\000\000\000\000\000\000\000\000\000\000\000\000\000\000\000\000\000""; requestCookie: 4; queryType: qtINDIRECT; queryDepth: 3; "
1750527530430,1750527530431,2523,1,3,2,TMLedgerData,"ledgerHash: ""\265\024\321\362\354\211\250.\234s\225amc\305\035\366\276\037nD\277`\210\223N\3535\033\261\304f""; ledgerSeq: 4; type: liBASE; nodes {;   nodedata: ""\000\000\000\004\001cEx]\212\000\000\375T\356\014\360o'\030\311-\267\031\257!\031T\006><\315XM\334\324\345\034\000\325\367\240\271\013\000\000\000\000\000\000\000\000\000\000\000\000\000\000\000\000\000\000\000\000\000\000\000\000\000\000\000\000\000\000\000\000\33221\003\363\014\2155\252\321\210\334\345`\2744<G\2573H\343tZ\376\376\2744]?\013\257/\351\252\240/\351\252\241\n\000""; }; nodes {;   nodedata: ""\303\016\021\310<Z\337\266>\225@&n\022\246\274\353\220\345b3\035\313\350L\354\254\002\005\305\035\017\002E\344\037@\210\363\010\336T\226\247'\204_{\261\370""1\235\2445\343\033Y!\212\201\341\272\225'\007U\271\317\242\035#tQ^\315T\254\344^HI\232\036_j\367^\272OW\000\215\000\027\371\037h\013\003""; }; ","ledgerHash: ""\265\024\321\362\354\211\250.\234s\225amc\305\035\366\276\037nD\277`\210\223N\3535\033\261\304f""; ledgerSeq: 4; type: liBASE; nodes {;   nodedata: ""\000\000\000\004\001cEx]\212\000\000\375T\356\014\360o'\030\311-\267\031\257!\031T\006><\315XM\334\324\345\034\000\325\367\240\271\013\000\000\000\000\000\000\000\000\000\000\000\000\000\000\000\000\000\000\000\000\000\000\000\000\000\000\000\000\000\000\000\000\33221\003\363\014\2155\252\321\210\334\345`\2744<G\2573H\343tZ\376\376\2744]?\013\257/\351\252\240/\351\252\241\n\000""; }; nodes {;   nodedata: ""\303\016\021\310<Z\337\266>\225@&n\022\246\274\353\220\345b3\035\313\350L\354\254\002\005\305\035\017\002E\344\037@\210\363\010\336T\226\247'\204_{\261\370""1\235\2445\343\033Y!\212\201\341\272\225'\007U\271\317\242\035#tQ^\315T\254\344^HI\232\036_j\367^\272OW\000\215\000\027\371\037h\013\003""; }; "
1750527530430,1750527530430,2794,1,3,2,TMGetLedger,"itype: liTS_CANDIDATE; ledgerHash: ""[\000\302\314\326\214\276@c\240\272\222{\363\314\032\213\311\316\246/\330\302\014>\022\346\234\347\264\270\350""; nodeIDs: ""\000\000\000\000\000\000\000\000\000\000\000\000\000\000\000\000\000\000\000\000\000\000\000\000\000\000\000\000\000\000\000\000\000""; queryType: qtINDIRECT; queryDepth: 3; ","itype: liTS_CANDIDATE; ledgerHash: ""[\000\302\314\326\214\276@c\240\272\222{\363\314\032\213\311\316\246/\330\302\014>\022\346\234\347\264\270\350""; nodeIDs: ""\000\000\000\000\000\000\000\000\000\000\000\000\000\000\000\000\000\000\000\000\000\000\000\000\000\000\000\000\000\000\000\000\000""; queryType: qtINDIRECT; queryDepth: 3; "
1750527530432,1750527530432,1782,1,1,4,TMLedgerData,"ledgerHash: ""'\274\220\233\332\373\335\027\332I\377y`\224\260\350-\215\335\267[\036\265\265\252`\026&\030{\362\363""; ledgerSeq: 0; type: liTS_CANDIDATE; nodes {;   nodedata: ""\002i\361\030\371\256\265\036\320\273\013\357<\215/(\215[\231D\357Gd\372\270\316\261\301\342\327\225\241\000GZ\227\022t\201\240u\2324P\027\307M\337'Y\361[IAD\351\374!\232\005\337\376\252\251g\004\240\231\202k\030<\225\205;%\337\001\376d\216V\310\306k>\373\322\372\353b\3659\350\345\324F\026\n\003"";   nodeid: ""\000\000\000\000\000\000\000\000\000\000\000\000\000\000\000\000\000\000\000\000\000\000\000\000\000\000\000\000\000\000\000\000\000""; }; ","ledgerHash: ""'\274\220\233\332\373\335\027\332I\377y`\224\260\350-\215\335\267[\036\265\265\252`\026&\030{\362\363""; ledgerSeq: 0; type: liTS_CANDIDATE; nodes {;   nodedata: ""\002i\361\030\371\256\265\036\320\273\013\357<\215/(\215[\231D\357Gd\372\270\316\261\301\342\327\225\241\000GZ\227\022t\201\240u\2324P\027\307M\337'Y\361[IAD\351\374!\232\005\337\376\252\251g\004\240\231\202k\030<\225\205;%\337\001\376d\216V\310\306k>\373\322\372\353b\3659\350\345\324F\026\n\003"";   nodeid: ""\000\000\000\000\000\000\000\000\000\000\000\000\000\000\000\000\000\000\000\000\000\000\000\000\000\000\000\000\000\000\000\000\000""; }; "
1750527530436,1750527530436,612,1,2,0,TMLedgerData,"ledgerHash: ""'\274\220\233\332\373\335\027\332I\377y`\224\260\350-\215\335\267[\036\265\265\252`\026&\030{\362\363""; ledgerSeq: 0; type: liTS_CANDIDATE; nodes {;   nodedata: ""\002i\361\030\371\256\265\036\320\273\013\357<\215/(\215[\231D\357Gd\372\270\316\261\301\342\327\225\241\000GZ\227\022t\201\240u\2324P\027\307M\337'Y\361[IAD\351\374!\232\005\337\376\252\251g\004\240\231\202k\030<\225\205;%\337\001\376d\216V\310\306k>\373\322\372\353b\3659\350\345\324F\026\n\003"";   nodeid: ""\000\000\000\000\000\000\000\000\000\000\000\000\000\000\000\000\000\000\000\000\000\000\000\000\000\000\000\000\000\000\000\000\000""; }; ","ledgerHash: ""'\274\220\233\332\373\335\027\332I\377y`\224\260\350-\215\335\267[\036\265\265\252`\026&\030{\362\363""; ledgerSeq: 0; type: liTS_CANDIDATE; nodes {;   nodedata: ""\002i\361\030\371\256\265\036\320\273\013\357<\215/(\215[\231D\357Gd\372\270\316\261\301\342\327\225\241\000GZ\227\022t\201\240u\2324P\027\307M\337'Y\361[IAD\351\374!\232\005\337\376\252\251g\004\240\231\202k\030<\225\205;%\337\001\376d\216V\310\306k>\373\322\372\353b\3659\350\345\324F\026\n\003"";   nodeid: ""\000\000\000\000\000\000\000\000\000\000\000\000\000\000\000\000\000\000\000\000\000\000\000\000\000\000\000\000\000\000\000\000\000""; }; "
1750527530442,1750527530442,3378,1,4,0,TMLedgerData,"ledgerHash: ""[\000\302\314\326\214\276@c\240\272\222{\363\314\032\213\311\316\246/\330\302\014>\022\346\234\347\264\270\350""; ledgerSeq: 0; type: liTS_CANDIDATE; nodes {;   nodedata: ""\002i\361\030\371\256\265\036\320\273\013\357<\215/(\215[\231D\357Gd\372\270\316\261\301\342\327\225\241\000GZ\227\022t\201\240u\2324P\027\307M\337'Y\361[IAD\351\374!\232\005\337\376\252\251g\004\003"";   nodeid: ""\000\000\000\000\000\000\000\000\000\000\000\000\000\000\000\000\000\000\000\000\000\000\000\000\000\000\000\000\000\000\000\000\000""; }; requestCookie: 4; ","ledgerHash: ""[\000\302\314\326\214\276@c\240\272\222{\363\314\032\213\311\316\246/\330\302\014>\022\346\234\347\264\270\350""; ledgerSeq: 0; type: liTS_CANDIDATE; nodes {;   nodedata: ""\002i\361\030\371\256\265\036\320\273\013\357<\215/(\215[\231D\357Gd\372\270\316\261\301\342\327\225\241\000GZ\227\022t\201\240u\2324P\027\307M\337'Y\361[IAD\351\374!\232\005\337\376\252\251g\004\003"";   nodeid: ""\000\000\000\000\000\000\000\000\000\000\000\000\000\000\000\000\000\000\000\000\000\000\000\000\000\000\000\000\000\000\000\000\000""; }; requestCookie: 4; "
1750527530447,1750527530447,2764,1,4,3,TMLedgerData,"ledgerHash: ""[\000\302\314\326\214\276@c\240\272\222{\363\314\032\213\311\316\246/\330\302\014>\022\346\234\347\264\270\350""; ledgerSeq: 0; type: liTS_CANDIDATE; nodes {;   nodedata: ""\002i\361\030\371\256\265\036\320\273\013\357<\215/(\215[\231D\357Gd\372\270\316\261\301\342\327\225\241\000GZ\227\022t\201\240u\2324P\027\307M\337'Y\361[IAD\351\374!\232\005\337\376\252\251g\004\003"";   nodeid: ""\000\000\000\000\000\000\000\000\000\000\000\000\000\000\000\000\000\000\000\000\000\000\000\000\000\000\000\000\000\000\000\000\000""; }; ","ledgerHash: ""[\000\302\314\326\214\276@c\240\272\222{\363\314\032\213\311\316\246/\330\302\014>\022\346\234\347\264\270\350""; ledgerSeq: 0; type: liTS_CANDIDATE; nodes {;   nodedata: ""\002i\361\030\371\256\265\036\320\273\013\357<\215/(\215[\231D\357Gd\372\270\316\261\301\342\327\225\241\000GZ\227\022t\201\240u\2324P\027\307M\337'Y\361[IAD\351\374!\232\005\337\376\252\251g\004\003"";   nodeid: ""\000\000\000\000\000\000\000\000\000\000\000\000\000\000\000\000\000\000\000\000\000\000\000\000\000\000\000\000\000\000\000\000\000""; }; "
1750527530466,1750527530466,2920,1,1,0,TMGetLedger,"itype: liTS_CANDIDATE; ledgerHash: ""\310\200l\322\255\214\342'\243\202\375k%_\335\032N\021G\005\230\271\366~%e\366\202l^\rR""; nodeIDs: ""\000\000\000\000\000\000\000\000\000\000\000\000\000\000\000\000\000\000\000\000\000\000\000\000\000\000\000\000\000\000\000\000\000""; requestCookie: 4; queryType: qtINDIRECT; queryDepth: 3; ","itype: liTS_CANDIDATE; ledgerHash: ""\310\200l\322\255\214\342'\243\202\375k%_\335\032N\021G\005\230\271\366~%e\366\202l^\rR""; nodeIDs: ""\000\000\000\000\000\000\000\000\000\000\000\000\000\000\000\000\000\000\000\000\000\000\000\000\000\000\000\000\000\000\000\000\000""; requestCookie: 4; queryType: qtINDIRECT; queryDepth: 3; "
1750527530468,1750527530468,4000,1,2,3,TMGetLedger,"itype: liTS_CANDIDATE; ledgerHash: ""\310\200l\322\255\214\342'\243\202\375k%_\335\032N\021G\005\230\271\366~%e\366\202l^\rR""; nodeIDs: ""\000\000\000\000\000\000\000\000\000\000\000\000\000\000\000\000\000\000\000\000\000\000\000\000\000\000\000\000\000\000\000\000\000""; requestCookie: 5; queryType: qtINDIRECT; queryDepth: 3; ","itype: liTS_CANDIDATE; ledgerHash: ""\310\200l\322\255\214\342'\243\202\375k%_\335\032N\021G\005\230\271\366~%e\366\202l^\rR""; nodeIDs: ""\000\000\000\000\000\000\000\000\000\000\000\000\000\000\000\000\000\000\000\000\000\000\000\000\000\000\000\000\000\000\000\000\000""; requestCookie: 5; queryType: qtINDIRECT; queryDepth: 3; "
1750527530470,1750527530470,1150,1,3,4,TMLedgerData,"ledgerHash: ""\310\200l\322\255\214\342'\243\202\375k%_\335\032N\021G\005\230\271\366~%e\366\202l^\rR""; ledgerSeq: 0; type: liTS_CANDIDATE; nodes {;   nodedata: ""GZ\227\022t\201\240u\2324P\027\307M\337'Y\361[IAD\351\374!\232\005\337\376\252\251g\004\003"";   nodeid: ""\000\000\000\000\000\000\000\000\000\000\000\000\000\000\000\000\000\000\000\000\000\000\000\000\000\000\000\000\000\000\000\000\000""; }; ","ledgerHash: ""\310\200l\322\255\214\342'\243\202\375k%_\335\032N\021G\005\230\271\366~%e\366\202l^\rR""; ledgerSeq: 0; type: liTS_CANDIDATE; nodes {;   nodedata: ""GZ\227\022t\201\240u\2324P\027\307M\337'Y\361[IAD\351\374!\232\005\337\376\252\251g\004\003"";   nodeid: ""\000\000\000\000\000\000\000\000\000\000\000\000\000\000\000\000\000\000\000\000\000\000\000\000\000\000\000\000\000\000\000\000\000""; }; "
1750527530486,1750527530486,1199,1,0,2,TMGetLedger,"itype: liTS_CANDIDATE; ledgerHash: ""'\274\220\233\332\373\335\027\332I\377y`\224\260\350-\215\335\267[\036\265\265\252`\026&\030{\362\363""; nodeIDs: ""\000\000\000\000\000\000\000\000\000\000\000\000\000\000\000\000\000\000\000\000\000\000\000\000\000\000\000\000\000\000\000\000\000""; queryType: qtINDIRECT; queryDepth: 3; ","itype: liTS_CANDIDATE; ledgerHash: ""'\274\220\233\332\373\335\027\332I\377y`\224\260\350-\215\335\267[\036\265\265\252`\026&\030{\362\363""; nodeIDs: ""\000\000\000\000\000\000\000\000\000\000\000\000\000\000\000\000\000\000\000\000\000\000\000\000\000\000\000\000\000\000\000\000\000""; queryType: qtINDIRECT; queryDepth: 3; "
1750527530486,1750527530486,3094,1,0,3,TMGetLedger,"itype: liTS_CANDIDATE; ledgerHash: ""'\274\220\233\332\373\335\027\332I\377y`\224\260\350-\215\335\267[\036\265\265\252`\026&\030{\362\363""; nodeIDs: ""\000\000\000\000\000\000\000\000\000\000\000\000\000\000\000\000\000\000\000\000\000\000\000\000\000\000\000\000\000\000\000\000\000""; queryType: qtINDIRECT; queryDepth: 3; ","itype: liTS_CANDIDATE; ledgerHash: ""'\274\220\233\332\373\335\027\332I\377y`\224\260\350-\215\335\267[\036\265\265\252`\026&\030{\362\363""; nodeIDs: ""\000\000\000\000\000\000\000\000\000\000\000\000\000\000\000\000\000\000\000\000\000\000\000\000\000\000\000\000\000\000\000\000\000""; queryType: qtINDIRECT; queryDepth: 3; "
1750527530487,1750527530487,3375,1,0,1,TMGetLedger,"itype: liTS_CANDIDATE; ledgerHash: ""'\274\220\233\332\373\335\027\332I\377y`\224\260\350-\215\335\267[\036\265\265\252`\026&\030{\362\363""; nodeIDs: ""\000\000\000\000\000\000\000\000\000\000\000\000\000\000\000\000\000\000\000\000\000\000\000\000\000\000\000\000\000\000\000\000\000""; queryType: qtINDIRECT; queryDepth: 3; ","itype: liTS_CANDIDATE; ledgerHash: ""'\274\220\233\332\373\335\027\332I\377y`\224\260\350-\215\335\267[\036\265\265\252`\026&\030{\362\363""; nodeIDs: ""\000\000\000\000\000\000\000\000\000\000\000\000\000\000\000\000\000\000\000\000\000\000\000\000\000\000\000\000\000\000\000\000\000""; queryType: qtINDIRECT; queryDepth: 3; "
1750527530487,1750527530487,380,1,0,4,TMGetLedger,"itype: liTS_CANDIDATE; ledgerHash: ""'\274\220\233\332\373\335\027\332I\377y`\224\260\350-\215\335\267[\036\265\265\252`\026&\030{\362\363""; nodeIDs: ""\000\000\000\000\000\000\000\000\000\000\000\000\000\000\000\000\000\000\000\000\000\000\000\000\000\000\000\000\000\000\000\000\000""; queryType: qtINDIRECT; queryDepth: 3; ","itype: liTS_CANDIDATE; ledgerHash: ""'\274\220\233\332\373\335\027\332I\377y`\224\260\350-\215\335\267[\036\265\265\252`\026&\030{\362\363""; nodeIDs: ""\000\000\000\000\000\000\000\000\000\000\000\000\000\000\000\000\000\000\000\000\000\000\000\000\000\000\000\000\000\000\000\000\000""; queryType: qtINDIRECT; queryDepth: 3; "
1750527530498,1750527530498,1544,1,2,1,TMGetLedger,"itype: liTS_CANDIDATE; ledgerHash: ""[\000\302\314\326\214\276@c\240\272\222{\363\314\032\213\311\316\246/\330\302\014>\022\346\234\347\264\270\350""; nodeIDs: ""\000\000\000\000\000\000\000\000\000\000\000\000\000\000\000\000\000\000\000\000\000\000\000\000\000\000\000\000\000\000\000\000\000""; queryType: qtINDIRECT; queryDepth: 3; ","itype: liTS_CANDIDATE; ledgerHash: ""[\000\302\314\326\214\276@c\240\272\222{\363\314\032\213\311\316\246/\330\302\014>\022\346\234\347\264\270\350""; nodeIDs: ""\000\000\000\000\000\000\000\000\000\000\000\000\000\000\000\000\000\000\000\000\000\000\000\000\000\000\000\000\000\000\000\000\000""; queryType: qtINDIRECT; queryDepth: 3; "
1750527530498,1750527530498,3719,1,2,4,TMGetLedger,"itype: liTS_CANDIDATE; ledgerHash: ""[\000\302\314\326\214\276@c\240\272\222{\363\314\032\213\311\316\246/\330\302\014>\022\346\234\347\264\270\350""; nodeIDs: ""\000\000\000\000\000\000\000\000\000\000\000\000\000\000\000\000\000\000\000\000\000\000\000\000\000\000\000\000\000\000\000\000\000""; queryType: qtINDIRECT; queryDepth: 3; ","itype: liTS_CANDIDATE; ledgerHash: ""[\000\302\314\326\214\276@c\240\272\222{\363\314\032\213\311\316\246/\330\302\014>\022\346\234\347\264\270\350""; nodeIDs: ""\000\000\000\000\000\000\000\000\000\000\000\000\000\000\000\000\000\000\000\000\000\000\000\000\000\000\000\000\000\000\000\000\000""; queryType: qtINDIRECT; queryDepth: 3; "
1750527530498,1750527530499,589,1,2,0,TMGetLedger,"itype: liTS_CANDIDATE; ledgerHash: ""[\000\302\314\326\214\276@c\240\272\222{\363\314\032\213\311\316\246/\330\302\014>\022\346\234\347\264\270\350""; nodeIDs: ""\000\000\000\000\000\000\000\000\000\000\000\000\000\000\000\000\000\000\000\000\000\000\000\000\000\000\000\000\000\000\000\000\000""; queryType: qtINDIRECT; queryDepth: 3; ","itype: liTS_CANDIDATE; ledgerHash: ""[\000\302\314\326\214\276@c\240\272\222{\363\314\032\213\311\316\246/\330\302\014>\022\346\234\347\264\270\350""; nodeIDs: ""\000\000\000\000\000\000\000\000\000\000\000\000\000\000\000\000\000\000\000\000\000\000\000\000\000\000\000\000\000\000\000\000\000""; queryType: qtINDIRECT; queryDepth: 3; "
1750527530499,1750527530499,4000,1,2,3,TMGetLedger,"itype: liTS_CANDIDATE; ledgerHash: ""[\000\302\314\326\214\276@c\240\272\222{\363\314\032\213\311\316\246/\330\302\014>\022\346\234\347\264\270\350""; nodeIDs: ""\000\000\000\000\000\000\000\000\000\000\000\000\000\000\000\000\000\000\000\000\000\000\000\000\000\000\000\000\000\000\000\000\000""; queryType: qtINDIRECT; queryDepth: 3; ","itype: liTS_CANDIDATE; ledgerHash: ""[\000\302\314\326\214\276@c\240\272\222{\363\314\032\213\311\316\246/\330\302\014>\022\346\234\347\264\270\350""; nodeIDs: ""\000\000\000\000\000\000\000\000\000\000\000\000\000\000\000\000\000\000\000\000\000\000\000\000\000\000\000\000\000\000\000\000\000""; queryType: qtINDIRECT; queryDepth: 3; "
1750527530506,1750527530507,3810,1,1,4,TMGetLedger,"itype: liTS_CANDIDATE; ledgerHash: ""[\000\302\314\326\214\276@c\240\272\222{\363\314\032\213\311\316\246/\330\302\014>\022\346\234\347\264\270\350""; nodeIDs: ""\000\000\000\000\000\000\000\000\000\000\000\000\000\000\000\000\000\000\000\000\000\000\000\000\000\000\000\000\000\000\000\000\000""; requestCookie: 4; queryType: qtINDIRECT; queryDepth: 3; ","itype: liTS_CANDIDATE; ledgerHash: ""[\000\302\314\326\214\276@c\240\272\222{\363\314\032\213\311\316\246/\330\302\014>\022\346\234\347\264\270\350""; nodeIDs: ""\000\000\000\000\000\000\000\000\000\000\000\000\000\000\000\000\000\000\000\000\000\000\000\000\000\000\000\000\000\000\000\000\000""; requestCookie: 4; queryType: qtINDIRECT; queryDepth: 3; "
1750527530510,1750527530510,2920,1,1,0,TMGetLedger,"itype: liTS_CANDIDATE; ledgerHash: ""\310\200l\322\255\214\342'\243\202\375k%_\335\032N\021G\005\230\271\366~%e\366\202l^\rR""; nodeIDs: ""\000\000\000\000\000\000\000\000\000\000\000\000\000\000\000\000\000\000\000\000\000\000\000\000\000\000\000\000\000\000\000\000\000""; requestCookie: 5; queryType: qtINDIRECT; queryDepth: 3; ","itype: liTS_CANDIDATE; ledgerHash: ""\310\200l\322\255\214\342'\243\202\375k%_\335\032N\021G\005\230\271\366~%e\366\202l^\rR""; nodeIDs: ""\000\000\000\000\000\000\000\000\000\000\000\000\000\000\000\000\000\000\000\000\000\000\000\000\000\000\000\000\000\000\000\000\000""; requestCookie: 5; queryType: qtINDIRECT; queryDepth: 3; "
1750527530511,1750527530511,3378,1,4,0,TMLedgerData,"ledgerHash: ""[\000\302\314\326\214\276@c\240\272\222{\363\314\032\213\311\316\246/\330\302\014>\022\346\234\347\264\270\350""; ledgerSeq: 0; type: liTS_CANDIDATE; nodes {;   nodedata: ""\002i\361\030\371\256\265\036\320\273\013\357<\215/(\215[\231D\357Gd\372\270\316\261\301\342\327\225\241\000GZ\227\022t\201\240u\2324P\027\307M\337'Y\361[IAD\351\374!\232\005\337\376\252\251g\004\003"";   nodeid: ""\000\000\000\000\000\000\000\000\000\000\000\000\000\000\000\000\000\000\000\000\000\000\000\000\000\000\000\000\000\000\000\000\000""; }; ","ledgerHash: ""[\000\302\314\326\214\276@c\240\272\222{\363\314\032\213\311\316\246/\330\302\014>\022\346\234\347\264\270\350""; ledgerSeq: 0; type: liTS_CANDIDATE; nodes {;   nodedata: ""\002i\361\030\371\256\265\036\320\273\013\357<\215/(\215[\231D\357Gd\372\270\316\261\301\342\327\225\241\000GZ\227\022t\201\240u\2324P\027\307M\337'Y\361[IAD\351\374!\232\005\337\376\252\251g\004\003"";   nodeid: ""\000\000\000\000\000\000\000\000\000\000\000\000\000\000\000\000\000\000\000\000\000\000\000\000\000\000\000\000\000\000\000\000\000""; }; "
1750527530511,1750527530511,2920,1,1,0,TMGetLedger,"itype: liTS_CANDIDATE; ledgerHash: ""[\000\302\314\326\214\276@c\240\272\222{\363\314\032\213\311\316\246/\330\302\014>\022\346\234\347\264\270\350""; nodeIDs: ""\000\000\000\000\000\000\000\000\000\000\000\000\000\000\000\000\000\000\000\000\000\000\000\000\000\000\000\000\000\000\000\000\000""; queryType: qtINDIRECT; queryDepth: 3; ","itype: liTS_CANDIDATE; ledgerHash: ""[\000\302\314\326\214\276@c\240\272\222{\363\314\032\213\311\316\246/\330\302\014>\022\346\234\347\264\270\350""; nodeIDs: ""\000\000\000\000\000\000\000\000\000\000\000\000\000\000\000\000\000\000\000\000\000\000\000\000\000\000\000\000\000\000\000\000\000""; queryType: qtINDIRECT; queryDepth: 3; "
1750527530512,1750527530512,3810,1,1,4,TMGetLedger,"itype: liTS_CANDIDATE; ledgerHash: ""[\000\302\314\326\214\276@c\240\272\222{\363\314\032\213\311\316\246/\330\302\014>\022\346\234\347\264\270\350""; nodeIDs: ""\000\000\000\000\000\000\000\000\000\000\000\000\000\000\000\000\000\000\000\000\000\000\000\000\000\000\000\000\000\000\000\000\000""; queryType: qtINDIRECT; queryDepth: 3; ","itype: liTS_CANDIDATE; ledgerHash: ""[\000\302\314\326\214\276@c\240\272\222{\363\314\032\213\311\316\246/\330\302\014>\022\346\234\347\264\270\350""; nodeIDs: ""\000\000\000\000\000\000\000\000\000\000\000\000\000\000\000\000\000\000\000\000\000\000\000\000\000\000\000\000\000\000\000\000\000""; queryType: qtINDIRECT; queryDepth: 3; "
1750527530512,1750527530512,1495,1,1,2,TMGetLedger,"itype: liTS_CANDIDATE; ledgerHash: ""[\000\302\314\326\214\276@c\240\272\222{\363\314\032\213\311\316\246/\330\302\014>\022\346\234\347\264\270\350""; nodeIDs: ""\000\000\000\000\000\000\000\000\000\000\000\000\000\000\000\000\000\000\000\000\000\000\000\000\000\000\000\000\000\000\000\000\000""; queryType: qtINDIRECT; queryDepth: 3; ","itype: liTS_CANDIDATE; ledgerHash: ""[\000\302\314\326\214\276@c\240\272\222{\363\314\032\213\311\316\246/\330\302\014>\022\346\234\347\264\270\350""; nodeIDs: ""\000\000\000\000\000\000\000\000\000\000\000\000\000\000\000\000\000\000\000\000\000\000\000\000\000\000\000\000\000\000\000\000\000""; queryType: qtINDIRECT; queryDepth: 3; "
1750527530512,1750527530513,3769,1,1,3,TMGetLedger,"itype: liTS_CANDIDATE; ledgerHash: ""[\000\302\314\326\214\276@c\240\272\222{\363\314\032\213\311\316\246/\330\302\014>\022\346\234\347\264\270\350""; nodeIDs: ""\000\000\000\000\000\000\000\000\000\000\000\000\000\000\000\000\000\000\000\000\000\000\000\000\000\000\000\000\000\000\000\000\000""; queryType: qtINDIRECT; queryDepth: 3; ","itype: liTS_CANDIDATE; ledgerHash: ""[\000\302\314\326\214\276@c\240\272\222{\363\314\032\213\311\316\246/\330\302\014>\022\346\234\347\264\270\350""; nodeIDs: ""\000\000\000\000\000\000\000\000\000\000\000\000\000\000\000\000\000\000\000\000\000\000\000\000\000\000\000\000\000\000\000\000\000""; queryType: qtINDIRECT; queryDepth: 3; "
1750527530554,1750527530554,371,1,4,3,TMProposeSet,"proposeSeq: 1; currentTxHash: ""'\274\220\233\332\373\335\027\332I\377y`\224\260\350-\215\335\267[\036\265\265\252`\026&\030{\362\363""; nodePubKey: ""\003R7o\362bV\300hf\266\241;}\200^\374\240\203[:\342Q\225\221\027y\372\255\235\216\323~""; closeTime: 803842730; signature: ""0D\002 \000\330\030\tABHm\313\360@\222#4Q\362\204vHharp\375\337\333B\332A\310\357\324\002 W5\n\277Q\030\334\355bK\003\205k\311\261Z\300I\266\036\212\367\371\264\301u\227fa\0308\312""; previousledger: ""\265\024\321\362\354\211\250.\234s\225amc\305\035\366\276\037nD\277`\210\223N\3535\033\261\304f""; ","proposeSeq: 1; currentTxHash: ""'\274\220\233\332\373\335\027\332I\377y`\224\260\350-\215\335\267[\036\265\265\252`\026&\030{\362\363""; nodePubKey: ""\003R7o\362bV\300hf\266\241;}\200^\374\240\203[:\342Q\225\221\027y\372\255\235\216\323~""; closeTime: 803842730; signature: ""0D\002 \000\330\030\tABHm\313\360@\222#4Q\362\204vHharp\375\337\333B\332A\310\357\324\002 W5\n\277Q\030\334\355bK\003\205k\311\261Z\300I\266\036\212\367\371\264\301u\227fa\0308\312""; previousledger: ""\265\024\321\362\354\211\250.\234s\225amc\305\035\366\276\037nD\277`\210\223N\3535\033\261\304f""; "
1750527530555,1750527530555,2441,1,4,2,TMProposeSet,"proposeSeq: 1; currentTxHash: ""'\274\220\233\332\373\335\027\332I\377y`\224\260\350-\215\335\267[\036\265\265\252`\026&\030{\362\363""; nodePubKey: ""\003R7o\362bV\300hf\266\241;}\200^\374\240\203[:\342Q\225\221\027y\372\255\235\216\323~""; closeTime: 803842730; signature: ""0D\002 \000\330\030\tABHm\313\360@\222#4Q\362\204vHharp\375\337\333B\332A\310\357\324\002 W5\n\277Q\030\334\355bK\003\205k\311\261Z\300I\266\036\212\367\371\264\301u\227fa\0308\312""; previousledger: ""\265\024\321\362\354\211\250.\234s\225amc\305\035\366\276\037nD\277`\210\223N\3535\033\261\304f""; ","proposeSeq: 1; currentTxHash: ""'\274\220\233\332\373\335\027\332I\377y`\224\260\350-\215\335\267[\036\265\265\252`\026&\030{\362\363""; nodePubKey: ""\003R7o\362bV\300hf\266\241;}\200^\374\240\203[:\342Q\225\221\027y\372\255\235\216\323~""; closeTime: 803842730; signature: ""0D\002 \000\330\030\tABHm\313\360@\222#4Q\362\204vHharp\375\337\333B\332A\310\357\324\002 W5\n\277Q\030\334\355bK\003\205k\311\261Z\300I\266\036\212\367\371\264\301u\227fa\0308\312""; previousledger: ""\265\024\321\362\354\211\250.\234s\225amc\305\035\366\276\037nD\277`\210\223N\3535\033\261\304f""; "
1750527530555,1750527530555,2972,1,4,0,TMProposeSet,"proposeSeq: 1; currentTxHash: ""'\274\220\233\332\373\335\027\332I\377y`\224\260\350-\215\335\267[\036\265\265\252`\026&\030{\362\363""; nodePubKey: ""\003R7o\362bV\300hf\266\241;}\200^\374\240\203[:\342Q\225\221\027y\372\255\235\216\323~""; closeTime: 803842730; signature: ""0D\002 \000\330\030\tABHm\313\360@\222#4Q\362\204vHharp\375\337\333B\332A\310\357\324\002 W5\n\277Q\030\334\355bK\003\205k\311\261Z\300I\266\036\212\367\371\264\301u\227fa\0308\312""; previousledger: ""\265\024\321\362\354\211\250.\234s\225amc\305\035\366\276\037nD\277`\210\223N\3535\033\261\304f""; ","proposeSeq: 1; currentTxHash: ""'\274\220\233\332\373\335\027\332I\377y`\224\260\350-\215\335\267[\036\265\265\252`\026&\030{\362\363""; nodePubKey: ""\003R7o\362bV\300hf\266\241;}\200^\374\240\203[:\342Q\225\221\027y\372\255\235\216\323~""; closeTime: 803842730; signature: ""0D\002 \000\330\030\tABHm\313\360@\222#4Q\362\204vHharp\375\337\333B\332A\310\357\324\002 W5\n\277Q\030\334\355bK\003\205k\311\261Z\300I\266\036\212\367\371\264\301u\227fa\0308\312""; previousledger: ""\265\024\321\362\354\211\250.\234s\225amc\305\035\366\276\037nD\277`\210\223N\3535\033\261\304f""; "
1750527530555,1750527530555,2455,1,4,1,TMProposeSet,"proposeSeq: 1; currentTxHash: ""'\274\220\233\332\373\335\027\332I\377y`\224\260\350-\215\335\267[\036\265\265\252`\026&\030{\362\363""; nodePubKey: ""\003R7o\362bV\300hf\266\241;}\200^\374\240\203[:\342Q\225\221\027y\372\255\235\216\323~""; closeTime: 803842730; signature: ""0D\002 \000\330\030\tABHm\313\360@\222#4Q\362\204vHharp\375\337\333B\332A\310\357\324\002 W5\n\277Q\030\334\355bK\003\205k\311\261Z\300I\266\036\212\367\371\264\301u\227fa\0308\312""; previousledger: ""\265\024\321\362\354\211\250.\234s\225amc\305\035\366\276\037nD\277`\210\223N\3535\033\261\304f""; ","proposeSeq: 1; currentTxHash: ""'\274\220\233\332\373\335\027\332I\377y`\224\260\350-\215\335\267[\036\265\265\252`\026&\030{\362\363""; nodePubKey: ""\003R7o\362bV\300hf\266\241;}\200^\374\240\203[:\342Q\225\221\027y\372\255\235\216\323~""; closeTime: 803842730; signature: ""0D\002 \000\330\030\tABHm\313\360@\222#4Q\362\204vHharp\375\337\333B\332A\310\357\324\002 W5\n\277Q\030\334\355bK\003\205k\311\261Z\300I\266\036\212\367\371\264\301u\227fa\0308\312""; previousledger: ""\265\024\321\362\354\211\250.\234s\225amc\305\035\366\276\037nD\277`\210\223N\3535\033\261\304f""; "
1750527530560,1750527530560,380,1,0,4,TMGetLedger,"itype: liTS_CANDIDATE; ledgerHash: ""[\000\302\314\326\214\276@c\240\272\222{\363\314\032\213\311\316\246/\330\302\014>\022\346\234\347\264\270\350""; nodeIDs: ""\000\000\000\000\000\000\000\000\000\000\000\000\000\000\000\000\000\000\000\000\000\000\000\000\000\000\000\000\000\000\000\000\000""; requestCookie: 4; queryType: qtINDIRECT; queryDepth: 3; ","itype: liTS_CANDIDATE; ledgerHash: ""[\000\302\314\326\214\276@c\240\272\222{\363\314\032\213\311\316\246/\330\302\014>\022\346\234\347\264\270\350""; nodeIDs: ""\000\000\000\000\000\000\000\000\000\000\000\000\000\000\000\000\000\000\000\000\000\000\000\000\000\000\000\000\000\000\000\000\000""; requestCookie: 4; queryType: qtINDIRECT; queryDepth: 3; "
1750527530566,1750527530566,3620,1,4,3,TMValidation,"validation: """"\200\000\000\001&\000\000\000\005)/\351\252\252:\r\302\353\023?\373\240rQ\331]\036\237\306o!\223\221\002\324\031\262\240R\177 ,\214\325\Q])\016\2067\277\t\354\010\000P\027'\274\220\233\332\373\335\027\332I\377y`\224\260\350-\215\335\267[\036\265\265\252`\026&\030{\362\363P\031\265\024\321\362\354\211\250.\234s\225amc\305\035\366\276\037nD\277`\210\223N\3535\033\261\304fs!\003R7o\362bV\300hf\266\241;}\200^\374\240\203[:\342Q\225\221\027y\372\255\235\216\323~vF0D\002 \t+h\355\361M\370|ia\205m\375\031iM\d\325\246\356\000|\320O\230z\027\024<\217\004\002 E\244G\326\253B\316\225\016\256\260P\243\351i\316\371\355E\367\351\266;\347\232\257\003\223\017w\270\204""; ","validation: """"\200\000\000\001&\000\000\000\005)/\351\252\252:\r\302\353\023?\373\240rQ\331]\036\237\306o!\223\221\002\324\031\262\240R\177 ,\214\325\Q])\016\2067\277\t\354\010\000P\027'\274\220\233\332\373\335\027\332I\377y`\224\260\350-\215\335\267[\036\265\265\252`\026&\030{\362\363P\031\265\024\321\362\354\211\250.\234s\225amc\305\035\366\276\037nD\277`\210\223N\3535\033\261\304fs!\003R7o\362bV\300hf\266\241;}\200^\374\240\203[:\342Q\225\221\027y\372\255\235\216\323~vF0D\002 \t+h\355\361M\370|ia\205m\375\031iM\d\325\246\356\000|\320O\230z\027\024<\217\004\002 E\244G\326\253B\316\225\016\256\260P\243\351i\316\371\355E\367\351\266;\347\232\257\003\223\017w\270\204""; "
1750527530567,1750527530567,3403,1,4,3,TMStatusChange,"newEvent: neACCEPTED_LEDGER; ledgerSeq: 5; ledgerHash: ""\331]\036\237\306o!\223\221\002\324\031\262\240R\177 ,\214\325\Q])\016\2067\277\t\354\010\000""; ledgerHashPrevious: ""\265\024\321\362\354\211\250.\234s\225amc\305\035\366\276\037nD\277`\210\223N\3535\033\261\304f""; networkTime: 803842730; firstSeq: 1; lastSeq: 4; ","newEvent: neACCEPTED_LEDGER; ledgerSeq: 5; ledgerHash: ""\331]\036\237\306o!\223\221\002\324\031\262\240R\177 ,\214\325\Q])\016\2067\277\t\354\010\000""; ledgerHashPrevious: ""\265\024\321\362\354\211\250.\234s\225amc\305\035\366\276\037nD\277`\210\223N\3535\033\261\304f""; networkTime: 803842730; firstSeq: 1; lastSeq: 4; "
1750527530567,1750527530567,3346,1,4,2,TMStatusChange,"newEvent: neACCEPTED_LEDGER; ledgerSeq: 5; ledgerHash: ""\331]\036\237\306o!\223\221\002\324\031\262\240R\177 ,\214\325\Q])\016\2067\277\t\354\010\000""; ledgerHashPrevious: ""\265\024\321\362\354\211\250.\234s\225amc\305\035\366\276\037nD\277`\210\223N\3535\033\261\304f""; networkTime: 803842730; firstSeq: 1; lastSeq: 4; ","newEvent: neACCEPTED_LEDGER; ledgerSeq: 5; ledgerHash: ""\331]\036\237\306o!\223\221\002\324\031\262\240R\177 ,\214\325\Q])\016\2067\277\t\354\010\000""; ledgerHashPrevious: ""\265\024\321\362\354\211\250.\234s\225amc\305\035\366\276\037nD\277`\210\223N\3535\033\261\304f""; networkTime: 803842730; firstSeq: 1; lastSeq: 4; "
1750527530568,1750527530568,3803,1,4,1,TMValidation,"validation: """"\200\000\000\001&\000\000\000\005)/\351\252\252:\r\302\353\023?\373\240rQ\331]\036\237\306o!\223\221\002\324\031\262\240R\177 ,\214\325\Q])\016\2067\277\t\354\010\000P\027'\274\220\233\332\373\335\027\332I\377y`\224\260\350-\215\335\267[\036\265\265\252`\026&\030{\362\363P\031\265\024\321\362\354\211\250.\234s\225amc\305\035\366\276\037nD\277`\210\223N\3535\033\261\304fs!\003R7o\362bV\300hf\266\241;}\200^\374\240\203[:\342Q\225\221\027y\372\255\235\216\323~vF0D\002 \t+h\355\361M\370|ia\205m\375\031iM\d\325\246\356\000|\320O\230z\027\024<\217\004\002 E\244G\326\253B\316\225\016\256\260P\243\351i\316\371\355E\367\351\266;\347\232\257\003\223\017w\270\204""; ","validation: """"\200\000\000\001&\000\000\000\005)/\351\252\252:\r\302\353\023?\373\240rQ\331]\036\237\306o!\223\221\002\324\031\262\240R\177 ,\214\325\Q])\016\2067\277\t\354\010\000P\027'\274\220\233\332\373\335\027\332I\377y`\224\260\350-\215\335\267[\036\265\265\252`\026&\030{\362\363P\031\265\024\321\362\354\211\250.\234s\225amc\305\035\366\276\037nD\277`\210\223N\3535\033\261\304fs!\003R7o\362bV\300hf\266\241;}\200^\374\240\203[:\342Q\225\221\027y\372\255\235\216\323~vF0D\002 \t+h\355\361M\370|ia\205m\375\031iM\d\325\246\356\000|\320O\230z\027\024<\217\004\002 E\244G\326\253B\316\225\016\256\260P\243\351i\316\371\355E\367\351\266;\347\232\257\003\223\017w\270\204""; "
1750527530568,1750527530568,803,1,4,1,TMStatusChange,"newEvent: neACCEPTED_LEDGER; ledgerSeq: 5; ledgerHash: ""\331]\036\237\306o!\223\221\002\324\031\262\240R\177 ,\214\325\Q])\016\2067\277\t\354\010\000""; ledgerHashPrevious: ""\265\024\321\362\354\211\250.\234s\225amc\305\035\366\276\037nD\277`\210\223N\3535\033\261\304f""; networkTime: 803842730; firstSeq: 1; lastSeq: 4; ","newEvent: neACCEPTED_LEDGER; ledgerSeq: 5; ledgerHash: ""\331]\036\237\306o!\223\221\002\324\031\262\240R\177 ,\214\325\Q])\016\2067\277\t\354\010\000""; ledgerHashPrevious: ""\265\024\321\362\354\211\250.\234s\225amc\305\035\366\276\037nD\277`\210\223N\3535\033\261\304f""; networkTime: 803842730; firstSeq: 1; lastSeq: 4; "
1750527530569,1750527530569,783,1,4,2,TMValidation,"validation: """"\200\000\000\001&\000\000\000\005)/\351\252\252:\r\302\353\023?\373\240rQ\331]\036\237\306o!\223\221\002\324\031\262\240R\177 ,\214\325\Q])\016\2067\277\t\354\010\000P\027'\274\220\233\332\373\335\027\332I\377y`\224\260\350-\215\335\267[\036\265\265\252`\026&\030{\362\363P\031\265\024\321\362\354\211\250.\234s\225amc\305\035\366\276\037nD\277`\210\223N\3535\033\261\304fs!\003R7o\362bV\300hf\266\241;}\200^\374\240\203[:\342Q\225\221\027y\372\255\235\216\323~vF0D\002 \t+h\355\361M\370|ia\205m\375\031iM\d\325\246\356\000|\320O\230z\027\024<\217\004\002 E\244G\326\253B\316\225\016\256\260P\243\351i\316\371\355E\367\351\266;\347\232\257\003\223\017w\270\204""; ","validation: """"\200\000\000\001&\000\000\000\005)/\351\252\252:\r\302\353\023?\373\240rQ\331]\036\237\306o!\223\221\002\324\031\262\240R\177 ,\214\325\Q])\016\2067\277\t\354\010\000P\027'\274\220\233\332\373\335\027\332I\377y`\224\260\350-\215\335\267[\036\265\265\252`\026&\030{\362\363P\031\265\024\321\362\354\211\250.\234s\225amc\305\035\366\276\037nD\277`\210\223N\3535\033\261\304fs!\003R7o\362bV\300hf\266\241;}\200^\374\240\203[:\342Q\225\221\027y\372\255\235\216\323~vF0D\002 \t+h\355\361M\370|ia\205m\375\031iM\d\325\246\356\000|\320O\230z\027\024<\217\004\002 E\244G\326\253B\316\225\016\256\260P\243\351i\316\371\355E\367\351\266;\347\232\257\003\223\017w\270\204""; "
1750527530569,1750527530569,832,1,4,0,TMStatusChange,"newEvent: neACCEPTED_LEDGER; ledgerSeq: 5; ledgerHash: ""\331]\036\237\306o!\223\221\002\324\031\262\240R\177 ,\214\325\Q])\016\2067\277\t\354\010\000""; ledgerHashPrevious: ""\265\024\321\362\354\211\250.\234s\225amc\305\035\366\276\037nD\277`\210\223N\3535\033\261\304f""; networkTime: 803842730; firstSeq: 1; lastSeq: 4; ","newEvent: neACCEPTED_LEDGER; ledgerSeq: 5; ledgerHash: ""\331]\036\237\306o!\223\221\002\324\031\262\240R\177 ,\214\325\Q])\016\2067\277\t\354\010\000""; ledgerHashPrevious: ""\265\024\321\362\354\211\250.\234s\225amc\305\035\366\276\037nD\277`\210\223N\3535\033\261\304f""; networkTime: 803842730; firstSeq: 1; lastSeq: 4; "
1750527530569,1750527530570,1740,1,4,0,TMValidation,"validation: """"\200\000\000\001&\000\000\000\005)/\351\252\252:\r\302\353\023?\373\240rQ\331]\036\237\306o!\223\221\002\324\031\262\240R\177 ,\214\325\Q])\016\2067\277\t\354\010\000P\027'\274\220\233\332\373\335\027\332I\377y`\224\260\350-\215\335\267[\036\265\265\252`\026&\030{\362\363P\031\265\024\321\362\354\211\250.\234s\225amc\305\035\366\276\037nD\277`\210\223N\3535\033\261\304fs!\003R7o\362bV\300hf\266\241;}\200^\374\240\203[:\342Q\225\221\027y\372\255\235\216\323~vF0D\002 \t+h\355\361M\370|ia\205m\375\031iM\d\325\246\356\000|\320O\230z\027\024<\217\004\002 E\244G\326\253B\316\225\016\256\260P\243\351i\316\371\355E\367\351\266;\347\232\257\003\223\017w\270\204""; ","validation: """"\200\000\000\001&\000\000\000\005)/\351\252\252:\r\302\353\023?\373\240rQ\331]\036\237\306o!\223\221\002\324\031\262\240R\177 ,\214\325\Q])\016\2067\277\t\354\010\000P\027'\274\220\233\332\373\335\027\332I\377y`\224\260\350-\215\335\267[\036\265\265\252`\026&\030{\362\363P\031\265\024\321\362\354\211\250.\234s\225amc\305\035\366\276\037nD\277`\210\223N\3535\033\261\304fs!\003R7o\362bV\300hf\266\241;}\200^\374\240\203[:\342Q\225\221\027y\372\255\235\216\323~vF0D\002 \t+h\355\361M\370|ia\205m\375\031iM\d\325\246\356\000|\320O\230z\027\024<\217\004\002 E\244G\326\253B\316\225\016\256\260P\243\351i\316\371\355E\367\351\266;\347\232\257\003\223\017w\270\204""; "
1750527530587,1750527530587,380,1,0,4,TMGetLedger,"itype: liTS_CANDIDATE; ledgerHash: ""[\000\302\314\326\214\276@c\240\272\222{\363\314\032\213\311\316\246/\330\302\014>\022\346\234\347\264\270\350""; nodeIDs: ""\000\000\000\000\000\000\000\000\000\000\000\000\000\000\000\000\000\000\000\000\000\000\000\000\000\000\000\000\000\000\000\000\000""; requestCookie: 3; queryType: qtINDIRECT; queryDepth: 3; ","itype: liTS_CANDIDATE; ledgerHash: ""[\000\302\314\326\214\276@c\240\272\222{\363\314\032\213\311\316\246/\330\302\014>\022\346\234\347\264\270\350""; nodeIDs: ""\000\000\000\000\000\000\000\000\000\000\000\000\000\000\000\000\000\000\000\000\000\000\000\000\000\000\000\000\000\000\000\000\000""; requestCookie: 3; queryType: qtINDIRECT; queryDepth: 3; "
1750527530590,1750527530590,1996,1,0,4,TMLedgerData,"ledgerHash: ""\310\200l\322\255\214\342'\243\202\375k%_\335\032N\021G\005\230\271\366~%e\366\202l^\rR""; ledgerSeq: 0; type: liTS_CANDIDATE; nodes {;   nodedata: ""GZ\227\022t\201\240u\2324P\027\307M\337'Y\361[IAD\351\374!\232\005\337\376\252\251g\004\003"";   nodeid: ""\000\000\000\000\000\000\000\000\000\000\000\000\000\000\000\000\000\000\000\000\000\000\000\000\000\000\000\000\000\000\000\000\000""; }; requestCookie: 4; ","ledgerHash: ""\310\200l\322\255\214\342'\243\202\375k%_\335\032N\021G\005\230\271\366~%e\366\202l^\rR""; ledgerSeq: 0; type: liTS_CANDIDATE; nodes {;   nodedata: ""GZ\227\022t\201\240u\2324P\027\307M\337'Y\361[IAD\351\374!\232\005\337\376\252\251g\004\003"";   nodeid: ""\000\000\000\000\000\000\000\000\000\000\000\000\000\000\000\000\000\000\000\000\000\000\000\000\000\000\000\000\000\000\000\000\000""; }; requestCookie: 4; "
1750527530603,1750527530603,3128,1,2,4,TMValidation,"validation: """"\200\000\000\001&\000\000\000\005)/\351\252\251:\303`\246;Q\203[_Q\331]\036\237\306o!\223\221\002\324\031\262\240R\177 ,\214\325\Q])\016\2067\277\t\354\010\000P\027'\274\220\233\332\373\335\027\332I\377y`\224\260\350-\215\335\267[\036\265\265\252`\026&\030{\362\363P\031\265\024\321\362\354\211\250.\234s\225amc\305\035\366\276\037nD\277`\210\223N\3535\033\261\304fs!\002\266\377\271\344:\030\221i\267\257\215\237M\014\3345f\014\273|\207\367\334\337F\325\004cxB\211LvG0E\002!\000\376\247L \003\263\345< 8\327\326\337\263Ps\243.\361\2659a\334;\031P\326\033\355\373\324\235\002 zU\\354\320\346\320\016\237\216i#\250SK \317\357\332Z\340w\374\254=\352\376\346\032YqR""; ","validation: """"\200\000\000\001&\000\000\000\005)/\351\252\251:\303`\246;Q\203[_Q\331]\036\237\306o!\223\221\002\324\031\262\240R\177 ,\214\325\Q])\016\2067\277\t\354\010\000P\027'\274\220\233\332\373\335\027\332I\377y`\224\260\350-\215\335\267[\036\265\265\252`\026&\030{\362\363P\031\265\024\321\362\354\211\250.\234s\225amc\305\035\366\276\037nD\277`\210\223N\3535\033\261\304fs!\002\266\377\271\344:\030\221i\267\257\215\237M\014\3345f\014\273|\207\367\334\337F\325\004cxB\211LvG0E\002!\000\376\247L \003\263\345< 8\327\326\337\263Ps\243.\361\2659a\334;\031P\326\033\355\373\324\235\002 zU\\354\320\346\320\016\237\216i#\250SK \317\357\332Z\340w\374\254=\352\376\346\032YqR""; "
1750527530603,1750527530604,723,1,2,3,TMValidation,"validation: """"\200\000\000\001&\000\000\000\005)/\351\252\251:\303`\246;Q\203[_Q\331]\036\237\306o!\223\221\002\324\031\262\240R\177 ,\214\325\Q])\016\2067\277\t\354\010\000P\027'\274\220\233\332\373\335\027\332I\377y`\224\260\350-\215\335\267[\036\265\265\252`\026&\030{\362\363P\031\265\024\321\362\354\211\250.\234s\225amc\305\035\366\276\037nD\277`\210\223N\3535\033\261\304fs!\002\266\377\271\344:\030\221i\267\257\215\237M\014\3345f\014\273|\207\367\334\337F\325\004cxB\211LvG0E\002!\000\376\247L \003\263\345< 8\327\326\337\263Ps\243.\361\2659a\334;\031P\326\033\355\373\324\235\002 zU\\354\320\346\320\016\237\216i#\250SK \317\357\332Z\340w\374\254=\352\376\346\032YqR""; ","validation: """"\200\000\000\001&\000\000\000\005)/\351\252\251:\303`\246;Q\203[_Q\331]\036\237\306o!\223\221\002\324\031\262\240R\177 ,\214\325\Q])\016\2067\277\t\354\010\000P\027'\274\220\233\332\373\335\027\332I\377y`\224\260\350-\215\335\267[\036\265\265\252`\026&\030{\362\363P\031\265\024\321\362\354\211\250.\234s\225amc\305\035\366\276\037nD\277`\210\223N\3535\033\261\304fs!\002\266\377\271\344:\030\221i\267\257\215\237M\014\3345f\014\273|\207\367\334\337F\325\004cxB\211LvG0E\002!\000\376\247L \003\263\345< 8\327\326\337\263Ps\243.\361\2659a\334;\031P\326\033\355\373\324\235\002 zU\\354\320\346\320\016\237\216i#\250SK \317\357\332Z\340w\374\254=\352\376\346\032YqR""; "
1750527530604,1750527530604,446,1,2,0,TMValidation,"validation: """"\200\000\000\001&\000\000\000\005)/\351\252\251:\303`\246;Q\203[_Q\331]\036\237\306o!\223\221\002\324\031\262\240R\177 ,\214\325\Q])\016\2067\277\t\354\010\000P\027'\274\220\233\332\373\335\027\332I\377y`\224\260\350-\215\335\267[\036\265\265\252`\026&\030{\362\363P\031\265\024\321\362\354\211\250.\234s\225amc\305\035\366\276\037nD\277`\210\223N\3535\033\261\304fs!\002\266\377\271\344:\030\221i\267\257\215\237M\014\3345f\014\273|\207\367\334\337F\325\004cxB\211LvG0E\002!\000\376\247L \003\263\345< 8\327\326\337\263Ps\243.\361\2659a\334;\031P\326\033\355\373\324\235\002 zU\\354\320\346\320\016\237\216i#\250SK \317\357\332Z\340w\374\254=\352\376\346\032YqR""; ","validation: """"\200\000\000\001&\000\000\000\005)/\351\252\251:\303`\246;Q\203[_Q\331]\036\237\306o!\223\221\002\324\031\262\240R\177 ,\214\325\Q])\016\2067\277\t\354\010\000P\027'\274\220\233\332\373\335\027\332I\377y`\224\260\350-\215\335\267[\036\265\265\252`\026&\030{\362\363P\031\265\024\321\362\354\211\250.\234s\225amc\305\035\366\276\037nD\277`\210\223N\3535\033\261\304fs!\002\266\377\271\344:\030\221i\267\257\215\237M\014\3345f\014\273|\207\367\334\337F\325\004cxB\211LvG0E\002!\000\376\247L \003\263\345< 8\327\326\337\263Ps\243.\361\2659a\334;\031P\326\033\355\373\324\235\002 zU\\354\320\346\320\016\237\216i#\250SK \317\357\332Z\340w\374\254=\352\376\346\032YqR""; "
1750527530618,1750527530618,3378,1,4,0,TMLedgerData,"ledgerHash: ""'\274\220\233\332\373\335\027\332I\377y`\224\260\350-\215\335\267[\036\265\265\252`\026&\030{\362\363""; ledgerSeq: 0; type: liTS_CANDIDATE; nodes {;   nodedata: ""\002i\361\030\371\256\265\036\320\273\013\357<\215/(\215[\231D\357Gd\372\270\316\261\301\342\327\225\241\000GZ\227\022t\201\240u\2324P\027\307M\337'Y\361[IAD\351\374!\232\005\337\376\252\251g\004\240\231\202k\030<\225\205;%\337\001\376d\216V\310\306k>\373\322\372\353b\3659\350\345\324F\026\n\003"";   nodeid: ""\000\000\000\000\000\000\000\000\000\000\000\000\000\000\000\000\000\000\000\000\000\000\000\000\000\000\000\000\000\000\000\000\000""; }; ","ledgerHash: ""'\274\220\233\332\373\335\027\332I\377y`\224\260\350-\215\335\267[\036\265\265\252`\026&\030{\362\363""; ledgerSeq: 0; type: liTS_CANDIDATE; nodes {;   nodedata: ""\002i\361\030\371\256\265\036\320\273\013\357<\215/(\215[\231D\357Gd\372\270\316\261\301\342\327\225\241\000GZ\227\022t\201\240u\2324P\027\307M\337'Y\361[IAD\351\374!\232\005\337\376\252\251g\004\240\231\202k\030<\225\205;%\337\001\376d\216V\310\306k>\373\322\372\353b\3659\350\345\324F\026\n\003"";   nodeid: ""\000\000\000\000\000\000\000\000\000\000\000\000\000\000\000\000\000\000\000\000\000\000\000\000\000\000\000\000\000\000\000\000\000""; }; "
1750527530620,1750527530621,323,1,4,3,TMHaveTransactionSet,"status: tsHAVE; hash: ""\310\200l\322\255\214\342'\243\202\375k%_\335\032N\021G\005\230\271\366~%e\366\202l^\rR""; ","status: tsHAVE; hash: ""\310\200l\322\255\214\342'\243\202\375k%_\335\032N\021G\005\230\271\366~%e\366\202l^\rR""; "
1750527530621,1750527530621,2464,1,4,1,TMHaveTransactionSet,"status: tsHAVE; hash: ""\310\200l\322\255\214\342'\243\202\375k%_\335\032N\021G\005\230\271\366~%e\366\202l^\rR""; ","status: tsHAVE; hash: ""\310\200l\322\255\214\342'\243\202\375k%_\335\032N\021G\005\230\271\366~%e\366\202l^\rR""; "
1750527530621,1750527530622,3434,1,4,2,TMHaveTransactionSet,"status: tsHAVE; hash: ""\310\200l\322\255\214\342'\243\202\375k%_\335\032N\021G\005\230\271\366~%e\366\202l^\rR""; ","status: tsHAVE; hash: ""\310\200l\322\255\214\342'\243\202\375k%_\335\032N\021G\005\230\271\366~%e\366\202l^\rR""; "
1750527530622,1750527530622,3037,1,4,0,TMHaveTransactionSet,"status: tsHAVE; hash: ""\310\200l\322\255\214\342'\243\202\375k%_\335\032N\021G\005\230\271\366~%e\366\202l^\rR""; ","status: tsHAVE; hash: ""\310\200l\322\255\214\342'\243\202\375k%_\335\032N\021G\005\230\271\366~%e\366\202l^\rR""; "
1750527530629,1750527530629,1199,1,0,2,TMGetLedger,"itype: liTS_CANDIDATE; ledgerHash: ""[\000\302\314\326\214\276@c\240\272\222{\363\314\032\213\311\316\246/\330\302\014>\022\346\234\347\264\270\350""; nodeIDs: ""\000\000\000\000\000\000\000\000\000\000\000\000\000\000\000\000\000\000\000\000\000\000\000\000\000\000\000\000\000\000\000\000\000""; queryType: qtINDIRECT; queryDepth: 3; ","itype: liTS_CANDIDATE; ledgerHash: ""[\000\302\314\326\214\276@c\240\272\222{\363\314\032\213\311\316\246/\330\302\014>\022\346\234\347\264\270\350""; nodeIDs: ""\000\000\000\000\000\000\000\000\000\000\000\000\000\000\000\000\000\000\000\000\000\000\000\000\000\000\000\000\000\000\000\000\000""; queryType: qtINDIRECT; queryDepth: 3; "
1750527530629,1750527530629,3375,1,0,1,TMGetLedger,"itype: liTS_CANDIDATE; ledgerHash: ""[\000\302\314\326\214\276@c\240\272\222{\363\314\032\213\311\316\246/\330\302\014>\022\346\234\347\264\270\350""; nodeIDs: ""\000\000\000\000\000\000\000\000\000\000\000\000\000\000\000\000\000\000\000\000\000\000\000\000\000\000\000\000\000\000\000\000\000""; queryType: qtINDIRECT; queryDepth: 3; ","itype: liTS_CANDIDATE; ledgerHash: ""[\000\302\314\326\214\276@c\240\272\222{\363\314\032\213\311\316\246/\330\302\014>\022\346\234\347\264\270\350""; nodeIDs: ""\000\000\000\000\000\000\000\000\000\000\000\000\000\000\000\000\000\000\000\000\000\000\000\000\000\000\000\000\000\000\000\000\000""; queryType: qtINDIRECT; queryDepth: 3; "
1750527530630,1750527530630,3094,1,0,3,TMGetLedger,"itype: liTS_CANDIDATE; ledgerHash: ""[\000\302\314\326\214\276@c\240\272\222{\363\314\032\213\311\316\246/\330\302\014>\022\346\234\347\264\270\350""; nodeIDs: ""\000\000\000\000\000\000\000\000\000\000\000\000\000\000\000\000\000\000\000\000\000\000\000\000\000\000\000\000\000\000\000\000\000""; queryType: qtINDIRECT; queryDepth: 3; ","itype: liTS_CANDIDATE; ledgerHash: ""[\000\302\314\326\214\276@c\240\272\222{\363\314\032\213\311\316\246/\330\302\014>\022\346\234\347\264\270\350""; nodeIDs: ""\000\000\000\000\000\000\000\000\000\000\000\000\000\000\000\000\000\000\000\000\000\000\000\000\000\000\000\000\000\000\000\000\000""; queryType: qtINDIRECT; queryDepth: 3; "
1750527530634,1750527530634,380,1,0,4,TMGetLedger,"itype: liTS_CANDIDATE; ledgerHash: ""[\000\302\314\326\214\276@c\240\272\222{\363\314\032\213\311\316\246/\330\302\014>\022\346\234\347\264\270\350""; nodeIDs: ""\000\000\000\000\000\000\000\000\000\000\000\000\000\000\000\000\000\000\000\000\000\000\000\000\000\000\000\000\000\000\000\000\000""; queryType: qtINDIRECT; queryDepth: 3; ","itype: liTS_CANDIDATE; ledgerHash: ""[\000\302\314\326\214\276@c\240\272\222{\363\314\032\213\311\316\246/\330\302\014>\022\346\234\347\264\270\350""; nodeIDs: ""\000\000\000\000\000\000\000\000\000\000\000\000\000\000\000\000\000\000\000\000\000\000\000\000\000\000\000\000\000\000\000\000\000""; queryType: qtINDIRECT; queryDepth: 3; "
1750527530640,1750527530640,438,1,1,4,TMProposeSet,"proposeSeq: 0; currentTxHash: ""\000\000\000\000\000\000\000\000\000\000\000\000\000\000\000\000\000\000\000\000\000\000\000\000\000\000\000\000\000\000\000\000""; nodePubKey: ""\002\266\377\271\344:\030\221i\267\257\215\237M\014\3345f\014\273|\207\367\334\337F\325\004cxB\211L""; closeTime: 803842730; signature: ""0D\002 C\221a\341\007A\222\254\345L\347\3361rI\236\231@\234\212\315\277\014M\205A\025\377\204\210\365\t\002 zQ\204\315Q\2266\323.\205\357\246\356\0331\232c\205\354\312\301`\333.[+^M?\316\256\205""; previousledger: ""\331]\036\237\306o!\223\221\002\324\031\262\240R\177 ,\214\325\Q])\016\2067\277\t\354\010\000""; ","proposeSeq: 0; currentTxHash: ""\000\000\000\000\000\000\000\000\000\000\000\000\000\000\000\000\000\000\000\000\000\000\000\000\000\000\000\000\000\000\000\000""; nodePubKey: ""\002\266\377\271\344:\030\221i\267\257\215\237M\014\3345f\014\273|\207\367\334\337F\325\004cxB\211L""; closeTime: 803842730; signature: ""0D\002 C\221a\341\007A\222\254\345L\347\3361rI\236\231@\234\212\315\277\014M\205A\025\377\204\210\365\t\002 zQ\204\315Q\2266\323.\205\357\246\356\0331\232c\205\354\312\301`\333.[+^M?\316\256\205""; previousledger: ""\331]\036\237\306o!\223\221\002\324\031\262\240R\177 ,\214\325\Q])\016\2067\277\t\354\010\000""; "
1750527530643,1750527530643,3299,1,1,3,TMProposeSet,"proposeSeq: 0; currentTxHash: ""\000\000\000\000\000\000\000\000\000\000\000\000\000\000\000\000\000\000\000\000\000\000\000\000\000\000\000\000\000\000\000\000""; nodePubKey: ""\002\266\377\271\344:\030\221i\267\257\215\237M\014\3345f\014\273|\207\367\334\337F\325\004cxB\211L""; closeTime: 803842730; signature: ""0D\002 C\221a\341\007A\222\254\345L\347\3361rI\236\231@\234\212\315\277\014M\205A\025\377\204\210\365\t\002 zQ\204\315Q\2266\323.\205\357\246\356\0331\232c\205\354\312\301`\333.[+^M?\316\256\205""; previousledger: ""\331]\036\237\306o!\223\221\002\324\031\262\240R\177 ,\214\325\Q])\016\2067\277\t\354\010\000""; ","proposeSeq: 0; currentTxHash: ""\000\000\000\000\000\000\000\000\000\000\000\000\000\000\000\000\000\000\000\000\000\000\000\000\000\000\000\000\000\000\000\000""; nodePubKey: ""\002\266\377\271\344:\030\221i\267\257\215\237M\014\3345f\014\273|\207\367\334\337F\325\004cxB\211L""; closeTime: 803842730; signature: ""0D\002 C\221a\341\007A\222\254\345L\347\3361rI\236\231@\234\212\315\277\014M\205A\025\377\204\210\365\t\002 zQ\204\315Q\2266\323.\205\357\246\356\0331\232c\205\354\312\301`\333.[+^M?\316\256\205""; previousledger: ""\331]\036\237\306o!\223\221\002\324\031\262\240R\177 ,\214\325\Q])\016\2067\277\t\354\010\000""; "
1750527530645,1750527530645,1150,1,3,4,TMLedgerData,"ledgerHash: ""'\274\220\233\332\373\335\027\332I\377y`\224\260\350-\215\335\267[\036\265\265\252`\026&\030{\362\363""; ledgerSeq: 0; type: liTS_CANDIDATE; nodes {;   nodedata: ""\002i\361\030\371\256\265\036\320\273\013\357<\215/(\215[\231D\357Gd\372\270\316\261\301\342\327\225\241\000GZ\227\022t\201\240u\2324P\027\307M\337'Y\361[IAD\351\374!\232\005\337\376\252\251g\004\240\231\202k\030<\225\205;%\337\001\376d\216V\310\306k>\373\322\372\353b\3659\350\345\324F\026\n\003"";   nodeid: ""\000\000\000\000\000\000\000\000\000\000\000\000\000\000\000\000\000\000\000\000\000\000\000\000\000\000\000\000\000\000\000\000\000""; }; ","ledgerHash: ""'\274\220\233\332\373\335\027\332I\377y`\224\260\350-\215\335\267[\036\265\265\252`\026&\030{\362\363""; ledgerSeq: 0; type: liTS_CANDIDATE; nodes {;   nodedata: ""\002i\361\030\371\256\265\036\320\273\013\357<\215/(\215[\231D\357Gd\372\270\316\261\301\342\327\225\241\000GZ\227\022t\201\240u\2324P\027\307M\337'Y\361[IAD\351\374!\232\005\337\376\252\251g\004\240\231\202k\030<\225\205;%\337\001\376d\216V\310\306k>\373\322\372\353b\3659\350\345\324F\026\n\003"";   nodeid: ""\000\000\000\000\000\000\000\000\000\000\000\000\000\000\000\000\000\000\000\000\000\000\000\000\000\000\000\000\000\000\000\000\000""; }; "
1750527530644,1750527530644,2742,1,1,0,TMProposeSet,"proposeSeq: 0; currentTxHash: ""\000\000\000\000\000\000\000\000\000\000\000\000\000\000\000\000\000\000\000\000\000\000\000\000\000\000\000\000\000\000\000\000""; nodePubKey: ""\002\266\377\271\344:\030\221i\267\257\215\237M\014\3345f\014\273|\207\367\334\337F\325\004cxB\211L""; closeTime: 803842730; signature: ""0D\002 C\221a\341\007A\222\254\345L\347\3361rI\236\231@\234\212\315\277\014M\205A\025\377\204\210\365\t\002 zQ\204\315Q\2266\323.\205\357\246\356\0331\232c\205\354\312\301`\333.[+^M?\316\256\205""; previousledger: ""\331]\036\237\306o!\223\221\002\324\031\262\240R\177 ,\214\325\Q])\016\2067\277\t\354\010\000""; ","proposeSeq: 0; currentTxHash: ""\000\000\000\000\000\000\000\000\000\000\000\000\000\000\000\000\000\000\000\000\000\000\000\000\000\000\000\000\000\000\000\000""; nodePubKey: ""\002\266\377\271\344:\030\221i\267\257\215\237M\014\3345f\014\273|\207\367\334\337F\325\004cxB\211L""; closeTime: 803842730; signature: ""0D\002 C\221a\341\007A\222\254\345L\347\3361rI\236\231@\234\212\315\277\014M\205A\025\377\204\210\365\t\002 zQ\204\315Q\2266\323.\205\357\246\356\0331\232c\205\354\312\301`\333.[+^M?\316\256\205""; previousledger: ""\331]\036\237\306o!\223\221\002\324\031\262\240R\177 ,\214\325\Q])\016\2067\277\t\354\010\000""; "
1750527530678,1750527530678,1131,1,3,0,TMGetLedger,"itype: liTS_CANDIDATE; ledgerHash: ""[\000\302\314\326\214\276@c\240\272\222{\363\314\032\213\311\316\246/\330\302\014>\022\346\234\347\264\270\350""; nodeIDs: ""\000\000\000\000\000\000\000\000\000\000\000\000\000\000\000\000\000\000\000\000\000\000\000\000\000\000\000\000\000\000\000\000\000""; queryType: qtINDIRECT; queryDepth: 3; ","itype: liTS_CANDIDATE; ledgerHash: ""[\000\302\314\326\214\276@c\240\272\222{\363\314\032\213\311\316\246/\330\302\014>\022\346\234\347\264\270\350""; nodeIDs: ""\000\000\000\000\000\000\000\000\000\000\000\000\000\000\000\000\000\000\000\000\000\000\000\000\000\000\000\000\000\000\000\000\000""; queryType: qtINDIRECT; queryDepth: 3; "
1750527530679,1750527530679,1019,1,3,4,TMGetLedger,"itype: liTS_CANDIDATE; ledgerHash: ""[\000\302\314\326\214\276@c\240\272\222{\363\314\032\213\311\316\246/\330\302\014>\022\346\234\347\264\270\350""; nodeIDs: ""\000\000\000\000\000\000\000\000\000\000\000\000\000\000\000\000\000\000\000\000\000\000\000\000\000\000\000\000\000\000\000\000\000""; queryType: qtINDIRECT; queryDepth: 3; ","itype: liTS_CANDIDATE; ledgerHash: ""[\000\302\314\326\214\276@c\240\272\222{\363\314\032\213\311\316\246/\330\302\014>\022\346\234\347\264\270\350""; nodeIDs: ""\000\000\000\000\000\000\000\000\000\000\000\000\000\000\000\000\000\000\000\000\000\000\000\000\000\000\000\000\000\000\000\000\000""; queryType: qtINDIRECT; queryDepth: 3; "
1750527530679,1750527530679,2794,1,3,2,TMGetLedger,"itype: liTS_CANDIDATE; ledgerHash: ""[\000\302\314\326\214\276@c\240\272\222{\363\314\032\213\311\316\246/\330\302\014>\022\346\234\347\264\270\350""; nodeIDs: ""\000\000\000\000\000\000\000\000\000\000\000\000\000\000\000\000\000\000\000\000\000\000\000\000\000\000\000\000\000\000\000\000\000""; queryType: qtINDIRECT; queryDepth: 3; ","itype: liTS_CANDIDATE; ledgerHash: ""[\000\302\314\326\214\276@c\240\272\222{\363\314\032\213\311\316\246/\330\302\014>\022\346\234\347\264\270\350""; nodeIDs: ""\000\000\000\000\000\000\000\000\000\000\000\000\000\000\000\000\000\000\000\000\000\000\000\000\000\000\000\000\000\000\000\000\000""; queryType: qtINDIRECT; queryDepth: 3; "
1750527530679,1750527530679,2079,1,3,1,TMGetLedger,"itype: liTS_CANDIDATE; ledgerHash: ""[\000\302\314\326\214\276@c\240\272\222{\363\314\032\213\311\316\246/\330\302\014>\022\346\234\347\264\270\350""; nodeIDs: ""\000\000\000\000\000\000\000\000\000\000\000\000\000\000\000\000\000\000\000\000\000\000\000\000\000\000\000\000\000\000\000\000\000""; queryType: qtINDIRECT; queryDepth: 3; ","itype: liTS_CANDIDATE; ledgerHash: ""[\000\302\314\326\214\276@c\240\272\222{\363\314\032\213\311\316\246/\330\302\014>\022\346\234\347\264\270\350""; nodeIDs: ""\000\000\000\000\000\000\000\000\000\000\000\000\000\000\000\000\000\000\000\000\000\000\000\000\000\000\000\000\000\000\000\000\000""; queryType: qtINDIRECT; queryDepth: 3; "
1750527530681,1750527530681,589,1,2,0,TMGetLedger,"itype: liTS_CANDIDATE; ledgerHash: ""\310\200l\322\255\214\342'\243\202\375k%_\335\032N\021G\005\230\271\366~%e\366\202l^\rR""; nodeIDs: ""\000\000\000\000\000\000\000\000\000\000\000\000\000\000\000\000\000\000\000\000\000\000\000\000\000\000\000\000\000\000\000\000\000""; requestCookie: 4; queryType: qtINDIRECT; queryDepth: 3; ","itype: liTS_CANDIDATE; ledgerHash: ""\310\200l\322\255\214\342'\243\202\375k%_\335\032N\021G\005\230\271\366~%e\366\202l^\rR""; nodeIDs: ""\000\000\000\000\000\000\000\000\000\000\000\000\000\000\000\000\000\000\000\000\000\000\000\000\000\000\000\000\000\000\000\000\000""; requestCookie: 4; queryType: qtINDIRECT; queryDepth: 3; "
1750527530682,1750527530682,1394,1,1,2,TMProposeSet,"proposeSeq: 0; currentTxHash: ""\000\000\000\000\000\000\000\000\000\000\000\000\000\000\000\000\000\000\000\000\000\000\000\000\000\000\000\000\000\000\000\000""; nodePubKey: ""\002\266\377\271\344:\030\221i\267\257\215\237M\014\3345f\014\273|\207\367\334\337F\325\004cxB\211L""; closeTime: 803842730; signature: ""0D\002 C\221a\341\007A\222\254\345L\347\3361rI\236\231@\234\212\315\277\014M\205A\025\377\204\210\365\t\002 zQ\204\315Q\2266\323.\205\357\246\356\0331\232c\205\354\312\301`\333.[+^M?\316\256\205""; previousledger: ""\331]\036\237\306o!\223\221\002\324\031\262\240R\177 ,\214\325\Q])\016\2067\277\t\354\010\000""; ","proposeSeq: 0; currentTxHash: ""\000\000\000\000\000\000\000\000\000\000\000\000\000\000\000\000\000\000\000\000\000\000\000\000\000\000\000\000\000\000\000\000""; nodePubKey: ""\002\266\377\271\344:\030\221i\267\257\215\237M\014\3345f\014\273|\207\367\334\337F\325\004cxB\211L""; closeTime: 803842730; signature: ""0D\002 C\221a\341\007A\222\254\345L\347\3361rI\236\231@\234\212\315\277\014M\205A\025\377\204\210\365\t\002 zQ\204\315Q\2266\323.\205\357\246\356\0331\232c\205\354\312\301`\333.[+^M?\316\256\205""; previousledger: ""\331]\036\237\306o!\223\221\002\324\031\262\240R\177 ,\214\325\Q])\016\2067\277\t\354\010\000""; "
1750527530691,1750527530691,3378,1,4,0,TMLedgerData,"ledgerHash: ""[\000\302\314\326\214\276@c\240\272\222{\363\314\032\213\311\316\246/\330\302\014>\022\346\234\347\264\270\350""; ledgerSeq: 0; type: liTS_CANDIDATE; nodes {;   nodedata: ""\002i\361\030\371\256\265\036\320\273\013\357<\215/(\215[\231D\357Gd\372\270\316\261\301\342\327\225\241\000GZ\227\022t\201\240u\2324P\027\307M\337'Y\361[IAD\351\374!\232\005\337\376\252\251g\004\003"";   nodeid: ""\000\000\000\000\000\000\000\000\000\000\000\000\000\000\000\000\000\000\000\000\000\000\000\000\000\000\000\000\000\000\000\000\000""; }; requestCookie: 4; ","ledgerHash: ""[\000\302\314\326\214\276@c\240\272\222{\363\314\032\213\311\316\246/\330\302\014>\022\346\234\347\264\270\350""; ledgerSeq: 0; type: liTS_CANDIDATE; nodes {;   nodedata: ""\002i\361\030\371\256\265\036\320\273\013\357<\215/(\215[\231D\357Gd\372\270\316\261\301\342\327\225\241\000GZ\227\022t\201\240u\2324P\027\307M\337'Y\361[IAD\351\374!\232\005\337\376\252\251g\004\003"";   nodeid: ""\000\000\000\000\000\000\000\000\000\000\000\000\000\000\000\000\000\000\000\000\000\000\000\000\000\000\000\000\000\000\000\000\000""; }; requestCookie: 4; "
1750527530698,1750527530698,2764,1,4,3,TMLedgerData,"ledgerHash: ""[\000\302\314\326\214\276@c\240\272\222{\363\314\032\213\311\316\246/\330\302\014>\022\346\234\347\264\270\350""; ledgerSeq: 0; type: liTS_CANDIDATE; nodes {;   nodedata: ""\002i\361\030\371\256\265\036\320\273\013\357<\215/(\215[\231D\357Gd\372\270\316\261\301\342\327\225\241\000GZ\227\022t\201\240u\2324P\027\307M\337'Y\361[IAD\351\374!\232\005\337\376\252\251g\004\003"";   nodeid: ""\000\000\000\000\000\000\000\000\000\000\000\000\000\000\000\000\000\000\000\000\000\000\000\000\000\000\000\000\000\000\000\000\000""; }; ","ledgerHash: ""[\000\302\314\326\214\276@c\240\272\222{\363\314\032\213\311\316\246/\330\302\014>\022\346\234\347\264\270\350""; ledgerSeq: 0; type: liTS_CANDIDATE; nodes {;   nodedata: ""\002i\361\030\371\256\265\036\320\273\013\357<\215/(\215[\231D\357Gd\372\270\316\261\301\342\327\225\241\000GZ\227\022t\201\240u\2324P\027\307M\337'Y\361[IAD\351\374!\232\005\337\376\252\251g\004\003"";   nodeid: ""\000\000\000\000\000\000\000\000\000\000\000\000\000\000\000\000\000\000\000\000\000\000\000\000\000\000\000\000\000\000\000\000\000""; }; "
1750527530714,1750527530715,1150,1,3,4,TMLedgerData,"ledgerHash: ""'\274\220\233\332\373\335\027\332I\377y`\224\260\350-\215\335\267[\036\265\265\252`\026&\030{\362\363""; ledgerSeq: 0; type: liTS_CANDIDATE; nodes {;   nodedata: ""\002i\361\030\371\256\265\036\320\273\013\357<\215/(\215[\231D\357Gd\372\270\316\261\301\342\327\225\241\000GZ\227\022t\201\240u\2324P\027\307M\337'Y\361[IAD\351\374!\232\005\337\376\252\251g\004\240\231\202k\030<\225\205;%\337\001\376d\216V\310\306k>\373\322\372\353b\3659\350\345\324F\026\n\003"";   nodeid: ""\000\000\000\000\000\000\000\000\000\000\000\000\000\000\000\000\000\000\000\000\000\000\000\000\000\000\000\000\000\000\000\000\000""; }; requestCookie: 1; ","ledgerHash: ""'\274\220\233\332\373\335\027\332I\377y`\224\260\350-\215\335\267[\036\265\265\252`\026&\030{\362\363""; ledgerSeq: 0; type: liTS_CANDIDATE; nodes {;   nodedata: ""\002i\361\030\371\256\265\036\320\273\013\357<\215/(\215[\231D\357Gd\372\270\316\261\301\342\327\225\241\000GZ\227\022t\201\240u\2324P\027\307M\337'Y\361[IAD\351\374!\232\005\337\376\252\251g\004\240\231\202k\030<\225\205;%\337\001\376d\216V\310\306k>\373\322\372\353b\3659\350\345\324F\026\n\003"";   nodeid: ""\000\000\000\000\000\000\000\000\000\000\000\000\000\000\000\000\000\000\000\000\000\000\000\000\000\000\000\000\000\000\000\000\000""; }; requestCookie: 1; "
1750527530716,1750527530716,3058,1,3,1,TMHaveTransactionSet,"status: tsHAVE; hash: ""[\000\302\314\326\214\276@c\240\272\222{\363\314\032\213\311\316\246/\330\302\014>\022\346\234\347\264\270\350""; ","status: tsHAVE; hash: ""[\000\302\314\326\214\276@c\240\272\222{\363\314\032\213\311\316\246/\330\302\014>\022\346\234\347\264\270\350""; "
1750527530716,1750527530716,269,1,3,2,TMHaveTransactionSet,"status: tsHAVE; hash: ""[\000\302\314\326\214\276@c\240\272\222{\363\314\032\213\311\316\246/\330\302\014>\022\346\234\347\264\270\350""; ","status: tsHAVE; hash: ""[\000\302\314\326\214\276@c\240\272\222{\363\314\032\213\311\316\246/\330\302\014>\022\346\234\347\264\270\350""; "
1750527530641,1750527530717,1961,1,1,4,TMStatusChange,"newEvent: neCLOSING_LEDGER; ledgerSeq: 5; ledgerHash: ""\331]\036\237\306o!\223\221\002\324\031\262\240R\177 ,\214\325\Q])\016\2067\277\t\354\010\000""; ledgerHashPrevious: ""\265\024\321\362\354\211\250.\234s\225amc\305\035\366\276\037nD\277`\210\223N\3535\033\261\304f""; networkTime: 803842730; firstSeq: 1; lastSeq: 5; ","newEvent: neCLOSING_LEDGER; ledgerSeq: 5; ledgerHash: ""\331]\036\237\306o!\223\221\002\324\031\262\240R\177 ,\214\325\Q])\016\2067\277\t\354\010\000""; ledgerHashPrevious: ""\265\024\321\362\354\211\250.\234s\225amc\305\035\366\276\037nD\277`\210\223N\3535\033\261\304f""; networkTime: 803842730; firstSeq: 1; lastSeq: 5; "
1750527530642,1750527530717,3322,1,1,3,TMStatusChange,"newEvent: neCLOSING_LEDGER; ledgerSeq: 5; ledgerHash: ""\331]\036\237\306o!\223\221\002\324\031\262\240R\177 ,\214\325\Q])\016\2067\277\t\354\010\000""; ledgerHashPrevious: ""\265\024\321\362\354\211\250.\234s\225amc\305\035\366\276\037nD\277`\210\223N\3535\033\261\304f""; networkTime: 803842730; firstSeq: 1; lastSeq: 5; ","newEvent: neCLOSING_LEDGER; ledgerSeq: 5; ledgerHash: ""\331]\036\237\306o!\223\221\002\324\031\262\240R\177 ,\214\325\Q])\016\2067\277\t\354\010\000""; ledgerHashPrevious: ""\265\024\321\362\354\211\250.\234s\225amc\305\035\366\276\037nD\277`\210\223N\3535\033\261\304f""; networkTime: 803842730; firstSeq: 1; lastSeq: 5; "
1750527530644,1750527530718,3625,1,1,0,TMStatusChange,"newEvent: neCLOSING_LEDGER; ledgerSeq: 5; ledgerHash: ""\331]\036\237\306o!\223\221\002\324\031\262\240R\177 ,\214\325\Q])\016\2067\277\t\354\010\000""; ledgerHashPrevious: ""\265\024\321\362\354\211\250.\234s\225amc\305\035\366\276\037nD\277`\210\223N\3535\033\261\304f""; networkTime: 803842730; firstSeq: 1; lastSeq: 5; ","newEvent: neCLOSING_LEDGER; ledgerSeq: 5; ledgerHash: ""\331]\036\237\306o!\223\221\002\324\031\262\240R\177 ,\214\325\Q])\016\2067\277\t\354\010\000""; ledgerHashPrevious: ""\265\024\321\362\354\211\250.\234s\225amc\305\035\366\276\037nD\277`\210\223N\3535\033\261\304f""; networkTime: 803842730; firstSeq: 1; lastSeq: 5; "
1750527530645,1750527530718,798,1,1,2,TMStatusChange,"newEvent: neCLOSING_LEDGER; ledgerSeq: 5; ledgerHash: ""\331]\036\237\306o!\223\221\002\324\031\262\240R\177 ,\214\325\Q])\016\2067\277\t\354\010\000""; ledgerHashPrevious: ""\265\024\321\362\354\211\250.\234s\225amc\305\035\366\276\037nD\277`\210\223N\3535\033\261\304f""; networkTime: 803842730; firstSeq: 1; lastSeq: 5; ","newEvent: neCLOSING_LEDGER; ledgerSeq: 5; ledgerHash: ""\331]\036\237\306o!\223\221\002\324\031\262\240R\177 ,\214\325\Q])\016\2067\277\t\354\010\000""; ledgerHashPrevious: ""\265\024\321\362\354\211\250.\234s\225amc\305\035\366\276\037nD\277`\210\223N\3535\033\261\304f""; networkTime: 803842730; firstSeq: 1; lastSeq: 5; "
1750527530719,1750527530719,2920,1,1,0,TMGetLedger,"itype: liTS_CANDIDATE; ledgerHash: ""\310\200l\322\255\214\342'\243\202\375k%_\335\032N\021G\005\230\271\366~%e\366\202l^\rR""; nodeIDs: ""\000\000\000\000\000\000\000\000\000\000\000\000\000\000\000\000\000\000\000\000\000\000\000\000\000\000\000\000\000\000\000\000\000""; requestCookie: 4; queryType: qtINDIRECT; queryDepth: 3; ","itype: liTS_CANDIDATE; ledgerHash: ""\310\200l\322\255\214\342'\243\202\375k%_\335\032N\021G\005\230\271\366~%e\366\202l^\rR""; nodeIDs: ""\000\000\000\000\000\000\000\000\000\000\000\000\000\000\000\000\000\000\000\000\000\000\000\000\000\000\000\000\000\000\000\000\000""; requestCookie: 4; queryType: qtINDIRECT; queryDepth: 3; "
1750527530721,1750527530721,1740,1,3,4,TMHaveTransactionSet,"status: tsHAVE; hash: ""[\000\302\314\326\214\276@c\240\272\222{\363\314\032\213\311\316\246/\330\302\014>\022\346\234\347\264\270\350""; ","status: tsHAVE; hash: ""[\000\302\314\326\214\276@c\240\272\222{\363\314\032\213\311\316\246/\330\302\014>\022\346\234\347\264\270\350""; "
1750527530722,1750527530722,3719,1,2,4,TMGetLedger,"itype: liTS_CANDIDATE; ledgerHash: ""[\000\302\314\326\214\276@c\240\272\222{\363\314\032\213\311\316\246/\330\302\014>\022\346\234\347\264\270\350""; nodeIDs: ""\000\000\000\000\000\000\000\000\000\000\000\000\000\000\000\000\000\000\000\000\000\000\000\000\000\000\000\000\000\000\000\000\000""; requestCookie: 4; queryType: qtINDIRECT; queryDepth: 3; ","itype: liTS_CANDIDATE; ledgerHash: ""[\000\302\314\326\214\276@c\240\272\222{\363\314\032\213\311\316\246/\330\302\014>\022\346\234\347\264\270\350""; nodeIDs: ""\000\000\000\000\000\000\000\000\000\000\000\000\000\000\000\000\000\000\000\000\000\000\000\000\000\000\000\000\000\000\000\000\000""; requestCookie: 4; queryType: qtINDIRECT; queryDepth: 3; "
1750527530722,1750527530722,3179,1,3,0,TMHaveTransactionSet,"status: tsHAVE; hash: ""[\000\302\314\326\214\276@c\240\272\222{\363\314\032\213\311\316\246/\330\302\014>\022\346\234\347\264\270\350""; ","status: tsHAVE; hash: ""[\000\302\314\326\214\276@c\240\272\222{\363\314\032\213\311\316\246/\330\302\014>\022\346\234\347\264\270\350""; "
1750527530736,1750527530736,1199,1,0,2,TMGetLedger,"itype: liTS_CANDIDATE; ledgerHash: ""'\274\220\233\332\373\335\027\332I\377y`\224\260\350-\215\335\267[\036\265\265\252`\026&\030{\362\363""; nodeIDs: ""\000\000\000\000\000\000\000\000\000\000\000\000\000\000\000\000\000\000\000\000\000\000\000\000\000\000\000\000\000\000\000\000\000""; queryType: qtINDIRECT; queryDepth: 3; ","itype: liTS_CANDIDATE; ledgerHash: ""'\274\220\233\332\373\335\027\332I\377y`\224\260\350-\215\335\267[\036\265\265\252`\026&\030{\362\363""; nodeIDs: ""\000\000\000\000\000\000\000\000\000\000\000\000\000\000\000\000\000\000\000\000\000\000\000\000\000\000\000\000\000\000\000\000\000""; queryType: qtINDIRECT; queryDepth: 3; "
1750527530736,1750527530736,380,1,0,4,TMGetLedger,"itype: liTS_CANDIDATE; ledgerHash: ""'\274\220\233\332\373\335\027\332I\377y`\224\260\350-\215\335\267[\036\265\265\252`\026&\030{\362\363""; nodeIDs: ""\000\000\000\000\000\000\000\000\000\000\000\000\000\000\000\000\000\000\000\000\000\000\000\000\000\000\000\000\000\000\000\000\000""; queryType: qtINDIRECT; queryDepth: 3; ","itype: liTS_CANDIDATE; ledgerHash: ""'\274\220\233\332\373\335\027\332I\377y`\224\260\350-\215\335\267[\036\265\265\252`\026&\030{\362\363""; nodeIDs: ""\000\000\000\000\000\000\000\000\000\000\000\000\000\000\000\000\000\000\000\000\000\000\000\000\000\000\000\000\000\000\000\000\000""; queryType: qtINDIRECT; queryDepth: 3; "
1750527530736,1750527530736,3375,1,0,1,TMGetLedger,"itype: liTS_CANDIDATE; ledgerHash: ""'\274\220\233\332\373\335\027\332I\377y`\224\260\350-\215\335\267[\036\265\265\252`\026&\030{\362\363""; nodeIDs: ""\000\000\000\000\000\000\000\000\000\000\000\000\000\000\000\000\000\000\000\000\000\000\000\000\000\000\000\000\000\000\000\000\000""; queryType: qtINDIRECT; queryDepth: 3; ","itype: liTS_CANDIDATE; ledgerHash: ""'\274\220\233\332\373\335\027\332I\377y`\224\260\350-\215\335\267[\036\265\265\252`\026&\030{\362\363""; nodeIDs: ""\000\000\000\000\000\000\000\000\000\000\000\000\000\000\000\000\000\000\000\000\000\000\000\000\000\000\000\000\000\000\000\000\000""; queryType: qtINDIRECT; queryDepth: 3; "
1750527530736,1750527530736,3094,1,0,3,TMGetLedger,"itype: liTS_CANDIDATE; ledgerHash: ""'\274\220\233\332\373\335\027\332I\377y`\224\260\350-\215\335\267[\036\265\265\252`\026&\030{\362\363""; nodeIDs: ""\000\000\000\000\000\000\000\000\000\000\000\000\000\000\000\000\000\000\000\000\000\000\000\000\000\000\000\000\000\000\000\000\000""; queryType: qtINDIRECT; queryDepth: 3; ","itype: liTS_CANDIDATE; ledgerHash: ""'\274\220\233\332\373\335\027\332I\377y`\224\260\350-\215\335\267[\036\265\265\252`\026&\030{\362\363""; nodeIDs: ""\000\000\000\000\000\000\000\000\000\000\000\000\000\000\000\000\000\000\000\000\000\000\000\000\000\000\000\000\000\000\000\000\000""; queryType: qtINDIRECT; queryDepth: 3; "
1750527530747,1750527530747,1544,1,2,1,TMGetLedger,"itype: liTS_CANDIDATE; ledgerHash: ""[\000\302\314\326\214\276@c\240\272\222{\363\314\032\213\311\316\246/\330\302\014>\022\346\234\347\264\270\350""; nodeIDs: ""\000\000\000\000\000\000\000\000\000\000\000\000\000\000\000\000\000\000\000\000\000\000\000\000\000\000\000\000\000\000\000\000\000""; queryType: qtINDIRECT; queryDepth: 3; ","itype: liTS_CANDIDATE; ledgerHash: ""[\000\302\314\326\214\276@c\240\272\222{\363\314\032\213\311\316\246/\330\302\014>\022\346\234\347\264\270\350""; nodeIDs: ""\000\000\000\000\000\000\000\000\000\000\000\000\000\000\000\000\000\000\000\000\000\000\000\000\000\000\000\000\000\000\000\000\000""; queryType: qtINDIRECT; queryDepth: 3; "
1750527530748,1750527530748,3719,1,2,4,TMGetLedger,"itype: liTS_CANDIDATE; ledgerHash: ""[\000\302\314\326\214\276@c\240\272\222{\363\314\032\213\311\316\246/\330\302\014>\022\346\234\347\264\270\350""; nodeIDs: ""\000\000\000\000\000\000\000\000\000\000\000\000\000\000\000\000\000\000\000\000\000\000\000\000\000\000\000\000\000\000\000\000\000""; queryType: qtINDIRECT; queryDepth: 3; ","itype: liTS_CANDIDATE; ledgerHash: ""[\000\302\314\326\214\276@c\240\272\222{\363\314\032\213\311\316\246/\330\302\014>\022\346\234\347\264\270\350""; nodeIDs: ""\000\000\000\000\000\000\000\000\000\000\000\000\000\000\000\000\000\000\000\000\000\000\000\000\000\000\000\000\000\000\000\000\000""; queryType: qtINDIRECT; queryDepth: 3; "
1750527530748,1750527530748,589,1,2,0,TMGetLedger,"itype: liTS_CANDIDATE; ledgerHash: ""[\000\302\314\326\214\276@c\240\272\222{\363\314\032\213\311\316\246/\330\302\014>\022\346\234\347\264\270\350""; nodeIDs: ""\000\000\000\000\000\000\000\000\000\000\000\000\000\000\000\000\000\000\000\000\000\000\000\000\000\000\000\000\000\000\000\000\000""; queryType: qtINDIRECT; queryDepth: 3; ","itype: liTS_CANDIDATE; ledgerHash: ""[\000\302\314\326\214\276@c\240\272\222{\363\314\032\213\311\316\246/\330\302\014>\022\346\234\347\264\270\350""; nodeIDs: ""\000\000\000\000\000\000\000\000\000\000\000\000\000\000\000\000\000\000\000\000\000\000\000\000\000\000\000\000\000\000\000\000\000""; queryType: qtINDIRECT; queryDepth: 3; "
1750527530748,1750527530748,4000,1,2,3,TMGetLedger,"itype: liTS_CANDIDATE; ledgerHash: ""[\000\302\314\326\214\276@c\240\272\222{\363\314\032\213\311\316\246/\330\302\014>\022\346\234\347\264\270\350""; nodeIDs: ""\000\000\000\000\000\000\000\000\000\000\000\000\000\000\000\000\000\000\000\000\000\000\000\000\000\000\000\000\000\000\000\000\000""; queryType: qtINDIRECT; queryDepth: 3; ","itype: liTS_CANDIDATE; ledgerHash: ""[\000\302\314\326\214\276@c\240\272\222{\363\314\032\213\311\316\246/\330\302\014>\022\346\234\347\264\270\350""; nodeIDs: ""\000\000\000\000\000\000\000\000\000\000\000\000\000\000\000\000\000\000\000\000\000\000\000\000\000\000\000\000\000\000\000\000\000""; queryType: qtINDIRECT; queryDepth: 3; "
1750527530756,1750527530756,3810,1,1,4,TMGetLedger,"itype: liTS_CANDIDATE; ledgerHash: ""[\000\302\314\326\214\276@c\240\272\222{\363\314\032\213\311\316\246/\330\302\014>\022\346\234\347\264\270\350""; nodeIDs: ""\000\000\000\000\000\000\000\000\000\000\000\000\000\000\000\000\000\000\000\000\000\000\000\000\000\000\000\000\000\000\000\000\000""; requestCookie: 4; queryType: qtINDIRECT; queryDepth: 3; ","itype: liTS_CANDIDATE; ledgerHash: ""[\000\302\314\326\214\276@c\240\272\222{\363\314\032\213\311\316\246/\330\302\014>\022\346\234\347\264\270\350""; nodeIDs: ""\000\000\000\000\000\000\000\000\000\000\000\000\000\000\000\000\000\000\000\000\000\000\000\000\000\000\000\000\000\000\000\000\000""; requestCookie: 4; queryType: qtINDIRECT; queryDepth: 3; "
1750527530760,1750527530760,3378,1,4,0,TMLedgerData,"ledgerHash: ""[\000\302\314\326\214\276@c\240\272\222{\363\314\032\213\311\316\246/\330\302\014>\022\346\234\347\264\270\350""; ledgerSeq: 0; type: liTS_CANDIDATE; nodes {;   nodedata: ""\002i\361\030\371\256\265\036\320\273\013\357<\215/(\215[\231D\357Gd\372\270\316\261\301\342\327\225\241\000GZ\227\022t\201\240u\2324P\027\307M\337'Y\361[IAD\351\374!\232\005\337\376\252\251g\004\003"";   nodeid: ""\000\000\000\000\000\000\000\000\000\000\000\000\000\000\000\000\000\000\000\000\000\000\000\000\000\000\000\000\000\000\000\000\000""; }; ","ledgerHash: ""[\000\302\314\326\214\276@c\240\272\222{\363\314\032\213\311\316\246/\330\302\014>\022\346\234\347\264\270\350""; ledgerSeq: 0; type: liTS_CANDIDATE; nodes {;   nodedata: ""\002i\361\030\371\256\265\036\320\273\013\357<\215/(\215[\231D\357Gd\372\270\316\261\301\342\327\225\241\000GZ\227\022t\201\240u\2324P\027\307M\337'Y\361[IAD\351\374!\232\005\337\376\252\251g\004\003"";   nodeid: ""\000\000\000\000\000\000\000\000\000\000\000\000\000\000\000\000\000\000\000\000\000\000\000\000\000\000\000\000\000\000\000\000\000""; }; "
1750527530761,1750527530761,3810,1,1,4,TMGetLedger,"itype: liTS_CANDIDATE; ledgerHash: ""[\000\302\314\326\214\276@c\240\272\222{\363\314\032\213\311\316\246/\330\302\014>\022\346\234\347\264\270\350""; nodeIDs: ""\000\000\000\000\000\000\000\000\000\000\000\000\000\000\000\000\000\000\000\000\000\000\000\000\000\000\000\000\000\000\000\000\000""; queryType: qtINDIRECT; queryDepth: 3; ","itype: liTS_CANDIDATE; ledgerHash: ""[\000\302\314\326\214\276@c\240\272\222{\363\314\032\213\311\316\246/\330\302\014>\022\346\234\347\264\270\350""; nodeIDs: ""\000\000\000\000\000\000\000\000\000\000\000\000\000\000\000\000\000\000\000\000\000\000\000\000\000\000\000\000\000\000\000\000\000""; queryType: qtINDIRECT; queryDepth: 3; "
1750527530763,1750527530763,1150,1,3,4,TMLedgerData,"ledgerHash: ""\310\200l\322\255\214\342'\243\202\375k%_\335\032N\021G\005\230\271\366~%e\366\202l^\rR""; ledgerSeq: 0; type: liTS_CANDIDATE; nodes {;   nodedata: ""GZ\227\022t\201\240u\2324P\027\307M\337'Y\361[IAD\351\374!\232\005\337\376\252\251g\004\003"";   nodeid: ""\000\000\000\000\000\000\000\000\000\000\000\000\000\000\000\000\000\000\000\000\000\000\000\000\000\000\000\000\000\000\000\000\000""; }; ","ledgerHash: ""\310\200l\322\255\214\342'\243\202\375k%_\335\032N\021G\005\230\271\366~%e\366\202l^\rR""; ledgerSeq: 0; type: liTS_CANDIDATE; nodes {;   nodedata: ""GZ\227\022t\201\240u\2324P\027\307M\337'Y\361[IAD\351\374!\232\005\337\376\252\251g\004\003"";   nodeid: ""\000\000\000\000\000\000\000\000\000\000\000\000\000\000\000\000\000\000\000\000\000\000\000\000\000\000\000\000\000\000\000\000\000""; }; "
1750527530762,1750527530762,1495,1,1,2,TMGetLedger,"itype: liTS_CANDIDATE; ledgerHash: ""[\000\302\314\326\214\276@c\240\272\222{\363\314\032\213\311\316\246/\330\302\014>\022\346\234\347\264\270\350""; nodeIDs: ""\000\000\000\000\000\000\000\000\000\000\000\000\000\000\000\000\000\000\000\000\000\000\000\000\000\000\000\000\000\000\000\000\000""; queryType: qtINDIRECT; queryDepth: 3; ","itype: liTS_CANDIDATE; ledgerHash: ""[\000\302\314\326\214\276@c\240\272\222{\363\314\032\213\311\316\246/\330\302\014>\022\346\234\347\264\270\350""; nodeIDs: ""\000\000\000\000\000\000\000\000\000\000\000\000\000\000\000\000\000\000\000\000\000\000\000\000\000\000\000\000\000\000\000\000\000""; queryType: qtINDIRECT; queryDepth: 3; "
1750527530762,1750527530762,2920,1,1,0,TMGetLedger,"itype: liTS_CANDIDATE; ledgerHash: ""[\000\302\314\326\214\276@c\240\272\222{\363\314\032\213\311\316\246/\330\302\014>\022\346\234\347\264\270\350""; nodeIDs: ""\000\000\000\000\000\000\000\000\000\000\000\000\000\000\000\000\000\000\000\000\000\000\000\000\000\000\000\000\000\000\000\000\000""; queryType: qtINDIRECT; queryDepth: 3; ","itype: liTS_CANDIDATE; ledgerHash: ""[\000\302\314\326\214\276@c\240\272\222{\363\314\032\213\311\316\246/\330\302\014>\022\346\234\347\264\270\350""; nodeIDs: ""\000\000\000\000\000\000\000\000\000\000\000\000\000\000\000\000\000\000\000\000\000\000\000\000\000\000\000\000\000\000\000\000\000""; queryType: qtINDIRECT; queryDepth: 3; "
1750527530763,1750527530763,3769,1,1,3,TMGetLedger,"itype: liTS_CANDIDATE; ledgerHash: ""[\000\302\314\326\214\276@c\240\272\222{\363\314\032\213\311\316\246/\330\302\014>\022\346\234\347\264\270\350""; nodeIDs: ""\000\000\000\000\000\000\000\000\000\000\000\000\000\000\000\000\000\000\000\000\000\000\000\000\000\000\000\000\000\000\000\000\000""; queryType: qtINDIRECT; queryDepth: 3; ","itype: liTS_CANDIDATE; ledgerHash: ""[\000\302\314\326\214\276@c\240\272\222{\363\314\032\213\311\316\246/\330\302\014>\022\346\234\347\264\270\350""; nodeIDs: ""\000\000\000\000\000\000\000\000\000\000\000\000\000\000\000\000\000\000\000\000\000\000\000\000\000\000\000\000\000\000\000\000\000""; queryType: qtINDIRECT; queryDepth: 3; "
1750527530809,1750527530810,380,1,0,4,TMGetLedger,"itype: liTS_CANDIDATE; ledgerHash: ""[\000\302\314\326\214\276@c\240\272\222{\363\314\032\213\311\316\246/\330\302\014>\022\346\234\347\264\270\350""; nodeIDs: ""\000\000\000\000\000\000\000\000\000\000\000\000\000\000\000\000\000\000\000\000\000\000\000\000\000\000\000\000\000\000\000\000\000""; requestCookie: 4; queryType: qtINDIRECT; queryDepth: 3; ","itype: liTS_CANDIDATE; ledgerHash: ""[\000\302\314\326\214\276@c\240\272\222{\363\314\032\213\311\316\246/\330\302\014>\022\346\234\347\264\270\350""; nodeIDs: ""\000\000\000\000\000\000\000\000\000\000\000\000\000\000\000\000\000\000\000\000\000\000\000\000\000\000\000\000\000\000\000\000\000""; requestCookie: 4; queryType: qtINDIRECT; queryDepth: 3; "
1750527530826,1750527530826,3803,1,4,1,TMValidation,"validation: """"\200\000\000\001&\000\000\000\005)/\351\252\251:g\237X\336\3531\020\010Q\331]\036\237\306o!\223\221\002\324\031\262\240R\177 ,\214\325\Q])\016\2067\277\t\354\010\000P\027'\274\220\233\332\373\335\027\332I\377y`\224\260\350-\215\335\267[\036\265\265\252`\026&\030{\362\363P\031\265\024\321\362\354\211\250.\234s\225amc\305\035\366\276\037nD\277`\210\223N\3535\033\261\304fs!\003\255\225A\213\332\224ehh\024BDq\224\250\335`\355\353{\357\266\335<\021\032\265\177\206\356&\215vG0E\002!\000\236\266det#$\361\313\350M\312\262l\r3\2730/\020$0fH\361=\362\245\271\265^\276\002 :\361\277\233(A\311\225\032;P\270\341\237\255i\370\315\026_p\250\347\274\244r\021'B\212\373\264""; ","validation: """"\200\000\000\001&\000\000\000\005)/\351\252\251:g\237X\336\3531\020\010Q\331]\036\237\306o!\223\221\002\324\031\262\240R\177 ,\214\325\Q])\016\2067\277\t\354\010\000P\027'\274\220\233\332\373\335\027\332I\377y`\224\260\350-\215\335\267[\036\265\265\252`\026&\030{\362\363P\031\265\024\321\362\354\211\250.\234s\225amc\305\035\366\276\037nD\277`\210\223N\3535\033\261\304fs!\003\255\225A\213\332\224ehh\024BDq\224\250\335`\355\353{\357\266\335<\021\032\265\177\206\356&\215vG0E\002!\000\236\266det#$\361\313\350M\312\262l\r3\2730/\020$0fH\361=\362\245\271\265^\276\002 :\361\277\233(A\311\225\032;P\270\341\237\255i\370\315\026_p\250\347\274\244r\021'B\212\373\264""; "
1750527530826,1750527530826,3620,1,4,3,TMValidation,"validation: """"\200\000\000\001&\000\000\000\005)/\351\252\251:g\237X\336\3531\020\010Q\331]\036\237\306o!\223\221\002\324\031\262\240R\177 ,\214\325\Q])\016\2067\277\t\354\010\000P\027'\274\220\233\332\373\335\027\332I\377y`\224\260\350-\215\335\267[\036\265\265\252`\026&\030{\362\363P\031\265\024\321\362\354\211\250.\234s\225amc\305\035\366\276\037nD\277`\210\223N\3535\033\261\304fs!\003\255\225A\213\332\224ehh\024BDq\224\250\335`\355\353{\357\266\335<\021\032\265\177\206\356&\215vG0E\002!\000\236\266det#$\361\313\350M\312\262l\r3\2730/\020$0fH\361=\362\245\271\265^\276\002 :\361\277\233(A\311\225\032;P\270\341\237\255i\370\315\026_p\250\347\274\244r\021'B\212\373\264""; ","validation: """"\200\000\000\001&\000\000\000\005)/\351\252\251:g\237X\336\3531\020\010Q\331]\036\237\306o!\223\221\002\324\031\262\240R\177 ,\214\325\Q])\016\2067\277\t\354\010\000P\027'\274\220\233\332\373\335\027\332I\377y`\224\260\350-\215\335\267[\036\265\265\252`\026&\030{\362\363P\031\265\024\321\362\354\211\250.\234s\225amc\305\035\366\276\037nD\277`\210\223N\3535\033\261\304fs!\003\255\225A\213\332\224ehh\024BDq\224\250\335`\355\353{\357\266\335<\021\032\265\177\206\356&\215vG0E\002!\000\236\266det#$\361\313\350M\312\262l\r3\2730/\020$0fH\361=\362\245\271\265^\276\002 :\361\277\233(A\311\225\032;P\270\341\237\255i\370\315\026_p\250\347\274\244r\021'B\212\373\264""; "
1750527530826,1750527530826,783,1,4,2,TMValidation,"validation: """"\200\000\000\001&\000\000\000\005)/\351\252\251:g\237X\336\3531\020\010Q\331]\036\237\306o!\223\221\002\324\031\262\240R\177 ,\214\325\Q])\016\2067\277\t\354\010\000P\027'\274\220\233\332\373\335\027\332I\377y`\224\260\350-\215\335\267[\036\265\265\252`\026&\030{\362\363P\031\265\024\321\362\354\211\250.\234s\225amc\305\035\366\276\037nD\277`\210\223N\3535\033\261\304fs!\003\255\225A\213\332\224ehh\024BDq\224\250\335`\355\353{\357\266\335<\021\032\265\177\206\356&\215vG0E\002!\000\236\266det#$\361\313\350M\312\262l\r3\2730/\020$0fH\361=\362\245\271\265^\276\002 :\361\277\233(A\311\225\032;P\270\341\237\255i\370\315\026_p\250\347\274\244r\021'B\212\373\264""; ","validation: """"\200\000\000\001&\000\000\000\005)/\351\252\251:g\237X\336\3531\020\010Q\331]\036\237\306o!\223\221\002\324\031\262\240R\177 ,\214\325\Q])\016\2067\277\t\354\010\000P\027'\274\220\233\332\373\335\027\332I\377y`\224\260\350-\215\335\267[\036\265\265\252`\026&\030{\362\363P\031\265\024\321\362\354\211\250.\234s\225amc\305\035\366\276\037nD\277`\210\223N\3535\033\261\304fs!\003\255\225A\213\332\224ehh\024BDq\224\250\335`\355\353{\357\266\335<\021\032\265\177\206\356&\215vG0E\002!\000\236\266det#$\361\313\350M\312\262l\r3\2730/\020$0fH\361=\362\245\271\265^\276\002 :\361\277\233(A\311\225\032;P\270\341\237\255i\370\315\026_p\250\347\274\244r\021'B\212\373\264""; "
1750527530830,1750527530830,3719,1,2,4,TMGetLedger,"itype: liTS_CANDIDATE; ledgerHash: ""[\000\302\314\326\214\276@c\240\272\222{\363\314\032\213\311\316\246/\330\302\014>\022\346\234\347\264\270\350""; nodeIDs: ""\000\000\000\000\000\000\000\000\000\000\000\000\000\000\000\000\000\000\000\000\000\000\000\000\000\000\000\000\000\000\000\000\000""; requestCookie: 2; queryType: qtINDIRECT; queryDepth: 3; ","itype: liTS_CANDIDATE; ledgerHash: ""[\000\302\314\326\214\276@c\240\272\222{\363\314\032\213\311\316\246/\330\302\014>\022\346\234\347\264\270\350""; nodeIDs: ""\000\000\000\000\000\000\000\000\000\000\000\000\000\000\000\000\000\000\000\000\000\000\000\000\000\000\000\000\000\000\000\000\000""; requestCookie: 2; queryType: qtINDIRECT; queryDepth: 3; "
1750527530838,1750527530839,380,1,0,4,TMGetLedger,"itype: liTS_CANDIDATE; ledgerHash: ""[\000\302\314\326\214\276@c\240\272\222{\363\314\032\213\311\316\246/\330\302\014>\022\346\234\347\264\270\350""; nodeIDs: ""\000\000\000\000\000\000\000\000\000\000\000\000\000\000\000\000\000\000\000\000\000\000\000\000\000\000\000\000\000\000\000\000\000""; requestCookie: 3; queryType: qtINDIRECT; queryDepth: 3; ","itype: liTS_CANDIDATE; ledgerHash: ""[\000\302\314\326\214\276@c\240\272\222{\363\314\032\213\311\316\246/\330\302\014>\022\346\234\347\264\270\350""; nodeIDs: ""\000\000\000\000\000\000\000\000\000\000\000\000\000\000\000\000\000\000\000\000\000\000\000\000\000\000\000\000\000\000\000\000\000""; requestCookie: 3; queryType: qtINDIRECT; queryDepth: 3; "
1750527530842,1750527530842,1996,1,0,4,TMLedgerData,"ledgerHash: ""\310\200l\322\255\214\342'\243\202\375k%_\335\032N\021G\005\230\271\366~%e\366\202l^\rR""; ledgerSeq: 0; type: liTS_CANDIDATE; nodes {;   nodedata: ""GZ\227\022t\201\240u\2324P\027\307M\337'Y\361[IAD\351\374!\232\005\337\376\252\251g\004\003"";   nodeid: ""\000\000\000\000\000\000\000\000\000\000\000\000\000\000\000\000\000\000\000\000\000\000\000\000\000\000\000\000\000\000\000\000\000""; }; requestCookie: 4; ","ledgerHash: ""\310\200l\322\255\214\342'\243\202\375k%_\335\032N\021G\005\230\271\366~%e\366\202l^\rR""; ledgerSeq: 0; type: liTS_CANDIDATE; nodes {;   nodedata: ""GZ\227\022t\201\240u\2324P\027\307M\337'Y\361[IAD\351\374!\232\005\337\376\252\251g\004\003"";   nodeid: ""\000\000\000\000\000\000\000\000\000\000\000\000\000\000\000\000\000\000\000\000\000\000\000\000\000\000\000\000\000\000\000\000\000""; }; requestCookie: 4; "
1750527530867,1750527530867,3378,1,4,0,TMLedgerData,"ledgerHash: ""'\274\220\233\332\373\335\027\332I\377y`\224\260\350-\215\335\267[\036\265\265\252`\026&\030{\362\363""; ledgerSeq: 0; type: liTS_CANDIDATE; nodes {;   nodedata: ""\002i\361\030\371\256\265\036\320\273\013\357<\215/(\215[\231D\357Gd\372\270\316\261\301\342\327\225\241\000GZ\227\022t\201\240u\2324P\027\307M\337'Y\361[IAD\351\374!\232\005\337\376\252\251g\004\240\231\202k\030<\225\205;%\337\001\376d\216V\310\306k>\373\322\372\353b\3659\350\345\324F\026\n\003"";   nodeid: ""\000\000\000\000\000\000\000\000\000\000\000\000\000\000\000\000\000\000\000\000\000\000\000\000\000\000\000\000\000\000\000\000\000""; }; ","ledgerHash: ""'\274\220\233\332\373\335\027\332I\377y`\224\260\350-\215\335\267[\036\265\265\252`\026&\030{\362\363""; ledgerSeq: 0; type: liTS_CANDIDATE; nodes {;   nodedata: ""\002i\361\030\371\256\265\036\320\273\013\357<\215/(\215[\231D\357Gd\372\270\316\261\301\342\327\225\241\000GZ\227\022t\201\240u\2324P\027\307M\337'Y\361[IAD\351\374!\232\005\337\376\252\251g\004\240\231\202k\030<\225\205;%\337\001\376d\216V\310\306k>\373\322\372\353b\3659\350\345\324F\026\n\003"";   nodeid: ""\000\000\000\000\000\000\000\000\000\000\000\000\000\000\000\000\000\000\000\000\000\000\000\000\000\000\000\000\000\000\000\000\000""; }; "
1750527530879,1750527530879,1199,1,0,2,TMGetLedger,"itype: liTS_CANDIDATE; ledgerHash: ""[\000\302\314\326\214\276@c\240\272\222{\363\314\032\213\311\316\246/\330\302\014>\022\346\234\347\264\270\350""; nodeIDs: ""\000\000\000\000\000\000\000\000\000\000\000\000\000\000\000\000\000\000\000\000\000\000\000\000\000\000\000\000\000\000\000\000\000""; queryType: qtINDIRECT; queryDepth: 3; ","itype: liTS_CANDIDATE; ledgerHash: ""[\000\302\314\326\214\276@c\240\272\222{\363\314\032\213\311\316\246/\330\302\014>\022\346\234\347\264\270\350""; nodeIDs: ""\000\000\000\000\000\000\000\000\000\000\000\000\000\000\000\000\000\000\000\000\000\000\000\000\000\000\000\000\000\000\000\000\000""; queryType: qtINDIRECT; queryDepth: 3; "
1750527530880,1750527530880,3094,1,0,3,TMGetLedger,"itype: liTS_CANDIDATE; ledgerHash: ""[\000\302\314\326\214\276@c\240\272\222{\363\314\032\213\311\316\246/\330\302\014>\022\346\234\347\264\270\350""; nodeIDs: ""\000\000\000\000\000\000\000\000\000\000\000\000\000\000\000\000\000\000\000\000\000\000\000\000\000\000\000\000\000\000\000\000\000""; queryType: qtINDIRECT; queryDepth: 3; ","itype: liTS_CANDIDATE; ledgerHash: ""[\000\302\314\326\214\276@c\240\272\222{\363\314\032\213\311\316\246/\330\302\014>\022\346\234\347\264\270\350""; nodeIDs: ""\000\000\000\000\000\000\000\000\000\000\000\000\000\000\000\000\000\000\000\000\000\000\000\000\000\000\000\000\000\000\000\000\000""; queryType: qtINDIRECT; queryDepth: 3; "
1750527530879,1750527530880,3375,1,0,1,TMGetLedger,"itype: liTS_CANDIDATE; ledgerHash: ""[\000\302\314\326\214\276@c\240\272\222{\363\314\032\213\311\316\246/\330\302\014>\022\346\234\347\264\270\350""; nodeIDs: ""\000\000\000\000\000\000\000\000\000\000\000\000\000\000\000\000\000\000\000\000\000\000\000\000\000\000\000\000\000\000\000\000\000""; queryType: qtINDIRECT; queryDepth: 3; ","itype: liTS_CANDIDATE; ledgerHash: ""[\000\302\314\326\214\276@c\240\272\222{\363\314\032\213\311\316\246/\330\302\014>\022\346\234\347\264\270\350""; nodeIDs: ""\000\000\000\000\000\000\000\000\000\000\000\000\000\000\000\000\000\000\000\000\000\000\000\000\000\000\000\000\000\000\000\000\000""; queryType: qtINDIRECT; queryDepth: 3; "
1750527530881,1750527530881,1996,1,0,4,TMLedgerData,"ledgerHash: ""\310\200l\322\255\214\342'\243\202\375k%_\335\032N\021G\005\230\271\366~%e\366\202l^\rR""; ledgerSeq: 0; type: liTS_CANDIDATE; nodes {;   nodedata: ""GZ\227\022t\201\240u\2324P\027\307M\337'Y\361[IAD\351\374!\232\005\337\376\252\251g\004\003"";   nodeid: ""\000\000\000\000\000\000\000\000\000\000\000\000\000\000\000\000\000\000\000\000\000\000\000\000\000\000\000\000\000\000\000\000\000""; }; ","ledgerHash: ""\310\200l\322\255\214\342'\243\202\375k%_\335\032N\021G\005\230\271\366~%e\366\202l^\rR""; ledgerSeq: 0; type: liTS_CANDIDATE; nodes {;   nodedata: ""GZ\227\022t\201\240u\2324P\027\307M\337'Y\361[IAD\351\374!\232\005\337\376\252\251g\004\003"";   nodeid: ""\000\000\000\000\000\000\000\000\000\000\000\000\000\000\000\000\000\000\000\000\000\000\000\000\000\000\000\000\000\000\000\000\000""; }; "
1750527530881,1750527530881,380,1,0,4,TMGetLedger,"itype: liTS_CANDIDATE; ledgerHash: ""[\000\302\314\326\214\276@c\240\272\222{\363\314\032\213\311\316\246/\330\302\014>\022\346\234\347\264\270\350""; nodeIDs: ""\000\000\000\000\000\000\000\000\000\000\000\000\000\000\000\000\000\000\000\000\000\000\000\000\000\000\000\000\000\000\000\000\000""; queryType: qtINDIRECT; queryDepth: 3; ","itype: liTS_CANDIDATE; ledgerHash: ""[\000\302\314\326\214\276@c\240\272\222{\363\314\032\213\311\316\246/\330\302\014>\022\346\234\347\264\270\350""; nodeIDs: ""\000\000\000\000\000\000\000\000\000\000\000\000\000\000\000\000\000\000\000\000\000\000\000\000\000\000\000\000\000\000\000\000\000""; queryType: qtINDIRECT; queryDepth: 3; "
1750527530930,1750527530930,589,1,2,0,TMGetLedger,"itype: liTS_CANDIDATE; ledgerHash: ""\310\200l\322\255\214\342'\243\202\375k%_\335\032N\021G\005\230\271\366~%e\366\202l^\rR""; nodeIDs: ""\000\000\000\000\000\000\000\000\000\000\000\000\000\000\000\000\000\000\000\000\000\000\000\000\000\000\000\000\000\000\000\000\000""; requestCookie: 4; queryType: qtINDIRECT; queryDepth: 3; ","itype: liTS_CANDIDATE; ledgerHash: ""\310\200l\322\255\214\342'\243\202\375k%_\335\032N\021G\005\230\271\366~%e\366\202l^\rR""; nodeIDs: ""\000\000\000\000\000\000\000\000\000\000\000\000\000\000\000\000\000\000\000\000\000\000\000\000\000\000\000\000\000\000\000\000\000""; requestCookie: 4; queryType: qtINDIRECT; queryDepth: 3; "
1750527530942,1750527530942,3378,1,4,0,TMLedgerData,"ledgerHash: ""[\000\302\314\326\214\276@c\240\272\222{\363\314\032\213\311\316\246/\330\302\014>\022\346\234\347\264\270\350""; ledgerSeq: 0; type: liTS_CANDIDATE; nodes {;   nodedata: ""\002i\361\030\371\256\265\036\320\273\013\357<\215/(\215[\231D\357Gd\372\270\316\261\301\342\327\225\241\000GZ\227\022t\201\240u\2324P\027\307M\337'Y\361[IAD\351\374!\232\005\337\376\252\251g\004\003"";   nodeid: ""\000\000\000\000\000\000\000\000\000\000\000\000\000\000\000\000\000\000\000\000\000\000\000\000\000\000\000\000\000\000\000\000\000""; }; requestCookie: 4; ","ledgerHash: ""[\000\302\314\326\214\276@c\240\272\222{\363\314\032\213\311\316\246/\330\302\014>\022\346\234\347\264\270\350""; ledgerSeq: 0; type: liTS_CANDIDATE; nodes {;   nodedata: ""\002i\361\030\371\256\265\036\320\273\013\357<\215/(\215[\231D\357Gd\372\270\316\261\301\342\327\225\241\000GZ\227\022t\201\240u\2324P\027\307M\337'Y\361[IAD\351\374!\232\005\337\376\252\251g\004\003"";   nodeid: ""\000\000\000\000\000\000\000\000\000\000\000\000\000\000\000\000\000\000\000\000\000\000\000\000\000\000\000\000\000\000\000\000\000""; }; requestCookie: 4; "
1750527530947,1750527530948,2764,1,4,3,TMLedgerData,"ledgerHash: ""[\000\302\314\326\214\276@c\240\272\222{\363\314\032\213\311\316\246/\330\302\014>\022\346\234\347\264\270\350""; ledgerSeq: 0; type: liTS_CANDIDATE; nodes {;   nodedata: ""\002i\361\030\371\256\265\036\320\273\013\357<\215/(\215[\231D\357Gd\372\270\316\261\301\342\327\225\241\000GZ\227\022t\201\240u\2324P\027\307M\337'Y\361[IAD\351\374!\232\005\337\376\252\251g\004\003"";   nodeid: ""\000\000\000\000\000\000\000\000\000\000\000\000\000\000\000\000\000\000\000\000\000\000\000\000\000\000\000\000\000\000\000\000\000""; }; ","ledgerHash: ""[\000\302\314\326\214\276@c\240\272\222{\363\314\032\213\311\316\246/\330\302\014>\022\346\234\347\264\270\350""; ledgerSeq: 0; type: liTS_CANDIDATE; nodes {;   nodedata: ""\002i\361\030\371\256\265\036\320\273\013\357<\215/(\215[\231D\357Gd\372\270\316\261\301\342\327\225\241\000GZ\227\022t\201\240u\2324P\027\307M\337'Y\361[IAD\351\374!\232\005\337\376\252\251g\004\003"";   nodeid: ""\000\000\000\000\000\000\000\000\000\000\000\000\000\000\000\000\000\000\000\000\000\000\000\000\000\000\000\000\000\000\000\000\000""; }; "
1750527530966,1750527530966,3125,1,3,2,TMValidation,"validation: """"\200\000\000\001&\000\000\000\005)/\351\252\251:\303`\246;Q\203[_Q\331]\036\237\306o!\223\221\002\324\031\262\240R\177 ,\214\325\Q])\016\2067\277\t\354\010\000P\027'\274\220\233\332\373\335\027\332I\377y`\224\260\350-\215\335\267[\036\265\265\252`\026&\030{\362\363P\031\265\024\321\362\354\211\250.\234s\225amc\305\035\366\276\037nD\277`\210\223N\3535\033\261\304fs!\002\266\377\271\344:\030\221i\267\257\215\237M\014\3345f\014\273|\207\367\334\337F\325\004cxB\211LvG0E\002!\000\376\247L \003\263\345< 8\327\326\337\263Ps\243.\361\2659a\334;\031P\326\033\355\373\324\235\002 zU\\354\320\346\320\016\237\216i#\250SK \317\357\332Z\340w\374\254=\352\376\346\032YqR""; ","validation: """"\200\000\000\001&\000\000\000\005)/\351\252\251:\303`\246;Q\203[_Q\331]\036\237\306o!\223\221\002\324\031\262\240R\177 ,\214\325\Q])\016\2067\277\t\354\010\000P\027'\274\220\233\332\373\335\027\332I\377y`\224\260\350-\215\335\267[\036\265\265\252`\026&\030{\362\363P\031\265\024\321\362\354\211\250.\234s\225amc\305\035\366\276\037nD\277`\210\223N\3535\033\261\304fs!\002\266\377\271\344:\030\221i\267\257\215\237M\014\3345f\014\273|\207\367\334\337F\325\004cxB\211LvG0E\002!\000\376\247L \003\263\345< 8\327\326\337\263Ps\243.\361\2659a\334;\031P\326\033\355\373\324\235\002 zU\\354\320\346\320\016\237\216i#\250SK \317\357\332Z\340w\374\254=\352\376\346\032YqR""; "
1750527530966,1750527530966,3736,1,3,4,TMValidation,"validation: """"\200\000\000\001&\000\000\000\005)/\351\252\251:\303`\246;Q\203[_Q\331]\036\237\306o!\223\221\002\324\031\262\240R\177 ,\214\325\Q])\016\2067\277\t\354\010\000P\027'\274\220\233\332\373\335\027\332I\377y`\224\260\350-\215\335\267[\036\265\265\252`\026&\030{\362\363P\031\265\024\321\362\354\211\250.\234s\225amc\305\035\366\276\037nD\277`\210\223N\3535\033\261\304fs!\002\266\377\271\344:\030\221i\267\257\215\237M\014\3345f\014\273|\207\367\334\337F\325\004cxB\211LvG0E\002!\000\376\247L \003\263\345< 8\327\326\337\263Ps\243.\361\2659a\334;\031P\326\033\355\373\324\235\002 zU\\354\320\346\320\016\237\216i#\250SK \317\357\332Z\340w\374\254=\352\376\346\032YqR""; ","validation: """"\200\000\000\001&\000\000\000\005)/\351\252\251:\303`\246;Q\203[_Q\331]\036\237\306o!\223\221\002\324\031\262\240R\177 ,\214\325\Q])\016\2067\277\t\354\010\000P\027'\274\220\233\332\373\335\027\332I\377y`\224\260\350-\215\335\267[\036\265\265\252`\026&\030{\362\363P\031\265\024\321\362\354\211\250.\234s\225amc\305\035\366\276\037nD\277`\210\223N\3535\033\261\304fs!\002\266\377\271\344:\030\221i\267\257\215\237M\014\3345f\014\273|\207\367\334\337F\325\004cxB\211LvG0E\002!\000\376\247L \003\263\345< 8\327\326\337\263Ps\243.\361\2659a\334;\031P\326\033\355\373\324\235\002 zU\\354\320\346\320\016\237\216i#\250SK \317\357\332Z\340w\374\254=\352\376\346\032YqR""; "
1750527530966,1750527530966,1777,1,3,0,TMValidation,"validation: """"\200\000\000\001&\000\000\000\005)/\351\252\251:\303`\246;Q\203[_Q\331]\036\237\306o!\223\221\002\324\031\262\240R\177 ,\214\325\Q])\016\2067\277\t\354\010\000P\027'\274\220\233\332\373\335\027\332I\377y`\224\260\350-\215\335\267[\036\265\265\252`\026&\030{\362\363P\031\265\024\321\362\354\211\250.\234s\225amc\305\035\366\276\037nD\277`\210\223N\3535\033\261\304fs!\002\266\377\271\344:\030\221i\267\257\215\237M\014\3345f\014\273|\207\367\334\337F\325\004cxB\211LvG0E\002!\000\376\247L \003\263\345< 8\327\326\337\263Ps\243.\361\2659a\334;\031P\326\033\355\373\324\235\002 zU\\354\320\346\320\016\237\216i#\250SK \317\357\332Z\340w\374\254=\352\376\346\032YqR""; ","validation: """"\200\000\000\001&\000\000\000\005)/\351\252\251:\303`\246;Q\203[_Q\331]\036\237\306o!\223\221\002\324\031\262\240R\177 ,\214\325\Q])\016\2067\277\t\354\010\000P\027'\274\220\233\332\373\335\027\332I\377y`\224\260\350-\215\335\267[\036\265\265\252`\026&\030{\362\363P\031\265\024\321\362\354\211\250.\234s\225amc\305\035\366\276\037nD\277`\210\223N\3535\033\261\304fs!\002\266\377\271\344:\030\221i\267\257\215\237M\014\3345f\014\273|\207\367\334\337F\325\004cxB\211LvG0E\002!\000\376\247L \003\263\345< 8\327\326\337\263Ps\243.\361\2659a\334;\031P\326\033\355\373\324\235\002 zU\\354\320\346\320\016\237\216i#\250SK \317\357\332Z\340w\374\254=\352\376\346\032YqR""; "
1750527530967,1750527530967,2920,1,1,0,TMGetLedger,"itype: liTS_CANDIDATE; ledgerHash: ""\310\200l\322\255\214\342'\243\202\375k%_\335\032N\021G\005\230\271\366~%e\366\202l^\rR""; nodeIDs: ""\000\000\000\000\000\000\000\000\000\000\000\000\000\000\000\000\000\000\000\000\000\000\000\000\000\000\000\000\000\000\000\000\000""; requestCookie: 4; queryType: qtINDIRECT; queryDepth: 3; ","itype: liTS_CANDIDATE; ledgerHash: ""\310\200l\322\255\214\342'\243\202\375k%_\335\032N\021G\005\230\271\366~%e\366\202l^\rR""; nodeIDs: ""\000\000\000\000\000\000\000\000\000\000\000\000\000\000\000\000\000\000\000\000\000\000\000\000\000\000\000\000\000\000\000\000\000""; requestCookie: 4; queryType: qtINDIRECT; queryDepth: 3; "
1750527530969,1750527530970,3378,1,4,0,TMLedgerData,"ledgerHash: ""[\000\302\314\326\214\276@c\240\272\222{\363\314\032\213\311\316\246/\330\302\014>\022\346\234\347\264\270\350""; ledgerSeq: 0; type: liTS_CANDIDATE; nodes {;   nodedata: ""\002i\361\030\371\256\265\036\320\273\013\357<\215/(\215[\231D\357Gd\372\270\316\261\301\342\327\225\241\000GZ\227\022t\201\240u\2324P\027\307M\337'Y\361[IAD\351\374!\232\005\337\376\252\251g\004\003"";   nodeid: ""\000\000\000\000\000\000\000\000\000\000\000\000\000\000\000\000\000\000\000\000\000\000\000\000\000\000\000\000\000\000\000\000\000""; }; requestCookie: 3; ","ledgerHash: ""[\000\302\314\326\214\276@c\240\272\222{\363\314\032\213\311\316\246/\330\302\014>\022\346\234\347\264\270\350""; ledgerSeq: 0; type: liTS_CANDIDATE; nodes {;   nodedata: ""\002i\361\030\371\256\265\036\320\273\013\357<\215/(\215[\231D\357Gd\372\270\316\261\301\342\327\225\241\000GZ\227\022t\201\240u\2324P\027\307M\337'Y\361[IAD\351\374!\232\005\337\376\252\251g\004\003"";   nodeid: ""\000\000\000\000\000\000\000\000\000\000\000\000\000\000\000\000\000\000\000\000\000\000\000\000\000\000\000\000\000\000\000\000\000""; }; requestCookie: 3; "
1750527530971,1750527530971,1150,1,3,4,TMLedgerData,"ledgerHash: ""\310\200l\322\255\214\342'\243\202\375k%_\335\032N\021G\005\230\271\366~%e\366\202l^\rR""; ledgerSeq: 0; type: liTS_CANDIDATE; nodes {;   nodedata: ""GZ\227\022t\201\240u\2324P\027\307M\337'Y\361[IAD\351\374!\232\005\337\376\252\251g\004\003"";   nodeid: ""\000\000\000\000\000\000\000\000\000\000\000\000\000\000\000\000\000\000\000\000\000\000\000\000\000\000\000\000\000\000\000\000\000""; }; ","ledgerHash: ""\310\200l\322\255\214\342'\243\202\375k%_\335\032N\021G\005\230\271\366~%e\366\202l^\rR""; ledgerSeq: 0; type: liTS_CANDIDATE; nodes {;   nodedata: ""GZ\227\022t\201\240u\2324P\027\307M\337'Y\361[IAD\351\374!\232\005\337\376\252\251g\004\003"";   nodeid: ""\000\000\000\000\000\000\000\000\000\000\000\000\000\000\000\000\000\000\000\000\000\000\000\000\000\000\000\000\000\000\000\000\000""; }; "
1750527530971,1750527530971,3719,1,2,4,TMGetLedger,"itype: liTS_CANDIDATE; ledgerHash: ""[\000\302\314\326\214\276@c\240\272\222{\363\314\032\213\311\316\246/\330\302\014>\022\346\234\347\264\270\350""; nodeIDs: ""\000\000\000\000\000\000\000\000\000\000\000\000\000\000\000\000\000\000\000\000\000\000\000\000\000\000\000\000\000\000\000\000\000""; requestCookie: 4; queryType: qtINDIRECT; queryDepth: 3; ","itype: liTS_CANDIDATE; ledgerHash: ""[\000\302\314\326\214\276@c\240\272\222{\363\314\032\213\311\316\246/\330\302\014>\022\346\234\347\264\270\350""; nodeIDs: ""\000\000\000\000\000\000\000\000\000\000\000\000\000\000\000\000\000\000\000\000\000\000\000\000\000\000\000\000\000\000\000\000\000""; requestCookie: 4; queryType: qtINDIRECT; queryDepth: 3; "
1750527530984,1750527530984,1150,1,3,4,TMLedgerData,"ledgerHash: ""\331]\036\237\306o!\223\221\002\324\031\262\240R\177 ,\214\325\Q])\016\2067\277\t\354\010\000""; ledgerSeq: 5; type: liBASE; nodes {;   nodedata: ""\000\000\000\005\001cEx]\211\377\342\265\024\321\362\354\211\250.\234s\225amc\305\035\366\276\037nD\277`\210\223N\3535\033\261\304fh\257\243\333\365p\373t\344A\230\350\010.\336\000\005\246\303M\315\345\354\264p\204q\004g\016\305\223\354\000;j\257n\251\021+\037/9\302\270\257\205\347\r\013o!w\014\007\375\353e\n\355\235`\216/\351\252\241/\351\252\252\n\000""; }; nodes {;   nodedata: ""\341\035\262xv\226\317f5\366\365\252a\177\355\302\326\t\222~j\320f\374/ \363\256\257\361 \303\001\301\025%1L\307\t\261\262z\374\222T\301\274V\236\223\262\270Ct\362\337b\356\024*\324\320\351\317\002k\336\234\027v\351\217\260\303\360\233ZPZWr\246$w\313\313\r\243r\232\2234\373\3539:N\004;tP\302\307\005x\n\302lQ\275\237<g\321\233$\274p\355\310J\230\370\306\264\314\367C\275\272\006E\344\037@\210\363\010\336T\226\247'\204_{\261\370""1\235\2445\343\033Y!\212\201\341\272\225'\007b\010\217Q\330\226\225+\355\377\350\246\201\221N""^:\025H\006^\027\n\0169\014\340\275\277\264-\013\003""; }; nodes {;   nodedata: ""\263O\327&O\344\301\265\311_""j\216\325\325\t1\303a\007\256\336!\306\235\247\276\266\267b\341\204\0003(\332\236\377bF\234\321\247\022=w\310Wh\2632\2767H*\314\324\275V\272\370([\370\247\004\336\3345\\342]s\221\233\2662\224\020\253dw\035\210\370\313\367\255'>c\202\024\264-\032\257\375\n\003""; }; requestCookie: 1; ","ledgerHash: ""\331]\036\237\306o!\223\221\002\324\031\262\240R\177 ,\214\325\Q])\016\2067\277\t\354\010\000""; ledgerSeq: 5; type: liBASE; nodes {;   nodedata: ""\000\000\000\005\001cEx]\211\377\342\265\024\321\362\354\211\250.\234s\225amc\305\035\366\276\037nD\277`\210\223N\3535\033\261\304fh\257\243\333\365p\373t\344A\230\350\010.\336\000\005\246\303M\315\345\354\264p\204q\004g\016\305\223\354\000;j\257n\251\021+\037/9\302\270\257\205\347\r\013o!w\014\007\375\353e\n\355\235`\216/\351\252\241/\351\252\252\n\000""; }; nodes {;   nodedata: ""\341\035\262xv\226\317f5\366\365\252a\177\355\302\326\t\222~j\320f\374/ \363\256\257\361 \303\001\301\025%1L\307\t\261\262z\374\222T\301\274V\236\223\262\270Ct\362\337b\356\024*\324\320\351\317\002k\336\234\027v\351\217\260\303\360\233ZPZWr\246$w\313\313\r\243r\232\2234\373\3539:N\004;tP\302\307\005x\n\302lQ\275\237<g\321\233$\274p\355\310J\230\370\306\264\314\367C\275\272\006E\344\037@\210\363\010\336T\226\247'\204_{\261\370""1\235\2445\343\033Y!\212\201\341\272\225'\007b\010\217Q\330\226\225+\355\377\350\246\201\221N""^:\025H\006^\027\n\0169\014\340\275\277\264-\013\003""; }; nodes {;   nodedata: ""\263O\327&O\344\301\265\311_""j\216\325\325\t1\303a\007\256\336!\306\235\247\276\266\267b\341\204\0003(\332\236\377bF\234\321\247\022=w\310Wh\2632\2767H*\314\324\275V\272\370([\370\247\004\336\3345\\342]s\221\233\2662\224\020\253dw\035\210\370\313\367\255'>c\202\024\264-\032\257\375\n\003""; }; requestCookie: 1; "
1750527530986,1750527530986,3375,1,0,1,TMGetLedger,"itype: liTS_CANDIDATE; ledgerHash: ""'\274\220\233\332\373\335\027\332I\377y`\224\260\350-\215\335\267[\036\265\265\252`\026&\030{\362\363""; nodeIDs: ""\000\000\000\000\000\000\000\000\000\000\000\000\000\000\000\000\000\000\000\000\000\000\000\000\000\000\000\000\000\000\000\000\000""; queryType: qtINDIRECT; queryDepth: 3; ","itype: liTS_CANDIDATE; ledgerHash: ""'\274\220\233\332\373\335\027\332I\377y`\224\260\350-\215\335\267[\036\265\265\252`\026&\030{\362\363""; nodeIDs: ""\000\000\000\000\000\000\000\000\000\000\000\000\000\000\000\000\000\000\000\000\000\000\000\000\000\000\000\000\000\000\000\000\000""; queryType: qtINDIRECT; queryDepth: 3; "
1750527530986,1750527530986,1199,1,0,2,TMGetLedger,"itype: liTS_CANDIDATE; ledgerHash: ""'\274\220\233\332\373\335\027\332I\377y`\224\260\350-\215\335\267[\036\265\265\252`\026&\030{\362\363""; nodeIDs: ""\000\000\000\000\000\000\000\000\000\000\000\000\000\000\000\000\000\000\000\000\000\000\000\000\000\000\000\000\000\000\000\000\000""; queryType: qtINDIRECT; queryDepth: 3; ","itype: liTS_CANDIDATE; ledgerHash: ""'\274\220\233\332\373\335\027\332I\377y`\224\260\350-\215\335\267[\036\265\265\252`\026&\030{\362\363""; nodeIDs: ""\000\000\000\000\000\000\000\000\000\000\000\000\000\000\000\000\000\000\000\000\000\000\000\000\000\000\000\000\000\000\000\000\000""; queryType: qtINDIRECT; queryDepth: 3; "
1750527530987,1750527530987,3094,1,0,3,TMGetLedger,"itype: liTS_CANDIDATE; ledgerHash: ""'\274\220\233\332\373\335\027\332I\377y`\224\260\350-\215\335\267[\036\265\265\252`\026&\030{\362\363""; nodeIDs: ""\000\000\000\000\000\000\000\000\000\000\000\000\000\000\000\000\000\000\000\000\000\000\000\000\000\000\000\000\000\000\000\000\000""; queryType: qtINDIRECT; queryDepth: 3; ","itype: liTS_CANDIDATE; ledgerHash: ""'\274\220\233\332\373\335\027\332I\377y`\224\260\350-\215\335\267[\036\265\265\252`\026&\030{\362\363""; nodeIDs: ""\000\000\000\000\000\000\000\000\000\000\000\000\000\000\000\000\000\000\000\000\000\000\000\000\000\000\000\000\000\000\000\000\000""; queryType: qtINDIRECT; queryDepth: 3; "
1750527530987,1750527530987,380,1,0,4,TMGetLedger,"itype: liTS_CANDIDATE; ledgerHash: ""'\274\220\233\332\373\335\027\332I\377y`\224\260\350-\215\335\267[\036\265\265\252`\026&\030{\362\363""; nodeIDs: ""\000\000\000\000\000\000\000\000\000\000\000\000\000\000\000\000\000\000\000\000\000\000\000\000\000\000\000\000\000\000\000\000\000""; queryType: qtINDIRECT; queryDepth: 3; ","itype: liTS_CANDIDATE; ledgerHash: ""'\274\220\233\332\373\335\027\332I\377y`\224\260\350-\215\335\267[\036\265\265\252`\026&\030{\362\363""; nodeIDs: ""\000\000\000\000\000\000\000\000\000\000\000\000\000\000\000\000\000\000\000\000\000\000\000\000\000\000\000\000\000\000\000\000\000""; queryType: qtINDIRECT; queryDepth: 3; "
1750527530998,1750527530998,589,1,2,0,TMGetLedger,"itype: liTS_CANDIDATE; ledgerHash: ""[\000\302\314\326\214\276@c\240\272\222{\363\314\032\213\311\316\246/\330\302\014>\022\346\234\347\264\270\350""; nodeIDs: ""\000\000\000\000\000\000\000\000\000\000\000\000\000\000\000\000\000\000\000\000\000\000\000\000\000\000\000\000\000\000\000\000\000""; queryType: qtINDIRECT; queryDepth: 3; ","itype: liTS_CANDIDATE; ledgerHash: ""[\000\302\314\326\214\276@c\240\272\222{\363\314\032\213\311\316\246/\330\302\014>\022\346\234\347\264\270\350""; nodeIDs: ""\000\000\000\000\000\000\000\000\000\000\000\000\000\000\000\000\000\000\000\000\000\000\000\000\000\000\000\000\000\000\000\000\000""; queryType: qtINDIRECT; queryDepth: 3; "
1750527530998,1750527530998,1544,1,2,1,TMGetLedger,"itype: liTS_CANDIDATE; ledgerHash: ""[\000\302\314\326\214\276@c\240\272\222{\363\314\032\213\311\316\246/\330\302\014>\022\346\234\347\264\270\350""; nodeIDs: ""\000\000\000\000\000\000\000\000\000\000\000\000\000\000\000\000\000\000\000\000\000\000\000\000\000\000\000\000\000\000\000\000\000""; queryType: qtINDIRECT; queryDepth: 3; ","itype: liTS_CANDIDATE; ledgerHash: ""[\000\302\314\326\214\276@c\240\272\222{\363\314\032\213\311\316\246/\330\302\014>\022\346\234\347\264\270\350""; nodeIDs: ""\000\000\000\000\000\000\000\000\000\000\000\000\000\000\000\000\000\000\000\000\000\000\000\000\000\000\000\000\000\000\000\000\000""; queryType: qtINDIRECT; queryDepth: 3; "
1750527530998,1750527530999,3719,1,2,4,TMGetLedger,"itype: liTS_CANDIDATE; ledgerHash: ""[\000\302\314\326\214\276@c\240\272\222{\363\314\032\213\311\316\246/\330\302\014>\022\346\234\347\264\270\350""; nodeIDs: ""\000\000\000\000\000\000\000\000\000\000\000\000\000\000\000\000\000\000\000\000\000\000\000\000\000\000\000\000\000\000\000\000\000""; queryType: qtINDIRECT; queryDepth: 3; ","itype: liTS_CANDIDATE; ledgerHash: ""[\000\302\314\326\214\276@c\240\272\222{\363\314\032\213\311\316\246/\330\302\014>\022\346\234\347\264\270\350""; nodeIDs: ""\000\000\000\000\000\000\000\000\000\000\000\000\000\000\000\000\000\000\000\000\000\000\000\000\000\000\000\000\000\000\000\000\000""; queryType: qtINDIRECT; queryDepth: 3; "
1750527530999,1750527530999,4000,1,2,3,TMGetLedger,"itype: liTS_CANDIDATE; ledgerHash: ""[\000\302\314\326\214\276@c\240\272\222{\363\314\032\213\311\316\246/\330\302\014>\022\346\234\347\264\270\350""; nodeIDs: ""\000\000\000\000\000\000\000\000\000\000\000\000\000\000\000\000\000\000\000\000\000\000\000\000\000\000\000\000\000\000\000\000\000""; queryType: qtINDIRECT; queryDepth: 3; ","itype: liTS_CANDIDATE; ledgerHash: ""[\000\302\314\326\214\276@c\240\272\222{\363\314\032\213\311\316\246/\330\302\014>\022\346\234\347\264\270\350""; nodeIDs: ""\000\000\000\000\000\000\000\000\000\000\000\000\000\000\000\000\000\000\000\000\000\000\000\000\000\000\000\000\000\000\000\000\000""; queryType: qtINDIRECT; queryDepth: 3; "
1750527531008,1750527531008,3810,1,1,4,TMGetLedger,"itype: liTS_CANDIDATE; ledgerHash: ""[\000\302\314\326\214\276@c\240\272\222{\363\314\032\213\311\316\246/\330\302\014>\022\346\234\347\264\270\350""; nodeIDs: ""\000\000\000\000\000\000\000\000\000\000\000\000\000\000\000\000\000\000\000\000\000\000\000\000\000\000\000\000\000\000\000\000\000""; requestCookie: 4; queryType: qtINDIRECT; queryDepth: 3; ","itype: liTS_CANDIDATE; ledgerHash: ""[\000\302\314\326\214\276@c\240\272\222{\363\314\032\213\311\316\246/\330\302\014>\022\346\234\347\264\270\350""; nodeIDs: ""\000\000\000\000\000\000\000\000\000\000\000\000\000\000\000\000\000\000\000\000\000\000\000\000\000\000\000\000\000\000\000\000\000""; requestCookie: 4; queryType: qtINDIRECT; queryDepth: 3; "
1750527531010,1750527531010,2920,1,1,0,TMGetLedger,"itype: liTS_CANDIDATE; ledgerHash: ""\310\200l\322\255\214\342'\243\202\375k%_\335\032N\021G\005\230\271\366~%e\366\202l^\rR""; nodeIDs: ""\000\000\000\000\000\000\000\000\000\000\000\000\000\000\000\000\000\000\000\000\000\000\000\000\000\000\000\000\000\000\000\000\000""; requestCookie: 5; queryType: qtINDIRECT; queryDepth: 3; ","itype: liTS_CANDIDATE; ledgerHash: ""\310\200l\322\255\214\342'\243\202\375k%_\335\032N\021G\005\230\271\366~%e\366\202l^\rR""; nodeIDs: ""\000\000\000\000\000\000\000\000\000\000\000\000\000\000\000\000\000\000\000\000\000\000\000\000\000\000\000\000\000\000\000\000\000""; requestCookie: 5; queryType: qtINDIRECT; queryDepth: 3; "
1750527531011,1750527531011,2920,1,1,0,TMGetLedger,"itype: liTS_CANDIDATE; ledgerHash: ""[\000\302\314\326\214\276@c\240\272\222{\363\314\032\213\311\316\246/\330\302\014>\022\346\234\347\264\270\350""; nodeIDs: ""\000\000\000\000\000\000\000\000\000\000\000\000\000\000\000\000\000\000\000\000\000\000\000\000\000\000\000\000\000\000\000\000\000""; queryType: qtINDIRECT; queryDepth: 3; ","itype: liTS_CANDIDATE; ledgerHash: ""[\000\302\314\326\214\276@c\240\272\222{\363\314\032\213\311\316\246/\330\302\014>\022\346\234\347\264\270\350""; nodeIDs: ""\000\000\000\000\000\000\000\000\000\000\000\000\000\000\000\000\000\000\000\000\000\000\000\000\000\000\000\000\000\000\000\000\000""; queryType: qtINDIRECT; queryDepth: 3; "
1750527531012,1750527531012,1495,1,1,2,TMGetLedger,"itype: liTS_CANDIDATE; ledgerHash: ""[\000\302\314\326\214\276@c\240\272\222{\363\314\032\213\311\316\246/\330\302\014>\022\346\234\347\264\270\350""; nodeIDs: ""\000\000\000\000\000\000\000\000\000\000\000\000\000\000\000\000\000\000\000\000\000\000\000\000\000\000\000\000\000\000\000\000\000""; queryType: qtINDIRECT; queryDepth: 3; ","itype: liTS_CANDIDATE; ledgerHash: ""[\000\302\314\326\214\276@c\240\272\222{\363\314\032\213\311\316\246/\330\302\014>\022\346\234\347\264\270\350""; nodeIDs: ""\000\000\000\000\000\000\000\000\000\000\000\000\000\000\000\000\000\000\000\000\000\000\000\000\000\000\000\000\000\000\000\000\000""; queryType: qtINDIRECT; queryDepth: 3; "
1750527531012,1750527531012,3810,1,1,4,TMGetLedger,"itype: liTS_CANDIDATE; ledgerHash: ""[\000\302\314\326\214\276@c\240\272\222{\363\314\032\213\311\316\246/\330\302\014>\022\346\234\347\264\270\350""; nodeIDs: ""\000\000\000\000\000\000\000\000\000\000\000\000\000\000\000\000\000\000\000\000\000\000\000\000\000\000\000\000\000\000\000\000\000""; queryType: qtINDIRECT; queryDepth: 3; ","itype: liTS_CANDIDATE; ledgerHash: ""[\000\302\314\326\214\276@c\240\272\222{\363\314\032\213\311\316\246/\330\302\014>\022\346\234\347\264\270\350""; nodeIDs: ""\000\000\000\000\000\000\000\000\000\000\000\000\000\000\000\000\000\000\000\000\000\000\000\000\000\000\000\000\000\000\000\000\000""; queryType: qtINDIRECT; queryDepth: 3; "
1750527531012,1750527531013,3769,1,1,3,TMGetLedger,"itype: liTS_CANDIDATE; ledgerHash: ""[\000\302\314\326\214\276@c\240\272\222{\363\314\032\213\311\316\246/\330\302\014>\022\346\234\347\264\270\350""; nodeIDs: ""\000\000\000\000\000\000\000\000\000\000\000\000\000\000\000\000\000\000\000\000\000\000\000\000\000\000\000\000\000\000\000\000\000""; queryType: qtINDIRECT; queryDepth: 3; ","itype: liTS_CANDIDATE; ledgerHash: ""[\000\302\314\326\214\276@c\240\272\222{\363\314\032\213\311\316\246/\330\302\014>\022\346\234\347\264\270\350""; nodeIDs: ""\000\000\000\000\000\000\000\000\000\000\000\000\000\000\000\000\000\000\000\000\000\000\000\000\000\000\000\000\000\000\000\000\000""; queryType: qtINDIRECT; queryDepth: 3; "
1750527531014,1750527531014,3375,1,0,1,TMGetLedger,"itype: liTS_CANDIDATE; ledgerHash: ""'\274\220\233\332\373\335\027\332I\377y`\224\260\350-\215\335\267[\036\265\265\252`\026&\030{\362\363""; nodeIDs: ""\000\000\000\000\000\000\000\000\000\000\000\000\000\000\000\000\000\000\000\000\000\000\000\000\000\000\000\000\000\000\000\000\000""; requestCookie: 5; queryType: qtINDIRECT; queryDepth: 3; ","itype: liTS_CANDIDATE; ledgerHash: ""'\274\220\233\332\373\335\027\332I\377y`\224\260\350-\215\335\267[\036\265\265\252`\026&\030{\362\363""; nodeIDs: ""\000\000\000\000\000\000\000\000\000\000\000\000\000\000\000\000\000\000\000\000\000\000\000\000\000\000\000\000\000\000\000\000\000""; requestCookie: 5; queryType: qtINDIRECT; queryDepth: 3; "
1750527531015,1750527531015,3378,1,4,0,TMLedgerData,"ledgerHash: ""[\000\302\314\326\214\276@c\240\272\222{\363\314\032\213\311\316\246/\330\302\014>\022\346\234\347\264\270\350""; ledgerSeq: 0; type: liTS_CANDIDATE; nodes {;   nodedata: ""\002i\361\030\371\256\265\036\320\273\013\357<\215/(\215[\231D\357Gd\372\270\316\261\301\342\327\225\241\000GZ\227\022t\201\240u\2324P\027\307M\337'Y\361[IAD\351\374!\232\005\337\376\252\251g\004\003"";   nodeid: ""\000\000\000\000\000\000\000\000\000\000\000\000\000\000\000\000\000\000\000\000\000\000\000\000\000\000\000\000\000\000\000\000\000""; }; ","ledgerHash: ""[\000\302\314\326\214\276@c\240\272\222{\363\314\032\213\311\316\246/\330\302\014>\022\346\234\347\264\270\350""; ledgerSeq: 0; type: liTS_CANDIDATE; nodes {;   nodedata: ""\002i\361\030\371\256\265\036\320\273\013\357<\215/(\215[\231D\357Gd\372\270\316\261\301\342\327\225\241\000GZ\227\022t\201\240u\2324P\027\307M\337'Y\361[IAD\351\374!\232\005\337\376\252\251g\004\003"";   nodeid: ""\000\000\000\000\000\000\000\000\000\000\000\000\000\000\000\000\000\000\000\000\000\000\000\000\000\000\000\000\000\000\000\000\000""; }; "
1750527531020,1750527531020,3818,1,0,2,TMLedgerData,"ledgerHash: ""\310\200l\322\255\214\342'\243\202\375k%_\335\032N\021G\005\230\271\366~%e\366\202l^\rR""; ledgerSeq: 0; type: liTS_CANDIDATE; nodes {;   nodedata: ""GZ\227\022t\201\240u\2324P\027\307M\337'Y\361[IAD\351\374!\232\005\337\376\252\251g\004\003"";   nodeid: ""\000\000\000\000\000\000\000\000\000\000\000\000\000\000\000\000\000\000\000\000\000\000\000\000\000\000\000\000\000\000\000\000\000""; }; requestCookie: 4; ","ledgerHash: ""\310\200l\322\255\214\342'\243\202\375k%_\335\032N\021G\005\230\271\366~%e\366\202l^\rR""; ledgerSeq: 0; type: liTS_CANDIDATE; nodes {;   nodedata: ""GZ\227\022t\201\240u\2324P\027\307M\337'Y\361[IAD\351\374!\232\005\337\376\252\251g\004\003"";   nodeid: ""\000\000\000\000\000\000\000\000\000\000\000\000\000\000\000\000\000\000\000\000\000\000\000\000\000\000\000\000\000\000\000\000\000""; }; requestCookie: 4; "
1750527531051,1750527531051,782,1,0,4,TMValidation,"validation: """"\200\000\000\001&\000\000\000\005)/\351\252\251:\303`\246;Q\203[_Q\331]\036\237\306o!\223\221\002\324\031\262\240R\177 ,\214\325\Q])\016\2067\277\t\354\010\000P\027'\274\220\233\332\373\335\027\332I\377y`\224\260\350-\215\335\267[\036\265\265\252`\026&\030{\362\363P\031\265\024\321\362\354\211\250.\234s\225amc\305\035\366\276\037nD\277`\210\223N\3535\033\261\304fs!\002\266\377\271\344:\030\221i\267\257\215\237M\014\3345f\014\273|\207\367\334\337F\325\004cxB\211LvG0E\002!\000\376\247L \003\263\345< 8\327\326\337\263Ps\243.\361\2659a\334;\031P\326\033\355\373\324\235\002 zU\\354\320\346\320\016\237\216i#\250SK \317\357\332Z\340w\374\254=\352\376\346\032YqR""; ","validation: """"\200\000\000\001&\000\000\000\005)/\351\252\251:\303`\246;Q\203[_Q\331]\036\237\306o!\223\221\002\324\031\262\240R\177 ,\214\325\Q])\016\2067\277\t\354\010\000P\027'\274\220\233\332\373\335\027\332I\377y`\224\260\350-\215\335\267[\036\265\265\252`\026&\030{\362\363P\031\265\024\321\362\354\211\250.\234s\225amc\305\035\366\276\037nD\277`\210\223N\3535\033\261\304fs!\002\266\377\271\344:\030\221i\267\257\215\237M\014\3345f\014\273|\207\367\334\337F\325\004cxB\211LvG0E\002!\000\376\247L \003\263\345< 8\327\326\337\263Ps\243.\361\2659a\334;\031P\326\033\355\373\324\235\002 zU\\354\320\346\320\016\237\216i#\250SK \317\357\332Z\340w\374\254=\352\376\346\032YqR""; "
1750527531051,1750527531051,3422,1,0,3,TMValidation,"validation: """"\200\000\000\001&\000\000\000\005)/\351\252\251:\303`\246;Q\203[_Q\331]\036\237\306o!\223\221\002\324\031\262\240R\177 ,\214\325\Q])\016\2067\277\t\354\010\000P\027'\274\220\233\332\373\335\027\332I\377y`\224\260\350-\215\335\267[\036\265\265\252`\026&\030{\362\363P\031\265\024\321\362\354\211\250.\234s\225amc\305\035\366\276\037nD\277`\210\223N\3535\033\261\304fs!\002\266\377\271\344:\030\221i\267\257\215\237M\014\3345f\014\273|\207\367\334\337F\325\004cxB\211LvG0E\002!\000\376\247L \003\263\345< 8\327\326\337\263Ps\243.\361\2659a\334;\031P\326\033\355\373\324\235\002 zU\\354\320\346\320\016\237\216i#\250SK \317\357\332Z\340w\374\254=\352\376\346\032YqR""; ","validation: """"\200\000\000\001&\000\000\000\005)/\351\252\251:\303`\246;Q\203[_Q\331]\036\237\306o!\223\221\002\324\031\262\240R\177 ,\214\325\Q])\016\2067\277\t\354\010\000P\027'\274\220\233\332\373\335\027\332I\377y`\224\260\350-\215\335\267[\036\265\265\252`\026&\030{\362\363P\031\265\024\321\362\354\211\250.\234s\225amc\305\035\366\276\037nD\277`\210\223N\3535\033\261\304fs!\002\266\377\271\344:\030\221i\267\257\215\237M\014\3345f\014\273|\207\367\334\337F\325\004cxB\211LvG0E\002!\000\376\247L \003\263\345< 8\327\326\337\263Ps\243.\361\2659a\334;\031P\326\033\355\373\324\235\002 zU\\354\320\346\320\016\237\216i#\250SK \317\357\332Z\340w\374\254=\352\376\346\032YqR""; "
1750527531052,1750527531052,2092,1,0,1,TMHaveTransactionSet,"status: tsHAVE; hash: ""'\274\220\233\332\373\335\027\332I\377y`\224\260\350-\215\335\267[\036\265\265\252`\026&\030{\362\363""; ","status: tsHAVE; hash: ""'\274\220\233\332\373\335\027\332I\377y`\224\260\350-\215\335\267[\036\265\265\252`\026&\030{\362\363""; "
1750527531052,1750527531052,2261,1,0,1,TMValidation,"validation: """"\200\000\000\001&\000\000\000\005)/\351\252\251:\303`\246;Q\203[_Q\331]\036\237\306o!\223\221\002\324\031\262\240R\177 ,\214\325\Q])\016\2067\277\t\354\010\000P\027'\274\220\233\332\373\335\027\332I\377y`\224\260\350-\215\335\267[\036\265\265\252`\026&\030{\362\363P\031\265\024\321\362\354\211\250.\234s\225amc\305\035\366\276\037nD\277`\210\223N\3535\033\261\304fs!\002\266\377\271\344:\030\221i\267\257\215\237M\014\3345f\014\273|\207\367\334\337F\325\004cxB\211LvG0E\002!\000\376\247L \003\263\345< 8\327\326\337\263Ps\243.\361\2659a\334;\031P\326\033\355\373\324\235\002 zU\\354\320\346\320\016\237\216i#\250SK \317\357\332Z\340w\374\254=\352\376\346\032YqR""; ","validation: """"\200\000\000\001&\000\000\000\005)/\351\252\251:\303`\246;Q\203[_Q\331]\036\237\306o!\223\221\002\324\031\262\240R\177 ,\214\325\Q])\016\2067\277\t\354\010\000P\027'\274\220\233\332\373\335\027\332I\377y`\224\260\350-\215\335\267[\036\265\265\252`\026&\030{\362\363P\031\265\024\321\362\354\211\250.\234s\225amc\305\035\366\276\037nD\277`\210\223N\3535\033\261\304fs!\002\266\377\271\344:\030\221i\267\257\215\237M\014\3345f\014\273|\207\367\334\337F\325\004cxB\211LvG0E\002!\000\376\247L \003\263\345< 8\327\326\337\263Ps\243.\361\2659a\334;\031P\326\033\355\373\324\235\002 zU\\354\320\346\320\016\237\216i#\250SK \317\357\332Z\340w\374\254=\352\376\346\032YqR""; "
1750527531053,1750527531053,2759,1,0,3,TMHaveTransactionSet,"status: tsHAVE; hash: ""'\274\220\233\332\373\335\027\332I\377y`\224\260\350-\215\335\267[\036\265\265\252`\026&\030{\362\363""; ","status: tsHAVE; hash: ""'\274\220\233\332\373\335\027\332I\377y`\224\260\350-\215\335\267[\036\265\265\252`\026&\030{\362\363""; "
1750527531053,1750527531053,1446,1,0,2,TMHaveTransactionSet,"status: tsHAVE; hash: ""'\274\220\233\332\373\335\027\332I\377y`\224\260\350-\215\335\267[\036\265\265\252`\026&\030{\362\363""; ","status: tsHAVE; hash: ""'\274\220\233\332\373\335\027\332I\377y`\224\260\350-\215\335\267[\036\265\265\252`\026&\030{\362\363""; "
1750527531054,1750527531054,1542,1,0,4,TMHaveTransactionSet,"status: tsHAVE; hash: ""'\274\220\233\332\373\335\027\332I\377y`\224\260\350-\215\335\267[\036\265\265\252`\026&\030{\362\363""; ","status: tsHAVE; hash: ""'\274\220\233\332\373\335\027\332I\377y`\224\260\350-\215\335\267[\036\265\265\252`\026&\030{\362\363""; "
1750527531081,1750527531081,2441,1,4,2,TMProposeSet,"proposeSeq: 0; currentTxHash: ""\000\000\000\000\000\000\000\000\000\000\000\000\000\000\000\000\000\000\000\000\000\000\000\000\000\000\000\000\000\000\000\000""; nodePubKey: ""\002\266\377\271\344:\030\221i\267\257\215\237M\014\3345f\014\273|\207\367\334\337F\325\004cxB\211L""; closeTime: 803842730; signature: ""0D\002 C\221a\341\007A\222\254\345L\347\3361rI\236\231@\234\212\315\277\014M\205A\025\377\204\210\365\t\002 zQ\204\315Q\2266\323.\205\357\246\356\0331\232c\205\354\312\301`\333.[+^M?\316\256\205""; previousledger: ""\331]\036\237\306o!\223\221\002\324\031\262\240R\177 ,\214\325\Q])\016\2067\277\t\354\010\000""; ","proposeSeq: 0; currentTxHash: ""\000\000\000\000\000\000\000\000\000\000\000\000\000\000\000\000\000\000\000\000\000\000\000\000\000\000\000\000\000\000\000\000""; nodePubKey: ""\002\266\377\271\344:\030\221i\267\257\215\237M\014\3345f\014\273|\207\367\334\337F\325\004cxB\211L""; closeTime: 803842730; signature: ""0D\002 C\221a\341\007A\222\254\345L\347\3361rI\236\231@\234\212\315\277\014M\205A\025\377\204\210\365\t\002 zQ\204\315Q\2266\323.\205\357\246\356\0331\232c\205\354\312\301`\333.[+^M?\316\256\205""; previousledger: ""\331]\036\237\306o!\223\221\002\324\031\262\240R\177 ,\214\325\Q])\016\2067\277\t\354\010\000""; "
1750527531081,1750527531082,2972,1,4,0,TMProposeSet,"proposeSeq: 0; currentTxHash: ""\000\000\000\000\000\000\000\000\000\000\000\000\000\000\000\000\000\000\000\000\000\000\000\000\000\000\000\000\000\000\000\000""; nodePubKey: ""\002\266\377\271\344:\030\221i\267\257\215\237M\014\3345f\014\273|\207\367\334\337F\325\004cxB\211L""; closeTime: 803842730; signature: ""0D\002 C\221a\341\007A\222\254\345L\347\3361rI\236\231@\234\212\315\277\014M\205A\025\377\204\210\365\t\002 zQ\204\315Q\2266\323.\205\357\246\356\0331\232c\205\354\312\301`\333.[+^M?\316\256\205""; previousledger: ""\331]\036\237\306o!\223\221\002\324\031\262\240R\177 ,\214\325\Q])\016\2067\277\t\354\010\000""; ","proposeSeq: 0; currentTxHash: ""\000\000\000\000\000\000\000\000\000\000\000\000\000\000\000\000\000\000\000\000\000\000\000\000\000\000\000\000\000\000\000\000""; nodePubKey: ""\002\266\377\271\344:\030\221i\267\257\215\237M\014\3345f\014\273|\207\367\334\337F\325\004cxB\211L""; closeTime: 803842730; signature: ""0D\002 C\221a\341\007A\222\254\345L\347\3361rI\236\231@\234\212\315\277\014M\205A\025\377\204\210\365\t\002 zQ\204\315Q\2266\323.\205\357\246\356\0331\232c\205\354\312\301`\333.[+^M?\316\256\205""; previousledger: ""\331]\036\237\306o!\223\221\002\324\031\262\240R\177 ,\214\325\Q])\016\2067\277\t\354\010\000""; "
1750527531082,1750527531082,371,1,4,3,TMProposeSet,"proposeSeq: 0; currentTxHash: ""\000\000\000\000\000\000\000\000\000\000\000\000\000\000\000\000\000\000\000\000\000\000\000\000\000\000\000\000\000\000\000\000""; nodePubKey: ""\002\266\377\271\344:\030\221i\267\257\215\237M\014\3345f\014\273|\207\367\334\337F\325\004cxB\211L""; closeTime: 803842730; signature: ""0D\002 C\221a\341\007A\222\254\345L\347\3361rI\236\231@\234\212\315\277\014M\205A\025\377\204\210\365\t\002 zQ\204\315Q\2266\323.\205\357\246\356\0331\232c\205\354\312\301`\333.[+^M?\316\256\205""; previousledger: ""\331]\036\237\306o!\223\221\002\324\031\262\240R\177 ,\214\325\Q])\016\2067\277\t\354\010\000""; ","proposeSeq: 0; currentTxHash: ""\000\000\000\000\000\000\000\000\000\000\000\000\000\000\000\000\000\000\000\000\000\000\000\000\000\000\000\000\000\000\000\000""; nodePubKey: ""\002\266\377\271\344:\030\221i\267\257\215\237M\014\3345f\014\273|\207\367\334\337F\325\004cxB\211L""; closeTime: 803842730; signature: ""0D\002 C\221a\341\007A\222\254\345L\347\3361rI\236\231@\234\212\315\277\014M\205A\025\377\204\210\365\t\002 zQ\204\315Q\2266\323.\205\357\246\356\0331\232c\205\354\312\301`\333.[+^M?\316\256\205""; previousledger: ""\331]\036\237\306o!\223\221\002\324\031\262\240R\177 ,\214\325\Q])\016\2067\277\t\354\010\000""; "
1750527531090,1750527531090,380,1,0,4,TMGetLedger,"itype: liTS_CANDIDATE; ledgerHash: ""[\000\302\314\326\214\276@c\240\272\222{\363\314\032\213\311\316\246/\330\302\014>\022\346\234\347\264\270\350""; nodeIDs: ""\000\000\000\000\000\000\000\000\000\000\000\000\000\000\000\000\000\000\000\000\000\000\000\000\000\000\000\000\000\000\000\000\000""; requestCookie: 3; queryType: qtINDIRECT; queryDepth: 3; ","itype: liTS_CANDIDATE; ledgerHash: ""[\000\302\314\326\214\276@c\240\272\222{\363\314\032\213\311\316\246/\330\302\014>\022\346\234\347\264\270\350""; nodeIDs: ""\000\000\000\000\000\000\000\000\000\000\000\000\000\000\000\000\000\000\000\000\000\000\000\000\000\000\000\000\000\000\000\000\000""; requestCookie: 3; queryType: qtINDIRECT; queryDepth: 3; "
1750527531090,1750527531090,380,1,0,4,TMGetLedger,"itype: liTS_CANDIDATE; ledgerHash: ""[\000\302\314\326\214\276@c\240\272\222{\363\314\032\213\311\316\246/\330\302\014>\022\346\234\347\264\270\350""; nodeIDs: ""\000\000\000\000\000\000\000\000\000\000\000\000\000\000\000\000\000\000\000\000\000\000\000\000\000\000\000\000\000\000\000\000\000""; requestCookie: 4; queryType: qtINDIRECT; queryDepth: 3; ","itype: liTS_CANDIDATE; ledgerHash: ""[\000\302\314\326\214\276@c\240\272\222{\363\314\032\213\311\316\246/\330\302\014>\022\346\234\347\264\270\350""; nodeIDs: ""\000\000\000\000\000\000\000\000\000\000\000\000\000\000\000\000\000\000\000\000\000\000\000\000\000\000\000\000\000\000\000\000\000""; requestCookie: 4; queryType: qtINDIRECT; queryDepth: 3; "
1750527531091,1750527531091,1996,1,0,4,TMLedgerData,"ledgerHash: ""\310\200l\322\255\214\342'\243\202\375k%_\335\032N\021G\005\230\271\366~%e\366\202l^\rR""; ledgerSeq: 0; type: liTS_CANDIDATE; nodes {;   nodedata: ""GZ\227\022t\201\240u\2324P\027\307M\337'Y\361[IAD\351\374!\232\005\337\376\252\251g\004\003"";   nodeid: ""\000\000\000\000\000\000\000\000\000\000\000\000\000\000\000\000\000\000\000\000\000\000\000\000\000\000\000\000\000\000\000\000\000""; }; requestCookie: 4; ","ledgerHash: ""\310\200l\322\255\214\342'\243\202\375k%_\335\032N\021G\005\230\271\366~%e\366\202l^\rR""; ledgerSeq: 0; type: liTS_CANDIDATE; nodes {;   nodedata: ""GZ\227\022t\201\240u\2324P\027\307M\337'Y\361[IAD\351\374!\232\005\337\376\252\251g\004\003"";   nodeid: ""\000\000\000\000\000\000\000\000\000\000\000\000\000\000\000\000\000\000\000\000\000\000\000\000\000\000\000\000\000\000\000\000\000""; }; requestCookie: 4; "
1750527531117,1750527531118,3378,1,4,0,TMLedgerData,"ledgerHash: ""'\274\220\233\332\373\335\027\332I\377y`\224\260\350-\215\335\267[\036\265\265\252`\026&\030{\362\363""; ledgerSeq: 0; type: liTS_CANDIDATE; nodes {;   nodedata: ""\002i\361\030\371\256\265\036\320\273\013\357<\215/(\215[\231D\357Gd\372\270\316\261\301\342\327\225\241\000GZ\227\022t\201\240u\2324P\027\307M\337'Y\361[IAD\351\374!\232\005\337\376\252\251g\004\240\231\202k\030<\225\205;%\337\001\376d\216V\310\306k>\373\322\372\353b\3659\350\345\324F\026\n\003"";   nodeid: ""\000\000\000\000\000\000\000\000\000\000\000\000\000\000\000\000\000\000\000\000\000\000\000\000\000\000\000\000\000\000\000\000\000""; }; ","ledgerHash: ""'\274\220\233\332\373\335\027\332I\377y`\224\260\350-\215\335\267[\036\265\265\252`\026&\030{\362\363""; ledgerSeq: 0; type: liTS_CANDIDATE; nodes {;   nodedata: ""\002i\361\030\371\256\265\036\320\273\013\357<\215/(\215[\231D\357Gd\372\270\316\261\301\342\327\225\241\000GZ\227\022t\201\240u\2324P\027\307M\337'Y\361[IAD\351\374!\232\005\337\376\252\251g\004\240\231\202k\030<\225\205;%\337\001\376d\216V\310\306k>\373\322\372\353b\3659\350\345\324F\026\n\003"";   nodeid: ""\000\000\000\000\000\000\000\000\000\000\000\000\000\000\000\000\000\000\000\000\000\000\000\000\000\000\000\000\000\000\000\000\000""; }; "
1750527531129,1750527531129,1199,1,0,2,TMGetLedger,"itype: liTS_CANDIDATE; ledgerHash: ""[\000\302\314\326\214\276@c\240\272\222{\363\314\032\213\311\316\246/\330\302\014>\022\346\234\347\264\270\350""; nodeIDs: ""\000\000\000\000\000\000\000\000\000\000\000\000\000\000\000\000\000\000\000\000\000\000\000\000\000\000\000\000\000\000\000\000\000""; queryType: qtINDIRECT; queryDepth: 3; ","itype: liTS_CANDIDATE; ledgerHash: ""[\000\302\314\326\214\276@c\240\272\222{\363\314\032\213\311\316\246/\330\302\014>\022\346\234\347\264\270\350""; nodeIDs: ""\000\000\000\000\000\000\000\000\000\000\000\000\000\000\000\000\000\000\000\000\000\000\000\000\000\000\000\000\000\000\000\000\000""; queryType: qtINDIRECT; queryDepth: 3; "
1750527531129,1750527531130,3094,1,0,3,TMGetLedger,"itype: liTS_CANDIDATE; ledgerHash: ""[\000\302\314\326\214\276@c\240\272\222{\363\314\032\213\311\316\246/\330\302\014>\022\346\234\347\264\270\350""; nodeIDs: ""\000\000\000\000\000\000\000\000\000\000\000\000\000\000\000\000\000\000\000\000\000\000\000\000\000\000\000\000\000\000\000\000\000""; queryType: qtINDIRECT; queryDepth: 3; ","itype: liTS_CANDIDATE; ledgerHash: ""[\000\302\314\326\214\276@c\240\272\222{\363\314\032\213\311\316\246/\330\302\014>\022\346\234\347\264\270\350""; nodeIDs: ""\000\000\000\000\000\000\000\000\000\000\000\000\000\000\000\000\000\000\000\000\000\000\000\000\000\000\000\000\000\000\000\000\000""; queryType: qtINDIRECT; queryDepth: 3; "
1750527531130,1750527531130,3375,1,0,1,TMGetLedger,"itype: liTS_CANDIDATE; ledgerHash: ""[\000\302\314\326\214\276@c\240\272\222{\363\314\032\213\311\316\246/\330\302\014>\022\346\234\347\264\270\350""; nodeIDs: ""\000\000\000\000\000\000\000\000\000\000\000\000\000\000\000\000\000\000\000\000\000\000\000\000\000\000\000\000\000\000\000\000\000""; queryType: qtINDIRECT; queryDepth: 3; ","itype: liTS_CANDIDATE; ledgerHash: ""[\000\302\314\326\214\276@c\240\272\222{\363\314\032\213\311\316\246/\330\302\014>\022\346\234\347\264\270\350""; nodeIDs: ""\000\000\000\000\000\000\000\000\000\000\000\000\000\000\000\000\000\000\000\000\000\000\000\000\000\000\000\000\000\000\000\000\000""; queryType: qtINDIRECT; queryDepth: 3; "
1750527531134,1750527531134,1996,1,0,4,TMLedgerData,"ledgerHash: ""\310\200l\322\255\214\342'\243\202\375k%_\335\032N\021G\005\230\271\366~%e\366\202l^\rR""; ledgerSeq: 0; type: liTS_CANDIDATE; nodes {;   nodedata: ""GZ\227\022t\201\240u\2324P\027\307M\337'Y\361[IAD\351\374!\232\005\337\376\252\251g\004\003"";   nodeid: ""\000\000\000\000\000\000\000\000\000\000\000\000\000\000\000\000\000\000\000\000\000\000\000\000\000\000\000\000\000\000\000\000\000""; }; ","ledgerHash: ""\310\200l\322\255\214\342'\243\202\375k%_\335\032N\021G\005\230\271\366~%e\366\202l^\rR""; ledgerSeq: 0; type: liTS_CANDIDATE; nodes {;   nodedata: ""GZ\227\022t\201\240u\2324P\027\307M\337'Y\361[IAD\351\374!\232\005\337\376\252\251g\004\003"";   nodeid: ""\000\000\000\000\000\000\000\000\000\000\000\000\000\000\000\000\000\000\000\000\000\000\000\000\000\000\000\000\000\000\000\000\000""; }; "
1750527531134,1750527531134,380,1,0,4,TMGetLedger,"itype: liTS_CANDIDATE; ledgerHash: ""[\000\302\314\326\214\276@c\240\272\222{\363\314\032\213\311\316\246/\330\302\014>\022\346\234\347\264\270\350""; nodeIDs: ""\000\000\000\000\000\000\000\000\000\000\000\000\000\000\000\000\000\000\000\000\000\000\000\000\000\000\000\000\000\000\000\000\000""; queryType: qtINDIRECT; queryDepth: 3; ","itype: liTS_CANDIDATE; ledgerHash: ""[\000\302\314\326\214\276@c\240\272\222{\363\314\032\213\311\316\246/\330\302\014>\022\346\234\347\264\270\350""; nodeIDs: ""\000\000\000\000\000\000\000\000\000\000\000\000\000\000\000\000\000\000\000\000\000\000\000\000\000\000\000\000\000\000\000\000\000""; queryType: qtINDIRECT; queryDepth: 3; "
1750527531180,1750527531180,589,1,2,0,TMGetLedger,"itype: liTS_CANDIDATE; ledgerHash: ""\310\200l\322\255\214\342'\243\202\375k%_\335\032N\021G\005\230\271\366~%e\366\202l^\rR""; nodeIDs: ""\000\000\000\000\000\000\000\000\000\000\000\000\000\000\000\000\000\000\000\000\000\000\000\000\000\000\000\000\000\000\000\000\000""; requestCookie: 4; queryType: qtINDIRECT; queryDepth: 3; ","itype: liTS_CANDIDATE; ledgerHash: ""\310\200l\322\255\214\342'\243\202\375k%_\335\032N\021G\005\230\271\366~%e\366\202l^\rR""; nodeIDs: ""\000\000\000\000\000\000\000\000\000\000\000\000\000\000\000\000\000\000\000\000\000\000\000\000\000\000\000\000\000\000\000\000\000""; requestCookie: 4; queryType: qtINDIRECT; queryDepth: 3; "
1750527531184,1750527531184,1782,1,1,4,TMLedgerData,"ledgerHash: ""'\274\220\233\332\373\335\027\332I\377y`\224\260\350-\215\335\267[\036\265\265\252`\026&\030{\362\363""; ledgerSeq: 0; type: liTS_CANDIDATE; nodes {;   nodedata: ""\002i\361\030\371\256\265\036\320\273\013\357<\215/(\215[\231D\357Gd\372\270\316\261\301\342\327\225\241\000GZ\227\022t\201\240u\2324P\027\307M\337'Y\361[IAD\351\374!\232\005\337\376\252\251g\004\240\231\202k\030<\225\205;%\337\001\376d\216V\310\306k>\373\322\372\353b\3659\350\345\324F\026\n\003"";   nodeid: ""\000\000\000\000\000\000\000\000\000\000\000\000\000\000\000\000\000\000\000\000\000\000\000\000\000\000\000\000\000\000\000\000\000""; }; ","ledgerHash: ""'\274\220\233\332\373\335\027\332I\377y`\224\260\350-\215\335\267[\036\265\265\252`\026&\030{\362\363""; ledgerSeq: 0; type: liTS_CANDIDATE; nodes {;   nodedata: ""\002i\361\030\371\256\265\036\320\273\013\357<\215/(\215[\231D\357Gd\372\270\316\261\301\342\327\225\241\000GZ\227\022t\201\240u\2324P\027\307M\337'Y\361[IAD\351\374!\232\005\337\376\252\251g\004\240\231\202k\030<\225\205;%\337\001\376d\216V\310\306k>\373\322\372\353b\3659\350\345\324F\026\n\003"";   nodeid: ""\000\000\000\000\000\000\000\000\000\000\000\000\000\000\000\000\000\000\000\000\000\000\000\000\000\000\000\000\000\000\000\000\000""; }; "
1750527531191,1750527531191,3378,1,4,0,TMLedgerData,"ledgerHash: ""[\000\302\314\326\214\276@c\240\272\222{\363\314\032\213\311\316\246/\330\302\014>\022\346\234\347\264\270\350""; ledgerSeq: 0; type: liTS_CANDIDATE; nodes {;   nodedata: ""\002i\361\030\371\256\265\036\320\273\013\357<\215/(\215[\231D\357Gd\372\270\316\261\301\342\327\225\241\000GZ\227\022t\201\240u\2324P\027\307M\337'Y\361[IAD\351\374!\232\005\337\376\252\251g\004\003"";   nodeid: ""\000\000\000\000\000\000\000\000\000\000\000\000\000\000\000\000\000\000\000\000\000\000\000\000\000\000\000\000\000\000\000\000\000""; }; requestCookie: 4; ","ledgerHash: ""[\000\302\314\326\214\276@c\240\272\222{\363\314\032\213\311\316\246/\330\302\014>\022\346\234\347\264\270\350""; ledgerSeq: 0; type: liTS_CANDIDATE; nodes {;   nodedata: ""\002i\361\030\371\256\265\036\320\273\013\357<\215/(\215[\231D\357Gd\372\270\316\261\301\342\327\225\241\000GZ\227\022t\201\240u\2324P\027\307M\337'Y\361[IAD\351\374!\232\005\337\376\252\251g\004\003"";   nodeid: ""\000\000\000\000\000\000\000\000\000\000\000\000\000\000\000\000\000\000\000\000\000\000\000\000\000\000\000\000\000\000\000\000\000""; }; requestCookie: 4; "
1750527531198,1750527531198,2764,1,4,3,TMLedgerData,"ledgerHash: ""[\000\302\314\326\214\276@c\240\272\222{\363\314\032\213\311\316\246/\330\302\014>\022\346\234\347\264\270\350""; ledgerSeq: 0; type: liTS_CANDIDATE; nodes {;   nodedata: ""\002i\361\030\371\256\265\036\320\273\013\357<\215/(\215[\231D\357Gd\372\270\316\261\301\342\327\225\241\000GZ\227\022t\201\240u\2324P\027\307M\337'Y\361[IAD\351\374!\232\005\337\376\252\251g\004\003"";   nodeid: ""\000\000\000\000\000\000\000\000\000\000\000\000\000\000\000\000\000\000\000\000\000\000\000\000\000\000\000\000\000\000\000\000\000""; }; ","ledgerHash: ""[\000\302\314\326\214\276@c\240\272\222{\363\314\032\213\311\316\246/\330\302\014>\022\346\234\347\264\270\350""; ledgerSeq: 0; type: liTS_CANDIDATE; nodes {;   nodedata: ""\002i\361\030\371\256\265\036\320\273\013\357<\215/(\215[\231D\357Gd\372\270\316\261\301\342\327\225\241\000GZ\227\022t\201\240u\2324P\027\307M\337'Y\361[IAD\351\374!\232\005\337\376\252\251g\004\003"";   nodeid: ""\000\000\000\000\000\000\000\000\000\000\000\000\000\000\000\000\000\000\000\000\000\000\000\000\000\000\000\000\000\000\000\000\000""; }; "
1750527531201,1750527531201,782,1,0,4,TMValidation,"validation: """"\200\000\000\001&\000\000\000\005)/\351\252\251:p\210\265\307-\212\200\004Q\331]\036\237\306o!\223\221\002\324\031\262\240R\177 ,\214\325\Q])\016\2067\277\t\354\010\000P\027'\274\220\233\332\373\335\027\332I\377y`\224\260\350-\215\335\267[\036\265\265\252`\026&\030{\362\363P\031\265\024\321\362\354\211\250.\234s\225amc\305\035\366\276\037nD\277`\210\223N\3535\033\261\304fs!\002\364d\217\366\217|\316F\232\231\241\n\261\333`\312O\367\235\025DD\336e\367\n\312\326\221\037\025\230vG0E\002!\000\214M\242\355\276\367\213\r\242\376cQu\341Q\3479\3341\tN\210\374\324\207\361\370\315\366Q\351\342\002 p\224&\216\320""\305\246\3063iK\267yq\242\312z\225\014\364\014\351\006\007~\306 %\3131\234""; ","validation: """"\200\000\000\001&\000\000\000\005)/\351\252\251:p\210\265\307-\212\200\004Q\331]\036\237\306o!\223\221\002\324\031\262\240R\177 ,\214\325\Q])\016\2067\277\t\354\010\000P\027'\274\220\233\332\373\335\027\332I\377y`\224\260\350-\215\335\267[\036\265\265\252`\026&\030{\362\363P\031\265\024\321\362\354\211\250.\234s\225amc\305\035\366\276\037nD\277`\210\223N\3535\033\261\304fs!\002\364d\217\366\217|\316F\232\231\241\n\261\333`\312O\367\235\025DD\336e\367\n\312\326\221\037\025\230vG0E\002!\000\214M\242\355\276\367\213\r\242\376cQu\341Q\3479\3341\tN\210\374\324\207\361\370\315\366Q\351\342\002 p\224&\216\320""\305\246\3063iK\267yq\242\312z\225\014\364\014\351\006\007~\306 %\3131\234""; "
1750527531202,1750527531202,2261,1,0,1,TMValidation,"validation: """"\200\000\000\001&\000\000\000\005)/\351\252\251:p\210\265\307-\212\200\004Q\331]\036\237\306o!\223\221\002\324\031\262\240R\177 ,\214\325\Q])\016\2067\277\t\354\010\000P\027'\274\220\233\332\373\335\027\332I\377y`\224\260\350-\215\335\267[\036\265\265\252`\026&\030{\362\363P\031\265\024\321\362\354\211\250.\234s\225amc\305\035\366\276\037nD\277`\210\223N\3535\033\261\304fs!\002\364d\217\366\217|\316F\232\231\241\n\261\333`\312O\367\235\025DD\336e\367\n\312\326\221\037\025\230vG0E\002!\000\214M\242\355\276\367\213\r\242\376cQu\341Q\3479\3341\tN\210\374\324\207\361\370\315\366Q\351\342\002 p\224&\216\320""\305\246\3063iK\267yq\242\312z\225\014\364\014\351\006\007~\306 %\3131\234""; ","validation: """"\200\000\000\001&\000\000\000\005)/\351\252\251:p\210\265\307-\212\200\004Q\331]\036\237\306o!\223\221\002\324\031\262\240R\177 ,\214\325\Q])\016\2067\277\t\354\010\000P\027'\274\220\233\332\373\335\027\332I\377y`\224\260\350-\215\335\267[\036\265\265\252`\026&\030{\362\363P\031\265\024\321\362\354\211\250.\234s\225amc\305\035\366\276\037nD\277`\210\223N\3535\033\261\304fs!\002\364d\217\366\217|\316F\232\231\241\n\261\333`\312O\367\235\025DD\336e\367\n\312\326\221\037\025\230vG0E\002!\000\214M\242\355\276\367\213\r\242\376cQu\341Q\3479\3341\tN\210\374\324\207\361\370\315\366Q\351\342\002 p\224&\216\320""\305\246\3063iK\267yq\242\312z\225\014\364\014\351\006\007~\306 %\3131\234""; "
1750527531202,1750527531203,1933,1,0,2,TMValidation,"validation: """"\200\000\000\001&\000\000\000\005)/\351\252\251:p\210\265\307-\212\200\004Q\331]\036\237\306o!\223\221\002\324\031\262\240R\177 ,\214\325\Q])\016\2067\277\t\354\010\000P\027'\274\220\233\332\373\335\027\332I\377y`\224\260\350-\215\335\267[\036\265\265\252`\026&\030{\362\363P\031\265\024\321\362\354\211\250.\234s\225amc\305\035\366\276\037nD\277`\210\223N\3535\033\261\304fs!\002\364d\217\366\217|\316F\232\231\241\n\261\333`\312O\367\235\025DD\336e\367\n\312\326\221\037\025\230vG0E\002!\000\214M\242\355\276\367\213\r\242\376cQu\341Q\3479\3341\tN\210\374\324\207\361\370\315\366Q\351\342\002 p\224&\216\320""\305\246\3063iK\267yq\242\312z\225\014\364\014\351\006\007~\306 %\3131\234""; ","validation: """"\200\000\000\001&\000\000\000\005)/\351\252\251:p\210\265\307-\212\200\004Q\331]\036\237\306o!\223\221\002\324\031\262\240R\177 ,\214\325\Q])\016\2067\277\t\354\010\000P\027'\274\220\233\332\373\335\027\332I\377y`\224\260\350-\215\335\267[\036\265\265\252`\026&\030{\362\363P\031\265\024\321\362\354\211\250.\234s\225amc\305\035\366\276\037nD\277`\210\223N\3535\033\261\304fs!\002\364d\217\366\217|\316F\232\231\241\n\261\333`\312O\367\235\025DD\336e\367\n\312\326\221\037\025\230vG0E\002!\000\214M\242\355\276\367\213\r\242\376cQu\341Q\3479\3341\tN\210\374\324\207\361\370\315\366Q\351\342\002 p\224&\216\320""\305\246\3063iK\267yq\242\312z\225\014\364\014\351\006\007~\306 %\3131\234""; "
1750527531216,1750527531216,2920,1,1,0,TMGetLedger,"itype: liTS_CANDIDATE; ledgerHash: ""\310\200l\322\255\214\342'\243\202\375k%_\335\032N\021G\005\230\271\366~%e\366\202l^\rR""; nodeIDs: ""\000\000\000\000\000\000\000\000\000\000\000\000\000\000\000\000\000\000\000\000\000\000\000\000\000\000\000\000\000\000\000\000\000""; requestCookie: 4; queryType: qtINDIRECT; queryDepth: 3; ","itype: liTS_CANDIDATE; ledgerHash: ""\310\200l\322\255\214\342'\243\202\375k%_\335\032N\021G\005\230\271\366~%e\366\202l^\rR""; nodeIDs: ""\000\000\000\000\000\000\000\000\000\000\000\000\000\000\000\000\000\000\000\000\000\000\000\000\000\000\000\000\000\000\000\000\000""; requestCookie: 4; queryType: qtINDIRECT; queryDepth: 3; "
1750527531218,1750527531218,4000,1,2,3,TMGetLedger,"itype: liTS_CANDIDATE; ledgerHash: ""\310\200l\322\255\214\342'\243\202\375k%_\335\032N\021G\005\230\271\366~%e\366\202l^\rR""; nodeIDs: ""\000\000\000\000\000\000\000\000\000\000\000\000\000\000\000\000\000\000\000\000\000\000\000\000\000\000\000\000\000\000\000\000\000""; requestCookie: 5; queryType: qtINDIRECT; queryDepth: 3; ","itype: liTS_CANDIDATE; ledgerHash: ""\310\200l\322\255\214\342'\243\202\375k%_\335\032N\021G\005\230\271\366~%e\366\202l^\rR""; nodeIDs: ""\000\000\000\000\000\000\000\000\000\000\000\000\000\000\000\000\000\000\000\000\000\000\000\000\000\000\000\000\000\000\000\000\000""; requestCookie: 5; queryType: qtINDIRECT; queryDepth: 3; "
1750527531219,1750527531220,3378,1,4,0,TMLedgerData,"ledgerHash: ""[\000\302\314\326\214\276@c\240\272\222{\363\314\032\213\311\316\246/\330\302\014>\022\346\234\347\264\270\350""; ledgerSeq: 0; type: liTS_CANDIDATE; nodes {;   nodedata: ""\002i\361\030\371\256\265\036\320\273\013\357<\215/(\215[\231D\357Gd\372\270\316\261\301\342\327\225\241\000GZ\227\022t\201\240u\2324P\027\307M\337'Y\361[IAD\351\374!\232\005\337\376\252\251g\004\003"";   nodeid: ""\000\000\000\000\000\000\000\000\000\000\000\000\000\000\000\000\000\000\000\000\000\000\000\000\000\000\000\000\000\000\000\000\000""; }; requestCookie: 3; ","ledgerHash: ""[\000\302\314\326\214\276@c\240\272\222{\363\314\032\213\311\316\246/\330\302\014>\022\346\234\347\264\270\350""; ledgerSeq: 0; type: liTS_CANDIDATE; nodes {;   nodedata: ""\002i\361\030\371\256\265\036\320\273\013\357<\215/(\215[\231D\357Gd\372\270\316\261\301\342\327\225\241\000GZ\227\022t\201\240u\2324P\027\307M\337'Y\361[IAD\351\374!\232\005\337\376\252\251g\004\003"";   nodeid: ""\000\000\000\000\000\000\000\000\000\000\000\000\000\000\000\000\000\000\000\000\000\000\000\000\000\000\000\000\000\000\000\000\000""; }; requestCookie: 3; "
1750527531223,1750527531223,3719,1,2,4,TMGetLedger,"itype: liTS_CANDIDATE; ledgerHash: ""[\000\302\314\326\214\276@c\240\272\222{\363\314\032\213\311\316\246/\330\302\014>\022\346\234\347\264\270\350""; nodeIDs: ""\000\000\000\000\000\000\000\000\000\000\000\000\000\000\000\000\000\000\000\000\000\000\000\000\000\000\000\000\000\000\000\000\000""; requestCookie: 4; queryType: qtINDIRECT; queryDepth: 3; ","itype: liTS_CANDIDATE; ledgerHash: ""[\000\302\314\326\214\276@c\240\272\222{\363\314\032\213\311\316\246/\330\302\014>\022\346\234\347\264\270\350""; nodeIDs: ""\000\000\000\000\000\000\000\000\000\000\000\000\000\000\000\000\000\000\000\000\000\000\000\000\000\000\000\000\000\000\000\000\000""; requestCookie: 4; queryType: qtINDIRECT; queryDepth: 3; "
1750527531240,1750527531241,612,1,2,0,TMLedgerData,"ledgerHash: ""\331]\036\237\306o!\223\221\002\324\031\262\240R\177 ,\214\325\Q])\016\2067\277\t\354\010\000""; ledgerSeq: 5; type: liBASE; nodes {;   nodedata: ""\000\000\000\005\001cEx]\211\377\342\265\024\321\362\354\211\250.\234s\225amc\305\035\366\276\037nD\277`\210\223N\3535\033\261\304fh\257\243\333\365p\373t\344A\230\350\010.\336\000\005\246\303M\315\345\354\264p\204q\004g\016\305\223\354\000;j\257n\251\021+\037/9\302\270\257\205\347\r\013o!w\014\007\375\353e\n\355\235`\216/\351\252\241/\351\252\252\n\000""; }; nodes {;   nodedata: ""\341\035\262xv\226\317f5\366\365\252a\177\355\302\326\t\222~j\320f\374/ \363\256\257\361 \303\001\301\025%1L\307\t\261\262z\374\222T\301\274V\236\223\262\270Ct\362\337b\356\024*\324\320\351\317\002k\336\234\027v\351\217\260\303\360\233ZPZWr\246$w\313\313\r\243r\232\2234\373\3539:N\004;tP\302\307\005x\n\302lQ\275\237<g\321\233$\274p\355\310J\230\370\306\264\314\367C\275\272\006E\344\037@\210\363\010\336T\226\247'\204_{\261\370""1\235\2445\343\033Y!\212\201\341\272\225'\007b\010\217Q\330\226\225+\355\377\350\246\201\221N""^:\025H\006^\027\n\0169\014\340\275\277\264-\013\003""; }; nodes {;   nodedata: ""\263O\327&O\344\301\265\311_""j\216\325\325\t1\303a\007\256\336!\306\235\247\276\266\267b\341\204\0003(\332\236\377bF\234\321\247\022=w\310Wh\2632\2767H*\314\324\275V\272\370([\370\247\004\336\3345\\342]s\221\233\2662\224\020\253dw\035\210\370\313\367\255'>c\202\024\264-\032\257\375\n\003""; }; ","ledgerHash: ""\331]\036\237\306o!\223\221\002\324\031\262\240R\177 ,\214\325\Q])\016\2067\277\t\354\010\000""; ledgerSeq: 5; type: liBASE; nodes {;   nodedata: ""\000\000\000\005\001cEx]\211\377\342\265\024\321\362\354\211\250.\234s\225amc\305\035\366\276\037nD\277`\210\223N\3535\033\261\304fh\257\243\333\365p\373t\344A\230\350\010.\336\000\005\246\303M\315\345\354\264p\204q\004g\016\305\223\354\000;j\257n\251\021+\037/9\302\270\257\205\347\r\013o!w\014\007\375\353e\n\355\235`\216/\351\252\241/\351\252\252\n\000""; }; nodes {;   nodedata: ""\341\035\262xv\226\317f5\366\365\252a\177\355\302\326\t\222~j\320f\374/ \363\256\257\361 \303\001\301\025%1L\307\t\261\262z\374\222T\301\274V\236\223\262\270Ct\362\337b\356\024*\324\320\351\317\002k\336\234\027v\351\217\260\303\360\233ZPZWr\246$w\313\313\r\243r\232\2234\373\3539:N\004;tP\302\307\005x\n\302lQ\275\237<g\321\233$\274p\355\310J\230\370\306\264\314\367C\275\272\006E\344\037@\210\363\010\336T\226\247'\204_{\261\370""1\235\2445\343\033Y!\212\201\341\272\225'\007b\010\217Q\330\226\225+\355\377\350\246\201\221N""^:\025H\006^\027\n\0169\014\340\275\277\264-\013\003""; }; nodes {;   nodedata: ""\263O\327&O\344\301\265\311_""j\216\325\325\t1\303a\007\256\336!\306\235\247\276\266\267b\341\204\0003(\332\236\377bF\234\321\247\022=w\310Wh\2632\2767H*\314\324\275V\272\370([\370\247\004\336\3345\\342]s\221\233\2662\224\020\253dw\035\210\370\313\367\255'>c\202\024\264-\032\257\375\n\003""; }; "
1750527531242,1750527531242,612,1,2,0,TMLedgerData,"ledgerHash: ""\331]\036\237\306o!\223\221\002\324\031\262\240R\177 ,\214\325\Q])\016\2067\277\t\354\010\000""; ledgerSeq: 5; type: liBASE; nodes {;   nodedata: ""\000\000\000\005\001cEx]\211\377\342\265\024\321\362\354\211\250.\234s\225amc\305\035\366\276\037nD\277`\210\223N\3535\033\261\304fh\257\243\333\365p\373t\344A\230\350\010.\336\000\005\246\303M\315\345\354\264p\204q\004g\016\305\223\354\000;j\257n\251\021+\037/9\302\270\257\205\347\r\013o!w\014\007\375\353e\n\355\235`\216/\351\252\241/\351\252\252\n\000""; }; nodes {;   nodedata: ""\341\035\262xv\226\317f5\366\365\252a\177\355\302\326\t\222~j\320f\374/ \363\256\257\361 \303\001\301\025%1L\307\t\261\262z\374\222T\301\274V\236\223\262\270Ct\362\337b\356\024*\324\320\351\317\002k\336\234\027v\351\217\260\303\360\233ZPZWr\246$w\313\313\r\243r\232\2234\373\3539:N\004;tP\302\307\005x\n\302lQ\275\237<g\321\233$\274p\355\310J\230\370\306\264\314\367C\275\272\006E\344\037@\210\363\010\336T\226\247'\204_{\261\370""1\235\2445\343\033Y!\212\201\341\272\225'\007b\010\217Q\330\226\225+\355\377\350\246\201\221N""^:\025H\006^\027\n\0169\014\340\275\277\264-\013\003""; }; nodes {;   nodedata: ""\263O\327&O\344\301\265\311_""j\216\325\325\t1\303a\007\256\336!\306\235\247\276\266\267b\341\204\0003(\332\236\377bF\234\321\247\022=w\310Wh\2632\2767H*\314\324\275V\272\370([\370\247\004\336\3345\\342]s\221\233\2662\224\020\253dw\035\210\370\313\367\255'>c\202\024\264-\032\257\375\n\003""; }; ","ledgerHash: ""\331]\036\237\306o!\223\221\002\324\031\262\240R\177 ,\214\325\Q])\016\2067\277\t\354\010\000""; ledgerSeq: 5; type: liBASE; nodes {;   nodedata: ""\000\000\000\005\001cEx]\211\377\342\265\024\321\362\354\211\250.\234s\225amc\305\035\366\276\037nD\277`\210\223N\3535\033\261\304fh\257\243\333\365p\373t\344A\230\350\010.\336\000\005\246\303M\315\345\354\264p\204q\004g\016\305\223\354\000;j\257n\251\021+\037/9\302\270\257\205\347\r\013o!w\014\007\375\353e\n\355\235`\216/\351\252\241/\351\252\252\n\000""; }; nodes {;   nodedata: ""\341\035\262xv\226\317f5\366\365\252a\177\355\302\326\t\222~j\320f\374/ \363\256\257\361 \303\001\301\025%1L\307\t\261\262z\374\222T\301\274V\236\223\262\270Ct\362\337b\356\024*\324\320\351\317\002k\336\234\027v\351\217\260\303\360\233ZPZWr\246$w\313\313\r\243r\232\2234\373\3539:N\004;tP\302\307\005x\n\302lQ\275\237<g\321\233$\274p\355\310J\230\370\306\264\314\367C\275\272\006E\344\037@\210\363\010\336T\226\247'\204_{\261\370""1\235\2445\343\033Y!\212\201\341\272\225'\007b\010\217Q\330\226\225+\355\377\350\246\201\221N""^:\025H\006^\027\n\0169\014\340\275\277\264-\013\003""; }; nodes {;   nodedata: ""\263O\327&O\344\301\265\311_""j\216\325\325\t1\303a\007\256\336!\306\235\247\276\266\267b\341\204\0003(\332\236\377bF\234\321\247\022=w\310Wh\2632\2767H*\314\324\275V\272\370([\370\247\004\336\3345\\342]s\221\233\2662\224\020\253dw\035\210\370\313\367\255'>c\202\024\264-\032\257\375\n\003""; }; "
1750527531248,1750527531248,4000,1,2,3,TMGetLedger,"itype: liTS_CANDIDATE; ledgerHash: ""[\000\302\314\326\214\276@c\240\272\222{\363\314\032\213\311\316\246/\330\302\014>\022\346\234\347\264\270\350""; nodeIDs: ""\000\000\000\000\000\000\000\000\000\000\000\000\000\000\000\000\000\000\000\000\000\000\000\000\000\000\000\000\000\000\000\000\000""; queryType: qtINDIRECT; queryDepth: 3; ","itype: liTS_CANDIDATE; ledgerHash: ""[\000\302\314\326\214\276@c\240\272\222{\363\314\032\213\311\316\246/\330\302\014>\022\346\234\347\264\270\350""; nodeIDs: ""\000\000\000\000\000\000\000\000\000\000\000\000\000\000\000\000\000\000\000\000\000\000\000\000\000\000\000\000\000\000\000\000\000""; queryType: qtINDIRECT; queryDepth: 3; "
1750527531249,1750527531249,3719,1,2,4,TMGetLedger,"itype: liTS_CANDIDATE; ledgerHash: ""[\000\302\314\326\214\276@c\240\272\222{\363\314\032\213\311\316\246/\330\302\014>\022\346\234\347\264\270\350""; nodeIDs: ""\000\000\000\000\000\000\000\000\000\000\000\000\000\000\000\000\000\000\000\000\000\000\000\000\000\000\000\000\000\000\000\000\000""; queryType: qtINDIRECT; queryDepth: 3; ","itype: liTS_CANDIDATE; ledgerHash: ""[\000\302\314\326\214\276@c\240\272\222{\363\314\032\213\311\316\246/\330\302\014>\022\346\234\347\264\270\350""; nodeIDs: ""\000\000\000\000\000\000\000\000\000\000\000\000\000\000\000\000\000\000\000\000\000\000\000\000\000\000\000\000\000\000\000\000\000""; queryType: qtINDIRECT; queryDepth: 3; "
1750527531249,1750527531249,1544,1,2,1,TMGetLedger,"itype: liTS_CANDIDATE; ledgerHash: ""[\000\302\314\326\214\276@c\240\272\222{\363\314\032\213\311\316\246/\330\302\014>\022\346\234\347\264\270\350""; nodeIDs: ""\000\000\000\000\000\000\000\000\000\000\000\000\000\000\000\000\000\000\000\000\000\000\000\000\000\000\000\000\000\000\000\000\000""; queryType: qtINDIRECT; queryDepth: 3; ","itype: liTS_CANDIDATE; ledgerHash: ""[\000\302\314\326\214\276@c\240\272\222{\363\314\032\213\311\316\246/\330\302\014>\022\346\234\347\264\270\350""; nodeIDs: ""\000\000\000\000\000\000\000\000\000\000\000\000\000\000\000\000\000\000\000\000\000\000\000\000\000\000\000\000\000\000\000\000\000""; queryType: qtINDIRECT; queryDepth: 3; "
1750527531258,1750527531258,3810,1,1,4,TMGetLedger,"itype: liTS_CANDIDATE; ledgerHash: ""[\000\302\314\326\214\276@c\240\272\222{\363\314\032\213\311\316\246/\330\302\014>\022\346\234\347\264\270\350""; nodeIDs: ""\000\000\000\000\000\000\000\000\000\000\000\000\000\000\000\000\000\000\000\000\000\000\000\000\000\000\000\000\000\000\000\000\000""; requestCookie: 4; queryType: qtINDIRECT; queryDepth: 3; ","itype: liTS_CANDIDATE; ledgerHash: ""[\000\302\314\326\214\276@c\240\272\222{\363\314\032\213\311\316\246/\330\302\014>\022\346\234\347\264\270\350""; nodeIDs: ""\000\000\000\000\000\000\000\000\000\000\000\000\000\000\000\000\000\000\000\000\000\000\000\000\000\000\000\000\000\000\000\000\000""; requestCookie: 4; queryType: qtINDIRECT; queryDepth: 3; "
1750527531261,1750527531261,2920,1,1,0,TMGetLedger,"itype: liTS_CANDIDATE; ledgerHash: ""\310\200l\322\255\214\342'\243\202\375k%_\335\032N\021G\005\230\271\366~%e\366\202l^\rR""; nodeIDs: ""\000\000\000\000\000\000\000\000\000\000\000\000\000\000\000\000\000\000\000\000\000\000\000\000\000\000\000\000\000\000\000\000\000""; requestCookie: 5; queryType: qtINDIRECT; queryDepth: 3; ","itype: liTS_CANDIDATE; ledgerHash: ""\310\200l\322\255\214\342'\243\202\375k%_\335\032N\021G\005\230\271\366~%e\366\202l^\rR""; nodeIDs: ""\000\000\000\000\000\000\000\000\000\000\000\000\000\000\000\000\000\000\000\000\000\000\000\000\000\000\000\000\000\000\000\000\000""; requestCookie: 5; queryType: qtINDIRECT; queryDepth: 3; "
1750527531262,1750527531262,3810,1,1,4,TMGetLedger,"itype: liTS_CANDIDATE; ledgerHash: ""[\000\302\314\326\214\276@c\240\272\222{\363\314\032\213\311\316\246/\330\302\014>\022\346\234\347\264\270\350""; nodeIDs: ""\000\000\000\000\000\000\000\000\000\000\000\000\000\000\000\000\000\000\000\000\000\000\000\000\000\000\000\000\000\000\000\000\000""; queryType: qtINDIRECT; queryDepth: 3; ","itype: liTS_CANDIDATE; ledgerHash: ""[\000\302\314\326\214\276@c\240\272\222{\363\314\032\213\311\316\246/\330\302\014>\022\346\234\347\264\270\350""; nodeIDs: ""\000\000\000\000\000\000\000\000\000\000\000\000\000\000\000\000\000\000\000\000\000\000\000\000\000\000\000\000\000\000\000\000\000""; queryType: qtINDIRECT; queryDepth: 3; "
1750527531262,1750527531262,3769,1,1,3,TMGetLedger,"itype: liTS_CANDIDATE; ledgerHash: ""[\000\302\314\326\214\276@c\240\272\222{\363\314\032\213\311\316\246/\330\302\014>\022\346\234\347\264\270\350""; nodeIDs: ""\000\000\000\000\000\000\000\000\000\000\000\000\000\000\000\000\000\000\000\000\000\000\000\000\000\000\000\000\000\000\000\000\000""; queryType: qtINDIRECT; queryDepth: 3; ","itype: liTS_CANDIDATE; ledgerHash: ""[\000\302\314\326\214\276@c\240\272\222{\363\314\032\213\311\316\246/\330\302\014>\022\346\234\347\264\270\350""; nodeIDs: ""\000\000\000\000\000\000\000\000\000\000\000\000\000\000\000\000\000\000\000\000\000\000\000\000\000\000\000\000\000\000\000\000\000""; queryType: qtINDIRECT; queryDepth: 3; "
1750527531263,1750527531263,2920,1,1,0,TMGetLedger,"itype: liTS_CANDIDATE; ledgerHash: ""[\000\302\314\326\214\276@c\240\272\222{\363\314\032\213\311\316\246/\330\302\014>\022\346\234\347\264\270\350""; nodeIDs: ""\000\000\000\000\000\000\000\000\000\000\000\000\000\000\000\000\000\000\000\000\000\000\000\000\000\000\000\000\000\000\000\000\000""; queryType: qtINDIRECT; queryDepth: 3; ","itype: liTS_CANDIDATE; ledgerHash: ""[\000\302\314\326\214\276@c\240\272\222{\363\314\032\213\311\316\246/\330\302\014>\022\346\234\347\264\270\350""; nodeIDs: ""\000\000\000\000\000\000\000\000\000\000\000\000\000\000\000\000\000\000\000\000\000\000\000\000\000\000\000\000\000\000\000\000\000""; queryType: qtINDIRECT; queryDepth: 3; "
1750527531263,1750527531263,3378,1,4,0,TMLedgerData,"ledgerHash: ""[\000\302\314\326\214\276@c\240\272\222{\363\314\032\213\311\316\246/\330\302\014>\022\346\234\347\264\270\350""; ledgerSeq: 0; type: liTS_CANDIDATE; nodes {;   nodedata: ""\002i\361\030\371\256\265\036\320\273\013\357<\215/(\215[\231D\357Gd\372\270\316\261\301\342\327\225\241\000GZ\227\022t\201\240u\2324P\027\307M\337'Y\361[IAD\351\374!\232\005\337\376\252\251g\004\003"";   nodeid: ""\000\000\000\000\000\000\000\000\000\000\000\000\000\000\000\000\000\000\000\000\000\000\000\000\000\000\000\000\000\000\000\000\000""; }; ","ledgerHash: ""[\000\302\314\326\214\276@c\240\272\222{\363\314\032\213\311\316\246/\330\302\014>\022\346\234\347\264\270\350""; ledgerSeq: 0; type: liTS_CANDIDATE; nodes {;   nodedata: ""\002i\361\030\371\256\265\036\320\273\013\357<\215/(\215[\231D\357Gd\372\270\316\261\301\342\327\225\241\000GZ\227\022t\201\240u\2324P\027\307M\337'Y\361[IAD\351\374!\232\005\337\376\252\251g\004\003"";   nodeid: ""\000\000\000\000\000\000\000\000\000\000\000\000\000\000\000\000\000\000\000\000\000\000\000\000\000\000\000\000\000\000\000\000\000""; }; "
1750527531262,1750527531262,1495,1,1,2,TMGetLedger,"itype: liTS_CANDIDATE; ledgerHash: ""[\000\302\314\326\214\276@c\240\272\222{\363\314\032\213\311\316\246/\330\302\014>\022\346\234\347\264\270\350""; nodeIDs: ""\000\000\000\000\000\000\000\000\000\000\000\000\000\000\000\000\000\000\000\000\000\000\000\000\000\000\000\000\000\000\000\000\000""; queryType: qtINDIRECT; queryDepth: 3; ","itype: liTS_CANDIDATE; ledgerHash: ""[\000\302\314\326\214\276@c\240\272\222{\363\314\032\213\311\316\246/\330\302\014>\022\346\234\347\264\270\350""; nodeIDs: ""\000\000\000\000\000\000\000\000\000\000\000\000\000\000\000\000\000\000\000\000\000\000\000\000\000\000\000\000\000\000\000\000\000""; queryType: qtINDIRECT; queryDepth: 3; "
1750527531265,1750527531265,1996,1,0,4,TMLedgerData,"ledgerHash: ""'\274\220\233\332\373\335\027\332I\377y`\224\260\350-\215\335\267[\036\265\265\252`\026&\030{\362\363""; ledgerSeq: 0; type: liTS_CANDIDATE; nodes {;   nodedata: ""\002i\361\030\371\256\265\036\320\273\013\357<\215/(\215[\231D\357Gd\372\270\316\261\301\342\327\225\241\000GZ\227\022t\201\240u\2324P\027\307M\337'Y\361[IAD\351\374!\232\005\337\376\252\251g\004\240\231\202k\030<\225\205;%\337\001\376d\216V\310\306k>\373\322\372\353b\3659\350\345\324F\026\n\003"";   nodeid: ""\000\000\000\000\000\000\000\000\000\000\000\000\000\000\000\000\000\000\000\000\000\000\000\000\000\000\000\000\000\000\000\000\000""; }; ","ledgerHash: ""'\274\220\233\332\373\335\027\332I\377y`\224\260\350-\215\335\267[\036\265\265\252`\026&\030{\362\363""; ledgerSeq: 0; type: liTS_CANDIDATE; nodes {;   nodedata: ""\002i\361\030\371\256\265\036\320\273\013\357<\215/(\215[\231D\357Gd\372\270\316\261\301\342\327\225\241\000GZ\227\022t\201\240u\2324P\027\307M\337'Y\361[IAD\351\374!\232\005\337\376\252\251g\004\240\231\202k\030<\225\205;%\337\001\376d\216V\310\306k>\373\322\372\353b\3659\350\345\324F\026\n\003"";   nodeid: ""\000\000\000\000\000\000\000\000\000\000\000\000\000\000\000\000\000\000\000\000\000\000\000\000\000\000\000\000\000\000\000\000\000""; }; "
1750527531271,1750527531271,3818,1,0,2,TMLedgerData,"ledgerHash: ""\310\200l\322\255\214\342'\243\202\375k%_\335\032N\021G\005\230\271\366~%e\366\202l^\rR""; ledgerSeq: 0; type: liTS_CANDIDATE; nodes {;   nodedata: ""GZ\227\022t\201\240u\2324P\027\307M\337'Y\361[IAD\351\374!\232\005\337\376\252\251g\004\003"";   nodeid: ""\000\000\000\000\000\000\000\000\000\000\000\000\000\000\000\000\000\000\000\000\000\000\000\000\000\000\000\000\000\000\000\000\000""; }; requestCookie: 4; ","ledgerHash: ""\310\200l\322\255\214\342'\243\202\375k%_\335\032N\021G\005\230\271\366~%e\366\202l^\rR""; ledgerSeq: 0; type: liTS_CANDIDATE; nodes {;   nodedata: ""GZ\227\022t\201\240u\2324P\027\307M\337'Y\361[IAD\351\374!\232\005\337\376\252\251g\004\003"";   nodeid: ""\000\000\000\000\000\000\000\000\000\000\000\000\000\000\000\000\000\000\000\000\000\000\000\000\000\000\000\000\000\000\000\000\000""; }; requestCookie: 4; "
1750527531286,1750527531286,589,1,2,0,TMGetLedger,"itype: liTS_CANDIDATE; ledgerHash: ""[\000\302\314\326\214\276@c\240\272\222{\363\314\032\213\311\316\246/\330\302\014>\022\346\234\347\264\270\350""; nodeIDs: ""\000\000\000\000\000\000\000\000\000\000\000\000\000\000\000\000\000\000\000\000\000\000\000\000\000\000\000\000\000\000\000\000\000""; queryType: qtINDIRECT; queryDepth: 3; ","itype: liTS_CANDIDATE; ledgerHash: ""[\000\302\314\326\214\276@c\240\272\222{\363\314\032\213\311\316\246/\330\302\014>\022\346\234\347\264\270\350""; nodeIDs: ""\000\000\000\000\000\000\000\000\000\000\000\000\000\000\000\000\000\000\000\000\000\000\000\000\000\000\000\000\000\000\000\000\000""; queryType: qtINDIRECT; queryDepth: 3; "
1750527531309,1750527531309,380,1,0,4,TMGetLedger,"itype: liTS_CANDIDATE; ledgerHash: ""[\000\302\314\326\214\276@c\240\272\222{\363\314\032\213\311\316\246/\330\302\014>\022\346\234\347\264\270\350""; nodeIDs: ""\000\000\000\000\000\000\000\000\000\000\000\000\000\000\000\000\000\000\000\000\000\000\000\000\000\000\000\000\000\000\000\000\000""; requestCookie: 4; queryType: qtINDIRECT; queryDepth: 3; ","itype: liTS_CANDIDATE; ledgerHash: ""[\000\302\314\326\214\276@c\240\272\222{\363\314\032\213\311\316\246/\330\302\014>\022\346\234\347\264\270\350""; nodeIDs: ""\000\000\000\000\000\000\000\000\000\000\000\000\000\000\000\000\000\000\000\000\000\000\000\000\000\000\000\000\000\000\000\000\000""; requestCookie: 4; queryType: qtINDIRECT; queryDepth: 3; "
1750527531330,1750527531330,3719,1,2,4,TMGetLedger,"itype: liTS_CANDIDATE; ledgerHash: ""[\000\302\314\326\214\276@c\240\272\222{\363\314\032\213\311\316\246/\330\302\014>\022\346\234\347\264\270\350""; nodeIDs: ""\000\000\000\000\000\000\000\000\000\000\000\000\000\000\000\000\000\000\000\000\000\000\000\000\000\000\000\000\000\000\000\000\000""; requestCookie: 2; queryType: qtINDIRECT; queryDepth: 3; ","itype: liTS_CANDIDATE; ledgerHash: ""[\000\302\314\326\214\276@c\240\272\222{\363\314\032\213\311\316\246/\330\302\014>\022\346\234\347\264\270\350""; nodeIDs: ""\000\000\000\000\000\000\000\000\000\000\000\000\000\000\000\000\000\000\000\000\000\000\000\000\000\000\000\000\000\000\000\000\000""; requestCookie: 2; queryType: qtINDIRECT; queryDepth: 3; "
1750527531337,1750527531337,380,1,0,4,TMGetLedger,"itype: liTS_CANDIDATE; ledgerHash: ""[\000\302\314\326\214\276@c\240\272\222{\363\314\032\213\311\316\246/\330\302\014>\022\346\234\347\264\270\350""; nodeIDs: ""\000\000\000\000\000\000\000\000\000\000\000\000\000\000\000\000\000\000\000\000\000\000\000\000\000\000\000\000\000\000\000\000\000""; requestCookie: 3; queryType: qtINDIRECT; queryDepth: 3; ","itype: liTS_CANDIDATE; ledgerHash: ""[\000\302\314\326\214\276@c\240\272\222{\363\314\032\213\311\316\246/\330\302\014>\022\346\234\347\264\270\350""; nodeIDs: ""\000\000\000\000\000\000\000\000\000\000\000\000\000\000\000\000\000\000\000\000\000\000\000\000\000\000\000\000\000\000\000\000\000""; requestCookie: 3; queryType: qtINDIRECT; queryDepth: 3; "
1750527531338,1750527531339,1996,1,0,4,TMLedgerData,"ledgerHash: ""\310\200l\322\255\214\342'\243\202\375k%_\335\032N\021G\005\230\271\366~%e\366\202l^\rR""; ledgerSeq: 0; type: liTS_CANDIDATE; nodes {;   nodedata: ""GZ\227\022t\201\240u\2324P\027\307M\337'Y\361[IAD\351\374!\232\005\337\376\252\251g\004\003"";   nodeid: ""\000\000\000\000\000\000\000\000\000\000\000\000\000\000\000\000\000\000\000\000\000\000\000\000\000\000\000\000\000\000\000\000\000""; }; requestCookie: 4; ","ledgerHash: ""\310\200l\322\255\214\342'\243\202\375k%_\335\032N\021G\005\230\271\366~%e\366\202l^\rR""; ledgerSeq: 0; type: liTS_CANDIDATE; nodes {;   nodedata: ""GZ\227\022t\201\240u\2324P\027\307M\337'Y\361[IAD\351\374!\232\005\337\376\252\251g\004\003"";   nodeid: ""\000\000\000\000\000\000\000\000\000\000\000\000\000\000\000\000\000\000\000\000\000\000\000\000\000\000\000\000\000\000\000\000\000""; }; requestCookie: 4; "
1750527531342,1750527531342,1996,1,0,4,TMLedgerData,"ledgerHash: ""\310\200l\322\255\214\342'\243\202\375k%_\335\032N\021G\005\230\271\366~%e\366\202l^\rR""; ledgerSeq: 0; type: liTS_CANDIDATE; nodes {;   nodedata: ""GZ\227\022t\201\240u\2324P\027\307M\337'Y\361[IAD\351\374!\232\005\337\376\252\251g\004\003"";   nodeid: ""\000\000\000\000\000\000\000\000\000\000\000\000\000\000\000\000\000\000\000\000\000\000\000\000\000\000\000\000\000\000\000\000\000""; }; ","ledgerHash: ""\310\200l\322\255\214\342'\243\202\375k%_\335\032N\021G\005\230\271\366~%e\366\202l^\rR""; ledgerSeq: 0; type: liTS_CANDIDATE; nodes {;   nodedata: ""GZ\227\022t\201\240u\2324P\027\307M\337'Y\361[IAD\351\374!\232\005\337\376\252\251g\004\003"";   nodeid: ""\000\000\000\000\000\000\000\000\000\000\000\000\000\000\000\000\000\000\000\000\000\000\000\000\000\000\000\000\000\000\000\000\000""; }; "
1750527531351,1750527531351,723,1,2,3,TMValidation,"validation: """"\200\000\000\001&\000\000\000\005)/\351\252\252:\r\302\353\023?\373\240rQ\331]\036\237\306o!\223\221\002\324\031\262\240R\177 ,\214\325\Q])\016\2067\277\t\354\010\000P\027'\274\220\233\332\373\335\027\332I\377y`\224\260\350-\215\335\267[\036\265\265\252`\026&\030{\362\363P\031\265\024\321\362\354\211\250.\234s\225amc\305\035\366\276\037nD\277`\210\223N\3535\033\261\304fs!\003R7o\362bV\300hf\266\241;}\200^\374\240\203[:\342Q\225\221\027y\372\255\235\216\323~vF0D\002 \t+h\355\361M\370|ia\205m\375\031iM\d\325\246\356\000|\320O\230z\027\024<\217\004\002 E\244G\326\253B\316\225\016\256\260P\243\351i\316\371\355E\367\351\266;\347\232\257\003\223\017w\270\204""; ","validation: """"\200\000\000\001&\000\000\000\005)/\351\252\252:\r\302\353\023?\373\240rQ\331]\036\237\306o!\223\221\002\324\031\262\240R\177 ,\214\325\Q])\016\2067\277\t\354\010\000P\027'\274\220\233\332\373\335\027\332I\377y`\224\260\350-\215\335\267[\036\265\265\252`\026&\030{\362\363P\031\265\024\321\362\354\211\250.\234s\225amc\305\035\366\276\037nD\277`\210\223N\3535\033\261\304fs!\003R7o\362bV\300hf\266\241;}\200^\374\240\203[:\342Q\225\221\027y\372\255\235\216\323~vF0D\002 \t+h\355\361M\370|ia\205m\375\031iM\d\325\246\356\000|\320O\230z\027\024<\217\004\002 E\244G\326\253B\316\225\016\256\260P\243\351i\316\371\355E\367\351\266;\347\232\257\003\223\017w\270\204""; "
1750527531351,1750527531351,446,1,2,0,TMValidation,"validation: """"\200\000\000\001&\000\000\000\005)/\351\252\252:\r\302\353\023?\373\240rQ\331]\036\237\306o!\223\221\002\324\031\262\240R\177 ,\214\325\Q])\016\2067\277\t\354\010\000P\027'\274\220\233\332\373\335\027\332I\377y`\224\260\350-\215\335\267[\036\265\265\252`\026&\030{\362\363P\031\265\024\321\362\354\211\250.\234s\225amc\305\035\366\276\037nD\277`\210\223N\3535\033\261\304fs!\003R7o\362bV\300hf\266\241;}\200^\374\240\203[:\342Q\225\221\027y\372\255\235\216\323~vF0D\002 \t+h\355\361M\370|ia\205m\375\031iM\d\325\246\356\000|\320O\230z\027\024<\217\004\002 E\244G\326\253B\316\225\016\256\260P\243\351i\316\371\355E\367\351\266;\347\232\257\003\223\017w\270\204""; ","validation: """"\200\000\000\001&\000\000\000\005)/\351\252\252:\r\302\353\023?\373\240rQ\331]\036\237\306o!\223\221\002\324\031\262\240R\177 ,\214\325\Q])\016\2067\277\t\354\010\000P\027'\274\220\233\332\373\335\027\332I\377y`\224\260\350-\215\335\267[\036\265\265\252`\026&\030{\362\363P\031\265\024\321\362\354\211\250.\234s\225amc\305\035\366\276\037nD\277`\210\223N\3535\033\261\304fs!\003R7o\362bV\300hf\266\241;}\200^\374\240\203[:\342Q\225\221\027y\372\255\235\216\323~vF0D\002 \t+h\355\361M\370|ia\205m\375\031iM\d\325\246\356\000|\320O\230z\027\024<\217\004\002 E\244G\326\253B\316\225\016\256\260P\243\351i\316\371\355E\367\351\266;\347\232\257\003\223\017w\270\204""; "
1750527531352,1750527531352,340,1,2,1,TMValidation,"validation: """"\200\000\000\001&\000\000\000\005)/\351\252\252:\r\302\353\023?\373\240rQ\331]\036\237\306o!\223\221\002\324\031\262\240R\177 ,\214\325\Q])\016\2067\277\t\354\010\000P\027'\274\220\233\332\373\335\027\332I\377y`\224\260\350-\215\335\267[\036\265\265\252`\026&\030{\362\363P\031\265\024\321\362\354\211\250.\234s\225amc\305\035\366\276\037nD\277`\210\223N\3535\033\261\304fs!\003R7o\362bV\300hf\266\241;}\200^\374\240\203[:\342Q\225\221\027y\372\255\235\216\323~vF0D\002 \t+h\355\361M\370|ia\205m\375\031iM\d\325\246\356\000|\320O\230z\027\024<\217\004\002 E\244G\326\253B\316\225\016\256\260P\243\351i\316\371\355E\367\351\266;\347\232\257\003\223\017w\270\204""; ","validation: """"\200\000\000\001&\000\000\000\005)/\351\252\252:\r\302\353\023?\373\240rQ\331]\036\237\306o!\223\221\002\324\031\262\240R\177 ,\214\325\Q])\016\2067\277\t\354\010\000P\027'\274\220\233\332\373\335\027\332I\377y`\224\260\350-\215\335\267[\036\265\265\252`\026&\030{\362\363P\031\265\024\321\362\354\211\250.\234s\225amc\305\035\366\276\037nD\277`\210\223N\3535\033\261\304fs!\003R7o\362bV\300hf\266\241;}\200^\374\240\203[:\342Q\225\221\027y\372\255\235\216\323~vF0D\002 \t+h\355\361M\370|ia\205m\375\031iM\d\325\246\356\000|\320O\230z\027\024<\217\004\002 E\244G\326\253B\316\225\016\256\260P\243\351i\316\371\355E\367\351\266;\347\232\257\003\223\017w\270\204""; "
1750527531368,1750527531368,3378,1,4,0,TMLedgerData,"ledgerHash: ""'\274\220\233\332\373\335\027\332I\377y`\224\260\350-\215\335\267[\036\265\265\252`\026&\030{\362\363""; ledgerSeq: 0; type: liTS_CANDIDATE; nodes {;   nodedata: ""\002i\361\030\371\256\265\036\320\273\013\357<\215/(\215[\231D\357Gd\372\270\316\261\301\342\327\225\241\000GZ\227\022t\201\240u\2324P\027\307M\337'Y\361[IAD\351\374!\232\005\337\376\252\251g\004\240\231\202k\030<\225\205;%\337\001\376d\216V\310\306k>\373\322\372\353b\3659\350\345\324F\026\n\003"";   nodeid: ""\000\000\000\000\000\000\000\000\000\000\000\000\000\000\000\000\000\000\000\000\000\000\000\000\000\000\000\000\000\000\000\000\000""; }; ","ledgerHash: ""'\274\220\233\332\373\335\027\332I\377y`\224\260\350-\215\335\267[\036\265\265\252`\026&\030{\362\363""; ledgerSeq: 0; type: liTS_CANDIDATE; nodes {;   nodedata: ""\002i\361\030\371\256\265\036\320\273\013\357<\215/(\215[\231D\357Gd\372\270\316\261\301\342\327\225\241\000GZ\227\022t\201\240u\2324P\027\307M\337'Y\361[IAD\351\374!\232\005\337\376\252\251g\004\240\231\202k\030<\225\205;%\337\001\376d\216V\310\306k>\373\322\372\353b\3659\350\345\324F\026\n\003"";   nodeid: ""\000\000\000\000\000\000\000\000\000\000\000\000\000\000\000\000\000\000\000\000\000\000\000\000\000\000\000\000\000\000\000\000\000""; }; "
1750527531379,1750527531380,3375,1,0,1,TMGetLedger,"itype: liTS_CANDIDATE; ledgerHash: ""[\000\302\314\326\214\276@c\240\272\222{\363\314\032\213\311\316\246/\330\302\014>\022\346\234\347\264\270\350""; nodeIDs: ""\000\000\000\000\000\000\000\000\000\000\000\000\000\000\000\000\000\000\000\000\000\000\000\000\000\000\000\000\000\000\000\000\000""; queryType: qtINDIRECT; queryDepth: 3; ","itype: liTS_CANDIDATE; ledgerHash: ""[\000\302\314\326\214\276@c\240\272\222{\363\314\032\213\311\316\246/\330\302\014>\022\346\234\347\264\270\350""; nodeIDs: ""\000\000\000\000\000\000\000\000\000\000\000\000\000\000\000\000\000\000\000\000\000\000\000\000\000\000\000\000\000\000\000\000\000""; queryType: qtINDIRECT; queryDepth: 3; "
1750527531380,1750527531380,3094,1,0,3,TMGetLedger,"itype: liTS_CANDIDATE; ledgerHash: ""[\000\302\314\326\214\276@c\240\272\222{\363\314\032\213\311\316\246/\330\302\014>\022\346\234\347\264\270\350""; nodeIDs: ""\000\000\000\000\000\000\000\000\000\000\000\000\000\000\000\000\000\000\000\000\000\000\000\000\000\000\000\000\000\000\000\000\000""; queryType: qtINDIRECT; queryDepth: 3; ","itype: liTS_CANDIDATE; ledgerHash: ""[\000\302\314\326\214\276@c\240\272\222{\363\314\032\213\311\316\246/\330\302\014>\022\346\234\347\264\270\350""; nodeIDs: ""\000\000\000\000\000\000\000\000\000\000\000\000\000\000\000\000\000\000\000\000\000\000\000\000\000\000\000\000\000\000\000\000\000""; queryType: qtINDIRECT; queryDepth: 3; "
1750527531380,1750527531380,1199,1,0,2,TMGetLedger,"itype: liTS_CANDIDATE; ledgerHash: ""[\000\302\314\326\214\276@c\240\272\222{\363\314\032\213\311\316\246/\330\302\014>\022\346\234\347\264\270\350""; nodeIDs: ""\000\000\000\000\000\000\000\000\000\000\000\000\000\000\000\000\000\000\000\000\000\000\000\000\000\000\000\000\000\000\000\000\000""; queryType: qtINDIRECT; queryDepth: 3; ","itype: liTS_CANDIDATE; ledgerHash: ""[\000\302\314\326\214\276@c\240\272\222{\363\314\032\213\311\316\246/\330\302\014>\022\346\234\347\264\270\350""; nodeIDs: ""\000\000\000\000\000\000\000\000\000\000\000\000\000\000\000\000\000\000\000\000\000\000\000\000\000\000\000\000\000\000\000\000\000""; queryType: qtINDIRECT; queryDepth: 3; "
1750527531386,1750527531386,380,1,0,4,TMGetLedger,"itype: liTS_CANDIDATE; ledgerHash: ""[\000\302\314\326\214\276@c\240\272\222{\363\314\032\213\311\316\246/\330\302\014>\022\346\234\347\264\270\350""; nodeIDs: ""\000\000\000\000\000\000\000\000\000\000\000\000\000\000\000\000\000\000\000\000\000\000\000\000\000\000\000\000\000\000\000\000\000""; queryType: qtINDIRECT; queryDepth: 3; ","itype: liTS_CANDIDATE; ledgerHash: ""[\000\302\314\326\214\276@c\240\272\222{\363\314\032\213\311\316\246/\330\302\014>\022\346\234\347\264\270\350""; nodeIDs: ""\000\000\000\000\000\000\000\000\000\000\000\000\000\000\000\000\000\000\000\000\000\000\000\000\000\000\000\000\000\000\000\000\000""; queryType: qtINDIRECT; queryDepth: 3; "
1750527531392,1750527531393,1212,1,2,4,TMLedgerData,"ledgerHash: ""'\274\220\233\332\373\335\027\332I\377y`\224\260\350-\215\335\267[\036\265\265\252`\026&\030{\362\363""; ledgerSeq: 0; type: liTS_CANDIDATE; nodes {;   nodedata: ""\002i\361\030\371\256\265\036\320\273\013\357<\215/(\215[\231D\357Gd\372\270\316\261\301\342\327\225\241\000GZ\227\022t\201\240u\2324P\027\307M\337'Y\361[IAD\351\374!\232\005\337\376\252\251g\004\240\231\202k\030<\225\205;%\337\001\376d\216V\310\306k>\373\322\372\353b\3659\350\345\324F\026\n\003"";   nodeid: ""\000\000\000\000\000\000\000\000\000\000\000\000\000\000\000\000\000\000\000\000\000\000\000\000\000\000\000\000\000\000\000\000\000""; }; ","ledgerHash: ""'\274\220\233\332\373\335\027\332I\377y`\224\260\350-\215\335\267[\036\265\265\252`\026&\030{\362\363""; ledgerSeq: 0; type: liTS_CANDIDATE; nodes {;   nodedata: ""\002i\361\030\371\256\265\036\320\273\013\357<\215/(\215[\231D\357Gd\372\270\316\261\301\342\327\225\241\000GZ\227\022t\201\240u\2324P\027\307M\337'Y\361[IAD\351\374!\232\005\337\376\252\251g\004\240\231\202k\030<\225\205;%\337\001\376d\216V\310\306k>\373\322\372\353b\3659\350\345\324F\026\n\003"";   nodeid: ""\000\000\000\000\000\000\000\000\000\000\000\000\000\000\000\000\000\000\000\000\000\000\000\000\000\000\000\000\000\000\000\000\000""; }; "
1750527531408,1750527531408,3787,1,3,2,TMProposeSet,"proposeSeq: 0; currentTxHash: ""\000\000\000\000\000\000\000\000\000\000\000\000\000\000\000\000\000\000\000\000\000\000\000\000\000\000\000\000\000\000\000\000""; nodePubKey: ""\002\364d\217\366\217|\316F\232\231\241\n\261\333`\312O\367\235\025DD\336e\367\n\312\326\221\037\025\230""; closeTime: 803842731; signature: ""0D\002 N\221\032Y@\241\215\007kfJ\224a\3632""\256\r!\275\235""5n\031\324\310\306\220\210\250\337\002 \025\034\342X\3669\347\036\312\003d5\367\373dY\353\247\320\t\321U\037Ao]\206~\254p\206J""; previousledger: ""\331]\036\237\306o!\223\221\002\324\031\262\240R\177 ,\214\325\Q])\016\2067\277\t\354\010\000""; ","proposeSeq: 0; currentTxHash: ""\000\000\000\000\000\000\000\000\000\000\000\000\000\000\000\000\000\000\000\000\000\000\000\000\000\000\000\000\000\000\000\000""; nodePubKey: ""\002\364d\217\366\217|\316F\232\231\241\n\261\333`\312O\367\235\025DD\336e\367\n\312\326\221\037\025\230""; closeTime: 803842731; signature: ""0D\002 N\221\032Y@\241\215\007kfJ\224a\3632""\256\r!\275\235""5n\031\324\310\306\220\210\250\337\002 \025\034\342X\3669\347\036\312\003d5\367\373dY\353\247\320\t\321U\037Ao]\206~\254p\206J""; previousledger: ""\331]\036\237\306o!\223\221\002\324\031\262\240R\177 ,\214\325\Q])\016\2067\277\t\354\010\000""; "
1750527531408,1750527531409,1272,1,3,4,TMProposeSet,"proposeSeq: 0; currentTxHash: ""\000\000\000\000\000\000\000\000\000\000\000\000\000\000\000\000\000\000\000\000\000\000\000\000\000\000\000\000\000\000\000\000""; nodePubKey: ""\002\364d\217\366\217|\316F\232\231\241\n\261\333`\312O\367\235\025DD\336e\367\n\312\326\221\037\025\230""; closeTime: 803842731; signature: ""0D\002 N\221\032Y@\241\215\007kfJ\224a\3632""\256\r!\275\235""5n\031\324\310\306\220\210\250\337\002 \025\034\342X\3669\347\036\312\003d5\367\373dY\353\247\320\t\321U\037Ao]\206~\254p\206J""; previousledger: ""\331]\036\237\306o!\223\221\002\324\031\262\240R\177 ,\214\325\Q])\016\2067\277\t\354\010\000""; ","proposeSeq: 0; currentTxHash: ""\000\000\000\000\000\000\000\000\000\000\000\000\000\000\000\000\000\000\000\000\000\000\000\000\000\000\000\000\000\000\000\000""; nodePubKey: ""\002\364d\217\366\217|\316F\232\231\241\n\261\333`\312O\367\235\025DD\336e\367\n\312\326\221\037\025\230""; closeTime: 803842731; signature: ""0D\002 N\221\032Y@\241\215\007kfJ\224a\3632""\256\r!\275\235""5n\031\324\310\306\220\210\250\337\002 \025\034\342X\3669\347\036\312\003d5\367\373dY\353\247\320\t\321U\037Ao]\206~\254p\206J""; previousledger: ""\331]\036\237\306o!\223\221\002\324\031\262\240R\177 ,\214\325\Q])\016\2067\277\t\354\010\000""; "
1750527531410,1750527531410,3830,1,3,1,TMProposeSet,"proposeSeq: 0; currentTxHash: ""\000\000\000\000\000\000\000\000\000\000\000\000\000\000\000\000\000\000\000\000\000\000\000\000\000\000\000\000\000\000\000\000""; nodePubKey: ""\002\364d\217\366\217|\316F\232\231\241\n\261\333`\312O\367\235\025DD\336e\367\n\312\326\221\037\025\230""; closeTime: 803842731; signature: ""0D\002 N\221\032Y@\241\215\007kfJ\224a\3632""\256\r!\275\235""5n\031\324\310\306\220\210\250\337\002 \025\034\342X\3669\347\036\312\003d5\367\373dY\353\247\320\t\321U\037Ao]\206~\254p\206J""; previousledger: ""\331]\036\237\306o!\223\221\002\324\031\262\240R\177 ,\214\325\Q])\016\2067\277\t\354\010\000""; ","proposeSeq: 0; currentTxHash: ""\000\000\000\000\000\000\000\000\000\000\000\000\000\000\000\000\000\000\000\000\000\000\000\000\000\000\000\000\000\000\000\000""; nodePubKey: ""\002\364d\217\366\217|\316F\232\231\241\n\261\333`\312O\367\235\025DD\336e\367\n\312\326\221\037\025\230""; closeTime: 803842731; signature: ""0D\002 N\221\032Y@\241\215\007kfJ\224a\3632""\256\r!\275\235""5n\031\324\310\306\220\210\250\337\002 \025\034\342X\3669\347\036\312\003d5\367\373dY\353\247\320\t\321U\037Ao]\206~\254p\206J""; previousledger: ""\331]\036\237\306o!\223\221\002\324\031\262\240R\177 ,\214\325\Q])\016\2067\277\t\354\010\000""; "
1750527531410,1750527531410,2201,1,3,0,TMProposeSet,"proposeSeq: 0; currentTxHash: ""\000\000\000\000\000\000\000\000\000\000\000\000\000\000\000\000\000\000\000\000\000\000\000\000\000\000\000\000\000\000\000\000""; nodePubKey: ""\002\364d\217\366\217|\316F\232\231\241\n\261\333`\312O\367\235\025DD\336e\367\n\312\326\221\037\025\230""; closeTime: 803842731; signature: ""0D\002 N\221\032Y@\241\215\007kfJ\224a\3632""\256\r!\275\235""5n\031\324\310\306\220\210\250\337\002 \025\034\342X\3669\347\036\312\003d5\367\373dY\353\247\320\t\321U\037Ao]\206~\254p\206J""; previousledger: ""\331]\036\237\306o!\223\221\002\324\031\262\240R\177 ,\214\325\Q])\016\2067\277\t\354\010\000""; ","proposeSeq: 0; currentTxHash: ""\000\000\000\000\000\000\000\000\000\000\000\000\000\000\000\000\000\000\000\000\000\000\000\000\000\000\000\000\000\000\000\000""; nodePubKey: ""\002\364d\217\366\217|\316F\232\231\241\n\261\333`\312O\367\235\025DD\336e\367\n\312\326\221\037\025\230""; closeTime: 803842731; signature: ""0D\002 N\221\032Y@\241\215\007kfJ\224a\3632""\256\r!\275\235""5n\031\324\310\306\220\210\250\337\002 \025\034\342X\3669\347\036\312\003d5\367\373dY\353\247\320\t\321U\037Ao]\206~\254p\206J""; previousledger: ""\331]\036\237\306o!\223\221\002\324\031\262\240R\177 ,\214\325\Q])\016\2067\277\t\354\010\000""; "
1750527531431,1750527531431,589,1,2,0,TMGetLedger,"itype: liTS_CANDIDATE; ledgerHash: ""\310\200l\322\255\214\342'\243\202\375k%_\335\032N\021G\005\230\271\366~%e\366\202l^\rR""; nodeIDs: ""\000\000\000\000\000\000\000\000\000\000\000\000\000\000\000\000\000\000\000\000\000\000\000\000\000\000\000\000\000\000\000\000\000""; requestCookie: 4; queryType: qtINDIRECT; queryDepth: 3; ","itype: liTS_CANDIDATE; ledgerHash: ""\310\200l\322\255\214\342'\243\202\375k%_\335\032N\021G\005\230\271\366~%e\366\202l^\rR""; nodeIDs: ""\000\000\000\000\000\000\000\000\000\000\000\000\000\000\000\000\000\000\000\000\000\000\000\000\000\000\000\000\000\000\000\000\000""; requestCookie: 4; queryType: qtINDIRECT; queryDepth: 3; "
1750527531434,1750527531434,1782,1,1,4,TMLedgerData,"ledgerHash: ""'\274\220\233\332\373\335\027\332I\377y`\224\260\350-\215\335\267[\036\265\265\252`\026&\030{\362\363""; ledgerSeq: 0; type: liTS_CANDIDATE; nodes {;   nodedata: ""\002i\361\030\371\256\265\036\320\273\013\357<\215/(\215[\231D\357Gd\372\270\316\261\301\342\327\225\241\000GZ\227\022t\201\240u\2324P\027\307M\337'Y\361[IAD\351\374!\232\005\337\376\252\251g\004\240\231\202k\030<\225\205;%\337\001\376d\216V\310\306k>\373\322\372\353b\3659\350\345\324F\026\n\003"";   nodeid: ""\000\000\000\000\000\000\000\000\000\000\000\000\000\000\000\000\000\000\000\000\000\000\000\000\000\000\000\000\000\000\000\000\000""; }; ","ledgerHash: ""'\274\220\233\332\373\335\027\332I\377y`\224\260\350-\215\335\267[\036\265\265\252`\026&\030{\362\363""; ledgerSeq: 0; type: liTS_CANDIDATE; nodes {;   nodedata: ""\002i\361\030\371\256\265\036\320\273\013\357<\215/(\215[\231D\357Gd\372\270\316\261\301\342\327\225\241\000GZ\227\022t\201\240u\2324P\027\307M\337'Y\361[IAD\351\374!\232\005\337\376\252\251g\004\240\231\202k\030<\225\205;%\337\001\376d\216V\310\306k>\373\322\372\353b\3659\350\345\324F\026\n\003"";   nodeid: ""\000\000\000\000\000\000\000\000\000\000\000\000\000\000\000\000\000\000\000\000\000\000\000\000\000\000\000\000\000\000\000\000\000""; }; "
1750527531436,1750527531436,612,1,2,0,TMLedgerData,"ledgerHash: ""'\274\220\233\332\373\335\027\332I\377y`\224\260\350-\215\335\267[\036\265\265\252`\026&\030{\362\363""; ledgerSeq: 0; type: liTS_CANDIDATE; nodes {;   nodedata: ""\002i\361\030\371\256\265\036\320\273\013\357<\215/(\215[\231D\357Gd\372\270\316\261\301\342\327\225\241\000GZ\227\022t\201\240u\2324P\027\307M\337'Y\361[IAD\351\374!\232\005\337\376\252\251g\004\240\231\202k\030<\225\205;%\337\001\376d\216V\310\306k>\373\322\372\353b\3659\350\345\324F\026\n\003"";   nodeid: ""\000\000\000\000\000\000\000\000\000\000\000\000\000\000\000\000\000\000\000\000\000\000\000\000\000\000\000\000\000\000\000\000\000""; }; ","ledgerHash: ""'\274\220\233\332\373\335\027\332I\377y`\224\260\350-\215\335\267[\036\265\265\252`\026&\030{\362\363""; ledgerSeq: 0; type: liTS_CANDIDATE; nodes {;   nodedata: ""\002i\361\030\371\256\265\036\320\273\013\357<\215/(\215[\231D\357Gd\372\270\316\261\301\342\327\225\241\000GZ\227\022t\201\240u\2324P\027\307M\337'Y\361[IAD\351\374!\232\005\337\376\252\251g\004\240\231\202k\030<\225\205;%\337\001\376d\216V\310\306k>\373\322\372\353b\3659\350\345\324F\026\n\003"";   nodeid: ""\000\000\000\000\000\000\000\000\000\000\000\000\000\000\000\000\000\000\000\000\000\000\000\000\000\000\000\000\000\000\000\000\000""; }; "
1750527531407,1750527531447,598,1,3,4,TMStatusChange,"newEvent: neCLOSING_LEDGER; ledgerSeq: 5; ledgerHash: ""\331]\036\237\306o!\223\221\002\324\031\262\240R\177 ,\214\325\Q])\016\2067\277\t\354\010\000""; ledgerHashPrevious: ""\265\024\321\362\354\211\250.\234s\225amc\305\035\366\276\037nD\277`\210\223N\3535\033\261\304f""; networkTime: 803842731; firstSeq: 1; lastSeq: 5; ","newEvent: neCLOSING_LEDGER; ledgerSeq: 5; ledgerHash: ""\331]\036\237\306o!\223\221\002\324\031\262\240R\177 ,\214\325\Q])\016\2067\277\t\354\010\000""; ledgerHashPrevious: ""\265\024\321\362\354\211\250.\234s\225amc\305\035\366\276\037nD\277`\210\223N\3535\033\261\304f""; networkTime: 803842731; firstSeq: 1; lastSeq: 5; "
1750527531409,1750527531447,1571,1,3,1,TMStatusChange,"newEvent: neCLOSING_LEDGER; ledgerSeq: 5; ledgerHash: ""\331]\036\237\306o!\223\221\002\324\031\262\240R\177 ,\214\325\Q])\016\2067\277\t\354\010\000""; ledgerHashPrevious: ""\265\024\321\362\354\211\250.\234s\225amc\305\035\366\276\037nD\277`\210\223N\3535\033\261\304f""; networkTime: 803842731; firstSeq: 1; lastSeq: 5; ","newEvent: neCLOSING_LEDGER; ledgerSeq: 5; ledgerHash: ""\331]\036\237\306o!\223\221\002\324\031\262\240R\177 ,\214\325\Q])\016\2067\277\t\354\010\000""; ledgerHashPrevious: ""\265\024\321\362\354\211\250.\234s\225amc\305\035\366\276\037nD\277`\210\223N\3535\033\261\304f""; networkTime: 803842731; firstSeq: 1; lastSeq: 5; "
1750527531408,1750527531447,3432,1,3,2,TMStatusChange,"newEvent: neCLOSING_LEDGER; ledgerSeq: 5; ledgerHash: ""\331]\036\237\306o!\223\221\002\324\031\262\240R\177 ,\214\325\Q])\016\2067\277\t\354\010\000""; ledgerHashPrevious: ""\265\024\321\362\354\211\250.\234s\225amc\305\035\366\276\037nD\277`\210\223N\3535\033\261\304f""; networkTime: 803842731; firstSeq: 1; lastSeq: 5; ","newEvent: neCLOSING_LEDGER; ledgerSeq: 5; ledgerHash: ""\331]\036\237\306o!\223\221\002\324\031\262\240R\177 ,\214\325\Q])\016\2067\277\t\354\010\000""; ledgerHashPrevious: ""\265\024\321\362\354\211\250.\234s\225amc\305\035\366\276\037nD\277`\210\223N\3535\033\261\304f""; networkTime: 803842731; firstSeq: 1; lastSeq: 5; "
1750527531410,1750527531448,3991,1,3,0,TMStatusChange,"newEvent: neCLOSING_LEDGER; ledgerSeq: 5; ledgerHash: ""\331]\036\237\306o!\223\221\002\324\031\262\240R\177 ,\214\325\Q])\016\2067\277\t\354\010\000""; ledgerHashPrevious: ""\265\024\321\362\354\211\250.\234s\225amc\305\035\366\276\037nD\277`\210\223N\3535\033\261\304f""; networkTime: 803842731; firstSeq: 1; lastSeq: 5; ","newEvent: neCLOSING_LEDGER; ledgerSeq: 5; ledgerHash: ""\331]\036\237\306o!\223\221\002\324\031\262\240R\177 ,\214\325\Q])\016\2067\277\t\354\010\000""; ledgerHashPrevious: ""\265\024\321\362\354\211\250.\234s\225amc\305\035\366\276\037nD\277`\210\223N\3535\033\261\304f""; networkTime: 803842731; firstSeq: 1; lastSeq: 5; "
1750527531449,1750527531449,2764,1,4,3,TMLedgerData,"ledgerHash: ""[\000\302\314\326\214\276@c\240\272\222{\363\314\032\213\311\316\246/\330\302\014>\022\346\234\347\264\270\350""; ledgerSeq: 0; type: liTS_CANDIDATE; nodes {;   nodedata: ""\002i\361\030\371\256\265\036\320\273\013\357<\215/(\215[\231D\357Gd\372\270\316\261\301\342\327\225\241\000GZ\227\022t\201\240u\2324P\027\307M\337'Y\361[IAD\351\374!\232\005\337\376\252\251g\004\003"";   nodeid: ""\000\000\000\000\000\000\000\000\000\000\000\000\000\000\000\000\000\000\000\000\000\000\000\000\000\000\000\000\000\000\000\000\000""; }; ","ledgerHash: ""[\000\302\314\326\214\276@c\240\272\222{\363\314\032\213\311\316\246/\330\302\014>\022\346\234\347\264\270\350""; ledgerSeq: 0; type: liTS_CANDIDATE; nodes {;   nodedata: ""\002i\361\030\371\256\265\036\320\273\013\357<\215/(\215[\231D\357Gd\372\270\316\261\301\342\327\225\241\000GZ\227\022t\201\240u\2324P\027\307M\337'Y\361[IAD\351\374!\232\005\337\376\252\251g\004\003"";   nodeid: ""\000\000\000\000\000\000\000\000\000\000\000\000\000\000\000\000\000\000\000\000\000\000\000\000\000\000\000\000\000\000\000\000\000""; }; "
1750527531454,1750527531454,3830,1,3,1,TMProposeSet,"proposeSeq: 0; currentTxHash: ""\000\000\000\000\000\000\000\000\000\000\000\000\000\000\000\000\000\000\000\000\000\000\000\000\000\000\000\000\000\000\000\000""; nodePubKey: ""\002\266\377\271\344:\030\221i\267\257\215\237M\014\3345f\014\273|\207\367\334\337F\325\004cxB\211L""; closeTime: 803842730; signature: ""0D\002 C\221a\341\007A\222\254\345L\347\3361rI\236\231@\234\212\315\277\014M\205A\025\377\204\210\365\t\002 zQ\204\315Q\2266\323.\205\357\246\356\0331\232c\205\354\312\301`\333.[+^M?\316\256\205""; previousledger: ""\331]\036\237\306o!\223\221\002\324\031\262\240R\177 ,\214\325\Q])\016\2067\277\t\354\010\000""; ","proposeSeq: 0; currentTxHash: ""\000\000\000\000\000\000\000\000\000\000\000\000\000\000\000\000\000\000\000\000\000\000\000\000\000\000\000\000\000\000\000\000""; nodePubKey: ""\002\266\377\271\344:\030\221i\267\257\215\237M\014\3345f\014\273|\207\367\334\337F\325\004cxB\211L""; closeTime: 803842730; signature: ""0D\002 C\221a\341\007A\222\254\345L\347\3361rI\236\231@\234\212\315\277\014M\205A\025\377\204\210\365\t\002 zQ\204\315Q\2266\323.\205\357\246\356\0331\232c\205\354\312\301`\333.[+^M?\316\256\205""; previousledger: ""\331]\036\237\306o!\223\221\002\324\031\262\240R\177 ,\214\325\Q])\016\2067\277\t\354\010\000""; "
1750527531454,1750527531455,3787,1,3,2,TMProposeSet,"proposeSeq: 0; currentTxHash: ""\000\000\000\000\000\000\000\000\000\000\000\000\000\000\000\000\000\000\000\000\000\000\000\000\000\000\000\000\000\000\000\000""; nodePubKey: ""\002\266\377\271\344:\030\221i\267\257\215\237M\014\3345f\014\273|\207\367\334\337F\325\004cxB\211L""; closeTime: 803842730; signature: ""0D\002 C\221a\341\007A\222\254\345L\347\3361rI\236\231@\234\212\315\277\014M\205A\025\377\204\210\365\t\002 zQ\204\315Q\2266\323.\205\357\246\356\0331\232c\205\354\312\301`\333.[+^M?\316\256\205""; previousledger: ""\331]\036\237\306o!\223\221\002\324\031\262\240R\177 ,\214\325\Q])\016\2067\277\t\354\010\000""; ","proposeSeq: 0; currentTxHash: ""\000\000\000\000\000\000\000\000\000\000\000\000\000\000\000\000\000\000\000\000\000\000\000\000\000\000\000\000\000\000\000\000""; nodePubKey: ""\002\266\377\271\344:\030\221i\267\257\215\237M\014\3345f\014\273|\207\367\334\337F\325\004cxB\211L""; closeTime: 803842730; signature: ""0D\002 C\221a\341\007A\222\254\345L\347\3361rI\236\231@\234\212\315\277\014M\205A\025\377\204\210\365\t\002 zQ\204\315Q\2266\323.\205\357\246\356\0331\232c\205\354\312\301`\333.[+^M?\316\256\205""; previousledger: ""\331]\036\237\306o!\223\221\002\324\031\262\240R\177 ,\214\325\Q])\016\2067\277\t\354\010\000""; "
1750527531456,1750527531456,2201,1,3,0,TMProposeSet,"proposeSeq: 0; currentTxHash: ""\000\000\000\000\000\000\000\000\000\000\000\000\000\000\000\000\000\000\000\000\000\000\000\000\000\000\000\000\000\000\000\000""; nodePubKey: ""\002\266\377\271\344:\030\221i\267\257\215\237M\014\3345f\014\273|\207\367\334\337F\325\004cxB\211L""; closeTime: 803842730; signature: ""0D\002 C\221a\341\007A\222\254\345L\347\3361rI\236\231@\234\212\315\277\014M\205A\025\377\204\210\365\t\002 zQ\204\315Q\2266\323.\205\357\246\356\0331\232c\205\354\312\301`\333.[+^M?\316\256\205""; previousledger: ""\331]\036\237\306o!\223\221\002\324\031\262\240R\177 ,\214\325\Q])\016\2067\277\t\354\010\000""; ","proposeSeq: 0; currentTxHash: ""\000\000\000\000\000\000\000\000\000\000\000\000\000\000\000\000\000\000\000\000\000\000\000\000\000\000\000\000\000\000\000\000""; nodePubKey: ""\002\266\377\271\344:\030\221i\267\257\215\237M\014\3345f\014\273|\207\367\334\337F\325\004cxB\211L""; closeTime: 803842730; signature: ""0D\002 C\221a\341\007A\222\254\345L\347\3361rI\236\231@\234\212\315\277\014M\205A\025\377\204\210\365\t\002 zQ\204\315Q\2266\323.\205\357\246\356\0331\232c\205\354\312\301`\333.[+^M?\316\256\205""; previousledger: ""\331]\036\237\306o!\223\221\002\324\031\262\240R\177 ,\214\325\Q])\016\2067\277\t\354\010\000""; "
1750527531469,1750527531469,4000,1,2,3,TMGetLedger,"itype: liTS_CANDIDATE; ledgerHash: ""\310\200l\322\255\214\342'\243\202\375k%_\335\032N\021G\005\230\271\366~%e\366\202l^\rR""; nodeIDs: ""\000\000\000\000\000\000\000\000\000\000\000\000\000\000\000\000\000\000\000\000\000\000\000\000\000\000\000\000\000\000\000\000\000""; requestCookie: 5; queryType: qtINDIRECT; queryDepth: 3; ","itype: liTS_CANDIDATE; ledgerHash: ""\310\200l\322\255\214\342'\243\202\375k%_\335\032N\021G\005\230\271\366~%e\366\202l^\rR""; nodeIDs: ""\000\000\000\000\000\000\000\000\000\000\000\000\000\000\000\000\000\000\000\000\000\000\000\000\000\000\000\000\000\000\000\000\000""; requestCookie: 5; queryType: qtINDIRECT; queryDepth: 3; "
1750527531470,1750527531470,3378,1,4,0,TMLedgerData,"ledgerHash: ""[\000\302\314\326\214\276@c\240\272\222{\363\314\032\213\311\316\246/\330\302\014>\022\346\234\347\264\270\350""; ledgerSeq: 0; type: liTS_CANDIDATE; nodes {;   nodedata: ""\002i\361\030\371\256\265\036\320\273\013\357<\215/(\215[\231D\357Gd\372\270\316\261\301\342\327\225\241\000GZ\227\022t\201\240u\2324P\027\307M\337'Y\361[IAD\351\374!\232\005\337\376\252\251g\004\003"";   nodeid: ""\000\000\000\000\000\000\000\000\000\000\000\000\000\000\000\000\000\000\000\000\000\000\000\000\000\000\000\000\000\000\000\000\000""; }; requestCookie: 3; ","ledgerHash: ""[\000\302\314\326\214\276@c\240\272\222{\363\314\032\213\311\316\246/\330\302\014>\022\346\234\347\264\270\350""; ledgerSeq: 0; type: liTS_CANDIDATE; nodes {;   nodedata: ""\002i\361\030\371\256\265\036\320\273\013\357<\215/(\215[\231D\357Gd\372\270\316\261\301\342\327\225\241\000GZ\227\022t\201\240u\2324P\027\307M\337'Y\361[IAD\351\374!\232\005\337\376\252\251g\004\003"";   nodeid: ""\000\000\000\000\000\000\000\000\000\000\000\000\000\000\000\000\000\000\000\000\000\000\000\000\000\000\000\000\000\000\000\000\000""; }; requestCookie: 3; "
1750527531472,1750527531472,3378,1,4,0,TMLedgerData,"ledgerHash: ""[\000\302\314\326\214\276@c\240\272\222{\363\314\032\213\311\316\246/\330\302\014>\022\346\234\347\264\270\350""; ledgerSeq: 0; type: liTS_CANDIDATE; nodes {;   nodedata: ""\002i\361\030\371\256\265\036\320\273\013\357<\215/(\215[\231D\357Gd\372\270\316\261\301\342\327\225\241\000GZ\227\022t\201\240u\2324P\027\307M\337'Y\361[IAD\351\374!\232\005\337\376\252\251g\004\003"";   nodeid: ""\000\000\000\000\000\000\000\000\000\000\000\000\000\000\000\000\000\000\000\000\000\000\000\000\000\000\000\000\000\000\000\000\000""; }; requestCookie: 4; ","ledgerHash: ""[\000\302\314\326\214\276@c\240\272\222{\363\314\032\213\311\316\246/\330\302\014>\022\346\234\347\264\270\350""; ledgerSeq: 0; type: liTS_CANDIDATE; nodes {;   nodedata: ""\002i\361\030\371\256\265\036\320\273\013\357<\215/(\215[\231D\357Gd\372\270\316\261\301\342\327\225\241\000GZ\227\022t\201\240u\2324P\027\307M\337'Y\361[IAD\351\374!\232\005\337\376\252\251g\004\003"";   nodeid: ""\000\000\000\000\000\000\000\000\000\000\000\000\000\000\000\000\000\000\000\000\000\000\000\000\000\000\000\000\000\000\000\000\000""; }; requestCookie: 4; "
1750527531472,1750527531472,3719,1,2,4,TMGetLedger,"itype: liTS_CANDIDATE; ledgerHash: ""[\000\302\314\326\214\276@c\240\272\222{\363\314\032\213\311\316\246/\330\302\014>\022\346\234\347\264\270\350""; nodeIDs: ""\000\000\000\000\000\000\000\000\000\000\000\000\000\000\000\000\000\000\000\000\000\000\000\000\000\000\000\000\000\000\000\000\000""; requestCookie: 4; queryType: qtINDIRECT; queryDepth: 3; ","itype: liTS_CANDIDATE; ledgerHash: ""[\000\302\314\326\214\276@c\240\272\222{\363\314\032\213\311\316\246/\330\302\014>\022\346\234\347\264\270\350""; nodeIDs: ""\000\000\000\000\000\000\000\000\000\000\000\000\000\000\000\000\000\000\000\000\000\000\000\000\000\000\000\000\000\000\000\000\000""; requestCookie: 4; queryType: qtINDIRECT; queryDepth: 3; "
1750527531491,1750527531491,3504,1,0,4,TMProposeSet,"proposeSeq: 1; currentTxHash: ""'\274\220\233\332\373\335\027\332I\377y`\224\260\350-\215\335\267[\036\265\265\252`\026&\030{\362\363""; nodePubKey: ""\002\225aM\037\203M\271C\224]$\245\215\334\264;{{\365%Z\2443U\201\242\320iUc\207\367""; closeTime: 803842730; signature: ""0E\002!\000\360\251\366\351\241\200a\320\255\206\340H\221\253\322:Sy\331\222\255*\256X$^%\267>\370\376n\002 \002\237\376\373N\367\201R\346N\232\023\234J\240\211i\301\240\270:\000\032\235\377\230[rc\304[\216""; previousledger: ""\265\024\321\362\354\211\250.\234s\225amc\305\035\366\276\037nD\277`\210\223N\3535\033\261\304f""; ","proposeSeq: 1; currentTxHash: ""'\274\220\233\332\373\335\027\332I\377y`\224\260\350-\215\335\267[\036\265\265\252`\026&\030{\362\363""; nodePubKey: ""\002\225aM\037\203M\271C\224]$\245\215\334\264;{{\365%Z\2443U\201\242\320iUc\207\367""; closeTime: 803842730; signature: ""0E\002!\000\360\251\366\351\241\200a\320\255\206\340H\221\253\322:Sy\331\222\255*\256X$^%\267>\370\376n\002 \002\237\376\373N\367\201R\346N\232\023\234J\240\211i\301\240\270:\000\032\235\377\230[rc\304[\216""; previousledger: ""\265\024\321\362\354\211\250.\234s\225amc\305\035\366\276\037nD\277`\210\223N\3535\033\261\304f""; "
1750527531492,1750527531492,3268,1,0,2,TMProposeSet,"proposeSeq: 1; currentTxHash: ""'\274\220\233\332\373\335\027\332I\377y`\224\260\350-\215\335\267[\036\265\265\252`\026&\030{\362\363""; nodePubKey: ""\002\225aM\037\203M\271C\224]$\245\215\334\264;{{\365%Z\2443U\201\242\320iUc\207\367""; closeTime: 803842730; signature: ""0E\002!\000\360\251\366\351\241\200a\320\255\206\340H\221\253\322:Sy\331\222\255*\256X$^%\267>\370\376n\002 \002\237\376\373N\367\201R\346N\232\023\234J\240\211i\301\240\270:\000\032\235\377\230[rc\304[\216""; previousledger: ""\265\024\321\362\354\211\250.\234s\225amc\305\035\366\276\037nD\277`\210\223N\3535\033\261\304f""; ","proposeSeq: 1; currentTxHash: ""'\274\220\233\332\373\335\027\332I\377y`\224\260\350-\215\335\267[\036\265\265\252`\026&\030{\362\363""; nodePubKey: ""\002\225aM\037\203M\271C\224]$\245\215\334\264;{{\365%Z\2443U\201\242\320iUc\207\367""; closeTime: 803842730; signature: ""0E\002!\000\360\251\366\351\241\200a\320\255\206\340H\221\253\322:Sy\331\222\255*\256X$^%\267>\370\376n\002 \002\237\376\373N\367\201R\346N\232\023\234J\240\211i\301\240\270:\000\032\235\377\230[rc\304[\216""; previousledger: ""\265\024\321\362\354\211\250.\234s\225amc\305\035\366\276\037nD\277`\210\223N\3535\033\261\304f""; "
1750527531492,1750527531492,142,1,0,3,TMProposeSet,"proposeSeq: 1; currentTxHash: ""'\274\220\233\332\373\335\027\332I\377y`\224\260\350-\215\335\267[\036\265\265\252`\026&\030{\362\363""; nodePubKey: ""\002\225aM\037\203M\271C\224]$\245\215\334\264;{{\365%Z\2443U\201\242\320iUc\207\367""; closeTime: 803842730; signature: ""0E\002!\000\360\251\366\351\241\200a\320\255\206\340H\221\253\322:Sy\331\222\255*\256X$^%\267>\370\376n\002 \002\237\376\373N\367\201R\346N\232\023\234J\240\211i\301\240\270:\000\032\235\377\230[rc\304[\216""; previousledger: ""\265\024\321\362\354\211\250.\234s\225amc\305\035\366\276\037nD\277`\210\223N\3535\033\261\304f""; ","proposeSeq: 1; currentTxHash: ""'\274\220\233\332\373\335\027\332I\377y`\224\260\350-\215\335\267[\036\265\265\252`\026&\030{\362\363""; nodePubKey: ""\002\225aM\037\203M\271C\224]$\245\215\334\264;{{\365%Z\2443U\201\242\320iUc\207\367""; closeTime: 803842730; signature: ""0E\002!\000\360\251\366\351\241\200a\320\255\206\340H\221\253\322:Sy\331\222\255*\256X$^%\267>\370\376n\002 \002\237\376\373N\367\201R\346N\232\023\234J\240\211i\301\240\270:\000\032\235\377\230[rc\304[\216""; previousledger: ""\265\024\321\362\354\211\250.\234s\225amc\305\035\366\276\037nD\277`\210\223N\3535\033\261\304f""; "
1750527531492,1750527531492,3849,1,0,1,TMProposeSet,"proposeSeq: 1; currentTxHash: ""'\274\220\233\332\373\335\027\332I\377y`\224\260\350-\215\335\267[\036\265\265\252`\026&\030{\362\363""; nodePubKey: ""\002\225aM\037\203M\271C\224]$\245\215\334\264;{{\365%Z\2443U\201\242\320iUc\207\367""; closeTime: 803842730; signature: ""0E\002!\000\360\251\366\351\241\200a\320\255\206\340H\221\253\322:Sy\331\222\255*\256X$^%\267>\370\376n\002 \002\237\376\373N\367\201R\346N\232\023\234J\240\211i\301\240\270:\000\032\235\377\230[rc\304[\216""; previousledger: ""\265\024\321\362\354\211\250.\234s\225amc\305\035\366\276\037nD\277`\210\223N\3535\033\261\304f""; ","proposeSeq: 1; currentTxHash: ""'\274\220\233\332\373\335\027\332I\377y`\224\260\350-\215\335\267[\036\265\265\252`\026&\030{\362\363""; nodePubKey: ""\002\225aM\037\203M\271C\224]$\245\215\334\264;{{\365%Z\2443U\201\242\320iUc\207\367""; closeTime: 803842730; signature: ""0E\002!\000\360\251\366\351\241\200a\320\255\206\340H\221\253\322:Sy\331\222\255*\256X$^%\267>\370\376n\002 \002\237\376\373N\367\201R\346N\232\023\234J\240\211i\301\240\270:\000\032\235\377\230[rc\304[\216""; previousledger: ""\265\024\321\362\354\211\250.\234s\225amc\305\035\366\276\037nD\277`\210\223N\3535\033\261\304f""; "
1750527531498,1750527531498,589,1,2,0,TMGetLedger,"itype: liTS_CANDIDATE; ledgerHash: ""[\000\302\314\326\214\276@c\240\272\222{\363\314\032\213\311\316\246/\330\302\014>\022\346\234\347\264\270\350""; nodeIDs: ""\000\000\000\000\000\000\000\000\000\000\000\000\000\000\000\000\000\000\000\000\000\000\000\000\000\000\000\000\000\000\000\000\000""; queryType: qtINDIRECT; queryDepth: 3; ","itype: liTS_CANDIDATE; ledgerHash: ""[\000\302\314\326\214\276@c\240\272\222{\363\314\032\213\311\316\246/\330\302\014>\022\346\234\347\264\270\350""; nodeIDs: ""\000\000\000\000\000\000\000\000\000\000\000\000\000\000\000\000\000\000\000\000\000\000\000\000\000\000\000\000\000\000\000\000\000""; queryType: qtINDIRECT; queryDepth: 3; "
1750527531499,1750527531499,4000,1,2,3,TMGetLedger,"itype: liTS_CANDIDATE; ledgerHash: ""[\000\302\314\326\214\276@c\240\272\222{\363\314\032\213\311\316\246/\330\302\014>\022\346\234\347\264\270\350""; nodeIDs: ""\000\000\000\000\000\000\000\000\000\000\000\000\000\000\000\000\000\000\000\000\000\000\000\000\000\000\000\000\000\000\000\000\000""; queryType: qtINDIRECT; queryDepth: 3; ","itype: liTS_CANDIDATE; ledgerHash: ""[\000\302\314\326\214\276@c\240\272\222{\363\314\032\213\311\316\246/\330\302\014>\022\346\234\347\264\270\350""; nodeIDs: ""\000\000\000\000\000\000\000\000\000\000\000\000\000\000\000\000\000\000\000\000\000\000\000\000\000\000\000\000\000\000\000\000\000""; queryType: qtINDIRECT; queryDepth: 3; "
1750527531499,1750527531499,1544,1,2,1,TMGetLedger,"itype: liTS_CANDIDATE; ledgerHash: ""[\000\302\314\326\214\276@c\240\272\222{\363\314\032\213\311\316\246/\330\302\014>\022\346\234\347\264\270\350""; nodeIDs: ""\000\000\000\000\000\000\000\000\000\000\000\000\000\000\000\000\000\000\000\000\000\000\000\000\000\000\000\000\000\000\000\000\000""; queryType: qtINDIRECT; queryDepth: 3; ","itype: liTS_CANDIDATE; ledgerHash: ""[\000\302\314\326\214\276@c\240\272\222{\363\314\032\213\311\316\246/\330\302\014>\022\346\234\347\264\270\350""; nodeIDs: ""\000\000\000\000\000\000\000\000\000\000\000\000\000\000\000\000\000\000\000\000\000\000\000\000\000\000\000\000\000\000\000\000\000""; queryType: qtINDIRECT; queryDepth: 3; "
1750527531498,1750527531498,3719,1,2,4,TMGetLedger,"itype: liTS_CANDIDATE; ledgerHash: ""[\000\302\314\326\214\276@c\240\272\222{\363\314\032\213\311\316\246/\330\302\014>\022\346\234\347\264\270\350""; nodeIDs: ""\000\000\000\000\000\000\000\000\000\000\000\000\000\000\000\000\000\000\000\000\000\000\000\000\000\000\000\000\000\000\000\000\000""; queryType: qtINDIRECT; queryDepth: 3; ","itype: liTS_CANDIDATE; ledgerHash: ""[\000\302\314\326\214\276@c\240\272\222{\363\314\032\213\311\316\246/\330\302\014>\022\346\234\347\264\270\350""; nodeIDs: ""\000\000\000\000\000\000\000\000\000\000\000\000\000\000\000\000\000\000\000\000\000\000\000\000\000\000\000\000\000\000\000\000\000""; queryType: qtINDIRECT; queryDepth: 3; "
1750527531507,1750527531507,2179,1,0,2,TMStatusChange,"newEvent: neACCEPTED_LEDGER; ledgerSeq: 5; ledgerHash: ""\331]\036\237\306o!\223\221\002\324\031\262\240R\177 ,\214\325\Q])\016\2067\277\t\354\010\000""; ledgerHashPrevious: ""\265\024\321\362\354\211\250.\234s\225amc\305\035\366\276\037nD\277`\210\223N\3535\033\261\304f""; networkTime: 803842731; firstSeq: 1; lastSeq: 4; ","newEvent: neACCEPTED_LEDGER; ledgerSeq: 5; ledgerHash: ""\331]\036\237\306o!\223\221\002\324\031\262\240R\177 ,\214\325\Q])\016\2067\277\t\354\010\000""; ledgerHashPrevious: ""\265\024\321\362\354\211\250.\234s\225amc\305\035\366\276\037nD\277`\210\223N\3535\033\261\304f""; networkTime: 803842731; firstSeq: 1; lastSeq: 4; "
1750527531507,1750527531508,1249,1,0,1,TMStatusChange,"newEvent: neACCEPTED_LEDGER; ledgerSeq: 5; ledgerHash: ""\331]\036\237\306o!\223\221\002\324\031\262\240R\177 ,\214\325\Q])\016\2067\277\t\354\010\000""; ledgerHashPrevious: ""\265\024\321\362\354\211\250.\234s\225amc\305\035\366\276\037nD\277`\210\223N\3535\033\261\304f""; networkTime: 803842731; firstSeq: 1; lastSeq: 4; ","newEvent: neACCEPTED_LEDGER; ledgerSeq: 5; ledgerHash: ""\331]\036\237\306o!\223\221\002\324\031\262\240R\177 ,\214\325\Q])\016\2067\277\t\354\010\000""; ledgerHashPrevious: ""\265\024\321\362\354\211\250.\234s\225amc\305\035\366\276\037nD\277`\210\223N\3535\033\261\304f""; networkTime: 803842731; firstSeq: 1; lastSeq: 4; "
1750527531508,1750527531508,1933,1,0,2,TMValidation,"validation: """"\200\000\000\001&\000\000\000\005)/\351\252\253:\355<\266\216~aC\027Q\331]\036\237\306o!\223\221\002\324\031\262\240R\177 ,\214\325\Q])\016\2067\277\t\354\010\000P\027'\274\220\233\332\373\335\027\332I\377y`\224\260\350-\215\335\267[\036\265\265\252`\026&\030{\362\363P\031\265\024\321\362\354\211\250.\234s\225amc\305\035\366\276\037nD\277`\210\223N\3535\033\261\304fs!\002\225aM\037\203M\271C\224]$\245\215\334\264;{{\365%Z\2443U\201\242\320iUc\207\367vG0E\002!\000\335[\002\341\343\177\342\rC\274\242\235zy\303#\334:\306\230\343+Wp\237\344\351|\377\376~#\002 \002\233\370\007M]\013f\034\356\214\352[w>\362\355\305\267f\257ds\227\324\216\033;2\300\346\304""; ","validation: """"\200\000\000\001&\000\000\000\005)/\351\252\253:\355<\266\216~aC\027Q\331]\036\237\306o!\223\221\002\324\031\262\240R\177 ,\214\325\Q])\016\2067\277\t\354\010\000P\027'\274\220\233\332\373\335\027\332I\377y`\224\260\350-\215\335\267[\036\265\265\252`\026&\030{\362\363P\031\265\024\321\362\354\211\250.\234s\225amc\305\035\366\276\037nD\277`\210\223N\3535\033\261\304fs!\002\225aM\037\203M\271C\224]$\245\215\334\264;{{\365%Z\2443U\201\242\320iUc\207\367vG0E\002!\000\335[\002\341\343\177\342\rC\274\242\235zy\303#\334:\306\230\343+Wp\237\344\351|\377\376~#\002 \002\233\370\007M]\013f\034\356\214\352[w>\362\355\305\267f\257ds\227\324\216\033;2\300\346\304""; "
1750527531508,1750527531508,2261,1,0,1,TMValidation,"validation: """"\200\000\000\001&\000\000\000\005)/\351\252\253:\355<\266\216~aC\027Q\331]\036\237\306o!\223\221\002\324\031\262\240R\177 ,\214\325\Q])\016\2067\277\t\354\010\000P\027'\274\220\233\332\373\335\027\332I\377y`\224\260\350-\215\335\267[\036\265\265\252`\026&\030{\362\363P\031\265\024\321\362\354\211\250.\234s\225amc\305\035\366\276\037nD\277`\210\223N\3535\033\261\304fs!\002\225aM\037\203M\271C\224]$\245\215\334\264;{{\365%Z\2443U\201\242\320iUc\207\367vG0E\002!\000\335[\002\341\343\177\342\rC\274\242\235zy\303#\334:\306\230\343+Wp\237\344\351|\377\376~#\002 \002\233\370\007M]\013f\034\356\214\352[w>\362\355\305\267f\257ds\227\324\216\033;2\300\346\304""; ","validation: """"\200\000\000\001&\000\000\000\005)/\351\252\253:\355<\266\216~aC\027Q\331]\036\237\306o!\223\221\002\324\031\262\240R\177 ,\214\325\Q])\016\2067\277\t\354\010\000P\027'\274\220\233\332\373\335\027\332I\377y`\224\260\350-\215\335\267[\036\265\265\252`\026&\030{\362\363P\031\265\024\321\362\354\211\250.\234s\225amc\305\035\366\276\037nD\277`\210\223N\3535\033\261\304fs!\002\225aM\037\203M\271C\224]$\245\215\334\264;{{\365%Z\2443U\201\242\320iUc\207\367vG0E\002!\000\335[\002\341\343\177\342\rC\274\242\235zy\303#\334:\306\230\343+Wp\237\344\351|\377\376~#\002 \002\233\370\007M]\013f\034\356\214\352[w>\362\355\305\267f\257ds\227\324\216\033;2\300\346\304""; "
1750527531509,1750527531509,3810,1,1,4,TMGetLedger,"itype: liTS_CANDIDATE; ledgerHash: ""[\000\302\314\326\214\276@c\240\272\222{\363\314\032\213\311\316\246/\330\302\014>\022\346\234\347\264\270\350""; nodeIDs: ""\000\000\000\000\000\000\000\000\000\000\000\000\000\000\000\000\000\000\000\000\000\000\000\000\000\000\000\000\000\000\000\000\000""; requestCookie: 4; queryType: qtINDIRECT; queryDepth: 3; ","itype: liTS_CANDIDATE; ledgerHash: ""[\000\302\314\326\214\276@c\240\272\222{\363\314\032\213\311\316\246/\330\302\014>\022\346\234\347\264\270\350""; nodeIDs: ""\000\000\000\000\000\000\000\000\000\000\000\000\000\000\000\000\000\000\000\000\000\000\000\000\000\000\000\000\000\000\000\000\000""; requestCookie: 4; queryType: qtINDIRECT; queryDepth: 3; "
1750527531509,1750527531513,3719,1,2,4,TMGetLedger,"itype: liTS_CANDIDATE; ledgerHash: ""[\000\302\314\326\214\276@c\240\272\222{\363\314\032\213\311\316\246/\330\302\014>\022\346\234\347\264\270\350""; nodeIDs: ""\000\000\000\000\000\000\000\000\000\000\000\000\000\000\000\000\000\000\000\000\000\000\000\000\000\000\000\000\000\000\000\000\000""; requestCookie: 3; queryType: qtINDIRECT; queryDepth: 3; ","itype: liTS_CANDIDATE; ledgerHash: ""[\000\302\314\326\214\276@c\240\272\222{\363\314\032\213\311\316\246/\330\302\014>\022\346\234\347\264\270\350""; nodeIDs: ""\000\000\000\000\000\000\000\000\000\000\000\000\000\000\000\000\000\000\000\000\000\000\000\000\000\000\000\000\000\000\000\000\000""; requestCookie: 3; queryType: qtINDIRECT; queryDepth: 3; "
1750527531515,1750527531515,2920,1,1,0,TMGetLedger,"itype: liTS_CANDIDATE; ledgerHash: ""\310\200l\322\255\214\342'\243\202\375k%_\335\032N\021G\005\230\271\366~%e\366\202l^\rR""; nodeIDs: ""\000\000\000\000\000\000\000\000\000\000\000\000\000\000\000\000\000\000\000\000\000\000\000\000\000\000\000\000\000\000\000\000\000""; requestCookie: 5; queryType: qtINDIRECT; queryDepth: 3; ","itype: liTS_CANDIDATE; ledgerHash: ""\310\200l\322\255\214\342'\243\202\375k%_\335\032N\021G\005\230\271\366~%e\366\202l^\rR""; nodeIDs: ""\000\000\000\000\000\000\000\000\000\000\000\000\000\000\000\000\000\000\000\000\000\000\000\000\000\000\000\000\000\000\000\000\000""; requestCookie: 5; queryType: qtINDIRECT; queryDepth: 3; "
1750527531515,1750527531515,2920,1,1,0,TMGetLedger,"itype: liTS_CANDIDATE; ledgerHash: ""[\000\302\314\326\214\276@c\240\272\222{\363\314\032\213\311\316\246/\330\302\014>\022\346\234\347\264\270\350""; nodeIDs: ""\000\000\000\000\000\000\000\000\000\000\000\000\000\000\000\000\000\000\000\000\000\000\000\000\000\000\000\000\000\000\000\000\000""; queryType: qtINDIRECT; queryDepth: 3; ","itype: liTS_CANDIDATE; ledgerHash: ""[\000\302\314\326\214\276@c\240\272\222{\363\314\032\213\311\316\246/\330\302\014>\022\346\234\347\264\270\350""; nodeIDs: ""\000\000\000\000\000\000\000\000\000\000\000\000\000\000\000\000\000\000\000\000\000\000\000\000\000\000\000\000\000\000\000\000\000""; queryType: qtINDIRECT; queryDepth: 3; "
1750527531515,1750527531515,1495,1,1,2,TMGetLedger,"itype: liTS_CANDIDATE; ledgerHash: ""[\000\302\314\326\214\276@c\240\272\222{\363\314\032\213\311\316\246/\330\302\014>\022\346\234\347\264\270\350""; nodeIDs: ""\000\000\000\000\000\000\000\000\000\000\000\000\000\000\000\000\000\000\000\000\000\000\000\000\000\000\000\000\000\000\000\000\000""; queryType: qtINDIRECT; queryDepth: 3; ","itype: liTS_CANDIDATE; ledgerHash: ""[\000\302\314\326\214\276@c\240\272\222{\363\314\032\213\311\316\246/\330\302\014>\022\346\234\347\264\270\350""; nodeIDs: ""\000\000\000\000\000\000\000\000\000\000\000\000\000\000\000\000\000\000\000\000\000\000\000\000\000\000\000\000\000\000\000\000\000""; queryType: qtINDIRECT; queryDepth: 3; "
1750527531516,1750527531516,3769,1,1,3,TMGetLedger,"itype: liTS_CANDIDATE; ledgerHash: ""[\000\302\314\326\214\276@c\240\272\222{\363\314\032\213\311\316\246/\330\302\014>\022\346\234\347\264\270\350""; nodeIDs: ""\000\000\000\000\000\000\000\000\000\000\000\000\000\000\000\000\000\000\000\000\000\000\000\000\000\000\000\000\000\000\000\000\000""; queryType: qtINDIRECT; queryDepth: 3; ","itype: liTS_CANDIDATE; ledgerHash: ""[\000\302\314\326\214\276@c\240\272\222{\363\314\032\213\311\316\246/\330\302\014>\022\346\234\347\264\270\350""; nodeIDs: ""\000\000\000\000\000\000\000\000\000\000\000\000\000\000\000\000\000\000\000\000\000\000\000\000\000\000\000\000\000\000\000\000\000""; queryType: qtINDIRECT; queryDepth: 3; "
1750527531516,1750527531516,3810,1,1,4,TMGetLedger,"itype: liTS_CANDIDATE; ledgerHash: ""[\000\302\314\326\214\276@c\240\272\222{\363\314\032\213\311\316\246/\330\302\014>\022\346\234\347\264\270\350""; nodeIDs: ""\000\000\000\000\000\000\000\000\000\000\000\000\000\000\000\000\000\000\000\000\000\000\000\000\000\000\000\000\000\000\000\000\000""; queryType: qtINDIRECT; queryDepth: 3; ","itype: liTS_CANDIDATE; ledgerHash: ""[\000\302\314\326\214\276@c\240\272\222{\363\314\032\213\311\316\246/\330\302\014>\022\346\234\347\264\270\350""; nodeIDs: ""\000\000\000\000\000\000\000\000\000\000\000\000\000\000\000\000\000\000\000\000\000\000\000\000\000\000\000\000\000\000\000\000\000""; queryType: qtINDIRECT; queryDepth: 3; "
1750527531528,1750527531528,782,1,0,4,TMValidation,"validation: """"\200\000\000\001&\000\000\000\005)/\351\252\253:\355<\266\216~aC\027Q\331]\036\237\306o!\223\221\002\324\031\262\240R\177 ,\214\325\Q])\016\2067\277\t\354\010\000P\027'\274\220\233\332\373\335\027\332I\377y`\224\260\350-\215\335\267[\036\265\265\252`\026&\030{\362\363P\031\265\024\321\362\354\211\250.\234s\225amc\305\035\366\276\037nD\277`\210\223N\3535\033\261\304fs!\002\225aM\037\203M\271C\224]$\245\215\334\264;{{\365%Z\2443U\201\242\320iUc\207\367vG0E\002!\000\335[\002\341\343\177\342\rC\274\242\235zy\303#\334:\306\230\343+Wp\237\344\351|\377\376~#\002 \002\233\370\007M]\013f\034\356\214\352[w>\362\355\305\267f\257ds\227\324\216\033;2\300\346\304""; ","validation: """"\200\000\000\001&\000\000\000\005)/\351\252\253:\355<\266\216~aC\027Q\331]\036\237\306o!\223\221\002\324\031\262\240R\177 ,\214\325\Q])\016\2067\277\t\354\010\000P\027'\274\220\233\332\373\335\027\332I\377y`\224\260\350-\215\335\267[\036\265\265\252`\026&\030{\362\363P\031\265\024\321\362\354\211\250.\234s\225amc\305\035\366\276\037nD\277`\210\223N\3535\033\261\304fs!\002\225aM\037\203M\271C\224]$\245\215\334\264;{{\365%Z\2443U\201\242\320iUc\207\367vG0E\002!\000\335[\002\341\343\177\342\rC\274\242\235zy\303#\334:\306\230\343+Wp\237\344\351|\377\376~#\002 \002\233\370\007M]\013f\034\356\214\352[w>\362\355\305\267f\257ds\227\324\216\033;2\300\346\304""; "
1750527531529,1750527531529,3904,1,0,4,TMStatusChange,"newEvent: neACCEPTED_LEDGER; ledgerSeq: 5; ledgerHash: ""\331]\036\237\306o!\223\221\002\324\031\262\240R\177 ,\214\325\Q])\016\2067\277\t\354\010\000""; ledgerHashPrevious: ""\265\024\321\362\354\211\250.\234s\225amc\305\035\366\276\037nD\277`\210\223N\3535\033\261\304f""; networkTime: 803842731; firstSeq: 1; lastSeq: 4; ","newEvent: neACCEPTED_LEDGER; ledgerSeq: 5; ledgerHash: ""\331]\036\237\306o!\223\221\002\324\031\262\240R\177 ,\214\325\Q])\016\2067\277\t\354\010\000""; ledgerHashPrevious: ""\265\024\321\362\354\211\250.\234s\225amc\305\035\366\276\037nD\277`\210\223N\3535\033\261\304f""; networkTime: 803842731; firstSeq: 1; lastSeq: 4; "
1750527531531,1750527531531,3378,1,4,0,TMLedgerData,"ledgerHash: ""[\000\302\314\326\214\276@c\240\272\222{\363\314\032\213\311\316\246/\330\302\014>\022\346\234\347\264\270\350""; ledgerSeq: 0; type: liTS_CANDIDATE; nodes {;   nodedata: ""\002i\361\030\371\256\265\036\320\273\013\357<\215/(\215[\231D\357Gd\372\270\316\261\301\342\327\225\241\000GZ\227\022t\201\240u\2324P\027\307M\337'Y\361[IAD\351\374!\232\005\337\376\252\251g\004\003"";   nodeid: ""\000\000\000\000\000\000\000\000\000\000\000\000\000\000\000\000\000\000\000\000\000\000\000\000\000\000\000\000\000\000\000\000\000""; }; ","ledgerHash: ""[\000\302\314\326\214\276@c\240\272\222{\363\314\032\213\311\316\246/\330\302\014>\022\346\234\347\264\270\350""; ledgerSeq: 0; type: liTS_CANDIDATE; nodes {;   nodedata: ""\002i\361\030\371\256\265\036\320\273\013\357<\215/(\215[\231D\357Gd\372\270\316\261\301\342\327\225\241\000GZ\227\022t\201\240u\2324P\027\307M\337'Y\361[IAD\351\374!\232\005\337\376\252\251g\004\003"";   nodeid: ""\000\000\000\000\000\000\000\000\000\000\000\000\000\000\000\000\000\000\000\000\000\000\000\000\000\000\000\000\000\000\000\000\000""; }; "
1750527531532,1750527531532,3818,1,0,2,TMLedgerData,"ledgerHash: ""\310\200l\322\255\214\342'\243\202\375k%_\335\032N\021G\005\230\271\366~%e\366\202l^\rR""; ledgerSeq: 0; type: liTS_CANDIDATE; nodes {;   nodedata: ""GZ\227\022t\201\240u\2324P\027\307M\337'Y\361[IAD\351\374!\232\005\337\376\252\251g\004\003"";   nodeid: ""\000\000\000\000\000\000\000\000\000\000\000\000\000\000\000\000\000\000\000\000\000\000\000\000\000\000\000\000\000\000\000\000\000""; }; requestCookie: 4; ","ledgerHash: ""\310\200l\322\255\214\342'\243\202\375k%_\335\032N\021G\005\230\271\366~%e\366\202l^\rR""; ledgerSeq: 0; type: liTS_CANDIDATE; nodes {;   nodedata: ""GZ\227\022t\201\240u\2324P\027\307M\337'Y\361[IAD\351\374!\232\005\337\376\252\251g\004\003"";   nodeid: ""\000\000\000\000\000\000\000\000\000\000\000\000\000\000\000\000\000\000\000\000\000\000\000\000\000\000\000\000\000\000\000\000\000""; }; requestCookie: 4; "
1750527531535,1750527531535,1964,1,0,3,TMStatusChange,"newEvent: neACCEPTED_LEDGER; ledgerSeq: 5; ledgerHash: ""\331]\036\237\306o!\223\221\002\324\031\262\240R\177 ,\214\325\Q])\016\2067\277\t\354\010\000""; ledgerHashPrevious: ""\265\024\321\362\354\211\250.\234s\225amc\305\035\366\276\037nD\277`\210\223N\3535\033\261\304f""; networkTime: 803842731; firstSeq: 1; lastSeq: 4; ","newEvent: neACCEPTED_LEDGER; ledgerSeq: 5; ledgerHash: ""\331]\036\237\306o!\223\221\002\324\031\262\240R\177 ,\214\325\Q])\016\2067\277\t\354\010\000""; ledgerHashPrevious: ""\265\024\321\362\354\211\250.\234s\225amc\305\035\366\276\037nD\277`\210\223N\3535\033\261\304f""; networkTime: 803842731; firstSeq: 1; lastSeq: 4; "
1750527531535,1750527531535,3422,1,0,3,TMValidation,"validation: """"\200\000\000\001&\000\000\000\005)/\351\252\253:\355<\266\216~aC\027Q\331]\036\237\306o!\223\221\002\324\031\262\240R\177 ,\214\325\Q])\016\2067\277\t\354\010\000P\027'\274\220\233\332\373\335\027\332I\377y`\224\260\350-\215\335\267[\036\265\265\252`\026&\030{\362\363P\031\265\024\321\362\354\211\250.\234s\225amc\305\035\366\276\037nD\277`\210\223N\3535\033\261\304fs!\002\225aM\037\203M\271C\224]$\245\215\334\264;{{\365%Z\2443U\201\242\320iUc\207\367vG0E\002!\000\335[\002\341\343\177\342\rC\274\242\235zy\303#\334:\306\230\343+Wp\237\344\351|\377\376~#\002 \002\233\370\007M]\013f\034\356\214\352[w>\362\355\305\267f\257ds\227\324\216\033;2\300\346\304""; ","validation: """"\200\000\000\001&\000\000\000\005)/\351\252\253:\355<\266\216~aC\027Q\331]\036\237\306o!\223\221\002\324\031\262\240R\177 ,\214\325\Q])\016\2067\277\t\354\010\000P\027'\274\220\233\332\373\335\027\332I\377y`\224\260\350-\215\335\267[\036\265\265\252`\026&\030{\362\363P\031\265\024\321\362\354\211\250.\234s\225amc\305\035\366\276\037nD\277`\210\223N\3535\033\261\304fs!\002\225aM\037\203M\271C\224]$\245\215\334\264;{{\365%Z\2443U\201\242\320iUc\207\367vG0E\002!\000\335[\002\341\343\177\342\rC\274\242\235zy\303#\334:\306\230\343+Wp\237\344\351|\377\376~#\002 \002\233\370\007M]\013f\034\356\214\352[w>\362\355\305\267f\257ds\227\324\216\033;2\300\346\304""; "
1750527531554,1750527531554,3810,1,1,4,TMGetLedger,"itype: liTS_CANDIDATE; ledgerHash: ""[\000\302\314\326\214\276@c\240\272\222{\363\314\032\213\311\316\246/\330\302\014>\022\346\234\347\264\270\350""; nodeIDs: ""\000\000\000\000\000\000\000\000\000\000\000\000\000\000\000\000\000\000\000\000\000\000\000\000\000\000\000\000\000\000\000\000\000""; requestCookie: 3; queryType: qtINDIRECT; queryDepth: 3; ","itype: liTS_CANDIDATE; ledgerHash: ""[\000\302\314\326\214\276@c\240\272\222{\363\314\032\213\311\316\246/\330\302\014>\022\346\234\347\264\270\350""; nodeIDs: ""\000\000\000\000\000\000\000\000\000\000\000\000\000\000\000\000\000\000\000\000\000\000\000\000\000\000\000\000\000\000\000\000\000""; requestCookie: 3; queryType: qtINDIRECT; queryDepth: 3; "
1750527531555,1750527531555,371,1,4,3,TMProposeSet,"proposeSeq: 0; currentTxHash: ""\000\000\000\000\000\000\000\000\000\000\000\000\000\000\000\000\000\000\000\000\000\000\000\000\000\000\000\000\000\000\000\000""; nodePubKey: ""\003R7o\362bV\300hf\266\241;}\200^\374\240\203[:\342Q\225\221\027y\372\255\235\216\323~""; closeTime: 803842731; signature: ""0D\002 tN\276\275jp\342{X\236\356\344^\335M\316\365\364\337t]\270\311+\210\001\226M\0355\225|\002 3\337J\301\263\341\364\205\373\206\006~\236\037\277\206\225\377\364\214\t\220$K\337\021\031\225\223\304c\277""; previousledger: ""\331]\036\237\306o!\223\221\002\324\031\262\240R\177 ,\214\325\Q])\016\2067\277\t\354\010\000""; ","proposeSeq: 0; currentTxHash: ""\000\000\000\000\000\000\000\000\000\000\000\000\000\000\000\000\000\000\000\000\000\000\000\000\000\000\000\000\000\000\000\000""; nodePubKey: ""\003R7o\362bV\300hf\266\241;}\200^\374\240\203[:\342Q\225\221\027y\372\255\235\216\323~""; closeTime: 803842731; signature: ""0D\002 tN\276\275jp\342{X\236\356\344^\335M\316\365\364\337t]\270\311+\210\001\226M\0355\225|\002 3\337J\301\263\341\364\205\373\206\006~\236\037\277\206\225\377\364\214\t\220$K\337\021\031\225\223\304c\277""; previousledger: ""\331]\036\237\306o!\223\221\002\324\031\262\240R\177 ,\214\325\Q])\016\2067\277\t\354\010\000""; "
1750527531556,1750527531556,2441,1,4,2,TMProposeSet,"proposeSeq: 0; currentTxHash: ""\000\000\000\000\000\000\000\000\000\000\000\000\000\000\000\000\000\000\000\000\000\000\000\000\000\000\000\000\000\000\000\000""; nodePubKey: ""\003R7o\362bV\300hf\266\241;}\200^\374\240\203[:\342Q\225\221\027y\372\255\235\216\323~""; closeTime: 803842731; signature: ""0D\002 tN\276\275jp\342{X\236\356\344^\335M\316\365\364\337t]\270\311+\210\001\226M\0355\225|\002 3\337J\301\263\341\364\205\373\206\006~\236\037\277\206\225\377\364\214\t\220$K\337\021\031\225\223\304c\277""; previousledger: ""\331]\036\237\306o!\223\221\002\324\031\262\240R\177 ,\214\325\Q])\016\2067\277\t\354\010\000""; ","proposeSeq: 0; currentTxHash: ""\000\000\000\000\000\000\000\000\000\000\000\000\000\000\000\000\000\000\000\000\000\000\000\000\000\000\000\000\000\000\000\000""; nodePubKey: ""\003R7o\362bV\300hf\266\241;}\200^\374\240\203[:\342Q\225\221\027y\372\255\235\216\323~""; closeTime: 803842731; signature: ""0D\002 tN\276\275jp\342{X\236\356\344^\335M\316\365\364\337t]\270\311+\210\001\226M\0355\225|\002 3\337J\301\263\341\364\205\373\206\006~\236\037\277\206\225\377\364\214\t\220$K\337\021\031\225\223\304c\277""; previousledger: ""\331]\036\237\306o!\223\221\002\324\031\262\240R\177 ,\214\325\Q])\016\2067\277\t\354\010\000""; "
1750527531557,1750527531557,2455,1,4,1,TMProposeSet,"proposeSeq: 0; currentTxHash: ""\000\000\000\000\000\000\000\000\000\000\000\000\000\000\000\000\000\000\000\000\000\000\000\000\000\000\000\000\000\000\000\000""; nodePubKey: ""\003R7o\362bV\300hf\266\241;}\200^\374\240\203[:\342Q\225\221\027y\372\255\235\216\323~""; closeTime: 803842731; signature: ""0D\002 tN\276\275jp\342{X\236\356\344^\335M\316\365\364\337t]\270\311+\210\001\226M\0355\225|\002 3\337J\301\263\341\364\205\373\206\006~\236\037\277\206\225\377\364\214\t\220$K\337\021\031\225\223\304c\277""; previousledger: ""\331]\036\237\306o!\223\221\002\324\031\262\240R\177 ,\214\325\Q])\016\2067\277\t\354\010\000""; ","proposeSeq: 0; currentTxHash: ""\000\000\000\000\000\000\000\000\000\000\000\000\000\000\000\000\000\000\000\000\000\000\000\000\000\000\000\000\000\000\000\000""; nodePubKey: ""\003R7o\362bV\300hf\266\241;}\200^\374\240\203[:\342Q\225\221\027y\372\255\235\216\323~""; closeTime: 803842731; signature: ""0D\002 tN\276\275jp\342{X\236\356\344^\335M\316\365\364\337t]\270\311+\210\001\226M\0355\225|\002 3\337J\301\263\341\364\205\373\206\006~\236\037\277\206\225\377\364\214\t\220$K\337\021\031\225\223\304c\277""; previousledger: ""\331]\036\237\306o!\223\221\002\324\031\262\240R\177 ,\214\325\Q])\016\2067\277\t\354\010\000""; "
1750527531557,1750527531557,2972,1,4,0,TMProposeSet,"proposeSeq: 0; currentTxHash: ""\000\000\000\000\000\000\000\000\000\000\000\000\000\000\000\000\000\000\000\000\000\000\000\000\000\000\000\000\000\000\000\000""; nodePubKey: ""\003R7o\362bV\300hf\266\241;}\200^\374\240\203[:\342Q\225\221\027y\372\255\235\216\323~""; closeTime: 803842731; signature: ""0D\002 tN\276\275jp\342{X\236\356\344^\335M\316\365\364\337t]\270\311+\210\001\226M\0355\225|\002 3\337J\301\263\341\364\205\373\206\006~\236\037\277\206\225\377\364\214\t\220$K\337\021\031\225\223\304c\277""; previousledger: ""\331]\036\237\306o!\223\221\002\324\031\262\240R\177 ,\214\325\Q])\016\2067\277\t\354\010\000""; ","proposeSeq: 0; currentTxHash: ""\000\000\000\000\000\000\000\000\000\000\000\000\000\000\000\000\000\000\000\000\000\000\000\000\000\000\000\000\000\000\000\000""; nodePubKey: ""\003R7o\362bV\300hf\266\241;}\200^\374\240\203[:\342Q\225\221\027y\372\255\235\216\323~""; closeTime: 803842731; signature: ""0D\002 tN\276\275jp\342{X\236\356\344^\335M\316\365\364\337t]\270\311+\210\001\226M\0355\225|\002 3\337J\301\263\341\364\205\373\206\006~\236\037\277\206\225\377\364\214\t\220$K\337\021\031\225\223\304c\277""; previousledger: ""\331]\036\237\306o!\223\221\002\324\031\262\240R\177 ,\214\325\Q])\016\2067\277\t\354\010\000""; "
1750527531557,1750527531557,1996,1,0,4,TMLedgerData,"ledgerHash: ""'\274\220\233\332\373\335\027\332I\377y`\224\260\350-\215\335\267[\036\265\265\252`\026&\030{\362\363""; ledgerSeq: 0; type: liTS_CANDIDATE; nodes {;   nodedata: ""\002i\361\030\371\256\265\036\320\273\013\357<\215/(\215[\231D\357Gd\372\270\316\261\301\342\327\225\241\000GZ\227\022t\201\240u\2324P\027\307M\337'Y\361[IAD\351\374!\232\005\337\376\252\251g\004\240\231\202k\030<\225\205;%\337\001\376d\216V\310\306k>\373\322\372\353b\3659\350\345\324F\026\n\003"";   nodeid: ""\000\000\000\000\000\000\000\000\000\000\000\000\000\000\000\000\000\000\000\000\000\000\000\000\000\000\000\000\000\000\000\000\000""; }; ","ledgerHash: ""'\274\220\233\332\373\335\027\332I\377y`\224\260\350-\215\335\267[\036\265\265\252`\026&\030{\362\363""; ledgerSeq: 0; type: liTS_CANDIDATE; nodes {;   nodedata: ""\002i\361\030\371\256\265\036\320\273\013\357<\215/(\215[\231D\357Gd\372\270\316\261\301\342\327\225\241\000GZ\227\022t\201\240u\2324P\027\307M\337'Y\361[IAD\351\374!\232\005\337\376\252\251g\004\240\231\202k\030<\225\205;%\337\001\376d\216V\310\306k>\373\322\372\353b\3659\350\345\324F\026\n\003"";   nodeid: ""\000\000\000\000\000\000\000\000\000\000\000\000\000\000\000\000\000\000\000\000\000\000\000\000\000\000\000\000\000\000\000\000\000""; }; "
1750527531560,1750527531560,380,1,0,4,TMGetLedger,"itype: liTS_CANDIDATE; ledgerHash: ""[\000\302\314\326\214\276@c\240\272\222{\363\314\032\213\311\316\246/\330\302\014>\022\346\234\347\264\270\350""; nodeIDs: ""\000\000\000\000\000\000\000\000\000\000\000\000\000\000\000\000\000\000\000\000\000\000\000\000\000\000\000\000\000\000\000\000\000""; requestCookie: 4; queryType: qtINDIRECT; queryDepth: 3; ","itype: liTS_CANDIDATE; ledgerHash: ""[\000\302\314\326\214\276@c\240\272\222{\363\314\032\213\311\316\246/\330\302\014>\022\346\234\347\264\270\350""; nodeIDs: ""\000\000\000\000\000\000\000\000\000\000\000\000\000\000\000\000\000\000\000\000\000\000\000\000\000\000\000\000\000\000\000\000\000""; requestCookie: 4; queryType: qtINDIRECT; queryDepth: 3; "
1750527531577,1750527531577,1659,1,2,0,TMProposeSet,"proposeSeq: 0; currentTxHash: ""\000\000\000\000\000\000\000\000\000\000\000\000\000\000\000\000\000\000\000\000\000\000\000\000\000\000\000\000\000\000\000\000""; nodePubKey: ""\003\255\225A\213\332\224ehh\024BDq\224\250\335`\355\353{\357\266\335<\021\032\265\177\206\356&\215""; closeTime: 803842731; signature: ""0D\002 ^,\022c7\256y\375\351\r\201\005z\276\313\200\304\374K\201|M9\245\3556/\024\035\024\375\322\002 y#\310""\001\177\223#\001\362\315U\351\307\356\313\200\310A\245Y\007\273\351d\216$9\010)\371\264""; previousledger: ""\331]\036\237\306o!\223\221\002\324\031\262\240R\177 ,\214\325\Q])\016\2067\277\t\354\010\000""; ","proposeSeq: 0; currentTxHash: ""\000\000\000\000\000\000\000\000\000\000\000\000\000\000\000\000\000\000\000\000\000\000\000\000\000\000\000\000\000\000\000\000""; nodePubKey: ""\003\255\225A\213\332\224ehh\024BDq\224\250\335`\355\353{\357\266\335<\021\032\265\177\206\356&\215""; closeTime: 803842731; signature: ""0D\002 ^,\022c7\256y\375\351\r\201\005z\276\313\200\304\374K\201|M9\245\3556/\024\035\024\375\322\002 y#\310""\001\177\223#\001\362\315U\351\307\356\313\200\310A\245Y\007\273\351d\216$9\010)\371\264""; previousledger: ""\331]\036\237\306o!\223\221\002\324\031\262\240R\177 ,\214\325\Q])\016\2067\277\t\354\010\000""; "
1750527531577,1750527531577,2762,1,2,3,TMProposeSet,"proposeSeq: 0; currentTxHash: ""\000\000\000\000\000\000\000\000\000\000\000\000\000\000\000\000\000\000\000\000\000\000\000\000\000\000\000\000\000\000\000\000""; nodePubKey: ""\003\255\225A\213\332\224ehh\024BDq\224\250\335`\355\353{\357\266\335<\021\032\265\177\206\356&\215""; closeTime: 803842731; signature: ""0D\002 ^,\022c7\256y\375\351\r\201\005z\276\313\200\304\374K\201|M9\245\3556/\024\035\024\375\322\002 y#\310""\001\177\223#\001\362\315U\351\307\356\313\200\310A\245Y\007\273\351d\216$9\010)\371\264""; previousledger: ""\331]\036\237\306o!\223\221\002\324\031\262\240R\177 ,\214\325\Q])\016\2067\277\t\354\010\000""; ","proposeSeq: 0; currentTxHash: ""\000\000\000\000\000\000\000\000\000\000\000\000\000\000\000\000\000\000\000\000\000\000\000\000\000\000\000\000\000\000\000\000""; nodePubKey: ""\003\255\225A\213\332\224ehh\024BDq\224\250\335`\355\353{\357\266\335<\021\032\265\177\206\356&\215""; closeTime: 803842731; signature: ""0D\002 ^,\022c7\256y\375\351\r\201\005z\276\313\200\304\374K\201|M9\245\3556/\024\035\024\375\322\002 y#\310""\001\177\223#\001\362\315U\351\307\356\313\200\310A\245Y\007\273\351d\216$9\010)\371\264""; previousledger: ""\331]\036\237\306o!\223\221\002\324\031\262\240R\177 ,\214\325\Q])\016\2067\277\t\354\010\000""; "
1750527531577,1750527531578,3046,1,2,4,TMProposeSet,"proposeSeq: 0; currentTxHash: ""\000\000\000\000\000\000\000\000\000\000\000\000\000\000\000\000\000\000\000\000\000\000\000\000\000\000\000\000\000\000\000\000""; nodePubKey: ""\003\255\225A\213\332\224ehh\024BDq\224\250\335`\355\353{\357\266\335<\021\032\265\177\206\356&\215""; closeTime: 803842731; signature: ""0D\002 ^,\022c7\256y\375\351\r\201\005z\276\313\200\304\374K\201|M9\245\3556/\024\035\024\375\322\002 y#\310""\001\177\223#\001\362\315U\351\307\356\313\200\310A\245Y\007\273\351d\216$9\010)\371\264""; previousledger: ""\331]\036\237\306o!\223\221\002\324\031\262\240R\177 ,\214\325\Q])\016\2067\277\t\354\010\000""; ","proposeSeq: 0; currentTxHash: ""\000\000\000\000\000\000\000\000\000\000\000\000\000\000\000\000\000\000\000\000\000\000\000\000\000\000\000\000\000\000\000\000""; nodePubKey: ""\003\255\225A\213\332\224ehh\024BDq\224\250\335`\355\353{\357\266\335<\021\032\265\177\206\356&\215""; closeTime: 803842731; signature: ""0D\002 ^,\022c7\256y\375\351\r\201\005z\276\313\200\304\374K\201|M9\245\3556/\024\035\024\375\322\002 y#\310""\001\177\223#\001\362\315U\351\307\356\313\200\310A\245Y\007\273\351d\216$9\010)\371\264""; previousledger: ""\331]\036\237\306o!\223\221\002\324\031\262\240R\177 ,\214\325\Q])\016\2067\277\t\354\010\000""; "
1750527531579,1750527531579,3719,1,2,4,TMGetLedger,"itype: liTS_CANDIDATE; ledgerHash: ""[\000\302\314\326\214\276@c\240\272\222{\363\314\032\213\311\316\246/\330\302\014>\022\346\234\347\264\270\350""; nodeIDs: ""\000\000\000\000\000\000\000\000\000\000\000\000\000\000\000\000\000\000\000\000\000\000\000\000\000\000\000\000\000\000\000\000\000""; requestCookie: 2; queryType: qtINDIRECT; queryDepth: 3; ","itype: liTS_CANDIDATE; ledgerHash: ""[\000\302\314\326\214\276@c\240\272\222{\363\314\032\213\311\316\246/\330\302\014>\022\346\234\347\264\270\350""; nodeIDs: ""\000\000\000\000\000\000\000\000\000\000\000\000\000\000\000\000\000\000\000\000\000\000\000\000\000\000\000\000\000\000\000\000\000""; requestCookie: 2; queryType: qtINDIRECT; queryDepth: 3; "
1750527531588,1750527531589,380,1,0,4,TMGetLedger,"itype: liTS_CANDIDATE; ledgerHash: ""[\000\302\314\326\214\276@c\240\272\222{\363\314\032\213\311\316\246/\330\302\014>\022\346\234\347\264\270\350""; nodeIDs: ""\000\000\000\000\000\000\000\000\000\000\000\000\000\000\000\000\000\000\000\000\000\000\000\000\000\000\000\000\000\000\000\000\000""; requestCookie: 3; queryType: qtINDIRECT; queryDepth: 3; ","itype: liTS_CANDIDATE; ledgerHash: ""[\000\302\314\326\214\276@c\240\272\222{\363\314\032\213\311\316\246/\330\302\014>\022\346\234\347\264\270\350""; nodeIDs: ""\000\000\000\000\000\000\000\000\000\000\000\000\000\000\000\000\000\000\000\000\000\000\000\000\000\000\000\000\000\000\000\000\000""; requestCookie: 3; queryType: qtINDIRECT; queryDepth: 3; "
1750527531592,1750527531592,1996,1,0,4,TMLedgerData,"ledgerHash: ""\310\200l\322\255\214\342'\243\202\375k%_\335\032N\021G\005\230\271\366~%e\366\202l^\rR""; ledgerSeq: 0; type: liTS_CANDIDATE; nodes {;   nodedata: ""GZ\227\022t\201\240u\2324P\027\307M\337'Y\361[IAD\351\374!\232\005\337\376\252\251g\004\003"";   nodeid: ""\000\000\000\000\000\000\000\000\000\000\000\000\000\000\000\000\000\000\000\000\000\000\000\000\000\000\000\000\000\000\000\000\000""; }; requestCookie: 4; ","ledgerHash: ""\310\200l\322\255\214\342'\243\202\375k%_\335\032N\021G\005\230\271\366~%e\366\202l^\rR""; ledgerSeq: 0; type: liTS_CANDIDATE; nodes {;   nodedata: ""GZ\227\022t\201\240u\2324P\027\307M\337'Y\361[IAD\351\374!\232\005\337\376\252\251g\004\003"";   nodeid: ""\000\000\000\000\000\000\000\000\000\000\000\000\000\000\000\000\000\000\000\000\000\000\000\000\000\000\000\000\000\000\000\000\000""; }; requestCookie: 4; "
1750527531554,1750527531594,3403,1,4,3,TMStatusChange,"newEvent: neCLOSING_LEDGER; ledgerSeq: 5; ledgerHash: ""\331]\036\237\306o!\223\221\002\324\031\262\240R\177 ,\214\325\Q])\016\2067\277\t\354\010\000""; ledgerHashPrevious: ""\265\024\321\362\354\211\250.\234s\225amc\305\035\366\276\037nD\277`\210\223N\3535\033\261\304f""; networkTime: 803842731; firstSeq: 1; lastSeq: 5; ","newEvent: neCLOSING_LEDGER; ledgerSeq: 5; ledgerHash: ""\331]\036\237\306o!\223\221\002\324\031\262\240R\177 ,\214\325\Q])\016\2067\277\t\354\010\000""; ledgerHashPrevious: ""\265\024\321\362\354\211\250.\234s\225amc\305\035\366\276\037nD\277`\210\223N\3535\033\261\304f""; networkTime: 803842731; firstSeq: 1; lastSeq: 5; "
1750527531556,1750527531595,3346,1,4,2,TMStatusChange,"newEvent: neCLOSING_LEDGER; ledgerSeq: 5; ledgerHash: ""\331]\036\237\306o!\223\221\002\324\031\262\240R\177 ,\214\325\Q])\016\2067\277\t\354\010\000""; ledgerHashPrevious: ""\265\024\321\362\354\211\250.\234s\225amc\305\035\366\276\037nD\277`\210\223N\3535\033\261\304f""; networkTime: 803842731; firstSeq: 1; lastSeq: 5; ","newEvent: neCLOSING_LEDGER; ledgerSeq: 5; ledgerHash: ""\331]\036\237\306o!\223\221\002\324\031\262\240R\177 ,\214\325\Q])\016\2067\277\t\354\010\000""; ledgerHashPrevious: ""\265\024\321\362\354\211\250.\234s\225amc\305\035\366\276\037nD\277`\210\223N\3535\033\261\304f""; networkTime: 803842731; firstSeq: 1; lastSeq: 5; "
1750527531556,1750527531594,803,1,4,1,TMStatusChange,"newEvent: neCLOSING_LEDGER; ledgerSeq: 5; ledgerHash: ""\331]\036\237\306o!\223\221\002\324\031\262\240R\177 ,\214\325\Q])\016\2067\277\t\354\010\000""; ledgerHashPrevious: ""\265\024\321\362\354\211\250.\234s\225amc\305\035\366\276\037nD\277`\210\223N\3535\033\261\304f""; networkTime: 803842731; firstSeq: 1; lastSeq: 5; ","newEvent: neCLOSING_LEDGER; ledgerSeq: 5; ledgerHash: ""\331]\036\237\306o!\223\221\002\324\031\262\240R\177 ,\214\325\Q])\016\2067\277\t\354\010\000""; ledgerHashPrevious: ""\265\024\321\362\354\211\250.\234s\225amc\305\035\366\276\037nD\277`\210\223N\3535\033\261\304f""; networkTime: 803842731; firstSeq: 1; lastSeq: 5; "
1750527531557,1750527531595,832,1,4,0,TMStatusChange,"newEvent: neCLOSING_LEDGER; ledgerSeq: 5; ledgerHash: ""\331]\036\237\306o!\223\221\002\324\031\262\240R\177 ,\214\325\Q])\016\2067\277\t\354\010\000""; ledgerHashPrevious: ""\265\024\321\362\354\211\250.\234s\225amc\305\035\366\276\037nD\277`\210\223N\3535\033\261\304f""; networkTime: 803842731; firstSeq: 1; lastSeq: 5; ","newEvent: neCLOSING_LEDGER; ledgerSeq: 5; ledgerHash: ""\331]\036\237\306o!\223\221\002\324\031\262\240R\177 ,\214\325\Q])\016\2067\277\t\354\010\000""; ledgerHashPrevious: ""\265\024\321\362\354\211\250.\234s\225amc\305\035\366\276\037nD\277`\210\223N\3535\033\261\304f""; networkTime: 803842731; firstSeq: 1; lastSeq: 5; "
1750527531618,1750527531618,2221,1,2,1,TMProposeSet,"proposeSeq: 0; currentTxHash: ""\000\000\000\000\000\000\000\000\000\000\000\000\000\000\000\000\000\000\000\000\000\000\000\000\000\000\000\000\000\000\000\000""; nodePubKey: ""\003\255\225A\213\332\224ehh\024BDq\224\250\335`\355\353{\357\266\335<\021\032\265\177\206\356&\215""; closeTime: 803842731; signature: ""0D\002 ^,\022c7\256y\375\351\r\201\005z\276\313\200\304\374K\201|M9\245\3556/\024\035\024\375\322\002 y#\310""\001\177\223#\001\362\315U\351\307\356\313\200\310A\245Y\007\273\351d\216$9\010)\371\264""; previousledger: ""\331]\036\237\306o!\223\221\002\324\031\262\240R\177 ,\214\325\Q])\016\2067\277\t\354\010\000""; ","proposeSeq: 0; currentTxHash: ""\000\000\000\000\000\000\000\000\000\000\000\000\000\000\000\000\000\000\000\000\000\000\000\000\000\000\000\000\000\000\000\000""; nodePubKey: ""\003\255\225A\213\332\224ehh\024BDq\224\250\335`\355\353{\357\266\335<\021\032\265\177\206\356&\215""; closeTime: 803842731; signature: ""0D\002 ^,\022c7\256y\375\351\r\201\005z\276\313\200\304\374K\201|M9\245\3556/\024\035\024\375\322\002 y#\310""\001\177\223#\001\362\315U\351\307\356\313\200\310A\245Y\007\273\351d\216$9\010)\371\264""; previousledger: ""\331]\036\237\306o!\223\221\002\324\031\262\240R\177 ,\214\325\Q])\016\2067\277\t\354\010\000""; "
1750527531630,1750527531630,1199,1,0,2,TMGetLedger,"itype: liTS_CANDIDATE; ledgerHash: ""[\000\302\314\326\214\276@c\240\272\222{\363\314\032\213\311\316\246/\330\302\014>\022\346\234\347\264\270\350""; nodeIDs: ""\000\000\000\000\000\000\000\000\000\000\000\000\000\000\000\000\000\000\000\000\000\000\000\000\000\000\000\000\000\000\000\000\000""; queryType: qtINDIRECT; queryDepth: 3; ","itype: liTS_CANDIDATE; ledgerHash: ""[\000\302\314\326\214\276@c\240\272\222{\363\314\032\213\311\316\246/\330\302\014>\022\346\234\347\264\270\350""; nodeIDs: ""\000\000\000\000\000\000\000\000\000\000\000\000\000\000\000\000\000\000\000\000\000\000\000\000\000\000\000\000\000\000\000\000\000""; queryType: qtINDIRECT; queryDepth: 3; "
1750527531630,1750527531630,3375,1,0,1,TMGetLedger,"itype: liTS_CANDIDATE; ledgerHash: ""[\000\302\314\326\214\276@c\240\272\222{\363\314\032\213\311\316\246/\330\302\014>\022\346\234\347\264\270\350""; nodeIDs: ""\000\000\000\000\000\000\000\000\000\000\000\000\000\000\000\000\000\000\000\000\000\000\000\000\000\000\000\000\000\000\000\000\000""; queryType: qtINDIRECT; queryDepth: 3; ","itype: liTS_CANDIDATE; ledgerHash: ""[\000\302\314\326\214\276@c\240\272\222{\363\314\032\213\311\316\246/\330\302\014>\022\346\234\347\264\270\350""; nodeIDs: ""\000\000\000\000\000\000\000\000\000\000\000\000\000\000\000\000\000\000\000\000\000\000\000\000\000\000\000\000\000\000\000\000\000""; queryType: qtINDIRECT; queryDepth: 3; "
1750527531630,1750527531630,3094,1,0,3,TMGetLedger,"itype: liTS_CANDIDATE; ledgerHash: ""[\000\302\314\326\214\276@c\240\272\222{\363\314\032\213\311\316\246/\330\302\014>\022\346\234\347\264\270\350""; nodeIDs: ""\000\000\000\000\000\000\000\000\000\000\000\000\000\000\000\000\000\000\000\000\000\000\000\000\000\000\000\000\000\000\000\000\000""; queryType: qtINDIRECT; queryDepth: 3; ","itype: liTS_CANDIDATE; ledgerHash: ""[\000\302\314\326\214\276@c\240\272\222{\363\314\032\213\311\316\246/\330\302\014>\022\346\234\347\264\270\350""; nodeIDs: ""\000\000\000\000\000\000\000\000\000\000\000\000\000\000\000\000\000\000\000\000\000\000\000\000\000\000\000\000\000\000\000\000\000""; queryType: qtINDIRECT; queryDepth: 3; "
1750527531634,1750527531634,380,1,0,4,TMGetLedger,"itype: liTS_CANDIDATE; ledgerHash: ""[\000\302\314\326\214\276@c\240\272\222{\363\314\032\213\311\316\246/\330\302\014>\022\346\234\347\264\270\350""; nodeIDs: ""\000\000\000\000\000\000\000\000\000\000\000\000\000\000\000\000\000\000\000\000\000\000\000\000\000\000\000\000\000\000\000\000\000""; queryType: qtINDIRECT; queryDepth: 3; ","itype: liTS_CANDIDATE; ledgerHash: ""[\000\302\314\326\214\276@c\240\272\222{\363\314\032\213\311\316\246/\330\302\014>\022\346\234\347\264\270\350""; nodeIDs: ""\000\000\000\000\000\000\000\000\000\000\000\000\000\000\000\000\000\000\000\000\000\000\000\000\000\000\000\000\000\000\000\000\000""; queryType: qtINDIRECT; queryDepth: 3; "
1750527531634,1750527531634,1996,1,0,4,TMLedgerData,"ledgerHash: ""\310\200l\322\255\214\342'\243\202\375k%_\335\032N\021G\005\230\271\366~%e\366\202l^\rR""; ledgerSeq: 0; type: liTS_CANDIDATE; nodes {;   nodedata: ""GZ\227\022t\201\240u\2324P\027\307M\337'Y\361[IAD\351\374!\232\005\337\376\252\251g\004\003"";   nodeid: ""\000\000\000\000\000\000\000\000\000\000\000\000\000\000\000\000\000\000\000\000\000\000\000\000\000\000\000\000\000\000\000\000\000""; }; ","ledgerHash: ""\310\200l\322\255\214\342'\243\202\375k%_\335\032N\021G\005\230\271\366~%e\366\202l^\rR""; ledgerSeq: 0; type: liTS_CANDIDATE; nodes {;   nodedata: ""GZ\227\022t\201\240u\2324P\027\307M\337'Y\361[IAD\351\374!\232\005\337\376\252\251g\004\003"";   nodeid: ""\000\000\000\000\000\000\000\000\000\000\000\000\000\000\000\000\000\000\000\000\000\000\000\000\000\000\000\000\000\000\000\000\000""; }; "
1750527531642,1750527531642,1212,1,2,4,TMLedgerData,"ledgerHash: ""'\274\220\233\332\373\335\027\332I\377y`\224\260\350-\215\335\267[\036\265\265\252`\026&\030{\362\363""; ledgerSeq: 0; type: liTS_CANDIDATE; nodes {;   nodedata: ""\002i\361\030\371\256\265\036\320\273\013\357<\215/(\215[\231D\357Gd\372\270\316\261\301\342\327\225\241\000GZ\227\022t\201\240u\2324P\027\307M\337'Y\361[IAD\351\374!\232\005\337\376\252\251g\004\240\231\202k\030<\225\205;%\337\001\376d\216V\310\306k>\373\322\372\353b\3659\350\345\324F\026\n\003"";   nodeid: ""\000\000\000\000\000\000\000\000\000\000\000\000\000\000\000\000\000\000\000\000\000\000\000\000\000\000\000\000\000\000\000\000\000""; }; ","ledgerHash: ""'\274\220\233\332\373\335\027\332I\377y`\224\260\350-\215\335\267[\036\265\265\252`\026&\030{\362\363""; ledgerSeq: 0; type: liTS_CANDIDATE; nodes {;   nodedata: ""\002i\361\030\371\256\265\036\320\273\013\357<\215/(\215[\231D\357Gd\372\270\316\261\301\342\327\225\241\000GZ\227\022t\201\240u\2324P\027\307M\337'Y\361[IAD\351\374!\232\005\337\376\252\251g\004\240\231\202k\030<\225\205;%\337\001\376d\216V\310\306k>\373\322\372\353b\3659\350\345\324F\026\n\003"";   nodeid: ""\000\000\000\000\000\000\000\000\000\000\000\000\000\000\000\000\000\000\000\000\000\000\000\000\000\000\000\000\000\000\000\000\000""; }; "
1750527531576,1750527531649,3446,1,2,4,TMStatusChange,"newEvent: neCLOSING_LEDGER; ledgerSeq: 5; ledgerHash: ""\331]\036\237\306o!\223\221\002\324\031\262\240R\177 ,\214\325\Q])\016\2067\277\t\354\010\000""; ledgerHashPrevious: ""\265\024\321\362\354\211\250.\234s\225amc\305\035\366\276\037nD\277`\210\223N\3535\033\261\304f""; networkTime: 803842731; firstSeq: 1; lastSeq: 5; ","newEvent: neCLOSING_LEDGER; ledgerSeq: 5; ledgerHash: ""\331]\036\237\306o!\223\221\002\324\031\262\240R\177 ,\214\325\Q])\016\2067\277\t\354\010\000""; ledgerHashPrevious: ""\265\024\321\362\354\211\250.\234s\225amc\305\035\366\276\037nD\277`\210\223N\3535\033\261\304f""; networkTime: 803842731; firstSeq: 1; lastSeq: 5; "
1750527531577,1750527531649,1536,1,2,1,TMStatusChange,"newEvent: neCLOSING_LEDGER; ledgerSeq: 5; ledgerHash: ""\331]\036\237\306o!\223\221\002\324\031\262\240R\177 ,\214\325\Q])\016\2067\277\t\354\010\000""; ledgerHashPrevious: ""\265\024\321\362\354\211\250.\234s\225amc\305\035\366\276\037nD\277`\210\223N\3535\033\261\304f""; networkTime: 803842731; firstSeq: 1; lastSeq: 5; ","newEvent: neCLOSING_LEDGER; ledgerSeq: 5; ledgerHash: ""\331]\036\237\306o!\223\221\002\324\031\262\240R\177 ,\214\325\Q])\016\2067\277\t\354\010\000""; ledgerHashPrevious: ""\265\024\321\362\354\211\250.\234s\225amc\305\035\366\276\037nD\277`\210\223N\3535\033\261\304f""; networkTime: 803842731; firstSeq: 1; lastSeq: 5; "
1750527531576,1750527531649,593,1,2,3,TMStatusChange,"newEvent: neCLOSING_LEDGER; ledgerSeq: 5; ledgerHash: ""\331]\036\237\306o!\223\221\002\324\031\262\240R\177 ,\214\325\Q])\016\2067\277\t\354\010\000""; ledgerHashPrevious: ""\265\024\321\362\354\211\250.\234s\225amc\305\035\366\276\037nD\277`\210\223N\3535\033\261\304f""; networkTime: 803842731; firstSeq: 1; lastSeq: 5; ","newEvent: neCLOSING_LEDGER; ledgerSeq: 5; ledgerHash: ""\331]\036\237\306o!\223\221\002\324\031\262\240R\177 ,\214\325\Q])\016\2067\277\t\354\010\000""; ledgerHashPrevious: ""\265\024\321\362\354\211\250.\234s\225amc\305\035\366\276\037nD\277`\210\223N\3535\033\261\304f""; networkTime: 803842731; firstSeq: 1; lastSeq: 5; "
1750527531578,1750527531649,679,1,2,0,TMStatusChange,"newEvent: neCLOSING_LEDGER; ledgerSeq: 5; ledgerHash: ""\331]\036\237\306o!\223\221\002\324\031\262\240R\177 ,\214\325\Q])\016\2067\277\t\354\010\000""; ledgerHashPrevious: ""\265\024\321\362\354\211\250.\234s\225amc\305\035\366\276\037nD\277`\210\223N\3535\033\261\304f""; networkTime: 803842731; firstSeq: 1; lastSeq: 5; ","newEvent: neCLOSING_LEDGER; ledgerSeq: 5; ledgerHash: ""\331]\036\237\306o!\223\221\002\324\031\262\240R\177 ,\214\325\Q])\016\2067\277\t\354\010\000""; ledgerHashPrevious: ""\265\024\321\362\354\211\250.\234s\225amc\305\035\366\276\037nD\277`\210\223N\3535\033\261\304f""; networkTime: 803842731; firstSeq: 1; lastSeq: 5; "
1750527531680,1750527531680,589,1,2,0,TMGetLedger,"itype: liTS_CANDIDATE; ledgerHash: ""\310\200l\322\255\214\342'\243\202\375k%_\335\032N\021G\005\230\271\366~%e\366\202l^\rR""; nodeIDs: ""\000\000\000\000\000\000\000\000\000\000\000\000\000\000\000\000\000\000\000\000\000\000\000\000\000\000\000\000\000\000\000\000\000""; requestCookie: 4; queryType: qtINDIRECT; queryDepth: 3; ","itype: liTS_CANDIDATE; ledgerHash: ""\310\200l\322\255\214\342'\243\202\375k%_\335\032N\021G\005\230\271\366~%e\366\202l^\rR""; nodeIDs: ""\000\000\000\000\000\000\000\000\000\000\000\000\000\000\000\000\000\000\000\000\000\000\000\000\000\000\000\000\000\000\000\000\000""; requestCookie: 4; queryType: qtINDIRECT; queryDepth: 3; "
1750527531683,1750527531683,1782,1,1,4,TMLedgerData,"ledgerHash: ""'\274\220\233\332\373\335\027\332I\377y`\224\260\350-\215\335\267[\036\265\265\252`\026&\030{\362\363""; ledgerSeq: 0; type: liTS_CANDIDATE; nodes {;   nodedata: ""\002i\361\030\371\256\265\036\320\273\013\357<\215/(\215[\231D\357Gd\372\270\316\261\301\342\327\225\241\000GZ\227\022t\201\240u\2324P\027\307M\337'Y\361[IAD\351\374!\232\005\337\376\252\251g\004\240\231\202k\030<\225\205;%\337\001\376d\216V\310\306k>\373\322\372\353b\3659\350\345\324F\026\n\003"";   nodeid: ""\000\000\000\000\000\000\000\000\000\000\000\000\000\000\000\000\000\000\000\000\000\000\000\000\000\000\000\000\000\000\000\000\000""; }; ","ledgerHash: ""'\274\220\233\332\373\335\027\332I\377y`\224\260\350-\215\335\267[\036\265\265\252`\026&\030{\362\363""; ledgerSeq: 0; type: liTS_CANDIDATE; nodes {;   nodedata: ""\002i\361\030\371\256\265\036\320\273\013\357<\215/(\215[\231D\357Gd\372\270\316\261\301\342\327\225\241\000GZ\227\022t\201\240u\2324P\027\307M\337'Y\361[IAD\351\374!\232\005\337\376\252\251g\004\240\231\202k\030<\225\205;%\337\001\376d\216V\310\306k>\373\322\372\353b\3659\350\345\324F\026\n\003"";   nodeid: ""\000\000\000\000\000\000\000\000\000\000\000\000\000\000\000\000\000\000\000\000\000\000\000\000\000\000\000\000\000\000\000\000\000""; }; "
1750527531687,1750527531687,612,1,2,0,TMLedgerData,"ledgerHash: ""'\274\220\233\332\373\335\027\332I\377y`\224\260\350-\215\335\267[\036\265\265\252`\026&\030{\362\363""; ledgerSeq: 0; type: liTS_CANDIDATE; nodes {;   nodedata: ""\002i\361\030\371\256\265\036\320\273\013\357<\215/(\215[\231D\357Gd\372\270\316\261\301\342\327\225\241\000GZ\227\022t\201\240u\2324P\027\307M\337'Y\361[IAD\351\374!\232\005\337\376\252\251g\004\240\231\202k\030<\225\205;%\337\001\376d\216V\310\306k>\373\322\372\353b\3659\350\345\324F\026\n\003"";   nodeid: ""\000\000\000\000\000\000\000\000\000\000\000\000\000\000\000\000\000\000\000\000\000\000\000\000\000\000\000\000\000\000\000\000\000""; }; ","ledgerHash: ""'\274\220\233\332\373\335\027\332I\377y`\224\260\350-\215\335\267[\036\265\265\252`\026&\030{\362\363""; ledgerSeq: 0; type: liTS_CANDIDATE; nodes {;   nodedata: ""\002i\361\030\371\256\265\036\320\273\013\357<\215/(\215[\231D\357Gd\372\270\316\261\301\342\327\225\241\000GZ\227\022t\201\240u\2324P\027\307M\337'Y\361[IAD\351\374!\232\005\337\376\252\251g\004\240\231\202k\030<\225\205;%\337\001\376d\216V\310\306k>\373\322\372\353b\3659\350\345\324F\026\n\003"";   nodeid: ""\000\000\000\000\000\000\000\000\000\000\000\000\000\000\000\000\000\000\000\000\000\000\000\000\000\000\000\000\000\000\000\000\000""; }; "
1750527531692,1750527531692,3378,1,4,0,TMLedgerData,"ledgerHash: ""[\000\302\314\326\214\276@c\240\272\222{\363\314\032\213\311\316\246/\330\302\014>\022\346\234\347\264\270\350""; ledgerSeq: 0; type: liTS_CANDIDATE; nodes {;   nodedata: ""\002i\361\030\371\256\265\036\320\273\013\357<\215/(\215[\231D\357Gd\372\270\316\261\301\342\327\225\241\000GZ\227\022t\201\240u\2324P\027\307M\337'Y\361[IAD\351\374!\232\005\337\376\252\251g\004\003"";   nodeid: ""\000\000\000\000\000\000\000\000\000\000\000\000\000\000\000\000\000\000\000\000\000\000\000\000\000\000\000\000\000\000\000\000\000""; }; requestCookie: 4; ","ledgerHash: ""[\000\302\314\326\214\276@c\240\272\222{\363\314\032\213\311\316\246/\330\302\014>\022\346\234\347\264\270\350""; ledgerSeq: 0; type: liTS_CANDIDATE; nodes {;   nodedata: ""\002i\361\030\371\256\265\036\320\273\013\357<\215/(\215[\231D\357Gd\372\270\316\261\301\342\327\225\241\000GZ\227\022t\201\240u\2324P\027\307M\337'Y\361[IAD\351\374!\232\005\337\376\252\251g\004\003"";   nodeid: ""\000\000\000\000\000\000\000\000\000\000\000\000\000\000\000\000\000\000\000\000\000\000\000\000\000\000\000\000\000\000\000\000\000""; }; requestCookie: 4; "
1750527531692,1750527531693,1311,1,1,3,TMValidation,"validation: """"\200\000\000\001&\000\000\000\005)/\351\252\252:\r\302\353\023?\373\240rQ\331]\036\237\306o!\223\221\002\324\031\262\240R\177 ,\214\325\Q])\016\2067\277\t\354\010\000P\027'\274\220\233\332\373\335\027\332I\377y`\224\260\350-\215\335\267[\036\265\265\252`\026&\030{\362\363P\031\265\024\321\362\354\211\250.\234s\225amc\305\035\366\276\037nD\277`\210\223N\3535\033\261\304fs!\003R7o\362bV\300hf\266\241;}\200^\374\240\203[:\342Q\225\221\027y\372\255\235\216\323~vF0D\002 \t+h\355\361M\370|ia\205m\375\031iM\d\325\246\356\000|\320O\230z\027\024<\217\004\002 E\244G\326\253B\316\225\016\256\260P\243\351i\316\371\355E\367\351\266;\347\232\257\003\223\017w\270\204""; ","validation: """"\200\000\000\001&\000\000\000\005)/\351\252\252:\r\302\353\023?\373\240rQ\331]\036\237\306o!\223\221\002\324\031\262\240R\177 ,\214\325\Q])\016\2067\277\t\354\010\000P\027'\274\220\233\332\373\335\027\332I\377y`\224\260\350-\215\335\267[\036\265\265\252`\026&\030{\362\363P\031\265\024\321\362\354\211\250.\234s\225amc\305\035\366\276\037nD\277`\210\223N\3535\033\261\304fs!\003R7o\362bV\300hf\266\241;}\200^\374\240\203[:\342Q\225\221\027y\372\255\235\216\323~vF0D\002 \t+h\355\361M\370|ia\205m\375\031iM\d\325\246\356\000|\320O\230z\027\024<\217\004\002 E\244G\326\253B\316\225\016\256\260P\243\351i\316\371\355E\367\351\266;\347\232\257\003\223\017w\270\204""; "
1750527531693,1750527531694,2229,1,1,0,TMValidation,"validation: """"\200\000\000\001&\000\000\000\005)/\351\252\252:\r\302\353\023?\373\240rQ\331]\036\237\306o!\223\221\002\324\031\262\240R\177 ,\214\325\Q])\016\2067\277\t\354\010\000P\027'\274\220\233\332\373\335\027\332I\377y`\224\260\350-\215\335\267[\036\265\265\252`\026&\030{\362\363P\031\265\024\321\362\354\211\250.\234s\225amc\305\035\366\276\037nD\277`\210\223N\3535\033\261\304fs!\003R7o\362bV\300hf\266\241;}\200^\374\240\203[:\342Q\225\221\027y\372\255\235\216\323~vF0D\002 \t+h\355\361M\370|ia\205m\375\031iM\d\325\246\356\000|\320O\230z\027\024<\217\004\002 E\244G\326\253B\316\225\016\256\260P\243\351i\316\371\355E\367\351\266;\347\232\257\003\223\017w\270\204""; ","validation: """"\200\000\000\001&\000\000\000\005)/\351\252\252:\r\302\353\023?\373\240rQ\331]\036\237\306o!\223\221\002\324\031\262\240R\177 ,\214\325\Q])\016\2067\277\t\354\010\000P\027'\274\220\233\332\373\335\027\332I\377y`\224\260\350-\215\335\267[\036\265\265\252`\026&\030{\362\363P\031\265\024\321\362\354\211\250.\234s\225amc\305\035\366\276\037nD\277`\210\223N\3535\033\261\304fs!\003R7o\362bV\300hf\266\241;}\200^\374\240\203[:\342Q\225\221\027y\372\255\235\216\323~vF0D\002 \t+h\355\361M\370|ia\205m\375\031iM\d\325\246\356\000|\320O\230z\027\024<\217\004\002 E\244G\326\253B\316\225\016\256\260P\243\351i\316\371\355E\367\351\266;\347\232\257\003\223\017w\270\204""; "
1750527531693,1750527531693,3746,1,1,4,TMValidation,"validation: """"\200\000\000\001&\000\000\000\005)/\351\252\252:\r\302\353\023?\373\240rQ\331]\036\237\306o!\223\221\002\324\031\262\240R\177 ,\214\325\Q])\016\2067\277\t\354\010\000P\027'\274\220\233\332\373\335\027\332I\377y`\224\260\350-\215\335\267[\036\265\265\252`\026&\030{\362\363P\031\265\024\321\362\354\211\250.\234s\225amc\305\035\366\276\037nD\277`\210\223N\3535\033\261\304fs!\003R7o\362bV\300hf\266\241;}\200^\374\240\203[:\342Q\225\221\027y\372\255\235\216\323~vF0D\002 \t+h\355\361M\370|ia\205m\375\031iM\d\325\246\356\000|\320O\230z\027\024<\217\004\002 E\244G\326\253B\316\225\016\256\260P\243\351i\316\371\355E\367\351\266;\347\232\257\003\223\017w\270\204""; ","validation: """"\200\000\000\001&\000\000\000\005)/\351\252\252:\r\302\353\023?\373\240rQ\331]\036\237\306o!\223\221\002\324\031\262\240R\177 ,\214\325\Q])\016\2067\277\t\354\010\000P\027'\274\220\233\332\373\335\027\332I\377y`\224\260\350-\215\335\267[\036\265\265\252`\026&\030{\362\363P\031\265\024\321\362\354\211\250.\234s\225amc\305\035\366\276\037nD\277`\210\223N\3535\033\261\304fs!\003R7o\362bV\300hf\266\241;}\200^\374\240\203[:\342Q\225\221\027y\372\255\235\216\323~vF0D\002 \t+h\355\361M\370|ia\205m\375\031iM\d\325\246\356\000|\320O\230z\027\024<\217\004\002 E\244G\326\253B\316\225\016\256\260P\243\351i\316\371\355E\367\351\266;\347\232\257\003\223\017w\270\204""; "
1750527531698,1750527531698,2764,1,4,3,TMLedgerData,"ledgerHash: ""[\000\302\314\326\214\276@c\240\272\222{\363\314\032\213\311\316\246/\330\302\014>\022\346\234\347\264\270\350""; ledgerSeq: 0; type: liTS_CANDIDATE; nodes {;   nodedata: ""\002i\361\030\371\256\265\036\320\273\013\357<\215/(\215[\231D\357Gd\372\270\316\261\301\342\327\225\241\000GZ\227\022t\201\240u\2324P\027\307M\337'Y\361[IAD\351\374!\232\005\337\376\252\251g\004\003"";   nodeid: ""\000\000\000\000\000\000\000\000\000\000\000\000\000\000\000\000\000\000\000\000\000\000\000\000\000\000\000\000\000\000\000\000\000""; }; ","ledgerHash: ""[\000\302\314\326\214\276@c\240\272\222{\363\314\032\213\311\316\246/\330\302\014>\022\346\234\347\264\270\350""; ledgerSeq: 0; type: liTS_CANDIDATE; nodes {;   nodedata: ""\002i\361\030\371\256\265\036\320\273\013\357<\215/(\215[\231D\357Gd\372\270\316\261\301\342\327\225\241\000GZ\227\022t\201\240u\2324P\027\307M\337'Y\361[IAD\351\374!\232\005\337\376\252\251g\004\003"";   nodeid: ""\000\000\000\000\000\000\000\000\000\000\000\000\000\000\000\000\000\000\000\000\000\000\000\000\000\000\000\000\000\000\000\000\000""; }; "
1750527531719,1750527531719,3378,1,4,0,TMLedgerData,"ledgerHash: ""[\000\302\314\326\214\276@c\240\272\222{\363\314\032\213\311\316\246/\330\302\014>\022\346\234\347\264\270\350""; ledgerSeq: 0; type: liTS_CANDIDATE; nodes {;   nodedata: ""\002i\361\030\371\256\265\036\320\273\013\357<\215/(\215[\231D\357Gd\372\270\316\261\301\342\327\225\241\000GZ\227\022t\201\240u\2324P\027\307M\337'Y\361[IAD\351\374!\232\005\337\376\252\251g\004\003"";   nodeid: ""\000\000\000\000\000\000\000\000\000\000\000\000\000\000\000\000\000\000\000\000\000\000\000\000\000\000\000\000\000\000\000\000\000""; }; requestCookie: 3; ","ledgerHash: ""[\000\302\314\326\214\276@c\240\272\222{\363\314\032\213\311\316\246/\330\302\014>\022\346\234\347\264\270\350""; ledgerSeq: 0; type: liTS_CANDIDATE; nodes {;   nodedata: ""\002i\361\030\371\256\265\036\320\273\013\357<\215/(\215[\231D\357Gd\372\270\316\261\301\342\327\225\241\000GZ\227\022t\201\240u\2324P\027\307M\337'Y\361[IAD\351\374!\232\005\337\376\252\251g\004\003"";   nodeid: ""\000\000\000\000\000\000\000\000\000\000\000\000\000\000\000\000\000\000\000\000\000\000\000\000\000\000\000\000\000\000\000\000\000""; }; requestCookie: 3; "
1750527531722,1750527531722,3719,1,2,4,TMGetLedger,"itype: liTS_CANDIDATE; ledgerHash: ""[\000\302\314\326\214\276@c\240\272\222{\363\314\032\213\311\316\246/\330\302\014>\022\346\234\347\264\270\350""; nodeIDs: ""\000\000\000\000\000\000\000\000\000\000\000\000\000\000\000\000\000\000\000\000\000\000\000\000\000\000\000\000\000\000\000\000\000""; requestCookie: 4; queryType: qtINDIRECT; queryDepth: 3; ","itype: liTS_CANDIDATE; ledgerHash: ""[\000\302\314\326\214\276@c\240\272\222{\363\314\032\213\311\316\246/\330\302\014>\022\346\234\347\264\270\350""; nodeIDs: ""\000\000\000\000\000\000\000\000\000\000\000\000\000\000\000\000\000\000\000\000\000\000\000\000\000\000\000\000\000\000\000\000\000""; requestCookie: 4; queryType: qtINDIRECT; queryDepth: 3; "
1750527531730,1750527531730,589,1,2,0,TMGetLedger,"itype: liTS_CANDIDATE; ledgerHash: ""\310\200l\322\255\214\342'\243\202\375k%_\335\032N\021G\005\230\271\366~%e\366\202l^\rR""; nodeIDs: ""\000\000\000\000\000\000\000\000\000\000\000\000\000\000\000\000\000\000\000\000\000\000\000\000\000\000\000\000\000\000\000\000\000""; requestCookie: 5; queryType: qtINDIRECT; queryDepth: 3; ","itype: liTS_CANDIDATE; ledgerHash: ""\310\200l\322\255\214\342'\243\202\375k%_\335\032N\021G\005\230\271\366~%e\366\202l^\rR""; nodeIDs: ""\000\000\000\000\000\000\000\000\000\000\000\000\000\000\000\000\000\000\000\000\000\000\000\000\000\000\000\000\000\000\000\000\000""; requestCookie: 5; queryType: qtINDIRECT; queryDepth: 3; "
1750527531748,1750527531748,589,1,2,0,TMGetLedger,"itype: liTS_CANDIDATE; ledgerHash: ""[\000\302\314\326\214\276@c\240\272\222{\363\314\032\213\311\316\246/\330\302\014>\022\346\234\347\264\270\350""; nodeIDs: ""\000\000\000\000\000\000\000\000\000\000\000\000\000\000\000\000\000\000\000\000\000\000\000\000\000\000\000\000\000\000\000\000\000""; queryType: qtINDIRECT; queryDepth: 3; ","itype: liTS_CANDIDATE; ledgerHash: ""[\000\302\314\326\214\276@c\240\272\222{\363\314\032\213\311\316\246/\330\302\014>\022\346\234\347\264\270\350""; nodeIDs: ""\000\000\000\000\000\000\000\000\000\000\000\000\000\000\000\000\000\000\000\000\000\000\000\000\000\000\000\000\000\000\000\000\000""; queryType: qtINDIRECT; queryDepth: 3; "
1750527531748,1750527531748,1544,1,2,1,TMGetLedger,"itype: liTS_CANDIDATE; ledgerHash: ""[\000\302\314\326\214\276@c\240\272\222{\363\314\032\213\311\316\246/\330\302\014>\022\346\234\347\264\270\350""; nodeIDs: ""\000\000\000\000\000\000\000\000\000\000\000\000\000\000\000\000\000\000\000\000\000\000\000\000\000\000\000\000\000\000\000\000\000""; queryType: qtINDIRECT; queryDepth: 3; ","itype: liTS_CANDIDATE; ledgerHash: ""[\000\302\314\326\214\276@c\240\272\222{\363\314\032\213\311\316\246/\330\302\014>\022\346\234\347\264\270\350""; nodeIDs: ""\000\000\000\000\000\000\000\000\000\000\000\000\000\000\000\000\000\000\000\000\000\000\000\000\000\000\000\000\000\000\000\000\000""; queryType: qtINDIRECT; queryDepth: 3; "
1750527531748,1750527531748,4000,1,2,3,TMGetLedger,"itype: liTS_CANDIDATE; ledgerHash: ""[\000\302\314\326\214\276@c\240\272\222{\363\314\032\213\311\316\246/\330\302\014>\022\346\234\347\264\270\350""; nodeIDs: ""\000\000\000\000\000\000\000\000\000\000\000\000\000\000\000\000\000\000\000\000\000\000\000\000\000\000\000\000\000\000\000\000\000""; queryType: qtINDIRECT; queryDepth: 3; ","itype: liTS_CANDIDATE; ledgerHash: ""[\000\302\314\326\214\276@c\240\272\222{\363\314\032\213\311\316\246/\330\302\014>\022\346\234\347\264\270\350""; nodeIDs: ""\000\000\000\000\000\000\000\000\000\000\000\000\000\000\000\000\000\000\000\000\000\000\000\000\000\000\000\000\000\000\000\000\000""; queryType: qtINDIRECT; queryDepth: 3; "
1750527531758,1750527531758,3810,1,1,4,TMGetLedger,"itype: liTS_CANDIDATE; ledgerHash: ""[\000\302\314\326\214\276@c\240\272\222{\363\314\032\213\311\316\246/\330\302\014>\022\346\234\347\264\270\350""; nodeIDs: ""\000\000\000\000\000\000\000\000\000\000\000\000\000\000\000\000\000\000\000\000\000\000\000\000\000\000\000\000\000\000\000\000\000""; requestCookie: 4; queryType: qtINDIRECT; queryDepth: 3; ","itype: liTS_CANDIDATE; ledgerHash: ""[\000\302\314\326\214\276@c\240\272\222{\363\314\032\213\311\316\246/\330\302\014>\022\346\234\347\264\270\350""; nodeIDs: ""\000\000\000\000\000\000\000\000\000\000\000\000\000\000\000\000\000\000\000\000\000\000\000\000\000\000\000\000\000\000\000\000\000""; requestCookie: 4; queryType: qtINDIRECT; queryDepth: 3; "
1750527531760,1750527531760,2920,1,1,0,TMGetLedger,"itype: liTS_CANDIDATE; ledgerHash: ""\310\200l\322\255\214\342'\243\202\375k%_\335\032N\021G\005\230\271\366~%e\366\202l^\rR""; nodeIDs: ""\000\000\000\000\000\000\000\000\000\000\000\000\000\000\000\000\000\000\000\000\000\000\000\000\000\000\000\000\000\000\000\000\000""; requestCookie: 5; queryType: qtINDIRECT; queryDepth: 3; ","itype: liTS_CANDIDATE; ledgerHash: ""\310\200l\322\255\214\342'\243\202\375k%_\335\032N\021G\005\230\271\366~%e\366\202l^\rR""; nodeIDs: ""\000\000\000\000\000\000\000\000\000\000\000\000\000\000\000\000\000\000\000\000\000\000\000\000\000\000\000\000\000\000\000\000\000""; requestCookie: 5; queryType: qtINDIRECT; queryDepth: 3; "
1750527531762,1750527531762,2920,1,1,0,TMGetLedger,"itype: liTS_CANDIDATE; ledgerHash: ""[\000\302\314\326\214\276@c\240\272\222{\363\314\032\213\311\316\246/\330\302\014>\022\346\234\347\264\270\350""; nodeIDs: ""\000\000\000\000\000\000\000\000\000\000\000\000\000\000\000\000\000\000\000\000\000\000\000\000\000\000\000\000\000\000\000\000\000""; queryType: qtINDIRECT; queryDepth: 3; ","itype: liTS_CANDIDATE; ledgerHash: ""[\000\302\314\326\214\276@c\240\272\222{\363\314\032\213\311\316\246/\330\302\014>\022\346\234\347\264\270\350""; nodeIDs: ""\000\000\000\000\000\000\000\000\000\000\000\000\000\000\000\000\000\000\000\000\000\000\000\000\000\000\000\000\000\000\000\000\000""; queryType: qtINDIRECT; queryDepth: 3; "
1750527531763,1750527531763,1495,1,1,2,TMGetLedger,"itype: liTS_CANDIDATE; ledgerHash: ""[\000\302\314\326\214\276@c\240\272\222{\363\314\032\213\311\316\246/\330\302\014>\022\346\234\347\264\270\350""; nodeIDs: ""\000\000\000\000\000\000\000\000\000\000\000\000\000\000\000\000\000\000\000\000\000\000\000\000\000\000\000\000\000\000\000\000\000""; queryType: qtINDIRECT; queryDepth: 3; ","itype: liTS_CANDIDATE; ledgerHash: ""[\000\302\314\326\214\276@c\240\272\222{\363\314\032\213\311\316\246/\330\302\014>\022\346\234\347\264\270\350""; nodeIDs: ""\000\000\000\000\000\000\000\000\000\000\000\000\000\000\000\000\000\000\000\000\000\000\000\000\000\000\000\000\000\000\000\000\000""; queryType: qtINDIRECT; queryDepth: 3; "
1750527531763,1750527531763,3769,1,1,3,TMGetLedger,"itype: liTS_CANDIDATE; ledgerHash: ""[\000\302\314\326\214\276@c\240\272\222{\363\314\032\213\311\316\246/\330\302\014>\022\346\234\347\264\270\350""; nodeIDs: ""\000\000\000\000\000\000\000\000\000\000\000\000\000\000\000\000\000\000\000\000\000\000\000\000\000\000\000\000\000\000\000\000\000""; queryType: qtINDIRECT; queryDepth: 3; ","itype: liTS_CANDIDATE; ledgerHash: ""[\000\302\314\326\214\276@c\240\272\222{\363\314\032\213\311\316\246/\330\302\014>\022\346\234\347\264\270\350""; nodeIDs: ""\000\000\000\000\000\000\000\000\000\000\000\000\000\000\000\000\000\000\000\000\000\000\000\000\000\000\000\000\000\000\000\000\000""; queryType: qtINDIRECT; queryDepth: 3; "
1750527531762,1750527531762,3810,1,1,4,TMGetLedger,"itype: liTS_CANDIDATE; ledgerHash: ""[\000\302\314\326\214\276@c\240\272\222{\363\314\032\213\311\316\246/\330\302\014>\022\346\234\347\264\270\350""; nodeIDs: ""\000\000\000\000\000\000\000\000\000\000\000\000\000\000\000\000\000\000\000\000\000\000\000\000\000\000\000\000\000\000\000\000\000""; queryType: qtINDIRECT; queryDepth: 3; ","itype: liTS_CANDIDATE; ledgerHash: ""[\000\302\314\326\214\276@c\240\272\222{\363\314\032\213\311\316\246/\330\302\014>\022\346\234\347\264\270\350""; nodeIDs: ""\000\000\000\000\000\000\000\000\000\000\000\000\000\000\000\000\000\000\000\000\000\000\000\000\000\000\000\000\000\000\000\000\000""; queryType: qtINDIRECT; queryDepth: 3; "
1750527531765,1750527531766,3719,1,2,4,TMGetLedger,"itype: liTS_CANDIDATE; ledgerHash: ""[\000\302\314\326\214\276@c\240\272\222{\363\314\032\213\311\316\246/\330\302\014>\022\346\234\347\264\270\350""; nodeIDs: ""\000\000\000\000\000\000\000\000\000\000\000\000\000\000\000\000\000\000\000\000\000\000\000\000\000\000\000\000\000\000\000\000\000""; requestCookie: 3; queryType: qtINDIRECT; queryDepth: 3; ","itype: liTS_CANDIDATE; ledgerHash: ""[\000\302\314\326\214\276@c\240\272\222{\363\314\032\213\311\316\246/\330\302\014>\022\346\234\347\264\270\350""; nodeIDs: ""\000\000\000\000\000\000\000\000\000\000\000\000\000\000\000\000\000\000\000\000\000\000\000\000\000\000\000\000\000\000\000\000\000""; requestCookie: 3; queryType: qtINDIRECT; queryDepth: 3; "
1750527531766,1750527531766,3719,1,2,4,TMGetLedger,"itype: liTS_CANDIDATE; ledgerHash: ""[\000\302\314\326\214\276@c\240\272\222{\363\314\032\213\311\316\246/\330\302\014>\022\346\234\347\264\270\350""; nodeIDs: ""\000\000\000\000\000\000\000\000\000\000\000\000\000\000\000\000\000\000\000\000\000\000\000\000\000\000\000\000\000\000\000\000\000""; queryType: qtINDIRECT; queryDepth: 3; ","itype: liTS_CANDIDATE; ledgerHash: ""[\000\302\314\326\214\276@c\240\272\222{\363\314\032\213\311\316\246/\330\302\014>\022\346\234\347\264\270\350""; nodeIDs: ""\000\000\000\000\000\000\000\000\000\000\000\000\000\000\000\000\000\000\000\000\000\000\000\000\000\000\000\000\000\000\000\000\000""; queryType: qtINDIRECT; queryDepth: 3; "
1750527531766,1750527531766,1996,1,0,4,TMLedgerData,"ledgerHash: ""'\274\220\233\332\373\335\027\332I\377y`\224\260\350-\215\335\267[\036\265\265\252`\026&\030{\362\363""; ledgerSeq: 0; type: liTS_CANDIDATE; nodes {;   nodedata: ""\002i\361\030\371\256\265\036\320\273\013\357<\215/(\215[\231D\357Gd\372\270\316\261\301\342\327\225\241\000GZ\227\022t\201\240u\2324P\027\307M\337'Y\361[IAD\351\374!\232\005\337\376\252\251g\004\240\231\202k\030<\225\205;%\337\001\376d\216V\310\306k>\373\322\372\353b\3659\350\345\324F\026\n\003"";   nodeid: ""\000\000\000\000\000\000\000\000\000\000\000\000\000\000\000\000\000\000\000\000\000\000\000\000\000\000\000\000\000\000\000\000\000""; }; ","ledgerHash: ""'\274\220\233\332\373\335\027\332I\377y`\224\260\350-\215\335\267[\036\265\265\252`\026&\030{\362\363""; ledgerSeq: 0; type: liTS_CANDIDATE; nodes {;   nodedata: ""\002i\361\030\371\256\265\036\320\273\013\357<\215/(\215[\231D\357Gd\372\270\316\261\301\342\327\225\241\000GZ\227\022t\201\240u\2324P\027\307M\337'Y\361[IAD\351\374!\232\005\337\376\252\251g\004\240\231\202k\030<\225\205;%\337\001\376d\216V\310\306k>\373\322\372\353b\3659\350\345\324F\026\n\003"";   nodeid: ""\000\000\000\000\000\000\000\000\000\000\000\000\000\000\000\000\000\000\000\000\000\000\000\000\000\000\000\000\000\000\000\000\000""; }; "
1750527531767,1750527531767,3378,1,4,0,TMLedgerData,"ledgerHash: ""[\000\302\314\326\214\276@c\240\272\222{\363\314\032\213\311\316\246/\330\302\014>\022\346\234\347\264\270\350""; ledgerSeq: 0; type: liTS_CANDIDATE; nodes {;   nodedata: ""\002i\361\030\371\256\265\036\320\273\013\357<\215/(\215[\231D\357Gd\372\270\316\261\301\342\327\225\241\000GZ\227\022t\201\240u\2324P\027\307M\337'Y\361[IAD\351\374!\232\005\337\376\252\251g\004\003"";   nodeid: ""\000\000\000\000\000\000\000\000\000\000\000\000\000\000\000\000\000\000\000\000\000\000\000\000\000\000\000\000\000\000\000\000\000""; }; ","ledgerHash: ""[\000\302\314\326\214\276@c\240\272\222{\363\314\032\213\311\316\246/\330\302\014>\022\346\234\347\264\270\350""; ledgerSeq: 0; type: liTS_CANDIDATE; nodes {;   nodedata: ""\002i\361\030\371\256\265\036\320\273\013\357<\215/(\215[\231D\357Gd\372\270\316\261\301\342\327\225\241\000GZ\227\022t\201\240u\2324P\027\307M\337'Y\361[IAD\351\374!\232\005\337\376\252\251g\004\003"";   nodeid: ""\000\000\000\000\000\000\000\000\000\000\000\000\000\000\000\000\000\000\000\000\000\000\000\000\000\000\000\000\000\000\000\000\000""; }; "
1750527531772,1750527531772,3818,1,0,2,TMLedgerData,"ledgerHash: ""\310\200l\322\255\214\342'\243\202\375k%_\335\032N\021G\005\230\271\366~%e\366\202l^\rR""; ledgerSeq: 0; type: liTS_CANDIDATE; nodes {;   nodedata: ""GZ\227\022t\201\240u\2324P\027\307M\337'Y\361[IAD\351\374!\232\005\337\376\252\251g\004\003"";   nodeid: ""\000\000\000\000\000\000\000\000\000\000\000\000\000\000\000\000\000\000\000\000\000\000\000\000\000\000\000\000\000\000\000\000\000""; }; requestCookie: 4; ","ledgerHash: ""\310\200l\322\255\214\342'\243\202\375k%_\335\032N\021G\005\230\271\366~%e\366\202l^\rR""; ledgerSeq: 0; type: liTS_CANDIDATE; nodes {;   nodedata: ""GZ\227\022t\201\240u\2324P\027\307M\337'Y\361[IAD\351\374!\232\005\337\376\252\251g\004\003"";   nodeid: ""\000\000\000\000\000\000\000\000\000\000\000\000\000\000\000\000\000\000\000\000\000\000\000\000\000\000\000\000\000\000\000\000\000""; }; requestCookie: 4; "
1750527531799,1750527531799,2261,1,0,1,TMValidation,"validation: """"\200\000\000\001&\000\000\000\005)/\351\252\252:\r\302\353\023?\373\240rQ\331]\036\237\306o!\223\221\002\324\031\262\240R\177 ,\214\325\Q])\016\2067\277\t\354\010\000P\027'\274\220\233\332\373\335\027\332I\377y`\224\260\350-\215\335\267[\036\265\265\252`\026&\030{\362\363P\031\265\024\321\362\354\211\250.\234s\225amc\305\035\366\276\037nD\277`\210\223N\3535\033\261\304fs!\003R7o\362bV\300hf\266\241;}\200^\374\240\203[:\342Q\225\221\027y\372\255\235\216\323~vF0D\002 \t+h\355\361M\370|ia\205m\375\031iM\d\325\246\356\000|\320O\230z\027\024<\217\004\002 E\244G\326\253B\316\225\016\256\260P\243\351i\316\371\355E\367\351\266;\347\232\257\003\223\017w\270\204""; ","validation: """"\200\000\000\001&\000\000\000\005)/\351\252\252:\r\302\353\023?\373\240rQ\331]\036\237\306o!\223\221\002\324\031\262\240R\177 ,\214\325\Q])\016\2067\277\t\354\010\000P\027'\274\220\233\332\373\335\027\332I\377y`\224\260\350-\215\335\267[\036\265\265\252`\026&\030{\362\363P\031\265\024\321\362\354\211\250.\234s\225amc\305\035\366\276\037nD\277`\210\223N\3535\033\261\304fs!\003R7o\362bV\300hf\266\241;}\200^\374\240\203[:\342Q\225\221\027y\372\255\235\216\323~vF0D\002 \t+h\355\361M\370|ia\205m\375\031iM\d\325\246\356\000|\320O\230z\027\024<\217\004\002 E\244G\326\253B\316\225\016\256\260P\243\351i\316\371\355E\367\351\266;\347\232\257\003\223\017w\270\204""; "
1750527531799,1750527531800,3422,1,0,3,TMValidation,"validation: """"\200\000\000\001&\000\000\000\005)/\351\252\252:\r\302\353\023?\373\240rQ\331]\036\237\306o!\223\221\002\324\031\262\240R\177 ,\214\325\Q])\016\2067\277\t\354\010\000P\027'\274\220\233\332\373\335\027\332I\377y`\224\260\350-\215\335\267[\036\265\265\252`\026&\030{\362\363P\031\265\024\321\362\354\211\250.\234s\225amc\305\035\366\276\037nD\277`\210\223N\3535\033\261\304fs!\003R7o\362bV\300hf\266\241;}\200^\374\240\203[:\342Q\225\221\027y\372\255\235\216\323~vF0D\002 \t+h\355\361M\370|ia\205m\375\031iM\d\325\246\356\000|\320O\230z\027\024<\217\004\002 E\244G\326\253B\316\225\016\256\260P\243\351i\316\371\355E\367\351\266;\347\232\257\003\223\017w\270\204""; ","validation: """"\200\000\000\001&\000\000\000\005)/\351\252\252:\r\302\353\023?\373\240rQ\331]\036\237\306o!\223\221\002\324\031\262\240R\177 ,\214\325\Q])\016\2067\277\t\354\010\000P\027'\274\220\233\332\373\335\027\332I\377y`\224\260\350-\215\335\267[\036\265\265\252`\026&\030{\362\363P\031\265\024\321\362\354\211\250.\234s\225amc\305\035\366\276\037nD\277`\210\223N\3535\033\261\304fs!\003R7o\362bV\300hf\266\241;}\200^\374\240\203[:\342Q\225\221\027y\372\255\235\216\323~vF0D\002 \t+h\355\361M\370|ia\205m\375\031iM\d\325\246\356\000|\320O\230z\027\024<\217\004\002 E\244G\326\253B\316\225\016\256\260P\243\351i\316\371\355E\367\351\266;\347\232\257\003\223\017w\270\204""; "
1750527531806,1750527531806,3810,1,1,4,TMGetLedger,"itype: liTS_CANDIDATE; ledgerHash: ""[\000\302\314\326\214\276@c\240\272\222{\363\314\032\213\311\316\246/\330\302\014>\022\346\234\347\264\270\350""; nodeIDs: ""\000\000\000\000\000\000\000\000\000\000\000\000\000\000\000\000\000\000\000\000\000\000\000\000\000\000\000\000\000\000\000\000\000""; requestCookie: 3; queryType: qtINDIRECT; queryDepth: 3; ","itype: liTS_CANDIDATE; ledgerHash: ""[\000\302\314\326\214\276@c\240\272\222{\363\314\032\213\311\316\246/\330\302\014>\022\346\234\347\264\270\350""; nodeIDs: ""\000\000\000\000\000\000\000\000\000\000\000\000\000\000\000\000\000\000\000\000\000\000\000\000\000\000\000\000\000\000\000\000\000""; requestCookie: 3; queryType: qtINDIRECT; queryDepth: 3; "
1750527531809,1750527531810,782,1,0,4,TMValidation,"validation: """"\200\000\000\001&\000\000\000\005)/\351\252\252:\r\302\353\023?\373\240rQ\331]\036\237\306o!\223\221\002\324\031\262\240R\177 ,\214\325\Q])\016\2067\277\t\354\010\000P\027'\274\220\233\332\373\335\027\332I\377y`\224\260\350-\215\335\267[\036\265\265\252`\026&\030{\362\363P\031\265\024\321\362\354\211\250.\234s\225amc\305\035\366\276\037nD\277`\210\223N\3535\033\261\304fs!\003R7o\362bV\300hf\266\241;}\200^\374\240\203[:\342Q\225\221\027y\372\255\235\216\323~vF0D\002 \t+h\355\361M\370|ia\205m\375\031iM\d\325\246\356\000|\320O\230z\027\024<\217\004\002 E\244G\326\253B\316\225\016\256\260P\243\351i\316\371\355E\367\351\266;\347\232\257\003\223\017w\270\204""; ","validation: """"\200\000\000\001&\000\000\000\005)/\351\252\252:\r\302\353\023?\373\240rQ\331]\036\237\306o!\223\221\002\324\031\262\240R\177 ,\214\325\Q])\016\2067\277\t\354\010\000P\027'\274\220\233\332\373\335\027\332I\377y`\224\260\350-\215\335\267[\036\265\265\252`\026&\030{\362\363P\031\265\024\321\362\354\211\250.\234s\225amc\305\035\366\276\037nD\277`\210\223N\3535\033\261\304fs!\003R7o\362bV\300hf\266\241;}\200^\374\240\203[:\342Q\225\221\027y\372\255\235\216\323~vF0D\002 \t+h\355\361M\370|ia\205m\375\031iM\d\325\246\356\000|\320O\230z\027\024<\217\004\002 E\244G\326\253B\316\225\016\256\260P\243\351i\316\371\355E\367\351\266;\347\232\257\003\223\017w\270\204""; "
1750527531810,1750527531810,380,1,0,4,TMGetLedger,"itype: liTS_CANDIDATE; ledgerHash: ""[\000\302\314\326\214\276@c\240\272\222{\363\314\032\213\311\316\246/\330\302\014>\022\346\234\347\264\270\350""; nodeIDs: ""\000\000\000\000\000\000\000\000\000\000\000\000\000\000\000\000\000\000\000\000\000\000\000\000\000\000\000\000\000\000\000\000\000""; requestCookie: 4; queryType: qtINDIRECT; queryDepth: 3; ","itype: liTS_CANDIDATE; ledgerHash: ""[\000\302\314\326\214\276@c\240\272\222{\363\314\032\213\311\316\246/\330\302\014>\022\346\234\347\264\270\350""; nodeIDs: ""\000\000\000\000\000\000\000\000\000\000\000\000\000\000\000\000\000\000\000\000\000\000\000\000\000\000\000\000\000\000\000\000\000""; requestCookie: 4; queryType: qtINDIRECT; queryDepth: 3; "
1750527531829,1750527531830,4000,1,2,3,TMGetLedger,"itype: liTS_CANDIDATE; ledgerHash: ""[\000\302\314\326\214\276@c\240\272\222{\363\314\032\213\311\316\246/\330\302\014>\022\346\234\347\264\270\350""; nodeIDs: ""\000\000\000\000\000\000\000\000\000\000\000\000\000\000\000\000\000\000\000\000\000\000\000\000\000\000\000\000\000\000\000\000\000""; requestCookie: 2; queryType: qtINDIRECT; queryDepth: 3; ","itype: liTS_CANDIDATE; ledgerHash: ""[\000\302\314\326\214\276@c\240\272\222{\363\314\032\213\311\316\246/\330\302\014>\022\346\234\347\264\270\350""; nodeIDs: ""\000\000\000\000\000\000\000\000\000\000\000\000\000\000\000\000\000\000\000\000\000\000\000\000\000\000\000\000\000\000\000\000\000""; requestCookie: 2; queryType: qtINDIRECT; queryDepth: 3; "
1750527531835,1750527531835,3620,1,4,3,TMValidation,"validation: """"\200\000\000\001&\000\000\000\005)/\351\252\251:\303`\246;Q\203[_Q\331]\036\237\306o!\223\221\002\324\031\262\240R\177 ,\214\325\Q])\016\2067\277\t\354\010\000P\027'\274\220\233\332\373\335\027\332I\377y`\224\260\350-\215\335\267[\036\265\265\252`\026&\030{\362\363P\031\265\024\321\362\354\211\250.\234s\225amc\305\035\366\276\037nD\277`\210\223N\3535\033\261\304fs!\002\266\377\271\344:\030\221i\267\257\215\237M\014\3345f\014\273|\207\367\334\337F\325\004cxB\211LvG0E\002!\000\376\247L \003\263\345< 8\327\326\337\263Ps\243.\361\2659a\334;\031P\326\033\355\373\324\235\002 zU\\354\320\346\320\016\237\216i#\250SK \317\357\332Z\340w\374\254=\352\376\346\032YqR""; ","validation: """"\200\000\000\001&\000\000\000\005)/\351\252\251:\303`\246;Q\203[_Q\331]\036\237\306o!\223\221\002\324\031\262\240R\177 ,\214\325\Q])\016\2067\277\t\354\010\000P\027'\274\220\233\332\373\335\027\332I\377y`\224\260\350-\215\335\267[\036\265\265\252`\026&\030{\362\363P\031\265\024\321\362\354\211\250.\234s\225amc\305\035\366\276\037nD\277`\210\223N\3535\033\261\304fs!\002\266\377\271\344:\030\221i\267\257\215\237M\014\3345f\014\273|\207\367\334\337F\325\004cxB\211LvG0E\002!\000\376\247L \003\263\345< 8\327\326\337\263Ps\243.\361\2659a\334;\031P\326\033\355\373\324\235\002 zU\\354\320\346\320\016\237\216i#\250SK \317\357\332Z\340w\374\254=\352\376\346\032YqR""; "
1750527531835,1750527531835,3803,1,4,1,TMValidation,"validation: """"\200\000\000\001&\000\000\000\005)/\351\252\251:\303`\246;Q\203[_Q\331]\036\237\306o!\223\221\002\324\031\262\240R\177 ,\214\325\Q])\016\2067\277\t\354\010\000P\027'\274\220\233\332\373\335\027\332I\377y`\224\260\350-\215\335\267[\036\265\265\252`\026&\030{\362\363P\031\265\024\321\362\354\211\250.\234s\225amc\305\035\366\276\037nD\277`\210\223N\3535\033\261\304fs!\002\266\377\271\344:\030\221i\267\257\215\237M\014\3345f\014\273|\207\367\334\337F\325\004cxB\211LvG0E\002!\000\376\247L \003\263\345< 8\327\326\337\263Ps\243.\361\2659a\334;\031P\326\033\355\373\324\235\002 zU\\354\320\346\320\016\237\216i#\250SK \317\357\332Z\340w\374\254=\352\376\346\032YqR""; ","validation: """"\200\000\000\001&\000\000\000\005)/\351\252\251:\303`\246;Q\203[_Q\331]\036\237\306o!\223\221\002\324\031\262\240R\177 ,\214\325\Q])\016\2067\277\t\354\010\000P\027'\274\220\233\332\373\335\027\332I\377y`\224\260\350-\215\335\267[\036\265\265\252`\026&\030{\362\363P\031\265\024\321\362\354\211\250.\234s\225amc\305\035\366\276\037nD\277`\210\223N\3535\033\261\304fs!\002\266\377\271\344:\030\221i\267\257\215\237M\014\3345f\014\273|\207\367\334\337F\325\004cxB\211LvG0E\002!\000\376\247L \003\263\345< 8\327\326\337\263Ps\243.\361\2659a\334;\031P\326\033\355\373\324\235\002 zU\\354\320\346\320\016\237\216i#\250SK \317\357\332Z\340w\374\254=\352\376\346\032YqR""; "
1750527531836,1750527531836,783,1,4,2,TMValidation,"validation: """"\200\000\000\001&\000\000\000\005)/\351\252\251:\303`\246;Q\203[_Q\331]\036\237\306o!\223\221\002\324\031\262\240R\177 ,\214\325\Q])\016\2067\277\t\354\010\000P\027'\274\220\233\332\373\335\027\332I\377y`\224\260\350-\215\335\267[\036\265\265\252`\026&\030{\362\363P\031\265\024\321\362\354\211\250.\234s\225amc\305\035\366\276\037nD\277`\210\223N\3535\033\261\304fs!\002\266\377\271\344:\030\221i\267\257\215\237M\014\3345f\014\273|\207\367\334\337F\325\004cxB\211LvG0E\002!\000\376\247L \003\263\345< 8\327\326\337\263Ps\243.\361\2659a\334;\031P\326\033\355\373\324\235\002 zU\\354\320\346\320\016\237\216i#\250SK \317\357\332Z\340w\374\254=\352\376\346\032YqR""; ","validation: """"\200\000\000\001&\000\000\000\005)/\351\252\251:\303`\246;Q\203[_Q\331]\036\237\306o!\223\221\002\324\031\262\240R\177 ,\214\325\Q])\016\2067\277\t\354\010\000P\027'\274\220\233\332\373\335\027\332I\377y`\224\260\350-\215\335\267[\036\265\265\252`\026&\030{\362\363P\031\265\024\321\362\354\211\250.\234s\225amc\305\035\366\276\037nD\277`\210\223N\3535\033\261\304fs!\002\266\377\271\344:\030\221i\267\257\215\237M\014\3345f\014\273|\207\367\334\337F\325\004cxB\211LvG0E\002!\000\376\247L \003\263\345< 8\327\326\337\263Ps\243.\361\2659a\334;\031P\326\033\355\373\324\235\002 zU\\354\320\346\320\016\237\216i#\250SK \317\357\332Z\340w\374\254=\352\376\346\032YqR""; "
1750527531839,1750527531839,1996,1,0,4,TMLedgerData,"ledgerHash: ""\310\200l\322\255\214\342'\243\202\375k%_\335\032N\021G\005\230\271\366~%e\366\202l^\rR""; ledgerSeq: 0; type: liTS_CANDIDATE; nodes {;   nodedata: ""GZ\227\022t\201\240u\2324P\027\307M\337'Y\361[IAD\351\374!\232\005\337\376\252\251g\004\003"";   nodeid: ""\000\000\000\000\000\000\000\000\000\000\000\000\000\000\000\000\000\000\000\000\000\000\000\000\000\000\000\000\000\000\000\000\000""; }; requestCookie: 4; ","ledgerHash: ""\310\200l\322\255\214\342'\243\202\375k%_\335\032N\021G\005\230\271\366~%e\366\202l^\rR""; ledgerSeq: 0; type: liTS_CANDIDATE; nodes {;   nodedata: ""GZ\227\022t\201\240u\2324P\027\307M\337'Y\361[IAD\351\374!\232\005\337\376\252\251g\004\003"";   nodeid: ""\000\000\000\000\000\000\000\000\000\000\000\000\000\000\000\000\000\000\000\000\000\000\000\000\000\000\000\000\000\000\000\000\000""; }; requestCookie: 4; "
1750527531842,1750527531842,1996,1,0,4,TMLedgerData,"ledgerHash: ""\310\200l\322\255\214\342'\243\202\375k%_\335\032N\021G\005\230\271\366~%e\366\202l^\rR""; ledgerSeq: 0; type: liTS_CANDIDATE; nodes {;   nodedata: ""GZ\227\022t\201\240u\2324P\027\307M\337'Y\361[IAD\351\374!\232\005\337\376\252\251g\004\003"";   nodeid: ""\000\000\000\000\000\000\000\000\000\000\000\000\000\000\000\000\000\000\000\000\000\000\000\000\000\000\000\000\000\000\000\000\000""; }; ","ledgerHash: ""\310\200l\322\255\214\342'\243\202\375k%_\335\032N\021G\005\230\271\366~%e\366\202l^\rR""; ledgerSeq: 0; type: liTS_CANDIDATE; nodes {;   nodedata: ""GZ\227\022t\201\240u\2324P\027\307M\337'Y\361[IAD\351\374!\232\005\337\376\252\251g\004\003"";   nodeid: ""\000\000\000\000\000\000\000\000\000\000\000\000\000\000\000\000\000\000\000\000\000\000\000\000\000\000\000\000\000\000\000\000\000""; }; "
1750527531865,1750527531865,3378,1,4,0,TMLedgerData,"ledgerHash: ""'\274\220\233\332\373\335\027\332I\377y`\224\260\350-\215\335\267[\036\265\265\252`\026&\030{\362\363""; ledgerSeq: 0; type: liTS_CANDIDATE; nodes {;   nodedata: ""\002i\361\030\371\256\265\036\320\273\013\357<\215/(\215[\231D\357Gd\372\270\316\261\301\342\327\225\241\000GZ\227\022t\201\240u\2324P\027\307M\337'Y\361[IAD\351\374!\232\005\337\376\252\251g\004\240\231\202k\030<\225\205;%\337\001\376d\216V\310\306k>\373\322\372\353b\3659\350\345\324F\026\n\003"";   nodeid: ""\000\000\000\000\000\000\000\000\000\000\000\000\000\000\000\000\000\000\000\000\000\000\000\000\000\000\000\000\000\000\000\000\000""; }; ","ledgerHash: ""'\274\220\233\332\373\335\027\332I\377y`\224\260\350-\215\335\267[\036\265\265\252`\026&\030{\362\363""; ledgerSeq: 0; type: liTS_CANDIDATE; nodes {;   nodedata: ""\002i\361\030\371\256\265\036\320\273\013\357<\215/(\215[\231D\357Gd\372\270\316\261\301\342\327\225\241\000GZ\227\022t\201\240u\2324P\027\307M\337'Y\361[IAD\351\374!\232\005\337\376\252\251g\004\240\231\202k\030<\225\205;%\337\001\376d\216V\310\306k>\373\322\372\353b\3659\350\345\324F\026\n\003"";   nodeid: ""\000\000\000\000\000\000\000\000\000\000\000\000\000\000\000\000\000\000\000\000\000\000\000\000\000\000\000\000\000\000\000\000\000""; }; "
1750527531880,1750527531880,1199,1,0,2,TMGetLedger,"itype: liTS_CANDIDATE; ledgerHash: ""[\000\302\314\326\214\276@c\240\272\222{\363\314\032\213\311\316\246/\330\302\014>\022\346\234\347\264\270\350""; nodeIDs: ""\000\000\000\000\000\000\000\000\000\000\000\000\000\000\000\000\000\000\000\000\000\000\000\000\000\000\000\000\000\000\000\000\000""; queryType: qtINDIRECT; queryDepth: 3; ","itype: liTS_CANDIDATE; ledgerHash: ""[\000\302\314\326\214\276@c\240\272\222{\363\314\032\213\311\316\246/\330\302\014>\022\346\234\347\264\270\350""; nodeIDs: ""\000\000\000\000\000\000\000\000\000\000\000\000\000\000\000\000\000\000\000\000\000\000\000\000\000\000\000\000\000\000\000\000\000""; queryType: qtINDIRECT; queryDepth: 3; "
1750527531881,1750527531881,3375,1,0,1,TMGetLedger,"itype: liTS_CANDIDATE; ledgerHash: ""[\000\302\314\326\214\276@c\240\272\222{\363\314\032\213\311\316\246/\330\302\014>\022\346\234\347\264\270\350""; nodeIDs: ""\000\000\000\000\000\000\000\000\000\000\000\000\000\000\000\000\000\000\000\000\000\000\000\000\000\000\000\000\000\000\000\000\000""; queryType: qtINDIRECT; queryDepth: 3; ","itype: liTS_CANDIDATE; ledgerHash: ""[\000\302\314\326\214\276@c\240\272\222{\363\314\032\213\311\316\246/\330\302\014>\022\346\234\347\264\270\350""; nodeIDs: ""\000\000\000\000\000\000\000\000\000\000\000\000\000\000\000\000\000\000\000\000\000\000\000\000\000\000\000\000\000\000\000\000\000""; queryType: qtINDIRECT; queryDepth: 3; "
1750527531880,1750527531880,3094,1,0,3,TMGetLedger,"itype: liTS_CANDIDATE; ledgerHash: ""[\000\302\314\326\214\276@c\240\272\222{\363\314\032\213\311\316\246/\330\302\014>\022\346\234\347\264\270\350""; nodeIDs: ""\000\000\000\000\000\000\000\000\000\000\000\000\000\000\000\000\000\000\000\000\000\000\000\000\000\000\000\000\000\000\000\000\000""; queryType: qtINDIRECT; queryDepth: 3; ","itype: liTS_CANDIDATE; ledgerHash: ""[\000\302\314\326\214\276@c\240\272\222{\363\314\032\213\311\316\246/\330\302\014>\022\346\234\347\264\270\350""; nodeIDs: ""\000\000\000\000\000\000\000\000\000\000\000\000\000\000\000\000\000\000\000\000\000\000\000\000\000\000\000\000\000\000\000\000\000""; queryType: qtINDIRECT; queryDepth: 3; "
1750527531886,1750527531886,380,1,0,4,TMGetLedger,"itype: liTS_CANDIDATE; ledgerHash: ""[\000\302\314\326\214\276@c\240\272\222{\363\314\032\213\311\316\246/\330\302\014>\022\346\234\347\264\270\350""; nodeIDs: ""\000\000\000\000\000\000\000\000\000\000\000\000\000\000\000\000\000\000\000\000\000\000\000\000\000\000\000\000\000\000\000\000\000""; requestCookie: 3; queryType: qtINDIRECT; queryDepth: 3; ","itype: liTS_CANDIDATE; ledgerHash: ""[\000\302\314\326\214\276@c\240\272\222{\363\314\032\213\311\316\246/\330\302\014>\022\346\234\347\264\270\350""; nodeIDs: ""\000\000\000\000\000\000\000\000\000\000\000\000\000\000\000\000\000\000\000\000\000\000\000\000\000\000\000\000\000\000\000\000\000""; requestCookie: 3; queryType: qtINDIRECT; queryDepth: 3; "
1750527531886,1750527531886,380,1,0,4,TMGetLedger,"itype: liTS_CANDIDATE; ledgerHash: ""[\000\302\314\326\214\276@c\240\272\222{\363\314\032\213\311\316\246/\330\302\014>\022\346\234\347\264\270\350""; nodeIDs: ""\000\000\000\000\000\000\000\000\000\000\000\000\000\000\000\000\000\000\000\000\000\000\000\000\000\000\000\000\000\000\000\000\000""; queryType: qtINDIRECT; queryDepth: 3; ","itype: liTS_CANDIDATE; ledgerHash: ""[\000\302\314\326\214\276@c\240\272\222{\363\314\032\213\311\316\246/\330\302\014>\022\346\234\347\264\270\350""; nodeIDs: ""\000\000\000\000\000\000\000\000\000\000\000\000\000\000\000\000\000\000\000\000\000\000\000\000\000\000\000\000\000\000\000\000\000""; queryType: qtINDIRECT; queryDepth: 3; "
1750527531891,1750527531892,1212,1,2,4,TMLedgerData,"ledgerHash: ""'\274\220\233\332\373\335\027\332I\377y`\224\260\350-\215\335\267[\036\265\265\252`\026&\030{\362\363""; ledgerSeq: 0; type: liTS_CANDIDATE; nodes {;   nodedata: ""\002i\361\030\371\256\265\036\320\273\013\357<\215/(\215[\231D\357Gd\372\270\316\261\301\342\327\225\241\000GZ\227\022t\201\240u\2324P\027\307M\337'Y\361[IAD\351\374!\232\005\337\376\252\251g\004\240\231\202k\030<\225\205;%\337\001\376d\216V\310\306k>\373\322\372\353b\3659\350\345\324F\026\n\003"";   nodeid: ""\000\000\000\000\000\000\000\000\000\000\000\000\000\000\000\000\000\000\000\000\000\000\000\000\000\000\000\000\000\000\000\000\000""; }; ","ledgerHash: ""'\274\220\233\332\373\335\027\332I\377y`\224\260\350-\215\335\267[\036\265\265\252`\026&\030{\362\363""; ledgerSeq: 0; type: liTS_CANDIDATE; nodes {;   nodedata: ""\002i\361\030\371\256\265\036\320\273\013\357<\215/(\215[\231D\357Gd\372\270\316\261\301\342\327\225\241\000GZ\227\022t\201\240u\2324P\027\307M\337'Y\361[IAD\351\374!\232\005\337\376\252\251g\004\240\231\202k\030<\225\205;%\337\001\376d\216V\310\306k>\373\322\372\353b\3659\350\345\324F\026\n\003"";   nodeid: ""\000\000\000\000\000\000\000\000\000\000\000\000\000\000\000\000\000\000\000\000\000\000\000\000\000\000\000\000\000\000\000\000\000""; }; "
1750527531928,1750527531928,3787,1,3,2,TMProposeSet,"proposeSeq: 0; currentTxHash: ""\000\000\000\000\000\000\000\000\000\000\000\000\000\000\000\000\000\000\000\000\000\000\000\000\000\000\000\000\000\000\000\000""; nodePubKey: ""\003R7o\362bV\300hf\266\241;}\200^\374\240\203[:\342Q\225\221\027y\372\255\235\216\323~""; closeTime: 803842731; signature: ""0D\002 tN\276\275jp\342{X\236\356\344^\335M\316\365\364\337t]\270\311+\210\001\226M\0355\225|\002 3\337J\301\263\341\364\205\373\206\006~\236\037\277\206\225\377\364\214\t\220$K\337\021\031\225\223\304c\277""; previousledger: ""\331]\036\237\306o!\223\221\002\324\031\262\240R\177 ,\214\325\Q])\016\2067\277\t\354\010\000""; ","proposeSeq: 0; currentTxHash: ""\000\000\000\000\000\000\000\000\000\000\000\000\000\000\000\000\000\000\000\000\000\000\000\000\000\000\000\000\000\000\000\000""; nodePubKey: ""\003R7o\362bV\300hf\266\241;}\200^\374\240\203[:\342Q\225\221\027y\372\255\235\216\323~""; closeTime: 803842731; signature: ""0D\002 tN\276\275jp\342{X\236\356\344^\335M\316\365\364\337t]\270\311+\210\001\226M\0355\225|\002 3\337J\301\263\341\364\205\373\206\006~\236\037\277\206\225\377\364\214\t\220$K\337\021\031\225\223\304c\277""; previousledger: ""\331]\036\237\306o!\223\221\002\324\031\262\240R\177 ,\214\325\Q])\016\2067\277\t\354\010\000""; "
1750527531928,1750527531929,3830,1,3,1,TMProposeSet,"proposeSeq: 0; currentTxHash: ""\000\000\000\000\000\000\000\000\000\000\000\000\000\000\000\000\000\000\000\000\000\000\000\000\000\000\000\000\000\000\000\000""; nodePubKey: ""\003R7o\362bV\300hf\266\241;}\200^\374\240\203[:\342Q\225\221\027y\372\255\235\216\323~""; closeTime: 803842731; signature: ""0D\002 tN\276\275jp\342{X\236\356\344^\335M\316\365\364\337t]\270\311+\210\001\226M\0355\225|\002 3\337J\301\263\341\364\205\373\206\006~\236\037\277\206\225\377\364\214\t\220$K\337\021\031\225\223\304c\277""; previousledger: ""\331]\036\237\306o!\223\221\002\324\031\262\240R\177 ,\214\325\Q])\016\2067\277\t\354\010\000""; ","proposeSeq: 0; currentTxHash: ""\000\000\000\000\000\000\000\000\000\000\000\000\000\000\000\000\000\000\000\000\000\000\000\000\000\000\000\000\000\000\000\000""; nodePubKey: ""\003R7o\362bV\300hf\266\241;}\200^\374\240\203[:\342Q\225\221\027y\372\255\235\216\323~""; closeTime: 803842731; signature: ""0D\002 tN\276\275jp\342{X\236\356\344^\335M\316\365\364\337t]\270\311+\210\001\226M\0355\225|\002 3\337J\301\263\341\364\205\373\206\006~\236\037\277\206\225\377\364\214\t\220$K\337\021\031\225\223\304c\277""; previousledger: ""\331]\036\237\306o!\223\221\002\324\031\262\240R\177 ,\214\325\Q])\016\2067\277\t\354\010\000""; "
1750527531929,1750527531929,2201,1,3,0,TMProposeSet,"proposeSeq: 0; currentTxHash: ""\000\000\000\000\000\000\000\000\000\000\000\000\000\000\000\000\000\000\000\000\000\000\000\000\000\000\000\000\000\000\000\000""; nodePubKey: ""\003R7o\362bV\300hf\266\241;}\200^\374\240\203[:\342Q\225\221\027y\372\255\235\216\323~""; closeTime: 803842731; signature: ""0D\002 tN\276\275jp\342{X\236\356\344^\335M\316\365\364\337t]\270\311+\210\001\226M\0355\225|\002 3\337J\301\263\341\364\205\373\206\006~\236\037\277\206\225\377\364\214\t\220$K\337\021\031\225\223\304c\277""; previousledger: ""\331]\036\237\306o!\223\221\002\324\031\262\240R\177 ,\214\325\Q])\016\2067\277\t\354\010\000""; ","proposeSeq: 0; currentTxHash: ""\000\000\000\000\000\000\000\000\000\000\000\000\000\000\000\000\000\000\000\000\000\000\000\000\000\000\000\000\000\000\000\000""; nodePubKey: ""\003R7o\362bV\300hf\266\241;}\200^\374\240\203[:\342Q\225\221\027y\372\255\235\216\323~""; closeTime: 803842731; signature: ""0D\002 tN\276\275jp\342{X\236\356\344^\335M\316\365\364\337t]\270\311+\210\001\226M\0355\225|\002 3\337J\301\263\341\364\205\373\206\006~\236\037\277\206\225\377\364\214\t\220$K\337\021\031\225\223\304c\277""; previousledger: ""\331]\036\237\306o!\223\221\002\324\031\262\240R\177 ,\214\325\Q])\016\2067\277\t\354\010\000""; "
1750527531931,1750527531932,589,1,2,0,TMGetLedger,"itype: liTS_CANDIDATE; ledgerHash: ""\310\200l\322\255\214\342'\243\202\375k%_\335\032N\021G\005\230\271\366~%e\366\202l^\rR""; nodeIDs: ""\000\000\000\000\000\000\000\000\000\000\000\000\000\000\000\000\000\000\000\000\000\000\000\000\000\000\000\000\000\000\000\000\000""; requestCookie: 4; queryType: qtINDIRECT; queryDepth: 3; ","itype: liTS_CANDIDATE; ledgerHash: ""\310\200l\322\255\214\342'\243\202\375k%_\335\032N\021G\005\230\271\366~%e\366\202l^\rR""; nodeIDs: ""\000\000\000\000\000\000\000\000\000\000\000\000\000\000\000\000\000\000\000\000\000\000\000\000\000\000\000\000\000\000\000\000\000""; requestCookie: 4; queryType: qtINDIRECT; queryDepth: 3; "
1750527531935,1750527531935,1782,1,1,4,TMLedgerData,"ledgerHash: ""'\274\220\233\332\373\335\027\332I\377y`\224\260\350-\215\335\267[\036\265\265\252`\026&\030{\362\363""; ledgerSeq: 0; type: liTS_CANDIDATE; nodes {;   nodedata: ""\002i\361\030\371\256\265\036\320\273\013\357<\215/(\215[\231D\357Gd\372\270\316\261\301\342\327\225\241\000GZ\227\022t\201\240u\2324P\027\307M\337'Y\361[IAD\351\374!\232\005\337\376\252\251g\004\240\231\202k\030<\225\205;%\337\001\376d\216V\310\306k>\373\322\372\353b\3659\350\345\324F\026\n\003"";   nodeid: ""\000\000\000\000\000\000\000\000\000\000\000\000\000\000\000\000\000\000\000\000\000\000\000\000\000\000\000\000\000\000\000\000\000""; }; ","ledgerHash: ""'\274\220\233\332\373\335\027\332I\377y`\224\260\350-\215\335\267[\036\265\265\252`\026&\030{\362\363""; ledgerSeq: 0; type: liTS_CANDIDATE; nodes {;   nodedata: ""\002i\361\030\371\256\265\036\320\273\013\357<\215/(\215[\231D\357Gd\372\270\316\261\301\342\327\225\241\000GZ\227\022t\201\240u\2324P\027\307M\337'Y\361[IAD\351\374!\232\005\337\376\252\251g\004\240\231\202k\030<\225\205;%\337\001\376d\216V\310\306k>\373\322\372\353b\3659\350\345\324F\026\n\003"";   nodeid: ""\000\000\000\000\000\000\000\000\000\000\000\000\000\000\000\000\000\000\000\000\000\000\000\000\000\000\000\000\000\000\000\000\000""; }; "
1750527531936,1750527531936,612,1,2,0,TMLedgerData,"ledgerHash: ""'\274\220\233\332\373\335\027\332I\377y`\224\260\350-\215\335\267[\036\265\265\252`\026&\030{\362\363""; ledgerSeq: 0; type: liTS_CANDIDATE; nodes {;   nodedata: ""\002i\361\030\371\256\265\036\320\273\013\357<\215/(\215[\231D\357Gd\372\270\316\261\301\342\327\225\241\000GZ\227\022t\201\240u\2324P\027\307M\337'Y\361[IAD\351\374!\232\005\337\376\252\251g\004\240\231\202k\030<\225\205;%\337\001\376d\216V\310\306k>\373\322\372\353b\3659\350\345\324F\026\n\003"";   nodeid: ""\000\000\000\000\000\000\000\000\000\000\000\000\000\000\000\000\000\000\000\000\000\000\000\000\000\000\000\000\000\000\000\000\000""; }; ","ledgerHash: ""'\274\220\233\332\373\335\027\332I\377y`\224\260\350-\215\335\267[\036\265\265\252`\026&\030{\362\363""; ledgerSeq: 0; type: liTS_CANDIDATE; nodes {;   nodedata: ""\002i\361\030\371\256\265\036\320\273\013\357<\215/(\215[\231D\357Gd\372\270\316\261\301\342\327\225\241\000GZ\227\022t\201\240u\2324P\027\307M\337'Y\361[IAD\351\374!\232\005\337\376\252\251g\004\240\231\202k\030<\225\205;%\337\001\376d\216V\310\306k>\373\322\372\353b\3659\350\345\324F\026\n\003"";   nodeid: ""\000\000\000\000\000\000\000\000\000\000\000\000\000\000\000\000\000\000\000\000\000\000\000\000\000\000\000\000\000\000\000\000\000""; }; "
1750527531942,1750527531942,3378,1,4,0,TMLedgerData,"ledgerHash: ""[\000\302\314\326\214\276@c\240\272\222{\363\314\032\213\311\316\246/\330\302\014>\022\346\234\347\264\270\350""; ledgerSeq: 0; type: liTS_CANDIDATE; nodes {;   nodedata: ""\002i\361\030\371\256\265\036\320\273\013\357<\215/(\215[\231D\357Gd\372\270\316\261\301\342\327\225\241\000GZ\227\022t\201\240u\2324P\027\307M\337'Y\361[IAD\351\374!\232\005\337\376\252\251g\004\003"";   nodeid: ""\000\000\000\000\000\000\000\000\000\000\000\000\000\000\000\000\000\000\000\000\000\000\000\000\000\000\000\000\000\000\000\000\000""; }; requestCookie: 4; ","ledgerHash: ""[\000\302\314\326\214\276@c\240\272\222{\363\314\032\213\311\316\246/\330\302\014>\022\346\234\347\264\270\350""; ledgerSeq: 0; type: liTS_CANDIDATE; nodes {;   nodedata: ""\002i\361\030\371\256\265\036\320\273\013\357<\215/(\215[\231D\357Gd\372\270\316\261\301\342\327\225\241\000GZ\227\022t\201\240u\2324P\027\307M\337'Y\361[IAD\351\374!\232\005\337\376\252\251g\004\003"";   nodeid: ""\000\000\000\000\000\000\000\000\000\000\000\000\000\000\000\000\000\000\000\000\000\000\000\000\000\000\000\000\000\000\000\000\000""; }; requestCookie: 4; "
1750527531971,1750527531971,3378,1,4,0,TMLedgerData,"ledgerHash: ""[\000\302\314\326\214\276@c\240\272\222{\363\314\032\213\311\316\246/\330\302\014>\022\346\234\347\264\270\350""; ledgerSeq: 0; type: liTS_CANDIDATE; nodes {;   nodedata: ""\002i\361\030\371\256\265\036\320\273\013\357<\215/(\215[\231D\357Gd\372\270\316\261\301\342\327\225\241\000GZ\227\022t\201\240u\2324P\027\307M\337'Y\361[IAD\351\374!\232\005\337\376\252\251g\004\003"";   nodeid: ""\000\000\000\000\000\000\000\000\000\000\000\000\000\000\000\000\000\000\000\000\000\000\000\000\000\000\000\000\000\000\000\000\000""; }; requestCookie: 3; ","ledgerHash: ""[\000\302\314\326\214\276@c\240\272\222{\363\314\032\213\311\316\246/\330\302\014>\022\346\234\347\264\270\350""; ledgerSeq: 0; type: liTS_CANDIDATE; nodes {;   nodedata: ""\002i\361\030\371\256\265\036\320\273\013\357<\215/(\215[\231D\357Gd\372\270\316\261\301\342\327\225\241\000GZ\227\022t\201\240u\2324P\027\307M\337'Y\361[IAD\351\374!\232\005\337\376\252\251g\004\003"";   nodeid: ""\000\000\000\000\000\000\000\000\000\000\000\000\000\000\000\000\000\000\000\000\000\000\000\000\000\000\000\000\000\000\000\000\000""; }; requestCookie: 3; "
1750527531973,1750527531973,3719,1,2,4,TMGetLedger,"itype: liTS_CANDIDATE; ledgerHash: ""[\000\302\314\326\214\276@c\240\272\222{\363\314\032\213\311\316\246/\330\302\014>\022\346\234\347\264\270\350""; nodeIDs: ""\000\000\000\000\000\000\000\000\000\000\000\000\000\000\000\000\000\000\000\000\000\000\000\000\000\000\000\000\000\000\000\000\000""; requestCookie: 4; queryType: qtINDIRECT; queryDepth: 3; ","itype: liTS_CANDIDATE; ledgerHash: ""[\000\302\314\326\214\276@c\240\272\222{\363\314\032\213\311\316\246/\330\302\014>\022\346\234\347\264\270\350""; nodeIDs: ""\000\000\000\000\000\000\000\000\000\000\000\000\000\000\000\000\000\000\000\000\000\000\000\000\000\000\000\000\000\000\000\000\000""; requestCookie: 4; queryType: qtINDIRECT; queryDepth: 3; "
1750527531977,1750527531978,589,1,2,0,TMGetLedger,"itype: liTS_CANDIDATE; ledgerHash: ""\310\200l\322\255\214\342'\243\202\375k%_\335\032N\021G\005\230\271\366~%e\366\202l^\rR""; nodeIDs: ""\000\000\000\000\000\000\000\000\000\000\000\000\000\000\000\000\000\000\000\000\000\000\000\000\000\000\000\000\000\000\000\000\000""; requestCookie: 5; queryType: qtINDIRECT; queryDepth: 3; ","itype: liTS_CANDIDATE; ledgerHash: ""\310\200l\322\255\214\342'\243\202\375k%_\335\032N\021G\005\230\271\366~%e\366\202l^\rR""; nodeIDs: ""\000\000\000\000\000\000\000\000\000\000\000\000\000\000\000\000\000\000\000\000\000\000\000\000\000\000\000\000\000\000\000\000\000""; requestCookie: 5; queryType: qtINDIRECT; queryDepth: 3; "
1750527531985,1750527531985,783,1,4,2,TMValidation,"validation: """"\200\000\000\001&\000\000\000\005)/\351\252\251:p\210\265\307-\212\200\004Q\331]\036\237\306o!\223\221\002\324\031\262\240R\177 ,\214\325\Q])\016\2067\277\t\354\010\000P\027'\274\220\233\332\373\335\027\332I\377y`\224\260\350-\215\335\267[\036\265\265\252`\026&\030{\362\363P\031\265\024\321\362\354\211\250.\234s\225amc\305\035\366\276\037nD\277`\210\223N\3535\033\261\304fs!\002\364d\217\366\217|\316F\232\231\241\n\261\333`\312O\367\235\025DD\336e\367\n\312\326\221\037\025\230vG0E\002!\000\214M\242\355\276\367\213\r\242\376cQu\341Q\3479\3341\tN\210\374\324\207\361\370\315\366Q\351\342\002 p\224&\216\320""\305\246\3063iK\267yq\242\312z\225\014\364\014\351\006\007~\306 %\3131\234""; ","validation: """"\200\000\000\001&\000\000\000\005)/\351\252\251:p\210\265\307-\212\200\004Q\331]\036\237\306o!\223\221\002\324\031\262\240R\177 ,\214\325\Q])\016\2067\277\t\354\010\000P\027'\274\220\233\332\373\335\027\332I\377y`\224\260\350-\215\335\267[\036\265\265\252`\026&\030{\362\363P\031\265\024\321\362\354\211\250.\234s\225amc\305\035\366\276\037nD\277`\210\223N\3535\033\261\304fs!\002\364d\217\366\217|\316F\232\231\241\n\261\333`\312O\367\235\025DD\336e\367\n\312\326\221\037\025\230vG0E\002!\000\214M\242\355\276\367\213\r\242\376cQu\341Q\3479\3341\tN\210\374\324\207\361\370\315\366Q\351\342\002 p\224&\216\320""\305\246\3063iK\267yq\242\312z\225\014\364\014\351\006\007~\306 %\3131\234""; "
1750527531986,1750527531986,3620,1,4,3,TMValidation,"validation: """"\200\000\000\001&\000\000\000\005)/\351\252\251:p\210\265\307-\212\200\004Q\331]\036\237\306o!\223\221\002\324\031\262\240R\177 ,\214\325\Q])\016\2067\277\t\354\010\000P\027'\274\220\233\332\373\335\027\332I\377y`\224\260\350-\215\335\267[\036\265\265\252`\026&\030{\362\363P\031\265\024\321\362\354\211\250.\234s\225amc\305\035\366\276\037nD\277`\210\223N\3535\033\261\304fs!\002\364d\217\366\217|\316F\232\231\241\n\261\333`\312O\367\235\025DD\336e\367\n\312\326\221\037\025\230vG0E\002!\000\214M\242\355\276\367\213\r\242\376cQu\341Q\3479\3341\tN\210\374\324\207\361\370\315\366Q\351\342\002 p\224&\216\320""\305\246\3063iK\267yq\242\312z\225\014\364\014\351\006\007~\306 %\3131\234""; ","validation: """"\200\000\000\001&\000\000\000\005)/\351\252\251:p\210\265\307-\212\200\004Q\331]\036\237\306o!\223\221\002\324\031\262\240R\177 ,\214\325\Q])\016\2067\277\t\354\010\000P\027'\274\220\233\332\373\335\027\332I\377y`\224\260\350-\215\335\267[\036\265\265\252`\026&\030{\362\363P\031\265\024\321\362\354\211\250.\234s\225amc\305\035\366\276\037nD\277`\210\223N\3535\033\261\304fs!\002\364d\217\366\217|\316F\232\231\241\n\261\333`\312O\367\235\025DD\336e\367\n\312\326\221\037\025\230vG0E\002!\000\214M\242\355\276\367\213\r\242\376cQu\341Q\3479\3341\tN\210\374\324\207\361\370\315\366Q\351\342\002 p\224&\216\320""\305\246\3063iK\267yq\242\312z\225\014\364\014\351\006\007~\306 %\3131\234""; "
1750527531986,1750527531986,3803,1,4,1,TMValidation,"validation: """"\200\000\000\001&\000\000\000\005)/\351\252\251:p\210\265\307-\212\200\004Q\331]\036\237\306o!\223\221\002\324\031\262\240R\177 ,\214\325\Q])\016\2067\277\t\354\010\000P\027'\274\220\233\332\373\335\027\332I\377y`\224\260\350-\215\335\267[\036\265\265\252`\026&\030{\362\363P\031\265\024\321\362\354\211\250.\234s\225amc\305\035\366\276\037nD\277`\210\223N\3535\033\261\304fs!\002\364d\217\366\217|\316F\232\231\241\n\261\333`\312O\367\235\025DD\336e\367\n\312\326\221\037\025\230vG0E\002!\000\214M\242\355\276\367\213\r\242\376cQu\341Q\3479\3341\tN\210\374\324\207\361\370\315\366Q\351\342\002 p\224&\216\320""\305\246\3063iK\267yq\242\312z\225\014\364\014\351\006\007~\306 %\3131\234""; ","validation: """"\200\000\000\001&\000\000\000\005)/\351\252\251:p\210\265\307-\212\200\004Q\331]\036\237\306o!\223\221\002\324\031\262\240R\177 ,\214\325\Q])\016\2067\277\t\354\010\000P\027'\274\220\233\332\373\335\027\332I\377y`\224\260\350-\215\335\267[\036\265\265\252`\026&\030{\362\363P\031\265\024\321\362\354\211\250.\234s\225amc\305\035\366\276\037nD\277`\210\223N\3535\033\261\304fs!\002\364d\217\366\217|\316F\232\231\241\n\261\333`\312O\367\235\025DD\336e\367\n\312\326\221\037\025\230vG0E\002!\000\214M\242\355\276\367\213\r\242\376cQu\341Q\3479\3341\tN\210\374\324\207\361\370\315\366Q\351\342\002 p\224&\216\320""\305\246\3063iK\267yq\242\312z\225\014\364\014\351\006\007~\306 %\3131\234""; "
1750527531998,1750527531998,589,1,2,0,TMGetLedger,"itype: liTS_CANDIDATE; ledgerHash: ""[\000\302\314\326\214\276@c\240\272\222{\363\314\032\213\311\316\246/\330\302\014>\022\346\234\347\264\270\350""; nodeIDs: ""\000\000\000\000\000\000\000\000\000\000\000\000\000\000\000\000\000\000\000\000\000\000\000\000\000\000\000\000\000\000\000\000\000""; queryType: qtINDIRECT; queryDepth: 3; ","itype: liTS_CANDIDATE; ledgerHash: ""[\000\302\314\326\214\276@c\240\272\222{\363\314\032\213\311\316\246/\330\302\014>\022\346\234\347\264\270\350""; nodeIDs: ""\000\000\000\000\000\000\000\000\000\000\000\000\000\000\000\000\000\000\000\000\000\000\000\000\000\000\000\000\000\000\000\000\000""; queryType: qtINDIRECT; queryDepth: 3; "
1750527531998,1750527531999,3719,1,2,4,TMGetLedger,"itype: liTS_CANDIDATE; ledgerHash: ""[\000\302\314\326\214\276@c\240\272\222{\363\314\032\213\311\316\246/\330\302\014>\022\346\234\347\264\270\350""; nodeIDs: ""\000\000\000\000\000\000\000\000\000\000\000\000\000\000\000\000\000\000\000\000\000\000\000\000\000\000\000\000\000\000\000\000\000""; queryType: qtINDIRECT; queryDepth: 3; ","itype: liTS_CANDIDATE; ledgerHash: ""[\000\302\314\326\214\276@c\240\272\222{\363\314\032\213\311\316\246/\330\302\014>\022\346\234\347\264\270\350""; nodeIDs: ""\000\000\000\000\000\000\000\000\000\000\000\000\000\000\000\000\000\000\000\000\000\000\000\000\000\000\000\000\000\000\000\000\000""; queryType: qtINDIRECT; queryDepth: 3; "
1750527531999,1750527531999,1544,1,2,1,TMGetLedger,"itype: liTS_CANDIDATE; ledgerHash: ""[\000\302\314\326\214\276@c\240\272\222{\363\314\032\213\311\316\246/\330\302\014>\022\346\234\347\264\270\350""; nodeIDs: ""\000\000\000\000\000\000\000\000\000\000\000\000\000\000\000\000\000\000\000\000\000\000\000\000\000\000\000\000\000\000\000\000\000""; queryType: qtINDIRECT; queryDepth: 3; ","itype: liTS_CANDIDATE; ledgerHash: ""[\000\302\314\326\214\276@c\240\272\222{\363\314\032\213\311\316\246/\330\302\014>\022\346\234\347\264\270\350""; nodeIDs: ""\000\000\000\000\000\000\000\000\000\000\000\000\000\000\000\000\000\000\000\000\000\000\000\000\000\000\000\000\000\000\000\000\000""; queryType: qtINDIRECT; queryDepth: 3; "
1750527531999,1750527531999,4000,1,2,3,TMGetLedger,"itype: liTS_CANDIDATE; ledgerHash: ""[\000\302\314\326\214\276@c\240\272\222{\363\314\032\213\311\316\246/\330\302\014>\022\346\234\347\264\270\350""; nodeIDs: ""\000\000\000\000\000\000\000\000\000\000\000\000\000\000\000\000\000\000\000\000\000\000\000\000\000\000\000\000\000\000\000\000\000""; queryType: qtINDIRECT; queryDepth: 3; ","itype: liTS_CANDIDATE; ledgerHash: ""[\000\302\314\326\214\276@c\240\272\222{\363\314\032\213\311\316\246/\330\302\014>\022\346\234\347\264\270\350""; nodeIDs: ""\000\000\000\000\000\000\000\000\000\000\000\000\000\000\000\000\000\000\000\000\000\000\000\000\000\000\000\000\000\000\000\000\000""; queryType: qtINDIRECT; queryDepth: 3; "
1750527532008,1750527532008,4000,1,2,3,TMGetLedger,"itype: liTS_CANDIDATE; ledgerHash: ""[\000\302\314\326\214\276@c\240\272\222{\363\314\032\213\311\316\246/\330\302\014>\022\346\234\347\264\270\350""; nodeIDs: ""\000\000\000\000\000\000\000\000\000\000\000\000\000\000\000\000\000\000\000\000\000\000\000\000\000\000\000\000\000\000\000\000\000""; requestCookie: 3; queryType: qtINDIRECT; queryDepth: 3; ","itype: liTS_CANDIDATE; ledgerHash: ""[\000\302\314\326\214\276@c\240\272\222{\363\314\032\213\311\316\246/\330\302\014>\022\346\234\347\264\270\350""; nodeIDs: ""\000\000\000\000\000\000\000\000\000\000\000\000\000\000\000\000\000\000\000\000\000\000\000\000\000\000\000\000\000\000\000\000\000""; requestCookie: 3; queryType: qtINDIRECT; queryDepth: 3; "
1750527532008,1750527532009,3810,1,1,4,TMGetLedger,"itype: liTS_CANDIDATE; ledgerHash: ""[\000\302\314\326\214\276@c\240\272\222{\363\314\032\213\311\316\246/\330\302\014>\022\346\234\347\264\270\350""; nodeIDs: ""\000\000\000\000\000\000\000\000\000\000\000\000\000\000\000\000\000\000\000\000\000\000\000\000\000\000\000\000\000\000\000\000\000""; requestCookie: 4; queryType: qtINDIRECT; queryDepth: 3; ","itype: liTS_CANDIDATE; ledgerHash: ""[\000\302\314\326\214\276@c\240\272\222{\363\314\032\213\311\316\246/\330\302\014>\022\346\234\347\264\270\350""; nodeIDs: ""\000\000\000\000\000\000\000\000\000\000\000\000\000\000\000\000\000\000\000\000\000\000\000\000\000\000\000\000\000\000\000\000\000""; requestCookie: 4; queryType: qtINDIRECT; queryDepth: 3; "
1750527532012,1750527532012,2920,1,1,0,TMGetLedger,"itype: liTS_CANDIDATE; ledgerHash: ""\310\200l\322\255\214\342'\243\202\375k%_\335\032N\021G\005\230\271\366~%e\366\202l^\rR""; nodeIDs: ""\000\000\000\000\000\000\000\000\000\000\000\000\000\000\000\000\000\000\000\000\000\000\000\000\000\000\000\000\000\000\000\000\000""; requestCookie: 5; queryType: qtINDIRECT; queryDepth: 3; ","itype: liTS_CANDIDATE; ledgerHash: ""\310\200l\322\255\214\342'\243\202\375k%_\335\032N\021G\005\230\271\366~%e\366\202l^\rR""; nodeIDs: ""\000\000\000\000\000\000\000\000\000\000\000\000\000\000\000\000\000\000\000\000\000\000\000\000\000\000\000\000\000\000\000\000\000""; requestCookie: 5; queryType: qtINDIRECT; queryDepth: 3; "
1750527532012,1750527532012,1495,1,1,2,TMGetLedger,"itype: liTS_CANDIDATE; ledgerHash: ""[\000\302\314\326\214\276@c\240\272\222{\363\314\032\213\311\316\246/\330\302\014>\022\346\234\347\264\270\350""; nodeIDs: ""\000\000\000\000\000\000\000\000\000\000\000\000\000\000\000\000\000\000\000\000\000\000\000\000\000\000\000\000\000\000\000\000\000""; queryType: qtINDIRECT; queryDepth: 3; ","itype: liTS_CANDIDATE; ledgerHash: ""[\000\302\314\326\214\276@c\240\272\222{\363\314\032\213\311\316\246/\330\302\014>\022\346\234\347\264\270\350""; nodeIDs: ""\000\000\000\000\000\000\000\000\000\000\000\000\000\000\000\000\000\000\000\000\000\000\000\000\000\000\000\000\000\000\000\000\000""; queryType: qtINDIRECT; queryDepth: 3; "
1750527532013,1750527532013,3769,1,1,3,TMGetLedger,"itype: liTS_CANDIDATE; ledgerHash: ""[\000\302\314\326\214\276@c\240\272\222{\363\314\032\213\311\316\246/\330\302\014>\022\346\234\347\264\270\350""; nodeIDs: ""\000\000\000\000\000\000\000\000\000\000\000\000\000\000\000\000\000\000\000\000\000\000\000\000\000\000\000\000\000\000\000\000\000""; queryType: qtINDIRECT; queryDepth: 3; ","itype: liTS_CANDIDATE; ledgerHash: ""[\000\302\314\326\214\276@c\240\272\222{\363\314\032\213\311\316\246/\330\302\014>\022\346\234\347\264\270\350""; nodeIDs: ""\000\000\000\000\000\000\000\000\000\000\000\000\000\000\000\000\000\000\000\000\000\000\000\000\000\000\000\000\000\000\000\000\000""; queryType: qtINDIRECT; queryDepth: 3; "
1750527532013,1750527532013,3810,1,1,4,TMGetLedger,"itype: liTS_CANDIDATE; ledgerHash: ""[\000\302\314\326\214\276@c\240\272\222{\363\314\032\213\311\316\246/\330\302\014>\022\346\234\347\264\270\350""; nodeIDs: ""\000\000\000\000\000\000\000\000\000\000\000\000\000\000\000\000\000\000\000\000\000\000\000\000\000\000\000\000\000\000\000\000\000""; queryType: qtINDIRECT; queryDepth: 3; ","itype: liTS_CANDIDATE; ledgerHash: ""[\000\302\314\326\214\276@c\240\272\222{\363\314\032\213\311\316\246/\330\302\014>\022\346\234\347\264\270\350""; nodeIDs: ""\000\000\000\000\000\000\000\000\000\000\000\000\000\000\000\000\000\000\000\000\000\000\000\000\000\000\000\000\000\000\000\000\000""; queryType: qtINDIRECT; queryDepth: 3; "
1750527532013,1750527532014,2920,1,1,0,TMGetLedger,"itype: liTS_CANDIDATE; ledgerHash: ""[\000\302\314\326\214\276@c\240\272\222{\363\314\032\213\311\316\246/\330\302\014>\022\346\234\347\264\270\350""; nodeIDs: ""\000\000\000\000\000\000\000\000\000\000\000\000\000\000\000\000\000\000\000\000\000\000\000\000\000\000\000\000\000\000\000\000\000""; queryType: qtINDIRECT; queryDepth: 3; ","itype: liTS_CANDIDATE; ledgerHash: ""[\000\302\314\326\214\276@c\240\272\222{\363\314\032\213\311\316\246/\330\302\014>\022\346\234\347\264\270\350""; nodeIDs: ""\000\000\000\000\000\000\000\000\000\000\000\000\000\000\000\000\000\000\000\000\000\000\000\000\000\000\000\000\000\000\000\000\000""; queryType: qtINDIRECT; queryDepth: 3; "
1750527532015,1750527532015,3378,1,4,0,TMLedgerData,"ledgerHash: ""[\000\302\314\326\214\276@c\240\272\222{\363\314\032\213\311\316\246/\330\302\014>\022\346\234\347\264\270\350""; ledgerSeq: 0; type: liTS_CANDIDATE; nodes {;   nodedata: ""\002i\361\030\371\256\265\036\320\273\013\357<\215/(\215[\231D\357Gd\372\270\316\261\301\342\327\225\241\000GZ\227\022t\201\240u\2324P\027\307M\337'Y\361[IAD\351\374!\232\005\337\376\252\251g\004\003"";   nodeid: ""\000\000\000\000\000\000\000\000\000\000\000\000\000\000\000\000\000\000\000\000\000\000\000\000\000\000\000\000\000\000\000\000\000""; }; ","ledgerHash: ""[\000\302\314\326\214\276@c\240\272\222{\363\314\032\213\311\316\246/\330\302\014>\022\346\234\347\264\270\350""; ledgerSeq: 0; type: liTS_CANDIDATE; nodes {;   nodedata: ""\002i\361\030\371\256\265\036\320\273\013\357<\215/(\215[\231D\357Gd\372\270\316\261\301\342\327\225\241\000GZ\227\022t\201\240u\2324P\027\307M\337'Y\361[IAD\351\374!\232\005\337\376\252\251g\004\003"";   nodeid: ""\000\000\000\000\000\000\000\000\000\000\000\000\000\000\000\000\000\000\000\000\000\000\000\000\000\000\000\000\000\000\000\000\000""; }; "
1750527532016,1750527532016,1996,1,0,4,TMLedgerData,"ledgerHash: ""'\274\220\233\332\373\335\027\332I\377y`\224\260\350-\215\335\267[\036\265\265\252`\026&\030{\362\363""; ledgerSeq: 0; type: liTS_CANDIDATE; nodes {;   nodedata: ""\002i\361\030\371\256\265\036\320\273\013\357<\215/(\215[\231D\357Gd\372\270\316\261\301\342\327\225\241\000GZ\227\022t\201\240u\2324P\027\307M\337'Y\361[IAD\351\374!\232\005\337\376\252\251g\004\240\231\202k\030<\225\205;%\337\001\376d\216V\310\306k>\373\322\372\353b\3659\350\345\324F\026\n\003"";   nodeid: ""\000\000\000\000\000\000\000\000\000\000\000\000\000\000\000\000\000\000\000\000\000\000\000\000\000\000\000\000\000\000\000\000\000""; }; ","ledgerHash: ""'\274\220\233\332\373\335\027\332I\377y`\224\260\350-\215\335\267[\036\265\265\252`\026&\030{\362\363""; ledgerSeq: 0; type: liTS_CANDIDATE; nodes {;   nodedata: ""\002i\361\030\371\256\265\036\320\273\013\357<\215/(\215[\231D\357Gd\372\270\316\261\301\342\327\225\241\000GZ\227\022t\201\240u\2324P\027\307M\337'Y\361[IAD\351\374!\232\005\337\376\252\251g\004\240\231\202k\030<\225\205;%\337\001\376d\216V\310\306k>\373\322\372\353b\3659\350\345\324F\026\n\003"";   nodeid: ""\000\000\000\000\000\000\000\000\000\000\000\000\000\000\000\000\000\000\000\000\000\000\000\000\000\000\000\000\000\000\000\000\000""; }; "
1750527532023,1750527532023,3818,1,0,2,TMLedgerData,"ledgerHash: ""\310\200l\322\255\214\342'\243\202\375k%_\335\032N\021G\005\230\271\366~%e\366\202l^\rR""; ledgerSeq: 0; type: liTS_CANDIDATE; nodes {;   nodedata: ""GZ\227\022t\201\240u\2324P\027\307M\337'Y\361[IAD\351\374!\232\005\337\376\252\251g\004\003"";   nodeid: ""\000\000\000\000\000\000\000\000\000\000\000\000\000\000\000\000\000\000\000\000\000\000\000\000\000\000\000\000\000\000\000\000\000""; }; requestCookie: 4; ","ledgerHash: ""\310\200l\322\255\214\342'\243\202\375k%_\335\032N\021G\005\230\271\366~%e\366\202l^\rR""; ledgerSeq: 0; type: liTS_CANDIDATE; nodes {;   nodedata: ""GZ\227\022t\201\240u\2324P\027\307M\337'Y\361[IAD\351\374!\232\005\337\376\252\251g\004\003"";   nodeid: ""\000\000\000\000\000\000\000\000\000\000\000\000\000\000\000\000\000\000\000\000\000\000\000\000\000\000\000\000\000\000\000\000\000""; }; requestCookie: 4; "
1750527532054,1750527532054,3810,1,1,4,TMGetLedger,"itype: liTS_CANDIDATE; ledgerHash: ""[\000\302\314\326\214\276@c\240\272\222{\363\314\032\213\311\316\246/\330\302\014>\022\346\234\347\264\270\350""; nodeIDs: ""\000\000\000\000\000\000\000\000\000\000\000\000\000\000\000\000\000\000\000\000\000\000\000\000\000\000\000\000\000\000\000\000\000""; requestCookie: 3; queryType: qtINDIRECT; queryDepth: 3; ","itype: liTS_CANDIDATE; ledgerHash: ""[\000\302\314\326\214\276@c\240\272\222{\363\314\032\213\311\316\246/\330\302\014>\022\346\234\347\264\270\350""; nodeIDs: ""\000\000\000\000\000\000\000\000\000\000\000\000\000\000\000\000\000\000\000\000\000\000\000\000\000\000\000\000\000\000\000\000\000""; requestCookie: 3; queryType: qtINDIRECT; queryDepth: 3; "
1750527532076,1750527532076,3459,1,3,1,TMValidation,"validation: """"\200\000\000\001&\000\000\000\005)/\351\252\252:\r\302\353\023?\373\240rQ\331]\036\237\306o!\223\221\002\324\031\262\240R\177 ,\214\325\Q])\016\2067\277\t\354\010\000P\027'\274\220\233\332\373\335\027\332I\377y`\224\260\350-\215\335\267[\036\265\265\252`\026&\030{\362\363P\031\265\024\321\362\354\211\250.\234s\225amc\305\035\366\276\037nD\277`\210\223N\3535\033\261\304fs!\003R7o\362bV\300hf\266\241;}\200^\374\240\203[:\342Q\225\221\027y\372\255\235\216\323~vF0D\002 \t+h\355\361M\370|ia\205m\375\031iM\d\325\246\356\000|\320O\230z\027\024<\217\004\002 E\244G\326\253B\316\225\016\256\260P\243\351i\316\371\355E\367\351\266;\347\232\257\003\223\017w\270\204""; ","validation: """"\200\000\000\001&\000\000\000\005)/\351\252\252:\r\302\353\023?\373\240rQ\331]\036\237\306o!\223\221\002\324\031\262\240R\177 ,\214\325\Q])\016\2067\277\t\354\010\000P\027'\274\220\233\332\373\335\027\332I\377y`\224\260\350-\215\335\267[\036\265\265\252`\026&\030{\362\363P\031\265\024\321\362\354\211\250.\234s\225amc\305\035\366\276\037nD\277`\210\223N\3535\033\261\304fs!\003R7o\362bV\300hf\266\241;}\200^\374\240\203[:\342Q\225\221\027y\372\255\235\216\323~vF0D\002 \t+h\355\361M\370|ia\205m\375\031iM\d\325\246\356\000|\320O\230z\027\024<\217\004\002 E\244G\326\253B\316\225\016\256\260P\243\351i\316\371\355E\367\351\266;\347\232\257\003\223\017w\270\204""; "
1750527532077,1750527532077,3736,1,3,4,TMValidation,"validation: """"\200\000\000\001&\000\000\000\005)/\351\252\252:\r\302\353\023?\373\240rQ\331]\036\237\306o!\223\221\002\324\031\262\240R\177 ,\214\325\Q])\016\2067\277\t\354\010\000P\027'\274\220\233\332\373\335\027\332I\377y`\224\260\350-\215\335\267[\036\265\265\252`\026&\030{\362\363P\031\265\024\321\362\354\211\250.\234s\225amc\305\035\366\276\037nD\277`\210\223N\3535\033\261\304fs!\003R7o\362bV\300hf\266\241;}\200^\374\240\203[:\342Q\225\221\027y\372\255\235\216\323~vF0D\002 \t+h\355\361M\370|ia\205m\375\031iM\d\325\246\356\000|\320O\230z\027\024<\217\004\002 E\244G\326\253B\316\225\016\256\260P\243\351i\316\371\355E\367\351\266;\347\232\257\003\223\017w\270\204""; ","validation: """"\200\000\000\001&\000\000\000\005)/\351\252\252:\r\302\353\023?\373\240rQ\331]\036\237\306o!\223\221\002\324\031\262\240R\177 ,\214\325\Q])\016\2067\277\t\354\010\000P\027'\274\220\233\332\373\335\027\332I\377y`\224\260\350-\215\335\267[\036\265\265\252`\026&\030{\362\363P\031\265\024\321\362\354\211\250.\234s\225amc\305\035\366\276\037nD\277`\210\223N\3535\033\261\304fs!\003R7o\362bV\300hf\266\241;}\200^\374\240\203[:\342Q\225\221\027y\372\255\235\216\323~vF0D\002 \t+h\355\361M\370|ia\205m\375\031iM\d\325\246\356\000|\320O\230z\027\024<\217\004\002 E\244G\326\253B\316\225\016\256\260P\243\351i\316\371\355E\367\351\266;\347\232\257\003\223\017w\270\204""; "
1750527532077,1750527532077,1777,1,3,0,TMValidation,"validation: """"\200\000\000\001&\000\000\000\005)/\351\252\252:\r\302\353\023?\373\240rQ\331]\036\237\306o!\223\221\002\324\031\262\240R\177 ,\214\325\Q])\016\2067\277\t\354\010\000P\027'\274\220\233\332\373\335\027\332I\377y`\224\260\350-\215\335\267[\036\265\265\252`\026&\030{\362\363P\031\265\024\321\362\354\211\250.\234s\225amc\305\035\366\276\037nD\277`\210\223N\3535\033\261\304fs!\003R7o\362bV\300hf\266\241;}\200^\374\240\203[:\342Q\225\221\027y\372\255\235\216\323~vF0D\002 \t+h\355\361M\370|ia\205m\375\031iM\d\325\246\356\000|\320O\230z\027\024<\217\004\002 E\244G\326\253B\316\225\016\256\260P\243\351i\316\371\355E\367\351\266;\347\232\257\003\223\017w\270\204""; ","validation: """"\200\000\000\001&\000\000\000\005)/\351\252\252:\r\302\353\023?\373\240rQ\331]\036\237\306o!\223\221\002\324\031\262\240R\177 ,\214\325\Q])\016\2067\277\t\354\010\000P\027'\274\220\233\332\373\335\027\332I\377y`\224\260\350-\215\335\267[\036\265\265\252`\026&\030{\362\363P\031\265\024\321\362\354\211\250.\234s\225amc\305\035\366\276\037nD\277`\210\223N\3535\033\261\304fs!\003R7o\362bV\300hf\266\241;}\200^\374\240\203[:\342Q\225\221\027y\372\255\235\216\323~vF0D\002 \t+h\355\361M\370|ia\205m\375\031iM\d\325\246\356\000|\320O\230z\027\024<\217\004\002 E\244G\326\253B\316\225\016\256\260P\243\351i\316\371\355E\367\351\266;\347\232\257\003\223\017w\270\204""; "
1750527532079,1750527532079,1659,1,2,0,TMProposeSet,"proposeSeq: 0; currentTxHash: ""\000\000\000\000\000\000\000\000\000\000\000\000\000\000\000\000\000\000\000\000\000\000\000\000\000\000\000\000\000\000\000\000""; nodePubKey: ""\002\266\377\271\344:\030\221i\267\257\215\237M\014\3345f\014\273|\207\367\334\337F\325\004cxB\211L""; closeTime: 803842730; signature: ""0D\002 C\221a\341\007A\222\254\345L\347\3361rI\236\231@\234\212\315\277\014M\205A\025\377\204\210\365\t\002 zQ\204\315Q\2266\323.\205\357\246\356\0331\232c\205\354\312\301`\333.[+^M?\316\256\205""; previousledger: ""\331]\036\237\306o!\223\221\002\324\031\262\240R\177 ,\214\325\Q])\016\2067\277\t\354\010\000""; ","proposeSeq: 0; currentTxHash: ""\000\000\000\000\000\000\000\000\000\000\000\000\000\000\000\000\000\000\000\000\000\000\000\000\000\000\000\000\000\000\000\000""; nodePubKey: ""\002\266\377\271\344:\030\221i\267\257\215\237M\014\3345f\014\273|\207\367\334\337F\325\004cxB\211L""; closeTime: 803842730; signature: ""0D\002 C\221a\341\007A\222\254\345L\347\3361rI\236\231@\234\212\315\277\014M\205A\025\377\204\210\365\t\002 zQ\204\315Q\2266\323.\205\357\246\356\0331\232c\205\354\312\301`\333.[+^M?\316\256\205""; previousledger: ""\331]\036\237\306o!\223\221\002\324\031\262\240R\177 ,\214\325\Q])\016\2067\277\t\354\010\000""; "
1750527532079,1750527532079,3046,1,2,4,TMProposeSet,"proposeSeq: 0; currentTxHash: ""\000\000\000\000\000\000\000\000\000\000\000\000\000\000\000\000\000\000\000\000\000\000\000\000\000\000\000\000\000\000\000\000""; nodePubKey: ""\002\266\377\271\344:\030\221i\267\257\215\237M\014\3345f\014\273|\207\367\334\337F\325\004cxB\211L""; closeTime: 803842730; signature: ""0D\002 C\221a\341\007A\222\254\345L\347\3361rI\236\231@\234\212\315\277\014M\205A\025\377\204\210\365\t\002 zQ\204\315Q\2266\323.\205\357\246\356\0331\232c\205\354\312\301`\333.[+^M?\316\256\205""; previousledger: ""\331]\036\237\306o!\223\221\002\324\031\262\240R\177 ,\214\325\Q])\016\2067\277\t\354\010\000""; ","proposeSeq: 0; currentTxHash: ""\000\000\000\000\000\000\000\000\000\000\000\000\000\000\000\000\000\000\000\000\000\000\000\000\000\000\000\000\000\000\000\000""; nodePubKey: ""\002\266\377\271\344:\030\221i\267\257\215\237M\014\3345f\014\273|\207\367\334\337F\325\004cxB\211L""; closeTime: 803842730; signature: ""0D\002 C\221a\341\007A\222\254\345L\347\3361rI\236\231@\234\212\315\277\014M\205A\025\377\204\210\365\t\002 zQ\204\315Q\2266\323.\205\357\246\356\0331\232c\205\354\312\301`\333.[+^M?\316\256\205""; previousledger: ""\331]\036\237\306o!\223\221\002\324\031\262\240R\177 ,\214\325\Q])\016\2067\277\t\354\010\000""; "
1750527532080,1750527532080,4000,1,2,3,TMGetLedger,"itype: liTS_CANDIDATE; ledgerHash: ""[\000\302\314\326\214\276@c\240\272\222{\363\314\032\213\311\316\246/\330\302\014>\022\346\234\347\264\270\350""; nodeIDs: ""\000\000\000\000\000\000\000\000\000\000\000\000\000\000\000\000\000\000\000\000\000\000\000\000\000\000\000\000\000\000\000\000\000""; requestCookie: 2; queryType: qtINDIRECT; queryDepth: 3; ","itype: liTS_CANDIDATE; ledgerHash: ""[\000\302\314\326\214\276@c\240\272\222{\363\314\032\213\311\316\246/\330\302\014>\022\346\234\347\264\270\350""; nodeIDs: ""\000\000\000\000\000\000\000\000\000\000\000\000\000\000\000\000\000\000\000\000\000\000\000\000\000\000\000\000\000\000\000\000\000""; requestCookie: 2; queryType: qtINDIRECT; queryDepth: 3; "
1750527532079,1750527532080,2762,1,2,3,TMProposeSet,"proposeSeq: 0; currentTxHash: ""\000\000\000\000\000\000\000\000\000\000\000\000\000\000\000\000\000\000\000\000\000\000\000\000\000\000\000\000\000\000\000\000""; nodePubKey: ""\002\266\377\271\344:\030\221i\267\257\215\237M\014\3345f\014\273|\207\367\334\337F\325\004cxB\211L""; closeTime: 803842730; signature: ""0D\002 C\221a\341\007A\222\254\345L\347\3361rI\236\231@\234\212\315\277\014M\205A\025\377\204\210\365\t\002 zQ\204\315Q\2266\323.\205\357\246\356\0331\232c\205\354\312\301`\333.[+^M?\316\256\205""; previousledger: ""\331]\036\237\306o!\223\221\002\324\031\262\240R\177 ,\214\325\Q])\016\2067\277\t\354\010\000""; ","proposeSeq: 0; currentTxHash: ""\000\000\000\000\000\000\000\000\000\000\000\000\000\000\000\000\000\000\000\000\000\000\000\000\000\000\000\000\000\000\000\000""; nodePubKey: ""\002\266\377\271\344:\030\221i\267\257\215\237M\014\3345f\014\273|\207\367\334\337F\325\004cxB\211L""; closeTime: 803842730; signature: ""0D\002 C\221a\341\007A\222\254\345L\347\3361rI\236\231@\234\212\315\277\014M\205A\025\377\204\210\365\t\002 zQ\204\315Q\2266\323.\205\357\246\356\0331\232c\205\354\312\301`\333.[+^M?\316\256\205""; previousledger: ""\331]\036\237\306o!\223\221\002\324\031\262\240R\177 ,\214\325\Q])\016\2067\277\t\354\010\000""; "
1750527532089,1750527532089,380,1,0,4,TMGetLedger,"itype: liTS_CANDIDATE; ledgerHash: ""[\000\302\314\326\214\276@c\240\272\222{\363\314\032\213\311\316\246/\330\302\014>\022\346\234\347\264\270\350""; nodeIDs: ""\000\000\000\000\000\000\000\000\000\000\000\000\000\000\000\000\000\000\000\000\000\000\000\000\000\000\000\000\000\000\000\000\000""; requestCookie: 3; queryType: qtINDIRECT; queryDepth: 3; ","itype: liTS_CANDIDATE; ledgerHash: ""[\000\302\314\326\214\276@c\240\272\222{\363\314\032\213\311\316\246/\330\302\014>\022\346\234\347\264\270\350""; nodeIDs: ""\000\000\000\000\000\000\000\000\000\000\000\000\000\000\000\000\000\000\000\000\000\000\000\000\000\000\000\000\000\000\000\000\000""; requestCookie: 3; queryType: qtINDIRECT; queryDepth: 3; "
1750527532091,1750527532091,1996,1,0,4,TMLedgerData,"ledgerHash: ""\310\200l\322\255\214\342'\243\202\375k%_\335\032N\021G\005\230\271\366~%e\366\202l^\rR""; ledgerSeq: 0; type: liTS_CANDIDATE; nodes {;   nodedata: ""GZ\227\022t\201\240u\2324P\027\307M\337'Y\361[IAD\351\374!\232\005\337\376\252\251g\004\003"";   nodeid: ""\000\000\000\000\000\000\000\000\000\000\000\000\000\000\000\000\000\000\000\000\000\000\000\000\000\000\000\000\000\000\000\000\000""; }; requestCookie: 4; ","ledgerHash: ""\310\200l\322\255\214\342'\243\202\375k%_\335\032N\021G\005\230\271\366~%e\366\202l^\rR""; ledgerSeq: 0; type: liTS_CANDIDATE; nodes {;   nodedata: ""GZ\227\022t\201\240u\2324P\027\307M\337'Y\361[IAD\351\374!\232\005\337\376\252\251g\004\003"";   nodeid: ""\000\000\000\000\000\000\000\000\000\000\000\000\000\000\000\000\000\000\000\000\000\000\000\000\000\000\000\000\000\000\000\000\000""; }; requestCookie: 4; "
1750527532126,1750527532126,1996,1,0,4,TMLedgerData,"ledgerHash: ""\310\200l\322\255\214\342'\243\202\375k%_\335\032N\021G\005\230\271\366~%e\366\202l^\rR""; ledgerSeq: 0; type: liTS_CANDIDATE; nodes {;   nodedata: ""GZ\227\022t\201\240u\2324P\027\307M\337'Y\361[IAD\351\374!\232\005\337\376\252\251g\004\003"";   nodeid: ""\000\000\000\000\000\000\000\000\000\000\000\000\000\000\000\000\000\000\000\000\000\000\000\000\000\000\000\000\000\000\000\000\000""; }; ","ledgerHash: ""\310\200l\322\255\214\342'\243\202\375k%_\335\032N\021G\005\230\271\366~%e\366\202l^\rR""; ledgerSeq: 0; type: liTS_CANDIDATE; nodes {;   nodedata: ""GZ\227\022t\201\240u\2324P\027\307M\337'Y\361[IAD\351\374!\232\005\337\376\252\251g\004\003"";   nodeid: ""\000\000\000\000\000\000\000\000\000\000\000\000\000\000\000\000\000\000\000\000\000\000\000\000\000\000\000\000\000\000\000\000\000""; }; "
1750527532130,1750527532130,1199,1,0,2,TMGetLedger,"itype: liTS_CANDIDATE; ledgerHash: ""[\000\302\314\326\214\276@c\240\272\222{\363\314\032\213\311\316\246/\330\302\014>\022\346\234\347\264\270\350""; nodeIDs: ""\000\000\000\000\000\000\000\000\000\000\000\000\000\000\000\000\000\000\000\000\000\000\000\000\000\000\000\000\000\000\000\000\000""; queryType: qtINDIRECT; queryDepth: 3; ","itype: liTS_CANDIDATE; ledgerHash: ""[\000\302\314\326\214\276@c\240\272\222{\363\314\032\213\311\316\246/\330\302\014>\022\346\234\347\264\270\350""; nodeIDs: ""\000\000\000\000\000\000\000\000\000\000\000\000\000\000\000\000\000\000\000\000\000\000\000\000\000\000\000\000\000\000\000\000\000""; queryType: qtINDIRECT; queryDepth: 3; "
1750527532131,1750527532131,3094,1,0,3,TMGetLedger,"itype: liTS_CANDIDATE; ledgerHash: ""[\000\302\314\326\214\276@c\240\272\222{\363\314\032\213\311\316\246/\330\302\014>\022\346\234\347\264\270\350""; nodeIDs: ""\000\000\000\000\000\000\000\000\000\000\000\000\000\000\000\000\000\000\000\000\000\000\000\000\000\000\000\000\000\000\000\000\000""; queryType: qtINDIRECT; queryDepth: 3; ","itype: liTS_CANDIDATE; ledgerHash: ""[\000\302\314\326\214\276@c\240\272\222{\363\314\032\213\311\316\246/\330\302\014>\022\346\234\347\264\270\350""; nodeIDs: ""\000\000\000\000\000\000\000\000\000\000\000\000\000\000\000\000\000\000\000\000\000\000\000\000\000\000\000\000\000\000\000\000\000""; queryType: qtINDIRECT; queryDepth: 3; "
1750527532131,1750527532132,3375,1,0,1,TMGetLedger,"itype: liTS_CANDIDATE; ledgerHash: ""[\000\302\314\326\214\276@c\240\272\222{\363\314\032\213\311\316\246/\330\302\014>\022\346\234\347\264\270\350""; nodeIDs: ""\000\000\000\000\000\000\000\000\000\000\000\000\000\000\000\000\000\000\000\000\000\000\000\000\000\000\000\000\000\000\000\000\000""; queryType: qtINDIRECT; queryDepth: 3; ","itype: liTS_CANDIDATE; ledgerHash: ""[\000\302\314\326\214\276@c\240\272\222{\363\314\032\213\311\316\246/\330\302\014>\022\346\234\347\264\270\350""; nodeIDs: ""\000\000\000\000\000\000\000\000\000\000\000\000\000\000\000\000\000\000\000\000\000\000\000\000\000\000\000\000\000\000\000\000\000""; queryType: qtINDIRECT; queryDepth: 3; "
1750527532135,1750527532136,3378,1,4,0,TMLedgerData,"ledgerHash: ""\331]\036\237\306o!\223\221\002\324\031\262\240R\177 ,\214\325\Q])\016\2067\277\t\354\010\000""; ledgerSeq: 5; type: liBASE; nodes {;   nodedata: ""\000\000\000\005\001cEx]\211\377\342\265\024\321\362\354\211\250.\234s\225amc\305\035\366\276\037nD\277`\210\223N\3535\033\261\304fh\257\243\333\365p\373t\344A\230\350\010.\336\000\005\246\303M\315\345\354\264p\204q\004g\016\305\223\354\000;j\257n\251\021+\037/9\302\270\257\205\347\r\013o!w\014\007\375\353e\n\355\235`\216/\351\252\241/\351\252\252\n\000""; }; nodes {;   nodedata: ""\341\035\262xv\226\317f5\366\365\252a\177\355\302\326\t\222~j\320f\374/ \363\256\257\361 \303\001\301\025%1L\307\t\261\262z\374\222T\301\274V\236\223\262\270Ct\362\337b\356\024*\324\320\351\317\002k\336\234\027v\351\217\260\303\360\233ZPZWr\246$w\313\313\r\243r\232\2234\373\3539:N\004;tP\302\307\005x\n\302lQ\275\237<g\321\233$\274p\355\310J\230\370\306\264\314\367C\275\272\006E\344\037@\210\363\010\336T\226\247'\204_{\261\370""1\235\2445\343\033Y!\212\201\341\272\225'\007b\010\217Q\330\226\225+\355\377\350\246\201\221N""^:\025H\006^\027\n\0169\014\340\275\277\264-\013\003""; }; nodes {;   nodedata: ""\263O\327&O\344\301\265\311_""j\216\325\325\t1\303a\007\256\336!\306\235\247\276\266\267b\341\204\0003(\332\236\377bF\234\321\247\022=w\310Wh\2632\2767H*\314\324\275V\272\370([\370\247\004\336\3345\\342]s\221\233\2662\224\020\253dw\035\210\370\313\367\255'>c\202\024\264-\032\257\375\n\003""; }; ","ledgerHash: ""\331]\036\237\306o!\223\221\002\324\031\262\240R\177 ,\214\325\Q])\016\2067\277\t\354\010\000""; ledgerSeq: 5; type: liBASE; nodes {;   nodedata: ""\000\000\000\005\001cEx]\211\377\342\265\024\321\362\354\211\250.\234s\225amc\305\035\366\276\037nD\277`\210\223N\3535\033\261\304fh\257\243\333\365p\373t\344A\230\350\010.\336\000\005\246\303M\315\345\354\264p\204q\004g\016\305\223\354\000;j\257n\251\021+\037/9\302\270\257\205\347\r\013o!w\014\007\375\353e\n\355\235`\216/\351\252\241/\351\252\252\n\000""; }; nodes {;   nodedata: ""\341\035\262xv\226\317f5\366\365\252a\177\355\302\326\t\222~j\320f\374/ \363\256\257\361 \303\001\301\025%1L\307\t\261\262z\374\222T\301\274V\236\223\262\270Ct\362\337b\356\024*\324\320\351\317\002k\336\234\027v\351\217\260\303\360\233ZPZWr\246$w\313\313\r\243r\232\2234\373\3539:N\004;tP\302\307\005x\n\302lQ\275\237<g\321\233$\274p\355\310J\230\370\306\264\314\367C\275\272\006E\344\037@\210\363\010\336T\226\247'\204_{\261\370""1\235\2445\343\033Y!\212\201\341\272\225'\007b\010\217Q\330\226\225+\355\377\350\246\201\221N""^:\025H\006^\027\n\0169\014\340\275\277\264-\013\003""; }; nodes {;   nodedata: ""\263O\327&O\344\301\265\311_""j\216\325\325\t1\303a\007\256\336!\306\235\247\276\266\267b\341\204\0003(\332\236\377bF\234\321\247\022=w\310Wh\2632\2767H*\314\324\275V\272\370([\370\247\004\336\3345\\342]s\221\233\2662\224\020\253dw\035\210\370\313\367\255'>c\202\024\264-\032\257\375\n\003""; }; "
1750527532139,1750527532139,1434,1,0,1,TMLedgerData,"ledgerHash: ""\310\200l\322\255\214\342'\243\202\375k%_\335\032N\021G\005\230\271\366~%e\366\202l^\rR""; ledgerSeq: 0; type: liTS_CANDIDATE; nodes {;   nodedata: ""GZ\227\022t\201\240u\2324P\027\307M\337'Y\361[IAD\351\374!\232\005\337\376\252\251g\004\003"";   nodeid: ""\000\000\000\000\000\000\000\000\000\000\000\000\000\000\000\000\000\000\000\000\000\000\000\000\000\000\000\000\000\000\000\000\000""; }; requestCookie: 4; ","ledgerHash: ""\310\200l\322\255\214\342'\243\202\375k%_\335\032N\021G\005\230\271\366~%e\366\202l^\rR""; ledgerSeq: 0; type: liTS_CANDIDATE; nodes {;   nodedata: ""GZ\227\022t\201\240u\2324P\027\307M\337'Y\361[IAD\351\374!\232\005\337\376\252\251g\004\003"";   nodeid: ""\000\000\000\000\000\000\000\000\000\000\000\000\000\000\000\000\000\000\000\000\000\000\000\000\000\000\000\000\000\000\000\000\000""; }; requestCookie: 4; "
1750527532144,1750527532144,1212,1,2,4,TMLedgerData,"ledgerHash: ""'\274\220\233\332\373\335\027\332I\377y`\224\260\350-\215\335\267[\036\265\265\252`\026&\030{\362\363""; ledgerSeq: 0; type: liTS_CANDIDATE; nodes {;   nodedata: ""\002i\361\030\371\256\265\036\320\273\013\357<\215/(\215[\231D\357Gd\372\270\316\261\301\342\327\225\241\000GZ\227\022t\201\240u\2324P\027\307M\337'Y\361[IAD\351\374!\232\005\337\376\252\251g\004\240\231\202k\030<\225\205;%\337\001\376d\216V\310\306k>\373\322\372\353b\3659\350\345\324F\026\n\003"";   nodeid: ""\000\000\000\000\000\000\000\000\000\000\000\000\000\000\000\000\000\000\000\000\000\000\000\000\000\000\000\000\000\000\000\000\000""; }; ","ledgerHash: ""'\274\220\233\332\373\335\027\332I\377y`\224\260\350-\215\335\267[\036\265\265\252`\026&\030{\362\363""; ledgerSeq: 0; type: liTS_CANDIDATE; nodes {;   nodedata: ""\002i\361\030\371\256\265\036\320\273\013\357<\215/(\215[\231D\357Gd\372\270\316\261\301\342\327\225\241\000GZ\227\022t\201\240u\2324P\027\307M\337'Y\361[IAD\351\374!\232\005\337\376\252\251g\004\240\231\202k\030<\225\205;%\337\001\376d\216V\310\306k>\373\322\372\353b\3659\350\345\324F\026\n\003"";   nodeid: ""\000\000\000\000\000\000\000\000\000\000\000\000\000\000\000\000\000\000\000\000\000\000\000\000\000\000\000\000\000\000\000\000\000""; }; "
1750527532170,1750527532170,380,1,0,4,TMGetLedger,"itype: liTS_CANDIDATE; ledgerHash: ""[\000\302\314\326\214\276@c\240\272\222{\363\314\032\213\311\316\246/\330\302\014>\022\346\234\347\264\270\350""; nodeIDs: ""\000\000\000\000\000\000\000\000\000\000\000\000\000\000\000\000\000\000\000\000\000\000\000\000\000\000\000\000\000\000\000\000\000""; queryType: qtINDIRECT; queryDepth: 3; ","itype: liTS_CANDIDATE; ledgerHash: ""[\000\302\314\326\214\276@c\240\272\222{\363\314\032\213\311\316\246/\330\302\014>\022\346\234\347\264\270\350""; nodeIDs: ""\000\000\000\000\000\000\000\000\000\000\000\000\000\000\000\000\000\000\000\000\000\000\000\000\000\000\000\000\000\000\000\000\000""; queryType: qtINDIRECT; queryDepth: 3; "
1750527532185,1750527532185,1782,1,1,4,TMLedgerData,"ledgerHash: ""'\274\220\233\332\373\335\027\332I\377y`\224\260\350-\215\335\267[\036\265\265\252`\026&\030{\362\363""; ledgerSeq: 0; type: liTS_CANDIDATE; nodes {;   nodedata: ""\002i\361\030\371\256\265\036\320\273\013\357<\215/(\215[\231D\357Gd\372\270\316\261\301\342\327\225\241\000GZ\227\022t\201\240u\2324P\027\307M\337'Y\361[IAD\351\374!\232\005\337\376\252\251g\004\240\231\202k\030<\225\205;%\337\001\376d\216V\310\306k>\373\322\372\353b\3659\350\345\324F\026\n\003"";   nodeid: ""\000\000\000\000\000\000\000\000\000\000\000\000\000\000\000\000\000\000\000\000\000\000\000\000\000\000\000\000\000\000\000\000\000""; }; ","ledgerHash: ""'\274\220\233\332\373\335\027\332I\377y`\224\260\350-\215\335\267[\036\265\265\252`\026&\030{\362\363""; ledgerSeq: 0; type: liTS_CANDIDATE; nodes {;   nodedata: ""\002i\361\030\371\256\265\036\320\273\013\357<\215/(\215[\231D\357Gd\372\270\316\261\301\342\327\225\241\000GZ\227\022t\201\240u\2324P\027\307M\337'Y\361[IAD\351\374!\232\005\337\376\252\251g\004\240\231\202k\030<\225\205;%\337\001\376d\216V\310\306k>\373\322\372\353b\3659\350\345\324F\026\n\003"";   nodeid: ""\000\000\000\000\000\000\000\000\000\000\000\000\000\000\000\000\000\000\000\000\000\000\000\000\000\000\000\000\000\000\000\000\000""; }; "
1750527532188,1750527532188,612,1,2,0,TMLedgerData,"ledgerHash: ""'\274\220\233\332\373\335\027\332I\377y`\224\260\350-\215\335\267[\036\265\265\252`\026&\030{\362\363""; ledgerSeq: 0; type: liTS_CANDIDATE; nodes {;   nodedata: ""\002i\361\030\371\256\265\036\320\273\013\357<\215/(\215[\231D\357Gd\372\270\316\261\301\342\327\225\241\000GZ\227\022t\201\240u\2324P\027\307M\337'Y\361[IAD\351\374!\232\005\337\376\252\251g\004\240\231\202k\030<\225\205;%\337\001\376d\216V\310\306k>\373\322\372\353b\3659\350\345\324F\026\n\003"";   nodeid: ""\000\000\000\000\000\000\000\000\000\000\000\000\000\000\000\000\000\000\000\000\000\000\000\000\000\000\000\000\000\000\000\000\000""; }; ","ledgerHash: ""'\274\220\233\332\373\335\027\332I\377y`\224\260\350-\215\335\267[\036\265\265\252`\026&\030{\362\363""; ledgerSeq: 0; type: liTS_CANDIDATE; nodes {;   nodedata: ""\002i\361\030\371\256\265\036\320\273\013\357<\215/(\215[\231D\357Gd\372\270\316\261\301\342\327\225\241\000GZ\227\022t\201\240u\2324P\027\307M\337'Y\361[IAD\351\374!\232\005\337\376\252\251g\004\240\231\202k\030<\225\205;%\337\001\376d\216V\310\306k>\373\322\372\353b\3659\350\345\324F\026\n\003"";   nodeid: ""\000\000\000\000\000\000\000\000\000\000\000\000\000\000\000\000\000\000\000\000\000\000\000\000\000\000\000\000\000\000\000\000\000""; }; "
1750527532193,1750527532193,3378,1,4,0,TMLedgerData,"ledgerHash: ""[\000\302\314\326\214\276@c\240\272\222{\363\314\032\213\311\316\246/\330\302\014>\022\346\234\347\264\270\350""; ledgerSeq: 0; type: liTS_CANDIDATE; nodes {;   nodedata: ""\002i\361\030\371\256\265\036\320\273\013\357<\215/(\215[\231D\357Gd\372\270\316\261\301\342\327\225\241\000GZ\227\022t\201\240u\2324P\027\307M\337'Y\361[IAD\351\374!\232\005\337\376\252\251g\004\003"";   nodeid: ""\000\000\000\000\000\000\000\000\000\000\000\000\000\000\000\000\000\000\000\000\000\000\000\000\000\000\000\000\000\000\000\000\000""; }; requestCookie: 4; ","ledgerHash: ""[\000\302\314\326\214\276@c\240\272\222{\363\314\032\213\311\316\246/\330\302\014>\022\346\234\347\264\270\350""; ledgerSeq: 0; type: liTS_CANDIDATE; nodes {;   nodedata: ""\002i\361\030\371\256\265\036\320\273\013\357<\215/(\215[\231D\357Gd\372\270\316\261\301\342\327\225\241\000GZ\227\022t\201\240u\2324P\027\307M\337'Y\361[IAD\351\374!\232\005\337\376\252\251g\004\003"";   nodeid: ""\000\000\000\000\000\000\000\000\000\000\000\000\000\000\000\000\000\000\000\000\000\000\000\000\000\000\000\000\000\000\000\000\000""; }; requestCookie: 4; "
1750527532223,1750527532223,3719,1,2,4,TMGetLedger,"itype: liTS_CANDIDATE; ledgerHash: ""[\000\302\314\326\214\276@c\240\272\222{\363\314\032\213\311\316\246/\330\302\014>\022\346\234\347\264\270\350""; nodeIDs: ""\000\000\000\000\000\000\000\000\000\000\000\000\000\000\000\000\000\000\000\000\000\000\000\000\000\000\000\000\000\000\000\000\000""; requestCookie: 4; queryType: qtINDIRECT; queryDepth: 3; ","itype: liTS_CANDIDATE; ledgerHash: ""[\000\302\314\326\214\276@c\240\272\222{\363\314\032\213\311\316\246/\330\302\014>\022\346\234\347\264\270\350""; nodeIDs: ""\000\000\000\000\000\000\000\000\000\000\000\000\000\000\000\000\000\000\000\000\000\000\000\000\000\000\000\000\000\000\000\000\000""; requestCookie: 4; queryType: qtINDIRECT; queryDepth: 3; "
1750527532223,1750527532224,3085,1,3,0,TMLedgerData,"ledgerHash: ""[\000\302\314\326\214\276@c\240\272\222{\363\314\032\213\311\316\246/\330\302\014>\022\346\234\347\264\270\350""; ledgerSeq: 0; type: liTS_CANDIDATE; nodes {;   nodedata: ""\002i\361\030\371\256\265\036\320\273\013\357<\215/(\215[\231D\357Gd\372\270\316\261\301\342\327\225\241\000GZ\227\022t\201\240u\2324P\027\307M\337'Y\361[IAD\351\374!\232\005\337\376\252\251g\004\003"";   nodeid: ""\000\000\000\000\000\000\000\000\000\000\000\000\000\000\000\000\000\000\000\000\000\000\000\000\000\000\000\000\000\000\000\000\000""; }; ","ledgerHash: ""[\000\302\314\326\214\276@c\240\272\222{\363\314\032\213\311\316\246/\330\302\014>\022\346\234\347\264\270\350""; ledgerSeq: 0; type: liTS_CANDIDATE; nodes {;   nodedata: ""\002i\361\030\371\256\265\036\320\273\013\357<\215/(\215[\231D\357Gd\372\270\316\261\301\342\327\225\241\000GZ\227\022t\201\240u\2324P\027\307M\337'Y\361[IAD\351\374!\232\005\337\376\252\251g\004\003"";   nodeid: ""\000\000\000\000\000\000\000\000\000\000\000\000\000\000\000\000\000\000\000\000\000\000\000\000\000\000\000\000\000\000\000\000\000""; }; "
1750527532230,1750527532230,589,1,2,0,TMGetLedger,"itype: liTS_CANDIDATE; ledgerHash: ""\310\200l\322\255\214\342'\243\202\375k%_\335\032N\021G\005\230\271\366~%e\366\202l^\rR""; nodeIDs: ""\000\000\000\000\000\000\000\000\000\000\000\000\000\000\000\000\000\000\000\000\000\000\000\000\000\000\000\000\000\000\000\000\000""; requestCookie: 5; queryType: qtINDIRECT; queryDepth: 3; ","itype: liTS_CANDIDATE; ledgerHash: ""\310\200l\322\255\214\342'\243\202\375k%_\335\032N\021G\005\230\271\366~%e\366\202l^\rR""; nodeIDs: ""\000\000\000\000\000\000\000\000\000\000\000\000\000\000\000\000\000\000\000\000\000\000\000\000\000\000\000\000\000\000\000\000\000""; requestCookie: 5; queryType: qtINDIRECT; queryDepth: 3; "
1750527532249,1750527532249,4000,1,2,3,TMGetLedger,"itype: liTS_CANDIDATE; ledgerHash: ""[\000\302\314\326\214\276@c\240\272\222{\363\314\032\213\311\316\246/\330\302\014>\022\346\234\347\264\270\350""; nodeIDs: ""\000\000\000\000\000\000\000\000\000\000\000\000\000\000\000\000\000\000\000\000\000\000\000\000\000\000\000\000\000\000\000\000\000""; queryType: qtINDIRECT; queryDepth: 3; ","itype: liTS_CANDIDATE; ledgerHash: ""[\000\302\314\326\214\276@c\240\272\222{\363\314\032\213\311\316\246/\330\302\014>\022\346\234\347\264\270\350""; nodeIDs: ""\000\000\000\000\000\000\000\000\000\000\000\000\000\000\000\000\000\000\000\000\000\000\000\000\000\000\000\000\000\000\000\000\000""; queryType: qtINDIRECT; queryDepth: 3; "
1750527532250,1750527532250,589,1,2,0,TMGetLedger,"itype: liTS_CANDIDATE; ledgerHash: ""[\000\302\314\326\214\276@c\240\272\222{\363\314\032\213\311\316\246/\330\302\014>\022\346\234\347\264\270\350""; nodeIDs: ""\000\000\000\000\000\000\000\000\000\000\000\000\000\000\000\000\000\000\000\000\000\000\000\000\000\000\000\000\000\000\000\000\000""; queryType: qtINDIRECT; queryDepth: 3; ","itype: liTS_CANDIDATE; ledgerHash: ""[\000\302\314\326\214\276@c\240\272\222{\363\314\032\213\311\316\246/\330\302\014>\022\346\234\347\264\270\350""; nodeIDs: ""\000\000\000\000\000\000\000\000\000\000\000\000\000\000\000\000\000\000\000\000\000\000\000\000\000\000\000\000\000\000\000\000\000""; queryType: qtINDIRECT; queryDepth: 3; "
1750527532249,1750527532249,1544,1,2,1,TMGetLedger,"itype: liTS_CANDIDATE; ledgerHash: ""[\000\302\314\326\214\276@c\240\272\222{\363\314\032\213\311\316\246/\330\302\014>\022\346\234\347\264\270\350""; nodeIDs: ""\000\000\000\000\000\000\000\000\000\000\000\000\000\000\000\000\000\000\000\000\000\000\000\000\000\000\000\000\000\000\000\000\000""; queryType: qtINDIRECT; queryDepth: 3; ","itype: liTS_CANDIDATE; ledgerHash: ""[\000\302\314\326\214\276@c\240\272\222{\363\314\032\213\311\316\246/\330\302\014>\022\346\234\347\264\270\350""; nodeIDs: ""\000\000\000\000\000\000\000\000\000\000\000\000\000\000\000\000\000\000\000\000\000\000\000\000\000\000\000\000\000\000\000\000\000""; queryType: qtINDIRECT; queryDepth: 3; "
1750527532250,1750527532250,3719,1,2,4,TMGetLedger,"itype: liTS_CANDIDATE; ledgerHash: ""[\000\302\314\326\214\276@c\240\272\222{\363\314\032\213\311\316\246/\330\302\014>\022\346\234\347\264\270\350""; nodeIDs: ""\000\000\000\000\000\000\000\000\000\000\000\000\000\000\000\000\000\000\000\000\000\000\000\000\000\000\000\000\000\000\000\000\000""; queryType: qtINDIRECT; queryDepth: 3; ","itype: liTS_CANDIDATE; ledgerHash: ""[\000\302\314\326\214\276@c\240\272\222{\363\314\032\213\311\316\246/\330\302\014>\022\346\234\347\264\270\350""; nodeIDs: ""\000\000\000\000\000\000\000\000\000\000\000\000\000\000\000\000\000\000\000\000\000\000\000\000\000\000\000\000\000\000\000\000\000""; queryType: qtINDIRECT; queryDepth: 3; "
1750527532258,1750527532259,3810,1,1,4,TMGetLedger,"itype: liTS_CANDIDATE; ledgerHash: ""[\000\302\314\326\214\276@c\240\272\222{\363\314\032\213\311\316\246/\330\302\014>\022\346\234\347\264\270\350""; nodeIDs: ""\000\000\000\000\000\000\000\000\000\000\000\000\000\000\000\000\000\000\000\000\000\000\000\000\000\000\000\000\000\000\000\000\000""; requestCookie: 4; queryType: qtINDIRECT; queryDepth: 3; ","itype: liTS_CANDIDATE; ledgerHash: ""[\000\302\314\326\214\276@c\240\272\222{\363\314\032\213\311\316\246/\330\302\014>\022\346\234\347\264\270\350""; nodeIDs: ""\000\000\000\000\000\000\000\000\000\000\000\000\000\000\000\000\000\000\000\000\000\000\000\000\000\000\000\000\000\000\000\000\000""; requestCookie: 4; queryType: qtINDIRECT; queryDepth: 3; "
1750527532259,1750527532259,3719,1,2,4,TMGetLedger,"itype: liTS_CANDIDATE; ledgerHash: ""[\000\302\314\326\214\276@c\240\272\222{\363\314\032\213\311\316\246/\330\302\014>\022\346\234\347\264\270\350""; nodeIDs: ""\000\000\000\000\000\000\000\000\000\000\000\000\000\000\000\000\000\000\000\000\000\000\000\000\000\000\000\000\000\000\000\000\000""; requestCookie: 3; queryType: qtINDIRECT; queryDepth: 3; ","itype: liTS_CANDIDATE; ledgerHash: ""[\000\302\314\326\214\276@c\240\272\222{\363\314\032\213\311\316\246/\330\302\014>\022\346\234\347\264\270\350""; nodeIDs: ""\000\000\000\000\000\000\000\000\000\000\000\000\000\000\000\000\000\000\000\000\000\000\000\000\000\000\000\000\000\000\000\000\000""; requestCookie: 3; queryType: qtINDIRECT; queryDepth: 3; "
1750527532262,1750527532262,2920,1,1,0,TMGetLedger,"itype: liTS_CANDIDATE; ledgerHash: ""\310\200l\322\255\214\342'\243\202\375k%_\335\032N\021G\005\230\271\366~%e\366\202l^\rR""; nodeIDs: ""\000\000\000\000\000\000\000\000\000\000\000\000\000\000\000\000\000\000\000\000\000\000\000\000\000\000\000\000\000\000\000\000\000""; requestCookie: 5; queryType: qtINDIRECT; queryDepth: 3; ","itype: liTS_CANDIDATE; ledgerHash: ""\310\200l\322\255\214\342'\243\202\375k%_\335\032N\021G\005\230\271\366~%e\366\202l^\rR""; nodeIDs: ""\000\000\000\000\000\000\000\000\000\000\000\000\000\000\000\000\000\000\000\000\000\000\000\000\000\000\000\000\000\000\000\000\000""; requestCookie: 5; queryType: qtINDIRECT; queryDepth: 3; "
1750527532263,1750527532263,2920,1,1,0,TMGetLedger,"itype: liTS_CANDIDATE; ledgerHash: ""[\000\302\314\326\214\276@c\240\272\222{\363\314\032\213\311\316\246/\330\302\014>\022\346\234\347\264\270\350""; nodeIDs: ""\000\000\000\000\000\000\000\000\000\000\000\000\000\000\000\000\000\000\000\000\000\000\000\000\000\000\000\000\000\000\000\000\000""; queryType: qtINDIRECT; queryDepth: 3; ","itype: liTS_CANDIDATE; ledgerHash: ""[\000\302\314\326\214\276@c\240\272\222{\363\314\032\213\311\316\246/\330\302\014>\022\346\234\347\264\270\350""; nodeIDs: ""\000\000\000\000\000\000\000\000\000\000\000\000\000\000\000\000\000\000\000\000\000\000\000\000\000\000\000\000\000\000\000\000\000""; queryType: qtINDIRECT; queryDepth: 3; "
1750527532264,1750527532264,1495,1,1,2,TMGetLedger,"itype: liTS_CANDIDATE; ledgerHash: ""[\000\302\314\326\214\276@c\240\272\222{\363\314\032\213\311\316\246/\330\302\014>\022\346\234\347\264\270\350""; nodeIDs: ""\000\000\000\000\000\000\000\000\000\000\000\000\000\000\000\000\000\000\000\000\000\000\000\000\000\000\000\000\000\000\000\000\000""; queryType: qtINDIRECT; queryDepth: 3; ","itype: liTS_CANDIDATE; ledgerHash: ""[\000\302\314\326\214\276@c\240\272\222{\363\314\032\213\311\316\246/\330\302\014>\022\346\234\347\264\270\350""; nodeIDs: ""\000\000\000\000\000\000\000\000\000\000\000\000\000\000\000\000\000\000\000\000\000\000\000\000\000\000\000\000\000\000\000\000\000""; queryType: qtINDIRECT; queryDepth: 3; "
1750527532264,1750527532264,3769,1,1,3,TMGetLedger,"itype: liTS_CANDIDATE; ledgerHash: ""[\000\302\314\326\214\276@c\240\272\222{\363\314\032\213\311\316\246/\330\302\014>\022\346\234\347\264\270\350""; nodeIDs: ""\000\000\000\000\000\000\000\000\000\000\000\000\000\000\000\000\000\000\000\000\000\000\000\000\000\000\000\000\000\000\000\000\000""; queryType: qtINDIRECT; queryDepth: 3; ","itype: liTS_CANDIDATE; ledgerHash: ""[\000\302\314\326\214\276@c\240\272\222{\363\314\032\213\311\316\246/\330\302\014>\022\346\234\347\264\270\350""; nodeIDs: ""\000\000\000\000\000\000\000\000\000\000\000\000\000\000\000\000\000\000\000\000\000\000\000\000\000\000\000\000\000\000\000\000\000""; queryType: qtINDIRECT; queryDepth: 3; "
1750527532264,1750527532264,3810,1,1,4,TMGetLedger,"itype: liTS_CANDIDATE; ledgerHash: ""[\000\302\314\326\214\276@c\240\272\222{\363\314\032\213\311\316\246/\330\302\014>\022\346\234\347\264\270\350""; nodeIDs: ""\000\000\000\000\000\000\000\000\000\000\000\000\000\000\000\000\000\000\000\000\000\000\000\000\000\000\000\000\000\000\000\000\000""; queryType: qtINDIRECT; queryDepth: 3; ","itype: liTS_CANDIDATE; ledgerHash: ""[\000\302\314\326\214\276@c\240\272\222{\363\314\032\213\311\316\246/\330\302\014>\022\346\234\347\264\270\350""; nodeIDs: ""\000\000\000\000\000\000\000\000\000\000\000\000\000\000\000\000\000\000\000\000\000\000\000\000\000\000\000\000\000\000\000\000\000""; queryType: qtINDIRECT; queryDepth: 3; "
1750527532268,1750527532268,3378,1,4,0,TMLedgerData,"ledgerHash: ""[\000\302\314\326\214\276@c\240\272\222{\363\314\032\213\311\316\246/\330\302\014>\022\346\234\347\264\270\350""; ledgerSeq: 0; type: liTS_CANDIDATE; nodes {;   nodedata: ""\002i\361\030\371\256\265\036\320\273\013\357<\215/(\215[\231D\357Gd\372\270\316\261\301\342\327\225\241\000GZ\227\022t\201\240u\2324P\027\307M\337'Y\361[IAD\351\374!\232\005\337\376\252\251g\004\003"";   nodeid: ""\000\000\000\000\000\000\000\000\000\000\000\000\000\000\000\000\000\000\000\000\000\000\000\000\000\000\000\000\000\000\000\000\000""; }; ","ledgerHash: ""[\000\302\314\326\214\276@c\240\272\222{\363\314\032\213\311\316\246/\330\302\014>\022\346\234\347\264\270\350""; ledgerSeq: 0; type: liTS_CANDIDATE; nodes {;   nodedata: ""\002i\361\030\371\256\265\036\320\273\013\357<\215/(\215[\231D\357Gd\372\270\316\261\301\342\327\225\241\000GZ\227\022t\201\240u\2324P\027\307M\337'Y\361[IAD\351\374!\232\005\337\376\252\251g\004\003"";   nodeid: ""\000\000\000\000\000\000\000\000\000\000\000\000\000\000\000\000\000\000\000\000\000\000\000\000\000\000\000\000\000\000\000\000\000""; }; "
1750527532268,1750527532268,3378,1,4,0,TMLedgerData,"ledgerHash: ""[\000\302\314\326\214\276@c\240\272\222{\363\314\032\213\311\316\246/\330\302\014>\022\346\234\347\264\270\350""; ledgerSeq: 0; type: liTS_CANDIDATE; nodes {;   nodedata: ""\002i\361\030\371\256\265\036\320\273\013\357<\215/(\215[\231D\357Gd\372\270\316\261\301\342\327\225\241\000GZ\227\022t\201\240u\2324P\027\307M\337'Y\361[IAD\351\374!\232\005\337\376\252\251g\004\003"";   nodeid: ""\000\000\000\000\000\000\000\000\000\000\000\000\000\000\000\000\000\000\000\000\000\000\000\000\000\000\000\000\000\000\000\000\000""; }; requestCookie: 3; ","ledgerHash: ""[\000\302\314\326\214\276@c\240\272\222{\363\314\032\213\311\316\246/\330\302\014>\022\346\234\347\264\270\350""; ledgerSeq: 0; type: liTS_CANDIDATE; nodes {;   nodedata: ""\002i\361\030\371\256\265\036\320\273\013\357<\215/(\215[\231D\357Gd\372\270\316\261\301\342\327\225\241\000GZ\227\022t\201\240u\2324P\027\307M\337'Y\361[IAD\351\374!\232\005\337\376\252\251g\004\003"";   nodeid: ""\000\000\000\000\000\000\000\000\000\000\000\000\000\000\000\000\000\000\000\000\000\000\000\000\000\000\000\000\000\000\000\000\000""; }; requestCookie: 3; "
1750527532272,1750527532272,3818,1,0,2,TMLedgerData,"ledgerHash: ""\310\200l\322\255\214\342'\243\202\375k%_\335\032N\021G\005\230\271\366~%e\366\202l^\rR""; ledgerSeq: 0; type: liTS_CANDIDATE; nodes {;   nodedata: ""GZ\227\022t\201\240u\2324P\027\307M\337'Y\361[IAD\351\374!\232\005\337\376\252\251g\004\003"";   nodeid: ""\000\000\000\000\000\000\000\000\000\000\000\000\000\000\000\000\000\000\000\000\000\000\000\000\000\000\000\000\000\000\000\000\000""; }; requestCookie: 4; ","ledgerHash: ""\310\200l\322\255\214\342'\243\202\375k%_\335\032N\021G\005\230\271\366~%e\366\202l^\rR""; ledgerSeq: 0; type: liTS_CANDIDATE; nodes {;   nodedata: ""GZ\227\022t\201\240u\2324P\027\307M\337'Y\361[IAD\351\374!\232\005\337\376\252\251g\004\003"";   nodeid: ""\000\000\000\000\000\000\000\000\000\000\000\000\000\000\000\000\000\000\000\000\000\000\000\000\000\000\000\000\000\000\000\000\000""; }; requestCookie: 4; "
1750527532300,1750527532300,3620,1,4,3,TMValidation,"validation: """"\200\000\000\001&\000\000\000\005)/\351\252\253:\355<\266\216~aC\027Q\331]\036\237\306o!\223\221\002\324\031\262\240R\177 ,\214\325\Q])\016\2067\277\t\354\010\000P\027'\274\220\233\332\373\335\027\332I\377y`\224\260\350-\215\335\267[\036\265\265\252`\026&\030{\362\363P\031\265\024\321\362\354\211\250.\234s\225amc\305\035\366\276\037nD\277`\210\223N\3535\033\261\304fs!\002\225aM\037\203M\271C\224]$\245\215\334\264;{{\365%Z\2443U\201\242\320iUc\207\367vG0E\002!\000\335[\002\341\343\177\342\rC\274\242\235zy\303#\334:\306\230\343+Wp\237\344\351|\377\376~#\002 \002\233\370\007M]\013f\034\356\214\352[w>\362\355\305\267f\257ds\227\324\216\033;2\300\346\304""; ","validation: """"\200\000\000\001&\000\000\000\005)/\351\252\253:\355<\266\216~aC\027Q\331]\036\237\306o!\223\221\002\324\031\262\240R\177 ,\214\325\Q])\016\2067\277\t\354\010\000P\027'\274\220\233\332\373\335\027\332I\377y`\224\260\350-\215\335\267[\036\265\265\252`\026&\030{\362\363P\031\265\024\321\362\354\211\250.\234s\225amc\305\035\366\276\037nD\277`\210\223N\3535\033\261\304fs!\002\225aM\037\203M\271C\224]$\245\215\334\264;{{\365%Z\2443U\201\242\320iUc\207\367vG0E\002!\000\335[\002\341\343\177\342\rC\274\242\235zy\303#\334:\306\230\343+Wp\237\344\351|\377\376~#\002 \002\233\370\007M]\013f\034\356\214\352[w>\362\355\305\267f\257ds\227\324\216\033;2\300\346\304""; "
1750527532301,1750527532301,783,1,4,2,TMValidation,"validation: """"\200\000\000\001&\000\000\000\005)/\351\252\253:\355<\266\216~aC\027Q\331]\036\237\306o!\223\221\002\324\031\262\240R\177 ,\214\325\Q])\016\2067\277\t\354\010\000P\027'\274\220\233\332\373\335\027\332I\377y`\224\260\350-\215\335\267[\036\265\265\252`\026&\030{\362\363P\031\265\024\321\362\354\211\250.\234s\225amc\305\035\366\276\037nD\277`\210\223N\3535\033\261\304fs!\002\225aM\037\203M\271C\224]$\245\215\334\264;{{\365%Z\2443U\201\242\320iUc\207\367vG0E\002!\000\335[\002\341\343\177\342\rC\274\242\235zy\303#\334:\306\230\343+Wp\237\344\351|\377\376~#\002 \002\233\370\007M]\013f\034\356\214\352[w>\362\355\305\267f\257ds\227\324\216\033;2\300\346\304""; ","validation: """"\200\000\000\001&\000\000\000\005)/\351\252\253:\355<\266\216~aC\027Q\331]\036\237\306o!\223\221\002\324\031\262\240R\177 ,\214\325\Q])\016\2067\277\t\354\010\000P\027'\274\220\233\332\373\335\027\332I\377y`\224\260\350-\215\335\267[\036\265\265\252`\026&\030{\362\363P\031\265\024\321\362\354\211\250.\234s\225amc\305\035\366\276\037nD\277`\210\223N\3535\033\261\304fs!\002\225aM\037\203M\271C\224]$\245\215\334\264;{{\365%Z\2443U\201\242\320iUc\207\367vG0E\002!\000\335[\002\341\343\177\342\rC\274\242\235zy\303#\334:\306\230\343+Wp\237\344\351|\377\376~#\002 \002\233\370\007M]\013f\034\356\214\352[w>\362\355\305\267f\257ds\227\324\216\033;2\300\346\304""; "
1750527532301,1750527532301,3803,1,4,1,TMValidation,"validation: """"\200\000\000\001&\000\000\000\005)/\351\252\253:\355<\266\216~aC\027Q\331]\036\237\306o!\223\221\002\324\031\262\240R\177 ,\214\325\Q])\016\2067\277\t\354\010\000P\027'\274\220\233\332\373\335\027\332I\377y`\224\260\350-\215\335\267[\036\265\265\252`\026&\030{\362\363P\031\265\024\321\362\354\211\250.\234s\225amc\305\035\366\276\037nD\277`\210\223N\3535\033\261\304fs!\002\225aM\037\203M\271C\224]$\245\215\334\264;{{\365%Z\2443U\201\242\320iUc\207\367vG0E\002!\000\335[\002\341\343\177\342\rC\274\242\235zy\303#\334:\306\230\343+Wp\237\344\351|\377\376~#\002 \002\233\370\007M]\013f\034\356\214\352[w>\362\355\305\267f\257ds\227\324\216\033;2\300\346\304""; ","validation: """"\200\000\000\001&\000\000\000\005)/\351\252\253:\355<\266\216~aC\027Q\331]\036\237\306o!\223\221\002\324\031\262\240R\177 ,\214\325\Q])\016\2067\277\t\354\010\000P\027'\274\220\233\332\373\335\027\332I\377y`\224\260\350-\215\335\267[\036\265\265\252`\026&\030{\362\363P\031\265\024\321\362\354\211\250.\234s\225amc\305\035\366\276\037nD\277`\210\223N\3535\033\261\304fs!\002\225aM\037\203M\271C\224]$\245\215\334\264;{{\365%Z\2443U\201\242\320iUc\207\367vG0E\002!\000\335[\002\341\343\177\342\rC\274\242\235zy\303#\334:\306\230\343+Wp\237\344\351|\377\376~#\002 \002\233\370\007M]\013f\034\356\214\352[w>\362\355\305\267f\257ds\227\324\216\033;2\300\346\304""; "
1750527532306,1750527532306,3810,1,1,4,TMGetLedger,"itype: liTS_CANDIDATE; ledgerHash: ""[\000\302\314\326\214\276@c\240\272\222{\363\314\032\213\311\316\246/\330\302\014>\022\346\234\347\264\270\350""; nodeIDs: ""\000\000\000\000\000\000\000\000\000\000\000\000\000\000\000\000\000\000\000\000\000\000\000\000\000\000\000\000\000\000\000\000\000""; requestCookie: 3; queryType: qtINDIRECT; queryDepth: 3; ","itype: liTS_CANDIDATE; ledgerHash: ""[\000\302\314\326\214\276@c\240\272\222{\363\314\032\213\311\316\246/\330\302\014>\022\346\234\347\264\270\350""; nodeIDs: ""\000\000\000\000\000\000\000\000\000\000\000\000\000\000\000\000\000\000\000\000\000\000\000\000\000\000\000\000\000\000\000\000\000""; requestCookie: 3; queryType: qtINDIRECT; queryDepth: 3; "
1750527532321,1750527532321,3818,1,0,2,TMLedgerData,"ledgerHash: ""\310\200l\322\255\214\342'\243\202\375k%_\335\032N\021G\005\230\271\366~%e\366\202l^\rR""; ledgerSeq: 0; type: liTS_CANDIDATE; nodes {;   nodedata: ""GZ\227\022t\201\240u\2324P\027\307M\337'Y\361[IAD\351\374!\232\005\337\376\252\251g\004\003"";   nodeid: ""\000\000\000\000\000\000\000\000\000\000\000\000\000\000\000\000\000\000\000\000\000\000\000\000\000\000\000\000\000\000\000\000\000""; }; requestCookie: 5; ","ledgerHash: ""\310\200l\322\255\214\342'\243\202\375k%_\335\032N\021G\005\230\271\366~%e\366\202l^\rR""; ledgerSeq: 0; type: liTS_CANDIDATE; nodes {;   nodedata: ""GZ\227\022t\201\240u\2324P\027\307M\337'Y\361[IAD\351\374!\232\005\337\376\252\251g\004\003"";   nodeid: ""\000\000\000\000\000\000\000\000\000\000\000\000\000\000\000\000\000\000\000\000\000\000\000\000\000\000\000\000\000\000\000\000\000""; }; requestCookie: 5; "
1750527532329,1750527532330,4000,1,2,3,TMGetLedger,"itype: liTS_CANDIDATE; ledgerHash: ""[\000\302\314\326\214\276@c\240\272\222{\363\314\032\213\311\316\246/\330\302\014>\022\346\234\347\264\270\350""; nodeIDs: ""\000\000\000\000\000\000\000\000\000\000\000\000\000\000\000\000\000\000\000\000\000\000\000\000\000\000\000\000\000\000\000\000\000""; requestCookie: 2; queryType: qtINDIRECT; queryDepth: 3; ","itype: liTS_CANDIDATE; ledgerHash: ""[\000\302\314\326\214\276@c\240\272\222{\363\314\032\213\311\316\246/\330\302\014>\022\346\234\347\264\270\350""; nodeIDs: ""\000\000\000\000\000\000\000\000\000\000\000\000\000\000\000\000\000\000\000\000\000\000\000\000\000\000\000\000\000\000\000\000\000""; requestCookie: 2; queryType: qtINDIRECT; queryDepth: 3; "
1750527532340,1750527532340,380,1,0,4,TMGetLedger,"itype: liTS_CANDIDATE; ledgerHash: ""[\000\302\314\326\214\276@c\240\272\222{\363\314\032\213\311\316\246/\330\302\014>\022\346\234\347\264\270\350""; nodeIDs: ""\000\000\000\000\000\000\000\000\000\000\000\000\000\000\000\000\000\000\000\000\000\000\000\000\000\000\000\000\000\000\000\000\000""; requestCookie: 3; queryType: qtINDIRECT; queryDepth: 3; ","itype: liTS_CANDIDATE; ledgerHash: ""[\000\302\314\326\214\276@c\240\272\222{\363\314\032\213\311\316\246/\330\302\014>\022\346\234\347\264\270\350""; nodeIDs: ""\000\000\000\000\000\000\000\000\000\000\000\000\000\000\000\000\000\000\000\000\000\000\000\000\000\000\000\000\000\000\000\000\000""; requestCookie: 3; queryType: qtINDIRECT; queryDepth: 3; "
1750527532343,1750527532343,1996,1,0,4,TMLedgerData,"ledgerHash: ""\310\200l\322\255\214\342'\243\202\375k%_\335\032N\021G\005\230\271\366~%e\366\202l^\rR""; ledgerSeq: 0; type: liTS_CANDIDATE; nodes {;   nodedata: ""GZ\227\022t\201\240u\2324P\027\307M\337'Y\361[IAD\351\374!\232\005\337\376\252\251g\004\003"";   nodeid: ""\000\000\000\000\000\000\000\000\000\000\000\000\000\000\000\000\000\000\000\000\000\000\000\000\000\000\000\000\000\000\000\000\000""; }; ","ledgerHash: ""\310\200l\322\255\214\342'\243\202\375k%_\335\032N\021G\005\230\271\366~%e\366\202l^\rR""; ledgerSeq: 0; type: liTS_CANDIDATE; nodes {;   nodedata: ""GZ\227\022t\201\240u\2324P\027\307M\337'Y\361[IAD\351\374!\232\005\337\376\252\251g\004\003"";   nodeid: ""\000\000\000\000\000\000\000\000\000\000\000\000\000\000\000\000\000\000\000\000\000\000\000\000\000\000\000\000\000\000\000\000\000""; }; "
1750527532380,1750527532381,1199,1,0,2,TMGetLedger,"itype: liTS_CANDIDATE; ledgerHash: ""[\000\302\314\326\214\276@c\240\272\222{\363\314\032\213\311\316\246/\330\302\014>\022\346\234\347\264\270\350""; nodeIDs: ""\000\000\000\000\000\000\000\000\000\000\000\000\000\000\000\000\000\000\000\000\000\000\000\000\000\000\000\000\000\000\000\000\000""; queryType: qtINDIRECT; queryDepth: 3; ","itype: liTS_CANDIDATE; ledgerHash: ""[\000\302\314\326\214\276@c\240\272\222{\363\314\032\213\311\316\246/\330\302\014>\022\346\234\347\264\270\350""; nodeIDs: ""\000\000\000\000\000\000\000\000\000\000\000\000\000\000\000\000\000\000\000\000\000\000\000\000\000\000\000\000\000\000\000\000\000""; queryType: qtINDIRECT; queryDepth: 3; "
1750527532381,1750527532381,3094,1,0,3,TMGetLedger,"itype: liTS_CANDIDATE; ledgerHash: ""[\000\302\314\326\214\276@c\240\272\222{\363\314\032\213\311\316\246/\330\302\014>\022\346\234\347\264\270\350""; nodeIDs: ""\000\000\000\000\000\000\000\000\000\000\000\000\000\000\000\000\000\000\000\000\000\000\000\000\000\000\000\000\000\000\000\000\000""; queryType: qtINDIRECT; queryDepth: 3; ","itype: liTS_CANDIDATE; ledgerHash: ""[\000\302\314\326\214\276@c\240\272\222{\363\314\032\213\311\316\246/\330\302\014>\022\346\234\347\264\270\350""; nodeIDs: ""\000\000\000\000\000\000\000\000\000\000\000\000\000\000\000\000\000\000\000\000\000\000\000\000\000\000\000\000\000\000\000\000\000""; queryType: qtINDIRECT; queryDepth: 3; "
1750527532381,1750527532381,3375,1,0,1,TMGetLedger,"itype: liTS_CANDIDATE; ledgerHash: ""[\000\302\314\326\214\276@c\240\272\222{\363\314\032\213\311\316\246/\330\302\014>\022\346\234\347\264\270\350""; nodeIDs: ""\000\000\000\000\000\000\000\000\000\000\000\000\000\000\000\000\000\000\000\000\000\000\000\000\000\000\000\000\000\000\000\000\000""; queryType: qtINDIRECT; queryDepth: 3; ","itype: liTS_CANDIDATE; ledgerHash: ""[\000\302\314\326\214\276@c\240\272\222{\363\314\032\213\311\316\246/\330\302\014>\022\346\234\347\264\270\350""; nodeIDs: ""\000\000\000\000\000\000\000\000\000\000\000\000\000\000\000\000\000\000\000\000\000\000\000\000\000\000\000\000\000\000\000\000\000""; queryType: qtINDIRECT; queryDepth: 3; "
1750527532386,1750527532386,380,1,0,4,TMGetLedger,"itype: liTS_CANDIDATE; ledgerHash: ""[\000\302\314\326\214\276@c\240\272\222{\363\314\032\213\311\316\246/\330\302\014>\022\346\234\347\264\270\350""; nodeIDs: ""\000\000\000\000\000\000\000\000\000\000\000\000\000\000\000\000\000\000\000\000\000\000\000\000\000\000\000\000\000\000\000\000\000""; queryType: qtINDIRECT; queryDepth: 3; ","itype: liTS_CANDIDATE; ledgerHash: ""[\000\302\314\326\214\276@c\240\272\222{\363\314\032\213\311\316\246/\330\302\014>\022\346\234\347\264\270\350""; nodeIDs: ""\000\000\000\000\000\000\000\000\000\000\000\000\000\000\000\000\000\000\000\000\000\000\000\000\000\000\000\000\000\000\000\000\000""; queryType: qtINDIRECT; queryDepth: 3; "
1750527532393,1750527532393,1212,1,2,4,TMLedgerData,"ledgerHash: ""'\274\220\233\332\373\335\027\332I\377y`\224\260\350-\215\335\267[\036\265\265\252`\026&\030{\362\363""; ledgerSeq: 0; type: liTS_CANDIDATE; nodes {;   nodedata: ""\002i\361\030\371\256\265\036\320\273\013\357<\215/(\215[\231D\357Gd\372\270\316\261\301\342\327\225\241\000GZ\227\022t\201\240u\2324P\027\307M\337'Y\361[IAD\351\374!\232\005\337\376\252\251g\004\240\231\202k\030<\225\205;%\337\001\376d\216V\310\306k>\373\322\372\353b\3659\350\345\324F\026\n\003"";   nodeid: ""\000\000\000\000\000\000\000\000\000\000\000\000\000\000\000\000\000\000\000\000\000\000\000\000\000\000\000\000\000\000\000\000\000""; }; ","ledgerHash: ""'\274\220\233\332\373\335\027\332I\377y`\224\260\350-\215\335\267[\036\265\265\252`\026&\030{\362\363""; ledgerSeq: 0; type: liTS_CANDIDATE; nodes {;   nodedata: ""\002i\361\030\371\256\265\036\320\273\013\357<\215/(\215[\231D\357Gd\372\270\316\261\301\342\327\225\241\000GZ\227\022t\201\240u\2324P\027\307M\337'Y\361[IAD\351\374!\232\005\337\376\252\251g\004\240\231\202k\030<\225\205;%\337\001\376d\216V\310\306k>\373\322\372\353b\3659\350\345\324F\026\n\003"";   nodeid: ""\000\000\000\000\000\000\000\000\000\000\000\000\000\000\000\000\000\000\000\000\000\000\000\000\000\000\000\000\000\000\000\000\000""; }; "
1750527532470,1750527532470,4000,1,2,3,TMGetLedger,"itype: liTS_CANDIDATE; ledgerHash: ""\310\200l\322\255\214\342'\243\202\375k%_\335\032N\021G\005\230\271\366~%e\366\202l^\rR""; nodeIDs: ""\000\000\000\000\000\000\000\000\000\000\000\000\000\000\000\000\000\000\000\000\000\000\000\000\000\000\000\000\000\000\000\000\000""; requestCookie: 5; queryType: qtINDIRECT; queryDepth: 3; ","itype: liTS_CANDIDATE; ledgerHash: ""\310\200l\322\255\214\342'\243\202\375k%_\335\032N\021G\005\230\271\366~%e\366\202l^\rR""; nodeIDs: ""\000\000\000\000\000\000\000\000\000\000\000\000\000\000\000\000\000\000\000\000\000\000\000\000\000\000\000\000\000\000\000\000\000""; requestCookie: 5; queryType: qtINDIRECT; queryDepth: 3; "
1750527532472,1750527532472,3378,1,4,0,TMLedgerData,"ledgerHash: ""[\000\302\314\326\214\276@c\240\272\222{\363\314\032\213\311\316\246/\330\302\014>\022\346\234\347\264\270\350""; ledgerSeq: 0; type: liTS_CANDIDATE; nodes {;   nodedata: ""\002i\361\030\371\256\265\036\320\273\013\357<\215/(\215[\231D\357Gd\372\270\316\261\301\342\327\225\241\000GZ\227\022t\201\240u\2324P\027\307M\337'Y\361[IAD\351\374!\232\005\337\376\252\251g\004\003"";   nodeid: ""\000\000\000\000\000\000\000\000\000\000\000\000\000\000\000\000\000\000\000\000\000\000\000\000\000\000\000\000\000\000\000\000\000""; }; requestCookie: 3; ","ledgerHash: ""[\000\302\314\326\214\276@c\240\272\222{\363\314\032\213\311\316\246/\330\302\014>\022\346\234\347\264\270\350""; ledgerSeq: 0; type: liTS_CANDIDATE; nodes {;   nodedata: ""\002i\361\030\371\256\265\036\320\273\013\357<\215/(\215[\231D\357Gd\372\270\316\261\301\342\327\225\241\000GZ\227\022t\201\240u\2324P\027\307M\337'Y\361[IAD\351\374!\232\005\337\376\252\251g\004\003"";   nodeid: ""\000\000\000\000\000\000\000\000\000\000\000\000\000\000\000\000\000\000\000\000\000\000\000\000\000\000\000\000\000\000\000\000\000""; }; requestCookie: 3; "
1750527532474,1750527532474,3719,1,2,4,TMGetLedger,"itype: liTS_CANDIDATE; ledgerHash: ""[\000\302\314\326\214\276@c\240\272\222{\363\314\032\213\311\316\246/\330\302\014>\022\346\234\347\264\270\350""; nodeIDs: ""\000\000\000\000\000\000\000\000\000\000\000\000\000\000\000\000\000\000\000\000\000\000\000\000\000\000\000\000\000\000\000\000\000""; requestCookie: 4; queryType: qtINDIRECT; queryDepth: 3; ","itype: liTS_CANDIDATE; ledgerHash: ""[\000\302\314\326\214\276@c\240\272\222{\363\314\032\213\311\316\246/\330\302\014>\022\346\234\347\264\270\350""; nodeIDs: ""\000\000\000\000\000\000\000\000\000\000\000\000\000\000\000\000\000\000\000\000\000\000\000\000\000\000\000\000\000\000\000\000\000""; requestCookie: 4; queryType: qtINDIRECT; queryDepth: 3; "
1750527532492,1750527532492,142,1,0,3,TMProposeSet,"proposeSeq: 0; currentTxHash: ""\000\000\000\000\000\000\000\000\000\000\000\000\000\000\000\000\000\000\000\000\000\000\000\000\000\000\000\000\000\000\000\000""; nodePubKey: ""\002\225aM\037\203M\271C\224]$\245\215\334\264;{{\365%Z\2443U\201\242\320iUc\207\367""; closeTime: 803842732; signature: ""0D\002 q\267\2731\246\205\tz\005\300U\034u'\006\340F\2553[\217w\021\364\022OS\210]B<)\002 0\205M[\344\005a5\300\314\314\363\254X\376\226\225\321H\3070\021}\204\227_\214\277\270\003\022\313""; previousledger: ""\331]\036\237\306o!\223\221\002\324\031\262\240R\177 ,\214\325\Q])\016\2067\277\t\354\010\000""; ","proposeSeq: 0; currentTxHash: ""\000\000\000\000\000\000\000\000\000\000\000\000\000\000\000\000\000\000\000\000\000\000\000\000\000\000\000\000\000\000\000\000""; nodePubKey: ""\002\225aM\037\203M\271C\224]$\245\215\334\264;{{\365%Z\2443U\201\242\320iUc\207\367""; closeTime: 803842732; signature: ""0D\002 q\267\2731\246\205\tz\005\300U\034u'\006\340F\2553[\217w\021\364\022OS\210]B<)\002 0\205M[\344\005a5\300\314\314\363\254X\376\226\225\321H\3070\021}\204\227_\214\277\270\003\022\313""; previousledger: ""\331]\036\237\306o!\223\221\002\324\031\262\240R\177 ,\214\325\Q])\016\2067\277\t\354\010\000""; "
1750527532495,1750527532496,3268,1,0,2,TMProposeSet,"proposeSeq: 0; currentTxHash: ""\000\000\000\000\000\000\000\000\000\000\000\000\000\000\000\000\000\000\000\000\000\000\000\000\000\000\000\000\000\000\000\000""; nodePubKey: ""\002\225aM\037\203M\271C\224]$\245\215\334\264;{{\365%Z\2443U\201\242\320iUc\207\367""; closeTime: 803842732; signature: ""0D\002 q\267\2731\246\205\tz\005\300U\034u'\006\340F\2553[\217w\021\364\022OS\210]B<)\002 0\205M[\344\005a5\300\314\314\363\254X\376\226\225\321H\3070\021}\204\227_\214\277\270\003\022\313""; previousledger: ""\331]\036\237\306o!\223\221\002\324\031\262\240R\177 ,\214\325\Q])\016\2067\277\t\354\010\000""; ","proposeSeq: 0; currentTxHash: ""\000\000\000\000\000\000\000\000\000\000\000\000\000\000\000\000\000\000\000\000\000\000\000\000\000\000\000\000\000\000\000\000""; nodePubKey: ""\002\225aM\037\203M\271C\224]$\245\215\334\264;{{\365%Z\2443U\201\242\320iUc\207\367""; closeTime: 803842732; signature: ""0D\002 q\267\2731\246\205\tz\005\300U\034u'\006\340F\2553[\217w\021\364\022OS\210]B<)\002 0\205M[\344\005a5\300\314\314\363\254X\376\226\225\321H\3070\021}\204\227_\214\277\270\003\022\313""; previousledger: ""\331]\036\237\306o!\223\221\002\324\031\262\240R\177 ,\214\325\Q])\016\2067\277\t\354\010\000""; "
1750527532495,1750527532495,3849,1,0,1,TMProposeSet,"proposeSeq: 0; currentTxHash: ""\000\000\000\000\000\000\000\000\000\000\000\000\000\000\000\000\000\000\000\000\000\000\000\000\000\000\000\000\000\000\000\000""; nodePubKey: ""\002\225aM\037\203M\271C\224]$\245\215\334\264;{{\365%Z\2443U\201\242\320iUc\207\367""; closeTime: 803842732; signature: ""0D\002 q\267\2731\246\205\tz\005\300U\034u'\006\340F\2553[\217w\021\364\022OS\210]B<)\002 0\205M[\344\005a5\300\314\314\363\254X\376\226\225\321H\3070\021}\204\227_\214\277\270\003\022\313""; previousledger: ""\331]\036\237\306o!\223\221\002\324\031\262\240R\177 ,\214\325\Q])\016\2067\277\t\354\010\000""; ","proposeSeq: 0; currentTxHash: ""\000\000\000\000\000\000\000\000\000\000\000\000\000\000\000\000\000\000\000\000\000\000\000\000\000\000\000\000\000\000\000\000""; nodePubKey: ""\002\225aM\037\203M\271C\224]$\245\215\334\264;{{\365%Z\2443U\201\242\320iUc\207\367""; closeTime: 803842732; signature: ""0D\002 q\267\2731\246\205\tz\005\300U\034u'\006\340F\2553[\217w\021\364\022OS\210]B<)\002 0\205M[\344\005a5\300\314\314\363\254X\376\226\225\321H\3070\021}\204\227_\214\277\270\003\022\313""; previousledger: ""\331]\036\237\306o!\223\221\002\324\031\262\240R\177 ,\214\325\Q])\016\2067\277\t\354\010\000""; "
1750527532499,1750527532499,589,1,2,0,TMGetLedger,"itype: liTS_CANDIDATE; ledgerHash: ""[\000\302\314\326\214\276@c\240\272\222{\363\314\032\213\311\316\246/\330\302\014>\022\346\234\347\264\270\350""; nodeIDs: ""\000\000\000\000\000\000\000\000\000\000\000\000\000\000\000\000\000\000\000\000\000\000\000\000\000\000\000\000\000\000\000\000\000""; queryType: qtINDIRECT; queryDepth: 3; ","itype: liTS_CANDIDATE; ledgerHash: ""[\000\302\314\326\214\276@c\240\272\222{\363\314\032\213\311\316\246/\330\302\014>\022\346\234\347\264\270\350""; nodeIDs: ""\000\000\000\000\000\000\000\000\000\000\000\000\000\000\000\000\000\000\000\000\000\000\000\000\000\000\000\000\000\000\000\000\000""; queryType: qtINDIRECT; queryDepth: 3; "
1750527532500,1750527532500,3719,1,2,4,TMGetLedger,"itype: liTS_CANDIDATE; ledgerHash: ""[\000\302\314\326\214\276@c\240\272\222{\363\314\032\213\311\316\246/\330\302\014>\022\346\234\347\264\270\350""; nodeIDs: ""\000\000\000\000\000\000\000\000\000\000\000\000\000\000\000\000\000\000\000\000\000\000\000\000\000\000\000\000\000\000\000\000\000""; queryType: qtINDIRECT; queryDepth: 3; ","itype: liTS_CANDIDATE; ledgerHash: ""[\000\302\314\326\214\276@c\240\272\222{\363\314\032\213\311\316\246/\330\302\014>\022\346\234\347\264\270\350""; nodeIDs: ""\000\000\000\000\000\000\000\000\000\000\000\000\000\000\000\000\000\000\000\000\000\000\000\000\000\000\000\000\000\000\000\000\000""; queryType: qtINDIRECT; queryDepth: 3; "
1750527532500,1750527532500,4000,1,2,3,TMGetLedger,"itype: liTS_CANDIDATE; ledgerHash: ""[\000\302\314\326\214\276@c\240\272\222{\363\314\032\213\311\316\246/\330\302\014>\022\346\234\347\264\270\350""; nodeIDs: ""\000\000\000\000\000\000\000\000\000\000\000\000\000\000\000\000\000\000\000\000\000\000\000\000\000\000\000\000\000\000\000\000\000""; queryType: qtINDIRECT; queryDepth: 3; ","itype: liTS_CANDIDATE; ledgerHash: ""[\000\302\314\326\214\276@c\240\272\222{\363\314\032\213\311\316\246/\330\302\014>\022\346\234\347\264\270\350""; nodeIDs: ""\000\000\000\000\000\000\000\000\000\000\000\000\000\000\000\000\000\000\000\000\000\000\000\000\000\000\000\000\000\000\000\000\000""; queryType: qtINDIRECT; queryDepth: 3; "
1750527532500,1750527532500,1544,1,2,1,TMGetLedger,"itype: liTS_CANDIDATE; ledgerHash: ""[\000\302\314\326\214\276@c\240\272\222{\363\314\032\213\311\316\246/\330\302\014>\022\346\234\347\264\270\350""; nodeIDs: ""\000\000\000\000\000\000\000\000\000\000\000\000\000\000\000\000\000\000\000\000\000\000\000\000\000\000\000\000\000\000\000\000\000""; queryType: qtINDIRECT; queryDepth: 3; ","itype: liTS_CANDIDATE; ledgerHash: ""[\000\302\314\326\214\276@c\240\272\222{\363\314\032\213\311\316\246/\330\302\014>\022\346\234\347\264\270\350""; nodeIDs: ""\000\000\000\000\000\000\000\000\000\000\000\000\000\000\000\000\000\000\000\000\000\000\000\000\000\000\000\000\000\000\000\000\000""; queryType: qtINDIRECT; queryDepth: 3; "
1750527532509,1750527532509,3810,1,1,4,TMGetLedger,"itype: liTS_CANDIDATE; ledgerHash: ""[\000\302\314\326\214\276@c\240\272\222{\363\314\032\213\311\316\246/\330\302\014>\022\346\234\347\264\270\350""; nodeIDs: ""\000\000\000\000\000\000\000\000\000\000\000\000\000\000\000\000\000\000\000\000\000\000\000\000\000\000\000\000\000\000\000\000\000""; requestCookie: 4; queryType: qtINDIRECT; queryDepth: 3; ","itype: liTS_CANDIDATE; ledgerHash: ""[\000\302\314\326\214\276@c\240\272\222{\363\314\032\213\311\316\246/\330\302\014>\022\346\234\347\264\270\350""; nodeIDs: ""\000\000\000\000\000\000\000\000\000\000\000\000\000\000\000\000\000\000\000\000\000\000\000\000\000\000\000\000\000\000\000\000\000""; requestCookie: 4; queryType: qtINDIRECT; queryDepth: 3; "
1750527532512,1750527532512,2920,1,1,0,TMGetLedger,"itype: liTS_CANDIDATE; ledgerHash: ""\310\200l\322\255\214\342'\243\202\375k%_\335\032N\021G\005\230\271\366~%e\366\202l^\rR""; nodeIDs: ""\000\000\000\000\000\000\000\000\000\000\000\000\000\000\000\000\000\000\000\000\000\000\000\000\000\000\000\000\000\000\000\000\000""; requestCookie: 5; queryType: qtINDIRECT; queryDepth: 3; ","itype: liTS_CANDIDATE; ledgerHash: ""\310\200l\322\255\214\342'\243\202\375k%_\335\032N\021G\005\230\271\366~%e\366\202l^\rR""; nodeIDs: ""\000\000\000\000\000\000\000\000\000\000\000\000\000\000\000\000\000\000\000\000\000\000\000\000\000\000\000\000\000\000\000\000\000""; requestCookie: 5; queryType: qtINDIRECT; queryDepth: 3; "
1750527532513,1750527532513,2920,1,1,0,TMGetLedger,"itype: liTS_CANDIDATE; ledgerHash: ""[\000\302\314\326\214\276@c\240\272\222{\363\314\032\213\311\316\246/\330\302\014>\022\346\234\347\264\270\350""; nodeIDs: ""\000\000\000\000\000\000\000\000\000\000\000\000\000\000\000\000\000\000\000\000\000\000\000\000\000\000\000\000\000\000\000\000\000""; queryType: qtINDIRECT; queryDepth: 3; ","itype: liTS_CANDIDATE; ledgerHash: ""[\000\302\314\326\214\276@c\240\272\222{\363\314\032\213\311\316\246/\330\302\014>\022\346\234\347\264\270\350""; nodeIDs: ""\000\000\000\000\000\000\000\000\000\000\000\000\000\000\000\000\000\000\000\000\000\000\000\000\000\000\000\000\000\000\000\000\000""; queryType: qtINDIRECT; queryDepth: 3; "
1750527532514,1750527532514,3769,1,1,3,TMGetLedger,"itype: liTS_CANDIDATE; ledgerHash: ""[\000\302\314\326\214\276@c\240\272\222{\363\314\032\213\311\316\246/\330\302\014>\022\346\234\347\264\270\350""; nodeIDs: ""\000\000\000\000\000\000\000\000\000\000\000\000\000\000\000\000\000\000\000\000\000\000\000\000\000\000\000\000\000\000\000\000\000""; queryType: qtINDIRECT; queryDepth: 3; ","itype: liTS_CANDIDATE; ledgerHash: ""[\000\302\314\326\214\276@c\240\272\222{\363\314\032\213\311\316\246/\330\302\014>\022\346\234\347\264\270\350""; nodeIDs: ""\000\000\000\000\000\000\000\000\000\000\000\000\000\000\000\000\000\000\000\000\000\000\000\000\000\000\000\000\000\000\000\000\000""; queryType: qtINDIRECT; queryDepth: 3; "
1750527532515,1750527532515,1495,1,1,2,TMGetLedger,"itype: liTS_CANDIDATE; ledgerHash: ""[\000\302\314\326\214\276@c\240\272\222{\363\314\032\213\311\316\246/\330\302\014>\022\346\234\347\264\270\350""; nodeIDs: ""\000\000\000\000\000\000\000\000\000\000\000\000\000\000\000\000\000\000\000\000\000\000\000\000\000\000\000\000\000\000\000\000\000""; queryType: qtINDIRECT; queryDepth: 3; ","itype: liTS_CANDIDATE; ledgerHash: ""[\000\302\314\326\214\276@c\240\272\222{\363\314\032\213\311\316\246/\330\302\014>\022\346\234\347\264\270\350""; nodeIDs: ""\000\000\000\000\000\000\000\000\000\000\000\000\000\000\000\000\000\000\000\000\000\000\000\000\000\000\000\000\000\000\000\000\000""; queryType: qtINDIRECT; queryDepth: 3; "
1750527532515,1750527532515,3810,1,1,4,TMGetLedger,"itype: liTS_CANDIDATE; ledgerHash: ""[\000\302\314\326\214\276@c\240\272\222{\363\314\032\213\311\316\246/\330\302\014>\022\346\234\347\264\270\350""; nodeIDs: ""\000\000\000\000\000\000\000\000\000\000\000\000\000\000\000\000\000\000\000\000\000\000\000\000\000\000\000\000\000\000\000\000\000""; queryType: qtINDIRECT; queryDepth: 3; ","itype: liTS_CANDIDATE; ledgerHash: ""[\000\302\314\326\214\276@c\240\272\222{\363\314\032\213\311\316\246/\330\302\014>\022\346\234\347\264\270\350""; nodeIDs: ""\000\000\000\000\000\000\000\000\000\000\000\000\000\000\000\000\000\000\000\000\000\000\000\000\000\000\000\000\000\000\000\000\000""; queryType: qtINDIRECT; queryDepth: 3; "
1750527532523,1750527532524,3818,1,0,2,TMLedgerData,"ledgerHash: ""\310\200l\322\255\214\342'\243\202\375k%_\335\032N\021G\005\230\271\366~%e\366\202l^\rR""; ledgerSeq: 0; type: liTS_CANDIDATE; nodes {;   nodedata: ""GZ\227\022t\201\240u\2324P\027\307M\337'Y\361[IAD\351\374!\232\005\337\376\252\251g\004\003"";   nodeid: ""\000\000\000\000\000\000\000\000\000\000\000\000\000\000\000\000\000\000\000\000\000\000\000\000\000\000\000\000\000\000\000\000\000""; }; requestCookie: 4; ","ledgerHash: ""\310\200l\322\255\214\342'\243\202\375k%_\335\032N\021G\005\230\271\366~%e\366\202l^\rR""; ledgerSeq: 0; type: liTS_CANDIDATE; nodes {;   nodedata: ""GZ\227\022t\201\240u\2324P\027\307M\337'Y\361[IAD\351\374!\232\005\337\376\252\251g\004\003"";   nodeid: ""\000\000\000\000\000\000\000\000\000\000\000\000\000\000\000\000\000\000\000\000\000\000\000\000\000\000\000\000\000\000\000\000\000""; }; requestCookie: 4; "
1750527532534,1750527532534,3504,1,0,4,TMProposeSet,"proposeSeq: 0; currentTxHash: ""\000\000\000\000\000\000\000\000\000\000\000\000\000\000\000\000\000\000\000\000\000\000\000\000\000\000\000\000\000\000\000\000""; nodePubKey: ""\002\225aM\037\203M\271C\224]$\245\215\334\264;{{\365%Z\2443U\201\242\320iUc\207\367""; closeTime: 803842732; signature: ""0D\002 q\267\2731\246\205\tz\005\300U\034u'\006\340F\2553[\217w\021\364\022OS\210]B<)\002 0\205M[\344\005a5\300\314\314\363\254X\376\226\225\321H\3070\021}\204\227_\214\277\270\003\022\313""; previousledger: ""\331]\036\237\306o!\223\221\002\324\031\262\240R\177 ,\214\325\Q])\016\2067\277\t\354\010\000""; ","proposeSeq: 0; currentTxHash: ""\000\000\000\000\000\000\000\000\000\000\000\000\000\000\000\000\000\000\000\000\000\000\000\000\000\000\000\000\000\000\000\000""; nodePubKey: ""\002\225aM\037\203M\271C\224]$\245\215\334\264;{{\365%Z\2443U\201\242\320iUc\207\367""; closeTime: 803842732; signature: ""0D\002 q\267\2731\246\205\tz\005\300U\034u'\006\340F\2553[\217w\021\364\022OS\210]B<)\002 0\205M[\344\005a5\300\314\314\363\254X\376\226\225\321H\3070\021}\204\227_\214\277\270\003\022\313""; previousledger: ""\331]\036\237\306o!\223\221\002\324\031\262\240R\177 ,\214\325\Q])\016\2067\277\t\354\010\000""; "
1750527532542,1750527532542,4000,1,2,3,TMGetLedger,"itype: liTS_CANDIDATE; ledgerHash: ""[\000\302\314\326\214\276@c\240\272\222{\363\314\032\213\311\316\246/\330\302\014>\022\346\234\347\264\270\350""; nodeIDs: ""\000\000\000\000\000\000\000\000\000\000\000\000\000\000\000\000\000\000\000\000\000\000\000\000\000\000\000\000\000\000\000\000\000""; requestCookie: 3; queryType: qtINDIRECT; queryDepth: 3; ","itype: liTS_CANDIDATE; ledgerHash: ""[\000\302\314\326\214\276@c\240\272\222{\363\314\032\213\311\316\246/\330\302\014>\022\346\234\347\264\270\350""; nodeIDs: ""\000\000\000\000\000\000\000\000\000\000\000\000\000\000\000\000\000\000\000\000\000\000\000\000\000\000\000\000\000\000\000\000\000""; requestCookie: 3; queryType: qtINDIRECT; queryDepth: 3; "
1750527532550,1750527532550,3128,1,2,4,TMValidation,"validation: """"\200\000\000\001&\000\000\000\005)/\351\252\251:p\210\265\307-\212\200\004Q\331]\036\237\306o!\223\221\002\324\031\262\240R\177 ,\214\325\Q])\016\2067\277\t\354\010\000P\027'\274\220\233\332\373\335\027\332I\377y`\224\260\350-\215\335\267[\036\265\265\252`\026&\030{\362\363P\031\265\024\321\362\354\211\250.\234s\225amc\305\035\366\276\037nD\277`\210\223N\3535\033\261\304fs!\002\364d\217\366\217|\316F\232\231\241\n\261\333`\312O\367\235\025DD\336e\367\n\312\326\221\037\025\230vG0E\002!\000\214M\242\355\276\367\213\r\242\376cQu\341Q\3479\3341\tN\210\374\324\207\361\370\315\366Q\351\342\002 p\224&\216\320""\305\246\3063iK\267yq\242\312z\225\014\364\014\351\006\007~\306 %\3131\234""; ","validation: """"\200\000\000\001&\000\000\000\005)/\351\252\251:p\210\265\307-\212\200\004Q\331]\036\237\306o!\223\221\002\324\031\262\240R\177 ,\214\325\Q])\016\2067\277\t\354\010\000P\027'\274\220\233\332\373\335\027\332I\377y`\224\260\350-\215\335\267[\036\265\265\252`\026&\030{\362\363P\031\265\024\321\362\354\211\250.\234s\225amc\305\035\366\276\037nD\277`\210\223N\3535\033\261\304fs!\002\364d\217\366\217|\316F\232\231\241\n\261\333`\312O\367\235\025DD\336e\367\n\312\326\221\037\025\230vG0E\002!\000\214M\242\355\276\367\213\r\242\376cQu\341Q\3479\3341\tN\210\374\324\207\361\370\315\366Q\351\342\002 p\224&\216\320""\305\246\3063iK\267yq\242\312z\225\014\364\014\351\006\007~\306 %\3131\234""; "
1750527532550,1750527532550,340,1,2,1,TMValidation,"validation: """"\200\000\000\001&\000\000\000\005)/\351\252\251:p\210\265\307-\212\200\004Q\331]\036\237\306o!\223\221\002\324\031\262\240R\177 ,\214\325\Q])\016\2067\277\t\354\010\000P\027'\274\220\233\332\373\335\027\332I\377y`\224\260\350-\215\335\267[\036\265\265\252`\026&\030{\362\363P\031\265\024\321\362\354\211\250.\234s\225amc\305\035\366\276\037nD\277`\210\223N\3535\033\261\304fs!\002\364d\217\366\217|\316F\232\231\241\n\261\333`\312O\367\235\025DD\336e\367\n\312\326\221\037\025\230vG0E\002!\000\214M\242\355\276\367\213\r\242\376cQu\341Q\3479\3341\tN\210\374\324\207\361\370\315\366Q\351\342\002 p\224&\216\320""\305\246\3063iK\267yq\242\312z\225\014\364\014\351\006\007~\306 %\3131\234""; ","validation: """"\200\000\000\001&\000\000\000\005)/\351\252\251:p\210\265\307-\212\200\004Q\331]\036\237\306o!\223\221\002\324\031\262\240R\177 ,\214\325\Q])\016\2067\277\t\354\010\000P\027'\274\220\233\332\373\335\027\332I\377y`\224\260\350-\215\335\267[\036\265\265\252`\026&\030{\362\363P\031\265\024\321\362\354\211\250.\234s\225amc\305\035\366\276\037nD\277`\210\223N\3535\033\261\304fs!\002\364d\217\366\217|\316F\232\231\241\n\261\333`\312O\367\235\025DD\336e\367\n\312\326\221\037\025\230vG0E\002!\000\214M\242\355\276\367\213\r\242\376cQu\341Q\3479\3341\tN\210\374\324\207\361\370\315\366Q\351\342\002 p\224&\216\320""\305\246\3063iK\267yq\242\312z\225\014\364\014\351\006\007~\306 %\3131\234""; "
1750527532551,1750527532551,446,1,2,0,TMValidation,"validation: """"\200\000\000\001&\000\000\000\005)/\351\252\251:p\210\265\307-\212\200\004Q\331]\036\237\306o!\223\221\002\324\031\262\240R\177 ,\214\325\Q])\016\2067\277\t\354\010\000P\027'\274\220\233\332\373\335\027\332I\377y`\224\260\350-\215\335\267[\036\265\265\252`\026&\030{\362\363P\031\265\024\321\362\354\211\250.\234s\225amc\305\035\366\276\037nD\277`\210\223N\3535\033\261\304fs!\002\364d\217\366\217|\316F\232\231\241\n\261\333`\312O\367\235\025DD\336e\367\n\312\326\221\037\025\230vG0E\002!\000\214M\242\355\276\367\213\r\242\376cQu\341Q\3479\3341\tN\210\374\324\207\361\370\315\366Q\351\342\002 p\224&\216\320""\305\246\3063iK\267yq\242\312z\225\014\364\014\351\006\007~\306 %\3131\234""; ","validation: """"\200\000\000\001&\000\000\000\005)/\351\252\251:p\210\265\307-\212\200\004Q\331]\036\237\306o!\223\221\002\324\031\262\240R\177 ,\214\325\Q])\016\2067\277\t\354\010\000P\027'\274\220\233\332\373\335\027\332I\377y`\224\260\350-\215\335\267[\036\265\265\252`\026&\030{\362\363P\031\265\024\321\362\354\211\250.\234s\225amc\305\035\366\276\037nD\277`\210\223N\3535\033\261\304fs!\002\364d\217\366\217|\316F\232\231\241\n\261\333`\312O\367\235\025DD\336e\367\n\312\326\221\037\025\230vG0E\002!\000\214M\242\355\276\367\213\r\242\376cQu\341Q\3479\3341\tN\210\374\324\207\361\370\315\366Q\351\342\002 p\224&\216\320""\305\246\3063iK\267yq\242\312z\225\014\364\014\351\006\007~\306 %\3131\234""; "
1750527532551,1750527532552,3378,1,4,0,TMLedgerData,"ledgerHash: ""[\000\302\314\326\214\276@c\240\272\222{\363\314\032\213\311\316\246/\330\302\014>\022\346\234\347\264\270\350""; ledgerSeq: 0; type: liTS_CANDIDATE; nodes {;   nodedata: ""\002i\361\030\371\256\265\036\320\273\013\357<\215/(\215[\231D\357Gd\372\270\316\261\301\342\327\225\241\000GZ\227\022t\201\240u\2324P\027\307M\337'Y\361[IAD\351\374!\232\005\337\376\252\251g\004\003"";   nodeid: ""\000\000\000\000\000\000\000\000\000\000\000\000\000\000\000\000\000\000\000\000\000\000\000\000\000\000\000\000\000\000\000\000\000""; }; ","ledgerHash: ""[\000\302\314\326\214\276@c\240\272\222{\363\314\032\213\311\316\246/\330\302\014>\022\346\234\347\264\270\350""; ledgerSeq: 0; type: liTS_CANDIDATE; nodes {;   nodedata: ""\002i\361\030\371\256\265\036\320\273\013\357<\215/(\215[\231D\357Gd\372\270\316\261\301\342\327\225\241\000GZ\227\022t\201\240u\2324P\027\307M\337'Y\361[IAD\351\374!\232\005\337\376\252\251g\004\003"";   nodeid: ""\000\000\000\000\000\000\000\000\000\000\000\000\000\000\000\000\000\000\000\000\000\000\000\000\000\000\000\000\000\000\000\000\000""; }; "
1750527532554,1750527532554,3810,1,1,4,TMGetLedger,"itype: liTS_CANDIDATE; ledgerHash: ""[\000\302\314\326\214\276@c\240\272\222{\363\314\032\213\311\316\246/\330\302\014>\022\346\234\347\264\270\350""; nodeIDs: ""\000\000\000\000\000\000\000\000\000\000\000\000\000\000\000\000\000\000\000\000\000\000\000\000\000\000\000\000\000\000\000\000\000""; requestCookie: 3; queryType: qtINDIRECT; queryDepth: 3; ","itype: liTS_CANDIDATE; ledgerHash: ""[\000\302\314\326\214\276@c\240\272\222{\363\314\032\213\311\316\246/\330\302\014>\022\346\234\347\264\270\350""; nodeIDs: ""\000\000\000\000\000\000\000\000\000\000\000\000\000\000\000\000\000\000\000\000\000\000\000\000\000\000\000\000\000\000\000\000\000""; requestCookie: 3; queryType: qtINDIRECT; queryDepth: 3; "
1750527532493,1750527532568,1964,1,0,3,TMStatusChange,"newEvent: neCLOSING_LEDGER; ledgerSeq: 5; ledgerHash: ""\331]\036\237\306o!\223\221\002\324\031\262\240R\177 ,\214\325\Q])\016\2067\277\t\354\010\000""; ledgerHashPrevious: ""\265\024\321\362\354\211\250.\234s\225amc\305\035\366\276\037nD\277`\210\223N\3535\033\261\304f""; networkTime: 803842732; firstSeq: 1; lastSeq: 5; ","newEvent: neCLOSING_LEDGER; ledgerSeq: 5; ledgerHash: ""\331]\036\237\306o!\223\221\002\324\031\262\240R\177 ,\214\325\Q])\016\2067\277\t\354\010\000""; ledgerHashPrevious: ""\265\024\321\362\354\211\250.\234s\225amc\305\035\366\276\037nD\277`\210\223N\3535\033\261\304f""; networkTime: 803842732; firstSeq: 1; lastSeq: 5; "
1750527532569,1750527532569,3818,1,0,2,TMLedgerData,"ledgerHash: ""\310\200l\322\255\214\342'\243\202\375k%_\335\032N\021G\005\230\271\366~%e\366\202l^\rR""; ledgerSeq: 0; type: liTS_CANDIDATE; nodes {;   nodedata: ""GZ\227\022t\201\240u\2324P\027\307M\337'Y\361[IAD\351\374!\232\005\337\376\252\251g\004\003"";   nodeid: ""\000\000\000\000\000\000\000\000\000\000\000\000\000\000\000\000\000\000\000\000\000\000\000\000\000\000\000\000\000\000\000\000\000""; }; requestCookie: 5; ","ledgerHash: ""\310\200l\322\255\214\342'\243\202\375k%_\335\032N\021G\005\230\271\366~%e\366\202l^\rR""; ledgerSeq: 0; type: liTS_CANDIDATE; nodes {;   nodedata: ""GZ\227\022t\201\240u\2324P\027\307M\337'Y\361[IAD\351\374!\232\005\337\376\252\251g\004\003"";   nodeid: ""\000\000\000\000\000\000\000\000\000\000\000\000\000\000\000\000\000\000\000\000\000\000\000\000\000\000\000\000\000\000\000\000\000""; }; requestCookie: 5; "
1750527532495,1750527532568,2179,1,0,2,TMStatusChange,"newEvent: neCLOSING_LEDGER; ledgerSeq: 5; ledgerHash: ""\331]\036\237\306o!\223\221\002\324\031\262\240R\177 ,\214\325\Q])\016\2067\277\t\354\010\000""; ledgerHashPrevious: ""\265\024\321\362\354\211\250.\234s\225amc\305\035\366\276\037nD\277`\210\223N\3535\033\261\304f""; networkTime: 803842732; firstSeq: 1; lastSeq: 5; ","newEvent: neCLOSING_LEDGER; ledgerSeq: 5; ledgerHash: ""\331]\036\237\306o!\223\221\002\324\031\262\240R\177 ,\214\325\Q])\016\2067\277\t\354\010\000""; ledgerHashPrevious: ""\265\024\321\362\354\211\250.\234s\225amc\305\035\366\276\037nD\277`\210\223N\3535\033\261\304f""; networkTime: 803842732; firstSeq: 1; lastSeq: 5; "
1750527532495,1750527532569,1249,1,0,1,TMStatusChange,"newEvent: neCLOSING_LEDGER; ledgerSeq: 5; ledgerHash: ""\331]\036\237\306o!\223\221\002\324\031\262\240R\177 ,\214\325\Q])\016\2067\277\t\354\010\000""; ledgerHashPrevious: ""\265\024\321\362\354\211\250.\234s\225amc\305\035\366\276\037nD\277`\210\223N\3535\033\261\304f""; networkTime: 803842732; firstSeq: 1; lastSeq: 5; ","newEvent: neCLOSING_LEDGER; ledgerSeq: 5; ledgerHash: ""\331]\036\237\306o!\223\221\002\324\031\262\240R\177 ,\214\325\Q])\016\2067\277\t\354\010\000""; ledgerHashPrevious: ""\265\024\321\362\354\211\250.\234s\225amc\305\035\366\276\037nD\277`\210\223N\3535\033\261\304f""; networkTime: 803842732; firstSeq: 1; lastSeq: 5; "
1750527532493,1750527532568,3904,1,0,4,TMStatusChange,"newEvent: neCLOSING_LEDGER; ledgerSeq: 5; ledgerHash: ""\331]\036\237\306o!\223\221\002\324\031\262\240R\177 ,\214\325\Q])\016\2067\277\t\354\010\000""; ledgerHashPrevious: ""\265\024\321\362\354\211\250.\234s\225amc\305\035\366\276\037nD\277`\210\223N\3535\033\261\304f""; networkTime: 803842732; firstSeq: 1; lastSeq: 5; ","newEvent: neCLOSING_LEDGER; ledgerSeq: 5; ledgerHash: ""\331]\036\237\306o!\223\221\002\324\031\262\240R\177 ,\214\325\Q])\016\2067\277\t\354\010\000""; ledgerHashPrevious: ""\265\024\321\362\354\211\250.\234s\225amc\305\035\366\276\037nD\277`\210\223N\3535\033\261\304f""; networkTime: 803842732; firstSeq: 1; lastSeq: 5; "
1750527532580,1750527532581,3719,1,2,4,TMGetLedger,"itype: liTS_CANDIDATE; ledgerHash: ""[\000\302\314\326\214\276@c\240\272\222{\363\314\032\213\311\316\246/\330\302\014>\022\346\234\347\264\270\350""; nodeIDs: ""\000\000\000\000\000\000\000\000\000\000\000\000\000\000\000\000\000\000\000\000\000\000\000\000\000\000\000\000\000\000\000\000\000""; requestCookie: 2; queryType: qtINDIRECT; queryDepth: 3; ","itype: liTS_CANDIDATE; ledgerHash: ""[\000\302\314\326\214\276@c\240\272\222{\363\314\032\213\311\316\246/\330\302\014>\022\346\234\347\264\270\350""; nodeIDs: ""\000\000\000\000\000\000\000\000\000\000\000\000\000\000\000\000\000\000\000\000\000\000\000\000\000\000\000\000\000\000\000\000\000""; requestCookie: 2; queryType: qtINDIRECT; queryDepth: 3; "
1750527532581,1750527532581,3085,1,3,0,TMLedgerData,"ledgerHash: ""'\274\220\233\332\373\335\027\332I\377y`\224\260\350-\215\335\267[\036\265\265\252`\026&\030{\362\363""; ledgerSeq: 0; type: liTS_CANDIDATE; nodes {;   nodedata: ""\002i\361\030\371\256\265\036\320\273\013\357<\215/(\215[\231D\357Gd\372\270\316\261\301\342\327\225\241\000GZ\227\022t\201\240u\2324P\027\307M\337'Y\361[IAD\351\374!\232\005\337\376\252\251g\004\240\231\202k\030<\225\205;%\337\001\376d\216V\310\306k>\373\322\372\353b\3659\350\345\324F\026\n\003"";   nodeid: ""\000\000\000\000\000\000\000\000\000\000\000\000\000\000\000\000\000\000\000\000\000\000\000\000\000\000\000\000\000\000\000\000\000""; }; ","ledgerHash: ""'\274\220\233\332\373\335\027\332I\377y`\224\260\350-\215\335\267[\036\265\265\252`\026&\030{\362\363""; ledgerSeq: 0; type: liTS_CANDIDATE; nodes {;   nodedata: ""\002i\361\030\371\256\265\036\320\273\013\357<\215/(\215[\231D\357Gd\372\270\316\261\301\342\327\225\241\000GZ\227\022t\201\240u\2324P\027\307M\337'Y\361[IAD\351\374!\232\005\337\376\252\251g\004\240\231\202k\030<\225\205;%\337\001\376d\216V\310\306k>\373\322\372\353b\3659\350\345\324F\026\n\003"";   nodeid: ""\000\000\000\000\000\000\000\000\000\000\000\000\000\000\000\000\000\000\000\000\000\000\000\000\000\000\000\000\000\000\000\000\000""; }; "
1750527532587,1750527532587,2764,1,4,3,TMLedgerData,"ledgerHash: ""\310\200l\322\255\214\342'\243\202\375k%_\335\032N\021G\005\230\271\366~%e\366\202l^\rR""; ledgerSeq: 0; type: liTS_CANDIDATE; nodes {;   nodedata: ""GZ\227\022t\201\240u\2324P\027\307M\337'Y\361[IAD\351\374!\232\005\337\376\252\251g\004\003"";   nodeid: ""\000\000\000\000\000\000\000\000\000\000\000\000\000\000\000\000\000\000\000\000\000\000\000\000\000\000\000\000\000\000\000\000\000""; }; ","ledgerHash: ""\310\200l\322\255\214\342'\243\202\375k%_\335\032N\021G\005\230\271\366~%e\366\202l^\rR""; ledgerSeq: 0; type: liTS_CANDIDATE; nodes {;   nodedata: ""GZ\227\022t\201\240u\2324P\027\307M\337'Y\361[IAD\351\374!\232\005\337\376\252\251g\004\003"";   nodeid: ""\000\000\000\000\000\000\000\000\000\000\000\000\000\000\000\000\000\000\000\000\000\000\000\000\000\000\000\000\000\000\000\000\000""; }; "
1750527532590,1750527532590,380,1,0,4,TMGetLedger,"itype: liTS_CANDIDATE; ledgerHash: ""[\000\302\314\326\214\276@c\240\272\222{\363\314\032\213\311\316\246/\330\302\014>\022\346\234\347\264\270\350""; nodeIDs: ""\000\000\000\000\000\000\000\000\000\000\000\000\000\000\000\000\000\000\000\000\000\000\000\000\000\000\000\000\000\000\000\000\000""; requestCookie: 3; queryType: qtINDIRECT; queryDepth: 3; ","itype: liTS_CANDIDATE; ledgerHash: ""[\000\302\314\326\214\276@c\240\272\222{\363\314\032\213\311\316\246/\330\302\014>\022\346\234\347\264\270\350""; nodeIDs: ""\000\000\000\000\000\000\000\000\000\000\000\000\000\000\000\000\000\000\000\000\000\000\000\000\000\000\000\000\000\000\000\000\000""; requestCookie: 3; queryType: qtINDIRECT; queryDepth: 3; "
1750527532612,1750527532612,860,1,1,0,TMLedgerData,"ledgerHash: ""'\274\220\233\332\373\335\027\332I\377y`\224\260\350-\215\335\267[\036\265\265\252`\026&\030{\362\363""; ledgerSeq: 0; type: liTS_CANDIDATE; nodes {;   nodedata: ""\002i\361\030\371\256\265\036\320\273\013\357<\215/(\215[\231D\357Gd\372\270\316\261\301\342\327\225\241\000GZ\227\022t\201\240u\2324P\027\307M\337'Y\361[IAD\351\374!\232\005\337\376\252\251g\004\240\231\202k\030<\225\205;%\337\001\376d\216V\310\306k>\373\322\372\353b\3659\350\345\324F\026\n\003"";   nodeid: ""\000\000\000\000\000\000\000\000\000\000\000\000\000\000\000\000\000\000\000\000\000\000\000\000\000\000\000\000\000\000\000\000\000""; }; ","ledgerHash: ""'\274\220\233\332\373\335\027\332I\377y`\224\260\350-\215\335\267[\036\265\265\252`\026&\030{\362\363""; ledgerSeq: 0; type: liTS_CANDIDATE; nodes {;   nodedata: ""\002i\361\030\371\256\265\036\320\273\013\357<\215/(\215[\231D\357Gd\372\270\316\261\301\342\327\225\241\000GZ\227\022t\201\240u\2324P\027\307M\337'Y\361[IAD\351\374!\232\005\337\376\252\251g\004\240\231\202k\030<\225\205;%\337\001\376d\216V\310\306k>\373\322\372\353b\3659\350\345\324F\026\n\003"";   nodeid: ""\000\000\000\000\000\000\000\000\000\000\000\000\000\000\000\000\000\000\000\000\000\000\000\000\000\000\000\000\000\000\000\000\000""; }; "
1750527532630,1750527532630,1199,1,0,2,TMGetLedger,"itype: liTS_CANDIDATE; ledgerHash: ""[\000\302\314\326\214\276@c\240\272\222{\363\314\032\213\311\316\246/\330\302\014>\022\346\234\347\264\270\350""; nodeIDs: ""\000\000\000\000\000\000\000\000\000\000\000\000\000\000\000\000\000\000\000\000\000\000\000\000\000\000\000\000\000\000\000\000\000""; queryType: qtINDIRECT; queryDepth: 3; ","itype: liTS_CANDIDATE; ledgerHash: ""[\000\302\314\326\214\276@c\240\272\222{\363\314\032\213\311\316\246/\330\302\014>\022\346\234\347\264\270\350""; nodeIDs: ""\000\000\000\000\000\000\000\000\000\000\000\000\000\000\000\000\000\000\000\000\000\000\000\000\000\000\000\000\000\000\000\000\000""; queryType: qtINDIRECT; queryDepth: 3; "
1750527532631,1750527532631,3375,1,0,1,TMGetLedger,"itype: liTS_CANDIDATE; ledgerHash: ""[\000\302\314\326\214\276@c\240\272\222{\363\314\032\213\311\316\246/\330\302\014>\022\346\234\347\264\270\350""; nodeIDs: ""\000\000\000\000\000\000\000\000\000\000\000\000\000\000\000\000\000\000\000\000\000\000\000\000\000\000\000\000\000\000\000\000\000""; queryType: qtINDIRECT; queryDepth: 3; ","itype: liTS_CANDIDATE; ledgerHash: ""[\000\302\314\326\214\276@c\240\272\222{\363\314\032\213\311\316\246/\330\302\014>\022\346\234\347\264\270\350""; nodeIDs: ""\000\000\000\000\000\000\000\000\000\000\000\000\000\000\000\000\000\000\000\000\000\000\000\000\000\000\000\000\000\000\000\000\000""; queryType: qtINDIRECT; queryDepth: 3; "
1750527532631,1750527532631,380,1,0,4,TMGetLedger,"itype: liTS_CANDIDATE; ledgerHash: ""[\000\302\314\326\214\276@c\240\272\222{\363\314\032\213\311\316\246/\330\302\014>\022\346\234\347\264\270\350""; nodeIDs: ""\000\000\000\000\000\000\000\000\000\000\000\000\000\000\000\000\000\000\000\000\000\000\000\000\000\000\000\000\000\000\000\000\000""; queryType: qtINDIRECT; queryDepth: 3; ","itype: liTS_CANDIDATE; ledgerHash: ""[\000\302\314\326\214\276@c\240\272\222{\363\314\032\213\311\316\246/\330\302\014>\022\346\234\347\264\270\350""; nodeIDs: ""\000\000\000\000\000\000\000\000\000\000\000\000\000\000\000\000\000\000\000\000\000\000\000\000\000\000\000\000\000\000\000\000\000""; queryType: qtINDIRECT; queryDepth: 3; "
1750527532631,1750527532632,3094,1,0,3,TMGetLedger,"itype: liTS_CANDIDATE; ledgerHash: ""[\000\302\314\326\214\276@c\240\272\222{\363\314\032\213\311\316\246/\330\302\014>\022\346\234\347\264\270\350""; nodeIDs: ""\000\000\000\000\000\000\000\000\000\000\000\000\000\000\000\000\000\000\000\000\000\000\000\000\000\000\000\000\000\000\000\000\000""; queryType: qtINDIRECT; queryDepth: 3; ","itype: liTS_CANDIDATE; ledgerHash: ""[\000\302\314\326\214\276@c\240\272\222{\363\314\032\213\311\316\246/\330\302\014>\022\346\234\347\264\270\350""; nodeIDs: ""\000\000\000\000\000\000\000\000\000\000\000\000\000\000\000\000\000\000\000\000\000\000\000\000\000\000\000\000\000\000\000\000\000""; queryType: qtINDIRECT; queryDepth: 3; "
1750527532636,1750527532637,1272,1,3,4,TMProposeSet,"proposeSeq: 0; currentTxHash: ""\000\000\000\000\000\000\000\000\000\000\000\000\000\000\000\000\000\000\000\000\000\000\000\000\000\000\000\000\000\000\000\000""; nodePubKey: ""\002\225aM\037\203M\271C\224]$\245\215\334\264;{{\365%Z\2443U\201\242\320iUc\207\367""; closeTime: 803842732; signature: ""0D\002 q\267\2731\246\205\tz\005\300U\034u'\006\340F\2553[\217w\021\364\022OS\210]B<)\002 0\205M[\344\005a5\300\314\314\363\254X\376\226\225\321H\3070\021}\204\227_\214\277\270\003\022\313""; previousledger: ""\331]\036\237\306o!\223\221\002\324\031\262\240R\177 ,\214\325\Q])\016\2067\277\t\354\010\000""; ","proposeSeq: 0; currentTxHash: ""\000\000\000\000\000\000\000\000\000\000\000\000\000\000\000\000\000\000\000\000\000\000\000\000\000\000\000\000\000\000\000\000""; nodePubKey: ""\002\225aM\037\203M\271C\224]$\245\215\334\264;{{\365%Z\2443U\201\242\320iUc\207\367""; closeTime: 803842732; signature: ""0D\002 q\267\2731\246\205\tz\005\300U\034u'\006\340F\2553[\217w\021\364\022OS\210]B<)\002 0\205M[\344\005a5\300\314\314\363\254X\376\226\225\321H\3070\021}\204\227_\214\277\270\003\022\313""; previousledger: ""\331]\036\237\306o!\223\221\002\324\031\262\240R\177 ,\214\325\Q])\016\2067\277\t\354\010\000""; "
1750527532637,1750527532637,3787,1,3,2,TMProposeSet,"proposeSeq: 0; currentTxHash: ""\000\000\000\000\000\000\000\000\000\000\000\000\000\000\000\000\000\000\000\000\000\000\000\000\000\000\000\000\000\000\000\000""; nodePubKey: ""\002\225aM\037\203M\271C\224]$\245\215\334\264;{{\365%Z\2443U\201\242\320iUc\207\367""; closeTime: 803842732; signature: ""0D\002 q\267\2731\246\205\tz\005\300U\034u'\006\340F\2553[\217w\021\364\022OS\210]B<)\002 0\205M[\344\005a5\300\314\314\363\254X\376\226\225\321H\3070\021}\204\227_\214\277\270\003\022\313""; previousledger: ""\331]\036\237\306o!\223\221\002\324\031\262\240R\177 ,\214\325\Q])\016\2067\277\t\354\010\000""; ","proposeSeq: 0; currentTxHash: ""\000\000\000\000\000\000\000\000\000\000\000\000\000\000\000\000\000\000\000\000\000\000\000\000\000\000\000\000\000\000\000\000""; nodePubKey: ""\002\225aM\037\203M\271C\224]$\245\215\334\264;{{\365%Z\2443U\201\242\320iUc\207\367""; closeTime: 803842732; signature: ""0D\002 q\267\2731\246\205\tz\005\300U\034u'\006\340F\2553[\217w\021\364\022OS\210]B<)\002 0\205M[\344\005a5\300\314\314\363\254X\376\226\225\321H\3070\021}\204\227_\214\277\270\003\022\313""; previousledger: ""\331]\036\237\306o!\223\221\002\324\031\262\240R\177 ,\214\325\Q])\016\2067\277\t\354\010\000""; "
1750527532637,1750527532637,3830,1,3,1,TMProposeSet,"proposeSeq: 0; currentTxHash: ""\000\000\000\000\000\000\000\000\000\000\000\000\000\000\000\000\000\000\000\000\000\000\000\000\000\000\000\000\000\000\000\000""; nodePubKey: ""\002\225aM\037\203M\271C\224]$\245\215\334\264;{{\365%Z\2443U\201\242\320iUc\207\367""; closeTime: 803842732; signature: ""0D\002 q\267\2731\246\205\tz\005\300U\034u'\006\340F\2553[\217w\021\364\022OS\210]B<)\002 0\205M[\344\005a5\300\314\314\363\254X\376\226\225\321H\3070\021}\204\227_\214\277\270\003\022\313""; previousledger: ""\331]\036\237\306o!\223\221\002\324\031\262\240R\177 ,\214\325\Q])\016\2067\277\t\354\010\000""; ","proposeSeq: 0; currentTxHash: ""\000\000\000\000\000\000\000\000\000\000\000\000\000\000\000\000\000\000\000\000\000\000\000\000\000\000\000\000\000\000\000\000""; nodePubKey: ""\002\225aM\037\203M\271C\224]$\245\215\334\264;{{\365%Z\2443U\201\242\320iUc\207\367""; closeTime: 803842732; signature: ""0D\002 q\267\2731\246\205\tz\005\300U\034u'\006\340F\2553[\217w\021\364\022OS\210]B<)\002 0\205M[\344\005a5\300\314\314\363\254X\376\226\225\321H\3070\021}\204\227_\214\277\270\003\022\313""; previousledger: ""\331]\036\237\306o!\223\221\002\324\031\262\240R\177 ,\214\325\Q])\016\2067\277\t\354\010\000""; "
1750527532638,1750527532638,1434,1,0,1,TMLedgerData,"ledgerHash: ""\310\200l\322\255\214\342'\243\202\375k%_\335\032N\021G\005\230\271\366~%e\366\202l^\rR""; ledgerSeq: 0; type: liTS_CANDIDATE; nodes {;   nodedata: ""GZ\227\022t\201\240u\2324P\027\307M\337'Y\361[IAD\351\374!\232\005\337\376\252\251g\004\003"";   nodeid: ""\000\000\000\000\000\000\000\000\000\000\000\000\000\000\000\000\000\000\000\000\000\000\000\000\000\000\000\000\000\000\000\000\000""; }; requestCookie: 4; ","ledgerHash: ""\310\200l\322\255\214\342'\243\202\375k%_\335\032N\021G\005\230\271\366~%e\366\202l^\rR""; ledgerSeq: 0; type: liTS_CANDIDATE; nodes {;   nodedata: ""GZ\227\022t\201\240u\2324P\027\307M\337'Y\361[IAD\351\374!\232\005\337\376\252\251g\004\003"";   nodeid: ""\000\000\000\000\000\000\000\000\000\000\000\000\000\000\000\000\000\000\000\000\000\000\000\000\000\000\000\000\000\000\000\000\000""; }; requestCookie: 4; "
1750527532682,1750527532682,2441,1,4,2,TMProposeSet,"proposeSeq: 0; currentTxHash: ""\000\000\000\000\000\000\000\000\000\000\000\000\000\000\000\000\000\000\000\000\000\000\000\000\000\000\000\000\000\000\000\000""; nodePubKey: ""\002\364d\217\366\217|\316F\232\231\241\n\261\333`\312O\367\235\025DD\336e\367\n\312\326\221\037\025\230""; closeTime: 803842731; signature: ""0D\002 N\221\032Y@\241\215\007kfJ\224a\3632""\256\r!\275\235""5n\031\324\310\306\220\210\250\337\002 \025\034\342X\3669\347\036\312\003d5\367\373dY\353\247\320\t\321U\037Ao]\206~\254p\206J""; previousledger: ""\331]\036\237\306o!\223\221\002\324\031\262\240R\177 ,\214\325\Q])\016\2067\277\t\354\010\000""; ","proposeSeq: 0; currentTxHash: ""\000\000\000\000\000\000\000\000\000\000\000\000\000\000\000\000\000\000\000\000\000\000\000\000\000\000\000\000\000\000\000\000""; nodePubKey: ""\002\364d\217\366\217|\316F\232\231\241\n\261\333`\312O\367\235\025DD\336e\367\n\312\326\221\037\025\230""; closeTime: 803842731; signature: ""0D\002 N\221\032Y@\241\215\007kfJ\224a\3632""\256\r!\275\235""5n\031\324\310\306\220\210\250\337\002 \025\034\342X\3669\347\036\312\003d5\367\373dY\353\247\320\t\321U\037Ao]\206~\254p\206J""; previousledger: ""\331]\036\237\306o!\223\221\002\324\031\262\240R\177 ,\214\325\Q])\016\2067\277\t\354\010\000""; "
1750527532682,1750527532683,2455,1,4,1,TMProposeSet,"proposeSeq: 0; currentTxHash: ""\000\000\000\000\000\000\000\000\000\000\000\000\000\000\000\000\000\000\000\000\000\000\000\000\000\000\000\000\000\000\000\000""; nodePubKey: ""\002\364d\217\366\217|\316F\232\231\241\n\261\333`\312O\367\235\025DD\336e\367\n\312\326\221\037\025\230""; closeTime: 803842731; signature: ""0D\002 N\221\032Y@\241\215\007kfJ\224a\3632""\256\r!\275\235""5n\031\324\310\306\220\210\250\337\002 \025\034\342X\3669\347\036\312\003d5\367\373dY\353\247\320\t\321U\037Ao]\206~\254p\206J""; previousledger: ""\331]\036\237\306o!\223\221\002\324\031\262\240R\177 ,\214\325\Q])\016\2067\277\t\354\010\000""; ","proposeSeq: 0; currentTxHash: ""\000\000\000\000\000\000\000\000\000\000\000\000\000\000\000\000\000\000\000\000\000\000\000\000\000\000\000\000\000\000\000\000""; nodePubKey: ""\002\364d\217\366\217|\316F\232\231\241\n\261\333`\312O\367\235\025DD\336e\367\n\312\326\221\037\025\230""; closeTime: 803842731; signature: ""0D\002 N\221\032Y@\241\215\007kfJ\224a\3632""\256\r!\275\235""5n\031\324\310\306\220\210\250\337\002 \025\034\342X\3669\347\036\312\003d5\367\373dY\353\247\320\t\321U\037Ao]\206~\254p\206J""; previousledger: ""\331]\036\237\306o!\223\221\002\324\031\262\240R\177 ,\214\325\Q])\016\2067\277\t\354\010\000""; "
1750527532683,1750527532683,2972,1,4,0,TMProposeSet,"proposeSeq: 0; currentTxHash: ""\000\000\000\000\000\000\000\000\000\000\000\000\000\000\000\000\000\000\000\000\000\000\000\000\000\000\000\000\000\000\000\000""; nodePubKey: ""\002\364d\217\366\217|\316F\232\231\241\n\261\333`\312O\367\235\025DD\336e\367\n\312\326\221\037\025\230""; closeTime: 803842731; signature: ""0D\002 N\221\032Y@\241\215\007kfJ\224a\3632""\256\r!\275\235""5n\031\324\310\306\220\210\250\337\002 \025\034\342X\3669\347\036\312\003d5\367\373dY\353\247\320\t\321U\037Ao]\206~\254p\206J""; previousledger: ""\331]\036\237\306o!\223\221\002\324\031\262\240R\177 ,\214\325\Q])\016\2067\277\t\354\010\000""; ","proposeSeq: 0; currentTxHash: ""\000\000\000\000\000\000\000\000\000\000\000\000\000\000\000\000\000\000\000\000\000\000\000\000\000\000\000\000\000\000\000\000""; nodePubKey: ""\002\364d\217\366\217|\316F\232\231\241\n\261\333`\312O\367\235\025DD\336e\367\n\312\326\221\037\025\230""; closeTime: 803842731; signature: ""0D\002 N\221\032Y@\241\215\007kfJ\224a\3632""\256\r!\275\235""5n\031\324\310\306\220\210\250\337\002 \025\034\342X\3669\347\036\312\003d5\367\373dY\353\247\320\t\321U\037Ao]\206~\254p\206J""; previousledger: ""\331]\036\237\306o!\223\221\002\324\031\262\240R\177 ,\214\325\Q])\016\2067\277\t\354\010\000""; "
1750527532720,1750527532720,589,1,2,0,TMGetLedger,"itype: liTS_CANDIDATE; ledgerHash: ""\310\200l\322\255\214\342'\243\202\375k%_\335\032N\021G\005\230\271\366~%e\366\202l^\rR""; nodeIDs: ""\000\000\000\000\000\000\000\000\000\000\000\000\000\000\000\000\000\000\000\000\000\000\000\000\000\000\000\000\000\000\000\000\000""; requestCookie: 5; queryType: qtINDIRECT; queryDepth: 3; ","itype: liTS_CANDIDATE; ledgerHash: ""\310\200l\322\255\214\342'\243\202\375k%_\335\032N\021G\005\230\271\366~%e\366\202l^\rR""; nodeIDs: ""\000\000\000\000\000\000\000\000\000\000\000\000\000\000\000\000\000\000\000\000\000\000\000\000\000\000\000\000\000\000\000\000\000""; requestCookie: 5; queryType: qtINDIRECT; queryDepth: 3; "
1750527532722,1750527532722,3378,1,4,0,TMLedgerData,"ledgerHash: ""[\000\302\314\326\214\276@c\240\272\222{\363\314\032\213\311\316\246/\330\302\014>\022\346\234\347\264\270\350""; ledgerSeq: 0; type: liTS_CANDIDATE; nodes {;   nodedata: ""\002i\361\030\371\256\265\036\320\273\013\357<\215/(\215[\231D\357Gd\372\270\316\261\301\342\327\225\241\000GZ\227\022t\201\240u\2324P\027\307M\337'Y\361[IAD\351\374!\232\005\337\376\252\251g\004\003"";   nodeid: ""\000\000\000\000\000\000\000\000\000\000\000\000\000\000\000\000\000\000\000\000\000\000\000\000\000\000\000\000\000\000\000\000\000""; }; requestCookie: 3; ","ledgerHash: ""[\000\302\314\326\214\276@c\240\272\222{\363\314\032\213\311\316\246/\330\302\014>\022\346\234\347\264\270\350""; ledgerSeq: 0; type: liTS_CANDIDATE; nodes {;   nodedata: ""\002i\361\030\371\256\265\036\320\273\013\357<\215/(\215[\231D\357Gd\372\270\316\261\301\342\327\225\241\000GZ\227\022t\201\240u\2324P\027\307M\337'Y\361[IAD\351\374!\232\005\337\376\252\251g\004\003"";   nodeid: ""\000\000\000\000\000\000\000\000\000\000\000\000\000\000\000\000\000\000\000\000\000\000\000\000\000\000\000\000\000\000\000\000\000""; }; requestCookie: 3; "
1750527532723,1750527532723,3719,1,2,4,TMGetLedger,"itype: liTS_CANDIDATE; ledgerHash: ""[\000\302\314\326\214\276@c\240\272\222{\363\314\032\213\311\316\246/\330\302\014>\022\346\234\347\264\270\350""; nodeIDs: ""\000\000\000\000\000\000\000\000\000\000\000\000\000\000\000\000\000\000\000\000\000\000\000\000\000\000\000\000\000\000\000\000\000""; requestCookie: 4; queryType: qtINDIRECT; queryDepth: 3; ","itype: liTS_CANDIDATE; ledgerHash: ""[\000\302\314\326\214\276@c\240\272\222{\363\314\032\213\311\316\246/\330\302\014>\022\346\234\347\264\270\350""; nodeIDs: ""\000\000\000\000\000\000\000\000\000\000\000\000\000\000\000\000\000\000\000\000\000\000\000\000\000\000\000\000\000\000\000\000\000""; requestCookie: 4; queryType: qtINDIRECT; queryDepth: 3; "
1750527532749,1750527532749,4000,1,2,3,TMGetLedger,"itype: liTS_CANDIDATE; ledgerHash: ""[\000\302\314\326\214\276@c\240\272\222{\363\314\032\213\311\316\246/\330\302\014>\022\346\234\347\264\270\350""; nodeIDs: ""\000\000\000\000\000\000\000\000\000\000\000\000\000\000\000\000\000\000\000\000\000\000\000\000\000\000\000\000\000\000\000\000\000""; queryType: qtINDIRECT; queryDepth: 3; ","itype: liTS_CANDIDATE; ledgerHash: ""[\000\302\314\326\214\276@c\240\272\222{\363\314\032\213\311\316\246/\330\302\014>\022\346\234\347\264\270\350""; nodeIDs: ""\000\000\000\000\000\000\000\000\000\000\000\000\000\000\000\000\000\000\000\000\000\000\000\000\000\000\000\000\000\000\000\000\000""; queryType: qtINDIRECT; queryDepth: 3; "
1750527532749,1750527532749,1544,1,2,1,TMGetLedger,"itype: liTS_CANDIDATE; ledgerHash: ""[\000\302\314\326\214\276@c\240\272\222{\363\314\032\213\311\316\246/\330\302\014>\022\346\234\347\264\270\350""; nodeIDs: ""\000\000\000\000\000\000\000\000\000\000\000\000\000\000\000\000\000\000\000\000\000\000\000\000\000\000\000\000\000\000\000\000\000""; queryType: qtINDIRECT; queryDepth: 3; ","itype: liTS_CANDIDATE; ledgerHash: ""[\000\302\314\326\214\276@c\240\272\222{\363\314\032\213\311\316\246/\330\302\014>\022\346\234\347\264\270\350""; nodeIDs: ""\000\000\000\000\000\000\000\000\000\000\000\000\000\000\000\000\000\000\000\000\000\000\000\000\000\000\000\000\000\000\000\000\000""; queryType: qtINDIRECT; queryDepth: 3; "
1750527532755,1750527532755,3810,1,1,4,TMGetLedger,"itype: liTS_CANDIDATE; ledgerHash: ""[\000\302\314\326\214\276@c\240\272\222{\363\314\032\213\311\316\246/\330\302\014>\022\346\234\347\264\270\350""; nodeIDs: ""\000\000\000\000\000\000\000\000\000\000\000\000\000\000\000\000\000\000\000\000\000\000\000\000\000\000\000\000\000\000\000\000\000""; requestCookie: 2; queryType: qtINDIRECT; queryDepth: 3; ","itype: liTS_CANDIDATE; ledgerHash: ""[\000\302\314\326\214\276@c\240\272\222{\363\314\032\213\311\316\246/\330\302\014>\022\346\234\347\264\270\350""; nodeIDs: ""\000\000\000\000\000\000\000\000\000\000\000\000\000\000\000\000\000\000\000\000\000\000\000\000\000\000\000\000\000\000\000\000\000""; requestCookie: 2; queryType: qtINDIRECT; queryDepth: 3; "
1750527532759,1750527532759,3810,1,1,4,TMGetLedger,"itype: liTS_CANDIDATE; ledgerHash: ""[\000\302\314\326\214\276@c\240\272\222{\363\314\032\213\311\316\246/\330\302\014>\022\346\234\347\264\270\350""; nodeIDs: ""\000\000\000\000\000\000\000\000\000\000\000\000\000\000\000\000\000\000\000\000\000\000\000\000\000\000\000\000\000\000\000\000\000""; requestCookie: 4; queryType: qtINDIRECT; queryDepth: 3; ","itype: liTS_CANDIDATE; ledgerHash: ""[\000\302\314\326\214\276@c\240\272\222{\363\314\032\213\311\316\246/\330\302\014>\022\346\234\347\264\270\350""; nodeIDs: ""\000\000\000\000\000\000\000\000\000\000\000\000\000\000\000\000\000\000\000\000\000\000\000\000\000\000\000\000\000\000\000\000\000""; requestCookie: 4; queryType: qtINDIRECT; queryDepth: 3; "
1750527532761,1750527532761,589,1,2,0,TMGetLedger,"itype: liTS_CANDIDATE; ledgerHash: ""[\000\302\314\326\214\276@c\240\272\222{\363\314\032\213\311\316\246/\330\302\014>\022\346\234\347\264\270\350""; nodeIDs: ""\000\000\000\000\000\000\000\000\000\000\000\000\000\000\000\000\000\000\000\000\000\000\000\000\000\000\000\000\000\000\000\000\000""; queryType: qtINDIRECT; queryDepth: 3; ","itype: liTS_CANDIDATE; ledgerHash: ""[\000\302\314\326\214\276@c\240\272\222{\363\314\032\213\311\316\246/\330\302\014>\022\346\234\347\264\270\350""; nodeIDs: ""\000\000\000\000\000\000\000\000\000\000\000\000\000\000\000\000\000\000\000\000\000\000\000\000\000\000\000\000\000\000\000\000\000""; queryType: qtINDIRECT; queryDepth: 3; "
1750527532763,1750527532763,2920,1,1,0,TMGetLedger,"itype: liTS_CANDIDATE; ledgerHash: ""[\000\302\314\326\214\276@c\240\272\222{\363\314\032\213\311\316\246/\330\302\014>\022\346\234\347\264\270\350""; nodeIDs: ""\000\000\000\000\000\000\000\000\000\000\000\000\000\000\000\000\000\000\000\000\000\000\000\000\000\000\000\000\000\000\000\000\000""; queryType: qtINDIRECT; queryDepth: 3; ","itype: liTS_CANDIDATE; ledgerHash: ""[\000\302\314\326\214\276@c\240\272\222{\363\314\032\213\311\316\246/\330\302\014>\022\346\234\347\264\270\350""; nodeIDs: ""\000\000\000\000\000\000\000\000\000\000\000\000\000\000\000\000\000\000\000\000\000\000\000\000\000\000\000\000\000\000\000\000\000""; queryType: qtINDIRECT; queryDepth: 3; "
1750527532763,1750527532763,3769,1,1,3,TMGetLedger,"itype: liTS_CANDIDATE; ledgerHash: ""[\000\302\314\326\214\276@c\240\272\222{\363\314\032\213\311\316\246/\330\302\014>\022\346\234\347\264\270\350""; nodeIDs: ""\000\000\000\000\000\000\000\000\000\000\000\000\000\000\000\000\000\000\000\000\000\000\000\000\000\000\000\000\000\000\000\000\000""; queryType: qtINDIRECT; queryDepth: 3; ","itype: liTS_CANDIDATE; ledgerHash: ""[\000\302\314\326\214\276@c\240\272\222{\363\314\032\213\311\316\246/\330\302\014>\022\346\234\347\264\270\350""; nodeIDs: ""\000\000\000\000\000\000\000\000\000\000\000\000\000\000\000\000\000\000\000\000\000\000\000\000\000\000\000\000\000\000\000\000\000""; queryType: qtINDIRECT; queryDepth: 3; "
1750527532763,1750527532764,3810,1,1,4,TMGetLedger,"itype: liTS_CANDIDATE; ledgerHash: ""[\000\302\314\326\214\276@c\240\272\222{\363\314\032\213\311\316\246/\330\302\014>\022\346\234\347\264\270\350""; nodeIDs: ""\000\000\000\000\000\000\000\000\000\000\000\000\000\000\000\000\000\000\000\000\000\000\000\000\000\000\000\000\000\000\000\000\000""; queryType: qtINDIRECT; queryDepth: 3; ","itype: liTS_CANDIDATE; ledgerHash: ""[\000\302\314\326\214\276@c\240\272\222{\363\314\032\213\311\316\246/\330\302\014>\022\346\234\347\264\270\350""; nodeIDs: ""\000\000\000\000\000\000\000\000\000\000\000\000\000\000\000\000\000\000\000\000\000\000\000\000\000\000\000\000\000\000\000\000\000""; queryType: qtINDIRECT; queryDepth: 3; "
1750527532764,1750527532764,1495,1,1,2,TMGetLedger,"itype: liTS_CANDIDATE; ledgerHash: ""[\000\302\314\326\214\276@c\240\272\222{\363\314\032\213\311\316\246/\330\302\014>\022\346\234\347\264\270\350""; nodeIDs: ""\000\000\000\000\000\000\000\000\000\000\000\000\000\000\000\000\000\000\000\000\000\000\000\000\000\000\000\000\000\000\000\000\000""; queryType: qtINDIRECT; queryDepth: 3; ","itype: liTS_CANDIDATE; ledgerHash: ""[\000\302\314\326\214\276@c\240\272\222{\363\314\032\213\311\316\246/\330\302\014>\022\346\234\347\264\270\350""; nodeIDs: ""\000\000\000\000\000\000\000\000\000\000\000\000\000\000\000\000\000\000\000\000\000\000\000\000\000\000\000\000\000\000\000\000\000""; queryType: qtINDIRECT; queryDepth: 3; "
1750527532766,1750527532766,3719,1,2,4,TMGetLedger,"itype: liTS_CANDIDATE; ledgerHash: ""[\000\302\314\326\214\276@c\240\272\222{\363\314\032\213\311\316\246/\330\302\014>\022\346\234\347\264\270\350""; nodeIDs: ""\000\000\000\000\000\000\000\000\000\000\000\000\000\000\000\000\000\000\000\000\000\000\000\000\000\000\000\000\000\000\000\000\000""; queryType: qtINDIRECT; queryDepth: 3; ","itype: liTS_CANDIDATE; ledgerHash: ""[\000\302\314\326\214\276@c\240\272\222{\363\314\032\213\311\316\246/\330\302\014>\022\346\234\347\264\270\350""; nodeIDs: ""\000\000\000\000\000\000\000\000\000\000\000\000\000\000\000\000\000\000\000\000\000\000\000\000\000\000\000\000\000\000\000\000\000""; queryType: qtINDIRECT; queryDepth: 3; "
1750527532766,1750527532766,3719,1,2,4,TMGetLedger,"itype: liTS_CANDIDATE; ledgerHash: ""[\000\302\314\326\214\276@c\240\272\222{\363\314\032\213\311\316\246/\330\302\014>\022\346\234\347\264\270\350""; nodeIDs: ""\000\000\000\000\000\000\000\000\000\000\000\000\000\000\000\000\000\000\000\000\000\000\000\000\000\000\000\000\000\000\000\000\000""; requestCookie: 3; queryType: qtINDIRECT; queryDepth: 3; ","itype: liTS_CANDIDATE; ledgerHash: ""[\000\302\314\326\214\276@c\240\272\222{\363\314\032\213\311\316\246/\330\302\014>\022\346\234\347\264\270\350""; nodeIDs: ""\000\000\000\000\000\000\000\000\000\000\000\000\000\000\000\000\000\000\000\000\000\000\000\000\000\000\000\000\000\000\000\000\000""; requestCookie: 3; queryType: qtINDIRECT; queryDepth: 3; "
1750527532767,1750527532767,3378,1,4,0,TMLedgerData,"ledgerHash: ""[\000\302\314\326\214\276@c\240\272\222{\363\314\032\213\311\316\246/\330\302\014>\022\346\234\347\264\270\350""; ledgerSeq: 0; type: liTS_CANDIDATE; nodes {;   nodedata: ""\002i\361\030\371\256\265\036\320\273\013\357<\215/(\215[\231D\357Gd\372\270\316\261\301\342\327\225\241\000GZ\227\022t\201\240u\2324P\027\307M\337'Y\361[IAD\351\374!\232\005\337\376\252\251g\004\003"";   nodeid: ""\000\000\000\000\000\000\000\000\000\000\000\000\000\000\000\000\000\000\000\000\000\000\000\000\000\000\000\000\000\000\000\000\000""; }; ","ledgerHash: ""[\000\302\314\326\214\276@c\240\272\222{\363\314\032\213\311\316\246/\330\302\014>\022\346\234\347\264\270\350""; ledgerSeq: 0; type: liTS_CANDIDATE; nodes {;   nodedata: ""\002i\361\030\371\256\265\036\320\273\013\357<\215/(\215[\231D\357Gd\372\270\316\261\301\342\327\225\241\000GZ\227\022t\201\240u\2324P\027\307M\337'Y\361[IAD\351\374!\232\005\337\376\252\251g\004\003"";   nodeid: ""\000\000\000\000\000\000\000\000\000\000\000\000\000\000\000\000\000\000\000\000\000\000\000\000\000\000\000\000\000\000\000\000\000""; }; "
1750527532795,1750527532795,3810,1,1,4,TMGetLedger,"itype: liTS_CANDIDATE; ledgerHash: ""[\000\302\314\326\214\276@c\240\272\222{\363\314\032\213\311\316\246/\330\302\014>\022\346\234\347\264\270\350""; nodeIDs: ""\000\000\000\000\000\000\000\000\000\000\000\000\000\000\000\000\000\000\000\000\000\000\000\000\000\000\000\000\000\000\000\000\000""; requestCookie: 3; queryType: qtINDIRECT; queryDepth: 3; ","itype: liTS_CANDIDATE; ledgerHash: ""[\000\302\314\326\214\276@c\240\272\222{\363\314\032\213\311\316\246/\330\302\014>\022\346\234\347\264\270\350""; nodeIDs: ""\000\000\000\000\000\000\000\000\000\000\000\000\000\000\000\000\000\000\000\000\000\000\000\000\000\000\000\000\000\000\000\000\000""; requestCookie: 3; queryType: qtINDIRECT; queryDepth: 3; "
1750527532821,1750527532821,3818,1,0,2,TMLedgerData,"ledgerHash: ""\310\200l\322\255\214\342'\243\202\375k%_\335\032N\021G\005\230\271\366~%e\366\202l^\rR""; ledgerSeq: 0; type: liTS_CANDIDATE; nodes {;   nodedata: ""GZ\227\022t\201\240u\2324P\027\307M\337'Y\361[IAD\351\374!\232\005\337\376\252\251g\004\003"";   nodeid: ""\000\000\000\000\000\000\000\000\000\000\000\000\000\000\000\000\000\000\000\000\000\000\000\000\000\000\000\000\000\000\000\000\000""; }; requestCookie: 5; ","ledgerHash: ""\310\200l\322\255\214\342'\243\202\375k%_\335\032N\021G\005\230\271\366~%e\366\202l^\rR""; ledgerSeq: 0; type: liTS_CANDIDATE; nodes {;   nodedata: ""GZ\227\022t\201\240u\2324P\027\307M\337'Y\361[IAD\351\374!\232\005\337\376\252\251g\004\003"";   nodeid: ""\000\000\000\000\000\000\000\000\000\000\000\000\000\000\000\000\000\000\000\000\000\000\000\000\000\000\000\000\000\000\000\000\000""; }; requestCookie: 5; "
1750527532831,1750527532831,4000,1,2,3,TMGetLedger,"itype: liTS_CANDIDATE; ledgerHash: ""[\000\302\314\326\214\276@c\240\272\222{\363\314\032\213\311\316\246/\330\302\014>\022\346\234\347\264\270\350""; nodeIDs: ""\000\000\000\000\000\000\000\000\000\000\000\000\000\000\000\000\000\000\000\000\000\000\000\000\000\000\000\000\000\000\000\000\000""; requestCookie: 2; queryType: qtINDIRECT; queryDepth: 3; ","itype: liTS_CANDIDATE; ledgerHash: ""[\000\302\314\326\214\276@c\240\272\222{\363\314\032\213\311\316\246/\330\302\014>\022\346\234\347\264\270\350""; nodeIDs: ""\000\000\000\000\000\000\000\000\000\000\000\000\000\000\000\000\000\000\000\000\000\000\000\000\000\000\000\000\000\000\000\000\000""; requestCookie: 2; queryType: qtINDIRECT; queryDepth: 3; "
1750527532839,1750527532839,2764,1,4,3,TMLedgerData,"ledgerHash: ""\310\200l\322\255\214\342'\243\202\375k%_\335\032N\021G\005\230\271\366~%e\366\202l^\rR""; ledgerSeq: 0; type: liTS_CANDIDATE; nodes {;   nodedata: ""GZ\227\022t\201\240u\2324P\027\307M\337'Y\361[IAD\351\374!\232\005\337\376\252\251g\004\003"";   nodeid: ""\000\000\000\000\000\000\000\000\000\000\000\000\000\000\000\000\000\000\000\000\000\000\000\000\000\000\000\000\000\000\000\000\000""; }; ","ledgerHash: ""\310\200l\322\255\214\342'\243\202\375k%_\335\032N\021G\005\230\271\366~%e\366\202l^\rR""; ledgerSeq: 0; type: liTS_CANDIDATE; nodes {;   nodedata: ""GZ\227\022t\201\240u\2324P\027\307M\337'Y\361[IAD\351\374!\232\005\337\376\252\251g\004\003"";   nodeid: ""\000\000\000\000\000\000\000\000\000\000\000\000\000\000\000\000\000\000\000\000\000\000\000\000\000\000\000\000\000\000\000\000\000""; }; "
1750527532839,1750527532839,380,1,0,4,TMGetLedger,"itype: liTS_CANDIDATE; ledgerHash: ""[\000\302\314\326\214\276@c\240\272\222{\363\314\032\213\311\316\246/\330\302\014>\022\346\234\347\264\270\350""; nodeIDs: ""\000\000\000\000\000\000\000\000\000\000\000\000\000\000\000\000\000\000\000\000\000\000\000\000\000\000\000\000\000\000\000\000\000""; requestCookie: 3; queryType: qtINDIRECT; queryDepth: 3; ","itype: liTS_CANDIDATE; ledgerHash: ""[\000\302\314\326\214\276@c\240\272\222{\363\314\032\213\311\316\246/\330\302\014>\022\346\234\347\264\270\350""; nodeIDs: ""\000\000\000\000\000\000\000\000\000\000\000\000\000\000\000\000\000\000\000\000\000\000\000\000\000\000\000\000\000\000\000\000\000""; requestCookie: 3; queryType: qtINDIRECT; queryDepth: 3; "
1750527532881,1750527532881,1199,1,0,2,TMGetLedger,"itype: liTS_CANDIDATE; ledgerHash: ""[\000\302\314\326\214\276@c\240\272\222{\363\314\032\213\311\316\246/\330\302\014>\022\346\234\347\264\270\350""; nodeIDs: ""\000\000\000\000\000\000\000\000\000\000\000\000\000\000\000\000\000\000\000\000\000\000\000\000\000\000\000\000\000\000\000\000\000""; queryType: qtINDIRECT; queryDepth: 3; ","itype: liTS_CANDIDATE; ledgerHash: ""[\000\302\314\326\214\276@c\240\272\222{\363\314\032\213\311\316\246/\330\302\014>\022\346\234\347\264\270\350""; nodeIDs: ""\000\000\000\000\000\000\000\000\000\000\000\000\000\000\000\000\000\000\000\000\000\000\000\000\000\000\000\000\000\000\000\000\000""; queryType: qtINDIRECT; queryDepth: 3; "
1750527532882,1750527532882,3375,1,0,1,TMGetLedger,"itype: liTS_CANDIDATE; ledgerHash: ""[\000\302\314\326\214\276@c\240\272\222{\363\314\032\213\311\316\246/\330\302\014>\022\346\234\347\264\270\350""; nodeIDs: ""\000\000\000\000\000\000\000\000\000\000\000\000\000\000\000\000\000\000\000\000\000\000\000\000\000\000\000\000\000\000\000\000\000""; queryType: qtINDIRECT; queryDepth: 3; ","itype: liTS_CANDIDATE; ledgerHash: ""[\000\302\314\326\214\276@c\240\272\222{\363\314\032\213\311\316\246/\330\302\014>\022\346\234\347\264\270\350""; nodeIDs: ""\000\000\000\000\000\000\000\000\000\000\000\000\000\000\000\000\000\000\000\000\000\000\000\000\000\000\000\000\000\000\000\000\000""; queryType: qtINDIRECT; queryDepth: 3; "
1750527532882,1750527532882,3094,1,0,3,TMGetLedger,"itype: liTS_CANDIDATE; ledgerHash: ""[\000\302\314\326\214\276@c\240\272\222{\363\314\032\213\311\316\246/\330\302\014>\022\346\234\347\264\270\350""; nodeIDs: ""\000\000\000\000\000\000\000\000\000\000\000\000\000\000\000\000\000\000\000\000\000\000\000\000\000\000\000\000\000\000\000\000\000""; queryType: qtINDIRECT; queryDepth: 3; ","itype: liTS_CANDIDATE; ledgerHash: ""[\000\302\314\326\214\276@c\240\272\222{\363\314\032\213\311\316\246/\330\302\014>\022\346\234\347\264\270\350""; nodeIDs: ""\000\000\000\000\000\000\000\000\000\000\000\000\000\000\000\000\000\000\000\000\000\000\000\000\000\000\000\000\000\000\000\000\000""; queryType: qtINDIRECT; queryDepth: 3; "
1750527532882,1750527532882,380,1,0,4,TMGetLedger,"itype: liTS_CANDIDATE; ledgerHash: ""[\000\302\314\326\214\276@c\240\272\222{\363\314\032\213\311\316\246/\330\302\014>\022\346\234\347\264\270\350""; nodeIDs: ""\000\000\000\000\000\000\000\000\000\000\000\000\000\000\000\000\000\000\000\000\000\000\000\000\000\000\000\000\000\000\000\000\000""; queryType: qtINDIRECT; queryDepth: 3; ","itype: liTS_CANDIDATE; ledgerHash: ""[\000\302\314\326\214\276@c\240\272\222{\363\314\032\213\311\316\246/\330\302\014>\022\346\234\347\264\270\350""; nodeIDs: ""\000\000\000\000\000\000\000\000\000\000\000\000\000\000\000\000\000\000\000\000\000\000\000\000\000\000\000\000\000\000\000\000\000""; queryType: qtINDIRECT; queryDepth: 3; "
1750527532884,1750527532884,949,1,1,2,TMValidation,"validation: """"\200\000\000\001&\000\000\000\005)/\351\252\251:p\210\265\307-\212\200\004Q\331]\036\237\306o!\223\221\002\324\031\262\240R\177 ,\214\325\Q])\016\2067\277\t\354\010\000P\027'\274\220\233\332\373\335\027\332I\377y`\224\260\350-\215\335\267[\036\265\265\252`\026&\030{\362\363P\031\265\024\321\362\354\211\250.\234s\225amc\305\035\366\276\037nD\277`\210\223N\3535\033\261\304fs!\002\364d\217\366\217|\316F\232\231\241\n\261\333`\312O\367\235\025DD\336e\367\n\312\326\221\037\025\230vG0E\002!\000\214M\242\355\276\367\213\r\242\376cQu\341Q\3479\3341\tN\210\374\324\207\361\370\315\366Q\351\342\002 p\224&\216\320""\305\246\3063iK\267yq\242\312z\225\014\364\014\351\006\007~\306 %\3131\234""; ","validation: """"\200\000\000\001&\000\000\000\005)/\351\252\251:p\210\265\307-\212\200\004Q\331]\036\237\306o!\223\221\002\324\031\262\240R\177 ,\214\325\Q])\016\2067\277\t\354\010\000P\027'\274\220\233\332\373\335\027\332I\377y`\224\260\350-\215\335\267[\036\265\265\252`\026&\030{\362\363P\031\265\024\321\362\354\211\250.\234s\225amc\305\035\366\276\037nD\277`\210\223N\3535\033\261\304fs!\002\364d\217\366\217|\316F\232\231\241\n\261\333`\312O\367\235\025DD\336e\367\n\312\326\221\037\025\230vG0E\002!\000\214M\242\355\276\367\213\r\242\376cQu\341Q\3479\3341\tN\210\374\324\207\361\370\315\366Q\351\342\002 p\224&\216\320""\305\246\3063iK\267yq\242\312z\225\014\364\014\351\006\007~\306 %\3131\234""; "
1750527532884,1750527532884,3746,1,1,4,TMValidation,"validation: """"\200\000\000\001&\000\000\000\005)/\351\252\251:p\210\265\307-\212\200\004Q\331]\036\237\306o!\223\221\002\324\031\262\240R\177 ,\214\325\Q])\016\2067\277\t\354\010\000P\027'\274\220\233\332\373\335\027\332I\377y`\224\260\350-\215\335\267[\036\265\265\252`\026&\030{\362\363P\031\265\024\321\362\354\211\250.\234s\225amc\305\035\366\276\037nD\277`\210\223N\3535\033\261\304fs!\002\364d\217\366\217|\316F\232\231\241\n\261\333`\312O\367\235\025DD\336e\367\n\312\326\221\037\025\230vG0E\002!\000\214M\242\355\276\367\213\r\242\376cQu\341Q\3479\3341\tN\210\374\324\207\361\370\315\366Q\351\342\002 p\224&\216\320""\305\246\3063iK\267yq\242\312z\225\014\364\014\351\006\007~\306 %\3131\234""; ","validation: """"\200\000\000\001&\000\000\000\005)/\351\252\251:p\210\265\307-\212\200\004Q\331]\036\237\306o!\223\221\002\324\031\262\240R\177 ,\214\325\Q])\016\2067\277\t\354\010\000P\027'\274\220\233\332\373\335\027\332I\377y`\224\260\350-\215\335\267[\036\265\265\252`\026&\030{\362\363P\031\265\024\321\362\354\211\250.\234s\225amc\305\035\366\276\037nD\277`\210\223N\3535\033\261\304fs!\002\364d\217\366\217|\316F\232\231\241\n\261\333`\312O\367\235\025DD\336e\367\n\312\326\221\037\025\230vG0E\002!\000\214M\242\355\276\367\213\r\242\376cQu\341Q\3479\3341\tN\210\374\324\207\361\370\315\366Q\351\342\002 p\224&\216\320""\305\246\3063iK\267yq\242\312z\225\014\364\014\351\006\007~\306 %\3131\234""; "
1750527532885,1750527532885,2229,1,1,0,TMValidation,"validation: """"\200\000\000\001&\000\000\000\005)/\351\252\251:p\210\265\307-\212\200\004Q\331]\036\237\306o!\223\221\002\324\031\262\240R\177 ,\214\325\Q])\016\2067\277\t\354\010\000P\027'\274\220\233\332\373\335\027\332I\377y`\224\260\350-\215\335\267[\036\265\265\252`\026&\030{\362\363P\031\265\024\321\362\354\211\250.\234s\225amc\305\035\366\276\037nD\277`\210\223N\3535\033\261\304fs!\002\364d\217\366\217|\316F\232\231\241\n\261\333`\312O\367\235\025DD\336e\367\n\312\326\221\037\025\230vG0E\002!\000\214M\242\355\276\367\213\r\242\376cQu\341Q\3479\3341\tN\210\374\324\207\361\370\315\366Q\351\342\002 p\224&\216\320""\305\246\3063iK\267yq\242\312z\225\014\364\014\351\006\007~\306 %\3131\234""; ","validation: """"\200\000\000\001&\000\000\000\005)/\351\252\251:p\210\265\307-\212\200\004Q\331]\036\237\306o!\223\221\002\324\031\262\240R\177 ,\214\325\Q])\016\2067\277\t\354\010\000P\027'\274\220\233\332\373\335\027\332I\377y`\224\260\350-\215\335\267[\036\265\265\252`\026&\030{\362\363P\031\265\024\321\362\354\211\250.\234s\225amc\305\035\366\276\037nD\277`\210\223N\3535\033\261\304fs!\002\364d\217\366\217|\316F\232\231\241\n\261\333`\312O\367\235\025DD\336e\367\n\312\326\221\037\025\230vG0E\002!\000\214M\242\355\276\367\213\r\242\376cQu\341Q\3479\3341\tN\210\374\324\207\361\370\315\366Q\351\342\002 p\224&\216\320""\305\246\3063iK\267yq\242\312z\225\014\364\014\351\006\007~\306 %\3131\234""; "
1750527532888,1750527532888,1434,1,0,1,TMLedgerData,"ledgerHash: ""\310\200l\322\255\214\342'\243\202\375k%_\335\032N\021G\005\230\271\366~%e\366\202l^\rR""; ledgerSeq: 0; type: liTS_CANDIDATE; nodes {;   nodedata: ""GZ\227\022t\201\240u\2324P\027\307M\337'Y\361[IAD\351\374!\232\005\337\376\252\251g\004\003"";   nodeid: ""\000\000\000\000\000\000\000\000\000\000\000\000\000\000\000\000\000\000\000\000\000\000\000\000\000\000\000\000\000\000\000\000\000""; }; requestCookie: 4; ","ledgerHash: ""\310\200l\322\255\214\342'\243\202\375k%_\335\032N\021G\005\230\271\366~%e\366\202l^\rR""; ledgerSeq: 0; type: liTS_CANDIDATE; nodes {;   nodedata: ""GZ\227\022t\201\240u\2324P\027\307M\337'Y\361[IAD\351\374!\232\005\337\376\252\251g\004\003"";   nodeid: ""\000\000\000\000\000\000\000\000\000\000\000\000\000\000\000\000\000\000\000\000\000\000\000\000\000\000\000\000\000\000\000\000\000""; }; requestCookie: 4; "
1750527532890,1750527532890,1542,1,0,4,TMHaveTransactionSet,"status: tsHAVE; hash: ""[\000\302\314\326\214\276@c\240\272\222{\363\314\032\213\311\316\246/\330\302\014>\022\346\234\347\264\270\350""; ","status: tsHAVE; hash: ""[\000\302\314\326\214\276@c\240\272\222{\363\314\032\213\311\316\246/\330\302\014>\022\346\234\347\264\270\350""; "
1750527532890,1750527532891,2759,1,0,3,TMHaveTransactionSet,"status: tsHAVE; hash: ""[\000\302\314\326\214\276@c\240\272\222{\363\314\032\213\311\316\246/\330\302\014>\022\346\234\347\264\270\350""; ","status: tsHAVE; hash: ""[\000\302\314\326\214\276@c\240\272\222{\363\314\032\213\311\316\246/\330\302\014>\022\346\234\347\264\270\350""; "
1750527532922,1750527532922,1446,1,0,2,TMHaveTransactionSet,"status: tsHAVE; hash: ""[\000\302\314\326\214\276@c\240\272\222{\363\314\032\213\311\316\246/\330\302\014>\022\346\234\347\264\270\350""; ","status: tsHAVE; hash: ""[\000\302\314\326\214\276@c\240\272\222{\363\314\032\213\311\316\246/\330\302\014>\022\346\234\347\264\270\350""; "
1750527532929,1750527532930,2092,1,0,1,TMHaveTransactionSet,"status: tsHAVE; hash: ""[\000\302\314\326\214\276@c\240\272\222{\363\314\032\213\311\316\246/\330\302\014>\022\346\234\347\264\270\350""; ","status: tsHAVE; hash: ""[\000\302\314\326\214\276@c\240\272\222{\363\314\032\213\311\316\246/\330\302\014>\022\346\234\347\264\270\350""; "
1750527532933,1750527532933,1434,1,0,1,TMLedgerData,"ledgerHash: ""[\000\302\314\326\214\276@c\240\272\222{\363\314\032\213\311\316\246/\330\302\014>\022\346\234\347\264\270\350""; ledgerSeq: 0; type: liTS_CANDIDATE; nodes {;   nodedata: ""\002i\361\030\371\256\265\036\320\273\013\357<\215/(\215[\231D\357Gd\372\270\316\261\301\342\327\225\241\000GZ\227\022t\201\240u\2324P\027\307M\337'Y\361[IAD\351\374!\232\005\337\376\252\251g\004\003"";   nodeid: ""\000\000\000\000\000\000\000\000\000\000\000\000\000\000\000\000\000\000\000\000\000\000\000\000\000\000\000\000\000\000\000\000\000""; }; ","ledgerHash: ""[\000\302\314\326\214\276@c\240\272\222{\363\314\032\213\311\316\246/\330\302\014>\022\346\234\347\264\270\350""; ledgerSeq: 0; type: liTS_CANDIDATE; nodes {;   nodedata: ""\002i\361\030\371\256\265\036\320\273\013\357<\215/(\215[\231D\357Gd\372\270\316\261\301\342\327\225\241\000GZ\227\022t\201\240u\2324P\027\307M\337'Y\361[IAD\351\374!\232\005\337\376\252\251g\004\003"";   nodeid: ""\000\000\000\000\000\000\000\000\000\000\000\000\000\000\000\000\000\000\000\000\000\000\000\000\000\000\000\000\000\000\000\000\000""; }; "
1750527532972,1750527532972,3378,1,4,0,TMLedgerData,"ledgerHash: ""[\000\302\314\326\214\276@c\240\272\222{\363\314\032\213\311\316\246/\330\302\014>\022\346\234\347\264\270\350""; ledgerSeq: 0; type: liTS_CANDIDATE; nodes {;   nodedata: ""\002i\361\030\371\256\265\036\320\273\013\357<\215/(\215[\231D\357Gd\372\270\316\261\301\342\327\225\241\000GZ\227\022t\201\240u\2324P\027\307M\337'Y\361[IAD\351\374!\232\005\337\376\252\251g\004\003"";   nodeid: ""\000\000\000\000\000\000\000\000\000\000\000\000\000\000\000\000\000\000\000\000\000\000\000\000\000\000\000\000\000\000\000\000\000""; }; requestCookie: 3; ","ledgerHash: ""[\000\302\314\326\214\276@c\240\272\222{\363\314\032\213\311\316\246/\330\302\014>\022\346\234\347\264\270\350""; ledgerSeq: 0; type: liTS_CANDIDATE; nodes {;   nodedata: ""\002i\361\030\371\256\265\036\320\273\013\357<\215/(\215[\231D\357Gd\372\270\316\261\301\342\327\225\241\000GZ\227\022t\201\240u\2324P\027\307M\337'Y\361[IAD\351\374!\232\005\337\376\252\251g\004\003"";   nodeid: ""\000\000\000\000\000\000\000\000\000\000\000\000\000\000\000\000\000\000\000\000\000\000\000\000\000\000\000\000\000\000\000\000\000""; }; requestCookie: 3; "
1750527532973,1750527532974,3719,1,2,4,TMGetLedger,"itype: liTS_CANDIDATE; ledgerHash: ""[\000\302\314\326\214\276@c\240\272\222{\363\314\032\213\311\316\246/\330\302\014>\022\346\234\347\264\270\350""; nodeIDs: ""\000\000\000\000\000\000\000\000\000\000\000\000\000\000\000\000\000\000\000\000\000\000\000\000\000\000\000\000\000\000\000\000\000""; requestCookie: 4; queryType: qtINDIRECT; queryDepth: 3; ","itype: liTS_CANDIDATE; ledgerHash: ""[\000\302\314\326\214\276@c\240\272\222{\363\314\032\213\311\316\246/\330\302\014>\022\346\234\347\264\270\350""; nodeIDs: ""\000\000\000\000\000\000\000\000\000\000\000\000\000\000\000\000\000\000\000\000\000\000\000\000\000\000\000\000\000\000\000\000\000""; requestCookie: 4; queryType: qtINDIRECT; queryDepth: 3; "
1750527533000,1750527533000,589,1,2,0,TMGetLedger,"itype: liTS_CANDIDATE; ledgerHash: ""[\000\302\314\326\214\276@c\240\272\222{\363\314\032\213\311\316\246/\330\302\014>\022\346\234\347\264\270\350""; nodeIDs: ""\000\000\000\000\000\000\000\000\000\000\000\000\000\000\000\000\000\000\000\000\000\000\000\000\000\000\000\000\000\000\000\000\000""; queryType: qtINDIRECT; queryDepth: 3; ","itype: liTS_CANDIDATE; ledgerHash: ""[\000\302\314\326\214\276@c\240\272\222{\363\314\032\213\311\316\246/\330\302\014>\022\346\234\347\264\270\350""; nodeIDs: ""\000\000\000\000\000\000\000\000\000\000\000\000\000\000\000\000\000\000\000\000\000\000\000\000\000\000\000\000\000\000\000\000\000""; queryType: qtINDIRECT; queryDepth: 3; "
1750527533000,1750527533000,1544,1,2,1,TMGetLedger,"itype: liTS_CANDIDATE; ledgerHash: ""[\000\302\314\326\214\276@c\240\272\222{\363\314\032\213\311\316\246/\330\302\014>\022\346\234\347\264\270\350""; nodeIDs: ""\000\000\000\000\000\000\000\000\000\000\000\000\000\000\000\000\000\000\000\000\000\000\000\000\000\000\000\000\000\000\000\000\000""; queryType: qtINDIRECT; queryDepth: 3; ","itype: liTS_CANDIDATE; ledgerHash: ""[\000\302\314\326\214\276@c\240\272\222{\363\314\032\213\311\316\246/\330\302\014>\022\346\234\347\264\270\350""; nodeIDs: ""\000\000\000\000\000\000\000\000\000\000\000\000\000\000\000\000\000\000\000\000\000\000\000\000\000\000\000\000\000\000\000\000\000""; queryType: qtINDIRECT; queryDepth: 3; "
1750527533001,1750527533001,3719,1,2,4,TMGetLedger,"itype: liTS_CANDIDATE; ledgerHash: ""[\000\302\314\326\214\276@c\240\272\222{\363\314\032\213\311\316\246/\330\302\014>\022\346\234\347\264\270\350""; nodeIDs: ""\000\000\000\000\000\000\000\000\000\000\000\000\000\000\000\000\000\000\000\000\000\000\000\000\000\000\000\000\000\000\000\000\000""; queryType: qtINDIRECT; queryDepth: 3; ","itype: liTS_CANDIDATE; ledgerHash: ""[\000\302\314\326\214\276@c\240\272\222{\363\314\032\213\311\316\246/\330\302\014>\022\346\234\347\264\270\350""; nodeIDs: ""\000\000\000\000\000\000\000\000\000\000\000\000\000\000\000\000\000\000\000\000\000\000\000\000\000\000\000\000\000\000\000\000\000""; queryType: qtINDIRECT; queryDepth: 3; "
1750527533001,1750527533001,4000,1,2,3,TMGetLedger,"itype: liTS_CANDIDATE; ledgerHash: ""[\000\302\314\326\214\276@c\240\272\222{\363\314\032\213\311\316\246/\330\302\014>\022\346\234\347\264\270\350""; nodeIDs: ""\000\000\000\000\000\000\000\000\000\000\000\000\000\000\000\000\000\000\000\000\000\000\000\000\000\000\000\000\000\000\000\000\000""; queryType: qtINDIRECT; queryDepth: 3; ","itype: liTS_CANDIDATE; ledgerHash: ""[\000\302\314\326\214\276@c\240\272\222{\363\314\032\213\311\316\246/\330\302\014>\022\346\234\347\264\270\350""; nodeIDs: ""\000\000\000\000\000\000\000\000\000\000\000\000\000\000\000\000\000\000\000\000\000\000\000\000\000\000\000\000\000\000\000\000\000""; queryType: qtINDIRECT; queryDepth: 3; "
1750527533013,1750527533013,3378,1,4,0,TMLedgerData,"ledgerHash: ""[\000\302\314\326\214\276@c\240\272\222{\363\314\032\213\311\316\246/\330\302\014>\022\346\234\347\264\270\350""; ledgerSeq: 0; type: liTS_CANDIDATE; nodes {;   nodedata: ""\002i\361\030\371\256\265\036\320\273\013\357<\215/(\215[\231D\357Gd\372\270\316\261\301\342\327\225\241\000GZ\227\022t\201\240u\2324P\027\307M\337'Y\361[IAD\351\374!\232\005\337\376\252\251g\004\003"";   nodeid: ""\000\000\000\000\000\000\000\000\000\000\000\000\000\000\000\000\000\000\000\000\000\000\000\000\000\000\000\000\000\000\000\000\000""; }; ","ledgerHash: ""[\000\302\314\326\214\276@c\240\272\222{\363\314\032\213\311\316\246/\330\302\014>\022\346\234\347\264\270\350""; ledgerSeq: 0; type: liTS_CANDIDATE; nodes {;   nodedata: ""\002i\361\030\371\256\265\036\320\273\013\357<\215/(\215[\231D\357Gd\372\270\316\261\301\342\327\225\241\000GZ\227\022t\201\240u\2324P\027\307M\337'Y\361[IAD\351\374!\232\005\337\376\252\251g\004\003"";   nodeid: ""\000\000\000\000\000\000\000\000\000\000\000\000\000\000\000\000\000\000\000\000\000\000\000\000\000\000\000\000\000\000\000\000\000""; }; "
1750527533014,1750527533014,2920,1,1,0,TMGetLedger,"itype: liTS_CANDIDATE; ledgerHash: ""[\000\302\314\326\214\276@c\240\272\222{\363\314\032\213\311\316\246/\330\302\014>\022\346\234\347\264\270\350""; nodeIDs: ""\000\000\000\000\000\000\000\000\000\000\000\000\000\000\000\000\000\000\000\000\000\000\000\000\000\000\000\000\000\000\000\000\000""; queryType: qtINDIRECT; queryDepth: 3; ","itype: liTS_CANDIDATE; ledgerHash: ""[\000\302\314\326\214\276@c\240\272\222{\363\314\032\213\311\316\246/\330\302\014>\022\346\234\347\264\270\350""; nodeIDs: ""\000\000\000\000\000\000\000\000\000\000\000\000\000\000\000\000\000\000\000\000\000\000\000\000\000\000\000\000\000\000\000\000\000""; queryType: qtINDIRECT; queryDepth: 3; "
1750527533015,1750527533015,3810,1,1,4,TMGetLedger,"itype: liTS_CANDIDATE; ledgerHash: ""[\000\302\314\326\214\276@c\240\272\222{\363\314\032\213\311\316\246/\330\302\014>\022\346\234\347\264\270\350""; nodeIDs: ""\000\000\000\000\000\000\000\000\000\000\000\000\000\000\000\000\000\000\000\000\000\000\000\000\000\000\000\000\000\000\000\000\000""; queryType: qtINDIRECT; queryDepth: 3; ","itype: liTS_CANDIDATE; ledgerHash: ""[\000\302\314\326\214\276@c\240\272\222{\363\314\032\213\311\316\246/\330\302\014>\022\346\234\347\264\270\350""; nodeIDs: ""\000\000\000\000\000\000\000\000\000\000\000\000\000\000\000\000\000\000\000\000\000\000\000\000\000\000\000\000\000\000\000\000\000""; queryType: qtINDIRECT; queryDepth: 3; "
1750527533014,1750527533014,1495,1,1,2,TMGetLedger,"itype: liTS_CANDIDATE; ledgerHash: ""[\000\302\314\326\214\276@c\240\272\222{\363\314\032\213\311\316\246/\330\302\014>\022\346\234\347\264\270\350""; nodeIDs: ""\000\000\000\000\000\000\000\000\000\000\000\000\000\000\000\000\000\000\000\000\000\000\000\000\000\000\000\000\000\000\000\000\000""; queryType: qtINDIRECT; queryDepth: 3; ","itype: liTS_CANDIDATE; ledgerHash: ""[\000\302\314\326\214\276@c\240\272\222{\363\314\032\213\311\316\246/\330\302\014>\022\346\234\347\264\270\350""; nodeIDs: ""\000\000\000\000\000\000\000\000\000\000\000\000\000\000\000\000\000\000\000\000\000\000\000\000\000\000\000\000\000\000\000\000\000""; queryType: qtINDIRECT; queryDepth: 3; "
1750527533015,1750527533016,3769,1,1,3,TMGetLedger,"itype: liTS_CANDIDATE; ledgerHash: ""[\000\302\314\326\214\276@c\240\272\222{\363\314\032\213\311\316\246/\330\302\014>\022\346\234\347\264\270\350""; nodeIDs: ""\000\000\000\000\000\000\000\000\000\000\000\000\000\000\000\000\000\000\000\000\000\000\000\000\000\000\000\000\000\000\000\000\000""; queryType: qtINDIRECT; queryDepth: 3; ","itype: liTS_CANDIDATE; ledgerHash: ""[\000\302\314\326\214\276@c\240\272\222{\363\314\032\213\311\316\246/\330\302\014>\022\346\234\347\264\270\350""; nodeIDs: ""\000\000\000\000\000\000\000\000\000\000\000\000\000\000\000\000\000\000\000\000\000\000\000\000\000\000\000\000\000\000\000\000\000""; queryType: qtINDIRECT; queryDepth: 3; "
1750527533042,1750527533042,3719,1,2,4,TMGetLedger,"itype: liTS_CANDIDATE; ledgerHash: ""[\000\302\314\326\214\276@c\240\272\222{\363\314\032\213\311\316\246/\330\302\014>\022\346\234\347\264\270\350""; nodeIDs: ""\000\000\000\000\000\000\000\000\000\000\000\000\000\000\000\000\000\000\000\000\000\000\000\000\000\000\000\000\000\000\000\000\000""; requestCookie: 3; queryType: qtINDIRECT; queryDepth: 3; ","itype: liTS_CANDIDATE; ledgerHash: ""[\000\302\314\326\214\276@c\240\272\222{\363\314\032\213\311\316\246/\330\302\014>\022\346\234\347\264\270\350""; nodeIDs: ""\000\000\000\000\000\000\000\000\000\000\000\000\000\000\000\000\000\000\000\000\000\000\000\000\000\000\000\000\000\000\000\000\000""; requestCookie: 3; queryType: qtINDIRECT; queryDepth: 3; "
1750527533045,1750527533045,3810,1,1,4,TMGetLedger,"itype: liTS_CANDIDATE; ledgerHash: ""[\000\302\314\326\214\276@c\240\272\222{\363\314\032\213\311\316\246/\330\302\014>\022\346\234\347\264\270\350""; nodeIDs: ""\000\000\000\000\000\000\000\000\000\000\000\000\000\000\000\000\000\000\000\000\000\000\000\000\000\000\000\000\000\000\000\000\000""; requestCookie: 3; queryType: qtINDIRECT; queryDepth: 3; ","itype: liTS_CANDIDATE; ledgerHash: ""[\000\302\314\326\214\276@c\240\272\222{\363\314\032\213\311\316\246/\330\302\014>\022\346\234\347\264\270\350""; nodeIDs: ""\000\000\000\000\000\000\000\000\000\000\000\000\000\000\000\000\000\000\000\000\000\000\000\000\000\000\000\000\000\000\000\000\000""; requestCookie: 3; queryType: qtINDIRECT; queryDepth: 3; "
1750527533073,1750527533073,1144,1,4,1,TMLedgerData,"ledgerHash: ""[\000\302\314\326\214\276@c\240\272\222{\363\314\032\213\311\316\246/\330\302\014>\022\346\234\347\264\270\350""; ledgerSeq: 0; type: liTS_CANDIDATE; nodes {;   nodedata: ""\002i\361\030\371\256\265\036\320\273\013\357<\215/(\215[\231D\357Gd\372\270\316\261\301\342\327\225\241\000GZ\227\022t\201\240u\2324P\027\307M\337'Y\361[IAD\351\374!\232\005\337\376\252\251g\004\003"";   nodeid: ""\000\000\000\000\000\000\000\000\000\000\000\000\000\000\000\000\000\000\000\000\000\000\000\000\000\000\000\000\000\000\000\000\000""; }; ","ledgerHash: ""[\000\302\314\326\214\276@c\240\272\222{\363\314\032\213\311\316\246/\330\302\014>\022\346\234\347\264\270\350""; ledgerSeq: 0; type: liTS_CANDIDATE; nodes {;   nodedata: ""\002i\361\030\371\256\265\036\320\273\013\357<\215/(\215[\231D\357Gd\372\270\316\261\301\342\327\225\241\000GZ\227\022t\201\240u\2324P\027\307M\337'Y\361[IAD\351\374!\232\005\337\376\252\251g\004\003"";   nodeid: ""\000\000\000\000\000\000\000\000\000\000\000\000\000\000\000\000\000\000\000\000\000\000\000\000\000\000\000\000\000\000\000\000\000""; }; "
1750527533082,1750527533082,4000,1,2,3,TMGetLedger,"itype: liTS_CANDIDATE; ledgerHash: ""[\000\302\314\326\214\276@c\240\272\222{\363\314\032\213\311\316\246/\330\302\014>\022\346\234\347\264\270\350""; nodeIDs: ""\000\000\000\000\000\000\000\000\000\000\000\000\000\000\000\000\000\000\000\000\000\000\000\000\000\000\000\000\000\000\000\000\000""; requestCookie: 2; queryType: qtINDIRECT; queryDepth: 3; ","itype: liTS_CANDIDATE; ledgerHash: ""[\000\302\314\326\214\276@c\240\272\222{\363\314\032\213\311\316\246/\330\302\014>\022\346\234\347\264\270\350""; nodeIDs: ""\000\000\000\000\000\000\000\000\000\000\000\000\000\000\000\000\000\000\000\000\000\000\000\000\000\000\000\000\000\000\000\000\000""; requestCookie: 2; queryType: qtINDIRECT; queryDepth: 3; "
1750527533086,1750527533086,723,1,2,3,TMValidation,"validation: """"\200\000\000\001&\000\000\000\005)/\351\252\253:\355<\266\216~aC\027Q\331]\036\237\306o!\223\221\002\324\031\262\240R\177 ,\214\325\Q])\016\2067\277\t\354\010\000P\027'\274\220\233\332\373\335\027\332I\377y`\224\260\350-\215\335\267[\036\265\265\252`\026&\030{\362\363P\031\265\024\321\362\354\211\250.\234s\225amc\305\035\366\276\037nD\277`\210\223N\3535\033\261\304fs!\002\225aM\037\203M\271C\224]$\245\215\334\264;{{\365%Z\2443U\201\242\320iUc\207\367vG0E\002!\000\335[\002\341\343\177\342\rC\274\242\235zy\303#\334:\306\230\343+Wp\237\344\351|\377\376~#\002 \002\233\370\007M]\013f\034\356\214\352[w>\362\355\305\267f\257ds\227\324\216\033;2\300\346\304""; ","validation: """"\200\000\000\001&\000\000\000\005)/\351\252\253:\355<\266\216~aC\027Q\331]\036\237\306o!\223\221\002\324\031\262\240R\177 ,\214\325\Q])\016\2067\277\t\354\010\000P\027'\274\220\233\332\373\335\027\332I\377y`\224\260\350-\215\335\267[\036\265\265\252`\026&\030{\362\363P\031\265\024\321\362\354\211\250.\234s\225amc\305\035\366\276\037nD\277`\210\223N\3535\033\261\304fs!\002\225aM\037\203M\271C\224]$\245\215\334\264;{{\365%Z\2443U\201\242\320iUc\207\367vG0E\002!\000\335[\002\341\343\177\342\rC\274\242\235zy\303#\334:\306\230\343+Wp\237\344\351|\377\376~#\002 \002\233\370\007M]\013f\034\356\214\352[w>\362\355\305\267f\257ds\227\324\216\033;2\300\346\304""; "
1750527533086,1750527533086,446,1,2,0,TMValidation,"validation: """"\200\000\000\001&\000\000\000\005)/\351\252\253:\355<\266\216~aC\027Q\331]\036\237\306o!\223\221\002\324\031\262\240R\177 ,\214\325\Q])\016\2067\277\t\354\010\000P\027'\274\220\233\332\373\335\027\332I\377y`\224\260\350-\215\335\267[\036\265\265\252`\026&\030{\362\363P\031\265\024\321\362\354\211\250.\234s\225amc\305\035\366\276\037nD\277`\210\223N\3535\033\261\304fs!\002\225aM\037\203M\271C\224]$\245\215\334\264;{{\365%Z\2443U\201\242\320iUc\207\367vG0E\002!\000\335[\002\341\343\177\342\rC\274\242\235zy\303#\334:\306\230\343+Wp\237\344\351|\377\376~#\002 \002\233\370\007M]\013f\034\356\214\352[w>\362\355\305\267f\257ds\227\324\216\033;2\300\346\304""; ","validation: """"\200\000\000\001&\000\000\000\005)/\351\252\253:\355<\266\216~aC\027Q\331]\036\237\306o!\223\221\002\324\031\262\240R\177 ,\214\325\Q])\016\2067\277\t\354\010\000P\027'\274\220\233\332\373\335\027\332I\377y`\224\260\350-\215\335\267[\036\265\265\252`\026&\030{\362\363P\031\265\024\321\362\354\211\250.\234s\225amc\305\035\366\276\037nD\277`\210\223N\3535\033\261\304fs!\002\225aM\037\203M\271C\224]$\245\215\334\264;{{\365%Z\2443U\201\242\320iUc\207\367vG0E\002!\000\335[\002\341\343\177\342\rC\274\242\235zy\303#\334:\306\230\343+Wp\237\344\351|\377\376~#\002 \002\233\370\007M]\013f\034\356\214\352[w>\362\355\305\267f\257ds\227\324\216\033;2\300\346\304""; "
1750527533087,1750527533087,340,1,2,1,TMValidation,"validation: """"\200\000\000\001&\000\000\000\005)/\351\252\253:\355<\266\216~aC\027Q\331]\036\237\306o!\223\221\002\324\031\262\240R\177 ,\214\325\Q])\016\2067\277\t\354\010\000P\027'\274\220\233\332\373\335\027\332I\377y`\224\260\350-\215\335\267[\036\265\265\252`\026&\030{\362\363P\031\265\024\321\362\354\211\250.\234s\225amc\305\035\366\276\037nD\277`\210\223N\3535\033\261\304fs!\002\225aM\037\203M\271C\224]$\245\215\334\264;{{\365%Z\2443U\201\242\320iUc\207\367vG0E\002!\000\335[\002\341\343\177\342\rC\274\242\235zy\303#\334:\306\230\343+Wp\237\344\351|\377\376~#\002 \002\233\370\007M]\013f\034\356\214\352[w>\362\355\305\267f\257ds\227\324\216\033;2\300\346\304""; ","validation: """"\200\000\000\001&\000\000\000\005)/\351\252\253:\355<\266\216~aC\027Q\331]\036\237\306o!\223\221\002\324\031\262\240R\177 ,\214\325\Q])\016\2067\277\t\354\010\000P\027'\274\220\233\332\373\335\027\332I\377y`\224\260\350-\215\335\267[\036\265\265\252`\026&\030{\362\363P\031\265\024\321\362\354\211\250.\234s\225amc\305\035\366\276\037nD\277`\210\223N\3535\033\261\304fs!\002\225aM\037\203M\271C\224]$\245\215\334\264;{{\365%Z\2443U\201\242\320iUc\207\367vG0E\002!\000\335[\002\341\343\177\342\rC\274\242\235zy\303#\334:\306\230\343+Wp\237\344\351|\377\376~#\002 \002\233\370\007M]\013f\034\356\214\352[w>\362\355\305\267f\257ds\227\324\216\033;2\300\346\304""; "
1750527533089,1750527533089,2764,1,4,3,TMLedgerData,"ledgerHash: ""\310\200l\322\255\214\342'\243\202\375k%_\335\032N\021G\005\230\271\366~%e\366\202l^\rR""; ledgerSeq: 0; type: liTS_CANDIDATE; nodes {;   nodedata: ""GZ\227\022t\201\240u\2324P\027\307M\337'Y\361[IAD\351\374!\232\005\337\376\252\251g\004\003"";   nodeid: ""\000\000\000\000\000\000\000\000\000\000\000\000\000\000\000\000\000\000\000\000\000\000\000\000\000\000\000\000\000\000\000\000\000""; }; ","ledgerHash: ""\310\200l\322\255\214\342'\243\202\375k%_\335\032N\021G\005\230\271\366~%e\366\202l^\rR""; ledgerSeq: 0; type: liTS_CANDIDATE; nodes {;   nodedata: ""GZ\227\022t\201\240u\2324P\027\307M\337'Y\361[IAD\351\374!\232\005\337\376\252\251g\004\003"";   nodeid: ""\000\000\000\000\000\000\000\000\000\000\000\000\000\000\000\000\000\000\000\000\000\000\000\000\000\000\000\000\000\000\000\000\000""; }; "
1750527533090,1750527533090,3818,1,0,2,TMLedgerData,"ledgerHash: ""[\000\302\314\326\214\276@c\240\272\222{\363\314\032\213\311\316\246/\330\302\014>\022\346\234\347\264\270\350""; ledgerSeq: 0; type: liTS_CANDIDATE; nodes {;   nodedata: ""\002i\361\030\371\256\265\036\320\273\013\357<\215/(\215[\231D\357Gd\372\270\316\261\301\342\327\225\241\000GZ\227\022t\201\240u\2324P\027\307M\337'Y\361[IAD\351\374!\232\005\337\376\252\251g\004\003"";   nodeid: ""\000\000\000\000\000\000\000\000\000\000\000\000\000\000\000\000\000\000\000\000\000\000\000\000\000\000\000\000\000\000\000\000\000""; }; ","ledgerHash: ""[\000\302\314\326\214\276@c\240\272\222{\363\314\032\213\311\316\246/\330\302\014>\022\346\234\347\264\270\350""; ledgerSeq: 0; type: liTS_CANDIDATE; nodes {;   nodedata: ""\002i\361\030\371\256\265\036\320\273\013\357<\215/(\215[\231D\357Gd\372\270\316\261\301\342\327\225\241\000GZ\227\022t\201\240u\2324P\027\307M\337'Y\361[IAD\351\374!\232\005\337\376\252\251g\004\003"";   nodeid: ""\000\000\000\000\000\000\000\000\000\000\000\000\000\000\000\000\000\000\000\000\000\000\000\000\000\000\000\000\000\000\000\000\000""; }; "
1750527533138,1750527533138,3085,1,3,0,TMLedgerData,"ledgerHash: ""\331]\036\237\306o!\223\221\002\324\031\262\240R\177 ,\214\325\Q])\016\2067\277\t\354\010\000""; ledgerSeq: 5; type: liBASE; nodes {;   nodedata: ""\000\000\000\005\001cEx]\211\377\342\265\024\321\362\354\211\250.\234s\225amc\305\035\366\276\037nD\277`\210\223N\3535\033\261\304fh\257\243\333\365p\373t\344A\230\350\010.\336\000\005\246\303M\315\345\354\264p\204q\004g\016\305\223\354\000;j\257n\251\021+\037/9\302\270\257\205\347\r\013o!w\014\007\375\353e\n\355\235`\216/\351\252\241/\351\252\252\n\000""; }; nodes {;   nodedata: ""\341\035\262xv\226\317f5\366\365\252a\177\355\302\326\t\222~j\320f\374/ \363\256\257\361 \303\001\301\025%1L\307\t\261\262z\374\222T\301\274V\236\223\262\270Ct\362\337b\356\024*\324\320\351\317\002k\336\234\027v\351\217\260\303\360\233ZPZWr\246$w\313\313\r\243r\232\2234\373\3539:N\004;tP\302\307\005x\n\302lQ\275\237<g\321\233$\274p\355\310J\230\370\306\264\314\367C\275\272\006E\344\037@\210\363\010\336T\226\247'\204_{\261\370""1\235\2445\343\033Y!\212\201\341\272\225'\007b\010\217Q\330\226\225+\355\377\350\246\201\221N""^:\025H\006^\027\n\0169\014\340\275\277\264-\013\003""; }; nodes {;   nodedata: ""\263O\327&O\344\301\265\311_""j\216\325\325\t1\303a\007\256\336!\306\235\247\276\266\267b\341\204\0003(\332\236\377bF\234\321\247\022=w\310Wh\2632\2767H*\314\324\275V\272\370([\370\247\004\336\3345\\342]s\221\233\2662\224\020\253dw\035\210\370\313\367\255'>c\202\024\264-\032\257\375\n\003""; }; ","ledgerHash: ""\331]\036\237\306o!\223\221\002\324\031\262\240R\177 ,\214\325\Q])\016\2067\277\t\354\010\000""; ledgerSeq: 5; type: liBASE; nodes {;   nodedata: ""\000\000\000\005\001cEx]\211\377\342\265\024\321\362\354\211\250.\234s\225amc\305\035\366\276\037nD\277`\210\223N\3535\033\261\304fh\257\243\333\365p\373t\344A\230\350\010.\336\000\005\246\303M\315\345\354\264p\204q\004g\016\305\223\354\000;j\257n\251\021+\037/9\302\270\257\205\347\r\013o!w\014\007\375\353e\n\355\235`\216/\351\252\241/\351\252\252\n\000""; }; nodes {;   nodedata: ""\341\035\262xv\226\317f5\366\365\252a\177\355\302\326\t\222~j\320f\374/ \363\256\257\361 \303\001\301\025%1L\307\t\261\262z\374\222T\301\274V\236\223\262\270Ct\362\337b\356\024*\324\320\351\317\002k\336\234\027v\351\217\260\303\360\233ZPZWr\246$w\313\313\r\243r\232\2234\373\3539:N\004;tP\302\307\005x\n\302lQ\275\237<g\321\233$\274p\355\310J\230\370\306\264\314\367C\275\272\006E\344\037@\210\363\010\336T\226\247'\204_{\261\370""1\235\2445\343\033Y!\212\201\341\272\225'\007b\010\217Q\330\226\225+\355\377\350\246\201\221N""^:\025H\006^\027\n\0169\014\340\275\277\264-\013\003""; }; nodes {;   nodedata: ""\263O\327&O\344\301\265\311_""j\216\325\325\t1\303a\007\256\336!\306\235\247\276\266\267b\341\204\0003(\332\236\377bF\234\321\247\022=w\310Wh\2632\2767H*\314\324\275V\272\370([\370\247\004\336\3345\\342]s\221\233\2662\224\020\253dw\035\210\370\313\367\255'>c\202\024\264-\032\257\375\n\003""; }; "
1750527533138,1750527533138,3085,1,3,0,TMLedgerData,"ledgerHash: ""\331]\036\237\306o!\223\221\002\324\031\262\240R\177 ,\214\325\Q])\016\2067\277\t\354\010\000""; ledgerSeq: 5; type: liBASE; nodes {;   nodedata: ""\000\000\000\005\001cEx]\211\377\342\265\024\321\362\354\211\250.\234s\225amc\305\035\366\276\037nD\277`\210\223N\3535\033\261\304fh\257\243\333\365p\373t\344A\230\350\010.\336\000\005\246\303M\315\345\354\264p\204q\004g\016\305\223\354\000;j\257n\251\021+\037/9\302\270\257\205\347\r\013o!w\014\007\375\353e\n\355\235`\216/\351\252\241/\351\252\252\n\000""; }; nodes {;   nodedata: ""\341\035\262xv\226\317f5\366\365\252a\177\355\302\326\t\222~j\320f\374/ \363\256\257\361 \303\001\301\025%1L\307\t\261\262z\374\222T\301\274V\236\223\262\270Ct\362\337b\356\024*\324\320\351\317\002k\336\234\027v\351\217\260\303\360\233ZPZWr\246$w\313\313\r\243r\232\2234\373\3539:N\004;tP\302\307\005x\n\302lQ\275\237<g\321\233$\274p\355\310J\230\370\306\264\314\367C\275\272\006E\344\037@\210\363\010\336T\226\247'\204_{\261\370""1\235\2445\343\033Y!\212\201\341\272\225'\007b\010\217Q\330\226\225+\355\377\350\246\201\221N""^:\025H\006^\027\n\0169\014\340\275\277\264-\013\003""; }; nodes {;   nodedata: ""\263O\327&O\344\301\265\311_""j\216\325\325\t1\303a\007\256\336!\306\235\247\276\266\267b\341\204\0003(\332\236\377bF\234\321\247\022=w\310Wh\2632\2767H*\314\324\275V\272\370([\370\247\004\336\3345\\342]s\221\233\2662\224\020\253dw\035\210\370\313\367\255'>c\202\024\264-\032\257\375\n\003""; }; ","ledgerHash: ""\331]\036\237\306o!\223\221\002\324\031\262\240R\177 ,\214\325\Q])\016\2067\277\t\354\010\000""; ledgerSeq: 5; type: liBASE; nodes {;   nodedata: ""\000\000\000\005\001cEx]\211\377\342\265\024\321\362\354\211\250.\234s\225amc\305\035\366\276\037nD\277`\210\223N\3535\033\261\304fh\257\243\333\365p\373t\344A\230\350\010.\336\000\005\246\303M\315\345\354\264p\204q\004g\016\305\223\354\000;j\257n\251\021+\037/9\302\270\257\205\347\r\013o!w\014\007\375\353e\n\355\235`\216/\351\252\241/\351\252\252\n\000""; }; nodes {;   nodedata: ""\341\035\262xv\226\317f5\366\365\252a\177\355\302\326\t\222~j\320f\374/ \363\256\257\361 \303\001\301\025%1L\307\t\261\262z\374\222T\301\274V\236\223\262\270Ct\362\337b\356\024*\324\320\351\317\002k\336\234\027v\351\217\260\303\360\233ZPZWr\246$w\313\313\r\243r\232\2234\373\3539:N\004;tP\302\307\005x\n\302lQ\275\237<g\321\233$\274p\355\310J\230\370\306\264\314\367C\275\272\006E\344\037@\210\363\010\336T\226\247'\204_{\261\370""1\235\2445\343\033Y!\212\201\341\272\225'\007b\010\217Q\330\226\225+\355\377\350\246\201\221N""^:\025H\006^\027\n\0169\014\340\275\277\264-\013\003""; }; nodes {;   nodedata: ""\263O\327&O\344\301\265\311_""j\216\325\325\t1\303a\007\256\336!\306\235\247\276\266\267b\341\204\0003(\332\236\377bF\234\321\247\022=w\310Wh\2632\2767H*\314\324\275V\272\370([\370\247\004\336\3345\\342]s\221\233\2662\224\020\253dw\035\210\370\313\367\255'>c\202\024\264-\032\257\375\n\003""; }; "
1750527533139,1750527533139,1434,1,0,1,TMLedgerData,"ledgerHash: ""\310\200l\322\255\214\342'\243\202\375k%_\335\032N\021G\005\230\271\366~%e\366\202l^\rR""; ledgerSeq: 0; type: liTS_CANDIDATE; nodes {;   nodedata: ""GZ\227\022t\201\240u\2324P\027\307M\337'Y\361[IAD\351\374!\232\005\337\376\252\251g\004\003"";   nodeid: ""\000\000\000\000\000\000\000\000\000\000\000\000\000\000\000\000\000\000\000\000\000\000\000\000\000\000\000\000\000\000\000\000\000""; }; requestCookie: 4; ","ledgerHash: ""\310\200l\322\255\214\342'\243\202\375k%_\335\032N\021G\005\230\271\366~%e\366\202l^\rR""; ledgerSeq: 0; type: liTS_CANDIDATE; nodes {;   nodedata: ""GZ\227\022t\201\240u\2324P\027\307M\337'Y\361[IAD\351\374!\232\005\337\376\252\251g\004\003"";   nodeid: ""\000\000\000\000\000\000\000\000\000\000\000\000\000\000\000\000\000\000\000\000\000\000\000\000\000\000\000\000\000\000\000\000\000""; }; requestCookie: 4; "
1750527533183,1750527533183,1434,1,0,1,TMLedgerData,"ledgerHash: ""[\000\302\314\326\214\276@c\240\272\222{\363\314\032\213\311\316\246/\330\302\014>\022\346\234\347\264\270\350""; ledgerSeq: 0; type: liTS_CANDIDATE; nodes {;   nodedata: ""\002i\361\030\371\256\265\036\320\273\013\357<\215/(\215[\231D\357Gd\372\270\316\261\301\342\327\225\241\000GZ\227\022t\201\240u\2324P\027\307M\337'Y\361[IAD\351\374!\232\005\337\376\252\251g\004\003"";   nodeid: ""\000\000\000\000\000\000\000\000\000\000\000\000\000\000\000\000\000\000\000\000\000\000\000\000\000\000\000\000\000\000\000\000\000""; }; ","ledgerHash: ""[\000\302\314\326\214\276@c\240\272\222{\363\314\032\213\311\316\246/\330\302\014>\022\346\234\347\264\270\350""; ledgerSeq: 0; type: liTS_CANDIDATE; nodes {;   nodedata: ""\002i\361\030\371\256\265\036\320\273\013\357<\215/(\215[\231D\357Gd\372\270\316\261\301\342\327\225\241\000GZ\227\022t\201\240u\2324P\027\307M\337'Y\361[IAD\351\374!\232\005\337\376\252\251g\004\003"";   nodeid: ""\000\000\000\000\000\000\000\000\000\000\000\000\000\000\000\000\000\000\000\000\000\000\000\000\000\000\000\000\000\000\000\000\000""; }; "
1750527533218,1750527533219,1539,1,4,2,TMLedgerData,"ledgerHash: ""[\000\302\314\326\214\276@c\240\272\222{\363\314\032\213\311\316\246/\330\302\014>\022\346\234\347\264\270\350""; ledgerSeq: 0; type: liTS_CANDIDATE; nodes {;   nodedata: ""\002i\361\030\371\256\265\036\320\273\013\357<\215/(\215[\231D\357Gd\372\270\316\261\301\342\327\225\241\000GZ\227\022t\201\240u\2324P\027\307M\337'Y\361[IAD\351\374!\232\005\337\376\252\251g\004\003"";   nodeid: ""\000\000\000\000\000\000\000\000\000\000\000\000\000\000\000\000\000\000\000\000\000\000\000\000\000\000\000\000\000\000\000\000\000""; }; ","ledgerHash: ""[\000\302\314\326\214\276@c\240\272\222{\363\314\032\213\311\316\246/\330\302\014>\022\346\234\347\264\270\350""; ledgerSeq: 0; type: liTS_CANDIDATE; nodes {;   nodedata: ""\002i\361\030\371\256\265\036\320\273\013\357<\215/(\215[\231D\357Gd\372\270\316\261\301\342\327\225\241\000GZ\227\022t\201\240u\2324P\027\307M\337'Y\361[IAD\351\374!\232\005\337\376\252\251g\004\003"";   nodeid: ""\000\000\000\000\000\000\000\000\000\000\000\000\000\000\000\000\000\000\000\000\000\000\000\000\000\000\000\000\000\000\000\000\000""; }; "
1750527533222,1750527533222,3378,1,4,0,TMLedgerData,"ledgerHash: ""[\000\302\314\326\214\276@c\240\272\222{\363\314\032\213\311\316\246/\330\302\014>\022\346\234\347\264\270\350""; ledgerSeq: 0; type: liTS_CANDIDATE; nodes {;   nodedata: ""\002i\361\030\371\256\265\036\320\273\013\357<\215/(\215[\231D\357Gd\372\270\316\261\301\342\327\225\241\000GZ\227\022t\201\240u\2324P\027\307M\337'Y\361[IAD\351\374!\232\005\337\376\252\251g\004\003"";   nodeid: ""\000\000\000\000\000\000\000\000\000\000\000\000\000\000\000\000\000\000\000\000\000\000\000\000\000\000\000\000\000\000\000\000\000""; }; requestCookie: 3; ","ledgerHash: ""[\000\302\314\326\214\276@c\240\272\222{\363\314\032\213\311\316\246/\330\302\014>\022\346\234\347\264\270\350""; ledgerSeq: 0; type: liTS_CANDIDATE; nodes {;   nodedata: ""\002i\361\030\371\256\265\036\320\273\013\357<\215/(\215[\231D\357Gd\372\270\316\261\301\342\327\225\241\000GZ\227\022t\201\240u\2324P\027\307M\337'Y\361[IAD\351\374!\232\005\337\376\252\251g\004\003"";   nodeid: ""\000\000\000\000\000\000\000\000\000\000\000\000\000\000\000\000\000\000\000\000\000\000\000\000\000\000\000\000\000\000\000\000\000""; }; requestCookie: 3; "
1750527533225,1750527533225,3085,1,3,0,TMLedgerData,"ledgerHash: ""[\000\302\314\326\214\276@c\240\272\222{\363\314\032\213\311\316\246/\330\302\014>\022\346\234\347\264\270\350""; ledgerSeq: 0; type: liTS_CANDIDATE; nodes {;   nodedata: ""\002i\361\030\371\256\265\036\320\273\013\357<\215/(\215[\231D\357Gd\372\270\316\261\301\342\327\225\241\000GZ\227\022t\201\240u\2324P\027\307M\337'Y\361[IAD\351\374!\232\005\337\376\252\251g\004\003"";   nodeid: ""\000\000\000\000\000\000\000\000\000\000\000\000\000\000\000\000\000\000\000\000\000\000\000\000\000\000\000\000\000\000\000\000\000""; }; ","ledgerHash: ""[\000\302\314\326\214\276@c\240\272\222{\363\314\032\213\311\316\246/\330\302\014>\022\346\234\347\264\270\350""; ledgerSeq: 0; type: liTS_CANDIDATE; nodes {;   nodedata: ""\002i\361\030\371\256\265\036\320\273\013\357<\215/(\215[\231D\357Gd\372\270\316\261\301\342\327\225\241\000GZ\227\022t\201\240u\2324P\027\307M\337'Y\361[IAD\351\374!\232\005\337\376\252\251g\004\003"";   nodeid: ""\000\000\000\000\000\000\000\000\000\000\000\000\000\000\000\000\000\000\000\000\000\000\000\000\000\000\000\000\000\000\000\000\000""; }; "
1750527533225,1750527533226,3719,1,2,4,TMGetLedger,"itype: liTS_CANDIDATE; ledgerHash: ""[\000\302\314\326\214\276@c\240\272\222{\363\314\032\213\311\316\246/\330\302\014>\022\346\234\347\264\270\350""; nodeIDs: ""\000\000\000\000\000\000\000\000\000\000\000\000\000\000\000\000\000\000\000\000\000\000\000\000\000\000\000\000\000\000\000\000\000""; requestCookie: 4; queryType: qtINDIRECT; queryDepth: 3; ","itype: liTS_CANDIDATE; ledgerHash: ""[\000\302\314\326\214\276@c\240\272\222{\363\314\032\213\311\316\246/\330\302\014>\022\346\234\347\264\270\350""; nodeIDs: ""\000\000\000\000\000\000\000\000\000\000\000\000\000\000\000\000\000\000\000\000\000\000\000\000\000\000\000\000\000\000\000\000\000""; requestCookie: 4; queryType: qtINDIRECT; queryDepth: 3; "
1750527533237,1750527533237,142,1,0,3,TMProposeSet,"proposeSeq: 0; currentTxHash: ""\000\000\000\000\000\000\000\000\000\000\000\000\000\000\000\000\000\000\000\000\000\000\000\000\000\000\000\000\000\000\000\000""; nodePubKey: ""\003\255\225A\213\332\224ehh\024BDq\224\250\335`\355\353{\357\266\335<\021\032\265\177\206\356&\215""; closeTime: 803842731; signature: ""0D\002 ^,\022c7\256y\375\351\r\201\005z\276\313\200\304\374K\201|M9\245\3556/\024\035\024\375\322\002 y#\310""\001\177\223#\001\362\315U\351\307\356\313\200\310A\245Y\007\273\351d\216$9\010)\371\264""; previousledger: ""\331]\036\237\306o!\223\221\002\324\031\262\240R\177 ,\214\325\Q])\016\2067\277\t\354\010\000""; ","proposeSeq: 0; currentTxHash: ""\000\000\000\000\000\000\000\000\000\000\000\000\000\000\000\000\000\000\000\000\000\000\000\000\000\000\000\000\000\000\000\000""; nodePubKey: ""\003\255\225A\213\332\224ehh\024BDq\224\250\335`\355\353{\357\266\335<\021\032\265\177\206\356&\215""; closeTime: 803842731; signature: ""0D\002 ^,\022c7\256y\375\351\r\201\005z\276\313\200\304\374K\201|M9\245\3556/\024\035\024\375\322\002 y#\310""\001\177\223#\001\362\315U\351\307\356\313\200\310A\245Y\007\273\351d\216$9\010)\371\264""; previousledger: ""\331]\036\237\306o!\223\221\002\324\031\262\240R\177 ,\214\325\Q])\016\2067\277\t\354\010\000""; "
1750527533237,1750527533237,3504,1,0,4,TMProposeSet,"proposeSeq: 0; currentTxHash: ""\000\000\000\000\000\000\000\000\000\000\000\000\000\000\000\000\000\000\000\000\000\000\000\000\000\000\000\000\000\000\000\000""; nodePubKey: ""\003\255\225A\213\332\224ehh\024BDq\224\250\335`\355\353{\357\266\335<\021\032\265\177\206\356&\215""; closeTime: 803842731; signature: ""0D\002 ^,\022c7\256y\375\351\r\201\005z\276\313\200\304\374K\201|M9\245\3556/\024\035\024\375\322\002 y#\310""\001\177\223#\001\362\315U\351\307\356\313\200\310A\245Y\007\273\351d\216$9\010)\371\264""; previousledger: ""\331]\036\237\306o!\223\221\002\324\031\262\240R\177 ,\214\325\Q])\016\2067\277\t\354\010\000""; ","proposeSeq: 0; currentTxHash: ""\000\000\000\000\000\000\000\000\000\000\000\000\000\000\000\000\000\000\000\000\000\000\000\000\000\000\000\000\000\000\000\000""; nodePubKey: ""\003\255\225A\213\332\224ehh\024BDq\224\250\335`\355\353{\357\266\335<\021\032\265\177\206\356&\215""; closeTime: 803842731; signature: ""0D\002 ^,\022c7\256y\375\351\r\201\005z\276\313\200\304\374K\201|M9\245\3556/\024\035\024\375\322\002 y#\310""\001\177\223#\001\362\315U\351\307\356\313\200\310A\245Y\007\273\351d\216$9\010)\371\264""; previousledger: ""\331]\036\237\306o!\223\221\002\324\031\262\240R\177 ,\214\325\Q])\016\2067\277\t\354\010\000""; "
1750527533237,1750527533237,3849,1,0,1,TMProposeSet,"proposeSeq: 0; currentTxHash: ""\000\000\000\000\000\000\000\000\000\000\000\000\000\000\000\000\000\000\000\000\000\000\000\000\000\000\000\000\000\000\000\000""; nodePubKey: ""\003\255\225A\213\332\224ehh\024BDq\224\250\335`\355\353{\357\266\335<\021\032\265\177\206\356&\215""; closeTime: 803842731; signature: ""0D\002 ^,\022c7\256y\375\351\r\201\005z\276\313\200\304\374K\201|M9\245\3556/\024\035\024\375\322\002 y#\310""\001\177\223#\001\362\315U\351\307\356\313\200\310A\245Y\007\273\351d\216$9\010)\371\264""; previousledger: ""\331]\036\237\306o!\223\221\002\324\031\262\240R\177 ,\214\325\Q])\016\2067\277\t\354\010\000""; ","proposeSeq: 0; currentTxHash: ""\000\000\000\000\000\000\000\000\000\000\000\000\000\000\000\000\000\000\000\000\000\000\000\000\000\000\000\000\000\000\000\000""; nodePubKey: ""\003\255\225A\213\332\224ehh\024BDq\224\250\335`\355\353{\357\266\335<\021\032\265\177\206\356&\215""; closeTime: 803842731; signature: ""0D\002 ^,\022c7\256y\375\351\r\201\005z\276\313\200\304\374K\201|M9\245\3556/\024\035\024\375\322\002 y#\310""\001\177\223#\001\362\315U\351\307\356\313\200\310A\245Y\007\273\351d\216$9\010)\371\264""; previousledger: ""\331]\036\237\306o!\223\221\002\324\031\262\240R\177 ,\214\325\Q])\016\2067\277\t\354\010\000""; "
1750527533249,1750527533249,2523,1,3,2,TMLedgerData,"ledgerHash: ""[\000\302\314\326\214\276@c\240\272\222{\363\314\032\213\311\316\246/\330\302\014>\022\346\234\347\264\270\350""; ledgerSeq: 0; type: liTS_CANDIDATE; nodes {;   nodedata: ""\002i\361\030\371\256\265\036\320\273\013\357<\215/(\215[\231D\357Gd\372\270\316\261\301\342\327\225\241\000GZ\227\022t\201\240u\2324P\027\307M\337'Y\361[IAD\351\374!\232\005\337\376\252\251g\004\003"";   nodeid: ""\000\000\000\000\000\000\000\000\000\000\000\000\000\000\000\000\000\000\000\000\000\000\000\000\000\000\000\000\000\000\000\000\000""; }; ","ledgerHash: ""[\000\302\314\326\214\276@c\240\272\222{\363\314\032\213\311\316\246/\330\302\014>\022\346\234\347\264\270\350""; ledgerSeq: 0; type: liTS_CANDIDATE; nodes {;   nodedata: ""\002i\361\030\371\256\265\036\320\273\013\357<\215/(\215[\231D\357Gd\372\270\316\261\301\342\327\225\241\000GZ\227\022t\201\240u\2324P\027\307M\337'Y\361[IAD\351\374!\232\005\337\376\252\251g\004\003"";   nodeid: ""\000\000\000\000\000\000\000\000\000\000\000\000\000\000\000\000\000\000\000\000\000\000\000\000\000\000\000\000\000\000\000\000\000""; }; "
1750527533250,1750527533250,589,1,2,0,TMGetLedger,"itype: liTS_CANDIDATE; ledgerHash: ""[\000\302\314\326\214\276@c\240\272\222{\363\314\032\213\311\316\246/\330\302\014>\022\346\234\347\264\270\350""; nodeIDs: ""\000\000\000\000\000\000\000\000\000\000\000\000\000\000\000\000\000\000\000\000\000\000\000\000\000\000\000\000\000\000\000\000\000""; queryType: qtINDIRECT; queryDepth: 3; ","itype: liTS_CANDIDATE; ledgerHash: ""[\000\302\314\326\214\276@c\240\272\222{\363\314\032\213\311\316\246/\330\302\014>\022\346\234\347\264\270\350""; nodeIDs: ""\000\000\000\000\000\000\000\000\000\000\000\000\000\000\000\000\000\000\000\000\000\000\000\000\000\000\000\000\000\000\000\000\000""; queryType: qtINDIRECT; queryDepth: 3; "
1750527533251,1750527533251,4000,1,2,3,TMGetLedger,"itype: liTS_CANDIDATE; ledgerHash: ""[\000\302\314\326\214\276@c\240\272\222{\363\314\032\213\311\316\246/\330\302\014>\022\346\234\347\264\270\350""; nodeIDs: ""\000\000\000\000\000\000\000\000\000\000\000\000\000\000\000\000\000\000\000\000\000\000\000\000\000\000\000\000\000\000\000\000\000""; queryType: qtINDIRECT; queryDepth: 3; ","itype: liTS_CANDIDATE; ledgerHash: ""[\000\302\314\326\214\276@c\240\272\222{\363\314\032\213\311\316\246/\330\302\014>\022\346\234\347\264\270\350""; nodeIDs: ""\000\000\000\000\000\000\000\000\000\000\000\000\000\000\000\000\000\000\000\000\000\000\000\000\000\000\000\000\000\000\000\000\000""; queryType: qtINDIRECT; queryDepth: 3; "
1750527533251,1750527533251,1544,1,2,1,TMGetLedger,"itype: liTS_CANDIDATE; ledgerHash: ""[\000\302\314\326\214\276@c\240\272\222{\363\314\032\213\311\316\246/\330\302\014>\022\346\234\347\264\270\350""; nodeIDs: ""\000\000\000\000\000\000\000\000\000\000\000\000\000\000\000\000\000\000\000\000\000\000\000\000\000\000\000\000\000\000\000\000\000""; queryType: qtINDIRECT; queryDepth: 3; ","itype: liTS_CANDIDATE; ledgerHash: ""[\000\302\314\326\214\276@c\240\272\222{\363\314\032\213\311\316\246/\330\302\014>\022\346\234\347\264\270\350""; nodeIDs: ""\000\000\000\000\000\000\000\000\000\000\000\000\000\000\000\000\000\000\000\000\000\000\000\000\000\000\000\000\000\000\000\000\000""; queryType: qtINDIRECT; queryDepth: 3; "
1750527533251,1750527533251,3719,1,2,4,TMGetLedger,"itype: liTS_CANDIDATE; ledgerHash: ""[\000\302\314\326\214\276@c\240\272\222{\363\314\032\213\311\316\246/\330\302\014>\022\346\234\347\264\270\350""; nodeIDs: ""\000\000\000\000\000\000\000\000\000\000\000\000\000\000\000\000\000\000\000\000\000\000\000\000\000\000\000\000\000\000\000\000\000""; queryType: qtINDIRECT; queryDepth: 3; ","itype: liTS_CANDIDATE; ledgerHash: ""[\000\302\314\326\214\276@c\240\272\222{\363\314\032\213\311\316\246/\330\302\014>\022\346\234\347\264\270\350""; nodeIDs: ""\000\000\000\000\000\000\000\000\000\000\000\000\000\000\000\000\000\000\000\000\000\000\000\000\000\000\000\000\000\000\000\000\000""; queryType: qtINDIRECT; queryDepth: 3; "
1750527533260,1750527533260,3719,1,2,4,TMGetLedger,"itype: liTS_CANDIDATE; ledgerHash: ""[\000\302\314\326\214\276@c\240\272\222{\363\314\032\213\311\316\246/\330\302\014>\022\346\234\347\264\270\350""; nodeIDs: ""\000\000\000\000\000\000\000\000\000\000\000\000\000\000\000\000\000\000\000\000\000\000\000\000\000\000\000\000\000\000\000\000\000""; requestCookie: 3; queryType: qtINDIRECT; queryDepth: 3; ","itype: liTS_CANDIDATE; ledgerHash: ""[\000\302\314\326\214\276@c\240\272\222{\363\314\032\213\311\316\246/\330\302\014>\022\346\234\347\264\270\350""; nodeIDs: ""\000\000\000\000\000\000\000\000\000\000\000\000\000\000\000\000\000\000\000\000\000\000\000\000\000\000\000\000\000\000\000\000\000""; requestCookie: 3; queryType: qtINDIRECT; queryDepth: 3; "
1750527533263,1750527533263,3378,1,4,0,TMLedgerData,"ledgerHash: ""[\000\302\314\326\214\276@c\240\272\222{\363\314\032\213\311\316\246/\330\302\014>\022\346\234\347\264\270\350""; ledgerSeq: 0; type: liTS_CANDIDATE; nodes {;   nodedata: ""\002i\361\030\371\256\265\036\320\273\013\357<\215/(\215[\231D\357Gd\372\270\316\261\301\342\327\225\241\000GZ\227\022t\201\240u\2324P\027\307M\337'Y\361[IAD\351\374!\232\005\337\376\252\251g\004\003"";   nodeid: ""\000\000\000\000\000\000\000\000\000\000\000\000\000\000\000\000\000\000\000\000\000\000\000\000\000\000\000\000\000\000\000\000\000""; }; ","ledgerHash: ""[\000\302\314\326\214\276@c\240\272\222{\363\314\032\213\311\316\246/\330\302\014>\022\346\234\347\264\270\350""; ledgerSeq: 0; type: liTS_CANDIDATE; nodes {;   nodedata: ""\002i\361\030\371\256\265\036\320\273\013\357<\215/(\215[\231D\357Gd\372\270\316\261\301\342\327\225\241\000GZ\227\022t\201\240u\2324P\027\307M\337'Y\361[IAD\351\374!\232\005\337\376\252\251g\004\003"";   nodeid: ""\000\000\000\000\000\000\000\000\000\000\000\000\000\000\000\000\000\000\000\000\000\000\000\000\000\000\000\000\000\000\000\000\000""; }; "
1750527533263,1750527533263,2920,1,1,0,TMGetLedger,"itype: liTS_CANDIDATE; ledgerHash: ""[\000\302\314\326\214\276@c\240\272\222{\363\314\032\213\311\316\246/\330\302\014>\022\346\234\347\264\270\350""; nodeIDs: ""\000\000\000\000\000\000\000\000\000\000\000\000\000\000\000\000\000\000\000\000\000\000\000\000\000\000\000\000\000\000\000\000\000""; queryType: qtINDIRECT; queryDepth: 3; ","itype: liTS_CANDIDATE; ledgerHash: ""[\000\302\314\326\214\276@c\240\272\222{\363\314\032\213\311\316\246/\330\302\014>\022\346\234\347\264\270\350""; nodeIDs: ""\000\000\000\000\000\000\000\000\000\000\000\000\000\000\000\000\000\000\000\000\000\000\000\000\000\000\000\000\000\000\000\000\000""; queryType: qtINDIRECT; queryDepth: 3; "
1750527533264,1750527533264,3810,1,1,4,TMGetLedger,"itype: liTS_CANDIDATE; ledgerHash: ""[\000\302\314\326\214\276@c\240\272\222{\363\314\032\213\311\316\246/\330\302\014>\022\346\234\347\264\270\350""; nodeIDs: ""\000\000\000\000\000\000\000\000\000\000\000\000\000\000\000\000\000\000\000\000\000\000\000\000\000\000\000\000\000\000\000\000\000""; queryType: qtINDIRECT; queryDepth: 3; ","itype: liTS_CANDIDATE; ledgerHash: ""[\000\302\314\326\214\276@c\240\272\222{\363\314\032\213\311\316\246/\330\302\014>\022\346\234\347\264\270\350""; nodeIDs: ""\000\000\000\000\000\000\000\000\000\000\000\000\000\000\000\000\000\000\000\000\000\000\000\000\000\000\000\000\000\000\000\000\000""; queryType: qtINDIRECT; queryDepth: 3; "
1750527533264,1750527533264,1495,1,1,2,TMGetLedger,"itype: liTS_CANDIDATE; ledgerHash: ""[\000\302\314\326\214\276@c\240\272\222{\363\314\032\213\311\316\246/\330\302\014>\022\346\234\347\264\270\350""; nodeIDs: ""\000\000\000\000\000\000\000\000\000\000\000\000\000\000\000\000\000\000\000\000\000\000\000\000\000\000\000\000\000\000\000\000\000""; queryType: qtINDIRECT; queryDepth: 3; ","itype: liTS_CANDIDATE; ledgerHash: ""[\000\302\314\326\214\276@c\240\272\222{\363\314\032\213\311\316\246/\330\302\014>\022\346\234\347\264\270\350""; nodeIDs: ""\000\000\000\000\000\000\000\000\000\000\000\000\000\000\000\000\000\000\000\000\000\000\000\000\000\000\000\000\000\000\000\000\000""; queryType: qtINDIRECT; queryDepth: 3; "
1750527533264,1750527533264,3769,1,1,3,TMGetLedger,"itype: liTS_CANDIDATE; ledgerHash: ""[\000\302\314\326\214\276@c\240\272\222{\363\314\032\213\311\316\246/\330\302\014>\022\346\234\347\264\270\350""; nodeIDs: ""\000\000\000\000\000\000\000\000\000\000\000\000\000\000\000\000\000\000\000\000\000\000\000\000\000\000\000\000\000\000\000\000\000""; queryType: qtINDIRECT; queryDepth: 3; ","itype: liTS_CANDIDATE; ledgerHash: ""[\000\302\314\326\214\276@c\240\272\222{\363\314\032\213\311\316\246/\330\302\014>\022\346\234\347\264\270\350""; nodeIDs: ""\000\000\000\000\000\000\000\000\000\000\000\000\000\000\000\000\000\000\000\000\000\000\000\000\000\000\000\000\000\000\000\000\000""; queryType: qtINDIRECT; queryDepth: 3; "
1750527533280,1750527533281,1813,1,3,1,TMLedgerData,"ledgerHash: ""[\000\302\314\326\214\276@c\240\272\222{\363\314\032\213\311\316\246/\330\302\014>\022\346\234\347\264\270\350""; ledgerSeq: 0; type: liTS_CANDIDATE; nodes {;   nodedata: ""\002i\361\030\371\256\265\036\320\273\013\357<\215/(\215[\231D\357Gd\372\270\316\261\301\342\327\225\241\000GZ\227\022t\201\240u\2324P\027\307M\337'Y\361[IAD\351\374!\232\005\337\376\252\251g\004\003"";   nodeid: ""\000\000\000\000\000\000\000\000\000\000\000\000\000\000\000\000\000\000\000\000\000\000\000\000\000\000\000\000\000\000\000\000\000""; }; ","ledgerHash: ""[\000\302\314\326\214\276@c\240\272\222{\363\314\032\213\311\316\246/\330\302\014>\022\346\234\347\264\270\350""; ledgerSeq: 0; type: liTS_CANDIDATE; nodes {;   nodedata: ""\002i\361\030\371\256\265\036\320\273\013\357<\215/(\215[\231D\357Gd\372\270\316\261\301\342\327\225\241\000GZ\227\022t\201\240u\2324P\027\307M\337'Y\361[IAD\351\374!\232\005\337\376\252\251g\004\003"";   nodeid: ""\000\000\000\000\000\000\000\000\000\000\000\000\000\000\000\000\000\000\000\000\000\000\000\000\000\000\000\000\000\000\000\000\000""; }; "
1750527533362,1750527533363,3810,1,1,4,TMGetLedger,"itype: liTS_CANDIDATE; ledgerHash: ""[\000\302\314\326\214\276@c\240\272\222{\363\314\032\213\311\316\246/\330\302\014>\022\346\234\347\264\270\350""; nodeIDs: ""\000\000\000\000\000\000\000\000\000\000\000\000\000\000\000\000\000\000\000\000\000\000\000\000\000\000\000\000\000\000\000\000\000""; requestCookie: 3; queryType: qtINDIRECT; queryDepth: 3; ","itype: liTS_CANDIDATE; ledgerHash: ""[\000\302\314\326\214\276@c\240\272\222{\363\314\032\213\311\316\246/\330\302\014>\022\346\234\347\264\270\350""; nodeIDs: ""\000\000\000\000\000\000\000\000\000\000\000\000\000\000\000\000\000\000\000\000\000\000\000\000\000\000\000\000\000\000\000\000\000""; requestCookie: 3; queryType: qtINDIRECT; queryDepth: 3; "
1750527533378,1750527533378,3818,1,0,2,TMLedgerData,"ledgerHash: ""\310\200l\322\255\214\342'\243\202\375k%_\335\032N\021G\005\230\271\366~%e\366\202l^\rR""; ledgerSeq: 0; type: liTS_CANDIDATE; nodes {;   nodedata: ""GZ\227\022t\201\240u\2324P\027\307M\337'Y\361[IAD\351\374!\232\005\337\376\252\251g\004\003"";   nodeid: ""\000\000\000\000\000\000\000\000\000\000\000\000\000\000\000\000\000\000\000\000\000\000\000\000\000\000\000\000\000\000\000\000\000""; }; requestCookie: 5; ","ledgerHash: ""\310\200l\322\255\214\342'\243\202\375k%_\335\032N\021G\005\230\271\366~%e\366\202l^\rR""; ledgerSeq: 0; type: liTS_CANDIDATE; nodes {;   nodedata: ""GZ\227\022t\201\240u\2324P\027\307M\337'Y\361[IAD\351\374!\232\005\337\376\252\251g\004\003"";   nodeid: ""\000\000\000\000\000\000\000\000\000\000\000\000\000\000\000\000\000\000\000\000\000\000\000\000\000\000\000\000\000\000\000\000\000""; }; requestCookie: 5; "
1750527533434,1750527533434,1144,1,4,1,TMLedgerData,"ledgerHash: ""[\000\302\314\326\214\276@c\240\272\222{\363\314\032\213\311\316\246/\330\302\014>\022\346\234\347\264\270\350""; ledgerSeq: 0; type: liTS_CANDIDATE; nodes {;   nodedata: ""\002i\361\030\371\256\265\036\320\273\013\357<\215/(\215[\231D\357Gd\372\270\316\261\301\342\327\225\241\000GZ\227\022t\201\240u\2324P\027\307M\337'Y\361[IAD\351\374!\232\005\337\376\252\251g\004\003"";   nodeid: ""\000\000\000\000\000\000\000\000\000\000\000\000\000\000\000\000\000\000\000\000\000\000\000\000\000\000\000\000\000\000\000\000\000""; }; requestCookie: 4; ","ledgerHash: ""[\000\302\314\326\214\276@c\240\272\222{\363\314\032\213\311\316\246/\330\302\014>\022\346\234\347\264\270\350""; ledgerSeq: 0; type: liTS_CANDIDATE; nodes {;   nodedata: ""\002i\361\030\371\256\265\036\320\273\013\357<\215/(\215[\231D\357Gd\372\270\316\261\301\342\327\225\241\000GZ\227\022t\201\240u\2324P\027\307M\337'Y\361[IAD\351\374!\232\005\337\376\252\251g\004\003"";   nodeid: ""\000\000\000\000\000\000\000\000\000\000\000\000\000\000\000\000\000\000\000\000\000\000\000\000\000\000\000\000\000\000\000\000\000""; }; requestCookie: 4; "
1750527533449,1750527533449,4000,1,2,3,TMGetLedger,"itype: liTS_CANDIDATE; ledgerHash: ""[\000\302\314\326\214\276@c\240\272\222{\363\314\032\213\311\316\246/\330\302\014>\022\346\234\347\264\270\350""; nodeIDs: ""\000\000\000\000\000\000\000\000\000\000\000\000\000\000\000\000\000\000\000\000\000\000\000\000\000\000\000\000\000\000\000\000\000""; requestCookie: 2; queryType: qtINDIRECT; queryDepth: 3; ","itype: liTS_CANDIDATE; ledgerHash: ""[\000\302\314\326\214\276@c\240\272\222{\363\314\032\213\311\316\246/\330\302\014>\022\346\234\347\264\270\350""; nodeIDs: ""\000\000\000\000\000\000\000\000\000\000\000\000\000\000\000\000\000\000\000\000\000\000\000\000\000\000\000\000\000\000\000\000\000""; requestCookie: 2; queryType: qtINDIRECT; queryDepth: 3; "
1750527533457,1750527533457,3085,1,3,0,TMLedgerData,"ledgerHash: ""'\274\220\233\332\373\335\027\332I\377y`\224\260\350-\215\335\267[\036\265\265\252`\026&\030{\362\363""; ledgerSeq: 0; type: liTS_CANDIDATE; nodes {;   nodedata: ""\002i\361\030\371\256\265\036\320\273\013\357<\215/(\215[\231D\357Gd\372\270\316\261\301\342\327\225\241\000GZ\227\022t\201\240u\2324P\027\307M\337'Y\361[IAD\351\374!\232\005\337\376\252\251g\004\240\231\202k\030<\225\205;%\337\001\376d\216V\310\306k>\373\322\372\353b\3659\350\345\324F\026\n\003"";   nodeid: ""\000\000\000\000\000\000\000\000\000\000\000\000\000\000\000\000\000\000\000\000\000\000\000\000\000\000\000\000\000\000\000\000\000""; }; ","ledgerHash: ""'\274\220\233\332\373\335\027\332I\377y`\224\260\350-\215\335\267[\036\265\265\252`\026&\030{\362\363""; ledgerSeq: 0; type: liTS_CANDIDATE; nodes {;   nodedata: ""\002i\361\030\371\256\265\036\320\273\013\357<\215/(\215[\231D\357Gd\372\270\316\261\301\342\327\225\241\000GZ\227\022t\201\240u\2324P\027\307M\337'Y\361[IAD\351\374!\232\005\337\376\252\251g\004\240\231\202k\030<\225\205;%\337\001\376d\216V\310\306k>\373\322\372\353b\3659\350\345\324F\026\n\003"";   nodeid: ""\000\000\000\000\000\000\000\000\000\000\000\000\000\000\000\000\000\000\000\000\000\000\000\000\000\000\000\000\000\000\000\000\000""; }; "
1750527533458,1750527533458,2764,1,4,3,TMLedgerData,"ledgerHash: ""\310\200l\322\255\214\342'\243\202\375k%_\335\032N\021G\005\230\271\366~%e\366\202l^\rR""; ledgerSeq: 0; type: liTS_CANDIDATE; nodes {;   nodedata: ""GZ\227\022t\201\240u\2324P\027\307M\337'Y\361[IAD\351\374!\232\005\337\376\252\251g\004\003"";   nodeid: ""\000\000\000\000\000\000\000\000\000\000\000\000\000\000\000\000\000\000\000\000\000\000\000\000\000\000\000\000\000\000\000\000\000""; }; ","ledgerHash: ""\310\200l\322\255\214\342'\243\202\375k%_\335\032N\021G\005\230\271\366~%e\366\202l^\rR""; ledgerSeq: 0; type: liTS_CANDIDATE; nodes {;   nodedata: ""GZ\227\022t\201\240u\2324P\027\307M\337'Y\361[IAD\351\374!\232\005\337\376\252\251g\004\003"";   nodeid: ""\000\000\000\000\000\000\000\000\000\000\000\000\000\000\000\000\000\000\000\000\000\000\000\000\000\000\000\000\000\000\000\000\000""; }; "
1750527533458,1750527533458,3818,1,0,2,TMLedgerData,"ledgerHash: ""[\000\302\314\326\214\276@c\240\272\222{\363\314\032\213\311\316\246/\330\302\014>\022\346\234\347\264\270\350""; ledgerSeq: 0; type: liTS_CANDIDATE; nodes {;   nodedata: ""\002i\361\030\371\256\265\036\320\273\013\357<\215/(\215[\231D\357Gd\372\270\316\261\301\342\327\225\241\000GZ\227\022t\201\240u\2324P\027\307M\337'Y\361[IAD\351\374!\232\005\337\376\252\251g\004\003"";   nodeid: ""\000\000\000\000\000\000\000\000\000\000\000\000\000\000\000\000\000\000\000\000\000\000\000\000\000\000\000\000\000\000\000\000\000""; }; ","ledgerHash: ""[\000\302\314\326\214\276@c\240\272\222{\363\314\032\213\311\316\246/\330\302\014>\022\346\234\347\264\270\350""; ledgerSeq: 0; type: liTS_CANDIDATE; nodes {;   nodedata: ""\002i\361\030\371\256\265\036\320\273\013\357<\215/(\215[\231D\357Gd\372\270\316\261\301\342\327\225\241\000GZ\227\022t\201\240u\2324P\027\307M\337'Y\361[IAD\351\374!\232\005\337\376\252\251g\004\003"";   nodeid: ""\000\000\000\000\000\000\000\000\000\000\000\000\000\000\000\000\000\000\000\000\000\000\000\000\000\000\000\000\000\000\000\000\000""; }; "
1750527533461,1750527533461,3787,1,3,2,TMProposeSet,"proposeSeq: 0; currentTxHash: ""\000\000\000\000\000\000\000\000\000\000\000\000\000\000\000\000\000\000\000\000\000\000\000\000\000\000\000\000\000\000\000\000""; nodePubKey: ""\003\255\225A\213\332\224ehh\024BDq\224\250\335`\355\353{\357\266\335<\021\032\265\177\206\356&\215""; closeTime: 803842731; signature: ""0D\002 ^,\022c7\256y\375\351\r\201\005z\276\313\200\304\374K\201|M9\245\3556/\024\035\024\375\322\002 y#\310""\001\177\223#\001\362\315U\351\307\356\313\200\310A\245Y\007\273\351d\216$9\010)\371\264""; previousledger: ""\331]\036\237\306o!\223\221\002\324\031\262\240R\177 ,\214\325\Q])\016\2067\277\t\354\010\000""; ","proposeSeq: 0; currentTxHash: ""\000\000\000\000\000\000\000\000\000\000\000\000\000\000\000\000\000\000\000\000\000\000\000\000\000\000\000\000\000\000\000\000""; nodePubKey: ""\003\255\225A\213\332\224ehh\024BDq\224\250\335`\355\353{\357\266\335<\021\032\265\177\206\356&\215""; closeTime: 803842731; signature: ""0D\002 ^,\022c7\256y\375\351\r\201\005z\276\313\200\304\374K\201|M9\245\3556/\024\035\024\375\322\002 y#\310""\001\177\223#\001\362\315U\351\307\356\313\200\310A\245Y\007\273\351d\216$9\010)\371\264""; previousledger: ""\331]\036\237\306o!\223\221\002\324\031\262\240R\177 ,\214\325\Q])\016\2067\277\t\354\010\000""; "
1750527533462,1750527533462,3830,1,3,1,TMProposeSet,"proposeSeq: 0; currentTxHash: ""\000\000\000\000\000\000\000\000\000\000\000\000\000\000\000\000\000\000\000\000\000\000\000\000\000\000\000\000\000\000\000\000""; nodePubKey: ""\003\255\225A\213\332\224ehh\024BDq\224\250\335`\355\353{\357\266\335<\021\032\265\177\206\356&\215""; closeTime: 803842731; signature: ""0D\002 ^,\022c7\256y\375\351\r\201\005z\276\313\200\304\374K\201|M9\245\3556/\024\035\024\375\322\002 y#\310""\001\177\223#\001\362\315U\351\307\356\313\200\310A\245Y\007\273\351d\216$9\010)\371\264""; previousledger: ""\331]\036\237\306o!\223\221\002\324\031\262\240R\177 ,\214\325\Q])\016\2067\277\t\354\010\000""; ","proposeSeq: 0; currentTxHash: ""\000\000\000\000\000\000\000\000\000\000\000\000\000\000\000\000\000\000\000\000\000\000\000\000\000\000\000\000\000\000\000\000""; nodePubKey: ""\003\255\225A\213\332\224ehh\024BDq\224\250\335`\355\353{\357\266\335<\021\032\265\177\206\356&\215""; closeTime: 803842731; signature: ""0D\002 ^,\022c7\256y\375\351\r\201\005z\276\313\200\304\374K\201|M9\245\3556/\024\035\024\375\322\002 y#\310""\001\177\223#\001\362\315U\351\307\356\313\200\310A\245Y\007\273\351d\216$9\010)\371\264""; previousledger: ""\331]\036\237\306o!\223\221\002\324\031\262\240R\177 ,\214\325\Q])\016\2067\277\t\354\010\000""; "
1750527533463,1750527533463,1272,1,3,4,TMProposeSet,"proposeSeq: 0; currentTxHash: ""\000\000\000\000\000\000\000\000\000\000\000\000\000\000\000\000\000\000\000\000\000\000\000\000\000\000\000\000\000\000\000\000""; nodePubKey: ""\003\255\225A\213\332\224ehh\024BDq\224\250\335`\355\353{\357\266\335<\021\032\265\177\206\356&\215""; closeTime: 803842731; signature: ""0D\002 ^,\022c7\256y\375\351\r\201\005z\276\313\200\304\374K\201|M9\245\3556/\024\035\024\375\322\002 y#\310""\001\177\223#\001\362\315U\351\307\356\313\200\310A\245Y\007\273\351d\216$9\010)\371\264""; previousledger: ""\331]\036\237\306o!\223\221\002\324\031\262\240R\177 ,\214\325\Q])\016\2067\277\t\354\010\000""; ","proposeSeq: 0; currentTxHash: ""\000\000\000\000\000\000\000\000\000\000\000\000\000\000\000\000\000\000\000\000\000\000\000\000\000\000\000\000\000\000\000\000""; nodePubKey: ""\003\255\225A\213\332\224ehh\024BDq\224\250\335`\355\353{\357\266\335<\021\032\265\177\206\356&\215""; closeTime: 803842731; signature: ""0D\002 ^,\022c7\256y\375\351\r\201\005z\276\313\200\304\374K\201|M9\245\3556/\024\035\024\375\322\002 y#\310""\001\177\223#\001\362\315U\351\307\356\313\200\310A\245Y\007\273\351d\216$9\010)\371\264""; previousledger: ""\331]\036\237\306o!\223\221\002\324\031\262\240R\177 ,\214\325\Q])\016\2067\277\t\354\010\000""; "
1750527533463,1750527533463,3268,1,0,2,TMProposeSet,"proposeSeq: 0; currentTxHash: ""\000\000\000\000\000\000\000\000\000\000\000\000\000\000\000\000\000\000\000\000\000\000\000\000\000\000\000\000\000\000\000\000""; nodePubKey: ""\002\266\377\271\344:\030\221i\267\257\215\237M\014\3345f\014\273|\207\367\334\337F\325\004cxB\211L""; closeTime: 803842730; signature: ""0D\002 C\221a\341\007A\222\254\345L\347\3361rI\236\231@\234\212\315\277\014M\205A\025\377\204\210\365\t\002 zQ\204\315Q\2266\323.\205\357\246\356\0331\232c\205\354\312\301`\333.[+^M?\316\256\205""; previousledger: ""\331]\036\237\306o!\223\221\002\324\031\262\240R\177 ,\214\325\Q])\016\2067\277\t\354\010\000""; ","proposeSeq: 0; currentTxHash: ""\000\000\000\000\000\000\000\000\000\000\000\000\000\000\000\000\000\000\000\000\000\000\000\000\000\000\000\000\000\000\000\000""; nodePubKey: ""\002\266\377\271\344:\030\221i\267\257\215\237M\014\3345f\014\273|\207\367\334\337F\325\004cxB\211L""; closeTime: 803842730; signature: ""0D\002 C\221a\341\007A\222\254\345L\347\3361rI\236\231@\234\212\315\277\014M\205A\025\377\204\210\365\t\002 zQ\204\315Q\2266\323.\205\357\246\356\0331\232c\205\354\312\301`\333.[+^M?\316\256\205""; previousledger: ""\331]\036\237\306o!\223\221\002\324\031\262\240R\177 ,\214\325\Q])\016\2067\277\t\354\010\000""; "
1750527533463,1750527533463,3504,1,0,4,TMProposeSet,"proposeSeq: 0; currentTxHash: ""\000\000\000\000\000\000\000\000\000\000\000\000\000\000\000\000\000\000\000\000\000\000\000\000\000\000\000\000\000\000\000\000""; nodePubKey: ""\002\266\377\271\344:\030\221i\267\257\215\237M\014\3345f\014\273|\207\367\334\337F\325\004cxB\211L""; closeTime: 803842730; signature: ""0D\002 C\221a\341\007A\222\254\345L\347\3361rI\236\231@\234\212\315\277\014M\205A\025\377\204\210\365\t\002 zQ\204\315Q\2266\323.\205\357\246\356\0331\232c\205\354\312\301`\333.[+^M?\316\256\205""; previousledger: ""\331]\036\237\306o!\223\221\002\324\031\262\240R\177 ,\214\325\Q])\016\2067\277\t\354\010\000""; ","proposeSeq: 0; currentTxHash: ""\000\000\000\000\000\000\000\000\000\000\000\000\000\000\000\000\000\000\000\000\000\000\000\000\000\000\000\000\000\000\000\000""; nodePubKey: ""\002\266\377\271\344:\030\221i\267\257\215\237M\014\3345f\014\273|\207\367\334\337F\325\004cxB\211L""; closeTime: 803842730; signature: ""0D\002 C\221a\341\007A\222\254\345L\347\3361rI\236\231@\234\212\315\277\014M\205A\025\377\204\210\365\t\002 zQ\204\315Q\2266\323.\205\357\246\356\0331\232c\205\354\312\301`\333.[+^M?\316\256\205""; previousledger: ""\331]\036\237\306o!\223\221\002\324\031\262\240R\177 ,\214\325\Q])\016\2067\277\t\354\010\000""; "
1750527533464,1750527533464,1434,1,0,1,TMLedgerData,"ledgerHash: ""\310\200l\322\255\214\342'\243\202\375k%_\335\032N\021G\005\230\271\366~%e\366\202l^\rR""; ledgerSeq: 0; type: liTS_CANDIDATE; nodes {;   nodedata: ""GZ\227\022t\201\240u\2324P\027\307M\337'Y\361[IAD\351\374!\232\005\337\376\252\251g\004\003"";   nodeid: ""\000\000\000\000\000\000\000\000\000\000\000\000\000\000\000\000\000\000\000\000\000\000\000\000\000\000\000\000\000\000\000\000\000""; }; requestCookie: 4; ","ledgerHash: ""\310\200l\322\255\214\342'\243\202\375k%_\335\032N\021G\005\230\271\366~%e\366\202l^\rR""; ledgerSeq: 0; type: liTS_CANDIDATE; nodes {;   nodedata: ""GZ\227\022t\201\240u\2324P\027\307M\337'Y\361[IAD\351\374!\232\005\337\376\252\251g\004\003"";   nodeid: ""\000\000\000\000\000\000\000\000\000\000\000\000\000\000\000\000\000\000\000\000\000\000\000\000\000\000\000\000\000\000\000\000\000""; }; requestCookie: 4; "
1750527533464,1750527533464,142,1,0,3,TMProposeSet,"proposeSeq: 0; currentTxHash: ""\000\000\000\000\000\000\000\000\000\000\000\000\000\000\000\000\000\000\000\000\000\000\000\000\000\000\000\000\000\000\000\000""; nodePubKey: ""\002\266\377\271\344:\030\221i\267\257\215\237M\014\3345f\014\273|\207\367\334\337F\325\004cxB\211L""; closeTime: 803842730; signature: ""0D\002 C\221a\341\007A\222\254\345L\347\3361rI\236\231@\234\212\315\277\014M\205A\025\377\204\210\365\t\002 zQ\204\315Q\2266\323.\205\357\246\356\0331\232c\205\354\312\301`\333.[+^M?\316\256\205""; previousledger: ""\331]\036\237\306o!\223\221\002\324\031\262\240R\177 ,\214\325\Q])\016\2067\277\t\354\010\000""; ","proposeSeq: 0; currentTxHash: ""\000\000\000\000\000\000\000\000\000\000\000\000\000\000\000\000\000\000\000\000\000\000\000\000\000\000\000\000\000\000\000\000""; nodePubKey: ""\002\266\377\271\344:\030\221i\267\257\215\237M\014\3345f\014\273|\207\367\334\337F\325\004cxB\211L""; closeTime: 803842730; signature: ""0D\002 C\221a\341\007A\222\254\345L\347\3361rI\236\231@\234\212\315\277\014M\205A\025\377\204\210\365\t\002 zQ\204\315Q\2266\323.\205\357\246\356\0331\232c\205\354\312\301`\333.[+^M?\316\256\205""; previousledger: ""\331]\036\237\306o!\223\221\002\324\031\262\240R\177 ,\214\325\Q])\016\2067\277\t\354\010\000""; "
1750527533465,1750527533465,598,1,3,4,TMStatusChange,"newEvent: neACCEPTED_LEDGER; ledgerSeq: 6; ledgerHash: ""\360\215\2502\265\245\310\226\243c\302Ze\306\253#r\020\211\320iG\276\020E\317\035Sf\223F\254""; ledgerHashPrevious: ""\331]\036\237\306o!\223\221\002\324\031\262\240R\177 ,\214\325\Q])\016\2067\277\t\354\010\000""; networkTime: 803842733; firstSeq: 1; lastSeq: 5; ","newEvent: neACCEPTED_LEDGER; ledgerSeq: 6; ledgerHash: ""\360\215\2502\265\245\310\226\243c\302Ze\306\253#r\020\211\320iG\276\020E\317\035Sf\223F\254""; ledgerHashPrevious: ""\331]\036\237\306o!\223\221\002\324\031\262\240R\177 ,\214\325\Q])\016\2067\277\t\354\010\000""; networkTime: 803842733; firstSeq: 1; lastSeq: 5; "
1750527533476,1750527533476,1571,1,3,1,TMStatusChange,"newEvent: neACCEPTED_LEDGER; ledgerSeq: 6; ledgerHash: ""\360\215\2502\265\245\310\226\243c\302Ze\306\253#r\020\211\320iG\276\020E\317\035Sf\223F\254""; ledgerHashPrevious: ""\331]\036\237\306o!\223\221\002\324\031\262\240R\177 ,\214\325\Q])\016\2067\277\t\354\010\000""; networkTime: 803842733; firstSeq: 1; lastSeq: 5; ","newEvent: neACCEPTED_LEDGER; ledgerSeq: 6; ledgerHash: ""\360\215\2502\265\245\310\226\243c\302Ze\306\253#r\020\211\320iG\276\020E\317\035Sf\223F\254""; ledgerHashPrevious: ""\331]\036\237\306o!\223\221\002\324\031\262\240R\177 ,\214\325\Q])\016\2067\277\t\354\010\000""; networkTime: 803842733; firstSeq: 1; lastSeq: 5; "
1750527533477,1750527533477,3991,1,3,0,TMStatusChange,"newEvent: neACCEPTED_LEDGER; ledgerSeq: 6; ledgerHash: ""\360\215\2502\265\245\310\226\243c\302Ze\306\253#r\020\211\320iG\276\020E\317\035Sf\223F\254""; ledgerHashPrevious: ""\331]\036\237\306o!\223\221\002\324\031\262\240R\177 ,\214\325\Q])\016\2067\277\t\354\010\000""; networkTime: 803842733; firstSeq: 1; lastSeq: 5; ","newEvent: neACCEPTED_LEDGER; ledgerSeq: 6; ledgerHash: ""\360\215\2502\265\245\310\226\243c\302Ze\306\253#r\020\211\320iG\276\020E\317\035Sf\223F\254""; ledgerHashPrevious: ""\331]\036\237\306o!\223\221\002\324\031\262\240R\177 ,\214\325\Q])\016\2067\277\t\354\010\000""; networkTime: 803842733; firstSeq: 1; lastSeq: 5; "
1750527533477,1750527533478,1777,1,3,0,TMValidation,"validation: """"\200\000\000\001&\000\000\000\006)/\351\252\255:p\210\265\307-\212\200\004Q\360\215\2502\265\245\310\226\243c\302Ze\306\253#r\020\211\320iG\276\020E\317\035Sf\223F\254P\027\000\000\000\000\000\000\000\000\000\000\000\000\000\000\000\000\000\000\000\000\000\000\000\000\000\000\000\000\000\000\000\000P\031\331]\036\237\306o!\223\221\002\324\031\262\240R\177 ,\214\325\Q])\016\2067\277\t\354\010\000s!\002\364d\217\366\217|\316F\232\231\241\n\261\333`\312O\367\235\025DD\336e\367\n\312\326\221\037\025\230vG0E\002!\000\270\334\275\007Q,\177\352@'|\202\273\270\334\321\225\0200\314\363]\313wAw}Z\303-\375\313\002 \034\207!\017'wq\360}\035\277d\220*\302\335{j\240(""h\206+~^P\252\000\213\261\331""; ","validation: """"\200\000\000\001&\000\000\000\006)/\351\252\255:p\210\265\307-\212\200\004Q\360\215\2502\265\245\310\226\243c\302Ze\306\253#r\020\211\320iG\276\020E\317\035Sf\223F\254P\027\000\000\000\000\000\000\000\000\000\000\000\000\000\000\000\000\000\000\000\000\000\000\000\000\000\000\000\000\000\000\000\000P\031\331]\036\237\306o!\223\221\002\324\031\262\240R\177 ,\214\325\Q])\016\2067\277\t\354\010\000s!\002\364d\217\366\217|\316F\232\231\241\n\261\333`\312O\367\235\025DD\336e\367\n\312\326\221\037\025\230vG0E\002!\000\270\334\275\007Q,\177\352@'|\202\273\270\334\321\225\0200\314\363]\313wAw}Z\303-\375\313\002 \034\207!\017'wq\360}\035\277d\220*\302\335{j\240(""h\206+~^P\252\000\213\261\331""; "
1750527533478,1750527533479,3125,1,3,2,TMValidation,"validation: """"\200\000\000\001&\000\000\000\006)/\351\252\255:p\210\265\307-\212\200\004Q\360\215\2502\265\245\310\226\243c\302Ze\306\253#r\020\211\320iG\276\020E\317\035Sf\223F\254P\027\000\000\000\000\000\000\000\000\000\000\000\000\000\000\000\000\000\000\000\000\000\000\000\000\000\000\000\000\000\000\000\000P\031\331]\036\237\306o!\223\221\002\324\031\262\240R\177 ,\214\325\Q])\016\2067\277\t\354\010\000s!\002\364d\217\366\217|\316F\232\231\241\n\261\333`\312O\367\235\025DD\336e\367\n\312\326\221\037\025\230vG0E\002!\000\270\334\275\007Q,\177\352@'|\202\273\270\334\321\225\0200\314\363]\313wAw}Z\303-\375\313\002 \034\207!\017'wq\360}\035\277d\220*\302\335{j\240(""h\206+~^P\252\000\213\261\331""; ","validation: """"\200\000\000\001&\000\000\000\006)/\351\252\255:p\210\265\307-\212\200\004Q\360\215\2502\265\245\310\226\243c\302Ze\306\253#r\020\211\320iG\276\020E\317\035Sf\223F\254P\027\000\000\000\000\000\000\000\000\000\000\000\000\000\000\000\000\000\000\000\000\000\000\000\000\000\000\000\000\000\000\000\000P\031\331]\036\237\306o!\223\221\002\324\031\262\240R\177 ,\214\325\Q])\016\2067\277\t\354\010\000s!\002\364d\217\366\217|\316F\232\231\241\n\261\333`\312O\367\235\025DD\336e\367\n\312\326\221\037\025\230vG0E\002!\000\270\334\275\007Q,\177\352@'|\202\273\270\334\321\225\0200\314\363]\313wAw}Z\303-\375\313\002 \034\207!\017'wq\360}\035\277d\220*\302\335{j\240(""h\206+~^P\252\000\213\261\331""; "
1750527533479,1750527533479,3459,1,3,1,TMValidation,"validation: """"\200\000\000\001&\000\000\000\006)/\351\252\255:p\210\265\307-\212\200\004Q\360\215\2502\265\245\310\226\243c\302Ze\306\253#r\020\211\320iG\276\020E\317\035Sf\223F\254P\027\000\000\000\000\000\000\000\000\000\000\000\000\000\000\000\000\000\000\000\000\000\000\000\000\000\000\000\000\000\000\000\000P\031\331]\036\237\306o!\223\221\002\324\031\262\240R\177 ,\214\325\Q])\016\2067\277\t\354\010\000s!\002\364d\217\366\217|\316F\232\231\241\n\261\333`\312O\367\235\025DD\336e\367\n\312\326\221\037\025\230vG0E\002!\000\270\334\275\007Q,\177\352@'|\202\273\270\334\321\225\0200\314\363]\313wAw}Z\303-\375\313\002 \034\207!\017'wq\360}\035\277d\220*\302\335{j\240(""h\206+~^P\252\000\213\261\331""; ","validation: """"\200\000\000\001&\000\000\000\006)/\351\252\255:p\210\265\307-\212\200\004Q\360\215\2502\265\245\310\226\243c\302Ze\306\253#r\020\211\320iG\276\020E\317\035Sf\223F\254P\027\000\000\000\000\000\000\000\000\000\000\000\000\000\000\000\000\000\000\000\000\000\000\000\000\000\000\000\000\000\000\000\000P\031\331]\036\237\306o!\223\221\002\324\031\262\240R\177 ,\214\325\Q])\016\2067\277\t\354\010\000s!\002\364d\217\366\217|\316F\232\231\241\n\261\333`\312O\367\235\025DD\336e\367\n\312\326\221\037\025\230vG0E\002!\000\270\334\275\007Q,\177\352@'|\202\273\270\334\321\225\0200\314\363]\313wAw}Z\303-\375\313\002 \034\207!\017'wq\360}\035\277d\220*\302\335{j\240(""h\206+~^P\252\000\213\261\331""; "
1750527533479,1750527533479,3432,1,3,2,TMStatusChange,"newEvent: neACCEPTED_LEDGER; ledgerSeq: 6; ledgerHash: ""\360\215\2502\265\245\310\226\243c\302Ze\306\253#r\020\211\320iG\276\020E\317\035Sf\223F\254""; ledgerHashPrevious: ""\331]\036\237\306o!\223\221\002\324\031\262\240R\177 ,\214\325\Q])\016\2067\277\t\354\010\000""; networkTime: 803842733; firstSeq: 1; lastSeq: 5; ","newEvent: neACCEPTED_LEDGER; ledgerSeq: 6; ledgerHash: ""\360\215\2502\265\245\310\226\243c\302Ze\306\253#r\020\211\320iG\276\020E\317\035Sf\223F\254""; ledgerHashPrevious: ""\331]\036\237\306o!\223\221\002\324\031\262\240R\177 ,\214\325\Q])\016\2067\277\t\354\010\000""; networkTime: 803842733; firstSeq: 1; lastSeq: 5; "
1750527533480,1750527533480,2229,1,1,0,TMValidation,"validation: """"\200\000\000\001&\000\000\000\005)/\351\252\253:\355<\266\216~aC\027Q\331]\036\237\306o!\223\221\002\324\031\262\240R\177 ,\214\325\Q])\016\2067\277\t\354\010\000P\027'\274\220\233\332\373\335\027\332I\377y`\224\260\350-\215\335\267[\036\265\265\252`\026&\030{\362\363P\031\265\024\321\362\354\211\250.\234s\225amc\305\035\366\276\037nD\277`\210\223N\3535\033\261\304fs!\002\225aM\037\203M\271C\224]$\245\215\334\264;{{\365%Z\2443U\201\242\320iUc\207\367vG0E\002!\000\335[\002\341\343\177\342\rC\274\242\235zy\303#\334:\306\230\343+Wp\237\344\351|\377\376~#\002 \002\233\370\007M]\013f\034\356\214\352[w>\362\355\305\267f\257ds\227\324\216\033;2\300\346\304""; ","validation: """"\200\000\000\001&\000\000\000\005)/\351\252\253:\355<\266\216~aC\027Q\331]\036\237\306o!\223\221\002\324\031\262\240R\177 ,\214\325\Q])\016\2067\277\t\354\010\000P\027'\274\220\233\332\373\335\027\332I\377y`\224\260\350-\215\335\267[\036\265\265\252`\026&\030{\362\363P\031\265\024\321\362\354\211\250.\234s\225amc\305\035\366\276\037nD\277`\210\223N\3535\033\261\304fs!\002\225aM\037\203M\271C\224]$\245\215\334\264;{{\365%Z\2443U\201\242\320iUc\207\367vG0E\002!\000\335[\002\341\343\177\342\rC\274\242\235zy\303#\334:\306\230\343+Wp\237\344\351|\377\376~#\002 \002\233\370\007M]\013f\034\356\214\352[w>\362\355\305\267f\257ds\227\324\216\033;2\300\346\304""; "
1750527533480,1750527533480,3736,1,3,4,TMValidation,"validation: """"\200\000\000\001&\000\000\000\006)/\351\252\255:p\210\265\307-\212\200\004Q\360\215\2502\265\245\310\226\243c\302Ze\306\253#r\020\211\320iG\276\020E\317\035Sf\223F\254P\027\000\000\000\000\000\000\000\000\000\000\000\000\000\000\000\000\000\000\000\000\000\000\000\000\000\000\000\000\000\000\000\000P\031\331]\036\237\306o!\223\221\002\324\031\262\240R\177 ,\214\325\Q])\016\2067\277\t\354\010\000s!\002\364d\217\366\217|\316F\232\231\241\n\261\333`\312O\367\235\025DD\336e\367\n\312\326\221\037\025\230vG0E\002!\000\270\334\275\007Q,\177\352@'|\202\273\270\334\321\225\0200\314\363]\313wAw}Z\303-\375\313\002 \034\207!\017'wq\360}\035\277d\220*\302\335{j\240(""h\206+~^P\252\000\213\261\331""; ","validation: """"\200\000\000\001&\000\000\000\006)/\351\252\255:p\210\265\307-\212\200\004Q\360\215\2502\265\245\310\226\243c\302Ze\306\253#r\020\211\320iG\276\020E\317\035Sf\223F\254P\027\000\000\000\000\000\000\000\000\000\000\000\000\000\000\000\000\000\000\000\000\000\000\000\000\000\000\000\000\000\000\000\000P\031\331]\036\237\306o!\223\221\002\324\031\262\240R\177 ,\214\325\Q])\016\2067\277\t\354\010\000s!\002\364d\217\366\217|\316F\232\231\241\n\261\333`\312O\367\235\025DD\336e\367\n\312\326\221\037\025\230vG0E\002!\000\270\334\275\007Q,\177\352@'|\202\273\270\334\321\225\0200\314\363]\313wAw}Z\303-\375\313\002 \034\207!\017'wq\360}\035\277d\220*\302\335{j\240(""h\206+~^P\252\000\213\261\331""; "
1750527533482,1750527533482,1311,1,1,3,TMValidation,"validation: """"\200\000\000\001&\000\000\000\005)/\351\252\253:\355<\266\216~aC\027Q\331]\036\237\306o!\223\221\002\324\031\262\240R\177 ,\214\325\Q])\016\2067\277\t\354\010\000P\027'\274\220\233\332\373\335\027\332I\377y`\224\260\350-\215\335\267[\036\265\265\252`\026&\030{\362\363P\031\265\024\321\362\354\211\250.\234s\225amc\305\035\366\276\037nD\277`\210\223N\3535\033\261\304fs!\002\225aM\037\203M\271C\224]$\245\215\334\264;{{\365%Z\2443U\201\242\320iUc\207\367vG0E\002!\000\335[\002\341\343\177\342\rC\274\242\235zy\303#\334:\306\230\343+Wp\237\344\351|\377\376~#\002 \002\233\370\007M]\013f\034\356\214\352[w>\362\355\305\267f\257ds\227\324\216\033;2\300\346\304""; ","validation: """"\200\000\000\001&\000\000\000\005)/\351\252\253:\355<\266\216~aC\027Q\331]\036\237\306o!\223\221\002\324\031\262\240R\177 ,\214\325\Q])\016\2067\277\t\354\010\000P\027'\274\220\233\332\373\335\027\332I\377y`\224\260\350-\215\335\267[\036\265\265\252`\026&\030{\362\363P\031\265\024\321\362\354\211\250.\234s\225amc\305\035\366\276\037nD\277`\210\223N\3535\033\261\304fs!\002\225aM\037\203M\271C\224]$\245\215\334\264;{{\365%Z\2443U\201\242\320iUc\207\367vG0E\002!\000\335[\002\341\343\177\342\rC\274\242\235zy\303#\334:\306\230\343+Wp\237\344\351|\377\376~#\002 \002\233\370\007M]\013f\034\356\214\352[w>\362\355\305\267f\257ds\227\324\216\033;2\300\346\304""; "
1750527533483,1750527533483,3746,1,1,4,TMValidation,"validation: """"\200\000\000\001&\000\000\000\005)/\351\252\253:\355<\266\216~aC\027Q\331]\036\237\306o!\223\221\002\324\031\262\240R\177 ,\214\325\Q])\016\2067\277\t\354\010\000P\027'\274\220\233\332\373\335\027\332I\377y`\224\260\350-\215\335\267[\036\265\265\252`\026&\030{\362\363P\031\265\024\321\362\354\211\250.\234s\225amc\305\035\366\276\037nD\277`\210\223N\3535\033\261\304fs!\002\225aM\037\203M\271C\224]$\245\215\334\264;{{\365%Z\2443U\201\242\320iUc\207\367vG0E\002!\000\335[\002\341\343\177\342\rC\274\242\235zy\303#\334:\306\230\343+Wp\237\344\351|\377\376~#\002 \002\233\370\007M]\013f\034\356\214\352[w>\362\355\305\267f\257ds\227\324\216\033;2\300\346\304""; ","validation: """"\200\000\000\001&\000\000\000\005)/\351\252\253:\355<\266\216~aC\027Q\331]\036\237\306o!\223\221\002\324\031\262\240R\177 ,\214\325\Q])\016\2067\277\t\354\010\000P\027'\274\220\233\332\373\335\027\332I\377y`\224\260\350-\215\335\267[\036\265\265\252`\026&\030{\362\363P\031\265\024\321\362\354\211\250.\234s\225amc\305\035\366\276\037nD\277`\210\223N\3535\033\261\304fs!\002\225aM\037\203M\271C\224]$\245\215\334\264;{{\365%Z\2443U\201\242\320iUc\207\367vG0E\002!\000\335[\002\341\343\177\342\rC\274\242\235zy\303#\334:\306\230\343+Wp\237\344\351|\377\376~#\002 \002\233\370\007M]\013f\034\356\214\352[w>\362\355\305\267f\257ds\227\324\216\033;2\300\346\304""; "
1750527533483,1750527533483,1434,1,0,1,TMLedgerData,"ledgerHash: ""\310\200l\322\255\214\342'\243\202\375k%_\335\032N\021G\005\230\271\366~%e\366\202l^\rR""; ledgerSeq: 0; type: liTS_CANDIDATE; nodes {;   nodedata: ""GZ\227\022t\201\240u\2324P\027\307M\337'Y\361[IAD\351\374!\232\005\337\376\252\251g\004\003"";   nodeid: ""\000\000\000\000\000\000\000\000\000\000\000\000\000\000\000\000\000\000\000\000\000\000\000\000\000\000\000\000\000\000\000\000\000""; }; requestCookie: 5; ","ledgerHash: ""\310\200l\322\255\214\342'\243\202\375k%_\335\032N\021G\005\230\271\366~%e\366\202l^\rR""; ledgerSeq: 0; type: liTS_CANDIDATE; nodes {;   nodedata: ""GZ\227\022t\201\240u\2324P\027\307M\337'Y\361[IAD\351\374!\232\005\337\376\252\251g\004\003"";   nodeid: ""\000\000\000\000\000\000\000\000\000\000\000\000\000\000\000\000\000\000\000\000\000\000\000\000\000\000\000\000\000\000\000\000\000""; }; requestCookie: 5; "
1750527533483,1750527533483,1434,1,0,1,TMLedgerData,"ledgerHash: ""[\000\302\314\326\214\276@c\240\272\222{\363\314\032\213\311\316\246/\330\302\014>\022\346\234\347\264\270\350""; ledgerSeq: 0; type: liTS_CANDIDATE; nodes {;   nodedata: ""\002i\361\030\371\256\265\036\320\273\013\357<\215/(\215[\231D\357Gd\372\270\316\261\301\342\327\225\241\000GZ\227\022t\201\240u\2324P\027\307M\337'Y\361[IAD\351\374!\232\005\337\376\252\251g\004\003"";   nodeid: ""\000\000\000\000\000\000\000\000\000\000\000\000\000\000\000\000\000\000\000\000\000\000\000\000\000\000\000\000\000\000\000\000\000""; }; ","ledgerHash: ""[\000\302\314\326\214\276@c\240\272\222{\363\314\032\213\311\316\246/\330\302\014>\022\346\234\347\264\270\350""; ledgerSeq: 0; type: liTS_CANDIDATE; nodes {;   nodedata: ""\002i\361\030\371\256\265\036\320\273\013\357<\215/(\215[\231D\357Gd\372\270\316\261\301\342\327\225\241\000GZ\227\022t\201\240u\2324P\027\307M\337'Y\361[IAD\351\374!\232\005\337\376\252\251g\004\003"";   nodeid: ""\000\000\000\000\000\000\000\000\000\000\000\000\000\000\000\000\000\000\000\000\000\000\000\000\000\000\000\000\000\000\000\000\000""; }; "
1750527533484,1750527533484,860,1,1,0,TMLedgerData,"ledgerHash: ""\331]\036\237\306o!\223\221\002\324\031\262\240R\177 ,\214\325\Q])\016\2067\277\t\354\010\000""; ledgerSeq: 5; type: liBASE; nodes {;   nodedata: ""\000\000\000\005\001cEx]\211\377\342\265\024\321\362\354\211\250.\234s\225amc\305\035\366\276\037nD\277`\210\223N\3535\033\261\304fh\257\243\333\365p\373t\344A\230\350\010.\336\000\005\246\303M\315\345\354\264p\204q\004g\016\305\223\354\000;j\257n\251\021+\037/9\302\270\257\205\347\r\013o!w\014\007\375\353e\n\355\235`\216/\351\252\241/\351\252\252\n\000""; }; nodes {;   nodedata: ""\341\035\262xv\226\317f5\366\365\252a\177\355\302\326\t\222~j\320f\374/ \363\256\257\361 \303\001\301\025%1L\307\t\261\262z\374\222T\301\274V\236\223\262\270Ct\362\337b\356\024*\324\320\351\317\002k\336\234\027v\351\217\260\303\360\233ZPZWr\246$w\313\313\r\243r\232\2234\373\3539:N\004;tP\302\307\005x\n\302lQ\275\237<g\321\233$\274p\355\310J\230\370\306\264\314\367C\275\272\006E\344\037@\210\363\010\336T\226\247'\204_{\261\370""1\235\2445\343\033Y!\212\201\341\272\225'\007b\010\217Q\330\226\225+\355\377\350\246\201\221N""^:\025H\006^\027\n\0169\014\340\275\277\264-\013\003""; }; nodes {;   nodedata: ""\263O\327&O\344\301\265\311_""j\216\325\325\t1\303a\007\256\336!\306\235\247\276\266\267b\341\204\0003(\332\236\377bF\234\321\247\022=w\310Wh\2632\2767H*\314\324\275V\272\370([\370\247\004\336\3345\\342]s\221\233\2662\224\020\253dw\035\210\370\313\367\255'>c\202\024\264-\032\257\375\n\003""; }; ","ledgerHash: ""\331]\036\237\306o!\223\221\002\324\031\262\240R\177 ,\214\325\Q])\016\2067\277\t\354\010\000""; ledgerSeq: 5; type: liBASE; nodes {;   nodedata: ""\000\000\000\005\001cEx]\211\377\342\265\024\321\362\354\211\250.\234s\225amc\305\035\366\276\037nD\277`\210\223N\3535\033\261\304fh\257\243\333\365p\373t\344A\230\350\010.\336\000\005\246\303M\315\345\354\264p\204q\004g\016\305\223\354\000;j\257n\251\021+\037/9\302\270\257\205\347\r\013o!w\014\007\375\353e\n\355\235`\216/\351\252\241/\351\252\252\n\000""; }; nodes {;   nodedata: ""\341\035\262xv\226\317f5\366\365\252a\177\355\302\326\t\222~j\320f\374/ \363\256\257\361 \303\001\301\025%1L\307\t\261\262z\374\222T\301\274V\236\223\262\270Ct\362\337b\356\024*\324\320\351\317\002k\336\234\027v\351\217\260\303\360\233ZPZWr\246$w\313\313\r\243r\232\2234\373\3539:N\004;tP\302\307\005x\n\302lQ\275\237<g\321\233$\274p\355\310J\230\370\306\264\314\367C\275\272\006E\344\037@\210\363\010\336T\226\247'\204_{\261\370""1\235\2445\343\033Y!\212\201\341\272\225'\007b\010\217Q\330\226\225+\355\377\350\246\201\221N""^:\025H\006^\027\n\0169\014\340\275\277\264-\013\003""; }; nodes {;   nodedata: ""\263O\327&O\344\301\265\311_""j\216\325\325\t1\303a\007\256\336!\306\235\247\276\266\267b\341\204\0003(\332\236\377bF\234\321\247\022=w\310Wh\2632\2767H*\314\324\275V\272\370([\370\247\004\336\3345\\342]s\221\233\2662\224\020\253dw\035\210\370\313\367\255'>c\202\024\264-\032\257\375\n\003""; }; "
1750527533484,1750527533485,860,1,1,0,TMLedgerData,"ledgerHash: ""\331]\036\237\306o!\223\221\002\324\031\262\240R\177 ,\214\325\Q])\016\2067\277\t\354\010\000""; ledgerSeq: 5; type: liBASE; nodes {;   nodedata: ""\000\000\000\005\001cEx]\211\377\342\265\024\321\362\354\211\250.\234s\225amc\305\035\366\276\037nD\277`\210\223N\3535\033\261\304fh\257\243\333\365p\373t\344A\230\350\010.\336\000\005\246\303M\315\345\354\264p\204q\004g\016\305\223\354\000;j\257n\251\021+\037/9\302\270\257\205\347\r\013o!w\014\007\375\353e\n\355\235`\216/\351\252\241/\351\252\252\n\000""; }; nodes {;   nodedata: ""\341\035\262xv\226\317f5\366\365\252a\177\355\302\326\t\222~j\320f\374/ \363\256\257\361 \303\001\301\025%1L\307\t\261\262z\374\222T\301\274V\236\223\262\270Ct\362\337b\356\024*\324\320\351\317\002k\336\234\027v\351\217\260\303\360\233ZPZWr\246$w\313\313\r\243r\232\2234\373\3539:N\004;tP\302\307\005x\n\302lQ\275\237<g\321\233$\274p\355\310J\230\370\306\264\314\367C\275\272\006E\344\037@\210\363\010\336T\226\247'\204_{\261\370""1\235\2445\343\033Y!\212\201\341\272\225'\007b\010\217Q\330\226\225+\355\377\350\246\201\221N""^:\025H\006^\027\n\0169\014\340\275\277\264-\013\003""; }; nodes {;   nodedata: ""\263O\327&O\344\301\265\311_""j\216\325\325\t1\303a\007\256\336!\306\235\247\276\266\267b\341\204\0003(\332\236\377bF\234\321\247\022=w\310Wh\2632\2767H*\314\324\275V\272\370([\370\247\004\336\3345\\342]s\221\233\2662\224\020\253dw\035\210\370\313\367\255'>c\202\024\264-\032\257\375\n\003""; }; ","ledgerHash: ""\331]\036\237\306o!\223\221\002\324\031\262\240R\177 ,\214\325\Q])\016\2067\277\t\354\010\000""; ledgerSeq: 5; type: liBASE; nodes {;   nodedata: ""\000\000\000\005\001cEx]\211\377\342\265\024\321\362\354\211\250.\234s\225amc\305\035\366\276\037nD\277`\210\223N\3535\033\261\304fh\257\243\333\365p\373t\344A\230\350\010.\336\000\005\246\303M\315\345\354\264p\204q\004g\016\305\223\354\000;j\257n\251\021+\037/9\302\270\257\205\347\r\013o!w\014\007\375\353e\n\355\235`\216/\351\252\241/\351\252\252\n\000""; }; nodes {;   nodedata: ""\341\035\262xv\226\317f5\366\365\252a\177\355\302\326\t\222~j\320f\374/ \363\256\257\361 \303\001\301\025%1L\307\t\261\262z\374\222T\301\274V\236\223\262\270Ct\362\337b\356\024*\324\320\351\317\002k\336\234\027v\351\217\260\303\360\233ZPZWr\246$w\313\313\r\243r\232\2234\373\3539:N\004;tP\302\307\005x\n\302lQ\275\237<g\321\233$\274p\355\310J\230\370\306\264\314\367C\275\272\006E\344\037@\210\363\010\336T\226\247'\204_{\261\370""1\235\2445\343\033Y!\212\201\341\272\225'\007b\010\217Q\330\226\225+\355\377\350\246\201\221N""^:\025H\006^\027\n\0169\014\340\275\277\264-\013\003""; }; nodes {;   nodedata: ""\263O\327&O\344\301\265\311_""j\216\325\325\t1\303a\007\256\336!\306\235\247\276\266\267b\341\204\0003(\332\236\377bF\234\321\247\022=w\310Wh\2632\2767H*\314\324\275V\272\370([\370\247\004\336\3345\\342]s\221\233\2662\224\020\253dw\035\210\370\313\367\255'>c\202\024\264-\032\257\375\n\003""; }; "
1750527533485,1750527533485,3719,1,2,4,TMGetLedger,"itype: liTS_CANDIDATE; ledgerHash: ""[\000\302\314\326\214\276@c\240\272\222{\363\314\032\213\311\316\246/\330\302\014>\022\346\234\347\264\270\350""; nodeIDs: ""\000\000\000\000\000\000\000\000\000\000\000\000\000\000\000\000\000\000\000\000\000\000\000\000\000\000\000\000\000\000\000\000\000""; requestCookie: 4; queryType: qtINDIRECT; queryDepth: 3; ","itype: liTS_CANDIDATE; ledgerHash: ""[\000\302\314\326\214\276@c\240\272\222{\363\314\032\213\311\316\246/\330\302\014>\022\346\234\347\264\270\350""; nodeIDs: ""\000\000\000\000\000\000\000\000\000\000\000\000\000\000\000\000\000\000\000\000\000\000\000\000\000\000\000\000\000\000\000\000\000""; requestCookie: 4; queryType: qtINDIRECT; queryDepth: 3; "
1750527533486,1750527533486,3085,1,3,0,TMLedgerData,"ledgerHash: ""[\000\302\314\326\214\276@c\240\272\222{\363\314\032\213\311\316\246/\330\302\014>\022\346\234\347\264\270\350""; ledgerSeq: 0; type: liTS_CANDIDATE; nodes {;   nodedata: ""\002i\361\030\371\256\265\036\320\273\013\357<\215/(\215[\231D\357Gd\372\270\316\261\301\342\327\225\241\000GZ\227\022t\201\240u\2324P\027\307M\337'Y\361[IAD\351\374!\232\005\337\376\252\251g\004\003"";   nodeid: ""\000\000\000\000\000\000\000\000\000\000\000\000\000\000\000\000\000\000\000\000\000\000\000\000\000\000\000\000\000\000\000\000\000""; }; ","ledgerHash: ""[\000\302\314\326\214\276@c\240\272\222{\363\314\032\213\311\316\246/\330\302\014>\022\346\234\347\264\270\350""; ledgerSeq: 0; type: liTS_CANDIDATE; nodes {;   nodedata: ""\002i\361\030\371\256\265\036\320\273\013\357<\215/(\215[\231D\357Gd\372\270\316\261\301\342\327\225\241\000GZ\227\022t\201\240u\2324P\027\307M\337'Y\361[IAD\351\374!\232\005\337\376\252\251g\004\003"";   nodeid: ""\000\000\000\000\000\000\000\000\000\000\000\000\000\000\000\000\000\000\000\000\000\000\000\000\000\000\000\000\000\000\000\000\000""; }; "
1750527533500,1750527533500,1544,1,2,1,TMGetLedger,"itype: liTS_CANDIDATE; ledgerHash: ""[\000\302\314\326\214\276@c\240\272\222{\363\314\032\213\311\316\246/\330\302\014>\022\346\234\347\264\270\350""; nodeIDs: ""\000\000\000\000\000\000\000\000\000\000\000\000\000\000\000\000\000\000\000\000\000\000\000\000\000\000\000\000\000\000\000\000\000""; queryType: qtINDIRECT; queryDepth: 3; ","itype: liTS_CANDIDATE; ledgerHash: ""[\000\302\314\326\214\276@c\240\272\222{\363\314\032\213\311\316\246/\330\302\014>\022\346\234\347\264\270\350""; nodeIDs: ""\000\000\000\000\000\000\000\000\000\000\000\000\000\000\000\000\000\000\000\000\000\000\000\000\000\000\000\000\000\000\000\000\000""; queryType: qtINDIRECT; queryDepth: 3; "
1750527533501,1750527533501,589,1,2,0,TMGetLedger,"itype: liTS_CANDIDATE; ledgerHash: ""[\000\302\314\326\214\276@c\240\272\222{\363\314\032\213\311\316\246/\330\302\014>\022\346\234\347\264\270\350""; nodeIDs: ""\000\000\000\000\000\000\000\000\000\000\000\000\000\000\000\000\000\000\000\000\000\000\000\000\000\000\000\000\000\000\000\000\000""; queryType: qtINDIRECT; queryDepth: 3; ","itype: liTS_CANDIDATE; ledgerHash: ""[\000\302\314\326\214\276@c\240\272\222{\363\314\032\213\311\316\246/\330\302\014>\022\346\234\347\264\270\350""; nodeIDs: ""\000\000\000\000\000\000\000\000\000\000\000\000\000\000\000\000\000\000\000\000\000\000\000\000\000\000\000\000\000\000\000\000\000""; queryType: qtINDIRECT; queryDepth: 3; "
1750527533501,1750527533501,4000,1,2,3,TMGetLedger,"itype: liTS_CANDIDATE; ledgerHash: ""[\000\302\314\326\214\276@c\240\272\222{\363\314\032\213\311\316\246/\330\302\014>\022\346\234\347\264\270\350""; nodeIDs: ""\000\000\000\000\000\000\000\000\000\000\000\000\000\000\000\000\000\000\000\000\000\000\000\000\000\000\000\000\000\000\000\000\000""; queryType: qtINDIRECT; queryDepth: 3; ","itype: liTS_CANDIDATE; ledgerHash: ""[\000\302\314\326\214\276@c\240\272\222{\363\314\032\213\311\316\246/\330\302\014>\022\346\234\347\264\270\350""; nodeIDs: ""\000\000\000\000\000\000\000\000\000\000\000\000\000\000\000\000\000\000\000\000\000\000\000\000\000\000\000\000\000\000\000\000\000""; queryType: qtINDIRECT; queryDepth: 3; "
1750527533500,1750527533500,3719,1,2,4,TMGetLedger,"itype: liTS_CANDIDATE; ledgerHash: ""[\000\302\314\326\214\276@c\240\272\222{\363\314\032\213\311\316\246/\330\302\014>\022\346\234\347\264\270\350""; nodeIDs: ""\000\000\000\000\000\000\000\000\000\000\000\000\000\000\000\000\000\000\000\000\000\000\000\000\000\000\000\000\000\000\000\000\000""; queryType: qtINDIRECT; queryDepth: 3; ","itype: liTS_CANDIDATE; ledgerHash: ""[\000\302\314\326\214\276@c\240\272\222{\363\314\032\213\311\316\246/\330\302\014>\022\346\234\347\264\270\350""; nodeIDs: ""\000\000\000\000\000\000\000\000\000\000\000\000\000\000\000\000\000\000\000\000\000\000\000\000\000\000\000\000\000\000\000\000\000""; queryType: qtINDIRECT; queryDepth: 3; "
1750527533504,1750527533505,3810,1,1,4,TMGetLedger,"itype: liTS_CANDIDATE; ledgerHash: ""[\000\302\314\326\214\276@c\240\272\222{\363\314\032\213\311\316\246/\330\302\014>\022\346\234\347\264\270\350""; nodeIDs: ""\000\000\000\000\000\000\000\000\000\000\000\000\000\000\000\000\000\000\000\000\000\000\000\000\000\000\000\000\000\000\000\000\000""; requestCookie: 2; queryType: qtINDIRECT; queryDepth: 3; ","itype: liTS_CANDIDATE; ledgerHash: ""[\000\302\314\326\214\276@c\240\272\222{\363\314\032\213\311\316\246/\330\302\014>\022\346\234\347\264\270\350""; nodeIDs: ""\000\000\000\000\000\000\000\000\000\000\000\000\000\000\000\000\000\000\000\000\000\000\000\000\000\000\000\000\000\000\000\000\000""; requestCookie: 2; queryType: qtINDIRECT; queryDepth: 3; "
1750527533510,1750527533510,3719,1,2,4,TMGetLedger,"itype: liTS_CANDIDATE; ledgerHash: ""[\000\302\314\326\214\276@c\240\272\222{\363\314\032\213\311\316\246/\330\302\014>\022\346\234\347\264\270\350""; nodeIDs: ""\000\000\000\000\000\000\000\000\000\000\000\000\000\000\000\000\000\000\000\000\000\000\000\000\000\000\000\000\000\000\000\000\000""; requestCookie: 3; queryType: qtINDIRECT; queryDepth: 3; ","itype: liTS_CANDIDATE; ledgerHash: ""[\000\302\314\326\214\276@c\240\272\222{\363\314\032\213\311\316\246/\330\302\014>\022\346\234\347\264\270\350""; nodeIDs: ""\000\000\000\000\000\000\000\000\000\000\000\000\000\000\000\000\000\000\000\000\000\000\000\000\000\000\000\000\000\000\000\000\000""; requestCookie: 3; queryType: qtINDIRECT; queryDepth: 3; "
1750527533514,1750527533514,1495,1,1,2,TMGetLedger,"itype: liTS_CANDIDATE; ledgerHash: ""[\000\302\314\326\214\276@c\240\272\222{\363\314\032\213\311\316\246/\330\302\014>\022\346\234\347\264\270\350""; nodeIDs: ""\000\000\000\000\000\000\000\000\000\000\000\000\000\000\000\000\000\000\000\000\000\000\000\000\000\000\000\000\000\000\000\000\000""; queryType: qtINDIRECT; queryDepth: 3; ","itype: liTS_CANDIDATE; ledgerHash: ""[\000\302\314\326\214\276@c\240\272\222{\363\314\032\213\311\316\246/\330\302\014>\022\346\234\347\264\270\350""; nodeIDs: ""\000\000\000\000\000\000\000\000\000\000\000\000\000\000\000\000\000\000\000\000\000\000\000\000\000\000\000\000\000\000\000\000\000""; queryType: qtINDIRECT; queryDepth: 3; "
1750527533515,1750527533515,3769,1,1,3,TMGetLedger,"itype: liTS_CANDIDATE; ledgerHash: ""[\000\302\314\326\214\276@c\240\272\222{\363\314\032\213\311\316\246/\330\302\014>\022\346\234\347\264\270\350""; nodeIDs: ""\000\000\000\000\000\000\000\000\000\000\000\000\000\000\000\000\000\000\000\000\000\000\000\000\000\000\000\000\000\000\000\000\000""; queryType: qtINDIRECT; queryDepth: 3; ","itype: liTS_CANDIDATE; ledgerHash: ""[\000\302\314\326\214\276@c\240\272\222{\363\314\032\213\311\316\246/\330\302\014>\022\346\234\347\264\270\350""; nodeIDs: ""\000\000\000\000\000\000\000\000\000\000\000\000\000\000\000\000\000\000\000\000\000\000\000\000\000\000\000\000\000\000\000\000\000""; queryType: qtINDIRECT; queryDepth: 3; "
1750527533515,1750527533515,2920,1,1,0,TMGetLedger,"itype: liTS_CANDIDATE; ledgerHash: ""[\000\302\314\326\214\276@c\240\272\222{\363\314\032\213\311\316\246/\330\302\014>\022\346\234\347\264\270\350""; nodeIDs: ""\000\000\000\000\000\000\000\000\000\000\000\000\000\000\000\000\000\000\000\000\000\000\000\000\000\000\000\000\000\000\000\000\000""; queryType: qtINDIRECT; queryDepth: 3; ","itype: liTS_CANDIDATE; ledgerHash: ""[\000\302\314\326\214\276@c\240\272\222{\363\314\032\213\311\316\246/\330\302\014>\022\346\234\347\264\270\350""; nodeIDs: ""\000\000\000\000\000\000\000\000\000\000\000\000\000\000\000\000\000\000\000\000\000\000\000\000\000\000\000\000\000\000\000\000\000""; queryType: qtINDIRECT; queryDepth: 3; "
1750527533515,1750527533515,3810,1,1,4,TMGetLedger,"itype: liTS_CANDIDATE; ledgerHash: ""[\000\302\314\326\214\276@c\240\272\222{\363\314\032\213\311\316\246/\330\302\014>\022\346\234\347\264\270\350""; nodeIDs: ""\000\000\000\000\000\000\000\000\000\000\000\000\000\000\000\000\000\000\000\000\000\000\000\000\000\000\000\000\000\000\000\000\000""; queryType: qtINDIRECT; queryDepth: 3; ","itype: liTS_CANDIDATE; ledgerHash: ""[\000\302\314\326\214\276@c\240\272\222{\363\314\032\213\311\316\246/\330\302\014>\022\346\234\347\264\270\350""; nodeIDs: ""\000\000\000\000\000\000\000\000\000\000\000\000\000\000\000\000\000\000\000\000\000\000\000\000\000\000\000\000\000\000\000\000\000""; queryType: qtINDIRECT; queryDepth: 3; "
1750527533545,1750527533545,3810,1,1,4,TMGetLedger,"itype: liTS_CANDIDATE; ledgerHash: ""[\000\302\314\326\214\276@c\240\272\222{\363\314\032\213\311\316\246/\330\302\014>\022\346\234\347\264\270\350""; nodeIDs: ""\000\000\000\000\000\000\000\000\000\000\000\000\000\000\000\000\000\000\000\000\000\000\000\000\000\000\000\000\000\000\000\000\000""; requestCookie: 3; queryType: qtINDIRECT; queryDepth: 3; ","itype: liTS_CANDIDATE; ledgerHash: ""[\000\302\314\326\214\276@c\240\272\222{\363\314\032\213\311\316\246/\330\302\014>\022\346\234\347\264\270\350""; nodeIDs: ""\000\000\000\000\000\000\000\000\000\000\000\000\000\000\000\000\000\000\000\000\000\000\000\000\000\000\000\000\000\000\000\000\000""; requestCookie: 3; queryType: qtINDIRECT; queryDepth: 3; "
1750527533563,1750527533563,3620,1,4,3,TMValidation,"validation: """"\200\000\000\001&\000\000\000\006)/\351\252\255:\r\302\353\023?\373\240rQ\360\215\2502\265\245\310\226\243c\302Ze\306\253#r\020\211\320iG\276\020E\317\035Sf\223F\254P\027\000\000\000\000\000\000\000\000\000\000\000\000\000\000\000\000\000\000\000\000\000\000\000\000\000\000\000\000\000\000\000\000P\031\331]\036\237\306o!\223\221\002\324\031\262\240R\177 ,\214\325\Q])\016\2067\277\t\354\010\000s!\003R7o\362bV\300hf\266\241;}\200^\374\240\203[:\342Q\225\221\027y\372\255\235\216\323~vF0D\002 <\016\027\217e\177\363\376\327\016\257?\264Q\347\203\241<4\257\333I\363\037#\352~zw\305:\346\002 Q|\251\350\022\221\276\251\310\363\375\357+\317\356\254\350\006\340F\241\232O\347\241\375c4\0312%\336""; ","validation: """"\200\000\000\001&\000\000\000\006)/\351\252\255:\r\302\353\023?\373\240rQ\360\215\2502\265\245\310\226\243c\302Ze\306\253#r\020\211\320iG\276\020E\317\035Sf\223F\254P\027\000\000\000\000\000\000\000\000\000\000\000\000\000\000\000\000\000\000\000\000\000\000\000\000\000\000\000\000\000\000\000\000P\031\331]\036\237\306o!\223\221\002\324\031\262\240R\177 ,\214\325\Q])\016\2067\277\t\354\010\000s!\003R7o\362bV\300hf\266\241;}\200^\374\240\203[:\342Q\225\221\027y\372\255\235\216\323~vF0D\002 <\016\027\217e\177\363\376\327\016\257?\264Q\347\203\241<4\257\333I\363\037#\352~zw\305:\346\002 Q|\251\350\022\221\276\251\310\363\375\357+\317\356\254\350\006\340F\241\232O\347\241\375c4\0312%\336""; "
1750527533563,1750527533563,3403,1,4,3,TMStatusChange,"newEvent: neACCEPTED_LEDGER; ledgerSeq: 6; ledgerHash: ""\360\215\2502\265\245\310\226\243c\302Ze\306\253#r\020\211\320iG\276\020E\317\035Sf\223F\254""; ledgerHashPrevious: ""\331]\036\237\306o!\223\221\002\324\031\262\240R\177 ,\214\325\Q])\016\2067\277\t\354\010\000""; networkTime: 803842733; firstSeq: 1; lastSeq: 5; ","newEvent: neACCEPTED_LEDGER; ledgerSeq: 6; ledgerHash: ""\360\215\2502\265\245\310\226\243c\302Ze\306\253#r\020\211\320iG\276\020E\317\035Sf\223F\254""; ledgerHashPrevious: ""\331]\036\237\306o!\223\221\002\324\031\262\240R\177 ,\214\325\Q])\016\2067\277\t\354\010\000""; networkTime: 803842733; firstSeq: 1; lastSeq: 5; "
1750527533564,1750527533564,3803,1,4,1,TMValidation,"validation: """"\200\000\000\001&\000\000\000\006)/\351\252\255:\r\302\353\023?\373\240rQ\360\215\2502\265\245\310\226\243c\302Ze\306\253#r\020\211\320iG\276\020E\317\035Sf\223F\254P\027\000\000\000\000\000\000\000\000\000\000\000\000\000\000\000\000\000\000\000\000\000\000\000\000\000\000\000\000\000\000\000\000P\031\331]\036\237\306o!\223\221\002\324\031\262\240R\177 ,\214\325\Q])\016\2067\277\t\354\010\000s!\003R7o\362bV\300hf\266\241;}\200^\374\240\203[:\342Q\225\221\027y\372\255\235\216\323~vF0D\002 <\016\027\217e\177\363\376\327\016\257?\264Q\347\203\241<4\257\333I\363\037#\352~zw\305:\346\002 Q|\251\350\022\221\276\251\310\363\375\357+\317\356\254\350\006\340F\241\232O\347\241\375c4\0312%\336""; ","validation: """"\200\000\000\001&\000\000\000\006)/\351\252\255:\r\302\353\023?\373\240rQ\360\215\2502\265\245\310\226\243c\302Ze\306\253#r\020\211\320iG\276\020E\317\035Sf\223F\254P\027\000\000\000\000\000\000\000\000\000\000\000\000\000\000\000\000\000\000\000\000\000\000\000\000\000\000\000\000\000\000\000\000P\031\331]\036\237\306o!\223\221\002\324\031\262\240R\177 ,\214\325\Q])\016\2067\277\t\354\010\000s!\003R7o\362bV\300hf\266\241;}\200^\374\240\203[:\342Q\225\221\027y\372\255\235\216\323~vF0D\002 <\016\027\217e\177\363\376\327\016\257?\264Q\347\203\241<4\257\333I\363\037#\352~zw\305:\346\002 Q|\251\350\022\221\276\251\310\363\375\357+\317\356\254\350\006\340F\241\232O\347\241\375c4\0312%\336""; "
1750527533564,1750527533564,783,1,4,2,TMValidation,"validation: """"\200\000\000\001&\000\000\000\006)/\351\252\255:\r\302\353\023?\373\240rQ\360\215\2502\265\245\310\226\243c\302Ze\306\253#r\020\211\320iG\276\020E\317\035Sf\223F\254P\027\000\000\000\000\000\000\000\000\000\000\000\000\000\000\000\000\000\000\000\000\000\000\000\000\000\000\000\000\000\000\000\000P\031\331]\036\237\306o!\223\221\002\324\031\262\240R\177 ,\214\325\Q])\016\2067\277\t\354\010\000s!\003R7o\362bV\300hf\266\241;}\200^\374\240\203[:\342Q\225\221\027y\372\255\235\216\323~vF0D\002 <\016\027\217e\177\363\376\327\016\257?\264Q\347\203\241<4\257\333I\363\037#\352~zw\305:\346\002 Q|\251\350\022\221\276\251\310\363\375\357+\317\356\254\350\006\340F\241\232O\347\241\375c4\0312%\336""; ","validation: """"\200\000\000\001&\000\000\000\006)/\351\252\255:\r\302\353\023?\373\240rQ\360\215\2502\265\245\310\226\243c\302Ze\306\253#r\020\211\320iG\276\020E\317\035Sf\223F\254P\027\000\000\000\000\000\000\000\000\000\000\000\000\000\000\000\000\000\000\000\000\000\000\000\000\000\000\000\000\000\000\000\000P\031\331]\036\237\306o!\223\221\002\324\031\262\240R\177 ,\214\325\Q])\016\2067\277\t\354\010\000s!\003R7o\362bV\300hf\266\241;}\200^\374\240\203[:\342Q\225\221\027y\372\255\235\216\323~vF0D\002 <\016\027\217e\177\363\376\327\016\257?\264Q\347\203\241<4\257\333I\363\037#\352~zw\305:\346\002 Q|\251\350\022\221\276\251\310\363\375\357+\317\356\254\350\006\340F\241\232O\347\241\375c4\0312%\336""; "
1750527533564,1750527533564,803,1,4,1,TMStatusChange,"newEvent: neACCEPTED_LEDGER; ledgerSeq: 6; ledgerHash: ""\360\215\2502\265\245\310\226\243c\302Ze\306\253#r\020\211\320iG\276\020E\317\035Sf\223F\254""; ledgerHashPrevious: ""\331]\036\237\306o!\223\221\002\324\031\262\240R\177 ,\214\325\Q])\016\2067\277\t\354\010\000""; networkTime: 803842733; firstSeq: 1; lastSeq: 5; ","newEvent: neACCEPTED_LEDGER; ledgerSeq: 6; ledgerHash: ""\360\215\2502\265\245\310\226\243c\302Ze\306\253#r\020\211\320iG\276\020E\317\035Sf\223F\254""; ledgerHashPrevious: ""\331]\036\237\306o!\223\221\002\324\031\262\240R\177 ,\214\325\Q])\016\2067\277\t\354\010\000""; networkTime: 803842733; firstSeq: 1; lastSeq: 5; "
1750527533564,1750527533564,3346,1,4,2,TMStatusChange,"newEvent: neACCEPTED_LEDGER; ledgerSeq: 6; ledgerHash: ""\360\215\2502\265\245\310\226\243c\302Ze\306\253#r\020\211\320iG\276\020E\317\035Sf\223F\254""; ledgerHashPrevious: ""\331]\036\237\306o!\223\221\002\324\031\262\240R\177 ,\214\325\Q])\016\2067\277\t\354\010\000""; networkTime: 803842733; firstSeq: 1; lastSeq: 5; ","newEvent: neACCEPTED_LEDGER; ledgerSeq: 6; ledgerHash: ""\360\215\2502\265\245\310\226\243c\302Ze\306\253#r\020\211\320iG\276\020E\317\035Sf\223F\254""; ledgerHashPrevious: ""\331]\036\237\306o!\223\221\002\324\031\262\240R\177 ,\214\325\Q])\016\2067\277\t\354\010\000""; networkTime: 803842733; firstSeq: 1; lastSeq: 5; "
1750527533565,1750527533565,1740,1,4,0,TMValidation,"validation: """"\200\000\000\001&\000\000\000\006)/\351\252\255:\r\302\353\023?\373\240rQ\360\215\2502\265\245\310\226\243c\302Ze\306\253#r\020\211\320iG\276\020E\317\035Sf\223F\254P\027\000\000\000\000\000\000\000\000\000\000\000\000\000\000\000\000\000\000\000\000\000\000\000\000\000\000\000\000\000\000\000\000P\031\331]\036\237\306o!\223\221\002\324\031\262\240R\177 ,\214\325\Q])\016\2067\277\t\354\010\000s!\003R7o\362bV\300hf\266\241;}\200^\374\240\203[:\342Q\225\221\027y\372\255\235\216\323~vF0D\002 <\016\027\217e\177\363\376\327\016\257?\264Q\347\203\241<4\257\333I\363\037#\352~zw\305:\346\002 Q|\251\350\022\221\276\251\310\363\375\357+\317\356\254\350\006\340F\241\232O\347\241\375c4\0312%\336""; ","validation: """"\200\000\000\001&\000\000\000\006)/\351\252\255:\r\302\353\023?\373\240rQ\360\215\2502\265\245\310\226\243c\302Ze\306\253#r\020\211\320iG\276\020E\317\035Sf\223F\254P\027\000\000\000\000\000\000\000\000\000\000\000\000\000\000\000\000\000\000\000\000\000\000\000\000\000\000\000\000\000\000\000\000P\031\331]\036\237\306o!\223\221\002\324\031\262\240R\177 ,\214\325\Q])\016\2067\277\t\354\010\000s!\003R7o\362bV\300hf\266\241;}\200^\374\240\203[:\342Q\225\221\027y\372\255\235\216\323~vF0D\002 <\016\027\217e\177\363\376\327\016\257?\264Q\347\203\241<4\257\333I\363\037#\352~zw\305:\346\002 Q|\251\350\022\221\276\251\310\363\375\357+\317\356\254\350\006\340F\241\232O\347\241\375c4\0312%\336""; "
1750527533566,1750527533566,832,1,4,0,TMStatusChange,"newEvent: neACCEPTED_LEDGER; ledgerSeq: 6; ledgerHash: ""\360\215\2502\265\245\310\226\243c\302Ze\306\253#r\020\211\320iG\276\020E\317\035Sf\223F\254""; ledgerHashPrevious: ""\331]\036\237\306o!\223\221\002\324\031\262\240R\177 ,\214\325\Q])\016\2067\277\t\354\010\000""; networkTime: 803842733; firstSeq: 1; lastSeq: 5; ","newEvent: neACCEPTED_LEDGER; ledgerSeq: 6; ledgerHash: ""\360\215\2502\265\245\310\226\243c\302Ze\306\253#r\020\211\320iG\276\020E\317\035Sf\223F\254""; ledgerHashPrevious: ""\331]\036\237\306o!\223\221\002\324\031\262\240R\177 ,\214\325\Q])\016\2067\277\t\354\010\000""; networkTime: 803842733; firstSeq: 1; lastSeq: 5; "
1750527533573,1750527533573,3578,1,1,3,TMLedgerData,"ledgerHash: ""\310\200l\322\255\214\342'\243\202\375k%_\335\032N\021G\005\230\271\366~%e\366\202l^\rR""; ledgerSeq: 0; type: liTS_CANDIDATE; nodes {;   nodedata: ""GZ\227\022t\201\240u\2324P\027\307M\337'Y\361[IAD\351\374!\232\005\337\376\252\251g\004\003"";   nodeid: ""\000\000\000\000\000\000\000\000\000\000\000\000\000\000\000\000\000\000\000\000\000\000\000\000\000\000\000\000\000\000\000\000\000""; }; ","ledgerHash: ""\310\200l\322\255\214\342'\243\202\375k%_\335\032N\021G\005\230\271\366~%e\366\202l^\rR""; ledgerSeq: 0; type: liTS_CANDIDATE; nodes {;   nodedata: ""GZ\227\022t\201\240u\2324P\027\307M\337'Y\361[IAD\351\374!\232\005\337\376\252\251g\004\003"";   nodeid: ""\000\000\000\000\000\000\000\000\000\000\000\000\000\000\000\000\000\000\000\000\000\000\000\000\000\000\000\000\000\000\000\000\000""; }; "
1750527533582,1750527533582,3085,1,3,0,TMLedgerData,"ledgerHash: ""'\274\220\233\332\373\335\027\332I\377y`\224\260\350-\215\335\267[\036\265\265\252`\026&\030{\362\363""; ledgerSeq: 0; type: liTS_CANDIDATE; nodes {;   nodedata: ""\002i\361\030\371\256\265\036\320\273\013\357<\215/(\215[\231D\357Gd\372\270\316\261\301\342\327\225\241\000GZ\227\022t\201\240u\2324P\027\307M\337'Y\361[IAD\351\374!\232\005\337\376\252\251g\004\240\231\202k\030<\225\205;%\337\001\376d\216V\310\306k>\373\322\372\353b\3659\350\345\324F\026\n\003"";   nodeid: ""\000\000\000\000\000\000\000\000\000\000\000\000\000\000\000\000\000\000\000\000\000\000\000\000\000\000\000\000\000\000\000\000\000""; }; ","ledgerHash: ""'\274\220\233\332\373\335\027\332I\377y`\224\260\350-\215\335\267[\036\265\265\252`\026&\030{\362\363""; ledgerSeq: 0; type: liTS_CANDIDATE; nodes {;   nodedata: ""\002i\361\030\371\256\265\036\320\273\013\357<\215/(\215[\231D\357Gd\372\270\316\261\301\342\327\225\241\000GZ\227\022t\201\240u\2324P\027\307M\337'Y\361[IAD\351\374!\232\005\337\376\252\251g\004\240\231\202k\030<\225\205;%\337\001\376d\216V\310\306k>\373\322\372\353b\3659\350\345\324F\026\n\003"";   nodeid: ""\000\000\000\000\000\000\000\000\000\000\000\000\000\000\000\000\000\000\000\000\000\000\000\000\000\000\000\000\000\000\000\000\000""; }; "
1750527533582,1750527533582,3719,1,2,4,TMGetLedger,"itype: liTS_CANDIDATE; ledgerHash: ""[\000\302\314\326\214\276@c\240\272\222{\363\314\032\213\311\316\246/\330\302\014>\022\346\234\347\264\270\350""; nodeIDs: ""\000\000\000\000\000\000\000\000\000\000\000\000\000\000\000\000\000\000\000\000\000\000\000\000\000\000\000\000\000\000\000\000\000""; requestCookie: 2; queryType: qtINDIRECT; queryDepth: 3; ","itype: liTS_CANDIDATE; ledgerHash: ""[\000\302\314\326\214\276@c\240\272\222{\363\314\032\213\311\316\246/\330\302\014>\022\346\234\347\264\270\350""; nodeIDs: ""\000\000\000\000\000\000\000\000\000\000\000\000\000\000\000\000\000\000\000\000\000\000\000\000\000\000\000\000\000\000\000\000\000""; requestCookie: 2; queryType: qtINDIRECT; queryDepth: 3; "
1750527533584,1750527533584,593,1,2,3,TMStatusChange,"newEvent: neACCEPTED_LEDGER; ledgerSeq: 6; ledgerHash: ""\360\215\2502\265\245\310\226\243c\302Ze\306\253#r\020\211\320iG\276\020E\317\035Sf\223F\254""; ledgerHashPrevious: ""\331]\036\237\306o!\223\221\002\324\031\262\240R\177 ,\214\325\Q])\016\2067\277\t\354\010\000""; networkTime: 803842733; firstSeq: 1; lastSeq: 5; ","newEvent: neACCEPTED_LEDGER; ledgerSeq: 6; ledgerHash: ""\360\215\2502\265\245\310\226\243c\302Ze\306\253#r\020\211\320iG\276\020E\317\035Sf\223F\254""; ledgerHashPrevious: ""\331]\036\237\306o!\223\221\002\324\031\262\240R\177 ,\214\325\Q])\016\2067\277\t\354\010\000""; networkTime: 803842733; firstSeq: 1; lastSeq: 5; "
1750527533585,1750527533585,1536,1,2,1,TMStatusChange,"newEvent: neACCEPTED_LEDGER; ledgerSeq: 6; ledgerHash: ""\360\215\2502\265\245\310\226\243c\302Ze\306\253#r\020\211\320iG\276\020E\317\035Sf\223F\254""; ledgerHashPrevious: ""\331]\036\237\306o!\223\221\002\324\031\262\240R\177 ,\214\325\Q])\016\2067\277\t\354\010\000""; networkTime: 803842733; firstSeq: 1; lastSeq: 5; ","newEvent: neACCEPTED_LEDGER; ledgerSeq: 6; ledgerHash: ""\360\215\2502\265\245\310\226\243c\302Ze\306\253#r\020\211\320iG\276\020E\317\035Sf\223F\254""; ledgerHashPrevious: ""\331]\036\237\306o!\223\221\002\324\031\262\240R\177 ,\214\325\Q])\016\2067\277\t\354\010\000""; networkTime: 803842733; firstSeq: 1; lastSeq: 5; "
1750527533586,1750527533586,679,1,2,0,TMStatusChange,"newEvent: neACCEPTED_LEDGER; ledgerSeq: 6; ledgerHash: ""\360\215\2502\265\245\310\226\243c\302Ze\306\253#r\020\211\320iG\276\020E\317\035Sf\223F\254""; ledgerHashPrevious: ""\331]\036\237\306o!\223\221\002\324\031\262\240R\177 ,\214\325\Q])\016\2067\277\t\354\010\000""; networkTime: 803842733; firstSeq: 1; lastSeq: 5; ","newEvent: neACCEPTED_LEDGER; ledgerSeq: 6; ledgerHash: ""\360\215\2502\265\245\310\226\243c\302Ze\306\253#r\020\211\320iG\276\020E\317\035Sf\223F\254""; ledgerHashPrevious: ""\331]\036\237\306o!\223\221\002\324\031\262\240R\177 ,\214\325\Q])\016\2067\277\t\354\010\000""; networkTime: 803842733; firstSeq: 1; lastSeq: 5; "
1750527533585,1750527533585,446,1,2,0,TMValidation,"validation: """"\200\000\000\001&\000\000\000\006)/\351\252\255:g\237X\336\3531\020\010Q\360\215\2502\265\245\310\226\243c\302Ze\306\253#r\020\211\320iG\276\020E\317\035Sf\223F\254P\027\000\000\000\000\000\000\000\000\000\000\000\000\000\000\000\000\000\000\000\000\000\000\000\000\000\000\000\000\000\000\000\000P\031\331]\036\237\306o!\223\221\002\324\031\262\240R\177 ,\214\325\Q])\016\2067\277\t\354\010\000s!\003\255\225A\213\332\224ehh\024BDq\224\250\335`\355\353{\357\266\335<\021\032\265\177\206\356&\215vF0D\002 \\357\362#\371\010\365b(\356\250Y\256E\265\217\334\237,\243\301\0069+\005\357u\324\311D\203\246\002 \027\326D\261}ZyeO\000\347\313P,pa\300\000\034\220ev\264]\233\001\344\037O\315f\002""; ","validation: """"\200\000\000\001&\000\000\000\006)/\351\252\255:g\237X\336\3531\020\010Q\360\215\2502\265\245\310\226\243c\302Ze\306\253#r\020\211\320iG\276\020E\317\035Sf\223F\254P\027\000\000\000\000\000\000\000\000\000\000\000\000\000\000\000\000\000\000\000\000\000\000\000\000\000\000\000\000\000\000\000\000P\031\331]\036\237\306o!\223\221\002\324\031\262\240R\177 ,\214\325\Q])\016\2067\277\t\354\010\000s!\003\255\225A\213\332\224ehh\024BDq\224\250\335`\355\353{\357\266\335<\021\032\265\177\206\356&\215vF0D\002 \\357\362#\371\010\365b(\356\250Y\256E\265\217\334\237,\243\301\0069+\005\357u\324\311D\203\246\002 \027\326D\261}ZyeO\000\347\313P,pa\300\000\034\220ev\264]\233\001\344\037O\315f\002""; "
1750527533585,1750527533585,723,1,2,3,TMValidation,"validation: """"\200\000\000\001&\000\000\000\006)/\351\252\255:g\237X\336\3531\020\010Q\360\215\2502\265\245\310\226\243c\302Ze\306\253#r\020\211\320iG\276\020E\317\035Sf\223F\254P\027\000\000\000\000\000\000\000\000\000\000\000\000\000\000\000\000\000\000\000\000\000\000\000\000\000\000\000\000\000\000\000\000P\031\331]\036\237\306o!\223\221\002\324\031\262\240R\177 ,\214\325\Q])\016\2067\277\t\354\010\000s!\003\255\225A\213\332\224ehh\024BDq\224\250\335`\355\353{\357\266\335<\021\032\265\177\206\356&\215vF0D\002 \\357\362#\371\010\365b(\356\250Y\256E\265\217\334\237,\243\301\0069+\005\357u\324\311D\203\246\002 \027\326D\261}ZyeO\000\347\313P,pa\300\000\034\220ev\264]\233\001\344\037O\315f\002""; ","validation: """"\200\000\000\001&\000\000\000\006)/\351\252\255:g\237X\336\3531\020\010Q\360\215\2502\265\245\310\226\243c\302Ze\306\253#r\020\211\320iG\276\020E\317\035Sf\223F\254P\027\000\000\000\000\000\000\000\000\000\000\000\000\000\000\000\000\000\000\000\000\000\000\000\000\000\000\000\000\000\000\000\000P\031\331]\036\237\306o!\223\221\002\324\031\262\240R\177 ,\214\325\Q])\016\2067\277\t\354\010\000s!\003\255\225A\213\332\224ehh\024BDq\224\250\335`\355\353{\357\266\335<\021\032\265\177\206\356&\215vF0D\002 \\357\362#\371\010\365b(\356\250Y\256E\265\217\334\237,\243\301\0069+\005\357u\324\311D\203\246\002 \027\326D\261}ZyeO\000\347\313P,pa\300\000\034\220ev\264]\233\001\344\037O\315f\002""; "
1750527533589,1750527533589,2764,1,4,3,TMLedgerData,"ledgerHash: ""\310\200l\322\255\214\342'\243\202\375k%_\335\032N\021G\005\230\271\366~%e\366\202l^\rR""; ledgerSeq: 0; type: liTS_CANDIDATE; nodes {;   nodedata: ""GZ\227\022t\201\240u\2324P\027\307M\337'Y\361[IAD\351\374!\232\005\337\376\252\251g\004\003"";   nodeid: ""\000\000\000\000\000\000\000\000\000\000\000\000\000\000\000\000\000\000\000\000\000\000\000\000\000\000\000\000\000\000\000\000\000""; }; ","ledgerHash: ""\310\200l\322\255\214\342'\243\202\375k%_\335\032N\021G\005\230\271\366~%e\366\202l^\rR""; ledgerSeq: 0; type: liTS_CANDIDATE; nodes {;   nodedata: ""GZ\227\022t\201\240u\2324P\027\307M\337'Y\361[IAD\351\374!\232\005\337\376\252\251g\004\003"";   nodeid: ""\000\000\000\000\000\000\000\000\000\000\000\000\000\000\000\000\000\000\000\000\000\000\000\000\000\000\000\000\000\000\000\000\000""; }; "
1750527533590,1750527533590,3818,1,0,2,TMLedgerData,"ledgerHash: ""[\000\302\314\326\214\276@c\240\272\222{\363\314\032\213\311\316\246/\330\302\014>\022\346\234\347\264\270\350""; ledgerSeq: 0; type: liTS_CANDIDATE; nodes {;   nodedata: ""\002i\361\030\371\256\265\036\320\273\013\357<\215/(\215[\231D\357Gd\372\270\316\261\301\342\327\225\241\000GZ\227\022t\201\240u\2324P\027\307M\337'Y\361[IAD\351\374!\232\005\337\376\252\251g\004\003"";   nodeid: ""\000\000\000\000\000\000\000\000\000\000\000\000\000\000\000\000\000\000\000\000\000\000\000\000\000\000\000\000\000\000\000\000\000""; }; ","ledgerHash: ""[\000\302\314\326\214\276@c\240\272\222{\363\314\032\213\311\316\246/\330\302\014>\022\346\234\347\264\270\350""; ledgerSeq: 0; type: liTS_CANDIDATE; nodes {;   nodedata: ""\002i\361\030\371\256\265\036\320\273\013\357<\215/(\215[\231D\357Gd\372\270\316\261\301\342\327\225\241\000GZ\227\022t\201\240u\2324P\027\307M\337'Y\361[IAD\351\374!\232\005\337\376\252\251g\004\003"";   nodeid: ""\000\000\000\000\000\000\000\000\000\000\000\000\000\000\000\000\000\000\000\000\000\000\000\000\000\000\000\000\000\000\000\000\000""; }; "
1750527533610,1750527533610,3504,1,0,4,TMProposeSet,"proposeSeq: 0; currentTxHash: ""\000\000\000\000\000\000\000\000\000\000\000\000\000\000\000\000\000\000\000\000\000\000\000\000\000\000\000\000\000\000\000\000""; nodePubKey: ""\002\364d\217\366\217|\316F\232\231\241\n\261\333`\312O\367\235\025DD\336e\367\n\312\326\221\037\025\230""; closeTime: 803842731; signature: ""0D\002 N\221\032Y@\241\215\007kfJ\224a\3632""\256\r!\275\235""5n\031\324\310\306\220\210\250\337\002 \025\034\342X\3669\347\036\312\003d5\367\373dY\353\247\320\t\321U\037Ao]\206~\254p\206J""; previousledger: ""\331]\036\237\306o!\223\221\002\324\031\262\240R\177 ,\214\325\Q])\016\2067\277\t\354\010\000""; ","proposeSeq: 0; currentTxHash: ""\000\000\000\000\000\000\000\000\000\000\000\000\000\000\000\000\000\000\000\000\000\000\000\000\000\000\000\000\000\000\000\000""; nodePubKey: ""\002\364d\217\366\217|\316F\232\231\241\n\261\333`\312O\367\235\025DD\336e\367\n\312\326\221\037\025\230""; closeTime: 803842731; signature: ""0D\002 N\221\032Y@\241\215\007kfJ\224a\3632""\256\r!\275\235""5n\031\324\310\306\220\210\250\337\002 \025\034\342X\3669\347\036\312\003d5\367\373dY\353\247\320\t\321U\037Ao]\206~\254p\206J""; previousledger: ""\331]\036\237\306o!\223\221\002\324\031\262\240R\177 ,\214\325\Q])\016\2067\277\t\354\010\000""; "
1750527533611,1750527533611,3268,1,0,2,TMProposeSet,"proposeSeq: 0; currentTxHash: ""\000\000\000\000\000\000\000\000\000\000\000\000\000\000\000\000\000\000\000\000\000\000\000\000\000\000\000\000\000\000\000\000""; nodePubKey: ""\002\364d\217\366\217|\316F\232\231\241\n\261\333`\312O\367\235\025DD\336e\367\n\312\326\221\037\025\230""; closeTime: 803842731; signature: ""0D\002 N\221\032Y@\241\215\007kfJ\224a\3632""\256\r!\275\235""5n\031\324\310\306\220\210\250\337\002 \025\034\342X\3669\347\036\312\003d5\367\373dY\353\247\320\t\321U\037Ao]\206~\254p\206J""; previousledger: ""\331]\036\237\306o!\223\221\002\324\031\262\240R\177 ,\214\325\Q])\016\2067\277\t\354\010\000""; ","proposeSeq: 0; currentTxHash: ""\000\000\000\000\000\000\000\000\000\000\000\000\000\000\000\000\000\000\000\000\000\000\000\000\000\000\000\000\000\000\000\000""; nodePubKey: ""\002\364d\217\366\217|\316F\232\231\241\n\261\333`\312O\367\235\025DD\336e\367\n\312\326\221\037\025\230""; closeTime: 803842731; signature: ""0D\002 N\221\032Y@\241\215\007kfJ\224a\3632""\256\r!\275\235""5n\031\324\310\306\220\210\250\337\002 \025\034\342X\3669\347\036\312\003d5\367\373dY\353\247\320\t\321U\037Ao]\206~\254p\206J""; previousledger: ""\331]\036\237\306o!\223\221\002\324\031\262\240R\177 ,\214\325\Q])\016\2067\277\t\354\010\000""; "
1750527533611,1750527533611,3849,1,0,1,TMProposeSet,"proposeSeq: 0; currentTxHash: ""\000\000\000\000\000\000\000\000\000\000\000\000\000\000\000\000\000\000\000\000\000\000\000\000\000\000\000\000\000\000\000\000""; nodePubKey: ""\002\364d\217\366\217|\316F\232\231\241\n\261\333`\312O\367\235\025DD\336e\367\n\312\326\221\037\025\230""; closeTime: 803842731; signature: ""0D\002 N\221\032Y@\241\215\007kfJ\224a\3632""\256\r!\275\235""5n\031\324\310\306\220\210\250\337\002 \025\034\342X\3669\347\036\312\003d5\367\373dY\353\247\320\t\321U\037Ao]\206~\254p\206J""; previousledger: ""\331]\036\237\306o!\223\221\002\324\031\262\240R\177 ,\214\325\Q])\016\2067\277\t\354\010\000""; ","proposeSeq: 0; currentTxHash: ""\000\000\000\000\000\000\000\000\000\000\000\000\000\000\000\000\000\000\000\000\000\000\000\000\000\000\000\000\000\000\000\000""; nodePubKey: ""\002\364d\217\366\217|\316F\232\231\241\n\261\333`\312O\367\235\025DD\336e\367\n\312\326\221\037\025\230""; closeTime: 803842731; signature: ""0D\002 N\221\032Y@\241\215\007kfJ\224a\3632""\256\r!\275\235""5n\031\324\310\306\220\210\250\337\002 \025\034\342X\3669\347\036\312\003d5\367\373dY\353\247\320\t\321U\037Ao]\206~\254p\206J""; previousledger: ""\331]\036\237\306o!\223\221\002\324\031\262\240R\177 ,\214\325\Q])\016\2067\277\t\354\010\000""; "
1750527533612,1750527533612,860,1,1,0,TMLedgerData,"ledgerHash: ""'\274\220\233\332\373\335\027\332I\377y`\224\260\350-\215\335\267[\036\265\265\252`\026&\030{\362\363""; ledgerSeq: 0; type: liTS_CANDIDATE; nodes {;   nodedata: ""\002i\361\030\371\256\265\036\320\273\013\357<\215/(\215[\231D\357Gd\372\270\316\261\301\342\327\225\241\000GZ\227\022t\201\240u\2324P\027\307M\337'Y\361[IAD\351\374!\232\005\337\376\252\251g\004\240\231\202k\030<\225\205;%\337\001\376d\216V\310\306k>\373\322\372\353b\3659\350\345\324F\026\n\003"";   nodeid: ""\000\000\000\000\000\000\000\000\000\000\000\000\000\000\000\000\000\000\000\000\000\000\000\000\000\000\000\000\000\000\000\000\000""; }; ","ledgerHash: ""'\274\220\233\332\373\335\027\332I\377y`\224\260\350-\215\335\267[\036\265\265\252`\026&\030{\362\363""; ledgerSeq: 0; type: liTS_CANDIDATE; nodes {;   nodedata: ""\002i\361\030\371\256\265\036\320\273\013\357<\215/(\215[\231D\357Gd\372\270\316\261\301\342\327\225\241\000GZ\227\022t\201\240u\2324P\027\307M\337'Y\361[IAD\351\374!\232\005\337\376\252\251g\004\240\231\202k\030<\225\205;%\337\001\376d\216V\310\306k>\373\322\372\353b\3659\350\345\324F\026\n\003"";   nodeid: ""\000\000\000\000\000\000\000\000\000\000\000\000\000\000\000\000\000\000\000\000\000\000\000\000\000\000\000\000\000\000\000\000\000""; }; "
1750527533613,1750527533613,1497,1,0,3,TMLedgerData,"ledgerHash: ""[\000\302\314\326\214\276@c\240\272\222{\363\314\032\213\311\316\246/\330\302\014>\022\346\234\347\264\270\350""; ledgerSeq: 0; type: liTS_CANDIDATE; nodes {;   nodedata: ""\002i\361\030\371\256\265\036\320\273\013\357<\215/(\215[\231D\357Gd\372\270\316\261\301\342\327\225\241\000GZ\227\022t\201\240u\2324P\027\307M\337'Y\361[IAD\351\374!\232\005\337\376\252\251g\004\003"";   nodeid: ""\000\000\000\000\000\000\000\000\000\000\000\000\000\000\000\000\000\000\000\000\000\000\000\000\000\000\000\000\000\000\000\000\000""; }; ","ledgerHash: ""[\000\302\314\326\214\276@c\240\272\222{\363\314\032\213\311\316\246/\330\302\014>\022\346\234\347\264\270\350""; ledgerSeq: 0; type: liTS_CANDIDATE; nodes {;   nodedata: ""\002i\361\030\371\256\265\036\320\273\013\357<\215/(\215[\231D\357Gd\372\270\316\261\301\342\327\225\241\000GZ\227\022t\201\240u\2324P\027\307M\337'Y\361[IAD\351\374!\232\005\337\376\252\251g\004\003"";   nodeid: ""\000\000\000\000\000\000\000\000\000\000\000\000\000\000\000\000\000\000\000\000\000\000\000\000\000\000\000\000\000\000\000\000\000""; }; "
1750527533626,1750527533626,3128,1,2,4,TMValidation,"validation: """"\200\000\000\001&\000\000\000\006)/\351\252\255:g\237X\336\3531\020\010Q\360\215\2502\265\245\310\226\243c\302Ze\306\253#r\020\211\320iG\276\020E\317\035Sf\223F\254P\027\000\000\000\000\000\000\000\000\000\000\000\000\000\000\000\000\000\000\000\000\000\000\000\000\000\000\000\000\000\000\000\000P\031\331]\036\237\306o!\223\221\002\324\031\262\240R\177 ,\214\325\Q])\016\2067\277\t\354\010\000s!\003\255\225A\213\332\224ehh\024BDq\224\250\335`\355\353{\357\266\335<\021\032\265\177\206\356&\215vF0D\002 \\357\362#\371\010\365b(\356\250Y\256E\265\217\334\237,\243\301\0069+\005\357u\324\311D\203\246\002 \027\326D\261}ZyeO\000\347\313P,pa\300\000\034\220ev\264]\233\001\344\037O\315f\002""; ","validation: """"\200\000\000\001&\000\000\000\006)/\351\252\255:g\237X\336\3531\020\010Q\360\215\2502\265\245\310\226\243c\302Ze\306\253#r\020\211\320iG\276\020E\317\035Sf\223F\254P\027\000\000\000\000\000\000\000\000\000\000\000\000\000\000\000\000\000\000\000\000\000\000\000\000\000\000\000\000\000\000\000\000P\031\331]\036\237\306o!\223\221\002\324\031\262\240R\177 ,\214\325\Q])\016\2067\277\t\354\010\000s!\003\255\225A\213\332\224ehh\024BDq\224\250\335`\355\353{\357\266\335<\021\032\265\177\206\356&\215vF0D\002 \\357\362#\371\010\365b(\356\250Y\256E\265\217\334\237,\243\301\0069+\005\357u\324\311D\203\246\002 \027\326D\261}ZyeO\000\347\313P,pa\300\000\034\220ev\264]\233\001\344\037O\315f\002""; "
1750527533627,1750527533627,340,1,2,1,TMValidation,"validation: """"\200\000\000\001&\000\000\000\006)/\351\252\255:g\237X\336\3531\020\010Q\360\215\2502\265\245\310\226\243c\302Ze\306\253#r\020\211\320iG\276\020E\317\035Sf\223F\254P\027\000\000\000\000\000\000\000\000\000\000\000\000\000\000\000\000\000\000\000\000\000\000\000\000\000\000\000\000\000\000\000\000P\031\331]\036\237\306o!\223\221\002\324\031\262\240R\177 ,\214\325\Q])\016\2067\277\t\354\010\000s!\003\255\225A\213\332\224ehh\024BDq\224\250\335`\355\353{\357\266\335<\021\032\265\177\206\356&\215vF0D\002 \\357\362#\371\010\365b(\356\250Y\256E\265\217\334\237,\243\301\0069+\005\357u\324\311D\203\246\002 \027\326D\261}ZyeO\000\347\313P,pa\300\000\034\220ev\264]\233\001\344\037O\315f\002""; ","validation: """"\200\000\000\001&\000\000\000\006)/\351\252\255:g\237X\336\3531\020\010Q\360\215\2502\265\245\310\226\243c\302Ze\306\253#r\020\211\320iG\276\020E\317\035Sf\223F\254P\027\000\000\000\000\000\000\000\000\000\000\000\000\000\000\000\000\000\000\000\000\000\000\000\000\000\000\000\000\000\000\000\000P\031\331]\036\237\306o!\223\221\002\324\031\262\240R\177 ,\214\325\Q])\016\2067\277\t\354\010\000s!\003\255\225A\213\332\224ehh\024BDq\224\250\335`\355\353{\357\266\335<\021\032\265\177\206\356&\215vF0D\002 \\357\362#\371\010\365b(\356\250Y\256E\265\217\334\237,\243\301\0069+\005\357u\324\311D\203\246\002 \027\326D\261}ZyeO\000\347\313P,pa\300\000\034\220ev\264]\233\001\344\037O\315f\002""; "
1750527533627,1750527533627,3446,1,2,4,TMStatusChange,"newEvent: neACCEPTED_LEDGER; ledgerSeq: 6; ledgerHash: ""\360\215\2502\265\245\310\226\243c\302Ze\306\253#r\020\211\320iG\276\020E\317\035Sf\223F\254""; ledgerHashPrevious: ""\331]\036\237\306o!\223\221\002\324\031\262\240R\177 ,\214\325\Q])\016\2067\277\t\354\010\000""; networkTime: 803842733; firstSeq: 1; lastSeq: 5; ","newEvent: neACCEPTED_LEDGER; ledgerSeq: 6; ledgerHash: ""\360\215\2502\265\245\310\226\243c\302Ze\306\253#r\020\211\320iG\276\020E\317\035Sf\223F\254""; ledgerHashPrevious: ""\331]\036\237\306o!\223\221\002\324\031\262\240R\177 ,\214\325\Q])\016\2067\277\t\354\010\000""; networkTime: 803842733; firstSeq: 1; lastSeq: 5; "
1750527533639,1750527533639,1434,1,0,1,TMLedgerData,"ledgerHash: ""\310\200l\322\255\214\342'\243\202\375k%_\335\032N\021G\005\230\271\366~%e\366\202l^\rR""; ledgerSeq: 0; type: liTS_CANDIDATE; nodes {;   nodedata: ""GZ\227\022t\201\240u\2324P\027\307M\337'Y\361[IAD\351\374!\232\005\337\376\252\251g\004\003"";   nodeid: ""\000\000\000\000\000\000\000\000\000\000\000\000\000\000\000\000\000\000\000\000\000\000\000\000\000\000\000\000\000\000\000\000\000""; }; requestCookie: 4; ","ledgerHash: ""\310\200l\322\255\214\342'\243\202\375k%_\335\032N\021G\005\230\271\366~%e\366\202l^\rR""; ledgerSeq: 0; type: liTS_CANDIDATE; nodes {;   nodedata: ""GZ\227\022t\201\240u\2324P\027\307M\337'Y\361[IAD\351\374!\232\005\337\376\252\251g\004\003"";   nodeid: ""\000\000\000\000\000\000\000\000\000\000\000\000\000\000\000\000\000\000\000\000\000\000\000\000\000\000\000\000\000\000\000\000\000""; }; requestCookie: 4; "
1750527533684,1750527533684,1434,1,0,1,TMLedgerData,"ledgerHash: ""[\000\302\314\326\214\276@c\240\272\222{\363\314\032\213\311\316\246/\330\302\014>\022\346\234\347\264\270\350""; ledgerSeq: 0; type: liTS_CANDIDATE; nodes {;   nodedata: ""\002i\361\030\371\256\265\036\320\273\013\357<\215/(\215[\231D\357Gd\372\270\316\261\301\342\327\225\241\000GZ\227\022t\201\240u\2324P\027\307M\337'Y\361[IAD\351\374!\232\005\337\376\252\251g\004\003"";   nodeid: ""\000\000\000\000\000\000\000\000\000\000\000\000\000\000\000\000\000\000\000\000\000\000\000\000\000\000\000\000\000\000\000\000\000""; }; ","ledgerHash: ""[\000\302\314\326\214\276@c\240\272\222{\363\314\032\213\311\316\246/\330\302\014>\022\346\234\347\264\270\350""; ledgerSeq: 0; type: liTS_CANDIDATE; nodes {;   nodedata: ""\002i\361\030\371\256\265\036\320\273\013\357<\215/(\215[\231D\357Gd\372\270\316\261\301\342\327\225\241\000GZ\227\022t\201\240u\2324P\027\307M\337'Y\361[IAD\351\374!\232\005\337\376\252\251g\004\003"";   nodeid: ""\000\000\000\000\000\000\000\000\000\000\000\000\000\000\000\000\000\000\000\000\000\000\000\000\000\000\000\000\000\000\000\000\000""; }; "
1750527533718,1750527533718,1539,1,4,2,TMLedgerData,"ledgerHash: ""[\000\302\314\326\214\276@c\240\272\222{\363\314\032\213\311\316\246/\330\302\014>\022\346\234\347\264\270\350""; ledgerSeq: 0; type: liTS_CANDIDATE; nodes {;   nodedata: ""\002i\361\030\371\256\265\036\320\273\013\357<\215/(\215[\231D\357Gd\372\270\316\261\301\342\327\225\241\000GZ\227\022t\201\240u\2324P\027\307M\337'Y\361[IAD\351\374!\232\005\337\376\252\251g\004\003"";   nodeid: ""\000\000\000\000\000\000\000\000\000\000\000\000\000\000\000\000\000\000\000\000\000\000\000\000\000\000\000\000\000\000\000\000\000""; }; ","ledgerHash: ""[\000\302\314\326\214\276@c\240\272\222{\363\314\032\213\311\316\246/\330\302\014>\022\346\234\347\264\270\350""; ledgerSeq: 0; type: liTS_CANDIDATE; nodes {;   nodedata: ""\002i\361\030\371\256\265\036\320\273\013\357<\215/(\215[\231D\357Gd\372\270\316\261\301\342\327\225\241\000GZ\227\022t\201\240u\2324P\027\307M\337'Y\361[IAD\351\374!\232\005\337\376\252\251g\004\003"";   nodeid: ""\000\000\000\000\000\000\000\000\000\000\000\000\000\000\000\000\000\000\000\000\000\000\000\000\000\000\000\000\000\000\000\000\000""; }; "
1750527533724,1750527533725,3085,1,3,0,TMLedgerData,"ledgerHash: ""[\000\302\314\326\214\276@c\240\272\222{\363\314\032\213\311\316\246/\330\302\014>\022\346\234\347\264\270\350""; ledgerSeq: 0; type: liTS_CANDIDATE; nodes {;   nodedata: ""\002i\361\030\371\256\265\036\320\273\013\357<\215/(\215[\231D\357Gd\372\270\316\261\301\342\327\225\241\000GZ\227\022t\201\240u\2324P\027\307M\337'Y\361[IAD\351\374!\232\005\337\376\252\251g\004\003"";   nodeid: ""\000\000\000\000\000\000\000\000\000\000\000\000\000\000\000\000\000\000\000\000\000\000\000\000\000\000\000\000\000\000\000\000\000""; }; ","ledgerHash: ""[\000\302\314\326\214\276@c\240\272\222{\363\314\032\213\311\316\246/\330\302\014>\022\346\234\347\264\270\350""; ledgerSeq: 0; type: liTS_CANDIDATE; nodes {;   nodedata: ""\002i\361\030\371\256\265\036\320\273\013\357<\215/(\215[\231D\357Gd\372\270\316\261\301\342\327\225\241\000GZ\227\022t\201\240u\2324P\027\307M\337'Y\361[IAD\351\374!\232\005\337\376\252\251g\004\003"";   nodeid: ""\000\000\000\000\000\000\000\000\000\000\000\000\000\000\000\000\000\000\000\000\000\000\000\000\000\000\000\000\000\000\000\000\000""; }; "
1750527533750,1750527533750,589,1,2,0,TMGetLedger,"itype: liTS_CANDIDATE; ledgerHash: ""[\000\302\314\326\214\276@c\240\272\222{\363\314\032\213\311\316\246/\330\302\014>\022\346\234\347\264\270\350""; nodeIDs: ""\000\000\000\000\000\000\000\000\000\000\000\000\000\000\000\000\000\000\000\000\000\000\000\000\000\000\000\000\000\000\000\000\000""; queryType: qtINDIRECT; queryDepth: 3; ","itype: liTS_CANDIDATE; ledgerHash: ""[\000\302\314\326\214\276@c\240\272\222{\363\314\032\213\311\316\246/\330\302\014>\022\346\234\347\264\270\350""; nodeIDs: ""\000\000\000\000\000\000\000\000\000\000\000\000\000\000\000\000\000\000\000\000\000\000\000\000\000\000\000\000\000\000\000\000\000""; queryType: qtINDIRECT; queryDepth: 3; "
1750527533751,1750527533751,1544,1,2,1,TMGetLedger,"itype: liTS_CANDIDATE; ledgerHash: ""[\000\302\314\326\214\276@c\240\272\222{\363\314\032\213\311\316\246/\330\302\014>\022\346\234\347\264\270\350""; nodeIDs: ""\000\000\000\000\000\000\000\000\000\000\000\000\000\000\000\000\000\000\000\000\000\000\000\000\000\000\000\000\000\000\000\000\000""; queryType: qtINDIRECT; queryDepth: 3; ","itype: liTS_CANDIDATE; ledgerHash: ""[\000\302\314\326\214\276@c\240\272\222{\363\314\032\213\311\316\246/\330\302\014>\022\346\234\347\264\270\350""; nodeIDs: ""\000\000\000\000\000\000\000\000\000\000\000\000\000\000\000\000\000\000\000\000\000\000\000\000\000\000\000\000\000\000\000\000\000""; queryType: qtINDIRECT; queryDepth: 3; "
1750527533750,1750527533750,4000,1,2,3,TMGetLedger,"itype: liTS_CANDIDATE; ledgerHash: ""[\000\302\314\326\214\276@c\240\272\222{\363\314\032\213\311\316\246/\330\302\014>\022\346\234\347\264\270\350""; nodeIDs: ""\000\000\000\000\000\000\000\000\000\000\000\000\000\000\000\000\000\000\000\000\000\000\000\000\000\000\000\000\000\000\000\000\000""; queryType: qtINDIRECT; queryDepth: 3; ","itype: liTS_CANDIDATE; ledgerHash: ""[\000\302\314\326\214\276@c\240\272\222{\363\314\032\213\311\316\246/\330\302\014>\022\346\234\347\264\270\350""; nodeIDs: ""\000\000\000\000\000\000\000\000\000\000\000\000\000\000\000\000\000\000\000\000\000\000\000\000\000\000\000\000\000\000\000\000\000""; queryType: qtINDIRECT; queryDepth: 3; "
1750527533751,1750527533751,3719,1,2,4,TMGetLedger,"itype: liTS_CANDIDATE; ledgerHash: ""[\000\302\314\326\214\276@c\240\272\222{\363\314\032\213\311\316\246/\330\302\014>\022\346\234\347\264\270\350""; nodeIDs: ""\000\000\000\000\000\000\000\000\000\000\000\000\000\000\000\000\000\000\000\000\000\000\000\000\000\000\000\000\000\000\000\000\000""; queryType: qtINDIRECT; queryDepth: 3; ","itype: liTS_CANDIDATE; ledgerHash: ""[\000\302\314\326\214\276@c\240\272\222{\363\314\032\213\311\316\246/\330\302\014>\022\346\234\347\264\270\350""; nodeIDs: ""\000\000\000\000\000\000\000\000\000\000\000\000\000\000\000\000\000\000\000\000\000\000\000\000\000\000\000\000\000\000\000\000\000""; queryType: qtINDIRECT; queryDepth: 3; "
1750527533756,1750527533756,3810,1,1,4,TMGetLedger,"itype: liTS_CANDIDATE; ledgerHash: ""[\000\302\314\326\214\276@c\240\272\222{\363\314\032\213\311\316\246/\330\302\014>\022\346\234\347\264\270\350""; nodeIDs: ""\000\000\000\000\000\000\000\000\000\000\000\000\000\000\000\000\000\000\000\000\000\000\000\000\000\000\000\000\000\000\000\000\000""; requestCookie: 2; queryType: qtINDIRECT; queryDepth: 3; ","itype: liTS_CANDIDATE; ledgerHash: ""[\000\302\314\326\214\276@c\240\272\222{\363\314\032\213\311\316\246/\330\302\014>\022\346\234\347\264\270\350""; nodeIDs: ""\000\000\000\000\000\000\000\000\000\000\000\000\000\000\000\000\000\000\000\000\000\000\000\000\000\000\000\000\000\000\000\000\000""; requestCookie: 2; queryType: qtINDIRECT; queryDepth: 3; "
1750527533760,1750527533760,3719,1,2,4,TMGetLedger,"itype: liTS_CANDIDATE; ledgerHash: ""[\000\302\314\326\214\276@c\240\272\222{\363\314\032\213\311\316\246/\330\302\014>\022\346\234\347\264\270\350""; nodeIDs: ""\000\000\000\000\000\000\000\000\000\000\000\000\000\000\000\000\000\000\000\000\000\000\000\000\000\000\000\000\000\000\000\000\000""; requestCookie: 3; queryType: qtINDIRECT; queryDepth: 3; ","itype: liTS_CANDIDATE; ledgerHash: ""[\000\302\314\326\214\276@c\240\272\222{\363\314\032\213\311\316\246/\330\302\014>\022\346\234\347\264\270\350""; nodeIDs: ""\000\000\000\000\000\000\000\000\000\000\000\000\000\000\000\000\000\000\000\000\000\000\000\000\000\000\000\000\000\000\000\000\000""; requestCookie: 3; queryType: qtINDIRECT; queryDepth: 3; "
1750527533764,1750527533764,1495,1,1,2,TMGetLedger,"itype: liTS_CANDIDATE; ledgerHash: ""[\000\302\314\326\214\276@c\240\272\222{\363\314\032\213\311\316\246/\330\302\014>\022\346\234\347\264\270\350""; nodeIDs: ""\000\000\000\000\000\000\000\000\000\000\000\000\000\000\000\000\000\000\000\000\000\000\000\000\000\000\000\000\000\000\000\000\000""; queryType: qtINDIRECT; queryDepth: 3; ","itype: liTS_CANDIDATE; ledgerHash: ""[\000\302\314\326\214\276@c\240\272\222{\363\314\032\213\311\316\246/\330\302\014>\022\346\234\347\264\270\350""; nodeIDs: ""\000\000\000\000\000\000\000\000\000\000\000\000\000\000\000\000\000\000\000\000\000\000\000\000\000\000\000\000\000\000\000\000\000""; queryType: qtINDIRECT; queryDepth: 3; "
1750527533765,1750527533765,3810,1,1,4,TMGetLedger,"itype: liTS_CANDIDATE; ledgerHash: ""[\000\302\314\326\214\276@c\240\272\222{\363\314\032\213\311\316\246/\330\302\014>\022\346\234\347\264\270\350""; nodeIDs: ""\000\000\000\000\000\000\000\000\000\000\000\000\000\000\000\000\000\000\000\000\000\000\000\000\000\000\000\000\000\000\000\000\000""; queryType: qtINDIRECT; queryDepth: 3; ","itype: liTS_CANDIDATE; ledgerHash: ""[\000\302\314\326\214\276@c\240\272\222{\363\314\032\213\311\316\246/\330\302\014>\022\346\234\347\264\270\350""; nodeIDs: ""\000\000\000\000\000\000\000\000\000\000\000\000\000\000\000\000\000\000\000\000\000\000\000\000\000\000\000\000\000\000\000\000\000""; queryType: qtINDIRECT; queryDepth: 3; "
1750527533765,1750527533765,2920,1,1,0,TMGetLedger,"itype: liTS_CANDIDATE; ledgerHash: ""[\000\302\314\326\214\276@c\240\272\222{\363\314\032\213\311\316\246/\330\302\014>\022\346\234\347\264\270\350""; nodeIDs: ""\000\000\000\000\000\000\000\000\000\000\000\000\000\000\000\000\000\000\000\000\000\000\000\000\000\000\000\000\000\000\000\000\000""; queryType: qtINDIRECT; queryDepth: 3; ","itype: liTS_CANDIDATE; ledgerHash: ""[\000\302\314\326\214\276@c\240\272\222{\363\314\032\213\311\316\246/\330\302\014>\022\346\234\347\264\270\350""; nodeIDs: ""\000\000\000\000\000\000\000\000\000\000\000\000\000\000\000\000\000\000\000\000\000\000\000\000\000\000\000\000\000\000\000\000\000""; queryType: qtINDIRECT; queryDepth: 3; "
1750527533765,1750527533765,3769,1,1,3,TMGetLedger,"itype: liTS_CANDIDATE; ledgerHash: ""[\000\302\314\326\214\276@c\240\272\222{\363\314\032\213\311\316\246/\330\302\014>\022\346\234\347\264\270\350""; nodeIDs: ""\000\000\000\000\000\000\000\000\000\000\000\000\000\000\000\000\000\000\000\000\000\000\000\000\000\000\000\000\000\000\000\000\000""; queryType: qtINDIRECT; queryDepth: 3; ","itype: liTS_CANDIDATE; ledgerHash: ""[\000\302\314\326\214\276@c\240\272\222{\363\314\032\213\311\316\246/\330\302\014>\022\346\234\347\264\270\350""; nodeIDs: ""\000\000\000\000\000\000\000\000\000\000\000\000\000\000\000\000\000\000\000\000\000\000\000\000\000\000\000\000\000\000\000\000\000""; queryType: qtINDIRECT; queryDepth: 3; "
1750527533781,1750527533781,1813,1,3,1,TMLedgerData,"ledgerHash: ""[\000\302\314\326\214\276@c\240\272\222{\363\314\032\213\311\316\246/\330\302\014>\022\346\234\347\264\270\350""; ledgerSeq: 0; type: liTS_CANDIDATE; nodes {;   nodedata: ""\002i\361\030\371\256\265\036\320\273\013\357<\215/(\215[\231D\357Gd\372\270\316\261\301\342\327\225\241\000GZ\227\022t\201\240u\2324P\027\307M\337'Y\361[IAD\351\374!\232\005\337\376\252\251g\004\003"";   nodeid: ""\000\000\000\000\000\000\000\000\000\000\000\000\000\000\000\000\000\000\000\000\000\000\000\000\000\000\000\000\000\000\000\000\000""; }; ","ledgerHash: ""[\000\302\314\326\214\276@c\240\272\222{\363\314\032\213\311\316\246/\330\302\014>\022\346\234\347\264\270\350""; ledgerSeq: 0; type: liTS_CANDIDATE; nodes {;   nodedata: ""\002i\361\030\371\256\265\036\320\273\013\357<\215/(\215[\231D\357Gd\372\270\316\261\301\342\327\225\241\000GZ\227\022t\201\240u\2324P\027\307M\337'Y\361[IAD\351\374!\232\005\337\376\252\251g\004\003"";   nodeid: ""\000\000\000\000\000\000\000\000\000\000\000\000\000\000\000\000\000\000\000\000\000\000\000\000\000\000\000\000\000\000\000\000\000""; }; "
1750527533795,1750527533795,3810,1,1,4,TMGetLedger,"itype: liTS_CANDIDATE; ledgerHash: ""[\000\302\314\326\214\276@c\240\272\222{\363\314\032\213\311\316\246/\330\302\014>\022\346\234\347\264\270\350""; nodeIDs: ""\000\000\000\000\000\000\000\000\000\000\000\000\000\000\000\000\000\000\000\000\000\000\000\000\000\000\000\000\000\000\000\000\000""; requestCookie: 3; queryType: qtINDIRECT; queryDepth: 3; ","itype: liTS_CANDIDATE; ledgerHash: ""[\000\302\314\326\214\276@c\240\272\222{\363\314\032\213\311\316\246/\330\302\014>\022\346\234\347\264\270\350""; nodeIDs: ""\000\000\000\000\000\000\000\000\000\000\000\000\000\000\000\000\000\000\000\000\000\000\000\000\000\000\000\000\000\000\000\000\000""; requestCookie: 3; queryType: qtINDIRECT; queryDepth: 3; "
1750527533811,1750527533811,1777,1,3,0,TMValidation,"validation: """"\200\000\000\001&\000\000\000\005)/\351\252\253:\355<\266\216~aC\027Q\331]\036\237\306o!\223\221\002\324\031\262\240R\177 ,\214\325\Q])\016\2067\277\t\354\010\000P\027'\274\220\233\332\373\335\027\332I\377y`\224\260\350-\215\335\267[\036\265\265\252`\026&\030{\362\363P\031\265\024\321\362\354\211\250.\234s\225amc\305\035\366\276\037nD\277`\210\223N\3535\033\261\304fs!\002\225aM\037\203M\271C\224]$\245\215\334\264;{{\365%Z\2443U\201\242\320iUc\207\367vG0E\002!\000\335[\002\341\343\177\342\rC\274\242\235zy\303#\334:\306\230\343+Wp\237\344\351|\377\376~#\002 \002\233\370\007M]\013f\034\356\214\352[w>\362\355\305\267f\257ds\227\324\216\033;2\300\346\304""; ","validation: """"\200\000\000\001&\000\000\000\005)/\351\252\253:\355<\266\216~aC\027Q\331]\036\237\306o!\223\221\002\324\031\262\240R\177 ,\214\325\Q])\016\2067\277\t\354\010\000P\027'\274\220\233\332\373\335\027\332I\377y`\224\260\350-\215\335\267[\036\265\265\252`\026&\030{\362\363P\031\265\024\321\362\354\211\250.\234s\225amc\305\035\366\276\037nD\277`\210\223N\3535\033\261\304fs!\002\225aM\037\203M\271C\224]$\245\215\334\264;{{\365%Z\2443U\201\242\320iUc\207\367vG0E\002!\000\335[\002\341\343\177\342\rC\274\242\235zy\303#\334:\306\230\343+Wp\237\344\351|\377\376~#\002 \002\233\370\007M]\013f\034\356\214\352[w>\362\355\305\267f\257ds\227\324\216\033;2\300\346\304""; "
1750527533811,1750527533811,3736,1,3,4,TMValidation,"validation: """"\200\000\000\001&\000\000\000\005)/\351\252\253:\355<\266\216~aC\027Q\331]\036\237\306o!\223\221\002\324\031\262\240R\177 ,\214\325\Q])\016\2067\277\t\354\010\000P\027'\274\220\233\332\373\335\027\332I\377y`\224\260\350-\215\335\267[\036\265\265\252`\026&\030{\362\363P\031\265\024\321\362\354\211\250.\234s\225amc\305\035\366\276\037nD\277`\210\223N\3535\033\261\304fs!\002\225aM\037\203M\271C\224]$\245\215\334\264;{{\365%Z\2443U\201\242\320iUc\207\367vG0E\002!\000\335[\002\341\343\177\342\rC\274\242\235zy\303#\334:\306\230\343+Wp\237\344\351|\377\376~#\002 \002\233\370\007M]\013f\034\356\214\352[w>\362\355\305\267f\257ds\227\324\216\033;2\300\346\304""; ","validation: """"\200\000\000\001&\000\000\000\005)/\351\252\253:\355<\266\216~aC\027Q\331]\036\237\306o!\223\221\002\324\031\262\240R\177 ,\214\325\Q])\016\2067\277\t\354\010\000P\027'\274\220\233\332\373\335\027\332I\377y`\224\260\350-\215\335\267[\036\265\265\252`\026&\030{\362\363P\031\265\024\321\362\354\211\250.\234s\225amc\305\035\366\276\037nD\277`\210\223N\3535\033\261\304fs!\002\225aM\037\203M\271C\224]$\245\215\334\264;{{\365%Z\2443U\201\242\320iUc\207\367vG0E\002!\000\335[\002\341\343\177\342\rC\274\242\235zy\303#\334:\306\230\343+Wp\237\344\351|\377\376~#\002 \002\233\370\007M]\013f\034\356\214\352[w>\362\355\305\267f\257ds\227\324\216\033;2\300\346\304""; "
1750527533811,1750527533811,3459,1,3,1,TMValidation,"validation: """"\200\000\000\001&\000\000\000\005)/\351\252\253:\355<\266\216~aC\027Q\331]\036\237\306o!\223\221\002\324\031\262\240R\177 ,\214\325\Q])\016\2067\277\t\354\010\000P\027'\274\220\233\332\373\335\027\332I\377y`\224\260\350-\215\335\267[\036\265\265\252`\026&\030{\362\363P\031\265\024\321\362\354\211\250.\234s\225amc\305\035\366\276\037nD\277`\210\223N\3535\033\261\304fs!\002\225aM\037\203M\271C\224]$\245\215\334\264;{{\365%Z\2443U\201\242\320iUc\207\367vG0E\002!\000\335[\002\341\343\177\342\rC\274\242\235zy\303#\334:\306\230\343+Wp\237\344\351|\377\376~#\002 \002\233\370\007M]\013f\034\356\214\352[w>\362\355\305\267f\257ds\227\324\216\033;2\300\346\304""; ","validation: """"\200\000\000\001&\000\000\000\005)/\351\252\253:\355<\266\216~aC\027Q\331]\036\237\306o!\223\221\002\324\031\262\240R\177 ,\214\325\Q])\016\2067\277\t\354\010\000P\027'\274\220\233\332\373\335\027\332I\377y`\224\260\350-\215\335\267[\036\265\265\252`\026&\030{\362\363P\031\265\024\321\362\354\211\250.\234s\225amc\305\035\366\276\037nD\277`\210\223N\3535\033\261\304fs!\002\225aM\037\203M\271C\224]$\245\215\334\264;{{\365%Z\2443U\201\242\320iUc\207\367vG0E\002!\000\335[\002\341\343\177\342\rC\274\242\235zy\303#\334:\306\230\343+Wp\237\344\351|\377\376~#\002 \002\233\370\007M]\013f\034\356\214\352[w>\362\355\305\267f\257ds\227\324\216\033;2\300\346\304""; "
1750527533820,1750527533820,1144,1,4,1,TMLedgerData,"ledgerHash: ""[\000\302\314\326\214\276@c\240\272\222{\363\314\032\213\311\316\246/\330\302\014>\022\346\234\347\264\270\350""; ledgerSeq: 0; type: liTS_CANDIDATE; nodes {;   nodedata: ""\002i\361\030\371\256\265\036\320\273\013\357<\215/(\215[\231D\357Gd\372\270\316\261\301\342\327\225\241\000GZ\227\022t\201\240u\2324P\027\307M\337'Y\361[IAD\351\374!\232\005\337\376\252\251g\004\003"";   nodeid: ""\000\000\000\000\000\000\000\000\000\000\000\000\000\000\000\000\000\000\000\000\000\000\000\000\000\000\000\000\000\000\000\000\000""; }; requestCookie: 4; ","ledgerHash: ""[\000\302\314\326\214\276@c\240\272\222{\363\314\032\213\311\316\246/\330\302\014>\022\346\234\347\264\270\350""; ledgerSeq: 0; type: liTS_CANDIDATE; nodes {;   nodedata: ""\002i\361\030\371\256\265\036\320\273\013\357<\215/(\215[\231D\357Gd\372\270\316\261\301\342\327\225\241\000GZ\227\022t\201\240u\2324P\027\307M\337'Y\361[IAD\351\374!\232\005\337\376\252\251g\004\003"";   nodeid: ""\000\000\000\000\000\000\000\000\000\000\000\000\000\000\000\000\000\000\000\000\000\000\000\000\000\000\000\000\000\000\000\000\000""; }; requestCookie: 4; "
1750527533823,1750527533823,1497,1,0,3,TMLedgerData,"ledgerHash: ""[\000\302\314\326\214\276@c\240\272\222{\363\314\032\213\311\316\246/\330\302\014>\022\346\234\347\264\270\350""; ledgerSeq: 0; type: liTS_CANDIDATE; nodes {;   nodedata: ""\002i\361\030\371\256\265\036\320\273\013\357<\215/(\215[\231D\357Gd\372\270\316\261\301\342\327\225\241\000GZ\227\022t\201\240u\2324P\027\307M\337'Y\361[IAD\351\374!\232\005\337\376\252\251g\004\003"";   nodeid: ""\000\000\000\000\000\000\000\000\000\000\000\000\000\000\000\000\000\000\000\000\000\000\000\000\000\000\000\000\000\000\000\000\000""; }; ","ledgerHash: ""[\000\302\314\326\214\276@c\240\272\222{\363\314\032\213\311\316\246/\330\302\014>\022\346\234\347\264\270\350""; ledgerSeq: 0; type: liTS_CANDIDATE; nodes {;   nodedata: ""\002i\361\030\371\256\265\036\320\273\013\357<\215/(\215[\231D\357Gd\372\270\316\261\301\342\327\225\241\000GZ\227\022t\201\240u\2324P\027\307M\337'Y\361[IAD\351\374!\232\005\337\376\252\251g\004\003"";   nodeid: ""\000\000\000\000\000\000\000\000\000\000\000\000\000\000\000\000\000\000\000\000\000\000\000\000\000\000\000\000\000\000\000\000\000""; }; "
1750527533823,1750527533824,1144,1,4,1,TMLedgerData,"ledgerHash: ""[\000\302\314\326\214\276@c\240\272\222{\363\314\032\213\311\316\246/\330\302\014>\022\346\234\347\264\270\350""; ledgerSeq: 0; type: liTS_CANDIDATE; nodes {;   nodedata: ""\002i\361\030\371\256\265\036\320\273\013\357<\215/(\215[\231D\357Gd\372\270\316\261\301\342\327\225\241\000GZ\227\022t\201\240u\2324P\027\307M\337'Y\361[IAD\351\374!\232\005\337\376\252\251g\004\003"";   nodeid: ""\000\000\000\000\000\000\000\000\000\000\000\000\000\000\000\000\000\000\000\000\000\000\000\000\000\000\000\000\000\000\000\000\000""; }; ","ledgerHash: ""[\000\302\314\326\214\276@c\240\272\222{\363\314\032\213\311\316\246/\330\302\014>\022\346\234\347\264\270\350""; ledgerSeq: 0; type: liTS_CANDIDATE; nodes {;   nodedata: ""\002i\361\030\371\256\265\036\320\273\013\357<\215/(\215[\231D\357Gd\372\270\316\261\301\342\327\225\241\000GZ\227\022t\201\240u\2324P\027\307M\337'Y\361[IAD\351\374!\232\005\337\376\252\251g\004\003"";   nodeid: ""\000\000\000\000\000\000\000\000\000\000\000\000\000\000\000\000\000\000\000\000\000\000\000\000\000\000\000\000\000\000\000\000\000""; }; "
1750527533832,1750527533832,3085,1,3,0,TMLedgerData,"ledgerHash: ""'\274\220\233\332\373\335\027\332I\377y`\224\260\350-\215\335\267[\036\265\265\252`\026&\030{\362\363""; ledgerSeq: 0; type: liTS_CANDIDATE; nodes {;   nodedata: ""\002i\361\030\371\256\265\036\320\273\013\357<\215/(\215[\231D\357Gd\372\270\316\261\301\342\327\225\241\000GZ\227\022t\201\240u\2324P\027\307M\337'Y\361[IAD\351\374!\232\005\337\376\252\251g\004\240\231\202k\030<\225\205;%\337\001\376d\216V\310\306k>\373\322\372\353b\3659\350\345\324F\026\n\003"";   nodeid: ""\000\000\000\000\000\000\000\000\000\000\000\000\000\000\000\000\000\000\000\000\000\000\000\000\000\000\000\000\000\000\000\000\000""; }; ","ledgerHash: ""'\274\220\233\332\373\335\027\332I\377y`\224\260\350-\215\335\267[\036\265\265\252`\026&\030{\362\363""; ledgerSeq: 0; type: liTS_CANDIDATE; nodes {;   nodedata: ""\002i\361\030\371\256\265\036\320\273\013\357<\215/(\215[\231D\357Gd\372\270\316\261\301\342\327\225\241\000GZ\227\022t\201\240u\2324P\027\307M\337'Y\361[IAD\351\374!\232\005\337\376\252\251g\004\240\231\202k\030<\225\205;%\337\001\376d\216V\310\306k>\373\322\372\353b\3659\350\345\324F\026\n\003"";   nodeid: ""\000\000\000\000\000\000\000\000\000\000\000\000\000\000\000\000\000\000\000\000\000\000\000\000\000\000\000\000\000\000\000\000\000""; }; "
1750527533832,1750527533833,4000,1,2,3,TMGetLedger,"itype: liTS_CANDIDATE; ledgerHash: ""[\000\302\314\326\214\276@c\240\272\222{\363\314\032\213\311\316\246/\330\302\014>\022\346\234\347\264\270\350""; nodeIDs: ""\000\000\000\000\000\000\000\000\000\000\000\000\000\000\000\000\000\000\000\000\000\000\000\000\000\000\000\000\000\000\000\000\000""; requestCookie: 2; queryType: qtINDIRECT; queryDepth: 3; ","itype: liTS_CANDIDATE; ledgerHash: ""[\000\302\314\326\214\276@c\240\272\222{\363\314\032\213\311\316\246/\330\302\014>\022\346\234\347\264\270\350""; nodeIDs: ""\000\000\000\000\000\000\000\000\000\000\000\000\000\000\000\000\000\000\000\000\000\000\000\000\000\000\000\000\000\000\000\000\000""; requestCookie: 2; queryType: qtINDIRECT; queryDepth: 3; "
1750527533838,1750527533838,2764,1,4,3,TMLedgerData,"ledgerHash: ""\310\200l\322\255\214\342'\243\202\375k%_\335\032N\021G\005\230\271\366~%e\366\202l^\rR""; ledgerSeq: 0; type: liTS_CANDIDATE; nodes {;   nodedata: ""GZ\227\022t\201\240u\2324P\027\307M\337'Y\361[IAD\351\374!\232\005\337\376\252\251g\004\003"";   nodeid: ""\000\000\000\000\000\000\000\000\000\000\000\000\000\000\000\000\000\000\000\000\000\000\000\000\000\000\000\000\000\000\000\000\000""; }; ","ledgerHash: ""\310\200l\322\255\214\342'\243\202\375k%_\335\032N\021G\005\230\271\366~%e\366\202l^\rR""; ledgerSeq: 0; type: liTS_CANDIDATE; nodes {;   nodedata: ""GZ\227\022t\201\240u\2324P\027\307M\337'Y\361[IAD\351\374!\232\005\337\376\252\251g\004\003"";   nodeid: ""\000\000\000\000\000\000\000\000\000\000\000\000\000\000\000\000\000\000\000\000\000\000\000\000\000\000\000\000\000\000\000\000\000""; }; "
1750527533840,1750527533841,3818,1,0,2,TMLedgerData,"ledgerHash: ""[\000\302\314\326\214\276@c\240\272\222{\363\314\032\213\311\316\246/\330\302\014>\022\346\234\347\264\270\350""; ledgerSeq: 0; type: liTS_CANDIDATE; nodes {;   nodedata: ""\002i\361\030\371\256\265\036\320\273\013\357<\215/(\215[\231D\357Gd\372\270\316\261\301\342\327\225\241\000GZ\227\022t\201\240u\2324P\027\307M\337'Y\361[IAD\351\374!\232\005\337\376\252\251g\004\003"";   nodeid: ""\000\000\000\000\000\000\000\000\000\000\000\000\000\000\000\000\000\000\000\000\000\000\000\000\000\000\000\000\000\000\000\000\000""; }; ","ledgerHash: ""[\000\302\314\326\214\276@c\240\272\222{\363\314\032\213\311\316\246/\330\302\014>\022\346\234\347\264\270\350""; ledgerSeq: 0; type: liTS_CANDIDATE; nodes {;   nodedata: ""\002i\361\030\371\256\265\036\320\273\013\357<\215/(\215[\231D\357Gd\372\270\316\261\301\342\327\225\241\000GZ\227\022t\201\240u\2324P\027\307M\337'Y\361[IAD\351\374!\232\005\337\376\252\251g\004\003"";   nodeid: ""\000\000\000\000\000\000\000\000\000\000\000\000\000\000\000\000\000\000\000\000\000\000\000\000\000\000\000\000\000\000\000\000\000""; }; "
1750527533841,1750527533842,3299,1,1,3,TMProposeSet,"proposeSeq: 0; currentTxHash: ""\000\000\000\000\000\000\000\000\000\000\000\000\000\000\000\000\000\000\000\000\000\000\000\000\000\000\000\000\000\000\000\000""; nodePubKey: ""\003\255\225A\213\332\224ehh\024BDq\224\250\335`\355\353{\357\266\335<\021\032\265\177\206\356&\215""; closeTime: 803842731; signature: ""0D\002 ^,\022c7\256y\375\351\r\201\005z\276\313\200\304\374K\201|M9\245\3556/\024\035\024\375\322\002 y#\310""\001\177\223#\001\362\315U\351\307\356\313\200\310A\245Y\007\273\351d\216$9\010)\371\264""; previousledger: ""\331]\036\237\306o!\223\221\002\324\031\262\240R\177 ,\214\325\Q])\016\2067\277\t\354\010\000""; ","proposeSeq: 0; currentTxHash: ""\000\000\000\000\000\000\000\000\000\000\000\000\000\000\000\000\000\000\000\000\000\000\000\000\000\000\000\000\000\000\000\000""; nodePubKey: ""\003\255\225A\213\332\224ehh\024BDq\224\250\335`\355\353{\357\266\335<\021\032\265\177\206\356&\215""; closeTime: 803842731; signature: ""0D\002 ^,\022c7\256y\375\351\r\201\005z\276\313\200\304\374K\201|M9\245\3556/\024\035\024\375\322\002 y#\310""\001\177\223#\001\362\315U\351\307\356\313\200\310A\245Y\007\273\351d\216$9\010)\371\264""; previousledger: ""\331]\036\237\306o!\223\221\002\324\031\262\240R\177 ,\214\325\Q])\016\2067\277\t\354\010\000""; "
1750527533841,1750527533841,2742,1,1,0,TMProposeSet,"proposeSeq: 0; currentTxHash: ""\000\000\000\000\000\000\000\000\000\000\000\000\000\000\000\000\000\000\000\000\000\000\000\000\000\000\000\000\000\000\000\000""; nodePubKey: ""\003\255\225A\213\332\224ehh\024BDq\224\250\335`\355\353{\357\266\335<\021\032\265\177\206\356&\215""; closeTime: 803842731; signature: ""0D\002 ^,\022c7\256y\375\351\r\201\005z\276\313\200\304\374K\201|M9\245\3556/\024\035\024\375\322\002 y#\310""\001\177\223#\001\362\315U\351\307\356\313\200\310A\245Y\007\273\351d\216$9\010)\371\264""; previousledger: ""\331]\036\237\306o!\223\221\002\324\031\262\240R\177 ,\214\325\Q])\016\2067\277\t\354\010\000""; ","proposeSeq: 0; currentTxHash: ""\000\000\000\000\000\000\000\000\000\000\000\000\000\000\000\000\000\000\000\000\000\000\000\000\000\000\000\000\000\000\000\000""; nodePubKey: ""\003\255\225A\213\332\224ehh\024BDq\224\250\335`\355\353{\357\266\335<\021\032\265\177\206\356&\215""; closeTime: 803842731; signature: ""0D\002 ^,\022c7\256y\375\351\r\201\005z\276\313\200\304\374K\201|M9\245\3556/\024\035\024\375\322\002 y#\310""\001\177\223#\001\362\315U\351\307\356\313\200\310A\245Y\007\273\351d\216$9\010)\371\264""; previousledger: ""\331]\036\237\306o!\223\221\002\324\031\262\240R\177 ,\214\325\Q])\016\2067\277\t\354\010\000""; "
1750527533841,1750527533841,438,1,1,4,TMProposeSet,"proposeSeq: 0; currentTxHash: ""\000\000\000\000\000\000\000\000\000\000\000\000\000\000\000\000\000\000\000\000\000\000\000\000\000\000\000\000\000\000\000\000""; nodePubKey: ""\003\255\225A\213\332\224ehh\024BDq\224\250\335`\355\353{\357\266\335<\021\032\265\177\206\356&\215""; closeTime: 803842731; signature: ""0D\002 ^,\022c7\256y\375\351\r\201\005z\276\313\200\304\374K\201|M9\245\3556/\024\035\024\375\322\002 y#\310""\001\177\223#\001\362\315U\351\307\356\313\200\310A\245Y\007\273\351d\216$9\010)\371\264""; previousledger: ""\331]\036\237\306o!\223\221\002\324\031\262\240R\177 ,\214\325\Q])\016\2067\277\t\354\010\000""; ","proposeSeq: 0; currentTxHash: ""\000\000\000\000\000\000\000\000\000\000\000\000\000\000\000\000\000\000\000\000\000\000\000\000\000\000\000\000\000\000\000\000""; nodePubKey: ""\003\255\225A\213\332\224ehh\024BDq\224\250\335`\355\353{\357\266\335<\021\032\265\177\206\356&\215""; closeTime: 803842731; signature: ""0D\002 ^,\022c7\256y\375\351\r\201\005z\276\313\200\304\374K\201|M9\245\3556/\024\035\024\375\322\002 y#\310""\001\177\223#\001\362\315U\351\307\356\313\200\310A\245Y\007\273\351d\216$9\010)\371\264""; previousledger: ""\331]\036\237\306o!\223\221\002\324\031\262\240R\177 ,\214\325\Q])\016\2067\277\t\354\010\000""; "
1750527533863,1750527533863,860,1,1,0,TMLedgerData,"ledgerHash: ""'\274\220\233\332\373\335\027\332I\377y`\224\260\350-\215\335\267[\036\265\265\252`\026&\030{\362\363""; ledgerSeq: 0; type: liTS_CANDIDATE; nodes {;   nodedata: ""\002i\361\030\371\256\265\036\320\273\013\357<\215/(\215[\231D\357Gd\372\270\316\261\301\342\327\225\241\000GZ\227\022t\201\240u\2324P\027\307M\337'Y\361[IAD\351\374!\232\005\337\376\252\251g\004\240\231\202k\030<\225\205;%\337\001\376d\216V\310\306k>\373\322\372\353b\3659\350\345\324F\026\n\003"";   nodeid: ""\000\000\000\000\000\000\000\000\000\000\000\000\000\000\000\000\000\000\000\000\000\000\000\000\000\000\000\000\000\000\000\000\000""; }; ","ledgerHash: ""'\274\220\233\332\373\335\027\332I\377y`\224\260\350-\215\335\267[\036\265\265\252`\026&\030{\362\363""; ledgerSeq: 0; type: liTS_CANDIDATE; nodes {;   nodedata: ""\002i\361\030\371\256\265\036\320\273\013\357<\215/(\215[\231D\357Gd\372\270\316\261\301\342\327\225\241\000GZ\227\022t\201\240u\2324P\027\307M\337'Y\361[IAD\351\374!\232\005\337\376\252\251g\004\240\231\202k\030<\225\205;%\337\001\376d\216V\310\306k>\373\322\372\353b\3659\350\345\324F\026\n\003"";   nodeid: ""\000\000\000\000\000\000\000\000\000\000\000\000\000\000\000\000\000\000\000\000\000\000\000\000\000\000\000\000\000\000\000\000\000""; }; "
1750527533890,1750527533890,1434,1,0,1,TMLedgerData,"ledgerHash: ""\310\200l\322\255\214\342'\243\202\375k%_\335\032N\021G\005\230\271\366~%e\366\202l^\rR""; ledgerSeq: 0; type: liTS_CANDIDATE; nodes {;   nodedata: ""GZ\227\022t\201\240u\2324P\027\307M\337'Y\361[IAD\351\374!\232\005\337\376\252\251g\004\003"";   nodeid: ""\000\000\000\000\000\000\000\000\000\000\000\000\000\000\000\000\000\000\000\000\000\000\000\000\000\000\000\000\000\000\000\000\000""; }; requestCookie: 4; ","ledgerHash: ""\310\200l\322\255\214\342'\243\202\375k%_\335\032N\021G\005\230\271\366~%e\366\202l^\rR""; ledgerSeq: 0; type: liTS_CANDIDATE; nodes {;   nodedata: ""GZ\227\022t\201\240u\2324P\027\307M\337'Y\361[IAD\351\374!\232\005\337\376\252\251g\004\003"";   nodeid: ""\000\000\000\000\000\000\000\000\000\000\000\000\000\000\000\000\000\000\000\000\000\000\000\000\000\000\000\000\000\000\000\000\000""; }; requestCookie: 4; "
1750527533933,1750527533933,1434,1,0,1,TMLedgerData,"ledgerHash: ""\310\200l\322\255\214\342'\243\202\375k%_\335\032N\021G\005\230\271\366~%e\366\202l^\rR""; ledgerSeq: 0; type: liTS_CANDIDATE; nodes {;   nodedata: ""GZ\227\022t\201\240u\2324P\027\307M\337'Y\361[IAD\351\374!\232\005\337\376\252\251g\004\003"";   nodeid: ""\000\000\000\000\000\000\000\000\000\000\000\000\000\000\000\000\000\000\000\000\000\000\000\000\000\000\000\000\000\000\000\000\000""; }; requestCookie: 5; ","ledgerHash: ""\310\200l\322\255\214\342'\243\202\375k%_\335\032N\021G\005\230\271\366~%e\366\202l^\rR""; ledgerSeq: 0; type: liTS_CANDIDATE; nodes {;   nodedata: ""GZ\227\022t\201\240u\2324P\027\307M\337'Y\361[IAD\351\374!\232\005\337\376\252\251g\004\003"";   nodeid: ""\000\000\000\000\000\000\000\000\000\000\000\000\000\000\000\000\000\000\000\000\000\000\000\000\000\000\000\000\000\000\000\000\000""; }; requestCookie: 5; "
1750527533934,1750527533934,1434,1,0,1,TMLedgerData,"ledgerHash: ""[\000\302\314\326\214\276@c\240\272\222{\363\314\032\213\311\316\246/\330\302\014>\022\346\234\347\264\270\350""; ledgerSeq: 0; type: liTS_CANDIDATE; nodes {;   nodedata: ""\002i\361\030\371\256\265\036\320\273\013\357<\215/(\215[\231D\357Gd\372\270\316\261\301\342\327\225\241\000GZ\227\022t\201\240u\2324P\027\307M\337'Y\361[IAD\351\374!\232\005\337\376\252\251g\004\003"";   nodeid: ""\000\000\000\000\000\000\000\000\000\000\000\000\000\000\000\000\000\000\000\000\000\000\000\000\000\000\000\000\000\000\000\000\000""; }; ","ledgerHash: ""[\000\302\314\326\214\276@c\240\272\222{\363\314\032\213\311\316\246/\330\302\014>\022\346\234\347\264\270\350""; ledgerSeq: 0; type: liTS_CANDIDATE; nodes {;   nodedata: ""\002i\361\030\371\256\265\036\320\273\013\357<\215/(\215[\231D\357Gd\372\270\316\261\301\342\327\225\241\000GZ\227\022t\201\240u\2324P\027\307M\337'Y\361[IAD\351\374!\232\005\337\376\252\251g\004\003"";   nodeid: ""\000\000\000\000\000\000\000\000\000\000\000\000\000\000\000\000\000\000\000\000\000\000\000\000\000\000\000\000\000\000\000\000\000""; }; "
1750527533968,1750527533968,1539,1,4,2,TMLedgerData,"ledgerHash: ""[\000\302\314\326\214\276@c\240\272\222{\363\314\032\213\311\316\246/\330\302\014>\022\346\234\347\264\270\350""; ledgerSeq: 0; type: liTS_CANDIDATE; nodes {;   nodedata: ""\002i\361\030\371\256\265\036\320\273\013\357<\215/(\215[\231D\357Gd\372\270\316\261\301\342\327\225\241\000GZ\227\022t\201\240u\2324P\027\307M\337'Y\361[IAD\351\374!\232\005\337\376\252\251g\004\003"";   nodeid: ""\000\000\000\000\000\000\000\000\000\000\000\000\000\000\000\000\000\000\000\000\000\000\000\000\000\000\000\000\000\000\000\000\000""; }; ","ledgerHash: ""[\000\302\314\326\214\276@c\240\272\222{\363\314\032\213\311\316\246/\330\302\014>\022\346\234\347\264\270\350""; ledgerSeq: 0; type: liTS_CANDIDATE; nodes {;   nodedata: ""\002i\361\030\371\256\265\036\320\273\013\357<\215/(\215[\231D\357Gd\372\270\316\261\301\342\327\225\241\000GZ\227\022t\201\240u\2324P\027\307M\337'Y\361[IAD\351\374!\232\005\337\376\252\251g\004\003"";   nodeid: ""\000\000\000\000\000\000\000\000\000\000\000\000\000\000\000\000\000\000\000\000\000\000\000\000\000\000\000\000\000\000\000\000\000""; }; "
1750527533968,1750527533969,3746,1,1,4,TMValidation,"validation: """"\200\000\000\001&\000\000\000\006)/\351\252\255:g\237X\336\3531\020\010Q\360\215\2502\265\245\310\226\243c\302Ze\306\253#r\020\211\320iG\276\020E\317\035Sf\223F\254P\027\000\000\000\000\000\000\000\000\000\000\000\000\000\000\000\000\000\000\000\000\000\000\000\000\000\000\000\000\000\000\000\000P\031\331]\036\237\306o!\223\221\002\324\031\262\240R\177 ,\214\325\Q])\016\2067\277\t\354\010\000s!\003\255\225A\213\332\224ehh\024BDq\224\250\335`\355\353{\357\266\335<\021\032\265\177\206\356&\215vF0D\002 \\357\362#\371\010\365b(\356\250Y\256E\265\217\334\237,\243\301\0069+\005\357u\324\311D\203\246\002 \027\326D\261}ZyeO\000\347\313P,pa\300\000\034\220ev\264]\233\001\344\037O\315f\002""; ","validation: """"\200\000\000\001&\000\000\000\006)/\351\252\255:g\237X\336\3531\020\010Q\360\215\2502\265\245\310\226\243c\302Ze\306\253#r\020\211\320iG\276\020E\317\035Sf\223F\254P\027\000\000\000\000\000\000\000\000\000\000\000\000\000\000\000\000\000\000\000\000\000\000\000\000\000\000\000\000\000\000\000\000P\031\331]\036\237\306o!\223\221\002\324\031\262\240R\177 ,\214\325\Q])\016\2067\277\t\354\010\000s!\003\255\225A\213\332\224ehh\024BDq\224\250\335`\355\353{\357\266\335<\021\032\265\177\206\356&\215vF0D\002 \\357\362#\371\010\365b(\356\250Y\256E\265\217\334\237,\243\301\0069+\005\357u\324\311D\203\246\002 \027\326D\261}ZyeO\000\347\313P,pa\300\000\034\220ev\264]\233\001\344\037O\315f\002""; "
1750527533969,1750527533969,3769,1,1,3,TMGetLedger,"itype: liBASE; ledgerHash: ""\360\215\2502\265\245\310\226\243c\302Ze\306\253#r\020\211\320iG\276\020E\317\035Sf\223F\254""; ","itype: liBASE; ledgerHash: ""\360\215\2502\265\245\310\226\243c\302Ze\306\253#r\020\211\320iG\276\020E\317\035Sf\223F\254""; "
1750527533970,1750527533970,3810,1,1,4,TMGetLedger,"itype: liBASE; ledgerHash: ""\360\215\2502\265\245\310\226\243c\302Ze\306\253#r\020\211\320iG\276\020E\317\035Sf\223F\254""; ","itype: liBASE; ledgerHash: ""\360\215\2502\265\245\310\226\243c\302Ze\306\253#r\020\211\320iG\276\020E\317\035Sf\223F\254""; "
1750527533971,1750527533971,2920,1,1,0,TMGetLedger,"itype: liBASE; ledgerHash: ""\360\215\2502\265\245\310\226\243c\302Ze\306\253#r\020\211\320iG\276\020E\317\035Sf\223F\254""; ","itype: liBASE; ledgerHash: ""\360\215\2502\265\245\310\226\243c\302Ze\306\253#r\020\211\320iG\276\020E\317\035Sf\223F\254""; "
1750527533970,1750527533971,2229,1,1,0,TMValidation,"validation: """"\200\000\000\001&\000\000\000\006)/\351\252\255:g\237X\336\3531\020\010Q\360\215\2502\265\245\310\226\243c\302Ze\306\253#r\020\211\320iG\276\020E\317\035Sf\223F\254P\027\000\000\000\000\000\000\000\000\000\000\000\000\000\000\000\000\000\000\000\000\000\000\000\000\000\000\000\000\000\000\000\000P\031\331]\036\237\306o!\223\221\002\324\031\262\240R\177 ,\214\325\Q])\016\2067\277\t\354\010\000s!\003\255\225A\213\332\224ehh\024BDq\224\250\335`\355\353{\357\266\335<\021\032\265\177\206\356&\215vF0D\002 \\357\362#\371\010\365b(\356\250Y\256E\265\217\334\237,\243\301\0069+\005\357u\324\311D\203\246\002 \027\326D\261}ZyeO\000\347\313P,pa\300\000\034\220ev\264]\233\001\344\037O\315f\002""; ","validation: """"\200\000\000\001&\000\000\000\006)/\351\252\255:g\237X\336\3531\020\010Q\360\215\2502\265\245\310\226\243c\302Ze\306\253#r\020\211\320iG\276\020E\317\035Sf\223F\254P\027\000\000\000\000\000\000\000\000\000\000\000\000\000\000\000\000\000\000\000\000\000\000\000\000\000\000\000\000\000\000\000\000P\031\331]\036\237\306o!\223\221\002\324\031\262\240R\177 ,\214\325\Q])\016\2067\277\t\354\010\000s!\003\255\225A\213\332\224ehh\024BDq\224\250\335`\355\353{\357\266\335<\021\032\265\177\206\356&\215vF0D\002 \\357\362#\371\010\365b(\356\250Y\256E\265\217\334\237,\243\301\0069+\005\357u\324\311D\203\246\002 \027\326D\261}ZyeO\000\347\313P,pa\300\000\034\220ev\264]\233\001\344\037O\315f\002""; "
1750527533970,1750527533970,1311,1,1,3,TMValidation,"validation: """"\200\000\000\001&\000\000\000\006)/\351\252\255:g\237X\336\3531\020\010Q\360\215\2502\265\245\310\226\243c\302Ze\306\253#r\020\211\320iG\276\020E\317\035Sf\223F\254P\027\000\000\000\000\000\000\000\000\000\000\000\000\000\000\000\000\000\000\000\000\000\000\000\000\000\000\000\000\000\000\000\000P\031\331]\036\237\306o!\223\221\002\324\031\262\240R\177 ,\214\325\Q])\016\2067\277\t\354\010\000s!\003\255\225A\213\332\224ehh\024BDq\224\250\335`\355\353{\357\266\335<\021\032\265\177\206\356&\215vF0D\002 \\357\362#\371\010\365b(\356\250Y\256E\265\217\334\237,\243\301\0069+\005\357u\324\311D\203\246\002 \027\326D\261}ZyeO\000\347\313P,pa\300\000\034\220ev\264]\233\001\344\037O\315f\002""; ","validation: """"\200\000\000\001&\000\000\000\006)/\351\252\255:g\237X\336\3531\020\010Q\360\215\2502\265\245\310\226\243c\302Ze\306\253#r\020\211\320iG\276\020E\317\035Sf\223F\254P\027\000\000\000\000\000\000\000\000\000\000\000\000\000\000\000\000\000\000\000\000\000\000\000\000\000\000\000\000\000\000\000\000P\031\331]\036\237\306o!\223\221\002\324\031\262\240R\177 ,\214\325\Q])\016\2067\277\t\354\010\000s!\003\255\225A\213\332\224ehh\024BDq\224\250\335`\355\353{\357\266\335<\021\032\265\177\206\356&\215vF0D\002 \\357\362#\371\010\365b(\356\250Y\256E\265\217\334\237,\243\301\0069+\005\357u\324\311D\203\246\002 \027\326D\261}ZyeO\000\347\313P,pa\300\000\034\220ev\264]\233\001\344\037O\315f\002""; "
1750527533972,1750527533972,2920,1,1,0,TMGetLedger,"itype: liBASE; ledgerHash: ""\360\215\2502\265\245\310\226\243c\302Ze\306\253#r\020\211\320iG\276\020E\317\035Sf\223F\254""; queryType: qtINDIRECT; ","itype: liBASE; ledgerHash: ""\360\215\2502\265\245\310\226\243c\302Ze\306\253#r\020\211\320iG\276\020E\317\035Sf\223F\254""; queryType: qtINDIRECT; "
1750527533972,1750527533972,1495,1,1,2,TMGetLedger,"itype: liBASE; ledgerHash: ""\360\215\2502\265\245\310\226\243c\302Ze\306\253#r\020\211\320iG\276\020E\317\035Sf\223F\254""; ","itype: liBASE; ledgerHash: ""\360\215\2502\265\245\310\226\243c\302Ze\306\253#r\020\211\320iG\276\020E\317\035Sf\223F\254""; "
1750527533972,1750527533972,3810,1,1,4,TMGetLedger,"itype: liBASE; ledgerHash: ""\360\215\2502\265\245\310\226\243c\302Ze\306\253#r\020\211\320iG\276\020E\317\035Sf\223F\254""; queryType: qtINDIRECT; ","itype: liBASE; ledgerHash: ""\360\215\2502\265\245\310\226\243c\302Ze\306\253#r\020\211\320iG\276\020E\317\035Sf\223F\254""; queryType: qtINDIRECT; "
1750527533973,1750527533973,3769,1,1,3,TMGetLedger,"itype: liBASE; ledgerHash: ""\360\215\2502\265\245\310\226\243c\302Ze\306\253#r\020\211\320iG\276\020E\317\035Sf\223F\254""; queryType: qtINDIRECT; ","itype: liBASE; ledgerHash: ""\360\215\2502\265\245\310\226\243c\302Ze\306\253#r\020\211\320iG\276\020E\317\035Sf\223F\254""; queryType: qtINDIRECT; "
1750527533976,1750527533976,3085,1,3,0,TMLedgerData,"ledgerHash: ""[\000\302\314\326\214\276@c\240\272\222{\363\314\032\213\311\316\246/\330\302\014>\022\346\234\347\264\270\350""; ledgerSeq: 0; type: liTS_CANDIDATE; nodes {;   nodedata: ""\002i\361\030\371\256\265\036\320\273\013\357<\215/(\215[\231D\357Gd\372\270\316\261\301\342\327\225\241\000GZ\227\022t\201\240u\2324P\027\307M\337'Y\361[IAD\351\374!\232\005\337\376\252\251g\004\003"";   nodeid: ""\000\000\000\000\000\000\000\000\000\000\000\000\000\000\000\000\000\000\000\000\000\000\000\000\000\000\000\000\000\000\000\000\000""; }; ","ledgerHash: ""[\000\302\314\326\214\276@c\240\272\222{\363\314\032\213\311\316\246/\330\302\014>\022\346\234\347\264\270\350""; ledgerSeq: 0; type: liTS_CANDIDATE; nodes {;   nodedata: ""\002i\361\030\371\256\265\036\320\273\013\357<\215/(\215[\231D\357Gd\372\270\316\261\301\342\327\225\241\000GZ\227\022t\201\240u\2324P\027\307M\337'Y\361[IAD\351\374!\232\005\337\376\252\251g\004\003"";   nodeid: ""\000\000\000\000\000\000\000\000\000\000\000\000\000\000\000\000\000\000\000\000\000\000\000\000\000\000\000\000\000\000\000\000\000""; }; "
1750527533999,1750527534000,2523,1,3,2,TMLedgerData,"ledgerHash: ""[\000\302\314\326\214\276@c\240\272\222{\363\314\032\213\311\316\246/\330\302\014>\022\346\234\347\264\270\350""; ledgerSeq: 0; type: liTS_CANDIDATE; nodes {;   nodedata: ""\002i\361\030\371\256\265\036\320\273\013\357<\215/(\215[\231D\357Gd\372\270\316\261\301\342\327\225\241\000GZ\227\022t\201\240u\2324P\027\307M\337'Y\361[IAD\351\374!\232\005\337\376\252\251g\004\003"";   nodeid: ""\000\000\000\000\000\000\000\000\000\000\000\000\000\000\000\000\000\000\000\000\000\000\000\000\000\000\000\000\000\000\000\000\000""; }; ","ledgerHash: ""[\000\302\314\326\214\276@c\240\272\222{\363\314\032\213\311\316\246/\330\302\014>\022\346\234\347\264\270\350""; ledgerSeq: 0; type: liTS_CANDIDATE; nodes {;   nodedata: ""\002i\361\030\371\256\265\036\320\273\013\357<\215/(\215[\231D\357Gd\372\270\316\261\301\342\327\225\241\000GZ\227\022t\201\240u\2324P\027\307M\337'Y\361[IAD\351\374!\232\005\337\376\252\251g\004\003"";   nodeid: ""\000\000\000\000\000\000\000\000\000\000\000\000\000\000\000\000\000\000\000\000\000\000\000\000\000\000\000\000\000\000\000\000\000""; }; "
1750527534000,1750527534000,1544,1,2,1,TMGetLedger,"itype: liTS_CANDIDATE; ledgerHash: ""[\000\302\314\326\214\276@c\240\272\222{\363\314\032\213\311\316\246/\330\302\014>\022\346\234\347\264\270\350""; nodeIDs: ""\000\000\000\000\000\000\000\000\000\000\000\000\000\000\000\000\000\000\000\000\000\000\000\000\000\000\000\000\000\000\000\000\000""; queryType: qtINDIRECT; queryDepth: 3; ","itype: liTS_CANDIDATE; ledgerHash: ""[\000\302\314\326\214\276@c\240\272\222{\363\314\032\213\311\316\246/\330\302\014>\022\346\234\347\264\270\350""; nodeIDs: ""\000\000\000\000\000\000\000\000\000\000\000\000\000\000\000\000\000\000\000\000\000\000\000\000\000\000\000\000\000\000\000\000\000""; queryType: qtINDIRECT; queryDepth: 3; "
1750527534001,1750527534001,4000,1,2,3,TMGetLedger,"itype: liTS_CANDIDATE; ledgerHash: ""[\000\302\314\326\214\276@c\240\272\222{\363\314\032\213\311\316\246/\330\302\014>\022\346\234\347\264\270\350""; nodeIDs: ""\000\000\000\000\000\000\000\000\000\000\000\000\000\000\000\000\000\000\000\000\000\000\000\000\000\000\000\000\000\000\000\000\000""; queryType: qtINDIRECT; queryDepth: 3; ","itype: liTS_CANDIDATE; ledgerHash: ""[\000\302\314\326\214\276@c\240\272\222{\363\314\032\213\311\316\246/\330\302\014>\022\346\234\347\264\270\350""; nodeIDs: ""\000\000\000\000\000\000\000\000\000\000\000\000\000\000\000\000\000\000\000\000\000\000\000\000\000\000\000\000\000\000\000\000\000""; queryType: qtINDIRECT; queryDepth: 3; "
1750527534001,1750527534001,589,1,2,0,TMGetLedger,"itype: liTS_CANDIDATE; ledgerHash: ""[\000\302\314\326\214\276@c\240\272\222{\363\314\032\213\311\316\246/\330\302\014>\022\346\234\347\264\270\350""; nodeIDs: ""\000\000\000\000\000\000\000\000\000\000\000\000\000\000\000\000\000\000\000\000\000\000\000\000\000\000\000\000\000\000\000\000\000""; queryType: qtINDIRECT; queryDepth: 3; ","itype: liTS_CANDIDATE; ledgerHash: ""[\000\302\314\326\214\276@c\240\272\222{\363\314\032\213\311\316\246/\330\302\014>\022\346\234\347\264\270\350""; nodeIDs: ""\000\000\000\000\000\000\000\000\000\000\000\000\000\000\000\000\000\000\000\000\000\000\000\000\000\000\000\000\000\000\000\000\000""; queryType: qtINDIRECT; queryDepth: 3; "
1750527534001,1750527534001,3719,1,2,4,TMGetLedger,"itype: liTS_CANDIDATE; ledgerHash: ""[\000\302\314\326\214\276@c\240\272\222{\363\314\032\213\311\316\246/\330\302\014>\022\346\234\347\264\270\350""; nodeIDs: ""\000\000\000\000\000\000\000\000\000\000\000\000\000\000\000\000\000\000\000\000\000\000\000\000\000\000\000\000\000\000\000\000\000""; queryType: qtINDIRECT; queryDepth: 3; ","itype: liTS_CANDIDATE; ledgerHash: ""[\000\302\314\326\214\276@c\240\272\222{\363\314\032\213\311\316\246/\330\302\014>\022\346\234\347\264\270\350""; nodeIDs: ""\000\000\000\000\000\000\000\000\000\000\000\000\000\000\000\000\000\000\000\000\000\000\000\000\000\000\000\000\000\000\000\000\000""; queryType: qtINDIRECT; queryDepth: 3; "
1750527534007,1750527534007,3810,1,1,4,TMGetLedger,"itype: liTS_CANDIDATE; ledgerHash: ""[\000\302\314\326\214\276@c\240\272\222{\363\314\032\213\311\316\246/\330\302\014>\022\346\234\347\264\270\350""; nodeIDs: ""\000\000\000\000\000\000\000\000\000\000\000\000\000\000\000\000\000\000\000\000\000\000\000\000\000\000\000\000\000\000\000\000\000""; requestCookie: 2; queryType: qtINDIRECT; queryDepth: 3; ","itype: liTS_CANDIDATE; ledgerHash: ""[\000\302\314\326\214\276@c\240\272\222{\363\314\032\213\311\316\246/\330\302\014>\022\346\234\347\264\270\350""; nodeIDs: ""\000\000\000\000\000\000\000\000\000\000\000\000\000\000\000\000\000\000\000\000\000\000\000\000\000\000\000\000\000\000\000\000\000""; requestCookie: 2; queryType: qtINDIRECT; queryDepth: 3; "
1750527534010,1750527534010,4000,1,2,3,TMGetLedger,"itype: liTS_CANDIDATE; ledgerHash: ""[\000\302\314\326\214\276@c\240\272\222{\363\314\032\213\311\316\246/\330\302\014>\022\346\234\347\264\270\350""; nodeIDs: ""\000\000\000\000\000\000\000\000\000\000\000\000\000\000\000\000\000\000\000\000\000\000\000\000\000\000\000\000\000\000\000\000\000""; requestCookie: 3; queryType: qtINDIRECT; queryDepth: 3; ","itype: liTS_CANDIDATE; ledgerHash: ""[\000\302\314\326\214\276@c\240\272\222{\363\314\032\213\311\316\246/\330\302\014>\022\346\234\347\264\270\350""; nodeIDs: ""\000\000\000\000\000\000\000\000\000\000\000\000\000\000\000\000\000\000\000\000\000\000\000\000\000\000\000\000\000\000\000\000\000""; requestCookie: 3; queryType: qtINDIRECT; queryDepth: 3; "
1750527534010,1750527534010,1495,1,1,2,TMGetLedger,"itype: liBASE; ledgerHash: ""\360\215\2502\265\245\310\226\243c\302Ze\306\253#r\020\211\320iG\276\020E\317\035Sf\223F\254""; queryType: qtINDIRECT; ","itype: liBASE; ledgerHash: ""\360\215\2502\265\245\310\226\243c\302Ze\306\253#r\020\211\320iG\276\020E\317\035Sf\223F\254""; queryType: qtINDIRECT; "
1750527534011,1750527534011,1394,1,1,2,TMProposeSet,"proposeSeq: 0; currentTxHash: ""\000\000\000\000\000\000\000\000\000\000\000\000\000\000\000\000\000\000\000\000\000\000\000\000\000\000\000\000\000\000\000\000""; nodePubKey: ""\003R7o\362bV\300hf\266\241;}\200^\374\240\203[:\342Q\225\221\027y\372\255\235\216\323~""; closeTime: 803842731; signature: ""0D\002 tN\276\275jp\342{X\236\356\344^\335M\316\365\364\337t]\270\311+\210\001\226M\0355\225|\002 3\337J\301\263\341\364\205\373\206\006~\236\037\277\206\225\377\364\214\t\220$K\337\021\031\225\223\304c\277""; previousledger: ""\331]\036\237\306o!\223\221\002\324\031\262\240R\177 ,\214\325\Q])\016\2067\277\t\354\010\000""; ","proposeSeq: 0; currentTxHash: ""\000\000\000\000\000\000\000\000\000\000\000\000\000\000\000\000\000\000\000\000\000\000\000\000\000\000\000\000\000\000\000\000""; nodePubKey: ""\003R7o\362bV\300hf\266\241;}\200^\374\240\203[:\342Q\225\221\027y\372\255\235\216\323~""; closeTime: 803842731; signature: ""0D\002 tN\276\275jp\342{X\236\356\344^\335M\316\365\364\337t]\270\311+\210\001\226M\0355\225|\002 3\337J\301\263\341\364\205\373\206\006~\236\037\277\206\225\377\364\214\t\220$K\337\021\031\225\223\304c\277""; previousledger: ""\331]\036\237\306o!\223\221\002\324\031\262\240R\177 ,\214\325\Q])\016\2067\277\t\354\010\000""; "
1750527534012,1750527534012,2742,1,1,0,TMProposeSet,"proposeSeq: 0; currentTxHash: ""\000\000\000\000\000\000\000\000\000\000\000\000\000\000\000\000\000\000\000\000\000\000\000\000\000\000\000\000\000\000\000\000""; nodePubKey: ""\003R7o\362bV\300hf\266\241;}\200^\374\240\203[:\342Q\225\221\027y\372\255\235\216\323~""; closeTime: 803842731; signature: ""0D\002 tN\276\275jp\342{X\236\356\344^\335M\316\365\364\337t]\270\311+\210\001\226M\0355\225|\002 3\337J\301\263\341\364\205\373\206\006~\236\037\277\206\225\377\364\214\t\220$K\337\021\031\225\223\304c\277""; previousledger: ""\331]\036\237\306o!\223\221\002\324\031\262\240R\177 ,\214\325\Q])\016\2067\277\t\354\010\000""; ","proposeSeq: 0; currentTxHash: ""\000\000\000\000\000\000\000\000\000\000\000\000\000\000\000\000\000\000\000\000\000\000\000\000\000\000\000\000\000\000\000\000""; nodePubKey: ""\003R7o\362bV\300hf\266\241;}\200^\374\240\203[:\342Q\225\221\027y\372\255\235\216\323~""; closeTime: 803842731; signature: ""0D\002 tN\276\275jp\342{X\236\356\344^\335M\316\365\364\337t]\270\311+\210\001\226M\0355\225|\002 3\337J\301\263\341\364\205\373\206\006~\236\037\277\206\225\377\364\214\t\220$K\337\021\031\225\223\304c\277""; previousledger: ""\331]\036\237\306o!\223\221\002\324\031\262\240R\177 ,\214\325\Q])\016\2067\277\t\354\010\000""; "
1750527534012,1750527534012,3299,1,1,3,TMProposeSet,"proposeSeq: 0; currentTxHash: ""\000\000\000\000\000\000\000\000\000\000\000\000\000\000\000\000\000\000\000\000\000\000\000\000\000\000\000\000\000\000\000\000""; nodePubKey: ""\003R7o\362bV\300hf\266\241;}\200^\374\240\203[:\342Q\225\221\027y\372\255\235\216\323~""; closeTime: 803842731; signature: ""0D\002 tN\276\275jp\342{X\236\356\344^\335M\316\365\364\337t]\270\311+\210\001\226M\0355\225|\002 3\337J\301\263\341\364\205\373\206\006~\236\037\277\206\225\377\364\214\t\220$K\337\021\031\225\223\304c\277""; previousledger: ""\331]\036\237\306o!\223\221\002\324\031\262\240R\177 ,\214\325\Q])\016\2067\277\t\354\010\000""; ","proposeSeq: 0; currentTxHash: ""\000\000\000\000\000\000\000\000\000\000\000\000\000\000\000\000\000\000\000\000\000\000\000\000\000\000\000\000\000\000\000\000""; nodePubKey: ""\003R7o\362bV\300hf\266\241;}\200^\374\240\203[:\342Q\225\221\027y\372\255\235\216\323~""; closeTime: 803842731; signature: ""0D\002 tN\276\275jp\342{X\236\356\344^\335M\316\365\364\337t]\270\311+\210\001\226M\0355\225|\002 3\337J\301\263\341\364\205\373\206\006~\236\037\277\206\225\377\364\214\t\220$K\337\021\031\225\223\304c\277""; previousledger: ""\331]\036\237\306o!\223\221\002\324\031\262\240R\177 ,\214\325\Q])\016\2067\277\t\354\010\000""; "
1750527534014,1750527534014,2920,1,1,0,TMGetLedger,"itype: liTS_CANDIDATE; ledgerHash: ""[\000\302\314\326\214\276@c\240\272\222{\363\314\032\213\311\316\246/\330\302\014>\022\346\234\347\264\270\350""; nodeIDs: ""\000\000\000\000\000\000\000\000\000\000\000\000\000\000\000\000\000\000\000\000\000\000\000\000\000\000\000\000\000\000\000\000\000""; queryType: qtINDIRECT; queryDepth: 3; ","itype: liTS_CANDIDATE; ledgerHash: ""[\000\302\314\326\214\276@c\240\272\222{\363\314\032\213\311\316\246/\330\302\014>\022\346\234\347\264\270\350""; nodeIDs: ""\000\000\000\000\000\000\000\000\000\000\000\000\000\000\000\000\000\000\000\000\000\000\000\000\000\000\000\000\000\000\000\000\000""; queryType: qtINDIRECT; queryDepth: 3; "
1750527534014,1750527534015,3769,1,1,3,TMGetLedger,"itype: liTS_CANDIDATE; ledgerHash: ""[\000\302\314\326\214\276@c\240\272\222{\363\314\032\213\311\316\246/\330\302\014>\022\346\234\347\264\270\350""; nodeIDs: ""\000\000\000\000\000\000\000\000\000\000\000\000\000\000\000\000\000\000\000\000\000\000\000\000\000\000\000\000\000\000\000\000\000""; queryType: qtINDIRECT; queryDepth: 3; ","itype: liTS_CANDIDATE; ledgerHash: ""[\000\302\314\326\214\276@c\240\272\222{\363\314\032\213\311\316\246/\330\302\014>\022\346\234\347\264\270\350""; nodeIDs: ""\000\000\000\000\000\000\000\000\000\000\000\000\000\000\000\000\000\000\000\000\000\000\000\000\000\000\000\000\000\000\000\000\000""; queryType: qtINDIRECT; queryDepth: 3; "
1750527534015,1750527534015,1495,1,1,2,TMGetLedger,"itype: liTS_CANDIDATE; ledgerHash: ""[\000\302\314\326\214\276@c\240\272\222{\363\314\032\213\311\316\246/\330\302\014>\022\346\234\347\264\270\350""; nodeIDs: ""\000\000\000\000\000\000\000\000\000\000\000\000\000\000\000\000\000\000\000\000\000\000\000\000\000\000\000\000\000\000\000\000\000""; queryType: qtINDIRECT; queryDepth: 3; ","itype: liTS_CANDIDATE; ledgerHash: ""[\000\302\314\326\214\276@c\240\272\222{\363\314\032\213\311\316\246/\330\302\014>\022\346\234\347\264\270\350""; nodeIDs: ""\000\000\000\000\000\000\000\000\000\000\000\000\000\000\000\000\000\000\000\000\000\000\000\000\000\000\000\000\000\000\000\000\000""; queryType: qtINDIRECT; queryDepth: 3; "
1750527534015,1750527534015,3810,1,1,4,TMGetLedger,"itype: liTS_CANDIDATE; ledgerHash: ""[\000\302\314\326\214\276@c\240\272\222{\363\314\032\213\311\316\246/\330\302\014>\022\346\234\347\264\270\350""; nodeIDs: ""\000\000\000\000\000\000\000\000\000\000\000\000\000\000\000\000\000\000\000\000\000\000\000\000\000\000\000\000\000\000\000\000\000""; queryType: qtINDIRECT; queryDepth: 3; ","itype: liTS_CANDIDATE; ledgerHash: ""[\000\302\314\326\214\276@c\240\272\222{\363\314\032\213\311\316\246/\330\302\014>\022\346\234\347\264\270\350""; nodeIDs: ""\000\000\000\000\000\000\000\000\000\000\000\000\000\000\000\000\000\000\000\000\000\000\000\000\000\000\000\000\000\000\000\000\000""; queryType: qtINDIRECT; queryDepth: 3; "
1750527534032,1750527534032,1813,1,3,1,TMLedgerData,"ledgerHash: ""[\000\302\314\326\214\276@c\240\272\222{\363\314\032\213\311\316\246/\330\302\014>\022\346\234\347\264\270\350""; ledgerSeq: 0; type: liTS_CANDIDATE; nodes {;   nodedata: ""\002i\361\030\371\256\265\036\320\273\013\357<\215/(\215[\231D\357Gd\372\270\316\261\301\342\327\225\241\000GZ\227\022t\201\240u\2324P\027\307M\337'Y\361[IAD\351\374!\232\005\337\376\252\251g\004\003"";   nodeid: ""\000\000\000\000\000\000\000\000\000\000\000\000\000\000\000\000\000\000\000\000\000\000\000\000\000\000\000\000\000\000\000\000\000""; }; ","ledgerHash: ""[\000\302\314\326\214\276@c\240\272\222{\363\314\032\213\311\316\246/\330\302\014>\022\346\234\347\264\270\350""; ledgerSeq: 0; type: liTS_CANDIDATE; nodes {;   nodedata: ""\002i\361\030\371\256\265\036\320\273\013\357<\215/(\215[\231D\357Gd\372\270\316\261\301\342\327\225\241\000GZ\227\022t\201\240u\2324P\027\307M\337'Y\361[IAD\351\374!\232\005\337\376\252\251g\004\003"";   nodeid: ""\000\000\000\000\000\000\000\000\000\000\000\000\000\000\000\000\000\000\000\000\000\000\000\000\000\000\000\000\000\000\000\000\000""; }; "
1750527534033,1750527534033,3422,1,0,3,TMValidation,"validation: """"\200\000\000\001&\000\000\000\006)/\351\252\255:g\237X\336\3531\020\010Q\360\215\2502\265\245\310\226\243c\302Ze\306\253#r\020\211\320iG\276\020E\317\035Sf\223F\254P\027\000\000\000\000\000\000\000\000\000\000\000\000\000\000\000\000\000\000\000\000\000\000\000\000\000\000\000\000\000\000\000\000P\031\331]\036\237\306o!\223\221\002\324\031\262\240R\177 ,\214\325\Q])\016\2067\277\t\354\010\000s!\003\255\225A\213\332\224ehh\024BDq\224\250\335`\355\353{\357\266\335<\021\032\265\177\206\356&\215vF0D\002 \\357\362#\371\010\365b(\356\250Y\256E\265\217\334\237,\243\301\0069+\005\357u\324\311D\203\246\002 \027\326D\261}ZyeO\000\347\313P,pa\300\000\034\220ev\264]\233\001\344\037O\315f\002""; ","validation: """"\200\000\000\001&\000\000\000\006)/\351\252\255:g\237X\336\3531\020\010Q\360\215\2502\265\245\310\226\243c\302Ze\306\253#r\020\211\320iG\276\020E\317\035Sf\223F\254P\027\000\000\000\000\000\000\000\000\000\000\000\000\000\000\000\000\000\000\000\000\000\000\000\000\000\000\000\000\000\000\000\000P\031\331]\036\237\306o!\223\221\002\324\031\262\240R\177 ,\214\325\Q])\016\2067\277\t\354\010\000s!\003\255\225A\213\332\224ehh\024BDq\224\250\335`\355\353{\357\266\335<\021\032\265\177\206\356&\215vF0D\002 \\357\362#\371\010\365b(\356\250Y\256E\265\217\334\237,\243\301\0069+\005\357u\324\311D\203\246\002 \027\326D\261}ZyeO\000\347\313P,pa\300\000\034\220ev\264]\233\001\344\037O\315f\002""; "
1750527534033,1750527534033,782,1,0,4,TMValidation,"validation: """"\200\000\000\001&\000\000\000\006)/\351\252\255:g\237X\336\3531\020\010Q\360\215\2502\265\245\310\226\243c\302Ze\306\253#r\020\211\320iG\276\020E\317\035Sf\223F\254P\027\000\000\000\000\000\000\000\000\000\000\000\000\000\000\000\000\000\000\000\000\000\000\000\000\000\000\000\000\000\000\000\000P\031\331]\036\237\306o!\223\221\002\324\031\262\240R\177 ,\214\325\Q])\016\2067\277\t\354\010\000s!\003\255\225A\213\332\224ehh\024BDq\224\250\335`\355\353{\357\266\335<\021\032\265\177\206\356&\215vF0D\002 \\357\362#\371\010\365b(\356\250Y\256E\265\217\334\237,\243\301\0069+\005\357u\324\311D\203\246\002 \027\326D\261}ZyeO\000\347\313P,pa\300\000\034\220ev\264]\233\001\344\037O\315f\002""; ","validation: """"\200\000\000\001&\000\000\000\006)/\351\252\255:g\237X\336\3531\020\010Q\360\215\2502\265\245\310\226\243c\302Ze\306\253#r\020\211\320iG\276\020E\317\035Sf\223F\254P\027\000\000\000\000\000\000\000\000\000\000\000\000\000\000\000\000\000\000\000\000\000\000\000\000\000\000\000\000\000\000\000\000P\031\331]\036\237\306o!\223\221\002\324\031\262\240R\177 ,\214\325\Q])\016\2067\277\t\354\010\000s!\003\255\225A\213\332\224ehh\024BDq\224\250\335`\355\353{\357\266\335<\021\032\265\177\206\356&\215vF0D\002 \\357\362#\371\010\365b(\356\250Y\256E\265\217\334\237,\243\301\0069+\005\357u\324\311D\203\246\002 \027\326D\261}ZyeO\000\347\313P,pa\300\000\034\220ev\264]\233\001\344\037O\315f\002""; "
1750527534033,1750527534033,1199,1,0,2,TMGetLedger,"itype: liBASE; ledgerHash: ""\360\215\2502\265\245\310\226\243c\302Ze\306\253#r\020\211\320iG\276\020E\317\035Sf\223F\254""; ","itype: liBASE; ledgerHash: ""\360\215\2502\265\245\310\226\243c\302Ze\306\253#r\020\211\320iG\276\020E\317\035Sf\223F\254""; "
1750527534034,1750527534034,3375,1,0,1,TMGetLedger,"itype: liBASE; ledgerHash: ""\360\215\2502\265\245\310\226\243c\302Ze\306\253#r\020\211\320iG\276\020E\317\035Sf\223F\254""; ","itype: liBASE; ledgerHash: ""\360\215\2502\265\245\310\226\243c\302Ze\306\253#r\020\211\320iG\276\020E\317\035Sf\223F\254""; "
1750527534034,1750527534034,3375,1,0,1,TMGetLedger,"itype: liBASE; ledgerHash: ""\360\215\2502\265\245\310\226\243c\302Ze\306\253#r\020\211\320iG\276\020E\317\035Sf\223F\254""; queryType: qtINDIRECT; ","itype: liBASE; ledgerHash: ""\360\215\2502\265\245\310\226\243c\302Ze\306\253#r\020\211\320iG\276\020E\317\035Sf\223F\254""; queryType: qtINDIRECT; "
1750527534034,1750527534034,2261,1,0,1,TMValidation,"validation: """"\200\000\000\001&\000\000\000\006)/\351\252\255:g\237X\336\3531\020\010Q\360\215\2502\265\245\310\226\243c\302Ze\306\253#r\020\211\320iG\276\020E\317\035Sf\223F\254P\027\000\000\000\000\000\000\000\000\000\000\000\000\000\000\000\000\000\000\000\000\000\000\000\000\000\000\000\000\000\000\000\000P\031\331]\036\237\306o!\223\221\002\324\031\262\240R\177 ,\214\325\Q])\016\2067\277\t\354\010\000s!\003\255\225A\213\332\224ehh\024BDq\224\250\335`\355\353{\357\266\335<\021\032\265\177\206\356&\215vF0D\002 \\357\362#\371\010\365b(\356\250Y\256E\265\217\334\237,\243\301\0069+\005\357u\324\311D\203\246\002 \027\326D\261}ZyeO\000\347\313P,pa\300\000\034\220ev\264]\233\001\344\037O\315f\002""; ","validation: """"\200\000\000\001&\000\000\000\006)/\351\252\255:g\237X\336\3531\020\010Q\360\215\2502\265\245\310\226\243c\302Ze\306\253#r\020\211\320iG\276\020E\317\035Sf\223F\254P\027\000\000\000\000\000\000\000\000\000\000\000\000\000\000\000\000\000\000\000\000\000\000\000\000\000\000\000\000\000\000\000\000P\031\331]\036\237\306o!\223\221\002\324\031\262\240R\177 ,\214\325\Q])\016\2067\277\t\354\010\000s!\003\255\225A\213\332\224ehh\024BDq\224\250\335`\355\353{\357\266\335<\021\032\265\177\206\356&\215vF0D\002 \\357\362#\371\010\365b(\356\250Y\256E\265\217\334\237,\243\301\0069+\005\357u\324\311D\203\246\002 \027\326D\261}ZyeO\000\347\313P,pa\300\000\034\220ev\264]\233\001\344\037O\315f\002""; "
1750527534034,1750527534034,1199,1,0,2,TMGetLedger,"itype: liBASE; ledgerHash: ""\360\215\2502\265\245\310\226\243c\302Ze\306\253#r\020\211\320iG\276\020E\317\035Sf\223F\254""; queryType: qtINDIRECT; ","itype: liBASE; ledgerHash: ""\360\215\2502\265\245\310\226\243c\302Ze\306\253#r\020\211\320iG\276\020E\317\035Sf\223F\254""; queryType: qtINDIRECT; "
1750527534045,1750527534045,3769,1,1,3,TMGetLedger,"itype: liTS_CANDIDATE; ledgerHash: ""[\000\302\314\326\214\276@c\240\272\222{\363\314\032\213\311\316\246/\330\302\014>\022\346\234\347\264\270\350""; nodeIDs: ""\000\000\000\000\000\000\000\000\000\000\000\000\000\000\000\000\000\000\000\000\000\000\000\000\000\000\000\000\000\000\000\000\000""; requestCookie: 3; queryType: qtINDIRECT; queryDepth: 3; ","itype: liTS_CANDIDATE; ledgerHash: ""[\000\302\314\326\214\276@c\240\272\222{\363\314\032\213\311\316\246/\330\302\014>\022\346\234\347\264\270\350""; nodeIDs: ""\000\000\000\000\000\000\000\000\000\000\000\000\000\000\000\000\000\000\000\000\000\000\000\000\000\000\000\000\000\000\000\000\000""; requestCookie: 3; queryType: qtINDIRECT; queryDepth: 3; "
1750527534055,1750527534055,380,1,0,4,TMGetLedger,"itype: liBASE; ledgerHash: ""\360\215\2502\265\245\310\226\243c\302Ze\306\253#r\020\211\320iG\276\020E\317\035Sf\223F\254""; ","itype: liBASE; ledgerHash: ""\360\215\2502\265\245\310\226\243c\302Ze\306\253#r\020\211\320iG\276\020E\317\035Sf\223F\254""; "
1750527534056,1750527534056,380,1,0,4,TMGetLedger,"itype: liBASE; ledgerHash: ""\360\215\2502\265\245\310\226\243c\302Ze\306\253#r\020\211\320iG\276\020E\317\035Sf\223F\254""; queryType: qtINDIRECT; ","itype: liBASE; ledgerHash: ""\360\215\2502\265\245\310\226\243c\302Ze\306\253#r\020\211\320iG\276\020E\317\035Sf\223F\254""; queryType: qtINDIRECT; "
1750527534071,1750527534071,1144,1,4,1,TMLedgerData,"ledgerHash: ""[\000\302\314\326\214\276@c\240\272\222{\363\314\032\213\311\316\246/\330\302\014>\022\346\234\347\264\270\350""; ledgerSeq: 0; type: liTS_CANDIDATE; nodes {;   nodedata: ""\002i\361\030\371\256\265\036\320\273\013\357<\215/(\215[\231D\357Gd\372\270\316\261\301\342\327\225\241\000GZ\227\022t\201\240u\2324P\027\307M\337'Y\361[IAD\351\374!\232\005\337\376\252\251g\004\003"";   nodeid: ""\000\000\000\000\000\000\000\000\000\000\000\000\000\000\000\000\000\000\000\000\000\000\000\000\000\000\000\000\000\000\000\000\000""; }; requestCookie: 4; ","ledgerHash: ""[\000\302\314\326\214\276@c\240\272\222{\363\314\032\213\311\316\246/\330\302\014>\022\346\234\347\264\270\350""; ledgerSeq: 0; type: liTS_CANDIDATE; nodes {;   nodedata: ""\002i\361\030\371\256\265\036\320\273\013\357<\215/(\215[\231D\357Gd\372\270\316\261\301\342\327\225\241\000GZ\227\022t\201\240u\2324P\027\307M\337'Y\361[IAD\351\374!\232\005\337\376\252\251g\004\003"";   nodeid: ""\000\000\000\000\000\000\000\000\000\000\000\000\000\000\000\000\000\000\000\000\000\000\000\000\000\000\000\000\000\000\000\000\000""; }; requestCookie: 4; "
1750527534073,1750527534073,1144,1,4,1,TMLedgerData,"ledgerHash: ""[\000\302\314\326\214\276@c\240\272\222{\363\314\032\213\311\316\246/\330\302\014>\022\346\234\347\264\270\350""; ledgerSeq: 0; type: liTS_CANDIDATE; nodes {;   nodedata: ""\002i\361\030\371\256\265\036\320\273\013\357<\215/(\215[\231D\357Gd\372\270\316\261\301\342\327\225\241\000GZ\227\022t\201\240u\2324P\027\307M\337'Y\361[IAD\351\374!\232\005\337\376\252\251g\004\003"";   nodeid: ""\000\000\000\000\000\000\000\000\000\000\000\000\000\000\000\000\000\000\000\000\000\000\000\000\000\000\000\000\000\000\000\000\000""; }; ","ledgerHash: ""[\000\302\314\326\214\276@c\240\272\222{\363\314\032\213\311\316\246/\330\302\014>\022\346\234\347\264\270\350""; ledgerSeq: 0; type: liTS_CANDIDATE; nodes {;   nodedata: ""\002i\361\030\371\256\265\036\320\273\013\357<\215/(\215[\231D\357Gd\372\270\316\261\301\342\327\225\241\000GZ\227\022t\201\240u\2324P\027\307M\337'Y\361[IAD\351\374!\232\005\337\376\252\251g\004\003"";   nodeid: ""\000\000\000\000\000\000\000\000\000\000\000\000\000\000\000\000\000\000\000\000\000\000\000\000\000\000\000\000\000\000\000\000\000""; }; "
1750527534073,1750527534073,3578,1,1,3,TMLedgerData,"ledgerHash: ""\310\200l\322\255\214\342'\243\202\375k%_\335\032N\021G\005\230\271\366~%e\366\202l^\rR""; ledgerSeq: 0; type: liTS_CANDIDATE; nodes {;   nodedata: ""GZ\227\022t\201\240u\2324P\027\307M\337'Y\361[IAD\351\374!\232\005\337\376\252\251g\004\003"";   nodeid: ""\000\000\000\000\000\000\000\000\000\000\000\000\000\000\000\000\000\000\000\000\000\000\000\000\000\000\000\000\000\000\000\000\000""; }; ","ledgerHash: ""\310\200l\322\255\214\342'\243\202\375k%_\335\032N\021G\005\230\271\366~%e\366\202l^\rR""; ledgerSeq: 0; type: liTS_CANDIDATE; nodes {;   nodedata: ""GZ\227\022t\201\240u\2324P\027\307M\337'Y\361[IAD\351\374!\232\005\337\376\252\251g\004\003"";   nodeid: ""\000\000\000\000\000\000\000\000\000\000\000\000\000\000\000\000\000\000\000\000\000\000\000\000\000\000\000\000\000\000\000\000\000""; }; "
1750527534074,1750527534074,3094,1,0,3,TMGetLedger,"itype: liBASE; ledgerHash: ""\360\215\2502\265\245\310\226\243c\302Ze\306\253#r\020\211\320iG\276\020E\317\035Sf\223F\254""; ","itype: liBASE; ledgerHash: ""\360\215\2502\265\245\310\226\243c\302Ze\306\253#r\020\211\320iG\276\020E\317\035Sf\223F\254""; "
1750527534074,1750527534074,3094,1,0,3,TMGetLedger,"itype: liBASE; ledgerHash: ""\360\215\2502\265\245\310\226\243c\302Ze\306\253#r\020\211\320iG\276\020E\317\035Sf\223F\254""; queryType: qtINDIRECT; ","itype: liBASE; ledgerHash: ""\360\215\2502\265\245\310\226\243c\302Ze\306\253#r\020\211\320iG\276\020E\317\035Sf\223F\254""; queryType: qtINDIRECT; "
1750527534074,1750527534074,1497,1,0,3,TMLedgerData,"ledgerHash: ""[\000\302\314\326\214\276@c\240\272\222{\363\314\032\213\311\316\246/\330\302\014>\022\346\234\347\264\270\350""; ledgerSeq: 0; type: liTS_CANDIDATE; nodes {;   nodedata: ""\002i\361\030\371\256\265\036\320\273\013\357<\215/(\215[\231D\357Gd\372\270\316\261\301\342\327\225\241\000GZ\227\022t\201\240u\2324P\027\307M\337'Y\361[IAD\351\374!\232\005\337\376\252\251g\004\003"";   nodeid: ""\000\000\000\000\000\000\000\000\000\000\000\000\000\000\000\000\000\000\000\000\000\000\000\000\000\000\000\000\000\000\000\000\000""; }; ","ledgerHash: ""[\000\302\314\326\214\276@c\240\272\222{\363\314\032\213\311\316\246/\330\302\014>\022\346\234\347\264\270\350""; ledgerSeq: 0; type: liTS_CANDIDATE; nodes {;   nodedata: ""\002i\361\030\371\256\265\036\320\273\013\357<\215/(\215[\231D\357Gd\372\270\316\261\301\342\327\225\241\000GZ\227\022t\201\240u\2324P\027\307M\337'Y\361[IAD\351\374!\232\005\337\376\252\251g\004\003"";   nodeid: ""\000\000\000\000\000\000\000\000\000\000\000\000\000\000\000\000\000\000\000\000\000\000\000\000\000\000\000\000\000\000\000\000\000""; }; "
1750527534081,1750527534081,3085,1,3,0,TMLedgerData,"ledgerHash: ""'\274\220\233\332\373\335\027\332I\377y`\224\260\350-\215\335\267[\036\265\265\252`\026&\030{\362\363""; ledgerSeq: 0; type: liTS_CANDIDATE; nodes {;   nodedata: ""\002i\361\030\371\256\265\036\320\273\013\357<\215/(\215[\231D\357Gd\372\270\316\261\301\342\327\225\241\000GZ\227\022t\201\240u\2324P\027\307M\337'Y\361[IAD\351\374!\232\005\337\376\252\251g\004\240\231\202k\030<\225\205;%\337\001\376d\216V\310\306k>\373\322\372\353b\3659\350\345\324F\026\n\003"";   nodeid: ""\000\000\000\000\000\000\000\000\000\000\000\000\000\000\000\000\000\000\000\000\000\000\000\000\000\000\000\000\000\000\000\000\000""; }; ","ledgerHash: ""'\274\220\233\332\373\335\027\332I\377y`\224\260\350-\215\335\267[\036\265\265\252`\026&\030{\362\363""; ledgerSeq: 0; type: liTS_CANDIDATE; nodes {;   nodedata: ""\002i\361\030\371\256\265\036\320\273\013\357<\215/(\215[\231D\357Gd\372\270\316\261\301\342\327\225\241\000GZ\227\022t\201\240u\2324P\027\307M\337'Y\361[IAD\351\374!\232\005\337\376\252\251g\004\240\231\202k\030<\225\205;%\337\001\376d\216V\310\306k>\373\322\372\353b\3659\350\345\324F\026\n\003"";   nodeid: ""\000\000\000\000\000\000\000\000\000\000\000\000\000\000\000\000\000\000\000\000\000\000\000\000\000\000\000\000\000\000\000\000\000""; }; "
1750527534082,1750527534082,3719,1,2,4,TMGetLedger,"itype: liTS_CANDIDATE; ledgerHash: ""[\000\302\314\326\214\276@c\240\272\222{\363\314\032\213\311\316\246/\330\302\014>\022\346\234\347\264\270\350""; nodeIDs: ""\000\000\000\000\000\000\000\000\000\000\000\000\000\000\000\000\000\000\000\000\000\000\000\000\000\000\000\000\000\000\000\000\000""; requestCookie: 2; queryType: qtINDIRECT; queryDepth: 3; ","itype: liTS_CANDIDATE; ledgerHash: ""[\000\302\314\326\214\276@c\240\272\222{\363\314\032\213\311\316\246/\330\302\014>\022\346\234\347\264\270\350""; nodeIDs: ""\000\000\000\000\000\000\000\000\000\000\000\000\000\000\000\000\000\000\000\000\000\000\000\000\000\000\000\000\000\000\000\000\000""; requestCookie: 2; queryType: qtINDIRECT; queryDepth: 3; "
1750527534089,1750527534089,2764,1,4,3,TMLedgerData,"ledgerHash: ""\310\200l\322\255\214\342'\243\202\375k%_\335\032N\021G\005\230\271\366~%e\366\202l^\rR""; ledgerSeq: 0; type: liTS_CANDIDATE; nodes {;   nodedata: ""GZ\227\022t\201\240u\2324P\027\307M\337'Y\361[IAD\351\374!\232\005\337\376\252\251g\004\003"";   nodeid: ""\000\000\000\000\000\000\000\000\000\000\000\000\000\000\000\000\000\000\000\000\000\000\000\000\000\000\000\000\000\000\000\000\000""; }; ","ledgerHash: ""\310\200l\322\255\214\342'\243\202\375k%_\335\032N\021G\005\230\271\366~%e\366\202l^\rR""; ledgerSeq: 0; type: liTS_CANDIDATE; nodes {;   nodedata: ""GZ\227\022t\201\240u\2324P\027\307M\337'Y\361[IAD\351\374!\232\005\337\376\252\251g\004\003"";   nodeid: ""\000\000\000\000\000\000\000\000\000\000\000\000\000\000\000\000\000\000\000\000\000\000\000\000\000\000\000\000\000\000\000\000\000""; }; "
1750527534089,1750527534089,1665,1,2,3,TMLedgerData,"ledgerHash: ""\310\200l\322\255\214\342'\243\202\375k%_\335\032N\021G\005\230\271\366~%e\366\202l^\rR""; ledgerSeq: 0; type: liTS_CANDIDATE; nodes {;   nodedata: ""GZ\227\022t\201\240u\2324P\027\307M\337'Y\361[IAD\351\374!\232\005\337\376\252\251g\004\003"";   nodeid: ""\000\000\000\000\000\000\000\000\000\000\000\000\000\000\000\000\000\000\000\000\000\000\000\000\000\000\000\000\000\000\000\000\000""; }; ","ledgerHash: ""\310\200l\322\255\214\342'\243\202\375k%_\335\032N\021G\005\230\271\366~%e\366\202l^\rR""; ledgerSeq: 0; type: liTS_CANDIDATE; nodes {;   nodedata: ""GZ\227\022t\201\240u\2324P\027\307M\337'Y\361[IAD\351\374!\232\005\337\376\252\251g\004\003"";   nodeid: ""\000\000\000\000\000\000\000\000\000\000\000\000\000\000\000\000\000\000\000\000\000\000\000\000\000\000\000\000\000\000\000\000\000""; }; "
1750527534090,1750527534090,3818,1,0,2,TMLedgerData,"ledgerHash: ""[\000\302\314\326\214\276@c\240\272\222{\363\314\032\213\311\316\246/\330\302\014>\022\346\234\347\264\270\350""; ledgerSeq: 0; type: liTS_CANDIDATE; nodes {;   nodedata: ""\002i\361\030\371\256\265\036\320\273\013\357<\215/(\215[\231D\357Gd\372\270\316\261\301\342\327\225\241\000GZ\227\022t\201\240u\2324P\027\307M\337'Y\361[IAD\351\374!\232\005\337\376\252\251g\004\003"";   nodeid: ""\000\000\000\000\000\000\000\000\000\000\000\000\000\000\000\000\000\000\000\000\000\000\000\000\000\000\000\000\000\000\000\000\000""; }; ","ledgerHash: ""[\000\302\314\326\214\276@c\240\272\222{\363\314\032\213\311\316\246/\330\302\014>\022\346\234\347\264\270\350""; ledgerSeq: 0; type: liTS_CANDIDATE; nodes {;   nodedata: ""\002i\361\030\371\256\265\036\320\273\013\357<\215/(\215[\231D\357Gd\372\270\316\261\301\342\327\225\241\000GZ\227\022t\201\240u\2324P\027\307M\337'Y\361[IAD\351\374!\232\005\337\376\252\251g\004\003"";   nodeid: ""\000\000\000\000\000\000\000\000\000\000\000\000\000\000\000\000\000\000\000\000\000\000\000\000\000\000\000\000\000\000\000\000\000""; }; "
1750527534112,1750527534112,860,1,1,0,TMLedgerData,"ledgerHash: ""'\274\220\233\332\373\335\027\332I\377y`\224\260\350-\215\335\267[\036\265\265\252`\026&\030{\362\363""; ledgerSeq: 0; type: liTS_CANDIDATE; nodes {;   nodedata: ""\002i\361\030\371\256\265\036\320\273\013\357<\215/(\215[\231D\357Gd\372\270\316\261\301\342\327\225\241\000GZ\227\022t\201\240u\2324P\027\307M\337'Y\361[IAD\351\374!\232\005\337\376\252\251g\004\240\231\202k\030<\225\205;%\337\001\376d\216V\310\306k>\373\322\372\353b\3659\350\345\324F\026\n\003"";   nodeid: ""\000\000\000\000\000\000\000\000\000\000\000\000\000\000\000\000\000\000\000\000\000\000\000\000\000\000\000\000\000\000\000\000\000""; }; ","ledgerHash: ""'\274\220\233\332\373\335\027\332I\377y`\224\260\350-\215\335\267[\036\265\265\252`\026&\030{\362\363""; ledgerSeq: 0; type: liTS_CANDIDATE; nodes {;   nodedata: ""\002i\361\030\371\256\265\036\320\273\013\357<\215/(\215[\231D\357Gd\372\270\316\261\301\342\327\225\241\000GZ\227\022t\201\240u\2324P\027\307M\337'Y\361[IAD\351\374!\232\005\337\376\252\251g\004\240\231\202k\030<\225\205;%\337\001\376d\216V\310\306k>\373\322\372\353b\3659\350\345\324F\026\n\003"";   nodeid: ""\000\000\000\000\000\000\000\000\000\000\000\000\000\000\000\000\000\000\000\000\000\000\000\000\000\000\000\000\000\000\000\000\000""; }; "
1750527534132,1750527534132,3504,1,0,4,TMProposeSet,"proposeSeq: 0; currentTxHash: ""\000\000\000\000\000\000\000\000\000\000\000\000\000\000\000\000\000\000\000\000\000\000\000\000\000\000\000\000\000\000\000\000""; nodePubKey: ""\003R7o\362bV\300hf\266\241;}\200^\374\240\203[:\342Q\225\221\027y\372\255\235\216\323~""; closeTime: 803842731; signature: ""0D\002 tN\276\275jp\342{X\236\356\344^\335M\316\365\364\337t]\270\311+\210\001\226M\0355\225|\002 3\337J\301\263\341\364\205\373\206\006~\236\037\277\206\225\377\364\214\t\220$K\337\021\031\225\223\304c\277""; previousledger: ""\331]\036\237\306o!\223\221\002\324\031\262\240R\177 ,\214\325\Q])\016\2067\277\t\354\010\000""; ","proposeSeq: 0; currentTxHash: ""\000\000\000\000\000\000\000\000\000\000\000\000\000\000\000\000\000\000\000\000\000\000\000\000\000\000\000\000\000\000\000\000""; nodePubKey: ""\003R7o\362bV\300hf\266\241;}\200^\374\240\203[:\342Q\225\221\027y\372\255\235\216\323~""; closeTime: 803842731; signature: ""0D\002 tN\276\275jp\342{X\236\356\344^\335M\316\365\364\337t]\270\311+\210\001\226M\0355\225|\002 3\337J\301\263\341\364\205\373\206\006~\236\037\277\206\225\377\364\214\t\220$K\337\021\031\225\223\304c\277""; previousledger: ""\331]\036\237\306o!\223\221\002\324\031\262\240R\177 ,\214\325\Q])\016\2067\277\t\354\010\000""; "
1750527534132,1750527534133,3268,1,0,2,TMProposeSet,"proposeSeq: 0; currentTxHash: ""\000\000\000\000\000\000\000\000\000\000\000\000\000\000\000\000\000\000\000\000\000\000\000\000\000\000\000\000\000\000\000\000""; nodePubKey: ""\003R7o\362bV\300hf\266\241;}\200^\374\240\203[:\342Q\225\221\027y\372\255\235\216\323~""; closeTime: 803842731; signature: ""0D\002 tN\276\275jp\342{X\236\356\344^\335M\316\365\364\337t]\270\311+\210\001\226M\0355\225|\002 3\337J\301\263\341\364\205\373\206\006~\236\037\277\206\225\377\364\214\t\220$K\337\021\031\225\223\304c\277""; previousledger: ""\331]\036\237\306o!\223\221\002\324\031\262\240R\177 ,\214\325\Q])\016\2067\277\t\354\010\000""; ","proposeSeq: 0; currentTxHash: ""\000\000\000\000\000\000\000\000\000\000\000\000\000\000\000\000\000\000\000\000\000\000\000\000\000\000\000\000\000\000\000\000""; nodePubKey: ""\003R7o\362bV\300hf\266\241;}\200^\374\240\203[:\342Q\225\221\027y\372\255\235\216\323~""; closeTime: 803842731; signature: ""0D\002 tN\276\275jp\342{X\236\356\344^\335M\316\365\364\337t]\270\311+\210\001\226M\0355\225|\002 3\337J\301\263\341\364\205\373\206\006~\236\037\277\206\225\377\364\214\t\220$K\337\021\031\225\223\304c\277""; previousledger: ""\331]\036\237\306o!\223\221\002\324\031\262\240R\177 ,\214\325\Q])\016\2067\277\t\354\010\000""; "
1750527534133,1750527534133,3849,1,0,1,TMProposeSet,"proposeSeq: 0; currentTxHash: ""\000\000\000\000\000\000\000\000\000\000\000\000\000\000\000\000\000\000\000\000\000\000\000\000\000\000\000\000\000\000\000\000""; nodePubKey: ""\003R7o\362bV\300hf\266\241;}\200^\374\240\203[:\342Q\225\221\027y\372\255\235\216\323~""; closeTime: 803842731; signature: ""0D\002 tN\276\275jp\342{X\236\356\344^\335M\316\365\364\337t]\270\311+\210\001\226M\0355\225|\002 3\337J\301\263\341\364\205\373\206\006~\236\037\277\206\225\377\364\214\t\220$K\337\021\031\225\223\304c\277""; previousledger: ""\331]\036\237\306o!\223\221\002\324\031\262\240R\177 ,\214\325\Q])\016\2067\277\t\354\010\000""; ","proposeSeq: 0; currentTxHash: ""\000\000\000\000\000\000\000\000\000\000\000\000\000\000\000\000\000\000\000\000\000\000\000\000\000\000\000\000\000\000\000\000""; nodePubKey: ""\003R7o\362bV\300hf\266\241;}\200^\374\240\203[:\342Q\225\221\027y\372\255\235\216\323~""; closeTime: 803842731; signature: ""0D\002 tN\276\275jp\342{X\236\356\344^\335M\316\365\364\337t]\270\311+\210\001\226M\0355\225|\002 3\337J\301\263\341\364\205\373\206\006~\236\037\277\206\225\377\364\214\t\220$K\337\021\031\225\223\304c\277""; previousledger: ""\331]\036\237\306o!\223\221\002\324\031\262\240R\177 ,\214\325\Q])\016\2067\277\t\354\010\000""; "
1750527534138,1750527534138,1434,1,0,1,TMLedgerData,"ledgerHash: ""\310\200l\322\255\214\342'\243\202\375k%_\335\032N\021G\005\230\271\366~%e\366\202l^\rR""; ledgerSeq: 0; type: liTS_CANDIDATE; nodes {;   nodedata: ""GZ\227\022t\201\240u\2324P\027\307M\337'Y\361[IAD\351\374!\232\005\337\376\252\251g\004\003"";   nodeid: ""\000\000\000\000\000\000\000\000\000\000\000\000\000\000\000\000\000\000\000\000\000\000\000\000\000\000\000\000\000\000\000\000\000""; }; requestCookie: 4; ","ledgerHash: ""\310\200l\322\255\214\342'\243\202\375k%_\335\032N\021G\005\230\271\366~%e\366\202l^\rR""; ledgerSeq: 0; type: liTS_CANDIDATE; nodes {;   nodedata: ""GZ\227\022t\201\240u\2324P\027\307M\337'Y\361[IAD\351\374!\232\005\337\376\252\251g\004\003"";   nodeid: ""\000\000\000\000\000\000\000\000\000\000\000\000\000\000\000\000\000\000\000\000\000\000\000\000\000\000\000\000\000\000\000\000\000""; }; requestCookie: 4; "
1750527534182,1750527534182,1434,1,0,1,TMLedgerData,"ledgerHash: ""\310\200l\322\255\214\342'\243\202\375k%_\335\032N\021G\005\230\271\366~%e\366\202l^\rR""; ledgerSeq: 0; type: liTS_CANDIDATE; nodes {;   nodedata: ""GZ\227\022t\201\240u\2324P\027\307M\337'Y\361[IAD\351\374!\232\005\337\376\252\251g\004\003"";   nodeid: ""\000\000\000\000\000\000\000\000\000\000\000\000\000\000\000\000\000\000\000\000\000\000\000\000\000\000\000\000\000\000\000\000\000""; }; requestCookie: 5; ","ledgerHash: ""\310\200l\322\255\214\342'\243\202\375k%_\335\032N\021G\005\230\271\366~%e\366\202l^\rR""; ledgerSeq: 0; type: liTS_CANDIDATE; nodes {;   nodedata: ""GZ\227\022t\201\240u\2324P\027\307M\337'Y\361[IAD\351\374!\232\005\337\376\252\251g\004\003"";   nodeid: ""\000\000\000\000\000\000\000\000\000\000\000\000\000\000\000\000\000\000\000\000\000\000\000\000\000\000\000\000\000\000\000\000\000""; }; requestCookie: 5; "
1750527534183,1750527534183,1434,1,0,1,TMLedgerData,"ledgerHash: ""[\000\302\314\326\214\276@c\240\272\222{\363\314\032\213\311\316\246/\330\302\014>\022\346\234\347\264\270\350""; ledgerSeq: 0; type: liTS_CANDIDATE; nodes {;   nodedata: ""\002i\361\030\371\256\265\036\320\273\013\357<\215/(\215[\231D\357Gd\372\270\316\261\301\342\327\225\241\000GZ\227\022t\201\240u\2324P\027\307M\337'Y\361[IAD\351\374!\232\005\337\376\252\251g\004\003"";   nodeid: ""\000\000\000\000\000\000\000\000\000\000\000\000\000\000\000\000\000\000\000\000\000\000\000\000\000\000\000\000\000\000\000\000\000""; }; ","ledgerHash: ""[\000\302\314\326\214\276@c\240\272\222{\363\314\032\213\311\316\246/\330\302\014>\022\346\234\347\264\270\350""; ledgerSeq: 0; type: liTS_CANDIDATE; nodes {;   nodedata: ""\002i\361\030\371\256\265\036\320\273\013\357<\215/(\215[\231D\357Gd\372\270\316\261\301\342\327\225\241\000GZ\227\022t\201\240u\2324P\027\307M\337'Y\361[IAD\351\374!\232\005\337\376\252\251g\004\003"";   nodeid: ""\000\000\000\000\000\000\000\000\000\000\000\000\000\000\000\000\000\000\000\000\000\000\000\000\000\000\000\000\000\000\000\000\000""; }; "
1750527534219,1750527534219,1539,1,4,2,TMLedgerData,"ledgerHash: ""[\000\302\314\326\214\276@c\240\272\222{\363\314\032\213\311\316\246/\330\302\014>\022\346\234\347\264\270\350""; ledgerSeq: 0; type: liTS_CANDIDATE; nodes {;   nodedata: ""\002i\361\030\371\256\265\036\320\273\013\357<\215/(\215[\231D\357Gd\372\270\316\261\301\342\327\225\241\000GZ\227\022t\201\240u\2324P\027\307M\337'Y\361[IAD\351\374!\232\005\337\376\252\251g\004\003"";   nodeid: ""\000\000\000\000\000\000\000\000\000\000\000\000\000\000\000\000\000\000\000\000\000\000\000\000\000\000\000\000\000\000\000\000\000""; }; ","ledgerHash: ""[\000\302\314\326\214\276@c\240\272\222{\363\314\032\213\311\316\246/\330\302\014>\022\346\234\347\264\270\350""; ledgerSeq: 0; type: liTS_CANDIDATE; nodes {;   nodedata: ""\002i\361\030\371\256\265\036\320\273\013\357<\215/(\215[\231D\357Gd\372\270\316\261\301\342\327\225\241\000GZ\227\022t\201\240u\2324P\027\307M\337'Y\361[IAD\351\374!\232\005\337\376\252\251g\004\003"";   nodeid: ""\000\000\000\000\000\000\000\000\000\000\000\000\000\000\000\000\000\000\000\000\000\000\000\000\000\000\000\000\000\000\000\000\000""; }; "
1750527534220,1750527534220,2874,1,1,2,TMHaveTransactionSet,"status: tsHAVE; hash: ""[\000\302\314\326\214\276@c\240\272\222{\363\314\032\213\311\316\246/\330\302\014>\022\346\234\347\264\270\350""; ","status: tsHAVE; hash: ""[\000\302\314\326\214\276@c\240\272\222{\363\314\032\213\311\316\246/\330\302\014>\022\346\234\347\264\270\350""; "
1750527534221,1750527534221,2995,1,1,0,TMHaveTransactionSet,"status: tsHAVE; hash: ""[\000\302\314\326\214\276@c\240\272\222{\363\314\032\213\311\316\246/\330\302\014>\022\346\234\347\264\270\350""; ","status: tsHAVE; hash: ""[\000\302\314\326\214\276@c\240\272\222{\363\314\032\213\311\316\246/\330\302\014>\022\346\234\347\264\270\350""; "
1750527534221,1750527534221,970,1,1,4,TMHaveTransactionSet,"status: tsHAVE; hash: ""[\000\302\314\326\214\276@c\240\272\222{\363\314\032\213\311\316\246/\330\302\014>\022\346\234\347\264\270\350""; ","status: tsHAVE; hash: ""[\000\302\314\326\214\276@c\240\272\222{\363\314\032\213\311\316\246/\330\302\014>\022\346\234\347\264\270\350""; "
1750527534221,1750527534221,3327,1,1,3,TMHaveTransactionSet,"status: tsHAVE; hash: ""[\000\302\314\326\214\276@c\240\272\222{\363\314\032\213\311\316\246/\330\302\014>\022\346\234\347\264\270\350""; ","status: tsHAVE; hash: ""[\000\302\314\326\214\276@c\240\272\222{\363\314\032\213\311\316\246/\330\302\014>\022\346\234\347\264\270\350""; "
1750527534226,1750527534226,3085,1,3,0,TMLedgerData,"ledgerHash: ""[\000\302\314\326\214\276@c\240\272\222{\363\314\032\213\311\316\246/\330\302\014>\022\346\234\347\264\270\350""; ledgerSeq: 0; type: liTS_CANDIDATE; nodes {;   nodedata: ""\002i\361\030\371\256\265\036\320\273\013\357<\215/(\215[\231D\357Gd\372\270\316\261\301\342\327\225\241\000GZ\227\022t\201\240u\2324P\027\307M\337'Y\361[IAD\351\374!\232\005\337\376\252\251g\004\003"";   nodeid: ""\000\000\000\000\000\000\000\000\000\000\000\000\000\000\000\000\000\000\000\000\000\000\000\000\000\000\000\000\000\000\000\000\000""; }; ","ledgerHash: ""[\000\302\314\326\214\276@c\240\272\222{\363\314\032\213\311\316\246/\330\302\014>\022\346\234\347\264\270\350""; ledgerSeq: 0; type: liTS_CANDIDATE; nodes {;   nodedata: ""\002i\361\030\371\256\265\036\320\273\013\357<\215/(\215[\231D\357Gd\372\270\316\261\301\342\327\225\241\000GZ\227\022t\201\240u\2324P\027\307M\337'Y\361[IAD\351\374!\232\005\337\376\252\251g\004\003"";   nodeid: ""\000\000\000\000\000\000\000\000\000\000\000\000\000\000\000\000\000\000\000\000\000\000\000\000\000\000\000\000\000\000\000\000\000""; }; "
1750527534248,1750527534249,2523,1,3,2,TMLedgerData,"ledgerHash: ""[\000\302\314\326\214\276@c\240\272\222{\363\314\032\213\311\316\246/\330\302\014>\022\346\234\347\264\270\350""; ledgerSeq: 0; type: liTS_CANDIDATE; nodes {;   nodedata: ""\002i\361\030\371\256\265\036\320\273\013\357<\215/(\215[\231D\357Gd\372\270\316\261\301\342\327\225\241\000GZ\227\022t\201\240u\2324P\027\307M\337'Y\361[IAD\351\374!\232\005\337\376\252\251g\004\003"";   nodeid: ""\000\000\000\000\000\000\000\000\000\000\000\000\000\000\000\000\000\000\000\000\000\000\000\000\000\000\000\000\000\000\000\000\000""; }; ","ledgerHash: ""[\000\302\314\326\214\276@c\240\272\222{\363\314\032\213\311\316\246/\330\302\014>\022\346\234\347\264\270\350""; ledgerSeq: 0; type: liTS_CANDIDATE; nodes {;   nodedata: ""\002i\361\030\371\256\265\036\320\273\013\357<\215/(\215[\231D\357Gd\372\270\316\261\301\342\327\225\241\000GZ\227\022t\201\240u\2324P\027\307M\337'Y\361[IAD\351\374!\232\005\337\376\252\251g\004\003"";   nodeid: ""\000\000\000\000\000\000\000\000\000\000\000\000\000\000\000\000\000\000\000\000\000\000\000\000\000\000\000\000\000\000\000\000\000""; }; "
1750527534256,1750527534256,860,1,1,0,TMLedgerData,"ledgerHash: ""[\000\302\314\326\214\276@c\240\272\222{\363\314\032\213\311\316\246/\330\302\014>\022\346\234\347\264\270\350""; ledgerSeq: 0; type: liTS_CANDIDATE; nodes {;   nodedata: ""\002i\361\030\371\256\265\036\320\273\013\357<\215/(\215[\231D\357Gd\372\270\316\261\301\342\327\225\241\000GZ\227\022t\201\240u\2324P\027\307M\337'Y\361[IAD\351\374!\232\005\337\376\252\251g\004\003"";   nodeid: ""\000\000\000\000\000\000\000\000\000\000\000\000\000\000\000\000\000\000\000\000\000\000\000\000\000\000\000\000\000\000\000\000\000""; }; ","ledgerHash: ""[\000\302\314\326\214\276@c\240\272\222{\363\314\032\213\311\316\246/\330\302\014>\022\346\234\347\264\270\350""; ledgerSeq: 0; type: liTS_CANDIDATE; nodes {;   nodedata: ""\002i\361\030\371\256\265\036\320\273\013\357<\215/(\215[\231D\357Gd\372\270\316\261\301\342\327\225\241\000GZ\227\022t\201\240u\2324P\027\307M\337'Y\361[IAD\351\374!\232\005\337\376\252\251g\004\003"";   nodeid: ""\000\000\000\000\000\000\000\000\000\000\000\000\000\000\000\000\000\000\000\000\000\000\000\000\000\000\000\000\000\000\000\000\000""; }; "
1750527534260,1750527534260,3719,1,2,4,TMGetLedger,"itype: liTS_CANDIDATE; ledgerHash: ""[\000\302\314\326\214\276@c\240\272\222{\363\314\032\213\311\316\246/\330\302\014>\022\346\234\347\264\270\350""; nodeIDs: ""\000\000\000\000\000\000\000\000\000\000\000\000\000\000\000\000\000\000\000\000\000\000\000\000\000\000\000\000\000\000\000\000\000""; requestCookie: 3; queryType: qtINDIRECT; queryDepth: 3; ","itype: liTS_CANDIDATE; ledgerHash: ""[\000\302\314\326\214\276@c\240\272\222{\363\314\032\213\311\316\246/\330\302\014>\022\346\234\347\264\270\350""; nodeIDs: ""\000\000\000\000\000\000\000\000\000\000\000\000\000\000\000\000\000\000\000\000\000\000\000\000\000\000\000\000\000\000\000\000\000""; requestCookie: 3; queryType: qtINDIRECT; queryDepth: 3; "
1750527534283,1750527534283,1813,1,3,1,TMLedgerData,"ledgerHash: ""[\000\302\314\326\214\276@c\240\272\222{\363\314\032\213\311\316\246/\330\302\014>\022\346\234\347\264\270\350""; ledgerSeq: 0; type: liTS_CANDIDATE; nodes {;   nodedata: ""\002i\361\030\371\256\265\036\320\273\013\357<\215/(\215[\231D\357Gd\372\270\316\261\301\342\327\225\241\000GZ\227\022t\201\240u\2324P\027\307M\337'Y\361[IAD\351\374!\232\005\337\376\252\251g\004\003"";   nodeid: ""\000\000\000\000\000\000\000\000\000\000\000\000\000\000\000\000\000\000\000\000\000\000\000\000\000\000\000\000\000\000\000\000\000""; }; ","ledgerHash: ""[\000\302\314\326\214\276@c\240\272\222{\363\314\032\213\311\316\246/\330\302\014>\022\346\234\347\264\270\350""; ledgerSeq: 0; type: liTS_CANDIDATE; nodes {;   nodedata: ""\002i\361\030\371\256\265\036\320\273\013\357<\215/(\215[\231D\357Gd\372\270\316\261\301\342\327\225\241\000GZ\227\022t\201\240u\2324P\027\307M\337'Y\361[IAD\351\374!\232\005\337\376\252\251g\004\003"";   nodeid: ""\000\000\000\000\000\000\000\000\000\000\000\000\000\000\000\000\000\000\000\000\000\000\000\000\000\000\000\000\000\000\000\000\000""; }; "
1750527534294,1750527534294,1968,1,1,2,TMLedgerData,"ledgerHash: ""[\000\302\314\326\214\276@c\240\272\222{\363\314\032\213\311\316\246/\330\302\014>\022\346\234\347\264\270\350""; ledgerSeq: 0; type: liTS_CANDIDATE; nodes {;   nodedata: ""\002i\361\030\371\256\265\036\320\273\013\357<\215/(\215[\231D\357Gd\372\270\316\261\301\342\327\225\241\000GZ\227\022t\201\240u\2324P\027\307M\337'Y\361[IAD\351\374!\232\005\337\376\252\251g\004\003"";   nodeid: ""\000\000\000\000\000\000\000\000\000\000\000\000\000\000\000\000\000\000\000\000\000\000\000\000\000\000\000\000\000\000\000\000\000""; }; ","ledgerHash: ""[\000\302\314\326\214\276@c\240\272\222{\363\314\032\213\311\316\246/\330\302\014>\022\346\234\347\264\270\350""; ledgerSeq: 0; type: liTS_CANDIDATE; nodes {;   nodedata: ""\002i\361\030\371\256\265\036\320\273\013\357<\215/(\215[\231D\357Gd\372\270\316\261\301\342\327\225\241\000GZ\227\022t\201\240u\2324P\027\307M\337'Y\361[IAD\351\374!\232\005\337\376\252\251g\004\003"";   nodeid: ""\000\000\000\000\000\000\000\000\000\000\000\000\000\000\000\000\000\000\000\000\000\000\000\000\000\000\000\000\000\000\000\000\000""; }; "
1750527534309,1750527534310,3459,1,3,1,TMValidation,"validation: """"\200\000\000\001&\000\000\000\006)/\351\252\255:g\237X\336\3531\020\010Q\360\215\2502\265\245\310\226\243c\302Ze\306\253#r\020\211\320iG\276\020E\317\035Sf\223F\254P\027\000\000\000\000\000\000\000\000\000\000\000\000\000\000\000\000\000\000\000\000\000\000\000\000\000\000\000\000\000\000\000\000P\031\331]\036\237\306o!\223\221\002\324\031\262\240R\177 ,\214\325\Q])\016\2067\277\t\354\010\000s!\003\255\225A\213\332\224ehh\024BDq\224\250\335`\355\353{\357\266\335<\021\032\265\177\206\356&\215vF0D\002 \\357\362#\371\010\365b(\356\250Y\256E\265\217\334\237,\243\301\0069+\005\357u\324\311D\203\246\002 \027\326D\261}ZyeO\000\347\313P,pa\300\000\034\220ev\264]\233\001\344\037O\315f\002""; ","validation: """"\200\000\000\001&\000\000\000\006)/\351\252\255:g\237X\336\3531\020\010Q\360\215\2502\265\245\310\226\243c\302Ze\306\253#r\020\211\320iG\276\020E\317\035Sf\223F\254P\027\000\000\000\000\000\000\000\000\000\000\000\000\000\000\000\000\000\000\000\000\000\000\000\000\000\000\000\000\000\000\000\000P\031\331]\036\237\306o!\223\221\002\324\031\262\240R\177 ,\214\325\Q])\016\2067\277\t\354\010\000s!\003\255\225A\213\332\224ehh\024BDq\224\250\335`\355\353{\357\266\335<\021\032\265\177\206\356&\215vF0D\002 \\357\362#\371\010\365b(\356\250Y\256E\265\217\334\237,\243\301\0069+\005\357u\324\311D\203\246\002 \027\326D\261}ZyeO\000\347\313P,pa\300\000\034\220ev\264]\233\001\344\037O\315f\002""; "
1750527534310,1750527534310,3736,1,3,4,TMValidation,"validation: """"\200\000\000\001&\000\000\000\006)/\351\252\255:g\237X\336\3531\020\010Q\360\215\2502\265\245\310\226\243c\302Ze\306\253#r\020\211\320iG\276\020E\317\035Sf\223F\254P\027\000\000\000\000\000\000\000\000\000\000\000\000\000\000\000\000\000\000\000\000\000\000\000\000\000\000\000\000\000\000\000\000P\031\331]\036\237\306o!\223\221\002\324\031\262\240R\177 ,\214\325\Q])\016\2067\277\t\354\010\000s!\003\255\225A\213\332\224ehh\024BDq\224\250\335`\355\353{\357\266\335<\021\032\265\177\206\356&\215vF0D\002 \\357\362#\371\010\365b(\356\250Y\256E\265\217\334\237,\243\301\0069+\005\357u\324\311D\203\246\002 \027\326D\261}ZyeO\000\347\313P,pa\300\000\034\220ev\264]\233\001\344\037O\315f\002""; ","validation: """"\200\000\000\001&\000\000\000\006)/\351\252\255:g\237X\336\3531\020\010Q\360\215\2502\265\245\310\226\243c\302Ze\306\253#r\020\211\320iG\276\020E\317\035Sf\223F\254P\027\000\000\000\000\000\000\000\000\000\000\000\000\000\000\000\000\000\000\000\000\000\000\000\000\000\000\000\000\000\000\000\000P\031\331]\036\237\306o!\223\221\002\324\031\262\240R\177 ,\214\325\Q])\016\2067\277\t\354\010\000s!\003\255\225A\213\332\224ehh\024BDq\224\250\335`\355\353{\357\266\335<\021\032\265\177\206\356&\215vF0D\002 \\357\362#\371\010\365b(\356\250Y\256E\265\217\334\237,\243\301\0069+\005\357u\324\311D\203\246\002 \027\326D\261}ZyeO\000\347\313P,pa\300\000\034\220ev\264]\233\001\344\037O\315f\002""; "
1750527534310,1750527534310,1777,1,3,0,TMValidation,"validation: """"\200\000\000\001&\000\000\000\006)/\351\252\255:g\237X\336\3531\020\010Q\360\215\2502\265\245\310\226\243c\302Ze\306\253#r\020\211\320iG\276\020E\317\035Sf\223F\254P\027\000\000\000\000\000\000\000\000\000\000\000\000\000\000\000\000\000\000\000\000\000\000\000\000\000\000\000\000\000\000\000\000P\031\331]\036\237\306o!\223\221\002\324\031\262\240R\177 ,\214\325\Q])\016\2067\277\t\354\010\000s!\003\255\225A\213\332\224ehh\024BDq\224\250\335`\355\353{\357\266\335<\021\032\265\177\206\356&\215vF0D\002 \\357\362#\371\010\365b(\356\250Y\256E\265\217\334\237,\243\301\0069+\005\357u\324\311D\203\246\002 \027\326D\261}ZyeO\000\347\313P,pa\300\000\034\220ev\264]\233\001\344\037O\315f\002""; ","validation: """"\200\000\000\001&\000\000\000\006)/\351\252\255:g\237X\336\3531\020\010Q\360\215\2502\265\245\310\226\243c\302Ze\306\253#r\020\211\320iG\276\020E\317\035Sf\223F\254P\027\000\000\000\000\000\000\000\000\000\000\000\000\000\000\000\000\000\000\000\000\000\000\000\000\000\000\000\000\000\000\000\000P\031\331]\036\237\306o!\223\221\002\324\031\262\240R\177 ,\214\325\Q])\016\2067\277\t\354\010\000s!\003\255\225A\213\332\224ehh\024BDq\224\250\335`\355\353{\357\266\335<\021\032\265\177\206\356&\215vF0D\002 \\357\362#\371\010\365b(\356\250Y\256E\265\217\334\237,\243\301\0069+\005\357u\324\311D\203\246\002 \027\326D\261}ZyeO\000\347\313P,pa\300\000\034\220ev\264]\233\001\344\037O\315f\002""; "
1750527534319,1750527534319,1144,1,4,1,TMLedgerData,"ledgerHash: ""[\000\302\314\326\214\276@c\240\272\222{\363\314\032\213\311\316\246/\330\302\014>\022\346\234\347\264\270\350""; ledgerSeq: 0; type: liTS_CANDIDATE; nodes {;   nodedata: ""\002i\361\030\371\256\265\036\320\273\013\357<\215/(\215[\231D\357Gd\372\270\316\261\301\342\327\225\241\000GZ\227\022t\201\240u\2324P\027\307M\337'Y\361[IAD\351\374!\232\005\337\376\252\251g\004\003"";   nodeid: ""\000\000\000\000\000\000\000\000\000\000\000\000\000\000\000\000\000\000\000\000\000\000\000\000\000\000\000\000\000\000\000\000\000""; }; requestCookie: 4; ","ledgerHash: ""[\000\302\314\326\214\276@c\240\272\222{\363\314\032\213\311\316\246/\330\302\014>\022\346\234\347\264\270\350""; ledgerSeq: 0; type: liTS_CANDIDATE; nodes {;   nodedata: ""\002i\361\030\371\256\265\036\320\273\013\357<\215/(\215[\231D\357Gd\372\270\316\261\301\342\327\225\241\000GZ\227\022t\201\240u\2324P\027\307M\337'Y\361[IAD\351\374!\232\005\337\376\252\251g\004\003"";   nodeid: ""\000\000\000\000\000\000\000\000\000\000\000\000\000\000\000\000\000\000\000\000\000\000\000\000\000\000\000\000\000\000\000\000\000""; }; requestCookie: 4; "
1750527534323,1750527534323,1497,1,0,3,TMLedgerData,"ledgerHash: ""[\000\302\314\326\214\276@c\240\272\222{\363\314\032\213\311\316\246/\330\302\014>\022\346\234\347\264\270\350""; ledgerSeq: 0; type: liTS_CANDIDATE; nodes {;   nodedata: ""\002i\361\030\371\256\265\036\320\273\013\357<\215/(\215[\231D\357Gd\372\270\316\261\301\342\327\225\241\000GZ\227\022t\201\240u\2324P\027\307M\337'Y\361[IAD\351\374!\232\005\337\376\252\251g\004\003"";   nodeid: ""\000\000\000\000\000\000\000\000\000\000\000\000\000\000\000\000\000\000\000\000\000\000\000\000\000\000\000\000\000\000\000\000\000""; }; ","ledgerHash: ""[\000\302\314\326\214\276@c\240\272\222{\363\314\032\213\311\316\246/\330\302\014>\022\346\234\347\264\270\350""; ledgerSeq: 0; type: liTS_CANDIDATE; nodes {;   nodedata: ""\002i\361\030\371\256\265\036\320\273\013\357<\215/(\215[\231D\357Gd\372\270\316\261\301\342\327\225\241\000GZ\227\022t\201\240u\2324P\027\307M\337'Y\361[IAD\351\374!\232\005\337\376\252\251g\004\003"";   nodeid: ""\000\000\000\000\000\000\000\000\000\000\000\000\000\000\000\000\000\000\000\000\000\000\000\000\000\000\000\000\000\000\000\000\000""; }; "
1750527534323,1750527534323,3578,1,1,3,TMLedgerData,"ledgerHash: ""\310\200l\322\255\214\342'\243\202\375k%_\335\032N\021G\005\230\271\366~%e\366\202l^\rR""; ledgerSeq: 0; type: liTS_CANDIDATE; nodes {;   nodedata: ""GZ\227\022t\201\240u\2324P\027\307M\337'Y\361[IAD\351\374!\232\005\337\376\252\251g\004\003"";   nodeid: ""\000\000\000\000\000\000\000\000\000\000\000\000\000\000\000\000\000\000\000\000\000\000\000\000\000\000\000\000\000\000\000\000\000""; }; ","ledgerHash: ""\310\200l\322\255\214\342'\243\202\375k%_\335\032N\021G\005\230\271\366~%e\366\202l^\rR""; ledgerSeq: 0; type: liTS_CANDIDATE; nodes {;   nodedata: ""GZ\227\022t\201\240u\2324P\027\307M\337'Y\361[IAD\351\374!\232\005\337\376\252\251g\004\003"";   nodeid: ""\000\000\000\000\000\000\000\000\000\000\000\000\000\000\000\000\000\000\000\000\000\000\000\000\000\000\000\000\000\000\000\000\000""; }; "
1750527534323,1750527534323,1144,1,4,1,TMLedgerData,"ledgerHash: ""[\000\302\314\326\214\276@c\240\272\222{\363\314\032\213\311\316\246/\330\302\014>\022\346\234\347\264\270\350""; ledgerSeq: 0; type: liTS_CANDIDATE; nodes {;   nodedata: ""\002i\361\030\371\256\265\036\320\273\013\357<\215/(\215[\231D\357Gd\372\270\316\261\301\342\327\225\241\000GZ\227\022t\201\240u\2324P\027\307M\337'Y\361[IAD\351\374!\232\005\337\376\252\251g\004\003"";   nodeid: ""\000\000\000\000\000\000\000\000\000\000\000\000\000\000\000\000\000\000\000\000\000\000\000\000\000\000\000\000\000\000\000\000\000""; }; ","ledgerHash: ""[\000\302\314\326\214\276@c\240\272\222{\363\314\032\213\311\316\246/\330\302\014>\022\346\234\347\264\270\350""; ledgerSeq: 0; type: liTS_CANDIDATE; nodes {;   nodedata: ""\002i\361\030\371\256\265\036\320\273\013\357<\215/(\215[\231D\357Gd\372\270\316\261\301\342\327\225\241\000GZ\227\022t\201\240u\2324P\027\307M\337'Y\361[IAD\351\374!\232\005\337\376\252\251g\004\003"";   nodeid: ""\000\000\000\000\000\000\000\000\000\000\000\000\000\000\000\000\000\000\000\000\000\000\000\000\000\000\000\000\000\000\000\000\000""; }; "
1750527534342,1750527534342,3818,1,0,2,TMLedgerData,"ledgerHash: ""[\000\302\314\326\214\276@c\240\272\222{\363\314\032\213\311\316\246/\330\302\014>\022\346\234\347\264\270\350""; ledgerSeq: 0; type: liTS_CANDIDATE; nodes {;   nodedata: ""\002i\361\030\371\256\265\036\320\273\013\357<\215/(\215[\231D\357Gd\372\270\316\261\301\342\327\225\241\000GZ\227\022t\201\240u\2324P\027\307M\337'Y\361[IAD\351\374!\232\005\337\376\252\251g\004\003"";   nodeid: ""\000\000\000\000\000\000\000\000\000\000\000\000\000\000\000\000\000\000\000\000\000\000\000\000\000\000\000\000\000\000\000\000\000""; }; ","ledgerHash: ""[\000\302\314\326\214\276@c\240\272\222{\363\314\032\213\311\316\246/\330\302\014>\022\346\234\347\264\270\350""; ledgerSeq: 0; type: liTS_CANDIDATE; nodes {;   nodedata: ""\002i\361\030\371\256\265\036\320\273\013\357<\215/(\215[\231D\357Gd\372\270\316\261\301\342\327\225\241\000GZ\227\022t\201\240u\2324P\027\307M\337'Y\361[IAD\351\374!\232\005\337\376\252\251g\004\003"";   nodeid: ""\000\000\000\000\000\000\000\000\000\000\000\000\000\000\000\000\000\000\000\000\000\000\000\000\000\000\000\000\000\000\000\000\000""; }; "
1750527534348,1750527534348,3818,1,0,2,TMLedgerData,"ledgerHash: ""[\000\302\314\326\214\276@c\240\272\222{\363\314\032\213\311\316\246/\330\302\014>\022\346\234\347\264\270\350""; ledgerSeq: 0; type: liTS_CANDIDATE; nodes {;   nodedata: ""\002i\361\030\371\256\265\036\320\273\013\357<\215/(\215[\231D\357Gd\372\270\316\261\301\342\327\225\241\000GZ\227\022t\201\240u\2324P\027\307M\337'Y\361[IAD\351\374!\232\005\337\376\252\251g\004\003"";   nodeid: ""\000\000\000\000\000\000\000\000\000\000\000\000\000\000\000\000\000\000\000\000\000\000\000\000\000\000\000\000\000\000\000\000\000""; }; ","ledgerHash: ""[\000\302\314\326\214\276@c\240\272\222{\363\314\032\213\311\316\246/\330\302\014>\022\346\234\347\264\270\350""; ledgerSeq: 0; type: liTS_CANDIDATE; nodes {;   nodedata: ""\002i\361\030\371\256\265\036\320\273\013\357<\215/(\215[\231D\357Gd\372\270\316\261\301\342\327\225\241\000GZ\227\022t\201\240u\2324P\027\307M\337'Y\361[IAD\351\374!\232\005\337\376\252\251g\004\003"";   nodeid: ""\000\000\000\000\000\000\000\000\000\000\000\000\000\000\000\000\000\000\000\000\000\000\000\000\000\000\000\000\000\000\000\000\000""; }; "
1750527534349,1750527534349,723,1,2,3,TMValidation,"validation: """"\200\000\000\001&\000\000\000\006)/\351\252\255:\r\302\353\023?\373\240rQ\360\215\2502\265\245\310\226\243c\302Ze\306\253#r\020\211\320iG\276\020E\317\035Sf\223F\254P\027\000\000\000\000\000\000\000\000\000\000\000\000\000\000\000\000\000\000\000\000\000\000\000\000\000\000\000\000\000\000\000\000P\031\331]\036\237\306o!\223\221\002\324\031\262\240R\177 ,\214\325\Q])\016\2067\277\t\354\010\000s!\003R7o\362bV\300hf\266\241;}\200^\374\240\203[:\342Q\225\221\027y\372\255\235\216\323~vF0D\002 <\016\027\217e\177\363\376\327\016\257?\264Q\347\203\241<4\257\333I\363\037#\352~zw\305:\346\002 Q|\251\350\022\221\276\251\310\363\375\357+\317\356\254\350\006\340F\241\232O\347\241\375c4\0312%\336""; ","validation: """"\200\000\000\001&\000\000\000\006)/\351\252\255:\r\302\353\023?\373\240rQ\360\215\2502\265\245\310\226\243c\302Ze\306\253#r\020\211\320iG\276\020E\317\035Sf\223F\254P\027\000\000\000\000\000\000\000\000\000\000\000\000\000\000\000\000\000\000\000\000\000\000\000\000\000\000\000\000\000\000\000\000P\031\331]\036\237\306o!\223\221\002\324\031\262\240R\177 ,\214\325\Q])\016\2067\277\t\354\010\000s!\003R7o\362bV\300hf\266\241;}\200^\374\240\203[:\342Q\225\221\027y\372\255\235\216\323~vF0D\002 <\016\027\217e\177\363\376\327\016\257?\264Q\347\203\241<4\257\333I\363\037#\352~zw\305:\346\002 Q|\251\350\022\221\276\251\310\363\375\357+\317\356\254\350\006\340F\241\232O\347\241\375c4\0312%\336""; "
1750527534349,1750527534349,446,1,2,0,TMValidation,"validation: """"\200\000\000\001&\000\000\000\006)/\351\252\255:\r\302\353\023?\373\240rQ\360\215\2502\265\245\310\226\243c\302Ze\306\253#r\020\211\320iG\276\020E\317\035Sf\223F\254P\027\000\000\000\000\000\000\000\000\000\000\000\000\000\000\000\000\000\000\000\000\000\000\000\000\000\000\000\000\000\000\000\000P\031\331]\036\237\306o!\223\221\002\324\031\262\240R\177 ,\214\325\Q])\016\2067\277\t\354\010\000s!\003R7o\362bV\300hf\266\241;}\200^\374\240\203[:\342Q\225\221\027y\372\255\235\216\323~vF0D\002 <\016\027\217e\177\363\376\327\016\257?\264Q\347\203\241<4\257\333I\363\037#\352~zw\305:\346\002 Q|\251\350\022\221\276\251\310\363\375\357+\317\356\254\350\006\340F\241\232O\347\241\375c4\0312%\336""; ","validation: """"\200\000\000\001&\000\000\000\006)/\351\252\255:\r\302\353\023?\373\240rQ\360\215\2502\265\245\310\226\243c\302Ze\306\253#r\020\211\320iG\276\020E\317\035Sf\223F\254P\027\000\000\000\000\000\000\000\000\000\000\000\000\000\000\000\000\000\000\000\000\000\000\000\000\000\000\000\000\000\000\000\000P\031\331]\036\237\306o!\223\221\002\324\031\262\240R\177 ,\214\325\Q])\016\2067\277\t\354\010\000s!\003R7o\362bV\300hf\266\241;}\200^\374\240\203[:\342Q\225\221\027y\372\255\235\216\323~vF0D\002 <\016\027\217e\177\363\376\327\016\257?\264Q\347\203\241<4\257\333I\363\037#\352~zw\305:\346\002 Q|\251\350\022\221\276\251\310\363\375\357+\317\356\254\350\006\340F\241\232O\347\241\375c4\0312%\336""; "
1750527534349,1750527534349,340,1,2,1,TMValidation,"validation: """"\200\000\000\001&\000\000\000\006)/\351\252\255:\r\302\353\023?\373\240rQ\360\215\2502\265\245\310\226\243c\302Ze\306\253#r\020\211\320iG\276\020E\317\035Sf\223F\254P\027\000\000\000\000\000\000\000\000\000\000\000\000\000\000\000\000\000\000\000\000\000\000\000\000\000\000\000\000\000\000\000\000P\031\331]\036\237\306o!\223\221\002\324\031\262\240R\177 ,\214\325\Q])\016\2067\277\t\354\010\000s!\003R7o\362bV\300hf\266\241;}\200^\374\240\203[:\342Q\225\221\027y\372\255\235\216\323~vF0D\002 <\016\027\217e\177\363\376\327\016\257?\264Q\347\203\241<4\257\333I\363\037#\352~zw\305:\346\002 Q|\251\350\022\221\276\251\310\363\375\357+\317\356\254\350\006\340F\241\232O\347\241\375c4\0312%\336""; ","validation: """"\200\000\000\001&\000\000\000\006)/\351\252\255:\r\302\353\023?\373\240rQ\360\215\2502\265\245\310\226\243c\302Ze\306\253#r\020\211\320iG\276\020E\317\035Sf\223F\254P\027\000\000\000\000\000\000\000\000\000\000\000\000\000\000\000\000\000\000\000\000\000\000\000\000\000\000\000\000\000\000\000\000P\031\331]\036\237\306o!\223\221\002\324\031\262\240R\177 ,\214\325\Q])\016\2067\277\t\354\010\000s!\003R7o\362bV\300hf\266\241;}\200^\374\240\203[:\342Q\225\221\027y\372\255\235\216\323~vF0D\002 <\016\027\217e\177\363\376\327\016\257?\264Q\347\203\241<4\257\333I\363\037#\352~zw\305:\346\002 Q|\251\350\022\221\276\251\310\363\375\357+\317\356\254\350\006\340F\241\232O\347\241\375c4\0312%\336""; "
1750527534363,1750527534363,860,1,1,0,TMLedgerData,"ledgerHash: ""'\274\220\233\332\373\335\027\332I\377y`\224\260\350-\215\335\267[\036\265\265\252`\026&\030{\362\363""; ledgerSeq: 0; type: liTS_CANDIDATE; nodes {;   nodedata: ""\002i\361\030\371\256\265\036\320\273\013\357<\215/(\215[\231D\357Gd\372\270\316\261\301\342\327\225\241\000GZ\227\022t\201\240u\2324P\027\307M\337'Y\361[IAD\351\374!\232\005\337\376\252\251g\004\240\231\202k\030<\225\205;%\337\001\376d\216V\310\306k>\373\322\372\353b\3659\350\345\324F\026\n\003"";   nodeid: ""\000\000\000\000\000\000\000\000\000\000\000\000\000\000\000\000\000\000\000\000\000\000\000\000\000\000\000\000\000\000\000\000\000""; }; ","ledgerHash: ""'\274\220\233\332\373\335\027\332I\377y`\224\260\350-\215\335\267[\036\265\265\252`\026&\030{\362\363""; ledgerSeq: 0; type: liTS_CANDIDATE; nodes {;   nodedata: ""\002i\361\030\371\256\265\036\320\273\013\357<\215/(\215[\231D\357Gd\372\270\316\261\301\342\327\225\241\000GZ\227\022t\201\240u\2324P\027\307M\337'Y\361[IAD\351\374!\232\005\337\376\252\251g\004\240\231\202k\030<\225\205;%\337\001\376d\216V\310\306k>\373\322\372\353b\3659\350\345\324F\026\n\003"";   nodeid: ""\000\000\000\000\000\000\000\000\000\000\000\000\000\000\000\000\000\000\000\000\000\000\000\000\000\000\000\000\000\000\000\000\000""; }; "
1750527534391,1750527534391,860,1,1,0,TMLedgerData,"ledgerHash: ""'\274\220\233\332\373\335\027\332I\377y`\224\260\350-\215\335\267[\036\265\265\252`\026&\030{\362\363""; ledgerSeq: 0; type: liTS_CANDIDATE; nodes {;   nodedata: ""\002i\361\030\371\256\265\036\320\273\013\357<\215/(\215[\231D\357Gd\372\270\316\261\301\342\327\225\241\000GZ\227\022t\201\240u\2324P\027\307M\337'Y\361[IAD\351\374!\232\005\337\376\252\251g\004\240\231\202k\030<\225\205;%\337\001\376d\216V\310\306k>\373\322\372\353b\3659\350\345\324F\026\n\003"";   nodeid: ""\000\000\000\000\000\000\000\000\000\000\000\000\000\000\000\000\000\000\000\000\000\000\000\000\000\000\000\000\000\000\000\000\000""; }; requestCookie: 5; ","ledgerHash: ""'\274\220\233\332\373\335\027\332I\377y`\224\260\350-\215\335\267[\036\265\265\252`\026&\030{\362\363""; ledgerSeq: 0; type: liTS_CANDIDATE; nodes {;   nodedata: ""\002i\361\030\371\256\265\036\320\273\013\357<\215/(\215[\231D\357Gd\372\270\316\261\301\342\327\225\241\000GZ\227\022t\201\240u\2324P\027\307M\337'Y\361[IAD\351\374!\232\005\337\376\252\251g\004\240\231\202k\030<\225\205;%\337\001\376d\216V\310\306k>\373\322\372\353b\3659\350\345\324F\026\n\003"";   nodeid: ""\000\000\000\000\000\000\000\000\000\000\000\000\000\000\000\000\000\000\000\000\000\000\000\000\000\000\000\000\000\000\000\000\000""; }; requestCookie: 5; "
1750527534439,1750527534439,1434,1,0,1,TMLedgerData,"ledgerHash: ""\310\200l\322\255\214\342'\243\202\375k%_\335\032N\021G\005\230\271\366~%e\366\202l^\rR""; ledgerSeq: 0; type: liTS_CANDIDATE; nodes {;   nodedata: ""GZ\227\022t\201\240u\2324P\027\307M\337'Y\361[IAD\351\374!\232\005\337\376\252\251g\004\003"";   nodeid: ""\000\000\000\000\000\000\000\000\000\000\000\000\000\000\000\000\000\000\000\000\000\000\000\000\000\000\000\000\000\000\000\000\000""; }; requestCookie: 5; ","ledgerHash: ""\310\200l\322\255\214\342'\243\202\375k%_\335\032N\021G\005\230\271\366~%e\366\202l^\rR""; ledgerSeq: 0; type: liTS_CANDIDATE; nodes {;   nodedata: ""GZ\227\022t\201\240u\2324P\027\307M\337'Y\361[IAD\351\374!\232\005\337\376\252\251g\004\003"";   nodeid: ""\000\000\000\000\000\000\000\000\000\000\000\000\000\000\000\000\000\000\000\000\000\000\000\000\000\000\000\000\000\000\000\000\000""; }; requestCookie: 5; "
1750527534443,1750527534443,1434,1,0,1,TMLedgerData,"ledgerHash: ""[\000\302\314\326\214\276@c\240\272\222{\363\314\032\213\311\316\246/\330\302\014>\022\346\234\347\264\270\350""; ledgerSeq: 0; type: liTS_CANDIDATE; nodes {;   nodedata: ""\002i\361\030\371\256\265\036\320\273\013\357<\215/(\215[\231D\357Gd\372\270\316\261\301\342\327\225\241\000GZ\227\022t\201\240u\2324P\027\307M\337'Y\361[IAD\351\374!\232\005\337\376\252\251g\004\003"";   nodeid: ""\000\000\000\000\000\000\000\000\000\000\000\000\000\000\000\000\000\000\000\000\000\000\000\000\000\000\000\000\000\000\000\000\000""; }; ","ledgerHash: ""[\000\302\314\326\214\276@c\240\272\222{\363\314\032\213\311\316\246/\330\302\014>\022\346\234\347\264\270\350""; ledgerSeq: 0; type: liTS_CANDIDATE; nodes {;   nodedata: ""\002i\361\030\371\256\265\036\320\273\013\357<\215/(\215[\231D\357Gd\372\270\316\261\301\342\327\225\241\000GZ\227\022t\201\240u\2324P\027\307M\337'Y\361[IAD\351\374!\232\005\337\376\252\251g\004\003"";   nodeid: ""\000\000\000\000\000\000\000\000\000\000\000\000\000\000\000\000\000\000\000\000\000\000\000\000\000\000\000\000\000\000\000\000\000""; }; "
1750527534444,1750527534445,3378,1,4,0,TMLedgerData,"ledgerHash: ""\360\215\2502\265\245\310\226\243c\302Ze\306\253#r\020\211\320iG\276\020E\317\035Sf\223F\254""; ledgerSeq: 6; type: liBASE; nodes {;   nodedata: ""\000\000\000\006\001cEx]\211\377\342\331]\036\237\306o!\223\221\002\324\031\262\240R\177 ,\214\325\Q])\016\2067\277\t\354\010\000\000\000\000\000\000\000\000\000\000\000\000\000\000\000\000\000\000\000\000\000\000\000\000\000\000\000\000\000\000\000\000\000;\\334dC\372\352v(\002\203\271\206-\030\334\035kf\277\307\257KU\317""\352\376\225T~7/\351\252\252/\351\252\253\n\000""; }; nodes {;   nodedata: ""\341\035\262xv\226\317f5\366\365\252a\177\355\302\326\t\222~j\320f\374/ \363\256\257\361 \303\001\301\025%1L\307\t\261\262z\374\222T\301\274V\236\223\262\270Ct\362\337b\356\024*\324\320\351\317\002k\336\234\027v\351\217\260\303\360\233ZPZWr\246$w\313\313\r\243r\232\2234\373\3539:N\004;tP\302\307\005x\n\302lQ\275\237<g\321\233$\274p\355\310J\230\370\306\264\314\367C\275\272\006E\344\037@\210\363\010\336T\226\247'\204_{\261\370""1\235\2445\343\033Y!\212\201\341\272\225'\007\251:\312'v\340W\267\255\263\260Tw\t\325Y\300\315\030\025:a\200\000V\277\320i\330\327I\036\013\003""; }; ","ledgerHash: ""\360\215\2502\265\245\310\226\243c\302Ze\306\253#r\020\211\320iG\276\020E\317\035Sf\223F\254""; ledgerSeq: 6; type: liBASE; nodes {;   nodedata: ""\000\000\000\006\001cEx]\211\377\342\331]\036\237\306o!\223\221\002\324\031\262\240R\177 ,\214\325\Q])\016\2067\277\t\354\010\000\000\000\000\000\000\000\000\000\000\000\000\000\000\000\000\000\000\000\000\000\000\000\000\000\000\000\000\000\000\000\000\000;\\334dC\372\352v(\002\203\271\206-\030\334\035kf\277\307\257KU\317""\352\376\225T~7/\351\252\252/\351\252\253\n\000""; }; nodes {;   nodedata: ""\341\035\262xv\226\317f5\366\365\252a\177\355\302\326\t\222~j\320f\374/ \363\256\257\361 \303\001\301\025%1L\307\t\261\262z\374\222T\301\274V\236\223\262\270Ct\362\337b\356\024*\324\320\351\317\002k\336\234\027v\351\217\260\303\360\233ZPZWr\246$w\313\313\r\243r\232\2234\373\3539:N\004;tP\302\307\005x\n\302lQ\275\237<g\321\233$\274p\355\310J\230\370\306\264\314\367C\275\272\006E\344\037@\210\363\010\336T\226\247'\204_{\261\370""1\235\2445\343\033Y!\212\201\341\272\225'\007\251:\312'v\340W\267\255\263\260Tw\t\325Y\300\315\030\025:a\200\000V\277\320i\330\327I\036\013\003""; }; "
1750527534446,1750527534446,1539,1,4,2,TMLedgerData,"ledgerHash: ""[\000\302\314\326\214\276@c\240\272\222{\363\314\032\213\311\316\246/\330\302\014>\022\346\234\347\264\270\350""; ledgerSeq: 0; type: liTS_CANDIDATE; nodes {;   nodedata: ""\002i\361\030\371\256\265\036\320\273\013\357<\215/(\215[\231D\357Gd\372\270\316\261\301\342\327\225\241\000GZ\227\022t\201\240u\2324P\027\307M\337'Y\361[IAD\351\374!\232\005\337\376\252\251g\004\003"";   nodeid: ""\000\000\000\000\000\000\000\000\000\000\000\000\000\000\000\000\000\000\000\000\000\000\000\000\000\000\000\000\000\000\000\000\000""; }; requestCookie: 4; ","ledgerHash: ""[\000\302\314\326\214\276@c\240\272\222{\363\314\032\213\311\316\246/\330\302\014>\022\346\234\347\264\270\350""; ledgerSeq: 0; type: liTS_CANDIDATE; nodes {;   nodedata: ""\002i\361\030\371\256\265\036\320\273\013\357<\215/(\215[\231D\357Gd\372\270\316\261\301\342\327\225\241\000GZ\227\022t\201\240u\2324P\027\307M\337'Y\361[IAD\351\374!\232\005\337\376\252\251g\004\003"";   nodeid: ""\000\000\000\000\000\000\000\000\000\000\000\000\000\000\000\000\000\000\000\000\000\000\000\000\000\000\000\000\000\000\000\000\000""; }; requestCookie: 4; "
1750527534464,1750527534464,3578,1,1,3,TMLedgerData,"ledgerHash: ""[\000\302\314\326\214\276@c\240\272\222{\363\314\032\213\311\316\246/\330\302\014>\022\346\234\347\264\270\350""; ledgerSeq: 0; type: liTS_CANDIDATE; nodes {;   nodedata: ""\002i\361\030\371\256\265\036\320\273\013\357<\215/(\215[\231D\357Gd\372\270\316\261\301\342\327\225\241\000GZ\227\022t\201\240u\2324P\027\307M\337'Y\361[IAD\351\374!\232\005\337\376\252\251g\004\003"";   nodeid: ""\000\000\000\000\000\000\000\000\000\000\000\000\000\000\000\000\000\000\000\000\000\000\000\000\000\000\000\000\000\000\000\000\000""; }; ","ledgerHash: ""[\000\302\314\326\214\276@c\240\272\222{\363\314\032\213\311\316\246/\330\302\014>\022\346\234\347\264\270\350""; ledgerSeq: 0; type: liTS_CANDIDATE; nodes {;   nodedata: ""\002i\361\030\371\256\265\036\320\273\013\357<\215/(\215[\231D\357Gd\372\270\316\261\301\342\327\225\241\000GZ\227\022t\201\240u\2324P\027\307M\337'Y\361[IAD\351\374!\232\005\337\376\252\251g\004\003"";   nodeid: ""\000\000\000\000\000\000\000\000\000\000\000\000\000\000\000\000\000\000\000\000\000\000\000\000\000\000\000\000\000\000\000\000\000""; }; "
1750527534468,1750527534469,1539,1,4,2,TMLedgerData,"ledgerHash: ""[\000\302\314\326\214\276@c\240\272\222{\363\314\032\213\311\316\246/\330\302\014>\022\346\234\347\264\270\350""; ledgerSeq: 0; type: liTS_CANDIDATE; nodes {;   nodedata: ""\002i\361\030\371\256\265\036\320\273\013\357<\215/(\215[\231D\357Gd\372\270\316\261\301\342\327\225\241\000GZ\227\022t\201\240u\2324P\027\307M\337'Y\361[IAD\351\374!\232\005\337\376\252\251g\004\003"";   nodeid: ""\000\000\000\000\000\000\000\000\000\000\000\000\000\000\000\000\000\000\000\000\000\000\000\000\000\000\000\000\000\000\000\000\000""; }; ","ledgerHash: ""[\000\302\314\326\214\276@c\240\272\222{\363\314\032\213\311\316\246/\330\302\014>\022\346\234\347\264\270\350""; ledgerSeq: 0; type: liTS_CANDIDATE; nodes {;   nodedata: ""\002i\361\030\371\256\265\036\320\273\013\357<\215/(\215[\231D\357Gd\372\270\316\261\301\342\327\225\241\000GZ\227\022t\201\240u\2324P\027\307M\337'Y\361[IAD\351\374!\232\005\337\376\252\251g\004\003"";   nodeid: ""\000\000\000\000\000\000\000\000\000\000\000\000\000\000\000\000\000\000\000\000\000\000\000\000\000\000\000\000\000\000\000\000\000""; }; "
1750527534469,1750527534469,2523,1,3,2,TMLedgerData,"ledgerHash: ""\310\200l\322\255\214\342'\243\202\375k%_\335\032N\021G\005\230\271\366~%e\366\202l^\rR""; ledgerSeq: 0; type: liTS_CANDIDATE; nodes {;   nodedata: ""GZ\227\022t\201\240u\2324P\027\307M\337'Y\361[IAD\351\374!\232\005\337\376\252\251g\004\003"";   nodeid: ""\000\000\000\000\000\000\000\000\000\000\000\000\000\000\000\000\000\000\000\000\000\000\000\000\000\000\000\000\000\000\000\000\000""; }; requestCookie: 5; ","ledgerHash: ""\310\200l\322\255\214\342'\243\202\375k%_\335\032N\021G\005\230\271\366~%e\366\202l^\rR""; ledgerSeq: 0; type: liTS_CANDIDATE; nodes {;   nodedata: ""GZ\227\022t\201\240u\2324P\027\307M\337'Y\361[IAD\351\374!\232\005\337\376\252\251g\004\003"";   nodeid: ""\000\000\000\000\000\000\000\000\000\000\000\000\000\000\000\000\000\000\000\000\000\000\000\000\000\000\000\000\000\000\000\000\000""; }; requestCookie: 5; "
1750527534476,1750527534476,3085,1,3,0,TMLedgerData,"ledgerHash: ""[\000\302\314\326\214\276@c\240\272\222{\363\314\032\213\311\316\246/\330\302\014>\022\346\234\347\264\270\350""; ledgerSeq: 0; type: liTS_CANDIDATE; nodes {;   nodedata: ""\002i\361\030\371\256\265\036\320\273\013\357<\215/(\215[\231D\357Gd\372\270\316\261\301\342\327\225\241\000GZ\227\022t\201\240u\2324P\027\307M\337'Y\361[IAD\351\374!\232\005\337\376\252\251g\004\003"";   nodeid: ""\000\000\000\000\000\000\000\000\000\000\000\000\000\000\000\000\000\000\000\000\000\000\000\000\000\000\000\000\000\000\000\000\000""; }; ","ledgerHash: ""[\000\302\314\326\214\276@c\240\272\222{\363\314\032\213\311\316\246/\330\302\014>\022\346\234\347\264\270\350""; ledgerSeq: 0; type: liTS_CANDIDATE; nodes {;   nodedata: ""\002i\361\030\371\256\265\036\320\273\013\357<\215/(\215[\231D\357Gd\372\270\316\261\301\342\327\225\241\000GZ\227\022t\201\240u\2324P\027\307M\337'Y\361[IAD\351\374!\232\005\337\376\252\251g\004\003"";   nodeid: ""\000\000\000\000\000\000\000\000\000\000\000\000\000\000\000\000\000\000\000\000\000\000\000\000\000\000\000\000\000\000\000\000\000""; }; "
1750527534477,1750527534478,3378,1,4,0,TMLedgerData,"ledgerHash: ""\360\215\2502\265\245\310\226\243c\302Ze\306\253#r\020\211\320iG\276\020E\317\035Sf\223F\254""; ledgerSeq: 6; type: liBASE; nodes {;   nodedata: ""\000\000\000\006\001cEx]\211\377\342\331]\036\237\306o!\223\221\002\324\031\262\240R\177 ,\214\325\Q])\016\2067\277\t\354\010\000\000\000\000\000\000\000\000\000\000\000\000\000\000\000\000\000\000\000\000\000\000\000\000\000\000\000\000\000\000\000\000\000;\\334dC\372\352v(\002\203\271\206-\030\334\035kf\277\307\257KU\317""\352\376\225T~7/\351\252\252/\351\252\253\n\000""; }; nodes {;   nodedata: ""\341\035\262xv\226\317f5\366\365\252a\177\355\302\326\t\222~j\320f\374/ \363\256\257\361 \303\001\301\025%1L\307\t\261\262z\374\222T\301\274V\236\223\262\270Ct\362\337b\356\024*\324\320\351\317\002k\336\234\027v\351\217\260\303\360\233ZPZWr\246$w\313\313\r\243r\232\2234\373\3539:N\004;tP\302\307\005x\n\302lQ\275\237<g\321\233$\274p\355\310J\230\370\306\264\314\367C\275\272\006E\344\037@\210\363\010\336T\226\247'\204_{\261\370""1\235\2445\343\033Y!\212\201\341\272\225'\007\251:\312'v\340W\267\255\263\260Tw\t\325Y\300\315\030\025:a\200\000V\277\320i\330\327I\036\013\003""; }; ","ledgerHash: ""\360\215\2502\265\245\310\226\243c\302Ze\306\253#r\020\211\320iG\276\020E\317\035Sf\223F\254""; ledgerSeq: 6; type: liBASE; nodes {;   nodedata: ""\000\000\000\006\001cEx]\211\377\342\331]\036\237\306o!\223\221\002\324\031\262\240R\177 ,\214\325\Q])\016\2067\277\t\354\010\000\000\000\000\000\000\000\000\000\000\000\000\000\000\000\000\000\000\000\000\000\000\000\000\000\000\000\000\000\000\000\000\000;\\334dC\372\352v(\002\203\271\206-\030\334\035kf\277\307\257KU\317""\352\376\225T~7/\351\252\252/\351\252\253\n\000""; }; nodes {;   nodedata: ""\341\035\262xv\226\317f5\366\365\252a\177\355\302\326\t\222~j\320f\374/ \363\256\257\361 \303\001\301\025%1L\307\t\261\262z\374\222T\301\274V\236\223\262\270Ct\362\337b\356\024*\324\320\351\317\002k\336\234\027v\351\217\260\303\360\233ZPZWr\246$w\313\313\r\243r\232\2234\373\3539:N\004;tP\302\307\005x\n\302lQ\275\237<g\321\233$\274p\355\310J\230\370\306\264\314\367C\275\272\006E\344\037@\210\363\010\336T\226\247'\204_{\261\370""1\235\2445\343\033Y!\212\201\341\272\225'\007\251:\312'v\340W\267\255\263\260Tw\t\325Y\300\315\030\025:a\200\000V\277\320i\330\327I\036\013\003""; }; "
1750527534498,1750527534498,2523,1,3,2,TMLedgerData,"ledgerHash: ""[\000\302\314\326\214\276@c\240\272\222{\363\314\032\213\311\316\246/\330\302\014>\022\346\234\347\264\270\350""; ledgerSeq: 0; type: liTS_CANDIDATE; nodes {;   nodedata: ""\002i\361\030\371\256\265\036\320\273\013\357<\215/(\215[\231D\357Gd\372\270\316\261\301\342\327\225\241\000GZ\227\022t\201\240u\2324P\027\307M\337'Y\361[IAD\351\374!\232\005\337\376\252\251g\004\003"";   nodeid: ""\000\000\000\000\000\000\000\000\000\000\000\000\000\000\000\000\000\000\000\000\000\000\000\000\000\000\000\000\000\000\000\000\000""; }; ","ledgerHash: ""[\000\302\314\326\214\276@c\240\272\222{\363\314\032\213\311\316\246/\330\302\014>\022\346\234\347\264\270\350""; ledgerSeq: 0; type: liTS_CANDIDATE; nodes {;   nodedata: ""\002i\361\030\371\256\265\036\320\273\013\357<\215/(\215[\231D\357Gd\372\270\316\261\301\342\327\225\241\000GZ\227\022t\201\240u\2324P\027\307M\337'Y\361[IAD\351\374!\232\005\337\376\252\251g\004\003"";   nodeid: ""\000\000\000\000\000\000\000\000\000\000\000\000\000\000\000\000\000\000\000\000\000\000\000\000\000\000\000\000\000\000\000\000\000""; }; "
1750527534500,1750527534500,3904,1,0,4,TMStatusChange,"newEvent: neACCEPTED_LEDGER; ledgerSeq: 6; ledgerHash: ""\360\215\2502\265\245\310\226\243c\302Ze\306\253#r\020\211\320iG\276\020E\317\035Sf\223F\254""; ledgerHashPrevious: ""\331]\036\237\306o!\223\221\002\324\031\262\240R\177 ,\214\325\Q])\016\2067\277\t\354\010\000""; networkTime: 803842734; firstSeq: 1; lastSeq: 5; ","newEvent: neACCEPTED_LEDGER; ledgerSeq: 6; ledgerHash: ""\360\215\2502\265\245\310\226\243c\302Ze\306\253#r\020\211\320iG\276\020E\317\035Sf\223F\254""; ledgerHashPrevious: ""\331]\036\237\306o!\223\221\002\324\031\262\240R\177 ,\214\325\Q])\016\2067\277\t\354\010\000""; networkTime: 803842734; firstSeq: 1; lastSeq: 5; "
1750527534501,1750527534501,3422,1,0,3,TMValidation,"validation: """"\200\000\000\001&\000\000\000\006)/\351\252\256:\355<\266\216~aC\027Q\360\215\2502\265\245\310\226\243c\302Ze\306\253#r\020\211\320iG\276\020E\317\035Sf\223F\254P\027\000\000\000\000\000\000\000\000\000\000\000\000\000\000\000\000\000\000\000\000\000\000\000\000\000\000\000\000\000\000\000\000P\031\331]\036\237\306o!\223\221\002\324\031\262\240R\177 ,\214\325\Q])\016\2067\277\t\354\010\000s!\002\225aM\037\203M\271C\224]$\245\215\334\264;{{\365%Z\2443U\201\242\320iUc\207\367vF0D\002 \007\021\031+\364\200\263\200T\327\310+7\313\271i\t1hx\352\327\001S\335/Z\334U\312\027\374\002 '0r\303\332N\216J\312%V\252\372[\265\320z\035\215\315\236\222\242R/\301}U\270\022\202\276""; ","validation: """"\200\000\000\001&\000\000\000\006)/\351\252\256:\355<\266\216~aC\027Q\360\215\2502\265\245\310\226\243c\302Ze\306\253#r\020\211\320iG\276\020E\317\035Sf\223F\254P\027\000\000\000\000\000\000\000\000\000\000\000\000\000\000\000\000\000\000\000\000\000\000\000\000\000\000\000\000\000\000\000\000P\031\331]\036\237\306o!\223\221\002\324\031\262\240R\177 ,\214\325\Q])\016\2067\277\t\354\010\000s!\002\225aM\037\203M\271C\224]$\245\215\334\264;{{\365%Z\2443U\201\242\320iUc\207\367vF0D\002 \007\021\031+\364\200\263\200T\327\310+7\313\271i\t1hx\352\327\001S\335/Z\334U\312\027\374\002 '0r\303\332N\216J\312%V\252\372[\265\320z\035\215\315\236\222\242R/\301}U\270\022\202\276""; "
1750527534501,1750527534501,1964,1,0,3,TMStatusChange,"newEvent: neACCEPTED_LEDGER; ledgerSeq: 6; ledgerHash: ""\360\215\2502\265\245\310\226\243c\302Ze\306\253#r\020\211\320iG\276\020E\317\035Sf\223F\254""; ledgerHashPrevious: ""\331]\036\237\306o!\223\221\002\324\031\262\240R\177 ,\214\325\Q])\016\2067\277\t\354\010\000""; networkTime: 803842734; firstSeq: 1; lastSeq: 5; ","newEvent: neACCEPTED_LEDGER; ledgerSeq: 6; ledgerHash: ""\360\215\2502\265\245\310\226\243c\302Ze\306\253#r\020\211\320iG\276\020E\317\035Sf\223F\254""; ledgerHashPrevious: ""\331]\036\237\306o!\223\221\002\324\031\262\240R\177 ,\214\325\Q])\016\2067\277\t\354\010\000""; networkTime: 803842734; firstSeq: 1; lastSeq: 5; "
1750527534502,1750527534502,1933,1,0,2,TMValidation,"validation: """"\200\000\000\001&\000\000\000\006)/\351\252\256:\355<\266\216~aC\027Q\360\215\2502\265\245\310\226\243c\302Ze\306\253#r\020\211\320iG\276\020E\317\035Sf\223F\254P\027\000\000\000\000\000\000\000\000\000\000\000\000\000\000\000\000\000\000\000\000\000\000\000\000\000\000\000\000\000\000\000\000P\031\331]\036\237\306o!\223\221\002\324\031\262\240R\177 ,\214\325\Q])\016\2067\277\t\354\010\000s!\002\225aM\037\203M\271C\224]$\245\215\334\264;{{\365%Z\2443U\201\242\320iUc\207\367vF0D\002 \007\021\031+\364\200\263\200T\327\310+7\313\271i\t1hx\352\327\001S\335/Z\334U\312\027\374\002 '0r\303\332N\216J\312%V\252\372[\265\320z\035\215\315\236\222\242R/\301}U\270\022\202\276""; ","validation: """"\200\000\000\001&\000\000\000\006)/\351\252\256:\355<\266\216~aC\027Q\360\215\2502\265\245\310\226\243c\302Ze\306\253#r\020\211\320iG\276\020E\317\035Sf\223F\254P\027\000\000\000\000\000\000\000\000\000\000\000\000\000\000\000\000\000\000\000\000\000\000\000\000\000\000\000\000\000\000\000\000P\031\331]\036\237\306o!\223\221\002\324\031\262\240R\177 ,\214\325\Q])\016\2067\277\t\354\010\000s!\002\225aM\037\203M\271C\224]$\245\215\334\264;{{\365%Z\2443U\201\242\320iUc\207\367vF0D\002 \007\021\031+\364\200\263\200T\327\310+7\313\271i\t1hx\352\327\001S\335/Z\334U\312\027\374\002 '0r\303\332N\216J\312%V\252\372[\265\320z\035\215\315\236\222\242R/\301}U\270\022\202\276""; "
1750527534502,1750527534502,2261,1,0,1,TMValidation,"validation: """"\200\000\000\001&\000\000\000\006)/\351\252\256:\355<\266\216~aC\027Q\360\215\2502\265\245\310\226\243c\302Ze\306\253#r\020\211\320iG\276\020E\317\035Sf\223F\254P\027\000\000\000\000\000\000\000\000\000\000\000\000\000\000\000\000\000\000\000\000\000\000\000\000\000\000\000\000\000\000\000\000P\031\331]\036\237\306o!\223\221\002\324\031\262\240R\177 ,\214\325\Q])\016\2067\277\t\354\010\000s!\002\225aM\037\203M\271C\224]$\245\215\334\264;{{\365%Z\2443U\201\242\320iUc\207\367vF0D\002 \007\021\031+\364\200\263\200T\327\310+7\313\271i\t1hx\352\327\001S\335/Z\334U\312\027\374\002 '0r\303\332N\216J\312%V\252\372[\265\320z\035\215\315\236\222\242R/\301}U\270\022\202\276""; ","validation: """"\200\000\000\001&\000\000\000\006)/\351\252\256:\355<\266\216~aC\027Q\360\215\2502\265\245\310\226\243c\302Ze\306\253#r\020\211\320iG\276\020E\317\035Sf\223F\254P\027\000\000\000\000\000\000\000\000\000\000\000\000\000\000\000\000\000\000\000\000\000\000\000\000\000\000\000\000\000\000\000\000P\031\331]\036\237\306o!\223\221\002\324\031\262\240R\177 ,\214\325\Q])\016\2067\277\t\354\010\000s!\002\225aM\037\203M\271C\224]$\245\215\334\264;{{\365%Z\2443U\201\242\320iUc\207\367vF0D\002 \007\021\031+\364\200\263\200T\327\310+7\313\271i\t1hx\352\327\001S\335/Z\334U\312\027\374\002 '0r\303\332N\216J\312%V\252\372[\265\320z\035\215\315\236\222\242R/\301}U\270\022\202\276""; "
1750527534503,1750527534503,2179,1,0,2,TMStatusChange,"newEvent: neACCEPTED_LEDGER; ledgerSeq: 6; ledgerHash: ""\360\215\2502\265\245\310\226\243c\302Ze\306\253#r\020\211\320iG\276\020E\317\035Sf\223F\254""; ledgerHashPrevious: ""\331]\036\237\306o!\223\221\002\324\031\262\240R\177 ,\214\325\Q])\016\2067\277\t\354\010\000""; networkTime: 803842734; firstSeq: 1; lastSeq: 5; ","newEvent: neACCEPTED_LEDGER; ledgerSeq: 6; ledgerHash: ""\360\215\2502\265\245\310\226\243c\302Ze\306\253#r\020\211\320iG\276\020E\317\035Sf\223F\254""; ledgerHashPrevious: ""\331]\036\237\306o!\223\221\002\324\031\262\240R\177 ,\214\325\Q])\016\2067\277\t\354\010\000""; networkTime: 803842734; firstSeq: 1; lastSeq: 5; "
1750527534503,1750527534503,1249,1,0,1,TMStatusChange,"newEvent: neACCEPTED_LEDGER; ledgerSeq: 6; ledgerHash: ""\360\215\2502\265\245\310\226\243c\302Ze\306\253#r\020\211\320iG\276\020E\317\035Sf\223F\254""; ledgerHashPrevious: ""\331]\036\237\306o!\223\221\002\324\031\262\240R\177 ,\214\325\Q])\016\2067\277\t\354\010\000""; networkTime: 803842734; firstSeq: 1; lastSeq: 5; ","newEvent: neACCEPTED_LEDGER; ledgerSeq: 6; ledgerHash: ""\360\215\2502\265\245\310\226\243c\302Ze\306\253#r\020\211\320iG\276\020E\317\035Sf\223F\254""; ledgerHashPrevious: ""\331]\036\237\306o!\223\221\002\324\031\262\240R\177 ,\214\325\Q])\016\2067\277\t\354\010\000""; networkTime: 803842734; firstSeq: 1; lastSeq: 5; "
1750527534507,1750527534507,860,1,1,0,TMLedgerData,"ledgerHash: ""[\000\302\314\326\214\276@c\240\272\222{\363\314\032\213\311\316\246/\330\302\014>\022\346\234\347\264\270\350""; ledgerSeq: 0; type: liTS_CANDIDATE; nodes {;   nodedata: ""\002i\361\030\371\256\265\036\320\273\013\357<\215/(\215[\231D\357Gd\372\270\316\261\301\342\327\225\241\000GZ\227\022t\201\240u\2324P\027\307M\337'Y\361[IAD\351\374!\232\005\337\376\252\251g\004\003"";   nodeid: ""\000\000\000\000\000\000\000\000\000\000\000\000\000\000\000\000\000\000\000\000\000\000\000\000\000\000\000\000\000\000\000\000\000""; }; ","ledgerHash: ""[\000\302\314\326\214\276@c\240\272\222{\363\314\032\213\311\316\246/\330\302\014>\022\346\234\347\264\270\350""; ledgerSeq: 0; type: liTS_CANDIDATE; nodes {;   nodedata: ""\002i\361\030\371\256\265\036\320\273\013\357<\215/(\215[\231D\357Gd\372\270\316\261\301\342\327\225\241\000GZ\227\022t\201\240u\2324P\027\307M\337'Y\361[IAD\351\374!\232\005\337\376\252\251g\004\003"";   nodeid: ""\000\000\000\000\000\000\000\000\000\000\000\000\000\000\000\000\000\000\000\000\000\000\000\000\000\000\000\000\000\000\000\000\000""; }; "
1750527534510,1750527534511,4000,1,2,3,TMGetLedger,"itype: liTS_CANDIDATE; ledgerHash: ""[\000\302\314\326\214\276@c\240\272\222{\363\314\032\213\311\316\246/\330\302\014>\022\346\234\347\264\270\350""; nodeIDs: ""\000\000\000\000\000\000\000\000\000\000\000\000\000\000\000\000\000\000\000\000\000\000\000\000\000\000\000\000\000\000\000\000\000""; requestCookie: 3; queryType: qtINDIRECT; queryDepth: 3; ","itype: liTS_CANDIDATE; ledgerHash: ""[\000\302\314\326\214\276@c\240\272\222{\363\314\032\213\311\316\246/\330\302\014>\022\346\234\347\264\270\350""; nodeIDs: ""\000\000\000\000\000\000\000\000\000\000\000\000\000\000\000\000\000\000\000\000\000\000\000\000\000\000\000\000\000\000\000\000\000""; requestCookie: 3; queryType: qtINDIRECT; queryDepth: 3; "
1750527534529,1750527534529,782,1,0,4,TMValidation,"validation: """"\200\000\000\001&\000\000\000\006)/\351\252\256:\355<\266\216~aC\027Q\360\215\2502\265\245\310\226\243c\302Ze\306\253#r\020\211\320iG\276\020E\317\035Sf\223F\254P\027\000\000\000\000\000\000\000\000\000\000\000\000\000\000\000\000\000\000\000\000\000\000\000\000\000\000\000\000\000\000\000\000P\031\331]\036\237\306o!\223\221\002\324\031\262\240R\177 ,\214\325\Q])\016\2067\277\t\354\010\000s!\002\225aM\037\203M\271C\224]$\245\215\334\264;{{\365%Z\2443U\201\242\320iUc\207\367vF0D\002 \007\021\031+\364\200\263\200T\327\310+7\313\271i\t1hx\352\327\001S\335/Z\334U\312\027\374\002 '0r\303\332N\216J\312%V\252\372[\265\320z\035\215\315\236\222\242R/\301}U\270\022\202\276""; ","validation: """"\200\000\000\001&\000\000\000\006)/\351\252\256:\355<\266\216~aC\027Q\360\215\2502\265\245\310\226\243c\302Ze\306\253#r\020\211\320iG\276\020E\317\035Sf\223F\254P\027\000\000\000\000\000\000\000\000\000\000\000\000\000\000\000\000\000\000\000\000\000\000\000\000\000\000\000\000\000\000\000\000P\031\331]\036\237\306o!\223\221\002\324\031\262\240R\177 ,\214\325\Q])\016\2067\277\t\354\010\000s!\002\225aM\037\203M\271C\224]$\245\215\334\264;{{\365%Z\2443U\201\242\320iUc\207\367vF0D\002 \007\021\031+\364\200\263\200T\327\310+7\313\271i\t1hx\352\327\001S\335/Z\334U\312\027\374\002 '0r\303\332N\216J\312%V\252\372[\265\320z\035\215\315\236\222\242R/\301}U\270\022\202\276""; "
1750527534532,1750527534532,1813,1,3,1,TMLedgerData,"ledgerHash: ""[\000\302\314\326\214\276@c\240\272\222{\363\314\032\213\311\316\246/\330\302\014>\022\346\234\347\264\270\350""; ledgerSeq: 0; type: liTS_CANDIDATE; nodes {;   nodedata: ""\002i\361\030\371\256\265\036\320\273\013\357<\215/(\215[\231D\357Gd\372\270\316\261\301\342\327\225\241\000GZ\227\022t\201\240u\2324P\027\307M\337'Y\361[IAD\351\374!\232\005\337\376\252\251g\004\003"";   nodeid: ""\000\000\000\000\000\000\000\000\000\000\000\000\000\000\000\000\000\000\000\000\000\000\000\000\000\000\000\000\000\000\000\000\000""; }; ","ledgerHash: ""[\000\302\314\326\214\276@c\240\272\222{\363\314\032\213\311\316\246/\330\302\014>\022\346\234\347\264\270\350""; ledgerSeq: 0; type: liTS_CANDIDATE; nodes {;   nodedata: ""\002i\361\030\371\256\265\036\320\273\013\357<\215/(\215[\231D\357Gd\372\270\316\261\301\342\327\225\241\000GZ\227\022t\201\240u\2324P\027\307M\337'Y\361[IAD\351\374!\232\005\337\376\252\251g\004\003"";   nodeid: ""\000\000\000\000\000\000\000\000\000\000\000\000\000\000\000\000\000\000\000\000\000\000\000\000\000\000\000\000\000\000\000\000\000""; }; "
1750527534550,1750527534550,1968,1,1,2,TMLedgerData,"ledgerHash: ""[\000\302\314\326\214\276@c\240\272\222{\363\314\032\213\311\316\246/\330\302\014>\022\346\234\347\264\270\350""; ledgerSeq: 0; type: liTS_CANDIDATE; nodes {;   nodedata: ""\002i\361\030\371\256\265\036\320\273\013\357<\215/(\215[\231D\357Gd\372\270\316\261\301\342\327\225\241\000GZ\227\022t\201\240u\2324P\027\307M\337'Y\361[IAD\351\374!\232\005\337\376\252\251g\004\003"";   nodeid: ""\000\000\000\000\000\000\000\000\000\000\000\000\000\000\000\000\000\000\000\000\000\000\000\000\000\000\000\000\000\000\000\000\000""; }; ","ledgerHash: ""[\000\302\314\326\214\276@c\240\272\222{\363\314\032\213\311\316\246/\330\302\014>\022\346\234\347\264\270\350""; ledgerSeq: 0; type: liTS_CANDIDATE; nodes {;   nodedata: ""\002i\361\030\371\256\265\036\320\273\013\357<\215/(\215[\231D\357Gd\372\270\316\261\301\342\327\225\241\000GZ\227\022t\201\240u\2324P\027\307M\337'Y\361[IAD\351\374!\232\005\337\376\252\251g\004\003"";   nodeid: ""\000\000\000\000\000\000\000\000\000\000\000\000\000\000\000\000\000\000\000\000\000\000\000\000\000\000\000\000\000\000\000\000\000""; }; "
1750527534552,1750527534552,1539,1,4,2,TMLedgerData,"ledgerHash: ""[\000\302\314\326\214\276@c\240\272\222{\363\314\032\213\311\316\246/\330\302\014>\022\346\234\347\264\270\350""; ledgerSeq: 0; type: liTS_CANDIDATE; nodes {;   nodedata: ""\002i\361\030\371\256\265\036\320\273\013\357<\215/(\215[\231D\357Gd\372\270\316\261\301\342\327\225\241\000GZ\227\022t\201\240u\2324P\027\307M\337'Y\361[IAD\351\374!\232\005\337\376\252\251g\004\003"";   nodeid: ""\000\000\000\000\000\000\000\000\000\000\000\000\000\000\000\000\000\000\000\000\000\000\000\000\000\000\000\000\000\000\000\000\000""; }; requestCookie: 2; ","ledgerHash: ""[\000\302\314\326\214\276@c\240\272\222{\363\314\032\213\311\316\246/\330\302\014>\022\346\234\347\264\270\350""; ledgerSeq: 0; type: liTS_CANDIDATE; nodes {;   nodedata: ""\002i\361\030\371\256\265\036\320\273\013\357<\215/(\215[\231D\357Gd\372\270\316\261\301\342\327\225\241\000GZ\227\022t\201\240u\2324P\027\307M\337'Y\361[IAD\351\374!\232\005\337\376\252\251g\004\003"";   nodeid: ""\000\000\000\000\000\000\000\000\000\000\000\000\000\000\000\000\000\000\000\000\000\000\000\000\000\000\000\000\000\000\000\000\000""; }; requestCookie: 2; "
1750527534568,1750527534569,1144,1,4,1,TMLedgerData,"ledgerHash: ""[\000\302\314\326\214\276@c\240\272\222{\363\314\032\213\311\316\246/\330\302\014>\022\346\234\347\264\270\350""; ledgerSeq: 0; type: liTS_CANDIDATE; nodes {;   nodedata: ""\002i\361\030\371\256\265\036\320\273\013\357<\215/(\215[\231D\357Gd\372\270\316\261\301\342\327\225\241\000GZ\227\022t\201\240u\2324P\027\307M\337'Y\361[IAD\351\374!\232\005\337\376\252\251g\004\003"";   nodeid: ""\000\000\000\000\000\000\000\000\000\000\000\000\000\000\000\000\000\000\000\000\000\000\000\000\000\000\000\000\000\000\000\000\000""; }; requestCookie: 4; ","ledgerHash: ""[\000\302\314\326\214\276@c\240\272\222{\363\314\032\213\311\316\246/\330\302\014>\022\346\234\347\264\270\350""; ledgerSeq: 0; type: liTS_CANDIDATE; nodes {;   nodedata: ""\002i\361\030\371\256\265\036\320\273\013\357<\215/(\215[\231D\357Gd\372\270\316\261\301\342\327\225\241\000GZ\227\022t\201\240u\2324P\027\307M\337'Y\361[IAD\351\374!\232\005\337\376\252\251g\004\003"";   nodeid: ""\000\000\000\000\000\000\000\000\000\000\000\000\000\000\000\000\000\000\000\000\000\000\000\000\000\000\000\000\000\000\000\000\000""; }; requestCookie: 4; "
1750527534572,1750527534572,1497,1,0,3,TMLedgerData,"ledgerHash: ""[\000\302\314\326\214\276@c\240\272\222{\363\314\032\213\311\316\246/\330\302\014>\022\346\234\347\264\270\350""; ledgerSeq: 0; type: liTS_CANDIDATE; nodes {;   nodedata: ""\002i\361\030\371\256\265\036\320\273\013\357<\215/(\215[\231D\357Gd\372\270\316\261\301\342\327\225\241\000GZ\227\022t\201\240u\2324P\027\307M\337'Y\361[IAD\351\374!\232\005\337\376\252\251g\004\003"";   nodeid: ""\000\000\000\000\000\000\000\000\000\000\000\000\000\000\000\000\000\000\000\000\000\000\000\000\000\000\000\000\000\000\000\000\000""; }; ","ledgerHash: ""[\000\302\314\326\214\276@c\240\272\222{\363\314\032\213\311\316\246/\330\302\014>\022\346\234\347\264\270\350""; ledgerSeq: 0; type: liTS_CANDIDATE; nodes {;   nodedata: ""\002i\361\030\371\256\265\036\320\273\013\357<\215/(\215[\231D\357Gd\372\270\316\261\301\342\327\225\241\000GZ\227\022t\201\240u\2324P\027\307M\337'Y\361[IAD\351\374!\232\005\337\376\252\251g\004\003"";   nodeid: ""\000\000\000\000\000\000\000\000\000\000\000\000\000\000\000\000\000\000\000\000\000\000\000\000\000\000\000\000\000\000\000\000\000""; }; "
1750527534573,1750527534574,3578,1,1,3,TMLedgerData,"ledgerHash: ""\310\200l\322\255\214\342'\243\202\375k%_\335\032N\021G\005\230\271\366~%e\366\202l^\rR""; ledgerSeq: 0; type: liTS_CANDIDATE; nodes {;   nodedata: ""GZ\227\022t\201\240u\2324P\027\307M\337'Y\361[IAD\351\374!\232\005\337\376\252\251g\004\003"";   nodeid: ""\000\000\000\000\000\000\000\000\000\000\000\000\000\000\000\000\000\000\000\000\000\000\000\000\000\000\000\000\000\000\000\000\000""; }; ","ledgerHash: ""\310\200l\322\255\214\342'\243\202\375k%_\335\032N\021G\005\230\271\366~%e\366\202l^\rR""; ledgerSeq: 0; type: liTS_CANDIDATE; nodes {;   nodedata: ""GZ\227\022t\201\240u\2324P\027\307M\337'Y\361[IAD\351\374!\232\005\337\376\252\251g\004\003"";   nodeid: ""\000\000\000\000\000\000\000\000\000\000\000\000\000\000\000\000\000\000\000\000\000\000\000\000\000\000\000\000\000\000\000\000\000""; }; "
1750527534574,1750527534574,1144,1,4,1,TMLedgerData,"ledgerHash: ""[\000\302\314\326\214\276@c\240\272\222{\363\314\032\213\311\316\246/\330\302\014>\022\346\234\347\264\270\350""; ledgerSeq: 0; type: liTS_CANDIDATE; nodes {;   nodedata: ""\002i\361\030\371\256\265\036\320\273\013\357<\215/(\215[\231D\357Gd\372\270\316\261\301\342\327\225\241\000GZ\227\022t\201\240u\2324P\027\307M\337'Y\361[IAD\351\374!\232\005\337\376\252\251g\004\003"";   nodeid: ""\000\000\000\000\000\000\000\000\000\000\000\000\000\000\000\000\000\000\000\000\000\000\000\000\000\000\000\000\000\000\000\000\000""; }; ","ledgerHash: ""[\000\302\314\326\214\276@c\240\272\222{\363\314\032\213\311\316\246/\330\302\014>\022\346\234\347\264\270\350""; ledgerSeq: 0; type: liTS_CANDIDATE; nodes {;   nodedata: ""\002i\361\030\371\256\265\036\320\273\013\357<\215/(\215[\231D\357Gd\372\270\316\261\301\342\327\225\241\000GZ\227\022t\201\240u\2324P\027\307M\337'Y\361[IAD\351\374!\232\005\337\376\252\251g\004\003"";   nodeid: ""\000\000\000\000\000\000\000\000\000\000\000\000\000\000\000\000\000\000\000\000\000\000\000\000\000\000\000\000\000\000\000\000\000""; }; "
1750527534577,1750527534577,3046,1,2,4,TMProposeSet,"proposeSeq: 0; currentTxHash: ""\000\000\000\000\000\000\000\000\000\000\000\000\000\000\000\000\000\000\000\000\000\000\000\000\000\000\000\000\000\000\000\000""; nodePubKey: ""\003\255\225A\213\332\224ehh\024BDq\224\250\335`\355\353{\357\266\335<\021\032\265\177\206\356&\215""; closeTime: 803842734; signature: ""0E\002!\000\237\225\252\002\311\262\221\204\017\364B\252\225\267\005fF\263Z\350\250\333W\273M\275\367]qupU\002 2A?\023\372U\245\031cQ\177C\245\300\322\370@V\300M{\257f<\002U4\207\262\033\366\200""; previousledger: ""\360\215\2502\265\245\310\226\243c\302Ze\306\253#r\020\211\320iG\276\020E\317\035Sf\223F\254""; ","proposeSeq: 0; currentTxHash: ""\000\000\000\000\000\000\000\000\000\000\000\000\000\000\000\000\000\000\000\000\000\000\000\000\000\000\000\000\000\000\000\000""; nodePubKey: ""\003\255\225A\213\332\224ehh\024BDq\224\250\335`\355\353{\357\266\335<\021\032\265\177\206\356&\215""; closeTime: 803842734; signature: ""0E\002!\000\237\225\252\002\311\262\221\204\017\364B\252\225\267\005fF\263Z\350\250\333W\273M\275\367]qupU\002 2A?\023\372U\245\031cQ\177C\245\300\322\370@V\300M{\257f<\002U4\207\262\033\366\200""; previousledger: ""\360\215\2502\265\245\310\226\243c\302Ze\306\253#r\020\211\320iG\276\020E\317\035Sf\223F\254""; "
1750527534579,1750527534579,2221,1,2,1,TMProposeSet,"proposeSeq: 0; currentTxHash: ""\000\000\000\000\000\000\000\000\000\000\000\000\000\000\000\000\000\000\000\000\000\000\000\000\000\000\000\000\000\000\000\000""; nodePubKey: ""\003\255\225A\213\332\224ehh\024BDq\224\250\335`\355\353{\357\266\335<\021\032\265\177\206\356&\215""; closeTime: 803842734; signature: ""0E\002!\000\237\225\252\002\311\262\221\204\017\364B\252\225\267\005fF\263Z\350\250\333W\273M\275\367]qupU\002 2A?\023\372U\245\031cQ\177C\245\300\322\370@V\300M{\257f<\002U4\207\262\033\366\200""; previousledger: ""\360\215\2502\265\245\310\226\243c\302Ze\306\253#r\020\211\320iG\276\020E\317\035Sf\223F\254""; ","proposeSeq: 0; currentTxHash: ""\000\000\000\000\000\000\000\000\000\000\000\000\000\000\000\000\000\000\000\000\000\000\000\000\000\000\000\000\000\000\000\000""; nodePubKey: ""\003\255\225A\213\332\224ehh\024BDq\224\250\335`\355\353{\357\266\335<\021\032\265\177\206\356&\215""; closeTime: 803842734; signature: ""0E\002!\000\237\225\252\002\311\262\221\204\017\364B\252\225\267\005fF\263Z\350\250\333W\273M\275\367]qupU\002 2A?\023\372U\245\031cQ\177C\245\300\322\370@V\300M{\257f<\002U4\207\262\033\366\200""; previousledger: ""\360\215\2502\265\245\310\226\243c\302Ze\306\253#r\020\211\320iG\276\020E\317\035Sf\223F\254""; "
1750527534579,1750527534580,2762,1,2,3,TMProposeSet,"proposeSeq: 0; currentTxHash: ""\000\000\000\000\000\000\000\000\000\000\000\000\000\000\000\000\000\000\000\000\000\000\000\000\000\000\000\000\000\000\000\000""; nodePubKey: ""\003\255\225A\213\332\224ehh\024BDq\224\250\335`\355\353{\357\266\335<\021\032\265\177\206\356&\215""; closeTime: 803842734; signature: ""0E\002!\000\237\225\252\002\311\262\221\204\017\364B\252\225\267\005fF\263Z\350\250\333W\273M\275\367]qupU\002 2A?\023\372U\245\031cQ\177C\245\300\322\370@V\300M{\257f<\002U4\207\262\033\366\200""; previousledger: ""\360\215\2502\265\245\310\226\243c\302Ze\306\253#r\020\211\320iG\276\020E\317\035Sf\223F\254""; ","proposeSeq: 0; currentTxHash: ""\000\000\000\000\000\000\000\000\000\000\000\000\000\000\000\000\000\000\000\000\000\000\000\000\000\000\000\000\000\000\000\000""; nodePubKey: ""\003\255\225A\213\332\224ehh\024BDq\224\250\335`\355\353{\357\266\335<\021\032\265\177\206\356&\215""; closeTime: 803842734; signature: ""0E\002!\000\237\225\252\002\311\262\221\204\017\364B\252\225\267\005fF\263Z\350\250\333W\273M\275\367]qupU\002 2A?\023\372U\245\031cQ\177C\245\300\322\370@V\300M{\257f<\002U4\207\262\033\366\200""; previousledger: ""\360\215\2502\265\245\310\226\243c\302Ze\306\253#r\020\211\320iG\276\020E\317\035Sf\223F\254""; "
1750527534591,1750527534592,3818,1,0,2,TMLedgerData,"ledgerHash: ""[\000\302\314\326\214\276@c\240\272\222{\363\314\032\213\311\316\246/\330\302\014>\022\346\234\347\264\270\350""; ledgerSeq: 0; type: liTS_CANDIDATE; nodes {;   nodedata: ""\002i\361\030\371\256\265\036\320\273\013\357<\215/(\215[\231D\357Gd\372\270\316\261\301\342\327\225\241\000GZ\227\022t\201\240u\2324P\027\307M\337'Y\361[IAD\351\374!\232\005\337\376\252\251g\004\003"";   nodeid: ""\000\000\000\000\000\000\000\000\000\000\000\000\000\000\000\000\000\000\000\000\000\000\000\000\000\000\000\000\000\000\000\000\000""; }; ","ledgerHash: ""[\000\302\314\326\214\276@c\240\272\222{\363\314\032\213\311\316\246/\330\302\014>\022\346\234\347\264\270\350""; ledgerSeq: 0; type: liTS_CANDIDATE; nodes {;   nodedata: ""\002i\361\030\371\256\265\036\320\273\013\357<\215/(\215[\231D\357Gd\372\270\316\261\301\342\327\225\241\000GZ\227\022t\201\240u\2324P\027\307M\337'Y\361[IAD\351\374!\232\005\337\376\252\251g\004\003"";   nodeid: ""\000\000\000\000\000\000\000\000\000\000\000\000\000\000\000\000\000\000\000\000\000\000\000\000\000\000\000\000\000\000\000\000\000""; }; "
1750527534651,1750527534651,1659,1,2,0,TMProposeSet,"proposeSeq: 0; currentTxHash: ""\000\000\000\000\000\000\000\000\000\000\000\000\000\000\000\000\000\000\000\000\000\000\000\000\000\000\000\000\000\000\000\000""; nodePubKey: ""\003\255\225A\213\332\224ehh\024BDq\224\250\335`\355\353{\357\266\335<\021\032\265\177\206\356&\215""; closeTime: 803842734; signature: ""0E\002!\000\237\225\252\002\311\262\221\204\017\364B\252\225\267\005fF\263Z\350\250\333W\273M\275\367]qupU\002 2A?\023\372U\245\031cQ\177C\245\300\322\370@V\300M{\257f<\002U4\207\262\033\366\200""; previousledger: ""\360\215\2502\265\245\310\226\243c\302Ze\306\253#r\020\211\320iG\276\020E\317\035Sf\223F\254""; ","proposeSeq: 0; currentTxHash: ""\000\000\000\000\000\000\000\000\000\000\000\000\000\000\000\000\000\000\000\000\000\000\000\000\000\000\000\000\000\000\000\000""; nodePubKey: ""\003\255\225A\213\332\224ehh\024BDq\224\250\335`\355\353{\357\266\335<\021\032\265\177\206\356&\215""; closeTime: 803842734; signature: ""0E\002!\000\237\225\252\002\311\262\221\204\017\364B\252\225\267\005fF\263Z\350\250\333W\273M\275\367]qupU\002 2A?\023\372U\245\031cQ\177C\245\300\322\370@V\300M{\257f<\002U4\207\262\033\366\200""; previousledger: ""\360\215\2502\265\245\310\226\243c\302Ze\306\253#r\020\211\320iG\276\020E\317\035Sf\223F\254""; "
1750527534652,1750527534652,3818,1,0,2,TMLedgerData,"ledgerHash: ""[\000\302\314\326\214\276@c\240\272\222{\363\314\032\213\311\316\246/\330\302\014>\022\346\234\347\264\270\350""; ledgerSeq: 0; type: liTS_CANDIDATE; nodes {;   nodedata: ""\002i\361\030\371\256\265\036\320\273\013\357<\215/(\215[\231D\357Gd\372\270\316\261\301\342\327\225\241\000GZ\227\022t\201\240u\2324P\027\307M\337'Y\361[IAD\351\374!\232\005\337\376\252\251g\004\003"";   nodeid: ""\000\000\000\000\000\000\000\000\000\000\000\000\000\000\000\000\000\000\000\000\000\000\000\000\000\000\000\000\000\000\000\000\000""; }; ","ledgerHash: ""[\000\302\314\326\214\276@c\240\272\222{\363\314\032\213\311\316\246/\330\302\014>\022\346\234\347\264\270\350""; ledgerSeq: 0; type: liTS_CANDIDATE; nodes {;   nodedata: ""\002i\361\030\371\256\265\036\320\273\013\357<\215/(\215[\231D\357Gd\372\270\316\261\301\342\327\225\241\000GZ\227\022t\201\240u\2324P\027\307M\337'Y\361[IAD\351\374!\232\005\337\376\252\251g\004\003"";   nodeid: ""\000\000\000\000\000\000\000\000\000\000\000\000\000\000\000\000\000\000\000\000\000\000\000\000\000\000\000\000\000\000\000\000\000""; }; "
1750527534662,1750527534662,3746,1,1,4,TMValidation,"validation: """"\200\000\000\001&\000\000\000\006)/\351\252\256:\303`\246;Q\203[_Q\360\215\2502\265\245\310\226\243c\302Ze\306\253#r\020\211\320iG\276\020E\317\035Sf\223F\254P\027\000\000\000\000\000\000\000\000\000\000\000\000\000\000\000\000\000\000\000\000\000\000\000\000\000\000\000\000\000\000\000\000P\031\331]\036\237\306o!\223\221\002\324\031\262\240R\177 ,\214\325\Q])\016\2067\277\t\354\010\000s!\002\266\377\271\344:\030\221i\267\257\215\237M\014\3345f\014\273|\207\367\334\337F\325\004cxB\211LvF0D\002 C5\257\302\3473\316\0069j\224\r{\323EV\227>\006\271\346\333\023\334\214J\320\203\rw\037\203\002 }\013\246\034C\262\312HN\224\0002\222,R\241\251\375\370\230)\310\312\003\201V\377\231\203\343RU""; ","validation: """"\200\000\000\001&\000\000\000\006)/\351\252\256:\303`\246;Q\203[_Q\360\215\2502\265\245\310\226\243c\302Ze\306\253#r\020\211\320iG\276\020E\317\035Sf\223F\254P\027\000\000\000\000\000\000\000\000\000\000\000\000\000\000\000\000\000\000\000\000\000\000\000\000\000\000\000\000\000\000\000\000P\031\331]\036\237\306o!\223\221\002\324\031\262\240R\177 ,\214\325\Q])\016\2067\277\t\354\010\000s!\002\266\377\271\344:\030\221i\267\257\215\237M\014\3345f\014\273|\207\367\334\337F\325\004cxB\211LvF0D\002 C5\257\302\3473\316\0069j\224\r{\323EV\227>\006\271\346\333\023\334\214J\320\203\rw\037\203\002 }\013\246\034C\262\312HN\224\0002\222,R\241\251\375\370\230)\310\312\003\201V\377\231\203\343RU""; "
1750527534663,1750527534663,949,1,1,2,TMValidation,"validation: """"\200\000\000\001&\000\000\000\006)/\351\252\256:\303`\246;Q\203[_Q\360\215\2502\265\245\310\226\243c\302Ze\306\253#r\020\211\320iG\276\020E\317\035Sf\223F\254P\027\000\000\000\000\000\000\000\000\000\000\000\000\000\000\000\000\000\000\000\000\000\000\000\000\000\000\000\000\000\000\000\000P\031\331]\036\237\306o!\223\221\002\324\031\262\240R\177 ,\214\325\Q])\016\2067\277\t\354\010\000s!\002\266\377\271\344:\030\221i\267\257\215\237M\014\3345f\014\273|\207\367\334\337F\325\004cxB\211LvF0D\002 C5\257\302\3473\316\0069j\224\r{\323EV\227>\006\271\346\333\023\334\214J\320\203\rw\037\203\002 }\013\246\034C\262\312HN\224\0002\222,R\241\251\375\370\230)\310\312\003\201V\377\231\203\343RU""; ","validation: """"\200\000\000\001&\000\000\000\006)/\351\252\256:\303`\246;Q\203[_Q\360\215\2502\265\245\310\226\243c\302Ze\306\253#r\020\211\320iG\276\020E\317\035Sf\223F\254P\027\000\000\000\000\000\000\000\000\000\000\000\000\000\000\000\000\000\000\000\000\000\000\000\000\000\000\000\000\000\000\000\000P\031\331]\036\237\306o!\223\221\002\324\031\262\240R\177 ,\214\325\Q])\016\2067\277\t\354\010\000s!\002\266\377\271\344:\030\221i\267\257\215\237M\014\3345f\014\273|\207\367\334\337F\325\004cxB\211LvF0D\002 C5\257\302\3473\316\0069j\224\r{\323EV\227>\006\271\346\333\023\334\214J\320\203\rw\037\203\002 }\013\246\034C\262\312HN\224\0002\222,R\241\251\375\370\230)\310\312\003\201V\377\231\203\343RU""; "
1750527534664,1750527534665,1311,1,1,3,TMValidation,"validation: """"\200\000\000\001&\000\000\000\006)/\351\252\256:\303`\246;Q\203[_Q\360\215\2502\265\245\310\226\243c\302Ze\306\253#r\020\211\320iG\276\020E\317\035Sf\223F\254P\027\000\000\000\000\000\000\000\000\000\000\000\000\000\000\000\000\000\000\000\000\000\000\000\000\000\000\000\000\000\000\000\000P\031\331]\036\237\306o!\223\221\002\324\031\262\240R\177 ,\214\325\Q])\016\2067\277\t\354\010\000s!\002\266\377\271\344:\030\221i\267\257\215\237M\014\3345f\014\273|\207\367\334\337F\325\004cxB\211LvF0D\002 C5\257\302\3473\316\0069j\224\r{\323EV\227>\006\271\346\333\023\334\214J\320\203\rw\037\203\002 }\013\246\034C\262\312HN\224\0002\222,R\241\251\375\370\230)\310\312\003\201V\377\231\203\343RU""; ","validation: """"\200\000\000\001&\000\000\000\006)/\351\252\256:\303`\246;Q\203[_Q\360\215\2502\265\245\310\226\243c\302Ze\306\253#r\020\211\320iG\276\020E\317\035Sf\223F\254P\027\000\000\000\000\000\000\000\000\000\000\000\000\000\000\000\000\000\000\000\000\000\000\000\000\000\000\000\000\000\000\000\000P\031\331]\036\237\306o!\223\221\002\324\031\262\240R\177 ,\214\325\Q])\016\2067\277\t\354\010\000s!\002\266\377\271\344:\030\221i\267\257\215\237M\014\3345f\014\273|\207\367\334\337F\325\004cxB\211LvF0D\002 C5\257\302\3473\316\0069j\224\r{\323EV\227>\006\271\346\333\023\334\214J\320\203\rw\037\203\002 }\013\246\034C\262\312HN\224\0002\222,R\241\251\375\370\230)\310\312\003\201V\377\231\203\343RU""; "
1750527534667,1750527534667,2229,1,1,0,TMValidation,"validation: """"\200\000\000\001&\000\000\000\006)/\351\252\256:\303`\246;Q\203[_Q\360\215\2502\265\245\310\226\243c\302Ze\306\253#r\020\211\320iG\276\020E\317\035Sf\223F\254P\027\000\000\000\000\000\000\000\000\000\000\000\000\000\000\000\000\000\000\000\000\000\000\000\000\000\000\000\000\000\000\000\000P\031\331]\036\237\306o!\223\221\002\324\031\262\240R\177 ,\214\325\Q])\016\2067\277\t\354\010\000s!\002\266\377\271\344:\030\221i\267\257\215\237M\014\3345f\014\273|\207\367\334\337F\325\004cxB\211LvF0D\002 C5\257\302\3473\316\0069j\224\r{\323EV\227>\006\271\346\333\023\334\214J\320\203\rw\037\203\002 }\013\246\034C\262\312HN\224\0002\222,R\241\251\375\370\230)\310\312\003\201V\377\231\203\343RU""; ","validation: """"\200\000\000\001&\000\000\000\006)/\351\252\256:\303`\246;Q\203[_Q\360\215\2502\265\245\310\226\243c\302Ze\306\253#r\020\211\320iG\276\020E\317\035Sf\223F\254P\027\000\000\000\000\000\000\000\000\000\000\000\000\000\000\000\000\000\000\000\000\000\000\000\000\000\000\000\000\000\000\000\000P\031\331]\036\237\306o!\223\221\002\324\031\262\240R\177 ,\214\325\Q])\016\2067\277\t\354\010\000s!\002\266\377\271\344:\030\221i\267\257\215\237M\014\3345f\014\273|\207\367\334\337F\325\004cxB\211LvF0D\002 C5\257\302\3473\316\0069j\224\r{\323EV\227>\006\271\346\333\023\334\214J\320\203\rw\037\203\002 }\013\246\034C\262\312HN\224\0002\222,R\241\251\375\370\230)\310\312\003\201V\377\231\203\343RU""; "
1750527534683,1750527534683,1434,1,0,1,TMLedgerData,"ledgerHash: ""\310\200l\322\255\214\342'\243\202\375k%_\335\032N\021G\005\230\271\366~%e\366\202l^\rR""; ledgerSeq: 0; type: liTS_CANDIDATE; nodes {;   nodedata: ""GZ\227\022t\201\240u\2324P\027\307M\337'Y\361[IAD\351\374!\232\005\337\376\252\251g\004\003"";   nodeid: ""\000\000\000\000\000\000\000\000\000\000\000\000\000\000\000\000\000\000\000\000\000\000\000\000\000\000\000\000\000\000\000\000\000""; }; requestCookie: 5; ","ledgerHash: ""\310\200l\322\255\214\342'\243\202\375k%_\335\032N\021G\005\230\271\366~%e\366\202l^\rR""; ledgerSeq: 0; type: liTS_CANDIDATE; nodes {;   nodedata: ""GZ\227\022t\201\240u\2324P\027\307M\337'Y\361[IAD\351\374!\232\005\337\376\252\251g\004\003"";   nodeid: ""\000\000\000\000\000\000\000\000\000\000\000\000\000\000\000\000\000\000\000\000\000\000\000\000\000\000\000\000\000\000\000\000\000""; }; requestCookie: 5; "
1750527534685,1750527534685,1434,1,0,1,TMLedgerData,"ledgerHash: ""[\000\302\314\326\214\276@c\240\272\222{\363\314\032\213\311\316\246/\330\302\014>\022\346\234\347\264\270\350""; ledgerSeq: 0; type: liTS_CANDIDATE; nodes {;   nodedata: ""\002i\361\030\371\256\265\036\320\273\013\357<\215/(\215[\231D\357Gd\372\270\316\261\301\342\327\225\241\000GZ\227\022t\201\240u\2324P\027\307M\337'Y\361[IAD\351\374!\232\005\337\376\252\251g\004\003"";   nodeid: ""\000\000\000\000\000\000\000\000\000\000\000\000\000\000\000\000\000\000\000\000\000\000\000\000\000\000\000\000\000\000\000\000\000""; }; ","ledgerHash: ""[\000\302\314\326\214\276@c\240\272\222{\363\314\032\213\311\316\246/\330\302\014>\022\346\234\347\264\270\350""; ledgerSeq: 0; type: liTS_CANDIDATE; nodes {;   nodedata: ""\002i\361\030\371\256\265\036\320\273\013\357<\215/(\215[\231D\357Gd\372\270\316\261\301\342\327\225\241\000GZ\227\022t\201\240u\2324P\027\307M\337'Y\361[IAD\351\374!\232\005\337\376\252\251g\004\003"";   nodeid: ""\000\000\000\000\000\000\000\000\000\000\000\000\000\000\000\000\000\000\000\000\000\000\000\000\000\000\000\000\000\000\000\000\000""; }; "
1750527534690,1750527534693,2180,1,0,4,TMTransaction,"rawTransaction: ""\022\000\000""\000\000\000\000$\000\000\000\005 \033\000\000\000\031a@\000\000\022\240_ \000h@\000\000\000\000\000\000\ns!\003K\250\201V\354\353\020.\253\242\026x\202\312\234\3314!'\021-D\001\225\355\256\367\361\211\2710ltG0E\002!\000\350\334\235^K\264\365F\232\230pc8\370\241\310\021\326\313@\320""\343\302sM\C\212\347^\265\002 B\276\232'\305x\311\241m6@&\222\360_^\375_M\365?\213\3032\030A\215\353[1\nG\201\024\3177\2633\3425H\2210g]\027\350~`\267{\247\373\332\203\024\272\177ez`?~\240\022\321\013D\240\325V\364\241\375\n@""; status: tsCURRENT; receiveTimestamp: 803842734; deferred: false; ","rawTransaction: ""\022\000\000""\000\000\000\000$\000\000\000\005 \033\000\000\000\031a@\000\000\022\240_ \000h@\000\000\000\000\000\000\ns!\003K\250\201V\354\353\020.\253\242\026x\202\312\234\3314!'\021-D\001\225\355\256\367\361\211\2710ltG0E\002!\000\350\334\235^K\264\365F\232\230pc8\370\241\310\021\326\313@\320""\343\302sM\C\212\347^\265\002 B\276\232'\305x\311\241m6@&\222\360_^\375_M\365?\213\3032\030A\215\353[1\nG\201\024\3177\2633\3425H\2210g]\027\350~`\267{\247\373\332\203\024\272\177ez`?~\240\022\321\013D\240\325V\364\241\375\n@""; status: tsCURRENT; receiveTimestamp: 803842734; deferred: false; "
1750527534692,1750527534694,541,1,0,2,TMTransaction,"rawTransaction: ""\022\000\000""\000\000\000\000$\000\000\000\005 \033\000\000\000\031a@\000\000\022\240_ \000h@\000\000\000\000\000\000\ns!\003K\250\201V\354\353\020.\253\242\026x\202\312\234\3314!'\021-D\001\225\355\256\367\361\211\2710ltG0E\002!\000\350\334\235^K\264\365F\232\230pc8\370\241\310\021\326\313@\320""\343\302sM\C\212\347^\265\002 B\276\232'\305x\311\241m6@&\222\360_^\375_M\365?\213\3032\030A\215\353[1\nG\201\024\3177\2633\3425H\2210g]\027\350~`\267{\247\373\332\203\024\272\177ez`?~\240\022\321\013D\240\325V\364\241\375\n@""; status: tsCURRENT; receiveTimestamp: 803842734; deferred: false; ","rawTransaction: ""\022\000\000""\000\000\000\000$\000\000\000\005 \033\000\000\000\031a@\000\000\022\240_ \000h@\000\000\000\000\000\000\ns!\003K\250\201V\354\353\020.\253\242\026x\202\312\234\3314!'\021-D\001\225\355\256\367\361\211\2710ltG0E\002!\000\350\334\235^K\264\365F\232\230pc8\370\241\310\021\326\313@\320""\343\302sM\C\212\347^\265\002 B\276\232'\305x\311\241m6@&\222\360_^\375_M\365?\213\3032\030A\215\353[1\nG\201\024\3177\2633\3425H\2210g]\027\350~`\267{\247\373\332\203\024\272\177ez`?~\240\022\321\013D\240\325V\364\241\375\n@""; status: tsCURRENT; receiveTimestamp: 803842734; deferred: false; "
1750527534695,1750527534705,3443,1,0,3,TMTransaction,"rawTransaction: ""\022\000\000""\000\000\000\000$\000\000\000\005 \033\000\000\000\031a@\000\000\022\240_ \000h@\000\000\000\000\000\000\ns!\003K\250\201V\354\353\020.\253\242\026x\202\312\234\3314!'\021-D\001\225\355\256\367\361\211\2710ltG0E\002!\000\350\334\235^K\264\365F\232\230pc8\370\241\310\021\326\313@\320""\343\302sM\C\212\347^\265\002 B\276\232'\305x\311\241m6@&\222\360_^\375_M\365?\213\3032\030A\215\353[1\nG\201\024\3177\2633\3425H\2210g]\027\350~`\267{\247\373\332\203\024\272\177ez`?~\240\022\321\013D\240\325V\364\241\375\n@""; status: tsCURRENT; receiveTimestamp: 803842734; deferred: false; ","rawTransaction: ""\022\000\000""\000\000\000\000$\000\000\000\005 \033\000\000\000\031a@\000\000\022\240_ \000h@\000\000\000\000\000\000\ns!\003K\250\201V\354\353\020.\253\242\026x\202\312\234\3314!'\021-D\001\225\355\256\367\361\211\2710ltG0E\002!\000\350\334\235^K\264\365F\232\230pc8\370\241\310\021\326\313@\320""\343\302sM\C\212\347^\265\002 B\276\232'\305x\311\241m6@&\222\360_^\375_M\365?\213\3032\030A\215\353[1\nG\201\024\3177\2633\3425H\2210g]\027\350~`\267{\247\373\332\203\024\272\177ez`?~\240\022\321\013D\240\325V\364\241\375\n@""; status: tsCURRENT; receiveTimestamp: 803842734; deferred: false; "
1750527534706,1750527534706,3746,1,1,4,TMValidation,"validation: """"\200\000\000\001&\000\000\000\006)/\351\252\255:\r\302\353\023?\373\240rQ\360\215\2502\265\245\310\226\243c\302Ze\306\253#r\020\211\320iG\276\020E\317\035Sf\223F\254P\027\000\000\000\000\000\000\000\000\000\000\000\000\000\000\000\000\000\000\000\000\000\000\000\000\000\000\000\000\000\000\000\000P\031\331]\036\237\306o!\223\221\002\324\031\262\240R\177 ,\214\325\Q])\016\2067\277\t\354\010\000s!\003R7o\362bV\300hf\266\241;}\200^\374\240\203[:\342Q\225\221\027y\372\255\235\216\323~vF0D\002 <\016\027\217e\177\363\376\327\016\257?\264Q\347\203\241<4\257\333I\363\037#\352~zw\305:\346\002 Q|\251\350\022\221\276\251\310\363\375\357+\317\356\254\350\006\340F\241\232O\347\241\375c4\0312%\336""; ","validation: """"\200\000\000\001&\000\000\000\006)/\351\252\255:\r\302\353\023?\373\240rQ\360\215\2502\265\245\310\226\243c\302Ze\306\253#r\020\211\320iG\276\020E\317\035Sf\223F\254P\027\000\000\000\000\000\000\000\000\000\000\000\000\000\000\000\000\000\000\000\000\000\000\000\000\000\000\000\000\000\000\000\000P\031\331]\036\237\306o!\223\221\002\324\031\262\240R\177 ,\214\325\Q])\016\2067\277\t\354\010\000s!\003R7o\362bV\300hf\266\241;}\200^\374\240\203[:\342Q\225\221\027y\372\255\235\216\323~vF0D\002 <\016\027\217e\177\363\376\327\016\257?\264Q\347\203\241<4\257\333I\363\037#\352~zw\305:\346\002 Q|\251\350\022\221\276\251\310\363\375\357+\317\356\254\350\006\340F\241\232O\347\241\375c4\0312%\336""; "
1750527534707,1750527534707,1311,1,1,3,TMValidation,"validation: """"\200\000\000\001&\000\000\000\006)/\351\252\255:\r\302\353\023?\373\240rQ\360\215\2502\265\245\310\226\243c\302Ze\306\253#r\020\211\320iG\276\020E\317\035Sf\223F\254P\027\000\000\000\000\000\000\000\000\000\000\000\000\000\000\000\000\000\000\000\000\000\000\000\000\000\000\000\000\000\000\000\000P\031\331]\036\237\306o!\223\221\002\324\031\262\240R\177 ,\214\325\Q])\016\2067\277\t\354\010\000s!\003R7o\362bV\300hf\266\241;}\200^\374\240\203[:\342Q\225\221\027y\372\255\235\216\323~vF0D\002 <\016\027\217e\177\363\376\327\016\257?\264Q\347\203\241<4\257\333I\363\037#\352~zw\305:\346\002 Q|\251\350\022\221\276\251\310\363\375\357+\317\356\254\350\006\340F\241\232O\347\241\375c4\0312%\336""; ","validation: """"\200\000\000\001&\000\000\000\006)/\351\252\255:\r\302\353\023?\373\240rQ\360\215\2502\265\245\310\226\243c\302Ze\306\253#r\020\211\320iG\276\020E\317\035Sf\223F\254P\027\000\000\000\000\000\000\000\000\000\000\000\000\000\000\000\000\000\000\000\000\000\000\000\000\000\000\000\000\000\000\000\000P\031\331]\036\237\306o!\223\221\002\324\031\262\240R\177 ,\214\325\Q])\016\2067\277\t\354\010\000s!\003R7o\362bV\300hf\266\241;}\200^\374\240\203[:\342Q\225\221\027y\372\255\235\216\323~vF0D\002 <\016\027\217e\177\363\376\327\016\257?\264Q\347\203\241<4\257\333I\363\037#\352~zw\305:\346\002 Q|\251\350\022\221\276\251\310\363\375\357+\317\356\254\350\006\340F\241\232O\347\241\375c4\0312%\336""; "
1750527534708,1750527534708,2229,1,1,0,TMValidation,"validation: """"\200\000\000\001&\000\000\000\006)/\351\252\255:\r\302\353\023?\373\240rQ\360\215\2502\265\245\310\226\243c\302Ze\306\253#r\020\211\320iG\276\020E\317\035Sf\223F\254P\027\000\000\000\000\000\000\000\000\000\000\000\000\000\000\000\000\000\000\000\000\000\000\000\000\000\000\000\000\000\000\000\000P\031\331]\036\237\306o!\223\221\002\324\031\262\240R\177 ,\214\325\Q])\016\2067\277\t\354\010\000s!\003R7o\362bV\300hf\266\241;}\200^\374\240\203[:\342Q\225\221\027y\372\255\235\216\323~vF0D\002 <\016\027\217e\177\363\376\327\016\257?\264Q\347\203\241<4\257\333I\363\037#\352~zw\305:\346\002 Q|\251\350\022\221\276\251\310\363\375\357+\317\356\254\350\006\340F\241\232O\347\241\375c4\0312%\336""; ","validation: """"\200\000\000\001&\000\000\000\006)/\351\252\255:\r\302\353\023?\373\240rQ\360\215\2502\265\245\310\226\243c\302Ze\306\253#r\020\211\320iG\276\020E\317\035Sf\223F\254P\027\000\000\000\000\000\000\000\000\000\000\000\000\000\000\000\000\000\000\000\000\000\000\000\000\000\000\000\000\000\000\000\000P\031\331]\036\237\306o!\223\221\002\324\031\262\240R\177 ,\214\325\Q])\016\2067\277\t\354\010\000s!\003R7o\362bV\300hf\266\241;}\200^\374\240\203[:\342Q\225\221\027y\372\255\235\216\323~vF0D\002 <\016\027\217e\177\363\376\327\016\257?\264Q\347\203\241<4\257\333I\363\037#\352~zw\305:\346\002 Q|\251\350\022\221\276\251\310\363\375\357+\317\356\254\350\006\340F\241\232O\347\241\375c4\0312%\336""; "
1750527534709,1750527534709,1539,1,4,2,TMLedgerData,"ledgerHash: ""[\000\302\314\326\214\276@c\240\272\222{\363\314\032\213\311\316\246/\330\302\014>\022\346\234\347\264\270\350""; ledgerSeq: 0; type: liTS_CANDIDATE; nodes {;   nodedata: ""\002i\361\030\371\256\265\036\320\273\013\357<\215/(\215[\231D\357Gd\372\270\316\261\301\342\327\225\241\000GZ\227\022t\201\240u\2324P\027\307M\337'Y\361[IAD\351\374!\232\005\337\376\252\251g\004\003"";   nodeid: ""\000\000\000\000\000\000\000\000\000\000\000\000\000\000\000\000\000\000\000\000\000\000\000\000\000\000\000\000\000\000\000\000\000""; }; requestCookie: 4; ","ledgerHash: ""[\000\302\314\326\214\276@c\240\272\222{\363\314\032\213\311\316\246/\330\302\014>\022\346\234\347\264\270\350""; ledgerSeq: 0; type: liTS_CANDIDATE; nodes {;   nodedata: ""\002i\361\030\371\256\265\036\320\273\013\357<\215/(\215[\231D\357Gd\372\270\316\261\301\342\327\225\241\000GZ\227\022t\201\240u\2324P\027\307M\337'Y\361[IAD\351\374!\232\005\337\376\252\251g\004\003"";   nodeid: ""\000\000\000\000\000\000\000\000\000\000\000\000\000\000\000\000\000\000\000\000\000\000\000\000\000\000\000\000\000\000\000\000\000""; }; requestCookie: 4; "
1750527534718,1750527534718,1539,1,4,2,TMLedgerData,"ledgerHash: ""[\000\302\314\326\214\276@c\240\272\222{\363\314\032\213\311\316\246/\330\302\014>\022\346\234\347\264\270\350""; ledgerSeq: 0; type: liTS_CANDIDATE; nodes {;   nodedata: ""\002i\361\030\371\256\265\036\320\273\013\357<\215/(\215[\231D\357Gd\372\270\316\261\301\342\327\225\241\000GZ\227\022t\201\240u\2324P\027\307M\337'Y\361[IAD\351\374!\232\005\337\376\252\251g\004\003"";   nodeid: ""\000\000\000\000\000\000\000\000\000\000\000\000\000\000\000\000\000\000\000\000\000\000\000\000\000\000\000\000\000\000\000\000\000""; }; ","ledgerHash: ""[\000\302\314\326\214\276@c\240\272\222{\363\314\032\213\311\316\246/\330\302\014>\022\346\234\347\264\270\350""; ledgerSeq: 0; type: liTS_CANDIDATE; nodes {;   nodedata: ""\002i\361\030\371\256\265\036\320\273\013\357<\215/(\215[\231D\357Gd\372\270\316\261\301\342\327\225\241\000GZ\227\022t\201\240u\2324P\027\307M\337'Y\361[IAD\351\374!\232\005\337\376\252\251g\004\003"";   nodeid: ""\000\000\000\000\000\000\000\000\000\000\000\000\000\000\000\000\000\000\000\000\000\000\000\000\000\000\000\000\000\000\000\000\000""; }; "
1750527534725,1750527534725,1617,1,0,1,TMTransaction,"rawTransaction: ""\022\000\000""\000\000\000\000$\000\000\000\005 \033\000\000\000\031a@\000\000\022\240_ \000h@\000\000\000\000\000\000\ns!\003K\250\201V\354\353\020.\253\242\026x\202\312\234\3314!'\021-D\001\225\355\256\367\361\211\2710ltG0E\002!\000\350\334\235^K\264\365F\232\230pc8\370\241\310\021\326\313@\320""\343\302sM\C\212\347^\265\002 B\276\232'\305x\311\241m6@&\222\360_^\375_M\365?\213\3032\030A\215\353[1\nG\201\024\3177\2633\3425H\2210g]\027\350~`\267{\247\373\332\203\024\272\177ez`?~\240\022\321\013D\240\325V\364\241\375\n@""; status: tsCURRENT; receiveTimestamp: 803842734; deferred: false; ","rawTransaction: ""\022\000\000""\000\000\000\000$\000\000\000\005 \033\000\000\000\031a@\000\000\022\240_ \000h@\000\000\000\000\000\000\ns!\003K\250\201V\354\353\020.\253\242\026x\202\312\234\3314!'\021-D\001\225\355\256\367\361\211\2710ltG0E\002!\000\350\334\235^K\264\365F\232\230pc8\370\241\310\021\326\313@\320""\343\302sM\C\212\347^\265\002 B\276\232'\305x\311\241m6@&\222\360_^\375_M\365?\213\3032\030A\215\353[1\nG\201\024\3177\2633\3425H\2210g]\027\350~`\267{\247\373\332\203\024\272\177ez`?~\240\022\321\013D\240\325V\364\241\375\n@""; status: tsCURRENT; receiveTimestamp: 803842734; deferred: false; "
1750527534726,1750527534726,3085,1,3,0,TMLedgerData,"ledgerHash: ""[\000\302\314\326\214\276@c\240\272\222{\363\314\032\213\311\316\246/\330\302\014>\022\346\234\347\264\270\350""; ledgerSeq: 0; type: liTS_CANDIDATE; nodes {;   nodedata: ""\002i\361\030\371\256\265\036\320\273\013\357<\215/(\215[\231D\357Gd\372\270\316\261\301\342\327\225\241\000GZ\227\022t\201\240u\2324P\027\307M\337'Y\361[IAD\351\374!\232\005\337\376\252\251g\004\003"";   nodeid: ""\000\000\000\000\000\000\000\000\000\000\000\000\000\000\000\000\000\000\000\000\000\000\000\000\000\000\000\000\000\000\000\000\000""; }; ","ledgerHash: ""[\000\302\314\326\214\276@c\240\272\222{\363\314\032\213\311\316\246/\330\302\014>\022\346\234\347\264\270\350""; ledgerSeq: 0; type: liTS_CANDIDATE; nodes {;   nodedata: ""\002i\361\030\371\256\265\036\320\273\013\357<\215/(\215[\231D\357Gd\372\270\316\261\301\342\327\225\241\000GZ\227\022t\201\240u\2324P\027\307M\337'Y\361[IAD\351\374!\232\005\337\376\252\251g\004\003"";   nodeid: ""\000\000\000\000\000\000\000\000\000\000\000\000\000\000\000\000\000\000\000\000\000\000\000\000\000\000\000\000\000\000\000\000\000""; }; "
1750527534750,1750527534750,2523,1,3,2,TMLedgerData,"ledgerHash: ""[\000\302\314\326\214\276@c\240\272\222{\363\314\032\213\311\316\246/\330\302\014>\022\346\234\347\264\270\350""; ledgerSeq: 0; type: liTS_CANDIDATE; nodes {;   nodedata: ""\002i\361\030\371\256\265\036\320\273\013\357<\215/(\215[\231D\357Gd\372\270\316\261\301\342\327\225\241\000GZ\227\022t\201\240u\2324P\027\307M\337'Y\361[IAD\351\374!\232\005\337\376\252\251g\004\003"";   nodeid: ""\000\000\000\000\000\000\000\000\000\000\000\000\000\000\000\000\000\000\000\000\000\000\000\000\000\000\000\000\000\000\000\000\000""; }; ","ledgerHash: ""[\000\302\314\326\214\276@c\240\272\222{\363\314\032\213\311\316\246/\330\302\014>\022\346\234\347\264\270\350""; ledgerSeq: 0; type: liTS_CANDIDATE; nodes {;   nodedata: ""\002i\361\030\371\256\265\036\320\273\013\357<\215/(\215[\231D\357Gd\372\270\316\261\301\342\327\225\241\000GZ\227\022t\201\240u\2324P\027\307M\337'Y\361[IAD\351\374!\232\005\337\376\252\251g\004\003"";   nodeid: ""\000\000\000\000\000\000\000\000\000\000\000\000\000\000\000\000\000\000\000\000\000\000\000\000\000\000\000\000\000\000\000\000\000""; }; "
1750527534757,1750527534757,860,1,1,0,TMLedgerData,"ledgerHash: ""[\000\302\314\326\214\276@c\240\272\222{\363\314\032\213\311\316\246/\330\302\014>\022\346\234\347\264\270\350""; ledgerSeq: 0; type: liTS_CANDIDATE; nodes {;   nodedata: ""\002i\361\030\371\256\265\036\320\273\013\357<\215/(\215[\231D\357Gd\372\270\316\261\301\342\327\225\241\000GZ\227\022t\201\240u\2324P\027\307M\337'Y\361[IAD\351\374!\232\005\337\376\252\251g\004\003"";   nodeid: ""\000\000\000\000\000\000\000\000\000\000\000\000\000\000\000\000\000\000\000\000\000\000\000\000\000\000\000\000\000\000\000\000\000""; }; ","ledgerHash: ""[\000\302\314\326\214\276@c\240\272\222{\363\314\032\213\311\316\246/\330\302\014>\022\346\234\347\264\270\350""; ledgerSeq: 0; type: liTS_CANDIDATE; nodes {;   nodedata: ""\002i\361\030\371\256\265\036\320\273\013\357<\215/(\215[\231D\357Gd\372\270\316\261\301\342\327\225\241\000GZ\227\022t\201\240u\2324P\027\307M\337'Y\361[IAD\351\374!\232\005\337\376\252\251g\004\003"";   nodeid: ""\000\000\000\000\000\000\000\000\000\000\000\000\000\000\000\000\000\000\000\000\000\000\000\000\000\000\000\000\000\000\000\000\000""; }; "
1750527534761,1750527534761,4000,1,2,3,TMGetLedger,"itype: liTS_CANDIDATE; ledgerHash: ""[\000\302\314\326\214\276@c\240\272\222{\363\314\032\213\311\316\246/\330\302\014>\022\346\234\347\264\270\350""; nodeIDs: ""\000\000\000\000\000\000\000\000\000\000\000\000\000\000\000\000\000\000\000\000\000\000\000\000\000\000\000\000\000\000\000\000\000""; requestCookie: 3; queryType: qtINDIRECT; queryDepth: 3; ","itype: liTS_CANDIDATE; ledgerHash: ""[\000\302\314\326\214\276@c\240\272\222{\363\314\032\213\311\316\246/\330\302\014>\022\346\234\347\264\270\350""; nodeIDs: ""\000\000\000\000\000\000\000\000\000\000\000\000\000\000\000\000\000\000\000\000\000\000\000\000\000\000\000\000\000\000\000\000\000""; requestCookie: 3; queryType: qtINDIRECT; queryDepth: 3; "
1750527534782,1750527534783,1813,1,3,1,TMLedgerData,"ledgerHash: ""[\000\302\314\326\214\276@c\240\272\222{\363\314\032\213\311\316\246/\330\302\014>\022\346\234\347\264\270\350""; ledgerSeq: 0; type: liTS_CANDIDATE; nodes {;   nodedata: ""\002i\361\030\371\256\265\036\320\273\013\357<\215/(\215[\231D\357Gd\372\270\316\261\301\342\327\225\241\000GZ\227\022t\201\240u\2324P\027\307M\337'Y\361[IAD\351\374!\232\005\337\376\252\251g\004\003"";   nodeid: ""\000\000\000\000\000\000\000\000\000\000\000\000\000\000\000\000\000\000\000\000\000\000\000\000\000\000\000\000\000\000\000\000\000""; }; ","ledgerHash: ""[\000\302\314\326\214\276@c\240\272\222{\363\314\032\213\311\316\246/\330\302\014>\022\346\234\347\264\270\350""; ledgerSeq: 0; type: liTS_CANDIDATE; nodes {;   nodedata: ""\002i\361\030\371\256\265\036\320\273\013\357<\215/(\215[\231D\357Gd\372\270\316\261\301\342\327\225\241\000GZ\227\022t\201\240u\2324P\027\307M\337'Y\361[IAD\351\374!\232\005\337\376\252\251g\004\003"";   nodeid: ""\000\000\000\000\000\000\000\000\000\000\000\000\000\000\000\000\000\000\000\000\000\000\000\000\000\000\000\000\000\000\000\000\000""; }; "
1750527534801,1750527534801,1968,1,1,2,TMLedgerData,"ledgerHash: ""[\000\302\314\326\214\276@c\240\272\222{\363\314\032\213\311\316\246/\330\302\014>\022\346\234\347\264\270\350""; ledgerSeq: 0; type: liTS_CANDIDATE; nodes {;   nodedata: ""\002i\361\030\371\256\265\036\320\273\013\357<\215/(\215[\231D\357Gd\372\270\316\261\301\342\327\225\241\000GZ\227\022t\201\240u\2324P\027\307M\337'Y\361[IAD\351\374!\232\005\337\376\252\251g\004\003"";   nodeid: ""\000\000\000\000\000\000\000\000\000\000\000\000\000\000\000\000\000\000\000\000\000\000\000\000\000\000\000\000\000\000\000\000\000""; }; ","ledgerHash: ""[\000\302\314\326\214\276@c\240\272\222{\363\314\032\213\311\316\246/\330\302\014>\022\346\234\347\264\270\350""; ledgerSeq: 0; type: liTS_CANDIDATE; nodes {;   nodedata: ""\002i\361\030\371\256\265\036\320\273\013\357<\215/(\215[\231D\357Gd\372\270\316\261\301\342\327\225\241\000GZ\227\022t\201\240u\2324P\027\307M\337'Y\361[IAD\351\374!\232\005\337\376\252\251g\004\003"";   nodeid: ""\000\000\000\000\000\000\000\000\000\000\000\000\000\000\000\000\000\000\000\000\000\000\000\000\000\000\000\000\000\000\000\000\000""; }; "
1750527534800,1750527534802,3304,1,1,2,TMTransaction,"rawTransaction: ""\022\000\000""\000\000\000\000$\000\000\000\005 \033\000\000\000\031a@\000\000\022\333\371\352\000h@\000\000\000\000\000\000\ns!\003K\250\201V\354\353\020.\253\242\026x\202\312\234\3314!'\021-D\001\225\355\256\367\361\211\2710ltF0D\002 9\312\273{!\334\315f\262\207h""M\334ieT\306\204<r\350)\356\340\326\356\337\355\371\201\257\002 2M\022\177y""\355\343\n\034\\246\024:\375\024\223\331[\216\234\345\010\v\300\313Bt\251\217,\201\024\3177\2633\3425H\2210g]\027\350~`\267{\247\373\332\203\024\237\311\327\222\336\304\221\216Q\027\001uf'%5\022:P\210""; status: tsCURRENT; receiveTimestamp: 803842734; deferred: false; ","rawTransaction: ""\022\000\000""\000\000\000\000$\000\000\000\005 \033\000\000\000\031a@\000\000\022\333\371\352\000h@\000\000\000\000\000\000\ns!\003K\250\201V\354\353\020.\253\242\026x\202\312\234\3314!'\021-D\001\225\355\256\367\361\211\2710ltF0D\002 9\312\273{!\334\315f\262\207h""M\334ieT\306\204<r\350)\356\340\326\356\337\355\371\201\257\002 2M\022\177y""\355\343\n\034\\246\024:\375\024\223\331[\216\234\345\010\v\300\313Bt\251\217,\201\024\3177\2633\3425H\2210g]\027\350~`\267{\247\373\332\203\024\237\311\327\222\336\304\221\216Q\027\001uf'%5\022:P\210""; status: tsCURRENT; receiveTimestamp: 803842734; deferred: false; "
1750527534804,1750527534804,1179,1,1,4,TMTransaction,"rawTransaction: ""\022\000\000""\000\000\000\000$\000\000\000\005 \033\000\000\000\031a@\000\000\022\333\371\352\000h@\000\000\000\000\000\000\ns!\003K\250\201V\354\353\020.\253\242\026x\202\312\234\3314!'\021-D\001\225\355\256\367\361\211\2710ltF0D\002 9\312\273{!\334\315f\262\207h""M\334ieT\306\204<r\350)\356\340\326\356\337\355\371\201\257\002 2M\022\177y""\355\343\n\034\\246\024:\375\024\223\331[\216\234\345\010\v\300\313Bt\251\217,\201\024\3177\2633\3425H\2210g]\027\350~`\267{\247\373\332\203\024\237\311\327\222\336\304\221\216Q\027\001uf'%5\022:P\210""; status: tsCURRENT; receiveTimestamp: 803842734; deferred: false; ","rawTransaction: ""\022\000\000""\000\000\000\000$\000\000\000\005 \033\000\000\000\031a@\000\000\022\333\371\352\000h@\000\000\000\000\000\000\ns!\003K\250\201V\354\353\020.\253\242\026x\202\312\234\3314!'\021-D\001\225\355\256\367\361\211\2710ltF0D\002 9\312\273{!\334\315f\262\207h""M\334ieT\306\204<r\350)\356\340\326\356\337\355\371\201\257\002 2M\022\177y""\355\343\n\034\\246\024:\375\024\223\331[\216\234\345\010\v\300\313Bt\251\217,\201\024\3177\2633\3425H\2210g]\027\350~`\267{\247\373\332\203\024\237\311\327\222\336\304\221\216Q\027\001uf'%5\022:P\210""; status: tsCURRENT; receiveTimestamp: 803842734; deferred: false; "
1750527534805,1750527534805,160,1,1,3,TMTransaction,"rawTransaction: ""\022\000\000""\000\000\000\000$\000\000\000\005 \033\000\000\000\031a@\000\000\022\333\371\352\000h@\000\000\000\000\000\000\ns!\003K\250\201V\354\353\020.\253\242\026x\202\312\234\3314!'\021-D\001\225\355\256\367\361\211\2710ltF0D\002 9\312\273{!\334\315f\262\207h""M\334ieT\306\204<r\350)\356\340\326\356\337\355\371\201\257\002 2M\022\177y""\355\343\n\034\\246\024:\375\024\223\331[\216\234\345\010\v\300\313Bt\251\217,\201\024\3177\2633\3425H\2210g]\027\350~`\267{\247\373\332\203\024\237\311\327\222\336\304\221\216Q\027\001uf'%5\022:P\210""; status: tsCURRENT; receiveTimestamp: 803842734; deferred: false; ","rawTransaction: ""\022\000\000""\000\000\000\000$\000\000\000\005 \033\000\000\000\031a@\000\000\022\333\371\352\000h@\000\000\000\000\000\000\ns!\003K\250\201V\354\353\020.\253\242\026x\202\312\234\3314!'\021-D\001\225\355\256\367\361\211\2710ltF0D\002 9\312\273{!\334\315f\262\207h""M\334ieT\306\204<r\350)\356\340\326\356\337\355\371\201\257\002 2M\022\177y""\355\343\n\034\\246\024:\375\024\223\331[\216\234\345\010\v\300\313Bt\251\217,\201\024\3177\2633\3425H\2210g]\027\350~`\267{\247\373\332\203\024\237\311\327\222\336\304\221\216Q\027\001uf'%5\022:P\210""; status: tsCURRENT; receiveTimestamp: 803842734; deferred: false; "
1750527534806,1750527534807,3108,1,1,0,TMTransaction,"rawTransaction: ""\022\000\000""\000\000\000\000$\000\000\000\005 \033\000\000\000\031a@\000\000\022\333\371\352\000h@\000\000\000\000\000\000\ns!\003K\250\201V\354\353\020.\253\242\026x\202\312\234\3314!'\021-D\001\225\355\256\367\361\211\2710ltF0D\002 9\312\273{!\334\315f\262\207h""M\334ieT\306\204<r\350)\356\340\326\356\337\355\371\201\257\002 2M\022\177y""\355\343\n\034\\246\024:\375\024\223\331[\216\234\345\010\v\300\313Bt\251\217,\201\024\3177\2633\3425H\2210g]\027\350~`\267{\247\373\332\203\024\237\311\327\222\336\304\221\216Q\027\001uf'%5\022:P\210""; status: tsCURRENT; receiveTimestamp: 803842734; deferred: false; ","rawTransaction: ""\022\000\000""\000\000\000\000$\000\000\000\005 \033\000\000\000\031a@\000\000\022\333\371\352\000h@\000\000\000\000\000\000\ns!\003K\250\201V\354\353\020.\253\242\026x\202\312\234\3314!'\021-D\001\225\355\256\367\361\211\2710ltF0D\002 9\312\273{!\334\315f\262\207h""M\334ieT\306\204<r\350)\356\340\326\356\337\355\371\201\257\002 2M\022\177y""\355\343\n\034\\246\024:\375\024\223\331[\216\234\345\010\v\300\313Bt\251\217,\201\024\3177\2633\3425H\2210g]\027\350~`\267{\247\373\332\203\024\237\311\327\222\336\304\221\216Q\027\001uf'%5\022:P\210""; status: tsCURRENT; receiveTimestamp: 803842734; deferred: false; "
1750527534577,1750527534807,3446,1,2,4,TMStatusChange,"newEvent: neCLOSING_LEDGER; ledgerSeq: 6; ledgerHash: ""\360\215\2502\265\245\310\226\243c\302Ze\306\253#r\020\211\320iG\276\020E\317\035Sf\223F\254""; ledgerHashPrevious: ""\331]\036\237\306o!\223\221\002\324\031\262\240R\177 ,\214\325\Q])\016\2067\277\t\354\010\000""; networkTime: 803842734; firstSeq: 1; lastSeq: 6; ","newEvent: neCLOSING_LEDGER; ledgerSeq: 6; ledgerHash: ""\360\215\2502\265\245\310\226\243c\302Ze\306\253#r\020\211\320iG\276\020E\317\035Sf\223F\254""; ledgerHashPrevious: ""\331]\036\237\306o!\223\221\002\324\031\262\240R\177 ,\214\325\Q])\016\2067\277\t\354\010\000""; networkTime: 803842734; firstSeq: 1; lastSeq: 6; "
1750527534577,1750527534808,679,1,2,0,TMStatusChange,"newEvent: neCLOSING_LEDGER; ledgerSeq: 6; ledgerHash: ""\360\215\2502\265\245\310\226\243c\302Ze\306\253#r\020\211\320iG\276\020E\317\035Sf\223F\254""; ledgerHashPrevious: ""\331]\036\237\306o!\223\221\002\324\031\262\240R\177 ,\214\325\Q])\016\2067\277\t\354\010\000""; networkTime: 803842734; firstSeq: 1; lastSeq: 6; ","newEvent: neCLOSING_LEDGER; ledgerSeq: 6; ledgerHash: ""\360\215\2502\265\245\310\226\243c\302Ze\306\253#r\020\211\320iG\276\020E\317\035Sf\223F\254""; ledgerHashPrevious: ""\331]\036\237\306o!\223\221\002\324\031\262\240R\177 ,\214\325\Q])\016\2067\277\t\354\010\000""; networkTime: 803842734; firstSeq: 1; lastSeq: 6; "
1750527534808,1750527534808,782,1,0,4,TMValidation,"validation: """"\200\000\000\001&\000\000\000\006)/\351\252\255:\r\302\353\023?\373\240rQ\360\215\2502\265\245\310\226\243c\302Ze\306\253#r\020\211\320iG\276\020E\317\035Sf\223F\254P\027\000\000\000\000\000\000\000\000\000\000\000\000\000\000\000\000\000\000\000\000\000\000\000\000\000\000\000\000\000\000\000\000P\031\331]\036\237\306o!\223\221\002\324\031\262\240R\177 ,\214\325\Q])\016\2067\277\t\354\010\000s!\003R7o\362bV\300hf\266\241;}\200^\374\240\203[:\342Q\225\221\027y\372\255\235\216\323~vF0D\002 <\016\027\217e\177\363\376\327\016\257?\264Q\347\203\241<4\257\333I\363\037#\352~zw\305:\346\002 Q|\251\350\022\221\276\251\310\363\375\357+\317\356\254\350\006\340F\241\232O\347\241\375c4\0312%\336""; ","validation: """"\200\000\000\001&\000\000\000\006)/\351\252\255:\r\302\353\023?\373\240rQ\360\215\2502\265\245\310\226\243c\302Ze\306\253#r\020\211\320iG\276\020E\317\035Sf\223F\254P\027\000\000\000\000\000\000\000\000\000\000\000\000\000\000\000\000\000\000\000\000\000\000\000\000\000\000\000\000\000\000\000\000P\031\331]\036\237\306o!\223\221\002\324\031\262\240R\177 ,\214\325\Q])\016\2067\277\t\354\010\000s!\003R7o\362bV\300hf\266\241;}\200^\374\240\203[:\342Q\225\221\027y\372\255\235\216\323~vF0D\002 <\016\027\217e\177\363\376\327\016\257?\264Q\347\203\241<4\257\333I\363\037#\352~zw\305:\346\002 Q|\251\350\022\221\276\251\310\363\375\357+\317\356\254\350\006\340F\241\232O\347\241\375c4\0312%\336""; "
1750527534578,1750527534808,593,1,2,3,TMStatusChange,"newEvent: neCLOSING_LEDGER; ledgerSeq: 6; ledgerHash: ""\360\215\2502\265\245\310\226\243c\302Ze\306\253#r\020\211\320iG\276\020E\317\035Sf\223F\254""; ledgerHashPrevious: ""\331]\036\237\306o!\223\221\002\324\031\262\240R\177 ,\214\325\Q])\016\2067\277\t\354\010\000""; networkTime: 803842734; firstSeq: 1; lastSeq: 6; ","newEvent: neCLOSING_LEDGER; ledgerSeq: 6; ledgerHash: ""\360\215\2502\265\245\310\226\243c\302Ze\306\253#r\020\211\320iG\276\020E\317\035Sf\223F\254""; ledgerHashPrevious: ""\331]\036\237\306o!\223\221\002\324\031\262\240R\177 ,\214\325\Q])\016\2067\277\t\354\010\000""; networkTime: 803842734; firstSeq: 1; lastSeq: 6; "
1750527534579,1750527534809,1536,1,2,1,TMStatusChange,"newEvent: neCLOSING_LEDGER; ledgerSeq: 6; ledgerHash: ""\360\215\2502\265\245\310\226\243c\302Ze\306\253#r\020\211\320iG\276\020E\317\035Sf\223F\254""; ledgerHashPrevious: ""\331]\036\237\306o!\223\221\002\324\031\262\240R\177 ,\214\325\Q])\016\2067\277\t\354\010\000""; networkTime: 803842734; firstSeq: 1; lastSeq: 6; ","newEvent: neCLOSING_LEDGER; ledgerSeq: 6; ledgerHash: ""\360\215\2502\265\245\310\226\243c\302Ze\306\253#r\020\211\320iG\276\020E\317\035Sf\223F\254""; ledgerHashPrevious: ""\331]\036\237\306o!\223\221\002\324\031\262\240R\177 ,\214\325\Q])\016\2067\277\t\354\010\000""; networkTime: 803842734; firstSeq: 1; lastSeq: 6; "
1750527534652,1750527534809,1961,1,1,4,TMStatusChange,"newEvent: neACCEPTED_LEDGER; ledgerSeq: 6; ledgerHash: ""\360\215\2502\265\245\310\226\243c\302Ze\306\253#r\020\211\320iG\276\020E\317\035Sf\223F\254""; ledgerHashPrevious: ""\331]\036\237\306o!\223\221\002\324\031\262\240R\177 ,\214\325\Q])\016\2067\277\t\354\010\000""; networkTime: 803842734; firstSeq: 1; lastSeq: 5; ","newEvent: neACCEPTED_LEDGER; ledgerSeq: 6; ledgerHash: ""\360\215\2502\265\245\310\226\243c\302Ze\306\253#r\020\211\320iG\276\020E\317\035Sf\223F\254""; ledgerHashPrevious: ""\331]\036\237\306o!\223\221\002\324\031\262\240R\177 ,\214\325\Q])\016\2067\277\t\354\010\000""; networkTime: 803842734; firstSeq: 1; lastSeq: 5; "
1750527534664,1750527534809,798,1,1,2,TMStatusChange,"newEvent: neACCEPTED_LEDGER; ledgerSeq: 6; ledgerHash: ""\360\215\2502\265\245\310\226\243c\302Ze\306\253#r\020\211\320iG\276\020E\317\035Sf\223F\254""; ledgerHashPrevious: ""\331]\036\237\306o!\223\221\002\324\031\262\240R\177 ,\214\325\Q])\016\2067\277\t\354\010\000""; networkTime: 803842734; firstSeq: 1; lastSeq: 5; ","newEvent: neACCEPTED_LEDGER; ledgerSeq: 6; ledgerHash: ""\360\215\2502\265\245\310\226\243c\302Ze\306\253#r\020\211\320iG\276\020E\317\035Sf\223F\254""; ledgerHashPrevious: ""\331]\036\237\306o!\223\221\002\324\031\262\240R\177 ,\214\325\Q])\016\2067\277\t\354\010\000""; networkTime: 803842734; firstSeq: 1; lastSeq: 5; "
1750527534664,1750527534809,3322,1,1,3,TMStatusChange,"newEvent: neACCEPTED_LEDGER; ledgerSeq: 6; ledgerHash: ""\360\215\2502\265\245\310\226\243c\302Ze\306\253#r\020\211\320iG\276\020E\317\035Sf\223F\254""; ledgerHashPrevious: ""\331]\036\237\306o!\223\221\002\324\031\262\240R\177 ,\214\325\Q])\016\2067\277\t\354\010\000""; networkTime: 803842734; firstSeq: 1; lastSeq: 5; ","newEvent: neACCEPTED_LEDGER; ledgerSeq: 6; ledgerHash: ""\360\215\2502\265\245\310\226\243c\302Ze\306\253#r\020\211\320iG\276\020E\317\035Sf\223F\254""; ledgerHashPrevious: ""\331]\036\237\306o!\223\221\002\324\031\262\240R\177 ,\214\325\Q])\016\2067\277\t\354\010\000""; networkTime: 803842734; firstSeq: 1; lastSeq: 5; "
1750527534809,1750527534810,3422,1,0,3,TMValidation,"validation: """"\200\000\000\001&\000\000\000\006)/\351\252\255:\r\302\353\023?\373\240rQ\360\215\2502\265\245\310\226\243c\302Ze\306\253#r\020\211\320iG\276\020E\317\035Sf\223F\254P\027\000\000\000\000\000\000\000\000\000\000\000\000\000\000\000\000\000\000\000\000\000\000\000\000\000\000\000\000\000\000\000\000P\031\331]\036\237\306o!\223\221\002\324\031\262\240R\177 ,\214\325\Q])\016\2067\277\t\354\010\000s!\003R7o\362bV\300hf\266\241;}\200^\374\240\203[:\342Q\225\221\027y\372\255\235\216\323~vF0D\002 <\016\027\217e\177\363\376\327\016\257?\264Q\347\203\241<4\257\333I\363\037#\352~zw\305:\346\002 Q|\251\350\022\221\276\251\310\363\375\357+\317\356\254\350\006\340F\241\232O\347\241\375c4\0312%\336""; ","validation: """"\200\000\000\001&\000\000\000\006)/\351\252\255:\r\302\353\023?\373\240rQ\360\215\2502\265\245\310\226\243c\302Ze\306\253#r\020\211\320iG\276\020E\317\035Sf\223F\254P\027\000\000\000\000\000\000\000\000\000\000\000\000\000\000\000\000\000\000\000\000\000\000\000\000\000\000\000\000\000\000\000\000P\031\331]\036\237\306o!\223\221\002\324\031\262\240R\177 ,\214\325\Q])\016\2067\277\t\354\010\000s!\003R7o\362bV\300hf\266\241;}\200^\374\240\203[:\342Q\225\221\027y\372\255\235\216\323~vF0D\002 <\016\027\217e\177\363\376\327\016\257?\264Q\347\203\241<4\257\333I\363\037#\352~zw\305:\346\002 Q|\251\350\022\221\276\251\310\363\375\357+\317\356\254\350\006\340F\241\232O\347\241\375c4\0312%\336""; "
1750527534666,1750527534810,3625,1,1,0,TMStatusChange,"newEvent: neACCEPTED_LEDGER; ledgerSeq: 6; ledgerHash: ""\360\215\2502\265\245\310\226\243c\302Ze\306\253#r\020\211\320iG\276\020E\317\035Sf\223F\254""; ledgerHashPrevious: ""\331]\036\237\306o!\223\221\002\324\031\262\240R\177 ,\214\325\Q])\016\2067\277\t\354\010\000""; networkTime: 803842734; firstSeq: 1; lastSeq: 5; ","newEvent: neACCEPTED_LEDGER; ledgerSeq: 6; ledgerHash: ""\360\215\2502\265\245\310\226\243c\302Ze\306\253#r\020\211\320iG\276\020E\317\035Sf\223F\254""; ledgerHashPrevious: ""\331]\036\237\306o!\223\221\002\324\031\262\240R\177 ,\214\325\Q])\016\2067\277\t\354\010\000""; networkTime: 803842734; firstSeq: 1; lastSeq: 5; "
1750527534811,1750527534811,2261,1,0,1,TMValidation,"validation: """"\200\000\000\001&\000\000\000\006)/\351\252\255:\r\302\353\023?\373\240rQ\360\215\2502\265\245\310\226\243c\302Ze\306\253#r\020\211\320iG\276\020E\317\035Sf\223F\254P\027\000\000\000\000\000\000\000\000\000\000\000\000\000\000\000\000\000\000\000\000\000\000\000\000\000\000\000\000\000\000\000\000P\031\331]\036\237\306o!\223\221\002\324\031\262\240R\177 ,\214\325\Q])\016\2067\277\t\354\010\000s!\003R7o\362bV\300hf\266\241;}\200^\374\240\203[:\342Q\225\221\027y\372\255\235\216\323~vF0D\002 <\016\027\217e\177\363\376\327\016\257?\264Q\347\203\241<4\257\333I\363\037#\352~zw\305:\346\002 Q|\251\350\022\221\276\251\310\363\375\357+\317\356\254\350\006\340F\241\232O\347\241\375c4\0312%\336""; ","validation: """"\200\000\000\001&\000\000\000\006)/\351\252\255:\r\302\353\023?\373\240rQ\360\215\2502\265\245\310\226\243c\302Ze\306\253#r\020\211\320iG\276\020E\317\035Sf\223F\254P\027\000\000\000\000\000\000\000\000\000\000\000\000\000\000\000\000\000\000\000\000\000\000\000\000\000\000\000\000\000\000\000\000P\031\331]\036\237\306o!\223\221\002\324\031\262\240R\177 ,\214\325\Q])\016\2067\277\t\354\010\000s!\003R7o\362bV\300hf\266\241;}\200^\374\240\203[:\342Q\225\221\027y\372\255\235\216\323~vF0D\002 <\016\027\217e\177\363\376\327\016\257?\264Q\347\203\241<4\257\333I\363\037#\352~zw\305:\346\002 Q|\251\350\022\221\276\251\310\363\375\357+\317\356\254\350\006\340F\241\232O\347\241\375c4\0312%\336""; "
1750527534817,1750527534817,3620,1,4,3,TMValidation,"validation: """"\200\000\000\001&\000\000\000\006)/\351\252\255:g\237X\336\3531\020\010Q\360\215\2502\265\245\310\226\243c\302Ze\306\253#r\020\211\320iG\276\020E\317\035Sf\223F\254P\027\000\000\000\000\000\000\000\000\000\000\000\000\000\000\000\000\000\000\000\000\000\000\000\000\000\000\000\000\000\000\000\000P\031\331]\036\237\306o!\223\221\002\324\031\262\240R\177 ,\214\325\Q])\016\2067\277\t\354\010\000s!\003\255\225A\213\332\224ehh\024BDq\224\250\335`\355\353{\357\266\335<\021\032\265\177\206\356&\215vF0D\002 \\357\362#\371\010\365b(\356\250Y\256E\265\217\334\237,\243\301\0069+\005\357u\324\311D\203\246\002 \027\326D\261}ZyeO\000\347\313P,pa\300\000\034\220ev\264]\233\001\344\037O\315f\002""; ","validation: """"\200\000\000\001&\000\000\000\006)/\351\252\255:g\237X\336\3531\020\010Q\360\215\2502\265\245\310\226\243c\302Ze\306\253#r\020\211\320iG\276\020E\317\035Sf\223F\254P\027\000\000\000\000\000\000\000\000\000\000\000\000\000\000\000\000\000\000\000\000\000\000\000\000\000\000\000\000\000\000\000\000P\031\331]\036\237\306o!\223\221\002\324\031\262\240R\177 ,\214\325\Q])\016\2067\277\t\354\010\000s!\003\255\225A\213\332\224ehh\024BDq\224\250\335`\355\353{\357\266\335<\021\032\265\177\206\356&\215vF0D\002 \\357\362#\371\010\365b(\356\250Y\256E\265\217\334\237,\243\301\0069+\005\357u\324\311D\203\246\002 \027\326D\261}ZyeO\000\347\313P,pa\300\000\034\220ev\264]\233\001\344\037O\315f\002""; "
1750527534818,1750527534818,3803,1,4,1,TMValidation,"validation: """"\200\000\000\001&\000\000\000\006)/\351\252\255:g\237X\336\3531\020\010Q\360\215\2502\265\245\310\226\243c\302Ze\306\253#r\020\211\320iG\276\020E\317\035Sf\223F\254P\027\000\000\000\000\000\000\000\000\000\000\000\000\000\000\000\000\000\000\000\000\000\000\000\000\000\000\000\000\000\000\000\000P\031\331]\036\237\306o!\223\221\002\324\031\262\240R\177 ,\214\325\Q])\016\2067\277\t\354\010\000s!\003\255\225A\213\332\224ehh\024BDq\224\250\335`\355\353{\357\266\335<\021\032\265\177\206\356&\215vF0D\002 \\357\362#\371\010\365b(\356\250Y\256E\265\217\334\237,\243\301\0069+\005\357u\324\311D\203\246\002 \027\326D\261}ZyeO\000\347\313P,pa\300\000\034\220ev\264]\233\001\344\037O\315f\002""; ","validation: """"\200\000\000\001&\000\000\000\006)/\351\252\255:g\237X\336\3531\020\010Q\360\215\2502\265\245\310\226\243c\302Ze\306\253#r\020\211\320iG\276\020E\317\035Sf\223F\254P\027\000\000\000\000\000\000\000\000\000\000\000\000\000\000\000\000\000\000\000\000\000\000\000\000\000\000\000\000\000\000\000\000P\031\331]\036\237\306o!\223\221\002\324\031\262\240R\177 ,\214\325\Q])\016\2067\277\t\354\010\000s!\003\255\225A\213\332\224ehh\024BDq\224\250\335`\355\353{\357\266\335<\021\032\265\177\206\356&\215vF0D\002 \\357\362#\371\010\365b(\356\250Y\256E\265\217\334\237,\243\301\0069+\005\357u\324\311D\203\246\002 \027\326D\261}ZyeO\000\347\313P,pa\300\000\034\220ev\264]\233\001\344\037O\315f\002""; "
1750527534818,1750527534818,783,1,4,2,TMValidation,"validation: """"\200\000\000\001&\000\000\000\006)/\351\252\255:g\237X\336\3531\020\010Q\360\215\2502\265\245\310\226\243c\302Ze\306\253#r\020\211\320iG\276\020E\317\035Sf\223F\254P\027\000\000\000\000\000\000\000\000\000\000\000\000\000\000\000\000\000\000\000\000\000\000\000\000\000\000\000\000\000\000\000\000P\031\331]\036\237\306o!\223\221\002\324\031\262\240R\177 ,\214\325\Q])\016\2067\277\t\354\010\000s!\003\255\225A\213\332\224ehh\024BDq\224\250\335`\355\353{\357\266\335<\021\032\265\177\206\356&\215vF0D\002 \\357\362#\371\010\365b(\356\250Y\256E\265\217\334\237,\243\301\0069+\005\357u\324\311D\203\246\002 \027\326D\261}ZyeO\000\347\313P,pa\300\000\034\220ev\264]\233\001\344\037O\315f\002""; ","validation: """"\200\000\000\001&\000\000\000\006)/\351\252\255:g\237X\336\3531\020\010Q\360\215\2502\265\245\310\226\243c\302Ze\306\253#r\020\211\320iG\276\020E\317\035Sf\223F\254P\027\000\000\000\000\000\000\000\000\000\000\000\000\000\000\000\000\000\000\000\000\000\000\000\000\000\000\000\000\000\000\000\000P\031\331]\036\237\306o!\223\221\002\324\031\262\240R\177 ,\214\325\Q])\016\2067\277\t\354\010\000s!\003\255\225A\213\332\224ehh\024BDq\224\250\335`\355\353{\357\266\335<\021\032\265\177\206\356&\215vF0D\002 \\357\362#\371\010\365b(\356\250Y\256E\265\217\334\237,\243\301\0069+\005\357u\324\311D\203\246\002 \027\326D\261}ZyeO\000\347\313P,pa\300\000\034\220ev\264]\233\001\344\037O\315f\002""; "
1750527534821,1750527534821,1144,1,4,1,TMLedgerData,"ledgerHash: ""[\000\302\314\326\214\276@c\240\272\222{\363\314\032\213\311\316\246/\330\302\014>\022\346\234\347\264\270\350""; ledgerSeq: 0; type: liTS_CANDIDATE; nodes {;   nodedata: ""\002i\361\030\371\256\265\036\320\273\013\357<\215/(\215[\231D\357Gd\372\270\316\261\301\342\327\225\241\000GZ\227\022t\201\240u\2324P\027\307M\337'Y\361[IAD\351\374!\232\005\337\376\252\251g\004\003"";   nodeid: ""\000\000\000\000\000\000\000\000\000\000\000\000\000\000\000\000\000\000\000\000\000\000\000\000\000\000\000\000\000\000\000\000\000""; }; requestCookie: 4; ","ledgerHash: ""[\000\302\314\326\214\276@c\240\272\222{\363\314\032\213\311\316\246/\330\302\014>\022\346\234\347\264\270\350""; ledgerSeq: 0; type: liTS_CANDIDATE; nodes {;   nodedata: ""\002i\361\030\371\256\265\036\320\273\013\357<\215/(\215[\231D\357Gd\372\270\316\261\301\342\327\225\241\000GZ\227\022t\201\240u\2324P\027\307M\337'Y\361[IAD\351\374!\232\005\337\376\252\251g\004\003"";   nodeid: ""\000\000\000\000\000\000\000\000\000\000\000\000\000\000\000\000\000\000\000\000\000\000\000\000\000\000\000\000\000\000\000\000\000""; }; requestCookie: 4; "
1750527534824,1750527534824,1144,1,4,1,TMLedgerData,"ledgerHash: ""[\000\302\314\326\214\276@c\240\272\222{\363\314\032\213\311\316\246/\330\302\014>\022\346\234\347\264\270\350""; ledgerSeq: 0; type: liTS_CANDIDATE; nodes {;   nodedata: ""\002i\361\030\371\256\265\036\320\273\013\357<\215/(\215[\231D\357Gd\372\270\316\261\301\342\327\225\241\000GZ\227\022t\201\240u\2324P\027\307M\337'Y\361[IAD\351\374!\232\005\337\376\252\251g\004\003"";   nodeid: ""\000\000\000\000\000\000\000\000\000\000\000\000\000\000\000\000\000\000\000\000\000\000\000\000\000\000\000\000\000\000\000\000\000""; }; ","ledgerHash: ""[\000\302\314\326\214\276@c\240\272\222{\363\314\032\213\311\316\246/\330\302\014>\022\346\234\347\264\270\350""; ledgerSeq: 0; type: liTS_CANDIDATE; nodes {;   nodedata: ""\002i\361\030\371\256\265\036\320\273\013\357<\215/(\215[\231D\357Gd\372\270\316\261\301\342\327\225\241\000GZ\227\022t\201\240u\2324P\027\307M\337'Y\361[IAD\351\374!\232\005\337\376\252\251g\004\003"";   nodeid: ""\000\000\000\000\000\000\000\000\000\000\000\000\000\000\000\000\000\000\000\000\000\000\000\000\000\000\000\000\000\000\000\000\000""; }; "
1750527534826,1750527534826,3578,1,1,3,TMLedgerData,"ledgerHash: ""\310\200l\322\255\214\342'\243\202\375k%_\335\032N\021G\005\230\271\366~%e\366\202l^\rR""; ledgerSeq: 0; type: liTS_CANDIDATE; nodes {;   nodedata: ""GZ\227\022t\201\240u\2324P\027\307M\337'Y\361[IAD\351\374!\232\005\337\376\252\251g\004\003"";   nodeid: ""\000\000\000\000\000\000\000\000\000\000\000\000\000\000\000\000\000\000\000\000\000\000\000\000\000\000\000\000\000\000\000\000\000""; }; ","ledgerHash: ""\310\200l\322\255\214\342'\243\202\375k%_\335\032N\021G\005\230\271\366~%e\366\202l^\rR""; ledgerSeq: 0; type: liTS_CANDIDATE; nodes {;   nodedata: ""GZ\227\022t\201\240u\2324P\027\307M\337'Y\361[IAD\351\374!\232\005\337\376\252\251g\004\003"";   nodeid: ""\000\000\000\000\000\000\000\000\000\000\000\000\000\000\000\000\000\000\000\000\000\000\000\000\000\000\000\000\000\000\000\000\000""; }; "
1750527534829,1750527534830,605,1,3,2,TMTransaction,"rawTransaction: ""\022\000\000""\000\000\000\000$\000\000\000\005 \033\000\000\000\032a@\000\000\023S/~\000h@\000\000\000\000\000\000\ns!\003K\250\201V\354\353\020.\253\242\026x\202\312\234\3314!'\021-D\001\225\355\256\367\361\211\2710ltF0D\002 \034\347n\276,\014\034\014\216\3362\020\300A\022\234@\257j\263\362\3726r\303\260\tx\027-6\261\002 Pk?<\332\275\247\267E\234\270\035\306\367\2318t\243_\266\366\311\006|\316\223A\211\243\266\226\341\201\024\3177\2633\3425H\2210g]\027\350~`\267{\247\373\332\203\024\272\177ez`?~\240\022\321\013D\240\325V\364\241\375\n@""; status: tsCURRENT; receiveTimestamp: 803842734; deferred: false; ","rawTransaction: ""\022\000\000""\000\000\000\000$\000\000\000\005 \033\000\000\000\032a@\000\000\023S/~\000h@\000\000\000\000\000\000\ns!\003K\250\201V\354\353\020.\253\242\026x\202\312\234\3314!'\021-D\001\225\355\256\367\361\211\2710ltF0D\002 \034\347n\276,\014\034\014\216\3362\020\300A\022\234@\257j\263\362\3726r\303\260\tx\027-6\261\002 Pk?<\332\275\247\267E\234\270\035\306\367\2318t\243_\266\366\311\006|\316\223A\211\243\266\226\341\201\024\3177\2633\3425H\2210g]\027\350~`\267{\247\373\332\203\024\272\177ez`?~\240\022\321\013D\240\325V\364\241\375\n@""; status: tsCURRENT; receiveTimestamp: 803842734; deferred: false; "
1750527534831,1750527534832,224,1,3,4,TMTransaction,"rawTransaction: ""\022\000\000""\000\000\000\000$\000\000\000\005 \033\000\000\000\032a@\000\000\023S/~\000h@\000\000\000\000\000\000\ns!\003K\250\201V\354\353\020.\253\242\026x\202\312\234\3314!'\021-D\001\225\355\256\367\361\211\2710ltF0D\002 \034\347n\276,\014\034\014\216\3362\020\300A\022\234@\257j\263\362\3726r\303\260\tx\027-6\261\002 Pk?<\332\275\247\267E\234\270\035\306\367\2318t\243_\266\366\311\006|\316\223A\211\243\266\226\341\201\024\3177\2633\3425H\2210g]\027\350~`\267{\247\373\332\203\024\272\177ez`?~\240\022\321\013D\240\325V\364\241\375\n@""; status: tsCURRENT; receiveTimestamp: 803842734; deferred: false; ","rawTransaction: ""\022\000\000""\000\000\000\000$\000\000\000\005 \033\000\000\000\032a@\000\000\023S/~\000h@\000\000\000\000\000\000\ns!\003K\250\201V\354\353\020.\253\242\026x\202\312\234\3314!'\021-D\001\225\355\256\367\361\211\2710ltF0D\002 \034\347n\276,\014\034\014\216\3362\020\300A\022\234@\257j\263\362\3726r\303\260\tx\027-6\261\002 Pk?<\332\275\247\267E\234\270\035\306\367\2318t\243_\266\366\311\006|\316\223A\211\243\266\226\341\201\024\3177\2633\3425H\2210g]\027\350~`\267{\247\373\332\203\024\272\177ez`?~\240\022\321\013D\240\325V\364\241\375\n@""; status: tsCURRENT; receiveTimestamp: 803842734; deferred: false; "
1750527534832,1750527534834,2785,1,3,0,TMTransaction,"rawTransaction: ""\022\000\000""\000\000\000\000$\000\000\000\005 \033\000\000\000\032a@\000\000\023S/~\000h@\000\000\000\000\000\000\ns!\003K\250\201V\354\353\020.\253\242\026x\202\312\234\3314!'\021-D\001\225\355\256\367\361\211\2710ltF0D\002 \034\347n\276,\014\034\014\216\3362\020\300A\022\234@\257j\263\362\3726r\303\260\tx\027-6\261\002 Pk?<\332\275\247\267E\234\270\035\306\367\2318t\243_\266\366\311\006|\316\223A\211\243\266\226\341\201\024\3177\2633\3425H\2210g]\027\350~`\267{\247\373\332\203\024\272\177ez`?~\240\022\321\013D\240\325V\364\241\375\n@""; status: tsCURRENT; receiveTimestamp: 803842734; deferred: false; ","rawTransaction: ""\022\000\000""\000\000\000\000$\000\000\000\005 \033\000\000\000\032a@\000\000\023S/~\000h@\000\000\000\000\000\000\ns!\003K\250\201V\354\353\020.\253\242\026x\202\312\234\3314!'\021-D\001\225\355\256\367\361\211\2710ltF0D\002 \034\347n\276,\014\034\014\216\3362\020\300A\022\234@\257j\263\362\3726r\303\260\tx\027-6\261\002 Pk?<\332\275\247\267E\234\270\035\306\367\2318t\243_\266\366\311\006|\316\223A\211\243\266\226\341\201\024\3177\2633\3425H\2210g]\027\350~`\267{\247\373\332\203\024\272\177ez`?~\240\022\321\013D\240\325V\364\241\375\n@""; status: tsCURRENT; receiveTimestamp: 803842734; deferred: false; "
1750527534833,1750527534835,2135,1,3,1,TMTransaction,"rawTransaction: ""\022\000\000""\000\000\000\000$\000\000\000\005 \033\000\000\000\032a@\000\000\023S/~\000h@\000\000\000\000\000\000\ns!\003K\250\201V\354\353\020.\253\242\026x\202\312\234\3314!'\021-D\001\225\355\256\367\361\211\2710ltF0D\002 \034\347n\276,\014\034\014\216\3362\020\300A\022\234@\257j\263\362\3726r\303\260\tx\027-6\261\002 Pk?<\332\275\247\267E\234\270\035\306\367\2318t\243_\266\366\311\006|\316\223A\211\243\266\226\341\201\024\3177\2633\3425H\2210g]\027\350~`\267{\247\373\332\203\024\272\177ez`?~\240\022\321\013D\240\325V\364\241\375\n@""; status: tsCURRENT; receiveTimestamp: 803842734; deferred: false; ","rawTransaction: ""\022\000\000""\000\000\000\000$\000\000\000\005 \033\000\000\000\032a@\000\000\023S/~\000h@\000\000\000\000\000\000\ns!\003K\250\201V\354\353\020.\253\242\026x\202\312\234\3314!'\021-D\001\225\355\256\367\361\211\2710ltF0D\002 \034\347n\276,\014\034\014\216\3362\020\300A\022\234@\257j\263\362\3726r\303\260\tx\027-6\261\002 Pk?<\332\275\247\267E\234\270\035\306\367\2318t\243_\266\366\311\006|\316\223A\211\243\266\226\341\201\024\3177\2633\3425H\2210g]\027\350~`\267{\247\373\332\203\024\272\177ez`?~\240\022\321\013D\240\325V\364\241\375\n@""; status: tsCURRENT; receiveTimestamp: 803842734; deferred: false; "
1750527534837,1750527534838,902,1,2,4,TMTransaction,"rawTransaction: ""\022\000\000""\000\000\000\000$\000\000\000\005 \033\000\000\000\032a@\000\000\023\027\224\264\000h@\000\000\000\000\000\000\ns!\003K\250\201V\354\353\020.\253\242\026x\202\312\234\3314!'\021-D\001\225\355\256\367\361\211\2710ltG0E\002!\000\253\023\261\326\003\016s\024\220\252]\273\017=\000\354\205\2459,\3274\206\277X\342\003{v\261\332\000\002 \0013\020[\226\303\253c\346X\2329\215\247\003\020\@f3T\305\332\301.\321\320\036 4\301\374\201\024\3177\2633\3425H\2210g]\027\350~`\267{\247\373\332\203\024\237\311\327\222\336\304\221\216Q\027\001uf'%5\022:P\210""; status: tsCURRENT; receiveTimestamp: 803842734; deferred: false; ","rawTransaction: ""\022\000\000""\000\000\000\000$\000\000\000\005 \033\000\000\000\032a@\000\000\023\027\224\264\000h@\000\000\000\000\000\000\ns!\003K\250\201V\354\353\020.\253\242\026x\202\312\234\3314!'\021-D\001\225\355\256\367\361\211\2710ltG0E\002!\000\253\023\261\326\003\016s\024\220\252]\273\017=\000\354\205\2459,\3274\206\277X\342\003{v\261\332\000\002 \0013\020[\226\303\253c\346X\2329\215\247\003\020\@f3T\305\332\301.\321\320\036 4\301\374\201\024\3177\2633\3425H\2210g]\027\350~`\267{\247\373\332\203\024\237\311\327\222\336\304\221\216Q\027\001uf'%5\022:P\210""; status: tsCURRENT; receiveTimestamp: 803842734; deferred: false; "
1750527534837,1750527534839,2248,1,2,0,TMTransaction,"rawTransaction: ""\022\000\000""\000\000\000\000$\000\000\000\005 \033\000\000\000\032a@\000\000\023\027\224\264\000h@\000\000\000\000\000\000\ns!\003K\250\201V\354\353\020.\253\242\026x\202\312\234\3314!'\021-D\001\225\355\256\367\361\211\2710ltG0E\002!\000\253\023\261\326\003\016s\024\220\252]\273\017=\000\354\205\2459,\3274\206\277X\342\003{v\261\332\000\002 \0013\020[\226\303\253c\346X\2329\215\247\003\020\@f3T\305\332\301.\321\320\036 4\301\374\201\024\3177\2633\3425H\2210g]\027\350~`\267{\247\373\332\203\024\237\311\327\222\336\304\221\216Q\027\001uf'%5\022:P\210""; status: tsCURRENT; receiveTimestamp: 803842734; deferred: false; ","rawTransaction: ""\022\000\000""\000\000\000\000$\000\000\000\005 \033\000\000\000\032a@\000\000\023\027\224\264\000h@\000\000\000\000\000\000\ns!\003K\250\201V\354\353\020.\253\242\026x\202\312\234\3314!'\021-D\001\225\355\256\367\361\211\2710ltG0E\002!\000\253\023\261\326\003\016s\024\220\252]\273\017=\000\354\205\2459,\3274\206\277X\342\003{v\261\332\000\002 \0013\020[\226\303\253c\346X\2329\215\247\003\020\@f3T\305\332\301.\321\320\036 4\301\374\201\024\3177\2633\3425H\2210g]\027\350~`\267{\247\373\332\203\024\237\311\327\222\336\304\221\216Q\027\001uf'%5\022:P\210""; status: tsCURRENT; receiveTimestamp: 803842734; deferred: false; "
1750527534837,1750527534840,3718,1,2,3,TMTransaction,"rawTransaction: ""\022\000\000""\000\000\000\000$\000\000\000\005 \033\000\000\000\032a@\000\000\023\027\224\264\000h@\000\000\000\000\000\000\ns!\003K\250\201V\354\353\020.\253\242\026x\202\312\234\3314!'\021-D\001\225\355\256\367\361\211\2710ltG0E\002!\000\253\023\261\326\003\016s\024\220\252]\273\017=\000\354\205\2459,\3274\206\277X\342\003{v\261\332\000\002 \0013\020[\226\303\253c\346X\2329\215\247\003\020\@f3T\305\332\301.\321\320\036 4\301\374\201\024\3177\2633\3425H\2210g]\027\350~`\267{\247\373\332\203\024\237\311\327\222\336\304\221\216Q\027\001uf'%5\022:P\210""; status: tsCURRENT; receiveTimestamp: 803842734; deferred: false; ","rawTransaction: ""\022\000\000""\000\000\000\000$\000\000\000\005 \033\000\000\000\032a@\000\000\023\027\224\264\000h@\000\000\000\000\000\000\ns!\003K\250\201V\354\353\020.\253\242\026x\202\312\234\3314!'\021-D\001\225\355\256\367\361\211\2710ltG0E\002!\000\253\023\261\326\003\016s\024\220\252]\273\017=\000\354\205\2459,\3274\206\277X\342\003{v\261\332\000\002 \0013\020[\226\303\253c\346X\2329\215\247\003\020\@f3T\305\332\301.\321\320\036 4\301\374\201\024\3177\2633\3425H\2210g]\027\350~`\267{\247\373\332\203\024\237\311\327\222\336\304\221\216Q\027\001uf'%5\022:P\210""; status: tsCURRENT; receiveTimestamp: 803842734; deferred: false; "
1750527534838,1750527534841,69,1,2,1,TMTransaction,"rawTransaction: ""\022\000\000""\000\000\000\000$\000\000\000\005 \033\000\000\000\032a@\000\000\023\027\224\264\000h@\000\000\000\000\000\000\ns!\003K\250\201V\354\353\020.\253\242\026x\202\312\234\3314!'\021-D\001\225\355\256\367\361\211\2710ltG0E\002!\000\253\023\261\326\003\016s\024\220\252]\273\017=\000\354\205\2459,\3274\206\277X\342\003{v\261\332\000\002 \0013\020[\226\303\253c\346X\2329\215\247\003\020\@f3T\305\332\301.\321\320\036 4\301\374\201\024\3177\2633\3425H\2210g]\027\350~`\267{\247\373\332\203\024\237\311\327\222\336\304\221\216Q\027\001uf'%5\022:P\210""; status: tsCURRENT; receiveTimestamp: 803842734; deferred: false; ","rawTransaction: ""\022\000\000""\000\000\000\000$\000\000\000\005 \033\000\000\000\032a@\000\000\023\027\224\264\000h@\000\000\000\000\000\000\ns!\003K\250\201V\354\353\020.\253\242\026x\202\312\234\3314!'\021-D\001\225\355\256\367\361\211\2710ltG0E\002!\000\253\023\261\326\003\016s\024\220\252]\273\017=\000\354\205\2459,\3274\206\277X\342\003{v\261\332\000\002 \0013\020[\226\303\253c\346X\2329\215\247\003\020\@f3T\305\332\301.\321\320\036 4\301\374\201\024\3177\2633\3425H\2210g]\027\350~`\267{\247\373\332\203\024\237\311\327\222\336\304\221\216Q\027\001uf'%5\022:P\210""; status: tsCURRENT; receiveTimestamp: 803842734; deferred: false; "
1750527534841,1750527534841,1665,1,2,3,TMLedgerData,"ledgerHash: ""\310\200l\322\255\214\342'\243\202\375k%_\335\032N\021G\005\230\271\366~%e\366\202l^\rR""; ledgerSeq: 0; type: liTS_CANDIDATE; nodes {;   nodedata: ""GZ\227\022t\201\240u\2324P\027\307M\337'Y\361[IAD\351\374!\232\005\337\376\252\251g\004\003"";   nodeid: ""\000\000\000\000\000\000\000\000\000\000\000\000\000\000\000\000\000\000\000\000\000\000\000\000\000\000\000\000\000\000\000\000\000""; }; ","ledgerHash: ""\310\200l\322\255\214\342'\243\202\375k%_\335\032N\021G\005\230\271\366~%e\366\202l^\rR""; ledgerSeq: 0; type: liTS_CANDIDATE; nodes {;   nodedata: ""GZ\227\022t\201\240u\2324P\027\307M\337'Y\361[IAD\351\374!\232\005\337\376\252\251g\004\003"";   nodeid: ""\000\000\000\000\000\000\000\000\000\000\000\000\000\000\000\000\000\000\000\000\000\000\000\000\000\000\000\000\000\000\000\000\000""; }; "
1750527534851,1750527534851,3818,1,0,2,TMLedgerData,"ledgerHash: ""[\000\302\314\326\214\276@c\240\272\222{\363\314\032\213\311\316\246/\330\302\014>\022\346\234\347\264\270\350""; ledgerSeq: 0; type: liTS_CANDIDATE; nodes {;   nodedata: ""\002i\361\030\371\256\265\036\320\273\013\357<\215/(\215[\231D\357Gd\372\270\316\261\301\342\327\225\241\000GZ\227\022t\201\240u\2324P\027\307M\337'Y\361[IAD\351\374!\232\005\337\376\252\251g\004\003"";   nodeid: ""\000\000\000\000\000\000\000\000\000\000\000\000\000\000\000\000\000\000\000\000\000\000\000\000\000\000\000\000\000\000\000\000\000""; }; ","ledgerHash: ""[\000\302\314\326\214\276@c\240\272\222{\363\314\032\213\311\316\246/\330\302\014>\022\346\234\347\264\270\350""; ledgerSeq: 0; type: liTS_CANDIDATE; nodes {;   nodedata: ""\002i\361\030\371\256\265\036\320\273\013\357<\215/(\215[\231D\357Gd\372\270\316\261\301\342\327\225\241\000GZ\227\022t\201\240u\2324P\027\307M\337'Y\361[IAD\351\374!\232\005\337\376\252\251g\004\003"";   nodeid: ""\000\000\000\000\000\000\000\000\000\000\000\000\000\000\000\000\000\000\000\000\000\000\000\000\000\000\000\000\000\000\000\000\000""; }; "
1750527534852,1750527534852,1497,1,0,3,TMLedgerData,"ledgerHash: ""[\000\302\314\326\214\276@c\240\272\222{\363\314\032\213\311\316\246/\330\302\014>\022\346\234\347\264\270\350""; ledgerSeq: 0; type: liTS_CANDIDATE; nodes {;   nodedata: ""\002i\361\030\371\256\265\036\320\273\013\357<\215/(\215[\231D\357Gd\372\270\316\261\301\342\327\225\241\000GZ\227\022t\201\240u\2324P\027\307M\337'Y\361[IAD\351\374!\232\005\337\376\252\251g\004\003"";   nodeid: ""\000\000\000\000\000\000\000\000\000\000\000\000\000\000\000\000\000\000\000\000\000\000\000\000\000\000\000\000\000\000\000\000\000""; }; ","ledgerHash: ""[\000\302\314\326\214\276@c\240\272\222{\363\314\032\213\311\316\246/\330\302\014>\022\346\234\347\264\270\350""; ledgerSeq: 0; type: liTS_CANDIDATE; nodes {;   nodedata: ""\002i\361\030\371\256\265\036\320\273\013\357<\215/(\215[\231D\357Gd\372\270\316\261\301\342\327\225\241\000GZ\227\022t\201\240u\2324P\027\307M\337'Y\361[IAD\351\374!\232\005\337\376\252\251g\004\003"";   nodeid: ""\000\000\000\000\000\000\000\000\000\000\000\000\000\000\000\000\000\000\000\000\000\000\000\000\000\000\000\000\000\000\000\000\000""; }; "
1750527534867,1750527534868,1782,1,1,4,TMLedgerData,"ledgerHash: ""\310\200l\322\255\214\342'\243\202\375k%_\335\032N\021G\005\230\271\366~%e\366\202l^\rR""; ledgerSeq: 0; type: liTS_CANDIDATE; nodes {;   nodedata: ""GZ\227\022t\201\240u\2324P\027\307M\337'Y\361[IAD\351\374!\232\005\337\376\252\251g\004\003"";   nodeid: ""\000\000\000\000\000\000\000\000\000\000\000\000\000\000\000\000\000\000\000\000\000\000\000\000\000\000\000\000\000\000\000\000\000""; }; ","ledgerHash: ""\310\200l\322\255\214\342'\243\202\375k%_\335\032N\021G\005\230\271\366~%e\366\202l^\rR""; ledgerSeq: 0; type: liTS_CANDIDATE; nodes {;   nodedata: ""GZ\227\022t\201\240u\2324P\027\307M\337'Y\361[IAD\351\374!\232\005\337\376\252\251g\004\003"";   nodeid: ""\000\000\000\000\000\000\000\000\000\000\000\000\000\000\000\000\000\000\000\000\000\000\000\000\000\000\000\000\000\000\000\000\000""; }; "
1750527534934,1750527534934,1434,1,0,1,TMLedgerData,"ledgerHash: ""\310\200l\322\255\214\342'\243\202\375k%_\335\032N\021G\005\230\271\366~%e\366\202l^\rR""; ledgerSeq: 0; type: liTS_CANDIDATE; nodes {;   nodedata: ""GZ\227\022t\201\240u\2324P\027\307M\337'Y\361[IAD\351\374!\232\005\337\376\252\251g\004\003"";   nodeid: ""\000\000\000\000\000\000\000\000\000\000\000\000\000\000\000\000\000\000\000\000\000\000\000\000\000\000\000\000\000\000\000\000\000""; }; requestCookie: 5; ","ledgerHash: ""\310\200l\322\255\214\342'\243\202\375k%_\335\032N\021G\005\230\271\366~%e\366\202l^\rR""; ledgerSeq: 0; type: liTS_CANDIDATE; nodes {;   nodedata: ""GZ\227\022t\201\240u\2324P\027\307M\337'Y\361[IAD\351\374!\232\005\337\376\252\251g\004\003"";   nodeid: ""\000\000\000\000\000\000\000\000\000\000\000\000\000\000\000\000\000\000\000\000\000\000\000\000\000\000\000\000\000\000\000\000\000""; }; requestCookie: 5; "
1750527534934,1750527534935,1434,1,0,1,TMLedgerData,"ledgerHash: ""[\000\302\314\326\214\276@c\240\272\222{\363\314\032\213\311\316\246/\330\302\014>\022\346\234\347\264\270\350""; ledgerSeq: 0; type: liTS_CANDIDATE; nodes {;   nodedata: ""\002i\361\030\371\256\265\036\320\273\013\357<\215/(\215[\231D\357Gd\372\270\316\261\301\342\327\225\241\000GZ\227\022t\201\240u\2324P\027\307M\337'Y\361[IAD\351\374!\232\005\337\376\252\251g\004\003"";   nodeid: ""\000\000\000\000\000\000\000\000\000\000\000\000\000\000\000\000\000\000\000\000\000\000\000\000\000\000\000\000\000\000\000\000\000""; }; ","ledgerHash: ""[\000\302\314\326\214\276@c\240\272\222{\363\314\032\213\311\316\246/\330\302\014>\022\346\234\347\264\270\350""; ledgerSeq: 0; type: liTS_CANDIDATE; nodes {;   nodedata: ""\002i\361\030\371\256\265\036\320\273\013\357<\215/(\215[\231D\357Gd\372\270\316\261\301\342\327\225\241\000GZ\227\022t\201\240u\2324P\027\307M\337'Y\361[IAD\351\374!\232\005\337\376\252\251g\004\003"";   nodeid: ""\000\000\000\000\000\000\000\000\000\000\000\000\000\000\000\000\000\000\000\000\000\000\000\000\000\000\000\000\000\000\000\000\000""; }; "
1750527534944,1750527534944,1539,1,4,2,TMLedgerData,"ledgerHash: ""[\000\302\314\326\214\276@c\240\272\222{\363\314\032\213\311\316\246/\330\302\014>\022\346\234\347\264\270\350""; ledgerSeq: 0; type: liTS_CANDIDATE; nodes {;   nodedata: ""\002i\361\030\371\256\265\036\320\273\013\357<\215/(\215[\231D\357Gd\372\270\316\261\301\342\327\225\241\000GZ\227\022t\201\240u\2324P\027\307M\337'Y\361[IAD\351\374!\232\005\337\376\252\251g\004\003"";   nodeid: ""\000\000\000\000\000\000\000\000\000\000\000\000\000\000\000\000\000\000\000\000\000\000\000\000\000\000\000\000\000\000\000\000\000""; }; requestCookie: 4; ","ledgerHash: ""[\000\302\314\326\214\276@c\240\272\222{\363\314\032\213\311\316\246/\330\302\014>\022\346\234\347\264\270\350""; ledgerSeq: 0; type: liTS_CANDIDATE; nodes {;   nodedata: ""\002i\361\030\371\256\265\036\320\273\013\357<\215/(\215[\231D\357Gd\372\270\316\261\301\342\327\225\241\000GZ\227\022t\201\240u\2324P\027\307M\337'Y\361[IAD\351\374!\232\005\337\376\252\251g\004\003"";   nodeid: ""\000\000\000\000\000\000\000\000\000\000\000\000\000\000\000\000\000\000\000\000\000\000\000\000\000\000\000\000\000\000\000\000\000""; }; requestCookie: 4; "
1750527534966,1750527534966,3578,1,1,3,TMLedgerData,"ledgerHash: ""[\000\302\314\326\214\276@c\240\272\222{\363\314\032\213\311\316\246/\330\302\014>\022\346\234\347\264\270\350""; ledgerSeq: 0; type: liTS_CANDIDATE; nodes {;   nodedata: ""\002i\361\030\371\256\265\036\320\273\013\357<\215/(\215[\231D\357Gd\372\270\316\261\301\342\327\225\241\000GZ\227\022t\201\240u\2324P\027\307M\337'Y\361[IAD\351\374!\232\005\337\376\252\251g\004\003"";   nodeid: ""\000\000\000\000\000\000\000\000\000\000\000\000\000\000\000\000\000\000\000\000\000\000\000\000\000\000\000\000\000\000\000\000\000""; }; ","ledgerHash: ""[\000\302\314\326\214\276@c\240\272\222{\363\314\032\213\311\316\246/\330\302\014>\022\346\234\347\264\270\350""; ledgerSeq: 0; type: liTS_CANDIDATE; nodes {;   nodedata: ""\002i\361\030\371\256\265\036\320\273\013\357<\215/(\215[\231D\357Gd\372\270\316\261\301\342\327\225\241\000GZ\227\022t\201\240u\2324P\027\307M\337'Y\361[IAD\351\374!\232\005\337\376\252\251g\004\003"";   nodeid: ""\000\000\000\000\000\000\000\000\000\000\000\000\000\000\000\000\000\000\000\000\000\000\000\000\000\000\000\000\000\000\000\000\000""; }; "
1750527534969,1750527534969,1539,1,4,2,TMLedgerData,"ledgerHash: ""[\000\302\314\326\214\276@c\240\272\222{\363\314\032\213\311\316\246/\330\302\014>\022\346\234\347\264\270\350""; ledgerSeq: 0; type: liTS_CANDIDATE; nodes {;   nodedata: ""\002i\361\030\371\256\265\036\320\273\013\357<\215/(\215[\231D\357Gd\372\270\316\261\301\342\327\225\241\000GZ\227\022t\201\240u\2324P\027\307M\337'Y\361[IAD\351\374!\232\005\337\376\252\251g\004\003"";   nodeid: ""\000\000\000\000\000\000\000\000\000\000\000\000\000\000\000\000\000\000\000\000\000\000\000\000\000\000\000\000\000\000\000\000\000""; }; ","ledgerHash: ""[\000\302\314\326\214\276@c\240\272\222{\363\314\032\213\311\316\246/\330\302\014>\022\346\234\347\264\270\350""; ledgerSeq: 0; type: liTS_CANDIDATE; nodes {;   nodedata: ""\002i\361\030\371\256\265\036\320\273\013\357<\215/(\215[\231D\357Gd\372\270\316\261\301\342\327\225\241\000GZ\227\022t\201\240u\2324P\027\307M\337'Y\361[IAD\351\374!\232\005\337\376\252\251g\004\003"";   nodeid: ""\000\000\000\000\000\000\000\000\000\000\000\000\000\000\000\000\000\000\000\000\000\000\000\000\000\000\000\000\000\000\000\000\000""; }; "
1750527534976,1750527534976,3085,1,3,0,TMLedgerData,"ledgerHash: ""[\000\302\314\326\214\276@c\240\272\222{\363\314\032\213\311\316\246/\330\302\014>\022\346\234\347\264\270\350""; ledgerSeq: 0; type: liTS_CANDIDATE; nodes {;   nodedata: ""\002i\361\030\371\256\265\036\320\273\013\357<\215/(\215[\231D\357Gd\372\270\316\261\301\342\327\225\241\000GZ\227\022t\201\240u\2324P\027\307M\337'Y\361[IAD\351\374!\232\005\337\376\252\251g\004\003"";   nodeid: ""\000\000\000\000\000\000\000\000\000\000\000\000\000\000\000\000\000\000\000\000\000\000\000\000\000\000\000\000\000\000\000\000\000""; }; ","ledgerHash: ""[\000\302\314\326\214\276@c\240\272\222{\363\314\032\213\311\316\246/\330\302\014>\022\346\234\347\264\270\350""; ledgerSeq: 0; type: liTS_CANDIDATE; nodes {;   nodedata: ""\002i\361\030\371\256\265\036\320\273\013\357<\215/(\215[\231D\357Gd\372\270\316\261\301\342\327\225\241\000GZ\227\022t\201\240u\2324P\027\307M\337'Y\361[IAD\351\374!\232\005\337\376\252\251g\004\003"";   nodeid: ""\000\000\000\000\000\000\000\000\000\000\000\000\000\000\000\000\000\000\000\000\000\000\000\000\000\000\000\000\000\000\000\000\000""; }; "
1750527535000,1750527535000,2523,1,3,2,TMLedgerData,"ledgerHash: ""[\000\302\314\326\214\276@c\240\272\222{\363\314\032\213\311\316\246/\330\302\014>\022\346\234\347\264\270\350""; ledgerSeq: 0; type: liTS_CANDIDATE; nodes {;   nodedata: ""\002i\361\030\371\256\265\036\320\273\013\357<\215/(\215[\231D\357Gd\372\270\316\261\301\342\327\225\241\000GZ\227\022t\201\240u\2324P\027\307M\337'Y\361[IAD\351\374!\232\005\337\376\252\251g\004\003"";   nodeid: ""\000\000\000\000\000\000\000\000\000\000\000\000\000\000\000\000\000\000\000\000\000\000\000\000\000\000\000\000\000\000\000\000\000""; }; ","ledgerHash: ""[\000\302\314\326\214\276@c\240\272\222{\363\314\032\213\311\316\246/\330\302\014>\022\346\234\347\264\270\350""; ledgerSeq: 0; type: liTS_CANDIDATE; nodes {;   nodedata: ""\002i\361\030\371\256\265\036\320\273\013\357<\215/(\215[\231D\357Gd\372\270\316\261\301\342\327\225\241\000GZ\227\022t\201\240u\2324P\027\307M\337'Y\361[IAD\351\374!\232\005\337\376\252\251g\004\003"";   nodeid: ""\000\000\000\000\000\000\000\000\000\000\000\000\000\000\000\000\000\000\000\000\000\000\000\000\000\000\000\000\000\000\000\000\000""; }; "
1750527535007,1750527535007,860,1,1,0,TMLedgerData,"ledgerHash: ""[\000\302\314\326\214\276@c\240\272\222{\363\314\032\213\311\316\246/\330\302\014>\022\346\234\347\264\270\350""; ledgerSeq: 0; type: liTS_CANDIDATE; nodes {;   nodedata: ""\002i\361\030\371\256\265\036\320\273\013\357<\215/(\215[\231D\357Gd\372\270\316\261\301\342\327\225\241\000GZ\227\022t\201\240u\2324P\027\307M\337'Y\361[IAD\351\374!\232\005\337\376\252\251g\004\003"";   nodeid: ""\000\000\000\000\000\000\000\000\000\000\000\000\000\000\000\000\000\000\000\000\000\000\000\000\000\000\000\000\000\000\000\000\000""; }; ","ledgerHash: ""[\000\302\314\326\214\276@c\240\272\222{\363\314\032\213\311\316\246/\330\302\014>\022\346\234\347\264\270\350""; ledgerSeq: 0; type: liTS_CANDIDATE; nodes {;   nodedata: ""\002i\361\030\371\256\265\036\320\273\013\357<\215/(\215[\231D\357Gd\372\270\316\261\301\342\327\225\241\000GZ\227\022t\201\240u\2324P\027\307M\337'Y\361[IAD\351\374!\232\005\337\376\252\251g\004\003"";   nodeid: ""\000\000\000\000\000\000\000\000\000\000\000\000\000\000\000\000\000\000\000\000\000\000\000\000\000\000\000\000\000\000\000\000\000""; }; "
1750527535011,1750527535011,4000,1,2,3,TMGetLedger,"itype: liTS_CANDIDATE; ledgerHash: ""[\000\302\314\326\214\276@c\240\272\222{\363\314\032\213\311\316\246/\330\302\014>\022\346\234\347\264\270\350""; nodeIDs: ""\000\000\000\000\000\000\000\000\000\000\000\000\000\000\000\000\000\000\000\000\000\000\000\000\000\000\000\000\000\000\000\000\000""; requestCookie: 3; queryType: qtINDIRECT; queryDepth: 3; ","itype: liTS_CANDIDATE; ledgerHash: ""[\000\302\314\326\214\276@c\240\272\222{\363\314\032\213\311\316\246/\330\302\014>\022\346\234\347\264\270\350""; nodeIDs: ""\000\000\000\000\000\000\000\000\000\000\000\000\000\000\000\000\000\000\000\000\000\000\000\000\000\000\000\000\000\000\000\000\000""; requestCookie: 3; queryType: qtINDIRECT; queryDepth: 3; "
1750527535033,1750527535033,1813,1,3,1,TMLedgerData,"ledgerHash: ""[\000\302\314\326\214\276@c\240\272\222{\363\314\032\213\311\316\246/\330\302\014>\022\346\234\347\264\270\350""; ledgerSeq: 0; type: liTS_CANDIDATE; nodes {;   nodedata: ""\002i\361\030\371\256\265\036\320\273\013\357<\215/(\215[\231D\357Gd\372\270\316\261\301\342\327\225\241\000GZ\227\022t\201\240u\2324P\027\307M\337'Y\361[IAD\351\374!\232\005\337\376\252\251g\004\003"";   nodeid: ""\000\000\000\000\000\000\000\000\000\000\000\000\000\000\000\000\000\000\000\000\000\000\000\000\000\000\000\000\000\000\000\000\000""; }; ","ledgerHash: ""[\000\302\314\326\214\276@c\240\272\222{\363\314\032\213\311\316\246/\330\302\014>\022\346\234\347\264\270\350""; ledgerSeq: 0; type: liTS_CANDIDATE; nodes {;   nodedata: ""\002i\361\030\371\256\265\036\320\273\013\357<\215/(\215[\231D\357Gd\372\270\316\261\301\342\327\225\241\000GZ\227\022t\201\240u\2324P\027\307M\337'Y\361[IAD\351\374!\232\005\337\376\252\251g\004\003"";   nodeid: ""\000\000\000\000\000\000\000\000\000\000\000\000\000\000\000\000\000\000\000\000\000\000\000\000\000\000\000\000\000\000\000\000\000""; }; "
1750527535047,1750527535047,1968,1,1,2,TMLedgerData,"ledgerHash: ""[\000\302\314\326\214\276@c\240\272\222{\363\314\032\213\311\316\246/\330\302\014>\022\346\234\347\264\270\350""; ledgerSeq: 0; type: liTS_CANDIDATE; nodes {;   nodedata: ""\002i\361\030\371\256\265\036\320\273\013\357<\215/(\215[\231D\357Gd\372\270\316\261\301\342\327\225\241\000GZ\227\022t\201\240u\2324P\027\307M\337'Y\361[IAD\351\374!\232\005\337\376\252\251g\004\003"";   nodeid: ""\000\000\000\000\000\000\000\000\000\000\000\000\000\000\000\000\000\000\000\000\000\000\000\000\000\000\000\000\000\000\000\000\000""; }; ","ledgerHash: ""[\000\302\314\326\214\276@c\240\272\222{\363\314\032\213\311\316\246/\330\302\014>\022\346\234\347\264\270\350""; ledgerSeq: 0; type: liTS_CANDIDATE; nodes {;   nodedata: ""\002i\361\030\371\256\265\036\320\273\013\357<\215/(\215[\231D\357Gd\372\270\316\261\301\342\327\225\241\000GZ\227\022t\201\240u\2324P\027\307M\337'Y\361[IAD\351\374!\232\005\337\376\252\251g\004\003"";   nodeid: ""\000\000\000\000\000\000\000\000\000\000\000\000\000\000\000\000\000\000\000\000\000\000\000\000\000\000\000\000\000\000\000\000\000""; }; "
1750527535051,1750527535052,1539,1,4,2,TMLedgerData,"ledgerHash: ""[\000\302\314\326\214\276@c\240\272\222{\363\314\032\213\311\316\246/\330\302\014>\022\346\234\347\264\270\350""; ledgerSeq: 0; type: liTS_CANDIDATE; nodes {;   nodedata: ""\002i\361\030\371\256\265\036\320\273\013\357<\215/(\215[\231D\357Gd\372\270\316\261\301\342\327\225\241\000GZ\227\022t\201\240u\2324P\027\307M\337'Y\361[IAD\351\374!\232\005\337\376\252\251g\004\003"";   nodeid: ""\000\000\000\000\000\000\000\000\000\000\000\000\000\000\000\000\000\000\000\000\000\000\000\000\000\000\000\000\000\000\000\000\000""; }; requestCookie: 2; ","ledgerHash: ""[\000\302\314\326\214\276@c\240\272\222{\363\314\032\213\311\316\246/\330\302\014>\022\346\234\347\264\270\350""; ledgerSeq: 0; type: liTS_CANDIDATE; nodes {;   nodedata: ""\002i\361\030\371\256\265\036\320\273\013\357<\215/(\215[\231D\357Gd\372\270\316\261\301\342\327\225\241\000GZ\227\022t\201\240u\2324P\027\307M\337'Y\361[IAD\351\374!\232\005\337\376\252\251g\004\003"";   nodeid: ""\000\000\000\000\000\000\000\000\000\000\000\000\000\000\000\000\000\000\000\000\000\000\000\000\000\000\000\000\000\000\000\000\000""; }; requestCookie: 2; "
1750527535053,1750527535054,3755,1,4,2,TMTransaction,"rawTransaction: ""\022\000\000""\000\000\000\000$\000\000\000\005 \033\000\000\000\032a@\000\000\023S/~\000h@\000\000\000\000\000\000\ns!\003K\250\201V\354\353\020.\253\242\026x\202\312\234\3314!'\021-D\001\225\355\256\367\361\211\2710ltF0D\002 \034\347n\276,\014\034\014\216\3362\020\300A\022\234@\257j\263\362\3726r\303\260\tx\027-6\261\002 Pk?<\332\275\247\267E\234\270\035\306\367\2318t\243_\266\366\311\006|\316\223A\211\243\266\226\341\201\024\3177\2633\3425H\2210g]\027\350~`\267{\247\373\332\203\024\272\177ez`?~\240\022\321\013D\240\325V\364\241\375\n@""; status: tsCURRENT; receiveTimestamp: 803842735; deferred: false; ","rawTransaction: ""\022\000\000""\000\000\000\000$\000\000\000\005 \033\000\000\000\032a@\000\000\023S/~\000h@\000\000\000\000\000\000\ns!\003K\250\201V\354\353\020.\253\242\026x\202\312\234\3314!'\021-D\001\225\355\256\367\361\211\2710ltF0D\002 \034\347n\276,\014\034\014\216\3362\020\300A\022\234@\257j\263\362\3726r\303\260\tx\027-6\261\002 Pk?<\332\275\247\267E\234\270\035\306\367\2318t\243_\266\366\311\006|\316\223A\211\243\266\226\341\201\024\3177\2633\3425H\2210g]\027\350~`\267{\247\373\332\203\024\272\177ez`?~\240\022\321\013D\240\325V\364\241\375\n@""; status: tsCURRENT; receiveTimestamp: 803842735; deferred: false; "
1750527535054,1750527535055,2463,1,4,1,TMTransaction,"rawTransaction: ""\022\000\000""\000\000\000\000$\000\000\000\005 \033\000\000\000\032a@\000\000\023S/~\000h@\000\000\000\000\000\000\ns!\003K\250\201V\354\353\020.\253\242\026x\202\312\234\3314!'\021-D\001\225\355\256\367\361\211\2710ltF0D\002 \034\347n\276,\014\034\014\216\3362\020\300A\022\234@\257j\263\362\3726r\303\260\tx\027-6\261\002 Pk?<\332\275\247\267E\234\270\035\306\367\2318t\243_\266\366\311\006|\316\223A\211\243\266\226\341\201\024\3177\2633\3425H\2210g]\027\350~`\267{\247\373\332\203\024\272\177ez`?~\240\022\321\013D\240\325V\364\241\375\n@""; status: tsCURRENT; receiveTimestamp: 803842735; deferred: false; ","rawTransaction: ""\022\000\000""\000\000\000\000$\000\000\000\005 \033\000\000\000\032a@\000\000\023S/~\000h@\000\000\000\000\000\000\ns!\003K\250\201V\354\353\020.\253\242\026x\202\312\234\3314!'\021-D\001\225\355\256\367\361\211\2710ltF0D\002 \034\347n\276,\014\034\014\216\3362\020\300A\022\234@\257j\263\362\3726r\303\260\tx\027-6\261\002 Pk?<\332\275\247\267E\234\270\035\306\367\2318t\243_\266\366\311\006|\316\223A\211\243\266\226\341\201\024\3177\2633\3425H\2210g]\027\350~`\267{\247\373\332\203\024\272\177ez`?~\240\022\321\013D\240\325V\364\241\375\n@""; status: tsCURRENT; receiveTimestamp: 803842735; deferred: false; "
1750527535054,1750527535056,897,1,4,0,TMTransaction,"rawTransaction: ""\022\000\000""\000\000\000\000$\000\000\000\005 \033\000\000\000\032a@\000\000\023S/~\000h@\000\000\000\000\000\000\ns!\003K\250\201V\354\353\020.\253\242\026x\202\312\234\3314!'\021-D\001\225\355\256\367\361\211\2710ltF0D\002 \034\347n\276,\014\034\014\216\3362\020\300A\022\234@\257j\263\362\3726r\303\260\tx\027-6\261\002 Pk?<\332\275\247\267E\234\270\035\306\367\2318t\243_\266\366\311\006|\316\223A\211\243\266\226\341\201\024\3177\2633\3425H\2210g]\027\350~`\267{\247\373\332\203\024\272\177ez`?~\240\022\321\013D\240\325V\364\241\375\n@""; status: tsCURRENT; receiveTimestamp: 803842735; deferred: false; ","rawTransaction: ""\022\000\000""\000\000\000\000$\000\000\000\005 \033\000\000\000\032a@\000\000\023S/~\000h@\000\000\000\000\000\000\ns!\003K\250\201V\354\353\020.\253\242\026x\202\312\234\3314!'\021-D\001\225\355\256\367\361\211\2710ltF0D\002 \034\347n\276,\014\034\014\216\3362\020\300A\022\234@\257j\263\362\3726r\303\260\tx\027-6\261\002 Pk?<\332\275\247\267E\234\270\035\306\367\2318t\243_\266\366\311\006|\316\223A\211\243\266\226\341\201\024\3177\2633\3425H\2210g]\027\350~`\267{\247\373\332\203\024\272\177ez`?~\240\022\321\013D\240\325V\364\241\375\n@""; status: tsCURRENT; receiveTimestamp: 803842735; deferred: false; "
1750527535071,1750527535071,1144,1,4,1,TMLedgerData,"ledgerHash: ""[\000\302\314\326\214\276@c\240\272\222{\363\314\032\213\311\316\246/\330\302\014>\022\346\234\347\264\270\350""; ledgerSeq: 0; type: liTS_CANDIDATE; nodes {;   nodedata: ""\002i\361\030\371\256\265\036\320\273\013\357<\215/(\215[\231D\357Gd\372\270\316\261\301\342\327\225\241\000GZ\227\022t\201\240u\2324P\027\307M\337'Y\361[IAD\351\374!\232\005\337\376\252\251g\004\003"";   nodeid: ""\000\000\000\000\000\000\000\000\000\000\000\000\000\000\000\000\000\000\000\000\000\000\000\000\000\000\000\000\000\000\000\000\000""; }; requestCookie: 4; ","ledgerHash: ""[\000\302\314\326\214\276@c\240\272\222{\363\314\032\213\311\316\246/\330\302\014>\022\346\234\347\264\270\350""; ledgerSeq: 0; type: liTS_CANDIDATE; nodes {;   nodedata: ""\002i\361\030\371\256\265\036\320\273\013\357<\215/(\215[\231D\357Gd\372\270\316\261\301\342\327\225\241\000GZ\227\022t\201\240u\2324P\027\307M\337'Y\361[IAD\351\374!\232\005\337\376\252\251g\004\003"";   nodeid: ""\000\000\000\000\000\000\000\000\000\000\000\000\000\000\000\000\000\000\000\000\000\000\000\000\000\000\000\000\000\000\000\000\000""; }; requestCookie: 4; "
1750527535073,1750527535073,1497,1,0,3,TMLedgerData,"ledgerHash: ""[\000\302\314\326\214\276@c\240\272\222{\363\314\032\213\311\316\246/\330\302\014>\022\346\234\347\264\270\350""; ledgerSeq: 0; type: liTS_CANDIDATE; nodes {;   nodedata: ""\002i\361\030\371\256\265\036\320\273\013\357<\215/(\215[\231D\357Gd\372\270\316\261\301\342\327\225\241\000GZ\227\022t\201\240u\2324P\027\307M\337'Y\361[IAD\351\374!\232\005\337\376\252\251g\004\003"";   nodeid: ""\000\000\000\000\000\000\000\000\000\000\000\000\000\000\000\000\000\000\000\000\000\000\000\000\000\000\000\000\000\000\000\000\000""; }; ","ledgerHash: ""[\000\302\314\326\214\276@c\240\272\222{\363\314\032\213\311\316\246/\330\302\014>\022\346\234\347\264\270\350""; ledgerSeq: 0; type: liTS_CANDIDATE; nodes {;   nodedata: ""\002i\361\030\371\256\265\036\320\273\013\357<\215/(\215[\231D\357Gd\372\270\316\261\301\342\327\225\241\000GZ\227\022t\201\240u\2324P\027\307M\337'Y\361[IAD\351\374!\232\005\337\376\252\251g\004\003"";   nodeid: ""\000\000\000\000\000\000\000\000\000\000\000\000\000\000\000\000\000\000\000\000\000\000\000\000\000\000\000\000\000\000\000\000\000""; }; "
1750527535074,1750527535074,1144,1,4,1,TMLedgerData,"ledgerHash: ""[\000\302\314\326\214\276@c\240\272\222{\363\314\032\213\311\316\246/\330\302\014>\022\346\234\347\264\270\350""; ledgerSeq: 0; type: liTS_CANDIDATE; nodes {;   nodedata: ""\002i\361\030\371\256\265\036\320\273\013\357<\215/(\215[\231D\357Gd\372\270\316\261\301\342\327\225\241\000GZ\227\022t\201\240u\2324P\027\307M\337'Y\361[IAD\351\374!\232\005\337\376\252\251g\004\003"";   nodeid: ""\000\000\000\000\000\000\000\000\000\000\000\000\000\000\000\000\000\000\000\000\000\000\000\000\000\000\000\000\000\000\000\000\000""; }; ","ledgerHash: ""[\000\302\314\326\214\276@c\240\272\222{\363\314\032\213\311\316\246/\330\302\014>\022\346\234\347\264\270\350""; ledgerSeq: 0; type: liTS_CANDIDATE; nodes {;   nodedata: ""\002i\361\030\371\256\265\036\320\273\013\357<\215/(\215[\231D\357Gd\372\270\316\261\301\342\327\225\241\000GZ\227\022t\201\240u\2324P\027\307M\337'Y\361[IAD\351\374!\232\005\337\376\252\251g\004\003"";   nodeid: ""\000\000\000\000\000\000\000\000\000\000\000\000\000\000\000\000\000\000\000\000\000\000\000\000\000\000\000\000\000\000\000\000\000""; }; "
1750527535074,1750527535074,3736,1,3,4,TMValidation,"validation: """"\200\000\000\001&\000\000\000\006)/\351\252\255:\r\302\353\023?\373\240rQ\360\215\2502\265\245\310\226\243c\302Ze\306\253#r\020\211\320iG\276\020E\317\035Sf\223F\254P\027\000\000\000\000\000\000\000\000\000\000\000\000\000\000\000\000\000\000\000\000\000\000\000\000\000\000\000\000\000\000\000\000P\031\331]\036\237\306o!\223\221\002\324\031\262\240R\177 ,\214\325\Q])\016\2067\277\t\354\010\000s!\003R7o\362bV\300hf\266\241;}\200^\374\240\203[:\342Q\225\221\027y\372\255\235\216\323~vF0D\002 <\016\027\217e\177\363\376\327\016\257?\264Q\347\203\241<4\257\333I\363\037#\352~zw\305:\346\002 Q|\251\350\022\221\276\251\310\363\375\357+\317\356\254\350\006\340F\241\232O\347\241\375c4\0312%\336""; ","validation: """"\200\000\000\001&\000\000\000\006)/\351\252\255:\r\302\353\023?\373\240rQ\360\215\2502\265\245\310\226\243c\302Ze\306\253#r\020\211\320iG\276\020E\317\035Sf\223F\254P\027\000\000\000\000\000\000\000\000\000\000\000\000\000\000\000\000\000\000\000\000\000\000\000\000\000\000\000\000\000\000\000\000P\031\331]\036\237\306o!\223\221\002\324\031\262\240R\177 ,\214\325\Q])\016\2067\277\t\354\010\000s!\003R7o\362bV\300hf\266\241;}\200^\374\240\203[:\342Q\225\221\027y\372\255\235\216\323~vF0D\002 <\016\027\217e\177\363\376\327\016\257?\264Q\347\203\241<4\257\333I\363\037#\352~zw\305:\346\002 Q|\251\350\022\221\276\251\310\363\375\357+\317\356\254\350\006\340F\241\232O\347\241\375c4\0312%\336""; "
1750527535075,1750527535076,1777,1,3,0,TMValidation,"validation: """"\200\000\000\001&\000\000\000\006)/\351\252\255:\r\302\353\023?\373\240rQ\360\215\2502\265\245\310\226\243c\302Ze\306\253#r\020\211\320iG\276\020E\317\035Sf\223F\254P\027\000\000\000\000\000\000\000\000\000\000\000\000\000\000\000\000\000\000\000\000\000\000\000\000\000\000\000\000\000\000\000\000P\031\331]\036\237\306o!\223\221\002\324\031\262\240R\177 ,\214\325\Q])\016\2067\277\t\354\010\000s!\003R7o\362bV\300hf\266\241;}\200^\374\240\203[:\342Q\225\221\027y\372\255\235\216\323~vF0D\002 <\016\027\217e\177\363\376\327\016\257?\264Q\347\203\241<4\257\333I\363\037#\352~zw\305:\346\002 Q|\251\350\022\221\276\251\310\363\375\357+\317\356\254\350\006\340F\241\232O\347\241\375c4\0312%\336""; ","validation: """"\200\000\000\001&\000\000\000\006)/\351\252\255:\r\302\353\023?\373\240rQ\360\215\2502\265\245\310\226\243c\302Ze\306\253#r\020\211\320iG\276\020E\317\035Sf\223F\254P\027\000\000\000\000\000\000\000\000\000\000\000\000\000\000\000\000\000\000\000\000\000\000\000\000\000\000\000\000\000\000\000\000P\031\331]\036\237\306o!\223\221\002\324\031\262\240R\177 ,\214\325\Q])\016\2067\277\t\354\010\000s!\003R7o\362bV\300hf\266\241;}\200^\374\240\203[:\342Q\225\221\027y\372\255\235\216\323~vF0D\002 <\016\027\217e\177\363\376\327\016\257?\264Q\347\203\241<4\257\333I\363\037#\352~zw\305:\346\002 Q|\251\350\022\221\276\251\310\363\375\357+\317\356\254\350\006\340F\241\232O\347\241\375c4\0312%\336""; "
1750527535076,1750527535076,3459,1,3,1,TMValidation,"validation: """"\200\000\000\001&\000\000\000\006)/\351\252\255:\r\302\353\023?\373\240rQ\360\215\2502\265\245\310\226\243c\302Ze\306\253#r\020\211\320iG\276\020E\317\035Sf\223F\254P\027\000\000\000\000\000\000\000\000\000\000\000\000\000\000\000\000\000\000\000\000\000\000\000\000\000\000\000\000\000\000\000\000P\031\331]\036\237\306o!\223\221\002\324\031\262\240R\177 ,\214\325\Q])\016\2067\277\t\354\010\000s!\003R7o\362bV\300hf\266\241;}\200^\374\240\203[:\342Q\225\221\027y\372\255\235\216\323~vF0D\002 <\016\027\217e\177\363\376\327\016\257?\264Q\347\203\241<4\257\333I\363\037#\352~zw\305:\346\002 Q|\251\350\022\221\276\251\310\363\375\357+\317\356\254\350\006\340F\241\232O\347\241\375c4\0312%\336""; ","validation: """"\200\000\000\001&\000\000\000\006)/\351\252\255:\r\302\353\023?\373\240rQ\360\215\2502\265\245\310\226\243c\302Ze\306\253#r\020\211\320iG\276\020E\317\035Sf\223F\254P\027\000\000\000\000\000\000\000\000\000\000\000\000\000\000\000\000\000\000\000\000\000\000\000\000\000\000\000\000\000\000\000\000P\031\331]\036\237\306o!\223\221\002\324\031\262\240R\177 ,\214\325\Q])\016\2067\277\t\354\010\000s!\003R7o\362bV\300hf\266\241;}\200^\374\240\203[:\342Q\225\221\027y\372\255\235\216\323~vF0D\002 <\016\027\217e\177\363\376\327\016\257?\264Q\347\203\241<4\257\333I\363\037#\352~zw\305:\346\002 Q|\251\350\022\221\276\251\310\363\375\357+\317\356\254\350\006\340F\241\232O\347\241\375c4\0312%\336""; "
1750527535076,1750527535076,3578,1,1,3,TMLedgerData,"ledgerHash: ""\310\200l\322\255\214\342'\243\202\375k%_\335\032N\021G\005\230\271\366~%e\366\202l^\rR""; ledgerSeq: 0; type: liTS_CANDIDATE; nodes {;   nodedata: ""GZ\227\022t\201\240u\2324P\027\307M\337'Y\361[IAD\351\374!\232\005\337\376\252\251g\004\003"";   nodeid: ""\000\000\000\000\000\000\000\000\000\000\000\000\000\000\000\000\000\000\000\000\000\000\000\000\000\000\000\000\000\000\000\000\000""; }; ","ledgerHash: ""\310\200l\322\255\214\342'\243\202\375k%_\335\032N\021G\005\230\271\366~%e\366\202l^\rR""; ledgerSeq: 0; type: liTS_CANDIDATE; nodes {;   nodedata: ""GZ\227\022t\201\240u\2324P\027\307M\337'Y\361[IAD\351\374!\232\005\337\376\252\251g\004\003"";   nodeid: ""\000\000\000\000\000\000\000\000\000\000\000\000\000\000\000\000\000\000\000\000\000\000\000\000\000\000\000\000\000\000\000\000\000""; }; "
1750527535092,1750527535092,1665,1,2,3,TMLedgerData,"ledgerHash: ""\310\200l\322\255\214\342'\243\202\375k%_\335\032N\021G\005\230\271\366~%e\366\202l^\rR""; ledgerSeq: 0; type: liTS_CANDIDATE; nodes {;   nodedata: ""GZ\227\022t\201\240u\2324P\027\307M\337'Y\361[IAD\351\374!\232\005\337\376\252\251g\004\003"";   nodeid: ""\000\000\000\000\000\000\000\000\000\000\000\000\000\000\000\000\000\000\000\000\000\000\000\000\000\000\000\000\000\000\000\000\000""; }; ","ledgerHash: ""\310\200l\322\255\214\342'\243\202\375k%_\335\032N\021G\005\230\271\366~%e\366\202l^\rR""; ledgerSeq: 0; type: liTS_CANDIDATE; nodes {;   nodedata: ""GZ\227\022t\201\240u\2324P\027\307M\337'Y\361[IAD\351\374!\232\005\337\376\252\251g\004\003"";   nodeid: ""\000\000\000\000\000\000\000\000\000\000\000\000\000\000\000\000\000\000\000\000\000\000\000\000\000\000\000\000\000\000\000\000\000""; }; "
1750527535100,1750527535100,3818,1,0,2,TMLedgerData,"ledgerHash: ""[\000\302\314\326\214\276@c\240\272\222{\363\314\032\213\311\316\246/\330\302\014>\022\346\234\347\264\270\350""; ledgerSeq: 0; type: liTS_CANDIDATE; nodes {;   nodedata: ""\002i\361\030\371\256\265\036\320\273\013\357<\215/(\215[\231D\357Gd\372\270\316\261\301\342\327\225\241\000GZ\227\022t\201\240u\2324P\027\307M\337'Y\361[IAD\351\374!\232\005\337\376\252\251g\004\003"";   nodeid: ""\000\000\000\000\000\000\000\000\000\000\000\000\000\000\000\000\000\000\000\000\000\000\000\000\000\000\000\000\000\000\000\000\000""; }; ","ledgerHash: ""[\000\302\314\326\214\276@c\240\272\222{\363\314\032\213\311\316\246/\330\302\014>\022\346\234\347\264\270\350""; ledgerSeq: 0; type: liTS_CANDIDATE; nodes {;   nodedata: ""\002i\361\030\371\256\265\036\320\273\013\357<\215/(\215[\231D\357Gd\372\270\316\261\301\342\327\225\241\000GZ\227\022t\201\240u\2324P\027\307M\337'Y\361[IAD\351\374!\232\005\337\376\252\251g\004\003"";   nodeid: ""\000\000\000\000\000\000\000\000\000\000\000\000\000\000\000\000\000\000\000\000\000\000\000\000\000\000\000\000\000\000\000\000\000""; }; "
1750527535184,1750527535184,1434,1,0,1,TMLedgerData,"ledgerHash: ""[\000\302\314\326\214\276@c\240\272\222{\363\314\032\213\311\316\246/\330\302\014>\022\346\234\347\264\270\350""; ledgerSeq: 0; type: liTS_CANDIDATE; nodes {;   nodedata: ""\002i\361\030\371\256\265\036\320\273\013\357<\215/(\215[\231D\357Gd\372\270\316\261\301\342\327\225\241\000GZ\227\022t\201\240u\2324P\027\307M\337'Y\361[IAD\351\374!\232\005\337\376\252\251g\004\003"";   nodeid: ""\000\000\000\000\000\000\000\000\000\000\000\000\000\000\000\000\000\000\000\000\000\000\000\000\000\000\000\000\000\000\000\000\000""; }; ","ledgerHash: ""[\000\302\314\326\214\276@c\240\272\222{\363\314\032\213\311\316\246/\330\302\014>\022\346\234\347\264\270\350""; ledgerSeq: 0; type: liTS_CANDIDATE; nodes {;   nodedata: ""\002i\361\030\371\256\265\036\320\273\013\357<\215/(\215[\231D\357Gd\372\270\316\261\301\342\327\225\241\000GZ\227\022t\201\240u\2324P\027\307M\337'Y\361[IAD\351\374!\232\005\337\376\252\251g\004\003"";   nodeid: ""\000\000\000\000\000\000\000\000\000\000\000\000\000\000\000\000\000\000\000\000\000\000\000\000\000\000\000\000\000\000\000\000\000""; }; "
1750527535193,1750527535193,1539,1,4,2,TMLedgerData,"ledgerHash: ""[\000\302\314\326\214\276@c\240\272\222{\363\314\032\213\311\316\246/\330\302\014>\022\346\234\347\264\270\350""; ledgerSeq: 0; type: liTS_CANDIDATE; nodes {;   nodedata: ""\002i\361\030\371\256\265\036\320\273\013\357<\215/(\215[\231D\357Gd\372\270\316\261\301\342\327\225\241\000GZ\227\022t\201\240u\2324P\027\307M\337'Y\361[IAD\351\374!\232\005\337\376\252\251g\004\003"";   nodeid: ""\000\000\000\000\000\000\000\000\000\000\000\000\000\000\000\000\000\000\000\000\000\000\000\000\000\000\000\000\000\000\000\000\000""; }; requestCookie: 4; ","ledgerHash: ""[\000\302\314\326\214\276@c\240\272\222{\363\314\032\213\311\316\246/\330\302\014>\022\346\234\347\264\270\350""; ledgerSeq: 0; type: liTS_CANDIDATE; nodes {;   nodedata: ""\002i\361\030\371\256\265\036\320\273\013\357<\215/(\215[\231D\357Gd\372\270\316\261\301\342\327\225\241\000GZ\227\022t\201\240u\2324P\027\307M\337'Y\361[IAD\351\374!\232\005\337\376\252\251g\004\003"";   nodeid: ""\000\000\000\000\000\000\000\000\000\000\000\000\000\000\000\000\000\000\000\000\000\000\000\000\000\000\000\000\000\000\000\000\000""; }; requestCookie: 4; "
1750527535198,1750527535198,782,1,0,4,TMValidation,"validation: """"\200\000\000\001&\000\000\000\006)/\351\252\255:p\210\265\307-\212\200\004Q\360\215\2502\265\245\310\226\243c\302Ze\306\253#r\020\211\320iG\276\020E\317\035Sf\223F\254P\027\000\000\000\000\000\000\000\000\000\000\000\000\000\000\000\000\000\000\000\000\000\000\000\000\000\000\000\000\000\000\000\000P\031\331]\036\237\306o!\223\221\002\324\031\262\240R\177 ,\214\325\Q])\016\2067\277\t\354\010\000s!\002\364d\217\366\217|\316F\232\231\241\n\261\333`\312O\367\235\025DD\336e\367\n\312\326\221\037\025\230vG0E\002!\000\270\334\275\007Q,\177\352@'|\202\273\270\334\321\225\0200\314\363]\313wAw}Z\303-\375\313\002 \034\207!\017'wq\360}\035\277d\220*\302\335{j\240(""h\206+~^P\252\000\213\261\331""; ","validation: """"\200\000\000\001&\000\000\000\006)/\351\252\255:p\210\265\307-\212\200\004Q\360\215\2502\265\245\310\226\243c\302Ze\306\253#r\020\211\320iG\276\020E\317\035Sf\223F\254P\027\000\000\000\000\000\000\000\000\000\000\000\000\000\000\000\000\000\000\000\000\000\000\000\000\000\000\000\000\000\000\000\000P\031\331]\036\237\306o!\223\221\002\324\031\262\240R\177 ,\214\325\Q])\016\2067\277\t\354\010\000s!\002\364d\217\366\217|\316F\232\231\241\n\261\333`\312O\367\235\025DD\336e\367\n\312\326\221\037\025\230vG0E\002!\000\270\334\275\007Q,\177\352@'|\202\273\270\334\321\225\0200\314\363]\313wAw}Z\303-\375\313\002 \034\207!\017'wq\360}\035\277d\220*\302\335{j\240(""h\206+~^P\252\000\213\261\331""; "
1750527535198,1750527535198,1933,1,0,2,TMValidation,"validation: """"\200\000\000\001&\000\000\000\006)/\351\252\255:p\210\265\307-\212\200\004Q\360\215\2502\265\245\310\226\243c\302Ze\306\253#r\020\211\320iG\276\020E\317\035Sf\223F\254P\027\000\000\000\000\000\000\000\000\000\000\000\000\000\000\000\000\000\000\000\000\000\000\000\000\000\000\000\000\000\000\000\000P\031\331]\036\237\306o!\223\221\002\324\031\262\240R\177 ,\214\325\Q])\016\2067\277\t\354\010\000s!\002\364d\217\366\217|\316F\232\231\241\n\261\333`\312O\367\235\025DD\336e\367\n\312\326\221\037\025\230vG0E\002!\000\270\334\275\007Q,\177\352@'|\202\273\270\334\321\225\0200\314\363]\313wAw}Z\303-\375\313\002 \034\207!\017'wq\360}\035\277d\220*\302\335{j\240(""h\206+~^P\252\000\213\261\331""; ","validation: """"\200\000\000\001&\000\000\000\006)/\351\252\255:p\210\265\307-\212\200\004Q\360\215\2502\265\245\310\226\243c\302Ze\306\253#r\020\211\320iG\276\020E\317\035Sf\223F\254P\027\000\000\000\000\000\000\000\000\000\000\000\000\000\000\000\000\000\000\000\000\000\000\000\000\000\000\000\000\000\000\000\000P\031\331]\036\237\306o!\223\221\002\324\031\262\240R\177 ,\214\325\Q])\016\2067\277\t\354\010\000s!\002\364d\217\366\217|\316F\232\231\241\n\261\333`\312O\367\235\025DD\336e\367\n\312\326\221\037\025\230vG0E\002!\000\270\334\275\007Q,\177\352@'|\202\273\270\334\321\225\0200\314\363]\313wAw}Z\303-\375\313\002 \034\207!\017'wq\360}\035\277d\220*\302\335{j\240(""h\206+~^P\252\000\213\261\331""; "
1750527535217,1750527535217,3578,1,1,3,TMLedgerData,"ledgerHash: ""[\000\302\314\326\214\276@c\240\272\222{\363\314\032\213\311\316\246/\330\302\014>\022\346\234\347\264\270\350""; ledgerSeq: 0; type: liTS_CANDIDATE; nodes {;   nodedata: ""\002i\361\030\371\256\265\036\320\273\013\357<\215/(\215[\231D\357Gd\372\270\316\261\301\342\327\225\241\000GZ\227\022t\201\240u\2324P\027\307M\337'Y\361[IAD\351\374!\232\005\337\376\252\251g\004\003"";   nodeid: ""\000\000\000\000\000\000\000\000\000\000\000\000\000\000\000\000\000\000\000\000\000\000\000\000\000\000\000\000\000\000\000\000\000""; }; ","ledgerHash: ""[\000\302\314\326\214\276@c\240\272\222{\363\314\032\213\311\316\246/\330\302\014>\022\346\234\347\264\270\350""; ledgerSeq: 0; type: liTS_CANDIDATE; nodes {;   nodedata: ""\002i\361\030\371\256\265\036\320\273\013\357<\215/(\215[\231D\357Gd\372\270\316\261\301\342\327\225\241\000GZ\227\022t\201\240u\2324P\027\307M\337'Y\361[IAD\351\374!\232\005\337\376\252\251g\004\003"";   nodeid: ""\000\000\000\000\000\000\000\000\000\000\000\000\000\000\000\000\000\000\000\000\000\000\000\000\000\000\000\000\000\000\000\000\000""; }; "
1750527535219,1750527535219,1539,1,4,2,TMLedgerData,"ledgerHash: ""[\000\302\314\326\214\276@c\240\272\222{\363\314\032\213\311\316\246/\330\302\014>\022\346\234\347\264\270\350""; ledgerSeq: 0; type: liTS_CANDIDATE; nodes {;   nodedata: ""\002i\361\030\371\256\265\036\320\273\013\357<\215/(\215[\231D\357Gd\372\270\316\261\301\342\327\225\241\000GZ\227\022t\201\240u\2324P\027\307M\337'Y\361[IAD\351\374!\232\005\337\376\252\251g\004\003"";   nodeid: ""\000\000\000\000\000\000\000\000\000\000\000\000\000\000\000\000\000\000\000\000\000\000\000\000\000\000\000\000\000\000\000\000\000""; }; ","ledgerHash: ""[\000\302\314\326\214\276@c\240\272\222{\363\314\032\213\311\316\246/\330\302\014>\022\346\234\347\264\270\350""; ledgerSeq: 0; type: liTS_CANDIDATE; nodes {;   nodedata: ""\002i\361\030\371\256\265\036\320\273\013\357<\215/(\215[\231D\357Gd\372\270\316\261\301\342\327\225\241\000GZ\227\022t\201\240u\2324P\027\307M\337'Y\361[IAD\351\374!\232\005\337\376\252\251g\004\003"";   nodeid: ""\000\000\000\000\000\000\000\000\000\000\000\000\000\000\000\000\000\000\000\000\000\000\000\000\000\000\000\000\000\000\000\000\000""; }; "
1750527535220,1750527535220,2523,1,3,2,TMLedgerData,"ledgerHash: ""\310\200l\322\255\214\342'\243\202\375k%_\335\032N\021G\005\230\271\366~%e\366\202l^\rR""; ledgerSeq: 0; type: liTS_CANDIDATE; nodes {;   nodedata: ""GZ\227\022t\201\240u\2324P\027\307M\337'Y\361[IAD\351\374!\232\005\337\376\252\251g\004\003"";   nodeid: ""\000\000\000\000\000\000\000\000\000\000\000\000\000\000\000\000\000\000\000\000\000\000\000\000\000\000\000\000\000\000\000\000\000""; }; requestCookie: 5; ","ledgerHash: ""\310\200l\322\255\214\342'\243\202\375k%_\335\032N\021G\005\230\271\366~%e\366\202l^\rR""; ledgerSeq: 0; type: liTS_CANDIDATE; nodes {;   nodedata: ""GZ\227\022t\201\240u\2324P\027\307M\337'Y\361[IAD\351\374!\232\005\337\376\252\251g\004\003"";   nodeid: ""\000\000\000\000\000\000\000\000\000\000\000\000\000\000\000\000\000\000\000\000\000\000\000\000\000\000\000\000\000\000\000\000\000""; }; requestCookie: 5; "
1750527535225,1750527535225,1434,1,0,1,TMLedgerData,"ledgerHash: ""\310\200l\322\255\214\342'\243\202\375k%_\335\032N\021G\005\230\271\366~%e\366\202l^\rR""; ledgerSeq: 0; type: liTS_CANDIDATE; nodes {;   nodedata: ""GZ\227\022t\201\240u\2324P\027\307M\337'Y\361[IAD\351\374!\232\005\337\376\252\251g\004\003"";   nodeid: ""\000\000\000\000\000\000\000\000\000\000\000\000\000\000\000\000\000\000\000\000\000\000\000\000\000\000\000\000\000\000\000\000\000""; }; requestCookie: 5; ","ledgerHash: ""\310\200l\322\255\214\342'\243\202\375k%_\335\032N\021G\005\230\271\366~%e\366\202l^\rR""; ledgerSeq: 0; type: liTS_CANDIDATE; nodes {;   nodedata: ""GZ\227\022t\201\240u\2324P\027\307M\337'Y\361[IAD\351\374!\232\005\337\376\252\251g\004\003"";   nodeid: ""\000\000\000\000\000\000\000\000\000\000\000\000\000\000\000\000\000\000\000\000\000\000\000\000\000\000\000\000\000\000\000\000\000""; }; requestCookie: 5; "
1750527535225,1750527535225,2261,1,0,1,TMValidation,"validation: """"\200\000\000\001&\000\000\000\006)/\351\252\255:p\210\265\307-\212\200\004Q\360\215\2502\265\245\310\226\243c\302Ze\306\253#r\020\211\320iG\276\020E\317\035Sf\223F\254P\027\000\000\000\000\000\000\000\000\000\000\000\000\000\000\000\000\000\000\000\000\000\000\000\000\000\000\000\000\000\000\000\000P\031\331]\036\237\306o!\223\221\002\324\031\262\240R\177 ,\214\325\Q])\016\2067\277\t\354\010\000s!\002\364d\217\366\217|\316F\232\231\241\n\261\333`\312O\367\235\025DD\336e\367\n\312\326\221\037\025\230vG0E\002!\000\270\334\275\007Q,\177\352@'|\202\273\270\334\321\225\0200\314\363]\313wAw}Z\303-\375\313\002 \034\207!\017'wq\360}\035\277d\220*\302\335{j\240(""h\206+~^P\252\000\213\261\331""; ","validation: """"\200\000\000\001&\000\000\000\006)/\351\252\255:p\210\265\307-\212\200\004Q\360\215\2502\265\245\310\226\243c\302Ze\306\253#r\020\211\320iG\276\020E\317\035Sf\223F\254P\027\000\000\000\000\000\000\000\000\000\000\000\000\000\000\000\000\000\000\000\000\000\000\000\000\000\000\000\000\000\000\000\000P\031\331]\036\237\306o!\223\221\002\324\031\262\240R\177 ,\214\325\Q])\016\2067\277\t\354\010\000s!\002\364d\217\366\217|\316F\232\231\241\n\261\333`\312O\367\235\025DD\336e\367\n\312\326\221\037\025\230vG0E\002!\000\270\334\275\007Q,\177\352@'|\202\273\270\334\321\225\0200\314\363]\313wAw}Z\303-\375\313\002 \034\207!\017'wq\360}\035\277d\220*\302\335{j\240(""h\206+~^P\252\000\213\261\331""; "
1750527535226,1750527535226,3085,1,3,0,TMLedgerData,"ledgerHash: ""[\000\302\314\326\214\276@c\240\272\222{\363\314\032\213\311\316\246/\330\302\014>\022\346\234\347\264\270\350""; ledgerSeq: 0; type: liTS_CANDIDATE; nodes {;   nodedata: ""\002i\361\030\371\256\265\036\320\273\013\357<\215/(\215[\231D\357Gd\372\270\316\261\301\342\327\225\241\000GZ\227\022t\201\240u\2324P\027\307M\337'Y\361[IAD\351\374!\232\005\337\376\252\251g\004\003"";   nodeid: ""\000\000\000\000\000\000\000\000\000\000\000\000\000\000\000\000\000\000\000\000\000\000\000\000\000\000\000\000\000\000\000\000\000""; }; ","ledgerHash: ""[\000\302\314\326\214\276@c\240\272\222{\363\314\032\213\311\316\246/\330\302\014>\022\346\234\347\264\270\350""; ledgerSeq: 0; type: liTS_CANDIDATE; nodes {;   nodedata: ""\002i\361\030\371\256\265\036\320\273\013\357<\215/(\215[\231D\357Gd\372\270\316\261\301\342\327\225\241\000GZ\227\022t\201\240u\2324P\027\307M\337'Y\361[IAD\351\374!\232\005\337\376\252\251g\004\003"";   nodeid: ""\000\000\000\000\000\000\000\000\000\000\000\000\000\000\000\000\000\000\000\000\000\000\000\000\000\000\000\000\000\000\000\000\000""; }; "
1750527535228,1750527535228,1539,1,4,2,TMLedgerData,"ledgerHash: ""[\000\302\314\326\214\276@c\240\272\222{\363\314\032\213\311\316\246/\330\302\014>\022\346\234\347\264\270\350""; ledgerSeq: 0; type: liTS_CANDIDATE; nodes {;   nodedata: ""\002i\361\030\371\256\265\036\320\273\013\357<\215/(\215[\231D\357Gd\372\270\316\261\301\342\327\225\241\000GZ\227\022t\201\240u\2324P\027\307M\337'Y\361[IAD\351\374!\232\005\337\376\252\251g\004\003"";   nodeid: ""\000\000\000\000\000\000\000\000\000\000\000\000\000\000\000\000\000\000\000\000\000\000\000\000\000\000\000\000\000\000\000\000\000""; }; requestCookie: 3; ","ledgerHash: ""[\000\302\314\326\214\276@c\240\272\222{\363\314\032\213\311\316\246/\330\302\014>\022\346\234\347\264\270\350""; ledgerSeq: 0; type: liTS_CANDIDATE; nodes {;   nodedata: ""\002i\361\030\371\256\265\036\320\273\013\357<\215/(\215[\231D\357Gd\372\270\316\261\301\342\327\225\241\000GZ\227\022t\201\240u\2324P\027\307M\337'Y\361[IAD\351\374!\232\005\337\376\252\251g\004\003"";   nodeid: ""\000\000\000\000\000\000\000\000\000\000\000\000\000\000\000\000\000\000\000\000\000\000\000\000\000\000\000\000\000\000\000\000\000""; }; requestCookie: 3; "
1750527535234,1750527535234,612,1,2,0,TMLedgerData,"ledgerHash: ""\360\215\2502\265\245\310\226\243c\302Ze\306\253#r\020\211\320iG\276\020E\317\035Sf\223F\254""; ledgerSeq: 6; type: liBASE; nodes {;   nodedata: ""\000\000\000\006\001cEx]\211\377\342\331]\036\237\306o!\223\221\002\324\031\262\240R\177 ,\214\325\Q])\016\2067\277\t\354\010\000\000\000\000\000\000\000\000\000\000\000\000\000\000\000\000\000\000\000\000\000\000\000\000\000\000\000\000\000\000\000\000\000;\\334dC\372\352v(\002\203\271\206-\030\334\035kf\277\307\257KU\317""\352\376\225T~7/\351\252\252/\351\252\253\n\000""; }; nodes {;   nodedata: ""\341\035\262xv\226\317f5\366\365\252a\177\355\302\326\t\222~j\320f\374/ \363\256\257\361 \303\001\301\025%1L\307\t\261\262z\374\222T\301\274V\236\223\262\270Ct\362\337b\356\024*\324\320\351\317\002k\336\234\027v\351\217\260\303\360\233ZPZWr\246$w\313\313\r\243r\232\2234\373\3539:N\004;tP\302\307\005x\n\302lQ\275\237<g\321\233$\274p\355\310J\230\370\306\264\314\367C\275\272\006E\344\037@\210\363\010\336T\226\247'\204_{\261\370""1\235\2445\343\033Y!\212\201\341\272\225'\007\251:\312'v\340W\267\255\263\260Tw\t\325Y\300\315\030\025:a\200\000V\277\320i\330\327I\036\013\003""; }; ","ledgerHash: ""\360\215\2502\265\245\310\226\243c\302Ze\306\253#r\020\211\320iG\276\020E\317\035Sf\223F\254""; ledgerSeq: 6; type: liBASE; nodes {;   nodedata: ""\000\000\000\006\001cEx]\211\377\342\331]\036\237\306o!\223\221\002\324\031\262\240R\177 ,\214\325\Q])\016\2067\277\t\354\010\000\000\000\000\000\000\000\000\000\000\000\000\000\000\000\000\000\000\000\000\000\000\000\000\000\000\000\000\000\000\000\000\000;\\334dC\372\352v(\002\203\271\206-\030\334\035kf\277\307\257KU\317""\352\376\225T~7/\351\252\252/\351\252\253\n\000""; }; nodes {;   nodedata: ""\341\035\262xv\226\317f5\366\365\252a\177\355\302\326\t\222~j\320f\374/ \363\256\257\361 \303\001\301\025%1L\307\t\261\262z\374\222T\301\274V\236\223\262\270Ct\362\337b\356\024*\324\320\351\317\002k\336\234\027v\351\217\260\303\360\233ZPZWr\246$w\313\313\r\243r\232\2234\373\3539:N\004;tP\302\307\005x\n\302lQ\275\237<g\321\233$\274p\355\310J\230\370\306\264\314\367C\275\272\006E\344\037@\210\363\010\336T\226\247'\204_{\261\370""1\235\2445\343\033Y!\212\201\341\272\225'\007\251:\312'v\340W\267\255\263\260Tw\t\325Y\300\315\030\025:a\200\000V\277\320i\330\327I\036\013\003""; }; "
1750527535249,1750527535249,2523,1,3,2,TMLedgerData,"ledgerHash: ""[\000\302\314\326\214\276@c\240\272\222{\363\314\032\213\311\316\246/\330\302\014>\022\346\234\347\264\270\350""; ledgerSeq: 0; type: liTS_CANDIDATE; nodes {;   nodedata: ""\002i\361\030\371\256\265\036\320\273\013\357<\215/(\215[\231D\357Gd\372\270\316\261\301\342\327\225\241\000GZ\227\022t\201\240u\2324P\027\307M\337'Y\361[IAD\351\374!\232\005\337\376\252\251g\004\003"";   nodeid: ""\000\000\000\000\000\000\000\000\000\000\000\000\000\000\000\000\000\000\000\000\000\000\000\000\000\000\000\000\000\000\000\000\000""; }; ","ledgerHash: ""[\000\302\314\326\214\276@c\240\272\222{\363\314\032\213\311\316\246/\330\302\014>\022\346\234\347\264\270\350""; ledgerSeq: 0; type: liTS_CANDIDATE; nodes {;   nodedata: ""\002i\361\030\371\256\265\036\320\273\013\357<\215/(\215[\231D\357Gd\372\270\316\261\301\342\327\225\241\000GZ\227\022t\201\240u\2324P\027\307M\337'Y\361[IAD\351\374!\232\005\337\376\252\251g\004\003"";   nodeid: ""\000\000\000\000\000\000\000\000\000\000\000\000\000\000\000\000\000\000\000\000\000\000\000\000\000\000\000\000\000\000\000\000\000""; }; "
1750527535253,1750527535253,1996,1,0,4,TMLedgerData,"ledgerHash: ""'\274\220\233\332\373\335\027\332I\377y`\224\260\350-\215\335\267[\036\265\265\252`\026&\030{\362\363""; ledgerSeq: 0; type: liTS_CANDIDATE; nodes {;   nodedata: ""\002i\361\030\371\256\265\036\320\273\013\357<\215/(\215[\231D\357Gd\372\270\316\261\301\342\327\225\241\000GZ\227\022t\201\240u\2324P\027\307M\337'Y\361[IAD\351\374!\232\005\337\376\252\251g\004\240\231\202k\030<\225\205;%\337\001\376d\216V\310\306k>\373\322\372\353b\3659\350\345\324F\026\n\003"";   nodeid: ""\000\000\000\000\000\000\000\000\000\000\000\000\000\000\000\000\000\000\000\000\000\000\000\000\000\000\000\000\000\000\000\000\000""; }; ","ledgerHash: ""'\274\220\233\332\373\335\027\332I\377y`\224\260\350-\215\335\267[\036\265\265\252`\026&\030{\362\363""; ledgerSeq: 0; type: liTS_CANDIDATE; nodes {;   nodedata: ""\002i\361\030\371\256\265\036\320\273\013\357<\215/(\215[\231D\357Gd\372\270\316\261\301\342\327\225\241\000GZ\227\022t\201\240u\2324P\027\307M\337'Y\361[IAD\351\374!\232\005\337\376\252\251g\004\240\231\202k\030<\225\205;%\337\001\376d\216V\310\306k>\373\322\372\353b\3659\350\345\324F\026\n\003"";   nodeid: ""\000\000\000\000\000\000\000\000\000\000\000\000\000\000\000\000\000\000\000\000\000\000\000\000\000\000\000\000\000\000\000\000\000""; }; "
1750527535257,1750527535257,860,1,1,0,TMLedgerData,"ledgerHash: ""[\000\302\314\326\214\276@c\240\272\222{\363\314\032\213\311\316\246/\330\302\014>\022\346\234\347\264\270\350""; ledgerSeq: 0; type: liTS_CANDIDATE; nodes {;   nodedata: ""\002i\361\030\371\256\265\036\320\273\013\357<\215/(\215[\231D\357Gd\372\270\316\261\301\342\327\225\241\000GZ\227\022t\201\240u\2324P\027\307M\337'Y\361[IAD\351\374!\232\005\337\376\252\251g\004\003"";   nodeid: ""\000\000\000\000\000\000\000\000\000\000\000\000\000\000\000\000\000\000\000\000\000\000\000\000\000\000\000\000\000\000\000\000\000""; }; ","ledgerHash: ""[\000\302\314\326\214\276@c\240\272\222{\363\314\032\213\311\316\246/\330\302\014>\022\346\234\347\264\270\350""; ledgerSeq: 0; type: liTS_CANDIDATE; nodes {;   nodedata: ""\002i\361\030\371\256\265\036\320\273\013\357<\215/(\215[\231D\357Gd\372\270\316\261\301\342\327\225\241\000GZ\227\022t\201\240u\2324P\027\307M\337'Y\361[IAD\351\374!\232\005\337\376\252\251g\004\003"";   nodeid: ""\000\000\000\000\000\000\000\000\000\000\000\000\000\000\000\000\000\000\000\000\000\000\000\000\000\000\000\000\000\000\000\000\000""; }; "
1750527535261,1750527535261,3719,1,2,4,TMGetLedger,"itype: liTS_CANDIDATE; ledgerHash: ""[\000\302\314\326\214\276@c\240\272\222{\363\314\032\213\311\316\246/\330\302\014>\022\346\234\347\264\270\350""; nodeIDs: ""\000\000\000\000\000\000\000\000\000\000\000\000\000\000\000\000\000\000\000\000\000\000\000\000\000\000\000\000\000\000\000\000\000""; requestCookie: 3; queryType: qtINDIRECT; queryDepth: 3; ","itype: liTS_CANDIDATE; ledgerHash: ""[\000\302\314\326\214\276@c\240\272\222{\363\314\032\213\311\316\246/\330\302\014>\022\346\234\347\264\270\350""; nodeIDs: ""\000\000\000\000\000\000\000\000\000\000\000\000\000\000\000\000\000\000\000\000\000\000\000\000\000\000\000\000\000\000\000\000\000""; requestCookie: 3; queryType: qtINDIRECT; queryDepth: 3; "
1750527535278,1750527535278,612,1,2,0,TMLedgerData,"ledgerHash: ""\360\215\2502\265\245\310\226\243c\302Ze\306\253#r\020\211\320iG\276\020E\317\035Sf\223F\254""; ledgerSeq: 6; type: liBASE; nodes {;   nodedata: ""\000\000\000\006\001cEx]\211\377\342\331]\036\237\306o!\223\221\002\324\031\262\240R\177 ,\214\325\Q])\016\2067\277\t\354\010\000\000\000\000\000\000\000\000\000\000\000\000\000\000\000\000\000\000\000\000\000\000\000\000\000\000\000\000\000\000\000\000\000;\\334dC\372\352v(\002\203\271\206-\030\334\035kf\277\307\257KU\317""\352\376\225T~7/\351\252\252/\351\252\253\n\000""; }; nodes {;   nodedata: ""\341\035\262xv\226\317f5\366\365\252a\177\355\302\326\t\222~j\320f\374/ \363\256\257\361 \303\001\301\025%1L\307\t\261\262z\374\222T\301\274V\236\223\262\270Ct\362\337b\356\024*\324\320\351\317\002k\336\234\027v\351\217\260\303\360\233ZPZWr\246$w\313\313\r\243r\232\2234\373\3539:N\004;tP\302\307\005x\n\302lQ\275\237<g\321\233$\274p\355\310J\230\370\306\264\314\367C\275\272\006E\344\037@\210\363\010\336T\226\247'\204_{\261\370""1\235\2445\343\033Y!\212\201\341\272\225'\007\251:\312'v\340W\267\255\263\260Tw\t\325Y\300\315\030\025:a\200\000V\277\320i\330\327I\036\013\003""; }; ","ledgerHash: ""\360\215\2502\265\245\310\226\243c\302Ze\306\253#r\020\211\320iG\276\020E\317\035Sf\223F\254""; ledgerSeq: 6; type: liBASE; nodes {;   nodedata: ""\000\000\000\006\001cEx]\211\377\342\331]\036\237\306o!\223\221\002\324\031\262\240R\177 ,\214\325\Q])\016\2067\277\t\354\010\000\000\000\000\000\000\000\000\000\000\000\000\000\000\000\000\000\000\000\000\000\000\000\000\000\000\000\000\000\000\000\000\000;\\334dC\372\352v(\002\203\271\206-\030\334\035kf\277\307\257KU\317""\352\376\225T~7/\351\252\252/\351\252\253\n\000""; }; nodes {;   nodedata: ""\341\035\262xv\226\317f5\366\365\252a\177\355\302\326\t\222~j\320f\374/ \363\256\257\361 \303\001\301\025%1L\307\t\261\262z\374\222T\301\274V\236\223\262\270Ct\362\337b\356\024*\324\320\351\317\002k\336\234\027v\351\217\260\303\360\233ZPZWr\246$w\313\313\r\243r\232\2234\373\3539:N\004;tP\302\307\005x\n\302lQ\275\237<g\321\233$\274p\355\310J\230\370\306\264\314\367C\275\272\006E\344\037@\210\363\010\336T\226\247'\204_{\261\370""1\235\2445\343\033Y!\212\201\341\272\225'\007\251:\312'v\340W\267\255\263\260Tw\t\325Y\300\315\030\025:a\200\000V\277\320i\330\327I\036\013\003""; }; "
1750527535283,1750527535283,1813,1,3,1,TMLedgerData,"ledgerHash: ""[\000\302\314\326\214\276@c\240\272\222{\363\314\032\213\311\316\246/\330\302\014>\022\346\234\347\264\270\350""; ledgerSeq: 0; type: liTS_CANDIDATE; nodes {;   nodedata: ""\002i\361\030\371\256\265\036\320\273\013\357<\215/(\215[\231D\357Gd\372\270\316\261\301\342\327\225\241\000GZ\227\022t\201\240u\2324P\027\307M\337'Y\361[IAD\351\374!\232\005\337\376\252\251g\004\003"";   nodeid: ""\000\000\000\000\000\000\000\000\000\000\000\000\000\000\000\000\000\000\000\000\000\000\000\000\000\000\000\000\000\000\000\000\000""; }; ","ledgerHash: ""[\000\302\314\326\214\276@c\240\272\222{\363\314\032\213\311\316\246/\330\302\014>\022\346\234\347\264\270\350""; ledgerSeq: 0; type: liTS_CANDIDATE; nodes {;   nodedata: ""\002i\361\030\371\256\265\036\320\273\013\357<\215/(\215[\231D\357Gd\372\270\316\261\301\342\327\225\241\000GZ\227\022t\201\240u\2324P\027\307M\337'Y\361[IAD\351\374!\232\005\337\376\252\251g\004\003"";   nodeid: ""\000\000\000\000\000\000\000\000\000\000\000\000\000\000\000\000\000\000\000\000\000\000\000\000\000\000\000\000\000\000\000\000\000""; }; "
1750527535296,1750527535297,1968,1,1,2,TMLedgerData,"ledgerHash: ""[\000\302\314\326\214\276@c\240\272\222{\363\314\032\213\311\316\246/\330\302\014>\022\346\234\347\264\270\350""; ledgerSeq: 0; type: liTS_CANDIDATE; nodes {;   nodedata: ""\002i\361\030\371\256\265\036\320\273\013\357<\215/(\215[\231D\357Gd\372\270\316\261\301\342\327\225\241\000GZ\227\022t\201\240u\2324P\027\307M\337'Y\361[IAD\351\374!\232\005\337\376\252\251g\004\003"";   nodeid: ""\000\000\000\000\000\000\000\000\000\000\000\000\000\000\000\000\000\000\000\000\000\000\000\000\000\000\000\000\000\000\000\000\000""; }; ","ledgerHash: ""[\000\302\314\326\214\276@c\240\272\222{\363\314\032\213\311\316\246/\330\302\014>\022\346\234\347\264\270\350""; ledgerSeq: 0; type: liTS_CANDIDATE; nodes {;   nodedata: ""\002i\361\030\371\256\265\036\320\273\013\357<\215/(\215[\231D\357Gd\372\270\316\261\301\342\327\225\241\000GZ\227\022t\201\240u\2324P\027\307M\337'Y\361[IAD\351\374!\232\005\337\376\252\251g\004\003"";   nodeid: ""\000\000\000\000\000\000\000\000\000\000\000\000\000\000\000\000\000\000\000\000\000\000\000\000\000\000\000\000\000\000\000\000\000""; }; "
1750527535301,1750527535301,1539,1,4,2,TMLedgerData,"ledgerHash: ""[\000\302\314\326\214\276@c\240\272\222{\363\314\032\213\311\316\246/\330\302\014>\022\346\234\347\264\270\350""; ledgerSeq: 0; type: liTS_CANDIDATE; nodes {;   nodedata: ""\002i\361\030\371\256\265\036\320\273\013\357<\215/(\215[\231D\357Gd\372\270\316\261\301\342\327\225\241\000GZ\227\022t\201\240u\2324P\027\307M\337'Y\361[IAD\351\374!\232\005\337\376\252\251g\004\003"";   nodeid: ""\000\000\000\000\000\000\000\000\000\000\000\000\000\000\000\000\000\000\000\000\000\000\000\000\000\000\000\000\000\000\000\000\000""; }; requestCookie: 2; ","ledgerHash: ""[\000\302\314\326\214\276@c\240\272\222{\363\314\032\213\311\316\246/\330\302\014>\022\346\234\347\264\270\350""; ledgerSeq: 0; type: liTS_CANDIDATE; nodes {;   nodedata: ""\002i\361\030\371\256\265\036\320\273\013\357<\215/(\215[\231D\357Gd\372\270\316\261\301\342\327\225\241\000GZ\227\022t\201\240u\2324P\027\307M\337'Y\361[IAD\351\374!\232\005\337\376\252\251g\004\003"";   nodeid: ""\000\000\000\000\000\000\000\000\000\000\000\000\000\000\000\000\000\000\000\000\000\000\000\000\000\000\000\000\000\000\000\000\000""; }; requestCookie: 2; "
1750527535313,1750527535313,783,1,4,2,TMValidation,"validation: """"\200\000\000\001&\000\000\000\006)/\351\252\256:\355<\266\216~aC\027Q\360\215\2502\265\245\310\226\243c\302Ze\306\253#r\020\211\320iG\276\020E\317\035Sf\223F\254P\027\000\000\000\000\000\000\000\000\000\000\000\000\000\000\000\000\000\000\000\000\000\000\000\000\000\000\000\000\000\000\000\000P\031\331]\036\237\306o!\223\221\002\324\031\262\240R\177 ,\214\325\Q])\016\2067\277\t\354\010\000s!\002\225aM\037\203M\271C\224]$\245\215\334\264;{{\365%Z\2443U\201\242\320iUc\207\367vF0D\002 \007\021\031+\364\200\263\200T\327\310+7\313\271i\t1hx\352\327\001S\335/Z\334U\312\027\374\002 '0r\303\332N\216J\312%V\252\372[\265\320z\035\215\315\236\222\242R/\301}U\270\022\202\276""; ","validation: """"\200\000\000\001&\000\000\000\006)/\351\252\256:\355<\266\216~aC\027Q\360\215\2502\265\245\310\226\243c\302Ze\306\253#r\020\211\320iG\276\020E\317\035Sf\223F\254P\027\000\000\000\000\000\000\000\000\000\000\000\000\000\000\000\000\000\000\000\000\000\000\000\000\000\000\000\000\000\000\000\000P\031\331]\036\237\306o!\223\221\002\324\031\262\240R\177 ,\214\325\Q])\016\2067\277\t\354\010\000s!\002\225aM\037\203M\271C\224]$\245\215\334\264;{{\365%Z\2443U\201\242\320iUc\207\367vF0D\002 \007\021\031+\364\200\263\200T\327\310+7\313\271i\t1hx\352\327\001S\335/Z\334U\312\027\374\002 '0r\303\332N\216J\312%V\252\372[\265\320z\035\215\315\236\222\242R/\301}U\270\022\202\276""; "
1750527535313,1750527535313,3620,1,4,3,TMValidation,"validation: """"\200\000\000\001&\000\000\000\006)/\351\252\256:\355<\266\216~aC\027Q\360\215\2502\265\245\310\226\243c\302Ze\306\253#r\020\211\320iG\276\020E\317\035Sf\223F\254P\027\000\000\000\000\000\000\000\000\000\000\000\000\000\000\000\000\000\000\000\000\000\000\000\000\000\000\000\000\000\000\000\000P\031\331]\036\237\306o!\223\221\002\324\031\262\240R\177 ,\214\325\Q])\016\2067\277\t\354\010\000s!\002\225aM\037\203M\271C\224]$\245\215\334\264;{{\365%Z\2443U\201\242\320iUc\207\367vF0D\002 \007\021\031+\364\200\263\200T\327\310+7\313\271i\t1hx\352\327\001S\335/Z\334U\312\027\374\002 '0r\303\332N\216J\312%V\252\372[\265\320z\035\215\315\236\222\242R/\301}U\270\022\202\276""; ","validation: """"\200\000\000\001&\000\000\000\006)/\351\252\256:\355<\266\216~aC\027Q\360\215\2502\265\245\310\226\243c\302Ze\306\253#r\020\211\320iG\276\020E\317\035Sf\223F\254P\027\000\000\000\000\000\000\000\000\000\000\000\000\000\000\000\000\000\000\000\000\000\000\000\000\000\000\000\000\000\000\000\000P\031\331]\036\237\306o!\223\221\002\324\031\262\240R\177 ,\214\325\Q])\016\2067\277\t\354\010\000s!\002\225aM\037\203M\271C\224]$\245\215\334\264;{{\365%Z\2443U\201\242\320iUc\207\367vF0D\002 \007\021\031+\364\200\263\200T\327\310+7\313\271i\t1hx\352\327\001S\335/Z\334U\312\027\374\002 '0r\303\332N\216J\312%V\252\372[\265\320z\035\215\315\236\222\242R/\301}U\270\022\202\276""; "
1750527535313,1750527535313,3803,1,4,1,TMValidation,"validation: """"\200\000\000\001&\000\000\000\006)/\351\252\256:\355<\266\216~aC\027Q\360\215\2502\265\245\310\226\243c\302Ze\306\253#r\020\211\320iG\276\020E\317\035Sf\223F\254P\027\000\000\000\000\000\000\000\000\000\000\000\000\000\000\000\000\000\000\000\000\000\000\000\000\000\000\000\000\000\000\000\000P\031\331]\036\237\306o!\223\221\002\324\031\262\240R\177 ,\214\325\Q])\016\2067\277\t\354\010\000s!\002\225aM\037\203M\271C\224]$\245\215\334\264;{{\365%Z\2443U\201\242\320iUc\207\367vF0D\002 \007\021\031+\364\200\263\200T\327\310+7\313\271i\t1hx\352\327\001S\335/Z\334U\312\027\374\002 '0r\303\332N\216J\312%V\252\372[\265\320z\035\215\315\236\222\242R/\301}U\270\022\202\276""; ","validation: """"\200\000\000\001&\000\000\000\006)/\351\252\256:\355<\266\216~aC\027Q\360\215\2502\265\245\310\226\243c\302Ze\306\253#r\020\211\320iG\276\020E\317\035Sf\223F\254P\027\000\000\000\000\000\000\000\000\000\000\000\000\000\000\000\000\000\000\000\000\000\000\000\000\000\000\000\000\000\000\000\000P\031\331]\036\237\306o!\223\221\002\324\031\262\240R\177 ,\214\325\Q])\016\2067\277\t\354\010\000s!\002\225aM\037\203M\271C\224]$\245\215\334\264;{{\365%Z\2443U\201\242\320iUc\207\367vF0D\002 \007\021\031+\364\200\263\200T\327\310+7\313\271i\t1hx\352\327\001S\335/Z\334U\312\027\374\002 '0r\303\332N\216J\312%V\252\372[\265\320z\035\215\315\236\222\242R/\301}U\270\022\202\276""; "
1750527535320,1750527535320,1144,1,4,1,TMLedgerData,"ledgerHash: ""[\000\302\314\326\214\276@c\240\272\222{\363\314\032\213\311\316\246/\330\302\014>\022\346\234\347\264\270\350""; ledgerSeq: 0; type: liTS_CANDIDATE; nodes {;   nodedata: ""\002i\361\030\371\256\265\036\320\273\013\357<\215/(\215[\231D\357Gd\372\270\316\261\301\342\327\225\241\000GZ\227\022t\201\240u\2324P\027\307M\337'Y\361[IAD\351\374!\232\005\337\376\252\251g\004\003"";   nodeid: ""\000\000\000\000\000\000\000\000\000\000\000\000\000\000\000\000\000\000\000\000\000\000\000\000\000\000\000\000\000\000\000\000\000""; }; requestCookie: 4; ","ledgerHash: ""[\000\302\314\326\214\276@c\240\272\222{\363\314\032\213\311\316\246/\330\302\014>\022\346\234\347\264\270\350""; ledgerSeq: 0; type: liTS_CANDIDATE; nodes {;   nodedata: ""\002i\361\030\371\256\265\036\320\273\013\357<\215/(\215[\231D\357Gd\372\270\316\261\301\342\327\225\241\000GZ\227\022t\201\240u\2324P\027\307M\337'Y\361[IAD\351\374!\232\005\337\376\252\251g\004\003"";   nodeid: ""\000\000\000\000\000\000\000\000\000\000\000\000\000\000\000\000\000\000\000\000\000\000\000\000\000\000\000\000\000\000\000\000\000""; }; requestCookie: 4; "
1750527535323,1750527535323,1497,1,0,3,TMLedgerData,"ledgerHash: ""[\000\302\314\326\214\276@c\240\272\222{\363\314\032\213\311\316\246/\330\302\014>\022\346\234\347\264\270\350""; ledgerSeq: 0; type: liTS_CANDIDATE; nodes {;   nodedata: ""\002i\361\030\371\256\265\036\320\273\013\357<\215/(\215[\231D\357Gd\372\270\316\261\301\342\327\225\241\000GZ\227\022t\201\240u\2324P\027\307M\337'Y\361[IAD\351\374!\232\005\337\376\252\251g\004\003"";   nodeid: ""\000\000\000\000\000\000\000\000\000\000\000\000\000\000\000\000\000\000\000\000\000\000\000\000\000\000\000\000\000\000\000\000\000""; }; ","ledgerHash: ""[\000\302\314\326\214\276@c\240\272\222{\363\314\032\213\311\316\246/\330\302\014>\022\346\234\347\264\270\350""; ledgerSeq: 0; type: liTS_CANDIDATE; nodes {;   nodedata: ""\002i\361\030\371\256\265\036\320\273\013\357<\215/(\215[\231D\357Gd\372\270\316\261\301\342\327\225\241\000GZ\227\022t\201\240u\2324P\027\307M\337'Y\361[IAD\351\374!\232\005\337\376\252\251g\004\003"";   nodeid: ""\000\000\000\000\000\000\000\000\000\000\000\000\000\000\000\000\000\000\000\000\000\000\000\000\000\000\000\000\000\000\000\000\000""; }; "
1750527535323,1750527535323,1144,1,4,1,TMLedgerData,"ledgerHash: ""[\000\302\314\326\214\276@c\240\272\222{\363\314\032\213\311\316\246/\330\302\014>\022\346\234\347\264\270\350""; ledgerSeq: 0; type: liTS_CANDIDATE; nodes {;   nodedata: ""\002i\361\030\371\256\265\036\320\273\013\357<\215/(\215[\231D\357Gd\372\270\316\261\301\342\327\225\241\000GZ\227\022t\201\240u\2324P\027\307M\337'Y\361[IAD\351\374!\232\005\337\376\252\251g\004\003"";   nodeid: ""\000\000\000\000\000\000\000\000\000\000\000\000\000\000\000\000\000\000\000\000\000\000\000\000\000\000\000\000\000\000\000\000\000""; }; ","ledgerHash: ""[\000\302\314\326\214\276@c\240\272\222{\363\314\032\213\311\316\246/\330\302\014>\022\346\234\347\264\270\350""; ledgerSeq: 0; type: liTS_CANDIDATE; nodes {;   nodedata: ""\002i\361\030\371\256\265\036\320\273\013\357<\215/(\215[\231D\357Gd\372\270\316\261\301\342\327\225\241\000GZ\227\022t\201\240u\2324P\027\307M\337'Y\361[IAD\351\374!\232\005\337\376\252\251g\004\003"";   nodeid: ""\000\000\000\000\000\000\000\000\000\000\000\000\000\000\000\000\000\000\000\000\000\000\000\000\000\000\000\000\000\000\000\000\000""; }; "
1750527535325,1750527535325,3578,1,1,3,TMLedgerData,"ledgerHash: ""\310\200l\322\255\214\342'\243\202\375k%_\335\032N\021G\005\230\271\366~%e\366\202l^\rR""; ledgerSeq: 0; type: liTS_CANDIDATE; nodes {;   nodedata: ""GZ\227\022t\201\240u\2324P\027\307M\337'Y\361[IAD\351\374!\232\005\337\376\252\251g\004\003"";   nodeid: ""\000\000\000\000\000\000\000\000\000\000\000\000\000\000\000\000\000\000\000\000\000\000\000\000\000\000\000\000\000\000\000\000\000""; }; ","ledgerHash: ""\310\200l\322\255\214\342'\243\202\375k%_\335\032N\021G\005\230\271\366~%e\366\202l^\rR""; ledgerSeq: 0; type: liTS_CANDIDATE; nodes {;   nodedata: ""GZ\227\022t\201\240u\2324P\027\307M\337'Y\361[IAD\351\374!\232\005\337\376\252\251g\004\003"";   nodeid: ""\000\000\000\000\000\000\000\000\000\000\000\000\000\000\000\000\000\000\000\000\000\000\000\000\000\000\000\000\000\000\000\000\000""; }; "
1750527535340,1750527535340,1665,1,2,3,TMLedgerData,"ledgerHash: ""\310\200l\322\255\214\342'\243\202\375k%_\335\032N\021G\005\230\271\366~%e\366\202l^\rR""; ledgerSeq: 0; type: liTS_CANDIDATE; nodes {;   nodedata: ""GZ\227\022t\201\240u\2324P\027\307M\337'Y\361[IAD\351\374!\232\005\337\376\252\251g\004\003"";   nodeid: ""\000\000\000\000\000\000\000\000\000\000\000\000\000\000\000\000\000\000\000\000\000\000\000\000\000\000\000\000\000\000\000\000\000""; }; ","ledgerHash: ""\310\200l\322\255\214\342'\243\202\375k%_\335\032N\021G\005\230\271\366~%e\366\202l^\rR""; ledgerSeq: 0; type: liTS_CANDIDATE; nodes {;   nodedata: ""GZ\227\022t\201\240u\2324P\027\307M\337'Y\361[IAD\351\374!\232\005\337\376\252\251g\004\003"";   nodeid: ""\000\000\000\000\000\000\000\000\000\000\000\000\000\000\000\000\000\000\000\000\000\000\000\000\000\000\000\000\000\000\000\000\000""; }; "
1750527535350,1750527535350,3818,1,0,2,TMLedgerData,"ledgerHash: ""[\000\302\314\326\214\276@c\240\272\222{\363\314\032\213\311\316\246/\330\302\014>\022\346\234\347\264\270\350""; ledgerSeq: 0; type: liTS_CANDIDATE; nodes {;   nodedata: ""\002i\361\030\371\256\265\036\320\273\013\357<\215/(\215[\231D\357Gd\372\270\316\261\301\342\327\225\241\000GZ\227\022t\201\240u\2324P\027\307M\337'Y\361[IAD\351\374!\232\005\337\376\252\251g\004\003"";   nodeid: ""\000\000\000\000\000\000\000\000\000\000\000\000\000\000\000\000\000\000\000\000\000\000\000\000\000\000\000\000\000\000\000\000\000""; }; ","ledgerHash: ""[\000\302\314\326\214\276@c\240\272\222{\363\314\032\213\311\316\246/\330\302\014>\022\346\234\347\264\270\350""; ledgerSeq: 0; type: liTS_CANDIDATE; nodes {;   nodedata: ""\002i\361\030\371\256\265\036\320\273\013\357<\215/(\215[\231D\357Gd\372\270\316\261\301\342\327\225\241\000GZ\227\022t\201\240u\2324P\027\307M\337'Y\361[IAD\351\374!\232\005\337\376\252\251g\004\003"";   nodeid: ""\000\000\000\000\000\000\000\000\000\000\000\000\000\000\000\000\000\000\000\000\000\000\000\000\000\000\000\000\000\000\000\000\000""; }; "
1750527535366,1750527535366,1144,1,4,1,TMLedgerData,"ledgerHash: ""[\000\302\314\326\214\276@c\240\272\222{\363\314\032\213\311\316\246/\330\302\014>\022\346\234\347\264\270\350""; ledgerSeq: 0; type: liTS_CANDIDATE; nodes {;   nodedata: ""\002i\361\030\371\256\265\036\320\273\013\357<\215/(\215[\231D\357Gd\372\270\316\261\301\342\327\225\241\000GZ\227\022t\201\240u\2324P\027\307M\337'Y\361[IAD\351\374!\232\005\337\376\252\251g\004\003"";   nodeid: ""\000\000\000\000\000\000\000\000\000\000\000\000\000\000\000\000\000\000\000\000\000\000\000\000\000\000\000\000\000\000\000\000\000""; }; requestCookie: 3; ","ledgerHash: ""[\000\302\314\326\214\276@c\240\272\222{\363\314\032\213\311\316\246/\330\302\014>\022\346\234\347\264\270\350""; ledgerSeq: 0; type: liTS_CANDIDATE; nodes {;   nodedata: ""\002i\361\030\371\256\265\036\320\273\013\357<\215/(\215[\231D\357Gd\372\270\316\261\301\342\327\225\241\000GZ\227\022t\201\240u\2324P\027\307M\337'Y\361[IAD\351\374!\232\005\337\376\252\251g\004\003"";   nodeid: ""\000\000\000\000\000\000\000\000\000\000\000\000\000\000\000\000\000\000\000\000\000\000\000\000\000\000\000\000\000\000\000\000\000""; }; requestCookie: 3; "
1750527535368,1750527535368,1782,1,1,4,TMLedgerData,"ledgerHash: ""\310\200l\322\255\214\342'\243\202\375k%_\335\032N\021G\005\230\271\366~%e\366\202l^\rR""; ledgerSeq: 0; type: liTS_CANDIDATE; nodes {;   nodedata: ""GZ\227\022t\201\240u\2324P\027\307M\337'Y\361[IAD\351\374!\232\005\337\376\252\251g\004\003"";   nodeid: ""\000\000\000\000\000\000\000\000\000\000\000\000\000\000\000\000\000\000\000\000\000\000\000\000\000\000\000\000\000\000\000\000\000""; }; ","ledgerHash: ""\310\200l\322\255\214\342'\243\202\375k%_\335\032N\021G\005\230\271\366~%e\366\202l^\rR""; ledgerSeq: 0; type: liTS_CANDIDATE; nodes {;   nodedata: ""GZ\227\022t\201\240u\2324P\027\307M\337'Y\361[IAD\351\374!\232\005\337\376\252\251g\004\003"";   nodeid: ""\000\000\000\000\000\000\000\000\000\000\000\000\000\000\000\000\000\000\000\000\000\000\000\000\000\000\000\000\000\000\000\000\000""; }; "
1750527535409,1750527535409,269,1,3,2,TMHaveTransactionSet,"status: tsHAVE; hash: ""\363\262\310\025\251\261\276X\247\260J\221\345\357\037\231)|\321K\000\\326E\004\377\005\255""A?\250""; ","status: tsHAVE; hash: ""\363\262\310\025\251\261\276X\247\260J\221\345\357\037\231)|\321K\000\\326E\004\377\005\255""A?\250""; "
1750527535410,1750527535411,3830,1,3,1,TMProposeSet,"proposeSeq: 0; currentTxHash: ""\363\262\310\025\251\261\276X\247\260J\221\345\357\037\231)|\321K\000\\326E\004\377\005\255""A?\250""; nodePubKey: ""\002\364d\217\366\217|\316F\232\231\241\n\261\333`\312O\367\235\025DD\336e\367\n\312\326\221\037\025\230""; closeTime: 803842735; signature: ""0D\002 3\217\014\253\220\311\213\365\217\362\270z\027\272TP\247\000'N8\370NCc\031\032\234\305;\240\350\002 /\305\3337\037\327\214\345\017\3634-#\025\200\030\245\372t\304\372\364\025\362\200\271b\224\322\220\360h""; previousledger: ""\360\215\2502\265\245\310\226\243c\302Ze\306\253#r\020\211\320iG\276\020E\317\035Sf\223F\254""; ","proposeSeq: 0; currentTxHash: ""\363\262\310\025\251\261\276X\247\260J\221\345\357\037\231)|\321K\000\\326E\004\377\005\255""A?\250""; nodePubKey: ""\002\364d\217\366\217|\316F\232\231\241\n\261\333`\312O\367\235\025DD\336e\367\n\312\326\221\037\025\230""; closeTime: 803842735; signature: ""0D\002 3\217\014\253\220\311\213\365\217\362\270z\027\272TP\247\000'N8\370NCc\031\032\234\305;\240\350\002 /\305\3337\037\327\214\345\017\3634-#\025\200\030\245\372t\304\372\364\025\362\200\271b\224\322\220\360h""; previousledger: ""\360\215\2502\265\245\310\226\243c\302Ze\306\253#r\020\211\320iG\276\020E\317\035Sf\223F\254""; "
1750527535411,1750527535411,3058,1,3,1,TMHaveTransactionSet,"status: tsHAVE; hash: ""\363\262\310\025\251\261\276X\247\260J\221\345\357\037\231)|\321K\000\\326E\004\377\005\255""A?\250""; ","status: tsHAVE; hash: ""\363\262\310\025\251\261\276X\247\260J\221\345\357\037\231)|\321K\000\\326E\004\377\005\255""A?\250""; "
1750527535412,1750527535412,1740,1,3,4,TMHaveTransactionSet,"status: tsHAVE; hash: ""\363\262\310\025\251\261\276X\247\260J\221\345\357\037\231)|\321K\000\\326E\004\377\005\255""A?\250""; ","status: tsHAVE; hash: ""\363\262\310\025\251\261\276X\247\260J\221\345\357\037\231)|\321K\000\\326E\004\377\005\255""A?\250""; "
1750527535413,1750527535413,3179,1,3,0,TMHaveTransactionSet,"status: tsHAVE; hash: ""\363\262\310\025\251\261\276X\247\260J\221\345\357\037\231)|\321K\000\\326E\004\377\005\255""A?\250""; ","status: tsHAVE; hash: ""\363\262\310\025\251\261\276X\247\260J\221\345\357\037\231)|\321K\000\\326E\004\377\005\255""A?\250""; "
1750527535413,1750527535413,2201,1,3,0,TMProposeSet,"proposeSeq: 0; currentTxHash: ""\363\262\310\025\251\261\276X\247\260J\221\345\357\037\231)|\321K\000\\326E\004\377\005\255""A?\250""; nodePubKey: ""\002\364d\217\366\217|\316F\232\231\241\n\261\333`\312O\367\235\025DD\336e\367\n\312\326\221\037\025\230""; closeTime: 803842735; signature: ""0D\002 3\217\014\253\220\311\213\365\217\362\270z\027\272TP\247\000'N8\370NCc\031\032\234\305;\240\350\002 /\305\3337\037\327\214\345\017\3634-#\025\200\030\245\372t\304\372\364\025\362\200\271b\224\322\220\360h""; previousledger: ""\360\215\2502\265\245\310\226\243c\302Ze\306\253#r\020\211\320iG\276\020E\317\035Sf\223F\254""; ","proposeSeq: 0; currentTxHash: ""\363\262\310\025\251\261\276X\247\260J\221\345\357\037\231)|\321K\000\\326E\004\377\005\255""A?\250""; nodePubKey: ""\002\364d\217\366\217|\316F\232\231\241\n\261\333`\312O\367\235\025DD\336e\367\n\312\326\221\037\025\230""; closeTime: 803842735; signature: ""0D\002 3\217\014\253\220\311\213\365\217\362\270z\027\272TP\247\000'N8\370NCc\031\032\234\305;\240\350\002 /\305\3337\037\327\214\345\017\3634-#\025\200\030\245\372t\304\372\364\025\362\200\271b\224\322\220\360h""; previousledger: ""\360\215\2502\265\245\310\226\243c\302Ze\306\253#r\020\211\320iG\276\020E\317\035Sf\223F\254""; "
1750527535413,1750527535413,3787,1,3,2,TMProposeSet,"proposeSeq: 0; currentTxHash: ""\363\262\310\025\251\261\276X\247\260J\221\345\357\037\231)|\321K\000\\326E\004\377\005\255""A?\250""; nodePubKey: ""\002\364d\217\366\217|\316F\232\231\241\n\261\333`\312O\367\235\025DD\336e\367\n\312\326\221\037\025\230""; closeTime: 803842735; signature: ""0D\002 3\217\014\253\220\311\213\365\217\362\270z\027\272TP\247\000'N8\370NCc\031\032\234\305;\240\350\002 /\305\3337\037\327\214\345\017\3634-#\025\200\030\245\372t\304\372\364\025\362\200\271b\224\322\220\360h""; previousledger: ""\360\215\2502\265\245\310\226\243c\302Ze\306\253#r\020\211\320iG\276\020E\317\035Sf\223F\254""; ","proposeSeq: 0; currentTxHash: ""\363\262\310\025\251\261\276X\247\260J\221\345\357\037\231)|\321K\000\\326E\004\377\005\255""A?\250""; nodePubKey: ""\002\364d\217\366\217|\316F\232\231\241\n\261\333`\312O\367\235\025DD\336e\367\n\312\326\221\037\025\230""; closeTime: 803842735; signature: ""0D\002 3\217\014\253\220\311\213\365\217\362\270z\027\272TP\247\000'N8\370NCc\031\032\234\305;\240\350\002 /\305\3337\037\327\214\345\017\3634-#\025\200\030\245\372t\304\372\364\025\362\200\271b\224\322\220\360h""; previousledger: ""\360\215\2502\265\245\310\226\243c\302Ze\306\253#r\020\211\320iG\276\020E\317\035Sf\223F\254""; "
1750527535413,1750527535413,1272,1,3,4,TMProposeSet,"proposeSeq: 0; currentTxHash: ""\363\262\310\025\251\261\276X\247\260J\221\345\357\037\231)|\321K\000\\326E\004\377\005\255""A?\250""; nodePubKey: ""\002\364d\217\366\217|\316F\232\231\241\n\261\333`\312O\367\235\025DD\336e\367\n\312\326\221\037\025\230""; closeTime: 803842735; signature: ""0D\002 3\217\014\253\220\311\213\365\217\362\270z\027\272TP\247\000'N8\370NCc\031\032\234\305;\240\350\002 /\305\3337\037\327\214\345\017\3634-#\025\200\030\245\372t\304\372\364\025\362\200\271b\224\322\220\360h""; previousledger: ""\360\215\2502\265\245\310\226\243c\302Ze\306\253#r\020\211\320iG\276\020E\317\035Sf\223F\254""; ","proposeSeq: 0; currentTxHash: ""\363\262\310\025\251\261\276X\247\260J\221\345\357\037\231)|\321K\000\\326E\004\377\005\255""A?\250""; nodePubKey: ""\002\364d\217\366\217|\316F\232\231\241\n\261\333`\312O\367\235\025DD\336e\367\n\312\326\221\037\025\230""; closeTime: 803842735; signature: ""0D\002 3\217\014\253\220\311\213\365\217\362\270z\027\272TP\247\000'N8\370NCc\031\032\234\305;\240\350\002 /\305\3337\037\327\214\345\017\3634-#\025\200\030\245\372t\304\372\364\025\362\200\271b\224\322\220\360h""; previousledger: ""\360\215\2502\265\245\310\226\243c\302Ze\306\253#r\020\211\320iG\276\020E\317\035Sf\223F\254""; "
1750527535434,1750527535434,1434,1,0,1,TMLedgerData,"ledgerHash: ""\310\200l\322\255\214\342'\243\202\375k%_\335\032N\021G\005\230\271\366~%e\366\202l^\rR""; ledgerSeq: 0; type: liTS_CANDIDATE; nodes {;   nodedata: ""GZ\227\022t\201\240u\2324P\027\307M\337'Y\361[IAD\351\374!\232\005\337\376\252\251g\004\003"";   nodeid: ""\000\000\000\000\000\000\000\000\000\000\000\000\000\000\000\000\000\000\000\000\000\000\000\000\000\000\000\000\000\000\000\000\000""; }; requestCookie: 5; ","ledgerHash: ""\310\200l\322\255\214\342'\243\202\375k%_\335\032N\021G\005\230\271\366~%e\366\202l^\rR""; ledgerSeq: 0; type: liTS_CANDIDATE; nodes {;   nodedata: ""GZ\227\022t\201\240u\2324P\027\307M\337'Y\361[IAD\351\374!\232\005\337\376\252\251g\004\003"";   nodeid: ""\000\000\000\000\000\000\000\000\000\000\000\000\000\000\000\000\000\000\000\000\000\000\000\000\000\000\000\000\000\000\000\000\000""; }; requestCookie: 5; "
1750527535434,1750527535434,1434,1,0,1,TMLedgerData,"ledgerHash: ""[\000\302\314\326\214\276@c\240\272\222{\363\314\032\213\311\316\246/\330\302\014>\022\346\234\347\264\270\350""; ledgerSeq: 0; type: liTS_CANDIDATE; nodes {;   nodedata: ""\002i\361\030\371\256\265\036\320\273\013\357<\215/(\215[\231D\357Gd\372\270\316\261\301\342\327\225\241\000GZ\227\022t\201\240u\2324P\027\307M\337'Y\361[IAD\351\374!\232\005\337\376\252\251g\004\003"";   nodeid: ""\000\000\000\000\000\000\000\000\000\000\000\000\000\000\000\000\000\000\000\000\000\000\000\000\000\000\000\000\000\000\000\000\000""; }; ","ledgerHash: ""[\000\302\314\326\214\276@c\240\272\222{\363\314\032\213\311\316\246/\330\302\014>\022\346\234\347\264\270\350""; ledgerSeq: 0; type: liTS_CANDIDATE; nodes {;   nodedata: ""\002i\361\030\371\256\265\036\320\273\013\357<\215/(\215[\231D\357Gd\372\270\316\261\301\342\327\225\241\000GZ\227\022t\201\240u\2324P\027\307M\337'Y\361[IAD\351\374!\232\005\337\376\252\251g\004\003"";   nodeid: ""\000\000\000\000\000\000\000\000\000\000\000\000\000\000\000\000\000\000\000\000\000\000\000\000\000\000\000\000\000\000\000\000\000""; }; "
1750527535444,1750527535444,1539,1,4,2,TMLedgerData,"ledgerHash: ""[\000\302\314\326\214\276@c\240\272\222{\363\314\032\213\311\316\246/\330\302\014>\022\346\234\347\264\270\350""; ledgerSeq: 0; type: liTS_CANDIDATE; nodes {;   nodedata: ""\002i\361\030\371\256\265\036\320\273\013\357<\215/(\215[\231D\357Gd\372\270\316\261\301\342\327\225\241\000GZ\227\022t\201\240u\2324P\027\307M\337'Y\361[IAD\351\374!\232\005\337\376\252\251g\004\003"";   nodeid: ""\000\000\000\000\000\000\000\000\000\000\000\000\000\000\000\000\000\000\000\000\000\000\000\000\000\000\000\000\000\000\000\000\000""; }; requestCookie: 4; ","ledgerHash: ""[\000\302\314\326\214\276@c\240\272\222{\363\314\032\213\311\316\246/\330\302\014>\022\346\234\347\264\270\350""; ledgerSeq: 0; type: liTS_CANDIDATE; nodes {;   nodedata: ""\002i\361\030\371\256\265\036\320\273\013\357<\215/(\215[\231D\357Gd\372\270\316\261\301\342\327\225\241\000GZ\227\022t\201\240u\2324P\027\307M\337'Y\361[IAD\351\374!\232\005\337\376\252\251g\004\003"";   nodeid: ""\000\000\000\000\000\000\000\000\000\000\000\000\000\000\000\000\000\000\000\000\000\000\000\000\000\000\000\000\000\000\000\000\000""; }; requestCookie: 4; "
1750527535408,1750527535448,3432,1,3,2,TMStatusChange,"newEvent: neCLOSING_LEDGER; ledgerSeq: 6; ledgerHash: ""\360\215\2502\265\245\310\226\243c\302Ze\306\253#r\020\211\320iG\276\020E\317\035Sf\223F\254""; ledgerHashPrevious: ""\331]\036\237\306o!\223\221\002\324\031\262\240R\177 ,\214\325\Q])\016\2067\277\t\354\010\000""; networkTime: 803842735; firstSeq: 1; lastSeq: 6; ","newEvent: neCLOSING_LEDGER; ledgerSeq: 6; ledgerHash: ""\360\215\2502\265\245\310\226\243c\302Ze\306\253#r\020\211\320iG\276\020E\317\035Sf\223F\254""; ledgerHashPrevious: ""\331]\036\237\306o!\223\221\002\324\031\262\240R\177 ,\214\325\Q])\016\2067\277\t\354\010\000""; networkTime: 803842735; firstSeq: 1; lastSeq: 6; "
1750527535410,1750527535449,598,1,3,4,TMStatusChange,"newEvent: neCLOSING_LEDGER; ledgerSeq: 6; ledgerHash: ""\360\215\2502\265\245\310\226\243c\302Ze\306\253#r\020\211\320iG\276\020E\317\035Sf\223F\254""; ledgerHashPrevious: ""\331]\036\237\306o!\223\221\002\324\031\262\240R\177 ,\214\325\Q])\016\2067\277\t\354\010\000""; networkTime: 803842735; firstSeq: 1; lastSeq: 6; ","newEvent: neCLOSING_LEDGER; ledgerSeq: 6; ledgerHash: ""\360\215\2502\265\245\310\226\243c\302Ze\306\253#r\020\211\320iG\276\020E\317\035Sf\223F\254""; ledgerHashPrevious: ""\331]\036\237\306o!\223\221\002\324\031\262\240R\177 ,\214\325\Q])\016\2067\277\t\354\010\000""; networkTime: 803842735; firstSeq: 1; lastSeq: 6; "
1750527535410,1750527535449,1571,1,3,1,TMStatusChange,"newEvent: neCLOSING_LEDGER; ledgerSeq: 6; ledgerHash: ""\360\215\2502\265\245\310\226\243c\302Ze\306\253#r\020\211\320iG\276\020E\317\035Sf\223F\254""; ledgerHashPrevious: ""\331]\036\237\306o!\223\221\002\324\031\262\240R\177 ,\214\325\Q])\016\2067\277\t\354\010\000""; networkTime: 803842735; firstSeq: 1; lastSeq: 6; ","newEvent: neCLOSING_LEDGER; ledgerSeq: 6; ledgerHash: ""\360\215\2502\265\245\310\226\243c\302Ze\306\253#r\020\211\320iG\276\020E\317\035Sf\223F\254""; ledgerHashPrevious: ""\331]\036\237\306o!\223\221\002\324\031\262\240R\177 ,\214\325\Q])\016\2067\277\t\354\010\000""; networkTime: 803842735; firstSeq: 1; lastSeq: 6; "
1750527535412,1750527535450,3991,1,3,0,TMStatusChange,"newEvent: neCLOSING_LEDGER; ledgerSeq: 6; ledgerHash: ""\360\215\2502\265\245\310\226\243c\302Ze\306\253#r\020\211\320iG\276\020E\317\035Sf\223F\254""; ledgerHashPrevious: ""\331]\036\237\306o!\223\221\002\324\031\262\240R\177 ,\214\325\Q])\016\2067\277\t\354\010\000""; networkTime: 803842735; firstSeq: 1; lastSeq: 6; ","newEvent: neCLOSING_LEDGER; ledgerSeq: 6; ledgerHash: ""\360\215\2502\265\245\310\226\243c\302Ze\306\253#r\020\211\320iG\276\020E\317\035Sf\223F\254""; ledgerHashPrevious: ""\331]\036\237\306o!\223\221\002\324\031\262\240R\177 ,\214\325\Q])\016\2067\277\t\354\010\000""; networkTime: 803842735; firstSeq: 1; lastSeq: 6; "
1750527535465,1750527535465,3578,1,1,3,TMLedgerData,"ledgerHash: ""[\000\302\314\326\214\276@c\240\272\222{\363\314\032\213\311\316\246/\330\302\014>\022\346\234\347\264\270\350""; ledgerSeq: 0; type: liTS_CANDIDATE; nodes {;   nodedata: ""\002i\361\030\371\256\265\036\320\273\013\357<\215/(\215[\231D\357Gd\372\270\316\261\301\342\327\225\241\000GZ\227\022t\201\240u\2324P\027\307M\337'Y\361[IAD\351\374!\232\005\337\376\252\251g\004\003"";   nodeid: ""\000\000\000\000\000\000\000\000\000\000\000\000\000\000\000\000\000\000\000\000\000\000\000\000\000\000\000\000\000\000\000\000\000""; }; ","ledgerHash: ""[\000\302\314\326\214\276@c\240\272\222{\363\314\032\213\311\316\246/\330\302\014>\022\346\234\347\264\270\350""; ledgerSeq: 0; type: liTS_CANDIDATE; nodes {;   nodedata: ""\002i\361\030\371\256\265\036\320\273\013\357<\215/(\215[\231D\357Gd\372\270\316\261\301\342\327\225\241\000GZ\227\022t\201\240u\2324P\027\307M\337'Y\361[IAD\351\374!\232\005\337\376\252\251g\004\003"";   nodeid: ""\000\000\000\000\000\000\000\000\000\000\000\000\000\000\000\000\000\000\000\000\000\000\000\000\000\000\000\000\000\000\000\000\000""; }; "
1750527535465,1750527535465,1769,1,2,1,TMLedgerData,"ledgerHash: ""\360\215\2502\265\245\310\226\243c\302Ze\306\253#r\020\211\320iG\276\020E\317\035Sf\223F\254""; ledgerSeq: 6; type: liBASE; nodes {;   nodedata: ""\000\000\000\006\001cEx]\211\377\342\331]\036\237\306o!\223\221\002\324\031\262\240R\177 ,\214\325\Q])\016\2067\277\t\354\010\000\000\000\000\000\000\000\000\000\000\000\000\000\000\000\000\000\000\000\000\000\000\000\000\000\000\000\000\000\000\000\000\000;\\334dC\372\352v(\002\203\271\206-\030\334\035kf\277\307\257KU\317""\352\376\225T~7/\351\252\252/\351\252\253\n\000""; }; nodes {;   nodedata: ""\341\035\262xv\226\317f5\366\365\252a\177\355\302\326\t\222~j\320f\374/ \363\256\257\361 \303\001\301\025%1L\307\t\261\262z\374\222T\301\274V\236\223\262\270Ct\362\337b\356\024*\324\320\351\317\002k\336\234\027v\351\217\260\303\360\233ZPZWr\246$w\313\313\r\243r\232\2234\373\3539:N\004;tP\302\307\005x\n\302lQ\275\237<g\321\233$\274p\355\310J\230\370\306\264\314\367C\275\272\006E\344\037@\210\363\010\336T\226\247'\204_{\261\370""1\235\2445\343\033Y!\212\201\341\272\225'\007\251:\312'v\340W\267\255\263\260Tw\t\325Y\300\315\030\025:a\200\000V\277\320i\330\327I\036\013\003""; }; ","ledgerHash: ""\360\215\2502\265\245\310\226\243c\302Ze\306\253#r\020\211\320iG\276\020E\317\035Sf\223F\254""; ledgerSeq: 6; type: liBASE; nodes {;   nodedata: ""\000\000\000\006\001cEx]\211\377\342\331]\036\237\306o!\223\221\002\324\031\262\240R\177 ,\214\325\Q])\016\2067\277\t\354\010\000\000\000\000\000\000\000\000\000\000\000\000\000\000\000\000\000\000\000\000\000\000\000\000\000\000\000\000\000\000\000\000\000;\\334dC\372\352v(\002\203\271\206-\030\334\035kf\277\307\257KU\317""\352\376\225T~7/\351\252\252/\351\252\253\n\000""; }; nodes {;   nodedata: ""\341\035\262xv\226\317f5\366\365\252a\177\355\302\326\t\222~j\320f\374/ \363\256\257\361 \303\001\301\025%1L\307\t\261\262z\374\222T\301\274V\236\223\262\270Ct\362\337b\356\024*\324\320\351\317\002k\336\234\027v\351\217\260\303\360\233ZPZWr\246$w\313\313\r\243r\232\2234\373\3539:N\004;tP\302\307\005x\n\302lQ\275\237<g\321\233$\274p\355\310J\230\370\306\264\314\367C\275\272\006E\344\037@\210\363\010\336T\226\247'\204_{\261\370""1\235\2445\343\033Y!\212\201\341\272\225'\007\251:\312'v\340W\267\255\263\260Tw\t\325Y\300\315\030\025:a\200\000V\277\320i\330\327I\036\013\003""; }; "
1750527535472,1750527535472,2523,1,3,2,TMLedgerData,"ledgerHash: ""\310\200l\322\255\214\342'\243\202\375k%_\335\032N\021G\005\230\271\366~%e\366\202l^\rR""; ledgerSeq: 0; type: liTS_CANDIDATE; nodes {;   nodedata: ""GZ\227\022t\201\240u\2324P\027\307M\337'Y\361[IAD\351\374!\232\005\337\376\252\251g\004\003"";   nodeid: ""\000\000\000\000\000\000\000\000\000\000\000\000\000\000\000\000\000\000\000\000\000\000\000\000\000\000\000\000\000\000\000\000\000""; }; requestCookie: 5; ","ledgerHash: ""\310\200l\322\255\214\342'\243\202\375k%_\335\032N\021G\005\230\271\366~%e\366\202l^\rR""; ledgerSeq: 0; type: liTS_CANDIDATE; nodes {;   nodedata: ""GZ\227\022t\201\240u\2324P\027\307M\337'Y\361[IAD\351\374!\232\005\337\376\252\251g\004\003"";   nodeid: ""\000\000\000\000\000\000\000\000\000\000\000\000\000\000\000\000\000\000\000\000\000\000\000\000\000\000\000\000\000\000\000\000\000""; }; requestCookie: 5; "
1750527535477,1750527535477,3085,1,3,0,TMLedgerData,"ledgerHash: ""[\000\302\314\326\214\276@c\240\272\222{\363\314\032\213\311\316\246/\330\302\014>\022\346\234\347\264\270\350""; ledgerSeq: 0; type: liTS_CANDIDATE; nodes {;   nodedata: ""\002i\361\030\371\256\265\036\320\273\013\357<\215/(\215[\231D\357Gd\372\270\316\261\301\342\327\225\241\000GZ\227\022t\201\240u\2324P\027\307M\337'Y\361[IAD\351\374!\232\005\337\376\252\251g\004\003"";   nodeid: ""\000\000\000\000\000\000\000\000\000\000\000\000\000\000\000\000\000\000\000\000\000\000\000\000\000\000\000\000\000\000\000\000\000""; }; ","ledgerHash: ""[\000\302\314\326\214\276@c\240\272\222{\363\314\032\213\311\316\246/\330\302\014>\022\346\234\347\264\270\350""; ledgerSeq: 0; type: liTS_CANDIDATE; nodes {;   nodedata: ""\002i\361\030\371\256\265\036\320\273\013\357<\215/(\215[\231D\357Gd\372\270\316\261\301\342\327\225\241\000GZ\227\022t\201\240u\2324P\027\307M\337'Y\361[IAD\351\374!\232\005\337\376\252\251g\004\003"";   nodeid: ""\000\000\000\000\000\000\000\000\000\000\000\000\000\000\000\000\000\000\000\000\000\000\000\000\000\000\000\000\000\000\000\000\000""; }; "
1750527535487,1750527535487,1539,1,4,2,TMLedgerData,"ledgerHash: ""[\000\302\314\326\214\276@c\240\272\222{\363\314\032\213\311\316\246/\330\302\014>\022\346\234\347\264\270\350""; ledgerSeq: 0; type: liTS_CANDIDATE; nodes {;   nodedata: ""\002i\361\030\371\256\265\036\320\273\013\357<\215/(\215[\231D\357Gd\372\270\316\261\301\342\327\225\241\000GZ\227\022t\201\240u\2324P\027\307M\337'Y\361[IAD\351\374!\232\005\337\376\252\251g\004\003"";   nodeid: ""\000\000\000\000\000\000\000\000\000\000\000\000\000\000\000\000\000\000\000\000\000\000\000\000\000\000\000\000\000\000\000\000\000""; }; requestCookie: 3; ","ledgerHash: ""[\000\302\314\326\214\276@c\240\272\222{\363\314\032\213\311\316\246/\330\302\014>\022\346\234\347\264\270\350""; ledgerSeq: 0; type: liTS_CANDIDATE; nodes {;   nodedata: ""\002i\361\030\371\256\265\036\320\273\013\357<\215/(\215[\231D\357Gd\372\270\316\261\301\342\327\225\241\000GZ\227\022t\201\240u\2324P\027\307M\337'Y\361[IAD\351\374!\232\005\337\376\252\251g\004\003"";   nodeid: ""\000\000\000\000\000\000\000\000\000\000\000\000\000\000\000\000\000\000\000\000\000\000\000\000\000\000\000\000\000\000\000\000\000""; }; requestCookie: 3; "
1750527535487,1750527535487,1539,1,4,2,TMLedgerData,"ledgerHash: ""[\000\302\314\326\214\276@c\240\272\222{\363\314\032\213\311\316\246/\330\302\014>\022\346\234\347\264\270\350""; ledgerSeq: 0; type: liTS_CANDIDATE; nodes {;   nodedata: ""\002i\361\030\371\256\265\036\320\273\013\357<\215/(\215[\231D\357Gd\372\270\316\261\301\342\327\225\241\000GZ\227\022t\201\240u\2324P\027\307M\337'Y\361[IAD\351\374!\232\005\337\376\252\251g\004\003"";   nodeid: ""\000\000\000\000\000\000\000\000\000\000\000\000\000\000\000\000\000\000\000\000\000\000\000\000\000\000\000\000\000\000\000\000\000""; }; ","ledgerHash: ""[\000\302\314\326\214\276@c\240\272\222{\363\314\032\213\311\316\246/\330\302\014>\022\346\234\347\264\270\350""; ledgerSeq: 0; type: liTS_CANDIDATE; nodes {;   nodedata: ""\002i\361\030\371\256\265\036\320\273\013\357<\215/(\215[\231D\357Gd\372\270\316\261\301\342\327\225\241\000GZ\227\022t\201\240u\2324P\027\307M\337'Y\361[IAD\351\374!\232\005\337\376\252\251g\004\003"";   nodeid: ""\000\000\000\000\000\000\000\000\000\000\000\000\000\000\000\000\000\000\000\000\000\000\000\000\000\000\000\000\000\000\000\000\000""; }; "
1750527535494,1750527535494,1542,1,0,4,TMHaveTransactionSet,"status: tsHAVE; hash: ""3\321\n7\354)\tf\006\357\205B<h\272GQ \344\262\236\025#\003\024&\310\034\352\376\326""; ","status: tsHAVE; hash: ""3\321\n7\354)\tf\006\357\205B<h\272GQ \344\262\236\025#\003\024&\310\034\352\376\326""; "
1750527535496,1750527535496,3268,1,0,2,TMProposeSet,"proposeSeq: 0; currentTxHash: ""3\321\n7\354)\tf\006\357\205B<h\272GQ \344\262\236\025#\003\024&\310\034\352\376\326""; nodePubKey: ""\002\225aM\037\203M\271C\224]$\245\215\334\264;{{\365%Z\2443U\201\242\320iUc\207\367""; closeTime: 803842735; signature: ""0D\002 ^\226i\205\315\257\370\200I\243\215m\247B\214\232)\037\341R\211\363\261\037\020S\344+\033\237\\276\002 b\2266\007\343g3`\207.y\217\331t\203\274\320\022Z\375L\005\224b\225\023R\302M\223\177\303""; previousledger: ""\360\215\2502\265\245\310\226\243c\302Ze\306\253#r\020\211\320iG\276\020E\317\035Sf\223F\254""; ","proposeSeq: 0; currentTxHash: ""3\321\n7\354)\tf\006\357\205B<h\272GQ \344\262\236\025#\003\024&\310\034\352\376\326""; nodePubKey: ""\002\225aM\037\203M\271C\224]$\245\215\334\264;{{\365%Z\2443U\201\242\320iUc\207\367""; closeTime: 803842735; signature: ""0D\002 ^\226i\205\315\257\370\200I\243\215m\247B\214\232)\037\341R\211\363\261\037\020S\344+\033\237\\276\002 b\2266\007\343g3`\207.y\217\331t\203\274\320\022Z\375L\005\224b\225\023R\302M\223\177\303""; previousledger: ""\360\215\2502\265\245\310\226\243c\302Ze\306\253#r\020\211\320iG\276\020E\317\035Sf\223F\254""; "
1750527535497,1750527535497,2759,1,0,3,TMHaveTransactionSet,"status: tsHAVE; hash: ""3\321\n7\354)\tf\006\357\205B<h\272GQ \344\262\236\025#\003\024&\310\034\352\376\326""; ","status: tsHAVE; hash: ""3\321\n7\354)\tf\006\357\205B<h\272GQ \344\262\236\025#\003\024&\310\034\352\376\326""; "
1750527535497,1750527535497,2092,1,0,1,TMHaveTransactionSet,"status: tsHAVE; hash: ""3\321\n7\354)\tf\006\357\205B<h\272GQ \344\262\236\025#\003\024&\310\034\352\376\326""; ","status: tsHAVE; hash: ""3\321\n7\354)\tf\006\357\205B<h\272GQ \344\262\236\025#\003\024&\310\034\352\376\326""; "
1750527535498,1750527535498,3849,1,0,1,TMProposeSet,"proposeSeq: 0; currentTxHash: ""3\321\n7\354)\tf\006\357\205B<h\272GQ \344\262\236\025#\003\024&\310\034\352\376\326""; nodePubKey: ""\002\225aM\037\203M\271C\224]$\245\215\334\264;{{\365%Z\2443U\201\242\320iUc\207\367""; closeTime: 803842735; signature: ""0D\002 ^\226i\205\315\257\370\200I\243\215m\247B\214\232)\037\341R\211\363\261\037\020S\344+\033\237\\276\002 b\2266\007\343g3`\207.y\217\331t\203\274\320\022Z\375L\005\224b\225\023R\302M\223\177\303""; previousledger: ""\360\215\2502\265\245\310\226\243c\302Ze\306\253#r\020\211\320iG\276\020E\317\035Sf\223F\254""; ","proposeSeq: 0; currentTxHash: ""3\321\n7\354)\tf\006\357\205B<h\272GQ \344\262\236\025#\003\024&\310\034\352\376\326""; nodePubKey: ""\002\225aM\037\203M\271C\224]$\245\215\334\264;{{\365%Z\2443U\201\242\320iUc\207\367""; closeTime: 803842735; signature: ""0D\002 ^\226i\205\315\257\370\200I\243\215m\247B\214\232)\037\341R\211\363\261\037\020S\344+\033\237\\276\002 b\2266\007\343g3`\207.y\217\331t\203\274\320\022Z\375L\005\224b\225\023R\302M\223\177\303""; previousledger: ""\360\215\2502\265\245\310\226\243c\302Ze\306\253#r\020\211\320iG\276\020E\317\035Sf\223F\254""; "
1750527535498,1750527535498,1446,1,0,2,TMHaveTransactionSet,"status: tsHAVE; hash: ""3\321\n7\354)\tf\006\357\205B<h\272GQ \344\262\236\025#\003\024&\310\034\352\376\326""; ","status: tsHAVE; hash: ""3\321\n7\354)\tf\006\357\205B<h\272GQ \344\262\236\025#\003\024&\310\034\352\376\326""; "
1750527535499,1750527535499,142,1,0,3,TMProposeSet,"proposeSeq: 0; currentTxHash: ""3\321\n7\354)\tf\006\357\205B<h\272GQ \344\262\236\025#\003\024&\310\034\352\376\326""; nodePubKey: ""\002\225aM\037\203M\271C\224]$\245\215\334\264;{{\365%Z\2443U\201\242\320iUc\207\367""; closeTime: 803842735; signature: ""0D\002 ^\226i\205\315\257\370\200I\243\215m\247B\214\232)\037\341R\211\363\261\037\020S\344+\033\237\\276\002 b\2266\007\343g3`\207.y\217\331t\203\274\320\022Z\375L\005\224b\225\023R\302M\223\177\303""; previousledger: ""\360\215\2502\265\245\310\226\243c\302Ze\306\253#r\020\211\320iG\276\020E\317\035Sf\223F\254""; ","proposeSeq: 0; currentTxHash: ""3\321\n7\354)\tf\006\357\205B<h\272GQ \344\262\236\025#\003\024&\310\034\352\376\326""; nodePubKey: ""\002\225aM\037\203M\271C\224]$\245\215\334\264;{{\365%Z\2443U\201\242\320iUc\207\367""; closeTime: 803842735; signature: ""0D\002 ^\226i\205\315\257\370\200I\243\215m\247B\214\232)\037\341R\211\363\261\037\020S\344+\033\237\\276\002 b\2266\007\343g3`\207.y\217\331t\203\274\320\022Z\375L\005\224b\225\023R\302M\223\177\303""; previousledger: ""\360\215\2502\265\245\310\226\243c\302Ze\306\253#r\020\211\320iG\276\020E\317\035Sf\223F\254""; "
1750527535499,1750527535499,3504,1,0,4,TMProposeSet,"proposeSeq: 0; currentTxHash: ""3\321\n7\354)\tf\006\357\205B<h\272GQ \344\262\236\025#\003\024&\310\034\352\376\326""; nodePubKey: ""\002\225aM\037\203M\271C\224]$\245\215\334\264;{{\365%Z\2443U\201\242\320iUc\207\367""; closeTime: 803842735; signature: ""0D\002 ^\226i\205\315\257\370\200I\243\215m\247B\214\232)\037\341R\211\363\261\037\020S\344+\033\237\\276\002 b\2266\007\343g3`\207.y\217\331t\203\274\320\022Z\375L\005\224b\225\023R\302M\223\177\303""; previousledger: ""\360\215\2502\265\245\310\226\243c\302Ze\306\253#r\020\211\320iG\276\020E\317\035Sf\223F\254""; ","proposeSeq: 0; currentTxHash: ""3\321\n7\354)\tf\006\357\205B<h\272GQ \344\262\236\025#\003\024&\310\034\352\376\326""; nodePubKey: ""\002\225aM\037\203M\271C\224]$\245\215\334\264;{{\365%Z\2443U\201\242\320iUc\207\367""; closeTime: 803842735; signature: ""0D\002 ^\226i\205\315\257\370\200I\243\215m\247B\214\232)\037\341R\211\363\261\037\020S\344+\033\237\\276\002 b\2266\007\343g3`\207.y\217\331t\203\274\320\022Z\375L\005\224b\225\023R\302M\223\177\303""; previousledger: ""\360\215\2502\265\245\310\226\243c\302Ze\306\253#r\020\211\320iG\276\020E\317\035Sf\223F\254""; "
1750527535501,1750527535501,2523,1,3,2,TMLedgerData,"ledgerHash: ""[\000\302\314\326\214\276@c\240\272\222{\363\314\032\213\311\316\246/\330\302\014>\022\346\234\347\264\270\350""; ledgerSeq: 0; type: liTS_CANDIDATE; nodes {;   nodedata: ""\002i\361\030\371\256\265\036\320\273\013\357<\215/(\215[\231D\357Gd\372\270\316\261\301\342\327\225\241\000GZ\227\022t\201\240u\2324P\027\307M\337'Y\361[IAD\351\374!\232\005\337\376\252\251g\004\003"";   nodeid: ""\000\000\000\000\000\000\000\000\000\000\000\000\000\000\000\000\000\000\000\000\000\000\000\000\000\000\000\000\000\000\000\000\000""; }; ","ledgerHash: ""[\000\302\314\326\214\276@c\240\272\222{\363\314\032\213\311\316\246/\330\302\014>\022\346\234\347\264\270\350""; ledgerSeq: 0; type: liTS_CANDIDATE; nodes {;   nodedata: ""\002i\361\030\371\256\265\036\320\273\013\357<\215/(\215[\231D\357Gd\372\270\316\261\301\342\327\225\241\000GZ\227\022t\201\240u\2324P\027\307M\337'Y\361[IAD\351\374!\232\005\337\376\252\251g\004\003"";   nodeid: ""\000\000\000\000\000\000\000\000\000\000\000\000\000\000\000\000\000\000\000\000\000\000\000\000\000\000\000\000\000\000\000\000\000""; }; "
1750527535507,1750527535507,1769,1,2,1,TMLedgerData,"ledgerHash: ""\360\215\2502\265\245\310\226\243c\302Ze\306\253#r\020\211\320iG\276\020E\317\035Sf\223F\254""; ledgerSeq: 6; type: liBASE; nodes {;   nodedata: ""\000\000\000\006\001cEx]\211\377\342\331]\036\237\306o!\223\221\002\324\031\262\240R\177 ,\214\325\Q])\016\2067\277\t\354\010\000\000\000\000\000\000\000\000\000\000\000\000\000\000\000\000\000\000\000\000\000\000\000\000\000\000\000\000\000\000\000\000\000;\\334dC\372\352v(\002\203\271\206-\030\334\035kf\277\307\257KU\317""\352\376\225T~7/\351\252\252/\351\252\253\n\000""; }; nodes {;   nodedata: ""\341\035\262xv\226\317f5\366\365\252a\177\355\302\326\t\222~j\320f\374/ \363\256\257\361 \303\001\301\025%1L\307\t\261\262z\374\222T\301\274V\236\223\262\270Ct\362\337b\356\024*\324\320\351\317\002k\336\234\027v\351\217\260\303\360\233ZPZWr\246$w\313\313\r\243r\232\2234\373\3539:N\004;tP\302\307\005x\n\302lQ\275\237<g\321\233$\274p\355\310J\230\370\306\264\314\367C\275\272\006E\344\037@\210\363\010\336T\226\247'\204_{\261\370""1\235\2445\343\033Y!\212\201\341\272\225'\007\251:\312'v\340W\267\255\263\260Tw\t\325Y\300\315\030\025:a\200\000V\277\320i\330\327I\036\013\003""; }; ","ledgerHash: ""\360\215\2502\265\245\310\226\243c\302Ze\306\253#r\020\211\320iG\276\020E\317\035Sf\223F\254""; ledgerSeq: 6; type: liBASE; nodes {;   nodedata: ""\000\000\000\006\001cEx]\211\377\342\331]\036\237\306o!\223\221\002\324\031\262\240R\177 ,\214\325\Q])\016\2067\277\t\354\010\000\000\000\000\000\000\000\000\000\000\000\000\000\000\000\000\000\000\000\000\000\000\000\000\000\000\000\000\000\000\000\000\000;\\334dC\372\352v(\002\203\271\206-\030\334\035kf\277\307\257KU\317""\352\376\225T~7/\351\252\252/\351\252\253\n\000""; }; nodes {;   nodedata: ""\341\035\262xv\226\317f5\366\365\252a\177\355\302\326\t\222~j\320f\374/ \363\256\257\361 \303\001\301\025%1L\307\t\261\262z\374\222T\301\274V\236\223\262\270Ct\362\337b\356\024*\324\320\351\317\002k\336\234\027v\351\217\260\303\360\233ZPZWr\246$w\313\313\r\243r\232\2234\373\3539:N\004;tP\302\307\005x\n\302lQ\275\237<g\321\233$\274p\355\310J\230\370\306\264\314\367C\275\272\006E\344\037@\210\363\010\336T\226\247'\204_{\261\370""1\235\2445\343\033Y!\212\201\341\272\225'\007\251:\312'v\340W\267\255\263\260Tw\t\325Y\300\315\030\025:a\200\000V\277\320i\330\327I\036\013\003""; }; "
1750527535507,1750527535507,860,1,1,0,TMLedgerData,"ledgerHash: ""[\000\302\314\326\214\276@c\240\272\222{\363\314\032\213\311\316\246/\330\302\014>\022\346\234\347\264\270\350""; ledgerSeq: 0; type: liTS_CANDIDATE; nodes {;   nodedata: ""\002i\361\030\371\256\265\036\320\273\013\357<\215/(\215[\231D\357Gd\372\270\316\261\301\342\327\225\241\000GZ\227\022t\201\240u\2324P\027\307M\337'Y\361[IAD\351\374!\232\005\337\376\252\251g\004\003"";   nodeid: ""\000\000\000\000\000\000\000\000\000\000\000\000\000\000\000\000\000\000\000\000\000\000\000\000\000\000\000\000\000\000\000\000\000""; }; ","ledgerHash: ""[\000\302\314\326\214\276@c\240\272\222{\363\314\032\213\311\316\246/\330\302\014>\022\346\234\347\264\270\350""; ledgerSeq: 0; type: liTS_CANDIDATE; nodes {;   nodedata: ""\002i\361\030\371\256\265\036\320\273\013\357<\215/(\215[\231D\357Gd\372\270\316\261\301\342\327\225\241\000GZ\227\022t\201\240u\2324P\027\307M\337'Y\361[IAD\351\374!\232\005\337\376\252\251g\004\003"";   nodeid: ""\000\000\000\000\000\000\000\000\000\000\000\000\000\000\000\000\000\000\000\000\000\000\000\000\000\000\000\000\000\000\000\000\000""; }; "
1750527535512,1750527535512,3719,1,2,4,TMGetLedger,"itype: liTS_CANDIDATE; ledgerHash: ""[\000\302\314\326\214\276@c\240\272\222{\363\314\032\213\311\316\246/\330\302\014>\022\346\234\347\264\270\350""; nodeIDs: ""\000\000\000\000\000\000\000\000\000\000\000\000\000\000\000\000\000\000\000\000\000\000\000\000\000\000\000\000\000\000\000\000\000""; requestCookie: 3; queryType: qtINDIRECT; queryDepth: 3; ","itype: liTS_CANDIDATE; ledgerHash: ""[\000\302\314\326\214\276@c\240\272\222{\363\314\032\213\311\316\246/\330\302\014>\022\346\234\347\264\270\350""; nodeIDs: ""\000\000\000\000\000\000\000\000\000\000\000\000\000\000\000\000\000\000\000\000\000\000\000\000\000\000\000\000\000\000\000\000\000""; requestCookie: 3; queryType: qtINDIRECT; queryDepth: 3; "
1750527535532,1750527535532,1813,1,3,1,TMLedgerData,"ledgerHash: ""[\000\302\314\326\214\276@c\240\272\222{\363\314\032\213\311\316\246/\330\302\014>\022\346\234\347\264\270\350""; ledgerSeq: 0; type: liTS_CANDIDATE; nodes {;   nodedata: ""\002i\361\030\371\256\265\036\320\273\013\357<\215/(\215[\231D\357Gd\372\270\316\261\301\342\327\225\241\000GZ\227\022t\201\240u\2324P\027\307M\337'Y\361[IAD\351\374!\232\005\337\376\252\251g\004\003"";   nodeid: ""\000\000\000\000\000\000\000\000\000\000\000\000\000\000\000\000\000\000\000\000\000\000\000\000\000\000\000\000\000\000\000\000\000""; }; ","ledgerHash: ""[\000\302\314\326\214\276@c\240\272\222{\363\314\032\213\311\316\246/\330\302\014>\022\346\234\347\264\270\350""; ledgerSeq: 0; type: liTS_CANDIDATE; nodes {;   nodedata: ""\002i\361\030\371\256\265\036\320\273\013\357<\215/(\215[\231D\357Gd\372\270\316\261\301\342\327\225\241\000GZ\227\022t\201\240u\2324P\027\307M\337'Y\361[IAD\351\374!\232\005\337\376\252\251g\004\003"";   nodeid: ""\000\000\000\000\000\000\000\000\000\000\000\000\000\000\000\000\000\000\000\000\000\000\000\000\000\000\000\000\000\000\000\000\000""; }; "
1750527535548,1750527535549,1968,1,1,2,TMLedgerData,"ledgerHash: ""[\000\302\314\326\214\276@c\240\272\222{\363\314\032\213\311\316\246/\330\302\014>\022\346\234\347\264\270\350""; ledgerSeq: 0; type: liTS_CANDIDATE; nodes {;   nodedata: ""\002i\361\030\371\256\265\036\320\273\013\357<\215/(\215[\231D\357Gd\372\270\316\261\301\342\327\225\241\000GZ\227\022t\201\240u\2324P\027\307M\337'Y\361[IAD\351\374!\232\005\337\376\252\251g\004\003"";   nodeid: ""\000\000\000\000\000\000\000\000\000\000\000\000\000\000\000\000\000\000\000\000\000\000\000\000\000\000\000\000\000\000\000\000\000""; }; ","ledgerHash: ""[\000\302\314\326\214\276@c\240\272\222{\363\314\032\213\311\316\246/\330\302\014>\022\346\234\347\264\270\350""; ledgerSeq: 0; type: liTS_CANDIDATE; nodes {;   nodedata: ""\002i\361\030\371\256\265\036\320\273\013\357<\215/(\215[\231D\357Gd\372\270\316\261\301\342\327\225\241\000GZ\227\022t\201\240u\2324P\027\307M\337'Y\361[IAD\351\374!\232\005\337\376\252\251g\004\003"";   nodeid: ""\000\000\000\000\000\000\000\000\000\000\000\000\000\000\000\000\000\000\000\000\000\000\000\000\000\000\000\000\000\000\000\000\000""; }; "
1750527535494,1750527535554,3904,1,0,4,TMStatusChange,"newEvent: neCLOSING_LEDGER; ledgerSeq: 6; ledgerHash: ""\360\215\2502\265\245\310\226\243c\302Ze\306\253#r\020\211\320iG\276\020E\317\035Sf\223F\254""; ledgerHashPrevious: ""\331]\036\237\306o!\223\221\002\324\031\262\240R\177 ,\214\325\Q])\016\2067\277\t\354\010\000""; networkTime: 803842735; firstSeq: 1; lastSeq: 6; ","newEvent: neCLOSING_LEDGER; ledgerSeq: 6; ledgerHash: ""\360\215\2502\265\245\310\226\243c\302Ze\306\253#r\020\211\320iG\276\020E\317\035Sf\223F\254""; ledgerHashPrevious: ""\331]\036\237\306o!\223\221\002\324\031\262\240R\177 ,\214\325\Q])\016\2067\277\t\354\010\000""; networkTime: 803842735; firstSeq: 1; lastSeq: 6; "
1750527535496,1750527535554,2179,1,0,2,TMStatusChange,"newEvent: neCLOSING_LEDGER; ledgerSeq: 6; ledgerHash: ""\360\215\2502\265\245\310\226\243c\302Ze\306\253#r\020\211\320iG\276\020E\317\035Sf\223F\254""; ledgerHashPrevious: ""\331]\036\237\306o!\223\221\002\324\031\262\240R\177 ,\214\325\Q])\016\2067\277\t\354\010\000""; networkTime: 803842735; firstSeq: 1; lastSeq: 6; ","newEvent: neCLOSING_LEDGER; ledgerSeq: 6; ledgerHash: ""\360\215\2502\265\245\310\226\243c\302Ze\306\253#r\020\211\320iG\276\020E\317\035Sf\223F\254""; ledgerHashPrevious: ""\331]\036\237\306o!\223\221\002\324\031\262\240R\177 ,\214\325\Q])\016\2067\277\t\354\010\000""; networkTime: 803842735; firstSeq: 1; lastSeq: 6; "
1750527535497,1750527535555,1964,1,0,3,TMStatusChange,"newEvent: neCLOSING_LEDGER; ledgerSeq: 6; ledgerHash: ""\360\215\2502\265\245\310\226\243c\302Ze\306\253#r\020\211\320iG\276\020E\317\035Sf\223F\254""; ledgerHashPrevious: ""\331]\036\237\306o!\223\221\002\324\031\262\240R\177 ,\214\325\Q])\016\2067\277\t\354\010\000""; networkTime: 803842735; firstSeq: 1; lastSeq: 6; ","newEvent: neCLOSING_LEDGER; ledgerSeq: 6; ledgerHash: ""\360\215\2502\265\245\310\226\243c\302Ze\306\253#r\020\211\320iG\276\020E\317\035Sf\223F\254""; ledgerHashPrevious: ""\331]\036\237\306o!\223\221\002\324\031\262\240R\177 ,\214\325\Q])\016\2067\277\t\354\010\000""; networkTime: 803842735; firstSeq: 1; lastSeq: 6; "
1750527535498,1750527535555,1249,1,0,1,TMStatusChange,"newEvent: neCLOSING_LEDGER; ledgerSeq: 6; ledgerHash: ""\360\215\2502\265\245\310\226\243c\302Ze\306\253#r\020\211\320iG\276\020E\317\035Sf\223F\254""; ledgerHashPrevious: ""\331]\036\237\306o!\223\221\002\324\031\262\240R\177 ,\214\325\Q])\016\2067\277\t\354\010\000""; networkTime: 803842735; firstSeq: 1; lastSeq: 6; ","newEvent: neCLOSING_LEDGER; ledgerSeq: 6; ledgerHash: ""\360\215\2502\265\245\310\226\243c\302Ze\306\253#r\020\211\320iG\276\020E\317\035Sf\223F\254""; ledgerHashPrevious: ""\331]\036\237\306o!\223\221\002\324\031\262\240R\177 ,\214\325\Q])\016\2067\277\t\354\010\000""; networkTime: 803842735; firstSeq: 1; lastSeq: 6; "
1750527535557,1750527535557,323,1,4,3,TMHaveTransactionSet,"status: tsHAVE; hash: ""\363\262\310\025\251\261\276X\247\260J\221\345\357\037\231)|\321K\000\\326E\004\377\005\255""A?\250""; ","status: tsHAVE; hash: ""\363\262\310\025\251\261\276X\247\260J\221\345\357\037\231)|\321K\000\\326E\004\377\005\255""A?\250""; "
1750527535559,1750527535559,3037,1,4,0,TMHaveTransactionSet,"status: tsHAVE; hash: ""\363\262\310\025\251\261\276X\247\260J\221\345\357\037\231)|\321K\000\\326E\004\377\005\255""A?\250""; ","status: tsHAVE; hash: ""\363\262\310\025\251\261\276X\247\260J\221\345\357\037\231)|\321K\000\\326E\004\377\005\255""A?\250""; "
1750527535561,1750527535561,371,1,4,3,TMProposeSet,"proposeSeq: 0; currentTxHash: ""\363\262\310\025\251\261\276X\247\260J\221\345\357\037\231)|\321K\000\\326E\004\377\005\255""A?\250""; nodePubKey: ""\003R7o\362bV\300hf\266\241;}\200^\374\240\203[:\342Q\225\221\027y\372\255\235\216\323~""; closeTime: 803842735; signature: ""0E\002!\000\275S\246\324u\276\354[\024\357a\232\014\303\231Rk\313\307*0\r(\256\026m\302\314\234""\023C\002 O$\244e\275\360B2|\227u\376\0260""\030\013N]\311\306\343M\315\327\t\207\321\270\250\351g""; previousledger: ""\360\215\2502\265\245\310\226\243c\302Ze\306\253#r\020\211\320iG\276\020E\317\035Sf\223F\254""; ","proposeSeq: 0; currentTxHash: ""\363\262\310\025\251\261\276X\247\260J\221\345\357\037\231)|\321K\000\\326E\004\377\005\255""A?\250""; nodePubKey: ""\003R7o\362bV\300hf\266\241;}\200^\374\240\203[:\342Q\225\221\027y\372\255\235\216\323~""; closeTime: 803842735; signature: ""0E\002!\000\275S\246\324u\276\354[\024\357a\232\014\303\231Rk\313\307*0\r(\256\026m\302\314\234""\023C\002 O$\244e\275\360B2|\227u\376\0260""\030\013N]\311\306\343M\315\327\t\207\321\270\250\351g""; previousledger: ""\360\215\2502\265\245\310\226\243c\302Ze\306\253#r\020\211\320iG\276\020E\317\035Sf\223F\254""; "
1750527535562,1750527535562,2972,1,4,0,TMProposeSet,"proposeSeq: 0; currentTxHash: ""\363\262\310\025\251\261\276X\247\260J\221\345\357\037\231)|\321K\000\\326E\004\377\005\255""A?\250""; nodePubKey: ""\003R7o\362bV\300hf\266\241;}\200^\374\240\203[:\342Q\225\221\027y\372\255\235\216\323~""; closeTime: 803842735; signature: ""0E\002!\000\275S\246\324u\276\354[\024\357a\232\014\303\231Rk\313\307*0\r(\256\026m\302\314\234""\023C\002 O$\244e\275\360B2|\227u\376\0260""\030\013N]\311\306\343M\315\327\t\207\321\270\250\351g""; previousledger: ""\360\215\2502\265\245\310\226\243c\302Ze\306\253#r\020\211\320iG\276\020E\317\035Sf\223F\254""; ","proposeSeq: 0; currentTxHash: ""\363\262\310\025\251\261\276X\247\260J\221\345\357\037\231)|\321K\000\\326E\004\377\005\255""A?\250""; nodePubKey: ""\003R7o\362bV\300hf\266\241;}\200^\374\240\203[:\342Q\225\221\027y\372\255\235\216\323~""; closeTime: 803842735; signature: ""0E\002!\000\275S\246\324u\276\354[\024\357a\232\014\303\231Rk\313\307*0\r(\256\026m\302\314\234""\023C\002 O$\244e\275\360B2|\227u\376\0260""\030\013N]\311\306\343M\315\327\t\207\321\270\250\351g""; previousledger: ""\360\215\2502\265\245\310\226\243c\302Ze\306\253#r\020\211\320iG\276\020E\317\035Sf\223F\254""; "
1750527535562,1750527535562,2455,1,4,1,TMProposeSet,"proposeSeq: 0; currentTxHash: ""\363\262\310\025\251\261\276X\247\260J\221\345\357\037\231)|\321K\000\\326E\004\377\005\255""A?\250""; nodePubKey: ""\003R7o\362bV\300hf\266\241;}\200^\374\240\203[:\342Q\225\221\027y\372\255\235\216\323~""; closeTime: 803842735; signature: ""0E\002!\000\275S\246\324u\276\354[\024\357a\232\014\303\231Rk\313\307*0\r(\256\026m\302\314\234""\023C\002 O$\244e\275\360B2|\227u\376\0260""\030\013N]\311\306\343M\315\327\t\207\321\270\250\351g""; previousledger: ""\360\215\2502\265\245\310\226\243c\302Ze\306\253#r\020\211\320iG\276\020E\317\035Sf\223F\254""; ","proposeSeq: 0; currentTxHash: ""\363\262\310\025\251\261\276X\247\260J\221\345\357\037\231)|\321K\000\\326E\004\377\005\255""A?\250""; nodePubKey: ""\003R7o\362bV\300hf\266\241;}\200^\374\240\203[:\342Q\225\221\027y\372\255\235\216\323~""; closeTime: 803842735; signature: ""0E\002!\000\275S\246\324u\276\354[\024\357a\232\014\303\231Rk\313\307*0\r(\256\026m\302\314\234""\023C\002 O$\244e\275\360B2|\227u\376\0260""\030\013N]\311\306\343M\315\327\t\207\321\270\250\351g""; previousledger: ""\360\215\2502\265\245\310\226\243c\302Ze\306\253#r\020\211\320iG\276\020E\317\035Sf\223F\254""; "
1750527535563,1750527535563,2464,1,4,1,TMHaveTransactionSet,"status: tsHAVE; hash: ""\363\262\310\025\251\261\276X\247\260J\221\345\357\037\231)|\321K\000\\326E\004\377\005\255""A?\250""; ","status: tsHAVE; hash: ""\363\262\310\025\251\261\276X\247\260J\221\345\357\037\231)|\321K\000\\326E\004\377\005\255""A?\250""; "
1750527535564,1750527535564,3434,1,4,2,TMHaveTransactionSet,"status: tsHAVE; hash: ""\363\262\310\025\251\261\276X\247\260J\221\345\357\037\231)|\321K\000\\326E\004\377\005\255""A?\250""; ","status: tsHAVE; hash: ""\363\262\310\025\251\261\276X\247\260J\221\345\357\037\231)|\321K\000\\326E\004\377\005\255""A?\250""; "
1750527535565,1750527535565,2441,1,4,2,TMProposeSet,"proposeSeq: 0; currentTxHash: ""\363\262\310\025\251\261\276X\247\260J\221\345\357\037\231)|\321K\000\\326E\004\377\005\255""A?\250""; nodePubKey: ""\003R7o\362bV\300hf\266\241;}\200^\374\240\203[:\342Q\225\221\027y\372\255\235\216\323~""; closeTime: 803842735; signature: ""0E\002!\000\275S\246\324u\276\354[\024\357a\232\014\303\231Rk\313\307*0\r(\256\026m\302\314\234""\023C\002 O$\244e\275\360B2|\227u\376\0260""\030\013N]\311\306\343M\315\327\t\207\321\270\250\351g""; previousledger: ""\360\215\2502\265\245\310\226\243c\302Ze\306\253#r\020\211\320iG\276\020E\317\035Sf\223F\254""; ","proposeSeq: 0; currentTxHash: ""\363\262\310\025\251\261\276X\247\260J\221\345\357\037\231)|\321K\000\\326E\004\377\005\255""A?\250""; nodePubKey: ""\003R7o\362bV\300hf\266\241;}\200^\374\240\203[:\342Q\225\221\027y\372\255\235\216\323~""; closeTime: 803842735; signature: ""0E\002!\000\275S\246\324u\276\354[\024\357a\232\014\303\231Rk\313\307*0\r(\256\026m\302\314\234""\023C\002 O$\244e\275\360B2|\227u\376\0260""\030\013N]\311\306\343M\315\327\t\207\321\270\250\351g""; previousledger: ""\360\215\2502\265\245\310\226\243c\302Ze\306\253#r\020\211\320iG\276\020E\317\035Sf\223F\254""; "
1750527535570,1750527535570,1144,1,4,1,TMLedgerData,"ledgerHash: ""[\000\302\314\326\214\276@c\240\272\222{\363\314\032\213\311\316\246/\330\302\014>\022\346\234\347\264\270\350""; ledgerSeq: 0; type: liTS_CANDIDATE; nodes {;   nodedata: ""\002i\361\030\371\256\265\036\320\273\013\357<\215/(\215[\231D\357Gd\372\270\316\261\301\342\327\225\241\000GZ\227\022t\201\240u\2324P\027\307M\337'Y\361[IAD\351\374!\232\005\337\376\252\251g\004\003"";   nodeid: ""\000\000\000\000\000\000\000\000\000\000\000\000\000\000\000\000\000\000\000\000\000\000\000\000\000\000\000\000\000\000\000\000\000""; }; requestCookie: 4; ","ledgerHash: ""[\000\302\314\326\214\276@c\240\272\222{\363\314\032\213\311\316\246/\330\302\014>\022\346\234\347\264\270\350""; ledgerSeq: 0; type: liTS_CANDIDATE; nodes {;   nodedata: ""\002i\361\030\371\256\265\036\320\273\013\357<\215/(\215[\231D\357Gd\372\270\316\261\301\342\327\225\241\000GZ\227\022t\201\240u\2324P\027\307M\337'Y\361[IAD\351\374!\232\005\337\376\252\251g\004\003"";   nodeid: ""\000\000\000\000\000\000\000\000\000\000\000\000\000\000\000\000\000\000\000\000\000\000\000\000\000\000\000\000\000\000\000\000\000""; }; requestCookie: 4; "
1750527535573,1750527535573,1497,1,0,3,TMLedgerData,"ledgerHash: ""[\000\302\314\326\214\276@c\240\272\222{\363\314\032\213\311\316\246/\330\302\014>\022\346\234\347\264\270\350""; ledgerSeq: 0; type: liTS_CANDIDATE; nodes {;   nodedata: ""\002i\361\030\371\256\265\036\320\273\013\357<\215/(\215[\231D\357Gd\372\270\316\261\301\342\327\225\241\000GZ\227\022t\201\240u\2324P\027\307M\337'Y\361[IAD\351\374!\232\005\337\376\252\251g\004\003"";   nodeid: ""\000\000\000\000\000\000\000\000\000\000\000\000\000\000\000\000\000\000\000\000\000\000\000\000\000\000\000\000\000\000\000\000\000""; }; ","ledgerHash: ""[\000\302\314\326\214\276@c\240\272\222{\363\314\032\213\311\316\246/\330\302\014>\022\346\234\347\264\270\350""; ledgerSeq: 0; type: liTS_CANDIDATE; nodes {;   nodedata: ""\002i\361\030\371\256\265\036\320\273\013\357<\215/(\215[\231D\357Gd\372\270\316\261\301\342\327\225\241\000GZ\227\022t\201\240u\2324P\027\307M\337'Y\361[IAD\351\374!\232\005\337\376\252\251g\004\003"";   nodeid: ""\000\000\000\000\000\000\000\000\000\000\000\000\000\000\000\000\000\000\000\000\000\000\000\000\000\000\000\000\000\000\000\000\000""; }; "
1750527535573,1750527535573,3578,1,1,3,TMLedgerData,"ledgerHash: ""\310\200l\322\255\214\342'\243\202\375k%_\335\032N\021G\005\230\271\366~%e\366\202l^\rR""; ledgerSeq: 0; type: liTS_CANDIDATE; nodes {;   nodedata: ""GZ\227\022t\201\240u\2324P\027\307M\337'Y\361[IAD\351\374!\232\005\337\376\252\251g\004\003"";   nodeid: ""\000\000\000\000\000\000\000\000\000\000\000\000\000\000\000\000\000\000\000\000\000\000\000\000\000\000\000\000\000\000\000\000\000""; }; ","ledgerHash: ""\310\200l\322\255\214\342'\243\202\375k%_\335\032N\021G\005\230\271\366~%e\366\202l^\rR""; ledgerSeq: 0; type: liTS_CANDIDATE; nodes {;   nodedata: ""GZ\227\022t\201\240u\2324P\027\307M\337'Y\361[IAD\351\374!\232\005\337\376\252\251g\004\003"";   nodeid: ""\000\000\000\000\000\000\000\000\000\000\000\000\000\000\000\000\000\000\000\000\000\000\000\000\000\000\000\000\000\000\000\000\000""; }; "
1750527535574,1750527535574,1144,1,4,1,TMLedgerData,"ledgerHash: ""[\000\302\314\326\214\276@c\240\272\222{\363\314\032\213\311\316\246/\330\302\014>\022\346\234\347\264\270\350""; ledgerSeq: 0; type: liTS_CANDIDATE; nodes {;   nodedata: ""\002i\361\030\371\256\265\036\320\273\013\357<\215/(\215[\231D\357Gd\372\270\316\261\301\342\327\225\241\000GZ\227\022t\201\240u\2324P\027\307M\337'Y\361[IAD\351\374!\232\005\337\376\252\251g\004\003"";   nodeid: ""\000\000\000\000\000\000\000\000\000\000\000\000\000\000\000\000\000\000\000\000\000\000\000\000\000\000\000\000\000\000\000\000\000""; }; ","ledgerHash: ""[\000\302\314\326\214\276@c\240\272\222{\363\314\032\213\311\316\246/\330\302\014>\022\346\234\347\264\270\350""; ledgerSeq: 0; type: liTS_CANDIDATE; nodes {;   nodedata: ""\002i\361\030\371\256\265\036\320\273\013\357<\215/(\215[\231D\357Gd\372\270\316\261\301\342\327\225\241\000GZ\227\022t\201\240u\2324P\027\307M\337'Y\361[IAD\351\374!\232\005\337\376\252\251g\004\003"";   nodeid: ""\000\000\000\000\000\000\000\000\000\000\000\000\000\000\000\000\000\000\000\000\000\000\000\000\000\000\000\000\000\000\000\000\000""; }; "
1750527535591,1750527535591,1665,1,2,3,TMLedgerData,"ledgerHash: ""\310\200l\322\255\214\342'\243\202\375k%_\335\032N\021G\005\230\271\366~%e\366\202l^\rR""; ledgerSeq: 0; type: liTS_CANDIDATE; nodes {;   nodedata: ""GZ\227\022t\201\240u\2324P\027\307M\337'Y\361[IAD\351\374!\232\005\337\376\252\251g\004\003"";   nodeid: ""\000\000\000\000\000\000\000\000\000\000\000\000\000\000\000\000\000\000\000\000\000\000\000\000\000\000\000\000\000\000\000\000\000""; }; ","ledgerHash: ""\310\200l\322\255\214\342'\243\202\375k%_\335\032N\021G\005\230\271\366~%e\366\202l^\rR""; ledgerSeq: 0; type: liTS_CANDIDATE; nodes {;   nodedata: ""GZ\227\022t\201\240u\2324P\027\307M\337'Y\361[IAD\351\374!\232\005\337\376\252\251g\004\003"";   nodeid: ""\000\000\000\000\000\000\000\000\000\000\000\000\000\000\000\000\000\000\000\000\000\000\000\000\000\000\000\000\000\000\000\000\000""; }; "
1750527535557,1750527535597,3403,1,4,3,TMStatusChange,"newEvent: neCLOSING_LEDGER; ledgerSeq: 6; ledgerHash: ""\360\215\2502\265\245\310\226\243c\302Ze\306\253#r\020\211\320iG\276\020E\317\035Sf\223F\254""; ledgerHashPrevious: ""\331]\036\237\306o!\223\221\002\324\031\262\240R\177 ,\214\325\Q])\016\2067\277\t\354\010\000""; networkTime: 803842735; firstSeq: 1; lastSeq: 6; ","newEvent: neCLOSING_LEDGER; ledgerSeq: 6; ledgerHash: ""\360\215\2502\265\245\310\226\243c\302Ze\306\253#r\020\211\320iG\276\020E\317\035Sf\223F\254""; ledgerHashPrevious: ""\331]\036\237\306o!\223\221\002\324\031\262\240R\177 ,\214\325\Q])\016\2067\277\t\354\010\000""; networkTime: 803842735; firstSeq: 1; lastSeq: 6; "
1750527535558,1750527535597,803,1,4,1,TMStatusChange,"newEvent: neCLOSING_LEDGER; ledgerSeq: 6; ledgerHash: ""\360\215\2502\265\245\310\226\243c\302Ze\306\253#r\020\211\320iG\276\020E\317\035Sf\223F\254""; ledgerHashPrevious: ""\331]\036\237\306o!\223\221\002\324\031\262\240R\177 ,\214\325\Q])\016\2067\277\t\354\010\000""; networkTime: 803842735; firstSeq: 1; lastSeq: 6; ","newEvent: neCLOSING_LEDGER; ledgerSeq: 6; ledgerHash: ""\360\215\2502\265\245\310\226\243c\302Ze\306\253#r\020\211\320iG\276\020E\317\035Sf\223F\254""; ledgerHashPrevious: ""\331]\036\237\306o!\223\221\002\324\031\262\240R\177 ,\214\325\Q])\016\2067\277\t\354\010\000""; networkTime: 803842735; firstSeq: 1; lastSeq: 6; "
1750527535560,1750527535597,832,1,4,0,TMStatusChange,"newEvent: neCLOSING_LEDGER; ledgerSeq: 6; ledgerHash: ""\360\215\2502\265\245\310\226\243c\302Ze\306\253#r\020\211\320iG\276\020E\317\035Sf\223F\254""; ledgerHashPrevious: ""\331]\036\237\306o!\223\221\002\324\031\262\240R\177 ,\214\325\Q])\016\2067\277\t\354\010\000""; networkTime: 803842735; firstSeq: 1; lastSeq: 6; ","newEvent: neCLOSING_LEDGER; ledgerSeq: 6; ledgerHash: ""\360\215\2502\265\245\310\226\243c\302Ze\306\253#r\020\211\320iG\276\020E\317\035Sf\223F\254""; ledgerHashPrevious: ""\331]\036\237\306o!\223\221\002\324\031\262\240R\177 ,\214\325\Q])\016\2067\277\t\354\010\000""; networkTime: 803842735; firstSeq: 1; lastSeq: 6; "
1750527535563,1750527535597,3346,1,4,2,TMStatusChange,"newEvent: neCLOSING_LEDGER; ledgerSeq: 6; ledgerHash: ""\360\215\2502\265\245\310\226\243c\302Ze\306\253#r\020\211\320iG\276\020E\317\035Sf\223F\254""; ledgerHashPrevious: ""\331]\036\237\306o!\223\221\002\324\031\262\240R\177 ,\214\325\Q])\016\2067\277\t\354\010\000""; networkTime: 803842735; firstSeq: 1; lastSeq: 6; ","newEvent: neCLOSING_LEDGER; ledgerSeq: 6; ledgerHash: ""\360\215\2502\265\245\310\226\243c\302Ze\306\253#r\020\211\320iG\276\020E\317\035Sf\223F\254""; ledgerHashPrevious: ""\331]\036\237\306o!\223\221\002\324\031\262\240R\177 ,\214\325\Q])\016\2067\277\t\354\010\000""; networkTime: 803842735; firstSeq: 1; lastSeq: 6; "
1750527535602,1750527535602,3128,1,2,4,TMValidation,"validation: """"\200\000\000\001&\000\000\000\006)/\351\252\256:\303`\246;Q\203[_Q\360\215\2502\265\245\310\226\243c\302Ze\306\253#r\020\211\320iG\276\020E\317\035Sf\223F\254P\027\000\000\000\000\000\000\000\000\000\000\000\000\000\000\000\000\000\000\000\000\000\000\000\000\000\000\000\000\000\000\000\000P\031\331]\036\237\306o!\223\221\002\324\031\262\240R\177 ,\214\325\Q])\016\2067\277\t\354\010\000s!\002\266\377\271\344:\030\221i\267\257\215\237M\014\3345f\014\273|\207\367\334\337F\325\004cxB\211LvF0D\002 C5\257\302\3473\316\0069j\224\r{\323EV\227>\006\271\346\333\023\334\214J\320\203\rw\037\203\002 }\013\246\034C\262\312HN\224\0002\222,R\241\251\375\370\230)\310\312\003\201V\377\231\203\343RU""; ","validation: """"\200\000\000\001&\000\000\000\006)/\351\252\256:\303`\246;Q\203[_Q\360\215\2502\265\245\310\226\243c\302Ze\306\253#r\020\211\320iG\276\020E\317\035Sf\223F\254P\027\000\000\000\000\000\000\000\000\000\000\000\000\000\000\000\000\000\000\000\000\000\000\000\000\000\000\000\000\000\000\000\000P\031\331]\036\237\306o!\223\221\002\324\031\262\240R\177 ,\214\325\Q])\016\2067\277\t\354\010\000s!\002\266\377\271\344:\030\221i\267\257\215\237M\014\3345f\014\273|\207\367\334\337F\325\004cxB\211LvF0D\002 C5\257\302\3473\316\0069j\224\r{\323EV\227>\006\271\346\333\023\334\214J\320\203\rw\037\203\002 }\013\246\034C\262\312HN\224\0002\222,R\241\251\375\370\230)\310\312\003\201V\377\231\203\343RU""; "
1750527535603,1750527535603,723,1,2,3,TMValidation,"validation: """"\200\000\000\001&\000\000\000\006)/\351\252\256:\303`\246;Q\203[_Q\360\215\2502\265\245\310\226\243c\302Ze\306\253#r\020\211\320iG\276\020E\317\035Sf\223F\254P\027\000\000\000\000\000\000\000\000\000\000\000\000\000\000\000\000\000\000\000\000\000\000\000\000\000\000\000\000\000\000\000\000P\031\331]\036\237\306o!\223\221\002\324\031\262\240R\177 ,\214\325\Q])\016\2067\277\t\354\010\000s!\002\266\377\271\344:\030\221i\267\257\215\237M\014\3345f\014\273|\207\367\334\337F\325\004cxB\211LvF0D\002 C5\257\302\3473\316\0069j\224\r{\323EV\227>\006\271\346\333\023\334\214J\320\203\rw\037\203\002 }\013\246\034C\262\312HN\224\0002\222,R\241\251\375\370\230)\310\312\003\201V\377\231\203\343RU""; ","validation: """"\200\000\000\001&\000\000\000\006)/\351\252\256:\303`\246;Q\203[_Q\360\215\2502\265\245\310\226\243c\302Ze\306\253#r\020\211\320iG\276\020E\317\035Sf\223F\254P\027\000\000\000\000\000\000\000\000\000\000\000\000\000\000\000\000\000\000\000\000\000\000\000\000\000\000\000\000\000\000\000\000P\031\331]\036\237\306o!\223\221\002\324\031\262\240R\177 ,\214\325\Q])\016\2067\277\t\354\010\000s!\002\266\377\271\344:\030\221i\267\257\215\237M\014\3345f\014\273|\207\367\334\337F\325\004cxB\211LvF0D\002 C5\257\302\3473\316\0069j\224\r{\323EV\227>\006\271\346\333\023\334\214J\320\203\rw\037\203\002 }\013\246\034C\262\312HN\224\0002\222,R\241\251\375\370\230)\310\312\003\201V\377\231\203\343RU""; "
1750527535604,1750527535604,446,1,2,0,TMValidation,"validation: """"\200\000\000\001&\000\000\000\006)/\351\252\256:\303`\246;Q\203[_Q\360\215\2502\265\245\310\226\243c\302Ze\306\253#r\020\211\320iG\276\020E\317\035Sf\223F\254P\027\000\000\000\000\000\000\000\000\000\000\000\000\000\000\000\000\000\000\000\000\000\000\000\000\000\000\000\000\000\000\000\000P\031\331]\036\237\306o!\223\221\002\324\031\262\240R\177 ,\214\325\Q])\016\2067\277\t\354\010\000s!\002\266\377\271\344:\030\221i\267\257\215\237M\014\3345f\014\273|\207\367\334\337F\325\004cxB\211LvF0D\002 C5\257\302\3473\316\0069j\224\r{\323EV\227>\006\271\346\333\023\334\214J\320\203\rw\037\203\002 }\013\246\034C\262\312HN\224\0002\222,R\241\251\375\370\230)\310\312\003\201V\377\231\203\343RU""; ","validation: """"\200\000\000\001&\000\000\000\006)/\351\252\256:\303`\246;Q\203[_Q\360\215\2502\265\245\310\226\243c\302Ze\306\253#r\020\211\320iG\276\020E\317\035Sf\223F\254P\027\000\000\000\000\000\000\000\000\000\000\000\000\000\000\000\000\000\000\000\000\000\000\000\000\000\000\000\000\000\000\000\000P\031\331]\036\237\306o!\223\221\002\324\031\262\240R\177 ,\214\325\Q])\016\2067\277\t\354\010\000s!\002\266\377\271\344:\030\221i\267\257\215\237M\014\3345f\014\273|\207\367\334\337F\325\004cxB\211LvF0D\002 C5\257\302\3473\316\0069j\224\r{\323EV\227>\006\271\346\333\023\334\214J\320\203\rw\037\203\002 }\013\246\034C\262\312HN\224\0002\222,R\241\251\375\370\230)\310\312\003\201V\377\231\203\343RU""; "
1750527535618,1750527535618,1144,1,4,1,TMLedgerData,"ledgerHash: ""[\000\302\314\326\214\276@c\240\272\222{\363\314\032\213\311\316\246/\330\302\014>\022\346\234\347\264\270\350""; ledgerSeq: 0; type: liTS_CANDIDATE; nodes {;   nodedata: ""\002i\361\030\371\256\265\036\320\273\013\357<\215/(\215[\231D\357Gd\372\270\316\261\301\342\327\225\241\000GZ\227\022t\201\240u\2324P\027\307M\337'Y\361[IAD\351\374!\232\005\337\376\252\251g\004\003"";   nodeid: ""\000\000\000\000\000\000\000\000\000\000\000\000\000\000\000\000\000\000\000\000\000\000\000\000\000\000\000\000\000\000\000\000\000""; }; requestCookie: 3; ","ledgerHash: ""[\000\302\314\326\214\276@c\240\272\222{\363\314\032\213\311\316\246/\330\302\014>\022\346\234\347\264\270\350""; ledgerSeq: 0; type: liTS_CANDIDATE; nodes {;   nodedata: ""\002i\361\030\371\256\265\036\320\273\013\357<\215/(\215[\231D\357Gd\372\270\316\261\301\342\327\225\241\000GZ\227\022t\201\240u\2324P\027\307M\337'Y\361[IAD\351\374!\232\005\337\376\252\251g\004\003"";   nodeid: ""\000\000\000\000\000\000\000\000\000\000\000\000\000\000\000\000\000\000\000\000\000\000\000\000\000\000\000\000\000\000\000\000\000""; }; requestCookie: 3; "
1750527535618,1750527535618,1782,1,1,4,TMLedgerData,"ledgerHash: ""\310\200l\322\255\214\342'\243\202\375k%_\335\032N\021G\005\230\271\366~%e\366\202l^\rR""; ledgerSeq: 0; type: liTS_CANDIDATE; nodes {;   nodedata: ""GZ\227\022t\201\240u\2324P\027\307M\337'Y\361[IAD\351\374!\232\005\337\376\252\251g\004\003"";   nodeid: ""\000\000\000\000\000\000\000\000\000\000\000\000\000\000\000\000\000\000\000\000\000\000\000\000\000\000\000\000\000\000\000\000\000""; }; ","ledgerHash: ""\310\200l\322\255\214\342'\243\202\375k%_\335\032N\021G\005\230\271\366~%e\366\202l^\rR""; ledgerSeq: 0; type: liTS_CANDIDATE; nodes {;   nodedata: ""GZ\227\022t\201\240u\2324P\027\307M\337'Y\361[IAD\351\374!\232\005\337\376\252\251g\004\003"";   nodeid: ""\000\000\000\000\000\000\000\000\000\000\000\000\000\000\000\000\000\000\000\000\000\000\000\000\000\000\000\000\000\000\000\000\000""; }; "
1750527535638,1750527535638,1019,1,3,4,TMGetLedger,"itype: liTS_CANDIDATE; ledgerHash: ""3\321\n7\354)\tf\006\357\205B<h\272GQ \344\262\236\025#\003\024&\310\034\352\376\326""; nodeIDs: ""\000\000\000\000\000\000\000\000\000\000\000\000\000\000\000\000\000\000\000\000\000\000\000\000\000\000\000\000\000\000\000\000\000""; queryDepth: 3; ","itype: liTS_CANDIDATE; ledgerHash: ""3\321\n7\354)\tf\006\357\205B<h\272GQ \344\262\236\025#\003\024&\310\034\352\376\326""; nodeIDs: ""\000\000\000\000\000\000\000\000\000\000\000\000\000\000\000\000\000\000\000\000\000\000\000\000\000\000\000\000\000\000\000\000\000""; queryDepth: 3; "
1750527535639,1750527535639,1131,1,3,0,TMGetLedger,"itype: liTS_CANDIDATE; ledgerHash: ""3\321\n7\354)\tf\006\357\205B<h\272GQ \344\262\236\025#\003\024&\310\034\352\376\326""; nodeIDs: ""\000\000\000\000\000\000\000\000\000\000\000\000\000\000\000\000\000\000\000\000\000\000\000\000\000\000\000\000\000\000\000\000\000""; queryDepth: 3; ","itype: liTS_CANDIDATE; ledgerHash: ""3\321\n7\354)\tf\006\357\205B<h\272GQ \344\262\236\025#\003\024&\310\034\352\376\326""; nodeIDs: ""\000\000\000\000\000\000\000\000\000\000\000\000\000\000\000\000\000\000\000\000\000\000\000\000\000\000\000\000\000\000\000\000\000""; queryDepth: 3; "
1750527535639,1750527535639,1272,1,3,4,TMProposeSet,"proposeSeq: 0; currentTxHash: ""3\321\n7\354)\tf\006\357\205B<h\272GQ \344\262\236\025#\003\024&\310\034\352\376\326""; nodePubKey: ""\002\225aM\037\203M\271C\224]$\245\215\334\264;{{\365%Z\2443U\201\242\320iUc\207\367""; closeTime: 803842735; signature: ""0D\002 ^\226i\205\315\257\370\200I\243\215m\247B\214\232)\037\341R\211\363\261\037\020S\344+\033\237\\276\002 b\2266\007\343g3`\207.y\217\331t\203\274\320\022Z\375L\005\224b\225\023R\302M\223\177\303""; previousledger: ""\360\215\2502\265\245\310\226\243c\302Ze\306\253#r\020\211\320iG\276\020E\317\035Sf\223F\254""; ","proposeSeq: 0; currentTxHash: ""3\321\n7\354)\tf\006\357\205B<h\272GQ \344\262\236\025#\003\024&\310\034\352\376\326""; nodePubKey: ""\002\225aM\037\203M\271C\224]$\245\215\334\264;{{\365%Z\2443U\201\242\320iUc\207\367""; closeTime: 803842735; signature: ""0D\002 ^\226i\205\315\257\370\200I\243\215m\247B\214\232)\037\341R\211\363\261\037\020S\344+\033\237\\276\002 b\2266\007\343g3`\207.y\217\331t\203\274\320\022Z\375L\005\224b\225\023R\302M\223\177\303""; previousledger: ""\360\215\2502\265\245\310\226\243c\302Ze\306\253#r\020\211\320iG\276\020E\317\035Sf\223F\254""; "
1750527535639,1750527535639,3787,1,3,2,TMProposeSet,"proposeSeq: 0; currentTxHash: ""3\321\n7\354)\tf\006\357\205B<h\272GQ \344\262\236\025#\003\024&\310\034\352\376\326""; nodePubKey: ""\002\225aM\037\203M\271C\224]$\245\215\334\264;{{\365%Z\2443U\201\242\320iUc\207\367""; closeTime: 803842735; signature: ""0D\002 ^\226i\205\315\257\370\200I\243\215m\247B\214\232)\037\341R\211\363\261\037\020S\344+\033\237\\276\002 b\2266\007\343g3`\207.y\217\331t\203\274\320\022Z\375L\005\224b\225\023R\302M\223\177\303""; previousledger: ""\360\215\2502\265\245\310\226\243c\302Ze\306\253#r\020\211\320iG\276\020E\317\035Sf\223F\254""; ","proposeSeq: 0; currentTxHash: ""3\321\n7\354)\tf\006\357\205B<h\272GQ \344\262\236\025#\003\024&\310\034\352\376\326""; nodePubKey: ""\002\225aM\037\203M\271C\224]$\245\215\334\264;{{\365%Z\2443U\201\242\320iUc\207\367""; closeTime: 803842735; signature: ""0D\002 ^\226i\205\315\257\370\200I\243\215m\247B\214\232)\037\341R\211\363\261\037\020S\344+\033\237\\276\002 b\2266\007\343g3`\207.y\217\331t\203\274\320\022Z\375L\005\224b\225\023R\302M\223\177\303""; previousledger: ""\360\215\2502\265\245\310\226\243c\302Ze\306\253#r\020\211\320iG\276\020E\317\035Sf\223F\254""; "
1750527535640,1750527535640,3830,1,3,1,TMProposeSet,"proposeSeq: 0; currentTxHash: ""3\321\n7\354)\tf\006\357\205B<h\272GQ \344\262\236\025#\003\024&\310\034\352\376\326""; nodePubKey: ""\002\225aM\037\203M\271C\224]$\245\215\334\264;{{\365%Z\2443U\201\242\320iUc\207\367""; closeTime: 803842735; signature: ""0D\002 ^\226i\205\315\257\370\200I\243\215m\247B\214\232)\037\341R\211\363\261\037\020S\344+\033\237\\276\002 b\2266\007\343g3`\207.y\217\331t\203\274\320\022Z\375L\005\224b\225\023R\302M\223\177\303""; previousledger: ""\360\215\2502\265\245\310\226\243c\302Ze\306\253#r\020\211\320iG\276\020E\317\035Sf\223F\254""; ","proposeSeq: 0; currentTxHash: ""3\321\n7\354)\tf\006\357\205B<h\272GQ \344\262\236\025#\003\024&\310\034\352\376\326""; nodePubKey: ""\002\225aM\037\203M\271C\224]$\245\215\334\264;{{\365%Z\2443U\201\242\320iUc\207\367""; closeTime: 803842735; signature: ""0D\002 ^\226i\205\315\257\370\200I\243\215m\247B\214\232)\037\341R\211\363\261\037\020S\344+\033\237\\276\002 b\2266\007\343g3`\207.y\217\331t\203\274\320\022Z\375L\005\224b\225\023R\302M\223\177\303""; previousledger: ""\360\215\2502\265\245\310\226\243c\302Ze\306\253#r\020\211\320iG\276\020E\317\035Sf\223F\254""; "
1750527535643,1750527535643,1394,1,1,2,TMProposeSet,"proposeSeq: 0; currentTxHash: ""\341\310\354\0213\033\013\350\207z\236R(|z&\034\335\266\323\356\205\273DV\210\254\213T\rZ\347""; nodePubKey: ""\002\266\377\271\344:\030\221i\267\257\215\237M\014\3345f\014\273|\207\367\334\337F\325\004cxB\211L""; closeTime: 803842735; signature: ""0D\002 x\305/\234\014\017\214\275\331\224Kv\2000=\303\245\340k\020~\2233$\231\333Jg\007\337w3\002 \006\322\257\343\370n]\300\2344\212\026\311;h:y\315\376\235\026\366\240\3646\307\2263\301_\213\356""; previousledger: ""\360\215\2502\265\245\310\226\243c\302Ze\306\253#r\020\211\320iG\276\020E\317\035Sf\223F\254""; ","proposeSeq: 0; currentTxHash: ""\341\310\354\0213\033\013\350\207z\236R(|z&\034\335\266\323\356\205\273DV\210\254\213T\rZ\347""; nodePubKey: ""\002\266\377\271\344:\030\221i\267\257\215\237M\014\3345f\014\273|\207\367\334\337F\325\004cxB\211L""; closeTime: 803842735; signature: ""0D\002 x\305/\234\014\017\214\275\331\224Kv\2000=\303\245\340k\020~\2233$\231\333Jg\007\337w3\002 \006\322\257\343\370n]\300\2344\212\026\311;h:y\315\376\235\026\366\240\3646\307\2263\301_\213\356""; previousledger: ""\360\215\2502\265\245\310\226\243c\302Ze\306\253#r\020\211\320iG\276\020E\317\035Sf\223F\254""; "
1750527535644,1750527535644,2995,1,1,0,TMHaveTransactionSet,"status: tsHAVE; hash: ""\341\310\354\0213\033\013\350\207z\236R(|z&\034\335\266\323\356\205\273DV\210\254\213T\rZ\347""; ","status: tsHAVE; hash: ""\341\310\354\0213\033\013\350\207z\236R(|z&\034\335\266\323\356\205\273DV\210\254\213T\rZ\347""; "
1750527535644,1750527535644,2874,1,1,2,TMHaveTransactionSet,"status: tsHAVE; hash: ""\341\310\354\0213\033\013\350\207z\236R(|z&\034\335\266\323\356\205\273DV\210\254\213T\rZ\347""; ","status: tsHAVE; hash: ""\341\310\354\0213\033\013\350\207z\236R(|z&\034\335\266\323\356\205\273DV\210\254\213T\rZ\347""; "
1750527535645,1750527535645,2742,1,1,0,TMProposeSet,"proposeSeq: 0; currentTxHash: ""\341\310\354\0213\033\013\350\207z\236R(|z&\034\335\266\323\356\205\273DV\210\254\213T\rZ\347""; nodePubKey: ""\002\266\377\271\344:\030\221i\267\257\215\237M\014\3345f\014\273|\207\367\334\337F\325\004cxB\211L""; closeTime: 803842735; signature: ""0D\002 x\305/\234\014\017\214\275\331\224Kv\2000=\303\245\340k\020~\2233$\231\333Jg\007\337w3\002 \006\322\257\343\370n]\300\2344\212\026\311;h:y\315\376\235\026\366\240\3646\307\2263\301_\213\356""; previousledger: ""\360\215\2502\265\245\310\226\243c\302Ze\306\253#r\020\211\320iG\276\020E\317\035Sf\223F\254""; ","proposeSeq: 0; currentTxHash: ""\341\310\354\0213\033\013\350\207z\236R(|z&\034\335\266\323\356\205\273DV\210\254\213T\rZ\347""; nodePubKey: ""\002\266\377\271\344:\030\221i\267\257\215\237M\014\3345f\014\273|\207\367\334\337F\325\004cxB\211L""; closeTime: 803842735; signature: ""0D\002 x\305/\234\014\017\214\275\331\224Kv\2000=\303\245\340k\020~\2233$\231\333Jg\007\337w3\002 \006\322\257\343\370n]\300\2344\212\026\311;h:y\315\376\235\026\366\240\3646\307\2263\301_\213\356""; previousledger: ""\360\215\2502\265\245\310\226\243c\302Ze\306\253#r\020\211\320iG\276\020E\317\035Sf\223F\254""; "
1750527535648,1750527535648,3818,1,0,2,TMLedgerData,"ledgerHash: ""[\000\302\314\326\214\276@c\240\272\222{\363\314\032\213\311\316\246/\330\302\014>\022\346\234\347\264\270\350""; ledgerSeq: 0; type: liTS_CANDIDATE; nodes {;   nodedata: ""\002i\361\030\371\256\265\036\320\273\013\357<\215/(\215[\231D\357Gd\372\270\316\261\301\342\327\225\241\000GZ\227\022t\201\240u\2324P\027\307M\337'Y\361[IAD\351\374!\232\005\337\376\252\251g\004\003"";   nodeid: ""\000\000\000\000\000\000\000\000\000\000\000\000\000\000\000\000\000\000\000\000\000\000\000\000\000\000\000\000\000\000\000\000\000""; }; ","ledgerHash: ""[\000\302\314\326\214\276@c\240\272\222{\363\314\032\213\311\316\246/\330\302\014>\022\346\234\347\264\270\350""; ledgerSeq: 0; type: liTS_CANDIDATE; nodes {;   nodedata: ""\002i\361\030\371\256\265\036\320\273\013\357<\215/(\215[\231D\357Gd\372\270\316\261\301\342\327\225\241\000GZ\227\022t\201\240u\2324P\027\307M\337'Y\361[IAD\351\374!\232\005\337\376\252\251g\004\003"";   nodeid: ""\000\000\000\000\000\000\000\000\000\000\000\000\000\000\000\000\000\000\000\000\000\000\000\000\000\000\000\000\000\000\000\000\000""; }; "
1750527535685,1750527535685,1434,1,0,1,TMLedgerData,"ledgerHash: ""[\000\302\314\326\214\276@c\240\272\222{\363\314\032\213\311\316\246/\330\302\014>\022\346\234\347\264\270\350""; ledgerSeq: 0; type: liTS_CANDIDATE; nodes {;   nodedata: ""\002i\361\030\371\256\265\036\320\273\013\357<\215/(\215[\231D\357Gd\372\270\316\261\301\342\327\225\241\000GZ\227\022t\201\240u\2324P\027\307M\337'Y\361[IAD\351\374!\232\005\337\376\252\251g\004\003"";   nodeid: ""\000\000\000\000\000\000\000\000\000\000\000\000\000\000\000\000\000\000\000\000\000\000\000\000\000\000\000\000\000\000\000\000\000""; }; ","ledgerHash: ""[\000\302\314\326\214\276@c\240\272\222{\363\314\032\213\311\316\246/\330\302\014>\022\346\234\347\264\270\350""; ledgerSeq: 0; type: liTS_CANDIDATE; nodes {;   nodedata: ""\002i\361\030\371\256\265\036\320\273\013\357<\215/(\215[\231D\357Gd\372\270\316\261\301\342\327\225\241\000GZ\227\022t\201\240u\2324P\027\307M\337'Y\361[IAD\351\374!\232\005\337\376\252\251g\004\003"";   nodeid: ""\000\000\000\000\000\000\000\000\000\000\000\000\000\000\000\000\000\000\000\000\000\000\000\000\000\000\000\000\000\000\000\000\000""; }; "
1750527535686,1750527535686,3327,1,1,3,TMHaveTransactionSet,"status: tsHAVE; hash: ""\341\310\354\0213\033\013\350\207z\236R(|z&\034\335\266\323\356\205\273DV\210\254\213T\rZ\347""; ","status: tsHAVE; hash: ""\341\310\354\0213\033\013\350\207z\236R(|z&\034\335\266\323\356\205\273DV\210\254\213T\rZ\347""; "
1750527535687,1750527535687,970,1,1,4,TMHaveTransactionSet,"status: tsHAVE; hash: ""\341\310\354\0213\033\013\350\207z\236R(|z&\034\335\266\323\356\205\273DV\210\254\213T\rZ\347""; ","status: tsHAVE; hash: ""\341\310\354\0213\033\013\350\207z\236R(|z&\034\335\266\323\356\205\273DV\210\254\213T\rZ\347""; "
1750527535687,1750527535687,438,1,1,4,TMProposeSet,"proposeSeq: 0; currentTxHash: ""\341\310\354\0213\033\013\350\207z\236R(|z&\034\335\266\323\356\205\273DV\210\254\213T\rZ\347""; nodePubKey: ""\002\266\377\271\344:\030\221i\267\257\215\237M\014\3345f\014\273|\207\367\334\337F\325\004cxB\211L""; closeTime: 803842735; signature: ""0D\002 x\305/\234\014\017\214\275\331\224Kv\2000=\303\245\340k\020~\2233$\231\333Jg\007\337w3\002 \006\322\257\343\370n]\300\2344\212\026\311;h:y\315\376\235\026\366\240\3646\307\2263\301_\213\356""; previousledger: ""\360\215\2502\265\245\310\226\243c\302Ze\306\253#r\020\211\320iG\276\020E\317\035Sf\223F\254""; ","proposeSeq: 0; currentTxHash: ""\341\310\354\0213\033\013\350\207z\236R(|z&\034\335\266\323\356\205\273DV\210\254\213T\rZ\347""; nodePubKey: ""\002\266\377\271\344:\030\221i\267\257\215\237M\014\3345f\014\273|\207\367\334\337F\325\004cxB\211L""; closeTime: 803842735; signature: ""0D\002 x\305/\234\014\017\214\275\331\224Kv\2000=\303\245\340k\020~\2233$\231\333Jg\007\337w3\002 \006\322\257\343\370n]\300\2344\212\026\311;h:y\315\376\235\026\366\240\3646\307\2263\301_\213\356""; previousledger: ""\360\215\2502\265\245\310\226\243c\302Ze\306\253#r\020\211\320iG\276\020E\317\035Sf\223F\254""; "
1750527535687,1750527535687,3299,1,1,3,TMProposeSet,"proposeSeq: 0; currentTxHash: ""\341\310\354\0213\033\013\350\207z\236R(|z&\034\335\266\323\356\205\273DV\210\254\213T\rZ\347""; nodePubKey: ""\002\266\377\271\344:\030\221i\267\257\215\237M\014\3345f\014\273|\207\367\334\337F\325\004cxB\211L""; closeTime: 803842735; signature: ""0D\002 x\305/\234\014\017\214\275\331\224Kv\2000=\303\245\340k\020~\2233$\231\333Jg\007\337w3\002 \006\322\257\343\370n]\300\2344\212\026\311;h:y\315\376\235\026\366\240\3646\307\2263\301_\213\356""; previousledger: ""\360\215\2502\265\245\310\226\243c\302Ze\306\253#r\020\211\320iG\276\020E\317\035Sf\223F\254""; ","proposeSeq: 0; currentTxHash: ""\341\310\354\0213\033\013\350\207z\236R(|z&\034\335\266\323\356\205\273DV\210\254\213T\rZ\347""; nodePubKey: ""\002\266\377\271\344:\030\221i\267\257\215\237M\014\3345f\014\273|\207\367\334\337F\325\004cxB\211L""; closeTime: 803842735; signature: ""0D\002 x\305/\234\014\017\214\275\331\224Kv\2000=\303\245\340k\020~\2233$\231\333Jg\007\337w3\002 \006\322\257\343\370n]\300\2344\212\026\311;h:y\315\376\235\026\366\240\3646\307\2263\301_\213\356""; previousledger: ""\360\215\2502\265\245\310\226\243c\302Ze\306\253#r\020\211\320iG\276\020E\317\035Sf\223F\254""; "
1750527535695,1750527535695,1539,1,4,2,TMLedgerData,"ledgerHash: ""[\000\302\314\326\214\276@c\240\272\222{\363\314\032\213\311\316\246/\330\302\014>\022\346\234\347\264\270\350""; ledgerSeq: 0; type: liTS_CANDIDATE; nodes {;   nodedata: ""\002i\361\030\371\256\265\036\320\273\013\357<\215/(\215[\231D\357Gd\372\270\316\261\301\342\327\225\241\000GZ\227\022t\201\240u\2324P\027\307M\337'Y\361[IAD\351\374!\232\005\337\376\252\251g\004\003"";   nodeid: ""\000\000\000\000\000\000\000\000\000\000\000\000\000\000\000\000\000\000\000\000\000\000\000\000\000\000\000\000\000\000\000\000\000""; }; requestCookie: 4; ","ledgerHash: ""[\000\302\314\326\214\276@c\240\272\222{\363\314\032\213\311\316\246/\330\302\014>\022\346\234\347\264\270\350""; ledgerSeq: 0; type: liTS_CANDIDATE; nodes {;   nodedata: ""\002i\361\030\371\256\265\036\320\273\013\357<\215/(\215[\231D\357Gd\372\270\316\261\301\342\327\225\241\000GZ\227\022t\201\240u\2324P\027\307M\337'Y\361[IAD\351\374!\232\005\337\376\252\251g\004\003"";   nodeid: ""\000\000\000\000\000\000\000\000\000\000\000\000\000\000\000\000\000\000\000\000\000\000\000\000\000\000\000\000\000\000\000\000\000""; }; requestCookie: 4; "
1750527535642,1750527535702,1961,1,1,4,TMStatusChange,"newEvent: neCLOSING_LEDGER; ledgerSeq: 6; ledgerHash: ""\360\215\2502\265\245\310\226\243c\302Ze\306\253#r\020\211\320iG\276\020E\317\035Sf\223F\254""; ledgerHashPrevious: ""\331]\036\237\306o!\223\221\002\324\031\262\240R\177 ,\214\325\Q])\016\2067\277\t\354\010\000""; networkTime: 803842735; firstSeq: 1; lastSeq: 6; ","newEvent: neCLOSING_LEDGER; ledgerSeq: 6; ledgerHash: ""\360\215\2502\265\245\310\226\243c\302Ze\306\253#r\020\211\320iG\276\020E\317\035Sf\223F\254""; ledgerHashPrevious: ""\331]\036\237\306o!\223\221\002\324\031\262\240R\177 ,\214\325\Q])\016\2067\277\t\354\010\000""; networkTime: 803842735; firstSeq: 1; lastSeq: 6; "
1750527535643,1750527535703,798,1,1,2,TMStatusChange,"newEvent: neCLOSING_LEDGER; ledgerSeq: 6; ledgerHash: ""\360\215\2502\265\245\310\226\243c\302Ze\306\253#r\020\211\320iG\276\020E\317\035Sf\223F\254""; ledgerHashPrevious: ""\331]\036\237\306o!\223\221\002\324\031\262\240R\177 ,\214\325\Q])\016\2067\277\t\354\010\000""; networkTime: 803842735; firstSeq: 1; lastSeq: 6; ","newEvent: neCLOSING_LEDGER; ledgerSeq: 6; ledgerHash: ""\360\215\2502\265\245\310\226\243c\302Ze\306\253#r\020\211\320iG\276\020E\317\035Sf\223F\254""; ledgerHashPrevious: ""\331]\036\237\306o!\223\221\002\324\031\262\240R\177 ,\214\325\Q])\016\2067\277\t\354\010\000""; networkTime: 803842735; firstSeq: 1; lastSeq: 6; "
1750527535644,1750527535703,3322,1,1,3,TMStatusChange,"newEvent: neCLOSING_LEDGER; ledgerSeq: 6; ledgerHash: ""\360\215\2502\265\245\310\226\243c\302Ze\306\253#r\020\211\320iG\276\020E\317\035Sf\223F\254""; ledgerHashPrevious: ""\331]\036\237\306o!\223\221\002\324\031\262\240R\177 ,\214\325\Q])\016\2067\277\t\354\010\000""; networkTime: 803842735; firstSeq: 1; lastSeq: 6; ","newEvent: neCLOSING_LEDGER; ledgerSeq: 6; ledgerHash: ""\360\215\2502\265\245\310\226\243c\302Ze\306\253#r\020\211\320iG\276\020E\317\035Sf\223F\254""; ledgerHashPrevious: ""\331]\036\237\306o!\223\221\002\324\031\262\240R\177 ,\214\325\Q])\016\2067\277\t\354\010\000""; networkTime: 803842735; firstSeq: 1; lastSeq: 6; "
1750527535645,1750527535704,3625,1,1,0,TMStatusChange,"newEvent: neCLOSING_LEDGER; ledgerSeq: 6; ledgerHash: ""\360\215\2502\265\245\310\226\243c\302Ze\306\253#r\020\211\320iG\276\020E\317\035Sf\223F\254""; ledgerHashPrevious: ""\331]\036\237\306o!\223\221\002\324\031\262\240R\177 ,\214\325\Q])\016\2067\277\t\354\010\000""; networkTime: 803842735; firstSeq: 1; lastSeq: 6; ","newEvent: neCLOSING_LEDGER; ledgerSeq: 6; ledgerHash: ""\360\215\2502\265\245\310\226\243c\302Ze\306\253#r\020\211\320iG\276\020E\317\035Sf\223F\254""; ledgerHashPrevious: ""\331]\036\237\306o!\223\221\002\324\031\262\240R\177 ,\214\325\Q])\016\2067\277\t\354\010\000""; networkTime: 803842735; firstSeq: 1; lastSeq: 6; "
1750527535714,1750527535714,3578,1,1,3,TMLedgerData,"ledgerHash: ""[\000\302\314\326\214\276@c\240\272\222{\363\314\032\213\311\316\246/\330\302\014>\022\346\234\347\264\270\350""; ledgerSeq: 0; type: liTS_CANDIDATE; nodes {;   nodedata: ""\002i\361\030\371\256\265\036\320\273\013\357<\215/(\215[\231D\357Gd\372\270\316\261\301\342\327\225\241\000GZ\227\022t\201\240u\2324P\027\307M\337'Y\361[IAD\351\374!\232\005\337\376\252\251g\004\003"";   nodeid: ""\000\000\000\000\000\000\000\000\000\000\000\000\000\000\000\000\000\000\000\000\000\000\000\000\000\000\000\000\000\000\000\000\000""; }; ","ledgerHash: ""[\000\302\314\326\214\276@c\240\272\222{\363\314\032\213\311\316\246/\330\302\014>\022\346\234\347\264\270\350""; ledgerSeq: 0; type: liTS_CANDIDATE; nodes {;   nodedata: ""\002i\361\030\371\256\265\036\320\273\013\357<\215/(\215[\231D\357Gd\372\270\316\261\301\342\327\225\241\000GZ\227\022t\201\240u\2324P\027\307M\337'Y\361[IAD\351\374!\232\005\337\376\252\251g\004\003"";   nodeid: ""\000\000\000\000\000\000\000\000\000\000\000\000\000\000\000\000\000\000\000\000\000\000\000\000\000\000\000\000\000\000\000\000\000""; }; "
1750527535720,1750527535720,1539,1,4,2,TMLedgerData,"ledgerHash: ""[\000\302\314\326\214\276@c\240\272\222{\363\314\032\213\311\316\246/\330\302\014>\022\346\234\347\264\270\350""; ledgerSeq: 0; type: liTS_CANDIDATE; nodes {;   nodedata: ""\002i\361\030\371\256\265\036\320\273\013\357<\215/(\215[\231D\357Gd\372\270\316\261\301\342\327\225\241\000GZ\227\022t\201\240u\2324P\027\307M\337'Y\361[IAD\351\374!\232\005\337\376\252\251g\004\003"";   nodeid: ""\000\000\000\000\000\000\000\000\000\000\000\000\000\000\000\000\000\000\000\000\000\000\000\000\000\000\000\000\000\000\000\000\000""; }; ","ledgerHash: ""[\000\302\314\326\214\276@c\240\272\222{\363\314\032\213\311\316\246/\330\302\014>\022\346\234\347\264\270\350""; ledgerSeq: 0; type: liTS_CANDIDATE; nodes {;   nodedata: ""\002i\361\030\371\256\265\036\320\273\013\357<\215/(\215[\231D\357Gd\372\270\316\261\301\342\327\225\241\000GZ\227\022t\201\240u\2324P\027\307M\337'Y\361[IAD\351\374!\232\005\337\376\252\251g\004\003"";   nodeid: ""\000\000\000\000\000\000\000\000\000\000\000\000\000\000\000\000\000\000\000\000\000\000\000\000\000\000\000\000\000\000\000\000\000""; }; "
1750527535727,1750527535727,3085,1,3,0,TMLedgerData,"ledgerHash: ""[\000\302\314\326\214\276@c\240\272\222{\363\314\032\213\311\316\246/\330\302\014>\022\346\234\347\264\270\350""; ledgerSeq: 0; type: liTS_CANDIDATE; nodes {;   nodedata: ""\002i\361\030\371\256\265\036\320\273\013\357<\215/(\215[\231D\357Gd\372\270\316\261\301\342\327\225\241\000GZ\227\022t\201\240u\2324P\027\307M\337'Y\361[IAD\351\374!\232\005\337\376\252\251g\004\003"";   nodeid: ""\000\000\000\000\000\000\000\000\000\000\000\000\000\000\000\000\000\000\000\000\000\000\000\000\000\000\000\000\000\000\000\000\000""; }; ","ledgerHash: ""[\000\302\314\326\214\276@c\240\272\222{\363\314\032\213\311\316\246/\330\302\014>\022\346\234\347\264\270\350""; ledgerSeq: 0; type: liTS_CANDIDATE; nodes {;   nodedata: ""\002i\361\030\371\256\265\036\320\273\013\357<\215/(\215[\231D\357Gd\372\270\316\261\301\342\327\225\241\000GZ\227\022t\201\240u\2324P\027\307M\337'Y\361[IAD\351\374!\232\005\337\376\252\251g\004\003"";   nodeid: ""\000\000\000\000\000\000\000\000\000\000\000\000\000\000\000\000\000\000\000\000\000\000\000\000\000\000\000\000\000\000\000\000\000""; }; "
1750527535750,1750527535750,2523,1,3,2,TMLedgerData,"ledgerHash: ""[\000\302\314\326\214\276@c\240\272\222{\363\314\032\213\311\316\246/\330\302\014>\022\346\234\347\264\270\350""; ledgerSeq: 0; type: liTS_CANDIDATE; nodes {;   nodedata: ""\002i\361\030\371\256\265\036\320\273\013\357<\215/(\215[\231D\357Gd\372\270\316\261\301\342\327\225\241\000GZ\227\022t\201\240u\2324P\027\307M\337'Y\361[IAD\351\374!\232\005\337\376\252\251g\004\003"";   nodeid: ""\000\000\000\000\000\000\000\000\000\000\000\000\000\000\000\000\000\000\000\000\000\000\000\000\000\000\000\000\000\000\000\000\000""; }; ","ledgerHash: ""[\000\302\314\326\214\276@c\240\272\222{\363\314\032\213\311\316\246/\330\302\014>\022\346\234\347\264\270\350""; ledgerSeq: 0; type: liTS_CANDIDATE; nodes {;   nodedata: ""\002i\361\030\371\256\265\036\320\273\013\357<\215/(\215[\231D\357Gd\372\270\316\261\301\342\327\225\241\000GZ\227\022t\201\240u\2324P\027\307M\337'Y\361[IAD\351\374!\232\005\337\376\252\251g\004\003"";   nodeid: ""\000\000\000\000\000\000\000\000\000\000\000\000\000\000\000\000\000\000\000\000\000\000\000\000\000\000\000\000\000\000\000\000\000""; }; "
1750527535758,1750527535758,860,1,1,0,TMLedgerData,"ledgerHash: ""[\000\302\314\326\214\276@c\240\272\222{\363\314\032\213\311\316\246/\330\302\014>\022\346\234\347\264\270\350""; ledgerSeq: 0; type: liTS_CANDIDATE; nodes {;   nodedata: ""\002i\361\030\371\256\265\036\320\273\013\357<\215/(\215[\231D\357Gd\372\270\316\261\301\342\327\225\241\000GZ\227\022t\201\240u\2324P\027\307M\337'Y\361[IAD\351\374!\232\005\337\376\252\251g\004\003"";   nodeid: ""\000\000\000\000\000\000\000\000\000\000\000\000\000\000\000\000\000\000\000\000\000\000\000\000\000\000\000\000\000\000\000\000\000""; }; ","ledgerHash: ""[\000\302\314\326\214\276@c\240\272\222{\363\314\032\213\311\316\246/\330\302\014>\022\346\234\347\264\270\350""; ledgerSeq: 0; type: liTS_CANDIDATE; nodes {;   nodedata: ""\002i\361\030\371\256\265\036\320\273\013\357<\215/(\215[\231D\357Gd\372\270\316\261\301\342\327\225\241\000GZ\227\022t\201\240u\2324P\027\307M\337'Y\361[IAD\351\374!\232\005\337\376\252\251g\004\003"";   nodeid: ""\000\000\000\000\000\000\000\000\000\000\000\000\000\000\000\000\000\000\000\000\000\000\000\000\000\000\000\000\000\000\000\000\000""; }; "
1750527535783,1750527535783,1813,1,3,1,TMLedgerData,"ledgerHash: ""[\000\302\314\326\214\276@c\240\272\222{\363\314\032\213\311\316\246/\330\302\014>\022\346\234\347\264\270\350""; ledgerSeq: 0; type: liTS_CANDIDATE; nodes {;   nodedata: ""\002i\361\030\371\256\265\036\320\273\013\357<\215/(\215[\231D\357Gd\372\270\316\261\301\342\327\225\241\000GZ\227\022t\201\240u\2324P\027\307M\337'Y\361[IAD\351\374!\232\005\337\376\252\251g\004\003"";   nodeid: ""\000\000\000\000\000\000\000\000\000\000\000\000\000\000\000\000\000\000\000\000\000\000\000\000\000\000\000\000\000\000\000\000\000""; }; ","ledgerHash: ""[\000\302\314\326\214\276@c\240\272\222{\363\314\032\213\311\316\246/\330\302\014>\022\346\234\347\264\270\350""; ledgerSeq: 0; type: liTS_CANDIDATE; nodes {;   nodedata: ""\002i\361\030\371\256\265\036\320\273\013\357<\215/(\215[\231D\357Gd\372\270\316\261\301\342\327\225\241\000GZ\227\022t\201\240u\2324P\027\307M\337'Y\361[IAD\351\374!\232\005\337\376\252\251g\004\003"";   nodeid: ""\000\000\000\000\000\000\000\000\000\000\000\000\000\000\000\000\000\000\000\000\000\000\000\000\000\000\000\000\000\000\000\000\000""; }; "
1750527535821,1750527535821,1144,1,4,1,TMLedgerData,"ledgerHash: ""[\000\302\314\326\214\276@c\240\272\222{\363\314\032\213\311\316\246/\330\302\014>\022\346\234\347\264\270\350""; ledgerSeq: 0; type: liTS_CANDIDATE; nodes {;   nodedata: ""\002i\361\030\371\256\265\036\320\273\013\357<\215/(\215[\231D\357Gd\372\270\316\261\301\342\327\225\241\000GZ\227\022t\201\240u\2324P\027\307M\337'Y\361[IAD\351\374!\232\005\337\376\252\251g\004\003"";   nodeid: ""\000\000\000\000\000\000\000\000\000\000\000\000\000\000\000\000\000\000\000\000\000\000\000\000\000\000\000\000\000\000\000\000\000""; }; requestCookie: 4; ","ledgerHash: ""[\000\302\314\326\214\276@c\240\272\222{\363\314\032\213\311\316\246/\330\302\014>\022\346\234\347\264\270\350""; ledgerSeq: 0; type: liTS_CANDIDATE; nodes {;   nodedata: ""\002i\361\030\371\256\265\036\320\273\013\357<\215/(\215[\231D\357Gd\372\270\316\261\301\342\327\225\241\000GZ\227\022t\201\240u\2324P\027\307M\337'Y\361[IAD\351\374!\232\005\337\376\252\251g\004\003"";   nodeid: ""\000\000\000\000\000\000\000\000\000\000\000\000\000\000\000\000\000\000\000\000\000\000\000\000\000\000\000\000\000\000\000\000\000""; }; requestCookie: 4; "
1750527535825,1750527535825,1144,1,4,1,TMLedgerData,"ledgerHash: ""[\000\302\314\326\214\276@c\240\272\222{\363\314\032\213\311\316\246/\330\302\014>\022\346\234\347\264\270\350""; ledgerSeq: 0; type: liTS_CANDIDATE; nodes {;   nodedata: ""\002i\361\030\371\256\265\036\320\273\013\357<\215/(\215[\231D\357Gd\372\270\316\261\301\342\327\225\241\000GZ\227\022t\201\240u\2324P\027\307M\337'Y\361[IAD\351\374!\232\005\337\376\252\251g\004\003"";   nodeid: ""\000\000\000\000\000\000\000\000\000\000\000\000\000\000\000\000\000\000\000\000\000\000\000\000\000\000\000\000\000\000\000\000\000""; }; ","ledgerHash: ""[\000\302\314\326\214\276@c\240\272\222{\363\314\032\213\311\316\246/\330\302\014>\022\346\234\347\264\270\350""; ledgerSeq: 0; type: liTS_CANDIDATE; nodes {;   nodedata: ""\002i\361\030\371\256\265\036\320\273\013\357<\215/(\215[\231D\357Gd\372\270\316\261\301\342\327\225\241\000GZ\227\022t\201\240u\2324P\027\307M\337'Y\361[IAD\351\374!\232\005\337\376\252\251g\004\003"";   nodeid: ""\000\000\000\000\000\000\000\000\000\000\000\000\000\000\000\000\000\000\000\000\000\000\000\000\000\000\000\000\000\000\000\000\000""; }; "
1750527535831,1750527535832,2523,1,3,2,TMLedgerData,"ledgerHash: ""[\000\302\314\326\214\276@c\240\272\222{\363\314\032\213\311\316\246/\330\302\014>\022\346\234\347\264\270\350""; ledgerSeq: 0; type: liTS_CANDIDATE; nodes {;   nodedata: ""\002i\361\030\371\256\265\036\320\273\013\357<\215/(\215[\231D\357Gd\372\270\316\261\301\342\327\225\241\000GZ\227\022t\201\240u\2324P\027\307M\337'Y\361[IAD\351\374!\232\005\337\376\252\251g\004\003"";   nodeid: ""\000\000\000\000\000\000\000\000\000\000\000\000\000\000\000\000\000\000\000\000\000\000\000\000\000\000\000\000\000\000\000\000\000""; }; requestCookie: 2; ","ledgerHash: ""[\000\302\314\326\214\276@c\240\272\222{\363\314\032\213\311\316\246/\330\302\014>\022\346\234\347\264\270\350""; ledgerSeq: 0; type: liTS_CANDIDATE; nodes {;   nodedata: ""\002i\361\030\371\256\265\036\320\273\013\357<\215/(\215[\231D\357Gd\372\270\316\261\301\342\327\225\241\000GZ\227\022t\201\240u\2324P\027\307M\337'Y\361[IAD\351\374!\232\005\337\376\252\251g\004\003"";   nodeid: ""\000\000\000\000\000\000\000\000\000\000\000\000\000\000\000\000\000\000\000\000\000\000\000\000\000\000\000\000\000\000\000\000\000""; }; requestCookie: 2; "
1750527535842,1750527535842,1665,1,2,3,TMLedgerData,"ledgerHash: ""\310\200l\322\255\214\342'\243\202\375k%_\335\032N\021G\005\230\271\366~%e\366\202l^\rR""; ledgerSeq: 0; type: liTS_CANDIDATE; nodes {;   nodedata: ""GZ\227\022t\201\240u\2324P\027\307M\337'Y\361[IAD\351\374!\232\005\337\376\252\251g\004\003"";   nodeid: ""\000\000\000\000\000\000\000\000\000\000\000\000\000\000\000\000\000\000\000\000\000\000\000\000\000\000\000\000\000\000\000\000\000""; }; ","ledgerHash: ""\310\200l\322\255\214\342'\243\202\375k%_\335\032N\021G\005\230\271\366~%e\366\202l^\rR""; ledgerSeq: 0; type: liTS_CANDIDATE; nodes {;   nodedata: ""GZ\227\022t\201\240u\2324P\027\307M\337'Y\361[IAD\351\374!\232\005\337\376\252\251g\004\003"";   nodeid: ""\000\000\000\000\000\000\000\000\000\000\000\000\000\000\000\000\000\000\000\000\000\000\000\000\000\000\000\000\000\000\000\000\000""; }; "
1750527535852,1750527535852,3818,1,0,2,TMLedgerData,"ledgerHash: ""[\000\302\314\326\214\276@c\240\272\222{\363\314\032\213\311\316\246/\330\302\014>\022\346\234\347\264\270\350""; ledgerSeq: 0; type: liTS_CANDIDATE; nodes {;   nodedata: ""\002i\361\030\371\256\265\036\320\273\013\357<\215/(\215[\231D\357Gd\372\270\316\261\301\342\327\225\241\000GZ\227\022t\201\240u\2324P\027\307M\337'Y\361[IAD\351\374!\232\005\337\376\252\251g\004\003"";   nodeid: ""\000\000\000\000\000\000\000\000\000\000\000\000\000\000\000\000\000\000\000\000\000\000\000\000\000\000\000\000\000\000\000\000\000""; }; ","ledgerHash: ""[\000\302\314\326\214\276@c\240\272\222{\363\314\032\213\311\316\246/\330\302\014>\022\346\234\347\264\270\350""; ledgerSeq: 0; type: liTS_CANDIDATE; nodes {;   nodedata: ""\002i\361\030\371\256\265\036\320\273\013\357<\215/(\215[\231D\357Gd\372\270\316\261\301\342\327\225\241\000GZ\227\022t\201\240u\2324P\027\307M\337'Y\361[IAD\351\374!\232\005\337\376\252\251g\004\003"";   nodeid: ""\000\000\000\000\000\000\000\000\000\000\000\000\000\000\000\000\000\000\000\000\000\000\000\000\000\000\000\000\000\000\000\000\000""; }; "
1750527535865,1750527535865,1144,1,4,1,TMLedgerData,"ledgerHash: ""[\000\302\314\326\214\276@c\240\272\222{\363\314\032\213\311\316\246/\330\302\014>\022\346\234\347\264\270\350""; ledgerSeq: 0; type: liTS_CANDIDATE; nodes {;   nodedata: ""\002i\361\030\371\256\265\036\320\273\013\357<\215/(\215[\231D\357Gd\372\270\316\261\301\342\327\225\241\000GZ\227\022t\201\240u\2324P\027\307M\337'Y\361[IAD\351\374!\232\005\337\376\252\251g\004\003"";   nodeid: ""\000\000\000\000\000\000\000\000\000\000\000\000\000\000\000\000\000\000\000\000\000\000\000\000\000\000\000\000\000\000\000\000\000""; }; requestCookie: 3; ","ledgerHash: ""[\000\302\314\326\214\276@c\240\272\222{\363\314\032\213\311\316\246/\330\302\014>\022\346\234\347\264\270\350""; ledgerSeq: 0; type: liTS_CANDIDATE; nodes {;   nodedata: ""\002i\361\030\371\256\265\036\320\273\013\357<\215/(\215[\231D\357Gd\372\270\316\261\301\342\327\225\241\000GZ\227\022t\201\240u\2324P\027\307M\337'Y\361[IAD\351\374!\232\005\337\376\252\251g\004\003"";   nodeid: ""\000\000\000\000\000\000\000\000\000\000\000\000\000\000\000\000\000\000\000\000\000\000\000\000\000\000\000\000\000\000\000\000\000""; }; requestCookie: 3; "
1750527535869,1750527535869,1782,1,1,4,TMLedgerData,"ledgerHash: ""\310\200l\322\255\214\342'\243\202\375k%_\335\032N\021G\005\230\271\366~%e\366\202l^\rR""; ledgerSeq: 0; type: liTS_CANDIDATE; nodes {;   nodedata: ""GZ\227\022t\201\240u\2324P\027\307M\337'Y\361[IAD\351\374!\232\005\337\376\252\251g\004\003"";   nodeid: ""\000\000\000\000\000\000\000\000\000\000\000\000\000\000\000\000\000\000\000\000\000\000\000\000\000\000\000\000\000\000\000\000\000""; }; ","ledgerHash: ""\310\200l\322\255\214\342'\243\202\375k%_\335\032N\021G\005\230\271\366~%e\366\202l^\rR""; ledgerSeq: 0; type: liTS_CANDIDATE; nodes {;   nodedata: ""GZ\227\022t\201\240u\2324P\027\307M\337'Y\361[IAD\351\374!\232\005\337\376\252\251g\004\003"";   nodeid: ""\000\000\000\000\000\000\000\000\000\000\000\000\000\000\000\000\000\000\000\000\000\000\000\000\000\000\000\000\000\000\000\000\000""; }; "
1750527535888,1750527535889,2794,1,3,2,TMGetLedger,"itype: liTS_CANDIDATE; ledgerHash: ""3\321\n7\354)\tf\006\357\205B<h\272GQ \344\262\236\025#\003\024&\310\034\352\376\326""; nodeIDs: ""\000\000\000\000\000\000\000\000\000\000\000\000\000\000\000\000\000\000\000\000\000\000\000\000\000\000\000\000\000\000\000\000\000""; queryType: qtINDIRECT; queryDepth: 3; ","itype: liTS_CANDIDATE; ledgerHash: ""3\321\n7\354)\tf\006\357\205B<h\272GQ \344\262\236\025#\003\024&\310\034\352\376\326""; nodeIDs: ""\000\000\000\000\000\000\000\000\000\000\000\000\000\000\000\000\000\000\000\000\000\000\000\000\000\000\000\000\000\000\000\000\000""; queryType: qtINDIRECT; queryDepth: 3; "
1750527535929,1750527535929,3787,1,3,2,TMProposeSet,"proposeSeq: 0; currentTxHash: ""\363\262\310\025\251\261\276X\247\260J\221\345\357\037\231)|\321K\000\\326E\004\377\005\255""A?\250""; nodePubKey: ""\003R7o\362bV\300hf\266\241;}\200^\374\240\203[:\342Q\225\221\027y\372\255\235\216\323~""; closeTime: 803842735; signature: ""0E\002!\000\275S\246\324u\276\354[\024\357a\232\014\303\231Rk\313\307*0\r(\256\026m\302\314\234""\023C\002 O$\244e\275\360B2|\227u\376\0260""\030\013N]\311\306\343M\315\327\t\207\321\270\250\351g""; previousledger: ""\360\215\2502\265\245\310\226\243c\302Ze\306\253#r\020\211\320iG\276\020E\317\035Sf\223F\254""; ","proposeSeq: 0; currentTxHash: ""\363\262\310\025\251\261\276X\247\260J\221\345\357\037\231)|\321K\000\\326E\004\377\005\255""A?\250""; nodePubKey: ""\003R7o\362bV\300hf\266\241;}\200^\374\240\203[:\342Q\225\221\027y\372\255\235\216\323~""; closeTime: 803842735; signature: ""0E\002!\000\275S\246\324u\276\354[\024\357a\232\014\303\231Rk\313\307*0\r(\256\026m\302\314\234""\023C\002 O$\244e\275\360B2|\227u\376\0260""\030\013N]\311\306\343M\315\327\t\207\321\270\250\351g""; previousledger: ""\360\215\2502\265\245\310\226\243c\302Ze\306\253#r\020\211\320iG\276\020E\317\035Sf\223F\254""; "
1750527535930,1750527535930,2201,1,3,0,TMProposeSet,"proposeSeq: 0; currentTxHash: ""\363\262\310\025\251\261\276X\247\260J\221\345\357\037\231)|\321K\000\\326E\004\377\005\255""A?\250""; nodePubKey: ""\003R7o\362bV\300hf\266\241;}\200^\374\240\203[:\342Q\225\221\027y\372\255\235\216\323~""; closeTime: 803842735; signature: ""0E\002!\000\275S\246\324u\276\354[\024\357a\232\014\303\231Rk\313\307*0\r(\256\026m\302\314\234""\023C\002 O$\244e\275\360B2|\227u\376\0260""\030\013N]\311\306\343M\315\327\t\207\321\270\250\351g""; previousledger: ""\360\215\2502\265\245\310\226\243c\302Ze\306\253#r\020\211\320iG\276\020E\317\035Sf\223F\254""; ","proposeSeq: 0; currentTxHash: ""\363\262\310\025\251\261\276X\247\260J\221\345\357\037\231)|\321K\000\\326E\004\377\005\255""A?\250""; nodePubKey: ""\003R7o\362bV\300hf\266\241;}\200^\374\240\203[:\342Q\225\221\027y\372\255\235\216\323~""; closeTime: 803842735; signature: ""0E\002!\000\275S\246\324u\276\354[\024\357a\232\014\303\231Rk\313\307*0\r(\256\026m\302\314\234""\023C\002 O$\244e\275\360B2|\227u\376\0260""\030\013N]\311\306\343M\315\327\t\207\321\270\250\351g""; previousledger: ""\360\215\2502\265\245\310\226\243c\302Ze\306\253#r\020\211\320iG\276\020E\317\035Sf\223F\254""; "
1750527535930,1750527535930,3830,1,3,1,TMProposeSet,"proposeSeq: 0; currentTxHash: ""\363\262\310\025\251\261\276X\247\260J\221\345\357\037\231)|\321K\000\\326E\004\377\005\255""A?\250""; nodePubKey: ""\003R7o\362bV\300hf\266\241;}\200^\374\240\203[:\342Q\225\221\027y\372\255\235\216\323~""; closeTime: 803842735; signature: ""0E\002!\000\275S\246\324u\276\354[\024\357a\232\014\303\231Rk\313\307*0\r(\256\026m\302\314\234""\023C\002 O$\244e\275\360B2|\227u\376\0260""\030\013N]\311\306\343M\315\327\t\207\321\270\250\351g""; previousledger: ""\360\215\2502\265\245\310\226\243c\302Ze\306\253#r\020\211\320iG\276\020E\317\035Sf\223F\254""; ","proposeSeq: 0; currentTxHash: ""\363\262\310\025\251\261\276X\247\260J\221\345\357\037\231)|\321K\000\\326E\004\377\005\255""A?\250""; nodePubKey: ""\003R7o\362bV\300hf\266\241;}\200^\374\240\203[:\342Q\225\221\027y\372\255\235\216\323~""; closeTime: 803842735; signature: ""0E\002!\000\275S\246\324u\276\354[\024\357a\232\014\303\231Rk\313\307*0\r(\256\026m\302\314\234""\023C\002 O$\244e\275\360B2|\227u\376\0260""\030\013N]\311\306\343M\315\327\t\207\321\270\250\351g""; previousledger: ""\360\215\2502\265\245\310\226\243c\302Ze\306\253#r\020\211\320iG\276\020E\317\035Sf\223F\254""; "
1750527535935,1750527535935,1434,1,0,1,TMLedgerData,"ledgerHash: ""[\000\302\314\326\214\276@c\240\272\222{\363\314\032\213\311\316\246/\330\302\014>\022\346\234\347\264\270\350""; ledgerSeq: 0; type: liTS_CANDIDATE; nodes {;   nodedata: ""\002i\361\030\371\256\265\036\320\273\013\357<\215/(\215[\231D\357Gd\372\270\316\261\301\342\327\225\241\000GZ\227\022t\201\240u\2324P\027\307M\337'Y\361[IAD\351\374!\232\005\337\376\252\251g\004\003"";   nodeid: ""\000\000\000\000\000\000\000\000\000\000\000\000\000\000\000\000\000\000\000\000\000\000\000\000\000\000\000\000\000\000\000\000\000""; }; ","ledgerHash: ""[\000\302\314\326\214\276@c\240\272\222{\363\314\032\213\311\316\246/\330\302\014>\022\346\234\347\264\270\350""; ledgerSeq: 0; type: liTS_CANDIDATE; nodes {;   nodedata: ""\002i\361\030\371\256\265\036\320\273\013\357<\215/(\215[\231D\357Gd\372\270\316\261\301\342\327\225\241\000GZ\227\022t\201\240u\2324P\027\307M\337'Y\361[IAD\351\374!\232\005\337\376\252\251g\004\003"";   nodeid: ""\000\000\000\000\000\000\000\000\000\000\000\000\000\000\000\000\000\000\000\000\000\000\000\000\000\000\000\000\000\000\000\000\000""; }; "
1750527535943,1750527535944,1539,1,4,2,TMLedgerData,"ledgerHash: ""[\000\302\314\326\214\276@c\240\272\222{\363\314\032\213\311\316\246/\330\302\014>\022\346\234\347\264\270\350""; ledgerSeq: 0; type: liTS_CANDIDATE; nodes {;   nodedata: ""\002i\361\030\371\256\265\036\320\273\013\357<\215/(\215[\231D\357Gd\372\270\316\261\301\342\327\225\241\000GZ\227\022t\201\240u\2324P\027\307M\337'Y\361[IAD\351\374!\232\005\337\376\252\251g\004\003"";   nodeid: ""\000\000\000\000\000\000\000\000\000\000\000\000\000\000\000\000\000\000\000\000\000\000\000\000\000\000\000\000\000\000\000\000\000""; }; requestCookie: 4; ","ledgerHash: ""[\000\302\314\326\214\276@c\240\272\222{\363\314\032\213\311\316\246/\330\302\014>\022\346\234\347\264\270\350""; ledgerSeq: 0; type: liTS_CANDIDATE; nodes {;   nodedata: ""\002i\361\030\371\256\265\036\320\273\013\357<\215/(\215[\231D\357Gd\372\270\316\261\301\342\327\225\241\000GZ\227\022t\201\240u\2324P\027\307M\337'Y\361[IAD\351\374!\232\005\337\376\252\251g\004\003"";   nodeid: ""\000\000\000\000\000\000\000\000\000\000\000\000\000\000\000\000\000\000\000\000\000\000\000\000\000\000\000\000\000\000\000\000\000""; }; requestCookie: 4; "
1750527535964,1750527535964,3736,1,3,4,TMValidation,"validation: """"\200\000\000\001&\000\000\000\006)/\351\252\256:\303`\246;Q\203[_Q\360\215\2502\265\245\310\226\243c\302Ze\306\253#r\020\211\320iG\276\020E\317\035Sf\223F\254P\027\000\000\000\000\000\000\000\000\000\000\000\000\000\000\000\000\000\000\000\000\000\000\000\000\000\000\000\000\000\000\000\000P\031\331]\036\237\306o!\223\221\002\324\031\262\240R\177 ,\214\325\Q])\016\2067\277\t\354\010\000s!\002\266\377\271\344:\030\221i\267\257\215\237M\014\3345f\014\273|\207\367\334\337F\325\004cxB\211LvF0D\002 C5\257\302\3473\316\0069j\224\r{\323EV\227>\006\271\346\333\023\334\214J\320\203\rw\037\203\002 }\013\246\034C\262\312HN\224\0002\222,R\241\251\375\370\230)\310\312\003\201V\377\231\203\343RU""; ","validation: """"\200\000\000\001&\000\000\000\006)/\351\252\256:\303`\246;Q\203[_Q\360\215\2502\265\245\310\226\243c\302Ze\306\253#r\020\211\320iG\276\020E\317\035Sf\223F\254P\027\000\000\000\000\000\000\000\000\000\000\000\000\000\000\000\000\000\000\000\000\000\000\000\000\000\000\000\000\000\000\000\000P\031\331]\036\237\306o!\223\221\002\324\031\262\240R\177 ,\214\325\Q])\016\2067\277\t\354\010\000s!\002\266\377\271\344:\030\221i\267\257\215\237M\014\3345f\014\273|\207\367\334\337F\325\004cxB\211LvF0D\002 C5\257\302\3473\316\0069j\224\r{\323EV\227>\006\271\346\333\023\334\214J\320\203\rw\037\203\002 }\013\246\034C\262\312HN\224\0002\222,R\241\251\375\370\230)\310\312\003\201V\377\231\203\343RU""; "
1750527535964,1750527535964,3125,1,3,2,TMValidation,"validation: """"\200\000\000\001&\000\000\000\006)/\351\252\256:\303`\246;Q\203[_Q\360\215\2502\265\245\310\226\243c\302Ze\306\253#r\020\211\320iG\276\020E\317\035Sf\223F\254P\027\000\000\000\000\000\000\000\000\000\000\000\000\000\000\000\000\000\000\000\000\000\000\000\000\000\000\000\000\000\000\000\000P\031\331]\036\237\306o!\223\221\002\324\031\262\240R\177 ,\214\325\Q])\016\2067\277\t\354\010\000s!\002\266\377\271\344:\030\221i\267\257\215\237M\014\3345f\014\273|\207\367\334\337F\325\004cxB\211LvF0D\002 C5\257\302\3473\316\0069j\224\r{\323EV\227>\006\271\346\333\023\334\214J\320\203\rw\037\203\002 }\013\246\034C\262\312HN\224\0002\222,R\241\251\375\370\230)\310\312\003\201V\377\231\203\343RU""; ","validation: """"\200\000\000\001&\000\000\000\006)/\351\252\256:\303`\246;Q\203[_Q\360\215\2502\265\245\310\226\243c\302Ze\306\253#r\020\211\320iG\276\020E\317\035Sf\223F\254P\027\000\000\000\000\000\000\000\000\000\000\000\000\000\000\000\000\000\000\000\000\000\000\000\000\000\000\000\000\000\000\000\000P\031\331]\036\237\306o!\223\221\002\324\031\262\240R\177 ,\214\325\Q])\016\2067\277\t\354\010\000s!\002\266\377\271\344:\030\221i\267\257\215\237M\014\3345f\014\273|\207\367\334\337F\325\004cxB\211LvF0D\002 C5\257\302\3473\316\0069j\224\r{\323EV\227>\006\271\346\333\023\334\214J\320\203\rw\037\203\002 }\013\246\034C\262\312HN\224\0002\222,R\241\251\375\370\230)\310\312\003\201V\377\231\203\343RU""; "
1750527535964,1750527535964,1777,1,3,0,TMValidation,"validation: """"\200\000\000\001&\000\000\000\006)/\351\252\256:\303`\246;Q\203[_Q\360\215\2502\265\245\310\226\243c\302Ze\306\253#r\020\211\320iG\276\020E\317\035Sf\223F\254P\027\000\000\000\000\000\000\000\000\000\000\000\000\000\000\000\000\000\000\000\000\000\000\000\000\000\000\000\000\000\000\000\000P\031\331]\036\237\306o!\223\221\002\324\031\262\240R\177 ,\214\325\Q])\016\2067\277\t\354\010\000s!\002\266\377\271\344:\030\221i\267\257\215\237M\014\3345f\014\273|\207\367\334\337F\325\004cxB\211LvF0D\002 C5\257\302\3473\316\0069j\224\r{\323EV\227>\006\271\346\333\023\334\214J\320\203\rw\037\203\002 }\013\246\034C\262\312HN\224\0002\222,R\241\251\375\370\230)\310\312\003\201V\377\231\203\343RU""; ","validation: """"\200\000\000\001&\000\000\000\006)/\351\252\256:\303`\246;Q\203[_Q\360\215\2502\265\245\310\226\243c\302Ze\306\253#r\020\211\320iG\276\020E\317\035Sf\223F\254P\027\000\000\000\000\000\000\000\000\000\000\000\000\000\000\000\000\000\000\000\000\000\000\000\000\000\000\000\000\000\000\000\000P\031\331]\036\237\306o!\223\221\002\324\031\262\240R\177 ,\214\325\Q])\016\2067\277\t\354\010\000s!\002\266\377\271\344:\030\221i\267\257\215\237M\014\3345f\014\273|\207\367\334\337F\325\004cxB\211LvF0D\002 C5\257\302\3473\316\0069j\224\r{\323EV\227>\006\271\346\333\023\334\214J\320\203\rw\037\203\002 }\013\246\034C\262\312HN\224\0002\222,R\241\251\375\370\230)\310\312\003\201V\377\231\203\343RU""; "
1750527535966,1750527535966,3578,1,1,3,TMLedgerData,"ledgerHash: ""[\000\302\314\326\214\276@c\240\272\222{\363\314\032\213\311\316\246/\330\302\014>\022\346\234\347\264\270\350""; ledgerSeq: 0; type: liTS_CANDIDATE; nodes {;   nodedata: ""\002i\361\030\371\256\265\036\320\273\013\357<\215/(\215[\231D\357Gd\372\270\316\261\301\342\327\225\241\000GZ\227\022t\201\240u\2324P\027\307M\337'Y\361[IAD\351\374!\232\005\337\376\252\251g\004\003"";   nodeid: ""\000\000\000\000\000\000\000\000\000\000\000\000\000\000\000\000\000\000\000\000\000\000\000\000\000\000\000\000\000\000\000\000\000""; }; ","ledgerHash: ""[\000\302\314\326\214\276@c\240\272\222{\363\314\032\213\311\316\246/\330\302\014>\022\346\234\347\264\270\350""; ledgerSeq: 0; type: liTS_CANDIDATE; nodes {;   nodedata: ""\002i\361\030\371\256\265\036\320\273\013\357<\215/(\215[\231D\357Gd\372\270\316\261\301\342\327\225\241\000GZ\227\022t\201\240u\2324P\027\307M\337'Y\361[IAD\351\374!\232\005\337\376\252\251g\004\003"";   nodeid: ""\000\000\000\000\000\000\000\000\000\000\000\000\000\000\000\000\000\000\000\000\000\000\000\000\000\000\000\000\000\000\000\000\000""; }; "
1750527535970,1750527535970,1539,1,4,2,TMLedgerData,"ledgerHash: ""[\000\302\314\326\214\276@c\240\272\222{\363\314\032\213\311\316\246/\330\302\014>\022\346\234\347\264\270\350""; ledgerSeq: 0; type: liTS_CANDIDATE; nodes {;   nodedata: ""\002i\361\030\371\256\265\036\320\273\013\357<\215/(\215[\231D\357Gd\372\270\316\261\301\342\327\225\241\000GZ\227\022t\201\240u\2324P\027\307M\337'Y\361[IAD\351\374!\232\005\337\376\252\251g\004\003"";   nodeid: ""\000\000\000\000\000\000\000\000\000\000\000\000\000\000\000\000\000\000\000\000\000\000\000\000\000\000\000\000\000\000\000\000\000""; }; ","ledgerHash: ""[\000\302\314\326\214\276@c\240\272\222{\363\314\032\213\311\316\246/\330\302\014>\022\346\234\347\264\270\350""; ledgerSeq: 0; type: liTS_CANDIDATE; nodes {;   nodedata: ""\002i\361\030\371\256\265\036\320\273\013\357<\215/(\215[\231D\357Gd\372\270\316\261\301\342\327\225\241\000GZ\227\022t\201\240u\2324P\027\307M\337'Y\361[IAD\351\374!\232\005\337\376\252\251g\004\003"";   nodeid: ""\000\000\000\000\000\000\000\000\000\000\000\000\000\000\000\000\000\000\000\000\000\000\000\000\000\000\000\000\000\000\000\000\000""; }; "
1750527535977,1750527535977,3085,1,3,0,TMLedgerData,"ledgerHash: ""[\000\302\314\326\214\276@c\240\272\222{\363\314\032\213\311\316\246/\330\302\014>\022\346\234\347\264\270\350""; ledgerSeq: 0; type: liTS_CANDIDATE; nodes {;   nodedata: ""\002i\361\030\371\256\265\036\320\273\013\357<\215/(\215[\231D\357Gd\372\270\316\261\301\342\327\225\241\000GZ\227\022t\201\240u\2324P\027\307M\337'Y\361[IAD\351\374!\232\005\337\376\252\251g\004\003"";   nodeid: ""\000\000\000\000\000\000\000\000\000\000\000\000\000\000\000\000\000\000\000\000\000\000\000\000\000\000\000\000\000\000\000\000\000""; }; ","ledgerHash: ""[\000\302\314\326\214\276@c\240\272\222{\363\314\032\213\311\316\246/\330\302\014>\022\346\234\347\264\270\350""; ledgerSeq: 0; type: liTS_CANDIDATE; nodes {;   nodedata: ""\002i\361\030\371\256\265\036\320\273\013\357<\215/(\215[\231D\357Gd\372\270\316\261\301\342\327\225\241\000GZ\227\022t\201\240u\2324P\027\307M\337'Y\361[IAD\351\374!\232\005\337\376\252\251g\004\003"";   nodeid: ""\000\000\000\000\000\000\000\000\000\000\000\000\000\000\000\000\000\000\000\000\000\000\000\000\000\000\000\000\000\000\000\000\000""; }; "
1750527535980,1750527535980,1539,1,4,2,TMLedgerData,"ledgerHash: ""[\000\302\314\326\214\276@c\240\272\222{\363\314\032\213\311\316\246/\330\302\014>\022\346\234\347\264\270\350""; ledgerSeq: 0; type: liTS_CANDIDATE; nodes {;   nodedata: ""\002i\361\030\371\256\265\036\320\273\013\357<\215/(\215[\231D\357Gd\372\270\316\261\301\342\327\225\241\000GZ\227\022t\201\240u\2324P\027\307M\337'Y\361[IAD\351\374!\232\005\337\376\252\251g\004\003"";   nodeid: ""\000\000\000\000\000\000\000\000\000\000\000\000\000\000\000\000\000\000\000\000\000\000\000\000\000\000\000\000\000\000\000\000\000""; }; requestCookie: 3; ","ledgerHash: ""[\000\302\314\326\214\276@c\240\272\222{\363\314\032\213\311\316\246/\330\302\014>\022\346\234\347\264\270\350""; ledgerSeq: 0; type: liTS_CANDIDATE; nodes {;   nodedata: ""\002i\361\030\371\256\265\036\320\273\013\357<\215/(\215[\231D\357Gd\372\270\316\261\301\342\327\225\241\000GZ\227\022t\201\240u\2324P\027\307M\337'Y\361[IAD\351\374!\232\005\337\376\252\251g\004\003"";   nodeid: ""\000\000\000\000\000\000\000\000\000\000\000\000\000\000\000\000\000\000\000\000\000\000\000\000\000\000\000\000\000\000\000\000\000""; }; requestCookie: 3; "
1750527535982,1750527535982,3620,1,4,3,TMValidation,"validation: """"\200\000\000\001&\000\000\000\006)/\351\252\255:p\210\265\307-\212\200\004Q\360\215\2502\265\245\310\226\243c\302Ze\306\253#r\020\211\320iG\276\020E\317\035Sf\223F\254P\027\000\000\000\000\000\000\000\000\000\000\000\000\000\000\000\000\000\000\000\000\000\000\000\000\000\000\000\000\000\000\000\000P\031\331]\036\237\306o!\223\221\002\324\031\262\240R\177 ,\214\325\Q])\016\2067\277\t\354\010\000s!\002\364d\217\366\217|\316F\232\231\241\n\261\333`\312O\367\235\025DD\336e\367\n\312\326\221\037\025\230vG0E\002!\000\270\334\275\007Q,\177\352@'|\202\273\270\334\321\225\0200\314\363]\313wAw}Z\303-\375\313\002 \034\207!\017'wq\360}\035\277d\220*\302\335{j\240(""h\206+~^P\252\000\213\261\331""; ","validation: """"\200\000\000\001&\000\000\000\006)/\351\252\255:p\210\265\307-\212\200\004Q\360\215\2502\265\245\310\226\243c\302Ze\306\253#r\020\211\320iG\276\020E\317\035Sf\223F\254P\027\000\000\000\000\000\000\000\000\000\000\000\000\000\000\000\000\000\000\000\000\000\000\000\000\000\000\000\000\000\000\000\000P\031\331]\036\237\306o!\223\221\002\324\031\262\240R\177 ,\214\325\Q])\016\2067\277\t\354\010\000s!\002\364d\217\366\217|\316F\232\231\241\n\261\333`\312O\367\235\025DD\336e\367\n\312\326\221\037\025\230vG0E\002!\000\270\334\275\007Q,\177\352@'|\202\273\270\334\321\225\0200\314\363]\313wAw}Z\303-\375\313\002 \034\207!\017'wq\360}\035\277d\220*\302\335{j\240(""h\206+~^P\252\000\213\261\331""; "
1750527535982,1750527535982,3803,1,4,1,TMValidation,"validation: """"\200\000\000\001&\000\000\000\006)/\351\252\255:p\210\265\307-\212\200\004Q\360\215\2502\265\245\310\226\243c\302Ze\306\253#r\020\211\320iG\276\020E\317\035Sf\223F\254P\027\000\000\000\000\000\000\000\000\000\000\000\000\000\000\000\000\000\000\000\000\000\000\000\000\000\000\000\000\000\000\000\000P\031\331]\036\237\306o!\223\221\002\324\031\262\240R\177 ,\214\325\Q])\016\2067\277\t\354\010\000s!\002\364d\217\366\217|\316F\232\231\241\n\261\333`\312O\367\235\025DD\336e\367\n\312\326\221\037\025\230vG0E\002!\000\270\334\275\007Q,\177\352@'|\202\273\270\334\321\225\0200\314\363]\313wAw}Z\303-\375\313\002 \034\207!\017'wq\360}\035\277d\220*\302\335{j\240(""h\206+~^P\252\000\213\261\331""; ","validation: """"\200\000\000\001&\000\000\000\006)/\351\252\255:p\210\265\307-\212\200\004Q\360\215\2502\265\245\310\226\243c\302Ze\306\253#r\020\211\320iG\276\020E\317\035Sf\223F\254P\027\000\000\000\000\000\000\000\000\000\000\000\000\000\000\000\000\000\000\000\000\000\000\000\000\000\000\000\000\000\000\000\000P\031\331]\036\237\306o!\223\221\002\324\031\262\240R\177 ,\214\325\Q])\016\2067\277\t\354\010\000s!\002\364d\217\366\217|\316F\232\231\241\n\261\333`\312O\367\235\025DD\336e\367\n\312\326\221\037\025\230vG0E\002!\000\270\334\275\007Q,\177\352@'|\202\273\270\334\321\225\0200\314\363]\313wAw}Z\303-\375\313\002 \034\207!\017'wq\360}\035\277d\220*\302\335{j\240(""h\206+~^P\252\000\213\261\331""; "
1750527535983,1750527535983,1665,1,2,3,TMLedgerData,"ledgerHash: ""[\000\302\314\326\214\276@c\240\272\222{\363\314\032\213\311\316\246/\330\302\014>\022\346\234\347\264\270\350""; ledgerSeq: 0; type: liTS_CANDIDATE; nodes {;   nodedata: ""\002i\361\030\371\256\265\036\320\273\013\357<\215/(\215[\231D\357Gd\372\270\316\261\301\342\327\225\241\000GZ\227\022t\201\240u\2324P\027\307M\337'Y\361[IAD\351\374!\232\005\337\376\252\251g\004\003"";   nodeid: ""\000\000\000\000\000\000\000\000\000\000\000\000\000\000\000\000\000\000\000\000\000\000\000\000\000\000\000\000\000\000\000\000\000""; }; ","ledgerHash: ""[\000\302\314\326\214\276@c\240\272\222{\363\314\032\213\311\316\246/\330\302\014>\022\346\234\347\264\270\350""; ledgerSeq: 0; type: liTS_CANDIDATE; nodes {;   nodedata: ""\002i\361\030\371\256\265\036\320\273\013\357<\215/(\215[\231D\357Gd\372\270\316\261\301\342\327\225\241\000GZ\227\022t\201\240u\2324P\027\307M\337'Y\361[IAD\351\374!\232\005\337\376\252\251g\004\003"";   nodeid: ""\000\000\000\000\000\000\000\000\000\000\000\000\000\000\000\000\000\000\000\000\000\000\000\000\000\000\000\000\000\000\000\000\000""; }; "
1750527536000,1750527536000,2523,1,3,2,TMLedgerData,"ledgerHash: ""[\000\302\314\326\214\276@c\240\272\222{\363\314\032\213\311\316\246/\330\302\014>\022\346\234\347\264\270\350""; ledgerSeq: 0; type: liTS_CANDIDATE; nodes {;   nodedata: ""\002i\361\030\371\256\265\036\320\273\013\357<\215/(\215[\231D\357Gd\372\270\316\261\301\342\327\225\241\000GZ\227\022t\201\240u\2324P\027\307M\337'Y\361[IAD\351\374!\232\005\337\376\252\251g\004\003"";   nodeid: ""\000\000\000\000\000\000\000\000\000\000\000\000\000\000\000\000\000\000\000\000\000\000\000\000\000\000\000\000\000\000\000\000\000""; }; ","ledgerHash: ""[\000\302\314\326\214\276@c\240\272\222{\363\314\032\213\311\316\246/\330\302\014>\022\346\234\347\264\270\350""; ledgerSeq: 0; type: liTS_CANDIDATE; nodes {;   nodedata: ""\002i\361\030\371\256\265\036\320\273\013\357<\215/(\215[\231D\357Gd\372\270\316\261\301\342\327\225\241\000GZ\227\022t\201\240u\2324P\027\307M\337'Y\361[IAD\351\374!\232\005\337\376\252\251g\004\003"";   nodeid: ""\000\000\000\000\000\000\000\000\000\000\000\000\000\000\000\000\000\000\000\000\000\000\000\000\000\000\000\000\000\000\000\000\000""; }; "
1750527536007,1750527536007,860,1,1,0,TMLedgerData,"ledgerHash: ""[\000\302\314\326\214\276@c\240\272\222{\363\314\032\213\311\316\246/\330\302\014>\022\346\234\347\264\270\350""; ledgerSeq: 0; type: liTS_CANDIDATE; nodes {;   nodedata: ""\002i\361\030\371\256\265\036\320\273\013\357<\215/(\215[\231D\357Gd\372\270\316\261\301\342\327\225\241\000GZ\227\022t\201\240u\2324P\027\307M\337'Y\361[IAD\351\374!\232\005\337\376\252\251g\004\003"";   nodeid: ""\000\000\000\000\000\000\000\000\000\000\000\000\000\000\000\000\000\000\000\000\000\000\000\000\000\000\000\000\000\000\000\000\000""; }; ","ledgerHash: ""[\000\302\314\326\214\276@c\240\272\222{\363\314\032\213\311\316\246/\330\302\014>\022\346\234\347\264\270\350""; ledgerSeq: 0; type: liTS_CANDIDATE; nodes {;   nodedata: ""\002i\361\030\371\256\265\036\320\273\013\357<\215/(\215[\231D\357Gd\372\270\316\261\301\342\327\225\241\000GZ\227\022t\201\240u\2324P\027\307M\337'Y\361[IAD\351\374!\232\005\337\376\252\251g\004\003"";   nodeid: ""\000\000\000\000\000\000\000\000\000\000\000\000\000\000\000\000\000\000\000\000\000\000\000\000\000\000\000\000\000\000\000\000\000""; }; "
1750527536009,1750527536010,2523,1,3,2,TMLedgerData,"ledgerHash: ""[\000\302\314\326\214\276@c\240\272\222{\363\314\032\213\311\316\246/\330\302\014>\022\346\234\347\264\270\350""; ledgerSeq: 0; type: liTS_CANDIDATE; nodes {;   nodedata: ""\002i\361\030\371\256\265\036\320\273\013\357<\215/(\215[\231D\357Gd\372\270\316\261\301\342\327\225\241\000GZ\227\022t\201\240u\2324P\027\307M\337'Y\361[IAD\351\374!\232\005\337\376\252\251g\004\003"";   nodeid: ""\000\000\000\000\000\000\000\000\000\000\000\000\000\000\000\000\000\000\000\000\000\000\000\000\000\000\000\000\000\000\000\000\000""; }; requestCookie: 3; ","ledgerHash: ""[\000\302\314\326\214\276@c\240\272\222{\363\314\032\213\311\316\246/\330\302\014>\022\346\234\347\264\270\350""; ledgerSeq: 0; type: liTS_CANDIDATE; nodes {;   nodedata: ""\002i\361\030\371\256\265\036\320\273\013\357<\215/(\215[\231D\357Gd\372\270\316\261\301\342\327\225\241\000GZ\227\022t\201\240u\2324P\027\307M\337'Y\361[IAD\351\374!\232\005\337\376\252\251g\004\003"";   nodeid: ""\000\000\000\000\000\000\000\000\000\000\000\000\000\000\000\000\000\000\000\000\000\000\000\000\000\000\000\000\000\000\000\000\000""; }; requestCookie: 3; "
1750527536022,1750527536022,783,1,4,2,TMValidation,"validation: """"\200\000\000\001&\000\000\000\006)/\351\252\255:p\210\265\307-\212\200\004Q\360\215\2502\265\245\310\226\243c\302Ze\306\253#r\020\211\320iG\276\020E\317\035Sf\223F\254P\027\000\000\000\000\000\000\000\000\000\000\000\000\000\000\000\000\000\000\000\000\000\000\000\000\000\000\000\000\000\000\000\000P\031\331]\036\237\306o!\223\221\002\324\031\262\240R\177 ,\214\325\Q])\016\2067\277\t\354\010\000s!\002\364d\217\366\217|\316F\232\231\241\n\261\333`\312O\367\235\025DD\336e\367\n\312\326\221\037\025\230vG0E\002!\000\270\334\275\007Q,\177\352@'|\202\273\270\334\321\225\0200\314\363]\313wAw}Z\303-\375\313\002 \034\207!\017'wq\360}\035\277d\220*\302\335{j\240(""h\206+~^P\252\000\213\261\331""; ","validation: """"\200\000\000\001&\000\000\000\006)/\351\252\255:p\210\265\307-\212\200\004Q\360\215\2502\265\245\310\226\243c\302Ze\306\253#r\020\211\320iG\276\020E\317\035Sf\223F\254P\027\000\000\000\000\000\000\000\000\000\000\000\000\000\000\000\000\000\000\000\000\000\000\000\000\000\000\000\000\000\000\000\000P\031\331]\036\237\306o!\223\221\002\324\031\262\240R\177 ,\214\325\Q])\016\2067\277\t\354\010\000s!\002\364d\217\366\217|\316F\232\231\241\n\261\333`\312O\367\235\025DD\336e\367\n\312\326\221\037\025\230vG0E\002!\000\270\334\275\007Q,\177\352@'|\202\273\270\334\321\225\0200\314\363]\313wAw}Z\303-\375\313\002 \034\207!\017'wq\360}\035\277d\220*\302\335{j\240(""h\206+~^P\252\000\213\261\331""; "
1750527536034,1750527536034,1813,1,3,1,TMLedgerData,"ledgerHash: ""[\000\302\314\326\214\276@c\240\272\222{\363\314\032\213\311\316\246/\330\302\014>\022\346\234\347\264\270\350""; ledgerSeq: 0; type: liTS_CANDIDATE; nodes {;   nodedata: ""\002i\361\030\371\256\265\036\320\273\013\357<\215/(\215[\231D\357Gd\372\270\316\261\301\342\327\225\241\000GZ\227\022t\201\240u\2324P\027\307M\337'Y\361[IAD\351\374!\232\005\337\376\252\251g\004\003"";   nodeid: ""\000\000\000\000\000\000\000\000\000\000\000\000\000\000\000\000\000\000\000\000\000\000\000\000\000\000\000\000\000\000\000\000\000""; }; ","ledgerHash: ""[\000\302\314\326\214\276@c\240\272\222{\363\314\032\213\311\316\246/\330\302\014>\022\346\234\347\264\270\350""; ledgerSeq: 0; type: liTS_CANDIDATE; nodes {;   nodedata: ""\002i\361\030\371\256\265\036\320\273\013\357<\215/(\215[\231D\357Gd\372\270\316\261\301\342\327\225\241\000GZ\227\022t\201\240u\2324P\027\307M\337'Y\361[IAD\351\374!\232\005\337\376\252\251g\004\003"";   nodeid: ""\000\000\000\000\000\000\000\000\000\000\000\000\000\000\000\000\000\000\000\000\000\000\000\000\000\000\000\000\000\000\000\000\000""; }; "
1750527536049,1750527536049,782,1,0,4,TMValidation,"validation: """"\200\000\000\001&\000\000\000\006)/\351\252\256:\303`\246;Q\203[_Q\360\215\2502\265\245\310\226\243c\302Ze\306\253#r\020\211\320iG\276\020E\317\035Sf\223F\254P\027\000\000\000\000\000\000\000\000\000\000\000\000\000\000\000\000\000\000\000\000\000\000\000\000\000\000\000\000\000\000\000\000P\031\331]\036\237\306o!\223\221\002\324\031\262\240R\177 ,\214\325\Q])\016\2067\277\t\354\010\000s!\002\266\377\271\344:\030\221i\267\257\215\237M\014\3345f\014\273|\207\367\334\337F\325\004cxB\211LvF0D\002 C5\257\302\3473\316\0069j\224\r{\323EV\227>\006\271\346\333\023\334\214J\320\203\rw\037\203\002 }\013\246\034C\262\312HN\224\0002\222,R\241\251\375\370\230)\310\312\003\201V\377\231\203\343RU""; ","validation: """"\200\000\000\001&\000\000\000\006)/\351\252\256:\303`\246;Q\203[_Q\360\215\2502\265\245\310\226\243c\302Ze\306\253#r\020\211\320iG\276\020E\317\035Sf\223F\254P\027\000\000\000\000\000\000\000\000\000\000\000\000\000\000\000\000\000\000\000\000\000\000\000\000\000\000\000\000\000\000\000\000P\031\331]\036\237\306o!\223\221\002\324\031\262\240R\177 ,\214\325\Q])\016\2067\277\t\354\010\000s!\002\266\377\271\344:\030\221i\267\257\215\237M\014\3345f\014\273|\207\367\334\337F\325\004cxB\211LvF0D\002 C5\257\302\3473\316\0069j\224\r{\323EV\227>\006\271\346\333\023\334\214J\320\203\rw\037\203\002 }\013\246\034C\262\312HN\224\0002\222,R\241\251\375\370\230)\310\312\003\201V\377\231\203\343RU""; "
1750527536050,1750527536050,2261,1,0,1,TMValidation,"validation: """"\200\000\000\001&\000\000\000\006)/\351\252\256:\303`\246;Q\203[_Q\360\215\2502\265\245\310\226\243c\302Ze\306\253#r\020\211\320iG\276\020E\317\035Sf\223F\254P\027\000\000\000\000\000\000\000\000\000\000\000\000\000\000\000\000\000\000\000\000\000\000\000\000\000\000\000\000\000\000\000\000P\031\331]\036\237\306o!\223\221\002\324\031\262\240R\177 ,\214\325\Q])\016\2067\277\t\354\010\000s!\002\266\377\271\344:\030\221i\267\257\215\237M\014\3345f\014\273|\207\367\334\337F\325\004cxB\211LvF0D\002 C5\257\302\3473\316\0069j\224\r{\323EV\227>\006\271\346\333\023\334\214J\320\203\rw\037\203\002 }\013\246\034C\262\312HN\224\0002\222,R\241\251\375\370\230)\310\312\003\201V\377\231\203\343RU""; ","validation: """"\200\000\000\001&\000\000\000\006)/\351\252\256:\303`\246;Q\203[_Q\360\215\2502\265\245\310\226\243c\302Ze\306\253#r\020\211\320iG\276\020E\317\035Sf\223F\254P\027\000\000\000\000\000\000\000\000\000\000\000\000\000\000\000\000\000\000\000\000\000\000\000\000\000\000\000\000\000\000\000\000P\031\331]\036\237\306o!\223\221\002\324\031\262\240R\177 ,\214\325\Q])\016\2067\277\t\354\010\000s!\002\266\377\271\344:\030\221i\267\257\215\237M\014\3345f\014\273|\207\367\334\337F\325\004cxB\211LvF0D\002 C5\257\302\3473\316\0069j\224\r{\323EV\227>\006\271\346\333\023\334\214J\320\203\rw\037\203\002 }\013\246\034C\262\312HN\224\0002\222,R\241\251\375\370\230)\310\312\003\201V\377\231\203\343RU""; "
1750527536050,1750527536050,3422,1,0,3,TMValidation,"validation: """"\200\000\000\001&\000\000\000\006)/\351\252\256:\303`\246;Q\203[_Q\360\215\2502\265\245\310\226\243c\302Ze\306\253#r\020\211\320iG\276\020E\317\035Sf\223F\254P\027\000\000\000\000\000\000\000\000\000\000\000\000\000\000\000\000\000\000\000\000\000\000\000\000\000\000\000\000\000\000\000\000P\031\331]\036\237\306o!\223\221\002\324\031\262\240R\177 ,\214\325\Q])\016\2067\277\t\354\010\000s!\002\266\377\271\344:\030\221i\267\257\215\237M\014\3345f\014\273|\207\367\334\337F\325\004cxB\211LvF0D\002 C5\257\302\3473\316\0069j\224\r{\323EV\227>\006\271\346\333\023\334\214J\320\203\rw\037\203\002 }\013\246\034C\262\312HN\224\0002\222,R\241\251\375\370\230)\310\312\003\201V\377\231\203\343RU""; ","validation: """"\200\000\000\001&\000\000\000\006)/\351\252\256:\303`\246;Q\203[_Q\360\215\2502\265\245\310\226\243c\302Ze\306\253#r\020\211\320iG\276\020E\317\035Sf\223F\254P\027\000\000\000\000\000\000\000\000\000\000\000\000\000\000\000\000\000\000\000\000\000\000\000\000\000\000\000\000\000\000\000\000P\031\331]\036\237\306o!\223\221\002\324\031\262\240R\177 ,\214\325\Q])\016\2067\277\t\354\010\000s!\002\266\377\271\344:\030\221i\267\257\215\237M\014\3345f\014\273|\207\367\334\337F\325\004cxB\211LvF0D\002 C5\257\302\3473\316\0069j\224\r{\323EV\227>\006\271\346\333\023\334\214J\320\203\rw\037\203\002 }\013\246\034C\262\312HN\224\0002\222,R\241\251\375\370\230)\310\312\003\201V\377\231\203\343RU""; "
1750527536071,1750527536071,1144,1,4,1,TMLedgerData,"ledgerHash: ""[\000\302\314\326\214\276@c\240\272\222{\363\314\032\213\311\316\246/\330\302\014>\022\346\234\347\264\270\350""; ledgerSeq: 0; type: liTS_CANDIDATE; nodes {;   nodedata: ""\002i\361\030\371\256\265\036\320\273\013\357<\215/(\215[\231D\357Gd\372\270\316\261\301\342\327\225\241\000GZ\227\022t\201\240u\2324P\027\307M\337'Y\361[IAD\351\374!\232\005\337\376\252\251g\004\003"";   nodeid: ""\000\000\000\000\000\000\000\000\000\000\000\000\000\000\000\000\000\000\000\000\000\000\000\000\000\000\000\000\000\000\000\000\000""; }; requestCookie: 4; ","ledgerHash: ""[\000\302\314\326\214\276@c\240\272\222{\363\314\032\213\311\316\246/\330\302\014>\022\346\234\347\264\270\350""; ledgerSeq: 0; type: liTS_CANDIDATE; nodes {;   nodedata: ""\002i\361\030\371\256\265\036\320\273\013\357<\215/(\215[\231D\357Gd\372\270\316\261\301\342\327\225\241\000GZ\227\022t\201\240u\2324P\027\307M\337'Y\361[IAD\351\374!\232\005\337\376\252\251g\004\003"";   nodeid: ""\000\000\000\000\000\000\000\000\000\000\000\000\000\000\000\000\000\000\000\000\000\000\000\000\000\000\000\000\000\000\000\000\000""; }; requestCookie: 4; "
1750527536075,1750527536075,1144,1,4,1,TMLedgerData,"ledgerHash: ""[\000\302\314\326\214\276@c\240\272\222{\363\314\032\213\311\316\246/\330\302\014>\022\346\234\347\264\270\350""; ledgerSeq: 0; type: liTS_CANDIDATE; nodes {;   nodedata: ""\002i\361\030\371\256\265\036\320\273\013\357<\215/(\215[\231D\357Gd\372\270\316\261\301\342\327\225\241\000GZ\227\022t\201\240u\2324P\027\307M\337'Y\361[IAD\351\374!\232\005\337\376\252\251g\004\003"";   nodeid: ""\000\000\000\000\000\000\000\000\000\000\000\000\000\000\000\000\000\000\000\000\000\000\000\000\000\000\000\000\000\000\000\000\000""; }; ","ledgerHash: ""[\000\302\314\326\214\276@c\240\272\222{\363\314\032\213\311\316\246/\330\302\014>\022\346\234\347\264\270\350""; ledgerSeq: 0; type: liTS_CANDIDATE; nodes {;   nodedata: ""\002i\361\030\371\256\265\036\320\273\013\357<\215/(\215[\231D\357Gd\372\270\316\261\301\342\327\225\241\000GZ\227\022t\201\240u\2324P\027\307M\337'Y\361[IAD\351\374!\232\005\337\376\252\251g\004\003"";   nodeid: ""\000\000\000\000\000\000\000\000\000\000\000\000\000\000\000\000\000\000\000\000\000\000\000\000\000\000\000\000\000\000\000\000\000""; }; "
1750527536082,1750527536082,2523,1,3,2,TMLedgerData,"ledgerHash: ""[\000\302\314\326\214\276@c\240\272\222{\363\314\032\213\311\316\246/\330\302\014>\022\346\234\347\264\270\350""; ledgerSeq: 0; type: liTS_CANDIDATE; nodes {;   nodedata: ""\002i\361\030\371\256\265\036\320\273\013\357<\215/(\215[\231D\357Gd\372\270\316\261\301\342\327\225\241\000GZ\227\022t\201\240u\2324P\027\307M\337'Y\361[IAD\351\374!\232\005\337\376\252\251g\004\003"";   nodeid: ""\000\000\000\000\000\000\000\000\000\000\000\000\000\000\000\000\000\000\000\000\000\000\000\000\000\000\000\000\000\000\000\000\000""; }; requestCookie: 2; ","ledgerHash: ""[\000\302\314\326\214\276@c\240\272\222{\363\314\032\213\311\316\246/\330\302\014>\022\346\234\347\264\270\350""; ledgerSeq: 0; type: liTS_CANDIDATE; nodes {;   nodedata: ""\002i\361\030\371\256\265\036\320\273\013\357<\215/(\215[\231D\357Gd\372\270\316\261\301\342\327\225\241\000GZ\227\022t\201\240u\2324P\027\307M\337'Y\361[IAD\351\374!\232\005\337\376\252\251g\004\003"";   nodeid: ""\000\000\000\000\000\000\000\000\000\000\000\000\000\000\000\000\000\000\000\000\000\000\000\000\000\000\000\000\000\000\000\000\000""; }; requestCookie: 2; "
1750527536092,1750527536092,1665,1,2,3,TMLedgerData,"ledgerHash: ""\310\200l\322\255\214\342'\243\202\375k%_\335\032N\021G\005\230\271\366~%e\366\202l^\rR""; ledgerSeq: 0; type: liTS_CANDIDATE; nodes {;   nodedata: ""GZ\227\022t\201\240u\2324P\027\307M\337'Y\361[IAD\351\374!\232\005\337\376\252\251g\004\003"";   nodeid: ""\000\000\000\000\000\000\000\000\000\000\000\000\000\000\000\000\000\000\000\000\000\000\000\000\000\000\000\000\000\000\000\000\000""; }; ","ledgerHash: ""\310\200l\322\255\214\342'\243\202\375k%_\335\032N\021G\005\230\271\366~%e\366\202l^\rR""; ledgerSeq: 0; type: liTS_CANDIDATE; nodes {;   nodedata: ""GZ\227\022t\201\240u\2324P\027\307M\337'Y\361[IAD\351\374!\232\005\337\376\252\251g\004\003"";   nodeid: ""\000\000\000\000\000\000\000\000\000\000\000\000\000\000\000\000\000\000\000\000\000\000\000\000\000\000\000\000\000\000\000\000\000""; }; "
1750527536093,1750527536093,612,1,2,0,TMLedgerData,"ledgerHash: ""[\000\302\314\326\214\276@c\240\272\222{\363\314\032\213\311\316\246/\330\302\014>\022\346\234\347\264\270\350""; ledgerSeq: 0; type: liTS_CANDIDATE; nodes {;   nodedata: ""\002i\361\030\371\256\265\036\320\273\013\357<\215/(\215[\231D\357Gd\372\270\316\261\301\342\327\225\241\000GZ\227\022t\201\240u\2324P\027\307M\337'Y\361[IAD\351\374!\232\005\337\376\252\251g\004\003"";   nodeid: ""\000\000\000\000\000\000\000\000\000\000\000\000\000\000\000\000\000\000\000\000\000\000\000\000\000\000\000\000\000\000\000\000\000""; }; ","ledgerHash: ""[\000\302\314\326\214\276@c\240\272\222{\363\314\032\213\311\316\246/\330\302\014>\022\346\234\347\264\270\350""; ledgerSeq: 0; type: liTS_CANDIDATE; nodes {;   nodedata: ""\002i\361\030\371\256\265\036\320\273\013\357<\215/(\215[\231D\357Gd\372\270\316\261\301\342\327\225\241\000GZ\227\022t\201\240u\2324P\027\307M\337'Y\361[IAD\351\374!\232\005\337\376\252\251g\004\003"";   nodeid: ""\000\000\000\000\000\000\000\000\000\000\000\000\000\000\000\000\000\000\000\000\000\000\000\000\000\000\000\000\000\000\000\000\000""; }; "
1750527536098,1750527536098,723,1,2,3,TMValidation,"validation: """"\200\000\000\001&\000\000\000\006)/\351\252\256:\355<\266\216~aC\027Q\360\215\2502\265\245\310\226\243c\302Ze\306\253#r\020\211\320iG\276\020E\317\035Sf\223F\254P\027\000\000\000\000\000\000\000\000\000\000\000\000\000\000\000\000\000\000\000\000\000\000\000\000\000\000\000\000\000\000\000\000P\031\331]\036\237\306o!\223\221\002\324\031\262\240R\177 ,\214\325\Q])\016\2067\277\t\354\010\000s!\002\225aM\037\203M\271C\224]$\245\215\334\264;{{\365%Z\2443U\201\242\320iUc\207\367vF0D\002 \007\021\031+\364\200\263\200T\327\310+7\313\271i\t1hx\352\327\001S\335/Z\334U\312\027\374\002 '0r\303\332N\216J\312%V\252\372[\265\320z\035\215\315\236\222\242R/\301}U\270\022\202\276""; ","validation: """"\200\000\000\001&\000\000\000\006)/\351\252\256:\355<\266\216~aC\027Q\360\215\2502\265\245\310\226\243c\302Ze\306\253#r\020\211\320iG\276\020E\317\035Sf\223F\254P\027\000\000\000\000\000\000\000\000\000\000\000\000\000\000\000\000\000\000\000\000\000\000\000\000\000\000\000\000\000\000\000\000P\031\331]\036\237\306o!\223\221\002\324\031\262\240R\177 ,\214\325\Q])\016\2067\277\t\354\010\000s!\002\225aM\037\203M\271C\224]$\245\215\334\264;{{\365%Z\2443U\201\242\320iUc\207\367vF0D\002 \007\021\031+\364\200\263\200T\327\310+7\313\271i\t1hx\352\327\001S\335/Z\334U\312\027\374\002 '0r\303\332N\216J\312%V\252\372[\265\320z\035\215\315\236\222\242R/\301}U\270\022\202\276""; "
1750527536099,1750527536099,446,1,2,0,TMValidation,"validation: """"\200\000\000\001&\000\000\000\006)/\351\252\256:\355<\266\216~aC\027Q\360\215\2502\265\245\310\226\243c\302Ze\306\253#r\020\211\320iG\276\020E\317\035Sf\223F\254P\027\000\000\000\000\000\000\000\000\000\000\000\000\000\000\000\000\000\000\000\000\000\000\000\000\000\000\000\000\000\000\000\000P\031\331]\036\237\306o!\223\221\002\324\031\262\240R\177 ,\214\325\Q])\016\2067\277\t\354\010\000s!\002\225aM\037\203M\271C\224]$\245\215\334\264;{{\365%Z\2443U\201\242\320iUc\207\367vF0D\002 \007\021\031+\364\200\263\200T\327\310+7\313\271i\t1hx\352\327\001S\335/Z\334U\312\027\374\002 '0r\303\332N\216J\312%V\252\372[\265\320z\035\215\315\236\222\242R/\301}U\270\022\202\276""; ","validation: """"\200\000\000\001&\000\000\000\006)/\351\252\256:\355<\266\216~aC\027Q\360\215\2502\265\245\310\226\243c\302Ze\306\253#r\020\211\320iG\276\020E\317\035Sf\223F\254P\027\000\000\000\000\000\000\000\000\000\000\000\000\000\000\000\000\000\000\000\000\000\000\000\000\000\000\000\000\000\000\000\000P\031\331]\036\237\306o!\223\221\002\324\031\262\240R\177 ,\214\325\Q])\016\2067\277\t\354\010\000s!\002\225aM\037\203M\271C\224]$\245\215\334\264;{{\365%Z\2443U\201\242\320iUc\207\367vF0D\002 \007\021\031+\364\200\263\200T\327\310+7\313\271i\t1hx\352\327\001S\335/Z\334U\312\027\374\002 '0r\303\332N\216J\312%V\252\372[\265\320z\035\215\315\236\222\242R/\301}U\270\022\202\276""; "
1750527536100,1750527536100,340,1,2,1,TMValidation,"validation: """"\200\000\000\001&\000\000\000\006)/\351\252\256:\355<\266\216~aC\027Q\360\215\2502\265\245\310\226\243c\302Ze\306\253#r\020\211\320iG\276\020E\317\035Sf\223F\254P\027\000\000\000\000\000\000\000\000\000\000\000\000\000\000\000\000\000\000\000\000\000\000\000\000\000\000\000\000\000\000\000\000P\031\331]\036\237\306o!\223\221\002\324\031\262\240R\177 ,\214\325\Q])\016\2067\277\t\354\010\000s!\002\225aM\037\203M\271C\224]$\245\215\334\264;{{\365%Z\2443U\201\242\320iUc\207\367vF0D\002 \007\021\031+\364\200\263\200T\327\310+7\313\271i\t1hx\352\327\001S\335/Z\334U\312\027\374\002 '0r\303\332N\216J\312%V\252\372[\265\320z\035\215\315\236\222\242R/\301}U\270\022\202\276""; ","validation: """"\200\000\000\001&\000\000\000\006)/\351\252\256:\355<\266\216~aC\027Q\360\215\2502\265\245\310\226\243c\302Ze\306\253#r\020\211\320iG\276\020E\317\035Sf\223F\254P\027\000\000\000\000\000\000\000\000\000\000\000\000\000\000\000\000\000\000\000\000\000\000\000\000\000\000\000\000\000\000\000\000P\031\331]\036\237\306o!\223\221\002\324\031\262\240R\177 ,\214\325\Q])\016\2067\277\t\354\010\000s!\002\225aM\037\203M\271C\224]$\245\215\334\264;{{\365%Z\2443U\201\242\320iUc\207\367vF0D\002 \007\021\031+\364\200\263\200T\327\310+7\313\271i\t1hx\352\327\001S\335/Z\334U\312\027\374\002 '0r\303\332N\216J\312%V\252\372[\265\320z\035\215\315\236\222\242R/\301}U\270\022\202\276""; "
1750527536102,1750527536103,3818,1,0,2,TMLedgerData,"ledgerHash: ""[\000\302\314\326\214\276@c\240\272\222{\363\314\032\213\311\316\246/\330\302\014>\022\346\234\347\264\270\350""; ledgerSeq: 0; type: liTS_CANDIDATE; nodes {;   nodedata: ""\002i\361\030\371\256\265\036\320\273\013\357<\215/(\215[\231D\357Gd\372\270\316\261\301\342\327\225\241\000GZ\227\022t\201\240u\2324P\027\307M\337'Y\361[IAD\351\374!\232\005\337\376\252\251g\004\003"";   nodeid: ""\000\000\000\000\000\000\000\000\000\000\000\000\000\000\000\000\000\000\000\000\000\000\000\000\000\000\000\000\000\000\000\000\000""; }; ","ledgerHash: ""[\000\302\314\326\214\276@c\240\272\222{\363\314\032\213\311\316\246/\330\302\014>\022\346\234\347\264\270\350""; ledgerSeq: 0; type: liTS_CANDIDATE; nodes {;   nodedata: ""\002i\361\030\371\256\265\036\320\273\013\357<\215/(\215[\231D\357Gd\372\270\316\261\301\342\327\225\241\000GZ\227\022t\201\240u\2324P\027\307M\337'Y\361[IAD\351\374!\232\005\337\376\252\251g\004\003"";   nodeid: ""\000\000\000\000\000\000\000\000\000\000\000\000\000\000\000\000\000\000\000\000\000\000\000\000\000\000\000\000\000\000\000\000\000""; }; "
1750527536118,1750527536118,1782,1,1,4,TMLedgerData,"ledgerHash: ""\310\200l\322\255\214\342'\243\202\375k%_\335\032N\021G\005\230\271\366~%e\366\202l^\rR""; ledgerSeq: 0; type: liTS_CANDIDATE; nodes {;   nodedata: ""GZ\227\022t\201\240u\2324P\027\307M\337'Y\361[IAD\351\374!\232\005\337\376\252\251g\004\003"";   nodeid: ""\000\000\000\000\000\000\000\000\000\000\000\000\000\000\000\000\000\000\000\000\000\000\000\000\000\000\000\000\000\000\000\000\000""; }; ","ledgerHash: ""\310\200l\322\255\214\342'\243\202\375k%_\335\032N\021G\005\230\271\366~%e\366\202l^\rR""; ledgerSeq: 0; type: liTS_CANDIDATE; nodes {;   nodedata: ""GZ\227\022t\201\240u\2324P\027\307M\337'Y\361[IAD\351\374!\232\005\337\376\252\251g\004\003"";   nodeid: ""\000\000\000\000\000\000\000\000\000\000\000\000\000\000\000\000\000\000\000\000\000\000\000\000\000\000\000\000\000\000\000\000\000""; }; "
1750527536119,1750527536119,1144,1,4,1,TMLedgerData,"ledgerHash: ""[\000\302\314\326\214\276@c\240\272\222{\363\314\032\213\311\316\246/\330\302\014>\022\346\234\347\264\270\350""; ledgerSeq: 0; type: liTS_CANDIDATE; nodes {;   nodedata: ""\002i\361\030\371\256\265\036\320\273\013\357<\215/(\215[\231D\357Gd\372\270\316\261\301\342\327\225\241\000GZ\227\022t\201\240u\2324P\027\307M\337'Y\361[IAD\351\374!\232\005\337\376\252\251g\004\003"";   nodeid: ""\000\000\000\000\000\000\000\000\000\000\000\000\000\000\000\000\000\000\000\000\000\000\000\000\000\000\000\000\000\000\000\000\000""; }; requestCookie: 3; ","ledgerHash: ""[\000\302\314\326\214\276@c\240\272\222{\363\314\032\213\311\316\246/\330\302\014>\022\346\234\347\264\270\350""; ledgerSeq: 0; type: liTS_CANDIDATE; nodes {;   nodedata: ""\002i\361\030\371\256\265\036\320\273\013\357<\215/(\215[\231D\357Gd\372\270\316\261\301\342\327\225\241\000GZ\227\022t\201\240u\2324P\027\307M\337'Y\361[IAD\351\374!\232\005\337\376\252\251g\004\003"";   nodeid: ""\000\000\000\000\000\000\000\000\000\000\000\000\000\000\000\000\000\000\000\000\000\000\000\000\000\000\000\000\000\000\000\000\000""; }; requestCookie: 3; "
1750527536127,1750527536127,1932,1,4,0,TMGetLedger,"itype: liTS_CANDIDATE; ledgerHash: ""\341\310\354\0213\033\013\350\207z\236R(|z&\034\335\266\323\356\205\273DV\210\254\213T\rZ\347""; nodeIDs: ""\000\000\000\000\000\000\000\000\000\000\000\000\000\000\000\000\000\000\000\000\000\000\000\000\000\000\000\000\000\000\000\000\000""; queryDepth: 3; ","itype: liTS_CANDIDATE; ledgerHash: ""\341\310\354\0213\033\013\350\207z\236R(|z&\034\335\266\323\356\205\273DV\210\254\213T\rZ\347""; nodeIDs: ""\000\000\000\000\000\000\000\000\000\000\000\000\000\000\000\000\000\000\000\000\000\000\000\000\000\000\000\000\000\000\000\000\000""; queryDepth: 3; "
1750527536127,1750527536127,2441,1,4,2,TMProposeSet,"proposeSeq: 0; currentTxHash: ""\341\310\354\0213\033\013\350\207z\236R(|z&\034\335\266\323\356\205\273DV\210\254\213T\rZ\347""; nodePubKey: ""\002\266\377\271\344:\030\221i\267\257\215\237M\014\3345f\014\273|\207\367\334\337F\325\004cxB\211L""; closeTime: 803842735; signature: ""0D\002 x\305/\234\014\017\214\275\331\224Kv\2000=\303\245\340k\020~\2233$\231\333Jg\007\337w3\002 \006\322\257\343\370n]\300\2344\212\026\311;h:y\315\376\235\026\366\240\3646\307\2263\301_\213\356""; previousledger: ""\360\215\2502\265\245\310\226\243c\302Ze\306\253#r\020\211\320iG\276\020E\317\035Sf\223F\254""; ","proposeSeq: 0; currentTxHash: ""\341\310\354\0213\033\013\350\207z\236R(|z&\034\335\266\323\356\205\273DV\210\254\213T\rZ\347""; nodePubKey: ""\002\266\377\271\344:\030\221i\267\257\215\237M\014\3345f\014\273|\207\367\334\337F\325\004cxB\211L""; closeTime: 803842735; signature: ""0D\002 x\305/\234\014\017\214\275\331\224Kv\2000=\303\245\340k\020~\2233$\231\333Jg\007\337w3\002 \006\322\257\343\370n]\300\2344\212\026\311;h:y\315\376\235\026\366\240\3646\307\2263\301_\213\356""; previousledger: ""\360\215\2502\265\245\310\226\243c\302Ze\306\253#r\020\211\320iG\276\020E\317\035Sf\223F\254""; "
1750527536128,1750527536128,2101,1,4,1,TMGetLedger,"itype: liTS_CANDIDATE; ledgerHash: ""\341\310\354\0213\033\013\350\207z\236R(|z&\034\335\266\323\356\205\273DV\210\254\213T\rZ\347""; nodeIDs: ""\000\000\000\000\000\000\000\000\000\000\000\000\000\000\000\000\000\000\000\000\000\000\000\000\000\000\000\000\000\000\000\000\000""; queryDepth: 3; ","itype: liTS_CANDIDATE; ledgerHash: ""\341\310\354\0213\033\013\350\207z\236R(|z&\034\335\266\323\356\205\273DV\210\254\213T\rZ\347""; nodeIDs: ""\000\000\000\000\000\000\000\000\000\000\000\000\000\000\000\000\000\000\000\000\000\000\000\000\000\000\000\000\000\000\000\000\000""; queryDepth: 3; "
1750527536128,1750527536128,371,1,4,3,TMProposeSet,"proposeSeq: 0; currentTxHash: ""\341\310\354\0213\033\013\350\207z\236R(|z&\034\335\266\323\356\205\273DV\210\254\213T\rZ\347""; nodePubKey: ""\002\266\377\271\344:\030\221i\267\257\215\237M\014\3345f\014\273|\207\367\334\337F\325\004cxB\211L""; closeTime: 803842735; signature: ""0D\002 x\305/\234\014\017\214\275\331\224Kv\2000=\303\245\340k\020~\2233$\231\333Jg\007\337w3\002 \006\322\257\343\370n]\300\2344\212\026\311;h:y\315\376\235\026\366\240\3646\307\2263\301_\213\356""; previousledger: ""\360\215\2502\265\245\310\226\243c\302Ze\306\253#r\020\211\320iG\276\020E\317\035Sf\223F\254""; ","proposeSeq: 0; currentTxHash: ""\341\310\354\0213\033\013\350\207z\236R(|z&\034\335\266\323\356\205\273DV\210\254\213T\rZ\347""; nodePubKey: ""\002\266\377\271\344:\030\221i\267\257\215\237M\014\3345f\014\273|\207\367\334\337F\325\004cxB\211L""; closeTime: 803842735; signature: ""0D\002 x\305/\234\014\017\214\275\331\224Kv\2000=\303\245\340k\020~\2233$\231\333Jg\007\337w3\002 \006\322\257\343\370n]\300\2344\212\026\311;h:y\315\376\235\026\366\240\3646\307\2263\301_\213\356""; previousledger: ""\360\215\2502\265\245\310\226\243c\302Ze\306\253#r\020\211\320iG\276\020E\317\035Sf\223F\254""; "
1750527536138,1750527536138,2079,1,3,1,TMGetLedger,"itype: liTS_CANDIDATE; ledgerHash: ""3\321\n7\354)\tf\006\357\205B<h\272GQ \344\262\236\025#\003\024&\310\034\352\376\326""; nodeIDs: ""\000\000\000\000\000\000\000\000\000\000\000\000\000\000\000\000\000\000\000\000\000\000\000\000\000\000\000\000\000\000\000\000\000""; queryType: qtINDIRECT; queryDepth: 3; ","itype: liTS_CANDIDATE; ledgerHash: ""3\321\n7\354)\tf\006\357\205B<h\272GQ \344\262\236\025#\003\024&\310\034\352\376\326""; nodeIDs: ""\000\000\000\000\000\000\000\000\000\000\000\000\000\000\000\000\000\000\000\000\000\000\000\000\000\000\000\000\000\000\000\000\000""; queryType: qtINDIRECT; queryDepth: 3; "
1750527536141,1750527536141,1212,1,2,4,TMLedgerData,"ledgerHash: ""\310\200l\322\255\214\342'\243\202\375k%_\335\032N\021G\005\230\271\366~%e\366\202l^\rR""; ledgerSeq: 0; type: liTS_CANDIDATE; nodes {;   nodedata: ""GZ\227\022t\201\240u\2324P\027\307M\337'Y\361[IAD\351\374!\232\005\337\376\252\251g\004\003"";   nodeid: ""\000\000\000\000\000\000\000\000\000\000\000\000\000\000\000\000\000\000\000\000\000\000\000\000\000\000\000\000\000\000\000\000\000""; }; ","ledgerHash: ""\310\200l\322\255\214\342'\243\202\375k%_\335\032N\021G\005\230\271\366~%e\366\202l^\rR""; ledgerSeq: 0; type: liTS_CANDIDATE; nodes {;   nodedata: ""GZ\227\022t\201\240u\2324P\027\307M\337'Y\361[IAD\351\374!\232\005\337\376\252\251g\004\003"";   nodeid: ""\000\000\000\000\000\000\000\000\000\000\000\000\000\000\000\000\000\000\000\000\000\000\000\000\000\000\000\000\000\000\000\000\000""; }; "
1750527536170,1750527536170,2972,1,4,0,TMProposeSet,"proposeSeq: 0; currentTxHash: ""\341\310\354\0213\033\013\350\207z\236R(|z&\034\335\266\323\356\205\273DV\210\254\213T\rZ\347""; nodePubKey: ""\002\266\377\271\344:\030\221i\267\257\215\237M\014\3345f\014\273|\207\367\334\337F\325\004cxB\211L""; closeTime: 803842735; signature: ""0D\002 x\305/\234\014\017\214\275\331\224Kv\2000=\303\245\340k\020~\2233$\231\333Jg\007\337w3\002 \006\322\257\343\370n]\300\2344\212\026\311;h:y\315\376\235\026\366\240\3646\307\2263\301_\213\356""; previousledger: ""\360\215\2502\265\245\310\226\243c\302Ze\306\253#r\020\211\320iG\276\020E\317\035Sf\223F\254""; ","proposeSeq: 0; currentTxHash: ""\341\310\354\0213\033\013\350\207z\236R(|z&\034\335\266\323\356\205\273DV\210\254\213T\rZ\347""; nodePubKey: ""\002\266\377\271\344:\030\221i\267\257\215\237M\014\3345f\014\273|\207\367\334\337F\325\004cxB\211L""; closeTime: 803842735; signature: ""0D\002 x\305/\234\014\017\214\275\331\224Kv\2000=\303\245\340k\020~\2233$\231\333Jg\007\337w3\002 \006\322\257\343\370n]\300\2344\212\026\311;h:y\315\376\235\026\366\240\3646\307\2263\301_\213\356""; previousledger: ""\360\215\2502\265\245\310\226\243c\302Ze\306\253#r\020\211\320iG\276\020E\317\035Sf\223F\254""; "
1750527536184,1750527536185,1434,1,0,1,TMLedgerData,"ledgerHash: ""[\000\302\314\326\214\276@c\240\272\222{\363\314\032\213\311\316\246/\330\302\014>\022\346\234\347\264\270\350""; ledgerSeq: 0; type: liTS_CANDIDATE; nodes {;   nodedata: ""\002i\361\030\371\256\265\036\320\273\013\357<\215/(\215[\231D\357Gd\372\270\316\261\301\342\327\225\241\000GZ\227\022t\201\240u\2324P\027\307M\337'Y\361[IAD\351\374!\232\005\337\376\252\251g\004\003"";   nodeid: ""\000\000\000\000\000\000\000\000\000\000\000\000\000\000\000\000\000\000\000\000\000\000\000\000\000\000\000\000\000\000\000\000\000""; }; ","ledgerHash: ""[\000\302\314\326\214\276@c\240\272\222{\363\314\032\213\311\316\246/\330\302\014>\022\346\234\347\264\270\350""; ledgerSeq: 0; type: liTS_CANDIDATE; nodes {;   nodedata: ""\002i\361\030\371\256\265\036\320\273\013\357<\215/(\215[\231D\357Gd\372\270\316\261\301\342\327\225\241\000GZ\227\022t\201\240u\2324P\027\307M\337'Y\361[IAD\351\374!\232\005\337\376\252\251g\004\003"";   nodeid: ""\000\000\000\000\000\000\000\000\000\000\000\000\000\000\000\000\000\000\000\000\000\000\000\000\000\000\000\000\000\000\000\000\000""; }; "
1750527536195,1750527536195,1539,1,4,2,TMLedgerData,"ledgerHash: ""[\000\302\314\326\214\276@c\240\272\222{\363\314\032\213\311\316\246/\330\302\014>\022\346\234\347\264\270\350""; ledgerSeq: 0; type: liTS_CANDIDATE; nodes {;   nodedata: ""\002i\361\030\371\256\265\036\320\273\013\357<\215/(\215[\231D\357Gd\372\270\316\261\301\342\327\225\241\000GZ\227\022t\201\240u\2324P\027\307M\337'Y\361[IAD\351\374!\232\005\337\376\252\251g\004\003"";   nodeid: ""\000\000\000\000\000\000\000\000\000\000\000\000\000\000\000\000\000\000\000\000\000\000\000\000\000\000\000\000\000\000\000\000\000""; }; requestCookie: 4; ","ledgerHash: ""[\000\302\314\326\214\276@c\240\272\222{\363\314\032\213\311\316\246/\330\302\014>\022\346\234\347\264\270\350""; ledgerSeq: 0; type: liTS_CANDIDATE; nodes {;   nodedata: ""\002i\361\030\371\256\265\036\320\273\013\357<\215/(\215[\231D\357Gd\372\270\316\261\301\342\327\225\241\000GZ\227\022t\201\240u\2324P\027\307M\337'Y\361[IAD\351\374!\232\005\337\376\252\251g\004\003"";   nodeid: ""\000\000\000\000\000\000\000\000\000\000\000\000\000\000\000\000\000\000\000\000\000\000\000\000\000\000\000\000\000\000\000\000\000""; }; requestCookie: 4; "
1750527536217,1750527536217,3578,1,1,3,TMLedgerData,"ledgerHash: ""[\000\302\314\326\214\276@c\240\272\222{\363\314\032\213\311\316\246/\330\302\014>\022\346\234\347\264\270\350""; ledgerSeq: 0; type: liTS_CANDIDATE; nodes {;   nodedata: ""\002i\361\030\371\256\265\036\320\273\013\357<\215/(\215[\231D\357Gd\372\270\316\261\301\342\327\225\241\000GZ\227\022t\201\240u\2324P\027\307M\337'Y\361[IAD\351\374!\232\005\337\376\252\251g\004\003"";   nodeid: ""\000\000\000\000\000\000\000\000\000\000\000\000\000\000\000\000\000\000\000\000\000\000\000\000\000\000\000\000\000\000\000\000\000""; }; ","ledgerHash: ""[\000\302\314\326\214\276@c\240\272\222{\363\314\032\213\311\316\246/\330\302\014>\022\346\234\347\264\270\350""; ledgerSeq: 0; type: liTS_CANDIDATE; nodes {;   nodedata: ""\002i\361\030\371\256\265\036\320\273\013\357<\215/(\215[\231D\357Gd\372\270\316\261\301\342\327\225\241\000GZ\227\022t\201\240u\2324P\027\307M\337'Y\361[IAD\351\374!\232\005\337\376\252\251g\004\003"";   nodeid: ""\000\000\000\000\000\000\000\000\000\000\000\000\000\000\000\000\000\000\000\000\000\000\000\000\000\000\000\000\000\000\000\000\000""; }; "
1750527536220,1750527536220,1539,1,4,2,TMLedgerData,"ledgerHash: ""[\000\302\314\326\214\276@c\240\272\222{\363\314\032\213\311\316\246/\330\302\014>\022\346\234\347\264\270\350""; ledgerSeq: 0; type: liTS_CANDIDATE; nodes {;   nodedata: ""\002i\361\030\371\256\265\036\320\273\013\357<\215/(\215[\231D\357Gd\372\270\316\261\301\342\327\225\241\000GZ\227\022t\201\240u\2324P\027\307M\337'Y\361[IAD\351\374!\232\005\337\376\252\251g\004\003"";   nodeid: ""\000\000\000\000\000\000\000\000\000\000\000\000\000\000\000\000\000\000\000\000\000\000\000\000\000\000\000\000\000\000\000\000\000""; }; ","ledgerHash: ""[\000\302\314\326\214\276@c\240\272\222{\363\314\032\213\311\316\246/\330\302\014>\022\346\234\347\264\270\350""; ledgerSeq: 0; type: liTS_CANDIDATE; nodes {;   nodedata: ""\002i\361\030\371\256\265\036\320\273\013\357<\215/(\215[\231D\357Gd\372\270\316\261\301\342\327\225\241\000GZ\227\022t\201\240u\2324P\027\307M\337'Y\361[IAD\351\374!\232\005\337\376\252\251g\004\003"";   nodeid: ""\000\000\000\000\000\000\000\000\000\000\000\000\000\000\000\000\000\000\000\000\000\000\000\000\000\000\000\000\000\000\000\000\000""; }; "
1750527536233,1750527536233,1665,1,2,3,TMLedgerData,"ledgerHash: ""[\000\302\314\326\214\276@c\240\272\222{\363\314\032\213\311\316\246/\330\302\014>\022\346\234\347\264\270\350""; ledgerSeq: 0; type: liTS_CANDIDATE; nodes {;   nodedata: ""\002i\361\030\371\256\265\036\320\273\013\357<\215/(\215[\231D\357Gd\372\270\316\261\301\342\327\225\241\000GZ\227\022t\201\240u\2324P\027\307M\337'Y\361[IAD\351\374!\232\005\337\376\252\251g\004\003"";   nodeid: ""\000\000\000\000\000\000\000\000\000\000\000\000\000\000\000\000\000\000\000\000\000\000\000\000\000\000\000\000\000\000\000\000\000""; }; ","ledgerHash: ""[\000\302\314\326\214\276@c\240\272\222{\363\314\032\213\311\316\246/\330\302\014>\022\346\234\347\264\270\350""; ledgerSeq: 0; type: liTS_CANDIDATE; nodes {;   nodedata: ""\002i\361\030\371\256\265\036\320\273\013\357<\215/(\215[\231D\357Gd\372\270\316\261\301\342\327\225\241\000GZ\227\022t\201\240u\2324P\027\307M\337'Y\361[IAD\351\374!\232\005\337\376\252\251g\004\003"";   nodeid: ""\000\000\000\000\000\000\000\000\000\000\000\000\000\000\000\000\000\000\000\000\000\000\000\000\000\000\000\000\000\000\000\000\000""; }; "
1750527536251,1750527536251,2523,1,3,2,TMLedgerData,"ledgerHash: ""[\000\302\314\326\214\276@c\240\272\222{\363\314\032\213\311\316\246/\330\302\014>\022\346\234\347\264\270\350""; ledgerSeq: 0; type: liTS_CANDIDATE; nodes {;   nodedata: ""\002i\361\030\371\256\265\036\320\273\013\357<\215/(\215[\231D\357Gd\372\270\316\261\301\342\327\225\241\000GZ\227\022t\201\240u\2324P\027\307M\337'Y\361[IAD\351\374!\232\005\337\376\252\251g\004\003"";   nodeid: ""\000\000\000\000\000\000\000\000\000\000\000\000\000\000\000\000\000\000\000\000\000\000\000\000\000\000\000\000\000\000\000\000\000""; }; ","ledgerHash: ""[\000\302\314\326\214\276@c\240\272\222{\363\314\032\213\311\316\246/\330\302\014>\022\346\234\347\264\270\350""; ledgerSeq: 0; type: liTS_CANDIDATE; nodes {;   nodedata: ""\002i\361\030\371\256\265\036\320\273\013\357<\215/(\215[\231D\357Gd\372\270\316\261\301\342\327\225\241\000GZ\227\022t\201\240u\2324P\027\307M\337'Y\361[IAD\351\374!\232\005\337\376\252\251g\004\003"";   nodeid: ""\000\000\000\000\000\000\000\000\000\000\000\000\000\000\000\000\000\000\000\000\000\000\000\000\000\000\000\000\000\000\000\000\000""; }; "
1750527536258,1750527536258,860,1,1,0,TMLedgerData,"ledgerHash: ""[\000\302\314\326\214\276@c\240\272\222{\363\314\032\213\311\316\246/\330\302\014>\022\346\234\347\264\270\350""; ledgerSeq: 0; type: liTS_CANDIDATE; nodes {;   nodedata: ""\002i\361\030\371\256\265\036\320\273\013\357<\215/(\215[\231D\357Gd\372\270\316\261\301\342\327\225\241\000GZ\227\022t\201\240u\2324P\027\307M\337'Y\361[IAD\351\374!\232\005\337\376\252\251g\004\003"";   nodeid: ""\000\000\000\000\000\000\000\000\000\000\000\000\000\000\000\000\000\000\000\000\000\000\000\000\000\000\000\000\000\000\000\000\000""; }; ","ledgerHash: ""[\000\302\314\326\214\276@c\240\272\222{\363\314\032\213\311\316\246/\330\302\014>\022\346\234\347\264\270\350""; ledgerSeq: 0; type: liTS_CANDIDATE; nodes {;   nodedata: ""\002i\361\030\371\256\265\036\320\273\013\357<\215/(\215[\231D\357Gd\372\270\316\261\301\342\327\225\241\000GZ\227\022t\201\240u\2324P\027\307M\337'Y\361[IAD\351\374!\232\005\337\376\252\251g\004\003"";   nodeid: ""\000\000\000\000\000\000\000\000\000\000\000\000\000\000\000\000\000\000\000\000\000\000\000\000\000\000\000\000\000\000\000\000\000""; }; "
1750527536280,1750527536280,3504,1,0,4,TMProposeSet,"proposeSeq: 0; currentTxHash: ""\000\000\000\000\000\000\000\000\000\000\000\000\000\000\000\000\000\000\000\000\000\000\000\000\000\000\000\000\000\000\000\000""; nodePubKey: ""\003\255\225A\213\332\224ehh\024BDq\224\250\335`\355\353{\357\266\335<\021\032\265\177\206\356&\215""; closeTime: 803842734; signature: ""0E\002!\000\237\225\252\002\311\262\221\204\017\364B\252\225\267\005fF\263Z\350\250\333W\273M\275\367]qupU\002 2A?\023\372U\245\031cQ\177C\245\300\322\370@V\300M{\257f<\002U4\207\262\033\366\200""; previousledger: ""\360\215\2502\265\245\310\226\243c\302Ze\306\253#r\020\211\320iG\276\020E\317\035Sf\223F\254""; ","proposeSeq: 0; currentTxHash: ""\000\000\000\000\000\000\000\000\000\000\000\000\000\000\000\000\000\000\000\000\000\000\000\000\000\000\000\000\000\000\000\000""; nodePubKey: ""\003\255\225A\213\332\224ehh\024BDq\224\250\335`\355\353{\357\266\335<\021\032\265\177\206\356&\215""; closeTime: 803842734; signature: ""0E\002!\000\237\225\252\002\311\262\221\204\017\364B\252\225\267\005fF\263Z\350\250\333W\273M\275\367]qupU\002 2A?\023\372U\245\031cQ\177C\245\300\322\370@V\300M{\257f<\002U4\207\262\033\366\200""; previousledger: ""\360\215\2502\265\245\310\226\243c\302Ze\306\253#r\020\211\320iG\276\020E\317\035Sf\223F\254""; "
1750527536280,1750527536280,3849,1,0,1,TMProposeSet,"proposeSeq: 0; currentTxHash: ""\000\000\000\000\000\000\000\000\000\000\000\000\000\000\000\000\000\000\000\000\000\000\000\000\000\000\000\000\000\000\000\000""; nodePubKey: ""\003\255\225A\213\332\224ehh\024BDq\224\250\335`\355\353{\357\266\335<\021\032\265\177\206\356&\215""; closeTime: 803842734; signature: ""0E\002!\000\237\225\252\002\311\262\221\204\017\364B\252\225\267\005fF\263Z\350\250\333W\273M\275\367]qupU\002 2A?\023\372U\245\031cQ\177C\245\300\322\370@V\300M{\257f<\002U4\207\262\033\366\200""; previousledger: ""\360\215\2502\265\245\310\226\243c\302Ze\306\253#r\020\211\320iG\276\020E\317\035Sf\223F\254""; ","proposeSeq: 0; currentTxHash: ""\000\000\000\000\000\000\000\000\000\000\000\000\000\000\000\000\000\000\000\000\000\000\000\000\000\000\000\000\000\000\000\000""; nodePubKey: ""\003\255\225A\213\332\224ehh\024BDq\224\250\335`\355\353{\357\266\335<\021\032\265\177\206\356&\215""; closeTime: 803842734; signature: ""0E\002!\000\237\225\252\002\311\262\221\204\017\364B\252\225\267\005fF\263Z\350\250\333W\273M\275\367]qupU\002 2A?\023\372U\245\031cQ\177C\245\300\322\370@V\300M{\257f<\002U4\207\262\033\366\200""; previousledger: ""\360\215\2502\265\245\310\226\243c\302Ze\306\253#r\020\211\320iG\276\020E\317\035Sf\223F\254""; "
1750527536280,1750527536281,142,1,0,3,TMProposeSet,"proposeSeq: 0; currentTxHash: ""\000\000\000\000\000\000\000\000\000\000\000\000\000\000\000\000\000\000\000\000\000\000\000\000\000\000\000\000\000\000\000\000""; nodePubKey: ""\003\255\225A\213\332\224ehh\024BDq\224\250\335`\355\353{\357\266\335<\021\032\265\177\206\356&\215""; closeTime: 803842734; signature: ""0E\002!\000\237\225\252\002\311\262\221\204\017\364B\252\225\267\005fF\263Z\350\250\333W\273M\275\367]qupU\002 2A?\023\372U\245\031cQ\177C\245\300\322\370@V\300M{\257f<\002U4\207\262\033\366\200""; previousledger: ""\360\215\2502\265\245\310\226\243c\302Ze\306\253#r\020\211\320iG\276\020E\317\035Sf\223F\254""; ","proposeSeq: 0; currentTxHash: ""\000\000\000\000\000\000\000\000\000\000\000\000\000\000\000\000\000\000\000\000\000\000\000\000\000\000\000\000\000\000\000\000""; nodePubKey: ""\003\255\225A\213\332\224ehh\024BDq\224\250\335`\355\353{\357\266\335<\021\032\265\177\206\356&\215""; closeTime: 803842734; signature: ""0E\002!\000\237\225\252\002\311\262\221\204\017\364B\252\225\267\005fF\263Z\350\250\333W\273M\275\367]qupU\002 2A?\023\372U\245\031cQ\177C\245\300\322\370@V\300M{\257f<\002U4\207\262\033\366\200""; previousledger: ""\360\215\2502\265\245\310\226\243c\302Ze\306\253#r\020\211\320iG\276\020E\317\035Sf\223F\254""; "
1750527536284,1750527536285,1813,1,3,1,TMLedgerData,"ledgerHash: ""[\000\302\314\326\214\276@c\240\272\222{\363\314\032\213\311\316\246/\330\302\014>\022\346\234\347\264\270\350""; ledgerSeq: 0; type: liTS_CANDIDATE; nodes {;   nodedata: ""\002i\361\030\371\256\265\036\320\273\013\357<\215/(\215[\231D\357Gd\372\270\316\261\301\342\327\225\241\000GZ\227\022t\201\240u\2324P\027\307M\337'Y\361[IAD\351\374!\232\005\337\376\252\251g\004\003"";   nodeid: ""\000\000\000\000\000\000\000\000\000\000\000\000\000\000\000\000\000\000\000\000\000\000\000\000\000\000\000\000\000\000\000\000\000""; }; ","ledgerHash: ""[\000\302\314\326\214\276@c\240\272\222{\363\314\032\213\311\316\246/\330\302\014>\022\346\234\347\264\270\350""; ledgerSeq: 0; type: liTS_CANDIDATE; nodes {;   nodedata: ""\002i\361\030\371\256\265\036\320\273\013\357<\215/(\215[\231D\357Gd\372\270\316\261\301\342\327\225\241\000GZ\227\022t\201\240u\2324P\027\307M\337'Y\361[IAD\351\374!\232\005\337\376\252\251g\004\003"";   nodeid: ""\000\000\000\000\000\000\000\000\000\000\000\000\000\000\000\000\000\000\000\000\000\000\000\000\000\000\000\000\000\000\000\000\000""; }; "
1750527536300,1750527536301,1539,1,4,2,TMLedgerData,"ledgerHash: ""[\000\302\314\326\214\276@c\240\272\222{\363\314\032\213\311\316\246/\330\302\014>\022\346\234\347\264\270\350""; ledgerSeq: 0; type: liTS_CANDIDATE; nodes {;   nodedata: ""\002i\361\030\371\256\265\036\320\273\013\357<\215/(\215[\231D\357Gd\372\270\316\261\301\342\327\225\241\000GZ\227\022t\201\240u\2324P\027\307M\337'Y\361[IAD\351\374!\232\005\337\376\252\251g\004\003"";   nodeid: ""\000\000\000\000\000\000\000\000\000\000\000\000\000\000\000\000\000\000\000\000\000\000\000\000\000\000\000\000\000\000\000\000\000""; }; requestCookie: 2; ","ledgerHash: ""[\000\302\314\326\214\276@c\240\272\222{\363\314\032\213\311\316\246/\330\302\014>\022\346\234\347\264\270\350""; ledgerSeq: 0; type: liTS_CANDIDATE; nodes {;   nodedata: ""\002i\361\030\371\256\265\036\320\273\013\357<\215/(\215[\231D\357Gd\372\270\316\261\301\342\327\225\241\000GZ\227\022t\201\240u\2324P\027\307M\337'Y\361[IAD\351\374!\232\005\337\376\252\251g\004\003"";   nodeid: ""\000\000\000\000\000\000\000\000\000\000\000\000\000\000\000\000\000\000\000\000\000\000\000\000\000\000\000\000\000\000\000\000\000""; }; requestCookie: 2; "
1750527536322,1750527536322,1144,1,4,1,TMLedgerData,"ledgerHash: ""[\000\302\314\326\214\276@c\240\272\222{\363\314\032\213\311\316\246/\330\302\014>\022\346\234\347\264\270\350""; ledgerSeq: 0; type: liTS_CANDIDATE; nodes {;   nodedata: ""\002i\361\030\371\256\265\036\320\273\013\357<\215/(\215[\231D\357Gd\372\270\316\261\301\342\327\225\241\000GZ\227\022t\201\240u\2324P\027\307M\337'Y\361[IAD\351\374!\232\005\337\376\252\251g\004\003"";   nodeid: ""\000\000\000\000\000\000\000\000\000\000\000\000\000\000\000\000\000\000\000\000\000\000\000\000\000\000\000\000\000\000\000\000\000""; }; requestCookie: 4; ","ledgerHash: ""[\000\302\314\326\214\276@c\240\272\222{\363\314\032\213\311\316\246/\330\302\014>\022\346\234\347\264\270\350""; ledgerSeq: 0; type: liTS_CANDIDATE; nodes {;   nodedata: ""\002i\361\030\371\256\265\036\320\273\013\357<\215/(\215[\231D\357Gd\372\270\316\261\301\342\327\225\241\000GZ\227\022t\201\240u\2324P\027\307M\337'Y\361[IAD\351\374!\232\005\337\376\252\251g\004\003"";   nodeid: ""\000\000\000\000\000\000\000\000\000\000\000\000\000\000\000\000\000\000\000\000\000\000\000\000\000\000\000\000\000\000\000\000\000""; }; requestCookie: 4; "
1750527536325,1750527536325,1144,1,4,1,TMLedgerData,"ledgerHash: ""[\000\302\314\326\214\276@c\240\272\222{\363\314\032\213\311\316\246/\330\302\014>\022\346\234\347\264\270\350""; ledgerSeq: 0; type: liTS_CANDIDATE; nodes {;   nodedata: ""\002i\361\030\371\256\265\036\320\273\013\357<\215/(\215[\231D\357Gd\372\270\316\261\301\342\327\225\241\000GZ\227\022t\201\240u\2324P\027\307M\337'Y\361[IAD\351\374!\232\005\337\376\252\251g\004\003"";   nodeid: ""\000\000\000\000\000\000\000\000\000\000\000\000\000\000\000\000\000\000\000\000\000\000\000\000\000\000\000\000\000\000\000\000\000""; }; ","ledgerHash: ""[\000\302\314\326\214\276@c\240\272\222{\363\314\032\213\311\316\246/\330\302\014>\022\346\234\347\264\270\350""; ledgerSeq: 0; type: liTS_CANDIDATE; nodes {;   nodedata: ""\002i\361\030\371\256\265\036\320\273\013\357<\215/(\215[\231D\357Gd\372\270\316\261\301\342\327\225\241\000GZ\227\022t\201\240u\2324P\027\307M\337'Y\361[IAD\351\374!\232\005\337\376\252\251g\004\003"";   nodeid: ""\000\000\000\000\000\000\000\000\000\000\000\000\000\000\000\000\000\000\000\000\000\000\000\000\000\000\000\000\000\000\000\000\000""; }; "
1750527536331,1750527536331,2523,1,3,2,TMLedgerData,"ledgerHash: ""[\000\302\314\326\214\276@c\240\272\222{\363\314\032\213\311\316\246/\330\302\014>\022\346\234\347\264\270\350""; ledgerSeq: 0; type: liTS_CANDIDATE; nodes {;   nodedata: ""\002i\361\030\371\256\265\036\320\273\013\357<\215/(\215[\231D\357Gd\372\270\316\261\301\342\327\225\241\000GZ\227\022t\201\240u\2324P\027\307M\337'Y\361[IAD\351\374!\232\005\337\376\252\251g\004\003"";   nodeid: ""\000\000\000\000\000\000\000\000\000\000\000\000\000\000\000\000\000\000\000\000\000\000\000\000\000\000\000\000\000\000\000\000\000""; }; requestCookie: 2; ","ledgerHash: ""[\000\302\314\326\214\276@c\240\272\222{\363\314\032\213\311\316\246/\330\302\014>\022\346\234\347\264\270\350""; ledgerSeq: 0; type: liTS_CANDIDATE; nodes {;   nodedata: ""\002i\361\030\371\256\265\036\320\273\013\357<\215/(\215[\231D\357Gd\372\270\316\261\301\342\327\225\241\000GZ\227\022t\201\240u\2324P\027\307M\337'Y\361[IAD\351\374!\232\005\337\376\252\251g\004\003"";   nodeid: ""\000\000\000\000\000\000\000\000\000\000\000\000\000\000\000\000\000\000\000\000\000\000\000\000\000\000\000\000\000\000\000\000\000""; }; requestCookie: 2; "
1750527536342,1750527536342,1665,1,2,3,TMLedgerData,"ledgerHash: ""\310\200l\322\255\214\342'\243\202\375k%_\335\032N\021G\005\230\271\366~%e\366\202l^\rR""; ledgerSeq: 0; type: liTS_CANDIDATE; nodes {;   nodedata: ""GZ\227\022t\201\240u\2324P\027\307M\337'Y\361[IAD\351\374!\232\005\337\376\252\251g\004\003"";   nodeid: ""\000\000\000\000\000\000\000\000\000\000\000\000\000\000\000\000\000\000\000\000\000\000\000\000\000\000\000\000\000\000\000\000\000""; }; ","ledgerHash: ""\310\200l\322\255\214\342'\243\202\375k%_\335\032N\021G\005\230\271\366~%e\366\202l^\rR""; ledgerSeq: 0; type: liTS_CANDIDATE; nodes {;   nodedata: ""GZ\227\022t\201\240u\2324P\027\307M\337'Y\361[IAD\351\374!\232\005\337\376\252\251g\004\003"";   nodeid: ""\000\000\000\000\000\000\000\000\000\000\000\000\000\000\000\000\000\000\000\000\000\000\000\000\000\000\000\000\000\000\000\000\000""; }; "
1750527536353,1750527536353,3818,1,0,2,TMLedgerData,"ledgerHash: ""[\000\302\314\326\214\276@c\240\272\222{\363\314\032\213\311\316\246/\330\302\014>\022\346\234\347\264\270\350""; ledgerSeq: 0; type: liTS_CANDIDATE; nodes {;   nodedata: ""\002i\361\030\371\256\265\036\320\273\013\357<\215/(\215[\231D\357Gd\372\270\316\261\301\342\327\225\241\000GZ\227\022t\201\240u\2324P\027\307M\337'Y\361[IAD\351\374!\232\005\337\376\252\251g\004\003"";   nodeid: ""\000\000\000\000\000\000\000\000\000\000\000\000\000\000\000\000\000\000\000\000\000\000\000\000\000\000\000\000\000\000\000\000\000""; }; ","ledgerHash: ""[\000\302\314\326\214\276@c\240\272\222{\363\314\032\213\311\316\246/\330\302\014>\022\346\234\347\264\270\350""; ledgerSeq: 0; type: liTS_CANDIDATE; nodes {;   nodedata: ""\002i\361\030\371\256\265\036\320\273\013\357<\215/(\215[\231D\357Gd\372\270\316\261\301\342\327\225\241\000GZ\227\022t\201\240u\2324P\027\307M\337'Y\361[IAD\351\374!\232\005\337\376\252\251g\004\003"";   nodeid: ""\000\000\000\000\000\000\000\000\000\000\000\000\000\000\000\000\000\000\000\000\000\000\000\000\000\000\000\000\000\000\000\000\000""; }; "
1750527536366,1750527536366,1144,1,4,1,TMLedgerData,"ledgerHash: ""[\000\302\314\326\214\276@c\240\272\222{\363\314\032\213\311\316\246/\330\302\014>\022\346\234\347\264\270\350""; ledgerSeq: 0; type: liTS_CANDIDATE; nodes {;   nodedata: ""\002i\361\030\371\256\265\036\320\273\013\357<\215/(\215[\231D\357Gd\372\270\316\261\301\342\327\225\241\000GZ\227\022t\201\240u\2324P\027\307M\337'Y\361[IAD\351\374!\232\005\337\376\252\251g\004\003"";   nodeid: ""\000\000\000\000\000\000\000\000\000\000\000\000\000\000\000\000\000\000\000\000\000\000\000\000\000\000\000\000\000\000\000\000\000""; }; requestCookie: 3; ","ledgerHash: ""[\000\302\314\326\214\276@c\240\272\222{\363\314\032\213\311\316\246/\330\302\014>\022\346\234\347\264\270\350""; ledgerSeq: 0; type: liTS_CANDIDATE; nodes {;   nodedata: ""\002i\361\030\371\256\265\036\320\273\013\357<\215/(\215[\231D\357Gd\372\270\316\261\301\342\327\225\241\000GZ\227\022t\201\240u\2324P\027\307M\337'Y\361[IAD\351\374!\232\005\337\376\252\251g\004\003"";   nodeid: ""\000\000\000\000\000\000\000\000\000\000\000\000\000\000\000\000\000\000\000\000\000\000\000\000\000\000\000\000\000\000\000\000\000""; }; requestCookie: 3; "
1750527536369,1750527536369,1782,1,1,4,TMLedgerData,"ledgerHash: ""\310\200l\322\255\214\342'\243\202\375k%_\335\032N\021G\005\230\271\366~%e\366\202l^\rR""; ledgerSeq: 0; type: liTS_CANDIDATE; nodes {;   nodedata: ""GZ\227\022t\201\240u\2324P\027\307M\337'Y\361[IAD\351\374!\232\005\337\376\252\251g\004\003"";   nodeid: ""\000\000\000\000\000\000\000\000\000\000\000\000\000\000\000\000\000\000\000\000\000\000\000\000\000\000\000\000\000\000\000\000\000""; }; ","ledgerHash: ""\310\200l\322\255\214\342'\243\202\375k%_\335\032N\021G\005\230\271\366~%e\366\202l^\rR""; ledgerSeq: 0; type: liTS_CANDIDATE; nodes {;   nodedata: ""GZ\227\022t\201\240u\2324P\027\307M\337'Y\361[IAD\351\374!\232\005\337\376\252\251g\004\003"";   nodeid: ""\000\000\000\000\000\000\000\000\000\000\000\000\000\000\000\000\000\000\000\000\000\000\000\000\000\000\000\000\000\000\000\000\000""; }; "
1750527536377,1750527536377,2309,1,4,2,TMGetLedger,"itype: liTS_CANDIDATE; ledgerHash: ""\341\310\354\0213\033\013\350\207z\236R(|z&\034\335\266\323\356\205\273DV\210\254\213T\rZ\347""; nodeIDs: ""\000\000\000\000\000\000\000\000\000\000\000\000\000\000\000\000\000\000\000\000\000\000\000\000\000\000\000\000\000\000\000\000\000""; queryType: qtINDIRECT; queryDepth: 3; ","itype: liTS_CANDIDATE; ledgerHash: ""\341\310\354\0213\033\013\350\207z\236R(|z&\034\335\266\323\356\205\273DV\210\254\213T\rZ\347""; nodeIDs: ""\000\000\000\000\000\000\000\000\000\000\000\000\000\000\000\000\000\000\000\000\000\000\000\000\000\000\000\000\000\000\000\000\000""; queryType: qtINDIRECT; queryDepth: 3; "
1750527536389,1750527536389,1212,1,2,4,TMLedgerData,"ledgerHash: ""\310\200l\322\255\214\342'\243\202\375k%_\335\032N\021G\005\230\271\366~%e\366\202l^\rR""; ledgerSeq: 0; type: liTS_CANDIDATE; nodes {;   nodedata: ""GZ\227\022t\201\240u\2324P\027\307M\337'Y\361[IAD\351\374!\232\005\337\376\252\251g\004\003"";   nodeid: ""\000\000\000\000\000\000\000\000\000\000\000\000\000\000\000\000\000\000\000\000\000\000\000\000\000\000\000\000\000\000\000\000\000""; }; ","ledgerHash: ""\310\200l\322\255\214\342'\243\202\375k%_\335\032N\021G\005\230\271\366~%e\366\202l^\rR""; ledgerSeq: 0; type: liTS_CANDIDATE; nodes {;   nodedata: ""GZ\227\022t\201\240u\2324P\027\307M\337'Y\361[IAD\351\374!\232\005\337\376\252\251g\004\003"";   nodeid: ""\000\000\000\000\000\000\000\000\000\000\000\000\000\000\000\000\000\000\000\000\000\000\000\000\000\000\000\000\000\000\000\000\000""; }; "
1750527536424,1750527536425,1272,1,3,4,TMProposeSet,"proposeSeq: 0; currentTxHash: ""\000\000\000\000\000\000\000\000\000\000\000\000\000\000\000\000\000\000\000\000\000\000\000\000\000\000\000\000\000\000\000\000""; nodePubKey: ""\003\255\225A\213\332\224ehh\024BDq\224\250\335`\355\353{\357\266\335<\021\032\265\177\206\356&\215""; closeTime: 803842734; signature: ""0E\002!\000\237\225\252\002\311\262\221\204\017\364B\252\225\267\005fF\263Z\350\250\333W\273M\275\367]qupU\002 2A?\023\372U\245\031cQ\177C\245\300\322\370@V\300M{\257f<\002U4\207\262\033\366\200""; previousledger: ""\360\215\2502\265\245\310\226\243c\302Ze\306\253#r\020\211\320iG\276\020E\317\035Sf\223F\254""; ","proposeSeq: 0; currentTxHash: ""\000\000\000\000\000\000\000\000\000\000\000\000\000\000\000\000\000\000\000\000\000\000\000\000\000\000\000\000\000\000\000\000""; nodePubKey: ""\003\255\225A\213\332\224ehh\024BDq\224\250\335`\355\353{\357\266\335<\021\032\265\177\206\356&\215""; closeTime: 803842734; signature: ""0E\002!\000\237\225\252\002\311\262\221\204\017\364B\252\225\267\005fF\263Z\350\250\333W\273M\275\367]qupU\002 2A?\023\372U\245\031cQ\177C\245\300\322\370@V\300M{\257f<\002U4\207\262\033\366\200""; previousledger: ""\360\215\2502\265\245\310\226\243c\302Ze\306\253#r\020\211\320iG\276\020E\317\035Sf\223F\254""; "
1750527536425,1750527536425,3787,1,3,2,TMProposeSet,"proposeSeq: 0; currentTxHash: ""\000\000\000\000\000\000\000\000\000\000\000\000\000\000\000\000\000\000\000\000\000\000\000\000\000\000\000\000\000\000\000\000""; nodePubKey: ""\003\255\225A\213\332\224ehh\024BDq\224\250\335`\355\353{\357\266\335<\021\032\265\177\206\356&\215""; closeTime: 803842734; signature: ""0E\002!\000\237\225\252\002\311\262\221\204\017\364B\252\225\267\005fF\263Z\350\250\333W\273M\275\367]qupU\002 2A?\023\372U\245\031cQ\177C\245\300\322\370@V\300M{\257f<\002U4\207\262\033\366\200""; previousledger: ""\360\215\2502\265\245\310\226\243c\302Ze\306\253#r\020\211\320iG\276\020E\317\035Sf\223F\254""; ","proposeSeq: 0; currentTxHash: ""\000\000\000\000\000\000\000\000\000\000\000\000\000\000\000\000\000\000\000\000\000\000\000\000\000\000\000\000\000\000\000\000""; nodePubKey: ""\003\255\225A\213\332\224ehh\024BDq\224\250\335`\355\353{\357\266\335<\021\032\265\177\206\356&\215""; closeTime: 803842734; signature: ""0E\002!\000\237\225\252\002\311\262\221\204\017\364B\252\225\267\005fF\263Z\350\250\333W\273M\275\367]qupU\002 2A?\023\372U\245\031cQ\177C\245\300\322\370@V\300M{\257f<\002U4\207\262\033\366\200""; previousledger: ""\360\215\2502\265\245\310\226\243c\302Ze\306\253#r\020\211\320iG\276\020E\317\035Sf\223F\254""; "
1750527536425,1750527536425,3830,1,3,1,TMProposeSet,"proposeSeq: 0; currentTxHash: ""\000\000\000\000\000\000\000\000\000\000\000\000\000\000\000\000\000\000\000\000\000\000\000\000\000\000\000\000\000\000\000\000""; nodePubKey: ""\003\255\225A\213\332\224ehh\024BDq\224\250\335`\355\353{\357\266\335<\021\032\265\177\206\356&\215""; closeTime: 803842734; signature: ""0E\002!\000\237\225\252\002\311\262\221\204\017\364B\252\225\267\005fF\263Z\350\250\333W\273M\275\367]qupU\002 2A?\023\372U\245\031cQ\177C\245\300\322\370@V\300M{\257f<\002U4\207\262\033\366\200""; previousledger: ""\360\215\2502\265\245\310\226\243c\302Ze\306\253#r\020\211\320iG\276\020E\317\035Sf\223F\254""; ","proposeSeq: 0; currentTxHash: ""\000\000\000\000\000\000\000\000\000\000\000\000\000\000\000\000\000\000\000\000\000\000\000\000\000\000\000\000\000\000\000\000""; nodePubKey: ""\003\255\225A\213\332\224ehh\024BDq\224\250\335`\355\353{\357\266\335<\021\032\265\177\206\356&\215""; closeTime: 803842734; signature: ""0E\002!\000\237\225\252\002\311\262\221\204\017\364B\252\225\267\005fF\263Z\350\250\333W\273M\275\367]qupU\002 2A?\023\372U\245\031cQ\177C\245\300\322\370@V\300M{\257f<\002U4\207\262\033\366\200""; previousledger: ""\360\215\2502\265\245\310\226\243c\302Ze\306\253#r\020\211\320iG\276\020E\317\035Sf\223F\254""; "
1750527536436,1750527536436,1434,1,0,1,TMLedgerData,"ledgerHash: ""[\000\302\314\326\214\276@c\240\272\222{\363\314\032\213\311\316\246/\330\302\014>\022\346\234\347\264\270\350""; ledgerSeq: 0; type: liTS_CANDIDATE; nodes {;   nodedata: ""\002i\361\030\371\256\265\036\320\273\013\357<\215/(\215[\231D\357Gd\372\270\316\261\301\342\327\225\241\000GZ\227\022t\201\240u\2324P\027\307M\337'Y\361[IAD\351\374!\232\005\337\376\252\251g\004\003"";   nodeid: ""\000\000\000\000\000\000\000\000\000\000\000\000\000\000\000\000\000\000\000\000\000\000\000\000\000\000\000\000\000\000\000\000\000""; }; ","ledgerHash: ""[\000\302\314\326\214\276@c\240\272\222{\363\314\032\213\311\316\246/\330\302\014>\022\346\234\347\264\270\350""; ledgerSeq: 0; type: liTS_CANDIDATE; nodes {;   nodedata: ""\002i\361\030\371\256\265\036\320\273\013\357<\215/(\215[\231D\357Gd\372\270\316\261\301\342\327\225\241\000GZ\227\022t\201\240u\2324P\027\307M\337'Y\361[IAD\351\374!\232\005\337\376\252\251g\004\003"";   nodeid: ""\000\000\000\000\000\000\000\000\000\000\000\000\000\000\000\000\000\000\000\000\000\000\000\000\000\000\000\000\000\000\000\000\000""; }; "
1750527536441,1750527536441,1311,1,1,3,TMValidation,"validation: """"\200\000\000\001&\000\000\000\006)/\351\252\256:\355<\266\216~aC\027Q\360\215\2502\265\245\310\226\243c\302Ze\306\253#r\020\211\320iG\276\020E\317\035Sf\223F\254P\027\000\000\000\000\000\000\000\000\000\000\000\000\000\000\000\000\000\000\000\000\000\000\000\000\000\000\000\000\000\000\000\000P\031\331]\036\237\306o!\223\221\002\324\031\262\240R\177 ,\214\325\Q])\016\2067\277\t\354\010\000s!\002\225aM\037\203M\271C\224]$\245\215\334\264;{{\365%Z\2443U\201\242\320iUc\207\367vF0D\002 \007\021\031+\364\200\263\200T\327\310+7\313\271i\t1hx\352\327\001S\335/Z\334U\312\027\374\002 '0r\303\332N\216J\312%V\252\372[\265\320z\035\215\315\236\222\242R/\301}U\270\022\202\276""; ","validation: """"\200\000\000\001&\000\000\000\006)/\351\252\256:\355<\266\216~aC\027Q\360\215\2502\265\245\310\226\243c\302Ze\306\253#r\020\211\320iG\276\020E\317\035Sf\223F\254P\027\000\000\000\000\000\000\000\000\000\000\000\000\000\000\000\000\000\000\000\000\000\000\000\000\000\000\000\000\000\000\000\000P\031\331]\036\237\306o!\223\221\002\324\031\262\240R\177 ,\214\325\Q])\016\2067\277\t\354\010\000s!\002\225aM\037\203M\271C\224]$\245\215\334\264;{{\365%Z\2443U\201\242\320iUc\207\367vF0D\002 \007\021\031+\364\200\263\200T\327\310+7\313\271i\t1hx\352\327\001S\335/Z\334U\312\027\374\002 '0r\303\332N\216J\312%V\252\372[\265\320z\035\215\315\236\222\242R/\301}U\270\022\202\276""; "
1750527536441,1750527536441,2229,1,1,0,TMValidation,"validation: """"\200\000\000\001&\000\000\000\006)/\351\252\256:\355<\266\216~aC\027Q\360\215\2502\265\245\310\226\243c\302Ze\306\253#r\020\211\320iG\276\020E\317\035Sf\223F\254P\027\000\000\000\000\000\000\000\000\000\000\000\000\000\000\000\000\000\000\000\000\000\000\000\000\000\000\000\000\000\000\000\000P\031\331]\036\237\306o!\223\221\002\324\031\262\240R\177 ,\214\325\Q])\016\2067\277\t\354\010\000s!\002\225aM\037\203M\271C\224]$\245\215\334\264;{{\365%Z\2443U\201\242\320iUc\207\367vF0D\002 \007\021\031+\364\200\263\200T\327\310+7\313\271i\t1hx\352\327\001S\335/Z\334U\312\027\374\002 '0r\303\332N\216J\312%V\252\372[\265\320z\035\215\315\236\222\242R/\301}U\270\022\202\276""; ","validation: """"\200\000\000\001&\000\000\000\006)/\351\252\256:\355<\266\216~aC\027Q\360\215\2502\265\245\310\226\243c\302Ze\306\253#r\020\211\320iG\276\020E\317\035Sf\223F\254P\027\000\000\000\000\000\000\000\000\000\000\000\000\000\000\000\000\000\000\000\000\000\000\000\000\000\000\000\000\000\000\000\000P\031\331]\036\237\306o!\223\221\002\324\031\262\240R\177 ,\214\325\Q])\016\2067\277\t\354\010\000s!\002\225aM\037\203M\271C\224]$\245\215\334\264;{{\365%Z\2443U\201\242\320iUc\207\367vF0D\002 \007\021\031+\364\200\263\200T\327\310+7\313\271i\t1hx\352\327\001S\335/Z\334U\312\027\374\002 '0r\303\332N\216J\312%V\252\372[\265\320z\035\215\315\236\222\242R/\301}U\270\022\202\276""; "
1750527536441,1750527536442,3746,1,1,4,TMValidation,"validation: """"\200\000\000\001&\000\000\000\006)/\351\252\256:\355<\266\216~aC\027Q\360\215\2502\265\245\310\226\243c\302Ze\306\253#r\020\211\320iG\276\020E\317\035Sf\223F\254P\027\000\000\000\000\000\000\000\000\000\000\000\000\000\000\000\000\000\000\000\000\000\000\000\000\000\000\000\000\000\000\000\000P\031\331]\036\237\306o!\223\221\002\324\031\262\240R\177 ,\214\325\Q])\016\2067\277\t\354\010\000s!\002\225aM\037\203M\271C\224]$\245\215\334\264;{{\365%Z\2443U\201\242\320iUc\207\367vF0D\002 \007\021\031+\364\200\263\200T\327\310+7\313\271i\t1hx\352\327\001S\335/Z\334U\312\027\374\002 '0r\303\332N\216J\312%V\252\372[\265\320z\035\215\315\236\222\242R/\301}U\270\022\202\276""; ","validation: """"\200\000\000\001&\000\000\000\006)/\351\252\256:\355<\266\216~aC\027Q\360\215\2502\265\245\310\226\243c\302Ze\306\253#r\020\211\320iG\276\020E\317\035Sf\223F\254P\027\000\000\000\000\000\000\000\000\000\000\000\000\000\000\000\000\000\000\000\000\000\000\000\000\000\000\000\000\000\000\000\000P\031\331]\036\237\306o!\223\221\002\324\031\262\240R\177 ,\214\325\Q])\016\2067\277\t\354\010\000s!\002\225aM\037\203M\271C\224]$\245\215\334\264;{{\365%Z\2443U\201\242\320iUc\207\367vF0D\002 \007\021\031+\364\200\263\200T\327\310+7\313\271i\t1hx\352\327\001S\335/Z\334U\312\027\374\002 '0r\303\332N\216J\312%V\252\372[\265\320z\035\215\315\236\222\242R/\301}U\270\022\202\276""; "
1750527536444,1750527536444,1539,1,4,2,TMLedgerData,"ledgerHash: ""[\000\302\314\326\214\276@c\240\272\222{\363\314\032\213\311\316\246/\330\302\014>\022\346\234\347\264\270\350""; ledgerSeq: 0; type: liTS_CANDIDATE; nodes {;   nodedata: ""\002i\361\030\371\256\265\036\320\273\013\357<\215/(\215[\231D\357Gd\372\270\316\261\301\342\327\225\241\000GZ\227\022t\201\240u\2324P\027\307M\337'Y\361[IAD\351\374!\232\005\337\376\252\251g\004\003"";   nodeid: ""\000\000\000\000\000\000\000\000\000\000\000\000\000\000\000\000\000\000\000\000\000\000\000\000\000\000\000\000\000\000\000\000\000""; }; requestCookie: 4; ","ledgerHash: ""[\000\302\314\326\214\276@c\240\272\222{\363\314\032\213\311\316\246/\330\302\014>\022\346\234\347\264\270\350""; ledgerSeq: 0; type: liTS_CANDIDATE; nodes {;   nodedata: ""\002i\361\030\371\256\265\036\320\273\013\357<\215/(\215[\231D\357Gd\372\270\316\261\301\342\327\225\241\000GZ\227\022t\201\240u\2324P\027\307M\337'Y\361[IAD\351\374!\232\005\337\376\252\251g\004\003"";   nodeid: ""\000\000\000\000\000\000\000\000\000\000\000\000\000\000\000\000\000\000\000\000\000\000\000\000\000\000\000\000\000\000\000\000\000""; }; requestCookie: 4; "
1750527536465,1750527536465,3578,1,1,3,TMLedgerData,"ledgerHash: ""[\000\302\314\326\214\276@c\240\272\222{\363\314\032\213\311\316\246/\330\302\014>\022\346\234\347\264\270\350""; ledgerSeq: 0; type: liTS_CANDIDATE; nodes {;   nodedata: ""\002i\361\030\371\256\265\036\320\273\013\357<\215/(\215[\231D\357Gd\372\270\316\261\301\342\327\225\241\000GZ\227\022t\201\240u\2324P\027\307M\337'Y\361[IAD\351\374!\232\005\337\376\252\251g\004\003"";   nodeid: ""\000\000\000\000\000\000\000\000\000\000\000\000\000\000\000\000\000\000\000\000\000\000\000\000\000\000\000\000\000\000\000\000\000""; }; ","ledgerHash: ""[\000\302\314\326\214\276@c\240\272\222{\363\314\032\213\311\316\246/\330\302\014>\022\346\234\347\264\270\350""; ledgerSeq: 0; type: liTS_CANDIDATE; nodes {;   nodedata: ""\002i\361\030\371\256\265\036\320\273\013\357<\215/(\215[\231D\357Gd\372\270\316\261\301\342\327\225\241\000GZ\227\022t\201\240u\2324P\027\307M\337'Y\361[IAD\351\374!\232\005\337\376\252\251g\004\003"";   nodeid: ""\000\000\000\000\000\000\000\000\000\000\000\000\000\000\000\000\000\000\000\000\000\000\000\000\000\000\000\000\000\000\000\000\000""; }; "
1750527536472,1750527536472,2523,1,3,2,TMLedgerData,"ledgerHash: ""\310\200l\322\255\214\342'\243\202\375k%_\335\032N\021G\005\230\271\366~%e\366\202l^\rR""; ledgerSeq: 0; type: liTS_CANDIDATE; nodes {;   nodedata: ""GZ\227\022t\201\240u\2324P\027\307M\337'Y\361[IAD\351\374!\232\005\337\376\252\251g\004\003"";   nodeid: ""\000\000\000\000\000\000\000\000\000\000\000\000\000\000\000\000\000\000\000\000\000\000\000\000\000\000\000\000\000\000\000\000\000""; }; requestCookie: 5; ","ledgerHash: ""\310\200l\322\255\214\342'\243\202\375k%_\335\032N\021G\005\230\271\366~%e\366\202l^\rR""; ledgerSeq: 0; type: liTS_CANDIDATE; nodes {;   nodedata: ""GZ\227\022t\201\240u\2324P\027\307M\337'Y\361[IAD\351\374!\232\005\337\376\252\251g\004\003"";   nodeid: ""\000\000\000\000\000\000\000\000\000\000\000\000\000\000\000\000\000\000\000\000\000\000\000\000\000\000\000\000\000\000\000\000\000""; }; requestCookie: 5; "
1750527536486,1750527536486,1665,1,2,3,TMLedgerData,"ledgerHash: ""[\000\302\314\326\214\276@c\240\272\222{\363\314\032\213\311\316\246/\330\302\014>\022\346\234\347\264\270\350""; ledgerSeq: 0; type: liTS_CANDIDATE; nodes {;   nodedata: ""\002i\361\030\371\256\265\036\320\273\013\357<\215/(\215[\231D\357Gd\372\270\316\261\301\342\327\225\241\000GZ\227\022t\201\240u\2324P\027\307M\337'Y\361[IAD\351\374!\232\005\337\376\252\251g\004\003"";   nodeid: ""\000\000\000\000\000\000\000\000\000\000\000\000\000\000\000\000\000\000\000\000\000\000\000\000\000\000\000\000\000\000\000\000\000""; }; ","ledgerHash: ""[\000\302\314\326\214\276@c\240\272\222{\363\314\032\213\311\316\246/\330\302\014>\022\346\234\347\264\270\350""; ledgerSeq: 0; type: liTS_CANDIDATE; nodes {;   nodedata: ""\002i\361\030\371\256\265\036\320\273\013\357<\215/(\215[\231D\357Gd\372\270\316\261\301\342\327\225\241\000GZ\227\022t\201\240u\2324P\027\307M\337'Y\361[IAD\351\374!\232\005\337\376\252\251g\004\003"";   nodeid: ""\000\000\000\000\000\000\000\000\000\000\000\000\000\000\000\000\000\000\000\000\000\000\000\000\000\000\000\000\000\000\000\000\000""; }; "
1750527536487,1750527536487,1539,1,4,2,TMLedgerData,"ledgerHash: ""[\000\302\314\326\214\276@c\240\272\222{\363\314\032\213\311\316\246/\330\302\014>\022\346\234\347\264\270\350""; ledgerSeq: 0; type: liTS_CANDIDATE; nodes {;   nodedata: ""\002i\361\030\371\256\265\036\320\273\013\357<\215/(\215[\231D\357Gd\372\270\316\261\301\342\327\225\241\000GZ\227\022t\201\240u\2324P\027\307M\337'Y\361[IAD\351\374!\232\005\337\376\252\251g\004\003"";   nodeid: ""\000\000\000\000\000\000\000\000\000\000\000\000\000\000\000\000\000\000\000\000\000\000\000\000\000\000\000\000\000\000\000\000\000""; }; requestCookie: 3; ","ledgerHash: ""[\000\302\314\326\214\276@c\240\272\222{\363\314\032\213\311\316\246/\330\302\014>\022\346\234\347\264\270\350""; ledgerSeq: 0; type: liTS_CANDIDATE; nodes {;   nodedata: ""\002i\361\030\371\256\265\036\320\273\013\357<\215/(\215[\231D\357Gd\372\270\316\261\301\342\327\225\241\000GZ\227\022t\201\240u\2324P\027\307M\337'Y\361[IAD\351\374!\232\005\337\376\252\251g\004\003"";   nodeid: ""\000\000\000\000\000\000\000\000\000\000\000\000\000\000\000\000\000\000\000\000\000\000\000\000\000\000\000\000\000\000\000\000\000""; }; requestCookie: 3; "
1750527536487,1750527536487,1539,1,4,2,TMLedgerData,"ledgerHash: ""[\000\302\314\326\214\276@c\240\272\222{\363\314\032\213\311\316\246/\330\302\014>\022\346\234\347\264\270\350""; ledgerSeq: 0; type: liTS_CANDIDATE; nodes {;   nodedata: ""\002i\361\030\371\256\265\036\320\273\013\357<\215/(\215[\231D\357Gd\372\270\316\261\301\342\327\225\241\000GZ\227\022t\201\240u\2324P\027\307M\337'Y\361[IAD\351\374!\232\005\337\376\252\251g\004\003"";   nodeid: ""\000\000\000\000\000\000\000\000\000\000\000\000\000\000\000\000\000\000\000\000\000\000\000\000\000\000\000\000\000\000\000\000\000""; }; ","ledgerHash: ""[\000\302\314\326\214\276@c\240\272\222{\363\314\032\213\311\316\246/\330\302\014>\022\346\234\347\264\270\350""; ledgerSeq: 0; type: liTS_CANDIDATE; nodes {;   nodedata: ""\002i\361\030\371\256\265\036\320\273\013\357<\215/(\215[\231D\357Gd\372\270\316\261\301\342\327\225\241\000GZ\227\022t\201\240u\2324P\027\307M\337'Y\361[IAD\351\374!\232\005\337\376\252\251g\004\003"";   nodeid: ""\000\000\000\000\000\000\000\000\000\000\000\000\000\000\000\000\000\000\000\000\000\000\000\000\000\000\000\000\000\000\000\000\000""; }; "
1750527536500,1750527536500,1131,1,3,0,TMGetLedger,"itype: liTS_CANDIDATE; ledgerHash: ""\341\310\354\0213\033\013\350\207z\236R(|z&\034\335\266\323\356\205\273DV\210\254\213T\rZ\347""; nodeIDs: ""\000\000\000\000\000\000\000\000\000\000\000\000\000\000\000\000\000\000\000\000\000\000\000\000\000\000\000\000\000\000\000\000\000""; queryDepth: 3; ","itype: liTS_CANDIDATE; ledgerHash: ""\341\310\354\0213\033\013\350\207z\236R(|z&\034\335\266\323\356\205\273DV\210\254\213T\rZ\347""; nodeIDs: ""\000\000\000\000\000\000\000\000\000\000\000\000\000\000\000\000\000\000\000\000\000\000\000\000\000\000\000\000\000\000\000\000\000""; queryDepth: 3; "
1750527536500,1750527536500,3787,1,3,2,TMProposeSet,"proposeSeq: 0; currentTxHash: ""\341\310\354\0213\033\013\350\207z\236R(|z&\034\335\266\323\356\205\273DV\210\254\213T\rZ\347""; nodePubKey: ""\002\266\377\271\344:\030\221i\267\257\215\237M\014\3345f\014\273|\207\367\334\337F\325\004cxB\211L""; closeTime: 803842735; signature: ""0D\002 x\305/\234\014\017\214\275\331\224Kv\2000=\303\245\340k\020~\2233$\231\333Jg\007\337w3\002 \006\322\257\343\370n]\300\2344\212\026\311;h:y\315\376\235\026\366\240\3646\307\2263\301_\213\356""; previousledger: ""\360\215\2502\265\245\310\226\243c\302Ze\306\253#r\020\211\320iG\276\020E\317\035Sf\223F\254""; ","proposeSeq: 0; currentTxHash: ""\341\310\354\0213\033\013\350\207z\236R(|z&\034\335\266\323\356\205\273DV\210\254\213T\rZ\347""; nodePubKey: ""\002\266\377\271\344:\030\221i\267\257\215\237M\014\3345f\014\273|\207\367\334\337F\325\004cxB\211L""; closeTime: 803842735; signature: ""0D\002 x\305/\234\014\017\214\275\331\224Kv\2000=\303\245\340k\020~\2233$\231\333Jg\007\337w3\002 \006\322\257\343\370n]\300\2344\212\026\311;h:y\315\376\235\026\366\240\3646\307\2263\301_\213\356""; previousledger: ""\360\215\2502\265\245\310\226\243c\302Ze\306\253#r\020\211\320iG\276\020E\317\035Sf\223F\254""; "
1750527536500,1750527536500,2201,1,3,0,TMProposeSet,"proposeSeq: 0; currentTxHash: ""\341\310\354\0213\033\013\350\207z\236R(|z&\034\335\266\323\356\205\273DV\210\254\213T\rZ\347""; nodePubKey: ""\002\266\377\271\344:\030\221i\267\257\215\237M\014\3345f\014\273|\207\367\334\337F\325\004cxB\211L""; closeTime: 803842735; signature: ""0D\002 x\305/\234\014\017\214\275\331\224Kv\2000=\303\245\340k\020~\2233$\231\333Jg\007\337w3\002 \006\322\257\343\370n]\300\2344\212\026\311;h:y\315\376\235\026\366\240\3646\307\2263\301_\213\356""; previousledger: ""\360\215\2502\265\245\310\226\243c\302Ze\306\253#r\020\211\320iG\276\020E\317\035Sf\223F\254""; ","proposeSeq: 0; currentTxHash: ""\341\310\354\0213\033\013\350\207z\236R(|z&\034\335\266\323\356\205\273DV\210\254\213T\rZ\347""; nodePubKey: ""\002\266\377\271\344:\030\221i\267\257\215\237M\014\3345f\014\273|\207\367\334\337F\325\004cxB\211L""; closeTime: 803842735; signature: ""0D\002 x\305/\234\014\017\214\275\331\224Kv\2000=\303\245\340k\020~\2233$\231\333Jg\007\337w3\002 \006\322\257\343\370n]\300\2344\212\026\311;h:y\315\376\235\026\366\240\3646\307\2263\301_\213\356""; previousledger: ""\360\215\2502\265\245\310\226\243c\302Ze\306\253#r\020\211\320iG\276\020E\317\035Sf\223F\254""; "
1750527536501,1750527536501,2079,1,3,1,TMGetLedger,"itype: liTS_CANDIDATE; ledgerHash: ""\341\310\354\0213\033\013\350\207z\236R(|z&\034\335\266\323\356\205\273DV\210\254\213T\rZ\347""; nodeIDs: ""\000\000\000\000\000\000\000\000\000\000\000\000\000\000\000\000\000\000\000\000\000\000\000\000\000\000\000\000\000\000\000\000\000""; queryDepth: 3; ","itype: liTS_CANDIDATE; ledgerHash: ""\341\310\354\0213\033\013\350\207z\236R(|z&\034\335\266\323\356\205\273DV\210\254\213T\rZ\347""; nodeIDs: ""\000\000\000\000\000\000\000\000\000\000\000\000\000\000\000\000\000\000\000\000\000\000\000\000\000\000\000\000\000\000\000\000\000""; queryDepth: 3; "
1750527536501,1750527536501,3830,1,3,1,TMProposeSet,"proposeSeq: 0; currentTxHash: ""\341\310\354\0213\033\013\350\207z\236R(|z&\034\335\266\323\356\205\273DV\210\254\213T\rZ\347""; nodePubKey: ""\002\266\377\271\344:\030\221i\267\257\215\237M\014\3345f\014\273|\207\367\334\337F\325\004cxB\211L""; closeTime: 803842735; signature: ""0D\002 x\305/\234\014\017\214\275\331\224Kv\2000=\303\245\340k\020~\2233$\231\333Jg\007\337w3\002 \006\322\257\343\370n]\300\2344\212\026\311;h:y\315\376\235\026\366\240\3646\307\2263\301_\213\356""; previousledger: ""\360\215\2502\265\245\310\226\243c\302Ze\306\253#r\020\211\320iG\276\020E\317\035Sf\223F\254""; ","proposeSeq: 0; currentTxHash: ""\341\310\354\0213\033\013\350\207z\236R(|z&\034\335\266\323\356\205\273DV\210\254\213T\rZ\347""; nodePubKey: ""\002\266\377\271\344:\030\221i\267\257\215\237M\014\3345f\014\273|\207\367\334\337F\325\004cxB\211L""; closeTime: 803842735; signature: ""0D\002 x\305/\234\014\017\214\275\331\224Kv\2000=\303\245\340k\020~\2233$\231\333Jg\007\337w3\002 \006\322\257\343\370n]\300\2344\212\026\311;h:y\315\376\235\026\366\240\3646\307\2263\301_\213\356""; previousledger: ""\360\215\2502\265\245\310\226\243c\302Ze\306\253#r\020\211\320iG\276\020E\317\035Sf\223F\254""; "
1750527536501,1750527536501,2523,1,3,2,TMLedgerData,"ledgerHash: ""[\000\302\314\326\214\276@c\240\272\222{\363\314\032\213\311\316\246/\330\302\014>\022\346\234\347\264\270\350""; ledgerSeq: 0; type: liTS_CANDIDATE; nodes {;   nodedata: ""\002i\361\030\371\256\265\036\320\273\013\357<\215/(\215[\231D\357Gd\372\270\316\261\301\342\327\225\241\000GZ\227\022t\201\240u\2324P\027\307M\337'Y\361[IAD\351\374!\232\005\337\376\252\251g\004\003"";   nodeid: ""\000\000\000\000\000\000\000\000\000\000\000\000\000\000\000\000\000\000\000\000\000\000\000\000\000\000\000\000\000\000\000\000\000""; }; ","ledgerHash: ""[\000\302\314\326\214\276@c\240\272\222{\363\314\032\213\311\316\246/\330\302\014>\022\346\234\347\264\270\350""; ledgerSeq: 0; type: liTS_CANDIDATE; nodes {;   nodedata: ""\002i\361\030\371\256\265\036\320\273\013\357<\215/(\215[\231D\357Gd\372\270\316\261\301\342\327\225\241\000GZ\227\022t\201\240u\2324P\027\307M\337'Y\361[IAD\351\374!\232\005\337\376\252\251g\004\003"";   nodeid: ""\000\000\000\000\000\000\000\000\000\000\000\000\000\000\000\000\000\000\000\000\000\000\000\000\000\000\000\000\000\000\000\000\000""; }; "
1750527536512,1750527536513,1968,1,1,2,TMLedgerData,"ledgerHash: ""[\000\302\314\326\214\276@c\240\272\222{\363\314\032\213\311\316\246/\330\302\014>\022\346\234\347\264\270\350""; ledgerSeq: 0; type: liTS_CANDIDATE; nodes {;   nodedata: ""\002i\361\030\371\256\265\036\320\273\013\357<\215/(\215[\231D\357Gd\372\270\316\261\301\342\327\225\241\000GZ\227\022t\201\240u\2324P\027\307M\337'Y\361[IAD\351\374!\232\005\337\376\252\251g\004\003"";   nodeid: ""\000\000\000\000\000\000\000\000\000\000\000\000\000\000\000\000\000\000\000\000\000\000\000\000\000\000\000\000\000\000\000\000\000""; }; ","ledgerHash: ""[\000\302\314\326\214\276@c\240\272\222{\363\314\032\213\311\316\246/\330\302\014>\022\346\234\347\264\270\350""; ledgerSeq: 0; type: liTS_CANDIDATE; nodes {;   nodedata: ""\002i\361\030\371\256\265\036\320\273\013\357<\215/(\215[\231D\357Gd\372\270\316\261\301\342\327\225\241\000GZ\227\022t\201\240u\2324P\027\307M\337'Y\361[IAD\351\374!\232\005\337\376\252\251g\004\003"";   nodeid: ""\000\000\000\000\000\000\000\000\000\000\000\000\000\000\000\000\000\000\000\000\000\000\000\000\000\000\000\000\000\000\000\000\000""; }; "
1750527536535,1750527536535,1813,1,3,1,TMLedgerData,"ledgerHash: ""[\000\302\314\326\214\276@c\240\272\222{\363\314\032\213\311\316\246/\330\302\014>\022\346\234\347\264\270\350""; ledgerSeq: 0; type: liTS_CANDIDATE; nodes {;   nodedata: ""\002i\361\030\371\256\265\036\320\273\013\357<\215/(\215[\231D\357Gd\372\270\316\261\301\342\327\225\241\000GZ\227\022t\201\240u\2324P\027\307M\337'Y\361[IAD\351\374!\232\005\337\376\252\251g\004\003"";   nodeid: ""\000\000\000\000\000\000\000\000\000\000\000\000\000\000\000\000\000\000\000\000\000\000\000\000\000\000\000\000\000\000\000\000\000""; }; ","ledgerHash: ""[\000\302\314\326\214\276@c\240\272\222{\363\314\032\213\311\316\246/\330\302\014>\022\346\234\347\264\270\350""; ledgerSeq: 0; type: liTS_CANDIDATE; nodes {;   nodedata: ""\002i\361\030\371\256\265\036\320\273\013\357<\215/(\215[\231D\357Gd\372\270\316\261\301\342\327\225\241\000GZ\227\022t\201\240u\2324P\027\307M\337'Y\361[IAD\351\374!\232\005\337\376\252\251g\004\003"";   nodeid: ""\000\000\000\000\000\000\000\000\000\000\000\000\000\000\000\000\000\000\000\000\000\000\000\000\000\000\000\000\000\000\000\000\000""; }; "
1750527536543,1750527536543,2523,1,3,2,TMLedgerData,"ledgerHash: ""[\000\302\314\326\214\276@c\240\272\222{\363\314\032\213\311\316\246/\330\302\014>\022\346\234\347\264\270\350""; ledgerSeq: 0; type: liTS_CANDIDATE; nodes {;   nodedata: ""\002i\361\030\371\256\265\036\320\273\013\357<\215/(\215[\231D\357Gd\372\270\316\261\301\342\327\225\241\000GZ\227\022t\201\240u\2324P\027\307M\337'Y\361[IAD\351\374!\232\005\337\376\252\251g\004\003"";   nodeid: ""\000\000\000\000\000\000\000\000\000\000\000\000\000\000\000\000\000\000\000\000\000\000\000\000\000\000\000\000\000\000\000\000\000""; }; requestCookie: 3; ","ledgerHash: ""[\000\302\314\326\214\276@c\240\272\222{\363\314\032\213\311\316\246/\330\302\014>\022\346\234\347\264\270\350""; ledgerSeq: 0; type: liTS_CANDIDATE; nodes {;   nodedata: ""\002i\361\030\371\256\265\036\320\273\013\357<\215/(\215[\231D\357Gd\372\270\316\261\301\342\327\225\241\000GZ\227\022t\201\240u\2324P\027\307M\337'Y\361[IAD\351\374!\232\005\337\376\252\251g\004\003"";   nodeid: ""\000\000\000\000\000\000\000\000\000\000\000\000\000\000\000\000\000\000\000\000\000\000\000\000\000\000\000\000\000\000\000\000\000""; }; requestCookie: 3; "
1750527536546,1750527536547,3128,1,2,4,TMValidation,"validation: """"\200\000\000\001&\000\000\000\006)/\351\252\255:p\210\265\307-\212\200\004Q\360\215\2502\265\245\310\226\243c\302Ze\306\253#r\020\211\320iG\276\020E\317\035Sf\223F\254P\027\000\000\000\000\000\000\000\000\000\000\000\000\000\000\000\000\000\000\000\000\000\000\000\000\000\000\000\000\000\000\000\000P\031\331]\036\237\306o!\223\221\002\324\031\262\240R\177 ,\214\325\Q])\016\2067\277\t\354\010\000s!\002\364d\217\366\217|\316F\232\231\241\n\261\333`\312O\367\235\025DD\336e\367\n\312\326\221\037\025\230vG0E\002!\000\270\334\275\007Q,\177\352@'|\202\273\270\334\321\225\0200\314\363]\313wAw}Z\303-\375\313\002 \034\207!\017'wq\360}\035\277d\220*\302\335{j\240(""h\206+~^P\252\000\213\261\331""; ","validation: """"\200\000\000\001&\000\000\000\006)/\351\252\255:p\210\265\307-\212\200\004Q\360\215\2502\265\245\310\226\243c\302Ze\306\253#r\020\211\320iG\276\020E\317\035Sf\223F\254P\027\000\000\000\000\000\000\000\000\000\000\000\000\000\000\000\000\000\000\000\000\000\000\000\000\000\000\000\000\000\000\000\000P\031\331]\036\237\306o!\223\221\002\324\031\262\240R\177 ,\214\325\Q])\016\2067\277\t\354\010\000s!\002\364d\217\366\217|\316F\232\231\241\n\261\333`\312O\367\235\025DD\336e\367\n\312\326\221\037\025\230vG0E\002!\000\270\334\275\007Q,\177\352@'|\202\273\270\334\321\225\0200\314\363]\313wAw}Z\303-\375\313\002 \034\207!\017'wq\360}\035\277d\220*\302\335{j\240(""h\206+~^P\252\000\213\261\331""; "
1750527536547,1750527536547,446,1,2,0,TMValidation,"validation: """"\200\000\000\001&\000\000\000\006)/\351\252\255:p\210\265\307-\212\200\004Q\360\215\2502\265\245\310\226\243c\302Ze\306\253#r\020\211\320iG\276\020E\317\035Sf\223F\254P\027\000\000\000\000\000\000\000\000\000\000\000\000\000\000\000\000\000\000\000\000\000\000\000\000\000\000\000\000\000\000\000\000P\031\331]\036\237\306o!\223\221\002\324\031\262\240R\177 ,\214\325\Q])\016\2067\277\t\354\010\000s!\002\364d\217\366\217|\316F\232\231\241\n\261\333`\312O\367\235\025DD\336e\367\n\312\326\221\037\025\230vG0E\002!\000\270\334\275\007Q,\177\352@'|\202\273\270\334\321\225\0200\314\363]\313wAw}Z\303-\375\313\002 \034\207!\017'wq\360}\035\277d\220*\302\335{j\240(""h\206+~^P\252\000\213\261\331""; ","validation: """"\200\000\000\001&\000\000\000\006)/\351\252\255:p\210\265\307-\212\200\004Q\360\215\2502\265\245\310\226\243c\302Ze\306\253#r\020\211\320iG\276\020E\317\035Sf\223F\254P\027\000\000\000\000\000\000\000\000\000\000\000\000\000\000\000\000\000\000\000\000\000\000\000\000\000\000\000\000\000\000\000\000P\031\331]\036\237\306o!\223\221\002\324\031\262\240R\177 ,\214\325\Q])\016\2067\277\t\354\010\000s!\002\364d\217\366\217|\316F\232\231\241\n\261\333`\312O\367\235\025DD\336e\367\n\312\326\221\037\025\230vG0E\002!\000\270\334\275\007Q,\177\352@'|\202\273\270\334\321\225\0200\314\363]\313wAw}Z\303-\375\313\002 \034\207!\017'wq\360}\035\277d\220*\302\335{j\240(""h\206+~^P\252\000\213\261\331""; "
1750527536547,1750527536547,340,1,2,1,TMValidation,"validation: """"\200\000\000\001&\000\000\000\006)/\351\252\255:p\210\265\307-\212\200\004Q\360\215\2502\265\245\310\226\243c\302Ze\306\253#r\020\211\320iG\276\020E\317\035Sf\223F\254P\027\000\000\000\000\000\000\000\000\000\000\000\000\000\000\000\000\000\000\000\000\000\000\000\000\000\000\000\000\000\000\000\000P\031\331]\036\237\306o!\223\221\002\324\031\262\240R\177 ,\214\325\Q])\016\2067\277\t\354\010\000s!\002\364d\217\366\217|\316F\232\231\241\n\261\333`\312O\367\235\025DD\336e\367\n\312\326\221\037\025\230vG0E\002!\000\270\334\275\007Q,\177\352@'|\202\273\270\334\321\225\0200\314\363]\313wAw}Z\303-\375\313\002 \034\207!\017'wq\360}\035\277d\220*\302\335{j\240(""h\206+~^P\252\000\213\261\331""; ","validation: """"\200\000\000\001&\000\000\000\006)/\351\252\255:p\210\265\307-\212\200\004Q\360\215\2502\265\245\310\226\243c\302Ze\306\253#r\020\211\320iG\276\020E\317\035Sf\223F\254P\027\000\000\000\000\000\000\000\000\000\000\000\000\000\000\000\000\000\000\000\000\000\000\000\000\000\000\000\000\000\000\000\000P\031\331]\036\237\306o!\223\221\002\324\031\262\240R\177 ,\214\325\Q])\016\2067\277\t\354\010\000s!\002\364d\217\366\217|\316F\232\231\241\n\261\333`\312O\367\235\025DD\336e\367\n\312\326\221\037\025\230vG0E\002!\000\270\334\275\007Q,\177\352@'|\202\273\270\334\321\225\0200\314\363]\313wAw}Z\303-\375\313\002 \034\207!\017'wq\360}\035\277d\220*\302\335{j\240(""h\206+~^P\252\000\213\261\331""; "
1750527536567,1750527536567,1144,1,4,1,TMLedgerData,"ledgerHash: ""[\000\302\314\326\214\276@c\240\272\222{\363\314\032\213\311\316\246/\330\302\014>\022\346\234\347\264\270\350""; ledgerSeq: 0; type: liTS_CANDIDATE; nodes {;   nodedata: ""\002i\361\030\371\256\265\036\320\273\013\357<\215/(\215[\231D\357Gd\372\270\316\261\301\342\327\225\241\000GZ\227\022t\201\240u\2324P\027\307M\337'Y\361[IAD\351\374!\232\005\337\376\252\251g\004\003"";   nodeid: ""\000\000\000\000\000\000\000\000\000\000\000\000\000\000\000\000\000\000\000\000\000\000\000\000\000\000\000\000\000\000\000\000\000""; }; requestCookie: 2; ","ledgerHash: ""[\000\302\314\326\214\276@c\240\272\222{\363\314\032\213\311\316\246/\330\302\014>\022\346\234\347\264\270\350""; ledgerSeq: 0; type: liTS_CANDIDATE; nodes {;   nodedata: ""\002i\361\030\371\256\265\036\320\273\013\357<\215/(\215[\231D\357Gd\372\270\316\261\301\342\327\225\241\000GZ\227\022t\201\240u\2324P\027\307M\337'Y\361[IAD\351\374!\232\005\337\376\252\251g\004\003"";   nodeid: ""\000\000\000\000\000\000\000\000\000\000\000\000\000\000\000\000\000\000\000\000\000\000\000\000\000\000\000\000\000\000\000\000\000""; }; requestCookie: 2; "
1750527536571,1750527536571,1144,1,4,1,TMLedgerData,"ledgerHash: ""[\000\302\314\326\214\276@c\240\272\222{\363\314\032\213\311\316\246/\330\302\014>\022\346\234\347\264\270\350""; ledgerSeq: 0; type: liTS_CANDIDATE; nodes {;   nodedata: ""\002i\361\030\371\256\265\036\320\273\013\357<\215/(\215[\231D\357Gd\372\270\316\261\301\342\327\225\241\000GZ\227\022t\201\240u\2324P\027\307M\337'Y\361[IAD\351\374!\232\005\337\376\252\251g\004\003"";   nodeid: ""\000\000\000\000\000\000\000\000\000\000\000\000\000\000\000\000\000\000\000\000\000\000\000\000\000\000\000\000\000\000\000\000\000""; }; requestCookie: 4; ","ledgerHash: ""[\000\302\314\326\214\276@c\240\272\222{\363\314\032\213\311\316\246/\330\302\014>\022\346\234\347\264\270\350""; ledgerSeq: 0; type: liTS_CANDIDATE; nodes {;   nodedata: ""\002i\361\030\371\256\265\036\320\273\013\357<\215/(\215[\231D\357Gd\372\270\316\261\301\342\327\225\241\000GZ\227\022t\201\240u\2324P\027\307M\337'Y\361[IAD\351\374!\232\005\337\376\252\251g\004\003"";   nodeid: ""\000\000\000\000\000\000\000\000\000\000\000\000\000\000\000\000\000\000\000\000\000\000\000\000\000\000\000\000\000\000\000\000\000""; }; requestCookie: 4; "
1750527536575,1750527536575,1144,1,4,1,TMLedgerData,"ledgerHash: ""[\000\302\314\326\214\276@c\240\272\222{\363\314\032\213\311\316\246/\330\302\014>\022\346\234\347\264\270\350""; ledgerSeq: 0; type: liTS_CANDIDATE; nodes {;   nodedata: ""\002i\361\030\371\256\265\036\320\273\013\357<\215/(\215[\231D\357Gd\372\270\316\261\301\342\327\225\241\000GZ\227\022t\201\240u\2324P\027\307M\337'Y\361[IAD\351\374!\232\005\337\376\252\251g\004\003"";   nodeid: ""\000\000\000\000\000\000\000\000\000\000\000\000\000\000\000\000\000\000\000\000\000\000\000\000\000\000\000\000\000\000\000\000\000""; }; ","ledgerHash: ""[\000\302\314\326\214\276@c\240\272\222{\363\314\032\213\311\316\246/\330\302\014>\022\346\234\347\264\270\350""; ledgerSeq: 0; type: liTS_CANDIDATE; nodes {;   nodedata: ""\002i\361\030\371\256\265\036\320\273\013\357<\215/(\215[\231D\357Gd\372\270\316\261\301\342\327\225\241\000GZ\227\022t\201\240u\2324P\027\307M\337'Y\361[IAD\351\374!\232\005\337\376\252\251g\004\003"";   nodeid: ""\000\000\000\000\000\000\000\000\000\000\000\000\000\000\000\000\000\000\000\000\000\000\000\000\000\000\000\000\000\000\000\000\000""; }; "
1750527536592,1750527536592,612,1,2,0,TMLedgerData,"ledgerHash: ""[\000\302\314\326\214\276@c\240\272\222{\363\314\032\213\311\316\246/\330\302\014>\022\346\234\347\264\270\350""; ledgerSeq: 0; type: liTS_CANDIDATE; nodes {;   nodedata: ""\002i\361\030\371\256\265\036\320\273\013\357<\215/(\215[\231D\357Gd\372\270\316\261\301\342\327\225\241\000GZ\227\022t\201\240u\2324P\027\307M\337'Y\361[IAD\351\374!\232\005\337\376\252\251g\004\003"";   nodeid: ""\000\000\000\000\000\000\000\000\000\000\000\000\000\000\000\000\000\000\000\000\000\000\000\000\000\000\000\000\000\000\000\000\000""; }; ","ledgerHash: ""[\000\302\314\326\214\276@c\240\272\222{\363\314\032\213\311\316\246/\330\302\014>\022\346\234\347\264\270\350""; ledgerSeq: 0; type: liTS_CANDIDATE; nodes {;   nodedata: ""\002i\361\030\371\256\265\036\320\273\013\357<\215/(\215[\231D\357Gd\372\270\316\261\301\342\327\225\241\000GZ\227\022t\201\240u\2324P\027\307M\337'Y\361[IAD\351\374!\232\005\337\376\252\251g\004\003"";   nodeid: ""\000\000\000\000\000\000\000\000\000\000\000\000\000\000\000\000\000\000\000\000\000\000\000\000\000\000\000\000\000\000\000\000\000""; }; "
1750527536602,1750527536602,3818,1,0,2,TMLedgerData,"ledgerHash: ""[\000\302\314\326\214\276@c\240\272\222{\363\314\032\213\311\316\246/\330\302\014>\022\346\234\347\264\270\350""; ledgerSeq: 0; type: liTS_CANDIDATE; nodes {;   nodedata: ""\002i\361\030\371\256\265\036\320\273\013\357<\215/(\215[\231D\357Gd\372\270\316\261\301\342\327\225\241\000GZ\227\022t\201\240u\2324P\027\307M\337'Y\361[IAD\351\374!\232\005\337\376\252\251g\004\003"";   nodeid: ""\000\000\000\000\000\000\000\000\000\000\000\000\000\000\000\000\000\000\000\000\000\000\000\000\000\000\000\000\000\000\000\000\000""; }; ","ledgerHash: ""[\000\302\314\326\214\276@c\240\272\222{\363\314\032\213\311\316\246/\330\302\014>\022\346\234\347\264\270\350""; ledgerSeq: 0; type: liTS_CANDIDATE; nodes {;   nodedata: ""\002i\361\030\371\256\265\036\320\273\013\357<\215/(\215[\231D\357Gd\372\270\316\261\301\342\327\225\241\000GZ\227\022t\201\240u\2324P\027\307M\337'Y\361[IAD\351\374!\232\005\337\376\252\251g\004\003"";   nodeid: ""\000\000\000\000\000\000\000\000\000\000\000\000\000\000\000\000\000\000\000\000\000\000\000\000\000\000\000\000\000\000\000\000\000""; }; "
1750527536606,1750527536606,1144,1,4,1,TMLedgerData,"ledgerHash: ""[\000\302\314\326\214\276@c\240\272\222{\363\314\032\213\311\316\246/\330\302\014>\022\346\234\347\264\270\350""; ledgerSeq: 0; type: liTS_CANDIDATE; nodes {;   nodedata: ""\002i\361\030\371\256\265\036\320\273\013\357<\215/(\215[\231D\357Gd\372\270\316\261\301\342\327\225\241\000GZ\227\022t\201\240u\2324P\027\307M\337'Y\361[IAD\351\374!\232\005\337\376\252\251g\004\003"";   nodeid: ""\000\000\000\000\000\000\000\000\000\000\000\000\000\000\000\000\000\000\000\000\000\000\000\000\000\000\000\000\000\000\000\000\000""; }; requestCookie: 3; ","ledgerHash: ""[\000\302\314\326\214\276@c\240\272\222{\363\314\032\213\311\316\246/\330\302\014>\022\346\234\347\264\270\350""; ledgerSeq: 0; type: liTS_CANDIDATE; nodes {;   nodedata: ""\002i\361\030\371\256\265\036\320\273\013\357<\215/(\215[\231D\357Gd\372\270\316\261\301\342\327\225\241\000GZ\227\022t\201\240u\2324P\027\307M\337'Y\361[IAD\351\374!\232\005\337\376\252\251g\004\003"";   nodeid: ""\000\000\000\000\000\000\000\000\000\000\000\000\000\000\000\000\000\000\000\000\000\000\000\000\000\000\000\000\000\000\000\000\000""; }; requestCookie: 3; "
1750527536627,1750527536627,559,1,4,3,TMGetLedger,"itype: liTS_CANDIDATE; ledgerHash: ""\341\310\354\0213\033\013\350\207z\236R(|z&\034\335\266\323\356\205\273DV\210\254\213T\rZ\347""; nodeIDs: ""\000\000\000\000\000\000\000\000\000\000\000\000\000\000\000\000\000\000\000\000\000\000\000\000\000\000\000\000\000\000\000\000\000""; queryType: qtINDIRECT; queryDepth: 3; ","itype: liTS_CANDIDATE; ledgerHash: ""\341\310\354\0213\033\013\350\207z\236R(|z&\034\335\266\323\356\205\273DV\210\254\213T\rZ\347""; nodeIDs: ""\000\000\000\000\000\000\000\000\000\000\000\000\000\000\000\000\000\000\000\000\000\000\000\000\000\000\000\000\000\000\000\000\000""; queryType: qtINDIRECT; queryDepth: 3; "
1750527536639,1750527536639,2794,1,3,2,TMGetLedger,"itype: liTS_CANDIDATE; ledgerHash: ""3\321\n7\354)\tf\006\357\205B<h\272GQ \344\262\236\025#\003\024&\310\034\352\376\326""; nodeIDs: ""\000\000\000\000\000\000\000\000\000\000\000\000\000\000\000\000\000\000\000\000\000\000\000\000\000\000\000\000\000\000\000\000\000""; queryType: qtINDIRECT; queryDepth: 3; ","itype: liTS_CANDIDATE; ledgerHash: ""3\321\n7\354)\tf\006\357\205B<h\272GQ \344\262\236\025#\003\024&\310\034\352\376\326""; nodeIDs: ""\000\000\000\000\000\000\000\000\000\000\000\000\000\000\000\000\000\000\000\000\000\000\000\000\000\000\000\000\000\000\000\000\000""; queryType: qtINDIRECT; queryDepth: 3; "
1750527536640,1750527536640,1131,1,3,0,TMGetLedger,"itype: liTS_CANDIDATE; ledgerHash: ""3\321\n7\354)\tf\006\357\205B<h\272GQ \344\262\236\025#\003\024&\310\034\352\376\326""; nodeIDs: ""\000\000\000\000\000\000\000\000\000\000\000\000\000\000\000\000\000\000\000\000\000\000\000\000\000\000\000\000\000\000\000\000\000""; queryType: qtINDIRECT; queryDepth: 3; ","itype: liTS_CANDIDATE; ledgerHash: ""3\321\n7\354)\tf\006\357\205B<h\272GQ \344\262\236\025#\003\024&\310\034\352\376\326""; nodeIDs: ""\000\000\000\000\000\000\000\000\000\000\000\000\000\000\000\000\000\000\000\000\000\000\000\000\000\000\000\000\000\000\000\000\000""; queryType: qtINDIRECT; queryDepth: 3; "
1750527536640,1750527536640,1019,1,3,4,TMGetLedger,"itype: liTS_CANDIDATE; ledgerHash: ""3\321\n7\354)\tf\006\357\205B<h\272GQ \344\262\236\025#\003\024&\310\034\352\376\326""; nodeIDs: ""\000\000\000\000\000\000\000\000\000\000\000\000\000\000\000\000\000\000\000\000\000\000\000\000\000\000\000\000\000\000\000\000\000""; queryType: qtINDIRECT; queryDepth: 3; ","itype: liTS_CANDIDATE; ledgerHash: ""3\321\n7\354)\tf\006\357\205B<h\272GQ \344\262\236\025#\003\024&\310\034\352\376\326""; nodeIDs: ""\000\000\000\000\000\000\000\000\000\000\000\000\000\000\000\000\000\000\000\000\000\000\000\000\000\000\000\000\000\000\000\000\000""; queryType: qtINDIRECT; queryDepth: 3; "
1750527536640,1750527536640,2079,1,3,1,TMGetLedger,"itype: liTS_CANDIDATE; ledgerHash: ""3\321\n7\354)\tf\006\357\205B<h\272GQ \344\262\236\025#\003\024&\310\034\352\376\326""; nodeIDs: ""\000\000\000\000\000\000\000\000\000\000\000\000\000\000\000\000\000\000\000\000\000\000\000\000\000\000\000\000\000\000\000\000\000""; queryType: qtINDIRECT; queryDepth: 3; ","itype: liTS_CANDIDATE; ledgerHash: ""3\321\n7\354)\tf\006\357\205B<h\272GQ \344\262\236\025#\003\024&\310\034\352\376\326""; nodeIDs: ""\000\000\000\000\000\000\000\000\000\000\000\000\000\000\000\000\000\000\000\000\000\000\000\000\000\000\000\000\000\000\000\000\000""; queryType: qtINDIRECT; queryDepth: 3; "
1750527536641,1750527536641,1212,1,2,4,TMLedgerData,"ledgerHash: ""\310\200l\322\255\214\342'\243\202\375k%_\335\032N\021G\005\230\271\366~%e\366\202l^\rR""; ledgerSeq: 0; type: liTS_CANDIDATE; nodes {;   nodedata: ""GZ\227\022t\201\240u\2324P\027\307M\337'Y\361[IAD\351\374!\232\005\337\376\252\251g\004\003"";   nodeid: ""\000\000\000\000\000\000\000\000\000\000\000\000\000\000\000\000\000\000\000\000\000\000\000\000\000\000\000\000\000\000\000\000\000""; }; ","ledgerHash: ""\310\200l\322\255\214\342'\243\202\375k%_\335\032N\021G\005\230\271\366~%e\366\202l^\rR""; ledgerSeq: 0; type: liTS_CANDIDATE; nodes {;   nodedata: ""GZ\227\022t\201\240u\2324P\027\307M\337'Y\361[IAD\351\374!\232\005\337\376\252\251g\004\003"";   nodeid: ""\000\000\000\000\000\000\000\000\000\000\000\000\000\000\000\000\000\000\000\000\000\000\000\000\000\000\000\000\000\000\000\000\000""; }; "
1750527536660,1750527536660,1782,1,1,4,TMLedgerData,"ledgerHash: ""\310\200l\322\255\214\342'\243\202\375k%_\335\032N\021G\005\230\271\366~%e\366\202l^\rR""; ledgerSeq: 0; type: liTS_CANDIDATE; nodes {;   nodedata: ""GZ\227\022t\201\240u\2324P\027\307M\337'Y\361[IAD\351\374!\232\005\337\376\252\251g\004\003"";   nodeid: ""\000\000\000\000\000\000\000\000\000\000\000\000\000\000\000\000\000\000\000\000\000\000\000\000\000\000\000\000\000\000\000\000\000""; }; ","ledgerHash: ""\310\200l\322\255\214\342'\243\202\375k%_\335\032N\021G\005\230\271\366~%e\366\202l^\rR""; ledgerSeq: 0; type: liTS_CANDIDATE; nodes {;   nodedata: ""GZ\227\022t\201\240u\2324P\027\307M\337'Y\361[IAD\351\374!\232\005\337\376\252\251g\004\003"";   nodeid: ""\000\000\000\000\000\000\000\000\000\000\000\000\000\000\000\000\000\000\000\000\000\000\000\000\000\000\000\000\000\000\000\000\000""; }; "
1750527536683,1750527536683,2441,1,4,2,TMProposeSet,"proposeSeq: 0; currentTxHash: ""\363\262\310\025\251\261\276X\247\260J\221\345\357\037\231)|\321K\000\\326E\004\377\005\255""A?\250""; nodePubKey: ""\002\364d\217\366\217|\316F\232\231\241\n\261\333`\312O\367\235\025DD\336e\367\n\312\326\221\037\025\230""; closeTime: 803842735; signature: ""0D\002 3\217\014\253\220\311\213\365\217\362\270z\027\272TP\247\000'N8\370NCc\031\032\234\305;\240\350\002 /\305\3337\037\327\214\345\017\3634-#\025\200\030\245\372t\304\372\364\025\362\200\271b\224\322\220\360h""; previousledger: ""\360\215\2502\265\245\310\226\243c\302Ze\306\253#r\020\211\320iG\276\020E\317\035Sf\223F\254""; ","proposeSeq: 0; currentTxHash: ""\363\262\310\025\251\261\276X\247\260J\221\345\357\037\231)|\321K\000\\326E\004\377\005\255""A?\250""; nodePubKey: ""\002\364d\217\366\217|\316F\232\231\241\n\261\333`\312O\367\235\025DD\336e\367\n\312\326\221\037\025\230""; closeTime: 803842735; signature: ""0D\002 3\217\014\253\220\311\213\365\217\362\270z\027\272TP\247\000'N8\370NCc\031\032\234\305;\240\350\002 /\305\3337\037\327\214\345\017\3634-#\025\200\030\245\372t\304\372\364\025\362\200\271b\224\322\220\360h""; previousledger: ""\360\215\2502\265\245\310\226\243c\302Ze\306\253#r\020\211\320iG\276\020E\317\035Sf\223F\254""; "
1750527536684,1750527536684,2455,1,4,1,TMProposeSet,"proposeSeq: 0; currentTxHash: ""\363\262\310\025\251\261\276X\247\260J\221\345\357\037\231)|\321K\000\\326E\004\377\005\255""A?\250""; nodePubKey: ""\002\364d\217\366\217|\316F\232\231\241\n\261\333`\312O\367\235\025DD\336e\367\n\312\326\221\037\025\230""; closeTime: 803842735; signature: ""0D\002 3\217\014\253\220\311\213\365\217\362\270z\027\272TP\247\000'N8\370NCc\031\032\234\305;\240\350\002 /\305\3337\037\327\214\345\017\3634-#\025\200\030\245\372t\304\372\364\025\362\200\271b\224\322\220\360h""; previousledger: ""\360\215\2502\265\245\310\226\243c\302Ze\306\253#r\020\211\320iG\276\020E\317\035Sf\223F\254""; ","proposeSeq: 0; currentTxHash: ""\363\262\310\025\251\261\276X\247\260J\221\345\357\037\231)|\321K\000\\326E\004\377\005\255""A?\250""; nodePubKey: ""\002\364d\217\366\217|\316F\232\231\241\n\261\333`\312O\367\235\025DD\336e\367\n\312\326\221\037\025\230""; closeTime: 803842735; signature: ""0D\002 3\217\014\253\220\311\213\365\217\362\270z\027\272TP\247\000'N8\370NCc\031\032\234\305;\240\350\002 /\305\3337\037\327\214\345\017\3634-#\025\200\030\245\372t\304\372\364\025\362\200\271b\224\322\220\360h""; previousledger: ""\360\215\2502\265\245\310\226\243c\302Ze\306\253#r\020\211\320iG\276\020E\317\035Sf\223F\254""; "
1750527536684,1750527536684,2972,1,4,0,TMProposeSet,"proposeSeq: 0; currentTxHash: ""\363\262\310\025\251\261\276X\247\260J\221\345\357\037\231)|\321K\000\\326E\004\377\005\255""A?\250""; nodePubKey: ""\002\364d\217\366\217|\316F\232\231\241\n\261\333`\312O\367\235\025DD\336e\367\n\312\326\221\037\025\230""; closeTime: 803842735; signature: ""0D\002 3\217\014\253\220\311\213\365\217\362\270z\027\272TP\247\000'N8\370NCc\031\032\234\305;\240\350\002 /\305\3337\037\327\214\345\017\3634-#\025\200\030\245\372t\304\372\364\025\362\200\271b\224\322\220\360h""; previousledger: ""\360\215\2502\265\245\310\226\243c\302Ze\306\253#r\020\211\320iG\276\020E\317\035Sf\223F\254""; ","proposeSeq: 0; currentTxHash: ""\363\262\310\025\251\261\276X\247\260J\221\345\357\037\231)|\321K\000\\326E\004\377\005\255""A?\250""; nodePubKey: ""\002\364d\217\366\217|\316F\232\231\241\n\261\333`\312O\367\235\025DD\336e\367\n\312\326\221\037\025\230""; closeTime: 803842735; signature: ""0D\002 3\217\014\253\220\311\213\365\217\362\270z\027\272TP\247\000'N8\370NCc\031\032\234\305;\240\350\002 /\305\3337\037\327\214\345\017\3634-#\025\200\030\245\372t\304\372\364\025\362\200\271b\224\322\220\360h""; previousledger: ""\360\215\2502\265\245\310\226\243c\302Ze\306\253#r\020\211\320iG\276\020E\317\035Sf\223F\254""; "
1750527536687,1750527536687,1434,1,0,1,TMLedgerData,"ledgerHash: ""[\000\302\314\326\214\276@c\240\272\222{\363\314\032\213\311\316\246/\330\302\014>\022\346\234\347\264\270\350""; ledgerSeq: 0; type: liTS_CANDIDATE; nodes {;   nodedata: ""\002i\361\030\371\256\265\036\320\273\013\357<\215/(\215[\231D\357Gd\372\270\316\261\301\342\327\225\241\000GZ\227\022t\201\240u\2324P\027\307M\337'Y\361[IAD\351\374!\232\005\337\376\252\251g\004\003"";   nodeid: ""\000\000\000\000\000\000\000\000\000\000\000\000\000\000\000\000\000\000\000\000\000\000\000\000\000\000\000\000\000\000\000\000\000""; }; ","ledgerHash: ""[\000\302\314\326\214\276@c\240\272\222{\363\314\032\213\311\316\246/\330\302\014>\022\346\234\347\264\270\350""; ledgerSeq: 0; type: liTS_CANDIDATE; nodes {;   nodedata: ""\002i\361\030\371\256\265\036\320\273\013\357<\215/(\215[\231D\357Gd\372\270\316\261\301\342\327\225\241\000GZ\227\022t\201\240u\2324P\027\307M\337'Y\361[IAD\351\374!\232\005\337\376\252\251g\004\003"";   nodeid: ""\000\000\000\000\000\000\000\000\000\000\000\000\000\000\000\000\000\000\000\000\000\000\000\000\000\000\000\000\000\000\000\000\000""; }; "
1750527536694,1750527536694,1539,1,4,2,TMLedgerData,"ledgerHash: ""[\000\302\314\326\214\276@c\240\272\222{\363\314\032\213\311\316\246/\330\302\014>\022\346\234\347\264\270\350""; ledgerSeq: 0; type: liTS_CANDIDATE; nodes {;   nodedata: ""\002i\361\030\371\256\265\036\320\273\013\357<\215/(\215[\231D\357Gd\372\270\316\261\301\342\327\225\241\000GZ\227\022t\201\240u\2324P\027\307M\337'Y\361[IAD\351\374!\232\005\337\376\252\251g\004\003"";   nodeid: ""\000\000\000\000\000\000\000\000\000\000\000\000\000\000\000\000\000\000\000\000\000\000\000\000\000\000\000\000\000\000\000\000\000""; }; requestCookie: 4; ","ledgerHash: ""[\000\302\314\326\214\276@c\240\272\222{\363\314\032\213\311\316\246/\330\302\014>\022\346\234\347\264\270\350""; ledgerSeq: 0; type: liTS_CANDIDATE; nodes {;   nodedata: ""\002i\361\030\371\256\265\036\320\273\013\357<\215/(\215[\231D\357Gd\372\270\316\261\301\342\327\225\241\000GZ\227\022t\201\240u\2324P\027\307M\337'Y\361[IAD\351\374!\232\005\337\376\252\251g\004\003"";   nodeid: ""\000\000\000\000\000\000\000\000\000\000\000\000\000\000\000\000\000\000\000\000\000\000\000\000\000\000\000\000\000\000\000\000\000""; }; requestCookie: 4; "
1750527536717,1750527536717,3578,1,1,3,TMLedgerData,"ledgerHash: ""[\000\302\314\326\214\276@c\240\272\222{\363\314\032\213\311\316\246/\330\302\014>\022\346\234\347\264\270\350""; ledgerSeq: 0; type: liTS_CANDIDATE; nodes {;   nodedata: ""\002i\361\030\371\256\265\036\320\273\013\357<\215/(\215[\231D\357Gd\372\270\316\261\301\342\327\225\241\000GZ\227\022t\201\240u\2324P\027\307M\337'Y\361[IAD\351\374!\232\005\337\376\252\251g\004\003"";   nodeid: ""\000\000\000\000\000\000\000\000\000\000\000\000\000\000\000\000\000\000\000\000\000\000\000\000\000\000\000\000\000\000\000\000\000""; }; ","ledgerHash: ""[\000\302\314\326\214\276@c\240\272\222{\363\314\032\213\311\316\246/\330\302\014>\022\346\234\347\264\270\350""; ledgerSeq: 0; type: liTS_CANDIDATE; nodes {;   nodedata: ""\002i\361\030\371\256\265\036\320\273\013\357<\215/(\215[\231D\357Gd\372\270\316\261\301\342\327\225\241\000GZ\227\022t\201\240u\2324P\027\307M\337'Y\361[IAD\351\374!\232\005\337\376\252\251g\004\003"";   nodeid: ""\000\000\000\000\000\000\000\000\000\000\000\000\000\000\000\000\000\000\000\000\000\000\000\000\000\000\000\000\000\000\000\000\000""; }; "
1750527536721,1750527536721,1539,1,4,2,TMLedgerData,"ledgerHash: ""[\000\302\314\326\214\276@c\240\272\222{\363\314\032\213\311\316\246/\330\302\014>\022\346\234\347\264\270\350""; ledgerSeq: 0; type: liTS_CANDIDATE; nodes {;   nodedata: ""\002i\361\030\371\256\265\036\320\273\013\357<\215/(\215[\231D\357Gd\372\270\316\261\301\342\327\225\241\000GZ\227\022t\201\240u\2324P\027\307M\337'Y\361[IAD\351\374!\232\005\337\376\252\251g\004\003"";   nodeid: ""\000\000\000\000\000\000\000\000\000\000\000\000\000\000\000\000\000\000\000\000\000\000\000\000\000\000\000\000\000\000\000\000\000""; }; ","ledgerHash: ""[\000\302\314\326\214\276@c\240\272\222{\363\314\032\213\311\316\246/\330\302\014>\022\346\234\347\264\270\350""; ledgerSeq: 0; type: liTS_CANDIDATE; nodes {;   nodedata: ""\002i\361\030\371\256\265\036\320\273\013\357<\215/(\215[\231D\357Gd\372\270\316\261\301\342\327\225\241\000GZ\227\022t\201\240u\2324P\027\307M\337'Y\361[IAD\351\374!\232\005\337\376\252\251g\004\003"";   nodeid: ""\000\000\000\000\000\000\000\000\000\000\000\000\000\000\000\000\000\000\000\000\000\000\000\000\000\000\000\000\000\000\000\000\000""; }; "
1750527536735,1750527536735,1665,1,2,3,TMLedgerData,"ledgerHash: ""[\000\302\314\326\214\276@c\240\272\222{\363\314\032\213\311\316\246/\330\302\014>\022\346\234\347\264\270\350""; ledgerSeq: 0; type: liTS_CANDIDATE; nodes {;   nodedata: ""\002i\361\030\371\256\265\036\320\273\013\357<\215/(\215[\231D\357Gd\372\270\316\261\301\342\327\225\241\000GZ\227\022t\201\240u\2324P\027\307M\337'Y\361[IAD\351\374!\232\005\337\376\252\251g\004\003"";   nodeid: ""\000\000\000\000\000\000\000\000\000\000\000\000\000\000\000\000\000\000\000\000\000\000\000\000\000\000\000\000\000\000\000\000\000""; }; ","ledgerHash: ""[\000\302\314\326\214\276@c\240\272\222{\363\314\032\213\311\316\246/\330\302\014>\022\346\234\347\264\270\350""; ledgerSeq: 0; type: liTS_CANDIDATE; nodes {;   nodedata: ""\002i\361\030\371\256\265\036\320\273\013\357<\215/(\215[\231D\357Gd\372\270\316\261\301\342\327\225\241\000GZ\227\022t\201\240u\2324P\027\307M\337'Y\361[IAD\351\374!\232\005\337\376\252\251g\004\003"";   nodeid: ""\000\000\000\000\000\000\000\000\000\000\000\000\000\000\000\000\000\000\000\000\000\000\000\000\000\000\000\000\000\000\000\000\000""; }; "
1750527536750,1750527536750,1019,1,3,4,TMGetLedger,"itype: liTS_CANDIDATE; ledgerHash: ""\341\310\354\0213\033\013\350\207z\236R(|z&\034\335\266\323\356\205\273DV\210\254\213T\rZ\347""; nodeIDs: ""\000\000\000\000\000\000\000\000\000\000\000\000\000\000\000\000\000\000\000\000\000\000\000\000\000\000\000\000\000\000\000\000\000""; queryType: qtINDIRECT; queryDepth: 3; ","itype: liTS_CANDIDATE; ledgerHash: ""\341\310\354\0213\033\013\350\207z\236R(|z&\034\335\266\323\356\205\273DV\210\254\213T\rZ\347""; nodeIDs: ""\000\000\000\000\000\000\000\000\000\000\000\000\000\000\000\000\000\000\000\000\000\000\000\000\000\000\000\000\000\000\000\000\000""; queryType: qtINDIRECT; queryDepth: 3; "
1750527536752,1750527536752,2523,1,3,2,TMLedgerData,"ledgerHash: ""[\000\302\314\326\214\276@c\240\272\222{\363\314\032\213\311\316\246/\330\302\014>\022\346\234\347\264\270\350""; ledgerSeq: 0; type: liTS_CANDIDATE; nodes {;   nodedata: ""\002i\361\030\371\256\265\036\320\273\013\357<\215/(\215[\231D\357Gd\372\270\316\261\301\342\327\225\241\000GZ\227\022t\201\240u\2324P\027\307M\337'Y\361[IAD\351\374!\232\005\337\376\252\251g\004\003"";   nodeid: ""\000\000\000\000\000\000\000\000\000\000\000\000\000\000\000\000\000\000\000\000\000\000\000\000\000\000\000\000\000\000\000\000\000""; }; ","ledgerHash: ""[\000\302\314\326\214\276@c\240\272\222{\363\314\032\213\311\316\246/\330\302\014>\022\346\234\347\264\270\350""; ledgerSeq: 0; type: liTS_CANDIDATE; nodes {;   nodedata: ""\002i\361\030\371\256\265\036\320\273\013\357<\215/(\215[\231D\357Gd\372\270\316\261\301\342\327\225\241\000GZ\227\022t\201\240u\2324P\027\307M\337'Y\361[IAD\351\374!\232\005\337\376\252\251g\004\003"";   nodeid: ""\000\000\000\000\000\000\000\000\000\000\000\000\000\000\000\000\000\000\000\000\000\000\000\000\000\000\000\000\000\000\000\000\000""; }; "
1750527536763,1750527536763,1539,1,4,2,TMLedgerData,"ledgerHash: ""[\000\302\314\326\214\276@c\240\272\222{\363\314\032\213\311\316\246/\330\302\014>\022\346\234\347\264\270\350""; ledgerSeq: 0; type: liTS_CANDIDATE; nodes {;   nodedata: ""\002i\361\030\371\256\265\036\320\273\013\357<\215/(\215[\231D\357Gd\372\270\316\261\301\342\327\225\241\000GZ\227\022t\201\240u\2324P\027\307M\337'Y\361[IAD\351\374!\232\005\337\376\252\251g\004\003"";   nodeid: ""\000\000\000\000\000\000\000\000\000\000\000\000\000\000\000\000\000\000\000\000\000\000\000\000\000\000\000\000\000\000\000\000\000""; }; requestCookie: 3; ","ledgerHash: ""[\000\302\314\326\214\276@c\240\272\222{\363\314\032\213\311\316\246/\330\302\014>\022\346\234\347\264\270\350""; ledgerSeq: 0; type: liTS_CANDIDATE; nodes {;   nodedata: ""\002i\361\030\371\256\265\036\320\273\013\357<\215/(\215[\231D\357Gd\372\270\316\261\301\342\327\225\241\000GZ\227\022t\201\240u\2324P\027\307M\337'Y\361[IAD\351\374!\232\005\337\376\252\251g\004\003"";   nodeid: ""\000\000\000\000\000\000\000\000\000\000\000\000\000\000\000\000\000\000\000\000\000\000\000\000\000\000\000\000\000\000\000\000\000""; }; requestCookie: 3; "
1750527536764,1750527536764,1968,1,1,2,TMLedgerData,"ledgerHash: ""[\000\302\314\326\214\276@c\240\272\222{\363\314\032\213\311\316\246/\330\302\014>\022\346\234\347\264\270\350""; ledgerSeq: 0; type: liTS_CANDIDATE; nodes {;   nodedata: ""\002i\361\030\371\256\265\036\320\273\013\357<\215/(\215[\231D\357Gd\372\270\316\261\301\342\327\225\241\000GZ\227\022t\201\240u\2324P\027\307M\337'Y\361[IAD\351\374!\232\005\337\376\252\251g\004\003"";   nodeid: ""\000\000\000\000\000\000\000\000\000\000\000\000\000\000\000\000\000\000\000\000\000\000\000\000\000\000\000\000\000\000\000\000\000""; }; ","ledgerHash: ""[\000\302\314\326\214\276@c\240\272\222{\363\314\032\213\311\316\246/\330\302\014>\022\346\234\347\264\270\350""; ledgerSeq: 0; type: liTS_CANDIDATE; nodes {;   nodedata: ""\002i\361\030\371\256\265\036\320\273\013\357<\215/(\215[\231D\357Gd\372\270\316\261\301\342\327\225\241\000GZ\227\022t\201\240u\2324P\027\307M\337'Y\361[IAD\351\374!\232\005\337\376\252\251g\004\003"";   nodeid: ""\000\000\000\000\000\000\000\000\000\000\000\000\000\000\000\000\000\000\000\000\000\000\000\000\000\000\000\000\000\000\000\000\000""; }; "
1750527536770,1750527536770,1769,1,2,1,TMLedgerData,"ledgerHash: ""[\000\302\314\326\214\276@c\240\272\222{\363\314\032\213\311\316\246/\330\302\014>\022\346\234\347\264\270\350""; ledgerSeq: 0; type: liTS_CANDIDATE; nodes {;   nodedata: ""\002i\361\030\371\256\265\036\320\273\013\357<\215/(\215[\231D\357Gd\372\270\316\261\301\342\327\225\241\000GZ\227\022t\201\240u\2324P\027\307M\337'Y\361[IAD\351\374!\232\005\337\376\252\251g\004\003"";   nodeid: ""\000\000\000\000\000\000\000\000\000\000\000\000\000\000\000\000\000\000\000\000\000\000\000\000\000\000\000\000\000\000\000\000\000""; }; ","ledgerHash: ""[\000\302\314\326\214\276@c\240\272\222{\363\314\032\213\311\316\246/\330\302\014>\022\346\234\347\264\270\350""; ledgerSeq: 0; type: liTS_CANDIDATE; nodes {;   nodedata: ""\002i\361\030\371\256\265\036\320\273\013\357<\215/(\215[\231D\357Gd\372\270\316\261\301\342\327\225\241\000GZ\227\022t\201\240u\2324P\027\307M\337'Y\361[IAD\351\374!\232\005\337\376\252\251g\004\003"";   nodeid: ""\000\000\000\000\000\000\000\000\000\000\000\000\000\000\000\000\000\000\000\000\000\000\000\000\000\000\000\000\000\000\000\000\000""; }; "
1750527536772,1750527536772,1497,1,0,3,TMLedgerData,"ledgerHash: ""3\321\n7\354)\tf\006\357\205B<h\272GQ \344\262\236\025#\003\024&\310\034\352\376\326""; ledgerSeq: 0; type: liTS_CANDIDATE; nodes {;   nodedata: ""'\240~~s\033\202\356\320\307\177Nt\203\315\245\305\276b\265\310\271\3319\245:\342=c\267\265\233\002\003"";   nodeid: ""\000\000\000\000\000\000\000\000\000\000\000\000\000\000\000\000\000\000\000\000\000\000\000\000\000\000\000\000\000\000\000\000\000""; }; ","ledgerHash: ""3\321\n7\354)\tf\006\357\205B<h\272GQ \344\262\236\025#\003\024&\310\034\352\376\326""; ledgerSeq: 0; type: liTS_CANDIDATE; nodes {;   nodedata: ""'\240~~s\033\202\356\320\307\177Nt\203\315\245\305\276b\265\310\271\3319\245:\342=c\267\265\233\002\003"";   nodeid: ""\000\000\000\000\000\000\000\000\000\000\000\000\000\000\000\000\000\000\000\000\000\000\000\000\000\000\000\000\000\000\000\000\000""; }; "
1750527536785,1750527536785,1813,1,3,1,TMLedgerData,"ledgerHash: ""[\000\302\314\326\214\276@c\240\272\222{\363\314\032\213\311\316\246/\330\302\014>\022\346\234\347\264\270\350""; ledgerSeq: 0; type: liTS_CANDIDATE; nodes {;   nodedata: ""\002i\361\030\371\256\265\036\320\273\013\357<\215/(\215[\231D\357Gd\372\270\316\261\301\342\327\225\241\000GZ\227\022t\201\240u\2324P\027\307M\337'Y\361[IAD\351\374!\232\005\337\376\252\251g\004\003"";   nodeid: ""\000\000\000\000\000\000\000\000\000\000\000\000\000\000\000\000\000\000\000\000\000\000\000\000\000\000\000\000\000\000\000\000\000""; }; ","ledgerHash: ""[\000\302\314\326\214\276@c\240\272\222{\363\314\032\213\311\316\246/\330\302\014>\022\346\234\347\264\270\350""; ledgerSeq: 0; type: liTS_CANDIDATE; nodes {;   nodedata: ""\002i\361\030\371\256\265\036\320\273\013\357<\215/(\215[\231D\357Gd\372\270\316\261\301\342\327\225\241\000GZ\227\022t\201\240u\2324P\027\307M\337'Y\361[IAD\351\374!\232\005\337\376\252\251g\004\003"";   nodeid: ""\000\000\000\000\000\000\000\000\000\000\000\000\000\000\000\000\000\000\000\000\000\000\000\000\000\000\000\000\000\000\000\000\000""; }; "
1750527536800,1750527536800,438,1,1,4,TMProposeSet,"proposeSeq: 0; currentTxHash: ""\000\000\000\000\000\000\000\000\000\000\000\000\000\000\000\000\000\000\000\000\000\000\000\000\000\000\000\000\000\000\000\000""; nodePubKey: ""\003\255\225A\213\332\224ehh\024BDq\224\250\335`\355\353{\357\266\335<\021\032\265\177\206\356&\215""; closeTime: 803842734; signature: ""0E\002!\000\237\225\252\002\311\262\221\204\017\364B\252\225\267\005fF\263Z\350\250\333W\273M\275\367]qupU\002 2A?\023\372U\245\031cQ\177C\245\300\322\370@V\300M{\257f<\002U4\207\262\033\366\200""; previousledger: ""\360\215\2502\265\245\310\226\243c\302Ze\306\253#r\020\211\320iG\276\020E\317\035Sf\223F\254""; ","proposeSeq: 0; currentTxHash: ""\000\000\000\000\000\000\000\000\000\000\000\000\000\000\000\000\000\000\000\000\000\000\000\000\000\000\000\000\000\000\000\000""; nodePubKey: ""\003\255\225A\213\332\224ehh\024BDq\224\250\335`\355\353{\357\266\335<\021\032\265\177\206\356&\215""; closeTime: 803842734; signature: ""0E\002!\000\237\225\252\002\311\262\221\204\017\364B\252\225\267\005fF\263Z\350\250\333W\273M\275\367]qupU\002 2A?\023\372U\245\031cQ\177C\245\300\322\370@V\300M{\257f<\002U4\207\262\033\366\200""; previousledger: ""\360\215\2502\265\245\310\226\243c\302Ze\306\253#r\020\211\320iG\276\020E\317\035Sf\223F\254""; "
1750527536800,1750527536801,3299,1,1,3,TMProposeSet,"proposeSeq: 0; currentTxHash: ""\000\000\000\000\000\000\000\000\000\000\000\000\000\000\000\000\000\000\000\000\000\000\000\000\000\000\000\000\000\000\000\000""; nodePubKey: ""\003\255\225A\213\332\224ehh\024BDq\224\250\335`\355\353{\357\266\335<\021\032\265\177\206\356&\215""; closeTime: 803842734; signature: ""0E\002!\000\237\225\252\002\311\262\221\204\017\364B\252\225\267\005fF\263Z\350\250\333W\273M\275\367]qupU\002 2A?\023\372U\245\031cQ\177C\245\300\322\370@V\300M{\257f<\002U4\207\262\033\366\200""; previousledger: ""\360\215\2502\265\245\310\226\243c\302Ze\306\253#r\020\211\320iG\276\020E\317\035Sf\223F\254""; ","proposeSeq: 0; currentTxHash: ""\000\000\000\000\000\000\000\000\000\000\000\000\000\000\000\000\000\000\000\000\000\000\000\000\000\000\000\000\000\000\000\000""; nodePubKey: ""\003\255\225A\213\332\224ehh\024BDq\224\250\335`\355\353{\357\266\335<\021\032\265\177\206\356&\215""; closeTime: 803842734; signature: ""0E\002!\000\237\225\252\002\311\262\221\204\017\364B\252\225\267\005fF\263Z\350\250\333W\273M\275\367]qupU\002 2A?\023\372U\245\031cQ\177C\245\300\322\370@V\300M{\257f<\002U4\207\262\033\366\200""; previousledger: ""\360\215\2502\265\245\310\226\243c\302Ze\306\253#r\020\211\320iG\276\020E\317\035Sf\223F\254""; "
1750527536801,1750527536801,2742,1,1,0,TMProposeSet,"proposeSeq: 0; currentTxHash: ""\000\000\000\000\000\000\000\000\000\000\000\000\000\000\000\000\000\000\000\000\000\000\000\000\000\000\000\000\000\000\000\000""; nodePubKey: ""\003\255\225A\213\332\224ehh\024BDq\224\250\335`\355\353{\357\266\335<\021\032\265\177\206\356&\215""; closeTime: 803842734; signature: ""0E\002!\000\237\225\252\002\311\262\221\204\017\364B\252\225\267\005fF\263Z\350\250\333W\273M\275\367]qupU\002 2A?\023\372U\245\031cQ\177C\245\300\322\370@V\300M{\257f<\002U4\207\262\033\366\200""; previousledger: ""\360\215\2502\265\245\310\226\243c\302Ze\306\253#r\020\211\320iG\276\020E\317\035Sf\223F\254""; ","proposeSeq: 0; currentTxHash: ""\000\000\000\000\000\000\000\000\000\000\000\000\000\000\000\000\000\000\000\000\000\000\000\000\000\000\000\000\000\000\000\000""; nodePubKey: ""\003\255\225A\213\332\224ehh\024BDq\224\250\335`\355\353{\357\266\335<\021\032\265\177\206\356&\215""; closeTime: 803842734; signature: ""0E\002!\000\237\225\252\002\311\262\221\204\017\364B\252\225\267\005fF\263Z\350\250\333W\273M\275\367]qupU\002 2A?\023\372U\245\031cQ\177C\245\300\322\370@V\300M{\257f<\002U4\207\262\033\366\200""; previousledger: ""\360\215\2502\265\245\310\226\243c\302Ze\306\253#r\020\211\320iG\276\020E\317\035Sf\223F\254""; "
1750527536824,1750527536824,3736,1,3,4,TMValidation,"validation: """"\200\000\000\001&\000\000\000\006)/\351\252\256:\355<\266\216~aC\027Q\360\215\2502\265\245\310\226\243c\302Ze\306\253#r\020\211\320iG\276\020E\317\035Sf\223F\254P\027\000\000\000\000\000\000\000\000\000\000\000\000\000\000\000\000\000\000\000\000\000\000\000\000\000\000\000\000\000\000\000\000P\031\331]\036\237\306o!\223\221\002\324\031\262\240R\177 ,\214\325\Q])\016\2067\277\t\354\010\000s!\002\225aM\037\203M\271C\224]$\245\215\334\264;{{\365%Z\2443U\201\242\320iUc\207\367vF0D\002 \007\021\031+\364\200\263\200T\327\310+7\313\271i\t1hx\352\327\001S\335/Z\334U\312\027\374\002 '0r\303\332N\216J\312%V\252\372[\265\320z\035\215\315\236\222\242R/\301}U\270\022\202\276""; ","validation: """"\200\000\000\001&\000\000\000\006)/\351\252\256:\355<\266\216~aC\027Q\360\215\2502\265\245\310\226\243c\302Ze\306\253#r\020\211\320iG\276\020E\317\035Sf\223F\254P\027\000\000\000\000\000\000\000\000\000\000\000\000\000\000\000\000\000\000\000\000\000\000\000\000\000\000\000\000\000\000\000\000P\031\331]\036\237\306o!\223\221\002\324\031\262\240R\177 ,\214\325\Q])\016\2067\277\t\354\010\000s!\002\225aM\037\203M\271C\224]$\245\215\334\264;{{\365%Z\2443U\201\242\320iUc\207\367vF0D\002 \007\021\031+\364\200\263\200T\327\310+7\313\271i\t1hx\352\327\001S\335/Z\334U\312\027\374\002 '0r\303\332N\216J\312%V\252\372[\265\320z\035\215\315\236\222\242R/\301}U\270\022\202\276""; "
1750527536825,1750527536825,1777,1,3,0,TMValidation,"validation: """"\200\000\000\001&\000\000\000\006)/\351\252\256:\355<\266\216~aC\027Q\360\215\2502\265\245\310\226\243c\302Ze\306\253#r\020\211\320iG\276\020E\317\035Sf\223F\254P\027\000\000\000\000\000\000\000\000\000\000\000\000\000\000\000\000\000\000\000\000\000\000\000\000\000\000\000\000\000\000\000\000P\031\331]\036\237\306o!\223\221\002\324\031\262\240R\177 ,\214\325\Q])\016\2067\277\t\354\010\000s!\002\225aM\037\203M\271C\224]$\245\215\334\264;{{\365%Z\2443U\201\242\320iUc\207\367vF0D\002 \007\021\031+\364\200\263\200T\327\310+7\313\271i\t1hx\352\327\001S\335/Z\334U\312\027\374\002 '0r\303\332N\216J\312%V\252\372[\265\320z\035\215\315\236\222\242R/\301}U\270\022\202\276""; ","validation: """"\200\000\000\001&\000\000\000\006)/\351\252\256:\355<\266\216~aC\027Q\360\215\2502\265\245\310\226\243c\302Ze\306\253#r\020\211\320iG\276\020E\317\035Sf\223F\254P\027\000\000\000\000\000\000\000\000\000\000\000\000\000\000\000\000\000\000\000\000\000\000\000\000\000\000\000\000\000\000\000\000P\031\331]\036\237\306o!\223\221\002\324\031\262\240R\177 ,\214\325\Q])\016\2067\277\t\354\010\000s!\002\225aM\037\203M\271C\224]$\245\215\334\264;{{\365%Z\2443U\201\242\320iUc\207\367vF0D\002 \007\021\031+\364\200\263\200T\327\310+7\313\271i\t1hx\352\327\001S\335/Z\334U\312\027\374\002 '0r\303\332N\216J\312%V\252\372[\265\320z\035\215\315\236\222\242R/\301}U\270\022\202\276""; "
1750527536825,1750527536825,3459,1,3,1,TMValidation,"validation: """"\200\000\000\001&\000\000\000\006)/\351\252\256:\355<\266\216~aC\027Q\360\215\2502\265\245\310\226\243c\302Ze\306\253#r\020\211\320iG\276\020E\317\035Sf\223F\254P\027\000\000\000\000\000\000\000\000\000\000\000\000\000\000\000\000\000\000\000\000\000\000\000\000\000\000\000\000\000\000\000\000P\031\331]\036\237\306o!\223\221\002\324\031\262\240R\177 ,\214\325\Q])\016\2067\277\t\354\010\000s!\002\225aM\037\203M\271C\224]$\245\215\334\264;{{\365%Z\2443U\201\242\320iUc\207\367vF0D\002 \007\021\031+\364\200\263\200T\327\310+7\313\271i\t1hx\352\327\001S\335/Z\334U\312\027\374\002 '0r\303\332N\216J\312%V\252\372[\265\320z\035\215\315\236\222\242R/\301}U\270\022\202\276""; ","validation: """"\200\000\000\001&\000\000\000\006)/\351\252\256:\355<\266\216~aC\027Q\360\215\2502\265\245\310\226\243c\302Ze\306\253#r\020\211\320iG\276\020E\317\035Sf\223F\254P\027\000\000\000\000\000\000\000\000\000\000\000\000\000\000\000\000\000\000\000\000\000\000\000\000\000\000\000\000\000\000\000\000P\031\331]\036\237\306o!\223\221\002\324\031\262\240R\177 ,\214\325\Q])\016\2067\277\t\354\010\000s!\002\225aM\037\203M\271C\224]$\245\215\334\264;{{\365%Z\2443U\201\242\320iUc\207\367vF0D\002 \007\021\031+\364\200\263\200T\327\310+7\313\271i\t1hx\352\327\001S\335/Z\334U\312\027\374\002 '0r\303\332N\216J\312%V\252\372[\265\320z\035\215\315\236\222\242R/\301}U\270\022\202\276""; "
1750527536826,1750527536826,1144,1,4,1,TMLedgerData,"ledgerHash: ""[\000\302\314\326\214\276@c\240\272\222{\363\314\032\213\311\316\246/\330\302\014>\022\346\234\347\264\270\350""; ledgerSeq: 0; type: liTS_CANDIDATE; nodes {;   nodedata: ""\002i\361\030\371\256\265\036\320\273\013\357<\215/(\215[\231D\357Gd\372\270\316\261\301\342\327\225\241\000GZ\227\022t\201\240u\2324P\027\307M\337'Y\361[IAD\351\374!\232\005\337\376\252\251g\004\003"";   nodeid: ""\000\000\000\000\000\000\000\000\000\000\000\000\000\000\000\000\000\000\000\000\000\000\000\000\000\000\000\000\000\000\000\000\000""; }; ","ledgerHash: ""[\000\302\314\326\214\276@c\240\272\222{\363\314\032\213\311\316\246/\330\302\014>\022\346\234\347\264\270\350""; ledgerSeq: 0; type: liTS_CANDIDATE; nodes {;   nodedata: ""\002i\361\030\371\256\265\036\320\273\013\357<\215/(\215[\231D\357Gd\372\270\316\261\301\342\327\225\241\000GZ\227\022t\201\240u\2324P\027\307M\337'Y\361[IAD\351\374!\232\005\337\376\252\251g\004\003"";   nodeid: ""\000\000\000\000\000\000\000\000\000\000\000\000\000\000\000\000\000\000\000\000\000\000\000\000\000\000\000\000\000\000\000\000\000""; }; "
1750527536833,1750527536834,3620,1,4,3,TMValidation,"validation: """"\200\000\000\001&\000\000\000\006)/\351\252\256:\303`\246;Q\203[_Q\360\215\2502\265\245\310\226\243c\302Ze\306\253#r\020\211\320iG\276\020E\317\035Sf\223F\254P\027\000\000\000\000\000\000\000\000\000\000\000\000\000\000\000\000\000\000\000\000\000\000\000\000\000\000\000\000\000\000\000\000P\031\331]\036\237\306o!\223\221\002\324\031\262\240R\177 ,\214\325\Q])\016\2067\277\t\354\010\000s!\002\266\377\271\344:\030\221i\267\257\215\237M\014\3345f\014\273|\207\367\334\337F\325\004cxB\211LvF0D\002 C5\257\302\3473\316\0069j\224\r{\323EV\227>\006\271\346\333\023\334\214J\320\203\rw\037\203\002 }\013\246\034C\262\312HN\224\0002\222,R\241\251\375\370\230)\310\312\003\201V\377\231\203\343RU""; ","validation: """"\200\000\000\001&\000\000\000\006)/\351\252\256:\303`\246;Q\203[_Q\360\215\2502\265\245\310\226\243c\302Ze\306\253#r\020\211\320iG\276\020E\317\035Sf\223F\254P\027\000\000\000\000\000\000\000\000\000\000\000\000\000\000\000\000\000\000\000\000\000\000\000\000\000\000\000\000\000\000\000\000P\031\331]\036\237\306o!\223\221\002\324\031\262\240R\177 ,\214\325\Q])\016\2067\277\t\354\010\000s!\002\266\377\271\344:\030\221i\267\257\215\237M\014\3345f\014\273|\207\367\334\337F\325\004cxB\211LvF0D\002 C5\257\302\3473\316\0069j\224\r{\323EV\227>\006\271\346\333\023\334\214J\320\203\rw\037\203\002 }\013\246\034C\262\312HN\224\0002\222,R\241\251\375\370\230)\310\312\003\201V\377\231\203\343RU""; "
1750527536834,1750527536834,783,1,4,2,TMValidation,"validation: """"\200\000\000\001&\000\000\000\006)/\351\252\256:\303`\246;Q\203[_Q\360\215\2502\265\245\310\226\243c\302Ze\306\253#r\020\211\320iG\276\020E\317\035Sf\223F\254P\027\000\000\000\000\000\000\000\000\000\000\000\000\000\000\000\000\000\000\000\000\000\000\000\000\000\000\000\000\000\000\000\000P\031\331]\036\237\306o!\223\221\002\324\031\262\240R\177 ,\214\325\Q])\016\2067\277\t\354\010\000s!\002\266\377\271\344:\030\221i\267\257\215\237M\014\3345f\014\273|\207\367\334\337F\325\004cxB\211LvF0D\002 C5\257\302\3473\316\0069j\224\r{\323EV\227>\006\271\346\333\023\334\214J\320\203\rw\037\203\002 }\013\246\034C\262\312HN\224\0002\222,R\241\251\375\370\230)\310\312\003\201V\377\231\203\343RU""; ","validation: """"\200\000\000\001&\000\000\000\006)/\351\252\256:\303`\246;Q\203[_Q\360\215\2502\265\245\310\226\243c\302Ze\306\253#r\020\211\320iG\276\020E\317\035Sf\223F\254P\027\000\000\000\000\000\000\000\000\000\000\000\000\000\000\000\000\000\000\000\000\000\000\000\000\000\000\000\000\000\000\000\000P\031\331]\036\237\306o!\223\221\002\324\031\262\240R\177 ,\214\325\Q])\016\2067\277\t\354\010\000s!\002\266\377\271\344:\030\221i\267\257\215\237M\014\3345f\014\273|\207\367\334\337F\325\004cxB\211LvF0D\002 C5\257\302\3473\316\0069j\224\r{\323EV\227>\006\271\346\333\023\334\214J\320\203\rw\037\203\002 }\013\246\034C\262\312HN\224\0002\222,R\241\251\375\370\230)\310\312\003\201V\377\231\203\343RU""; "
1750527536835,1750527536835,3803,1,4,1,TMValidation,"validation: """"\200\000\000\001&\000\000\000\006)/\351\252\256:\303`\246;Q\203[_Q\360\215\2502\265\245\310\226\243c\302Ze\306\253#r\020\211\320iG\276\020E\317\035Sf\223F\254P\027\000\000\000\000\000\000\000\000\000\000\000\000\000\000\000\000\000\000\000\000\000\000\000\000\000\000\000\000\000\000\000\000P\031\331]\036\237\306o!\223\221\002\324\031\262\240R\177 ,\214\325\Q])\016\2067\277\t\354\010\000s!\002\266\377\271\344:\030\221i\267\257\215\237M\014\3345f\014\273|\207\367\334\337F\325\004cxB\211LvF0D\002 C5\257\302\3473\316\0069j\224\r{\323EV\227>\006\271\346\333\023\334\214J\320\203\rw\037\203\002 }\013\246\034C\262\312HN\224\0002\222,R\241\251\375\370\230)\310\312\003\201V\377\231\203\343RU""; ","validation: """"\200\000\000\001&\000\000\000\006)/\351\252\256:\303`\246;Q\203[_Q\360\215\2502\265\245\310\226\243c\302Ze\306\253#r\020\211\320iG\276\020E\317\035Sf\223F\254P\027\000\000\000\000\000\000\000\000\000\000\000\000\000\000\000\000\000\000\000\000\000\000\000\000\000\000\000\000\000\000\000\000P\031\331]\036\237\306o!\223\221\002\324\031\262\240R\177 ,\214\325\Q])\016\2067\277\t\354\010\000s!\002\266\377\271\344:\030\221i\267\257\215\237M\014\3345f\014\273|\207\367\334\337F\325\004cxB\211LvF0D\002 C5\257\302\3473\316\0069j\224\r{\323EV\227>\006\271\346\333\023\334\214J\320\203\rw\037\203\002 }\013\246\034C\262\312HN\224\0002\222,R\241\251\375\370\230)\310\312\003\201V\377\231\203\343RU""; "
1750527536835,1750527536835,2523,1,3,2,TMLedgerData,"ledgerHash: ""[\000\302\314\326\214\276@c\240\272\222{\363\314\032\213\311\316\246/\330\302\014>\022\346\234\347\264\270\350""; ledgerSeq: 0; type: liTS_CANDIDATE; nodes {;   nodedata: ""\002i\361\030\371\256\265\036\320\273\013\357<\215/(\215[\231D\357Gd\372\270\316\261\301\342\327\225\241\000GZ\227\022t\201\240u\2324P\027\307M\337'Y\361[IAD\351\374!\232\005\337\376\252\251g\004\003"";   nodeid: ""\000\000\000\000\000\000\000\000\000\000\000\000\000\000\000\000\000\000\000\000\000\000\000\000\000\000\000\000\000\000\000\000\000""; }; requestCookie: 2; ","ledgerHash: ""[\000\302\314\326\214\276@c\240\272\222{\363\314\032\213\311\316\246/\330\302\014>\022\346\234\347\264\270\350""; ledgerSeq: 0; type: liTS_CANDIDATE; nodes {;   nodedata: ""\002i\361\030\371\256\265\036\320\273\013\357<\215/(\215[\231D\357Gd\372\270\316\261\301\342\327\225\241\000GZ\227\022t\201\240u\2324P\027\307M\337'Y\361[IAD\351\374!\232\005\337\376\252\251g\004\003"";   nodeid: ""\000\000\000\000\000\000\000\000\000\000\000\000\000\000\000\000\000\000\000\000\000\000\000\000\000\000\000\000\000\000\000\000\000""; }; requestCookie: 2; "
1750527536843,1750527536843,612,1,2,0,TMLedgerData,"ledgerHash: ""[\000\302\314\326\214\276@c\240\272\222{\363\314\032\213\311\316\246/\330\302\014>\022\346\234\347\264\270\350""; ledgerSeq: 0; type: liTS_CANDIDATE; nodes {;   nodedata: ""\002i\361\030\371\256\265\036\320\273\013\357<\215/(\215[\231D\357Gd\372\270\316\261\301\342\327\225\241\000GZ\227\022t\201\240u\2324P\027\307M\337'Y\361[IAD\351\374!\232\005\337\376\252\251g\004\003"";   nodeid: ""\000\000\000\000\000\000\000\000\000\000\000\000\000\000\000\000\000\000\000\000\000\000\000\000\000\000\000\000\000\000\000\000\000""; }; ","ledgerHash: ""[\000\302\314\326\214\276@c\240\272\222{\363\314\032\213\311\316\246/\330\302\014>\022\346\234\347\264\270\350""; ledgerSeq: 0; type: liTS_CANDIDATE; nodes {;   nodedata: ""\002i\361\030\371\256\265\036\320\273\013\357<\215/(\215[\231D\357Gd\372\270\316\261\301\342\327\225\241\000GZ\227\022t\201\240u\2324P\027\307M\337'Y\361[IAD\351\374!\232\005\337\376\252\251g\004\003"";   nodeid: ""\000\000\000\000\000\000\000\000\000\000\000\000\000\000\000\000\000\000\000\000\000\000\000\000\000\000\000\000\000\000\000\000\000""; }; "
1750527536855,1750527536855,1144,1,4,1,TMLedgerData,"ledgerHash: ""[\000\302\314\326\214\276@c\240\272\222{\363\314\032\213\311\316\246/\330\302\014>\022\346\234\347\264\270\350""; ledgerSeq: 0; type: liTS_CANDIDATE; nodes {;   nodedata: ""\002i\361\030\371\256\265\036\320\273\013\357<\215/(\215[\231D\357Gd\372\270\316\261\301\342\327\225\241\000GZ\227\022t\201\240u\2324P\027\307M\337'Y\361[IAD\351\374!\232\005\337\376\252\251g\004\003"";   nodeid: ""\000\000\000\000\000\000\000\000\000\000\000\000\000\000\000\000\000\000\000\000\000\000\000\000\000\000\000\000\000\000\000\000\000""; }; requestCookie: 3; ","ledgerHash: ""[\000\302\314\326\214\276@c\240\272\222{\363\314\032\213\311\316\246/\330\302\014>\022\346\234\347\264\270\350""; ledgerSeq: 0; type: liTS_CANDIDATE; nodes {;   nodedata: ""\002i\361\030\371\256\265\036\320\273\013\357<\215/(\215[\231D\357Gd\372\270\316\261\301\342\327\225\241\000GZ\227\022t\201\240u\2324P\027\307M\337'Y\361[IAD\351\374!\232\005\337\376\252\251g\004\003"";   nodeid: ""\000\000\000\000\000\000\000\000\000\000\000\000\000\000\000\000\000\000\000\000\000\000\000\000\000\000\000\000\000\000\000\000\000""; }; requestCookie: 3; "
1750527536869,1750527536869,1782,1,1,4,TMLedgerData,"ledgerHash: ""\310\200l\322\255\214\342'\243\202\375k%_\335\032N\021G\005\230\271\366~%e\366\202l^\rR""; ledgerSeq: 0; type: liTS_CANDIDATE; nodes {;   nodedata: ""GZ\227\022t\201\240u\2324P\027\307M\337'Y\361[IAD\351\374!\232\005\337\376\252\251g\004\003"";   nodeid: ""\000\000\000\000\000\000\000\000\000\000\000\000\000\000\000\000\000\000\000\000\000\000\000\000\000\000\000\000\000\000\000\000\000""; }; ","ledgerHash: ""\310\200l\322\255\214\342'\243\202\375k%_\335\032N\021G\005\230\271\366~%e\366\202l^\rR""; ledgerSeq: 0; type: liTS_CANDIDATE; nodes {;   nodedata: ""GZ\227\022t\201\240u\2324P\027\307M\337'Y\361[IAD\351\374!\232\005\337\376\252\251g\004\003"";   nodeid: ""\000\000\000\000\000\000\000\000\000\000\000\000\000\000\000\000\000\000\000\000\000\000\000\000\000\000\000\000\000\000\000\000\000""; }; "
1750527536880,1750527536881,3746,1,1,4,TMValidation,"validation: """"\200\000\000\001&\000\000\000\006)/\351\252\255:p\210\265\307-\212\200\004Q\360\215\2502\265\245\310\226\243c\302Ze\306\253#r\020\211\320iG\276\020E\317\035Sf\223F\254P\027\000\000\000\000\000\000\000\000\000\000\000\000\000\000\000\000\000\000\000\000\000\000\000\000\000\000\000\000\000\000\000\000P\031\331]\036\237\306o!\223\221\002\324\031\262\240R\177 ,\214\325\Q])\016\2067\277\t\354\010\000s!\002\364d\217\366\217|\316F\232\231\241\n\261\333`\312O\367\235\025DD\336e\367\n\312\326\221\037\025\230vG0E\002!\000\270\334\275\007Q,\177\352@'|\202\273\270\334\321\225\0200\314\363]\313wAw}Z\303-\375\313\002 \034\207!\017'wq\360}\035\277d\220*\302\335{j\240(""h\206+~^P\252\000\213\261\331""; ","validation: """"\200\000\000\001&\000\000\000\006)/\351\252\255:p\210\265\307-\212\200\004Q\360\215\2502\265\245\310\226\243c\302Ze\306\253#r\020\211\320iG\276\020E\317\035Sf\223F\254P\027\000\000\000\000\000\000\000\000\000\000\000\000\000\000\000\000\000\000\000\000\000\000\000\000\000\000\000\000\000\000\000\000P\031\331]\036\237\306o!\223\221\002\324\031\262\240R\177 ,\214\325\Q])\016\2067\277\t\354\010\000s!\002\364d\217\366\217|\316F\232\231\241\n\261\333`\312O\367\235\025DD\336e\367\n\312\326\221\037\025\230vG0E\002!\000\270\334\275\007Q,\177\352@'|\202\273\270\334\321\225\0200\314\363]\313wAw}Z\303-\375\313\002 \034\207!\017'wq\360}\035\277d\220*\302\335{j\240(""h\206+~^P\252\000\213\261\331""; "
1750527536881,1750527536881,949,1,1,2,TMValidation,"validation: """"\200\000\000\001&\000\000\000\006)/\351\252\255:p\210\265\307-\212\200\004Q\360\215\2502\265\245\310\226\243c\302Ze\306\253#r\020\211\320iG\276\020E\317\035Sf\223F\254P\027\000\000\000\000\000\000\000\000\000\000\000\000\000\000\000\000\000\000\000\000\000\000\000\000\000\000\000\000\000\000\000\000P\031\331]\036\237\306o!\223\221\002\324\031\262\240R\177 ,\214\325\Q])\016\2067\277\t\354\010\000s!\002\364d\217\366\217|\316F\232\231\241\n\261\333`\312O\367\235\025DD\336e\367\n\312\326\221\037\025\230vG0E\002!\000\270\334\275\007Q,\177\352@'|\202\273\270\334\321\225\0200\314\363]\313wAw}Z\303-\375\313\002 \034\207!\017'wq\360}\035\277d\220*\302\335{j\240(""h\206+~^P\252\000\213\261\331""; ","validation: """"\200\000\000\001&\000\000\000\006)/\351\252\255:p\210\265\307-\212\200\004Q\360\215\2502\265\245\310\226\243c\302Ze\306\253#r\020\211\320iG\276\020E\317\035Sf\223F\254P\027\000\000\000\000\000\000\000\000\000\000\000\000\000\000\000\000\000\000\000\000\000\000\000\000\000\000\000\000\000\000\000\000P\031\331]\036\237\306o!\223\221\002\324\031\262\240R\177 ,\214\325\Q])\016\2067\277\t\354\010\000s!\002\364d\217\366\217|\316F\232\231\241\n\261\333`\312O\367\235\025DD\336e\367\n\312\326\221\037\025\230vG0E\002!\000\270\334\275\007Q,\177\352@'|\202\273\270\334\321\225\0200\314\363]\313wAw}Z\303-\375\313\002 \034\207!\017'wq\360}\035\277d\220*\302\335{j\240(""h\206+~^P\252\000\213\261\331""; "
1750527536881,1750527536881,2229,1,1,0,TMValidation,"validation: """"\200\000\000\001&\000\000\000\006)/\351\252\255:p\210\265\307-\212\200\004Q\360\215\2502\265\245\310\226\243c\302Ze\306\253#r\020\211\320iG\276\020E\317\035Sf\223F\254P\027\000\000\000\000\000\000\000\000\000\000\000\000\000\000\000\000\000\000\000\000\000\000\000\000\000\000\000\000\000\000\000\000P\031\331]\036\237\306o!\223\221\002\324\031\262\240R\177 ,\214\325\Q])\016\2067\277\t\354\010\000s!\002\364d\217\366\217|\316F\232\231\241\n\261\333`\312O\367\235\025DD\336e\367\n\312\326\221\037\025\230vG0E\002!\000\270\334\275\007Q,\177\352@'|\202\273\270\334\321\225\0200\314\363]\313wAw}Z\303-\375\313\002 \034\207!\017'wq\360}\035\277d\220*\302\335{j\240(""h\206+~^P\252\000\213\261\331""; ","validation: """"\200\000\000\001&\000\000\000\006)/\351\252\255:p\210\265\307-\212\200\004Q\360\215\2502\265\245\310\226\243c\302Ze\306\253#r\020\211\320iG\276\020E\317\035Sf\223F\254P\027\000\000\000\000\000\000\000\000\000\000\000\000\000\000\000\000\000\000\000\000\000\000\000\000\000\000\000\000\000\000\000\000P\031\331]\036\237\306o!\223\221\002\324\031\262\240R\177 ,\214\325\Q])\016\2067\277\t\354\010\000s!\002\364d\217\366\217|\316F\232\231\241\n\261\333`\312O\367\235\025DD\336e\367\n\312\326\221\037\025\230vG0E\002!\000\270\334\275\007Q,\177\352@'|\202\273\270\334\321\225\0200\314\363]\313wAw}Z\303-\375\313\002 \034\207!\017'wq\360}\035\277d\220*\302\335{j\240(""h\206+~^P\252\000\213\261\331""; "
1750527536889,1750527536889,1131,1,3,0,TMGetLedger,"itype: liTS_CANDIDATE; ledgerHash: ""3\321\n7\354)\tf\006\357\205B<h\272GQ \344\262\236\025#\003\024&\310\034\352\376\326""; nodeIDs: ""\000\000\000\000\000\000\000\000\000\000\000\000\000\000\000\000\000\000\000\000\000\000\000\000\000\000\000\000\000\000\000\000\000""; queryType: qtINDIRECT; queryDepth: 3; ","itype: liTS_CANDIDATE; ledgerHash: ""3\321\n7\354)\tf\006\357\205B<h\272GQ \344\262\236\025#\003\024&\310\034\352\376\326""; nodeIDs: ""\000\000\000\000\000\000\000\000\000\000\000\000\000\000\000\000\000\000\000\000\000\000\000\000\000\000\000\000\000\000\000\000\000""; queryType: qtINDIRECT; queryDepth: 3; "
1750527536890,1750527536890,1019,1,3,4,TMGetLedger,"itype: liTS_CANDIDATE; ledgerHash: ""3\321\n7\354)\tf\006\357\205B<h\272GQ \344\262\236\025#\003\024&\310\034\352\376\326""; nodeIDs: ""\000\000\000\000\000\000\000\000\000\000\000\000\000\000\000\000\000\000\000\000\000\000\000\000\000\000\000\000\000\000\000\000\000""; queryType: qtINDIRECT; queryDepth: 3; ","itype: liTS_CANDIDATE; ledgerHash: ""3\321\n7\354)\tf\006\357\205B<h\272GQ \344\262\236\025#\003\024&\310\034\352\376\326""; nodeIDs: ""\000\000\000\000\000\000\000\000\000\000\000\000\000\000\000\000\000\000\000\000\000\000\000\000\000\000\000\000\000\000\000\000\000""; queryType: qtINDIRECT; queryDepth: 3; "
1750527536890,1750527536890,2079,1,3,1,TMGetLedger,"itype: liTS_CANDIDATE; ledgerHash: ""3\321\n7\354)\tf\006\357\205B<h\272GQ \344\262\236\025#\003\024&\310\034\352\376\326""; nodeIDs: ""\000\000\000\000\000\000\000\000\000\000\000\000\000\000\000\000\000\000\000\000\000\000\000\000\000\000\000\000\000\000\000\000\000""; queryType: qtINDIRECT; queryDepth: 3; ","itype: liTS_CANDIDATE; ledgerHash: ""3\321\n7\354)\tf\006\357\205B<h\272GQ \344\262\236\025#\003\024&\310\034\352\376\326""; nodeIDs: ""\000\000\000\000\000\000\000\000\000\000\000\000\000\000\000\000\000\000\000\000\000\000\000\000\000\000\000\000\000\000\000\000\000""; queryType: qtINDIRECT; queryDepth: 3; "
1750527536890,1750527536891,2794,1,3,2,TMGetLedger,"itype: liTS_CANDIDATE; ledgerHash: ""3\321\n7\354)\tf\006\357\205B<h\272GQ \344\262\236\025#\003\024&\310\034\352\376\326""; nodeIDs: ""\000\000\000\000\000\000\000\000\000\000\000\000\000\000\000\000\000\000\000\000\000\000\000\000\000\000\000\000\000\000\000\000\000""; queryType: qtINDIRECT; queryDepth: 3; ","itype: liTS_CANDIDATE; ledgerHash: ""3\321\n7\354)\tf\006\357\205B<h\272GQ \344\262\236\025#\003\024&\310\034\352\376\326""; nodeIDs: ""\000\000\000\000\000\000\000\000\000\000\000\000\000\000\000\000\000\000\000\000\000\000\000\000\000\000\000\000\000\000\000\000\000""; queryType: qtINDIRECT; queryDepth: 3; "
1750527536891,1750527536891,1434,1,0,1,TMLedgerData,"ledgerHash: ""\360\215\2502\265\245\310\226\243c\302Ze\306\253#r\020\211\320iG\276\020E\317\035Sf\223F\254""; ledgerSeq: 6; type: liBASE; nodes {;   nodedata: ""\000\000\000\006\001cEx]\211\377\342\331]\036\237\306o!\223\221\002\324\031\262\240R\177 ,\214\325\Q])\016\2067\277\t\354\010\000\000\000\000\000\000\000\000\000\000\000\000\000\000\000\000\000\000\000\000\000\000\000\000\000\000\000\000\000\000\000\000\000;\\334dC\372\352v(\002\203\271\206-\030\334\035kf\277\307\257KU\317""\352\376\225T~7/\351\252\252/\351\252\253\n\000""; }; nodes {;   nodedata: ""\341\035\262xv\226\317f5\366\365\252a\177\355\302\326\t\222~j\320f\374/ \363\256\257\361 \303\001\301\025%1L\307\t\261\262z\374\222T\301\274V\236\223\262\270Ct\362\337b\356\024*\324\320\351\317\002k\336\234\027v\351\217\260\303\360\233ZPZWr\246$w\313\313\r\243r\232\2234\373\3539:N\004;tP\302\307\005x\n\302lQ\275\237<g\321\233$\274p\355\310J\230\370\306\264\314\367C\275\272\006E\344\037@\210\363\010\336T\226\247'\204_{\261\370""1\235\2445\343\033Y!\212\201\341\272\225'\007\251:\312'v\340W\267\255\263\260Tw\t\325Y\300\315\030\025:a\200\000V\277\320i\330\327I\036\013\003""; }; ","ledgerHash: ""\360\215\2502\265\245\310\226\243c\302Ze\306\253#r\020\211\320iG\276\020E\317\035Sf\223F\254""; ledgerSeq: 6; type: liBASE; nodes {;   nodedata: ""\000\000\000\006\001cEx]\211\377\342\331]\036\237\306o!\223\221\002\324\031\262\240R\177 ,\214\325\Q])\016\2067\277\t\354\010\000\000\000\000\000\000\000\000\000\000\000\000\000\000\000\000\000\000\000\000\000\000\000\000\000\000\000\000\000\000\000\000\000;\\334dC\372\352v(\002\203\271\206-\030\334\035kf\277\307\257KU\317""\352\376\225T~7/\351\252\252/\351\252\253\n\000""; }; nodes {;   nodedata: ""\341\035\262xv\226\317f5\366\365\252a\177\355\302\326\t\222~j\320f\374/ \363\256\257\361 \303\001\301\025%1L\307\t\261\262z\374\222T\301\274V\236\223\262\270Ct\362\337b\356\024*\324\320\351\317\002k\336\234\027v\351\217\260\303\360\233ZPZWr\246$w\313\313\r\243r\232\2234\373\3539:N\004;tP\302\307\005x\n\302lQ\275\237<g\321\233$\274p\355\310J\230\370\306\264\314\367C\275\272\006E\344\037@\210\363\010\336T\226\247'\204_{\261\370""1\235\2445\343\033Y!\212\201\341\272\225'\007\251:\312'v\340W\267\255\263\260Tw\t\325Y\300\315\030\025:a\200\000V\277\320i\330\327I\036\013\003""; }; "
1750527536891,1750527536892,1434,1,0,1,TMLedgerData,"ledgerHash: ""\360\215\2502\265\245\310\226\243c\302Ze\306\253#r\020\211\320iG\276\020E\317\035Sf\223F\254""; ledgerSeq: 6; type: liBASE; nodes {;   nodedata: ""\000\000\000\006\001cEx]\211\377\342\331]\036\237\306o!\223\221\002\324\031\262\240R\177 ,\214\325\Q])\016\2067\277\t\354\010\000\000\000\000\000\000\000\000\000\000\000\000\000\000\000\000\000\000\000\000\000\000\000\000\000\000\000\000\000\000\000\000\000;\\334dC\372\352v(\002\203\271\206-\030\334\035kf\277\307\257KU\317""\352\376\225T~7/\351\252\252/\351\252\253\n\000""; }; nodes {;   nodedata: ""\341\035\262xv\226\317f5\366\365\252a\177\355\302\326\t\222~j\320f\374/ \363\256\257\361 \303\001\301\025%1L\307\t\261\262z\374\222T\301\274V\236\223\262\270Ct\362\337b\356\024*\324\320\351\317\002k\336\234\027v\351\217\260\303\360\233ZPZWr\246$w\313\313\r\243r\232\2234\373\3539:N\004;tP\302\307\005x\n\302lQ\275\237<g\321\233$\274p\355\310J\230\370\306\264\314\367C\275\272\006E\344\037@\210\363\010\336T\226\247'\204_{\261\370""1\235\2445\343\033Y!\212\201\341\272\225'\007\251:\312'v\340W\267\255\263\260Tw\t\325Y\300\315\030\025:a\200\000V\277\320i\330\327I\036\013\003""; }; ","ledgerHash: ""\360\215\2502\265\245\310\226\243c\302Ze\306\253#r\020\211\320iG\276\020E\317\035Sf\223F\254""; ledgerSeq: 6; type: liBASE; nodes {;   nodedata: ""\000\000\000\006\001cEx]\211\377\342\331]\036\237\306o!\223\221\002\324\031\262\240R\177 ,\214\325\Q])\016\2067\277\t\354\010\000\000\000\000\000\000\000\000\000\000\000\000\000\000\000\000\000\000\000\000\000\000\000\000\000\000\000\000\000\000\000\000\000;\\334dC\372\352v(\002\203\271\206-\030\334\035kf\277\307\257KU\317""\352\376\225T~7/\351\252\252/\351\252\253\n\000""; }; nodes {;   nodedata: ""\341\035\262xv\226\317f5\366\365\252a\177\355\302\326\t\222~j\320f\374/ \363\256\257\361 \303\001\301\025%1L\307\t\261\262z\374\222T\301\274V\236\223\262\270Ct\362\337b\356\024*\324\320\351\317\002k\336\234\027v\351\217\260\303\360\233ZPZWr\246$w\313\313\r\243r\232\2234\373\3539:N\004;tP\302\307\005x\n\302lQ\275\237<g\321\233$\274p\355\310J\230\370\306\264\314\367C\275\272\006E\344\037@\210\363\010\336T\226\247'\204_{\261\370""1\235\2445\343\033Y!\212\201\341\272\225'\007\251:\312'v\340W\267\255\263\260Tw\t\325Y\300\315\030\025:a\200\000V\277\320i\330\327I\036\013\003""; }; "
1750527536913,1750527536913,2455,1,4,1,TMProposeSet,"proposeSeq: 0; currentTxHash: ""3\321\n7\354)\tf\006\357\205B<h\272GQ \344\262\236\025#\003\024&\310\034\352\376\326""; nodePubKey: ""\002\225aM\037\203M\271C\224]$\245\215\334\264;{{\365%Z\2443U\201\242\320iUc\207\367""; closeTime: 803842735; signature: ""0D\002 ^\226i\205\315\257\370\200I\243\215m\247B\214\232)\037\341R\211\363\261\037\020S\344+\033\237\\276\002 b\2266\007\343g3`\207.y\217\331t\203\274\320\022Z\375L\005\224b\225\023R\302M\223\177\303""; previousledger: ""\360\215\2502\265\245\310\226\243c\302Ze\306\253#r\020\211\320iG\276\020E\317\035Sf\223F\254""; ","proposeSeq: 0; currentTxHash: ""3\321\n7\354)\tf\006\357\205B<h\272GQ \344\262\236\025#\003\024&\310\034\352\376\326""; nodePubKey: ""\002\225aM\037\203M\271C\224]$\245\215\334\264;{{\365%Z\2443U\201\242\320iUc\207\367""; closeTime: 803842735; signature: ""0D\002 ^\226i\205\315\257\370\200I\243\215m\247B\214\232)\037\341R\211\363\261\037\020S\344+\033\237\\276\002 b\2266\007\343g3`\207.y\217\331t\203\274\320\022Z\375L\005\224b\225\023R\302M\223\177\303""; previousledger: ""\360\215\2502\265\245\310\226\243c\302Ze\306\253#r\020\211\320iG\276\020E\317\035Sf\223F\254""; "
1750527536913,1750527536913,2101,1,4,1,TMGetLedger,"itype: liTS_CANDIDATE; ledgerHash: ""3\321\n7\354)\tf\006\357\205B<h\272GQ \344\262\236\025#\003\024&\310\034\352\376\326""; nodeIDs: ""\000\000\000\000\000\000\000\000\000\000\000\000\000\000\000\000\000\000\000\000\000\000\000\000\000\000\000\000\000\000\000\000\000""; queryDepth: 3; ","itype: liTS_CANDIDATE; ledgerHash: ""3\321\n7\354)\tf\006\357\205B<h\272GQ \344\262\236\025#\003\024&\310\034\352\376\326""; nodeIDs: ""\000\000\000\000\000\000\000\000\000\000\000\000\000\000\000\000\000\000\000\000\000\000\000\000\000\000\000\000\000\000\000\000\000""; queryDepth: 3; "
1750527536914,1750527536914,2972,1,4,0,TMProposeSet,"proposeSeq: 0; currentTxHash: ""3\321\n7\354)\tf\006\357\205B<h\272GQ \344\262\236\025#\003\024&\310\034\352\376\326""; nodePubKey: ""\002\225aM\037\203M\271C\224]$\245\215\334\264;{{\365%Z\2443U\201\242\320iUc\207\367""; closeTime: 803842735; signature: ""0D\002 ^\226i\205\315\257\370\200I\243\215m\247B\214\232)\037\341R\211\363\261\037\020S\344+\033\237\\276\002 b\2266\007\343g3`\207.y\217\331t\203\274\320\022Z\375L\005\224b\225\023R\302M\223\177\303""; previousledger: ""\360\215\2502\265\245\310\226\243c\302Ze\306\253#r\020\211\320iG\276\020E\317\035Sf\223F\254""; ","proposeSeq: 0; currentTxHash: ""3\321\n7\354)\tf\006\357\205B<h\272GQ \344\262\236\025#\003\024&\310\034\352\376\326""; nodePubKey: ""\002\225aM\037\203M\271C\224]$\245\215\334\264;{{\365%Z\2443U\201\242\320iUc\207\367""; closeTime: 803842735; signature: ""0D\002 ^\226i\205\315\257\370\200I\243\215m\247B\214\232)\037\341R\211\363\261\037\020S\344+\033\237\\276\002 b\2266\007\343g3`\207.y\217\331t\203\274\320\022Z\375L\005\224b\225\023R\302M\223\177\303""; previousledger: ""\360\215\2502\265\245\310\226\243c\302Ze\306\253#r\020\211\320iG\276\020E\317\035Sf\223F\254""; "
1750527536914,1750527536914,1932,1,4,0,TMGetLedger,"itype: liTS_CANDIDATE; ledgerHash: ""3\321\n7\354)\tf\006\357\205B<h\272GQ \344\262\236\025#\003\024&\310\034\352\376\326""; nodeIDs: ""\000\000\000\000\000\000\000\000\000\000\000\000\000\000\000\000\000\000\000\000\000\000\000\000\000\000\000\000\000\000\000\000\000""; queryDepth: 3; ","itype: liTS_CANDIDATE; ledgerHash: ""3\321\n7\354)\tf\006\357\205B<h\272GQ \344\262\236\025#\003\024&\310\034\352\376\326""; nodeIDs: ""\000\000\000\000\000\000\000\000\000\000\000\000\000\000\000\000\000\000\000\000\000\000\000\000\000\000\000\000\000\000\000\000\000""; queryDepth: 3; "
1750527536915,1750527536915,2441,1,4,2,TMProposeSet,"proposeSeq: 0; currentTxHash: ""3\321\n7\354)\tf\006\357\205B<h\272GQ \344\262\236\025#\003\024&\310\034\352\376\326""; nodePubKey: ""\002\225aM\037\203M\271C\224]$\245\215\334\264;{{\365%Z\2443U\201\242\320iUc\207\367""; closeTime: 803842735; signature: ""0D\002 ^\226i\205\315\257\370\200I\243\215m\247B\214\232)\037\341R\211\363\261\037\020S\344+\033\237\\276\002 b\2266\007\343g3`\207.y\217\331t\203\274\320\022Z\375L\005\224b\225\023R\302M\223\177\303""; previousledger: ""\360\215\2502\265\245\310\226\243c\302Ze\306\253#r\020\211\320iG\276\020E\317\035Sf\223F\254""; ","proposeSeq: 0; currentTxHash: ""3\321\n7\354)\tf\006\357\205B<h\272GQ \344\262\236\025#\003\024&\310\034\352\376\326""; nodePubKey: ""\002\225aM\037\203M\271C\224]$\245\215\334\264;{{\365%Z\2443U\201\242\320iUc\207\367""; closeTime: 803842735; signature: ""0D\002 ^\226i\205\315\257\370\200I\243\215m\247B\214\232)\037\341R\211\363\261\037\020S\344+\033\237\\276\002 b\2266\007\343g3`\207.y\217\331t\203\274\320\022Z\375L\005\224b\225\023R\302M\223\177\303""; previousledger: ""\360\215\2502\265\245\310\226\243c\302Ze\306\253#r\020\211\320iG\276\020E\317\035Sf\223F\254""; "
1750527536936,1750527536936,1434,1,0,1,TMLedgerData,"ledgerHash: ""[\000\302\314\326\214\276@c\240\272\222{\363\314\032\213\311\316\246/\330\302\014>\022\346\234\347\264\270\350""; ledgerSeq: 0; type: liTS_CANDIDATE; nodes {;   nodedata: ""\002i\361\030\371\256\265\036\320\273\013\357<\215/(\215[\231D\357Gd\372\270\316\261\301\342\327\225\241\000GZ\227\022t\201\240u\2324P\027\307M\337'Y\361[IAD\351\374!\232\005\337\376\252\251g\004\003"";   nodeid: ""\000\000\000\000\000\000\000\000\000\000\000\000\000\000\000\000\000\000\000\000\000\000\000\000\000\000\000\000\000\000\000\000\000""; }; ","ledgerHash: ""[\000\302\314\326\214\276@c\240\272\222{\363\314\032\213\311\316\246/\330\302\014>\022\346\234\347\264\270\350""; ledgerSeq: 0; type: liTS_CANDIDATE; nodes {;   nodedata: ""\002i\361\030\371\256\265\036\320\273\013\357<\215/(\215[\231D\357Gd\372\270\316\261\301\342\327\225\241\000GZ\227\022t\201\240u\2324P\027\307M\337'Y\361[IAD\351\374!\232\005\337\376\252\251g\004\003"";   nodeid: ""\000\000\000\000\000\000\000\000\000\000\000\000\000\000\000\000\000\000\000\000\000\000\000\000\000\000\000\000\000\000\000\000\000""; }; "
1750527536946,1750527536947,1539,1,4,2,TMLedgerData,"ledgerHash: ""[\000\302\314\326\214\276@c\240\272\222{\363\314\032\213\311\316\246/\330\302\014>\022\346\234\347\264\270\350""; ledgerSeq: 0; type: liTS_CANDIDATE; nodes {;   nodedata: ""\002i\361\030\371\256\265\036\320\273\013\357<\215/(\215[\231D\357Gd\372\270\316\261\301\342\327\225\241\000GZ\227\022t\201\240u\2324P\027\307M\337'Y\361[IAD\351\374!\232\005\337\376\252\251g\004\003"";   nodeid: ""\000\000\000\000\000\000\000\000\000\000\000\000\000\000\000\000\000\000\000\000\000\000\000\000\000\000\000\000\000\000\000\000\000""; }; requestCookie: 4; ","ledgerHash: ""[\000\302\314\326\214\276@c\240\272\222{\363\314\032\213\311\316\246/\330\302\014>\022\346\234\347\264\270\350""; ledgerSeq: 0; type: liTS_CANDIDATE; nodes {;   nodedata: ""\002i\361\030\371\256\265\036\320\273\013\357<\215/(\215[\231D\357Gd\372\270\316\261\301\342\327\225\241\000GZ\227\022t\201\240u\2324P\027\307M\337'Y\361[IAD\351\374!\232\005\337\376\252\251g\004\003"";   nodeid: ""\000\000\000\000\000\000\000\000\000\000\000\000\000\000\000\000\000\000\000\000\000\000\000\000\000\000\000\000\000\000\000\000\000""; }; requestCookie: 4; "
1750527536967,1750527536967,3578,1,1,3,TMLedgerData,"ledgerHash: ""[\000\302\314\326\214\276@c\240\272\222{\363\314\032\213\311\316\246/\330\302\014>\022\346\234\347\264\270\350""; ledgerSeq: 0; type: liTS_CANDIDATE; nodes {;   nodedata: ""\002i\361\030\371\256\265\036\320\273\013\357<\215/(\215[\231D\357Gd\372\270\316\261\301\342\327\225\241\000GZ\227\022t\201\240u\2324P\027\307M\337'Y\361[IAD\351\374!\232\005\337\376\252\251g\004\003"";   nodeid: ""\000\000\000\000\000\000\000\000\000\000\000\000\000\000\000\000\000\000\000\000\000\000\000\000\000\000\000\000\000\000\000\000\000""; }; ","ledgerHash: ""[\000\302\314\326\214\276@c\240\272\222{\363\314\032\213\311\316\246/\330\302\014>\022\346\234\347\264\270\350""; ledgerSeq: 0; type: liTS_CANDIDATE; nodes {;   nodedata: ""\002i\361\030\371\256\265\036\320\273\013\357<\215/(\215[\231D\357Gd\372\270\316\261\301\342\327\225\241\000GZ\227\022t\201\240u\2324P\027\307M\337'Y\361[IAD\351\374!\232\005\337\376\252\251g\004\003"";   nodeid: ""\000\000\000\000\000\000\000\000\000\000\000\000\000\000\000\000\000\000\000\000\000\000\000\000\000\000\000\000\000\000\000\000\000""; }; "
1750527536969,1750527536969,1539,1,4,2,TMLedgerData,"ledgerHash: ""[\000\302\314\326\214\276@c\240\272\222{\363\314\032\213\311\316\246/\330\302\014>\022\346\234\347\264\270\350""; ledgerSeq: 0; type: liTS_CANDIDATE; nodes {;   nodedata: ""\002i\361\030\371\256\265\036\320\273\013\357<\215/(\215[\231D\357Gd\372\270\316\261\301\342\327\225\241\000GZ\227\022t\201\240u\2324P\027\307M\337'Y\361[IAD\351\374!\232\005\337\376\252\251g\004\003"";   nodeid: ""\000\000\000\000\000\000\000\000\000\000\000\000\000\000\000\000\000\000\000\000\000\000\000\000\000\000\000\000\000\000\000\000\000""; }; ","ledgerHash: ""[\000\302\314\326\214\276@c\240\272\222{\363\314\032\213\311\316\246/\330\302\014>\022\346\234\347\264\270\350""; ledgerSeq: 0; type: liTS_CANDIDATE; nodes {;   nodedata: ""\002i\361\030\371\256\265\036\320\273\013\357<\215/(\215[\231D\357Gd\372\270\316\261\301\342\327\225\241\000GZ\227\022t\201\240u\2324P\027\307M\337'Y\361[IAD\351\374!\232\005\337\376\252\251g\004\003"";   nodeid: ""\000\000\000\000\000\000\000\000\000\000\000\000\000\000\000\000\000\000\000\000\000\000\000\000\000\000\000\000\000\000\000\000\000""; }; "
1750527536981,1750527536981,1539,1,4,2,TMLedgerData,"ledgerHash: ""[\000\302\314\326\214\276@c\240\272\222{\363\314\032\213\311\316\246/\330\302\014>\022\346\234\347\264\270\350""; ledgerSeq: 0; type: liTS_CANDIDATE; nodes {;   nodedata: ""\002i\361\030\371\256\265\036\320\273\013\357<\215/(\215[\231D\357Gd\372\270\316\261\301\342\327\225\241\000GZ\227\022t\201\240u\2324P\027\307M\337'Y\361[IAD\351\374!\232\005\337\376\252\251g\004\003"";   nodeid: ""\000\000\000\000\000\000\000\000\000\000\000\000\000\000\000\000\000\000\000\000\000\000\000\000\000\000\000\000\000\000\000\000\000""; }; requestCookie: 3; ","ledgerHash: ""[\000\302\314\326\214\276@c\240\272\222{\363\314\032\213\311\316\246/\330\302\014>\022\346\234\347\264\270\350""; ledgerSeq: 0; type: liTS_CANDIDATE; nodes {;   nodedata: ""\002i\361\030\371\256\265\036\320\273\013\357<\215/(\215[\231D\357Gd\372\270\316\261\301\342\327\225\241\000GZ\227\022t\201\240u\2324P\027\307M\337'Y\361[IAD\351\374!\232\005\337\376\252\251g\004\003"";   nodeid: ""\000\000\000\000\000\000\000\000\000\000\000\000\000\000\000\000\000\000\000\000\000\000\000\000\000\000\000\000\000\000\000\000\000""; }; requestCookie: 3; "
1750527536983,1750527536983,1665,1,2,3,TMLedgerData,"ledgerHash: ""[\000\302\314\326\214\276@c\240\272\222{\363\314\032\213\311\316\246/\330\302\014>\022\346\234\347\264\270\350""; ledgerSeq: 0; type: liTS_CANDIDATE; nodes {;   nodedata: ""\002i\361\030\371\256\265\036\320\273\013\357<\215/(\215[\231D\357Gd\372\270\316\261\301\342\327\225\241\000GZ\227\022t\201\240u\2324P\027\307M\337'Y\361[IAD\351\374!\232\005\337\376\252\251g\004\003"";   nodeid: ""\000\000\000\000\000\000\000\000\000\000\000\000\000\000\000\000\000\000\000\000\000\000\000\000\000\000\000\000\000\000\000\000\000""; }; ","ledgerHash: ""[\000\302\314\326\214\276@c\240\272\222{\363\314\032\213\311\316\246/\330\302\014>\022\346\234\347\264\270\350""; ledgerSeq: 0; type: liTS_CANDIDATE; nodes {;   nodedata: ""\002i\361\030\371\256\265\036\320\273\013\357<\215/(\215[\231D\357Gd\372\270\316\261\301\342\327\225\241\000GZ\227\022t\201\240u\2324P\027\307M\337'Y\361[IAD\351\374!\232\005\337\376\252\251g\004\003"";   nodeid: ""\000\000\000\000\000\000\000\000\000\000\000\000\000\000\000\000\000\000\000\000\000\000\000\000\000\000\000\000\000\000\000\000\000""; }; "
1750527536994,1750527536994,1212,1,2,4,TMLedgerData,"ledgerHash: ""\310\200l\322\255\214\342'\243\202\375k%_\335\032N\021G\005\230\271\366~%e\366\202l^\rR""; ledgerSeq: 0; type: liTS_CANDIDATE; nodes {;   nodedata: ""GZ\227\022t\201\240u\2324P\027\307M\337'Y\361[IAD\351\374!\232\005\337\376\252\251g\004\003"";   nodeid: ""\000\000\000\000\000\000\000\000\000\000\000\000\000\000\000\000\000\000\000\000\000\000\000\000\000\000\000\000\000\000\000\000\000""; }; ","ledgerHash: ""\310\200l\322\255\214\342'\243\202\375k%_\335\032N\021G\005\230\271\366~%e\366\202l^\rR""; ledgerSeq: 0; type: liTS_CANDIDATE; nodes {;   nodedata: ""GZ\227\022t\201\240u\2324P\027\307M\337'Y\361[IAD\351\374!\232\005\337\376\252\251g\004\003"";   nodeid: ""\000\000\000\000\000\000\000\000\000\000\000\000\000\000\000\000\000\000\000\000\000\000\000\000\000\000\000\000\000\000\000\000\000""; }; "
1750527537001,1750527537001,2794,1,3,2,TMGetLedger,"itype: liTS_CANDIDATE; ledgerHash: ""\341\310\354\0213\033\013\350\207z\236R(|z&\034\335\266\323\356\205\273DV\210\254\213T\rZ\347""; nodeIDs: ""\000\000\000\000\000\000\000\000\000\000\000\000\000\000\000\000\000\000\000\000\000\000\000\000\000\000\000\000\000\000\000\000\000""; queryType: qtINDIRECT; queryDepth: 3; ","itype: liTS_CANDIDATE; ledgerHash: ""\341\310\354\0213\033\013\350\207z\236R(|z&\034\335\266\323\356\205\273DV\210\254\213T\rZ\347""; nodeIDs: ""\000\000\000\000\000\000\000\000\000\000\000\000\000\000\000\000\000\000\000\000\000\000\000\000\000\000\000\000\000\000\000\000\000""; queryType: qtINDIRECT; queryDepth: 3; "
1750527537002,1750527537003,2523,1,3,2,TMLedgerData,"ledgerHash: ""[\000\302\314\326\214\276@c\240\272\222{\363\314\032\213\311\316\246/\330\302\014>\022\346\234\347\264\270\350""; ledgerSeq: 0; type: liTS_CANDIDATE; nodes {;   nodedata: ""\002i\361\030\371\256\265\036\320\273\013\357<\215/(\215[\231D\357Gd\372\270\316\261\301\342\327\225\241\000GZ\227\022t\201\240u\2324P\027\307M\337'Y\361[IAD\351\374!\232\005\337\376\252\251g\004\003"";   nodeid: ""\000\000\000\000\000\000\000\000\000\000\000\000\000\000\000\000\000\000\000\000\000\000\000\000\000\000\000\000\000\000\000\000\000""; }; ","ledgerHash: ""[\000\302\314\326\214\276@c\240\272\222{\363\314\032\213\311\316\246/\330\302\014>\022\346\234\347\264\270\350""; ledgerSeq: 0; type: liTS_CANDIDATE; nodes {;   nodedata: ""\002i\361\030\371\256\265\036\320\273\013\357<\215/(\215[\231D\357Gd\372\270\316\261\301\342\327\225\241\000GZ\227\022t\201\240u\2324P\027\307M\337'Y\361[IAD\351\374!\232\005\337\376\252\251g\004\003"";   nodeid: ""\000\000\000\000\000\000\000\000\000\000\000\000\000\000\000\000\000\000\000\000\000\000\000\000\000\000\000\000\000\000\000\000\000""; }; "
1750527537012,1750527537012,1968,1,1,2,TMLedgerData,"ledgerHash: ""[\000\302\314\326\214\276@c\240\272\222{\363\314\032\213\311\316\246/\330\302\014>\022\346\234\347\264\270\350""; ledgerSeq: 0; type: liTS_CANDIDATE; nodes {;   nodedata: ""\002i\361\030\371\256\265\036\320\273\013\357<\215/(\215[\231D\357Gd\372\270\316\261\301\342\327\225\241\000GZ\227\022t\201\240u\2324P\027\307M\337'Y\361[IAD\351\374!\232\005\337\376\252\251g\004\003"";   nodeid: ""\000\000\000\000\000\000\000\000\000\000\000\000\000\000\000\000\000\000\000\000\000\000\000\000\000\000\000\000\000\000\000\000\000""; }; ","ledgerHash: ""[\000\302\314\326\214\276@c\240\272\222{\363\314\032\213\311\316\246/\330\302\014>\022\346\234\347\264\270\350""; ledgerSeq: 0; type: liTS_CANDIDATE; nodes {;   nodedata: ""\002i\361\030\371\256\265\036\320\273\013\357<\215/(\215[\231D\357Gd\372\270\316\261\301\342\327\225\241\000GZ\227\022t\201\240u\2324P\027\307M\337'Y\361[IAD\351\374!\232\005\337\376\252\251g\004\003"";   nodeid: ""\000\000\000\000\000\000\000\000\000\000\000\000\000\000\000\000\000\000\000\000\000\000\000\000\000\000\000\000\000\000\000\000\000""; }; "
1750527537027,1750527537027,1769,1,2,1,TMLedgerData,"ledgerHash: ""[\000\302\314\326\214\276@c\240\272\222{\363\314\032\213\311\316\246/\330\302\014>\022\346\234\347\264\270\350""; ledgerSeq: 0; type: liTS_CANDIDATE; nodes {;   nodedata: ""\002i\361\030\371\256\265\036\320\273\013\357<\215/(\215[\231D\357Gd\372\270\316\261\301\342\327\225\241\000GZ\227\022t\201\240u\2324P\027\307M\337'Y\361[IAD\351\374!\232\005\337\376\252\251g\004\003"";   nodeid: ""\000\000\000\000\000\000\000\000\000\000\000\000\000\000\000\000\000\000\000\000\000\000\000\000\000\000\000\000\000\000\000\000\000""; }; ","ledgerHash: ""[\000\302\314\326\214\276@c\240\272\222{\363\314\032\213\311\316\246/\330\302\014>\022\346\234\347\264\270\350""; ledgerSeq: 0; type: liTS_CANDIDATE; nodes {;   nodedata: ""\002i\361\030\371\256\265\036\320\273\013\357<\215/(\215[\231D\357Gd\372\270\316\261\301\342\327\225\241\000GZ\227\022t\201\240u\2324P\027\307M\337'Y\361[IAD\351\374!\232\005\337\376\252\251g\004\003"";   nodeid: ""\000\000\000\000\000\000\000\000\000\000\000\000\000\000\000\000\000\000\000\000\000\000\000\000\000\000\000\000\000\000\000\000\000""; }; "
1750527537035,1750527537035,1813,1,3,1,TMLedgerData,"ledgerHash: ""[\000\302\314\326\214\276@c\240\272\222{\363\314\032\213\311\316\246/\330\302\014>\022\346\234\347\264\270\350""; ledgerSeq: 0; type: liTS_CANDIDATE; nodes {;   nodedata: ""\002i\361\030\371\256\265\036\320\273\013\357<\215/(\215[\231D\357Gd\372\270\316\261\301\342\327\225\241\000GZ\227\022t\201\240u\2324P\027\307M\337'Y\361[IAD\351\374!\232\005\337\376\252\251g\004\003"";   nodeid: ""\000\000\000\000\000\000\000\000\000\000\000\000\000\000\000\000\000\000\000\000\000\000\000\000\000\000\000\000\000\000\000\000\000""; }; ","ledgerHash: ""[\000\302\314\326\214\276@c\240\272\222{\363\314\032\213\311\316\246/\330\302\014>\022\346\234\347\264\270\350""; ledgerSeq: 0; type: liTS_CANDIDATE; nodes {;   nodedata: ""\002i\361\030\371\256\265\036\320\273\013\357<\215/(\215[\231D\357Gd\372\270\316\261\301\342\327\225\241\000GZ\227\022t\201\240u\2324P\027\307M\337'Y\361[IAD\351\374!\232\005\337\376\252\251g\004\003"";   nodeid: ""\000\000\000\000\000\000\000\000\000\000\000\000\000\000\000\000\000\000\000\000\000\000\000\000\000\000\000\000\000\000\000\000\000""; }; "
1750527537039,1750527537040,589,1,2,0,TMGetLedger,"itype: liTS_CANDIDATE; ledgerHash: ""\341\310\354\0213\033\013\350\207z\236R(|z&\034\335\266\323\356\205\273DV\210\254\213T\rZ\347""; nodeIDs: ""\000\000\000\000\000\000\000\000\000\000\000\000\000\000\000\000\000\000\000\000\000\000\000\000\000\000\000\000\000\000\000\000\000""; queryDepth: 3; ","itype: liTS_CANDIDATE; ledgerHash: ""\341\310\354\0213\033\013\350\207z\236R(|z&\034\335\266\323\356\205\273DV\210\254\213T\rZ\347""; nodeIDs: ""\000\000\000\000\000\000\000\000\000\000\000\000\000\000\000\000\000\000\000\000\000\000\000\000\000\000\000\000\000\000\000\000\000""; queryDepth: 3; "
1750527537040,1750527537040,3046,1,2,4,TMProposeSet,"proposeSeq: 0; currentTxHash: ""\341\310\354\0213\033\013\350\207z\236R(|z&\034\335\266\323\356\205\273DV\210\254\213T\rZ\347""; nodePubKey: ""\002\266\377\271\344:\030\221i\267\257\215\237M\014\3345f\014\273|\207\367\334\337F\325\004cxB\211L""; closeTime: 803842735; signature: ""0D\002 x\305/\234\014\017\214\275\331\224Kv\2000=\303\245\340k\020~\2233$\231\333Jg\007\337w3\002 \006\322\257\343\370n]\300\2344\212\026\311;h:y\315\376\235\026\366\240\3646\307\2263\301_\213\356""; previousledger: ""\360\215\2502\265\245\310\226\243c\302Ze\306\253#r\020\211\320iG\276\020E\317\035Sf\223F\254""; ","proposeSeq: 0; currentTxHash: ""\341\310\354\0213\033\013\350\207z\236R(|z&\034\335\266\323\356\205\273DV\210\254\213T\rZ\347""; nodePubKey: ""\002\266\377\271\344:\030\221i\267\257\215\237M\014\3345f\014\273|\207\367\334\337F\325\004cxB\211L""; closeTime: 803842735; signature: ""0D\002 x\305/\234\014\017\214\275\331\224Kv\2000=\303\245\340k\020~\2233$\231\333Jg\007\337w3\002 \006\322\257\343\370n]\300\2344\212\026\311;h:y\315\376\235\026\366\240\3646\307\2263\301_\213\356""; previousledger: ""\360\215\2502\265\245\310\226\243c\302Ze\306\253#r\020\211\320iG\276\020E\317\035Sf\223F\254""; "
1750527537040,1750527537040,4000,1,2,3,TMGetLedger,"itype: liTS_CANDIDATE; ledgerHash: ""\341\310\354\0213\033\013\350\207z\236R(|z&\034\335\266\323\356\205\273DV\210\254\213T\rZ\347""; nodeIDs: ""\000\000\000\000\000\000\000\000\000\000\000\000\000\000\000\000\000\000\000\000\000\000\000\000\000\000\000\000\000\000\000\000\000""; queryDepth: 3; ","itype: liTS_CANDIDATE; ledgerHash: ""\341\310\354\0213\033\013\350\207z\236R(|z&\034\335\266\323\356\205\273DV\210\254\213T\rZ\347""; nodeIDs: ""\000\000\000\000\000\000\000\000\000\000\000\000\000\000\000\000\000\000\000\000\000\000\000\000\000\000\000\000\000\000\000\000\000""; queryDepth: 3; "
1750527537076,1750527537076,1144,1,4,1,TMLedgerData,"ledgerHash: ""[\000\302\314\326\214\276@c\240\272\222{\363\314\032\213\311\316\246/\330\302\014>\022\346\234\347\264\270\350""; ledgerSeq: 0; type: liTS_CANDIDATE; nodes {;   nodedata: ""\002i\361\030\371\256\265\036\320\273\013\357<\215/(\215[\231D\357Gd\372\270\316\261\301\342\327\225\241\000GZ\227\022t\201\240u\2324P\027\307M\337'Y\361[IAD\351\374!\232\005\337\376\252\251g\004\003"";   nodeid: ""\000\000\000\000\000\000\000\000\000\000\000\000\000\000\000\000\000\000\000\000\000\000\000\000\000\000\000\000\000\000\000\000\000""; }; ","ledgerHash: ""[\000\302\314\326\214\276@c\240\272\222{\363\314\032\213\311\316\246/\330\302\014>\022\346\234\347\264\270\350""; ledgerSeq: 0; type: liTS_CANDIDATE; nodes {;   nodedata: ""\002i\361\030\371\256\265\036\320\273\013\357<\215/(\215[\231D\357Gd\372\270\316\261\301\342\327\225\241\000GZ\227\022t\201\240u\2324P\027\307M\337'Y\361[IAD\351\374!\232\005\337\376\252\251g\004\003"";   nodeid: ""\000\000\000\000\000\000\000\000\000\000\000\000\000\000\000\000\000\000\000\000\000\000\000\000\000\000\000\000\000\000\000\000\000""; }; "
1750527537082,1750527537082,1659,1,2,0,TMProposeSet,"proposeSeq: 0; currentTxHash: ""\341\310\354\0213\033\013\350\207z\236R(|z&\034\335\266\323\356\205\273DV\210\254\213T\rZ\347""; nodePubKey: ""\002\266\377\271\344:\030\221i\267\257\215\237M\014\3345f\014\273|\207\367\334\337F\325\004cxB\211L""; closeTime: 803842735; signature: ""0D\002 x\305/\234\014\017\214\275\331\224Kv\2000=\303\245\340k\020~\2233$\231\333Jg\007\337w3\002 \006\322\257\343\370n]\300\2344\212\026\311;h:y\315\376\235\026\366\240\3646\307\2263\301_\213\356""; previousledger: ""\360\215\2502\265\245\310\226\243c\302Ze\306\253#r\020\211\320iG\276\020E\317\035Sf\223F\254""; ","proposeSeq: 0; currentTxHash: ""\341\310\354\0213\033\013\350\207z\236R(|z&\034\335\266\323\356\205\273DV\210\254\213T\rZ\347""; nodePubKey: ""\002\266\377\271\344:\030\221i\267\257\215\237M\014\3345f\014\273|\207\367\334\337F\325\004cxB\211L""; closeTime: 803842735; signature: ""0D\002 x\305/\234\014\017\214\275\331\224Kv\2000=\303\245\340k\020~\2233$\231\333Jg\007\337w3\002 \006\322\257\343\370n]\300\2344\212\026\311;h:y\315\376\235\026\366\240\3646\307\2263\301_\213\356""; previousledger: ""\360\215\2502\265\245\310\226\243c\302Ze\306\253#r\020\211\320iG\276\020E\317\035Sf\223F\254""; "
1750527537083,1750527537083,2523,1,3,2,TMLedgerData,"ledgerHash: ""[\000\302\314\326\214\276@c\240\272\222{\363\314\032\213\311\316\246/\330\302\014>\022\346\234\347\264\270\350""; ledgerSeq: 0; type: liTS_CANDIDATE; nodes {;   nodedata: ""\002i\361\030\371\256\265\036\320\273\013\357<\215/(\215[\231D\357Gd\372\270\316\261\301\342\327\225\241\000GZ\227\022t\201\240u\2324P\027\307M\337'Y\361[IAD\351\374!\232\005\337\376\252\251g\004\003"";   nodeid: ""\000\000\000\000\000\000\000\000\000\000\000\000\000\000\000\000\000\000\000\000\000\000\000\000\000\000\000\000\000\000\000\000\000""; }; requestCookie: 2; ","ledgerHash: ""[\000\302\314\326\214\276@c\240\272\222{\363\314\032\213\311\316\246/\330\302\014>\022\346\234\347\264\270\350""; ledgerSeq: 0; type: liTS_CANDIDATE; nodes {;   nodedata: ""\002i\361\030\371\256\265\036\320\273\013\357<\215/(\215[\231D\357Gd\372\270\316\261\301\342\327\225\241\000GZ\227\022t\201\240u\2324P\027\307M\337'Y\361[IAD\351\374!\232\005\337\376\252\251g\004\003"";   nodeid: ""\000\000\000\000\000\000\000\000\000\000\000\000\000\000\000\000\000\000\000\000\000\000\000\000\000\000\000\000\000\000\000\000\000""; }; requestCookie: 2; "
1750527537086,1750527537086,2762,1,2,3,TMProposeSet,"proposeSeq: 0; currentTxHash: ""\341\310\354\0213\033\013\350\207z\236R(|z&\034\335\266\323\356\205\273DV\210\254\213T\rZ\347""; nodePubKey: ""\002\266\377\271\344:\030\221i\267\257\215\237M\014\3345f\014\273|\207\367\334\337F\325\004cxB\211L""; closeTime: 803842735; signature: ""0D\002 x\305/\234\014\017\214\275\331\224Kv\2000=\303\245\340k\020~\2233$\231\333Jg\007\337w3\002 \006\322\257\343\370n]\300\2344\212\026\311;h:y\315\376\235\026\366\240\3646\307\2263\301_\213\356""; previousledger: ""\360\215\2502\265\245\310\226\243c\302Ze\306\253#r\020\211\320iG\276\020E\317\035Sf\223F\254""; ","proposeSeq: 0; currentTxHash: ""\341\310\354\0213\033\013\350\207z\236R(|z&\034\335\266\323\356\205\273DV\210\254\213T\rZ\347""; nodePubKey: ""\002\266\377\271\344:\030\221i\267\257\215\237M\014\3345f\014\273|\207\367\334\337F\325\004cxB\211L""; closeTime: 803842735; signature: ""0D\002 x\305/\234\014\017\214\275\331\224Kv\2000=\303\245\340k\020~\2233$\231\333Jg\007\337w3\002 \006\322\257\343\370n]\300\2344\212\026\311;h:y\315\376\235\026\366\240\3646\307\2263\301_\213\356""; previousledger: ""\360\215\2502\265\245\310\226\243c\302Ze\306\253#r\020\211\320iG\276\020E\317\035Sf\223F\254""; "
1750527537118,1750527537118,1144,1,4,1,TMLedgerData,"ledgerHash: ""[\000\302\314\326\214\276@c\240\272\222{\363\314\032\213\311\316\246/\330\302\014>\022\346\234\347\264\270\350""; ledgerSeq: 0; type: liTS_CANDIDATE; nodes {;   nodedata: ""\002i\361\030\371\256\265\036\320\273\013\357<\215/(\215[\231D\357Gd\372\270\316\261\301\342\327\225\241\000GZ\227\022t\201\240u\2324P\027\307M\337'Y\361[IAD\351\374!\232\005\337\376\252\251g\004\003"";   nodeid: ""\000\000\000\000\000\000\000\000\000\000\000\000\000\000\000\000\000\000\000\000\000\000\000\000\000\000\000\000\000\000\000\000\000""; }; requestCookie: 3; ","ledgerHash: ""[\000\302\314\326\214\276@c\240\272\222{\363\314\032\213\311\316\246/\330\302\014>\022\346\234\347\264\270\350""; ledgerSeq: 0; type: liTS_CANDIDATE; nodes {;   nodedata: ""\002i\361\030\371\256\265\036\320\273\013\357<\215/(\215[\231D\357Gd\372\270\316\261\301\342\327\225\241\000GZ\227\022t\201\240u\2324P\027\307M\337'Y\361[IAD\351\374!\232\005\337\376\252\251g\004\003"";   nodeid: ""\000\000\000\000\000\000\000\000\000\000\000\000\000\000\000\000\000\000\000\000\000\000\000\000\000\000\000\000\000\000\000\000\000""; }; requestCookie: 3; "
1750527537128,1750527537128,1932,1,4,0,TMGetLedger,"itype: liTS_CANDIDATE; ledgerHash: ""\341\310\354\0213\033\013\350\207z\236R(|z&\034\335\266\323\356\205\273DV\210\254\213T\rZ\347""; nodeIDs: ""\000\000\000\000\000\000\000\000\000\000\000\000\000\000\000\000\000\000\000\000\000\000\000\000\000\000\000\000\000\000\000\000\000""; queryType: qtINDIRECT; queryDepth: 3; ","itype: liTS_CANDIDATE; ledgerHash: ""\341\310\354\0213\033\013\350\207z\236R(|z&\034\335\266\323\356\205\273DV\210\254\213T\rZ\347""; nodeIDs: ""\000\000\000\000\000\000\000\000\000\000\000\000\000\000\000\000\000\000\000\000\000\000\000\000\000\000\000\000\000\000\000\000\000""; queryType: qtINDIRECT; queryDepth: 3; "
1750527537128,1750527537128,2309,1,4,2,TMGetLedger,"itype: liTS_CANDIDATE; ledgerHash: ""\341\310\354\0213\033\013\350\207z\236R(|z&\034\335\266\323\356\205\273DV\210\254\213T\rZ\347""; nodeIDs: ""\000\000\000\000\000\000\000\000\000\000\000\000\000\000\000\000\000\000\000\000\000\000\000\000\000\000\000\000\000\000\000\000\000""; queryType: qtINDIRECT; queryDepth: 3; ","itype: liTS_CANDIDATE; ledgerHash: ""\341\310\354\0213\033\013\350\207z\236R(|z&\034\335\266\323\356\205\273DV\210\254\213T\rZ\347""; nodeIDs: ""\000\000\000\000\000\000\000\000\000\000\000\000\000\000\000\000\000\000\000\000\000\000\000\000\000\000\000\000\000\000\000\000\000""; queryType: qtINDIRECT; queryDepth: 3; "
1750527537128,1750527537128,2101,1,4,1,TMGetLedger,"itype: liTS_CANDIDATE; ledgerHash: ""\341\310\354\0213\033\013\350\207z\236R(|z&\034\335\266\323\356\205\273DV\210\254\213T\rZ\347""; nodeIDs: ""\000\000\000\000\000\000\000\000\000\000\000\000\000\000\000\000\000\000\000\000\000\000\000\000\000\000\000\000\000\000\000\000\000""; queryType: qtINDIRECT; queryDepth: 3; ","itype: liTS_CANDIDATE; ledgerHash: ""\341\310\354\0213\033\013\350\207z\236R(|z&\034\335\266\323\356\205\273DV\210\254\213T\rZ\347""; nodeIDs: ""\000\000\000\000\000\000\000\000\000\000\000\000\000\000\000\000\000\000\000\000\000\000\000\000\000\000\000\000\000\000\000\000\000""; queryType: qtINDIRECT; queryDepth: 3; "
1750527537129,1750527537129,559,1,4,3,TMGetLedger,"itype: liTS_CANDIDATE; ledgerHash: ""\341\310\354\0213\033\013\350\207z\236R(|z&\034\335\266\323\356\205\273DV\210\254\213T\rZ\347""; nodeIDs: ""\000\000\000\000\000\000\000\000\000\000\000\000\000\000\000\000\000\000\000\000\000\000\000\000\000\000\000\000\000\000\000\000\000""; queryType: qtINDIRECT; queryDepth: 3; ","itype: liTS_CANDIDATE; ledgerHash: ""\341\310\354\0213\033\013\350\207z\236R(|z&\034\335\266\323\356\205\273DV\210\254\213T\rZ\347""; nodeIDs: ""\000\000\000\000\000\000\000\000\000\000\000\000\000\000\000\000\000\000\000\000\000\000\000\000\000\000\000\000\000\000\000\000\000""; queryType: qtINDIRECT; queryDepth: 3; "
1750527537130,1750527537130,1212,1,2,4,TMLedgerData,"ledgerHash: ""\310\200l\322\255\214\342'\243\202\375k%_\335\032N\021G\005\230\271\366~%e\366\202l^\rR""; ledgerSeq: 0; type: liTS_CANDIDATE; nodes {;   nodedata: ""GZ\227\022t\201\240u\2324P\027\307M\337'Y\361[IAD\351\374!\232\005\337\376\252\251g\004\003"";   nodeid: ""\000\000\000\000\000\000\000\000\000\000\000\000\000\000\000\000\000\000\000\000\000\000\000\000\000\000\000\000\000\000\000\000\000""; }; ","ledgerHash: ""\310\200l\322\255\214\342'\243\202\375k%_\335\032N\021G\005\230\271\366~%e\366\202l^\rR""; ledgerSeq: 0; type: liTS_CANDIDATE; nodes {;   nodedata: ""GZ\227\022t\201\240u\2324P\027\307M\337'Y\361[IAD\351\374!\232\005\337\376\252\251g\004\003"";   nodeid: ""\000\000\000\000\000\000\000\000\000\000\000\000\000\000\000\000\000\000\000\000\000\000\000\000\000\000\000\000\000\000\000\000\000""; }; "
1750527537140,1750527537140,1131,1,3,0,TMGetLedger,"itype: liTS_CANDIDATE; ledgerHash: ""3\321\n7\354)\tf\006\357\205B<h\272GQ \344\262\236\025#\003\024&\310\034\352\376\326""; nodeIDs: ""\000\000\000\000\000\000\000\000\000\000\000\000\000\000\000\000\000\000\000\000\000\000\000\000\000\000\000\000\000\000\000\000\000""; queryType: qtINDIRECT; queryDepth: 3; ","itype: liTS_CANDIDATE; ledgerHash: ""3\321\n7\354)\tf\006\357\205B<h\272GQ \344\262\236\025#\003\024&\310\034\352\376\326""; nodeIDs: ""\000\000\000\000\000\000\000\000\000\000\000\000\000\000\000\000\000\000\000\000\000\000\000\000\000\000\000\000\000\000\000\000\000""; queryType: qtINDIRECT; queryDepth: 3; "
1750527537141,1750527537141,1019,1,3,4,TMGetLedger,"itype: liTS_CANDIDATE; ledgerHash: ""3\321\n7\354)\tf\006\357\205B<h\272GQ \344\262\236\025#\003\024&\310\034\352\376\326""; nodeIDs: ""\000\000\000\000\000\000\000\000\000\000\000\000\000\000\000\000\000\000\000\000\000\000\000\000\000\000\000\000\000\000\000\000\000""; queryType: qtINDIRECT; queryDepth: 3; ","itype: liTS_CANDIDATE; ledgerHash: ""3\321\n7\354)\tf\006\357\205B<h\272GQ \344\262\236\025#\003\024&\310\034\352\376\326""; nodeIDs: ""\000\000\000\000\000\000\000\000\000\000\000\000\000\000\000\000\000\000\000\000\000\000\000\000\000\000\000\000\000\000\000\000\000""; queryType: qtINDIRECT; queryDepth: 3; "
1750527537141,1750527537141,2794,1,3,2,TMGetLedger,"itype: liTS_CANDIDATE; ledgerHash: ""3\321\n7\354)\tf\006\357\205B<h\272GQ \344\262\236\025#\003\024&\310\034\352\376\326""; nodeIDs: ""\000\000\000\000\000\000\000\000\000\000\000\000\000\000\000\000\000\000\000\000\000\000\000\000\000\000\000\000\000\000\000\000\000""; queryType: qtINDIRECT; queryDepth: 3; ","itype: liTS_CANDIDATE; ledgerHash: ""3\321\n7\354)\tf\006\357\205B<h\272GQ \344\262\236\025#\003\024&\310\034\352\376\326""; nodeIDs: ""\000\000\000\000\000\000\000\000\000\000\000\000\000\000\000\000\000\000\000\000\000\000\000\000\000\000\000\000\000\000\000\000\000""; queryType: qtINDIRECT; queryDepth: 3; "
1750527537141,1750527537141,2079,1,3,1,TMGetLedger,"itype: liTS_CANDIDATE; ledgerHash: ""3\321\n7\354)\tf\006\357\205B<h\272GQ \344\262\236\025#\003\024&\310\034\352\376\326""; nodeIDs: ""\000\000\000\000\000\000\000\000\000\000\000\000\000\000\000\000\000\000\000\000\000\000\000\000\000\000\000\000\000\000\000\000\000""; queryType: qtINDIRECT; queryDepth: 3; ","itype: liTS_CANDIDATE; ledgerHash: ""3\321\n7\354)\tf\006\357\205B<h\272GQ \344\262\236\025#\003\024&\310\034\352\376\326""; nodeIDs: ""\000\000\000\000\000\000\000\000\000\000\000\000\000\000\000\000\000\000\000\000\000\000\000\000\000\000\000\000\000\000\000\000\000""; queryType: qtINDIRECT; queryDepth: 3; "
1750527537163,1750527537163,559,1,4,3,TMGetLedger,"itype: liTS_CANDIDATE; ledgerHash: ""3\321\n7\354)\tf\006\357\205B<h\272GQ \344\262\236\025#\003\024&\310\034\352\376\326""; nodeIDs: ""\000\000\000\000\000\000\000\000\000\000\000\000\000\000\000\000\000\000\000\000\000\000\000\000\000\000\000\000\000\000\000\000\000""; queryType: qtINDIRECT; queryDepth: 3; ","itype: liTS_CANDIDATE; ledgerHash: ""3\321\n7\354)\tf\006\357\205B<h\272GQ \344\262\236\025#\003\024&\310\034\352\376\326""; nodeIDs: ""\000\000\000\000\000\000\000\000\000\000\000\000\000\000\000\000\000\000\000\000\000\000\000\000\000\000\000\000\000\000\000\000\000""; queryType: qtINDIRECT; queryDepth: 3; "
1750527537170,1750527537170,3085,1,3,0,TMLedgerData,"ledgerHash: ""\360\215\2502\265\245\310\226\243c\302Ze\306\253#r\020\211\320iG\276\020E\317\035Sf\223F\254""; ledgerSeq: 6; type: liBASE; nodes {;   nodedata: ""\000\000\000\006\001cEx]\211\377\342\331]\036\237\306o!\223\221\002\324\031\262\240R\177 ,\214\325\Q])\016\2067\277\t\354\010\000\000\000\000\000\000\000\000\000\000\000\000\000\000\000\000\000\000\000\000\000\000\000\000\000\000\000\000\000\000\000\000\000;\\334dC\372\352v(\002\203\271\206-\030\334\035kf\277\307\257KU\317""\352\376\225T~7/\351\252\252/\351\252\253\n\000""; }; nodes {;   nodedata: ""\341\035\262xv\226\317f5\366\365\252a\177\355\302\326\t\222~j\320f\374/ \363\256\257\361 \303\001\301\025%1L\307\t\261\262z\374\222T\301\274V\236\223\262\270Ct\362\337b\356\024*\324\320\351\317\002k\336\234\027v\351\217\260\303\360\233ZPZWr\246$w\313\313\r\243r\232\2234\373\3539:N\004;tP\302\307\005x\n\302lQ\275\237<g\321\233$\274p\355\310J\230\370\306\264\314\367C\275\272\006E\344\037@\210\363\010\336T\226\247'\204_{\261\370""1\235\2445\343\033Y!\212\201\341\272\225'\007\251:\312'v\340W\267\255\263\260Tw\t\325Y\300\315\030\025:a\200\000V\277\320i\330\327I\036\013\003""; }; ","ledgerHash: ""\360\215\2502\265\245\310\226\243c\302Ze\306\253#r\020\211\320iG\276\020E\317\035Sf\223F\254""; ledgerSeq: 6; type: liBASE; nodes {;   nodedata: ""\000\000\000\006\001cEx]\211\377\342\331]\036\237\306o!\223\221\002\324\031\262\240R\177 ,\214\325\Q])\016\2067\277\t\354\010\000\000\000\000\000\000\000\000\000\000\000\000\000\000\000\000\000\000\000\000\000\000\000\000\000\000\000\000\000\000\000\000\000;\\334dC\372\352v(\002\203\271\206-\030\334\035kf\277\307\257KU\317""\352\376\225T~7/\351\252\252/\351\252\253\n\000""; }; nodes {;   nodedata: ""\341\035\262xv\226\317f5\366\365\252a\177\355\302\326\t\222~j\320f\374/ \363\256\257\361 \303\001\301\025%1L\307\t\261\262z\374\222T\301\274V\236\223\262\270Ct\362\337b\356\024*\324\320\351\317\002k\336\234\027v\351\217\260\303\360\233ZPZWr\246$w\313\313\r\243r\232\2234\373\3539:N\004;tP\302\307\005x\n\302lQ\275\237<g\321\233$\274p\355\310J\230\370\306\264\314\367C\275\272\006E\344\037@\210\363\010\336T\226\247'\204_{\261\370""1\235\2445\343\033Y!\212\201\341\272\225'\007\251:\312'v\340W\267\255\263\260Tw\t\325Y\300\315\030\025:a\200\000V\277\320i\330\327I\036\013\003""; }; "
1750527537194,1750527537195,1539,1,4,2,TMLedgerData,"ledgerHash: ""[\000\302\314\326\214\276@c\240\272\222{\363\314\032\213\311\316\246/\330\302\014>\022\346\234\347\264\270\350""; ledgerSeq: 0; type: liTS_CANDIDATE; nodes {;   nodedata: ""\002i\361\030\371\256\265\036\320\273\013\357<\215/(\215[\231D\357Gd\372\270\316\261\301\342\327\225\241\000GZ\227\022t\201\240u\2324P\027\307M\337'Y\361[IAD\351\374!\232\005\337\376\252\251g\004\003"";   nodeid: ""\000\000\000\000\000\000\000\000\000\000\000\000\000\000\000\000\000\000\000\000\000\000\000\000\000\000\000\000\000\000\000\000\000""; }; requestCookie: 4; ","ledgerHash: ""[\000\302\314\326\214\276@c\240\272\222{\363\314\032\213\311\316\246/\330\302\014>\022\346\234\347\264\270\350""; ledgerSeq: 0; type: liTS_CANDIDATE; nodes {;   nodedata: ""\002i\361\030\371\256\265\036\320\273\013\357<\215/(\215[\231D\357Gd\372\270\316\261\301\342\327\225\241\000GZ\227\022t\201\240u\2324P\027\307M\337'Y\361[IAD\351\374!\232\005\337\376\252\251g\004\003"";   nodeid: ""\000\000\000\000\000\000\000\000\000\000\000\000\000\000\000\000\000\000\000\000\000\000\000\000\000\000\000\000\000\000\000\000\000""; }; requestCookie: 4; "
1750527537214,1750527537214,3085,1,3,0,TMLedgerData,"ledgerHash: ""\360\215\2502\265\245\310\226\243c\302Ze\306\253#r\020\211\320iG\276\020E\317\035Sf\223F\254""; ledgerSeq: 6; type: liBASE; nodes {;   nodedata: ""\000\000\000\006\001cEx]\211\377\342\331]\036\237\306o!\223\221\002\324\031\262\240R\177 ,\214\325\Q])\016\2067\277\t\354\010\000\000\000\000\000\000\000\000\000\000\000\000\000\000\000\000\000\000\000\000\000\000\000\000\000\000\000\000\000\000\000\000\000;\\334dC\372\352v(\002\203\271\206-\030\334\035kf\277\307\257KU\317""\352\376\225T~7/\351\252\252/\351\252\253\n\000""; }; nodes {;   nodedata: ""\341\035\262xv\226\317f5\366\365\252a\177\355\302\326\t\222~j\320f\374/ \363\256\257\361 \303\001\301\025%1L\307\t\261\262z\374\222T\301\274V\236\223\262\270Ct\362\337b\356\024*\324\320\351\317\002k\336\234\027v\351\217\260\303\360\233ZPZWr\246$w\313\313\r\243r\232\2234\373\3539:N\004;tP\302\307\005x\n\302lQ\275\237<g\321\233$\274p\355\310J\230\370\306\264\314\367C\275\272\006E\344\037@\210\363\010\336T\226\247'\204_{\261\370""1\235\2445\343\033Y!\212\201\341\272\225'\007\251:\312'v\340W\267\255\263\260Tw\t\325Y\300\315\030\025:a\200\000V\277\320i\330\327I\036\013\003""; }; ","ledgerHash: ""\360\215\2502\265\245\310\226\243c\302Ze\306\253#r\020\211\320iG\276\020E\317\035Sf\223F\254""; ledgerSeq: 6; type: liBASE; nodes {;   nodedata: ""\000\000\000\006\001cEx]\211\377\342\331]\036\237\306o!\223\221\002\324\031\262\240R\177 ,\214\325\Q])\016\2067\277\t\354\010\000\000\000\000\000\000\000\000\000\000\000\000\000\000\000\000\000\000\000\000\000\000\000\000\000\000\000\000\000\000\000\000\000;\\334dC\372\352v(\002\203\271\206-\030\334\035kf\277\307\257KU\317""\352\376\225T~7/\351\252\252/\351\252\253\n\000""; }; nodes {;   nodedata: ""\341\035\262xv\226\317f5\366\365\252a\177\355\302\326\t\222~j\320f\374/ \363\256\257\361 \303\001\301\025%1L\307\t\261\262z\374\222T\301\274V\236\223\262\270Ct\362\337b\356\024*\324\320\351\317\002k\336\234\027v\351\217\260\303\360\233ZPZWr\246$w\313\313\r\243r\232\2234\373\3539:N\004;tP\302\307\005x\n\302lQ\275\237<g\321\233$\274p\355\310J\230\370\306\264\314\367C\275\272\006E\344\037@\210\363\010\336T\226\247'\204_{\261\370""1\235\2445\343\033Y!\212\201\341\272\225'\007\251:\312'v\340W\267\255\263\260Tw\t\325Y\300\315\030\025:a\200\000V\277\320i\330\327I\036\013\003""; }; "
1750527537217,1750527537217,3578,1,1,3,TMLedgerData,"ledgerHash: ""[\000\302\314\326\214\276@c\240\272\222{\363\314\032\213\311\316\246/\330\302\014>\022\346\234\347\264\270\350""; ledgerSeq: 0; type: liTS_CANDIDATE; nodes {;   nodedata: ""\002i\361\030\371\256\265\036\320\273\013\357<\215/(\215[\231D\357Gd\372\270\316\261\301\342\327\225\241\000GZ\227\022t\201\240u\2324P\027\307M\337'Y\361[IAD\351\374!\232\005\337\376\252\251g\004\003"";   nodeid: ""\000\000\000\000\000\000\000\000\000\000\000\000\000\000\000\000\000\000\000\000\000\000\000\000\000\000\000\000\000\000\000\000\000""; }; ","ledgerHash: ""[\000\302\314\326\214\276@c\240\272\222{\363\314\032\213\311\316\246/\330\302\014>\022\346\234\347\264\270\350""; ledgerSeq: 0; type: liTS_CANDIDATE; nodes {;   nodedata: ""\002i\361\030\371\256\265\036\320\273\013\357<\215/(\215[\231D\357Gd\372\270\316\261\301\342\327\225\241\000GZ\227\022t\201\240u\2324P\027\307M\337'Y\361[IAD\351\374!\232\005\337\376\252\251g\004\003"";   nodeid: ""\000\000\000\000\000\000\000\000\000\000\000\000\000\000\000\000\000\000\000\000\000\000\000\000\000\000\000\000\000\000\000\000\000""; }; "
1750527537221,1750527537222,1539,1,4,2,TMLedgerData,"ledgerHash: ""[\000\302\314\326\214\276@c\240\272\222{\363\314\032\213\311\316\246/\330\302\014>\022\346\234\347\264\270\350""; ledgerSeq: 0; type: liTS_CANDIDATE; nodes {;   nodedata: ""\002i\361\030\371\256\265\036\320\273\013\357<\215/(\215[\231D\357Gd\372\270\316\261\301\342\327\225\241\000GZ\227\022t\201\240u\2324P\027\307M\337'Y\361[IAD\351\374!\232\005\337\376\252\251g\004\003"";   nodeid: ""\000\000\000\000\000\000\000\000\000\000\000\000\000\000\000\000\000\000\000\000\000\000\000\000\000\000\000\000\000\000\000\000\000""; }; ","ledgerHash: ""[\000\302\314\326\214\276@c\240\272\222{\363\314\032\213\311\316\246/\330\302\014>\022\346\234\347\264\270\350""; ledgerSeq: 0; type: liTS_CANDIDATE; nodes {;   nodedata: ""\002i\361\030\371\256\265\036\320\273\013\357<\215/(\215[\231D\357Gd\372\270\316\261\301\342\327\225\241\000GZ\227\022t\201\240u\2324P\027\307M\337'Y\361[IAD\351\374!\232\005\337\376\252\251g\004\003"";   nodeid: ""\000\000\000\000\000\000\000\000\000\000\000\000\000\000\000\000\000\000\000\000\000\000\000\000\000\000\000\000\000\000\000\000\000""; }; "
1750527537232,1750527537232,1539,1,4,2,TMLedgerData,"ledgerHash: ""[\000\302\314\326\214\276@c\240\272\222{\363\314\032\213\311\316\246/\330\302\014>\022\346\234\347\264\270\350""; ledgerSeq: 0; type: liTS_CANDIDATE; nodes {;   nodedata: ""\002i\361\030\371\256\265\036\320\273\013\357<\215/(\215[\231D\357Gd\372\270\316\261\301\342\327\225\241\000GZ\227\022t\201\240u\2324P\027\307M\337'Y\361[IAD\351\374!\232\005\337\376\252\251g\004\003"";   nodeid: ""\000\000\000\000\000\000\000\000\000\000\000\000\000\000\000\000\000\000\000\000\000\000\000\000\000\000\000\000\000\000\000\000\000""; }; requestCookie: 3; ","ledgerHash: ""[\000\302\314\326\214\276@c\240\272\222{\363\314\032\213\311\316\246/\330\302\014>\022\346\234\347\264\270\350""; ledgerSeq: 0; type: liTS_CANDIDATE; nodes {;   nodedata: ""\002i\361\030\371\256\265\036\320\273\013\357<\215/(\215[\231D\357Gd\372\270\316\261\301\342\327\225\241\000GZ\227\022t\201\240u\2324P\027\307M\337'Y\361[IAD\351\374!\232\005\337\376\252\251g\004\003"";   nodeid: ""\000\000\000\000\000\000\000\000\000\000\000\000\000\000\000\000\000\000\000\000\000\000\000\000\000\000\000\000\000\000\000\000\000""; }; requestCookie: 3; "
1750527537236,1750527537236,1665,1,2,3,TMLedgerData,"ledgerHash: ""[\000\302\314\326\214\276@c\240\272\222{\363\314\032\213\311\316\246/\330\302\014>\022\346\234\347\264\270\350""; ledgerSeq: 0; type: liTS_CANDIDATE; nodes {;   nodedata: ""\002i\361\030\371\256\265\036\320\273\013\357<\215/(\215[\231D\357Gd\372\270\316\261\301\342\327\225\241\000GZ\227\022t\201\240u\2324P\027\307M\337'Y\361[IAD\351\374!\232\005\337\376\252\251g\004\003"";   nodeid: ""\000\000\000\000\000\000\000\000\000\000\000\000\000\000\000\000\000\000\000\000\000\000\000\000\000\000\000\000\000\000\000\000\000""; }; ","ledgerHash: ""[\000\302\314\326\214\276@c\240\272\222{\363\314\032\213\311\316\246/\330\302\014>\022\346\234\347\264\270\350""; ledgerSeq: 0; type: liTS_CANDIDATE; nodes {;   nodedata: ""\002i\361\030\371\256\265\036\320\273\013\357<\215/(\215[\231D\357Gd\372\270\316\261\301\342\327\225\241\000GZ\227\022t\201\240u\2324P\027\307M\337'Y\361[IAD\351\374!\232\005\337\376\252\251g\004\003"";   nodeid: ""\000\000\000\000\000\000\000\000\000\000\000\000\000\000\000\000\000\000\000\000\000\000\000\000\000\000\000\000\000\000\000\000\000""; }; "
1750527537239,1750527537240,371,1,4,3,TMProposeSet,"proposeSeq: 0; currentTxHash: ""\000\000\000\000\000\000\000\000\000\000\000\000\000\000\000\000\000\000\000\000\000\000\000\000\000\000\000\000\000\000\000\000""; nodePubKey: ""\003\255\225A\213\332\224ehh\024BDq\224\250\335`\355\353{\357\266\335<\021\032\265\177\206\356&\215""; closeTime: 803842734; signature: ""0E\002!\000\237\225\252\002\311\262\221\204\017\364B\252\225\267\005fF\263Z\350\250\333W\273M\275\367]qupU\002 2A?\023\372U\245\031cQ\177C\245\300\322\370@V\300M{\257f<\002U4\207\262\033\366\200""; previousledger: ""\360\215\2502\265\245\310\226\243c\302Ze\306\253#r\020\211\320iG\276\020E\317\035Sf\223F\254""; ","proposeSeq: 0; currentTxHash: ""\000\000\000\000\000\000\000\000\000\000\000\000\000\000\000\000\000\000\000\000\000\000\000\000\000\000\000\000\000\000\000\000""; nodePubKey: ""\003\255\225A\213\332\224ehh\024BDq\224\250\335`\355\353{\357\266\335<\021\032\265\177\206\356&\215""; closeTime: 803842734; signature: ""0E\002!\000\237\225\252\002\311\262\221\204\017\364B\252\225\267\005fF\263Z\350\250\333W\273M\275\367]qupU\002 2A?\023\372U\245\031cQ\177C\245\300\322\370@V\300M{\257f<\002U4\207\262\033\366\200""; previousledger: ""\360\215\2502\265\245\310\226\243c\302Ze\306\253#r\020\211\320iG\276\020E\317\035Sf\223F\254""; "
1750527537240,1750527537240,2972,1,4,0,TMProposeSet,"proposeSeq: 0; currentTxHash: ""\000\000\000\000\000\000\000\000\000\000\000\000\000\000\000\000\000\000\000\000\000\000\000\000\000\000\000\000\000\000\000\000""; nodePubKey: ""\003\255\225A\213\332\224ehh\024BDq\224\250\335`\355\353{\357\266\335<\021\032\265\177\206\356&\215""; closeTime: 803842734; signature: ""0E\002!\000\237\225\252\002\311\262\221\204\017\364B\252\225\267\005fF\263Z\350\250\333W\273M\275\367]qupU\002 2A?\023\372U\245\031cQ\177C\245\300\322\370@V\300M{\257f<\002U4\207\262\033\366\200""; previousledger: ""\360\215\2502\265\245\310\226\243c\302Ze\306\253#r\020\211\320iG\276\020E\317\035Sf\223F\254""; ","proposeSeq: 0; currentTxHash: ""\000\000\000\000\000\000\000\000\000\000\000\000\000\000\000\000\000\000\000\000\000\000\000\000\000\000\000\000\000\000\000\000""; nodePubKey: ""\003\255\225A\213\332\224ehh\024BDq\224\250\335`\355\353{\357\266\335<\021\032\265\177\206\356&\215""; closeTime: 803842734; signature: ""0E\002!\000\237\225\252\002\311\262\221\204\017\364B\252\225\267\005fF\263Z\350\250\333W\273M\275\367]qupU\002 2A?\023\372U\245\031cQ\177C\245\300\322\370@V\300M{\257f<\002U4\207\262\033\366\200""; previousledger: ""\360\215\2502\265\245\310\226\243c\302Ze\306\253#r\020\211\320iG\276\020E\317\035Sf\223F\254""; "
1750527537252,1750527537252,2523,1,3,2,TMLedgerData,"ledgerHash: ""[\000\302\314\326\214\276@c\240\272\222{\363\314\032\213\311\316\246/\330\302\014>\022\346\234\347\264\270\350""; ledgerSeq: 0; type: liTS_CANDIDATE; nodes {;   nodedata: ""\002i\361\030\371\256\265\036\320\273\013\357<\215/(\215[\231D\357Gd\372\270\316\261\301\342\327\225\241\000GZ\227\022t\201\240u\2324P\027\307M\337'Y\361[IAD\351\374!\232\005\337\376\252\251g\004\003"";   nodeid: ""\000\000\000\000\000\000\000\000\000\000\000\000\000\000\000\000\000\000\000\000\000\000\000\000\000\000\000\000\000\000\000\000\000""; }; ","ledgerHash: ""[\000\302\314\326\214\276@c\240\272\222{\363\314\032\213\311\316\246/\330\302\014>\022\346\234\347\264\270\350""; ledgerSeq: 0; type: liTS_CANDIDATE; nodes {;   nodedata: ""\002i\361\030\371\256\265\036\320\273\013\357<\215/(\215[\231D\357Gd\372\270\316\261\301\342\327\225\241\000GZ\227\022t\201\240u\2324P\027\307M\337'Y\361[IAD\351\374!\232\005\337\376\252\251g\004\003"";   nodeid: ""\000\000\000\000\000\000\000\000\000\000\000\000\000\000\000\000\000\000\000\000\000\000\000\000\000\000\000\000\000\000\000\000\000""; }; "
1750527537264,1750527537264,1968,1,1,2,TMLedgerData,"ledgerHash: ""[\000\302\314\326\214\276@c\240\272\222{\363\314\032\213\311\316\246/\330\302\014>\022\346\234\347\264\270\350""; ledgerSeq: 0; type: liTS_CANDIDATE; nodes {;   nodedata: ""\002i\361\030\371\256\265\036\320\273\013\357<\215/(\215[\231D\357Gd\372\270\316\261\301\342\327\225\241\000GZ\227\022t\201\240u\2324P\027\307M\337'Y\361[IAD\351\374!\232\005\337\376\252\251g\004\003"";   nodeid: ""\000\000\000\000\000\000\000\000\000\000\000\000\000\000\000\000\000\000\000\000\000\000\000\000\000\000\000\000\000\000\000\000\000""; }; ","ledgerHash: ""[\000\302\314\326\214\276@c\240\272\222{\363\314\032\213\311\316\246/\330\302\014>\022\346\234\347\264\270\350""; ledgerSeq: 0; type: liTS_CANDIDATE; nodes {;   nodedata: ""\002i\361\030\371\256\265\036\320\273\013\357<\215/(\215[\231D\357Gd\372\270\316\261\301\342\327\225\241\000GZ\227\022t\201\240u\2324P\027\307M\337'Y\361[IAD\351\374!\232\005\337\376\252\251g\004\003"";   nodeid: ""\000\000\000\000\000\000\000\000\000\000\000\000\000\000\000\000\000\000\000\000\000\000\000\000\000\000\000\000\000\000\000\000\000""; }; "
1750527537274,1750527537274,2441,1,4,2,TMProposeSet,"proposeSeq: 0; currentTxHash: ""\000\000\000\000\000\000\000\000\000\000\000\000\000\000\000\000\000\000\000\000\000\000\000\000\000\000\000\000\000\000\000\000""; nodePubKey: ""\003\255\225A\213\332\224ehh\024BDq\224\250\335`\355\353{\357\266\335<\021\032\265\177\206\356&\215""; closeTime: 803842734; signature: ""0E\002!\000\237\225\252\002\311\262\221\204\017\364B\252\225\267\005fF\263Z\350\250\333W\273M\275\367]qupU\002 2A?\023\372U\245\031cQ\177C\245\300\322\370@V\300M{\257f<\002U4\207\262\033\366\200""; previousledger: ""\360\215\2502\265\245\310\226\243c\302Ze\306\253#r\020\211\320iG\276\020E\317\035Sf\223F\254""; ","proposeSeq: 0; currentTxHash: ""\000\000\000\000\000\000\000\000\000\000\000\000\000\000\000\000\000\000\000\000\000\000\000\000\000\000\000\000\000\000\000\000""; nodePubKey: ""\003\255\225A\213\332\224ehh\024BDq\224\250\335`\355\353{\357\266\335<\021\032\265\177\206\356&\215""; closeTime: 803842734; signature: ""0E\002!\000\237\225\252\002\311\262\221\204\017\364B\252\225\267\005fF\263Z\350\250\333W\273M\275\367]qupU\002 2A?\023\372U\245\031cQ\177C\245\300\322\370@V\300M{\257f<\002U4\207\262\033\366\200""; previousledger: ""\360\215\2502\265\245\310\226\243c\302Ze\306\253#r\020\211\320iG\276\020E\317\035Sf\223F\254""; "
1750527537284,1750527537284,1813,1,3,1,TMLedgerData,"ledgerHash: ""[\000\302\314\326\214\276@c\240\272\222{\363\314\032\213\311\316\246/\330\302\014>\022\346\234\347\264\270\350""; ledgerSeq: 0; type: liTS_CANDIDATE; nodes {;   nodedata: ""\002i\361\030\371\256\265\036\320\273\013\357<\215/(\215[\231D\357Gd\372\270\316\261\301\342\327\225\241\000GZ\227\022t\201\240u\2324P\027\307M\337'Y\361[IAD\351\374!\232\005\337\376\252\251g\004\003"";   nodeid: ""\000\000\000\000\000\000\000\000\000\000\000\000\000\000\000\000\000\000\000\000\000\000\000\000\000\000\000\000\000\000\000\000\000""; }; ","ledgerHash: ""[\000\302\314\326\214\276@c\240\272\222{\363\314\032\213\311\316\246/\330\302\014>\022\346\234\347\264\270\350""; ledgerSeq: 0; type: liTS_CANDIDATE; nodes {;   nodedata: ""\002i\361\030\371\256\265\036\320\273\013\357<\215/(\215[\231D\357Gd\372\270\316\261\301\342\327\225\241\000GZ\227\022t\201\240u\2324P\027\307M\337'Y\361[IAD\351\374!\232\005\337\376\252\251g\004\003"";   nodeid: ""\000\000\000\000\000\000\000\000\000\000\000\000\000\000\000\000\000\000\000\000\000\000\000\000\000\000\000\000\000\000\000\000\000""; }; "
1750527537289,1750527537290,1544,1,2,1,TMGetLedger,"itype: liTS_CANDIDATE; ledgerHash: ""\341\310\354\0213\033\013\350\207z\236R(|z&\034\335\266\323\356\205\273DV\210\254\213T\rZ\347""; nodeIDs: ""\000\000\000\000\000\000\000\000\000\000\000\000\000\000\000\000\000\000\000\000\000\000\000\000\000\000\000\000\000\000\000\000\000""; queryType: qtINDIRECT; queryDepth: 3; ","itype: liTS_CANDIDATE; ledgerHash: ""\341\310\354\0213\033\013\350\207z\236R(|z&\034\335\266\323\356\205\273DV\210\254\213T\rZ\347""; nodeIDs: ""\000\000\000\000\000\000\000\000\000\000\000\000\000\000\000\000\000\000\000\000\000\000\000\000\000\000\000\000\000\000\000\000\000""; queryType: qtINDIRECT; queryDepth: 3; "
1750527537303,1750527537303,1539,1,4,2,TMLedgerData,"ledgerHash: ""[\000\302\314\326\214\276@c\240\272\222{\363\314\032\213\311\316\246/\330\302\014>\022\346\234\347\264\270\350""; ledgerSeq: 0; type: liTS_CANDIDATE; nodes {;   nodedata: ""\002i\361\030\371\256\265\036\320\273\013\357<\215/(\215[\231D\357Gd\372\270\316\261\301\342\327\225\241\000GZ\227\022t\201\240u\2324P\027\307M\337'Y\361[IAD\351\374!\232\005\337\376\252\251g\004\003"";   nodeid: ""\000\000\000\000\000\000\000\000\000\000\000\000\000\000\000\000\000\000\000\000\000\000\000\000\000\000\000\000\000\000\000\000\000""; }; requestCookie: 2; ","ledgerHash: ""[\000\302\314\326\214\276@c\240\272\222{\363\314\032\213\311\316\246/\330\302\014>\022\346\234\347\264\270\350""; ledgerSeq: 0; type: liTS_CANDIDATE; nodes {;   nodedata: ""\002i\361\030\371\256\265\036\320\273\013\357<\215/(\215[\231D\357Gd\372\270\316\261\301\342\327\225\241\000GZ\227\022t\201\240u\2324P\027\307M\337'Y\361[IAD\351\374!\232\005\337\376\252\251g\004\003"";   nodeid: ""\000\000\000\000\000\000\000\000\000\000\000\000\000\000\000\000\000\000\000\000\000\000\000\000\000\000\000\000\000\000\000\000\000""; }; requestCookie: 2; "
1750527537317,1750527537317,1144,1,4,1,TMLedgerData,"ledgerHash: ""[\000\302\314\326\214\276@c\240\272\222{\363\314\032\213\311\316\246/\330\302\014>\022\346\234\347\264\270\350""; ledgerSeq: 0; type: liTS_CANDIDATE; nodes {;   nodedata: ""\002i\361\030\371\256\265\036\320\273\013\357<\215/(\215[\231D\357Gd\372\270\316\261\301\342\327\225\241\000GZ\227\022t\201\240u\2324P\027\307M\337'Y\361[IAD\351\374!\232\005\337\376\252\251g\004\003"";   nodeid: ""\000\000\000\000\000\000\000\000\000\000\000\000\000\000\000\000\000\000\000\000\000\000\000\000\000\000\000\000\000\000\000\000\000""; }; requestCookie: 2; ","ledgerHash: ""[\000\302\314\326\214\276@c\240\272\222{\363\314\032\213\311\316\246/\330\302\014>\022\346\234\347\264\270\350""; ledgerSeq: 0; type: liTS_CANDIDATE; nodes {;   nodedata: ""\002i\361\030\371\256\265\036\320\273\013\357<\215/(\215[\231D\357Gd\372\270\316\261\301\342\327\225\241\000GZ\227\022t\201\240u\2324P\027\307M\337'Y\361[IAD\351\374!\232\005\337\376\252\251g\004\003"";   nodeid: ""\000\000\000\000\000\000\000\000\000\000\000\000\000\000\000\000\000\000\000\000\000\000\000\000\000\000\000\000\000\000\000\000\000""; }; requestCookie: 2; "
1750527537326,1750527537326,1144,1,4,1,TMLedgerData,"ledgerHash: ""[\000\302\314\326\214\276@c\240\272\222{\363\314\032\213\311\316\246/\330\302\014>\022\346\234\347\264\270\350""; ledgerSeq: 0; type: liTS_CANDIDATE; nodes {;   nodedata: ""\002i\361\030\371\256\265\036\320\273\013\357<\215/(\215[\231D\357Gd\372\270\316\261\301\342\327\225\241\000GZ\227\022t\201\240u\2324P\027\307M\337'Y\361[IAD\351\374!\232\005\337\376\252\251g\004\003"";   nodeid: ""\000\000\000\000\000\000\000\000\000\000\000\000\000\000\000\000\000\000\000\000\000\000\000\000\000\000\000\000\000\000\000\000\000""; }; ","ledgerHash: ""[\000\302\314\326\214\276@c\240\272\222{\363\314\032\213\311\316\246/\330\302\014>\022\346\234\347\264\270\350""; ledgerSeq: 0; type: liTS_CANDIDATE; nodes {;   nodedata: ""\002i\361\030\371\256\265\036\320\273\013\357<\215/(\215[\231D\357Gd\372\270\316\261\301\342\327\225\241\000GZ\227\022t\201\240u\2324P\027\307M\337'Y\361[IAD\351\374!\232\005\337\376\252\251g\004\003"";   nodeid: ""\000\000\000\000\000\000\000\000\000\000\000\000\000\000\000\000\000\000\000\000\000\000\000\000\000\000\000\000\000\000\000\000\000""; }; "
1750527537335,1750527537335,2523,1,3,2,TMLedgerData,"ledgerHash: ""[\000\302\314\326\214\276@c\240\272\222{\363\314\032\213\311\316\246/\330\302\014>\022\346\234\347\264\270\350""; ledgerSeq: 0; type: liTS_CANDIDATE; nodes {;   nodedata: ""\002i\361\030\371\256\265\036\320\273\013\357<\215/(\215[\231D\357Gd\372\270\316\261\301\342\327\225\241\000GZ\227\022t\201\240u\2324P\027\307M\337'Y\361[IAD\351\374!\232\005\337\376\252\251g\004\003"";   nodeid: ""\000\000\000\000\000\000\000\000\000\000\000\000\000\000\000\000\000\000\000\000\000\000\000\000\000\000\000\000\000\000\000\000\000""; }; requestCookie: 2; ","ledgerHash: ""[\000\302\314\326\214\276@c\240\272\222{\363\314\032\213\311\316\246/\330\302\014>\022\346\234\347\264\270\350""; ledgerSeq: 0; type: liTS_CANDIDATE; nodes {;   nodedata: ""\002i\361\030\371\256\265\036\320\273\013\357<\215/(\215[\231D\357Gd\372\270\316\261\301\342\327\225\241\000GZ\227\022t\201\240u\2324P\027\307M\337'Y\361[IAD\351\374!\232\005\337\376\252\251g\004\003"";   nodeid: ""\000\000\000\000\000\000\000\000\000\000\000\000\000\000\000\000\000\000\000\000\000\000\000\000\000\000\000\000\000\000\000\000\000""; }; requestCookie: 2; "
1750527537356,1750527537356,1144,1,4,1,TMLedgerData,"ledgerHash: ""[\000\302\314\326\214\276@c\240\272\222{\363\314\032\213\311\316\246/\330\302\014>\022\346\234\347\264\270\350""; ledgerSeq: 0; type: liTS_CANDIDATE; nodes {;   nodedata: ""\002i\361\030\371\256\265\036\320\273\013\357<\215/(\215[\231D\357Gd\372\270\316\261\301\342\327\225\241\000GZ\227\022t\201\240u\2324P\027\307M\337'Y\361[IAD\351\374!\232\005\337\376\252\251g\004\003"";   nodeid: ""\000\000\000\000\000\000\000\000\000\000\000\000\000\000\000\000\000\000\000\000\000\000\000\000\000\000\000\000\000\000\000\000\000""; }; requestCookie: 3; ","ledgerHash: ""[\000\302\314\326\214\276@c\240\272\222{\363\314\032\213\311\316\246/\330\302\014>\022\346\234\347\264\270\350""; ledgerSeq: 0; type: liTS_CANDIDATE; nodes {;   nodedata: ""\002i\361\030\371\256\265\036\320\273\013\357<\215/(\215[\231D\357Gd\372\270\316\261\301\342\327\225\241\000GZ\227\022t\201\240u\2324P\027\307M\337'Y\361[IAD\351\374!\232\005\337\376\252\251g\004\003"";   nodeid: ""\000\000\000\000\000\000\000\000\000\000\000\000\000\000\000\000\000\000\000\000\000\000\000\000\000\000\000\000\000\000\000\000\000""; }; requestCookie: 3; "
1750527537378,1750527537378,1932,1,4,0,TMGetLedger,"itype: liTS_CANDIDATE; ledgerHash: ""\341\310\354\0213\033\013\350\207z\236R(|z&\034\335\266\323\356\205\273DV\210\254\213T\rZ\347""; nodeIDs: ""\000\000\000\000\000\000\000\000\000\000\000\000\000\000\000\000\000\000\000\000\000\000\000\000\000\000\000\000\000\000\000\000\000""; queryType: qtINDIRECT; queryDepth: 3; ","itype: liTS_CANDIDATE; ledgerHash: ""\341\310\354\0213\033\013\350\207z\236R(|z&\034\335\266\323\356\205\273DV\210\254\213T\rZ\347""; nodeIDs: ""\000\000\000\000\000\000\000\000\000\000\000\000\000\000\000\000\000\000\000\000\000\000\000\000\000\000\000\000\000\000\000\000\000""; queryType: qtINDIRECT; queryDepth: 3; "
1750527537378,1750527537378,559,1,4,3,TMGetLedger,"itype: liTS_CANDIDATE; ledgerHash: ""\341\310\354\0213\033\013\350\207z\236R(|z&\034\335\266\323\356\205\273DV\210\254\213T\rZ\347""; nodeIDs: ""\000\000\000\000\000\000\000\000\000\000\000\000\000\000\000\000\000\000\000\000\000\000\000\000\000\000\000\000\000\000\000\000\000""; queryType: qtINDIRECT; queryDepth: 3; ","itype: liTS_CANDIDATE; ledgerHash: ""\341\310\354\0213\033\013\350\207z\236R(|z&\034\335\266\323\356\205\273DV\210\254\213T\rZ\347""; nodeIDs: ""\000\000\000\000\000\000\000\000\000\000\000\000\000\000\000\000\000\000\000\000\000\000\000\000\000\000\000\000\000\000\000\000\000""; queryType: qtINDIRECT; queryDepth: 3; "
1750527537378,1750527537379,2309,1,4,2,TMGetLedger,"itype: liTS_CANDIDATE; ledgerHash: ""\341\310\354\0213\033\013\350\207z\236R(|z&\034\335\266\323\356\205\273DV\210\254\213T\rZ\347""; nodeIDs: ""\000\000\000\000\000\000\000\000\000\000\000\000\000\000\000\000\000\000\000\000\000\000\000\000\000\000\000\000\000\000\000\000\000""; queryType: qtINDIRECT; queryDepth: 3; ","itype: liTS_CANDIDATE; ledgerHash: ""\341\310\354\0213\033\013\350\207z\236R(|z&\034\335\266\323\356\205\273DV\210\254\213T\rZ\347""; nodeIDs: ""\000\000\000\000\000\000\000\000\000\000\000\000\000\000\000\000\000\000\000\000\000\000\000\000\000\000\000\000\000\000\000\000\000""; queryType: qtINDIRECT; queryDepth: 3; "
1750527537390,1750527537390,2079,1,3,1,TMGetLedger,"itype: liTS_CANDIDATE; ledgerHash: ""3\321\n7\354)\tf\006\357\205B<h\272GQ \344\262\236\025#\003\024&\310\034\352\376\326""; nodeIDs: ""\000\000\000\000\000\000\000\000\000\000\000\000\000\000\000\000\000\000\000\000\000\000\000\000\000\000\000\000\000\000\000\000\000""; queryType: qtINDIRECT; queryDepth: 3; ","itype: liTS_CANDIDATE; ledgerHash: ""3\321\n7\354)\tf\006\357\205B<h\272GQ \344\262\236\025#\003\024&\310\034\352\376\326""; nodeIDs: ""\000\000\000\000\000\000\000\000\000\000\000\000\000\000\000\000\000\000\000\000\000\000\000\000\000\000\000\000\000\000\000\000\000""; queryType: qtINDIRECT; queryDepth: 3; "
1750527537390,1750527537390,1131,1,3,0,TMGetLedger,"itype: liTS_CANDIDATE; ledgerHash: ""3\321\n7\354)\tf\006\357\205B<h\272GQ \344\262\236\025#\003\024&\310\034\352\376\326""; nodeIDs: ""\000\000\000\000\000\000\000\000\000\000\000\000\000\000\000\000\000\000\000\000\000\000\000\000\000\000\000\000\000\000\000\000\000""; queryType: qtINDIRECT; queryDepth: 3; ","itype: liTS_CANDIDATE; ledgerHash: ""3\321\n7\354)\tf\006\357\205B<h\272GQ \344\262\236\025#\003\024&\310\034\352\376\326""; nodeIDs: ""\000\000\000\000\000\000\000\000\000\000\000\000\000\000\000\000\000\000\000\000\000\000\000\000\000\000\000\000\000\000\000\000\000""; queryType: qtINDIRECT; queryDepth: 3; "
1750527537391,1750527537391,2794,1,3,2,TMGetLedger,"itype: liTS_CANDIDATE; ledgerHash: ""3\321\n7\354)\tf\006\357\205B<h\272GQ \344\262\236\025#\003\024&\310\034\352\376\326""; nodeIDs: ""\000\000\000\000\000\000\000\000\000\000\000\000\000\000\000\000\000\000\000\000\000\000\000\000\000\000\000\000\000\000\000\000\000""; queryType: qtINDIRECT; queryDepth: 3; ","itype: liTS_CANDIDATE; ledgerHash: ""3\321\n7\354)\tf\006\357\205B<h\272GQ \344\262\236\025#\003\024&\310\034\352\376\326""; nodeIDs: ""\000\000\000\000\000\000\000\000\000\000\000\000\000\000\000\000\000\000\000\000\000\000\000\000\000\000\000\000\000\000\000\000\000""; queryType: qtINDIRECT; queryDepth: 3; "
1750527537391,1750527537391,1019,1,3,4,TMGetLedger,"itype: liTS_CANDIDATE; ledgerHash: ""3\321\n7\354)\tf\006\357\205B<h\272GQ \344\262\236\025#\003\024&\310\034\352\376\326""; nodeIDs: ""\000\000\000\000\000\000\000\000\000\000\000\000\000\000\000\000\000\000\000\000\000\000\000\000\000\000\000\000\000\000\000\000\000""; queryType: qtINDIRECT; queryDepth: 3; ","itype: liTS_CANDIDATE; ledgerHash: ""3\321\n7\354)\tf\006\357\205B<h\272GQ \344\262\236\025#\003\024&\310\034\352\376\326""; nodeIDs: ""\000\000\000\000\000\000\000\000\000\000\000\000\000\000\000\000\000\000\000\000\000\000\000\000\000\000\000\000\000\000\000\000\000""; queryType: qtINDIRECT; queryDepth: 3; "
1750527537398,1750527537398,2101,1,4,1,TMGetLedger,"itype: liTS_CANDIDATE; ledgerHash: ""\341\310\354\0213\033\013\350\207z\236R(|z&\034\335\266\323\356\205\273DV\210\254\213T\rZ\347""; nodeIDs: ""\000\000\000\000\000\000\000\000\000\000\000\000\000\000\000\000\000\000\000\000\000\000\000\000\000\000\000\000\000\000\000\000\000""; queryType: qtINDIRECT; queryDepth: 3; ","itype: liTS_CANDIDATE; ledgerHash: ""\341\310\354\0213\033\013\350\207z\236R(|z&\034\335\266\323\356\205\273DV\210\254\213T\rZ\347""; nodeIDs: ""\000\000\000\000\000\000\000\000\000\000\000\000\000\000\000\000\000\000\000\000\000\000\000\000\000\000\000\000\000\000\000\000\000""; queryType: qtINDIRECT; queryDepth: 3; "
1750527537410,1750527537410,598,1,3,4,TMStatusChange,"newEvent: neACCEPTED_LEDGER; ledgerSeq: 7; ledgerHash: ""\033@\177e\277\016\010u\327\371&\262\312\317Q\2361t\377x\234\001v\003%\030\325_\225g\204\346""; ledgerHashPrevious: ""\360\215\2502\265\245\310\226\243c\302Ze\306\253#r\020\211\320iG\276\020E\317\035Sf\223F\254""; networkTime: 803842737; firstSeq: 1; lastSeq: 6; ","newEvent: neACCEPTED_LEDGER; ledgerSeq: 7; ledgerHash: ""\033@\177e\277\016\010u\327\371&\262\312\317Q\2361t\377x\234\001v\003%\030\325_\225g\204\346""; ledgerHashPrevious: ""\360\215\2502\265\245\310\226\243c\302Ze\306\253#r\020\211\320iG\276\020E\317\035Sf\223F\254""; networkTime: 803842737; firstSeq: 1; lastSeq: 6; "
1750527537411,1750527537411,860,1,1,0,TMLedgerData,"ledgerHash: ""\360\215\2502\265\245\310\226\243c\302Ze\306\253#r\020\211\320iG\276\020E\317\035Sf\223F\254""; ledgerSeq: 6; type: liBASE; nodes {;   nodedata: ""\000\000\000\006\001cEx]\211\377\342\331]\036\237\306o!\223\221\002\324\031\262\240R\177 ,\214\325\Q])\016\2067\277\t\354\010\000\000\000\000\000\000\000\000\000\000\000\000\000\000\000\000\000\000\000\000\000\000\000\000\000\000\000\000\000\000\000\000\000;\\334dC\372\352v(\002\203\271\206-\030\334\035kf\277\307\257KU\317""\352\376\225T~7/\351\252\252/\351\252\253\n\000""; }; nodes {;   nodedata: ""\341\035\262xv\226\317f5\366\365\252a\177\355\302\326\t\222~j\320f\374/ \363\256\257\361 \303\001\301\025%1L\307\t\261\262z\374\222T\301\274V\236\223\262\270Ct\362\337b\356\024*\324\320\351\317\002k\336\234\027v\351\217\260\303\360\233ZPZWr\246$w\313\313\r\243r\232\2234\373\3539:N\004;tP\302\307\005x\n\302lQ\275\237<g\321\233$\274p\355\310J\230\370\306\264\314\367C\275\272\006E\344\037@\210\363\010\336T\226\247'\204_{\261\370""1\235\2445\343\033Y!\212\201\341\272\225'\007\251:\312'v\340W\267\255\263\260Tw\t\325Y\300\315\030\025:a\200\000V\277\320i\330\327I\036\013\003""; }; ","ledgerHash: ""\360\215\2502\265\245\310\226\243c\302Ze\306\253#r\020\211\320iG\276\020E\317\035Sf\223F\254""; ledgerSeq: 6; type: liBASE; nodes {;   nodedata: ""\000\000\000\006\001cEx]\211\377\342\331]\036\237\306o!\223\221\002\324\031\262\240R\177 ,\214\325\Q])\016\2067\277\t\354\010\000\000\000\000\000\000\000\000\000\000\000\000\000\000\000\000\000\000\000\000\000\000\000\000\000\000\000\000\000\000\000\000\000;\\334dC\372\352v(\002\203\271\206-\030\334\035kf\277\307\257KU\317""\352\376\225T~7/\351\252\252/\351\252\253\n\000""; }; nodes {;   nodedata: ""\341\035\262xv\226\317f5\366\365\252a\177\355\302\326\t\222~j\320f\374/ \363\256\257\361 \303\001\301\025%1L\307\t\261\262z\374\222T\301\274V\236\223\262\270Ct\362\337b\356\024*\324\320\351\317\002k\336\234\027v\351\217\260\303\360\233ZPZWr\246$w\313\313\r\243r\232\2234\373\3539:N\004;tP\302\307\005x\n\302lQ\275\237<g\321\233$\274p\355\310J\230\370\306\264\314\367C\275\272\006E\344\037@\210\363\010\336T\226\247'\204_{\261\370""1\235\2445\343\033Y!\212\201\341\272\225'\007\251:\312'v\340W\267\255\263\260Tw\t\325Y\300\315\030\025:a\200\000V\277\320i\330\327I\036\013\003""; }; "
1750527537413,1750527537413,3991,1,3,0,TMStatusChange,"newEvent: neACCEPTED_LEDGER; ledgerSeq: 7; ledgerHash: ""\033@\177e\277\016\010u\327\371&\262\312\317Q\2361t\377x\234\001v\003%\030\325_\225g\204\346""; ledgerHashPrevious: ""\360\215\2502\265\245\310\226\243c\302Ze\306\253#r\020\211\320iG\276\020E\317\035Sf\223F\254""; networkTime: 803842737; firstSeq: 1; lastSeq: 6; ","newEvent: neACCEPTED_LEDGER; ledgerSeq: 7; ledgerHash: ""\033@\177e\277\016\010u\327\371&\262\312\317Q\2361t\377x\234\001v\003%\030\325_\225g\204\346""; ledgerHashPrevious: ""\360\215\2502\265\245\310\226\243c\302Ze\306\253#r\020\211\320iG\276\020E\317\035Sf\223F\254""; networkTime: 803842737; firstSeq: 1; lastSeq: 6; "
1750527537412,1750527537412,860,1,1,0,TMLedgerData,"ledgerHash: ""\360\215\2502\265\245\310\226\243c\302Ze\306\253#r\020\211\320iG\276\020E\317\035Sf\223F\254""; ledgerSeq: 6; type: liBASE; nodes {;   nodedata: ""\000\000\000\006\001cEx]\211\377\342\331]\036\237\306o!\223\221\002\324\031\262\240R\177 ,\214\325\Q])\016\2067\277\t\354\010\000\000\000\000\000\000\000\000\000\000\000\000\000\000\000\000\000\000\000\000\000\000\000\000\000\000\000\000\000\000\000\000\000;\\334dC\372\352v(\002\203\271\206-\030\334\035kf\277\307\257KU\317""\352\376\225T~7/\351\252\252/\351\252\253\n\000""; }; nodes {;   nodedata: ""\341\035\262xv\226\317f5\366\365\252a\177\355\302\326\t\222~j\320f\374/ \363\256\257\361 \303\001\301\025%1L\307\t\261\262z\374\222T\301\274V\236\223\262\270Ct\362\337b\356\024*\324\320\351\317\002k\336\234\027v\351\217\260\303\360\233ZPZWr\246$w\313\313\r\243r\232\2234\373\3539:N\004;tP\302\307\005x\n\302lQ\275\237<g\321\233$\274p\355\310J\230\370\306\264\314\367C\275\272\006E\344\037@\210\363\010\336T\226\247'\204_{\261\370""1\235\2445\343\033Y!\212\201\341\272\225'\007\251:\312'v\340W\267\255\263\260Tw\t\325Y\300\315\030\025:a\200\000V\277\320i\330\327I\036\013\003""; }; ","ledgerHash: ""\360\215\2502\265\245\310\226\243c\302Ze\306\253#r\020\211\320iG\276\020E\317\035Sf\223F\254""; ledgerSeq: 6; type: liBASE; nodes {;   nodedata: ""\000\000\000\006\001cEx]\211\377\342\331]\036\237\306o!\223\221\002\324\031\262\240R\177 ,\214\325\Q])\016\2067\277\t\354\010\000\000\000\000\000\000\000\000\000\000\000\000\000\000\000\000\000\000\000\000\000\000\000\000\000\000\000\000\000\000\000\000\000;\\334dC\372\352v(\002\203\271\206-\030\334\035kf\277\307\257KU\317""\352\376\225T~7/\351\252\252/\351\252\253\n\000""; }; nodes {;   nodedata: ""\341\035\262xv\226\317f5\366\365\252a\177\355\302\326\t\222~j\320f\374/ \363\256\257\361 \303\001\301\025%1L\307\t\261\262z\374\222T\301\274V\236\223\262\270Ct\362\337b\356\024*\324\320\351\317\002k\336\234\027v\351\217\260\303\360\233ZPZWr\246$w\313\313\r\243r\232\2234\373\3539:N\004;tP\302\307\005x\n\302lQ\275\237<g\321\233$\274p\355\310J\230\370\306\264\314\367C\275\272\006E\344\037@\210\363\010\336T\226\247'\204_{\261\370""1\235\2445\343\033Y!\212\201\341\272\225'\007\251:\312'v\340W\267\255\263\260Tw\t\325Y\300\315\030\025:a\200\000V\277\320i\330\327I\036\013\003""; }; "
1750527537412,1750527537413,1777,1,3,0,TMValidation,"validation: """"\200\000\000\001&\000\000\000\007)/\351\252\261:p\210\265\307-\212\200\004Q\033@\177e\277\016\010u\327\371&\262\312\317Q\2361t\377x\234\001v\003%\030\325_\225g\204\346P\027\363\262\310\025\251\261\276X\247\260J\221\345\357\037\231)|\321K\000\\326E\004\377\005\255""A?\250P\031\360\215\2502\265\245\310\226\243c\302Ze\306\253#r\020\211\320iG\276\020E\317\035Sf\223F\254s!\002\364d\217\366\217|\316F\232\231\241\n\261\333`\312O\367\235\025DD\336e\367\n\312\326\221\037\025\230vG0E\002!\000\216\326""\204\002,\317\244\026G\025Ut\273rs6K\330\375\326~\035\001q0\023\210-/f#\002 '\035o\205\030\010\013\036\360+\231\365\333!\254Yg3X\251@\301|r\252bB&\261\341\2410""; ","validation: """"\200\000\000\001&\000\000\000\007)/\351\252\261:p\210\265\307-\212\200\004Q\033@\177e\277\016\010u\327\371&\262\312\317Q\2361t\377x\234\001v\003%\030\325_\225g\204\346P\027\363\262\310\025\251\261\276X\247\260J\221\345\357\037\231)|\321K\000\\326E\004\377\005\255""A?\250P\031\360\215\2502\265\245\310\226\243c\302Ze\306\253#r\020\211\320iG\276\020E\317\035Sf\223F\254s!\002\364d\217\366\217|\316F\232\231\241\n\261\333`\312O\367\235\025DD\336e\367\n\312\326\221\037\025\230vG0E\002!\000\216\326""\204\002,\317\244\026G\025Ut\273rs6K\330\375\326~\035\001q0\023\210-/f#\002 '\035o\205\030\010\013\036\360+\231\365\333!\254Yg3X\251@\301|r\252bB&\261\341\2410""; "
1750527537412,1750527537412,3736,1,3,4,TMValidation,"validation: """"\200\000\000\001&\000\000\000\007)/\351\252\261:p\210\265\307-\212\200\004Q\033@\177e\277\016\010u\327\371&\262\312\317Q\2361t\377x\234\001v\003%\030\325_\225g\204\346P\027\363\262\310\025\251\261\276X\247\260J\221\345\357\037\231)|\321K\000\\326E\004\377\005\255""A?\250P\031\360\215\2502\265\245\310\226\243c\302Ze\306\253#r\020\211\320iG\276\020E\317\035Sf\223F\254s!\002\364d\217\366\217|\316F\232\231\241\n\261\333`\312O\367\235\025DD\336e\367\n\312\326\221\037\025\230vG0E\002!\000\216\326""\204\002,\317\244\026G\025Ut\273rs6K\330\375\326~\035\001q0\023\210-/f#\002 '\035o\205\030\010\013\036\360+\231\365\333!\254Yg3X\251@\301|r\252bB&\261\341\2410""; ","validation: """"\200\000\000\001&\000\000\000\007)/\351\252\261:p\210\265\307-\212\200\004Q\033@\177e\277\016\010u\327\371&\262\312\317Q\2361t\377x\234\001v\003%\030\325_\225g\204\346P\027\363\262\310\025\251\261\276X\247\260J\221\345\357\037\231)|\321K\000\\326E\004\377\005\255""A?\250P\031\360\215\2502\265\245\310\226\243c\302Ze\306\253#r\020\211\320iG\276\020E\317\035Sf\223F\254s!\002\364d\217\366\217|\316F\232\231\241\n\261\333`\312O\367\235\025DD\336e\367\n\312\326\221\037\025\230vG0E\002!\000\216\326""\204\002,\317\244\026G\025Ut\273rs6K\330\375\326~\035\001q0\023\210-/f#\002 '\035o\205\030\010\013\036\360+\231\365\333!\254Yg3X\251@\301|r\252bB&\261\341\2410""; "
1750527537414,1750527537414,2309,1,4,2,TMGetLedger,"itype: liTS_CANDIDATE; ledgerHash: ""3\321\n7\354)\tf\006\357\205B<h\272GQ \344\262\236\025#\003\024&\310\034\352\376\326""; nodeIDs: ""\000\000\000\000\000\000\000\000\000\000\000\000\000\000\000\000\000\000\000\000\000\000\000\000\000\000\000\000\000\000\000\000\000""; queryType: qtINDIRECT; queryDepth: 3; ","itype: liTS_CANDIDATE; ledgerHash: ""3\321\n7\354)\tf\006\357\205B<h\272GQ \344\262\236\025#\003\024&\310\034\352\376\326""; nodeIDs: ""\000\000\000\000\000\000\000\000\000\000\000\000\000\000\000\000\000\000\000\000\000\000\000\000\000\000\000\000\000\000\000\000\000""; queryType: qtINDIRECT; queryDepth: 3; "
1750527537430,1750527537430,3459,1,3,1,TMValidation,"validation: """"\200\000\000\001&\000\000\000\007)/\351\252\261:p\210\265\307-\212\200\004Q\033@\177e\277\016\010u\327\371&\262\312\317Q\2361t\377x\234\001v\003%\030\325_\225g\204\346P\027\363\262\310\025\251\261\276X\247\260J\221\345\357\037\231)|\321K\000\\326E\004\377\005\255""A?\250P\031\360\215\2502\265\245\310\226\243c\302Ze\306\253#r\020\211\320iG\276\020E\317\035Sf\223F\254s!\002\364d\217\366\217|\316F\232\231\241\n\261\333`\312O\367\235\025DD\336e\367\n\312\326\221\037\025\230vG0E\002!\000\216\326""\204\002,\317\244\026G\025Ut\273rs6K\330\375\326~\035\001q0\023\210-/f#\002 '\035o\205\030\010\013\036\360+\231\365\333!\254Yg3X\251@\301|r\252bB&\261\341\2410""; ","validation: """"\200\000\000\001&\000\000\000\007)/\351\252\261:p\210\265\307-\212\200\004Q\033@\177e\277\016\010u\327\371&\262\312\317Q\2361t\377x\234\001v\003%\030\325_\225g\204\346P\027\363\262\310\025\251\261\276X\247\260J\221\345\357\037\231)|\321K\000\\326E\004\377\005\255""A?\250P\031\360\215\2502\265\245\310\226\243c\302Ze\306\253#r\020\211\320iG\276\020E\317\035Sf\223F\254s!\002\364d\217\366\217|\316F\232\231\241\n\261\333`\312O\367\235\025DD\336e\367\n\312\326\221\037\025\230vG0E\002!\000\216\326""\204\002,\317\244\026G\025Ut\273rs6K\330\375\326~\035\001q0\023\210-/f#\002 '\035o\205\030\010\013\036\360+\231\365\333!\254Yg3X\251@\301|r\252bB&\261\341\2410""; "
1750527537431,1750527537431,1571,1,3,1,TMStatusChange,"newEvent: neACCEPTED_LEDGER; ledgerSeq: 7; ledgerHash: ""\033@\177e\277\016\010u\327\371&\262\312\317Q\2361t\377x\234\001v\003%\030\325_\225g\204\346""; ledgerHashPrevious: ""\360\215\2502\265\245\310\226\243c\302Ze\306\253#r\020\211\320iG\276\020E\317\035Sf\223F\254""; networkTime: 803842737; firstSeq: 1; lastSeq: 6; ","newEvent: neACCEPTED_LEDGER; ledgerSeq: 7; ledgerHash: ""\033@\177e\277\016\010u\327\371&\262\312\317Q\2361t\377x\234\001v\003%\030\325_\225g\204\346""; ledgerHashPrevious: ""\360\215\2502\265\245\310\226\243c\302Ze\306\253#r\020\211\320iG\276\020E\317\035Sf\223F\254""; networkTime: 803842737; firstSeq: 1; lastSeq: 6; "
1750527537431,1750527537431,3432,1,3,2,TMStatusChange,"newEvent: neACCEPTED_LEDGER; ledgerSeq: 7; ledgerHash: ""\033@\177e\277\016\010u\327\371&\262\312\317Q\2361t\377x\234\001v\003%\030\325_\225g\204\346""; ledgerHashPrevious: ""\360\215\2502\265\245\310\226\243c\302Ze\306\253#r\020\211\320iG\276\020E\317\035Sf\223F\254""; networkTime: 803842737; firstSeq: 1; lastSeq: 6; ","newEvent: neACCEPTED_LEDGER; ledgerSeq: 7; ledgerHash: ""\033@\177e\277\016\010u\327\371&\262\312\317Q\2361t\377x\234\001v\003%\030\325_\225g\204\346""; ledgerHashPrevious: ""\360\215\2502\265\245\310\226\243c\302Ze\306\253#r\020\211\320iG\276\020E\317\035Sf\223F\254""; networkTime: 803842737; firstSeq: 1; lastSeq: 6; "
1750527537431,1750527537431,3125,1,3,2,TMValidation,"validation: """"\200\000\000\001&\000\000\000\007)/\351\252\261:p\210\265\307-\212\200\004Q\033@\177e\277\016\010u\327\371&\262\312\317Q\2361t\377x\234\001v\003%\030\325_\225g\204\346P\027\363\262\310\025\251\261\276X\247\260J\221\345\357\037\231)|\321K\000\\326E\004\377\005\255""A?\250P\031\360\215\2502\265\245\310\226\243c\302Ze\306\253#r\020\211\320iG\276\020E\317\035Sf\223F\254s!\002\364d\217\366\217|\316F\232\231\241\n\261\333`\312O\367\235\025DD\336e\367\n\312\326\221\037\025\230vG0E\002!\000\216\326""\204\002,\317\244\026G\025Ut\273rs6K\330\375\326~\035\001q0\023\210-/f#\002 '\035o\205\030\010\013\036\360+\231\365\333!\254Yg3X\251@\301|r\252bB&\261\341\2410""; ","validation: """"\200\000\000\001&\000\000\000\007)/\351\252\261:p\210\265\307-\212\200\004Q\033@\177e\277\016\010u\327\371&\262\312\317Q\2361t\377x\234\001v\003%\030\325_\225g\204\346P\027\363\262\310\025\251\261\276X\247\260J\221\345\357\037\231)|\321K\000\\326E\004\377\005\255""A?\250P\031\360\215\2502\265\245\310\226\243c\302Ze\306\253#r\020\211\320iG\276\020E\317\035Sf\223F\254s!\002\364d\217\366\217|\316F\232\231\241\n\261\333`\312O\367\235\025DD\336e\367\n\312\326\221\037\025\230vG0E\002!\000\216\326""\204\002,\317\244\026G\025Ut\273rs6K\330\375\326~\035\001q0\023\210-/f#\002 '\035o\205\030\010\013\036\360+\231\365\333!\254Yg3X\251@\301|r\252bB&\261\341\2410""; "
1750527537467,1750527537467,3578,1,1,3,TMLedgerData,"ledgerHash: ""[\000\302\314\326\214\276@c\240\272\222{\363\314\032\213\311\316\246/\330\302\014>\022\346\234\347\264\270\350""; ledgerSeq: 0; type: liTS_CANDIDATE; nodes {;   nodedata: ""\002i\361\030\371\256\265\036\320\273\013\357<\215/(\215[\231D\357Gd\372\270\316\261\301\342\327\225\241\000GZ\227\022t\201\240u\2324P\027\307M\337'Y\361[IAD\351\374!\232\005\337\376\252\251g\004\003"";   nodeid: ""\000\000\000\000\000\000\000\000\000\000\000\000\000\000\000\000\000\000\000\000\000\000\000\000\000\000\000\000\000\000\000\000\000""; }; ","ledgerHash: ""[\000\302\314\326\214\276@c\240\272\222{\363\314\032\213\311\316\246/\330\302\014>\022\346\234\347\264\270\350""; ledgerSeq: 0; type: liTS_CANDIDATE; nodes {;   nodedata: ""\002i\361\030\371\256\265\036\320\273\013\357<\215/(\215[\231D\357Gd\372\270\316\261\301\342\327\225\241\000GZ\227\022t\201\240u\2324P\027\307M\337'Y\361[IAD\351\374!\232\005\337\376\252\251g\004\003"";   nodeid: ""\000\000\000\000\000\000\000\000\000\000\000\000\000\000\000\000\000\000\000\000\000\000\000\000\000\000\000\000\000\000\000\000\000""; }; "
1750527537470,1750527537471,1539,1,4,2,TMLedgerData,"ledgerHash: ""[\000\302\314\326\214\276@c\240\272\222{\363\314\032\213\311\316\246/\330\302\014>\022\346\234\347\264\270\350""; ledgerSeq: 0; type: liTS_CANDIDATE; nodes {;   nodedata: ""\002i\361\030\371\256\265\036\320\273\013\357<\215/(\215[\231D\357Gd\372\270\316\261\301\342\327\225\241\000GZ\227\022t\201\240u\2324P\027\307M\337'Y\361[IAD\351\374!\232\005\337\376\252\251g\004\003"";   nodeid: ""\000\000\000\000\000\000\000\000\000\000\000\000\000\000\000\000\000\000\000\000\000\000\000\000\000\000\000\000\000\000\000\000\000""; }; ","ledgerHash: ""[\000\302\314\326\214\276@c\240\272\222{\363\314\032\213\311\316\246/\330\302\014>\022\346\234\347\264\270\350""; ledgerSeq: 0; type: liTS_CANDIDATE; nodes {;   nodedata: ""\002i\361\030\371\256\265\036\320\273\013\357<\215/(\215[\231D\357Gd\372\270\316\261\301\342\327\225\241\000GZ\227\022t\201\240u\2324P\027\307M\337'Y\361[IAD\351\374!\232\005\337\376\252\251g\004\003"";   nodeid: ""\000\000\000\000\000\000\000\000\000\000\000\000\000\000\000\000\000\000\000\000\000\000\000\000\000\000\000\000\000\000\000\000\000""; }; "
1750527537481,1750527537481,1539,1,4,2,TMLedgerData,"ledgerHash: ""[\000\302\314\326\214\276@c\240\272\222{\363\314\032\213\311\316\246/\330\302\014>\022\346\234\347\264\270\350""; ledgerSeq: 0; type: liTS_CANDIDATE; nodes {;   nodedata: ""\002i\361\030\371\256\265\036\320\273\013\357<\215/(\215[\231D\357Gd\372\270\316\261\301\342\327\225\241\000GZ\227\022t\201\240u\2324P\027\307M\337'Y\361[IAD\351\374!\232\005\337\376\252\251g\004\003"";   nodeid: ""\000\000\000\000\000\000\000\000\000\000\000\000\000\000\000\000\000\000\000\000\000\000\000\000\000\000\000\000\000\000\000\000\000""; }; requestCookie: 3; ","ledgerHash: ""[\000\302\314\326\214\276@c\240\272\222{\363\314\032\213\311\316\246/\330\302\014>\022\346\234\347\264\270\350""; ledgerSeq: 0; type: liTS_CANDIDATE; nodes {;   nodedata: ""\002i\361\030\371\256\265\036\320\273\013\357<\215/(\215[\231D\357Gd\372\270\316\261\301\342\327\225\241\000GZ\227\022t\201\240u\2324P\027\307M\337'Y\361[IAD\351\374!\232\005\337\376\252\251g\004\003"";   nodeid: ""\000\000\000\000\000\000\000\000\000\000\000\000\000\000\000\000\000\000\000\000\000\000\000\000\000\000\000\000\000\000\000\000\000""; }; requestCookie: 3; "
1750527537484,1750527537485,1665,1,2,3,TMLedgerData,"ledgerHash: ""[\000\302\314\326\214\276@c\240\272\222{\363\314\032\213\311\316\246/\330\302\014>\022\346\234\347\264\270\350""; ledgerSeq: 0; type: liTS_CANDIDATE; nodes {;   nodedata: ""\002i\361\030\371\256\265\036\320\273\013\357<\215/(\215[\231D\357Gd\372\270\316\261\301\342\327\225\241\000GZ\227\022t\201\240u\2324P\027\307M\337'Y\361[IAD\351\374!\232\005\337\376\252\251g\004\003"";   nodeid: ""\000\000\000\000\000\000\000\000\000\000\000\000\000\000\000\000\000\000\000\000\000\000\000\000\000\000\000\000\000\000\000\000\000""; }; ","ledgerHash: ""[\000\302\314\326\214\276@c\240\272\222{\363\314\032\213\311\316\246/\330\302\014>\022\346\234\347\264\270\350""; ledgerSeq: 0; type: liTS_CANDIDATE; nodes {;   nodedata: ""\002i\361\030\371\256\265\036\320\273\013\357<\215/(\215[\231D\357Gd\372\270\316\261\301\342\327\225\241\000GZ\227\022t\201\240u\2324P\027\307M\337'Y\361[IAD\351\374!\232\005\337\376\252\251g\004\003"";   nodeid: ""\000\000\000\000\000\000\000\000\000\000\000\000\000\000\000\000\000\000\000\000\000\000\000\000\000\000\000\000\000\000\000\000\000""; }; "
1750527537501,1750527537502,1131,1,3,0,TMGetLedger,"itype: liTS_CANDIDATE; ledgerHash: ""\341\310\354\0213\033\013\350\207z\236R(|z&\034\335\266\323\356\205\273DV\210\254\213T\rZ\347""; nodeIDs: ""\000\000\000\000\000\000\000\000\000\000\000\000\000\000\000\000\000\000\000\000\000\000\000\000\000\000\000\000\000\000\000\000\000""; queryType: qtINDIRECT; queryDepth: 3; ","itype: liTS_CANDIDATE; ledgerHash: ""\341\310\354\0213\033\013\350\207z\236R(|z&\034\335\266\323\356\205\273DV\210\254\213T\rZ\347""; nodeIDs: ""\000\000\000\000\000\000\000\000\000\000\000\000\000\000\000\000\000\000\000\000\000\000\000\000\000\000\000\000\000\000\000\000\000""; queryType: qtINDIRECT; queryDepth: 3; "
1750527537503,1750527537503,2079,1,3,1,TMGetLedger,"itype: liTS_CANDIDATE; ledgerHash: ""\341\310\354\0213\033\013\350\207z\236R(|z&\034\335\266\323\356\205\273DV\210\254\213T\rZ\347""; nodeIDs: ""\000\000\000\000\000\000\000\000\000\000\000\000\000\000\000\000\000\000\000\000\000\000\000\000\000\000\000\000\000\000\000\000\000""; queryType: qtINDIRECT; queryDepth: 3; ","itype: liTS_CANDIDATE; ledgerHash: ""\341\310\354\0213\033\013\350\207z\236R(|z&\034\335\266\323\356\205\273DV\210\254\213T\rZ\347""; nodeIDs: ""\000\000\000\000\000\000\000\000\000\000\000\000\000\000\000\000\000\000\000\000\000\000\000\000\000\000\000\000\000\000\000\000\000""; queryType: qtINDIRECT; queryDepth: 3; "
1750527537502,1750527537502,1019,1,3,4,TMGetLedger,"itype: liTS_CANDIDATE; ledgerHash: ""\341\310\354\0213\033\013\350\207z\236R(|z&\034\335\266\323\356\205\273DV\210\254\213T\rZ\347""; nodeIDs: ""\000\000\000\000\000\000\000\000\000\000\000\000\000\000\000\000\000\000\000\000\000\000\000\000\000\000\000\000\000\000\000\000\000""; queryType: qtINDIRECT; queryDepth: 3; ","itype: liTS_CANDIDATE; ledgerHash: ""\341\310\354\0213\033\013\350\207z\236R(|z&\034\335\266\323\356\205\273DV\210\254\213T\rZ\347""; nodeIDs: ""\000\000\000\000\000\000\000\000\000\000\000\000\000\000\000\000\000\000\000\000\000\000\000\000\000\000\000\000\000\000\000\000\000""; queryType: qtINDIRECT; queryDepth: 3; "
1750527537503,1750527537503,2794,1,3,2,TMGetLedger,"itype: liTS_CANDIDATE; ledgerHash: ""\341\310\354\0213\033\013\350\207z\236R(|z&\034\335\266\323\356\205\273DV\210\254\213T\rZ\347""; nodeIDs: ""\000\000\000\000\000\000\000\000\000\000\000\000\000\000\000\000\000\000\000\000\000\000\000\000\000\000\000\000\000\000\000\000\000""; queryType: qtINDIRECT; queryDepth: 3; ","itype: liTS_CANDIDATE; ledgerHash: ""\341\310\354\0213\033\013\350\207z\236R(|z&\034\335\266\323\356\205\273DV\210\254\213T\rZ\347""; nodeIDs: ""\000\000\000\000\000\000\000\000\000\000\000\000\000\000\000\000\000\000\000\000\000\000\000\000\000\000\000\000\000\000\000\000\000""; queryType: qtINDIRECT; queryDepth: 3; "
1750527537504,1750527537504,2523,1,3,2,TMLedgerData,"ledgerHash: ""[\000\302\314\326\214\276@c\240\272\222{\363\314\032\213\311\316\246/\330\302\014>\022\346\234\347\264\270\350""; ledgerSeq: 0; type: liTS_CANDIDATE; nodes {;   nodedata: ""\002i\361\030\371\256\265\036\320\273\013\357<\215/(\215[\231D\357Gd\372\270\316\261\301\342\327\225\241\000GZ\227\022t\201\240u\2324P\027\307M\337'Y\361[IAD\351\374!\232\005\337\376\252\251g\004\003"";   nodeid: ""\000\000\000\000\000\000\000\000\000\000\000\000\000\000\000\000\000\000\000\000\000\000\000\000\000\000\000\000\000\000\000\000\000""; }; ","ledgerHash: ""[\000\302\314\326\214\276@c\240\272\222{\363\314\032\213\311\316\246/\330\302\014>\022\346\234\347\264\270\350""; ledgerSeq: 0; type: liTS_CANDIDATE; nodes {;   nodedata: ""\002i\361\030\371\256\265\036\320\273\013\357<\215/(\215[\231D\357Gd\372\270\316\261\301\342\327\225\241\000GZ\227\022t\201\240u\2324P\027\307M\337'Y\361[IAD\351\374!\232\005\337\376\252\251g\004\003"";   nodeid: ""\000\000\000\000\000\000\000\000\000\000\000\000\000\000\000\000\000\000\000\000\000\000\000\000\000\000\000\000\000\000\000\000\000""; }; "
1750527537512,1750527537512,1968,1,1,2,TMLedgerData,"ledgerHash: ""[\000\302\314\326\214\276@c\240\272\222{\363\314\032\213\311\316\246/\330\302\014>\022\346\234\347\264\270\350""; ledgerSeq: 0; type: liTS_CANDIDATE; nodes {;   nodedata: ""\002i\361\030\371\256\265\036\320\273\013\357<\215/(\215[\231D\357Gd\372\270\316\261\301\342\327\225\241\000GZ\227\022t\201\240u\2324P\027\307M\337'Y\361[IAD\351\374!\232\005\337\376\252\251g\004\003"";   nodeid: ""\000\000\000\000\000\000\000\000\000\000\000\000\000\000\000\000\000\000\000\000\000\000\000\000\000\000\000\000\000\000\000\000\000""; }; ","ledgerHash: ""[\000\302\314\326\214\276@c\240\272\222{\363\314\032\213\311\316\246/\330\302\014>\022\346\234\347\264\270\350""; ledgerSeq: 0; type: liTS_CANDIDATE; nodes {;   nodedata: ""\002i\361\030\371\256\265\036\320\273\013\357<\215/(\215[\231D\357Gd\372\270\316\261\301\342\327\225\241\000GZ\227\022t\201\240u\2324P\027\307M\337'Y\361[IAD\351\374!\232\005\337\376\252\251g\004\003"";   nodeid: ""\000\000\000\000\000\000\000\000\000\000\000\000\000\000\000\000\000\000\000\000\000\000\000\000\000\000\000\000\000\000\000\000\000""; }; "
1750527537521,1750527537521,1769,1,2,1,TMLedgerData,"ledgerHash: ""[\000\302\314\326\214\276@c\240\272\222{\363\314\032\213\311\316\246/\330\302\014>\022\346\234\347\264\270\350""; ledgerSeq: 0; type: liTS_CANDIDATE; nodes {;   nodedata: ""\002i\361\030\371\256\265\036\320\273\013\357<\215/(\215[\231D\357Gd\372\270\316\261\301\342\327\225\241\000GZ\227\022t\201\240u\2324P\027\307M\337'Y\361[IAD\351\374!\232\005\337\376\252\251g\004\003"";   nodeid: ""\000\000\000\000\000\000\000\000\000\000\000\000\000\000\000\000\000\000\000\000\000\000\000\000\000\000\000\000\000\000\000\000\000""; }; ","ledgerHash: ""[\000\302\314\326\214\276@c\240\272\222{\363\314\032\213\311\316\246/\330\302\014>\022\346\234\347\264\270\350""; ledgerSeq: 0; type: liTS_CANDIDATE; nodes {;   nodedata: ""\002i\361\030\371\256\265\036\320\273\013\357<\215/(\215[\231D\357Gd\372\270\316\261\301\342\327\225\241\000GZ\227\022t\201\240u\2324P\027\307M\337'Y\361[IAD\351\374!\232\005\337\376\252\251g\004\003"";   nodeid: ""\000\000\000\000\000\000\000\000\000\000\000\000\000\000\000\000\000\000\000\000\000\000\000\000\000\000\000\000\000\000\000\000\000""; }; "
1750527537535,1750527537535,1813,1,3,1,TMLedgerData,"ledgerHash: ""[\000\302\314\326\214\276@c\240\272\222{\363\314\032\213\311\316\246/\330\302\014>\022\346\234\347\264\270\350""; ledgerSeq: 0; type: liTS_CANDIDATE; nodes {;   nodedata: ""\002i\361\030\371\256\265\036\320\273\013\357<\215/(\215[\231D\357Gd\372\270\316\261\301\342\327\225\241\000GZ\227\022t\201\240u\2324P\027\307M\337'Y\361[IAD\351\374!\232\005\337\376\252\251g\004\003"";   nodeid: ""\000\000\000\000\000\000\000\000\000\000\000\000\000\000\000\000\000\000\000\000\000\000\000\000\000\000\000\000\000\000\000\000\000""; }; ","ledgerHash: ""[\000\302\314\326\214\276@c\240\272\222{\363\314\032\213\311\316\246/\330\302\014>\022\346\234\347\264\270\350""; ledgerSeq: 0; type: liTS_CANDIDATE; nodes {;   nodedata: ""\002i\361\030\371\256\265\036\320\273\013\357<\215/(\215[\231D\357Gd\372\270\316\261\301\342\327\225\241\000GZ\227\022t\201\240u\2324P\027\307M\337'Y\361[IAD\351\374!\232\005\337\376\252\251g\004\003"";   nodeid: ""\000\000\000\000\000\000\000\000\000\000\000\000\000\000\000\000\000\000\000\000\000\000\000\000\000\000\000\000\000\000\000\000\000""; }; "
1750527537540,1750527537540,3719,1,2,4,TMGetLedger,"itype: liTS_CANDIDATE; ledgerHash: ""\341\310\354\0213\033\013\350\207z\236R(|z&\034\335\266\323\356\205\273DV\210\254\213T\rZ\347""; nodeIDs: ""\000\000\000\000\000\000\000\000\000\000\000\000\000\000\000\000\000\000\000\000\000\000\000\000\000\000\000\000\000\000\000\000\000""; queryType: qtINDIRECT; queryDepth: 3; ","itype: liTS_CANDIDATE; ledgerHash: ""\341\310\354\0213\033\013\350\207z\236R(|z&\034\335\266\323\356\205\273DV\210\254\213T\rZ\347""; nodeIDs: ""\000\000\000\000\000\000\000\000\000\000\000\000\000\000\000\000\000\000\000\000\000\000\000\000\000\000\000\000\000\000\000\000\000""; queryType: qtINDIRECT; queryDepth: 3; "
1750527537557,1750527537558,3620,1,4,3,TMValidation,"validation: """"\200\000\000\001&\000\000\000\007)/\351\252\261:\r\302\353\023?\373\240rQ\033@\177e\277\016\010u\327\371&\262\312\317Q\2361t\377x\234\001v\003%\030\325_\225g\204\346P\027\363\262\310\025\251\261\276X\247\260J\221\345\357\037\231)|\321K\000\\326E\004\377\005\255""A?\250P\031\360\215\2502\265\245\310\226\243c\302Ze\306\253#r\020\211\320iG\276\020E\317\035Sf\223F\254s!\003R7o\362bV\300hf\266\241;}\200^\374\240\203[:\342Q\225\221\027y\372\255\235\216\323~vF0D\002 qW\215\342\275\252\365\353\337\202\362\260\t\310\274\365*\220s\320\366#\026\005r#\356\244S\034\256\000\002 t~4\206`\0268\277@T6:\365\rE'\372\202\247\215'.BTr\250\354\367\247\037\016%""; ","validation: """"\200\000\000\001&\000\000\000\007)/\351\252\261:\r\302\353\023?\373\240rQ\033@\177e\277\016\010u\327\371&\262\312\317Q\2361t\377x\234\001v\003%\030\325_\225g\204\346P\027\363\262\310\025\251\261\276X\247\260J\221\345\357\037\231)|\321K\000\\326E\004\377\005\255""A?\250P\031\360\215\2502\265\245\310\226\243c\302Ze\306\253#r\020\211\320iG\276\020E\317\035Sf\223F\254s!\003R7o\362bV\300hf\266\241;}\200^\374\240\203[:\342Q\225\221\027y\372\255\235\216\323~vF0D\002 qW\215\342\275\252\365\353\337\202\362\260\t\310\274\365*\220s\320\366#\026\005r#\356\244S\034\256\000\002 t~4\206`\0268\277@T6:\365\rE'\372\202\247\215'.BTr\250\354\367\247\037\016%""; "
1750527537559,1750527537559,1740,1,4,0,TMValidation,"validation: """"\200\000\000\001&\000\000\000\007)/\351\252\261:\r\302\353\023?\373\240rQ\033@\177e\277\016\010u\327\371&\262\312\317Q\2361t\377x\234\001v\003%\030\325_\225g\204\346P\027\363\262\310\025\251\261\276X\247\260J\221\345\357\037\231)|\321K\000\\326E\004\377\005\255""A?\250P\031\360\215\2502\265\245\310\226\243c\302Ze\306\253#r\020\211\320iG\276\020E\317\035Sf\223F\254s!\003R7o\362bV\300hf\266\241;}\200^\374\240\203[:\342Q\225\221\027y\372\255\235\216\323~vF0D\002 qW\215\342\275\252\365\353\337\202\362\260\t\310\274\365*\220s\320\366#\026\005r#\356\244S\034\256\000\002 t~4\206`\0268\277@T6:\365\rE'\372\202\247\215'.BTr\250\354\367\247\037\016%""; ","validation: """"\200\000\000\001&\000\000\000\007)/\351\252\261:\r\302\353\023?\373\240rQ\033@\177e\277\016\010u\327\371&\262\312\317Q\2361t\377x\234\001v\003%\030\325_\225g\204\346P\027\363\262\310\025\251\261\276X\247\260J\221\345\357\037\231)|\321K\000\\326E\004\377\005\255""A?\250P\031\360\215\2502\265\245\310\226\243c\302Ze\306\253#r\020\211\320iG\276\020E\317\035Sf\223F\254s!\003R7o\362bV\300hf\266\241;}\200^\374\240\203[:\342Q\225\221\027y\372\255\235\216\323~vF0D\002 qW\215\342\275\252\365\353\337\202\362\260\t\310\274\365*\220s\320\366#\026\005r#\356\244S\034\256\000\002 t~4\206`\0268\277@T6:\365\rE'\372\202\247\215'.BTr\250\354\367\247\037\016%""; "
1750527537560,1750527537560,3403,1,4,3,TMStatusChange,"newEvent: neACCEPTED_LEDGER; ledgerSeq: 7; ledgerHash: ""\033@\177e\277\016\010u\327\371&\262\312\317Q\2361t\377x\234\001v\003%\030\325_\225g\204\346""; ledgerHashPrevious: ""\360\215\2502\265\245\310\226\243c\302Ze\306\253#r\020\211\320iG\276\020E\317\035Sf\223F\254""; networkTime: 803842737; firstSeq: 1; lastSeq: 6; ","newEvent: neACCEPTED_LEDGER; ledgerSeq: 7; ledgerHash: ""\033@\177e\277\016\010u\327\371&\262\312\317Q\2361t\377x\234\001v\003%\030\325_\225g\204\346""; ledgerHashPrevious: ""\360\215\2502\265\245\310\226\243c\302Ze\306\253#r\020\211\320iG\276\020E\317\035Sf\223F\254""; networkTime: 803842737; firstSeq: 1; lastSeq: 6; "
1750527537561,1750527537561,783,1,4,2,TMValidation,"validation: """"\200\000\000\001&\000\000\000\007)/\351\252\261:\r\302\353\023?\373\240rQ\033@\177e\277\016\010u\327\371&\262\312\317Q\2361t\377x\234\001v\003%\030\325_\225g\204\346P\027\363\262\310\025\251\261\276X\247\260J\221\345\357\037\231)|\321K\000\\326E\004\377\005\255""A?\250P\031\360\215\2502\265\245\310\226\243c\302Ze\306\253#r\020\211\320iG\276\020E\317\035Sf\223F\254s!\003R7o\362bV\300hf\266\241;}\200^\374\240\203[:\342Q\225\221\027y\372\255\235\216\323~vF0D\002 qW\215\342\275\252\365\353\337\202\362\260\t\310\274\365*\220s\320\366#\026\005r#\356\244S\034\256\000\002 t~4\206`\0268\277@T6:\365\rE'\372\202\247\215'.BTr\250\354\367\247\037\016%""; ","validation: """"\200\000\000\001&\000\000\000\007)/\351\252\261:\r\302\353\023?\373\240rQ\033@\177e\277\016\010u\327\371&\262\312\317Q\2361t\377x\234\001v\003%\030\325_\225g\204\346P\027\363\262\310\025\251\261\276X\247\260J\221\345\357\037\231)|\321K\000\\326E\004\377\005\255""A?\250P\031\360\215\2502\265\245\310\226\243c\302Ze\306\253#r\020\211\320iG\276\020E\317\035Sf\223F\254s!\003R7o\362bV\300hf\266\241;}\200^\374\240\203[:\342Q\225\221\027y\372\255\235\216\323~vF0D\002 qW\215\342\275\252\365\353\337\202\362\260\t\310\274\365*\220s\320\366#\026\005r#\356\244S\034\256\000\002 t~4\206`\0268\277@T6:\365\rE'\372\202\247\215'.BTr\250\354\367\247\037\016%""; "
1750527537560,1750527537560,832,1,4,0,TMStatusChange,"newEvent: neACCEPTED_LEDGER; ledgerSeq: 7; ledgerHash: ""\033@\177e\277\016\010u\327\371&\262\312\317Q\2361t\377x\234\001v\003%\030\325_\225g\204\346""; ledgerHashPrevious: ""\360\215\2502\265\245\310\226\243c\302Ze\306\253#r\020\211\320iG\276\020E\317\035Sf\223F\254""; networkTime: 803842737; firstSeq: 1; lastSeq: 6; ","newEvent: neACCEPTED_LEDGER; ledgerSeq: 7; ledgerHash: ""\033@\177e\277\016\010u\327\371&\262\312\317Q\2361t\377x\234\001v\003%\030\325_\225g\204\346""; ledgerHashPrevious: ""\360\215\2502\265\245\310\226\243c\302Ze\306\253#r\020\211\320iG\276\020E\317\035Sf\223F\254""; networkTime: 803842737; firstSeq: 1; lastSeq: 6; "
1750527537560,1750527537560,803,1,4,1,TMStatusChange,"newEvent: neACCEPTED_LEDGER; ledgerSeq: 7; ledgerHash: ""\033@\177e\277\016\010u\327\371&\262\312\317Q\2361t\377x\234\001v\003%\030\325_\225g\204\346""; ledgerHashPrevious: ""\360\215\2502\265\245\310\226\243c\302Ze\306\253#r\020\211\320iG\276\020E\317\035Sf\223F\254""; networkTime: 803842737; firstSeq: 1; lastSeq: 6; ","newEvent: neACCEPTED_LEDGER; ledgerSeq: 7; ledgerHash: ""\033@\177e\277\016\010u\327\371&\262\312\317Q\2361t\377x\234\001v\003%\030\325_\225g\204\346""; ledgerHashPrevious: ""\360\215\2502\265\245\310\226\243c\302Ze\306\253#r\020\211\320iG\276\020E\317\035Sf\223F\254""; networkTime: 803842737; firstSeq: 1; lastSeq: 6; "
1750527537562,1750527537562,3346,1,4,2,TMStatusChange,"newEvent: neACCEPTED_LEDGER; ledgerSeq: 7; ledgerHash: ""\033@\177e\277\016\010u\327\371&\262\312\317Q\2361t\377x\234\001v\003%\030\325_\225g\204\346""; ledgerHashPrevious: ""\360\215\2502\265\245\310\226\243c\302Ze\306\253#r\020\211\320iG\276\020E\317\035Sf\223F\254""; networkTime: 803842737; firstSeq: 1; lastSeq: 6; ","newEvent: neACCEPTED_LEDGER; ledgerSeq: 7; ledgerHash: ""\033@\177e\277\016\010u\327\371&\262\312\317Q\2361t\377x\234\001v\003%\030\325_\225g\204\346""; ledgerHashPrevious: ""\360\215\2502\265\245\310\226\243c\302Ze\306\253#r\020\211\320iG\276\020E\317\035Sf\223F\254""; networkTime: 803842737; firstSeq: 1; lastSeq: 6; "
1750527537567,1750527537567,3803,1,4,1,TMValidation,"validation: """"\200\000\000\001&\000\000\000\007)/\351\252\261:\r\302\353\023?\373\240rQ\033@\177e\277\016\010u\327\371&\262\312\317Q\2361t\377x\234\001v\003%\030\325_\225g\204\346P\027\363\262\310\025\251\261\276X\247\260J\221\345\357\037\231)|\321K\000\\326E\004\377\005\255""A?\250P\031\360\215\2502\265\245\310\226\243c\302Ze\306\253#r\020\211\320iG\276\020E\317\035Sf\223F\254s!\003R7o\362bV\300hf\266\241;}\200^\374\240\203[:\342Q\225\221\027y\372\255\235\216\323~vF0D\002 qW\215\342\275\252\365\353\337\202\362\260\t\310\274\365*\220s\320\366#\026\005r#\356\244S\034\256\000\002 t~4\206`\0268\277@T6:\365\rE'\372\202\247\215'.BTr\250\354\367\247\037\016%""; ","validation: """"\200\000\000\001&\000\000\000\007)/\351\252\261:\r\302\353\023?\373\240rQ\033@\177e\277\016\010u\327\371&\262\312\317Q\2361t\377x\234\001v\003%\030\325_\225g\204\346P\027\363\262\310\025\251\261\276X\247\260J\221\345\357\037\231)|\321K\000\\326E\004\377\005\255""A?\250P\031\360\215\2502\265\245\310\226\243c\302Ze\306\253#r\020\211\320iG\276\020E\317\035Sf\223F\254s!\003R7o\362bV\300hf\266\241;}\200^\374\240\203[:\342Q\225\221\027y\372\255\235\216\323~vF0D\002 qW\215\342\275\252\365\353\337\202\362\260\t\310\274\365*\220s\320\366#\026\005r#\356\244S\034\256\000\002 t~4\206`\0268\277@T6:\365\rE'\372\202\247\215'.BTr\250\354\367\247\037\016%""; "
1750527537577,1750527537577,1144,1,4,1,TMLedgerData,"ledgerHash: ""[\000\302\314\326\214\276@c\240\272\222{\363\314\032\213\311\316\246/\330\302\014>\022\346\234\347\264\270\350""; ledgerSeq: 0; type: liTS_CANDIDATE; nodes {;   nodedata: ""\002i\361\030\371\256\265\036\320\273\013\357<\215/(\215[\231D\357Gd\372\270\316\261\301\342\327\225\241\000GZ\227\022t\201\240u\2324P\027\307M\337'Y\361[IAD\351\374!\232\005\337\376\252\251g\004\003"";   nodeid: ""\000\000\000\000\000\000\000\000\000\000\000\000\000\000\000\000\000\000\000\000\000\000\000\000\000\000\000\000\000\000\000\000\000""; }; requestCookie: 2; ","ledgerHash: ""[\000\302\314\326\214\276@c\240\272\222{\363\314\032\213\311\316\246/\330\302\014>\022\346\234\347\264\270\350""; ledgerSeq: 0; type: liTS_CANDIDATE; nodes {;   nodedata: ""\002i\361\030\371\256\265\036\320\273\013\357<\215/(\215[\231D\357Gd\372\270\316\261\301\342\327\225\241\000GZ\227\022t\201\240u\2324P\027\307M\337'Y\361[IAD\351\374!\232\005\337\376\252\251g\004\003"";   nodeid: ""\000\000\000\000\000\000\000\000\000\000\000\000\000\000\000\000\000\000\000\000\000\000\000\000\000\000\000\000\000\000\000\000\000""; }; requestCookie: 2; "
1750527537578,1750527537578,3046,1,2,4,TMProposeSet,"proposeSeq: 1; currentTxHash: ""\000\000\000\000\000\000\000\000\000\000\000\000\000\000\000\000\000\000\000\000\000\000\000\000\000\000\000\000\000\000\000\000""; nodePubKey: ""\003\255\225A\213\332\224ehh\024BDq\224\250\335`\355\353{\357\266\335<\021\032\265\177\206\356&\215""; closeTime: 803842740; signature: ""0D\002 L\222\215\000-\205Y\250\330\205-\373\207H+*]\201\231/Gs.\036B\022\014\250(e\025\340\002 3a\252\022\244\305\000\316_\341\343\313\205\312\2434Mi\235\205c\344\321a\3567\021\311\241\256:b""; previousledger: ""\360\215\2502\265\245\310\226\243c\302Ze\306\253#r\020\211\320iG\276\020E\317\035Sf\223F\254""; ","proposeSeq: 1; currentTxHash: ""\000\000\000\000\000\000\000\000\000\000\000\000\000\000\000\000\000\000\000\000\000\000\000\000\000\000\000\000\000\000\000\000""; nodePubKey: ""\003\255\225A\213\332\224ehh\024BDq\224\250\335`\355\353{\357\266\335<\021\032\265\177\206\356&\215""; closeTime: 803842740; signature: ""0D\002 L\222\215\000-\205Y\250\330\205-\373\207H+*]\201\231/Gs.\036B\022\014\250(e\025\340\002 3a\252\022\244\305\000\316_\341\343\313\205\312\2434Mi\235\205c\344\321a\3567\021\311\241\256:b""; previousledger: ""\360\215\2502\265\245\310\226\243c\302Ze\306\253#r\020\211\320iG\276\020E\317\035Sf\223F\254""; "
1750527537579,1750527537579,1659,1,2,0,TMProposeSet,"proposeSeq: 1; currentTxHash: ""\000\000\000\000\000\000\000\000\000\000\000\000\000\000\000\000\000\000\000\000\000\000\000\000\000\000\000\000\000\000\000\000""; nodePubKey: ""\003\255\225A\213\332\224ehh\024BDq\224\250\335`\355\353{\357\266\335<\021\032\265\177\206\356&\215""; closeTime: 803842740; signature: ""0D\002 L\222\215\000-\205Y\250\330\205-\373\207H+*]\201\231/Gs.\036B\022\014\250(e\025\340\002 3a\252\022\244\305\000\316_\341\343\313\205\312\2434Mi\235\205c\344\321a\3567\021\311\241\256:b""; previousledger: ""\360\215\2502\265\245\310\226\243c\302Ze\306\253#r\020\211\320iG\276\020E\317\035Sf\223F\254""; ","proposeSeq: 1; currentTxHash: ""\000\000\000\000\000\000\000\000\000\000\000\000\000\000\000\000\000\000\000\000\000\000\000\000\000\000\000\000\000\000\000\000""; nodePubKey: ""\003\255\225A\213\332\224ehh\024BDq\224\250\335`\355\353{\357\266\335<\021\032\265\177\206\356&\215""; closeTime: 803842740; signature: ""0D\002 L\222\215\000-\205Y\250\330\205-\373\207H+*]\201\231/Gs.\036B\022\014\250(e\025\340\002 3a\252\022\244\305\000\316_\341\343\313\205\312\2434Mi\235\205c\344\321a\3567\021\311\241\256:b""; previousledger: ""\360\215\2502\265\245\310\226\243c\302Ze\306\253#r\020\211\320iG\276\020E\317\035Sf\223F\254""; "
1750527537579,1750527537579,2221,1,2,1,TMProposeSet,"proposeSeq: 1; currentTxHash: ""\000\000\000\000\000\000\000\000\000\000\000\000\000\000\000\000\000\000\000\000\000\000\000\000\000\000\000\000\000\000\000\000""; nodePubKey: ""\003\255\225A\213\332\224ehh\024BDq\224\250\335`\355\353{\357\266\335<\021\032\265\177\206\356&\215""; closeTime: 803842740; signature: ""0D\002 L\222\215\000-\205Y\250\330\205-\373\207H+*]\201\231/Gs.\036B\022\014\250(e\025\340\002 3a\252\022\244\305\000\316_\341\343\313\205\312\2434Mi\235\205c\344\321a\3567\021\311\241\256:b""; previousledger: ""\360\215\2502\265\245\310\226\243c\302Ze\306\253#r\020\211\320iG\276\020E\317\035Sf\223F\254""; ","proposeSeq: 1; currentTxHash: ""\000\000\000\000\000\000\000\000\000\000\000\000\000\000\000\000\000\000\000\000\000\000\000\000\000\000\000\000\000\000\000\000""; nodePubKey: ""\003\255\225A\213\332\224ehh\024BDq\224\250\335`\355\353{\357\266\335<\021\032\265\177\206\356&\215""; closeTime: 803842740; signature: ""0D\002 L\222\215\000-\205Y\250\330\205-\373\207H+*]\201\231/Gs.\036B\022\014\250(e\025\340\002 3a\252\022\244\305\000\316_\341\343\313\205\312\2434Mi\235\205c\344\321a\3567\021\311\241\256:b""; previousledger: ""\360\215\2502\265\245\310\226\243c\302Ze\306\253#r\020\211\320iG\276\020E\317\035Sf\223F\254""; "
1750527537579,1750527537580,2762,1,2,3,TMProposeSet,"proposeSeq: 1; currentTxHash: ""\000\000\000\000\000\000\000\000\000\000\000\000\000\000\000\000\000\000\000\000\000\000\000\000\000\000\000\000\000\000\000\000""; nodePubKey: ""\003\255\225A\213\332\224ehh\024BDq\224\250\335`\355\353{\357\266\335<\021\032\265\177\206\356&\215""; closeTime: 803842740; signature: ""0D\002 L\222\215\000-\205Y\250\330\205-\373\207H+*]\201\231/Gs.\036B\022\014\250(e\025\340\002 3a\252\022\244\305\000\316_\341\343\313\205\312\2434Mi\235\205c\344\321a\3567\021\311\241\256:b""; previousledger: ""\360\215\2502\265\245\310\226\243c\302Ze\306\253#r\020\211\320iG\276\020E\317\035Sf\223F\254""; ","proposeSeq: 1; currentTxHash: ""\000\000\000\000\000\000\000\000\000\000\000\000\000\000\000\000\000\000\000\000\000\000\000\000\000\000\000\000\000\000\000\000""; nodePubKey: ""\003\255\225A\213\332\224ehh\024BDq\224\250\335`\355\353{\357\266\335<\021\032\265\177\206\356&\215""; closeTime: 803842740; signature: ""0D\002 L\222\215\000-\205Y\250\330\205-\373\207H+*]\201\231/Gs.\036B\022\014\250(e\025\340\002 3a\252\022\244\305\000\316_\341\343\313\205\312\2434Mi\235\205c\344\321a\3567\021\311\241\256:b""; previousledger: ""\360\215\2502\265\245\310\226\243c\302Ze\306\253#r\020\211\320iG\276\020E\317\035Sf\223F\254""; "
1750527537580,1750527537580,593,1,2,3,TMStatusChange,"newEvent: neACCEPTED_LEDGER; ledgerSeq: 7; ledgerHash: ""\276\230H\305\2714\032l\253n6W\035\354\257.f\r\217\302\203\224\212L\020\S\370\243OP*""; ledgerHashPrevious: ""\360\215\2502\265\245\310\226\243c\302Ze\306\253#r\020\211\320iG\276\020E\317\035Sf\223F\254""; networkTime: 803842737; firstSeq: 1; lastSeq: 6; ","newEvent: neACCEPTED_LEDGER; ledgerSeq: 7; ledgerHash: ""\276\230H\305\2714\032l\253n6W\035\354\257.f\r\217\302\203\224\212L\020\S\370\243OP*""; ledgerHashPrevious: ""\360\215\2502\265\245\310\226\243c\302Ze\306\253#r\020\211\320iG\276\020E\317\035Sf\223F\254""; networkTime: 803842737; firstSeq: 1; lastSeq: 6; "
1750527537581,1750527537581,3446,1,2,4,TMStatusChange,"newEvent: neACCEPTED_LEDGER; ledgerSeq: 7; ledgerHash: ""\276\230H\305\2714\032l\253n6W\035\354\257.f\r\217\302\203\224\212L\020\S\370\243OP*""; ledgerHashPrevious: ""\360\215\2502\265\245\310\226\243c\302Ze\306\253#r\020\211\320iG\276\020E\317\035Sf\223F\254""; networkTime: 803842737; firstSeq: 1; lastSeq: 6; ","newEvent: neACCEPTED_LEDGER; ledgerSeq: 7; ledgerHash: ""\276\230H\305\2714\032l\253n6W\035\354\257.f\r\217\302\203\224\212L\020\S\370\243OP*""; ledgerHashPrevious: ""\360\215\2502\265\245\310\226\243c\302Ze\306\253#r\020\211\320iG\276\020E\317\035Sf\223F\254""; networkTime: 803842737; firstSeq: 1; lastSeq: 6; "
1750527537582,1750527537582,679,1,2,0,TMStatusChange,"newEvent: neACCEPTED_LEDGER; ledgerSeq: 7; ledgerHash: ""\276\230H\305\2714\032l\253n6W\035\354\257.f\r\217\302\203\224\212L\020\S\370\243OP*""; ledgerHashPrevious: ""\360\215\2502\265\245\310\226\243c\302Ze\306\253#r\020\211\320iG\276\020E\317\035Sf\223F\254""; networkTime: 803842737; firstSeq: 1; lastSeq: 6; ","newEvent: neACCEPTED_LEDGER; ledgerSeq: 7; ledgerHash: ""\276\230H\305\2714\032l\253n6W\035\354\257.f\r\217\302\203\224\212L\020\S\370\243OP*""; ledgerHashPrevious: ""\360\215\2502\265\245\310\226\243c\302Ze\306\253#r\020\211\320iG\276\020E\317\035Sf\223F\254""; networkTime: 803842737; firstSeq: 1; lastSeq: 6; "
1750527537583,1750527537583,340,1,2,1,TMValidation,"validation: """"\200\000\000\001&\000\000\000\007)/\351\252\261:g\237X\336\3531\020\010Q\276\230H\305\2714\032l\253n6W\035\354\257.f\r\217\302\203\224\212L\020\S\370\243OP*P\027\000\000\000\000\000\000\000\000\000\000\000\000\000\000\000\000\000\000\000\000\000\000\000\000\000\000\000\000\000\000\000\000P\031\360\215\2502\265\245\310\226\243c\302Ze\306\253#r\020\211\320iG\276\020E\317\035Sf\223F\254s!\003\255\225A\213\332\224ehh\024BDq\224\250\335`\355\353{\357\266\335<\021\032\265\177\206\356&\215vF0D\002 [\236*\377\3412\351\334\022IF\303\262\255\023~'\3069\250\325m\324\l\033&\252(\2349\034\002 T\345\034\t\330\017\264\342-rd@\340ZA\255\321\007\324\335j\342;\270\342\347\341\306P\327Ge""; ","validation: """"\200\000\000\001&\000\000\000\007)/\351\252\261:g\237X\336\3531\020\010Q\276\230H\305\2714\032l\253n6W\035\354\257.f\r\217\302\203\224\212L\020\S\370\243OP*P\027\000\000\000\000\000\000\000\000\000\000\000\000\000\000\000\000\000\000\000\000\000\000\000\000\000\000\000\000\000\000\000\000P\031\360\215\2502\265\245\310\226\243c\302Ze\306\253#r\020\211\320iG\276\020E\317\035Sf\223F\254s!\003\255\225A\213\332\224ehh\024BDq\224\250\335`\355\353{\357\266\335<\021\032\265\177\206\356&\215vF0D\002 [\236*\377\3412\351\334\022IF\303\262\255\023~'\3069\250\325m\324\l\033&\252(\2349\034\002 T\345\034\t\330\017\264\342-rd@\340ZA\255\321\007\324\335j\342;\270\342\347\341\306P\327Ge""; "
1750527537584,1750527537584,723,1,2,3,TMValidation,"validation: """"\200\000\000\001&\000\000\000\007)/\351\252\261:g\237X\336\3531\020\010Q\276\230H\305\2714\032l\253n6W\035\354\257.f\r\217\302\203\224\212L\020\S\370\243OP*P\027\000\000\000\000\000\000\000\000\000\000\000\000\000\000\000\000\000\000\000\000\000\000\000\000\000\000\000\000\000\000\000\000P\031\360\215\2502\265\245\310\226\243c\302Ze\306\253#r\020\211\320iG\276\020E\317\035Sf\223F\254s!\003\255\225A\213\332\224ehh\024BDq\224\250\335`\355\353{\357\266\335<\021\032\265\177\206\356&\215vF0D\002 [\236*\377\3412\351\334\022IF\303\262\255\023~'\3069\250\325m\324\l\033&\252(\2349\034\002 T\345\034\t\330\017\264\342-rd@\340ZA\255\321\007\324\335j\342;\270\342\347\341\306P\327Ge""; ","validation: """"\200\000\000\001&\000\000\000\007)/\351\252\261:g\237X\336\3531\020\010Q\276\230H\305\2714\032l\253n6W\035\354\257.f\r\217\302\203\224\212L\020\S\370\243OP*P\027\000\000\000\000\000\000\000\000\000\000\000\000\000\000\000\000\000\000\000\000\000\000\000\000\000\000\000\000\000\000\000\000P\031\360\215\2502\265\245\310\226\243c\302Ze\306\253#r\020\211\320iG\276\020E\317\035Sf\223F\254s!\003\255\225A\213\332\224ehh\024BDq\224\250\335`\355\353{\357\266\335<\021\032\265\177\206\356&\215vF0D\002 [\236*\377\3412\351\334\022IF\303\262\255\023~'\3069\250\325m\324\l\033&\252(\2349\034\002 T\345\034\t\330\017\264\342-rd@\340ZA\255\321\007\324\335j\342;\270\342\347\341\306P\327Ge""; "
1750527537584,1750527537584,3128,1,2,4,TMValidation,"validation: """"\200\000\000\001&\000\000\000\007)/\351\252\261:g\237X\336\3531\020\010Q\276\230H\305\2714\032l\253n6W\035\354\257.f\r\217\302\203\224\212L\020\S\370\243OP*P\027\000\000\000\000\000\000\000\000\000\000\000\000\000\000\000\000\000\000\000\000\000\000\000\000\000\000\000\000\000\000\000\000P\031\360\215\2502\265\245\310\226\243c\302Ze\306\253#r\020\211\320iG\276\020E\317\035Sf\223F\254s!\003\255\225A\213\332\224ehh\024BDq\224\250\335`\355\353{\357\266\335<\021\032\265\177\206\356&\215vF0D\002 [\236*\377\3412\351\334\022IF\303\262\255\023~'\3069\250\325m\324\l\033&\252(\2349\034\002 T\345\034\t\330\017\264\342-rd@\340ZA\255\321\007\324\335j\342;\270\342\347\341\306P\327Ge""; ","validation: """"\200\000\000\001&\000\000\000\007)/\351\252\261:g\237X\336\3531\020\010Q\276\230H\305\2714\032l\253n6W\035\354\257.f\r\217\302\203\224\212L\020\S\370\243OP*P\027\000\000\000\000\000\000\000\000\000\000\000\000\000\000\000\000\000\000\000\000\000\000\000\000\000\000\000\000\000\000\000\000P\031\360\215\2502\265\245\310\226\243c\302Ze\306\253#r\020\211\320iG\276\020E\317\035Sf\223F\254s!\003\255\225A\213\332\224ehh\024BDq\224\250\335`\355\353{\357\266\335<\021\032\265\177\206\356&\215vF0D\002 [\236*\377\3412\351\334\022IF\303\262\255\023~'\3069\250\325m\324\l\033&\252(\2349\034\002 T\345\034\t\330\017\264\342-rd@\340ZA\255\321\007\324\335j\342;\270\342\347\341\306P\327Ge""; "
1750527537584,1750527537584,1536,1,2,1,TMStatusChange,"newEvent: neACCEPTED_LEDGER; ledgerSeq: 7; ledgerHash: ""\276\230H\305\2714\032l\253n6W\035\354\257.f\r\217\302\203\224\212L\020\S\370\243OP*""; ledgerHashPrevious: ""\360\215\2502\265\245\310\226\243c\302Ze\306\253#r\020\211\320iG\276\020E\317\035Sf\223F\254""; networkTime: 803842737; firstSeq: 1; lastSeq: 6; ","newEvent: neACCEPTED_LEDGER; ledgerSeq: 7; ledgerHash: ""\276\230H\305\2714\032l\253n6W\035\354\257.f\r\217\302\203\224\212L\020\S\370\243OP*""; ledgerHashPrevious: ""\360\215\2502\265\245\310\226\243c\302Ze\306\253#r\020\211\320iG\276\020E\317\035Sf\223F\254""; networkTime: 803842737; firstSeq: 1; lastSeq: 6; "
1750527537584,1750527537584,446,1,2,0,TMValidation,"validation: """"\200\000\000\001&\000\000\000\007)/\351\252\261:g\237X\336\3531\020\010Q\276\230H\305\2714\032l\253n6W\035\354\257.f\r\217\302\203\224\212L\020\S\370\243OP*P\027\000\000\000\000\000\000\000\000\000\000\000\000\000\000\000\000\000\000\000\000\000\000\000\000\000\000\000\000\000\000\000\000P\031\360\215\2502\265\245\310\226\243c\302Ze\306\253#r\020\211\320iG\276\020E\317\035Sf\223F\254s!\003\255\225A\213\332\224ehh\024BDq\224\250\335`\355\353{\357\266\335<\021\032\265\177\206\356&\215vF0D\002 [\236*\377\3412\351\334\022IF\303\262\255\023~'\3069\250\325m\324\l\033&\252(\2349\034\002 T\345\034\t\330\017\264\342-rd@\340ZA\255\321\007\324\335j\342;\270\342\347\341\306P\327Ge""; ","validation: """"\200\000\000\001&\000\000\000\007)/\351\252\261:g\237X\336\3531\020\010Q\276\230H\305\2714\032l\253n6W\035\354\257.f\r\217\302\203\224\212L\020\S\370\243OP*P\027\000\000\000\000\000\000\000\000\000\000\000\000\000\000\000\000\000\000\000\000\000\000\000\000\000\000\000\000\000\000\000\000P\031\360\215\2502\265\245\310\226\243c\302Ze\306\253#r\020\211\320iG\276\020E\317\035Sf\223F\254s!\003\255\225A\213\332\224ehh\024BDq\224\250\335`\355\353{\357\266\335<\021\032\265\177\206\356&\215vF0D\002 [\236*\377\3412\351\334\022IF\303\262\255\023~'\3069\250\325m\324\l\033&\252(\2349\034\002 T\345\034\t\330\017\264\342-rd@\340ZA\255\321\007\324\335j\342;\270\342\347\341\306P\327Ge""; "
1750527537605,1750527537605,1144,1,4,1,TMLedgerData,"ledgerHash: ""[\000\302\314\326\214\276@c\240\272\222{\363\314\032\213\311\316\246/\330\302\014>\022\346\234\347\264\270\350""; ledgerSeq: 0; type: liTS_CANDIDATE; nodes {;   nodedata: ""\002i\361\030\371\256\265\036\320\273\013\357<\215/(\215[\231D\357Gd\372\270\316\261\301\342\327\225\241\000GZ\227\022t\201\240u\2324P\027\307M\337'Y\361[IAD\351\374!\232\005\337\376\252\251g\004\003"";   nodeid: ""\000\000\000\000\000\000\000\000\000\000\000\000\000\000\000\000\000\000\000\000\000\000\000\000\000\000\000\000\000\000\000\000\000""; }; ","ledgerHash: ""[\000\302\314\326\214\276@c\240\272\222{\363\314\032\213\311\316\246/\330\302\014>\022\346\234\347\264\270\350""; ledgerSeq: 0; type: liTS_CANDIDATE; nodes {;   nodedata: ""\002i\361\030\371\256\265\036\320\273\013\357<\215/(\215[\231D\357Gd\372\270\316\261\301\342\327\225\241\000GZ\227\022t\201\240u\2324P\027\307M\337'Y\361[IAD\351\374!\232\005\337\376\252\251g\004\003"";   nodeid: ""\000\000\000\000\000\000\000\000\000\000\000\000\000\000\000\000\000\000\000\000\000\000\000\000\000\000\000\000\000\000\000\000\000""; }; "
1750527537606,1750527537606,1144,1,4,1,TMLedgerData,"ledgerHash: ""[\000\302\314\326\214\276@c\240\272\222{\363\314\032\213\311\316\246/\330\302\014>\022\346\234\347\264\270\350""; ledgerSeq: 0; type: liTS_CANDIDATE; nodes {;   nodedata: ""\002i\361\030\371\256\265\036\320\273\013\357<\215/(\215[\231D\357Gd\372\270\316\261\301\342\327\225\241\000GZ\227\022t\201\240u\2324P\027\307M\337'Y\361[IAD\351\374!\232\005\337\376\252\251g\004\003"";   nodeid: ""\000\000\000\000\000\000\000\000\000\000\000\000\000\000\000\000\000\000\000\000\000\000\000\000\000\000\000\000\000\000\000\000\000""; }; requestCookie: 3; ","ledgerHash: ""[\000\302\314\326\214\276@c\240\272\222{\363\314\032\213\311\316\246/\330\302\014>\022\346\234\347\264\270\350""; ledgerSeq: 0; type: liTS_CANDIDATE; nodes {;   nodedata: ""\002i\361\030\371\256\265\036\320\273\013\357<\215/(\215[\231D\357Gd\372\270\316\261\301\342\327\225\241\000GZ\227\022t\201\240u\2324P\027\307M\337'Y\361[IAD\351\374!\232\005\337\376\252\251g\004\003"";   nodeid: ""\000\000\000\000\000\000\000\000\000\000\000\000\000\000\000\000\000\000\000\000\000\000\000\000\000\000\000\000\000\000\000\000\000""; }; requestCookie: 3; "
1750527537611,1750527537611,380,1,0,4,TMGetLedger,"itype: liTS_CANDIDATE; ledgerHash: ""\363\262\310\025\251\261\276X\247\260J\221\345\357\037\231)|\321K\000\\326E\004\377\005\255""A?\250""; nodeIDs: ""\000\000\000\000\000\000\000\000\000\000\000\000\000\000\000\000\000\000\000\000\000\000\000\000\000\000\000\000\000\000\000\000\000""; queryDepth: 3; ","itype: liTS_CANDIDATE; ledgerHash: ""\363\262\310\025\251\261\276X\247\260J\221\345\357\037\231)|\321K\000\\326E\004\377\005\255""A?\250""; nodeIDs: ""\000\000\000\000\000\000\000\000\000\000\000\000\000\000\000\000\000\000\000\000\000\000\000\000\000\000\000\000\000\000\000\000\000""; queryDepth: 3; "
1750527537612,1750527537612,3094,1,0,3,TMGetLedger,"itype: liTS_CANDIDATE; ledgerHash: ""\363\262\310\025\251\261\276X\247\260J\221\345\357\037\231)|\321K\000\\326E\004\377\005\255""A?\250""; nodeIDs: ""\000\000\000\000\000\000\000\000\000\000\000\000\000\000\000\000\000\000\000\000\000\000\000\000\000\000\000\000\000\000\000\000\000""; queryDepth: 3; ","itype: liTS_CANDIDATE; ledgerHash: ""\363\262\310\025\251\261\276X\247\260J\221\345\357\037\231)|\321K\000\\326E\004\377\005\255""A?\250""; nodeIDs: ""\000\000\000\000\000\000\000\000\000\000\000\000\000\000\000\000\000\000\000\000\000\000\000\000\000\000\000\000\000\000\000\000\000""; queryDepth: 3; "
1750527537613,1750527537613,3268,1,0,2,TMProposeSet,"proposeSeq: 0; currentTxHash: ""\363\262\310\025\251\261\276X\247\260J\221\345\357\037\231)|\321K\000\\326E\004\377\005\255""A?\250""; nodePubKey: ""\002\364d\217\366\217|\316F\232\231\241\n\261\333`\312O\367\235\025DD\336e\367\n\312\326\221\037\025\230""; closeTime: 803842735; signature: ""0D\002 3\217\014\253\220\311\213\365\217\362\270z\027\272TP\247\000'N8\370NCc\031\032\234\305;\240\350\002 /\305\3337\037\327\214\345\017\3634-#\025\200\030\245\372t\304\372\364\025\362\200\271b\224\322\220\360h""; previousledger: ""\360\215\2502\265\245\310\226\243c\302Ze\306\253#r\020\211\320iG\276\020E\317\035Sf\223F\254""; ","proposeSeq: 0; currentTxHash: ""\363\262\310\025\251\261\276X\247\260J\221\345\357\037\231)|\321K\000\\326E\004\377\005\255""A?\250""; nodePubKey: ""\002\364d\217\366\217|\316F\232\231\241\n\261\333`\312O\367\235\025DD\336e\367\n\312\326\221\037\025\230""; closeTime: 803842735; signature: ""0D\002 3\217\014\253\220\311\213\365\217\362\270z\027\272TP\247\000'N8\370NCc\031\032\234\305;\240\350\002 /\305\3337\037\327\214\345\017\3634-#\025\200\030\245\372t\304\372\364\025\362\200\271b\224\322\220\360h""; previousledger: ""\360\215\2502\265\245\310\226\243c\302Ze\306\253#r\020\211\320iG\276\020E\317\035Sf\223F\254""; "
1750527537613,1750527537613,3504,1,0,4,TMProposeSet,"proposeSeq: 0; currentTxHash: ""\363\262\310\025\251\261\276X\247\260J\221\345\357\037\231)|\321K\000\\326E\004\377\005\255""A?\250""; nodePubKey: ""\002\364d\217\366\217|\316F\232\231\241\n\261\333`\312O\367\235\025DD\336e\367\n\312\326\221\037\025\230""; closeTime: 803842735; signature: ""0D\002 3\217\014\253\220\311\213\365\217\362\270z\027\272TP\247\000'N8\370NCc\031\032\234\305;\240\350\002 /\305\3337\037\327\214\345\017\3634-#\025\200\030\245\372t\304\372\364\025\362\200\271b\224\322\220\360h""; previousledger: ""\360\215\2502\265\245\310\226\243c\302Ze\306\253#r\020\211\320iG\276\020E\317\035Sf\223F\254""; ","proposeSeq: 0; currentTxHash: ""\363\262\310\025\251\261\276X\247\260J\221\345\357\037\231)|\321K\000\\326E\004\377\005\255""A?\250""; nodePubKey: ""\002\364d\217\366\217|\316F\232\231\241\n\261\333`\312O\367\235\025DD\336e\367\n\312\326\221\037\025\230""; closeTime: 803842735; signature: ""0D\002 3\217\014\253\220\311\213\365\217\362\270z\027\272TP\247\000'N8\370NCc\031\032\234\305;\240\350\002 /\305\3337\037\327\214\345\017\3634-#\025\200\030\245\372t\304\372\364\025\362\200\271b\224\322\220\360h""; previousledger: ""\360\215\2502\265\245\310\226\243c\302Ze\306\253#r\020\211\320iG\276\020E\317\035Sf\223F\254""; "
1750527537613,1750527537613,3849,1,0,1,TMProposeSet,"proposeSeq: 0; currentTxHash: ""\363\262\310\025\251\261\276X\247\260J\221\345\357\037\231)|\321K\000\\326E\004\377\005\255""A?\250""; nodePubKey: ""\002\364d\217\366\217|\316F\232\231\241\n\261\333`\312O\367\235\025DD\336e\367\n\312\326\221\037\025\230""; closeTime: 803842735; signature: ""0D\002 3\217\014\253\220\311\213\365\217\362\270z\027\272TP\247\000'N8\370NCc\031\032\234\305;\240\350\002 /\305\3337\037\327\214\345\017\3634-#\025\200\030\245\372t\304\372\364\025\362\200\271b\224\322\220\360h""; previousledger: ""\360\215\2502\265\245\310\226\243c\302Ze\306\253#r\020\211\320iG\276\020E\317\035Sf\223F\254""; ","proposeSeq: 0; currentTxHash: ""\363\262\310\025\251\261\276X\247\260J\221\345\357\037\231)|\321K\000\\326E\004\377\005\255""A?\250""; nodePubKey: ""\002\364d\217\366\217|\316F\232\231\241\n\261\333`\312O\367\235\025DD\336e\367\n\312\326\221\037\025\230""; closeTime: 803842735; signature: ""0D\002 3\217\014\253\220\311\213\365\217\362\270z\027\272TP\247\000'N8\370NCc\031\032\234\305;\240\350\002 /\305\3337\037\327\214\345\017\3634-#\025\200\030\245\372t\304\372\364\025\362\200\271b\224\322\220\360h""; previousledger: ""\360\215\2502\265\245\310\226\243c\302Ze\306\253#r\020\211\320iG\276\020E\317\035Sf\223F\254""; "
1750527537628,1750527537628,1932,1,4,0,TMGetLedger,"itype: liTS_CANDIDATE; ledgerHash: ""\341\310\354\0213\033\013\350\207z\236R(|z&\034\335\266\323\356\205\273DV\210\254\213T\rZ\347""; nodeIDs: ""\000\000\000\000\000\000\000\000\000\000\000\000\000\000\000\000\000\000\000\000\000\000\000\000\000\000\000\000\000\000\000\000\000""; queryType: qtINDIRECT; queryDepth: 3; ","itype: liTS_CANDIDATE; ledgerHash: ""\341\310\354\0213\033\013\350\207z\236R(|z&\034\335\266\323\356\205\273DV\210\254\213T\rZ\347""; nodeIDs: ""\000\000\000\000\000\000\000\000\000\000\000\000\000\000\000\000\000\000\000\000\000\000\000\000\000\000\000\000\000\000\000\000\000""; queryType: qtINDIRECT; queryDepth: 3; "
1750527537629,1750527537629,559,1,4,3,TMGetLedger,"itype: liTS_CANDIDATE; ledgerHash: ""\341\310\354\0213\033\013\350\207z\236R(|z&\034\335\266\323\356\205\273DV\210\254\213T\rZ\347""; nodeIDs: ""\000\000\000\000\000\000\000\000\000\000\000\000\000\000\000\000\000\000\000\000\000\000\000\000\000\000\000\000\000\000\000\000\000""; queryType: qtINDIRECT; queryDepth: 3; ","itype: liTS_CANDIDATE; ledgerHash: ""\341\310\354\0213\033\013\350\207z\236R(|z&\034\335\266\323\356\205\273DV\210\254\213T\rZ\347""; nodeIDs: ""\000\000\000\000\000\000\000\000\000\000\000\000\000\000\000\000\000\000\000\000\000\000\000\000\000\000\000\000\000\000\000\000\000""; queryType: qtINDIRECT; queryDepth: 3; "
1750527537629,1750527537629,2309,1,4,2,TMGetLedger,"itype: liTS_CANDIDATE; ledgerHash: ""\341\310\354\0213\033\013\350\207z\236R(|z&\034\335\266\323\356\205\273DV\210\254\213T\rZ\347""; nodeIDs: ""\000\000\000\000\000\000\000\000\000\000\000\000\000\000\000\000\000\000\000\000\000\000\000\000\000\000\000\000\000\000\000\000\000""; queryType: qtINDIRECT; queryDepth: 3; ","itype: liTS_CANDIDATE; ledgerHash: ""\341\310\354\0213\033\013\350\207z\236R(|z&\034\335\266\323\356\205\273DV\210\254\213T\rZ\347""; nodeIDs: ""\000\000\000\000\000\000\000\000\000\000\000\000\000\000\000\000\000\000\000\000\000\000\000\000\000\000\000\000\000\000\000\000\000""; queryType: qtINDIRECT; queryDepth: 3; "
1750527537640,1750527537640,2079,1,3,1,TMGetLedger,"itype: liTS_CANDIDATE; ledgerHash: ""3\321\n7\354)\tf\006\357\205B<h\272GQ \344\262\236\025#\003\024&\310\034\352\376\326""; nodeIDs: ""\000\000\000\000\000\000\000\000\000\000\000\000\000\000\000\000\000\000\000\000\000\000\000\000\000\000\000\000\000\000\000\000\000""; queryType: qtINDIRECT; queryDepth: 3; ","itype: liTS_CANDIDATE; ledgerHash: ""3\321\n7\354)\tf\006\357\205B<h\272GQ \344\262\236\025#\003\024&\310\034\352\376\326""; nodeIDs: ""\000\000\000\000\000\000\000\000\000\000\000\000\000\000\000\000\000\000\000\000\000\000\000\000\000\000\000\000\000\000\000\000\000""; queryType: qtINDIRECT; queryDepth: 3; "
1750527537641,1750527537641,2794,1,3,2,TMGetLedger,"itype: liTS_CANDIDATE; ledgerHash: ""3\321\n7\354)\tf\006\357\205B<h\272GQ \344\262\236\025#\003\024&\310\034\352\376\326""; nodeIDs: ""\000\000\000\000\000\000\000\000\000\000\000\000\000\000\000\000\000\000\000\000\000\000\000\000\000\000\000\000\000\000\000\000\000""; queryType: qtINDIRECT; queryDepth: 3; ","itype: liTS_CANDIDATE; ledgerHash: ""3\321\n7\354)\tf\006\357\205B<h\272GQ \344\262\236\025#\003\024&\310\034\352\376\326""; nodeIDs: ""\000\000\000\000\000\000\000\000\000\000\000\000\000\000\000\000\000\000\000\000\000\000\000\000\000\000\000\000\000\000\000\000\000""; queryType: qtINDIRECT; queryDepth: 3; "
1750527537641,1750527537641,1019,1,3,4,TMGetLedger,"itype: liTS_CANDIDATE; ledgerHash: ""3\321\n7\354)\tf\006\357\205B<h\272GQ \344\262\236\025#\003\024&\310\034\352\376\326""; nodeIDs: ""\000\000\000\000\000\000\000\000\000\000\000\000\000\000\000\000\000\000\000\000\000\000\000\000\000\000\000\000\000\000\000\000\000""; queryType: qtINDIRECT; queryDepth: 3; ","itype: liTS_CANDIDATE; ledgerHash: ""3\321\n7\354)\tf\006\357\205B<h\272GQ \344\262\236\025#\003\024&\310\034\352\376\326""; nodeIDs: ""\000\000\000\000\000\000\000\000\000\000\000\000\000\000\000\000\000\000\000\000\000\000\000\000\000\000\000\000\000\000\000\000\000""; queryType: qtINDIRECT; queryDepth: 3; "
1750527537641,1750527537642,1131,1,3,0,TMGetLedger,"itype: liTS_CANDIDATE; ledgerHash: ""3\321\n7\354)\tf\006\357\205B<h\272GQ \344\262\236\025#\003\024&\310\034\352\376\326""; nodeIDs: ""\000\000\000\000\000\000\000\000\000\000\000\000\000\000\000\000\000\000\000\000\000\000\000\000\000\000\000\000\000\000\000\000\000""; queryType: qtINDIRECT; queryDepth: 3; ","itype: liTS_CANDIDATE; ledgerHash: ""3\321\n7\354)\tf\006\357\205B<h\272GQ \344\262\236\025#\003\024&\310\034\352\376\326""; nodeIDs: ""\000\000\000\000\000\000\000\000\000\000\000\000\000\000\000\000\000\000\000\000\000\000\000\000\000\000\000\000\000\000\000\000\000""; queryType: qtINDIRECT; queryDepth: 3; "
1750527537645,1750527537645,1961,1,1,4,TMStatusChange,"newEvent: neACCEPTED_LEDGER; ledgerSeq: 7; ledgerHash: ""\326+\03569g\235`}\354\203s\003\217_Vf \233\324\237yU<\242:Zr\321\340\201]""; ledgerHashPrevious: ""\360\215\2502\265\245\310\226\243c\302Ze\306\253#r\020\211\320iG\276\020E\317\035Sf\223F\254""; networkTime: 803842737; firstSeq: 1; lastSeq: 6; ","newEvent: neACCEPTED_LEDGER; ledgerSeq: 7; ledgerHash: ""\326+\03569g\235`}\354\203s\003\217_Vf \233\324\237yU<\242:Zr\321\340\201]""; ledgerHashPrevious: ""\360\215\2502\265\245\310\226\243c\302Ze\306\253#r\020\211\320iG\276\020E\317\035Sf\223F\254""; networkTime: 803842737; firstSeq: 1; lastSeq: 6; "
1750527537646,1750527537646,3322,1,1,3,TMStatusChange,"newEvent: neACCEPTED_LEDGER; ledgerSeq: 7; ledgerHash: ""\326+\03569g\235`}\354\203s\003\217_Vf \233\324\237yU<\242:Zr\321\340\201]""; ledgerHashPrevious: ""\360\215\2502\265\245\310\226\243c\302Ze\306\253#r\020\211\320iG\276\020E\317\035Sf\223F\254""; networkTime: 803842737; firstSeq: 1; lastSeq: 6; ","newEvent: neACCEPTED_LEDGER; ledgerSeq: 7; ledgerHash: ""\326+\03569g\235`}\354\203s\003\217_Vf \233\324\237yU<\242:Zr\321\340\201]""; ledgerHashPrevious: ""\360\215\2502\265\245\310\226\243c\302Ze\306\253#r\020\211\320iG\276\020E\317\035Sf\223F\254""; networkTime: 803842737; firstSeq: 1; lastSeq: 6; "
1750527537646,1750527537646,3746,1,1,4,TMValidation,"validation: """"\200\000\000\001&\000\000\000\007)/\351\252\261:\303`\246;Q\203[_Q\326+\03569g\235`}\354\203s\003\217_Vf \233\324\237yU<\242:Zr\321\340\201]P\027\341\310\354\0213\033\013\350\207z\236R(|z&\034\335\266\323\356\205\273DV\210\254\213T\rZ\347P\031\360\215\2502\265\245\310\226\243c\302Ze\306\253#r\020\211\320iG\276\020E\317\035Sf\223F\254s!\002\266\377\271\344:\030\221i\267\257\215\237M\014\3345f\014\273|\207\367\334\337F\325\004cxB\211LvG0E\002!\000\237\224L\326\022\330X\267\265&\351\023\340r\023\232\255f\306\211lf\347\000\374M\242\210K<I\357\002 )\325\316a\261F/0\213\003BY\r.\224\227\036\032\366g\304P\213\341pt\2563\367\222\3416""; ","validation: """"\200\000\000\001&\000\000\000\007)/\351\252\261:\303`\246;Q\203[_Q\326+\03569g\235`}\354\203s\003\217_Vf \233\324\237yU<\242:Zr\321\340\201]P\027\341\310\354\0213\033\013\350\207z\236R(|z&\034\335\266\323\356\205\273DV\210\254\213T\rZ\347P\031\360\215\2502\265\245\310\226\243c\302Ze\306\253#r\020\211\320iG\276\020E\317\035Sf\223F\254s!\002\266\377\271\344:\030\221i\267\257\215\237M\014\3345f\014\273|\207\367\334\337F\325\004cxB\211LvG0E\002!\000\237\224L\326\022\330X\267\265&\351\023\340r\023\232\255f\306\211lf\347\000\374M\242\210K<I\357\002 )\325\316a\261F/0\213\003BY\r.\224\227\036\032\366g\304P\213\341pt\2563\367\222\3416""; "
1750527537647,1750527537647,949,1,1,2,TMValidation,"validation: """"\200\000\000\001&\000\000\000\007)/\351\252\261:\303`\246;Q\203[_Q\326+\03569g\235`}\354\203s\003\217_Vf \233\324\237yU<\242:Zr\321\340\201]P\027\341\310\354\0213\033\013\350\207z\236R(|z&\034\335\266\323\356\205\273DV\210\254\213T\rZ\347P\031\360\215\2502\265\245\310\226\243c\302Ze\306\253#r\020\211\320iG\276\020E\317\035Sf\223F\254s!\002\266\377\271\344:\030\221i\267\257\215\237M\014\3345f\014\273|\207\367\334\337F\325\004cxB\211LvG0E\002!\000\237\224L\326\022\330X\267\265&\351\023\340r\023\232\255f\306\211lf\347\000\374M\242\210K<I\357\002 )\325\316a\261F/0\213\003BY\r.\224\227\036\032\366g\304P\213\341pt\2563\367\222\3416""; ","validation: """"\200\000\000\001&\000\000\000\007)/\351\252\261:\303`\246;Q\203[_Q\326+\03569g\235`}\354\203s\003\217_Vf \233\324\237yU<\242:Zr\321\340\201]P\027\341\310\354\0213\033\013\350\207z\236R(|z&\034\335\266\323\356\205\273DV\210\254\213T\rZ\347P\031\360\215\2502\265\245\310\226\243c\302Ze\306\253#r\020\211\320iG\276\020E\317\035Sf\223F\254s!\002\266\377\271\344:\030\221i\267\257\215\237M\014\3345f\014\273|\207\367\334\337F\325\004cxB\211LvG0E\002!\000\237\224L\326\022\330X\267\265&\351\023\340r\023\232\255f\306\211lf\347\000\374M\242\210K<I\357\002 )\325\316a\261F/0\213\003BY\r.\224\227\036\032\366g\304P\213\341pt\2563\367\222\3416""; "
1750527537647,1750527537647,3625,1,1,0,TMStatusChange,"newEvent: neACCEPTED_LEDGER; ledgerSeq: 7; ledgerHash: ""\326+\03569g\235`}\354\203s\003\217_Vf \233\324\237yU<\242:Zr\321\340\201]""; ledgerHashPrevious: ""\360\215\2502\265\245\310\226\243c\302Ze\306\253#r\020\211\320iG\276\020E\317\035Sf\223F\254""; networkTime: 803842737; firstSeq: 1; lastSeq: 6; ","newEvent: neACCEPTED_LEDGER; ledgerSeq: 7; ledgerHash: ""\326+\03569g\235`}\354\203s\003\217_Vf \233\324\237yU<\242:Zr\321\340\201]""; ledgerHashPrevious: ""\360\215\2502\265\245\310\226\243c\302Ze\306\253#r\020\211\320iG\276\020E\317\035Sf\223F\254""; networkTime: 803842737; firstSeq: 1; lastSeq: 6; "
1750527537647,1750527537647,2229,1,1,0,TMValidation,"validation: """"\200\000\000\001&\000\000\000\007)/\351\252\261:\303`\246;Q\203[_Q\326+\03569g\235`}\354\203s\003\217_Vf \233\324\237yU<\242:Zr\321\340\201]P\027\341\310\354\0213\033\013\350\207z\236R(|z&\034\335\266\323\356\205\273DV\210\254\213T\rZ\347P\031\360\215\2502\265\245\310\226\243c\302Ze\306\253#r\020\211\320iG\276\020E\317\035Sf\223F\254s!\002\266\377\271\344:\030\221i\267\257\215\237M\014\3345f\014\273|\207\367\334\337F\325\004cxB\211LvG0E\002!\000\237\224L\326\022\330X\267\265&\351\023\340r\023\232\255f\306\211lf\347\000\374M\242\210K<I\357\002 )\325\316a\261F/0\213\003BY\r.\224\227\036\032\366g\304P\213\341pt\2563\367\222\3416""; ","validation: """"\200\000\000\001&\000\000\000\007)/\351\252\261:\303`\246;Q\203[_Q\326+\03569g\235`}\354\203s\003\217_Vf \233\324\237yU<\242:Zr\321\340\201]P\027\341\310\354\0213\033\013\350\207z\236R(|z&\034\335\266\323\356\205\273DV\210\254\213T\rZ\347P\031\360\215\2502\265\245\310\226\243c\302Ze\306\253#r\020\211\320iG\276\020E\317\035Sf\223F\254s!\002\266\377\271\344:\030\221i\267\257\215\237M\014\3345f\014\273|\207\367\334\337F\325\004cxB\211LvG0E\002!\000\237\224L\326\022\330X\267\265&\351\023\340r\023\232\255f\306\211lf\347\000\374M\242\210K<I\357\002 )\325\316a\261F/0\213\003BY\r.\224\227\036\032\366g\304P\213\341pt\2563\367\222\3416""; "
1750527537648,1750527537648,798,1,1,2,TMStatusChange,"newEvent: neACCEPTED_LEDGER; ledgerSeq: 7; ledgerHash: ""\326+\03569g\235`}\354\203s\003\217_Vf \233\324\237yU<\242:Zr\321\340\201]""; ledgerHashPrevious: ""\360\215\2502\265\245\310\226\243c\302Ze\306\253#r\020\211\320iG\276\020E\317\035Sf\223F\254""; networkTime: 803842737; firstSeq: 1; lastSeq: 6; ","newEvent: neACCEPTED_LEDGER; ledgerSeq: 7; ledgerHash: ""\326+\03569g\235`}\354\203s\003\217_Vf \233\324\237yU<\242:Zr\321\340\201]""; ledgerHashPrevious: ""\360\215\2502\265\245\310\226\243c\302Ze\306\253#r\020\211\320iG\276\020E\317\035Sf\223F\254""; networkTime: 803842737; firstSeq: 1; lastSeq: 6; "
1750527537648,1750527537649,1311,1,1,3,TMValidation,"validation: """"\200\000\000\001&\000\000\000\007)/\351\252\261:\303`\246;Q\203[_Q\326+\03569g\235`}\354\203s\003\217_Vf \233\324\237yU<\242:Zr\321\340\201]P\027\341\310\354\0213\033\013\350\207z\236R(|z&\034\335\266\323\356\205\273DV\210\254\213T\rZ\347P\031\360\215\2502\265\245\310\226\243c\302Ze\306\253#r\020\211\320iG\276\020E\317\035Sf\223F\254s!\002\266\377\271\344:\030\221i\267\257\215\237M\014\3345f\014\273|\207\367\334\337F\325\004cxB\211LvG0E\002!\000\237\224L\326\022\330X\267\265&\351\023\340r\023\232\255f\306\211lf\347\000\374M\242\210K<I\357\002 )\325\316a\261F/0\213\003BY\r.\224\227\036\032\366g\304P\213\341pt\2563\367\222\3416""; ","validation: """"\200\000\000\001&\000\000\000\007)/\351\252\261:\303`\246;Q\203[_Q\326+\03569g\235`}\354\203s\003\217_Vf \233\324\237yU<\242:Zr\321\340\201]P\027\341\310\354\0213\033\013\350\207z\236R(|z&\034\335\266\323\356\205\273DV\210\254\213T\rZ\347P\031\360\215\2502\265\245\310\226\243c\302Ze\306\253#r\020\211\320iG\276\020E\317\035Sf\223F\254s!\002\266\377\271\344:\030\221i\267\257\215\237M\014\3345f\014\273|\207\367\334\337F\325\004cxB\211LvG0E\002!\000\237\224L\326\022\330X\267\265&\351\023\340r\023\232\255f\306\211lf\347\000\374M\242\210K<I\357\002 )\325\316a\261F/0\213\003BY\r.\224\227\036\032\366g\304P\213\341pt\2563\367\222\3416""; "
1750527537650,1750527537651,2101,1,4,1,TMGetLedger,"itype: liTS_CANDIDATE; ledgerHash: ""\341\310\354\0213\033\013\350\207z\236R(|z&\034\335\266\323\356\205\273DV\210\254\213T\rZ\347""; nodeIDs: ""\000\000\000\000\000\000\000\000\000\000\000\000\000\000\000\000\000\000\000\000\000\000\000\000\000\000\000\000\000\000\000\000\000""; queryType: qtINDIRECT; queryDepth: 3; ","itype: liTS_CANDIDATE; ledgerHash: ""\341\310\354\0213\033\013\350\207z\236R(|z&\034\335\266\323\356\205\273DV\210\254\213T\rZ\347""; nodeIDs: ""\000\000\000\000\000\000\000\000\000\000\000\000\000\000\000\000\000\000\000\000\000\000\000\000\000\000\000\000\000\000\000\000\000""; queryType: qtINDIRECT; queryDepth: 3; "
1750527537661,1750527537661,1932,1,4,0,TMGetLedger,"itype: liTS_CANDIDATE; ledgerHash: ""3\321\n7\354)\tf\006\357\205B<h\272GQ \344\262\236\025#\003\024&\310\034\352\376\326""; nodeIDs: ""\000\000\000\000\000\000\000\000\000\000\000\000\000\000\000\000\000\000\000\000\000\000\000\000\000\000\000\000\000\000\000\000\000""; requestCookie: 4; queryType: qtINDIRECT; queryDepth: 3; ","itype: liTS_CANDIDATE; ledgerHash: ""3\321\n7\354)\tf\006\357\205B<h\272GQ \344\262\236\025#\003\024&\310\034\352\376\326""; nodeIDs: ""\000\000\000\000\000\000\000\000\000\000\000\000\000\000\000\000\000\000\000\000\000\000\000\000\000\000\000\000\000\000\000\000\000""; requestCookie: 4; queryType: qtINDIRECT; queryDepth: 3; "
1750527537714,1750527537714,860,1,1,0,TMLedgerData,"ledgerHash: ""[\000\302\314\326\214\276@c\240\272\222{\363\314\032\213\311\316\246/\330\302\014>\022\346\234\347\264\270\350""; ledgerSeq: 0; type: liTS_CANDIDATE; nodes {;   nodedata: ""\002i\361\030\371\256\265\036\320\273\013\357<\215/(\215[\231D\357Gd\372\270\316\261\301\342\327\225\241\000GZ\227\022t\201\240u\2324P\027\307M\337'Y\361[IAD\351\374!\232\005\337\376\252\251g\004\003"";   nodeid: ""\000\000\000\000\000\000\000\000\000\000\000\000\000\000\000\000\000\000\000\000\000\000\000\000\000\000\000\000\000\000\000\000\000""; }; ","ledgerHash: ""[\000\302\314\326\214\276@c\240\272\222{\363\314\032\213\311\316\246/\330\302\014>\022\346\234\347\264\270\350""; ledgerSeq: 0; type: liTS_CANDIDATE; nodes {;   nodedata: ""\002i\361\030\371\256\265\036\320\273\013\357<\215/(\215[\231D\357Gd\372\270\316\261\301\342\327\225\241\000GZ\227\022t\201\240u\2324P\027\307M\337'Y\361[IAD\351\374!\232\005\337\376\252\251g\004\003"";   nodeid: ""\000\000\000\000\000\000\000\000\000\000\000\000\000\000\000\000\000\000\000\000\000\000\000\000\000\000\000\000\000\000\000\000\000""; }; "
1750527537718,1750527537718,3578,1,1,3,TMLedgerData,"ledgerHash: ""[\000\302\314\326\214\276@c\240\272\222{\363\314\032\213\311\316\246/\330\302\014>\022\346\234\347\264\270\350""; ledgerSeq: 0; type: liTS_CANDIDATE; nodes {;   nodedata: ""\002i\361\030\371\256\265\036\320\273\013\357<\215/(\215[\231D\357Gd\372\270\316\261\301\342\327\225\241\000GZ\227\022t\201\240u\2324P\027\307M\337'Y\361[IAD\351\374!\232\005\337\376\252\251g\004\003"";   nodeid: ""\000\000\000\000\000\000\000\000\000\000\000\000\000\000\000\000\000\000\000\000\000\000\000\000\000\000\000\000\000\000\000\000\000""; }; ","ledgerHash: ""[\000\302\314\326\214\276@c\240\272\222{\363\314\032\213\311\316\246/\330\302\014>\022\346\234\347\264\270\350""; ledgerSeq: 0; type: liTS_CANDIDATE; nodes {;   nodedata: ""\002i\361\030\371\256\265\036\320\273\013\357<\215/(\215[\231D\357Gd\372\270\316\261\301\342\327\225\241\000GZ\227\022t\201\240u\2324P\027\307M\337'Y\361[IAD\351\374!\232\005\337\376\252\251g\004\003"";   nodeid: ""\000\000\000\000\000\000\000\000\000\000\000\000\000\000\000\000\000\000\000\000\000\000\000\000\000\000\000\000\000\000\000\000\000""; }; "
1750527537721,1750527537721,1539,1,4,2,TMLedgerData,"ledgerHash: ""[\000\302\314\326\214\276@c\240\272\222{\363\314\032\213\311\316\246/\330\302\014>\022\346\234\347\264\270\350""; ledgerSeq: 0; type: liTS_CANDIDATE; nodes {;   nodedata: ""\002i\361\030\371\256\265\036\320\273\013\357<\215/(\215[\231D\357Gd\372\270\316\261\301\342\327\225\241\000GZ\227\022t\201\240u\2324P\027\307M\337'Y\361[IAD\351\374!\232\005\337\376\252\251g\004\003"";   nodeid: ""\000\000\000\000\000\000\000\000\000\000\000\000\000\000\000\000\000\000\000\000\000\000\000\000\000\000\000\000\000\000\000\000\000""; }; ","ledgerHash: ""[\000\302\314\326\214\276@c\240\272\222{\363\314\032\213\311\316\246/\330\302\014>\022\346\234\347\264\270\350""; ledgerSeq: 0; type: liTS_CANDIDATE; nodes {;   nodedata: ""\002i\361\030\371\256\265\036\320\273\013\357<\215/(\215[\231D\357Gd\372\270\316\261\301\342\327\225\241\000GZ\227\022t\201\240u\2324P\027\307M\337'Y\361[IAD\351\374!\232\005\337\376\252\251g\004\003"";   nodeid: ""\000\000\000\000\000\000\000\000\000\000\000\000\000\000\000\000\000\000\000\000\000\000\000\000\000\000\000\000\000\000\000\000\000""; }; "
1750527537736,1750527537736,1665,1,2,3,TMLedgerData,"ledgerHash: ""[\000\302\314\326\214\276@c\240\272\222{\363\314\032\213\311\316\246/\330\302\014>\022\346\234\347\264\270\350""; ledgerSeq: 0; type: liTS_CANDIDATE; nodes {;   nodedata: ""\002i\361\030\371\256\265\036\320\273\013\357<\215/(\215[\231D\357Gd\372\270\316\261\301\342\327\225\241\000GZ\227\022t\201\240u\2324P\027\307M\337'Y\361[IAD\351\374!\232\005\337\376\252\251g\004\003"";   nodeid: ""\000\000\000\000\000\000\000\000\000\000\000\000\000\000\000\000\000\000\000\000\000\000\000\000\000\000\000\000\000\000\000\000\000""; }; ","ledgerHash: ""[\000\302\314\326\214\276@c\240\272\222{\363\314\032\213\311\316\246/\330\302\014>\022\346\234\347\264\270\350""; ledgerSeq: 0; type: liTS_CANDIDATE; nodes {;   nodedata: ""\002i\361\030\371\256\265\036\320\273\013\357<\215/(\215[\231D\357Gd\372\270\316\261\301\342\327\225\241\000GZ\227\022t\201\240u\2324P\027\307M\337'Y\361[IAD\351\374!\232\005\337\376\252\251g\004\003"";   nodeid: ""\000\000\000\000\000\000\000\000\000\000\000\000\000\000\000\000\000\000\000\000\000\000\000\000\000\000\000\000\000\000\000\000\000""; }; "
1750527537738,1750527537739,1813,1,3,1,TMLedgerData,"ledgerHash: ""\360\215\2502\265\245\310\226\243c\302Ze\306\253#r\020\211\320iG\276\020E\317\035Sf\223F\254""; ledgerSeq: 6; type: liBASE; nodes {;   nodedata: ""\000\000\000\006\001cEx]\211\377\342\331]\036\237\306o!\223\221\002\324\031\262\240R\177 ,\214\325\Q])\016\2067\277\t\354\010\000\000\000\000\000\000\000\000\000\000\000\000\000\000\000\000\000\000\000\000\000\000\000\000\000\000\000\000\000\000\000\000\000;\\334dC\372\352v(\002\203\271\206-\030\334\035kf\277\307\257KU\317""\352\376\225T~7/\351\252\252/\351\252\253\n\000""; }; nodes {;   nodedata: ""\341\035\262xv\226\317f5\366\365\252a\177\355\302\326\t\222~j\320f\374/ \363\256\257\361 \303\001\301\025%1L\307\t\261\262z\374\222T\301\274V\236\223\262\270Ct\362\337b\356\024*\324\320\351\317\002k\336\234\027v\351\217\260\303\360\233ZPZWr\246$w\313\313\r\243r\232\2234\373\3539:N\004;tP\302\307\005x\n\302lQ\275\237<g\321\233$\274p\355\310J\230\370\306\264\314\367C\275\272\006E\344\037@\210\363\010\336T\226\247'\204_{\261\370""1\235\2445\343\033Y!\212\201\341\272\225'\007\251:\312'v\340W\267\255\263\260Tw\t\325Y\300\315\030\025:a\200\000V\277\320i\330\327I\036\013\003""; }; ","ledgerHash: ""\360\215\2502\265\245\310\226\243c\302Ze\306\253#r\020\211\320iG\276\020E\317\035Sf\223F\254""; ledgerSeq: 6; type: liBASE; nodes {;   nodedata: ""\000\000\000\006\001cEx]\211\377\342\331]\036\237\306o!\223\221\002\324\031\262\240R\177 ,\214\325\Q])\016\2067\277\t\354\010\000\000\000\000\000\000\000\000\000\000\000\000\000\000\000\000\000\000\000\000\000\000\000\000\000\000\000\000\000\000\000\000\000;\\334dC\372\352v(\002\203\271\206-\030\334\035kf\277\307\257KU\317""\352\376\225T~7/\351\252\252/\351\252\253\n\000""; }; nodes {;   nodedata: ""\341\035\262xv\226\317f5\366\365\252a\177\355\302\326\t\222~j\320f\374/ \363\256\257\361 \303\001\301\025%1L\307\t\261\262z\374\222T\301\274V\236\223\262\270Ct\362\337b\356\024*\324\320\351\317\002k\336\234\027v\351\217\260\303\360\233ZPZWr\246$w\313\313\r\243r\232\2234\373\3539:N\004;tP\302\307\005x\n\302lQ\275\237<g\321\233$\274p\355\310J\230\370\306\264\314\367C\275\272\006E\344\037@\210\363\010\336T\226\247'\204_{\261\370""1\235\2445\343\033Y!\212\201\341\272\225'\007\251:\312'v\340W\267\255\263\260Tw\t\325Y\300\315\030\025:a\200\000V\277\320i\330\327I\036\013\003""; }; "
1750527537740,1750527537740,1813,1,3,1,TMLedgerData,"ledgerHash: ""\360\215\2502\265\245\310\226\243c\302Ze\306\253#r\020\211\320iG\276\020E\317\035Sf\223F\254""; ledgerSeq: 6; type: liBASE; nodes {;   nodedata: ""\000\000\000\006\001cEx]\211\377\342\331]\036\237\306o!\223\221\002\324\031\262\240R\177 ,\214\325\Q])\016\2067\277\t\354\010\000\000\000\000\000\000\000\000\000\000\000\000\000\000\000\000\000\000\000\000\000\000\000\000\000\000\000\000\000\000\000\000\000;\\334dC\372\352v(\002\203\271\206-\030\334\035kf\277\307\257KU\317""\352\376\225T~7/\351\252\252/\351\252\253\n\000""; }; nodes {;   nodedata: ""\341\035\262xv\226\317f5\366\365\252a\177\355\302\326\t\222~j\320f\374/ \363\256\257\361 \303\001\301\025%1L\307\t\261\262z\374\222T\301\274V\236\223\262\270Ct\362\337b\356\024*\324\320\351\317\002k\336\234\027v\351\217\260\303\360\233ZPZWr\246$w\313\313\r\243r\232\2234\373\3539:N\004;tP\302\307\005x\n\302lQ\275\237<g\321\233$\274p\355\310J\230\370\306\264\314\367C\275\272\006E\344\037@\210\363\010\336T\226\247'\204_{\261\370""1\235\2445\343\033Y!\212\201\341\272\225'\007\251:\312'v\340W\267\255\263\260Tw\t\325Y\300\315\030\025:a\200\000V\277\320i\330\327I\036\013\003""; }; ","ledgerHash: ""\360\215\2502\265\245\310\226\243c\302Ze\306\253#r\020\211\320iG\276\020E\317\035Sf\223F\254""; ledgerSeq: 6; type: liBASE; nodes {;   nodedata: ""\000\000\000\006\001cEx]\211\377\342\331]\036\237\306o!\223\221\002\324\031\262\240R\177 ,\214\325\Q])\016\2067\277\t\354\010\000\000\000\000\000\000\000\000\000\000\000\000\000\000\000\000\000\000\000\000\000\000\000\000\000\000\000\000\000\000\000\000\000;\\334dC\372\352v(\002\203\271\206-\030\334\035kf\277\307\257KU\317""\352\376\225T~7/\351\252\252/\351\252\253\n\000""; }; nodes {;   nodedata: ""\341\035\262xv\226\317f5\366\365\252a\177\355\302\326\t\222~j\320f\374/ \363\256\257\361 \303\001\301\025%1L\307\t\261\262z\374\222T\301\274V\236\223\262\270Ct\362\337b\356\024*\324\320\351\317\002k\336\234\027v\351\217\260\303\360\233ZPZWr\246$w\313\313\r\243r\232\2234\373\3539:N\004;tP\302\307\005x\n\302lQ\275\237<g\321\233$\274p\355\310J\230\370\306\264\314\367C\275\272\006E\344\037@\210\363\010\336T\226\247'\204_{\261\370""1\235\2445\343\033Y!\212\201\341\272\225'\007\251:\312'v\340W\267\255\263\260Tw\t\325Y\300\315\030\025:a\200\000V\277\320i\330\327I\036\013\003""; }; "
1750527537746,1750527537746,1212,1,2,4,TMLedgerData,"ledgerHash: ""\310\200l\322\255\214\342'\243\202\375k%_\335\032N\021G\005\230\271\366~%e\366\202l^\rR""; ledgerSeq: 0; type: liTS_CANDIDATE; nodes {;   nodedata: ""GZ\227\022t\201\240u\2324P\027\307M\337'Y\361[IAD\351\374!\232\005\337\376\252\251g\004\003"";   nodeid: ""\000\000\000\000\000\000\000\000\000\000\000\000\000\000\000\000\000\000\000\000\000\000\000\000\000\000\000\000\000\000\000\000\000""; }; ","ledgerHash: ""\310\200l\322\255\214\342'\243\202\375k%_\335\032N\021G\005\230\271\366~%e\366\202l^\rR""; ledgerSeq: 0; type: liTS_CANDIDATE; nodes {;   nodedata: ""GZ\227\022t\201\240u\2324P\027\307M\337'Y\361[IAD\351\374!\232\005\337\376\252\251g\004\003"";   nodeid: ""\000\000\000\000\000\000\000\000\000\000\000\000\000\000\000\000\000\000\000\000\000\000\000\000\000\000\000\000\000\000\000\000\000""; }; "
1750527537751,1750527537751,1131,1,3,0,TMGetLedger,"itype: liTS_CANDIDATE; ledgerHash: ""\341\310\354\0213\033\013\350\207z\236R(|z&\034\335\266\323\356\205\273DV\210\254\213T\rZ\347""; nodeIDs: ""\000\000\000\000\000\000\000\000\000\000\000\000\000\000\000\000\000\000\000\000\000\000\000\000\000\000\000\000\000\000\000\000\000""; queryType: qtINDIRECT; queryDepth: 3; ","itype: liTS_CANDIDATE; ledgerHash: ""\341\310\354\0213\033\013\350\207z\236R(|z&\034\335\266\323\356\205\273DV\210\254\213T\rZ\347""; nodeIDs: ""\000\000\000\000\000\000\000\000\000\000\000\000\000\000\000\000\000\000\000\000\000\000\000\000\000\000\000\000\000\000\000\000\000""; queryType: qtINDIRECT; queryDepth: 3; "
1750527537753,1750527537753,1019,1,3,4,TMGetLedger,"itype: liTS_CANDIDATE; ledgerHash: ""\341\310\354\0213\033\013\350\207z\236R(|z&\034\335\266\323\356\205\273DV\210\254\213T\rZ\347""; nodeIDs: ""\000\000\000\000\000\000\000\000\000\000\000\000\000\000\000\000\000\000\000\000\000\000\000\000\000\000\000\000\000\000\000\000\000""; queryType: qtINDIRECT; queryDepth: 3; ","itype: liTS_CANDIDATE; ledgerHash: ""\341\310\354\0213\033\013\350\207z\236R(|z&\034\335\266\323\356\205\273DV\210\254\213T\rZ\347""; nodeIDs: ""\000\000\000\000\000\000\000\000\000\000\000\000\000\000\000\000\000\000\000\000\000\000\000\000\000\000\000\000\000\000\000\000\000""; queryType: qtINDIRECT; queryDepth: 3; "
1750527537753,1750527537754,2523,1,3,2,TMLedgerData,"ledgerHash: ""[\000\302\314\326\214\276@c\240\272\222{\363\314\032\213\311\316\246/\330\302\014>\022\346\234\347\264\270\350""; ledgerSeq: 0; type: liTS_CANDIDATE; nodes {;   nodedata: ""\002i\361\030\371\256\265\036\320\273\013\357<\215/(\215[\231D\357Gd\372\270\316\261\301\342\327\225\241\000GZ\227\022t\201\240u\2324P\027\307M\337'Y\361[IAD\351\374!\232\005\337\376\252\251g\004\003"";   nodeid: ""\000\000\000\000\000\000\000\000\000\000\000\000\000\000\000\000\000\000\000\000\000\000\000\000\000\000\000\000\000\000\000\000\000""; }; ","ledgerHash: ""[\000\302\314\326\214\276@c\240\272\222{\363\314\032\213\311\316\246/\330\302\014>\022\346\234\347\264\270\350""; ledgerSeq: 0; type: liTS_CANDIDATE; nodes {;   nodedata: ""\002i\361\030\371\256\265\036\320\273\013\357<\215/(\215[\231D\357Gd\372\270\316\261\301\342\327\225\241\000GZ\227\022t\201\240u\2324P\027\307M\337'Y\361[IAD\351\374!\232\005\337\376\252\251g\004\003"";   nodeid: ""\000\000\000\000\000\000\000\000\000\000\000\000\000\000\000\000\000\000\000\000\000\000\000\000\000\000\000\000\000\000\000\000\000""; }; "
1750527537753,1750527537753,2794,1,3,2,TMGetLedger,"itype: liTS_CANDIDATE; ledgerHash: ""\341\310\354\0213\033\013\350\207z\236R(|z&\034\335\266\323\356\205\273DV\210\254\213T\rZ\347""; nodeIDs: ""\000\000\000\000\000\000\000\000\000\000\000\000\000\000\000\000\000\000\000\000\000\000\000\000\000\000\000\000\000\000\000\000\000""; queryType: qtINDIRECT; queryDepth: 3; ","itype: liTS_CANDIDATE; ledgerHash: ""\341\310\354\0213\033\013\350\207z\236R(|z&\034\335\266\323\356\205\273DV\210\254\213T\rZ\347""; nodeIDs: ""\000\000\000\000\000\000\000\000\000\000\000\000\000\000\000\000\000\000\000\000\000\000\000\000\000\000\000\000\000\000\000\000\000""; queryType: qtINDIRECT; queryDepth: 3; "
1750527537755,1750527537755,2079,1,3,1,TMGetLedger,"itype: liTS_CANDIDATE; ledgerHash: ""\341\310\354\0213\033\013\350\207z\236R(|z&\034\335\266\323\356\205\273DV\210\254\213T\rZ\347""; nodeIDs: ""\000\000\000\000\000\000\000\000\000\000\000\000\000\000\000\000\000\000\000\000\000\000\000\000\000\000\000\000\000\000\000\000\000""; queryType: qtINDIRECT; queryDepth: 3; ","itype: liTS_CANDIDATE; ledgerHash: ""\341\310\354\0213\033\013\350\207z\236R(|z&\034\335\266\323\356\205\273DV\210\254\213T\rZ\347""; nodeIDs: ""\000\000\000\000\000\000\000\000\000\000\000\000\000\000\000\000\000\000\000\000\000\000\000\000\000\000\000\000\000\000\000\000\000""; queryType: qtINDIRECT; queryDepth: 3; "
1750527537755,1750527537755,1968,1,1,2,TMLedgerData,"ledgerHash: ""[\000\302\314\326\214\276@c\240\272\222{\363\314\032\213\311\316\246/\330\302\014>\022\346\234\347\264\270\350""; ledgerSeq: 0; type: liTS_CANDIDATE; nodes {;   nodedata: ""\002i\361\030\371\256\265\036\320\273\013\357<\215/(\215[\231D\357Gd\372\270\316\261\301\342\327\225\241\000GZ\227\022t\201\240u\2324P\027\307M\337'Y\361[IAD\351\374!\232\005\337\376\252\251g\004\003"";   nodeid: ""\000\000\000\000\000\000\000\000\000\000\000\000\000\000\000\000\000\000\000\000\000\000\000\000\000\000\000\000\000\000\000\000\000""; }; ","ledgerHash: ""[\000\302\314\326\214\276@c\240\272\222{\363\314\032\213\311\316\246/\330\302\014>\022\346\234\347\264\270\350""; ledgerSeq: 0; type: liTS_CANDIDATE; nodes {;   nodedata: ""\002i\361\030\371\256\265\036\320\273\013\357<\215/(\215[\231D\357Gd\372\270\316\261\301\342\327\225\241\000GZ\227\022t\201\240u\2324P\027\307M\337'Y\361[IAD\351\374!\232\005\337\376\252\251g\004\003"";   nodeid: ""\000\000\000\000\000\000\000\000\000\000\000\000\000\000\000\000\000\000\000\000\000\000\000\000\000\000\000\000\000\000\000\000\000""; }; "
1750527537772,1750527537772,2101,1,4,1,TMGetLedger,"itype: liTS_CANDIDATE; ledgerHash: ""\341\310\354\0213\033\013\350\207z\236R(|z&\034\335\266\323\356\205\273DV\210\254\213T\rZ\347""; nodeIDs: ""\000\000\000\000\000\000\000\000\000\000\000\000\000\000\000\000\000\000\000\000\000\000\000\000\000\000\000\000\000\000\000\000\000""; requestCookie: 4; queryType: qtINDIRECT; queryDepth: 3; ","itype: liTS_CANDIDATE; ledgerHash: ""\341\310\354\0213\033\013\350\207z\236R(|z&\034\335\266\323\356\205\273DV\210\254\213T\rZ\347""; nodeIDs: ""\000\000\000\000\000\000\000\000\000\000\000\000\000\000\000\000\000\000\000\000\000\000\000\000\000\000\000\000\000\000\000\000\000""; requestCookie: 4; queryType: qtINDIRECT; queryDepth: 3; "
1750527537772,1750527537773,1497,1,0,3,TMLedgerData,"ledgerHash: ""3\321\n7\354)\tf\006\357\205B<h\272GQ \344\262\236\025#\003\024&\310\034\352\376\326""; ledgerSeq: 0; type: liTS_CANDIDATE; nodes {;   nodedata: ""'\240~~s\033\202\356\320\307\177Nt\203\315\245\305\276b\265\310\271\3319\245:\342=c\267\265\233\002\003"";   nodeid: ""\000\000\000\000\000\000\000\000\000\000\000\000\000\000\000\000\000\000\000\000\000\000\000\000\000\000\000\000\000\000\000\000\000""; }; ","ledgerHash: ""3\321\n7\354)\tf\006\357\205B<h\272GQ \344\262\236\025#\003\024&\310\034\352\376\326""; ledgerSeq: 0; type: liTS_CANDIDATE; nodes {;   nodedata: ""'\240~~s\033\202\356\320\307\177Nt\203\315\245\305\276b\265\310\271\3319\245:\342=c\267\265\233\002\003"";   nodeid: ""\000\000\000\000\000\000\000\000\000\000\000\000\000\000\000\000\000\000\000\000\000\000\000\000\000\000\000\000\000\000\000\000\000""; }; "
1750527537781,1750527537781,1144,1,4,1,TMLedgerData,"ledgerHash: ""\360\215\2502\265\245\310\226\243c\302Ze\306\253#r\020\211\320iG\276\020E\317\035Sf\223F\254""; ledgerSeq: 6; type: liBASE; nodes {;   nodedata: ""\000\000\000\006\001cEx]\211\377\342\331]\036\237\306o!\223\221\002\324\031\262\240R\177 ,\214\325\Q])\016\2067\277\t\354\010\000\000\000\000\000\000\000\000\000\000\000\000\000\000\000\000\000\000\000\000\000\000\000\000\000\000\000\000\000\000\000\000\000;\\334dC\372\352v(\002\203\271\206-\030\334\035kf\277\307\257KU\317""\352\376\225T~7/\351\252\252/\351\252\253\n\000""; }; nodes {;   nodedata: ""\341\035\262xv\226\317f5\366\365\252a\177\355\302\326\t\222~j\320f\374/ \363\256\257\361 \303\001\301\025%1L\307\t\261\262z\374\222T\301\274V\236\223\262\270Ct\362\337b\356\024*\324\320\351\317\002k\336\234\027v\351\217\260\303\360\233ZPZWr\246$w\313\313\r\243r\232\2234\373\3539:N\004;tP\302\307\005x\n\302lQ\275\237<g\321\233$\274p\355\310J\230\370\306\264\314\367C\275\272\006E\344\037@\210\363\010\336T\226\247'\204_{\261\370""1\235\2445\343\033Y!\212\201\341\272\225'\007\251:\312'v\340W\267\255\263\260Tw\t\325Y\300\315\030\025:a\200\000V\277\320i\330\327I\036\013\003""; }; ","ledgerHash: ""\360\215\2502\265\245\310\226\243c\302Ze\306\253#r\020\211\320iG\276\020E\317\035Sf\223F\254""; ledgerSeq: 6; type: liBASE; nodes {;   nodedata: ""\000\000\000\006\001cEx]\211\377\342\331]\036\237\306o!\223\221\002\324\031\262\240R\177 ,\214\325\Q])\016\2067\277\t\354\010\000\000\000\000\000\000\000\000\000\000\000\000\000\000\000\000\000\000\000\000\000\000\000\000\000\000\000\000\000\000\000\000\000;\\334dC\372\352v(\002\203\271\206-\030\334\035kf\277\307\257KU\317""\352\376\225T~7/\351\252\252/\351\252\253\n\000""; }; nodes {;   nodedata: ""\341\035\262xv\226\317f5\366\365\252a\177\355\302\326\t\222~j\320f\374/ \363\256\257\361 \303\001\301\025%1L\307\t\261\262z\374\222T\301\274V\236\223\262\270Ct\362\337b\356\024*\324\320\351\317\002k\336\234\027v\351\217\260\303\360\233ZPZWr\246$w\313\313\r\243r\232\2234\373\3539:N\004;tP\302\307\005x\n\302lQ\275\237<g\321\233$\274p\355\310J\230\370\306\264\314\367C\275\272\006E\344\037@\210\363\010\336T\226\247'\204_{\261\370""1\235\2445\343\033Y!\212\201\341\272\225'\007\251:\312'v\340W\267\255\263\260Tw\t\325Y\300\315\030\025:a\200\000V\277\320i\330\327I\036\013\003""; }; "
1750527537785,1750527537785,1813,1,3,1,TMLedgerData,"ledgerHash: ""[\000\302\314\326\214\276@c\240\272\222{\363\314\032\213\311\316\246/\330\302\014>\022\346\234\347\264\270\350""; ledgerSeq: 0; type: liTS_CANDIDATE; nodes {;   nodedata: ""\002i\361\030\371\256\265\036\320\273\013\357<\215/(\215[\231D\357Gd\372\270\316\261\301\342\327\225\241\000GZ\227\022t\201\240u\2324P\027\307M\337'Y\361[IAD\351\374!\232\005\337\376\252\251g\004\003"";   nodeid: ""\000\000\000\000\000\000\000\000\000\000\000\000\000\000\000\000\000\000\000\000\000\000\000\000\000\000\000\000\000\000\000\000\000""; }; ","ledgerHash: ""[\000\302\314\326\214\276@c\240\272\222{\363\314\032\213\311\316\246/\330\302\014>\022\346\234\347\264\270\350""; ledgerSeq: 0; type: liTS_CANDIDATE; nodes {;   nodedata: ""\002i\361\030\371\256\265\036\320\273\013\357<\215/(\215[\231D\357Gd\372\270\316\261\301\342\327\225\241\000GZ\227\022t\201\240u\2324P\027\307M\337'Y\361[IAD\351\374!\232\005\337\376\252\251g\004\003"";   nodeid: ""\000\000\000\000\000\000\000\000\000\000\000\000\000\000\000\000\000\000\000\000\000\000\000\000\000\000\000\000\000\000\000\000\000""; }; "
1750527537802,1750527537802,1539,1,4,2,TMLedgerData,"ledgerHash: ""[\000\302\314\326\214\276@c\240\272\222{\363\314\032\213\311\316\246/\330\302\014>\022\346\234\347\264\270\350""; ledgerSeq: 0; type: liTS_CANDIDATE; nodes {;   nodedata: ""\002i\361\030\371\256\265\036\320\273\013\357<\215/(\215[\231D\357Gd\372\270\316\261\301\342\327\225\241\000GZ\227\022t\201\240u\2324P\027\307M\337'Y\361[IAD\351\374!\232\005\337\376\252\251g\004\003"";   nodeid: ""\000\000\000\000\000\000\000\000\000\000\000\000\000\000\000\000\000\000\000\000\000\000\000\000\000\000\000\000\000\000\000\000\000""; }; requestCookie: 2; ","ledgerHash: ""[\000\302\314\326\214\276@c\240\272\222{\363\314\032\213\311\316\246/\330\302\014>\022\346\234\347\264\270\350""; ledgerSeq: 0; type: liTS_CANDIDATE; nodes {;   nodedata: ""\002i\361\030\371\256\265\036\320\273\013\357<\215/(\215[\231D\357Gd\372\270\316\261\301\342\327\225\241\000GZ\227\022t\201\240u\2324P\027\307M\337'Y\361[IAD\351\374!\232\005\337\376\252\251g\004\003"";   nodeid: ""\000\000\000\000\000\000\000\000\000\000\000\000\000\000\000\000\000\000\000\000\000\000\000\000\000\000\000\000\000\000\000\000\000""; }; requestCookie: 2; "
1750527537817,1750527537817,1813,1,3,1,TMLedgerData,"ledgerHash: ""[\000\302\314\326\214\276@c\240\272\222{\363\314\032\213\311\316\246/\330\302\014>\022\346\234\347\264\270\350""; ledgerSeq: 0; type: liTS_CANDIDATE; nodes {;   nodedata: ""\002i\361\030\371\256\265\036\320\273\013\357<\215/(\215[\231D\357Gd\372\270\316\261\301\342\327\225\241\000GZ\227\022t\201\240u\2324P\027\307M\337'Y\361[IAD\351\374!\232\005\337\376\252\251g\004\003"";   nodeid: ""\000\000\000\000\000\000\000\000\000\000\000\000\000\000\000\000\000\000\000\000\000\000\000\000\000\000\000\000\000\000\000\000\000""; }; requestCookie: 3; ","ledgerHash: ""[\000\302\314\326\214\276@c\240\272\222{\363\314\032\213\311\316\246/\330\302\014>\022\346\234\347\264\270\350""; ledgerSeq: 0; type: liTS_CANDIDATE; nodes {;   nodedata: ""\002i\361\030\371\256\265\036\320\273\013\357<\215/(\215[\231D\357Gd\372\270\316\261\301\342\327\225\241\000GZ\227\022t\201\240u\2324P\027\307M\337'Y\361[IAD\351\374!\232\005\337\376\252\251g\004\003"";   nodeid: ""\000\000\000\000\000\000\000\000\000\000\000\000\000\000\000\000\000\000\000\000\000\000\000\000\000\000\000\000\000\000\000\000\000""; }; requestCookie: 3; "
1750527537819,1750527537820,1144,1,4,1,TMLedgerData,"ledgerHash: ""\360\215\2502\265\245\310\226\243c\302Ze\306\253#r\020\211\320iG\276\020E\317\035Sf\223F\254""; ledgerSeq: 6; type: liBASE; nodes {;   nodedata: ""\000\000\000\006\001cEx]\211\377\342\331]\036\237\306o!\223\221\002\324\031\262\240R\177 ,\214\325\Q])\016\2067\277\t\354\010\000\000\000\000\000\000\000\000\000\000\000\000\000\000\000\000\000\000\000\000\000\000\000\000\000\000\000\000\000\000\000\000\000;\\334dC\372\352v(\002\203\271\206-\030\334\035kf\277\307\257KU\317""\352\376\225T~7/\351\252\252/\351\252\253\n\000""; }; nodes {;   nodedata: ""\341\035\262xv\226\317f5\366\365\252a\177\355\302\326\t\222~j\320f\374/ \363\256\257\361 \303\001\301\025%1L\307\t\261\262z\374\222T\301\274V\236\223\262\270Ct\362\337b\356\024*\324\320\351\317\002k\336\234\027v\351\217\260\303\360\233ZPZWr\246$w\313\313\r\243r\232\2234\373\3539:N\004;tP\302\307\005x\n\302lQ\275\237<g\321\233$\274p\355\310J\230\370\306\264\314\367C\275\272\006E\344\037@\210\363\010\336T\226\247'\204_{\261\370""1\235\2445\343\033Y!\212\201\341\272\225'\007\251:\312'v\340W\267\255\263\260Tw\t\325Y\300\315\030\025:a\200\000V\277\320i\330\327I\036\013\003""; }; ","ledgerHash: ""\360\215\2502\265\245\310\226\243c\302Ze\306\253#r\020\211\320iG\276\020E\317\035Sf\223F\254""; ledgerSeq: 6; type: liBASE; nodes {;   nodedata: ""\000\000\000\006\001cEx]\211\377\342\331]\036\237\306o!\223\221\002\324\031\262\240R\177 ,\214\325\Q])\016\2067\277\t\354\010\000\000\000\000\000\000\000\000\000\000\000\000\000\000\000\000\000\000\000\000\000\000\000\000\000\000\000\000\000\000\000\000\000;\\334dC\372\352v(\002\203\271\206-\030\334\035kf\277\307\257KU\317""\352\376\225T~7/\351\252\252/\351\252\253\n\000""; }; nodes {;   nodedata: ""\341\035\262xv\226\317f5\366\365\252a\177\355\302\326\t\222~j\320f\374/ \363\256\257\361 \303\001\301\025%1L\307\t\261\262z\374\222T\301\274V\236\223\262\270Ct\362\337b\356\024*\324\320\351\317\002k\336\234\027v\351\217\260\303\360\233ZPZWr\246$w\313\313\r\243r\232\2234\373\3539:N\004;tP\302\307\005x\n\302lQ\275\237<g\321\233$\274p\355\310J\230\370\306\264\314\367C\275\272\006E\344\037@\210\363\010\336T\226\247'\204_{\261\370""1\235\2445\343\033Y!\212\201\341\272\225'\007\251:\312'v\340W\267\255\263\260Tw\t\325Y\300\315\030\025:a\200\000V\277\320i\330\327I\036\013\003""; }; "
1750527537827,1750527537827,1144,1,4,1,TMLedgerData,"ledgerHash: ""[\000\302\314\326\214\276@c\240\272\222{\363\314\032\213\311\316\246/\330\302\014>\022\346\234\347\264\270\350""; ledgerSeq: 0; type: liTS_CANDIDATE; nodes {;   nodedata: ""\002i\361\030\371\256\265\036\320\273\013\357<\215/(\215[\231D\357Gd\372\270\316\261\301\342\327\225\241\000GZ\227\022t\201\240u\2324P\027\307M\337'Y\361[IAD\351\374!\232\005\337\376\252\251g\004\003"";   nodeid: ""\000\000\000\000\000\000\000\000\000\000\000\000\000\000\000\000\000\000\000\000\000\000\000\000\000\000\000\000\000\000\000\000\000""; }; requestCookie: 2; ","ledgerHash: ""[\000\302\314\326\214\276@c\240\272\222{\363\314\032\213\311\316\246/\330\302\014>\022\346\234\347\264\270\350""; ledgerSeq: 0; type: liTS_CANDIDATE; nodes {;   nodedata: ""\002i\361\030\371\256\265\036\320\273\013\357<\215/(\215[\231D\357Gd\372\270\316\261\301\342\327\225\241\000GZ\227\022t\201\240u\2324P\027\307M\337'Y\361[IAD\351\374!\232\005\337\376\252\251g\004\003"";   nodeid: ""\000\000\000\000\000\000\000\000\000\000\000\000\000\000\000\000\000\000\000\000\000\000\000\000\000\000\000\000\000\000\000\000\000""; }; requestCookie: 2; "
1750527537834,1750527537834,2523,1,3,2,TMLedgerData,"ledgerHash: ""[\000\302\314\326\214\276@c\240\272\222{\363\314\032\213\311\316\246/\330\302\014>\022\346\234\347\264\270\350""; ledgerSeq: 0; type: liTS_CANDIDATE; nodes {;   nodedata: ""\002i\361\030\371\256\265\036\320\273\013\357<\215/(\215[\231D\357Gd\372\270\316\261\301\342\327\225\241\000GZ\227\022t\201\240u\2324P\027\307M\337'Y\361[IAD\351\374!\232\005\337\376\252\251g\004\003"";   nodeid: ""\000\000\000\000\000\000\000\000\000\000\000\000\000\000\000\000\000\000\000\000\000\000\000\000\000\000\000\000\000\000\000\000\000""; }; requestCookie: 2; ","ledgerHash: ""[\000\302\314\326\214\276@c\240\272\222{\363\314\032\213\311\316\246/\330\302\014>\022\346\234\347\264\270\350""; ledgerSeq: 0; type: liTS_CANDIDATE; nodes {;   nodedata: ""\002i\361\030\371\256\265\036\320\273\013\357<\215/(\215[\231D\357Gd\372\270\316\261\301\342\327\225\241\000GZ\227\022t\201\240u\2324P\027\307M\337'Y\361[IAD\351\374!\232\005\337\376\252\251g\004\003"";   nodeid: ""\000\000\000\000\000\000\000\000\000\000\000\000\000\000\000\000\000\000\000\000\000\000\000\000\000\000\000\000\000\000\000\000\000""; }; requestCookie: 2; "
1750527537841,1750527537841,612,1,2,0,TMLedgerData,"ledgerHash: ""[\000\302\314\326\214\276@c\240\272\222{\363\314\032\213\311\316\246/\330\302\014>\022\346\234\347\264\270\350""; ledgerSeq: 0; type: liTS_CANDIDATE; nodes {;   nodedata: ""\002i\361\030\371\256\265\036\320\273\013\357<\215/(\215[\231D\357Gd\372\270\316\261\301\342\327\225\241\000GZ\227\022t\201\240u\2324P\027\307M\337'Y\361[IAD\351\374!\232\005\337\376\252\251g\004\003"";   nodeid: ""\000\000\000\000\000\000\000\000\000\000\000\000\000\000\000\000\000\000\000\000\000\000\000\000\000\000\000\000\000\000\000\000\000""; }; ","ledgerHash: ""[\000\302\314\326\214\276@c\240\272\222{\363\314\032\213\311\316\246/\330\302\014>\022\346\234\347\264\270\350""; ledgerSeq: 0; type: liTS_CANDIDATE; nodes {;   nodedata: ""\002i\361\030\371\256\265\036\320\273\013\357<\215/(\215[\231D\357Gd\372\270\316\261\301\342\327\225\241\000GZ\227\022t\201\240u\2324P\027\307M\337'Y\361[IAD\351\374!\232\005\337\376\252\251g\004\003"";   nodeid: ""\000\000\000\000\000\000\000\000\000\000\000\000\000\000\000\000\000\000\000\000\000\000\000\000\000\000\000\000\000\000\000\000\000""; }; "
1750527537862,1750527537862,1199,1,0,2,TMGetLedger,"itype: liTS_CANDIDATE; ledgerHash: ""\363\262\310\025\251\261\276X\247\260J\221\345\357\037\231)|\321K\000\\326E\004\377\005\255""A?\250""; nodeIDs: ""\000\000\000\000\000\000\000\000\000\000\000\000\000\000\000\000\000\000\000\000\000\000\000\000\000\000\000\000\000\000\000\000\000""; queryType: qtINDIRECT; queryDepth: 3; ","itype: liTS_CANDIDATE; ledgerHash: ""\363\262\310\025\251\261\276X\247\260J\221\345\357\037\231)|\321K\000\\326E\004\377\005\255""A?\250""; nodeIDs: ""\000\000\000\000\000\000\000\000\000\000\000\000\000\000\000\000\000\000\000\000\000\000\000\000\000\000\000\000\000\000\000\000\000""; queryType: qtINDIRECT; queryDepth: 3; "
1750527537870,1750527537870,1144,1,4,1,TMLedgerData,"ledgerHash: ""[\000\302\314\326\214\276@c\240\272\222{\363\314\032\213\311\316\246/\330\302\014>\022\346\234\347\264\270\350""; ledgerSeq: 0; type: liTS_CANDIDATE; nodes {;   nodedata: ""\002i\361\030\371\256\265\036\320\273\013\357<\215/(\215[\231D\357Gd\372\270\316\261\301\342\327\225\241\000GZ\227\022t\201\240u\2324P\027\307M\337'Y\361[IAD\351\374!\232\005\337\376\252\251g\004\003"";   nodeid: ""\000\000\000\000\000\000\000\000\000\000\000\000\000\000\000\000\000\000\000\000\000\000\000\000\000\000\000\000\000\000\000\000\000""; }; ","ledgerHash: ""[\000\302\314\326\214\276@c\240\272\222{\363\314\032\213\311\316\246/\330\302\014>\022\346\234\347\264\270\350""; ledgerSeq: 0; type: liTS_CANDIDATE; nodes {;   nodedata: ""\002i\361\030\371\256\265\036\320\273\013\357<\215/(\215[\231D\357Gd\372\270\316\261\301\342\327\225\241\000GZ\227\022t\201\240u\2324P\027\307M\337'Y\361[IAD\351\374!\232\005\337\376\252\251g\004\003"";   nodeid: ""\000\000\000\000\000\000\000\000\000\000\000\000\000\000\000\000\000\000\000\000\000\000\000\000\000\000\000\000\000\000\000\000\000""; }; "
1750527537879,1750527537879,2309,1,4,2,TMGetLedger,"itype: liTS_CANDIDATE; ledgerHash: ""\341\310\354\0213\033\013\350\207z\236R(|z&\034\335\266\323\356\205\273DV\210\254\213T\rZ\347""; nodeIDs: ""\000\000\000\000\000\000\000\000\000\000\000\000\000\000\000\000\000\000\000\000\000\000\000\000\000\000\000\000\000\000\000\000\000""; queryType: qtINDIRECT; queryDepth: 3; ","itype: liTS_CANDIDATE; ledgerHash: ""\341\310\354\0213\033\013\350\207z\236R(|z&\034\335\266\323\356\205\273DV\210\254\213T\rZ\347""; nodeIDs: ""\000\000\000\000\000\000\000\000\000\000\000\000\000\000\000\000\000\000\000\000\000\000\000\000\000\000\000\000\000\000\000\000\000""; queryType: qtINDIRECT; queryDepth: 3; "
1750527537880,1750527537880,559,1,4,3,TMGetLedger,"itype: liTS_CANDIDATE; ledgerHash: ""\341\310\354\0213\033\013\350\207z\236R(|z&\034\335\266\323\356\205\273DV\210\254\213T\rZ\347""; nodeIDs: ""\000\000\000\000\000\000\000\000\000\000\000\000\000\000\000\000\000\000\000\000\000\000\000\000\000\000\000\000\000\000\000\000\000""; queryType: qtINDIRECT; queryDepth: 3; ","itype: liTS_CANDIDATE; ledgerHash: ""\341\310\354\0213\033\013\350\207z\236R(|z&\034\335\266\323\356\205\273DV\210\254\213T\rZ\347""; nodeIDs: ""\000\000\000\000\000\000\000\000\000\000\000\000\000\000\000\000\000\000\000\000\000\000\000\000\000\000\000\000\000\000\000\000\000""; queryType: qtINDIRECT; queryDepth: 3; "
1750527537880,1750527537880,1932,1,4,0,TMGetLedger,"itype: liTS_CANDIDATE; ledgerHash: ""\341\310\354\0213\033\013\350\207z\236R(|z&\034\335\266\323\356\205\273DV\210\254\213T\rZ\347""; nodeIDs: ""\000\000\000\000\000\000\000\000\000\000\000\000\000\000\000\000\000\000\000\000\000\000\000\000\000\000\000\000\000\000\000\000\000""; queryType: qtINDIRECT; queryDepth: 3; ","itype: liTS_CANDIDATE; ledgerHash: ""\341\310\354\0213\033\013\350\207z\236R(|z&\034\335\266\323\356\205\273DV\210\254\213T\rZ\347""; nodeIDs: ""\000\000\000\000\000\000\000\000\000\000\000\000\000\000\000\000\000\000\000\000\000\000\000\000\000\000\000\000\000\000\000\000\000""; queryType: qtINDIRECT; queryDepth: 3; "
1750527537879,1750527537879,2101,1,4,1,TMGetLedger,"itype: liTS_CANDIDATE; ledgerHash: ""\341\310\354\0213\033\013\350\207z\236R(|z&\034\335\266\323\356\205\273DV\210\254\213T\rZ\347""; nodeIDs: ""\000\000\000\000\000\000\000\000\000\000\000\000\000\000\000\000\000\000\000\000\000\000\000\000\000\000\000\000\000\000\000\000\000""; queryType: qtINDIRECT; queryDepth: 3; ","itype: liTS_CANDIDATE; ledgerHash: ""\341\310\354\0213\033\013\350\207z\236R(|z&\034\335\266\323\356\205\273DV\210\254\213T\rZ\347""; nodeIDs: ""\000\000\000\000\000\000\000\000\000\000\000\000\000\000\000\000\000\000\000\000\000\000\000\000\000\000\000\000\000\000\000\000\000""; queryType: qtINDIRECT; queryDepth: 3; "
1750527537890,1750527537890,1131,1,3,0,TMGetLedger,"itype: liTS_CANDIDATE; ledgerHash: ""3\321\n7\354)\tf\006\357\205B<h\272GQ \344\262\236\025#\003\024&\310\034\352\376\326""; nodeIDs: ""\000\000\000\000\000\000\000\000\000\000\000\000\000\000\000\000\000\000\000\000\000\000\000\000\000\000\000\000\000\000\000\000\000""; queryType: qtINDIRECT; queryDepth: 3; ","itype: liTS_CANDIDATE; ledgerHash: ""3\321\n7\354)\tf\006\357\205B<h\272GQ \344\262\236\025#\003\024&\310\034\352\376\326""; nodeIDs: ""\000\000\000\000\000\000\000\000\000\000\000\000\000\000\000\000\000\000\000\000\000\000\000\000\000\000\000\000\000\000\000\000\000""; queryType: qtINDIRECT; queryDepth: 3; "
1750527537892,1750527537892,1019,1,3,4,TMGetLedger,"itype: liTS_CANDIDATE; ledgerHash: ""3\321\n7\354)\tf\006\357\205B<h\272GQ \344\262\236\025#\003\024&\310\034\352\376\326""; nodeIDs: ""\000\000\000\000\000\000\000\000\000\000\000\000\000\000\000\000\000\000\000\000\000\000\000\000\000\000\000\000\000\000\000\000\000""; queryType: qtINDIRECT; queryDepth: 3; ","itype: liTS_CANDIDATE; ledgerHash: ""3\321\n7\354)\tf\006\357\205B<h\272GQ \344\262\236\025#\003\024&\310\034\352\376\326""; nodeIDs: ""\000\000\000\000\000\000\000\000\000\000\000\000\000\000\000\000\000\000\000\000\000\000\000\000\000\000\000\000\000\000\000\000\000""; queryType: qtINDIRECT; queryDepth: 3; "
1750527537891,1750527537892,2794,1,3,2,TMGetLedger,"itype: liTS_CANDIDATE; ledgerHash: ""3\321\n7\354)\tf\006\357\205B<h\272GQ \344\262\236\025#\003\024&\310\034\352\376\326""; nodeIDs: ""\000\000\000\000\000\000\000\000\000\000\000\000\000\000\000\000\000\000\000\000\000\000\000\000\000\000\000\000\000\000\000\000\000""; queryType: qtINDIRECT; queryDepth: 3; ","itype: liTS_CANDIDATE; ledgerHash: ""3\321\n7\354)\tf\006\357\205B<h\272GQ \344\262\236\025#\003\024&\310\034\352\376\326""; nodeIDs: ""\000\000\000\000\000\000\000\000\000\000\000\000\000\000\000\000\000\000\000\000\000\000\000\000\000\000\000\000\000\000\000\000\000""; queryType: qtINDIRECT; queryDepth: 3; "
1750527537891,1750527537891,2079,1,3,1,TMGetLedger,"itype: liTS_CANDIDATE; ledgerHash: ""3\321\n7\354)\tf\006\357\205B<h\272GQ \344\262\236\025#\003\024&\310\034\352\376\326""; nodeIDs: ""\000\000\000\000\000\000\000\000\000\000\000\000\000\000\000\000\000\000\000\000\000\000\000\000\000\000\000\000\000\000\000\000\000""; queryType: qtINDIRECT; queryDepth: 3; ","itype: liTS_CANDIDATE; ledgerHash: ""3\321\n7\354)\tf\006\357\205B<h\272GQ \344\262\236\025#\003\024&\310\034\352\376\326""; nodeIDs: ""\000\000\000\000\000\000\000\000\000\000\000\000\000\000\000\000\000\000\000\000\000\000\000\000\000\000\000\000\000\000\000\000\000""; queryType: qtINDIRECT; queryDepth: 3; "
1750527537910,1750527537910,1932,1,4,0,TMGetLedger,"itype: liTS_CANDIDATE; ledgerHash: ""3\321\n7\354)\tf\006\357\205B<h\272GQ \344\262\236\025#\003\024&\310\034\352\376\326""; nodeIDs: ""\000\000\000\000\000\000\000\000\000\000\000\000\000\000\000\000\000\000\000\000\000\000\000\000\000\000\000\000\000\000\000\000\000""; requestCookie: 4; queryType: qtINDIRECT; queryDepth: 3; ","itype: liTS_CANDIDATE; ledgerHash: ""3\321\n7\354)\tf\006\357\205B<h\272GQ \344\262\236\025#\003\024&\310\034\352\376\326""; nodeIDs: ""\000\000\000\000\000\000\000\000\000\000\000\000\000\000\000\000\000\000\000\000\000\000\000\000\000\000\000\000\000\000\000\000\000""; requestCookie: 4; queryType: qtINDIRECT; queryDepth: 3; "
1750527537914,1750527537914,1932,1,4,0,TMGetLedger,"itype: liTS_CANDIDATE; ledgerHash: ""3\321\n7\354)\tf\006\357\205B<h\272GQ \344\262\236\025#\003\024&\310\034\352\376\326""; nodeIDs: ""\000\000\000\000\000\000\000\000\000\000\000\000\000\000\000\000\000\000\000\000\000\000\000\000\000\000\000\000\000\000\000\000\000""; queryType: qtINDIRECT; queryDepth: 3; ","itype: liTS_CANDIDATE; ledgerHash: ""3\321\n7\354)\tf\006\357\205B<h\272GQ \344\262\236\025#\003\024&\310\034\352\376\326""; nodeIDs: ""\000\000\000\000\000\000\000\000\000\000\000\000\000\000\000\000\000\000\000\000\000\000\000\000\000\000\000\000\000\000\000\000\000""; queryType: qtINDIRECT; queryDepth: 3; "
1750527537915,1750527537915,559,1,4,3,TMGetLedger,"itype: liTS_CANDIDATE; ledgerHash: ""3\321\n7\354)\tf\006\357\205B<h\272GQ \344\262\236\025#\003\024&\310\034\352\376\326""; nodeIDs: ""\000\000\000\000\000\000\000\000\000\000\000\000\000\000\000\000\000\000\000\000\000\000\000\000\000\000\000\000\000\000\000\000\000""; queryType: qtINDIRECT; queryDepth: 3; ","itype: liTS_CANDIDATE; ledgerHash: ""3\321\n7\354)\tf\006\357\205B<h\272GQ \344\262\236\025#\003\024&\310\034\352\376\326""; nodeIDs: ""\000\000\000\000\000\000\000\000\000\000\000\000\000\000\000\000\000\000\000\000\000\000\000\000\000\000\000\000\000\000\000\000\000""; queryType: qtINDIRECT; queryDepth: 3; "
1750527537916,1750527537916,2309,1,4,2,TMGetLedger,"itype: liTS_CANDIDATE; ledgerHash: ""3\321\n7\354)\tf\006\357\205B<h\272GQ \344\262\236\025#\003\024&\310\034\352\376\326""; nodeIDs: ""\000\000\000\000\000\000\000\000\000\000\000\000\000\000\000\000\000\000\000\000\000\000\000\000\000\000\000\000\000\000\000\000\000""; queryType: qtINDIRECT; queryDepth: 3; ","itype: liTS_CANDIDATE; ledgerHash: ""3\321\n7\354)\tf\006\357\205B<h\272GQ \344\262\236\025#\003\024&\310\034\352\376\326""; nodeIDs: ""\000\000\000\000\000\000\000\000\000\000\000\000\000\000\000\000\000\000\000\000\000\000\000\000\000\000\000\000\000\000\000\000\000""; queryType: qtINDIRECT; queryDepth: 3; "
1750527537915,1750527537915,2101,1,4,1,TMGetLedger,"itype: liTS_CANDIDATE; ledgerHash: ""3\321\n7\354)\tf\006\357\205B<h\272GQ \344\262\236\025#\003\024&\310\034\352\376\326""; nodeIDs: ""\000\000\000\000\000\000\000\000\000\000\000\000\000\000\000\000\000\000\000\000\000\000\000\000\000\000\000\000\000\000\000\000\000""; queryType: qtINDIRECT; queryDepth: 3; ","itype: liTS_CANDIDATE; ledgerHash: ""3\321\n7\354)\tf\006\357\205B<h\272GQ \344\262\236\025#\003\024&\310\034\352\376\326""; nodeIDs: ""\000\000\000\000\000\000\000\000\000\000\000\000\000\000\000\000\000\000\000\000\000\000\000\000\000\000\000\000\000\000\000\000\000""; queryType: qtINDIRECT; queryDepth: 3; "
1750527537922,1750527537922,2920,1,1,0,TMGetLedger,"itype: liBASE; ledgerHash: ""\276\230H\305\2714\032l\253n6W\035\354\257.f\r\217\302\203\224\212L\020\S\370\243OP*""; ledgerSeq: 7; ","itype: liBASE; ledgerHash: ""\276\230H\305\2714\032l\253n6W\035\354\257.f\r\217\302\203\224\212L\020\S\370\243OP*""; ledgerSeq: 7; "
1750527537923,1750527537923,1311,1,1,3,TMValidation,"validation: """"\200\000\000\001&\000\000\000\007)/\351\252\261:g\237X\336\3531\020\010Q\276\230H\305\2714\032l\253n6W\035\354\257.f\r\217\302\203\224\212L\020\S\370\243OP*P\027\000\000\000\000\000\000\000\000\000\000\000\000\000\000\000\000\000\000\000\000\000\000\000\000\000\000\000\000\000\000\000\000P\031\360\215\2502\265\245\310\226\243c\302Ze\306\253#r\020\211\320iG\276\020E\317\035Sf\223F\254s!\003\255\225A\213\332\224ehh\024BDq\224\250\335`\355\353{\357\266\335<\021\032\265\177\206\356&\215vF0D\002 [\236*\377\3412\351\334\022IF\303\262\255\023~'\3069\250\325m\324\l\033&\252(\2349\034\002 T\345\034\t\330\017\264\342-rd@\340ZA\255\321\007\324\335j\342;\270\342\347\341\306P\327Ge""; ","validation: """"\200\000\000\001&\000\000\000\007)/\351\252\261:g\237X\336\3531\020\010Q\276\230H\305\2714\032l\253n6W\035\354\257.f\r\217\302\203\224\212L\020\S\370\243OP*P\027\000\000\000\000\000\000\000\000\000\000\000\000\000\000\000\000\000\000\000\000\000\000\000\000\000\000\000\000\000\000\000\000P\031\360\215\2502\265\245\310\226\243c\302Ze\306\253#r\020\211\320iG\276\020E\317\035Sf\223F\254s!\003\255\225A\213\332\224ehh\024BDq\224\250\335`\355\353{\357\266\335<\021\032\265\177\206\356&\215vF0D\002 [\236*\377\3412\351\334\022IF\303\262\255\023~'\3069\250\325m\324\l\033&\252(\2349\034\002 T\345\034\t\330\017\264\342-rd@\340ZA\255\321\007\324\335j\342;\270\342\347\341\306P\327Ge""; "
1750527537924,1750527537924,3746,1,1,4,TMValidation,"validation: """"\200\000\000\001&\000\000\000\007)/\351\252\261:g\237X\336\3531\020\010Q\276\230H\305\2714\032l\253n6W\035\354\257.f\r\217\302\203\224\212L\020\S\370\243OP*P\027\000\000\000\000\000\000\000\000\000\000\000\000\000\000\000\000\000\000\000\000\000\000\000\000\000\000\000\000\000\000\000\000P\031\360\215\2502\265\245\310\226\243c\302Ze\306\253#r\020\211\320iG\276\020E\317\035Sf\223F\254s!\003\255\225A\213\332\224ehh\024BDq\224\250\335`\355\353{\357\266\335<\021\032\265\177\206\356&\215vF0D\002 [\236*\377\3412\351\334\022IF\303\262\255\023~'\3069\250\325m\324\l\033&\252(\2349\034\002 T\345\034\t\330\017\264\342-rd@\340ZA\255\321\007\324\335j\342;\270\342\347\341\306P\327Ge""; ","validation: """"\200\000\000\001&\000\000\000\007)/\351\252\261:g\237X\336\3531\020\010Q\276\230H\305\2714\032l\253n6W\035\354\257.f\r\217\302\203\224\212L\020\S\370\243OP*P\027\000\000\000\000\000\000\000\000\000\000\000\000\000\000\000\000\000\000\000\000\000\000\000\000\000\000\000\000\000\000\000\000P\031\360\215\2502\265\245\310\226\243c\302Ze\306\253#r\020\211\320iG\276\020E\317\035Sf\223F\254s!\003\255\225A\213\332\224ehh\024BDq\224\250\335`\355\353{\357\266\335<\021\032\265\177\206\356&\215vF0D\002 [\236*\377\3412\351\334\022IF\303\262\255\023~'\3069\250\325m\324\l\033&\252(\2349\034\002 T\345\034\t\330\017\264\342-rd@\340ZA\255\321\007\324\335j\342;\270\342\347\341\306P\327Ge""; "
1750527537923,1750527537923,1495,1,1,2,TMGetLedger,"itype: liBASE; ledgerHash: ""\276\230H\305\2714\032l\253n6W\035\354\257.f\r\217\302\203\224\212L\020\S\370\243OP*""; ledgerSeq: 7; ","itype: liBASE; ledgerHash: ""\276\230H\305\2714\032l\253n6W\035\354\257.f\r\217\302\203\224\212L\020\S\370\243OP*""; ledgerSeq: 7; "
1750527537924,1750527537924,3810,1,1,4,TMGetLedger,"itype: liBASE; ledgerHash: ""\276\230H\305\2714\032l\253n6W\035\354\257.f\r\217\302\203\224\212L\020\S\370\243OP*""; ledgerSeq: 7; ","itype: liBASE; ledgerHash: ""\276\230H\305\2714\032l\253n6W\035\354\257.f\r\217\302\203\224\212L\020\S\370\243OP*""; ledgerSeq: 7; "
1750527537925,1750527537925,2229,1,1,0,TMValidation,"validation: """"\200\000\000\001&\000\000\000\007)/\351\252\261:g\237X\336\3531\020\010Q\276\230H\305\2714\032l\253n6W\035\354\257.f\r\217\302\203\224\212L\020\S\370\243OP*P\027\000\000\000\000\000\000\000\000\000\000\000\000\000\000\000\000\000\000\000\000\000\000\000\000\000\000\000\000\000\000\000\000P\031\360\215\2502\265\245\310\226\243c\302Ze\306\253#r\020\211\320iG\276\020E\317\035Sf\223F\254s!\003\255\225A\213\332\224ehh\024BDq\224\250\335`\355\353{\357\266\335<\021\032\265\177\206\356&\215vF0D\002 [\236*\377\3412\351\334\022IF\303\262\255\023~'\3069\250\325m\324\l\033&\252(\2349\034\002 T\345\034\t\330\017\264\342-rd@\340ZA\255\321\007\324\335j\342;\270\342\347\341\306P\327Ge""; ","validation: """"\200\000\000\001&\000\000\000\007)/\351\252\261:g\237X\336\3531\020\010Q\276\230H\305\2714\032l\253n6W\035\354\257.f\r\217\302\203\224\212L\020\S\370\243OP*P\027\000\000\000\000\000\000\000\000\000\000\000\000\000\000\000\000\000\000\000\000\000\000\000\000\000\000\000\000\000\000\000\000P\031\360\215\2502\265\245\310\226\243c\302Ze\306\253#r\020\211\320iG\276\020E\317\035Sf\223F\254s!\003\255\225A\213\332\224ehh\024BDq\224\250\335`\355\353{\357\266\335<\021\032\265\177\206\356&\215vF0D\002 [\236*\377\3412\351\334\022IF\303\262\255\023~'\3069\250\325m\324\l\033&\252(\2349\034\002 T\345\034\t\330\017\264\342-rd@\340ZA\255\321\007\324\335j\342;\270\342\347\341\306P\327Ge""; "
1750527537926,1750527537926,3769,1,1,3,TMGetLedger,"itype: liBASE; ledgerHash: ""\276\230H\305\2714\032l\253n6W\035\354\257.f\r\217\302\203\224\212L\020\S\370\243OP*""; ledgerSeq: 7; ","itype: liBASE; ledgerHash: ""\276\230H\305\2714\032l\253n6W\035\354\257.f\r\217\302\203\224\212L\020\S\370\243OP*""; ledgerSeq: 7; "
1750527537927,1750527537927,2920,1,1,0,TMGetLedger,"itype: liBASE; ledgerHash: ""\276\230H\305\2714\032l\253n6W\035\354\257.f\r\217\302\203\224\212L\020\S\370\243OP*""; ledgerSeq: 7; queryType: qtINDIRECT; ","itype: liBASE; ledgerHash: ""\276\230H\305\2714\032l\253n6W\035\354\257.f\r\217\302\203\224\212L\020\S\370\243OP*""; ledgerSeq: 7; queryType: qtINDIRECT; "
1750527537927,1750527537927,1495,1,1,2,TMGetLedger,"itype: liBASE; ledgerHash: ""\276\230H\305\2714\032l\253n6W\035\354\257.f\r\217\302\203\224\212L\020\S\370\243OP*""; ledgerSeq: 7; queryType: qtINDIRECT; ","itype: liBASE; ledgerHash: ""\276\230H\305\2714\032l\253n6W\035\354\257.f\r\217\302\203\224\212L\020\S\370\243OP*""; ledgerSeq: 7; queryType: qtINDIRECT; "
1750527537928,1750527537928,3810,1,1,4,TMGetLedger,"itype: liBASE; ledgerHash: ""\276\230H\305\2714\032l\253n6W\035\354\257.f\r\217\302\203\224\212L\020\S\370\243OP*""; ledgerSeq: 7; queryType: qtINDIRECT; ","itype: liBASE; ledgerHash: ""\276\230H\305\2714\032l\253n6W\035\354\257.f\r\217\302\203\224\212L\020\S\370\243OP*""; ledgerSeq: 7; queryType: qtINDIRECT; "
1750527537928,1750527537928,3769,1,1,3,TMGetLedger,"itype: liBASE; ledgerHash: ""\276\230H\305\2714\032l\253n6W\035\354\257.f\r\217\302\203\224\212L\020\S\370\243OP*""; ledgerSeq: 7; queryType: qtINDIRECT; ","itype: liBASE; ledgerHash: ""\276\230H\305\2714\032l\253n6W\035\354\257.f\r\217\302\203\224\212L\020\S\370\243OP*""; ledgerSeq: 7; queryType: qtINDIRECT; "
1750527537982,1750527537982,1539,1,4,2,TMLedgerData,"ledgerHash: ""[\000\302\314\326\214\276@c\240\272\222{\363\314\032\213\311\316\246/\330\302\014>\022\346\234\347\264\270\350""; ledgerSeq: 0; type: liTS_CANDIDATE; nodes {;   nodedata: ""\002i\361\030\371\256\265\036\320\273\013\357<\215/(\215[\231D\357Gd\372\270\316\261\301\342\327\225\241\000GZ\227\022t\201\240u\2324P\027\307M\337'Y\361[IAD\351\374!\232\005\337\376\252\251g\004\003"";   nodeid: ""\000\000\000\000\000\000\000\000\000\000\000\000\000\000\000\000\000\000\000\000\000\000\000\000\000\000\000\000\000\000\000\000\000""; }; requestCookie: 3; ","ledgerHash: ""[\000\302\314\326\214\276@c\240\272\222{\363\314\032\213\311\316\246/\330\302\014>\022\346\234\347\264\270\350""; ledgerSeq: 0; type: liTS_CANDIDATE; nodes {;   nodedata: ""\002i\361\030\371\256\265\036\320\273\013\357<\215/(\215[\231D\357Gd\372\270\316\261\301\342\327\225\241\000GZ\227\022t\201\240u\2324P\027\307M\337'Y\361[IAD\351\374!\232\005\337\376\252\251g\004\003"";   nodeid: ""\000\000\000\000\000\000\000\000\000\000\000\000\000\000\000\000\000\000\000\000\000\000\000\000\000\000\000\000\000\000\000\000\000""; }; requestCookie: 3; "
1750527537986,1750527537986,1665,1,2,3,TMLedgerData,"ledgerHash: ""[\000\302\314\326\214\276@c\240\272\222{\363\314\032\213\311\316\246/\330\302\014>\022\346\234\347\264\270\350""; ledgerSeq: 0; type: liTS_CANDIDATE; nodes {;   nodedata: ""\002i\361\030\371\256\265\036\320\273\013\357<\215/(\215[\231D\357Gd\372\270\316\261\301\342\327\225\241\000GZ\227\022t\201\240u\2324P\027\307M\337'Y\361[IAD\351\374!\232\005\337\376\252\251g\004\003"";   nodeid: ""\000\000\000\000\000\000\000\000\000\000\000\000\000\000\000\000\000\000\000\000\000\000\000\000\000\000\000\000\000\000\000\000\000""; }; ","ledgerHash: ""[\000\302\314\326\214\276@c\240\272\222{\363\314\032\213\311\316\246/\330\302\014>\022\346\234\347\264\270\350""; ledgerSeq: 0; type: liTS_CANDIDATE; nodes {;   nodedata: ""\002i\361\030\371\256\265\036\320\273\013\357<\215/(\215[\231D\357Gd\372\270\316\261\301\342\327\225\241\000GZ\227\022t\201\240u\2324P\027\307M\337'Y\361[IAD\351\374!\232\005\337\376\252\251g\004\003"";   nodeid: ""\000\000\000\000\000\000\000\000\000\000\000\000\000\000\000\000\000\000\000\000\000\000\000\000\000\000\000\000\000\000\000\000\000""; }; "
1750527537993,1750527537993,3378,1,4,0,TMLedgerData,"ledgerHash: ""\363\262\310\025\251\261\276X\247\260J\221\345\357\037\231)|\321K\000\\326E\004\377\005\255""A?\250""; ledgerSeq: 0; type: liTS_CANDIDATE; nodes {;   nodedata: ""MJ\275'\324\005\036\313\204nW\300\362\327\016\205\236\021\351Q6\021\355\301\372\322\276g\026\243\361M\004\003"";   nodeid: ""\000\000\000\000\000\000\000\000\000\000\000\000\000\000\000\000\000\000\000\000\000\000\000\000\000\000\000\000\000\000\000\000\000""; }; ","ledgerHash: ""\363\262\310\025\251\261\276X\247\260J\221\345\357\037\231)|\321K\000\\326E\004\377\005\255""A?\250""; ledgerSeq: 0; type: liTS_CANDIDATE; nodes {;   nodedata: ""MJ\275'\324\005\036\313\204nW\300\362\327\016\205\236\021\351Q6\021\355\301\372\322\276g\026\243\361M\004\003"";   nodeid: ""\000\000\000\000\000\000\000\000\000\000\000\000\000\000\000\000\000\000\000\000\000\000\000\000\000\000\000\000\000\000\000\000\000""; }; "
1750527537996,1750527537996,1212,1,2,4,TMLedgerData,"ledgerHash: ""\310\200l\322\255\214\342'\243\202\375k%_\335\032N\021G\005\230\271\366~%e\366\202l^\rR""; ledgerSeq: 0; type: liTS_CANDIDATE; nodes {;   nodedata: ""GZ\227\022t\201\240u\2324P\027\307M\337'Y\361[IAD\351\374!\232\005\337\376\252\251g\004\003"";   nodeid: ""\000\000\000\000\000\000\000\000\000\000\000\000\000\000\000\000\000\000\000\000\000\000\000\000\000\000\000\000\000\000\000\000\000""; }; ","ledgerHash: ""\310\200l\322\255\214\342'\243\202\375k%_\335\032N\021G\005\230\271\366~%e\366\202l^\rR""; ledgerSeq: 0; type: liTS_CANDIDATE; nodes {;   nodedata: ""GZ\227\022t\201\240u\2324P\027\307M\337'Y\361[IAD\351\374!\232\005\337\376\252\251g\004\003"";   nodeid: ""\000\000\000\000\000\000\000\000\000\000\000\000\000\000\000\000\000\000\000\000\000\000\000\000\000\000\000\000\000\000\000\000\000""; }; "
1750527538001,1750527538001,1019,1,3,4,TMGetLedger,"itype: liTS_CANDIDATE; ledgerHash: ""\341\310\354\0213\033\013\350\207z\236R(|z&\034\335\266\323\356\205\273DV\210\254\213T\rZ\347""; nodeIDs: ""\000\000\000\000\000\000\000\000\000\000\000\000\000\000\000\000\000\000\000\000\000\000\000\000\000\000\000\000\000\000\000\000\000""; queryType: qtINDIRECT; queryDepth: 3; ","itype: liTS_CANDIDATE; ledgerHash: ""\341\310\354\0213\033\013\350\207z\236R(|z&\034\335\266\323\356\205\273DV\210\254\213T\rZ\347""; nodeIDs: ""\000\000\000\000\000\000\000\000\000\000\000\000\000\000\000\000\000\000\000\000\000\000\000\000\000\000\000\000\000\000\000\000\000""; queryType: qtINDIRECT; queryDepth: 3; "
1750527538002,1750527538002,2079,1,3,1,TMGetLedger,"itype: liTS_CANDIDATE; ledgerHash: ""\341\310\354\0213\033\013\350\207z\236R(|z&\034\335\266\323\356\205\273DV\210\254\213T\rZ\347""; nodeIDs: ""\000\000\000\000\000\000\000\000\000\000\000\000\000\000\000\000\000\000\000\000\000\000\000\000\000\000\000\000\000\000\000\000\000""; queryType: qtINDIRECT; queryDepth: 3; ","itype: liTS_CANDIDATE; ledgerHash: ""\341\310\354\0213\033\013\350\207z\236R(|z&\034\335\266\323\356\205\273DV\210\254\213T\rZ\347""; nodeIDs: ""\000\000\000\000\000\000\000\000\000\000\000\000\000\000\000\000\000\000\000\000\000\000\000\000\000\000\000\000\000\000\000\000\000""; queryType: qtINDIRECT; queryDepth: 3; "
1750527538001,1750527538002,1131,1,3,0,TMGetLedger,"itype: liTS_CANDIDATE; ledgerHash: ""\341\310\354\0213\033\013\350\207z\236R(|z&\034\335\266\323\356\205\273DV\210\254\213T\rZ\347""; nodeIDs: ""\000\000\000\000\000\000\000\000\000\000\000\000\000\000\000\000\000\000\000\000\000\000\000\000\000\000\000\000\000\000\000\000\000""; queryType: qtINDIRECT; queryDepth: 3; ","itype: liTS_CANDIDATE; ledgerHash: ""\341\310\354\0213\033\013\350\207z\236R(|z&\034\335\266\323\356\205\273DV\210\254\213T\rZ\347""; nodeIDs: ""\000\000\000\000\000\000\000\000\000\000\000\000\000\000\000\000\000\000\000\000\000\000\000\000\000\000\000\000\000\000\000\000\000""; queryType: qtINDIRECT; queryDepth: 3; "
1750527538003,1750527538003,2794,1,3,2,TMGetLedger,"itype: liTS_CANDIDATE; ledgerHash: ""\341\310\354\0213\033\013\350\207z\236R(|z&\034\335\266\323\356\205\273DV\210\254\213T\rZ\347""; nodeIDs: ""\000\000\000\000\000\000\000\000\000\000\000\000\000\000\000\000\000\000\000\000\000\000\000\000\000\000\000\000\000\000\000\000\000""; queryType: qtINDIRECT; queryDepth: 3; ","itype: liTS_CANDIDATE; ledgerHash: ""\341\310\354\0213\033\013\350\207z\236R(|z&\034\335\266\323\356\205\273DV\210\254\213T\rZ\347""; nodeIDs: ""\000\000\000\000\000\000\000\000\000\000\000\000\000\000\000\000\000\000\000\000\000\000\000\000\000\000\000\000\000\000\000\000\000""; queryType: qtINDIRECT; queryDepth: 3; "
1750527538003,1750527538003,1968,1,1,2,TMLedgerData,"ledgerHash: ""[\000\302\314\326\214\276@c\240\272\222{\363\314\032\213\311\316\246/\330\302\014>\022\346\234\347\264\270\350""; ledgerSeq: 0; type: liTS_CANDIDATE; nodes {;   nodedata: ""\002i\361\030\371\256\265\036\320\273\013\357<\215/(\215[\231D\357Gd\372\270\316\261\301\342\327\225\241\000GZ\227\022t\201\240u\2324P\027\307M\337'Y\361[IAD\351\374!\232\005\337\376\252\251g\004\003"";   nodeid: ""\000\000\000\000\000\000\000\000\000\000\000\000\000\000\000\000\000\000\000\000\000\000\000\000\000\000\000\000\000\000\000\000\000""; }; ","ledgerHash: ""[\000\302\314\326\214\276@c\240\272\222{\363\314\032\213\311\316\246/\330\302\014>\022\346\234\347\264\270\350""; ledgerSeq: 0; type: liTS_CANDIDATE; nodes {;   nodedata: ""\002i\361\030\371\256\265\036\320\273\013\357<\215/(\215[\231D\357Gd\372\270\316\261\301\342\327\225\241\000GZ\227\022t\201\240u\2324P\027\307M\337'Y\361[IAD\351\374!\232\005\337\376\252\251g\004\003"";   nodeid: ""\000\000\000\000\000\000\000\000\000\000\000\000\000\000\000\000\000\000\000\000\000\000\000\000\000\000\000\000\000\000\000\000\000""; }; "
1750527538003,1750527538004,2523,1,3,2,TMLedgerData,"ledgerHash: ""[\000\302\314\326\214\276@c\240\272\222{\363\314\032\213\311\316\246/\330\302\014>\022\346\234\347\264\270\350""; ledgerSeq: 0; type: liTS_CANDIDATE; nodes {;   nodedata: ""\002i\361\030\371\256\265\036\320\273\013\357<\215/(\215[\231D\357Gd\372\270\316\261\301\342\327\225\241\000GZ\227\022t\201\240u\2324P\027\307M\337'Y\361[IAD\351\374!\232\005\337\376\252\251g\004\003"";   nodeid: ""\000\000\000\000\000\000\000\000\000\000\000\000\000\000\000\000\000\000\000\000\000\000\000\000\000\000\000\000\000\000\000\000\000""; }; ","ledgerHash: ""[\000\302\314\326\214\276@c\240\272\222{\363\314\032\213\311\316\246/\330\302\014>\022\346\234\347\264\270\350""; ledgerSeq: 0; type: liTS_CANDIDATE; nodes {;   nodedata: ""\002i\361\030\371\256\265\036\320\273\013\357<\215/(\215[\231D\357Gd\372\270\316\261\301\342\327\225\241\000GZ\227\022t\201\240u\2324P\027\307M\337'Y\361[IAD\351\374!\232\005\337\376\252\251g\004\003"";   nodeid: ""\000\000\000\000\000\000\000\000\000\000\000\000\000\000\000\000\000\000\000\000\000\000\000\000\000\000\000\000\000\000\000\000\000""; }; "
1750527538012,1750527538012,2523,1,3,2,TMLedgerData,"ledgerHash: ""[\000\302\314\326\214\276@c\240\272\222{\363\314\032\213\311\316\246/\330\302\014>\022\346\234\347\264\270\350""; ledgerSeq: 0; type: liTS_CANDIDATE; nodes {;   nodedata: ""\002i\361\030\371\256\265\036\320\273\013\357<\215/(\215[\231D\357Gd\372\270\316\261\301\342\327\225\241\000GZ\227\022t\201\240u\2324P\027\307M\337'Y\361[IAD\351\374!\232\005\337\376\252\251g\004\003"";   nodeid: ""\000\000\000\000\000\000\000\000\000\000\000\000\000\000\000\000\000\000\000\000\000\000\000\000\000\000\000\000\000\000\000\000\000""; }; requestCookie: 3; ","ledgerHash: ""[\000\302\314\326\214\276@c\240\272\222{\363\314\032\213\311\316\246/\330\302\014>\022\346\234\347\264\270\350""; ledgerSeq: 0; type: liTS_CANDIDATE; nodes {;   nodedata: ""\002i\361\030\371\256\265\036\320\273\013\357<\215/(\215[\231D\357Gd\372\270\316\261\301\342\327\225\241\000GZ\227\022t\201\240u\2324P\027\307M\337'Y\361[IAD\351\374!\232\005\337\376\252\251g\004\003"";   nodeid: ""\000\000\000\000\000\000\000\000\000\000\000\000\000\000\000\000\000\000\000\000\000\000\000\000\000\000\000\000\000\000\000\000\000""; }; requestCookie: 3; "
1750527538022,1750527538022,1497,1,0,3,TMLedgerData,"ledgerHash: ""3\321\n7\354)\tf\006\357\205B<h\272GQ \344\262\236\025#\003\024&\310\034\352\376\326""; ledgerSeq: 0; type: liTS_CANDIDATE; nodes {;   nodedata: ""'\240~~s\033\202\356\320\307\177Nt\203\315\245\305\276b\265\310\271\3319\245:\342=c\267\265\233\002\003"";   nodeid: ""\000\000\000\000\000\000\000\000\000\000\000\000\000\000\000\000\000\000\000\000\000\000\000\000\000\000\000\000\000\000\000\000\000""; }; ","ledgerHash: ""3\321\n7\354)\tf\006\357\205B<h\272GQ \344\262\236\025#\003\024&\310\034\352\376\326""; ledgerSeq: 0; type: liTS_CANDIDATE; nodes {;   nodedata: ""'\240~~s\033\202\356\320\307\177Nt\203\315\245\305\276b\265\310\271\3319\245:\342=c\267\265\233\002\003"";   nodeid: ""\000\000\000\000\000\000\000\000\000\000\000\000\000\000\000\000\000\000\000\000\000\000\000\000\000\000\000\000\000\000\000\000\000""; }; "
1750527538027,1750527538027,782,1,0,4,TMValidation,"validation: """"\200\000\000\001&\000\000\000\007)/\351\252\261:g\237X\336\3531\020\010Q\276\230H\305\2714\032l\253n6W\035\354\257.f\r\217\302\203\224\212L\020\S\370\243OP*P\027\000\000\000\000\000\000\000\000\000\000\000\000\000\000\000\000\000\000\000\000\000\000\000\000\000\000\000\000\000\000\000\000P\031\360\215\2502\265\245\310\226\243c\302Ze\306\253#r\020\211\320iG\276\020E\317\035Sf\223F\254s!\003\255\225A\213\332\224ehh\024BDq\224\250\335`\355\353{\357\266\335<\021\032\265\177\206\356&\215vF0D\002 [\236*\377\3412\351\334\022IF\303\262\255\023~'\3069\250\325m\324\l\033&\252(\2349\034\002 T\345\034\t\330\017\264\342-rd@\340ZA\255\321\007\324\335j\342;\270\342\347\341\306P\327Ge""; ","validation: """"\200\000\000\001&\000\000\000\007)/\351\252\261:g\237X\336\3531\020\010Q\276\230H\305\2714\032l\253n6W\035\354\257.f\r\217\302\203\224\212L\020\S\370\243OP*P\027\000\000\000\000\000\000\000\000\000\000\000\000\000\000\000\000\000\000\000\000\000\000\000\000\000\000\000\000\000\000\000\000P\031\360\215\2502\265\245\310\226\243c\302Ze\306\253#r\020\211\320iG\276\020E\317\035Sf\223F\254s!\003\255\225A\213\332\224ehh\024BDq\224\250\335`\355\353{\357\266\335<\021\032\265\177\206\356&\215vF0D\002 [\236*\377\3412\351\334\022IF\303\262\255\023~'\3069\250\325m\324\l\033&\252(\2349\034\002 T\345\034\t\330\017\264\342-rd@\340ZA\255\321\007\324\335j\342;\270\342\347\341\306P\327Ge""; "
1750527538028,1750527538028,380,1,0,4,TMGetLedger,"itype: liBASE; ledgerHash: ""\276\230H\305\2714\032l\253n6W\035\354\257.f\r\217\302\203\224\212L\020\S\370\243OP*""; ","itype: liBASE; ledgerHash: ""\276\230H\305\2714\032l\253n6W\035\354\257.f\r\217\302\203\224\212L\020\S\370\243OP*""; "
1750527538028,1750527538028,2261,1,0,1,TMValidation,"validation: """"\200\000\000\001&\000\000\000\007)/\351\252\261:g\237X\336\3531\020\010Q\276\230H\305\2714\032l\253n6W\035\354\257.f\r\217\302\203\224\212L\020\S\370\243OP*P\027\000\000\000\000\000\000\000\000\000\000\000\000\000\000\000\000\000\000\000\000\000\000\000\000\000\000\000\000\000\000\000\000P\031\360\215\2502\265\245\310\226\243c\302Ze\306\253#r\020\211\320iG\276\020E\317\035Sf\223F\254s!\003\255\225A\213\332\224ehh\024BDq\224\250\335`\355\353{\357\266\335<\021\032\265\177\206\356&\215vF0D\002 [\236*\377\3412\351\334\022IF\303\262\255\023~'\3069\250\325m\324\l\033&\252(\2349\034\002 T\345\034\t\330\017\264\342-rd@\340ZA\255\321\007\324\335j\342;\270\342\347\341\306P\327Ge""; ","validation: """"\200\000\000\001&\000\000\000\007)/\351\252\261:g\237X\336\3531\020\010Q\276\230H\305\2714\032l\253n6W\035\354\257.f\r\217\302\203\224\212L\020\S\370\243OP*P\027\000\000\000\000\000\000\000\000\000\000\000\000\000\000\000\000\000\000\000\000\000\000\000\000\000\000\000\000\000\000\000\000P\031\360\215\2502\265\245\310\226\243c\302Ze\306\253#r\020\211\320iG\276\020E\317\035Sf\223F\254s!\003\255\225A\213\332\224ehh\024BDq\224\250\335`\355\353{\357\266\335<\021\032\265\177\206\356&\215vF0D\002 [\236*\377\3412\351\334\022IF\303\262\255\023~'\3069\250\325m\324\l\033&\252(\2349\034\002 T\345\034\t\330\017\264\342-rd@\340ZA\255\321\007\324\335j\342;\270\342\347\341\306P\327Ge""; "
1750527538028,1750527538028,1199,1,0,2,TMGetLedger,"itype: liBASE; ledgerHash: ""\276\230H\305\2714\032l\253n6W\035\354\257.f\r\217\302\203\224\212L\020\S\370\243OP*""; ","itype: liBASE; ledgerHash: ""\276\230H\305\2714\032l\253n6W\035\354\257.f\r\217\302\203\224\212L\020\S\370\243OP*""; "
1750527538029,1750527538029,3375,1,0,1,TMGetLedger,"itype: liBASE; ledgerHash: ""\276\230H\305\2714\032l\253n6W\035\354\257.f\r\217\302\203\224\212L\020\S\370\243OP*""; ","itype: liBASE; ledgerHash: ""\276\230H\305\2714\032l\253n6W\035\354\257.f\r\217\302\203\224\212L\020\S\370\243OP*""; "
1750527538029,1750527538030,1769,1,2,1,TMLedgerData,"ledgerHash: ""[\000\302\314\326\214\276@c\240\272\222{\363\314\032\213\311\316\246/\330\302\014>\022\346\234\347\264\270\350""; ledgerSeq: 0; type: liTS_CANDIDATE; nodes {;   nodedata: ""\002i\361\030\371\256\265\036\320\273\013\357<\215/(\215[\231D\357Gd\372\270\316\261\301\342\327\225\241\000GZ\227\022t\201\240u\2324P\027\307M\337'Y\361[IAD\351\374!\232\005\337\376\252\251g\004\003"";   nodeid: ""\000\000\000\000\000\000\000\000\000\000\000\000\000\000\000\000\000\000\000\000\000\000\000\000\000\000\000\000\000\000\000\000\000""; }; ","ledgerHash: ""[\000\302\314\326\214\276@c\240\272\222{\363\314\032\213\311\316\246/\330\302\014>\022\346\234\347\264\270\350""; ledgerSeq: 0; type: liTS_CANDIDATE; nodes {;   nodedata: ""\002i\361\030\371\256\265\036\320\273\013\357<\215/(\215[\231D\357Gd\372\270\316\261\301\342\327\225\241\000GZ\227\022t\201\240u\2324P\027\307M\337'Y\361[IAD\351\374!\232\005\337\376\252\251g\004\003"";   nodeid: ""\000\000\000\000\000\000\000\000\000\000\000\000\000\000\000\000\000\000\000\000\000\000\000\000\000\000\000\000\000\000\000\000\000""; }; "
1750527538030,1750527538030,3375,1,0,1,TMGetLedger,"itype: liBASE; ledgerHash: ""\276\230H\305\2714\032l\253n6W\035\354\257.f\r\217\302\203\224\212L\020\S\370\243OP*""; queryType: qtINDIRECT; ","itype: liBASE; ledgerHash: ""\276\230H\305\2714\032l\253n6W\035\354\257.f\r\217\302\203\224\212L\020\S\370\243OP*""; queryType: qtINDIRECT; "
1750527538031,1750527538031,380,1,0,4,TMGetLedger,"itype: liBASE; ledgerHash: ""\276\230H\305\2714\032l\253n6W\035\354\257.f\r\217\302\203\224\212L\020\S\370\243OP*""; queryType: qtINDIRECT; ","itype: liBASE; ledgerHash: ""\276\230H\305\2714\032l\253n6W\035\354\257.f\r\217\302\203\224\212L\020\S\370\243OP*""; queryType: qtINDIRECT; "
1750527538031,1750527538031,1199,1,0,2,TMGetLedger,"itype: liBASE; ledgerHash: ""\276\230H\305\2714\032l\253n6W\035\354\257.f\r\217\302\203\224\212L\020\S\370\243OP*""; queryType: qtINDIRECT; ","itype: liBASE; ledgerHash: ""\276\230H\305\2714\032l\253n6W\035\354\257.f\r\217\302\203\224\212L\020\S\370\243OP*""; queryType: qtINDIRECT; "
1750527538040,1750527538040,589,1,2,0,TMGetLedger,"itype: liTS_CANDIDATE; ledgerHash: ""\341\310\354\0213\033\013\350\207z\236R(|z&\034\335\266\323\356\205\273DV\210\254\213T\rZ\347""; nodeIDs: ""\000\000\000\000\000\000\000\000\000\000\000\000\000\000\000\000\000\000\000\000\000\000\000\000\000\000\000\000\000\000\000\000\000""; queryType: qtINDIRECT; queryDepth: 3; ","itype: liTS_CANDIDATE; ledgerHash: ""\341\310\354\0213\033\013\350\207z\236R(|z&\034\335\266\323\356\205\273DV\210\254\213T\rZ\347""; nodeIDs: ""\000\000\000\000\000\000\000\000\000\000\000\000\000\000\000\000\000\000\000\000\000\000\000\000\000\000\000\000\000\000\000\000\000""; queryType: qtINDIRECT; queryDepth: 3; "
1750527538041,1750527538041,3719,1,2,4,TMGetLedger,"itype: liTS_CANDIDATE; ledgerHash: ""\341\310\354\0213\033\013\350\207z\236R(|z&\034\335\266\323\356\205\273DV\210\254\213T\rZ\347""; nodeIDs: ""\000\000\000\000\000\000\000\000\000\000\000\000\000\000\000\000\000\000\000\000\000\000\000\000\000\000\000\000\000\000\000\000\000""; queryType: qtINDIRECT; queryDepth: 3; ","itype: liTS_CANDIDATE; ledgerHash: ""\341\310\354\0213\033\013\350\207z\236R(|z&\034\335\266\323\356\205\273DV\210\254\213T\rZ\347""; nodeIDs: ""\000\000\000\000\000\000\000\000\000\000\000\000\000\000\000\000\000\000\000\000\000\000\000\000\000\000\000\000\000\000\000\000\000""; queryType: qtINDIRECT; queryDepth: 3; "
1750527538041,1750527538041,1544,1,2,1,TMGetLedger,"itype: liTS_CANDIDATE; ledgerHash: ""\341\310\354\0213\033\013\350\207z\236R(|z&\034\335\266\323\356\205\273DV\210\254\213T\rZ\347""; nodeIDs: ""\000\000\000\000\000\000\000\000\000\000\000\000\000\000\000\000\000\000\000\000\000\000\000\000\000\000\000\000\000\000\000\000\000""; queryType: qtINDIRECT; queryDepth: 3; ","itype: liTS_CANDIDATE; ledgerHash: ""\341\310\354\0213\033\013\350\207z\236R(|z&\034\335\266\323\356\205\273DV\210\254\213T\rZ\347""; nodeIDs: ""\000\000\000\000\000\000\000\000\000\000\000\000\000\000\000\000\000\000\000\000\000\000\000\000\000\000\000\000\000\000\000\000\000""; queryType: qtINDIRECT; queryDepth: 3; "
1750527538042,1750527538042,4000,1,2,3,TMGetLedger,"itype: liTS_CANDIDATE; ledgerHash: ""\341\310\354\0213\033\013\350\207z\236R(|z&\034\335\266\323\356\205\273DV\210\254\213T\rZ\347""; nodeIDs: ""\000\000\000\000\000\000\000\000\000\000\000\000\000\000\000\000\000\000\000\000\000\000\000\000\000\000\000\000\000\000\000\000\000""; queryType: qtINDIRECT; queryDepth: 3; ","itype: liTS_CANDIDATE; ledgerHash: ""\341\310\354\0213\033\013\350\207z\236R(|z&\034\335\266\323\356\205\273DV\210\254\213T\rZ\347""; nodeIDs: ""\000\000\000\000\000\000\000\000\000\000\000\000\000\000\000\000\000\000\000\000\000\000\000\000\000\000\000\000\000\000\000\000\000""; queryType: qtINDIRECT; queryDepth: 3; "
1750527538063,1750527538063,3094,1,0,3,TMGetLedger,"itype: liBASE; ledgerHash: ""\276\230H\305\2714\032l\253n6W\035\354\257.f\r\217\302\203\224\212L\020\S\370\243OP*""; ","itype: liBASE; ledgerHash: ""\276\230H\305\2714\032l\253n6W\035\354\257.f\r\217\302\203\224\212L\020\S\370\243OP*""; "
1750527538063,1750527538063,3422,1,0,3,TMValidation,"validation: """"\200\000\000\001&\000\000\000\007)/\351\252\261:g\237X\336\3531\020\010Q\276\230H\305\2714\032l\253n6W\035\354\257.f\r\217\302\203\224\212L\020\S\370\243OP*P\027\000\000\000\000\000\000\000\000\000\000\000\000\000\000\000\000\000\000\000\000\000\000\000\000\000\000\000\000\000\000\000\000P\031\360\215\2502\265\245\310\226\243c\302Ze\306\253#r\020\211\320iG\276\020E\317\035Sf\223F\254s!\003\255\225A\213\332\224ehh\024BDq\224\250\335`\355\353{\357\266\335<\021\032\265\177\206\356&\215vF0D\002 [\236*\377\3412\351\334\022IF\303\262\255\023~'\3069\250\325m\324\l\033&\252(\2349\034\002 T\345\034\t\330\017\264\342-rd@\340ZA\255\321\007\324\335j\342;\270\342\347\341\306P\327Ge""; ","validation: """"\200\000\000\001&\000\000\000\007)/\351\252\261:g\237X\336\3531\020\010Q\276\230H\305\2714\032l\253n6W\035\354\257.f\r\217\302\203\224\212L\020\S\370\243OP*P\027\000\000\000\000\000\000\000\000\000\000\000\000\000\000\000\000\000\000\000\000\000\000\000\000\000\000\000\000\000\000\000\000P\031\360\215\2502\265\245\310\226\243c\302Ze\306\253#r\020\211\320iG\276\020E\317\035Sf\223F\254s!\003\255\225A\213\332\224ehh\024BDq\224\250\335`\355\353{\357\266\335<\021\032\265\177\206\356&\215vF0D\002 [\236*\377\3412\351\334\022IF\303\262\255\023~'\3069\250\325m\324\l\033&\252(\2349\034\002 T\345\034\t\330\017\264\342-rd@\340ZA\255\321\007\324\335j\342;\270\342\347\341\306P\327Ge""; "
1750527538063,1750527538063,3094,1,0,3,TMGetLedger,"itype: liBASE; ledgerHash: ""\276\230H\305\2714\032l\253n6W\035\354\257.f\r\217\302\203\224\212L\020\S\370\243OP*""; queryType: qtINDIRECT; ","itype: liBASE; ledgerHash: ""\276\230H\305\2714\032l\253n6W\035\354\257.f\r\217\302\203\224\212L\020\S\370\243OP*""; queryType: qtINDIRECT; "
1750527538112,1750527538112,3375,1,0,1,TMGetLedger,"itype: liTS_CANDIDATE; ledgerHash: ""\363\262\310\025\251\261\276X\247\260J\221\345\357\037\231)|\321K\000\\326E\004\377\005\255""A?\250""; nodeIDs: ""\000\000\000\000\000\000\000\000\000\000\000\000\000\000\000\000\000\000\000\000\000\000\000\000\000\000\000\000\000\000\000\000\000""; queryType: qtINDIRECT; queryDepth: 3; ","itype: liTS_CANDIDATE; ledgerHash: ""\363\262\310\025\251\261\276X\247\260J\221\345\357\037\231)|\321K\000\\326E\004\377\005\255""A?\250""; nodeIDs: ""\000\000\000\000\000\000\000\000\000\000\000\000\000\000\000\000\000\000\000\000\000\000\000\000\000\000\000\000\000\000\000\000\000""; queryType: qtINDIRECT; queryDepth: 3; "
1750527538129,1750527538129,2101,1,4,1,TMGetLedger,"itype: liTS_CANDIDATE; ledgerHash: ""\341\310\354\0213\033\013\350\207z\236R(|z&\034\335\266\323\356\205\273DV\210\254\213T\rZ\347""; nodeIDs: ""\000\000\000\000\000\000\000\000\000\000\000\000\000\000\000\000\000\000\000\000\000\000\000\000\000\000\000\000\000\000\000\000\000""; queryType: qtINDIRECT; queryDepth: 3; ","itype: liTS_CANDIDATE; ledgerHash: ""\341\310\354\0213\033\013\350\207z\236R(|z&\034\335\266\323\356\205\273DV\210\254\213T\rZ\347""; nodeIDs: ""\000\000\000\000\000\000\000\000\000\000\000\000\000\000\000\000\000\000\000\000\000\000\000\000\000\000\000\000\000\000\000\000\000""; queryType: qtINDIRECT; queryDepth: 3; "
1750527538130,1750527538130,2309,1,4,2,TMGetLedger,"itype: liTS_CANDIDATE; ledgerHash: ""\341\310\354\0213\033\013\350\207z\236R(|z&\034\335\266\323\356\205\273DV\210\254\213T\rZ\347""; nodeIDs: ""\000\000\000\000\000\000\000\000\000\000\000\000\000\000\000\000\000\000\000\000\000\000\000\000\000\000\000\000\000\000\000\000\000""; queryType: qtINDIRECT; queryDepth: 3; ","itype: liTS_CANDIDATE; ledgerHash: ""\341\310\354\0213\033\013\350\207z\236R(|z&\034\335\266\323\356\205\273DV\210\254\213T\rZ\347""; nodeIDs: ""\000\000\000\000\000\000\000\000\000\000\000\000\000\000\000\000\000\000\000\000\000\000\000\000\000\000\000\000\000\000\000\000\000""; queryType: qtINDIRECT; queryDepth: 3; "
1750527538129,1750527538129,559,1,4,3,TMGetLedger,"itype: liTS_CANDIDATE; ledgerHash: ""\341\310\354\0213\033\013\350\207z\236R(|z&\034\335\266\323\356\205\273DV\210\254\213T\rZ\347""; nodeIDs: ""\000\000\000\000\000\000\000\000\000\000\000\000\000\000\000\000\000\000\000\000\000\000\000\000\000\000\000\000\000\000\000\000\000""; queryType: qtINDIRECT; queryDepth: 3; ","itype: liTS_CANDIDATE; ledgerHash: ""\341\310\354\0213\033\013\350\207z\236R(|z&\034\335\266\323\356\205\273DV\210\254\213T\rZ\347""; nodeIDs: ""\000\000\000\000\000\000\000\000\000\000\000\000\000\000\000\000\000\000\000\000\000\000\000\000\000\000\000\000\000\000\000\000\000""; queryType: qtINDIRECT; queryDepth: 3; "
1750527538129,1750527538129,1932,1,4,0,TMGetLedger,"itype: liTS_CANDIDATE; ledgerHash: ""\341\310\354\0213\033\013\350\207z\236R(|z&\034\335\266\323\356\205\273DV\210\254\213T\rZ\347""; nodeIDs: ""\000\000\000\000\000\000\000\000\000\000\000\000\000\000\000\000\000\000\000\000\000\000\000\000\000\000\000\000\000\000\000\000\000""; queryType: qtINDIRECT; queryDepth: 3; ","itype: liTS_CANDIDATE; ledgerHash: ""\341\310\354\0213\033\013\350\207z\236R(|z&\034\335\266\323\356\205\273DV\210\254\213T\rZ\347""; nodeIDs: ""\000\000\000\000\000\000\000\000\000\000\000\000\000\000\000\000\000\000\000\000\000\000\000\000\000\000\000\000\000\000\000\000\000""; queryType: qtINDIRECT; queryDepth: 3; "
1750527538131,1750527538131,3268,1,0,2,TMProposeSet,"proposeSeq: 0; currentTxHash: ""\363\262\310\025\251\261\276X\247\260J\221\345\357\037\231)|\321K\000\\326E\004\377\005\255""A?\250""; nodePubKey: ""\003R7o\362bV\300hf\266\241;}\200^\374\240\203[:\342Q\225\221\027y\372\255\235\216\323~""; closeTime: 803842735; signature: ""0E\002!\000\275S\246\324u\276\354[\024\357a\232\014\303\231Rk\313\307*0\r(\256\026m\302\314\234""\023C\002 O$\244e\275\360B2|\227u\376\0260""\030\013N]\311\306\343M\315\327\t\207\321\270\250\351g""; previousledger: ""\360\215\2502\265\245\310\226\243c\302Ze\306\253#r\020\211\320iG\276\020E\317\035Sf\223F\254""; ","proposeSeq: 0; currentTxHash: ""\363\262\310\025\251\261\276X\247\260J\221\345\357\037\231)|\321K\000\\326E\004\377\005\255""A?\250""; nodePubKey: ""\003R7o\362bV\300hf\266\241;}\200^\374\240\203[:\342Q\225\221\027y\372\255\235\216\323~""; closeTime: 803842735; signature: ""0E\002!\000\275S\246\324u\276\354[\024\357a\232\014\303\231Rk\313\307*0\r(\256\026m\302\314\234""\023C\002 O$\244e\275\360B2|\227u\376\0260""\030\013N]\311\306\343M\315\327\t\207\321\270\250\351g""; previousledger: ""\360\215\2502\265\245\310\226\243c\302Ze\306\253#r\020\211\320iG\276\020E\317\035Sf\223F\254""; "
1750527538132,1750527538132,3849,1,0,1,TMProposeSet,"proposeSeq: 0; currentTxHash: ""\363\262\310\025\251\261\276X\247\260J\221\345\357\037\231)|\321K\000\\326E\004\377\005\255""A?\250""; nodePubKey: ""\003R7o\362bV\300hf\266\241;}\200^\374\240\203[:\342Q\225\221\027y\372\255\235\216\323~""; closeTime: 803842735; signature: ""0E\002!\000\275S\246\324u\276\354[\024\357a\232\014\303\231Rk\313\307*0\r(\256\026m\302\314\234""\023C\002 O$\244e\275\360B2|\227u\376\0260""\030\013N]\311\306\343M\315\327\t\207\321\270\250\351g""; previousledger: ""\360\215\2502\265\245\310\226\243c\302Ze\306\253#r\020\211\320iG\276\020E\317\035Sf\223F\254""; ","proposeSeq: 0; currentTxHash: ""\363\262\310\025\251\261\276X\247\260J\221\345\357\037\231)|\321K\000\\326E\004\377\005\255""A?\250""; nodePubKey: ""\003R7o\362bV\300hf\266\241;}\200^\374\240\203[:\342Q\225\221\027y\372\255\235\216\323~""; closeTime: 803842735; signature: ""0E\002!\000\275S\246\324u\276\354[\024\357a\232\014\303\231Rk\313\307*0\r(\256\026m\302\314\234""\023C\002 O$\244e\275\360B2|\227u\376\0260""\030\013N]\311\306\343M\315\327\t\207\321\270\250\351g""; previousledger: ""\360\215\2502\265\245\310\226\243c\302Ze\306\253#r\020\211\320iG\276\020E\317\035Sf\223F\254""; "
1750527538132,1750527538132,3504,1,0,4,TMProposeSet,"proposeSeq: 0; currentTxHash: ""\363\262\310\025\251\261\276X\247\260J\221\345\357\037\231)|\321K\000\\326E\004\377\005\255""A?\250""; nodePubKey: ""\003R7o\362bV\300hf\266\241;}\200^\374\240\203[:\342Q\225\221\027y\372\255\235\216\323~""; closeTime: 803842735; signature: ""0E\002!\000\275S\246\324u\276\354[\024\357a\232\014\303\231Rk\313\307*0\r(\256\026m\302\314\234""\023C\002 O$\244e\275\360B2|\227u\376\0260""\030\013N]\311\306\343M\315\327\t\207\321\270\250\351g""; previousledger: ""\360\215\2502\265\245\310\226\243c\302Ze\306\253#r\020\211\320iG\276\020E\317\035Sf\223F\254""; ","proposeSeq: 0; currentTxHash: ""\363\262\310\025\251\261\276X\247\260J\221\345\357\037\231)|\321K\000\\326E\004\377\005\255""A?\250""; nodePubKey: ""\003R7o\362bV\300hf\266\241;}\200^\374\240\203[:\342Q\225\221\027y\372\255\235\216\323~""; closeTime: 803842735; signature: ""0E\002!\000\275S\246\324u\276\354[\024\357a\232\014\303\231Rk\313\307*0\r(\256\026m\302\314\234""\023C\002 O$\244e\275\360B2|\227u\376\0260""\030\013N]\311\306\343M\315\327\t\207\321\270\250\351g""; previousledger: ""\360\215\2502\265\245\310\226\243c\302Ze\306\253#r\020\211\320iG\276\020E\317\035Sf\223F\254""; "
1750527538140,1750527538140,1131,1,3,0,TMGetLedger,"itype: liTS_CANDIDATE; ledgerHash: ""3\321\n7\354)\tf\006\357\205B<h\272GQ \344\262\236\025#\003\024&\310\034\352\376\326""; nodeIDs: ""\000\000\000\000\000\000\000\000\000\000\000\000\000\000\000\000\000\000\000\000\000\000\000\000\000\000\000\000\000\000\000\000\000""; queryType: qtINDIRECT; queryDepth: 3; ","itype: liTS_CANDIDATE; ledgerHash: ""3\321\n7\354)\tf\006\357\205B<h\272GQ \344\262\236\025#\003\024&\310\034\352\376\326""; nodeIDs: ""\000\000\000\000\000\000\000\000\000\000\000\000\000\000\000\000\000\000\000\000\000\000\000\000\000\000\000\000\000\000\000\000\000""; queryType: qtINDIRECT; queryDepth: 3; "
1750527538141,1750527538141,2794,1,3,2,TMGetLedger,"itype: liTS_CANDIDATE; ledgerHash: ""3\321\n7\354)\tf\006\357\205B<h\272GQ \344\262\236\025#\003\024&\310\034\352\376\326""; nodeIDs: ""\000\000\000\000\000\000\000\000\000\000\000\000\000\000\000\000\000\000\000\000\000\000\000\000\000\000\000\000\000\000\000\000\000""; queryType: qtINDIRECT; queryDepth: 3; ","itype: liTS_CANDIDATE; ledgerHash: ""3\321\n7\354)\tf\006\357\205B<h\272GQ \344\262\236\025#\003\024&\310\034\352\376\326""; nodeIDs: ""\000\000\000\000\000\000\000\000\000\000\000\000\000\000\000\000\000\000\000\000\000\000\000\000\000\000\000\000\000\000\000\000\000""; queryType: qtINDIRECT; queryDepth: 3; "
1750527538141,1750527538142,1019,1,3,4,TMGetLedger,"itype: liTS_CANDIDATE; ledgerHash: ""3\321\n7\354)\tf\006\357\205B<h\272GQ \344\262\236\025#\003\024&\310\034\352\376\326""; nodeIDs: ""\000\000\000\000\000\000\000\000\000\000\000\000\000\000\000\000\000\000\000\000\000\000\000\000\000\000\000\000\000\000\000\000\000""; queryType: qtINDIRECT; queryDepth: 3; ","itype: liTS_CANDIDATE; ledgerHash: ""3\321\n7\354)\tf\006\357\205B<h\272GQ \344\262\236\025#\003\024&\310\034\352\376\326""; nodeIDs: ""\000\000\000\000\000\000\000\000\000\000\000\000\000\000\000\000\000\000\000\000\000\000\000\000\000\000\000\000\000\000\000\000\000""; queryType: qtINDIRECT; queryDepth: 3; "
1750527538140,1750527538141,2079,1,3,1,TMGetLedger,"itype: liTS_CANDIDATE; ledgerHash: ""3\321\n7\354)\tf\006\357\205B<h\272GQ \344\262\236\025#\003\024&\310\034\352\376\326""; nodeIDs: ""\000\000\000\000\000\000\000\000\000\000\000\000\000\000\000\000\000\000\000\000\000\000\000\000\000\000\000\000\000\000\000\000\000""; queryType: qtINDIRECT; queryDepth: 3; ","itype: liTS_CANDIDATE; ledgerHash: ""3\321\n7\354)\tf\006\357\205B<h\272GQ \344\262\236\025#\003\024&\310\034\352\376\326""; nodeIDs: ""\000\000\000\000\000\000\000\000\000\000\000\000\000\000\000\000\000\000\000\000\000\000\000\000\000\000\000\000\000\000\000\000\000""; queryType: qtINDIRECT; queryDepth: 3; "
1750527538161,1750527538161,1932,1,4,0,TMGetLedger,"itype: liTS_CANDIDATE; ledgerHash: ""3\321\n7\354)\tf\006\357\205B<h\272GQ \344\262\236\025#\003\024&\310\034\352\376\326""; nodeIDs: ""\000\000\000\000\000\000\000\000\000\000\000\000\000\000\000\000\000\000\000\000\000\000\000\000\000\000\000\000\000\000\000\000\000""; requestCookie: 4; queryType: qtINDIRECT; queryDepth: 3; ","itype: liTS_CANDIDATE; ledgerHash: ""3\321\n7\354)\tf\006\357\205B<h\272GQ \344\262\236\025#\003\024&\310\034\352\376\326""; nodeIDs: ""\000\000\000\000\000\000\000\000\000\000\000\000\000\000\000\000\000\000\000\000\000\000\000\000\000\000\000\000\000\000\000\000\000""; requestCookie: 4; queryType: qtINDIRECT; queryDepth: 3; "
1750527538164,1750527538164,2101,1,4,1,TMGetLedger,"itype: liTS_CANDIDATE; ledgerHash: ""3\321\n7\354)\tf\006\357\205B<h\272GQ \344\262\236\025#\003\024&\310\034\352\376\326""; nodeIDs: ""\000\000\000\000\000\000\000\000\000\000\000\000\000\000\000\000\000\000\000\000\000\000\000\000\000\000\000\000\000\000\000\000\000""; queryType: qtINDIRECT; queryDepth: 3; ","itype: liTS_CANDIDATE; ledgerHash: ""3\321\n7\354)\tf\006\357\205B<h\272GQ \344\262\236\025#\003\024&\310\034\352\376\326""; nodeIDs: ""\000\000\000\000\000\000\000\000\000\000\000\000\000\000\000\000\000\000\000\000\000\000\000\000\000\000\000\000\000\000\000\000\000""; queryType: qtINDIRECT; queryDepth: 3; "
1750527538165,1750527538165,559,1,4,3,TMGetLedger,"itype: liTS_CANDIDATE; ledgerHash: ""3\321\n7\354)\tf\006\357\205B<h\272GQ \344\262\236\025#\003\024&\310\034\352\376\326""; nodeIDs: ""\000\000\000\000\000\000\000\000\000\000\000\000\000\000\000\000\000\000\000\000\000\000\000\000\000\000\000\000\000\000\000\000\000""; queryType: qtINDIRECT; queryDepth: 3; ","itype: liTS_CANDIDATE; ledgerHash: ""3\321\n7\354)\tf\006\357\205B<h\272GQ \344\262\236\025#\003\024&\310\034\352\376\326""; nodeIDs: ""\000\000\000\000\000\000\000\000\000\000\000\000\000\000\000\000\000\000\000\000\000\000\000\000\000\000\000\000\000\000\000\000\000""; queryType: qtINDIRECT; queryDepth: 3; "
1750527538165,1750527538165,1932,1,4,0,TMGetLedger,"itype: liTS_CANDIDATE; ledgerHash: ""3\321\n7\354)\tf\006\357\205B<h\272GQ \344\262\236\025#\003\024&\310\034\352\376\326""; nodeIDs: ""\000\000\000\000\000\000\000\000\000\000\000\000\000\000\000\000\000\000\000\000\000\000\000\000\000\000\000\000\000\000\000\000\000""; queryType: qtINDIRECT; queryDepth: 3; ","itype: liTS_CANDIDATE; ledgerHash: ""3\321\n7\354)\tf\006\357\205B<h\272GQ \344\262\236\025#\003\024&\310\034\352\376\326""; nodeIDs: ""\000\000\000\000\000\000\000\000\000\000\000\000\000\000\000\000\000\000\000\000\000\000\000\000\000\000\000\000\000\000\000\000\000""; queryType: qtINDIRECT; queryDepth: 3; "
1750527538170,1750527538170,2309,1,4,2,TMGetLedger,"itype: liTS_CANDIDATE; ledgerHash: ""3\321\n7\354)\tf\006\357\205B<h\272GQ \344\262\236\025#\003\024&\310\034\352\376\326""; nodeIDs: ""\000\000\000\000\000\000\000\000\000\000\000\000\000\000\000\000\000\000\000\000\000\000\000\000\000\000\000\000\000\000\000\000\000""; queryType: qtINDIRECT; queryDepth: 3; ","itype: liTS_CANDIDATE; ledgerHash: ""3\321\n7\354)\tf\006\357\205B<h\272GQ \344\262\236\025#\003\024&\310\034\352\376\326""; nodeIDs: ""\000\000\000\000\000\000\000\000\000\000\000\000\000\000\000\000\000\000\000\000\000\000\000\000\000\000\000\000\000\000\000\000\000""; queryType: qtINDIRECT; queryDepth: 3; "
1750527538219,1750527538220,2920,1,1,0,TMGetLedger,"itype: liTS_CANDIDATE; ledgerHash: ""3\321\n7\354)\tf\006\357\205B<h\272GQ \344\262\236\025#\003\024&\310\034\352\376\326""; nodeIDs: ""\000\000\000\000\000\000\000\000\000\000\000\000\000\000\000\000\000\000\000\000\000\000\000\000\000\000\000\000\000\000\000\000\000""; requestCookie: 4; queryType: qtINDIRECT; queryDepth: 3; ","itype: liTS_CANDIDATE; ledgerHash: ""3\321\n7\354)\tf\006\357\205B<h\272GQ \344\262\236\025#\003\024&\310\034\352\376\326""; nodeIDs: ""\000\000\000\000\000\000\000\000\000\000\000\000\000\000\000\000\000\000\000\000\000\000\000\000\000\000\000\000\000\000\000\000\000""; requestCookie: 4; queryType: qtINDIRECT; queryDepth: 3; "
1750527538230,1750527538230,1782,1,1,4,TMLedgerData,"ledgerHash: ""\341\310\354\0213\033\013\350\207z\236R(|z&\034\335\266\323\356\205\273DV\210\254\213T\rZ\347""; ledgerSeq: 0; type: liTS_CANDIDATE; nodes {;   nodedata: ""\256\322m\2146\221\305\341\316\031h?\276\005\207\253\236\tL;\371W\315\233X\345O\203\332\240\005\360\n\003"";   nodeid: ""\000\000\000\000\000\000\000\000\000\000\000\000\000\000\000\000\000\000\000\000\000\000\000\000\000\000\000\000\000\000\000\000\000""; }; ","ledgerHash: ""\341\310\354\0213\033\013\350\207z\236R(|z&\034\335\266\323\356\205\273DV\210\254\213T\rZ\347""; ledgerSeq: 0; type: liTS_CANDIDATE; nodes {;   nodedata: ""\256\322m\2146\221\305\341\316\031h?\276\005\207\253\236\tL;\371W\315\233X\345O\203\332\240\005\360\n\003"";   nodeid: ""\000\000\000\000\000\000\000\000\000\000\000\000\000\000\000\000\000\000\000\000\000\000\000\000\000\000\000\000\000\000\000\000\000""; }; "
1750527538233,1750527538234,1665,1,2,3,TMLedgerData,"ledgerHash: ""[\000\302\314\326\214\276@c\240\272\222{\363\314\032\213\311\316\246/\330\302\014>\022\346\234\347\264\270\350""; ledgerSeq: 0; type: liTS_CANDIDATE; nodes {;   nodedata: ""\002i\361\030\371\256\265\036\320\273\013\357<\215/(\215[\231D\357Gd\372\270\316\261\301\342\327\225\241\000GZ\227\022t\201\240u\2324P\027\307M\337'Y\361[IAD\351\374!\232\005\337\376\252\251g\004\003"";   nodeid: ""\000\000\000\000\000\000\000\000\000\000\000\000\000\000\000\000\000\000\000\000\000\000\000\000\000\000\000\000\000\000\000\000\000""; }; ","ledgerHash: ""[\000\302\314\326\214\276@c\240\272\222{\363\314\032\213\311\316\246/\330\302\014>\022\346\234\347\264\270\350""; ledgerSeq: 0; type: liTS_CANDIDATE; nodes {;   nodedata: ""\002i\361\030\371\256\265\036\320\273\013\357<\215/(\215[\231D\357Gd\372\270\316\261\301\342\327\225\241\000GZ\227\022t\201\240u\2324P\027\307M\337'Y\361[IAD\351\374!\232\005\337\376\252\251g\004\003"";   nodeid: ""\000\000\000\000\000\000\000\000\000\000\000\000\000\000\000\000\000\000\000\000\000\000\000\000\000\000\000\000\000\000\000\000\000""; }; "
1750527538251,1750527538252,2079,1,3,1,TMGetLedger,"itype: liTS_CANDIDATE; ledgerHash: ""\341\310\354\0213\033\013\350\207z\236R(|z&\034\335\266\323\356\205\273DV\210\254\213T\rZ\347""; nodeIDs: ""\000\000\000\000\000\000\000\000\000\000\000\000\000\000\000\000\000\000\000\000\000\000\000\000\000\000\000\000\000\000\000\000\000""; queryType: qtINDIRECT; queryDepth: 3; ","itype: liTS_CANDIDATE; ledgerHash: ""\341\310\354\0213\033\013\350\207z\236R(|z&\034\335\266\323\356\205\273DV\210\254\213T\rZ\347""; nodeIDs: ""\000\000\000\000\000\000\000\000\000\000\000\000\000\000\000\000\000\000\000\000\000\000\000\000\000\000\000\000\000\000\000\000\000""; queryType: qtINDIRECT; queryDepth: 3; "
1750527538252,1750527538252,1131,1,3,0,TMGetLedger,"itype: liTS_CANDIDATE; ledgerHash: ""\341\310\354\0213\033\013\350\207z\236R(|z&\034\335\266\323\356\205\273DV\210\254\213T\rZ\347""; nodeIDs: ""\000\000\000\000\000\000\000\000\000\000\000\000\000\000\000\000\000\000\000\000\000\000\000\000\000\000\000\000\000\000\000\000\000""; queryType: qtINDIRECT; queryDepth: 3; ","itype: liTS_CANDIDATE; ledgerHash: ""\341\310\354\0213\033\013\350\207z\236R(|z&\034\335\266\323\356\205\273DV\210\254\213T\rZ\347""; nodeIDs: ""\000\000\000\000\000\000\000\000\000\000\000\000\000\000\000\000\000\000\000\000\000\000\000\000\000\000\000\000\000\000\000\000\000""; queryType: qtINDIRECT; queryDepth: 3; "
1750527538252,1750527538252,2794,1,3,2,TMGetLedger,"itype: liTS_CANDIDATE; ledgerHash: ""\341\310\354\0213\033\013\350\207z\236R(|z&\034\335\266\323\356\205\273DV\210\254\213T\rZ\347""; nodeIDs: ""\000\000\000\000\000\000\000\000\000\000\000\000\000\000\000\000\000\000\000\000\000\000\000\000\000\000\000\000\000\000\000\000\000""; queryType: qtINDIRECT; queryDepth: 3; ","itype: liTS_CANDIDATE; ledgerHash: ""\341\310\354\0213\033\013\350\207z\236R(|z&\034\335\266\323\356\205\273DV\210\254\213T\rZ\347""; nodeIDs: ""\000\000\000\000\000\000\000\000\000\000\000\000\000\000\000\000\000\000\000\000\000\000\000\000\000\000\000\000\000\000\000\000\000""; queryType: qtINDIRECT; queryDepth: 3; "
1750527538252,1750527538252,1019,1,3,4,TMGetLedger,"itype: liTS_CANDIDATE; ledgerHash: ""\341\310\354\0213\033\013\350\207z\236R(|z&\034\335\266\323\356\205\273DV\210\254\213T\rZ\347""; nodeIDs: ""\000\000\000\000\000\000\000\000\000\000\000\000\000\000\000\000\000\000\000\000\000\000\000\000\000\000\000\000\000\000\000\000\000""; queryType: qtINDIRECT; queryDepth: 3; ","itype: liTS_CANDIDATE; ledgerHash: ""\341\310\354\0213\033\013\350\207z\236R(|z&\034\335\266\323\356\205\273DV\210\254\213T\rZ\347""; nodeIDs: ""\000\000\000\000\000\000\000\000\000\000\000\000\000\000\000\000\000\000\000\000\000\000\000\000\000\000\000\000\000\000\000\000\000""; queryType: qtINDIRECT; queryDepth: 3; "
1750527538263,1750527538263,1968,1,1,2,TMLedgerData,"ledgerHash: ""[\000\302\314\326\214\276@c\240\272\222{\363\314\032\213\311\316\246/\330\302\014>\022\346\234\347\264\270\350""; ledgerSeq: 0; type: liTS_CANDIDATE; nodes {;   nodedata: ""\002i\361\030\371\256\265\036\320\273\013\357<\215/(\215[\231D\357Gd\372\270\316\261\301\342\327\225\241\000GZ\227\022t\201\240u\2324P\027\307M\337'Y\361[IAD\351\374!\232\005\337\376\252\251g\004\003"";   nodeid: ""\000\000\000\000\000\000\000\000\000\000\000\000\000\000\000\000\000\000\000\000\000\000\000\000\000\000\000\000\000\000\000\000\000""; }; ","ledgerHash: ""[\000\302\314\326\214\276@c\240\272\222{\363\314\032\213\311\316\246/\330\302\014>\022\346\234\347\264\270\350""; ledgerSeq: 0; type: liTS_CANDIDATE; nodes {;   nodedata: ""\002i\361\030\371\256\265\036\320\273\013\357<\215/(\215[\231D\357Gd\372\270\316\261\301\342\327\225\241\000GZ\227\022t\201\240u\2324P\027\307M\337'Y\361[IAD\351\374!\232\005\337\376\252\251g\004\003"";   nodeid: ""\000\000\000\000\000\000\000\000\000\000\000\000\000\000\000\000\000\000\000\000\000\000\000\000\000\000\000\000\000\000\000\000\000""; }; "
1750527538272,1750527538272,1740,1,3,4,TMHaveTransactionSet,"status: tsHAVE; hash: ""3\321\n7\354)\tf\006\357\205B<h\272GQ \344\262\236\025#\003\024&\310\034\352\376\326""; ","status: tsHAVE; hash: ""3\321\n7\354)\tf\006\357\205B<h\272GQ \344\262\236\025#\003\024&\310\034\352\376\326""; "
1750527538272,1750527538272,3179,1,3,0,TMHaveTransactionSet,"status: tsHAVE; hash: ""3\321\n7\354)\tf\006\357\205B<h\272GQ \344\262\236\025#\003\024&\310\034\352\376\326""; ","status: tsHAVE; hash: ""3\321\n7\354)\tf\006\357\205B<h\272GQ \344\262\236\025#\003\024&\310\034\352\376\326""; "
1750527538272,1750527538272,1497,1,0,3,TMLedgerData,"ledgerHash: ""3\321\n7\354)\tf\006\357\205B<h\272GQ \344\262\236\025#\003\024&\310\034\352\376\326""; ledgerSeq: 0; type: liTS_CANDIDATE; nodes {;   nodedata: ""'\240~~s\033\202\356\320\307\177Nt\203\315\245\305\276b\265\310\271\3319\245:\342=c\267\265\233\002\003"";   nodeid: ""\000\000\000\000\000\000\000\000\000\000\000\000\000\000\000\000\000\000\000\000\000\000\000\000\000\000\000\000\000\000\000\000\000""; }; ","ledgerHash: ""3\321\n7\354)\tf\006\357\205B<h\272GQ \344\262\236\025#\003\024&\310\034\352\376\326""; ledgerSeq: 0; type: liTS_CANDIDATE; nodes {;   nodedata: ""'\240~~s\033\202\356\320\307\177Nt\203\315\245\305\276b\265\310\271\3319\245:\342=c\267\265\233\002\003"";   nodeid: ""\000\000\000\000\000\000\000\000\000\000\000\000\000\000\000\000\000\000\000\000\000\000\000\000\000\000\000\000\000\000\000\000\000""; }; "
1750527538290,1750527538290,1544,1,2,1,TMGetLedger,"itype: liTS_CANDIDATE; ledgerHash: ""\341\310\354\0213\033\013\350\207z\236R(|z&\034\335\266\323\356\205\273DV\210\254\213T\rZ\347""; nodeIDs: ""\000\000\000\000\000\000\000\000\000\000\000\000\000\000\000\000\000\000\000\000\000\000\000\000\000\000\000\000\000\000\000\000\000""; queryType: qtINDIRECT; queryDepth: 3; ","itype: liTS_CANDIDATE; ledgerHash: ""\341\310\354\0213\033\013\350\207z\236R(|z&\034\335\266\323\356\205\273DV\210\254\213T\rZ\347""; nodeIDs: ""\000\000\000\000\000\000\000\000\000\000\000\000\000\000\000\000\000\000\000\000\000\000\000\000\000\000\000\000\000\000\000\000\000""; queryType: qtINDIRECT; queryDepth: 3; "
1750527538291,1750527538291,589,1,2,0,TMGetLedger,"itype: liTS_CANDIDATE; ledgerHash: ""\341\310\354\0213\033\013\350\207z\236R(|z&\034\335\266\323\356\205\273DV\210\254\213T\rZ\347""; nodeIDs: ""\000\000\000\000\000\000\000\000\000\000\000\000\000\000\000\000\000\000\000\000\000\000\000\000\000\000\000\000\000\000\000\000\000""; queryType: qtINDIRECT; queryDepth: 3; ","itype: liTS_CANDIDATE; ledgerHash: ""\341\310\354\0213\033\013\350\207z\236R(|z&\034\335\266\323\356\205\273DV\210\254\213T\rZ\347""; nodeIDs: ""\000\000\000\000\000\000\000\000\000\000\000\000\000\000\000\000\000\000\000\000\000\000\000\000\000\000\000\000\000\000\000\000\000""; queryType: qtINDIRECT; queryDepth: 3; "
1750527538292,1750527538292,4000,1,2,3,TMGetLedger,"itype: liTS_CANDIDATE; ledgerHash: ""\341\310\354\0213\033\013\350\207z\236R(|z&\034\335\266\323\356\205\273DV\210\254\213T\rZ\347""; nodeIDs: ""\000\000\000\000\000\000\000\000\000\000\000\000\000\000\000\000\000\000\000\000\000\000\000\000\000\000\000\000\000\000\000\000\000""; queryType: qtINDIRECT; queryDepth: 3; ","itype: liTS_CANDIDATE; ledgerHash: ""\341\310\354\0213\033\013\350\207z\236R(|z&\034\335\266\323\356\205\273DV\210\254\213T\rZ\347""; nodeIDs: ""\000\000\000\000\000\000\000\000\000\000\000\000\000\000\000\000\000\000\000\000\000\000\000\000\000\000\000\000\000\000\000\000\000""; queryType: qtINDIRECT; queryDepth: 3; "
1750527538291,1750527538291,3719,1,2,4,TMGetLedger,"itype: liTS_CANDIDATE; ledgerHash: ""\341\310\354\0213\033\013\350\207z\236R(|z&\034\335\266\323\356\205\273DV\210\254\213T\rZ\347""; nodeIDs: ""\000\000\000\000\000\000\000\000\000\000\000\000\000\000\000\000\000\000\000\000\000\000\000\000\000\000\000\000\000\000\000\000\000""; queryType: qtINDIRECT; queryDepth: 3; ","itype: liTS_CANDIDATE; ledgerHash: ""\341\310\354\0213\033\013\350\207z\236R(|z&\034\335\266\323\356\205\273DV\210\254\213T\rZ\347""; nodeIDs: ""\000\000\000\000\000\000\000\000\000\000\000\000\000\000\000\000\000\000\000\000\000\000\000\000\000\000\000\000\000\000\000\000\000""; queryType: qtINDIRECT; queryDepth: 3; "
1750527538293,1750527538293,269,1,3,2,TMHaveTransactionSet,"status: tsHAVE; hash: ""3\321\n7\354)\tf\006\357\205B<h\272GQ \344\262\236\025#\003\024&\310\034\352\376\326""; ","status: tsHAVE; hash: ""3\321\n7\354)\tf\006\357\205B<h\272GQ \344\262\236\025#\003\024&\310\034\352\376\326""; "
1750527538294,1750527538294,3058,1,3,1,TMHaveTransactionSet,"status: tsHAVE; hash: ""3\321\n7\354)\tf\006\357\205B<h\272GQ \344\262\236\025#\003\024&\310\034\352\376\326""; ","status: tsHAVE; hash: ""3\321\n7\354)\tf\006\357\205B<h\272GQ \344\262\236\025#\003\024&\310\034\352\376\326""; "
1750527538303,1750527538303,1769,1,2,1,TMLedgerData,"ledgerHash: ""[\000\302\314\326\214\276@c\240\272\222{\363\314\032\213\311\316\246/\330\302\014>\022\346\234\347\264\270\350""; ledgerSeq: 0; type: liTS_CANDIDATE; nodes {;   nodedata: ""\002i\361\030\371\256\265\036\320\273\013\357<\215/(\215[\231D\357Gd\372\270\316\261\301\342\327\225\241\000GZ\227\022t\201\240u\2324P\027\307M\337'Y\361[IAD\351\374!\232\005\337\376\252\251g\004\003"";   nodeid: ""\000\000\000\000\000\000\000\000\000\000\000\000\000\000\000\000\000\000\000\000\000\000\000\000\000\000\000\000\000\000\000\000\000""; }; ","ledgerHash: ""[\000\302\314\326\214\276@c\240\272\222{\363\314\032\213\311\316\246/\330\302\014>\022\346\234\347\264\270\350""; ledgerSeq: 0; type: liTS_CANDIDATE; nodes {;   nodedata: ""\002i\361\030\371\256\265\036\320\273\013\357<\215/(\215[\231D\357Gd\372\270\316\261\301\342\327\225\241\000GZ\227\022t\201\240u\2324P\027\307M\337'Y\361[IAD\351\374!\232\005\337\376\252\251g\004\003"";   nodeid: ""\000\000\000\000\000\000\000\000\000\000\000\000\000\000\000\000\000\000\000\000\000\000\000\000\000\000\000\000\000\000\000\000\000""; }; "
1750527538305,1750527538305,2794,1,3,2,TMGetLedger,"itype: liBASE; ledgerHash: ""\276\230H\305\2714\032l\253n6W\035\354\257.f\r\217\302\203\224\212L\020\S\370\243OP*""; ","itype: liBASE; ledgerHash: ""\276\230H\305\2714\032l\253n6W\035\354\257.f\r\217\302\203\224\212L\020\S\370\243OP*""; "
1750527538305,1750527538305,1019,1,3,4,TMGetLedger,"itype: liBASE; ledgerHash: ""\276\230H\305\2714\032l\253n6W\035\354\257.f\r\217\302\203\224\212L\020\S\370\243OP*""; ","itype: liBASE; ledgerHash: ""\276\230H\305\2714\032l\253n6W\035\354\257.f\r\217\302\203\224\212L\020\S\370\243OP*""; "
1750527538305,1750527538306,3736,1,3,4,TMValidation,"validation: """"\200\000\000\001&\000\000\000\007)/\351\252\261:g\237X\336\3531\020\010Q\276\230H\305\2714\032l\253n6W\035\354\257.f\r\217\302\203\224\212L\020\S\370\243OP*P\027\000\000\000\000\000\000\000\000\000\000\000\000\000\000\000\000\000\000\000\000\000\000\000\000\000\000\000\000\000\000\000\000P\031\360\215\2502\265\245\310\226\243c\302Ze\306\253#r\020\211\320iG\276\020E\317\035Sf\223F\254s!\003\255\225A\213\332\224ehh\024BDq\224\250\335`\355\353{\357\266\335<\021\032\265\177\206\356&\215vF0D\002 [\236*\377\3412\351\334\022IF\303\262\255\023~'\3069\250\325m\324\l\033&\252(\2349\034\002 T\345\034\t\330\017\264\342-rd@\340ZA\255\321\007\324\335j\342;\270\342\347\341\306P\327Ge""; ","validation: """"\200\000\000\001&\000\000\000\007)/\351\252\261:g\237X\336\3531\020\010Q\276\230H\305\2714\032l\253n6W\035\354\257.f\r\217\302\203\224\212L\020\S\370\243OP*P\027\000\000\000\000\000\000\000\000\000\000\000\000\000\000\000\000\000\000\000\000\000\000\000\000\000\000\000\000\000\000\000\000P\031\360\215\2502\265\245\310\226\243c\302Ze\306\253#r\020\211\320iG\276\020E\317\035Sf\223F\254s!\003\255\225A\213\332\224ehh\024BDq\224\250\335`\355\353{\357\266\335<\021\032\265\177\206\356&\215vF0D\002 [\236*\377\3412\351\334\022IF\303\262\255\023~'\3069\250\325m\324\l\033&\252(\2349\034\002 T\345\034\t\330\017\264\342-rd@\340ZA\255\321\007\324\335j\342;\270\342\347\341\306P\327Ge""; "
1750527538306,1750527538306,1019,1,3,4,TMGetLedger,"itype: liBASE; ledgerHash: ""\276\230H\305\2714\032l\253n6W\035\354\257.f\r\217\302\203\224\212L\020\S\370\243OP*""; queryType: qtINDIRECT; ","itype: liBASE; ledgerHash: ""\276\230H\305\2714\032l\253n6W\035\354\257.f\r\217\302\203\224\212L\020\S\370\243OP*""; queryType: qtINDIRECT; "
1750527538306,1750527538306,3459,1,3,1,TMValidation,"validation: """"\200\000\000\001&\000\000\000\007)/\351\252\261:g\237X\336\3531\020\010Q\276\230H\305\2714\032l\253n6W\035\354\257.f\r\217\302\203\224\212L\020\S\370\243OP*P\027\000\000\000\000\000\000\000\000\000\000\000\000\000\000\000\000\000\000\000\000\000\000\000\000\000\000\000\000\000\000\000\000P\031\360\215\2502\265\245\310\226\243c\302Ze\306\253#r\020\211\320iG\276\020E\317\035Sf\223F\254s!\003\255\225A\213\332\224ehh\024BDq\224\250\335`\355\353{\357\266\335<\021\032\265\177\206\356&\215vF0D\002 [\236*\377\3412\351\334\022IF\303\262\255\023~'\3069\250\325m\324\l\033&\252(\2349\034\002 T\345\034\t\330\017\264\342-rd@\340ZA\255\321\007\324\335j\342;\270\342\347\341\306P\327Ge""; ","validation: """"\200\000\000\001&\000\000\000\007)/\351\252\261:g\237X\336\3531\020\010Q\276\230H\305\2714\032l\253n6W\035\354\257.f\r\217\302\203\224\212L\020\S\370\243OP*P\027\000\000\000\000\000\000\000\000\000\000\000\000\000\000\000\000\000\000\000\000\000\000\000\000\000\000\000\000\000\000\000\000P\031\360\215\2502\265\245\310\226\243c\302Ze\306\253#r\020\211\320iG\276\020E\317\035Sf\223F\254s!\003\255\225A\213\332\224ehh\024BDq\224\250\335`\355\353{\357\266\335<\021\032\265\177\206\356&\215vF0D\002 [\236*\377\3412\351\334\022IF\303\262\255\023~'\3069\250\325m\324\l\033&\252(\2349\034\002 T\345\034\t\330\017\264\342-rd@\340ZA\255\321\007\324\335j\342;\270\342\347\341\306P\327Ge""; "
1750527538306,1750527538306,2079,1,3,1,TMGetLedger,"itype: liBASE; ledgerHash: ""\276\230H\305\2714\032l\253n6W\035\354\257.f\r\217\302\203\224\212L\020\S\370\243OP*""; ","itype: liBASE; ledgerHash: ""\276\230H\305\2714\032l\253n6W\035\354\257.f\r\217\302\203\224\212L\020\S\370\243OP*""; "
1750527538307,1750527538307,2079,1,3,1,TMGetLedger,"itype: liBASE; ledgerHash: ""\276\230H\305\2714\032l\253n6W\035\354\257.f\r\217\302\203\224\212L\020\S\370\243OP*""; queryType: qtINDIRECT; ","itype: liBASE; ledgerHash: ""\276\230H\305\2714\032l\253n6W\035\354\257.f\r\217\302\203\224\212L\020\S\370\243OP*""; queryType: qtINDIRECT; "
1750527538314,1750527538314,1131,1,3,0,TMGetLedger,"itype: liBASE; ledgerHash: ""\276\230H\305\2714\032l\253n6W\035\354\257.f\r\217\302\203\224\212L\020\S\370\243OP*""; ","itype: liBASE; ledgerHash: ""\276\230H\305\2714\032l\253n6W\035\354\257.f\r\217\302\203\224\212L\020\S\370\243OP*""; "
1750527538314,1750527538314,1777,1,3,0,TMValidation,"validation: """"\200\000\000\001&\000\000\000\007)/\351\252\261:g\237X\336\3531\020\010Q\276\230H\305\2714\032l\253n6W\035\354\257.f\r\217\302\203\224\212L\020\S\370\243OP*P\027\000\000\000\000\000\000\000\000\000\000\000\000\000\000\000\000\000\000\000\000\000\000\000\000\000\000\000\000\000\000\000\000P\031\360\215\2502\265\245\310\226\243c\302Ze\306\253#r\020\211\320iG\276\020E\317\035Sf\223F\254s!\003\255\225A\213\332\224ehh\024BDq\224\250\335`\355\353{\357\266\335<\021\032\265\177\206\356&\215vF0D\002 [\236*\377\3412\351\334\022IF\303\262\255\023~'\3069\250\325m\324\l\033&\252(\2349\034\002 T\345\034\t\330\017\264\342-rd@\340ZA\255\321\007\324\335j\342;\270\342\347\341\306P\327Ge""; ","validation: """"\200\000\000\001&\000\000\000\007)/\351\252\261:g\237X\336\3531\020\010Q\276\230H\305\2714\032l\253n6W\035\354\257.f\r\217\302\203\224\212L\020\S\370\243OP*P\027\000\000\000\000\000\000\000\000\000\000\000\000\000\000\000\000\000\000\000\000\000\000\000\000\000\000\000\000\000\000\000\000P\031\360\215\2502\265\245\310\226\243c\302Ze\306\253#r\020\211\320iG\276\020E\317\035Sf\223F\254s!\003\255\225A\213\332\224ehh\024BDq\224\250\335`\355\353{\357\266\335<\021\032\265\177\206\356&\215vF0D\002 [\236*\377\3412\351\334\022IF\303\262\255\023~'\3069\250\325m\324\l\033&\252(\2349\034\002 T\345\034\t\330\017\264\342-rd@\340ZA\255\321\007\324\335j\342;\270\342\347\341\306P\327Ge""; "
1750527538314,1750527538314,1131,1,3,0,TMGetLedger,"itype: liBASE; ledgerHash: ""\276\230H\305\2714\032l\253n6W\035\354\257.f\r\217\302\203\224\212L\020\S\370\243OP*""; queryType: qtINDIRECT; ","itype: liBASE; ledgerHash: ""\276\230H\305\2714\032l\253n6W\035\354\257.f\r\217\302\203\224\212L\020\S\370\243OP*""; queryType: qtINDIRECT; "
1750527538343,1750527538343,1544,1,2,1,TMGetLedger,"itype: liBASE; ledgerHash: ""\033@\177e\277\016\010u\327\371&\262\312\317Q\2361t\377x\234\001v\003%\030\325_\225g\204\346""; ledgerSeq: 7; ","itype: liBASE; ledgerHash: ""\033@\177e\277\016\010u\327\371&\262\312\317Q\2361t\377x\234\001v\003%\030\325_\225g\204\346""; ledgerSeq: 7; "
1750527538344,1750527538344,589,1,2,0,TMGetLedger,"itype: liBASE; ledgerHash: ""\033@\177e\277\016\010u\327\371&\262\312\317Q\2361t\377x\234\001v\003%\030\325_\225g\204\346""; ledgerSeq: 7; ","itype: liBASE; ledgerHash: ""\033@\177e\277\016\010u\327\371&\262\312\317Q\2361t\377x\234\001v\003%\030\325_\225g\204\346""; ledgerSeq: 7; "
1750527538344,1750527538344,4000,1,2,3,TMGetLedger,"itype: liBASE; ledgerHash: ""\033@\177e\277\016\010u\327\371&\262\312\317Q\2361t\377x\234\001v\003%\030\325_\225g\204\346""; ledgerSeq: 7; ","itype: liBASE; ledgerHash: ""\033@\177e\277\016\010u\327\371&\262\312\317Q\2361t\377x\234\001v\003%\030\325_\225g\204\346""; ledgerSeq: 7; "
1750527538345,1750527538345,3719,1,2,4,TMGetLedger,"itype: liBASE; ledgerHash: ""\033@\177e\277\016\010u\327\371&\262\312\317Q\2361t\377x\234\001v\003%\030\325_\225g\204\346""; ledgerSeq: 7; ","itype: liBASE; ledgerHash: ""\033@\177e\277\016\010u\327\371&\262\312\317Q\2361t\377x\234\001v\003%\030\325_\225g\204\346""; ledgerSeq: 7; "
1750527538345,1750527538345,340,1,2,1,TMValidation,"validation: """"\200\000\000\001&\000\000\000\007)/\351\252\261:\r\302\353\023?\373\240rQ\033@\177e\277\016\010u\327\371&\262\312\317Q\2361t\377x\234\001v\003%\030\325_\225g\204\346P\027\363\262\310\025\251\261\276X\247\260J\221\345\357\037\231)|\321K\000\\326E\004\377\005\255""A?\250P\031\360\215\2502\265\245\310\226\243c\302Ze\306\253#r\020\211\320iG\276\020E\317\035Sf\223F\254s!\003R7o\362bV\300hf\266\241;}\200^\374\240\203[:\342Q\225\221\027y\372\255\235\216\323~vF0D\002 qW\215\342\275\252\365\353\337\202\362\260\t\310\274\365*\220s\320\366#\026\005r#\356\244S\034\256\000\002 t~4\206`\0268\277@T6:\365\rE'\372\202\247\215'.BTr\250\354\367\247\037\016%""; ","validation: """"\200\000\000\001&\000\000\000\007)/\351\252\261:\r\302\353\023?\373\240rQ\033@\177e\277\016\010u\327\371&\262\312\317Q\2361t\377x\234\001v\003%\030\325_\225g\204\346P\027\363\262\310\025\251\261\276X\247\260J\221\345\357\037\231)|\321K\000\\326E\004\377\005\255""A?\250P\031\360\215\2502\265\245\310\226\243c\302Ze\306\253#r\020\211\320iG\276\020E\317\035Sf\223F\254s!\003R7o\362bV\300hf\266\241;}\200^\374\240\203[:\342Q\225\221\027y\372\255\235\216\323~vF0D\002 qW\215\342\275\252\365\353\337\202\362\260\t\310\274\365*\220s\320\366#\026\005r#\356\244S\034\256\000\002 t~4\206`\0268\277@T6:\365\rE'\372\202\247\215'.BTr\250\354\367\247\037\016%""; "
1750527538345,1750527538345,723,1,2,3,TMValidation,"validation: """"\200\000\000\001&\000\000\000\007)/\351\252\261:\r\302\353\023?\373\240rQ\033@\177e\277\016\010u\327\371&\262\312\317Q\2361t\377x\234\001v\003%\030\325_\225g\204\346P\027\363\262\310\025\251\261\276X\247\260J\221\345\357\037\231)|\321K\000\\326E\004\377\005\255""A?\250P\031\360\215\2502\265\245\310\226\243c\302Ze\306\253#r\020\211\320iG\276\020E\317\035Sf\223F\254s!\003R7o\362bV\300hf\266\241;}\200^\374\240\203[:\342Q\225\221\027y\372\255\235\216\323~vF0D\002 qW\215\342\275\252\365\353\337\202\362\260\t\310\274\365*\220s\320\366#\026\005r#\356\244S\034\256\000\002 t~4\206`\0268\277@T6:\365\rE'\372\202\247\215'.BTr\250\354\367\247\037\016%""; ","validation: """"\200\000\000\001&\000\000\000\007)/\351\252\261:\r\302\353\023?\373\240rQ\033@\177e\277\016\010u\327\371&\262\312\317Q\2361t\377x\234\001v\003%\030\325_\225g\204\346P\027\363\262\310\025\251\261\276X\247\260J\221\345\357\037\231)|\321K\000\\326E\004\377\005\255""A?\250P\031\360\215\2502\265\245\310\226\243c\302Ze\306\253#r\020\211\320iG\276\020E\317\035Sf\223F\254s!\003R7o\362bV\300hf\266\241;}\200^\374\240\203[:\342Q\225\221\027y\372\255\235\216\323~vF0D\002 qW\215\342\275\252\365\353\337\202\362\260\t\310\274\365*\220s\320\366#\026\005r#\356\244S\034\256\000\002 t~4\206`\0268\277@T6:\365\rE'\372\202\247\215'.BTr\250\354\367\247\037\016%""; "
1750527538346,1750527538346,1544,1,2,1,TMGetLedger,"itype: liBASE; ledgerHash: ""\033@\177e\277\016\010u\327\371&\262\312\317Q\2361t\377x\234\001v\003%\030\325_\225g\204\346""; ledgerSeq: 7; queryType: qtINDIRECT; ","itype: liBASE; ledgerHash: ""\033@\177e\277\016\010u\327\371&\262\312\317Q\2361t\377x\234\001v\003%\030\325_\225g\204\346""; ledgerSeq: 7; queryType: qtINDIRECT; "
1750527538346,1750527538346,446,1,2,0,TMValidation,"validation: """"\200\000\000\001&\000\000\000\007)/\351\252\261:\r\302\353\023?\373\240rQ\033@\177e\277\016\010u\327\371&\262\312\317Q\2361t\377x\234\001v\003%\030\325_\225g\204\346P\027\363\262\310\025\251\261\276X\247\260J\221\345\357\037\231)|\321K\000\\326E\004\377\005\255""A?\250P\031\360\215\2502\265\245\310\226\243c\302Ze\306\253#r\020\211\320iG\276\020E\317\035Sf\223F\254s!\003R7o\362bV\300hf\266\241;}\200^\374\240\203[:\342Q\225\221\027y\372\255\235\216\323~vF0D\002 qW\215\342\275\252\365\353\337\202\362\260\t\310\274\365*\220s\320\366#\026\005r#\356\244S\034\256\000\002 t~4\206`\0268\277@T6:\365\rE'\372\202\247\215'.BTr\250\354\367\247\037\016%""; ","validation: """"\200\000\000\001&\000\000\000\007)/\351\252\261:\r\302\353\023?\373\240rQ\033@\177e\277\016\010u\327\371&\262\312\317Q\2361t\377x\234\001v\003%\030\325_\225g\204\346P\027\363\262\310\025\251\261\276X\247\260J\221\345\357\037\231)|\321K\000\\326E\004\377\005\255""A?\250P\031\360\215\2502\265\245\310\226\243c\302Ze\306\253#r\020\211\320iG\276\020E\317\035Sf\223F\254s!\003R7o\362bV\300hf\266\241;}\200^\374\240\203[:\342Q\225\221\027y\372\255\235\216\323~vF0D\002 qW\215\342\275\252\365\353\337\202\362\260\t\310\274\365*\220s\320\366#\026\005r#\356\244S\034\256\000\002 t~4\206`\0268\277@T6:\365\rE'\372\202\247\215'.BTr\250\354\367\247\037\016%""; "
1750527538347,1750527538347,589,1,2,0,TMGetLedger,"itype: liBASE; ledgerHash: ""\033@\177e\277\016\010u\327\371&\262\312\317Q\2361t\377x\234\001v\003%\030\325_\225g\204\346""; ledgerSeq: 7; queryType: qtINDIRECT; ","itype: liBASE; ledgerHash: ""\033@\177e\277\016\010u\327\371&\262\312\317Q\2361t\377x\234\001v\003%\030\325_\225g\204\346""; ledgerSeq: 7; queryType: qtINDIRECT; "
1750527538347,1750527538347,4000,1,2,3,TMGetLedger,"itype: liBASE; ledgerHash: ""\033@\177e\277\016\010u\327\371&\262\312\317Q\2361t\377x\234\001v\003%\030\325_\225g\204\346""; ledgerSeq: 7; queryType: qtINDIRECT; ","itype: liBASE; ledgerHash: ""\033@\177e\277\016\010u\327\371&\262\312\317Q\2361t\377x\234\001v\003%\030\325_\225g\204\346""; ledgerSeq: 7; queryType: qtINDIRECT; "
1750527538347,1750527538347,2794,1,3,2,TMGetLedger,"itype: liBASE; ledgerHash: ""\276\230H\305\2714\032l\253n6W\035\354\257.f\r\217\302\203\224\212L\020\S\370\243OP*""; queryType: qtINDIRECT; ","itype: liBASE; ledgerHash: ""\276\230H\305\2714\032l\253n6W\035\354\257.f\r\217\302\203\224\212L\020\S\370\243OP*""; queryType: qtINDIRECT; "
1750527538355,1750527538355,612,1,2,0,TMLedgerData,"ledgerHash: ""[\000\302\314\326\214\276@c\240\272\222{\363\314\032\213\311\316\246/\330\302\014>\022\346\234\347\264\270\350""; ledgerSeq: 0; type: liTS_CANDIDATE; nodes {;   nodedata: ""\002i\361\030\371\256\265\036\320\273\013\357<\215/(\215[\231D\357Gd\372\270\316\261\301\342\327\225\241\000GZ\227\022t\201\240u\2324P\027\307M\337'Y\361[IAD\351\374!\232\005\337\376\252\251g\004\003"";   nodeid: ""\000\000\000\000\000\000\000\000\000\000\000\000\000\000\000\000\000\000\000\000\000\000\000\000\000\000\000\000\000\000\000\000\000""; }; ","ledgerHash: ""[\000\302\314\326\214\276@c\240\272\222{\363\314\032\213\311\316\246/\330\302\014>\022\346\234\347\264\270\350""; ledgerSeq: 0; type: liTS_CANDIDATE; nodes {;   nodedata: ""\002i\361\030\371\256\265\036\320\273\013\357<\215/(\215[\231D\357Gd\372\270\316\261\301\342\327\225\241\000GZ\227\022t\201\240u\2324P\027\307M\337'Y\361[IAD\351\374!\232\005\337\376\252\251g\004\003"";   nodeid: ""\000\000\000\000\000\000\000\000\000\000\000\000\000\000\000\000\000\000\000\000\000\000\000\000\000\000\000\000\000\000\000\000\000""; }; "
1750527538378,1750527538378,2101,1,4,1,TMGetLedger,"itype: liTS_CANDIDATE; ledgerHash: ""\341\310\354\0213\033\013\350\207z\236R(|z&\034\335\266\323\356\205\273DV\210\254\213T\rZ\347""; nodeIDs: ""\000\000\000\000\000\000\000\000\000\000\000\000\000\000\000\000\000\000\000\000\000\000\000\000\000\000\000\000\000\000\000\000\000""; queryType: qtINDIRECT; queryDepth: 3; ","itype: liTS_CANDIDATE; ledgerHash: ""\341\310\354\0213\033\013\350\207z\236R(|z&\034\335\266\323\356\205\273DV\210\254\213T\rZ\347""; nodeIDs: ""\000\000\000\000\000\000\000\000\000\000\000\000\000\000\000\000\000\000\000\000\000\000\000\000\000\000\000\000\000\000\000\000\000""; queryType: qtINDIRECT; queryDepth: 3; "
1750527538379,1750527538379,1932,1,4,0,TMGetLedger,"itype: liTS_CANDIDATE; ledgerHash: ""\341\310\354\0213\033\013\350\207z\236R(|z&\034\335\266\323\356\205\273DV\210\254\213T\rZ\347""; nodeIDs: ""\000\000\000\000\000\000\000\000\000\000\000\000\000\000\000\000\000\000\000\000\000\000\000\000\000\000\000\000\000\000\000\000\000""; queryType: qtINDIRECT; queryDepth: 3; ","itype: liTS_CANDIDATE; ledgerHash: ""\341\310\354\0213\033\013\350\207z\236R(|z&\034\335\266\323\356\205\273DV\210\254\213T\rZ\347""; nodeIDs: ""\000\000\000\000\000\000\000\000\000\000\000\000\000\000\000\000\000\000\000\000\000\000\000\000\000\000\000\000\000\000\000\000\000""; queryType: qtINDIRECT; queryDepth: 3; "
1750527538379,1750527538379,559,1,4,3,TMGetLedger,"itype: liTS_CANDIDATE; ledgerHash: ""\341\310\354\0213\033\013\350\207z\236R(|z&\034\335\266\323\356\205\273DV\210\254\213T\rZ\347""; nodeIDs: ""\000\000\000\000\000\000\000\000\000\000\000\000\000\000\000\000\000\000\000\000\000\000\000\000\000\000\000\000\000\000\000\000\000""; queryType: qtINDIRECT; queryDepth: 3; ","itype: liTS_CANDIDATE; ledgerHash: ""\341\310\354\0213\033\013\350\207z\236R(|z&\034\335\266\323\356\205\273DV\210\254\213T\rZ\347""; nodeIDs: ""\000\000\000\000\000\000\000\000\000\000\000\000\000\000\000\000\000\000\000\000\000\000\000\000\000\000\000\000\000\000\000\000\000""; queryType: qtINDIRECT; queryDepth: 3; "
1750527538379,1750527538379,2309,1,4,2,TMGetLedger,"itype: liTS_CANDIDATE; ledgerHash: ""\341\310\354\0213\033\013\350\207z\236R(|z&\034\335\266\323\356\205\273DV\210\254\213T\rZ\347""; nodeIDs: ""\000\000\000\000\000\000\000\000\000\000\000\000\000\000\000\000\000\000\000\000\000\000\000\000\000\000\000\000\000\000\000\000\000""; queryType: qtINDIRECT; queryDepth: 3; ","itype: liTS_CANDIDATE; ledgerHash: ""\341\310\354\0213\033\013\350\207z\236R(|z&\034\335\266\323\356\205\273DV\210\254\213T\rZ\347""; nodeIDs: ""\000\000\000\000\000\000\000\000\000\000\000\000\000\000\000\000\000\000\000\000\000\000\000\000\000\000\000\000\000\000\000\000\000""; queryType: qtINDIRECT; queryDepth: 3; "
1750527538386,1750527538386,3719,1,2,4,TMGetLedger,"itype: liBASE; ledgerHash: ""\033@\177e\277\016\010u\327\371&\262\312\317Q\2361t\377x\234\001v\003%\030\325_\225g\204\346""; ledgerSeq: 7; queryType: qtINDIRECT; ","itype: liBASE; ledgerHash: ""\033@\177e\277\016\010u\327\371&\262\312\317Q\2361t\377x\234\001v\003%\030\325_\225g\204\346""; ledgerSeq: 7; queryType: qtINDIRECT; "
1750527538386,1750527538386,3094,1,0,3,TMGetLedger,"itype: liTS_CANDIDATE; ledgerHash: ""\341\310\354\0213\033\013\350\207z\236R(|z&\034\335\266\323\356\205\273DV\210\254\213T\rZ\347""; nodeIDs: ""\000\000\000\000\000\000\000\000\000\000\000\000\000\000\000\000\000\000\000\000\000\000\000\000\000\000\000\000\000\000\000\000\000""; queryDepth: 3; ","itype: liTS_CANDIDATE; ledgerHash: ""\341\310\354\0213\033\013\350\207z\236R(|z&\034\335\266\323\356\205\273DV\210\254\213T\rZ\347""; nodeIDs: ""\000\000\000\000\000\000\000\000\000\000\000\000\000\000\000\000\000\000\000\000\000\000\000\000\000\000\000\000\000\000\000\000\000""; queryDepth: 3; "
1750527538388,1750527538388,142,1,0,3,TMProposeSet,"proposeSeq: 0; currentTxHash: ""\341\310\354\0213\033\013\350\207z\236R(|z&\034\335\266\323\356\205\273DV\210\254\213T\rZ\347""; nodePubKey: ""\002\266\377\271\344:\030\221i\267\257\215\237M\014\3345f\014\273|\207\367\334\337F\325\004cxB\211L""; closeTime: 803842735; signature: ""0D\002 x\305/\234\014\017\214\275\331\224Kv\2000=\303\245\340k\020~\2233$\231\333Jg\007\337w3\002 \006\322\257\343\370n]\300\2344\212\026\311;h:y\315\376\235\026\366\240\3646\307\2263\301_\213\356""; previousledger: ""\360\215\2502\265\245\310\226\243c\302Ze\306\253#r\020\211\320iG\276\020E\317\035Sf\223F\254""; ","proposeSeq: 0; currentTxHash: ""\341\310\354\0213\033\013\350\207z\236R(|z&\034\335\266\323\356\205\273DV\210\254\213T\rZ\347""; nodePubKey: ""\002\266\377\271\344:\030\221i\267\257\215\237M\014\3345f\014\273|\207\367\334\337F\325\004cxB\211L""; closeTime: 803842735; signature: ""0D\002 x\305/\234\014\017\214\275\331\224Kv\2000=\303\245\340k\020~\2233$\231\333Jg\007\337w3\002 \006\322\257\343\370n]\300\2344\212\026\311;h:y\315\376\235\026\366\240\3646\307\2263\301_\213\356""; previousledger: ""\360\215\2502\265\245\310\226\243c\302Ze\306\253#r\020\211\320iG\276\020E\317\035Sf\223F\254""; "
1750527538387,1750527538387,3504,1,0,4,TMProposeSet,"proposeSeq: 0; currentTxHash: ""\341\310\354\0213\033\013\350\207z\236R(|z&\034\335\266\323\356\205\273DV\210\254\213T\rZ\347""; nodePubKey: ""\002\266\377\271\344:\030\221i\267\257\215\237M\014\3345f\014\273|\207\367\334\337F\325\004cxB\211L""; closeTime: 803842735; signature: ""0D\002 x\305/\234\014\017\214\275\331\224Kv\2000=\303\245\340k\020~\2233$\231\333Jg\007\337w3\002 \006\322\257\343\370n]\300\2344\212\026\311;h:y\315\376\235\026\366\240\3646\307\2263\301_\213\356""; previousledger: ""\360\215\2502\265\245\310\226\243c\302Ze\306\253#r\020\211\320iG\276\020E\317\035Sf\223F\254""; ","proposeSeq: 0; currentTxHash: ""\341\310\354\0213\033\013\350\207z\236R(|z&\034\335\266\323\356\205\273DV\210\254\213T\rZ\347""; nodePubKey: ""\002\266\377\271\344:\030\221i\267\257\215\237M\014\3345f\014\273|\207\367\334\337F\325\004cxB\211L""; closeTime: 803842735; signature: ""0D\002 x\305/\234\014\017\214\275\331\224Kv\2000=\303\245\340k\020~\2233$\231\333Jg\007\337w3\002 \006\322\257\343\370n]\300\2344\212\026\311;h:y\315\376\235\026\366\240\3646\307\2263\301_\213\356""; previousledger: ""\360\215\2502\265\245\310\226\243c\302Ze\306\253#r\020\211\320iG\276\020E\317\035Sf\223F\254""; "
1750527538388,1750527538388,3268,1,0,2,TMProposeSet,"proposeSeq: 0; currentTxHash: ""\341\310\354\0213\033\013\350\207z\236R(|z&\034\335\266\323\356\205\273DV\210\254\213T\rZ\347""; nodePubKey: ""\002\266\377\271\344:\030\221i\267\257\215\237M\014\3345f\014\273|\207\367\334\337F\325\004cxB\211L""; closeTime: 803842735; signature: ""0D\002 x\305/\234\014\017\214\275\331\224Kv\2000=\303\245\340k\020~\2233$\231\333Jg\007\337w3\002 \006\322\257\343\370n]\300\2344\212\026\311;h:y\315\376\235\026\366\240\3646\307\2263\301_\213\356""; previousledger: ""\360\215\2502\265\245\310\226\243c\302Ze\306\253#r\020\211\320iG\276\020E\317\035Sf\223F\254""; ","proposeSeq: 0; currentTxHash: ""\341\310\354\0213\033\013\350\207z\236R(|z&\034\335\266\323\356\205\273DV\210\254\213T\rZ\347""; nodePubKey: ""\002\266\377\271\344:\030\221i\267\257\215\237M\014\3345f\014\273|\207\367\334\337F\325\004cxB\211L""; closeTime: 803842735; signature: ""0D\002 x\305/\234\014\017\214\275\331\224Kv\2000=\303\245\340k\020~\2233$\231\333Jg\007\337w3\002 \006\322\257\343\370n]\300\2344\212\026\311;h:y\315\376\235\026\366\240\3646\307\2263\301_\213\356""; previousledger: ""\360\215\2502\265\245\310\226\243c\302Ze\306\253#r\020\211\320iG\276\020E\317\035Sf\223F\254""; "
1750527538387,1750527538387,1199,1,0,2,TMGetLedger,"itype: liTS_CANDIDATE; ledgerHash: ""\341\310\354\0213\033\013\350\207z\236R(|z&\034\335\266\323\356\205\273DV\210\254\213T\rZ\347""; nodeIDs: ""\000\000\000\000\000\000\000\000\000\000\000\000\000\000\000\000\000\000\000\000\000\000\000\000\000\000\000\000\000\000\000\000\000""; queryDepth: 3; ","itype: liTS_CANDIDATE; ledgerHash: ""\341\310\354\0213\033\013\350\207z\236R(|z&\034\335\266\323\356\205\273DV\210\254\213T\rZ\347""; nodeIDs: ""\000\000\000\000\000\000\000\000\000\000\000\000\000\000\000\000\000\000\000\000\000\000\000\000\000\000\000\000\000\000\000\000\000""; queryDepth: 3; "
1750527538410,1750527538410,1932,1,4,0,TMGetLedger,"itype: liTS_CANDIDATE; ledgerHash: ""3\321\n7\354)\tf\006\357\205B<h\272GQ \344\262\236\025#\003\024&\310\034\352\376\326""; nodeIDs: ""\000\000\000\000\000\000\000\000\000\000\000\000\000\000\000\000\000\000\000\000\000\000\000\000\000\000\000\000\000\000\000\000\000""; requestCookie: 4; queryType: qtINDIRECT; queryDepth: 3; ","itype: liTS_CANDIDATE; ledgerHash: ""3\321\n7\354)\tf\006\357\205B<h\272GQ \344\262\236\025#\003\024&\310\034\352\376\326""; nodeIDs: ""\000\000\000\000\000\000\000\000\000\000\000\000\000\000\000\000\000\000\000\000\000\000\000\000\000\000\000\000\000\000\000\000\000""; requestCookie: 4; queryType: qtINDIRECT; queryDepth: 3; "
1750527538414,1750527538414,2101,1,4,1,TMGetLedger,"itype: liTS_CANDIDATE; ledgerHash: ""3\321\n7\354)\tf\006\357\205B<h\272GQ \344\262\236\025#\003\024&\310\034\352\376\326""; nodeIDs: ""\000\000\000\000\000\000\000\000\000\000\000\000\000\000\000\000\000\000\000\000\000\000\000\000\000\000\000\000\000\000\000\000\000""; queryType: qtINDIRECT; queryDepth: 3; ","itype: liTS_CANDIDATE; ledgerHash: ""3\321\n7\354)\tf\006\357\205B<h\272GQ \344\262\236\025#\003\024&\310\034\352\376\326""; nodeIDs: ""\000\000\000\000\000\000\000\000\000\000\000\000\000\000\000\000\000\000\000\000\000\000\000\000\000\000\000\000\000\000\000\000\000""; queryType: qtINDIRECT; queryDepth: 3; "
1750527538414,1750527538414,559,1,4,3,TMGetLedger,"itype: liTS_CANDIDATE; ledgerHash: ""3\321\n7\354)\tf\006\357\205B<h\272GQ \344\262\236\025#\003\024&\310\034\352\376\326""; nodeIDs: ""\000\000\000\000\000\000\000\000\000\000\000\000\000\000\000\000\000\000\000\000\000\000\000\000\000\000\000\000\000\000\000\000\000""; queryType: qtINDIRECT; queryDepth: 3; ","itype: liTS_CANDIDATE; ledgerHash: ""3\321\n7\354)\tf\006\357\205B<h\272GQ \344\262\236\025#\003\024&\310\034\352\376\326""; nodeIDs: ""\000\000\000\000\000\000\000\000\000\000\000\000\000\000\000\000\000\000\000\000\000\000\000\000\000\000\000\000\000\000\000\000\000""; queryType: qtINDIRECT; queryDepth: 3; "
1750527538422,1750527538422,2309,1,4,2,TMGetLedger,"itype: liTS_CANDIDATE; ledgerHash: ""3\321\n7\354)\tf\006\357\205B<h\272GQ \344\262\236\025#\003\024&\310\034\352\376\326""; nodeIDs: ""\000\000\000\000\000\000\000\000\000\000\000\000\000\000\000\000\000\000\000\000\000\000\000\000\000\000\000\000\000\000\000\000\000""; queryType: qtINDIRECT; queryDepth: 3; ","itype: liTS_CANDIDATE; ledgerHash: ""3\321\n7\354)\tf\006\357\205B<h\272GQ \344\262\236\025#\003\024&\310\034\352\376\326""; nodeIDs: ""\000\000\000\000\000\000\000\000\000\000\000\000\000\000\000\000\000\000\000\000\000\000\000\000\000\000\000\000\000\000\000\000\000""; queryType: qtINDIRECT; queryDepth: 3; "
1750527538454,1750527538454,1932,1,4,0,TMGetLedger,"itype: liTS_CANDIDATE; ledgerHash: ""3\321\n7\354)\tf\006\357\205B<h\272GQ \344\262\236\025#\003\024&\310\034\352\376\326""; nodeIDs: ""\000\000\000\000\000\000\000\000\000\000\000\000\000\000\000\000\000\000\000\000\000\000\000\000\000\000\000\000\000\000\000\000\000""; queryType: qtINDIRECT; queryDepth: 3; ","itype: liTS_CANDIDATE; ledgerHash: ""3\321\n7\354)\tf\006\357\205B<h\272GQ \344\262\236\025#\003\024&\310\034\352\376\326""; nodeIDs: ""\000\000\000\000\000\000\000\000\000\000\000\000\000\000\000\000\000\000\000\000\000\000\000\000\000\000\000\000\000\000\000\000\000""; queryType: qtINDIRECT; queryDepth: 3; "
1750527538464,1750527538464,860,1,1,0,TMLedgerData,"ledgerHash: ""[\000\302\314\326\214\276@c\240\272\222{\363\314\032\213\311\316\246/\330\302\014>\022\346\234\347\264\270\350""; ledgerSeq: 0; type: liTS_CANDIDATE; nodes {;   nodedata: ""\002i\361\030\371\256\265\036\320\273\013\357<\215/(\215[\231D\357Gd\372\270\316\261\301\342\327\225\241\000GZ\227\022t\201\240u\2324P\027\307M\337'Y\361[IAD\351\374!\232\005\337\376\252\251g\004\003"";   nodeid: ""\000\000\000\000\000\000\000\000\000\000\000\000\000\000\000\000\000\000\000\000\000\000\000\000\000\000\000\000\000\000\000\000\000""; }; ","ledgerHash: ""[\000\302\314\326\214\276@c\240\272\222{\363\314\032\213\311\316\246/\330\302\014>\022\346\234\347\264\270\350""; ledgerSeq: 0; type: liTS_CANDIDATE; nodes {;   nodedata: ""\002i\361\030\371\256\265\036\320\273\013\357<\215/(\215[\231D\357Gd\372\270\316\261\301\342\327\225\241\000GZ\227\022t\201\240u\2324P\027\307M\337'Y\361[IAD\351\374!\232\005\337\376\252\251g\004\003"";   nodeid: ""\000\000\000\000\000\000\000\000\000\000\000\000\000\000\000\000\000\000\000\000\000\000\000\000\000\000\000\000\000\000\000\000\000""; }; "
1750527538475,1750527538475,1150,1,3,4,TMLedgerData,"ledgerHash: ""3\321\n7\354)\tf\006\357\205B<h\272GQ \344\262\236\025#\003\024&\310\034\352\376\326""; ledgerSeq: 0; type: liTS_CANDIDATE; nodes {;   nodedata: ""'\240~~s\033\202\356\320\307\177Nt\203\315\245\305\276b\265\310\271\3319\245:\342=c\267\265\233\002\003"";   nodeid: ""\000\000\000\000\000\000\000\000\000\000\000\000\000\000\000\000\000\000\000\000\000\000\000\000\000\000\000\000\000\000\000\000\000""; }; ","ledgerHash: ""3\321\n7\354)\tf\006\357\205B<h\272GQ \344\262\236\025#\003\024&\310\034\352\376\326""; ledgerSeq: 0; type: liTS_CANDIDATE; nodes {;   nodedata: ""'\240~~s\033\202\356\320\307\177Nt\203\315\245\305\276b\265\310\271\3319\245:\342=c\267\265\233\002\003"";   nodeid: ""\000\000\000\000\000\000\000\000\000\000\000\000\000\000\000\000\000\000\000\000\000\000\000\000\000\000\000\000\000\000\000\000\000""; }; "
1750527538488,1750527538488,1665,1,2,3,TMLedgerData,"ledgerHash: ""[\000\302\314\326\214\276@c\240\272\222{\363\314\032\213\311\316\246/\330\302\014>\022\346\234\347\264\270\350""; ledgerSeq: 0; type: liTS_CANDIDATE; nodes {;   nodedata: ""\002i\361\030\371\256\265\036\320\273\013\357<\215/(\215[\231D\357Gd\372\270\316\261\301\342\327\225\241\000GZ\227\022t\201\240u\2324P\027\307M\337'Y\361[IAD\351\374!\232\005\337\376\252\251g\004\003"";   nodeid: ""\000\000\000\000\000\000\000\000\000\000\000\000\000\000\000\000\000\000\000\000\000\000\000\000\000\000\000\000\000\000\000\000\000""; }; ","ledgerHash: ""[\000\302\314\326\214\276@c\240\272\222{\363\314\032\213\311\316\246/\330\302\014>\022\346\234\347\264\270\350""; ledgerSeq: 0; type: liTS_CANDIDATE; nodes {;   nodedata: ""\002i\361\030\371\256\265\036\320\273\013\357<\215/(\215[\231D\357Gd\372\270\316\261\301\342\327\225\241\000GZ\227\022t\201\240u\2324P\027\307M\337'Y\361[IAD\351\374!\232\005\337\376\252\251g\004\003"";   nodeid: ""\000\000\000\000\000\000\000\000\000\000\000\000\000\000\000\000\000\000\000\000\000\000\000\000\000\000\000\000\000\000\000\000\000""; }; "
1750527538502,1750527538502,2079,1,3,1,TMGetLedger,"itype: liTS_CANDIDATE; ledgerHash: ""\341\310\354\0213\033\013\350\207z\236R(|z&\034\335\266\323\356\205\273DV\210\254\213T\rZ\347""; nodeIDs: ""\000\000\000\000\000\000\000\000\000\000\000\000\000\000\000\000\000\000\000\000\000\000\000\000\000\000\000\000\000\000\000\000\000""; queryType: qtINDIRECT; queryDepth: 3; ","itype: liTS_CANDIDATE; ledgerHash: ""\341\310\354\0213\033\013\350\207z\236R(|z&\034\335\266\323\356\205\273DV\210\254\213T\rZ\347""; nodeIDs: ""\000\000\000\000\000\000\000\000\000\000\000\000\000\000\000\000\000\000\000\000\000\000\000\000\000\000\000\000\000\000\000\000\000""; queryType: qtINDIRECT; queryDepth: 3; "
1750527538503,1750527538503,1131,1,3,0,TMGetLedger,"itype: liTS_CANDIDATE; ledgerHash: ""\341\310\354\0213\033\013\350\207z\236R(|z&\034\335\266\323\356\205\273DV\210\254\213T\rZ\347""; nodeIDs: ""\000\000\000\000\000\000\000\000\000\000\000\000\000\000\000\000\000\000\000\000\000\000\000\000\000\000\000\000\000\000\000\000\000""; queryType: qtINDIRECT; queryDepth: 3; ","itype: liTS_CANDIDATE; ledgerHash: ""\341\310\354\0213\033\013\350\207z\236R(|z&\034\335\266\323\356\205\273DV\210\254\213T\rZ\347""; nodeIDs: ""\000\000\000\000\000\000\000\000\000\000\000\000\000\000\000\000\000\000\000\000\000\000\000\000\000\000\000\000\000\000\000\000\000""; queryType: qtINDIRECT; queryDepth: 3; "
1750527538503,1750527538503,1968,1,1,2,TMLedgerData,"ledgerHash: ""[\000\302\314\326\214\276@c\240\272\222{\363\314\032\213\311\316\246/\330\302\014>\022\346\234\347\264\270\350""; ledgerSeq: 0; type: liTS_CANDIDATE; nodes {;   nodedata: ""\002i\361\030\371\256\265\036\320\273\013\357<\215/(\215[\231D\357Gd\372\270\316\261\301\342\327\225\241\000GZ\227\022t\201\240u\2324P\027\307M\337'Y\361[IAD\351\374!\232\005\337\376\252\251g\004\003"";   nodeid: ""\000\000\000\000\000\000\000\000\000\000\000\000\000\000\000\000\000\000\000\000\000\000\000\000\000\000\000\000\000\000\000\000\000""; }; ","ledgerHash: ""[\000\302\314\326\214\276@c\240\272\222{\363\314\032\213\311\316\246/\330\302\014>\022\346\234\347\264\270\350""; ledgerSeq: 0; type: liTS_CANDIDATE; nodes {;   nodedata: ""\002i\361\030\371\256\265\036\320\273\013\357<\215/(\215[\231D\357Gd\372\270\316\261\301\342\327\225\241\000GZ\227\022t\201\240u\2324P\027\307M\337'Y\361[IAD\351\374!\232\005\337\376\252\251g\004\003"";   nodeid: ""\000\000\000\000\000\000\000\000\000\000\000\000\000\000\000\000\000\000\000\000\000\000\000\000\000\000\000\000\000\000\000\000\000""; }; "
1750527538503,1750527538503,2794,1,3,2,TMGetLedger,"itype: liTS_CANDIDATE; ledgerHash: ""\341\310\354\0213\033\013\350\207z\236R(|z&\034\335\266\323\356\205\273DV\210\254\213T\rZ\347""; nodeIDs: ""\000\000\000\000\000\000\000\000\000\000\000\000\000\000\000\000\000\000\000\000\000\000\000\000\000\000\000\000\000\000\000\000\000""; queryType: qtINDIRECT; queryDepth: 3; ","itype: liTS_CANDIDATE; ledgerHash: ""\341\310\354\0213\033\013\350\207z\236R(|z&\034\335\266\323\356\205\273DV\210\254\213T\rZ\347""; nodeIDs: ""\000\000\000\000\000\000\000\000\000\000\000\000\000\000\000\000\000\000\000\000\000\000\000\000\000\000\000\000\000\000\000\000\000""; queryType: qtINDIRECT; queryDepth: 3; "
1750527538503,1750527538504,1019,1,3,4,TMGetLedger,"itype: liTS_CANDIDATE; ledgerHash: ""\341\310\354\0213\033\013\350\207z\236R(|z&\034\335\266\323\356\205\273DV\210\254\213T\rZ\347""; nodeIDs: ""\000\000\000\000\000\000\000\000\000\000\000\000\000\000\000\000\000\000\000\000\000\000\000\000\000\000\000\000\000\000\000\000\000""; queryType: qtINDIRECT; queryDepth: 3; ","itype: liTS_CANDIDATE; ledgerHash: ""\341\310\354\0213\033\013\350\207z\236R(|z&\034\335\266\323\356\205\273DV\210\254\213T\rZ\347""; nodeIDs: ""\000\000\000\000\000\000\000\000\000\000\000\000\000\000\000\000\000\000\000\000\000\000\000\000\000\000\000\000\000\000\000\000\000""; queryType: qtINDIRECT; queryDepth: 3; "
1750527538513,1750527538513,2523,1,3,2,TMLedgerData,"ledgerHash: ""[\000\302\314\326\214\276@c\240\272\222{\363\314\032\213\311\316\246/\330\302\014>\022\346\234\347\264\270\350""; ledgerSeq: 0; type: liTS_CANDIDATE; nodes {;   nodedata: ""\002i\361\030\371\256\265\036\320\273\013\357<\215/(\215[\231D\357Gd\372\270\316\261\301\342\327\225\241\000GZ\227\022t\201\240u\2324P\027\307M\337'Y\361[IAD\351\374!\232\005\337\376\252\251g\004\003"";   nodeid: ""\000\000\000\000\000\000\000\000\000\000\000\000\000\000\000\000\000\000\000\000\000\000\000\000\000\000\000\000\000\000\000\000\000""; }; requestCookie: 3; ","ledgerHash: ""[\000\302\314\326\214\276@c\240\272\222{\363\314\032\213\311\316\246/\330\302\014>\022\346\234\347\264\270\350""; ledgerSeq: 0; type: liTS_CANDIDATE; nodes {;   nodedata: ""\002i\361\030\371\256\265\036\320\273\013\357<\215/(\215[\231D\357Gd\372\270\316\261\301\342\327\225\241\000GZ\227\022t\201\240u\2324P\027\307M\337'Y\361[IAD\351\374!\232\005\337\376\252\251g\004\003"";   nodeid: ""\000\000\000\000\000\000\000\000\000\000\000\000\000\000\000\000\000\000\000\000\000\000\000\000\000\000\000\000\000\000\000\000\000""; }; requestCookie: 3; "
1750527538522,1750527538522,1769,1,2,1,TMLedgerData,"ledgerHash: ""[\000\302\314\326\214\276@c\240\272\222{\363\314\032\213\311\316\246/\330\302\014>\022\346\234\347\264\270\350""; ledgerSeq: 0; type: liTS_CANDIDATE; nodes {;   nodedata: ""\002i\361\030\371\256\265\036\320\273\013\357<\215/(\215[\231D\357Gd\372\270\316\261\301\342\327\225\241\000GZ\227\022t\201\240u\2324P\027\307M\337'Y\361[IAD\351\374!\232\005\337\376\252\251g\004\003"";   nodeid: ""\000\000\000\000\000\000\000\000\000\000\000\000\000\000\000\000\000\000\000\000\000\000\000\000\000\000\000\000\000\000\000\000\000""; }; ","ledgerHash: ""[\000\302\314\326\214\276@c\240\272\222{\363\314\032\213\311\316\246/\330\302\014>\022\346\234\347\264\270\350""; ledgerSeq: 0; type: liTS_CANDIDATE; nodes {;   nodedata: ""\002i\361\030\371\256\265\036\320\273\013\357<\215/(\215[\231D\357Gd\372\270\316\261\301\342\327\225\241\000GZ\227\022t\201\240u\2324P\027\307M\337'Y\361[IAD\351\374!\232\005\337\376\252\251g\004\003"";   nodeid: ""\000\000\000\000\000\000\000\000\000\000\000\000\000\000\000\000\000\000\000\000\000\000\000\000\000\000\000\000\000\000\000\000\000""; }; "
1750527538523,1750527538523,2101,1,4,1,TMGetLedger,"itype: liTS_CANDIDATE; ledgerHash: ""\341\310\354\0213\033\013\350\207z\236R(|z&\034\335\266\323\356\205\273DV\210\254\213T\rZ\347""; nodeIDs: ""\000\000\000\000\000\000\000\000\000\000\000\000\000\000\000\000\000\000\000\000\000\000\000\000\000\000\000\000\000\000\000\000\000""; requestCookie: 4; queryType: qtINDIRECT; queryDepth: 3; ","itype: liTS_CANDIDATE; ledgerHash: ""\341\310\354\0213\033\013\350\207z\236R(|z&\034\335\266\323\356\205\273DV\210\254\213T\rZ\347""; nodeIDs: ""\000\000\000\000\000\000\000\000\000\000\000\000\000\000\000\000\000\000\000\000\000\000\000\000\000\000\000\000\000\000\000\000\000""; requestCookie: 4; queryType: qtINDIRECT; queryDepth: 3; "
1750527538523,1750527538523,1497,1,0,3,TMLedgerData,"ledgerHash: ""3\321\n7\354)\tf\006\357\205B<h\272GQ \344\262\236\025#\003\024&\310\034\352\376\326""; ledgerSeq: 0; type: liTS_CANDIDATE; nodes {;   nodedata: ""'\240~~s\033\202\356\320\307\177Nt\203\315\245\305\276b\265\310\271\3319\245:\342=c\267\265\233\002\003"";   nodeid: ""\000\000\000\000\000\000\000\000\000\000\000\000\000\000\000\000\000\000\000\000\000\000\000\000\000\000\000\000\000\000\000\000\000""; }; ","ledgerHash: ""3\321\n7\354)\tf\006\357\205B<h\272GQ \344\262\236\025#\003\024&\310\034\352\376\326""; ledgerSeq: 0; type: liTS_CANDIDATE; nodes {;   nodedata: ""'\240~~s\033\202\356\320\307\177Nt\203\315\245\305\276b\265\310\271\3319\245:\342=c\267\265\233\002\003"";   nodeid: ""\000\000\000\000\000\000\000\000\000\000\000\000\000\000\000\000\000\000\000\000\000\000\000\000\000\000\000\000\000\000\000\000\000""; }; "
1750527538534,1750527538534,1769,1,2,1,TMLedgerData,"ledgerHash: ""[\000\302\314\326\214\276@c\240\272\222{\363\314\032\213\311\316\246/\330\302\014>\022\346\234\347\264\270\350""; ledgerSeq: 0; type: liTS_CANDIDATE; nodes {;   nodedata: ""\002i\361\030\371\256\265\036\320\273\013\357<\215/(\215[\231D\357Gd\372\270\316\261\301\342\327\225\241\000GZ\227\022t\201\240u\2324P\027\307M\337'Y\361[IAD\351\374!\232\005\337\376\252\251g\004\003"";   nodeid: ""\000\000\000\000\000\000\000\000\000\000\000\000\000\000\000\000\000\000\000\000\000\000\000\000\000\000\000\000\000\000\000\000\000""; }; ","ledgerHash: ""[\000\302\314\326\214\276@c\240\272\222{\363\314\032\213\311\316\246/\330\302\014>\022\346\234\347\264\270\350""; ledgerSeq: 0; type: liTS_CANDIDATE; nodes {;   nodedata: ""\002i\361\030\371\256\265\036\320\273\013\357<\215/(\215[\231D\357Gd\372\270\316\261\301\342\327\225\241\000GZ\227\022t\201\240u\2324P\027\307M\337'Y\361[IAD\351\374!\232\005\337\376\252\251g\004\003"";   nodeid: ""\000\000\000\000\000\000\000\000\000\000\000\000\000\000\000\000\000\000\000\000\000\000\000\000\000\000\000\000\000\000\000\000\000""; }; "
1750527538541,1750527538541,589,1,2,0,TMGetLedger,"itype: liTS_CANDIDATE; ledgerHash: ""\341\310\354\0213\033\013\350\207z\236R(|z&\034\335\266\323\356\205\273DV\210\254\213T\rZ\347""; nodeIDs: ""\000\000\000\000\000\000\000\000\000\000\000\000\000\000\000\000\000\000\000\000\000\000\000\000\000\000\000\000\000\000\000\000\000""; queryType: qtINDIRECT; queryDepth: 3; ","itype: liTS_CANDIDATE; ledgerHash: ""\341\310\354\0213\033\013\350\207z\236R(|z&\034\335\266\323\356\205\273DV\210\254\213T\rZ\347""; nodeIDs: ""\000\000\000\000\000\000\000\000\000\000\000\000\000\000\000\000\000\000\000\000\000\000\000\000\000\000\000\000\000\000\000\000\000""; queryType: qtINDIRECT; queryDepth: 3; "
1750527538541,1750527538541,1544,1,2,1,TMGetLedger,"itype: liTS_CANDIDATE; ledgerHash: ""\341\310\354\0213\033\013\350\207z\236R(|z&\034\335\266\323\356\205\273DV\210\254\213T\rZ\347""; nodeIDs: ""\000\000\000\000\000\000\000\000\000\000\000\000\000\000\000\000\000\000\000\000\000\000\000\000\000\000\000\000\000\000\000\000\000""; queryType: qtINDIRECT; queryDepth: 3; ","itype: liTS_CANDIDATE; ledgerHash: ""\341\310\354\0213\033\013\350\207z\236R(|z&\034\335\266\323\356\205\273DV\210\254\213T\rZ\347""; nodeIDs: ""\000\000\000\000\000\000\000\000\000\000\000\000\000\000\000\000\000\000\000\000\000\000\000\000\000\000\000\000\000\000\000\000\000""; queryType: qtINDIRECT; queryDepth: 3; "
1750527538542,1750527538542,4000,1,2,3,TMGetLedger,"itype: liTS_CANDIDATE; ledgerHash: ""\341\310\354\0213\033\013\350\207z\236R(|z&\034\335\266\323\356\205\273DV\210\254\213T\rZ\347""; nodeIDs: ""\000\000\000\000\000\000\000\000\000\000\000\000\000\000\000\000\000\000\000\000\000\000\000\000\000\000\000\000\000\000\000\000\000""; queryType: qtINDIRECT; queryDepth: 3; ","itype: liTS_CANDIDATE; ledgerHash: ""\341\310\354\0213\033\013\350\207z\236R(|z&\034\335\266\323\356\205\273DV\210\254\213T\rZ\347""; nodeIDs: ""\000\000\000\000\000\000\000\000\000\000\000\000\000\000\000\000\000\000\000\000\000\000\000\000\000\000\000\000\000\000\000\000\000""; queryType: qtINDIRECT; queryDepth: 3; "
1750527538542,1750527538542,3719,1,2,4,TMGetLedger,"itype: liTS_CANDIDATE; ledgerHash: ""\341\310\354\0213\033\013\350\207z\236R(|z&\034\335\266\323\356\205\273DV\210\254\213T\rZ\347""; nodeIDs: ""\000\000\000\000\000\000\000\000\000\000\000\000\000\000\000\000\000\000\000\000\000\000\000\000\000\000\000\000\000\000\000\000\000""; queryType: qtINDIRECT; queryDepth: 3; ","itype: liTS_CANDIDATE; ledgerHash: ""\341\310\354\0213\033\013\350\207z\236R(|z&\034\335\266\323\356\205\273DV\210\254\213T\rZ\347""; nodeIDs: ""\000\000\000\000\000\000\000\000\000\000\000\000\000\000\000\000\000\000\000\000\000\000\000\000\000\000\000\000\000\000\000\000\000""; queryType: qtINDIRECT; queryDepth: 3; "
1750527538580,1750527538580,2221,1,2,1,TMProposeSet,"proposeSeq: 0; currentTxHash: ""\356\316\306(\314\366\340SA\320e\361\337A\350+\342\334{eBV\360\354\225)\263\237~v\236}""; nodePubKey: ""\003\255\225A\213\332\224ehh\024BDq\224\250\335`\355\353{\357\266\335<\021\032\265\177\206\356&\215""; closeTime: 803842738; signature: ""0D\002 \035\333\0002\324\307E{\274\316\016!\362W\200\013\322R1\346AI\2427\311\353X~\r\302f\313\002 xv\033\271YG+m\210\235[\006\255c\340\212(\266\374\210y\036=A\3308\304\026\306\256\225\351""; previousledger: ""\276\230H\305\2714\032l\253n6W\035\354\257.f\r\217\302\203\224\212L\020\S\370\243OP*""; ","proposeSeq: 0; currentTxHash: ""\356\316\306(\314\366\340SA\320e\361\337A\350+\342\334{eBV\360\354\225)\263\237~v\236}""; nodePubKey: ""\003\255\225A\213\332\224ehh\024BDq\224\250\335`\355\353{\357\266\335<\021\032\265\177\206\356&\215""; closeTime: 803842738; signature: ""0D\002 \035\333\0002\324\307E{\274\316\016!\362W\200\013\322R1\346AI\2427\311\353X~\r\302f\313\002 xv\033\271YG+m\210\235[\006\255c\340\212(\266\374\210y\036=A\3308\304\026\306\256\225\351""; previousledger: ""\276\230H\305\2714\032l\253n6W\035\354\257.f\r\217\302\203\224\212L\020\S\370\243OP*""; "
1750527538583,1750527538583,3121,1,2,0,TMHaveTransactionSet,"status: tsHAVE; hash: ""\356\316\306(\314\366\340SA\320e\361\337A\350+\342\334{eBV\360\354\225)\263\237~v\236}""; ","status: tsHAVE; hash: ""\356\316\306(\314\366\340SA\320e\361\337A\350+\342\334{eBV\360\354\225)\263\237~v\236}""; "
1750527538583,1750527538583,1659,1,2,0,TMProposeSet,"proposeSeq: 0; currentTxHash: ""\356\316\306(\314\366\340SA\320e\361\337A\350+\342\334{eBV\360\354\225)\263\237~v\236}""; nodePubKey: ""\003\255\225A\213\332\224ehh\024BDq\224\250\335`\355\353{\357\266\335<\021\032\265\177\206\356&\215""; closeTime: 803842738; signature: ""0D\002 \035\333\0002\324\307E{\274\316\016!\362W\200\013\322R1\346AI\2427\311\353X~\r\302f\313\002 xv\033\271YG+m\210\235[\006\255c\340\212(\266\374\210y\036=A\3308\304\026\306\256\225\351""; previousledger: ""\276\230H\305\2714\032l\253n6W\035\354\257.f\r\217\302\203\224\212L\020\S\370\243OP*""; ","proposeSeq: 0; currentTxHash: ""\356\316\306(\314\366\340SA\320e\361\337A\350+\342\334{eBV\360\354\225)\263\237~v\236}""; nodePubKey: ""\003\255\225A\213\332\224ehh\024BDq\224\250\335`\355\353{\357\266\335<\021\032\265\177\206\356&\215""; closeTime: 803842738; signature: ""0D\002 \035\333\0002\324\307E{\274\316\016!\362W\200\013\322R1\346AI\2427\311\353X~\r\302f\313\002 xv\033\271YG+m\210\235[\006\255c\340\212(\266\374\210y\036=A\3308\304\026\306\256\225\351""; previousledger: ""\276\230H\305\2714\032l\253n6W\035\354\257.f\r\217\302\203\224\212L\020\S\370\243OP*""; "
1750527538583,1750527538583,825,1,2,1,TMHaveTransactionSet,"status: tsHAVE; hash: ""\356\316\306(\314\366\340SA\320e\361\337A\350+\342\334{eBV\360\354\225)\263\237~v\236}""; ","status: tsHAVE; hash: ""\356\316\306(\314\366\340SA\320e\361\337A\350+\342\334{eBV\360\354\225)\263\237~v\236}""; "
1750527538584,1750527538584,3578,1,1,3,TMLedgerData,"ledgerHash: ""\341\310\354\0213\033\013\350\207z\236R(|z&\034\335\266\323\356\205\273DV\210\254\213T\rZ\347""; ledgerSeq: 0; type: liTS_CANDIDATE; nodes {;   nodedata: ""\256\322m\2146\221\305\341\316\031h?\276\005\207\253\236\tL;\371W\315\233X\345O\203\332\240\005\360\n\003"";   nodeid: ""\000\000\000\000\000\000\000\000\000\000\000\000\000\000\000\000\000\000\000\000\000\000\000\000\000\000\000\000\000\000\000\000\000""; }; ","ledgerHash: ""\341\310\354\0213\033\013\350\207z\236R(|z&\034\335\266\323\356\205\273DV\210\254\213T\rZ\347""; ledgerSeq: 0; type: liTS_CANDIDATE; nodes {;   nodedata: ""\256\322m\2146\221\305\341\316\031h?\276\005\207\253\236\tL;\371W\315\233X\345O\203\332\240\005\360\n\003"";   nodeid: ""\000\000\000\000\000\000\000\000\000\000\000\000\000\000\000\000\000\000\000\000\000\000\000\000\000\000\000\000\000\000\000\000\000""; }; "
1750527538597,1750527538598,1544,1,2,1,TMGetLedger,"itype: liBASE; ledgerHash: ""\326+\03569g\235`}\354\203s\003\217_Vf \233\324\237yU<\242:Zr\321\340\201]""; ","itype: liBASE; ledgerHash: ""\326+\03569g\235`}\354\203s\003\217_Vf \233\324\237yU<\242:Zr\321\340\201]""; "
1750527538599,1750527538599,589,1,2,0,TMGetLedger,"itype: liBASE; ledgerHash: ""\326+\03569g\235`}\354\203s\003\217_Vf \233\324\237yU<\242:Zr\321\340\201]""; ","itype: liBASE; ledgerHash: ""\326+\03569g\235`}\354\203s\003\217_Vf \233\324\237yU<\242:Zr\321\340\201]""; "
1750527538599,1750527538599,589,1,2,0,TMGetLedger,"itype: liBASE; ledgerHash: ""\326+\03569g\235`}\354\203s\003\217_Vf \233\324\237yU<\242:Zr\321\340\201]""; queryType: qtINDIRECT; ","itype: liBASE; ledgerHash: ""\326+\03569g\235`}\354\203s\003\217_Vf \233\324\237yU<\242:Zr\321\340\201]""; queryType: qtINDIRECT; "
1750527538598,1750527538598,446,1,2,0,TMValidation,"validation: """"\200\000\000\001&\000\000\000\007)/\351\252\261:\303`\246;Q\203[_Q\326+\03569g\235`}\354\203s\003\217_Vf \233\324\237yU<\242:Zr\321\340\201]P\027\341\310\354\0213\033\013\350\207z\236R(|z&\034\335\266\323\356\205\273DV\210\254\213T\rZ\347P\031\360\215\2502\265\245\310\226\243c\302Ze\306\253#r\020\211\320iG\276\020E\317\035Sf\223F\254s!\002\266\377\271\344:\030\221i\267\257\215\237M\014\3345f\014\273|\207\367\334\337F\325\004cxB\211LvG0E\002!\000\237\224L\326\022\330X\267\265&\351\023\340r\023\232\255f\306\211lf\347\000\374M\242\210K<I\357\002 )\325\316a\261F/0\213\003BY\r.\224\227\036\032\366g\304P\213\341pt\2563\367\222\3416""; ","validation: """"\200\000\000\001&\000\000\000\007)/\351\252\261:\303`\246;Q\203[_Q\326+\03569g\235`}\354\203s\003\217_Vf \233\324\237yU<\242:Zr\321\340\201]P\027\341\310\354\0213\033\013\350\207z\236R(|z&\034\335\266\323\356\205\273DV\210\254\213T\rZ\347P\031\360\215\2502\265\245\310\226\243c\302Ze\306\253#r\020\211\320iG\276\020E\317\035Sf\223F\254s!\002\266\377\271\344:\030\221i\267\257\215\237M\014\3345f\014\273|\207\367\334\337F\325\004cxB\211LvG0E\002!\000\237\224L\326\022\330X\267\265&\351\023\340r\023\232\255f\306\211lf\347\000\374M\242\210K<I\357\002 )\325\316a\261F/0\213\003BY\r.\224\227\036\032\366g\304P\213\341pt\2563\367\222\3416""; "
1750527538607,1750527538607,2054,1,2,3,TMHaveTransactionSet,"status: tsHAVE; hash: ""\356\316\306(\314\366\340SA\320e\361\337A\350+\342\334{eBV\360\354\225)\263\237~v\236}""; ","status: tsHAVE; hash: ""\356\316\306(\314\366\340SA\320e\361\337A\350+\342\334{eBV\360\354\225)\263\237~v\236}""; "
1750527538607,1750527538608,2762,1,2,3,TMProposeSet,"proposeSeq: 0; currentTxHash: ""\356\316\306(\314\366\340SA\320e\361\337A\350+\342\334{eBV\360\354\225)\263\237~v\236}""; nodePubKey: ""\003\255\225A\213\332\224ehh\024BDq\224\250\335`\355\353{\357\266\335<\021\032\265\177\206\356&\215""; closeTime: 803842738; signature: ""0D\002 \035\333\0002\324\307E{\274\316\016!\362W\200\013\322R1\346AI\2427\311\353X~\r\302f\313\002 xv\033\271YG+m\210\235[\006\255c\340\212(\266\374\210y\036=A\3308\304\026\306\256\225\351""; previousledger: ""\276\230H\305\2714\032l\253n6W\035\354\257.f\r\217\302\203\224\212L\020\S\370\243OP*""; ","proposeSeq: 0; currentTxHash: ""\356\316\306(\314\366\340SA\320e\361\337A\350+\342\334{eBV\360\354\225)\263\237~v\236}""; nodePubKey: ""\003\255\225A\213\332\224ehh\024BDq\224\250\335`\355\353{\357\266\335<\021\032\265\177\206\356&\215""; closeTime: 803842738; signature: ""0D\002 \035\333\0002\324\307E{\274\316\016!\362W\200\013\322R1\346AI\2427\311\353X~\r\302f\313\002 xv\033\271YG+m\210\235[\006\255c\340\212(\266\374\210y\036=A\3308\304\026\306\256\225\351""; previousledger: ""\276\230H\305\2714\032l\253n6W\035\354\257.f\r\217\302\203\224\212L\020\S\370\243OP*""; "
1750527538609,1750527538609,4000,1,2,3,TMGetLedger,"itype: liBASE; ledgerHash: ""\326+\03569g\235`}\354\203s\003\217_Vf \233\324\237yU<\242:Zr\321\340\201]""; ","itype: liBASE; ledgerHash: ""\326+\03569g\235`}\354\203s\003\217_Vf \233\324\237yU<\242:Zr\321\340\201]""; "
1750527538608,1750527538608,612,1,2,0,TMLedgerData,"ledgerHash: ""[\000\302\314\326\214\276@c\240\272\222{\363\314\032\213\311\316\246/\330\302\014>\022\346\234\347\264\270\350""; ledgerSeq: 0; type: liTS_CANDIDATE; nodes {;   nodedata: ""\002i\361\030\371\256\265\036\320\273\013\357<\215/(\215[\231D\357Gd\372\270\316\261\301\342\327\225\241\000GZ\227\022t\201\240u\2324P\027\307M\337'Y\361[IAD\351\374!\232\005\337\376\252\251g\004\003"";   nodeid: ""\000\000\000\000\000\000\000\000\000\000\000\000\000\000\000\000\000\000\000\000\000\000\000\000\000\000\000\000\000\000\000\000\000""; }; ","ledgerHash: ""[\000\302\314\326\214\276@c\240\272\222{\363\314\032\213\311\316\246/\330\302\014>\022\346\234\347\264\270\350""; ledgerSeq: 0; type: liTS_CANDIDATE; nodes {;   nodedata: ""\002i\361\030\371\256\265\036\320\273\013\357<\215/(\215[\231D\357Gd\372\270\316\261\301\342\327\225\241\000GZ\227\022t\201\240u\2324P\027\307M\337'Y\361[IAD\351\374!\232\005\337\376\252\251g\004\003"";   nodeid: ""\000\000\000\000\000\000\000\000\000\000\000\000\000\000\000\000\000\000\000\000\000\000\000\000\000\000\000\000\000\000\000\000\000""; }; "
1750527538609,1750527538609,4000,1,2,3,TMGetLedger,"itype: liBASE; ledgerHash: ""\326+\03569g\235`}\354\203s\003\217_Vf \233\324\237yU<\242:Zr\321\340\201]""; queryType: qtINDIRECT; ","itype: liBASE; ledgerHash: ""\326+\03569g\235`}\354\203s\003\217_Vf \233\324\237yU<\242:Zr\321\340\201]""; queryType: qtINDIRECT; "
1750527538610,1750527538610,723,1,2,3,TMValidation,"validation: """"\200\000\000\001&\000\000\000\007)/\351\252\261:\303`\246;Q\203[_Q\326+\03569g\235`}\354\203s\003\217_Vf \233\324\237yU<\242:Zr\321\340\201]P\027\341\310\354\0213\033\013\350\207z\236R(|z&\034\335\266\323\356\205\273DV\210\254\213T\rZ\347P\031\360\215\2502\265\245\310\226\243c\302Ze\306\253#r\020\211\320iG\276\020E\317\035Sf\223F\254s!\002\266\377\271\344:\030\221i\267\257\215\237M\014\3345f\014\273|\207\367\334\337F\325\004cxB\211LvG0E\002!\000\237\224L\326\022\330X\267\265&\351\023\340r\023\232\255f\306\211lf\347\000\374M\242\210K<I\357\002 )\325\316a\261F/0\213\003BY\r.\224\227\036\032\366g\304P\213\341pt\2563\367\222\3416""; ","validation: """"\200\000\000\001&\000\000\000\007)/\351\252\261:\303`\246;Q\203[_Q\326+\03569g\235`}\354\203s\003\217_Vf \233\324\237yU<\242:Zr\321\340\201]P\027\341\310\354\0213\033\013\350\207z\236R(|z&\034\335\266\323\356\205\273DV\210\254\213T\rZ\347P\031\360\215\2502\265\245\310\226\243c\302Ze\306\253#r\020\211\320iG\276\020E\317\035Sf\223F\254s!\002\266\377\271\344:\030\221i\267\257\215\237M\014\3345f\014\273|\207\367\334\337F\325\004cxB\211LvG0E\002!\000\237\224L\326\022\330X\267\265&\351\023\340r\023\232\255f\306\211lf\347\000\374M\242\210K<I\357\002 )\325\316a\261F/0\213\003BY\r.\224\227\036\032\366g\304P\213\341pt\2563\367\222\3416""; "
1750527538612,1750527538612,3094,1,0,3,TMGetLedger,"itype: liTS_CANDIDATE; ledgerHash: ""\363\262\310\025\251\261\276X\247\260J\221\345\357\037\231)|\321K\000\\326E\004\377\005\255""A?\250""; nodeIDs: ""\000\000\000\000\000\000\000\000\000\000\000\000\000\000\000\000\000\000\000\000\000\000\000\000\000\000\000\000\000\000\000\000\000""; queryType: qtINDIRECT; queryDepth: 3; ","itype: liTS_CANDIDATE; ledgerHash: ""\363\262\310\025\251\261\276X\247\260J\221\345\357\037\231)|\321K\000\\326E\004\377\005\255""A?\250""; nodeIDs: ""\000\000\000\000\000\000\000\000\000\000\000\000\000\000\000\000\000\000\000\000\000\000\000\000\000\000\000\000\000\000\000\000\000""; queryType: qtINDIRECT; queryDepth: 3; "
1750527538613,1750527538613,3375,1,0,1,TMGetLedger,"itype: liTS_CANDIDATE; ledgerHash: ""\363\262\310\025\251\261\276X\247\260J\221\345\357\037\231)|\321K\000\\326E\004\377\005\255""A?\250""; nodeIDs: ""\000\000\000\000\000\000\000\000\000\000\000\000\000\000\000\000\000\000\000\000\000\000\000\000\000\000\000\000\000\000\000\000\000""; queryType: qtINDIRECT; queryDepth: 3; ","itype: liTS_CANDIDATE; ledgerHash: ""\363\262\310\025\251\261\276X\247\260J\221\345\357\037\231)|\321K\000\\326E\004\377\005\255""A?\250""; nodeIDs: ""\000\000\000\000\000\000\000\000\000\000\000\000\000\000\000\000\000\000\000\000\000\000\000\000\000\000\000\000\000\000\000\000\000""; queryType: qtINDIRECT; queryDepth: 3; "
1750527538613,1750527538613,380,1,0,4,TMGetLedger,"itype: liTS_CANDIDATE; ledgerHash: ""\363\262\310\025\251\261\276X\247\260J\221\345\357\037\231)|\321K\000\\326E\004\377\005\255""A?\250""; nodeIDs: ""\000\000\000\000\000\000\000\000\000\000\000\000\000\000\000\000\000\000\000\000\000\000\000\000\000\000\000\000\000\000\000\000\000""; queryType: qtINDIRECT; queryDepth: 3; ","itype: liTS_CANDIDATE; ledgerHash: ""\363\262\310\025\251\261\276X\247\260J\221\345\357\037\231)|\321K\000\\326E\004\377\005\255""A?\250""; nodeIDs: ""\000\000\000\000\000\000\000\000\000\000\000\000\000\000\000\000\000\000\000\000\000\000\000\000\000\000\000\000\000\000\000\000\000""; queryType: qtINDIRECT; queryDepth: 3; "
1750527538613,1750527538613,1199,1,0,2,TMGetLedger,"itype: liTS_CANDIDATE; ledgerHash: ""\363\262\310\025\251\261\276X\247\260J\221\345\357\037\231)|\321K\000\\326E\004\377\005\255""A?\250""; nodeIDs: ""\000\000\000\000\000\000\000\000\000\000\000\000\000\000\000\000\000\000\000\000\000\000\000\000\000\000\000\000\000\000\000\000\000""; queryType: qtINDIRECT; queryDepth: 3; ","itype: liTS_CANDIDATE; ledgerHash: ""\363\262\310\025\251\261\276X\247\260J\221\345\357\037\231)|\321K\000\\326E\004\377\005\255""A?\250""; nodeIDs: ""\000\000\000\000\000\000\000\000\000\000\000\000\000\000\000\000\000\000\000\000\000\000\000\000\000\000\000\000\000\000\000\000\000""; queryType: qtINDIRECT; queryDepth: 3; "
1750527538622,1750527538622,132,1,2,4,TMHaveTransactionSet,"status: tsHAVE; hash: ""\356\316\306(\314\366\340SA\320e\361\337A\350+\342\334{eBV\360\354\225)\263\237~v\236}""; ","status: tsHAVE; hash: ""\356\316\306(\314\366\340SA\320e\361\337A\350+\342\334{eBV\360\354\225)\263\237~v\236}""; "
1750527538622,1750527538622,3046,1,2,4,TMProposeSet,"proposeSeq: 0; currentTxHash: ""\356\316\306(\314\366\340SA\320e\361\337A\350+\342\334{eBV\360\354\225)\263\237~v\236}""; nodePubKey: ""\003\255\225A\213\332\224ehh\024BDq\224\250\335`\355\353{\357\266\335<\021\032\265\177\206\356&\215""; closeTime: 803842738; signature: ""0D\002 \035\333\0002\324\307E{\274\316\016!\362W\200\013\322R1\346AI\2427\311\353X~\r\302f\313\002 xv\033\271YG+m\210\235[\006\255c\340\212(\266\374\210y\036=A\3308\304\026\306\256\225\351""; previousledger: ""\276\230H\305\2714\032l\253n6W\035\354\257.f\r\217\302\203\224\212L\020\S\370\243OP*""; ","proposeSeq: 0; currentTxHash: ""\356\316\306(\314\366\340SA\320e\361\337A\350+\342\334{eBV\360\354\225)\263\237~v\236}""; nodePubKey: ""\003\255\225A\213\332\224ehh\024BDq\224\250\335`\355\353{\357\266\335<\021\032\265\177\206\356&\215""; closeTime: 803842738; signature: ""0D\002 \035\333\0002\324\307E{\274\316\016!\362W\200\013\322R1\346AI\2427\311\353X~\r\302f\313\002 xv\033\271YG+m\210\235[\006\255c\340\212(\266\374\210y\036=A\3308\304\026\306\256\225\351""; previousledger: ""\276\230H\305\2714\032l\253n6W\035\354\257.f\r\217\302\203\224\212L\020\S\370\243OP*""; "
1750527538622,1750527538623,3719,1,2,4,TMGetLedger,"itype: liBASE; ledgerHash: ""\326+\03569g\235`}\354\203s\003\217_Vf \233\324\237yU<\242:Zr\321\340\201]""; ","itype: liBASE; ledgerHash: ""\326+\03569g\235`}\354\203s\003\217_Vf \233\324\237yU<\242:Zr\321\340\201]""; "
1750527538623,1750527538623,3719,1,2,4,TMGetLedger,"itype: liBASE; ledgerHash: ""\326+\03569g\235`}\354\203s\003\217_Vf \233\324\237yU<\242:Zr\321\340\201]""; queryType: qtINDIRECT; ","itype: liBASE; ledgerHash: ""\326+\03569g\235`}\354\203s\003\217_Vf \233\324\237yU<\242:Zr\321\340\201]""; queryType: qtINDIRECT; "
1750527538623,1750527538623,3128,1,2,4,TMValidation,"validation: """"\200\000\000\001&\000\000\000\007)/\351\252\261:\303`\246;Q\203[_Q\326+\03569g\235`}\354\203s\003\217_Vf \233\324\237yU<\242:Zr\321\340\201]P\027\341\310\354\0213\033\013\350\207z\236R(|z&\034\335\266\323\356\205\273DV\210\254\213T\rZ\347P\031\360\215\2502\265\245\310\226\243c\302Ze\306\253#r\020\211\320iG\276\020E\317\035Sf\223F\254s!\002\266\377\271\344:\030\221i\267\257\215\237M\014\3345f\014\273|\207\367\334\337F\325\004cxB\211LvG0E\002!\000\237\224L\326\022\330X\267\265&\351\023\340r\023\232\255f\306\211lf\347\000\374M\242\210K<I\357\002 )\325\316a\261F/0\213\003BY\r.\224\227\036\032\366g\304P\213\341pt\2563\367\222\3416""; ","validation: """"\200\000\000\001&\000\000\000\007)/\351\252\261:\303`\246;Q\203[_Q\326+\03569g\235`}\354\203s\003\217_Vf \233\324\237yU<\242:Zr\321\340\201]P\027\341\310\354\0213\033\013\350\207z\236R(|z&\034\335\266\323\356\205\273DV\210\254\213T\rZ\347P\031\360\215\2502\265\245\310\226\243c\302Ze\306\253#r\020\211\320iG\276\020E\317\035Sf\223F\254s!\002\266\377\271\344:\030\221i\267\257\215\237M\014\3345f\014\273|\207\367\334\337F\325\004cxB\211LvG0E\002!\000\237\224L\326\022\330X\267\265&\351\023\340r\023\232\255f\306\211lf\347\000\374M\242\210K<I\357\002 )\325\316a\261F/0\213\003BY\r.\224\227\036\032\366g\304P\213\341pt\2563\367\222\3416""; "
1750527538628,1750527538629,2101,1,4,1,TMGetLedger,"itype: liTS_CANDIDATE; ledgerHash: ""\341\310\354\0213\033\013\350\207z\236R(|z&\034\335\266\323\356\205\273DV\210\254\213T\rZ\347""; nodeIDs: ""\000\000\000\000\000\000\000\000\000\000\000\000\000\000\000\000\000\000\000\000\000\000\000\000\000\000\000\000\000\000\000\000\000""; queryType: qtINDIRECT; queryDepth: 3; ","itype: liTS_CANDIDATE; ledgerHash: ""\341\310\354\0213\033\013\350\207z\236R(|z&\034\335\266\323\356\205\273DV\210\254\213T\rZ\347""; nodeIDs: ""\000\000\000\000\000\000\000\000\000\000\000\000\000\000\000\000\000\000\000\000\000\000\000\000\000\000\000\000\000\000\000\000\000""; queryType: qtINDIRECT; queryDepth: 3; "
1750527538629,1750527538629,2309,1,4,2,TMGetLedger,"itype: liTS_CANDIDATE; ledgerHash: ""\341\310\354\0213\033\013\350\207z\236R(|z&\034\335\266\323\356\205\273DV\210\254\213T\rZ\347""; nodeIDs: ""\000\000\000\000\000\000\000\000\000\000\000\000\000\000\000\000\000\000\000\000\000\000\000\000\000\000\000\000\000\000\000\000\000""; queryType: qtINDIRECT; queryDepth: 3; ","itype: liTS_CANDIDATE; ledgerHash: ""\341\310\354\0213\033\013\350\207z\236R(|z&\034\335\266\323\356\205\273DV\210\254\213T\rZ\347""; nodeIDs: ""\000\000\000\000\000\000\000\000\000\000\000\000\000\000\000\000\000\000\000\000\000\000\000\000\000\000\000\000\000\000\000\000\000""; queryType: qtINDIRECT; queryDepth: 3; "
1750527538629,1750527538629,1932,1,4,0,TMGetLedger,"itype: liTS_CANDIDATE; ledgerHash: ""\341\310\354\0213\033\013\350\207z\236R(|z&\034\335\266\323\356\205\273DV\210\254\213T\rZ\347""; nodeIDs: ""\000\000\000\000\000\000\000\000\000\000\000\000\000\000\000\000\000\000\000\000\000\000\000\000\000\000\000\000\000\000\000\000\000""; queryType: qtINDIRECT; queryDepth: 3; ","itype: liTS_CANDIDATE; ledgerHash: ""\341\310\354\0213\033\013\350\207z\236R(|z&\034\335\266\323\356\205\273DV\210\254\213T\rZ\347""; nodeIDs: ""\000\000\000\000\000\000\000\000\000\000\000\000\000\000\000\000\000\000\000\000\000\000\000\000\000\000\000\000\000\000\000\000\000""; queryType: qtINDIRECT; queryDepth: 3; "
1750527538630,1750527538630,559,1,4,3,TMGetLedger,"itype: liTS_CANDIDATE; ledgerHash: ""\341\310\354\0213\033\013\350\207z\236R(|z&\034\335\266\323\356\205\273DV\210\254\213T\rZ\347""; nodeIDs: ""\000\000\000\000\000\000\000\000\000\000\000\000\000\000\000\000\000\000\000\000\000\000\000\000\000\000\000\000\000\000\000\000\000""; queryType: qtINDIRECT; queryDepth: 3; ","itype: liTS_CANDIDATE; ledgerHash: ""\341\310\354\0213\033\013\350\207z\236R(|z&\034\335\266\323\356\205\273DV\210\254\213T\rZ\347""; nodeIDs: ""\000\000\000\000\000\000\000\000\000\000\000\000\000\000\000\000\000\000\000\000\000\000\000\000\000\000\000\000\000\000\000\000\000""; queryType: qtINDIRECT; queryDepth: 3; "
1750527538638,1750527538638,1544,1,2,1,TMGetLedger,"itype: liBASE; ledgerHash: ""\326+\03569g\235`}\354\203s\003\217_Vf \233\324\237yU<\242:Zr\321\340\201]""; queryType: qtINDIRECT; ","itype: liBASE; ledgerHash: ""\326+\03569g\235`}\354\203s\003\217_Vf \233\324\237yU<\242:Zr\321\340\201]""; queryType: qtINDIRECT; "
1750527538645,1750527538645,1394,1,1,2,TMProposeSet,"proposeSeq: 0; currentTxHash: ""\000\000\000\000\000\000\000\000\000\000\000\000\000\000\000\000\000\000\000\000\000\000\000\000\000\000\000\000\000\000\000\000""; nodePubKey: ""\002\266\377\271\344:\030\221i\267\257\215\237M\014\3345f\014\273|\207\367\334\337F\325\004cxB\211L""; closeTime: 803842738; signature: ""0D\002 %.\225S\245\261\304\351\001\0333\217c\341l*\355>\260\253\200\017\335\367\241\362\206\221\310q\274\330\002 ~r\353\016\214\325\017B\3508{\261\215\235>k\036z\207\222\345\376%\315J\207\207,\t\3532\364""; previousledger: ""\326+\03569g\235`}\354\203s\003\217_Vf \233\324\237yU<\242:Zr\321\340\201]""; ","proposeSeq: 0; currentTxHash: ""\000\000\000\000\000\000\000\000\000\000\000\000\000\000\000\000\000\000\000\000\000\000\000\000\000\000\000\000\000\000\000\000""; nodePubKey: ""\002\266\377\271\344:\030\221i\267\257\215\237M\014\3345f\014\273|\207\367\334\337F\325\004cxB\211L""; closeTime: 803842738; signature: ""0D\002 %.\225S\245\261\304\351\001\0333\217c\341l*\355>\260\253\200\017\335\367\241\362\206\221\310q\274\330\002 ~r\353\016\214\325\017B\3508{\261\215\235>k\036z\207\222\345\376%\315J\207\207,\t\3532\364""; previousledger: ""\326+\03569g\235`}\354\203s\003\217_Vf \233\324\237yU<\242:Zr\321\340\201]""; "
1750527538646,1750527538646,2742,1,1,0,TMProposeSet,"proposeSeq: 0; currentTxHash: ""\000\000\000\000\000\000\000\000\000\000\000\000\000\000\000\000\000\000\000\000\000\000\000\000\000\000\000\000\000\000\000\000""; nodePubKey: ""\002\266\377\271\344:\030\221i\267\257\215\237M\014\3345f\014\273|\207\367\334\337F\325\004cxB\211L""; closeTime: 803842738; signature: ""0D\002 %.\225S\245\261\304\351\001\0333\217c\341l*\355>\260\253\200\017\335\367\241\362\206\221\310q\274\330\002 ~r\353\016\214\325\017B\3508{\261\215\235>k\036z\207\222\345\376%\315J\207\207,\t\3532\364""; previousledger: ""\326+\03569g\235`}\354\203s\003\217_Vf \233\324\237yU<\242:Zr\321\340\201]""; ","proposeSeq: 0; currentTxHash: ""\000\000\000\000\000\000\000\000\000\000\000\000\000\000\000\000\000\000\000\000\000\000\000\000\000\000\000\000\000\000\000\000""; nodePubKey: ""\002\266\377\271\344:\030\221i\267\257\215\237M\014\3345f\014\273|\207\367\334\337F\325\004cxB\211L""; closeTime: 803842738; signature: ""0D\002 %.\225S\245\261\304\351\001\0333\217c\341l*\355>\260\253\200\017\335\367\241\362\206\221\310q\274\330\002 ~r\353\016\214\325\017B\3508{\261\215\235>k\036z\207\222\345\376%\315J\207\207,\t\3532\364""; previousledger: ""\326+\03569g\235`}\354\203s\003\217_Vf \233\324\237yU<\242:Zr\321\340\201]""; "
1750527538579,1750527538654,593,1,2,3,TMStatusChange,"newEvent: neCLOSING_LEDGER; ledgerSeq: 7; ledgerHash: ""\276\230H\305\2714\032l\253n6W\035\354\257.f\r\217\302\203\224\212L\020\S\370\243OP*""; ledgerHashPrevious: ""\360\215\2502\265\245\310\226\243c\302Ze\306\253#r\020\211\320iG\276\020E\317\035Sf\223F\254""; networkTime: 803842738; firstSeq: 1; lastSeq: 6; ","newEvent: neCLOSING_LEDGER; ledgerSeq: 7; ledgerHash: ""\276\230H\305\2714\032l\253n6W\035\354\257.f\r\217\302\203\224\212L\020\S\370\243OP*""; ledgerHashPrevious: ""\360\215\2502\265\245\310\226\243c\302Ze\306\253#r\020\211\320iG\276\020E\317\035Sf\223F\254""; networkTime: 803842738; firstSeq: 1; lastSeq: 6; "
1750527538655,1750527538655,380,1,0,4,TMGetLedger,"itype: liTS_CANDIDATE; ledgerHash: ""\341\310\354\0213\033\013\350\207z\236R(|z&\034\335\266\323\356\205\273DV\210\254\213T\rZ\347""; nodeIDs: ""\000\000\000\000\000\000\000\000\000\000\000\000\000\000\000\000\000\000\000\000\000\000\000\000\000\000\000\000\000\000\000\000\000""; queryType: qtINDIRECT; queryDepth: 3; ","itype: liTS_CANDIDATE; ledgerHash: ""\341\310\354\0213\033\013\350\207z\236R(|z&\034\335\266\323\356\205\273DV\210\254\213T\rZ\347""; nodeIDs: ""\000\000\000\000\000\000\000\000\000\000\000\000\000\000\000\000\000\000\000\000\000\000\000\000\000\000\000\000\000\000\000\000\000""; queryType: qtINDIRECT; queryDepth: 3; "
1750527538581,1750527538655,1536,1,2,1,TMStatusChange,"newEvent: neCLOSING_LEDGER; ledgerSeq: 7; ledgerHash: ""\276\230H\305\2714\032l\253n6W\035\354\257.f\r\217\302\203\224\212L\020\S\370\243OP*""; ledgerHashPrevious: ""\360\215\2502\265\245\310\226\243c\302Ze\306\253#r\020\211\320iG\276\020E\317\035Sf\223F\254""; networkTime: 803842738; firstSeq: 1; lastSeq: 6; ","newEvent: neCLOSING_LEDGER; ledgerSeq: 7; ledgerHash: ""\276\230H\305\2714\032l\253n6W\035\354\257.f\r\217\302\203\224\212L\020\S\370\243OP*""; ledgerHashPrevious: ""\360\215\2502\265\245\310\226\243c\302Ze\306\253#r\020\211\320iG\276\020E\317\035Sf\223F\254""; networkTime: 803842738; firstSeq: 1; lastSeq: 6; "
1750527538582,1750527538655,3446,1,2,4,TMStatusChange,"newEvent: neCLOSING_LEDGER; ledgerSeq: 7; ledgerHash: ""\276\230H\305\2714\032l\253n6W\035\354\257.f\r\217\302\203\224\212L\020\S\370\243OP*""; ledgerHashPrevious: ""\360\215\2502\265\245\310\226\243c\302Ze\306\253#r\020\211\320iG\276\020E\317\035Sf\223F\254""; networkTime: 803842738; firstSeq: 1; lastSeq: 6; ","newEvent: neCLOSING_LEDGER; ledgerSeq: 7; ledgerHash: ""\276\230H\305\2714\032l\253n6W\035\354\257.f\r\217\302\203\224\212L\020\S\370\243OP*""; ledgerHashPrevious: ""\360\215\2502\265\245\310\226\243c\302Ze\306\253#r\020\211\320iG\276\020E\317\035Sf\223F\254""; networkTime: 803842738; firstSeq: 1; lastSeq: 6; "
1750527538583,1750527538656,679,1,2,0,TMStatusChange,"newEvent: neCLOSING_LEDGER; ledgerSeq: 7; ledgerHash: ""\276\230H\305\2714\032l\253n6W\035\354\257.f\r\217\302\203\224\212L\020\S\370\243OP*""; ledgerHashPrevious: ""\360\215\2502\265\245\310\226\243c\302Ze\306\253#r\020\211\320iG\276\020E\317\035Sf\223F\254""; networkTime: 803842738; firstSeq: 1; lastSeq: 6; ","newEvent: neCLOSING_LEDGER; ledgerSeq: 7; ledgerHash: ""\276\230H\305\2714\032l\253n6W\035\354\257.f\r\217\302\203\224\212L\020\S\370\243OP*""; ledgerHashPrevious: ""\360\215\2502\265\245\310\226\243c\302Ze\306\253#r\020\211\320iG\276\020E\317\035Sf\223F\254""; networkTime: 803842738; firstSeq: 1; lastSeq: 6; "
1750527538663,1750527538663,1932,1,4,0,TMGetLedger,"itype: liTS_CANDIDATE; ledgerHash: ""3\321\n7\354)\tf\006\357\205B<h\272GQ \344\262\236\025#\003\024&\310\034\352\376\326""; nodeIDs: ""\000\000\000\000\000\000\000\000\000\000\000\000\000\000\000\000\000\000\000\000\000\000\000\000\000\000\000\000\000\000\000\000\000""; requestCookie: 4; queryType: qtINDIRECT; queryDepth: 3; ","itype: liTS_CANDIDATE; ledgerHash: ""3\321\n7\354)\tf\006\357\205B<h\272GQ \344\262\236\025#\003\024&\310\034\352\376\326""; nodeIDs: ""\000\000\000\000\000\000\000\000\000\000\000\000\000\000\000\000\000\000\000\000\000\000\000\000\000\000\000\000\000\000\000\000\000""; requestCookie: 4; queryType: qtINDIRECT; queryDepth: 3; "
1750527538666,1750527538666,2309,1,4,2,TMGetLedger,"itype: liTS_CANDIDATE; ledgerHash: ""3\321\n7\354)\tf\006\357\205B<h\272GQ \344\262\236\025#\003\024&\310\034\352\376\326""; nodeIDs: ""\000\000\000\000\000\000\000\000\000\000\000\000\000\000\000\000\000\000\000\000\000\000\000\000\000\000\000\000\000\000\000\000\000""; queryType: qtINDIRECT; queryDepth: 3; ","itype: liTS_CANDIDATE; ledgerHash: ""3\321\n7\354)\tf\006\357\205B<h\272GQ \344\262\236\025#\003\024&\310\034\352\376\326""; nodeIDs: ""\000\000\000\000\000\000\000\000\000\000\000\000\000\000\000\000\000\000\000\000\000\000\000\000\000\000\000\000\000\000\000\000\000""; queryType: qtINDIRECT; queryDepth: 3; "
1750527538666,1750527538667,559,1,4,3,TMGetLedger,"itype: liTS_CANDIDATE; ledgerHash: ""3\321\n7\354)\tf\006\357\205B<h\272GQ \344\262\236\025#\003\024&\310\034\352\376\326""; nodeIDs: ""\000\000\000\000\000\000\000\000\000\000\000\000\000\000\000\000\000\000\000\000\000\000\000\000\000\000\000\000\000\000\000\000\000""; queryType: qtINDIRECT; queryDepth: 3; ","itype: liTS_CANDIDATE; ledgerHash: ""3\321\n7\354)\tf\006\357\205B<h\272GQ \344\262\236\025#\003\024&\310\034\352\376\326""; nodeIDs: ""\000\000\000\000\000\000\000\000\000\000\000\000\000\000\000\000\000\000\000\000\000\000\000\000\000\000\000\000\000\000\000\000\000""; queryType: qtINDIRECT; queryDepth: 3; "
1750527538667,1750527538667,2101,1,4,1,TMGetLedger,"itype: liTS_CANDIDATE; ledgerHash: ""3\321\n7\354)\tf\006\357\205B<h\272GQ \344\262\236\025#\003\024&\310\034\352\376\326""; nodeIDs: ""\000\000\000\000\000\000\000\000\000\000\000\000\000\000\000\000\000\000\000\000\000\000\000\000\000\000\000\000\000\000\000\000\000""; queryType: qtINDIRECT; queryDepth: 3; ","itype: liTS_CANDIDATE; ledgerHash: ""3\321\n7\354)\tf\006\357\205B<h\272GQ \344\262\236\025#\003\024&\310\034\352\376\326""; nodeIDs: ""\000\000\000\000\000\000\000\000\000\000\000\000\000\000\000\000\000\000\000\000\000\000\000\000\000\000\000\000\000\000\000\000\000""; queryType: qtINDIRECT; queryDepth: 3; "
1750527538667,1750527538667,1932,1,4,0,TMGetLedger,"itype: liTS_CANDIDATE; ledgerHash: ""3\321\n7\354)\tf\006\357\205B<h\272GQ \344\262\236\025#\003\024&\310\034\352\376\326""; nodeIDs: ""\000\000\000\000\000\000\000\000\000\000\000\000\000\000\000\000\000\000\000\000\000\000\000\000\000\000\000\000\000\000\000\000\000""; queryType: qtINDIRECT; queryDepth: 3; ","itype: liTS_CANDIDATE; ledgerHash: ""3\321\n7\354)\tf\006\357\205B<h\272GQ \344\262\236\025#\003\024&\310\034\352\376\326""; nodeIDs: ""\000\000\000\000\000\000\000\000\000\000\000\000\000\000\000\000\000\000\000\000\000\000\000\000\000\000\000\000\000\000\000\000\000""; queryType: qtINDIRECT; queryDepth: 3; "
1750527538684,1750527538684,589,1,2,0,TMGetLedger,"itype: liTS_CANDIDATE; ledgerHash: ""3\321\n7\354)\tf\006\357\205B<h\272GQ \344\262\236\025#\003\024&\310\034\352\376\326""; nodeIDs: ""\000\000\000\000\000\000\000\000\000\000\000\000\000\000\000\000\000\000\000\000\000\000\000\000\000\000\000\000\000\000\000\000\000""; requestCookie: 4; queryType: qtINDIRECT; queryDepth: 3; ","itype: liTS_CANDIDATE; ledgerHash: ""3\321\n7\354)\tf\006\357\205B<h\272GQ \344\262\236\025#\003\024&\310\034\352\376\326""; nodeIDs: ""\000\000\000\000\000\000\000\000\000\000\000\000\000\000\000\000\000\000\000\000\000\000\000\000\000\000\000\000\000\000\000\000\000""; requestCookie: 4; queryType: qtINDIRECT; queryDepth: 3; "
1750527538686,1750527538686,3299,1,1,3,TMProposeSet,"proposeSeq: 0; currentTxHash: ""\000\000\000\000\000\000\000\000\000\000\000\000\000\000\000\000\000\000\000\000\000\000\000\000\000\000\000\000\000\000\000\000""; nodePubKey: ""\002\266\377\271\344:\030\221i\267\257\215\237M\014\3345f\014\273|\207\367\334\337F\325\004cxB\211L""; closeTime: 803842738; signature: ""0D\002 %.\225S\245\261\304\351\001\0333\217c\341l*\355>\260\253\200\017\335\367\241\362\206\221\310q\274\330\002 ~r\353\016\214\325\017B\3508{\261\215\235>k\036z\207\222\345\376%\315J\207\207,\t\3532\364""; previousledger: ""\326+\03569g\235`}\354\203s\003\217_Vf \233\324\237yU<\242:Zr\321\340\201]""; ","proposeSeq: 0; currentTxHash: ""\000\000\000\000\000\000\000\000\000\000\000\000\000\000\000\000\000\000\000\000\000\000\000\000\000\000\000\000\000\000\000\000""; nodePubKey: ""\002\266\377\271\344:\030\221i\267\257\215\237M\014\3345f\014\273|\207\367\334\337F\325\004cxB\211L""; closeTime: 803842738; signature: ""0D\002 %.\225S\245\261\304\351\001\0333\217c\341l*\355>\260\253\200\017\335\367\241\362\206\221\310q\274\330\002 ~r\353\016\214\325\017B\3508{\261\215\235>k\036z\207\222\345\376%\315J\207\207,\t\3532\364""; previousledger: ""\326+\03569g\235`}\354\203s\003\217_Vf \233\324\237yU<\242:Zr\321\340\201]""; "
1750527538686,1750527538687,438,1,1,4,TMProposeSet,"proposeSeq: 0; currentTxHash: ""\000\000\000\000\000\000\000\000\000\000\000\000\000\000\000\000\000\000\000\000\000\000\000\000\000\000\000\000\000\000\000\000""; nodePubKey: ""\002\266\377\271\344:\030\221i\267\257\215\237M\014\3345f\014\273|\207\367\334\337F\325\004cxB\211L""; closeTime: 803842738; signature: ""0D\002 %.\225S\245\261\304\351\001\0333\217c\341l*\355>\260\253\200\017\335\367\241\362\206\221\310q\274\330\002 ~r\353\016\214\325\017B\3508{\261\215\235>k\036z\207\222\345\376%\315J\207\207,\t\3532\364""; previousledger: ""\326+\03569g\235`}\354\203s\003\217_Vf \233\324\237yU<\242:Zr\321\340\201]""; ","proposeSeq: 0; currentTxHash: ""\000\000\000\000\000\000\000\000\000\000\000\000\000\000\000\000\000\000\000\000\000\000\000\000\000\000\000\000\000\000\000\000""; nodePubKey: ""\002\266\377\271\344:\030\221i\267\257\215\237M\014\3345f\014\273|\207\367\334\337F\325\004cxB\211L""; closeTime: 803842738; signature: ""0D\002 %.\225S\245\261\304\351\001\0333\217c\341l*\355>\260\253\200\017\335\367\241\362\206\221\310q\274\330\002 ~r\353\016\214\325\017B\3508{\261\215\235>k\036z\207\222\345\376%\315J\207\207,\t\3532\364""; previousledger: ""\326+\03569g\235`}\354\203s\003\217_Vf \233\324\237yU<\242:Zr\321\340\201]""; "
1750527538687,1750527538687,3810,1,1,4,TMGetLedger,"itype: liBASE; ledgerHash: ""\033@\177e\277\016\010u\327\371&\262\312\317Q\2361t\377x\234\001v\003%\030\325_\225g\204\346""; ","itype: liBASE; ledgerHash: ""\033@\177e\277\016\010u\327\371&\262\312\317Q\2361t\377x\234\001v\003%\030\325_\225g\204\346""; "
1750527538689,1750527538689,2920,1,1,0,TMGetLedger,"itype: liBASE; ledgerHash: ""\033@\177e\277\016\010u\327\371&\262\312\317Q\2361t\377x\234\001v\003%\030\325_\225g\204\346""; ","itype: liBASE; ledgerHash: ""\033@\177e\277\016\010u\327\371&\262\312\317Q\2361t\377x\234\001v\003%\030\325_\225g\204\346""; "
1750527538688,1750527538688,3769,1,1,3,TMGetLedger,"itype: liBASE; ledgerHash: ""\033@\177e\277\016\010u\327\371&\262\312\317Q\2361t\377x\234\001v\003%\030\325_\225g\204\346""; ","itype: liBASE; ledgerHash: ""\033@\177e\277\016\010u\327\371&\262\312\317Q\2361t\377x\234\001v\003%\030\325_\225g\204\346""; "
1750527538689,1750527538689,2920,1,1,0,TMGetLedger,"itype: liBASE; ledgerHash: ""\033@\177e\277\016\010u\327\371&\262\312\317Q\2361t\377x\234\001v\003%\030\325_\225g\204\346""; queryType: qtINDIRECT; ","itype: liBASE; ledgerHash: ""\033@\177e\277\016\010u\327\371&\262\312\317Q\2361t\377x\234\001v\003%\030\325_\225g\204\346""; queryType: qtINDIRECT; "
1750527538689,1750527538689,1495,1,1,2,TMGetLedger,"itype: liBASE; ledgerHash: ""\033@\177e\277\016\010u\327\371&\262\312\317Q\2361t\377x\234\001v\003%\030\325_\225g\204\346""; queryType: qtINDIRECT; ","itype: liBASE; ledgerHash: ""\033@\177e\277\016\010u\327\371&\262\312\317Q\2361t\377x\234\001v\003%\030\325_\225g\204\346""; queryType: qtINDIRECT; "
1750527538688,1750527538688,1495,1,1,2,TMGetLedger,"itype: liBASE; ledgerHash: ""\033@\177e\277\016\010u\327\371&\262\312\317Q\2361t\377x\234\001v\003%\030\325_\225g\204\346""; ","itype: liBASE; ledgerHash: ""\033@\177e\277\016\010u\327\371&\262\312\317Q\2361t\377x\234\001v\003%\030\325_\225g\204\346""; "
1750527538691,1750527538691,3769,1,1,3,TMGetLedger,"itype: liBASE; ledgerHash: ""\033@\177e\277\016\010u\327\371&\262\312\317Q\2361t\377x\234\001v\003%\030\325_\225g\204\346""; queryType: qtINDIRECT; ","itype: liBASE; ledgerHash: ""\033@\177e\277\016\010u\327\371&\262\312\317Q\2361t\377x\234\001v\003%\030\325_\225g\204\346""; queryType: qtINDIRECT; "
1750527538691,1750527538692,3810,1,1,4,TMGetLedger,"itype: liBASE; ledgerHash: ""\033@\177e\277\016\010u\327\371&\262\312\317Q\2361t\377x\234\001v\003%\030\325_\225g\204\346""; queryType: qtINDIRECT; ","itype: liBASE; ledgerHash: ""\033@\177e\277\016\010u\327\371&\262\312\317Q\2361t\377x\234\001v\003%\030\325_\225g\204\346""; queryType: qtINDIRECT; "
1750527538692,1750527538692,3746,1,1,4,TMValidation,"validation: """"\200\000\000\001&\000\000\000\007)/\351\252\261:\r\302\353\023?\373\240rQ\033@\177e\277\016\010u\327\371&\262\312\317Q\2361t\377x\234\001v\003%\030\325_\225g\204\346P\027\363\262\310\025\251\261\276X\247\260J\221\345\357\037\231)|\321K\000\\326E\004\377\005\255""A?\250P\031\360\215\2502\265\245\310\226\243c\302Ze\306\253#r\020\211\320iG\276\020E\317\035Sf\223F\254s!\003R7o\362bV\300hf\266\241;}\200^\374\240\203[:\342Q\225\221\027y\372\255\235\216\323~vF0D\002 qW\215\342\275\252\365\353\337\202\362\260\t\310\274\365*\220s\320\366#\026\005r#\356\244S\034\256\000\002 t~4\206`\0268\277@T6:\365\rE'\372\202\247\215'.BTr\250\354\367\247\037\016%""; ","validation: """"\200\000\000\001&\000\000\000\007)/\351\252\261:\r\302\353\023?\373\240rQ\033@\177e\277\016\010u\327\371&\262\312\317Q\2361t\377x\234\001v\003%\030\325_\225g\204\346P\027\363\262\310\025\251\261\276X\247\260J\221\345\357\037\231)|\321K\000\\326E\004\377\005\255""A?\250P\031\360\215\2502\265\245\310\226\243c\302Ze\306\253#r\020\211\320iG\276\020E\317\035Sf\223F\254s!\003R7o\362bV\300hf\266\241;}\200^\374\240\203[:\342Q\225\221\027y\372\255\235\216\323~vF0D\002 qW\215\342\275\252\365\353\337\202\362\260\t\310\274\365*\220s\320\366#\026\005r#\356\244S\034\256\000\002 t~4\206`\0268\277@T6:\365\rE'\372\202\247\215'.BTr\250\354\367\247\037\016%""; "
1750527538693,1750527538693,2229,1,1,0,TMValidation,"validation: """"\200\000\000\001&\000\000\000\007)/\351\252\261:\r\302\353\023?\373\240rQ\033@\177e\277\016\010u\327\371&\262\312\317Q\2361t\377x\234\001v\003%\030\325_\225g\204\346P\027\363\262\310\025\251\261\276X\247\260J\221\345\357\037\231)|\321K\000\\326E\004\377\005\255""A?\250P\031\360\215\2502\265\245\310\226\243c\302Ze\306\253#r\020\211\320iG\276\020E\317\035Sf\223F\254s!\003R7o\362bV\300hf\266\241;}\200^\374\240\203[:\342Q\225\221\027y\372\255\235\216\323~vF0D\002 qW\215\342\275\252\365\353\337\202\362\260\t\310\274\365*\220s\320\366#\026\005r#\356\244S\034\256\000\002 t~4\206`\0268\277@T6:\365\rE'\372\202\247\215'.BTr\250\354\367\247\037\016%""; ","validation: """"\200\000\000\001&\000\000\000\007)/\351\252\261:\r\302\353\023?\373\240rQ\033@\177e\277\016\010u\327\371&\262\312\317Q\2361t\377x\234\001v\003%\030\325_\225g\204\346P\027\363\262\310\025\251\261\276X\247\260J\221\345\357\037\231)|\321K\000\\326E\004\377\005\255""A?\250P\031\360\215\2502\265\245\310\226\243c\302Ze\306\253#r\020\211\320iG\276\020E\317\035Sf\223F\254s!\003R7o\362bV\300hf\266\241;}\200^\374\240\203[:\342Q\225\221\027y\372\255\235\216\323~vF0D\002 qW\215\342\275\252\365\353\337\202\362\260\t\310\274\365*\220s\320\366#\026\005r#\356\244S\034\256\000\002 t~4\206`\0268\277@T6:\365\rE'\372\202\247\215'.BTr\250\354\367\247\037\016%""; "
1750527538693,1750527538693,1311,1,1,3,TMValidation,"validation: """"\200\000\000\001&\000\000\000\007)/\351\252\261:\r\302\353\023?\373\240rQ\033@\177e\277\016\010u\327\371&\262\312\317Q\2361t\377x\234\001v\003%\030\325_\225g\204\346P\027\363\262\310\025\251\261\276X\247\260J\221\345\357\037\231)|\321K\000\\326E\004\377\005\255""A?\250P\031\360\215\2502\265\245\310\226\243c\302Ze\306\253#r\020\211\320iG\276\020E\317\035Sf\223F\254s!\003R7o\362bV\300hf\266\241;}\200^\374\240\203[:\342Q\225\221\027y\372\255\235\216\323~vF0D\002 qW\215\342\275\252\365\353\337\202\362\260\t\310\274\365*\220s\320\366#\026\005r#\356\244S\034\256\000\002 t~4\206`\0268\277@T6:\365\rE'\372\202\247\215'.BTr\250\354\367\247\037\016%""; ","validation: """"\200\000\000\001&\000\000\000\007)/\351\252\261:\r\302\353\023?\373\240rQ\033@\177e\277\016\010u\327\371&\262\312\317Q\2361t\377x\234\001v\003%\030\325_\225g\204\346P\027\363\262\310\025\251\261\276X\247\260J\221\345\357\037\231)|\321K\000\\326E\004\377\005\255""A?\250P\031\360\215\2502\265\245\310\226\243c\302Ze\306\253#r\020\211\320iG\276\020E\317\035Sf\223F\254s!\003R7o\362bV\300hf\266\241;}\200^\374\240\203[:\342Q\225\221\027y\372\255\235\216\323~vF0D\002 qW\215\342\275\252\365\353\337\202\362\260\t\310\274\365*\220s\320\366#\026\005r#\356\244S\034\256\000\002 t~4\206`\0268\277@T6:\365\rE'\372\202\247\215'.BTr\250\354\367\247\037\016%""; "
1750527538693,1750527538693,1544,1,2,1,TMGetLedger,"itype: liTS_CANDIDATE; ledgerHash: ""\341\310\354\0213\033\013\350\207z\236R(|z&\034\335\266\323\356\205\273DV\210\254\213T\rZ\347""; nodeIDs: ""\000\000\000\000\000\000\000\000\000\000\000\000\000\000\000\000\000\000\000\000\000\000\000\000\000\000\000\000\000\000\000\000\000""; requestCookie: 5; queryType: qtINDIRECT; queryDepth: 3; ","itype: liTS_CANDIDATE; ledgerHash: ""\341\310\354\0213\033\013\350\207z\236R(|z&\034\335\266\323\356\205\273DV\210\254\213T\rZ\347""; nodeIDs: ""\000\000\000\000\000\000\000\000\000\000\000\000\000\000\000\000\000\000\000\000\000\000\000\000\000\000\000\000\000\000\000\000\000""; requestCookie: 5; queryType: qtINDIRECT; queryDepth: 3; "
1750527538644,1750527538718,1961,1,1,4,TMStatusChange,"newEvent: neCLOSING_LEDGER; ledgerSeq: 7; ledgerHash: ""\326+\03569g\235`}\354\203s\003\217_Vf \233\324\237yU<\242:Zr\321\340\201]""; ledgerHashPrevious: ""\360\215\2502\265\245\310\226\243c\302Ze\306\253#r\020\211\320iG\276\020E\317\035Sf\223F\254""; networkTime: 803842738; firstSeq: 1; lastSeq: 6; ","newEvent: neCLOSING_LEDGER; ledgerSeq: 7; ledgerHash: ""\326+\03569g\235`}\354\203s\003\217_Vf \233\324\237yU<\242:Zr\321\340\201]""; ledgerHashPrevious: ""\360\215\2502\265\245\310\226\243c\302Ze\306\253#r\020\211\320iG\276\020E\317\035Sf\223F\254""; networkTime: 803842738; firstSeq: 1; lastSeq: 6; "
1750527538645,1750527538719,3625,1,1,0,TMStatusChange,"newEvent: neCLOSING_LEDGER; ledgerSeq: 7; ledgerHash: ""\326+\03569g\235`}\354\203s\003\217_Vf \233\324\237yU<\242:Zr\321\340\201]""; ledgerHashPrevious: ""\360\215\2502\265\245\310\226\243c\302Ze\306\253#r\020\211\320iG\276\020E\317\035Sf\223F\254""; networkTime: 803842738; firstSeq: 1; lastSeq: 6; ","newEvent: neCLOSING_LEDGER; ledgerSeq: 7; ledgerHash: ""\326+\03569g\235`}\354\203s\003\217_Vf \233\324\237yU<\242:Zr\321\340\201]""; ledgerHashPrevious: ""\360\215\2502\265\245\310\226\243c\302Ze\306\253#r\020\211\320iG\276\020E\317\035Sf\223F\254""; networkTime: 803842738; firstSeq: 1; lastSeq: 6; "
1750527538645,1750527538720,798,1,1,2,TMStatusChange,"newEvent: neCLOSING_LEDGER; ledgerSeq: 7; ledgerHash: ""\326+\03569g\235`}\354\203s\003\217_Vf \233\324\237yU<\242:Zr\321\340\201]""; ledgerHashPrevious: ""\360\215\2502\265\245\310\226\243c\302Ze\306\253#r\020\211\320iG\276\020E\317\035Sf\223F\254""; networkTime: 803842738; firstSeq: 1; lastSeq: 6; ","newEvent: neCLOSING_LEDGER; ledgerSeq: 7; ledgerHash: ""\326+\03569g\235`}\354\203s\003\217_Vf \233\324\237yU<\242:Zr\321\340\201]""; ledgerHashPrevious: ""\360\215\2502\265\245\310\226\243c\302Ze\306\253#r\020\211\320iG\276\020E\317\035Sf\223F\254""; networkTime: 803842738; firstSeq: 1; lastSeq: 6; "
1750527538644,1750527538719,3322,1,1,3,TMStatusChange,"newEvent: neCLOSING_LEDGER; ledgerSeq: 7; ledgerHash: ""\326+\03569g\235`}\354\203s\003\217_Vf \233\324\237yU<\242:Zr\321\340\201]""; ledgerHashPrevious: ""\360\215\2502\265\245\310\226\243c\302Ze\306\253#r\020\211\320iG\276\020E\317\035Sf\223F\254""; networkTime: 803842738; firstSeq: 1; lastSeq: 6; ","newEvent: neCLOSING_LEDGER; ledgerSeq: 7; ledgerHash: ""\326+\03569g\235`}\354\203s\003\217_Vf \233\324\237yU<\242:Zr\321\340\201]""; ledgerHashPrevious: ""\360\215\2502\265\245\310\226\243c\302Ze\306\253#r\020\211\320iG\276\020E\317\035Sf\223F\254""; networkTime: 803842738; firstSeq: 1; lastSeq: 6; "
1750527538722,1750527538722,2920,1,1,0,TMGetLedger,"itype: liTS_CANDIDATE; ledgerHash: ""3\321\n7\354)\tf\006\357\205B<h\272GQ \344\262\236\025#\003\024&\310\034\352\376\326""; nodeIDs: ""\000\000\000\000\000\000\000\000\000\000\000\000\000\000\000\000\000\000\000\000\000\000\000\000\000\000\000\000\000\000\000\000\000""; requestCookie: 4; queryType: qtINDIRECT; queryDepth: 3; ","itype: liTS_CANDIDATE; ledgerHash: ""3\321\n7\354)\tf\006\357\205B<h\272GQ \344\262\236\025#\003\024&\310\034\352\376\326""; nodeIDs: ""\000\000\000\000\000\000\000\000\000\000\000\000\000\000\000\000\000\000\000\000\000\000\000\000\000\000\000\000\000\000\000\000\000""; requestCookie: 4; queryType: qtINDIRECT; queryDepth: 3; "
1750527538723,1750527538723,860,1,1,0,TMLedgerData,"ledgerHash: ""[\000\302\314\326\214\276@c\240\272\222{\363\314\032\213\311\316\246/\330\302\014>\022\346\234\347\264\270\350""; ledgerSeq: 0; type: liTS_CANDIDATE; nodes {;   nodedata: ""\002i\361\030\371\256\265\036\320\273\013\357<\215/(\215[\231D\357Gd\372\270\316\261\301\342\327\225\241\000GZ\227\022t\201\240u\2324P\027\307M\337'Y\361[IAD\351\374!\232\005\337\376\252\251g\004\003"";   nodeid: ""\000\000\000\000\000\000\000\000\000\000\000\000\000\000\000\000\000\000\000\000\000\000\000\000\000\000\000\000\000\000\000\000\000""; }; ","ledgerHash: ""[\000\302\314\326\214\276@c\240\272\222{\363\314\032\213\311\316\246/\330\302\014>\022\346\234\347\264\270\350""; ledgerSeq: 0; type: liTS_CANDIDATE; nodes {;   nodedata: ""\002i\361\030\371\256\265\036\320\273\013\357<\215/(\215[\231D\357Gd\372\270\316\261\301\342\327\225\241\000GZ\227\022t\201\240u\2324P\027\307M\337'Y\361[IAD\351\374!\232\005\337\376\252\251g\004\003"";   nodeid: ""\000\000\000\000\000\000\000\000\000\000\000\000\000\000\000\000\000\000\000\000\000\000\000\000\000\000\000\000\000\000\000\000\000""; }; "
1750527538725,1750527538725,1150,1,3,4,TMLedgerData,"ledgerHash: ""3\321\n7\354)\tf\006\357\205B<h\272GQ \344\262\236\025#\003\024&\310\034\352\376\326""; ledgerSeq: 0; type: liTS_CANDIDATE; nodes {;   nodedata: ""'\240~~s\033\202\356\320\307\177Nt\203\315\245\305\276b\265\310\271\3319\245:\342=c\267\265\233\002\003"";   nodeid: ""\000\000\000\000\000\000\000\000\000\000\000\000\000\000\000\000\000\000\000\000\000\000\000\000\000\000\000\000\000\000\000\000\000""; }; ","ledgerHash: ""3\321\n7\354)\tf\006\357\205B<h\272GQ \344\262\236\025#\003\024&\310\034\352\376\326""; ledgerSeq: 0; type: liTS_CANDIDATE; nodes {;   nodedata: ""'\240~~s\033\202\356\320\307\177Nt\203\315\245\305\276b\265\310\271\3319\245:\342=c\267\265\233\002\003"";   nodeid: ""\000\000\000\000\000\000\000\000\000\000\000\000\000\000\000\000\000\000\000\000\000\000\000\000\000\000\000\000\000\000\000\000\000""; }; "
1750527538735,1750527538735,1665,1,2,3,TMLedgerData,"ledgerHash: ""[\000\302\314\326\214\276@c\240\272\222{\363\314\032\213\311\316\246/\330\302\014>\022\346\234\347\264\270\350""; ledgerSeq: 0; type: liTS_CANDIDATE; nodes {;   nodedata: ""\002i\361\030\371\256\265\036\320\273\013\357<\215/(\215[\231D\357Gd\372\270\316\261\301\342\327\225\241\000GZ\227\022t\201\240u\2324P\027\307M\337'Y\361[IAD\351\374!\232\005\337\376\252\251g\004\003"";   nodeid: ""\000\000\000\000\000\000\000\000\000\000\000\000\000\000\000\000\000\000\000\000\000\000\000\000\000\000\000\000\000\000\000\000\000""; }; ","ledgerHash: ""[\000\302\314\326\214\276@c\240\272\222{\363\314\032\213\311\316\246/\330\302\014>\022\346\234\347\264\270\350""; ledgerSeq: 0; type: liTS_CANDIDATE; nodes {;   nodedata: ""\002i\361\030\371\256\265\036\320\273\013\357<\215/(\215[\231D\357Gd\372\270\316\261\301\342\327\225\241\000GZ\227\022t\201\240u\2324P\027\307M\337'Y\361[IAD\351\374!\232\005\337\376\252\251g\004\003"";   nodeid: ""\000\000\000\000\000\000\000\000\000\000\000\000\000\000\000\000\000\000\000\000\000\000\000\000\000\000\000\000\000\000\000\000\000""; }; "
1750527538752,1750527538752,1131,1,3,0,TMGetLedger,"itype: liTS_CANDIDATE; ledgerHash: ""\341\310\354\0213\033\013\350\207z\236R(|z&\034\335\266\323\356\205\273DV\210\254\213T\rZ\347""; nodeIDs: ""\000\000\000\000\000\000\000\000\000\000\000\000\000\000\000\000\000\000\000\000\000\000\000\000\000\000\000\000\000\000\000\000\000""; queryType: qtINDIRECT; queryDepth: 3; ","itype: liTS_CANDIDATE; ledgerHash: ""\341\310\354\0213\033\013\350\207z\236R(|z&\034\335\266\323\356\205\273DV\210\254\213T\rZ\347""; nodeIDs: ""\000\000\000\000\000\000\000\000\000\000\000\000\000\000\000\000\000\000\000\000\000\000\000\000\000\000\000\000\000\000\000\000\000""; queryType: qtINDIRECT; queryDepth: 3; "
1750527538754,1750527538754,2079,1,3,1,TMGetLedger,"itype: liTS_CANDIDATE; ledgerHash: ""\341\310\354\0213\033\013\350\207z\236R(|z&\034\335\266\323\356\205\273DV\210\254\213T\rZ\347""; nodeIDs: ""\000\000\000\000\000\000\000\000\000\000\000\000\000\000\000\000\000\000\000\000\000\000\000\000\000\000\000\000\000\000\000\000\000""; queryType: qtINDIRECT; queryDepth: 3; ","itype: liTS_CANDIDATE; ledgerHash: ""\341\310\354\0213\033\013\350\207z\236R(|z&\034\335\266\323\356\205\273DV\210\254\213T\rZ\347""; nodeIDs: ""\000\000\000\000\000\000\000\000\000\000\000\000\000\000\000\000\000\000\000\000\000\000\000\000\000\000\000\000\000\000\000\000\000""; queryType: qtINDIRECT; queryDepth: 3; "
1750527538754,1750527538754,1968,1,1,2,TMLedgerData,"ledgerHash: ""[\000\302\314\326\214\276@c\240\272\222{\363\314\032\213\311\316\246/\330\302\014>\022\346\234\347\264\270\350""; ledgerSeq: 0; type: liTS_CANDIDATE; nodes {;   nodedata: ""\002i\361\030\371\256\265\036\320\273\013\357<\215/(\215[\231D\357Gd\372\270\316\261\301\342\327\225\241\000GZ\227\022t\201\240u\2324P\027\307M\337'Y\361[IAD\351\374!\232\005\337\376\252\251g\004\003"";   nodeid: ""\000\000\000\000\000\000\000\000\000\000\000\000\000\000\000\000\000\000\000\000\000\000\000\000\000\000\000\000\000\000\000\000\000""; }; ","ledgerHash: ""[\000\302\314\326\214\276@c\240\272\222{\363\314\032\213\311\316\246/\330\302\014>\022\346\234\347\264\270\350""; ledgerSeq: 0; type: liTS_CANDIDATE; nodes {;   nodedata: ""\002i\361\030\371\256\265\036\320\273\013\357<\215/(\215[\231D\357Gd\372\270\316\261\301\342\327\225\241\000GZ\227\022t\201\240u\2324P\027\307M\337'Y\361[IAD\351\374!\232\005\337\376\252\251g\004\003"";   nodeid: ""\000\000\000\000\000\000\000\000\000\000\000\000\000\000\000\000\000\000\000\000\000\000\000\000\000\000\000\000\000\000\000\000\000""; }; "
1750527538753,1750527538753,1019,1,3,4,TMGetLedger,"itype: liTS_CANDIDATE; ledgerHash: ""\341\310\354\0213\033\013\350\207z\236R(|z&\034\335\266\323\356\205\273DV\210\254\213T\rZ\347""; nodeIDs: ""\000\000\000\000\000\000\000\000\000\000\000\000\000\000\000\000\000\000\000\000\000\000\000\000\000\000\000\000\000\000\000\000\000""; queryType: qtINDIRECT; queryDepth: 3; ","itype: liTS_CANDIDATE; ledgerHash: ""\341\310\354\0213\033\013\350\207z\236R(|z&\034\335\266\323\356\205\273DV\210\254\213T\rZ\347""; nodeIDs: ""\000\000\000\000\000\000\000\000\000\000\000\000\000\000\000\000\000\000\000\000\000\000\000\000\000\000\000\000\000\000\000\000\000""; queryType: qtINDIRECT; queryDepth: 3; "
1750527538754,1750527538754,2794,1,3,2,TMGetLedger,"itype: liTS_CANDIDATE; ledgerHash: ""\341\310\354\0213\033\013\350\207z\236R(|z&\034\335\266\323\356\205\273DV\210\254\213T\rZ\347""; nodeIDs: ""\000\000\000\000\000\000\000\000\000\000\000\000\000\000\000\000\000\000\000\000\000\000\000\000\000\000\000\000\000\000\000\000\000""; queryType: qtINDIRECT; queryDepth: 3; ","itype: liTS_CANDIDATE; ledgerHash: ""\341\310\354\0213\033\013\350\207z\236R(|z&\034\335\266\323\356\205\273DV\210\254\213T\rZ\347""; nodeIDs: ""\000\000\000\000\000\000\000\000\000\000\000\000\000\000\000\000\000\000\000\000\000\000\000\000\000\000\000\000\000\000\000\000\000""; queryType: qtINDIRECT; queryDepth: 3; "
1750527538763,1750527538763,2523,1,3,2,TMLedgerData,"ledgerHash: ""[\000\302\314\326\214\276@c\240\272\222{\363\314\032\213\311\316\246/\330\302\014>\022\346\234\347\264\270\350""; ledgerSeq: 0; type: liTS_CANDIDATE; nodes {;   nodedata: ""\002i\361\030\371\256\265\036\320\273\013\357<\215/(\215[\231D\357Gd\372\270\316\261\301\342\327\225\241\000GZ\227\022t\201\240u\2324P\027\307M\337'Y\361[IAD\351\374!\232\005\337\376\252\251g\004\003"";   nodeid: ""\000\000\000\000\000\000\000\000\000\000\000\000\000\000\000\000\000\000\000\000\000\000\000\000\000\000\000\000\000\000\000\000\000""; }; requestCookie: 3; ","ledgerHash: ""[\000\302\314\326\214\276@c\240\272\222{\363\314\032\213\311\316\246/\330\302\014>\022\346\234\347\264\270\350""; ledgerSeq: 0; type: liTS_CANDIDATE; nodes {;   nodedata: ""\002i\361\030\371\256\265\036\320\273\013\357<\215/(\215[\231D\357Gd\372\270\316\261\301\342\327\225\241\000GZ\227\022t\201\240u\2324P\027\307M\337'Y\361[IAD\351\374!\232\005\337\376\252\251g\004\003"";   nodeid: ""\000\000\000\000\000\000\000\000\000\000\000\000\000\000\000\000\000\000\000\000\000\000\000\000\000\000\000\000\000\000\000\000\000""; }; requestCookie: 3; "
1750527538773,1750527538773,2101,1,4,1,TMGetLedger,"itype: liTS_CANDIDATE; ledgerHash: ""\341\310\354\0213\033\013\350\207z\236R(|z&\034\335\266\323\356\205\273DV\210\254\213T\rZ\347""; nodeIDs: ""\000\000\000\000\000\000\000\000\000\000\000\000\000\000\000\000\000\000\000\000\000\000\000\000\000\000\000\000\000\000\000\000\000""; requestCookie: 4; queryType: qtINDIRECT; queryDepth: 3; ","itype: liTS_CANDIDATE; ledgerHash: ""\341\310\354\0213\033\013\350\207z\236R(|z&\034\335\266\323\356\205\273DV\210\254\213T\rZ\347""; nodeIDs: ""\000\000\000\000\000\000\000\000\000\000\000\000\000\000\000\000\000\000\000\000\000\000\000\000\000\000\000\000\000\000\000\000\000""; requestCookie: 4; queryType: qtINDIRECT; queryDepth: 3; "
1750527538774,1750527538774,1769,1,2,1,TMLedgerData,"ledgerHash: ""[\000\302\314\326\214\276@c\240\272\222{\363\314\032\213\311\316\246/\330\302\014>\022\346\234\347\264\270\350""; ledgerSeq: 0; type: liTS_CANDIDATE; nodes {;   nodedata: ""\002i\361\030\371\256\265\036\320\273\013\357<\215/(\215[\231D\357Gd\372\270\316\261\301\342\327\225\241\000GZ\227\022t\201\240u\2324P\027\307M\337'Y\361[IAD\351\374!\232\005\337\376\252\251g\004\003"";   nodeid: ""\000\000\000\000\000\000\000\000\000\000\000\000\000\000\000\000\000\000\000\000\000\000\000\000\000\000\000\000\000\000\000\000\000""; }; ","ledgerHash: ""[\000\302\314\326\214\276@c\240\272\222{\363\314\032\213\311\316\246/\330\302\014>\022\346\234\347\264\270\350""; ledgerSeq: 0; type: liTS_CANDIDATE; nodes {;   nodedata: ""\002i\361\030\371\256\265\036\320\273\013\357<\215/(\215[\231D\357Gd\372\270\316\261\301\342\327\225\241\000GZ\227\022t\201\240u\2324P\027\307M\337'Y\361[IAD\351\374!\232\005\337\376\252\251g\004\003"";   nodeid: ""\000\000\000\000\000\000\000\000\000\000\000\000\000\000\000\000\000\000\000\000\000\000\000\000\000\000\000\000\000\000\000\000\000""; }; "
1750527538775,1750527538775,1497,1,0,3,TMLedgerData,"ledgerHash: ""3\321\n7\354)\tf\006\357\205B<h\272GQ \344\262\236\025#\003\024&\310\034\352\376\326""; ledgerSeq: 0; type: liTS_CANDIDATE; nodes {;   nodedata: ""'\240~~s\033\202\356\320\307\177Nt\203\315\245\305\276b\265\310\271\3319\245:\342=c\267\265\233\002\003"";   nodeid: ""\000\000\000\000\000\000\000\000\000\000\000\000\000\000\000\000\000\000\000\000\000\000\000\000\000\000\000\000\000\000\000\000\000""; }; ","ledgerHash: ""3\321\n7\354)\tf\006\357\205B<h\272GQ \344\262\236\025#\003\024&\310\034\352\376\326""; ledgerSeq: 0; type: liTS_CANDIDATE; nodes {;   nodedata: ""'\240~~s\033\202\356\320\307\177Nt\203\315\245\305\276b\265\310\271\3319\245:\342=c\267\265\233\002\003"";   nodeid: ""\000\000\000\000\000\000\000\000\000\000\000\000\000\000\000\000\000\000\000\000\000\000\000\000\000\000\000\000\000\000\000\000\000""; }; "
1750527538791,1750527538791,4000,1,2,3,TMGetLedger,"itype: liTS_CANDIDATE; ledgerHash: ""\341\310\354\0213\033\013\350\207z\236R(|z&\034\335\266\323\356\205\273DV\210\254\213T\rZ\347""; nodeIDs: ""\000\000\000\000\000\000\000\000\000\000\000\000\000\000\000\000\000\000\000\000\000\000\000\000\000\000\000\000\000\000\000\000\000""; queryType: qtINDIRECT; queryDepth: 3; ","itype: liTS_CANDIDATE; ledgerHash: ""\341\310\354\0213\033\013\350\207z\236R(|z&\034\335\266\323\356\205\273DV\210\254\213T\rZ\347""; nodeIDs: ""\000\000\000\000\000\000\000\000\000\000\000\000\000\000\000\000\000\000\000\000\000\000\000\000\000\000\000\000\000\000\000\000\000""; queryType: qtINDIRECT; queryDepth: 3; "
1750527538792,1750527538792,1544,1,2,1,TMGetLedger,"itype: liTS_CANDIDATE; ledgerHash: ""\341\310\354\0213\033\013\350\207z\236R(|z&\034\335\266\323\356\205\273DV\210\254\213T\rZ\347""; nodeIDs: ""\000\000\000\000\000\000\000\000\000\000\000\000\000\000\000\000\000\000\000\000\000\000\000\000\000\000\000\000\000\000\000\000\000""; queryType: qtINDIRECT; queryDepth: 3; ","itype: liTS_CANDIDATE; ledgerHash: ""\341\310\354\0213\033\013\350\207z\236R(|z&\034\335\266\323\356\205\273DV\210\254\213T\rZ\347""; nodeIDs: ""\000\000\000\000\000\000\000\000\000\000\000\000\000\000\000\000\000\000\000\000\000\000\000\000\000\000\000\000\000\000\000\000\000""; queryType: qtINDIRECT; queryDepth: 3; "
1750527538792,1750527538792,589,1,2,0,TMGetLedger,"itype: liTS_CANDIDATE; ledgerHash: ""\341\310\354\0213\033\013\350\207z\236R(|z&\034\335\266\323\356\205\273DV\210\254\213T\rZ\347""; nodeIDs: ""\000\000\000\000\000\000\000\000\000\000\000\000\000\000\000\000\000\000\000\000\000\000\000\000\000\000\000\000\000\000\000\000\000""; queryType: qtINDIRECT; queryDepth: 3; ","itype: liTS_CANDIDATE; ledgerHash: ""\341\310\354\0213\033\013\350\207z\236R(|z&\034\335\266\323\356\205\273DV\210\254\213T\rZ\347""; nodeIDs: ""\000\000\000\000\000\000\000\000\000\000\000\000\000\000\000\000\000\000\000\000\000\000\000\000\000\000\000\000\000\000\000\000\000""; queryType: qtINDIRECT; queryDepth: 3; "
1750527538792,1750527538792,3719,1,2,4,TMGetLedger,"itype: liTS_CANDIDATE; ledgerHash: ""\341\310\354\0213\033\013\350\207z\236R(|z&\034\335\266\323\356\205\273DV\210\254\213T\rZ\347""; nodeIDs: ""\000\000\000\000\000\000\000\000\000\000\000\000\000\000\000\000\000\000\000\000\000\000\000\000\000\000\000\000\000\000\000\000\000""; queryType: qtINDIRECT; queryDepth: 3; ","itype: liTS_CANDIDATE; ledgerHash: ""\341\310\354\0213\033\013\350\207z\236R(|z&\034\335\266\323\356\205\273DV\210\254\213T\rZ\347""; nodeIDs: ""\000\000\000\000\000\000\000\000\000\000\000\000\000\000\000\000\000\000\000\000\000\000\000\000\000\000\000\000\000\000\000\000\000""; queryType: qtINDIRECT; queryDepth: 3; "
1750527538794,1750527538794,1199,1,0,2,TMGetLedger,"itype: liBASE; ledgerHash: ""\033@\177e\277\016\010u\327\371&\262\312\317Q\2361t\377x\234\001v\003%\030\325_\225g\204\346""; ","itype: liBASE; ledgerHash: ""\033@\177e\277\016\010u\327\371&\262\312\317Q\2361t\377x\234\001v\003%\030\325_\225g\204\346""; "
1750527538794,1750527538794,782,1,0,4,TMValidation,"validation: """"\200\000\000\001&\000\000\000\007)/\351\252\261:\r\302\353\023?\373\240rQ\033@\177e\277\016\010u\327\371&\262\312\317Q\2361t\377x\234\001v\003%\030\325_\225g\204\346P\027\363\262\310\025\251\261\276X\247\260J\221\345\357\037\231)|\321K\000\\326E\004\377\005\255""A?\250P\031\360\215\2502\265\245\310\226\243c\302Ze\306\253#r\020\211\320iG\276\020E\317\035Sf\223F\254s!\003R7o\362bV\300hf\266\241;}\200^\374\240\203[:\342Q\225\221\027y\372\255\235\216\323~vF0D\002 qW\215\342\275\252\365\353\337\202\362\260\t\310\274\365*\220s\320\366#\026\005r#\356\244S\034\256\000\002 t~4\206`\0268\277@T6:\365\rE'\372\202\247\215'.BTr\250\354\367\247\037\016%""; ","validation: """"\200\000\000\001&\000\000\000\007)/\351\252\261:\r\302\353\023?\373\240rQ\033@\177e\277\016\010u\327\371&\262\312\317Q\2361t\377x\234\001v\003%\030\325_\225g\204\346P\027\363\262\310\025\251\261\276X\247\260J\221\345\357\037\231)|\321K\000\\326E\004\377\005\255""A?\250P\031\360\215\2502\265\245\310\226\243c\302Ze\306\253#r\020\211\320iG\276\020E\317\035Sf\223F\254s!\003R7o\362bV\300hf\266\241;}\200^\374\240\203[:\342Q\225\221\027y\372\255\235\216\323~vF0D\002 qW\215\342\275\252\365\353\337\202\362\260\t\310\274\365*\220s\320\366#\026\005r#\356\244S\034\256\000\002 t~4\206`\0268\277@T6:\365\rE'\372\202\247\215'.BTr\250\354\367\247\037\016%""; "
1750527538794,1750527538794,2261,1,0,1,TMValidation,"validation: """"\200\000\000\001&\000\000\000\007)/\351\252\261:\r\302\353\023?\373\240rQ\033@\177e\277\016\010u\327\371&\262\312\317Q\2361t\377x\234\001v\003%\030\325_\225g\204\346P\027\363\262\310\025\251\261\276X\247\260J\221\345\357\037\231)|\321K\000\\326E\004\377\005\255""A?\250P\031\360\215\2502\265\245\310\226\243c\302Ze\306\253#r\020\211\320iG\276\020E\317\035Sf\223F\254s!\003R7o\362bV\300hf\266\241;}\200^\374\240\203[:\342Q\225\221\027y\372\255\235\216\323~vF0D\002 qW\215\342\275\252\365\353\337\202\362\260\t\310\274\365*\220s\320\366#\026\005r#\356\244S\034\256\000\002 t~4\206`\0268\277@T6:\365\rE'\372\202\247\215'.BTr\250\354\367\247\037\016%""; ","validation: """"\200\000\000\001&\000\000\000\007)/\351\252\261:\r\302\353\023?\373\240rQ\033@\177e\277\016\010u\327\371&\262\312\317Q\2361t\377x\234\001v\003%\030\325_\225g\204\346P\027\363\262\310\025\251\261\276X\247\260J\221\345\357\037\231)|\321K\000\\326E\004\377\005\255""A?\250P\031\360\215\2502\265\245\310\226\243c\302Ze\306\253#r\020\211\320iG\276\020E\317\035Sf\223F\254s!\003R7o\362bV\300hf\266\241;}\200^\374\240\203[:\342Q\225\221\027y\372\255\235\216\323~vF0D\002 qW\215\342\275\252\365\353\337\202\362\260\t\310\274\365*\220s\320\366#\026\005r#\356\244S\034\256\000\002 t~4\206`\0268\277@T6:\365\rE'\372\202\247\215'.BTr\250\354\367\247\037\016%""; "
1750527538795,1750527538795,380,1,0,4,TMGetLedger,"itype: liBASE; ledgerHash: ""\033@\177e\277\016\010u\327\371&\262\312\317Q\2361t\377x\234\001v\003%\030\325_\225g\204\346""; queryType: qtINDIRECT; ","itype: liBASE; ledgerHash: ""\033@\177e\277\016\010u\327\371&\262\312\317Q\2361t\377x\234\001v\003%\030\325_\225g\204\346""; queryType: qtINDIRECT; "
1750527538795,1750527538795,380,1,0,4,TMGetLedger,"itype: liBASE; ledgerHash: ""\033@\177e\277\016\010u\327\371&\262\312\317Q\2361t\377x\234\001v\003%\030\325_\225g\204\346""; ","itype: liBASE; ledgerHash: ""\033@\177e\277\016\010u\327\371&\262\312\317Q\2361t\377x\234\001v\003%\030\325_\225g\204\346""; "
1750527538811,1750527538811,1932,1,4,0,TMGetLedger,"itype: liBASE; ledgerHash: ""\276\230H\305\2714\032l\253n6W\035\354\257.f\r\217\302\203\224\212L\020\S\370\243OP*""; ","itype: liBASE; ledgerHash: ""\276\230H\305\2714\032l\253n6W\035\354\257.f\r\217\302\203\224\212L\020\S\370\243OP*""; "
1750527538811,1750527538811,2309,1,4,2,TMGetLedger,"itype: liBASE; ledgerHash: ""\276\230H\305\2714\032l\253n6W\035\354\257.f\r\217\302\203\224\212L\020\S\370\243OP*""; ","itype: liBASE; ledgerHash: ""\276\230H\305\2714\032l\253n6W\035\354\257.f\r\217\302\203\224\212L\020\S\370\243OP*""; "
1750527538812,1750527538812,559,1,4,3,TMGetLedger,"itype: liBASE; ledgerHash: ""\276\230H\305\2714\032l\253n6W\035\354\257.f\r\217\302\203\224\212L\020\S\370\243OP*""; ","itype: liBASE; ledgerHash: ""\276\230H\305\2714\032l\253n6W\035\354\257.f\r\217\302\203\224\212L\020\S\370\243OP*""; "
1750527538812,1750527538812,1932,1,4,0,TMGetLedger,"itype: liBASE; ledgerHash: ""\276\230H\305\2714\032l\253n6W\035\354\257.f\r\217\302\203\224\212L\020\S\370\243OP*""; queryType: qtINDIRECT; ","itype: liBASE; ledgerHash: ""\276\230H\305\2714\032l\253n6W\035\354\257.f\r\217\302\203\224\212L\020\S\370\243OP*""; queryType: qtINDIRECT; "
1750527538812,1750527538813,2101,1,4,1,TMGetLedger,"itype: liBASE; ledgerHash: ""\276\230H\305\2714\032l\253n6W\035\354\257.f\r\217\302\203\224\212L\020\S\370\243OP*""; ","itype: liBASE; ledgerHash: ""\276\230H\305\2714\032l\253n6W\035\354\257.f\r\217\302\203\224\212L\020\S\370\243OP*""; "
1750527538813,1750527538813,3803,1,4,1,TMValidation,"validation: """"\200\000\000\001&\000\000\000\007)/\351\252\261:g\237X\336\3531\020\010Q\276\230H\305\2714\032l\253n6W\035\354\257.f\r\217\302\203\224\212L\020\S\370\243OP*P\027\000\000\000\000\000\000\000\000\000\000\000\000\000\000\000\000\000\000\000\000\000\000\000\000\000\000\000\000\000\000\000\000P\031\360\215\2502\265\245\310\226\243c\302Ze\306\253#r\020\211\320iG\276\020E\317\035Sf\223F\254s!\003\255\225A\213\332\224ehh\024BDq\224\250\335`\355\353{\357\266\335<\021\032\265\177\206\356&\215vF0D\002 [\236*\377\3412\351\334\022IF\303\262\255\023~'\3069\250\325m\324\l\033&\252(\2349\034\002 T\345\034\t\330\017\264\342-rd@\340ZA\255\321\007\324\335j\342;\270\342\347\341\306P\327Ge""; ","validation: """"\200\000\000\001&\000\000\000\007)/\351\252\261:g\237X\336\3531\020\010Q\276\230H\305\2714\032l\253n6W\035\354\257.f\r\217\302\203\224\212L\020\S\370\243OP*P\027\000\000\000\000\000\000\000\000\000\000\000\000\000\000\000\000\000\000\000\000\000\000\000\000\000\000\000\000\000\000\000\000P\031\360\215\2502\265\245\310\226\243c\302Ze\306\253#r\020\211\320iG\276\020E\317\035Sf\223F\254s!\003\255\225A\213\332\224ehh\024BDq\224\250\335`\355\353{\357\266\335<\021\032\265\177\206\356&\215vF0D\002 [\236*\377\3412\351\334\022IF\303\262\255\023~'\3069\250\325m\324\l\033&\252(\2349\034\002 T\345\034\t\330\017\264\342-rd@\340ZA\255\321\007\324\335j\342;\270\342\347\341\306P\327Ge""; "
1750527538813,1750527538813,559,1,4,3,TMGetLedger,"itype: liBASE; ledgerHash: ""\276\230H\305\2714\032l\253n6W\035\354\257.f\r\217\302\203\224\212L\020\S\370\243OP*""; queryType: qtINDIRECT; ","itype: liBASE; ledgerHash: ""\276\230H\305\2714\032l\253n6W\035\354\257.f\r\217\302\203\224\212L\020\S\370\243OP*""; queryType: qtINDIRECT; "
1750527538814,1750527538814,2309,1,4,2,TMGetLedger,"itype: liBASE; ledgerHash: ""\276\230H\305\2714\032l\253n6W\035\354\257.f\r\217\302\203\224\212L\020\S\370\243OP*""; queryType: qtINDIRECT; ","itype: liBASE; ledgerHash: ""\276\230H\305\2714\032l\253n6W\035\354\257.f\r\217\302\203\224\212L\020\S\370\243OP*""; queryType: qtINDIRECT; "
1750527538814,1750527538814,2101,1,4,1,TMGetLedger,"itype: liBASE; ledgerHash: ""\276\230H\305\2714\032l\253n6W\035\354\257.f\r\217\302\203\224\212L\020\S\370\243OP*""; queryType: qtINDIRECT; ","itype: liBASE; ledgerHash: ""\276\230H\305\2714\032l\253n6W\035\354\257.f\r\217\302\203\224\212L\020\S\370\243OP*""; queryType: qtINDIRECT; "
1750527538814,1750527538815,783,1,4,2,TMValidation,"validation: """"\200\000\000\001&\000\000\000\007)/\351\252\261:g\237X\336\3531\020\010Q\276\230H\305\2714\032l\253n6W\035\354\257.f\r\217\302\203\224\212L\020\S\370\243OP*P\027\000\000\000\000\000\000\000\000\000\000\000\000\000\000\000\000\000\000\000\000\000\000\000\000\000\000\000\000\000\000\000\000P\031\360\215\2502\265\245\310\226\243c\302Ze\306\253#r\020\211\320iG\276\020E\317\035Sf\223F\254s!\003\255\225A\213\332\224ehh\024BDq\224\250\335`\355\353{\357\266\335<\021\032\265\177\206\356&\215vF0D\002 [\236*\377\3412\351\334\022IF\303\262\255\023~'\3069\250\325m\324\l\033&\252(\2349\034\002 T\345\034\t\330\017\264\342-rd@\340ZA\255\321\007\324\335j\342;\270\342\347\341\306P\327Ge""; ","validation: """"\200\000\000\001&\000\000\000\007)/\351\252\261:g\237X\336\3531\020\010Q\276\230H\305\2714\032l\253n6W\035\354\257.f\r\217\302\203\224\212L\020\S\370\243OP*P\027\000\000\000\000\000\000\000\000\000\000\000\000\000\000\000\000\000\000\000\000\000\000\000\000\000\000\000\000\000\000\000\000P\031\360\215\2502\265\245\310\226\243c\302Ze\306\253#r\020\211\320iG\276\020E\317\035Sf\223F\254s!\003\255\225A\213\332\224ehh\024BDq\224\250\335`\355\353{\357\266\335<\021\032\265\177\206\356&\215vF0D\002 [\236*\377\3412\351\334\022IF\303\262\255\023~'\3069\250\325m\324\l\033&\252(\2349\034\002 T\345\034\t\330\017\264\342-rd@\340ZA\255\321\007\324\335j\342;\270\342\347\341\306P\327Ge""; "
1750527538815,1750527538815,3422,1,0,3,TMValidation,"validation: """"\200\000\000\001&\000\000\000\007)/\351\252\261:\r\302\353\023?\373\240rQ\033@\177e\277\016\010u\327\371&\262\312\317Q\2361t\377x\234\001v\003%\030\325_\225g\204\346P\027\363\262\310\025\251\261\276X\247\260J\221\345\357\037\231)|\321K\000\\326E\004\377\005\255""A?\250P\031\360\215\2502\265\245\310\226\243c\302Ze\306\253#r\020\211\320iG\276\020E\317\035Sf\223F\254s!\003R7o\362bV\300hf\266\241;}\200^\374\240\203[:\342Q\225\221\027y\372\255\235\216\323~vF0D\002 qW\215\342\275\252\365\353\337\202\362\260\t\310\274\365*\220s\320\366#\026\005r#\356\244S\034\256\000\002 t~4\206`\0268\277@T6:\365\rE'\372\202\247\215'.BTr\250\354\367\247\037\016%""; ","validation: """"\200\000\000\001&\000\000\000\007)/\351\252\261:\r\302\353\023?\373\240rQ\033@\177e\277\016\010u\327\371&\262\312\317Q\2361t\377x\234\001v\003%\030\325_\225g\204\346P\027\363\262\310\025\251\261\276X\247\260J\221\345\357\037\231)|\321K\000\\326E\004\377\005\255""A?\250P\031\360\215\2502\265\245\310\226\243c\302Ze\306\253#r\020\211\320iG\276\020E\317\035Sf\223F\254s!\003R7o\362bV\300hf\266\241;}\200^\374\240\203[:\342Q\225\221\027y\372\255\235\216\323~vF0D\002 qW\215\342\275\252\365\353\337\202\362\260\t\310\274\365*\220s\320\366#\026\005r#\356\244S\034\256\000\002 t~4\206`\0268\277@T6:\365\rE'\372\202\247\215'.BTr\250\354\367\247\037\016%""; "
1750527538815,1750527538815,3094,1,0,3,TMGetLedger,"itype: liBASE; ledgerHash: ""\033@\177e\277\016\010u\327\371&\262\312\317Q\2361t\377x\234\001v\003%\030\325_\225g\204\346""; queryType: qtINDIRECT; ","itype: liBASE; ledgerHash: ""\033@\177e\277\016\010u\327\371&\262\312\317Q\2361t\377x\234\001v\003%\030\325_\225g\204\346""; queryType: qtINDIRECT; "
1750527538816,1750527538816,3094,1,0,3,TMGetLedger,"itype: liBASE; ledgerHash: ""\033@\177e\277\016\010u\327\371&\262\312\317Q\2361t\377x\234\001v\003%\030\325_\225g\204\346""; ","itype: liBASE; ledgerHash: ""\033@\177e\277\016\010u\327\371&\262\312\317Q\2361t\377x\234\001v\003%\030\325_\225g\204\346""; "
1750527538834,1750527538834,3375,1,0,1,TMGetLedger,"itype: liBASE; ledgerHash: ""\033@\177e\277\016\010u\327\371&\262\312\317Q\2361t\377x\234\001v\003%\030\325_\225g\204\346""; queryType: qtINDIRECT; ","itype: liBASE; ledgerHash: ""\033@\177e\277\016\010u\327\371&\262\312\317Q\2361t\377x\234\001v\003%\030\325_\225g\204\346""; queryType: qtINDIRECT; "
1750527538835,1750527538835,1199,1,0,2,TMGetLedger,"itype: liBASE; ledgerHash: ""\033@\177e\277\016\010u\327\371&\262\312\317Q\2361t\377x\234\001v\003%\030\325_\225g\204\346""; queryType: qtINDIRECT; ","itype: liBASE; ledgerHash: ""\033@\177e\277\016\010u\327\371&\262\312\317Q\2361t\377x\234\001v\003%\030\325_\225g\204\346""; queryType: qtINDIRECT; "
1750527538835,1750527538835,1968,1,1,2,TMLedgerData,"ledgerHash: ""\341\310\354\0213\033\013\350\207z\236R(|z&\034\335\266\323\356\205\273DV\210\254\213T\rZ\347""; ledgerSeq: 0; type: liTS_CANDIDATE; nodes {;   nodedata: ""\256\322m\2146\221\305\341\316\031h?\276\005\207\253\236\tL;\371W\315\233X\345O\203\332\240\005\360\n\003"";   nodeid: ""\000\000\000\000\000\000\000\000\000\000\000\000\000\000\000\000\000\000\000\000\000\000\000\000\000\000\000\000\000\000\000\000\000""; }; ","ledgerHash: ""\341\310\354\0213\033\013\350\207z\236R(|z&\034\335\266\323\356\205\273DV\210\254\213T\rZ\347""; ledgerSeq: 0; type: liTS_CANDIDATE; nodes {;   nodedata: ""\256\322m\2146\221\305\341\316\031h?\276\005\207\253\236\tL;\371W\315\233X\345O\203\332\240\005\360\n\003"";   nodeid: ""\000\000\000\000\000\000\000\000\000\000\000\000\000\000\000\000\000\000\000\000\000\000\000\000\000\000\000\000\000\000\000\000\000""; }; "
1750527538834,1750527538834,3375,1,0,1,TMGetLedger,"itype: liBASE; ledgerHash: ""\033@\177e\277\016\010u\327\371&\262\312\317Q\2361t\377x\234\001v\003%\030\325_\225g\204\346""; ","itype: liBASE; ledgerHash: ""\033@\177e\277\016\010u\327\371&\262\312\317Q\2361t\377x\234\001v\003%\030\325_\225g\204\346""; "
1750527538843,1750527538843,612,1,2,0,TMLedgerData,"ledgerHash: ""[\000\302\314\326\214\276@c\240\272\222{\363\314\032\213\311\316\246/\330\302\014>\022\346\234\347\264\270\350""; ledgerSeq: 0; type: liTS_CANDIDATE; nodes {;   nodedata: ""\002i\361\030\371\256\265\036\320\273\013\357<\215/(\215[\231D\357Gd\372\270\316\261\301\342\327\225\241\000GZ\227\022t\201\240u\2324P\027\307M\337'Y\361[IAD\351\374!\232\005\337\376\252\251g\004\003"";   nodeid: ""\000\000\000\000\000\000\000\000\000\000\000\000\000\000\000\000\000\000\000\000\000\000\000\000\000\000\000\000\000\000\000\000\000""; }; ","ledgerHash: ""[\000\302\314\326\214\276@c\240\272\222{\363\314\032\213\311\316\246/\330\302\014>\022\346\234\347\264\270\350""; ledgerSeq: 0; type: liTS_CANDIDATE; nodes {;   nodedata: ""\002i\361\030\371\256\265\036\320\273\013\357<\215/(\215[\231D\357Gd\372\270\316\261\301\342\327\225\241\000GZ\227\022t\201\240u\2324P\027\307M\337'Y\361[IAD\351\374!\232\005\337\376\252\251g\004\003"";   nodeid: ""\000\000\000\000\000\000\000\000\000\000\000\000\000\000\000\000\000\000\000\000\000\000\000\000\000\000\000\000\000\000\000\000\000""; }; "
1750527538846,1750527538846,1996,1,0,4,TMLedgerData,"ledgerHash: ""3\321\n7\354)\tf\006\357\205B<h\272GQ \344\262\236\025#\003\024&\310\034\352\376\326""; ledgerSeq: 0; type: liTS_CANDIDATE; nodes {;   nodedata: ""'\240~~s\033\202\356\320\307\177Nt\203\315\245\305\276b\265\310\271\3319\245:\342=c\267\265\233\002\003"";   nodeid: ""\000\000\000\000\000\000\000\000\000\000\000\000\000\000\000\000\000\000\000\000\000\000\000\000\000\000\000\000\000\000\000\000\000""; }; ","ledgerHash: ""3\321\n7\354)\tf\006\357\205B<h\272GQ \344\262\236\025#\003\024&\310\034\352\376\326""; ledgerSeq: 0; type: liTS_CANDIDATE; nodes {;   nodedata: ""'\240~~s\033\202\356\320\307\177Nt\203\315\245\305\276b\265\310\271\3319\245:\342=c\267\265\233\002\003"";   nodeid: ""\000\000\000\000\000\000\000\000\000\000\000\000\000\000\000\000\000\000\000\000\000\000\000\000\000\000\000\000\000\000\000\000\000""; }; "
1750527538854,1750527538854,3620,1,4,3,TMValidation,"validation: """"\200\000\000\001&\000\000\000\007)/\351\252\261:g\237X\336\3531\020\010Q\276\230H\305\2714\032l\253n6W\035\354\257.f\r\217\302\203\224\212L\020\S\370\243OP*P\027\000\000\000\000\000\000\000\000\000\000\000\000\000\000\000\000\000\000\000\000\000\000\000\000\000\000\000\000\000\000\000\000P\031\360\215\2502\265\245\310\226\243c\302Ze\306\253#r\020\211\320iG\276\020E\317\035Sf\223F\254s!\003\255\225A\213\332\224ehh\024BDq\224\250\335`\355\353{\357\266\335<\021\032\265\177\206\356&\215vF0D\002 [\236*\377\3412\351\334\022IF\303\262\255\023~'\3069\250\325m\324\l\033&\252(\2349\034\002 T\345\034\t\330\017\264\342-rd@\340ZA\255\321\007\324\335j\342;\270\342\347\341\306P\327Ge""; ","validation: """"\200\000\000\001&\000\000\000\007)/\351\252\261:g\237X\336\3531\020\010Q\276\230H\305\2714\032l\253n6W\035\354\257.f\r\217\302\203\224\212L\020\S\370\243OP*P\027\000\000\000\000\000\000\000\000\000\000\000\000\000\000\000\000\000\000\000\000\000\000\000\000\000\000\000\000\000\000\000\000P\031\360\215\2502\265\245\310\226\243c\302Ze\306\253#r\020\211\320iG\276\020E\317\035Sf\223F\254s!\003\255\225A\213\332\224ehh\024BDq\224\250\335`\355\353{\357\266\335<\021\032\265\177\206\356&\215vF0D\002 [\236*\377\3412\351\334\022IF\303\262\255\023~'\3069\250\325m\324\l\033&\252(\2349\034\002 T\345\034\t\330\017\264\342-rd@\340ZA\255\321\007\324\335j\342;\270\342\347\341\306P\327Ge""; "
1750527538855,1750527538855,612,1,2,0,TMLedgerData,"ledgerHash: ""[\000\302\314\326\214\276@c\240\272\222{\363\314\032\213\311\316\246/\330\302\014>\022\346\234\347\264\270\350""; ledgerSeq: 0; type: liTS_CANDIDATE; nodes {;   nodedata: ""\002i\361\030\371\256\265\036\320\273\013\357<\215/(\215[\231D\357Gd\372\270\316\261\301\342\327\225\241\000GZ\227\022t\201\240u\2324P\027\307M\337'Y\361[IAD\351\374!\232\005\337\376\252\251g\004\003"";   nodeid: ""\000\000\000\000\000\000\000\000\000\000\000\000\000\000\000\000\000\000\000\000\000\000\000\000\000\000\000\000\000\000\000\000\000""; }; ","ledgerHash: ""[\000\302\314\326\214\276@c\240\272\222{\363\314\032\213\311\316\246/\330\302\014>\022\346\234\347\264\270\350""; ledgerSeq: 0; type: liTS_CANDIDATE; nodes {;   nodedata: ""\002i\361\030\371\256\265\036\320\273\013\357<\215/(\215[\231D\357Gd\372\270\316\261\301\342\327\225\241\000GZ\227\022t\201\240u\2324P\027\307M\337'Y\361[IAD\351\374!\232\005\337\376\252\251g\004\003"";   nodeid: ""\000\000\000\000\000\000\000\000\000\000\000\000\000\000\000\000\000\000\000\000\000\000\000\000\000\000\000\000\000\000\000\000\000""; }; "
1750527538862,1750527538863,380,1,0,4,TMGetLedger,"itype: liTS_CANDIDATE; ledgerHash: ""\363\262\310\025\251\261\276X\247\260J\221\345\357\037\231)|\321K\000\\326E\004\377\005\255""A?\250""; nodeIDs: ""\000\000\000\000\000\000\000\000\000\000\000\000\000\000\000\000\000\000\000\000\000\000\000\000\000\000\000\000\000\000\000\000\000""; queryType: qtINDIRECT; queryDepth: 3; ","itype: liTS_CANDIDATE; ledgerHash: ""\363\262\310\025\251\261\276X\247\260J\221\345\357\037\231)|\321K\000\\326E\004\377\005\255""A?\250""; nodeIDs: ""\000\000\000\000\000\000\000\000\000\000\000\000\000\000\000\000\000\000\000\000\000\000\000\000\000\000\000\000\000\000\000\000\000""; queryType: qtINDIRECT; queryDepth: 3; "
1750527538863,1750527538863,1199,1,0,2,TMGetLedger,"itype: liTS_CANDIDATE; ledgerHash: ""\363\262\310\025\251\261\276X\247\260J\221\345\357\037\231)|\321K\000\\326E\004\377\005\255""A?\250""; nodeIDs: ""\000\000\000\000\000\000\000\000\000\000\000\000\000\000\000\000\000\000\000\000\000\000\000\000\000\000\000\000\000\000\000\000\000""; queryType: qtINDIRECT; queryDepth: 3; ","itype: liTS_CANDIDATE; ledgerHash: ""\363\262\310\025\251\261\276X\247\260J\221\345\357\037\231)|\321K\000\\326E\004\377\005\255""A?\250""; nodeIDs: ""\000\000\000\000\000\000\000\000\000\000\000\000\000\000\000\000\000\000\000\000\000\000\000\000\000\000\000\000\000\000\000\000\000""; queryType: qtINDIRECT; queryDepth: 3; "
1750527538863,1750527538863,3375,1,0,1,TMGetLedger,"itype: liTS_CANDIDATE; ledgerHash: ""\363\262\310\025\251\261\276X\247\260J\221\345\357\037\231)|\321K\000\\326E\004\377\005\255""A?\250""; nodeIDs: ""\000\000\000\000\000\000\000\000\000\000\000\000\000\000\000\000\000\000\000\000\000\000\000\000\000\000\000\000\000\000\000\000\000""; queryType: qtINDIRECT; queryDepth: 3; ","itype: liTS_CANDIDATE; ledgerHash: ""\363\262\310\025\251\261\276X\247\260J\221\345\357\037\231)|\321K\000\\326E\004\377\005\255""A?\250""; nodeIDs: ""\000\000\000\000\000\000\000\000\000\000\000\000\000\000\000\000\000\000\000\000\000\000\000\000\000\000\000\000\000\000\000\000\000""; queryType: qtINDIRECT; queryDepth: 3; "
1750527538863,1750527538863,3094,1,0,3,TMGetLedger,"itype: liTS_CANDIDATE; ledgerHash: ""\363\262\310\025\251\261\276X\247\260J\221\345\357\037\231)|\321K\000\\326E\004\377\005\255""A?\250""; nodeIDs: ""\000\000\000\000\000\000\000\000\000\000\000\000\000\000\000\000\000\000\000\000\000\000\000\000\000\000\000\000\000\000\000\000\000""; queryType: qtINDIRECT; queryDepth: 3; ","itype: liTS_CANDIDATE; ledgerHash: ""\363\262\310\025\251\261\276X\247\260J\221\345\357\037\231)|\321K\000\\326E\004\377\005\255""A?\250""; nodeIDs: ""\000\000\000\000\000\000\000\000\000\000\000\000\000\000\000\000\000\000\000\000\000\000\000\000\000\000\000\000\000\000\000\000\000""; queryType: qtINDIRECT; queryDepth: 3; "
1750527538879,1750527538879,1932,1,4,0,TMGetLedger,"itype: liTS_CANDIDATE; ledgerHash: ""\341\310\354\0213\033\013\350\207z\236R(|z&\034\335\266\323\356\205\273DV\210\254\213T\rZ\347""; nodeIDs: ""\000\000\000\000\000\000\000\000\000\000\000\000\000\000\000\000\000\000\000\000\000\000\000\000\000\000\000\000\000\000\000\000\000""; queryType: qtINDIRECT; queryDepth: 3; ","itype: liTS_CANDIDATE; ledgerHash: ""\341\310\354\0213\033\013\350\207z\236R(|z&\034\335\266\323\356\205\273DV\210\254\213T\rZ\347""; nodeIDs: ""\000\000\000\000\000\000\000\000\000\000\000\000\000\000\000\000\000\000\000\000\000\000\000\000\000\000\000\000\000\000\000\000\000""; queryType: qtINDIRECT; queryDepth: 3; "
1750527538880,1750527538880,2309,1,4,2,TMGetLedger,"itype: liTS_CANDIDATE; ledgerHash: ""\341\310\354\0213\033\013\350\207z\236R(|z&\034\335\266\323\356\205\273DV\210\254\213T\rZ\347""; nodeIDs: ""\000\000\000\000\000\000\000\000\000\000\000\000\000\000\000\000\000\000\000\000\000\000\000\000\000\000\000\000\000\000\000\000\000""; queryType: qtINDIRECT; queryDepth: 3; ","itype: liTS_CANDIDATE; ledgerHash: ""\341\310\354\0213\033\013\350\207z\236R(|z&\034\335\266\323\356\205\273DV\210\254\213T\rZ\347""; nodeIDs: ""\000\000\000\000\000\000\000\000\000\000\000\000\000\000\000\000\000\000\000\000\000\000\000\000\000\000\000\000\000\000\000\000\000""; queryType: qtINDIRECT; queryDepth: 3; "
1750527538879,1750527538879,559,1,4,3,TMGetLedger,"itype: liTS_CANDIDATE; ledgerHash: ""\341\310\354\0213\033\013\350\207z\236R(|z&\034\335\266\323\356\205\273DV\210\254\213T\rZ\347""; nodeIDs: ""\000\000\000\000\000\000\000\000\000\000\000\000\000\000\000\000\000\000\000\000\000\000\000\000\000\000\000\000\000\000\000\000\000""; queryType: qtINDIRECT; queryDepth: 3; ","itype: liTS_CANDIDATE; ledgerHash: ""\341\310\354\0213\033\013\350\207z\236R(|z&\034\335\266\323\356\205\273DV\210\254\213T\rZ\347""; nodeIDs: ""\000\000\000\000\000\000\000\000\000\000\000\000\000\000\000\000\000\000\000\000\000\000\000\000\000\000\000\000\000\000\000\000\000""; queryType: qtINDIRECT; queryDepth: 3; "
1750527538879,1750527538879,2101,1,4,1,TMGetLedger,"itype: liTS_CANDIDATE; ledgerHash: ""\341\310\354\0213\033\013\350\207z\236R(|z&\034\335\266\323\356\205\273DV\210\254\213T\rZ\347""; nodeIDs: ""\000\000\000\000\000\000\000\000\000\000\000\000\000\000\000\000\000\000\000\000\000\000\000\000\000\000\000\000\000\000\000\000\000""; queryType: qtINDIRECT; queryDepth: 3; ","itype: liTS_CANDIDATE; ledgerHash: ""\341\310\354\0213\033\013\350\207z\236R(|z&\034\335\266\323\356\205\273DV\210\254\213T\rZ\347""; nodeIDs: ""\000\000\000\000\000\000\000\000\000\000\000\000\000\000\000\000\000\000\000\000\000\000\000\000\000\000\000\000\000\000\000\000\000""; queryType: qtINDIRECT; queryDepth: 3; "
1750527538881,1750527538881,3375,1,0,1,TMGetLedger,"itype: liTS_CANDIDATE; ledgerHash: ""\341\310\354\0213\033\013\350\207z\236R(|z&\034\335\266\323\356\205\273DV\210\254\213T\rZ\347""; nodeIDs: ""\000\000\000\000\000\000\000\000\000\000\000\000\000\000\000\000\000\000\000\000\000\000\000\000\000\000\000\000\000\000\000\000\000""; requestCookie: 3; queryType: qtINDIRECT; queryDepth: 3; ","itype: liTS_CANDIDATE; ledgerHash: ""\341\310\354\0213\033\013\350\207z\236R(|z&\034\335\266\323\356\205\273DV\210\254\213T\rZ\347""; nodeIDs: ""\000\000\000\000\000\000\000\000\000\000\000\000\000\000\000\000\000\000\000\000\000\000\000\000\000\000\000\000\000\000\000\000\000""; requestCookie: 3; queryType: qtINDIRECT; queryDepth: 3; "
1750527538885,1750527538885,3375,1,0,1,TMGetLedger,"itype: liTS_CANDIDATE; ledgerHash: ""\341\310\354\0213\033\013\350\207z\236R(|z&\034\335\266\323\356\205\273DV\210\254\213T\rZ\347""; nodeIDs: ""\000\000\000\000\000\000\000\000\000\000\000\000\000\000\000\000\000\000\000\000\000\000\000\000\000\000\000\000\000\000\000\000\000""; requestCookie: 4; queryType: qtINDIRECT; queryDepth: 3; ","itype: liTS_CANDIDATE; ledgerHash: ""\341\310\354\0213\033\013\350\207z\236R(|z&\034\335\266\323\356\205\273DV\210\254\213T\rZ\347""; nodeIDs: ""\000\000\000\000\000\000\000\000\000\000\000\000\000\000\000\000\000\000\000\000\000\000\000\000\000\000\000\000\000\000\000\000\000""; requestCookie: 4; queryType: qtINDIRECT; queryDepth: 3; "
1750527538887,1750527538887,3375,1,0,1,TMGetLedger,"itype: liTS_CANDIDATE; ledgerHash: ""\341\310\354\0213\033\013\350\207z\236R(|z&\034\335\266\323\356\205\273DV\210\254\213T\rZ\347""; nodeIDs: ""\000\000\000\000\000\000\000\000\000\000\000\000\000\000\000\000\000\000\000\000\000\000\000\000\000\000\000\000\000\000\000\000\000""; queryType: qtINDIRECT; queryDepth: 3; ","itype: liTS_CANDIDATE; ledgerHash: ""\341\310\354\0213\033\013\350\207z\236R(|z&\034\335\266\323\356\205\273DV\210\254\213T\rZ\347""; nodeIDs: ""\000\000\000\000\000\000\000\000\000\000\000\000\000\000\000\000\000\000\000\000\000\000\000\000\000\000\000\000\000\000\000\000\000""; queryType: qtINDIRECT; queryDepth: 3; "
1750527538911,1750527538911,1932,1,4,0,TMGetLedger,"itype: liTS_CANDIDATE; ledgerHash: ""3\321\n7\354)\tf\006\357\205B<h\272GQ \344\262\236\025#\003\024&\310\034\352\376\326""; nodeIDs: ""\000\000\000\000\000\000\000\000\000\000\000\000\000\000\000\000\000\000\000\000\000\000\000\000\000\000\000\000\000\000\000\000\000""; requestCookie: 4; queryType: qtINDIRECT; queryDepth: 3; ","itype: liTS_CANDIDATE; ledgerHash: ""3\321\n7\354)\tf\006\357\205B<h\272GQ \344\262\236\025#\003\024&\310\034\352\376\326""; nodeIDs: ""\000\000\000\000\000\000\000\000\000\000\000\000\000\000\000\000\000\000\000\000\000\000\000\000\000\000\000\000\000\000\000\000\000""; requestCookie: 4; queryType: qtINDIRECT; queryDepth: 3; "
1750527538914,1750527538914,1932,1,4,0,TMGetLedger,"itype: liTS_CANDIDATE; ledgerHash: ""3\321\n7\354)\tf\006\357\205B<h\272GQ \344\262\236\025#\003\024&\310\034\352\376\326""; nodeIDs: ""\000\000\000\000\000\000\000\000\000\000\000\000\000\000\000\000\000\000\000\000\000\000\000\000\000\000\000\000\000\000\000\000\000""; queryType: qtINDIRECT; queryDepth: 3; ","itype: liTS_CANDIDATE; ledgerHash: ""3\321\n7\354)\tf\006\357\205B<h\272GQ \344\262\236\025#\003\024&\310\034\352\376\326""; nodeIDs: ""\000\000\000\000\000\000\000\000\000\000\000\000\000\000\000\000\000\000\000\000\000\000\000\000\000\000\000\000\000\000\000\000\000""; queryType: qtINDIRECT; queryDepth: 3; "
1750527538915,1750527538915,559,1,4,3,TMGetLedger,"itype: liTS_CANDIDATE; ledgerHash: ""3\321\n7\354)\tf\006\357\205B<h\272GQ \344\262\236\025#\003\024&\310\034\352\376\326""; nodeIDs: ""\000\000\000\000\000\000\000\000\000\000\000\000\000\000\000\000\000\000\000\000\000\000\000\000\000\000\000\000\000\000\000\000\000""; queryType: qtINDIRECT; queryDepth: 3; ","itype: liTS_CANDIDATE; ledgerHash: ""3\321\n7\354)\tf\006\357\205B<h\272GQ \344\262\236\025#\003\024&\310\034\352\376\326""; nodeIDs: ""\000\000\000\000\000\000\000\000\000\000\000\000\000\000\000\000\000\000\000\000\000\000\000\000\000\000\000\000\000\000\000\000\000""; queryType: qtINDIRECT; queryDepth: 3; "
1750527538915,1750527538915,2309,1,4,2,TMGetLedger,"itype: liTS_CANDIDATE; ledgerHash: ""3\321\n7\354)\tf\006\357\205B<h\272GQ \344\262\236\025#\003\024&\310\034\352\376\326""; nodeIDs: ""\000\000\000\000\000\000\000\000\000\000\000\000\000\000\000\000\000\000\000\000\000\000\000\000\000\000\000\000\000\000\000\000\000""; queryType: qtINDIRECT; queryDepth: 3; ","itype: liTS_CANDIDATE; ledgerHash: ""3\321\n7\354)\tf\006\357\205B<h\272GQ \344\262\236\025#\003\024&\310\034\352\376\326""; nodeIDs: ""\000\000\000\000\000\000\000\000\000\000\000\000\000\000\000\000\000\000\000\000\000\000\000\000\000\000\000\000\000\000\000\000\000""; queryType: qtINDIRECT; queryDepth: 3; "
1750527538915,1750527538916,2101,1,4,1,TMGetLedger,"itype: liTS_CANDIDATE; ledgerHash: ""3\321\n7\354)\tf\006\357\205B<h\272GQ \344\262\236\025#\003\024&\310\034\352\376\326""; nodeIDs: ""\000\000\000\000\000\000\000\000\000\000\000\000\000\000\000\000\000\000\000\000\000\000\000\000\000\000\000\000\000\000\000\000\000""; queryType: qtINDIRECT; queryDepth: 3; ","itype: liTS_CANDIDATE; ledgerHash: ""3\321\n7\354)\tf\006\357\205B<h\272GQ \344\262\236\025#\003\024&\310\034\352\376\326""; nodeIDs: ""\000\000\000\000\000\000\000\000\000\000\000\000\000\000\000\000\000\000\000\000\000\000\000\000\000\000\000\000\000\000\000\000\000""; queryType: qtINDIRECT; queryDepth: 3; "
1750527538936,1750527538936,380,1,0,4,TMGetLedger,"itype: liBASE; ledgerHash: ""\033@\177e\277\016\010u\327\371&\262\312\317Q\2361t\377x\234\001v\003%\030\325_\225g\204\346""; ledgerSeq: 7; requestCookie: 3; queryType: qtINDIRECT; ","itype: liBASE; ledgerHash: ""\033@\177e\277\016\010u\327\371&\262\312\317Q\2361t\377x\234\001v\003%\030\325_\225g\204\346""; ledgerSeq: 7; requestCookie: 3; queryType: qtINDIRECT; "
1750527538960,1750527538960,1131,1,3,0,TMGetLedger,"itype: liBASE; ledgerHash: ""\326+\03569g\235`}\354\203s\003\217_Vf \233\324\237yU<\242:Zr\321\340\201]""; ledgerSeq: 7; ","itype: liBASE; ledgerHash: ""\326+\03569g\235`}\354\203s\003\217_Vf \233\324\237yU<\242:Zr\321\340\201]""; ledgerSeq: 7; "
1750527538962,1750527538962,3736,1,3,4,TMValidation,"validation: """"\200\000\000\001&\000\000\000\007)/\351\252\261:\303`\246;Q\203[_Q\326+\03569g\235`}\354\203s\003\217_Vf \233\324\237yU<\242:Zr\321\340\201]P\027\341\310\354\0213\033\013\350\207z\236R(|z&\034\335\266\323\356\205\273DV\210\254\213T\rZ\347P\031\360\215\2502\265\245\310\226\243c\302Ze\306\253#r\020\211\320iG\276\020E\317\035Sf\223F\254s!\002\266\377\271\344:\030\221i\267\257\215\237M\014\3345f\014\273|\207\367\334\337F\325\004cxB\211LvG0E\002!\000\237\224L\326\022\330X\267\265&\351\023\340r\023\232\255f\306\211lf\347\000\374M\242\210K<I\357\002 )\325\316a\261F/0\213\003BY\r.\224\227\036\032\366g\304P\213\341pt\2563\367\222\3416""; ","validation: """"\200\000\000\001&\000\000\000\007)/\351\252\261:\303`\246;Q\203[_Q\326+\03569g\235`}\354\203s\003\217_Vf \233\324\237yU<\242:Zr\321\340\201]P\027\341\310\354\0213\033\013\350\207z\236R(|z&\034\335\266\323\356\205\273DV\210\254\213T\rZ\347P\031\360\215\2502\265\245\310\226\243c\302Ze\306\253#r\020\211\320iG\276\020E\317\035Sf\223F\254s!\002\266\377\271\344:\030\221i\267\257\215\237M\014\3345f\014\273|\207\367\334\337F\325\004cxB\211LvG0E\002!\000\237\224L\326\022\330X\267\265&\351\023\340r\023\232\255f\306\211lf\347\000\374M\242\210K<I\357\002 )\325\316a\261F/0\213\003BY\r.\224\227\036\032\366g\304P\213\341pt\2563\367\222\3416""; "
1750527538961,1750527538962,1019,1,3,4,TMGetLedger,"itype: liBASE; ledgerHash: ""\326+\03569g\235`}\354\203s\003\217_Vf \233\324\237yU<\242:Zr\321\340\201]""; ledgerSeq: 7; ","itype: liBASE; ledgerHash: ""\326+\03569g\235`}\354\203s\003\217_Vf \233\324\237yU<\242:Zr\321\340\201]""; ledgerSeq: 7; "
1750527538962,1750527538962,2794,1,3,2,TMGetLedger,"itype: liBASE; ledgerHash: ""\326+\03569g\235`}\354\203s\003\217_Vf \233\324\237yU<\242:Zr\321\340\201]""; ledgerSeq: 7; ","itype: liBASE; ledgerHash: ""\326+\03569g\235`}\354\203s\003\217_Vf \233\324\237yU<\242:Zr\321\340\201]""; ledgerSeq: 7; "
1750527538961,1750527538961,2079,1,3,1,TMGetLedger,"itype: liBASE; ledgerHash: ""\326+\03569g\235`}\354\203s\003\217_Vf \233\324\237yU<\242:Zr\321\340\201]""; ledgerSeq: 7; ","itype: liBASE; ledgerHash: ""\326+\03569g\235`}\354\203s\003\217_Vf \233\324\237yU<\242:Zr\321\340\201]""; ledgerSeq: 7; "
1750527538962,1750527538962,2794,1,3,2,TMGetLedger,"itype: liBASE; ledgerHash: ""\326+\03569g\235`}\354\203s\003\217_Vf \233\324\237yU<\242:Zr\321\340\201]""; ledgerSeq: 7; queryType: qtINDIRECT; ","itype: liBASE; ledgerHash: ""\326+\03569g\235`}\354\203s\003\217_Vf \233\324\237yU<\242:Zr\321\340\201]""; ledgerSeq: 7; queryType: qtINDIRECT; "
1750527538963,1750527538963,3125,1,3,2,TMValidation,"validation: """"\200\000\000\001&\000\000\000\007)/\351\252\261:\303`\246;Q\203[_Q\326+\03569g\235`}\354\203s\003\217_Vf \233\324\237yU<\242:Zr\321\340\201]P\027\341\310\354\0213\033\013\350\207z\236R(|z&\034\335\266\323\356\205\273DV\210\254\213T\rZ\347P\031\360\215\2502\265\245\310\226\243c\302Ze\306\253#r\020\211\320iG\276\020E\317\035Sf\223F\254s!\002\266\377\271\344:\030\221i\267\257\215\237M\014\3345f\014\273|\207\367\334\337F\325\004cxB\211LvG0E\002!\000\237\224L\326\022\330X\267\265&\351\023\340r\023\232\255f\306\211lf\347\000\374M\242\210K<I\357\002 )\325\316a\261F/0\213\003BY\r.\224\227\036\032\366g\304P\213\341pt\2563\367\222\3416""; ","validation: """"\200\000\000\001&\000\000\000\007)/\351\252\261:\303`\246;Q\203[_Q\326+\03569g\235`}\354\203s\003\217_Vf \233\324\237yU<\242:Zr\321\340\201]P\027\341\310\354\0213\033\013\350\207z\236R(|z&\034\335\266\323\356\205\273DV\210\254\213T\rZ\347P\031\360\215\2502\265\245\310\226\243c\302Ze\306\253#r\020\211\320iG\276\020E\317\035Sf\223F\254s!\002\266\377\271\344:\030\221i\267\257\215\237M\014\3345f\014\273|\207\367\334\337F\325\004cxB\211LvG0E\002!\000\237\224L\326\022\330X\267\265&\351\023\340r\023\232\255f\306\211lf\347\000\374M\242\210K<I\357\002 )\325\316a\261F/0\213\003BY\r.\224\227\036\032\366g\304P\213\341pt\2563\367\222\3416""; "
1750527538964,1750527538964,2079,1,3,1,TMGetLedger,"itype: liBASE; ledgerHash: ""\326+\03569g\235`}\354\203s\003\217_Vf \233\324\237yU<\242:Zr\321\340\201]""; ledgerSeq: 7; queryType: qtINDIRECT; ","itype: liBASE; ledgerHash: ""\326+\03569g\235`}\354\203s\003\217_Vf \233\324\237yU<\242:Zr\321\340\201]""; ledgerSeq: 7; queryType: qtINDIRECT; "
1750527538964,1750527538964,1019,1,3,4,TMGetLedger,"itype: liBASE; ledgerHash: ""\326+\03569g\235`}\354\203s\003\217_Vf \233\324\237yU<\242:Zr\321\340\201]""; ledgerSeq: 7; queryType: qtINDIRECT; ","itype: liBASE; ledgerHash: ""\326+\03569g\235`}\354\203s\003\217_Vf \233\324\237yU<\242:Zr\321\340\201]""; ledgerSeq: 7; queryType: qtINDIRECT; "
1750527538964,1750527538964,1777,1,3,0,TMValidation,"validation: """"\200\000\000\001&\000\000\000\007)/\351\252\261:\303`\246;Q\203[_Q\326+\03569g\235`}\354\203s\003\217_Vf \233\324\237yU<\242:Zr\321\340\201]P\027\341\310\354\0213\033\013\350\207z\236R(|z&\034\335\266\323\356\205\273DV\210\254\213T\rZ\347P\031\360\215\2502\265\245\310\226\243c\302Ze\306\253#r\020\211\320iG\276\020E\317\035Sf\223F\254s!\002\266\377\271\344:\030\221i\267\257\215\237M\014\3345f\014\273|\207\367\334\337F\325\004cxB\211LvG0E\002!\000\237\224L\326\022\330X\267\265&\351\023\340r\023\232\255f\306\211lf\347\000\374M\242\210K<I\357\002 )\325\316a\261F/0\213\003BY\r.\224\227\036\032\366g\304P\213\341pt\2563\367\222\3416""; ","validation: """"\200\000\000\001&\000\000\000\007)/\351\252\261:\303`\246;Q\203[_Q\326+\03569g\235`}\354\203s\003\217_Vf \233\324\237yU<\242:Zr\321\340\201]P\027\341\310\354\0213\033\013\350\207z\236R(|z&\034\335\266\323\356\205\273DV\210\254\213T\rZ\347P\031\360\215\2502\265\245\310\226\243c\302Ze\306\253#r\020\211\320iG\276\020E\317\035Sf\223F\254s!\002\266\377\271\344:\030\221i\267\257\215\237M\014\3345f\014\273|\207\367\334\337F\325\004cxB\211LvG0E\002!\000\237\224L\326\022\330X\267\265&\351\023\340r\023\232\255f\306\211lf\347\000\374M\242\210K<I\357\002 )\325\316a\261F/0\213\003BY\r.\224\227\036\032\366g\304P\213\341pt\2563\367\222\3416""; "
1750527538964,1750527538964,1131,1,3,0,TMGetLedger,"itype: liBASE; ledgerHash: ""\326+\03569g\235`}\354\203s\003\217_Vf \233\324\237yU<\242:Zr\321\340\201]""; ledgerSeq: 7; queryType: qtINDIRECT; ","itype: liBASE; ledgerHash: ""\326+\03569g\235`}\354\203s\003\217_Vf \233\324\237yU<\242:Zr\321\340\201]""; ledgerSeq: 7; queryType: qtINDIRECT; "
1750527538970,1750527538970,2920,1,1,0,TMGetLedger,"itype: liTS_CANDIDATE; ledgerHash: ""3\321\n7\354)\tf\006\357\205B<h\272GQ \344\262\236\025#\003\024&\310\034\352\376\326""; nodeIDs: ""\000\000\000\000\000\000\000\000\000\000\000\000\000\000\000\000\000\000\000\000\000\000\000\000\000\000\000\000\000\000\000\000\000""; requestCookie: 4; queryType: qtINDIRECT; queryDepth: 3; ","itype: liTS_CANDIDATE; ledgerHash: ""3\321\n7\354)\tf\006\357\205B<h\272GQ \344\262\236\025#\003\024&\310\034\352\376\326""; nodeIDs: ""\000\000\000\000\000\000\000\000\000\000\000\000\000\000\000\000\000\000\000\000\000\000\000\000\000\000\000\000\000\000\000\000\000""; requestCookie: 4; queryType: qtINDIRECT; queryDepth: 3; "
1750527538973,1750527538973,860,1,1,0,TMLedgerData,"ledgerHash: ""[\000\302\314\326\214\276@c\240\272\222{\363\314\032\213\311\316\246/\330\302\014>\022\346\234\347\264\270\350""; ledgerSeq: 0; type: liTS_CANDIDATE; nodes {;   nodedata: ""\002i\361\030\371\256\265\036\320\273\013\357<\215/(\215[\231D\357Gd\372\270\316\261\301\342\327\225\241\000GZ\227\022t\201\240u\2324P\027\307M\337'Y\361[IAD\351\374!\232\005\337\376\252\251g\004\003"";   nodeid: ""\000\000\000\000\000\000\000\000\000\000\000\000\000\000\000\000\000\000\000\000\000\000\000\000\000\000\000\000\000\000\000\000\000""; }; ","ledgerHash: ""[\000\302\314\326\214\276@c\240\272\222{\363\314\032\213\311\316\246/\330\302\014>\022\346\234\347\264\270\350""; ledgerSeq: 0; type: liTS_CANDIDATE; nodes {;   nodedata: ""\002i\361\030\371\256\265\036\320\273\013\357<\215/(\215[\231D\357Gd\372\270\316\261\301\342\327\225\241\000GZ\227\022t\201\240u\2324P\027\307M\337'Y\361[IAD\351\374!\232\005\337\376\252\251g\004\003"";   nodeid: ""\000\000\000\000\000\000\000\000\000\000\000\000\000\000\000\000\000\000\000\000\000\000\000\000\000\000\000\000\000\000\000\000\000""; }; "
1750527538975,1750527538975,1150,1,3,4,TMLedgerData,"ledgerHash: ""3\321\n7\354)\tf\006\357\205B<h\272GQ \344\262\236\025#\003\024&\310\034\352\376\326""; ledgerSeq: 0; type: liTS_CANDIDATE; nodes {;   nodedata: ""'\240~~s\033\202\356\320\307\177Nt\203\315\245\305\276b\265\310\271\3319\245:\342=c\267\265\233\002\003"";   nodeid: ""\000\000\000\000\000\000\000\000\000\000\000\000\000\000\000\000\000\000\000\000\000\000\000\000\000\000\000\000\000\000\000\000\000""; }; ","ledgerHash: ""3\321\n7\354)\tf\006\357\205B<h\272GQ \344\262\236\025#\003\024&\310\034\352\376\326""; ledgerSeq: 0; type: liTS_CANDIDATE; nodes {;   nodedata: ""'\240~~s\033\202\356\320\307\177Nt\203\315\245\305\276b\265\310\271\3319\245:\342=c\267\265\233\002\003"";   nodeid: ""\000\000\000\000\000\000\000\000\000\000\000\000\000\000\000\000\000\000\000\000\000\000\000\000\000\000\000\000\000\000\000\000\000""; }; "
1750527538981,1750527538982,1539,1,4,2,TMLedgerData,"ledgerHash: ""[\000\302\314\326\214\276@c\240\272\222{\363\314\032\213\311\316\246/\330\302\014>\022\346\234\347\264\270\350""; ledgerSeq: 0; type: liTS_CANDIDATE; nodes {;   nodedata: ""\002i\361\030\371\256\265\036\320\273\013\357<\215/(\215[\231D\357Gd\372\270\316\261\301\342\327\225\241\000GZ\227\022t\201\240u\2324P\027\307M\337'Y\361[IAD\351\374!\232\005\337\376\252\251g\004\003"";   nodeid: ""\000\000\000\000\000\000\000\000\000\000\000\000\000\000\000\000\000\000\000\000\000\000\000\000\000\000\000\000\000\000\000\000\000""; }; requestCookie: 3; ","ledgerHash: ""[\000\302\314\326\214\276@c\240\272\222{\363\314\032\213\311\316\246/\330\302\014>\022\346\234\347\264\270\350""; ledgerSeq: 0; type: liTS_CANDIDATE; nodes {;   nodedata: ""\002i\361\030\371\256\265\036\320\273\013\357<\215/(\215[\231D\357Gd\372\270\316\261\301\342\327\225\241\000GZ\227\022t\201\240u\2324P\027\307M\337'Y\361[IAD\351\374!\232\005\337\376\252\251g\004\003"";   nodeid: ""\000\000\000\000\000\000\000\000\000\000\000\000\000\000\000\000\000\000\000\000\000\000\000\000\000\000\000\000\000\000\000\000\000""; }; requestCookie: 3; "
1750527538994,1750527538994,3378,1,4,0,TMLedgerData,"ledgerHash: ""\363\262\310\025\251\261\276X\247\260J\221\345\357\037\231)|\321K\000\\326E\004\377\005\255""A?\250""; ledgerSeq: 0; type: liTS_CANDIDATE; nodes {;   nodedata: ""MJ\275'\324\005\036\313\204nW\300\362\327\016\205\236\021\351Q6\021\355\301\372\322\276g\026\243\361M\004\003"";   nodeid: ""\000\000\000\000\000\000\000\000\000\000\000\000\000\000\000\000\000\000\000\000\000\000\000\000\000\000\000\000\000\000\000\000\000""; }; ","ledgerHash: ""\363\262\310\025\251\261\276X\247\260J\221\345\357\037\231)|\321K\000\\326E\004\377\005\255""A?\250""; ledgerSeq: 0; type: liTS_CANDIDATE; nodes {;   nodedata: ""MJ\275'\324\005\036\313\204nW\300\362\327\016\205\236\021\351Q6\021\355\301\372\322\276g\026\243\361M\004\003"";   nodeid: ""\000\000\000\000\000\000\000\000\000\000\000\000\000\000\000\000\000\000\000\000\000\000\000\000\000\000\000\000\000\000\000\000\000""; }; "
1750527538997,1750527538997,1212,1,2,4,TMLedgerData,"ledgerHash: ""\310\200l\322\255\214\342'\243\202\375k%_\335\032N\021G\005\230\271\366~%e\366\202l^\rR""; ledgerSeq: 0; type: liTS_CANDIDATE; nodes {;   nodedata: ""GZ\227\022t\201\240u\2324P\027\307M\337'Y\361[IAD\351\374!\232\005\337\376\252\251g\004\003"";   nodeid: ""\000\000\000\000\000\000\000\000\000\000\000\000\000\000\000\000\000\000\000\000\000\000\000\000\000\000\000\000\000\000\000\000\000""; }; ","ledgerHash: ""\310\200l\322\255\214\342'\243\202\375k%_\335\032N\021G\005\230\271\366~%e\366\202l^\rR""; ledgerSeq: 0; type: liTS_CANDIDATE; nodes {;   nodedata: ""GZ\227\022t\201\240u\2324P\027\307M\337'Y\361[IAD\351\374!\232\005\337\376\252\251g\004\003"";   nodeid: ""\000\000\000\000\000\000\000\000\000\000\000\000\000\000\000\000\000\000\000\000\000\000\000\000\000\000\000\000\000\000\000\000\000""; }; "
1750527539002,1750527539002,2079,1,3,1,TMGetLedger,"itype: liTS_CANDIDATE; ledgerHash: ""\341\310\354\0213\033\013\350\207z\236R(|z&\034\335\266\323\356\205\273DV\210\254\213T\rZ\347""; nodeIDs: ""\000\000\000\000\000\000\000\000\000\000\000\000\000\000\000\000\000\000\000\000\000\000\000\000\000\000\000\000\000\000\000\000\000""; queryType: qtINDIRECT; queryDepth: 3; ","itype: liTS_CANDIDATE; ledgerHash: ""\341\310\354\0213\033\013\350\207z\236R(|z&\034\335\266\323\356\205\273DV\210\254\213T\rZ\347""; nodeIDs: ""\000\000\000\000\000\000\000\000\000\000\000\000\000\000\000\000\000\000\000\000\000\000\000\000\000\000\000\000\000\000\000\000\000""; queryType: qtINDIRECT; queryDepth: 3; "
1750527539002,1750527539002,1131,1,3,0,TMGetLedger,"itype: liTS_CANDIDATE; ledgerHash: ""\341\310\354\0213\033\013\350\207z\236R(|z&\034\335\266\323\356\205\273DV\210\254\213T\rZ\347""; nodeIDs: ""\000\000\000\000\000\000\000\000\000\000\000\000\000\000\000\000\000\000\000\000\000\000\000\000\000\000\000\000\000\000\000\000\000""; queryType: qtINDIRECT; queryDepth: 3; ","itype: liTS_CANDIDATE; ledgerHash: ""\341\310\354\0213\033\013\350\207z\236R(|z&\034\335\266\323\356\205\273DV\210\254\213T\rZ\347""; nodeIDs: ""\000\000\000\000\000\000\000\000\000\000\000\000\000\000\000\000\000\000\000\000\000\000\000\000\000\000\000\000\000\000\000\000\000""; queryType: qtINDIRECT; queryDepth: 3; "
1750527539002,1750527539002,2794,1,3,2,TMGetLedger,"itype: liTS_CANDIDATE; ledgerHash: ""\341\310\354\0213\033\013\350\207z\236R(|z&\034\335\266\323\356\205\273DV\210\254\213T\rZ\347""; nodeIDs: ""\000\000\000\000\000\000\000\000\000\000\000\000\000\000\000\000\000\000\000\000\000\000\000\000\000\000\000\000\000\000\000\000\000""; queryType: qtINDIRECT; queryDepth: 3; ","itype: liTS_CANDIDATE; ledgerHash: ""\341\310\354\0213\033\013\350\207z\236R(|z&\034\335\266\323\356\205\273DV\210\254\213T\rZ\347""; nodeIDs: ""\000\000\000\000\000\000\000\000\000\000\000\000\000\000\000\000\000\000\000\000\000\000\000\000\000\000\000\000\000\000\000\000\000""; queryType: qtINDIRECT; queryDepth: 3; "
1750527539014,1750527539014,2523,1,3,2,TMLedgerData,"ledgerHash: ""[\000\302\314\326\214\276@c\240\272\222{\363\314\032\213\311\316\246/\330\302\014>\022\346\234\347\264\270\350""; ledgerSeq: 0; type: liTS_CANDIDATE; nodes {;   nodedata: ""\002i\361\030\371\256\265\036\320\273\013\357<\215/(\215[\231D\357Gd\372\270\316\261\301\342\327\225\241\000GZ\227\022t\201\240u\2324P\027\307M\337'Y\361[IAD\351\374!\232\005\337\376\252\251g\004\003"";   nodeid: ""\000\000\000\000\000\000\000\000\000\000\000\000\000\000\000\000\000\000\000\000\000\000\000\000\000\000\000\000\000\000\000\000\000""; }; requestCookie: 3; ","ledgerHash: ""[\000\302\314\326\214\276@c\240\272\222{\363\314\032\213\311\316\246/\330\302\014>\022\346\234\347\264\270\350""; ledgerSeq: 0; type: liTS_CANDIDATE; nodes {;   nodedata: ""\002i\361\030\371\256\265\036\320\273\013\357<\215/(\215[\231D\357Gd\372\270\316\261\301\342\327\225\241\000GZ\227\022t\201\240u\2324P\027\307M\337'Y\361[IAD\351\374!\232\005\337\376\252\251g\004\003"";   nodeid: ""\000\000\000\000\000\000\000\000\000\000\000\000\000\000\000\000\000\000\000\000\000\000\000\000\000\000\000\000\000\000\000\000\000""; }; requestCookie: 3; "
1750527539017,1750527539018,1019,1,3,4,TMGetLedger,"itype: liTS_CANDIDATE; ledgerHash: ""\341\310\354\0213\033\013\350\207z\236R(|z&\034\335\266\323\356\205\273DV\210\254\213T\rZ\347""; nodeIDs: ""\000\000\000\000\000\000\000\000\000\000\000\000\000\000\000\000\000\000\000\000\000\000\000\000\000\000\000\000\000\000\000\000\000""; queryType: qtINDIRECT; queryDepth: 3; ","itype: liTS_CANDIDATE; ledgerHash: ""\341\310\354\0213\033\013\350\207z\236R(|z&\034\335\266\323\356\205\273DV\210\254\213T\rZ\347""; nodeIDs: ""\000\000\000\000\000\000\000\000\000\000\000\000\000\000\000\000\000\000\000\000\000\000\000\000\000\000\000\000\000\000\000\000\000""; queryType: qtINDIRECT; queryDepth: 3; "
1750527539022,1750527539022,2101,1,4,1,TMGetLedger,"itype: liTS_CANDIDATE; ledgerHash: ""\341\310\354\0213\033\013\350\207z\236R(|z&\034\335\266\323\356\205\273DV\210\254\213T\rZ\347""; nodeIDs: ""\000\000\000\000\000\000\000\000\000\000\000\000\000\000\000\000\000\000\000\000\000\000\000\000\000\000\000\000\000\000\000\000\000""; requestCookie: 4; queryType: qtINDIRECT; queryDepth: 3; ","itype: liTS_CANDIDATE; ledgerHash: ""\341\310\354\0213\033\013\350\207z\236R(|z&\034\335\266\323\356\205\273DV\210\254\213T\rZ\347""; nodeIDs: ""\000\000\000\000\000\000\000\000\000\000\000\000\000\000\000\000\000\000\000\000\000\000\000\000\000\000\000\000\000\000\000\000\000""; requestCookie: 4; queryType: qtINDIRECT; queryDepth: 3; "
1750527539022,1750527539022,1769,1,2,1,TMLedgerData,"ledgerHash: ""[\000\302\314\326\214\276@c\240\272\222{\363\314\032\213\311\316\246/\330\302\014>\022\346\234\347\264\270\350""; ledgerSeq: 0; type: liTS_CANDIDATE; nodes {;   nodedata: ""\002i\361\030\371\256\265\036\320\273\013\357<\215/(\215[\231D\357Gd\372\270\316\261\301\342\327\225\241\000GZ\227\022t\201\240u\2324P\027\307M\337'Y\361[IAD\351\374!\232\005\337\376\252\251g\004\003"";   nodeid: ""\000\000\000\000\000\000\000\000\000\000\000\000\000\000\000\000\000\000\000\000\000\000\000\000\000\000\000\000\000\000\000\000\000""; }; ","ledgerHash: ""[\000\302\314\326\214\276@c\240\272\222{\363\314\032\213\311\316\246/\330\302\014>\022\346\234\347\264\270\350""; ledgerSeq: 0; type: liTS_CANDIDATE; nodes {;   nodedata: ""\002i\361\030\371\256\265\036\320\273\013\357<\215/(\215[\231D\357Gd\372\270\316\261\301\342\327\225\241\000GZ\227\022t\201\240u\2324P\027\307M\337'Y\361[IAD\351\374!\232\005\337\376\252\251g\004\003"";   nodeid: ""\000\000\000\000\000\000\000\000\000\000\000\000\000\000\000\000\000\000\000\000\000\000\000\000\000\000\000\000\000\000\000\000\000""; }; "
1750527539023,1750527539023,1497,1,0,3,TMLedgerData,"ledgerHash: ""3\321\n7\354)\tf\006\357\205B<h\272GQ \344\262\236\025#\003\024&\310\034\352\376\326""; ledgerSeq: 0; type: liTS_CANDIDATE; nodes {;   nodedata: ""'\240~~s\033\202\356\320\307\177Nt\203\315\245\305\276b\265\310\271\3319\245:\342=c\267\265\233\002\003"";   nodeid: ""\000\000\000\000\000\000\000\000\000\000\000\000\000\000\000\000\000\000\000\000\000\000\000\000\000\000\000\000\000\000\000\000\000""; }; ","ledgerHash: ""3\321\n7\354)\tf\006\357\205B<h\272GQ \344\262\236\025#\003\024&\310\034\352\376\326""; ledgerSeq: 0; type: liTS_CANDIDATE; nodes {;   nodedata: ""'\240~~s\033\202\356\320\307\177Nt\203\315\245\305\276b\265\310\271\3319\245:\342=c\267\265\233\002\003"";   nodeid: ""\000\000\000\000\000\000\000\000\000\000\000\000\000\000\000\000\000\000\000\000\000\000\000\000\000\000\000\000\000\000\000\000\000""; }; "
1750527539036,1750527539036,2101,1,4,1,TMGetLedger,"itype: liTS_CANDIDATE; ledgerHash: ""\341\310\354\0213\033\013\350\207z\236R(|z&\034\335\266\323\356\205\273DV\210\254\213T\rZ\347""; nodeIDs: ""\000\000\000\000\000\000\000\000\000\000\000\000\000\000\000\000\000\000\000\000\000\000\000\000\000\000\000\000\000\000\000\000\000""; requestCookie: 1; queryType: qtINDIRECT; queryDepth: 3; ","itype: liTS_CANDIDATE; ledgerHash: ""\341\310\354\0213\033\013\350\207z\236R(|z&\034\335\266\323\356\205\273DV\210\254\213T\rZ\347""; nodeIDs: ""\000\000\000\000\000\000\000\000\000\000\000\000\000\000\000\000\000\000\000\000\000\000\000\000\000\000\000\000\000\000\000\000\000""; requestCookie: 1; queryType: qtINDIRECT; queryDepth: 3; "
1750527539042,1750527539042,1544,1,2,1,TMGetLedger,"itype: liTS_CANDIDATE; ledgerHash: ""\341\310\354\0213\033\013\350\207z\236R(|z&\034\335\266\323\356\205\273DV\210\254\213T\rZ\347""; nodeIDs: ""\000\000\000\000\000\000\000\000\000\000\000\000\000\000\000\000\000\000\000\000\000\000\000\000\000\000\000\000\000\000\000\000\000""; queryType: qtINDIRECT; queryDepth: 3; ","itype: liTS_CANDIDATE; ledgerHash: ""\341\310\354\0213\033\013\350\207z\236R(|z&\034\335\266\323\356\205\273DV\210\254\213T\rZ\347""; nodeIDs: ""\000\000\000\000\000\000\000\000\000\000\000\000\000\000\000\000\000\000\000\000\000\000\000\000\000\000\000\000\000\000\000\000\000""; queryType: qtINDIRECT; queryDepth: 3; "
1750527539042,1750527539042,3719,1,2,4,TMGetLedger,"itype: liTS_CANDIDATE; ledgerHash: ""\341\310\354\0213\033\013\350\207z\236R(|z&\034\335\266\323\356\205\273DV\210\254\213T\rZ\347""; nodeIDs: ""\000\000\000\000\000\000\000\000\000\000\000\000\000\000\000\000\000\000\000\000\000\000\000\000\000\000\000\000\000\000\000\000\000""; queryType: qtINDIRECT; queryDepth: 3; ","itype: liTS_CANDIDATE; ledgerHash: ""\341\310\354\0213\033\013\350\207z\236R(|z&\034\335\266\323\356\205\273DV\210\254\213T\rZ\347""; nodeIDs: ""\000\000\000\000\000\000\000\000\000\000\000\000\000\000\000\000\000\000\000\000\000\000\000\000\000\000\000\000\000\000\000\000\000""; queryType: qtINDIRECT; queryDepth: 3; "
1750527539042,1750527539042,589,1,2,0,TMGetLedger,"itype: liTS_CANDIDATE; ledgerHash: ""\341\310\354\0213\033\013\350\207z\236R(|z&\034\335\266\323\356\205\273DV\210\254\213T\rZ\347""; nodeIDs: ""\000\000\000\000\000\000\000\000\000\000\000\000\000\000\000\000\000\000\000\000\000\000\000\000\000\000\000\000\000\000\000\000\000""; queryType: qtINDIRECT; queryDepth: 3; ","itype: liTS_CANDIDATE; ledgerHash: ""\341\310\354\0213\033\013\350\207z\236R(|z&\034\335\266\323\356\205\273DV\210\254\213T\rZ\347""; nodeIDs: ""\000\000\000\000\000\000\000\000\000\000\000\000\000\000\000\000\000\000\000\000\000\000\000\000\000\000\000\000\000\000\000\000\000""; queryType: qtINDIRECT; queryDepth: 3; "
1750527539042,1750527539042,4000,1,2,3,TMGetLedger,"itype: liTS_CANDIDATE; ledgerHash: ""\341\310\354\0213\033\013\350\207z\236R(|z&\034\335\266\323\356\205\273DV\210\254\213T\rZ\347""; nodeIDs: ""\000\000\000\000\000\000\000\000\000\000\000\000\000\000\000\000\000\000\000\000\000\000\000\000\000\000\000\000\000\000\000\000\000""; queryType: qtINDIRECT; queryDepth: 3; ","itype: liTS_CANDIDATE; ledgerHash: ""\341\310\354\0213\033\013\350\207z\236R(|z&\034\335\266\323\356\205\273DV\210\254\213T\rZ\347""; nodeIDs: ""\000\000\000\000\000\000\000\000\000\000\000\000\000\000\000\000\000\000\000\000\000\000\000\000\000\000\000\000\000\000\000\000\000""; queryType: qtINDIRECT; queryDepth: 3; "
1750527539046,1750527539046,782,1,0,4,TMValidation,"validation: """"\200\000\000\001&\000\000\000\007)/\351\252\261:\303`\246;Q\203[_Q\326+\03569g\235`}\354\203s\003\217_Vf \233\324\237yU<\242:Zr\321\340\201]P\027\341\310\354\0213\033\013\350\207z\236R(|z&\034\335\266\323\356\205\273DV\210\254\213T\rZ\347P\031\360\215\2502\265\245\310\226\243c\302Ze\306\253#r\020\211\320iG\276\020E\317\035Sf\223F\254s!\002\266\377\271\344:\030\221i\267\257\215\237M\014\3345f\014\273|\207\367\334\337F\325\004cxB\211LvG0E\002!\000\237\224L\326\022\330X\267\265&\351\023\340r\023\232\255f\306\211lf\347\000\374M\242\210K<I\357\002 )\325\316a\261F/0\213\003BY\r.\224\227\036\032\366g\304P\213\341pt\2563\367\222\3416""; ","validation: """"\200\000\000\001&\000\000\000\007)/\351\252\261:\303`\246;Q\203[_Q\326+\03569g\235`}\354\203s\003\217_Vf \233\324\237yU<\242:Zr\321\340\201]P\027\341\310\354\0213\033\013\350\207z\236R(|z&\034\335\266\323\356\205\273DV\210\254\213T\rZ\347P\031\360\215\2502\265\245\310\226\243c\302Ze\306\253#r\020\211\320iG\276\020E\317\035Sf\223F\254s!\002\266\377\271\344:\030\221i\267\257\215\237M\014\3345f\014\273|\207\367\334\337F\325\004cxB\211LvG0E\002!\000\237\224L\326\022\330X\267\265&\351\023\340r\023\232\255f\306\211lf\347\000\374M\242\210K<I\357\002 )\325\316a\261F/0\213\003BY\r.\224\227\036\032\366g\304P\213\341pt\2563\367\222\3416""; "
1750527539047,1750527539047,380,1,0,4,TMGetLedger,"itype: liBASE; ledgerHash: ""\326+\03569g\235`}\354\203s\003\217_Vf \233\324\237yU<\242:Zr\321\340\201]""; ","itype: liBASE; ledgerHash: ""\326+\03569g\235`}\354\203s\003\217_Vf \233\324\237yU<\242:Zr\321\340\201]""; "
1750527539047,1750527539047,2261,1,0,1,TMValidation,"validation: """"\200\000\000\001&\000\000\000\007)/\351\252\261:\303`\246;Q\203[_Q\326+\03569g\235`}\354\203s\003\217_Vf \233\324\237yU<\242:Zr\321\340\201]P\027\341\310\354\0213\033\013\350\207z\236R(|z&\034\335\266\323\356\205\273DV\210\254\213T\rZ\347P\031\360\215\2502\265\245\310\226\243c\302Ze\306\253#r\020\211\320iG\276\020E\317\035Sf\223F\254s!\002\266\377\271\344:\030\221i\267\257\215\237M\014\3345f\014\273|\207\367\334\337F\325\004cxB\211LvG0E\002!\000\237\224L\326\022\330X\267\265&\351\023\340r\023\232\255f\306\211lf\347\000\374M\242\210K<I\357\002 )\325\316a\261F/0\213\003BY\r.\224\227\036\032\366g\304P\213\341pt\2563\367\222\3416""; ","validation: """"\200\000\000\001&\000\000\000\007)/\351\252\261:\303`\246;Q\203[_Q\326+\03569g\235`}\354\203s\003\217_Vf \233\324\237yU<\242:Zr\321\340\201]P\027\341\310\354\0213\033\013\350\207z\236R(|z&\034\335\266\323\356\205\273DV\210\254\213T\rZ\347P\031\360\215\2502\265\245\310\226\243c\302Ze\306\253#r\020\211\320iG\276\020E\317\035Sf\223F\254s!\002\266\377\271\344:\030\221i\267\257\215\237M\014\3345f\014\273|\207\367\334\337F\325\004cxB\211LvG0E\002!\000\237\224L\326\022\330X\267\265&\351\023\340r\023\232\255f\306\211lf\347\000\374M\242\210K<I\357\002 )\325\316a\261F/0\213\003BY\r.\224\227\036\032\366g\304P\213\341pt\2563\367\222\3416""; "
1750527539048,1750527539048,3375,1,0,1,TMGetLedger,"itype: liBASE; ledgerHash: ""\326+\03569g\235`}\354\203s\003\217_Vf \233\324\237yU<\242:Zr\321\340\201]""; ","itype: liBASE; ledgerHash: ""\326+\03569g\235`}\354\203s\003\217_Vf \233\324\237yU<\242:Zr\321\340\201]""; "
1750527539048,1750527539048,1199,1,0,2,TMGetLedger,"itype: liBASE; ledgerHash: ""\326+\03569g\235`}\354\203s\003\217_Vf \233\324\237yU<\242:Zr\321\340\201]""; ","itype: liBASE; ledgerHash: ""\326+\03569g\235`}\354\203s\003\217_Vf \233\324\237yU<\242:Zr\321\340\201]""; "
1750527539049,1750527539049,3375,1,0,1,TMGetLedger,"itype: liBASE; ledgerHash: ""\326+\03569g\235`}\354\203s\003\217_Vf \233\324\237yU<\242:Zr\321\340\201]""; queryType: qtINDIRECT; ","itype: liBASE; ledgerHash: ""\326+\03569g\235`}\354\203s\003\217_Vf \233\324\237yU<\242:Zr\321\340\201]""; queryType: qtINDIRECT; "
1750527539049,1750527539049,380,1,0,4,TMGetLedger,"itype: liBASE; ledgerHash: ""\326+\03569g\235`}\354\203s\003\217_Vf \233\324\237yU<\242:Zr\321\340\201]""; queryType: qtINDIRECT; ","itype: liBASE; ledgerHash: ""\326+\03569g\235`}\354\203s\003\217_Vf \233\324\237yU<\242:Zr\321\340\201]""; queryType: qtINDIRECT; "
1750527539062,1750527539062,3375,1,0,1,TMGetLedger,"itype: liTS_CANDIDATE; ledgerHash: ""\341\310\354\0213\033\013\350\207z\236R(|z&\034\335\266\323\356\205\273DV\210\254\213T\rZ\347""; nodeIDs: ""\000\000\000\000\000\000\000\000\000\000\000\000\000\000\000\000\000\000\000\000\000\000\000\000\000\000\000\000\000\000\000\000\000""; requestCookie: 5; queryType: qtINDIRECT; queryDepth: 3; ","itype: liTS_CANDIDATE; ledgerHash: ""\341\310\354\0213\033\013\350\207z\236R(|z&\034\335\266\323\356\205\273DV\210\254\213T\rZ\347""; nodeIDs: ""\000\000\000\000\000\000\000\000\000\000\000\000\000\000\000\000\000\000\000\000\000\000\000\000\000\000\000\000\000\000\000\000\000""; requestCookie: 5; queryType: qtINDIRECT; queryDepth: 3; "
1750527539062,1750527539063,4000,1,2,3,TMGetLedger,"itype: liTS_CANDIDATE; ledgerHash: ""\363\262\310\025\251\261\276X\247\260J\221\345\357\037\231)|\321K\000\\326E\004\377\005\255""A?\250""; nodeIDs: ""\000\000\000\000\000\000\000\000\000\000\000\000\000\000\000\000\000\000\000\000\000\000\000\000\000\000\000\000\000\000\000\000\000""; requestCookie: 2; queryType: qtINDIRECT; queryDepth: 3; ","itype: liTS_CANDIDATE; ledgerHash: ""\363\262\310\025\251\261\276X\247\260J\221\345\357\037\231)|\321K\000\\326E\004\377\005\255""A?\250""; nodeIDs: ""\000\000\000\000\000\000\000\000\000\000\000\000\000\000\000\000\000\000\000\000\000\000\000\000\000\000\000\000\000\000\000\000\000""; requestCookie: 2; queryType: qtINDIRECT; queryDepth: 3; "
1750527539065,1750527539065,3422,1,0,3,TMValidation,"validation: """"\200\000\000\001&\000\000\000\007)/\351\252\261:\303`\246;Q\203[_Q\326+\03569g\235`}\354\203s\003\217_Vf \233\324\237yU<\242:Zr\321\340\201]P\027\341\310\354\0213\033\013\350\207z\236R(|z&\034\335\266\323\356\205\273DV\210\254\213T\rZ\347P\031\360\215\2502\265\245\310\226\243c\302Ze\306\253#r\020\211\320iG\276\020E\317\035Sf\223F\254s!\002\266\377\271\344:\030\221i\267\257\215\237M\014\3345f\014\273|\207\367\334\337F\325\004cxB\211LvG0E\002!\000\237\224L\326\022\330X\267\265&\351\023\340r\023\232\255f\306\211lf\347\000\374M\242\210K<I\357\002 )\325\316a\261F/0\213\003BY\r.\224\227\036\032\366g\304P\213\341pt\2563\367\222\3416""; ","validation: """"\200\000\000\001&\000\000\000\007)/\351\252\261:\303`\246;Q\203[_Q\326+\03569g\235`}\354\203s\003\217_Vf \233\324\237yU<\242:Zr\321\340\201]P\027\341\310\354\0213\033\013\350\207z\236R(|z&\034\335\266\323\356\205\273DV\210\254\213T\rZ\347P\031\360\215\2502\265\245\310\226\243c\302Ze\306\253#r\020\211\320iG\276\020E\317\035Sf\223F\254s!\002\266\377\271\344:\030\221i\267\257\215\237M\014\3345f\014\273|\207\367\334\337F\325\004cxB\211LvG0E\002!\000\237\224L\326\022\330X\267\265&\351\023\340r\023\232\255f\306\211lf\347\000\374M\242\210K<I\357\002 )\325\316a\261F/0\213\003BY\r.\224\227\036\032\366g\304P\213\341pt\2563\367\222\3416""; "
1750527539065,1750527539065,3094,1,0,3,TMGetLedger,"itype: liBASE; ledgerHash: ""\326+\03569g\235`}\354\203s\003\217_Vf \233\324\237yU<\242:Zr\321\340\201]""; ","itype: liBASE; ledgerHash: ""\326+\03569g\235`}\354\203s\003\217_Vf \233\324\237yU<\242:Zr\321\340\201]""; "
1750527539065,1750527539065,3094,1,0,3,TMGetLedger,"itype: liBASE; ledgerHash: ""\326+\03569g\235`}\354\203s\003\217_Vf \233\324\237yU<\242:Zr\321\340\201]""; queryType: qtINDIRECT; ","itype: liBASE; ledgerHash: ""\326+\03569g\235`}\354\203s\003\217_Vf \233\324\237yU<\242:Zr\321\340\201]""; queryType: qtINDIRECT; "
1750527539068,1750527539068,1769,1,2,1,TMLedgerData,"ledgerHash: ""[\000\302\314\326\214\276@c\240\272\222{\363\314\032\213\311\316\246/\330\302\014>\022\346\234\347\264\270\350""; ledgerSeq: 0; type: liTS_CANDIDATE; nodes {;   nodedata: ""\002i\361\030\371\256\265\036\320\273\013\357<\215/(\215[\231D\357Gd\372\270\316\261\301\342\327\225\241\000GZ\227\022t\201\240u\2324P\027\307M\337'Y\361[IAD\351\374!\232\005\337\376\252\251g\004\003"";   nodeid: ""\000\000\000\000\000\000\000\000\000\000\000\000\000\000\000\000\000\000\000\000\000\000\000\000\000\000\000\000\000\000\000\000\000""; }; ","ledgerHash: ""[\000\302\314\326\214\276@c\240\272\222{\363\314\032\213\311\316\246/\330\302\014>\022\346\234\347\264\270\350""; ledgerSeq: 0; type: liTS_CANDIDATE; nodes {;   nodedata: ""\002i\361\030\371\256\265\036\320\273\013\357<\215/(\215[\231D\357Gd\372\270\316\261\301\342\327\225\241\000GZ\227\022t\201\240u\2324P\027\307M\337'Y\361[IAD\351\374!\232\005\337\376\252\251g\004\003"";   nodeid: ""\000\000\000\000\000\000\000\000\000\000\000\000\000\000\000\000\000\000\000\000\000\000\000\000\000\000\000\000\000\000\000\000\000""; }; "
1750527539070,1750527539070,3736,1,3,4,TMValidation,"validation: """"\200\000\000\001&\000\000\000\007)/\351\252\261:\r\302\353\023?\373\240rQ\033@\177e\277\016\010u\327\371&\262\312\317Q\2361t\377x\234\001v\003%\030\325_\225g\204\346P\027\363\262\310\025\251\261\276X\247\260J\221\345\357\037\231)|\321K\000\\326E\004\377\005\255""A?\250P\031\360\215\2502\265\245\310\226\243c\302Ze\306\253#r\020\211\320iG\276\020E\317\035Sf\223F\254s!\003R7o\362bV\300hf\266\241;}\200^\374\240\203[:\342Q\225\221\027y\372\255\235\216\323~vF0D\002 qW\215\342\275\252\365\353\337\202\362\260\t\310\274\365*\220s\320\366#\026\005r#\356\244S\034\256\000\002 t~4\206`\0268\277@T6:\365\rE'\372\202\247\215'.BTr\250\354\367\247\037\016%""; ","validation: """"\200\000\000\001&\000\000\000\007)/\351\252\261:\r\302\353\023?\373\240rQ\033@\177e\277\016\010u\327\371&\262\312\317Q\2361t\377x\234\001v\003%\030\325_\225g\204\346P\027\363\262\310\025\251\261\276X\247\260J\221\345\357\037\231)|\321K\000\\326E\004\377\005\255""A?\250P\031\360\215\2502\265\245\310\226\243c\302Ze\306\253#r\020\211\320iG\276\020E\317\035Sf\223F\254s!\003R7o\362bV\300hf\266\241;}\200^\374\240\203[:\342Q\225\221\027y\372\255\235\216\323~vF0D\002 qW\215\342\275\252\365\353\337\202\362\260\t\310\274\365*\220s\320\366#\026\005r#\356\244S\034\256\000\002 t~4\206`\0268\277@T6:\365\rE'\372\202\247\215'.BTr\250\354\367\247\037\016%""; "
1750527539070,1750527539070,1777,1,3,0,TMValidation,"validation: """"\200\000\000\001&\000\000\000\007)/\351\252\261:\r\302\353\023?\373\240rQ\033@\177e\277\016\010u\327\371&\262\312\317Q\2361t\377x\234\001v\003%\030\325_\225g\204\346P\027\363\262\310\025\251\261\276X\247\260J\221\345\357\037\231)|\321K\000\\326E\004\377\005\255""A?\250P\031\360\215\2502\265\245\310\226\243c\302Ze\306\253#r\020\211\320iG\276\020E\317\035Sf\223F\254s!\003R7o\362bV\300hf\266\241;}\200^\374\240\203[:\342Q\225\221\027y\372\255\235\216\323~vF0D\002 qW\215\342\275\252\365\353\337\202\362\260\t\310\274\365*\220s\320\366#\026\005r#\356\244S\034\256\000\002 t~4\206`\0268\277@T6:\365\rE'\372\202\247\215'.BTr\250\354\367\247\037\016%""; ","validation: """"\200\000\000\001&\000\000\000\007)/\351\252\261:\r\302\353\023?\373\240rQ\033@\177e\277\016\010u\327\371&\262\312\317Q\2361t\377x\234\001v\003%\030\325_\225g\204\346P\027\363\262\310\025\251\261\276X\247\260J\221\345\357\037\231)|\321K\000\\326E\004\377\005\255""A?\250P\031\360\215\2502\265\245\310\226\243c\302Ze\306\253#r\020\211\320iG\276\020E\317\035Sf\223F\254s!\003R7o\362bV\300hf\266\241;}\200^\374\240\203[:\342Q\225\221\027y\372\255\235\216\323~vF0D\002 qW\215\342\275\252\365\353\337\202\362\260\t\310\274\365*\220s\320\366#\026\005r#\356\244S\034\256\000\002 t~4\206`\0268\277@T6:\365\rE'\372\202\247\215'.BTr\250\354\367\247\037\016%""; "
1750527539070,1750527539070,3459,1,3,1,TMValidation,"validation: """"\200\000\000\001&\000\000\000\007)/\351\252\261:\r\302\353\023?\373\240rQ\033@\177e\277\016\010u\327\371&\262\312\317Q\2361t\377x\234\001v\003%\030\325_\225g\204\346P\027\363\262\310\025\251\261\276X\247\260J\221\345\357\037\231)|\321K\000\\326E\004\377\005\255""A?\250P\031\360\215\2502\265\245\310\226\243c\302Ze\306\253#r\020\211\320iG\276\020E\317\035Sf\223F\254s!\003R7o\362bV\300hf\266\241;}\200^\374\240\203[:\342Q\225\221\027y\372\255\235\216\323~vF0D\002 qW\215\342\275\252\365\353\337\202\362\260\t\310\274\365*\220s\320\366#\026\005r#\356\244S\034\256\000\002 t~4\206`\0268\277@T6:\365\rE'\372\202\247\215'.BTr\250\354\367\247\037\016%""; ","validation: """"\200\000\000\001&\000\000\000\007)/\351\252\261:\r\302\353\023?\373\240rQ\033@\177e\277\016\010u\327\371&\262\312\317Q\2361t\377x\234\001v\003%\030\325_\225g\204\346P\027\363\262\310\025\251\261\276X\247\260J\221\345\357\037\231)|\321K\000\\326E\004\377\005\255""A?\250P\031\360\215\2502\265\245\310\226\243c\302Ze\306\253#r\020\211\320iG\276\020E\317\035Sf\223F\254s!\003R7o\362bV\300hf\266\241;}\200^\374\240\203[:\342Q\225\221\027y\372\255\235\216\323~vF0D\002 qW\215\342\275\252\365\353\337\202\362\260\t\310\274\365*\220s\320\366#\026\005r#\356\244S\034\256\000\002 t~4\206`\0268\277@T6:\365\rE'\372\202\247\215'.BTr\250\354\367\247\037\016%""; "
1750527539090,1750527539090,1199,1,0,2,TMGetLedger,"itype: liBASE; ledgerHash: ""\326+\03569g\235`}\354\203s\003\217_Vf \233\324\237yU<\242:Zr\321\340\201]""; queryType: qtINDIRECT; ","itype: liBASE; ledgerHash: ""\326+\03569g\235`}\354\203s\003\217_Vf \233\324\237yU<\242:Zr\321\340\201]""; queryType: qtINDIRECT; "
1750527539112,1750527539112,1199,1,0,2,TMGetLedger,"itype: liTS_CANDIDATE; ledgerHash: ""\363\262\310\025\251\261\276X\247\260J\221\345\357\037\231)|\321K\000\\326E\004\377\005\255""A?\250""; nodeIDs: ""\000\000\000\000\000\000\000\000\000\000\000\000\000\000\000\000\000\000\000\000\000\000\000\000\000\000\000\000\000\000\000\000\000""; queryType: qtINDIRECT; queryDepth: 3; ","itype: liTS_CANDIDATE; ledgerHash: ""\363\262\310\025\251\261\276X\247\260J\221\345\357\037\231)|\321K\000\\326E\004\377\005\255""A?\250""; nodeIDs: ""\000\000\000\000\000\000\000\000\000\000\000\000\000\000\000\000\000\000\000\000\000\000\000\000\000\000\000\000\000\000\000\000\000""; queryType: qtINDIRECT; queryDepth: 3; "
1750527539112,1750527539113,380,1,0,4,TMGetLedger,"itype: liTS_CANDIDATE; ledgerHash: ""\363\262\310\025\251\261\276X\247\260J\221\345\357\037\231)|\321K\000\\326E\004\377\005\255""A?\250""; nodeIDs: ""\000\000\000\000\000\000\000\000\000\000\000\000\000\000\000\000\000\000\000\000\000\000\000\000\000\000\000\000\000\000\000\000\000""; queryType: qtINDIRECT; queryDepth: 3; ","itype: liTS_CANDIDATE; ledgerHash: ""\363\262\310\025\251\261\276X\247\260J\221\345\357\037\231)|\321K\000\\326E\004\377\005\255""A?\250""; nodeIDs: ""\000\000\000\000\000\000\000\000\000\000\000\000\000\000\000\000\000\000\000\000\000\000\000\000\000\000\000\000\000\000\000\000\000""; queryType: qtINDIRECT; queryDepth: 3; "
1750527539113,1750527539113,3375,1,0,1,TMGetLedger,"itype: liTS_CANDIDATE; ledgerHash: ""\363\262\310\025\251\261\276X\247\260J\221\345\357\037\231)|\321K\000\\326E\004\377\005\255""A?\250""; nodeIDs: ""\000\000\000\000\000\000\000\000\000\000\000\000\000\000\000\000\000\000\000\000\000\000\000\000\000\000\000\000\000\000\000\000\000""; queryType: qtINDIRECT; queryDepth: 3; ","itype: liTS_CANDIDATE; ledgerHash: ""\363\262\310\025\251\261\276X\247\260J\221\345\357\037\231)|\321K\000\\326E\004\377\005\255""A?\250""; nodeIDs: ""\000\000\000\000\000\000\000\000\000\000\000\000\000\000\000\000\000\000\000\000\000\000\000\000\000\000\000\000\000\000\000\000\000""; queryType: qtINDIRECT; queryDepth: 3; "
1750527539113,1750527539113,3094,1,0,3,TMGetLedger,"itype: liTS_CANDIDATE; ledgerHash: ""\363\262\310\025\251\261\276X\247\260J\221\345\357\037\231)|\321K\000\\326E\004\377\005\255""A?\250""; nodeIDs: ""\000\000\000\000\000\000\000\000\000\000\000\000\000\000\000\000\000\000\000\000\000\000\000\000\000\000\000\000\000\000\000\000\000""; queryType: qtINDIRECT; queryDepth: 3; ","itype: liTS_CANDIDATE; ledgerHash: ""\363\262\310\025\251\261\276X\247\260J\221\345\357\037\231)|\321K\000\\326E\004\377\005\255""A?\250""; nodeIDs: ""\000\000\000\000\000\000\000\000\000\000\000\000\000\000\000\000\000\000\000\000\000\000\000\000\000\000\000\000\000\000\000\000\000""; queryType: qtINDIRECT; queryDepth: 3; "
1750527539129,1750527539129,1932,1,4,0,TMGetLedger,"itype: liTS_CANDIDATE; ledgerHash: ""\341\310\354\0213\033\013\350\207z\236R(|z&\034\335\266\323\356\205\273DV\210\254\213T\rZ\347""; nodeIDs: ""\000\000\000\000\000\000\000\000\000\000\000\000\000\000\000\000\000\000\000\000\000\000\000\000\000\000\000\000\000\000\000\000\000""; queryType: qtINDIRECT; queryDepth: 3; ","itype: liTS_CANDIDATE; ledgerHash: ""\341\310\354\0213\033\013\350\207z\236R(|z&\034\335\266\323\356\205\273DV\210\254\213T\rZ\347""; nodeIDs: ""\000\000\000\000\000\000\000\000\000\000\000\000\000\000\000\000\000\000\000\000\000\000\000\000\000\000\000\000\000\000\000\000\000""; queryType: qtINDIRECT; queryDepth: 3; "
1750527539130,1750527539130,559,1,4,3,TMGetLedger,"itype: liTS_CANDIDATE; ledgerHash: ""\341\310\354\0213\033\013\350\207z\236R(|z&\034\335\266\323\356\205\273DV\210\254\213T\rZ\347""; nodeIDs: ""\000\000\000\000\000\000\000\000\000\000\000\000\000\000\000\000\000\000\000\000\000\000\000\000\000\000\000\000\000\000\000\000\000""; queryType: qtINDIRECT; queryDepth: 3; ","itype: liTS_CANDIDATE; ledgerHash: ""\341\310\354\0213\033\013\350\207z\236R(|z&\034\335\266\323\356\205\273DV\210\254\213T\rZ\347""; nodeIDs: ""\000\000\000\000\000\000\000\000\000\000\000\000\000\000\000\000\000\000\000\000\000\000\000\000\000\000\000\000\000\000\000\000\000""; queryType: qtINDIRECT; queryDepth: 3; "
1750527539129,1750527539129,2309,1,4,2,TMGetLedger,"itype: liTS_CANDIDATE; ledgerHash: ""\341\310\354\0213\033\013\350\207z\236R(|z&\034\335\266\323\356\205\273DV\210\254\213T\rZ\347""; nodeIDs: ""\000\000\000\000\000\000\000\000\000\000\000\000\000\000\000\000\000\000\000\000\000\000\000\000\000\000\000\000\000\000\000\000\000""; queryType: qtINDIRECT; queryDepth: 3; ","itype: liTS_CANDIDATE; ledgerHash: ""\341\310\354\0213\033\013\350\207z\236R(|z&\034\335\266\323\356\205\273DV\210\254\213T\rZ\347""; nodeIDs: ""\000\000\000\000\000\000\000\000\000\000\000\000\000\000\000\000\000\000\000\000\000\000\000\000\000\000\000\000\000\000\000\000\000""; queryType: qtINDIRECT; queryDepth: 3; "
1750527539130,1750527539130,2101,1,4,1,TMGetLedger,"itype: liTS_CANDIDATE; ledgerHash: ""\341\310\354\0213\033\013\350\207z\236R(|z&\034\335\266\323\356\205\273DV\210\254\213T\rZ\347""; nodeIDs: ""\000\000\000\000\000\000\000\000\000\000\000\000\000\000\000\000\000\000\000\000\000\000\000\000\000\000\000\000\000\000\000\000\000""; queryType: qtINDIRECT; queryDepth: 3; ","itype: liTS_CANDIDATE; ledgerHash: ""\341\310\354\0213\033\013\350\207z\236R(|z&\034\335\266\323\356\205\273DV\210\254\213T\rZ\347""; nodeIDs: ""\000\000\000\000\000\000\000\000\000\000\000\000\000\000\000\000\000\000\000\000\000\000\000\000\000\000\000\000\000\000\000\000\000""; queryType: qtINDIRECT; queryDepth: 3; "
1750527539131,1750527539131,3375,1,0,1,TMGetLedger,"itype: liTS_CANDIDATE; ledgerHash: ""\341\310\354\0213\033\013\350\207z\236R(|z&\034\335\266\323\356\205\273DV\210\254\213T\rZ\347""; nodeIDs: ""\000\000\000\000\000\000\000\000\000\000\000\000\000\000\000\000\000\000\000\000\000\000\000\000\000\000\000\000\000\000\000\000\000""; requestCookie: 3; queryType: qtINDIRECT; queryDepth: 3; ","itype: liTS_CANDIDATE; ledgerHash: ""\341\310\354\0213\033\013\350\207z\236R(|z&\034\335\266\323\356\205\273DV\210\254\213T\rZ\347""; nodeIDs: ""\000\000\000\000\000\000\000\000\000\000\000\000\000\000\000\000\000\000\000\000\000\000\000\000\000\000\000\000\000\000\000\000\000""; requestCookie: 3; queryType: qtINDIRECT; queryDepth: 3; "
1750527539133,1750527539133,3375,1,0,1,TMGetLedger,"itype: liTS_CANDIDATE; ledgerHash: ""\341\310\354\0213\033\013\350\207z\236R(|z&\034\335\266\323\356\205\273DV\210\254\213T\rZ\347""; nodeIDs: ""\000\000\000\000\000\000\000\000\000\000\000\000\000\000\000\000\000\000\000\000\000\000\000\000\000\000\000\000\000\000\000\000\000""; requestCookie: 4; queryType: qtINDIRECT; queryDepth: 3; ","itype: liTS_CANDIDATE; ledgerHash: ""\341\310\354\0213\033\013\350\207z\236R(|z&\034\335\266\323\356\205\273DV\210\254\213T\rZ\347""; nodeIDs: ""\000\000\000\000\000\000\000\000\000\000\000\000\000\000\000\000\000\000\000\000\000\000\000\000\000\000\000\000\000\000\000\000\000""; requestCookie: 4; queryType: qtINDIRECT; queryDepth: 3; "
1750527539165,1750527539165,2309,1,4,2,TMGetLedger,"itype: liTS_CANDIDATE; ledgerHash: ""3\321\n7\354)\tf\006\357\205B<h\272GQ \344\262\236\025#\003\024&\310\034\352\376\326""; nodeIDs: ""\000\000\000\000\000\000\000\000\000\000\000\000\000\000\000\000\000\000\000\000\000\000\000\000\000\000\000\000\000\000\000\000\000""; queryType: qtINDIRECT; queryDepth: 3; ","itype: liTS_CANDIDATE; ledgerHash: ""3\321\n7\354)\tf\006\357\205B<h\272GQ \344\262\236\025#\003\024&\310\034\352\376\326""; nodeIDs: ""\000\000\000\000\000\000\000\000\000\000\000\000\000\000\000\000\000\000\000\000\000\000\000\000\000\000\000\000\000\000\000\000\000""; queryType: qtINDIRECT; queryDepth: 3; "
1750527539165,1750527539165,2101,1,4,1,TMGetLedger,"itype: liTS_CANDIDATE; ledgerHash: ""3\321\n7\354)\tf\006\357\205B<h\272GQ \344\262\236\025#\003\024&\310\034\352\376\326""; nodeIDs: ""\000\000\000\000\000\000\000\000\000\000\000\000\000\000\000\000\000\000\000\000\000\000\000\000\000\000\000\000\000\000\000\000\000""; queryType: qtINDIRECT; queryDepth: 3; ","itype: liTS_CANDIDATE; ledgerHash: ""3\321\n7\354)\tf\006\357\205B<h\272GQ \344\262\236\025#\003\024&\310\034\352\376\326""; nodeIDs: ""\000\000\000\000\000\000\000\000\000\000\000\000\000\000\000\000\000\000\000\000\000\000\000\000\000\000\000\000\000\000\000\000\000""; queryType: qtINDIRECT; queryDepth: 3; "
1750527539165,1750527539165,559,1,4,3,TMGetLedger,"itype: liTS_CANDIDATE; ledgerHash: ""3\321\n7\354)\tf\006\357\205B<h\272GQ \344\262\236\025#\003\024&\310\034\352\376\326""; nodeIDs: ""\000\000\000\000\000\000\000\000\000\000\000\000\000\000\000\000\000\000\000\000\000\000\000\000\000\000\000\000\000\000\000\000\000""; queryType: qtINDIRECT; queryDepth: 3; ","itype: liTS_CANDIDATE; ledgerHash: ""3\321\n7\354)\tf\006\357\205B<h\272GQ \344\262\236\025#\003\024&\310\034\352\376\326""; nodeIDs: ""\000\000\000\000\000\000\000\000\000\000\000\000\000\000\000\000\000\000\000\000\000\000\000\000\000\000\000\000\000\000\000\000\000""; queryType: qtINDIRECT; queryDepth: 3; "
1750527539170,1750527539170,1932,1,4,0,TMGetLedger,"itype: liTS_CANDIDATE; ledgerHash: ""3\321\n7\354)\tf\006\357\205B<h\272GQ \344\262\236\025#\003\024&\310\034\352\376\326""; nodeIDs: ""\000\000\000\000\000\000\000\000\000\000\000\000\000\000\000\000\000\000\000\000\000\000\000\000\000\000\000\000\000\000\000\000\000""; queryType: qtINDIRECT; queryDepth: 3; ","itype: liTS_CANDIDATE; ledgerHash: ""3\321\n7\354)\tf\006\357\205B<h\272GQ \344\262\236\025#\003\024&\310\034\352\376\326""; nodeIDs: ""\000\000\000\000\000\000\000\000\000\000\000\000\000\000\000\000\000\000\000\000\000\000\000\000\000\000\000\000\000\000\000\000\000""; queryType: qtINDIRECT; queryDepth: 3; "
1750527539170,1750527539170,1932,1,4,0,TMGetLedger,"itype: liTS_CANDIDATE; ledgerHash: ""3\321\n7\354)\tf\006\357\205B<h\272GQ \344\262\236\025#\003\024&\310\034\352\376\326""; nodeIDs: ""\000\000\000\000\000\000\000\000\000\000\000\000\000\000\000\000\000\000\000\000\000\000\000\000\000\000\000\000\000\000\000\000\000""; requestCookie: 4; queryType: qtINDIRECT; queryDepth: 3; ","itype: liTS_CANDIDATE; ledgerHash: ""3\321\n7\354)\tf\006\357\205B<h\272GQ \344\262\236\025#\003\024&\310\034\352\376\326""; nodeIDs: ""\000\000\000\000\000\000\000\000\000\000\000\000\000\000\000\000\000\000\000\000\000\000\000\000\000\000\000\000\000\000\000\000\000""; requestCookie: 4; queryType: qtINDIRECT; queryDepth: 3; "
1750527539173,1750527539174,3378,1,4,0,TMLedgerData,"ledgerHash: ""\033@\177e\277\016\010u\327\371&\262\312\317Q\2361t\377x\234\001v\003%\030\325_\225g\204\346""; ledgerSeq: 7; type: liBASE; nodes {;   nodedata: ""\000\000\000\007\001cEx]\211\377\330\360\215\2502\265\245\310\226\243c\302Ze\306\253#r\020\211\320iG\276\020E\317\035Sf\223F\254\002\370\316\212^2r\204\377\207q\251\315\325\027st\315\275D\367""\312l\350\374\304zy\305\007\340\030\220\357M\025\212p\\332\356\317\346Z\350r\255\236\025^\210\375\243\353\025X\213xq\220$\254,/\351\252\253/\351\252\264\n\000""; }; nodes {;   nodedata: ""\323C\344\327\264{\312-\017:\006{\177\344N\002\326bO\260\220\006\033\362\345\005U\221DzJ0\001\301\025%1L\307\t\261\262z\374\222T\301\274V\236\223\262\270Ct\362\337b\356\024*\324\320\351\317\002k\336\234\027v\351\217\260\303\360\233ZPZWr\246$w\313\313\r\243r\232\2234\373\3539:N\004Q\245\272D\312D\300\300\t\323\0257\345e\271\na\215{\226\255x%T\257\037\333\004\344_/R\006E\344\037@\210\363\010\336T\226\247'\204_{\261\370""1\235\2445\343\033Y!\212\201\341\272\225'\007Z\314\023h\n\020~\036\324P\254\001\274\227n\020\273\023\010\nq\216Z\344\004\3612B\205\257\335\036\013\003""; }; nodes {;   nodedata: ""o\324D\221#\020\205W\305\353\227hj\364\005l\234.@%-\272\034\327\352\rf\2573\006\026\236\004\003""; }; ","ledgerHash: ""\033@\177e\277\016\010u\327\371&\262\312\317Q\2361t\377x\234\001v\003%\030\325_\225g\204\346""; ledgerSeq: 7; type: liBASE; nodes {;   nodedata: ""\000\000\000\007\001cEx]\211\377\330\360\215\2502\265\245\310\226\243c\302Ze\306\253#r\020\211\320iG\276\020E\317\035Sf\223F\254\002\370\316\212^2r\204\377\207q\251\315\325\027st\315\275D\367""\312l\350\374\304zy\305\007\340\030\220\357M\025\212p\\332\356\317\346Z\350r\255\236\025^\210\375\243\353\025X\213xq\220$\254,/\351\252\253/\351\252\264\n\000""; }; nodes {;   nodedata: ""\323C\344\327\264{\312-\017:\006{\177\344N\002\326bO\260\220\006\033\362\345\005U\221DzJ0\001\301\025%1L\307\t\261\262z\374\222T\301\274V\236\223\262\270Ct\362\337b\356\024*\324\320\351\317\002k\336\234\027v\351\217\260\303\360\233ZPZWr\246$w\313\313\r\243r\232\2234\373\3539:N\004Q\245\272D\312D\300\300\t\323\0257\345e\271\na\215{\226\255x%T\257\037\333\004\344_/R\006E\344\037@\210\363\010\336T\226\247'\204_{\261\370""1\235\2445\343\033Y!\212\201\341\272\225'\007Z\314\023h\n\020~\036\324P\254\001\274\227n\020\273\023\010\nq\216Z\344\004\3612B\205\257\335\036\013\003""; }; nodes {;   nodedata: ""o\324D\221#\020\205W\305\353\227hj\364\005l\234.@%-\272\034\327\352\rf\2573\006\026\236\004\003""; }; "
1750527539174,1750527539175,3378,1,4,0,TMLedgerData,"ledgerHash: ""\033@\177e\277\016\010u\327\371&\262\312\317Q\2361t\377x\234\001v\003%\030\325_\225g\204\346""; ledgerSeq: 7; type: liBASE; nodes {;   nodedata: ""\000\000\000\007\001cEx]\211\377\330\360\215\2502\265\245\310\226\243c\302Ze\306\253#r\020\211\320iG\276\020E\317\035Sf\223F\254\002\370\316\212^2r\204\377\207q\251\315\325\027st\315\275D\367""\312l\350\374\304zy\305\007\340\030\220\357M\025\212p\\332\356\317\346Z\350r\255\236\025^\210\375\243\353\025X\213xq\220$\254,/\351\252\253/\351\252\264\n\000""; }; nodes {;   nodedata: ""\323C\344\327\264{\312-\017:\006{\177\344N\002\326bO\260\220\006\033\362\345\005U\221DzJ0\001\301\025%1L\307\t\261\262z\374\222T\301\274V\236\223\262\270Ct\362\337b\356\024*\324\320\351\317\002k\336\234\027v\351\217\260\303\360\233ZPZWr\246$w\313\313\r\243r\232\2234\373\3539:N\004Q\245\272D\312D\300\300\t\323\0257\345e\271\na\215{\226\255x%T\257\037\333\004\344_/R\006E\344\037@\210\363\010\336T\226\247'\204_{\261\370""1\235\2445\343\033Y!\212\201\341\272\225'\007Z\314\023h\n\020~\036\324P\254\001\274\227n\020\273\023\010\nq\216Z\344\004\3612B\205\257\335\036\013\003""; }; nodes {;   nodedata: ""o\324D\221#\020\205W\305\353\227hj\364\005l\234.@%-\272\034\327\352\rf\2573\006\026\236\004\003""; }; ","ledgerHash: ""\033@\177e\277\016\010u\327\371&\262\312\317Q\2361t\377x\234\001v\003%\030\325_\225g\204\346""; ledgerSeq: 7; type: liBASE; nodes {;   nodedata: ""\000\000\000\007\001cEx]\211\377\330\360\215\2502\265\245\310\226\243c\302Ze\306\253#r\020\211\320iG\276\020E\317\035Sf\223F\254\002\370\316\212^2r\204\377\207q\251\315\325\027st\315\275D\367""\312l\350\374\304zy\305\007\340\030\220\357M\025\212p\\332\356\317\346Z\350r\255\236\025^\210\375\243\353\025X\213xq\220$\254,/\351\252\253/\351\252\264\n\000""; }; nodes {;   nodedata: ""\323C\344\327\264{\312-\017:\006{\177\344N\002\326bO\260\220\006\033\362\345\005U\221DzJ0\001\301\025%1L\307\t\261\262z\374\222T\301\274V\236\223\262\270Ct\362\337b\356\024*\324\320\351\317\002k\336\234\027v\351\217\260\303\360\233ZPZWr\246$w\313\313\r\243r\232\2234\373\3539:N\004Q\245\272D\312D\300\300\t\323\0257\345e\271\na\215{\226\255x%T\257\037\333\004\344_/R\006E\344\037@\210\363\010\336T\226\247'\204_{\261\370""1\235\2445\343\033Y!\212\201\341\272\225'\007Z\314\023h\n\020~\036\324P\254\001\274\227n\020\273\023\010\nq\216Z\344\004\3612B\205\257\335\036\013\003""; }; nodes {;   nodedata: ""o\324D\221#\020\205W\305\353\227hj\364\005l\234.@%-\272\034\327\352\rf\2573\006\026\236\004\003""; }; "
1750527539189,1750527539189,2079,1,3,1,TMGetLedger,"itype: liTS_CANDIDATE; ledgerHash: ""\341\310\354\0213\033\013\350\207z\236R(|z&\034\335\266\323\356\205\273DV\210\254\213T\rZ\347""; nodeIDs: ""\000\000\000\000\000\000\000\000\000\000\000\000\000\000\000\000\000\000\000\000\000\000\000\000\000\000\000\000\000\000\000\000\000""; requestCookie: 5; queryType: qtINDIRECT; queryDepth: 3; ","itype: liTS_CANDIDATE; ledgerHash: ""\341\310\354\0213\033\013\350\207z\236R(|z&\034\335\266\323\356\205\273DV\210\254\213T\rZ\347""; nodeIDs: ""\000\000\000\000\000\000\000\000\000\000\000\000\000\000\000\000\000\000\000\000\000\000\000\000\000\000\000\000\000\000\000\000\000""; requestCookie: 5; queryType: qtINDIRECT; queryDepth: 3; "
1750527539191,1750527539191,782,1,0,4,TMValidation,"validation: """"\200\000\000\001&\000\000\000\007)/\351\252\261:p\210\265\307-\212\200\004Q\033@\177e\277\016\010u\327\371&\262\312\317Q\2361t\377x\234\001v\003%\030\325_\225g\204\346P\027\363\262\310\025\251\261\276X\247\260J\221\345\357\037\231)|\321K\000\\326E\004\377\005\255""A?\250P\031\360\215\2502\265\245\310\226\243c\302Ze\306\253#r\020\211\320iG\276\020E\317\035Sf\223F\254s!\002\364d\217\366\217|\316F\232\231\241\n\261\333`\312O\367\235\025DD\336e\367\n\312\326\221\037\025\230vG0E\002!\000\216\326""\204\002,\317\244\026G\025Ut\273rs6K\330\375\326~\035\001q0\023\210-/f#\002 '\035o\205\030\010\013\036\360+\231\365\333!\254Yg3X\251@\301|r\252bB&\261\341\2410""; ","validation: """"\200\000\000\001&\000\000\000\007)/\351\252\261:p\210\265\307-\212\200\004Q\033@\177e\277\016\010u\327\371&\262\312\317Q\2361t\377x\234\001v\003%\030\325_\225g\204\346P\027\363\262\310\025\251\261\276X\247\260J\221\345\357\037\231)|\321K\000\\326E\004\377\005\255""A?\250P\031\360\215\2502\265\245\310\226\243c\302Ze\306\253#r\020\211\320iG\276\020E\317\035Sf\223F\254s!\002\364d\217\366\217|\316F\232\231\241\n\261\333`\312O\367\235\025DD\336e\367\n\312\326\221\037\025\230vG0E\002!\000\216\326""\204\002,\317\244\026G\025Ut\273rs6K\330\375\326~\035\001q0\023\210-/f#\002 '\035o\205\030\010\013\036\360+\231\365\333!\254Yg3X\251@\301|r\252bB&\261\341\2410""; "
1750527539191,1750527539191,1933,1,0,2,TMValidation,"validation: """"\200\000\000\001&\000\000\000\007)/\351\252\261:p\210\265\307-\212\200\004Q\033@\177e\277\016\010u\327\371&\262\312\317Q\2361t\377x\234\001v\003%\030\325_\225g\204\346P\027\363\262\310\025\251\261\276X\247\260J\221\345\357\037\231)|\321K\000\\326E\004\377\005\255""A?\250P\031\360\215\2502\265\245\310\226\243c\302Ze\306\253#r\020\211\320iG\276\020E\317\035Sf\223F\254s!\002\364d\217\366\217|\316F\232\231\241\n\261\333`\312O\367\235\025DD\336e\367\n\312\326\221\037\025\230vG0E\002!\000\216\326""\204\002,\317\244\026G\025Ut\273rs6K\330\375\326~\035\001q0\023\210-/f#\002 '\035o\205\030\010\013\036\360+\231\365\333!\254Yg3X\251@\301|r\252bB&\261\341\2410""; ","validation: """"\200\000\000\001&\000\000\000\007)/\351\252\261:p\210\265\307-\212\200\004Q\033@\177e\277\016\010u\327\371&\262\312\317Q\2361t\377x\234\001v\003%\030\325_\225g\204\346P\027\363\262\310\025\251\261\276X\247\260J\221\345\357\037\231)|\321K\000\\326E\004\377\005\255""A?\250P\031\360\215\2502\265\245\310\226\243c\302Ze\306\253#r\020\211\320iG\276\020E\317\035Sf\223F\254s!\002\364d\217\366\217|\316F\232\231\241\n\261\333`\312O\367\235\025DD\336e\367\n\312\326\221\037\025\230vG0E\002!\000\216\326""\204\002,\317\244\026G\025Ut\273rs6K\330\375\326~\035\001q0\023\210-/f#\002 '\035o\205\030\010\013\036\360+\231\365\333!\254Yg3X\251@\301|r\252bB&\261\341\2410""; "
1750527539191,1750527539191,2261,1,0,1,TMValidation,"validation: """"\200\000\000\001&\000\000\000\007)/\351\252\261:p\210\265\307-\212\200\004Q\033@\177e\277\016\010u\327\371&\262\312\317Q\2361t\377x\234\001v\003%\030\325_\225g\204\346P\027\363\262\310\025\251\261\276X\247\260J\221\345\357\037\231)|\321K\000\\326E\004\377\005\255""A?\250P\031\360\215\2502\265\245\310\226\243c\302Ze\306\253#r\020\211\320iG\276\020E\317\035Sf\223F\254s!\002\364d\217\366\217|\316F\232\231\241\n\261\333`\312O\367\235\025DD\336e\367\n\312\326\221\037\025\230vG0E\002!\000\216\326""\204\002,\317\244\026G\025Ut\273rs6K\330\375\326~\035\001q0\023\210-/f#\002 '\035o\205\030\010\013\036\360+\231\365\333!\254Yg3X\251@\301|r\252bB&\261\341\2410""; ","validation: """"\200\000\000\001&\000\000\000\007)/\351\252\261:p\210\265\307-\212\200\004Q\033@\177e\277\016\010u\327\371&\262\312\317Q\2361t\377x\234\001v\003%\030\325_\225g\204\346P\027\363\262\310\025\251\261\276X\247\260J\221\345\357\037\231)|\321K\000\\326E\004\377\005\255""A?\250P\031\360\215\2502\265\245\310\226\243c\302Ze\306\253#r\020\211\320iG\276\020E\317\035Sf\223F\254s!\002\364d\217\366\217|\316F\232\231\241\n\261\333`\312O\367\235\025DD\336e\367\n\312\326\221\037\025\230vG0E\002!\000\216\326""\204\002,\317\244\026G\025Ut\273rs6K\330\375\326~\035\001q0\023\210-/f#\002 '\035o\205\030\010\013\036\360+\231\365\333!\254Yg3X\251@\301|r\252bB&\261\341\2410""; "
1750527539220,1750527539221,2920,1,1,0,TMGetLedger,"itype: liTS_CANDIDATE; ledgerHash: ""3\321\n7\354)\tf\006\357\205B<h\272GQ \344\262\236\025#\003\024&\310\034\352\376\326""; nodeIDs: ""\000\000\000\000\000\000\000\000\000\000\000\000\000\000\000\000\000\000\000\000\000\000\000\000\000\000\000\000\000\000\000\000\000""; requestCookie: 4; queryType: qtINDIRECT; queryDepth: 3; ","itype: liTS_CANDIDATE; ledgerHash: ""3\321\n7\354)\tf\006\357\205B<h\272GQ \344\262\236\025#\003\024&\310\034\352\376\326""; nodeIDs: ""\000\000\000\000\000\000\000\000\000\000\000\000\000\000\000\000\000\000\000\000\000\000\000\000\000\000\000\000\000\000\000\000\000""; requestCookie: 4; queryType: qtINDIRECT; queryDepth: 3; "
1750527539225,1750527539225,1150,1,3,4,TMLedgerData,"ledgerHash: ""3\321\n7\354)\tf\006\357\205B<h\272GQ \344\262\236\025#\003\024&\310\034\352\376\326""; ledgerSeq: 0; type: liTS_CANDIDATE; nodes {;   nodedata: ""'\240~~s\033\202\356\320\307\177Nt\203\315\245\305\276b\265\310\271\3319\245:\342=c\267\265\233\002\003"";   nodeid: ""\000\000\000\000\000\000\000\000\000\000\000\000\000\000\000\000\000\000\000\000\000\000\000\000\000\000\000\000\000\000\000\000\000""; }; ","ledgerHash: ""3\321\n7\354)\tf\006\357\205B<h\272GQ \344\262\236\025#\003\024&\310\034\352\376\326""; ledgerSeq: 0; type: liTS_CANDIDATE; nodes {;   nodedata: ""'\240~~s\033\202\356\320\307\177Nt\203\315\245\305\276b\265\310\271\3319\245:\342=c\267\265\233\002\003"";   nodeid: ""\000\000\000\000\000\000\000\000\000\000\000\000\000\000\000\000\000\000\000\000\000\000\000\000\000\000\000\000\000\000\000\000\000""; }; "
1750527539229,1750527539229,612,1,2,0,TMLedgerData,"ledgerHash: ""\276\230H\305\2714\032l\253n6W\035\354\257.f\r\217\302\203\224\212L\020\S\370\243OP*""; ledgerSeq: 7; type: liBASE; nodes {;   nodedata: ""\000\000\000\007\001cEx]\211\377\342\360\215\2502\265\245\310\226\243c\302Ze\306\253#r\020\211\320iG\276\020E\317\035Sf\223F\254\000\000\000\000\000\000\000\000\000\000\000\000\000\000\000\000\000\000\000\000\000\000\000\000\000\000\000\000\000\000\000\000\302r\207\007\303\237KvzB\356\335\030k\303\312\246:\352\202\037\210\2545\307\004\232\232\026\223SW/\351\252\253/\351\252\264\n\000""; }; nodes {;   nodedata: ""\341\035\262xv\226\317f5\366\365\252a\177\355\302\326\t\222~j\320f\374/ \363\256\257\361 \303\001\301\025%1L\307\t\261\262z\374\222T\301\274V\236\223\262\270Ct\362\337b\356\024*\324\320\351\317\002k\336\234\027v\351\217\260\303\360\233ZPZWr\246$w\313\313\r\243r\232\2234\373\3539:N\004;tP\302\307\005x\n\302lQ\275\237<g\321\233$\274p\355\310J\230\370\306\264\314\367C\275\272\006E\344\037@\210\363\010\336T\226\247'\204_{\261\370""1\235\2445\343\033Y!\212\201\341\272\225'\007Z\314\023h\n\020~\036\324P\254\001\274\227n\020\273\023\010\nq\216Z\344\004\3612B\205\257\335\036\013\003""; }; ","ledgerHash: ""\276\230H\305\2714\032l\253n6W\035\354\257.f\r\217\302\203\224\212L\020\S\370\243OP*""; ledgerSeq: 7; type: liBASE; nodes {;   nodedata: ""\000\000\000\007\001cEx]\211\377\342\360\215\2502\265\245\310\226\243c\302Ze\306\253#r\020\211\320iG\276\020E\317\035Sf\223F\254\000\000\000\000\000\000\000\000\000\000\000\000\000\000\000\000\000\000\000\000\000\000\000\000\000\000\000\000\000\000\000\000\302r\207\007\303\237KvzB\356\335\030k\303\312\246:\352\202\037\210\2545\307\004\232\232\026\223SW/\351\252\253/\351\252\264\n\000""; }; nodes {;   nodedata: ""\341\035\262xv\226\317f5\366\365\252a\177\355\302\326\t\222~j\320f\374/ \363\256\257\361 \303\001\301\025%1L\307\t\261\262z\374\222T\301\274V\236\223\262\270Ct\362\337b\356\024*\324\320\351\317\002k\336\234\027v\351\217\260\303\360\233ZPZWr\246$w\313\313\r\243r\232\2234\373\3539:N\004;tP\302\307\005x\n\302lQ\275\237<g\321\233$\274p\355\310J\230\370\306\264\314\367C\275\272\006E\344\037@\210\363\010\336T\226\247'\204_{\261\370""1\235\2445\343\033Y!\212\201\341\272\225'\007Z\314\023h\n\020~\036\324P\254\001\274\227n\020\273\023\010\nq\216Z\344\004\3612B\205\257\335\036\013\003""; }; "
1750527539231,1750527539231,1782,1,1,4,TMLedgerData,"ledgerHash: ""\341\310\354\0213\033\013\350\207z\236R(|z&\034\335\266\323\356\205\273DV\210\254\213T\rZ\347""; ledgerSeq: 0; type: liTS_CANDIDATE; nodes {;   nodedata: ""\256\322m\2146\221\305\341\316\031h?\276\005\207\253\236\tL;\371W\315\233X\345O\203\332\240\005\360\n\003"";   nodeid: ""\000\000\000\000\000\000\000\000\000\000\000\000\000\000\000\000\000\000\000\000\000\000\000\000\000\000\000\000\000\000\000\000\000""; }; ","ledgerHash: ""\341\310\354\0213\033\013\350\207z\236R(|z&\034\335\266\323\356\205\273DV\210\254\213T\rZ\347""; ledgerSeq: 0; type: liTS_CANDIDATE; nodes {;   nodedata: ""\256\322m\2146\221\305\341\316\031h?\276\005\207\253\236\tL;\371W\315\233X\345O\203\332\240\005\360\n\003"";   nodeid: ""\000\000\000\000\000\000\000\000\000\000\000\000\000\000\000\000\000\000\000\000\000\000\000\000\000\000\000\000\000\000\000\000\000""; }; "
1750527539233,1750527539234,1539,1,4,2,TMLedgerData,"ledgerHash: ""[\000\302\314\326\214\276@c\240\272\222{\363\314\032\213\311\316\246/\330\302\014>\022\346\234\347\264\270\350""; ledgerSeq: 0; type: liTS_CANDIDATE; nodes {;   nodedata: ""\002i\361\030\371\256\265\036\320\273\013\357<\215/(\215[\231D\357Gd\372\270\316\261\301\342\327\225\241\000GZ\227\022t\201\240u\2324P\027\307M\337'Y\361[IAD\351\374!\232\005\337\376\252\251g\004\003"";   nodeid: ""\000\000\000\000\000\000\000\000\000\000\000\000\000\000\000\000\000\000\000\000\000\000\000\000\000\000\000\000\000\000\000\000\000""; }; requestCookie: 3; ","ledgerHash: ""[\000\302\314\326\214\276@c\240\272\222{\363\314\032\213\311\316\246/\330\302\014>\022\346\234\347\264\270\350""; ledgerSeq: 0; type: liTS_CANDIDATE; nodes {;   nodedata: ""\002i\361\030\371\256\265\036\320\273\013\357<\215/(\215[\231D\357Gd\372\270\316\261\301\342\327\225\241\000GZ\227\022t\201\240u\2324P\027\307M\337'Y\361[IAD\351\374!\232\005\337\376\252\251g\004\003"";   nodeid: ""\000\000\000\000\000\000\000\000\000\000\000\000\000\000\000\000\000\000\000\000\000\000\000\000\000\000\000\000\000\000\000\000\000""; }; requestCookie: 3; "
1750527539239,1750527539239,3504,1,0,4,TMProposeSet,"proposeSeq: 1; currentTxHash: ""\000\000\000\000\000\000\000\000\000\000\000\000\000\000\000\000\000\000\000\000\000\000\000\000\000\000\000\000\000\000\000\000""; nodePubKey: ""\003\255\225A\213\332\224ehh\024BDq\224\250\335`\355\353{\357\266\335<\021\032\265\177\206\356&\215""; closeTime: 803842740; signature: ""0D\002 L\222\215\000-\205Y\250\330\205-\373\207H+*]\201\231/Gs.\036B\022\014\250(e\025\340\002 3a\252\022\244\305\000\316_\341\343\313\205\312\2434Mi\235\205c\344\321a\3567\021\311\241\256:b""; previousledger: ""\360\215\2502\265\245\310\226\243c\302Ze\306\253#r\020\211\320iG\276\020E\317\035Sf\223F\254""; ","proposeSeq: 1; currentTxHash: ""\000\000\000\000\000\000\000\000\000\000\000\000\000\000\000\000\000\000\000\000\000\000\000\000\000\000\000\000\000\000\000\000""; nodePubKey: ""\003\255\225A\213\332\224ehh\024BDq\224\250\335`\355\353{\357\266\335<\021\032\265\177\206\356&\215""; closeTime: 803842740; signature: ""0D\002 L\222\215\000-\205Y\250\330\205-\373\207H+*]\201\231/Gs.\036B\022\014\250(e\025\340\002 3a\252\022\244\305\000\316_\341\343\313\205\312\2434Mi\235\205c\344\321a\3567\021\311\241\256:b""; previousledger: ""\360\215\2502\265\245\310\226\243c\302Ze\306\253#r\020\211\320iG\276\020E\317\035Sf\223F\254""; "
1750527539240,1750527539241,3849,1,0,1,TMProposeSet,"proposeSeq: 1; currentTxHash: ""\000\000\000\000\000\000\000\000\000\000\000\000\000\000\000\000\000\000\000\000\000\000\000\000\000\000\000\000\000\000\000\000""; nodePubKey: ""\003\255\225A\213\332\224ehh\024BDq\224\250\335`\355\353{\357\266\335<\021\032\265\177\206\356&\215""; closeTime: 803842740; signature: ""0D\002 L\222\215\000-\205Y\250\330\205-\373\207H+*]\201\231/Gs.\036B\022\014\250(e\025\340\002 3a\252\022\244\305\000\316_\341\343\313\205\312\2434Mi\235\205c\344\321a\3567\021\311\241\256:b""; previousledger: ""\360\215\2502\265\245\310\226\243c\302Ze\306\253#r\020\211\320iG\276\020E\317\035Sf\223F\254""; ","proposeSeq: 1; currentTxHash: ""\000\000\000\000\000\000\000\000\000\000\000\000\000\000\000\000\000\000\000\000\000\000\000\000\000\000\000\000\000\000\000\000""; nodePubKey: ""\003\255\225A\213\332\224ehh\024BDq\224\250\335`\355\353{\357\266\335<\021\032\265\177\206\356&\215""; closeTime: 803842740; signature: ""0D\002 L\222\215\000-\205Y\250\330\205-\373\207H+*]\201\231/Gs.\036B\022\014\250(e\025\340\002 3a\252\022\244\305\000\316_\341\343\313\205\312\2434Mi\235\205c\344\321a\3567\021\311\241\256:b""; previousledger: ""\360\215\2502\265\245\310\226\243c\302Ze\306\253#r\020\211\320iG\276\020E\317\035Sf\223F\254""; "
1750527539240,1750527539240,142,1,0,3,TMProposeSet,"proposeSeq: 1; currentTxHash: ""\000\000\000\000\000\000\000\000\000\000\000\000\000\000\000\000\000\000\000\000\000\000\000\000\000\000\000\000\000\000\000\000""; nodePubKey: ""\003\255\225A\213\332\224ehh\024BDq\224\250\335`\355\353{\357\266\335<\021\032\265\177\206\356&\215""; closeTime: 803842740; signature: ""0D\002 L\222\215\000-\205Y\250\330\205-\373\207H+*]\201\231/Gs.\036B\022\014\250(e\025\340\002 3a\252\022\244\305\000\316_\341\343\313\205\312\2434Mi\235\205c\344\321a\3567\021\311\241\256:b""; previousledger: ""\360\215\2502\265\245\310\226\243c\302Ze\306\253#r\020\211\320iG\276\020E\317\035Sf\223F\254""; ","proposeSeq: 1; currentTxHash: ""\000\000\000\000\000\000\000\000\000\000\000\000\000\000\000\000\000\000\000\000\000\000\000\000\000\000\000\000\000\000\000\000""; nodePubKey: ""\003\255\225A\213\332\224ehh\024BDq\224\250\335`\355\353{\357\266\335<\021\032\265\177\206\356&\215""; closeTime: 803842740; signature: ""0D\002 L\222\215\000-\205Y\250\330\205-\373\207H+*]\201\231/Gs.\036B\022\014\250(e\025\340\002 3a\252\022\244\305\000\316_\341\343\313\205\312\2434Mi\235\205c\344\321a\3567\021\311\241\256:b""; previousledger: ""\360\215\2502\265\245\310\226\243c\302Ze\306\253#r\020\211\320iG\276\020E\317\035Sf\223F\254""; "
1750527539243,1750527539244,3378,1,4,0,TMLedgerData,"ledgerHash: ""\363\262\310\025\251\261\276X\247\260J\221\345\357\037\231)|\321K\000\\326E\004\377\005\255""A?\250""; ledgerSeq: 0; type: liTS_CANDIDATE; nodes {;   nodedata: ""MJ\275'\324\005\036\313\204nW\300\362\327\016\205\236\021\351Q6\021\355\301\372\322\276g\026\243\361M\004\003"";   nodeid: ""\000\000\000\000\000\000\000\000\000\000\000\000\000\000\000\000\000\000\000\000\000\000\000\000\000\000\000\000\000\000\000\000\000""; }; ","ledgerHash: ""\363\262\310\025\251\261\276X\247\260J\221\345\357\037\231)|\321K\000\\326E\004\377\005\255""A?\250""; ledgerSeq: 0; type: liTS_CANDIDATE; nodes {;   nodedata: ""MJ\275'\324\005\036\313\204nW\300\362\327\016\205\236\021\351Q6\021\355\301\372\322\276g\026\243\361M\004\003"";   nodeid: ""\000\000\000\000\000\000\000\000\000\000\000\000\000\000\000\000\000\000\000\000\000\000\000\000\000\000\000\000\000\000\000\000\000""; }; "
1750527539252,1750527539252,2079,1,3,1,TMGetLedger,"itype: liTS_CANDIDATE; ledgerHash: ""\341\310\354\0213\033\013\350\207z\236R(|z&\034\335\266\323\356\205\273DV\210\254\213T\rZ\347""; nodeIDs: ""\000\000\000\000\000\000\000\000\000\000\000\000\000\000\000\000\000\000\000\000\000\000\000\000\000\000\000\000\000\000\000\000\000""; queryType: qtINDIRECT; queryDepth: 3; ","itype: liTS_CANDIDATE; ledgerHash: ""\341\310\354\0213\033\013\350\207z\236R(|z&\034\335\266\323\356\205\273DV\210\254\213T\rZ\347""; nodeIDs: ""\000\000\000\000\000\000\000\000\000\000\000\000\000\000\000\000\000\000\000\000\000\000\000\000\000\000\000\000\000\000\000\000\000""; queryType: qtINDIRECT; queryDepth: 3; "
1750527539253,1750527539254,1131,1,3,0,TMGetLedger,"itype: liTS_CANDIDATE; ledgerHash: ""\341\310\354\0213\033\013\350\207z\236R(|z&\034\335\266\323\356\205\273DV\210\254\213T\rZ\347""; nodeIDs: ""\000\000\000\000\000\000\000\000\000\000\000\000\000\000\000\000\000\000\000\000\000\000\000\000\000\000\000\000\000\000\000\000\000""; queryType: qtINDIRECT; queryDepth: 3; ","itype: liTS_CANDIDATE; ledgerHash: ""\341\310\354\0213\033\013\350\207z\236R(|z&\034\335\266\323\356\205\273DV\210\254\213T\rZ\347""; nodeIDs: ""\000\000\000\000\000\000\000\000\000\000\000\000\000\000\000\000\000\000\000\000\000\000\000\000\000\000\000\000\000\000\000\000\000""; queryType: qtINDIRECT; queryDepth: 3; "
1750527539254,1750527539254,2794,1,3,2,TMGetLedger,"itype: liTS_CANDIDATE; ledgerHash: ""\341\310\354\0213\033\013\350\207z\236R(|z&\034\335\266\323\356\205\273DV\210\254\213T\rZ\347""; nodeIDs: ""\000\000\000\000\000\000\000\000\000\000\000\000\000\000\000\000\000\000\000\000\000\000\000\000\000\000\000\000\000\000\000\000\000""; queryType: qtINDIRECT; queryDepth: 3; ","itype: liTS_CANDIDATE; ledgerHash: ""\341\310\354\0213\033\013\350\207z\236R(|z&\034\335\266\323\356\205\273DV\210\254\213T\rZ\347""; nodeIDs: ""\000\000\000\000\000\000\000\000\000\000\000\000\000\000\000\000\000\000\000\000\000\000\000\000\000\000\000\000\000\000\000\000\000""; queryType: qtINDIRECT; queryDepth: 3; "
1750527539254,1750527539254,1019,1,3,4,TMGetLedger,"itype: liTS_CANDIDATE; ledgerHash: ""\341\310\354\0213\033\013\350\207z\236R(|z&\034\335\266\323\356\205\273DV\210\254\213T\rZ\347""; nodeIDs: ""\000\000\000\000\000\000\000\000\000\000\000\000\000\000\000\000\000\000\000\000\000\000\000\000\000\000\000\000\000\000\000\000\000""; queryType: qtINDIRECT; queryDepth: 3; ","itype: liTS_CANDIDATE; ledgerHash: ""\341\310\354\0213\033\013\350\207z\236R(|z&\034\335\266\323\356\205\273DV\210\254\213T\rZ\347""; nodeIDs: ""\000\000\000\000\000\000\000\000\000\000\000\000\000\000\000\000\000\000\000\000\000\000\000\000\000\000\000\000\000\000\000\000\000""; queryType: qtINDIRECT; queryDepth: 3; "
1750527539270,1750527539270,612,1,2,0,TMLedgerData,"ledgerHash: ""\276\230H\305\2714\032l\253n6W\035\354\257.f\r\217\302\203\224\212L\020\S\370\243OP*""; ledgerSeq: 7; type: liBASE; nodes {;   nodedata: ""\000\000\000\007\001cEx]\211\377\342\360\215\2502\265\245\310\226\243c\302Ze\306\253#r\020\211\320iG\276\020E\317\035Sf\223F\254\000\000\000\000\000\000\000\000\000\000\000\000\000\000\000\000\000\000\000\000\000\000\000\000\000\000\000\000\000\000\000\000\302r\207\007\303\237KvzB\356\335\030k\303\312\246:\352\202\037\210\2545\307\004\232\232\026\223SW/\351\252\253/\351\252\264\n\000""; }; nodes {;   nodedata: ""\341\035\262xv\226\317f5\366\365\252a\177\355\302\326\t\222~j\320f\374/ \363\256\257\361 \303\001\301\025%1L\307\t\261\262z\374\222T\301\274V\236\223\262\270Ct\362\337b\356\024*\324\320\351\317\002k\336\234\027v\351\217\260\303\360\233ZPZWr\246$w\313\313\r\243r\232\2234\373\3539:N\004;tP\302\307\005x\n\302lQ\275\237<g\321\233$\274p\355\310J\230\370\306\264\314\367C\275\272\006E\344\037@\210\363\010\336T\226\247'\204_{\261\370""1\235\2445\343\033Y!\212\201\341\272\225'\007Z\314\023h\n\020~\036\324P\254\001\274\227n\020\273\023\010\nq\216Z\344\004\3612B\205\257\335\036\013\003""; }; ","ledgerHash: ""\276\230H\305\2714\032l\253n6W\035\354\257.f\r\217\302\203\224\212L\020\S\370\243OP*""; ledgerSeq: 7; type: liBASE; nodes {;   nodedata: ""\000\000\000\007\001cEx]\211\377\342\360\215\2502\265\245\310\226\243c\302Ze\306\253#r\020\211\320iG\276\020E\317\035Sf\223F\254\000\000\000\000\000\000\000\000\000\000\000\000\000\000\000\000\000\000\000\000\000\000\000\000\000\000\000\000\000\000\000\000\302r\207\007\303\237KvzB\356\335\030k\303\312\246:\352\202\037\210\2545\307\004\232\232\026\223SW/\351\252\253/\351\252\264\n\000""; }; nodes {;   nodedata: ""\341\035\262xv\226\317f5\366\365\252a\177\355\302\326\t\222~j\320f\374/ \363\256\257\361 \303\001\301\025%1L\307\t\261\262z\374\222T\301\274V\236\223\262\270Ct\362\337b\356\024*\324\320\351\317\002k\336\234\027v\351\217\260\303\360\233ZPZWr\246$w\313\313\r\243r\232\2234\373\3539:N\004;tP\302\307\005x\n\302lQ\275\237<g\321\233$\274p\355\310J\230\370\306\264\314\367C\275\272\006E\344\037@\210\363\010\336T\226\247'\204_{\261\370""1\235\2445\343\033Y!\212\201\341\272\225'\007Z\314\023h\n\020~\036\324P\254\001\274\227n\020\273\023\010\nq\216Z\344\004\3612B\205\257\335\036\013\003""; }; "
1750527539273,1750527539273,2101,1,4,1,TMGetLedger,"itype: liTS_CANDIDATE; ledgerHash: ""\341\310\354\0213\033\013\350\207z\236R(|z&\034\335\266\323\356\205\273DV\210\254\213T\rZ\347""; nodeIDs: ""\000\000\000\000\000\000\000\000\000\000\000\000\000\000\000\000\000\000\000\000\000\000\000\000\000\000\000\000\000\000\000\000\000""; requestCookie: 4; queryType: qtINDIRECT; queryDepth: 3; ","itype: liTS_CANDIDATE; ledgerHash: ""\341\310\354\0213\033\013\350\207z\236R(|z&\034\335\266\323\356\205\273DV\210\254\213T\rZ\347""; nodeIDs: ""\000\000\000\000\000\000\000\000\000\000\000\000\000\000\000\000\000\000\000\000\000\000\000\000\000\000\000\000\000\000\000\000\000""; requestCookie: 4; queryType: qtINDIRECT; queryDepth: 3; "
1750527539273,1750527539273,1497,1,0,3,TMLedgerData,"ledgerHash: ""3\321\n7\354)\tf\006\357\205B<h\272GQ \344\262\236\025#\003\024&\310\034\352\376\326""; ledgerSeq: 0; type: liTS_CANDIDATE; nodes {;   nodedata: ""'\240~~s\033\202\356\320\307\177Nt\203\315\245\305\276b\265\310\271\3319\245:\342=c\267\265\233\002\003"";   nodeid: ""\000\000\000\000\000\000\000\000\000\000\000\000\000\000\000\000\000\000\000\000\000\000\000\000\000\000\000\000\000\000\000\000\000""; }; ","ledgerHash: ""3\321\n7\354)\tf\006\357\205B<h\272GQ \344\262\236\025#\003\024&\310\034\352\376\326""; ledgerSeq: 0; type: liTS_CANDIDATE; nodes {;   nodedata: ""'\240~~s\033\202\356\320\307\177Nt\203\315\245\305\276b\265\310\271\3319\245:\342=c\267\265\233\002\003"";   nodeid: ""\000\000\000\000\000\000\000\000\000\000\000\000\000\000\000\000\000\000\000\000\000\000\000\000\000\000\000\000\000\000\000\000\000""; }; "
1750527539276,1750527539276,3818,1,0,2,TMLedgerData,"ledgerHash: ""3\321\n7\354)\tf\006\357\205B<h\272GQ \344\262\236\025#\003\024&\310\034\352\376\326""; ledgerSeq: 0; type: liTS_CANDIDATE; nodes {;   nodedata: ""'\240~~s\033\202\356\320\307\177Nt\203\315\245\305\276b\265\310\271\3319\245:\342=c\267\265\233\002\003"";   nodeid: ""\000\000\000\000\000\000\000\000\000\000\000\000\000\000\000\000\000\000\000\000\000\000\000\000\000\000\000\000\000\000\000\000\000""; }; requestCookie: 4; ","ledgerHash: ""3\321\n7\354)\tf\006\357\205B<h\272GQ \344\262\236\025#\003\024&\310\034\352\376\326""; ledgerSeq: 0; type: liTS_CANDIDATE; nodes {;   nodedata: ""'\240~~s\033\202\356\320\307\177Nt\203\315\245\305\276b\265\310\271\3319\245:\342=c\267\265\233\002\003"";   nodeid: ""\000\000\000\000\000\000\000\000\000\000\000\000\000\000\000\000\000\000\000\000\000\000\000\000\000\000\000\000\000\000\000\000\000""; }; requestCookie: 4; "
1750527539292,1750527539292,1544,1,2,1,TMGetLedger,"itype: liTS_CANDIDATE; ledgerHash: ""\341\310\354\0213\033\013\350\207z\236R(|z&\034\335\266\323\356\205\273DV\210\254\213T\rZ\347""; nodeIDs: ""\000\000\000\000\000\000\000\000\000\000\000\000\000\000\000\000\000\000\000\000\000\000\000\000\000\000\000\000\000\000\000\000\000""; queryType: qtINDIRECT; queryDepth: 3; ","itype: liTS_CANDIDATE; ledgerHash: ""\341\310\354\0213\033\013\350\207z\236R(|z&\034\335\266\323\356\205\273DV\210\254\213T\rZ\347""; nodeIDs: ""\000\000\000\000\000\000\000\000\000\000\000\000\000\000\000\000\000\000\000\000\000\000\000\000\000\000\000\000\000\000\000\000\000""; queryType: qtINDIRECT; queryDepth: 3; "
1750527539293,1750527539293,589,1,2,0,TMGetLedger,"itype: liTS_CANDIDATE; ledgerHash: ""\341\310\354\0213\033\013\350\207z\236R(|z&\034\335\266\323\356\205\273DV\210\254\213T\rZ\347""; nodeIDs: ""\000\000\000\000\000\000\000\000\000\000\000\000\000\000\000\000\000\000\000\000\000\000\000\000\000\000\000\000\000\000\000\000\000""; queryType: qtINDIRECT; queryDepth: 3; ","itype: liTS_CANDIDATE; ledgerHash: ""\341\310\354\0213\033\013\350\207z\236R(|z&\034\335\266\323\356\205\273DV\210\254\213T\rZ\347""; nodeIDs: ""\000\000\000\000\000\000\000\000\000\000\000\000\000\000\000\000\000\000\000\000\000\000\000\000\000\000\000\000\000\000\000\000\000""; queryType: qtINDIRECT; queryDepth: 3; "
1750527539294,1750527539294,3719,1,2,4,TMGetLedger,"itype: liTS_CANDIDATE; ledgerHash: ""\341\310\354\0213\033\013\350\207z\236R(|z&\034\335\266\323\356\205\273DV\210\254\213T\rZ\347""; nodeIDs: ""\000\000\000\000\000\000\000\000\000\000\000\000\000\000\000\000\000\000\000\000\000\000\000\000\000\000\000\000\000\000\000\000\000""; queryType: qtINDIRECT; queryDepth: 3; ","itype: liTS_CANDIDATE; ledgerHash: ""\341\310\354\0213\033\013\350\207z\236R(|z&\034\335\266\323\356\205\273DV\210\254\213T\rZ\347""; nodeIDs: ""\000\000\000\000\000\000\000\000\000\000\000\000\000\000\000\000\000\000\000\000\000\000\000\000\000\000\000\000\000\000\000\000\000""; queryType: qtINDIRECT; queryDepth: 3; "
1750527539295,1750527539295,4000,1,2,3,TMGetLedger,"itype: liTS_CANDIDATE; ledgerHash: ""\341\310\354\0213\033\013\350\207z\236R(|z&\034\335\266\323\356\205\273DV\210\254\213T\rZ\347""; nodeIDs: ""\000\000\000\000\000\000\000\000\000\000\000\000\000\000\000\000\000\000\000\000\000\000\000\000\000\000\000\000\000\000\000\000\000""; queryType: qtINDIRECT; queryDepth: 3; ","itype: liTS_CANDIDATE; ledgerHash: ""\341\310\354\0213\033\013\350\207z\236R(|z&\034\335\266\323\356\205\273DV\210\254\213T\rZ\347""; nodeIDs: ""\000\000\000\000\000\000\000\000\000\000\000\000\000\000\000\000\000\000\000\000\000\000\000\000\000\000\000\000\000\000\000\000\000""; queryType: qtINDIRECT; queryDepth: 3; "
1750527539310,1750527539310,3375,1,0,1,TMGetLedger,"itype: liTS_CANDIDATE; ledgerHash: ""\341\310\354\0213\033\013\350\207z\236R(|z&\034\335\266\323\356\205\273DV\210\254\213T\rZ\347""; nodeIDs: ""\000\000\000\000\000\000\000\000\000\000\000\000\000\000\000\000\000\000\000\000\000\000\000\000\000\000\000\000\000\000\000\000\000""; requestCookie: 5; queryType: qtINDIRECT; queryDepth: 3; ","itype: liTS_CANDIDATE; ledgerHash: ""\341\310\354\0213\033\013\350\207z\236R(|z&\034\335\266\323\356\205\273DV\210\254\213T\rZ\347""; nodeIDs: ""\000\000\000\000\000\000\000\000\000\000\000\000\000\000\000\000\000\000\000\000\000\000\000\000\000\000\000\000\000\000\000\000\000""; requestCookie: 5; queryType: qtINDIRECT; queryDepth: 3; "
1750527539318,1750527539318,3378,1,4,0,TMLedgerData,"ledgerHash: ""\033@\177e\277\016\010u\327\371&\262\312\317Q\2361t\377x\234\001v\003%\030\325_\225g\204\346""; ledgerSeq: 7; type: liBASE; nodes {;   nodedata: ""\000\000\000\007\001cEx]\211\377\330\360\215\2502\265\245\310\226\243c\302Ze\306\253#r\020\211\320iG\276\020E\317\035Sf\223F\254\002\370\316\212^2r\204\377\207q\251\315\325\027st\315\275D\367""\312l\350\374\304zy\305\007\340\030\220\357M\025\212p\\332\356\317\346Z\350r\255\236\025^\210\375\243\353\025X\213xq\220$\254,/\351\252\253/\351\252\264\n\000""; }; nodes {;   nodedata: ""\323C\344\327\264{\312-\017:\006{\177\344N\002\326bO\260\220\006\033\362\345\005U\221DzJ0\001\301\025%1L\307\t\261\262z\374\222T\301\274V\236\223\262\270Ct\362\337b\356\024*\324\320\351\317\002k\336\234\027v\351\217\260\303\360\233ZPZWr\246$w\313\313\r\243r\232\2234\373\3539:N\004Q\245\272D\312D\300\300\t\323\0257\345e\271\na\215{\226\255x%T\257\037\333\004\344_/R\006E\344\037@\210\363\010\336T\226\247'\204_{\261\370""1\235\2445\343\033Y!\212\201\341\272\225'\007Z\314\023h\n\020~\036\324P\254\001\274\227n\020\273\023\010\nq\216Z\344\004\3612B\205\257\335\036\013\003""; }; nodes {;   nodedata: ""o\324D\221#\020\205W\305\353\227hj\364\005l\234.@%-\272\034\327\352\rf\2573\006\026\236\004\003""; }; requestCookie: 3; ","ledgerHash: ""\033@\177e\277\016\010u\327\371&\262\312\317Q\2361t\377x\234\001v\003%\030\325_\225g\204\346""; ledgerSeq: 7; type: liBASE; nodes {;   nodedata: ""\000\000\000\007\001cEx]\211\377\330\360\215\2502\265\245\310\226\243c\302Ze\306\253#r\020\211\320iG\276\020E\317\035Sf\223F\254\002\370\316\212^2r\204\377\207q\251\315\325\027st\315\275D\367""\312l\350\374\304zy\305\007\340\030\220\357M\025\212p\\332\356\317\346Z\350r\255\236\025^\210\375\243\353\025X\213xq\220$\254,/\351\252\253/\351\252\264\n\000""; }; nodes {;   nodedata: ""\323C\344\327\264{\312-\017:\006{\177\344N\002\326bO\260\220\006\033\362\345\005U\221DzJ0\001\301\025%1L\307\t\261\262z\374\222T\301\274V\236\223\262\270Ct\362\337b\356\024*\324\320\351\317\002k\336\234\027v\351\217\260\303\360\233ZPZWr\246$w\313\313\r\243r\232\2234\373\3539:N\004Q\245\272D\312D\300\300\t\323\0257\345e\271\na\215{\226\255x%T\257\037\333\004\344_/R\006E\344\037@\210\363\010\336T\226\247'\204_{\261\370""1\235\2445\343\033Y!\212\201\341\272\225'\007Z\314\023h\n\020~\036\324P\254\001\274\227n\020\273\023\010\nq\216Z\344\004\3612B\205\257\335\036\013\003""; }; nodes {;   nodedata: ""o\324D\221#\020\205W\305\353\227hj\364\005l\234.@%-\272\034\327\352\rf\2573\006\026\236\004\003""; }; requestCookie: 3; "
1750527539343,1750527539343,612,1,2,0,TMLedgerData,"ledgerHash: ""[\000\302\314\326\214\276@c\240\272\222{\363\314\032\213\311\316\246/\330\302\014>\022\346\234\347\264\270\350""; ledgerSeq: 0; type: liTS_CANDIDATE; nodes {;   nodedata: ""\002i\361\030\371\256\265\036\320\273\013\357<\215/(\215[\231D\357Gd\372\270\316\261\301\342\327\225\241\000GZ\227\022t\201\240u\2324P\027\307M\337'Y\361[IAD\351\374!\232\005\337\376\252\251g\004\003"";   nodeid: ""\000\000\000\000\000\000\000\000\000\000\000\000\000\000\000\000\000\000\000\000\000\000\000\000\000\000\000\000\000\000\000\000\000""; }; ","ledgerHash: ""[\000\302\314\326\214\276@c\240\272\222{\363\314\032\213\311\316\246/\330\302\014>\022\346\234\347\264\270\350""; ledgerSeq: 0; type: liTS_CANDIDATE; nodes {;   nodedata: ""\002i\361\030\371\256\265\036\320\273\013\357<\215/(\215[\231D\357Gd\372\270\316\261\301\342\327\225\241\000GZ\227\022t\201\240u\2324P\027\307M\337'Y\361[IAD\351\374!\232\005\337\376\252\251g\004\003"";   nodeid: ""\000\000\000\000\000\000\000\000\000\000\000\000\000\000\000\000\000\000\000\000\000\000\000\000\000\000\000\000\000\000\000\000\000""; }; "
1750527539358,1750527539358,612,1,2,0,TMLedgerData,"ledgerHash: ""[\000\302\314\326\214\276@c\240\272\222{\363\314\032\213\311\316\246/\330\302\014>\022\346\234\347\264\270\350""; ledgerSeq: 0; type: liTS_CANDIDATE; nodes {;   nodedata: ""\002i\361\030\371\256\265\036\320\273\013\357<\215/(\215[\231D\357Gd\372\270\316\261\301\342\327\225\241\000GZ\227\022t\201\240u\2324P\027\307M\337'Y\361[IAD\351\374!\232\005\337\376\252\251g\004\003"";   nodeid: ""\000\000\000\000\000\000\000\000\000\000\000\000\000\000\000\000\000\000\000\000\000\000\000\000\000\000\000\000\000\000\000\000\000""; }; ","ledgerHash: ""[\000\302\314\326\214\276@c\240\272\222{\363\314\032\213\311\316\246/\330\302\014>\022\346\234\347\264\270\350""; ledgerSeq: 0; type: liTS_CANDIDATE; nodes {;   nodedata: ""\002i\361\030\371\256\265\036\320\273\013\357<\215/(\215[\231D\357Gd\372\270\316\261\301\342\327\225\241\000GZ\227\022t\201\240u\2324P\027\307M\337'Y\361[IAD\351\374!\232\005\337\376\252\251g\004\003"";   nodeid: ""\000\000\000\000\000\000\000\000\000\000\000\000\000\000\000\000\000\000\000\000\000\000\000\000\000\000\000\000\000\000\000\000\000""; }; "
1750527539363,1750527539363,3375,1,0,1,TMGetLedger,"itype: liTS_CANDIDATE; ledgerHash: ""\363\262\310\025\251\261\276X\247\260J\221\345\357\037\231)|\321K\000\\326E\004\377\005\255""A?\250""; nodeIDs: ""\000\000\000\000\000\000\000\000\000\000\000\000\000\000\000\000\000\000\000\000\000\000\000\000\000\000\000\000\000\000\000\000\000""; queryType: qtINDIRECT; queryDepth: 3; ","itype: liTS_CANDIDATE; ledgerHash: ""\363\262\310\025\251\261\276X\247\260J\221\345\357\037\231)|\321K\000\\326E\004\377\005\255""A?\250""; nodeIDs: ""\000\000\000\000\000\000\000\000\000\000\000\000\000\000\000\000\000\000\000\000\000\000\000\000\000\000\000\000\000\000\000\000\000""; queryType: qtINDIRECT; queryDepth: 3; "
1750527539363,1750527539363,380,1,0,4,TMGetLedger,"itype: liTS_CANDIDATE; ledgerHash: ""\363\262\310\025\251\261\276X\247\260J\221\345\357\037\231)|\321K\000\\326E\004\377\005\255""A?\250""; nodeIDs: ""\000\000\000\000\000\000\000\000\000\000\000\000\000\000\000\000\000\000\000\000\000\000\000\000\000\000\000\000\000\000\000\000\000""; queryType: qtINDIRECT; queryDepth: 3; ","itype: liTS_CANDIDATE; ledgerHash: ""\363\262\310\025\251\261\276X\247\260J\221\345\357\037\231)|\321K\000\\326E\004\377\005\255""A?\250""; nodeIDs: ""\000\000\000\000\000\000\000\000\000\000\000\000\000\000\000\000\000\000\000\000\000\000\000\000\000\000\000\000\000\000\000\000\000""; queryType: qtINDIRECT; queryDepth: 3; "
1750527539364,1750527539364,1199,1,0,2,TMGetLedger,"itype: liTS_CANDIDATE; ledgerHash: ""\363\262\310\025\251\261\276X\247\260J\221\345\357\037\231)|\321K\000\\326E\004\377\005\255""A?\250""; nodeIDs: ""\000\000\000\000\000\000\000\000\000\000\000\000\000\000\000\000\000\000\000\000\000\000\000\000\000\000\000\000\000\000\000\000\000""; queryType: qtINDIRECT; queryDepth: 3; ","itype: liTS_CANDIDATE; ledgerHash: ""\363\262\310\025\251\261\276X\247\260J\221\345\357\037\231)|\321K\000\\326E\004\377\005\255""A?\250""; nodeIDs: ""\000\000\000\000\000\000\000\000\000\000\000\000\000\000\000\000\000\000\000\000\000\000\000\000\000\000\000\000\000\000\000\000\000""; queryType: qtINDIRECT; queryDepth: 3; "
1750527539364,1750527539364,3094,1,0,3,TMGetLedger,"itype: liTS_CANDIDATE; ledgerHash: ""\363\262\310\025\251\261\276X\247\260J\221\345\357\037\231)|\321K\000\\326E\004\377\005\255""A?\250""; nodeIDs: ""\000\000\000\000\000\000\000\000\000\000\000\000\000\000\000\000\000\000\000\000\000\000\000\000\000\000\000\000\000\000\000\000\000""; queryType: qtINDIRECT; queryDepth: 3; ","itype: liTS_CANDIDATE; ledgerHash: ""\363\262\310\025\251\261\276X\247\260J\221\345\357\037\231)|\321K\000\\326E\004\377\005\255""A?\250""; nodeIDs: ""\000\000\000\000\000\000\000\000\000\000\000\000\000\000\000\000\000\000\000\000\000\000\000\000\000\000\000\000\000\000\000\000\000""; queryType: qtINDIRECT; queryDepth: 3; "
1750527539373,1750527539373,2794,1,3,2,TMGetLedger,"itype: liBASE; ledgerHash: ""\276\230H\305\2714\032l\253n6W\035\354\257.f\r\217\302\203\224\212L\020\S\370\243OP*""; requestCookie: 5; queryType: qtINDIRECT; ","itype: liBASE; ledgerHash: ""\276\230H\305\2714\032l\253n6W\035\354\257.f\r\217\302\203\224\212L\020\S\370\243OP*""; requestCookie: 5; queryType: qtINDIRECT; "
1750527539379,1750527539379,1932,1,4,0,TMGetLedger,"itype: liTS_CANDIDATE; ledgerHash: ""\341\310\354\0213\033\013\350\207z\236R(|z&\034\335\266\323\356\205\273DV\210\254\213T\rZ\347""; nodeIDs: ""\000\000\000\000\000\000\000\000\000\000\000\000\000\000\000\000\000\000\000\000\000\000\000\000\000\000\000\000\000\000\000\000\000""; queryType: qtINDIRECT; queryDepth: 3; ","itype: liTS_CANDIDATE; ledgerHash: ""\341\310\354\0213\033\013\350\207z\236R(|z&\034\335\266\323\356\205\273DV\210\254\213T\rZ\347""; nodeIDs: ""\000\000\000\000\000\000\000\000\000\000\000\000\000\000\000\000\000\000\000\000\000\000\000\000\000\000\000\000\000\000\000\000\000""; queryType: qtINDIRECT; queryDepth: 3; "
1750527539380,1750527539380,559,1,4,3,TMGetLedger,"itype: liTS_CANDIDATE; ledgerHash: ""\341\310\354\0213\033\013\350\207z\236R(|z&\034\335\266\323\356\205\273DV\210\254\213T\rZ\347""; nodeIDs: ""\000\000\000\000\000\000\000\000\000\000\000\000\000\000\000\000\000\000\000\000\000\000\000\000\000\000\000\000\000\000\000\000\000""; queryType: qtINDIRECT; queryDepth: 3; ","itype: liTS_CANDIDATE; ledgerHash: ""\341\310\354\0213\033\013\350\207z\236R(|z&\034\335\266\323\356\205\273DV\210\254\213T\rZ\347""; nodeIDs: ""\000\000\000\000\000\000\000\000\000\000\000\000\000\000\000\000\000\000\000\000\000\000\000\000\000\000\000\000\000\000\000\000\000""; queryType: qtINDIRECT; queryDepth: 3; "
1750527539380,1750527539380,2101,1,4,1,TMGetLedger,"itype: liTS_CANDIDATE; ledgerHash: ""\341\310\354\0213\033\013\350\207z\236R(|z&\034\335\266\323\356\205\273DV\210\254\213T\rZ\347""; nodeIDs: ""\000\000\000\000\000\000\000\000\000\000\000\000\000\000\000\000\000\000\000\000\000\000\000\000\000\000\000\000\000\000\000\000\000""; queryType: qtINDIRECT; queryDepth: 3; ","itype: liTS_CANDIDATE; ledgerHash: ""\341\310\354\0213\033\013\350\207z\236R(|z&\034\335\266\323\356\205\273DV\210\254\213T\rZ\347""; nodeIDs: ""\000\000\000\000\000\000\000\000\000\000\000\000\000\000\000\000\000\000\000\000\000\000\000\000\000\000\000\000\000\000\000\000\000""; queryType: qtINDIRECT; queryDepth: 3; "
1750527539380,1750527539380,2309,1,4,2,TMGetLedger,"itype: liTS_CANDIDATE; ledgerHash: ""\341\310\354\0213\033\013\350\207z\236R(|z&\034\335\266\323\356\205\273DV\210\254\213T\rZ\347""; nodeIDs: ""\000\000\000\000\000\000\000\000\000\000\000\000\000\000\000\000\000\000\000\000\000\000\000\000\000\000\000\000\000\000\000\000\000""; queryType: qtINDIRECT; queryDepth: 3; ","itype: liTS_CANDIDATE; ledgerHash: ""\341\310\354\0213\033\013\350\207z\236R(|z&\034\335\266\323\356\205\273DV\210\254\213T\rZ\347""; nodeIDs: ""\000\000\000\000\000\000\000\000\000\000\000\000\000\000\000\000\000\000\000\000\000\000\000\000\000\000\000\000\000\000\000\000\000""; queryType: qtINDIRECT; queryDepth: 3; "
1750527539387,1750527539387,1199,1,0,2,TMGetLedger,"itype: liTS_CANDIDATE; ledgerHash: ""\341\310\354\0213\033\013\350\207z\236R(|z&\034\335\266\323\356\205\273DV\210\254\213T\rZ\347""; nodeIDs: ""\000\000\000\000\000\000\000\000\000\000\000\000\000\000\000\000\000\000\000\000\000\000\000\000\000\000\000\000\000\000\000\000\000""; queryType: qtINDIRECT; queryDepth: 3; ","itype: liTS_CANDIDATE; ledgerHash: ""\341\310\354\0213\033\013\350\207z\236R(|z&\034\335\266\323\356\205\273DV\210\254\213T\rZ\347""; nodeIDs: ""\000\000\000\000\000\000\000\000\000\000\000\000\000\000\000\000\000\000\000\000\000\000\000\000\000\000\000\000\000\000\000\000\000""; queryType: qtINDIRECT; queryDepth: 3; "
1750527539388,1750527539388,380,1,0,4,TMGetLedger,"itype: liTS_CANDIDATE; ledgerHash: ""\341\310\354\0213\033\013\350\207z\236R(|z&\034\335\266\323\356\205\273DV\210\254\213T\rZ\347""; nodeIDs: ""\000\000\000\000\000\000\000\000\000\000\000\000\000\000\000\000\000\000\000\000\000\000\000\000\000\000\000\000\000\000\000\000\000""; queryType: qtINDIRECT; queryDepth: 3; ","itype: liTS_CANDIDATE; ledgerHash: ""\341\310\354\0213\033\013\350\207z\236R(|z&\034\335\266\323\356\205\273DV\210\254\213T\rZ\347""; nodeIDs: ""\000\000\000\000\000\000\000\000\000\000\000\000\000\000\000\000\000\000\000\000\000\000\000\000\000\000\000\000\000\000\000\000\000""; queryType: qtINDIRECT; queryDepth: 3; "
1750527539388,1750527539388,3094,1,0,3,TMGetLedger,"itype: liTS_CANDIDATE; ledgerHash: ""\341\310\354\0213\033\013\350\207z\236R(|z&\034\335\266\323\356\205\273DV\210\254\213T\rZ\347""; nodeIDs: ""\000\000\000\000\000\000\000\000\000\000\000\000\000\000\000\000\000\000\000\000\000\000\000\000\000\000\000\000\000\000\000\000\000""; queryType: qtINDIRECT; queryDepth: 3; ","itype: liTS_CANDIDATE; ledgerHash: ""\341\310\354\0213\033\013\350\207z\236R(|z&\034\335\266\323\356\205\273DV\210\254\213T\rZ\347""; nodeIDs: ""\000\000\000\000\000\000\000\000\000\000\000\000\000\000\000\000\000\000\000\000\000\000\000\000\000\000\000\000\000\000\000\000\000""; queryType: qtINDIRECT; queryDepth: 3; "
1750527539406,1750527539406,3375,1,0,1,TMGetLedger,"itype: liTS_CANDIDATE; ledgerHash: ""\341\310\354\0213\033\013\350\207z\236R(|z&\034\335\266\323\356\205\273DV\210\254\213T\rZ\347""; nodeIDs: ""\000\000\000\000\000\000\000\000\000\000\000\000\000\000\000\000\000\000\000\000\000\000\000\000\000\000\000\000\000\000\000\000\000""; requestCookie: 3; queryType: qtINDIRECT; queryDepth: 3; ","itype: liTS_CANDIDATE; ledgerHash: ""\341\310\354\0213\033\013\350\207z\236R(|z&\034\335\266\323\356\205\273DV\210\254\213T\rZ\347""; nodeIDs: ""\000\000\000\000\000\000\000\000\000\000\000\000\000\000\000\000\000\000\000\000\000\000\000\000\000\000\000\000\000\000\000\000\000""; requestCookie: 3; queryType: qtINDIRECT; queryDepth: 3; "
1750527539406,1750527539406,3375,1,0,1,TMGetLedger,"itype: liTS_CANDIDATE; ledgerHash: ""\341\310\354\0213\033\013\350\207z\236R(|z&\034\335\266\323\356\205\273DV\210\254\213T\rZ\347""; nodeIDs: ""\000\000\000\000\000\000\000\000\000\000\000\000\000\000\000\000\000\000\000\000\000\000\000\000\000\000\000\000\000\000\000\000\000""; queryType: qtINDIRECT; queryDepth: 3; ","itype: liTS_CANDIDATE; ledgerHash: ""\341\310\354\0213\033\013\350\207z\236R(|z&\034\335\266\323\356\205\273DV\210\254\213T\rZ\347""; nodeIDs: ""\000\000\000\000\000\000\000\000\000\000\000\000\000\000\000\000\000\000\000\000\000\000\000\000\000\000\000\000\000\000\000\000\000""; queryType: qtINDIRECT; queryDepth: 3; "
1750527539406,1750527539407,3375,1,0,1,TMGetLedger,"itype: liTS_CANDIDATE; ledgerHash: ""\341\310\354\0213\033\013\350\207z\236R(|z&\034\335\266\323\356\205\273DV\210\254\213T\rZ\347""; nodeIDs: ""\000\000\000\000\000\000\000\000\000\000\000\000\000\000\000\000\000\000\000\000\000\000\000\000\000\000\000\000\000\000\000\000\000""; requestCookie: 4; queryType: qtINDIRECT; queryDepth: 3; ","itype: liTS_CANDIDATE; ledgerHash: ""\341\310\354\0213\033\013\350\207z\236R(|z&\034\335\266\323\356\205\273DV\210\254\213T\rZ\347""; nodeIDs: ""\000\000\000\000\000\000\000\000\000\000\000\000\000\000\000\000\000\000\000\000\000\000\000\000\000\000\000\000\000\000\000\000\000""; requestCookie: 4; queryType: qtINDIRECT; queryDepth: 3; "
1750527539415,1750527539415,2101,1,4,1,TMGetLedger,"itype: liTS_CANDIDATE; ledgerHash: ""3\321\n7\354)\tf\006\357\205B<h\272GQ \344\262\236\025#\003\024&\310\034\352\376\326""; nodeIDs: ""\000\000\000\000\000\000\000\000\000\000\000\000\000\000\000\000\000\000\000\000\000\000\000\000\000\000\000\000\000\000\000\000\000""; queryType: qtINDIRECT; queryDepth: 3; ","itype: liTS_CANDIDATE; ledgerHash: ""3\321\n7\354)\tf\006\357\205B<h\272GQ \344\262\236\025#\003\024&\310\034\352\376\326""; nodeIDs: ""\000\000\000\000\000\000\000\000\000\000\000\000\000\000\000\000\000\000\000\000\000\000\000\000\000\000\000\000\000\000\000\000\000""; queryType: qtINDIRECT; queryDepth: 3; "
1750527539415,1750527539415,1932,1,4,0,TMGetLedger,"itype: liTS_CANDIDATE; ledgerHash: ""3\321\n7\354)\tf\006\357\205B<h\272GQ \344\262\236\025#\003\024&\310\034\352\376\326""; nodeIDs: ""\000\000\000\000\000\000\000\000\000\000\000\000\000\000\000\000\000\000\000\000\000\000\000\000\000\000\000\000\000\000\000\000\000""; queryType: qtINDIRECT; queryDepth: 3; ","itype: liTS_CANDIDATE; ledgerHash: ""3\321\n7\354)\tf\006\357\205B<h\272GQ \344\262\236\025#\003\024&\310\034\352\376\326""; nodeIDs: ""\000\000\000\000\000\000\000\000\000\000\000\000\000\000\000\000\000\000\000\000\000\000\000\000\000\000\000\000\000\000\000\000\000""; queryType: qtINDIRECT; queryDepth: 3; "
1750527539416,1750527539416,559,1,4,3,TMGetLedger,"itype: liTS_CANDIDATE; ledgerHash: ""3\321\n7\354)\tf\006\357\205B<h\272GQ \344\262\236\025#\003\024&\310\034\352\376\326""; nodeIDs: ""\000\000\000\000\000\000\000\000\000\000\000\000\000\000\000\000\000\000\000\000\000\000\000\000\000\000\000\000\000\000\000\000\000""; queryType: qtINDIRECT; queryDepth: 3; ","itype: liTS_CANDIDATE; ledgerHash: ""3\321\n7\354)\tf\006\357\205B<h\272GQ \344\262\236\025#\003\024&\310\034\352\376\326""; nodeIDs: ""\000\000\000\000\000\000\000\000\000\000\000\000\000\000\000\000\000\000\000\000\000\000\000\000\000\000\000\000\000\000\000\000\000""; queryType: qtINDIRECT; queryDepth: 3; "
1750527539416,1750527539416,2309,1,4,2,TMGetLedger,"itype: liTS_CANDIDATE; ledgerHash: ""3\321\n7\354)\tf\006\357\205B<h\272GQ \344\262\236\025#\003\024&\310\034\352\376\326""; nodeIDs: ""\000\000\000\000\000\000\000\000\000\000\000\000\000\000\000\000\000\000\000\000\000\000\000\000\000\000\000\000\000\000\000\000\000""; queryType: qtINDIRECT; queryDepth: 3; ","itype: liTS_CANDIDATE; ledgerHash: ""3\321\n7\354)\tf\006\357\205B<h\272GQ \344\262\236\025#\003\024&\310\034\352\376\326""; nodeIDs: ""\000\000\000\000\000\000\000\000\000\000\000\000\000\000\000\000\000\000\000\000\000\000\000\000\000\000\000\000\000\000\000\000\000""; queryType: qtINDIRECT; queryDepth: 3; "
1750527539419,1750527539420,1769,1,2,1,TMLedgerData,"ledgerHash: ""\276\230H\305\2714\032l\253n6W\035\354\257.f\r\217\302\203\224\212L\020\S\370\243OP*""; ledgerSeq: 7; type: liBASE; nodes {;   nodedata: ""\000\000\000\007\001cEx]\211\377\342\360\215\2502\265\245\310\226\243c\302Ze\306\253#r\020\211\320iG\276\020E\317\035Sf\223F\254\000\000\000\000\000\000\000\000\000\000\000\000\000\000\000\000\000\000\000\000\000\000\000\000\000\000\000\000\000\000\000\000\302r\207\007\303\237KvzB\356\335\030k\303\312\246:\352\202\037\210\2545\307\004\232\232\026\223SW/\351\252\253/\351\252\264\n\000""; }; nodes {;   nodedata: ""\341\035\262xv\226\317f5\366\365\252a\177\355\302\326\t\222~j\320f\374/ \363\256\257\361 \303\001\301\025%1L\307\t\261\262z\374\222T\301\274V\236\223\262\270Ct\362\337b\356\024*\324\320\351\317\002k\336\234\027v\351\217\260\303\360\233ZPZWr\246$w\313\313\r\243r\232\2234\373\3539:N\004;tP\302\307\005x\n\302lQ\275\237<g\321\233$\274p\355\310J\230\370\306\264\314\367C\275\272\006E\344\037@\210\363\010\336T\226\247'\204_{\261\370""1\235\2445\343\033Y!\212\201\341\272\225'\007Z\314\023h\n\020~\036\324P\254\001\274\227n\020\273\023\010\nq\216Z\344\004\3612B\205\257\335\036\013\003""; }; ","ledgerHash: ""\276\230H\305\2714\032l\253n6W\035\354\257.f\r\217\302\203\224\212L\020\S\370\243OP*""; ledgerSeq: 7; type: liBASE; nodes {;   nodedata: ""\000\000\000\007\001cEx]\211\377\342\360\215\2502\265\245\310\226\243c\302Ze\306\253#r\020\211\320iG\276\020E\317\035Sf\223F\254\000\000\000\000\000\000\000\000\000\000\000\000\000\000\000\000\000\000\000\000\000\000\000\000\000\000\000\000\000\000\000\000\302r\207\007\303\237KvzB\356\335\030k\303\312\246:\352\202\037\210\2545\307\004\232\232\026\223SW/\351\252\253/\351\252\264\n\000""; }; nodes {;   nodedata: ""\341\035\262xv\226\317f5\366\365\252a\177\355\302\326\t\222~j\320f\374/ \363\256\257\361 \303\001\301\025%1L\307\t\261\262z\374\222T\301\274V\236\223\262\270Ct\362\337b\356\024*\324\320\351\317\002k\336\234\027v\351\217\260\303\360\233ZPZWr\246$w\313\313\r\243r\232\2234\373\3539:N\004;tP\302\307\005x\n\302lQ\275\237<g\321\233$\274p\355\310J\230\370\306\264\314\367C\275\272\006E\344\037@\210\363\010\336T\226\247'\204_{\261\370""1\235\2445\343\033Y!\212\201\341\272\225'\007Z\314\023h\n\020~\036\324P\254\001\274\227n\020\273\023\010\nq\216Z\344\004\3612B\205\257\335\036\013\003""; }; "
1750527539420,1750527539420,1769,1,2,1,TMLedgerData,"ledgerHash: ""\276\230H\305\2714\032l\253n6W\035\354\257.f\r\217\302\203\224\212L\020\S\370\243OP*""; ledgerSeq: 7; type: liBASE; nodes {;   nodedata: ""\000\000\000\007\001cEx]\211\377\342\360\215\2502\265\245\310\226\243c\302Ze\306\253#r\020\211\320iG\276\020E\317\035Sf\223F\254\000\000\000\000\000\000\000\000\000\000\000\000\000\000\000\000\000\000\000\000\000\000\000\000\000\000\000\000\000\000\000\000\302r\207\007\303\237KvzB\356\335\030k\303\312\246:\352\202\037\210\2545\307\004\232\232\026\223SW/\351\252\253/\351\252\264\n\000""; }; nodes {;   nodedata: ""\341\035\262xv\226\317f5\366\365\252a\177\355\302\326\t\222~j\320f\374/ \363\256\257\361 \303\001\301\025%1L\307\t\261\262z\374\222T\301\274V\236\223\262\270Ct\362\337b\356\024*\324\320\351\317\002k\336\234\027v\351\217\260\303\360\233ZPZWr\246$w\313\313\r\243r\232\2234\373\3539:N\004;tP\302\307\005x\n\302lQ\275\237<g\321\233$\274p\355\310J\230\370\306\264\314\367C\275\272\006E\344\037@\210\363\010\336T\226\247'\204_{\261\370""1\235\2445\343\033Y!\212\201\341\272\225'\007Z\314\023h\n\020~\036\324P\254\001\274\227n\020\273\023\010\nq\216Z\344\004\3612B\205\257\335\036\013\003""; }; ","ledgerHash: ""\276\230H\305\2714\032l\253n6W\035\354\257.f\r\217\302\203\224\212L\020\S\370\243OP*""; ledgerSeq: 7; type: liBASE; nodes {;   nodedata: ""\000\000\000\007\001cEx]\211\377\342\360\215\2502\265\245\310\226\243c\302Ze\306\253#r\020\211\320iG\276\020E\317\035Sf\223F\254\000\000\000\000\000\000\000\000\000\000\000\000\000\000\000\000\000\000\000\000\000\000\000\000\000\000\000\000\000\000\000\000\302r\207\007\303\237KvzB\356\335\030k\303\312\246:\352\202\037\210\2545\307\004\232\232\026\223SW/\351\252\253/\351\252\264\n\000""; }; nodes {;   nodedata: ""\341\035\262xv\226\317f5\366\365\252a\177\355\302\326\t\222~j\320f\374/ \363\256\257\361 \303\001\301\025%1L\307\t\261\262z\374\222T\301\274V\236\223\262\270Ct\362\337b\356\024*\324\320\351\317\002k\336\234\027v\351\217\260\303\360\233ZPZWr\246$w\313\313\r\243r\232\2234\373\3539:N\004;tP\302\307\005x\n\302lQ\275\237<g\321\233$\274p\355\310J\230\370\306\264\314\367C\275\272\006E\344\037@\210\363\010\336T\226\247'\204_{\261\370""1\235\2445\343\033Y!\212\201\341\272\225'\007Z\314\023h\n\020~\036\324P\254\001\274\227n\020\273\023\010\nq\216Z\344\004\3612B\205\257\335\036\013\003""; }; "
1750527539436,1750527539436,589,1,2,0,TMGetLedger,"itype: liTS_CANDIDATE; ledgerHash: ""3\321\n7\354)\tf\006\357\205B<h\272GQ \344\262\236\025#\003\024&\310\034\352\376\326""; nodeIDs: ""\000\000\000\000\000\000\000\000\000\000\000\000\000\000\000\000\000\000\000\000\000\000\000\000\000\000\000\000\000\000\000\000\000""; requestCookie: 4; queryType: qtINDIRECT; queryDepth: 3; ","itype: liTS_CANDIDATE; ledgerHash: ""3\321\n7\354)\tf\006\357\205B<h\272GQ \344\262\236\025#\003\024&\310\034\352\376\326""; nodeIDs: ""\000\000\000\000\000\000\000\000\000\000\000\000\000\000\000\000\000\000\000\000\000\000\000\000\000\000\000\000\000\000\000\000\000""; requestCookie: 4; queryType: qtINDIRECT; queryDepth: 3; "
1750527539439,1750527539439,1544,1,2,1,TMGetLedger,"itype: liTS_CANDIDATE; ledgerHash: ""\341\310\354\0213\033\013\350\207z\236R(|z&\034\335\266\323\356\205\273DV\210\254\213T\rZ\347""; nodeIDs: ""\000\000\000\000\000\000\000\000\000\000\000\000\000\000\000\000\000\000\000\000\000\000\000\000\000\000\000\000\000\000\000\000\000""; requestCookie: 5; queryType: qtINDIRECT; queryDepth: 3; ","itype: liTS_CANDIDATE; ledgerHash: ""\341\310\354\0213\033\013\350\207z\236R(|z&\034\335\266\323\356\205\273DV\210\254\213T\rZ\347""; nodeIDs: ""\000\000\000\000\000\000\000\000\000\000\000\000\000\000\000\000\000\000\000\000\000\000\000\000\000\000\000\000\000\000\000\000\000""; requestCookie: 5; queryType: qtINDIRECT; queryDepth: 3; "
1750527539440,1750527539440,2079,1,3,1,TMGetLedger,"itype: liTS_CANDIDATE; ledgerHash: ""\341\310\354\0213\033\013\350\207z\236R(|z&\034\335\266\323\356\205\273DV\210\254\213T\rZ\347""; nodeIDs: ""\000\000\000\000\000\000\000\000\000\000\000\000\000\000\000\000\000\000\000\000\000\000\000\000\000\000\000\000\000\000\000\000\000""; requestCookie: 5; queryType: qtINDIRECT; queryDepth: 3; ","itype: liTS_CANDIDATE; ledgerHash: ""\341\310\354\0213\033\013\350\207z\236R(|z&\034\335\266\323\356\205\273DV\210\254\213T\rZ\347""; nodeIDs: ""\000\000\000\000\000\000\000\000\000\000\000\000\000\000\000\000\000\000\000\000\000\000\000\000\000\000\000\000\000\000\000\000\000""; requestCookie: 5; queryType: qtINDIRECT; queryDepth: 3; "
1750527539446,1750527539446,1199,1,0,2,TMGetLedger,"itype: liBASE; ledgerHash: ""\276\230H\305\2714\032l\253n6W\035\354\257.f\r\217\302\203\224\212L\020\S\370\243OP*""; requestCookie: 4; queryType: qtINDIRECT; ","itype: liBASE; ledgerHash: ""\276\230H\305\2714\032l\253n6W\035\354\257.f\r\217\302\203\224\212L\020\S\370\243OP*""; requestCookie: 4; queryType: qtINDIRECT; "
1750527539471,1750527539471,2920,1,1,0,TMGetLedger,"itype: liTS_CANDIDATE; ledgerHash: ""3\321\n7\354)\tf\006\357\205B<h\272GQ \344\262\236\025#\003\024&\310\034\352\376\326""; nodeIDs: ""\000\000\000\000\000\000\000\000\000\000\000\000\000\000\000\000\000\000\000\000\000\000\000\000\000\000\000\000\000\000\000\000\000""; requestCookie: 4; queryType: qtINDIRECT; queryDepth: 3; ","itype: liTS_CANDIDATE; ledgerHash: ""3\321\n7\354)\tf\006\357\205B<h\272GQ \344\262\236\025#\003\024&\310\034\352\376\326""; nodeIDs: ""\000\000\000\000\000\000\000\000\000\000\000\000\000\000\000\000\000\000\000\000\000\000\000\000\000\000\000\000\000\000\000\000\000""; requestCookie: 4; queryType: qtINDIRECT; queryDepth: 3; "
1750527539475,1750527539475,1150,1,3,4,TMLedgerData,"ledgerHash: ""3\321\n7\354)\tf\006\357\205B<h\272GQ \344\262\236\025#\003\024&\310\034\352\376\326""; ledgerSeq: 0; type: liTS_CANDIDATE; nodes {;   nodedata: ""'\240~~s\033\202\356\320\307\177Nt\203\315\245\305\276b\265\310\271\3319\245:\342=c\267\265\233\002\003"";   nodeid: ""\000\000\000\000\000\000\000\000\000\000\000\000\000\000\000\000\000\000\000\000\000\000\000\000\000\000\000\000\000\000\000\000\000""; }; ","ledgerHash: ""3\321\n7\354)\tf\006\357\205B<h\272GQ \344\262\236\025#\003\024&\310\034\352\376\326""; ledgerSeq: 0; type: liTS_CANDIDATE; nodes {;   nodedata: ""'\240~~s\033\202\356\320\307\177Nt\203\315\245\305\276b\265\310\271\3319\245:\342=c\267\265\233\002\003"";   nodeid: ""\000\000\000\000\000\000\000\000\000\000\000\000\000\000\000\000\000\000\000\000\000\000\000\000\000\000\000\000\000\000\000\000\000""; }; "
1750527539495,1750527539496,3378,1,4,0,TMLedgerData,"ledgerHash: ""\363\262\310\025\251\261\276X\247\260J\221\345\357\037\231)|\321K\000\\326E\004\377\005\255""A?\250""; ledgerSeq: 0; type: liTS_CANDIDATE; nodes {;   nodedata: ""MJ\275'\324\005\036\313\204nW\300\362\327\016\205\236\021\351Q6\021\355\301\372\322\276g\026\243\361M\004\003"";   nodeid: ""\000\000\000\000\000\000\000\000\000\000\000\000\000\000\000\000\000\000\000\000\000\000\000\000\000\000\000\000\000\000\000\000\000""; }; ","ledgerHash: ""\363\262\310\025\251\261\276X\247\260J\221\345\357\037\231)|\321K\000\\326E\004\377\005\255""A?\250""; ledgerSeq: 0; type: liTS_CANDIDATE; nodes {;   nodedata: ""MJ\275'\324\005\036\313\204nW\300\362\327\016\205\236\021\351Q6\021\355\301\372\322\276g\026\243\361M\004\003"";   nodeid: ""\000\000\000\000\000\000\000\000\000\000\000\000\000\000\000\000\000\000\000\000\000\000\000\000\000\000\000\000\000\000\000\000\000""; }; "
1750527539501,1750527539502,1782,1,1,4,TMLedgerData,"ledgerHash: ""\341\310\354\0213\033\013\350\207z\236R(|z&\034\335\266\323\356\205\273DV\210\254\213T\rZ\347""; ledgerSeq: 0; type: liTS_CANDIDATE; nodes {;   nodedata: ""\256\322m\2146\221\305\341\316\031h?\276\005\207\253\236\tL;\371W\315\233X\345O\203\332\240\005\360\n\003"";   nodeid: ""\000\000\000\000\000\000\000\000\000\000\000\000\000\000\000\000\000\000\000\000\000\000\000\000\000\000\000\000\000\000\000\000\000""; }; ","ledgerHash: ""\341\310\354\0213\033\013\350\207z\236R(|z&\034\335\266\323\356\205\273DV\210\254\213T\rZ\347""; ledgerSeq: 0; type: liTS_CANDIDATE; nodes {;   nodedata: ""\256\322m\2146\221\305\341\316\031h?\276\005\207\253\236\tL;\371W\315\233X\345O\203\332\240\005\360\n\003"";   nodeid: ""\000\000\000\000\000\000\000\000\000\000\000\000\000\000\000\000\000\000\000\000\000\000\000\000\000\000\000\000\000\000\000\000\000""; }; "
1750527539503,1750527539503,1019,1,3,4,TMGetLedger,"itype: liTS_CANDIDATE; ledgerHash: ""\341\310\354\0213\033\013\350\207z\236R(|z&\034\335\266\323\356\205\273DV\210\254\213T\rZ\347""; nodeIDs: ""\000\000\000\000\000\000\000\000\000\000\000\000\000\000\000\000\000\000\000\000\000\000\000\000\000\000\000\000\000\000\000\000\000""; queryType: qtINDIRECT; queryDepth: 3; ","itype: liTS_CANDIDATE; ledgerHash: ""\341\310\354\0213\033\013\350\207z\236R(|z&\034\335\266\323\356\205\273DV\210\254\213T\rZ\347""; nodeIDs: ""\000\000\000\000\000\000\000\000\000\000\000\000\000\000\000\000\000\000\000\000\000\000\000\000\000\000\000\000\000\000\000\000\000""; queryType: qtINDIRECT; queryDepth: 3; "
1750527539504,1750527539504,1131,1,3,0,TMGetLedger,"itype: liTS_CANDIDATE; ledgerHash: ""\341\310\354\0213\033\013\350\207z\236R(|z&\034\335\266\323\356\205\273DV\210\254\213T\rZ\347""; nodeIDs: ""\000\000\000\000\000\000\000\000\000\000\000\000\000\000\000\000\000\000\000\000\000\000\000\000\000\000\000\000\000\000\000\000\000""; queryType: qtINDIRECT; queryDepth: 3; ","itype: liTS_CANDIDATE; ledgerHash: ""\341\310\354\0213\033\013\350\207z\236R(|z&\034\335\266\323\356\205\273DV\210\254\213T\rZ\347""; nodeIDs: ""\000\000\000\000\000\000\000\000\000\000\000\000\000\000\000\000\000\000\000\000\000\000\000\000\000\000\000\000\000\000\000\000\000""; queryType: qtINDIRECT; queryDepth: 3; "
1750527539504,1750527539504,2794,1,3,2,TMGetLedger,"itype: liTS_CANDIDATE; ledgerHash: ""\341\310\354\0213\033\013\350\207z\236R(|z&\034\335\266\323\356\205\273DV\210\254\213T\rZ\347""; nodeIDs: ""\000\000\000\000\000\000\000\000\000\000\000\000\000\000\000\000\000\000\000\000\000\000\000\000\000\000\000\000\000\000\000\000\000""; queryType: qtINDIRECT; queryDepth: 3; ","itype: liTS_CANDIDATE; ledgerHash: ""\341\310\354\0213\033\013\350\207z\236R(|z&\034\335\266\323\356\205\273DV\210\254\213T\rZ\347""; nodeIDs: ""\000\000\000\000\000\000\000\000\000\000\000\000\000\000\000\000\000\000\000\000\000\000\000\000\000\000\000\000\000\000\000\000\000""; queryType: qtINDIRECT; queryDepth: 3; "
1750527539504,1750527539504,2079,1,3,1,TMGetLedger,"itype: liTS_CANDIDATE; ledgerHash: ""\341\310\354\0213\033\013\350\207z\236R(|z&\034\335\266\323\356\205\273DV\210\254\213T\rZ\347""; nodeIDs: ""\000\000\000\000\000\000\000\000\000\000\000\000\000\000\000\000\000\000\000\000\000\000\000\000\000\000\000\000\000\000\000\000\000""; queryType: qtINDIRECT; queryDepth: 3; ","itype: liTS_CANDIDATE; ledgerHash: ""\341\310\354\0213\033\013\350\207z\236R(|z&\034\335\266\323\356\205\273DV\210\254\213T\rZ\347""; nodeIDs: ""\000\000\000\000\000\000\000\000\000\000\000\000\000\000\000\000\000\000\000\000\000\000\000\000\000\000\000\000\000\000\000\000\000""; queryType: qtINDIRECT; queryDepth: 3; "
1750527539523,1750527539523,1769,1,2,1,TMLedgerData,"ledgerHash: ""[\000\302\314\326\214\276@c\240\272\222{\363\314\032\213\311\316\246/\330\302\014>\022\346\234\347\264\270\350""; ledgerSeq: 0; type: liTS_CANDIDATE; nodes {;   nodedata: ""\002i\361\030\371\256\265\036\320\273\013\357<\215/(\215[\231D\357Gd\372\270\316\261\301\342\327\225\241\000GZ\227\022t\201\240u\2324P\027\307M\337'Y\361[IAD\351\374!\232\005\337\376\252\251g\004\003"";   nodeid: ""\000\000\000\000\000\000\000\000\000\000\000\000\000\000\000\000\000\000\000\000\000\000\000\000\000\000\000\000\000\000\000\000\000""; }; ","ledgerHash: ""[\000\302\314\326\214\276@c\240\272\222{\363\314\032\213\311\316\246/\330\302\014>\022\346\234\347\264\270\350""; ledgerSeq: 0; type: liTS_CANDIDATE; nodes {;   nodedata: ""\002i\361\030\371\256\265\036\320\273\013\357<\215/(\215[\231D\357Gd\372\270\316\261\301\342\327\225\241\000GZ\227\022t\201\240u\2324P\027\307M\337'Y\361[IAD\351\374!\232\005\337\376\252\251g\004\003"";   nodeid: ""\000\000\000\000\000\000\000\000\000\000\000\000\000\000\000\000\000\000\000\000\000\000\000\000\000\000\000\000\000\000\000\000\000""; }; "
1750527539524,1750527539524,2101,1,4,1,TMGetLedger,"itype: liTS_CANDIDATE; ledgerHash: ""\341\310\354\0213\033\013\350\207z\236R(|z&\034\335\266\323\356\205\273DV\210\254\213T\rZ\347""; nodeIDs: ""\000\000\000\000\000\000\000\000\000\000\000\000\000\000\000\000\000\000\000\000\000\000\000\000\000\000\000\000\000\000\000\000\000""; requestCookie: 4; queryType: qtINDIRECT; queryDepth: 3; ","itype: liTS_CANDIDATE; ledgerHash: ""\341\310\354\0213\033\013\350\207z\236R(|z&\034\335\266\323\356\205\273DV\210\254\213T\rZ\347""; nodeIDs: ""\000\000\000\000\000\000\000\000\000\000\000\000\000\000\000\000\000\000\000\000\000\000\000\000\000\000\000\000\000\000\000\000\000""; requestCookie: 4; queryType: qtINDIRECT; queryDepth: 3; "
1750527539542,1750527539542,4000,1,2,3,TMGetLedger,"itype: liTS_CANDIDATE; ledgerHash: ""\341\310\354\0213\033\013\350\207z\236R(|z&\034\335\266\323\356\205\273DV\210\254\213T\rZ\347""; nodeIDs: ""\000\000\000\000\000\000\000\000\000\000\000\000\000\000\000\000\000\000\000\000\000\000\000\000\000\000\000\000\000\000\000\000\000""; queryType: qtINDIRECT; queryDepth: 3; ","itype: liTS_CANDIDATE; ledgerHash: ""\341\310\354\0213\033\013\350\207z\236R(|z&\034\335\266\323\356\205\273DV\210\254\213T\rZ\347""; nodeIDs: ""\000\000\000\000\000\000\000\000\000\000\000\000\000\000\000\000\000\000\000\000\000\000\000\000\000\000\000\000\000\000\000\000\000""; queryType: qtINDIRECT; queryDepth: 3; "
1750527539542,1750527539542,589,1,2,0,TMGetLedger,"itype: liTS_CANDIDATE; ledgerHash: ""\341\310\354\0213\033\013\350\207z\236R(|z&\034\335\266\323\356\205\273DV\210\254\213T\rZ\347""; nodeIDs: ""\000\000\000\000\000\000\000\000\000\000\000\000\000\000\000\000\000\000\000\000\000\000\000\000\000\000\000\000\000\000\000\000\000""; queryType: qtINDIRECT; queryDepth: 3; ","itype: liTS_CANDIDATE; ledgerHash: ""\341\310\354\0213\033\013\350\207z\236R(|z&\034\335\266\323\356\205\273DV\210\254\213T\rZ\347""; nodeIDs: ""\000\000\000\000\000\000\000\000\000\000\000\000\000\000\000\000\000\000\000\000\000\000\000\000\000\000\000\000\000\000\000\000\000""; queryType: qtINDIRECT; queryDepth: 3; "
1750527539542,1750527539542,3719,1,2,4,TMGetLedger,"itype: liTS_CANDIDATE; ledgerHash: ""\341\310\354\0213\033\013\350\207z\236R(|z&\034\335\266\323\356\205\273DV\210\254\213T\rZ\347""; nodeIDs: ""\000\000\000\000\000\000\000\000\000\000\000\000\000\000\000\000\000\000\000\000\000\000\000\000\000\000\000\000\000\000\000\000\000""; queryType: qtINDIRECT; queryDepth: 3; ","itype: liTS_CANDIDATE; ledgerHash: ""\341\310\354\0213\033\013\350\207z\236R(|z&\034\335\266\323\356\205\273DV\210\254\213T\rZ\347""; nodeIDs: ""\000\000\000\000\000\000\000\000\000\000\000\000\000\000\000\000\000\000\000\000\000\000\000\000\000\000\000\000\000\000\000\000\000""; queryType: qtINDIRECT; queryDepth: 3; "
1750527539561,1750527539561,3375,1,0,1,TMGetLedger,"itype: liTS_CANDIDATE; ledgerHash: ""\341\310\354\0213\033\013\350\207z\236R(|z&\034\335\266\323\356\205\273DV\210\254\213T\rZ\347""; nodeIDs: ""\000\000\000\000\000\000\000\000\000\000\000\000\000\000\000\000\000\000\000\000\000\000\000\000\000\000\000\000\000\000\000\000\000""; requestCookie: 5; queryType: qtINDIRECT; queryDepth: 3; ","itype: liTS_CANDIDATE; ledgerHash: ""\341\310\354\0213\033\013\350\207z\236R(|z&\034\335\266\323\356\205\273DV\210\254\213T\rZ\347""; nodeIDs: ""\000\000\000\000\000\000\000\000\000\000\000\000\000\000\000\000\000\000\000\000\000\000\000\000\000\000\000\000\000\000\000\000\000""; requestCookie: 5; queryType: qtINDIRECT; queryDepth: 3; "
1750527539565,1750527539565,1544,1,2,1,TMGetLedger,"itype: liTS_CANDIDATE; ledgerHash: ""\341\310\354\0213\033\013\350\207z\236R(|z&\034\335\266\323\356\205\273DV\210\254\213T\rZ\347""; nodeIDs: ""\000\000\000\000\000\000\000\000\000\000\000\000\000\000\000\000\000\000\000\000\000\000\000\000\000\000\000\000\000\000\000\000\000""; queryType: qtINDIRECT; queryDepth: 3; ","itype: liTS_CANDIDATE; ledgerHash: ""\341\310\354\0213\033\013\350\207z\236R(|z&\034\335\266\323\356\205\273DV\210\254\213T\rZ\347""; nodeIDs: ""\000\000\000\000\000\000\000\000\000\000\000\000\000\000\000\000\000\000\000\000\000\000\000\000\000\000\000\000\000\000\000\000\000""; queryType: qtINDIRECT; queryDepth: 3; "
1750527539581,1750527539582,3578,1,1,3,TMLedgerData,"ledgerHash: ""\341\310\354\0213\033\013\350\207z\236R(|z&\034\335\266\323\356\205\273DV\210\254\213T\rZ\347""; ledgerSeq: 0; type: liTS_CANDIDATE; nodes {;   nodedata: ""\256\322m\2146\221\305\341\316\031h?\276\005\207\253\236\tL;\371W\315\233X\345O\203\332\240\005\360\n\003"";   nodeid: ""\000\000\000\000\000\000\000\000\000\000\000\000\000\000\000\000\000\000\000\000\000\000\000\000\000\000\000\000\000\000\000\000\000""; }; ","ledgerHash: ""\341\310\354\0213\033\013\350\207z\236R(|z&\034\335\266\323\356\205\273DV\210\254\213T\rZ\347""; ledgerSeq: 0; type: liTS_CANDIDATE; nodes {;   nodedata: ""\256\322m\2146\221\305\341\316\031h?\276\005\207\253\236\tL;\371W\315\233X\345O\203\332\240\005\360\n\003"";   nodeid: ""\000\000\000\000\000\000\000\000\000\000\000\000\000\000\000\000\000\000\000\000\000\000\000\000\000\000\000\000\000\000\000\000\000""; }; "
1750527539586,1750527539586,1968,1,1,2,TMLedgerData,"ledgerHash: ""\341\310\354\0213\033\013\350\207z\236R(|z&\034\335\266\323\356\205\273DV\210\254\213T\rZ\347""; ledgerSeq: 0; type: liTS_CANDIDATE; nodes {;   nodedata: ""\256\322m\2146\221\305\341\316\031h?\276\005\207\253\236\tL;\371W\315\233X\345O\203\332\240\005\360\n\003"";   nodeid: ""\000\000\000\000\000\000\000\000\000\000\000\000\000\000\000\000\000\000\000\000\000\000\000\000\000\000\000\000\000\000\000\000\000""; }; ","ledgerHash: ""\341\310\354\0213\033\013\350\207z\236R(|z&\034\335\266\323\356\205\273DV\210\254\213T\rZ\347""; ledgerSeq: 0; type: liTS_CANDIDATE; nodes {;   nodedata: ""\256\322m\2146\221\305\341\316\031h?\276\005\207\253\236\tL;\371W\315\233X\345O\203\332\240\005\360\n\003"";   nodeid: ""\000\000\000\000\000\000\000\000\000\000\000\000\000\000\000\000\000\000\000\000\000\000\000\000\000\000\000\000\000\000\000\000\000""; }; "
1750527539595,1750527539595,1996,1,0,4,TMLedgerData,"ledgerHash: ""3\321\n7\354)\tf\006\357\205B<h\272GQ \344\262\236\025#\003\024&\310\034\352\376\326""; ledgerSeq: 0; type: liTS_CANDIDATE; nodes {;   nodedata: ""'\240~~s\033\202\356\320\307\177Nt\203\315\245\305\276b\265\310\271\3319\245:\342=c\267\265\233\002\003"";   nodeid: ""\000\000\000\000\000\000\000\000\000\000\000\000\000\000\000\000\000\000\000\000\000\000\000\000\000\000\000\000\000\000\000\000\000""; }; requestCookie: 4; ","ledgerHash: ""3\321\n7\354)\tf\006\357\205B<h\272GQ \344\262\236\025#\003\024&\310\034\352\376\326""; ledgerSeq: 0; type: liTS_CANDIDATE; nodes {;   nodedata: ""'\240~~s\033\202\356\320\307\177Nt\203\315\245\305\276b\265\310\271\3319\245:\342=c\267\265\233\002\003"";   nodeid: ""\000\000\000\000\000\000\000\000\000\000\000\000\000\000\000\000\000\000\000\000\000\000\000\000\000\000\000\000\000\000\000\000\000""; }; requestCookie: 4; "
1750527539606,1750527539606,612,1,2,0,TMLedgerData,"ledgerHash: ""[\000\302\314\326\214\276@c\240\272\222{\363\314\032\213\311\316\246/\330\302\014>\022\346\234\347\264\270\350""; ledgerSeq: 0; type: liTS_CANDIDATE; nodes {;   nodedata: ""\002i\361\030\371\256\265\036\320\273\013\357<\215/(\215[\231D\357Gd\372\270\316\261\301\342\327\225\241\000GZ\227\022t\201\240u\2324P\027\307M\337'Y\361[IAD\351\374!\232\005\337\376\252\251g\004\003"";   nodeid: ""\000\000\000\000\000\000\000\000\000\000\000\000\000\000\000\000\000\000\000\000\000\000\000\000\000\000\000\000\000\000\000\000\000""; }; ","ledgerHash: ""[\000\302\314\326\214\276@c\240\272\222{\363\314\032\213\311\316\246/\330\302\014>\022\346\234\347\264\270\350""; ledgerSeq: 0; type: liTS_CANDIDATE; nodes {;   nodedata: ""\002i\361\030\371\256\265\036\320\273\013\357<\215/(\215[\231D\357Gd\372\270\316\261\301\342\327\225\241\000GZ\227\022t\201\240u\2324P\027\307M\337'Y\361[IAD\351\374!\232\005\337\376\252\251g\004\003"";   nodeid: ""\000\000\000\000\000\000\000\000\000\000\000\000\000\000\000\000\000\000\000\000\000\000\000\000\000\000\000\000\000\000\000\000\000""; }; "
1750527539613,1750527539613,1199,1,0,2,TMGetLedger,"itype: liTS_CANDIDATE; ledgerHash: ""\363\262\310\025\251\261\276X\247\260J\221\345\357\037\231)|\321K\000\\326E\004\377\005\255""A?\250""; nodeIDs: ""\000\000\000\000\000\000\000\000\000\000\000\000\000\000\000\000\000\000\000\000\000\000\000\000\000\000\000\000\000\000\000\000\000""; queryType: qtINDIRECT; queryDepth: 3; ","itype: liTS_CANDIDATE; ledgerHash: ""\363\262\310\025\251\261\276X\247\260J\221\345\357\037\231)|\321K\000\\326E\004\377\005\255""A?\250""; nodeIDs: ""\000\000\000\000\000\000\000\000\000\000\000\000\000\000\000\000\000\000\000\000\000\000\000\000\000\000\000\000\000\000\000\000\000""; queryType: qtINDIRECT; queryDepth: 3; "
1750527539613,1750527539613,380,1,0,4,TMGetLedger,"itype: liTS_CANDIDATE; ledgerHash: ""\363\262\310\025\251\261\276X\247\260J\221\345\357\037\231)|\321K\000\\326E\004\377\005\255""A?\250""; nodeIDs: ""\000\000\000\000\000\000\000\000\000\000\000\000\000\000\000\000\000\000\000\000\000\000\000\000\000\000\000\000\000\000\000\000\000""; queryType: qtINDIRECT; queryDepth: 3; ","itype: liTS_CANDIDATE; ledgerHash: ""\363\262\310\025\251\261\276X\247\260J\221\345\357\037\231)|\321K\000\\326E\004\377\005\255""A?\250""; nodeIDs: ""\000\000\000\000\000\000\000\000\000\000\000\000\000\000\000\000\000\000\000\000\000\000\000\000\000\000\000\000\000\000\000\000\000""; queryType: qtINDIRECT; queryDepth: 3; "
1750527539613,1750527539613,3375,1,0,1,TMGetLedger,"itype: liTS_CANDIDATE; ledgerHash: ""\363\262\310\025\251\261\276X\247\260J\221\345\357\037\231)|\321K\000\\326E\004\377\005\255""A?\250""; nodeIDs: ""\000\000\000\000\000\000\000\000\000\000\000\000\000\000\000\000\000\000\000\000\000\000\000\000\000\000\000\000\000\000\000\000\000""; queryType: qtINDIRECT; queryDepth: 3; ","itype: liTS_CANDIDATE; ledgerHash: ""\363\262\310\025\251\261\276X\247\260J\221\345\357\037\231)|\321K\000\\326E\004\377\005\255""A?\250""; nodeIDs: ""\000\000\000\000\000\000\000\000\000\000\000\000\000\000\000\000\000\000\000\000\000\000\000\000\000\000\000\000\000\000\000\000\000""; queryType: qtINDIRECT; queryDepth: 3; "
1750527539613,1750527539613,3094,1,0,3,TMGetLedger,"itype: liTS_CANDIDATE; ledgerHash: ""\363\262\310\025\251\261\276X\247\260J\221\345\357\037\231)|\321K\000\\326E\004\377\005\255""A?\250""; nodeIDs: ""\000\000\000\000\000\000\000\000\000\000\000\000\000\000\000\000\000\000\000\000\000\000\000\000\000\000\000\000\000\000\000\000\000""; queryType: qtINDIRECT; queryDepth: 3; ","itype: liTS_CANDIDATE; ledgerHash: ""\363\262\310\025\251\261\276X\247\260J\221\345\357\037\231)|\321K\000\\326E\004\377\005\255""A?\250""; nodeIDs: ""\000\000\000\000\000\000\000\000\000\000\000\000\000\000\000\000\000\000\000\000\000\000\000\000\000\000\000\000\000\000\000\000\000""; queryType: qtINDIRECT; queryDepth: 3; "
1750527539627,1750527539627,323,1,4,3,TMHaveTransactionSet,"status: tsHAVE; hash: ""3\321\n7\354)\tf\006\357\205B<h\272GQ \344\262\236\025#\003\024&\310\034\352\376\326""; ","status: tsHAVE; hash: ""3\321\n7\354)\tf\006\357\205B<h\272GQ \344\262\236\025#\003\024&\310\034\352\376\326""; "
1750527539627,1750527539627,3037,1,4,0,TMHaveTransactionSet,"status: tsHAVE; hash: ""3\321\n7\354)\tf\006\357\205B<h\272GQ \344\262\236\025#\003\024&\310\034\352\376\326""; ","status: tsHAVE; hash: ""3\321\n7\354)\tf\006\357\205B<h\272GQ \344\262\236\025#\003\024&\310\034\352\376\326""; "
1750527539627,1750527539627,3434,1,4,2,TMHaveTransactionSet,"status: tsHAVE; hash: ""3\321\n7\354)\tf\006\357\205B<h\272GQ \344\262\236\025#\003\024&\310\034\352\376\326""; ","status: tsHAVE; hash: ""3\321\n7\354)\tf\006\357\205B<h\272GQ \344\262\236\025#\003\024&\310\034\352\376\326""; "
1750527539628,1750527539628,2464,1,4,1,TMHaveTransactionSet,"status: tsHAVE; hash: ""3\321\n7\354)\tf\006\357\205B<h\272GQ \344\262\236\025#\003\024&\310\034\352\376\326""; ","status: tsHAVE; hash: ""3\321\n7\354)\tf\006\357\205B<h\272GQ \344\262\236\025#\003\024&\310\034\352\376\326""; "
1750527539629,1750527539629,1932,1,4,0,TMGetLedger,"itype: liTS_CANDIDATE; ledgerHash: ""\341\310\354\0213\033\013\350\207z\236R(|z&\034\335\266\323\356\205\273DV\210\254\213T\rZ\347""; nodeIDs: ""\000\000\000\000\000\000\000\000\000\000\000\000\000\000\000\000\000\000\000\000\000\000\000\000\000\000\000\000\000\000\000\000\000""; queryType: qtINDIRECT; queryDepth: 3; ","itype: liTS_CANDIDATE; ledgerHash: ""\341\310\354\0213\033\013\350\207z\236R(|z&\034\335\266\323\356\205\273DV\210\254\213T\rZ\347""; nodeIDs: ""\000\000\000\000\000\000\000\000\000\000\000\000\000\000\000\000\000\000\000\000\000\000\000\000\000\000\000\000\000\000\000\000\000""; queryType: qtINDIRECT; queryDepth: 3; "
1750527539629,1750527539629,2101,1,4,1,TMGetLedger,"itype: liTS_CANDIDATE; ledgerHash: ""\341\310\354\0213\033\013\350\207z\236R(|z&\034\335\266\323\356\205\273DV\210\254\213T\rZ\347""; nodeIDs: ""\000\000\000\000\000\000\000\000\000\000\000\000\000\000\000\000\000\000\000\000\000\000\000\000\000\000\000\000\000\000\000\000\000""; queryType: qtINDIRECT; queryDepth: 3; ","itype: liTS_CANDIDATE; ledgerHash: ""\341\310\354\0213\033\013\350\207z\236R(|z&\034\335\266\323\356\205\273DV\210\254\213T\rZ\347""; nodeIDs: ""\000\000\000\000\000\000\000\000\000\000\000\000\000\000\000\000\000\000\000\000\000\000\000\000\000\000\000\000\000\000\000\000\000""; queryType: qtINDIRECT; queryDepth: 3; "
1750527539630,1750527539630,2309,1,4,2,TMGetLedger,"itype: liTS_CANDIDATE; ledgerHash: ""\341\310\354\0213\033\013\350\207z\236R(|z&\034\335\266\323\356\205\273DV\210\254\213T\rZ\347""; nodeIDs: ""\000\000\000\000\000\000\000\000\000\000\000\000\000\000\000\000\000\000\000\000\000\000\000\000\000\000\000\000\000\000\000\000\000""; queryType: qtINDIRECT; queryDepth: 3; ","itype: liTS_CANDIDATE; ledgerHash: ""\341\310\354\0213\033\013\350\207z\236R(|z&\034\335\266\323\356\205\273DV\210\254\213T\rZ\347""; nodeIDs: ""\000\000\000\000\000\000\000\000\000\000\000\000\000\000\000\000\000\000\000\000\000\000\000\000\000\000\000\000\000\000\000\000\000""; queryType: qtINDIRECT; queryDepth: 3; "
1750527539630,1750527539630,559,1,4,3,TMGetLedger,"itype: liTS_CANDIDATE; ledgerHash: ""\341\310\354\0213\033\013\350\207z\236R(|z&\034\335\266\323\356\205\273DV\210\254\213T\rZ\347""; nodeIDs: ""\000\000\000\000\000\000\000\000\000\000\000\000\000\000\000\000\000\000\000\000\000\000\000\000\000\000\000\000\000\000\000\000\000""; queryType: qtINDIRECT; queryDepth: 3; ","itype: liTS_CANDIDATE; ledgerHash: ""\341\310\354\0213\033\013\350\207z\236R(|z&\034\335\266\323\356\205\273DV\210\254\213T\rZ\347""; nodeIDs: ""\000\000\000\000\000\000\000\000\000\000\000\000\000\000\000\000\000\000\000\000\000\000\000\000\000\000\000\000\000\000\000\000\000""; queryType: qtINDIRECT; queryDepth: 3; "
1750527539631,1750527539631,1968,1,1,2,TMLedgerData,"ledgerHash: ""[\000\302\314\326\214\276@c\240\272\222{\363\314\032\213\311\316\246/\330\302\014>\022\346\234\347\264\270\350""; ledgerSeq: 0; type: liTS_CANDIDATE; nodes {;   nodedata: ""\002i\361\030\371\256\265\036\320\273\013\357<\215/(\215[\231D\357Gd\372\270\316\261\301\342\327\225\241\000GZ\227\022t\201\240u\2324P\027\307M\337'Y\361[IAD\351\374!\232\005\337\376\252\251g\004\003"";   nodeid: ""\000\000\000\000\000\000\000\000\000\000\000\000\000\000\000\000\000\000\000\000\000\000\000\000\000\000\000\000\000\000\000\000\000""; }; ","ledgerHash: ""[\000\302\314\326\214\276@c\240\272\222{\363\314\032\213\311\316\246/\330\302\014>\022\346\234\347\264\270\350""; ledgerSeq: 0; type: liTS_CANDIDATE; nodes {;   nodedata: ""\002i\361\030\371\256\265\036\320\273\013\357<\215/(\215[\231D\357Gd\372\270\316\261\301\342\327\225\241\000GZ\227\022t\201\240u\2324P\027\307M\337'Y\361[IAD\351\374!\232\005\337\376\252\251g\004\003"";   nodeid: ""\000\000\000\000\000\000\000\000\000\000\000\000\000\000\000\000\000\000\000\000\000\000\000\000\000\000\000\000\000\000\000\000\000""; }; "
1750527539637,1750527539637,1199,1,0,2,TMGetLedger,"itype: liTS_CANDIDATE; ledgerHash: ""\341\310\354\0213\033\013\350\207z\236R(|z&\034\335\266\323\356\205\273DV\210\254\213T\rZ\347""; nodeIDs: ""\000\000\000\000\000\000\000\000\000\000\000\000\000\000\000\000\000\000\000\000\000\000\000\000\000\000\000\000\000\000\000\000\000""; queryType: qtINDIRECT; queryDepth: 3; ","itype: liTS_CANDIDATE; ledgerHash: ""\341\310\354\0213\033\013\350\207z\236R(|z&\034\335\266\323\356\205\273DV\210\254\213T\rZ\347""; nodeIDs: ""\000\000\000\000\000\000\000\000\000\000\000\000\000\000\000\000\000\000\000\000\000\000\000\000\000\000\000\000\000\000\000\000\000""; queryType: qtINDIRECT; queryDepth: 3; "
1750527539637,1750527539637,380,1,0,4,TMGetLedger,"itype: liTS_CANDIDATE; ledgerHash: ""\341\310\354\0213\033\013\350\207z\236R(|z&\034\335\266\323\356\205\273DV\210\254\213T\rZ\347""; nodeIDs: ""\000\000\000\000\000\000\000\000\000\000\000\000\000\000\000\000\000\000\000\000\000\000\000\000\000\000\000\000\000\000\000\000\000""; queryType: qtINDIRECT; queryDepth: 3; ","itype: liTS_CANDIDATE; ledgerHash: ""\341\310\354\0213\033\013\350\207z\236R(|z&\034\335\266\323\356\205\273DV\210\254\213T\rZ\347""; nodeIDs: ""\000\000\000\000\000\000\000\000\000\000\000\000\000\000\000\000\000\000\000\000\000\000\000\000\000\000\000\000\000\000\000\000\000""; queryType: qtINDIRECT; queryDepth: 3; "
1750527539637,1750527539637,3094,1,0,3,TMGetLedger,"itype: liTS_CANDIDATE; ledgerHash: ""\341\310\354\0213\033\013\350\207z\236R(|z&\034\335\266\323\356\205\273DV\210\254\213T\rZ\347""; nodeIDs: ""\000\000\000\000\000\000\000\000\000\000\000\000\000\000\000\000\000\000\000\000\000\000\000\000\000\000\000\000\000\000\000\000\000""; queryType: qtINDIRECT; queryDepth: 3; ","itype: liTS_CANDIDATE; ledgerHash: ""\341\310\354\0213\033\013\350\207z\236R(|z&\034\335\266\323\356\205\273DV\210\254\213T\rZ\347""; nodeIDs: ""\000\000\000\000\000\000\000\000\000\000\000\000\000\000\000\000\000\000\000\000\000\000\000\000\000\000\000\000\000\000\000\000\000""; queryType: qtINDIRECT; queryDepth: 3; "
1750527539658,1750527539658,3375,1,0,1,TMGetLedger,"itype: liTS_CANDIDATE; ledgerHash: ""\341\310\354\0213\033\013\350\207z\236R(|z&\034\335\266\323\356\205\273DV\210\254\213T\rZ\347""; nodeIDs: ""\000\000\000\000\000\000\000\000\000\000\000\000\000\000\000\000\000\000\000\000\000\000\000\000\000\000\000\000\000\000\000\000\000""; requestCookie: 3; queryType: qtINDIRECT; queryDepth: 3; ","itype: liTS_CANDIDATE; ledgerHash: ""\341\310\354\0213\033\013\350\207z\236R(|z&\034\335\266\323\356\205\273DV\210\254\213T\rZ\347""; nodeIDs: ""\000\000\000\000\000\000\000\000\000\000\000\000\000\000\000\000\000\000\000\000\000\000\000\000\000\000\000\000\000\000\000\000\000""; requestCookie: 3; queryType: qtINDIRECT; queryDepth: 3; "
1750527539658,1750527539658,3375,1,0,1,TMGetLedger,"itype: liTS_CANDIDATE; ledgerHash: ""\341\310\354\0213\033\013\350\207z\236R(|z&\034\335\266\323\356\205\273DV\210\254\213T\rZ\347""; nodeIDs: ""\000\000\000\000\000\000\000\000\000\000\000\000\000\000\000\000\000\000\000\000\000\000\000\000\000\000\000\000\000\000\000\000\000""; queryType: qtINDIRECT; queryDepth: 3; ","itype: liTS_CANDIDATE; ledgerHash: ""\341\310\354\0213\033\013\350\207z\236R(|z&\034\335\266\323\356\205\273DV\210\254\213T\rZ\347""; nodeIDs: ""\000\000\000\000\000\000\000\000\000\000\000\000\000\000\000\000\000\000\000\000\000\000\000\000\000\000\000\000\000\000\000\000\000""; queryType: qtINDIRECT; queryDepth: 3; "
1750527539658,1750527539659,3375,1,0,1,TMGetLedger,"itype: liTS_CANDIDATE; ledgerHash: ""\341\310\354\0213\033\013\350\207z\236R(|z&\034\335\266\323\356\205\273DV\210\254\213T\rZ\347""; nodeIDs: ""\000\000\000\000\000\000\000\000\000\000\000\000\000\000\000\000\000\000\000\000\000\000\000\000\000\000\000\000\000\000\000\000\000""; requestCookie: 4; queryType: qtINDIRECT; queryDepth: 3; ","itype: liTS_CANDIDATE; ledgerHash: ""\341\310\354\0213\033\013\350\207z\236R(|z&\034\335\266\323\356\205\273DV\210\254\213T\rZ\347""; nodeIDs: ""\000\000\000\000\000\000\000\000\000\000\000\000\000\000\000\000\000\000\000\000\000\000\000\000\000\000\000\000\000\000\000\000\000""; requestCookie: 4; queryType: qtINDIRECT; queryDepth: 3; "
1750527539685,1750527539685,589,1,2,0,TMGetLedger,"itype: liTS_CANDIDATE; ledgerHash: ""3\321\n7\354)\tf\006\357\205B<h\272GQ \344\262\236\025#\003\024&\310\034\352\376\326""; nodeIDs: ""\000\000\000\000\000\000\000\000\000\000\000\000\000\000\000\000\000\000\000\000\000\000\000\000\000\000\000\000\000\000\000\000\000""; requestCookie: 4; queryType: qtINDIRECT; queryDepth: 3; ","itype: liTS_CANDIDATE; ledgerHash: ""3\321\n7\354)\tf\006\357\205B<h\272GQ \344\262\236\025#\003\024&\310\034\352\376\326""; nodeIDs: ""\000\000\000\000\000\000\000\000\000\000\000\000\000\000\000\000\000\000\000\000\000\000\000\000\000\000\000\000\000\000\000\000\000""; requestCookie: 4; queryType: qtINDIRECT; queryDepth: 3; "
1750527539688,1750527539689,1544,1,2,1,TMGetLedger,"itype: liTS_CANDIDATE; ledgerHash: ""\341\310\354\0213\033\013\350\207z\236R(|z&\034\335\266\323\356\205\273DV\210\254\213T\rZ\347""; nodeIDs: ""\000\000\000\000\000\000\000\000\000\000\000\000\000\000\000\000\000\000\000\000\000\000\000\000\000\000\000\000\000\000\000\000\000""; requestCookie: 5; queryType: qtINDIRECT; queryDepth: 3; ","itype: liTS_CANDIDATE; ledgerHash: ""\341\310\354\0213\033\013\350\207z\236R(|z&\034\335\266\323\356\205\273DV\210\254\213T\rZ\347""; nodeIDs: ""\000\000\000\000\000\000\000\000\000\000\000\000\000\000\000\000\000\000\000\000\000\000\000\000\000\000\000\000\000\000\000\000\000""; requestCookie: 5; queryType: qtINDIRECT; queryDepth: 3; "
1750527539691,1750527539691,2079,1,3,1,TMGetLedger,"itype: liTS_CANDIDATE; ledgerHash: ""\341\310\354\0213\033\013\350\207z\236R(|z&\034\335\266\323\356\205\273DV\210\254\213T\rZ\347""; nodeIDs: ""\000\000\000\000\000\000\000\000\000\000\000\000\000\000\000\000\000\000\000\000\000\000\000\000\000\000\000\000\000\000\000\000\000""; requestCookie: 5; queryType: qtINDIRECT; queryDepth: 3; ","itype: liTS_CANDIDATE; ledgerHash: ""\341\310\354\0213\033\013\350\207z\236R(|z&\034\335\266\323\356\205\273DV\210\254\213T\rZ\347""; nodeIDs: ""\000\000\000\000\000\000\000\000\000\000\000\000\000\000\000\000\000\000\000\000\000\000\000\000\000\000\000\000\000\000\000\000\000""; requestCookie: 5; queryType: qtINDIRECT; queryDepth: 3; "
1750527539722,1750527539722,2920,1,1,0,TMGetLedger,"itype: liTS_CANDIDATE; ledgerHash: ""3\321\n7\354)\tf\006\357\205B<h\272GQ \344\262\236\025#\003\024&\310\034\352\376\326""; nodeIDs: ""\000\000\000\000\000\000\000\000\000\000\000\000\000\000\000\000\000\000\000\000\000\000\000\000\000\000\000\000\000\000\000\000\000""; requestCookie: 4; queryType: qtINDIRECT; queryDepth: 3; ","itype: liTS_CANDIDATE; ledgerHash: ""3\321\n7\354)\tf\006\357\205B<h\272GQ \344\262\236\025#\003\024&\310\034\352\376\326""; nodeIDs: ""\000\000\000\000\000\000\000\000\000\000\000\000\000\000\000\000\000\000\000\000\000\000\000\000\000\000\000\000\000\000\000\000\000""; requestCookie: 4; queryType: qtINDIRECT; queryDepth: 3; "
1750527539723,1750527539723,589,1,2,0,TMGetLedger,"itype: liTS_CANDIDATE; ledgerHash: ""3\321\n7\354)\tf\006\357\205B<h\272GQ \344\262\236\025#\003\024&\310\034\352\376\326""; nodeIDs: ""\000\000\000\000\000\000\000\000\000\000\000\000\000\000\000\000\000\000\000\000\000\000\000\000\000\000\000\000\000\000\000\000\000""; requestCookie: 5; queryType: qtINDIRECT; queryDepth: 3; ","itype: liTS_CANDIDATE; ledgerHash: ""3\321\n7\354)\tf\006\357\205B<h\272GQ \344\262\236\025#\003\024&\310\034\352\376\326""; nodeIDs: ""\000\000\000\000\000\000\000\000\000\000\000\000\000\000\000\000\000\000\000\000\000\000\000\000\000\000\000\000\000\000\000\000\000""; requestCookie: 5; queryType: qtINDIRECT; queryDepth: 3; "
1750527539726,1750527539726,1150,1,3,4,TMLedgerData,"ledgerHash: ""3\321\n7\354)\tf\006\357\205B<h\272GQ \344\262\236\025#\003\024&\310\034\352\376\326""; ledgerSeq: 0; type: liTS_CANDIDATE; nodes {;   nodedata: ""'\240~~s\033\202\356\320\307\177Nt\203\315\245\305\276b\265\310\271\3319\245:\342=c\267\265\233\002\003"";   nodeid: ""\000\000\000\000\000\000\000\000\000\000\000\000\000\000\000\000\000\000\000\000\000\000\000\000\000\000\000\000\000\000\000\000\000""; }; ","ledgerHash: ""3\321\n7\354)\tf\006\357\205B<h\272GQ \344\262\236\025#\003\024&\310\034\352\376\326""; ledgerSeq: 0; type: liTS_CANDIDATE; nodes {;   nodedata: ""'\240~~s\033\202\356\320\307\177Nt\203\315\245\305\276b\265\310\271\3319\245:\342=c\267\265\233\002\003"";   nodeid: ""\000\000\000\000\000\000\000\000\000\000\000\000\000\000\000\000\000\000\000\000\000\000\000\000\000\000\000\000\000\000\000\000\000""; }; "
1750527539744,1750527539744,3378,1,4,0,TMLedgerData,"ledgerHash: ""\363\262\310\025\251\261\276X\247\260J\221\345\357\037\231)|\321K\000\\326E\004\377\005\255""A?\250""; ledgerSeq: 0; type: liTS_CANDIDATE; nodes {;   nodedata: ""MJ\275'\324\005\036\313\204nW\300\362\327\016\205\236\021\351Q6\021\355\301\372\322\276g\026\243\361M\004\003"";   nodeid: ""\000\000\000\000\000\000\000\000\000\000\000\000\000\000\000\000\000\000\000\000\000\000\000\000\000\000\000\000\000\000\000\000\000""; }; ","ledgerHash: ""\363\262\310\025\251\261\276X\247\260J\221\345\357\037\231)|\321K\000\\326E\004\377\005\255""A?\250""; ledgerSeq: 0; type: liTS_CANDIDATE; nodes {;   nodedata: ""MJ\275'\324\005\036\313\204nW\300\362\327\016\205\236\021\351Q6\021\355\301\372\322\276g\026\243\361M\004\003"";   nodeid: ""\000\000\000\000\000\000\000\000\000\000\000\000\000\000\000\000\000\000\000\000\000\000\000\000\000\000\000\000\000\000\000\000\000""; }; "
1750527539753,1750527539753,2079,1,3,1,TMGetLedger,"itype: liTS_CANDIDATE; ledgerHash: ""\341\310\354\0213\033\013\350\207z\236R(|z&\034\335\266\323\356\205\273DV\210\254\213T\rZ\347""; nodeIDs: ""\000\000\000\000\000\000\000\000\000\000\000\000\000\000\000\000\000\000\000\000\000\000\000\000\000\000\000\000\000\000\000\000\000""; queryType: qtINDIRECT; queryDepth: 3; ","itype: liTS_CANDIDATE; ledgerHash: ""\341\310\354\0213\033\013\350\207z\236R(|z&\034\335\266\323\356\205\273DV\210\254\213T\rZ\347""; nodeIDs: ""\000\000\000\000\000\000\000\000\000\000\000\000\000\000\000\000\000\000\000\000\000\000\000\000\000\000\000\000\000\000\000\000\000""; queryType: qtINDIRECT; queryDepth: 3; "
1750527539754,1750527539754,1131,1,3,0,TMGetLedger,"itype: liTS_CANDIDATE; ledgerHash: ""\341\310\354\0213\033\013\350\207z\236R(|z&\034\335\266\323\356\205\273DV\210\254\213T\rZ\347""; nodeIDs: ""\000\000\000\000\000\000\000\000\000\000\000\000\000\000\000\000\000\000\000\000\000\000\000\000\000\000\000\000\000\000\000\000\000""; queryType: qtINDIRECT; queryDepth: 3; ","itype: liTS_CANDIDATE; ledgerHash: ""\341\310\354\0213\033\013\350\207z\236R(|z&\034\335\266\323\356\205\273DV\210\254\213T\rZ\347""; nodeIDs: ""\000\000\000\000\000\000\000\000\000\000\000\000\000\000\000\000\000\000\000\000\000\000\000\000\000\000\000\000\000\000\000\000\000""; queryType: qtINDIRECT; queryDepth: 3; "
1750527539754,1750527539754,1019,1,3,4,TMGetLedger,"itype: liTS_CANDIDATE; ledgerHash: ""\341\310\354\0213\033\013\350\207z\236R(|z&\034\335\266\323\356\205\273DV\210\254\213T\rZ\347""; nodeIDs: ""\000\000\000\000\000\000\000\000\000\000\000\000\000\000\000\000\000\000\000\000\000\000\000\000\000\000\000\000\000\000\000\000\000""; queryType: qtINDIRECT; queryDepth: 3; ","itype: liTS_CANDIDATE; ledgerHash: ""\341\310\354\0213\033\013\350\207z\236R(|z&\034\335\266\323\356\205\273DV\210\254\213T\rZ\347""; nodeIDs: ""\000\000\000\000\000\000\000\000\000\000\000\000\000\000\000\000\000\000\000\000\000\000\000\000\000\000\000\000\000\000\000\000\000""; queryType: qtINDIRECT; queryDepth: 3; "
1750527539754,1750527539754,1782,1,1,4,TMLedgerData,"ledgerHash: ""\341\310\354\0213\033\013\350\207z\236R(|z&\034\335\266\323\356\205\273DV\210\254\213T\rZ\347""; ledgerSeq: 0; type: liTS_CANDIDATE; nodes {;   nodedata: ""\256\322m\2146\221\305\341\316\031h?\276\005\207\253\236\tL;\371W\315\233X\345O\203\332\240\005\360\n\003"";   nodeid: ""\000\000\000\000\000\000\000\000\000\000\000\000\000\000\000\000\000\000\000\000\000\000\000\000\000\000\000\000\000\000\000\000\000""; }; ","ledgerHash: ""\341\310\354\0213\033\013\350\207z\236R(|z&\034\335\266\323\356\205\273DV\210\254\213T\rZ\347""; ledgerSeq: 0; type: liTS_CANDIDATE; nodes {;   nodedata: ""\256\322m\2146\221\305\341\316\031h?\276\005\207\253\236\tL;\371W\315\233X\345O\203\332\240\005\360\n\003"";   nodeid: ""\000\000\000\000\000\000\000\000\000\000\000\000\000\000\000\000\000\000\000\000\000\000\000\000\000\000\000\000\000\000\000\000\000""; }; "
1750527539754,1750527539754,2794,1,3,2,TMGetLedger,"itype: liTS_CANDIDATE; ledgerHash: ""\341\310\354\0213\033\013\350\207z\236R(|z&\034\335\266\323\356\205\273DV\210\254\213T\rZ\347""; nodeIDs: ""\000\000\000\000\000\000\000\000\000\000\000\000\000\000\000\000\000\000\000\000\000\000\000\000\000\000\000\000\000\000\000\000\000""; queryType: qtINDIRECT; queryDepth: 3; ","itype: liTS_CANDIDATE; ledgerHash: ""\341\310\354\0213\033\013\350\207z\236R(|z&\034\335\266\323\356\205\273DV\210\254\213T\rZ\347""; nodeIDs: ""\000\000\000\000\000\000\000\000\000\000\000\000\000\000\000\000\000\000\000\000\000\000\000\000\000\000\000\000\000\000\000\000\000""; queryType: qtINDIRECT; queryDepth: 3; "
1750527539768,1750527539768,2101,1,4,1,TMGetLedger,"itype: liTS_CANDIDATE; ledgerHash: ""\341\310\354\0213\033\013\350\207z\236R(|z&\034\335\266\323\356\205\273DV\210\254\213T\rZ\347""; nodeIDs: ""\000\000\000\000\000\000\000\000\000\000\000\000\000\000\000\000\000\000\000\000\000\000\000\000\000\000\000\000\000\000\000\000\000""; requestCookie: 1; queryType: qtINDIRECT; queryDepth: 3; ","itype: liTS_CANDIDATE; ledgerHash: ""\341\310\354\0213\033\013\350\207z\236R(|z&\034\335\266\323\356\205\273DV\210\254\213T\rZ\347""; nodeIDs: ""\000\000\000\000\000\000\000\000\000\000\000\000\000\000\000\000\000\000\000\000\000\000\000\000\000\000\000\000\000\000\000\000\000""; requestCookie: 1; queryType: qtINDIRECT; queryDepth: 3; "
1750527539774,1750527539774,2101,1,4,1,TMGetLedger,"itype: liTS_CANDIDATE; ledgerHash: ""\341\310\354\0213\033\013\350\207z\236R(|z&\034\335\266\323\356\205\273DV\210\254\213T\rZ\347""; nodeIDs: ""\000\000\000\000\000\000\000\000\000\000\000\000\000\000\000\000\000\000\000\000\000\000\000\000\000\000\000\000\000\000\000\000\000""; requestCookie: 4; queryType: qtINDIRECT; queryDepth: 3; ","itype: liTS_CANDIDATE; ledgerHash: ""\341\310\354\0213\033\013\350\207z\236R(|z&\034\335\266\323\356\205\273DV\210\254\213T\rZ\347""; nodeIDs: ""\000\000\000\000\000\000\000\000\000\000\000\000\000\000\000\000\000\000\000\000\000\000\000\000\000\000\000\000\000\000\000\000\000""; requestCookie: 4; queryType: qtINDIRECT; queryDepth: 3; "
1750527539792,1750527539792,589,1,2,0,TMGetLedger,"itype: liTS_CANDIDATE; ledgerHash: ""\341\310\354\0213\033\013\350\207z\236R(|z&\034\335\266\323\356\205\273DV\210\254\213T\rZ\347""; nodeIDs: ""\000\000\000\000\000\000\000\000\000\000\000\000\000\000\000\000\000\000\000\000\000\000\000\000\000\000\000\000\000\000\000\000\000""; queryType: qtINDIRECT; queryDepth: 3; ","itype: liTS_CANDIDATE; ledgerHash: ""\341\310\354\0213\033\013\350\207z\236R(|z&\034\335\266\323\356\205\273DV\210\254\213T\rZ\347""; nodeIDs: ""\000\000\000\000\000\000\000\000\000\000\000\000\000\000\000\000\000\000\000\000\000\000\000\000\000\000\000\000\000\000\000\000\000""; queryType: qtINDIRECT; queryDepth: 3; "
1750527539792,1750527539792,4000,1,2,3,TMGetLedger,"itype: liTS_CANDIDATE; ledgerHash: ""\341\310\354\0213\033\013\350\207z\236R(|z&\034\335\266\323\356\205\273DV\210\254\213T\rZ\347""; nodeIDs: ""\000\000\000\000\000\000\000\000\000\000\000\000\000\000\000\000\000\000\000\000\000\000\000\000\000\000\000\000\000\000\000\000\000""; queryType: qtINDIRECT; queryDepth: 3; ","itype: liTS_CANDIDATE; ledgerHash: ""\341\310\354\0213\033\013\350\207z\236R(|z&\034\335\266\323\356\205\273DV\210\254\213T\rZ\347""; nodeIDs: ""\000\000\000\000\000\000\000\000\000\000\000\000\000\000\000\000\000\000\000\000\000\000\000\000\000\000\000\000\000\000\000\000\000""; queryType: qtINDIRECT; queryDepth: 3; "
1750527539792,1750527539792,3719,1,2,4,TMGetLedger,"itype: liTS_CANDIDATE; ledgerHash: ""\341\310\354\0213\033\013\350\207z\236R(|z&\034\335\266\323\356\205\273DV\210\254\213T\rZ\347""; nodeIDs: ""\000\000\000\000\000\000\000\000\000\000\000\000\000\000\000\000\000\000\000\000\000\000\000\000\000\000\000\000\000\000\000\000\000""; queryType: qtINDIRECT; queryDepth: 3; ","itype: liTS_CANDIDATE; ledgerHash: ""\341\310\354\0213\033\013\350\207z\236R(|z&\034\335\266\323\356\205\273DV\210\254\213T\rZ\347""; nodeIDs: ""\000\000\000\000\000\000\000\000\000\000\000\000\000\000\000\000\000\000\000\000\000\000\000\000\000\000\000\000\000\000\000\000\000""; queryType: qtINDIRECT; queryDepth: 3; "
1750527539792,1750527539792,1544,1,2,1,TMGetLedger,"itype: liTS_CANDIDATE; ledgerHash: ""\341\310\354\0213\033\013\350\207z\236R(|z&\034\335\266\323\356\205\273DV\210\254\213T\rZ\347""; nodeIDs: ""\000\000\000\000\000\000\000\000\000\000\000\000\000\000\000\000\000\000\000\000\000\000\000\000\000\000\000\000\000\000\000\000\000""; queryType: qtINDIRECT; queryDepth: 3; ","itype: liTS_CANDIDATE; ledgerHash: ""\341\310\354\0213\033\013\350\207z\236R(|z&\034\335\266\323\356\205\273DV\210\254\213T\rZ\347""; nodeIDs: ""\000\000\000\000\000\000\000\000\000\000\000\000\000\000\000\000\000\000\000\000\000\000\000\000\000\000\000\000\000\000\000\000\000""; queryType: qtINDIRECT; queryDepth: 3; "
1750527539811,1750527539811,3375,1,0,1,TMGetLedger,"itype: liTS_CANDIDATE; ledgerHash: ""\341\310\354\0213\033\013\350\207z\236R(|z&\034\335\266\323\356\205\273DV\210\254\213T\rZ\347""; nodeIDs: ""\000\000\000\000\000\000\000\000\000\000\000\000\000\000\000\000\000\000\000\000\000\000\000\000\000\000\000\000\000\000\000\000\000""; requestCookie: 5; queryType: qtINDIRECT; queryDepth: 3; ","itype: liTS_CANDIDATE; ledgerHash: ""\341\310\354\0213\033\013\350\207z\236R(|z&\034\335\266\323\356\205\273DV\210\254\213T\rZ\347""; nodeIDs: ""\000\000\000\000\000\000\000\000\000\000\000\000\000\000\000\000\000\000\000\000\000\000\000\000\000\000\000\000\000\000\000\000\000""; requestCookie: 5; queryType: qtINDIRECT; queryDepth: 3; "
1750527539812,1750527539812,4000,1,2,3,TMGetLedger,"itype: liTS_CANDIDATE; ledgerHash: ""\363\262\310\025\251\261\276X\247\260J\221\345\357\037\231)|\321K\000\\326E\004\377\005\255""A?\250""; nodeIDs: ""\000\000\000\000\000\000\000\000\000\000\000\000\000\000\000\000\000\000\000\000\000\000\000\000\000\000\000\000\000\000\000\000\000""; requestCookie: 2; queryType: qtINDIRECT; queryDepth: 3; ","itype: liTS_CANDIDATE; ledgerHash: ""\363\262\310\025\251\261\276X\247\260J\221\345\357\037\231)|\321K\000\\326E\004\377\005\255""A?\250""; nodeIDs: ""\000\000\000\000\000\000\000\000\000\000\000\000\000\000\000\000\000\000\000\000\000\000\000\000\000\000\000\000\000\000\000\000\000""; requestCookie: 2; queryType: qtINDIRECT; queryDepth: 3; "
1750527539831,1750527539831,559,1,4,3,TMGetLedger,"itype: liBASE; ledgerHash: ""\326+\03569g\235`}\354\203s\003\217_Vf \233\324\237yU<\242:Zr\321\340\201]""; ledgerSeq: 7; ","itype: liBASE; ledgerHash: ""\326+\03569g\235`}\354\203s\003\217_Vf \233\324\237yU<\242:Zr\321\340\201]""; ledgerSeq: 7; "
1750527539832,1750527539832,2309,1,4,2,TMGetLedger,"itype: liBASE; ledgerHash: ""\326+\03569g\235`}\354\203s\003\217_Vf \233\324\237yU<\242:Zr\321\340\201]""; ledgerSeq: 7; ","itype: liBASE; ledgerHash: ""\326+\03569g\235`}\354\203s\003\217_Vf \233\324\237yU<\242:Zr\321\340\201]""; ledgerSeq: 7; "
1750527539832,1750527539832,3620,1,4,3,TMValidation,"validation: """"\200\000\000\001&\000\000\000\007)/\351\252\261:\303`\246;Q\203[_Q\326+\03569g\235`}\354\203s\003\217_Vf \233\324\237yU<\242:Zr\321\340\201]P\027\341\310\354\0213\033\013\350\207z\236R(|z&\034\335\266\323\356\205\273DV\210\254\213T\rZ\347P\031\360\215\2502\265\245\310\226\243c\302Ze\306\253#r\020\211\320iG\276\020E\317\035Sf\223F\254s!\002\266\377\271\344:\030\221i\267\257\215\237M\014\3345f\014\273|\207\367\334\337F\325\004cxB\211LvG0E\002!\000\237\224L\326\022\330X\267\265&\351\023\340r\023\232\255f\306\211lf\347\000\374M\242\210K<I\357\002 )\325\316a\261F/0\213\003BY\r.\224\227\036\032\366g\304P\213\341pt\2563\367\222\3416""; ","validation: """"\200\000\000\001&\000\000\000\007)/\351\252\261:\303`\246;Q\203[_Q\326+\03569g\235`}\354\203s\003\217_Vf \233\324\237yU<\242:Zr\321\340\201]P\027\341\310\354\0213\033\013\350\207z\236R(|z&\034\335\266\323\356\205\273DV\210\254\213T\rZ\347P\031\360\215\2502\265\245\310\226\243c\302Ze\306\253#r\020\211\320iG\276\020E\317\035Sf\223F\254s!\002\266\377\271\344:\030\221i\267\257\215\237M\014\3345f\014\273|\207\367\334\337F\325\004cxB\211LvG0E\002!\000\237\224L\326\022\330X\267\265&\351\023\340r\023\232\255f\306\211lf\347\000\374M\242\210K<I\357\002 )\325\316a\261F/0\213\003BY\r.\224\227\036\032\366g\304P\213\341pt\2563\367\222\3416""; "
1750527539831,1750527539831,2101,1,4,1,TMGetLedger,"itype: liBASE; ledgerHash: ""\326+\03569g\235`}\354\203s\003\217_Vf \233\324\237yU<\242:Zr\321\340\201]""; ledgerSeq: 7; ","itype: liBASE; ledgerHash: ""\326+\03569g\235`}\354\203s\003\217_Vf \233\324\237yU<\242:Zr\321\340\201]""; ledgerSeq: 7; "
1750527539832,1750527539832,2101,1,4,1,TMGetLedger,"itype: liBASE; ledgerHash: ""\326+\03569g\235`}\354\203s\003\217_Vf \233\324\237yU<\242:Zr\321\340\201]""; ledgerSeq: 7; queryType: qtINDIRECT; ","itype: liBASE; ledgerHash: ""\326+\03569g\235`}\354\203s\003\217_Vf \233\324\237yU<\242:Zr\321\340\201]""; ledgerSeq: 7; queryType: qtINDIRECT; "
1750527539833,1750527539833,559,1,4,3,TMGetLedger,"itype: liBASE; ledgerHash: ""\326+\03569g\235`}\354\203s\003\217_Vf \233\324\237yU<\242:Zr\321\340\201]""; ledgerSeq: 7; queryType: qtINDIRECT; ","itype: liBASE; ledgerHash: ""\326+\03569g\235`}\354\203s\003\217_Vf \233\324\237yU<\242:Zr\321\340\201]""; ledgerSeq: 7; queryType: qtINDIRECT; "
1750527539831,1750527539831,1932,1,4,0,TMGetLedger,"itype: liBASE; ledgerHash: ""\326+\03569g\235`}\354\203s\003\217_Vf \233\324\237yU<\242:Zr\321\340\201]""; ledgerSeq: 7; ","itype: liBASE; ledgerHash: ""\326+\03569g\235`}\354\203s\003\217_Vf \233\324\237yU<\242:Zr\321\340\201]""; ledgerSeq: 7; "
1750527539833,1750527539833,2309,1,4,2,TMGetLedger,"itype: liBASE; ledgerHash: ""\326+\03569g\235`}\354\203s\003\217_Vf \233\324\237yU<\242:Zr\321\340\201]""; ledgerSeq: 7; queryType: qtINDIRECT; ","itype: liBASE; ledgerHash: ""\326+\03569g\235`}\354\203s\003\217_Vf \233\324\237yU<\242:Zr\321\340\201]""; ledgerSeq: 7; queryType: qtINDIRECT; "
1750527539833,1750527539833,3803,1,4,1,TMValidation,"validation: """"\200\000\000\001&\000\000\000\007)/\351\252\261:\303`\246;Q\203[_Q\326+\03569g\235`}\354\203s\003\217_Vf \233\324\237yU<\242:Zr\321\340\201]P\027\341\310\354\0213\033\013\350\207z\236R(|z&\034\335\266\323\356\205\273DV\210\254\213T\rZ\347P\031\360\215\2502\265\245\310\226\243c\302Ze\306\253#r\020\211\320iG\276\020E\317\035Sf\223F\254s!\002\266\377\271\344:\030\221i\267\257\215\237M\014\3345f\014\273|\207\367\334\337F\325\004cxB\211LvG0E\002!\000\237\224L\326\022\330X\267\265&\351\023\340r\023\232\255f\306\211lf\347\000\374M\242\210K<I\357\002 )\325\316a\261F/0\213\003BY\r.\224\227\036\032\366g\304P\213\341pt\2563\367\222\3416""; ","validation: """"\200\000\000\001&\000\000\000\007)/\351\252\261:\303`\246;Q\203[_Q\326+\03569g\235`}\354\203s\003\217_Vf \233\324\237yU<\242:Zr\321\340\201]P\027\341\310\354\0213\033\013\350\207z\236R(|z&\034\335\266\323\356\205\273DV\210\254\213T\rZ\347P\031\360\215\2502\265\245\310\226\243c\302Ze\306\253#r\020\211\320iG\276\020E\317\035Sf\223F\254s!\002\266\377\271\344:\030\221i\267\257\215\237M\014\3345f\014\273|\207\367\334\337F\325\004cxB\211LvG0E\002!\000\237\224L\326\022\330X\267\265&\351\023\340r\023\232\255f\306\211lf\347\000\374M\242\210K<I\357\002 )\325\316a\261F/0\213\003BY\r.\224\227\036\032\366g\304P\213\341pt\2563\367\222\3416""; "
1750527539834,1750527539834,783,1,4,2,TMValidation,"validation: """"\200\000\000\001&\000\000\000\007)/\351\252\261:\303`\246;Q\203[_Q\326+\03569g\235`}\354\203s\003\217_Vf \233\324\237yU<\242:Zr\321\340\201]P\027\341\310\354\0213\033\013\350\207z\236R(|z&\034\335\266\323\356\205\273DV\210\254\213T\rZ\347P\031\360\215\2502\265\245\310\226\243c\302Ze\306\253#r\020\211\320iG\276\020E\317\035Sf\223F\254s!\002\266\377\271\344:\030\221i\267\257\215\237M\014\3345f\014\273|\207\367\334\337F\325\004cxB\211LvG0E\002!\000\237\224L\326\022\330X\267\265&\351\023\340r\023\232\255f\306\211lf\347\000\374M\242\210K<I\357\002 )\325\316a\261F/0\213\003BY\r.\224\227\036\032\366g\304P\213\341pt\2563\367\222\3416""; ","validation: """"\200\000\000\001&\000\000\000\007)/\351\252\261:\303`\246;Q\203[_Q\326+\03569g\235`}\354\203s\003\217_Vf \233\324\237yU<\242:Zr\321\340\201]P\027\341\310\354\0213\033\013\350\207z\236R(|z&\034\335\266\323\356\205\273DV\210\254\213T\rZ\347P\031\360\215\2502\265\245\310\226\243c\302Ze\306\253#r\020\211\320iG\276\020E\317\035Sf\223F\254s!\002\266\377\271\344:\030\221i\267\257\215\237M\014\3345f\014\273|\207\367\334\337F\325\004cxB\211LvG0E\002!\000\237\224L\326\022\330X\267\265&\351\023\340r\023\232\255f\306\211lf\347\000\374M\242\210K<I\357\002 )\325\316a\261F/0\213\003BY\r.\224\227\036\032\366g\304P\213\341pt\2563\367\222\3416""; "
1750527539834,1750527539834,3578,1,1,3,TMLedgerData,"ledgerHash: ""\341\310\354\0213\033\013\350\207z\236R(|z&\034\335\266\323\356\205\273DV\210\254\213T\rZ\347""; ledgerSeq: 0; type: liTS_CANDIDATE; nodes {;   nodedata: ""\256\322m\2146\221\305\341\316\031h?\276\005\207\253\236\tL;\371W\315\233X\345O\203\332\240\005\360\n\003"";   nodeid: ""\000\000\000\000\000\000\000\000\000\000\000\000\000\000\000\000\000\000\000\000\000\000\000\000\000\000\000\000\000\000\000\000\000""; }; ","ledgerHash: ""\341\310\354\0213\033\013\350\207z\236R(|z&\034\335\266\323\356\205\273DV\210\254\213T\rZ\347""; ledgerSeq: 0; type: liTS_CANDIDATE; nodes {;   nodedata: ""\256\322m\2146\221\305\341\316\031h?\276\005\207\253\236\tL;\371W\315\233X\345O\203\332\240\005\360\n\003"";   nodeid: ""\000\000\000\000\000\000\000\000\000\000\000\000\000\000\000\000\000\000\000\000\000\000\000\000\000\000\000\000\000\000\000\000\000""; }; "
1750527539834,1750527539834,1544,1,2,1,TMGetLedger,"itype: liTS_CANDIDATE; ledgerHash: ""\341\310\354\0213\033\013\350\207z\236R(|z&\034\335\266\323\356\205\273DV\210\254\213T\rZ\347""; nodeIDs: ""\000\000\000\000\000\000\000\000\000\000\000\000\000\000\000\000\000\000\000\000\000\000\000\000\000\000\000\000\000\000\000\000\000""; requestCookie: 4; queryType: qtINDIRECT; queryDepth: 3; ","itype: liTS_CANDIDATE; ledgerHash: ""\341\310\354\0213\033\013\350\207z\236R(|z&\034\335\266\323\356\205\273DV\210\254\213T\rZ\347""; nodeIDs: ""\000\000\000\000\000\000\000\000\000\000\000\000\000\000\000\000\000\000\000\000\000\000\000\000\000\000\000\000\000\000\000\000\000""; requestCookie: 4; queryType: qtINDIRECT; queryDepth: 3; "
1750527539836,1750527539836,1968,1,1,2,TMLedgerData,"ledgerHash: ""\341\310\354\0213\033\013\350\207z\236R(|z&\034\335\266\323\356\205\273DV\210\254\213T\rZ\347""; ledgerSeq: 0; type: liTS_CANDIDATE; nodes {;   nodedata: ""\256\322m\2146\221\305\341\316\031h?\276\005\207\253\236\tL;\371W\315\233X\345O\203\332\240\005\360\n\003"";   nodeid: ""\000\000\000\000\000\000\000\000\000\000\000\000\000\000\000\000\000\000\000\000\000\000\000\000\000\000\000\000\000\000\000\000\000""; }; ","ledgerHash: ""\341\310\354\0213\033\013\350\207z\236R(|z&\034\335\266\323\356\205\273DV\210\254\213T\rZ\347""; ledgerSeq: 0; type: liTS_CANDIDATE; nodes {;   nodedata: ""\256\322m\2146\221\305\341\316\031h?\276\005\207\253\236\tL;\371W\315\233X\345O\203\332\240\005\360\n\003"";   nodeid: ""\000\000\000\000\000\000\000\000\000\000\000\000\000\000\000\000\000\000\000\000\000\000\000\000\000\000\000\000\000\000\000\000\000""; }; "
1750527539843,1750527539843,1199,1,0,2,TMGetLedger,"itype: liAS_NODE; ledgerHash: ""\276\230H\305\2714\032l\253n6W\035\354\257.f\r\217\302\203\224\212L\020\S\370\243OP*""; ledgerSeq: 7; nodeIDs: ""\260\000\000\000\000\000\000\000\000\000\000\000\000\000\000\000\000\000\000\000\000\000\000\000\000\000\000\000\000\000\000\000\001""; queryType: qtINDIRECT; queryDepth: 1; ","itype: liAS_NODE; ledgerHash: ""\276\230H\305\2714\032l\253n6W\035\354\257.f\r\217\302\203\224\212L\020\S\370\243OP*""; ledgerSeq: 7; nodeIDs: ""\260\000\000\000\000\000\000\000\000\000\000\000\000\000\000\000\000\000\000\000\000\000\000\000\000\000\000\000\000\000\000\000\001""; queryType: qtINDIRECT; queryDepth: 1; "
1750527539843,1750527539843,1996,1,0,4,TMLedgerData,"ledgerHash: ""3\321\n7\354)\tf\006\357\205B<h\272GQ \344\262\236\025#\003\024&\310\034\352\376\326""; ledgerSeq: 0; type: liTS_CANDIDATE; nodes {;   nodedata: ""'\240~~s\033\202\356\320\307\177Nt\203\315\245\305\276b\265\310\271\3319\245:\342=c\267\265\233\002\003"";   nodeid: ""\000\000\000\000\000\000\000\000\000\000\000\000\000\000\000\000\000\000\000\000\000\000\000\000\000\000\000\000\000\000\000\000\000""; }; requestCookie: 4; ","ledgerHash: ""3\321\n7\354)\tf\006\357\205B<h\272GQ \344\262\236\025#\003\024&\310\034\352\376\326""; ledgerSeq: 0; type: liTS_CANDIDATE; nodes {;   nodedata: ""'\240~~s\033\202\356\320\307\177Nt\203\315\245\305\276b\265\310\271\3319\245:\342=c\267\265\233\002\003"";   nodeid: ""\000\000\000\000\000\000\000\000\000\000\000\000\000\000\000\000\000\000\000\000\000\000\000\000\000\000\000\000\000\000\000\000\000""; }; requestCookie: 4; "
1750527539847,1750527539847,1996,1,0,4,TMLedgerData,"ledgerHash: ""3\321\n7\354)\tf\006\357\205B<h\272GQ \344\262\236\025#\003\024&\310\034\352\376\326""; ledgerSeq: 0; type: liTS_CANDIDATE; nodes {;   nodedata: ""'\240~~s\033\202\356\320\307\177Nt\203\315\245\305\276b\265\310\271\3319\245:\342=c\267\265\233\002\003"";   nodeid: ""\000\000\000\000\000\000\000\000\000\000\000\000\000\000\000\000\000\000\000\000\000\000\000\000\000\000\000\000\000\000\000\000\000""; }; ","ledgerHash: ""3\321\n7\354)\tf\006\357\205B<h\272GQ \344\262\236\025#\003\024&\310\034\352\376\326""; ledgerSeq: 0; type: liTS_CANDIDATE; nodes {;   nodedata: ""'\240~~s\033\202\356\320\307\177Nt\203\315\245\305\276b\265\310\271\3319\245:\342=c\267\265\233\002\003"";   nodeid: ""\000\000\000\000\000\000\000\000\000\000\000\000\000\000\000\000\000\000\000\000\000\000\000\000\000\000\000\000\000\000\000\000\000""; }; "
1750527539859,1750527539859,612,1,2,0,TMLedgerData,"ledgerHash: ""[\000\302\314\326\214\276@c\240\272\222{\363\314\032\213\311\316\246/\330\302\014>\022\346\234\347\264\270\350""; ledgerSeq: 0; type: liTS_CANDIDATE; nodes {;   nodedata: ""\002i\361\030\371\256\265\036\320\273\013\357<\215/(\215[\231D\357Gd\372\270\316\261\301\342\327\225\241\000GZ\227\022t\201\240u\2324P\027\307M\337'Y\361[IAD\351\374!\232\005\337\376\252\251g\004\003"";   nodeid: ""\000\000\000\000\000\000\000\000\000\000\000\000\000\000\000\000\000\000\000\000\000\000\000\000\000\000\000\000\000\000\000\000\000""; }; ","ledgerHash: ""[\000\302\314\326\214\276@c\240\272\222{\363\314\032\213\311\316\246/\330\302\014>\022\346\234\347\264\270\350""; ledgerSeq: 0; type: liTS_CANDIDATE; nodes {;   nodedata: ""\002i\361\030\371\256\265\036\320\273\013\357<\215/(\215[\231D\357Gd\372\270\316\261\301\342\327\225\241\000GZ\227\022t\201\240u\2324P\027\307M\337'Y\361[IAD\351\374!\232\005\337\376\252\251g\004\003"";   nodeid: ""\000\000\000\000\000\000\000\000\000\000\000\000\000\000\000\000\000\000\000\000\000\000\000\000\000\000\000\000\000\000\000\000\000""; }; "
1750527539863,1750527539863,1199,1,0,2,TMGetLedger,"itype: liTS_CANDIDATE; ledgerHash: ""\363\262\310\025\251\261\276X\247\260J\221\345\357\037\231)|\321K\000\\326E\004\377\005\255""A?\250""; nodeIDs: ""\000\000\000\000\000\000\000\000\000\000\000\000\000\000\000\000\000\000\000\000\000\000\000\000\000\000\000\000\000\000\000\000\000""; queryType: qtINDIRECT; queryDepth: 3; ","itype: liTS_CANDIDATE; ledgerHash: ""\363\262\310\025\251\261\276X\247\260J\221\345\357\037\231)|\321K\000\\326E\004\377\005\255""A?\250""; nodeIDs: ""\000\000\000\000\000\000\000\000\000\000\000\000\000\000\000\000\000\000\000\000\000\000\000\000\000\000\000\000\000\000\000\000\000""; queryType: qtINDIRECT; queryDepth: 3; "
1750527539863,1750527539863,3094,1,0,3,TMGetLedger,"itype: liTS_CANDIDATE; ledgerHash: ""\363\262\310\025\251\261\276X\247\260J\221\345\357\037\231)|\321K\000\\326E\004\377\005\255""A?\250""; nodeIDs: ""\000\000\000\000\000\000\000\000\000\000\000\000\000\000\000\000\000\000\000\000\000\000\000\000\000\000\000\000\000\000\000\000\000""; queryType: qtINDIRECT; queryDepth: 3; ","itype: liTS_CANDIDATE; ledgerHash: ""\363\262\310\025\251\261\276X\247\260J\221\345\357\037\231)|\321K\000\\326E\004\377\005\255""A?\250""; nodeIDs: ""\000\000\000\000\000\000\000\000\000\000\000\000\000\000\000\000\000\000\000\000\000\000\000\000\000\000\000\000\000\000\000\000\000""; queryType: qtINDIRECT; queryDepth: 3; "
1750527539863,1750527539863,3375,1,0,1,TMGetLedger,"itype: liTS_CANDIDATE; ledgerHash: ""\363\262\310\025\251\261\276X\247\260J\221\345\357\037\231)|\321K\000\\326E\004\377\005\255""A?\250""; nodeIDs: ""\000\000\000\000\000\000\000\000\000\000\000\000\000\000\000\000\000\000\000\000\000\000\000\000\000\000\000\000\000\000\000\000\000""; queryType: qtINDIRECT; queryDepth: 3; ","itype: liTS_CANDIDATE; ledgerHash: ""\363\262\310\025\251\261\276X\247\260J\221\345\357\037\231)|\321K\000\\326E\004\377\005\255""A?\250""; nodeIDs: ""\000\000\000\000\000\000\000\000\000\000\000\000\000\000\000\000\000\000\000\000\000\000\000\000\000\000\000\000\000\000\000\000\000""; queryType: qtINDIRECT; queryDepth: 3; "
1750527539873,1750527539874,1932,1,4,0,TMGetLedger,"itype: liBASE; ledgerHash: ""\326+\03569g\235`}\354\203s\003\217_Vf \233\324\237yU<\242:Zr\321\340\201]""; ledgerSeq: 7; queryType: qtINDIRECT; ","itype: liBASE; ledgerHash: ""\326+\03569g\235`}\354\203s\003\217_Vf \233\324\237yU<\242:Zr\321\340\201]""; ledgerSeq: 7; queryType: qtINDIRECT; "
1750527539874,1750527539874,1782,1,1,4,TMLedgerData,"ledgerHash: ""\341\310\354\0213\033\013\350\207z\236R(|z&\034\335\266\323\356\205\273DV\210\254\213T\rZ\347""; ledgerSeq: 0; type: liTS_CANDIDATE; nodes {;   nodedata: ""\256\322m\2146\221\305\341\316\031h?\276\005\207\253\236\tL;\371W\315\233X\345O\203\332\240\005\360\n\003"";   nodeid: ""\000\000\000\000\000\000\000\000\000\000\000\000\000\000\000\000\000\000\000\000\000\000\000\000\000\000\000\000\000\000\000\000\000""; }; requestCookie: 4; ","ledgerHash: ""\341\310\354\0213\033\013\350\207z\236R(|z&\034\335\266\323\356\205\273DV\210\254\213T\rZ\347""; ledgerSeq: 0; type: liTS_CANDIDATE; nodes {;   nodedata: ""\256\322m\2146\221\305\341\316\031h?\276\005\207\253\236\tL;\371W\315\233X\345O\203\332\240\005\360\n\003"";   nodeid: ""\000\000\000\000\000\000\000\000\000\000\000\000\000\000\000\000\000\000\000\000\000\000\000\000\000\000\000\000\000\000\000\000\000""; }; requestCookie: 4; "
1750527539879,1750527539879,2101,1,4,1,TMGetLedger,"itype: liTS_CANDIDATE; ledgerHash: ""\341\310\354\0213\033\013\350\207z\236R(|z&\034\335\266\323\356\205\273DV\210\254\213T\rZ\347""; nodeIDs: ""\000\000\000\000\000\000\000\000\000\000\000\000\000\000\000\000\000\000\000\000\000\000\000\000\000\000\000\000\000\000\000\000\000""; queryType: qtINDIRECT; queryDepth: 3; ","itype: liTS_CANDIDATE; ledgerHash: ""\341\310\354\0213\033\013\350\207z\236R(|z&\034\335\266\323\356\205\273DV\210\254\213T\rZ\347""; nodeIDs: ""\000\000\000\000\000\000\000\000\000\000\000\000\000\000\000\000\000\000\000\000\000\000\000\000\000\000\000\000\000\000\000\000\000""; queryType: qtINDIRECT; queryDepth: 3; "
1750527539880,1750527539880,1932,1,4,0,TMGetLedger,"itype: liTS_CANDIDATE; ledgerHash: ""\341\310\354\0213\033\013\350\207z\236R(|z&\034\335\266\323\356\205\273DV\210\254\213T\rZ\347""; nodeIDs: ""\000\000\000\000\000\000\000\000\000\000\000\000\000\000\000\000\000\000\000\000\000\000\000\000\000\000\000\000\000\000\000\000\000""; queryType: qtINDIRECT; queryDepth: 3; ","itype: liTS_CANDIDATE; ledgerHash: ""\341\310\354\0213\033\013\350\207z\236R(|z&\034\335\266\323\356\205\273DV\210\254\213T\rZ\347""; nodeIDs: ""\000\000\000\000\000\000\000\000\000\000\000\000\000\000\000\000\000\000\000\000\000\000\000\000\000\000\000\000\000\000\000\000\000""; queryType: qtINDIRECT; queryDepth: 3; "
1750527539880,1750527539880,2309,1,4,2,TMGetLedger,"itype: liTS_CANDIDATE; ledgerHash: ""\341\310\354\0213\033\013\350\207z\236R(|z&\034\335\266\323\356\205\273DV\210\254\213T\rZ\347""; nodeIDs: ""\000\000\000\000\000\000\000\000\000\000\000\000\000\000\000\000\000\000\000\000\000\000\000\000\000\000\000\000\000\000\000\000\000""; queryType: qtINDIRECT; queryDepth: 3; ","itype: liTS_CANDIDATE; ledgerHash: ""\341\310\354\0213\033\013\350\207z\236R(|z&\034\335\266\323\356\205\273DV\210\254\213T\rZ\347""; nodeIDs: ""\000\000\000\000\000\000\000\000\000\000\000\000\000\000\000\000\000\000\000\000\000\000\000\000\000\000\000\000\000\000\000\000\000""; queryType: qtINDIRECT; queryDepth: 3; "
1750527539880,1750527539880,559,1,4,3,TMGetLedger,"itype: liTS_CANDIDATE; ledgerHash: ""\341\310\354\0213\033\013\350\207z\236R(|z&\034\335\266\323\356\205\273DV\210\254\213T\rZ\347""; nodeIDs: ""\000\000\000\000\000\000\000\000\000\000\000\000\000\000\000\000\000\000\000\000\000\000\000\000\000\000\000\000\000\000\000\000\000""; queryType: qtINDIRECT; queryDepth: 3; ","itype: liTS_CANDIDATE; ledgerHash: ""\341\310\354\0213\033\013\350\207z\236R(|z&\034\335\266\323\356\205\273DV\210\254\213T\rZ\347""; nodeIDs: ""\000\000\000\000\000\000\000\000\000\000\000\000\000\000\000\000\000\000\000\000\000\000\000\000\000\000\000\000\000\000\000\000\000""; queryType: qtINDIRECT; queryDepth: 3; "
1750527539882,1750527539882,3375,1,0,1,TMGetLedger,"itype: liTS_CANDIDATE; ledgerHash: ""\341\310\354\0213\033\013\350\207z\236R(|z&\034\335\266\323\356\205\273DV\210\254\213T\rZ\347""; nodeIDs: ""\000\000\000\000\000\000\000\000\000\000\000\000\000\000\000\000\000\000\000\000\000\000\000\000\000\000\000\000\000\000\000\000\000""; requestCookie: 3; queryType: qtINDIRECT; queryDepth: 3; ","itype: liTS_CANDIDATE; ledgerHash: ""\341\310\354\0213\033\013\350\207z\236R(|z&\034\335\266\323\356\205\273DV\210\254\213T\rZ\347""; nodeIDs: ""\000\000\000\000\000\000\000\000\000\000\000\000\000\000\000\000\000\000\000\000\000\000\000\000\000\000\000\000\000\000\000\000\000""; requestCookie: 3; queryType: qtINDIRECT; queryDepth: 3; "
1750527539887,1750527539887,380,1,0,4,TMGetLedger,"itype: liTS_CANDIDATE; ledgerHash: ""\363\262\310\025\251\261\276X\247\260J\221\345\357\037\231)|\321K\000\\326E\004\377\005\255""A?\250""; nodeIDs: ""\000\000\000\000\000\000\000\000\000\000\000\000\000\000\000\000\000\000\000\000\000\000\000\000\000\000\000\000\000\000\000\000\000""; queryType: qtINDIRECT; queryDepth: 3; ","itype: liTS_CANDIDATE; ledgerHash: ""\363\262\310\025\251\261\276X\247\260J\221\345\357\037\231)|\321K\000\\326E\004\377\005\255""A?\250""; nodeIDs: ""\000\000\000\000\000\000\000\000\000\000\000\000\000\000\000\000\000\000\000\000\000\000\000\000\000\000\000\000\000\000\000\000\000""; queryType: qtINDIRECT; queryDepth: 3; "
1750527539888,1750527539888,3094,1,0,3,TMGetLedger,"itype: liTS_CANDIDATE; ledgerHash: ""\341\310\354\0213\033\013\350\207z\236R(|z&\034\335\266\323\356\205\273DV\210\254\213T\rZ\347""; nodeIDs: ""\000\000\000\000\000\000\000\000\000\000\000\000\000\000\000\000\000\000\000\000\000\000\000\000\000\000\000\000\000\000\000\000\000""; queryType: qtINDIRECT; queryDepth: 3; ","itype: liTS_CANDIDATE; ledgerHash: ""\341\310\354\0213\033\013\350\207z\236R(|z&\034\335\266\323\356\205\273DV\210\254\213T\rZ\347""; nodeIDs: ""\000\000\000\000\000\000\000\000\000\000\000\000\000\000\000\000\000\000\000\000\000\000\000\000\000\000\000\000\000\000\000\000\000""; queryType: qtINDIRECT; queryDepth: 3; "
1750527539888,1750527539888,1199,1,0,2,TMGetLedger,"itype: liTS_CANDIDATE; ledgerHash: ""\341\310\354\0213\033\013\350\207z\236R(|z&\034\335\266\323\356\205\273DV\210\254\213T\rZ\347""; nodeIDs: ""\000\000\000\000\000\000\000\000\000\000\000\000\000\000\000\000\000\000\000\000\000\000\000\000\000\000\000\000\000\000\000\000\000""; queryType: qtINDIRECT; queryDepth: 3; ","itype: liTS_CANDIDATE; ledgerHash: ""\341\310\354\0213\033\013\350\207z\236R(|z&\034\335\266\323\356\205\273DV\210\254\213T\rZ\347""; nodeIDs: ""\000\000\000\000\000\000\000\000\000\000\000\000\000\000\000\000\000\000\000\000\000\000\000\000\000\000\000\000\000\000\000\000\000""; queryType: qtINDIRECT; queryDepth: 3; "
1750527539917,1750527539918,3810,1,1,4,TMGetLedger,"itype: liBASE; ledgerHash: ""\033@\177e\277\016\010u\327\371&\262\312\317Q\2361t\377x\234\001v\003%\030\325_\225g\204\346""; ledgerSeq: 7; requestCookie: 3; queryType: qtINDIRECT; ","itype: liBASE; ledgerHash: ""\033@\177e\277\016\010u\327\371&\262\312\317Q\2361t\377x\234\001v\003%\030\325_\225g\204\346""; ledgerSeq: 7; requestCookie: 3; queryType: qtINDIRECT; "
1750527539925,1750527539925,3375,1,0,1,TMGetLedger,"itype: liTS_CANDIDATE; ledgerHash: ""\341\310\354\0213\033\013\350\207z\236R(|z&\034\335\266\323\356\205\273DV\210\254\213T\rZ\347""; nodeIDs: ""\000\000\000\000\000\000\000\000\000\000\000\000\000\000\000\000\000\000\000\000\000\000\000\000\000\000\000\000\000\000\000\000\000""; queryType: qtINDIRECT; queryDepth: 3; ","itype: liTS_CANDIDATE; ledgerHash: ""\341\310\354\0213\033\013\350\207z\236R(|z&\034\335\266\323\356\205\273DV\210\254\213T\rZ\347""; nodeIDs: ""\000\000\000\000\000\000\000\000\000\000\000\000\000\000\000\000\000\000\000\000\000\000\000\000\000\000\000\000\000\000\000\000\000""; queryType: qtINDIRECT; queryDepth: 3; "
1750527539926,1750527539926,3375,1,0,1,TMGetLedger,"itype: liTS_CANDIDATE; ledgerHash: ""\341\310\354\0213\033\013\350\207z\236R(|z&\034\335\266\323\356\205\273DV\210\254\213T\rZ\347""; nodeIDs: ""\000\000\000\000\000\000\000\000\000\000\000\000\000\000\000\000\000\000\000\000\000\000\000\000\000\000\000\000\000\000\000\000\000""; requestCookie: 4; queryType: qtINDIRECT; queryDepth: 3; ","itype: liTS_CANDIDATE; ledgerHash: ""\341\310\354\0213\033\013\350\207z\236R(|z&\034\335\266\323\356\205\273DV\210\254\213T\rZ\347""; nodeIDs: ""\000\000\000\000\000\000\000\000\000\000\000\000\000\000\000\000\000\000\000\000\000\000\000\000\000\000\000\000\000\000\000\000\000""; requestCookie: 4; queryType: qtINDIRECT; queryDepth: 3; "
1750527539929,1750527539929,380,1,0,4,TMGetLedger,"itype: liTS_CANDIDATE; ledgerHash: ""\341\310\354\0213\033\013\350\207z\236R(|z&\034\335\266\323\356\205\273DV\210\254\213T\rZ\347""; nodeIDs: ""\000\000\000\000\000\000\000\000\000\000\000\000\000\000\000\000\000\000\000\000\000\000\000\000\000\000\000\000\000\000\000\000\000""; queryType: qtINDIRECT; queryDepth: 3; ","itype: liTS_CANDIDATE; ledgerHash: ""\341\310\354\0213\033\013\350\207z\236R(|z&\034\335\266\323\356\205\273DV\210\254\213T\rZ\347""; nodeIDs: ""\000\000\000\000\000\000\000\000\000\000\000\000\000\000\000\000\000\000\000\000\000\000\000\000\000\000\000\000\000\000\000\000\000""; queryType: qtINDIRECT; queryDepth: 3; "
1750527539936,1750527539936,589,1,2,0,TMGetLedger,"itype: liTS_CANDIDATE; ledgerHash: ""3\321\n7\354)\tf\006\357\205B<h\272GQ \344\262\236\025#\003\024&\310\034\352\376\326""; nodeIDs: ""\000\000\000\000\000\000\000\000\000\000\000\000\000\000\000\000\000\000\000\000\000\000\000\000\000\000\000\000\000\000\000\000\000""; requestCookie: 4; queryType: qtINDIRECT; queryDepth: 3; ","itype: liTS_CANDIDATE; ledgerHash: ""3\321\n7\354)\tf\006\357\205B<h\272GQ \344\262\236\025#\003\024&\310\034\352\376\326""; nodeIDs: ""\000\000\000\000\000\000\000\000\000\000\000\000\000\000\000\000\000\000\000\000\000\000\000\000\000\000\000\000\000\000\000\000\000""; requestCookie: 4; queryType: qtINDIRECT; queryDepth: 3; "
1750527539939,1750527539939,1544,1,2,1,TMGetLedger,"itype: liTS_CANDIDATE; ledgerHash: ""\341\310\354\0213\033\013\350\207z\236R(|z&\034\335\266\323\356\205\273DV\210\254\213T\rZ\347""; nodeIDs: ""\000\000\000\000\000\000\000\000\000\000\000\000\000\000\000\000\000\000\000\000\000\000\000\000\000\000\000\000\000\000\000\000\000""; requestCookie: 5; queryType: qtINDIRECT; queryDepth: 3; ","itype: liTS_CANDIDATE; ledgerHash: ""\341\310\354\0213\033\013\350\207z\236R(|z&\034\335\266\323\356\205\273DV\210\254\213T\rZ\347""; nodeIDs: ""\000\000\000\000\000\000\000\000\000\000\000\000\000\000\000\000\000\000\000\000\000\000\000\000\000\000\000\000\000\000\000\000\000""; requestCookie: 5; queryType: qtINDIRECT; queryDepth: 3; "
1750527539941,1750527539941,2079,1,3,1,TMGetLedger,"itype: liTS_CANDIDATE; ledgerHash: ""\341\310\354\0213\033\013\350\207z\236R(|z&\034\335\266\323\356\205\273DV\210\254\213T\rZ\347""; nodeIDs: ""\000\000\000\000\000\000\000\000\000\000\000\000\000\000\000\000\000\000\000\000\000\000\000\000\000\000\000\000\000\000\000\000\000""; requestCookie: 5; queryType: qtINDIRECT; queryDepth: 3; ","itype: liTS_CANDIDATE; ledgerHash: ""\341\310\354\0213\033\013\350\207z\236R(|z&\034\335\266\323\356\205\273DV\210\254\213T\rZ\347""; nodeIDs: ""\000\000\000\000\000\000\000\000\000\000\000\000\000\000\000\000\000\000\000\000\000\000\000\000\000\000\000\000\000\000\000\000\000""; requestCookie: 5; queryType: qtINDIRECT; queryDepth: 3; "
1750527539971,1750527539971,2920,1,1,0,TMGetLedger,"itype: liTS_CANDIDATE; ledgerHash: ""3\321\n7\354)\tf\006\357\205B<h\272GQ \344\262\236\025#\003\024&\310\034\352\376\326""; nodeIDs: ""\000\000\000\000\000\000\000\000\000\000\000\000\000\000\000\000\000\000\000\000\000\000\000\000\000\000\000\000\000\000\000\000\000""; requestCookie: 4; queryType: qtINDIRECT; queryDepth: 3; ","itype: liTS_CANDIDATE; ledgerHash: ""3\321\n7\354)\tf\006\357\205B<h\272GQ \344\262\236\025#\003\024&\310\034\352\376\326""; nodeIDs: ""\000\000\000\000\000\000\000\000\000\000\000\000\000\000\000\000\000\000\000\000\000\000\000\000\000\000\000\000\000\000\000\000\000""; requestCookie: 4; queryType: qtINDIRECT; queryDepth: 3; "
1750527539975,1750527539975,1150,1,3,4,TMLedgerData,"ledgerHash: ""3\321\n7\354)\tf\006\357\205B<h\272GQ \344\262\236\025#\003\024&\310\034\352\376\326""; ledgerSeq: 0; type: liTS_CANDIDATE; nodes {;   nodedata: ""'\240~~s\033\202\356\320\307\177Nt\203\315\245\305\276b\265\310\271\3319\245:\342=c\267\265\233\002\003"";   nodeid: ""\000\000\000\000\000\000\000\000\000\000\000\000\000\000\000\000\000\000\000\000\000\000\000\000\000\000\000\000\000\000\000\000\000""; }; ","ledgerHash: ""3\321\n7\354)\tf\006\357\205B<h\272GQ \344\262\236\025#\003\024&\310\034\352\376\326""; ledgerSeq: 0; type: liTS_CANDIDATE; nodes {;   nodedata: ""'\240~~s\033\202\356\320\307\177Nt\203\315\245\305\276b\265\310\271\3319\245:\342=c\267\265\233\002\003"";   nodeid: ""\000\000\000\000\000\000\000\000\000\000\000\000\000\000\000\000\000\000\000\000\000\000\000\000\000\000\000\000\000\000\000\000\000""; }; "
1750527539976,1750527539976,3803,1,4,1,TMValidation,"validation: """"\200\000\000\001&\000\000\000\007)/\351\252\261:p\210\265\307-\212\200\004Q\033@\177e\277\016\010u\327\371&\262\312\317Q\2361t\377x\234\001v\003%\030\325_\225g\204\346P\027\363\262\310\025\251\261\276X\247\260J\221\345\357\037\231)|\321K\000\\326E\004\377\005\255""A?\250P\031\360\215\2502\265\245\310\226\243c\302Ze\306\253#r\020\211\320iG\276\020E\317\035Sf\223F\254s!\002\364d\217\366\217|\316F\232\231\241\n\261\333`\312O\367\235\025DD\336e\367\n\312\326\221\037\025\230vG0E\002!\000\216\326""\204\002,\317\244\026G\025Ut\273rs6K\330\375\326~\035\001q0\023\210-/f#\002 '\035o\205\030\010\013\036\360+\231\365\333!\254Yg3X\251@\301|r\252bB&\261\341\2410""; ","validation: """"\200\000\000\001&\000\000\000\007)/\351\252\261:p\210\265\307-\212\200\004Q\033@\177e\277\016\010u\327\371&\262\312\317Q\2361t\377x\234\001v\003%\030\325_\225g\204\346P\027\363\262\310\025\251\261\276X\247\260J\221\345\357\037\231)|\321K\000\\326E\004\377\005\255""A?\250P\031\360\215\2502\265\245\310\226\243c\302Ze\306\253#r\020\211\320iG\276\020E\317\035Sf\223F\254s!\002\364d\217\366\217|\316F\232\231\241\n\261\333`\312O\367\235\025DD\336e\367\n\312\326\221\037\025\230vG0E\002!\000\216\326""\204\002,\317\244\026G\025Ut\273rs6K\330\375\326~\035\001q0\023\210-/f#\002 '\035o\205\030\010\013\036\360+\231\365\333!\254Yg3X\251@\301|r\252bB&\261\341\2410""; "
1750527539976,1750527539976,783,1,4,2,TMValidation,"validation: """"\200\000\000\001&\000\000\000\007)/\351\252\261:p\210\265\307-\212\200\004Q\033@\177e\277\016\010u\327\371&\262\312\317Q\2361t\377x\234\001v\003%\030\325_\225g\204\346P\027\363\262\310\025\251\261\276X\247\260J\221\345\357\037\231)|\321K\000\\326E\004\377\005\255""A?\250P\031\360\215\2502\265\245\310\226\243c\302Ze\306\253#r\020\211\320iG\276\020E\317\035Sf\223F\254s!\002\364d\217\366\217|\316F\232\231\241\n\261\333`\312O\367\235\025DD\336e\367\n\312\326\221\037\025\230vG0E\002!\000\216\326""\204\002,\317\244\026G\025Ut\273rs6K\330\375\326~\035\001q0\023\210-/f#\002 '\035o\205\030\010\013\036\360+\231\365\333!\254Yg3X\251@\301|r\252bB&\261\341\2410""; ","validation: """"\200\000\000\001&\000\000\000\007)/\351\252\261:p\210\265\307-\212\200\004Q\033@\177e\277\016\010u\327\371&\262\312\317Q\2361t\377x\234\001v\003%\030\325_\225g\204\346P\027\363\262\310\025\251\261\276X\247\260J\221\345\357\037\231)|\321K\000\\326E\004\377\005\255""A?\250P\031\360\215\2502\265\245\310\226\243c\302Ze\306\253#r\020\211\320iG\276\020E\317\035Sf\223F\254s!\002\364d\217\366\217|\316F\232\231\241\n\261\333`\312O\367\235\025DD\336e\367\n\312\326\221\037\025\230vG0E\002!\000\216\326""\204\002,\317\244\026G\025Ut\273rs6K\330\375\326~\035\001q0\023\210-/f#\002 '\035o\205\030\010\013\036\360+\231\365\333!\254Yg3X\251@\301|r\252bB&\261\341\2410""; "
1750527539976,1750527539976,3620,1,4,3,TMValidation,"validation: """"\200\000\000\001&\000\000\000\007)/\351\252\261:p\210\265\307-\212\200\004Q\033@\177e\277\016\010u\327\371&\262\312\317Q\2361t\377x\234\001v\003%\030\325_\225g\204\346P\027\363\262\310\025\251\261\276X\247\260J\221\345\357\037\231)|\321K\000\\326E\004\377\005\255""A?\250P\031\360\215\2502\265\245\310\226\243c\302Ze\306\253#r\020\211\320iG\276\020E\317\035Sf\223F\254s!\002\364d\217\366\217|\316F\232\231\241\n\261\333`\312O\367\235\025DD\336e\367\n\312\326\221\037\025\230vG0E\002!\000\216\326""\204\002,\317\244\026G\025Ut\273rs6K\330\375\326~\035\001q0\023\210-/f#\002 '\035o\205\030\010\013\036\360+\231\365\333!\254Yg3X\251@\301|r\252bB&\261\341\2410""; ","validation: """"\200\000\000\001&\000\000\000\007)/\351\252\261:p\210\265\307-\212\200\004Q\033@\177e\277\016\010u\327\371&\262\312\317Q\2361t\377x\234\001v\003%\030\325_\225g\204\346P\027\363\262\310\025\251\261\276X\247\260J\221\345\357\037\231)|\321K\000\\326E\004\377\005\255""A?\250P\031\360\215\2502\265\245\310\226\243c\302Ze\306\253#r\020\211\320iG\276\020E\317\035Sf\223F\254s!\002\364d\217\366\217|\316F\232\231\241\n\261\333`\312O\367\235\025DD\336e\367\n\312\326\221\037\025\230vG0E\002!\000\216\326""\204\002,\317\244\026G\025Ut\273rs6K\330\375\326~\035\001q0\023\210-/f#\002 '\035o\205\030\010\013\036\360+\231\365\333!\254Yg3X\251@\301|r\252bB&\261\341\2410""; "
1750527539981,1750527539981,1782,1,1,4,TMLedgerData,"ledgerHash: ""\341\310\354\0213\033\013\350\207z\236R(|z&\034\335\266\323\356\205\273DV\210\254\213T\rZ\347""; ledgerSeq: 0; type: liTS_CANDIDATE; nodes {;   nodedata: ""\256\322m\2146\221\305\341\316\031h?\276\005\207\253\236\tL;\371W\315\233X\345O\203\332\240\005\360\n\003"";   nodeid: ""\000\000\000\000\000\000\000\000\000\000\000\000\000\000\000\000\000\000\000\000\000\000\000\000\000\000\000\000\000\000\000\000\000""; }; ","ledgerHash: ""\341\310\354\0213\033\013\350\207z\236R(|z&\034\335\266\323\356\205\273DV\210\254\213T\rZ\347""; ledgerSeq: 0; type: liTS_CANDIDATE; nodes {;   nodedata: ""\256\322m\2146\221\305\341\316\031h?\276\005\207\253\236\tL;\371W\315\233X\345O\203\332\240\005\360\n\003"";   nodeid: ""\000\000\000\000\000\000\000\000\000\000\000\000\000\000\000\000\000\000\000\000\000\000\000\000\000\000\000\000\000\000\000\000\000""; }; "
1750527539981,1750527539981,2101,1,4,1,TMGetLedger,"itype: liBASE; ledgerHash: ""\326+\03569g\235`}\354\203s\003\217_Vf \233\324\237yU<\242:Zr\321\340\201]""; ledgerSeq: 7; requestCookie: 4; queryType: qtINDIRECT; ","itype: liBASE; ledgerHash: ""\326+\03569g\235`}\354\203s\003\217_Vf \233\324\237yU<\242:Zr\321\340\201]""; ledgerSeq: 7; requestCookie: 4; queryType: qtINDIRECT; "
1750527539995,1750527539995,3378,1,4,0,TMLedgerData,"ledgerHash: ""\363\262\310\025\251\261\276X\247\260J\221\345\357\037\231)|\321K\000\\326E\004\377\005\255""A?\250""; ledgerSeq: 0; type: liTS_CANDIDATE; nodes {;   nodedata: ""MJ\275'\324\005\036\313\204nW\300\362\327\016\205\236\021\351Q6\021\355\301\372\322\276g\026\243\361M\004\003"";   nodeid: ""\000\000\000\000\000\000\000\000\000\000\000\000\000\000\000\000\000\000\000\000\000\000\000\000\000\000\000\000\000\000\000\000\000""; }; ","ledgerHash: ""\363\262\310\025\251\261\276X\247\260J\221\345\357\037\231)|\321K\000\\326E\004\377\005\255""A?\250""; ledgerSeq: 0; type: liTS_CANDIDATE; nodes {;   nodedata: ""MJ\275'\324\005\036\313\204nW\300\362\327\016\205\236\021\351Q6\021\355\301\372\322\276g\026\243\361M\004\003"";   nodeid: ""\000\000\000\000\000\000\000\000\000\000\000\000\000\000\000\000\000\000\000\000\000\000\000\000\000\000\000\000\000\000\000\000\000""; }; "
1750527540003,1750527540003,1131,1,3,0,TMGetLedger,"itype: liTS_CANDIDATE; ledgerHash: ""\341\310\354\0213\033\013\350\207z\236R(|z&\034\335\266\323\356\205\273DV\210\254\213T\rZ\347""; nodeIDs: ""\000\000\000\000\000\000\000\000\000\000\000\000\000\000\000\000\000\000\000\000\000\000\000\000\000\000\000\000\000\000\000\000\000""; queryType: qtINDIRECT; queryDepth: 3; ","itype: liTS_CANDIDATE; ledgerHash: ""\341\310\354\0213\033\013\350\207z\236R(|z&\034\335\266\323\356\205\273DV\210\254\213T\rZ\347""; nodeIDs: ""\000\000\000\000\000\000\000\000\000\000\000\000\000\000\000\000\000\000\000\000\000\000\000\000\000\000\000\000\000\000\000\000\000""; queryType: qtINDIRECT; queryDepth: 3; "
1750527540004,1750527540004,1019,1,3,4,TMGetLedger,"itype: liTS_CANDIDATE; ledgerHash: ""\341\310\354\0213\033\013\350\207z\236R(|z&\034\335\266\323\356\205\273DV\210\254\213T\rZ\347""; nodeIDs: ""\000\000\000\000\000\000\000\000\000\000\000\000\000\000\000\000\000\000\000\000\000\000\000\000\000\000\000\000\000\000\000\000\000""; queryType: qtINDIRECT; queryDepth: 3; ","itype: liTS_CANDIDATE; ledgerHash: ""\341\310\354\0213\033\013\350\207z\236R(|z&\034\335\266\323\356\205\273DV\210\254\213T\rZ\347""; nodeIDs: ""\000\000\000\000\000\000\000\000\000\000\000\000\000\000\000\000\000\000\000\000\000\000\000\000\000\000\000\000\000\000\000\000\000""; queryType: qtINDIRECT; queryDepth: 3; "
1750527540003,1750527540003,2794,1,3,2,TMGetLedger,"itype: liTS_CANDIDATE; ledgerHash: ""\341\310\354\0213\033\013\350\207z\236R(|z&\034\335\266\323\356\205\273DV\210\254\213T\rZ\347""; nodeIDs: ""\000\000\000\000\000\000\000\000\000\000\000\000\000\000\000\000\000\000\000\000\000\000\000\000\000\000\000\000\000\000\000\000\000""; queryType: qtINDIRECT; queryDepth: 3; ","itype: liTS_CANDIDATE; ledgerHash: ""\341\310\354\0213\033\013\350\207z\236R(|z&\034\335\266\323\356\205\273DV\210\254\213T\rZ\347""; nodeIDs: ""\000\000\000\000\000\000\000\000\000\000\000\000\000\000\000\000\000\000\000\000\000\000\000\000\000\000\000\000\000\000\000\000\000""; queryType: qtINDIRECT; queryDepth: 3; "
1750527540003,1750527540003,2079,1,3,1,TMGetLedger,"itype: liTS_CANDIDATE; ledgerHash: ""\341\310\354\0213\033\013\350\207z\236R(|z&\034\335\266\323\356\205\273DV\210\254\213T\rZ\347""; nodeIDs: ""\000\000\000\000\000\000\000\000\000\000\000\000\000\000\000\000\000\000\000\000\000\000\000\000\000\000\000\000\000\000\000\000\000""; queryType: qtINDIRECT; queryDepth: 3; ","itype: liTS_CANDIDATE; ledgerHash: ""\341\310\354\0213\033\013\350\207z\236R(|z&\034\335\266\323\356\205\273DV\210\254\213T\rZ\347""; nodeIDs: ""\000\000\000\000\000\000\000\000\000\000\000\000\000\000\000\000\000\000\000\000\000\000\000\000\000\000\000\000\000\000\000\000\000""; queryType: qtINDIRECT; queryDepth: 3; "
1750527540013,1750527540013,323,1,4,3,TMHaveTransactionSet,"status: tsHAVE; hash: ""\341\310\354\0213\033\013\350\207z\236R(|z&\034\335\266\323\356\205\273DV\210\254\213T\rZ\347""; ","status: tsHAVE; hash: ""\341\310\354\0213\033\013\350\207z\236R(|z&\034\335\266\323\356\205\273DV\210\254\213T\rZ\347""; "
1750527540014,1750527540014,2464,1,4,1,TMHaveTransactionSet,"status: tsHAVE; hash: ""\341\310\354\0213\033\013\350\207z\236R(|z&\034\335\266\323\356\205\273DV\210\254\213T\rZ\347""; ","status: tsHAVE; hash: ""\341\310\354\0213\033\013\350\207z\236R(|z&\034\335\266\323\356\205\273DV\210\254\213T\rZ\347""; "
1750527540014,1750527540014,3434,1,4,2,TMHaveTransactionSet,"status: tsHAVE; hash: ""\341\310\354\0213\033\013\350\207z\236R(|z&\034\335\266\323\356\205\273DV\210\254\213T\rZ\347""; ","status: tsHAVE; hash: ""\341\310\354\0213\033\013\350\207z\236R(|z&\034\335\266\323\356\205\273DV\210\254\213T\rZ\347""; "
1750527540014,1750527540014,3037,1,4,0,TMHaveTransactionSet,"status: tsHAVE; hash: ""\341\310\354\0213\033\013\350\207z\236R(|z&\034\335\266\323\356\205\273DV\210\254\213T\rZ\347""; ","status: tsHAVE; hash: ""\341\310\354\0213\033\013\350\207z\236R(|z&\034\335\266\323\356\205\273DV\210\254\213T\rZ\347""; "
1750527540016,1750527540016,2920,1,1,0,TMGetLedger,"itype: liTS_CANDIDATE; ledgerHash: ""3\321\n7\354)\tf\006\357\205B<h\272GQ \344\262\236\025#\003\024&\310\034\352\376\326""; nodeIDs: ""\000\000\000\000\000\000\000\000\000\000\000\000\000\000\000\000\000\000\000\000\000\000\000\000\000\000\000\000\000\000\000\000\000""; requestCookie: 5; queryType: qtINDIRECT; queryDepth: 3; ","itype: liTS_CANDIDATE; ledgerHash: ""3\321\n7\354)\tf\006\357\205B<h\272GQ \344\262\236\025#\003\024&\310\034\352\376\326""; nodeIDs: ""\000\000\000\000\000\000\000\000\000\000\000\000\000\000\000\000\000\000\000\000\000\000\000\000\000\000\000\000\000\000\000\000\000""; requestCookie: 5; queryType: qtINDIRECT; queryDepth: 3; "
1750527540018,1750527540018,3378,1,4,0,TMLedgerData,"ledgerHash: ""\341\310\354\0213\033\013\350\207z\236R(|z&\034\335\266\323\356\205\273DV\210\254\213T\rZ\347""; ledgerSeq: 0; type: liTS_CANDIDATE; nodes {;   nodedata: ""\256\322m\2146\221\305\341\316\031h?\276\005\207\253\236\tL;\371W\315\233X\345O\203\332\240\005\360\n\003"";   nodeid: ""\000\000\000\000\000\000\000\000\000\000\000\000\000\000\000\000\000\000\000\000\000\000\000\000\000\000\000\000\000\000\000\000\000""; }; ","ledgerHash: ""\341\310\354\0213\033\013\350\207z\236R(|z&\034\335\266\323\356\205\273DV\210\254\213T\rZ\347""; ledgerSeq: 0; type: liTS_CANDIDATE; nodes {;   nodedata: ""\256\322m\2146\221\305\341\316\031h?\276\005\207\253\236\tL;\371W\315\233X\345O\203\332\240\005\360\n\003"";   nodeid: ""\000\000\000\000\000\000\000\000\000\000\000\000\000\000\000\000\000\000\000\000\000\000\000\000\000\000\000\000\000\000\000\000\000""; }; "
1750527540026,1750527540026,3818,1,0,2,TMLedgerData,"ledgerHash: ""3\321\n7\354)\tf\006\357\205B<h\272GQ \344\262\236\025#\003\024&\310\034\352\376\326""; ledgerSeq: 0; type: liTS_CANDIDATE; nodes {;   nodedata: ""'\240~~s\033\202\356\320\307\177Nt\203\315\245\305\276b\265\310\271\3319\245:\342=c\267\265\233\002\003"";   nodeid: ""\000\000\000\000\000\000\000\000\000\000\000\000\000\000\000\000\000\000\000\000\000\000\000\000\000\000\000\000\000\000\000\000\000""; }; requestCookie: 4; ","ledgerHash: ""3\321\n7\354)\tf\006\357\205B<h\272GQ \344\262\236\025#\003\024&\310\034\352\376\326""; ledgerSeq: 0; type: liTS_CANDIDATE; nodes {;   nodedata: ""'\240~~s\033\202\356\320\307\177Nt\203\315\245\305\276b\265\310\271\3319\245:\342=c\267\265\233\002\003"";   nodeid: ""\000\000\000\000\000\000\000\000\000\000\000\000\000\000\000\000\000\000\000\000\000\000\000\000\000\000\000\000\000\000\000\000\000""; }; requestCookie: 4; "
1750527540039,1750527540039,2764,1,4,3,TMLedgerData,"ledgerHash: ""\341\310\354\0213\033\013\350\207z\236R(|z&\034\335\266\323\356\205\273DV\210\254\213T\rZ\347""; ledgerSeq: 0; type: liTS_CANDIDATE; nodes {;   nodedata: ""\256\322m\2146\221\305\341\316\031h?\276\005\207\253\236\tL;\371W\315\233X\345O\203\332\240\005\360\n\003"";   nodeid: ""\000\000\000\000\000\000\000\000\000\000\000\000\000\000\000\000\000\000\000\000\000\000\000\000\000\000\000\000\000\000\000\000\000""; }; ","ledgerHash: ""\341\310\354\0213\033\013\350\207z\236R(|z&\034\335\266\323\356\205\273DV\210\254\213T\rZ\347""; ledgerSeq: 0; type: liTS_CANDIDATE; nodes {;   nodedata: ""\256\322m\2146\221\305\341\316\031h?\276\005\207\253\236\tL;\371W\315\233X\345O\203\332\240\005\360\n\003"";   nodeid: ""\000\000\000\000\000\000\000\000\000\000\000\000\000\000\000\000\000\000\000\000\000\000\000\000\000\000\000\000\000\000\000\000\000""; }; "
1750527540042,1750527540042,589,1,2,0,TMGetLedger,"itype: liTS_CANDIDATE; ledgerHash: ""\341\310\354\0213\033\013\350\207z\236R(|z&\034\335\266\323\356\205\273DV\210\254\213T\rZ\347""; nodeIDs: ""\000\000\000\000\000\000\000\000\000\000\000\000\000\000\000\000\000\000\000\000\000\000\000\000\000\000\000\000\000\000\000\000\000""; queryType: qtINDIRECT; queryDepth: 3; ","itype: liTS_CANDIDATE; ledgerHash: ""\341\310\354\0213\033\013\350\207z\236R(|z&\034\335\266\323\356\205\273DV\210\254\213T\rZ\347""; nodeIDs: ""\000\000\000\000\000\000\000\000\000\000\000\000\000\000\000\000\000\000\000\000\000\000\000\000\000\000\000\000\000\000\000\000\000""; queryType: qtINDIRECT; queryDepth: 3; "
1750527540042,1750527540042,3719,1,2,4,TMGetLedger,"itype: liTS_CANDIDATE; ledgerHash: ""\341\310\354\0213\033\013\350\207z\236R(|z&\034\335\266\323\356\205\273DV\210\254\213T\rZ\347""; nodeIDs: ""\000\000\000\000\000\000\000\000\000\000\000\000\000\000\000\000\000\000\000\000\000\000\000\000\000\000\000\000\000\000\000\000\000""; queryType: qtINDIRECT; queryDepth: 3; ","itype: liTS_CANDIDATE; ledgerHash: ""\341\310\354\0213\033\013\350\207z\236R(|z&\034\335\266\323\356\205\273DV\210\254\213T\rZ\347""; nodeIDs: ""\000\000\000\000\000\000\000\000\000\000\000\000\000\000\000\000\000\000\000\000\000\000\000\000\000\000\000\000\000\000\000\000\000""; queryType: qtINDIRECT; queryDepth: 3; "
1750527540042,1750527540043,1544,1,2,1,TMGetLedger,"itype: liTS_CANDIDATE; ledgerHash: ""\341\310\354\0213\033\013\350\207z\236R(|z&\034\335\266\323\356\205\273DV\210\254\213T\rZ\347""; nodeIDs: ""\000\000\000\000\000\000\000\000\000\000\000\000\000\000\000\000\000\000\000\000\000\000\000\000\000\000\000\000\000\000\000\000\000""; queryType: qtINDIRECT; queryDepth: 3; ","itype: liTS_CANDIDATE; ledgerHash: ""\341\310\354\0213\033\013\350\207z\236R(|z&\034\335\266\323\356\205\273DV\210\254\213T\rZ\347""; nodeIDs: ""\000\000\000\000\000\000\000\000\000\000\000\000\000\000\000\000\000\000\000\000\000\000\000\000\000\000\000\000\000\000\000\000\000""; queryType: qtINDIRECT; queryDepth: 3; "
1750527540043,1750527540043,4000,1,2,3,TMGetLedger,"itype: liTS_CANDIDATE; ledgerHash: ""\341\310\354\0213\033\013\350\207z\236R(|z&\034\335\266\323\356\205\273DV\210\254\213T\rZ\347""; nodeIDs: ""\000\000\000\000\000\000\000\000\000\000\000\000\000\000\000\000\000\000\000\000\000\000\000\000\000\000\000\000\000\000\000\000\000""; queryType: qtINDIRECT; queryDepth: 3; ","itype: liTS_CANDIDATE; ledgerHash: ""\341\310\354\0213\033\013\350\207z\236R(|z&\034\335\266\323\356\205\273DV\210\254\213T\rZ\347""; nodeIDs: ""\000\000\000\000\000\000\000\000\000\000\000\000\000\000\000\000\000\000\000\000\000\000\000\000\000\000\000\000\000\000\000\000\000""; queryType: qtINDIRECT; queryDepth: 3; "
1750527540062,1750527540062,3375,1,0,1,TMGetLedger,"itype: liTS_CANDIDATE; ledgerHash: ""\341\310\354\0213\033\013\350\207z\236R(|z&\034\335\266\323\356\205\273DV\210\254\213T\rZ\347""; nodeIDs: ""\000\000\000\000\000\000\000\000\000\000\000\000\000\000\000\000\000\000\000\000\000\000\000\000\000\000\000\000\000\000\000\000\000""; requestCookie: 5; queryType: qtINDIRECT; queryDepth: 3; ","itype: liTS_CANDIDATE; ledgerHash: ""\341\310\354\0213\033\013\350\207z\236R(|z&\034\335\266\323\356\205\273DV\210\254\213T\rZ\347""; nodeIDs: ""\000\000\000\000\000\000\000\000\000\000\000\000\000\000\000\000\000\000\000\000\000\000\000\000\000\000\000\000\000\000\000\000\000""; requestCookie: 5; queryType: qtINDIRECT; queryDepth: 3; "
1750527540062,1750527540062,4000,1,2,3,TMGetLedger,"itype: liTS_CANDIDATE; ledgerHash: ""\363\262\310\025\251\261\276X\247\260J\221\345\357\037\231)|\321K\000\\326E\004\377\005\255""A?\250""; nodeIDs: ""\000\000\000\000\000\000\000\000\000\000\000\000\000\000\000\000\000\000\000\000\000\000\000\000\000\000\000\000\000\000\000\000\000""; requestCookie: 2; queryType: qtINDIRECT; queryDepth: 3; ","itype: liTS_CANDIDATE; ledgerHash: ""\363\262\310\025\251\261\276X\247\260J\221\345\357\037\231)|\321K\000\\326E\004\377\005\255""A?\250""; nodeIDs: ""\000\000\000\000\000\000\000\000\000\000\000\000\000\000\000\000\000\000\000\000\000\000\000\000\000\000\000\000\000\000\000\000\000""; requestCookie: 2; queryType: qtINDIRECT; queryDepth: 3; "
1750527540083,1750527540083,3578,1,1,3,TMLedgerData,"ledgerHash: ""\341\310\354\0213\033\013\350\207z\236R(|z&\034\335\266\323\356\205\273DV\210\254\213T\rZ\347""; ledgerSeq: 0; type: liTS_CANDIDATE; nodes {;   nodedata: ""\256\322m\2146\221\305\341\316\031h?\276\005\207\253\236\tL;\371W\315\233X\345O\203\332\240\005\360\n\003"";   nodeid: ""\000\000\000\000\000\000\000\000\000\000\000\000\000\000\000\000\000\000\000\000\000\000\000\000\000\000\000\000\000\000\000\000\000""; }; ","ledgerHash: ""\341\310\354\0213\033\013\350\207z\236R(|z&\034\335\266\323\356\205\273DV\210\254\213T\rZ\347""; ledgerSeq: 0; type: liTS_CANDIDATE; nodes {;   nodedata: ""\256\322m\2146\221\305\341\316\031h?\276\005\207\253\236\tL;\371W\315\233X\345O\203\332\240\005\360\n\003"";   nodeid: ""\000\000\000\000\000\000\000\000\000\000\000\000\000\000\000\000\000\000\000\000\000\000\000\000\000\000\000\000\000\000\000\000\000""; }; "
1750527540087,1750527540087,1968,1,1,2,TMLedgerData,"ledgerHash: ""\341\310\354\0213\033\013\350\207z\236R(|z&\034\335\266\323\356\205\273DV\210\254\213T\rZ\347""; ledgerSeq: 0; type: liTS_CANDIDATE; nodes {;   nodedata: ""\256\322m\2146\221\305\341\316\031h?\276\005\207\253\236\tL;\371W\315\233X\345O\203\332\240\005\360\n\003"";   nodeid: ""\000\000\000\000\000\000\000\000\000\000\000\000\000\000\000\000\000\000\000\000\000\000\000\000\000\000\000\000\000\000\000\000\000""; }; ","ledgerHash: ""\341\310\354\0213\033\013\350\207z\236R(|z&\034\335\266\323\356\205\273DV\210\254\213T\rZ\347""; ledgerSeq: 0; type: liTS_CANDIDATE; nodes {;   nodedata: ""\256\322m\2146\221\305\341\316\031h?\276\005\207\253\236\tL;\371W\315\233X\345O\203\332\240\005\360\n\003"";   nodeid: ""\000\000\000\000\000\000\000\000\000\000\000\000\000\000\000\000\000\000\000\000\000\000\000\000\000\000\000\000\000\000\000\000\000""; }; "
1750527540097,1750527540097,1996,1,0,4,TMLedgerData,"ledgerHash: ""3\321\n7\354)\tf\006\357\205B<h\272GQ \344\262\236\025#\003\024&\310\034\352\376\326""; ledgerSeq: 0; type: liTS_CANDIDATE; nodes {;   nodedata: ""'\240~~s\033\202\356\320\307\177Nt\203\315\245\305\276b\265\310\271\3319\245:\342=c\267\265\233\002\003"";   nodeid: ""\000\000\000\000\000\000\000\000\000\000\000\000\000\000\000\000\000\000\000\000\000\000\000\000\000\000\000\000\000\000\000\000\000""; }; requestCookie: 4; ","ledgerHash: ""3\321\n7\354)\tf\006\357\205B<h\272GQ \344\262\236\025#\003\024&\310\034\352\376\326""; ledgerSeq: 0; type: liTS_CANDIDATE; nodes {;   nodedata: ""'\240~~s\033\202\356\320\307\177Nt\203\315\245\305\276b\265\310\271\3319\245:\342=c\267\265\233\002\003"";   nodeid: ""\000\000\000\000\000\000\000\000\000\000\000\000\000\000\000\000\000\000\000\000\000\000\000\000\000\000\000\000\000\000\000\000\000""; }; requestCookie: 4; "
1750527540098,1750527540098,1996,1,0,4,TMLedgerData,"ledgerHash: ""3\321\n7\354)\tf\006\357\205B<h\272GQ \344\262\236\025#\003\024&\310\034\352\376\326""; ledgerSeq: 0; type: liTS_CANDIDATE; nodes {;   nodedata: ""'\240~~s\033\202\356\320\307\177Nt\203\315\245\305\276b\265\310\271\3319\245:\342=c\267\265\233\002\003"";   nodeid: ""\000\000\000\000\000\000\000\000\000\000\000\000\000\000\000\000\000\000\000\000\000\000\000\000\000\000\000\000\000\000\000\000\000""; }; ","ledgerHash: ""3\321\n7\354)\tf\006\357\205B<h\272GQ \344\262\236\025#\003\024&\310\034\352\376\326""; ledgerSeq: 0; type: liTS_CANDIDATE; nodes {;   nodedata: ""'\240~~s\033\202\356\320\307\177Nt\203\315\245\305\276b\265\310\271\3319\245:\342=c\267\265\233\002\003"";   nodeid: ""\000\000\000\000\000\000\000\000\000\000\000\000\000\000\000\000\000\000\000\000\000\000\000\000\000\000\000\000\000\000\000\000\000""; }; "
1750527540113,1750527540114,1199,1,0,2,TMGetLedger,"itype: liTS_CANDIDATE; ledgerHash: ""\363\262\310\025\251\261\276X\247\260J\221\345\357\037\231)|\321K\000\\326E\004\377\005\255""A?\250""; nodeIDs: ""\000\000\000\000\000\000\000\000\000\000\000\000\000\000\000\000\000\000\000\000\000\000\000\000\000\000\000\000\000\000\000\000\000""; queryType: qtINDIRECT; queryDepth: 3; ","itype: liTS_CANDIDATE; ledgerHash: ""\363\262\310\025\251\261\276X\247\260J\221\345\357\037\231)|\321K\000\\326E\004\377\005\255""A?\250""; nodeIDs: ""\000\000\000\000\000\000\000\000\000\000\000\000\000\000\000\000\000\000\000\000\000\000\000\000\000\000\000\000\000\000\000\000\000""; queryType: qtINDIRECT; queryDepth: 3; "
1750527540114,1750527540114,3375,1,0,1,TMGetLedger,"itype: liTS_CANDIDATE; ledgerHash: ""\363\262\310\025\251\261\276X\247\260J\221\345\357\037\231)|\321K\000\\326E\004\377\005\255""A?\250""; nodeIDs: ""\000\000\000\000\000\000\000\000\000\000\000\000\000\000\000\000\000\000\000\000\000\000\000\000\000\000\000\000\000\000\000\000\000""; queryType: qtINDIRECT; queryDepth: 3; ","itype: liTS_CANDIDATE; ledgerHash: ""\363\262\310\025\251\261\276X\247\260J\221\345\357\037\231)|\321K\000\\326E\004\377\005\255""A?\250""; nodeIDs: ""\000\000\000\000\000\000\000\000\000\000\000\000\000\000\000\000\000\000\000\000\000\000\000\000\000\000\000\000\000\000\000\000\000""; queryType: qtINDIRECT; queryDepth: 3; "
1750527540114,1750527540114,3094,1,0,3,TMGetLedger,"itype: liTS_CANDIDATE; ledgerHash: ""\363\262\310\025\251\261\276X\247\260J\221\345\357\037\231)|\321K\000\\326E\004\377\005\255""A?\250""; nodeIDs: ""\000\000\000\000\000\000\000\000\000\000\000\000\000\000\000\000\000\000\000\000\000\000\000\000\000\000\000\000\000\000\000\000\000""; queryType: qtINDIRECT; queryDepth: 3; ","itype: liTS_CANDIDATE; ledgerHash: ""\363\262\310\025\251\261\276X\247\260J\221\345\357\037\231)|\321K\000\\326E\004\377\005\255""A?\250""; nodeIDs: ""\000\000\000\000\000\000\000\000\000\000\000\000\000\000\000\000\000\000\000\000\000\000\000\000\000\000\000\000\000\000\000\000\000""; queryType: qtINDIRECT; queryDepth: 3; "
1750527540132,1750527540133,3375,1,0,1,TMGetLedger,"itype: liTS_CANDIDATE; ledgerHash: ""\341\310\354\0213\033\013\350\207z\236R(|z&\034\335\266\323\356\205\273DV\210\254\213T\rZ\347""; nodeIDs: ""\000\000\000\000\000\000\000\000\000\000\000\000\000\000\000\000\000\000\000\000\000\000\000\000\000\000\000\000\000\000\000\000\000""; requestCookie: 3; queryType: qtINDIRECT; queryDepth: 3; ","itype: liTS_CANDIDATE; ledgerHash: ""\341\310\354\0213\033\013\350\207z\236R(|z&\034\335\266\323\356\205\273DV\210\254\213T\rZ\347""; nodeIDs: ""\000\000\000\000\000\000\000\000\000\000\000\000\000\000\000\000\000\000\000\000\000\000\000\000\000\000\000\000\000\000\000\000\000""; requestCookie: 3; queryType: qtINDIRECT; queryDepth: 3; "
1750527540135,1750527540135,3375,1,0,1,TMGetLedger,"itype: liTS_CANDIDATE; ledgerHash: ""\341\310\354\0213\033\013\350\207z\236R(|z&\034\335\266\323\356\205\273DV\210\254\213T\rZ\347""; nodeIDs: ""\000\000\000\000\000\000\000\000\000\000\000\000\000\000\000\000\000\000\000\000\000\000\000\000\000\000\000\000\000\000\000\000\000""; requestCookie: 4; queryType: qtINDIRECT; queryDepth: 3; ","itype: liTS_CANDIDATE; ledgerHash: ""\341\310\354\0213\033\013\350\207z\236R(|z&\034\335\266\323\356\205\273DV\210\254\213T\rZ\347""; nodeIDs: ""\000\000\000\000\000\000\000\000\000\000\000\000\000\000\000\000\000\000\000\000\000\000\000\000\000\000\000\000\000\000\000\000\000""; requestCookie: 4; queryType: qtINDIRECT; queryDepth: 3; "
1750527540138,1750527540138,3375,1,0,1,TMGetLedger,"itype: liTS_CANDIDATE; ledgerHash: ""\341\310\354\0213\033\013\350\207z\236R(|z&\034\335\266\323\356\205\273DV\210\254\213T\rZ\347""; nodeIDs: ""\000\000\000\000\000\000\000\000\000\000\000\000\000\000\000\000\000\000\000\000\000\000\000\000\000\000\000\000\000\000\000\000\000""; queryType: qtINDIRECT; queryDepth: 3; ","itype: liTS_CANDIDATE; ledgerHash: ""\341\310\354\0213\033\013\350\207z\236R(|z&\034\335\266\323\356\205\273DV\210\254\213T\rZ\347""; nodeIDs: ""\000\000\000\000\000\000\000\000\000\000\000\000\000\000\000\000\000\000\000\000\000\000\000\000\000\000\000\000\000\000\000\000\000""; queryType: qtINDIRECT; queryDepth: 3; "
1750527540138,1750527540138,1199,1,0,2,TMGetLedger,"itype: liTS_CANDIDATE; ledgerHash: ""\341\310\354\0213\033\013\350\207z\236R(|z&\034\335\266\323\356\205\273DV\210\254\213T\rZ\347""; nodeIDs: ""\000\000\000\000\000\000\000\000\000\000\000\000\000\000\000\000\000\000\000\000\000\000\000\000\000\000\000\000\000\000\000\000\000""; queryType: qtINDIRECT; queryDepth: 3; ","itype: liTS_CANDIDATE; ledgerHash: ""\341\310\354\0213\033\013\350\207z\236R(|z&\034\335\266\323\356\205\273DV\210\254\213T\rZ\347""; nodeIDs: ""\000\000\000\000\000\000\000\000\000\000\000\000\000\000\000\000\000\000\000\000\000\000\000\000\000\000\000\000\000\000\000\000\000""; queryType: qtINDIRECT; queryDepth: 3; "
1750527540138,1750527540138,3094,1,0,3,TMGetLedger,"itype: liTS_CANDIDATE; ledgerHash: ""\341\310\354\0213\033\013\350\207z\236R(|z&\034\335\266\323\356\205\273DV\210\254\213T\rZ\347""; nodeIDs: ""\000\000\000\000\000\000\000\000\000\000\000\000\000\000\000\000\000\000\000\000\000\000\000\000\000\000\000\000\000\000\000\000\000""; queryType: qtINDIRECT; queryDepth: 3; ","itype: liTS_CANDIDATE; ledgerHash: ""\341\310\354\0213\033\013\350\207z\236R(|z&\034\335\266\323\356\205\273DV\210\254\213T\rZ\347""; nodeIDs: ""\000\000\000\000\000\000\000\000\000\000\000\000\000\000\000\000\000\000\000\000\000\000\000\000\000\000\000\000\000\000\000\000\000""; queryType: qtINDIRECT; queryDepth: 3; "
1750527540142,1750527540142,380,1,0,4,TMGetLedger,"itype: liTS_CANDIDATE; ledgerHash: ""\363\262\310\025\251\261\276X\247\260J\221\345\357\037\231)|\321K\000\\326E\004\377\005\255""A?\250""; nodeIDs: ""\000\000\000\000\000\000\000\000\000\000\000\000\000\000\000\000\000\000\000\000\000\000\000\000\000\000\000\000\000\000\000\000\000""; queryType: qtINDIRECT; queryDepth: 3; ","itype: liTS_CANDIDATE; ledgerHash: ""\363\262\310\025\251\261\276X\247\260J\221\345\357\037\231)|\321K\000\\326E\004\377\005\255""A?\250""; nodeIDs: ""\000\000\000\000\000\000\000\000\000\000\000\000\000\000\000\000\000\000\000\000\000\000\000\000\000\000\000\000\000\000\000\000\000""; queryType: qtINDIRECT; queryDepth: 3; "
1750527540142,1750527540142,1968,1,1,2,TMLedgerData,"ledgerHash: ""\326+\03569g\235`}\354\203s\003\217_Vf \233\324\237yU<\242:Zr\321\340\201]""; ledgerSeq: 7; type: liBASE; nodes {;   nodedata: ""\000\000\000\007\001cEx]\211\377\330\360\215\2502\265\245\310\226\243c\302Ze\306\253#r\020\211\320iG\276\020E\317\035Sf\223F\254\020N |\264\023\251\372`\001\r\225\217P\243\370m\037op\306\025\027\013\002\257\266J\025/\3729\220\014>4\264\253\207\255\233\\356\277\340\345\017\323\341\201\004TK\004\373\204\253\204\240\3155\357\026\353/\351\252\253/\351\252\264\n\000""; }; nodes {;   nodedata: ""\341\035\262xv\226\317f5\366\365\252a\177\355\302\326\t\222~j\320f\374/ \363\256\257\361 \303\001\301\025%1L\307\t\261\262z\374\222T\301\274V\236\223\262\270Ct\362\337b\356\024*\324\320\351\317\002,\377\251Q\263\245*\373\267\332I\261\001\251N\313Su!\333\331\260|\312%\271\263\267\320\313\036\303\004\330\210a4\256y^267\344\320H\t\331\316{n\002q\260\017U_\270\321B\024U\313\2054\006E\344\037@\210\363\010\336T\226\247'\204_{\261\370""1\235\2445\343\033Y!\212\201\341\272\225'\007Z\314\023h\n\020~\036\324P\254\001\274\227n\020\273\023\010\nq\216Z\344\004\3612B\205\257\335\036\013\003""; }; nodes {;   nodedata: ""\233\330\223\352\3012\234}\322\031(\362*;JR3m]\203<\234\204jiO\033\304\322\017\232\202\n\003""; }; ","ledgerHash: ""\326+\03569g\235`}\354\203s\003\217_Vf \233\324\237yU<\242:Zr\321\340\201]""; ledgerSeq: 7; type: liBASE; nodes {;   nodedata: ""\000\000\000\007\001cEx]\211\377\330\360\215\2502\265\245\310\226\243c\302Ze\306\253#r\020\211\320iG\276\020E\317\035Sf\223F\254\020N |\264\023\251\372`\001\r\225\217P\243\370m\037op\306\025\027\013\002\257\266J\025/\3729\220\014>4\264\253\207\255\233\\356\277\340\345\017\323\341\201\004TK\004\373\204\253\204\240\3155\357\026\353/\351\252\253/\351\252\264\n\000""; }; nodes {;   nodedata: ""\341\035\262xv\226\317f5\366\365\252a\177\355\302\326\t\222~j\320f\374/ \363\256\257\361 \303\001\301\025%1L\307\t\261\262z\374\222T\301\274V\236\223\262\270Ct\362\337b\356\024*\324\320\351\317\002,\377\251Q\263\245*\373\267\332I\261\001\251N\313Su!\333\331\260|\312%\271\263\267\320\313\036\303\004\330\210a4\256y^267\344\320H\t\331\316{n\002q\260\017U_\270\321B\024U\313\2054\006E\344\037@\210\363\010\336T\226\247'\204_{\261\370""1\235\2445\343\033Y!\212\201\341\272\225'\007Z\314\023h\n\020~\036\324P\254\001\274\227n\020\273\023\010\nq\216Z\344\004\3612B\205\257\335\036\013\003""; }; nodes {;   nodedata: ""\233\330\223\352\3012\234}\322\031(\362*;JR3m]\203<\234\204jiO\033\304\322\017\232\202\n\003""; }; "
1750527540142,1750527540142,380,1,0,4,TMGetLedger,"itype: liTS_CANDIDATE; ledgerHash: ""\341\310\354\0213\033\013\350\207z\236R(|z&\034\335\266\323\356\205\273DV\210\254\213T\rZ\347""; nodeIDs: ""\000\000\000\000\000\000\000\000\000\000\000\000\000\000\000\000\000\000\000\000\000\000\000\000\000\000\000\000\000\000\000\000\000""; queryType: qtINDIRECT; queryDepth: 3; ","itype: liTS_CANDIDATE; ledgerHash: ""\341\310\354\0213\033\013\350\207z\236R(|z&\034\335\266\323\356\205\273DV\210\254\213T\rZ\347""; nodeIDs: ""\000\000\000\000\000\000\000\000\000\000\000\000\000\000\000\000\000\000\000\000\000\000\000\000\000\000\000\000\000\000\000\000\000""; queryType: qtINDIRECT; queryDepth: 3; "
1750527540183,1750527540183,1968,1,1,2,TMLedgerData,"ledgerHash: ""\326+\03569g\235`}\354\203s\003\217_Vf \233\324\237yU<\242:Zr\321\340\201]""; ledgerSeq: 7; type: liBASE; nodes {;   nodedata: ""\000\000\000\007\001cEx]\211\377\330\360\215\2502\265\245\310\226\243c\302Ze\306\253#r\020\211\320iG\276\020E\317\035Sf\223F\254\020N |\264\023\251\372`\001\r\225\217P\243\370m\037op\306\025\027\013\002\257\266J\025/\3729\220\014>4\264\253\207\255\233\\356\277\340\345\017\323\341\201\004TK\004\373\204\253\204\240\3155\357\026\353/\351\252\253/\351\252\264\n\000""; }; nodes {;   nodedata: ""\341\035\262xv\226\317f5\366\365\252a\177\355\302\326\t\222~j\320f\374/ \363\256\257\361 \303\001\301\025%1L\307\t\261\262z\374\222T\301\274V\236\223\262\270Ct\362\337b\356\024*\324\320\351\317\002,\377\251Q\263\245*\373\267\332I\261\001\251N\313Su!\333\331\260|\312%\271\263\267\320\313\036\303\004\330\210a4\256y^267\344\320H\t\331\316{n\002q\260\017U_\270\321B\024U\313\2054\006E\344\037@\210\363\010\336T\226\247'\204_{\261\370""1\235\2445\343\033Y!\212\201\341\272\225'\007Z\314\023h\n\020~\036\324P\254\001\274\227n\020\273\023\010\nq\216Z\344\004\3612B\205\257\335\036\013\003""; }; nodes {;   nodedata: ""\233\330\223\352\3012\234}\322\031(\362*;JR3m]\203<\234\204jiO\033\304\322\017\232\202\n\003""; }; ","ledgerHash: ""\326+\03569g\235`}\354\203s\003\217_Vf \233\324\237yU<\242:Zr\321\340\201]""; ledgerSeq: 7; type: liBASE; nodes {;   nodedata: ""\000\000\000\007\001cEx]\211\377\330\360\215\2502\265\245\310\226\243c\302Ze\306\253#r\020\211\320iG\276\020E\317\035Sf\223F\254\020N |\264\023\251\372`\001\r\225\217P\243\370m\037op\306\025\027\013\002\257\266J\025/\3729\220\014>4\264\253\207\255\233\\356\277\340\345\017\323\341\201\004TK\004\373\204\253\204\240\3155\357\026\353/\351\252\253/\351\252\264\n\000""; }; nodes {;   nodedata: ""\341\035\262xv\226\317f5\366\365\252a\177\355\302\326\t\222~j\320f\374/ \363\256\257\361 \303\001\301\025%1L\307\t\261\262z\374\222T\301\274V\236\223\262\270Ct\362\337b\356\024*\324\320\351\317\002,\377\251Q\263\245*\373\267\332I\261\001\251N\313Su!\333\331\260|\312%\271\263\267\320\313\036\303\004\330\210a4\256y^267\344\320H\t\331\316{n\002q\260\017U_\270\321B\024U\313\2054\006E\344\037@\210\363\010\336T\226\247'\204_{\261\370""1\235\2445\343\033Y!\212\201\341\272\225'\007Z\314\023h\n\020~\036\324P\254\001\274\227n\020\273\023\010\nq\216Z\344\004\3612B\205\257\335\036\013\003""; }; nodes {;   nodedata: ""\233\330\223\352\3012\234}\322\031(\362*;JR3m]\203<\234\204jiO\033\304\322\017\232\202\n\003""; }; "
1750527540185,1750527540185,589,1,2,0,TMGetLedger,"itype: liTS_CANDIDATE; ledgerHash: ""3\321\n7\354)\tf\006\357\205B<h\272GQ \344\262\236\025#\003\024&\310\034\352\376\326""; nodeIDs: ""\000\000\000\000\000\000\000\000\000\000\000\000\000\000\000\000\000\000\000\000\000\000\000\000\000\000\000\000\000\000\000\000\000""; requestCookie: 4; queryType: qtINDIRECT; queryDepth: 3; ","itype: liTS_CANDIDATE; ledgerHash: ""3\321\n7\354)\tf\006\357\205B<h\272GQ \344\262\236\025#\003\024&\310\034\352\376\326""; nodeIDs: ""\000\000\000\000\000\000\000\000\000\000\000\000\000\000\000\000\000\000\000\000\000\000\000\000\000\000\000\000\000\000\000\000\000""; requestCookie: 4; queryType: qtINDIRECT; queryDepth: 3; "
1750527540189,1750527540189,1544,1,2,1,TMGetLedger,"itype: liTS_CANDIDATE; ledgerHash: ""\341\310\354\0213\033\013\350\207z\236R(|z&\034\335\266\323\356\205\273DV\210\254\213T\rZ\347""; nodeIDs: ""\000\000\000\000\000\000\000\000\000\000\000\000\000\000\000\000\000\000\000\000\000\000\000\000\000\000\000\000\000\000\000\000\000""; requestCookie: 5; queryType: qtINDIRECT; queryDepth: 3; ","itype: liTS_CANDIDATE; ledgerHash: ""\341\310\354\0213\033\013\350\207z\236R(|z&\034\335\266\323\356\205\273DV\210\254\213T\rZ\347""; nodeIDs: ""\000\000\000\000\000\000\000\000\000\000\000\000\000\000\000\000\000\000\000\000\000\000\000\000\000\000\000\000\000\000\000\000\000""; requestCookie: 5; queryType: qtINDIRECT; queryDepth: 3; "
1750527540190,1750527540190,2079,1,3,1,TMGetLedger,"itype: liTS_CANDIDATE; ledgerHash: ""\341\310\354\0213\033\013\350\207z\236R(|z&\034\335\266\323\356\205\273DV\210\254\213T\rZ\347""; nodeIDs: ""\000\000\000\000\000\000\000\000\000\000\000\000\000\000\000\000\000\000\000\000\000\000\000\000\000\000\000\000\000\000\000\000\000""; requestCookie: 5; queryType: qtINDIRECT; queryDepth: 3; ","itype: liTS_CANDIDATE; ledgerHash: ""\341\310\354\0213\033\013\350\207z\236R(|z&\034\335\266\323\356\205\273DV\210\254\213T\rZ\347""; nodeIDs: ""\000\000\000\000\000\000\000\000\000\000\000\000\000\000\000\000\000\000\000\000\000\000\000\000\000\000\000\000\000\000\000\000\000""; requestCookie: 5; queryType: qtINDIRECT; queryDepth: 3; "
1750527540221,1750527540221,2920,1,1,0,TMGetLedger,"itype: liTS_CANDIDATE; ledgerHash: ""3\321\n7\354)\tf\006\357\205B<h\272GQ \344\262\236\025#\003\024&\310\034\352\376\326""; nodeIDs: ""\000\000\000\000\000\000\000\000\000\000\000\000\000\000\000\000\000\000\000\000\000\000\000\000\000\000\000\000\000\000\000\000\000""; requestCookie: 4; queryType: qtINDIRECT; queryDepth: 3; ","itype: liTS_CANDIDATE; ledgerHash: ""3\321\n7\354)\tf\006\357\205B<h\272GQ \344\262\236\025#\003\024&\310\034\352\376\326""; nodeIDs: ""\000\000\000\000\000\000\000\000\000\000\000\000\000\000\000\000\000\000\000\000\000\000\000\000\000\000\000\000\000\000\000\000\000""; requestCookie: 4; queryType: qtINDIRECT; queryDepth: 3; "
1750527540224,1750527540224,4000,1,2,3,TMGetLedger,"itype: liTS_CANDIDATE; ledgerHash: ""3\321\n7\354)\tf\006\357\205B<h\272GQ \344\262\236\025#\003\024&\310\034\352\376\326""; nodeIDs: ""\000\000\000\000\000\000\000\000\000\000\000\000\000\000\000\000\000\000\000\000\000\000\000\000\000\000\000\000\000\000\000\000\000""; requestCookie: 5; queryType: qtINDIRECT; queryDepth: 3; ","itype: liTS_CANDIDATE; ledgerHash: ""3\321\n7\354)\tf\006\357\205B<h\272GQ \344\262\236\025#\003\024&\310\034\352\376\326""; nodeIDs: ""\000\000\000\000\000\000\000\000\000\000\000\000\000\000\000\000\000\000\000\000\000\000\000\000\000\000\000\000\000\000\000\000\000""; requestCookie: 5; queryType: qtINDIRECT; queryDepth: 3; "
1750527540230,1750527540231,1782,1,1,4,TMLedgerData,"ledgerHash: ""\341\310\354\0213\033\013\350\207z\236R(|z&\034\335\266\323\356\205\273DV\210\254\213T\rZ\347""; ledgerSeq: 0; type: liTS_CANDIDATE; nodes {;   nodedata: ""\256\322m\2146\221\305\341\316\031h?\276\005\207\253\236\tL;\371W\315\233X\345O\203\332\240\005\360\n\003"";   nodeid: ""\000\000\000\000\000\000\000\000\000\000\000\000\000\000\000\000\000\000\000\000\000\000\000\000\000\000\000\000\000\000\000\000\000""; }; ","ledgerHash: ""\341\310\354\0213\033\013\350\207z\236R(|z&\034\335\266\323\356\205\273DV\210\254\213T\rZ\347""; ledgerSeq: 0; type: liTS_CANDIDATE; nodes {;   nodedata: ""\256\322m\2146\221\305\341\316\031h?\276\005\207\253\236\tL;\371W\315\233X\345O\203\332\240\005\360\n\003"";   nodeid: ""\000\000\000\000\000\000\000\000\000\000\000\000\000\000\000\000\000\000\000\000\000\000\000\000\000\000\000\000\000\000\000\000\000""; }; "
1750527540233,1750527540234,1968,1,1,2,TMLedgerData,"ledgerHash: ""\341\310\354\0213\033\013\350\207z\236R(|z&\034\335\266\323\356\205\273DV\210\254\213T\rZ\347""; ledgerSeq: 0; type: liTS_CANDIDATE; nodes {;   nodedata: ""\256\322m\2146\221\305\341\316\031h?\276\005\207\253\236\tL;\371W\315\233X\345O\203\332\240\005\360\n\003"";   nodeid: ""\000\000\000\000\000\000\000\000\000\000\000\000\000\000\000\000\000\000\000\000\000\000\000\000\000\000\000\000\000\000\000\000\000""; }; requestCookie: 5; ","ledgerHash: ""\341\310\354\0213\033\013\350\207z\236R(|z&\034\335\266\323\356\205\273DV\210\254\213T\rZ\347""; ledgerSeq: 0; type: liTS_CANDIDATE; nodes {;   nodedata: ""\256\322m\2146\221\305\341\316\031h?\276\005\207\253\236\tL;\371W\315\233X\345O\203\332\240\005\360\n\003"";   nodeid: ""\000\000\000\000\000\000\000\000\000\000\000\000\000\000\000\000\000\000\000\000\000\000\000\000\000\000\000\000\000\000\000\000\000""; }; requestCookie: 5; "
1750527540253,1750527540253,2079,1,3,1,TMGetLedger,"itype: liTS_CANDIDATE; ledgerHash: ""\341\310\354\0213\033\013\350\207z\236R(|z&\034\335\266\323\356\205\273DV\210\254\213T\rZ\347""; nodeIDs: ""\000\000\000\000\000\000\000\000\000\000\000\000\000\000\000\000\000\000\000\000\000\000\000\000\000\000\000\000\000\000\000\000\000""; queryType: qtINDIRECT; queryDepth: 3; ","itype: liTS_CANDIDATE; ledgerHash: ""\341\310\354\0213\033\013\350\207z\236R(|z&\034\335\266\323\356\205\273DV\210\254\213T\rZ\347""; nodeIDs: ""\000\000\000\000\000\000\000\000\000\000\000\000\000\000\000\000\000\000\000\000\000\000\000\000\000\000\000\000\000\000\000\000\000""; queryType: qtINDIRECT; queryDepth: 3; "
1750527540253,1750527540253,2794,1,3,2,TMGetLedger,"itype: liTS_CANDIDATE; ledgerHash: ""\341\310\354\0213\033\013\350\207z\236R(|z&\034\335\266\323\356\205\273DV\210\254\213T\rZ\347""; nodeIDs: ""\000\000\000\000\000\000\000\000\000\000\000\000\000\000\000\000\000\000\000\000\000\000\000\000\000\000\000\000\000\000\000\000\000""; queryType: qtINDIRECT; queryDepth: 3; ","itype: liTS_CANDIDATE; ledgerHash: ""\341\310\354\0213\033\013\350\207z\236R(|z&\034\335\266\323\356\205\273DV\210\254\213T\rZ\347""; nodeIDs: ""\000\000\000\000\000\000\000\000\000\000\000\000\000\000\000\000\000\000\000\000\000\000\000\000\000\000\000\000\000\000\000\000\000""; queryType: qtINDIRECT; queryDepth: 3; "
1750527540254,1750527540254,1131,1,3,0,TMGetLedger,"itype: liTS_CANDIDATE; ledgerHash: ""\341\310\354\0213\033\013\350\207z\236R(|z&\034\335\266\323\356\205\273DV\210\254\213T\rZ\347""; nodeIDs: ""\000\000\000\000\000\000\000\000\000\000\000\000\000\000\000\000\000\000\000\000\000\000\000\000\000\000\000\000\000\000\000\000\000""; queryType: qtINDIRECT; queryDepth: 3; ","itype: liTS_CANDIDATE; ledgerHash: ""\341\310\354\0213\033\013\350\207z\236R(|z&\034\335\266\323\356\205\273DV\210\254\213T\rZ\347""; nodeIDs: ""\000\000\000\000\000\000\000\000\000\000\000\000\000\000\000\000\000\000\000\000\000\000\000\000\000\000\000\000\000\000\000\000\000""; queryType: qtINDIRECT; queryDepth: 3; "
1750527540254,1750527540254,1019,1,3,4,TMGetLedger,"itype: liTS_CANDIDATE; ledgerHash: ""\341\310\354\0213\033\013\350\207z\236R(|z&\034\335\266\323\356\205\273DV\210\254\213T\rZ\347""; nodeIDs: ""\000\000\000\000\000\000\000\000\000\000\000\000\000\000\000\000\000\000\000\000\000\000\000\000\000\000\000\000\000\000\000\000\000""; queryType: qtINDIRECT; queryDepth: 3; ","itype: liTS_CANDIDATE; ledgerHash: ""\341\310\354\0213\033\013\350\207z\236R(|z&\034\335\266\323\356\205\273DV\210\254\213T\rZ\347""; nodeIDs: ""\000\000\000\000\000\000\000\000\000\000\000\000\000\000\000\000\000\000\000\000\000\000\000\000\000\000\000\000\000\000\000\000\000""; queryType: qtINDIRECT; queryDepth: 3; "
1750527540267,1750527540267,2920,1,1,0,TMGetLedger,"itype: liTS_CANDIDATE; ledgerHash: ""3\321\n7\354)\tf\006\357\205B<h\272GQ \344\262\236\025#\003\024&\310\034\352\376\326""; nodeIDs: ""\000\000\000\000\000\000\000\000\000\000\000\000\000\000\000\000\000\000\000\000\000\000\000\000\000\000\000\000\000\000\000\000\000""; requestCookie: 5; queryType: qtINDIRECT; queryDepth: 3; ","itype: liTS_CANDIDATE; ledgerHash: ""3\321\n7\354)\tf\006\357\205B<h\272GQ \344\262\236\025#\003\024&\310\034\352\376\326""; nodeIDs: ""\000\000\000\000\000\000\000\000\000\000\000\000\000\000\000\000\000\000\000\000\000\000\000\000\000\000\000\000\000\000\000\000\000""; requestCookie: 5; queryType: qtINDIRECT; queryDepth: 3; "
1750527540269,1750527540269,3378,1,4,0,TMLedgerData,"ledgerHash: ""\363\262\310\025\251\261\276X\247\260J\221\345\357\037\231)|\321K\000\\326E\004\377\005\255""A?\250""; ledgerSeq: 0; type: liTS_CANDIDATE; nodes {;   nodedata: ""MJ\275'\324\005\036\313\204nW\300\362\327\016\205\236\021\351Q6\021\355\301\372\322\276g\026\243\361M\004\003"";   nodeid: ""\000\000\000\000\000\000\000\000\000\000\000\000\000\000\000\000\000\000\000\000\000\000\000\000\000\000\000\000\000\000\000\000\000""; }; ","ledgerHash: ""\363\262\310\025\251\261\276X\247\260J\221\345\357\037\231)|\321K\000\\326E\004\377\005\255""A?\250""; ledgerSeq: 0; type: liTS_CANDIDATE; nodes {;   nodedata: ""MJ\275'\324\005\036\313\204nW\300\362\327\016\205\236\021\351Q6\021\355\301\372\322\276g\026\243\361M\004\003"";   nodeid: ""\000\000\000\000\000\000\000\000\000\000\000\000\000\000\000\000\000\000\000\000\000\000\000\000\000\000\000\000\000\000\000\000\000""; }; "
1750527540273,1750527540274,2764,1,4,3,TMLedgerData,"ledgerHash: ""\341\310\354\0213\033\013\350\207z\236R(|z&\034\335\266\323\356\205\273DV\210\254\213T\rZ\347""; ledgerSeq: 0; type: liTS_CANDIDATE; nodes {;   nodedata: ""\256\322m\2146\221\305\341\316\031h?\276\005\207\253\236\tL;\371W\315\233X\345O\203\332\240\005\360\n\003"";   nodeid: ""\000\000\000\000\000\000\000\000\000\000\000\000\000\000\000\000\000\000\000\000\000\000\000\000\000\000\000\000\000\000\000\000\000""; }; ","ledgerHash: ""\341\310\354\0213\033\013\350\207z\236R(|z&\034\335\266\323\356\205\273DV\210\254\213T\rZ\347""; ledgerSeq: 0; type: liTS_CANDIDATE; nodes {;   nodedata: ""\256\322m\2146\221\305\341\316\031h?\276\005\207\253\236\tL;\371W\315\233X\345O\203\332\240\005\360\n\003"";   nodeid: ""\000\000\000\000\000\000\000\000\000\000\000\000\000\000\000\000\000\000\000\000\000\000\000\000\000\000\000\000\000\000\000\000\000""; }; "
1750527540277,1750527540277,3818,1,0,2,TMLedgerData,"ledgerHash: ""3\321\n7\354)\tf\006\357\205B<h\272GQ \344\262\236\025#\003\024&\310\034\352\376\326""; ledgerSeq: 0; type: liTS_CANDIDATE; nodes {;   nodedata: ""'\240~~s\033\202\356\320\307\177Nt\203\315\245\305\276b\265\310\271\3319\245:\342=c\267\265\233\002\003"";   nodeid: ""\000\000\000\000\000\000\000\000\000\000\000\000\000\000\000\000\000\000\000\000\000\000\000\000\000\000\000\000\000\000\000\000\000""; }; requestCookie: 4; ","ledgerHash: ""3\321\n7\354)\tf\006\357\205B<h\272GQ \344\262\236\025#\003\024&\310\034\352\376\326""; ledgerSeq: 0; type: liTS_CANDIDATE; nodes {;   nodedata: ""'\240~~s\033\202\356\320\307\177Nt\203\315\245\305\276b\265\310\271\3319\245:\342=c\267\265\233\002\003"";   nodeid: ""\000\000\000\000\000\000\000\000\000\000\000\000\000\000\000\000\000\000\000\000\000\000\000\000\000\000\000\000\000\000\000\000\000""; }; requestCookie: 4; "
1750527540291,1750527540291,1544,1,2,1,TMGetLedger,"itype: liBASE; ledgerHash: ""\326+\03569g\235`}\354\203s\003\217_Vf \233\324\237yU<\242:Zr\321\340\201]""; requestCookie: 2; queryType: qtINDIRECT; ","itype: liBASE; ledgerHash: ""\326+\03569g\235`}\354\203s\003\217_Vf \233\324\237yU<\242:Zr\321\340\201]""; requestCookie: 2; queryType: qtINDIRECT; "
1750527540292,1750527540293,3719,1,2,4,TMGetLedger,"itype: liTS_CANDIDATE; ledgerHash: ""\341\310\354\0213\033\013\350\207z\236R(|z&\034\335\266\323\356\205\273DV\210\254\213T\rZ\347""; nodeIDs: ""\000\000\000\000\000\000\000\000\000\000\000\000\000\000\000\000\000\000\000\000\000\000\000\000\000\000\000\000\000\000\000\000\000""; queryType: qtINDIRECT; queryDepth: 3; ","itype: liTS_CANDIDATE; ledgerHash: ""\341\310\354\0213\033\013\350\207z\236R(|z&\034\335\266\323\356\205\273DV\210\254\213T\rZ\347""; nodeIDs: ""\000\000\000\000\000\000\000\000\000\000\000\000\000\000\000\000\000\000\000\000\000\000\000\000\000\000\000\000\000\000\000\000\000""; queryType: qtINDIRECT; queryDepth: 3; "
1750527540299,1750527540299,1544,1,2,1,TMGetLedger,"itype: liTS_CANDIDATE; ledgerHash: ""\341\310\354\0213\033\013\350\207z\236R(|z&\034\335\266\323\356\205\273DV\210\254\213T\rZ\347""; nodeIDs: ""\000\000\000\000\000\000\000\000\000\000\000\000\000\000\000\000\000\000\000\000\000\000\000\000\000\000\000\000\000\000\000\000\000""; queryType: qtINDIRECT; queryDepth: 3; ","itype: liTS_CANDIDATE; ledgerHash: ""\341\310\354\0213\033\013\350\207z\236R(|z&\034\335\266\323\356\205\273DV\210\254\213T\rZ\347""; nodeIDs: ""\000\000\000\000\000\000\000\000\000\000\000\000\000\000\000\000\000\000\000\000\000\000\000\000\000\000\000\000\000\000\000\000\000""; queryType: qtINDIRECT; queryDepth: 3; "
1750527540301,1750527540301,589,1,2,0,TMGetLedger,"itype: liTS_CANDIDATE; ledgerHash: ""\341\310\354\0213\033\013\350\207z\236R(|z&\034\335\266\323\356\205\273DV\210\254\213T\rZ\347""; nodeIDs: ""\000\000\000\000\000\000\000\000\000\000\000\000\000\000\000\000\000\000\000\000\000\000\000\000\000\000\000\000\000\000\000\000\000""; queryType: qtINDIRECT; queryDepth: 3; ","itype: liTS_CANDIDATE; ledgerHash: ""\341\310\354\0213\033\013\350\207z\236R(|z&\034\335\266\323\356\205\273DV\210\254\213T\rZ\347""; nodeIDs: ""\000\000\000\000\000\000\000\000\000\000\000\000\000\000\000\000\000\000\000\000\000\000\000\000\000\000\000\000\000\000\000\000\000""; queryType: qtINDIRECT; queryDepth: 3; "
1750527540300,1750527540300,1544,1,2,1,TMGetLedger,"itype: liTS_CANDIDATE; ledgerHash: ""\341\310\354\0213\033\013\350\207z\236R(|z&\034\335\266\323\356\205\273DV\210\254\213T\rZ\347""; nodeIDs: ""\000\000\000\000\000\000\000\000\000\000\000\000\000\000\000\000\000\000\000\000\000\000\000\000\000\000\000\000\000\000\000\000\000""; requestCookie: 4; queryType: qtINDIRECT; queryDepth: 3; ","itype: liTS_CANDIDATE; ledgerHash: ""\341\310\354\0213\033\013\350\207z\236R(|z&\034\335\266\323\356\205\273DV\210\254\213T\rZ\347""; nodeIDs: ""\000\000\000\000\000\000\000\000\000\000\000\000\000\000\000\000\000\000\000\000\000\000\000\000\000\000\000\000\000\000\000\000\000""; requestCookie: 4; queryType: qtINDIRECT; queryDepth: 3; "
1750527540300,1750527540300,4000,1,2,3,TMGetLedger,"itype: liTS_CANDIDATE; ledgerHash: ""\341\310\354\0213\033\013\350\207z\236R(|z&\034\335\266\323\356\205\273DV\210\254\213T\rZ\347""; nodeIDs: ""\000\000\000\000\000\000\000\000\000\000\000\000\000\000\000\000\000\000\000\000\000\000\000\000\000\000\000\000\000\000\000\000\000""; queryType: qtINDIRECT; queryDepth: 3; ","itype: liTS_CANDIDATE; ledgerHash: ""\341\310\354\0213\033\013\350\207z\236R(|z&\034\335\266\323\356\205\273DV\210\254\213T\rZ\347""; nodeIDs: ""\000\000\000\000\000\000\000\000\000\000\000\000\000\000\000\000\000\000\000\000\000\000\000\000\000\000\000\000\000\000\000\000\000""; queryType: qtINDIRECT; queryDepth: 3; "
1750527540312,1750527540312,3375,1,0,1,TMGetLedger,"itype: liTS_CANDIDATE; ledgerHash: ""\341\310\354\0213\033\013\350\207z\236R(|z&\034\335\266\323\356\205\273DV\210\254\213T\rZ\347""; nodeIDs: ""\000\000\000\000\000\000\000\000\000\000\000\000\000\000\000\000\000\000\000\000\000\000\000\000\000\000\000\000\000\000\000\000\000""; requestCookie: 5; queryType: qtINDIRECT; queryDepth: 3; ","itype: liTS_CANDIDATE; ledgerHash: ""\341\310\354\0213\033\013\350\207z\236R(|z&\034\335\266\323\356\205\273DV\210\254\213T\rZ\347""; nodeIDs: ""\000\000\000\000\000\000\000\000\000\000\000\000\000\000\000\000\000\000\000\000\000\000\000\000\000\000\000\000\000\000\000\000\000""; requestCookie: 5; queryType: qtINDIRECT; queryDepth: 3; "
1750527540312,1750527540312,3378,1,4,0,TMLedgerData,"ledgerHash: ""\341\310\354\0213\033\013\350\207z\236R(|z&\034\335\266\323\356\205\273DV\210\254\213T\rZ\347""; ledgerSeq: 0; type: liTS_CANDIDATE; nodes {;   nodedata: ""\256\322m\2146\221\305\341\316\031h?\276\005\207\253\236\tL;\371W\315\233X\345O\203\332\240\005\360\n\003"";   nodeid: ""\000\000\000\000\000\000\000\000\000\000\000\000\000\000\000\000\000\000\000\000\000\000\000\000\000\000\000\000\000\000\000\000\000""; }; ","ledgerHash: ""\341\310\354\0213\033\013\350\207z\236R(|z&\034\335\266\323\356\205\273DV\210\254\213T\rZ\347""; ledgerSeq: 0; type: liTS_CANDIDATE; nodes {;   nodedata: ""\256\322m\2146\221\305\341\316\031h?\276\005\207\253\236\tL;\371W\315\233X\345O\203\332\240\005\360\n\003"";   nodeid: ""\000\000\000\000\000\000\000\000\000\000\000\000\000\000\000\000\000\000\000\000\000\000\000\000\000\000\000\000\000\000\000\000\000""; }; "
1750527540313,1750527540313,3719,1,2,4,TMGetLedger,"itype: liTS_CANDIDATE; ledgerHash: ""\363\262\310\025\251\261\276X\247\260J\221\345\357\037\231)|\321K\000\\326E\004\377\005\255""A?\250""; nodeIDs: ""\000\000\000\000\000\000\000\000\000\000\000\000\000\000\000\000\000\000\000\000\000\000\000\000\000\000\000\000\000\000\000\000\000""; requestCookie: 2; queryType: qtINDIRECT; queryDepth: 3; ","itype: liTS_CANDIDATE; ledgerHash: ""\363\262\310\025\251\261\276X\247\260J\221\345\357\037\231)|\321K\000\\326E\004\377\005\255""A?\250""; nodeIDs: ""\000\000\000\000\000\000\000\000\000\000\000\000\000\000\000\000\000\000\000\000\000\000\000\000\000\000\000\000\000\000\000\000\000""; requestCookie: 2; queryType: qtINDIRECT; queryDepth: 3; "
1750527540315,1750527540315,3818,1,0,2,TMLedgerData,"ledgerHash: ""3\321\n7\354)\tf\006\357\205B<h\272GQ \344\262\236\025#\003\024&\310\034\352\376\326""; ledgerSeq: 0; type: liTS_CANDIDATE; nodes {;   nodedata: ""'\240~~s\033\202\356\320\307\177Nt\203\315\245\305\276b\265\310\271\3319\245:\342=c\267\265\233\002\003"";   nodeid: ""\000\000\000\000\000\000\000\000\000\000\000\000\000\000\000\000\000\000\000\000\000\000\000\000\000\000\000\000\000\000\000\000\000""; }; requestCookie: 5; ","ledgerHash: ""3\321\n7\354)\tf\006\357\205B<h\272GQ \344\262\236\025#\003\024&\310\034\352\376\326""; ledgerSeq: 0; type: liTS_CANDIDATE; nodes {;   nodedata: ""'\240~~s\033\202\356\320\307\177Nt\203\315\245\305\276b\265\310\271\3319\245:\342=c\267\265\233\002\003"";   nodeid: ""\000\000\000\000\000\000\000\000\000\000\000\000\000\000\000\000\000\000\000\000\000\000\000\000\000\000\000\000\000\000\000\000\000""; }; requestCookie: 5; "
1750527540331,1750527540331,3578,1,1,3,TMLedgerData,"ledgerHash: ""\341\310\354\0213\033\013\350\207z\236R(|z&\034\335\266\323\356\205\273DV\210\254\213T\rZ\347""; ledgerSeq: 0; type: liTS_CANDIDATE; nodes {;   nodedata: ""\256\322m\2146\221\305\341\316\031h?\276\005\207\253\236\tL;\371W\315\233X\345O\203\332\240\005\360\n\003"";   nodeid: ""\000\000\000\000\000\000\000\000\000\000\000\000\000\000\000\000\000\000\000\000\000\000\000\000\000\000\000\000\000\000\000\000\000""; }; ","ledgerHash: ""\341\310\354\0213\033\013\350\207z\236R(|z&\034\335\266\323\356\205\273DV\210\254\213T\rZ\347""; ledgerSeq: 0; type: liTS_CANDIDATE; nodes {;   nodedata: ""\256\322m\2146\221\305\341\316\031h?\276\005\207\253\236\tL;\371W\315\233X\345O\203\332\240\005\360\n\003"";   nodeid: ""\000\000\000\000\000\000\000\000\000\000\000\000\000\000\000\000\000\000\000\000\000\000\000\000\000\000\000\000\000\000\000\000\000""; }; "
1750527540337,1750527540337,1968,1,1,2,TMLedgerData,"ledgerHash: ""\341\310\354\0213\033\013\350\207z\236R(|z&\034\335\266\323\356\205\273DV\210\254\213T\rZ\347""; ledgerSeq: 0; type: liTS_CANDIDATE; nodes {;   nodedata: ""\256\322m\2146\221\305\341\316\031h?\276\005\207\253\236\tL;\371W\315\233X\345O\203\332\240\005\360\n\003"";   nodeid: ""\000\000\000\000\000\000\000\000\000\000\000\000\000\000\000\000\000\000\000\000\000\000\000\000\000\000\000\000\000\000\000\000\000""; }; ","ledgerHash: ""\341\310\354\0213\033\013\350\207z\236R(|z&\034\335\266\323\356\205\273DV\210\254\213T\rZ\347""; ledgerSeq: 0; type: liTS_CANDIDATE; nodes {;   nodedata: ""\256\322m\2146\221\305\341\316\031h?\276\005\207\253\236\tL;\371W\315\233X\345O\203\332\240\005\360\n\003"";   nodeid: ""\000\000\000\000\000\000\000\000\000\000\000\000\000\000\000\000\000\000\000\000\000\000\000\000\000\000\000\000\000\000\000\000\000""; }; "
1750527540345,1750527540345,1996,1,0,4,TMLedgerData,"ledgerHash: ""3\321\n7\354)\tf\006\357\205B<h\272GQ \344\262\236\025#\003\024&\310\034\352\376\326""; ledgerSeq: 0; type: liTS_CANDIDATE; nodes {;   nodedata: ""'\240~~s\033\202\356\320\307\177Nt\203\315\245\305\276b\265\310\271\3319\245:\342=c\267\265\233\002\003"";   nodeid: ""\000\000\000\000\000\000\000\000\000\000\000\000\000\000\000\000\000\000\000\000\000\000\000\000\000\000\000\000\000\000\000\000\000""; }; requestCookie: 4; ","ledgerHash: ""3\321\n7\354)\tf\006\357\205B<h\272GQ \344\262\236\025#\003\024&\310\034\352\376\326""; ledgerSeq: 0; type: liTS_CANDIDATE; nodes {;   nodedata: ""'\240~~s\033\202\356\320\307\177Nt\203\315\245\305\276b\265\310\271\3319\245:\342=c\267\265\233\002\003"";   nodeid: ""\000\000\000\000\000\000\000\000\000\000\000\000\000\000\000\000\000\000\000\000\000\000\000\000\000\000\000\000\000\000\000\000\000""; }; requestCookie: 4; "
1750527540359,1750527540359,612,1,2,0,TMLedgerData,"ledgerHash: ""[\000\302\314\326\214\276@c\240\272\222{\363\314\032\213\311\316\246/\330\302\014>\022\346\234\347\264\270\350""; ledgerSeq: 0; type: liTS_CANDIDATE; nodes {;   nodedata: ""\002i\361\030\371\256\265\036\320\273\013\357<\215/(\215[\231D\357Gd\372\270\316\261\301\342\327\225\241\000GZ\227\022t\201\240u\2324P\027\307M\337'Y\361[IAD\351\374!\232\005\337\376\252\251g\004\003"";   nodeid: ""\000\000\000\000\000\000\000\000\000\000\000\000\000\000\000\000\000\000\000\000\000\000\000\000\000\000\000\000\000\000\000\000\000""; }; ","ledgerHash: ""[\000\302\314\326\214\276@c\240\272\222{\363\314\032\213\311\316\246/\330\302\014>\022\346\234\347\264\270\350""; ledgerSeq: 0; type: liTS_CANDIDATE; nodes {;   nodedata: ""\002i\361\030\371\256\265\036\320\273\013\357<\215/(\215[\231D\357Gd\372\270\316\261\301\342\327\225\241\000GZ\227\022t\201\240u\2324P\027\307M\337'Y\361[IAD\351\374!\232\005\337\376\252\251g\004\003"";   nodeid: ""\000\000\000\000\000\000\000\000\000\000\000\000\000\000\000\000\000\000\000\000\000\000\000\000\000\000\000\000\000\000\000\000\000""; }; "
1750527540363,1750527540363,1199,1,0,2,TMGetLedger,"itype: liTS_CANDIDATE; ledgerHash: ""\363\262\310\025\251\261\276X\247\260J\221\345\357\037\231)|\321K\000\\326E\004\377\005\255""A?\250""; nodeIDs: ""\000\000\000\000\000\000\000\000\000\000\000\000\000\000\000\000\000\000\000\000\000\000\000\000\000\000\000\000\000\000\000\000\000""; queryType: qtINDIRECT; queryDepth: 3; ","itype: liTS_CANDIDATE; ledgerHash: ""\363\262\310\025\251\261\276X\247\260J\221\345\357\037\231)|\321K\000\\326E\004\377\005\255""A?\250""; nodeIDs: ""\000\000\000\000\000\000\000\000\000\000\000\000\000\000\000\000\000\000\000\000\000\000\000\000\000\000\000\000\000\000\000\000\000""; queryType: qtINDIRECT; queryDepth: 3; "
1750527540363,1750527540363,3375,1,0,1,TMGetLedger,"itype: liTS_CANDIDATE; ledgerHash: ""\363\262\310\025\251\261\276X\247\260J\221\345\357\037\231)|\321K\000\\326E\004\377\005\255""A?\250""; nodeIDs: ""\000\000\000\000\000\000\000\000\000\000\000\000\000\000\000\000\000\000\000\000\000\000\000\000\000\000\000\000\000\000\000\000\000""; queryType: qtINDIRECT; queryDepth: 3; ","itype: liTS_CANDIDATE; ledgerHash: ""\363\262\310\025\251\261\276X\247\260J\221\345\357\037\231)|\321K\000\\326E\004\377\005\255""A?\250""; nodeIDs: ""\000\000\000\000\000\000\000\000\000\000\000\000\000\000\000\000\000\000\000\000\000\000\000\000\000\000\000\000\000\000\000\000\000""; queryType: qtINDIRECT; queryDepth: 3; "
1750527540364,1750527540364,380,1,0,4,TMGetLedger,"itype: liTS_CANDIDATE; ledgerHash: ""\363\262\310\025\251\261\276X\247\260J\221\345\357\037\231)|\321K\000\\326E\004\377\005\255""A?\250""; nodeIDs: ""\000\000\000\000\000\000\000\000\000\000\000\000\000\000\000\000\000\000\000\000\000\000\000\000\000\000\000\000\000\000\000\000\000""; queryType: qtINDIRECT; queryDepth: 3; ","itype: liTS_CANDIDATE; ledgerHash: ""\363\262\310\025\251\261\276X\247\260J\221\345\357\037\231)|\321K\000\\326E\004\377\005\255""A?\250""; nodeIDs: ""\000\000\000\000\000\000\000\000\000\000\000\000\000\000\000\000\000\000\000\000\000\000\000\000\000\000\000\000\000\000\000\000\000""; queryType: qtINDIRECT; queryDepth: 3; "
1750527540364,1750527540364,3094,1,0,3,TMGetLedger,"itype: liTS_CANDIDATE; ledgerHash: ""\363\262\310\025\251\261\276X\247\260J\221\345\357\037\231)|\321K\000\\326E\004\377\005\255""A?\250""; nodeIDs: ""\000\000\000\000\000\000\000\000\000\000\000\000\000\000\000\000\000\000\000\000\000\000\000\000\000\000\000\000\000\000\000\000\000""; queryType: qtINDIRECT; queryDepth: 3; ","itype: liTS_CANDIDATE; ledgerHash: ""\363\262\310\025\251\261\276X\247\260J\221\345\357\037\231)|\321K\000\\326E\004\377\005\255""A?\250""; nodeIDs: ""\000\000\000\000\000\000\000\000\000\000\000\000\000\000\000\000\000\000\000\000\000\000\000\000\000\000\000\000\000\000\000\000\000""; queryType: qtINDIRECT; queryDepth: 3; "
1750527540383,1750527540383,3375,1,0,1,TMGetLedger,"itype: liTS_CANDIDATE; ledgerHash: ""\341\310\354\0213\033\013\350\207z\236R(|z&\034\335\266\323\356\205\273DV\210\254\213T\rZ\347""; nodeIDs: ""\000\000\000\000\000\000\000\000\000\000\000\000\000\000\000\000\000\000\000\000\000\000\000\000\000\000\000\000\000\000\000\000\000""; requestCookie: 3; queryType: qtINDIRECT; queryDepth: 3; ","itype: liTS_CANDIDATE; ledgerHash: ""\341\310\354\0213\033\013\350\207z\236R(|z&\034\335\266\323\356\205\273DV\210\254\213T\rZ\347""; nodeIDs: ""\000\000\000\000\000\000\000\000\000\000\000\000\000\000\000\000\000\000\000\000\000\000\000\000\000\000\000\000\000\000\000\000\000""; requestCookie: 3; queryType: qtINDIRECT; queryDepth: 3; "
1750527540386,1750527540386,3375,1,0,1,TMGetLedger,"itype: liTS_CANDIDATE; ledgerHash: ""\341\310\354\0213\033\013\350\207z\236R(|z&\034\335\266\323\356\205\273DV\210\254\213T\rZ\347""; nodeIDs: ""\000\000\000\000\000\000\000\000\000\000\000\000\000\000\000\000\000\000\000\000\000\000\000\000\000\000\000\000\000\000\000\000\000""; requestCookie: 4; queryType: qtINDIRECT; queryDepth: 3; ","itype: liTS_CANDIDATE; ledgerHash: ""\341\310\354\0213\033\013\350\207z\236R(|z&\034\335\266\323\356\205\273DV\210\254\213T\rZ\347""; nodeIDs: ""\000\000\000\000\000\000\000\000\000\000\000\000\000\000\000\000\000\000\000\000\000\000\000\000\000\000\000\000\000\000\000\000\000""; requestCookie: 4; queryType: qtINDIRECT; queryDepth: 3; "
1750527540386,1750527540386,1495,1,1,2,TMGetLedger,"itype: liBASE; ledgerHash: ""\276\230H\305\2714\032l\253n6W\035\354\257.f\r\217\302\203\224\212L\020\S\370\243OP*""; requestCookie: 4; queryType: qtINDIRECT; ","itype: liBASE; ledgerHash: ""\276\230H\305\2714\032l\253n6W\035\354\257.f\r\217\302\203\224\212L\020\S\370\243OP*""; requestCookie: 4; queryType: qtINDIRECT; "
1750527540387,1750527540387,1996,1,0,4,TMLedgerData,"ledgerHash: ""3\321\n7\354)\tf\006\357\205B<h\272GQ \344\262\236\025#\003\024&\310\034\352\376\326""; ledgerSeq: 0; type: liTS_CANDIDATE; nodes {;   nodedata: ""'\240~~s\033\202\356\320\307\177Nt\203\315\245\305\276b\265\310\271\3319\245:\342=c\267\265\233\002\003"";   nodeid: ""\000\000\000\000\000\000\000\000\000\000\000\000\000\000\000\000\000\000\000\000\000\000\000\000\000\000\000\000\000\000\000\000\000""; }; ","ledgerHash: ""3\321\n7\354)\tf\006\357\205B<h\272GQ \344\262\236\025#\003\024&\310\034\352\376\326""; ledgerSeq: 0; type: liTS_CANDIDATE; nodes {;   nodedata: ""'\240~~s\033\202\356\320\307\177Nt\203\315\245\305\276b\265\310\271\3319\245:\342=c\267\265\233\002\003"";   nodeid: ""\000\000\000\000\000\000\000\000\000\000\000\000\000\000\000\000\000\000\000\000\000\000\000\000\000\000\000\000\000\000\000\000\000""; }; "
1750527540388,1750527540388,3375,1,0,1,TMGetLedger,"itype: liTS_CANDIDATE; ledgerHash: ""\341\310\354\0213\033\013\350\207z\236R(|z&\034\335\266\323\356\205\273DV\210\254\213T\rZ\347""; nodeIDs: ""\000\000\000\000\000\000\000\000\000\000\000\000\000\000\000\000\000\000\000\000\000\000\000\000\000\000\000\000\000\000\000\000\000""; queryType: qtINDIRECT; queryDepth: 3; ","itype: liTS_CANDIDATE; ledgerHash: ""\341\310\354\0213\033\013\350\207z\236R(|z&\034\335\266\323\356\205\273DV\210\254\213T\rZ\347""; nodeIDs: ""\000\000\000\000\000\000\000\000\000\000\000\000\000\000\000\000\000\000\000\000\000\000\000\000\000\000\000\000\000\000\000\000\000""; queryType: qtINDIRECT; queryDepth: 3; "
1750527540388,1750527540388,3094,1,0,3,TMGetLedger,"itype: liTS_CANDIDATE; ledgerHash: ""\341\310\354\0213\033\013\350\207z\236R(|z&\034\335\266\323\356\205\273DV\210\254\213T\rZ\347""; nodeIDs: ""\000\000\000\000\000\000\000\000\000\000\000\000\000\000\000\000\000\000\000\000\000\000\000\000\000\000\000\000\000\000\000\000\000""; queryType: qtINDIRECT; queryDepth: 3; ","itype: liTS_CANDIDATE; ledgerHash: ""\341\310\354\0213\033\013\350\207z\236R(|z&\034\335\266\323\356\205\273DV\210\254\213T\rZ\347""; nodeIDs: ""\000\000\000\000\000\000\000\000\000\000\000\000\000\000\000\000\000\000\000\000\000\000\000\000\000\000\000\000\000\000\000\000\000""; queryType: qtINDIRECT; queryDepth: 3; "
1750527540388,1750527540388,1199,1,0,2,TMGetLedger,"itype: liTS_CANDIDATE; ledgerHash: ""\341\310\354\0213\033\013\350\207z\236R(|z&\034\335\266\323\356\205\273DV\210\254\213T\rZ\347""; nodeIDs: ""\000\000\000\000\000\000\000\000\000\000\000\000\000\000\000\000\000\000\000\000\000\000\000\000\000\000\000\000\000\000\000\000\000""; queryType: qtINDIRECT; queryDepth: 3; ","itype: liTS_CANDIDATE; ledgerHash: ""\341\310\354\0213\033\013\350\207z\236R(|z&\034\335\266\323\356\205\273DV\210\254\213T\rZ\347""; nodeIDs: ""\000\000\000\000\000\000\000\000\000\000\000\000\000\000\000\000\000\000\000\000\000\000\000\000\000\000\000\000\000\000\000\000\000""; queryType: qtINDIRECT; queryDepth: 3; "
1750527540430,1750527540430,380,1,0,4,TMGetLedger,"itype: liTS_CANDIDATE; ledgerHash: ""\341\310\354\0213\033\013\350\207z\236R(|z&\034\335\266\323\356\205\273DV\210\254\213T\rZ\347""; nodeIDs: ""\000\000\000\000\000\000\000\000\000\000\000\000\000\000\000\000\000\000\000\000\000\000\000\000\000\000\000\000\000\000\000\000\000""; queryType: qtINDIRECT; queryDepth: 3; ","itype: liTS_CANDIDATE; ledgerHash: ""\341\310\354\0213\033\013\350\207z\236R(|z&\034\335\266\323\356\205\273DV\210\254\213T\rZ\347""; nodeIDs: ""\000\000\000\000\000\000\000\000\000\000\000\000\000\000\000\000\000\000\000\000\000\000\000\000\000\000\000\000\000\000\000\000\000""; queryType: qtINDIRECT; queryDepth: 3; "
1750527540436,1750527540436,589,1,2,0,TMGetLedger,"itype: liTS_CANDIDATE; ledgerHash: ""3\321\n7\354)\tf\006\357\205B<h\272GQ \344\262\236\025#\003\024&\310\034\352\376\326""; nodeIDs: ""\000\000\000\000\000\000\000\000\000\000\000\000\000\000\000\000\000\000\000\000\000\000\000\000\000\000\000\000\000\000\000\000\000""; requestCookie: 4; queryType: qtINDIRECT; queryDepth: 3; ","itype: liTS_CANDIDATE; ledgerHash: ""3\321\n7\354)\tf\006\357\205B<h\272GQ \344\262\236\025#\003\024&\310\034\352\376\326""; nodeIDs: ""\000\000\000\000\000\000\000\000\000\000\000\000\000\000\000\000\000\000\000\000\000\000\000\000\000\000\000\000\000\000\000\000\000""; requestCookie: 4; queryType: qtINDIRECT; queryDepth: 3; "
1750527540440,1750527540440,2079,1,3,1,TMGetLedger,"itype: liTS_CANDIDATE; ledgerHash: ""\341\310\354\0213\033\013\350\207z\236R(|z&\034\335\266\323\356\205\273DV\210\254\213T\rZ\347""; nodeIDs: ""\000\000\000\000\000\000\000\000\000\000\000\000\000\000\000\000\000\000\000\000\000\000\000\000\000\000\000\000\000\000\000\000\000""; requestCookie: 5; queryType: qtINDIRECT; queryDepth: 3; ","itype: liTS_CANDIDATE; ledgerHash: ""\341\310\354\0213\033\013\350\207z\236R(|z&\034\335\266\323\356\205\273DV\210\254\213T\rZ\347""; nodeIDs: ""\000\000\000\000\000\000\000\000\000\000\000\000\000\000\000\000\000\000\000\000\000\000\000\000\000\000\000\000\000\000\000\000\000""; requestCookie: 5; queryType: qtINDIRECT; queryDepth: 3; "
1750527540440,1750527540440,1544,1,2,1,TMGetLedger,"itype: liTS_CANDIDATE; ledgerHash: ""\341\310\354\0213\033\013\350\207z\236R(|z&\034\335\266\323\356\205\273DV\210\254\213T\rZ\347""; nodeIDs: ""\000\000\000\000\000\000\000\000\000\000\000\000\000\000\000\000\000\000\000\000\000\000\000\000\000\000\000\000\000\000\000\000\000""; requestCookie: 5; queryType: qtINDIRECT; queryDepth: 3; ","itype: liTS_CANDIDATE; ledgerHash: ""\341\310\354\0213\033\013\350\207z\236R(|z&\034\335\266\323\356\205\273DV\210\254\213T\rZ\347""; nodeIDs: ""\000\000\000\000\000\000\000\000\000\000\000\000\000\000\000\000\000\000\000\000\000\000\000\000\000\000\000\000\000\000\000\000\000""; requestCookie: 5; queryType: qtINDIRECT; queryDepth: 3; "
1750527540481,1750527540481,589,1,2,0,TMGetLedger,"itype: liTS_CANDIDATE; ledgerHash: ""3\321\n7\354)\tf\006\357\205B<h\272GQ \344\262\236\025#\003\024&\310\034\352\376\326""; nodeIDs: ""\000\000\000\000\000\000\000\000\000\000\000\000\000\000\000\000\000\000\000\000\000\000\000\000\000\000\000\000\000\000\000\000\000""; requestCookie: 5; queryType: qtINDIRECT; queryDepth: 3; ","itype: liTS_CANDIDATE; ledgerHash: ""3\321\n7\354)\tf\006\357\205B<h\272GQ \344\262\236\025#\003\024&\310\034\352\376\326""; nodeIDs: ""\000\000\000\000\000\000\000\000\000\000\000\000\000\000\000\000\000\000\000\000\000\000\000\000\000\000\000\000\000\000\000\000\000""; requestCookie: 5; queryType: qtINDIRECT; queryDepth: 3; "
1750527540481,1750527540482,1782,1,1,4,TMLedgerData,"ledgerHash: ""\341\310\354\0213\033\013\350\207z\236R(|z&\034\335\266\323\356\205\273DV\210\254\213T\rZ\347""; ledgerSeq: 0; type: liTS_CANDIDATE; nodes {;   nodedata: ""\256\322m\2146\221\305\341\316\031h?\276\005\207\253\236\tL;\371W\315\233X\345O\203\332\240\005\360\n\003"";   nodeid: ""\000\000\000\000\000\000\000\000\000\000\000\000\000\000\000\000\000\000\000\000\000\000\000\000\000\000\000\000\000\000\000\000\000""; }; ","ledgerHash: ""\341\310\354\0213\033\013\350\207z\236R(|z&\034\335\266\323\356\205\273DV\210\254\213T\rZ\347""; ledgerSeq: 0; type: liTS_CANDIDATE; nodes {;   nodedata: ""\256\322m\2146\221\305\341\316\031h?\276\005\207\253\236\tL;\371W\315\233X\345O\203\332\240\005\360\n\003"";   nodeid: ""\000\000\000\000\000\000\000\000\000\000\000\000\000\000\000\000\000\000\000\000\000\000\000\000\000\000\000\000\000\000\000\000\000""; }; "
1750527540503,1750527540503,2079,1,3,1,TMGetLedger,"itype: liTS_CANDIDATE; ledgerHash: ""\341\310\354\0213\033\013\350\207z\236R(|z&\034\335\266\323\356\205\273DV\210\254\213T\rZ\347""; nodeIDs: ""\000\000\000\000\000\000\000\000\000\000\000\000\000\000\000\000\000\000\000\000\000\000\000\000\000\000\000\000\000\000\000\000\000""; queryType: qtINDIRECT; queryDepth: 3; ","itype: liTS_CANDIDATE; ledgerHash: ""\341\310\354\0213\033\013\350\207z\236R(|z&\034\335\266\323\356\205\273DV\210\254\213T\rZ\347""; nodeIDs: ""\000\000\000\000\000\000\000\000\000\000\000\000\000\000\000\000\000\000\000\000\000\000\000\000\000\000\000\000\000\000\000\000\000""; queryType: qtINDIRECT; queryDepth: 3; "
1750527540504,1750527540504,1131,1,3,0,TMGetLedger,"itype: liTS_CANDIDATE; ledgerHash: ""\341\310\354\0213\033\013\350\207z\236R(|z&\034\335\266\323\356\205\273DV\210\254\213T\rZ\347""; nodeIDs: ""\000\000\000\000\000\000\000\000\000\000\000\000\000\000\000\000\000\000\000\000\000\000\000\000\000\000\000\000\000\000\000\000\000""; queryType: qtINDIRECT; queryDepth: 3; ","itype: liTS_CANDIDATE; ledgerHash: ""\341\310\354\0213\033\013\350\207z\236R(|z&\034\335\266\323\356\205\273DV\210\254\213T\rZ\347""; nodeIDs: ""\000\000\000\000\000\000\000\000\000\000\000\000\000\000\000\000\000\000\000\000\000\000\000\000\000\000\000\000\000\000\000\000\000""; queryType: qtINDIRECT; queryDepth: 3; "
1750527540504,1750527540504,1019,1,3,4,TMGetLedger,"itype: liTS_CANDIDATE; ledgerHash: ""\341\310\354\0213\033\013\350\207z\236R(|z&\034\335\266\323\356\205\273DV\210\254\213T\rZ\347""; nodeIDs: ""\000\000\000\000\000\000\000\000\000\000\000\000\000\000\000\000\000\000\000\000\000\000\000\000\000\000\000\000\000\000\000\000\000""; queryType: qtINDIRECT; queryDepth: 3; ","itype: liTS_CANDIDATE; ledgerHash: ""\341\310\354\0213\033\013\350\207z\236R(|z&\034\335\266\323\356\205\273DV\210\254\213T\rZ\347""; nodeIDs: ""\000\000\000\000\000\000\000\000\000\000\000\000\000\000\000\000\000\000\000\000\000\000\000\000\000\000\000\000\000\000\000\000\000""; queryType: qtINDIRECT; queryDepth: 3; "
1750527540504,1750527540504,2794,1,3,2,TMGetLedger,"itype: liTS_CANDIDATE; ledgerHash: ""\341\310\354\0213\033\013\350\207z\236R(|z&\034\335\266\323\356\205\273DV\210\254\213T\rZ\347""; nodeIDs: ""\000\000\000\000\000\000\000\000\000\000\000\000\000\000\000\000\000\000\000\000\000\000\000\000\000\000\000\000\000\000\000\000\000""; queryType: qtINDIRECT; queryDepth: 3; ","itype: liTS_CANDIDATE; ledgerHash: ""\341\310\354\0213\033\013\350\207z\236R(|z&\034\335\266\323\356\205\273DV\210\254\213T\rZ\347""; nodeIDs: ""\000\000\000\000\000\000\000\000\000\000\000\000\000\000\000\000\000\000\000\000\000\000\000\000\000\000\000\000\000\000\000\000\000""; queryType: qtINDIRECT; queryDepth: 3; "
1750527540516,1750527540517,2920,1,1,0,TMGetLedger,"itype: liTS_CANDIDATE; ledgerHash: ""3\321\n7\354)\tf\006\357\205B<h\272GQ \344\262\236\025#\003\024&\310\034\352\376\326""; nodeIDs: ""\000\000\000\000\000\000\000\000\000\000\000\000\000\000\000\000\000\000\000\000\000\000\000\000\000\000\000\000\000\000\000\000\000""; requestCookie: 5; queryType: qtINDIRECT; queryDepth: 3; ","itype: liTS_CANDIDATE; ledgerHash: ""3\321\n7\354)\tf\006\357\205B<h\272GQ \344\262\236\025#\003\024&\310\034\352\376\326""; nodeIDs: ""\000\000\000\000\000\000\000\000\000\000\000\000\000\000\000\000\000\000\000\000\000\000\000\000\000\000\000\000\000\000\000\000\000""; requestCookie: 5; queryType: qtINDIRECT; queryDepth: 3; "
1750527540523,1750527540523,1769,1,2,1,TMLedgerData,"ledgerHash: ""[\000\302\314\326\214\276@c\240\272\222{\363\314\032\213\311\316\246/\330\302\014>\022\346\234\347\264\270\350""; ledgerSeq: 0; type: liTS_CANDIDATE; nodes {;   nodedata: ""\002i\361\030\371\256\265\036\320\273\013\357<\215/(\215[\231D\357Gd\372\270\316\261\301\342\327\225\241\000GZ\227\022t\201\240u\2324P\027\307M\337'Y\361[IAD\351\374!\232\005\337\376\252\251g\004\003"";   nodeid: ""\000\000\000\000\000\000\000\000\000\000\000\000\000\000\000\000\000\000\000\000\000\000\000\000\000\000\000\000\000\000\000\000\000""; }; ","ledgerHash: ""[\000\302\314\326\214\276@c\240\272\222{\363\314\032\213\311\316\246/\330\302\014>\022\346\234\347\264\270\350""; ledgerSeq: 0; type: liTS_CANDIDATE; nodes {;   nodedata: ""\002i\361\030\371\256\265\036\320\273\013\357<\215/(\215[\231D\357Gd\372\270\316\261\301\342\327\225\241\000GZ\227\022t\201\240u\2324P\027\307M\337'Y\361[IAD\351\374!\232\005\337\376\252\251g\004\003"";   nodeid: ""\000\000\000\000\000\000\000\000\000\000\000\000\000\000\000\000\000\000\000\000\000\000\000\000\000\000\000\000\000\000\000\000\000""; }; "
1750527540524,1750527540524,2764,1,4,3,TMLedgerData,"ledgerHash: ""\341\310\354\0213\033\013\350\207z\236R(|z&\034\335\266\323\356\205\273DV\210\254\213T\rZ\347""; ledgerSeq: 0; type: liTS_CANDIDATE; nodes {;   nodedata: ""\256\322m\2146\221\305\341\316\031h?\276\005\207\253\236\tL;\371W\315\233X\345O\203\332\240\005\360\n\003"";   nodeid: ""\000\000\000\000\000\000\000\000\000\000\000\000\000\000\000\000\000\000\000\000\000\000\000\000\000\000\000\000\000\000\000\000\000""; }; ","ledgerHash: ""\341\310\354\0213\033\013\350\207z\236R(|z&\034\335\266\323\356\205\273DV\210\254\213T\rZ\347""; ledgerSeq: 0; type: liTS_CANDIDATE; nodes {;   nodedata: ""\256\322m\2146\221\305\341\316\031h?\276\005\207\253\236\tL;\371W\315\233X\345O\203\332\240\005\360\n\003"";   nodeid: ""\000\000\000\000\000\000\000\000\000\000\000\000\000\000\000\000\000\000\000\000\000\000\000\000\000\000\000\000\000\000\000\000\000""; }; "
1750527540524,1750527540524,3378,1,4,0,TMLedgerData,"ledgerHash: ""\341\310\354\0213\033\013\350\207z\236R(|z&\034\335\266\323\356\205\273DV\210\254\213T\rZ\347""; ledgerSeq: 0; type: liTS_CANDIDATE; nodes {;   nodedata: ""\256\322m\2146\221\305\341\316\031h?\276\005\207\253\236\tL;\371W\315\233X\345O\203\332\240\005\360\n\003"";   nodeid: ""\000\000\000\000\000\000\000\000\000\000\000\000\000\000\000\000\000\000\000\000\000\000\000\000\000\000\000\000\000\000\000\000\000""; }; ","ledgerHash: ""\341\310\354\0213\033\013\350\207z\236R(|z&\034\335\266\323\356\205\273DV\210\254\213T\rZ\347""; ledgerSeq: 0; type: liTS_CANDIDATE; nodes {;   nodedata: ""\256\322m\2146\221\305\341\316\031h?\276\005\207\253\236\tL;\371W\315\233X\345O\203\332\240\005\360\n\003"";   nodeid: ""\000\000\000\000\000\000\000\000\000\000\000\000\000\000\000\000\000\000\000\000\000\000\000\000\000\000\000\000\000\000\000\000\000""; }; "
1750527540524,1750527540524,3378,1,4,0,TMLedgerData,"ledgerHash: ""\363\262\310\025\251\261\276X\247\260J\221\345\357\037\231)|\321K\000\\326E\004\377\005\255""A?\250""; ledgerSeq: 0; type: liTS_CANDIDATE; nodes {;   nodedata: ""MJ\275'\324\005\036\313\204nW\300\362\327\016\205\236\021\351Q6\021\355\301\372\322\276g\026\243\361M\004\003"";   nodeid: ""\000\000\000\000\000\000\000\000\000\000\000\000\000\000\000\000\000\000\000\000\000\000\000\000\000\000\000\000\000\000\000\000\000""; }; ","ledgerHash: ""\363\262\310\025\251\261\276X\247\260J\221\345\357\037\231)|\321K\000\\326E\004\377\005\255""A?\250""; ledgerSeq: 0; type: liTS_CANDIDATE; nodes {;   nodedata: ""MJ\275'\324\005\036\313\204nW\300\362\327\016\205\236\021\351Q6\021\355\301\372\322\276g\026\243\361M\004\003"";   nodeid: ""\000\000\000\000\000\000\000\000\000\000\000\000\000\000\000\000\000\000\000\000\000\000\000\000\000\000\000\000\000\000\000\000\000""; }; "
1750527540526,1750527540526,3818,1,0,2,TMLedgerData,"ledgerHash: ""3\321\n7\354)\tf\006\357\205B<h\272GQ \344\262\236\025#\003\024&\310\034\352\376\326""; ledgerSeq: 0; type: liTS_CANDIDATE; nodes {;   nodedata: ""'\240~~s\033\202\356\320\307\177Nt\203\315\245\305\276b\265\310\271\3319\245:\342=c\267\265\233\002\003"";   nodeid: ""\000\000\000\000\000\000\000\000\000\000\000\000\000\000\000\000\000\000\000\000\000\000\000\000\000\000\000\000\000\000\000\000\000""; }; requestCookie: 4; ","ledgerHash: ""3\321\n7\354)\tf\006\357\205B<h\272GQ \344\262\236\025#\003\024&\310\034\352\376\326""; ledgerSeq: 0; type: liTS_CANDIDATE; nodes {;   nodedata: ""'\240~~s\033\202\356\320\307\177Nt\203\315\245\305\276b\265\310\271\3319\245:\342=c\267\265\233\002\003"";   nodeid: ""\000\000\000\000\000\000\000\000\000\000\000\000\000\000\000\000\000\000\000\000\000\000\000\000\000\000\000\000\000\000\000\000\000""; }; requestCookie: 4; "
1750527540542,1750527540542,589,1,2,0,TMGetLedger,"itype: liTS_CANDIDATE; ledgerHash: ""\341\310\354\0213\033\013\350\207z\236R(|z&\034\335\266\323\356\205\273DV\210\254\213T\rZ\347""; nodeIDs: ""\000\000\000\000\000\000\000\000\000\000\000\000\000\000\000\000\000\000\000\000\000\000\000\000\000\000\000\000\000\000\000\000\000""; queryType: qtINDIRECT; queryDepth: 3; ","itype: liTS_CANDIDATE; ledgerHash: ""\341\310\354\0213\033\013\350\207z\236R(|z&\034\335\266\323\356\205\273DV\210\254\213T\rZ\347""; nodeIDs: ""\000\000\000\000\000\000\000\000\000\000\000\000\000\000\000\000\000\000\000\000\000\000\000\000\000\000\000\000\000\000\000\000\000""; queryType: qtINDIRECT; queryDepth: 3; "
1750527540543,1750527540543,4000,1,2,3,TMGetLedger,"itype: liTS_CANDIDATE; ledgerHash: ""\341\310\354\0213\033\013\350\207z\236R(|z&\034\335\266\323\356\205\273DV\210\254\213T\rZ\347""; nodeIDs: ""\000\000\000\000\000\000\000\000\000\000\000\000\000\000\000\000\000\000\000\000\000\000\000\000\000\000\000\000\000\000\000\000\000""; queryType: qtINDIRECT; queryDepth: 3; ","itype: liTS_CANDIDATE; ledgerHash: ""\341\310\354\0213\033\013\350\207z\236R(|z&\034\335\266\323\356\205\273DV\210\254\213T\rZ\347""; nodeIDs: ""\000\000\000\000\000\000\000\000\000\000\000\000\000\000\000\000\000\000\000\000\000\000\000\000\000\000\000\000\000\000\000\000\000""; queryType: qtINDIRECT; queryDepth: 3; "
1750527540543,1750527540543,3719,1,2,4,TMGetLedger,"itype: liTS_CANDIDATE; ledgerHash: ""\341\310\354\0213\033\013\350\207z\236R(|z&\034\335\266\323\356\205\273DV\210\254\213T\rZ\347""; nodeIDs: ""\000\000\000\000\000\000\000\000\000\000\000\000\000\000\000\000\000\000\000\000\000\000\000\000\000\000\000\000\000\000\000\000\000""; queryType: qtINDIRECT; queryDepth: 3; ","itype: liTS_CANDIDATE; ledgerHash: ""\341\310\354\0213\033\013\350\207z\236R(|z&\034\335\266\323\356\205\273DV\210\254\213T\rZ\347""; nodeIDs: ""\000\000\000\000\000\000\000\000\000\000\000\000\000\000\000\000\000\000\000\000\000\000\000\000\000\000\000\000\000\000\000\000\000""; queryType: qtINDIRECT; queryDepth: 3; "
1750527540559,1750527540559,3128,1,2,4,TMValidation,"validation: """"\200\000\000\001&\000\000\000\007)/\351\252\261:p\210\265\307-\212\200\004Q\033@\177e\277\016\010u\327\371&\262\312\317Q\2361t\377x\234\001v\003%\030\325_\225g\204\346P\027\363\262\310\025\251\261\276X\247\260J\221\345\357\037\231)|\321K\000\\326E\004\377\005\255""A?\250P\031\360\215\2502\265\245\310\226\243c\302Ze\306\253#r\020\211\320iG\276\020E\317\035Sf\223F\254s!\002\364d\217\366\217|\316F\232\231\241\n\261\333`\312O\367\235\025DD\336e\367\n\312\326\221\037\025\230vG0E\002!\000\216\326""\204\002,\317\244\026G\025Ut\273rs6K\330\375\326~\035\001q0\023\210-/f#\002 '\035o\205\030\010\013\036\360+\231\365\333!\254Yg3X\251@\301|r\252bB&\261\341\2410""; ","validation: """"\200\000\000\001&\000\000\000\007)/\351\252\261:p\210\265\307-\212\200\004Q\033@\177e\277\016\010u\327\371&\262\312\317Q\2361t\377x\234\001v\003%\030\325_\225g\204\346P\027\363\262\310\025\251\261\276X\247\260J\221\345\357\037\231)|\321K\000\\326E\004\377\005\255""A?\250P\031\360\215\2502\265\245\310\226\243c\302Ze\306\253#r\020\211\320iG\276\020E\317\035Sf\223F\254s!\002\364d\217\366\217|\316F\232\231\241\n\261\333`\312O\367\235\025DD\336e\367\n\312\326\221\037\025\230vG0E\002!\000\216\326""\204\002,\317\244\026G\025Ut\273rs6K\330\375\326~\035\001q0\023\210-/f#\002 '\035o\205\030\010\013\036\360+\231\365\333!\254Yg3X\251@\301|r\252bB&\261\341\2410""; "
1750527540559,1750527540559,446,1,2,0,TMValidation,"validation: """"\200\000\000\001&\000\000\000\007)/\351\252\261:p\210\265\307-\212\200\004Q\033@\177e\277\016\010u\327\371&\262\312\317Q\2361t\377x\234\001v\003%\030\325_\225g\204\346P\027\363\262\310\025\251\261\276X\247\260J\221\345\357\037\231)|\321K\000\\326E\004\377\005\255""A?\250P\031\360\215\2502\265\245\310\226\243c\302Ze\306\253#r\020\211\320iG\276\020E\317\035Sf\223F\254s!\002\364d\217\366\217|\316F\232\231\241\n\261\333`\312O\367\235\025DD\336e\367\n\312\326\221\037\025\230vG0E\002!\000\216\326""\204\002,\317\244\026G\025Ut\273rs6K\330\375\326~\035\001q0\023\210-/f#\002 '\035o\205\030\010\013\036\360+\231\365\333!\254Yg3X\251@\301|r\252bB&\261\341\2410""; ","validation: """"\200\000\000\001&\000\000\000\007)/\351\252\261:p\210\265\307-\212\200\004Q\033@\177e\277\016\010u\327\371&\262\312\317Q\2361t\377x\234\001v\003%\030\325_\225g\204\346P\027\363\262\310\025\251\261\276X\247\260J\221\345\357\037\231)|\321K\000\\326E\004\377\005\255""A?\250P\031\360\215\2502\265\245\310\226\243c\302Ze\306\253#r\020\211\320iG\276\020E\317\035Sf\223F\254s!\002\364d\217\366\217|\316F\232\231\241\n\261\333`\312O\367\235\025DD\336e\367\n\312\326\221\037\025\230vG0E\002!\000\216\326""\204\002,\317\244\026G\025Ut\273rs6K\330\375\326~\035\001q0\023\210-/f#\002 '\035o\205\030\010\013\036\360+\231\365\333!\254Yg3X\251@\301|r\252bB&\261\341\2410""; "
1750527540562,1750527540562,3375,1,0,1,TMGetLedger,"itype: liTS_CANDIDATE; ledgerHash: ""\341\310\354\0213\033\013\350\207z\236R(|z&\034\335\266\323\356\205\273DV\210\254\213T\rZ\347""; nodeIDs: ""\000\000\000\000\000\000\000\000\000\000\000\000\000\000\000\000\000\000\000\000\000\000\000\000\000\000\000\000\000\000\000\000\000""; requestCookie: 5; queryType: qtINDIRECT; queryDepth: 3; ","itype: liTS_CANDIDATE; ledgerHash: ""\341\310\354\0213\033\013\350\207z\236R(|z&\034\335\266\323\356\205\273DV\210\254\213T\rZ\347""; nodeIDs: ""\000\000\000\000\000\000\000\000\000\000\000\000\000\000\000\000\000\000\000\000\000\000\000\000\000\000\000\000\000\000\000\000\000""; requestCookie: 5; queryType: qtINDIRECT; queryDepth: 3; "
1750527540563,1750527540563,4000,1,2,3,TMGetLedger,"itype: liTS_CANDIDATE; ledgerHash: ""\363\262\310\025\251\261\276X\247\260J\221\345\357\037\231)|\321K\000\\326E\004\377\005\255""A?\250""; nodeIDs: ""\000\000\000\000\000\000\000\000\000\000\000\000\000\000\000\000\000\000\000\000\000\000\000\000\000\000\000\000\000\000\000\000\000""; requestCookie: 2; queryType: qtINDIRECT; queryDepth: 3; ","itype: liTS_CANDIDATE; ledgerHash: ""\363\262\310\025\251\261\276X\247\260J\221\345\357\037\231)|\321K\000\\326E\004\377\005\255""A?\250""; nodeIDs: ""\000\000\000\000\000\000\000\000\000\000\000\000\000\000\000\000\000\000\000\000\000\000\000\000\000\000\000\000\000\000\000\000\000""; requestCookie: 2; queryType: qtINDIRECT; queryDepth: 3; "
1750527540566,1750527540566,1769,1,2,1,TMLedgerData,"ledgerHash: ""[\000\302\314\326\214\276@c\240\272\222{\363\314\032\213\311\316\246/\330\302\014>\022\346\234\347\264\270\350""; ledgerSeq: 0; type: liTS_CANDIDATE; nodes {;   nodedata: ""\002i\361\030\371\256\265\036\320\273\013\357<\215/(\215[\231D\357Gd\372\270\316\261\301\342\327\225\241\000GZ\227\022t\201\240u\2324P\027\307M\337'Y\361[IAD\351\374!\232\005\337\376\252\251g\004\003"";   nodeid: ""\000\000\000\000\000\000\000\000\000\000\000\000\000\000\000\000\000\000\000\000\000\000\000\000\000\000\000\000\000\000\000\000\000""; }; ","ledgerHash: ""[\000\302\314\326\214\276@c\240\272\222{\363\314\032\213\311\316\246/\330\302\014>\022\346\234\347\264\270\350""; ledgerSeq: 0; type: liTS_CANDIDATE; nodes {;   nodedata: ""\002i\361\030\371\256\265\036\320\273\013\357<\215/(\215[\231D\357Gd\372\270\316\261\301\342\327\225\241\000GZ\227\022t\201\240u\2324P\027\307M\337'Y\361[IAD\351\374!\232\005\337\376\252\251g\004\003"";   nodeid: ""\000\000\000\000\000\000\000\000\000\000\000\000\000\000\000\000\000\000\000\000\000\000\000\000\000\000\000\000\000\000\000\000\000""; }; "
1750527540567,1750527540567,340,1,2,1,TMValidation,"validation: """"\200\000\000\001&\000\000\000\007)/\351\252\261:p\210\265\307-\212\200\004Q\033@\177e\277\016\010u\327\371&\262\312\317Q\2361t\377x\234\001v\003%\030\325_\225g\204\346P\027\363\262\310\025\251\261\276X\247\260J\221\345\357\037\231)|\321K\000\\326E\004\377\005\255""A?\250P\031\360\215\2502\265\245\310\226\243c\302Ze\306\253#r\020\211\320iG\276\020E\317\035Sf\223F\254s!\002\364d\217\366\217|\316F\232\231\241\n\261\333`\312O\367\235\025DD\336e\367\n\312\326\221\037\025\230vG0E\002!\000\216\326""\204\002,\317\244\026G\025Ut\273rs6K\330\375\326~\035\001q0\023\210-/f#\002 '\035o\205\030\010\013\036\360+\231\365\333!\254Yg3X\251@\301|r\252bB&\261\341\2410""; ","validation: """"\200\000\000\001&\000\000\000\007)/\351\252\261:p\210\265\307-\212\200\004Q\033@\177e\277\016\010u\327\371&\262\312\317Q\2361t\377x\234\001v\003%\030\325_\225g\204\346P\027\363\262\310\025\251\261\276X\247\260J\221\345\357\037\231)|\321K\000\\326E\004\377\005\255""A?\250P\031\360\215\2502\265\245\310\226\243c\302Ze\306\253#r\020\211\320iG\276\020E\317\035Sf\223F\254s!\002\364d\217\366\217|\316F\232\231\241\n\261\333`\312O\367\235\025DD\336e\367\n\312\326\221\037\025\230vG0E\002!\000\216\326""\204\002,\317\244\026G\025Ut\273rs6K\330\375\326~\035\001q0\023\210-/f#\002 '\035o\205\030\010\013\036\360+\231\365\333!\254Yg3X\251@\301|r\252bB&\261\341\2410""; "
1750527540566,1750527540567,1544,1,2,1,TMGetLedger,"itype: liTS_CANDIDATE; ledgerHash: ""\341\310\354\0213\033\013\350\207z\236R(|z&\034\335\266\323\356\205\273DV\210\254\213T\rZ\347""; nodeIDs: ""\000\000\000\000\000\000\000\000\000\000\000\000\000\000\000\000\000\000\000\000\000\000\000\000\000\000\000\000\000\000\000\000\000""; requestCookie: 4; queryType: qtINDIRECT; queryDepth: 3; ","itype: liTS_CANDIDATE; ledgerHash: ""\341\310\354\0213\033\013\350\207z\236R(|z&\034\335\266\323\356\205\273DV\210\254\213T\rZ\347""; nodeIDs: ""\000\000\000\000\000\000\000\000\000\000\000\000\000\000\000\000\000\000\000\000\000\000\000\000\000\000\000\000\000\000\000\000\000""; requestCookie: 4; queryType: qtINDIRECT; queryDepth: 3; "
1750527540566,1750527540566,1544,1,2,1,TMGetLedger,"itype: liTS_CANDIDATE; ledgerHash: ""\341\310\354\0213\033\013\350\207z\236R(|z&\034\335\266\323\356\205\273DV\210\254\213T\rZ\347""; nodeIDs: ""\000\000\000\000\000\000\000\000\000\000\000\000\000\000\000\000\000\000\000\000\000\000\000\000\000\000\000\000\000\000\000\000\000""; queryType: qtINDIRECT; queryDepth: 3; ","itype: liTS_CANDIDATE; ledgerHash: ""\341\310\354\0213\033\013\350\207z\236R(|z&\034\335\266\323\356\205\273DV\210\254\213T\rZ\347""; nodeIDs: ""\000\000\000\000\000\000\000\000\000\000\000\000\000\000\000\000\000\000\000\000\000\000\000\000\000\000\000\000\000\000\000\000\000""; queryType: qtINDIRECT; queryDepth: 3; "
1750527540583,1750527540583,3578,1,1,3,TMLedgerData,"ledgerHash: ""\341\310\354\0213\033\013\350\207z\236R(|z&\034\335\266\323\356\205\273DV\210\254\213T\rZ\347""; ledgerSeq: 0; type: liTS_CANDIDATE; nodes {;   nodedata: ""\256\322m\2146\221\305\341\316\031h?\276\005\207\253\236\tL;\371W\315\233X\345O\203\332\240\005\360\n\003"";   nodeid: ""\000\000\000\000\000\000\000\000\000\000\000\000\000\000\000\000\000\000\000\000\000\000\000\000\000\000\000\000\000\000\000\000\000""; }; ","ledgerHash: ""\341\310\354\0213\033\013\350\207z\236R(|z&\034\335\266\323\356\205\273DV\210\254\213T\rZ\347""; ledgerSeq: 0; type: liTS_CANDIDATE; nodes {;   nodedata: ""\256\322m\2146\221\305\341\316\031h?\276\005\207\253\236\tL;\371W\315\233X\345O\203\332\240\005\360\n\003"";   nodeid: ""\000\000\000\000\000\000\000\000\000\000\000\000\000\000\000\000\000\000\000\000\000\000\000\000\000\000\000\000\000\000\000\000\000""; }; "
1750527540588,1750527540588,1544,1,2,1,TMGetLedger,"itype: liTS_CANDIDATE; ledgerHash: ""\341\310\354\0213\033\013\350\207z\236R(|z&\034\335\266\323\356\205\273DV\210\254\213T\rZ\347""; nodeIDs: ""\000\000\000\000\000\000\000\000\000\000\000\000\000\000\000\000\000\000\000\000\000\000\000\000\000\000\000\000\000\000\000\000\000""; requestCookie: 2; queryType: qtINDIRECT; queryDepth: 3; ","itype: liTS_CANDIDATE; ledgerHash: ""\341\310\354\0213\033\013\350\207z\236R(|z&\034\335\266\323\356\205\273DV\210\254\213T\rZ\347""; nodeIDs: ""\000\000\000\000\000\000\000\000\000\000\000\000\000\000\000\000\000\000\000\000\000\000\000\000\000\000\000\000\000\000\000\000\000""; requestCookie: 2; queryType: qtINDIRECT; queryDepth: 3; "
1750527540588,1750527540588,1968,1,1,2,TMLedgerData,"ledgerHash: ""\341\310\354\0213\033\013\350\207z\236R(|z&\034\335\266\323\356\205\273DV\210\254\213T\rZ\347""; ledgerSeq: 0; type: liTS_CANDIDATE; nodes {;   nodedata: ""\256\322m\2146\221\305\341\316\031h?\276\005\207\253\236\tL;\371W\315\233X\345O\203\332\240\005\360\n\003"";   nodeid: ""\000\000\000\000\000\000\000\000\000\000\000\000\000\000\000\000\000\000\000\000\000\000\000\000\000\000\000\000\000\000\000\000\000""; }; ","ledgerHash: ""\341\310\354\0213\033\013\350\207z\236R(|z&\034\335\266\323\356\205\273DV\210\254\213T\rZ\347""; ledgerSeq: 0; type: liTS_CANDIDATE; nodes {;   nodedata: ""\256\322m\2146\221\305\341\316\031h?\276\005\207\253\236\tL;\371W\315\233X\345O\203\332\240\005\360\n\003"";   nodeid: ""\000\000\000\000\000\000\000\000\000\000\000\000\000\000\000\000\000\000\000\000\000\000\000\000\000\000\000\000\000\000\000\000\000""; }; "
1750527540597,1750527540597,1996,1,0,4,TMLedgerData,"ledgerHash: ""3\321\n7\354)\tf\006\357\205B<h\272GQ \344\262\236\025#\003\024&\310\034\352\376\326""; ledgerSeq: 0; type: liTS_CANDIDATE; nodes {;   nodedata: ""'\240~~s\033\202\356\320\307\177Nt\203\315\245\305\276b\265\310\271\3319\245:\342=c\267\265\233\002\003"";   nodeid: ""\000\000\000\000\000\000\000\000\000\000\000\000\000\000\000\000\000\000\000\000\000\000\000\000\000\000\000\000\000\000\000\000\000""; }; requestCookie: 4; ","ledgerHash: ""3\321\n7\354)\tf\006\357\205B<h\272GQ \344\262\236\025#\003\024&\310\034\352\376\326""; ledgerSeq: 0; type: liTS_CANDIDATE; nodes {;   nodedata: ""'\240~~s\033\202\356\320\307\177Nt\203\315\245\305\276b\265\310\271\3319\245:\342=c\267\265\233\002\003"";   nodeid: ""\000\000\000\000\000\000\000\000\000\000\000\000\000\000\000\000\000\000\000\000\000\000\000\000\000\000\000\000\000\000\000\000\000""; }; requestCookie: 4; "
1750527540598,1750527540598,1996,1,0,4,TMLedgerData,"ledgerHash: ""3\321\n7\354)\tf\006\357\205B<h\272GQ \344\262\236\025#\003\024&\310\034\352\376\326""; ledgerSeq: 0; type: liTS_CANDIDATE; nodes {;   nodedata: ""'\240~~s\033\202\356\320\307\177Nt\203\315\245\305\276b\265\310\271\3319\245:\342=c\267\265\233\002\003"";   nodeid: ""\000\000\000\000\000\000\000\000\000\000\000\000\000\000\000\000\000\000\000\000\000\000\000\000\000\000\000\000\000\000\000\000\000""; }; ","ledgerHash: ""3\321\n7\354)\tf\006\357\205B<h\272GQ \344\262\236\025#\003\024&\310\034\352\376\326""; ledgerSeq: 0; type: liTS_CANDIDATE; nodes {;   nodedata: ""'\240~~s\033\202\356\320\307\177Nt\203\315\245\305\276b\265\310\271\3319\245:\342=c\267\265\233\002\003"";   nodeid: ""\000\000\000\000\000\000\000\000\000\000\000\000\000\000\000\000\000\000\000\000\000\000\000\000\000\000\000\000\000\000\000\000\000""; }; "
1750527540613,1750527540613,1199,1,0,2,TMGetLedger,"itype: liTS_CANDIDATE; ledgerHash: ""\363\262\310\025\251\261\276X\247\260J\221\345\357\037\231)|\321K\000\\326E\004\377\005\255""A?\250""; nodeIDs: ""\000\000\000\000\000\000\000\000\000\000\000\000\000\000\000\000\000\000\000\000\000\000\000\000\000\000\000\000\000\000\000\000\000""; queryType: qtINDIRECT; queryDepth: 3; ","itype: liTS_CANDIDATE; ledgerHash: ""\363\262\310\025\251\261\276X\247\260J\221\345\357\037\231)|\321K\000\\326E\004\377\005\255""A?\250""; nodeIDs: ""\000\000\000\000\000\000\000\000\000\000\000\000\000\000\000\000\000\000\000\000\000\000\000\000\000\000\000\000\000\000\000\000\000""; queryType: qtINDIRECT; queryDepth: 3; "
1750527540614,1750527540614,3375,1,0,1,TMGetLedger,"itype: liTS_CANDIDATE; ledgerHash: ""\363\262\310\025\251\261\276X\247\260J\221\345\357\037\231)|\321K\000\\326E\004\377\005\255""A?\250""; nodeIDs: ""\000\000\000\000\000\000\000\000\000\000\000\000\000\000\000\000\000\000\000\000\000\000\000\000\000\000\000\000\000\000\000\000\000""; queryType: qtINDIRECT; queryDepth: 3; ","itype: liTS_CANDIDATE; ledgerHash: ""\363\262\310\025\251\261\276X\247\260J\221\345\357\037\231)|\321K\000\\326E\004\377\005\255""A?\250""; nodeIDs: ""\000\000\000\000\000\000\000\000\000\000\000\000\000\000\000\000\000\000\000\000\000\000\000\000\000\000\000\000\000\000\000\000\000""; queryType: qtINDIRECT; queryDepth: 3; "
1750527540615,1750527540615,3094,1,0,3,TMGetLedger,"itype: liTS_CANDIDATE; ledgerHash: ""\363\262\310\025\251\261\276X\247\260J\221\345\357\037\231)|\321K\000\\326E\004\377\005\255""A?\250""; nodeIDs: ""\000\000\000\000\000\000\000\000\000\000\000\000\000\000\000\000\000\000\000\000\000\000\000\000\000\000\000\000\000\000\000\000\000""; queryType: qtINDIRECT; queryDepth: 3; ","itype: liTS_CANDIDATE; ledgerHash: ""\363\262\310\025\251\261\276X\247\260J\221\345\357\037\231)|\321K\000\\326E\004\377\005\255""A?\250""; nodeIDs: ""\000\000\000\000\000\000\000\000\000\000\000\000\000\000\000\000\000\000\000\000\000\000\000\000\000\000\000\000\000\000\000\000\000""; queryType: qtINDIRECT; queryDepth: 3; "
1750527540625,1750527540625,1782,1,1,4,TMLedgerData,"ledgerHash: ""\341\310\354\0213\033\013\350\207z\236R(|z&\034\335\266\323\356\205\273DV\210\254\213T\rZ\347""; ledgerSeq: 0; type: liTS_CANDIDATE; nodes {;   nodedata: ""\256\322m\2146\221\305\341\316\031h?\276\005\207\253\236\tL;\371W\315\233X\345O\203\332\240\005\360\n\003"";   nodeid: ""\000\000\000\000\000\000\000\000\000\000\000\000\000\000\000\000\000\000\000\000\000\000\000\000\000\000\000\000\000\000\000\000\000""; }; requestCookie: 4; ","ledgerHash: ""\341\310\354\0213\033\013\350\207z\236R(|z&\034\335\266\323\356\205\273DV\210\254\213T\rZ\347""; ledgerSeq: 0; type: liTS_CANDIDATE; nodes {;   nodedata: ""\256\322m\2146\221\305\341\316\031h?\276\005\207\253\236\tL;\371W\315\233X\345O\203\332\240\005\360\n\003"";   nodeid: ""\000\000\000\000\000\000\000\000\000\000\000\000\000\000\000\000\000\000\000\000\000\000\000\000\000\000\000\000\000\000\000\000\000""; }; requestCookie: 4; "
1750527540633,1750527540633,3375,1,0,1,TMGetLedger,"itype: liTS_CANDIDATE; ledgerHash: ""\341\310\354\0213\033\013\350\207z\236R(|z&\034\335\266\323\356\205\273DV\210\254\213T\rZ\347""; nodeIDs: ""\000\000\000\000\000\000\000\000\000\000\000\000\000\000\000\000\000\000\000\000\000\000\000\000\000\000\000\000\000\000\000\000\000""; requestCookie: 3; queryType: qtINDIRECT; queryDepth: 3; ","itype: liTS_CANDIDATE; ledgerHash: ""\341\310\354\0213\033\013\350\207z\236R(|z&\034\335\266\323\356\205\273DV\210\254\213T\rZ\347""; nodeIDs: ""\000\000\000\000\000\000\000\000\000\000\000\000\000\000\000\000\000\000\000\000\000\000\000\000\000\000\000\000\000\000\000\000\000""; requestCookie: 3; queryType: qtINDIRECT; queryDepth: 3; "
1750527540636,1750527540636,3375,1,0,1,TMGetLedger,"itype: liTS_CANDIDATE; ledgerHash: ""\341\310\354\0213\033\013\350\207z\236R(|z&\034\335\266\323\356\205\273DV\210\254\213T\rZ\347""; nodeIDs: ""\000\000\000\000\000\000\000\000\000\000\000\000\000\000\000\000\000\000\000\000\000\000\000\000\000\000\000\000\000\000\000\000\000""; requestCookie: 4; queryType: qtINDIRECT; queryDepth: 3; ","itype: liTS_CANDIDATE; ledgerHash: ""\341\310\354\0213\033\013\350\207z\236R(|z&\034\335\266\323\356\205\273DV\210\254\213T\rZ\347""; nodeIDs: ""\000\000\000\000\000\000\000\000\000\000\000\000\000\000\000\000\000\000\000\000\000\000\000\000\000\000\000\000\000\000\000\000\000""; requestCookie: 4; queryType: qtINDIRECT; queryDepth: 3; "
1750527540638,1750527540638,1199,1,0,2,TMGetLedger,"itype: liTS_CANDIDATE; ledgerHash: ""\341\310\354\0213\033\013\350\207z\236R(|z&\034\335\266\323\356\205\273DV\210\254\213T\rZ\347""; nodeIDs: ""\000\000\000\000\000\000\000\000\000\000\000\000\000\000\000\000\000\000\000\000\000\000\000\000\000\000\000\000\000\000\000\000\000""; queryType: qtINDIRECT; queryDepth: 3; ","itype: liTS_CANDIDATE; ledgerHash: ""\341\310\354\0213\033\013\350\207z\236R(|z&\034\335\266\323\356\205\273DV\210\254\213T\rZ\347""; nodeIDs: ""\000\000\000\000\000\000\000\000\000\000\000\000\000\000\000\000\000\000\000\000\000\000\000\000\000\000\000\000\000\000\000\000\000""; queryType: qtINDIRECT; queryDepth: 3; "
1750527540639,1750527540639,3375,1,0,1,TMGetLedger,"itype: liTS_CANDIDATE; ledgerHash: ""\341\310\354\0213\033\013\350\207z\236R(|z&\034\335\266\323\356\205\273DV\210\254\213T\rZ\347""; nodeIDs: ""\000\000\000\000\000\000\000\000\000\000\000\000\000\000\000\000\000\000\000\000\000\000\000\000\000\000\000\000\000\000\000\000\000""; queryType: qtINDIRECT; queryDepth: 3; ","itype: liTS_CANDIDATE; ledgerHash: ""\341\310\354\0213\033\013\350\207z\236R(|z&\034\335\266\323\356\205\273DV\210\254\213T\rZ\347""; nodeIDs: ""\000\000\000\000\000\000\000\000\000\000\000\000\000\000\000\000\000\000\000\000\000\000\000\000\000\000\000\000\000\000\000\000\000""; queryType: qtINDIRECT; queryDepth: 3; "
1750527540639,1750527540639,3094,1,0,3,TMGetLedger,"itype: liTS_CANDIDATE; ledgerHash: ""\341\310\354\0213\033\013\350\207z\236R(|z&\034\335\266\323\356\205\273DV\210\254\213T\rZ\347""; nodeIDs: ""\000\000\000\000\000\000\000\000\000\000\000\000\000\000\000\000\000\000\000\000\000\000\000\000\000\000\000\000\000\000\000\000\000""; queryType: qtINDIRECT; queryDepth: 3; ","itype: liTS_CANDIDATE; ledgerHash: ""\341\310\354\0213\033\013\350\207z\236R(|z&\034\335\266\323\356\205\273DV\210\254\213T\rZ\347""; nodeIDs: ""\000\000\000\000\000\000\000\000\000\000\000\000\000\000\000\000\000\000\000\000\000\000\000\000\000\000\000\000\000\000\000\000\000""; queryType: qtINDIRECT; queryDepth: 3; "
1750527540642,1750527540642,380,1,0,4,TMGetLedger,"itype: liTS_CANDIDATE; ledgerHash: ""\363\262\310\025\251\261\276X\247\260J\221\345\357\037\231)|\321K\000\\326E\004\377\005\255""A?\250""; nodeIDs: ""\000\000\000\000\000\000\000\000\000\000\000\000\000\000\000\000\000\000\000\000\000\000\000\000\000\000\000\000\000\000\000\000\000""; queryType: qtINDIRECT; queryDepth: 3; ","itype: liTS_CANDIDATE; ledgerHash: ""\363\262\310\025\251\261\276X\247\260J\221\345\357\037\231)|\321K\000\\326E\004\377\005\255""A?\250""; nodeIDs: ""\000\000\000\000\000\000\000\000\000\000\000\000\000\000\000\000\000\000\000\000\000\000\000\000\000\000\000\000\000\000\000\000\000""; queryType: qtINDIRECT; queryDepth: 3; "
1750527540642,1750527540642,380,1,0,4,TMGetLedger,"itype: liTS_CANDIDATE; ledgerHash: ""\341\310\354\0213\033\013\350\207z\236R(|z&\034\335\266\323\356\205\273DV\210\254\213T\rZ\347""; nodeIDs: ""\000\000\000\000\000\000\000\000\000\000\000\000\000\000\000\000\000\000\000\000\000\000\000\000\000\000\000\000\000\000\000\000\000""; queryType: qtINDIRECT; queryDepth: 3; ","itype: liTS_CANDIDATE; ledgerHash: ""\341\310\354\0213\033\013\350\207z\236R(|z&\034\335\266\323\356\205\273DV\210\254\213T\rZ\347""; nodeIDs: ""\000\000\000\000\000\000\000\000\000\000\000\000\000\000\000\000\000\000\000\000\000\000\000\000\000\000\000\000\000\000\000\000\000""; queryType: qtINDIRECT; queryDepth: 3; "
1750527540648,1750527540648,612,1,2,0,TMLedgerData,"ledgerHash: ""\276\230H\305\2714\032l\253n6W\035\354\257.f\r\217\302\203\224\212L\020\S\370\243OP*""; ledgerSeq: 7; type: liBASE; nodes {;   nodedata: ""\000\000\000\007\001cEx]\211\377\342\360\215\2502\265\245\310\226\243c\302Ze\306\253#r\020\211\320iG\276\020E\317\035Sf\223F\254\000\000\000\000\000\000\000\000\000\000\000\000\000\000\000\000\000\000\000\000\000\000\000\000\000\000\000\000\000\000\000\000\302r\207\007\303\237KvzB\356\335\030k\303\312\246:\352\202\037\210\2545\307\004\232\232\026\223SW/\351\252\253/\351\252\264\n\000""; }; nodes {;   nodedata: ""\341\035\262xv\226\317f5\366\365\252a\177\355\302\326\t\222~j\320f\374/ \363\256\257\361 \303\001\301\025%1L\307\t\261\262z\374\222T\301\274V\236\223\262\270Ct\362\337b\356\024*\324\320\351\317\002k\336\234\027v\351\217\260\303\360\233ZPZWr\246$w\313\313\r\243r\232\2234\373\3539:N\004;tP\302\307\005x\n\302lQ\275\237<g\321\233$\274p\355\310J\230\370\306\264\314\367C\275\272\006E\344\037@\210\363\010\336T\226\247'\204_{\261\370""1\235\2445\343\033Y!\212\201\341\272\225'\007Z\314\023h\n\020~\036\324P\254\001\274\227n\020\273\023\010\nq\216Z\344\004\3612B\205\257\335\036\013\003""; }; requestCookie: 4; ","ledgerHash: ""\276\230H\305\2714\032l\253n6W\035\354\257.f\r\217\302\203\224\212L\020\S\370\243OP*""; ledgerSeq: 7; type: liBASE; nodes {;   nodedata: ""\000\000\000\007\001cEx]\211\377\342\360\215\2502\265\245\310\226\243c\302Ze\306\253#r\020\211\320iG\276\020E\317\035Sf\223F\254\000\000\000\000\000\000\000\000\000\000\000\000\000\000\000\000\000\000\000\000\000\000\000\000\000\000\000\000\000\000\000\000\302r\207\007\303\237KvzB\356\335\030k\303\312\246:\352\202\037\210\2545\307\004\232\232\026\223SW/\351\252\253/\351\252\264\n\000""; }; nodes {;   nodedata: ""\341\035\262xv\226\317f5\366\365\252a\177\355\302\326\t\222~j\320f\374/ \363\256\257\361 \303\001\301\025%1L\307\t\261\262z\374\222T\301\274V\236\223\262\270Ct\362\337b\356\024*\324\320\351\317\002k\336\234\027v\351\217\260\303\360\233ZPZWr\246$w\313\313\r\243r\232\2234\373\3539:N\004;tP\302\307\005x\n\302lQ\275\237<g\321\233$\274p\355\310J\230\370\306\264\314\367C\275\272\006E\344\037@\210\363\010\336T\226\247'\204_{\261\370""1\235\2445\343\033Y!\212\201\341\272\225'\007Z\314\023h\n\020~\036\324P\254\001\274\227n\020\273\023\010\nq\216Z\344\004\3612B\205\257\335\036\013\003""; }; requestCookie: 4; "
1750527540690,1750527540690,589,1,2,0,TMGetLedger,"itype: liTS_CANDIDATE; ledgerHash: ""3\321\n7\354)\tf\006\357\205B<h\272GQ \344\262\236\025#\003\024&\310\034\352\376\326""; nodeIDs: ""\000\000\000\000\000\000\000\000\000\000\000\000\000\000\000\000\000\000\000\000\000\000\000\000\000\000\000\000\000\000\000\000\000""; requestCookie: 4; queryType: qtINDIRECT; queryDepth: 3; ","itype: liTS_CANDIDATE; ledgerHash: ""3\321\n7\354)\tf\006\357\205B<h\272GQ \344\262\236\025#\003\024&\310\034\352\376\326""; nodeIDs: ""\000\000\000\000\000\000\000\000\000\000\000\000\000\000\000\000\000\000\000\000\000\000\000\000\000\000\000\000\000\000\000\000\000""; requestCookie: 4; queryType: qtINDIRECT; queryDepth: 3; "
1750527540690,1750527540690,1544,1,2,1,TMGetLedger,"itype: liTS_CANDIDATE; ledgerHash: ""\341\310\354\0213\033\013\350\207z\236R(|z&\034\335\266\323\356\205\273DV\210\254\213T\rZ\347""; nodeIDs: ""\000\000\000\000\000\000\000\000\000\000\000\000\000\000\000\000\000\000\000\000\000\000\000\000\000\000\000\000\000\000\000\000\000""; requestCookie: 5; queryType: qtINDIRECT; queryDepth: 3; ","itype: liTS_CANDIDATE; ledgerHash: ""\341\310\354\0213\033\013\350\207z\236R(|z&\034\335\266\323\356\205\273DV\210\254\213T\rZ\347""; nodeIDs: ""\000\000\000\000\000\000\000\000\000\000\000\000\000\000\000\000\000\000\000\000\000\000\000\000\000\000\000\000\000\000\000\000\000""; requestCookie: 5; queryType: qtINDIRECT; queryDepth: 3; "
1750527540707,1750527540707,3085,1,3,0,TMLedgerData,"ledgerHash: ""\363\262\310\025\251\261\276X\247\260J\221\345\357\037\231)|\321K\000\\326E\004\377\005\255""A?\250""; ledgerSeq: 0; type: liTS_CANDIDATE; nodes {;   nodedata: ""MJ\275'\324\005\036\313\204nW\300\362\327\016\205\236\021\351Q6\021\355\301\372\322\276g\026\243\361M\004\003"";   nodeid: ""\000\000\000\000\000\000\000\000\000\000\000\000\000\000\000\000\000\000\000\000\000\000\000\000\000\000\000\000\000\000\000\000\000""; }; ","ledgerHash: ""\363\262\310\025\251\261\276X\247\260J\221\345\357\037\231)|\321K\000\\326E\004\377\005\255""A?\250""; ledgerSeq: 0; type: liTS_CANDIDATE; nodes {;   nodedata: ""MJ\275'\324\005\036\313\204nW\300\362\327\016\205\236\021\351Q6\021\355\301\372\322\276g\026\243\361M\004\003"";   nodeid: ""\000\000\000\000\000\000\000\000\000\000\000\000\000\000\000\000\000\000\000\000\000\000\000\000\000\000\000\000\000\000\000\000\000""; }; "
1750527540732,1750527540732,1782,1,1,4,TMLedgerData,"ledgerHash: ""\341\310\354\0213\033\013\350\207z\236R(|z&\034\335\266\323\356\205\273DV\210\254\213T\rZ\347""; ledgerSeq: 0; type: liTS_CANDIDATE; nodes {;   nodedata: ""\256\322m\2146\221\305\341\316\031h?\276\005\207\253\236\tL;\371W\315\233X\345O\203\332\240\005\360\n\003"";   nodeid: ""\000\000\000\000\000\000\000\000\000\000\000\000\000\000\000\000\000\000\000\000\000\000\000\000\000\000\000\000\000\000\000\000\000""; }; ","ledgerHash: ""\341\310\354\0213\033\013\350\207z\236R(|z&\034\335\266\323\356\205\273DV\210\254\213T\rZ\347""; ledgerSeq: 0; type: liTS_CANDIDATE; nodes {;   nodedata: ""\256\322m\2146\221\305\341\316\031h?\276\005\207\253\236\tL;\371W\315\233X\345O\203\332\240\005\360\n\003"";   nodeid: ""\000\000\000\000\000\000\000\000\000\000\000\000\000\000\000\000\000\000\000\000\000\000\000\000\000\000\000\000\000\000\000\000\000""; }; "
1750527540733,1750527540733,4000,1,2,3,TMGetLedger,"itype: liTS_CANDIDATE; ledgerHash: ""3\321\n7\354)\tf\006\357\205B<h\272GQ \344\262\236\025#\003\024&\310\034\352\376\326""; nodeIDs: ""\000\000\000\000\000\000\000\000\000\000\000\000\000\000\000\000\000\000\000\000\000\000\000\000\000\000\000\000\000\000\000\000\000""; requestCookie: 5; queryType: qtINDIRECT; queryDepth: 3; ","itype: liTS_CANDIDATE; ledgerHash: ""3\321\n7\354)\tf\006\357\205B<h\272GQ \344\262\236\025#\003\024&\310\034\352\376\326""; nodeIDs: ""\000\000\000\000\000\000\000\000\000\000\000\000\000\000\000\000\000\000\000\000\000\000\000\000\000\000\000\000\000\000\000\000\000""; requestCookie: 5; queryType: qtINDIRECT; queryDepth: 3; "
1750527540746,1750527540746,3378,1,4,0,TMLedgerData,"ledgerHash: ""\363\262\310\025\251\261\276X\247\260J\221\345\357\037\231)|\321K\000\\326E\004\377\005\255""A?\250""; ledgerSeq: 0; type: liTS_CANDIDATE; nodes {;   nodedata: ""MJ\275'\324\005\036\313\204nW\300\362\327\016\205\236\021\351Q6\021\355\301\372\322\276g\026\243\361M\004\003"";   nodeid: ""\000\000\000\000\000\000\000\000\000\000\000\000\000\000\000\000\000\000\000\000\000\000\000\000\000\000\000\000\000\000\000\000\000""; }; ","ledgerHash: ""\363\262\310\025\251\261\276X\247\260J\221\345\357\037\231)|\321K\000\\326E\004\377\005\255""A?\250""; ledgerSeq: 0; type: liTS_CANDIDATE; nodes {;   nodedata: ""MJ\275'\324\005\036\313\204nW\300\362\327\016\205\236\021\351Q6\021\355\301\372\322\276g\026\243\361M\004\003"";   nodeid: ""\000\000\000\000\000\000\000\000\000\000\000\000\000\000\000\000\000\000\000\000\000\000\000\000\000\000\000\000\000\000\000\000\000""; }; "
1750527540746,1750527540746,1199,1,0,2,TMGetLedger,"itype: liBASE; ledgerHash: ""\276\230H\305\2714\032l\253n6W\035\354\257.f\r\217\302\203\224\212L\020\S\370\243OP*""; requestCookie: 5; queryType: qtINDIRECT; ","itype: liBASE; ledgerHash: ""\276\230H\305\2714\032l\253n6W\035\354\257.f\r\217\302\203\224\212L\020\S\370\243OP*""; requestCookie: 5; queryType: qtINDIRECT; "
1750527540754,1750527540754,1131,1,3,0,TMGetLedger,"itype: liTS_CANDIDATE; ledgerHash: ""\341\310\354\0213\033\013\350\207z\236R(|z&\034\335\266\323\356\205\273DV\210\254\213T\rZ\347""; nodeIDs: ""\000\000\000\000\000\000\000\000\000\000\000\000\000\000\000\000\000\000\000\000\000\000\000\000\000\000\000\000\000\000\000\000\000""; queryType: qtINDIRECT; queryDepth: 3; ","itype: liTS_CANDIDATE; ledgerHash: ""\341\310\354\0213\033\013\350\207z\236R(|z&\034\335\266\323\356\205\273DV\210\254\213T\rZ\347""; nodeIDs: ""\000\000\000\000\000\000\000\000\000\000\000\000\000\000\000\000\000\000\000\000\000\000\000\000\000\000\000\000\000\000\000\000\000""; queryType: qtINDIRECT; queryDepth: 3; "
1750527540754,1750527540754,2079,1,3,1,TMGetLedger,"itype: liTS_CANDIDATE; ledgerHash: ""\341\310\354\0213\033\013\350\207z\236R(|z&\034\335\266\323\356\205\273DV\210\254\213T\rZ\347""; nodeIDs: ""\000\000\000\000\000\000\000\000\000\000\000\000\000\000\000\000\000\000\000\000\000\000\000\000\000\000\000\000\000\000\000\000\000""; queryType: qtINDIRECT; queryDepth: 3; ","itype: liTS_CANDIDATE; ledgerHash: ""\341\310\354\0213\033\013\350\207z\236R(|z&\034\335\266\323\356\205\273DV\210\254\213T\rZ\347""; nodeIDs: ""\000\000\000\000\000\000\000\000\000\000\000\000\000\000\000\000\000\000\000\000\000\000\000\000\000\000\000\000\000\000\000\000\000""; queryType: qtINDIRECT; queryDepth: 3; "
1750527540754,1750527540754,1019,1,3,4,TMGetLedger,"itype: liTS_CANDIDATE; ledgerHash: ""\341\310\354\0213\033\013\350\207z\236R(|z&\034\335\266\323\356\205\273DV\210\254\213T\rZ\347""; nodeIDs: ""\000\000\000\000\000\000\000\000\000\000\000\000\000\000\000\000\000\000\000\000\000\000\000\000\000\000\000\000\000\000\000\000\000""; queryType: qtINDIRECT; queryDepth: 3; ","itype: liTS_CANDIDATE; ledgerHash: ""\341\310\354\0213\033\013\350\207z\236R(|z&\034\335\266\323\356\205\273DV\210\254\213T\rZ\347""; nodeIDs: ""\000\000\000\000\000\000\000\000\000\000\000\000\000\000\000\000\000\000\000\000\000\000\000\000\000\000\000\000\000\000\000\000\000""; queryType: qtINDIRECT; queryDepth: 3; "
1750527540754,1750527540754,2794,1,3,2,TMGetLedger,"itype: liTS_CANDIDATE; ledgerHash: ""\341\310\354\0213\033\013\350\207z\236R(|z&\034\335\266\323\356\205\273DV\210\254\213T\rZ\347""; nodeIDs: ""\000\000\000\000\000\000\000\000\000\000\000\000\000\000\000\000\000\000\000\000\000\000\000\000\000\000\000\000\000\000\000\000\000""; queryType: qtINDIRECT; queryDepth: 3; ","itype: liTS_CANDIDATE; ledgerHash: ""\341\310\354\0213\033\013\350\207z\236R(|z&\034\335\266\323\356\205\273DV\210\254\213T\rZ\347""; nodeIDs: ""\000\000\000\000\000\000\000\000\000\000\000\000\000\000\000\000\000\000\000\000\000\000\000\000\000\000\000\000\000\000\000\000\000""; queryType: qtINDIRECT; queryDepth: 3; "
1750527540767,1750527540767,2920,1,1,0,TMGetLedger,"itype: liTS_CANDIDATE; ledgerHash: ""3\321\n7\354)\tf\006\357\205B<h\272GQ \344\262\236\025#\003\024&\310\034\352\376\326""; nodeIDs: ""\000\000\000\000\000\000\000\000\000\000\000\000\000\000\000\000\000\000\000\000\000\000\000\000\000\000\000\000\000\000\000\000\000""; requestCookie: 5; queryType: qtINDIRECT; queryDepth: 3; ","itype: liTS_CANDIDATE; ledgerHash: ""3\321\n7\354)\tf\006\357\205B<h\272GQ \344\262\236\025#\003\024&\310\034\352\376\326""; nodeIDs: ""\000\000\000\000\000\000\000\000\000\000\000\000\000\000\000\000\000\000\000\000\000\000\000\000\000\000\000\000\000\000\000\000\000""; requestCookie: 5; queryType: qtINDIRECT; queryDepth: 3; "
1750527540774,1750527540774,1769,1,2,1,TMLedgerData,"ledgerHash: ""[\000\302\314\326\214\276@c\240\272\222{\363\314\032\213\311\316\246/\330\302\014>\022\346\234\347\264\270\350""; ledgerSeq: 0; type: liTS_CANDIDATE; nodes {;   nodedata: ""\002i\361\030\371\256\265\036\320\273\013\357<\215/(\215[\231D\357Gd\372\270\316\261\301\342\327\225\241\000GZ\227\022t\201\240u\2324P\027\307M\337'Y\361[IAD\351\374!\232\005\337\376\252\251g\004\003"";   nodeid: ""\000\000\000\000\000\000\000\000\000\000\000\000\000\000\000\000\000\000\000\000\000\000\000\000\000\000\000\000\000\000\000\000\000""; }; ","ledgerHash: ""[\000\302\314\326\214\276@c\240\272\222{\363\314\032\213\311\316\246/\330\302\014>\022\346\234\347\264\270\350""; ledgerSeq: 0; type: liTS_CANDIDATE; nodes {;   nodedata: ""\002i\361\030\371\256\265\036\320\273\013\357<\215/(\215[\231D\357Gd\372\270\316\261\301\342\327\225\241\000GZ\227\022t\201\240u\2324P\027\307M\337'Y\361[IAD\351\374!\232\005\337\376\252\251g\004\003"";   nodeid: ""\000\000\000\000\000\000\000\000\000\000\000\000\000\000\000\000\000\000\000\000\000\000\000\000\000\000\000\000\000\000\000\000\000""; }; "
1750527540774,1750527540774,2764,1,4,3,TMLedgerData,"ledgerHash: ""\341\310\354\0213\033\013\350\207z\236R(|z&\034\335\266\323\356\205\273DV\210\254\213T\rZ\347""; ledgerSeq: 0; type: liTS_CANDIDATE; nodes {;   nodedata: ""\256\322m\2146\221\305\341\316\031h?\276\005\207\253\236\tL;\371W\315\233X\345O\203\332\240\005\360\n\003"";   nodeid: ""\000\000\000\000\000\000\000\000\000\000\000\000\000\000\000\000\000\000\000\000\000\000\000\000\000\000\000\000\000\000\000\000\000""; }; ","ledgerHash: ""\341\310\354\0213\033\013\350\207z\236R(|z&\034\335\266\323\356\205\273DV\210\254\213T\rZ\347""; ledgerSeq: 0; type: liTS_CANDIDATE; nodes {;   nodedata: ""\256\322m\2146\221\305\341\316\031h?\276\005\207\253\236\tL;\371W\315\233X\345O\203\332\240\005\360\n\003"";   nodeid: ""\000\000\000\000\000\000\000\000\000\000\000\000\000\000\000\000\000\000\000\000\000\000\000\000\000\000\000\000\000\000\000\000\000""; }; "
1750527540777,1750527540777,3818,1,0,2,TMLedgerData,"ledgerHash: ""3\321\n7\354)\tf\006\357\205B<h\272GQ \344\262\236\025#\003\024&\310\034\352\376\326""; ledgerSeq: 0; type: liTS_CANDIDATE; nodes {;   nodedata: ""'\240~~s\033\202\356\320\307\177Nt\203\315\245\305\276b\265\310\271\3319\245:\342=c\267\265\233\002\003"";   nodeid: ""\000\000\000\000\000\000\000\000\000\000\000\000\000\000\000\000\000\000\000\000\000\000\000\000\000\000\000\000\000\000\000\000\000""; }; requestCookie: 4; ","ledgerHash: ""3\321\n7\354)\tf\006\357\205B<h\272GQ \344\262\236\025#\003\024&\310\034\352\376\326""; ledgerSeq: 0; type: liTS_CANDIDATE; nodes {;   nodedata: ""'\240~~s\033\202\356\320\307\177Nt\203\315\245\305\276b\265\310\271\3319\245:\342=c\267\265\233\002\003"";   nodeid: ""\000\000\000\000\000\000\000\000\000\000\000\000\000\000\000\000\000\000\000\000\000\000\000\000\000\000\000\000\000\000\000\000\000""; }; requestCookie: 4; "
1750527540792,1750527540793,4000,1,2,3,TMGetLedger,"itype: liTS_CANDIDATE; ledgerHash: ""\341\310\354\0213\033\013\350\207z\236R(|z&\034\335\266\323\356\205\273DV\210\254\213T\rZ\347""; nodeIDs: ""\000\000\000\000\000\000\000\000\000\000\000\000\000\000\000\000\000\000\000\000\000\000\000\000\000\000\000\000\000\000\000\000\000""; queryType: qtINDIRECT; queryDepth: 3; ","itype: liTS_CANDIDATE; ledgerHash: ""\341\310\354\0213\033\013\350\207z\236R(|z&\034\335\266\323\356\205\273DV\210\254\213T\rZ\347""; nodeIDs: ""\000\000\000\000\000\000\000\000\000\000\000\000\000\000\000\000\000\000\000\000\000\000\000\000\000\000\000\000\000\000\000\000\000""; queryType: qtINDIRECT; queryDepth: 3; "
1750527540793,1750527540793,589,1,2,0,TMGetLedger,"itype: liTS_CANDIDATE; ledgerHash: ""\341\310\354\0213\033\013\350\207z\236R(|z&\034\335\266\323\356\205\273DV\210\254\213T\rZ\347""; nodeIDs: ""\000\000\000\000\000\000\000\000\000\000\000\000\000\000\000\000\000\000\000\000\000\000\000\000\000\000\000\000\000\000\000\000\000""; queryType: qtINDIRECT; queryDepth: 3; ","itype: liTS_CANDIDATE; ledgerHash: ""\341\310\354\0213\033\013\350\207z\236R(|z&\034\335\266\323\356\205\273DV\210\254\213T\rZ\347""; nodeIDs: ""\000\000\000\000\000\000\000\000\000\000\000\000\000\000\000\000\000\000\000\000\000\000\000\000\000\000\000\000\000\000\000\000\000""; queryType: qtINDIRECT; queryDepth: 3; "
1750527540793,1750527540793,3719,1,2,4,TMGetLedger,"itype: liTS_CANDIDATE; ledgerHash: ""\341\310\354\0213\033\013\350\207z\236R(|z&\034\335\266\323\356\205\273DV\210\254\213T\rZ\347""; nodeIDs: ""\000\000\000\000\000\000\000\000\000\000\000\000\000\000\000\000\000\000\000\000\000\000\000\000\000\000\000\000\000\000\000\000\000""; queryType: qtINDIRECT; queryDepth: 3; ","itype: liTS_CANDIDATE; ledgerHash: ""\341\310\354\0213\033\013\350\207z\236R(|z&\034\335\266\323\356\205\273DV\210\254\213T\rZ\347""; nodeIDs: ""\000\000\000\000\000\000\000\000\000\000\000\000\000\000\000\000\000\000\000\000\000\000\000\000\000\000\000\000\000\000\000\000\000""; queryType: qtINDIRECT; queryDepth: 3; "
1750527540804,1750527540805,1544,1,2,1,TMGetLedger,"itype: liTS_CANDIDATE; ledgerHash: ""\341\310\354\0213\033\013\350\207z\236R(|z&\034\335\266\323\356\205\273DV\210\254\213T\rZ\347""; nodeIDs: ""\000\000\000\000\000\000\000\000\000\000\000\000\000\000\000\000\000\000\000\000\000\000\000\000\000\000\000\000\000\000\000\000\000""; requestCookie: 4; queryType: qtINDIRECT; queryDepth: 3; ","itype: liTS_CANDIDATE; ledgerHash: ""\341\310\354\0213\033\013\350\207z\236R(|z&\034\335\266\323\356\205\273DV\210\254\213T\rZ\347""; nodeIDs: ""\000\000\000\000\000\000\000\000\000\000\000\000\000\000\000\000\000\000\000\000\000\000\000\000\000\000\000\000\000\000\000\000\000""; requestCookie: 4; queryType: qtINDIRECT; queryDepth: 3; "
1750527540805,1750527540805,1544,1,2,1,TMGetLedger,"itype: liTS_CANDIDATE; ledgerHash: ""\341\310\354\0213\033\013\350\207z\236R(|z&\034\335\266\323\356\205\273DV\210\254\213T\rZ\347""; nodeIDs: ""\000\000\000\000\000\000\000\000\000\000\000\000\000\000\000\000\000\000\000\000\000\000\000\000\000\000\000\000\000\000\000\000\000""; queryType: qtINDIRECT; queryDepth: 3; ","itype: liTS_CANDIDATE; ledgerHash: ""\341\310\354\0213\033\013\350\207z\236R(|z&\034\335\266\323\356\205\273DV\210\254\213T\rZ\347""; nodeIDs: ""\000\000\000\000\000\000\000\000\000\000\000\000\000\000\000\000\000\000\000\000\000\000\000\000\000\000\000\000\000\000\000\000\000""; queryType: qtINDIRECT; queryDepth: 3; "
1750527540805,1750527540805,132,1,2,4,TMHaveTransactionSet,"status: tsHAVE; hash: ""\341\310\354\0213\033\013\350\207z\236R(|z&\034\335\266\323\356\205\273DV\210\254\213T\rZ\347""; ","status: tsHAVE; hash: ""\341\310\354\0213\033\013\350\207z\236R(|z&\034\335\266\323\356\205\273DV\210\254\213T\rZ\347""; "
1750527540806,1750527540806,2054,1,2,3,TMHaveTransactionSet,"status: tsHAVE; hash: ""\341\310\354\0213\033\013\350\207z\236R(|z&\034\335\266\323\356\205\273DV\210\254\213T\rZ\347""; ","status: tsHAVE; hash: ""\341\310\354\0213\033\013\350\207z\236R(|z&\034\335\266\323\356\205\273DV\210\254\213T\rZ\347""; "
1750527540806,1750527540806,3121,1,2,0,TMHaveTransactionSet,"status: tsHAVE; hash: ""\341\310\354\0213\033\013\350\207z\236R(|z&\034\335\266\323\356\205\273DV\210\254\213T\rZ\347""; ","status: tsHAVE; hash: ""\341\310\354\0213\033\013\350\207z\236R(|z&\034\335\266\323\356\205\273DV\210\254\213T\rZ\347""; "
1750527540811,1750527540811,3378,1,4,0,TMLedgerData,"ledgerHash: ""\341\310\354\0213\033\013\350\207z\236R(|z&\034\335\266\323\356\205\273DV\210\254\213T\rZ\347""; ledgerSeq: 0; type: liTS_CANDIDATE; nodes {;   nodedata: ""\256\322m\2146\221\305\341\316\031h?\276\005\207\253\236\tL;\371W\315\233X\345O\203\332\240\005\360\n\003"";   nodeid: ""\000\000\000\000\000\000\000\000\000\000\000\000\000\000\000\000\000\000\000\000\000\000\000\000\000\000\000\000\000\000\000\000\000""; }; ","ledgerHash: ""\341\310\354\0213\033\013\350\207z\236R(|z&\034\335\266\323\356\205\273DV\210\254\213T\rZ\347""; ledgerSeq: 0; type: liTS_CANDIDATE; nodes {;   nodedata: ""\256\322m\2146\221\305\341\316\031h?\276\005\207\253\236\tL;\371W\315\233X\345O\203\332\240\005\360\n\003"";   nodeid: ""\000\000\000\000\000\000\000\000\000\000\000\000\000\000\000\000\000\000\000\000\000\000\000\000\000\000\000\000\000\000\000\000\000""; }; "
1750527540813,1750527540813,3375,1,0,1,TMGetLedger,"itype: liTS_CANDIDATE; ledgerHash: ""\341\310\354\0213\033\013\350\207z\236R(|z&\034\335\266\323\356\205\273DV\210\254\213T\rZ\347""; nodeIDs: ""\000\000\000\000\000\000\000\000\000\000\000\000\000\000\000\000\000\000\000\000\000\000\000\000\000\000\000\000\000\000\000\000\000""; requestCookie: 5; queryType: qtINDIRECT; queryDepth: 3; ","itype: liTS_CANDIDATE; ledgerHash: ""\341\310\354\0213\033\013\350\207z\236R(|z&\034\335\266\323\356\205\273DV\210\254\213T\rZ\347""; nodeIDs: ""\000\000\000\000\000\000\000\000\000\000\000\000\000\000\000\000\000\000\000\000\000\000\000\000\000\000\000\000\000\000\000\000\000""; requestCookie: 5; queryType: qtINDIRECT; queryDepth: 3; "
1750527540833,1750527540833,3578,1,1,3,TMLedgerData,"ledgerHash: ""\341\310\354\0213\033\013\350\207z\236R(|z&\034\335\266\323\356\205\273DV\210\254\213T\rZ\347""; ledgerSeq: 0; type: liTS_CANDIDATE; nodes {;   nodedata: ""\256\322m\2146\221\305\341\316\031h?\276\005\207\253\236\tL;\371W\315\233X\345O\203\332\240\005\360\n\003"";   nodeid: ""\000\000\000\000\000\000\000\000\000\000\000\000\000\000\000\000\000\000\000\000\000\000\000\000\000\000\000\000\000\000\000\000\000""; }; ","ledgerHash: ""\341\310\354\0213\033\013\350\207z\236R(|z&\034\335\266\323\356\205\273DV\210\254\213T\rZ\347""; ledgerSeq: 0; type: liTS_CANDIDATE; nodes {;   nodedata: ""\256\322m\2146\221\305\341\316\031h?\276\005\207\253\236\tL;\371W\315\233X\345O\203\332\240\005\360\n\003"";   nodeid: ""\000\000\000\000\000\000\000\000\000\000\000\000\000\000\000\000\000\000\000\000\000\000\000\000\000\000\000\000\000\000\000\000\000""; }; "
1750527540838,1750527540838,1968,1,1,2,TMLedgerData,"ledgerHash: ""\341\310\354\0213\033\013\350\207z\236R(|z&\034\335\266\323\356\205\273DV\210\254\213T\rZ\347""; ledgerSeq: 0; type: liTS_CANDIDATE; nodes {;   nodedata: ""\256\322m\2146\221\305\341\316\031h?\276\005\207\253\236\tL;\371W\315\233X\345O\203\332\240\005\360\n\003"";   nodeid: ""\000\000\000\000\000\000\000\000\000\000\000\000\000\000\000\000\000\000\000\000\000\000\000\000\000\000\000\000\000\000\000\000\000""; }; ","ledgerHash: ""\341\310\354\0213\033\013\350\207z\236R(|z&\034\335\266\323\356\205\273DV\210\254\213T\rZ\347""; ledgerSeq: 0; type: liTS_CANDIDATE; nodes {;   nodedata: ""\256\322m\2146\221\305\341\316\031h?\276\005\207\253\236\tL;\371W\315\233X\345O\203\332\240\005\360\n\003"";   nodeid: ""\000\000\000\000\000\000\000\000\000\000\000\000\000\000\000\000\000\000\000\000\000\000\000\000\000\000\000\000\000\000\000\000\000""; }; "
1750527540839,1750527540839,612,1,2,0,TMLedgerData,"ledgerHash: ""\341\310\354\0213\033\013\350\207z\236R(|z&\034\335\266\323\356\205\273DV\210\254\213T\rZ\347""; ledgerSeq: 0; type: liTS_CANDIDATE; nodes {;   nodedata: ""\256\322m\2146\221\305\341\316\031h?\276\005\207\253\236\tL;\371W\315\233X\345O\203\332\240\005\360\n\003"";   nodeid: ""\000\000\000\000\000\000\000\000\000\000\000\000\000\000\000\000\000\000\000\000\000\000\000\000\000\000\000\000\000\000\000\000\000""; }; ","ledgerHash: ""\341\310\354\0213\033\013\350\207z\236R(|z&\034\335\266\323\356\205\273DV\210\254\213T\rZ\347""; ledgerSeq: 0; type: liTS_CANDIDATE; nodes {;   nodedata: ""\256\322m\2146\221\305\341\316\031h?\276\005\207\253\236\tL;\371W\315\233X\345O\203\332\240\005\360\n\003"";   nodeid: ""\000\000\000\000\000\000\000\000\000\000\000\000\000\000\000\000\000\000\000\000\000\000\000\000\000\000\000\000\000\000\000\000\000""; }; "
1750527540844,1750527540844,1199,1,0,2,TMGetLedger,"itype: liBASE; ledgerHash: ""\276\230H\305\2714\032l\253n6W\035\354\257.f\r\217\302\203\224\212L\020\S\370\243OP*""; ledgerSeq: 7; requestCookie: 2; queryType: qtINDIRECT; ","itype: liBASE; ledgerHash: ""\276\230H\305\2714\032l\253n6W\035\354\257.f\r\217\302\203\224\212L\020\S\370\243OP*""; ledgerSeq: 7; requestCookie: 2; queryType: qtINDIRECT; "
1750527540846,1750527540846,4000,1,2,3,TMGetLedger,"itype: liTS_CANDIDATE; ledgerHash: ""\363\262\310\025\251\261\276X\247\260J\221\345\357\037\231)|\321K\000\\326E\004\377\005\255""A?\250""; nodeIDs: ""\000\000\000\000\000\000\000\000\000\000\000\000\000\000\000\000\000\000\000\000\000\000\000\000\000\000\000\000\000\000\000\000\000""; requestCookie: 2; queryType: qtINDIRECT; queryDepth: 3; ","itype: liTS_CANDIDATE; ledgerHash: ""\363\262\310\025\251\261\276X\247\260J\221\345\357\037\231)|\321K\000\\326E\004\377\005\255""A?\250""; nodeIDs: ""\000\000\000\000\000\000\000\000\000\000\000\000\000\000\000\000\000\000\000\000\000\000\000\000\000\000\000\000\000\000\000\000\000""; requestCookie: 2; queryType: qtINDIRECT; queryDepth: 3; "
1750527540846,1750527540847,1996,1,0,4,TMLedgerData,"ledgerHash: ""3\321\n7\354)\tf\006\357\205B<h\272GQ \344\262\236\025#\003\024&\310\034\352\376\326""; ledgerSeq: 0; type: liTS_CANDIDATE; nodes {;   nodedata: ""'\240~~s\033\202\356\320\307\177Nt\203\315\245\305\276b\265\310\271\3319\245:\342=c\267\265\233\002\003"";   nodeid: ""\000\000\000\000\000\000\000\000\000\000\000\000\000\000\000\000\000\000\000\000\000\000\000\000\000\000\000\000\000\000\000\000\000""; }; requestCookie: 4; ","ledgerHash: ""3\321\n7\354)\tf\006\357\205B<h\272GQ \344\262\236\025#\003\024&\310\034\352\376\326""; ledgerSeq: 0; type: liTS_CANDIDATE; nodes {;   nodedata: ""'\240~~s\033\202\356\320\307\177Nt\203\315\245\305\276b\265\310\271\3319\245:\342=c\267\265\233\002\003"";   nodeid: ""\000\000\000\000\000\000\000\000\000\000\000\000\000\000\000\000\000\000\000\000\000\000\000\000\000\000\000\000\000\000\000\000\000""; }; requestCookie: 4; "
1750527540846,1750527540846,825,1,2,1,TMHaveTransactionSet,"status: tsHAVE; hash: ""\341\310\354\0213\033\013\350\207z\236R(|z&\034\335\266\323\356\205\273DV\210\254\213T\rZ\347""; ","status: tsHAVE; hash: ""\341\310\354\0213\033\013\350\207z\236R(|z&\034\335\266\323\356\205\273DV\210\254\213T\rZ\347""; "
1750527540849,1750527540849,1996,1,0,4,TMLedgerData,"ledgerHash: ""3\321\n7\354)\tf\006\357\205B<h\272GQ \344\262\236\025#\003\024&\310\034\352\376\326""; ledgerSeq: 0; type: liTS_CANDIDATE; nodes {;   nodedata: ""'\240~~s\033\202\356\320\307\177Nt\203\315\245\305\276b\265\310\271\3319\245:\342=c\267\265\233\002\003"";   nodeid: ""\000\000\000\000\000\000\000\000\000\000\000\000\000\000\000\000\000\000\000\000\000\000\000\000\000\000\000\000\000\000\000\000\000""; }; ","ledgerHash: ""3\321\n7\354)\tf\006\357\205B<h\272GQ \344\262\236\025#\003\024&\310\034\352\376\326""; ledgerSeq: 0; type: liTS_CANDIDATE; nodes {;   nodedata: ""'\240~~s\033\202\356\320\307\177Nt\203\315\245\305\276b\265\310\271\3319\245:\342=c\267\265\233\002\003"";   nodeid: ""\000\000\000\000\000\000\000\000\000\000\000\000\000\000\000\000\000\000\000\000\000\000\000\000\000\000\000\000\000\000\000\000\000""; }; "
1750527540864,1750527540864,3375,1,0,1,TMGetLedger,"itype: liTS_CANDIDATE; ledgerHash: ""\363\262\310\025\251\261\276X\247\260J\221\345\357\037\231)|\321K\000\\326E\004\377\005\255""A?\250""; nodeIDs: ""\000\000\000\000\000\000\000\000\000\000\000\000\000\000\000\000\000\000\000\000\000\000\000\000\000\000\000\000\000\000\000\000\000""; queryType: qtINDIRECT; queryDepth: 3; ","itype: liTS_CANDIDATE; ledgerHash: ""\363\262\310\025\251\261\276X\247\260J\221\345\357\037\231)|\321K\000\\326E\004\377\005\255""A?\250""; nodeIDs: ""\000\000\000\000\000\000\000\000\000\000\000\000\000\000\000\000\000\000\000\000\000\000\000\000\000\000\000\000\000\000\000\000\000""; queryType: qtINDIRECT; queryDepth: 3; "
1750527540864,1750527540864,1199,1,0,2,TMGetLedger,"itype: liTS_CANDIDATE; ledgerHash: ""\363\262\310\025\251\261\276X\247\260J\221\345\357\037\231)|\321K\000\\326E\004\377\005\255""A?\250""; nodeIDs: ""\000\000\000\000\000\000\000\000\000\000\000\000\000\000\000\000\000\000\000\000\000\000\000\000\000\000\000\000\000\000\000\000\000""; queryType: qtINDIRECT; queryDepth: 3; ","itype: liTS_CANDIDATE; ledgerHash: ""\363\262\310\025\251\261\276X\247\260J\221\345\357\037\231)|\321K\000\\326E\004\377\005\255""A?\250""; nodeIDs: ""\000\000\000\000\000\000\000\000\000\000\000\000\000\000\000\000\000\000\000\000\000\000\000\000\000\000\000\000\000\000\000\000\000""; queryType: qtINDIRECT; queryDepth: 3; "
1750527540864,1750527540865,3094,1,0,3,TMGetLedger,"itype: liTS_CANDIDATE; ledgerHash: ""\363\262\310\025\251\261\276X\247\260J\221\345\357\037\231)|\321K\000\\326E\004\377\005\255""A?\250""; nodeIDs: ""\000\000\000\000\000\000\000\000\000\000\000\000\000\000\000\000\000\000\000\000\000\000\000\000\000\000\000\000\000\000\000\000\000""; queryType: qtINDIRECT; queryDepth: 3; ","itype: liTS_CANDIDATE; ledgerHash: ""\363\262\310\025\251\261\276X\247\260J\221\345\357\037\231)|\321K\000\\326E\004\377\005\255""A?\250""; nodeIDs: ""\000\000\000\000\000\000\000\000\000\000\000\000\000\000\000\000\000\000\000\000\000\000\000\000\000\000\000\000\000\000\000\000\000""; queryType: qtINDIRECT; queryDepth: 3; "
1750527540875,1750527540876,1782,1,1,4,TMLedgerData,"ledgerHash: ""\341\310\354\0213\033\013\350\207z\236R(|z&\034\335\266\323\356\205\273DV\210\254\213T\rZ\347""; ledgerSeq: 0; type: liTS_CANDIDATE; nodes {;   nodedata: ""\256\322m\2146\221\305\341\316\031h?\276\005\207\253\236\tL;\371W\315\233X\345O\203\332\240\005\360\n\003"";   nodeid: ""\000\000\000\000\000\000\000\000\000\000\000\000\000\000\000\000\000\000\000\000\000\000\000\000\000\000\000\000\000\000\000\000\000""; }; requestCookie: 4; ","ledgerHash: ""\341\310\354\0213\033\013\350\207z\236R(|z&\034\335\266\323\356\205\273DV\210\254\213T\rZ\347""; ledgerSeq: 0; type: liTS_CANDIDATE; nodes {;   nodedata: ""\256\322m\2146\221\305\341\316\031h?\276\005\207\253\236\tL;\371W\315\233X\345O\203\332\240\005\360\n\003"";   nodeid: ""\000\000\000\000\000\000\000\000\000\000\000\000\000\000\000\000\000\000\000\000\000\000\000\000\000\000\000\000\000\000\000\000\000""; }; requestCookie: 4; "
1750527540888,1750527540888,1199,1,0,2,TMGetLedger,"itype: liTS_CANDIDATE; ledgerHash: ""\341\310\354\0213\033\013\350\207z\236R(|z&\034\335\266\323\356\205\273DV\210\254\213T\rZ\347""; nodeIDs: ""\000\000\000\000\000\000\000\000\000\000\000\000\000\000\000\000\000\000\000\000\000\000\000\000\000\000\000\000\000\000\000\000\000""; queryType: qtINDIRECT; queryDepth: 3; ","itype: liTS_CANDIDATE; ledgerHash: ""\341\310\354\0213\033\013\350\207z\236R(|z&\034\335\266\323\356\205\273DV\210\254\213T\rZ\347""; nodeIDs: ""\000\000\000\000\000\000\000\000\000\000\000\000\000\000\000\000\000\000\000\000\000\000\000\000\000\000\000\000\000\000\000\000\000""; queryType: qtINDIRECT; queryDepth: 3; "
1750527540888,1750527540888,3094,1,0,3,TMGetLedger,"itype: liTS_CANDIDATE; ledgerHash: ""\341\310\354\0213\033\013\350\207z\236R(|z&\034\335\266\323\356\205\273DV\210\254\213T\rZ\347""; nodeIDs: ""\000\000\000\000\000\000\000\000\000\000\000\000\000\000\000\000\000\000\000\000\000\000\000\000\000\000\000\000\000\000\000\000\000""; queryType: qtINDIRECT; queryDepth: 3; ","itype: liTS_CANDIDATE; ledgerHash: ""\341\310\354\0213\033\013\350\207z\236R(|z&\034\335\266\323\356\205\273DV\210\254\213T\rZ\347""; nodeIDs: ""\000\000\000\000\000\000\000\000\000\000\000\000\000\000\000\000\000\000\000\000\000\000\000\000\000\000\000\000\000\000\000\000\000""; queryType: qtINDIRECT; queryDepth: 3; "
1750527540890,1750527540890,380,1,0,4,TMGetLedger,"itype: liTS_CANDIDATE; ledgerHash: ""\341\310\354\0213\033\013\350\207z\236R(|z&\034\335\266\323\356\205\273DV\210\254\213T\rZ\347""; nodeIDs: ""\000\000\000\000\000\000\000\000\000\000\000\000\000\000\000\000\000\000\000\000\000\000\000\000\000\000\000\000\000\000\000\000\000""; queryType: qtINDIRECT; queryDepth: 3; ","itype: liTS_CANDIDATE; ledgerHash: ""\341\310\354\0213\033\013\350\207z\236R(|z&\034\335\266\323\356\205\273DV\210\254\213T\rZ\347""; nodeIDs: ""\000\000\000\000\000\000\000\000\000\000\000\000\000\000\000\000\000\000\000\000\000\000\000\000\000\000\000\000\000\000\000\000\000""; queryType: qtINDIRECT; queryDepth: 3; "
1750527540890,1750527540890,380,1,0,4,TMGetLedger,"itype: liTS_CANDIDATE; ledgerHash: ""\363\262\310\025\251\261\276X\247\260J\221\345\357\037\231)|\321K\000\\326E\004\377\005\255""A?\250""; nodeIDs: ""\000\000\000\000\000\000\000\000\000\000\000\000\000\000\000\000\000\000\000\000\000\000\000\000\000\000\000\000\000\000\000\000\000""; queryType: qtINDIRECT; queryDepth: 3; ","itype: liTS_CANDIDATE; ledgerHash: ""\363\262\310\025\251\261\276X\247\260J\221\345\357\037\231)|\321K\000\\326E\004\377\005\255""A?\250""; nodeIDs: ""\000\000\000\000\000\000\000\000\000\000\000\000\000\000\000\000\000\000\000\000\000\000\000\000\000\000\000\000\000\000\000\000\000""; queryType: qtINDIRECT; queryDepth: 3; "
1750527540891,1750527540891,949,1,1,2,TMValidation,"validation: """"\200\000\000\001&\000\000\000\007)/\351\252\261:p\210\265\307-\212\200\004Q\033@\177e\277\016\010u\327\371&\262\312\317Q\2361t\377x\234\001v\003%\030\325_\225g\204\346P\027\363\262\310\025\251\261\276X\247\260J\221\345\357\037\231)|\321K\000\\326E\004\377\005\255""A?\250P\031\360\215\2502\265\245\310\226\243c\302Ze\306\253#r\020\211\320iG\276\020E\317\035Sf\223F\254s!\002\364d\217\366\217|\316F\232\231\241\n\261\333`\312O\367\235\025DD\336e\367\n\312\326\221\037\025\230vG0E\002!\000\216\326""\204\002,\317\244\026G\025Ut\273rs6K\330\375\326~\035\001q0\023\210-/f#\002 '\035o\205\030\010\013\036\360+\231\365\333!\254Yg3X\251@\301|r\252bB&\261\341\2410""; ","validation: """"\200\000\000\001&\000\000\000\007)/\351\252\261:p\210\265\307-\212\200\004Q\033@\177e\277\016\010u\327\371&\262\312\317Q\2361t\377x\234\001v\003%\030\325_\225g\204\346P\027\363\262\310\025\251\261\276X\247\260J\221\345\357\037\231)|\321K\000\\326E\004\377\005\255""A?\250P\031\360\215\2502\265\245\310\226\243c\302Ze\306\253#r\020\211\320iG\276\020E\317\035Sf\223F\254s!\002\364d\217\366\217|\316F\232\231\241\n\261\333`\312O\367\235\025DD\336e\367\n\312\326\221\037\025\230vG0E\002!\000\216\326""\204\002,\317\244\026G\025Ut\273rs6K\330\375\326~\035\001q0\023\210-/f#\002 '\035o\205\030\010\013\036\360+\231\365\333!\254Yg3X\251@\301|r\252bB&\261\341\2410""; "
1750527540891,1750527540891,2229,1,1,0,TMValidation,"validation: """"\200\000\000\001&\000\000\000\007)/\351\252\261:p\210\265\307-\212\200\004Q\033@\177e\277\016\010u\327\371&\262\312\317Q\2361t\377x\234\001v\003%\030\325_\225g\204\346P\027\363\262\310\025\251\261\276X\247\260J\221\345\357\037\231)|\321K\000\\326E\004\377\005\255""A?\250P\031\360\215\2502\265\245\310\226\243c\302Ze\306\253#r\020\211\320iG\276\020E\317\035Sf\223F\254s!\002\364d\217\366\217|\316F\232\231\241\n\261\333`\312O\367\235\025DD\336e\367\n\312\326\221\037\025\230vG0E\002!\000\216\326""\204\002,\317\244\026G\025Ut\273rs6K\330\375\326~\035\001q0\023\210-/f#\002 '\035o\205\030\010\013\036\360+\231\365\333!\254Yg3X\251@\301|r\252bB&\261\341\2410""; ","validation: """"\200\000\000\001&\000\000\000\007)/\351\252\261:p\210\265\307-\212\200\004Q\033@\177e\277\016\010u\327\371&\262\312\317Q\2361t\377x\234\001v\003%\030\325_\225g\204\346P\027\363\262\310\025\251\261\276X\247\260J\221\345\357\037\231)|\321K\000\\326E\004\377\005\255""A?\250P\031\360\215\2502\265\245\310\226\243c\302Ze\306\253#r\020\211\320iG\276\020E\317\035Sf\223F\254s!\002\364d\217\366\217|\316F\232\231\241\n\261\333`\312O\367\235\025DD\336e\367\n\312\326\221\037\025\230vG0E\002!\000\216\326""\204\002,\317\244\026G\025Ut\273rs6K\330\375\326~\035\001q0\023\210-/f#\002 '\035o\205\030\010\013\036\360+\231\365\333!\254Yg3X\251@\301|r\252bB&\261\341\2410""; "
1750527540905,1750527540905,3375,1,0,1,TMGetLedger,"itype: liTS_CANDIDATE; ledgerHash: ""\341\310\354\0213\033\013\350\207z\236R(|z&\034\335\266\323\356\205\273DV\210\254\213T\rZ\347""; nodeIDs: ""\000\000\000\000\000\000\000\000\000\000\000\000\000\000\000\000\000\000\000\000\000\000\000\000\000\000\000\000\000\000\000\000\000""; requestCookie: 3; queryType: qtINDIRECT; queryDepth: 3; ","itype: liTS_CANDIDATE; ledgerHash: ""\341\310\354\0213\033\013\350\207z\236R(|z&\034\335\266\323\356\205\273DV\210\254\213T\rZ\347""; nodeIDs: ""\000\000\000\000\000\000\000\000\000\000\000\000\000\000\000\000\000\000\000\000\000\000\000\000\000\000\000\000\000\000\000\000\000""; requestCookie: 3; queryType: qtINDIRECT; queryDepth: 3; "
1750527540906,1750527540906,3375,1,0,1,TMGetLedger,"itype: liTS_CANDIDATE; ledgerHash: ""\341\310\354\0213\033\013\350\207z\236R(|z&\034\335\266\323\356\205\273DV\210\254\213T\rZ\347""; nodeIDs: ""\000\000\000\000\000\000\000\000\000\000\000\000\000\000\000\000\000\000\000\000\000\000\000\000\000\000\000\000\000\000\000\000\000""; queryType: qtINDIRECT; queryDepth: 3; ","itype: liTS_CANDIDATE; ledgerHash: ""\341\310\354\0213\033\013\350\207z\236R(|z&\034\335\266\323\356\205\273DV\210\254\213T\rZ\347""; nodeIDs: ""\000\000\000\000\000\000\000\000\000\000\000\000\000\000\000\000\000\000\000\000\000\000\000\000\000\000\000\000\000\000\000\000\000""; queryType: qtINDIRECT; queryDepth: 3; "
1750527540906,1750527540906,3375,1,0,1,TMGetLedger,"itype: liTS_CANDIDATE; ledgerHash: ""\341\310\354\0213\033\013\350\207z\236R(|z&\034\335\266\323\356\205\273DV\210\254\213T\rZ\347""; nodeIDs: ""\000\000\000\000\000\000\000\000\000\000\000\000\000\000\000\000\000\000\000\000\000\000\000\000\000\000\000\000\000\000\000\000\000""; requestCookie: 4; queryType: qtINDIRECT; queryDepth: 3; ","itype: liTS_CANDIDATE; ledgerHash: ""\341\310\354\0213\033\013\350\207z\236R(|z&\034\335\266\323\356\205\273DV\210\254\213T\rZ\347""; nodeIDs: ""\000\000\000\000\000\000\000\000\000\000\000\000\000\000\000\000\000\000\000\000\000\000\000\000\000\000\000\000\000\000\000\000\000""; requestCookie: 4; queryType: qtINDIRECT; queryDepth: 3; "
1750527540914,1750527540914,3746,1,1,4,TMValidation,"validation: """"\200\000\000\001&\000\000\000\007)/\351\252\261:p\210\265\307-\212\200\004Q\033@\177e\277\016\010u\327\371&\262\312\317Q\2361t\377x\234\001v\003%\030\325_\225g\204\346P\027\363\262\310\025\251\261\276X\247\260J\221\345\357\037\231)|\321K\000\\326E\004\377\005\255""A?\250P\031\360\215\2502\265\245\310\226\243c\302Ze\306\253#r\020\211\320iG\276\020E\317\035Sf\223F\254s!\002\364d\217\366\217|\316F\232\231\241\n\261\333`\312O\367\235\025DD\336e\367\n\312\326\221\037\025\230vG0E\002!\000\216\326""\204\002,\317\244\026G\025Ut\273rs6K\330\375\326~\035\001q0\023\210-/f#\002 '\035o\205\030\010\013\036\360+\231\365\333!\254Yg3X\251@\301|r\252bB&\261\341\2410""; ","validation: """"\200\000\000\001&\000\000\000\007)/\351\252\261:p\210\265\307-\212\200\004Q\033@\177e\277\016\010u\327\371&\262\312\317Q\2361t\377x\234\001v\003%\030\325_\225g\204\346P\027\363\262\310\025\251\261\276X\247\260J\221\345\357\037\231)|\321K\000\\326E\004\377\005\255""A?\250P\031\360\215\2502\265\245\310\226\243c\302Ze\306\253#r\020\211\320iG\276\020E\317\035Sf\223F\254s!\002\364d\217\366\217|\316F\232\231\241\n\261\333`\312O\367\235\025DD\336e\367\n\312\326\221\037\025\230vG0E\002!\000\216\326""\204\002,\317\244\026G\025Ut\273rs6K\330\375\326~\035\001q0\023\210-/f#\002 '\035o\205\030\010\013\036\360+\231\365\333!\254Yg3X\251@\301|r\252bB&\261\341\2410""; "
1750527540914,1750527540914,1495,1,1,2,TMGetLedger,"itype: liBASE; ledgerHash: ""\276\230H\305\2714\032l\253n6W\035\354\257.f\r\217\302\203\224\212L\020\S\370\243OP*""; requestCookie: 5; queryType: qtINDIRECT; ","itype: liBASE; ledgerHash: ""\276\230H\305\2714\032l\253n6W\035\354\257.f\r\217\302\203\224\212L\020\S\370\243OP*""; requestCookie: 5; queryType: qtINDIRECT; "
1750527540922,1750527540922,2920,1,1,0,TMGetLedger,"itype: liBASE; ledgerHash: ""\276\230H\305\2714\032l\253n6W\035\354\257.f\r\217\302\203\224\212L\020\S\370\243OP*""; ledgerSeq: 7; queryType: qtINDIRECT; ","itype: liBASE; ledgerHash: ""\276\230H\305\2714\032l\253n6W\035\354\257.f\r\217\302\203\224\212L\020\S\370\243OP*""; ledgerSeq: 7; queryType: qtINDIRECT; "
1750527540923,1750527540923,3810,1,1,4,TMGetLedger,"itype: liBASE; ledgerHash: ""\276\230H\305\2714\032l\253n6W\035\354\257.f\r\217\302\203\224\212L\020\S\370\243OP*""; ledgerSeq: 7; queryType: qtINDIRECT; ","itype: liBASE; ledgerHash: ""\276\230H\305\2714\032l\253n6W\035\354\257.f\r\217\302\203\224\212L\020\S\370\243OP*""; ledgerSeq: 7; queryType: qtINDIRECT; "
1750527540923,1750527540923,3769,1,1,3,TMGetLedger,"itype: liBASE; ledgerHash: ""\276\230H\305\2714\032l\253n6W\035\354\257.f\r\217\302\203\224\212L\020\S\370\243OP*""; ledgerSeq: 7; queryType: qtINDIRECT; ","itype: liBASE; ledgerHash: ""\276\230H\305\2714\032l\253n6W\035\354\257.f\r\217\302\203\224\212L\020\S\370\243OP*""; ledgerSeq: 7; queryType: qtINDIRECT; "
1750527540935,1750527540935,589,1,2,0,TMGetLedger,"itype: liTS_CANDIDATE; ledgerHash: ""3\321\n7\354)\tf\006\357\205B<h\272GQ \344\262\236\025#\003\024&\310\034\352\376\326""; nodeIDs: ""\000\000\000\000\000\000\000\000\000\000\000\000\000\000\000\000\000\000\000\000\000\000\000\000\000\000\000\000\000\000\000\000\000""; requestCookie: 4; queryType: qtINDIRECT; queryDepth: 3; ","itype: liTS_CANDIDATE; ledgerHash: ""3\321\n7\354)\tf\006\357\205B<h\272GQ \344\262\236\025#\003\024&\310\034\352\376\326""; nodeIDs: ""\000\000\000\000\000\000\000\000\000\000\000\000\000\000\000\000\000\000\000\000\000\000\000\000\000\000\000\000\000\000\000\000\000""; requestCookie: 4; queryType: qtINDIRECT; queryDepth: 3; "
1750527540940,1750527540940,1212,1,2,4,TMLedgerData,"ledgerHash: ""\341\310\354\0213\033\013\350\207z\236R(|z&\034\335\266\323\356\205\273DV\210\254\213T\rZ\347""; ledgerSeq: 0; type: liTS_CANDIDATE; nodes {;   nodedata: ""\256\322m\2146\221\305\341\316\031h?\276\005\207\253\236\tL;\371W\315\233X\345O\203\332\240\005\360\n\003"";   nodeid: ""\000\000\000\000\000\000\000\000\000\000\000\000\000\000\000\000\000\000\000\000\000\000\000\000\000\000\000\000\000\000\000\000\000""; }; ","ledgerHash: ""\341\310\354\0213\033\013\350\207z\236R(|z&\034\335\266\323\356\205\273DV\210\254\213T\rZ\347""; ledgerSeq: 0; type: liTS_CANDIDATE; nodes {;   nodedata: ""\256\322m\2146\221\305\341\316\031h?\276\005\207\253\236\tL;\371W\315\233X\345O\203\332\240\005\360\n\003"";   nodeid: ""\000\000\000\000\000\000\000\000\000\000\000\000\000\000\000\000\000\000\000\000\000\000\000\000\000\000\000\000\000\000\000\000\000""; }; "
1750527540957,1750527540957,1495,1,1,2,TMGetLedger,"itype: liBASE; ledgerHash: ""\276\230H\305\2714\032l\253n6W\035\354\257.f\r\217\302\203\224\212L\020\S\370\243OP*""; ledgerSeq: 7; queryType: qtINDIRECT; ","itype: liBASE; ledgerHash: ""\276\230H\305\2714\032l\253n6W\035\354\257.f\r\217\302\203\224\212L\020\S\370\243OP*""; ledgerSeq: 7; queryType: qtINDIRECT; "
1750527540976,1750527540976,4000,1,2,3,TMGetLedger,"itype: liTS_CANDIDATE; ledgerHash: ""3\321\n7\354)\tf\006\357\205B<h\272GQ \344\262\236\025#\003\024&\310\034\352\376\326""; nodeIDs: ""\000\000\000\000\000\000\000\000\000\000\000\000\000\000\000\000\000\000\000\000\000\000\000\000\000\000\000\000\000\000\000\000\000""; requestCookie: 5; queryType: qtINDIRECT; queryDepth: 3; ","itype: liTS_CANDIDATE; ledgerHash: ""3\321\n7\354)\tf\006\357\205B<h\272GQ \344\262\236\025#\003\024&\310\034\352\376\326""; nodeIDs: ""\000\000\000\000\000\000\000\000\000\000\000\000\000\000\000\000\000\000\000\000\000\000\000\000\000\000\000\000\000\000\000\000\000""; requestCookie: 5; queryType: qtINDIRECT; queryDepth: 3; "
1750527540981,1750527540982,1782,1,1,4,TMLedgerData,"ledgerHash: ""\341\310\354\0213\033\013\350\207z\236R(|z&\034\335\266\323\356\205\273DV\210\254\213T\rZ\347""; ledgerSeq: 0; type: liTS_CANDIDATE; nodes {;   nodedata: ""\256\322m\2146\221\305\341\316\031h?\276\005\207\253\236\tL;\371W\315\233X\345O\203\332\240\005\360\n\003"";   nodeid: ""\000\000\000\000\000\000\000\000\000\000\000\000\000\000\000\000\000\000\000\000\000\000\000\000\000\000\000\000\000\000\000\000\000""; }; ","ledgerHash: ""\341\310\354\0213\033\013\350\207z\236R(|z&\034\335\266\323\356\205\273DV\210\254\213T\rZ\347""; ledgerSeq: 0; type: liTS_CANDIDATE; nodes {;   nodedata: ""\256\322m\2146\221\305\341\316\031h?\276\005\207\253\236\tL;\371W\315\233X\345O\203\332\240\005\360\n\003"";   nodeid: ""\000\000\000\000\000\000\000\000\000\000\000\000\000\000\000\000\000\000\000\000\000\000\000\000\000\000\000\000\000\000\000\000\000""; }; "
1750527540985,1750527540985,1968,1,1,2,TMLedgerData,"ledgerHash: ""\341\310\354\0213\033\013\350\207z\236R(|z&\034\335\266\323\356\205\273DV\210\254\213T\rZ\347""; ledgerSeq: 0; type: liTS_CANDIDATE; nodes {;   nodedata: ""\256\322m\2146\221\305\341\316\031h?\276\005\207\253\236\tL;\371W\315\233X\345O\203\332\240\005\360\n\003"";   nodeid: ""\000\000\000\000\000\000\000\000\000\000\000\000\000\000\000\000\000\000\000\000\000\000\000\000\000\000\000\000\000\000\000\000\000""; }; requestCookie: 5; ","ledgerHash: ""\341\310\354\0213\033\013\350\207z\236R(|z&\034\335\266\323\356\205\273DV\210\254\213T\rZ\347""; ledgerSeq: 0; type: liTS_CANDIDATE; nodes {;   nodedata: ""\256\322m\2146\221\305\341\316\031h?\276\005\207\253\236\tL;\371W\315\233X\345O\203\332\240\005\360\n\003"";   nodeid: ""\000\000\000\000\000\000\000\000\000\000\000\000\000\000\000\000\000\000\000\000\000\000\000\000\000\000\000\000\000\000\000\000\000""; }; requestCookie: 5; "
1750527541004,1750527541004,2079,1,3,1,TMGetLedger,"itype: liTS_CANDIDATE; ledgerHash: ""\341\310\354\0213\033\013\350\207z\236R(|z&\034\335\266\323\356\205\273DV\210\254\213T\rZ\347""; nodeIDs: ""\000\000\000\000\000\000\000\000\000\000\000\000\000\000\000\000\000\000\000\000\000\000\000\000\000\000\000\000\000\000\000\000\000""; queryType: qtINDIRECT; queryDepth: 3; ","itype: liTS_CANDIDATE; ledgerHash: ""\341\310\354\0213\033\013\350\207z\236R(|z&\034\335\266\323\356\205\273DV\210\254\213T\rZ\347""; nodeIDs: ""\000\000\000\000\000\000\000\000\000\000\000\000\000\000\000\000\000\000\000\000\000\000\000\000\000\000\000\000\000\000\000\000\000""; queryType: qtINDIRECT; queryDepth: 3; "
1750527541004,1750527541004,1131,1,3,0,TMGetLedger,"itype: liTS_CANDIDATE; ledgerHash: ""\341\310\354\0213\033\013\350\207z\236R(|z&\034\335\266\323\356\205\273DV\210\254\213T\rZ\347""; nodeIDs: ""\000\000\000\000\000\000\000\000\000\000\000\000\000\000\000\000\000\000\000\000\000\000\000\000\000\000\000\000\000\000\000\000\000""; queryType: qtINDIRECT; queryDepth: 3; ","itype: liTS_CANDIDATE; ledgerHash: ""\341\310\354\0213\033\013\350\207z\236R(|z&\034\335\266\323\356\205\273DV\210\254\213T\rZ\347""; nodeIDs: ""\000\000\000\000\000\000\000\000\000\000\000\000\000\000\000\000\000\000\000\000\000\000\000\000\000\000\000\000\000\000\000\000\000""; queryType: qtINDIRECT; queryDepth: 3; "
1750527541005,1750527541005,2794,1,3,2,TMGetLedger,"itype: liTS_CANDIDATE; ledgerHash: ""\341\310\354\0213\033\013\350\207z\236R(|z&\034\335\266\323\356\205\273DV\210\254\213T\rZ\347""; nodeIDs: ""\000\000\000\000\000\000\000\000\000\000\000\000\000\000\000\000\000\000\000\000\000\000\000\000\000\000\000\000\000\000\000\000\000""; queryType: qtINDIRECT; queryDepth: 3; ","itype: liTS_CANDIDATE; ledgerHash: ""\341\310\354\0213\033\013\350\207z\236R(|z&\034\335\266\323\356\205\273DV\210\254\213T\rZ\347""; nodeIDs: ""\000\000\000\000\000\000\000\000\000\000\000\000\000\000\000\000\000\000\000\000\000\000\000\000\000\000\000\000\000\000\000\000\000""; queryType: qtINDIRECT; queryDepth: 3; "
1750527541005,1750527541005,1019,1,3,4,TMGetLedger,"itype: liTS_CANDIDATE; ledgerHash: ""\341\310\354\0213\033\013\350\207z\236R(|z&\034\335\266\323\356\205\273DV\210\254\213T\rZ\347""; nodeIDs: ""\000\000\000\000\000\000\000\000\000\000\000\000\000\000\000\000\000\000\000\000\000\000\000\000\000\000\000\000\000\000\000\000\000""; queryType: qtINDIRECT; queryDepth: 3; ","itype: liTS_CANDIDATE; ledgerHash: ""\341\310\354\0213\033\013\350\207z\236R(|z&\034\335\266\323\356\205\273DV\210\254\213T\rZ\347""; nodeIDs: ""\000\000\000\000\000\000\000\000\000\000\000\000\000\000\000\000\000\000\000\000\000\000\000\000\000\000\000\000\000\000\000\000\000""; queryType: qtINDIRECT; queryDepth: 3; "
1750527541018,1750527541018,2920,1,1,0,TMGetLedger,"itype: liTS_CANDIDATE; ledgerHash: ""3\321\n7\354)\tf\006\357\205B<h\272GQ \344\262\236\025#\003\024&\310\034\352\376\326""; nodeIDs: ""\000\000\000\000\000\000\000\000\000\000\000\000\000\000\000\000\000\000\000\000\000\000\000\000\000\000\000\000\000\000\000\000\000""; requestCookie: 5; queryType: qtINDIRECT; queryDepth: 3; ","itype: liTS_CANDIDATE; ledgerHash: ""3\321\n7\354)\tf\006\357\205B<h\272GQ \344\262\236\025#\003\024&\310\034\352\376\326""; nodeIDs: ""\000\000\000\000\000\000\000\000\000\000\000\000\000\000\000\000\000\000\000\000\000\000\000\000\000\000\000\000\000\000\000\000\000""; requestCookie: 5; queryType: qtINDIRECT; queryDepth: 3; "
1750527541024,1750527541024,2764,1,4,3,TMLedgerData,"ledgerHash: ""\341\310\354\0213\033\013\350\207z\236R(|z&\034\335\266\323\356\205\273DV\210\254\213T\rZ\347""; ledgerSeq: 0; type: liTS_CANDIDATE; nodes {;   nodedata: ""\256\322m\2146\221\305\341\316\031h?\276\005\207\253\236\tL;\371W\315\233X\345O\203\332\240\005\360\n\003"";   nodeid: ""\000\000\000\000\000\000\000\000\000\000\000\000\000\000\000\000\000\000\000\000\000\000\000\000\000\000\000\000\000\000\000\000\000""; }; ","ledgerHash: ""\341\310\354\0213\033\013\350\207z\236R(|z&\034\335\266\323\356\205\273DV\210\254\213T\rZ\347""; ledgerSeq: 0; type: liTS_CANDIDATE; nodes {;   nodedata: ""\256\322m\2146\221\305\341\316\031h?\276\005\207\253\236\tL;\371W\315\233X\345O\203\332\240\005\360\n\003"";   nodeid: ""\000\000\000\000\000\000\000\000\000\000\000\000\000\000\000\000\000\000\000\000\000\000\000\000\000\000\000\000\000\000\000\000\000""; }; "
1750527541024,1750527541024,3378,1,4,0,TMLedgerData,"ledgerHash: ""\363\262\310\025\251\261\276X\247\260J\221\345\357\037\231)|\321K\000\\326E\004\377\005\255""A?\250""; ledgerSeq: 0; type: liTS_CANDIDATE; nodes {;   nodedata: ""MJ\275'\324\005\036\313\204nW\300\362\327\016\205\236\021\351Q6\021\355\301\372\322\276g\026\243\361M\004\003"";   nodeid: ""\000\000\000\000\000\000\000\000\000\000\000\000\000\000\000\000\000\000\000\000\000\000\000\000\000\000\000\000\000\000\000\000\000""; }; ","ledgerHash: ""\363\262\310\025\251\261\276X\247\260J\221\345\357\037\231)|\321K\000\\326E\004\377\005\255""A?\250""; ledgerSeq: 0; type: liTS_CANDIDATE; nodes {;   nodedata: ""MJ\275'\324\005\036\313\204nW\300\362\327\016\205\236\021\351Q6\021\355\301\372\322\276g\026\243\361M\004\003"";   nodeid: ""\000\000\000\000\000\000\000\000\000\000\000\000\000\000\000\000\000\000\000\000\000\000\000\000\000\000\000\000\000\000\000\000\000""; }; "
1750527541026,1750527541026,3818,1,0,2,TMLedgerData,"ledgerHash: ""3\321\n7\354)\tf\006\357\205B<h\272GQ \344\262\236\025#\003\024&\310\034\352\376\326""; ledgerSeq: 0; type: liTS_CANDIDATE; nodes {;   nodedata: ""'\240~~s\033\202\356\320\307\177Nt\203\315\245\305\276b\265\310\271\3319\245:\342=c\267\265\233\002\003"";   nodeid: ""\000\000\000\000\000\000\000\000\000\000\000\000\000\000\000\000\000\000\000\000\000\000\000\000\000\000\000\000\000\000\000\000\000""; }; requestCookie: 4; ","ledgerHash: ""3\321\n7\354)\tf\006\357\205B<h\272GQ \344\262\236\025#\003\024&\310\034\352\376\326""; ledgerSeq: 0; type: liTS_CANDIDATE; nodes {;   nodedata: ""'\240~~s\033\202\356\320\307\177Nt\203\315\245\305\276b\265\310\271\3319\245:\342=c\267\265\233\002\003"";   nodeid: ""\000\000\000\000\000\000\000\000\000\000\000\000\000\000\000\000\000\000\000\000\000\000\000\000\000\000\000\000\000\000\000\000\000""; }; requestCookie: 4; "
1750527541038,1750527541039,1769,1,2,1,TMLedgerData,"ledgerHash: ""[\000\302\314\326\214\276@c\240\272\222{\363\314\032\213\311\316\246/\330\302\014>\022\346\234\347\264\270\350""; ledgerSeq: 0; type: liTS_CANDIDATE; nodes {;   nodedata: ""\002i\361\030\371\256\265\036\320\273\013\357<\215/(\215[\231D\357Gd\372\270\316\261\301\342\327\225\241\000GZ\227\022t\201\240u\2324P\027\307M\337'Y\361[IAD\351\374!\232\005\337\376\252\251g\004\003"";   nodeid: ""\000\000\000\000\000\000\000\000\000\000\000\000\000\000\000\000\000\000\000\000\000\000\000\000\000\000\000\000\000\000\000\000\000""; }; ","ledgerHash: ""[\000\302\314\326\214\276@c\240\272\222{\363\314\032\213\311\316\246/\330\302\014>\022\346\234\347\264\270\350""; ledgerSeq: 0; type: liTS_CANDIDATE; nodes {;   nodedata: ""\002i\361\030\371\256\265\036\320\273\013\357<\215/(\215[\231D\357Gd\372\270\316\261\301\342\327\225\241\000GZ\227\022t\201\240u\2324P\027\307M\337'Y\361[IAD\351\374!\232\005\337\376\252\251g\004\003"";   nodeid: ""\000\000\000\000\000\000\000\000\000\000\000\000\000\000\000\000\000\000\000\000\000\000\000\000\000\000\000\000\000\000\000\000\000""; }; "
1750527541041,1750527541041,3578,1,1,3,TMLedgerData,"ledgerHash: ""\326+\03569g\235`}\354\203s\003\217_Vf \233\324\237yU<\242:Zr\321\340\201]""; ledgerSeq: 7; type: liBASE; nodes {;   nodedata: ""\000\000\000\007\001cEx]\211\377\330\360\215\2502\265\245\310\226\243c\302Ze\306\253#r\020\211\320iG\276\020E\317\035Sf\223F\254\020N |\264\023\251\372`\001\r\225\217P\243\370m\037op\306\025\027\013\002\257\266J\025/\3729\220\014>4\264\253\207\255\233\\356\277\340\345\017\323\341\201\004TK\004\373\204\253\204\240\3155\357\026\353/\351\252\253/\351\252\264\n\000""; }; nodes {;   nodedata: ""\341\035\262xv\226\317f5\366\365\252a\177\355\302\326\t\222~j\320f\374/ \363\256\257\361 \303\001\301\025%1L\307\t\261\262z\374\222T\301\274V\236\223\262\270Ct\362\337b\356\024*\324\320\351\317\002,\377\251Q\263\245*\373\267\332I\261\001\251N\313Su!\333\331\260|\312%\271\263\267\320\313\036\303\004\330\210a4\256y^267\344\320H\t\331\316{n\002q\260\017U_\270\321B\024U\313\2054\006E\344\037@\210\363\010\336T\226\247'\204_{\261\370""1\235\2445\343\033Y!\212\201\341\272\225'\007Z\314\023h\n\020~\036\324P\254\001\274\227n\020\273\023\010\nq\216Z\344\004\3612B\205\257\335\036\013\003""; }; nodes {;   nodedata: ""\233\330\223\352\3012\234}\322\031(\362*;JR3m]\203<\234\204jiO\033\304\322\017\232\202\n\003""; }; ","ledgerHash: ""\326+\03569g\235`}\354\203s\003\217_Vf \233\324\237yU<\242:Zr\321\340\201]""; ledgerSeq: 7; type: liBASE; nodes {;   nodedata: ""\000\000\000\007\001cEx]\211\377\330\360\215\2502\265\245\310\226\243c\302Ze\306\253#r\020\211\320iG\276\020E\317\035Sf\223F\254\020N |\264\023\251\372`\001\r\225\217P\243\370m\037op\306\025\027\013\002\257\266J\025/\3729\220\014>4\264\253\207\255\233\\356\277\340\345\017\323\341\201\004TK\004\373\204\253\204\240\3155\357\026\353/\351\252\253/\351\252\264\n\000""; }; nodes {;   nodedata: ""\341\035\262xv\226\317f5\366\365\252a\177\355\302\326\t\222~j\320f\374/ \363\256\257\361 \303\001\301\025%1L\307\t\261\262z\374\222T\301\274V\236\223\262\270Ct\362\337b\356\024*\324\320\351\317\002,\377\251Q\263\245*\373\267\332I\261\001\251N\313Su!\333\331\260|\312%\271\263\267\320\313\036\303\004\330\210a4\256y^267\344\320H\t\331\316{n\002q\260\017U_\270\321B\024U\313\2054\006E\344\037@\210\363\010\336T\226\247'\204_{\261\370""1\235\2445\343\033Y!\212\201\341\272\225'\007Z\314\023h\n\020~\036\324P\254\001\274\227n\020\273\023\010\nq\216Z\344\004\3612B\205\257\335\036\013\003""; }; nodes {;   nodedata: ""\233\330\223\352\3012\234}\322\031(\362*;JR3m]\203<\234\204jiO\033\304\322\017\232\202\n\003""; }; "
1750527541041,1750527541042,3578,1,1,3,TMLedgerData,"ledgerHash: ""\326+\03569g\235`}\354\203s\003\217_Vf \233\324\237yU<\242:Zr\321\340\201]""; ledgerSeq: 7; type: liBASE; nodes {;   nodedata: ""\000\000\000\007\001cEx]\211\377\330\360\215\2502\265\245\310\226\243c\302Ze\306\253#r\020\211\320iG\276\020E\317\035Sf\223F\254\020N |\264\023\251\372`\001\r\225\217P\243\370m\037op\306\025\027\013\002\257\266J\025/\3729\220\014>4\264\253\207\255\233\\356\277\340\345\017\323\341\201\004TK\004\373\204\253\204\240\3155\357\026\353/\351\252\253/\351\252\264\n\000""; }; nodes {;   nodedata: ""\341\035\262xv\226\317f5\366\365\252a\177\355\302\326\t\222~j\320f\374/ \363\256\257\361 \303\001\301\025%1L\307\t\261\262z\374\222T\301\274V\236\223\262\270Ct\362\337b\356\024*\324\320\351\317\002,\377\251Q\263\245*\373\267\332I\261\001\251N\313Su!\333\331\260|\312%\271\263\267\320\313\036\303\004\330\210a4\256y^267\344\320H\t\331\316{n\002q\260\017U_\270\321B\024U\313\2054\006E\344\037@\210\363\010\336T\226\247'\204_{\261\370""1\235\2445\343\033Y!\212\201\341\272\225'\007Z\314\023h\n\020~\036\324P\254\001\274\227n\020\273\023\010\nq\216Z\344\004\3612B\205\257\335\036\013\003""; }; nodes {;   nodedata: ""\233\330\223\352\3012\234}\322\031(\362*;JR3m]\203<\234\204jiO\033\304\322\017\232\202\n\003""; }; ","ledgerHash: ""\326+\03569g\235`}\354\203s\003\217_Vf \233\324\237yU<\242:Zr\321\340\201]""; ledgerSeq: 7; type: liBASE; nodes {;   nodedata: ""\000\000\000\007\001cEx]\211\377\330\360\215\2502\265\245\310\226\243c\302Ze\306\253#r\020\211\320iG\276\020E\317\035Sf\223F\254\020N |\264\023\251\372`\001\r\225\217P\243\370m\037op\306\025\027\013\002\257\266J\025/\3729\220\014>4\264\253\207\255\233\\356\277\340\345\017\323\341\201\004TK\004\373\204\253\204\240\3155\357\026\353/\351\252\253/\351\252\264\n\000""; }; nodes {;   nodedata: ""\341\035\262xv\226\317f5\366\365\252a\177\355\302\326\t\222~j\320f\374/ \363\256\257\361 \303\001\301\025%1L\307\t\261\262z\374\222T\301\274V\236\223\262\270Ct\362\337b\356\024*\324\320\351\317\002,\377\251Q\263\245*\373\267\332I\261\001\251N\313Su!\333\331\260|\312%\271\263\267\320\313\036\303\004\330\210a4\256y^267\344\320H\t\331\316{n\002q\260\017U_\270\321B\024U\313\2054\006E\344\037@\210\363\010\336T\226\247'\204_{\261\370""1\235\2445\343\033Y!\212\201\341\272\225'\007Z\314\023h\n\020~\036\324P\254\001\274\227n\020\273\023\010\nq\216Z\344\004\3612B\205\257\335\036\013\003""; }; nodes {;   nodedata: ""\233\330\223\352\3012\234}\322\031(\362*;JR3m]\203<\234\204jiO\033\304\322\017\232\202\n\003""; }; "
1750527541044,1750527541044,612,1,2,0,TMLedgerData,"ledgerHash: ""\276\230H\305\2714\032l\253n6W\035\354\257.f\r\217\302\203\224\212L\020\S\370\243OP*""; ledgerSeq: 7; type: liAS_NODE; nodes {;   nodedata: ""\021\000h""\000\000\000\000 \033\000\000\000\006\002\023\301\037\330\356GuH\375\327!\255\371\r\231\262R\256J\034\222\241\355X\265E\241^W\225\304\014\361CX-}\351f\032\255\274\334m\326c\017\014ao[\342\230\003\245\245\3341Hm\326^\017jy\335\261\032Yt\320\244{g\0306\\302\303*\341\215\223\257\364\277o\375\000r\241SOq\221\253\262\005\017\375T\356\014\360o'\030\311-\267\031\257!\031T\006><\315XM\334\324\345\034\000\325\367\240\271\013\265\024\321\362\354\211\250.\234s\225amc\305\035\366\276\037nD\277`\210\223N\3535\033\261\304f\331]\036\237\306o!\223\221\002\324\031\262\240R\177 ,\214\325\Q])\016\2067\277\t\354\010\000\360\215\2502\265\245\310\226\243c\302Ze\306\253#r\020\211\320iG\276\020E\317\035Sf\223F\254\264\227\2326\315\307\363\323\325\303\032N\256*\307\327 \235\332\207u\210\271\257\306g\231i*\260\326k\001"";   nodeid: ""\260\000\000\000\000\000\000\000\000\000\000\000\000\000\000\000\000\000\000\000\000\000\000\000\000\000\000\000\000\000\000\000\001""; }; ","ledgerHash: ""\276\230H\305\2714\032l\253n6W\035\354\257.f\r\217\302\203\224\212L\020\S\370\243OP*""; ledgerSeq: 7; type: liAS_NODE; nodes {;   nodedata: ""\021\000h""\000\000\000\000 \033\000\000\000\006\002\023\301\037\330\356GuH\375\327!\255\371\r\231\262R\256J\034\222\241\355X\265E\241^W\225\304\014\361CX-}\351f\032\255\274\334m\326c\017\014ao[\342\230\003\245\245\3341Hm\326^\017jy\335\261\032Yt\320\244{g\0306\\302\303*\341\215\223\257\364\277o\375\000r\241SOq\221\253\262\005\017\375T\356\014\360o'\030\311-\267\031\257!\031T\006><\315XM\334\324\345\034\000\325\367\240\271\013\265\024\321\362\354\211\250.\234s\225amc\305\035\366\276\037nD\277`\210\223N\3535\033\261\304f\331]\036\237\306o!\223\221\002\324\031\262\240R\177 ,\214\325\Q])\016\2067\277\t\354\010\000\360\215\2502\265\245\310\226\243c\302Ze\306\253#r\020\211\320iG\276\020E\317\035Sf\223F\254\264\227\2326\315\307\363\323\325\303\032N\256*\307\327 \235\332\207u\210\271\257\306g\231i*\260\326k\001"";   nodeid: ""\260\000\000\000\000\000\000\000\000\000\000\000\000\000\000\000\000\000\000\000\000\000\000\000\000\000\000\000\000\000\000\000\001""; }; "
1750527541047,1750527541047,1665,1,2,3,TMLedgerData,"ledgerHash: ""\341\310\354\0213\033\013\350\207z\236R(|z&\034\335\266\323\356\205\273DV\210\254\213T\rZ\347""; ledgerSeq: 0; type: liTS_CANDIDATE; nodes {;   nodedata: ""\256\322m\2146\221\305\341\316\031h?\276\005\207\253\236\tL;\371W\315\233X\345O\203\332\240\005\360\n\003"";   nodeid: ""\000\000\000\000\000\000\000\000\000\000\000\000\000\000\000\000\000\000\000\000\000\000\000\000\000\000\000\000\000\000\000\000\000""; }; ","ledgerHash: ""\341\310\354\0213\033\013\350\207z\236R(|z&\034\335\266\323\356\205\273DV\210\254\213T\rZ\347""; ledgerSeq: 0; type: liTS_CANDIDATE; nodes {;   nodedata: ""\256\322m\2146\221\305\341\316\031h?\276\005\207\253\236\tL;\371W\315\233X\345O\203\332\240\005\360\n\003"";   nodeid: ""\000\000\000\000\000\000\000\000\000\000\000\000\000\000\000\000\000\000\000\000\000\000\000\000\000\000\000\000\000\000\000\000\000""; }; "
1750527541063,1750527541063,3375,1,0,1,TMGetLedger,"itype: liTS_CANDIDATE; ledgerHash: ""\341\310\354\0213\033\013\350\207z\236R(|z&\034\335\266\323\356\205\273DV\210\254\213T\rZ\347""; nodeIDs: ""\000\000\000\000\000\000\000\000\000\000\000\000\000\000\000\000\000\000\000\000\000\000\000\000\000\000\000\000\000\000\000\000\000""; requestCookie: 5; queryType: qtINDIRECT; queryDepth: 3; ","itype: liTS_CANDIDATE; ledgerHash: ""\341\310\354\0213\033\013\350\207z\236R(|z&\034\335\266\323\356\205\273DV\210\254\213T\rZ\347""; nodeIDs: ""\000\000\000\000\000\000\000\000\000\000\000\000\000\000\000\000\000\000\000\000\000\000\000\000\000\000\000\000\000\000\000\000\000""; requestCookie: 5; queryType: qtINDIRECT; queryDepth: 3; "
1750527541064,1750527541064,3719,1,2,4,TMGetLedger,"itype: liTS_CANDIDATE; ledgerHash: ""\363\262\310\025\251\261\276X\247\260J\221\345\357\037\231)|\321K\000\\326E\004\377\005\255""A?\250""; nodeIDs: ""\000\000\000\000\000\000\000\000\000\000\000\000\000\000\000\000\000\000\000\000\000\000\000\000\000\000\000\000\000\000\000\000\000""; requestCookie: 2; queryType: qtINDIRECT; queryDepth: 3; ","itype: liTS_CANDIDATE; ledgerHash: ""\363\262\310\025\251\261\276X\247\260J\221\345\357\037\231)|\321K\000\\326E\004\377\005\255""A?\250""; nodeIDs: ""\000\000\000\000\000\000\000\000\000\000\000\000\000\000\000\000\000\000\000\000\000\000\000\000\000\000\000\000\000\000\000\000\000""; requestCookie: 2; queryType: qtINDIRECT; queryDepth: 3; "
1750527541066,1750527541066,3378,1,4,0,TMLedgerData,"ledgerHash: ""\341\310\354\0213\033\013\350\207z\236R(|z&\034\335\266\323\356\205\273DV\210\254\213T\rZ\347""; ledgerSeq: 0; type: liTS_CANDIDATE; nodes {;   nodedata: ""\256\322m\2146\221\305\341\316\031h?\276\005\207\253\236\tL;\371W\315\233X\345O\203\332\240\005\360\n\003"";   nodeid: ""\000\000\000\000\000\000\000\000\000\000\000\000\000\000\000\000\000\000\000\000\000\000\000\000\000\000\000\000\000\000\000\000\000""; }; ","ledgerHash: ""\341\310\354\0213\033\013\350\207z\236R(|z&\034\335\266\323\356\205\273DV\210\254\213T\rZ\347""; ledgerSeq: 0; type: liTS_CANDIDATE; nodes {;   nodedata: ""\256\322m\2146\221\305\341\316\031h?\276\005\207\253\236\tL;\371W\315\233X\345O\203\332\240\005\360\n\003"";   nodeid: ""\000\000\000\000\000\000\000\000\000\000\000\000\000\000\000\000\000\000\000\000\000\000\000\000\000\000\000\000\000\000\000\000\000""; }; "
1750527541072,1750527541072,3818,1,0,2,TMLedgerData,"ledgerHash: ""3\321\n7\354)\tf\006\357\205B<h\272GQ \344\262\236\025#\003\024&\310\034\352\376\326""; ledgerSeq: 0; type: liTS_CANDIDATE; nodes {;   nodedata: ""'\240~~s\033\202\356\320\307\177Nt\203\315\245\305\276b\265\310\271\3319\245:\342=c\267\265\233\002\003"";   nodeid: ""\000\000\000\000\000\000\000\000\000\000\000\000\000\000\000\000\000\000\000\000\000\000\000\000\000\000\000\000\000\000\000\000\000""; }; requestCookie: 5; ","ledgerHash: ""3\321\n7\354)\tf\006\357\205B<h\272GQ \344\262\236\025#\003\024&\310\034\352\376\326""; ledgerSeq: 0; type: liTS_CANDIDATE; nodes {;   nodedata: ""'\240~~s\033\202\356\320\307\177Nt\203\315\245\305\276b\265\310\271\3319\245:\342=c\267\265\233\002\003"";   nodeid: ""\000\000\000\000\000\000\000\000\000\000\000\000\000\000\000\000\000\000\000\000\000\000\000\000\000\000\000\000\000\000\000\000\000""; }; requestCookie: 5; "
1750527541082,1750527541082,3578,1,1,3,TMLedgerData,"ledgerHash: ""\341\310\354\0213\033\013\350\207z\236R(|z&\034\335\266\323\356\205\273DV\210\254\213T\rZ\347""; ledgerSeq: 0; type: liTS_CANDIDATE; nodes {;   nodedata: ""\256\322m\2146\221\305\341\316\031h?\276\005\207\253\236\tL;\371W\315\233X\345O\203\332\240\005\360\n\003"";   nodeid: ""\000\000\000\000\000\000\000\000\000\000\000\000\000\000\000\000\000\000\000\000\000\000\000\000\000\000\000\000\000\000\000\000\000""; }; ","ledgerHash: ""\341\310\354\0213\033\013\350\207z\236R(|z&\034\335\266\323\356\205\273DV\210\254\213T\rZ\347""; ledgerSeq: 0; type: liTS_CANDIDATE; nodes {;   nodedata: ""\256\322m\2146\221\305\341\316\031h?\276\005\207\253\236\tL;\371W\315\233X\345O\203\332\240\005\360\n\003"";   nodeid: ""\000\000\000\000\000\000\000\000\000\000\000\000\000\000\000\000\000\000\000\000\000\000\000\000\000\000\000\000\000\000\000\000\000""; }; "
1750527541089,1750527541089,612,1,2,0,TMLedgerData,"ledgerHash: ""\341\310\354\0213\033\013\350\207z\236R(|z&\034\335\266\323\356\205\273DV\210\254\213T\rZ\347""; ledgerSeq: 0; type: liTS_CANDIDATE; nodes {;   nodedata: ""\256\322m\2146\221\305\341\316\031h?\276\005\207\253\236\tL;\371W\315\233X\345O\203\332\240\005\360\n\003"";   nodeid: ""\000\000\000\000\000\000\000\000\000\000\000\000\000\000\000\000\000\000\000\000\000\000\000\000\000\000\000\000\000\000\000\000\000""; }; ","ledgerHash: ""\341\310\354\0213\033\013\350\207z\236R(|z&\034\335\266\323\356\205\273DV\210\254\213T\rZ\347""; ledgerSeq: 0; type: liTS_CANDIDATE; nodes {;   nodedata: ""\256\322m\2146\221\305\341\316\031h?\276\005\207\253\236\tL;\371W\315\233X\345O\203\332\240\005\360\n\003"";   nodeid: ""\000\000\000\000\000\000\000\000\000\000\000\000\000\000\000\000\000\000\000\000\000\000\000\000\000\000\000\000\000\000\000\000\000""; }; "
1750527541100,1750527541100,1665,1,2,3,TMLedgerData,"ledgerHash: ""\276\230H\305\2714\032l\253n6W\035\354\257.f\r\217\302\203\224\212L\020\S\370\243OP*""; ledgerSeq: 7; type: liBASE; nodes {;   nodedata: ""\000\000\000\007\001cEx]\211\377\342\360\215\2502\265\245\310\226\243c\302Ze\306\253#r\020\211\320iG\276\020E\317\035Sf\223F\254\000\000\000\000\000\000\000\000\000\000\000\000\000\000\000\000\000\000\000\000\000\000\000\000\000\000\000\000\000\000\000\000\302r\207\007\303\237KvzB\356\335\030k\303\312\246:\352\202\037\210\2545\307\004\232\232\026\223SW/\351\252\253/\351\252\264\n\000""; }; nodes {;   nodedata: ""\341\035\262xv\226\317f5\366\365\252a\177\355\302\326\t\222~j\320f\374/ \363\256\257\361 \303\001\301\025%1L\307\t\261\262z\374\222T\301\274V\236\223\262\270Ct\362\337b\356\024*\324\320\351\317\002k\336\234\027v\351\217\260\303\360\233ZPZWr\246$w\313\313\r\243r\232\2234\373\3539:N\004;tP\302\307\005x\n\302lQ\275\237<g\321\233$\274p\355\310J\230\370\306\264\314\367C\275\272\006E\344\037@\210\363\010\336T\226\247'\204_{\261\370""1\235\2445\343\033Y!\212\201\341\272\225'\007Z\314\023h\n\020~\036\324P\254\001\274\227n\020\273\023\010\nq\216Z\344\004\3612B\205\257\335\036\013\003""; }; ","ledgerHash: ""\276\230H\305\2714\032l\253n6W\035\354\257.f\r\217\302\203\224\212L\020\S\370\243OP*""; ledgerSeq: 7; type: liBASE; nodes {;   nodedata: ""\000\000\000\007\001cEx]\211\377\342\360\215\2502\265\245\310\226\243c\302Ze\306\253#r\020\211\320iG\276\020E\317\035Sf\223F\254\000\000\000\000\000\000\000\000\000\000\000\000\000\000\000\000\000\000\000\000\000\000\000\000\000\000\000\000\000\000\000\000\302r\207\007\303\237KvzB\356\335\030k\303\312\246:\352\202\037\210\2545\307\004\232\232\026\223SW/\351\252\253/\351\252\264\n\000""; }; nodes {;   nodedata: ""\341\035\262xv\226\317f5\366\365\252a\177\355\302\326\t\222~j\320f\374/ \363\256\257\361 \303\001\301\025%1L\307\t\261\262z\374\222T\301\274V\236\223\262\270Ct\362\337b\356\024*\324\320\351\317\002k\336\234\027v\351\217\260\303\360\233ZPZWr\246$w\313\313\r\243r\232\2234\373\3539:N\004;tP\302\307\005x\n\302lQ\275\237<g\321\233$\274p\355\310J\230\370\306\264\314\367C\275\272\006E\344\037@\210\363\010\336T\226\247'\204_{\261\370""1\235\2445\343\033Y!\212\201\341\272\225'\007Z\314\023h\n\020~\036\324P\254\001\274\227n\020\273\023\010\nq\216Z\344\004\3612B\205\257\335\036\013\003""; }; "
1750527541104,1750527541104,1996,1,0,4,TMLedgerData,"ledgerHash: ""3\321\n7\354)\tf\006\357\205B<h\272GQ \344\262\236\025#\003\024&\310\034\352\376\326""; ledgerSeq: 0; type: liTS_CANDIDATE; nodes {;   nodedata: ""'\240~~s\033\202\356\320\307\177Nt\203\315\245\305\276b\265\310\271\3319\245:\342=c\267\265\233\002\003"";   nodeid: ""\000\000\000\000\000\000\000\000\000\000\000\000\000\000\000\000\000\000\000\000\000\000\000\000\000\000\000\000\000\000\000\000\000""; }; requestCookie: 4; ","ledgerHash: ""3\321\n7\354)\tf\006\357\205B<h\272GQ \344\262\236\025#\003\024&\310\034\352\376\326""; ledgerSeq: 0; type: liTS_CANDIDATE; nodes {;   nodedata: ""'\240~~s\033\202\356\320\307\177Nt\203\315\245\305\276b\265\310\271\3319\245:\342=c\267\265\233\002\003"";   nodeid: ""\000\000\000\000\000\000\000\000\000\000\000\000\000\000\000\000\000\000\000\000\000\000\000\000\000\000\000\000\000\000\000\000\000""; }; requestCookie: 4; "
1750527541104,1750527541104,1996,1,0,4,TMLedgerData,"ledgerHash: ""3\321\n7\354)\tf\006\357\205B<h\272GQ \344\262\236\025#\003\024&\310\034\352\376\326""; ledgerSeq: 0; type: liTS_CANDIDATE; nodes {;   nodedata: ""'\240~~s\033\202\356\320\307\177Nt\203\315\245\305\276b\265\310\271\3319\245:\342=c\267\265\233\002\003"";   nodeid: ""\000\000\000\000\000\000\000\000\000\000\000\000\000\000\000\000\000\000\000\000\000\000\000\000\000\000\000\000\000\000\000\000\000""; }; ","ledgerHash: ""3\321\n7\354)\tf\006\357\205B<h\272GQ \344\262\236\025#\003\024&\310\034\352\376\326""; ledgerSeq: 0; type: liTS_CANDIDATE; nodes {;   nodedata: ""'\240~~s\033\202\356\320\307\177Nt\203\315\245\305\276b\265\310\271\3319\245:\342=c\267\265\233\002\003"";   nodeid: ""\000\000\000\000\000\000\000\000\000\000\000\000\000\000\000\000\000\000\000\000\000\000\000\000\000\000\000\000\000\000\000\000\000""; }; "
1750527541112,1750527541112,1968,1,1,2,TMLedgerData,"ledgerHash: ""\341\310\354\0213\033\013\350\207z\236R(|z&\034\335\266\323\356\205\273DV\210\254\213T\rZ\347""; ledgerSeq: 0; type: liTS_CANDIDATE; nodes {;   nodedata: ""\256\322m\2146\221\305\341\316\031h?\276\005\207\253\236\tL;\371W\315\233X\345O\203\332\240\005\360\n\003"";   nodeid: ""\000\000\000\000\000\000\000\000\000\000\000\000\000\000\000\000\000\000\000\000\000\000\000\000\000\000\000\000\000\000\000\000\000""; }; ","ledgerHash: ""\341\310\354\0213\033\013\350\207z\236R(|z&\034\335\266\323\356\205\273DV\210\254\213T\rZ\347""; ledgerSeq: 0; type: liTS_CANDIDATE; nodes {;   nodedata: ""\256\322m\2146\221\305\341\316\031h?\276\005\207\253\236\tL;\371W\315\233X\345O\203\332\240\005\360\n\003"";   nodeid: ""\000\000\000\000\000\000\000\000\000\000\000\000\000\000\000\000\000\000\000\000\000\000\000\000\000\000\000\000\000\000\000\000\000""; }; "
1750527541114,1750527541114,1199,1,0,2,TMGetLedger,"itype: liTS_CANDIDATE; ledgerHash: ""\363\262\310\025\251\261\276X\247\260J\221\345\357\037\231)|\321K\000\\326E\004\377\005\255""A?\250""; nodeIDs: ""\000\000\000\000\000\000\000\000\000\000\000\000\000\000\000\000\000\000\000\000\000\000\000\000\000\000\000\000\000\000\000\000\000""; queryType: qtINDIRECT; queryDepth: 3; ","itype: liTS_CANDIDATE; ledgerHash: ""\363\262\310\025\251\261\276X\247\260J\221\345\357\037\231)|\321K\000\\326E\004\377\005\255""A?\250""; nodeIDs: ""\000\000\000\000\000\000\000\000\000\000\000\000\000\000\000\000\000\000\000\000\000\000\000\000\000\000\000\000\000\000\000\000\000""; queryType: qtINDIRECT; queryDepth: 3; "
1750527541115,1750527541115,380,1,0,4,TMGetLedger,"itype: liTS_CANDIDATE; ledgerHash: ""\363\262\310\025\251\261\276X\247\260J\221\345\357\037\231)|\321K\000\\326E\004\377\005\255""A?\250""; nodeIDs: ""\000\000\000\000\000\000\000\000\000\000\000\000\000\000\000\000\000\000\000\000\000\000\000\000\000\000\000\000\000\000\000\000\000""; queryType: qtINDIRECT; queryDepth: 3; ","itype: liTS_CANDIDATE; ledgerHash: ""\363\262\310\025\251\261\276X\247\260J\221\345\357\037\231)|\321K\000\\326E\004\377\005\255""A?\250""; nodeIDs: ""\000\000\000\000\000\000\000\000\000\000\000\000\000\000\000\000\000\000\000\000\000\000\000\000\000\000\000\000\000\000\000\000\000""; queryType: qtINDIRECT; queryDepth: 3; "
1750527541114,1750527541115,3094,1,0,3,TMGetLedger,"itype: liTS_CANDIDATE; ledgerHash: ""\363\262\310\025\251\261\276X\247\260J\221\345\357\037\231)|\321K\000\\326E\004\377\005\255""A?\250""; nodeIDs: ""\000\000\000\000\000\000\000\000\000\000\000\000\000\000\000\000\000\000\000\000\000\000\000\000\000\000\000\000\000\000\000\000\000""; queryType: qtINDIRECT; queryDepth: 3; ","itype: liTS_CANDIDATE; ledgerHash: ""\363\262\310\025\251\261\276X\247\260J\221\345\357\037\231)|\321K\000\\326E\004\377\005\255""A?\250""; nodeIDs: ""\000\000\000\000\000\000\000\000\000\000\000\000\000\000\000\000\000\000\000\000\000\000\000\000\000\000\000\000\000\000\000\000\000""; queryType: qtINDIRECT; queryDepth: 3; "
1750527541115,1750527541115,3375,1,0,1,TMGetLedger,"itype: liTS_CANDIDATE; ledgerHash: ""\363\262\310\025\251\261\276X\247\260J\221\345\357\037\231)|\321K\000\\326E\004\377\005\255""A?\250""; nodeIDs: ""\000\000\000\000\000\000\000\000\000\000\000\000\000\000\000\000\000\000\000\000\000\000\000\000\000\000\000\000\000\000\000\000\000""; queryType: qtINDIRECT; queryDepth: 3; ","itype: liTS_CANDIDATE; ledgerHash: ""\363\262\310\025\251\261\276X\247\260J\221\345\357\037\231)|\321K\000\\326E\004\377\005\255""A?\250""; nodeIDs: ""\000\000\000\000\000\000\000\000\000\000\000\000\000\000\000\000\000\000\000\000\000\000\000\000\000\000\000\000\000\000\000\000\000""; queryType: qtINDIRECT; queryDepth: 3; "
1750527541122,1750527541123,1212,1,2,4,TMLedgerData,"ledgerHash: ""\276\230H\305\2714\032l\253n6W\035\354\257.f\r\217\302\203\224\212L\020\S\370\243OP*""; ledgerSeq: 7; type: liBASE; nodes {;   nodedata: ""\000\000\000\007\001cEx]\211\377\342\360\215\2502\265\245\310\226\243c\302Ze\306\253#r\020\211\320iG\276\020E\317\035Sf\223F\254\000\000\000\000\000\000\000\000\000\000\000\000\000\000\000\000\000\000\000\000\000\000\000\000\000\000\000\000\000\000\000\000\302r\207\007\303\237KvzB\356\335\030k\303\312\246:\352\202\037\210\2545\307\004\232\232\026\223SW/\351\252\253/\351\252\264\n\000""; }; nodes {;   nodedata: ""\341\035\262xv\226\317f5\366\365\252a\177\355\302\326\t\222~j\320f\374/ \363\256\257\361 \303\001\301\025%1L\307\t\261\262z\374\222T\301\274V\236\223\262\270Ct\362\337b\356\024*\324\320\351\317\002k\336\234\027v\351\217\260\303\360\233ZPZWr\246$w\313\313\r\243r\232\2234\373\3539:N\004;tP\302\307\005x\n\302lQ\275\237<g\321\233$\274p\355\310J\230\370\306\264\314\367C\275\272\006E\344\037@\210\363\010\336T\226\247'\204_{\261\370""1\235\2445\343\033Y!\212\201\341\272\225'\007Z\314\023h\n\020~\036\324P\254\001\274\227n\020\273\023\010\nq\216Z\344\004\3612B\205\257\335\036\013\003""; }; ","ledgerHash: ""\276\230H\305\2714\032l\253n6W\035\354\257.f\r\217\302\203\224\212L\020\S\370\243OP*""; ledgerSeq: 7; type: liBASE; nodes {;   nodedata: ""\000\000\000\007\001cEx]\211\377\342\360\215\2502\265\245\310\226\243c\302Ze\306\253#r\020\211\320iG\276\020E\317\035Sf\223F\254\000\000\000\000\000\000\000\000\000\000\000\000\000\000\000\000\000\000\000\000\000\000\000\000\000\000\000\000\000\000\000\000\302r\207\007\303\237KvzB\356\335\030k\303\312\246:\352\202\037\210\2545\307\004\232\232\026\223SW/\351\252\253/\351\252\264\n\000""; }; nodes {;   nodedata: ""\341\035\262xv\226\317f5\366\365\252a\177\355\302\326\t\222~j\320f\374/ \363\256\257\361 \303\001\301\025%1L\307\t\261\262z\374\222T\301\274V\236\223\262\270Ct\362\337b\356\024*\324\320\351\317\002k\336\234\027v\351\217\260\303\360\233ZPZWr\246$w\313\313\r\243r\232\2234\373\3539:N\004;tP\302\307\005x\n\302lQ\275\237<g\321\233$\274p\355\310J\230\370\306\264\314\367C\275\272\006E\344\037@\210\363\010\336T\226\247'\204_{\261\370""1\235\2445\343\033Y!\212\201\341\272\225'\007Z\314\023h\n\020~\036\324P\254\001\274\227n\020\273\023\010\nq\216Z\344\004\3612B\205\257\335\036\013\003""; }; "
1750527541123,1750527541124,1212,1,2,4,TMLedgerData,"ledgerHash: ""\276\230H\305\2714\032l\253n6W\035\354\257.f\r\217\302\203\224\212L\020\S\370\243OP*""; ledgerSeq: 7; type: liBASE; nodes {;   nodedata: ""\000\000\000\007\001cEx]\211\377\342\360\215\2502\265\245\310\226\243c\302Ze\306\253#r\020\211\320iG\276\020E\317\035Sf\223F\254\000\000\000\000\000\000\000\000\000\000\000\000\000\000\000\000\000\000\000\000\000\000\000\000\000\000\000\000\000\000\000\000\302r\207\007\303\237KvzB\356\335\030k\303\312\246:\352\202\037\210\2545\307\004\232\232\026\223SW/\351\252\253/\351\252\264\n\000""; }; nodes {;   nodedata: ""\341\035\262xv\226\317f5\366\365\252a\177\355\302\326\t\222~j\320f\374/ \363\256\257\361 \303\001\301\025%1L\307\t\261\262z\374\222T\301\274V\236\223\262\270Ct\362\337b\356\024*\324\320\351\317\002k\336\234\027v\351\217\260\303\360\233ZPZWr\246$w\313\313\r\243r\232\2234\373\3539:N\004;tP\302\307\005x\n\302lQ\275\237<g\321\233$\274p\355\310J\230\370\306\264\314\367C\275\272\006E\344\037@\210\363\010\336T\226\247'\204_{\261\370""1\235\2445\343\033Y!\212\201\341\272\225'\007Z\314\023h\n\020~\036\324P\254\001\274\227n\020\273\023\010\nq\216Z\344\004\3612B\205\257\335\036\013\003""; }; ","ledgerHash: ""\276\230H\305\2714\032l\253n6W\035\354\257.f\r\217\302\203\224\212L\020\S\370\243OP*""; ledgerSeq: 7; type: liBASE; nodes {;   nodedata: ""\000\000\000\007\001cEx]\211\377\342\360\215\2502\265\245\310\226\243c\302Ze\306\253#r\020\211\320iG\276\020E\317\035Sf\223F\254\000\000\000\000\000\000\000\000\000\000\000\000\000\000\000\000\000\000\000\000\000\000\000\000\000\000\000\000\000\000\000\000\302r\207\007\303\237KvzB\356\335\030k\303\312\246:\352\202\037\210\2545\307\004\232\232\026\223SW/\351\252\253/\351\252\264\n\000""; }; nodes {;   nodedata: ""\341\035\262xv\226\317f5\366\365\252a\177\355\302\326\t\222~j\320f\374/ \363\256\257\361 \303\001\301\025%1L\307\t\261\262z\374\222T\301\274V\236\223\262\270Ct\362\337b\356\024*\324\320\351\317\002k\336\234\027v\351\217\260\303\360\233ZPZWr\246$w\313\313\r\243r\232\2234\373\3539:N\004;tP\302\307\005x\n\302lQ\275\237<g\321\233$\274p\355\310J\230\370\306\264\314\367C\275\272\006E\344\037@\210\363\010\336T\226\247'\204_{\261\370""1\235\2445\343\033Y!\212\201\341\272\225'\007Z\314\023h\n\020~\036\324P\254\001\274\227n\020\273\023\010\nq\216Z\344\004\3612B\205\257\335\036\013\003""; }; "
1750527541124,1750527541125,1782,1,1,4,TMLedgerData,"ledgerHash: ""\341\310\354\0213\033\013\350\207z\236R(|z&\034\335\266\323\356\205\273DV\210\254\213T\rZ\347""; ledgerSeq: 0; type: liTS_CANDIDATE; nodes {;   nodedata: ""\256\322m\2146\221\305\341\316\031h?\276\005\207\253\236\tL;\371W\315\233X\345O\203\332\240\005\360\n\003"";   nodeid: ""\000\000\000\000\000\000\000\000\000\000\000\000\000\000\000\000\000\000\000\000\000\000\000\000\000\000\000\000\000\000\000\000\000""; }; requestCookie: 4; ","ledgerHash: ""\341\310\354\0213\033\013\350\207z\236R(|z&\034\335\266\323\356\205\273DV\210\254\213T\rZ\347""; ledgerSeq: 0; type: liTS_CANDIDATE; nodes {;   nodedata: ""\256\322m\2146\221\305\341\316\031h?\276\005\207\253\236\tL;\371W\315\233X\345O\203\332\240\005\360\n\003"";   nodeid: ""\000\000\000\000\000\000\000\000\000\000\000\000\000\000\000\000\000\000\000\000\000\000\000\000\000\000\000\000\000\000\000\000\000""; }; requestCookie: 4; "
1750527541134,1750527541134,3375,1,0,1,TMGetLedger,"itype: liTS_CANDIDATE; ledgerHash: ""\341\310\354\0213\033\013\350\207z\236R(|z&\034\335\266\323\356\205\273DV\210\254\213T\rZ\347""; nodeIDs: ""\000\000\000\000\000\000\000\000\000\000\000\000\000\000\000\000\000\000\000\000\000\000\000\000\000\000\000\000\000\000\000\000\000""; requestCookie: 3; queryType: qtINDIRECT; queryDepth: 3; ","itype: liTS_CANDIDATE; ledgerHash: ""\341\310\354\0213\033\013\350\207z\236R(|z&\034\335\266\323\356\205\273DV\210\254\213T\rZ\347""; nodeIDs: ""\000\000\000\000\000\000\000\000\000\000\000\000\000\000\000\000\000\000\000\000\000\000\000\000\000\000\000\000\000\000\000\000\000""; requestCookie: 3; queryType: qtINDIRECT; queryDepth: 3; "
1750527541135,1750527541135,3375,1,0,1,TMGetLedger,"itype: liTS_CANDIDATE; ledgerHash: ""\341\310\354\0213\033\013\350\207z\236R(|z&\034\335\266\323\356\205\273DV\210\254\213T\rZ\347""; nodeIDs: ""\000\000\000\000\000\000\000\000\000\000\000\000\000\000\000\000\000\000\000\000\000\000\000\000\000\000\000\000\000\000\000\000\000""; requestCookie: 4; queryType: qtINDIRECT; queryDepth: 3; ","itype: liTS_CANDIDATE; ledgerHash: ""\341\310\354\0213\033\013\350\207z\236R(|z&\034\335\266\323\356\205\273DV\210\254\213T\rZ\347""; nodeIDs: ""\000\000\000\000\000\000\000\000\000\000\000\000\000\000\000\000\000\000\000\000\000\000\000\000\000\000\000\000\000\000\000\000\000""; requestCookie: 4; queryType: qtINDIRECT; queryDepth: 3; "
1750527541138,1750527541138,3375,1,0,1,TMGetLedger,"itype: liTS_CANDIDATE; ledgerHash: ""\341\310\354\0213\033\013\350\207z\236R(|z&\034\335\266\323\356\205\273DV\210\254\213T\rZ\347""; nodeIDs: ""\000\000\000\000\000\000\000\000\000\000\000\000\000\000\000\000\000\000\000\000\000\000\000\000\000\000\000\000\000\000\000\000\000""; queryType: qtINDIRECT; queryDepth: 3; ","itype: liTS_CANDIDATE; ledgerHash: ""\341\310\354\0213\033\013\350\207z\236R(|z&\034\335\266\323\356\205\273DV\210\254\213T\rZ\347""; nodeIDs: ""\000\000\000\000\000\000\000\000\000\000\000\000\000\000\000\000\000\000\000\000\000\000\000\000\000\000\000\000\000\000\000\000\000""; queryType: qtINDIRECT; queryDepth: 3; "
1750527541138,1750527541138,3094,1,0,3,TMGetLedger,"itype: liTS_CANDIDATE; ledgerHash: ""\341\310\354\0213\033\013\350\207z\236R(|z&\034\335\266\323\356\205\273DV\210\254\213T\rZ\347""; nodeIDs: ""\000\000\000\000\000\000\000\000\000\000\000\000\000\000\000\000\000\000\000\000\000\000\000\000\000\000\000\000\000\000\000\000\000""; queryType: qtINDIRECT; queryDepth: 3; ","itype: liTS_CANDIDATE; ledgerHash: ""\341\310\354\0213\033\013\350\207z\236R(|z&\034\335\266\323\356\205\273DV\210\254\213T\rZ\347""; nodeIDs: ""\000\000\000\000\000\000\000\000\000\000\000\000\000\000\000\000\000\000\000\000\000\000\000\000\000\000\000\000\000\000\000\000\000""; queryType: qtINDIRECT; queryDepth: 3; "
1750527541139,1750527541140,380,1,0,4,TMGetLedger,"itype: liTS_CANDIDATE; ledgerHash: ""\341\310\354\0213\033\013\350\207z\236R(|z&\034\335\266\323\356\205\273DV\210\254\213T\rZ\347""; nodeIDs: ""\000\000\000\000\000\000\000\000\000\000\000\000\000\000\000\000\000\000\000\000\000\000\000\000\000\000\000\000\000\000\000\000\000""; queryType: qtINDIRECT; queryDepth: 3; ","itype: liTS_CANDIDATE; ledgerHash: ""\341\310\354\0213\033\013\350\207z\236R(|z&\034\335\266\323\356\205\273DV\210\254\213T\rZ\347""; nodeIDs: ""\000\000\000\000\000\000\000\000\000\000\000\000\000\000\000\000\000\000\000\000\000\000\000\000\000\000\000\000\000\000\000\000\000""; queryType: qtINDIRECT; queryDepth: 3; "
1750527541139,1750527541139,1782,1,1,4,TMLedgerData,"ledgerHash: ""\341\310\354\0213\033\013\350\207z\236R(|z&\034\335\266\323\356\205\273DV\210\254\213T\rZ\347""; ledgerSeq: 0; type: liTS_CANDIDATE; nodes {;   nodedata: ""\256\322m\2146\221\305\341\316\031h?\276\005\207\253\236\tL;\371W\315\233X\345O\203\332\240\005\360\n\003"";   nodeid: ""\000\000\000\000\000\000\000\000\000\000\000\000\000\000\000\000\000\000\000\000\000\000\000\000\000\000\000\000\000\000\000\000\000""; }; requestCookie: 1; ","ledgerHash: ""\341\310\354\0213\033\013\350\207z\236R(|z&\034\335\266\323\356\205\273DV\210\254\213T\rZ\347""; ledgerSeq: 0; type: liTS_CANDIDATE; nodes {;   nodedata: ""\256\322m\2146\221\305\341\316\031h?\276\005\207\253\236\tL;\371W\315\233X\345O\203\332\240\005\360\n\003"";   nodeid: ""\000\000\000\000\000\000\000\000\000\000\000\000\000\000\000\000\000\000\000\000\000\000\000\000\000\000\000\000\000\000\000\000\000""; }; requestCookie: 1; "
1750527541138,1750527541139,1199,1,0,2,TMGetLedger,"itype: liTS_CANDIDATE; ledgerHash: ""\341\310\354\0213\033\013\350\207z\236R(|z&\034\335\266\323\356\205\273DV\210\254\213T\rZ\347""; nodeIDs: ""\000\000\000\000\000\000\000\000\000\000\000\000\000\000\000\000\000\000\000\000\000\000\000\000\000\000\000\000\000\000\000\000\000""; queryType: qtINDIRECT; queryDepth: 3; ","itype: liTS_CANDIDATE; ledgerHash: ""\341\310\354\0213\033\013\350\207z\236R(|z&\034\335\266\323\356\205\273DV\210\254\213T\rZ\347""; nodeIDs: ""\000\000\000\000\000\000\000\000\000\000\000\000\000\000\000\000\000\000\000\000\000\000\000\000\000\000\000\000\000\000\000\000\000""; queryType: qtINDIRECT; queryDepth: 3; "
1750527541141,1750527541142,1665,1,2,3,TMLedgerData,"ledgerHash: ""\276\230H\305\2714\032l\253n6W\035\354\257.f\r\217\302\203\224\212L\020\S\370\243OP*""; ledgerSeq: 7; type: liBASE; nodes {;   nodedata: ""\000\000\000\007\001cEx]\211\377\342\360\215\2502\265\245\310\226\243c\302Ze\306\253#r\020\211\320iG\276\020E\317\035Sf\223F\254\000\000\000\000\000\000\000\000\000\000\000\000\000\000\000\000\000\000\000\000\000\000\000\000\000\000\000\000\000\000\000\000\302r\207\007\303\237KvzB\356\335\030k\303\312\246:\352\202\037\210\2545\307\004\232\232\026\223SW/\351\252\253/\351\252\264\n\000""; }; nodes {;   nodedata: ""\341\035\262xv\226\317f5\366\365\252a\177\355\302\326\t\222~j\320f\374/ \363\256\257\361 \303\001\301\025%1L\307\t\261\262z\374\222T\301\274V\236\223\262\270Ct\362\337b\356\024*\324\320\351\317\002k\336\234\027v\351\217\260\303\360\233ZPZWr\246$w\313\313\r\243r\232\2234\373\3539:N\004;tP\302\307\005x\n\302lQ\275\237<g\321\233$\274p\355\310J\230\370\306\264\314\367C\275\272\006E\344\037@\210\363\010\336T\226\247'\204_{\261\370""1\235\2445\343\033Y!\212\201\341\272\225'\007Z\314\023h\n\020~\036\324P\254\001\274\227n\020\273\023\010\nq\216Z\344\004\3612B\205\257\335\036\013\003""; }; ","ledgerHash: ""\276\230H\305\2714\032l\253n6W\035\354\257.f\r\217\302\203\224\212L\020\S\370\243OP*""; ledgerSeq: 7; type: liBASE; nodes {;   nodedata: ""\000\000\000\007\001cEx]\211\377\342\360\215\2502\265\245\310\226\243c\302Ze\306\253#r\020\211\320iG\276\020E\317\035Sf\223F\254\000\000\000\000\000\000\000\000\000\000\000\000\000\000\000\000\000\000\000\000\000\000\000\000\000\000\000\000\000\000\000\000\302r\207\007\303\237KvzB\356\335\030k\303\312\246:\352\202\037\210\2545\307\004\232\232\026\223SW/\351\252\253/\351\252\264\n\000""; }; nodes {;   nodedata: ""\341\035\262xv\226\317f5\366\365\252a\177\355\302\326\t\222~j\320f\374/ \363\256\257\361 \303\001\301\025%1L\307\t\261\262z\374\222T\301\274V\236\223\262\270Ct\362\337b\356\024*\324\320\351\317\002k\336\234\027v\351\217\260\303\360\233ZPZWr\246$w\313\313\r\243r\232\2234\373\3539:N\004;tP\302\307\005x\n\302lQ\275\237<g\321\233$\274p\355\310J\230\370\306\264\314\367C\275\272\006E\344\037@\210\363\010\336T\226\247'\204_{\261\370""1\235\2445\343\033Y!\212\201\341\272\225'\007Z\314\023h\n\020~\036\324P\254\001\274\227n\020\273\023\010\nq\216Z\344\004\3612B\205\257\335\036\013\003""; }; "
1750527541142,1750527541142,1434,1,0,1,TMLedgerData,"ledgerHash: ""3\321\n7\354)\tf\006\357\205B<h\272GQ \344\262\236\025#\003\024&\310\034\352\376\326""; ledgerSeq: 0; type: liTS_CANDIDATE; nodes {;   nodedata: ""'\240~~s\033\202\356\320\307\177Nt\203\315\245\305\276b\265\310\271\3319\245:\342=c\267\265\233\002\003"";   nodeid: ""\000\000\000\000\000\000\000\000\000\000\000\000\000\000\000\000\000\000\000\000\000\000\000\000\000\000\000\000\000\000\000\000\000""; }; requestCookie: 4; ","ledgerHash: ""3\321\n7\354)\tf\006\357\205B<h\272GQ \344\262\236\025#\003\024&\310\034\352\376\326""; ledgerSeq: 0; type: liTS_CANDIDATE; nodes {;   nodedata: ""'\240~~s\033\202\356\320\307\177Nt\203\315\245\305\276b\265\310\271\3319\245:\342=c\267\265\233\002\003"";   nodeid: ""\000\000\000\000\000\000\000\000\000\000\000\000\000\000\000\000\000\000\000\000\000\000\000\000\000\000\000\000\000\000\000\000\000""; }; requestCookie: 4; "
1750527541159,1750527541159,2794,1,3,2,TMGetLedger,"itype: liBASE; ledgerHash: ""\276\230H\305\2714\032l\253n6W\035\354\257.f\r\217\302\203\224\212L\020\S\370\243OP*""; requestCookie: 2; queryType: qtINDIRECT; ","itype: liBASE; ledgerHash: ""\276\230H\305\2714\032l\253n6W\035\354\257.f\r\217\302\203\224\212L\020\S\370\243OP*""; requestCookie: 2; queryType: qtINDIRECT; "
1750527541191,1750527541191,1212,1,2,4,TMLedgerData,"ledgerHash: ""\341\310\354\0213\033\013\350\207z\236R(|z&\034\335\266\323\356\205\273DV\210\254\213T\rZ\347""; ledgerSeq: 0; type: liTS_CANDIDATE; nodes {;   nodedata: ""\256\322m\2146\221\305\341\316\031h?\276\005\207\253\236\tL;\371W\315\233X\345O\203\332\240\005\360\n\003"";   nodeid: ""\000\000\000\000\000\000\000\000\000\000\000\000\000\000\000\000\000\000\000\000\000\000\000\000\000\000\000\000\000\000\000\000\000""; }; ","ledgerHash: ""\341\310\354\0213\033\013\350\207z\236R(|z&\034\335\266\323\356\205\273DV\210\254\213T\rZ\347""; ledgerSeq: 0; type: liTS_CANDIDATE; nodes {;   nodedata: ""\256\322m\2146\221\305\341\316\031h?\276\005\207\253\236\tL;\371W\315\233X\345O\203\332\240\005\360\n\003"";   nodeid: ""\000\000\000\000\000\000\000\000\000\000\000\000\000\000\000\000\000\000\000\000\000\000\000\000\000\000\000\000\000\000\000\000\000""; }; "
1750527541225,1750527541225,589,1,2,0,TMGetLedger,"itype: liTS_CANDIDATE; ledgerHash: ""3\321\n7\354)\tf\006\357\205B<h\272GQ \344\262\236\025#\003\024&\310\034\352\376\326""; nodeIDs: ""\000\000\000\000\000\000\000\000\000\000\000\000\000\000\000\000\000\000\000\000\000\000\000\000\000\000\000\000\000\000\000\000\000""; requestCookie: 5; queryType: qtINDIRECT; queryDepth: 3; ","itype: liTS_CANDIDATE; ledgerHash: ""3\321\n7\354)\tf\006\357\205B<h\272GQ \344\262\236\025#\003\024&\310\034\352\376\326""; nodeIDs: ""\000\000\000\000\000\000\000\000\000\000\000\000\000\000\000\000\000\000\000\000\000\000\000\000\000\000\000\000\000\000\000\000\000""; requestCookie: 5; queryType: qtINDIRECT; queryDepth: 3; "
1750527541232,1750527541232,1782,1,1,4,TMLedgerData,"ledgerHash: ""\341\310\354\0213\033\013\350\207z\236R(|z&\034\335\266\323\356\205\273DV\210\254\213T\rZ\347""; ledgerSeq: 0; type: liTS_CANDIDATE; nodes {;   nodedata: ""\256\322m\2146\221\305\341\316\031h?\276\005\207\253\236\tL;\371W\315\233X\345O\203\332\240\005\360\n\003"";   nodeid: ""\000\000\000\000\000\000\000\000\000\000\000\000\000\000\000\000\000\000\000\000\000\000\000\000\000\000\000\000\000\000\000\000\000""; }; ","ledgerHash: ""\341\310\354\0213\033\013\350\207z\236R(|z&\034\335\266\323\356\205\273DV\210\254\213T\rZ\347""; ledgerSeq: 0; type: liTS_CANDIDATE; nodes {;   nodedata: ""\256\322m\2146\221\305\341\316\031h?\276\005\207\253\236\tL;\371W\315\233X\345O\203\332\240\005\360\n\003"";   nodeid: ""\000\000\000\000\000\000\000\000\000\000\000\000\000\000\000\000\000\000\000\000\000\000\000\000\000\000\000\000\000\000\000\000\000""; }; "
1750527541235,1750527541235,1968,1,1,2,TMLedgerData,"ledgerHash: ""\341\310\354\0213\033\013\350\207z\236R(|z&\034\335\266\323\356\205\273DV\210\254\213T\rZ\347""; ledgerSeq: 0; type: liTS_CANDIDATE; nodes {;   nodedata: ""\256\322m\2146\221\305\341\316\031h?\276\005\207\253\236\tL;\371W\315\233X\345O\203\332\240\005\360\n\003"";   nodeid: ""\000\000\000\000\000\000\000\000\000\000\000\000\000\000\000\000\000\000\000\000\000\000\000\000\000\000\000\000\000\000\000\000\000""; }; requestCookie: 5; ","ledgerHash: ""\341\310\354\0213\033\013\350\207z\236R(|z&\034\335\266\323\356\205\273DV\210\254\213T\rZ\347""; ledgerSeq: 0; type: liTS_CANDIDATE; nodes {;   nodedata: ""\256\322m\2146\221\305\341\316\031h?\276\005\207\253\236\tL;\371W\315\233X\345O\203\332\240\005\360\n\003"";   nodeid: ""\000\000\000\000\000\000\000\000\000\000\000\000\000\000\000\000\000\000\000\000\000\000\000\000\000\000\000\000\000\000\000\000\000""; }; requestCookie: 5; "
1750527541254,1750527541254,1131,1,3,0,TMGetLedger,"itype: liTS_CANDIDATE; ledgerHash: ""\341\310\354\0213\033\013\350\207z\236R(|z&\034\335\266\323\356\205\273DV\210\254\213T\rZ\347""; nodeIDs: ""\000\000\000\000\000\000\000\000\000\000\000\000\000\000\000\000\000\000\000\000\000\000\000\000\000\000\000\000\000\000\000\000\000""; queryType: qtINDIRECT; queryDepth: 3; ","itype: liTS_CANDIDATE; ledgerHash: ""\341\310\354\0213\033\013\350\207z\236R(|z&\034\335\266\323\356\205\273DV\210\254\213T\rZ\347""; nodeIDs: ""\000\000\000\000\000\000\000\000\000\000\000\000\000\000\000\000\000\000\000\000\000\000\000\000\000\000\000\000\000\000\000\000\000""; queryType: qtINDIRECT; queryDepth: 3; "
1750527541255,1750527541255,2079,1,3,1,TMGetLedger,"itype: liTS_CANDIDATE; ledgerHash: ""\341\310\354\0213\033\013\350\207z\236R(|z&\034\335\266\323\356\205\273DV\210\254\213T\rZ\347""; nodeIDs: ""\000\000\000\000\000\000\000\000\000\000\000\000\000\000\000\000\000\000\000\000\000\000\000\000\000\000\000\000\000\000\000\000\000""; queryType: qtINDIRECT; queryDepth: 3; ","itype: liTS_CANDIDATE; ledgerHash: ""\341\310\354\0213\033\013\350\207z\236R(|z&\034\335\266\323\356\205\273DV\210\254\213T\rZ\347""; nodeIDs: ""\000\000\000\000\000\000\000\000\000\000\000\000\000\000\000\000\000\000\000\000\000\000\000\000\000\000\000\000\000\000\000\000\000""; queryType: qtINDIRECT; queryDepth: 3; "
1750527541255,1750527541255,2794,1,3,2,TMGetLedger,"itype: liTS_CANDIDATE; ledgerHash: ""\341\310\354\0213\033\013\350\207z\236R(|z&\034\335\266\323\356\205\273DV\210\254\213T\rZ\347""; nodeIDs: ""\000\000\000\000\000\000\000\000\000\000\000\000\000\000\000\000\000\000\000\000\000\000\000\000\000\000\000\000\000\000\000\000\000""; queryType: qtINDIRECT; queryDepth: 3; ","itype: liTS_CANDIDATE; ledgerHash: ""\341\310\354\0213\033\013\350\207z\236R(|z&\034\335\266\323\356\205\273DV\210\254\213T\rZ\347""; nodeIDs: ""\000\000\000\000\000\000\000\000\000\000\000\000\000\000\000\000\000\000\000\000\000\000\000\000\000\000\000\000\000\000\000\000\000""; queryType: qtINDIRECT; queryDepth: 3; "
1750527541255,1750527541255,1019,1,3,4,TMGetLedger,"itype: liTS_CANDIDATE; ledgerHash: ""\341\310\354\0213\033\013\350\207z\236R(|z&\034\335\266\323\356\205\273DV\210\254\213T\rZ\347""; nodeIDs: ""\000\000\000\000\000\000\000\000\000\000\000\000\000\000\000\000\000\000\000\000\000\000\000\000\000\000\000\000\000\000\000\000\000""; queryType: qtINDIRECT; queryDepth: 3; ","itype: liTS_CANDIDATE; ledgerHash: ""\341\310\354\0213\033\013\350\207z\236R(|z&\034\335\266\323\356\205\273DV\210\254\213T\rZ\347""; nodeIDs: ""\000\000\000\000\000\000\000\000\000\000\000\000\000\000\000\000\000\000\000\000\000\000\000\000\000\000\000\000\000\000\000\000\000""; queryType: qtINDIRECT; queryDepth: 3; "
1750527541261,1750527541261,1539,1,4,2,TMLedgerData,"ledgerHash: ""\341\310\354\0213\033\013\350\207z\236R(|z&\034\335\266\323\356\205\273DV\210\254\213T\rZ\347""; ledgerSeq: 0; type: liTS_CANDIDATE; nodes {;   nodedata: ""\256\322m\2146\221\305\341\316\031h?\276\005\207\253\236\tL;\371W\315\233X\345O\203\332\240\005\360\n\003"";   nodeid: ""\000\000\000\000\000\000\000\000\000\000\000\000\000\000\000\000\000\000\000\000\000\000\000\000\000\000\000\000\000\000\000\000\000""; }; ","ledgerHash: ""\341\310\354\0213\033\013\350\207z\236R(|z&\034\335\266\323\356\205\273DV\210\254\213T\rZ\347""; ledgerSeq: 0; type: liTS_CANDIDATE; nodes {;   nodedata: ""\256\322m\2146\221\305\341\316\031h?\276\005\207\253\236\tL;\371W\315\233X\345O\203\332\240\005\360\n\003"";   nodeid: ""\000\000\000\000\000\000\000\000\000\000\000\000\000\000\000\000\000\000\000\000\000\000\000\000\000\000\000\000\000\000\000\000\000""; }; "
1750527541261,1750527541262,1497,1,0,3,TMLedgerData,"ledgerHash: ""\276\230H\305\2714\032l\253n6W\035\354\257.f\r\217\302\203\224\212L\020\S\370\243OP*""; ledgerSeq: 7; type: liBASE; nodes {;   nodedata: ""\000\000\000\007\001cEx]\211\377\342\360\215\2502\265\245\310\226\243c\302Ze\306\253#r\020\211\320iG\276\020E\317\035Sf\223F\254\000\000\000\000\000\000\000\000\000\000\000\000\000\000\000\000\000\000\000\000\000\000\000\000\000\000\000\000\000\000\000\000\302r\207\007\303\237KvzB\356\335\030k\303\312\246:\352\202\037\210\2545\307\004\232\232\026\223SW/\351\252\253/\351\252\264\n\000""; }; nodes {;   nodedata: ""\341\035\262xv\226\317f5\366\365\252a\177\355\302\326\t\222~j\320f\374/ \363\256\257\361 \303\001\301\025%1L\307\t\261\262z\374\222T\301\274V\236\223\262\270Ct\362\337b\356\024*\324\320\351\317\002k\336\234\027v\351\217\260\303\360\233ZPZWr\246$w\313\313\r\243r\232\2234\373\3539:N\004;tP\302\307\005x\n\302lQ\275\237<g\321\233$\274p\355\310J\230\370\306\264\314\367C\275\272\006E\344\037@\210\363\010\336T\226\247'\204_{\261\370""1\235\2445\343\033Y!\212\201\341\272\225'\007Z\314\023h\n\020~\036\324P\254\001\274\227n\020\273\023\010\nq\216Z\344\004\3612B\205\257\335\036\013\003""; }; ","ledgerHash: ""\276\230H\305\2714\032l\253n6W\035\354\257.f\r\217\302\203\224\212L\020\S\370\243OP*""; ledgerSeq: 7; type: liBASE; nodes {;   nodedata: ""\000\000\000\007\001cEx]\211\377\342\360\215\2502\265\245\310\226\243c\302Ze\306\253#r\020\211\320iG\276\020E\317\035Sf\223F\254\000\000\000\000\000\000\000\000\000\000\000\000\000\000\000\000\000\000\000\000\000\000\000\000\000\000\000\000\000\000\000\000\302r\207\007\303\237KvzB\356\335\030k\303\312\246:\352\202\037\210\2545\307\004\232\232\026\223SW/\351\252\253/\351\252\264\n\000""; }; nodes {;   nodedata: ""\341\035\262xv\226\317f5\366\365\252a\177\355\302\326\t\222~j\320f\374/ \363\256\257\361 \303\001\301\025%1L\307\t\261\262z\374\222T\301\274V\236\223\262\270Ct\362\337b\356\024*\324\320\351\317\002k\336\234\027v\351\217\260\303\360\233ZPZWr\246$w\313\313\r\243r\232\2234\373\3539:N\004;tP\302\307\005x\n\302lQ\275\237<g\321\233$\274p\355\310J\230\370\306\264\314\367C\275\272\006E\344\037@\210\363\010\336T\226\247'\204_{\261\370""1\235\2445\343\033Y!\212\201\341\272\225'\007Z\314\023h\n\020~\036\324P\254\001\274\227n\020\273\023\010\nq\216Z\344\004\3612B\205\257\335\036\013\003""; }; "
1750527541268,1750527541268,2920,1,1,0,TMGetLedger,"itype: liTS_CANDIDATE; ledgerHash: ""3\321\n7\354)\tf\006\357\205B<h\272GQ \344\262\236\025#\003\024&\310\034\352\376\326""; nodeIDs: ""\000\000\000\000\000\000\000\000\000\000\000\000\000\000\000\000\000\000\000\000\000\000\000\000\000\000\000\000\000\000\000\000\000""; requestCookie: 5; queryType: qtINDIRECT; queryDepth: 3; ","itype: liTS_CANDIDATE; ledgerHash: ""3\321\n7\354)\tf\006\357\205B<h\272GQ \344\262\236\025#\003\024&\310\034\352\376\326""; nodeIDs: ""\000\000\000\000\000\000\000\000\000\000\000\000\000\000\000\000\000\000\000\000\000\000\000\000\000\000\000\000\000\000\000\000\000""; requestCookie: 5; queryType: qtINDIRECT; queryDepth: 3; "
1750527541270,1750527541270,3578,1,1,3,TMLedgerData,"ledgerHash: ""\341\310\354\0213\033\013\350\207z\236R(|z&\034\335\266\323\356\205\273DV\210\254\213T\rZ\347""; ledgerSeq: 0; type: liTS_CANDIDATE; nodes {;   nodedata: ""\256\322m\2146\221\305\341\316\031h?\276\005\207\253\236\tL;\371W\315\233X\345O\203\332\240\005\360\n\003"";   nodeid: ""\000\000\000\000\000\000\000\000\000\000\000\000\000\000\000\000\000\000\000\000\000\000\000\000\000\000\000\000\000\000\000\000\000""; }; requestCookie: 5; ","ledgerHash: ""\341\310\354\0213\033\013\350\207z\236R(|z&\034\335\266\323\356\205\273DV\210\254\213T\rZ\347""; ledgerSeq: 0; type: liTS_CANDIDATE; nodes {;   nodedata: ""\256\322m\2146\221\305\341\316\031h?\276\005\207\253\236\tL;\371W\315\233X\345O\203\332\240\005\360\n\003"";   nodeid: ""\000\000\000\000\000\000\000\000\000\000\000\000\000\000\000\000\000\000\000\000\000\000\000\000\000\000\000\000\000\000\000\000\000""; }; requestCookie: 5; "
1750527541272,1750527541272,3378,1,4,0,TMLedgerData,"ledgerHash: ""\363\262\310\025\251\261\276X\247\260J\221\345\357\037\231)|\321K\000\\326E\004\377\005\255""A?\250""; ledgerSeq: 0; type: liTS_CANDIDATE; nodes {;   nodedata: ""MJ\275'\324\005\036\313\204nW\300\362\327\016\205\236\021\351Q6\021\355\301\372\322\276g\026\243\361M\004\003"";   nodeid: ""\000\000\000\000\000\000\000\000\000\000\000\000\000\000\000\000\000\000\000\000\000\000\000\000\000\000\000\000\000\000\000\000\000""; }; ","ledgerHash: ""\363\262\310\025\251\261\276X\247\260J\221\345\357\037\231)|\321K\000\\326E\004\377\005\255""A?\250""; ledgerSeq: 0; type: liTS_CANDIDATE; nodes {;   nodedata: ""MJ\275'\324\005\036\313\204nW\300\362\327\016\205\236\021\351Q6\021\355\301\372\322\276g\026\243\361M\004\003"";   nodeid: ""\000\000\000\000\000\000\000\000\000\000\000\000\000\000\000\000\000\000\000\000\000\000\000\000\000\000\000\000\000\000\000\000\000""; }; "
1750527541272,1750527541272,3378,1,4,0,TMLedgerData,"ledgerHash: ""\341\310\354\0213\033\013\350\207z\236R(|z&\034\335\266\323\356\205\273DV\210\254\213T\rZ\347""; ledgerSeq: 0; type: liTS_CANDIDATE; nodes {;   nodedata: ""\256\322m\2146\221\305\341\316\031h?\276\005\207\253\236\tL;\371W\315\233X\345O\203\332\240\005\360\n\003"";   nodeid: ""\000\000\000\000\000\000\000\000\000\000\000\000\000\000\000\000\000\000\000\000\000\000\000\000\000\000\000\000\000\000\000\000\000""; }; ","ledgerHash: ""\341\310\354\0213\033\013\350\207z\236R(|z&\034\335\266\323\356\205\273DV\210\254\213T\rZ\347""; ledgerSeq: 0; type: liTS_CANDIDATE; nodes {;   nodedata: ""\256\322m\2146\221\305\341\316\031h?\276\005\207\253\236\tL;\371W\315\233X\345O\203\332\240\005\360\n\003"";   nodeid: ""\000\000\000\000\000\000\000\000\000\000\000\000\000\000\000\000\000\000\000\000\000\000\000\000\000\000\000\000\000\000\000\000\000""; }; "
1750527541274,1750527541274,2764,1,4,3,TMLedgerData,"ledgerHash: ""\341\310\354\0213\033\013\350\207z\236R(|z&\034\335\266\323\356\205\273DV\210\254\213T\rZ\347""; ledgerSeq: 0; type: liTS_CANDIDATE; nodes {;   nodedata: ""\256\322m\2146\221\305\341\316\031h?\276\005\207\253\236\tL;\371W\315\233X\345O\203\332\240\005\360\n\003"";   nodeid: ""\000\000\000\000\000\000\000\000\000\000\000\000\000\000\000\000\000\000\000\000\000\000\000\000\000\000\000\000\000\000\000\000\000""; }; ","ledgerHash: ""\341\310\354\0213\033\013\350\207z\236R(|z&\034\335\266\323\356\205\273DV\210\254\213T\rZ\347""; ledgerSeq: 0; type: liTS_CANDIDATE; nodes {;   nodedata: ""\256\322m\2146\221\305\341\316\031h?\276\005\207\253\236\tL;\371W\315\233X\345O\203\332\240\005\360\n\003"";   nodeid: ""\000\000\000\000\000\000\000\000\000\000\000\000\000\000\000\000\000\000\000\000\000\000\000\000\000\000\000\000\000\000\000\000\000""; }; "
1750527541280,1750527541280,3818,1,0,2,TMLedgerData,"ledgerHash: ""3\321\n7\354)\tf\006\357\205B<h\272GQ \344\262\236\025#\003\024&\310\034\352\376\326""; ledgerSeq: 0; type: liTS_CANDIDATE; nodes {;   nodedata: ""'\240~~s\033\202\356\320\307\177Nt\203\315\245\305\276b\265\310\271\3319\245:\342=c\267\265\233\002\003"";   nodeid: ""\000\000\000\000\000\000\000\000\000\000\000\000\000\000\000\000\000\000\000\000\000\000\000\000\000\000\000\000\000\000\000\000\000""; }; requestCookie: 4; ","ledgerHash: ""3\321\n7\354)\tf\006\357\205B<h\272GQ \344\262\236\025#\003\024&\310\034\352\376\326""; ledgerSeq: 0; type: liTS_CANDIDATE; nodes {;   nodedata: ""'\240~~s\033\202\356\320\307\177Nt\203\315\245\305\276b\265\310\271\3319\245:\342=c\267\265\233\002\003"";   nodeid: ""\000\000\000\000\000\000\000\000\000\000\000\000\000\000\000\000\000\000\000\000\000\000\000\000\000\000\000\000\000\000\000\000\000""; }; requestCookie: 4; "
1750527541287,1750527541287,1769,1,2,1,TMLedgerData,"ledgerHash: ""[\000\302\314\326\214\276@c\240\272\222{\363\314\032\213\311\316\246/\330\302\014>\022\346\234\347\264\270\350""; ledgerSeq: 0; type: liTS_CANDIDATE; nodes {;   nodedata: ""\002i\361\030\371\256\265\036\320\273\013\357<\215/(\215[\231D\357Gd\372\270\316\261\301\342\327\225\241\000GZ\227\022t\201\240u\2324P\027\307M\337'Y\361[IAD\351\374!\232\005\337\376\252\251g\004\003"";   nodeid: ""\000\000\000\000\000\000\000\000\000\000\000\000\000\000\000\000\000\000\000\000\000\000\000\000\000\000\000\000\000\000\000\000\000""; }; ","ledgerHash: ""[\000\302\314\326\214\276@c\240\272\222{\363\314\032\213\311\316\246/\330\302\014>\022\346\234\347\264\270\350""; ledgerSeq: 0; type: liTS_CANDIDATE; nodes {;   nodedata: ""\002i\361\030\371\256\265\036\320\273\013\357<\215/(\215[\231D\357Gd\372\270\316\261\301\342\327\225\241\000GZ\227\022t\201\240u\2324P\027\307M\337'Y\361[IAD\351\374!\232\005\337\376\252\251g\004\003"";   nodeid: ""\000\000\000\000\000\000\000\000\000\000\000\000\000\000\000\000\000\000\000\000\000\000\000\000\000\000\000\000\000\000\000\000\000""; }; "
1750527541298,1750527541298,1665,1,2,3,TMLedgerData,"ledgerHash: ""\341\310\354\0213\033\013\350\207z\236R(|z&\034\335\266\323\356\205\273DV\210\254\213T\rZ\347""; ledgerSeq: 0; type: liTS_CANDIDATE; nodes {;   nodedata: ""\256\322m\2146\221\305\341\316\031h?\276\005\207\253\236\tL;\371W\315\233X\345O\203\332\240\005\360\n\003"";   nodeid: ""\000\000\000\000\000\000\000\000\000\000\000\000\000\000\000\000\000\000\000\000\000\000\000\000\000\000\000\000\000\000\000\000\000""; }; ","ledgerHash: ""\341\310\354\0213\033\013\350\207z\236R(|z&\034\335\266\323\356\205\273DV\210\254\213T\rZ\347""; ledgerSeq: 0; type: liTS_CANDIDATE; nodes {;   nodedata: ""\256\322m\2146\221\305\341\316\031h?\276\005\207\253\236\tL;\371W\315\233X\345O\203\332\240\005\360\n\003"";   nodeid: ""\000\000\000\000\000\000\000\000\000\000\000\000\000\000\000\000\000\000\000\000\000\000\000\000\000\000\000\000\000\000\000\000\000""; }; "
1750527541305,1750527541306,1019,1,3,4,TMGetLedger,"itype: liBASE; ledgerHash: ""\276\230H\305\2714\032l\253n6W\035\354\257.f\r\217\302\203\224\212L\020\S\370\243OP*""; ledgerSeq: 7; queryType: qtINDIRECT; ","itype: liBASE; ledgerHash: ""\276\230H\305\2714\032l\253n6W\035\354\257.f\r\217\302\203\224\212L\020\S\370\243OP*""; ledgerSeq: 7; queryType: qtINDIRECT; "
1750527541306,1750527541306,1131,1,3,0,TMGetLedger,"itype: liBASE; ledgerHash: ""\276\230H\305\2714\032l\253n6W\035\354\257.f\r\217\302\203\224\212L\020\S\370\243OP*""; ledgerSeq: 7; queryType: qtINDIRECT; ","itype: liBASE; ledgerHash: ""\276\230H\305\2714\032l\253n6W\035\354\257.f\r\217\302\203\224\212L\020\S\370\243OP*""; ledgerSeq: 7; queryType: qtINDIRECT; "
1750527541306,1750527541306,2079,1,3,1,TMGetLedger,"itype: liBASE; ledgerHash: ""\276\230H\305\2714\032l\253n6W\035\354\257.f\r\217\302\203\224\212L\020\S\370\243OP*""; ledgerSeq: 7; queryType: qtINDIRECT; ","itype: liBASE; ledgerHash: ""\276\230H\305\2714\032l\253n6W\035\354\257.f\r\217\302\203\224\212L\020\S\370\243OP*""; ledgerSeq: 7; queryType: qtINDIRECT; "
1750527541306,1750527541306,2794,1,3,2,TMGetLedger,"itype: liBASE; ledgerHash: ""\276\230H\305\2714\032l\253n6W\035\354\257.f\r\217\302\203\224\212L\020\S\370\243OP*""; ledgerSeq: 7; queryType: qtINDIRECT; ","itype: liBASE; ledgerHash: ""\276\230H\305\2714\032l\253n6W\035\354\257.f\r\217\302\203\224\212L\020\S\370\243OP*""; ledgerSeq: 7; queryType: qtINDIRECT; "
1750527541312,1750527541312,3375,1,0,1,TMGetLedger,"itype: liTS_CANDIDATE; ledgerHash: ""\341\310\354\0213\033\013\350\207z\236R(|z&\034\335\266\323\356\205\273DV\210\254\213T\rZ\347""; nodeIDs: ""\000\000\000\000\000\000\000\000\000\000\000\000\000\000\000\000\000\000\000\000\000\000\000\000\000\000\000\000\000\000\000\000\000""; requestCookie: 5; queryType: qtINDIRECT; queryDepth: 3; ","itype: liTS_CANDIDATE; ledgerHash: ""\341\310\354\0213\033\013\350\207z\236R(|z&\034\335\266\323\356\205\273DV\210\254\213T\rZ\347""; nodeIDs: ""\000\000\000\000\000\000\000\000\000\000\000\000\000\000\000\000\000\000\000\000\000\000\000\000\000\000\000\000\000\000\000\000\000""; requestCookie: 5; queryType: qtINDIRECT; queryDepth: 3; "
1750527541315,1750527541315,3719,1,2,4,TMGetLedger,"itype: liTS_CANDIDATE; ledgerHash: ""\363\262\310\025\251\261\276X\247\260J\221\345\357\037\231)|\321K\000\\326E\004\377\005\255""A?\250""; nodeIDs: ""\000\000\000\000\000\000\000\000\000\000\000\000\000\000\000\000\000\000\000\000\000\000\000\000\000\000\000\000\000\000\000\000\000""; requestCookie: 2; queryType: qtINDIRECT; queryDepth: 3; ","itype: liTS_CANDIDATE; ledgerHash: ""\363\262\310\025\251\261\276X\247\260J\221\345\357\037\231)|\321K\000\\326E\004\377\005\255""A?\250""; nodeIDs: ""\000\000\000\000\000\000\000\000\000\000\000\000\000\000\000\000\000\000\000\000\000\000\000\000\000\000\000\000\000\000\000\000\000""; requestCookie: 2; queryType: qtINDIRECT; queryDepth: 3; "
1750527541334,1750527541334,3578,1,1,3,TMLedgerData,"ledgerHash: ""\341\310\354\0213\033\013\350\207z\236R(|z&\034\335\266\323\356\205\273DV\210\254\213T\rZ\347""; ledgerSeq: 0; type: liTS_CANDIDATE; nodes {;   nodedata: ""\256\322m\2146\221\305\341\316\031h?\276\005\207\253\236\tL;\371W\315\233X\345O\203\332\240\005\360\n\003"";   nodeid: ""\000\000\000\000\000\000\000\000\000\000\000\000\000\000\000\000\000\000\000\000\000\000\000\000\000\000\000\000\000\000\000\000\000""; }; ","ledgerHash: ""\341\310\354\0213\033\013\350\207z\236R(|z&\034\335\266\323\356\205\273DV\210\254\213T\rZ\347""; ledgerSeq: 0; type: liTS_CANDIDATE; nodes {;   nodedata: ""\256\322m\2146\221\305\341\316\031h?\276\005\207\253\236\tL;\371W\315\233X\345O\203\332\240\005\360\n\003"";   nodeid: ""\000\000\000\000\000\000\000\000\000\000\000\000\000\000\000\000\000\000\000\000\000\000\000\000\000\000\000\000\000\000\000\000\000""; }; "
1750527541337,1750527541338,1968,1,1,2,TMLedgerData,"ledgerHash: ""\341\310\354\0213\033\013\350\207z\236R(|z&\034\335\266\323\356\205\273DV\210\254\213T\rZ\347""; ledgerSeq: 0; type: liTS_CANDIDATE; nodes {;   nodedata: ""\256\322m\2146\221\305\341\316\031h?\276\005\207\253\236\tL;\371W\315\233X\345O\203\332\240\005\360\n\003"";   nodeid: ""\000\000\000\000\000\000\000\000\000\000\000\000\000\000\000\000\000\000\000\000\000\000\000\000\000\000\000\000\000\000\000\000\000""; }; ","ledgerHash: ""\341\310\354\0213\033\013\350\207z\236R(|z&\034\335\266\323\356\205\273DV\210\254\213T\rZ\347""; ledgerSeq: 0; type: liTS_CANDIDATE; nodes {;   nodedata: ""\256\322m\2146\221\305\341\316\031h?\276\005\207\253\236\tL;\371W\315\233X\345O\203\332\240\005\360\n\003"";   nodeid: ""\000\000\000\000\000\000\000\000\000\000\000\000\000\000\000\000\000\000\000\000\000\000\000\000\000\000\000\000\000\000\000\000\000""; }; "
1750527541339,1750527541339,612,1,2,0,TMLedgerData,"ledgerHash: ""\341\310\354\0213\033\013\350\207z\236R(|z&\034\335\266\323\356\205\273DV\210\254\213T\rZ\347""; ledgerSeq: 0; type: liTS_CANDIDATE; nodes {;   nodedata: ""\256\322m\2146\221\305\341\316\031h?\276\005\207\253\236\tL;\371W\315\233X\345O\203\332\240\005\360\n\003"";   nodeid: ""\000\000\000\000\000\000\000\000\000\000\000\000\000\000\000\000\000\000\000\000\000\000\000\000\000\000\000\000\000\000\000\000\000""; }; ","ledgerHash: ""\341\310\354\0213\033\013\350\207z\236R(|z&\034\335\266\323\356\205\273DV\210\254\213T\rZ\347""; ledgerSeq: 0; type: liTS_CANDIDATE; nodes {;   nodedata: ""\256\322m\2146\221\305\341\316\031h?\276\005\207\253\236\tL;\371W\315\233X\345O\203\332\240\005\360\n\003"";   nodeid: ""\000\000\000\000\000\000\000\000\000\000\000\000\000\000\000\000\000\000\000\000\000\000\000\000\000\000\000\000\000\000\000\000\000""; }; "
1750527541345,1750527541345,4000,1,2,3,TMGetLedger,"itype: liBASE; ledgerHash: ""\033@\177e\277\016\010u\327\371&\262\312\317Q\2361t\377x\234\001v\003%\030\325_\225g\204\346""; ledgerSeq: 7; queryType: qtINDIRECT; ","itype: liBASE; ledgerHash: ""\033@\177e\277\016\010u\327\371&\262\312\317Q\2361t\377x\234\001v\003%\030\325_\225g\204\346""; ledgerSeq: 7; queryType: qtINDIRECT; "
1750527541345,1750527541345,589,1,2,0,TMGetLedger,"itype: liBASE; ledgerHash: ""\033@\177e\277\016\010u\327\371&\262\312\317Q\2361t\377x\234\001v\003%\030\325_\225g\204\346""; ledgerSeq: 7; queryType: qtINDIRECT; ","itype: liBASE; ledgerHash: ""\033@\177e\277\016\010u\327\371&\262\312\317Q\2361t\377x\234\001v\003%\030\325_\225g\204\346""; ledgerSeq: 7; queryType: qtINDIRECT; "
1750527541345,1750527541345,1544,1,2,1,TMGetLedger,"itype: liBASE; ledgerHash: ""\033@\177e\277\016\010u\327\371&\262\312\317Q\2361t\377x\234\001v\003%\030\325_\225g\204\346""; ledgerSeq: 7; queryType: qtINDIRECT; ","itype: liBASE; ledgerHash: ""\033@\177e\277\016\010u\327\371&\262\312\317Q\2361t\377x\234\001v\003%\030\325_\225g\204\346""; ledgerSeq: 7; queryType: qtINDIRECT; "
1750527541350,1750527541350,1996,1,0,4,TMLedgerData,"ledgerHash: ""3\321\n7\354)\tf\006\357\205B<h\272GQ \344\262\236\025#\003\024&\310\034\352\376\326""; ledgerSeq: 0; type: liTS_CANDIDATE; nodes {;   nodedata: ""'\240~~s\033\202\356\320\307\177Nt\203\315\245\305\276b\265\310\271\3319\245:\342=c\267\265\233\002\003"";   nodeid: ""\000\000\000\000\000\000\000\000\000\000\000\000\000\000\000\000\000\000\000\000\000\000\000\000\000\000\000\000\000\000\000\000\000""; }; ","ledgerHash: ""3\321\n7\354)\tf\006\357\205B<h\272GQ \344\262\236\025#\003\024&\310\034\352\376\326""; ledgerSeq: 0; type: liTS_CANDIDATE; nodes {;   nodedata: ""'\240~~s\033\202\356\320\307\177Nt\203\315\245\305\276b\265\310\271\3319\245:\342=c\267\265\233\002\003"";   nodeid: ""\000\000\000\000\000\000\000\000\000\000\000\000\000\000\000\000\000\000\000\000\000\000\000\000\000\000\000\000\000\000\000\000\000""; }; "
1750527541358,1750527541358,3719,1,2,4,TMGetLedger,"itype: liBASE; ledgerHash: ""\033@\177e\277\016\010u\327\371&\262\312\317Q\2361t\377x\234\001v\003%\030\325_\225g\204\346""; ledgerSeq: 7; queryType: qtINDIRECT; ","itype: liBASE; ledgerHash: ""\033@\177e\277\016\010u\327\371&\262\312\317Q\2361t\377x\234\001v\003%\030\325_\225g\204\346""; ledgerSeq: 7; queryType: qtINDIRECT; "
1750527541364,1750527541364,380,1,0,4,TMGetLedger,"itype: liTS_CANDIDATE; ledgerHash: ""\363\262\310\025\251\261\276X\247\260J\221\345\357\037\231)|\321K\000\\326E\004\377\005\255""A?\250""; nodeIDs: ""\000\000\000\000\000\000\000\000\000\000\000\000\000\000\000\000\000\000\000\000\000\000\000\000\000\000\000\000\000\000\000\000\000""; queryType: qtINDIRECT; queryDepth: 3; ","itype: liTS_CANDIDATE; ledgerHash: ""\363\262\310\025\251\261\276X\247\260J\221\345\357\037\231)|\321K\000\\326E\004\377\005\255""A?\250""; nodeIDs: ""\000\000\000\000\000\000\000\000\000\000\000\000\000\000\000\000\000\000\000\000\000\000\000\000\000\000\000\000\000\000\000\000\000""; queryType: qtINDIRECT; queryDepth: 3; "
1750527541364,1750527541364,3375,1,0,1,TMGetLedger,"itype: liTS_CANDIDATE; ledgerHash: ""\363\262\310\025\251\261\276X\247\260J\221\345\357\037\231)|\321K\000\\326E\004\377\005\255""A?\250""; nodeIDs: ""\000\000\000\000\000\000\000\000\000\000\000\000\000\000\000\000\000\000\000\000\000\000\000\000\000\000\000\000\000\000\000\000\000""; queryType: qtINDIRECT; queryDepth: 3; ","itype: liTS_CANDIDATE; ledgerHash: ""\363\262\310\025\251\261\276X\247\260J\221\345\357\037\231)|\321K\000\\326E\004\377\005\255""A?\250""; nodeIDs: ""\000\000\000\000\000\000\000\000\000\000\000\000\000\000\000\000\000\000\000\000\000\000\000\000\000\000\000\000\000\000\000\000\000""; queryType: qtINDIRECT; queryDepth: 3; "
1750527541365,1750527541365,1199,1,0,2,TMGetLedger,"itype: liTS_CANDIDATE; ledgerHash: ""\363\262\310\025\251\261\276X\247\260J\221\345\357\037\231)|\321K\000\\326E\004\377\005\255""A?\250""; nodeIDs: ""\000\000\000\000\000\000\000\000\000\000\000\000\000\000\000\000\000\000\000\000\000\000\000\000\000\000\000\000\000\000\000\000\000""; queryType: qtINDIRECT; queryDepth: 3; ","itype: liTS_CANDIDATE; ledgerHash: ""\363\262\310\025\251\261\276X\247\260J\221\345\357\037\231)|\321K\000\\326E\004\377\005\255""A?\250""; nodeIDs: ""\000\000\000\000\000\000\000\000\000\000\000\000\000\000\000\000\000\000\000\000\000\000\000\000\000\000\000\000\000\000\000\000\000""; queryType: qtINDIRECT; queryDepth: 3; "
1750527541365,1750527541365,3094,1,0,3,TMGetLedger,"itype: liTS_CANDIDATE; ledgerHash: ""\363\262\310\025\251\261\276X\247\260J\221\345\357\037\231)|\321K\000\\326E\004\377\005\255""A?\250""; nodeIDs: ""\000\000\000\000\000\000\000\000\000\000\000\000\000\000\000\000\000\000\000\000\000\000\000\000\000\000\000\000\000\000\000\000\000""; queryType: qtINDIRECT; queryDepth: 3; ","itype: liTS_CANDIDATE; ledgerHash: ""\363\262\310\025\251\261\276X\247\260J\221\345\357\037\231)|\321K\000\\326E\004\377\005\255""A?\250""; nodeIDs: ""\000\000\000\000\000\000\000\000\000\000\000\000\000\000\000\000\000\000\000\000\000\000\000\000\000\000\000\000\000\000\000\000\000""; queryType: qtINDIRECT; queryDepth: 3; "
1750527541374,1750527541374,1542,1,0,4,TMHaveTransactionSet,"status: tsHAVE; hash: ""\363\262\310\025\251\261\276X\247\260J\221\345\357\037\231)|\321K\000\\326E\004\377\005\255""A?\250""; ","status: tsHAVE; hash: ""\363\262\310\025\251\261\276X\247\260J\221\345\357\037\231)|\321K\000\\326E\004\377\005\255""A?\250""; "
1750527541374,1750527541374,2759,1,0,3,TMHaveTransactionSet,"status: tsHAVE; hash: ""\363\262\310\025\251\261\276X\247\260J\221\345\357\037\231)|\321K\000\\326E\004\377\005\255""A?\250""; ","status: tsHAVE; hash: ""\363\262\310\025\251\261\276X\247\260J\221\345\357\037\231)|\321K\000\\326E\004\377\005\255""A?\250""; "
1750527541374,1750527541374,1446,1,0,2,TMHaveTransactionSet,"status: tsHAVE; hash: ""\363\262\310\025\251\261\276X\247\260J\221\345\357\037\231)|\321K\000\\326E\004\377\005\255""A?\250""; ","status: tsHAVE; hash: ""\363\262\310\025\251\261\276X\247\260J\221\345\357\037\231)|\321K\000\\326E\004\377\005\255""A?\250""; "
1750527541375,1750527541375,2092,1,0,1,TMHaveTransactionSet,"status: tsHAVE; hash: ""\363\262\310\025\251\261\276X\247\260J\221\345\357\037\231)|\321K\000\\326E\004\377\005\255""A?\250""; ","status: tsHAVE; hash: ""\363\262\310\025\251\261\276X\247\260J\221\345\357\037\231)|\321K\000\\326E\004\377\005\255""A?\250""; "
1750527541376,1750527541377,541,1,0,2,TMTransaction,"rawTransaction: ""\022\000\000""\000\000\000\000$\000\000\000\005 \033\000\000\000\032a@\000\000\023S/~\000h@\000\000\000\000\000\000\ns!\003K\250\201V\354\353\020.\253\242\026x\202\312\234\3314!'\021-D\001\225\355\256\367\361\211\2710ltF0D\002 \034\347n\276,\014\034\014\216\3362\020\300A\022\234@\257j\263\362\3726r\303\260\tx\027-6\261\002 Pk?<\332\275\247\267E\234\270\035\306\367\2318t\243_\266\366\311\006|\316\223A\211\243\266\226\341\201\024\3177\2633\3425H\2210g]\027\350~`\267{\247\373\332\203\024\272\177ez`?~\240\022\321\013D\240\325V\364\241\375\n@""; status: tsNEW; receiveTimestamp: 803842741; ","rawTransaction: ""\022\000\000""\000\000\000\000$\000\000\000\005 \033\000\000\000\032a@\000\000\023S/~\000h@\000\000\000\000\000\000\ns!\003K\250\201V\354\353\020.\253\242\026x\202\312\234\3314!'\021-D\001\225\355\256\367\361\211\2710ltF0D\002 \034\347n\276,\014\034\014\216\3362\020\300A\022\234@\257j\263\362\3726r\303\260\tx\027-6\261\002 Pk?<\332\275\247\267E\234\270\035\306\367\2318t\243_\266\366\311\006|\316\223A\211\243\266\226\341\201\024\3177\2633\3425H\2210g]\027\350~`\267{\247\373\332\203\024\272\177ez`?~\240\022\321\013D\240\325V\364\241\375\n@""; status: tsNEW; receiveTimestamp: 803842741; "
1750527541377,1750527541377,1782,1,1,4,TMLedgerData,"ledgerHash: ""\341\310\354\0213\033\013\350\207z\236R(|z&\034\335\266\323\356\205\273DV\210\254\213T\rZ\347""; ledgerSeq: 0; type: liTS_CANDIDATE; nodes {;   nodedata: ""\256\322m\2146\221\305\341\316\031h?\276\005\207\253\236\tL;\371W\315\233X\345O\203\332\240\005\360\n\003"";   nodeid: ""\000\000\000\000\000\000\000\000\000\000\000\000\000\000\000\000\000\000\000\000\000\000\000\000\000\000\000\000\000\000\000\000\000""; }; requestCookie: 4; ","ledgerHash: ""\341\310\354\0213\033\013\350\207z\236R(|z&\034\335\266\323\356\205\273DV\210\254\213T\rZ\347""; ledgerSeq: 0; type: liTS_CANDIDATE; nodes {;   nodedata: ""\256\322m\2146\221\305\341\316\031h?\276\005\207\253\236\tL;\371W\315\233X\345O\203\332\240\005\360\n\003"";   nodeid: ""\000\000\000\000\000\000\000\000\000\000\000\000\000\000\000\000\000\000\000\000\000\000\000\000\000\000\000\000\000\000\000\000\000""; }; requestCookie: 4; "
1750527541376,1750527541377,1617,1,0,1,TMTransaction,"rawTransaction: ""\022\000\000""\000\000\000\000$\000\000\000\005 \033\000\000\000\032a@\000\000\023S/~\000h@\000\000\000\000\000\000\ns!\003K\250\201V\354\353\020.\253\242\026x\202\312\234\3314!'\021-D\001\225\355\256\367\361\211\2710ltF0D\002 \034\347n\276,\014\034\014\216\3362\020\300A\022\234@\257j\263\362\3726r\303\260\tx\027-6\261\002 Pk?<\332\275\247\267E\234\270\035\306\367\2318t\243_\266\366\311\006|\316\223A\211\243\266\226\341\201\024\3177\2633\3425H\2210g]\027\350~`\267{\247\373\332\203\024\272\177ez`?~\240\022\321\013D\240\325V\364\241\375\n@""; status: tsNEW; receiveTimestamp: 803842741; ","rawTransaction: ""\022\000\000""\000\000\000\000$\000\000\000\005 \033\000\000\000\032a@\000\000\023S/~\000h@\000\000\000\000\000\000\ns!\003K\250\201V\354\353\020.\253\242\026x\202\312\234\3314!'\021-D\001\225\355\256\367\361\211\2710ltF0D\002 \034\347n\276,\014\034\014\216\3362\020\300A\022\234@\257j\263\362\3726r\303\260\tx\027-6\261\002 Pk?<\332\275\247\267E\234\270\035\306\367\2318t\243_\266\366\311\006|\316\223A\211\243\266\226\341\201\024\3177\2633\3425H\2210g]\027\350~`\267{\247\373\332\203\024\272\177ez`?~\240\022\321\013D\240\325V\364\241\375\n@""; status: tsNEW; receiveTimestamp: 803842741; "
1750527541376,1750527541377,3443,1,0,3,TMTransaction,"rawTransaction: ""\022\000\000""\000\000\000\000$\000\000\000\005 \033\000\000\000\032a@\000\000\023S/~\000h@\000\000\000\000\000\000\ns!\003K\250\201V\354\353\020.\253\242\026x\202\312\234\3314!'\021-D\001\225\355\256\367\361\211\2710ltF0D\002 \034\347n\276,\014\034\014\216\3362\020\300A\022\234@\257j\263\362\3726r\303\260\tx\027-6\261\002 Pk?<\332\275\247\267E\234\270\035\306\367\2318t\243_\266\366\311\006|\316\223A\211\243\266\226\341\201\024\3177\2633\3425H\2210g]\027\350~`\267{\247\373\332\203\024\272\177ez`?~\240\022\321\013D\240\325V\364\241\375\n@""; status: tsNEW; receiveTimestamp: 803842741; ","rawTransaction: ""\022\000\000""\000\000\000\000$\000\000\000\005 \033\000\000\000\032a@\000\000\023S/~\000h@\000\000\000\000\000\000\ns!\003K\250\201V\354\353\020.\253\242\026x\202\312\234\3314!'\021-D\001\225\355\256\367\361\211\2710ltF0D\002 \034\347n\276,\014\034\014\216\3362\020\300A\022\234@\257j\263\362\3726r\303\260\tx\027-6\261\002 Pk?<\332\275\247\267E\234\270\035\306\367\2318t\243_\266\366\311\006|\316\223A\211\243\266\226\341\201\024\3177\2633\3425H\2210g]\027\350~`\267{\247\373\332\203\024\272\177ez`?~\240\022\321\013D\240\325V\364\241\375\n@""; status: tsNEW; receiveTimestamp: 803842741; "
1750527541379,1750527541379,1968,1,1,2,TMLedgerData,"ledgerHash: ""\341\310\354\0213\033\013\350\207z\236R(|z&\034\335\266\323\356\205\273DV\210\254\213T\rZ\347""; ledgerSeq: 0; type: liTS_CANDIDATE; nodes {;   nodedata: ""\256\322m\2146\221\305\341\316\031h?\276\005\207\253\236\tL;\371W\315\233X\345O\203\332\240\005\360\n\003"";   nodeid: ""\000\000\000\000\000\000\000\000\000\000\000\000\000\000\000\000\000\000\000\000\000\000\000\000\000\000\000\000\000\000\000\000\000""; }; requestCookie: 4; ","ledgerHash: ""\341\310\354\0213\033\013\350\207z\236R(|z&\034\335\266\323\356\205\273DV\210\254\213T\rZ\347""; ledgerSeq: 0; type: liTS_CANDIDATE; nodes {;   nodedata: ""\256\322m\2146\221\305\341\316\031h?\276\005\207\253\236\tL;\371W\315\233X\345O\203\332\240\005\360\n\003"";   nodeid: ""\000\000\000\000\000\000\000\000\000\000\000\000\000\000\000\000\000\000\000\000\000\000\000\000\000\000\000\000\000\000\000\000\000""; }; requestCookie: 4; "
1750527541382,1750527541382,3375,1,0,1,TMGetLedger,"itype: liTS_CANDIDATE; ledgerHash: ""\341\310\354\0213\033\013\350\207z\236R(|z&\034\335\266\323\356\205\273DV\210\254\213T\rZ\347""; nodeIDs: ""\000\000\000\000\000\000\000\000\000\000\000\000\000\000\000\000\000\000\000\000\000\000\000\000\000\000\000\000\000\000\000\000\000""; requestCookie: 3; queryType: qtINDIRECT; queryDepth: 3; ","itype: liTS_CANDIDATE; ledgerHash: ""\341\310\354\0213\033\013\350\207z\236R(|z&\034\335\266\323\356\205\273DV\210\254\213T\rZ\347""; nodeIDs: ""\000\000\000\000\000\000\000\000\000\000\000\000\000\000\000\000\000\000\000\000\000\000\000\000\000\000\000\000\000\000\000\000\000""; requestCookie: 3; queryType: qtINDIRECT; queryDepth: 3; "
1750527541385,1750527541386,3375,1,0,1,TMGetLedger,"itype: liTS_CANDIDATE; ledgerHash: ""\341\310\354\0213\033\013\350\207z\236R(|z&\034\335\266\323\356\205\273DV\210\254\213T\rZ\347""; nodeIDs: ""\000\000\000\000\000\000\000\000\000\000\000\000\000\000\000\000\000\000\000\000\000\000\000\000\000\000\000\000\000\000\000\000\000""; requestCookie: 4; queryType: qtINDIRECT; queryDepth: 3; ","itype: liTS_CANDIDATE; ledgerHash: ""\341\310\354\0213\033\013\350\207z\236R(|z&\034\335\266\323\356\205\273DV\210\254\213T\rZ\347""; nodeIDs: ""\000\000\000\000\000\000\000\000\000\000\000\000\000\000\000\000\000\000\000\000\000\000\000\000\000\000\000\000\000\000\000\000\000""; requestCookie: 4; queryType: qtINDIRECT; queryDepth: 3; "
1750527541388,1750527541388,1199,1,0,2,TMGetLedger,"itype: liTS_CANDIDATE; ledgerHash: ""\341\310\354\0213\033\013\350\207z\236R(|z&\034\335\266\323\356\205\273DV\210\254\213T\rZ\347""; nodeIDs: ""\000\000\000\000\000\000\000\000\000\000\000\000\000\000\000\000\000\000\000\000\000\000\000\000\000\000\000\000\000\000\000\000\000""; queryType: qtINDIRECT; queryDepth: 3; ","itype: liTS_CANDIDATE; ledgerHash: ""\341\310\354\0213\033\013\350\207z\236R(|z&\034\335\266\323\356\205\273DV\210\254\213T\rZ\347""; nodeIDs: ""\000\000\000\000\000\000\000\000\000\000\000\000\000\000\000\000\000\000\000\000\000\000\000\000\000\000\000\000\000\000\000\000\000""; queryType: qtINDIRECT; queryDepth: 3; "
1750527541388,1750527541389,3094,1,0,3,TMGetLedger,"itype: liTS_CANDIDATE; ledgerHash: ""\341\310\354\0213\033\013\350\207z\236R(|z&\034\335\266\323\356\205\273DV\210\254\213T\rZ\347""; nodeIDs: ""\000\000\000\000\000\000\000\000\000\000\000\000\000\000\000\000\000\000\000\000\000\000\000\000\000\000\000\000\000\000\000\000\000""; queryType: qtINDIRECT; queryDepth: 3; ","itype: liTS_CANDIDATE; ledgerHash: ""\341\310\354\0213\033\013\350\207z\236R(|z&\034\335\266\323\356\205\273DV\210\254\213T\rZ\347""; nodeIDs: ""\000\000\000\000\000\000\000\000\000\000\000\000\000\000\000\000\000\000\000\000\000\000\000\000\000\000\000\000\000\000\000\000\000""; queryType: qtINDIRECT; queryDepth: 3; "
1750527541389,1750527541389,3375,1,0,1,TMGetLedger,"itype: liTS_CANDIDATE; ledgerHash: ""\341\310\354\0213\033\013\350\207z\236R(|z&\034\335\266\323\356\205\273DV\210\254\213T\rZ\347""; nodeIDs: ""\000\000\000\000\000\000\000\000\000\000\000\000\000\000\000\000\000\000\000\000\000\000\000\000\000\000\000\000\000\000\000\000\000""; queryType: qtINDIRECT; queryDepth: 3; ","itype: liTS_CANDIDATE; ledgerHash: ""\341\310\354\0213\033\013\350\207z\236R(|z&\034\335\266\323\356\205\273DV\210\254\213T\rZ\347""; nodeIDs: ""\000\000\000\000\000\000\000\000\000\000\000\000\000\000\000\000\000\000\000\000\000\000\000\000\000\000\000\000\000\000\000\000\000""; queryType: qtINDIRECT; queryDepth: 3; "
1750527541405,1750527541405,860,1,1,0,TMLedgerData,"ledgerHash: ""\276\230H\305\2714\032l\253n6W\035\354\257.f\r\217\302\203\224\212L\020\S\370\243OP*""; ledgerSeq: 7; type: liBASE; nodes {;   nodedata: ""\000\000\000\007\001cEx]\211\377\342\360\215\2502\265\245\310\226\243c\302Ze\306\253#r\020\211\320iG\276\020E\317\035Sf\223F\254\000\000\000\000\000\000\000\000\000\000\000\000\000\000\000\000\000\000\000\000\000\000\000\000\000\000\000\000\000\000\000\000\302r\207\007\303\237KvzB\356\335\030k\303\312\246:\352\202\037\210\2545\307\004\232\232\026\223SW/\351\252\253/\351\252\264\n\000""; }; nodes {;   nodedata: ""\341\035\262xv\226\317f5\366\365\252a\177\355\302\326\t\222~j\320f\374/ \363\256\257\361 \303\001\301\025%1L\307\t\261\262z\374\222T\301\274V\236\223\262\270Ct\362\337b\356\024*\324\320\351\317\002k\336\234\027v\351\217\260\303\360\233ZPZWr\246$w\313\313\r\243r\232\2234\373\3539:N\004;tP\302\307\005x\n\302lQ\275\237<g\321\233$\274p\355\310J\230\370\306\264\314\367C\275\272\006E\344\037@\210\363\010\336T\226\247'\204_{\261\370""1\235\2445\343\033Y!\212\201\341\272\225'\007Z\314\023h\n\020~\036\324P\254\001\274\227n\020\273\023\010\nq\216Z\344\004\3612B\205\257\335\036\013\003""; }; ","ledgerHash: ""\276\230H\305\2714\032l\253n6W\035\354\257.f\r\217\302\203\224\212L\020\S\370\243OP*""; ledgerSeq: 7; type: liBASE; nodes {;   nodedata: ""\000\000\000\007\001cEx]\211\377\342\360\215\2502\265\245\310\226\243c\302Ze\306\253#r\020\211\320iG\276\020E\317\035Sf\223F\254\000\000\000\000\000\000\000\000\000\000\000\000\000\000\000\000\000\000\000\000\000\000\000\000\000\000\000\000\000\000\000\000\302r\207\007\303\237KvzB\356\335\030k\303\312\246:\352\202\037\210\2545\307\004\232\232\026\223SW/\351\252\253/\351\252\264\n\000""; }; nodes {;   nodedata: ""\341\035\262xv\226\317f5\366\365\252a\177\355\302\326\t\222~j\320f\374/ \363\256\257\361 \303\001\301\025%1L\307\t\261\262z\374\222T\301\274V\236\223\262\270Ct\362\337b\356\024*\324\320\351\317\002k\336\234\027v\351\217\260\303\360\233ZPZWr\246$w\313\313\r\243r\232\2234\373\3539:N\004;tP\302\307\005x\n\302lQ\275\237<g\321\233$\274p\355\310J\230\370\306\264\314\367C\275\272\006E\344\037@\210\363\010\336T\226\247'\204_{\261\370""1\235\2445\343\033Y!\212\201\341\272\225'\007Z\314\023h\n\020~\036\324P\254\001\274\227n\020\273\023\010\nq\216Z\344\004\3612B\205\257\335\036\013\003""; }; "
1750527541414,1750527541414,380,1,0,4,TMGetLedger,"itype: liTS_CANDIDATE; ledgerHash: ""\341\310\354\0213\033\013\350\207z\236R(|z&\034\335\266\323\356\205\273DV\210\254\213T\rZ\347""; nodeIDs: ""\000\000\000\000\000\000\000\000\000\000\000\000\000\000\000\000\000\000\000\000\000\000\000\000\000\000\000\000\000\000\000\000\000""; queryType: qtINDIRECT; queryDepth: 3; ","itype: liTS_CANDIDATE; ledgerHash: ""\341\310\354\0213\033\013\350\207z\236R(|z&\034\335\266\323\356\205\273DV\210\254\213T\rZ\347""; nodeIDs: ""\000\000\000\000\000\000\000\000\000\000\000\000\000\000\000\000\000\000\000\000\000\000\000\000\000\000\000\000\000\000\000\000\000""; queryType: qtINDIRECT; queryDepth: 3; "
1750527541414,1750527541414,2180,1,0,4,TMTransaction,"rawTransaction: ""\022\000\000""\000\000\000\000$\000\000\000\005 \033\000\000\000\032a@\000\000\023S/~\000h@\000\000\000\000\000\000\ns!\003K\250\201V\354\353\020.\253\242\026x\202\312\234\3314!'\021-D\001\225\355\256\367\361\211\2710ltF0D\002 \034\347n\276,\014\034\014\216\3362\020\300A\022\234@\257j\263\362\3726r\303\260\tx\027-6\261\002 Pk?<\332\275\247\267E\234\270\035\306\367\2318t\243_\266\366\311\006|\316\223A\211\243\266\226\341\201\024\3177\2633\3425H\2210g]\027\350~`\267{\247\373\332\203\024\272\177ez`?~\240\022\321\013D\240\325V\364\241\375\n@""; status: tsNEW; receiveTimestamp: 803842741; ","rawTransaction: ""\022\000\000""\000\000\000\000$\000\000\000\005 \033\000\000\000\032a@\000\000\023S/~\000h@\000\000\000\000\000\000\ns!\003K\250\201V\354\353\020.\253\242\026x\202\312\234\3314!'\021-D\001\225\355\256\367\361\211\2710ltF0D\002 \034\347n\276,\014\034\014\216\3362\020\300A\022\234@\257j\263\362\3726r\303\260\tx\027-6\261\002 Pk?<\332\275\247\267E\234\270\035\306\367\2318t\243_\266\366\311\006|\316\223A\211\243\266\226\341\201\024\3177\2633\3425H\2210g]\027\350~`\267{\247\373\332\203\024\272\177ez`?~\240\022\321\013D\240\325V\364\241\375\n@""; status: tsNEW; receiveTimestamp: 803842741; "
1750527541440,1750527541441,1212,1,2,4,TMLedgerData,"ledgerHash: ""\341\310\354\0213\033\013\350\207z\236R(|z&\034\335\266\323\356\205\273DV\210\254\213T\rZ\347""; ledgerSeq: 0; type: liTS_CANDIDATE; nodes {;   nodedata: ""\256\322m\2146\221\305\341\316\031h?\276\005\207\253\236\tL;\371W\315\233X\345O\203\332\240\005\360\n\003"";   nodeid: ""\000\000\000\000\000\000\000\000\000\000\000\000\000\000\000\000\000\000\000\000\000\000\000\000\000\000\000\000\000\000\000\000\000""; }; ","ledgerHash: ""\341\310\354\0213\033\013\350\207z\236R(|z&\034\335\266\323\356\205\273DV\210\254\213T\rZ\347""; ledgerSeq: 0; type: liTS_CANDIDATE; nodes {;   nodedata: ""\256\322m\2146\221\305\341\316\031h?\276\005\207\253\236\tL;\371W\315\233X\345O\203\332\240\005\360\n\003"";   nodeid: ""\000\000\000\000\000\000\000\000\000\000\000\000\000\000\000\000\000\000\000\000\000\000\000\000\000\000\000\000\000\000\000\000\000""; }; "
1750527541446,1750527541446,860,1,1,0,TMLedgerData,"ledgerHash: ""\276\230H\305\2714\032l\253n6W\035\354\257.f\r\217\302\203\224\212L\020\S\370\243OP*""; ledgerSeq: 7; type: liBASE; nodes {;   nodedata: ""\000\000\000\007\001cEx]\211\377\342\360\215\2502\265\245\310\226\243c\302Ze\306\253#r\020\211\320iG\276\020E\317\035Sf\223F\254\000\000\000\000\000\000\000\000\000\000\000\000\000\000\000\000\000\000\000\000\000\000\000\000\000\000\000\000\000\000\000\000\302r\207\007\303\237KvzB\356\335\030k\303\312\246:\352\202\037\210\2545\307\004\232\232\026\223SW/\351\252\253/\351\252\264\n\000""; }; nodes {;   nodedata: ""\341\035\262xv\226\317f5\366\365\252a\177\355\302\326\t\222~j\320f\374/ \363\256\257\361 \303\001\301\025%1L\307\t\261\262z\374\222T\301\274V\236\223\262\270Ct\362\337b\356\024*\324\320\351\317\002k\336\234\027v\351\217\260\303\360\233ZPZWr\246$w\313\313\r\243r\232\2234\373\3539:N\004;tP\302\307\005x\n\302lQ\275\237<g\321\233$\274p\355\310J\230\370\306\264\314\367C\275\272\006E\344\037@\210\363\010\336T\226\247'\204_{\261\370""1\235\2445\343\033Y!\212\201\341\272\225'\007Z\314\023h\n\020~\036\324P\254\001\274\227n\020\273\023\010\nq\216Z\344\004\3612B\205\257\335\036\013\003""; }; ","ledgerHash: ""\276\230H\305\2714\032l\253n6W\035\354\257.f\r\217\302\203\224\212L\020\S\370\243OP*""; ledgerSeq: 7; type: liBASE; nodes {;   nodedata: ""\000\000\000\007\001cEx]\211\377\342\360\215\2502\265\245\310\226\243c\302Ze\306\253#r\020\211\320iG\276\020E\317\035Sf\223F\254\000\000\000\000\000\000\000\000\000\000\000\000\000\000\000\000\000\000\000\000\000\000\000\000\000\000\000\000\000\000\000\000\302r\207\007\303\237KvzB\356\335\030k\303\312\246:\352\202\037\210\2545\307\004\232\232\026\223SW/\351\252\253/\351\252\264\n\000""; }; nodes {;   nodedata: ""\341\035\262xv\226\317f5\366\365\252a\177\355\302\326\t\222~j\320f\374/ \363\256\257\361 \303\001\301\025%1L\307\t\261\262z\374\222T\301\274V\236\223\262\270Ct\362\337b\356\024*\324\320\351\317\002k\336\234\027v\351\217\260\303\360\233ZPZWr\246$w\313\313\r\243r\232\2234\373\3539:N\004;tP\302\307\005x\n\302lQ\275\237<g\321\233$\274p\355\310J\230\370\306\264\314\367C\275\272\006E\344\037@\210\363\010\336T\226\247'\204_{\261\370""1\235\2445\343\033Y!\212\201\341\272\225'\007Z\314\023h\n\020~\036\324P\254\001\274\227n\020\273\023\010\nq\216Z\344\004\3612B\205\257\335\036\013\003""; }; "
1750527541453,1750527541453,1542,1,0,4,TMHaveTransactionSet,"status: tsHAVE; hash: ""\341\310\354\0213\033\013\350\207z\236R(|z&\034\335\266\323\356\205\273DV\210\254\213T\rZ\347""; ","status: tsHAVE; hash: ""\341\310\354\0213\033\013\350\207z\236R(|z&\034\335\266\323\356\205\273DV\210\254\213T\rZ\347""; "
1750527541453,1750527541454,2092,1,0,1,TMHaveTransactionSet,"status: tsHAVE; hash: ""\341\310\354\0213\033\013\350\207z\236R(|z&\034\335\266\323\356\205\273DV\210\254\213T\rZ\347""; ","status: tsHAVE; hash: ""\341\310\354\0213\033\013\350\207z\236R(|z&\034\335\266\323\356\205\273DV\210\254\213T\rZ\347""; "
1750527541455,1750527541455,1446,1,0,2,TMHaveTransactionSet,"status: tsHAVE; hash: ""\341\310\354\0213\033\013\350\207z\236R(|z&\034\335\266\323\356\205\273DV\210\254\213T\rZ\347""; ","status: tsHAVE; hash: ""\341\310\354\0213\033\013\350\207z\236R(|z&\034\335\266\323\356\205\273DV\210\254\213T\rZ\347""; "
1750527541454,1750527541454,2759,1,0,3,TMHaveTransactionSet,"status: tsHAVE; hash: ""\341\310\354\0213\033\013\350\207z\236R(|z&\034\335\266\323\356\205\273DV\210\254\213T\rZ\347""; ","status: tsHAVE; hash: ""\341\310\354\0213\033\013\350\207z\236R(|z&\034\335\266\323\356\205\273DV\210\254\213T\rZ\347""; "
1750527541454,1750527541455,2180,1,0,4,TMTransaction,"rawTransaction: ""\022\000\000""\000\000\000\000$\000\000\000\005 \033\000\000\000\031a@\000\000\022\333\371\352\000h@\000\000\000\000\000\000\ns!\003K\250\201V\354\353\020.\253\242\026x\202\312\234\3314!'\021-D\001\225\355\256\367\361\211\2710ltF0D\002 9\312\273{!\334\315f\262\207h""M\334ieT\306\204<r\350)\356\340\326\356\337\355\371\201\257\002 2M\022\177y""\355\343\n\034\\246\024:\375\024\223\331[\216\234\345\010\v\300\313Bt\251\217,\201\024\3177\2633\3425H\2210g]\027\350~`\267{\247\373\332\203\024\237\311\327\222\336\304\221\216Q\027\001uf'%5\022:P\210""; status: tsNEW; receiveTimestamp: 803842741; ","rawTransaction: ""\022\000\000""\000\000\000\000$\000\000\000\005 \033\000\000\000\031a@\000\000\022\333\371\352\000h@\000\000\000\000\000\000\ns!\003K\250\201V\354\353\020.\253\242\026x\202\312\234\3314!'\021-D\001\225\355\256\367\361\211\2710ltF0D\002 9\312\273{!\334\315f\262\207h""M\334ieT\306\204<r\350)\356\340\326\356\337\355\371\201\257\002 2M\022\177y""\355\343\n\034\\246\024:\375\024\223\331[\216\234\345\010\v\300\313Bt\251\217,\201\024\3177\2633\3425H\2210g]\027\350~`\267{\247\373\332\203\024\237\311\327\222\336\304\221\216Q\027\001uf'%5\022:P\210""; status: tsNEW; receiveTimestamp: 803842741; "
1750527541455,1750527541455,541,1,0,2,TMTransaction,"rawTransaction: ""\022\000\000""\000\000\000\000$\000\000\000\005 \033\000\000\000\031a@\000\000\022\333\371\352\000h@\000\000\000\000\000\000\ns!\003K\250\201V\354\353\020.\253\242\026x\202\312\234\3314!'\021-D\001\225\355\256\367\361\211\2710ltF0D\002 9\312\273{!\334\315f\262\207h""M\334ieT\306\204<r\350)\356\340\326\356\337\355\371\201\257\002 2M\022\177y""\355\343\n\034\\246\024:\375\024\223\331[\216\234\345\010\v\300\313Bt\251\217,\201\024\3177\2633\3425H\2210g]\027\350~`\267{\247\373\332\203\024\237\311\327\222\336\304\221\216Q\027\001uf'%5\022:P\210""; status: tsNEW; receiveTimestamp: 803842741; ","rawTransaction: ""\022\000\000""\000\000\000\000$\000\000\000\005 \033\000\000\000\031a@\000\000\022\333\371\352\000h@\000\000\000\000\000\000\ns!\003K\250\201V\354\353\020.\253\242\026x\202\312\234\3314!'\021-D\001\225\355\256\367\361\211\2710ltF0D\002 9\312\273{!\334\315f\262\207h""M\334ieT\306\204<r\350)\356\340\326\356\337\355\371\201\257\002 2M\022\177y""\355\343\n\034\\246\024:\375\024\223\331[\216\234\345\010\v\300\313Bt\251\217,\201\024\3177\2633\3425H\2210g]\027\350~`\267{\247\373\332\203\024\237\311\327\222\336\304\221\216Q\027\001uf'%5\022:P\210""; status: tsNEW; receiveTimestamp: 803842741; "
1750527541475,1750527541475,4000,1,2,3,TMGetLedger,"itype: liTS_CANDIDATE; ledgerHash: ""3\321\n7\354)\tf\006\357\205B<h\272GQ \344\262\236\025#\003\024&\310\034\352\376\326""; nodeIDs: ""\000\000\000\000\000\000\000\000\000\000\000\000\000\000\000\000\000\000\000\000\000\000\000\000\000\000\000\000\000\000\000\000\000""; requestCookie: 5; queryType: qtINDIRECT; queryDepth: 3; ","itype: liTS_CANDIDATE; ledgerHash: ""3\321\n7\354)\tf\006\357\205B<h\272GQ \344\262\236\025#\003\024&\310\034\352\376\326""; nodeIDs: ""\000\000\000\000\000\000\000\000\000\000\000\000\000\000\000\000\000\000\000\000\000\000\000\000\000\000\000\000\000\000\000\000\000""; requestCookie: 5; queryType: qtINDIRECT; queryDepth: 3; "
1750527541481,1750527541482,1782,1,1,4,TMLedgerData,"ledgerHash: ""\341\310\354\0213\033\013\350\207z\236R(|z&\034\335\266\323\356\205\273DV\210\254\213T\rZ\347""; ledgerSeq: 0; type: liTS_CANDIDATE; nodes {;   nodedata: ""\256\322m\2146\221\305\341\316\031h?\276\005\207\253\236\tL;\371W\315\233X\345O\203\332\240\005\360\n\003"";   nodeid: ""\000\000\000\000\000\000\000\000\000\000\000\000\000\000\000\000\000\000\000\000\000\000\000\000\000\000\000\000\000\000\000\000\000""; }; ","ledgerHash: ""\341\310\354\0213\033\013\350\207z\236R(|z&\034\335\266\323\356\205\273DV\210\254\213T\rZ\347""; ledgerSeq: 0; type: liTS_CANDIDATE; nodes {;   nodedata: ""\256\322m\2146\221\305\341\316\031h?\276\005\207\253\236\tL;\371W\315\233X\345O\203\332\240\005\360\n\003"";   nodeid: ""\000\000\000\000\000\000\000\000\000\000\000\000\000\000\000\000\000\000\000\000\000\000\000\000\000\000\000\000\000\000\000\000\000""; }; "
1750527541485,1750527541485,1968,1,1,2,TMLedgerData,"ledgerHash: ""\341\310\354\0213\033\013\350\207z\236R(|z&\034\335\266\323\356\205\273DV\210\254\213T\rZ\347""; ledgerSeq: 0; type: liTS_CANDIDATE; nodes {;   nodedata: ""\256\322m\2146\221\305\341\316\031h?\276\005\207\253\236\tL;\371W\315\233X\345O\203\332\240\005\360\n\003"";   nodeid: ""\000\000\000\000\000\000\000\000\000\000\000\000\000\000\000\000\000\000\000\000\000\000\000\000\000\000\000\000\000\000\000\000\000""; }; requestCookie: 5; ","ledgerHash: ""\341\310\354\0213\033\013\350\207z\236R(|z&\034\335\266\323\356\205\273DV\210\254\213T\rZ\347""; ledgerSeq: 0; type: liTS_CANDIDATE; nodes {;   nodedata: ""\256\322m\2146\221\305\341\316\031h?\276\005\207\253\236\tL;\371W\315\233X\345O\203\332\240\005\360\n\003"";   nodeid: ""\000\000\000\000\000\000\000\000\000\000\000\000\000\000\000\000\000\000\000\000\000\000\000\000\000\000\000\000\000\000\000\000\000""; }; requestCookie: 5; "
1750527541488,1750527541488,3810,1,1,4,TMGetLedger,"itype: liTS_CANDIDATE; ledgerHash: ""\363\262\310\025\251\261\276X\247\260J\221\345\357\037\231)|\321K\000\\326E\004\377\005\255""A?\250""; nodeIDs: ""\000\000\000\000\000\000\000\000\000\000\000\000\000\000\000\000\000\000\000\000\000\000\000\000\000\000\000\000\000\000\000\000\000""; requestCookie: 2; queryType: qtINDIRECT; queryDepth: 3; ","itype: liTS_CANDIDATE; ledgerHash: ""\363\262\310\025\251\261\276X\247\260J\221\345\357\037\231)|\321K\000\\326E\004\377\005\255""A?\250""; nodeIDs: ""\000\000\000\000\000\000\000\000\000\000\000\000\000\000\000\000\000\000\000\000\000\000\000\000\000\000\000\000\000\000\000\000\000""; requestCookie: 2; queryType: qtINDIRECT; queryDepth: 3; "
1750527541494,1750527541494,1617,1,0,1,TMTransaction,"rawTransaction: ""\022\000\000""\000\000\000\000$\000\000\000\005 \033\000\000\000\031a@\000\000\022\333\371\352\000h@\000\000\000\000\000\000\ns!\003K\250\201V\354\353\020.\253\242\026x\202\312\234\3314!'\021-D\001\225\355\256\367\361\211\2710ltF0D\002 9\312\273{!\334\315f\262\207h""M\334ieT\306\204<r\350)\356\340\326\356\337\355\371\201\257\002 2M\022\177y""\355\343\n\034\\246\024:\375\024\223\331[\216\234\345\010\v\300\313Bt\251\217,\201\024\3177\2633\3425H\2210g]\027\350~`\267{\247\373\332\203\024\237\311\327\222\336\304\221\216Q\027\001uf'%5\022:P\210""; status: tsNEW; receiveTimestamp: 803842741; ","rawTransaction: ""\022\000\000""\000\000\000\000$\000\000\000\005 \033\000\000\000\031a@\000\000\022\333\371\352\000h@\000\000\000\000\000\000\ns!\003K\250\201V\354\353\020.\253\242\026x\202\312\234\3314!'\021-D\001\225\355\256\367\361\211\2710ltF0D\002 9\312\273{!\334\315f\262\207h""M\334ieT\306\204<r\350)\356\340\326\356\337\355\371\201\257\002 2M\022\177y""\355\343\n\034\\246\024:\375\024\223\331[\216\234\345\010\v\300\313Bt\251\217,\201\024\3177\2633\3425H\2210g]\027\350~`\267{\247\373\332\203\024\237\311\327\222\336\304\221\216Q\027\001uf'%5\022:P\210""; status: tsNEW; receiveTimestamp: 803842741; "
1750527541494,1750527541494,3443,1,0,3,TMTransaction,"rawTransaction: ""\022\000\000""\000\000\000\000$\000\000\000\005 \033\000\000\000\031a@\000\000\022\333\371\352\000h@\000\000\000\000\000\000\ns!\003K\250\201V\354\353\020.\253\242\026x\202\312\234\3314!'\021-D\001\225\355\256\367\361\211\2710ltF0D\002 9\312\273{!\334\315f\262\207h""M\334ieT\306\204<r\350)\356\340\326\356\337\355\371\201\257\002 2M\022\177y""\355\343\n\034\\246\024:\375\024\223\331[\216\234\345\010\v\300\313Bt\251\217,\201\024\3177\2633\3425H\2210g]\027\350~`\267{\247\373\332\203\024\237\311\327\222\336\304\221\216Q\027\001uf'%5\022:P\210""; status: tsNEW; receiveTimestamp: 803842741; ","rawTransaction: ""\022\000\000""\000\000\000\000$\000\000\000\005 \033\000\000\000\031a@\000\000\022\333\371\352\000h@\000\000\000\000\000\000\ns!\003K\250\201V\354\353\020.\253\242\026x\202\312\234\3314!'\021-D\001\225\355\256\367\361\211\2710ltF0D\002 9\312\273{!\334\315f\262\207h""M\334ieT\306\204<r\350)\356\340\326\356\337\355\371\201\257\002 2M\022\177y""\355\343\n\034\\246\024:\375\024\223\331[\216\234\345\010\v\300\313Bt\251\217,\201\024\3177\2633\3425H\2210g]\027\350~`\267{\247\373\332\203\024\237\311\327\222\336\304\221\216Q\027\001uf'%5\022:P\210""; status: tsNEW; receiveTimestamp: 803842741; "
1750527541495,1750527541495,3378,1,4,0,TMLedgerData,"ledgerHash: ""\363\262\310\025\251\261\276X\247\260J\221\345\357\037\231)|\321K\000\\326E\004\377\005\255""A?\250""; ledgerSeq: 0; type: liTS_CANDIDATE; nodes {;   nodedata: ""MJ\275'\324\005\036\313\204nW\300\362\327\016\205\236\021\351Q6\021\355\301\372\322\276g\026\243\361M\004\003"";   nodeid: ""\000\000\000\000\000\000\000\000\000\000\000\000\000\000\000\000\000\000\000\000\000\000\000\000\000\000\000\000\000\000\000\000\000""; }; ","ledgerHash: ""\363\262\310\025\251\261\276X\247\260J\221\345\357\037\231)|\321K\000\\326E\004\377\005\255""A?\250""; ledgerSeq: 0; type: liTS_CANDIDATE; nodes {;   nodedata: ""MJ\275'\324\005\036\313\204nW\300\362\327\016\205\236\021\351Q6\021\355\301\372\322\276g\026\243\361M\004\003"";   nodeid: ""\000\000\000\000\000\000\000\000\000\000\000\000\000\000\000\000\000\000\000\000\000\000\000\000\000\000\000\000\000\000\000\000\000""; }; "
1750527541497,1750527541497,3504,1,0,4,TMProposeSet,"proposeSeq: 1; currentTxHash: ""\000\000\000\000\000\000\000\000\000\000\000\000\000\000\000\000\000\000\000\000\000\000\000\000\000\000\000\000\000\000\000\000""; nodePubKey: ""\002\225aM\037\203M\271C\224]$\245\215\334\264;{{\365%Z\2443U\201\242\320iUc\207\367""; closeTime: 803842740; signature: ""0D\002 \177[\273\r\373\364!!l\217\0378\2431\314\373\367)Q\020e[\274\206\325\344\301\363o\333\321\363\002 9\274I\366^\315<}\251\3552\2736\361;\276\035\356iRM\336t\223\322xPM|\363?\235""; previousledger: ""\360\215\2502\265\245\310\226\243c\302Ze\306\253#r\020\211\320iG\276\020E\317\035Sf\223F\254""; ","proposeSeq: 1; currentTxHash: ""\000\000\000\000\000\000\000\000\000\000\000\000\000\000\000\000\000\000\000\000\000\000\000\000\000\000\000\000\000\000\000\000""; nodePubKey: ""\002\225aM\037\203M\271C\224]$\245\215\334\264;{{\365%Z\2443U\201\242\320iUc\207\367""; closeTime: 803842740; signature: ""0D\002 \177[\273\r\373\364!!l\217\0378\2431\314\373\367)Q\020e[\274\206\325\344\301\363o\333\321\363\002 9\274I\366^\315<}\251\3552\2736\361;\276\035\356iRM\336t\223\322xPM|\363?\235""; previousledger: ""\360\215\2502\265\245\310\226\243c\302Ze\306\253#r\020\211\320iG\276\020E\317\035Sf\223F\254""; "
1750527541498,1750527541498,142,1,0,3,TMProposeSet,"proposeSeq: 1; currentTxHash: ""\000\000\000\000\000\000\000\000\000\000\000\000\000\000\000\000\000\000\000\000\000\000\000\000\000\000\000\000\000\000\000\000""; nodePubKey: ""\002\225aM\037\203M\271C\224]$\245\215\334\264;{{\365%Z\2443U\201\242\320iUc\207\367""; closeTime: 803842740; signature: ""0D\002 \177[\273\r\373\364!!l\217\0378\2431\314\373\367)Q\020e[\274\206\325\344\301\363o\333\321\363\002 9\274I\366^\315<}\251\3552\2736\361;\276\035\356iRM\336t\223\322xPM|\363?\235""; previousledger: ""\360\215\2502\265\245\310\226\243c\302Ze\306\253#r\020\211\320iG\276\020E\317\035Sf\223F\254""; ","proposeSeq: 1; currentTxHash: ""\000\000\000\000\000\000\000\000\000\000\000\000\000\000\000\000\000\000\000\000\000\000\000\000\000\000\000\000\000\000\000\000""; nodePubKey: ""\002\225aM\037\203M\271C\224]$\245\215\334\264;{{\365%Z\2443U\201\242\320iUc\207\367""; closeTime: 803842740; signature: ""0D\002 \177[\273\r\373\364!!l\217\0378\2431\314\373\367)Q\020e[\274\206\325\344\301\363o\333\321\363\002 9\274I\366^\315<}\251\3552\2736\361;\276\035\356iRM\336t\223\322xPM|\363?\235""; previousledger: ""\360\215\2502\265\245\310\226\243c\302Ze\306\253#r\020\211\320iG\276\020E\317\035Sf\223F\254""; "
1750527541498,1750527541498,3849,1,0,1,TMProposeSet,"proposeSeq: 1; currentTxHash: ""\000\000\000\000\000\000\000\000\000\000\000\000\000\000\000\000\000\000\000\000\000\000\000\000\000\000\000\000\000\000\000\000""; nodePubKey: ""\002\225aM\037\203M\271C\224]$\245\215\334\264;{{\365%Z\2443U\201\242\320iUc\207\367""; closeTime: 803842740; signature: ""0D\002 \177[\273\r\373\364!!l\217\0378\2431\314\373\367)Q\020e[\274\206\325\344\301\363o\333\321\363\002 9\274I\366^\315<}\251\3552\2736\361;\276\035\356iRM\336t\223\322xPM|\363?\235""; previousledger: ""\360\215\2502\265\245\310\226\243c\302Ze\306\253#r\020\211\320iG\276\020E\317\035Sf\223F\254""; ","proposeSeq: 1; currentTxHash: ""\000\000\000\000\000\000\000\000\000\000\000\000\000\000\000\000\000\000\000\000\000\000\000\000\000\000\000\000\000\000\000\000""; nodePubKey: ""\002\225aM\037\203M\271C\224]$\245\215\334\264;{{\365%Z\2443U\201\242\320iUc\207\367""; closeTime: 803842740; signature: ""0D\002 \177[\273\r\373\364!!l\217\0378\2431\314\373\367)Q\020e[\274\206\325\344\301\363o\333\321\363\002 9\274I\366^\315<}\251\3552\2736\361;\276\035\356iRM\336t\223\322xPM|\363?\235""; previousledger: ""\360\215\2502\265\245\310\226\243c\302Ze\306\253#r\020\211\320iG\276\020E\317\035Sf\223F\254""; "
1750527541498,1750527541499,3268,1,0,2,TMProposeSet,"proposeSeq: 1; currentTxHash: ""\000\000\000\000\000\000\000\000\000\000\000\000\000\000\000\000\000\000\000\000\000\000\000\000\000\000\000\000\000\000\000\000""; nodePubKey: ""\002\225aM\037\203M\271C\224]$\245\215\334\264;{{\365%Z\2443U\201\242\320iUc\207\367""; closeTime: 803842740; signature: ""0D\002 \177[\273\r\373\364!!l\217\0378\2431\314\373\367)Q\020e[\274\206\325\344\301\363o\333\321\363\002 9\274I\366^\315<}\251\3552\2736\361;\276\035\356iRM\336t\223\322xPM|\363?\235""; previousledger: ""\360\215\2502\265\245\310\226\243c\302Ze\306\253#r\020\211\320iG\276\020E\317\035Sf\223F\254""; ","proposeSeq: 1; currentTxHash: ""\000\000\000\000\000\000\000\000\000\000\000\000\000\000\000\000\000\000\000\000\000\000\000\000\000\000\000\000\000\000\000\000""; nodePubKey: ""\002\225aM\037\203M\271C\224]$\245\215\334\264;{{\365%Z\2443U\201\242\320iUc\207\367""; closeTime: 803842740; signature: ""0D\002 \177[\273\r\373\364!!l\217\0378\2431\314\373\367)Q\020e[\274\206\325\344\301\363o\333\321\363\002 9\274I\366^\315<}\251\3552\2736\361;\276\035\356iRM\336t\223\322xPM|\363?\235""; previousledger: ""\360\215\2502\265\245\310\226\243c\302Ze\306\253#r\020\211\320iG\276\020E\317\035Sf\223F\254""; "
1750527541499,1750527541499,1964,1,0,3,TMStatusChange,"newEvent: neACCEPTED_LEDGER; ledgerSeq: 7; ledgerHash: ""\276\230H\305\2714\032l\253n6W\035\354\257.f\r\217\302\203\224\212L\020\S\370\243OP*""; ledgerHashPrevious: ""\360\215\2502\265\245\310\226\243c\302Ze\306\253#r\020\211\320iG\276\020E\317\035Sf\223F\254""; networkTime: 803842741; firstSeq: 1; lastSeq: 6; ","newEvent: neACCEPTED_LEDGER; ledgerSeq: 7; ledgerHash: ""\276\230H\305\2714\032l\253n6W\035\354\257.f\r\217\302\203\224\212L\020\S\370\243OP*""; ledgerHashPrevious: ""\360\215\2502\265\245\310\226\243c\302Ze\306\253#r\020\211\320iG\276\020E\317\035Sf\223F\254""; networkTime: 803842741; firstSeq: 1; lastSeq: 6; "
1750527541499,1750527541500,3904,1,0,4,TMStatusChange,"newEvent: neACCEPTED_LEDGER; ledgerSeq: 7; ledgerHash: ""\276\230H\305\2714\032l\253n6W\035\354\257.f\r\217\302\203\224\212L\020\S\370\243OP*""; ledgerHashPrevious: ""\360\215\2502\265\245\310\226\243c\302Ze\306\253#r\020\211\320iG\276\020E\317\035Sf\223F\254""; networkTime: 803842741; firstSeq: 1; lastSeq: 6; ","newEvent: neACCEPTED_LEDGER; ledgerSeq: 7; ledgerHash: ""\276\230H\305\2714\032l\253n6W\035\354\257.f\r\217\302\203\224\212L\020\S\370\243OP*""; ledgerHashPrevious: ""\360\215\2502\265\245\310\226\243c\302Ze\306\253#r\020\211\320iG\276\020E\317\035Sf\223F\254""; networkTime: 803842741; firstSeq: 1; lastSeq: 6; "
1750527541500,1750527541500,2179,1,0,2,TMStatusChange,"newEvent: neACCEPTED_LEDGER; ledgerSeq: 7; ledgerHash: ""\276\230H\305\2714\032l\253n6W\035\354\257.f\r\217\302\203\224\212L\020\S\370\243OP*""; ledgerHashPrevious: ""\360\215\2502\265\245\310\226\243c\302Ze\306\253#r\020\211\320iG\276\020E\317\035Sf\223F\254""; networkTime: 803842741; firstSeq: 1; lastSeq: 6; ","newEvent: neACCEPTED_LEDGER; ledgerSeq: 7; ledgerHash: ""\276\230H\305\2714\032l\253n6W\035\354\257.f\r\217\302\203\224\212L\020\S\370\243OP*""; ledgerHashPrevious: ""\360\215\2502\265\245\310\226\243c\302Ze\306\253#r\020\211\320iG\276\020E\317\035Sf\223F\254""; networkTime: 803842741; firstSeq: 1; lastSeq: 6; "
1750527541500,1750527541500,1249,1,0,1,TMStatusChange,"newEvent: neACCEPTED_LEDGER; ledgerSeq: 7; ledgerHash: ""\276\230H\305\2714\032l\253n6W\035\354\257.f\r\217\302\203\224\212L\020\S\370\243OP*""; ledgerHashPrevious: ""\360\215\2502\265\245\310\226\243c\302Ze\306\253#r\020\211\320iG\276\020E\317\035Sf\223F\254""; networkTime: 803842741; firstSeq: 1; lastSeq: 6; ","newEvent: neACCEPTED_LEDGER; ledgerSeq: 7; ledgerHash: ""\276\230H\305\2714\032l\253n6W\035\354\257.f\r\217\302\203\224\212L\020\S\370\243OP*""; ledgerHashPrevious: ""\360\215\2502\265\245\310\226\243c\302Ze\306\253#r\020\211\320iG\276\020E\317\035Sf\223F\254""; networkTime: 803842741; firstSeq: 1; lastSeq: 6; "
1750527541501,1750527541501,142,1,0,3,TMProposeSet,"proposeSeq: 0; currentTxHash: ""\356\316\306(\314\366\340SA\320e\361\337A\350+\342\334{eBV\360\354\225)\263\237~v\236}""; nodePubKey: ""\003\255\225A\213\332\224ehh\024BDq\224\250\335`\355\353{\357\266\335<\021\032\265\177\206\356&\215""; closeTime: 803842738; signature: ""0D\002 \035\333\0002\324\307E{\274\316\016!\362W\200\013\322R1\346AI\2427\311\353X~\r\302f\313\002 xv\033\271YG+m\210\235[\006\255c\340\212(\266\374\210y\036=A\3308\304\026\306\256\225\351""; previousledger: ""\276\230H\305\2714\032l\253n6W\035\354\257.f\r\217\302\203\224\212L\020\S\370\243OP*""; ","proposeSeq: 0; currentTxHash: ""\356\316\306(\314\366\340SA\320e\361\337A\350+\342\334{eBV\360\354\225)\263\237~v\236}""; nodePubKey: ""\003\255\225A\213\332\224ehh\024BDq\224\250\335`\355\353{\357\266\335<\021\032\265\177\206\356&\215""; closeTime: 803842738; signature: ""0D\002 \035\333\0002\324\307E{\274\316\016!\362W\200\013\322R1\346AI\2427\311\353X~\r\302f\313\002 xv\033\271YG+m\210\235[\006\255c\340\212(\266\374\210y\036=A\3308\304\026\306\256\225\351""; previousledger: ""\276\230H\305\2714\032l\253n6W\035\354\257.f\r\217\302\203\224\212L\020\S\370\243OP*""; "
1750527541501,1750527541501,3504,1,0,4,TMProposeSet,"proposeSeq: 0; currentTxHash: ""\356\316\306(\314\366\340SA\320e\361\337A\350+\342\334{eBV\360\354\225)\263\237~v\236}""; nodePubKey: ""\003\255\225A\213\332\224ehh\024BDq\224\250\335`\355\353{\357\266\335<\021\032\265\177\206\356&\215""; closeTime: 803842738; signature: ""0D\002 \035\333\0002\324\307E{\274\316\016!\362W\200\013\322R1\346AI\2427\311\353X~\r\302f\313\002 xv\033\271YG+m\210\235[\006\255c\340\212(\266\374\210y\036=A\3308\304\026\306\256\225\351""; previousledger: ""\276\230H\305\2714\032l\253n6W\035\354\257.f\r\217\302\203\224\212L\020\S\370\243OP*""; ","proposeSeq: 0; currentTxHash: ""\356\316\306(\314\366\340SA\320e\361\337A\350+\342\334{eBV\360\354\225)\263\237~v\236}""; nodePubKey: ""\003\255\225A\213\332\224ehh\024BDq\224\250\335`\355\353{\357\266\335<\021\032\265\177\206\356&\215""; closeTime: 803842738; signature: ""0D\002 \035\333\0002\324\307E{\274\316\016!\362W\200\013\322R1\346AI\2427\311\353X~\r\302f\313\002 xv\033\271YG+m\210\235[\006\255c\340\212(\266\374\210y\036=A\3308\304\026\306\256\225\351""; previousledger: ""\276\230H\305\2714\032l\253n6W\035\354\257.f\r\217\302\203\224\212L\020\S\370\243OP*""; "
1750527541501,1750527541501,3849,1,0,1,TMProposeSet,"proposeSeq: 0; currentTxHash: ""\356\316\306(\314\366\340SA\320e\361\337A\350+\342\334{eBV\360\354\225)\263\237~v\236}""; nodePubKey: ""\003\255\225A\213\332\224ehh\024BDq\224\250\335`\355\353{\357\266\335<\021\032\265\177\206\356&\215""; closeTime: 803842738; signature: ""0D\002 \035\333\0002\324\307E{\274\316\016!\362W\200\013\322R1\346AI\2427\311\353X~\r\302f\313\002 xv\033\271YG+m\210\235[\006\255c\340\212(\266\374\210y\036=A\3308\304\026\306\256\225\351""; previousledger: ""\276\230H\305\2714\032l\253n6W\035\354\257.f\r\217\302\203\224\212L\020\S\370\243OP*""; ","proposeSeq: 0; currentTxHash: ""\356\316\306(\314\366\340SA\320e\361\337A\350+\342\334{eBV\360\354\225)\263\237~v\236}""; nodePubKey: ""\003\255\225A\213\332\224ehh\024BDq\224\250\335`\355\353{\357\266\335<\021\032\265\177\206\356&\215""; closeTime: 803842738; signature: ""0D\002 \035\333\0002\324\307E{\274\316\016!\362W\200\013\322R1\346AI\2427\311\353X~\r\302f\313\002 xv\033\271YG+m\210\235[\006\255c\340\212(\266\374\210y\036=A\3308\304\026\306\256\225\351""; previousledger: ""\276\230H\305\2714\032l\253n6W\035\354\257.f\r\217\302\203\224\212L\020\S\370\243OP*""; "
1750527541501,1750527541502,380,1,0,4,TMGetLedger,"itype: liTS_CANDIDATE; ledgerHash: ""\356\316\306(\314\366\340SA\320e\361\337A\350+\342\334{eBV\360\354\225)\263\237~v\236}""; nodeIDs: ""\000\000\000\000\000\000\000\000\000\000\000\000\000\000\000\000\000\000\000\000\000\000\000\000\000\000\000\000\000\000\000\000\000""; queryDepth: 3; ","itype: liTS_CANDIDATE; ledgerHash: ""\356\316\306(\314\366\340SA\320e\361\337A\350+\342\334{eBV\360\354\225)\263\237~v\236}""; nodeIDs: ""\000\000\000\000\000\000\000\000\000\000\000\000\000\000\000\000\000\000\000\000\000\000\000\000\000\000\000\000\000\000\000\000\000""; queryDepth: 3; "
1750527541502,1750527541502,3375,1,0,1,TMGetLedger,"itype: liTS_CANDIDATE; ledgerHash: ""\356\316\306(\314\366\340SA\320e\361\337A\350+\342\334{eBV\360\354\225)\263\237~v\236}""; nodeIDs: ""\000\000\000\000\000\000\000\000\000\000\000\000\000\000\000\000\000\000\000\000\000\000\000\000\000\000\000\000\000\000\000\000\000""; queryDepth: 3; ","itype: liTS_CANDIDATE; ledgerHash: ""\356\316\306(\314\366\340SA\320e\361\337A\350+\342\334{eBV\360\354\225)\263\237~v\236}""; nodeIDs: ""\000\000\000\000\000\000\000\000\000\000\000\000\000\000\000\000\000\000\000\000\000\000\000\000\000\000\000\000\000\000\000\000\000""; queryDepth: 3; "
1750527541504,1750527541504,1131,1,3,0,TMGetLedger,"itype: liTS_CANDIDATE; ledgerHash: ""\341\310\354\0213\033\013\350\207z\236R(|z&\034\335\266\323\356\205\273DV\210\254\213T\rZ\347""; nodeIDs: ""\000\000\000\000\000\000\000\000\000\000\000\000\000\000\000\000\000\000\000\000\000\000\000\000\000\000\000\000\000\000\000\000\000""; queryType: qtINDIRECT; queryDepth: 3; ","itype: liTS_CANDIDATE; ledgerHash: ""\341\310\354\0213\033\013\350\207z\236R(|z&\034\335\266\323\356\205\273DV\210\254\213T\rZ\347""; nodeIDs: ""\000\000\000\000\000\000\000\000\000\000\000\000\000\000\000\000\000\000\000\000\000\000\000\000\000\000\000\000\000\000\000\000\000""; queryType: qtINDIRECT; queryDepth: 3; "
1750527541505,1750527541505,1019,1,3,4,TMGetLedger,"itype: liTS_CANDIDATE; ledgerHash: ""\341\310\354\0213\033\013\350\207z\236R(|z&\034\335\266\323\356\205\273DV\210\254\213T\rZ\347""; nodeIDs: ""\000\000\000\000\000\000\000\000\000\000\000\000\000\000\000\000\000\000\000\000\000\000\000\000\000\000\000\000\000\000\000\000\000""; queryType: qtINDIRECT; queryDepth: 3; ","itype: liTS_CANDIDATE; ledgerHash: ""\341\310\354\0213\033\013\350\207z\236R(|z&\034\335\266\323\356\205\273DV\210\254\213T\rZ\347""; nodeIDs: ""\000\000\000\000\000\000\000\000\000\000\000\000\000\000\000\000\000\000\000\000\000\000\000\000\000\000\000\000\000\000\000\000\000""; queryType: qtINDIRECT; queryDepth: 3; "
1750527541505,1750527541505,2079,1,3,1,TMGetLedger,"itype: liTS_CANDIDATE; ledgerHash: ""\341\310\354\0213\033\013\350\207z\236R(|z&\034\335\266\323\356\205\273DV\210\254\213T\rZ\347""; nodeIDs: ""\000\000\000\000\000\000\000\000\000\000\000\000\000\000\000\000\000\000\000\000\000\000\000\000\000\000\000\000\000\000\000\000\000""; queryType: qtINDIRECT; queryDepth: 3; ","itype: liTS_CANDIDATE; ledgerHash: ""\341\310\354\0213\033\013\350\207z\236R(|z&\034\335\266\323\356\205\273DV\210\254\213T\rZ\347""; nodeIDs: ""\000\000\000\000\000\000\000\000\000\000\000\000\000\000\000\000\000\000\000\000\000\000\000\000\000\000\000\000\000\000\000\000\000""; queryType: qtINDIRECT; queryDepth: 3; "
1750527541506,1750527541506,2794,1,3,2,TMGetLedger,"itype: liTS_CANDIDATE; ledgerHash: ""\341\310\354\0213\033\013\350\207z\236R(|z&\034\335\266\323\356\205\273DV\210\254\213T\rZ\347""; nodeIDs: ""\000\000\000\000\000\000\000\000\000\000\000\000\000\000\000\000\000\000\000\000\000\000\000\000\000\000\000\000\000\000\000\000\000""; queryType: qtINDIRECT; queryDepth: 3; ","itype: liTS_CANDIDATE; ledgerHash: ""\341\310\354\0213\033\013\350\207z\236R(|z&\034\335\266\323\356\205\273DV\210\254\213T\rZ\347""; nodeIDs: ""\000\000\000\000\000\000\000\000\000\000\000\000\000\000\000\000\000\000\000\000\000\000\000\000\000\000\000\000\000\000\000\000\000""; queryType: qtINDIRECT; queryDepth: 3; "
1750527541517,1750527541517,2920,1,1,0,TMGetLedger,"itype: liTS_CANDIDATE; ledgerHash: ""3\321\n7\354)\tf\006\357\205B<h\272GQ \344\262\236\025#\003\024&\310\034\352\376\326""; nodeIDs: ""\000\000\000\000\000\000\000\000\000\000\000\000\000\000\000\000\000\000\000\000\000\000\000\000\000\000\000\000\000\000\000\000\000""; requestCookie: 5; queryType: qtINDIRECT; queryDepth: 3; ","itype: liTS_CANDIDATE; ledgerHash: ""3\321\n7\354)\tf\006\357\205B<h\272GQ \344\262\236\025#\003\024&\310\034\352\376\326""; nodeIDs: ""\000\000\000\000\000\000\000\000\000\000\000\000\000\000\000\000\000\000\000\000\000\000\000\000\000\000\000\000\000\000\000\000\000""; requestCookie: 5; queryType: qtINDIRECT; queryDepth: 3; "
1750527541519,1750527541519,3578,1,1,3,TMLedgerData,"ledgerHash: ""\341\310\354\0213\033\013\350\207z\236R(|z&\034\335\266\323\356\205\273DV\210\254\213T\rZ\347""; ledgerSeq: 0; type: liTS_CANDIDATE; nodes {;   nodedata: ""\256\322m\2146\221\305\341\316\031h?\276\005\207\253\236\tL;\371W\315\233X\345O\203\332\240\005\360\n\003"";   nodeid: ""\000\000\000\000\000\000\000\000\000\000\000\000\000\000\000\000\000\000\000\000\000\000\000\000\000\000\000\000\000\000\000\000\000""; }; requestCookie: 5; ","ledgerHash: ""\341\310\354\0213\033\013\350\207z\236R(|z&\034\335\266\323\356\205\273DV\210\254\213T\rZ\347""; ledgerSeq: 0; type: liTS_CANDIDATE; nodes {;   nodedata: ""\256\322m\2146\221\305\341\316\031h?\276\005\207\253\236\tL;\371W\315\233X\345O\203\332\240\005\360\n\003"";   nodeid: ""\000\000\000\000\000\000\000\000\000\000\000\000\000\000\000\000\000\000\000\000\000\000\000\000\000\000\000\000\000\000\000\000\000""; }; requestCookie: 5; "
1750527541519,1750527541519,3378,1,4,0,TMLedgerData,"ledgerHash: ""\341\310\354\0213\033\013\350\207z\236R(|z&\034\335\266\323\356\205\273DV\210\254\213T\rZ\347""; ledgerSeq: 0; type: liTS_CANDIDATE; nodes {;   nodedata: ""\256\322m\2146\221\305\341\316\031h?\276\005\207\253\236\tL;\371W\315\233X\345O\203\332\240\005\360\n\003"";   nodeid: ""\000\000\000\000\000\000\000\000\000\000\000\000\000\000\000\000\000\000\000\000\000\000\000\000\000\000\000\000\000\000\000\000\000""; }; ","ledgerHash: ""\341\310\354\0213\033\013\350\207z\236R(|z&\034\335\266\323\356\205\273DV\210\254\213T\rZ\347""; ledgerSeq: 0; type: liTS_CANDIDATE; nodes {;   nodedata: ""\256\322m\2146\221\305\341\316\031h?\276\005\207\253\236\tL;\371W\315\233X\345O\203\332\240\005\360\n\003"";   nodeid: ""\000\000\000\000\000\000\000\000\000\000\000\000\000\000\000\000\000\000\000\000\000\000\000\000\000\000\000\000\000\000\000\000\000""; }; "
1750527541524,1750527541524,2764,1,4,3,TMLedgerData,"ledgerHash: ""\341\310\354\0213\033\013\350\207z\236R(|z&\034\335\266\323\356\205\273DV\210\254\213T\rZ\347""; ledgerSeq: 0; type: liTS_CANDIDATE; nodes {;   nodedata: ""\256\322m\2146\221\305\341\316\031h?\276\005\207\253\236\tL;\371W\315\233X\345O\203\332\240\005\360\n\003"";   nodeid: ""\000\000\000\000\000\000\000\000\000\000\000\000\000\000\000\000\000\000\000\000\000\000\000\000\000\000\000\000\000\000\000\000\000""; }; ","ledgerHash: ""\341\310\354\0213\033\013\350\207z\236R(|z&\034\335\266\323\356\205\273DV\210\254\213T\rZ\347""; ledgerSeq: 0; type: liTS_CANDIDATE; nodes {;   nodedata: ""\256\322m\2146\221\305\341\316\031h?\276\005\207\253\236\tL;\371W\315\233X\345O\203\332\240\005\360\n\003"";   nodeid: ""\000\000\000\000\000\000\000\000\000\000\000\000\000\000\000\000\000\000\000\000\000\000\000\000\000\000\000\000\000\000\000\000\000""; }; "
1750527541527,1750527541527,3818,1,0,2,TMLedgerData,"ledgerHash: ""3\321\n7\354)\tf\006\357\205B<h\272GQ \344\262\236\025#\003\024&\310\034\352\376\326""; ledgerSeq: 0; type: liTS_CANDIDATE; nodes {;   nodedata: ""'\240~~s\033\202\356\320\307\177Nt\203\315\245\305\276b\265\310\271\3319\245:\342=c\267\265\233\002\003"";   nodeid: ""\000\000\000\000\000\000\000\000\000\000\000\000\000\000\000\000\000\000\000\000\000\000\000\000\000\000\000\000\000\000\000\000\000""; }; requestCookie: 4; ","ledgerHash: ""3\321\n7\354)\tf\006\357\205B<h\272GQ \344\262\236\025#\003\024&\310\034\352\376\326""; ledgerSeq: 0; type: liTS_CANDIDATE; nodes {;   nodedata: ""'\240~~s\033\202\356\320\307\177Nt\203\315\245\305\276b\265\310\271\3319\245:\342=c\267\265\233\002\003"";   nodeid: ""\000\000\000\000\000\000\000\000\000\000\000\000\000\000\000\000\000\000\000\000\000\000\000\000\000\000\000\000\000\000\000\000\000""; }; requestCookie: 4; "
1750527541538,1750527541538,1769,1,2,1,TMLedgerData,"ledgerHash: ""[\000\302\314\326\214\276@c\240\272\222{\363\314\032\213\311\316\246/\330\302\014>\022\346\234\347\264\270\350""; ledgerSeq: 0; type: liTS_CANDIDATE; nodes {;   nodedata: ""\002i\361\030\371\256\265\036\320\273\013\357<\215/(\215[\231D\357Gd\372\270\316\261\301\342\327\225\241\000GZ\227\022t\201\240u\2324P\027\307M\337'Y\361[IAD\351\374!\232\005\337\376\252\251g\004\003"";   nodeid: ""\000\000\000\000\000\000\000\000\000\000\000\000\000\000\000\000\000\000\000\000\000\000\000\000\000\000\000\000\000\000\000\000\000""; }; ","ledgerHash: ""[\000\302\314\326\214\276@c\240\272\222{\363\314\032\213\311\316\246/\330\302\014>\022\346\234\347\264\270\350""; ledgerSeq: 0; type: liTS_CANDIDATE; nodes {;   nodedata: ""\002i\361\030\371\256\265\036\320\273\013\357<\215/(\215[\231D\357Gd\372\270\316\261\301\342\327\225\241\000GZ\227\022t\201\240u\2324P\027\307M\337'Y\361[IAD\351\374!\232\005\337\376\252\251g\004\003"";   nodeid: ""\000\000\000\000\000\000\000\000\000\000\000\000\000\000\000\000\000\000\000\000\000\000\000\000\000\000\000\000\000\000\000\000\000""; }; "
1750527541548,1750527541548,1665,1,2,3,TMLedgerData,"ledgerHash: ""\341\310\354\0213\033\013\350\207z\236R(|z&\034\335\266\323\356\205\273DV\210\254\213T\rZ\347""; ledgerSeq: 0; type: liTS_CANDIDATE; nodes {;   nodedata: ""\256\322m\2146\221\305\341\316\031h?\276\005\207\253\236\tL;\371W\315\233X\345O\203\332\240\005\360\n\003"";   nodeid: ""\000\000\000\000\000\000\000\000\000\000\000\000\000\000\000\000\000\000\000\000\000\000\000\000\000\000\000\000\000\000\000\000\000""; }; ","ledgerHash: ""\341\310\354\0213\033\013\350\207z\236R(|z&\034\335\266\323\356\205\273DV\210\254\213T\rZ\347""; ledgerSeq: 0; type: liTS_CANDIDATE; nodes {;   nodedata: ""\256\322m\2146\221\305\341\316\031h?\276\005\207\253\236\tL;\371W\315\233X\345O\203\332\240\005\360\n\003"";   nodeid: ""\000\000\000\000\000\000\000\000\000\000\000\000\000\000\000\000\000\000\000\000\000\000\000\000\000\000\000\000\000\000\000\000\000""; }; "
1750527541562,1750527541562,1996,1,0,4,TMLedgerData,"ledgerHash: ""\341\310\354\0213\033\013\350\207z\236R(|z&\034\335\266\323\356\205\273DV\210\254\213T\rZ\347""; ledgerSeq: 0; type: liTS_CANDIDATE; nodes {;   nodedata: ""\256\322m\2146\221\305\341\316\031h?\276\005\207\253\236\tL;\371W\315\233X\345O\203\332\240\005\360\n\003"";   nodeid: ""\000\000\000\000\000\000\000\000\000\000\000\000\000\000\000\000\000\000\000\000\000\000\000\000\000\000\000\000\000\000\000\000\000""; }; ","ledgerHash: ""\341\310\354\0213\033\013\350\207z\236R(|z&\034\335\266\323\356\205\273DV\210\254\213T\rZ\347""; ledgerSeq: 0; type: liTS_CANDIDATE; nodes {;   nodedata: ""\256\322m\2146\221\305\341\316\031h?\276\005\207\253\236\tL;\371W\315\233X\345O\203\332\240\005\360\n\003"";   nodeid: ""\000\000\000\000\000\000\000\000\000\000\000\000\000\000\000\000\000\000\000\000\000\000\000\000\000\000\000\000\000\000\000\000\000""; }; "
1750527541564,1750527541564,3719,1,2,4,TMGetLedger,"itype: liTS_CANDIDATE; ledgerHash: ""\363\262\310\025\251\261\276X\247\260J\221\345\357\037\231)|\321K\000\\326E\004\377\005\255""A?\250""; nodeIDs: ""\000\000\000\000\000\000\000\000\000\000\000\000\000\000\000\000\000\000\000\000\000\000\000\000\000\000\000\000\000\000\000\000\000""; requestCookie: 2; queryType: qtINDIRECT; queryDepth: 3; ","itype: liTS_CANDIDATE; ledgerHash: ""\363\262\310\025\251\261\276X\247\260J\221\345\357\037\231)|\321K\000\\326E\004\377\005\255""A?\250""; nodeIDs: ""\000\000\000\000\000\000\000\000\000\000\000\000\000\000\000\000\000\000\000\000\000\000\000\000\000\000\000\000\000\000\000\000\000""; requestCookie: 2; queryType: qtINDIRECT; queryDepth: 3; "
1750527541584,1750527541584,3578,1,1,3,TMLedgerData,"ledgerHash: ""\341\310\354\0213\033\013\350\207z\236R(|z&\034\335\266\323\356\205\273DV\210\254\213T\rZ\347""; ledgerSeq: 0; type: liTS_CANDIDATE; nodes {;   nodedata: ""\256\322m\2146\221\305\341\316\031h?\276\005\207\253\236\tL;\371W\315\233X\345O\203\332\240\005\360\n\003"";   nodeid: ""\000\000\000\000\000\000\000\000\000\000\000\000\000\000\000\000\000\000\000\000\000\000\000\000\000\000\000\000\000\000\000\000\000""; }; ","ledgerHash: ""\341\310\354\0213\033\013\350\207z\236R(|z&\034\335\266\323\356\205\273DV\210\254\213T\rZ\347""; ledgerSeq: 0; type: liTS_CANDIDATE; nodes {;   nodedata: ""\256\322m\2146\221\305\341\316\031h?\276\005\207\253\236\tL;\371W\315\233X\345O\203\332\240\005\360\n\003"";   nodeid: ""\000\000\000\000\000\000\000\000\000\000\000\000\000\000\000\000\000\000\000\000\000\000\000\000\000\000\000\000\000\000\000\000\000""; }; "
1750527541590,1750527541590,612,1,2,0,TMLedgerData,"ledgerHash: ""\341\310\354\0213\033\013\350\207z\236R(|z&\034\335\266\323\356\205\273DV\210\254\213T\rZ\347""; ledgerSeq: 0; type: liTS_CANDIDATE; nodes {;   nodedata: ""\256\322m\2146\221\305\341\316\031h?\276\005\207\253\236\tL;\371W\315\233X\345O\203\332\240\005\360\n\003"";   nodeid: ""\000\000\000\000\000\000\000\000\000\000\000\000\000\000\000\000\000\000\000\000\000\000\000\000\000\000\000\000\000\000\000\000\000""; }; ","ledgerHash: ""\341\310\354\0213\033\013\350\207z\236R(|z&\034\335\266\323\356\205\273DV\210\254\213T\rZ\347""; ledgerSeq: 0; type: liTS_CANDIDATE; nodes {;   nodedata: ""\256\322m\2146\221\305\341\316\031h?\276\005\207\253\236\tL;\371W\315\233X\345O\203\332\240\005\360\n\003"";   nodeid: ""\000\000\000\000\000\000\000\000\000\000\000\000\000\000\000\000\000\000\000\000\000\000\000\000\000\000\000\000\000\000\000\000\000""; }; "
1750527541590,1750527541591,1968,1,1,2,TMLedgerData,"ledgerHash: ""\341\310\354\0213\033\013\350\207z\236R(|z&\034\335\266\323\356\205\273DV\210\254\213T\rZ\347""; ledgerSeq: 0; type: liTS_CANDIDATE; nodes {;   nodedata: ""\256\322m\2146\221\305\341\316\031h?\276\005\207\253\236\tL;\371W\315\233X\345O\203\332\240\005\360\n\003"";   nodeid: ""\000\000\000\000\000\000\000\000\000\000\000\000\000\000\000\000\000\000\000\000\000\000\000\000\000\000\000\000\000\000\000\000\000""; }; ","ledgerHash: ""\341\310\354\0213\033\013\350\207z\236R(|z&\034\335\266\323\356\205\273DV\210\254\213T\rZ\347""; ledgerSeq: 0; type: liTS_CANDIDATE; nodes {;   nodedata: ""\256\322m\2146\221\305\341\316\031h?\276\005\207\253\236\tL;\371W\315\233X\345O\203\332\240\005\360\n\003"";   nodeid: ""\000\000\000\000\000\000\000\000\000\000\000\000\000\000\000\000\000\000\000\000\000\000\000\000\000\000\000\000\000\000\000\000\000""; }; "
1750527541594,1750527541594,2764,1,4,3,TMLedgerData,"ledgerHash: ""3\321\n7\354)\tf\006\357\205B<h\272GQ \344\262\236\025#\003\024&\310\034\352\376\326""; ledgerSeq: 0; type: liTS_CANDIDATE; nodes {;   nodedata: ""'\240~~s\033\202\356\320\307\177Nt\203\315\245\305\276b\265\310\271\3319\245:\342=c\267\265\233\002\003"";   nodeid: ""\000\000\000\000\000\000\000\000\000\000\000\000\000\000\000\000\000\000\000\000\000\000\000\000\000\000\000\000\000\000\000\000\000""; }; ","ledgerHash: ""3\321\n7\354)\tf\006\357\205B<h\272GQ \344\262\236\025#\003\024&\310\034\352\376\326""; ledgerSeq: 0; type: liTS_CANDIDATE; nodes {;   nodedata: ""'\240~~s\033\202\356\320\307\177Nt\203\315\245\305\276b\265\310\271\3319\245:\342=c\267\265\233\002\003"";   nodeid: ""\000\000\000\000\000\000\000\000\000\000\000\000\000\000\000\000\000\000\000\000\000\000\000\000\000\000\000\000\000\000\000\000\000""; }; "
1750527541598,1750527541598,589,1,2,0,TMGetLedger,"itype: liBASE; ledgerHash: ""\326+\03569g\235`}\354\203s\003\217_Vf \233\324\237yU<\242:Zr\321\340\201]""; ledgerSeq: 7; queryType: qtINDIRECT; ","itype: liBASE; ledgerHash: ""\326+\03569g\235`}\354\203s\003\217_Vf \233\324\237yU<\242:Zr\321\340\201]""; ledgerSeq: 7; queryType: qtINDIRECT; "
1750527541598,1750527541598,4000,1,2,3,TMGetLedger,"itype: liBASE; ledgerHash: ""\326+\03569g\235`}\354\203s\003\217_Vf \233\324\237yU<\242:Zr\321\340\201]""; ledgerSeq: 7; queryType: qtINDIRECT; ","itype: liBASE; ledgerHash: ""\326+\03569g\235`}\354\203s\003\217_Vf \233\324\237yU<\242:Zr\321\340\201]""; ledgerSeq: 7; queryType: qtINDIRECT; "
1750527541598,1750527541598,1544,1,2,1,TMGetLedger,"itype: liBASE; ledgerHash: ""\326+\03569g\235`}\354\203s\003\217_Vf \233\324\237yU<\242:Zr\321\340\201]""; ledgerSeq: 7; queryType: qtINDIRECT; ","itype: liBASE; ledgerHash: ""\326+\03569g\235`}\354\203s\003\217_Vf \233\324\237yU<\242:Zr\321\340\201]""; ledgerSeq: 7; queryType: qtINDIRECT; "
1750527541608,1750527541609,3094,1,0,3,TMGetLedger,"itype: liBASE; ledgerHash: ""\033@\177e\277\016\010u\327\371&\262\312\317Q\2361t\377x\234\001v\003%\030\325_\225g\204\346""; requestCookie: 2; queryType: qtINDIRECT; ","itype: liBASE; ledgerHash: ""\033@\177e\277\016\010u\327\371&\262\312\317Q\2361t\377x\234\001v\003%\030\325_\225g\204\346""; requestCookie: 2; queryType: qtINDIRECT; "
1750527541610,1750527541610,3719,1,2,4,TMGetLedger,"itype: liBASE; ledgerHash: ""\326+\03569g\235`}\354\203s\003\217_Vf \233\324\237yU<\242:Zr\321\340\201]""; ledgerSeq: 7; queryType: qtINDIRECT; ","itype: liBASE; ledgerHash: ""\326+\03569g\235`}\354\203s\003\217_Vf \233\324\237yU<\242:Zr\321\340\201]""; ledgerSeq: 7; queryType: qtINDIRECT; "
1750527541626,1750527541626,1782,1,1,4,TMLedgerData,"ledgerHash: ""\341\310\354\0213\033\013\350\207z\236R(|z&\034\335\266\323\356\205\273DV\210\254\213T\rZ\347""; ledgerSeq: 0; type: liTS_CANDIDATE; nodes {;   nodedata: ""\256\322m\2146\221\305\341\316\031h?\276\005\207\253\236\tL;\371W\315\233X\345O\203\332\240\005\360\n\003"";   nodeid: ""\000\000\000\000\000\000\000\000\000\000\000\000\000\000\000\000\000\000\000\000\000\000\000\000\000\000\000\000\000\000\000\000\000""; }; requestCookie: 4; ","ledgerHash: ""\341\310\354\0213\033\013\350\207z\236R(|z&\034\335\266\323\356\205\273DV\210\254\213T\rZ\347""; ledgerSeq: 0; type: liTS_CANDIDATE; nodes {;   nodedata: ""\256\322m\2146\221\305\341\316\031h?\276\005\207\253\236\tL;\371W\315\233X\345O\203\332\240\005\360\n\003"";   nodeid: ""\000\000\000\000\000\000\000\000\000\000\000\000\000\000\000\000\000\000\000\000\000\000\000\000\000\000\000\000\000\000\000\000\000""; }; requestCookie: 4; "
1750527541636,1750527541636,1497,1,0,3,TMLedgerData,"ledgerHash: ""\341\310\354\0213\033\013\350\207z\236R(|z&\034\335\266\323\356\205\273DV\210\254\213T\rZ\347""; ledgerSeq: 0; type: liTS_CANDIDATE; nodes {;   nodedata: ""\256\322m\2146\221\305\341\316\031h?\276\005\207\253\236\tL;\371W\315\233X\345O\203\332\240\005\360\n\003"";   nodeid: ""\000\000\000\000\000\000\000\000\000\000\000\000\000\000\000\000\000\000\000\000\000\000\000\000\000\000\000\000\000\000\000\000\000""; }; ","ledgerHash: ""\341\310\354\0213\033\013\350\207z\236R(|z&\034\335\266\323\356\205\273DV\210\254\213T\rZ\347""; ledgerSeq: 0; type: liTS_CANDIDATE; nodes {;   nodedata: ""\256\322m\2146\221\305\341\316\031h?\276\005\207\253\236\tL;\371W\315\233X\345O\203\332\240\005\360\n\003"";   nodeid: ""\000\000\000\000\000\000\000\000\000\000\000\000\000\000\000\000\000\000\000\000\000\000\000\000\000\000\000\000\000\000\000\000\000""; }; "
1750527541642,1750527541642,1434,1,0,1,TMLedgerData,"ledgerHash: ""3\321\n7\354)\tf\006\357\205B<h\272GQ \344\262\236\025#\003\024&\310\034\352\376\326""; ledgerSeq: 0; type: liTS_CANDIDATE; nodes {;   nodedata: ""'\240~~s\033\202\356\320\307\177Nt\203\315\245\305\276b\265\310\271\3319\245:\342=c\267\265\233\002\003"";   nodeid: ""\000\000\000\000\000\000\000\000\000\000\000\000\000\000\000\000\000\000\000\000\000\000\000\000\000\000\000\000\000\000\000\000\000""; }; requestCookie: 4; ","ledgerHash: ""3\321\n7\354)\tf\006\357\205B<h\272GQ \344\262\236\025#\003\024&\310\034\352\376\326""; ledgerSeq: 0; type: liTS_CANDIDATE; nodes {;   nodedata: ""'\240~~s\033\202\356\320\307\177Nt\203\315\245\305\276b\265\310\271\3319\245:\342=c\267\265\233\002\003"";   nodeid: ""\000\000\000\000\000\000\000\000\000\000\000\000\000\000\000\000\000\000\000\000\000\000\000\000\000\000\000\000\000\000\000\000\000""; }; requestCookie: 4; "
1750527541658,1750527541659,2764,1,4,3,TMLedgerData,"ledgerHash: ""\341\310\354\0213\033\013\350\207z\236R(|z&\034\335\266\323\356\205\273DV\210\254\213T\rZ\347""; ledgerSeq: 0; type: liTS_CANDIDATE; nodes {;   nodedata: ""\256\322m\2146\221\305\341\316\031h?\276\005\207\253\236\tL;\371W\315\233X\345O\203\332\240\005\360\n\003"";   nodeid: ""\000\000\000\000\000\000\000\000\000\000\000\000\000\000\000\000\000\000\000\000\000\000\000\000\000\000\000\000\000\000\000\000\000""; }; ","ledgerHash: ""\341\310\354\0213\033\013\350\207z\236R(|z&\034\335\266\323\356\205\273DV\210\254\213T\rZ\347""; ledgerSeq: 0; type: liTS_CANDIDATE; nodes {;   nodedata: ""\256\322m\2146\221\305\341\316\031h?\276\005\207\253\236\tL;\371W\315\233X\345O\203\332\240\005\360\n\003"";   nodeid: ""\000\000\000\000\000\000\000\000\000\000\000\000\000\000\000\000\000\000\000\000\000\000\000\000\000\000\000\000\000\000\000\000\000""; }; "
1750527541687,1750527541687,2920,1,1,0,TMGetLedger,"itype: liBASE; ledgerHash: ""\033@\177e\277\016\010u\327\371&\262\312\317Q\2361t\377x\234\001v\003%\030\325_\225g\204\346""; ledgerSeq: 7; queryType: qtINDIRECT; ","itype: liBASE; ledgerHash: ""\033@\177e\277\016\010u\327\371&\262\312\317Q\2361t\377x\234\001v\003%\030\325_\225g\204\346""; ledgerSeq: 7; queryType: qtINDIRECT; "
1750527541687,1750527541687,3769,1,1,3,TMGetLedger,"itype: liBASE; ledgerHash: ""\033@\177e\277\016\010u\327\371&\262\312\317Q\2361t\377x\234\001v\003%\030\325_\225g\204\346""; ledgerSeq: 7; queryType: qtINDIRECT; ","itype: liBASE; ledgerHash: ""\033@\177e\277\016\010u\327\371&\262\312\317Q\2361t\377x\234\001v\003%\030\325_\225g\204\346""; ledgerSeq: 7; queryType: qtINDIRECT; "
1750527541687,1750527541687,3810,1,1,4,TMGetLedger,"itype: liBASE; ledgerHash: ""\033@\177e\277\016\010u\327\371&\262\312\317Q\2361t\377x\234\001v\003%\030\325_\225g\204\346""; ledgerSeq: 7; queryType: qtINDIRECT; ","itype: liBASE; ledgerHash: ""\033@\177e\277\016\010u\327\371&\262\312\317Q\2361t\377x\234\001v\003%\030\325_\225g\204\346""; ledgerSeq: 7; queryType: qtINDIRECT; "
1750527541687,1750527541687,1495,1,1,2,TMGetLedger,"itype: liBASE; ledgerHash: ""\033@\177e\277\016\010u\327\371&\262\312\317Q\2361t\377x\234\001v\003%\030\325_\225g\204\346""; ledgerSeq: 7; queryType: qtINDIRECT; ","itype: liBASE; ledgerHash: ""\033@\177e\277\016\010u\327\371&\262\312\317Q\2361t\377x\234\001v\003%\030\325_\225g\204\346""; ledgerSeq: 7; queryType: qtINDIRECT; "
1750527541690,1750527541690,1212,1,2,4,TMLedgerData,"ledgerHash: ""\341\310\354\0213\033\013\350\207z\236R(|z&\034\335\266\323\356\205\273DV\210\254\213T\rZ\347""; ledgerSeq: 0; type: liTS_CANDIDATE; nodes {;   nodedata: ""\256\322m\2146\221\305\341\316\031h?\276\005\207\253\236\tL;\371W\315\233X\345O\203\332\240\005\360\n\003"";   nodeid: ""\000\000\000\000\000\000\000\000\000\000\000\000\000\000\000\000\000\000\000\000\000\000\000\000\000\000\000\000\000\000\000\000\000""; }; ","ledgerHash: ""\341\310\354\0213\033\013\350\207z\236R(|z&\034\335\266\323\356\205\273DV\210\254\213T\rZ\347""; ledgerSeq: 0; type: liTS_CANDIDATE; nodes {;   nodedata: ""\256\322m\2146\221\305\341\316\031h?\276\005\207\253\236\tL;\371W\315\233X\345O\203\332\240\005\360\n\003"";   nodeid: ""\000\000\000\000\000\000\000\000\000\000\000\000\000\000\000\000\000\000\000\000\000\000\000\000\000\000\000\000\000\000\000\000\000""; }; "
1750527541692,1750527541692,2794,1,3,2,TMGetLedger,"itype: liBASE; ledgerHash: ""\276\230H\305\2714\032l\253n6W\035\354\257.f\r\217\302\203\224\212L\020\S\370\243OP*""; ledgerSeq: 7; requestCookie: 3; queryType: qtINDIRECT; ","itype: liBASE; ledgerHash: ""\276\230H\305\2714\032l\253n6W\035\354\257.f\r\217\302\203\224\212L\020\S\370\243OP*""; ledgerSeq: 7; requestCookie: 3; queryType: qtINDIRECT; "
1750527541709,1750527541709,3085,1,3,0,TMLedgerData,"ledgerHash: ""\363\262\310\025\251\261\276X\247\260J\221\345\357\037\231)|\321K\000\\326E\004\377\005\255""A?\250""; ledgerSeq: 0; type: liTS_CANDIDATE; nodes {;   nodedata: ""MJ\275'\324\005\036\313\204nW\300\362\327\016\205\236\021\351Q6\021\355\301\372\322\276g\026\243\361M\004\003"";   nodeid: ""\000\000\000\000\000\000\000\000\000\000\000\000\000\000\000\000\000\000\000\000\000\000\000\000\000\000\000\000\000\000\000\000\000""; }; ","ledgerHash: ""\363\262\310\025\251\261\276X\247\260J\221\345\357\037\231)|\321K\000\\326E\004\377\005\255""A?\250""; ledgerSeq: 0; type: liTS_CANDIDATE; nodes {;   nodedata: ""MJ\275'\324\005\036\313\204nW\300\362\327\016\205\236\021\351Q6\021\355\301\372\322\276g\026\243\361M\004\003"";   nodeid: ""\000\000\000\000\000\000\000\000\000\000\000\000\000\000\000\000\000\000\000\000\000\000\000\000\000\000\000\000\000\000\000\000\000""; }; "
1750527541726,1750527541726,4000,1,2,3,TMGetLedger,"itype: liTS_CANDIDATE; ledgerHash: ""3\321\n7\354)\tf\006\357\205B<h\272GQ \344\262\236\025#\003\024&\310\034\352\376\326""; nodeIDs: ""\000\000\000\000\000\000\000\000\000\000\000\000\000\000\000\000\000\000\000\000\000\000\000\000\000\000\000\000\000\000\000\000\000""; requestCookie: 5; queryType: qtINDIRECT; queryDepth: 3; ","itype: liTS_CANDIDATE; ledgerHash: ""3\321\n7\354)\tf\006\357\205B<h\272GQ \344\262\236\025#\003\024&\310\034\352\376\326""; nodeIDs: ""\000\000\000\000\000\000\000\000\000\000\000\000\000\000\000\000\000\000\000\000\000\000\000\000\000\000\000\000\000\000\000\000\000""; requestCookie: 5; queryType: qtINDIRECT; queryDepth: 3; "
1750527541731,1750527541731,1782,1,1,4,TMLedgerData,"ledgerHash: ""\341\310\354\0213\033\013\350\207z\236R(|z&\034\335\266\323\356\205\273DV\210\254\213T\rZ\347""; ledgerSeq: 0; type: liTS_CANDIDATE; nodes {;   nodedata: ""\256\322m\2146\221\305\341\316\031h?\276\005\207\253\236\tL;\371W\315\233X\345O\203\332\240\005\360\n\003"";   nodeid: ""\000\000\000\000\000\000\000\000\000\000\000\000\000\000\000\000\000\000\000\000\000\000\000\000\000\000\000\000\000\000\000\000\000""; }; ","ledgerHash: ""\341\310\354\0213\033\013\350\207z\236R(|z&\034\335\266\323\356\205\273DV\210\254\213T\rZ\347""; ledgerSeq: 0; type: liTS_CANDIDATE; nodes {;   nodedata: ""\256\322m\2146\221\305\341\316\031h?\276\005\207\253\236\tL;\371W\315\233X\345O\203\332\240\005\360\n\003"";   nodeid: ""\000\000\000\000\000\000\000\000\000\000\000\000\000\000\000\000\000\000\000\000\000\000\000\000\000\000\000\000\000\000\000\000\000""; }; "
1750527541733,1750527541733,2309,1,4,2,TMGetLedger,"itype: liBASE; ledgerHash: ""\276\230H\305\2714\032l\253n6W\035\354\257.f\r\217\302\203\224\212L\020\S\370\243OP*""; ledgerSeq: 7; requestCookie: 2; queryType: qtINDIRECT; ","itype: liBASE; ledgerHash: ""\276\230H\305\2714\032l\253n6W\035\354\257.f\r\217\302\203\224\212L\020\S\370\243OP*""; ledgerSeq: 7; requestCookie: 2; queryType: qtINDIRECT; "
1750527541735,1750527541736,1968,1,1,2,TMLedgerData,"ledgerHash: ""\341\310\354\0213\033\013\350\207z\236R(|z&\034\335\266\323\356\205\273DV\210\254\213T\rZ\347""; ledgerSeq: 0; type: liTS_CANDIDATE; nodes {;   nodedata: ""\256\322m\2146\221\305\341\316\031h?\276\005\207\253\236\tL;\371W\315\233X\345O\203\332\240\005\360\n\003"";   nodeid: ""\000\000\000\000\000\000\000\000\000\000\000\000\000\000\000\000\000\000\000\000\000\000\000\000\000\000\000\000\000\000\000\000\000""; }; requestCookie: 5; ","ledgerHash: ""\341\310\354\0213\033\013\350\207z\236R(|z&\034\335\266\323\356\205\273DV\210\254\213T\rZ\347""; ledgerSeq: 0; type: liTS_CANDIDATE; nodes {;   nodedata: ""\256\322m\2146\221\305\341\316\031h?\276\005\207\253\236\tL;\371W\315\233X\345O\203\332\240\005\360\n\003"";   nodeid: ""\000\000\000\000\000\000\000\000\000\000\000\000\000\000\000\000\000\000\000\000\000\000\000\000\000\000\000\000\000\000\000\000\000""; }; requestCookie: 5; "
1750527541746,1750527541746,3378,1,4,0,TMLedgerData,"ledgerHash: ""\363\262\310\025\251\261\276X\247\260J\221\345\357\037\231)|\321K\000\\326E\004\377\005\255""A?\250""; ledgerSeq: 0; type: liTS_CANDIDATE; nodes {;   nodedata: ""MJ\275'\324\005\036\313\204nW\300\362\327\016\205\236\021\351Q6\021\355\301\372\322\276g\026\243\361M\004\003"";   nodeid: ""\000\000\000\000\000\000\000\000\000\000\000\000\000\000\000\000\000\000\000\000\000\000\000\000\000\000\000\000\000\000\000\000\000""; }; ","ledgerHash: ""\363\262\310\025\251\261\276X\247\260J\221\345\357\037\231)|\321K\000\\326E\004\377\005\255""A?\250""; ledgerSeq: 0; type: liTS_CANDIDATE; nodes {;   nodedata: ""MJ\275'\324\005\036\313\204nW\300\362\327\016\205\236\021\351Q6\021\355\301\372\322\276g\026\243\361M\004\003"";   nodeid: ""\000\000\000\000\000\000\000\000\000\000\000\000\000\000\000\000\000\000\000\000\000\000\000\000\000\000\000\000\000\000\000\000\000""; }; "
1750527541749,1750527541749,1199,1,0,2,TMGetLedger,"itype: liTS_CANDIDATE; ledgerHash: ""\356\316\306(\314\366\340SA\320e\361\337A\350+\342\334{eBV\360\354\225)\263\237~v\236}""; nodeIDs: ""\000\000\000\000\000\000\000\000\000\000\000\000\000\000\000\000\000\000\000\000\000\000\000\000\000\000\000\000\000\000\000\000\000""; queryType: qtINDIRECT; queryDepth: 3; ","itype: liTS_CANDIDATE; ledgerHash: ""\356\316\306(\314\366\340SA\320e\361\337A\350+\342\334{eBV\360\354\225)\263\237~v\236}""; nodeIDs: ""\000\000\000\000\000\000\000\000\000\000\000\000\000\000\000\000\000\000\000\000\000\000\000\000\000\000\000\000\000\000\000\000\000""; queryType: qtINDIRECT; queryDepth: 3; "
1750527541756,1750527541757,1544,1,2,1,TMGetLedger,"itype: liBASE; ledgerHash: ""\326+\03569g\235`}\354\203s\003\217_Vf \233\324\237yU<\242:Zr\321\340\201]""; ledgerSeq: 7; requestCookie: 4; queryType: qtINDIRECT; ","itype: liBASE; ledgerHash: ""\326+\03569g\235`}\354\203s\003\217_Vf \233\324\237yU<\242:Zr\321\340\201]""; ledgerSeq: 7; requestCookie: 4; queryType: qtINDIRECT; "
1750527541761,1750527541761,1539,1,4,2,TMLedgerData,"ledgerHash: ""\341\310\354\0213\033\013\350\207z\236R(|z&\034\335\266\323\356\205\273DV\210\254\213T\rZ\347""; ledgerSeq: 0; type: liTS_CANDIDATE; nodes {;   nodedata: ""\256\322m\2146\221\305\341\316\031h?\276\005\207\253\236\tL;\371W\315\233X\345O\203\332\240\005\360\n\003"";   nodeid: ""\000\000\000\000\000\000\000\000\000\000\000\000\000\000\000\000\000\000\000\000\000\000\000\000\000\000\000\000\000\000\000\000\000""; }; ","ledgerHash: ""\341\310\354\0213\033\013\350\207z\236R(|z&\034\335\266\323\356\205\273DV\210\254\213T\rZ\347""; ledgerSeq: 0; type: liTS_CANDIDATE; nodes {;   nodedata: ""\256\322m\2146\221\305\341\316\031h?\276\005\207\253\236\tL;\371W\315\233X\345O\203\332\240\005\360\n\003"";   nodeid: ""\000\000\000\000\000\000\000\000\000\000\000\000\000\000\000\000\000\000\000\000\000\000\000\000\000\000\000\000\000\000\000\000\000""; }; "
1750527541772,1750527541772,3578,1,1,3,TMLedgerData,"ledgerHash: ""\341\310\354\0213\033\013\350\207z\236R(|z&\034\335\266\323\356\205\273DV\210\254\213T\rZ\347""; ledgerSeq: 0; type: liTS_CANDIDATE; nodes {;   nodedata: ""\256\322m\2146\221\305\341\316\031h?\276\005\207\253\236\tL;\371W\315\233X\345O\203\332\240\005\360\n\003"";   nodeid: ""\000\000\000\000\000\000\000\000\000\000\000\000\000\000\000\000\000\000\000\000\000\000\000\000\000\000\000\000\000\000\000\000\000""; }; requestCookie: 5; ","ledgerHash: ""\341\310\354\0213\033\013\350\207z\236R(|z&\034\335\266\323\356\205\273DV\210\254\213T\rZ\347""; ledgerSeq: 0; type: liTS_CANDIDATE; nodes {;   nodedata: ""\256\322m\2146\221\305\341\316\031h?\276\005\207\253\236\tL;\371W\315\233X\345O\203\332\240\005\360\n\003"";   nodeid: ""\000\000\000\000\000\000\000\000\000\000\000\000\000\000\000\000\000\000\000\000\000\000\000\000\000\000\000\000\000\000\000\000\000""; }; requestCookie: 5; "
1750527541775,1750527541775,2764,1,4,3,TMLedgerData,"ledgerHash: ""\341\310\354\0213\033\013\350\207z\236R(|z&\034\335\266\323\356\205\273DV\210\254\213T\rZ\347""; ledgerSeq: 0; type: liTS_CANDIDATE; nodes {;   nodedata: ""\256\322m\2146\221\305\341\316\031h?\276\005\207\253\236\tL;\371W\315\233X\345O\203\332\240\005\360\n\003"";   nodeid: ""\000\000\000\000\000\000\000\000\000\000\000\000\000\000\000\000\000\000\000\000\000\000\000\000\000\000\000\000\000\000\000\000\000""; }; ","ledgerHash: ""\341\310\354\0213\033\013\350\207z\236R(|z&\034\335\266\323\356\205\273DV\210\254\213T\rZ\347""; ledgerSeq: 0; type: liTS_CANDIDATE; nodes {;   nodedata: ""\256\322m\2146\221\305\341\316\031h?\276\005\207\253\236\tL;\371W\315\233X\345O\203\332\240\005\360\n\003"";   nodeid: ""\000\000\000\000\000\000\000\000\000\000\000\000\000\000\000\000\000\000\000\000\000\000\000\000\000\000\000\000\000\000\000\000\000""; }; "
1750527541793,1750527541793,3094,1,0,3,TMGetLedger,"itype: liBASE; ledgerHash: ""\033@\177e\277\016\010u\327\371&\262\312\317Q\2361t\377x\234\001v\003%\030\325_\225g\204\346""; queryType: qtINDIRECT; ","itype: liBASE; ledgerHash: ""\033@\177e\277\016\010u\327\371&\262\312\317Q\2361t\377x\234\001v\003%\030\325_\225g\204\346""; queryType: qtINDIRECT; "
1750527541793,1750527541793,380,1,0,4,TMGetLedger,"itype: liBASE; ledgerHash: ""\033@\177e\277\016\010u\327\371&\262\312\317Q\2361t\377x\234\001v\003%\030\325_\225g\204\346""; queryType: qtINDIRECT; ","itype: liBASE; ledgerHash: ""\033@\177e\277\016\010u\327\371&\262\312\317Q\2361t\377x\234\001v\003%\030\325_\225g\204\346""; queryType: qtINDIRECT; "
1750527541793,1750527541793,3375,1,0,1,TMGetLedger,"itype: liBASE; ledgerHash: ""\033@\177e\277\016\010u\327\371&\262\312\317Q\2361t\377x\234\001v\003%\030\325_\225g\204\346""; queryType: qtINDIRECT; ","itype: liBASE; ledgerHash: ""\033@\177e\277\016\010u\327\371&\262\312\317Q\2361t\377x\234\001v\003%\030\325_\225g\204\346""; queryType: qtINDIRECT; "
1750527541793,1750527541794,1199,1,0,2,TMGetLedger,"itype: liBASE; ledgerHash: ""\033@\177e\277\016\010u\327\371&\262\312\317Q\2361t\377x\234\001v\003%\030\325_\225g\204\346""; queryType: qtINDIRECT; ","itype: liBASE; ledgerHash: ""\033@\177e\277\016\010u\327\371&\262\312\317Q\2361t\377x\234\001v\003%\030\325_\225g\204\346""; queryType: qtINDIRECT; "
1750527541795,1750527541795,3378,1,4,0,TMLedgerData,"ledgerHash: ""\341\310\354\0213\033\013\350\207z\236R(|z&\034\335\266\323\356\205\273DV\210\254\213T\rZ\347""; ledgerSeq: 0; type: liTS_CANDIDATE; nodes {;   nodedata: ""\256\322m\2146\221\305\341\316\031h?\276\005\207\253\236\tL;\371W\315\233X\345O\203\332\240\005\360\n\003"";   nodeid: ""\000\000\000\000\000\000\000\000\000\000\000\000\000\000\000\000\000\000\000\000\000\000\000\000\000\000\000\000\000\000\000\000\000""; }; ","ledgerHash: ""\341\310\354\0213\033\013\350\207z\236R(|z&\034\335\266\323\356\205\273DV\210\254\213T\rZ\347""; ledgerSeq: 0; type: liTS_CANDIDATE; nodes {;   nodedata: ""\256\322m\2146\221\305\341\316\031h?\276\005\207\253\236\tL;\371W\315\233X\345O\203\332\240\005\360\n\003"";   nodeid: ""\000\000\000\000\000\000\000\000\000\000\000\000\000\000\000\000\000\000\000\000\000\000\000\000\000\000\000\000\000\000\000\000\000""; }; "
1750527541798,1750527541798,1665,1,2,3,TMLedgerData,"ledgerHash: ""\341\310\354\0213\033\013\350\207z\236R(|z&\034\335\266\323\356\205\273DV\210\254\213T\rZ\347""; ledgerSeq: 0; type: liTS_CANDIDATE; nodes {;   nodedata: ""\256\322m\2146\221\305\341\316\031h?\276\005\207\253\236\tL;\371W\315\233X\345O\203\332\240\005\360\n\003"";   nodeid: ""\000\000\000\000\000\000\000\000\000\000\000\000\000\000\000\000\000\000\000\000\000\000\000\000\000\000\000\000\000\000\000\000\000""; }; ","ledgerHash: ""\341\310\354\0213\033\013\350\207z\236R(|z&\034\335\266\323\356\205\273DV\210\254\213T\rZ\347""; ledgerSeq: 0; type: liTS_CANDIDATE; nodes {;   nodedata: ""\256\322m\2146\221\305\341\316\031h?\276\005\207\253\236\tL;\371W\315\233X\345O\203\332\240\005\360\n\003"";   nodeid: ""\000\000\000\000\000\000\000\000\000\000\000\000\000\000\000\000\000\000\000\000\000\000\000\000\000\000\000\000\000\000\000\000\000""; }; "
1750527541808,1750527541808,3375,1,0,1,TMGetLedger,"itype: liBASE; ledgerHash: ""\326+\03569g\235`}\354\203s\003\217_Vf \233\324\237yU<\242:Zr\321\340\201]""; ledgerSeq: 7; requestCookie: 5; queryType: qtINDIRECT; ","itype: liBASE; ledgerHash: ""\326+\03569g\235`}\354\203s\003\217_Vf \233\324\237yU<\242:Zr\321\340\201]""; ledgerSeq: 7; requestCookie: 5; queryType: qtINDIRECT; "
1750527541812,1750527541812,1932,1,4,0,TMGetLedger,"itype: liBASE; ledgerHash: ""\276\230H\305\2714\032l\253n6W\035\354\257.f\r\217\302\203\224\212L\020\S\370\243OP*""; ledgerSeq: 7; queryType: qtINDIRECT; ","itype: liBASE; ledgerHash: ""\276\230H\305\2714\032l\253n6W\035\354\257.f\r\217\302\203\224\212L\020\S\370\243OP*""; ledgerSeq: 7; queryType: qtINDIRECT; "
1750527541813,1750527541813,2101,1,4,1,TMGetLedger,"itype: liBASE; ledgerHash: ""\276\230H\305\2714\032l\253n6W\035\354\257.f\r\217\302\203\224\212L\020\S\370\243OP*""; ledgerSeq: 7; queryType: qtINDIRECT; ","itype: liBASE; ledgerHash: ""\276\230H\305\2714\032l\253n6W\035\354\257.f\r\217\302\203\224\212L\020\S\370\243OP*""; ledgerSeq: 7; queryType: qtINDIRECT; "
1750527541813,1750527541813,559,1,4,3,TMGetLedger,"itype: liBASE; ledgerHash: ""\276\230H\305\2714\032l\253n6W\035\354\257.f\r\217\302\203\224\212L\020\S\370\243OP*""; ledgerSeq: 7; queryType: qtINDIRECT; ","itype: liBASE; ledgerHash: ""\276\230H\305\2714\032l\253n6W\035\354\257.f\r\217\302\203\224\212L\020\S\370\243OP*""; ledgerSeq: 7; queryType: qtINDIRECT; "
1750527541813,1750527541813,2309,1,4,2,TMGetLedger,"itype: liBASE; ledgerHash: ""\276\230H\305\2714\032l\253n6W\035\354\257.f\r\217\302\203\224\212L\020\S\370\243OP*""; ledgerSeq: 7; queryType: qtINDIRECT; ","itype: liBASE; ledgerHash: ""\276\230H\305\2714\032l\253n6W\035\354\257.f\r\217\302\203\224\212L\020\S\370\243OP*""; ledgerSeq: 7; queryType: qtINDIRECT; "
1750527541814,1750527541814,1996,1,0,4,TMLedgerData,"ledgerHash: ""\341\310\354\0213\033\013\350\207z\236R(|z&\034\335\266\323\356\205\273DV\210\254\213T\rZ\347""; ledgerSeq: 0; type: liTS_CANDIDATE; nodes {;   nodedata: ""\256\322m\2146\221\305\341\316\031h?\276\005\207\253\236\tL;\371W\315\233X\345O\203\332\240\005\360\n\003"";   nodeid: ""\000\000\000\000\000\000\000\000\000\000\000\000\000\000\000\000\000\000\000\000\000\000\000\000\000\000\000\000\000\000\000\000\000""; }; ","ledgerHash: ""\341\310\354\0213\033\013\350\207z\236R(|z&\034\335\266\323\356\205\273DV\210\254\213T\rZ\347""; ledgerSeq: 0; type: liTS_CANDIDATE; nodes {;   nodedata: ""\256\322m\2146\221\305\341\316\031h?\276\005\207\253\236\tL;\371W\315\233X\345O\203\332\240\005\360\n\003"";   nodeid: ""\000\000\000\000\000\000\000\000\000\000\000\000\000\000\000\000\000\000\000\000\000\000\000\000\000\000\000\000\000\000\000\000\000""; }; "
1750527541817,1750527541817,3818,1,0,2,TMLedgerData,"ledgerHash: ""3\321\n7\354)\tf\006\357\205B<h\272GQ \344\262\236\025#\003\024&\310\034\352\376\326""; ledgerSeq: 0; type: liTS_CANDIDATE; nodes {;   nodedata: ""'\240~~s\033\202\356\320\307\177Nt\203\315\245\305\276b\265\310\271\3319\245:\342=c\267\265\233\002\003"";   nodeid: ""\000\000\000\000\000\000\000\000\000\000\000\000\000\000\000\000\000\000\000\000\000\000\000\000\000\000\000\000\000\000\000\000\000""; }; requestCookie: 5; ","ledgerHash: ""3\321\n7\354)\tf\006\357\205B<h\272GQ \344\262\236\025#\003\024&\310\034\352\376\326""; ledgerSeq: 0; type: liTS_CANDIDATE; nodes {;   nodedata: ""'\240~~s\033\202\356\320\307\177Nt\203\315\245\305\276b\265\310\271\3319\245:\342=c\267\265\233\002\003"";   nodeid: ""\000\000\000\000\000\000\000\000\000\000\000\000\000\000\000\000\000\000\000\000\000\000\000\000\000\000\000\000\000\000\000\000\000""; }; requestCookie: 5; "
1750527541833,1750527541833,3578,1,1,3,TMLedgerData,"ledgerHash: ""\341\310\354\0213\033\013\350\207z\236R(|z&\034\335\266\323\356\205\273DV\210\254\213T\rZ\347""; ledgerSeq: 0; type: liTS_CANDIDATE; nodes {;   nodedata: ""\256\322m\2146\221\305\341\316\031h?\276\005\207\253\236\tL;\371W\315\233X\345O\203\332\240\005\360\n\003"";   nodeid: ""\000\000\000\000\000\000\000\000\000\000\000\000\000\000\000\000\000\000\000\000\000\000\000\000\000\000\000\000\000\000\000\000\000""; }; ","ledgerHash: ""\341\310\354\0213\033\013\350\207z\236R(|z&\034\335\266\323\356\205\273DV\210\254\213T\rZ\347""; ledgerSeq: 0; type: liTS_CANDIDATE; nodes {;   nodedata: ""\256\322m\2146\221\305\341\316\031h?\276\005\207\253\236\tL;\371W\315\233X\345O\203\332\240\005\360\n\003"";   nodeid: ""\000\000\000\000\000\000\000\000\000\000\000\000\000\000\000\000\000\000\000\000\000\000\000\000\000\000\000\000\000\000\000\000\000""; }; "
1750527541836,1750527541836,1968,1,1,2,TMLedgerData,"ledgerHash: ""\326+\03569g\235`}\354\203s\003\217_Vf \233\324\237yU<\242:Zr\321\340\201]""; ledgerSeq: 7; type: liBASE; nodes {;   nodedata: ""\000\000\000\007\001cEx]\211\377\330\360\215\2502\265\245\310\226\243c\302Ze\306\253#r\020\211\320iG\276\020E\317\035Sf\223F\254\020N |\264\023\251\372`\001\r\225\217P\243\370m\037op\306\025\027\013\002\257\266J\025/\3729\220\014>4\264\253\207\255\233\\356\277\340\345\017\323\341\201\004TK\004\373\204\253\204\240\3155\357\026\353/\351\252\253/\351\252\264\n\000""; }; nodes {;   nodedata: ""\341\035\262xv\226\317f5\366\365\252a\177\355\302\326\t\222~j\320f\374/ \363\256\257\361 \303\001\301\025%1L\307\t\261\262z\374\222T\301\274V\236\223\262\270Ct\362\337b\356\024*\324\320\351\317\002,\377\251Q\263\245*\373\267\332I\261\001\251N\313Su!\333\331\260|\312%\271\263\267\320\313\036\303\004\330\210a4\256y^267\344\320H\t\331\316{n\002q\260\017U_\270\321B\024U\313\2054\006E\344\037@\210\363\010\336T\226\247'\204_{\261\370""1\235\2445\343\033Y!\212\201\341\272\225'\007Z\314\023h\n\020~\036\324P\254\001\274\227n\020\273\023\010\nq\216Z\344\004\3612B\205\257\335\036\013\003""; }; nodes {;   nodedata: ""\233\330\223\352\3012\234}\322\031(\362*;JR3m]\203<\234\204jiO\033\304\322\017\232\202\n\003""; }; requestCookie: 2; ","ledgerHash: ""\326+\03569g\235`}\354\203s\003\217_Vf \233\324\237yU<\242:Zr\321\340\201]""; ledgerSeq: 7; type: liBASE; nodes {;   nodedata: ""\000\000\000\007\001cEx]\211\377\330\360\215\2502\265\245\310\226\243c\302Ze\306\253#r\020\211\320iG\276\020E\317\035Sf\223F\254\020N |\264\023\251\372`\001\r\225\217P\243\370m\037op\306\025\027\013\002\257\266J\025/\3729\220\014>4\264\253\207\255\233\\356\277\340\345\017\323\341\201\004TK\004\373\204\253\204\240\3155\357\026\353/\351\252\253/\351\252\264\n\000""; }; nodes {;   nodedata: ""\341\035\262xv\226\317f5\366\365\252a\177\355\302\326\t\222~j\320f\374/ \363\256\257\361 \303\001\301\025%1L\307\t\261\262z\374\222T\301\274V\236\223\262\270Ct\362\337b\356\024*\324\320\351\317\002,\377\251Q\263\245*\373\267\332I\261\001\251N\313Su!\333\331\260|\312%\271\263\267\320\313\036\303\004\330\210a4\256y^267\344\320H\t\331\316{n\002q\260\017U_\270\321B\024U\313\2054\006E\344\037@\210\363\010\336T\226\247'\204_{\261\370""1\235\2445\343\033Y!\212\201\341\272\225'\007Z\314\023h\n\020~\036\324P\254\001\274\227n\020\273\023\010\nq\216Z\344\004\3612B\205\257\335\036\013\003""; }; nodes {;   nodedata: ""\233\330\223\352\3012\234}\322\031(\362*;JR3m]\203<\234\204jiO\033\304\322\017\232\202\n\003""; }; requestCookie: 2; "
1750527541837,1750527541837,1968,1,1,2,TMLedgerData,"ledgerHash: ""\341\310\354\0213\033\013\350\207z\236R(|z&\034\335\266\323\356\205\273DV\210\254\213T\rZ\347""; ledgerSeq: 0; type: liTS_CANDIDATE; nodes {;   nodedata: ""\256\322m\2146\221\305\341\316\031h?\276\005\207\253\236\tL;\371W\315\233X\345O\203\332\240\005\360\n\003"";   nodeid: ""\000\000\000\000\000\000\000\000\000\000\000\000\000\000\000\000\000\000\000\000\000\000\000\000\000\000\000\000\000\000\000\000\000""; }; ","ledgerHash: ""\341\310\354\0213\033\013\350\207z\236R(|z&\034\335\266\323\356\205\273DV\210\254\213T\rZ\347""; ledgerSeq: 0; type: liTS_CANDIDATE; nodes {;   nodedata: ""\256\322m\2146\221\305\341\316\031h?\276\005\207\253\236\tL;\371W\315\233X\345O\203\332\240\005\360\n\003"";   nodeid: ""\000\000\000\000\000\000\000\000\000\000\000\000\000\000\000\000\000\000\000\000\000\000\000\000\000\000\000\000\000\000\000\000\000""; }; "
1750527541838,1750527541838,612,1,2,0,TMLedgerData,"ledgerHash: ""\341\310\354\0213\033\013\350\207z\236R(|z&\034\335\266\323\356\205\273DV\210\254\213T\rZ\347""; ledgerSeq: 0; type: liTS_CANDIDATE; nodes {;   nodedata: ""\256\322m\2146\221\305\341\316\031h?\276\005\207\253\236\tL;\371W\315\233X\345O\203\332\240\005\360\n\003"";   nodeid: ""\000\000\000\000\000\000\000\000\000\000\000\000\000\000\000\000\000\000\000\000\000\000\000\000\000\000\000\000\000\000\000\000\000""; }; ","ledgerHash: ""\341\310\354\0213\033\013\350\207z\236R(|z&\034\335\266\323\356\205\273DV\210\254\213T\rZ\347""; ledgerSeq: 0; type: liTS_CANDIDATE; nodes {;   nodedata: ""\256\322m\2146\221\305\341\316\031h?\276\005\207\253\236\tL;\371W\315\233X\345O\203\332\240\005\360\n\003"";   nodeid: ""\000\000\000\000\000\000\000\000\000\000\000\000\000\000\000\000\000\000\000\000\000\000\000\000\000\000\000\000\000\000\000\000\000""; }; "
1750527541840,1750527541840,2764,1,4,3,TMLedgerData,"ledgerHash: ""3\321\n7\354)\tf\006\357\205B<h\272GQ \344\262\236\025#\003\024&\310\034\352\376\326""; ledgerSeq: 0; type: liTS_CANDIDATE; nodes {;   nodedata: ""'\240~~s\033\202\356\320\307\177Nt\203\315\245\305\276b\265\310\271\3319\245:\342=c\267\265\233\002\003"";   nodeid: ""\000\000\000\000\000\000\000\000\000\000\000\000\000\000\000\000\000\000\000\000\000\000\000\000\000\000\000\000\000\000\000\000\000""; }; ","ledgerHash: ""3\321\n7\354)\tf\006\357\205B<h\272GQ \344\262\236\025#\003\024&\310\034\352\376\326""; ledgerSeq: 0; type: liTS_CANDIDATE; nodes {;   nodedata: ""'\240~~s\033\202\356\320\307\177Nt\203\315\245\305\276b\265\310\271\3319\245:\342=c\267\265\233\002\003"";   nodeid: ""\000\000\000\000\000\000\000\000\000\000\000\000\000\000\000\000\000\000\000\000\000\000\000\000\000\000\000\000\000\000\000\000\000""; }; "
1750527541842,1750527541842,4000,1,2,3,TMGetLedger,"itype: liTS_CANDIDATE; ledgerHash: ""\363\262\310\025\251\261\276X\247\260J\221\345\357\037\231)|\321K\000\\326E\004\377\005\255""A?\250""; nodeIDs: ""\000\000\000\000\000\000\000\000\000\000\000\000\000\000\000\000\000\000\000\000\000\000\000\000\000\000\000\000\000\000\000\000\000""; requestCookie: 2; queryType: qtINDIRECT; queryDepth: 3; ","itype: liTS_CANDIDATE; ledgerHash: ""\363\262\310\025\251\261\276X\247\260J\221\345\357\037\231)|\321K\000\\326E\004\377\005\255""A?\250""; nodeIDs: ""\000\000\000\000\000\000\000\000\000\000\000\000\000\000\000\000\000\000\000\000\000\000\000\000\000\000\000\000\000\000\000\000\000""; requestCookie: 2; queryType: qtINDIRECT; queryDepth: 3; "
1750527541842,1750527541842,1968,1,1,2,TMLedgerData,"ledgerHash: ""\341\310\354\0213\033\013\350\207z\236R(|z&\034\335\266\323\356\205\273DV\210\254\213T\rZ\347""; ledgerSeq: 0; type: liTS_CANDIDATE; nodes {;   nodedata: ""\256\322m\2146\221\305\341\316\031h?\276\005\207\253\236\tL;\371W\315\233X\345O\203\332\240\005\360\n\003"";   nodeid: ""\000\000\000\000\000\000\000\000\000\000\000\000\000\000\000\000\000\000\000\000\000\000\000\000\000\000\000\000\000\000\000\000\000""; }; requestCookie: 4; ","ledgerHash: ""\341\310\354\0213\033\013\350\207z\236R(|z&\034\335\266\323\356\205\273DV\210\254\213T\rZ\347""; ledgerSeq: 0; type: liTS_CANDIDATE; nodes {;   nodedata: ""\256\322m\2146\221\305\341\316\031h?\276\005\207\253\236\tL;\371W\315\233X\345O\203\332\240\005\360\n\003"";   nodeid: ""\000\000\000\000\000\000\000\000\000\000\000\000\000\000\000\000\000\000\000\000\000\000\000\000\000\000\000\000\000\000\000\000\000""; }; requestCookie: 4; "
1750527541872,1750527541872,1782,1,1,4,TMLedgerData,"ledgerHash: ""\341\310\354\0213\033\013\350\207z\236R(|z&\034\335\266\323\356\205\273DV\210\254\213T\rZ\347""; ledgerSeq: 0; type: liTS_CANDIDATE; nodes {;   nodedata: ""\256\322m\2146\221\305\341\316\031h?\276\005\207\253\236\tL;\371W\315\233X\345O\203\332\240\005\360\n\003"";   nodeid: ""\000\000\000\000\000\000\000\000\000\000\000\000\000\000\000\000\000\000\000\000\000\000\000\000\000\000\000\000\000\000\000\000\000""; }; requestCookie: 1; ","ledgerHash: ""\341\310\354\0213\033\013\350\207z\236R(|z&\034\335\266\323\356\205\273DV\210\254\213T\rZ\347""; ledgerSeq: 0; type: liTS_CANDIDATE; nodes {;   nodedata: ""\256\322m\2146\221\305\341\316\031h?\276\005\207\253\236\tL;\371W\315\233X\345O\203\332\240\005\360\n\003"";   nodeid: ""\000\000\000\000\000\000\000\000\000\000\000\000\000\000\000\000\000\000\000\000\000\000\000\000\000\000\000\000\000\000\000\000\000""; }; requestCookie: 1; "
1750527541877,1750527541878,1782,1,1,4,TMLedgerData,"ledgerHash: ""\341\310\354\0213\033\013\350\207z\236R(|z&\034\335\266\323\356\205\273DV\210\254\213T\rZ\347""; ledgerSeq: 0; type: liTS_CANDIDATE; nodes {;   nodedata: ""\256\322m\2146\221\305\341\316\031h?\276\005\207\253\236\tL;\371W\315\233X\345O\203\332\240\005\360\n\003"";   nodeid: ""\000\000\000\000\000\000\000\000\000\000\000\000\000\000\000\000\000\000\000\000\000\000\000\000\000\000\000\000\000\000\000\000\000""; }; requestCookie: 4; ","ledgerHash: ""\341\310\354\0213\033\013\350\207z\236R(|z&\034\335\266\323\356\205\273DV\210\254\213T\rZ\347""; ledgerSeq: 0; type: liTS_CANDIDATE; nodes {;   nodedata: ""\256\322m\2146\221\305\341\316\031h?\276\005\207\253\236\tL;\371W\315\233X\345O\203\332\240\005\360\n\003"";   nodeid: ""\000\000\000\000\000\000\000\000\000\000\000\000\000\000\000\000\000\000\000\000\000\000\000\000\000\000\000\000\000\000\000\000\000""; }; requestCookie: 4; "
1750527541884,1750527541884,1769,1,2,1,TMLedgerData,"ledgerHash: ""\276\230H\305\2714\032l\253n6W\035\354\257.f\r\217\302\203\224\212L\020\S\370\243OP*""; ledgerSeq: 7; type: liBASE; nodes {;   nodedata: ""\000\000\000\007\001cEx]\211\377\342\360\215\2502\265\245\310\226\243c\302Ze\306\253#r\020\211\320iG\276\020E\317\035Sf\223F\254\000\000\000\000\000\000\000\000\000\000\000\000\000\000\000\000\000\000\000\000\000\000\000\000\000\000\000\000\000\000\000\000\302r\207\007\303\237KvzB\356\335\030k\303\312\246:\352\202\037\210\2545\307\004\232\232\026\223SW/\351\252\253/\351\252\264\n\000""; }; nodes {;   nodedata: ""\341\035\262xv\226\317f5\366\365\252a\177\355\302\326\t\222~j\320f\374/ \363\256\257\361 \303\001\301\025%1L\307\t\261\262z\374\222T\301\274V\236\223\262\270Ct\362\337b\356\024*\324\320\351\317\002k\336\234\027v\351\217\260\303\360\233ZPZWr\246$w\313\313\r\243r\232\2234\373\3539:N\004;tP\302\307\005x\n\302lQ\275\237<g\321\233$\274p\355\310J\230\370\306\264\314\367C\275\272\006E\344\037@\210\363\010\336T\226\247'\204_{\261\370""1\235\2445\343\033Y!\212\201\341\272\225'\007Z\314\023h\n\020~\036\324P\254\001\274\227n\020\273\023\010\nq\216Z\344\004\3612B\205\257\335\036\013\003""; }; requestCookie: 4; ","ledgerHash: ""\276\230H\305\2714\032l\253n6W\035\354\257.f\r\217\302\203\224\212L\020\S\370\243OP*""; ledgerSeq: 7; type: liBASE; nodes {;   nodedata: ""\000\000\000\007\001cEx]\211\377\342\360\215\2502\265\245\310\226\243c\302Ze\306\253#r\020\211\320iG\276\020E\317\035Sf\223F\254\000\000\000\000\000\000\000\000\000\000\000\000\000\000\000\000\000\000\000\000\000\000\000\000\000\000\000\000\000\000\000\000\302r\207\007\303\237KvzB\356\335\030k\303\312\246:\352\202\037\210\2545\307\004\232\232\026\223SW/\351\252\253/\351\252\264\n\000""; }; nodes {;   nodedata: ""\341\035\262xv\226\317f5\366\365\252a\177\355\302\326\t\222~j\320f\374/ \363\256\257\361 \303\001\301\025%1L\307\t\261\262z\374\222T\301\274V\236\223\262\270Ct\362\337b\356\024*\324\320\351\317\002k\336\234\027v\351\217\260\303\360\233ZPZWr\246$w\313\313\r\243r\232\2234\373\3539:N\004;tP\302\307\005x\n\302lQ\275\237<g\321\233$\274p\355\310J\230\370\306\264\314\367C\275\272\006E\344\037@\210\363\010\336T\226\247'\204_{\261\370""1\235\2445\343\033Y!\212\201\341\272\225'\007Z\314\023h\n\020~\036\324P\254\001\274\227n\020\273\023\010\nq\216Z\344\004\3612B\205\257\335\036\013\003""; }; requestCookie: 4; "
1750527541888,1750527541888,1497,1,0,3,TMLedgerData,"ledgerHash: ""\341\310\354\0213\033\013\350\207z\236R(|z&\034\335\266\323\356\205\273DV\210\254\213T\rZ\347""; ledgerSeq: 0; type: liTS_CANDIDATE; nodes {;   nodedata: ""\256\322m\2146\221\305\341\316\031h?\276\005\207\253\236\tL;\371W\315\233X\345O\203\332\240\005\360\n\003"";   nodeid: ""\000\000\000\000\000\000\000\000\000\000\000\000\000\000\000\000\000\000\000\000\000\000\000\000\000\000\000\000\000\000\000\000\000""; }; ","ledgerHash: ""\341\310\354\0213\033\013\350\207z\236R(|z&\034\335\266\323\356\205\273DV\210\254\213T\rZ\347""; ledgerSeq: 0; type: liTS_CANDIDATE; nodes {;   nodedata: ""\256\322m\2146\221\305\341\316\031h?\276\005\207\253\236\tL;\371W\315\233X\345O\203\332\240\005\360\n\003"";   nodeid: ""\000\000\000\000\000\000\000\000\000\000\000\000\000\000\000\000\000\000\000\000\000\000\000\000\000\000\000\000\000\000\000\000\000""; }; "
1750527541892,1750527541892,1434,1,0,1,TMLedgerData,"ledgerHash: ""3\321\n7\354)\tf\006\357\205B<h\272GQ \344\262\236\025#\003\024&\310\034\352\376\326""; ledgerSeq: 0; type: liTS_CANDIDATE; nodes {;   nodedata: ""'\240~~s\033\202\356\320\307\177Nt\203\315\245\305\276b\265\310\271\3319\245:\342=c\267\265\233\002\003"";   nodeid: ""\000\000\000\000\000\000\000\000\000\000\000\000\000\000\000\000\000\000\000\000\000\000\000\000\000\000\000\000\000\000\000\000\000""; }; requestCookie: 4; ","ledgerHash: ""3\321\n7\354)\tf\006\357\205B<h\272GQ \344\262\236\025#\003\024&\310\034\352\376\326""; ledgerSeq: 0; type: liTS_CANDIDATE; nodes {;   nodedata: ""'\240~~s\033\202\356\320\307\177Nt\203\315\245\305\276b\265\310\271\3319\245:\342=c\267\265\233\002\003"";   nodeid: ""\000\000\000\000\000\000\000\000\000\000\000\000\000\000\000\000\000\000\000\000\000\000\000\000\000\000\000\000\000\000\000\000\000""; }; requestCookie: 4; "
1750527541909,1750527541909,3085,1,3,0,TMLedgerData,"ledgerHash: ""\033@\177e\277\016\010u\327\371&\262\312\317Q\2361t\377x\234\001v\003%\030\325_\225g\204\346""; ledgerSeq: 7; type: liBASE; nodes {;   nodedata: ""\000\000\000\007\001cEx]\211\377\330\360\215\2502\265\245\310\226\243c\302Ze\306\253#r\020\211\320iG\276\020E\317\035Sf\223F\254\002\370\316\212^2r\204\377\207q\251\315\325\027st\315\275D\367""\312l\350\374\304zy\305\007\340\030\220\357M\025\212p\\332\356\317\346Z\350r\255\236\025^\210\375\243\353\025X\213xq\220$\254,/\351\252\253/\351\252\264\n\000""; }; nodes {;   nodedata: ""\323C\344\327\264{\312-\017:\006{\177\344N\002\326bO\260\220\006\033\362\345\005U\221DzJ0\001\301\025%1L\307\t\261\262z\374\222T\301\274V\236\223\262\270Ct\362\337b\356\024*\324\320\351\317\002k\336\234\027v\351\217\260\303\360\233ZPZWr\246$w\313\313\r\243r\232\2234\373\3539:N\004Q\245\272D\312D\300\300\t\323\0257\345e\271\na\215{\226\255x%T\257\037\333\004\344_/R\006E\344\037@\210\363\010\336T\226\247'\204_{\261\370""1\235\2445\343\033Y!\212\201\341\272\225'\007Z\314\023h\n\020~\036\324P\254\001\274\227n\020\273\023\010\nq\216Z\344\004\3612B\205\257\335\036\013\003""; }; nodes {;   nodedata: ""o\324D\221#\020\205W\305\353\227hj\364\005l\234.@%-\272\034\327\352\rf\2573\006\026\236\004\003""; }; ","ledgerHash: ""\033@\177e\277\016\010u\327\371&\262\312\317Q\2361t\377x\234\001v\003%\030\325_\225g\204\346""; ledgerSeq: 7; type: liBASE; nodes {;   nodedata: ""\000\000\000\007\001cEx]\211\377\330\360\215\2502\265\245\310\226\243c\302Ze\306\253#r\020\211\320iG\276\020E\317\035Sf\223F\254\002\370\316\212^2r\204\377\207q\251\315\325\027st\315\275D\367""\312l\350\374\304zy\305\007\340\030\220\357M\025\212p\\332\356\317\346Z\350r\255\236\025^\210\375\243\353\025X\213xq\220$\254,/\351\252\253/\351\252\264\n\000""; }; nodes {;   nodedata: ""\323C\344\327\264{\312-\017:\006{\177\344N\002\326bO\260\220\006\033\362\345\005U\221DzJ0\001\301\025%1L\307\t\261\262z\374\222T\301\274V\236\223\262\270Ct\362\337b\356\024*\324\320\351\317\002k\336\234\027v\351\217\260\303\360\233ZPZWr\246$w\313\313\r\243r\232\2234\373\3539:N\004Q\245\272D\312D\300\300\t\323\0257\345e\271\na\215{\226\255x%T\257\037\333\004\344_/R\006E\344\037@\210\363\010\336T\226\247'\204_{\261\370""1\235\2445\343\033Y!\212\201\341\272\225'\007Z\314\023h\n\020~\036\324P\254\001\274\227n\020\273\023\010\nq\216Z\344\004\3612B\205\257\335\036\013\003""; }; nodes {;   nodedata: ""o\324D\221#\020\205W\305\353\227hj\364\005l\234.@%-\272\034\327\352\rf\2573\006\026\236\004\003""; }; "
1750527541909,1750527541910,3085,1,3,0,TMLedgerData,"ledgerHash: ""\033@\177e\277\016\010u\327\371&\262\312\317Q\2361t\377x\234\001v\003%\030\325_\225g\204\346""; ledgerSeq: 7; type: liBASE; nodes {;   nodedata: ""\000\000\000\007\001cEx]\211\377\330\360\215\2502\265\245\310\226\243c\302Ze\306\253#r\020\211\320iG\276\020E\317\035Sf\223F\254\002\370\316\212^2r\204\377\207q\251\315\325\027st\315\275D\367""\312l\350\374\304zy\305\007\340\030\220\357M\025\212p\\332\356\317\346Z\350r\255\236\025^\210\375\243\353\025X\213xq\220$\254,/\351\252\253/\351\252\264\n\000""; }; nodes {;   nodedata: ""\323C\344\327\264{\312-\017:\006{\177\344N\002\326bO\260\220\006\033\362\345\005U\221DzJ0\001\301\025%1L\307\t\261\262z\374\222T\301\274V\236\223\262\270Ct\362\337b\356\024*\324\320\351\317\002k\336\234\027v\351\217\260\303\360\233ZPZWr\246$w\313\313\r\243r\232\2234\373\3539:N\004Q\245\272D\312D\300\300\t\323\0257\345e\271\na\215{\226\255x%T\257\037\333\004\344_/R\006E\344\037@\210\363\010\336T\226\247'\204_{\261\370""1\235\2445\343\033Y!\212\201\341\272\225'\007Z\314\023h\n\020~\036\324P\254\001\274\227n\020\273\023\010\nq\216Z\344\004\3612B\205\257\335\036\013\003""; }; nodes {;   nodedata: ""o\324D\221#\020\205W\305\353\227hj\364\005l\234.@%-\272\034\327\352\rf\2573\006\026\236\004\003""; }; ","ledgerHash: ""\033@\177e\277\016\010u\327\371&\262\312\317Q\2361t\377x\234\001v\003%\030\325_\225g\204\346""; ledgerSeq: 7; type: liBASE; nodes {;   nodedata: ""\000\000\000\007\001cEx]\211\377\330\360\215\2502\265\245\310\226\243c\302Ze\306\253#r\020\211\320iG\276\020E\317\035Sf\223F\254\002\370\316\212^2r\204\377\207q\251\315\325\027st\315\275D\367""\312l\350\374\304zy\305\007\340\030\220\357M\025\212p\\332\356\317\346Z\350r\255\236\025^\210\375\243\353\025X\213xq\220$\254,/\351\252\253/\351\252\264\n\000""; }; nodes {;   nodedata: ""\323C\344\327\264{\312-\017:\006{\177\344N\002\326bO\260\220\006\033\362\345\005U\221DzJ0\001\301\025%1L\307\t\261\262z\374\222T\301\274V\236\223\262\270Ct\362\337b\356\024*\324\320\351\317\002k\336\234\027v\351\217\260\303\360\233ZPZWr\246$w\313\313\r\243r\232\2234\373\3539:N\004Q\245\272D\312D\300\300\t\323\0257\345e\271\na\215{\226\255x%T\257\037\333\004\344_/R\006E\344\037@\210\363\010\336T\226\247'\204_{\261\370""1\235\2445\343\033Y!\212\201\341\272\225'\007Z\314\023h\n\020~\036\324P\254\001\274\227n\020\273\023\010\nq\216Z\344\004\3612B\205\257\335\036\013\003""; }; nodes {;   nodedata: ""o\324D\221#\020\205W\305\353\227hj\364\005l\234.@%-\272\034\327\352\rf\2573\006\026\236\004\003""; }; "
1750527541933,1750527541934,1782,1,1,4,TMLedgerData,"ledgerHash: ""\326+\03569g\235`}\354\203s\003\217_Vf \233\324\237yU<\242:Zr\321\340\201]""; ledgerSeq: 7; type: liBASE; nodes {;   nodedata: ""\000\000\000\007\001cEx]\211\377\330\360\215\2502\265\245\310\226\243c\302Ze\306\253#r\020\211\320iG\276\020E\317\035Sf\223F\254\020N |\264\023\251\372`\001\r\225\217P\243\370m\037op\306\025\027\013\002\257\266J\025/\3729\220\014>4\264\253\207\255\233\\356\277\340\345\017\323\341\201\004TK\004\373\204\253\204\240\3155\357\026\353/\351\252\253/\351\252\264\n\000""; }; nodes {;   nodedata: ""\341\035\262xv\226\317f5\366\365\252a\177\355\302\326\t\222~j\320f\374/ \363\256\257\361 \303\001\301\025%1L\307\t\261\262z\374\222T\301\274V\236\223\262\270Ct\362\337b\356\024*\324\320\351\317\002,\377\251Q\263\245*\373\267\332I\261\001\251N\313Su!\333\331\260|\312%\271\263\267\320\313\036\303\004\330\210a4\256y^267\344\320H\t\331\316{n\002q\260\017U_\270\321B\024U\313\2054\006E\344\037@\210\363\010\336T\226\247'\204_{\261\370""1\235\2445\343\033Y!\212\201\341\272\225'\007Z\314\023h\n\020~\036\324P\254\001\274\227n\020\273\023\010\nq\216Z\344\004\3612B\205\257\335\036\013\003""; }; nodes {;   nodedata: ""\233\330\223\352\3012\234}\322\031(\362*;JR3m]\203<\234\204jiO\033\304\322\017\232\202\n\003""; }; ","ledgerHash: ""\326+\03569g\235`}\354\203s\003\217_Vf \233\324\237yU<\242:Zr\321\340\201]""; ledgerSeq: 7; type: liBASE; nodes {;   nodedata: ""\000\000\000\007\001cEx]\211\377\330\360\215\2502\265\245\310\226\243c\302Ze\306\253#r\020\211\320iG\276\020E\317\035Sf\223F\254\020N |\264\023\251\372`\001\r\225\217P\243\370m\037op\306\025\027\013\002\257\266J\025/\3729\220\014>4\264\253\207\255\233\\356\277\340\345\017\323\341\201\004TK\004\373\204\253\204\240\3155\357\026\353/\351\252\253/\351\252\264\n\000""; }; nodes {;   nodedata: ""\341\035\262xv\226\317f5\366\365\252a\177\355\302\326\t\222~j\320f\374/ \363\256\257\361 \303\001\301\025%1L\307\t\261\262z\374\222T\301\274V\236\223\262\270Ct\362\337b\356\024*\324\320\351\317\002,\377\251Q\263\245*\373\267\332I\261\001\251N\313Su!\333\331\260|\312%\271\263\267\320\313\036\303\004\330\210a4\256y^267\344\320H\t\331\316{n\002q\260\017U_\270\321B\024U\313\2054\006E\344\037@\210\363\010\336T\226\247'\204_{\261\370""1\235\2445\343\033Y!\212\201\341\272\225'\007Z\314\023h\n\020~\036\324P\254\001\274\227n\020\273\023\010\nq\216Z\344\004\3612B\205\257\335\036\013\003""; }; nodes {;   nodedata: ""\233\330\223\352\3012\234}\322\031(\362*;JR3m]\203<\234\204jiO\033\304\322\017\232\202\n\003""; }; "
1750527541934,1750527541934,1782,1,1,4,TMLedgerData,"ledgerHash: ""\326+\03569g\235`}\354\203s\003\217_Vf \233\324\237yU<\242:Zr\321\340\201]""; ledgerSeq: 7; type: liBASE; nodes {;   nodedata: ""\000\000\000\007\001cEx]\211\377\330\360\215\2502\265\245\310\226\243c\302Ze\306\253#r\020\211\320iG\276\020E\317\035Sf\223F\254\020N |\264\023\251\372`\001\r\225\217P\243\370m\037op\306\025\027\013\002\257\266J\025/\3729\220\014>4\264\253\207\255\233\\356\277\340\345\017\323\341\201\004TK\004\373\204\253\204\240\3155\357\026\353/\351\252\253/\351\252\264\n\000""; }; nodes {;   nodedata: ""\341\035\262xv\226\317f5\366\365\252a\177\355\302\326\t\222~j\320f\374/ \363\256\257\361 \303\001\301\025%1L\307\t\261\262z\374\222T\301\274V\236\223\262\270Ct\362\337b\356\024*\324\320\351\317\002,\377\251Q\263\245*\373\267\332I\261\001\251N\313Su!\333\331\260|\312%\271\263\267\320\313\036\303\004\330\210a4\256y^267\344\320H\t\331\316{n\002q\260\017U_\270\321B\024U\313\2054\006E\344\037@\210\363\010\336T\226\247'\204_{\261\370""1\235\2445\343\033Y!\212\201\341\272\225'\007Z\314\023h\n\020~\036\324P\254\001\274\227n\020\273\023\010\nq\216Z\344\004\3612B\205\257\335\036\013\003""; }; nodes {;   nodedata: ""\233\330\223\352\3012\234}\322\031(\362*;JR3m]\203<\234\204jiO\033\304\322\017\232\202\n\003""; }; ","ledgerHash: ""\326+\03569g\235`}\354\203s\003\217_Vf \233\324\237yU<\242:Zr\321\340\201]""; ledgerSeq: 7; type: liBASE; nodes {;   nodedata: ""\000\000\000\007\001cEx]\211\377\330\360\215\2502\265\245\310\226\243c\302Ze\306\253#r\020\211\320iG\276\020E\317\035Sf\223F\254\020N |\264\023\251\372`\001\r\225\217P\243\370m\037op\306\025\027\013\002\257\266J\025/\3729\220\014>4\264\253\207\255\233\\356\277\340\345\017\323\341\201\004TK\004\373\204\253\204\240\3155\357\026\353/\351\252\253/\351\252\264\n\000""; }; nodes {;   nodedata: ""\341\035\262xv\226\317f5\366\365\252a\177\355\302\326\t\222~j\320f\374/ \363\256\257\361 \303\001\301\025%1L\307\t\261\262z\374\222T\301\274V\236\223\262\270Ct\362\337b\356\024*\324\320\351\317\002,\377\251Q\263\245*\373\267\332I\261\001\251N\313Su!\333\331\260|\312%\271\263\267\320\313\036\303\004\330\210a4\256y^267\344\320H\t\331\316{n\002q\260\017U_\270\321B\024U\313\2054\006E\344\037@\210\363\010\336T\226\247'\204_{\261\370""1\235\2445\343\033Y!\212\201\341\272\225'\007Z\314\023h\n\020~\036\324P\254\001\274\227n\020\273\023\010\nq\216Z\344\004\3612B\205\257\335\036\013\003""; }; nodes {;   nodedata: ""\233\330\223\352\3012\234}\322\031(\362*;JR3m]\203<\234\204jiO\033\304\322\017\232\202\n\003""; }; "
1750527541935,1750527541935,380,1,0,4,TMGetLedger,"itype: liBASE; ledgerHash: ""\033@\177e\277\016\010u\327\371&\262\312\317Q\2361t\377x\234\001v\003%\030\325_\225g\204\346""; ledgerSeq: 7; requestCookie: 3; queryType: qtINDIRECT; ","itype: liBASE; ledgerHash: ""\033@\177e\277\016\010u\327\371&\262\312\317Q\2361t\377x\234\001v\003%\030\325_\225g\204\346""; ledgerSeq: 7; requestCookie: 3; queryType: qtINDIRECT; "
1750527541940,1750527541940,1212,1,2,4,TMLedgerData,"ledgerHash: ""\341\310\354\0213\033\013\350\207z\236R(|z&\034\335\266\323\356\205\273DV\210\254\213T\rZ\347""; ledgerSeq: 0; type: liTS_CANDIDATE; nodes {;   nodedata: ""\256\322m\2146\221\305\341\316\031h?\276\005\207\253\236\tL;\371W\315\233X\345O\203\332\240\005\360\n\003"";   nodeid: ""\000\000\000\000\000\000\000\000\000\000\000\000\000\000\000\000\000\000\000\000\000\000\000\000\000\000\000\000\000\000\000\000\000""; }; ","ledgerHash: ""\341\310\354\0213\033\013\350\207z\236R(|z&\034\335\266\323\356\205\273DV\210\254\213T\rZ\347""; ledgerSeq: 0; type: liTS_CANDIDATE; nodes {;   nodedata: ""\256\322m\2146\221\305\341\316\031h?\276\005\207\253\236\tL;\371W\315\233X\345O\203\332\240\005\360\n\003"";   nodeid: ""\000\000\000\000\000\000\000\000\000\000\000\000\000\000\000\000\000\000\000\000\000\000\000\000\000\000\000\000\000\000\000\000\000""; }; "
1750527541946,1750527541947,612,1,2,0,TMLedgerData,"ledgerHash: ""\276\230H\305\2714\032l\253n6W\035\354\257.f\r\217\302\203\224\212L\020\S\370\243OP*""; ledgerSeq: 7; type: liBASE; nodes {;   nodedata: ""\000\000\000\007\001cEx]\211\377\342\360\215\2502\265\245\310\226\243c\302Ze\306\253#r\020\211\320iG\276\020E\317\035Sf\223F\254\000\000\000\000\000\000\000\000\000\000\000\000\000\000\000\000\000\000\000\000\000\000\000\000\000\000\000\000\000\000\000\000\302r\207\007\303\237KvzB\356\335\030k\303\312\246:\352\202\037\210\2545\307\004\232\232\026\223SW/\351\252\253/\351\252\264\n\000""; }; nodes {;   nodedata: ""\341\035\262xv\226\317f5\366\365\252a\177\355\302\326\t\222~j\320f\374/ \363\256\257\361 \303\001\301\025%1L\307\t\261\262z\374\222T\301\274V\236\223\262\270Ct\362\337b\356\024*\324\320\351\317\002k\336\234\027v\351\217\260\303\360\233ZPZWr\246$w\313\313\r\243r\232\2234\373\3539:N\004;tP\302\307\005x\n\302lQ\275\237<g\321\233$\274p\355\310J\230\370\306\264\314\367C\275\272\006E\344\037@\210\363\010\336T\226\247'\204_{\261\370""1\235\2445\343\033Y!\212\201\341\272\225'\007Z\314\023h\n\020~\036\324P\254\001\274\227n\020\273\023\010\nq\216Z\344\004\3612B\205\257\335\036\013\003""; }; requestCookie: 5; ","ledgerHash: ""\276\230H\305\2714\032l\253n6W\035\354\257.f\r\217\302\203\224\212L\020\S\370\243OP*""; ledgerSeq: 7; type: liBASE; nodes {;   nodedata: ""\000\000\000\007\001cEx]\211\377\342\360\215\2502\265\245\310\226\243c\302Ze\306\253#r\020\211\320iG\276\020E\317\035Sf\223F\254\000\000\000\000\000\000\000\000\000\000\000\000\000\000\000\000\000\000\000\000\000\000\000\000\000\000\000\000\000\000\000\000\302r\207\007\303\237KvzB\356\335\030k\303\312\246:\352\202\037\210\2545\307\004\232\232\026\223SW/\351\252\253/\351\252\264\n\000""; }; nodes {;   nodedata: ""\341\035\262xv\226\317f5\366\365\252a\177\355\302\326\t\222~j\320f\374/ \363\256\257\361 \303\001\301\025%1L\307\t\261\262z\374\222T\301\274V\236\223\262\270Ct\362\337b\356\024*\324\320\351\317\002k\336\234\027v\351\217\260\303\360\233ZPZWr\246$w\313\313\r\243r\232\2234\373\3539:N\004;tP\302\307\005x\n\302lQ\275\237<g\321\233$\274p\355\310J\230\370\306\264\314\367C\275\272\006E\344\037@\210\363\010\336T\226\247'\204_{\261\370""1\235\2445\343\033Y!\212\201\341\272\225'\007Z\314\023h\n\020~\036\324P\254\001\274\227n\020\273\023\010\nq\216Z\344\004\3612B\205\257\335\036\013\003""; }; requestCookie: 5; "
1750527541958,1750527541958,3085,1,3,0,TMLedgerData,"ledgerHash: ""\363\262\310\025\251\261\276X\247\260J\221\345\357\037\231)|\321K\000\\326E\004\377\005\255""A?\250""; ledgerSeq: 0; type: liTS_CANDIDATE; nodes {;   nodedata: ""MJ\275'\324\005\036\313\204nW\300\362\327\016\205\236\021\351Q6\021\355\301\372\322\276g\026\243\361M\004\003"";   nodeid: ""\000\000\000\000\000\000\000\000\000\000\000\000\000\000\000\000\000\000\000\000\000\000\000\000\000\000\000\000\000\000\000\000\000""; }; ","ledgerHash: ""\363\262\310\025\251\261\276X\247\260J\221\345\357\037\231)|\321K\000\\326E\004\377\005\255""A?\250""; ledgerSeq: 0; type: liTS_CANDIDATE; nodes {;   nodedata: ""MJ\275'\324\005\036\313\204nW\300\362\327\016\205\236\021\351Q6\021\355\301\372\322\276g\026\243\361M\004\003"";   nodeid: ""\000\000\000\000\000\000\000\000\000\000\000\000\000\000\000\000\000\000\000\000\000\000\000\000\000\000\000\000\000\000\000\000\000""; }; "
1750527541960,1750527541960,1131,1,3,0,TMGetLedger,"itype: liBASE; ledgerHash: ""\326+\03569g\235`}\354\203s\003\217_Vf \233\324\237yU<\242:Zr\321\340\201]""; ledgerSeq: 7; queryType: qtINDIRECT; ","itype: liBASE; ledgerHash: ""\326+\03569g\235`}\354\203s\003\217_Vf \233\324\237yU<\242:Zr\321\340\201]""; ledgerSeq: 7; queryType: qtINDIRECT; "
1750527541961,1750527541961,1019,1,3,4,TMGetLedger,"itype: liBASE; ledgerHash: ""\326+\03569g\235`}\354\203s\003\217_Vf \233\324\237yU<\242:Zr\321\340\201]""; ledgerSeq: 7; queryType: qtINDIRECT; ","itype: liBASE; ledgerHash: ""\326+\03569g\235`}\354\203s\003\217_Vf \233\324\237yU<\242:Zr\321\340\201]""; ledgerSeq: 7; queryType: qtINDIRECT; "
1750527541961,1750527541961,2794,1,3,2,TMGetLedger,"itype: liBASE; ledgerHash: ""\326+\03569g\235`}\354\203s\003\217_Vf \233\324\237yU<\242:Zr\321\340\201]""; ledgerSeq: 7; queryType: qtINDIRECT; ","itype: liBASE; ledgerHash: ""\326+\03569g\235`}\354\203s\003\217_Vf \233\324\237yU<\242:Zr\321\340\201]""; ledgerSeq: 7; queryType: qtINDIRECT; "
1750527541960,1750527541961,2079,1,3,1,TMGetLedger,"itype: liBASE; ledgerHash: ""\326+\03569g\235`}\354\203s\003\217_Vf \233\324\237yU<\242:Zr\321\340\201]""; ledgerSeq: 7; queryType: qtINDIRECT; ","itype: liBASE; ledgerHash: ""\326+\03569g\235`}\354\203s\003\217_Vf \233\324\237yU<\242:Zr\321\340\201]""; ledgerSeq: 7; queryType: qtINDIRECT; "
1750527541981,1750527541981,1782,1,1,4,TMLedgerData,"ledgerHash: ""\341\310\354\0213\033\013\350\207z\236R(|z&\034\335\266\323\356\205\273DV\210\254\213T\rZ\347""; ledgerSeq: 0; type: liTS_CANDIDATE; nodes {;   nodedata: ""\256\322m\2146\221\305\341\316\031h?\276\005\207\253\236\tL;\371W\315\233X\345O\203\332\240\005\360\n\003"";   nodeid: ""\000\000\000\000\000\000\000\000\000\000\000\000\000\000\000\000\000\000\000\000\000\000\000\000\000\000\000\000\000\000\000\000\000""; }; ","ledgerHash: ""\341\310\354\0213\033\013\350\207z\236R(|z&\034\335\266\323\356\205\273DV\210\254\213T\rZ\347""; ledgerSeq: 0; type: liTS_CANDIDATE; nodes {;   nodedata: ""\256\322m\2146\221\305\341\316\031h?\276\005\207\253\236\tL;\371W\315\233X\345O\203\332\240\005\360\n\003"";   nodeid: ""\000\000\000\000\000\000\000\000\000\000\000\000\000\000\000\000\000\000\000\000\000\000\000\000\000\000\000\000\000\000\000\000\000""; }; "
1750527541985,1750527541985,1968,1,1,2,TMLedgerData,"ledgerHash: ""\341\310\354\0213\033\013\350\207z\236R(|z&\034\335\266\323\356\205\273DV\210\254\213T\rZ\347""; ledgerSeq: 0; type: liTS_CANDIDATE; nodes {;   nodedata: ""\256\322m\2146\221\305\341\316\031h?\276\005\207\253\236\tL;\371W\315\233X\345O\203\332\240\005\360\n\003"";   nodeid: ""\000\000\000\000\000\000\000\000\000\000\000\000\000\000\000\000\000\000\000\000\000\000\000\000\000\000\000\000\000\000\000\000\000""; }; requestCookie: 5; ","ledgerHash: ""\341\310\354\0213\033\013\350\207z\236R(|z&\034\335\266\323\356\205\273DV\210\254\213T\rZ\347""; ledgerSeq: 0; type: liTS_CANDIDATE; nodes {;   nodedata: ""\256\322m\2146\221\305\341\316\031h?\276\005\207\253\236\tL;\371W\315\233X\345O\203\332\240\005\360\n\003"";   nodeid: ""\000\000\000\000\000\000\000\000\000\000\000\000\000\000\000\000\000\000\000\000\000\000\000\000\000\000\000\000\000\000\000\000\000""; }; requestCookie: 5; "
1750527541990,1750527541990,3769,1,1,3,TMGetLedger,"itype: liTS_CANDIDATE; ledgerHash: ""\363\262\310\025\251\261\276X\247\260J\221\345\357\037\231)|\321K\000\\326E\004\377\005\255""A?\250""; nodeIDs: ""\000\000\000\000\000\000\000\000\000\000\000\000\000\000\000\000\000\000\000\000\000\000\000\000\000\000\000\000\000\000\000\000\000""; requestCookie: 2; queryType: qtINDIRECT; queryDepth: 3; ","itype: liTS_CANDIDATE; ledgerHash: ""\363\262\310\025\251\261\276X\247\260J\221\345\357\037\231)|\321K\000\\326E\004\377\005\255""A?\250""; nodeIDs: ""\000\000\000\000\000\000\000\000\000\000\000\000\000\000\000\000\000\000\000\000\000\000\000\000\000\000\000\000\000\000\000\000\000""; requestCookie: 2; queryType: qtINDIRECT; queryDepth: 3; "
1750527541999,1750527541999,3094,1,0,3,TMGetLedger,"itype: liTS_CANDIDATE; ledgerHash: ""\356\316\306(\314\366\340SA\320e\361\337A\350+\342\334{eBV\360\354\225)\263\237~v\236}""; nodeIDs: ""\000\000\000\000\000\000\000\000\000\000\000\000\000\000\000\000\000\000\000\000\000\000\000\000\000\000\000\000\000\000\000\000\000""; queryType: qtINDIRECT; queryDepth: 3; ","itype: liTS_CANDIDATE; ledgerHash: ""\356\316\306(\314\366\340SA\320e\361\337A\350+\342\334{eBV\360\354\225)\263\237~v\236}""; nodeIDs: ""\000\000\000\000\000\000\000\000\000\000\000\000\000\000\000\000\000\000\000\000\000\000\000\000\000\000\000\000\000\000\000\000\000""; queryType: qtINDIRECT; queryDepth: 3; "
1750527542012,1750527542012,1539,1,4,2,TMLedgerData,"ledgerHash: ""\341\310\354\0213\033\013\350\207z\236R(|z&\034\335\266\323\356\205\273DV\210\254\213T\rZ\347""; ledgerSeq: 0; type: liTS_CANDIDATE; nodes {;   nodedata: ""\256\322m\2146\221\305\341\316\031h?\276\005\207\253\236\tL;\371W\315\233X\345O\203\332\240\005\360\n\003"";   nodeid: ""\000\000\000\000\000\000\000\000\000\000\000\000\000\000\000\000\000\000\000\000\000\000\000\000\000\000\000\000\000\000\000\000\000""; }; ","ledgerHash: ""\341\310\354\0213\033\013\350\207z\236R(|z&\034\335\266\323\356\205\273DV\210\254\213T\rZ\347""; ledgerSeq: 0; type: liTS_CANDIDATE; nodes {;   nodedata: ""\256\322m\2146\221\305\341\316\031h?\276\005\207\253\236\tL;\371W\315\233X\345O\203\332\240\005\360\n\003"";   nodeid: ""\000\000\000\000\000\000\000\000\000\000\000\000\000\000\000\000\000\000\000\000\000\000\000\000\000\000\000\000\000\000\000\000\000""; }; "
1750527542022,1750527542022,3578,1,1,3,TMLedgerData,"ledgerHash: ""\341\310\354\0213\033\013\350\207z\236R(|z&\034\335\266\323\356\205\273DV\210\254\213T\rZ\347""; ledgerSeq: 0; type: liTS_CANDIDATE; nodes {;   nodedata: ""\256\322m\2146\221\305\341\316\031h?\276\005\207\253\236\tL;\371W\315\233X\345O\203\332\240\005\360\n\003"";   nodeid: ""\000\000\000\000\000\000\000\000\000\000\000\000\000\000\000\000\000\000\000\000\000\000\000\000\000\000\000\000\000\000\000\000\000""; }; requestCookie: 5; ","ledgerHash: ""\341\310\354\0213\033\013\350\207z\236R(|z&\034\335\266\323\356\205\273DV\210\254\213T\rZ\347""; ledgerSeq: 0; type: liTS_CANDIDATE; nodes {;   nodedata: ""\256\322m\2146\221\305\341\316\031h?\276\005\207\253\236\tL;\371W\315\233X\345O\203\332\240\005\360\n\003"";   nodeid: ""\000\000\000\000\000\000\000\000\000\000\000\000\000\000\000\000\000\000\000\000\000\000\000\000\000\000\000\000\000\000\000\000\000""; }; requestCookie: 5; "
1750527542024,1750527542024,2764,1,4,3,TMLedgerData,"ledgerHash: ""\341\310\354\0213\033\013\350\207z\236R(|z&\034\335\266\323\356\205\273DV\210\254\213T\rZ\347""; ledgerSeq: 0; type: liTS_CANDIDATE; nodes {;   nodedata: ""\256\322m\2146\221\305\341\316\031h?\276\005\207\253\236\tL;\371W\315\233X\345O\203\332\240\005\360\n\003"";   nodeid: ""\000\000\000\000\000\000\000\000\000\000\000\000\000\000\000\000\000\000\000\000\000\000\000\000\000\000\000\000\000\000\000\000\000""; }; ","ledgerHash: ""\341\310\354\0213\033\013\350\207z\236R(|z&\034\335\266\323\356\205\273DV\210\254\213T\rZ\347""; ledgerSeq: 0; type: liTS_CANDIDATE; nodes {;   nodedata: ""\256\322m\2146\221\305\341\316\031h?\276\005\207\253\236\tL;\371W\315\233X\345O\203\332\240\005\360\n\003"";   nodeid: ""\000\000\000\000\000\000\000\000\000\000\000\000\000\000\000\000\000\000\000\000\000\000\000\000\000\000\000\000\000\000\000\000\000""; }; "
1750527542043,1750527542043,2079,1,3,1,TMGetLedger,"itype: liTS_CANDIDATE; ledgerHash: ""\341\310\354\0213\033\013\350\207z\236R(|z&\034\335\266\323\356\205\273DV\210\254\213T\rZ\347""; nodeIDs: ""\000\000\000\000\000\000\000\000\000\000\000\000\000\000\000\000\000\000\000\000\000\000\000\000\000\000\000\000\000\000\000\000\000""; requestCookie: 4; queryType: qtINDIRECT; queryDepth: 3; ","itype: liTS_CANDIDATE; ledgerHash: ""\341\310\354\0213\033\013\350\207z\236R(|z&\034\335\266\323\356\205\273DV\210\254\213T\rZ\347""; nodeIDs: ""\000\000\000\000\000\000\000\000\000\000\000\000\000\000\000\000\000\000\000\000\000\000\000\000\000\000\000\000\000\000\000\000\000""; requestCookie: 4; queryType: qtINDIRECT; queryDepth: 3; "
1750527542043,1750527542043,612,1,2,0,TMLedgerData,"ledgerHash: ""\276\230H\305\2714\032l\253n6W\035\354\257.f\r\217\302\203\224\212L\020\S\370\243OP*""; ledgerSeq: 7; type: liBASE; nodes {;   nodedata: ""\000\000\000\007\001cEx]\211\377\342\360\215\2502\265\245\310\226\243c\302Ze\306\253#r\020\211\320iG\276\020E\317\035Sf\223F\254\000\000\000\000\000\000\000\000\000\000\000\000\000\000\000\000\000\000\000\000\000\000\000\000\000\000\000\000\000\000\000\000\302r\207\007\303\237KvzB\356\335\030k\303\312\246:\352\202\037\210\2545\307\004\232\232\026\223SW/\351\252\253/\351\252\264\n\000""; }; nodes {;   nodedata: ""\341\035\262xv\226\317f5\366\365\252a\177\355\302\326\t\222~j\320f\374/ \363\256\257\361 \303\001\301\025%1L\307\t\261\262z\374\222T\301\274V\236\223\262\270Ct\362\337b\356\024*\324\320\351\317\002k\336\234\027v\351\217\260\303\360\233ZPZWr\246$w\313\313\r\243r\232\2234\373\3539:N\004;tP\302\307\005x\n\302lQ\275\237<g\321\233$\274p\355\310J\230\370\306\264\314\367C\275\272\006E\344\037@\210\363\010\336T\226\247'\204_{\261\370""1\235\2445\343\033Y!\212\201\341\272\225'\007Z\314\023h\n\020~\036\324P\254\001\274\227n\020\273\023\010\nq\216Z\344\004\3612B\205\257\335\036\013\003""; }; requestCookie: 2; ","ledgerHash: ""\276\230H\305\2714\032l\253n6W\035\354\257.f\r\217\302\203\224\212L\020\S\370\243OP*""; ledgerSeq: 7; type: liBASE; nodes {;   nodedata: ""\000\000\000\007\001cEx]\211\377\342\360\215\2502\265\245\310\226\243c\302Ze\306\253#r\020\211\320iG\276\020E\317\035Sf\223F\254\000\000\000\000\000\000\000\000\000\000\000\000\000\000\000\000\000\000\000\000\000\000\000\000\000\000\000\000\000\000\000\000\302r\207\007\303\237KvzB\356\335\030k\303\312\246:\352\202\037\210\2545\307\004\232\232\026\223SW/\351\252\253/\351\252\264\n\000""; }; nodes {;   nodedata: ""\341\035\262xv\226\317f5\366\365\252a\177\355\302\326\t\222~j\320f\374/ \363\256\257\361 \303\001\301\025%1L\307\t\261\262z\374\222T\301\274V\236\223\262\270Ct\362\337b\356\024*\324\320\351\317\002k\336\234\027v\351\217\260\303\360\233ZPZWr\246$w\313\313\r\243r\232\2234\373\3539:N\004;tP\302\307\005x\n\302lQ\275\237<g\321\233$\274p\355\310J\230\370\306\264\314\367C\275\272\006E\344\037@\210\363\010\336T\226\247'\204_{\261\370""1\235\2445\343\033Y!\212\201\341\272\225'\007Z\314\023h\n\020~\036\324P\254\001\274\227n\020\273\023\010\nq\216Z\344\004\3612B\205\257\335\036\013\003""; }; requestCookie: 2; "
1750527542047,1750527542047,3094,1,0,3,TMGetLedger,"itype: liBASE; ledgerHash: ""\326+\03569g\235`}\354\203s\003\217_Vf \233\324\237yU<\242:Zr\321\340\201]""; queryType: qtINDIRECT; ","itype: liBASE; ledgerHash: ""\326+\03569g\235`}\354\203s\003\217_Vf \233\324\237yU<\242:Zr\321\340\201]""; queryType: qtINDIRECT; "
1750527542047,1750527542047,1199,1,0,2,TMGetLedger,"itype: liBASE; ledgerHash: ""\326+\03569g\235`}\354\203s\003\217_Vf \233\324\237yU<\242:Zr\321\340\201]""; queryType: qtINDIRECT; ","itype: liBASE; ledgerHash: ""\326+\03569g\235`}\354\203s\003\217_Vf \233\324\237yU<\242:Zr\321\340\201]""; queryType: qtINDIRECT; "
1750527542047,1750527542047,380,1,0,4,TMGetLedger,"itype: liBASE; ledgerHash: ""\326+\03569g\235`}\354\203s\003\217_Vf \233\324\237yU<\242:Zr\321\340\201]""; queryType: qtINDIRECT; ","itype: liBASE; ledgerHash: ""\326+\03569g\235`}\354\203s\003\217_Vf \233\324\237yU<\242:Zr\321\340\201]""; queryType: qtINDIRECT; "
1750527542048,1750527542048,3375,1,0,1,TMGetLedger,"itype: liBASE; ledgerHash: ""\326+\03569g\235`}\354\203s\003\217_Vf \233\324\237yU<\242:Zr\321\340\201]""; queryType: qtINDIRECT; ","itype: liBASE; ledgerHash: ""\326+\03569g\235`}\354\203s\003\217_Vf \233\324\237yU<\242:Zr\321\340\201]""; queryType: qtINDIRECT; "
1750527542048,1750527542048,1665,1,2,3,TMLedgerData,"ledgerHash: ""\341\310\354\0213\033\013\350\207z\236R(|z&\034\335\266\323\356\205\273DV\210\254\213T\rZ\347""; ledgerSeq: 0; type: liTS_CANDIDATE; nodes {;   nodedata: ""\256\322m\2146\221\305\341\316\031h?\276\005\207\253\236\tL;\371W\315\233X\345O\203\332\240\005\360\n\003"";   nodeid: ""\000\000\000\000\000\000\000\000\000\000\000\000\000\000\000\000\000\000\000\000\000\000\000\000\000\000\000\000\000\000\000\000\000""; }; ","ledgerHash: ""\341\310\354\0213\033\013\350\207z\236R(|z&\034\335\266\323\356\205\273DV\210\254\213T\rZ\347""; ledgerSeq: 0; type: liTS_CANDIDATE; nodes {;   nodedata: ""\256\322m\2146\221\305\341\316\031h?\276\005\207\253\236\tL;\371W\315\233X\345O\203\332\240\005\360\n\003"";   nodeid: ""\000\000\000\000\000\000\000\000\000\000\000\000\000\000\000\000\000\000\000\000\000\000\000\000\000\000\000\000\000\000\000\000\000""; }; "
1750527542065,1750527542065,1539,1,4,2,TMLedgerData,"ledgerHash: ""\033@\177e\277\016\010u\327\371&\262\312\317Q\2361t\377x\234\001v\003%\030\325_\225g\204\346""; ledgerSeq: 7; type: liBASE; nodes {;   nodedata: ""\000\000\000\007\001cEx]\211\377\330\360\215\2502\265\245\310\226\243c\302Ze\306\253#r\020\211\320iG\276\020E\317\035Sf\223F\254\002\370\316\212^2r\204\377\207q\251\315\325\027st\315\275D\367""\312l\350\374\304zy\305\007\340\030\220\357M\025\212p\\332\356\317\346Z\350r\255\236\025^\210\375\243\353\025X\213xq\220$\254,/\351\252\253/\351\252\264\n\000""; }; nodes {;   nodedata: ""\323C\344\327\264{\312-\017:\006{\177\344N\002\326bO\260\220\006\033\362\345\005U\221DzJ0\001\301\025%1L\307\t\261\262z\374\222T\301\274V\236\223\262\270Ct\362\337b\356\024*\324\320\351\317\002k\336\234\027v\351\217\260\303\360\233ZPZWr\246$w\313\313\r\243r\232\2234\373\3539:N\004Q\245\272D\312D\300\300\t\323\0257\345e\271\na\215{\226\255x%T\257\037\333\004\344_/R\006E\344\037@\210\363\010\336T\226\247'\204_{\261\370""1\235\2445\343\033Y!\212\201\341\272\225'\007Z\314\023h\n\020~\036\324P\254\001\274\227n\020\273\023\010\nq\216Z\344\004\3612B\205\257\335\036\013\003""; }; nodes {;   nodedata: ""o\324D\221#\020\205W\305\353\227hj\364\005l\234.@%-\272\034\327\352\rf\2573\006\026\236\004\003""; }; ","ledgerHash: ""\033@\177e\277\016\010u\327\371&\262\312\317Q\2361t\377x\234\001v\003%\030\325_\225g\204\346""; ledgerSeq: 7; type: liBASE; nodes {;   nodedata: ""\000\000\000\007\001cEx]\211\377\330\360\215\2502\265\245\310\226\243c\302Ze\306\253#r\020\211\320iG\276\020E\317\035Sf\223F\254\002\370\316\212^2r\204\377\207q\251\315\325\027st\315\275D\367""\312l\350\374\304zy\305\007\340\030\220\357M\025\212p\\332\356\317\346Z\350r\255\236\025^\210\375\243\353\025X\213xq\220$\254,/\351\252\253/\351\252\264\n\000""; }; nodes {;   nodedata: ""\323C\344\327\264{\312-\017:\006{\177\344N\002\326bO\260\220\006\033\362\345\005U\221DzJ0\001\301\025%1L\307\t\261\262z\374\222T\301\274V\236\223\262\270Ct\362\337b\356\024*\324\320\351\317\002k\336\234\027v\351\217\260\303\360\233ZPZWr\246$w\313\313\r\243r\232\2234\373\3539:N\004Q\245\272D\312D\300\300\t\323\0257\345e\271\na\215{\226\255x%T\257\037\333\004\344_/R\006E\344\037@\210\363\010\336T\226\247'\204_{\261\370""1\235\2445\343\033Y!\212\201\341\272\225'\007Z\314\023h\n\020~\036\324P\254\001\274\227n\020\273\023\010\nq\216Z\344\004\3612B\205\257\335\036\013\003""; }; nodes {;   nodedata: ""o\324D\221#\020\205W\305\353\227hj\364\005l\234.@%-\272\034\327\352\rf\2573\006\026\236\004\003""; }; "
1750527542065,1750527542065,3719,1,2,4,TMGetLedger,"itype: liTS_CANDIDATE; ledgerHash: ""\363\262\310\025\251\261\276X\247\260J\221\345\357\037\231)|\321K\000\\326E\004\377\005\255""A?\250""; nodeIDs: ""\000\000\000\000\000\000\000\000\000\000\000\000\000\000\000\000\000\000\000\000\000\000\000\000\000\000\000\000\000\000\000\000\000""; requestCookie: 2; queryType: qtINDIRECT; queryDepth: 3; ","itype: liTS_CANDIDATE; ledgerHash: ""\363\262\310\025\251\261\276X\247\260J\221\345\357\037\231)|\321K\000\\326E\004\377\005\255""A?\250""; nodeIDs: ""\000\000\000\000\000\000\000\000\000\000\000\000\000\000\000\000\000\000\000\000\000\000\000\000\000\000\000\000\000\000\000\000\000""; requestCookie: 2; queryType: qtINDIRECT; queryDepth: 3; "
1750527542085,1750527542085,1782,1,1,4,TMLedgerData,"ledgerHash: ""\326+\03569g\235`}\354\203s\003\217_Vf \233\324\237yU<\242:Zr\321\340\201]""; ledgerSeq: 7; type: liBASE; nodes {;   nodedata: ""\000\000\000\007\001cEx]\211\377\330\360\215\2502\265\245\310\226\243c\302Ze\306\253#r\020\211\320iG\276\020E\317\035Sf\223F\254\020N |\264\023\251\372`\001\r\225\217P\243\370m\037op\306\025\027\013\002\257\266J\025/\3729\220\014>4\264\253\207\255\233\\356\277\340\345\017\323\341\201\004TK\004\373\204\253\204\240\3155\357\026\353/\351\252\253/\351\252\264\n\000""; }; nodes {;   nodedata: ""\341\035\262xv\226\317f5\366\365\252a\177\355\302\326\t\222~j\320f\374/ \363\256\257\361 \303\001\301\025%1L\307\t\261\262z\374\222T\301\274V\236\223\262\270Ct\362\337b\356\024*\324\320\351\317\002,\377\251Q\263\245*\373\267\332I\261\001\251N\313Su!\333\331\260|\312%\271\263\267\320\313\036\303\004\330\210a4\256y^267\344\320H\t\331\316{n\002q\260\017U_\270\321B\024U\313\2054\006E\344\037@\210\363\010\336T\226\247'\204_{\261\370""1\235\2445\343\033Y!\212\201\341\272\225'\007Z\314\023h\n\020~\036\324P\254\001\274\227n\020\273\023\010\nq\216Z\344\004\3612B\205\257\335\036\013\003""; }; nodes {;   nodedata: ""\233\330\223\352\3012\234}\322\031(\362*;JR3m]\203<\234\204jiO\033\304\322\017\232\202\n\003""; }; requestCookie: 4; ","ledgerHash: ""\326+\03569g\235`}\354\203s\003\217_Vf \233\324\237yU<\242:Zr\321\340\201]""; ledgerSeq: 7; type: liBASE; nodes {;   nodedata: ""\000\000\000\007\001cEx]\211\377\330\360\215\2502\265\245\310\226\243c\302Ze\306\253#r\020\211\320iG\276\020E\317\035Sf\223F\254\020N |\264\023\251\372`\001\r\225\217P\243\370m\037op\306\025\027\013\002\257\266J\025/\3729\220\014>4\264\253\207\255\233\\356\277\340\345\017\323\341\201\004TK\004\373\204\253\204\240\3155\357\026\353/\351\252\253/\351\252\264\n\000""; }; nodes {;   nodedata: ""\341\035\262xv\226\317f5\366\365\252a\177\355\302\326\t\222~j\320f\374/ \363\256\257\361 \303\001\301\025%1L\307\t\261\262z\374\222T\301\274V\236\223\262\270Ct\362\337b\356\024*\324\320\351\317\002,\377\251Q\263\245*\373\267\332I\261\001\251N\313Su!\333\331\260|\312%\271\263\267\320\313\036\303\004\330\210a4\256y^267\344\320H\t\331\316{n\002q\260\017U_\270\321B\024U\313\2054\006E\344\037@\210\363\010\336T\226\247'\204_{\261\370""1\235\2445\343\033Y!\212\201\341\272\225'\007Z\314\023h\n\020~\036\324P\254\001\274\227n\020\273\023\010\nq\216Z\344\004\3612B\205\257\335\036\013\003""; }; nodes {;   nodedata: ""\233\330\223\352\3012\234}\322\031(\362*;JR3m]\203<\234\204jiO\033\304\322\017\232\202\n\003""; }; requestCookie: 4; "
1750527542086,1750527542086,3578,1,1,3,TMLedgerData,"ledgerHash: ""\341\310\354\0213\033\013\350\207z\236R(|z&\034\335\266\323\356\205\273DV\210\254\213T\rZ\347""; ledgerSeq: 0; type: liTS_CANDIDATE; nodes {;   nodedata: ""\256\322m\2146\221\305\341\316\031h?\276\005\207\253\236\tL;\371W\315\233X\345O\203\332\240\005\360\n\003"";   nodeid: ""\000\000\000\000\000\000\000\000\000\000\000\000\000\000\000\000\000\000\000\000\000\000\000\000\000\000\000\000\000\000\000\000\000""; }; ","ledgerHash: ""\341\310\354\0213\033\013\350\207z\236R(|z&\034\335\266\323\356\205\273DV\210\254\213T\rZ\347""; ledgerSeq: 0; type: liTS_CANDIDATE; nodes {;   nodedata: ""\256\322m\2146\221\305\341\316\031h?\276\005\207\253\236\tL;\371W\315\233X\345O\203\332\240\005\360\n\003"";   nodeid: ""\000\000\000\000\000\000\000\000\000\000\000\000\000\000\000\000\000\000\000\000\000\000\000\000\000\000\000\000\000\000\000\000\000""; }; "
1750527542089,1750527542089,612,1,2,0,TMLedgerData,"ledgerHash: ""\341\310\354\0213\033\013\350\207z\236R(|z&\034\335\266\323\356\205\273DV\210\254\213T\rZ\347""; ledgerSeq: 0; type: liTS_CANDIDATE; nodes {;   nodedata: ""\256\322m\2146\221\305\341\316\031h?\276\005\207\253\236\tL;\371W\315\233X\345O\203\332\240\005\360\n\003"";   nodeid: ""\000\000\000\000\000\000\000\000\000\000\000\000\000\000\000\000\000\000\000\000\000\000\000\000\000\000\000\000\000\000\000\000\000""; }; ","ledgerHash: ""\341\310\354\0213\033\013\350\207z\236R(|z&\034\335\266\323\356\205\273DV\210\254\213T\rZ\347""; ledgerSeq: 0; type: liTS_CANDIDATE; nodes {;   nodedata: ""\256\322m\2146\221\305\341\316\031h?\276\005\207\253\236\tL;\371W\315\233X\345O\203\332\240\005\360\n\003"";   nodeid: ""\000\000\000\000\000\000\000\000\000\000\000\000\000\000\000\000\000\000\000\000\000\000\000\000\000\000\000\000\000\000\000\000\000""; }; "
1750527542093,1750527542093,2764,1,4,3,TMLedgerData,"ledgerHash: ""3\321\n7\354)\tf\006\357\205B<h\272GQ \344\262\236\025#\003\024&\310\034\352\376\326""; ledgerSeq: 0; type: liTS_CANDIDATE; nodes {;   nodedata: ""'\240~~s\033\202\356\320\307\177Nt\203\315\245\305\276b\265\310\271\3319\245:\342=c\267\265\233\002\003"";   nodeid: ""\000\000\000\000\000\000\000\000\000\000\000\000\000\000\000\000\000\000\000\000\000\000\000\000\000\000\000\000\000\000\000\000\000""; }; ","ledgerHash: ""3\321\n7\354)\tf\006\357\205B<h\272GQ \344\262\236\025#\003\024&\310\034\352\376\326""; ledgerSeq: 0; type: liTS_CANDIDATE; nodes {;   nodedata: ""'\240~~s\033\202\356\320\307\177Nt\203\315\245\305\276b\265\310\271\3319\245:\342=c\267\265\233\002\003"";   nodeid: ""\000\000\000\000\000\000\000\000\000\000\000\000\000\000\000\000\000\000\000\000\000\000\000\000\000\000\000\000\000\000\000\000\000""; }; "
1750527542107,1750527542107,1539,1,4,2,TMLedgerData,"ledgerHash: ""\033@\177e\277\016\010u\327\371&\262\312\317Q\2361t\377x\234\001v\003%\030\325_\225g\204\346""; ledgerSeq: 7; type: liBASE; nodes {;   nodedata: ""\000\000\000\007\001cEx]\211\377\330\360\215\2502\265\245\310\226\243c\302Ze\306\253#r\020\211\320iG\276\020E\317\035Sf\223F\254\002\370\316\212^2r\204\377\207q\251\315\325\027st\315\275D\367""\312l\350\374\304zy\305\007\340\030\220\357M\025\212p\\332\356\317\346Z\350r\255\236\025^\210\375\243\353\025X\213xq\220$\254,/\351\252\253/\351\252\264\n\000""; }; nodes {;   nodedata: ""\323C\344\327\264{\312-\017:\006{\177\344N\002\326bO\260\220\006\033\362\345\005U\221DzJ0\001\301\025%1L\307\t\261\262z\374\222T\301\274V\236\223\262\270Ct\362\337b\356\024*\324\320\351\317\002k\336\234\027v\351\217\260\303\360\233ZPZWr\246$w\313\313\r\243r\232\2234\373\3539:N\004Q\245\272D\312D\300\300\t\323\0257\345e\271\na\215{\226\255x%T\257\037\333\004\344_/R\006E\344\037@\210\363\010\336T\226\247'\204_{\261\370""1\235\2445\343\033Y!\212\201\341\272\225'\007Z\314\023h\n\020~\036\324P\254\001\274\227n\020\273\023\010\nq\216Z\344\004\3612B\205\257\335\036\013\003""; }; nodes {;   nodedata: ""o\324D\221#\020\205W\305\353\227hj\364\005l\234.@%-\272\034\327\352\rf\2573\006\026\236\004\003""; }; ","ledgerHash: ""\033@\177e\277\016\010u\327\371&\262\312\317Q\2361t\377x\234\001v\003%\030\325_\225g\204\346""; ledgerSeq: 7; type: liBASE; nodes {;   nodedata: ""\000\000\000\007\001cEx]\211\377\330\360\215\2502\265\245\310\226\243c\302Ze\306\253#r\020\211\320iG\276\020E\317\035Sf\223F\254\002\370\316\212^2r\204\377\207q\251\315\325\027st\315\275D\367""\312l\350\374\304zy\305\007\340\030\220\357M\025\212p\\332\356\317\346Z\350r\255\236\025^\210\375\243\353\025X\213xq\220$\254,/\351\252\253/\351\252\264\n\000""; }; nodes {;   nodedata: ""\323C\344\327\264{\312-\017:\006{\177\344N\002\326bO\260\220\006\033\362\345\005U\221DzJ0\001\301\025%1L\307\t\261\262z\374\222T\301\274V\236\223\262\270Ct\362\337b\356\024*\324\320\351\317\002k\336\234\027v\351\217\260\303\360\233ZPZWr\246$w\313\313\r\243r\232\2234\373\3539:N\004Q\245\272D\312D\300\300\t\323\0257\345e\271\na\215{\226\255x%T\257\037\333\004\344_/R\006E\344\037@\210\363\010\336T\226\247'\204_{\261\370""1\235\2445\343\033Y!\212\201\341\272\225'\007Z\314\023h\n\020~\036\324P\254\001\274\227n\020\273\023\010\nq\216Z\344\004\3612B\205\257\335\036\013\003""; }; nodes {;   nodedata: ""o\324D\221#\020\205W\305\353\227hj\364\005l\234.@%-\272\034\327\352\rf\2573\006\026\236\004\003""; }; "
1750527542112,1750527542112,1968,1,1,2,TMLedgerData,"ledgerHash: ""\341\310\354\0213\033\013\350\207z\236R(|z&\034\335\266\323\356\205\273DV\210\254\213T\rZ\347""; ledgerSeq: 0; type: liTS_CANDIDATE; nodes {;   nodedata: ""\256\322m\2146\221\305\341\316\031h?\276\005\207\253\236\tL;\371W\315\233X\345O\203\332\240\005\360\n\003"";   nodeid: ""\000\000\000\000\000\000\000\000\000\000\000\000\000\000\000\000\000\000\000\000\000\000\000\000\000\000\000\000\000\000\000\000\000""; }; ","ledgerHash: ""\341\310\354\0213\033\013\350\207z\236R(|z&\034\335\266\323\356\205\273DV\210\254\213T\rZ\347""; ledgerSeq: 0; type: liTS_CANDIDATE; nodes {;   nodedata: ""\256\322m\2146\221\305\341\316\031h?\276\005\207\253\236\tL;\371W\315\233X\345O\203\332\240\005\360\n\003"";   nodeid: ""\000\000\000\000\000\000\000\000\000\000\000\000\000\000\000\000\000\000\000\000\000\000\000\000\000\000\000\000\000\000\000\000\000""; }; "
1750527542113,1750527542113,1544,1,2,1,TMGetLedger,"itype: liAS_NODE; ledgerHash: ""\326+\03569g\235`}\354\203s\003\217_Vf \233\324\237yU<\242:Zr\321\340\201]""; ledgerSeq: 7; nodeIDs: ""@\000\000\000\000\000\000\000\000\000\000\000\000\000\000\000\000\000\000\000\000\000\000\000\000\000\000\000\000\000\000\000\001""; nodeIDs: ""`\000\000\000\000\000\000\000\000\000\000\000\000\000\000\000\000\000\000\000\000\000\000\000\000\000\000\000\000\000\000\000\001""; queryType: qtINDIRECT; queryDepth: 1; ","itype: liAS_NODE; ledgerHash: ""\326+\03569g\235`}\354\203s\003\217_Vf \233\324\237yU<\242:Zr\321\340\201]""; ledgerSeq: 7; nodeIDs: ""@\000\000\000\000\000\000\000\000\000\000\000\000\000\000\000\000\000\000\000\000\000\000\000\000\000\000\000\000\000\000\000\001""; nodeIDs: ""`\000\000\000\000\000\000\000\000\000\000\000\000\000\000\000\000\000\000\000\000\000\000\000\000\000\000\000\000\000\000\000\001""; queryType: qtINDIRECT; queryDepth: 1; "
1750527542113,1750527542113,1968,1,1,2,TMLedgerData,"ledgerHash: ""\341\310\354\0213\033\013\350\207z\236R(|z&\034\335\266\323\356\205\273DV\210\254\213T\rZ\347""; ledgerSeq: 0; type: liTS_CANDIDATE; nodes {;   nodedata: ""\256\322m\2146\221\305\341\316\031h?\276\005\207\253\236\tL;\371W\315\233X\345O\203\332\240\005\360\n\003"";   nodeid: ""\000\000\000\000\000\000\000\000\000\000\000\000\000\000\000\000\000\000\000\000\000\000\000\000\000\000\000\000\000\000\000\000\000""; }; requestCookie: 4; ","ledgerHash: ""\341\310\354\0213\033\013\350\207z\236R(|z&\034\335\266\323\356\205\273DV\210\254\213T\rZ\347""; ledgerSeq: 0; type: liTS_CANDIDATE; nodes {;   nodedata: ""\256\322m\2146\221\305\341\316\031h?\276\005\207\253\236\tL;\371W\315\233X\345O\203\332\240\005\360\n\003"";   nodeid: ""\000\000\000\000\000\000\000\000\000\000\000\000\000\000\000\000\000\000\000\000\000\000\000\000\000\000\000\000\000\000\000\000\000""; }; requestCookie: 4; "
1750527542134,1750527542134,1968,1,1,2,TMLedgerData,"ledgerHash: ""\341\310\354\0213\033\013\350\207z\236R(|z&\034\335\266\323\356\205\273DV\210\254\213T\rZ\347""; ledgerSeq: 0; type: liTS_CANDIDATE; nodes {;   nodedata: ""\256\322m\2146\221\305\341\316\031h?\276\005\207\253\236\tL;\371W\315\233X\345O\203\332\240\005\360\n\003"";   nodeid: ""\000\000\000\000\000\000\000\000\000\000\000\000\000\000\000\000\000\000\000\000\000\000\000\000\000\000\000\000\000\000\000\000\000""; }; requestCookie: 2; ","ledgerHash: ""\341\310\354\0213\033\013\350\207z\236R(|z&\034\335\266\323\356\205\273DV\210\254\213T\rZ\347""; ledgerSeq: 0; type: liTS_CANDIDATE; nodes {;   nodedata: ""\256\322m\2146\221\305\341\316\031h?\276\005\207\253\236\tL;\371W\315\233X\345O\203\332\240\005\360\n\003"";   nodeid: ""\000\000\000\000\000\000\000\000\000\000\000\000\000\000\000\000\000\000\000\000\000\000\000\000\000\000\000\000\000\000\000\000\000""; }; requestCookie: 2; "
1750527542137,1750527542137,1497,1,0,3,TMLedgerData,"ledgerHash: ""\341\310\354\0213\033\013\350\207z\236R(|z&\034\335\266\323\356\205\273DV\210\254\213T\rZ\347""; ledgerSeq: 0; type: liTS_CANDIDATE; nodes {;   nodedata: ""\256\322m\2146\221\305\341\316\031h?\276\005\207\253\236\tL;\371W\315\233X\345O\203\332\240\005\360\n\003"";   nodeid: ""\000\000\000\000\000\000\000\000\000\000\000\000\000\000\000\000\000\000\000\000\000\000\000\000\000\000\000\000\000\000\000\000\000""; }; ","ledgerHash: ""\341\310\354\0213\033\013\350\207z\236R(|z&\034\335\266\323\356\205\273DV\210\254\213T\rZ\347""; ledgerSeq: 0; type: liTS_CANDIDATE; nodes {;   nodedata: ""\256\322m\2146\221\305\341\316\031h?\276\005\207\253\236\tL;\371W\315\233X\345O\203\332\240\005\360\n\003"";   nodeid: ""\000\000\000\000\000\000\000\000\000\000\000\000\000\000\000\000\000\000\000\000\000\000\000\000\000\000\000\000\000\000\000\000\000""; }; "
1750527542143,1750527542143,1434,1,0,1,TMLedgerData,"ledgerHash: ""3\321\n7\354)\tf\006\357\205B<h\272GQ \344\262\236\025#\003\024&\310\034\352\376\326""; ledgerSeq: 0; type: liTS_CANDIDATE; nodes {;   nodedata: ""'\240~~s\033\202\356\320\307\177Nt\203\315\245\305\276b\265\310\271\3319\245:\342=c\267\265\233\002\003"";   nodeid: ""\000\000\000\000\000\000\000\000\000\000\000\000\000\000\000\000\000\000\000\000\000\000\000\000\000\000\000\000\000\000\000\000\000""; }; requestCookie: 4; ","ledgerHash: ""3\321\n7\354)\tf\006\357\205B<h\272GQ \344\262\236\025#\003\024&\310\034\352\376\326""; ledgerSeq: 0; type: liTS_CANDIDATE; nodes {;   nodedata: ""'\240~~s\033\202\356\320\307\177Nt\203\315\245\305\276b\265\310\271\3319\245:\342=c\267\265\233\002\003"";   nodeid: ""\000\000\000\000\000\000\000\000\000\000\000\000\000\000\000\000\000\000\000\000\000\000\000\000\000\000\000\000\000\000\000\000\000""; }; requestCookie: 4; "
1750527542143,1750527542143,1544,1,2,1,TMGetLedger,"itype: liBASE; ledgerHash: ""\326+\03569g\235`}\354\203s\003\217_Vf \233\324\237yU<\242:Zr\321\340\201]""; ledgerSeq: 7; requestCookie: 5; queryType: qtINDIRECT; ","itype: liBASE; ledgerHash: ""\326+\03569g\235`}\354\203s\003\217_Vf \233\324\237yU<\242:Zr\321\340\201]""; ledgerSeq: 7; requestCookie: 5; queryType: qtINDIRECT; "
1750527542162,1750527542162,2079,1,3,1,TMGetLedger,"itype: liBASE; ledgerHash: ""\326+\03569g\235`}\354\203s\003\217_Vf \233\324\237yU<\242:Zr\321\340\201]""; requestCookie: 2; queryType: qtINDIRECT; ","itype: liBASE; ledgerHash: ""\326+\03569g\235`}\354\203s\003\217_Vf \233\324\237yU<\242:Zr\321\340\201]""; requestCookie: 2; queryType: qtINDIRECT; "
1750527542170,1750527542171,1665,1,2,3,TMLedgerData,"ledgerHash: ""\276\230H\305\2714\032l\253n6W\035\354\257.f\r\217\302\203\224\212L\020\S\370\243OP*""; ledgerSeq: 7; type: liBASE; nodes {;   nodedata: ""\000\000\000\007\001cEx]\211\377\342\360\215\2502\265\245\310\226\243c\302Ze\306\253#r\020\211\320iG\276\020E\317\035Sf\223F\254\000\000\000\000\000\000\000\000\000\000\000\000\000\000\000\000\000\000\000\000\000\000\000\000\000\000\000\000\000\000\000\000\302r\207\007\303\237KvzB\356\335\030k\303\312\246:\352\202\037\210\2545\307\004\232\232\026\223SW/\351\252\253/\351\252\264\n\000""; }; nodes {;   nodedata: ""\341\035\262xv\226\317f5\366\365\252a\177\355\302\326\t\222~j\320f\374/ \363\256\257\361 \303\001\301\025%1L\307\t\261\262z\374\222T\301\274V\236\223\262\270Ct\362\337b\356\024*\324\320\351\317\002k\336\234\027v\351\217\260\303\360\233ZPZWr\246$w\313\313\r\243r\232\2234\373\3539:N\004;tP\302\307\005x\n\302lQ\275\237<g\321\233$\274p\355\310J\230\370\306\264\314\367C\275\272\006E\344\037@\210\363\010\336T\226\247'\204_{\261\370""1\235\2445\343\033Y!\212\201\341\272\225'\007Z\314\023h\n\020~\036\324P\254\001\274\227n\020\273\023\010\nq\216Z\344\004\3612B\205\257\335\036\013\003""; }; requestCookie: 5; ","ledgerHash: ""\276\230H\305\2714\032l\253n6W\035\354\257.f\r\217\302\203\224\212L\020\S\370\243OP*""; ledgerSeq: 7; type: liBASE; nodes {;   nodedata: ""\000\000\000\007\001cEx]\211\377\342\360\215\2502\265\245\310\226\243c\302Ze\306\253#r\020\211\320iG\276\020E\317\035Sf\223F\254\000\000\000\000\000\000\000\000\000\000\000\000\000\000\000\000\000\000\000\000\000\000\000\000\000\000\000\000\000\000\000\000\302r\207\007\303\237KvzB\356\335\030k\303\312\246:\352\202\037\210\2545\307\004\232\232\026\223SW/\351\252\253/\351\252\264\n\000""; }; nodes {;   nodedata: ""\341\035\262xv\226\317f5\366\365\252a\177\355\302\326\t\222~j\320f\374/ \363\256\257\361 \303\001\301\025%1L\307\t\261\262z\374\222T\301\274V\236\223\262\270Ct\362\337b\356\024*\324\320\351\317\002k\336\234\027v\351\217\260\303\360\233ZPZWr\246$w\313\313\r\243r\232\2234\373\3539:N\004;tP\302\307\005x\n\302lQ\275\237<g\321\233$\274p\355\310J\230\370\306\264\314\367C\275\272\006E\344\037@\210\363\010\336T\226\247'\204_{\261\370""1\235\2445\343\033Y!\212\201\341\272\225'\007Z\314\023h\n\020~\036\324P\254\001\274\227n\020\273\023\010\nq\216Z\344\004\3612B\205\257\335\036\013\003""; }; requestCookie: 5; "
1750527542175,1750527542175,3378,1,4,0,TMLedgerData,"ledgerHash: ""\033@\177e\277\016\010u\327\371&\262\312\317Q\2361t\377x\234\001v\003%\030\325_\225g\204\346""; ledgerSeq: 7; type: liBASE; nodes {;   nodedata: ""\000\000\000\007\001cEx]\211\377\330\360\215\2502\265\245\310\226\243c\302Ze\306\253#r\020\211\320iG\276\020E\317\035Sf\223F\254\002\370\316\212^2r\204\377\207q\251\315\325\027st\315\275D\367""\312l\350\374\304zy\305\007\340\030\220\357M\025\212p\\332\356\317\346Z\350r\255\236\025^\210\375\243\353\025X\213xq\220$\254,/\351\252\253/\351\252\264\n\000""; }; nodes {;   nodedata: ""\323C\344\327\264{\312-\017:\006{\177\344N\002\326bO\260\220\006\033\362\345\005U\221DzJ0\001\301\025%1L\307\t\261\262z\374\222T\301\274V\236\223\262\270Ct\362\337b\356\024*\324\320\351\317\002k\336\234\027v\351\217\260\303\360\233ZPZWr\246$w\313\313\r\243r\232\2234\373\3539:N\004Q\245\272D\312D\300\300\t\323\0257\345e\271\na\215{\226\255x%T\257\037\333\004\344_/R\006E\344\037@\210\363\010\336T\226\247'\204_{\261\370""1\235\2445\343\033Y!\212\201\341\272\225'\007Z\314\023h\n\020~\036\324P\254\001\274\227n\020\273\023\010\nq\216Z\344\004\3612B\205\257\335\036\013\003""; }; nodes {;   nodedata: ""o\324D\221#\020\205W\305\353\227hj\364\005l\234.@%-\272\034\327\352\rf\2573\006\026\236\004\003""; }; ","ledgerHash: ""\033@\177e\277\016\010u\327\371&\262\312\317Q\2361t\377x\234\001v\003%\030\325_\225g\204\346""; ledgerSeq: 7; type: liBASE; nodes {;   nodedata: ""\000\000\000\007\001cEx]\211\377\330\360\215\2502\265\245\310\226\243c\302Ze\306\253#r\020\211\320iG\276\020E\317\035Sf\223F\254\002\370\316\212^2r\204\377\207q\251\315\325\027st\315\275D\367""\312l\350\374\304zy\305\007\340\030\220\357M\025\212p\\332\356\317\346Z\350r\255\236\025^\210\375\243\353\025X\213xq\220$\254,/\351\252\253/\351\252\264\n\000""; }; nodes {;   nodedata: ""\323C\344\327\264{\312-\017:\006{\177\344N\002\326bO\260\220\006\033\362\345\005U\221DzJ0\001\301\025%1L\307\t\261\262z\374\222T\301\274V\236\223\262\270Ct\362\337b\356\024*\324\320\351\317\002k\336\234\027v\351\217\260\303\360\233ZPZWr\246$w\313\313\r\243r\232\2234\373\3539:N\004Q\245\272D\312D\300\300\t\323\0257\345e\271\na\215{\226\255x%T\257\037\333\004\344_/R\006E\344\037@\210\363\010\336T\226\247'\204_{\261\370""1\235\2445\343\033Y!\212\201\341\272\225'\007Z\314\023h\n\020~\036\324P\254\001\274\227n\020\273\023\010\nq\216Z\344\004\3612B\205\257\335\036\013\003""; }; nodes {;   nodedata: ""o\324D\221#\020\205W\305\353\227hj\364\005l\234.@%-\272\034\327\352\rf\2573\006\026\236\004\003""; }; "
1750527542189,1750527542190,3375,1,0,1,TMGetLedger,"itype: liBASE; ledgerHash: ""\326+\03569g\235`}\354\203s\003\217_Vf \233\324\237yU<\242:Zr\321\340\201]""; ledgerSeq: 7; requestCookie: 3; queryType: qtINDIRECT; ","itype: liBASE; ledgerHash: ""\326+\03569g\235`}\354\203s\003\217_Vf \233\324\237yU<\242:Zr\321\340\201]""; ledgerSeq: 7; requestCookie: 3; queryType: qtINDIRECT; "
1750527542191,1750527542191,1212,1,2,4,TMLedgerData,"ledgerHash: ""\341\310\354\0213\033\013\350\207z\236R(|z&\034\335\266\323\356\205\273DV\210\254\213T\rZ\347""; ledgerSeq: 0; type: liTS_CANDIDATE; nodes {;   nodedata: ""\256\322m\2146\221\305\341\316\031h?\276\005\207\253\236\tL;\371W\315\233X\345O\203\332\240\005\360\n\003"";   nodeid: ""\000\000\000\000\000\000\000\000\000\000\000\000\000\000\000\000\000\000\000\000\000\000\000\000\000\000\000\000\000\000\000\000\000""; }; ","ledgerHash: ""\341\310\354\0213\033\013\350\207z\236R(|z&\034\335\266\323\356\205\273DV\210\254\213T\rZ\347""; ledgerSeq: 0; type: liTS_CANDIDATE; nodes {;   nodedata: ""\256\322m\2146\221\305\341\316\031h?\276\005\207\253\236\tL;\371W\315\233X\345O\203\332\240\005\360\n\003"";   nodeid: ""\000\000\000\000\000\000\000\000\000\000\000\000\000\000\000\000\000\000\000\000\000\000\000\000\000\000\000\000\000\000\000\000\000""; }; "
1750527542202,1750527542203,1212,1,2,4,TMLedgerData,"ledgerHash: ""\341\310\354\0213\033\013\350\207z\236R(|z&\034\335\266\323\356\205\273DV\210\254\213T\rZ\347""; ledgerSeq: 0; type: liTS_CANDIDATE; nodes {;   nodedata: ""\256\322m\2146\221\305\341\316\031h?\276\005\207\253\236\tL;\371W\315\233X\345O\203\332\240\005\360\n\003"";   nodeid: ""\000\000\000\000\000\000\000\000\000\000\000\000\000\000\000\000\000\000\000\000\000\000\000\000\000\000\000\000\000\000\000\000\000""; }; ","ledgerHash: ""\341\310\354\0213\033\013\350\207z\236R(|z&\034\335\266\323\356\205\273DV\210\254\213T\rZ\347""; ledgerSeq: 0; type: liTS_CANDIDATE; nodes {;   nodedata: ""\256\322m\2146\221\305\341\316\031h?\276\005\207\253\236\tL;\371W\315\233X\345O\203\332\240\005\360\n\003"";   nodeid: ""\000\000\000\000\000\000\000\000\000\000\000\000\000\000\000\000\000\000\000\000\000\000\000\000\000\000\000\000\000\000\000\000\000""; }; "
1750527542210,1750527542210,3085,1,3,0,TMLedgerData,"ledgerHash: ""\363\262\310\025\251\261\276X\247\260J\221\345\357\037\231)|\321K\000\\326E\004\377\005\255""A?\250""; ledgerSeq: 0; type: liTS_CANDIDATE; nodes {;   nodedata: ""MJ\275'\324\005\036\313\204nW\300\362\327\016\205\236\021\351Q6\021\355\301\372\322\276g\026\243\361M\004\003"";   nodeid: ""\000\000\000\000\000\000\000\000\000\000\000\000\000\000\000\000\000\000\000\000\000\000\000\000\000\000\000\000\000\000\000\000\000""; }; ","ledgerHash: ""\363\262\310\025\251\261\276X\247\260J\221\345\357\037\231)|\321K\000\\326E\004\377\005\255""A?\250""; ledgerSeq: 0; type: liTS_CANDIDATE; nodes {;   nodedata: ""MJ\275'\324\005\036\313\204nW\300\362\327\016\205\236\021\351Q6\021\355\301\372\322\276g\026\243\361M\004\003"";   nodeid: ""\000\000\000\000\000\000\000\000\000\000\000\000\000\000\000\000\000\000\000\000\000\000\000\000\000\000\000\000\000\000\000\000\000""; }; "
1750527542211,1750527542211,3769,1,1,3,TMGetLedger,"itype: liBASE; ledgerHash: ""\033@\177e\277\016\010u\327\371&\262\312\317Q\2361t\377x\234\001v\003%\030\325_\225g\204\346""; requestCookie: 2; queryType: qtINDIRECT; ","itype: liBASE; ledgerHash: ""\033@\177e\277\016\010u\327\371&\262\312\317Q\2361t\377x\234\001v\003%\030\325_\225g\204\346""; requestCookie: 2; queryType: qtINDIRECT; "
1750527542236,1750527542236,1968,1,1,2,TMLedgerData,"ledgerHash: ""\341\310\354\0213\033\013\350\207z\236R(|z&\034\335\266\323\356\205\273DV\210\254\213T\rZ\347""; ledgerSeq: 0; type: liTS_CANDIDATE; nodes {;   nodedata: ""\256\322m\2146\221\305\341\316\031h?\276\005\207\253\236\tL;\371W\315\233X\345O\203\332\240\005\360\n\003"";   nodeid: ""\000\000\000\000\000\000\000\000\000\000\000\000\000\000\000\000\000\000\000\000\000\000\000\000\000\000\000\000\000\000\000\000\000""; }; requestCookie: 5; ","ledgerHash: ""\341\310\354\0213\033\013\350\207z\236R(|z&\034\335\266\323\356\205\273DV\210\254\213T\rZ\347""; ledgerSeq: 0; type: liTS_CANDIDATE; nodes {;   nodedata: ""\256\322m\2146\221\305\341\316\031h?\276\005\207\253\236\tL;\371W\315\233X\345O\203\332\240\005\360\n\003"";   nodeid: ""\000\000\000\000\000\000\000\000\000\000\000\000\000\000\000\000\000\000\000\000\000\000\000\000\000\000\000\000\000\000\000\000\000""; }; requestCookie: 5; "
1750527542238,1750527542238,3769,1,1,3,TMGetLedger,"itype: liTS_CANDIDATE; ledgerHash: ""\363\262\310\025\251\261\276X\247\260J\221\345\357\037\231)|\321K\000\\326E\004\377\005\255""A?\250""; nodeIDs: ""\000\000\000\000\000\000\000\000\000\000\000\000\000\000\000\000\000\000\000\000\000\000\000\000\000\000\000\000\000\000\000\000\000""; requestCookie: 2; queryType: qtINDIRECT; queryDepth: 3; ","itype: liTS_CANDIDATE; ledgerHash: ""\363\262\310\025\251\261\276X\247\260J\221\345\357\037\231)|\321K\000\\326E\004\377\005\255""A?\250""; nodeIDs: ""\000\000\000\000\000\000\000\000\000\000\000\000\000\000\000\000\000\000\000\000\000\000\000\000\000\000\000\000\000\000\000\000\000""; requestCookie: 2; queryType: qtINDIRECT; queryDepth: 3; "
1750527542257,1750527542257,860,1,1,0,TMLedgerData,"ledgerHash: ""\341\310\354\0213\033\013\350\207z\236R(|z&\034\335\266\323\356\205\273DV\210\254\213T\rZ\347""; ledgerSeq: 0; type: liTS_CANDIDATE; nodes {;   nodedata: ""\256\322m\2146\221\305\341\316\031h?\276\005\207\253\236\tL;\371W\315\233X\345O\203\332\240\005\360\n\003"";   nodeid: ""\000\000\000\000\000\000\000\000\000\000\000\000\000\000\000\000\000\000\000\000\000\000\000\000\000\000\000\000\000\000\000\000\000""; }; requestCookie: 3; ","ledgerHash: ""\341\310\354\0213\033\013\350\207z\236R(|z&\034\335\266\323\356\205\273DV\210\254\213T\rZ\347""; ledgerSeq: 0; type: liTS_CANDIDATE; nodes {;   nodedata: ""\256\322m\2146\221\305\341\316\031h?\276\005\207\253\236\tL;\371W\315\233X\345O\203\332\240\005\360\n\003"";   nodeid: ""\000\000\000\000\000\000\000\000\000\000\000\000\000\000\000\000\000\000\000\000\000\000\000\000\000\000\000\000\000\000\000\000\000""; }; requestCookie: 3; "
1750527542261,1750527542261,1539,1,4,2,TMLedgerData,"ledgerHash: ""\341\310\354\0213\033\013\350\207z\236R(|z&\034\335\266\323\356\205\273DV\210\254\213T\rZ\347""; ledgerSeq: 0; type: liTS_CANDIDATE; nodes {;   nodedata: ""\256\322m\2146\221\305\341\316\031h?\276\005\207\253\236\tL;\371W\315\233X\345O\203\332\240\005\360\n\003"";   nodeid: ""\000\000\000\000\000\000\000\000\000\000\000\000\000\000\000\000\000\000\000\000\000\000\000\000\000\000\000\000\000\000\000\000\000""; }; ","ledgerHash: ""\341\310\354\0213\033\013\350\207z\236R(|z&\034\335\266\323\356\205\273DV\210\254\213T\rZ\347""; ledgerSeq: 0; type: liTS_CANDIDATE; nodes {;   nodedata: ""\256\322m\2146\221\305\341\316\031h?\276\005\207\253\236\tL;\371W\315\233X\345O\203\332\240\005\360\n\003"";   nodeid: ""\000\000\000\000\000\000\000\000\000\000\000\000\000\000\000\000\000\000\000\000\000\000\000\000\000\000\000\000\000\000\000\000\000""; }; "
1750527542262,1750527542262,860,1,1,0,TMLedgerData,"ledgerHash: ""\341\310\354\0213\033\013\350\207z\236R(|z&\034\335\266\323\356\205\273DV\210\254\213T\rZ\347""; ledgerSeq: 0; type: liTS_CANDIDATE; nodes {;   nodedata: ""\256\322m\2146\221\305\341\316\031h?\276\005\207\253\236\tL;\371W\315\233X\345O\203\332\240\005\360\n\003"";   nodeid: ""\000\000\000\000\000\000\000\000\000\000\000\000\000\000\000\000\000\000\000\000\000\000\000\000\000\000\000\000\000\000\000\000\000""; }; requestCookie: 4; ","ledgerHash: ""\341\310\354\0213\033\013\350\207z\236R(|z&\034\335\266\323\356\205\273DV\210\254\213T\rZ\347""; ledgerSeq: 0; type: liTS_CANDIDATE; nodes {;   nodedata: ""\256\322m\2146\221\305\341\316\031h?\276\005\207\253\236\tL;\371W\315\233X\345O\203\332\240\005\360\n\003"";   nodeid: ""\000\000\000\000\000\000\000\000\000\000\000\000\000\000\000\000\000\000\000\000\000\000\000\000\000\000\000\000\000\000\000\000\000""; }; requestCookie: 4; "
1750527542263,1750527542263,860,1,1,0,TMLedgerData,"ledgerHash: ""\341\310\354\0213\033\013\350\207z\236R(|z&\034\335\266\323\356\205\273DV\210\254\213T\rZ\347""; ledgerSeq: 0; type: liTS_CANDIDATE; nodes {;   nodedata: ""\256\322m\2146\221\305\341\316\031h?\276\005\207\253\236\tL;\371W\315\233X\345O\203\332\240\005\360\n\003"";   nodeid: ""\000\000\000\000\000\000\000\000\000\000\000\000\000\000\000\000\000\000\000\000\000\000\000\000\000\000\000\000\000\000\000\000\000""; }; ","ledgerHash: ""\341\310\354\0213\033\013\350\207z\236R(|z&\034\335\266\323\356\205\273DV\210\254\213T\rZ\347""; ledgerSeq: 0; type: liTS_CANDIDATE; nodes {;   nodedata: ""\256\322m\2146\221\305\341\316\031h?\276\005\207\253\236\tL;\371W\315\233X\345O\203\332\240\005\360\n\003"";   nodeid: ""\000\000\000\000\000\000\000\000\000\000\000\000\000\000\000\000\000\000\000\000\000\000\000\000\000\000\000\000\000\000\000\000\000""; }; "
1750527542270,1750527542271,3578,1,1,3,TMLedgerData,"ledgerHash: ""\341\310\354\0213\033\013\350\207z\236R(|z&\034\335\266\323\356\205\273DV\210\254\213T\rZ\347""; ledgerSeq: 0; type: liTS_CANDIDATE; nodes {;   nodedata: ""\256\322m\2146\221\305\341\316\031h?\276\005\207\253\236\tL;\371W\315\233X\345O\203\332\240\005\360\n\003"";   nodeid: ""\000\000\000\000\000\000\000\000\000\000\000\000\000\000\000\000\000\000\000\000\000\000\000\000\000\000\000\000\000\000\000\000\000""; }; requestCookie: 5; ","ledgerHash: ""\341\310\354\0213\033\013\350\207z\236R(|z&\034\335\266\323\356\205\273DV\210\254\213T\rZ\347""; ledgerSeq: 0; type: liTS_CANDIDATE; nodes {;   nodedata: ""\256\322m\2146\221\305\341\316\031h?\276\005\207\253\236\tL;\371W\315\233X\345O\203\332\240\005\360\n\003"";   nodeid: ""\000\000\000\000\000\000\000\000\000\000\000\000\000\000\000\000\000\000\000\000\000\000\000\000\000\000\000\000\000\000\000\000\000""; }; requestCookie: 5; "
1750527542276,1750527542276,2764,1,4,3,TMLedgerData,"ledgerHash: ""\341\310\354\0213\033\013\350\207z\236R(|z&\034\335\266\323\356\205\273DV\210\254\213T\rZ\347""; ledgerSeq: 0; type: liTS_CANDIDATE; nodes {;   nodedata: ""\256\322m\2146\221\305\341\316\031h?\276\005\207\253\236\tL;\371W\315\233X\345O\203\332\240\005\360\n\003"";   nodeid: ""\000\000\000\000\000\000\000\000\000\000\000\000\000\000\000\000\000\000\000\000\000\000\000\000\000\000\000\000\000\000\000\000\000""; }; ","ledgerHash: ""\341\310\354\0213\033\013\350\207z\236R(|z&\034\335\266\323\356\205\273DV\210\254\213T\rZ\347""; ledgerSeq: 0; type: liTS_CANDIDATE; nodes {;   nodedata: ""\256\322m\2146\221\305\341\316\031h?\276\005\207\253\236\tL;\371W\315\233X\345O\203\332\240\005\360\n\003"";   nodeid: ""\000\000\000\000\000\000\000\000\000\000\000\000\000\000\000\000\000\000\000\000\000\000\000\000\000\000\000\000\000\000\000\000\000""; }; "
1750527542292,1750527542292,1019,1,3,4,TMGetLedger,"itype: liTS_CANDIDATE; ledgerHash: ""\341\310\354\0213\033\013\350\207z\236R(|z&\034\335\266\323\356\205\273DV\210\254\213T\rZ\347""; nodeIDs: ""\000\000\000\000\000\000\000\000\000\000\000\000\000\000\000\000\000\000\000\000\000\000\000\000\000\000\000\000\000\000\000\000\000""; requestCookie: 4; queryType: qtINDIRECT; queryDepth: 3; ","itype: liTS_CANDIDATE; ledgerHash: ""\341\310\354\0213\033\013\350\207z\236R(|z&\034\335\266\323\356\205\273DV\210\254\213T\rZ\347""; nodeIDs: ""\000\000\000\000\000\000\000\000\000\000\000\000\000\000\000\000\000\000\000\000\000\000\000\000\000\000\000\000\000\000\000\000\000""; requestCookie: 4; queryType: qtINDIRECT; queryDepth: 3; "
1750527542298,1750527542298,1665,1,2,3,TMLedgerData,"ledgerHash: ""\341\310\354\0213\033\013\350\207z\236R(|z&\034\335\266\323\356\205\273DV\210\254\213T\rZ\347""; ledgerSeq: 0; type: liTS_CANDIDATE; nodes {;   nodedata: ""\256\322m\2146\221\305\341\316\031h?\276\005\207\253\236\tL;\371W\315\233X\345O\203\332\240\005\360\n\003"";   nodeid: ""\000\000\000\000\000\000\000\000\000\000\000\000\000\000\000\000\000\000\000\000\000\000\000\000\000\000\000\000\000\000\000\000\000""; }; ","ledgerHash: ""\341\310\354\0213\033\013\350\207z\236R(|z&\034\335\266\323\356\205\273DV\210\254\213T\rZ\347""; ledgerSeq: 0; type: liTS_CANDIDATE; nodes {;   nodedata: ""\256\322m\2146\221\305\341\316\031h?\276\005\207\253\236\tL;\371W\315\233X\345O\203\332\240\005\360\n\003"";   nodeid: ""\000\000\000\000\000\000\000\000\000\000\000\000\000\000\000\000\000\000\000\000\000\000\000\000\000\000\000\000\000\000\000\000\000""; }; "
1750527542315,1750527542315,3719,1,2,4,TMGetLedger,"itype: liTS_CANDIDATE; ledgerHash: ""\363\262\310\025\251\261\276X\247\260J\221\345\357\037\231)|\321K\000\\326E\004\377\005\255""A?\250""; nodeIDs: ""\000\000\000\000\000\000\000\000\000\000\000\000\000\000\000\000\000\000\000\000\000\000\000\000\000\000\000\000\000\000\000\000\000""; requestCookie: 2; queryType: qtINDIRECT; queryDepth: 3; ","itype: liTS_CANDIDATE; ledgerHash: ""\363\262\310\025\251\261\276X\247\260J\221\345\357\037\231)|\321K\000\\326E\004\377\005\255""A?\250""; nodeIDs: ""\000\000\000\000\000\000\000\000\000\000\000\000\000\000\000\000\000\000\000\000\000\000\000\000\000\000\000\000\000\000\000\000\000""; requestCookie: 2; queryType: qtINDIRECT; queryDepth: 3; "
1750527542318,1750527542318,3378,1,4,0,TMLedgerData,"ledgerHash: ""\033@\177e\277\016\010u\327\371&\262\312\317Q\2361t\377x\234\001v\003%\030\325_\225g\204\346""; ledgerSeq: 7; type: liBASE; nodes {;   nodedata: ""\000\000\000\007\001cEx]\211\377\330\360\215\2502\265\245\310\226\243c\302Ze\306\253#r\020\211\320iG\276\020E\317\035Sf\223F\254\002\370\316\212^2r\204\377\207q\251\315\325\027st\315\275D\367""\312l\350\374\304zy\305\007\340\030\220\357M\025\212p\\332\356\317\346Z\350r\255\236\025^\210\375\243\353\025X\213xq\220$\254,/\351\252\253/\351\252\264\n\000""; }; nodes {;   nodedata: ""\323C\344\327\264{\312-\017:\006{\177\344N\002\326bO\260\220\006\033\362\345\005U\221DzJ0\001\301\025%1L\307\t\261\262z\374\222T\301\274V\236\223\262\270Ct\362\337b\356\024*\324\320\351\317\002k\336\234\027v\351\217\260\303\360\233ZPZWr\246$w\313\313\r\243r\232\2234\373\3539:N\004Q\245\272D\312D\300\300\t\323\0257\345e\271\na\215{\226\255x%T\257\037\333\004\344_/R\006E\344\037@\210\363\010\336T\226\247'\204_{\261\370""1\235\2445\343\033Y!\212\201\341\272\225'\007Z\314\023h\n\020~\036\324P\254\001\274\227n\020\273\023\010\nq\216Z\344\004\3612B\205\257\335\036\013\003""; }; nodes {;   nodedata: ""o\324D\221#\020\205W\305\353\227hj\364\005l\234.@%-\272\034\327\352\rf\2573\006\026\236\004\003""; }; requestCookie: 3; ","ledgerHash: ""\033@\177e\277\016\010u\327\371&\262\312\317Q\2361t\377x\234\001v\003%\030\325_\225g\204\346""; ledgerSeq: 7; type: liBASE; nodes {;   nodedata: ""\000\000\000\007\001cEx]\211\377\330\360\215\2502\265\245\310\226\243c\302Ze\306\253#r\020\211\320iG\276\020E\317\035Sf\223F\254\002\370\316\212^2r\204\377\207q\251\315\325\027st\315\275D\367""\312l\350\374\304zy\305\007\340\030\220\357M\025\212p\\332\356\317\346Z\350r\255\236\025^\210\375\243\353\025X\213xq\220$\254,/\351\252\253/\351\252\264\n\000""; }; nodes {;   nodedata: ""\323C\344\327\264{\312-\017:\006{\177\344N\002\326bO\260\220\006\033\362\345\005U\221DzJ0\001\301\025%1L\307\t\261\262z\374\222T\301\274V\236\223\262\270Ct\362\337b\356\024*\324\320\351\317\002k\336\234\027v\351\217\260\303\360\233ZPZWr\246$w\313\313\r\243r\232\2234\373\3539:N\004Q\245\272D\312D\300\300\t\323\0257\345e\271\na\215{\226\255x%T\257\037\333\004\344_/R\006E\344\037@\210\363\010\336T\226\247'\204_{\261\370""1\235\2445\343\033Y!\212\201\341\272\225'\007Z\314\023h\n\020~\036\324P\254\001\274\227n\020\273\023\010\nq\216Z\344\004\3612B\205\257\335\036\013\003""; }; nodes {;   nodedata: ""o\324D\221#\020\205W\305\353\227hj\364\005l\234.@%-\272\034\327\352\rf\2573\006\026\236\004\003""; }; requestCookie: 3; "
1750527542327,1750527542327,2309,1,4,2,TMGetLedger,"itype: liBASE; ledgerHash: ""\276\230H\305\2714\032l\253n6W\035\354\257.f\r\217\302\203\224\212L\020\S\370\243OP*""; ledgerSeq: 7; requestCookie: 4; queryType: qtINDIRECT; ","itype: liBASE; ledgerHash: ""\276\230H\305\2714\032l\253n6W\035\354\257.f\r\217\302\203\224\212L\020\S\370\243OP*""; ledgerSeq: 7; requestCookie: 4; queryType: qtINDIRECT; "
1750527542334,1750527542334,3578,1,1,3,TMLedgerData,"ledgerHash: ""\341\310\354\0213\033\013\350\207z\236R(|z&\034\335\266\323\356\205\273DV\210\254\213T\rZ\347""; ledgerSeq: 0; type: liTS_CANDIDATE; nodes {;   nodedata: ""\256\322m\2146\221\305\341\316\031h?\276\005\207\253\236\tL;\371W\315\233X\345O\203\332\240\005\360\n\003"";   nodeid: ""\000\000\000\000\000\000\000\000\000\000\000\000\000\000\000\000\000\000\000\000\000\000\000\000\000\000\000\000\000\000\000\000\000""; }; ","ledgerHash: ""\341\310\354\0213\033\013\350\207z\236R(|z&\034\335\266\323\356\205\273DV\210\254\213T\rZ\347""; ledgerSeq: 0; type: liTS_CANDIDATE; nodes {;   nodedata: ""\256\322m\2146\221\305\341\316\031h?\276\005\207\253\236\tL;\371W\315\233X\345O\203\332\240\005\360\n\003"";   nodeid: ""\000\000\000\000\000\000\000\000\000\000\000\000\000\000\000\000\000\000\000\000\000\000\000\000\000\000\000\000\000\000\000\000\000""; }; "
1750527542340,1750527542340,612,1,2,0,TMLedgerData,"ledgerHash: ""\341\310\354\0213\033\013\350\207z\236R(|z&\034\335\266\323\356\205\273DV\210\254\213T\rZ\347""; ledgerSeq: 0; type: liTS_CANDIDATE; nodes {;   nodedata: ""\256\322m\2146\221\305\341\316\031h?\276\005\207\253\236\tL;\371W\315\233X\345O\203\332\240\005\360\n\003"";   nodeid: ""\000\000\000\000\000\000\000\000\000\000\000\000\000\000\000\000\000\000\000\000\000\000\000\000\000\000\000\000\000\000\000\000\000""; }; ","ledgerHash: ""\341\310\354\0213\033\013\350\207z\236R(|z&\034\335\266\323\356\205\273DV\210\254\213T\rZ\347""; ledgerSeq: 0; type: liTS_CANDIDATE; nodes {;   nodedata: ""\256\322m\2146\221\305\341\316\031h?\276\005\207\253\236\tL;\371W\315\233X\345O\203\332\240\005\360\n\003"";   nodeid: ""\000\000\000\000\000\000\000\000\000\000\000\000\000\000\000\000\000\000\000\000\000\000\000\000\000\000\000\000\000\000\000\000\000""; }; "
1750527542343,1750527542343,2764,1,4,3,TMLedgerData,"ledgerHash: ""3\321\n7\354)\tf\006\357\205B<h\272GQ \344\262\236\025#\003\024&\310\034\352\376\326""; ledgerSeq: 0; type: liTS_CANDIDATE; nodes {;   nodedata: ""'\240~~s\033\202\356\320\307\177Nt\203\315\245\305\276b\265\310\271\3319\245:\342=c\267\265\233\002\003"";   nodeid: ""\000\000\000\000\000\000\000\000\000\000\000\000\000\000\000\000\000\000\000\000\000\000\000\000\000\000\000\000\000\000\000\000\000""; }; ","ledgerHash: ""3\321\n7\354)\tf\006\357\205B<h\272GQ \344\262\236\025#\003\024&\310\034\352\376\326""; ledgerSeq: 0; type: liTS_CANDIDATE; nodes {;   nodedata: ""'\240~~s\033\202\356\320\307\177Nt\203\315\245\305\276b\265\310\271\3319\245:\342=c\267\265\233\002\003"";   nodeid: ""\000\000\000\000\000\000\000\000\000\000\000\000\000\000\000\000\000\000\000\000\000\000\000\000\000\000\000\000\000\000\000\000\000""; }; "
1750527542343,1750527542343,2101,1,4,1,TMGetLedger,"itype: liBASE; ledgerHash: ""\326+\03569g\235`}\354\203s\003\217_Vf \233\324\237yU<\242:Zr\321\340\201]""; requestCookie: 3; queryType: qtINDIRECT; ","itype: liBASE; ledgerHash: ""\326+\03569g\235`}\354\203s\003\217_Vf \233\324\237yU<\242:Zr\321\340\201]""; requestCookie: 3; queryType: qtINDIRECT; "
1750527542346,1750527542346,2523,1,3,2,TMLedgerData,"ledgerHash: ""\033@\177e\277\016\010u\327\371&\262\312\317Q\2361t\377x\234\001v\003%\030\325_\225g\204\346""; ledgerSeq: 7; type: liBASE; nodes {;   nodedata: ""\000\000\000\007\001cEx]\211\377\330\360\215\2502\265\245\310\226\243c\302Ze\306\253#r\020\211\320iG\276\020E\317\035Sf\223F\254\002\370\316\212^2r\204\377\207q\251\315\325\027st\315\275D\367""\312l\350\374\304zy\305\007\340\030\220\357M\025\212p\\332\356\317\346Z\350r\255\236\025^\210\375\243\353\025X\213xq\220$\254,/\351\252\253/\351\252\264\n\000""; }; nodes {;   nodedata: ""\323C\344\327\264{\312-\017:\006{\177\344N\002\326bO\260\220\006\033\362\345\005U\221DzJ0\001\301\025%1L\307\t\261\262z\374\222T\301\274V\236\223\262\270Ct\362\337b\356\024*\324\320\351\317\002k\336\234\027v\351\217\260\303\360\233ZPZWr\246$w\313\313\r\243r\232\2234\373\3539:N\004Q\245\272D\312D\300\300\t\323\0257\345e\271\na\215{\226\255x%T\257\037\333\004\344_/R\006E\344\037@\210\363\010\336T\226\247'\204_{\261\370""1\235\2445\343\033Y!\212\201\341\272\225'\007Z\314\023h\n\020~\036\324P\254\001\274\227n\020\273\023\010\nq\216Z\344\004\3612B\205\257\335\036\013\003""; }; nodes {;   nodedata: ""o\324D\221#\020\205W\305\353\227hj\364\005l\234.@%-\272\034\327\352\rf\2573\006\026\236\004\003""; }; ","ledgerHash: ""\033@\177e\277\016\010u\327\371&\262\312\317Q\2361t\377x\234\001v\003%\030\325_\225g\204\346""; ledgerSeq: 7; type: liBASE; nodes {;   nodedata: ""\000\000\000\007\001cEx]\211\377\330\360\215\2502\265\245\310\226\243c\302Ze\306\253#r\020\211\320iG\276\020E\317\035Sf\223F\254\002\370\316\212^2r\204\377\207q\251\315\325\027st\315\275D\367""\312l\350\374\304zy\305\007\340\030\220\357M\025\212p\\332\356\317\346Z\350r\255\236\025^\210\375\243\353\025X\213xq\220$\254,/\351\252\253/\351\252\264\n\000""; }; nodes {;   nodedata: ""\323C\344\327\264{\312-\017:\006{\177\344N\002\326bO\260\220\006\033\362\345\005U\221DzJ0\001\301\025%1L\307\t\261\262z\374\222T\301\274V\236\223\262\270Ct\362\337b\356\024*\324\320\351\317\002k\336\234\027v\351\217\260\303\360\233ZPZWr\246$w\313\313\r\243r\232\2234\373\3539:N\004Q\245\272D\312D\300\300\t\323\0257\345e\271\na\215{\226\255x%T\257\037\333\004\344_/R\006E\344\037@\210\363\010\336T\226\247'\204_{\261\370""1\235\2445\343\033Y!\212\201\341\272\225'\007Z\314\023h\n\020~\036\324P\254\001\274\227n\020\273\023\010\nq\216Z\344\004\3612B\205\257\335\036\013\003""; }; nodes {;   nodedata: ""o\324D\221#\020\205W\305\353\227hj\364\005l\234.@%-\272\034\327\352\rf\2573\006\026\236\004\003""; }; "
1750527542347,1750527542347,2523,1,3,2,TMLedgerData,"ledgerHash: ""\033@\177e\277\016\010u\327\371&\262\312\317Q\2361t\377x\234\001v\003%\030\325_\225g\204\346""; ledgerSeq: 7; type: liBASE; nodes {;   nodedata: ""\000\000\000\007\001cEx]\211\377\330\360\215\2502\265\245\310\226\243c\302Ze\306\253#r\020\211\320iG\276\020E\317\035Sf\223F\254\002\370\316\212^2r\204\377\207q\251\315\325\027st\315\275D\367""\312l\350\374\304zy\305\007\340\030\220\357M\025\212p\\332\356\317\346Z\350r\255\236\025^\210\375\243\353\025X\213xq\220$\254,/\351\252\253/\351\252\264\n\000""; }; nodes {;   nodedata: ""\323C\344\327\264{\312-\017:\006{\177\344N\002\326bO\260\220\006\033\362\345\005U\221DzJ0\001\301\025%1L\307\t\261\262z\374\222T\301\274V\236\223\262\270Ct\362\337b\356\024*\324\320\351\317\002k\336\234\027v\351\217\260\303\360\233ZPZWr\246$w\313\313\r\243r\232\2234\373\3539:N\004Q\245\272D\312D\300\300\t\323\0257\345e\271\na\215{\226\255x%T\257\037\333\004\344_/R\006E\344\037@\210\363\010\336T\226\247'\204_{\261\370""1\235\2445\343\033Y!\212\201\341\272\225'\007Z\314\023h\n\020~\036\324P\254\001\274\227n\020\273\023\010\nq\216Z\344\004\3612B\205\257\335\036\013\003""; }; nodes {;   nodedata: ""o\324D\221#\020\205W\305\353\227hj\364\005l\234.@%-\272\034\327\352\rf\2573\006\026\236\004\003""; }; ","ledgerHash: ""\033@\177e\277\016\010u\327\371&\262\312\317Q\2361t\377x\234\001v\003%\030\325_\225g\204\346""; ledgerSeq: 7; type: liBASE; nodes {;   nodedata: ""\000\000\000\007\001cEx]\211\377\330\360\215\2502\265\245\310\226\243c\302Ze\306\253#r\020\211\320iG\276\020E\317\035Sf\223F\254\002\370\316\212^2r\204\377\207q\251\315\325\027st\315\275D\367""\312l\350\374\304zy\305\007\340\030\220\357M\025\212p\\332\356\317\346Z\350r\255\236\025^\210\375\243\353\025X\213xq\220$\254,/\351\252\253/\351\252\264\n\000""; }; nodes {;   nodedata: ""\323C\344\327\264{\312-\017:\006{\177\344N\002\326bO\260\220\006\033\362\345\005U\221DzJ0\001\301\025%1L\307\t\261\262z\374\222T\301\274V\236\223\262\270Ct\362\337b\356\024*\324\320\351\317\002k\336\234\027v\351\217\260\303\360\233ZPZWr\246$w\313\313\r\243r\232\2234\373\3539:N\004Q\245\272D\312D\300\300\t\323\0257\345e\271\na\215{\226\255x%T\257\037\333\004\344_/R\006E\344\037@\210\363\010\336T\226\247'\204_{\261\370""1\235\2445\343\033Y!\212\201\341\272\225'\007Z\314\023h\n\020~\036\324P\254\001\274\227n\020\273\023\010\nq\216Z\344\004\3612B\205\257\335\036\013\003""; }; nodes {;   nodedata: ""o\324D\221#\020\205W\305\353\227hj\364\005l\234.@%-\272\034\327\352\rf\2573\006\026\236\004\003""; }; "
1750527542351,1750527542351,1968,1,1,2,TMLedgerData,"ledgerHash: ""\341\310\354\0213\033\013\350\207z\236R(|z&\034\335\266\323\356\205\273DV\210\254\213T\rZ\347""; ledgerSeq: 0; type: liTS_CANDIDATE; nodes {;   nodedata: ""\256\322m\2146\221\305\341\316\031h?\276\005\207\253\236\tL;\371W\315\233X\345O\203\332\240\005\360\n\003"";   nodeid: ""\000\000\000\000\000\000\000\000\000\000\000\000\000\000\000\000\000\000\000\000\000\000\000\000\000\000\000\000\000\000\000\000\000""; }; ","ledgerHash: ""\341\310\354\0213\033\013\350\207z\236R(|z&\034\335\266\323\356\205\273DV\210\254\213T\rZ\347""; ledgerSeq: 0; type: liTS_CANDIDATE; nodes {;   nodedata: ""\256\322m\2146\221\305\341\316\031h?\276\005\207\253\236\tL;\371W\315\233X\345O\203\332\240\005\360\n\003"";   nodeid: ""\000\000\000\000\000\000\000\000\000\000\000\000\000\000\000\000\000\000\000\000\000\000\000\000\000\000\000\000\000\000\000\000\000""; }; "
1750527542351,1750527542351,1968,1,1,2,TMLedgerData,"ledgerHash: ""\341\310\354\0213\033\013\350\207z\236R(|z&\034\335\266\323\356\205\273DV\210\254\213T\rZ\347""; ledgerSeq: 0; type: liTS_CANDIDATE; nodes {;   nodedata: ""\256\322m\2146\221\305\341\316\031h?\276\005\207\253\236\tL;\371W\315\233X\345O\203\332\240\005\360\n\003"";   nodeid: ""\000\000\000\000\000\000\000\000\000\000\000\000\000\000\000\000\000\000\000\000\000\000\000\000\000\000\000\000\000\000\000\000\000""; }; requestCookie: 4; ","ledgerHash: ""\341\310\354\0213\033\013\350\207z\236R(|z&\034\335\266\323\356\205\273DV\210\254\213T\rZ\347""; ledgerSeq: 0; type: liTS_CANDIDATE; nodes {;   nodedata: ""\256\322m\2146\221\305\341\316\031h?\276\005\207\253\236\tL;\371W\315\233X\345O\203\332\240\005\360\n\003"";   nodeid: ""\000\000\000\000\000\000\000\000\000\000\000\000\000\000\000\000\000\000\000\000\000\000\000\000\000\000\000\000\000\000\000\000\000""; }; requestCookie: 4; "
1750527542373,1750527542373,2794,1,3,2,TMGetLedger,"itype: liBASE; ledgerHash: ""\276\230H\305\2714\032l\253n6W\035\354\257.f\r\217\302\203\224\212L\020\S\370\243OP*""; ledgerSeq: 7; requestCookie: 5; queryType: qtINDIRECT; ","itype: liBASE; ledgerHash: ""\276\230H\305\2714\032l\253n6W\035\354\257.f\r\217\302\203\224\212L\020\S\370\243OP*""; ledgerSeq: 7; requestCookie: 5; queryType: qtINDIRECT; "
1750527542386,1750527542386,1497,1,0,3,TMLedgerData,"ledgerHash: ""\341\310\354\0213\033\013\350\207z\236R(|z&\034\335\266\323\356\205\273DV\210\254\213T\rZ\347""; ledgerSeq: 0; type: liTS_CANDIDATE; nodes {;   nodedata: ""\256\322m\2146\221\305\341\316\031h?\276\005\207\253\236\tL;\371W\315\233X\345O\203\332\240\005\360\n\003"";   nodeid: ""\000\000\000\000\000\000\000\000\000\000\000\000\000\000\000\000\000\000\000\000\000\000\000\000\000\000\000\000\000\000\000\000\000""; }; ","ledgerHash: ""\341\310\354\0213\033\013\350\207z\236R(|z&\034\335\266\323\356\205\273DV\210\254\213T\rZ\347""; ledgerSeq: 0; type: liTS_CANDIDATE; nodes {;   nodedata: ""\256\322m\2146\221\305\341\316\031h?\276\005\207\253\236\tL;\371W\315\233X\345O\203\332\240\005\360\n\003"";   nodeid: ""\000\000\000\000\000\000\000\000\000\000\000\000\000\000\000\000\000\000\000\000\000\000\000\000\000\000\000\000\000\000\000\000\000""; }; "
1750527542394,1750527542394,1434,1,0,1,TMLedgerData,"ledgerHash: ""3\321\n7\354)\tf\006\357\205B<h\272GQ \344\262\236\025#\003\024&\310\034\352\376\326""; ledgerSeq: 0; type: liTS_CANDIDATE; nodes {;   nodedata: ""'\240~~s\033\202\356\320\307\177Nt\203\315\245\305\276b\265\310\271\3319\245:\342=c\267\265\233\002\003"";   nodeid: ""\000\000\000\000\000\000\000\000\000\000\000\000\000\000\000\000\000\000\000\000\000\000\000\000\000\000\000\000\000\000\000\000\000""; }; requestCookie: 4; ","ledgerHash: ""3\321\n7\354)\tf\006\357\205B<h\272GQ \344\262\236\025#\003\024&\310\034\352\376\326""; ledgerSeq: 0; type: liTS_CANDIDATE; nodes {;   nodedata: ""'\240~~s\033\202\356\320\307\177Nt\203\315\245\305\276b\265\310\271\3319\245:\342=c\267\265\233\002\003"";   nodeid: ""\000\000\000\000\000\000\000\000\000\000\000\000\000\000\000\000\000\000\000\000\000\000\000\000\000\000\000\000\000\000\000\000\000""; }; requestCookie: 4; "
1750527542410,1750527542410,2764,1,4,3,TMLedgerData,"ledgerHash: ""\341\310\354\0213\033\013\350\207z\236R(|z&\034\335\266\323\356\205\273DV\210\254\213T\rZ\347""; ledgerSeq: 0; type: liTS_CANDIDATE; nodes {;   nodedata: ""\256\322m\2146\221\305\341\316\031h?\276\005\207\253\236\tL;\371W\315\233X\345O\203\332\240\005\360\n\003"";   nodeid: ""\000\000\000\000\000\000\000\000\000\000\000\000\000\000\000\000\000\000\000\000\000\000\000\000\000\000\000\000\000\000\000\000\000""; }; ","ledgerHash: ""\341\310\354\0213\033\013\350\207z\236R(|z&\034\335\266\323\356\205\273DV\210\254\213T\rZ\347""; ledgerSeq: 0; type: liTS_CANDIDATE; nodes {;   nodedata: ""\256\322m\2146\221\305\341\316\031h?\276\005\207\253\236\tL;\371W\315\233X\345O\203\332\240\005\360\n\003"";   nodeid: ""\000\000\000\000\000\000\000\000\000\000\000\000\000\000\000\000\000\000\000\000\000\000\000\000\000\000\000\000\000\000\000\000\000""; }; "
1750527542411,1750527542411,1769,1,2,1,TMLedgerData,"ledgerHash: ""\276\230H\305\2714\032l\253n6W\035\354\257.f\r\217\302\203\224\212L\020\S\370\243OP*""; ledgerSeq: 7; type: liBASE; nodes {;   nodedata: ""\000\000\000\007\001cEx]\211\377\342\360\215\2502\265\245\310\226\243c\302Ze\306\253#r\020\211\320iG\276\020E\317\035Sf\223F\254\000\000\000\000\000\000\000\000\000\000\000\000\000\000\000\000\000\000\000\000\000\000\000\000\000\000\000\000\000\000\000\000\302r\207\007\303\237KvzB\356\335\030k\303\312\246:\352\202\037\210\2545\307\004\232\232\026\223SW/\351\252\253/\351\252\264\n\000""; }; nodes {;   nodedata: ""\341\035\262xv\226\317f5\366\365\252a\177\355\302\326\t\222~j\320f\374/ \363\256\257\361 \303\001\301\025%1L\307\t\261\262z\374\222T\301\274V\236\223\262\270Ct\362\337b\356\024*\324\320\351\317\002k\336\234\027v\351\217\260\303\360\233ZPZWr\246$w\313\313\r\243r\232\2234\373\3539:N\004;tP\302\307\005x\n\302lQ\275\237<g\321\233$\274p\355\310J\230\370\306\264\314\367C\275\272\006E\344\037@\210\363\010\336T\226\247'\204_{\261\370""1\235\2445\343\033Y!\212\201\341\272\225'\007Z\314\023h\n\020~\036\324P\254\001\274\227n\020\273\023\010\nq\216Z\344\004\3612B\205\257\335\036\013\003""; }; requestCookie: 5; ","ledgerHash: ""\276\230H\305\2714\032l\253n6W\035\354\257.f\r\217\302\203\224\212L\020\S\370\243OP*""; ledgerSeq: 7; type: liBASE; nodes {;   nodedata: ""\000\000\000\007\001cEx]\211\377\342\360\215\2502\265\245\310\226\243c\302Ze\306\253#r\020\211\320iG\276\020E\317\035Sf\223F\254\000\000\000\000\000\000\000\000\000\000\000\000\000\000\000\000\000\000\000\000\000\000\000\000\000\000\000\000\000\000\000\000\302r\207\007\303\237KvzB\356\335\030k\303\312\246:\352\202\037\210\2545\307\004\232\232\026\223SW/\351\252\253/\351\252\264\n\000""; }; nodes {;   nodedata: ""\341\035\262xv\226\317f5\366\365\252a\177\355\302\326\t\222~j\320f\374/ \363\256\257\361 \303\001\301\025%1L\307\t\261\262z\374\222T\301\274V\236\223\262\270Ct\362\337b\356\024*\324\320\351\317\002k\336\234\027v\351\217\260\303\360\233ZPZWr\246$w\313\313\r\243r\232\2234\373\3539:N\004;tP\302\307\005x\n\302lQ\275\237<g\321\233$\274p\355\310J\230\370\306\264\314\367C\275\272\006E\344\037@\210\363\010\336T\226\247'\204_{\261\370""1\235\2445\343\033Y!\212\201\341\272\225'\007Z\314\023h\n\020~\036\324P\254\001\274\227n\020\273\023\010\nq\216Z\344\004\3612B\205\257\335\036\013\003""; }; requestCookie: 5; "
1750527542423,1750527542423,860,1,1,0,TMLedgerData,"ledgerHash: ""\326+\03569g\235`}\354\203s\003\217_Vf \233\324\237yU<\242:Zr\321\340\201]""; ledgerSeq: 7; type: liBASE; nodes {;   nodedata: ""\000\000\000\007\001cEx]\211\377\330\360\215\2502\265\245\310\226\243c\302Ze\306\253#r\020\211\320iG\276\020E\317\035Sf\223F\254\020N |\264\023\251\372`\001\r\225\217P\243\370m\037op\306\025\027\013\002\257\266J\025/\3729\220\014>4\264\253\207\255\233\\356\277\340\345\017\323\341\201\004TK\004\373\204\253\204\240\3155\357\026\353/\351\252\253/\351\252\264\n\000""; }; nodes {;   nodedata: ""\341\035\262xv\226\317f5\366\365\252a\177\355\302\326\t\222~j\320f\374/ \363\256\257\361 \303\001\301\025%1L\307\t\261\262z\374\222T\301\274V\236\223\262\270Ct\362\337b\356\024*\324\320\351\317\002,\377\251Q\263\245*\373\267\332I\261\001\251N\313Su!\333\331\260|\312%\271\263\267\320\313\036\303\004\330\210a4\256y^267\344\320H\t\331\316{n\002q\260\017U_\270\321B\024U\313\2054\006E\344\037@\210\363\010\336T\226\247'\204_{\261\370""1\235\2445\343\033Y!\212\201\341\272\225'\007Z\314\023h\n\020~\036\324P\254\001\274\227n\020\273\023\010\nq\216Z\344\004\3612B\205\257\335\036\013\003""; }; nodes {;   nodedata: ""\233\330\223\352\3012\234}\322\031(\362*;JR3m]\203<\234\204jiO\033\304\322\017\232\202\n\003""; }; ","ledgerHash: ""\326+\03569g\235`}\354\203s\003\217_Vf \233\324\237yU<\242:Zr\321\340\201]""; ledgerSeq: 7; type: liBASE; nodes {;   nodedata: ""\000\000\000\007\001cEx]\211\377\330\360\215\2502\265\245\310\226\243c\302Ze\306\253#r\020\211\320iG\276\020E\317\035Sf\223F\254\020N |\264\023\251\372`\001\r\225\217P\243\370m\037op\306\025\027\013\002\257\266J\025/\3729\220\014>4\264\253\207\255\233\\356\277\340\345\017\323\341\201\004TK\004\373\204\253\204\240\3155\357\026\353/\351\252\253/\351\252\264\n\000""; }; nodes {;   nodedata: ""\341\035\262xv\226\317f5\366\365\252a\177\355\302\326\t\222~j\320f\374/ \363\256\257\361 \303\001\301\025%1L\307\t\261\262z\374\222T\301\274V\236\223\262\270Ct\362\337b\356\024*\324\320\351\317\002,\377\251Q\263\245*\373\267\332I\261\001\251N\313Su!\333\331\260|\312%\271\263\267\320\313\036\303\004\330\210a4\256y^267\344\320H\t\331\316{n\002q\260\017U_\270\321B\024U\313\2054\006E\344\037@\210\363\010\336T\226\247'\204_{\261\370""1\235\2445\343\033Y!\212\201\341\272\225'\007Z\314\023h\n\020~\036\324P\254\001\274\227n\020\273\023\010\nq\216Z\344\004\3612B\205\257\335\036\013\003""; }; nodes {;   nodedata: ""\233\330\223\352\3012\234}\322\031(\362*;JR3m]\203<\234\204jiO\033\304\322\017\232\202\n\003""; }; "
1750527542423,1750527542424,860,1,1,0,TMLedgerData,"ledgerHash: ""\326+\03569g\235`}\354\203s\003\217_Vf \233\324\237yU<\242:Zr\321\340\201]""; ledgerSeq: 7; type: liBASE; nodes {;   nodedata: ""\000\000\000\007\001cEx]\211\377\330\360\215\2502\265\245\310\226\243c\302Ze\306\253#r\020\211\320iG\276\020E\317\035Sf\223F\254\020N |\264\023\251\372`\001\r\225\217P\243\370m\037op\306\025\027\013\002\257\266J\025/\3729\220\014>4\264\253\207\255\233\\356\277\340\345\017\323\341\201\004TK\004\373\204\253\204\240\3155\357\026\353/\351\252\253/\351\252\264\n\000""; }; nodes {;   nodedata: ""\341\035\262xv\226\317f5\366\365\252a\177\355\302\326\t\222~j\320f\374/ \363\256\257\361 \303\001\301\025%1L\307\t\261\262z\374\222T\301\274V\236\223\262\270Ct\362\337b\356\024*\324\320\351\317\002,\377\251Q\263\245*\373\267\332I\261\001\251N\313Su!\333\331\260|\312%\271\263\267\320\313\036\303\004\330\210a4\256y^267\344\320H\t\331\316{n\002q\260\017U_\270\321B\024U\313\2054\006E\344\037@\210\363\010\336T\226\247'\204_{\261\370""1\235\2445\343\033Y!\212\201\341\272\225'\007Z\314\023h\n\020~\036\324P\254\001\274\227n\020\273\023\010\nq\216Z\344\004\3612B\205\257\335\036\013\003""; }; nodes {;   nodedata: ""\233\330\223\352\3012\234}\322\031(\362*;JR3m]\203<\234\204jiO\033\304\322\017\232\202\n\003""; }; ","ledgerHash: ""\326+\03569g\235`}\354\203s\003\217_Vf \233\324\237yU<\242:Zr\321\340\201]""; ledgerSeq: 7; type: liBASE; nodes {;   nodedata: ""\000\000\000\007\001cEx]\211\377\330\360\215\2502\265\245\310\226\243c\302Ze\306\253#r\020\211\320iG\276\020E\317\035Sf\223F\254\020N |\264\023\251\372`\001\r\225\217P\243\370m\037op\306\025\027\013\002\257\266J\025/\3729\220\014>4\264\253\207\255\233\\356\277\340\345\017\323\341\201\004TK\004\373\204\253\204\240\3155\357\026\353/\351\252\253/\351\252\264\n\000""; }; nodes {;   nodedata: ""\341\035\262xv\226\317f5\366\365\252a\177\355\302\326\t\222~j\320f\374/ \363\256\257\361 \303\001\301\025%1L\307\t\261\262z\374\222T\301\274V\236\223\262\270Ct\362\337b\356\024*\324\320\351\317\002,\377\251Q\263\245*\373\267\332I\261\001\251N\313Su!\333\331\260|\312%\271\263\267\320\313\036\303\004\330\210a4\256y^267\344\320H\t\331\316{n\002q\260\017U_\270\321B\024U\313\2054\006E\344\037@\210\363\010\336T\226\247'\204_{\261\370""1\235\2445\343\033Y!\212\201\341\272\225'\007Z\314\023h\n\020~\036\324P\254\001\274\227n\020\273\023\010\nq\216Z\344\004\3612B\205\257\335\036\013\003""; }; nodes {;   nodedata: ""\233\330\223\352\3012\234}\322\031(\362*;JR3m]\203<\234\204jiO\033\304\322\017\232\202\n\003""; }; "
1750527542428,1750527542428,2101,1,4,1,TMGetLedger,"itype: liBASE; ledgerHash: ""\326+\03569g\235`}\354\203s\003\217_Vf \233\324\237yU<\242:Zr\321\340\201]""; requestCookie: 1; queryType: qtINDIRECT; ","itype: liBASE; ledgerHash: ""\326+\03569g\235`}\354\203s\003\217_Vf \233\324\237yU<\242:Zr\321\340\201]""; requestCookie: 1; queryType: qtINDIRECT; "
1750527542438,1750527542438,1497,1,0,3,TMLedgerData,"ledgerHash: ""\276\230H\305\2714\032l\253n6W\035\354\257.f\r\217\302\203\224\212L\020\S\370\243OP*""; ledgerSeq: 7; type: liBASE; nodes {;   nodedata: ""\000\000\000\007\001cEx]\211\377\342\360\215\2502\265\245\310\226\243c\302Ze\306\253#r\020\211\320iG\276\020E\317\035Sf\223F\254\000\000\000\000\000\000\000\000\000\000\000\000\000\000\000\000\000\000\000\000\000\000\000\000\000\000\000\000\000\000\000\000\302r\207\007\303\237KvzB\356\335\030k\303\312\246:\352\202\037\210\2545\307\004\232\232\026\223SW/\351\252\253/\351\252\264\n\000""; }; nodes {;   nodedata: ""\341\035\262xv\226\317f5\366\365\252a\177\355\302\326\t\222~j\320f\374/ \363\256\257\361 \303\001\301\025%1L\307\t\261\262z\374\222T\301\274V\236\223\262\270Ct\362\337b\356\024*\324\320\351\317\002k\336\234\027v\351\217\260\303\360\233ZPZWr\246$w\313\313\r\243r\232\2234\373\3539:N\004;tP\302\307\005x\n\302lQ\275\237<g\321\233$\274p\355\310J\230\370\306\264\314\367C\275\272\006E\344\037@\210\363\010\336T\226\247'\204_{\261\370""1\235\2445\343\033Y!\212\201\341\272\225'\007Z\314\023h\n\020~\036\324P\254\001\274\227n\020\273\023\010\nq\216Z\344\004\3612B\205\257\335\036\013\003""; }; ","ledgerHash: ""\276\230H\305\2714\032l\253n6W\035\354\257.f\r\217\302\203\224\212L\020\S\370\243OP*""; ledgerSeq: 7; type: liBASE; nodes {;   nodedata: ""\000\000\000\007\001cEx]\211\377\342\360\215\2502\265\245\310\226\243c\302Ze\306\253#r\020\211\320iG\276\020E\317\035Sf\223F\254\000\000\000\000\000\000\000\000\000\000\000\000\000\000\000\000\000\000\000\000\000\000\000\000\000\000\000\000\000\000\000\000\302r\207\007\303\237KvzB\356\335\030k\303\312\246:\352\202\037\210\2545\307\004\232\232\026\223SW/\351\252\253/\351\252\264\n\000""; }; nodes {;   nodedata: ""\341\035\262xv\226\317f5\366\365\252a\177\355\302\326\t\222~j\320f\374/ \363\256\257\361 \303\001\301\025%1L\307\t\261\262z\374\222T\301\274V\236\223\262\270Ct\362\337b\356\024*\324\320\351\317\002k\336\234\027v\351\217\260\303\360\233ZPZWr\246$w\313\313\r\243r\232\2234\373\3539:N\004;tP\302\307\005x\n\302lQ\275\237<g\321\233$\274p\355\310J\230\370\306\264\314\367C\275\272\006E\344\037@\210\363\010\336T\226\247'\204_{\261\370""1\235\2445\343\033Y!\212\201\341\272\225'\007Z\314\023h\n\020~\036\324P\254\001\274\227n\020\273\023\010\nq\216Z\344\004\3612B\205\257\335\036\013\003""; }; "
1750527542439,1750527542439,860,1,1,0,TMLedgerData,"ledgerHash: ""\341\310\354\0213\033\013\350\207z\236R(|z&\034\335\266\323\356\205\273DV\210\254\213T\rZ\347""; ledgerSeq: 0; type: liTS_CANDIDATE; nodes {;   nodedata: ""\256\322m\2146\221\305\341\316\031h?\276\005\207\253\236\tL;\371W\315\233X\345O\203\332\240\005\360\n\003"";   nodeid: ""\000\000\000\000\000\000\000\000\000\000\000\000\000\000\000\000\000\000\000\000\000\000\000\000\000\000\000\000\000\000\000\000\000""; }; requestCookie: 5; ","ledgerHash: ""\341\310\354\0213\033\013\350\207z\236R(|z&\034\335\266\323\356\205\273DV\210\254\213T\rZ\347""; ledgerSeq: 0; type: liTS_CANDIDATE; nodes {;   nodedata: ""\256\322m\2146\221\305\341\316\031h?\276\005\207\253\236\tL;\371W\315\233X\345O\203\332\240\005\360\n\003"";   nodeid: ""\000\000\000\000\000\000\000\000\000\000\000\000\000\000\000\000\000\000\000\000\000\000\000\000\000\000\000\000\000\000\000\000\000""; }; requestCookie: 5; "
1750527542454,1750527542455,1769,1,2,1,TMLedgerData,"ledgerHash: ""\276\230H\305\2714\032l\253n6W\035\354\257.f\r\217\302\203\224\212L\020\S\370\243OP*""; ledgerSeq: 7; type: liBASE; nodes {;   nodedata: ""\000\000\000\007\001cEx]\211\377\342\360\215\2502\265\245\310\226\243c\302Ze\306\253#r\020\211\320iG\276\020E\317\035Sf\223F\254\000\000\000\000\000\000\000\000\000\000\000\000\000\000\000\000\000\000\000\000\000\000\000\000\000\000\000\000\000\000\000\000\302r\207\007\303\237KvzB\356\335\030k\303\312\246:\352\202\037\210\2545\307\004\232\232\026\223SW/\351\252\253/\351\252\264\n\000""; }; nodes {;   nodedata: ""\341\035\262xv\226\317f5\366\365\252a\177\355\302\326\t\222~j\320f\374/ \363\256\257\361 \303\001\301\025%1L\307\t\261\262z\374\222T\301\274V\236\223\262\270Ct\362\337b\356\024*\324\320\351\317\002k\336\234\027v\351\217\260\303\360\233ZPZWr\246$w\313\313\r\243r\232\2234\373\3539:N\004;tP\302\307\005x\n\302lQ\275\237<g\321\233$\274p\355\310J\230\370\306\264\314\367C\275\272\006E\344\037@\210\363\010\336T\226\247'\204_{\261\370""1\235\2445\343\033Y!\212\201\341\272\225'\007Z\314\023h\n\020~\036\324P\254\001\274\227n\020\273\023\010\nq\216Z\344\004\3612B\205\257\335\036\013\003""; }; ","ledgerHash: ""\276\230H\305\2714\032l\253n6W\035\354\257.f\r\217\302\203\224\212L\020\S\370\243OP*""; ledgerSeq: 7; type: liBASE; nodes {;   nodedata: ""\000\000\000\007\001cEx]\211\377\342\360\215\2502\265\245\310\226\243c\302Ze\306\253#r\020\211\320iG\276\020E\317\035Sf\223F\254\000\000\000\000\000\000\000\000\000\000\000\000\000\000\000\000\000\000\000\000\000\000\000\000\000\000\000\000\000\000\000\000\302r\207\007\303\237KvzB\356\335\030k\303\312\246:\352\202\037\210\2545\307\004\232\232\026\223SW/\351\252\253/\351\252\264\n\000""; }; nodes {;   nodedata: ""\341\035\262xv\226\317f5\366\365\252a\177\355\302\326\t\222~j\320f\374/ \363\256\257\361 \303\001\301\025%1L\307\t\261\262z\374\222T\301\274V\236\223\262\270Ct\362\337b\356\024*\324\320\351\317\002k\336\234\027v\351\217\260\303\360\233ZPZWr\246$w\313\313\r\243r\232\2234\373\3539:N\004;tP\302\307\005x\n\302lQ\275\237<g\321\233$\274p\355\310J\230\370\306\264\314\367C\275\272\006E\344\037@\210\363\010\336T\226\247'\204_{\261\370""1\235\2445\343\033Y!\212\201\341\272\225'\007Z\314\023h\n\020~\036\324P\254\001\274\227n\020\273\023\010\nq\216Z\344\004\3612B\205\257\335\036\013\003""; }; "
1750527542457,1750527542457,1813,1,3,1,TMLedgerData,"ledgerHash: ""\033@\177e\277\016\010u\327\371&\262\312\317Q\2361t\377x\234\001v\003%\030\325_\225g\204\346""; ledgerSeq: 7; type: liBASE; nodes {;   nodedata: ""\000\000\000\007\001cEx]\211\377\330\360\215\2502\265\245\310\226\243c\302Ze\306\253#r\020\211\320iG\276\020E\317\035Sf\223F\254\002\370\316\212^2r\204\377\207q\251\315\325\027st\315\275D\367""\312l\350\374\304zy\305\007\340\030\220\357M\025\212p\\332\356\317\346Z\350r\255\236\025^\210\375\243\353\025X\213xq\220$\254,/\351\252\253/\351\252\264\n\000""; }; nodes {;   nodedata: ""\323C\344\327\264{\312-\017:\006{\177\344N\002\326bO\260\220\006\033\362\345\005U\221DzJ0\001\301\025%1L\307\t\261\262z\374\222T\301\274V\236\223\262\270Ct\362\337b\356\024*\324\320\351\317\002k\336\234\027v\351\217\260\303\360\233ZPZWr\246$w\313\313\r\243r\232\2234\373\3539:N\004Q\245\272D\312D\300\300\t\323\0257\345e\271\na\215{\226\255x%T\257\037\333\004\344_/R\006E\344\037@\210\363\010\336T\226\247'\204_{\261\370""1\235\2445\343\033Y!\212\201\341\272\225'\007Z\314\023h\n\020~\036\324P\254\001\274\227n\020\273\023\010\nq\216Z\344\004\3612B\205\257\335\036\013\003""; }; nodes {;   nodedata: ""o\324D\221#\020\205W\305\353\227hj\364\005l\234.@%-\272\034\327\352\rf\2573\006\026\236\004\003""; }; ","ledgerHash: ""\033@\177e\277\016\010u\327\371&\262\312\317Q\2361t\377x\234\001v\003%\030\325_\225g\204\346""; ledgerSeq: 7; type: liBASE; nodes {;   nodedata: ""\000\000\000\007\001cEx]\211\377\330\360\215\2502\265\245\310\226\243c\302Ze\306\253#r\020\211\320iG\276\020E\317\035Sf\223F\254\002\370\316\212^2r\204\377\207q\251\315\325\027st\315\275D\367""\312l\350\374\304zy\305\007\340\030\220\357M\025\212p\\332\356\317\346Z\350r\255\236\025^\210\375\243\353\025X\213xq\220$\254,/\351\252\253/\351\252\264\n\000""; }; nodes {;   nodedata: ""\323C\344\327\264{\312-\017:\006{\177\344N\002\326bO\260\220\006\033\362\345\005U\221DzJ0\001\301\025%1L\307\t\261\262z\374\222T\301\274V\236\223\262\270Ct\362\337b\356\024*\324\320\351\317\002k\336\234\027v\351\217\260\303\360\233ZPZWr\246$w\313\313\r\243r\232\2234\373\3539:N\004Q\245\272D\312D\300\300\t\323\0257\345e\271\na\215{\226\255x%T\257\037\333\004\344_/R\006E\344\037@\210\363\010\336T\226\247'\204_{\261\370""1\235\2445\343\033Y!\212\201\341\272\225'\007Z\314\023h\n\020~\036\324P\254\001\274\227n\020\273\023\010\nq\216Z\344\004\3612B\205\257\335\036\013\003""; }; nodes {;   nodedata: ""o\324D\221#\020\205W\305\353\227hj\364\005l\234.@%-\272\034\327\352\rf\2573\006\026\236\004\003""; }; "
1750527542457,1750527542458,1813,1,3,1,TMLedgerData,"ledgerHash: ""\033@\177e\277\016\010u\327\371&\262\312\317Q\2361t\377x\234\001v\003%\030\325_\225g\204\346""; ledgerSeq: 7; type: liBASE; nodes {;   nodedata: ""\000\000\000\007\001cEx]\211\377\330\360\215\2502\265\245\310\226\243c\302Ze\306\253#r\020\211\320iG\276\020E\317\035Sf\223F\254\002\370\316\212^2r\204\377\207q\251\315\325\027st\315\275D\367""\312l\350\374\304zy\305\007\340\030\220\357M\025\212p\\332\356\317\346Z\350r\255\236\025^\210\375\243\353\025X\213xq\220$\254,/\351\252\253/\351\252\264\n\000""; }; nodes {;   nodedata: ""\323C\344\327\264{\312-\017:\006{\177\344N\002\326bO\260\220\006\033\362\345\005U\221DzJ0\001\301\025%1L\307\t\261\262z\374\222T\301\274V\236\223\262\270Ct\362\337b\356\024*\324\320\351\317\002k\336\234\027v\351\217\260\303\360\233ZPZWr\246$w\313\313\r\243r\232\2234\373\3539:N\004Q\245\272D\312D\300\300\t\323\0257\345e\271\na\215{\226\255x%T\257\037\333\004\344_/R\006E\344\037@\210\363\010\336T\226\247'\204_{\261\370""1\235\2445\343\033Y!\212\201\341\272\225'\007Z\314\023h\n\020~\036\324P\254\001\274\227n\020\273\023\010\nq\216Z\344\004\3612B\205\257\335\036\013\003""; }; nodes {;   nodedata: ""o\324D\221#\020\205W\305\353\227hj\364\005l\234.@%-\272\034\327\352\rf\2573\006\026\236\004\003""; }; ","ledgerHash: ""\033@\177e\277\016\010u\327\371&\262\312\317Q\2361t\377x\234\001v\003%\030\325_\225g\204\346""; ledgerSeq: 7; type: liBASE; nodes {;   nodedata: ""\000\000\000\007\001cEx]\211\377\330\360\215\2502\265\245\310\226\243c\302Ze\306\253#r\020\211\320iG\276\020E\317\035Sf\223F\254\002\370\316\212^2r\204\377\207q\251\315\325\027st\315\275D\367""\312l\350\374\304zy\305\007\340\030\220\357M\025\212p\\332\356\317\346Z\350r\255\236\025^\210\375\243\353\025X\213xq\220$\254,/\351\252\253/\351\252\264\n\000""; }; nodes {;   nodedata: ""\323C\344\327\264{\312-\017:\006{\177\344N\002\326bO\260\220\006\033\362\345\005U\221DzJ0\001\301\025%1L\307\t\261\262z\374\222T\301\274V\236\223\262\270Ct\362\337b\356\024*\324\320\351\317\002k\336\234\027v\351\217\260\303\360\233ZPZWr\246$w\313\313\r\243r\232\2234\373\3539:N\004Q\245\272D\312D\300\300\t\323\0257\345e\271\na\215{\226\255x%T\257\037\333\004\344_/R\006E\344\037@\210\363\010\336T\226\247'\204_{\261\370""1\235\2445\343\033Y!\212\201\341\272\225'\007Z\314\023h\n\020~\036\324P\254\001\274\227n\020\273\023\010\nq\216Z\344\004\3612B\205\257\335\036\013\003""; }; nodes {;   nodedata: ""o\324D\221#\020\205W\305\353\227hj\364\005l\234.@%-\272\034\327\352\rf\2573\006\026\236\004\003""; }; "
1750527542459,1750527542459,3085,1,3,0,TMLedgerData,"ledgerHash: ""\363\262\310\025\251\261\276X\247\260J\221\345\357\037\231)|\321K\000\\326E\004\377\005\255""A?\250""; ledgerSeq: 0; type: liTS_CANDIDATE; nodes {;   nodedata: ""MJ\275'\324\005\036\313\204nW\300\362\327\016\205\236\021\351Q6\021\355\301\372\322\276g\026\243\361M\004\003"";   nodeid: ""\000\000\000\000\000\000\000\000\000\000\000\000\000\000\000\000\000\000\000\000\000\000\000\000\000\000\000\000\000\000\000\000\000""; }; ","ledgerHash: ""\363\262\310\025\251\261\276X\247\260J\221\345\357\037\231)|\321K\000\\326E\004\377\005\255""A?\250""; ledgerSeq: 0; type: liTS_CANDIDATE; nodes {;   nodedata: ""MJ\275'\324\005\036\313\204nW\300\362\327\016\205\236\021\351Q6\021\355\301\372\322\276g\026\243\361M\004\003"";   nodeid: ""\000\000\000\000\000\000\000\000\000\000\000\000\000\000\000\000\000\000\000\000\000\000\000\000\000\000\000\000\000\000\000\000\000""; }; "
1750527542483,1750527542483,1019,1,3,4,TMGetLedger,"itype: liTS_CANDIDATE; ledgerHash: ""\341\310\354\0213\033\013\350\207z\236R(|z&\034\335\266\323\356\205\273DV\210\254\213T\rZ\347""; nodeIDs: ""\000\000\000\000\000\000\000\000\000\000\000\000\000\000\000\000\000\000\000\000\000\000\000\000\000\000\000\000\000\000\000\000\000""; requestCookie: 2; queryType: qtINDIRECT; queryDepth: 3; ","itype: liTS_CANDIDATE; ledgerHash: ""\341\310\354\0213\033\013\350\207z\236R(|z&\034\335\266\323\356\205\273DV\210\254\213T\rZ\347""; nodeIDs: ""\000\000\000\000\000\000\000\000\000\000\000\000\000\000\000\000\000\000\000\000\000\000\000\000\000\000\000\000\000\000\000\000\000""; requestCookie: 2; queryType: qtINDIRECT; queryDepth: 3; "
1750527542490,1750527542490,3769,1,1,3,TMGetLedger,"itype: liTS_CANDIDATE; ledgerHash: ""\363\262\310\025\251\261\276X\247\260J\221\345\357\037\231)|\321K\000\\326E\004\377\005\255""A?\250""; nodeIDs: ""\000\000\000\000\000\000\000\000\000\000\000\000\000\000\000\000\000\000\000\000\000\000\000\000\000\000\000\000\000\000\000\000\000""; requestCookie: 2; queryType: qtINDIRECT; queryDepth: 3; ","itype: liTS_CANDIDATE; ledgerHash: ""\363\262\310\025\251\261\276X\247\260J\221\345\357\037\231)|\321K\000\\326E\004\377\005\255""A?\250""; nodeIDs: ""\000\000\000\000\000\000\000\000\000\000\000\000\000\000\000\000\000\000\000\000\000\000\000\000\000\000\000\000\000\000\000\000\000""; requestCookie: 2; queryType: qtINDIRECT; queryDepth: 3; "
1750527542497,1750527542497,1144,1,4,1,TMLedgerData,"ledgerHash: ""\033@\177e\277\016\010u\327\371&\262\312\317Q\2361t\377x\234\001v\003%\030\325_\225g\204\346""; ledgerSeq: 7; type: liBASE; nodes {;   nodedata: ""\000\000\000\007\001cEx]\211\377\330\360\215\2502\265\245\310\226\243c\302Ze\306\253#r\020\211\320iG\276\020E\317\035Sf\223F\254\002\370\316\212^2r\204\377\207q\251\315\325\027st\315\275D\367""\312l\350\374\304zy\305\007\340\030\220\357M\025\212p\\332\356\317\346Z\350r\255\236\025^\210\375\243\353\025X\213xq\220$\254,/\351\252\253/\351\252\264\n\000""; }; nodes {;   nodedata: ""\323C\344\327\264{\312-\017:\006{\177\344N\002\326bO\260\220\006\033\362\345\005U\221DzJ0\001\301\025%1L\307\t\261\262z\374\222T\301\274V\236\223\262\270Ct\362\337b\356\024*\324\320\351\317\002k\336\234\027v\351\217\260\303\360\233ZPZWr\246$w\313\313\r\243r\232\2234\373\3539:N\004Q\245\272D\312D\300\300\t\323\0257\345e\271\na\215{\226\255x%T\257\037\333\004\344_/R\006E\344\037@\210\363\010\336T\226\247'\204_{\261\370""1\235\2445\343\033Y!\212\201\341\272\225'\007Z\314\023h\n\020~\036\324P\254\001\274\227n\020\273\023\010\nq\216Z\344\004\3612B\205\257\335\036\013\003""; }; nodes {;   nodedata: ""o\324D\221#\020\205W\305\353\227hj\364\005l\234.@%-\272\034\327\352\rf\2573\006\026\236\004\003""; }; ","ledgerHash: ""\033@\177e\277\016\010u\327\371&\262\312\317Q\2361t\377x\234\001v\003%\030\325_\225g\204\346""; ledgerSeq: 7; type: liBASE; nodes {;   nodedata: ""\000\000\000\007\001cEx]\211\377\330\360\215\2502\265\245\310\226\243c\302Ze\306\253#r\020\211\320iG\276\020E\317\035Sf\223F\254\002\370\316\212^2r\204\377\207q\251\315\325\027st\315\275D\367""\312l\350\374\304zy\305\007\340\030\220\357M\025\212p\\332\356\317\346Z\350r\255\236\025^\210\375\243\353\025X\213xq\220$\254,/\351\252\253/\351\252\264\n\000""; }; nodes {;   nodedata: ""\323C\344\327\264{\312-\017:\006{\177\344N\002\326bO\260\220\006\033\362\345\005U\221DzJ0\001\301\025%1L\307\t\261\262z\374\222T\301\274V\236\223\262\270Ct\362\337b\356\024*\324\320\351\317\002k\336\234\027v\351\217\260\303\360\233ZPZWr\246$w\313\313\r\243r\232\2234\373\3539:N\004Q\245\272D\312D\300\300\t\323\0257\345e\271\na\215{\226\255x%T\257\037\333\004\344_/R\006E\344\037@\210\363\010\336T\226\247'\204_{\261\370""1\235\2445\343\033Y!\212\201\341\272\225'\007Z\314\023h\n\020~\036\324P\254\001\274\227n\020\273\023\010\nq\216Z\344\004\3612B\205\257\335\036\013\003""; }; nodes {;   nodedata: ""o\324D\221#\020\205W\305\353\227hj\364\005l\234.@%-\272\034\327\352\rf\2573\006\026\236\004\003""; }; "
1750527542498,1750527542499,1144,1,4,1,TMLedgerData,"ledgerHash: ""\033@\177e\277\016\010u\327\371&\262\312\317Q\2361t\377x\234\001v\003%\030\325_\225g\204\346""; ledgerSeq: 7; type: liBASE; nodes {;   nodedata: ""\000\000\000\007\001cEx]\211\377\330\360\215\2502\265\245\310\226\243c\302Ze\306\253#r\020\211\320iG\276\020E\317\035Sf\223F\254\002\370\316\212^2r\204\377\207q\251\315\325\027st\315\275D\367""\312l\350\374\304zy\305\007\340\030\220\357M\025\212p\\332\356\317\346Z\350r\255\236\025^\210\375\243\353\025X\213xq\220$\254,/\351\252\253/\351\252\264\n\000""; }; nodes {;   nodedata: ""\323C\344\327\264{\312-\017:\006{\177\344N\002\326bO\260\220\006\033\362\345\005U\221DzJ0\001\301\025%1L\307\t\261\262z\374\222T\301\274V\236\223\262\270Ct\362\337b\356\024*\324\320\351\317\002k\336\234\027v\351\217\260\303\360\233ZPZWr\246$w\313\313\r\243r\232\2234\373\3539:N\004Q\245\272D\312D\300\300\t\323\0257\345e\271\na\215{\226\255x%T\257\037\333\004\344_/R\006E\344\037@\210\363\010\336T\226\247'\204_{\261\370""1\235\2445\343\033Y!\212\201\341\272\225'\007Z\314\023h\n\020~\036\324P\254\001\274\227n\020\273\023\010\nq\216Z\344\004\3612B\205\257\335\036\013\003""; }; nodes {;   nodedata: ""o\324D\221#\020\205W\305\353\227hj\364\005l\234.@%-\272\034\327\352\rf\2573\006\026\236\004\003""; }; ","ledgerHash: ""\033@\177e\277\016\010u\327\371&\262\312\317Q\2361t\377x\234\001v\003%\030\325_\225g\204\346""; ledgerSeq: 7; type: liBASE; nodes {;   nodedata: ""\000\000\000\007\001cEx]\211\377\330\360\215\2502\265\245\310\226\243c\302Ze\306\253#r\020\211\320iG\276\020E\317\035Sf\223F\254\002\370\316\212^2r\204\377\207q\251\315\325\027st\315\275D\367""\312l\350\374\304zy\305\007\340\030\220\357M\025\212p\\332\356\317\346Z\350r\255\236\025^\210\375\243\353\025X\213xq\220$\254,/\351\252\253/\351\252\264\n\000""; }; nodes {;   nodedata: ""\323C\344\327\264{\312-\017:\006{\177\344N\002\326bO\260\220\006\033\362\345\005U\221DzJ0\001\301\025%1L\307\t\261\262z\374\222T\301\274V\236\223\262\270Ct\362\337b\356\024*\324\320\351\317\002k\336\234\027v\351\217\260\303\360\233ZPZWr\246$w\313\313\r\243r\232\2234\373\3539:N\004Q\245\272D\312D\300\300\t\323\0257\345e\271\na\215{\226\255x%T\257\037\333\004\344_/R\006E\344\037@\210\363\010\336T\226\247'\204_{\261\370""1\235\2445\343\033Y!\212\201\341\272\225'\007Z\314\023h\n\020~\036\324P\254\001\274\227n\020\273\023\010\nq\216Z\344\004\3612B\205\257\335\036\013\003""; }; nodes {;   nodedata: ""o\324D\221#\020\205W\305\353\227hj\364\005l\234.@%-\272\034\327\352\rf\2573\006\026\236\004\003""; }; "
1750527542500,1750527542500,3375,1,0,1,TMGetLedger,"itype: liTS_CANDIDATE; ledgerHash: ""\356\316\306(\314\366\340SA\320e\361\337A\350+\342\334{eBV\360\354\225)\263\237~v\236}""; nodeIDs: ""\000\000\000\000\000\000\000\000\000\000\000\000\000\000\000\000\000\000\000\000\000\000\000\000\000\000\000\000\000\000\000\000\000""; queryType: qtINDIRECT; queryDepth: 3; ","itype: liTS_CANDIDATE; ledgerHash: ""\356\316\306(\314\366\340SA\320e\361\337A\350+\342\334{eBV\360\354\225)\263\237~v\236}""; nodeIDs: ""\000\000\000\000\000\000\000\000\000\000\000\000\000\000\000\000\000\000\000\000\000\000\000\000\000\000\000\000\000\000\000\000\000""; queryType: qtINDIRECT; queryDepth: 3; "
1750527542501,1750527542501,1199,1,0,2,TMGetLedger,"itype: liTS_CANDIDATE; ledgerHash: ""\356\316\306(\314\366\340SA\320e\361\337A\350+\342\334{eBV\360\354\225)\263\237~v\236}""; nodeIDs: ""\000\000\000\000\000\000\000\000\000\000\000\000\000\000\000\000\000\000\000\000\000\000\000\000\000\000\000\000\000\000\000\000\000""; queryType: qtINDIRECT; queryDepth: 3; ","itype: liTS_CANDIDATE; ledgerHash: ""\356\316\306(\314\366\340SA\320e\361\337A\350+\342\334{eBV\360\354\225)\263\237~v\236}""; nodeIDs: ""\000\000\000\000\000\000\000\000\000\000\000\000\000\000\000\000\000\000\000\000\000\000\000\000\000\000\000\000\000\000\000\000\000""; queryType: qtINDIRECT; queryDepth: 3; "
1750527542501,1750527542502,380,1,0,4,TMGetLedger,"itype: liTS_CANDIDATE; ledgerHash: ""\356\316\306(\314\366\340SA\320e\361\337A\350+\342\334{eBV\360\354\225)\263\237~v\236}""; nodeIDs: ""\000\000\000\000\000\000\000\000\000\000\000\000\000\000\000\000\000\000\000\000\000\000\000\000\000\000\000\000\000\000\000\000\000""; queryType: qtINDIRECT; queryDepth: 3; ","itype: liTS_CANDIDATE; ledgerHash: ""\356\316\306(\314\366\340SA\320e\361\337A\350+\342\334{eBV\360\354\225)\263\237~v\236}""; nodeIDs: ""\000\000\000\000\000\000\000\000\000\000\000\000\000\000\000\000\000\000\000\000\000\000\000\000\000\000\000\000\000\000\000\000\000""; queryType: qtINDIRECT; queryDepth: 3; "
1750527542501,1750527542501,3094,1,0,3,TMGetLedger,"itype: liTS_CANDIDATE; ledgerHash: ""\356\316\306(\314\366\340SA\320e\361\337A\350+\342\334{eBV\360\354\225)\263\237~v\236}""; nodeIDs: ""\000\000\000\000\000\000\000\000\000\000\000\000\000\000\000\000\000\000\000\000\000\000\000\000\000\000\000\000\000\000\000\000\000""; queryType: qtINDIRECT; queryDepth: 3; ","itype: liTS_CANDIDATE; ledgerHash: ""\356\316\306(\314\366\340SA\320e\361\337A\350+\342\334{eBV\360\354\225)\263\237~v\236}""; nodeIDs: ""\000\000\000\000\000\000\000\000\000\000\000\000\000\000\000\000\000\000\000\000\000\000\000\000\000\000\000\000\000\000\000\000\000""; queryType: qtINDIRECT; queryDepth: 3; "
1750527542509,1750527542509,860,1,1,0,TMLedgerData,"ledgerHash: ""\341\310\354\0213\033\013\350\207z\236R(|z&\034\335\266\323\356\205\273DV\210\254\213T\rZ\347""; ledgerSeq: 0; type: liTS_CANDIDATE; nodes {;   nodedata: ""\256\322m\2146\221\305\341\316\031h?\276\005\207\253\236\tL;\371W\315\233X\345O\203\332\240\005\360\n\003"";   nodeid: ""\000\000\000\000\000\000\000\000\000\000\000\000\000\000\000\000\000\000\000\000\000\000\000\000\000\000\000\000\000\000\000\000\000""; }; requestCookie: 3; ","ledgerHash: ""\341\310\354\0213\033\013\350\207z\236R(|z&\034\335\266\323\356\205\273DV\210\254\213T\rZ\347""; ledgerSeq: 0; type: liTS_CANDIDATE; nodes {;   nodedata: ""\256\322m\2146\221\305\341\316\031h?\276\005\207\253\236\tL;\371W\315\233X\345O\203\332\240\005\360\n\003"";   nodeid: ""\000\000\000\000\000\000\000\000\000\000\000\000\000\000\000\000\000\000\000\000\000\000\000\000\000\000\000\000\000\000\000\000\000""; }; requestCookie: 3; "
1750527542511,1750527542511,860,1,1,0,TMLedgerData,"ledgerHash: ""\341\310\354\0213\033\013\350\207z\236R(|z&\034\335\266\323\356\205\273DV\210\254\213T\rZ\347""; ledgerSeq: 0; type: liTS_CANDIDATE; nodes {;   nodedata: ""\256\322m\2146\221\305\341\316\031h?\276\005\207\253\236\tL;\371W\315\233X\345O\203\332\240\005\360\n\003"";   nodeid: ""\000\000\000\000\000\000\000\000\000\000\000\000\000\000\000\000\000\000\000\000\000\000\000\000\000\000\000\000\000\000\000\000\000""; }; requestCookie: 4; ","ledgerHash: ""\341\310\354\0213\033\013\350\207z\236R(|z&\034\335\266\323\356\205\273DV\210\254\213T\rZ\347""; ledgerSeq: 0; type: liTS_CANDIDATE; nodes {;   nodedata: ""\256\322m\2146\221\305\341\316\031h?\276\005\207\253\236\tL;\371W\315\233X\345O\203\332\240\005\360\n\003"";   nodeid: ""\000\000\000\000\000\000\000\000\000\000\000\000\000\000\000\000\000\000\000\000\000\000\000\000\000\000\000\000\000\000\000\000\000""; }; requestCookie: 4; "
1750527542511,1750527542511,1539,1,4,2,TMLedgerData,"ledgerHash: ""\341\310\354\0213\033\013\350\207z\236R(|z&\034\335\266\323\356\205\273DV\210\254\213T\rZ\347""; ledgerSeq: 0; type: liTS_CANDIDATE; nodes {;   nodedata: ""\256\322m\2146\221\305\341\316\031h?\276\005\207\253\236\tL;\371W\315\233X\345O\203\332\240\005\360\n\003"";   nodeid: ""\000\000\000\000\000\000\000\000\000\000\000\000\000\000\000\000\000\000\000\000\000\000\000\000\000\000\000\000\000\000\000\000\000""; }; ","ledgerHash: ""\341\310\354\0213\033\013\350\207z\236R(|z&\034\335\266\323\356\205\273DV\210\254\213T\rZ\347""; ledgerSeq: 0; type: liTS_CANDIDATE; nodes {;   nodedata: ""\256\322m\2146\221\305\341\316\031h?\276\005\207\253\236\tL;\371W\315\233X\345O\203\332\240\005\360\n\003"";   nodeid: ""\000\000\000\000\000\000\000\000\000\000\000\000\000\000\000\000\000\000\000\000\000\000\000\000\000\000\000\000\000\000\000\000\000""; }; "
1750527542522,1750527542522,3578,1,1,3,TMLedgerData,"ledgerHash: ""\341\310\354\0213\033\013\350\207z\236R(|z&\034\335\266\323\356\205\273DV\210\254\213T\rZ\347""; ledgerSeq: 0; type: liTS_CANDIDATE; nodes {;   nodedata: ""\256\322m\2146\221\305\341\316\031h?\276\005\207\253\236\tL;\371W\315\233X\345O\203\332\240\005\360\n\003"";   nodeid: ""\000\000\000\000\000\000\000\000\000\000\000\000\000\000\000\000\000\000\000\000\000\000\000\000\000\000\000\000\000\000\000\000\000""; }; requestCookie: 5; ","ledgerHash: ""\341\310\354\0213\033\013\350\207z\236R(|z&\034\335\266\323\356\205\273DV\210\254\213T\rZ\347""; ledgerSeq: 0; type: liTS_CANDIDATE; nodes {;   nodedata: ""\256\322m\2146\221\305\341\316\031h?\276\005\207\253\236\tL;\371W\315\233X\345O\203\332\240\005\360\n\003"";   nodeid: ""\000\000\000\000\000\000\000\000\000\000\000\000\000\000\000\000\000\000\000\000\000\000\000\000\000\000\000\000\000\000\000\000\000""; }; requestCookie: 5; "
1750527542525,1750527542525,2764,1,4,3,TMLedgerData,"ledgerHash: ""\341\310\354\0213\033\013\350\207z\236R(|z&\034\335\266\323\356\205\273DV\210\254\213T\rZ\347""; ledgerSeq: 0; type: liTS_CANDIDATE; nodes {;   nodedata: ""\256\322m\2146\221\305\341\316\031h?\276\005\207\253\236\tL;\371W\315\233X\345O\203\332\240\005\360\n\003"";   nodeid: ""\000\000\000\000\000\000\000\000\000\000\000\000\000\000\000\000\000\000\000\000\000\000\000\000\000\000\000\000\000\000\000\000\000""; }; ","ledgerHash: ""\341\310\354\0213\033\013\350\207z\236R(|z&\034\335\266\323\356\205\273DV\210\254\213T\rZ\347""; ledgerSeq: 0; type: liTS_CANDIDATE; nodes {;   nodedata: ""\256\322m\2146\221\305\341\316\031h?\276\005\207\253\236\tL;\371W\315\233X\345O\203\332\240\005\360\n\003"";   nodeid: ""\000\000\000\000\000\000\000\000\000\000\000\000\000\000\000\000\000\000\000\000\000\000\000\000\000\000\000\000\000\000\000\000\000""; }; "
1750527542543,1750527542543,2079,1,3,1,TMGetLedger,"itype: liTS_CANDIDATE; ledgerHash: ""\341\310\354\0213\033\013\350\207z\236R(|z&\034\335\266\323\356\205\273DV\210\254\213T\rZ\347""; nodeIDs: ""\000\000\000\000\000\000\000\000\000\000\000\000\000\000\000\000\000\000\000\000\000\000\000\000\000\000\000\000\000\000\000\000\000""; requestCookie: 4; queryType: qtINDIRECT; queryDepth: 3; ","itype: liTS_CANDIDATE; ledgerHash: ""\341\310\354\0213\033\013\350\207z\236R(|z&\034\335\266\323\356\205\273DV\210\254\213T\rZ\347""; nodeIDs: ""\000\000\000\000\000\000\000\000\000\000\000\000\000\000\000\000\000\000\000\000\000\000\000\000\000\000\000\000\000\000\000\000\000""; requestCookie: 4; queryType: qtINDIRECT; queryDepth: 3; "
1750527542548,1750527542548,1665,1,2,3,TMLedgerData,"ledgerHash: ""\341\310\354\0213\033\013\350\207z\236R(|z&\034\335\266\323\356\205\273DV\210\254\213T\rZ\347""; ledgerSeq: 0; type: liTS_CANDIDATE; nodes {;   nodedata: ""\256\322m\2146\221\305\341\316\031h?\276\005\207\253\236\tL;\371W\315\233X\345O\203\332\240\005\360\n\003"";   nodeid: ""\000\000\000\000\000\000\000\000\000\000\000\000\000\000\000\000\000\000\000\000\000\000\000\000\000\000\000\000\000\000\000\000\000""; }; ","ledgerHash: ""\341\310\354\0213\033\013\350\207z\236R(|z&\034\335\266\323\356\205\273DV\210\254\213T\rZ\347""; ledgerSeq: 0; type: liTS_CANDIDATE; nodes {;   nodedata: ""\256\322m\2146\221\305\341\316\031h?\276\005\207\253\236\tL;\371W\315\233X\345O\203\332\240\005\360\n\003"";   nodeid: ""\000\000\000\000\000\000\000\000\000\000\000\000\000\000\000\000\000\000\000\000\000\000\000\000\000\000\000\000\000\000\000\000\000""; }; "
1750527542555,1750527542555,380,1,0,4,TMGetLedger,"itype: liAS_NODE; ledgerHash: ""\033@\177e\277\016\010u\327\371&\262\312\317Q\2361t\377x\234\001v\003%\030\325_\225g\204\346""; ledgerSeq: 7; nodeIDs: ""`\000\000\000\000\000\000\000\000\000\000\000\000\000\000\000\000\000\000\000\000\000\000\000\000\000\000\000\000\000\000\000\001""; nodeIDs: ""\020\000\000\000\000\000\000\000\000\000\000\000\000\000\000\000\000\000\000\000\000\000\000\000\000\000\000\000\000\000\000\000\001""; queryType: qtINDIRECT; queryDepth: 1; ","itype: liAS_NODE; ledgerHash: ""\033@\177e\277\016\010u\327\371&\262\312\317Q\2361t\377x\234\001v\003%\030\325_\225g\204\346""; ledgerSeq: 7; nodeIDs: ""`\000\000\000\000\000\000\000\000\000\000\000\000\000\000\000\000\000\000\000\000\000\000\000\000\000\000\000\000\000\000\000\001""; nodeIDs: ""\020\000\000\000\000\000\000\000\000\000\000\000\000\000\000\000\000\000\000\000\000\000\000\000\000\000\000\000\000\000\000\000\001""; queryType: qtINDIRECT; queryDepth: 1; "
1750527542560,1750527542560,1996,1,0,4,TMLedgerData,"ledgerHash: ""\276\230H\305\2714\032l\253n6W\035\354\257.f\r\217\302\203\224\212L\020\S\370\243OP*""; ledgerSeq: 7; type: liBASE; nodes {;   nodedata: ""\000\000\000\007\001cEx]\211\377\342\360\215\2502\265\245\310\226\243c\302Ze\306\253#r\020\211\320iG\276\020E\317\035Sf\223F\254\000\000\000\000\000\000\000\000\000\000\000\000\000\000\000\000\000\000\000\000\000\000\000\000\000\000\000\000\000\000\000\000\302r\207\007\303\237KvzB\356\335\030k\303\312\246:\352\202\037\210\2545\307\004\232\232\026\223SW/\351\252\253/\351\252\264\n\000""; }; nodes {;   nodedata: ""\341\035\262xv\226\317f5\366\365\252a\177\355\302\326\t\222~j\320f\374/ \363\256\257\361 \303\001\301\025%1L\307\t\261\262z\374\222T\301\274V\236\223\262\270Ct\362\337b\356\024*\324\320\351\317\002k\336\234\027v\351\217\260\303\360\233ZPZWr\246$w\313\313\r\243r\232\2234\373\3539:N\004;tP\302\307\005x\n\302lQ\275\237<g\321\233$\274p\355\310J\230\370\306\264\314\367C\275\272\006E\344\037@\210\363\010\336T\226\247'\204_{\261\370""1\235\2445\343\033Y!\212\201\341\272\225'\007Z\314\023h\n\020~\036\324P\254\001\274\227n\020\273\023\010\nq\216Z\344\004\3612B\205\257\335\036\013\003""; }; ","ledgerHash: ""\276\230H\305\2714\032l\253n6W\035\354\257.f\r\217\302\203\224\212L\020\S\370\243OP*""; ledgerSeq: 7; type: liBASE; nodes {;   nodedata: ""\000\000\000\007\001cEx]\211\377\342\360\215\2502\265\245\310\226\243c\302Ze\306\253#r\020\211\320iG\276\020E\317\035Sf\223F\254\000\000\000\000\000\000\000\000\000\000\000\000\000\000\000\000\000\000\000\000\000\000\000\000\000\000\000\000\000\000\000\000\302r\207\007\303\237KvzB\356\335\030k\303\312\246:\352\202\037\210\2545\307\004\232\232\026\223SW/\351\252\253/\351\252\264\n\000""; }; nodes {;   nodedata: ""\341\035\262xv\226\317f5\366\365\252a\177\355\302\326\t\222~j\320f\374/ \363\256\257\361 \303\001\301\025%1L\307\t\261\262z\374\222T\301\274V\236\223\262\270Ct\362\337b\356\024*\324\320\351\317\002k\336\234\027v\351\217\260\303\360\233ZPZWr\246$w\313\313\r\243r\232\2234\373\3539:N\004;tP\302\307\005x\n\302lQ\275\237<g\321\233$\274p\355\310J\230\370\306\264\314\367C\275\272\006E\344\037@\210\363\010\336T\226\247'\204_{\261\370""1\235\2445\343\033Y!\212\201\341\272\225'\007Z\314\023h\n\020~\036\324P\254\001\274\227n\020\273\023\010\nq\216Z\344\004\3612B\205\257\335\036\013\003""; }; "
1750527542565,1750527542565,4000,1,2,3,TMGetLedger,"itype: liTS_CANDIDATE; ledgerHash: ""\363\262\310\025\251\261\276X\247\260J\221\345\357\037\231)|\321K\000\\326E\004\377\005\255""A?\250""; nodeIDs: ""\000\000\000\000\000\000\000\000\000\000\000\000\000\000\000\000\000\000\000\000\000\000\000\000\000\000\000\000\000\000\000\000\000""; requestCookie: 2; queryType: qtINDIRECT; queryDepth: 3; ","itype: liTS_CANDIDATE; ledgerHash: ""\363\262\310\025\251\261\276X\247\260J\221\345\357\037\231)|\321K\000\\326E\004\377\005\255""A?\250""; nodeIDs: ""\000\000\000\000\000\000\000\000\000\000\000\000\000\000\000\000\000\000\000\000\000\000\000\000\000\000\000\000\000\000\000\000\000""; requestCookie: 2; queryType: qtINDIRECT; queryDepth: 3; "
1750527542577,1750527542577,3578,1,1,3,TMLedgerData,"ledgerHash: ""3\321\n7\354)\tf\006\357\205B<h\272GQ \344\262\236\025#\003\024&\310\034\352\376\326""; ledgerSeq: 0; type: liTS_CANDIDATE; nodes {;   nodedata: ""'\240~~s\033\202\356\320\307\177Nt\203\315\245\305\276b\265\310\271\3319\245:\342=c\267\265\233\002\003"";   nodeid: ""\000\000\000\000\000\000\000\000\000\000\000\000\000\000\000\000\000\000\000\000\000\000\000\000\000\000\000\000\000\000\000\000\000""; }; ","ledgerHash: ""3\321\n7\354)\tf\006\357\205B<h\272GQ \344\262\236\025#\003\024&\310\034\352\376\326""; ledgerSeq: 0; type: liTS_CANDIDATE; nodes {;   nodedata: ""'\240~~s\033\202\356\320\307\177Nt\203\315\245\305\276b\265\310\271\3319\245:\342=c\267\265\233\002\003"";   nodeid: ""\000\000\000\000\000\000\000\000\000\000\000\000\000\000\000\000\000\000\000\000\000\000\000\000\000\000\000\000\000\000\000\000\000""; }; "
1750527542584,1750527542584,3578,1,1,3,TMLedgerData,"ledgerHash: ""\341\310\354\0213\033\013\350\207z\236R(|z&\034\335\266\323\356\205\273DV\210\254\213T\rZ\347""; ledgerSeq: 0; type: liTS_CANDIDATE; nodes {;   nodedata: ""\256\322m\2146\221\305\341\316\031h?\276\005\207\253\236\tL;\371W\315\233X\345O\203\332\240\005\360\n\003"";   nodeid: ""\000\000\000\000\000\000\000\000\000\000\000\000\000\000\000\000\000\000\000\000\000\000\000\000\000\000\000\000\000\000\000\000\000""; }; ","ledgerHash: ""\341\310\354\0213\033\013\350\207z\236R(|z&\034\335\266\323\356\205\273DV\210\254\213T\rZ\347""; ledgerSeq: 0; type: liTS_CANDIDATE; nodes {;   nodedata: ""\256\322m\2146\221\305\341\316\031h?\276\005\207\253\236\tL;\371W\315\233X\345O\203\332\240\005\360\n\003"";   nodeid: ""\000\000\000\000\000\000\000\000\000\000\000\000\000\000\000\000\000\000\000\000\000\000\000\000\000\000\000\000\000\000\000\000\000""; }; "
1750527542588,1750527542589,612,1,2,0,TMLedgerData,"ledgerHash: ""\341\310\354\0213\033\013\350\207z\236R(|z&\034\335\266\323\356\205\273DV\210\254\213T\rZ\347""; ledgerSeq: 0; type: liTS_CANDIDATE; nodes {;   nodedata: ""\256\322m\2146\221\305\341\316\031h?\276\005\207\253\236\tL;\371W\315\233X\345O\203\332\240\005\360\n\003"";   nodeid: ""\000\000\000\000\000\000\000\000\000\000\000\000\000\000\000\000\000\000\000\000\000\000\000\000\000\000\000\000\000\000\000\000\000""; }; ","ledgerHash: ""\341\310\354\0213\033\013\350\207z\236R(|z&\034\335\266\323\356\205\273DV\210\254\213T\rZ\347""; ledgerSeq: 0; type: liTS_CANDIDATE; nodes {;   nodedata: ""\256\322m\2146\221\305\341\316\031h?\276\005\207\253\236\tL;\371W\315\233X\345O\203\332\240\005\360\n\003"";   nodeid: ""\000\000\000\000\000\000\000\000\000\000\000\000\000\000\000\000\000\000\000\000\000\000\000\000\000\000\000\000\000\000\000\000\000""; }; "
1750527542595,1750527542595,2764,1,4,3,TMLedgerData,"ledgerHash: ""3\321\n7\354)\tf\006\357\205B<h\272GQ \344\262\236\025#\003\024&\310\034\352\376\326""; ledgerSeq: 0; type: liTS_CANDIDATE; nodes {;   nodedata: ""'\240~~s\033\202\356\320\307\177Nt\203\315\245\305\276b\265\310\271\3319\245:\342=c\267\265\233\002\003"";   nodeid: ""\000\000\000\000\000\000\000\000\000\000\000\000\000\000\000\000\000\000\000\000\000\000\000\000\000\000\000\000\000\000\000\000\000""; }; ","ledgerHash: ""3\321\n7\354)\tf\006\357\205B<h\272GQ \344\262\236\025#\003\024&\310\034\352\376\326""; ledgerSeq: 0; type: liTS_CANDIDATE; nodes {;   nodedata: ""'\240~~s\033\202\356\320\307\177Nt\203\315\245\305\276b\265\310\271\3319\245:\342=c\267\265\233\002\003"";   nodeid: ""\000\000\000\000\000\000\000\000\000\000\000\000\000\000\000\000\000\000\000\000\000\000\000\000\000\000\000\000\000\000\000\000\000""; }; "
1750527542609,1750527542609,2079,1,3,1,TMGetLedger,"itype: liBASE; ledgerHash: ""\326+\03569g\235`}\354\203s\003\217_Vf \233\324\237yU<\242:Zr\321\340\201]""; requestCookie: 4; queryType: qtINDIRECT; ","itype: liBASE; ledgerHash: ""\326+\03569g\235`}\354\203s\003\217_Vf \233\324\237yU<\242:Zr\321\340\201]""; requestCookie: 4; queryType: qtINDIRECT; "
1750527542638,1750527542638,1497,1,0,3,TMLedgerData,"ledgerHash: ""\341\310\354\0213\033\013\350\207z\236R(|z&\034\335\266\323\356\205\273DV\210\254\213T\rZ\347""; ledgerSeq: 0; type: liTS_CANDIDATE; nodes {;   nodedata: ""\256\322m\2146\221\305\341\316\031h?\276\005\207\253\236\tL;\371W\315\233X\345O\203\332\240\005\360\n\003"";   nodeid: ""\000\000\000\000\000\000\000\000\000\000\000\000\000\000\000\000\000\000\000\000\000\000\000\000\000\000\000\000\000\000\000\000\000""; }; ","ledgerHash: ""\341\310\354\0213\033\013\350\207z\236R(|z&\034\335\266\323\356\205\273DV\210\254\213T\rZ\347""; ledgerSeq: 0; type: liTS_CANDIDATE; nodes {;   nodedata: ""\256\322m\2146\221\305\341\316\031h?\276\005\207\253\236\tL;\371W\315\233X\345O\203\332\240\005\360\n\003"";   nodeid: ""\000\000\000\000\000\000\000\000\000\000\000\000\000\000\000\000\000\000\000\000\000\000\000\000\000\000\000\000\000\000\000\000\000""; }; "
1750527542643,1750527542643,1434,1,0,1,TMLedgerData,"ledgerHash: ""3\321\n7\354)\tf\006\357\205B<h\272GQ \344\262\236\025#\003\024&\310\034\352\376\326""; ledgerSeq: 0; type: liTS_CANDIDATE; nodes {;   nodedata: ""'\240~~s\033\202\356\320\307\177Nt\203\315\245\305\276b\265\310\271\3319\245:\342=c\267\265\233\002\003"";   nodeid: ""\000\000\000\000\000\000\000\000\000\000\000\000\000\000\000\000\000\000\000\000\000\000\000\000\000\000\000\000\000\000\000\000\000""; }; requestCookie: 4; ","ledgerHash: ""3\321\n7\354)\tf\006\357\205B<h\272GQ \344\262\236\025#\003\024&\310\034\352\376\326""; ledgerSeq: 0; type: liTS_CANDIDATE; nodes {;   nodedata: ""'\240~~s\033\202\356\320\307\177Nt\203\315\245\305\276b\265\310\271\3319\245:\342=c\267\265\233\002\003"";   nodeid: ""\000\000\000\000\000\000\000\000\000\000\000\000\000\000\000\000\000\000\000\000\000\000\000\000\000\000\000\000\000\000\000\000\000""; }; requestCookie: 4; "
1750527542657,1750527542657,1434,1,0,1,TMLedgerData,"ledgerHash: ""\276\230H\305\2714\032l\253n6W\035\354\257.f\r\217\302\203\224\212L\020\S\370\243OP*""; ledgerSeq: 7; type: liBASE; nodes {;   nodedata: ""\000\000\000\007\001cEx]\211\377\342\360\215\2502\265\245\310\226\243c\302Ze\306\253#r\020\211\320iG\276\020E\317\035Sf\223F\254\000\000\000\000\000\000\000\000\000\000\000\000\000\000\000\000\000\000\000\000\000\000\000\000\000\000\000\000\000\000\000\000\302r\207\007\303\237KvzB\356\335\030k\303\312\246:\352\202\037\210\2545\307\004\232\232\026\223SW/\351\252\253/\351\252\264\n\000""; }; nodes {;   nodedata: ""\341\035\262xv\226\317f5\366\365\252a\177\355\302\326\t\222~j\320f\374/ \363\256\257\361 \303\001\301\025%1L\307\t\261\262z\374\222T\301\274V\236\223\262\270Ct\362\337b\356\024*\324\320\351\317\002k\336\234\027v\351\217\260\303\360\233ZPZWr\246$w\313\313\r\243r\232\2234\373\3539:N\004;tP\302\307\005x\n\302lQ\275\237<g\321\233$\274p\355\310J\230\370\306\264\314\367C\275\272\006E\344\037@\210\363\010\336T\226\247'\204_{\261\370""1\235\2445\343\033Y!\212\201\341\272\225'\007Z\314\023h\n\020~\036\324P\254\001\274\227n\020\273\023\010\nq\216Z\344\004\3612B\205\257\335\036\013\003""; }; ","ledgerHash: ""\276\230H\305\2714\032l\253n6W\035\354\257.f\r\217\302\203\224\212L\020\S\370\243OP*""; ledgerSeq: 7; type: liBASE; nodes {;   nodedata: ""\000\000\000\007\001cEx]\211\377\342\360\215\2502\265\245\310\226\243c\302Ze\306\253#r\020\211\320iG\276\020E\317\035Sf\223F\254\000\000\000\000\000\000\000\000\000\000\000\000\000\000\000\000\000\000\000\000\000\000\000\000\000\000\000\000\000\000\000\000\302r\207\007\303\237KvzB\356\335\030k\303\312\246:\352\202\037\210\2545\307\004\232\232\026\223SW/\351\252\253/\351\252\264\n\000""; }; nodes {;   nodedata: ""\341\035\262xv\226\317f5\366\365\252a\177\355\302\326\t\222~j\320f\374/ \363\256\257\361 \303\001\301\025%1L\307\t\261\262z\374\222T\301\274V\236\223\262\270Ct\362\337b\356\024*\324\320\351\317\002k\336\234\027v\351\217\260\303\360\233ZPZWr\246$w\313\313\r\243r\232\2234\373\3539:N\004;tP\302\307\005x\n\302lQ\275\237<g\321\233$\274p\355\310J\230\370\306\264\314\367C\275\272\006E\344\037@\210\363\010\336T\226\247'\204_{\261\370""1\235\2445\343\033Y!\212\201\341\272\225'\007Z\314\023h\n\020~\036\324P\254\001\274\227n\020\273\023\010\nq\216Z\344\004\3612B\205\257\335\036\013\003""; }; "
1750527542660,1750527542660,2764,1,4,3,TMLedgerData,"ledgerHash: ""\341\310\354\0213\033\013\350\207z\236R(|z&\034\335\266\323\356\205\273DV\210\254\213T\rZ\347""; ledgerSeq: 0; type: liTS_CANDIDATE; nodes {;   nodedata: ""\256\322m\2146\221\305\341\316\031h?\276\005\207\253\236\tL;\371W\315\233X\345O\203\332\240\005\360\n\003"";   nodeid: ""\000\000\000\000\000\000\000\000\000\000\000\000\000\000\000\000\000\000\000\000\000\000\000\000\000\000\000\000\000\000\000\000\000""; }; ","ledgerHash: ""\341\310\354\0213\033\013\350\207z\236R(|z&\034\335\266\323\356\205\273DV\210\254\213T\rZ\347""; ledgerSeq: 0; type: liTS_CANDIDATE; nodes {;   nodedata: ""\256\322m\2146\221\305\341\316\031h?\276\005\207\253\236\tL;\371W\315\233X\345O\203\332\240\005\360\n\003"";   nodeid: ""\000\000\000\000\000\000\000\000\000\000\000\000\000\000\000\000\000\000\000\000\000\000\000\000\000\000\000\000\000\000\000\000\000""; }; "
1750527542687,1750527542687,860,1,1,0,TMLedgerData,"ledgerHash: ""\341\310\354\0213\033\013\350\207z\236R(|z&\034\335\266\323\356\205\273DV\210\254\213T\rZ\347""; ledgerSeq: 0; type: liTS_CANDIDATE; nodes {;   nodedata: ""\256\322m\2146\221\305\341\316\031h?\276\005\207\253\236\tL;\371W\315\233X\345O\203\332\240\005\360\n\003"";   nodeid: ""\000\000\000\000\000\000\000\000\000\000\000\000\000\000\000\000\000\000\000\000\000\000\000\000\000\000\000\000\000\000\000\000\000""; }; requestCookie: 5; ","ledgerHash: ""\341\310\354\0213\033\013\350\207z\236R(|z&\034\335\266\323\356\205\273DV\210\254\213T\rZ\347""; ledgerSeq: 0; type: liTS_CANDIDATE; nodes {;   nodedata: ""\256\322m\2146\221\305\341\316\031h?\276\005\207\253\236\tL;\371W\315\233X\345O\203\332\240\005\360\n\003"";   nodeid: ""\000\000\000\000\000\000\000\000\000\000\000\000\000\000\000\000\000\000\000\000\000\000\000\000\000\000\000\000\000\000\000\000\000""; }; requestCookie: 5; "
1750527542697,1750527542698,3818,1,0,2,TMLedgerData,"ledgerHash: ""\033@\177e\277\016\010u\327\371&\262\312\317Q\2361t\377x\234\001v\003%\030\325_\225g\204\346""; ledgerSeq: 7; type: liBASE; nodes {;   nodedata: ""\000\000\000\007\001cEx]\211\377\330\360\215\2502\265\245\310\226\243c\302Ze\306\253#r\020\211\320iG\276\020E\317\035Sf\223F\254\002\370\316\212^2r\204\377\207q\251\315\325\027st\315\275D\367""\312l\350\374\304zy\305\007\340\030\220\357M\025\212p\\332\356\317\346Z\350r\255\236\025^\210\375\243\353\025X\213xq\220$\254,/\351\252\253/\351\252\264\n\000""; }; nodes {;   nodedata: ""\323C\344\327\264{\312-\017:\006{\177\344N\002\326bO\260\220\006\033\362\345\005U\221DzJ0\001\301\025%1L\307\t\261\262z\374\222T\301\274V\236\223\262\270Ct\362\337b\356\024*\324\320\351\317\002k\336\234\027v\351\217\260\303\360\233ZPZWr\246$w\313\313\r\243r\232\2234\373\3539:N\004Q\245\272D\312D\300\300\t\323\0257\345e\271\na\215{\226\255x%T\257\037\333\004\344_/R\006E\344\037@\210\363\010\336T\226\247'\204_{\261\370""1\235\2445\343\033Y!\212\201\341\272\225'\007Z\314\023h\n\020~\036\324P\254\001\274\227n\020\273\023\010\nq\216Z\344\004\3612B\205\257\335\036\013\003""; }; nodes {;   nodedata: ""o\324D\221#\020\205W\305\353\227hj\364\005l\234.@%-\272\034\327\352\rf\2573\006\026\236\004\003""; }; ","ledgerHash: ""\033@\177e\277\016\010u\327\371&\262\312\317Q\2361t\377x\234\001v\003%\030\325_\225g\204\346""; ledgerSeq: 7; type: liBASE; nodes {;   nodedata: ""\000\000\000\007\001cEx]\211\377\330\360\215\2502\265\245\310\226\243c\302Ze\306\253#r\020\211\320iG\276\020E\317\035Sf\223F\254\002\370\316\212^2r\204\377\207q\251\315\325\027st\315\275D\367""\312l\350\374\304zy\305\007\340\030\220\357M\025\212p\\332\356\317\346Z\350r\255\236\025^\210\375\243\353\025X\213xq\220$\254,/\351\252\253/\351\252\264\n\000""; }; nodes {;   nodedata: ""\323C\344\327\264{\312-\017:\006{\177\344N\002\326bO\260\220\006\033\362\345\005U\221DzJ0\001\301\025%1L\307\t\261\262z\374\222T\301\274V\236\223\262\270Ct\362\337b\356\024*\324\320\351\317\002k\336\234\027v\351\217\260\303\360\233ZPZWr\246$w\313\313\r\243r\232\2234\373\3539:N\004Q\245\272D\312D\300\300\t\323\0257\345e\271\na\215{\226\255x%T\257\037\333\004\344_/R\006E\344\037@\210\363\010\336T\226\247'\204_{\261\370""1\235\2445\343\033Y!\212\201\341\272\225'\007Z\314\023h\n\020~\036\324P\254\001\274\227n\020\273\023\010\nq\216Z\344\004\3612B\205\257\335\036\013\003""; }; nodes {;   nodedata: ""o\324D\221#\020\205W\305\353\227hj\364\005l\234.@%-\272\034\327\352\rf\2573\006\026\236\004\003""; }; "
1750527542709,1750527542709,3085,1,3,0,TMLedgerData,"ledgerHash: ""\363\262\310\025\251\261\276X\247\260J\221\345\357\037\231)|\321K\000\\326E\004\377\005\255""A?\250""; ledgerSeq: 0; type: liTS_CANDIDATE; nodes {;   nodedata: ""MJ\275'\324\005\036\313\204nW\300\362\327\016\205\236\021\351Q6\021\355\301\372\322\276g\026\243\361M\004\003"";   nodeid: ""\000\000\000\000\000\000\000\000\000\000\000\000\000\000\000\000\000\000\000\000\000\000\000\000\000\000\000\000\000\000\000\000\000""; }; ","ledgerHash: ""\363\262\310\025\251\261\276X\247\260J\221\345\357\037\231)|\321K\000\\326E\004\377\005\255""A?\250""; ledgerSeq: 0; type: liTS_CANDIDATE; nodes {;   nodedata: ""MJ\275'\324\005\036\313\204nW\300\362\327\016\205\236\021\351Q6\021\355\301\372\322\276g\026\243\361M\004\003"";   nodeid: ""\000\000\000\000\000\000\000\000\000\000\000\000\000\000\000\000\000\000\000\000\000\000\000\000\000\000\000\000\000\000\000\000\000""; }; "
1750527542732,1750527542732,1019,1,3,4,TMGetLedger,"itype: liTS_CANDIDATE; ledgerHash: ""\341\310\354\0213\033\013\350\207z\236R(|z&\034\335\266\323\356\205\273DV\210\254\213T\rZ\347""; nodeIDs: ""\000\000\000\000\000\000\000\000\000\000\000\000\000\000\000\000\000\000\000\000\000\000\000\000\000\000\000\000\000\000\000\000\000""; requestCookie: 2; queryType: qtINDIRECT; queryDepth: 3; ","itype: liTS_CANDIDATE; ledgerHash: ""\341\310\354\0213\033\013\350\207z\236R(|z&\034\335\266\323\356\205\273DV\210\254\213T\rZ\347""; nodeIDs: ""\000\000\000\000\000\000\000\000\000\000\000\000\000\000\000\000\000\000\000\000\000\000\000\000\000\000\000\000\000\000\000\000\000""; requestCookie: 2; queryType: qtINDIRECT; queryDepth: 3; "
1750527542739,1750527542739,3769,1,1,3,TMGetLedger,"itype: liTS_CANDIDATE; ledgerHash: ""\363\262\310\025\251\261\276X\247\260J\221\345\357\037\231)|\321K\000\\326E\004\377\005\255""A?\250""; nodeIDs: ""\000\000\000\000\000\000\000\000\000\000\000\000\000\000\000\000\000\000\000\000\000\000\000\000\000\000\000\000\000\000\000\000\000""; requestCookie: 2; queryType: qtINDIRECT; queryDepth: 3; ","itype: liTS_CANDIDATE; ledgerHash: ""\363\262\310\025\251\261\276X\247\260J\221\345\357\037\231)|\321K\000\\326E\004\377\005\255""A?\250""; nodeIDs: ""\000\000\000\000\000\000\000\000\000\000\000\000\000\000\000\000\000\000\000\000\000\000\000\000\000\000\000\000\000\000\000\000\000""; requestCookie: 2; queryType: qtINDIRECT; queryDepth: 3; "
1750527542750,1750527542750,1199,1,0,2,TMGetLedger,"itype: liTS_CANDIDATE; ledgerHash: ""\356\316\306(\314\366\340SA\320e\361\337A\350+\342\334{eBV\360\354\225)\263\237~v\236}""; nodeIDs: ""\000\000\000\000\000\000\000\000\000\000\000\000\000\000\000\000\000\000\000\000\000\000\000\000\000\000\000\000\000\000\000\000\000""; queryType: qtINDIRECT; queryDepth: 3; ","itype: liTS_CANDIDATE; ledgerHash: ""\356\316\306(\314\366\340SA\320e\361\337A\350+\342\334{eBV\360\354\225)\263\237~v\236}""; nodeIDs: ""\000\000\000\000\000\000\000\000\000\000\000\000\000\000\000\000\000\000\000\000\000\000\000\000\000\000\000\000\000\000\000\000\000""; queryType: qtINDIRECT; queryDepth: 3; "
1750527542751,1750527542751,3375,1,0,1,TMGetLedger,"itype: liTS_CANDIDATE; ledgerHash: ""\356\316\306(\314\366\340SA\320e\361\337A\350+\342\334{eBV\360\354\225)\263\237~v\236}""; nodeIDs: ""\000\000\000\000\000\000\000\000\000\000\000\000\000\000\000\000\000\000\000\000\000\000\000\000\000\000\000\000\000\000\000\000\000""; queryType: qtINDIRECT; queryDepth: 3; ","itype: liTS_CANDIDATE; ledgerHash: ""\356\316\306(\314\366\340SA\320e\361\337A\350+\342\334{eBV\360\354\225)\263\237~v\236}""; nodeIDs: ""\000\000\000\000\000\000\000\000\000\000\000\000\000\000\000\000\000\000\000\000\000\000\000\000\000\000\000\000\000\000\000\000\000""; queryType: qtINDIRECT; queryDepth: 3; "
1750527542751,1750527542751,380,1,0,4,TMGetLedger,"itype: liTS_CANDIDATE; ledgerHash: ""\356\316\306(\314\366\340SA\320e\361\337A\350+\342\334{eBV\360\354\225)\263\237~v\236}""; nodeIDs: ""\000\000\000\000\000\000\000\000\000\000\000\000\000\000\000\000\000\000\000\000\000\000\000\000\000\000\000\000\000\000\000\000\000""; queryType: qtINDIRECT; queryDepth: 3; ","itype: liTS_CANDIDATE; ledgerHash: ""\356\316\306(\314\366\340SA\320e\361\337A\350+\342\334{eBV\360\354\225)\263\237~v\236}""; nodeIDs: ""\000\000\000\000\000\000\000\000\000\000\000\000\000\000\000\000\000\000\000\000\000\000\000\000\000\000\000\000\000\000\000\000\000""; queryType: qtINDIRECT; queryDepth: 3; "
1750527542751,1750527542751,3094,1,0,3,TMGetLedger,"itype: liTS_CANDIDATE; ledgerHash: ""\356\316\306(\314\366\340SA\320e\361\337A\350+\342\334{eBV\360\354\225)\263\237~v\236}""; nodeIDs: ""\000\000\000\000\000\000\000\000\000\000\000\000\000\000\000\000\000\000\000\000\000\000\000\000\000\000\000\000\000\000\000\000\000""; queryType: qtINDIRECT; queryDepth: 3; ","itype: liTS_CANDIDATE; ledgerHash: ""\356\316\306(\314\366\340SA\320e\361\337A\350+\342\334{eBV\360\354\225)\263\237~v\236}""; nodeIDs: ""\000\000\000\000\000\000\000\000\000\000\000\000\000\000\000\000\000\000\000\000\000\000\000\000\000\000\000\000\000\000\000\000\000""; queryType: qtINDIRECT; queryDepth: 3; "
1750527542762,1750527542762,1539,1,4,2,TMLedgerData,"ledgerHash: ""\341\310\354\0213\033\013\350\207z\236R(|z&\034\335\266\323\356\205\273DV\210\254\213T\rZ\347""; ledgerSeq: 0; type: liTS_CANDIDATE; nodes {;   nodedata: ""\256\322m\2146\221\305\341\316\031h?\276\005\207\253\236\tL;\371W\315\233X\345O\203\332\240\005\360\n\003"";   nodeid: ""\000\000\000\000\000\000\000\000\000\000\000\000\000\000\000\000\000\000\000\000\000\000\000\000\000\000\000\000\000\000\000\000\000""; }; ","ledgerHash: ""\341\310\354\0213\033\013\350\207z\236R(|z&\034\335\266\323\356\205\273DV\210\254\213T\rZ\347""; ledgerSeq: 0; type: liTS_CANDIDATE; nodes {;   nodedata: ""\256\322m\2146\221\305\341\316\031h?\276\005\207\253\236\tL;\371W\315\233X\345O\203\332\240\005\360\n\003"";   nodeid: ""\000\000\000\000\000\000\000\000\000\000\000\000\000\000\000\000\000\000\000\000\000\000\000\000\000\000\000\000\000\000\000\000\000""; }; "
1750527542783,1750527542783,860,1,1,0,TMLedgerData,"ledgerHash: ""\341\310\354\0213\033\013\350\207z\236R(|z&\034\335\266\323\356\205\273DV\210\254\213T\rZ\347""; ledgerSeq: 0; type: liTS_CANDIDATE; nodes {;   nodedata: ""\256\322m\2146\221\305\341\316\031h?\276\005\207\253\236\tL;\371W\315\233X\345O\203\332\240\005\360\n\003"";   nodeid: ""\000\000\000\000\000\000\000\000\000\000\000\000\000\000\000\000\000\000\000\000\000\000\000\000\000\000\000\000\000\000\000\000\000""; }; requestCookie: 3; ","ledgerHash: ""\341\310\354\0213\033\013\350\207z\236R(|z&\034\335\266\323\356\205\273DV\210\254\213T\rZ\347""; ledgerSeq: 0; type: liTS_CANDIDATE; nodes {;   nodedata: ""\256\322m\2146\221\305\341\316\031h?\276\005\207\253\236\tL;\371W\315\233X\345O\203\332\240\005\360\n\003"";   nodeid: ""\000\000\000\000\000\000\000\000\000\000\000\000\000\000\000\000\000\000\000\000\000\000\000\000\000\000\000\000\000\000\000\000\000""; }; requestCookie: 3; "
1750527542783,1750527542783,860,1,1,0,TMLedgerData,"ledgerHash: ""\341\310\354\0213\033\013\350\207z\236R(|z&\034\335\266\323\356\205\273DV\210\254\213T\rZ\347""; ledgerSeq: 0; type: liTS_CANDIDATE; nodes {;   nodedata: ""\256\322m\2146\221\305\341\316\031h?\276\005\207\253\236\tL;\371W\315\233X\345O\203\332\240\005\360\n\003"";   nodeid: ""\000\000\000\000\000\000\000\000\000\000\000\000\000\000\000\000\000\000\000\000\000\000\000\000\000\000\000\000\000\000\000\000\000""; }; requestCookie: 4; ","ledgerHash: ""\341\310\354\0213\033\013\350\207z\236R(|z&\034\335\266\323\356\205\273DV\210\254\213T\rZ\347""; ledgerSeq: 0; type: liTS_CANDIDATE; nodes {;   nodedata: ""\256\322m\2146\221\305\341\316\031h?\276\005\207\253\236\tL;\371W\315\233X\345O\203\332\240\005\360\n\003"";   nodeid: ""\000\000\000\000\000\000\000\000\000\000\000\000\000\000\000\000\000\000\000\000\000\000\000\000\000\000\000\000\000\000\000\000\000""; }; requestCookie: 4; "
1750527542784,1750527542784,860,1,1,0,TMLedgerData,"ledgerHash: ""\341\310\354\0213\033\013\350\207z\236R(|z&\034\335\266\323\356\205\273DV\210\254\213T\rZ\347""; ledgerSeq: 0; type: liTS_CANDIDATE; nodes {;   nodedata: ""\256\322m\2146\221\305\341\316\031h?\276\005\207\253\236\tL;\371W\315\233X\345O\203\332\240\005\360\n\003"";   nodeid: ""\000\000\000\000\000\000\000\000\000\000\000\000\000\000\000\000\000\000\000\000\000\000\000\000\000\000\000\000\000\000\000\000\000""; }; ","ledgerHash: ""\341\310\354\0213\033\013\350\207z\236R(|z&\034\335\266\323\356\205\273DV\210\254\213T\rZ\347""; ledgerSeq: 0; type: liTS_CANDIDATE; nodes {;   nodedata: ""\256\322m\2146\221\305\341\316\031h?\276\005\207\253\236\tL;\371W\315\233X\345O\203\332\240\005\360\n\003"";   nodeid: ""\000\000\000\000\000\000\000\000\000\000\000\000\000\000\000\000\000\000\000\000\000\000\000\000\000\000\000\000\000\000\000\000\000""; }; "
1750527542793,1750527542793,2079,1,3,1,TMGetLedger,"itype: liTS_CANDIDATE; ledgerHash: ""\341\310\354\0213\033\013\350\207z\236R(|z&\034\335\266\323\356\205\273DV\210\254\213T\rZ\347""; nodeIDs: ""\000\000\000\000\000\000\000\000\000\000\000\000\000\000\000\000\000\000\000\000\000\000\000\000\000\000\000\000\000\000\000\000\000""; requestCookie: 4; queryType: qtINDIRECT; queryDepth: 3; ","itype: liTS_CANDIDATE; ledgerHash: ""\341\310\354\0213\033\013\350\207z\236R(|z&\034\335\266\323\356\205\273DV\210\254\213T\rZ\347""; nodeIDs: ""\000\000\000\000\000\000\000\000\000\000\000\000\000\000\000\000\000\000\000\000\000\000\000\000\000\000\000\000\000\000\000\000\000""; requestCookie: 4; queryType: qtINDIRECT; queryDepth: 3; "
1750527542800,1750527542800,1665,1,2,3,TMLedgerData,"ledgerHash: ""\341\310\354\0213\033\013\350\207z\236R(|z&\034\335\266\323\356\205\273DV\210\254\213T\rZ\347""; ledgerSeq: 0; type: liTS_CANDIDATE; nodes {;   nodedata: ""\256\322m\2146\221\305\341\316\031h?\276\005\207\253\236\tL;\371W\315\233X\345O\203\332\240\005\360\n\003"";   nodeid: ""\000\000\000\000\000\000\000\000\000\000\000\000\000\000\000\000\000\000\000\000\000\000\000\000\000\000\000\000\000\000\000\000\000""; }; ","ledgerHash: ""\341\310\354\0213\033\013\350\207z\236R(|z&\034\335\266\323\356\205\273DV\210\254\213T\rZ\347""; ledgerSeq: 0; type: liTS_CANDIDATE; nodes {;   nodedata: ""\256\322m\2146\221\305\341\316\031h?\276\005\207\253\236\tL;\371W\315\233X\345O\203\332\240\005\360\n\003"";   nodeid: ""\000\000\000\000\000\000\000\000\000\000\000\000\000\000\000\000\000\000\000\000\000\000\000\000\000\000\000\000\000\000\000\000\000""; }; "
1750527542832,1750527542832,2309,1,4,2,TMGetLedger,"itype: liBASE; ledgerHash: ""\326+\03569g\235`}\354\203s\003\217_Vf \233\324\237yU<\242:Zr\321\340\201]""; ledgerSeq: 7; queryType: qtINDIRECT; ","itype: liBASE; ledgerHash: ""\326+\03569g\235`}\354\203s\003\217_Vf \233\324\237yU<\242:Zr\321\340\201]""; ledgerSeq: 7; queryType: qtINDIRECT; "
1750527542832,1750527542833,559,1,4,3,TMGetLedger,"itype: liBASE; ledgerHash: ""\326+\03569g\235`}\354\203s\003\217_Vf \233\324\237yU<\242:Zr\321\340\201]""; ledgerSeq: 7; queryType: qtINDIRECT; ","itype: liBASE; ledgerHash: ""\326+\03569g\235`}\354\203s\003\217_Vf \233\324\237yU<\242:Zr\321\340\201]""; ledgerSeq: 7; queryType: qtINDIRECT; "
1750527542833,1750527542833,1932,1,4,0,TMGetLedger,"itype: liBASE; ledgerHash: ""\326+\03569g\235`}\354\203s\003\217_Vf \233\324\237yU<\242:Zr\321\340\201]""; ledgerSeq: 7; queryType: qtINDIRECT; ","itype: liBASE; ledgerHash: ""\326+\03569g\235`}\354\203s\003\217_Vf \233\324\237yU<\242:Zr\321\340\201]""; ledgerSeq: 7; queryType: qtINDIRECT; "
1750527542833,1750527542833,2101,1,4,1,TMGetLedger,"itype: liBASE; ledgerHash: ""\326+\03569g\235`}\354\203s\003\217_Vf \233\324\237yU<\242:Zr\321\340\201]""; ledgerSeq: 7; queryType: qtINDIRECT; ","itype: liBASE; ledgerHash: ""\326+\03569g\235`}\354\203s\003\217_Vf \233\324\237yU<\242:Zr\321\340\201]""; ledgerSeq: 7; queryType: qtINDIRECT; "
1750527542834,1750527542834,3578,1,1,3,TMLedgerData,"ledgerHash: ""\341\310\354\0213\033\013\350\207z\236R(|z&\034\335\266\323\356\205\273DV\210\254\213T\rZ\347""; ledgerSeq: 0; type: liTS_CANDIDATE; nodes {;   nodedata: ""\256\322m\2146\221\305\341\316\031h?\276\005\207\253\236\tL;\371W\315\233X\345O\203\332\240\005\360\n\003"";   nodeid: ""\000\000\000\000\000\000\000\000\000\000\000\000\000\000\000\000\000\000\000\000\000\000\000\000\000\000\000\000\000\000\000\000\000""; }; ","ledgerHash: ""\341\310\354\0213\033\013\350\207z\236R(|z&\034\335\266\323\356\205\273DV\210\254\213T\rZ\347""; ledgerSeq: 0; type: liTS_CANDIDATE; nodes {;   nodedata: ""\256\322m\2146\221\305\341\316\031h?\276\005\207\253\236\tL;\371W\315\233X\345O\203\332\240\005\360\n\003"";   nodeid: ""\000\000\000\000\000\000\000\000\000\000\000\000\000\000\000\000\000\000\000\000\000\000\000\000\000\000\000\000\000\000\000\000\000""; }; "
1750527542874,1750527542874,2764,1,4,3,TMLedgerData,"ledgerHash: ""3\321\n7\354)\tf\006\357\205B<h\272GQ \344\262\236\025#\003\024&\310\034\352\376\326""; ledgerSeq: 0; type: liTS_CANDIDATE; nodes {;   nodedata: ""'\240~~s\033\202\356\320\307\177Nt\203\315\245\305\276b\265\310\271\3319\245:\342=c\267\265\233\002\003"";   nodeid: ""\000\000\000\000\000\000\000\000\000\000\000\000\000\000\000\000\000\000\000\000\000\000\000\000\000\000\000\000\000\000\000\000\000""; }; ","ledgerHash: ""3\321\n7\354)\tf\006\357\205B<h\272GQ \344\262\236\025#\003\024&\310\034\352\376\326""; ledgerSeq: 0; type: liTS_CANDIDATE; nodes {;   nodedata: ""'\240~~s\033\202\356\320\307\177Nt\203\315\245\305\276b\265\310\271\3319\245:\342=c\267\265\233\002\003"";   nodeid: ""\000\000\000\000\000\000\000\000\000\000\000\000\000\000\000\000\000\000\000\000\000\000\000\000\000\000\000\000\000\000\000\000\000""; }; "
1750527542882,1750527542882,2309,1,4,2,TMGetLedger,"itype: liTS_CANDIDATE; ledgerHash: ""\356\316\306(\314\366\340SA\320e\361\337A\350+\342\334{eBV\360\354\225)\263\237~v\236}""; nodeIDs: ""\000\000\000\000\000\000\000\000\000\000\000\000\000\000\000\000\000\000\000\000\000\000\000\000\000\000\000\000\000\000\000\000\000""; requestCookie: 1; queryType: qtINDIRECT; queryDepth: 3; ","itype: liTS_CANDIDATE; ledgerHash: ""\356\316\306(\314\366\340SA\320e\361\337A\350+\342\334{eBV\360\354\225)\263\237~v\236}""; nodeIDs: ""\000\000\000\000\000\000\000\000\000\000\000\000\000\000\000\000\000\000\000\000\000\000\000\000\000\000\000\000\000\000\000\000\000""; requestCookie: 1; queryType: qtINDIRECT; queryDepth: 3; "
1750527542889,1750527542889,3810,1,1,4,TMGetLedger,"itype: liBASE; ledgerHash: ""\033@\177e\277\016\010u\327\371&\262\312\317Q\2361t\377x\234\001v\003%\030\325_\225g\204\346""; ledgerSeq: 7; requestCookie: 3; queryType: qtINDIRECT; ","itype: liBASE; ledgerHash: ""\033@\177e\277\016\010u\327\371&\262\312\317Q\2361t\377x\234\001v\003%\030\325_\225g\204\346""; ledgerSeq: 7; requestCookie: 3; queryType: qtINDIRECT; "
1750527542893,1750527542893,1434,1,0,1,TMLedgerData,"ledgerHash: ""3\321\n7\354)\tf\006\357\205B<h\272GQ \344\262\236\025#\003\024&\310\034\352\376\326""; ledgerSeq: 0; type: liTS_CANDIDATE; nodes {;   nodedata: ""'\240~~s\033\202\356\320\307\177Nt\203\315\245\305\276b\265\310\271\3319\245:\342=c\267\265\233\002\003"";   nodeid: ""\000\000\000\000\000\000\000\000\000\000\000\000\000\000\000\000\000\000\000\000\000\000\000\000\000\000\000\000\000\000\000\000\000""; }; requestCookie: 4; ","ledgerHash: ""3\321\n7\354)\tf\006\357\205B<h\272GQ \344\262\236\025#\003\024&\310\034\352\376\326""; ledgerSeq: 0; type: liTS_CANDIDATE; nodes {;   nodedata: ""'\240~~s\033\202\356\320\307\177Nt\203\315\245\305\276b\265\310\271\3319\245:\342=c\267\265\233\002\003"";   nodeid: ""\000\000\000\000\000\000\000\000\000\000\000\000\000\000\000\000\000\000\000\000\000\000\000\000\000\000\000\000\000\000\000\000\000""; }; requestCookie: 4; "
1750527542907,1750527542907,2764,1,4,3,TMLedgerData,"ledgerHash: ""\341\310\354\0213\033\013\350\207z\236R(|z&\034\335\266\323\356\205\273DV\210\254\213T\rZ\347""; ledgerSeq: 0; type: liTS_CANDIDATE; nodes {;   nodedata: ""\256\322m\2146\221\305\341\316\031h?\276\005\207\253\236\tL;\371W\315\233X\345O\203\332\240\005\360\n\003"";   nodeid: ""\000\000\000\000\000\000\000\000\000\000\000\000\000\000\000\000\000\000\000\000\000\000\000\000\000\000\000\000\000\000\000\000\000""; }; ","ledgerHash: ""\341\310\354\0213\033\013\350\207z\236R(|z&\034\335\266\323\356\205\273DV\210\254\213T\rZ\347""; ledgerSeq: 0; type: liTS_CANDIDATE; nodes {;   nodedata: ""\256\322m\2146\221\305\341\316\031h?\276\005\207\253\236\tL;\371W\315\233X\345O\203\332\240\005\360\n\003"";   nodeid: ""\000\000\000\000\000\000\000\000\000\000\000\000\000\000\000\000\000\000\000\000\000\000\000\000\000\000\000\000\000\000\000\000\000""; }; "
1750527542921,1750527542921,3378,1,4,0,TMLedgerData,"ledgerHash: ""\341\310\354\0213\033\013\350\207z\236R(|z&\034\335\266\323\356\205\273DV\210\254\213T\rZ\347""; ledgerSeq: 0; type: liTS_CANDIDATE; nodes {;   nodedata: ""\256\322m\2146\221\305\341\316\031h?\276\005\207\253\236\tL;\371W\315\233X\345O\203\332\240\005\360\n\003"";   nodeid: ""\000\000\000\000\000\000\000\000\000\000\000\000\000\000\000\000\000\000\000\000\000\000\000\000\000\000\000\000\000\000\000\000\000""; }; ","ledgerHash: ""\341\310\354\0213\033\013\350\207z\236R(|z&\034\335\266\323\356\205\273DV\210\254\213T\rZ\347""; ledgerSeq: 0; type: liTS_CANDIDATE; nodes {;   nodedata: ""\256\322m\2146\221\305\341\316\031h?\276\005\207\253\236\tL;\371W\315\233X\345O\203\332\240\005\360\n\003"";   nodeid: ""\000\000\000\000\000\000\000\000\000\000\000\000\000\000\000\000\000\000\000\000\000\000\000\000\000\000\000\000\000\000\000\000\000""; }; "
1750527542935,1750527542936,3378,1,4,0,TMLedgerData,"ledgerHash: ""\033@\177e\277\016\010u\327\371&\262\312\317Q\2361t\377x\234\001v\003%\030\325_\225g\204\346""; ledgerSeq: 7; type: liAS_NODE; nodes {;   nodedata: ""\021\000a""\000\000\000\000$\000\000\000\006%\000\000\000\007-\000\000\000\000UMJ\275'\324\005\036\313\204nW\300\362\327\016\205\236\021\351Q6\021\355\301\372\322\276g\026\243\361Mb@\000\000\003\365V\2546\201\024\3177\2633\3425H\2210g]\027\350~`\267{\247\373\332g\244\337\353\312\013\236hD\305E\177)\365\031\344}\231\342 ?\273\261,\263l\2443V5tR\001"";   nodeid: ""`\000\000\000\000\000\000\000\000\000\000\000\000\000\000\000\000\000\000\000\000\000\000\000\000\000\000\000\000\000\000\000\001""; }; nodes {;   nodedata: ""\021\000a""\000\000\000\000$\000\000\000\005%\000\000\000\007-\000\000\000\000UMJ\275'\324\005\036\313\204nW\300\362\327\016\205\236\021\351Q6\021\355\301\372\322\276g\026\243\361Mb@\000\000*\233\265\250@\201\024\272\177ez`?~\240\022\321\013D\240\325V\364\241\375\n@\030+E\324}\254\210\205\211\200xl\010D\242\344Yy\230'SU,\346\210\010%\240N\231\363\306\001"";   nodeid: ""\020\000\000\000\000\000\000\000\000\000\000\000\000\000\000\000\000\000\000\000\000\000\000\000\000\000\000\000\000\000\000\000\001""; }; ","ledgerHash: ""\033@\177e\277\016\010u\327\371&\262\312\317Q\2361t\377x\234\001v\003%\030\325_\225g\204\346""; ledgerSeq: 7; type: liAS_NODE; nodes {;   nodedata: ""\021\000a""\000\000\000\000$\000\000\000\006%\000\000\000\007-\000\000\000\000UMJ\275'\324\005\036\313\204nW\300\362\327\016\205\236\021\351Q6\021\355\301\372\322\276g\026\243\361Mb@\000\000\003\365V\2546\201\024\3177\2633\3425H\2210g]\027\350~`\267{\247\373\332g\244\337\353\312\013\236hD\305E\177)\365\031\344}\231\342 ?\273\261,\263l\2443V5tR\001"";   nodeid: ""`\000\000\000\000\000\000\000\000\000\000\000\000\000\000\000\000\000\000\000\000\000\000\000\000\000\000\000\000\000\000\000\001""; }; nodes {;   nodedata: ""\021\000a""\000\000\000\000$\000\000\000\005%\000\000\000\007-\000\000\000\000UMJ\275'\324\005\036\313\204nW\300\362\327\016\205\236\021\351Q6\021\355\301\372\322\276g\026\243\361Mb@\000\000*\233\265\250@\201\024\272\177ez`?~\240\022\321\013D\240\325V\364\241\375\n@\030+E\324}\254\210\205\211\200xl\010D\242\344Yy\230'SU,\346\210\010%\240N\231\363\306\001"";   nodeid: ""\020\000\000\000\000\000\000\000\000\000\000\000\000\000\000\000\000\000\000\000\000\000\000\000\000\000\000\000\000\000\000\000\001""; }; "
1750527542938,1750527542938,860,1,1,0,TMLedgerData,"ledgerHash: ""\341\310\354\0213\033\013\350\207z\236R(|z&\034\335\266\323\356\205\273DV\210\254\213T\rZ\347""; ledgerSeq: 0; type: liTS_CANDIDATE; nodes {;   nodedata: ""\256\322m\2146\221\305\341\316\031h?\276\005\207\253\236\tL;\371W\315\233X\345O\203\332\240\005\360\n\003"";   nodeid: ""\000\000\000\000\000\000\000\000\000\000\000\000\000\000\000\000\000\000\000\000\000\000\000\000\000\000\000\000\000\000\000\000\000""; }; requestCookie: 5; ","ledgerHash: ""\341\310\354\0213\033\013\350\207z\236R(|z&\034\335\266\323\356\205\273DV\210\254\213T\rZ\347""; ledgerSeq: 0; type: liTS_CANDIDATE; nodes {;   nodedata: ""\256\322m\2146\221\305\341\316\031h?\276\005\207\253\236\tL;\371W\315\233X\345O\203\332\240\005\360\n\003"";   nodeid: ""\000\000\000\000\000\000\000\000\000\000\000\000\000\000\000\000\000\000\000\000\000\000\000\000\000\000\000\000\000\000\000\000\000""; }; requestCookie: 5; "
1750527542938,1750527542938,1434,1,0,1,TMLedgerData,"ledgerHash: ""3\321\n7\354)\tf\006\357\205B<h\272GQ \344\262\236\025#\003\024&\310\034\352\376\326""; ledgerSeq: 0; type: liTS_CANDIDATE; nodes {;   nodedata: ""'\240~~s\033\202\356\320\307\177Nt\203\315\245\305\276b\265\310\271\3319\245:\342=c\267\265\233\002\003"";   nodeid: ""\000\000\000\000\000\000\000\000\000\000\000\000\000\000\000\000\000\000\000\000\000\000\000\000\000\000\000\000\000\000\000\000\000""; }; requestCookie: 5; ","ledgerHash: ""3\321\n7\354)\tf\006\357\205B<h\272GQ \344\262\236\025#\003\024&\310\034\352\376\326""; ledgerSeq: 0; type: liTS_CANDIDATE; nodes {;   nodedata: ""'\240~~s\033\202\356\320\307\177Nt\203\315\245\305\276b\265\310\271\3319\245:\342=c\267\265\233\002\003"";   nodeid: ""\000\000\000\000\000\000\000\000\000\000\000\000\000\000\000\000\000\000\000\000\000\000\000\000\000\000\000\000\000\000\000\000\000""; }; requestCookie: 5; "
1750527542950,1750527542950,612,1,2,0,TMLedgerData,"ledgerHash: ""\356\316\306(\314\366\340SA\320e\361\337A\350+\342\334{eBV\360\354\225)\263\237~v\236}""; ledgerSeq: 0; type: liTS_CANDIDATE; nodes {;   nodedata: ""\216b\024\334gS\347X\272b\322\267\303L\230\361n\036 \270-E\361}\351O\347\233\337\314!\215\010\003"";   nodeid: ""\000\000\000\000\000\000\000\000\000\000\000\000\000\000\000\000\000\000\000\000\000\000\000\000\000\000\000\000\000\000\000\000\000""; }; ","ledgerHash: ""\356\316\306(\314\366\340SA\320e\361\337A\350+\342\334{eBV\360\354\225)\263\237~v\236}""; ledgerSeq: 0; type: liTS_CANDIDATE; nodes {;   nodedata: ""\216b\024\334gS\347X\272b\322\267\303L\230\361n\036 \270-E\361}\351O\347\233\337\314!\215\010\003"";   nodeid: ""\000\000\000\000\000\000\000\000\000\000\000\000\000\000\000\000\000\000\000\000\000\000\000\000\000\000\000\000\000\000\000\000\000""; }; "
1750527542955,1750527542955,1212,1,2,4,TMLedgerData,"ledgerHash: ""\341\310\354\0213\033\013\350\207z\236R(|z&\034\335\266\323\356\205\273DV\210\254\213T\rZ\347""; ledgerSeq: 0; type: liTS_CANDIDATE; nodes {;   nodedata: ""\256\322m\2146\221\305\341\316\031h?\276\005\207\253\236\tL;\371W\315\233X\345O\203\332\240\005\360\n\003"";   nodeid: ""\000\000\000\000\000\000\000\000\000\000\000\000\000\000\000\000\000\000\000\000\000\000\000\000\000\000\000\000\000\000\000\000\000""; }; ","ledgerHash: ""\341\310\354\0213\033\013\350\207z\236R(|z&\034\335\266\323\356\205\273DV\210\254\213T\rZ\347""; ledgerSeq: 0; type: liTS_CANDIDATE; nodes {;   nodedata: ""\256\322m\2146\221\305\341\316\031h?\276\005\207\253\236\tL;\371W\315\233X\345O\203\332\240\005\360\n\003"";   nodeid: ""\000\000\000\000\000\000\000\000\000\000\000\000\000\000\000\000\000\000\000\000\000\000\000\000\000\000\000\000\000\000\000\000\000""; }; "
1750527542959,1750527542959,3085,1,3,0,TMLedgerData,"ledgerHash: ""\363\262\310\025\251\261\276X\247\260J\221\345\357\037\231)|\321K\000\\326E\004\377\005\255""A?\250""; ledgerSeq: 0; type: liTS_CANDIDATE; nodes {;   nodedata: ""MJ\275'\324\005\036\313\204nW\300\362\327\016\205\236\021\351Q6\021\355\301\372\322\276g\026\243\361M\004\003"";   nodeid: ""\000\000\000\000\000\000\000\000\000\000\000\000\000\000\000\000\000\000\000\000\000\000\000\000\000\000\000\000\000\000\000\000\000""; }; ","ledgerHash: ""\363\262\310\025\251\261\276X\247\260J\221\345\357\037\231)|\321K\000\\326E\004\377\005\255""A?\250""; ledgerSeq: 0; type: liTS_CANDIDATE; nodes {;   nodedata: ""MJ\275'\324\005\036\313\204nW\300\362\327\016\205\236\021\351Q6\021\355\301\372\322\276g\026\243\361M\004\003"";   nodeid: ""\000\000\000\000\000\000\000\000\000\000\000\000\000\000\000\000\000\000\000\000\000\000\000\000\000\000\000\000\000\000\000\000\000""; }; "
1750527542982,1750527542982,2101,1,4,1,TMGetLedger,"itype: liBASE; ledgerHash: ""\326+\03569g\235`}\354\203s\003\217_Vf \233\324\237yU<\242:Zr\321\340\201]""; ledgerSeq: 7; requestCookie: 4; queryType: qtINDIRECT; ","itype: liBASE; ledgerHash: ""\326+\03569g\235`}\354\203s\003\217_Vf \233\324\237yU<\242:Zr\321\340\201]""; ledgerSeq: 7; requestCookie: 4; queryType: qtINDIRECT; "
1750527542982,1750527542982,2079,1,3,1,TMGetLedger,"itype: liTS_CANDIDATE; ledgerHash: ""\341\310\354\0213\033\013\350\207z\236R(|z&\034\335\266\323\356\205\273DV\210\254\213T\rZ\347""; nodeIDs: ""\000\000\000\000\000\000\000\000\000\000\000\000\000\000\000\000\000\000\000\000\000\000\000\000\000\000\000\000\000\000\000\000\000""; requestCookie: 2; queryType: qtINDIRECT; queryDepth: 3; ","itype: liTS_CANDIDATE; ledgerHash: ""\341\310\354\0213\033\013\350\207z\236R(|z&\034\335\266\323\356\205\273DV\210\254\213T\rZ\347""; nodeIDs: ""\000\000\000\000\000\000\000\000\000\000\000\000\000\000\000\000\000\000\000\000\000\000\000\000\000\000\000\000\000\000\000\000\000""; requestCookie: 2; queryType: qtINDIRECT; queryDepth: 3; "
1750527542990,1750527542990,3769,1,1,3,TMGetLedger,"itype: liTS_CANDIDATE; ledgerHash: ""\363\262\310\025\251\261\276X\247\260J\221\345\357\037\231)|\321K\000\\326E\004\377\005\255""A?\250""; nodeIDs: ""\000\000\000\000\000\000\000\000\000\000\000\000\000\000\000\000\000\000\000\000\000\000\000\000\000\000\000\000\000\000\000\000\000""; requestCookie: 2; queryType: qtINDIRECT; queryDepth: 3; ","itype: liTS_CANDIDATE; ledgerHash: ""\363\262\310\025\251\261\276X\247\260J\221\345\357\037\231)|\321K\000\\326E\004\377\005\255""A?\250""; nodeIDs: ""\000\000\000\000\000\000\000\000\000\000\000\000\000\000\000\000\000\000\000\000\000\000\000\000\000\000\000\000\000\000\000\000\000""; requestCookie: 2; queryType: qtINDIRECT; queryDepth: 3; "
1750527542994,1750527542994,4000,1,2,3,TMGetLedger,"itype: liBASE; ledgerHash: ""\033@\177e\277\016\010u\327\371&\262\312\317Q\2361t\377x\234\001v\003%\030\325_\225g\204\346""; requestCookie: 2; queryType: qtINDIRECT; ","itype: liBASE; ledgerHash: ""\033@\177e\277\016\010u\327\371&\262\312\317Q\2361t\377x\234\001v\003%\030\325_\225g\204\346""; requestCookie: 2; queryType: qtINDIRECT; "
1750527543001,1750527543001,3375,1,0,1,TMGetLedger,"itype: liTS_CANDIDATE; ledgerHash: ""\356\316\306(\314\366\340SA\320e\361\337A\350+\342\334{eBV\360\354\225)\263\237~v\236}""; nodeIDs: ""\000\000\000\000\000\000\000\000\000\000\000\000\000\000\000\000\000\000\000\000\000\000\000\000\000\000\000\000\000\000\000\000\000""; queryType: qtINDIRECT; queryDepth: 3; ","itype: liTS_CANDIDATE; ledgerHash: ""\356\316\306(\314\366\340SA\320e\361\337A\350+\342\334{eBV\360\354\225)\263\237~v\236}""; nodeIDs: ""\000\000\000\000\000\000\000\000\000\000\000\000\000\000\000\000\000\000\000\000\000\000\000\000\000\000\000\000\000\000\000\000\000""; queryType: qtINDIRECT; queryDepth: 3; "
1750527543001,1750527543001,1199,1,0,2,TMGetLedger,"itype: liTS_CANDIDATE; ledgerHash: ""\356\316\306(\314\366\340SA\320e\361\337A\350+\342\334{eBV\360\354\225)\263\237~v\236}""; nodeIDs: ""\000\000\000\000\000\000\000\000\000\000\000\000\000\000\000\000\000\000\000\000\000\000\000\000\000\000\000\000\000\000\000\000\000""; queryType: qtINDIRECT; queryDepth: 3; ","itype: liTS_CANDIDATE; ledgerHash: ""\356\316\306(\314\366\340SA\320e\361\337A\350+\342\334{eBV\360\354\225)\263\237~v\236}""; nodeIDs: ""\000\000\000\000\000\000\000\000\000\000\000\000\000\000\000\000\000\000\000\000\000\000\000\000\000\000\000\000\000\000\000\000\000""; queryType: qtINDIRECT; queryDepth: 3; "
1750527543001,1750527543001,3094,1,0,3,TMGetLedger,"itype: liTS_CANDIDATE; ledgerHash: ""\356\316\306(\314\366\340SA\320e\361\337A\350+\342\334{eBV\360\354\225)\263\237~v\236}""; nodeIDs: ""\000\000\000\000\000\000\000\000\000\000\000\000\000\000\000\000\000\000\000\000\000\000\000\000\000\000\000\000\000\000\000\000\000""; queryType: qtINDIRECT; queryDepth: 3; ","itype: liTS_CANDIDATE; ledgerHash: ""\356\316\306(\314\366\340SA\320e\361\337A\350+\342\334{eBV\360\354\225)\263\237~v\236}""; nodeIDs: ""\000\000\000\000\000\000\000\000\000\000\000\000\000\000\000\000\000\000\000\000\000\000\000\000\000\000\000\000\000\000\000\000\000""; queryType: qtINDIRECT; queryDepth: 3; "
1750527543001,1750527543001,380,1,0,4,TMGetLedger,"itype: liTS_CANDIDATE; ledgerHash: ""\356\316\306(\314\366\340SA\320e\361\337A\350+\342\334{eBV\360\354\225)\263\237~v\236}""; nodeIDs: ""\000\000\000\000\000\000\000\000\000\000\000\000\000\000\000\000\000\000\000\000\000\000\000\000\000\000\000\000\000\000\000\000\000""; queryType: qtINDIRECT; queryDepth: 3; ","itype: liTS_CANDIDATE; ledgerHash: ""\356\316\306(\314\366\340SA\320e\361\337A\350+\342\334{eBV\360\354\225)\263\237~v\236}""; nodeIDs: ""\000\000\000\000\000\000\000\000\000\000\000\000\000\000\000\000\000\000\000\000\000\000\000\000\000\000\000\000\000\000\000\000\000""; queryType: qtINDIRECT; queryDepth: 3; "
1750527543013,1750527543013,1539,1,4,2,TMLedgerData,"ledgerHash: ""\341\310\354\0213\033\013\350\207z\236R(|z&\034\335\266\323\356\205\273DV\210\254\213T\rZ\347""; ledgerSeq: 0; type: liTS_CANDIDATE; nodes {;   nodedata: ""\256\322m\2146\221\305\341\316\031h?\276\005\207\253\236\tL;\371W\315\233X\345O\203\332\240\005\360\n\003"";   nodeid: ""\000\000\000\000\000\000\000\000\000\000\000\000\000\000\000\000\000\000\000\000\000\000\000\000\000\000\000\000\000\000\000\000\000""; }; ","ledgerHash: ""\341\310\354\0213\033\013\350\207z\236R(|z&\034\335\266\323\356\205\273DV\210\254\213T\rZ\347""; ledgerSeq: 0; type: liTS_CANDIDATE; nodes {;   nodedata: ""\256\322m\2146\221\305\341\316\031h?\276\005\207\253\236\tL;\371W\315\233X\345O\203\332\240\005\360\n\003"";   nodeid: ""\000\000\000\000\000\000\000\000\000\000\000\000\000\000\000\000\000\000\000\000\000\000\000\000\000\000\000\000\000\000\000\000\000""; }; "
1750527543036,1750527543036,860,1,1,0,TMLedgerData,"ledgerHash: ""\341\310\354\0213\033\013\350\207z\236R(|z&\034\335\266\323\356\205\273DV\210\254\213T\rZ\347""; ledgerSeq: 0; type: liTS_CANDIDATE; nodes {;   nodedata: ""\256\322m\2146\221\305\341\316\031h?\276\005\207\253\236\tL;\371W\315\233X\345O\203\332\240\005\360\n\003"";   nodeid: ""\000\000\000\000\000\000\000\000\000\000\000\000\000\000\000\000\000\000\000\000\000\000\000\000\000\000\000\000\000\000\000\000\000""; }; requestCookie: 4; ","ledgerHash: ""\341\310\354\0213\033\013\350\207z\236R(|z&\034\335\266\323\356\205\273DV\210\254\213T\rZ\347""; ledgerSeq: 0; type: liTS_CANDIDATE; nodes {;   nodedata: ""\256\322m\2146\221\305\341\316\031h?\276\005\207\253\236\tL;\371W\315\233X\345O\203\332\240\005\360\n\003"";   nodeid: ""\000\000\000\000\000\000\000\000\000\000\000\000\000\000\000\000\000\000\000\000\000\000\000\000\000\000\000\000\000\000\000\000\000""; }; requestCookie: 4; "
1750527543036,1750527543036,860,1,1,0,TMLedgerData,"ledgerHash: ""\341\310\354\0213\033\013\350\207z\236R(|z&\034\335\266\323\356\205\273DV\210\254\213T\rZ\347""; ledgerSeq: 0; type: liTS_CANDIDATE; nodes {;   nodedata: ""\256\322m\2146\221\305\341\316\031h?\276\005\207\253\236\tL;\371W\315\233X\345O\203\332\240\005\360\n\003"";   nodeid: ""\000\000\000\000\000\000\000\000\000\000\000\000\000\000\000\000\000\000\000\000\000\000\000\000\000\000\000\000\000\000\000\000\000""; }; requestCookie: 3; ","ledgerHash: ""\341\310\354\0213\033\013\350\207z\236R(|z&\034\335\266\323\356\205\273DV\210\254\213T\rZ\347""; ledgerSeq: 0; type: liTS_CANDIDATE; nodes {;   nodedata: ""\256\322m\2146\221\305\341\316\031h?\276\005\207\253\236\tL;\371W\315\233X\345O\203\332\240\005\360\n\003"";   nodeid: ""\000\000\000\000\000\000\000\000\000\000\000\000\000\000\000\000\000\000\000\000\000\000\000\000\000\000\000\000\000\000\000\000\000""; }; requestCookie: 3; "
1750527543036,1750527543036,860,1,1,0,TMLedgerData,"ledgerHash: ""\341\310\354\0213\033\013\350\207z\236R(|z&\034\335\266\323\356\205\273DV\210\254\213T\rZ\347""; ledgerSeq: 0; type: liTS_CANDIDATE; nodes {;   nodedata: ""\256\322m\2146\221\305\341\316\031h?\276\005\207\253\236\tL;\371W\315\233X\345O\203\332\240\005\360\n\003"";   nodeid: ""\000\000\000\000\000\000\000\000\000\000\000\000\000\000\000\000\000\000\000\000\000\000\000\000\000\000\000\000\000\000\000\000\000""; }; ","ledgerHash: ""\341\310\354\0213\033\013\350\207z\236R(|z&\034\335\266\323\356\205\273DV\210\254\213T\rZ\347""; ledgerSeq: 0; type: liTS_CANDIDATE; nodes {;   nodedata: ""\256\322m\2146\221\305\341\316\031h?\276\005\207\253\236\tL;\371W\315\233X\345O\203\332\240\005\360\n\003"";   nodeid: ""\000\000\000\000\000\000\000\000\000\000\000\000\000\000\000\000\000\000\000\000\000\000\000\000\000\000\000\000\000\000\000\000\000""; }; "
1750527543043,1750527543043,2079,1,3,1,TMGetLedger,"itype: liTS_CANDIDATE; ledgerHash: ""\341\310\354\0213\033\013\350\207z\236R(|z&\034\335\266\323\356\205\273DV\210\254\213T\rZ\347""; nodeIDs: ""\000\000\000\000\000\000\000\000\000\000\000\000\000\000\000\000\000\000\000\000\000\000\000\000\000\000\000\000\000\000\000\000\000""; requestCookie: 4; queryType: qtINDIRECT; queryDepth: 3; ","itype: liTS_CANDIDATE; ledgerHash: ""\341\310\354\0213\033\013\350\207z\236R(|z&\034\335\266\323\356\205\273DV\210\254\213T\rZ\347""; nodeIDs: ""\000\000\000\000\000\000\000\000\000\000\000\000\000\000\000\000\000\000\000\000\000\000\000\000\000\000\000\000\000\000\000\000\000""; requestCookie: 4; queryType: qtINDIRECT; queryDepth: 3; "
1750527543050,1750527543050,1665,1,2,3,TMLedgerData,"ledgerHash: ""\341\310\354\0213\033\013\350\207z\236R(|z&\034\335\266\323\356\205\273DV\210\254\213T\rZ\347""; ledgerSeq: 0; type: liTS_CANDIDATE; nodes {;   nodedata: ""\256\322m\2146\221\305\341\316\031h?\276\005\207\253\236\tL;\371W\315\233X\345O\203\332\240\005\360\n\003"";   nodeid: ""\000\000\000\000\000\000\000\000\000\000\000\000\000\000\000\000\000\000\000\000\000\000\000\000\000\000\000\000\000\000\000\000\000""; }; ","ledgerHash: ""\341\310\354\0213\033\013\350\207z\236R(|z&\034\335\266\323\356\205\273DV\210\254\213T\rZ\347""; ledgerSeq: 0; type: liTS_CANDIDATE; nodes {;   nodedata: ""\256\322m\2146\221\305\341\316\031h?\276\005\207\253\236\tL;\371W\315\233X\345O\203\332\240\005\360\n\003"";   nodeid: ""\000\000\000\000\000\000\000\000\000\000\000\000\000\000\000\000\000\000\000\000\000\000\000\000\000\000\000\000\000\000\000\000\000""; }; "
1750527543063,1750527543063,2523,1,3,2,TMLedgerData,"ledgerHash: ""\363\262\310\025\251\261\276X\247\260J\221\345\357\037\231)|\321K\000\\326E\004\377\005\255""A?\250""; ledgerSeq: 0; type: liTS_CANDIDATE; nodes {;   nodedata: ""MJ\275'\324\005\036\313\204nW\300\362\327\016\205\236\021\351Q6\021\355\301\372\322\276g\026\243\361M\004\003"";   nodeid: ""\000\000\000\000\000\000\000\000\000\000\000\000\000\000\000\000\000\000\000\000\000\000\000\000\000\000\000\000\000\000\000\000\000""; }; requestCookie: 2; ","ledgerHash: ""\363\262\310\025\251\261\276X\247\260J\221\345\357\037\231)|\321K\000\\326E\004\377\005\255""A?\250""; ledgerSeq: 0; type: liTS_CANDIDATE; nodes {;   nodedata: ""MJ\275'\324\005\036\313\204nW\300\362\327\016\205\236\021\351Q6\021\355\301\372\322\276g\026\243\361M\004\003"";   nodeid: ""\000\000\000\000\000\000\000\000\000\000\000\000\000\000\000\000\000\000\000\000\000\000\000\000\000\000\000\000\000\000\000\000\000""; }; requestCookie: 2; "
1750527543078,1750527543078,3578,1,1,3,TMLedgerData,"ledgerHash: ""3\321\n7\354)\tf\006\357\205B<h\272GQ \344\262\236\025#\003\024&\310\034\352\376\326""; ledgerSeq: 0; type: liTS_CANDIDATE; nodes {;   nodedata: ""'\240~~s\033\202\356\320\307\177Nt\203\315\245\305\276b\265\310\271\3319\245:\342=c\267\265\233\002\003"";   nodeid: ""\000\000\000\000\000\000\000\000\000\000\000\000\000\000\000\000\000\000\000\000\000\000\000\000\000\000\000\000\000\000\000\000\000""; }; ","ledgerHash: ""3\321\n7\354)\tf\006\357\205B<h\272GQ \344\262\236\025#\003\024&\310\034\352\376\326""; ledgerSeq: 0; type: liTS_CANDIDATE; nodes {;   nodedata: ""'\240~~s\033\202\356\320\307\177Nt\203\315\245\305\276b\265\310\271\3319\245:\342=c\267\265\233\002\003"";   nodeid: ""\000\000\000\000\000\000\000\000\000\000\000\000\000\000\000\000\000\000\000\000\000\000\000\000\000\000\000\000\000\000\000\000\000""; }; "
1750527543085,1750527543085,3578,1,1,3,TMLedgerData,"ledgerHash: ""\341\310\354\0213\033\013\350\207z\236R(|z&\034\335\266\323\356\205\273DV\210\254\213T\rZ\347""; ledgerSeq: 0; type: liTS_CANDIDATE; nodes {;   nodedata: ""\256\322m\2146\221\305\341\316\031h?\276\005\207\253\236\tL;\371W\315\233X\345O\203\332\240\005\360\n\003"";   nodeid: ""\000\000\000\000\000\000\000\000\000\000\000\000\000\000\000\000\000\000\000\000\000\000\000\000\000\000\000\000\000\000\000\000\000""; }; ","ledgerHash: ""\341\310\354\0213\033\013\350\207z\236R(|z&\034\335\266\323\356\205\273DV\210\254\213T\rZ\347""; ledgerSeq: 0; type: liTS_CANDIDATE; nodes {;   nodedata: ""\256\322m\2146\221\305\341\316\031h?\276\005\207\253\236\tL;\371W\315\233X\345O\203\332\240\005\360\n\003"";   nodeid: ""\000\000\000\000\000\000\000\000\000\000\000\000\000\000\000\000\000\000\000\000\000\000\000\000\000\000\000\000\000\000\000\000\000""; }; "
1750527543094,1750527543094,3375,1,0,1,TMGetLedger,"itype: liBASE; ledgerHash: ""\326+\03569g\235`}\354\203s\003\217_Vf \233\324\237yU<\242:Zr\321\340\201]""; ledgerSeq: 7; requestCookie: 4; queryType: qtINDIRECT; ","itype: liBASE; ledgerHash: ""\326+\03569g\235`}\354\203s\003\217_Vf \233\324\237yU<\242:Zr\321\340\201]""; ledgerSeq: 7; requestCookie: 4; queryType: qtINDIRECT; "
1750527543097,1750527543097,1665,1,2,3,TMLedgerData,"ledgerHash: ""3\321\n7\354)\tf\006\357\205B<h\272GQ \344\262\236\025#\003\024&\310\034\352\376\326""; ledgerSeq: 0; type: liTS_CANDIDATE; nodes {;   nodedata: ""'\240~~s\033\202\356\320\307\177Nt\203\315\245\305\276b\265\310\271\3319\245:\342=c\267\265\233\002\003"";   nodeid: ""\000\000\000\000\000\000\000\000\000\000\000\000\000\000\000\000\000\000\000\000\000\000\000\000\000\000\000\000\000\000\000\000\000""; }; ","ledgerHash: ""3\321\n7\354)\tf\006\357\205B<h\272GQ \344\262\236\025#\003\024&\310\034\352\376\326""; ledgerSeq: 0; type: liTS_CANDIDATE; nodes {;   nodedata: ""'\240~~s\033\202\356\320\307\177Nt\203\315\245\305\276b\265\310\271\3319\245:\342=c\267\265\233\002\003"";   nodeid: ""\000\000\000\000\000\000\000\000\000\000\000\000\000\000\000\000\000\000\000\000\000\000\000\000\000\000\000\000\000\000\000\000\000""; }; "
1750527543101,1750527543101,2764,1,4,3,TMLedgerData,"ledgerHash: ""3\321\n7\354)\tf\006\357\205B<h\272GQ \344\262\236\025#\003\024&\310\034\352\376\326""; ledgerSeq: 0; type: liTS_CANDIDATE; nodes {;   nodedata: ""'\240~~s\033\202\356\320\307\177Nt\203\315\245\305\276b\265\310\271\3319\245:\342=c\267\265\233\002\003"";   nodeid: ""\000\000\000\000\000\000\000\000\000\000\000\000\000\000\000\000\000\000\000\000\000\000\000\000\000\000\000\000\000\000\000\000\000""; }; ","ledgerHash: ""3\321\n7\354)\tf\006\357\205B<h\272GQ \344\262\236\025#\003\024&\310\034\352\376\326""; ledgerSeq: 0; type: liTS_CANDIDATE; nodes {;   nodedata: ""'\240~~s\033\202\356\320\307\177Nt\203\315\245\305\276b\265\310\271\3319\245:\342=c\267\265\233\002\003"";   nodeid: ""\000\000\000\000\000\000\000\000\000\000\000\000\000\000\000\000\000\000\000\000\000\000\000\000\000\000\000\000\000\000\000\000\000""; }; "
1750527543120,1750527543120,3818,1,0,2,TMLedgerData,"ledgerHash: ""\341\310\354\0213\033\013\350\207z\236R(|z&\034\335\266\323\356\205\273DV\210\254\213T\rZ\347""; ledgerSeq: 0; type: liTS_CANDIDATE; nodes {;   nodedata: ""\256\322m\2146\221\305\341\316\031h?\276\005\207\253\236\tL;\371W\315\233X\345O\203\332\240\005\360\n\003"";   nodeid: ""\000\000\000\000\000\000\000\000\000\000\000\000\000\000\000\000\000\000\000\000\000\000\000\000\000\000\000\000\000\000\000\000\000""; }; ","ledgerHash: ""\341\310\354\0213\033\013\350\207z\236R(|z&\034\335\266\323\356\205\273DV\210\254\213T\rZ\347""; ledgerSeq: 0; type: liTS_CANDIDATE; nodes {;   nodedata: ""\256\322m\2146\221\305\341\316\031h?\276\005\207\253\236\tL;\371W\315\233X\345O\203\332\240\005\360\n\003"";   nodeid: ""\000\000\000\000\000\000\000\000\000\000\000\000\000\000\000\000\000\000\000\000\000\000\000\000\000\000\000\000\000\000\000\000\000""; }; "
1750527543124,1750527543124,1497,1,0,3,TMLedgerData,"ledgerHash: ""\341\310\354\0213\033\013\350\207z\236R(|z&\034\335\266\323\356\205\273DV\210\254\213T\rZ\347""; ledgerSeq: 0; type: liTS_CANDIDATE; nodes {;   nodedata: ""\256\322m\2146\221\305\341\316\031h?\276\005\207\253\236\tL;\371W\315\233X\345O\203\332\240\005\360\n\003"";   nodeid: ""\000\000\000\000\000\000\000\000\000\000\000\000\000\000\000\000\000\000\000\000\000\000\000\000\000\000\000\000\000\000\000\000\000""; }; ","ledgerHash: ""\341\310\354\0213\033\013\350\207z\236R(|z&\034\335\266\323\356\205\273DV\210\254\213T\rZ\347""; ledgerSeq: 0; type: liTS_CANDIDATE; nodes {;   nodedata: ""\256\322m\2146\221\305\341\316\031h?\276\005\207\253\236\tL;\371W\315\233X\345O\203\332\240\005\360\n\003"";   nodeid: ""\000\000\000\000\000\000\000\000\000\000\000\000\000\000\000\000\000\000\000\000\000\000\000\000\000\000\000\000\000\000\000\000\000""; }; "
1750527543132,1750527543132,2309,1,4,2,TMGetLedger,"itype: liTS_CANDIDATE; ledgerHash: ""\356\316\306(\314\366\340SA\320e\361\337A\350+\342\334{eBV\360\354\225)\263\237~v\236}""; nodeIDs: ""\000\000\000\000\000\000\000\000\000\000\000\000\000\000\000\000\000\000\000\000\000\000\000\000\000\000\000\000\000\000\000\000\000""; requestCookie: 1; queryType: qtINDIRECT; queryDepth: 3; ","itype: liTS_CANDIDATE; ledgerHash: ""\356\316\306(\314\366\340SA\320e\361\337A\350+\342\334{eBV\360\354\225)\263\237~v\236}""; nodeIDs: ""\000\000\000\000\000\000\000\000\000\000\000\000\000\000\000\000\000\000\000\000\000\000\000\000\000\000\000\000\000\000\000\000\000""; requestCookie: 1; queryType: qtINDIRECT; queryDepth: 3; "
1750527543143,1750527543143,1434,1,0,1,TMLedgerData,"ledgerHash: ""3\321\n7\354)\tf\006\357\205B<h\272GQ \344\262\236\025#\003\024&\310\034\352\376\326""; ledgerSeq: 0; type: liTS_CANDIDATE; nodes {;   nodedata: ""'\240~~s\033\202\356\320\307\177Nt\203\315\245\305\276b\265\310\271\3319\245:\342=c\267\265\233\002\003"";   nodeid: ""\000\000\000\000\000\000\000\000\000\000\000\000\000\000\000\000\000\000\000\000\000\000\000\000\000\000\000\000\000\000\000\000\000""; }; requestCookie: 4; ","ledgerHash: ""3\321\n7\354)\tf\006\357\205B<h\272GQ \344\262\236\025#\003\024&\310\034\352\376\326""; ledgerSeq: 0; type: liTS_CANDIDATE; nodes {;   nodedata: ""'\240~~s\033\202\356\320\307\177Nt\203\315\245\305\276b\265\310\271\3319\245:\342=c\267\265\233\002\003"";   nodeid: ""\000\000\000\000\000\000\000\000\000\000\000\000\000\000\000\000\000\000\000\000\000\000\000\000\000\000\000\000\000\000\000\000\000""; }; requestCookie: 4; "
1750527543143,1750527543144,1968,1,1,2,TMLedgerData,"ledgerHash: ""\326+\03569g\235`}\354\203s\003\217_Vf \233\324\237yU<\242:Zr\321\340\201]""; ledgerSeq: 7; type: liBASE; nodes {;   nodedata: ""\000\000\000\007\001cEx]\211\377\330\360\215\2502\265\245\310\226\243c\302Ze\306\253#r\020\211\320iG\276\020E\317\035Sf\223F\254\020N |\264\023\251\372`\001\r\225\217P\243\370m\037op\306\025\027\013\002\257\266J\025/\3729\220\014>4\264\253\207\255\233\\356\277\340\345\017\323\341\201\004TK\004\373\204\253\204\240\3155\357\026\353/\351\252\253/\351\252\264\n\000""; }; nodes {;   nodedata: ""\341\035\262xv\226\317f5\366\365\252a\177\355\302\326\t\222~j\320f\374/ \363\256\257\361 \303\001\301\025%1L\307\t\261\262z\374\222T\301\274V\236\223\262\270Ct\362\337b\356\024*\324\320\351\317\002,\377\251Q\263\245*\373\267\332I\261\001\251N\313Su!\333\331\260|\312%\271\263\267\320\313\036\303\004\330\210a4\256y^267\344\320H\t\331\316{n\002q\260\017U_\270\321B\024U\313\2054\006E\344\037@\210\363\010\336T\226\247'\204_{\261\370""1\235\2445\343\033Y!\212\201\341\272\225'\007Z\314\023h\n\020~\036\324P\254\001\274\227n\020\273\023\010\nq\216Z\344\004\3612B\205\257\335\036\013\003""; }; nodes {;   nodedata: ""\233\330\223\352\3012\234}\322\031(\362*;JR3m]\203<\234\204jiO\033\304\322\017\232\202\n\003""; }; ","ledgerHash: ""\326+\03569g\235`}\354\203s\003\217_Vf \233\324\237yU<\242:Zr\321\340\201]""; ledgerSeq: 7; type: liBASE; nodes {;   nodedata: ""\000\000\000\007\001cEx]\211\377\330\360\215\2502\265\245\310\226\243c\302Ze\306\253#r\020\211\320iG\276\020E\317\035Sf\223F\254\020N |\264\023\251\372`\001\r\225\217P\243\370m\037op\306\025\027\013\002\257\266J\025/\3729\220\014>4\264\253\207\255\233\\356\277\340\345\017\323\341\201\004TK\004\373\204\253\204\240\3155\357\026\353/\351\252\253/\351\252\264\n\000""; }; nodes {;   nodedata: ""\341\035\262xv\226\317f5\366\365\252a\177\355\302\326\t\222~j\320f\374/ \363\256\257\361 \303\001\301\025%1L\307\t\261\262z\374\222T\301\274V\236\223\262\270Ct\362\337b\356\024*\324\320\351\317\002,\377\251Q\263\245*\373\267\332I\261\001\251N\313Su!\333\331\260|\312%\271\263\267\320\313\036\303\004\330\210a4\256y^267\344\320H\t\331\316{n\002q\260\017U_\270\321B\024U\313\2054\006E\344\037@\210\363\010\336T\226\247'\204_{\261\370""1\235\2445\343\033Y!\212\201\341\272\225'\007Z\314\023h\n\020~\036\324P\254\001\274\227n\020\273\023\010\nq\216Z\344\004\3612B\205\257\335\036\013\003""; }; nodes {;   nodedata: ""\233\330\223\352\3012\234}\322\031(\362*;JR3m]\203<\234\204jiO\033\304\322\017\232\202\n\003""; }; "
1750527543160,1750527543160,2764,1,4,3,TMLedgerData,"ledgerHash: ""\341\310\354\0213\033\013\350\207z\236R(|z&\034\335\266\323\356\205\273DV\210\254\213T\rZ\347""; ledgerSeq: 0; type: liTS_CANDIDATE; nodes {;   nodedata: ""\256\322m\2146\221\305\341\316\031h?\276\005\207\253\236\tL;\371W\315\233X\345O\203\332\240\005\360\n\003"";   nodeid: ""\000\000\000\000\000\000\000\000\000\000\000\000\000\000\000\000\000\000\000\000\000\000\000\000\000\000\000\000\000\000\000\000\000""; }; ","ledgerHash: ""\341\310\354\0213\033\013\350\207z\236R(|z&\034\335\266\323\356\205\273DV\210\254\213T\rZ\347""; ledgerSeq: 0; type: liTS_CANDIDATE; nodes {;   nodedata: ""\256\322m\2146\221\305\341\316\031h?\276\005\207\253\236\tL;\371W\315\233X\345O\203\332\240\005\360\n\003"";   nodeid: ""\000\000\000\000\000\000\000\000\000\000\000\000\000\000\000\000\000\000\000\000\000\000\000\000\000\000\000\000\000\000\000\000\000""; }; "
1750527543184,1750527543184,3719,1,2,4,TMGetLedger,"itype: liBASE; ledgerHash: ""\033@\177e\277\016\010u\327\371&\262\312\317Q\2361t\377x\234\001v\003%\030\325_\225g\204\346""; ledgerSeq: 7; requestCookie: 3; queryType: qtINDIRECT; ","itype: liBASE; ledgerHash: ""\033@\177e\277\016\010u\327\371&\262\312\317Q\2361t\377x\234\001v\003%\030\325_\225g\204\346""; ledgerSeq: 7; requestCookie: 3; queryType: qtINDIRECT; "
1750527543188,1750527543188,1434,1,0,1,TMLedgerData,"ledgerHash: ""3\321\n7\354)\tf\006\357\205B<h\272GQ \344\262\236\025#\003\024&\310\034\352\376\326""; ledgerSeq: 0; type: liTS_CANDIDATE; nodes {;   nodedata: ""'\240~~s\033\202\356\320\307\177Nt\203\315\245\305\276b\265\310\271\3319\245:\342=c\267\265\233\002\003"";   nodeid: ""\000\000\000\000\000\000\000\000\000\000\000\000\000\000\000\000\000\000\000\000\000\000\000\000\000\000\000\000\000\000\000\000\000""; }; requestCookie: 5; ","ledgerHash: ""3\321\n7\354)\tf\006\357\205B<h\272GQ \344\262\236\025#\003\024&\310\034\352\376\326""; ledgerSeq: 0; type: liTS_CANDIDATE; nodes {;   nodedata: ""'\240~~s\033\202\356\320\307\177Nt\203\315\245\305\276b\265\310\271\3319\245:\342=c\267\265\233\002\003"";   nodeid: ""\000\000\000\000\000\000\000\000\000\000\000\000\000\000\000\000\000\000\000\000\000\000\000\000\000\000\000\000\000\000\000\000\000""; }; requestCookie: 5; "
1750527543189,1750527543189,860,1,1,0,TMLedgerData,"ledgerHash: ""\341\310\354\0213\033\013\350\207z\236R(|z&\034\335\266\323\356\205\273DV\210\254\213T\rZ\347""; ledgerSeq: 0; type: liTS_CANDIDATE; nodes {;   nodedata: ""\256\322m\2146\221\305\341\316\031h?\276\005\207\253\236\tL;\371W\315\233X\345O\203\332\240\005\360\n\003"";   nodeid: ""\000\000\000\000\000\000\000\000\000\000\000\000\000\000\000\000\000\000\000\000\000\000\000\000\000\000\000\000\000\000\000\000\000""; }; requestCookie: 5; ","ledgerHash: ""\341\310\354\0213\033\013\350\207z\236R(|z&\034\335\266\323\356\205\273DV\210\254\213T\rZ\347""; ledgerSeq: 0; type: liTS_CANDIDATE; nodes {;   nodedata: ""\256\322m\2146\221\305\341\316\031h?\276\005\207\253\236\tL;\371W\315\233X\345O\203\332\240\005\360\n\003"";   nodeid: ""\000\000\000\000\000\000\000\000\000\000\000\000\000\000\000\000\000\000\000\000\000\000\000\000\000\000\000\000\000\000\000\000\000""; }; requestCookie: 5; "
1750527543206,1750527543206,1212,1,2,4,TMLedgerData,"ledgerHash: ""\341\310\354\0213\033\013\350\207z\236R(|z&\034\335\266\323\356\205\273DV\210\254\213T\rZ\347""; ledgerSeq: 0; type: liTS_CANDIDATE; nodes {;   nodedata: ""\256\322m\2146\221\305\341\316\031h?\276\005\207\253\236\tL;\371W\315\233X\345O\203\332\240\005\360\n\003"";   nodeid: ""\000\000\000\000\000\000\000\000\000\000\000\000\000\000\000\000\000\000\000\000\000\000\000\000\000\000\000\000\000\000\000\000\000""; }; ","ledgerHash: ""\341\310\354\0213\033\013\350\207z\236R(|z&\034\335\266\323\356\205\273DV\210\254\213T\rZ\347""; ledgerSeq: 0; type: liTS_CANDIDATE; nodes {;   nodedata: ""\256\322m\2146\221\305\341\316\031h?\276\005\207\253\236\tL;\371W\315\233X\345O\203\332\240\005\360\n\003"";   nodeid: ""\000\000\000\000\000\000\000\000\000\000\000\000\000\000\000\000\000\000\000\000\000\000\000\000\000\000\000\000\000\000\000\000\000""; }; "
1750527543208,1750527543208,3085,1,3,0,TMLedgerData,"ledgerHash: ""\363\262\310\025\251\261\276X\247\260J\221\345\357\037\231)|\321K\000\\326E\004\377\005\255""A?\250""; ledgerSeq: 0; type: liTS_CANDIDATE; nodes {;   nodedata: ""MJ\275'\324\005\036\313\204nW\300\362\327\016\205\236\021\351Q6\021\355\301\372\322\276g\026\243\361M\004\003"";   nodeid: ""\000\000\000\000\000\000\000\000\000\000\000\000\000\000\000\000\000\000\000\000\000\000\000\000\000\000\000\000\000\000\000\000\000""; }; ","ledgerHash: ""\363\262\310\025\251\261\276X\247\260J\221\345\357\037\231)|\321K\000\\326E\004\377\005\255""A?\250""; ledgerSeq: 0; type: liTS_CANDIDATE; nodes {;   nodedata: ""MJ\275'\324\005\036\313\204nW\300\362\327\016\205\236\021\351Q6\021\355\301\372\322\276g\026\243\361M\004\003"";   nodeid: ""\000\000\000\000\000\000\000\000\000\000\000\000\000\000\000\000\000\000\000\000\000\000\000\000\000\000\000\000\000\000\000\000\000""; }; "
1750527543233,1750527543233,1019,1,3,4,TMGetLedger,"itype: liTS_CANDIDATE; ledgerHash: ""\341\310\354\0213\033\013\350\207z\236R(|z&\034\335\266\323\356\205\273DV\210\254\213T\rZ\347""; nodeIDs: ""\000\000\000\000\000\000\000\000\000\000\000\000\000\000\000\000\000\000\000\000\000\000\000\000\000\000\000\000\000\000\000\000\000""; requestCookie: 2; queryType: qtINDIRECT; queryDepth: 3; ","itype: liTS_CANDIDATE; ledgerHash: ""\341\310\354\0213\033\013\350\207z\236R(|z&\034\335\266\323\356\205\273DV\210\254\213T\rZ\347""; nodeIDs: ""\000\000\000\000\000\000\000\000\000\000\000\000\000\000\000\000\000\000\000\000\000\000\000\000\000\000\000\000\000\000\000\000\000""; requestCookie: 2; queryType: qtINDIRECT; queryDepth: 3; "
1750527543240,1750527543240,3769,1,1,3,TMGetLedger,"itype: liTS_CANDIDATE; ledgerHash: ""\363\262\310\025\251\261\276X\247\260J\221\345\357\037\231)|\321K\000\\326E\004\377\005\255""A?\250""; nodeIDs: ""\000\000\000\000\000\000\000\000\000\000\000\000\000\000\000\000\000\000\000\000\000\000\000\000\000\000\000\000\000\000\000\000\000""; requestCookie: 2; queryType: qtINDIRECT; queryDepth: 3; ","itype: liTS_CANDIDATE; ledgerHash: ""\363\262\310\025\251\261\276X\247\260J\221\345\357\037\231)|\321K\000\\326E\004\377\005\255""A?\250""; nodeIDs: ""\000\000\000\000\000\000\000\000\000\000\000\000\000\000\000\000\000\000\000\000\000\000\000\000\000\000\000\000\000\000\000\000\000""; requestCookie: 2; queryType: qtINDIRECT; queryDepth: 3; "
1750527543247,1750527543247,1544,1,2,1,TMGetLedger,"itype: liBASE; ledgerHash: ""\326+\03569g\235`}\354\203s\003\217_Vf \233\324\237yU<\242:Zr\321\340\201]""; requestCookie: 2; queryType: qtINDIRECT; ","itype: liBASE; ledgerHash: ""\326+\03569g\235`}\354\203s\003\217_Vf \233\324\237yU<\242:Zr\321\340\201]""; requestCookie: 2; queryType: qtINDIRECT; "
1750527543250,1750527543251,3375,1,0,1,TMGetLedger,"itype: liTS_CANDIDATE; ledgerHash: ""\356\316\306(\314\366\340SA\320e\361\337A\350+\342\334{eBV\360\354\225)\263\237~v\236}""; nodeIDs: ""\000\000\000\000\000\000\000\000\000\000\000\000\000\000\000\000\000\000\000\000\000\000\000\000\000\000\000\000\000\000\000\000\000""; queryType: qtINDIRECT; queryDepth: 3; ","itype: liTS_CANDIDATE; ledgerHash: ""\356\316\306(\314\366\340SA\320e\361\337A\350+\342\334{eBV\360\354\225)\263\237~v\236}""; nodeIDs: ""\000\000\000\000\000\000\000\000\000\000\000\000\000\000\000\000\000\000\000\000\000\000\000\000\000\000\000\000\000\000\000\000\000""; queryType: qtINDIRECT; queryDepth: 3; "
1750527543251,1750527543251,1199,1,0,2,TMGetLedger,"itype: liTS_CANDIDATE; ledgerHash: ""\356\316\306(\314\366\340SA\320e\361\337A\350+\342\334{eBV\360\354\225)\263\237~v\236}""; nodeIDs: ""\000\000\000\000\000\000\000\000\000\000\000\000\000\000\000\000\000\000\000\000\000\000\000\000\000\000\000\000\000\000\000\000\000""; queryType: qtINDIRECT; queryDepth: 3; ","itype: liTS_CANDIDATE; ledgerHash: ""\356\316\306(\314\366\340SA\320e\361\337A\350+\342\334{eBV\360\354\225)\263\237~v\236}""; nodeIDs: ""\000\000\000\000\000\000\000\000\000\000\000\000\000\000\000\000\000\000\000\000\000\000\000\000\000\000\000\000\000\000\000\000\000""; queryType: qtINDIRECT; queryDepth: 3; "
1750527543251,1750527543251,380,1,0,4,TMGetLedger,"itype: liTS_CANDIDATE; ledgerHash: ""\356\316\306(\314\366\340SA\320e\361\337A\350+\342\334{eBV\360\354\225)\263\237~v\236}""; nodeIDs: ""\000\000\000\000\000\000\000\000\000\000\000\000\000\000\000\000\000\000\000\000\000\000\000\000\000\000\000\000\000\000\000\000\000""; queryType: qtINDIRECT; queryDepth: 3; ","itype: liTS_CANDIDATE; ledgerHash: ""\356\316\306(\314\366\340SA\320e\361\337A\350+\342\334{eBV\360\354\225)\263\237~v\236}""; nodeIDs: ""\000\000\000\000\000\000\000\000\000\000\000\000\000\000\000\000\000\000\000\000\000\000\000\000\000\000\000\000\000\000\000\000\000""; queryType: qtINDIRECT; queryDepth: 3; "
1750527543251,1750527543251,3094,1,0,3,TMGetLedger,"itype: liTS_CANDIDATE; ledgerHash: ""\356\316\306(\314\366\340SA\320e\361\337A\350+\342\334{eBV\360\354\225)\263\237~v\236}""; nodeIDs: ""\000\000\000\000\000\000\000\000\000\000\000\000\000\000\000\000\000\000\000\000\000\000\000\000\000\000\000\000\000\000\000\000\000""; queryType: qtINDIRECT; queryDepth: 3; ","itype: liTS_CANDIDATE; ledgerHash: ""\356\316\306(\314\366\340SA\320e\361\337A\350+\342\334{eBV\360\354\225)\263\237~v\236}""; nodeIDs: ""\000\000\000\000\000\000\000\000\000\000\000\000\000\000\000\000\000\000\000\000\000\000\000\000\000\000\000\000\000\000\000\000\000""; queryType: qtINDIRECT; queryDepth: 3; "
1750527543259,1750527543259,860,1,1,0,TMLedgerData,"ledgerHash: ""\341\310\354\0213\033\013\350\207z\236R(|z&\034\335\266\323\356\205\273DV\210\254\213T\rZ\347""; ledgerSeq: 0; type: liTS_CANDIDATE; nodes {;   nodedata: ""\256\322m\2146\221\305\341\316\031h?\276\005\207\253\236\tL;\371W\315\233X\345O\203\332\240\005\360\n\003"";   nodeid: ""\000\000\000\000\000\000\000\000\000\000\000\000\000\000\000\000\000\000\000\000\000\000\000\000\000\000\000\000\000\000\000\000\000""; }; requestCookie: 3; ","ledgerHash: ""\341\310\354\0213\033\013\350\207z\236R(|z&\034\335\266\323\356\205\273DV\210\254\213T\rZ\347""; ledgerSeq: 0; type: liTS_CANDIDATE; nodes {;   nodedata: ""\256\322m\2146\221\305\341\316\031h?\276\005\207\253\236\tL;\371W\315\233X\345O\203\332\240\005\360\n\003"";   nodeid: ""\000\000\000\000\000\000\000\000\000\000\000\000\000\000\000\000\000\000\000\000\000\000\000\000\000\000\000\000\000\000\000\000\000""; }; requestCookie: 3; "
1750527543263,1750527543263,1539,1,4,2,TMLedgerData,"ledgerHash: ""\341\310\354\0213\033\013\350\207z\236R(|z&\034\335\266\323\356\205\273DV\210\254\213T\rZ\347""; ledgerSeq: 0; type: liTS_CANDIDATE; nodes {;   nodedata: ""\256\322m\2146\221\305\341\316\031h?\276\005\207\253\236\tL;\371W\315\233X\345O\203\332\240\005\360\n\003"";   nodeid: ""\000\000\000\000\000\000\000\000\000\000\000\000\000\000\000\000\000\000\000\000\000\000\000\000\000\000\000\000\000\000\000\000\000""; }; ","ledgerHash: ""\341\310\354\0213\033\013\350\207z\236R(|z&\034\335\266\323\356\205\273DV\210\254\213T\rZ\347""; ledgerSeq: 0; type: liTS_CANDIDATE; nodes {;   nodedata: ""\256\322m\2146\221\305\341\316\031h?\276\005\207\253\236\tL;\371W\315\233X\345O\203\332\240\005\360\n\003"";   nodeid: ""\000\000\000\000\000\000\000\000\000\000\000\000\000\000\000\000\000\000\000\000\000\000\000\000\000\000\000\000\000\000\000\000\000""; }; "
1750527543285,1750527543285,3375,1,0,1,TMGetLedger,"itype: liAS_NODE; ledgerHash: ""\326+\03569g\235`}\354\203s\003\217_Vf \233\324\237yU<\242:Zr\321\340\201]""; ledgerSeq: 7; nodeIDs: ""@\000\000\000\000\000\000\000\000\000\000\000\000\000\000\000\000\000\000\000\000\000\000\000\000\000\000\000\000\000\000\000\001""; nodeIDs: ""`\000\000\000\000\000\000\000\000\000\000\000\000\000\000\000\000\000\000\000\000\000\000\000\000\000\000\000\000\000\000\000\001""; queryType: qtINDIRECT; queryDepth: 1; ","itype: liAS_NODE; ledgerHash: ""\326+\03569g\235`}\354\203s\003\217_Vf \233\324\237yU<\242:Zr\321\340\201]""; ledgerSeq: 7; nodeIDs: ""@\000\000\000\000\000\000\000\000\000\000\000\000\000\000\000\000\000\000\000\000\000\000\000\000\000\000\000\000\000\000\000\001""; nodeIDs: ""`\000\000\000\000\000\000\000\000\000\000\000\000\000\000\000\000\000\000\000\000\000\000\000\000\000\000\000\000\000\000\000\001""; queryType: qtINDIRECT; queryDepth: 1; "
1750527543294,1750527543294,1019,1,3,4,TMGetLedger,"itype: liTS_CANDIDATE; ledgerHash: ""\341\310\354\0213\033\013\350\207z\236R(|z&\034\335\266\323\356\205\273DV\210\254\213T\rZ\347""; nodeIDs: ""\000\000\000\000\000\000\000\000\000\000\000\000\000\000\000\000\000\000\000\000\000\000\000\000\000\000\000\000\000\000\000\000\000""; requestCookie: 4; queryType: qtINDIRECT; queryDepth: 3; ","itype: liTS_CANDIDATE; ledgerHash: ""\341\310\354\0213\033\013\350\207z\236R(|z&\034\335\266\323\356\205\273DV\210\254\213T\rZ\347""; nodeIDs: ""\000\000\000\000\000\000\000\000\000\000\000\000\000\000\000\000\000\000\000\000\000\000\000\000\000\000\000\000\000\000\000\000\000""; requestCookie: 4; queryType: qtINDIRECT; queryDepth: 3; "
1750527543299,1750527543299,1996,1,0,4,TMLedgerData,"ledgerHash: ""\341\310\354\0213\033\013\350\207z\236R(|z&\034\335\266\323\356\205\273DV\210\254\213T\rZ\347""; ledgerSeq: 0; type: liTS_CANDIDATE; nodes {;   nodedata: ""\256\322m\2146\221\305\341\316\031h?\276\005\207\253\236\tL;\371W\315\233X\345O\203\332\240\005\360\n\003"";   nodeid: ""\000\000\000\000\000\000\000\000\000\000\000\000\000\000\000\000\000\000\000\000\000\000\000\000\000\000\000\000\000\000\000\000\000""; }; ","ledgerHash: ""\341\310\354\0213\033\013\350\207z\236R(|z&\034\335\266\323\356\205\273DV\210\254\213T\rZ\347""; ledgerSeq: 0; type: liTS_CANDIDATE; nodes {;   nodedata: ""\256\322m\2146\221\305\341\316\031h?\276\005\207\253\236\tL;\371W\315\233X\345O\203\332\240\005\360\n\003"";   nodeid: ""\000\000\000\000\000\000\000\000\000\000\000\000\000\000\000\000\000\000\000\000\000\000\000\000\000\000\000\000\000\000\000\000\000""; }; "
1750527543300,1750527543300,1665,1,2,3,TMLedgerData,"ledgerHash: ""\341\310\354\0213\033\013\350\207z\236R(|z&\034\335\266\323\356\205\273DV\210\254\213T\rZ\347""; ledgerSeq: 0; type: liTS_CANDIDATE; nodes {;   nodedata: ""\256\322m\2146\221\305\341\316\031h?\276\005\207\253\236\tL;\371W\315\233X\345O\203\332\240\005\360\n\003"";   nodeid: ""\000\000\000\000\000\000\000\000\000\000\000\000\000\000\000\000\000\000\000\000\000\000\000\000\000\000\000\000\000\000\000\000\000""; }; ","ledgerHash: ""\341\310\354\0213\033\013\350\207z\236R(|z&\034\335\266\323\356\205\273DV\210\254\213T\rZ\347""; ledgerSeq: 0; type: liTS_CANDIDATE; nodes {;   nodedata: ""\256\322m\2146\221\305\341\316\031h?\276\005\207\253\236\tL;\371W\315\233X\345O\203\332\240\005\360\n\003"";   nodeid: ""\000\000\000\000\000\000\000\000\000\000\000\000\000\000\000\000\000\000\000\000\000\000\000\000\000\000\000\000\000\000\000\000\000""; }; "
1750527543302,1750527543302,860,1,1,0,TMLedgerData,"ledgerHash: ""\341\310\354\0213\033\013\350\207z\236R(|z&\034\335\266\323\356\205\273DV\210\254\213T\rZ\347""; ledgerSeq: 0; type: liTS_CANDIDATE; nodes {;   nodedata: ""\256\322m\2146\221\305\341\316\031h?\276\005\207\253\236\tL;\371W\315\233X\345O\203\332\240\005\360\n\003"";   nodeid: ""\000\000\000\000\000\000\000\000\000\000\000\000\000\000\000\000\000\000\000\000\000\000\000\000\000\000\000\000\000\000\000\000\000""; }; requestCookie: 4; ","ledgerHash: ""\341\310\354\0213\033\013\350\207z\236R(|z&\034\335\266\323\356\205\273DV\210\254\213T\rZ\347""; ledgerSeq: 0; type: liTS_CANDIDATE; nodes {;   nodedata: ""\256\322m\2146\221\305\341\316\031h?\276\005\207\253\236\tL;\371W\315\233X\345O\203\332\240\005\360\n\003"";   nodeid: ""\000\000\000\000\000\000\000\000\000\000\000\000\000\000\000\000\000\000\000\000\000\000\000\000\000\000\000\000\000\000\000\000\000""; }; requestCookie: 4; "
1750527543302,1750527543302,860,1,1,0,TMLedgerData,"ledgerHash: ""\341\310\354\0213\033\013\350\207z\236R(|z&\034\335\266\323\356\205\273DV\210\254\213T\rZ\347""; ledgerSeq: 0; type: liTS_CANDIDATE; nodes {;   nodedata: ""\256\322m\2146\221\305\341\316\031h?\276\005\207\253\236\tL;\371W\315\233X\345O\203\332\240\005\360\n\003"";   nodeid: ""\000\000\000\000\000\000\000\000\000\000\000\000\000\000\000\000\000\000\000\000\000\000\000\000\000\000\000\000\000\000\000\000\000""; }; ","ledgerHash: ""\341\310\354\0213\033\013\350\207z\236R(|z&\034\335\266\323\356\205\273DV\210\254\213T\rZ\347""; ledgerSeq: 0; type: liTS_CANDIDATE; nodes {;   nodedata: ""\256\322m\2146\221\305\341\316\031h?\276\005\207\253\236\tL;\371W\315\233X\345O\203\332\240\005\360\n\003"";   nodeid: ""\000\000\000\000\000\000\000\000\000\000\000\000\000\000\000\000\000\000\000\000\000\000\000\000\000\000\000\000\000\000\000\000\000""; }; "
1750527543303,1750527543303,1968,1,1,2,TMLedgerData,"ledgerHash: ""\326+\03569g\235`}\354\203s\003\217_Vf \233\324\237yU<\242:Zr\321\340\201]""; ledgerSeq: 7; type: liBASE; nodes {;   nodedata: ""\000\000\000\007\001cEx]\211\377\330\360\215\2502\265\245\310\226\243c\302Ze\306\253#r\020\211\320iG\276\020E\317\035Sf\223F\254\020N |\264\023\251\372`\001\r\225\217P\243\370m\037op\306\025\027\013\002\257\266J\025/\3729\220\014>4\264\253\207\255\233\\356\277\340\345\017\323\341\201\004TK\004\373\204\253\204\240\3155\357\026\353/\351\252\253/\351\252\264\n\000""; }; nodes {;   nodedata: ""\341\035\262xv\226\317f5\366\365\252a\177\355\302\326\t\222~j\320f\374/ \363\256\257\361 \303\001\301\025%1L\307\t\261\262z\374\222T\301\274V\236\223\262\270Ct\362\337b\356\024*\324\320\351\317\002,\377\251Q\263\245*\373\267\332I\261\001\251N\313Su!\333\331\260|\312%\271\263\267\320\313\036\303\004\330\210a4\256y^267\344\320H\t\331\316{n\002q\260\017U_\270\321B\024U\313\2054\006E\344\037@\210\363\010\336T\226\247'\204_{\261\370""1\235\2445\343\033Y!\212\201\341\272\225'\007Z\314\023h\n\020~\036\324P\254\001\274\227n\020\273\023\010\nq\216Z\344\004\3612B\205\257\335\036\013\003""; }; nodes {;   nodedata: ""\233\330\223\352\3012\234}\322\031(\362*;JR3m]\203<\234\204jiO\033\304\322\017\232\202\n\003""; }; requestCookie: 4; ","ledgerHash: ""\326+\03569g\235`}\354\203s\003\217_Vf \233\324\237yU<\242:Zr\321\340\201]""; ledgerSeq: 7; type: liBASE; nodes {;   nodedata: ""\000\000\000\007\001cEx]\211\377\330\360\215\2502\265\245\310\226\243c\302Ze\306\253#r\020\211\320iG\276\020E\317\035Sf\223F\254\020N |\264\023\251\372`\001\r\225\217P\243\370m\037op\306\025\027\013\002\257\266J\025/\3729\220\014>4\264\253\207\255\233\\356\277\340\345\017\323\341\201\004TK\004\373\204\253\204\240\3155\357\026\353/\351\252\253/\351\252\264\n\000""; }; nodes {;   nodedata: ""\341\035\262xv\226\317f5\366\365\252a\177\355\302\326\t\222~j\320f\374/ \363\256\257\361 \303\001\301\025%1L\307\t\261\262z\374\222T\301\274V\236\223\262\270Ct\362\337b\356\024*\324\320\351\317\002,\377\251Q\263\245*\373\267\332I\261\001\251N\313Su!\333\331\260|\312%\271\263\267\320\313\036\303\004\330\210a4\256y^267\344\320H\t\331\316{n\002q\260\017U_\270\321B\024U\313\2054\006E\344\037@\210\363\010\336T\226\247'\204_{\261\370""1\235\2445\343\033Y!\212\201\341\272\225'\007Z\314\023h\n\020~\036\324P\254\001\274\227n\020\273\023\010\nq\216Z\344\004\3612B\205\257\335\036\013\003""; }; nodes {;   nodedata: ""\233\330\223\352\3012\234}\322\031(\362*;JR3m]\203<\234\204jiO\033\304\322\017\232\202\n\003""; }; requestCookie: 4; "
1750527543312,1750527543313,2764,1,4,3,TMLedgerData,"ledgerHash: ""\341\310\354\0213\033\013\350\207z\236R(|z&\034\335\266\323\356\205\273DV\210\254\213T\rZ\347""; ledgerSeq: 0; type: liTS_CANDIDATE; nodes {;   nodedata: ""\256\322m\2146\221\305\341\316\031h?\276\005\207\253\236\tL;\371W\315\233X\345O\203\332\240\005\360\n\003"";   nodeid: ""\000\000\000\000\000\000\000\000\000\000\000\000\000\000\000\000\000\000\000\000\000\000\000\000\000\000\000\000\000\000\000\000\000""; }; requestCookie: 4; ","ledgerHash: ""\341\310\354\0213\033\013\350\207z\236R(|z&\034\335\266\323\356\205\273DV\210\254\213T\rZ\347""; ledgerSeq: 0; type: liTS_CANDIDATE; nodes {;   nodedata: ""\256\322m\2146\221\305\341\316\031h?\276\005\207\253\236\tL;\371W\315\233X\345O\203\332\240\005\360\n\003"";   nodeid: ""\000\000\000\000\000\000\000\000\000\000\000\000\000\000\000\000\000\000\000\000\000\000\000\000\000\000\000\000\000\000\000\000\000""; }; requestCookie: 4; "
1750527543328,1750527543328,3578,1,1,3,TMLedgerData,"ledgerHash: ""3\321\n7\354)\tf\006\357\205B<h\272GQ \344\262\236\025#\003\024&\310\034\352\376\326""; ledgerSeq: 0; type: liTS_CANDIDATE; nodes {;   nodedata: ""'\240~~s\033\202\356\320\307\177Nt\203\315\245\305\276b\265\310\271\3319\245:\342=c\267\265\233\002\003"";   nodeid: ""\000\000\000\000\000\000\000\000\000\000\000\000\000\000\000\000\000\000\000\000\000\000\000\000\000\000\000\000\000\000\000\000\000""; }; ","ledgerHash: ""3\321\n7\354)\tf\006\357\205B<h\272GQ \344\262\236\025#\003\024&\310\034\352\376\326""; ledgerSeq: 0; type: liTS_CANDIDATE; nodes {;   nodedata: ""'\240~~s\033\202\356\320\307\177Nt\203\315\245\305\276b\265\310\271\3319\245:\342=c\267\265\233\002\003"";   nodeid: ""\000\000\000\000\000\000\000\000\000\000\000\000\000\000\000\000\000\000\000\000\000\000\000\000\000\000\000\000\000\000\000\000\000""; }; "
1750527543334,1750527543334,3578,1,1,3,TMLedgerData,"ledgerHash: ""\341\310\354\0213\033\013\350\207z\236R(|z&\034\335\266\323\356\205\273DV\210\254\213T\rZ\347""; ledgerSeq: 0; type: liTS_CANDIDATE; nodes {;   nodedata: ""\256\322m\2146\221\305\341\316\031h?\276\005\207\253\236\tL;\371W\315\233X\345O\203\332\240\005\360\n\003"";   nodeid: ""\000\000\000\000\000\000\000\000\000\000\000\000\000\000\000\000\000\000\000\000\000\000\000\000\000\000\000\000\000\000\000\000\000""; }; ","ledgerHash: ""\341\310\354\0213\033\013\350\207z\236R(|z&\034\335\266\323\356\205\273DV\210\254\213T\rZ\347""; ledgerSeq: 0; type: liTS_CANDIDATE; nodes {;   nodedata: ""\256\322m\2146\221\305\341\316\031h?\276\005\207\253\236\tL;\371W\315\233X\345O\203\332\240\005\360\n\003"";   nodeid: ""\000\000\000\000\000\000\000\000\000\000\000\000\000\000\000\000\000\000\000\000\000\000\000\000\000\000\000\000\000\000\000\000\000""; }; "
1750527543350,1750527543350,1665,1,2,3,TMLedgerData,"ledgerHash: ""\341\310\354\0213\033\013\350\207z\236R(|z&\034\335\266\323\356\205\273DV\210\254\213T\rZ\347""; ledgerSeq: 0; type: liTS_CANDIDATE; nodes {;   nodedata: ""\256\322m\2146\221\305\341\316\031h?\276\005\207\253\236\tL;\371W\315\233X\345O\203\332\240\005\360\n\003"";   nodeid: ""\000\000\000\000\000\000\000\000\000\000\000\000\000\000\000\000\000\000\000\000\000\000\000\000\000\000\000\000\000\000\000\000\000""; }; ","ledgerHash: ""\341\310\354\0213\033\013\350\207z\236R(|z&\034\335\266\323\356\205\273DV\210\254\213T\rZ\347""; ledgerSeq: 0; type: liTS_CANDIDATE; nodes {;   nodedata: ""\256\322m\2146\221\305\341\316\031h?\276\005\207\253\236\tL;\371W\315\233X\345O\203\332\240\005\360\n\003"";   nodeid: ""\000\000\000\000\000\000\000\000\000\000\000\000\000\000\000\000\000\000\000\000\000\000\000\000\000\000\000\000\000\000\000\000\000""; }; "
1750527543371,1750527543371,3818,1,0,2,TMLedgerData,"ledgerHash: ""\341\310\354\0213\033\013\350\207z\236R(|z&\034\335\266\323\356\205\273DV\210\254\213T\rZ\347""; ledgerSeq: 0; type: liTS_CANDIDATE; nodes {;   nodedata: ""\256\322m\2146\221\305\341\316\031h?\276\005\207\253\236\tL;\371W\315\233X\345O\203\332\240\005\360\n\003"";   nodeid: ""\000\000\000\000\000\000\000\000\000\000\000\000\000\000\000\000\000\000\000\000\000\000\000\000\000\000\000\000\000\000\000\000\000""; }; ","ledgerHash: ""\341\310\354\0213\033\013\350\207z\236R(|z&\034\335\266\323\356\205\273DV\210\254\213T\rZ\347""; ledgerSeq: 0; type: liTS_CANDIDATE; nodes {;   nodedata: ""\256\322m\2146\221\305\341\316\031h?\276\005\207\253\236\tL;\371W\315\233X\345O\203\332\240\005\360\n\003"";   nodeid: ""\000\000\000\000\000\000\000\000\000\000\000\000\000\000\000\000\000\000\000\000\000\000\000\000\000\000\000\000\000\000\000\000\000""; }; "
1750527543373,1750527543373,1497,1,0,3,TMLedgerData,"ledgerHash: ""\341\310\354\0213\033\013\350\207z\236R(|z&\034\335\266\323\356\205\273DV\210\254\213T\rZ\347""; ledgerSeq: 0; type: liTS_CANDIDATE; nodes {;   nodedata: ""\256\322m\2146\221\305\341\316\031h?\276\005\207\253\236\tL;\371W\315\233X\345O\203\332\240\005\360\n\003"";   nodeid: ""\000\000\000\000\000\000\000\000\000\000\000\000\000\000\000\000\000\000\000\000\000\000\000\000\000\000\000\000\000\000\000\000\000""; }; ","ledgerHash: ""\341\310\354\0213\033\013\350\207z\236R(|z&\034\335\266\323\356\205\273DV\210\254\213T\rZ\347""; ledgerSeq: 0; type: liTS_CANDIDATE; nodes {;   nodedata: ""\256\322m\2146\221\305\341\316\031h?\276\005\207\253\236\tL;\371W\315\233X\345O\203\332\240\005\360\n\003"";   nodeid: ""\000\000\000\000\000\000\000\000\000\000\000\000\000\000\000\000\000\000\000\000\000\000\000\000\000\000\000\000\000\000\000\000\000""; }; "
1750527543382,1750527543382,2309,1,4,2,TMGetLedger,"itype: liTS_CANDIDATE; ledgerHash: ""\356\316\306(\314\366\340SA\320e\361\337A\350+\342\334{eBV\360\354\225)\263\237~v\236}""; nodeIDs: ""\000\000\000\000\000\000\000\000\000\000\000\000\000\000\000\000\000\000\000\000\000\000\000\000\000\000\000\000\000\000\000\000\000""; requestCookie: 1; queryType: qtINDIRECT; queryDepth: 3; ","itype: liTS_CANDIDATE; ledgerHash: ""\356\316\306(\314\366\340SA\320e\361\337A\350+\342\334{eBV\360\354\225)\263\237~v\236}""; nodeIDs: ""\000\000\000\000\000\000\000\000\000\000\000\000\000\000\000\000\000\000\000\000\000\000\000\000\000\000\000\000\000\000\000\000\000""; requestCookie: 1; queryType: qtINDIRECT; queryDepth: 3; "
1750527543385,1750527543386,3578,1,1,3,TMLedgerData,"ledgerHash: ""\276\230H\305\2714\032l\253n6W\035\354\257.f\r\217\302\203\224\212L\020\S\370\243OP*""; ledgerSeq: 7; type: liBASE; nodes {;   nodedata: ""\000\000\000\007\001cEx]\211\377\342\360\215\2502\265\245\310\226\243c\302Ze\306\253#r\020\211\320iG\276\020E\317\035Sf\223F\254\000\000\000\000\000\000\000\000\000\000\000\000\000\000\000\000\000\000\000\000\000\000\000\000\000\000\000\000\000\000\000\000\302r\207\007\303\237KvzB\356\335\030k\303\312\246:\352\202\037\210\2545\307\004\232\232\026\223SW/\351\252\253/\351\252\264\n\000""; }; nodes {;   nodedata: ""\341\035\262xv\226\317f5\366\365\252a\177\355\302\326\t\222~j\320f\374/ \363\256\257\361 \303\001\301\025%1L\307\t\261\262z\374\222T\301\274V\236\223\262\270Ct\362\337b\356\024*\324\320\351\317\002k\336\234\027v\351\217\260\303\360\233ZPZWr\246$w\313\313\r\243r\232\2234\373\3539:N\004;tP\302\307\005x\n\302lQ\275\237<g\321\233$\274p\355\310J\230\370\306\264\314\367C\275\272\006E\344\037@\210\363\010\336T\226\247'\204_{\261\370""1\235\2445\343\033Y!\212\201\341\272\225'\007Z\314\023h\n\020~\036\324P\254\001\274\227n\020\273\023\010\nq\216Z\344\004\3612B\205\257\335\036\013\003""; }; ","ledgerHash: ""\276\230H\305\2714\032l\253n6W\035\354\257.f\r\217\302\203\224\212L\020\S\370\243OP*""; ledgerSeq: 7; type: liBASE; nodes {;   nodedata: ""\000\000\000\007\001cEx]\211\377\342\360\215\2502\265\245\310\226\243c\302Ze\306\253#r\020\211\320iG\276\020E\317\035Sf\223F\254\000\000\000\000\000\000\000\000\000\000\000\000\000\000\000\000\000\000\000\000\000\000\000\000\000\000\000\000\000\000\000\000\302r\207\007\303\237KvzB\356\335\030k\303\312\246:\352\202\037\210\2545\307\004\232\232\026\223SW/\351\252\253/\351\252\264\n\000""; }; nodes {;   nodedata: ""\341\035\262xv\226\317f5\366\365\252a\177\355\302\326\t\222~j\320f\374/ \363\256\257\361 \303\001\301\025%1L\307\t\261\262z\374\222T\301\274V\236\223\262\270Ct\362\337b\356\024*\324\320\351\317\002k\336\234\027v\351\217\260\303\360\233ZPZWr\246$w\313\313\r\243r\232\2234\373\3539:N\004;tP\302\307\005x\n\302lQ\275\237<g\321\233$\274p\355\310J\230\370\306\264\314\367C\275\272\006E\344\037@\210\363\010\336T\226\247'\204_{\261\370""1\235\2445\343\033Y!\212\201\341\272\225'\007Z\314\023h\n\020~\036\324P\254\001\274\227n\020\273\023\010\nq\216Z\344\004\3612B\205\257\335\036\013\003""; }; "
1750527543393,1750527543393,2079,1,3,1,TMGetLedger,"itype: liBASE; ledgerHash: ""\326+\03569g\235`}\354\203s\003\217_Vf \233\324\237yU<\242:Zr\321\340\201]""; ledgerSeq: 7; requestCookie: 5; queryType: qtINDIRECT; ","itype: liBASE; ledgerHash: ""\326+\03569g\235`}\354\203s\003\217_Vf \233\324\237yU<\242:Zr\321\340\201]""; ledgerSeq: 7; requestCookie: 5; queryType: qtINDIRECT; "
1750527543410,1750527543410,2764,1,4,3,TMLedgerData,"ledgerHash: ""\341\310\354\0213\033\013\350\207z\236R(|z&\034\335\266\323\356\205\273DV\210\254\213T\rZ\347""; ledgerSeq: 0; type: liTS_CANDIDATE; nodes {;   nodedata: ""\256\322m\2146\221\305\341\316\031h?\276\005\207\253\236\tL;\371W\315\233X\345O\203\332\240\005\360\n\003"";   nodeid: ""\000\000\000\000\000\000\000\000\000\000\000\000\000\000\000\000\000\000\000\000\000\000\000\000\000\000\000\000\000\000\000\000\000""; }; ","ledgerHash: ""\341\310\354\0213\033\013\350\207z\236R(|z&\034\335\266\323\356\205\273DV\210\254\213T\rZ\347""; ledgerSeq: 0; type: liTS_CANDIDATE; nodes {;   nodedata: ""\256\322m\2146\221\305\341\316\031h?\276\005\207\253\236\tL;\371W\315\233X\345O\203\332\240\005\360\n\003"";   nodeid: ""\000\000\000\000\000\000\000\000\000\000\000\000\000\000\000\000\000\000\000\000\000\000\000\000\000\000\000\000\000\000\000\000\000""; }; "
1750527543438,1750527543438,1434,1,0,1,TMLedgerData,"ledgerHash: ""3\321\n7\354)\tf\006\357\205B<h\272GQ \344\262\236\025#\003\024&\310\034\352\376\326""; ledgerSeq: 0; type: liTS_CANDIDATE; nodes {;   nodedata: ""'\240~~s\033\202\356\320\307\177Nt\203\315\245\305\276b\265\310\271\3319\245:\342=c\267\265\233\002\003"";   nodeid: ""\000\000\000\000\000\000\000\000\000\000\000\000\000\000\000\000\000\000\000\000\000\000\000\000\000\000\000\000\000\000\000\000\000""; }; requestCookie: 5; ","ledgerHash: ""3\321\n7\354)\tf\006\357\205B<h\272GQ \344\262\236\025#\003\024&\310\034\352\376\326""; ledgerSeq: 0; type: liTS_CANDIDATE; nodes {;   nodedata: ""'\240~~s\033\202\356\320\307\177Nt\203\315\245\305\276b\265\310\271\3319\245:\342=c\267\265\233\002\003"";   nodeid: ""\000\000\000\000\000\000\000\000\000\000\000\000\000\000\000\000\000\000\000\000\000\000\000\000\000\000\000\000\000\000\000\000\000""; }; requestCookie: 5; "
1750527543440,1750527543440,860,1,1,0,TMLedgerData,"ledgerHash: ""\341\310\354\0213\033\013\350\207z\236R(|z&\034\335\266\323\356\205\273DV\210\254\213T\rZ\347""; ledgerSeq: 0; type: liTS_CANDIDATE; nodes {;   nodedata: ""\256\322m\2146\221\305\341\316\031h?\276\005\207\253\236\tL;\371W\315\233X\345O\203\332\240\005\360\n\003"";   nodeid: ""\000\000\000\000\000\000\000\000\000\000\000\000\000\000\000\000\000\000\000\000\000\000\000\000\000\000\000\000\000\000\000\000\000""; }; requestCookie: 5; ","ledgerHash: ""\341\310\354\0213\033\013\350\207z\236R(|z&\034\335\266\323\356\205\273DV\210\254\213T\rZ\347""; ledgerSeq: 0; type: liTS_CANDIDATE; nodes {;   nodedata: ""\256\322m\2146\221\305\341\316\031h?\276\005\207\253\236\tL;\371W\315\233X\345O\203\332\240\005\360\n\003"";   nodeid: ""\000\000\000\000\000\000\000\000\000\000\000\000\000\000\000\000\000\000\000\000\000\000\000\000\000\000\000\000\000\000\000\000\000""; }; requestCookie: 5; "
1750527543455,1750527543455,1212,1,2,4,TMLedgerData,"ledgerHash: ""\341\310\354\0213\033\013\350\207z\236R(|z&\034\335\266\323\356\205\273DV\210\254\213T\rZ\347""; ledgerSeq: 0; type: liTS_CANDIDATE; nodes {;   nodedata: ""\256\322m\2146\221\305\341\316\031h?\276\005\207\253\236\tL;\371W\315\233X\345O\203\332\240\005\360\n\003"";   nodeid: ""\000\000\000\000\000\000\000\000\000\000\000\000\000\000\000\000\000\000\000\000\000\000\000\000\000\000\000\000\000\000\000\000\000""; }; ","ledgerHash: ""\341\310\354\0213\033\013\350\207z\236R(|z&\034\335\266\323\356\205\273DV\210\254\213T\rZ\347""; ledgerSeq: 0; type: liTS_CANDIDATE; nodes {;   nodedata: ""\256\322m\2146\221\305\341\316\031h?\276\005\207\253\236\tL;\371W\315\233X\345O\203\332\240\005\360\n\003"";   nodeid: ""\000\000\000\000\000\000\000\000\000\000\000\000\000\000\000\000\000\000\000\000\000\000\000\000\000\000\000\000\000\000\000\000\000""; }; "
1750527543458,1750527543459,3085,1,3,0,TMLedgerData,"ledgerHash: ""\363\262\310\025\251\261\276X\247\260J\221\345\357\037\231)|\321K\000\\326E\004\377\005\255""A?\250""; ledgerSeq: 0; type: liTS_CANDIDATE; nodes {;   nodedata: ""MJ\275'\324\005\036\313\204nW\300\362\327\016\205\236\021\351Q6\021\355\301\372\322\276g\026\243\361M\004\003"";   nodeid: ""\000\000\000\000\000\000\000\000\000\000\000\000\000\000\000\000\000\000\000\000\000\000\000\000\000\000\000\000\000\000\000\000\000""; }; ","ledgerHash: ""\363\262\310\025\251\261\276X\247\260J\221\345\357\037\231)|\321K\000\\326E\004\377\005\255""A?\250""; ledgerSeq: 0; type: liTS_CANDIDATE; nodes {;   nodedata: ""MJ\275'\324\005\036\313\204nW\300\362\327\016\205\236\021\351Q6\021\355\301\372\322\276g\026\243\361M\004\003"";   nodeid: ""\000\000\000\000\000\000\000\000\000\000\000\000\000\000\000\000\000\000\000\000\000\000\000\000\000\000\000\000\000\000\000\000\000""; }; "
1750527543483,1750527543483,2079,1,3,1,TMGetLedger,"itype: liTS_CANDIDATE; ledgerHash: ""\341\310\354\0213\033\013\350\207z\236R(|z&\034\335\266\323\356\205\273DV\210\254\213T\rZ\347""; nodeIDs: ""\000\000\000\000\000\000\000\000\000\000\000\000\000\000\000\000\000\000\000\000\000\000\000\000\000\000\000\000\000\000\000\000\000""; requestCookie: 2; queryType: qtINDIRECT; queryDepth: 3; ","itype: liTS_CANDIDATE; ledgerHash: ""\341\310\354\0213\033\013\350\207z\236R(|z&\034\335\266\323\356\205\273DV\210\254\213T\rZ\347""; nodeIDs: ""\000\000\000\000\000\000\000\000\000\000\000\000\000\000\000\000\000\000\000\000\000\000\000\000\000\000\000\000\000\000\000\000\000""; requestCookie: 2; queryType: qtINDIRECT; queryDepth: 3; "
1750527543490,1750527543490,3810,1,1,4,TMGetLedger,"itype: liTS_CANDIDATE; ledgerHash: ""\363\262\310\025\251\261\276X\247\260J\221\345\357\037\231)|\321K\000\\326E\004\377\005\255""A?\250""; nodeIDs: ""\000\000\000\000\000\000\000\000\000\000\000\000\000\000\000\000\000\000\000\000\000\000\000\000\000\000\000\000\000\000\000\000\000""; requestCookie: 2; queryType: qtINDIRECT; queryDepth: 3; ","itype: liTS_CANDIDATE; ledgerHash: ""\363\262\310\025\251\261\276X\247\260J\221\345\357\037\231)|\321K\000\\326E\004\377\005\255""A?\250""; nodeIDs: ""\000\000\000\000\000\000\000\000\000\000\000\000\000\000\000\000\000\000\000\000\000\000\000\000\000\000\000\000\000\000\000\000\000""; requestCookie: 2; queryType: qtINDIRECT; queryDepth: 3; "
1750527543501,1750527543501,380,1,0,4,TMGetLedger,"itype: liTS_CANDIDATE; ledgerHash: ""\356\316\306(\314\366\340SA\320e\361\337A\350+\342\334{eBV\360\354\225)\263\237~v\236}""; nodeIDs: ""\000\000\000\000\000\000\000\000\000\000\000\000\000\000\000\000\000\000\000\000\000\000\000\000\000\000\000\000\000\000\000\000\000""; queryType: qtINDIRECT; queryDepth: 3; ","itype: liTS_CANDIDATE; ledgerHash: ""\356\316\306(\314\366\340SA\320e\361\337A\350+\342\334{eBV\360\354\225)\263\237~v\236}""; nodeIDs: ""\000\000\000\000\000\000\000\000\000\000\000\000\000\000\000\000\000\000\000\000\000\000\000\000\000\000\000\000\000\000\000\000\000""; queryType: qtINDIRECT; queryDepth: 3; "
1750527543502,1750527543502,3094,1,0,3,TMGetLedger,"itype: liTS_CANDIDATE; ledgerHash: ""\356\316\306(\314\366\340SA\320e\361\337A\350+\342\334{eBV\360\354\225)\263\237~v\236}""; nodeIDs: ""\000\000\000\000\000\000\000\000\000\000\000\000\000\000\000\000\000\000\000\000\000\000\000\000\000\000\000\000\000\000\000\000\000""; queryType: qtINDIRECT; queryDepth: 3; ","itype: liTS_CANDIDATE; ledgerHash: ""\356\316\306(\314\366\340SA\320e\361\337A\350+\342\334{eBV\360\354\225)\263\237~v\236}""; nodeIDs: ""\000\000\000\000\000\000\000\000\000\000\000\000\000\000\000\000\000\000\000\000\000\000\000\000\000\000\000\000\000\000\000\000\000""; queryType: qtINDIRECT; queryDepth: 3; "
1750527543502,1750527543502,1199,1,0,2,TMGetLedger,"itype: liTS_CANDIDATE; ledgerHash: ""\356\316\306(\314\366\340SA\320e\361\337A\350+\342\334{eBV\360\354\225)\263\237~v\236}""; nodeIDs: ""\000\000\000\000\000\000\000\000\000\000\000\000\000\000\000\000\000\000\000\000\000\000\000\000\000\000\000\000\000\000\000\000\000""; queryType: qtINDIRECT; queryDepth: 3; ","itype: liTS_CANDIDATE; ledgerHash: ""\356\316\306(\314\366\340SA\320e\361\337A\350+\342\334{eBV\360\354\225)\263\237~v\236}""; nodeIDs: ""\000\000\000\000\000\000\000\000\000\000\000\000\000\000\000\000\000\000\000\000\000\000\000\000\000\000\000\000\000\000\000\000\000""; queryType: qtINDIRECT; queryDepth: 3; "
1750527543501,1750527543502,3375,1,0,1,TMGetLedger,"itype: liTS_CANDIDATE; ledgerHash: ""\356\316\306(\314\366\340SA\320e\361\337A\350+\342\334{eBV\360\354\225)\263\237~v\236}""; nodeIDs: ""\000\000\000\000\000\000\000\000\000\000\000\000\000\000\000\000\000\000\000\000\000\000\000\000\000\000\000\000\000\000\000\000\000""; queryType: qtINDIRECT; queryDepth: 3; ","itype: liTS_CANDIDATE; ledgerHash: ""\356\316\306(\314\366\340SA\320e\361\337A\350+\342\334{eBV\360\354\225)\263\237~v\236}""; nodeIDs: ""\000\000\000\000\000\000\000\000\000\000\000\000\000\000\000\000\000\000\000\000\000\000\000\000\000\000\000\000\000\000\000\000\000""; queryType: qtINDIRECT; queryDepth: 3; "
1750527543505,1750527543505,2764,1,4,3,TMLedgerData,"ledgerHash: ""\341\310\354\0213\033\013\350\207z\236R(|z&\034\335\266\323\356\205\273DV\210\254\213T\rZ\347""; ledgerSeq: 0; type: liTS_CANDIDATE; nodes {;   nodedata: ""\256\322m\2146\221\305\341\316\031h?\276\005\207\253\236\tL;\371W\315\233X\345O\203\332\240\005\360\n\003"";   nodeid: ""\000\000\000\000\000\000\000\000\000\000\000\000\000\000\000\000\000\000\000\000\000\000\000\000\000\000\000\000\000\000\000\000\000""; }; requestCookie: 2; ","ledgerHash: ""\341\310\354\0213\033\013\350\207z\236R(|z&\034\335\266\323\356\205\273DV\210\254\213T\rZ\347""; ledgerSeq: 0; type: liTS_CANDIDATE; nodes {;   nodedata: ""\256\322m\2146\221\305\341\316\031h?\276\005\207\253\236\tL;\371W\315\233X\345O\203\332\240\005\360\n\003"";   nodeid: ""\000\000\000\000\000\000\000\000\000\000\000\000\000\000\000\000\000\000\000\000\000\000\000\000\000\000\000\000\000\000\000\000\000""; }; requestCookie: 2; "
1750527543509,1750527543509,860,1,1,0,TMLedgerData,"ledgerHash: ""\341\310\354\0213\033\013\350\207z\236R(|z&\034\335\266\323\356\205\273DV\210\254\213T\rZ\347""; ledgerSeq: 0; type: liTS_CANDIDATE; nodes {;   nodedata: ""\256\322m\2146\221\305\341\316\031h?\276\005\207\253\236\tL;\371W\315\233X\345O\203\332\240\005\360\n\003"";   nodeid: ""\000\000\000\000\000\000\000\000\000\000\000\000\000\000\000\000\000\000\000\000\000\000\000\000\000\000\000\000\000\000\000\000\000""; }; requestCookie: 3; ","ledgerHash: ""\341\310\354\0213\033\013\350\207z\236R(|z&\034\335\266\323\356\205\273DV\210\254\213T\rZ\347""; ledgerSeq: 0; type: liTS_CANDIDATE; nodes {;   nodedata: ""\256\322m\2146\221\305\341\316\031h?\276\005\207\253\236\tL;\371W\315\233X\345O\203\332\240\005\360\n\003"";   nodeid: ""\000\000\000\000\000\000\000\000\000\000\000\000\000\000\000\000\000\000\000\000\000\000\000\000\000\000\000\000\000\000\000\000\000""; }; requestCookie: 3; "
1750527543513,1750527543513,860,1,1,0,TMLedgerData,"ledgerHash: ""\341\310\354\0213\033\013\350\207z\236R(|z&\034\335\266\323\356\205\273DV\210\254\213T\rZ\347""; ledgerSeq: 0; type: liTS_CANDIDATE; nodes {;   nodedata: ""\256\322m\2146\221\305\341\316\031h?\276\005\207\253\236\tL;\371W\315\233X\345O\203\332\240\005\360\n\003"";   nodeid: ""\000\000\000\000\000\000\000\000\000\000\000\000\000\000\000\000\000\000\000\000\000\000\000\000\000\000\000\000\000\000\000\000\000""; }; requestCookie: 4; ","ledgerHash: ""\341\310\354\0213\033\013\350\207z\236R(|z&\034\335\266\323\356\205\273DV\210\254\213T\rZ\347""; ledgerSeq: 0; type: liTS_CANDIDATE; nodes {;   nodedata: ""\256\322m\2146\221\305\341\316\031h?\276\005\207\253\236\tL;\371W\315\233X\345O\203\332\240\005\360\n\003"";   nodeid: ""\000\000\000\000\000\000\000\000\000\000\000\000\000\000\000\000\000\000\000\000\000\000\000\000\000\000\000\000\000\000\000\000\000""; }; requestCookie: 4; "
1750527543513,1750527543513,1539,1,4,2,TMLedgerData,"ledgerHash: ""\341\310\354\0213\033\013\350\207z\236R(|z&\034\335\266\323\356\205\273DV\210\254\213T\rZ\347""; ledgerSeq: 0; type: liTS_CANDIDATE; nodes {;   nodedata: ""\256\322m\2146\221\305\341\316\031h?\276\005\207\253\236\tL;\371W\315\233X\345O\203\332\240\005\360\n\003"";   nodeid: ""\000\000\000\000\000\000\000\000\000\000\000\000\000\000\000\000\000\000\000\000\000\000\000\000\000\000\000\000\000\000\000\000\000""; }; ","ledgerHash: ""\341\310\354\0213\033\013\350\207z\236R(|z&\034\335\266\323\356\205\273DV\210\254\213T\rZ\347""; ledgerSeq: 0; type: liTS_CANDIDATE; nodes {;   nodedata: ""\256\322m\2146\221\305\341\316\031h?\276\005\207\253\236\tL;\371W\315\233X\345O\203\332\240\005\360\n\003"";   nodeid: ""\000\000\000\000\000\000\000\000\000\000\000\000\000\000\000\000\000\000\000\000\000\000\000\000\000\000\000\000\000\000\000\000\000""; }; "
1750527543514,1750527543515,860,1,1,0,TMLedgerData,"ledgerHash: ""\341\310\354\0213\033\013\350\207z\236R(|z&\034\335\266\323\356\205\273DV\210\254\213T\rZ\347""; ledgerSeq: 0; type: liTS_CANDIDATE; nodes {;   nodedata: ""\256\322m\2146\221\305\341\316\031h?\276\005\207\253\236\tL;\371W\315\233X\345O\203\332\240\005\360\n\003"";   nodeid: ""\000\000\000\000\000\000\000\000\000\000\000\000\000\000\000\000\000\000\000\000\000\000\000\000\000\000\000\000\000\000\000\000\000""; }; ","ledgerHash: ""\341\310\354\0213\033\013\350\207z\236R(|z&\034\335\266\323\356\205\273DV\210\254\213T\rZ\347""; ledgerSeq: 0; type: liTS_CANDIDATE; nodes {;   nodedata: ""\256\322m\2146\221\305\341\316\031h?\276\005\207\253\236\tL;\371W\315\233X\345O\203\332\240\005\360\n\003"";   nodeid: ""\000\000\000\000\000\000\000\000\000\000\000\000\000\000\000\000\000\000\000\000\000\000\000\000\000\000\000\000\000\000\000\000\000""; }; "
1750527543544,1750527543544,1019,1,3,4,TMGetLedger,"itype: liTS_CANDIDATE; ledgerHash: ""\341\310\354\0213\033\013\350\207z\236R(|z&\034\335\266\323\356\205\273DV\210\254\213T\rZ\347""; nodeIDs: ""\000\000\000\000\000\000\000\000\000\000\000\000\000\000\000\000\000\000\000\000\000\000\000\000\000\000\000\000\000\000\000\000\000""; requestCookie: 4; queryType: qtINDIRECT; queryDepth: 3; ","itype: liTS_CANDIDATE; ledgerHash: ""\341\310\354\0213\033\013\350\207z\236R(|z&\034\335\266\323\356\205\273DV\210\254\213T\rZ\347""; nodeIDs: ""\000\000\000\000\000\000\000\000\000\000\000\000\000\000\000\000\000\000\000\000\000\000\000\000\000\000\000\000\000\000\000\000\000""; requestCookie: 4; queryType: qtINDIRECT; queryDepth: 3; "
1750527543549,1750527543550,1996,1,0,4,TMLedgerData,"ledgerHash: ""\341\310\354\0213\033\013\350\207z\236R(|z&\034\335\266\323\356\205\273DV\210\254\213T\rZ\347""; ledgerSeq: 0; type: liTS_CANDIDATE; nodes {;   nodedata: ""\256\322m\2146\221\305\341\316\031h?\276\005\207\253\236\tL;\371W\315\233X\345O\203\332\240\005\360\n\003"";   nodeid: ""\000\000\000\000\000\000\000\000\000\000\000\000\000\000\000\000\000\000\000\000\000\000\000\000\000\000\000\000\000\000\000\000\000""; }; ","ledgerHash: ""\341\310\354\0213\033\013\350\207z\236R(|z&\034\335\266\323\356\205\273DV\210\254\213T\rZ\347""; ledgerSeq: 0; type: liTS_CANDIDATE; nodes {;   nodedata: ""\256\322m\2146\221\305\341\316\031h?\276\005\207\253\236\tL;\371W\315\233X\345O\203\332\240\005\360\n\003"";   nodeid: ""\000\000\000\000\000\000\000\000\000\000\000\000\000\000\000\000\000\000\000\000\000\000\000\000\000\000\000\000\000\000\000\000\000""; }; "
1750527543550,1750527543550,1665,1,2,3,TMLedgerData,"ledgerHash: ""\341\310\354\0213\033\013\350\207z\236R(|z&\034\335\266\323\356\205\273DV\210\254\213T\rZ\347""; ledgerSeq: 0; type: liTS_CANDIDATE; nodes {;   nodedata: ""\256\322m\2146\221\305\341\316\031h?\276\005\207\253\236\tL;\371W\315\233X\345O\203\332\240\005\360\n\003"";   nodeid: ""\000\000\000\000\000\000\000\000\000\000\000\000\000\000\000\000\000\000\000\000\000\000\000\000\000\000\000\000\000\000\000\000\000""; }; ","ledgerHash: ""\341\310\354\0213\033\013\350\207z\236R(|z&\034\335\266\323\356\205\273DV\210\254\213T\rZ\347""; ledgerSeq: 0; type: liTS_CANDIDATE; nodes {;   nodedata: ""\256\322m\2146\221\305\341\316\031h?\276\005\207\253\236\tL;\371W\315\233X\345O\203\332\240\005\360\n\003"";   nodeid: ""\000\000\000\000\000\000\000\000\000\000\000\000\000\000\000\000\000\000\000\000\000\000\000\000\000\000\000\000\000\000\000\000\000""; }; "
1750527543565,1750527543565,1542,1,0,4,TMHaveTransactionSet,"status: tsHAVE; hash: ""\356\316\306(\314\366\340SA\320e\361\337A\350+\342\334{eBV\360\354\225)\263\237~v\236}""; ","status: tsHAVE; hash: ""\356\316\306(\314\366\340SA\320e\361\337A\350+\342\334{eBV\360\354\225)\263\237~v\236}""; "
1750527543566,1750527543566,2759,1,0,3,TMHaveTransactionSet,"status: tsHAVE; hash: ""\356\316\306(\314\366\340SA\320e\361\337A\350+\342\334{eBV\360\354\225)\263\237~v\236}""; ","status: tsHAVE; hash: ""\356\316\306(\314\366\340SA\320e\361\337A\350+\342\334{eBV\360\354\225)\263\237~v\236}""; "
1750527543566,1750527543566,1446,1,0,2,TMHaveTransactionSet,"status: tsHAVE; hash: ""\356\316\306(\314\366\340SA\320e\361\337A\350+\342\334{eBV\360\354\225)\263\237~v\236}""; ","status: tsHAVE; hash: ""\356\316\306(\314\366\340SA\320e\361\337A\350+\342\334{eBV\360\354\225)\263\237~v\236}""; "
1750527543566,1750527543566,2092,1,0,1,TMHaveTransactionSet,"status: tsHAVE; hash: ""\356\316\306(\314\366\340SA\320e\361\337A\350+\342\334{eBV\360\354\225)\263\237~v\236}""; ","status: tsHAVE; hash: ""\356\316\306(\314\366\340SA\320e\361\337A\350+\342\334{eBV\360\354\225)\263\237~v\236}""; "
1750527543578,1750527543578,3578,1,1,3,TMLedgerData,"ledgerHash: ""3\321\n7\354)\tf\006\357\205B<h\272GQ \344\262\236\025#\003\024&\310\034\352\376\326""; ledgerSeq: 0; type: liTS_CANDIDATE; nodes {;   nodedata: ""'\240~~s\033\202\356\320\307\177Nt\203\315\245\305\276b\265\310\271\3319\245:\342=c\267\265\233\002\003"";   nodeid: ""\000\000\000\000\000\000\000\000\000\000\000\000\000\000\000\000\000\000\000\000\000\000\000\000\000\000\000\000\000\000\000\000\000""; }; ","ledgerHash: ""3\321\n7\354)\tf\006\357\205B<h\272GQ \344\262\236\025#\003\024&\310\034\352\376\326""; ledgerSeq: 0; type: liTS_CANDIDATE; nodes {;   nodedata: ""'\240~~s\033\202\356\320\307\177Nt\203\315\245\305\276b\265\310\271\3319\245:\342=c\267\265\233\002\003"";   nodeid: ""\000\000\000\000\000\000\000\000\000\000\000\000\000\000\000\000\000\000\000\000\000\000\000\000\000\000\000\000\000\000\000\000\000""; }; "
1750527543585,1750527543585,3578,1,1,3,TMLedgerData,"ledgerHash: ""\341\310\354\0213\033\013\350\207z\236R(|z&\034\335\266\323\356\205\273DV\210\254\213T\rZ\347""; ledgerSeq: 0; type: liTS_CANDIDATE; nodes {;   nodedata: ""\256\322m\2146\221\305\341\316\031h?\276\005\207\253\236\tL;\371W\315\233X\345O\203\332\240\005\360\n\003"";   nodeid: ""\000\000\000\000\000\000\000\000\000\000\000\000\000\000\000\000\000\000\000\000\000\000\000\000\000\000\000\000\000\000\000\000\000""; }; ","ledgerHash: ""\341\310\354\0213\033\013\350\207z\236R(|z&\034\335\266\323\356\205\273DV\210\254\213T\rZ\347""; ledgerSeq: 0; type: liTS_CANDIDATE; nodes {;   nodedata: ""\256\322m\2146\221\305\341\316\031h?\276\005\207\253\236\tL;\371W\315\233X\345O\203\332\240\005\360\n\003"";   nodeid: ""\000\000\000\000\000\000\000\000\000\000\000\000\000\000\000\000\000\000\000\000\000\000\000\000\000\000\000\000\000\000\000\000\000""; }; "
1750527543606,1750527543606,3719,1,2,4,TMGetLedger,"itype: liAS_NODE; ledgerHash: ""\033@\177e\277\016\010u\327\371&\262\312\317Q\2361t\377x\234\001v\003%\030\325_\225g\204\346""; ledgerSeq: 7; nodeIDs: ""`\000\000\000\000\000\000\000\000\000\000\000\000\000\000\000\000\000\000\000\000\000\000\000\000\000\000\000\000\000\000\000\001""; nodeIDs: ""\020\000\000\000\000\000\000\000\000\000\000\000\000\000\000\000\000\000\000\000\000\000\000\000\000\000\000\000\000\000\000\000\001""; queryType: qtINDIRECT; queryDepth: 1; ","itype: liAS_NODE; ledgerHash: ""\033@\177e\277\016\010u\327\371&\262\312\317Q\2361t\377x\234\001v\003%\030\325_\225g\204\346""; ledgerSeq: 7; nodeIDs: ""`\000\000\000\000\000\000\000\000\000\000\000\000\000\000\000\000\000\000\000\000\000\000\000\000\000\000\000\000\000\000\000\001""; nodeIDs: ""\020\000\000\000\000\000\000\000\000\000\000\000\000\000\000\000\000\000\000\000\000\000\000\000\000\000\000\000\000\000\000\000\001""; queryType: qtINDIRECT; queryDepth: 1; "
1750527543633,1750527543633,2309,1,4,2,TMGetLedger,"itype: liTS_CANDIDATE; ledgerHash: ""\356\316\306(\314\366\340SA\320e\361\337A\350+\342\334{eBV\360\354\225)\263\237~v\236}""; nodeIDs: ""\000\000\000\000\000\000\000\000\000\000\000\000\000\000\000\000\000\000\000\000\000\000\000\000\000\000\000\000\000\000\000\000\000""; requestCookie: 1; queryType: qtINDIRECT; queryDepth: 3; ","itype: liTS_CANDIDATE; ledgerHash: ""\356\316\306(\314\366\340SA\320e\361\337A\350+\342\334{eBV\360\354\225)\263\237~v\236}""; nodeIDs: ""\000\000\000\000\000\000\000\000\000\000\000\000\000\000\000\000\000\000\000\000\000\000\000\000\000\000\000\000\000\000\000\000\000""; requestCookie: 1; queryType: qtINDIRECT; queryDepth: 3; "
1750527543644,1750527543644,3810,1,1,4,TMGetLedger,"itype: liAS_NODE; ledgerHash: ""\033@\177e\277\016\010u\327\371&\262\312\317Q\2361t\377x\234\001v\003%\030\325_\225g\204\346""; ledgerSeq: 7; nodeIDs: ""`\000\000\000\000\000\000\000\000\000\000\000\000\000\000\000\000\000\000\000\000\000\000\000\000\000\000\000\000\000\000\000\001""; nodeIDs: ""\020\000\000\000\000\000\000\000\000\000\000\000\000\000\000\000\000\000\000\000\000\000\000\000\000\000\000\000\000\000\000\000\001""; queryType: qtINDIRECT; queryDepth: 1; ","itype: liAS_NODE; ledgerHash: ""\033@\177e\277\016\010u\327\371&\262\312\317Q\2361t\377x\234\001v\003%\030\325_\225g\204\346""; ledgerSeq: 7; nodeIDs: ""`\000\000\000\000\000\000\000\000\000\000\000\000\000\000\000\000\000\000\000\000\000\000\000\000\000\000\000\000\000\000\000\001""; nodeIDs: ""\020\000\000\000\000\000\000\000\000\000\000\000\000\000\000\000\000\000\000\000\000\000\000\000\000\000\000\000\000\000\000\000\001""; queryType: qtINDIRECT; queryDepth: 1; "
1750527543646,1750527543646,1497,1,0,3,TMLedgerData,"ledgerHash: ""\341\310\354\0213\033\013\350\207z\236R(|z&\034\335\266\323\356\205\273DV\210\254\213T\rZ\347""; ledgerSeq: 0; type: liTS_CANDIDATE; nodes {;   nodedata: ""\256\322m\2146\221\305\341\316\031h?\276\005\207\253\236\tL;\371W\315\233X\345O\203\332\240\005\360\n\003"";   nodeid: ""\000\000\000\000\000\000\000\000\000\000\000\000\000\000\000\000\000\000\000\000\000\000\000\000\000\000\000\000\000\000\000\000\000""; }; ","ledgerHash: ""\341\310\354\0213\033\013\350\207z\236R(|z&\034\335\266\323\356\205\273DV\210\254\213T\rZ\347""; ledgerSeq: 0; type: liTS_CANDIDATE; nodes {;   nodedata: ""\256\322m\2146\221\305\341\316\031h?\276\005\207\253\236\tL;\371W\315\233X\345O\203\332\240\005\360\n\003"";   nodeid: ""\000\000\000\000\000\000\000\000\000\000\000\000\000\000\000\000\000\000\000\000\000\000\000\000\000\000\000\000\000\000\000\000\000""; }; "
1750527543646,1750527543646,3818,1,0,2,TMLedgerData,"ledgerHash: ""\341\310\354\0213\033\013\350\207z\236R(|z&\034\335\266\323\356\205\273DV\210\254\213T\rZ\347""; ledgerSeq: 0; type: liTS_CANDIDATE; nodes {;   nodedata: ""\256\322m\2146\221\305\341\316\031h?\276\005\207\253\236\tL;\371W\315\233X\345O\203\332\240\005\360\n\003"";   nodeid: ""\000\000\000\000\000\000\000\000\000\000\000\000\000\000\000\000\000\000\000\000\000\000\000\000\000\000\000\000\000\000\000\000\000""; }; ","ledgerHash: ""\341\310\354\0213\033\013\350\207z\236R(|z&\034\335\266\323\356\205\273DV\210\254\213T\rZ\347""; ledgerSeq: 0; type: liTS_CANDIDATE; nodes {;   nodedata: ""\256\322m\2146\221\305\341\316\031h?\276\005\207\253\236\tL;\371W\315\233X\345O\203\332\240\005\360\n\003"";   nodeid: ""\000\000\000\000\000\000\000\000\000\000\000\000\000\000\000\000\000\000\000\000\000\000\000\000\000\000\000\000\000\000\000\000\000""; }; "
1750527543654,1750527543654,3578,1,1,3,TMLedgerData,"ledgerHash: ""\276\230H\305\2714\032l\253n6W\035\354\257.f\r\217\302\203\224\212L\020\S\370\243OP*""; ledgerSeq: 7; type: liBASE; nodes {;   nodedata: ""\000\000\000\007\001cEx]\211\377\342\360\215\2502\265\245\310\226\243c\302Ze\306\253#r\020\211\320iG\276\020E\317\035Sf\223F\254\000\000\000\000\000\000\000\000\000\000\000\000\000\000\000\000\000\000\000\000\000\000\000\000\000\000\000\000\000\000\000\000\302r\207\007\303\237KvzB\356\335\030k\303\312\246:\352\202\037\210\2545\307\004\232\232\026\223SW/\351\252\253/\351\252\264\n\000""; }; nodes {;   nodedata: ""\341\035\262xv\226\317f5\366\365\252a\177\355\302\326\t\222~j\320f\374/ \363\256\257\361 \303\001\301\025%1L\307\t\261\262z\374\222T\301\274V\236\223\262\270Ct\362\337b\356\024*\324\320\351\317\002k\336\234\027v\351\217\260\303\360\233ZPZWr\246$w\313\313\r\243r\232\2234\373\3539:N\004;tP\302\307\005x\n\302lQ\275\237<g\321\233$\274p\355\310J\230\370\306\264\314\367C\275\272\006E\344\037@\210\363\010\336T\226\247'\204_{\261\370""1\235\2445\343\033Y!\212\201\341\272\225'\007Z\314\023h\n\020~\036\324P\254\001\274\227n\020\273\023\010\nq\216Z\344\004\3612B\205\257\335\036\013\003""; }; ","ledgerHash: ""\276\230H\305\2714\032l\253n6W\035\354\257.f\r\217\302\203\224\212L\020\S\370\243OP*""; ledgerSeq: 7; type: liBASE; nodes {;   nodedata: ""\000\000\000\007\001cEx]\211\377\342\360\215\2502\265\245\310\226\243c\302Ze\306\253#r\020\211\320iG\276\020E\317\035Sf\223F\254\000\000\000\000\000\000\000\000\000\000\000\000\000\000\000\000\000\000\000\000\000\000\000\000\000\000\000\000\000\000\000\000\302r\207\007\303\237KvzB\356\335\030k\303\312\246:\352\202\037\210\2545\307\004\232\232\026\223SW/\351\252\253/\351\252\264\n\000""; }; nodes {;   nodedata: ""\341\035\262xv\226\317f5\366\365\252a\177\355\302\326\t\222~j\320f\374/ \363\256\257\361 \303\001\301\025%1L\307\t\261\262z\374\222T\301\274V\236\223\262\270Ct\362\337b\356\024*\324\320\351\317\002k\336\234\027v\351\217\260\303\360\233ZPZWr\246$w\313\313\r\243r\232\2234\373\3539:N\004;tP\302\307\005x\n\302lQ\275\237<g\321\233$\274p\355\310J\230\370\306\264\314\367C\275\272\006E\344\037@\210\363\010\336T\226\247'\204_{\261\370""1\235\2445\343\033Y!\212\201\341\272\225'\007Z\314\023h\n\020~\036\324P\254\001\274\227n\020\273\023\010\nq\216Z\344\004\3612B\205\257\335\036\013\003""; }; "
1750527543656,1750527543656,3378,1,4,0,TMLedgerData,"ledgerHash: ""\341\310\354\0213\033\013\350\207z\236R(|z&\034\335\266\323\356\205\273DV\210\254\213T\rZ\347""; ledgerSeq: 0; type: liTS_CANDIDATE; nodes {;   nodedata: ""\256\322m\2146\221\305\341\316\031h?\276\005\207\253\236\tL;\371W\315\233X\345O\203\332\240\005\360\n\003"";   nodeid: ""\000\000\000\000\000\000\000\000\000\000\000\000\000\000\000\000\000\000\000\000\000\000\000\000\000\000\000\000\000\000\000\000\000""; }; ","ledgerHash: ""\341\310\354\0213\033\013\350\207z\236R(|z&\034\335\266\323\356\205\273DV\210\254\213T\rZ\347""; ledgerSeq: 0; type: liTS_CANDIDATE; nodes {;   nodedata: ""\256\322m\2146\221\305\341\316\031h?\276\005\207\253\236\tL;\371W\315\233X\345O\203\332\240\005\360\n\003"";   nodeid: ""\000\000\000\000\000\000\000\000\000\000\000\000\000\000\000\000\000\000\000\000\000\000\000\000\000\000\000\000\000\000\000\000\000""; }; "
1750527543658,1750527543658,1968,1,1,2,TMLedgerData,"ledgerHash: ""\326+\03569g\235`}\354\203s\003\217_Vf \233\324\237yU<\242:Zr\321\340\201]""; ledgerSeq: 7; type: liAS_NODE; nodes {;   nodedata: ""\021\000a""\000\000\000\000$\000\000\000\005%\000\000\000\007-\000\000\000\000U\256\322m\2146\221\305\341\316\031h?\276\005\207\253\236\tL;\371W\315\233X\345O\203\332\240\005\360b@\000\000*$\200\024@\201\024\237\311\327\222\336\304\221\216Q\027\001uf'%5\022:P\210@e&\014`#?\020s\314\3035_u\244\223G\263\322\035\357\201\363\033\220\333`\311\331n\373\360\001"";   nodeid: ""@\000\000\000\000\000\000\000\000\000\000\000\000\000\000\000\000\000\000\000\000\000\000\000\000\000\000\000\000\000\000\000\001""; }; nodes {;   nodedata: ""\021\000a""\000\000\000\000$\000\000\000\006%\000\000\000\007-\000\000\000\000U\256\322m\2146\221\305\341\316\031h?\276\005\207\253\236\tL;\371W\315\233X\345O\203\332\240\005\360b@\000\000\004l\214@6\201\024\3177\2633\3425H\2210g]\027\350~`\267{\247\373\332g\244\337\353\312\013\236hD\305E\177)\365\031\344}\231\342 ?\273\261,\263l\2443V5tR\001"";   nodeid: ""`\000\000\000\000\000\000\000\000\000\000\000\000\000\000\000\000\000\000\000\000\000\000\000\000\000\000\000\000\000\000\000\001""; }; ","ledgerHash: ""\326+\03569g\235`}\354\203s\003\217_Vf \233\324\237yU<\242:Zr\321\340\201]""; ledgerSeq: 7; type: liAS_NODE; nodes {;   nodedata: ""\021\000a""\000\000\000\000$\000\000\000\005%\000\000\000\007-\000\000\000\000U\256\322m\2146\221\305\341\316\031h?\276\005\207\253\236\tL;\371W\315\233X\345O\203\332\240\005\360b@\000\000*$\200\024@\201\024\237\311\327\222\336\304\221\216Q\027\001uf'%5\022:P\210@e&\014`#?\020s\314\3035_u\244\223G\263\322\035\357\201\363\033\220\333`\311\331n\373\360\001"";   nodeid: ""@\000\000\000\000\000\000\000\000\000\000\000\000\000\000\000\000\000\000\000\000\000\000\000\000\000\000\000\000\000\000\000\001""; }; nodes {;   nodedata: ""\021\000a""\000\000\000\000$\000\000\000\006%\000\000\000\007-\000\000\000\000U\256\322m\2146\221\305\341\316\031h?\276\005\207\253\236\tL;\371W\315\233X\345O\203\332\240\005\360b@\000\000\004l\214@6\201\024\3177\2633\3425H\2210g]\027\350~`\267{\247\373\332g\244\337\353\312\013\236hD\305E\177)\365\031\344}\231\342 ?\273\261,\263l\2443V5tR\001"";   nodeid: ""`\000\000\000\000\000\000\000\000\000\000\000\000\000\000\000\000\000\000\000\000\000\000\000\000\000\000\000\000\000\000\000\001""; }; "
1750527543660,1750527543660,2764,1,4,3,TMLedgerData,"ledgerHash: ""\341\310\354\0213\033\013\350\207z\236R(|z&\034\335\266\323\356\205\273DV\210\254\213T\rZ\347""; ledgerSeq: 0; type: liTS_CANDIDATE; nodes {;   nodedata: ""\256\322m\2146\221\305\341\316\031h?\276\005\207\253\236\tL;\371W\315\233X\345O\203\332\240\005\360\n\003"";   nodeid: ""\000\000\000\000\000\000\000\000\000\000\000\000\000\000\000\000\000\000\000\000\000\000\000\000\000\000\000\000\000\000\000\000\000""; }; ","ledgerHash: ""\341\310\354\0213\033\013\350\207z\236R(|z&\034\335\266\323\356\205\273DV\210\254\213T\rZ\347""; ledgerSeq: 0; type: liTS_CANDIDATE; nodes {;   nodedata: ""\256\322m\2146\221\305\341\316\031h?\276\005\207\253\236\tL;\371W\315\233X\345O\203\332\240\005\360\n\003"";   nodeid: ""\000\000\000\000\000\000\000\000\000\000\000\000\000\000\000\000\000\000\000\000\000\000\000\000\000\000\000\000\000\000\000\000\000""; }; "
1750527543689,1750527543689,860,1,1,0,TMLedgerData,"ledgerHash: ""\341\310\354\0213\033\013\350\207z\236R(|z&\034\335\266\323\356\205\273DV\210\254\213T\rZ\347""; ledgerSeq: 0; type: liTS_CANDIDATE; nodes {;   nodedata: ""\256\322m\2146\221\305\341\316\031h?\276\005\207\253\236\tL;\371W\315\233X\345O\203\332\240\005\360\n\003"";   nodeid: ""\000\000\000\000\000\000\000\000\000\000\000\000\000\000\000\000\000\000\000\000\000\000\000\000\000\000\000\000\000\000\000\000\000""; }; requestCookie: 5; ","ledgerHash: ""\341\310\354\0213\033\013\350\207z\236R(|z&\034\335\266\323\356\205\273DV\210\254\213T\rZ\347""; ledgerSeq: 0; type: liTS_CANDIDATE; nodes {;   nodedata: ""\256\322m\2146\221\305\341\316\031h?\276\005\207\253\236\tL;\371W\315\233X\345O\203\332\240\005\360\n\003"";   nodeid: ""\000\000\000\000\000\000\000\000\000\000\000\000\000\000\000\000\000\000\000\000\000\000\000\000\000\000\000\000\000\000\000\000\000""; }; requestCookie: 5; "
1750527543689,1750527543689,1968,1,1,2,TMLedgerData,"ledgerHash: ""\326+\03569g\235`}\354\203s\003\217_Vf \233\324\237yU<\242:Zr\321\340\201]""; ledgerSeq: 7; type: liBASE; nodes {;   nodedata: ""\000\000\000\007\001cEx]\211\377\330\360\215\2502\265\245\310\226\243c\302Ze\306\253#r\020\211\320iG\276\020E\317\035Sf\223F\254\020N |\264\023\251\372`\001\r\225\217P\243\370m\037op\306\025\027\013\002\257\266J\025/\3729\220\014>4\264\253\207\255\233\\356\277\340\345\017\323\341\201\004TK\004\373\204\253\204\240\3155\357\026\353/\351\252\253/\351\252\264\n\000""; }; nodes {;   nodedata: ""\341\035\262xv\226\317f5\366\365\252a\177\355\302\326\t\222~j\320f\374/ \363\256\257\361 \303\001\301\025%1L\307\t\261\262z\374\222T\301\274V\236\223\262\270Ct\362\337b\356\024*\324\320\351\317\002,\377\251Q\263\245*\373\267\332I\261\001\251N\313Su!\333\331\260|\312%\271\263\267\320\313\036\303\004\330\210a4\256y^267\344\320H\t\331\316{n\002q\260\017U_\270\321B\024U\313\2054\006E\344\037@\210\363\010\336T\226\247'\204_{\261\370""1\235\2445\343\033Y!\212\201\341\272\225'\007Z\314\023h\n\020~\036\324P\254\001\274\227n\020\273\023\010\nq\216Z\344\004\3612B\205\257\335\036\013\003""; }; nodes {;   nodedata: ""\233\330\223\352\3012\234}\322\031(\362*;JR3m]\203<\234\204jiO\033\304\322\017\232\202\n\003""; }; requestCookie: 5; ","ledgerHash: ""\326+\03569g\235`}\354\203s\003\217_Vf \233\324\237yU<\242:Zr\321\340\201]""; ledgerSeq: 7; type: liBASE; nodes {;   nodedata: ""\000\000\000\007\001cEx]\211\377\330\360\215\2502\265\245\310\226\243c\302Ze\306\253#r\020\211\320iG\276\020E\317\035Sf\223F\254\020N |\264\023\251\372`\001\r\225\217P\243\370m\037op\306\025\027\013\002\257\266J\025/\3729\220\014>4\264\253\207\255\233\\356\277\340\345\017\323\341\201\004TK\004\373\204\253\204\240\3155\357\026\353/\351\252\253/\351\252\264\n\000""; }; nodes {;   nodedata: ""\341\035\262xv\226\317f5\366\365\252a\177\355\302\326\t\222~j\320f\374/ \363\256\257\361 \303\001\301\025%1L\307\t\261\262z\374\222T\301\274V\236\223\262\270Ct\362\337b\356\024*\324\320\351\317\002,\377\251Q\263\245*\373\267\332I\261\001\251N\313Su!\333\331\260|\312%\271\263\267\320\313\036\303\004\330\210a4\256y^267\344\320H\t\331\316{n\002q\260\017U_\270\321B\024U\313\2054\006E\344\037@\210\363\010\336T\226\247'\204_{\261\370""1\235\2445\343\033Y!\212\201\341\272\225'\007Z\314\023h\n\020~\036\324P\254\001\274\227n\020\273\023\010\nq\216Z\344\004\3612B\205\257\335\036\013\003""; }; nodes {;   nodedata: ""\233\330\223\352\3012\234}\322\031(\362*;JR3m]\203<\234\204jiO\033\304\322\017\232\202\n\003""; }; requestCookie: 5; "
1750527543690,1750527543690,1434,1,0,1,TMLedgerData,"ledgerHash: ""3\321\n7\354)\tf\006\357\205B<h\272GQ \344\262\236\025#\003\024&\310\034\352\376\326""; ledgerSeq: 0; type: liTS_CANDIDATE; nodes {;   nodedata: ""'\240~~s\033\202\356\320\307\177Nt\203\315\245\305\276b\265\310\271\3319\245:\342=c\267\265\233\002\003"";   nodeid: ""\000\000\000\000\000\000\000\000\000\000\000\000\000\000\000\000\000\000\000\000\000\000\000\000\000\000\000\000\000\000\000\000\000""; }; requestCookie: 5; ","ledgerHash: ""3\321\n7\354)\tf\006\357\205B<h\272GQ \344\262\236\025#\003\024&\310\034\352\376\326""; ledgerSeq: 0; type: liTS_CANDIDATE; nodes {;   nodedata: ""'\240~~s\033\202\356\320\307\177Nt\203\315\245\305\276b\265\310\271\3319\245:\342=c\267\265\233\002\003"";   nodeid: ""\000\000\000\000\000\000\000\000\000\000\000\000\000\000\000\000\000\000\000\000\000\000\000\000\000\000\000\000\000\000\000\000\000""; }; requestCookie: 5; "
1750527543700,1750527543700,612,1,2,0,TMLedgerData,"ledgerHash: ""\356\316\306(\314\366\340SA\320e\361\337A\350+\342\334{eBV\360\354\225)\263\237~v\236}""; ledgerSeq: 0; type: liTS_CANDIDATE; nodes {;   nodedata: ""\216b\024\334gS\347X\272b\322\267\303L\230\361n\036 \270-E\361}\351O\347\233\337\314!\215\010\003"";   nodeid: ""\000\000\000\000\000\000\000\000\000\000\000\000\000\000\000\000\000\000\000\000\000\000\000\000\000\000\000\000\000\000\000\000\000""; }; ","ledgerHash: ""\356\316\306(\314\366\340SA\320e\361\337A\350+\342\334{eBV\360\354\225)\263\237~v\236}""; ledgerSeq: 0; type: liTS_CANDIDATE; nodes {;   nodedata: ""\216b\024\334gS\347X\272b\322\267\303L\230\361n\036 \270-E\361}\351O\347\233\337\314!\215\010\003"";   nodeid: ""\000\000\000\000\000\000\000\000\000\000\000\000\000\000\000\000\000\000\000\000\000\000\000\000\000\000\000\000\000\000\000\000\000""; }; "
1750527543705,1750527543705,1212,1,2,4,TMLedgerData,"ledgerHash: ""\341\310\354\0213\033\013\350\207z\236R(|z&\034\335\266\323\356\205\273DV\210\254\213T\rZ\347""; ledgerSeq: 0; type: liTS_CANDIDATE; nodes {;   nodedata: ""\256\322m\2146\221\305\341\316\031h?\276\005\207\253\236\tL;\371W\315\233X\345O\203\332\240\005\360\n\003"";   nodeid: ""\000\000\000\000\000\000\000\000\000\000\000\000\000\000\000\000\000\000\000\000\000\000\000\000\000\000\000\000\000\000\000\000\000""; }; ","ledgerHash: ""\341\310\354\0213\033\013\350\207z\236R(|z&\034\335\266\323\356\205\273DV\210\254\213T\rZ\347""; ledgerSeq: 0; type: liTS_CANDIDATE; nodes {;   nodedata: ""\256\322m\2146\221\305\341\316\031h?\276\005\207\253\236\tL;\371W\315\233X\345O\203\332\240\005\360\n\003"";   nodeid: ""\000\000\000\000\000\000\000\000\000\000\000\000\000\000\000\000\000\000\000\000\000\000\000\000\000\000\000\000\000\000\000\000\000""; }; "
1750527543709,1750527543709,3085,1,3,0,TMLedgerData,"ledgerHash: ""\363\262\310\025\251\261\276X\247\260J\221\345\357\037\231)|\321K\000\\326E\004\377\005\255""A?\250""; ledgerSeq: 0; type: liTS_CANDIDATE; nodes {;   nodedata: ""MJ\275'\324\005\036\313\204nW\300\362\327\016\205\236\021\351Q6\021\355\301\372\322\276g\026\243\361M\004\003"";   nodeid: ""\000\000\000\000\000\000\000\000\000\000\000\000\000\000\000\000\000\000\000\000\000\000\000\000\000\000\000\000\000\000\000\000\000""; }; ","ledgerHash: ""\363\262\310\025\251\261\276X\247\260J\221\345\357\037\231)|\321K\000\\326E\004\377\005\255""A?\250""; ledgerSeq: 0; type: liTS_CANDIDATE; nodes {;   nodedata: ""MJ\275'\324\005\036\313\204nW\300\362\327\016\205\236\021\351Q6\021\355\301\372\322\276g\026\243\361M\004\003"";   nodeid: ""\000\000\000\000\000\000\000\000\000\000\000\000\000\000\000\000\000\000\000\000\000\000\000\000\000\000\000\000\000\000\000\000\000""; }; "
1750527543718,1750527543718,2101,1,4,1,TMGetLedger,"itype: liAS_NODE; ledgerHash: ""\326+\03569g\235`}\354\203s\003\217_Vf \233\324\237yU<\242:Zr\321\340\201]""; ledgerSeq: 7; nodeIDs: ""@\000\000\000\000\000\000\000\000\000\000\000\000\000\000\000\000\000\000\000\000\000\000\000\000\000\000\000\000\000\000\000\001""; nodeIDs: ""`\000\000\000\000\000\000\000\000\000\000\000\000\000\000\000\000\000\000\000\000\000\000\000\000\000\000\000\000\000\000\000\001""; queryType: qtINDIRECT; queryDepth: 1; ","itype: liAS_NODE; ledgerHash: ""\326+\03569g\235`}\354\203s\003\217_Vf \233\324\237yU<\242:Zr\321\340\201]""; ledgerSeq: 7; nodeIDs: ""@\000\000\000\000\000\000\000\000\000\000\000\000\000\000\000\000\000\000\000\000\000\000\000\000\000\000\000\000\000\000\000\001""; nodeIDs: ""`\000\000\000\000\000\000\000\000\000\000\000\000\000\000\000\000\000\000\000\000\000\000\000\000\000\000\000\000\000\000\000\001""; queryType: qtINDIRECT; queryDepth: 1; "
1750527543730,1750527543730,1144,1,4,1,TMLedgerData,"ledgerHash: ""\033@\177e\277\016\010u\327\371&\262\312\317Q\2361t\377x\234\001v\003%\030\325_\225g\204\346""; ledgerSeq: 7; type: liBASE; nodes {;   nodedata: ""\000\000\000\007\001cEx]\211\377\330\360\215\2502\265\245\310\226\243c\302Ze\306\253#r\020\211\320iG\276\020E\317\035Sf\223F\254\002\370\316\212^2r\204\377\207q\251\315\325\027st\315\275D\367""\312l\350\374\304zy\305\007\340\030\220\357M\025\212p\\332\356\317\346Z\350r\255\236\025^\210\375\243\353\025X\213xq\220$\254,/\351\252\253/\351\252\264\n\000""; }; nodes {;   nodedata: ""\323C\344\327\264{\312-\017:\006{\177\344N\002\326bO\260\220\006\033\362\345\005U\221DzJ0\001\301\025%1L\307\t\261\262z\374\222T\301\274V\236\223\262\270Ct\362\337b\356\024*\324\320\351\317\002k\336\234\027v\351\217\260\303\360\233ZPZWr\246$w\313\313\r\243r\232\2234\373\3539:N\004Q\245\272D\312D\300\300\t\323\0257\345e\271\na\215{\226\255x%T\257\037\333\004\344_/R\006E\344\037@\210\363\010\336T\226\247'\204_{\261\370""1\235\2445\343\033Y!\212\201\341\272\225'\007Z\314\023h\n\020~\036\324P\254\001\274\227n\020\273\023\010\nq\216Z\344\004\3612B\205\257\335\036\013\003""; }; nodes {;   nodedata: ""o\324D\221#\020\205W\305\353\227hj\364\005l\234.@%-\272\034\327\352\rf\2573\006\026\236\004\003""; }; requestCookie: 3; ","ledgerHash: ""\033@\177e\277\016\010u\327\371&\262\312\317Q\2361t\377x\234\001v\003%\030\325_\225g\204\346""; ledgerSeq: 7; type: liBASE; nodes {;   nodedata: ""\000\000\000\007\001cEx]\211\377\330\360\215\2502\265\245\310\226\243c\302Ze\306\253#r\020\211\320iG\276\020E\317\035Sf\223F\254\002\370\316\212^2r\204\377\207q\251\315\325\027st\315\275D\367""\312l\350\374\304zy\305\007\340\030\220\357M\025\212p\\332\356\317\346Z\350r\255\236\025^\210\375\243\353\025X\213xq\220$\254,/\351\252\253/\351\252\264\n\000""; }; nodes {;   nodedata: ""\323C\344\327\264{\312-\017:\006{\177\344N\002\326bO\260\220\006\033\362\345\005U\221DzJ0\001\301\025%1L\307\t\261\262z\374\222T\301\274V\236\223\262\270Ct\362\337b\356\024*\324\320\351\317\002k\336\234\027v\351\217\260\303\360\233ZPZWr\246$w\313\313\r\243r\232\2234\373\3539:N\004Q\245\272D\312D\300\300\t\323\0257\345e\271\na\215{\226\255x%T\257\037\333\004\344_/R\006E\344\037@\210\363\010\336T\226\247'\204_{\261\370""1\235\2445\343\033Y!\212\201\341\272\225'\007Z\314\023h\n\020~\036\324P\254\001\274\227n\020\273\023\010\nq\216Z\344\004\3612B\205\257\335\036\013\003""; }; nodes {;   nodedata: ""o\324D\221#\020\205W\305\353\227hj\364\005l\234.@%-\272\034\327\352\rf\2573\006\026\236\004\003""; }; requestCookie: 3; "
1750527543733,1750527543733,2794,1,3,2,TMGetLedger,"itype: liTS_CANDIDATE; ledgerHash: ""\341\310\354\0213\033\013\350\207z\236R(|z&\034\335\266\323\356\205\273DV\210\254\213T\rZ\347""; nodeIDs: ""\000\000\000\000\000\000\000\000\000\000\000\000\000\000\000\000\000\000\000\000\000\000\000\000\000\000\000\000\000\000\000\000\000""; requestCookie: 2; queryType: qtINDIRECT; queryDepth: 3; ","itype: liTS_CANDIDATE; ledgerHash: ""\341\310\354\0213\033\013\350\207z\236R(|z&\034\335\266\323\356\205\273DV\210\254\213T\rZ\347""; nodeIDs: ""\000\000\000\000\000\000\000\000\000\000\000\000\000\000\000\000\000\000\000\000\000\000\000\000\000\000\000\000\000\000\000\000\000""; requestCookie: 2; queryType: qtINDIRECT; queryDepth: 3; "
1750527543740,1750527543740,3769,1,1,3,TMGetLedger,"itype: liTS_CANDIDATE; ledgerHash: ""\363\262\310\025\251\261\276X\247\260J\221\345\357\037\231)|\321K\000\\326E\004\377\005\255""A?\250""; nodeIDs: ""\000\000\000\000\000\000\000\000\000\000\000\000\000\000\000\000\000\000\000\000\000\000\000\000\000\000\000\000\000\000\000\000\000""; requestCookie: 2; queryType: qtINDIRECT; queryDepth: 3; ","itype: liTS_CANDIDATE; ledgerHash: ""\363\262\310\025\251\261\276X\247\260J\221\345\357\037\231)|\321K\000\\326E\004\377\005\255""A?\250""; nodeIDs: ""\000\000\000\000\000\000\000\000\000\000\000\000\000\000\000\000\000\000\000\000\000\000\000\000\000\000\000\000\000\000\000\000\000""; requestCookie: 2; queryType: qtINDIRECT; queryDepth: 3; "
1750527543746,1750527543746,1996,1,0,4,TMLedgerData,"ledgerHash: ""\276\230H\305\2714\032l\253n6W\035\354\257.f\r\217\302\203\224\212L\020\S\370\243OP*""; ledgerSeq: 7; type: liBASE; nodes {;   nodedata: ""\000\000\000\007\001cEx]\211\377\342\360\215\2502\265\245\310\226\243c\302Ze\306\253#r\020\211\320iG\276\020E\317\035Sf\223F\254\000\000\000\000\000\000\000\000\000\000\000\000\000\000\000\000\000\000\000\000\000\000\000\000\000\000\000\000\000\000\000\000\302r\207\007\303\237KvzB\356\335\030k\303\312\246:\352\202\037\210\2545\307\004\232\232\026\223SW/\351\252\253/\351\252\264\n\000""; }; nodes {;   nodedata: ""\341\035\262xv\226\317f5\366\365\252a\177\355\302\326\t\222~j\320f\374/ \363\256\257\361 \303\001\301\025%1L\307\t\261\262z\374\222T\301\274V\236\223\262\270Ct\362\337b\356\024*\324\320\351\317\002k\336\234\027v\351\217\260\303\360\233ZPZWr\246$w\313\313\r\243r\232\2234\373\3539:N\004;tP\302\307\005x\n\302lQ\275\237<g\321\233$\274p\355\310J\230\370\306\264\314\367C\275\272\006E\344\037@\210\363\010\336T\226\247'\204_{\261\370""1\235\2445\343\033Y!\212\201\341\272\225'\007Z\314\023h\n\020~\036\324P\254\001\274\227n\020\273\023\010\nq\216Z\344\004\3612B\205\257\335\036\013\003""; }; ","ledgerHash: ""\276\230H\305\2714\032l\253n6W\035\354\257.f\r\217\302\203\224\212L\020\S\370\243OP*""; ledgerSeq: 7; type: liBASE; nodes {;   nodedata: ""\000\000\000\007\001cEx]\211\377\342\360\215\2502\265\245\310\226\243c\302Ze\306\253#r\020\211\320iG\276\020E\317\035Sf\223F\254\000\000\000\000\000\000\000\000\000\000\000\000\000\000\000\000\000\000\000\000\000\000\000\000\000\000\000\000\000\000\000\000\302r\207\007\303\237KvzB\356\335\030k\303\312\246:\352\202\037\210\2545\307\004\232\232\026\223SW/\351\252\253/\351\252\264\n\000""; }; nodes {;   nodedata: ""\341\035\262xv\226\317f5\366\365\252a\177\355\302\326\t\222~j\320f\374/ \363\256\257\361 \303\001\301\025%1L\307\t\261\262z\374\222T\301\274V\236\223\262\270Ct\362\337b\356\024*\324\320\351\317\002k\336\234\027v\351\217\260\303\360\233ZPZWr\246$w\313\313\r\243r\232\2234\373\3539:N\004;tP\302\307\005x\n\302lQ\275\237<g\321\233$\274p\355\310J\230\370\306\264\314\367C\275\272\006E\344\037@\210\363\010\336T\226\247'\204_{\261\370""1\235\2445\343\033Y!\212\201\341\272\225'\007Z\314\023h\n\020~\036\324P\254\001\274\227n\020\273\023\010\nq\216Z\344\004\3612B\205\257\335\036\013\003""; }; "
1750527543753,1750527543754,2764,1,4,3,TMLedgerData,"ledgerHash: ""\341\310\354\0213\033\013\350\207z\236R(|z&\034\335\266\323\356\205\273DV\210\254\213T\rZ\347""; ledgerSeq: 0; type: liTS_CANDIDATE; nodes {;   nodedata: ""\256\322m\2146\221\305\341\316\031h?\276\005\207\253\236\tL;\371W\315\233X\345O\203\332\240\005\360\n\003"";   nodeid: ""\000\000\000\000\000\000\000\000\000\000\000\000\000\000\000\000\000\000\000\000\000\000\000\000\000\000\000\000\000\000\000\000\000""; }; requestCookie: 2; ","ledgerHash: ""\341\310\354\0213\033\013\350\207z\236R(|z&\034\335\266\323\356\205\273DV\210\254\213T\rZ\347""; ledgerSeq: 0; type: liTS_CANDIDATE; nodes {;   nodedata: ""\256\322m\2146\221\305\341\316\031h?\276\005\207\253\236\tL;\371W\315\233X\345O\203\332\240\005\360\n\003"";   nodeid: ""\000\000\000\000\000\000\000\000\000\000\000\000\000\000\000\000\000\000\000\000\000\000\000\000\000\000\000\000\000\000\000\000\000""; }; requestCookie: 2; "
1750527543760,1750527543760,860,1,1,0,TMLedgerData,"ledgerHash: ""\341\310\354\0213\033\013\350\207z\236R(|z&\034\335\266\323\356\205\273DV\210\254\213T\rZ\347""; ledgerSeq: 0; type: liTS_CANDIDATE; nodes {;   nodedata: ""\256\322m\2146\221\305\341\316\031h?\276\005\207\253\236\tL;\371W\315\233X\345O\203\332\240\005\360\n\003"";   nodeid: ""\000\000\000\000\000\000\000\000\000\000\000\000\000\000\000\000\000\000\000\000\000\000\000\000\000\000\000\000\000\000\000\000\000""; }; requestCookie: 3; ","ledgerHash: ""\341\310\354\0213\033\013\350\207z\236R(|z&\034\335\266\323\356\205\273DV\210\254\213T\rZ\347""; ledgerSeq: 0; type: liTS_CANDIDATE; nodes {;   nodedata: ""\256\322m\2146\221\305\341\316\031h?\276\005\207\253\236\tL;\371W\315\233X\345O\203\332\240\005\360\n\003"";   nodeid: ""\000\000\000\000\000\000\000\000\000\000\000\000\000\000\000\000\000\000\000\000\000\000\000\000\000\000\000\000\000\000\000\000\000""; }; requestCookie: 3; "
1750527543762,1750527543762,860,1,1,0,TMLedgerData,"ledgerHash: ""\341\310\354\0213\033\013\350\207z\236R(|z&\034\335\266\323\356\205\273DV\210\254\213T\rZ\347""; ledgerSeq: 0; type: liTS_CANDIDATE; nodes {;   nodedata: ""\256\322m\2146\221\305\341\316\031h?\276\005\207\253\236\tL;\371W\315\233X\345O\203\332\240\005\360\n\003"";   nodeid: ""\000\000\000\000\000\000\000\000\000\000\000\000\000\000\000\000\000\000\000\000\000\000\000\000\000\000\000\000\000\000\000\000\000""; }; requestCookie: 4; ","ledgerHash: ""\341\310\354\0213\033\013\350\207z\236R(|z&\034\335\266\323\356\205\273DV\210\254\213T\rZ\347""; ledgerSeq: 0; type: liTS_CANDIDATE; nodes {;   nodedata: ""\256\322m\2146\221\305\341\316\031h?\276\005\207\253\236\tL;\371W\315\233X\345O\203\332\240\005\360\n\003"";   nodeid: ""\000\000\000\000\000\000\000\000\000\000\000\000\000\000\000\000\000\000\000\000\000\000\000\000\000\000\000\000\000\000\000\000\000""; }; requestCookie: 4; "
1750527543762,1750527543762,1539,1,4,2,TMLedgerData,"ledgerHash: ""\341\310\354\0213\033\013\350\207z\236R(|z&\034\335\266\323\356\205\273DV\210\254\213T\rZ\347""; ledgerSeq: 0; type: liTS_CANDIDATE; nodes {;   nodedata: ""\256\322m\2146\221\305\341\316\031h?\276\005\207\253\236\tL;\371W\315\233X\345O\203\332\240\005\360\n\003"";   nodeid: ""\000\000\000\000\000\000\000\000\000\000\000\000\000\000\000\000\000\000\000\000\000\000\000\000\000\000\000\000\000\000\000\000\000""; }; ","ledgerHash: ""\341\310\354\0213\033\013\350\207z\236R(|z&\034\335\266\323\356\205\273DV\210\254\213T\rZ\347""; ledgerSeq: 0; type: liTS_CANDIDATE; nodes {;   nodedata: ""\256\322m\2146\221\305\341\316\031h?\276\005\207\253\236\tL;\371W\315\233X\345O\203\332\240\005\360\n\003"";   nodeid: ""\000\000\000\000\000\000\000\000\000\000\000\000\000\000\000\000\000\000\000\000\000\000\000\000\000\000\000\000\000\000\000\000\000""; }; "
1750527543764,1750527543764,860,1,1,0,TMLedgerData,"ledgerHash: ""\341\310\354\0213\033\013\350\207z\236R(|z&\034\335\266\323\356\205\273DV\210\254\213T\rZ\347""; ledgerSeq: 0; type: liTS_CANDIDATE; nodes {;   nodedata: ""\256\322m\2146\221\305\341\316\031h?\276\005\207\253\236\tL;\371W\315\233X\345O\203\332\240\005\360\n\003"";   nodeid: ""\000\000\000\000\000\000\000\000\000\000\000\000\000\000\000\000\000\000\000\000\000\000\000\000\000\000\000\000\000\000\000\000\000""; }; ","ledgerHash: ""\341\310\354\0213\033\013\350\207z\236R(|z&\034\335\266\323\356\205\273DV\210\254\213T\rZ\347""; ledgerSeq: 0; type: liTS_CANDIDATE; nodes {;   nodedata: ""\256\322m\2146\221\305\341\316\031h?\276\005\207\253\236\tL;\371W\315\233X\345O\203\332\240\005\360\n\003"";   nodeid: ""\000\000\000\000\000\000\000\000\000\000\000\000\000\000\000\000\000\000\000\000\000\000\000\000\000\000\000\000\000\000\000\000\000""; }; "
1750527543794,1750527543794,2079,1,3,1,TMGetLedger,"itype: liTS_CANDIDATE; ledgerHash: ""\341\310\354\0213\033\013\350\207z\236R(|z&\034\335\266\323\356\205\273DV\210\254\213T\rZ\347""; nodeIDs: ""\000\000\000\000\000\000\000\000\000\000\000\000\000\000\000\000\000\000\000\000\000\000\000\000\000\000\000\000\000\000\000\000\000""; requestCookie: 4; queryType: qtINDIRECT; queryDepth: 3; ","itype: liTS_CANDIDATE; ledgerHash: ""\341\310\354\0213\033\013\350\207z\236R(|z&\034\335\266\323\356\205\273DV\210\254\213T\rZ\347""; nodeIDs: ""\000\000\000\000\000\000\000\000\000\000\000\000\000\000\000\000\000\000\000\000\000\000\000\000\000\000\000\000\000\000\000\000\000""; requestCookie: 4; queryType: qtINDIRECT; queryDepth: 3; "
1750527543801,1750527543801,1996,1,0,4,TMLedgerData,"ledgerHash: ""\341\310\354\0213\033\013\350\207z\236R(|z&\034\335\266\323\356\205\273DV\210\254\213T\rZ\347""; ledgerSeq: 0; type: liTS_CANDIDATE; nodes {;   nodedata: ""\256\322m\2146\221\305\341\316\031h?\276\005\207\253\236\tL;\371W\315\233X\345O\203\332\240\005\360\n\003"";   nodeid: ""\000\000\000\000\000\000\000\000\000\000\000\000\000\000\000\000\000\000\000\000\000\000\000\000\000\000\000\000\000\000\000\000\000""; }; ","ledgerHash: ""\341\310\354\0213\033\013\350\207z\236R(|z&\034\335\266\323\356\205\273DV\210\254\213T\rZ\347""; ledgerSeq: 0; type: liTS_CANDIDATE; nodes {;   nodedata: ""\256\322m\2146\221\305\341\316\031h?\276\005\207\253\236\tL;\371W\315\233X\345O\203\332\240\005\360\n\003"";   nodeid: ""\000\000\000\000\000\000\000\000\000\000\000\000\000\000\000\000\000\000\000\000\000\000\000\000\000\000\000\000\000\000\000\000\000""; }; "
1750527543801,1750527543801,1665,1,2,3,TMLedgerData,"ledgerHash: ""\341\310\354\0213\033\013\350\207z\236R(|z&\034\335\266\323\356\205\273DV\210\254\213T\rZ\347""; ledgerSeq: 0; type: liTS_CANDIDATE; nodes {;   nodedata: ""\256\322m\2146\221\305\341\316\031h?\276\005\207\253\236\tL;\371W\315\233X\345O\203\332\240\005\360\n\003"";   nodeid: ""\000\000\000\000\000\000\000\000\000\000\000\000\000\000\000\000\000\000\000\000\000\000\000\000\000\000\000\000\000\000\000\000\000""; }; ","ledgerHash: ""\341\310\354\0213\033\013\350\207z\236R(|z&\034\335\266\323\356\205\273DV\210\254\213T\rZ\347""; ledgerSeq: 0; type: liTS_CANDIDATE; nodes {;   nodedata: ""\256\322m\2146\221\305\341\316\031h?\276\005\207\253\236\tL;\371W\315\233X\345O\203\332\240\005\360\n\003"";   nodeid: ""\000\000\000\000\000\000\000\000\000\000\000\000\000\000\000\000\000\000\000\000\000\000\000\000\000\000\000\000\000\000\000\000\000""; }; "
1750527543806,1750527543806,612,1,2,0,TMLedgerData,"ledgerHash: ""\326+\03569g\235`}\354\203s\003\217_Vf \233\324\237yU<\242:Zr\321\340\201]""; ledgerSeq: 7; type: liBASE; nodes {;   nodedata: ""\000\000\000\007\001cEx]\211\377\330\360\215\2502\265\245\310\226\243c\302Ze\306\253#r\020\211\320iG\276\020E\317\035Sf\223F\254\020N |\264\023\251\372`\001\r\225\217P\243\370m\037op\306\025\027\013\002\257\266J\025/\3729\220\014>4\264\253\207\255\233\\356\277\340\345\017\323\341\201\004TK\004\373\204\253\204\240\3155\357\026\353/\351\252\253/\351\252\264\n\000""; }; nodes {;   nodedata: ""\341\035\262xv\226\317f5\366\365\252a\177\355\302\326\t\222~j\320f\374/ \363\256\257\361 \303\001\301\025%1L\307\t\261\262z\374\222T\301\274V\236\223\262\270Ct\362\337b\356\024*\324\320\351\317\002,\377\251Q\263\245*\373\267\332I\261\001\251N\313Su!\333\331\260|\312%\271\263\267\320\313\036\303\004\330\210a4\256y^267\344\320H\t\331\316{n\002q\260\017U_\270\321B\024U\313\2054\006E\344\037@\210\363\010\336T\226\247'\204_{\261\370""1\235\2445\343\033Y!\212\201\341\272\225'\007Z\314\023h\n\020~\036\324P\254\001\274\227n\020\273\023\010\nq\216Z\344\004\3612B\205\257\335\036\013\003""; }; nodes {;   nodedata: ""\233\330\223\352\3012\234}\322\031(\362*;JR3m]\203<\234\204jiO\033\304\322\017\232\202\n\003""; }; ","ledgerHash: ""\326+\03569g\235`}\354\203s\003\217_Vf \233\324\237yU<\242:Zr\321\340\201]""; ledgerSeq: 7; type: liBASE; nodes {;   nodedata: ""\000\000\000\007\001cEx]\211\377\330\360\215\2502\265\245\310\226\243c\302Ze\306\253#r\020\211\320iG\276\020E\317\035Sf\223F\254\020N |\264\023\251\372`\001\r\225\217P\243\370m\037op\306\025\027\013\002\257\266J\025/\3729\220\014>4\264\253\207\255\233\\356\277\340\345\017\323\341\201\004TK\004\373\204\253\204\240\3155\357\026\353/\351\252\253/\351\252\264\n\000""; }; nodes {;   nodedata: ""\341\035\262xv\226\317f5\366\365\252a\177\355\302\326\t\222~j\320f\374/ \363\256\257\361 \303\001\301\025%1L\307\t\261\262z\374\222T\301\274V\236\223\262\270Ct\362\337b\356\024*\324\320\351\317\002,\377\251Q\263\245*\373\267\332I\261\001\251N\313Su!\333\331\260|\312%\271\263\267\320\313\036\303\004\330\210a4\256y^267\344\320H\t\331\316{n\002q\260\017U_\270\321B\024U\313\2054\006E\344\037@\210\363\010\336T\226\247'\204_{\261\370""1\235\2445\343\033Y!\212\201\341\272\225'\007Z\314\023h\n\020~\036\324P\254\001\274\227n\020\273\023\010\nq\216Z\344\004\3612B\205\257\335\036\013\003""; }; nodes {;   nodedata: ""\233\330\223\352\3012\234}\322\031(\362*;JR3m]\203<\234\204jiO\033\304\322\017\232\202\n\003""; }; "
1750527543812,1750527543812,1665,1,2,3,TMLedgerData,"ledgerHash: ""\341\310\354\0213\033\013\350\207z\236R(|z&\034\335\266\323\356\205\273DV\210\254\213T\rZ\347""; ledgerSeq: 0; type: liTS_CANDIDATE; nodes {;   nodedata: ""\256\322m\2146\221\305\341\316\031h?\276\005\207\253\236\tL;\371W\315\233X\345O\203\332\240\005\360\n\003"";   nodeid: ""\000\000\000\000\000\000\000\000\000\000\000\000\000\000\000\000\000\000\000\000\000\000\000\000\000\000\000\000\000\000\000\000\000""; }; ","ledgerHash: ""\341\310\354\0213\033\013\350\207z\236R(|z&\034\335\266\323\356\205\273DV\210\254\213T\rZ\347""; ledgerSeq: 0; type: liTS_CANDIDATE; nodes {;   nodedata: ""\256\322m\2146\221\305\341\316\031h?\276\005\207\253\236\tL;\371W\315\233X\345O\203\332\240\005\360\n\003"";   nodeid: ""\000\000\000\000\000\000\000\000\000\000\000\000\000\000\000\000\000\000\000\000\000\000\000\000\000\000\000\000\000\000\000\000\000""; }; "
1750527543814,1750527543814,2523,1,3,2,TMLedgerData,"ledgerHash: ""\363\262\310\025\251\261\276X\247\260J\221\345\357\037\231)|\321K\000\\326E\004\377\005\255""A?\250""; ledgerSeq: 0; type: liTS_CANDIDATE; nodes {;   nodedata: ""MJ\275'\324\005\036\313\204nW\300\362\327\016\205\236\021\351Q6\021\355\301\372\322\276g\026\243\361M\004\003"";   nodeid: ""\000\000\000\000\000\000\000\000\000\000\000\000\000\000\000\000\000\000\000\000\000\000\000\000\000\000\000\000\000\000\000\000\000""; }; requestCookie: 2; ","ledgerHash: ""\363\262\310\025\251\261\276X\247\260J\221\345\357\037\231)|\321K\000\\326E\004\377\005\255""A?\250""; ledgerSeq: 0; type: liTS_CANDIDATE; nodes {;   nodedata: ""MJ\275'\324\005\036\313\204nW\300\362\327\016\205\236\021\351Q6\021\355\301\372\322\276g\026\243\361M\004\003"";   nodeid: ""\000\000\000\000\000\000\000\000\000\000\000\000\000\000\000\000\000\000\000\000\000\000\000\000\000\000\000\000\000\000\000\000\000""; }; requestCookie: 2; "
1750527543829,1750527543829,3578,1,1,3,TMLedgerData,"ledgerHash: ""3\321\n7\354)\tf\006\357\205B<h\272GQ \344\262\236\025#\003\024&\310\034\352\376\326""; ledgerSeq: 0; type: liTS_CANDIDATE; nodes {;   nodedata: ""'\240~~s\033\202\356\320\307\177Nt\203\315\245\305\276b\265\310\271\3319\245:\342=c\267\265\233\002\003"";   nodeid: ""\000\000\000\000\000\000\000\000\000\000\000\000\000\000\000\000\000\000\000\000\000\000\000\000\000\000\000\000\000\000\000\000\000""; }; ","ledgerHash: ""3\321\n7\354)\tf\006\357\205B<h\272GQ \344\262\236\025#\003\024&\310\034\352\376\326""; ledgerSeq: 0; type: liTS_CANDIDATE; nodes {;   nodedata: ""'\240~~s\033\202\356\320\307\177Nt\203\315\245\305\276b\265\310\271\3319\245:\342=c\267\265\233\002\003"";   nodeid: ""\000\000\000\000\000\000\000\000\000\000\000\000\000\000\000\000\000\000\000\000\000\000\000\000\000\000\000\000\000\000\000\000\000""; }; "
1750527543838,1750527543838,1150,1,3,4,TMLedgerData,"ledgerHash: ""\276\230H\305\2714\032l\253n6W\035\354\257.f\r\217\302\203\224\212L\020\S\370\243OP*""; ledgerSeq: 7; type: liBASE; nodes {;   nodedata: ""\000\000\000\007\001cEx]\211\377\342\360\215\2502\265\245\310\226\243c\302Ze\306\253#r\020\211\320iG\276\020E\317\035Sf\223F\254\000\000\000\000\000\000\000\000\000\000\000\000\000\000\000\000\000\000\000\000\000\000\000\000\000\000\000\000\000\000\000\000\302r\207\007\303\237KvzB\356\335\030k\303\312\246:\352\202\037\210\2545\307\004\232\232\026\223SW/\351\252\253/\351\252\264\n\000""; }; nodes {;   nodedata: ""\341\035\262xv\226\317f5\366\365\252a\177\355\302\326\t\222~j\320f\374/ \363\256\257\361 \303\001\301\025%1L\307\t\261\262z\374\222T\301\274V\236\223\262\270Ct\362\337b\356\024*\324\320\351\317\002k\336\234\027v\351\217\260\303\360\233ZPZWr\246$w\313\313\r\243r\232\2234\373\3539:N\004;tP\302\307\005x\n\302lQ\275\237<g\321\233$\274p\355\310J\230\370\306\264\314\367C\275\272\006E\344\037@\210\363\010\336T\226\247'\204_{\261\370""1\235\2445\343\033Y!\212\201\341\272\225'\007Z\314\023h\n\020~\036\324P\254\001\274\227n\020\273\023\010\nq\216Z\344\004\3612B\205\257\335\036\013\003""; }; ","ledgerHash: ""\276\230H\305\2714\032l\253n6W\035\354\257.f\r\217\302\203\224\212L\020\S\370\243OP*""; ledgerSeq: 7; type: liBASE; nodes {;   nodedata: ""\000\000\000\007\001cEx]\211\377\342\360\215\2502\265\245\310\226\243c\302Ze\306\253#r\020\211\320iG\276\020E\317\035Sf\223F\254\000\000\000\000\000\000\000\000\000\000\000\000\000\000\000\000\000\000\000\000\000\000\000\000\000\000\000\000\000\000\000\000\302r\207\007\303\237KvzB\356\335\030k\303\312\246:\352\202\037\210\2545\307\004\232\232\026\223SW/\351\252\253/\351\252\264\n\000""; }; nodes {;   nodedata: ""\341\035\262xv\226\317f5\366\365\252a\177\355\302\326\t\222~j\320f\374/ \363\256\257\361 \303\001\301\025%1L\307\t\261\262z\374\222T\301\274V\236\223\262\270Ct\362\337b\356\024*\324\320\351\317\002k\336\234\027v\351\217\260\303\360\233ZPZWr\246$w\313\313\r\243r\232\2234\373\3539:N\004;tP\302\307\005x\n\302lQ\275\237<g\321\233$\274p\355\310J\230\370\306\264\314\367C\275\272\006E\344\037@\210\363\010\336T\226\247'\204_{\261\370""1\235\2445\343\033Y!\212\201\341\272\225'\007Z\314\023h\n\020~\036\324P\254\001\274\227n\020\273\023\010\nq\216Z\344\004\3612B\205\257\335\036\013\003""; }; "
1750527543844,1750527543844,1434,1,0,1,TMLedgerData,"ledgerHash: ""\276\230H\305\2714\032l\253n6W\035\354\257.f\r\217\302\203\224\212L\020\S\370\243OP*""; ledgerSeq: 7; type: liBASE; nodes {;   nodedata: ""\000\000\000\007\001cEx]\211\377\342\360\215\2502\265\245\310\226\243c\302Ze\306\253#r\020\211\320iG\276\020E\317\035Sf\223F\254\000\000\000\000\000\000\000\000\000\000\000\000\000\000\000\000\000\000\000\000\000\000\000\000\000\000\000\000\000\000\000\000\302r\207\007\303\237KvzB\356\335\030k\303\312\246:\352\202\037\210\2545\307\004\232\232\026\223SW/\351\252\253/\351\252\264\n\000""; }; nodes {;   nodedata: ""\341\035\262xv\226\317f5\366\365\252a\177\355\302\326\t\222~j\320f\374/ \363\256\257\361 \303\001\301\025%1L\307\t\261\262z\374\222T\301\274V\236\223\262\270Ct\362\337b\356\024*\324\320\351\317\002k\336\234\027v\351\217\260\303\360\233ZPZWr\246$w\313\313\r\243r\232\2234\373\3539:N\004;tP\302\307\005x\n\302lQ\275\237<g\321\233$\274p\355\310J\230\370\306\264\314\367C\275\272\006E\344\037@\210\363\010\336T\226\247'\204_{\261\370""1\235\2445\343\033Y!\212\201\341\272\225'\007Z\314\023h\n\020~\036\324P\254\001\274\227n\020\273\023\010\nq\216Z\344\004\3612B\205\257\335\036\013\003""; }; ","ledgerHash: ""\276\230H\305\2714\032l\253n6W\035\354\257.f\r\217\302\203\224\212L\020\S\370\243OP*""; ledgerSeq: 7; type: liBASE; nodes {;   nodedata: ""\000\000\000\007\001cEx]\211\377\342\360\215\2502\265\245\310\226\243c\302Ze\306\253#r\020\211\320iG\276\020E\317\035Sf\223F\254\000\000\000\000\000\000\000\000\000\000\000\000\000\000\000\000\000\000\000\000\000\000\000\000\000\000\000\000\000\000\000\000\302r\207\007\303\237KvzB\356\335\030k\303\312\246:\352\202\037\210\2545\307\004\232\232\026\223SW/\351\252\253/\351\252\264\n\000""; }; nodes {;   nodedata: ""\341\035\262xv\226\317f5\366\365\252a\177\355\302\326\t\222~j\320f\374/ \363\256\257\361 \303\001\301\025%1L\307\t\261\262z\374\222T\301\274V\236\223\262\270Ct\362\337b\356\024*\324\320\351\317\002k\336\234\027v\351\217\260\303\360\233ZPZWr\246$w\313\313\r\243r\232\2234\373\3539:N\004;tP\302\307\005x\n\302lQ\275\237<g\321\233$\274p\355\310J\230\370\306\264\314\367C\275\272\006E\344\037@\210\363\010\336T\226\247'\204_{\261\370""1\235\2445\343\033Y!\212\201\341\272\225'\007Z\314\023h\n\020~\036\324P\254\001\274\227n\020\273\023\010\nq\216Z\344\004\3612B\205\257\335\036\013\003""; }; "
1750527543846,1750527543846,1665,1,2,3,TMLedgerData,"ledgerHash: ""3\321\n7\354)\tf\006\357\205B<h\272GQ \344\262\236\025#\003\024&\310\034\352\376\326""; ledgerSeq: 0; type: liTS_CANDIDATE; nodes {;   nodedata: ""'\240~~s\033\202\356\320\307\177Nt\203\315\245\305\276b\265\310\271\3319\245:\342=c\267\265\233\002\003"";   nodeid: ""\000\000\000\000\000\000\000\000\000\000\000\000\000\000\000\000\000\000\000\000\000\000\000\000\000\000\000\000\000\000\000\000\000""; }; ","ledgerHash: ""3\321\n7\354)\tf\006\357\205B<h\272GQ \344\262\236\025#\003\024&\310\034\352\376\326""; ledgerSeq: 0; type: liTS_CANDIDATE; nodes {;   nodedata: ""'\240~~s\033\202\356\320\307\177Nt\203\315\245\305\276b\265\310\271\3319\245:\342=c\267\265\233\002\003"";   nodeid: ""\000\000\000\000\000\000\000\000\000\000\000\000\000\000\000\000\000\000\000\000\000\000\000\000\000\000\000\000\000\000\000\000\000""; }; "
1750527543869,1750527543869,2764,1,4,3,TMLedgerData,"ledgerHash: ""\326+\03569g\235`}\354\203s\003\217_Vf \233\324\237yU<\242:Zr\321\340\201]""; ledgerSeq: 7; type: liBASE; nodes {;   nodedata: ""\000\000\000\007\001cEx]\211\377\330\360\215\2502\265\245\310\226\243c\302Ze\306\253#r\020\211\320iG\276\020E\317\035Sf\223F\254\020N |\264\023\251\372`\001\r\225\217P\243\370m\037op\306\025\027\013\002\257\266J\025/\3729\220\014>4\264\253\207\255\233\\356\277\340\345\017\323\341\201\004TK\004\373\204\253\204\240\3155\357\026\353/\351\252\253/\351\252\264\n\000""; }; nodes {;   nodedata: ""\341\035\262xv\226\317f5\366\365\252a\177\355\302\326\t\222~j\320f\374/ \363\256\257\361 \303\001\301\025%1L\307\t\261\262z\374\222T\301\274V\236\223\262\270Ct\362\337b\356\024*\324\320\351\317\002,\377\251Q\263\245*\373\267\332I\261\001\251N\313Su!\333\331\260|\312%\271\263\267\320\313\036\303\004\330\210a4\256y^267\344\320H\t\331\316{n\002q\260\017U_\270\321B\024U\313\2054\006E\344\037@\210\363\010\336T\226\247'\204_{\261\370""1\235\2445\343\033Y!\212\201\341\272\225'\007Z\314\023h\n\020~\036\324P\254\001\274\227n\020\273\023\010\nq\216Z\344\004\3612B\205\257\335\036\013\003""; }; nodes {;   nodedata: ""\233\330\223\352\3012\234}\322\031(\362*;JR3m]\203<\234\204jiO\033\304\322\017\232\202\n\003""; }; ","ledgerHash: ""\326+\03569g\235`}\354\203s\003\217_Vf \233\324\237yU<\242:Zr\321\340\201]""; ledgerSeq: 7; type: liBASE; nodes {;   nodedata: ""\000\000\000\007\001cEx]\211\377\330\360\215\2502\265\245\310\226\243c\302Ze\306\253#r\020\211\320iG\276\020E\317\035Sf\223F\254\020N |\264\023\251\372`\001\r\225\217P\243\370m\037op\306\025\027\013\002\257\266J\025/\3729\220\014>4\264\253\207\255\233\\356\277\340\345\017\323\341\201\004TK\004\373\204\253\204\240\3155\357\026\353/\351\252\253/\351\252\264\n\000""; }; nodes {;   nodedata: ""\341\035\262xv\226\317f5\366\365\252a\177\355\302\326\t\222~j\320f\374/ \363\256\257\361 \303\001\301\025%1L\307\t\261\262z\374\222T\301\274V\236\223\262\270Ct\362\337b\356\024*\324\320\351\317\002,\377\251Q\263\245*\373\267\332I\261\001\251N\313Su!\333\331\260|\312%\271\263\267\320\313\036\303\004\330\210a4\256y^267\344\320H\t\331\316{n\002q\260\017U_\270\321B\024U\313\2054\006E\344\037@\210\363\010\336T\226\247'\204_{\261\370""1\235\2445\343\033Y!\212\201\341\272\225'\007Z\314\023h\n\020~\036\324P\254\001\274\227n\020\273\023\010\nq\216Z\344\004\3612B\205\257\335\036\013\003""; }; nodes {;   nodedata: ""\233\330\223\352\3012\234}\322\031(\362*;JR3m]\203<\234\204jiO\033\304\322\017\232\202\n\003""; }; "
1750527543883,1750527543883,2309,1,4,2,TMGetLedger,"itype: liTS_CANDIDATE; ledgerHash: ""\356\316\306(\314\366\340SA\320e\361\337A\350+\342\334{eBV\360\354\225)\263\237~v\236}""; nodeIDs: ""\000\000\000\000\000\000\000\000\000\000\000\000\000\000\000\000\000\000\000\000\000\000\000\000\000\000\000\000\000\000\000\000\000""; requestCookie: 1; queryType: qtINDIRECT; queryDepth: 3; ","itype: liTS_CANDIDATE; ledgerHash: ""\356\316\306(\314\366\340SA\320e\361\337A\350+\342\334{eBV\360\354\225)\263\237~v\236}""; nodeIDs: ""\000\000\000\000\000\000\000\000\000\000\000\000\000\000\000\000\000\000\000\000\000\000\000\000\000\000\000\000\000\000\000\000\000""; requestCookie: 1; queryType: qtINDIRECT; queryDepth: 3; "
1750527543897,1750527543897,1497,1,0,3,TMLedgerData,"ledgerHash: ""\341\310\354\0213\033\013\350\207z\236R(|z&\034\335\266\323\356\205\273DV\210\254\213T\rZ\347""; ledgerSeq: 0; type: liTS_CANDIDATE; nodes {;   nodedata: ""\256\322m\2146\221\305\341\316\031h?\276\005\207\253\236\tL;\371W\315\233X\345O\203\332\240\005\360\n\003"";   nodeid: ""\000\000\000\000\000\000\000\000\000\000\000\000\000\000\000\000\000\000\000\000\000\000\000\000\000\000\000\000\000\000\000\000\000""; }; ","ledgerHash: ""\341\310\354\0213\033\013\350\207z\236R(|z&\034\335\266\323\356\205\273DV\210\254\213T\rZ\347""; ledgerSeq: 0; type: liTS_CANDIDATE; nodes {;   nodedata: ""\256\322m\2146\221\305\341\316\031h?\276\005\207\253\236\tL;\371W\315\233X\345O\203\332\240\005\360\n\003"";   nodeid: ""\000\000\000\000\000\000\000\000\000\000\000\000\000\000\000\000\000\000\000\000\000\000\000\000\000\000\000\000\000\000\000\000\000""; }; "
1750527543897,1750527543897,3818,1,0,2,TMLedgerData,"ledgerHash: ""\341\310\354\0213\033\013\350\207z\236R(|z&\034\335\266\323\356\205\273DV\210\254\213T\rZ\347""; ledgerSeq: 0; type: liTS_CANDIDATE; nodes {;   nodedata: ""\256\322m\2146\221\305\341\316\031h?\276\005\207\253\236\tL;\371W\315\233X\345O\203\332\240\005\360\n\003"";   nodeid: ""\000\000\000\000\000\000\000\000\000\000\000\000\000\000\000\000\000\000\000\000\000\000\000\000\000\000\000\000\000\000\000\000\000""; }; ","ledgerHash: ""\341\310\354\0213\033\013\350\207z\236R(|z&\034\335\266\323\356\205\273DV\210\254\213T\rZ\347""; ledgerSeq: 0; type: liTS_CANDIDATE; nodes {;   nodedata: ""\256\322m\2146\221\305\341\316\031h?\276\005\207\253\236\tL;\371W\315\233X\345O\203\332\240\005\360\n\003"";   nodeid: ""\000\000\000\000\000\000\000\000\000\000\000\000\000\000\000\000\000\000\000\000\000\000\000\000\000\000\000\000\000\000\000\000\000""; }; "
1750527543917,1750527543917,1782,1,1,4,TMLedgerData,"ledgerHash: ""\276\230H\305\2714\032l\253n6W\035\354\257.f\r\217\302\203\224\212L\020\S\370\243OP*""; ledgerSeq: 7; type: liBASE; nodes {;   nodedata: ""\000\000\000\007\001cEx]\211\377\342\360\215\2502\265\245\310\226\243c\302Ze\306\253#r\020\211\320iG\276\020E\317\035Sf\223F\254\000\000\000\000\000\000\000\000\000\000\000\000\000\000\000\000\000\000\000\000\000\000\000\000\000\000\000\000\000\000\000\000\302r\207\007\303\237KvzB\356\335\030k\303\312\246:\352\202\037\210\2545\307\004\232\232\026\223SW/\351\252\253/\351\252\264\n\000""; }; nodes {;   nodedata: ""\341\035\262xv\226\317f5\366\365\252a\177\355\302\326\t\222~j\320f\374/ \363\256\257\361 \303\001\301\025%1L\307\t\261\262z\374\222T\301\274V\236\223\262\270Ct\362\337b\356\024*\324\320\351\317\002k\336\234\027v\351\217\260\303\360\233ZPZWr\246$w\313\313\r\243r\232\2234\373\3539:N\004;tP\302\307\005x\n\302lQ\275\237<g\321\233$\274p\355\310J\230\370\306\264\314\367C\275\272\006E\344\037@\210\363\010\336T\226\247'\204_{\261\370""1\235\2445\343\033Y!\212\201\341\272\225'\007Z\314\023h\n\020~\036\324P\254\001\274\227n\020\273\023\010\nq\216Z\344\004\3612B\205\257\335\036\013\003""; }; ","ledgerHash: ""\276\230H\305\2714\032l\253n6W\035\354\257.f\r\217\302\203\224\212L\020\S\370\243OP*""; ledgerSeq: 7; type: liBASE; nodes {;   nodedata: ""\000\000\000\007\001cEx]\211\377\342\360\215\2502\265\245\310\226\243c\302Ze\306\253#r\020\211\320iG\276\020E\317\035Sf\223F\254\000\000\000\000\000\000\000\000\000\000\000\000\000\000\000\000\000\000\000\000\000\000\000\000\000\000\000\000\000\000\000\000\302r\207\007\303\237KvzB\356\335\030k\303\312\246:\352\202\037\210\2545\307\004\232\232\026\223SW/\351\252\253/\351\252\264\n\000""; }; nodes {;   nodedata: ""\341\035\262xv\226\317f5\366\365\252a\177\355\302\326\t\222~j\320f\374/ \363\256\257\361 \303\001\301\025%1L\307\t\261\262z\374\222T\301\274V\236\223\262\270Ct\362\337b\356\024*\324\320\351\317\002k\336\234\027v\351\217\260\303\360\233ZPZWr\246$w\313\313\r\243r\232\2234\373\3539:N\004;tP\302\307\005x\n\302lQ\275\237<g\321\233$\274p\355\310J\230\370\306\264\314\367C\275\272\006E\344\037@\210\363\010\336T\226\247'\204_{\261\370""1\235\2445\343\033Y!\212\201\341\272\225'\007Z\314\023h\n\020~\036\324P\254\001\274\227n\020\273\023\010\nq\216Z\344\004\3612B\205\257\335\036\013\003""; }; "
1750527543939,1750527543939,1434,1,0,1,TMLedgerData,"ledgerHash: ""3\321\n7\354)\tf\006\357\205B<h\272GQ \344\262\236\025#\003\024&\310\034\352\376\326""; ledgerSeq: 0; type: liTS_CANDIDATE; nodes {;   nodedata: ""'\240~~s\033\202\356\320\307\177Nt\203\315\245\305\276b\265\310\271\3319\245:\342=c\267\265\233\002\003"";   nodeid: ""\000\000\000\000\000\000\000\000\000\000\000\000\000\000\000\000\000\000\000\000\000\000\000\000\000\000\000\000\000\000\000\000\000""; }; requestCookie: 5; ","ledgerHash: ""3\321\n7\354)\tf\006\357\205B<h\272GQ \344\262\236\025#\003\024&\310\034\352\376\326""; ledgerSeq: 0; type: liTS_CANDIDATE; nodes {;   nodedata: ""'\240~~s\033\202\356\320\307\177Nt\203\315\245\305\276b\265\310\271\3319\245:\342=c\267\265\233\002\003"";   nodeid: ""\000\000\000\000\000\000\000\000\000\000\000\000\000\000\000\000\000\000\000\000\000\000\000\000\000\000\000\000\000\000\000\000\000""; }; requestCookie: 5; "
1750527543940,1750527543940,860,1,1,0,TMLedgerData,"ledgerHash: ""\341\310\354\0213\033\013\350\207z\236R(|z&\034\335\266\323\356\205\273DV\210\254\213T\rZ\347""; ledgerSeq: 0; type: liTS_CANDIDATE; nodes {;   nodedata: ""\256\322m\2146\221\305\341\316\031h?\276\005\207\253\236\tL;\371W\315\233X\345O\203\332\240\005\360\n\003"";   nodeid: ""\000\000\000\000\000\000\000\000\000\000\000\000\000\000\000\000\000\000\000\000\000\000\000\000\000\000\000\000\000\000\000\000\000""; }; requestCookie: 5; ","ledgerHash: ""\341\310\354\0213\033\013\350\207z\236R(|z&\034\335\266\323\356\205\273DV\210\254\213T\rZ\347""; ledgerSeq: 0; type: liTS_CANDIDATE; nodes {;   nodedata: ""\256\322m\2146\221\305\341\316\031h?\276\005\207\253\236\tL;\371W\315\233X\345O\203\332\240\005\360\n\003"";   nodeid: ""\000\000\000\000\000\000\000\000\000\000\000\000\000\000\000\000\000\000\000\000\000\000\000\000\000\000\000\000\000\000\000\000\000""; }; requestCookie: 5; "
1750527543951,1750527543952,612,1,2,0,TMLedgerData,"ledgerHash: ""\356\316\306(\314\366\340SA\320e\361\337A\350+\342\334{eBV\360\354\225)\263\237~v\236}""; ledgerSeq: 0; type: liTS_CANDIDATE; nodes {;   nodedata: ""\216b\024\334gS\347X\272b\322\267\303L\230\361n\036 \270-E\361}\351O\347\233\337\314!\215\010\003"";   nodeid: ""\000\000\000\000\000\000\000\000\000\000\000\000\000\000\000\000\000\000\000\000\000\000\000\000\000\000\000\000\000\000\000\000\000""; }; ","ledgerHash: ""\356\316\306(\314\366\340SA\320e\361\337A\350+\342\334{eBV\360\354\225)\263\237~v\236}""; ledgerSeq: 0; type: liTS_CANDIDATE; nodes {;   nodedata: ""\216b\024\334gS\347X\272b\322\267\303L\230\361n\036 \270-E\361}\351O\347\233\337\314!\215\010\003"";   nodeid: ""\000\000\000\000\000\000\000\000\000\000\000\000\000\000\000\000\000\000\000\000\000\000\000\000\000\000\000\000\000\000\000\000\000""; }; "
1750527543955,1750527543955,1665,1,2,3,TMLedgerData,"ledgerHash: ""\276\230H\305\2714\032l\253n6W\035\354\257.f\r\217\302\203\224\212L\020\S\370\243OP*""; ledgerSeq: 7; type: liBASE; nodes {;   nodedata: ""\000\000\000\007\001cEx]\211\377\342\360\215\2502\265\245\310\226\243c\302Ze\306\253#r\020\211\320iG\276\020E\317\035Sf\223F\254\000\000\000\000\000\000\000\000\000\000\000\000\000\000\000\000\000\000\000\000\000\000\000\000\000\000\000\000\000\000\000\000\302r\207\007\303\237KvzB\356\335\030k\303\312\246:\352\202\037\210\2545\307\004\232\232\026\223SW/\351\252\253/\351\252\264\n\000""; }; nodes {;   nodedata: ""\341\035\262xv\226\317f5\366\365\252a\177\355\302\326\t\222~j\320f\374/ \363\256\257\361 \303\001\301\025%1L\307\t\261\262z\374\222T\301\274V\236\223\262\270Ct\362\337b\356\024*\324\320\351\317\002k\336\234\027v\351\217\260\303\360\233ZPZWr\246$w\313\313\r\243r\232\2234\373\3539:N\004;tP\302\307\005x\n\302lQ\275\237<g\321\233$\274p\355\310J\230\370\306\264\314\367C\275\272\006E\344\037@\210\363\010\336T\226\247'\204_{\261\370""1\235\2445\343\033Y!\212\201\341\272\225'\007Z\314\023h\n\020~\036\324P\254\001\274\227n\020\273\023\010\nq\216Z\344\004\3612B\205\257\335\036\013\003""; }; requestCookie: 2; ","ledgerHash: ""\276\230H\305\2714\032l\253n6W\035\354\257.f\r\217\302\203\224\212L\020\S\370\243OP*""; ledgerSeq: 7; type: liBASE; nodes {;   nodedata: ""\000\000\000\007\001cEx]\211\377\342\360\215\2502\265\245\310\226\243c\302Ze\306\253#r\020\211\320iG\276\020E\317\035Sf\223F\254\000\000\000\000\000\000\000\000\000\000\000\000\000\000\000\000\000\000\000\000\000\000\000\000\000\000\000\000\000\000\000\000\302r\207\007\303\237KvzB\356\335\030k\303\312\246:\352\202\037\210\2545\307\004\232\232\026\223SW/\351\252\253/\351\252\264\n\000""; }; nodes {;   nodedata: ""\341\035\262xv\226\317f5\366\365\252a\177\355\302\326\t\222~j\320f\374/ \363\256\257\361 \303\001\301\025%1L\307\t\261\262z\374\222T\301\274V\236\223\262\270Ct\362\337b\356\024*\324\320\351\317\002k\336\234\027v\351\217\260\303\360\233ZPZWr\246$w\313\313\r\243r\232\2234\373\3539:N\004;tP\302\307\005x\n\302lQ\275\237<g\321\233$\274p\355\310J\230\370\306\264\314\367C\275\272\006E\344\037@\210\363\010\336T\226\247'\204_{\261\370""1\235\2445\343\033Y!\212\201\341\272\225'\007Z\314\023h\n\020~\036\324P\254\001\274\227n\020\273\023\010\nq\216Z\344\004\3612B\205\257\335\036\013\003""; }; requestCookie: 2; "
1750527543955,1750527543955,1212,1,2,4,TMLedgerData,"ledgerHash: ""\341\310\354\0213\033\013\350\207z\236R(|z&\034\335\266\323\356\205\273DV\210\254\213T\rZ\347""; ledgerSeq: 0; type: liTS_CANDIDATE; nodes {;   nodedata: ""\256\322m\2146\221\305\341\316\031h?\276\005\207\253\236\tL;\371W\315\233X\345O\203\332\240\005\360\n\003"";   nodeid: ""\000\000\000\000\000\000\000\000\000\000\000\000\000\000\000\000\000\000\000\000\000\000\000\000\000\000\000\000\000\000\000\000\000""; }; ","ledgerHash: ""\341\310\354\0213\033\013\350\207z\236R(|z&\034\335\266\323\356\205\273DV\210\254\213T\rZ\347""; ledgerSeq: 0; type: liTS_CANDIDATE; nodes {;   nodedata: ""\256\322m\2146\221\305\341\316\031h?\276\005\207\253\236\tL;\371W\315\233X\345O\203\332\240\005\360\n\003"";   nodeid: ""\000\000\000\000\000\000\000\000\000\000\000\000\000\000\000\000\000\000\000\000\000\000\000\000\000\000\000\000\000\000\000\000\000""; }; "
1750527543959,1750527543959,3085,1,3,0,TMLedgerData,"ledgerHash: ""\363\262\310\025\251\261\276X\247\260J\221\345\357\037\231)|\321K\000\\326E\004\377\005\255""A?\250""; ledgerSeq: 0; type: liTS_CANDIDATE; nodes {;   nodedata: ""MJ\275'\324\005\036\313\204nW\300\362\327\016\205\236\021\351Q6\021\355\301\372\322\276g\026\243\361M\004\003"";   nodeid: ""\000\000\000\000\000\000\000\000\000\000\000\000\000\000\000\000\000\000\000\000\000\000\000\000\000\000\000\000\000\000\000\000\000""; }; ","ledgerHash: ""\363\262\310\025\251\261\276X\247\260J\221\345\357\037\231)|\321K\000\\326E\004\377\005\255""A?\250""; ledgerSeq: 0; type: liTS_CANDIDATE; nodes {;   nodedata: ""MJ\275'\324\005\036\313\204nW\300\362\327\016\205\236\021\351Q6\021\355\301\372\322\276g\026\243\361M\004\003"";   nodeid: ""\000\000\000\000\000\000\000\000\000\000\000\000\000\000\000\000\000\000\000\000\000\000\000\000\000\000\000\000\000\000\000\000\000""; }; "
1750527543983,1750527543983,2079,1,3,1,TMGetLedger,"itype: liTS_CANDIDATE; ledgerHash: ""\341\310\354\0213\033\013\350\207z\236R(|z&\034\335\266\323\356\205\273DV\210\254\213T\rZ\347""; nodeIDs: ""\000\000\000\000\000\000\000\000\000\000\000\000\000\000\000\000\000\000\000\000\000\000\000\000\000\000\000\000\000\000\000\000\000""; requestCookie: 2; queryType: qtINDIRECT; queryDepth: 3; ","itype: liTS_CANDIDATE; ledgerHash: ""\341\310\354\0213\033\013\350\207z\236R(|z&\034\335\266\323\356\205\273DV\210\254\213T\rZ\347""; nodeIDs: ""\000\000\000\000\000\000\000\000\000\000\000\000\000\000\000\000\000\000\000\000\000\000\000\000\000\000\000\000\000\000\000\000\000""; requestCookie: 2; queryType: qtINDIRECT; queryDepth: 3; "
1750527543991,1750527543991,3769,1,1,3,TMGetLedger,"itype: liTS_CANDIDATE; ledgerHash: ""\363\262\310\025\251\261\276X\247\260J\221\345\357\037\231)|\321K\000\\326E\004\377\005\255""A?\250""; nodeIDs: ""\000\000\000\000\000\000\000\000\000\000\000\000\000\000\000\000\000\000\000\000\000\000\000\000\000\000\000\000\000\000\000\000\000""; requestCookie: 2; queryType: qtINDIRECT; queryDepth: 3; ","itype: liTS_CANDIDATE; ledgerHash: ""\363\262\310\025\251\261\276X\247\260J\221\345\357\037\231)|\321K\000\\326E\004\377\005\255""A?\250""; nodeIDs: ""\000\000\000\000\000\000\000\000\000\000\000\000\000\000\000\000\000\000\000\000\000\000\000\000\000\000\000\000\000\000\000\000\000""; requestCookie: 2; queryType: qtINDIRECT; queryDepth: 3; "
1750527544010,1750527544010,860,1,1,0,TMLedgerData,"ledgerHash: ""\341\310\354\0213\033\013\350\207z\236R(|z&\034\335\266\323\356\205\273DV\210\254\213T\rZ\347""; ledgerSeq: 0; type: liTS_CANDIDATE; nodes {;   nodedata: ""\256\322m\2146\221\305\341\316\031h?\276\005\207\253\236\tL;\371W\315\233X\345O\203\332\240\005\360\n\003"";   nodeid: ""\000\000\000\000\000\000\000\000\000\000\000\000\000\000\000\000\000\000\000\000\000\000\000\000\000\000\000\000\000\000\000\000\000""; }; requestCookie: 3; ","ledgerHash: ""\341\310\354\0213\033\013\350\207z\236R(|z&\034\335\266\323\356\205\273DV\210\254\213T\rZ\347""; ledgerSeq: 0; type: liTS_CANDIDATE; nodes {;   nodedata: ""\256\322m\2146\221\305\341\316\031h?\276\005\207\253\236\tL;\371W\315\233X\345O\203\332\240\005\360\n\003"";   nodeid: ""\000\000\000\000\000\000\000\000\000\000\000\000\000\000\000\000\000\000\000\000\000\000\000\000\000\000\000\000\000\000\000\000\000""; }; requestCookie: 3; "
1750527544012,1750527544012,860,1,1,0,TMLedgerData,"ledgerHash: ""\341\310\354\0213\033\013\350\207z\236R(|z&\034\335\266\323\356\205\273DV\210\254\213T\rZ\347""; ledgerSeq: 0; type: liTS_CANDIDATE; nodes {;   nodedata: ""\256\322m\2146\221\305\341\316\031h?\276\005\207\253\236\tL;\371W\315\233X\345O\203\332\240\005\360\n\003"";   nodeid: ""\000\000\000\000\000\000\000\000\000\000\000\000\000\000\000\000\000\000\000\000\000\000\000\000\000\000\000\000\000\000\000\000\000""; }; requestCookie: 4; ","ledgerHash: ""\341\310\354\0213\033\013\350\207z\236R(|z&\034\335\266\323\356\205\273DV\210\254\213T\rZ\347""; ledgerSeq: 0; type: liTS_CANDIDATE; nodes {;   nodedata: ""\256\322m\2146\221\305\341\316\031h?\276\005\207\253\236\tL;\371W\315\233X\345O\203\332\240\005\360\n\003"";   nodeid: ""\000\000\000\000\000\000\000\000\000\000\000\000\000\000\000\000\000\000\000\000\000\000\000\000\000\000\000\000\000\000\000\000\000""; }; requestCookie: 4; "
1750527544012,1750527544013,1539,1,4,2,TMLedgerData,"ledgerHash: ""\341\310\354\0213\033\013\350\207z\236R(|z&\034\335\266\323\356\205\273DV\210\254\213T\rZ\347""; ledgerSeq: 0; type: liTS_CANDIDATE; nodes {;   nodedata: ""\256\322m\2146\221\305\341\316\031h?\276\005\207\253\236\tL;\371W\315\233X\345O\203\332\240\005\360\n\003"";   nodeid: ""\000\000\000\000\000\000\000\000\000\000\000\000\000\000\000\000\000\000\000\000\000\000\000\000\000\000\000\000\000\000\000\000\000""; }; ","ledgerHash: ""\341\310\354\0213\033\013\350\207z\236R(|z&\034\335\266\323\356\205\273DV\210\254\213T\rZ\347""; ledgerSeq: 0; type: liTS_CANDIDATE; nodes {;   nodedata: ""\256\322m\2146\221\305\341\316\031h?\276\005\207\253\236\tL;\371W\315\233X\345O\203\332\240\005\360\n\003"";   nodeid: ""\000\000\000\000\000\000\000\000\000\000\000\000\000\000\000\000\000\000\000\000\000\000\000\000\000\000\000\000\000\000\000\000\000""; }; "
1750527544014,1750527544014,860,1,1,0,TMLedgerData,"ledgerHash: ""\341\310\354\0213\033\013\350\207z\236R(|z&\034\335\266\323\356\205\273DV\210\254\213T\rZ\347""; ledgerSeq: 0; type: liTS_CANDIDATE; nodes {;   nodedata: ""\256\322m\2146\221\305\341\316\031h?\276\005\207\253\236\tL;\371W\315\233X\345O\203\332\240\005\360\n\003"";   nodeid: ""\000\000\000\000\000\000\000\000\000\000\000\000\000\000\000\000\000\000\000\000\000\000\000\000\000\000\000\000\000\000\000\000\000""; }; ","ledgerHash: ""\341\310\354\0213\033\013\350\207z\236R(|z&\034\335\266\323\356\205\273DV\210\254\213T\rZ\347""; ledgerSeq: 0; type: liTS_CANDIDATE; nodes {;   nodedata: ""\256\322m\2146\221\305\341\316\031h?\276\005\207\253\236\tL;\371W\315\233X\345O\203\332\240\005\360\n\003"";   nodeid: ""\000\000\000\000\000\000\000\000\000\000\000\000\000\000\000\000\000\000\000\000\000\000\000\000\000\000\000\000\000\000\000\000\000""; }; "
1750527544035,1750527544035,1539,1,4,2,TMLedgerData,"ledgerHash: ""\363\262\310\025\251\261\276X\247\260J\221\345\357\037\231)|\321K\000\\326E\004\377\005\255""A?\250""; ledgerSeq: 0; type: liTS_CANDIDATE; nodes {;   nodedata: ""MJ\275'\324\005\036\313\204nW\300\362\327\016\205\236\021\351Q6\021\355\301\372\322\276g\026\243\361M\004\003"";   nodeid: ""\000\000\000\000\000\000\000\000\000\000\000\000\000\000\000\000\000\000\000\000\000\000\000\000\000\000\000\000\000\000\000\000\000""; }; requestCookie: 2; ","ledgerHash: ""\363\262\310\025\251\261\276X\247\260J\221\345\357\037\231)|\321K\000\\326E\004\377\005\255""A?\250""; ledgerSeq: 0; type: liTS_CANDIDATE; nodes {;   nodedata: ""MJ\275'\324\005\036\313\204nW\300\362\327\016\205\236\021\351Q6\021\355\301\372\322\276g\026\243\361M\004\003"";   nodeid: ""\000\000\000\000\000\000\000\000\000\000\000\000\000\000\000\000\000\000\000\000\000\000\000\000\000\000\000\000\000\000\000\000\000""; }; requestCookie: 2; "
1750527544042,1750527544042,3578,1,1,3,TMLedgerData,"ledgerHash: ""\326+\03569g\235`}\354\203s\003\217_Vf \233\324\237yU<\242:Zr\321\340\201]""; ledgerSeq: 7; type: liBASE; nodes {;   nodedata: ""\000\000\000\007\001cEx]\211\377\330\360\215\2502\265\245\310\226\243c\302Ze\306\253#r\020\211\320iG\276\020E\317\035Sf\223F\254\020N |\264\023\251\372`\001\r\225\217P\243\370m\037op\306\025\027\013\002\257\266J\025/\3729\220\014>4\264\253\207\255\233\\356\277\340\345\017\323\341\201\004TK\004\373\204\253\204\240\3155\357\026\353/\351\252\253/\351\252\264\n\000""; }; nodes {;   nodedata: ""\341\035\262xv\226\317f5\366\365\252a\177\355\302\326\t\222~j\320f\374/ \363\256\257\361 \303\001\301\025%1L\307\t\261\262z\374\222T\301\274V\236\223\262\270Ct\362\337b\356\024*\324\320\351\317\002,\377\251Q\263\245*\373\267\332I\261\001\251N\313Su!\333\331\260|\312%\271\263\267\320\313\036\303\004\330\210a4\256y^267\344\320H\t\331\316{n\002q\260\017U_\270\321B\024U\313\2054\006E\344\037@\210\363\010\336T\226\247'\204_{\261\370""1\235\2445\343\033Y!\212\201\341\272\225'\007Z\314\023h\n\020~\036\324P\254\001\274\227n\020\273\023\010\nq\216Z\344\004\3612B\205\257\335\036\013\003""; }; nodes {;   nodedata: ""\233\330\223\352\3012\234}\322\031(\362*;JR3m]\203<\234\204jiO\033\304\322\017\232\202\n\003""; }; ","ledgerHash: ""\326+\03569g\235`}\354\203s\003\217_Vf \233\324\237yU<\242:Zr\321\340\201]""; ledgerSeq: 7; type: liBASE; nodes {;   nodedata: ""\000\000\000\007\001cEx]\211\377\330\360\215\2502\265\245\310\226\243c\302Ze\306\253#r\020\211\320iG\276\020E\317\035Sf\223F\254\020N |\264\023\251\372`\001\r\225\217P\243\370m\037op\306\025\027\013\002\257\266J\025/\3729\220\014>4\264\253\207\255\233\\356\277\340\345\017\323\341\201\004TK\004\373\204\253\204\240\3155\357\026\353/\351\252\253/\351\252\264\n\000""; }; nodes {;   nodedata: ""\341\035\262xv\226\317f5\366\365\252a\177\355\302\326\t\222~j\320f\374/ \363\256\257\361 \303\001\301\025%1L\307\t\261\262z\374\222T\301\274V\236\223\262\270Ct\362\337b\356\024*\324\320\351\317\002,\377\251Q\263\245*\373\267\332I\261\001\251N\313Su!\333\331\260|\312%\271\263\267\320\313\036\303\004\330\210a4\256y^267\344\320H\t\331\316{n\002q\260\017U_\270\321B\024U\313\2054\006E\344\037@\210\363\010\336T\226\247'\204_{\261\370""1\235\2445\343\033Y!\212\201\341\272\225'\007Z\314\023h\n\020~\036\324P\254\001\274\227n\020\273\023\010\nq\216Z\344\004\3612B\205\257\335\036\013\003""; }; nodes {;   nodedata: ""\233\330\223\352\3012\234}\322\031(\362*;JR3m]\203<\234\204jiO\033\304\322\017\232\202\n\003""; }; "
1750527544044,1750527544044,1019,1,3,4,TMGetLedger,"itype: liTS_CANDIDATE; ledgerHash: ""\341\310\354\0213\033\013\350\207z\236R(|z&\034\335\266\323\356\205\273DV\210\254\213T\rZ\347""; nodeIDs: ""\000\000\000\000\000\000\000\000\000\000\000\000\000\000\000\000\000\000\000\000\000\000\000\000\000\000\000\000\000\000\000\000\000""; requestCookie: 4; queryType: qtINDIRECT; queryDepth: 3; ","itype: liTS_CANDIDATE; ledgerHash: ""\341\310\354\0213\033\013\350\207z\236R(|z&\034\335\266\323\356\205\273DV\210\254\213T\rZ\347""; nodeIDs: ""\000\000\000\000\000\000\000\000\000\000\000\000\000\000\000\000\000\000\000\000\000\000\000\000\000\000\000\000\000\000\000\000\000""; requestCookie: 4; queryType: qtINDIRECT; queryDepth: 3; "
1750527544044,1750527544045,1212,1,2,4,TMLedgerData,"ledgerHash: ""\276\230H\305\2714\032l\253n6W\035\354\257.f\r\217\302\203\224\212L\020\S\370\243OP*""; ledgerSeq: 7; type: liBASE; nodes {;   nodedata: ""\000\000\000\007\001cEx]\211\377\342\360\215\2502\265\245\310\226\243c\302Ze\306\253#r\020\211\320iG\276\020E\317\035Sf\223F\254\000\000\000\000\000\000\000\000\000\000\000\000\000\000\000\000\000\000\000\000\000\000\000\000\000\000\000\000\000\000\000\000\302r\207\007\303\237KvzB\356\335\030k\303\312\246:\352\202\037\210\2545\307\004\232\232\026\223SW/\351\252\253/\351\252\264\n\000""; }; nodes {;   nodedata: ""\341\035\262xv\226\317f5\366\365\252a\177\355\302\326\t\222~j\320f\374/ \363\256\257\361 \303\001\301\025%1L\307\t\261\262z\374\222T\301\274V\236\223\262\270Ct\362\337b\356\024*\324\320\351\317\002k\336\234\027v\351\217\260\303\360\233ZPZWr\246$w\313\313\r\243r\232\2234\373\3539:N\004;tP\302\307\005x\n\302lQ\275\237<g\321\233$\274p\355\310J\230\370\306\264\314\367C\275\272\006E\344\037@\210\363\010\336T\226\247'\204_{\261\370""1\235\2445\343\033Y!\212\201\341\272\225'\007Z\314\023h\n\020~\036\324P\254\001\274\227n\020\273\023\010\nq\216Z\344\004\3612B\205\257\335\036\013\003""; }; requestCookie: 2; ","ledgerHash: ""\276\230H\305\2714\032l\253n6W\035\354\257.f\r\217\302\203\224\212L\020\S\370\243OP*""; ledgerSeq: 7; type: liBASE; nodes {;   nodedata: ""\000\000\000\007\001cEx]\211\377\342\360\215\2502\265\245\310\226\243c\302Ze\306\253#r\020\211\320iG\276\020E\317\035Sf\223F\254\000\000\000\000\000\000\000\000\000\000\000\000\000\000\000\000\000\000\000\000\000\000\000\000\000\000\000\000\000\000\000\000\302r\207\007\303\237KvzB\356\335\030k\303\312\246:\352\202\037\210\2545\307\004\232\232\026\223SW/\351\252\253/\351\252\264\n\000""; }; nodes {;   nodedata: ""\341\035\262xv\226\317f5\366\365\252a\177\355\302\326\t\222~j\320f\374/ \363\256\257\361 \303\001\301\025%1L\307\t\261\262z\374\222T\301\274V\236\223\262\270Ct\362\337b\356\024*\324\320\351\317\002k\336\234\027v\351\217\260\303\360\233ZPZWr\246$w\313\313\r\243r\232\2234\373\3539:N\004;tP\302\307\005x\n\302lQ\275\237<g\321\233$\274p\355\310J\230\370\306\264\314\367C\275\272\006E\344\037@\210\363\010\336T\226\247'\204_{\261\370""1\235\2445\343\033Y!\212\201\341\272\225'\007Z\314\023h\n\020~\036\324P\254\001\274\227n\020\273\023\010\nq\216Z\344\004\3612B\205\257\335\036\013\003""; }; requestCookie: 2; "
1750527544050,1750527544050,1996,1,0,4,TMLedgerData,"ledgerHash: ""\341\310\354\0213\033\013\350\207z\236R(|z&\034\335\266\323\356\205\273DV\210\254\213T\rZ\347""; ledgerSeq: 0; type: liTS_CANDIDATE; nodes {;   nodedata: ""\256\322m\2146\221\305\341\316\031h?\276\005\207\253\236\tL;\371W\315\233X\345O\203\332\240\005\360\n\003"";   nodeid: ""\000\000\000\000\000\000\000\000\000\000\000\000\000\000\000\000\000\000\000\000\000\000\000\000\000\000\000\000\000\000\000\000\000""; }; ","ledgerHash: ""\341\310\354\0213\033\013\350\207z\236R(|z&\034\335\266\323\356\205\273DV\210\254\213T\rZ\347""; ledgerSeq: 0; type: liTS_CANDIDATE; nodes {;   nodedata: ""\256\322m\2146\221\305\341\316\031h?\276\005\207\253\236\tL;\371W\315\233X\345O\203\332\240\005\360\n\003"";   nodeid: ""\000\000\000\000\000\000\000\000\000\000\000\000\000\000\000\000\000\000\000\000\000\000\000\000\000\000\000\000\000\000\000\000\000""; }; "
1750527544050,1750527544050,1665,1,2,3,TMLedgerData,"ledgerHash: ""\341\310\354\0213\033\013\350\207z\236R(|z&\034\335\266\323\356\205\273DV\210\254\213T\rZ\347""; ledgerSeq: 0; type: liTS_CANDIDATE; nodes {;   nodedata: ""\256\322m\2146\221\305\341\316\031h?\276\005\207\253\236\tL;\371W\315\233X\345O\203\332\240\005\360\n\003"";   nodeid: ""\000\000\000\000\000\000\000\000\000\000\000\000\000\000\000\000\000\000\000\000\000\000\000\000\000\000\000\000\000\000\000\000\000""; }; ","ledgerHash: ""\341\310\354\0213\033\013\350\207z\236R(|z&\034\335\266\323\356\205\273DV\210\254\213T\rZ\347""; ledgerSeq: 0; type: liTS_CANDIDATE; nodes {;   nodedata: ""\256\322m\2146\221\305\341\316\031h?\276\005\207\253\236\tL;\371W\315\233X\345O\203\332\240\005\360\n\003"";   nodeid: ""\000\000\000\000\000\000\000\000\000\000\000\000\000\000\000\000\000\000\000\000\000\000\000\000\000\000\000\000\000\000\000\000\000""; }; "
1750527544064,1750527544064,2523,1,3,2,TMLedgerData,"ledgerHash: ""\363\262\310\025\251\261\276X\247\260J\221\345\357\037\231)|\321K\000\\326E\004\377\005\255""A?\250""; ledgerSeq: 0; type: liTS_CANDIDATE; nodes {;   nodedata: ""MJ\275'\324\005\036\313\204nW\300\362\327\016\205\236\021\351Q6\021\355\301\372\322\276g\026\243\361M\004\003"";   nodeid: ""\000\000\000\000\000\000\000\000\000\000\000\000\000\000\000\000\000\000\000\000\000\000\000\000\000\000\000\000\000\000\000\000\000""; }; requestCookie: 2; ","ledgerHash: ""\363\262\310\025\251\261\276X\247\260J\221\345\357\037\231)|\321K\000\\326E\004\377\005\255""A?\250""; ledgerSeq: 0; type: liTS_CANDIDATE; nodes {;   nodedata: ""MJ\275'\324\005\036\313\204nW\300\362\327\016\205\236\021\351Q6\021\355\301\372\322\276g\026\243\361M\004\003"";   nodeid: ""\000\000\000\000\000\000\000\000\000\000\000\000\000\000\000\000\000\000\000\000\000\000\000\000\000\000\000\000\000\000\000\000\000""; }; requestCookie: 2; "
1750527544078,1750527544078,3578,1,1,3,TMLedgerData,"ledgerHash: ""3\321\n7\354)\tf\006\357\205B<h\272GQ \344\262\236\025#\003\024&\310\034\352\376\326""; ledgerSeq: 0; type: liTS_CANDIDATE; nodes {;   nodedata: ""'\240~~s\033\202\356\320\307\177Nt\203\315\245\305\276b\265\310\271\3319\245:\342=c\267\265\233\002\003"";   nodeid: ""\000\000\000\000\000\000\000\000\000\000\000\000\000\000\000\000\000\000\000\000\000\000\000\000\000\000\000\000\000\000\000\000\000""; }; ","ledgerHash: ""3\321\n7\354)\tf\006\357\205B<h\272GQ \344\262\236\025#\003\024&\310\034\352\376\326""; ledgerSeq: 0; type: liTS_CANDIDATE; nodes {;   nodedata: ""'\240~~s\033\202\356\320\307\177Nt\203\315\245\305\276b\265\310\271\3319\245:\342=c\267\265\233\002\003"";   nodeid: ""\000\000\000\000\000\000\000\000\000\000\000\000\000\000\000\000\000\000\000\000\000\000\000\000\000\000\000\000\000\000\000\000\000""; }; "
1750527544081,1750527544081,1665,1,2,3,TMLedgerData,"ledgerHash: ""\341\310\354\0213\033\013\350\207z\236R(|z&\034\335\266\323\356\205\273DV\210\254\213T\rZ\347""; ledgerSeq: 0; type: liTS_CANDIDATE; nodes {;   nodedata: ""\256\322m\2146\221\305\341\316\031h?\276\005\207\253\236\tL;\371W\315\233X\345O\203\332\240\005\360\n\003"";   nodeid: ""\000\000\000\000\000\000\000\000\000\000\000\000\000\000\000\000\000\000\000\000\000\000\000\000\000\000\000\000\000\000\000\000\000""; }; ","ledgerHash: ""\341\310\354\0213\033\013\350\207z\236R(|z&\034\335\266\323\356\205\273DV\210\254\213T\rZ\347""; ledgerSeq: 0; type: liTS_CANDIDATE; nodes {;   nodedata: ""\256\322m\2146\221\305\341\316\031h?\276\005\207\253\236\tL;\371W\315\233X\345O\203\332\240\005\360\n\003"";   nodeid: ""\000\000\000\000\000\000\000\000\000\000\000\000\000\000\000\000\000\000\000\000\000\000\000\000\000\000\000\000\000\000\000\000\000""; }; "
1750527544098,1750527544098,1665,1,2,3,TMLedgerData,"ledgerHash: ""3\321\n7\354)\tf\006\357\205B<h\272GQ \344\262\236\025#\003\024&\310\034\352\376\326""; ledgerSeq: 0; type: liTS_CANDIDATE; nodes {;   nodedata: ""'\240~~s\033\202\356\320\307\177Nt\203\315\245\305\276b\265\310\271\3319\245:\342=c\267\265\233\002\003"";   nodeid: ""\000\000\000\000\000\000\000\000\000\000\000\000\000\000\000\000\000\000\000\000\000\000\000\000\000\000\000\000\000\000\000\000\000""; }; ","ledgerHash: ""3\321\n7\354)\tf\006\357\205B<h\272GQ \344\262\236\025#\003\024&\310\034\352\376\326""; ledgerSeq: 0; type: liTS_CANDIDATE; nodes {;   nodedata: ""'\240~~s\033\202\356\320\307\177Nt\203\315\245\305\276b\265\310\271\3319\245:\342=c\267\265\233\002\003"";   nodeid: ""\000\000\000\000\000\000\000\000\000\000\000\000\000\000\000\000\000\000\000\000\000\000\000\000\000\000\000\000\000\000\000\000\000""; }; "
1750527544102,1750527544102,1665,1,2,3,TMLedgerData,"ledgerHash: ""\276\230H\305\2714\032l\253n6W\035\354\257.f\r\217\302\203\224\212L\020\S\370\243OP*""; ledgerSeq: 7; type: liBASE; nodes {;   nodedata: ""\000\000\000\007\001cEx]\211\377\342\360\215\2502\265\245\310\226\243c\302Ze\306\253#r\020\211\320iG\276\020E\317\035Sf\223F\254\000\000\000\000\000\000\000\000\000\000\000\000\000\000\000\000\000\000\000\000\000\000\000\000\000\000\000\000\000\000\000\000\302r\207\007\303\237KvzB\356\335\030k\303\312\246:\352\202\037\210\2545\307\004\232\232\026\223SW/\351\252\253/\351\252\264\n\000""; }; nodes {;   nodedata: ""\341\035\262xv\226\317f5\366\365\252a\177\355\302\326\t\222~j\320f\374/ \363\256\257\361 \303\001\301\025%1L\307\t\261\262z\374\222T\301\274V\236\223\262\270Ct\362\337b\356\024*\324\320\351\317\002k\336\234\027v\351\217\260\303\360\233ZPZWr\246$w\313\313\r\243r\232\2234\373\3539:N\004;tP\302\307\005x\n\302lQ\275\237<g\321\233$\274p\355\310J\230\370\306\264\314\367C\275\272\006E\344\037@\210\363\010\336T\226\247'\204_{\261\370""1\235\2445\343\033Y!\212\201\341\272\225'\007Z\314\023h\n\020~\036\324P\254\001\274\227n\020\273\023\010\nq\216Z\344\004\3612B\205\257\335\036\013\003""; }; ","ledgerHash: ""\276\230H\305\2714\032l\253n6W\035\354\257.f\r\217\302\203\224\212L\020\S\370\243OP*""; ledgerSeq: 7; type: liBASE; nodes {;   nodedata: ""\000\000\000\007\001cEx]\211\377\342\360\215\2502\265\245\310\226\243c\302Ze\306\253#r\020\211\320iG\276\020E\317\035Sf\223F\254\000\000\000\000\000\000\000\000\000\000\000\000\000\000\000\000\000\000\000\000\000\000\000\000\000\000\000\000\000\000\000\000\302r\207\007\303\237KvzB\356\335\030k\303\312\246:\352\202\037\210\2545\307\004\232\232\026\223SW/\351\252\253/\351\252\264\n\000""; }; nodes {;   nodedata: ""\341\035\262xv\226\317f5\366\365\252a\177\355\302\326\t\222~j\320f\374/ \363\256\257\361 \303\001\301\025%1L\307\t\261\262z\374\222T\301\274V\236\223\262\270Ct\362\337b\356\024*\324\320\351\317\002k\336\234\027v\351\217\260\303\360\233ZPZWr\246$w\313\313\r\243r\232\2234\373\3539:N\004;tP\302\307\005x\n\302lQ\275\237<g\321\233$\274p\355\310J\230\370\306\264\314\367C\275\272\006E\344\037@\210\363\010\336T\226\247'\204_{\261\370""1\235\2445\343\033Y!\212\201\341\272\225'\007Z\314\023h\n\020~\036\324P\254\001\274\227n\020\273\023\010\nq\216Z\344\004\3612B\205\257\335\036\013\003""; }; "
1750527544105,1750527544105,612,1,2,0,TMLedgerData,"ledgerHash: ""\341\310\354\0213\033\013\350\207z\236R(|z&\034\335\266\323\356\205\273DV\210\254\213T\rZ\347""; ledgerSeq: 0; type: liTS_CANDIDATE; nodes {;   nodedata: ""\256\322m\2146\221\305\341\316\031h?\276\005\207\253\236\tL;\371W\315\233X\345O\203\332\240\005\360\n\003"";   nodeid: ""\000\000\000\000\000\000\000\000\000\000\000\000\000\000\000\000\000\000\000\000\000\000\000\000\000\000\000\000\000\000\000\000\000""; }; ","ledgerHash: ""\341\310\354\0213\033\013\350\207z\236R(|z&\034\335\266\323\356\205\273DV\210\254\213T\rZ\347""; ledgerSeq: 0; type: liTS_CANDIDATE; nodes {;   nodedata: ""\256\322m\2146\221\305\341\316\031h?\276\005\207\253\236\tL;\371W\315\233X\345O\203\332\240\005\360\n\003"";   nodeid: ""\000\000\000\000\000\000\000\000\000\000\000\000\000\000\000\000\000\000\000\000\000\000\000\000\000\000\000\000\000\000\000\000\000""; }; "
1750527544122,1750527544122,3818,1,0,2,TMLedgerData,"ledgerHash: ""\341\310\354\0213\033\013\350\207z\236R(|z&\034\335\266\323\356\205\273DV\210\254\213T\rZ\347""; ledgerSeq: 0; type: liTS_CANDIDATE; nodes {;   nodedata: ""\256\322m\2146\221\305\341\316\031h?\276\005\207\253\236\tL;\371W\315\233X\345O\203\332\240\005\360\n\003"";   nodeid: ""\000\000\000\000\000\000\000\000\000\000\000\000\000\000\000\000\000\000\000\000\000\000\000\000\000\000\000\000\000\000\000\000\000""; }; ","ledgerHash: ""\341\310\354\0213\033\013\350\207z\236R(|z&\034\335\266\323\356\205\273DV\210\254\213T\rZ\347""; ledgerSeq: 0; type: liTS_CANDIDATE; nodes {;   nodedata: ""\256\322m\2146\221\305\341\316\031h?\276\005\207\253\236\tL;\371W\315\233X\345O\203\332\240\005\360\n\003"";   nodeid: ""\000\000\000\000\000\000\000\000\000\000\000\000\000\000\000\000\000\000\000\000\000\000\000\000\000\000\000\000\000\000\000\000\000""; }; "
1750527544122,1750527544123,1212,1,2,4,TMLedgerData,"ledgerHash: ""\276\230H\305\2714\032l\253n6W\035\354\257.f\r\217\302\203\224\212L\020\S\370\243OP*""; ledgerSeq: 7; type: liBASE; nodes {;   nodedata: ""\000\000\000\007\001cEx]\211\377\342\360\215\2502\265\245\310\226\243c\302Ze\306\253#r\020\211\320iG\276\020E\317\035Sf\223F\254\000\000\000\000\000\000\000\000\000\000\000\000\000\000\000\000\000\000\000\000\000\000\000\000\000\000\000\000\000\000\000\000\302r\207\007\303\237KvzB\356\335\030k\303\312\246:\352\202\037\210\2545\307\004\232\232\026\223SW/\351\252\253/\351\252\264\n\000""; }; nodes {;   nodedata: ""\341\035\262xv\226\317f5\366\365\252a\177\355\302\326\t\222~j\320f\374/ \363\256\257\361 \303\001\301\025%1L\307\t\261\262z\374\222T\301\274V\236\223\262\270Ct\362\337b\356\024*\324\320\351\317\002k\336\234\027v\351\217\260\303\360\233ZPZWr\246$w\313\313\r\243r\232\2234\373\3539:N\004;tP\302\307\005x\n\302lQ\275\237<g\321\233$\274p\355\310J\230\370\306\264\314\367C\275\272\006E\344\037@\210\363\010\336T\226\247'\204_{\261\370""1\235\2445\343\033Y!\212\201\341\272\225'\007Z\314\023h\n\020~\036\324P\254\001\274\227n\020\273\023\010\nq\216Z\344\004\3612B\205\257\335\036\013\003""; }; ","ledgerHash: ""\276\230H\305\2714\032l\253n6W\035\354\257.f\r\217\302\203\224\212L\020\S\370\243OP*""; ledgerSeq: 7; type: liBASE; nodes {;   nodedata: ""\000\000\000\007\001cEx]\211\377\342\360\215\2502\265\245\310\226\243c\302Ze\306\253#r\020\211\320iG\276\020E\317\035Sf\223F\254\000\000\000\000\000\000\000\000\000\000\000\000\000\000\000\000\000\000\000\000\000\000\000\000\000\000\000\000\000\000\000\000\302r\207\007\303\237KvzB\356\335\030k\303\312\246:\352\202\037\210\2545\307\004\232\232\026\223SW/\351\252\253/\351\252\264\n\000""; }; nodes {;   nodedata: ""\341\035\262xv\226\317f5\366\365\252a\177\355\302\326\t\222~j\320f\374/ \363\256\257\361 \303\001\301\025%1L\307\t\261\262z\374\222T\301\274V\236\223\262\270Ct\362\337b\356\024*\324\320\351\317\002k\336\234\027v\351\217\260\303\360\233ZPZWr\246$w\313\313\r\243r\232\2234\373\3539:N\004;tP\302\307\005x\n\302lQ\275\237<g\321\233$\274p\355\310J\230\370\306\264\314\367C\275\272\006E\344\037@\210\363\010\336T\226\247'\204_{\261\370""1\235\2445\343\033Y!\212\201\341\272\225'\007Z\314\023h\n\020~\036\324P\254\001\274\227n\020\273\023\010\nq\216Z\344\004\3612B\205\257\335\036\013\003""; }; "
1750527544123,1750527544124,3578,1,1,3,TMLedgerData,"ledgerHash: ""\341\310\354\0213\033\013\350\207z\236R(|z&\034\335\266\323\356\205\273DV\210\254\213T\rZ\347""; ledgerSeq: 0; type: liTS_CANDIDATE; nodes {;   nodedata: ""\256\322m\2146\221\305\341\316\031h?\276\005\207\253\236\tL;\371W\315\233X\345O\203\332\240\005\360\n\003"";   nodeid: ""\000\000\000\000\000\000\000\000\000\000\000\000\000\000\000\000\000\000\000\000\000\000\000\000\000\000\000\000\000\000\000\000\000""; }; requestCookie: 4; ","ledgerHash: ""\341\310\354\0213\033\013\350\207z\236R(|z&\034\335\266\323\356\205\273DV\210\254\213T\rZ\347""; ledgerSeq: 0; type: liTS_CANDIDATE; nodes {;   nodedata: ""\256\322m\2146\221\305\341\316\031h?\276\005\207\253\236\tL;\371W\315\233X\345O\203\332\240\005\360\n\003"";   nodeid: ""\000\000\000\000\000\000\000\000\000\000\000\000\000\000\000\000\000\000\000\000\000\000\000\000\000\000\000\000\000\000\000\000\000""; }; requestCookie: 4; "
1750527544165,1750527544165,1497,1,0,3,TMLedgerData,"ledgerHash: ""\341\310\354\0213\033\013\350\207z\236R(|z&\034\335\266\323\356\205\273DV\210\254\213T\rZ\347""; ledgerSeq: 0; type: liTS_CANDIDATE; nodes {;   nodedata: ""\256\322m\2146\221\305\341\316\031h?\276\005\207\253\236\tL;\371W\315\233X\345O\203\332\240\005\360\n\003"";   nodeid: ""\000\000\000\000\000\000\000\000\000\000\000\000\000\000\000\000\000\000\000\000\000\000\000\000\000\000\000\000\000\000\000\000\000""; }; ","ledgerHash: ""\341\310\354\0213\033\013\350\207z\236R(|z&\034\335\266\323\356\205\273DV\210\254\213T\rZ\347""; ledgerSeq: 0; type: liTS_CANDIDATE; nodes {;   nodedata: ""\256\322m\2146\221\305\341\316\031h?\276\005\207\253\236\tL;\371W\315\233X\345O\203\332\240\005\360\n\003"";   nodeid: ""\000\000\000\000\000\000\000\000\000\000\000\000\000\000\000\000\000\000\000\000\000\000\000\000\000\000\000\000\000\000\000\000\000""; }; "
1750527544166,1750527544166,1212,1,2,4,TMLedgerData,"ledgerHash: ""3\321\n7\354)\tf\006\357\205B<h\272GQ \344\262\236\025#\003\024&\310\034\352\376\326""; ledgerSeq: 0; type: liTS_CANDIDATE; nodes {;   nodedata: ""'\240~~s\033\202\356\320\307\177Nt\203\315\245\305\276b\265\310\271\3319\245:\342=c\267\265\233\002\003"";   nodeid: ""\000\000\000\000\000\000\000\000\000\000\000\000\000\000\000\000\000\000\000\000\000\000\000\000\000\000\000\000\000\000\000\000\000""; }; ","ledgerHash: ""3\321\n7\354)\tf\006\357\205B<h\272GQ \344\262\236\025#\003\024&\310\034\352\376\326""; ledgerSeq: 0; type: liTS_CANDIDATE; nodes {;   nodedata: ""'\240~~s\033\202\356\320\307\177Nt\203\315\245\305\276b\265\310\271\3319\245:\342=c\267\265\233\002\003"";   nodeid: ""\000\000\000\000\000\000\000\000\000\000\000\000\000\000\000\000\000\000\000\000\000\000\000\000\000\000\000\000\000\000\000\000\000""; }; "
1750527544182,1750527544182,1782,1,1,4,TMLedgerData,"ledgerHash: ""\276\230H\305\2714\032l\253n6W\035\354\257.f\r\217\302\203\224\212L\020\S\370\243OP*""; ledgerSeq: 7; type: liBASE; nodes {;   nodedata: ""\000\000\000\007\001cEx]\211\377\342\360\215\2502\265\245\310\226\243c\302Ze\306\253#r\020\211\320iG\276\020E\317\035Sf\223F\254\000\000\000\000\000\000\000\000\000\000\000\000\000\000\000\000\000\000\000\000\000\000\000\000\000\000\000\000\000\000\000\000\302r\207\007\303\237KvzB\356\335\030k\303\312\246:\352\202\037\210\2545\307\004\232\232\026\223SW/\351\252\253/\351\252\264\n\000""; }; nodes {;   nodedata: ""\341\035\262xv\226\317f5\366\365\252a\177\355\302\326\t\222~j\320f\374/ \363\256\257\361 \303\001\301\025%1L\307\t\261\262z\374\222T\301\274V\236\223\262\270Ct\362\337b\356\024*\324\320\351\317\002k\336\234\027v\351\217\260\303\360\233ZPZWr\246$w\313\313\r\243r\232\2234\373\3539:N\004;tP\302\307\005x\n\302lQ\275\237<g\321\233$\274p\355\310J\230\370\306\264\314\367C\275\272\006E\344\037@\210\363\010\336T\226\247'\204_{\261\370""1\235\2445\343\033Y!\212\201\341\272\225'\007Z\314\023h\n\020~\036\324P\254\001\274\227n\020\273\023\010\nq\216Z\344\004\3612B\205\257\335\036\013\003""; }; ","ledgerHash: ""\276\230H\305\2714\032l\253n6W\035\354\257.f\r\217\302\203\224\212L\020\S\370\243OP*""; ledgerSeq: 7; type: liBASE; nodes {;   nodedata: ""\000\000\000\007\001cEx]\211\377\342\360\215\2502\265\245\310\226\243c\302Ze\306\253#r\020\211\320iG\276\020E\317\035Sf\223F\254\000\000\000\000\000\000\000\000\000\000\000\000\000\000\000\000\000\000\000\000\000\000\000\000\000\000\000\000\000\000\000\000\302r\207\007\303\237KvzB\356\335\030k\303\312\246:\352\202\037\210\2545\307\004\232\232\026\223SW/\351\252\253/\351\252\264\n\000""; }; nodes {;   nodedata: ""\341\035\262xv\226\317f5\366\365\252a\177\355\302\326\t\222~j\320f\374/ \363\256\257\361 \303\001\301\025%1L\307\t\261\262z\374\222T\301\274V\236\223\262\270Ct\362\337b\356\024*\324\320\351\317\002k\336\234\027v\351\217\260\303\360\233ZPZWr\246$w\313\313\r\243r\232\2234\373\3539:N\004;tP\302\307\005x\n\302lQ\275\237<g\321\233$\274p\355\310J\230\370\306\264\314\367C\275\272\006E\344\037@\210\363\010\336T\226\247'\204_{\261\370""1\235\2445\343\033Y!\212\201\341\272\225'\007Z\314\023h\n\020~\036\324P\254\001\274\227n\020\273\023\010\nq\216Z\344\004\3612B\205\257\335\036\013\003""; }; "
1750527544189,1750527544189,860,1,1,0,TMLedgerData,"ledgerHash: ""\341\310\354\0213\033\013\350\207z\236R(|z&\034\335\266\323\356\205\273DV\210\254\213T\rZ\347""; ledgerSeq: 0; type: liTS_CANDIDATE; nodes {;   nodedata: ""\256\322m\2146\221\305\341\316\031h?\276\005\207\253\236\tL;\371W\315\233X\345O\203\332\240\005\360\n\003"";   nodeid: ""\000\000\000\000\000\000\000\000\000\000\000\000\000\000\000\000\000\000\000\000\000\000\000\000\000\000\000\000\000\000\000\000\000""; }; requestCookie: 5; ","ledgerHash: ""\341\310\354\0213\033\013\350\207z\236R(|z&\034\335\266\323\356\205\273DV\210\254\213T\rZ\347""; ledgerSeq: 0; type: liTS_CANDIDATE; nodes {;   nodedata: ""\256\322m\2146\221\305\341\316\031h?\276\005\207\253\236\tL;\371W\315\233X\345O\203\332\240\005\360\n\003"";   nodeid: ""\000\000\000\000\000\000\000\000\000\000\000\000\000\000\000\000\000\000\000\000\000\000\000\000\000\000\000\000\000\000\000\000\000""; }; requestCookie: 5; "
1750527544191,1750527544191,1434,1,0,1,TMLedgerData,"ledgerHash: ""3\321\n7\354)\tf\006\357\205B<h\272GQ \344\262\236\025#\003\024&\310\034\352\376\326""; ledgerSeq: 0; type: liTS_CANDIDATE; nodes {;   nodedata: ""'\240~~s\033\202\356\320\307\177Nt\203\315\245\305\276b\265\310\271\3319\245:\342=c\267\265\233\002\003"";   nodeid: ""\000\000\000\000\000\000\000\000\000\000\000\000\000\000\000\000\000\000\000\000\000\000\000\000\000\000\000\000\000\000\000\000\000""; }; requestCookie: 5; ","ledgerHash: ""3\321\n7\354)\tf\006\357\205B<h\272GQ \344\262\236\025#\003\024&\310\034\352\376\326""; ledgerSeq: 0; type: liTS_CANDIDATE; nodes {;   nodedata: ""'\240~~s\033\202\356\320\307\177Nt\203\315\245\305\276b\265\310\271\3319\245:\342=c\267\265\233\002\003"";   nodeid: ""\000\000\000\000\000\000\000\000\000\000\000\000\000\000\000\000\000\000\000\000\000\000\000\000\000\000\000\000\000\000\000\000\000""; }; requestCookie: 5; "
1750527544202,1750527544202,612,1,2,0,TMLedgerData,"ledgerHash: ""\356\316\306(\314\366\340SA\320e\361\337A\350+\342\334{eBV\360\354\225)\263\237~v\236}""; ledgerSeq: 0; type: liTS_CANDIDATE; nodes {;   nodedata: ""\216b\024\334gS\347X\272b\322\267\303L\230\361n\036 \270-E\361}\351O\347\233\337\314!\215\010\003"";   nodeid: ""\000\000\000\000\000\000\000\000\000\000\000\000\000\000\000\000\000\000\000\000\000\000\000\000\000\000\000\000\000\000\000\000\000""; }; ","ledgerHash: ""\356\316\306(\314\366\340SA\320e\361\337A\350+\342\334{eBV\360\354\225)\263\237~v\236}""; ledgerSeq: 0; type: liTS_CANDIDATE; nodes {;   nodedata: ""\216b\024\334gS\347X\272b\322\267\303L\230\361n\036 \270-E\361}\351O\347\233\337\314!\215\010\003"";   nodeid: ""\000\000\000\000\000\000\000\000\000\000\000\000\000\000\000\000\000\000\000\000\000\000\000\000\000\000\000\000\000\000\000\000\000""; }; "
1750527544207,1750527544207,1212,1,2,4,TMLedgerData,"ledgerHash: ""\341\310\354\0213\033\013\350\207z\236R(|z&\034\335\266\323\356\205\273DV\210\254\213T\rZ\347""; ledgerSeq: 0; type: liTS_CANDIDATE; nodes {;   nodedata: ""\256\322m\2146\221\305\341\316\031h?\276\005\207\253\236\tL;\371W\315\233X\345O\203\332\240\005\360\n\003"";   nodeid: ""\000\000\000\000\000\000\000\000\000\000\000\000\000\000\000\000\000\000\000\000\000\000\000\000\000\000\000\000\000\000\000\000\000""; }; ","ledgerHash: ""\341\310\354\0213\033\013\350\207z\236R(|z&\034\335\266\323\356\205\273DV\210\254\213T\rZ\347""; ledgerSeq: 0; type: liTS_CANDIDATE; nodes {;   nodedata: ""\256\322m\2146\221\305\341\316\031h?\276\005\207\253\236\tL;\371W\315\233X\345O\203\332\240\005\360\n\003"";   nodeid: ""\000\000\000\000\000\000\000\000\000\000\000\000\000\000\000\000\000\000\000\000\000\000\000\000\000\000\000\000\000\000\000\000\000""; }; "
1750527544210,1750527544210,3085,1,3,0,TMLedgerData,"ledgerHash: ""\363\262\310\025\251\261\276X\247\260J\221\345\357\037\231)|\321K\000\\326E\004\377\005\255""A?\250""; ledgerSeq: 0; type: liTS_CANDIDATE; nodes {;   nodedata: ""MJ\275'\324\005\036\313\204nW\300\362\327\016\205\236\021\351Q6\021\355\301\372\322\276g\026\243\361M\004\003"";   nodeid: ""\000\000\000\000\000\000\000\000\000\000\000\000\000\000\000\000\000\000\000\000\000\000\000\000\000\000\000\000\000\000\000\000\000""; }; ","ledgerHash: ""\363\262\310\025\251\261\276X\247\260J\221\345\357\037\231)|\321K\000\\326E\004\377\005\255""A?\250""; ledgerSeq: 0; type: liTS_CANDIDATE; nodes {;   nodedata: ""MJ\275'\324\005\036\313\204nW\300\362\327\016\205\236\021\351Q6\021\355\301\372\322\276g\026\243\361M\004\003"";   nodeid: ""\000\000\000\000\000\000\000\000\000\000\000\000\000\000\000\000\000\000\000\000\000\000\000\000\000\000\000\000\000\000\000\000\000""; }; "
1750527544227,1750527544227,2523,1,3,2,TMLedgerData,"ledgerHash: ""3\321\n7\354)\tf\006\357\205B<h\272GQ \344\262\236\025#\003\024&\310\034\352\376\326""; ledgerSeq: 0; type: liTS_CANDIDATE; nodes {;   nodedata: ""'\240~~s\033\202\356\320\307\177Nt\203\315\245\305\276b\265\310\271\3319\245:\342=c\267\265\233\002\003"";   nodeid: ""\000\000\000\000\000\000\000\000\000\000\000\000\000\000\000\000\000\000\000\000\000\000\000\000\000\000\000\000\000\000\000\000\000""; }; requestCookie: 5; ","ledgerHash: ""3\321\n7\354)\tf\006\357\205B<h\272GQ \344\262\236\025#\003\024&\310\034\352\376\326""; ledgerSeq: 0; type: liTS_CANDIDATE; nodes {;   nodedata: ""'\240~~s\033\202\356\320\307\177Nt\203\315\245\305\276b\265\310\271\3319\245:\342=c\267\265\233\002\003"";   nodeid: ""\000\000\000\000\000\000\000\000\000\000\000\000\000\000\000\000\000\000\000\000\000\000\000\000\000\000\000\000\000\000\000\000\000""; }; requestCookie: 5; "
1750527544235,1750527544235,2794,1,3,2,TMGetLedger,"itype: liTS_CANDIDATE; ledgerHash: ""\341\310\354\0213\033\013\350\207z\236R(|z&\034\335\266\323\356\205\273DV\210\254\213T\rZ\347""; nodeIDs: ""\000\000\000\000\000\000\000\000\000\000\000\000\000\000\000\000\000\000\000\000\000\000\000\000\000\000\000\000\000\000\000\000\000""; requestCookie: 2; queryType: qtINDIRECT; queryDepth: 3; ","itype: liTS_CANDIDATE; ledgerHash: ""\341\310\354\0213\033\013\350\207z\236R(|z&\034\335\266\323\356\205\273DV\210\254\213T\rZ\347""; nodeIDs: ""\000\000\000\000\000\000\000\000\000\000\000\000\000\000\000\000\000\000\000\000\000\000\000\000\000\000\000\000\000\000\000\000\000""; requestCookie: 2; queryType: qtINDIRECT; queryDepth: 3; "
1750527544241,1750527544241,3810,1,1,4,TMGetLedger,"itype: liTS_CANDIDATE; ledgerHash: ""\363\262\310\025\251\261\276X\247\260J\221\345\357\037\231)|\321K\000\\326E\004\377\005\255""A?\250""; nodeIDs: ""\000\000\000\000\000\000\000\000\000\000\000\000\000\000\000\000\000\000\000\000\000\000\000\000\000\000\000\000\000\000\000\000\000""; requestCookie: 2; queryType: qtINDIRECT; queryDepth: 3; ","itype: liTS_CANDIDATE; ledgerHash: ""\363\262\310\025\251\261\276X\247\260J\221\345\357\037\231)|\321K\000\\326E\004\377\005\255""A?\250""; nodeIDs: ""\000\000\000\000\000\000\000\000\000\000\000\000\000\000\000\000\000\000\000\000\000\000\000\000\000\000\000\000\000\000\000\000\000""; requestCookie: 2; queryType: qtINDIRECT; queryDepth: 3; "
1750527544243,1750527544244,3578,1,1,3,TMLedgerData,"ledgerHash: ""\326+\03569g\235`}\354\203s\003\217_Vf \233\324\237yU<\242:Zr\321\340\201]""; ledgerSeq: 7; type: liBASE; nodes {;   nodedata: ""\000\000\000\007\001cEx]\211\377\330\360\215\2502\265\245\310\226\243c\302Ze\306\253#r\020\211\320iG\276\020E\317\035Sf\223F\254\020N |\264\023\251\372`\001\r\225\217P\243\370m\037op\306\025\027\013\002\257\266J\025/\3729\220\014>4\264\253\207\255\233\\356\277\340\345\017\323\341\201\004TK\004\373\204\253\204\240\3155\357\026\353/\351\252\253/\351\252\264\n\000""; }; nodes {;   nodedata: ""\341\035\262xv\226\317f5\366\365\252a\177\355\302\326\t\222~j\320f\374/ \363\256\257\361 \303\001\301\025%1L\307\t\261\262z\374\222T\301\274V\236\223\262\270Ct\362\337b\356\024*\324\320\351\317\002,\377\251Q\263\245*\373\267\332I\261\001\251N\313Su!\333\331\260|\312%\271\263\267\320\313\036\303\004\330\210a4\256y^267\344\320H\t\331\316{n\002q\260\017U_\270\321B\024U\313\2054\006E\344\037@\210\363\010\336T\226\247'\204_{\261\370""1\235\2445\343\033Y!\212\201\341\272\225'\007Z\314\023h\n\020~\036\324P\254\001\274\227n\020\273\023\010\nq\216Z\344\004\3612B\205\257\335\036\013\003""; }; nodes {;   nodedata: ""\233\330\223\352\3012\234}\322\031(\362*;JR3m]\203<\234\204jiO\033\304\322\017\232\202\n\003""; }; requestCookie: 2; ","ledgerHash: ""\326+\03569g\235`}\354\203s\003\217_Vf \233\324\237yU<\242:Zr\321\340\201]""; ledgerSeq: 7; type: liBASE; nodes {;   nodedata: ""\000\000\000\007\001cEx]\211\377\330\360\215\2502\265\245\310\226\243c\302Ze\306\253#r\020\211\320iG\276\020E\317\035Sf\223F\254\020N |\264\023\251\372`\001\r\225\217P\243\370m\037op\306\025\027\013\002\257\266J\025/\3729\220\014>4\264\253\207\255\233\\356\277\340\345\017\323\341\201\004TK\004\373\204\253\204\240\3155\357\026\353/\351\252\253/\351\252\264\n\000""; }; nodes {;   nodedata: ""\341\035\262xv\226\317f5\366\365\252a\177\355\302\326\t\222~j\320f\374/ \363\256\257\361 \303\001\301\025%1L\307\t\261\262z\374\222T\301\274V\236\223\262\270Ct\362\337b\356\024*\324\320\351\317\002,\377\251Q\263\245*\373\267\332I\261\001\251N\313Su!\333\331\260|\312%\271\263\267\320\313\036\303\004\330\210a4\256y^267\344\320H\t\331\316{n\002q\260\017U_\270\321B\024U\313\2054\006E\344\037@\210\363\010\336T\226\247'\204_{\261\370""1\235\2445\343\033Y!\212\201\341\272\225'\007Z\314\023h\n\020~\036\324P\254\001\274\227n\020\273\023\010\nq\216Z\344\004\3612B\205\257\335\036\013\003""; }; nodes {;   nodedata: ""\233\330\223\352\3012\234}\322\031(\362*;JR3m]\203<\234\204jiO\033\304\322\017\232\202\n\003""; }; requestCookie: 2; "
1750527544254,1750527544254,2764,1,4,3,TMLedgerData,"ledgerHash: ""\341\310\354\0213\033\013\350\207z\236R(|z&\034\335\266\323\356\205\273DV\210\254\213T\rZ\347""; ledgerSeq: 0; type: liTS_CANDIDATE; nodes {;   nodedata: ""\256\322m\2146\221\305\341\316\031h?\276\005\207\253\236\tL;\371W\315\233X\345O\203\332\240\005\360\n\003"";   nodeid: ""\000\000\000\000\000\000\000\000\000\000\000\000\000\000\000\000\000\000\000\000\000\000\000\000\000\000\000\000\000\000\000\000\000""; }; requestCookie: 2; ","ledgerHash: ""\341\310\354\0213\033\013\350\207z\236R(|z&\034\335\266\323\356\205\273DV\210\254\213T\rZ\347""; ledgerSeq: 0; type: liTS_CANDIDATE; nodes {;   nodedata: ""\256\322m\2146\221\305\341\316\031h?\276\005\207\253\236\tL;\371W\315\233X\345O\203\332\240\005\360\n\003"";   nodeid: ""\000\000\000\000\000\000\000\000\000\000\000\000\000\000\000\000\000\000\000\000\000\000\000\000\000\000\000\000\000\000\000\000\000""; }; requestCookie: 2; "
1750527544263,1750527544263,1539,1,4,2,TMLedgerData,"ledgerHash: ""\341\310\354\0213\033\013\350\207z\236R(|z&\034\335\266\323\356\205\273DV\210\254\213T\rZ\347""; ledgerSeq: 0; type: liTS_CANDIDATE; nodes {;   nodedata: ""\256\322m\2146\221\305\341\316\031h?\276\005\207\253\236\tL;\371W\315\233X\345O\203\332\240\005\360\n\003"";   nodeid: ""\000\000\000\000\000\000\000\000\000\000\000\000\000\000\000\000\000\000\000\000\000\000\000\000\000\000\000\000\000\000\000\000\000""; }; ","ledgerHash: ""\341\310\354\0213\033\013\350\207z\236R(|z&\034\335\266\323\356\205\273DV\210\254\213T\rZ\347""; ledgerSeq: 0; type: liTS_CANDIDATE; nodes {;   nodedata: ""\256\322m\2146\221\305\341\316\031h?\276\005\207\253\236\tL;\371W\315\233X\345O\203\332\240\005\360\n\003"";   nodeid: ""\000\000\000\000\000\000\000\000\000\000\000\000\000\000\000\000\000\000\000\000\000\000\000\000\000\000\000\000\000\000\000\000\000""; }; "
1750527544283,1750527544283,860,1,1,0,TMLedgerData,"ledgerHash: ""\341\310\354\0213\033\013\350\207z\236R(|z&\034\335\266\323\356\205\273DV\210\254\213T\rZ\347""; ledgerSeq: 0; type: liTS_CANDIDATE; nodes {;   nodedata: ""\256\322m\2146\221\305\341\316\031h?\276\005\207\253\236\tL;\371W\315\233X\345O\203\332\240\005\360\n\003"";   nodeid: ""\000\000\000\000\000\000\000\000\000\000\000\000\000\000\000\000\000\000\000\000\000\000\000\000\000\000\000\000\000\000\000\000\000""; }; requestCookie: 3; ","ledgerHash: ""\341\310\354\0213\033\013\350\207z\236R(|z&\034\335\266\323\356\205\273DV\210\254\213T\rZ\347""; ledgerSeq: 0; type: liTS_CANDIDATE; nodes {;   nodedata: ""\256\322m\2146\221\305\341\316\031h?\276\005\207\253\236\tL;\371W\315\233X\345O\203\332\240\005\360\n\003"";   nodeid: ""\000\000\000\000\000\000\000\000\000\000\000\000\000\000\000\000\000\000\000\000\000\000\000\000\000\000\000\000\000\000\000\000\000""; }; requestCookie: 3; "
1750527544284,1750527544284,860,1,1,0,TMLedgerData,"ledgerHash: ""\341\310\354\0213\033\013\350\207z\236R(|z&\034\335\266\323\356\205\273DV\210\254\213T\rZ\347""; ledgerSeq: 0; type: liTS_CANDIDATE; nodes {;   nodedata: ""\256\322m\2146\221\305\341\316\031h?\276\005\207\253\236\tL;\371W\315\233X\345O\203\332\240\005\360\n\003"";   nodeid: ""\000\000\000\000\000\000\000\000\000\000\000\000\000\000\000\000\000\000\000\000\000\000\000\000\000\000\000\000\000\000\000\000\000""; }; ","ledgerHash: ""\341\310\354\0213\033\013\350\207z\236R(|z&\034\335\266\323\356\205\273DV\210\254\213T\rZ\347""; ledgerSeq: 0; type: liTS_CANDIDATE; nodes {;   nodedata: ""\256\322m\2146\221\305\341\316\031h?\276\005\207\253\236\tL;\371W\315\233X\345O\203\332\240\005\360\n\003"";   nodeid: ""\000\000\000\000\000\000\000\000\000\000\000\000\000\000\000\000\000\000\000\000\000\000\000\000\000\000\000\000\000\000\000\000\000""; }; "
1750527544284,1750527544284,860,1,1,0,TMLedgerData,"ledgerHash: ""\341\310\354\0213\033\013\350\207z\236R(|z&\034\335\266\323\356\205\273DV\210\254\213T\rZ\347""; ledgerSeq: 0; type: liTS_CANDIDATE; nodes {;   nodedata: ""\256\322m\2146\221\305\341\316\031h?\276\005\207\253\236\tL;\371W\315\233X\345O\203\332\240\005\360\n\003"";   nodeid: ""\000\000\000\000\000\000\000\000\000\000\000\000\000\000\000\000\000\000\000\000\000\000\000\000\000\000\000\000\000\000\000\000\000""; }; requestCookie: 4; ","ledgerHash: ""\341\310\354\0213\033\013\350\207z\236R(|z&\034\335\266\323\356\205\273DV\210\254\213T\rZ\347""; ledgerSeq: 0; type: liTS_CANDIDATE; nodes {;   nodedata: ""\256\322m\2146\221\305\341\316\031h?\276\005\207\253\236\tL;\371W\315\233X\345O\203\332\240\005\360\n\003"";   nodeid: ""\000\000\000\000\000\000\000\000\000\000\000\000\000\000\000\000\000\000\000\000\000\000\000\000\000\000\000\000\000\000\000\000\000""; }; requestCookie: 4; "
1750527544294,1750527544294,1019,1,3,4,TMGetLedger,"itype: liTS_CANDIDATE; ledgerHash: ""\341\310\354\0213\033\013\350\207z\236R(|z&\034\335\266\323\356\205\273DV\210\254\213T\rZ\347""; nodeIDs: ""\000\000\000\000\000\000\000\000\000\000\000\000\000\000\000\000\000\000\000\000\000\000\000\000\000\000\000\000\000\000\000\000\000""; requestCookie: 4; queryType: qtINDIRECT; queryDepth: 3; ","itype: liTS_CANDIDATE; ledgerHash: ""\341\310\354\0213\033\013\350\207z\236R(|z&\034\335\266\323\356\205\273DV\210\254\213T\rZ\347""; nodeIDs: ""\000\000\000\000\000\000\000\000\000\000\000\000\000\000\000\000\000\000\000\000\000\000\000\000\000\000\000\000\000\000\000\000\000""; requestCookie: 4; queryType: qtINDIRECT; queryDepth: 3; "
1750527544301,1750527544301,1665,1,2,3,TMLedgerData,"ledgerHash: ""\341\310\354\0213\033\013\350\207z\236R(|z&\034\335\266\323\356\205\273DV\210\254\213T\rZ\347""; ledgerSeq: 0; type: liTS_CANDIDATE; nodes {;   nodedata: ""\256\322m\2146\221\305\341\316\031h?\276\005\207\253\236\tL;\371W\315\233X\345O\203\332\240\005\360\n\003"";   nodeid: ""\000\000\000\000\000\000\000\000\000\000\000\000\000\000\000\000\000\000\000\000\000\000\000\000\000\000\000\000\000\000\000\000\000""; }; ","ledgerHash: ""\341\310\354\0213\033\013\350\207z\236R(|z&\034\335\266\323\356\205\273DV\210\254\213T\rZ\347""; ledgerSeq: 0; type: liTS_CANDIDATE; nodes {;   nodedata: ""\256\322m\2146\221\305\341\316\031h?\276\005\207\253\236\tL;\371W\315\233X\345O\203\332\240\005\360\n\003"";   nodeid: ""\000\000\000\000\000\000\000\000\000\000\000\000\000\000\000\000\000\000\000\000\000\000\000\000\000\000\000\000\000\000\000\000\000""; }; "
1750527544302,1750527544302,1996,1,0,4,TMLedgerData,"ledgerHash: ""\341\310\354\0213\033\013\350\207z\236R(|z&\034\335\266\323\356\205\273DV\210\254\213T\rZ\347""; ledgerSeq: 0; type: liTS_CANDIDATE; nodes {;   nodedata: ""\256\322m\2146\221\305\341\316\031h?\276\005\207\253\236\tL;\371W\315\233X\345O\203\332\240\005\360\n\003"";   nodeid: ""\000\000\000\000\000\000\000\000\000\000\000\000\000\000\000\000\000\000\000\000\000\000\000\000\000\000\000\000\000\000\000\000\000""; }; ","ledgerHash: ""\341\310\354\0213\033\013\350\207z\236R(|z&\034\335\266\323\356\205\273DV\210\254\213T\rZ\347""; ledgerSeq: 0; type: liTS_CANDIDATE; nodes {;   nodedata: ""\256\322m\2146\221\305\341\316\031h?\276\005\207\253\236\tL;\371W\315\233X\345O\203\332\240\005\360\n\003"";   nodeid: ""\000\000\000\000\000\000\000\000\000\000\000\000\000\000\000\000\000\000\000\000\000\000\000\000\000\000\000\000\000\000\000\000\000""; }; "
1750527544316,1750527544316,2764,1,4,3,TMLedgerData,"ledgerHash: ""\341\310\354\0213\033\013\350\207z\236R(|z&\034\335\266\323\356\205\273DV\210\254\213T\rZ\347""; ledgerSeq: 0; type: liTS_CANDIDATE; nodes {;   nodedata: ""\256\322m\2146\221\305\341\316\031h?\276\005\207\253\236\tL;\371W\315\233X\345O\203\332\240\005\360\n\003"";   nodeid: ""\000\000\000\000\000\000\000\000\000\000\000\000\000\000\000\000\000\000\000\000\000\000\000\000\000\000\000\000\000\000\000\000\000""; }; requestCookie: 4; ","ledgerHash: ""\341\310\354\0213\033\013\350\207z\236R(|z&\034\335\266\323\356\205\273DV\210\254\213T\rZ\347""; ledgerSeq: 0; type: liTS_CANDIDATE; nodes {;   nodedata: ""\256\322m\2146\221\305\341\316\031h?\276\005\207\253\236\tL;\371W\315\233X\345O\203\332\240\005\360\n\003"";   nodeid: ""\000\000\000\000\000\000\000\000\000\000\000\000\000\000\000\000\000\000\000\000\000\000\000\000\000\000\000\000\000\000\000\000\000""; }; requestCookie: 4; "
1750527544320,1750527544321,1665,1,2,3,TMLedgerData,"ledgerHash: ""\341\310\354\0213\033\013\350\207z\236R(|z&\034\335\266\323\356\205\273DV\210\254\213T\rZ\347""; ledgerSeq: 0; type: liTS_CANDIDATE; nodes {;   nodedata: ""\256\322m\2146\221\305\341\316\031h?\276\005\207\253\236\tL;\371W\315\233X\345O\203\332\240\005\360\n\003"";   nodeid: ""\000\000\000\000\000\000\000\000\000\000\000\000\000\000\000\000\000\000\000\000\000\000\000\000\000\000\000\000\000\000\000\000\000""; }; ","ledgerHash: ""\341\310\354\0213\033\013\350\207z\236R(|z&\034\335\266\323\356\205\273DV\210\254\213T\rZ\347""; ledgerSeq: 0; type: liTS_CANDIDATE; nodes {;   nodedata: ""\256\322m\2146\221\305\341\316\031h?\276\005\207\253\236\tL;\371W\315\233X\345O\203\332\240\005\360\n\003"";   nodeid: ""\000\000\000\000\000\000\000\000\000\000\000\000\000\000\000\000\000\000\000\000\000\000\000\000\000\000\000\000\000\000\000\000\000""; }; "
1750527544329,1750527544329,3578,1,1,3,TMLedgerData,"ledgerHash: ""3\321\n7\354)\tf\006\357\205B<h\272GQ \344\262\236\025#\003\024&\310\034\352\376\326""; ledgerSeq: 0; type: liTS_CANDIDATE; nodes {;   nodedata: ""'\240~~s\033\202\356\320\307\177Nt\203\315\245\305\276b\265\310\271\3319\245:\342=c\267\265\233\002\003"";   nodeid: ""\000\000\000\000\000\000\000\000\000\000\000\000\000\000\000\000\000\000\000\000\000\000\000\000\000\000\000\000\000\000\000\000\000""; }; ","ledgerHash: ""3\321\n7\354)\tf\006\357\205B<h\272GQ \344\262\236\025#\003\024&\310\034\352\376\326""; ledgerSeq: 0; type: liTS_CANDIDATE; nodes {;   nodedata: ""'\240~~s\033\202\356\320\307\177Nt\203\315\245\305\276b\265\310\271\3319\245:\342=c\267\265\233\002\003"";   nodeid: ""\000\000\000\000\000\000\000\000\000\000\000\000\000\000\000\000\000\000\000\000\000\000\000\000\000\000\000\000\000\000\000\000\000""; }; "
1750527544346,1750527544347,1665,1,2,3,TMLedgerData,"ledgerHash: ""3\321\n7\354)\tf\006\357\205B<h\272GQ \344\262\236\025#\003\024&\310\034\352\376\326""; ledgerSeq: 0; type: liTS_CANDIDATE; nodes {;   nodedata: ""'\240~~s\033\202\356\320\307\177Nt\203\315\245\305\276b\265\310\271\3319\245:\342=c\267\265\233\002\003"";   nodeid: ""\000\000\000\000\000\000\000\000\000\000\000\000\000\000\000\000\000\000\000\000\000\000\000\000\000\000\000\000\000\000\000\000\000""; }; ","ledgerHash: ""3\321\n7\354)\tf\006\357\205B<h\272GQ \344\262\236\025#\003\024&\310\034\352\376\326""; ledgerSeq: 0; type: liTS_CANDIDATE; nodes {;   nodedata: ""'\240~~s\033\202\356\320\307\177Nt\203\315\245\305\276b\265\310\271\3319\245:\342=c\267\265\233\002\003"";   nodeid: ""\000\000\000\000\000\000\000\000\000\000\000\000\000\000\000\000\000\000\000\000\000\000\000\000\000\000\000\000\000\000\000\000\000""; }; "
1750527544372,1750527544372,3818,1,0,2,TMLedgerData,"ledgerHash: ""\341\310\354\0213\033\013\350\207z\236R(|z&\034\335\266\323\356\205\273DV\210\254\213T\rZ\347""; ledgerSeq: 0; type: liTS_CANDIDATE; nodes {;   nodedata: ""\256\322m\2146\221\305\341\316\031h?\276\005\207\253\236\tL;\371W\315\233X\345O\203\332\240\005\360\n\003"";   nodeid: ""\000\000\000\000\000\000\000\000\000\000\000\000\000\000\000\000\000\000\000\000\000\000\000\000\000\000\000\000\000\000\000\000\000""; }; ","ledgerHash: ""\341\310\354\0213\033\013\350\207z\236R(|z&\034\335\266\323\356\205\273DV\210\254\213T\rZ\347""; ledgerSeq: 0; type: liTS_CANDIDATE; nodes {;   nodedata: ""\256\322m\2146\221\305\341\316\031h?\276\005\207\253\236\tL;\371W\315\233X\345O\203\332\240\005\360\n\003"";   nodeid: ""\000\000\000\000\000\000\000\000\000\000\000\000\000\000\000\000\000\000\000\000\000\000\000\000\000\000\000\000\000\000\000\000\000""; }; "
1750527544374,1750527544375,1497,1,0,3,TMLedgerData,"ledgerHash: ""\341\310\354\0213\033\013\350\207z\236R(|z&\034\335\266\323\356\205\273DV\210\254\213T\rZ\347""; ledgerSeq: 0; type: liTS_CANDIDATE; nodes {;   nodedata: ""\256\322m\2146\221\305\341\316\031h?\276\005\207\253\236\tL;\371W\315\233X\345O\203\332\240\005\360\n\003"";   nodeid: ""\000\000\000\000\000\000\000\000\000\000\000\000\000\000\000\000\000\000\000\000\000\000\000\000\000\000\000\000\000\000\000\000\000""; }; ","ledgerHash: ""\341\310\354\0213\033\013\350\207z\236R(|z&\034\335\266\323\356\205\273DV\210\254\213T\rZ\347""; ledgerSeq: 0; type: liTS_CANDIDATE; nodes {;   nodedata: ""\256\322m\2146\221\305\341\316\031h?\276\005\207\253\236\tL;\371W\315\233X\345O\203\332\240\005\360\n\003"";   nodeid: ""\000\000\000\000\000\000\000\000\000\000\000\000\000\000\000\000\000\000\000\000\000\000\000\000\000\000\000\000\000\000\000\000\000""; }; "
1750527544375,1750527544375,1782,1,1,4,TMLedgerData,"ledgerHash: ""3\321\n7\354)\tf\006\357\205B<h\272GQ \344\262\236\025#\003\024&\310\034\352\376\326""; ledgerSeq: 0; type: liTS_CANDIDATE; nodes {;   nodedata: ""'\240~~s\033\202\356\320\307\177Nt\203\315\245\305\276b\265\310\271\3319\245:\342=c\267\265\233\002\003"";   nodeid: ""\000\000\000\000\000\000\000\000\000\000\000\000\000\000\000\000\000\000\000\000\000\000\000\000\000\000\000\000\000\000\000\000\000""; }; ","ledgerHash: ""3\321\n7\354)\tf\006\357\205B<h\272GQ \344\262\236\025#\003\024&\310\034\352\376\326""; ledgerSeq: 0; type: liTS_CANDIDATE; nodes {;   nodedata: ""'\240~~s\033\202\356\320\307\177Nt\203\315\245\305\276b\265\310\271\3319\245:\342=c\267\265\233\002\003"";   nodeid: ""\000\000\000\000\000\000\000\000\000\000\000\000\000\000\000\000\000\000\000\000\000\000\000\000\000\000\000\000\000\000\000\000\000""; }; "
1750527544439,1750527544439,1434,1,0,1,TMLedgerData,"ledgerHash: ""3\321\n7\354)\tf\006\357\205B<h\272GQ \344\262\236\025#\003\024&\310\034\352\376\326""; ledgerSeq: 0; type: liTS_CANDIDATE; nodes {;   nodedata: ""'\240~~s\033\202\356\320\307\177Nt\203\315\245\305\276b\265\310\271\3319\245:\342=c\267\265\233\002\003"";   nodeid: ""\000\000\000\000\000\000\000\000\000\000\000\000\000\000\000\000\000\000\000\000\000\000\000\000\000\000\000\000\000\000\000\000\000""; }; requestCookie: 5; ","ledgerHash: ""3\321\n7\354)\tf\006\357\205B<h\272GQ \344\262\236\025#\003\024&\310\034\352\376\326""; ledgerSeq: 0; type: liTS_CANDIDATE; nodes {;   nodedata: ""'\240~~s\033\202\356\320\307\177Nt\203\315\245\305\276b\265\310\271\3319\245:\342=c\267\265\233\002\003"";   nodeid: ""\000\000\000\000\000\000\000\000\000\000\000\000\000\000\000\000\000\000\000\000\000\000\000\000\000\000\000\000\000\000\000\000\000""; }; requestCookie: 5; "
1750527544441,1750527544441,860,1,1,0,TMLedgerData,"ledgerHash: ""\341\310\354\0213\033\013\350\207z\236R(|z&\034\335\266\323\356\205\273DV\210\254\213T\rZ\347""; ledgerSeq: 0; type: liTS_CANDIDATE; nodes {;   nodedata: ""\256\322m\2146\221\305\341\316\031h?\276\005\207\253\236\tL;\371W\315\233X\345O\203\332\240\005\360\n\003"";   nodeid: ""\000\000\000\000\000\000\000\000\000\000\000\000\000\000\000\000\000\000\000\000\000\000\000\000\000\000\000\000\000\000\000\000\000""; }; requestCookie: 5; ","ledgerHash: ""\341\310\354\0213\033\013\350\207z\236R(|z&\034\335\266\323\356\205\273DV\210\254\213T\rZ\347""; ledgerSeq: 0; type: liTS_CANDIDATE; nodes {;   nodedata: ""\256\322m\2146\221\305\341\316\031h?\276\005\207\253\236\tL;\371W\315\233X\345O\203\332\240\005\360\n\003"";   nodeid: ""\000\000\000\000\000\000\000\000\000\000\000\000\000\000\000\000\000\000\000\000\000\000\000\000\000\000\000\000\000\000\000\000\000""; }; requestCookie: 5; "
1750527544446,1750527544446,1782,1,1,4,TMLedgerData,"ledgerHash: ""\326+\03569g\235`}\354\203s\003\217_Vf \233\324\237yU<\242:Zr\321\340\201]""; ledgerSeq: 7; type: liBASE; nodes {;   nodedata: ""\000\000\000\007\001cEx]\211\377\330\360\215\2502\265\245\310\226\243c\302Ze\306\253#r\020\211\320iG\276\020E\317\035Sf\223F\254\020N |\264\023\251\372`\001\r\225\217P\243\370m\037op\306\025\027\013\002\257\266J\025/\3729\220\014>4\264\253\207\255\233\\356\277\340\345\017\323\341\201\004TK\004\373\204\253\204\240\3155\357\026\353/\351\252\253/\351\252\264\n\000""; }; nodes {;   nodedata: ""\341\035\262xv\226\317f5\366\365\252a\177\355\302\326\t\222~j\320f\374/ \363\256\257\361 \303\001\301\025%1L\307\t\261\262z\374\222T\301\274V\236\223\262\270Ct\362\337b\356\024*\324\320\351\317\002,\377\251Q\263\245*\373\267\332I\261\001\251N\313Su!\333\331\260|\312%\271\263\267\320\313\036\303\004\330\210a4\256y^267\344\320H\t\331\316{n\002q\260\017U_\270\321B\024U\313\2054\006E\344\037@\210\363\010\336T\226\247'\204_{\261\370""1\235\2445\343\033Y!\212\201\341\272\225'\007Z\314\023h\n\020~\036\324P\254\001\274\227n\020\273\023\010\nq\216Z\344\004\3612B\205\257\335\036\013\003""; }; nodes {;   nodedata: ""\233\330\223\352\3012\234}\322\031(\362*;JR3m]\203<\234\204jiO\033\304\322\017\232\202\n\003""; }; requestCookie: 3; ","ledgerHash: ""\326+\03569g\235`}\354\203s\003\217_Vf \233\324\237yU<\242:Zr\321\340\201]""; ledgerSeq: 7; type: liBASE; nodes {;   nodedata: ""\000\000\000\007\001cEx]\211\377\330\360\215\2502\265\245\310\226\243c\302Ze\306\253#r\020\211\320iG\276\020E\317\035Sf\223F\254\020N |\264\023\251\372`\001\r\225\217P\243\370m\037op\306\025\027\013\002\257\266J\025/\3729\220\014>4\264\253\207\255\233\\356\277\340\345\017\323\341\201\004TK\004\373\204\253\204\240\3155\357\026\353/\351\252\253/\351\252\264\n\000""; }; nodes {;   nodedata: ""\341\035\262xv\226\317f5\366\365\252a\177\355\302\326\t\222~j\320f\374/ \363\256\257\361 \303\001\301\025%1L\307\t\261\262z\374\222T\301\274V\236\223\262\270Ct\362\337b\356\024*\324\320\351\317\002,\377\251Q\263\245*\373\267\332I\261\001\251N\313Su!\333\331\260|\312%\271\263\267\320\313\036\303\004\330\210a4\256y^267\344\320H\t\331\316{n\002q\260\017U_\270\321B\024U\313\2054\006E\344\037@\210\363\010\336T\226\247'\204_{\261\370""1\235\2445\343\033Y!\212\201\341\272\225'\007Z\314\023h\n\020~\036\324P\254\001\274\227n\020\273\023\010\nq\216Z\344\004\3612B\205\257\335\036\013\003""; }; nodes {;   nodedata: ""\233\330\223\352\3012\234}\322\031(\362*;JR3m]\203<\234\204jiO\033\304\322\017\232\202\n\003""; }; requestCookie: 3; "
1750527544452,1750527544452,612,1,2,0,TMLedgerData,"ledgerHash: ""\356\316\306(\314\366\340SA\320e\361\337A\350+\342\334{eBV\360\354\225)\263\237~v\236}""; ledgerSeq: 0; type: liTS_CANDIDATE; nodes {;   nodedata: ""\216b\024\334gS\347X\272b\322\267\303L\230\361n\036 \270-E\361}\351O\347\233\337\314!\215\010\003"";   nodeid: ""\000\000\000\000\000\000\000\000\000\000\000\000\000\000\000\000\000\000\000\000\000\000\000\000\000\000\000\000\000\000\000\000\000""; }; ","ledgerHash: ""\356\316\306(\314\366\340SA\320e\361\337A\350+\342\334{eBV\360\354\225)\263\237~v\236}""; ledgerSeq: 0; type: liTS_CANDIDATE; nodes {;   nodedata: ""\216b\024\334gS\347X\272b\322\267\303L\230\361n\036 \270-E\361}\351O\347\233\337\314!\215\010\003"";   nodeid: ""\000\000\000\000\000\000\000\000\000\000\000\000\000\000\000\000\000\000\000\000\000\000\000\000\000\000\000\000\000\000\000\000\000""; }; "
1750527544460,1750527544461,3085,1,3,0,TMLedgerData,"ledgerHash: ""\363\262\310\025\251\261\276X\247\260J\221\345\357\037\231)|\321K\000\\326E\004\377\005\255""A?\250""; ledgerSeq: 0; type: liTS_CANDIDATE; nodes {;   nodedata: ""MJ\275'\324\005\036\313\204nW\300\362\327\016\205\236\021\351Q6\021\355\301\372\322\276g\026\243\361M\004\003"";   nodeid: ""\000\000\000\000\000\000\000\000\000\000\000\000\000\000\000\000\000\000\000\000\000\000\000\000\000\000\000\000\000\000\000\000\000""; }; ","ledgerHash: ""\363\262\310\025\251\261\276X\247\260J\221\345\357\037\231)|\321K\000\\326E\004\377\005\255""A?\250""; ledgerSeq: 0; type: liTS_CANDIDATE; nodes {;   nodedata: ""MJ\275'\324\005\036\313\204nW\300\362\327\016\205\236\021\351Q6\021\355\301\372\322\276g\026\243\361M\004\003"";   nodeid: ""\000\000\000\000\000\000\000\000\000\000\000\000\000\000\000\000\000\000\000\000\000\000\000\000\000\000\000\000\000\000\000\000\000""; }; "
1750527544485,1750527544485,2079,1,3,1,TMGetLedger,"itype: liTS_CANDIDATE; ledgerHash: ""\341\310\354\0213\033\013\350\207z\236R(|z&\034\335\266\323\356\205\273DV\210\254\213T\rZ\347""; nodeIDs: ""\000\000\000\000\000\000\000\000\000\000\000\000\000\000\000\000\000\000\000\000\000\000\000\000\000\000\000\000\000\000\000\000\000""; requestCookie: 2; queryType: qtINDIRECT; queryDepth: 3; ","itype: liTS_CANDIDATE; ledgerHash: ""\341\310\354\0213\033\013\350\207z\236R(|z&\034\335\266\323\356\205\273DV\210\254\213T\rZ\347""; nodeIDs: ""\000\000\000\000\000\000\000\000\000\000\000\000\000\000\000\000\000\000\000\000\000\000\000\000\000\000\000\000\000\000\000\000\000""; requestCookie: 2; queryType: qtINDIRECT; queryDepth: 3; "
1750527544489,1750527544490,1665,1,2,3,TMLedgerData,"ledgerHash: ""\276\230H\305\2714\032l\253n6W\035\354\257.f\r\217\302\203\224\212L\020\S\370\243OP*""; ledgerSeq: 7; type: liBASE; nodes {;   nodedata: ""\000\000\000\007\001cEx]\211\377\342\360\215\2502\265\245\310\226\243c\302Ze\306\253#r\020\211\320iG\276\020E\317\035Sf\223F\254\000\000\000\000\000\000\000\000\000\000\000\000\000\000\000\000\000\000\000\000\000\000\000\000\000\000\000\000\000\000\000\000\302r\207\007\303\237KvzB\356\335\030k\303\312\246:\352\202\037\210\2545\307\004\232\232\026\223SW/\351\252\253/\351\252\264\n\000""; }; nodes {;   nodedata: ""\341\035\262xv\226\317f5\366\365\252a\177\355\302\326\t\222~j\320f\374/ \363\256\257\361 \303\001\301\025%1L\307\t\261\262z\374\222T\301\274V\236\223\262\270Ct\362\337b\356\024*\324\320\351\317\002k\336\234\027v\351\217\260\303\360\233ZPZWr\246$w\313\313\r\243r\232\2234\373\3539:N\004;tP\302\307\005x\n\302lQ\275\237<g\321\233$\274p\355\310J\230\370\306\264\314\367C\275\272\006E\344\037@\210\363\010\336T\226\247'\204_{\261\370""1\235\2445\343\033Y!\212\201\341\272\225'\007Z\314\023h\n\020~\036\324P\254\001\274\227n\020\273\023\010\nq\216Z\344\004\3612B\205\257\335\036\013\003""; }; requestCookie: 3; ","ledgerHash: ""\276\230H\305\2714\032l\253n6W\035\354\257.f\r\217\302\203\224\212L\020\S\370\243OP*""; ledgerSeq: 7; type: liBASE; nodes {;   nodedata: ""\000\000\000\007\001cEx]\211\377\342\360\215\2502\265\245\310\226\243c\302Ze\306\253#r\020\211\320iG\276\020E\317\035Sf\223F\254\000\000\000\000\000\000\000\000\000\000\000\000\000\000\000\000\000\000\000\000\000\000\000\000\000\000\000\000\000\000\000\000\302r\207\007\303\237KvzB\356\335\030k\303\312\246:\352\202\037\210\2545\307\004\232\232\026\223SW/\351\252\253/\351\252\264\n\000""; }; nodes {;   nodedata: ""\341\035\262xv\226\317f5\366\365\252a\177\355\302\326\t\222~j\320f\374/ \363\256\257\361 \303\001\301\025%1L\307\t\261\262z\374\222T\301\274V\236\223\262\270Ct\362\337b\356\024*\324\320\351\317\002k\336\234\027v\351\217\260\303\360\233ZPZWr\246$w\313\313\r\243r\232\2234\373\3539:N\004;tP\302\307\005x\n\302lQ\275\237<g\321\233$\274p\355\310J\230\370\306\264\314\367C\275\272\006E\344\037@\210\363\010\336T\226\247'\204_{\261\370""1\235\2445\343\033Y!\212\201\341\272\225'\007Z\314\023h\n\020~\036\324P\254\001\274\227n\020\273\023\010\nq\216Z\344\004\3612B\205\257\335\036\013\003""; }; requestCookie: 3; "
1750527544491,1750527544491,3769,1,1,3,TMGetLedger,"itype: liTS_CANDIDATE; ledgerHash: ""\363\262\310\025\251\261\276X\247\260J\221\345\357\037\231)|\321K\000\\326E\004\377\005\255""A?\250""; nodeIDs: ""\000\000\000\000\000\000\000\000\000\000\000\000\000\000\000\000\000\000\000\000\000\000\000\000\000\000\000\000\000\000\000\000\000""; requestCookie: 2; queryType: qtINDIRECT; queryDepth: 3; ","itype: liTS_CANDIDATE; ledgerHash: ""\363\262\310\025\251\261\276X\247\260J\221\345\357\037\231)|\321K\000\\326E\004\377\005\255""A?\250""; nodeIDs: ""\000\000\000\000\000\000\000\000\000\000\000\000\000\000\000\000\000\000\000\000\000\000\000\000\000\000\000\000\000\000\000\000\000""; requestCookie: 2; queryType: qtINDIRECT; queryDepth: 3; "
1750527544512,1750527544512,860,1,1,0,TMLedgerData,"ledgerHash: ""\341\310\354\0213\033\013\350\207z\236R(|z&\034\335\266\323\356\205\273DV\210\254\213T\rZ\347""; ledgerSeq: 0; type: liTS_CANDIDATE; nodes {;   nodedata: ""\256\322m\2146\221\305\341\316\031h?\276\005\207\253\236\tL;\371W\315\233X\345O\203\332\240\005\360\n\003"";   nodeid: ""\000\000\000\000\000\000\000\000\000\000\000\000\000\000\000\000\000\000\000\000\000\000\000\000\000\000\000\000\000\000\000\000\000""; }; requestCookie: 3; ","ledgerHash: ""\341\310\354\0213\033\013\350\207z\236R(|z&\034\335\266\323\356\205\273DV\210\254\213T\rZ\347""; ledgerSeq: 0; type: liTS_CANDIDATE; nodes {;   nodedata: ""\256\322m\2146\221\305\341\316\031h?\276\005\207\253\236\tL;\371W\315\233X\345O\203\332\240\005\360\n\003"";   nodeid: ""\000\000\000\000\000\000\000\000\000\000\000\000\000\000\000\000\000\000\000\000\000\000\000\000\000\000\000\000\000\000\000\000\000""; }; requestCookie: 3; "
1750527544513,1750527544513,1539,1,4,2,TMLedgerData,"ledgerHash: ""\341\310\354\0213\033\013\350\207z\236R(|z&\034\335\266\323\356\205\273DV\210\254\213T\rZ\347""; ledgerSeq: 0; type: liTS_CANDIDATE; nodes {;   nodedata: ""\256\322m\2146\221\305\341\316\031h?\276\005\207\253\236\tL;\371W\315\233X\345O\203\332\240\005\360\n\003"";   nodeid: ""\000\000\000\000\000\000\000\000\000\000\000\000\000\000\000\000\000\000\000\000\000\000\000\000\000\000\000\000\000\000\000\000\000""; }; ","ledgerHash: ""\341\310\354\0213\033\013\350\207z\236R(|z&\034\335\266\323\356\205\273DV\210\254\213T\rZ\347""; ledgerSeq: 0; type: liTS_CANDIDATE; nodes {;   nodedata: ""\256\322m\2146\221\305\341\316\031h?\276\005\207\253\236\tL;\371W\315\233X\345O\203\332\240\005\360\n\003"";   nodeid: ""\000\000\000\000\000\000\000\000\000\000\000\000\000\000\000\000\000\000\000\000\000\000\000\000\000\000\000\000\000\000\000\000\000""; }; "
1750527544513,1750527544513,860,1,1,0,TMLedgerData,"ledgerHash: ""\341\310\354\0213\033\013\350\207z\236R(|z&\034\335\266\323\356\205\273DV\210\254\213T\rZ\347""; ledgerSeq: 0; type: liTS_CANDIDATE; nodes {;   nodedata: ""\256\322m\2146\221\305\341\316\031h?\276\005\207\253\236\tL;\371W\315\233X\345O\203\332\240\005\360\n\003"";   nodeid: ""\000\000\000\000\000\000\000\000\000\000\000\000\000\000\000\000\000\000\000\000\000\000\000\000\000\000\000\000\000\000\000\000\000""; }; requestCookie: 4; ","ledgerHash: ""\341\310\354\0213\033\013\350\207z\236R(|z&\034\335\266\323\356\205\273DV\210\254\213T\rZ\347""; ledgerSeq: 0; type: liTS_CANDIDATE; nodes {;   nodedata: ""\256\322m\2146\221\305\341\316\031h?\276\005\207\253\236\tL;\371W\315\233X\345O\203\332\240\005\360\n\003"";   nodeid: ""\000\000\000\000\000\000\000\000\000\000\000\000\000\000\000\000\000\000\000\000\000\000\000\000\000\000\000\000\000\000\000\000\000""; }; requestCookie: 4; "
1750527544516,1750527544516,860,1,1,0,TMLedgerData,"ledgerHash: ""\341\310\354\0213\033\013\350\207z\236R(|z&\034\335\266\323\356\205\273DV\210\254\213T\rZ\347""; ledgerSeq: 0; type: liTS_CANDIDATE; nodes {;   nodedata: ""\256\322m\2146\221\305\341\316\031h?\276\005\207\253\236\tL;\371W\315\233X\345O\203\332\240\005\360\n\003"";   nodeid: ""\000\000\000\000\000\000\000\000\000\000\000\000\000\000\000\000\000\000\000\000\000\000\000\000\000\000\000\000\000\000\000\000\000""; }; ","ledgerHash: ""\341\310\354\0213\033\013\350\207z\236R(|z&\034\335\266\323\356\205\273DV\210\254\213T\rZ\347""; ledgerSeq: 0; type: liTS_CANDIDATE; nodes {;   nodedata: ""\256\322m\2146\221\305\341\316\031h?\276\005\207\253\236\tL;\371W\315\233X\345O\203\332\240\005\360\n\003"";   nodeid: ""\000\000\000\000\000\000\000\000\000\000\000\000\000\000\000\000\000\000\000\000\000\000\000\000\000\000\000\000\000\000\000\000\000""; }; "
1750527544532,1750527544532,1782,1,1,4,TMLedgerData,"ledgerHash: ""\326+\03569g\235`}\354\203s\003\217_Vf \233\324\237yU<\242:Zr\321\340\201]""; ledgerSeq: 7; type: liBASE; nodes {;   nodedata: ""\000\000\000\007\001cEx]\211\377\330\360\215\2502\265\245\310\226\243c\302Ze\306\253#r\020\211\320iG\276\020E\317\035Sf\223F\254\020N |\264\023\251\372`\001\r\225\217P\243\370m\037op\306\025\027\013\002\257\266J\025/\3729\220\014>4\264\253\207\255\233\\356\277\340\345\017\323\341\201\004TK\004\373\204\253\204\240\3155\357\026\353/\351\252\253/\351\252\264\n\000""; }; nodes {;   nodedata: ""\341\035\262xv\226\317f5\366\365\252a\177\355\302\326\t\222~j\320f\374/ \363\256\257\361 \303\001\301\025%1L\307\t\261\262z\374\222T\301\274V\236\223\262\270Ct\362\337b\356\024*\324\320\351\317\002,\377\251Q\263\245*\373\267\332I\261\001\251N\313Su!\333\331\260|\312%\271\263\267\320\313\036\303\004\330\210a4\256y^267\344\320H\t\331\316{n\002q\260\017U_\270\321B\024U\313\2054\006E\344\037@\210\363\010\336T\226\247'\204_{\261\370""1\235\2445\343\033Y!\212\201\341\272\225'\007Z\314\023h\n\020~\036\324P\254\001\274\227n\020\273\023\010\nq\216Z\344\004\3612B\205\257\335\036\013\003""; }; nodes {;   nodedata: ""\233\330\223\352\3012\234}\322\031(\362*;JR3m]\203<\234\204jiO\033\304\322\017\232\202\n\003""; }; requestCookie: 1; ","ledgerHash: ""\326+\03569g\235`}\354\203s\003\217_Vf \233\324\237yU<\242:Zr\321\340\201]""; ledgerSeq: 7; type: liBASE; nodes {;   nodedata: ""\000\000\000\007\001cEx]\211\377\330\360\215\2502\265\245\310\226\243c\302Ze\306\253#r\020\211\320iG\276\020E\317\035Sf\223F\254\020N |\264\023\251\372`\001\r\225\217P\243\370m\037op\306\025\027\013\002\257\266J\025/\3729\220\014>4\264\253\207\255\233\\356\277\340\345\017\323\341\201\004TK\004\373\204\253\204\240\3155\357\026\353/\351\252\253/\351\252\264\n\000""; }; nodes {;   nodedata: ""\341\035\262xv\226\317f5\366\365\252a\177\355\302\326\t\222~j\320f\374/ \363\256\257\361 \303\001\301\025%1L\307\t\261\262z\374\222T\301\274V\236\223\262\270Ct\362\337b\356\024*\324\320\351\317\002,\377\251Q\263\245*\373\267\332I\261\001\251N\313Su!\333\331\260|\312%\271\263\267\320\313\036\303\004\330\210a4\256y^267\344\320H\t\331\316{n\002q\260\017U_\270\321B\024U\313\2054\006E\344\037@\210\363\010\336T\226\247'\204_{\261\370""1\235\2445\343\033Y!\212\201\341\272\225'\007Z\314\023h\n\020~\036\324P\254\001\274\227n\020\273\023\010\nq\216Z\344\004\3612B\205\257\335\036\013\003""; }; nodes {;   nodedata: ""\233\330\223\352\3012\234}\322\031(\362*;JR3m]\203<\234\204jiO\033\304\322\017\232\202\n\003""; }; requestCookie: 1; "
1750527544545,1750527544545,1019,1,3,4,TMGetLedger,"itype: liTS_CANDIDATE; ledgerHash: ""\341\310\354\0213\033\013\350\207z\236R(|z&\034\335\266\323\356\205\273DV\210\254\213T\rZ\347""; nodeIDs: ""\000\000\000\000\000\000\000\000\000\000\000\000\000\000\000\000\000\000\000\000\000\000\000\000\000\000\000\000\000\000\000\000\000""; requestCookie: 4; queryType: qtINDIRECT; queryDepth: 3; ","itype: liTS_CANDIDATE; ledgerHash: ""\341\310\354\0213\033\013\350\207z\236R(|z&\034\335\266\323\356\205\273DV\210\254\213T\rZ\347""; nodeIDs: ""\000\000\000\000\000\000\000\000\000\000\000\000\000\000\000\000\000\000\000\000\000\000\000\000\000\000\000\000\000\000\000\000\000""; requestCookie: 4; queryType: qtINDIRECT; queryDepth: 3; "
1750527544551,1750527544551,1996,1,0,4,TMLedgerData,"ledgerHash: ""\341\310\354\0213\033\013\350\207z\236R(|z&\034\335\266\323\356\205\273DV\210\254\213T\rZ\347""; ledgerSeq: 0; type: liTS_CANDIDATE; nodes {;   nodedata: ""\256\322m\2146\221\305\341\316\031h?\276\005\207\253\236\tL;\371W\315\233X\345O\203\332\240\005\360\n\003"";   nodeid: ""\000\000\000\000\000\000\000\000\000\000\000\000\000\000\000\000\000\000\000\000\000\000\000\000\000\000\000\000\000\000\000\000\000""; }; ","ledgerHash: ""\341\310\354\0213\033\013\350\207z\236R(|z&\034\335\266\323\356\205\273DV\210\254\213T\rZ\347""; ledgerSeq: 0; type: liTS_CANDIDATE; nodes {;   nodedata: ""\256\322m\2146\221\305\341\316\031h?\276\005\207\253\236\tL;\371W\315\233X\345O\203\332\240\005\360\n\003"";   nodeid: ""\000\000\000\000\000\000\000\000\000\000\000\000\000\000\000\000\000\000\000\000\000\000\000\000\000\000\000\000\000\000\000\000\000""; }; "
1750527544566,1750527544566,2523,1,3,2,TMLedgerData,"ledgerHash: ""\363\262\310\025\251\261\276X\247\260J\221\345\357\037\231)|\321K\000\\326E\004\377\005\255""A?\250""; ledgerSeq: 0; type: liTS_CANDIDATE; nodes {;   nodedata: ""MJ\275'\324\005\036\313\204nW\300\362\327\016\205\236\021\351Q6\021\355\301\372\322\276g\026\243\361M\004\003"";   nodeid: ""\000\000\000\000\000\000\000\000\000\000\000\000\000\000\000\000\000\000\000\000\000\000\000\000\000\000\000\000\000\000\000\000\000""; }; requestCookie: 2; ","ledgerHash: ""\363\262\310\025\251\261\276X\247\260J\221\345\357\037\231)|\321K\000\\326E\004\377\005\255""A?\250""; ledgerSeq: 0; type: liTS_CANDIDATE; nodes {;   nodedata: ""MJ\275'\324\005\036\313\204nW\300\362\327\016\205\236\021\351Q6\021\355\301\372\322\276g\026\243\361M\004\003"";   nodeid: ""\000\000\000\000\000\000\000\000\000\000\000\000\000\000\000\000\000\000\000\000\000\000\000\000\000\000\000\000\000\000\000\000\000""; }; requestCookie: 2; "
1750527544566,1750527544566,2764,1,4,3,TMLedgerData,"ledgerHash: ""\341\310\354\0213\033\013\350\207z\236R(|z&\034\335\266\323\356\205\273DV\210\254\213T\rZ\347""; ledgerSeq: 0; type: liTS_CANDIDATE; nodes {;   nodedata: ""\256\322m\2146\221\305\341\316\031h?\276\005\207\253\236\tL;\371W\315\233X\345O\203\332\240\005\360\n\003"";   nodeid: ""\000\000\000\000\000\000\000\000\000\000\000\000\000\000\000\000\000\000\000\000\000\000\000\000\000\000\000\000\000\000\000\000\000""; }; requestCookie: 4; ","ledgerHash: ""\341\310\354\0213\033\013\350\207z\236R(|z&\034\335\266\323\356\205\273DV\210\254\213T\rZ\347""; ledgerSeq: 0; type: liTS_CANDIDATE; nodes {;   nodedata: ""\256\322m\2146\221\305\341\316\031h?\276\005\207\253\236\tL;\371W\315\233X\345O\203\332\240\005\360\n\003"";   nodeid: ""\000\000\000\000\000\000\000\000\000\000\000\000\000\000\000\000\000\000\000\000\000\000\000\000\000\000\000\000\000\000\000\000\000""; }; requestCookie: 4; "
1750527544579,1750527544579,3578,1,1,3,TMLedgerData,"ledgerHash: ""3\321\n7\354)\tf\006\357\205B<h\272GQ \344\262\236\025#\003\024&\310\034\352\376\326""; ledgerSeq: 0; type: liTS_CANDIDATE; nodes {;   nodedata: ""'\240~~s\033\202\356\320\307\177Nt\203\315\245\305\276b\265\310\271\3319\245:\342=c\267\265\233\002\003"";   nodeid: ""\000\000\000\000\000\000\000\000\000\000\000\000\000\000\000\000\000\000\000\000\000\000\000\000\000\000\000\000\000\000\000\000\000""; }; ","ledgerHash: ""3\321\n7\354)\tf\006\357\205B<h\272GQ \344\262\236\025#\003\024&\310\034\352\376\326""; ledgerSeq: 0; type: liTS_CANDIDATE; nodes {;   nodedata: ""'\240~~s\033\202\356\320\307\177Nt\203\315\245\305\276b\265\310\271\3319\245:\342=c\267\265\233\002\003"";   nodeid: ""\000\000\000\000\000\000\000\000\000\000\000\000\000\000\000\000\000\000\000\000\000\000\000\000\000\000\000\000\000\000\000\000\000""; }; "
1750527544596,1750527544597,1665,1,2,3,TMLedgerData,"ledgerHash: ""3\321\n7\354)\tf\006\357\205B<h\272GQ \344\262\236\025#\003\024&\310\034\352\376\326""; ledgerSeq: 0; type: liTS_CANDIDATE; nodes {;   nodedata: ""'\240~~s\033\202\356\320\307\177Nt\203\315\245\305\276b\265\310\271\3319\245:\342=c\267\265\233\002\003"";   nodeid: ""\000\000\000\000\000\000\000\000\000\000\000\000\000\000\000\000\000\000\000\000\000\000\000\000\000\000\000\000\000\000\000\000\000""; }; ","ledgerHash: ""3\321\n7\354)\tf\006\357\205B<h\272GQ \344\262\236\025#\003\024&\310\034\352\376\326""; ledgerSeq: 0; type: liTS_CANDIDATE; nodes {;   nodedata: ""'\240~~s\033\202\356\320\307\177Nt\203\315\245\305\276b\265\310\271\3319\245:\342=c\267\265\233\002\003"";   nodeid: ""\000\000\000\000\000\000\000\000\000\000\000\000\000\000\000\000\000\000\000\000\000\000\000\000\000\000\000\000\000\000\000\000\000""; }; "
1750527544609,1750527544609,3094,1,0,3,TMGetLedger,"itype: liBASE; ledgerHash: ""\033@\177e\277\016\010u\327\371&\262\312\317Q\2361t\377x\234\001v\003%\030\325_\225g\204\346""; ledgerSeq: 7; requestCookie: 2; queryType: qtINDIRECT; ","itype: liBASE; ledgerHash: ""\033@\177e\277\016\010u\327\371&\262\312\317Q\2361t\377x\234\001v\003%\030\325_\225g\204\346""; ledgerSeq: 7; requestCookie: 2; queryType: qtINDIRECT; "
1750527544621,1750527544621,2079,1,3,1,TMGetLedger,"itype: liAS_NODE; ledgerHash: ""\326+\03569g\235`}\354\203s\003\217_Vf \233\324\237yU<\242:Zr\321\340\201]""; ledgerSeq: 7; nodeIDs: ""@\000\000\000\000\000\000\000\000\000\000\000\000\000\000\000\000\000\000\000\000\000\000\000\000\000\000\000\000\000\000\000\001""; nodeIDs: ""`\000\000\000\000\000\000\000\000\000\000\000\000\000\000\000\000\000\000\000\000\000\000\000\000\000\000\000\000\000\000\000\001""; queryType: qtINDIRECT; queryDepth: 1; ","itype: liAS_NODE; ledgerHash: ""\326+\03569g\235`}\354\203s\003\217_Vf \233\324\237yU<\242:Zr\321\340\201]""; ledgerSeq: 7; nodeIDs: ""@\000\000\000\000\000\000\000\000\000\000\000\000\000\000\000\000\000\000\000\000\000\000\000\000\000\000\000\000\000\000\000\001""; nodeIDs: ""`\000\000\000\000\000\000\000\000\000\000\000\000\000\000\000\000\000\000\000\000\000\000\000\000\000\000\000\000\000\000\000\001""; queryType: qtINDIRECT; queryDepth: 1; "
1750527544621,1750527544621,3818,1,0,2,TMLedgerData,"ledgerHash: ""\341\310\354\0213\033\013\350\207z\236R(|z&\034\335\266\323\356\205\273DV\210\254\213T\rZ\347""; ledgerSeq: 0; type: liTS_CANDIDATE; nodes {;   nodedata: ""\256\322m\2146\221\305\341\316\031h?\276\005\207\253\236\tL;\371W\315\233X\345O\203\332\240\005\360\n\003"";   nodeid: ""\000\000\000\000\000\000\000\000\000\000\000\000\000\000\000\000\000\000\000\000\000\000\000\000\000\000\000\000\000\000\000\000\000""; }; ","ledgerHash: ""\341\310\354\0213\033\013\350\207z\236R(|z&\034\335\266\323\356\205\273DV\210\254\213T\rZ\347""; ledgerSeq: 0; type: liTS_CANDIDATE; nodes {;   nodedata: ""\256\322m\2146\221\305\341\316\031h?\276\005\207\253\236\tL;\371W\315\233X\345O\203\332\240\005\360\n\003"";   nodeid: ""\000\000\000\000\000\000\000\000\000\000\000\000\000\000\000\000\000\000\000\000\000\000\000\000\000\000\000\000\000\000\000\000\000""; }; "
1750527544623,1750527544623,3578,1,1,3,TMLedgerData,"ledgerHash: ""\341\310\354\0213\033\013\350\207z\236R(|z&\034\335\266\323\356\205\273DV\210\254\213T\rZ\347""; ledgerSeq: 0; type: liTS_CANDIDATE; nodes {;   nodedata: ""\256\322m\2146\221\305\341\316\031h?\276\005\207\253\236\tL;\371W\315\233X\345O\203\332\240\005\360\n\003"";   nodeid: ""\000\000\000\000\000\000\000\000\000\000\000\000\000\000\000\000\000\000\000\000\000\000\000\000\000\000\000\000\000\000\000\000\000""; }; requestCookie: 4; ","ledgerHash: ""\341\310\354\0213\033\013\350\207z\236R(|z&\034\335\266\323\356\205\273DV\210\254\213T\rZ\347""; ledgerSeq: 0; type: liTS_CANDIDATE; nodes {;   nodedata: ""\256\322m\2146\221\305\341\316\031h?\276\005\207\253\236\tL;\371W\315\233X\345O\203\332\240\005\360\n\003"";   nodeid: ""\000\000\000\000\000\000\000\000\000\000\000\000\000\000\000\000\000\000\000\000\000\000\000\000\000\000\000\000\000\000\000\000\000""; }; requestCookie: 4; "
1750527544624,1750527544624,1782,1,1,4,TMLedgerData,"ledgerHash: ""3\321\n7\354)\tf\006\357\205B<h\272GQ \344\262\236\025#\003\024&\310\034\352\376\326""; ledgerSeq: 0; type: liTS_CANDIDATE; nodes {;   nodedata: ""'\240~~s\033\202\356\320\307\177Nt\203\315\245\305\276b\265\310\271\3319\245:\342=c\267\265\233\002\003"";   nodeid: ""\000\000\000\000\000\000\000\000\000\000\000\000\000\000\000\000\000\000\000\000\000\000\000\000\000\000\000\000\000\000\000\000\000""; }; ","ledgerHash: ""3\321\n7\354)\tf\006\357\205B<h\272GQ \344\262\236\025#\003\024&\310\034\352\376\326""; ledgerSeq: 0; type: liTS_CANDIDATE; nodes {;   nodedata: ""'\240~~s\033\202\356\320\307\177Nt\203\315\245\305\276b\265\310\271\3319\245:\342=c\267\265\233\002\003"";   nodeid: ""\000\000\000\000\000\000\000\000\000\000\000\000\000\000\000\000\000\000\000\000\000\000\000\000\000\000\000\000\000\000\000\000\000""; }; "
1750527544624,1750527544624,1497,1,0,3,TMLedgerData,"ledgerHash: ""\341\310\354\0213\033\013\350\207z\236R(|z&\034\335\266\323\356\205\273DV\210\254\213T\rZ\347""; ledgerSeq: 0; type: liTS_CANDIDATE; nodes {;   nodedata: ""\256\322m\2146\221\305\341\316\031h?\276\005\207\253\236\tL;\371W\315\233X\345O\203\332\240\005\360\n\003"";   nodeid: ""\000\000\000\000\000\000\000\000\000\000\000\000\000\000\000\000\000\000\000\000\000\000\000\000\000\000\000\000\000\000\000\000\000""; }; ","ledgerHash: ""\341\310\354\0213\033\013\350\207z\236R(|z&\034\335\266\323\356\205\273DV\210\254\213T\rZ\347""; ledgerSeq: 0; type: liTS_CANDIDATE; nodes {;   nodedata: ""\256\322m\2146\221\305\341\316\031h?\276\005\207\253\236\tL;\371W\315\233X\345O\203\332\240\005\360\n\003"";   nodeid: ""\000\000\000\000\000\000\000\000\000\000\000\000\000\000\000\000\000\000\000\000\000\000\000\000\000\000\000\000\000\000\000\000\000""; }; "
1750527544638,1750527544638,1212,1,2,4,TMLedgerData,"ledgerHash: ""\276\230H\305\2714\032l\253n6W\035\354\257.f\r\217\302\203\224\212L\020\S\370\243OP*""; ledgerSeq: 7; type: liBASE; nodes {;   nodedata: ""\000\000\000\007\001cEx]\211\377\342\360\215\2502\265\245\310\226\243c\302Ze\306\253#r\020\211\320iG\276\020E\317\035Sf\223F\254\000\000\000\000\000\000\000\000\000\000\000\000\000\000\000\000\000\000\000\000\000\000\000\000\000\000\000\000\000\000\000\000\302r\207\007\303\237KvzB\356\335\030k\303\312\246:\352\202\037\210\2545\307\004\232\232\026\223SW/\351\252\253/\351\252\264\n\000""; }; nodes {;   nodedata: ""\341\035\262xv\226\317f5\366\365\252a\177\355\302\326\t\222~j\320f\374/ \363\256\257\361 \303\001\301\025%1L\307\t\261\262z\374\222T\301\274V\236\223\262\270Ct\362\337b\356\024*\324\320\351\317\002k\336\234\027v\351\217\260\303\360\233ZPZWr\246$w\313\313\r\243r\232\2234\373\3539:N\004;tP\302\307\005x\n\302lQ\275\237<g\321\233$\274p\355\310J\230\370\306\264\314\367C\275\272\006E\344\037@\210\363\010\336T\226\247'\204_{\261\370""1\235\2445\343\033Y!\212\201\341\272\225'\007Z\314\023h\n\020~\036\324P\254\001\274\227n\020\273\023\010\nq\216Z\344\004\3612B\205\257\335\036\013\003""; }; requestCookie: 4; ","ledgerHash: ""\276\230H\305\2714\032l\253n6W\035\354\257.f\r\217\302\203\224\212L\020\S\370\243OP*""; ledgerSeq: 7; type: liBASE; nodes {;   nodedata: ""\000\000\000\007\001cEx]\211\377\342\360\215\2502\265\245\310\226\243c\302Ze\306\253#r\020\211\320iG\276\020E\317\035Sf\223F\254\000\000\000\000\000\000\000\000\000\000\000\000\000\000\000\000\000\000\000\000\000\000\000\000\000\000\000\000\000\000\000\000\302r\207\007\303\237KvzB\356\335\030k\303\312\246:\352\202\037\210\2545\307\004\232\232\026\223SW/\351\252\253/\351\252\264\n\000""; }; nodes {;   nodedata: ""\341\035\262xv\226\317f5\366\365\252a\177\355\302\326\t\222~j\320f\374/ \363\256\257\361 \303\001\301\025%1L\307\t\261\262z\374\222T\301\274V\236\223\262\270Ct\362\337b\356\024*\324\320\351\317\002k\336\234\027v\351\217\260\303\360\233ZPZWr\246$w\313\313\r\243r\232\2234\373\3539:N\004;tP\302\307\005x\n\302lQ\275\237<g\321\233$\274p\355\310J\230\370\306\264\314\367C\275\272\006E\344\037@\210\363\010\336T\226\247'\204_{\261\370""1\235\2445\343\033Y!\212\201\341\272\225'\007Z\314\023h\n\020~\036\324P\254\001\274\227n\020\273\023\010\nq\216Z\344\004\3612B\205\257\335\036\013\003""; }; requestCookie: 4; "
1750527544690,1750527544690,860,1,1,0,TMLedgerData,"ledgerHash: ""\341\310\354\0213\033\013\350\207z\236R(|z&\034\335\266\323\356\205\273DV\210\254\213T\rZ\347""; ledgerSeq: 0; type: liTS_CANDIDATE; nodes {;   nodedata: ""\256\322m\2146\221\305\341\316\031h?\276\005\207\253\236\tL;\371W\315\233X\345O\203\332\240\005\360\n\003"";   nodeid: ""\000\000\000\000\000\000\000\000\000\000\000\000\000\000\000\000\000\000\000\000\000\000\000\000\000\000\000\000\000\000\000\000\000""; }; requestCookie: 5; ","ledgerHash: ""\341\310\354\0213\033\013\350\207z\236R(|z&\034\335\266\323\356\205\273DV\210\254\213T\rZ\347""; ledgerSeq: 0; type: liTS_CANDIDATE; nodes {;   nodedata: ""\256\322m\2146\221\305\341\316\031h?\276\005\207\253\236\tL;\371W\315\233X\345O\203\332\240\005\360\n\003"";   nodeid: ""\000\000\000\000\000\000\000\000\000\000\000\000\000\000\000\000\000\000\000\000\000\000\000\000\000\000\000\000\000\000\000\000\000""; }; requestCookie: 5; "
1750527544690,1750527544691,3578,1,1,3,TMLedgerData,"ledgerHash: ""\326+\03569g\235`}\354\203s\003\217_Vf \233\324\237yU<\242:Zr\321\340\201]""; ledgerSeq: 7; type: liBASE; nodes {;   nodedata: ""\000\000\000\007\001cEx]\211\377\330\360\215\2502\265\245\310\226\243c\302Ze\306\253#r\020\211\320iG\276\020E\317\035Sf\223F\254\020N |\264\023\251\372`\001\r\225\217P\243\370m\037op\306\025\027\013\002\257\266J\025/\3729\220\014>4\264\253\207\255\233\\356\277\340\345\017\323\341\201\004TK\004\373\204\253\204\240\3155\357\026\353/\351\252\253/\351\252\264\n\000""; }; nodes {;   nodedata: ""\341\035\262xv\226\317f5\366\365\252a\177\355\302\326\t\222~j\320f\374/ \363\256\257\361 \303\001\301\025%1L\307\t\261\262z\374\222T\301\274V\236\223\262\270Ct\362\337b\356\024*\324\320\351\317\002,\377\251Q\263\245*\373\267\332I\261\001\251N\313Su!\333\331\260|\312%\271\263\267\320\313\036\303\004\330\210a4\256y^267\344\320H\t\331\316{n\002q\260\017U_\270\321B\024U\313\2054\006E\344\037@\210\363\010\336T\226\247'\204_{\261\370""1\235\2445\343\033Y!\212\201\341\272\225'\007Z\314\023h\n\020~\036\324P\254\001\274\227n\020\273\023\010\nq\216Z\344\004\3612B\205\257\335\036\013\003""; }; nodes {;   nodedata: ""\233\330\223\352\3012\234}\322\031(\362*;JR3m]\203<\234\204jiO\033\304\322\017\232\202\n\003""; }; requestCookie: 4; ","ledgerHash: ""\326+\03569g\235`}\354\203s\003\217_Vf \233\324\237yU<\242:Zr\321\340\201]""; ledgerSeq: 7; type: liBASE; nodes {;   nodedata: ""\000\000\000\007\001cEx]\211\377\330\360\215\2502\265\245\310\226\243c\302Ze\306\253#r\020\211\320iG\276\020E\317\035Sf\223F\254\020N |\264\023\251\372`\001\r\225\217P\243\370m\037op\306\025\027\013\002\257\266J\025/\3729\220\014>4\264\253\207\255\233\\356\277\340\345\017\323\341\201\004TK\004\373\204\253\204\240\3155\357\026\353/\351\252\253/\351\252\264\n\000""; }; nodes {;   nodedata: ""\341\035\262xv\226\317f5\366\365\252a\177\355\302\326\t\222~j\320f\374/ \363\256\257\361 \303\001\301\025%1L\307\t\261\262z\374\222T\301\274V\236\223\262\270Ct\362\337b\356\024*\324\320\351\317\002,\377\251Q\263\245*\373\267\332I\261\001\251N\313Su!\333\331\260|\312%\271\263\267\320\313\036\303\004\330\210a4\256y^267\344\320H\t\331\316{n\002q\260\017U_\270\321B\024U\313\2054\006E\344\037@\210\363\010\336T\226\247'\204_{\261\370""1\235\2445\343\033Y!\212\201\341\272\225'\007Z\314\023h\n\020~\036\324P\254\001\274\227n\020\273\023\010\nq\216Z\344\004\3612B\205\257\335\036\013\003""; }; nodes {;   nodedata: ""\233\330\223\352\3012\234}\322\031(\362*;JR3m]\203<\234\204jiO\033\304\322\017\232\202\n\003""; }; requestCookie: 4; "
1750527544694,1750527544694,1813,1,3,1,TMLedgerData,"ledgerHash: ""\276\230H\305\2714\032l\253n6W\035\354\257.f\r\217\302\203\224\212L\020\S\370\243OP*""; ledgerSeq: 7; type: liBASE; nodes {;   nodedata: ""\000\000\000\007\001cEx]\211\377\342\360\215\2502\265\245\310\226\243c\302Ze\306\253#r\020\211\320iG\276\020E\317\035Sf\223F\254\000\000\000\000\000\000\000\000\000\000\000\000\000\000\000\000\000\000\000\000\000\000\000\000\000\000\000\000\000\000\000\000\302r\207\007\303\237KvzB\356\335\030k\303\312\246:\352\202\037\210\2545\307\004\232\232\026\223SW/\351\252\253/\351\252\264\n\000""; }; nodes {;   nodedata: ""\341\035\262xv\226\317f5\366\365\252a\177\355\302\326\t\222~j\320f\374/ \363\256\257\361 \303\001\301\025%1L\307\t\261\262z\374\222T\301\274V\236\223\262\270Ct\362\337b\356\024*\324\320\351\317\002k\336\234\027v\351\217\260\303\360\233ZPZWr\246$w\313\313\r\243r\232\2234\373\3539:N\004;tP\302\307\005x\n\302lQ\275\237<g\321\233$\274p\355\310J\230\370\306\264\314\367C\275\272\006E\344\037@\210\363\010\336T\226\247'\204_{\261\370""1\235\2445\343\033Y!\212\201\341\272\225'\007Z\314\023h\n\020~\036\324P\254\001\274\227n\020\273\023\010\nq\216Z\344\004\3612B\205\257\335\036\013\003""; }; ","ledgerHash: ""\276\230H\305\2714\032l\253n6W\035\354\257.f\r\217\302\203\224\212L\020\S\370\243OP*""; ledgerSeq: 7; type: liBASE; nodes {;   nodedata: ""\000\000\000\007\001cEx]\211\377\342\360\215\2502\265\245\310\226\243c\302Ze\306\253#r\020\211\320iG\276\020E\317\035Sf\223F\254\000\000\000\000\000\000\000\000\000\000\000\000\000\000\000\000\000\000\000\000\000\000\000\000\000\000\000\000\000\000\000\000\302r\207\007\303\237KvzB\356\335\030k\303\312\246:\352\202\037\210\2545\307\004\232\232\026\223SW/\351\252\253/\351\252\264\n\000""; }; nodes {;   nodedata: ""\341\035\262xv\226\317f5\366\365\252a\177\355\302\326\t\222~j\320f\374/ \363\256\257\361 \303\001\301\025%1L\307\t\261\262z\374\222T\301\274V\236\223\262\270Ct\362\337b\356\024*\324\320\351\317\002k\336\234\027v\351\217\260\303\360\233ZPZWr\246$w\313\313\r\243r\232\2234\373\3539:N\004;tP\302\307\005x\n\302lQ\275\237<g\321\233$\274p\355\310J\230\370\306\264\314\367C\275\272\006E\344\037@\210\363\010\336T\226\247'\204_{\261\370""1\235\2445\343\033Y!\212\201\341\272\225'\007Z\314\023h\n\020~\036\324P\254\001\274\227n\020\273\023\010\nq\216Z\344\004\3612B\205\257\335\036\013\003""; }; "
1750527544702,1750527544702,612,1,2,0,TMLedgerData,"ledgerHash: ""\356\316\306(\314\366\340SA\320e\361\337A\350+\342\334{eBV\360\354\225)\263\237~v\236}""; ledgerSeq: 0; type: liTS_CANDIDATE; nodes {;   nodedata: ""\216b\024\334gS\347X\272b\322\267\303L\230\361n\036 \270-E\361}\351O\347\233\337\314!\215\010\003"";   nodeid: ""\000\000\000\000\000\000\000\000\000\000\000\000\000\000\000\000\000\000\000\000\000\000\000\000\000\000\000\000\000\000\000\000\000""; }; ","ledgerHash: ""\356\316\306(\314\366\340SA\320e\361\337A\350+\342\334{eBV\360\354\225)\263\237~v\236}""; ledgerSeq: 0; type: liTS_CANDIDATE; nodes {;   nodedata: ""\216b\024\334gS\347X\272b\322\267\303L\230\361n\036 \270-E\361}\351O\347\233\337\314!\215\010\003"";   nodeid: ""\000\000\000\000\000\000\000\000\000\000\000\000\000\000\000\000\000\000\000\000\000\000\000\000\000\000\000\000\000\000\000\000\000""; }; "
1750527544704,1750527544704,3085,1,3,0,TMLedgerData,"ledgerHash: ""\033@\177e\277\016\010u\327\371&\262\312\317Q\2361t\377x\234\001v\003%\030\325_\225g\204\346""; ledgerSeq: 7; type: liBASE; nodes {;   nodedata: ""\000\000\000\007\001cEx]\211\377\330\360\215\2502\265\245\310\226\243c\302Ze\306\253#r\020\211\320iG\276\020E\317\035Sf\223F\254\002\370\316\212^2r\204\377\207q\251\315\325\027st\315\275D\367""\312l\350\374\304zy\305\007\340\030\220\357M\025\212p\\332\356\317\346Z\350r\255\236\025^\210\375\243\353\025X\213xq\220$\254,/\351\252\253/\351\252\264\n\000""; }; nodes {;   nodedata: ""\323C\344\327\264{\312-\017:\006{\177\344N\002\326bO\260\220\006\033\362\345\005U\221DzJ0\001\301\025%1L\307\t\261\262z\374\222T\301\274V\236\223\262\270Ct\362\337b\356\024*\324\320\351\317\002k\336\234\027v\351\217\260\303\360\233ZPZWr\246$w\313\313\r\243r\232\2234\373\3539:N\004Q\245\272D\312D\300\300\t\323\0257\345e\271\na\215{\226\255x%T\257\037\333\004\344_/R\006E\344\037@\210\363\010\336T\226\247'\204_{\261\370""1\235\2445\343\033Y!\212\201\341\272\225'\007Z\314\023h\n\020~\036\324P\254\001\274\227n\020\273\023\010\nq\216Z\344\004\3612B\205\257\335\036\013\003""; }; nodes {;   nodedata: ""o\324D\221#\020\205W\305\353\227hj\364\005l\234.@%-\272\034\327\352\rf\2573\006\026\236\004\003""; }; requestCookie: 2; ","ledgerHash: ""\033@\177e\277\016\010u\327\371&\262\312\317Q\2361t\377x\234\001v\003%\030\325_\225g\204\346""; ledgerSeq: 7; type: liBASE; nodes {;   nodedata: ""\000\000\000\007\001cEx]\211\377\330\360\215\2502\265\245\310\226\243c\302Ze\306\253#r\020\211\320iG\276\020E\317\035Sf\223F\254\002\370\316\212^2r\204\377\207q\251\315\325\027st\315\275D\367""\312l\350\374\304zy\305\007\340\030\220\357M\025\212p\\332\356\317\346Z\350r\255\236\025^\210\375\243\353\025X\213xq\220$\254,/\351\252\253/\351\252\264\n\000""; }; nodes {;   nodedata: ""\323C\344\327\264{\312-\017:\006{\177\344N\002\326bO\260\220\006\033\362\345\005U\221DzJ0\001\301\025%1L\307\t\261\262z\374\222T\301\274V\236\223\262\270Ct\362\337b\356\024*\324\320\351\317\002k\336\234\027v\351\217\260\303\360\233ZPZWr\246$w\313\313\r\243r\232\2234\373\3539:N\004Q\245\272D\312D\300\300\t\323\0257\345e\271\na\215{\226\255x%T\257\037\333\004\344_/R\006E\344\037@\210\363\010\336T\226\247'\204_{\261\370""1\235\2445\343\033Y!\212\201\341\272\225'\007Z\314\023h\n\020~\036\324P\254\001\274\227n\020\273\023\010\nq\216Z\344\004\3612B\205\257\335\036\013\003""; }; nodes {;   nodedata: ""o\324D\221#\020\205W\305\353\227hj\364\005l\234.@%-\272\034\327\352\rf\2573\006\026\236\004\003""; }; requestCookie: 2; "
1750527544733,1750527544733,2523,1,3,2,TMLedgerData,"ledgerHash: ""3\321\n7\354)\tf\006\357\205B<h\272GQ \344\262\236\025#\003\024&\310\034\352\376\326""; ledgerSeq: 0; type: liTS_CANDIDATE; nodes {;   nodedata: ""'\240~~s\033\202\356\320\307\177Nt\203\315\245\305\276b\265\310\271\3319\245:\342=c\267\265\233\002\003"";   nodeid: ""\000\000\000\000\000\000\000\000\000\000\000\000\000\000\000\000\000\000\000\000\000\000\000\000\000\000\000\000\000\000\000\000\000""; }; requestCookie: 5; ","ledgerHash: ""3\321\n7\354)\tf\006\357\205B<h\272GQ \344\262\236\025#\003\024&\310\034\352\376\326""; ledgerSeq: 0; type: liTS_CANDIDATE; nodes {;   nodedata: ""'\240~~s\033\202\356\320\307\177Nt\203\315\245\305\276b\265\310\271\3319\245:\342=c\267\265\233\002\003"";   nodeid: ""\000\000\000\000\000\000\000\000\000\000\000\000\000\000\000\000\000\000\000\000\000\000\000\000\000\000\000\000\000\000\000\000\000""; }; requestCookie: 5; "
1750527544735,1750527544735,1144,1,4,1,TMLedgerData,"ledgerHash: ""\276\230H\305\2714\032l\253n6W\035\354\257.f\r\217\302\203\224\212L\020\S\370\243OP*""; ledgerSeq: 7; type: liBASE; nodes {;   nodedata: ""\000\000\000\007\001cEx]\211\377\342\360\215\2502\265\245\310\226\243c\302Ze\306\253#r\020\211\320iG\276\020E\317\035Sf\223F\254\000\000\000\000\000\000\000\000\000\000\000\000\000\000\000\000\000\000\000\000\000\000\000\000\000\000\000\000\000\000\000\000\302r\207\007\303\237KvzB\356\335\030k\303\312\246:\352\202\037\210\2545\307\004\232\232\026\223SW/\351\252\253/\351\252\264\n\000""; }; nodes {;   nodedata: ""\341\035\262xv\226\317f5\366\365\252a\177\355\302\326\t\222~j\320f\374/ \363\256\257\361 \303\001\301\025%1L\307\t\261\262z\374\222T\301\274V\236\223\262\270Ct\362\337b\356\024*\324\320\351\317\002k\336\234\027v\351\217\260\303\360\233ZPZWr\246$w\313\313\r\243r\232\2234\373\3539:N\004;tP\302\307\005x\n\302lQ\275\237<g\321\233$\274p\355\310J\230\370\306\264\314\367C\275\272\006E\344\037@\210\363\010\336T\226\247'\204_{\261\370""1\235\2445\343\033Y!\212\201\341\272\225'\007Z\314\023h\n\020~\036\324P\254\001\274\227n\020\273\023\010\nq\216Z\344\004\3612B\205\257\335\036\013\003""; }; ","ledgerHash: ""\276\230H\305\2714\032l\253n6W\035\354\257.f\r\217\302\203\224\212L\020\S\370\243OP*""; ledgerSeq: 7; type: liBASE; nodes {;   nodedata: ""\000\000\000\007\001cEx]\211\377\342\360\215\2502\265\245\310\226\243c\302Ze\306\253#r\020\211\320iG\276\020E\317\035Sf\223F\254\000\000\000\000\000\000\000\000\000\000\000\000\000\000\000\000\000\000\000\000\000\000\000\000\000\000\000\000\000\000\000\000\302r\207\007\303\237KvzB\356\335\030k\303\312\246:\352\202\037\210\2545\307\004\232\232\026\223SW/\351\252\253/\351\252\264\n\000""; }; nodes {;   nodedata: ""\341\035\262xv\226\317f5\366\365\252a\177\355\302\326\t\222~j\320f\374/ \363\256\257\361 \303\001\301\025%1L\307\t\261\262z\374\222T\301\274V\236\223\262\270Ct\362\337b\356\024*\324\320\351\317\002k\336\234\027v\351\217\260\303\360\233ZPZWr\246$w\313\313\r\243r\232\2234\373\3539:N\004;tP\302\307\005x\n\302lQ\275\237<g\321\233$\274p\355\310J\230\370\306\264\314\367C\275\272\006E\344\037@\210\363\010\336T\226\247'\204_{\261\370""1\235\2445\343\033Y!\212\201\341\272\225'\007Z\314\023h\n\020~\036\324P\254\001\274\227n\020\273\023\010\nq\216Z\344\004\3612B\205\257\335\036\013\003""; }; "
1750527544742,1750527544742,3810,1,1,4,TMGetLedger,"itype: liTS_CANDIDATE; ledgerHash: ""\363\262\310\025\251\261\276X\247\260J\221\345\357\037\231)|\321K\000\\326E\004\377\005\255""A?\250""; nodeIDs: ""\000\000\000\000\000\000\000\000\000\000\000\000\000\000\000\000\000\000\000\000\000\000\000\000\000\000\000\000\000\000\000\000\000""; requestCookie: 2; queryType: qtINDIRECT; queryDepth: 3; ","itype: liTS_CANDIDATE; ledgerHash: ""\363\262\310\025\251\261\276X\247\260J\221\345\357\037\231)|\321K\000\\326E\004\377\005\255""A?\250""; nodeIDs: ""\000\000\000\000\000\000\000\000\000\000\000\000\000\000\000\000\000\000\000\000\000\000\000\000\000\000\000\000\000\000\000\000\000""; requestCookie: 2; queryType: qtINDIRECT; queryDepth: 3; "
1750527544756,1750527544757,1544,1,2,1,TMGetLedger,"itype: liBASE; ledgerHash: ""\326+\03569g\235`}\354\203s\003\217_Vf \233\324\237yU<\242:Zr\321\340\201]""; ledgerSeq: 7; requestCookie: 4; queryType: qtINDIRECT; ","itype: liBASE; ledgerHash: ""\326+\03569g\235`}\354\203s\003\217_Vf \233\324\237yU<\242:Zr\321\340\201]""; ledgerSeq: 7; requestCookie: 4; queryType: qtINDIRECT; "
1750527544760,1750527544760,860,1,1,0,TMLedgerData,"ledgerHash: ""\341\310\354\0213\033\013\350\207z\236R(|z&\034\335\266\323\356\205\273DV\210\254\213T\rZ\347""; ledgerSeq: 0; type: liTS_CANDIDATE; nodes {;   nodedata: ""\256\322m\2146\221\305\341\316\031h?\276\005\207\253\236\tL;\371W\315\233X\345O\203\332\240\005\360\n\003"";   nodeid: ""\000\000\000\000\000\000\000\000\000\000\000\000\000\000\000\000\000\000\000\000\000\000\000\000\000\000\000\000\000\000\000\000\000""; }; requestCookie: 3; ","ledgerHash: ""\341\310\354\0213\033\013\350\207z\236R(|z&\034\335\266\323\356\205\273DV\210\254\213T\rZ\347""; ledgerSeq: 0; type: liTS_CANDIDATE; nodes {;   nodedata: ""\256\322m\2146\221\305\341\316\031h?\276\005\207\253\236\tL;\371W\315\233X\345O\203\332\240\005\360\n\003"";   nodeid: ""\000\000\000\000\000\000\000\000\000\000\000\000\000\000\000\000\000\000\000\000\000\000\000\000\000\000\000\000\000\000\000\000\000""; }; requestCookie: 3; "
1750527544763,1750527544763,860,1,1,0,TMLedgerData,"ledgerHash: ""\341\310\354\0213\033\013\350\207z\236R(|z&\034\335\266\323\356\205\273DV\210\254\213T\rZ\347""; ledgerSeq: 0; type: liTS_CANDIDATE; nodes {;   nodedata: ""\256\322m\2146\221\305\341\316\031h?\276\005\207\253\236\tL;\371W\315\233X\345O\203\332\240\005\360\n\003"";   nodeid: ""\000\000\000\000\000\000\000\000\000\000\000\000\000\000\000\000\000\000\000\000\000\000\000\000\000\000\000\000\000\000\000\000\000""; }; requestCookie: 4; ","ledgerHash: ""\341\310\354\0213\033\013\350\207z\236R(|z&\034\335\266\323\356\205\273DV\210\254\213T\rZ\347""; ledgerSeq: 0; type: liTS_CANDIDATE; nodes {;   nodedata: ""\256\322m\2146\221\305\341\316\031h?\276\005\207\253\236\tL;\371W\315\233X\345O\203\332\240\005\360\n\003"";   nodeid: ""\000\000\000\000\000\000\000\000\000\000\000\000\000\000\000\000\000\000\000\000\000\000\000\000\000\000\000\000\000\000\000\000\000""; }; requestCookie: 4; "
1750527544766,1750527544766,3375,1,0,1,TMGetLedger,"itype: liBASE; ledgerHash: ""\326+\03569g\235`}\354\203s\003\217_Vf \233\324\237yU<\242:Zr\321\340\201]""; ledgerSeq: 7; requestCookie: 5; queryType: qtINDIRECT; ","itype: liBASE; ledgerHash: ""\326+\03569g\235`}\354\203s\003\217_Vf \233\324\237yU<\242:Zr\321\340\201]""; ledgerSeq: 7; requestCookie: 5; queryType: qtINDIRECT; "
1750527544766,1750527544766,860,1,1,0,TMLedgerData,"ledgerHash: ""\341\310\354\0213\033\013\350\207z\236R(|z&\034\335\266\323\356\205\273DV\210\254\213T\rZ\347""; ledgerSeq: 0; type: liTS_CANDIDATE; nodes {;   nodedata: ""\256\322m\2146\221\305\341\316\031h?\276\005\207\253\236\tL;\371W\315\233X\345O\203\332\240\005\360\n\003"";   nodeid: ""\000\000\000\000\000\000\000\000\000\000\000\000\000\000\000\000\000\000\000\000\000\000\000\000\000\000\000\000\000\000\000\000\000""; }; ","ledgerHash: ""\341\310\354\0213\033\013\350\207z\236R(|z&\034\335\266\323\356\205\273DV\210\254\213T\rZ\347""; ledgerSeq: 0; type: liTS_CANDIDATE; nodes {;   nodedata: ""\256\322m\2146\221\305\341\316\031h?\276\005\207\253\236\tL;\371W\315\233X\345O\203\332\240\005\360\n\003"";   nodeid: ""\000\000\000\000\000\000\000\000\000\000\000\000\000\000\000\000\000\000\000\000\000\000\000\000\000\000\000\000\000\000\000\000\000""; }; "
1750527544785,1750527544785,1539,1,4,2,TMLedgerData,"ledgerHash: ""\363\262\310\025\251\261\276X\247\260J\221\345\357\037\231)|\321K\000\\326E\004\377\005\255""A?\250""; ledgerSeq: 0; type: liTS_CANDIDATE; nodes {;   nodedata: ""MJ\275'\324\005\036\313\204nW\300\362\327\016\205\236\021\351Q6\021\355\301\372\322\276g\026\243\361M\004\003"";   nodeid: ""\000\000\000\000\000\000\000\000\000\000\000\000\000\000\000\000\000\000\000\000\000\000\000\000\000\000\000\000\000\000\000\000\000""; }; requestCookie: 2; ","ledgerHash: ""\363\262\310\025\251\261\276X\247\260J\221\345\357\037\231)|\321K\000\\326E\004\377\005\255""A?\250""; ledgerSeq: 0; type: liTS_CANDIDATE; nodes {;   nodedata: ""MJ\275'\324\005\036\313\204nW\300\362\327\016\205\236\021\351Q6\021\355\301\372\322\276g\026\243\361M\004\003"";   nodeid: ""\000\000\000\000\000\000\000\000\000\000\000\000\000\000\000\000\000\000\000\000\000\000\000\000\000\000\000\000\000\000\000\000\000""; }; requestCookie: 2; "
1750527544793,1750527544793,1968,1,1,2,TMLedgerData,"ledgerHash: ""\326+\03569g\235`}\354\203s\003\217_Vf \233\324\237yU<\242:Zr\321\340\201]""; ledgerSeq: 7; type: liBASE; nodes {;   nodedata: ""\000\000\000\007\001cEx]\211\377\330\360\215\2502\265\245\310\226\243c\302Ze\306\253#r\020\211\320iG\276\020E\317\035Sf\223F\254\020N |\264\023\251\372`\001\r\225\217P\243\370m\037op\306\025\027\013\002\257\266J\025/\3729\220\014>4\264\253\207\255\233\\356\277\340\345\017\323\341\201\004TK\004\373\204\253\204\240\3155\357\026\353/\351\252\253/\351\252\264\n\000""; }; nodes {;   nodedata: ""\341\035\262xv\226\317f5\366\365\252a\177\355\302\326\t\222~j\320f\374/ \363\256\257\361 \303\001\301\025%1L\307\t\261\262z\374\222T\301\274V\236\223\262\270Ct\362\337b\356\024*\324\320\351\317\002,\377\251Q\263\245*\373\267\332I\261\001\251N\313Su!\333\331\260|\312%\271\263\267\320\313\036\303\004\330\210a4\256y^267\344\320H\t\331\316{n\002q\260\017U_\270\321B\024U\313\2054\006E\344\037@\210\363\010\336T\226\247'\204_{\261\370""1\235\2445\343\033Y!\212\201\341\272\225'\007Z\314\023h\n\020~\036\324P\254\001\274\227n\020\273\023\010\nq\216Z\344\004\3612B\205\257\335\036\013\003""; }; nodes {;   nodedata: ""\233\330\223\352\3012\234}\322\031(\362*;JR3m]\203<\234\204jiO\033\304\322\017\232\202\n\003""; }; requestCookie: 2; ","ledgerHash: ""\326+\03569g\235`}\354\203s\003\217_Vf \233\324\237yU<\242:Zr\321\340\201]""; ledgerSeq: 7; type: liBASE; nodes {;   nodedata: ""\000\000\000\007\001cEx]\211\377\330\360\215\2502\265\245\310\226\243c\302Ze\306\253#r\020\211\320iG\276\020E\317\035Sf\223F\254\020N |\264\023\251\372`\001\r\225\217P\243\370m\037op\306\025\027\013\002\257\266J\025/\3729\220\014>4\264\253\207\255\233\\356\277\340\345\017\323\341\201\004TK\004\373\204\253\204\240\3155\357\026\353/\351\252\253/\351\252\264\n\000""; }; nodes {;   nodedata: ""\341\035\262xv\226\317f5\366\365\252a\177\355\302\326\t\222~j\320f\374/ \363\256\257\361 \303\001\301\025%1L\307\t\261\262z\374\222T\301\274V\236\223\262\270Ct\362\337b\356\024*\324\320\351\317\002,\377\251Q\263\245*\373\267\332I\261\001\251N\313Su!\333\331\260|\312%\271\263\267\320\313\036\303\004\330\210a4\256y^267\344\320H\t\331\316{n\002q\260\017U_\270\321B\024U\313\2054\006E\344\037@\210\363\010\336T\226\247'\204_{\261\370""1\235\2445\343\033Y!\212\201\341\272\225'\007Z\314\023h\n\020~\036\324P\254\001\274\227n\020\273\023\010\nq\216Z\344\004\3612B\205\257\335\036\013\003""; }; nodes {;   nodedata: ""\233\330\223\352\3012\234}\322\031(\362*;JR3m]\203<\234\204jiO\033\304\322\017\232\202\n\003""; }; requestCookie: 2; "
1750527544795,1750527544795,1131,1,3,0,TMGetLedger,"itype: liTS_CANDIDATE; ledgerHash: ""\341\310\354\0213\033\013\350\207z\236R(|z&\034\335\266\323\356\205\273DV\210\254\213T\rZ\347""; nodeIDs: ""\000\000\000\000\000\000\000\000\000\000\000\000\000\000\000\000\000\000\000\000\000\000\000\000\000\000\000\000\000\000\000\000\000""; requestCookie: 4; queryType: qtINDIRECT; queryDepth: 3; ","itype: liTS_CANDIDATE; ledgerHash: ""\341\310\354\0213\033\013\350\207z\236R(|z&\034\335\266\323\356\205\273DV\210\254\213T\rZ\347""; nodeIDs: ""\000\000\000\000\000\000\000\000\000\000\000\000\000\000\000\000\000\000\000\000\000\000\000\000\000\000\000\000\000\000\000\000\000""; requestCookie: 4; queryType: qtINDIRECT; queryDepth: 3; "
1750527544802,1750527544802,1996,1,0,4,TMLedgerData,"ledgerHash: ""\341\310\354\0213\033\013\350\207z\236R(|z&\034\335\266\323\356\205\273DV\210\254\213T\rZ\347""; ledgerSeq: 0; type: liTS_CANDIDATE; nodes {;   nodedata: ""\256\322m\2146\221\305\341\316\031h?\276\005\207\253\236\tL;\371W\315\233X\345O\203\332\240\005\360\n\003"";   nodeid: ""\000\000\000\000\000\000\000\000\000\000\000\000\000\000\000\000\000\000\000\000\000\000\000\000\000\000\000\000\000\000\000\000\000""; }; ","ledgerHash: ""\341\310\354\0213\033\013\350\207z\236R(|z&\034\335\266\323\356\205\273DV\210\254\213T\rZ\347""; ledgerSeq: 0; type: liTS_CANDIDATE; nodes {;   nodedata: ""\256\322m\2146\221\305\341\316\031h?\276\005\207\253\236\tL;\371W\315\233X\345O\203\332\240\005\360\n\003"";   nodeid: ""\000\000\000\000\000\000\000\000\000\000\000\000\000\000\000\000\000\000\000\000\000\000\000\000\000\000\000\000\000\000\000\000\000""; }; "
1750527544846,1750527544847,1665,1,2,3,TMLedgerData,"ledgerHash: ""3\321\n7\354)\tf\006\357\205B<h\272GQ \344\262\236\025#\003\024&\310\034\352\376\326""; ledgerSeq: 0; type: liTS_CANDIDATE; nodes {;   nodedata: ""'\240~~s\033\202\356\320\307\177Nt\203\315\245\305\276b\265\310\271\3319\245:\342=c\267\265\233\002\003"";   nodeid: ""\000\000\000\000\000\000\000\000\000\000\000\000\000\000\000\000\000\000\000\000\000\000\000\000\000\000\000\000\000\000\000\000\000""; }; ","ledgerHash: ""3\321\n7\354)\tf\006\357\205B<h\272GQ \344\262\236\025#\003\024&\310\034\352\376\326""; ledgerSeq: 0; type: liTS_CANDIDATE; nodes {;   nodedata: ""'\240~~s\033\202\356\320\307\177Nt\203\315\245\305\276b\265\310\271\3319\245:\342=c\267\265\233\002\003"";   nodeid: ""\000\000\000\000\000\000\000\000\000\000\000\000\000\000\000\000\000\000\000\000\000\000\000\000\000\000\000\000\000\000\000\000\000""; }; "
1750527544848,1750527544848,2523,1,3,2,TMLedgerData,"ledgerHash: ""\363\262\310\025\251\261\276X\247\260J\221\345\357\037\231)|\321K\000\\326E\004\377\005\255""A?\250""; ledgerSeq: 0; type: liTS_CANDIDATE; nodes {;   nodedata: ""MJ\275'\324\005\036\313\204nW\300\362\327\016\205\236\021\351Q6\021\355\301\372\322\276g\026\243\361M\004\003"";   nodeid: ""\000\000\000\000\000\000\000\000\000\000\000\000\000\000\000\000\000\000\000\000\000\000\000\000\000\000\000\000\000\000\000\000\000""; }; requestCookie: 2; ","ledgerHash: ""\363\262\310\025\251\261\276X\247\260J\221\345\357\037\231)|\321K\000\\326E\004\377\005\255""A?\250""; ledgerSeq: 0; type: liTS_CANDIDATE; nodes {;   nodedata: ""MJ\275'\324\005\036\313\204nW\300\362\327\016\205\236\021\351Q6\021\355\301\372\322\276g\026\243\361M\004\003"";   nodeid: ""\000\000\000\000\000\000\000\000\000\000\000\000\000\000\000\000\000\000\000\000\000\000\000\000\000\000\000\000\000\000\000\000\000""; }; requestCookie: 2; "
1750527544851,1750527544851,1150,1,3,4,TMLedgerData,"ledgerHash: ""\341\310\354\0213\033\013\350\207z\236R(|z&\034\335\266\323\356\205\273DV\210\254\213T\rZ\347""; ledgerSeq: 0; type: liTS_CANDIDATE; nodes {;   nodedata: ""\256\322m\2146\221\305\341\316\031h?\276\005\207\253\236\tL;\371W\315\233X\345O\203\332\240\005\360\n\003"";   nodeid: ""\000\000\000\000\000\000\000\000\000\000\000\000\000\000\000\000\000\000\000\000\000\000\000\000\000\000\000\000\000\000\000\000\000""; }; ","ledgerHash: ""\341\310\354\0213\033\013\350\207z\236R(|z&\034\335\266\323\356\205\273DV\210\254\213T\rZ\347""; ledgerSeq: 0; type: liTS_CANDIDATE; nodes {;   nodedata: ""\256\322m\2146\221\305\341\316\031h?\276\005\207\253\236\tL;\371W\315\233X\345O\203\332\240\005\360\n\003"";   nodeid: ""\000\000\000\000\000\000\000\000\000\000\000\000\000\000\000\000\000\000\000\000\000\000\000\000\000\000\000\000\000\000\000\000\000""; }; "
1750527544872,1750527544873,3818,1,0,2,TMLedgerData,"ledgerHash: ""\341\310\354\0213\033\013\350\207z\236R(|z&\034\335\266\323\356\205\273DV\210\254\213T\rZ\347""; ledgerSeq: 0; type: liTS_CANDIDATE; nodes {;   nodedata: ""\256\322m\2146\221\305\341\316\031h?\276\005\207\253\236\tL;\371W\315\233X\345O\203\332\240\005\360\n\003"";   nodeid: ""\000\000\000\000\000\000\000\000\000\000\000\000\000\000\000\000\000\000\000\000\000\000\000\000\000\000\000\000\000\000\000\000\000""; }; ","ledgerHash: ""\341\310\354\0213\033\013\350\207z\236R(|z&\034\335\266\323\356\205\273DV\210\254\213T\rZ\347""; ledgerSeq: 0; type: liTS_CANDIDATE; nodes {;   nodedata: ""\256\322m\2146\221\305\341\316\031h?\276\005\207\253\236\tL;\371W\315\233X\345O\203\332\240\005\360\n\003"";   nodeid: ""\000\000\000\000\000\000\000\000\000\000\000\000\000\000\000\000\000\000\000\000\000\000\000\000\000\000\000\000\000\000\000\000\000""; }; "
1750527544873,1750527544873,1497,1,0,3,TMLedgerData,"ledgerHash: ""\341\310\354\0213\033\013\350\207z\236R(|z&\034\335\266\323\356\205\273DV\210\254\213T\rZ\347""; ledgerSeq: 0; type: liTS_CANDIDATE; nodes {;   nodedata: ""\256\322m\2146\221\305\341\316\031h?\276\005\207\253\236\tL;\371W\315\233X\345O\203\332\240\005\360\n\003"";   nodeid: ""\000\000\000\000\000\000\000\000\000\000\000\000\000\000\000\000\000\000\000\000\000\000\000\000\000\000\000\000\000\000\000\000\000""; }; ","ledgerHash: ""\341\310\354\0213\033\013\350\207z\236R(|z&\034\335\266\323\356\205\273DV\210\254\213T\rZ\347""; ledgerSeq: 0; type: liTS_CANDIDATE; nodes {;   nodedata: ""\256\322m\2146\221\305\341\316\031h?\276\005\207\253\236\tL;\371W\315\233X\345O\203\332\240\005\360\n\003"";   nodeid: ""\000\000\000\000\000\000\000\000\000\000\000\000\000\000\000\000\000\000\000\000\000\000\000\000\000\000\000\000\000\000\000\000\000""; }; "
1750527544874,1750527544874,1782,1,1,4,TMLedgerData,"ledgerHash: ""3\321\n7\354)\tf\006\357\205B<h\272GQ \344\262\236\025#\003\024&\310\034\352\376\326""; ledgerSeq: 0; type: liTS_CANDIDATE; nodes {;   nodedata: ""'\240~~s\033\202\356\320\307\177Nt\203\315\245\305\276b\265\310\271\3319\245:\342=c\267\265\233\002\003"";   nodeid: ""\000\000\000\000\000\000\000\000\000\000\000\000\000\000\000\000\000\000\000\000\000\000\000\000\000\000\000\000\000\000\000\000\000""; }; ","ledgerHash: ""3\321\n7\354)\tf\006\357\205B<h\272GQ \344\262\236\025#\003\024&\310\034\352\376\326""; ledgerSeq: 0; type: liTS_CANDIDATE; nodes {;   nodedata: ""'\240~~s\033\202\356\320\307\177Nt\203\315\245\305\276b\265\310\271\3319\245:\342=c\267\265\233\002\003"";   nodeid: ""\000\000\000\000\000\000\000\000\000\000\000\000\000\000\000\000\000\000\000\000\000\000\000\000\000\000\000\000\000\000\000\000\000""; }; "
1750527544874,1750527544875,3578,1,1,3,TMLedgerData,"ledgerHash: ""\341\310\354\0213\033\013\350\207z\236R(|z&\034\335\266\323\356\205\273DV\210\254\213T\rZ\347""; ledgerSeq: 0; type: liTS_CANDIDATE; nodes {;   nodedata: ""\256\322m\2146\221\305\341\316\031h?\276\005\207\253\236\tL;\371W\315\233X\345O\203\332\240\005\360\n\003"";   nodeid: ""\000\000\000\000\000\000\000\000\000\000\000\000\000\000\000\000\000\000\000\000\000\000\000\000\000\000\000\000\000\000\000\000\000""; }; requestCookie: 4; ","ledgerHash: ""\341\310\354\0213\033\013\350\207z\236R(|z&\034\335\266\323\356\205\273DV\210\254\213T\rZ\347""; ledgerSeq: 0; type: liTS_CANDIDATE; nodes {;   nodedata: ""\256\322m\2146\221\305\341\316\031h?\276\005\207\253\236\tL;\371W\315\233X\345O\203\332\240\005\360\n\003"";   nodeid: ""\000\000\000\000\000\000\000\000\000\000\000\000\000\000\000\000\000\000\000\000\000\000\000\000\000\000\000\000\000\000\000\000\000""; }; requestCookie: 4; "
1750527544877,1750527544877,1968,1,1,2,TMLedgerData,"ledgerHash: ""\033@\177e\277\016\010u\327\371&\262\312\317Q\2361t\377x\234\001v\003%\030\325_\225g\204\346""; ledgerSeq: 7; type: liBASE; nodes {;   nodedata: ""\000\000\000\007\001cEx]\211\377\330\360\215\2502\265\245\310\226\243c\302Ze\306\253#r\020\211\320iG\276\020E\317\035Sf\223F\254\002\370\316\212^2r\204\377\207q\251\315\325\027st\315\275D\367""\312l\350\374\304zy\305\007\340\030\220\357M\025\212p\\332\356\317\346Z\350r\255\236\025^\210\375\243\353\025X\213xq\220$\254,/\351\252\253/\351\252\264\n\000""; }; nodes {;   nodedata: ""\323C\344\327\264{\312-\017:\006{\177\344N\002\326bO\260\220\006\033\362\345\005U\221DzJ0\001\301\025%1L\307\t\261\262z\374\222T\301\274V\236\223\262\270Ct\362\337b\356\024*\324\320\351\317\002k\336\234\027v\351\217\260\303\360\233ZPZWr\246$w\313\313\r\243r\232\2234\373\3539:N\004Q\245\272D\312D\300\300\t\323\0257\345e\271\na\215{\226\255x%T\257\037\333\004\344_/R\006E\344\037@\210\363\010\336T\226\247'\204_{\261\370""1\235\2445\343\033Y!\212\201\341\272\225'\007Z\314\023h\n\020~\036\324P\254\001\274\227n\020\273\023\010\nq\216Z\344\004\3612B\205\257\335\036\013\003""; }; nodes {;   nodedata: ""o\324D\221#\020\205W\305\353\227hj\364\005l\234.@%-\272\034\327\352\rf\2573\006\026\236\004\003""; }; ","ledgerHash: ""\033@\177e\277\016\010u\327\371&\262\312\317Q\2361t\377x\234\001v\003%\030\325_\225g\204\346""; ledgerSeq: 7; type: liBASE; nodes {;   nodedata: ""\000\000\000\007\001cEx]\211\377\330\360\215\2502\265\245\310\226\243c\302Ze\306\253#r\020\211\320iG\276\020E\317\035Sf\223F\254\002\370\316\212^2r\204\377\207q\251\315\325\027st\315\275D\367""\312l\350\374\304zy\305\007\340\030\220\357M\025\212p\\332\356\317\346Z\350r\255\236\025^\210\375\243\353\025X\213xq\220$\254,/\351\252\253/\351\252\264\n\000""; }; nodes {;   nodedata: ""\323C\344\327\264{\312-\017:\006{\177\344N\002\326bO\260\220\006\033\362\345\005U\221DzJ0\001\301\025%1L\307\t\261\262z\374\222T\301\274V\236\223\262\270Ct\362\337b\356\024*\324\320\351\317\002k\336\234\027v\351\217\260\303\360\233ZPZWr\246$w\313\313\r\243r\232\2234\373\3539:N\004Q\245\272D\312D\300\300\t\323\0257\345e\271\na\215{\226\255x%T\257\037\333\004\344_/R\006E\344\037@\210\363\010\336T\226\247'\204_{\261\370""1\235\2445\343\033Y!\212\201\341\272\225'\007Z\314\023h\n\020~\036\324P\254\001\274\227n\020\273\023\010\nq\216Z\344\004\3612B\205\257\335\036\013\003""; }; nodes {;   nodedata: ""o\324D\221#\020\205W\305\353\227hj\364\005l\234.@%-\272\034\327\352\rf\2573\006\026\236\004\003""; }; "
1750527544889,1750527544889,3085,1,3,0,TMLedgerData,"ledgerHash: ""\033@\177e\277\016\010u\327\371&\262\312\317Q\2361t\377x\234\001v\003%\030\325_\225g\204\346""; ledgerSeq: 7; type: liBASE; nodes {;   nodedata: ""\000\000\000\007\001cEx]\211\377\330\360\215\2502\265\245\310\226\243c\302Ze\306\253#r\020\211\320iG\276\020E\317\035Sf\223F\254\002\370\316\212^2r\204\377\207q\251\315\325\027st\315\275D\367""\312l\350\374\304zy\305\007\340\030\220\357M\025\212p\\332\356\317\346Z\350r\255\236\025^\210\375\243\353\025X\213xq\220$\254,/\351\252\253/\351\252\264\n\000""; }; nodes {;   nodedata: ""\323C\344\327\264{\312-\017:\006{\177\344N\002\326bO\260\220\006\033\362\345\005U\221DzJ0\001\301\025%1L\307\t\261\262z\374\222T\301\274V\236\223\262\270Ct\362\337b\356\024*\324\320\351\317\002k\336\234\027v\351\217\260\303\360\233ZPZWr\246$w\313\313\r\243r\232\2234\373\3539:N\004Q\245\272D\312D\300\300\t\323\0257\345e\271\na\215{\226\255x%T\257\037\333\004\344_/R\006E\344\037@\210\363\010\336T\226\247'\204_{\261\370""1\235\2445\343\033Y!\212\201\341\272\225'\007Z\314\023h\n\020~\036\324P\254\001\274\227n\020\273\023\010\nq\216Z\344\004\3612B\205\257\335\036\013\003""; }; nodes {;   nodedata: ""o\324D\221#\020\205W\305\353\227hj\364\005l\234.@%-\272\034\327\352\rf\2573\006\026\236\004\003""; }; ","ledgerHash: ""\033@\177e\277\016\010u\327\371&\262\312\317Q\2361t\377x\234\001v\003%\030\325_\225g\204\346""; ledgerSeq: 7; type: liBASE; nodes {;   nodedata: ""\000\000\000\007\001cEx]\211\377\330\360\215\2502\265\245\310\226\243c\302Ze\306\253#r\020\211\320iG\276\020E\317\035Sf\223F\254\002\370\316\212^2r\204\377\207q\251\315\325\027st\315\275D\367""\312l\350\374\304zy\305\007\340\030\220\357M\025\212p\\332\356\317\346Z\350r\255\236\025^\210\375\243\353\025X\213xq\220$\254,/\351\252\253/\351\252\264\n\000""; }; nodes {;   nodedata: ""\323C\344\327\264{\312-\017:\006{\177\344N\002\326bO\260\220\006\033\362\345\005U\221DzJ0\001\301\025%1L\307\t\261\262z\374\222T\301\274V\236\223\262\270Ct\362\337b\356\024*\324\320\351\317\002k\336\234\027v\351\217\260\303\360\233ZPZWr\246$w\313\313\r\243r\232\2234\373\3539:N\004Q\245\272D\312D\300\300\t\323\0257\345e\271\na\215{\226\255x%T\257\037\333\004\344_/R\006E\344\037@\210\363\010\336T\226\247'\204_{\261\370""1\235\2445\343\033Y!\212\201\341\272\225'\007Z\314\023h\n\020~\036\324P\254\001\274\227n\020\273\023\010\nq\216Z\344\004\3612B\205\257\335\036\013\003""; }; nodes {;   nodedata: ""o\324D\221#\020\205W\305\353\227hj\364\005l\234.@%-\272\034\327\352\rf\2573\006\026\236\004\003""; }; "
1750527544893,1750527544893,1212,1,2,4,TMLedgerData,"ledgerHash: ""3\321\n7\354)\tf\006\357\205B<h\272GQ \344\262\236\025#\003\024&\310\034\352\376\326""; ledgerSeq: 0; type: liTS_CANDIDATE; nodes {;   nodedata: ""'\240~~s\033\202\356\320\307\177Nt\203\315\245\305\276b\265\310\271\3319\245:\342=c\267\265\233\002\003"";   nodeid: ""\000\000\000\000\000\000\000\000\000\000\000\000\000\000\000\000\000\000\000\000\000\000\000\000\000\000\000\000\000\000\000\000\000""; }; ","ledgerHash: ""3\321\n7\354)\tf\006\357\205B<h\272GQ \344\262\236\025#\003\024&\310\034\352\376\326""; ledgerSeq: 0; type: liTS_CANDIDATE; nodes {;   nodedata: ""'\240~~s\033\202\356\320\307\177Nt\203\315\245\305\276b\265\310\271\3319\245:\342=c\267\265\233\002\003"";   nodeid: ""\000\000\000\000\000\000\000\000\000\000\000\000\000\000\000\000\000\000\000\000\000\000\000\000\000\000\000\000\000\000\000\000\000""; }; "
1750527544936,1750527544936,1782,1,1,4,TMLedgerData,"ledgerHash: ""\326+\03569g\235`}\354\203s\003\217_Vf \233\324\237yU<\242:Zr\321\340\201]""; ledgerSeq: 7; type: liBASE; nodes {;   nodedata: ""\000\000\000\007\001cEx]\211\377\330\360\215\2502\265\245\310\226\243c\302Ze\306\253#r\020\211\320iG\276\020E\317\035Sf\223F\254\020N |\264\023\251\372`\001\r\225\217P\243\370m\037op\306\025\027\013\002\257\266J\025/\3729\220\014>4\264\253\207\255\233\\356\277\340\345\017\323\341\201\004TK\004\373\204\253\204\240\3155\357\026\353/\351\252\253/\351\252\264\n\000""; }; nodes {;   nodedata: ""\341\035\262xv\226\317f5\366\365\252a\177\355\302\326\t\222~j\320f\374/ \363\256\257\361 \303\001\301\025%1L\307\t\261\262z\374\222T\301\274V\236\223\262\270Ct\362\337b\356\024*\324\320\351\317\002,\377\251Q\263\245*\373\267\332I\261\001\251N\313Su!\333\331\260|\312%\271\263\267\320\313\036\303\004\330\210a4\256y^267\344\320H\t\331\316{n\002q\260\017U_\270\321B\024U\313\2054\006E\344\037@\210\363\010\336T\226\247'\204_{\261\370""1\235\2445\343\033Y!\212\201\341\272\225'\007Z\314\023h\n\020~\036\324P\254\001\274\227n\020\273\023\010\nq\216Z\344\004\3612B\205\257\335\036\013\003""; }; nodes {;   nodedata: ""\233\330\223\352\3012\234}\322\031(\362*;JR3m]\203<\234\204jiO\033\304\322\017\232\202\n\003""; }; ","ledgerHash: ""\326+\03569g\235`}\354\203s\003\217_Vf \233\324\237yU<\242:Zr\321\340\201]""; ledgerSeq: 7; type: liBASE; nodes {;   nodedata: ""\000\000\000\007\001cEx]\211\377\330\360\215\2502\265\245\310\226\243c\302Ze\306\253#r\020\211\320iG\276\020E\317\035Sf\223F\254\020N |\264\023\251\372`\001\r\225\217P\243\370m\037op\306\025\027\013\002\257\266J\025/\3729\220\014>4\264\253\207\255\233\\356\277\340\345\017\323\341\201\004TK\004\373\204\253\204\240\3155\357\026\353/\351\252\253/\351\252\264\n\000""; }; nodes {;   nodedata: ""\341\035\262xv\226\317f5\366\365\252a\177\355\302\326\t\222~j\320f\374/ \363\256\257\361 \303\001\301\025%1L\307\t\261\262z\374\222T\301\274V\236\223\262\270Ct\362\337b\356\024*\324\320\351\317\002,\377\251Q\263\245*\373\267\332I\261\001\251N\313Su!\333\331\260|\312%\271\263\267\320\313\036\303\004\330\210a4\256y^267\344\320H\t\331\316{n\002q\260\017U_\270\321B\024U\313\2054\006E\344\037@\210\363\010\336T\226\247'\204_{\261\370""1\235\2445\343\033Y!\212\201\341\272\225'\007Z\314\023h\n\020~\036\324P\254\001\274\227n\020\273\023\010\nq\216Z\344\004\3612B\205\257\335\036\013\003""; }; nodes {;   nodedata: ""\233\330\223\352\3012\234}\322\031(\362*;JR3m]\203<\234\204jiO\033\304\322\017\232\202\n\003""; }; "
1750527544979,1750527544979,2523,1,3,2,TMLedgerData,"ledgerHash: ""3\321\n7\354)\tf\006\357\205B<h\272GQ \344\262\236\025#\003\024&\310\034\352\376\326""; ledgerSeq: 0; type: liTS_CANDIDATE; nodes {;   nodedata: ""'\240~~s\033\202\356\320\307\177Nt\203\315\245\305\276b\265\310\271\3319\245:\342=c\267\265\233\002\003"";   nodeid: ""\000\000\000\000\000\000\000\000\000\000\000\000\000\000\000\000\000\000\000\000\000\000\000\000\000\000\000\000\000\000\000\000\000""; }; requestCookie: 5; ","ledgerHash: ""3\321\n7\354)\tf\006\357\205B<h\272GQ \344\262\236\025#\003\024&\310\034\352\376\326""; ledgerSeq: 0; type: liTS_CANDIDATE; nodes {;   nodedata: ""'\240~~s\033\202\356\320\307\177Nt\203\315\245\305\276b\265\310\271\3319\245:\342=c\267\265\233\002\003"";   nodeid: ""\000\000\000\000\000\000\000\000\000\000\000\000\000\000\000\000\000\000\000\000\000\000\000\000\000\000\000\000\000\000\000\000\000""; }; requestCookie: 5; "
1750527545037,1750527545037,1539,1,4,2,TMLedgerData,"ledgerHash: ""\363\262\310\025\251\261\276X\247\260J\221\345\357\037\231)|\321K\000\\326E\004\377\005\255""A?\250""; ledgerSeq: 0; type: liTS_CANDIDATE; nodes {;   nodedata: ""MJ\275'\324\005\036\313\204nW\300\362\327\016\205\236\021\351Q6\021\355\301\372\322\276g\026\243\361M\004\003"";   nodeid: ""\000\000\000\000\000\000\000\000\000\000\000\000\000\000\000\000\000\000\000\000\000\000\000\000\000\000\000\000\000\000\000\000\000""; }; requestCookie: 2; ","ledgerHash: ""\363\262\310\025\251\261\276X\247\260J\221\345\357\037\231)|\321K\000\\326E\004\377\005\255""A?\250""; ledgerSeq: 0; type: liTS_CANDIDATE; nodes {;   nodedata: ""MJ\275'\324\005\036\313\204nW\300\362\327\016\205\236\021\351Q6\021\355\301\372\322\276g\026\243\361M\004\003"";   nodeid: ""\000\000\000\000\000\000\000\000\000\000\000\000\000\000\000\000\000\000\000\000\000\000\000\000\000\000\000\000\000\000\000\000\000""; }; requestCookie: 2; "
1750527545050,1750527545051,1996,1,0,4,TMLedgerData,"ledgerHash: ""\341\310\354\0213\033\013\350\207z\236R(|z&\034\335\266\323\356\205\273DV\210\254\213T\rZ\347""; ledgerSeq: 0; type: liTS_CANDIDATE; nodes {;   nodedata: ""\256\322m\2146\221\305\341\316\031h?\276\005\207\253\236\tL;\371W\315\233X\345O\203\332\240\005\360\n\003"";   nodeid: ""\000\000\000\000\000\000\000\000\000\000\000\000\000\000\000\000\000\000\000\000\000\000\000\000\000\000\000\000\000\000\000\000\000""; }; ","ledgerHash: ""\341\310\354\0213\033\013\350\207z\236R(|z&\034\335\266\323\356\205\273DV\210\254\213T\rZ\347""; ledgerSeq: 0; type: liTS_CANDIDATE; nodes {;   nodedata: ""\256\322m\2146\221\305\341\316\031h?\276\005\207\253\236\tL;\371W\315\233X\345O\203\332\240\005\360\n\003"";   nodeid: ""\000\000\000\000\000\000\000\000\000\000\000\000\000\000\000\000\000\000\000\000\000\000\000\000\000\000\000\000\000\000\000\000\000""; }; "
1750527545063,1750527545063,3578,1,1,3,TMLedgerData,"ledgerHash: ""\341\310\354\0213\033\013\350\207z\236R(|z&\034\335\266\323\356\205\273DV\210\254\213T\rZ\347""; ledgerSeq: 0; type: liTS_CANDIDATE; nodes {;   nodedata: ""\256\322m\2146\221\305\341\316\031h?\276\005\207\253\236\tL;\371W\315\233X\345O\203\332\240\005\360\n\003"";   nodeid: ""\000\000\000\000\000\000\000\000\000\000\000\000\000\000\000\000\000\000\000\000\000\000\000\000\000\000\000\000\000\000\000\000\000""; }; requestCookie: 2; ","ledgerHash: ""\341\310\354\0213\033\013\350\207z\236R(|z&\034\335\266\323\356\205\273DV\210\254\213T\rZ\347""; ledgerSeq: 0; type: liTS_CANDIDATE; nodes {;   nodedata: ""\256\322m\2146\221\305\341\316\031h?\276\005\207\253\236\tL;\371W\315\233X\345O\203\332\240\005\360\n\003"";   nodeid: ""\000\000\000\000\000\000\000\000\000\000\000\000\000\000\000\000\000\000\000\000\000\000\000\000\000\000\000\000\000\000\000\000\000""; }; requestCookie: 2; "
1750527545065,1750527545065,2764,1,4,3,TMLedgerData,"ledgerHash: ""\341\310\354\0213\033\013\350\207z\236R(|z&\034\335\266\323\356\205\273DV\210\254\213T\rZ\347""; ledgerSeq: 0; type: liTS_CANDIDATE; nodes {;   nodedata: ""\256\322m\2146\221\305\341\316\031h?\276\005\207\253\236\tL;\371W\315\233X\345O\203\332\240\005\360\n\003"";   nodeid: ""\000\000\000\000\000\000\000\000\000\000\000\000\000\000\000\000\000\000\000\000\000\000\000\000\000\000\000\000\000\000\000\000\000""; }; requestCookie: 4; ","ledgerHash: ""\341\310\354\0213\033\013\350\207z\236R(|z&\034\335\266\323\356\205\273DV\210\254\213T\rZ\347""; ledgerSeq: 0; type: liTS_CANDIDATE; nodes {;   nodedata: ""\256\322m\2146\221\305\341\316\031h?\276\005\207\253\236\tL;\371W\315\233X\345O\203\332\240\005\360\n\003"";   nodeid: ""\000\000\000\000\000\000\000\000\000\000\000\000\000\000\000\000\000\000\000\000\000\000\000\000\000\000\000\000\000\000\000\000\000""; }; requestCookie: 4; "
1750527545078,1750527545079,1539,1,4,2,TMLedgerData,"ledgerHash: ""\033@\177e\277\016\010u\327\371&\262\312\317Q\2361t\377x\234\001v\003%\030\325_\225g\204\346""; ledgerSeq: 7; type: liBASE; nodes {;   nodedata: ""\000\000\000\007\001cEx]\211\377\330\360\215\2502\265\245\310\226\243c\302Ze\306\253#r\020\211\320iG\276\020E\317\035Sf\223F\254\002\370\316\212^2r\204\377\207q\251\315\325\027st\315\275D\367""\312l\350\374\304zy\305\007\340\030\220\357M\025\212p\\332\356\317\346Z\350r\255\236\025^\210\375\243\353\025X\213xq\220$\254,/\351\252\253/\351\252\264\n\000""; }; nodes {;   nodedata: ""\323C\344\327\264{\312-\017:\006{\177\344N\002\326bO\260\220\006\033\362\345\005U\221DzJ0\001\301\025%1L\307\t\261\262z\374\222T\301\274V\236\223\262\270Ct\362\337b\356\024*\324\320\351\317\002k\336\234\027v\351\217\260\303\360\233ZPZWr\246$w\313\313\r\243r\232\2234\373\3539:N\004Q\245\272D\312D\300\300\t\323\0257\345e\271\na\215{\226\255x%T\257\037\333\004\344_/R\006E\344\037@\210\363\010\336T\226\247'\204_{\261\370""1\235\2445\343\033Y!\212\201\341\272\225'\007Z\314\023h\n\020~\036\324P\254\001\274\227n\020\273\023\010\nq\216Z\344\004\3612B\205\257\335\036\013\003""; }; nodes {;   nodedata: ""o\324D\221#\020\205W\305\353\227hj\364\005l\234.@%-\272\034\327\352\rf\2573\006\026\236\004\003""; }; ","ledgerHash: ""\033@\177e\277\016\010u\327\371&\262\312\317Q\2361t\377x\234\001v\003%\030\325_\225g\204\346""; ledgerSeq: 7; type: liBASE; nodes {;   nodedata: ""\000\000\000\007\001cEx]\211\377\330\360\215\2502\265\245\310\226\243c\302Ze\306\253#r\020\211\320iG\276\020E\317\035Sf\223F\254\002\370\316\212^2r\204\377\207q\251\315\325\027st\315\275D\367""\312l\350\374\304zy\305\007\340\030\220\357M\025\212p\\332\356\317\346Z\350r\255\236\025^\210\375\243\353\025X\213xq\220$\254,/\351\252\253/\351\252\264\n\000""; }; nodes {;   nodedata: ""\323C\344\327\264{\312-\017:\006{\177\344N\002\326bO\260\220\006\033\362\345\005U\221DzJ0\001\301\025%1L\307\t\261\262z\374\222T\301\274V\236\223\262\270Ct\362\337b\356\024*\324\320\351\317\002k\336\234\027v\351\217\260\303\360\233ZPZWr\246$w\313\313\r\243r\232\2234\373\3539:N\004Q\245\272D\312D\300\300\t\323\0257\345e\271\na\215{\226\255x%T\257\037\333\004\344_/R\006E\344\037@\210\363\010\336T\226\247'\204_{\261\370""1\235\2445\343\033Y!\212\201\341\272\225'\007Z\314\023h\n\020~\036\324P\254\001\274\227n\020\273\023\010\nq\216Z\344\004\3612B\205\257\335\036\013\003""; }; nodes {;   nodedata: ""o\324D\221#\020\205W\305\353\227hj\364\005l\234.@%-\272\034\327\352\rf\2573\006\026\236\004\003""; }; "
1750527545085,1750527545085,1782,1,1,4,TMLedgerData,"ledgerHash: ""\326+\03569g\235`}\354\203s\003\217_Vf \233\324\237yU<\242:Zr\321\340\201]""; ledgerSeq: 7; type: liBASE; nodes {;   nodedata: ""\000\000\000\007\001cEx]\211\377\330\360\215\2502\265\245\310\226\243c\302Ze\306\253#r\020\211\320iG\276\020E\317\035Sf\223F\254\020N |\264\023\251\372`\001\r\225\217P\243\370m\037op\306\025\027\013\002\257\266J\025/\3729\220\014>4\264\253\207\255\233\\356\277\340\345\017\323\341\201\004TK\004\373\204\253\204\240\3155\357\026\353/\351\252\253/\351\252\264\n\000""; }; nodes {;   nodedata: ""\341\035\262xv\226\317f5\366\365\252a\177\355\302\326\t\222~j\320f\374/ \363\256\257\361 \303\001\301\025%1L\307\t\261\262z\374\222T\301\274V\236\223\262\270Ct\362\337b\356\024*\324\320\351\317\002,\377\251Q\263\245*\373\267\332I\261\001\251N\313Su!\333\331\260|\312%\271\263\267\320\313\036\303\004\330\210a4\256y^267\344\320H\t\331\316{n\002q\260\017U_\270\321B\024U\313\2054\006E\344\037@\210\363\010\336T\226\247'\204_{\261\370""1\235\2445\343\033Y!\212\201\341\272\225'\007Z\314\023h\n\020~\036\324P\254\001\274\227n\020\273\023\010\nq\216Z\344\004\3612B\205\257\335\036\013\003""; }; nodes {;   nodedata: ""\233\330\223\352\3012\234}\322\031(\362*;JR3m]\203<\234\204jiO\033\304\322\017\232\202\n\003""; }; requestCookie: 4; ","ledgerHash: ""\326+\03569g\235`}\354\203s\003\217_Vf \233\324\237yU<\242:Zr\321\340\201]""; ledgerSeq: 7; type: liBASE; nodes {;   nodedata: ""\000\000\000\007\001cEx]\211\377\330\360\215\2502\265\245\310\226\243c\302Ze\306\253#r\020\211\320iG\276\020E\317\035Sf\223F\254\020N |\264\023\251\372`\001\r\225\217P\243\370m\037op\306\025\027\013\002\257\266J\025/\3729\220\014>4\264\253\207\255\233\\356\277\340\345\017\323\341\201\004TK\004\373\204\253\204\240\3155\357\026\353/\351\252\253/\351\252\264\n\000""; }; nodes {;   nodedata: ""\341\035\262xv\226\317f5\366\365\252a\177\355\302\326\t\222~j\320f\374/ \363\256\257\361 \303\001\301\025%1L\307\t\261\262z\374\222T\301\274V\236\223\262\270Ct\362\337b\356\024*\324\320\351\317\002,\377\251Q\263\245*\373\267\332I\261\001\251N\313Su!\333\331\260|\312%\271\263\267\320\313\036\303\004\330\210a4\256y^267\344\320H\t\331\316{n\002q\260\017U_\270\321B\024U\313\2054\006E\344\037@\210\363\010\336T\226\247'\204_{\261\370""1\235\2445\343\033Y!\212\201\341\272\225'\007Z\314\023h\n\020~\036\324P\254\001\274\227n\020\273\023\010\nq\216Z\344\004\3612B\205\257\335\036\013\003""; }; nodes {;   nodedata: ""\233\330\223\352\3012\234}\322\031(\362*;JR3m]\203<\234\204jiO\033\304\322\017\232\202\n\003""; }; requestCookie: 4; "
1750527545096,1750527545096,2794,1,3,2,TMGetLedger,"itype: liTS_CANDIDATE; ledgerHash: ""\356\316\306(\314\366\340SA\320e\361\337A\350+\342\334{eBV\360\354\225)\263\237~v\236}""; nodeIDs: ""\000\000\000\000\000\000\000\000\000\000\000\000\000\000\000\000\000\000\000\000\000\000\000\000\000\000\000\000\000\000\000\000\000""; requestCookie: 2; queryType: qtINDIRECT; queryDepth: 3; ","itype: liTS_CANDIDATE; ledgerHash: ""\356\316\306(\314\366\340SA\320e\361\337A\350+\342\334{eBV\360\354\225)\263\237~v\236}""; nodeIDs: ""\000\000\000\000\000\000\000\000\000\000\000\000\000\000\000\000\000\000\000\000\000\000\000\000\000\000\000\000\000\000\000\000\000""; requestCookie: 2; queryType: qtINDIRECT; queryDepth: 3; "
1750527545100,1750527545100,1150,1,3,4,TMLedgerData,"ledgerHash: ""\341\310\354\0213\033\013\350\207z\236R(|z&\034\335\266\323\356\205\273DV\210\254\213T\rZ\347""; ledgerSeq: 0; type: liTS_CANDIDATE; nodes {;   nodedata: ""\256\322m\2146\221\305\341\316\031h?\276\005\207\253\236\tL;\371W\315\233X\345O\203\332\240\005\360\n\003"";   nodeid: ""\000\000\000\000\000\000\000\000\000\000\000\000\000\000\000\000\000\000\000\000\000\000\000\000\000\000\000\000\000\000\000\000\000""; }; ","ledgerHash: ""\341\310\354\0213\033\013\350\207z\236R(|z&\034\335\266\323\356\205\273DV\210\254\213T\rZ\347""; ledgerSeq: 0; type: liTS_CANDIDATE; nodes {;   nodedata: ""\256\322m\2146\221\305\341\316\031h?\276\005\207\253\236\tL;\371W\315\233X\345O\203\332\240\005\360\n\003"";   nodeid: ""\000\000\000\000\000\000\000\000\000\000\000\000\000\000\000\000\000\000\000\000\000\000\000\000\000\000\000\000\000\000\000\000\000""; }; "
1750527545100,1750527545100,1665,1,2,3,TMLedgerData,"ledgerHash: ""3\321\n7\354)\tf\006\357\205B<h\272GQ \344\262\236\025#\003\024&\310\034\352\376\326""; ledgerSeq: 0; type: liTS_CANDIDATE; nodes {;   nodedata: ""'\240~~s\033\202\356\320\307\177Nt\203\315\245\305\276b\265\310\271\3319\245:\342=c\267\265\233\002\003"";   nodeid: ""\000\000\000\000\000\000\000\000\000\000\000\000\000\000\000\000\000\000\000\000\000\000\000\000\000\000\000\000\000\000\000\000\000""; }; ","ledgerHash: ""3\321\n7\354)\tf\006\357\205B<h\272GQ \344\262\236\025#\003\024&\310\034\352\376\326""; ledgerSeq: 0; type: liTS_CANDIDATE; nodes {;   nodedata: ""'\240~~s\033\202\356\320\307\177Nt\203\315\245\305\276b\265\310\271\3319\245:\342=c\267\265\233\002\003"";   nodeid: ""\000\000\000\000\000\000\000\000\000\000\000\000\000\000\000\000\000\000\000\000\000\000\000\000\000\000\000\000\000\000\000\000\000""; }; "
1750527545125,1750527545125,3578,1,1,3,TMLedgerData,"ledgerHash: ""\341\310\354\0213\033\013\350\207z\236R(|z&\034\335\266\323\356\205\273DV\210\254\213T\rZ\347""; ledgerSeq: 0; type: liTS_CANDIDATE; nodes {;   nodedata: ""\256\322m\2146\221\305\341\316\031h?\276\005\207\253\236\tL;\371W\315\233X\345O\203\332\240\005\360\n\003"";   nodeid: ""\000\000\000\000\000\000\000\000\000\000\000\000\000\000\000\000\000\000\000\000\000\000\000\000\000\000\000\000\000\000\000\000\000""; }; requestCookie: 4; ","ledgerHash: ""\341\310\354\0213\033\013\350\207z\236R(|z&\034\335\266\323\356\205\273DV\210\254\213T\rZ\347""; ledgerSeq: 0; type: liTS_CANDIDATE; nodes {;   nodedata: ""\256\322m\2146\221\305\341\316\031h?\276\005\207\253\236\tL;\371W\315\233X\345O\203\332\240\005\360\n\003"";   nodeid: ""\000\000\000\000\000\000\000\000\000\000\000\000\000\000\000\000\000\000\000\000\000\000\000\000\000\000\000\000\000\000\000\000\000""; }; requestCookie: 4; "
1750527545125,1750527545125,1782,1,1,4,TMLedgerData,"ledgerHash: ""3\321\n7\354)\tf\006\357\205B<h\272GQ \344\262\236\025#\003\024&\310\034\352\376\326""; ledgerSeq: 0; type: liTS_CANDIDATE; nodes {;   nodedata: ""'\240~~s\033\202\356\320\307\177Nt\203\315\245\305\276b\265\310\271\3319\245:\342=c\267\265\233\002\003"";   nodeid: ""\000\000\000\000\000\000\000\000\000\000\000\000\000\000\000\000\000\000\000\000\000\000\000\000\000\000\000\000\000\000\000\000\000""; }; ","ledgerHash: ""3\321\n7\354)\tf\006\357\205B<h\272GQ \344\262\236\025#\003\024&\310\034\352\376\326""; ledgerSeq: 0; type: liTS_CANDIDATE; nodes {;   nodedata: ""'\240~~s\033\202\356\320\307\177Nt\203\315\245\305\276b\265\310\271\3319\245:\342=c\267\265\233\002\003"";   nodeid: ""\000\000\000\000\000\000\000\000\000\000\000\000\000\000\000\000\000\000\000\000\000\000\000\000\000\000\000\000\000\000\000\000\000""; }; "
1750527545143,1750527545143,2079,1,3,1,TMGetLedger,"itype: liBASE; ledgerHash: ""\326+\03569g\235`}\354\203s\003\217_Vf \233\324\237yU<\242:Zr\321\340\201]""; requestCookie: 2; queryType: qtINDIRECT; ","itype: liBASE; ledgerHash: ""\326+\03569g\235`}\354\203s\003\217_Vf \233\324\237yU<\242:Zr\321\340\201]""; requestCookie: 2; queryType: qtINDIRECT; "
1750527545143,1750527545143,1544,1,2,1,TMGetLedger,"itype: liBASE; ledgerHash: ""\326+\03569g\235`}\354\203s\003\217_Vf \233\324\237yU<\242:Zr\321\340\201]""; ledgerSeq: 7; requestCookie: 5; queryType: qtINDIRECT; ","itype: liBASE; ledgerHash: ""\326+\03569g\235`}\354\203s\003\217_Vf \233\324\237yU<\242:Zr\321\340\201]""; ledgerSeq: 7; requestCookie: 5; queryType: qtINDIRECT; "
1750527545144,1750527545144,3818,1,0,2,TMLedgerData,"ledgerHash: ""\341\310\354\0213\033\013\350\207z\236R(|z&\034\335\266\323\356\205\273DV\210\254\213T\rZ\347""; ledgerSeq: 0; type: liTS_CANDIDATE; nodes {;   nodedata: ""\256\322m\2146\221\305\341\316\031h?\276\005\207\253\236\tL;\371W\315\233X\345O\203\332\240\005\360\n\003"";   nodeid: ""\000\000\000\000\000\000\000\000\000\000\000\000\000\000\000\000\000\000\000\000\000\000\000\000\000\000\000\000\000\000\000\000\000""; }; ","ledgerHash: ""\341\310\354\0213\033\013\350\207z\236R(|z&\034\335\266\323\356\205\273DV\210\254\213T\rZ\347""; ledgerSeq: 0; type: liTS_CANDIDATE; nodes {;   nodedata: ""\256\322m\2146\221\305\341\316\031h?\276\005\207\253\236\tL;\371W\315\233X\345O\203\332\240\005\360\n\003"";   nodeid: ""\000\000\000\000\000\000\000\000\000\000\000\000\000\000\000\000\000\000\000\000\000\000\000\000\000\000\000\000\000\000\000\000\000""; }; "
1750527545145,1750527545145,1497,1,0,3,TMLedgerData,"ledgerHash: ""\341\310\354\0213\033\013\350\207z\236R(|z&\034\335\266\323\356\205\273DV\210\254\213T\rZ\347""; ledgerSeq: 0; type: liTS_CANDIDATE; nodes {;   nodedata: ""\256\322m\2146\221\305\341\316\031h?\276\005\207\253\236\tL;\371W\315\233X\345O\203\332\240\005\360\n\003"";   nodeid: ""\000\000\000\000\000\000\000\000\000\000\000\000\000\000\000\000\000\000\000\000\000\000\000\000\000\000\000\000\000\000\000\000\000""; }; ","ledgerHash: ""\341\310\354\0213\033\013\350\207z\236R(|z&\034\335\266\323\356\205\273DV\210\254\213T\rZ\347""; ledgerSeq: 0; type: liTS_CANDIDATE; nodes {;   nodedata: ""\256\322m\2146\221\305\341\316\031h?\276\005\207\253\236\tL;\371W\315\233X\345O\203\332\240\005\360\n\003"";   nodeid: ""\000\000\000\000\000\000\000\000\000\000\000\000\000\000\000\000\000\000\000\000\000\000\000\000\000\000\000\000\000\000\000\000\000""; }; "
1750527545169,1750527545169,1665,1,2,3,TMLedgerData,"ledgerHash: ""\276\230H\305\2714\032l\253n6W\035\354\257.f\r\217\302\203\224\212L\020\S\370\243OP*""; ledgerSeq: 7; type: liBASE; nodes {;   nodedata: ""\000\000\000\007\001cEx]\211\377\342\360\215\2502\265\245\310\226\243c\302Ze\306\253#r\020\211\320iG\276\020E\317\035Sf\223F\254\000\000\000\000\000\000\000\000\000\000\000\000\000\000\000\000\000\000\000\000\000\000\000\000\000\000\000\000\000\000\000\000\302r\207\007\303\237KvzB\356\335\030k\303\312\246:\352\202\037\210\2545\307\004\232\232\026\223SW/\351\252\253/\351\252\264\n\000""; }; nodes {;   nodedata: ""\341\035\262xv\226\317f5\366\365\252a\177\355\302\326\t\222~j\320f\374/ \363\256\257\361 \303\001\301\025%1L\307\t\261\262z\374\222T\301\274V\236\223\262\270Ct\362\337b\356\024*\324\320\351\317\002k\336\234\027v\351\217\260\303\360\233ZPZWr\246$w\313\313\r\243r\232\2234\373\3539:N\004;tP\302\307\005x\n\302lQ\275\237<g\321\233$\274p\355\310J\230\370\306\264\314\367C\275\272\006E\344\037@\210\363\010\336T\226\247'\204_{\261\370""1\235\2445\343\033Y!\212\201\341\272\225'\007Z\314\023h\n\020~\036\324P\254\001\274\227n\020\273\023\010\nq\216Z\344\004\3612B\205\257\335\036\013\003""; }; requestCookie: 5; ","ledgerHash: ""\276\230H\305\2714\032l\253n6W\035\354\257.f\r\217\302\203\224\212L\020\S\370\243OP*""; ledgerSeq: 7; type: liBASE; nodes {;   nodedata: ""\000\000\000\007\001cEx]\211\377\342\360\215\2502\265\245\310\226\243c\302Ze\306\253#r\020\211\320iG\276\020E\317\035Sf\223F\254\000\000\000\000\000\000\000\000\000\000\000\000\000\000\000\000\000\000\000\000\000\000\000\000\000\000\000\000\000\000\000\000\302r\207\007\303\237KvzB\356\335\030k\303\312\246:\352\202\037\210\2545\307\004\232\232\026\223SW/\351\252\253/\351\252\264\n\000""; }; nodes {;   nodedata: ""\341\035\262xv\226\317f5\366\365\252a\177\355\302\326\t\222~j\320f\374/ \363\256\257\361 \303\001\301\025%1L\307\t\261\262z\374\222T\301\274V\236\223\262\270Ct\362\337b\356\024*\324\320\351\317\002k\336\234\027v\351\217\260\303\360\233ZPZWr\246$w\313\313\r\243r\232\2234\373\3539:N\004;tP\302\307\005x\n\302lQ\275\237<g\321\233$\274p\355\310J\230\370\306\264\314\367C\275\272\006E\344\037@\210\363\010\336T\226\247'\204_{\261\370""1\235\2445\343\033Y!\212\201\341\272\225'\007Z\314\023h\n\020~\036\324P\254\001\274\227n\020\273\023\010\nq\216Z\344\004\3612B\205\257\335\036\013\003""; }; requestCookie: 5; "
1750527545170,1750527545170,3769,1,1,3,TMGetLedger,"itype: liBASE; ledgerHash: ""\033@\177e\277\016\010u\327\371&\262\312\317Q\2361t\377x\234\001v\003%\030\325_\225g\204\346""; requestCookie: 2; queryType: qtINDIRECT; ","itype: liBASE; ledgerHash: ""\033@\177e\277\016\010u\327\371&\262\312\317Q\2361t\377x\234\001v\003%\030\325_\225g\204\346""; requestCookie: 2; queryType: qtINDIRECT; "
1750527545186,1750527545186,860,1,1,0,TMLedgerData,"ledgerHash: ""\326+\03569g\235`}\354\203s\003\217_Vf \233\324\237yU<\242:Zr\321\340\201]""; ledgerSeq: 7; type: liBASE; nodes {;   nodedata: ""\000\000\000\007\001cEx]\211\377\330\360\215\2502\265\245\310\226\243c\302Ze\306\253#r\020\211\320iG\276\020E\317\035Sf\223F\254\020N |\264\023\251\372`\001\r\225\217P\243\370m\037op\306\025\027\013\002\257\266J\025/\3729\220\014>4\264\253\207\255\233\\356\277\340\345\017\323\341\201\004TK\004\373\204\253\204\240\3155\357\026\353/\351\252\253/\351\252\264\n\000""; }; nodes {;   nodedata: ""\341\035\262xv\226\317f5\366\365\252a\177\355\302\326\t\222~j\320f\374/ \363\256\257\361 \303\001\301\025%1L\307\t\261\262z\374\222T\301\274V\236\223\262\270Ct\362\337b\356\024*\324\320\351\317\002,\377\251Q\263\245*\373\267\332I\261\001\251N\313Su!\333\331\260|\312%\271\263\267\320\313\036\303\004\330\210a4\256y^267\344\320H\t\331\316{n\002q\260\017U_\270\321B\024U\313\2054\006E\344\037@\210\363\010\336T\226\247'\204_{\261\370""1\235\2445\343\033Y!\212\201\341\272\225'\007Z\314\023h\n\020~\036\324P\254\001\274\227n\020\273\023\010\nq\216Z\344\004\3612B\205\257\335\036\013\003""; }; nodes {;   nodedata: ""\233\330\223\352\3012\234}\322\031(\362*;JR3m]\203<\234\204jiO\033\304\322\017\232\202\n\003""; }; requestCookie: 5; ","ledgerHash: ""\326+\03569g\235`}\354\203s\003\217_Vf \233\324\237yU<\242:Zr\321\340\201]""; ledgerSeq: 7; type: liBASE; nodes {;   nodedata: ""\000\000\000\007\001cEx]\211\377\330\360\215\2502\265\245\310\226\243c\302Ze\306\253#r\020\211\320iG\276\020E\317\035Sf\223F\254\020N |\264\023\251\372`\001\r\225\217P\243\370m\037op\306\025\027\013\002\257\266J\025/\3729\220\014>4\264\253\207\255\233\\356\277\340\345\017\323\341\201\004TK\004\373\204\253\204\240\3155\357\026\353/\351\252\253/\351\252\264\n\000""; }; nodes {;   nodedata: ""\341\035\262xv\226\317f5\366\365\252a\177\355\302\326\t\222~j\320f\374/ \363\256\257\361 \303\001\301\025%1L\307\t\261\262z\374\222T\301\274V\236\223\262\270Ct\362\337b\356\024*\324\320\351\317\002,\377\251Q\263\245*\373\267\332I\261\001\251N\313Su!\333\331\260|\312%\271\263\267\320\313\036\303\004\330\210a4\256y^267\344\320H\t\331\316{n\002q\260\017U_\270\321B\024U\313\2054\006E\344\037@\210\363\010\336T\226\247'\204_{\261\370""1\235\2445\343\033Y!\212\201\341\272\225'\007Z\314\023h\n\020~\036\324P\254\001\274\227n\020\273\023\010\nq\216Z\344\004\3612B\205\257\335\036\013\003""; }; nodes {;   nodedata: ""\233\330\223\352\3012\234}\322\031(\362*;JR3m]\203<\234\204jiO\033\304\322\017\232\202\n\003""; }; requestCookie: 5; "
1750527545194,1750527545194,1212,1,2,4,TMLedgerData,"ledgerHash: ""\356\316\306(\314\366\340SA\320e\361\337A\350+\342\334{eBV\360\354\225)\263\237~v\236}""; ledgerSeq: 0; type: liTS_CANDIDATE; nodes {;   nodedata: ""\216b\024\334gS\347X\272b\322\267\303L\230\361n\036 \270-E\361}\351O\347\233\337\314!\215\010\003"";   nodeid: ""\000\000\000\000\000\000\000\000\000\000\000\000\000\000\000\000\000\000\000\000\000\000\000\000\000\000\000\000\000\000\000\000\000""; }; requestCookie: 1; ","ledgerHash: ""\356\316\306(\314\366\340SA\320e\361\337A\350+\342\334{eBV\360\354\225)\263\237~v\236}""; ledgerSeq: 0; type: liTS_CANDIDATE; nodes {;   nodedata: ""\216b\024\334gS\347X\272b\322\267\303L\230\361n\036 \270-E\361}\351O\347\233\337\314!\215\010\003"";   nodeid: ""\000\000\000\000\000\000\000\000\000\000\000\000\000\000\000\000\000\000\000\000\000\000\000\000\000\000\000\000\000\000\000\000\000""; }; requestCookie: 1; "
1750527545257,1750527545257,1144,1,4,1,TMLedgerData,"ledgerHash: ""\276\230H\305\2714\032l\253n6W\035\354\257.f\r\217\302\203\224\212L\020\S\370\243OP*""; ledgerSeq: 7; type: liBASE; nodes {;   nodedata: ""\000\000\000\007\001cEx]\211\377\342\360\215\2502\265\245\310\226\243c\302Ze\306\253#r\020\211\320iG\276\020E\317\035Sf\223F\254\000\000\000\000\000\000\000\000\000\000\000\000\000\000\000\000\000\000\000\000\000\000\000\000\000\000\000\000\000\000\000\000\302r\207\007\303\237KvzB\356\335\030k\303\312\246:\352\202\037\210\2545\307\004\232\232\026\223SW/\351\252\253/\351\252\264\n\000""; }; nodes {;   nodedata: ""\341\035\262xv\226\317f5\366\365\252a\177\355\302\326\t\222~j\320f\374/ \363\256\257\361 \303\001\301\025%1L\307\t\261\262z\374\222T\301\274V\236\223\262\270Ct\362\337b\356\024*\324\320\351\317\002k\336\234\027v\351\217\260\303\360\233ZPZWr\246$w\313\313\r\243r\232\2234\373\3539:N\004;tP\302\307\005x\n\302lQ\275\237<g\321\233$\274p\355\310J\230\370\306\264\314\367C\275\272\006E\344\037@\210\363\010\336T\226\247'\204_{\261\370""1\235\2445\343\033Y!\212\201\341\272\225'\007Z\314\023h\n\020~\036\324P\254\001\274\227n\020\273\023\010\nq\216Z\344\004\3612B\205\257\335\036\013\003""; }; ","ledgerHash: ""\276\230H\305\2714\032l\253n6W\035\354\257.f\r\217\302\203\224\212L\020\S\370\243OP*""; ledgerSeq: 7; type: liBASE; nodes {;   nodedata: ""\000\000\000\007\001cEx]\211\377\342\360\215\2502\265\245\310\226\243c\302Ze\306\253#r\020\211\320iG\276\020E\317\035Sf\223F\254\000\000\000\000\000\000\000\000\000\000\000\000\000\000\000\000\000\000\000\000\000\000\000\000\000\000\000\000\000\000\000\000\302r\207\007\303\237KvzB\356\335\030k\303\312\246:\352\202\037\210\2545\307\004\232\232\026\223SW/\351\252\253/\351\252\264\n\000""; }; nodes {;   nodedata: ""\341\035\262xv\226\317f5\366\365\252a\177\355\302\326\t\222~j\320f\374/ \363\256\257\361 \303\001\301\025%1L\307\t\261\262z\374\222T\301\274V\236\223\262\270Ct\362\337b\356\024*\324\320\351\317\002k\336\234\027v\351\217\260\303\360\233ZPZWr\246$w\313\313\r\243r\232\2234\373\3539:N\004;tP\302\307\005x\n\302lQ\275\237<g\321\233$\274p\355\310J\230\370\306\264\314\367C\275\272\006E\344\037@\210\363\010\336T\226\247'\204_{\261\370""1\235\2445\343\033Y!\212\201\341\272\225'\007Z\314\023h\n\020~\036\324P\254\001\274\227n\020\273\023\010\nq\216Z\344\004\3612B\205\257\335\036\013\003""; }; "
1750527545272,1750527545272,1665,1,2,3,TMLedgerData,"ledgerHash: ""\326+\03569g\235`}\354\203s\003\217_Vf \233\324\237yU<\242:Zr\321\340\201]""; ledgerSeq: 7; type: liBASE; nodes {;   nodedata: ""\000\000\000\007\001cEx]\211\377\330\360\215\2502\265\245\310\226\243c\302Ze\306\253#r\020\211\320iG\276\020E\317\035Sf\223F\254\020N |\264\023\251\372`\001\r\225\217P\243\370m\037op\306\025\027\013\002\257\266J\025/\3729\220\014>4\264\253\207\255\233\\356\277\340\345\017\323\341\201\004TK\004\373\204\253\204\240\3155\357\026\353/\351\252\253/\351\252\264\n\000""; }; nodes {;   nodedata: ""\341\035\262xv\226\317f5\366\365\252a\177\355\302\326\t\222~j\320f\374/ \363\256\257\361 \303\001\301\025%1L\307\t\261\262z\374\222T\301\274V\236\223\262\270Ct\362\337b\356\024*\324\320\351\317\002,\377\251Q\263\245*\373\267\332I\261\001\251N\313Su!\333\331\260|\312%\271\263\267\320\313\036\303\004\330\210a4\256y^267\344\320H\t\331\316{n\002q\260\017U_\270\321B\024U\313\2054\006E\344\037@\210\363\010\336T\226\247'\204_{\261\370""1\235\2445\343\033Y!\212\201\341\272\225'\007Z\314\023h\n\020~\036\324P\254\001\274\227n\020\273\023\010\nq\216Z\344\004\3612B\205\257\335\036\013\003""; }; nodes {;   nodedata: ""\233\330\223\352\3012\234}\322\031(\362*;JR3m]\203<\234\204jiO\033\304\322\017\232\202\n\003""; }; ","ledgerHash: ""\326+\03569g\235`}\354\203s\003\217_Vf \233\324\237yU<\242:Zr\321\340\201]""; ledgerSeq: 7; type: liBASE; nodes {;   nodedata: ""\000\000\000\007\001cEx]\211\377\330\360\215\2502\265\245\310\226\243c\302Ze\306\253#r\020\211\320iG\276\020E\317\035Sf\223F\254\020N |\264\023\251\372`\001\r\225\217P\243\370m\037op\306\025\027\013\002\257\266J\025/\3729\220\014>4\264\253\207\255\233\\356\277\340\345\017\323\341\201\004TK\004\373\204\253\204\240\3155\357\026\353/\351\252\253/\351\252\264\n\000""; }; nodes {;   nodedata: ""\341\035\262xv\226\317f5\366\365\252a\177\355\302\326\t\222~j\320f\374/ \363\256\257\361 \303\001\301\025%1L\307\t\261\262z\374\222T\301\274V\236\223\262\270Ct\362\337b\356\024*\324\320\351\317\002,\377\251Q\263\245*\373\267\332I\261\001\251N\313Su!\333\331\260|\312%\271\263\267\320\313\036\303\004\330\210a4\256y^267\344\320H\t\331\316{n\002q\260\017U_\270\321B\024U\313\2054\006E\344\037@\210\363\010\336T\226\247'\204_{\261\370""1\235\2445\343\033Y!\212\201\341\272\225'\007Z\314\023h\n\020~\036\324P\254\001\274\227n\020\273\023\010\nq\216Z\344\004\3612B\205\257\335\036\013\003""; }; nodes {;   nodedata: ""\233\330\223\352\3012\234}\322\031(\362*;JR3m]\203<\234\204jiO\033\304\322\017\232\202\n\003""; }; "
1750527545285,1750527545285,1539,1,4,2,TMLedgerData,"ledgerHash: ""\363\262\310\025\251\261\276X\247\260J\221\345\357\037\231)|\321K\000\\326E\004\377\005\255""A?\250""; ledgerSeq: 0; type: liTS_CANDIDATE; nodes {;   nodedata: ""MJ\275'\324\005\036\313\204nW\300\362\327\016\205\236\021\351Q6\021\355\301\372\322\276g\026\243\361M\004\003"";   nodeid: ""\000\000\000\000\000\000\000\000\000\000\000\000\000\000\000\000\000\000\000\000\000\000\000\000\000\000\000\000\000\000\000\000\000""; }; requestCookie: 2; ","ledgerHash: ""\363\262\310\025\251\261\276X\247\260J\221\345\357\037\231)|\321K\000\\326E\004\377\005\255""A?\250""; ledgerSeq: 0; type: liTS_CANDIDATE; nodes {;   nodedata: ""MJ\275'\324\005\036\313\204nW\300\362\327\016\205\236\021\351Q6\021\355\301\372\322\276g\026\243\361M\004\003"";   nodeid: ""\000\000\000\000\000\000\000\000\000\000\000\000\000\000\000\000\000\000\000\000\000\000\000\000\000\000\000\000\000\000\000\000\000""; }; requestCookie: 2; "
1750527545300,1750527545300,1144,1,4,1,TMLedgerData,"ledgerHash: ""\363\262\310\025\251\261\276X\247\260J\221\345\357\037\231)|\321K\000\\326E\004\377\005\255""A?\250""; ledgerSeq: 0; type: liTS_CANDIDATE; nodes {;   nodedata: ""MJ\275'\324\005\036\313\204nW\300\362\327\016\205\236\021\351Q6\021\355\301\372\322\276g\026\243\361M\004\003"";   nodeid: ""\000\000\000\000\000\000\000\000\000\000\000\000\000\000\000\000\000\000\000\000\000\000\000\000\000\000\000\000\000\000\000\000\000""; }; requestCookie: 2; ","ledgerHash: ""\363\262\310\025\251\261\276X\247\260J\221\345\357\037\231)|\321K\000\\326E\004\377\005\255""A?\250""; ledgerSeq: 0; type: liTS_CANDIDATE; nodes {;   nodedata: ""MJ\275'\324\005\036\313\204nW\300\362\327\016\205\236\021\351Q6\021\355\301\372\322\276g\026\243\361M\004\003"";   nodeid: ""\000\000\000\000\000\000\000\000\000\000\000\000\000\000\000\000\000\000\000\000\000\000\000\000\000\000\000\000\000\000\000\000\000""; }; requestCookie: 2; "
1750527545302,1750527545302,1996,1,0,4,TMLedgerData,"ledgerHash: ""\341\310\354\0213\033\013\350\207z\236R(|z&\034\335\266\323\356\205\273DV\210\254\213T\rZ\347""; ledgerSeq: 0; type: liTS_CANDIDATE; nodes {;   nodedata: ""\256\322m\2146\221\305\341\316\031h?\276\005\207\253\236\tL;\371W\315\233X\345O\203\332\240\005\360\n\003"";   nodeid: ""\000\000\000\000\000\000\000\000\000\000\000\000\000\000\000\000\000\000\000\000\000\000\000\000\000\000\000\000\000\000\000\000\000""; }; ","ledgerHash: ""\341\310\354\0213\033\013\350\207z\236R(|z&\034\335\266\323\356\205\273DV\210\254\213T\rZ\347""; ledgerSeq: 0; type: liTS_CANDIDATE; nodes {;   nodedata: ""\256\322m\2146\221\305\341\316\031h?\276\005\207\253\236\tL;\371W\315\233X\345O\203\332\240\005\360\n\003"";   nodeid: ""\000\000\000\000\000\000\000\000\000\000\000\000\000\000\000\000\000\000\000\000\000\000\000\000\000\000\000\000\000\000\000\000\000""; }; "
1750527545314,1750527545315,2764,1,4,3,TMLedgerData,"ledgerHash: ""\341\310\354\0213\033\013\350\207z\236R(|z&\034\335\266\323\356\205\273DV\210\254\213T\rZ\347""; ledgerSeq: 0; type: liTS_CANDIDATE; nodes {;   nodedata: ""\256\322m\2146\221\305\341\316\031h?\276\005\207\253\236\tL;\371W\315\233X\345O\203\332\240\005\360\n\003"";   nodeid: ""\000\000\000\000\000\000\000\000\000\000\000\000\000\000\000\000\000\000\000\000\000\000\000\000\000\000\000\000\000\000\000\000\000""; }; requestCookie: 4; ","ledgerHash: ""\341\310\354\0213\033\013\350\207z\236R(|z&\034\335\266\323\356\205\273DV\210\254\213T\rZ\347""; ledgerSeq: 0; type: liTS_CANDIDATE; nodes {;   nodedata: ""\256\322m\2146\221\305\341\316\031h?\276\005\207\253\236\tL;\371W\315\233X\345O\203\332\240\005\360\n\003"";   nodeid: ""\000\000\000\000\000\000\000\000\000\000\000\000\000\000\000\000\000\000\000\000\000\000\000\000\000\000\000\000\000\000\000\000\000""; }; requestCookie: 4; "
1750527545331,1750527545331,2101,1,4,1,TMGetLedger,"itype: liBASE; ledgerHash: ""\326+\03569g\235`}\354\203s\003\217_Vf \233\324\237yU<\242:Zr\321\340\201]""; ledgerSeq: 7; requestCookie: 3; queryType: qtINDIRECT; ","itype: liBASE; ledgerHash: ""\326+\03569g\235`}\354\203s\003\217_Vf \233\324\237yU<\242:Zr\321\340\201]""; ledgerSeq: 7; requestCookie: 3; queryType: qtINDIRECT; "
1750527545347,1750527545347,1665,1,2,3,TMLedgerData,"ledgerHash: ""3\321\n7\354)\tf\006\357\205B<h\272GQ \344\262\236\025#\003\024&\310\034\352\376\326""; ledgerSeq: 0; type: liTS_CANDIDATE; nodes {;   nodedata: ""'\240~~s\033\202\356\320\307\177Nt\203\315\245\305\276b\265\310\271\3319\245:\342=c\267\265\233\002\003"";   nodeid: ""\000\000\000\000\000\000\000\000\000\000\000\000\000\000\000\000\000\000\000\000\000\000\000\000\000\000\000\000\000\000\000\000\000""; }; ","ledgerHash: ""3\321\n7\354)\tf\006\357\205B<h\272GQ \344\262\236\025#\003\024&\310\034\352\376\326""; ledgerSeq: 0; type: liTS_CANDIDATE; nodes {;   nodedata: ""'\240~~s\033\202\356\320\307\177Nt\203\315\245\305\276b\265\310\271\3319\245:\342=c\267\265\233\002\003"";   nodeid: ""\000\000\000\000\000\000\000\000\000\000\000\000\000\000\000\000\000\000\000\000\000\000\000\000\000\000\000\000\000\000\000\000\000""; }; "
1750527545347,1750527545347,2523,1,3,2,TMLedgerData,"ledgerHash: ""\033@\177e\277\016\010u\327\371&\262\312\317Q\2361t\377x\234\001v\003%\030\325_\225g\204\346""; ledgerSeq: 7; type: liBASE; nodes {;   nodedata: ""\000\000\000\007\001cEx]\211\377\330\360\215\2502\265\245\310\226\243c\302Ze\306\253#r\020\211\320iG\276\020E\317\035Sf\223F\254\002\370\316\212^2r\204\377\207q\251\315\325\027st\315\275D\367""\312l\350\374\304zy\305\007\340\030\220\357M\025\212p\\332\356\317\346Z\350r\255\236\025^\210\375\243\353\025X\213xq\220$\254,/\351\252\253/\351\252\264\n\000""; }; nodes {;   nodedata: ""\323C\344\327\264{\312-\017:\006{\177\344N\002\326bO\260\220\006\033\362\345\005U\221DzJ0\001\301\025%1L\307\t\261\262z\374\222T\301\274V\236\223\262\270Ct\362\337b\356\024*\324\320\351\317\002k\336\234\027v\351\217\260\303\360\233ZPZWr\246$w\313\313\r\243r\232\2234\373\3539:N\004Q\245\272D\312D\300\300\t\323\0257\345e\271\na\215{\226\255x%T\257\037\333\004\344_/R\006E\344\037@\210\363\010\336T\226\247'\204_{\261\370""1\235\2445\343\033Y!\212\201\341\272\225'\007Z\314\023h\n\020~\036\324P\254\001\274\227n\020\273\023\010\nq\216Z\344\004\3612B\205\257\335\036\013\003""; }; nodes {;   nodedata: ""o\324D\221#\020\205W\305\353\227hj\364\005l\234.@%-\272\034\327\352\rf\2573\006\026\236\004\003""; }; ","ledgerHash: ""\033@\177e\277\016\010u\327\371&\262\312\317Q\2361t\377x\234\001v\003%\030\325_\225g\204\346""; ledgerSeq: 7; type: liBASE; nodes {;   nodedata: ""\000\000\000\007\001cEx]\211\377\330\360\215\2502\265\245\310\226\243c\302Ze\306\253#r\020\211\320iG\276\020E\317\035Sf\223F\254\002\370\316\212^2r\204\377\207q\251\315\325\027st\315\275D\367""\312l\350\374\304zy\305\007\340\030\220\357M\025\212p\\332\356\317\346Z\350r\255\236\025^\210\375\243\353\025X\213xq\220$\254,/\351\252\253/\351\252\264\n\000""; }; nodes {;   nodedata: ""\323C\344\327\264{\312-\017:\006{\177\344N\002\326bO\260\220\006\033\362\345\005U\221DzJ0\001\301\025%1L\307\t\261\262z\374\222T\301\274V\236\223\262\270Ct\362\337b\356\024*\324\320\351\317\002k\336\234\027v\351\217\260\303\360\233ZPZWr\246$w\313\313\r\243r\232\2234\373\3539:N\004Q\245\272D\312D\300\300\t\323\0257\345e\271\na\215{\226\255x%T\257\037\333\004\344_/R\006E\344\037@\210\363\010\336T\226\247'\204_{\261\370""1\235\2445\343\033Y!\212\201\341\272\225'\007Z\314\023h\n\020~\036\324P\254\001\274\227n\020\273\023\010\nq\216Z\344\004\3612B\205\257\335\036\013\003""; }; nodes {;   nodedata: ""o\324D\221#\020\205W\305\353\227hj\364\005l\234.@%-\272\034\327\352\rf\2573\006\026\236\004\003""; }; "
1750527545352,1750527545352,1150,1,3,4,TMLedgerData,"ledgerHash: ""\341\310\354\0213\033\013\350\207z\236R(|z&\034\335\266\323\356\205\273DV\210\254\213T\rZ\347""; ledgerSeq: 0; type: liTS_CANDIDATE; nodes {;   nodedata: ""\256\322m\2146\221\305\341\316\031h?\276\005\207\253\236\tL;\371W\315\233X\345O\203\332\240\005\360\n\003"";   nodeid: ""\000\000\000\000\000\000\000\000\000\000\000\000\000\000\000\000\000\000\000\000\000\000\000\000\000\000\000\000\000\000\000\000\000""; }; ","ledgerHash: ""\341\310\354\0213\033\013\350\207z\236R(|z&\034\335\266\323\356\205\273DV\210\254\213T\rZ\347""; ledgerSeq: 0; type: liTS_CANDIDATE; nodes {;   nodedata: ""\256\322m\2146\221\305\341\316\031h?\276\005\207\253\236\tL;\371W\315\233X\345O\203\332\240\005\360\n\003"";   nodeid: ""\000\000\000\000\000\000\000\000\000\000\000\000\000\000\000\000\000\000\000\000\000\000\000\000\000\000\000\000\000\000\000\000\000""; }; "
1750527545374,1750527545374,1497,1,0,3,TMLedgerData,"ledgerHash: ""\341\310\354\0213\033\013\350\207z\236R(|z&\034\335\266\323\356\205\273DV\210\254\213T\rZ\347""; ledgerSeq: 0; type: liTS_CANDIDATE; nodes {;   nodedata: ""\256\322m\2146\221\305\341\316\031h?\276\005\207\253\236\tL;\371W\315\233X\345O\203\332\240\005\360\n\003"";   nodeid: ""\000\000\000\000\000\000\000\000\000\000\000\000\000\000\000\000\000\000\000\000\000\000\000\000\000\000\000\000\000\000\000\000\000""; }; ","ledgerHash: ""\341\310\354\0213\033\013\350\207z\236R(|z&\034\335\266\323\356\205\273DV\210\254\213T\rZ\347""; ledgerSeq: 0; type: liTS_CANDIDATE; nodes {;   nodedata: ""\256\322m\2146\221\305\341\316\031h?\276\005\207\253\236\tL;\371W\315\233X\345O\203\332\240\005\360\n\003"";   nodeid: ""\000\000\000\000\000\000\000\000\000\000\000\000\000\000\000\000\000\000\000\000\000\000\000\000\000\000\000\000\000\000\000\000\000""; }; "
1750527545374,1750527545374,3818,1,0,2,TMLedgerData,"ledgerHash: ""\341\310\354\0213\033\013\350\207z\236R(|z&\034\335\266\323\356\205\273DV\210\254\213T\rZ\347""; ledgerSeq: 0; type: liTS_CANDIDATE; nodes {;   nodedata: ""\256\322m\2146\221\305\341\316\031h?\276\005\207\253\236\tL;\371W\315\233X\345O\203\332\240\005\360\n\003"";   nodeid: ""\000\000\000\000\000\000\000\000\000\000\000\000\000\000\000\000\000\000\000\000\000\000\000\000\000\000\000\000\000\000\000\000\000""; }; ","ledgerHash: ""\341\310\354\0213\033\013\350\207z\236R(|z&\034\335\266\323\356\205\273DV\210\254\213T\rZ\347""; ledgerSeq: 0; type: liTS_CANDIDATE; nodes {;   nodedata: ""\256\322m\2146\221\305\341\316\031h?\276\005\207\253\236\tL;\371W\315\233X\345O\203\332\240\005\360\n\003"";   nodeid: ""\000\000\000\000\000\000\000\000\000\000\000\000\000\000\000\000\000\000\000\000\000\000\000\000\000\000\000\000\000\000\000\000\000""; }; "
1750527545375,1750527545375,1782,1,1,4,TMLedgerData,"ledgerHash: ""3\321\n7\354)\tf\006\357\205B<h\272GQ \344\262\236\025#\003\024&\310\034\352\376\326""; ledgerSeq: 0; type: liTS_CANDIDATE; nodes {;   nodedata: ""'\240~~s\033\202\356\320\307\177Nt\203\315\245\305\276b\265\310\271\3319\245:\342=c\267\265\233\002\003"";   nodeid: ""\000\000\000\000\000\000\000\000\000\000\000\000\000\000\000\000\000\000\000\000\000\000\000\000\000\000\000\000\000\000\000\000\000""; }; ","ledgerHash: ""3\321\n7\354)\tf\006\357\205B<h\272GQ \344\262\236\025#\003\024&\310\034\352\376\326""; ledgerSeq: 0; type: liTS_CANDIDATE; nodes {;   nodedata: ""'\240~~s\033\202\356\320\307\177Nt\203\315\245\305\276b\265\310\271\3319\245:\342=c\267\265\233\002\003"";   nodeid: ""\000\000\000\000\000\000\000\000\000\000\000\000\000\000\000\000\000\000\000\000\000\000\000\000\000\000\000\000\000\000\000\000\000""; }; "
1750527545424,1750527545424,860,1,1,0,TMLedgerData,"ledgerHash: ""\326+\03569g\235`}\354\203s\003\217_Vf \233\324\237yU<\242:Zr\321\340\201]""; ledgerSeq: 7; type: liBASE; nodes {;   nodedata: ""\000\000\000\007\001cEx]\211\377\330\360\215\2502\265\245\310\226\243c\302Ze\306\253#r\020\211\320iG\276\020E\317\035Sf\223F\254\020N |\264\023\251\372`\001\r\225\217P\243\370m\037op\306\025\027\013\002\257\266J\025/\3729\220\014>4\264\253\207\255\233\\356\277\340\345\017\323\341\201\004TK\004\373\204\253\204\240\3155\357\026\353/\351\252\253/\351\252\264\n\000""; }; nodes {;   nodedata: ""\341\035\262xv\226\317f5\366\365\252a\177\355\302\326\t\222~j\320f\374/ \363\256\257\361 \303\001\301\025%1L\307\t\261\262z\374\222T\301\274V\236\223\262\270Ct\362\337b\356\024*\324\320\351\317\002,\377\251Q\263\245*\373\267\332I\261\001\251N\313Su!\333\331\260|\312%\271\263\267\320\313\036\303\004\330\210a4\256y^267\344\320H\t\331\316{n\002q\260\017U_\270\321B\024U\313\2054\006E\344\037@\210\363\010\336T\226\247'\204_{\261\370""1\235\2445\343\033Y!\212\201\341\272\225'\007Z\314\023h\n\020~\036\324P\254\001\274\227n\020\273\023\010\nq\216Z\344\004\3612B\205\257\335\036\013\003""; }; nodes {;   nodedata: ""\233\330\223\352\3012\234}\322\031(\362*;JR3m]\203<\234\204jiO\033\304\322\017\232\202\n\003""; }; ","ledgerHash: ""\326+\03569g\235`}\354\203s\003\217_Vf \233\324\237yU<\242:Zr\321\340\201]""; ledgerSeq: 7; type: liBASE; nodes {;   nodedata: ""\000\000\000\007\001cEx]\211\377\330\360\215\2502\265\245\310\226\243c\302Ze\306\253#r\020\211\320iG\276\020E\317\035Sf\223F\254\020N |\264\023\251\372`\001\r\225\217P\243\370m\037op\306\025\027\013\002\257\266J\025/\3729\220\014>4\264\253\207\255\233\\356\277\340\345\017\323\341\201\004TK\004\373\204\253\204\240\3155\357\026\353/\351\252\253/\351\252\264\n\000""; }; nodes {;   nodedata: ""\341\035\262xv\226\317f5\366\365\252a\177\355\302\326\t\222~j\320f\374/ \363\256\257\361 \303\001\301\025%1L\307\t\261\262z\374\222T\301\274V\236\223\262\270Ct\362\337b\356\024*\324\320\351\317\002,\377\251Q\263\245*\373\267\332I\261\001\251N\313Su!\333\331\260|\312%\271\263\267\320\313\036\303\004\330\210a4\256y^267\344\320H\t\331\316{n\002q\260\017U_\270\321B\024U\313\2054\006E\344\037@\210\363\010\336T\226\247'\204_{\261\370""1\235\2445\343\033Y!\212\201\341\272\225'\007Z\314\023h\n\020~\036\324P\254\001\274\227n\020\273\023\010\nq\216Z\344\004\3612B\205\257\335\036\013\003""; }; nodes {;   nodedata: ""\233\330\223\352\3012\234}\322\031(\362*;JR3m]\203<\234\204jiO\033\304\322\017\232\202\n\003""; }; "
1750527545443,1750527545444,1212,1,2,4,TMLedgerData,"ledgerHash: ""\356\316\306(\314\366\340SA\320e\361\337A\350+\342\334{eBV\360\354\225)\263\237~v\236}""; ledgerSeq: 0; type: liTS_CANDIDATE; nodes {;   nodedata: ""\216b\024\334gS\347X\272b\322\267\303L\230\361n\036 \270-E\361}\351O\347\233\337\314!\215\010\003"";   nodeid: ""\000\000\000\000\000\000\000\000\000\000\000\000\000\000\000\000\000\000\000\000\000\000\000\000\000\000\000\000\000\000\000\000\000""; }; requestCookie: 1; ","ledgerHash: ""\356\316\306(\314\366\340SA\320e\361\337A\350+\342\334{eBV\360\354\225)\263\237~v\236}""; ledgerSeq: 0; type: liTS_CANDIDATE; nodes {;   nodedata: ""\216b\024\334gS\347X\272b\322\267\303L\230\361n\036 \270-E\361}\351O\347\233\337\314!\215\010\003"";   nodeid: ""\000\000\000\000\000\000\000\000\000\000\000\000\000\000\000\000\000\000\000\000\000\000\000\000\000\000\000\000\000\000\000\000\000""; }; requestCookie: 1; "
1750527545458,1750527545458,1813,1,3,1,TMLedgerData,"ledgerHash: ""\033@\177e\277\016\010u\327\371&\262\312\317Q\2361t\377x\234\001v\003%\030\325_\225g\204\346""; ledgerSeq: 7; type: liBASE; nodes {;   nodedata: ""\000\000\000\007\001cEx]\211\377\330\360\215\2502\265\245\310\226\243c\302Ze\306\253#r\020\211\320iG\276\020E\317\035Sf\223F\254\002\370\316\212^2r\204\377\207q\251\315\325\027st\315\275D\367""\312l\350\374\304zy\305\007\340\030\220\357M\025\212p\\332\356\317\346Z\350r\255\236\025^\210\375\243\353\025X\213xq\220$\254,/\351\252\253/\351\252\264\n\000""; }; nodes {;   nodedata: ""\323C\344\327\264{\312-\017:\006{\177\344N\002\326bO\260\220\006\033\362\345\005U\221DzJ0\001\301\025%1L\307\t\261\262z\374\222T\301\274V\236\223\262\270Ct\362\337b\356\024*\324\320\351\317\002k\336\234\027v\351\217\260\303\360\233ZPZWr\246$w\313\313\r\243r\232\2234\373\3539:N\004Q\245\272D\312D\300\300\t\323\0257\345e\271\na\215{\226\255x%T\257\037\333\004\344_/R\006E\344\037@\210\363\010\336T\226\247'\204_{\261\370""1\235\2445\343\033Y!\212\201\341\272\225'\007Z\314\023h\n\020~\036\324P\254\001\274\227n\020\273\023\010\nq\216Z\344\004\3612B\205\257\335\036\013\003""; }; nodes {;   nodedata: ""o\324D\221#\020\205W\305\353\227hj\364\005l\234.@%-\272\034\327\352\rf\2573\006\026\236\004\003""; }; ","ledgerHash: ""\033@\177e\277\016\010u\327\371&\262\312\317Q\2361t\377x\234\001v\003%\030\325_\225g\204\346""; ledgerSeq: 7; type: liBASE; nodes {;   nodedata: ""\000\000\000\007\001cEx]\211\377\330\360\215\2502\265\245\310\226\243c\302Ze\306\253#r\020\211\320iG\276\020E\317\035Sf\223F\254\002\370\316\212^2r\204\377\207q\251\315\325\027st\315\275D\367""\312l\350\374\304zy\305\007\340\030\220\357M\025\212p\\332\356\317\346Z\350r\255\236\025^\210\375\243\353\025X\213xq\220$\254,/\351\252\253/\351\252\264\n\000""; }; nodes {;   nodedata: ""\323C\344\327\264{\312-\017:\006{\177\344N\002\326bO\260\220\006\033\362\345\005U\221DzJ0\001\301\025%1L\307\t\261\262z\374\222T\301\274V\236\223\262\270Ct\362\337b\356\024*\324\320\351\317\002k\336\234\027v\351\217\260\303\360\233ZPZWr\246$w\313\313\r\243r\232\2234\373\3539:N\004Q\245\272D\312D\300\300\t\323\0257\345e\271\na\215{\226\255x%T\257\037\333\004\344_/R\006E\344\037@\210\363\010\336T\226\247'\204_{\261\370""1\235\2445\343\033Y!\212\201\341\272\225'\007Z\314\023h\n\020~\036\324P\254\001\274\227n\020\273\023\010\nq\216Z\344\004\3612B\205\257\335\036\013\003""; }; nodes {;   nodedata: ""o\324D\221#\020\205W\305\353\227hj\364\005l\234.@%-\272\034\327\352\rf\2573\006\026\236\004\003""; }; "
1750527545474,1750527545474,3578,1,1,3,TMLedgerData,"ledgerHash: ""\326+\03569g\235`}\354\203s\003\217_Vf \233\324\237yU<\242:Zr\321\340\201]""; ledgerSeq: 7; type: liBASE; nodes {;   nodedata: ""\000\000\000\007\001cEx]\211\377\330\360\215\2502\265\245\310\226\243c\302Ze\306\253#r\020\211\320iG\276\020E\317\035Sf\223F\254\020N |\264\023\251\372`\001\r\225\217P\243\370m\037op\306\025\027\013\002\257\266J\025/\3729\220\014>4\264\253\207\255\233\\356\277\340\345\017\323\341\201\004TK\004\373\204\253\204\240\3155\357\026\353/\351\252\253/\351\252\264\n\000""; }; nodes {;   nodedata: ""\341\035\262xv\226\317f5\366\365\252a\177\355\302\326\t\222~j\320f\374/ \363\256\257\361 \303\001\301\025%1L\307\t\261\262z\374\222T\301\274V\236\223\262\270Ct\362\337b\356\024*\324\320\351\317\002,\377\251Q\263\245*\373\267\332I\261\001\251N\313Su!\333\331\260|\312%\271\263\267\320\313\036\303\004\330\210a4\256y^267\344\320H\t\331\316{n\002q\260\017U_\270\321B\024U\313\2054\006E\344\037@\210\363\010\336T\226\247'\204_{\261\370""1\235\2445\343\033Y!\212\201\341\272\225'\007Z\314\023h\n\020~\036\324P\254\001\274\227n\020\273\023\010\nq\216Z\344\004\3612B\205\257\335\036\013\003""; }; nodes {;   nodedata: ""\233\330\223\352\3012\234}\322\031(\362*;JR3m]\203<\234\204jiO\033\304\322\017\232\202\n\003""; }; requestCookie: 5; ","ledgerHash: ""\326+\03569g\235`}\354\203s\003\217_Vf \233\324\237yU<\242:Zr\321\340\201]""; ledgerSeq: 7; type: liBASE; nodes {;   nodedata: ""\000\000\000\007\001cEx]\211\377\330\360\215\2502\265\245\310\226\243c\302Ze\306\253#r\020\211\320iG\276\020E\317\035Sf\223F\254\020N |\264\023\251\372`\001\r\225\217P\243\370m\037op\306\025\027\013\002\257\266J\025/\3729\220\014>4\264\253\207\255\233\\356\277\340\345\017\323\341\201\004TK\004\373\204\253\204\240\3155\357\026\353/\351\252\253/\351\252\264\n\000""; }; nodes {;   nodedata: ""\341\035\262xv\226\317f5\366\365\252a\177\355\302\326\t\222~j\320f\374/ \363\256\257\361 \303\001\301\025%1L\307\t\261\262z\374\222T\301\274V\236\223\262\270Ct\362\337b\356\024*\324\320\351\317\002,\377\251Q\263\245*\373\267\332I\261\001\251N\313Su!\333\331\260|\312%\271\263\267\320\313\036\303\004\330\210a4\256y^267\344\320H\t\331\316{n\002q\260\017U_\270\321B\024U\313\2054\006E\344\037@\210\363\010\336T\226\247'\204_{\261\370""1\235\2445\343\033Y!\212\201\341\272\225'\007Z\314\023h\n\020~\036\324P\254\001\274\227n\020\273\023\010\nq\216Z\344\004\3612B\205\257\335\036\013\003""; }; nodes {;   nodedata: ""\233\330\223\352\3012\234}\322\031(\362*;JR3m]\203<\234\204jiO\033\304\322\017\232\202\n\003""; }; requestCookie: 5; "
1750527545477,1750527545477,2523,1,3,2,TMLedgerData,"ledgerHash: ""3\321\n7\354)\tf\006\357\205B<h\272GQ \344\262\236\025#\003\024&\310\034\352\376\326""; ledgerSeq: 0; type: liTS_CANDIDATE; nodes {;   nodedata: ""'\240~~s\033\202\356\320\307\177Nt\203\315\245\305\276b\265\310\271\3319\245:\342=c\267\265\233\002\003"";   nodeid: ""\000\000\000\000\000\000\000\000\000\000\000\000\000\000\000\000\000\000\000\000\000\000\000\000\000\000\000\000\000\000\000\000\000""; }; requestCookie: 5; ","ledgerHash: ""3\321\n7\354)\tf\006\357\205B<h\272GQ \344\262\236\025#\003\024&\310\034\352\376\326""; ledgerSeq: 0; type: liTS_CANDIDATE; nodes {;   nodedata: ""'\240~~s\033\202\356\320\307\177Nt\203\315\245\305\276b\265\310\271\3319\245:\342=c\267\265\233\002\003"";   nodeid: ""\000\000\000\000\000\000\000\000\000\000\000\000\000\000\000\000\000\000\000\000\000\000\000\000\000\000\000\000\000\000\000\000\000""; }; requestCookie: 5; "
1750527545498,1750527545499,1144,1,4,1,TMLedgerData,"ledgerHash: ""\033@\177e\277\016\010u\327\371&\262\312\317Q\2361t\377x\234\001v\003%\030\325_\225g\204\346""; ledgerSeq: 7; type: liBASE; nodes {;   nodedata: ""\000\000\000\007\001cEx]\211\377\330\360\215\2502\265\245\310\226\243c\302Ze\306\253#r\020\211\320iG\276\020E\317\035Sf\223F\254\002\370\316\212^2r\204\377\207q\251\315\325\027st\315\275D\367""\312l\350\374\304zy\305\007\340\030\220\357M\025\212p\\332\356\317\346Z\350r\255\236\025^\210\375\243\353\025X\213xq\220$\254,/\351\252\253/\351\252\264\n\000""; }; nodes {;   nodedata: ""\323C\344\327\264{\312-\017:\006{\177\344N\002\326bO\260\220\006\033\362\345\005U\221DzJ0\001\301\025%1L\307\t\261\262z\374\222T\301\274V\236\223\262\270Ct\362\337b\356\024*\324\320\351\317\002k\336\234\027v\351\217\260\303\360\233ZPZWr\246$w\313\313\r\243r\232\2234\373\3539:N\004Q\245\272D\312D\300\300\t\323\0257\345e\271\na\215{\226\255x%T\257\037\333\004\344_/R\006E\344\037@\210\363\010\336T\226\247'\204_{\261\370""1\235\2445\343\033Y!\212\201\341\272\225'\007Z\314\023h\n\020~\036\324P\254\001\274\227n\020\273\023\010\nq\216Z\344\004\3612B\205\257\335\036\013\003""; }; nodes {;   nodedata: ""o\324D\221#\020\205W\305\353\227hj\364\005l\234.@%-\272\034\327\352\rf\2573\006\026\236\004\003""; }; ","ledgerHash: ""\033@\177e\277\016\010u\327\371&\262\312\317Q\2361t\377x\234\001v\003%\030\325_\225g\204\346""; ledgerSeq: 7; type: liBASE; nodes {;   nodedata: ""\000\000\000\007\001cEx]\211\377\330\360\215\2502\265\245\310\226\243c\302Ze\306\253#r\020\211\320iG\276\020E\317\035Sf\223F\254\002\370\316\212^2r\204\377\207q\251\315\325\027st\315\275D\367""\312l\350\374\304zy\305\007\340\030\220\357M\025\212p\\332\356\317\346Z\350r\255\236\025^\210\375\243\353\025X\213xq\220$\254,/\351\252\253/\351\252\264\n\000""; }; nodes {;   nodedata: ""\323C\344\327\264{\312-\017:\006{\177\344N\002\326bO\260\220\006\033\362\345\005U\221DzJ0\001\301\025%1L\307\t\261\262z\374\222T\301\274V\236\223\262\270Ct\362\337b\356\024*\324\320\351\317\002k\336\234\027v\351\217\260\303\360\233ZPZWr\246$w\313\313\r\243r\232\2234\373\3539:N\004Q\245\272D\312D\300\300\t\323\0257\345e\271\na\215{\226\255x%T\257\037\333\004\344_/R\006E\344\037@\210\363\010\336T\226\247'\204_{\261\370""1\235\2445\343\033Y!\212\201\341\272\225'\007Z\314\023h\n\020~\036\324P\254\001\274\227n\020\273\023\010\nq\216Z\344\004\3612B\205\257\335\036\013\003""; }; nodes {;   nodedata: ""o\324D\221#\020\205W\305\353\227hj\364\005l\234.@%-\272\034\327\352\rf\2573\006\026\236\004\003""; }; "
1750527545501,1750527545501,3268,1,0,2,TMProposeSet,"proposeSeq: 0; currentTxHash: ""3\321\n7\354)\tf\006\357\205B<h\272GQ \344\262\236\025#\003\024&\310\034\352\376\326""; nodePubKey: ""\002\225aM\037\203M\271C\224]$\245\215\334\264;{{\365%Z\2443U\201\242\320iUc\207\367""; closeTime: 803842745; signature: ""0E\002!\000\346\371\022E\337}\030\24056\202^\252N=\265\301p\247\3136\362F\337\314\327\203$\365\361\025P\002 \025\212\035\025\260\354m.\016[\006I\014)\370@\357\216+8\346;\323\272C\374T\373{\267)\311""; previousledger: ""\276\230H\305\2714\032l\253n6W\035\354\257.f\r\217\302\203\224\212L\020\S\370\243OP*""; ","proposeSeq: 0; currentTxHash: ""3\321\n7\354)\tf\006\357\205B<h\272GQ \344\262\236\025#\003\024&\310\034\352\376\326""; nodePubKey: ""\002\225aM\037\203M\271C\224]$\245\215\334\264;{{\365%Z\2443U\201\242\320iUc\207\367""; closeTime: 803842745; signature: ""0E\002!\000\346\371\022E\337}\030\24056\202^\252N=\265\301p\247\3136\362F\337\314\327\203$\365\361\025P\002 \025\212\035\025\260\354m.\016[\006I\014)\370@\357\216+8\346;\323\272C\374T\373{\267)\311""; previousledger: ""\276\230H\305\2714\032l\253n6W\035\354\257.f\r\217\302\203\224\212L\020\S\370\243OP*""; "
1750527545503,1750527545503,3504,1,0,4,TMProposeSet,"proposeSeq: 0; currentTxHash: ""3\321\n7\354)\tf\006\357\205B<h\272GQ \344\262\236\025#\003\024&\310\034\352\376\326""; nodePubKey: ""\002\225aM\037\203M\271C\224]$\245\215\334\264;{{\365%Z\2443U\201\242\320iUc\207\367""; closeTime: 803842745; signature: ""0E\002!\000\346\371\022E\337}\030\24056\202^\252N=\265\301p\247\3136\362F\337\314\327\203$\365\361\025P\002 \025\212\035\025\260\354m.\016[\006I\014)\370@\357\216+8\346;\323\272C\374T\373{\267)\311""; previousledger: ""\276\230H\305\2714\032l\253n6W\035\354\257.f\r\217\302\203\224\212L\020\S\370\243OP*""; ","proposeSeq: 0; currentTxHash: ""3\321\n7\354)\tf\006\357\205B<h\272GQ \344\262\236\025#\003\024&\310\034\352\376\326""; nodePubKey: ""\002\225aM\037\203M\271C\224]$\245\215\334\264;{{\365%Z\2443U\201\242\320iUc\207\367""; closeTime: 803842745; signature: ""0E\002!\000\346\371\022E\337}\030\24056\202^\252N=\265\301p\247\3136\362F\337\314\327\203$\365\361\025P\002 \025\212\035\025\260\354m.\016[\006I\014)\370@\357\216+8\346;\323\272C\374T\373{\267)\311""; previousledger: ""\276\230H\305\2714\032l\253n6W\035\354\257.f\r\217\302\203\224\212L\020\S\370\243OP*""; "
1750527545503,1750527545503,142,1,0,3,TMProposeSet,"proposeSeq: 0; currentTxHash: ""3\321\n7\354)\tf\006\357\205B<h\272GQ \344\262\236\025#\003\024&\310\034\352\376\326""; nodePubKey: ""\002\225aM\037\203M\271C\224]$\245\215\334\264;{{\365%Z\2443U\201\242\320iUc\207\367""; closeTime: 803842745; signature: ""0E\002!\000\346\371\022E\337}\030\24056\202^\252N=\265\301p\247\3136\362F\337\314\327\203$\365\361\025P\002 \025\212\035\025\260\354m.\016[\006I\014)\370@\357\216+8\346;\323\272C\374T\373{\267)\311""; previousledger: ""\276\230H\305\2714\032l\253n6W\035\354\257.f\r\217\302\203\224\212L\020\S\370\243OP*""; ","proposeSeq: 0; currentTxHash: ""3\321\n7\354)\tf\006\357\205B<h\272GQ \344\262\236\025#\003\024&\310\034\352\376\326""; nodePubKey: ""\002\225aM\037\203M\271C\224]$\245\215\334\264;{{\365%Z\2443U\201\242\320iUc\207\367""; closeTime: 803842745; signature: ""0E\002!\000\346\371\022E\337}\030\24056\202^\252N=\265\301p\247\3136\362F\337\314\327\203$\365\361\025P\002 \025\212\035\025\260\354m.\016[\006I\014)\370@\357\216+8\346;\323\272C\374T\373{\267)\311""; previousledger: ""\276\230H\305\2714\032l\253n6W\035\354\257.f\r\217\302\203\224\212L\020\S\370\243OP*""; "
1750527545503,1750527545504,3443,1,0,3,TMTransaction,"rawTransaction: ""\022\000\000""\000\000\000\000$\000\000\000\005 \033\000\000\000\032a@\000\000\023\027\224\264\000h@\000\000\000\000\000\000\ns!\003K\250\201V\354\353\020.\253\242\026x\202\312\234\3314!'\021-D\001\225\355\256\367\361\211\2710ltG0E\002!\000\253\023\261\326\003\016s\024\220\252]\273\017=\000\354\205\2459,\3274\206\277X\342\003{v\261\332\000\002 \0013\020[\226\303\253c\346X\2329\215\247\003\020\@f3T\305\332\301.\321\320\036 4\301\374\201\024\3177\2633\3425H\2210g]\027\350~`\267{\247\373\332\203\024\237\311\327\222\336\304\221\216Q\027\001uf'%5\022:P\210""; status: tsNEW; receiveTimestamp: 803842745; ","rawTransaction: ""\022\000\000""\000\000\000\000$\000\000\000\005 \033\000\000\000\032a@\000\000\023\027\224\264\000h@\000\000\000\000\000\000\ns!\003K\250\201V\354\353\020.\253\242\026x\202\312\234\3314!'\021-D\001\225\355\256\367\361\211\2710ltG0E\002!\000\253\023\261\326\003\016s\024\220\252]\273\017=\000\354\205\2459,\3274\206\277X\342\003{v\261\332\000\002 \0013\020[\226\303\253c\346X\2329\215\247\003\020\@f3T\305\332\301.\321\320\036 4\301\374\201\024\3177\2633\3425H\2210g]\027\350~`\267{\247\373\332\203\024\237\311\327\222\336\304\221\216Q\027\001uf'%5\022:P\210""; status: tsNEW; receiveTimestamp: 803842745; "
1750527545504,1750527545505,2180,1,0,4,TMTransaction,"rawTransaction: ""\022\000\000""\000\000\000\000$\000\000\000\005 \033\000\000\000\032a@\000\000\023\027\224\264\000h@\000\000\000\000\000\000\ns!\003K\250\201V\354\353\020.\253\242\026x\202\312\234\3314!'\021-D\001\225\355\256\367\361\211\2710ltG0E\002!\000\253\023\261\326\003\016s\024\220\252]\273\017=\000\354\205\2459,\3274\206\277X\342\003{v\261\332\000\002 \0013\020[\226\303\253c\346X\2329\215\247\003\020\@f3T\305\332\301.\321\320\036 4\301\374\201\024\3177\2633\3425H\2210g]\027\350~`\267{\247\373\332\203\024\237\311\327\222\336\304\221\216Q\027\001uf'%5\022:P\210""; status: tsNEW; receiveTimestamp: 803842745; ","rawTransaction: ""\022\000\000""\000\000\000\000$\000\000\000\005 \033\000\000\000\032a@\000\000\023\027\224\264\000h@\000\000\000\000\000\000\ns!\003K\250\201V\354\353\020.\253\242\026x\202\312\234\3314!'\021-D\001\225\355\256\367\361\211\2710ltG0E\002!\000\253\023\261\326\003\016s\024\220\252]\273\017=\000\354\205\2459,\3274\206\277X\342\003{v\261\332\000\002 \0013\020[\226\303\253c\346X\2329\215\247\003\020\@f3T\305\332\301.\321\320\036 4\301\374\201\024\3177\2633\3425H\2210g]\027\350~`\267{\247\373\332\203\024\237\311\327\222\336\304\221\216Q\027\001uf'%5\022:P\210""; status: tsNEW; receiveTimestamp: 803842745; "
1750527545504,1750527545505,541,1,0,2,TMTransaction,"rawTransaction: ""\022\000\000""\000\000\000\000$\000\000\000\005 \033\000\000\000\032a@\000\000\023\027\224\264\000h@\000\000\000\000\000\000\ns!\003K\250\201V\354\353\020.\253\242\026x\202\312\234\3314!'\021-D\001\225\355\256\367\361\211\2710ltG0E\002!\000\253\023\261\326\003\016s\024\220\252]\273\017=\000\354\205\2459,\3274\206\277X\342\003{v\261\332\000\002 \0013\020[\226\303\253c\346X\2329\215\247\003\020\@f3T\305\332\301.\321\320\036 4\301\374\201\024\3177\2633\3425H\2210g]\027\350~`\267{\247\373\332\203\024\237\311\327\222\336\304\221\216Q\027\001uf'%5\022:P\210""; status: tsNEW; receiveTimestamp: 803842745; ","rawTransaction: ""\022\000\000""\000\000\000\000$\000\000\000\005 \033\000\000\000\032a@\000\000\023\027\224\264\000h@\000\000\000\000\000\000\ns!\003K\250\201V\354\353\020.\253\242\026x\202\312\234\3314!'\021-D\001\225\355\256\367\361\211\2710ltG0E\002!\000\253\023\261\326\003\016s\024\220\252]\273\017=\000\354\205\2459,\3274\206\277X\342\003{v\261\332\000\002 \0013\020[\226\303\253c\346X\2329\215\247\003\020\@f3T\305\332\301.\321\320\036 4\301\374\201\024\3177\2633\3425H\2210g]\027\350~`\267{\247\373\332\203\024\237\311\327\222\336\304\221\216Q\027\001uf'%5\022:P\210""; status: tsNEW; receiveTimestamp: 803842745; "
1750527545500,1750527545545,1964,1,0,3,TMStatusChange,"newEvent: neCLOSING_LEDGER; ledgerSeq: 7; ledgerHash: ""\276\230H\305\2714\032l\253n6W\035\354\257.f\r\217\302\203\224\212L\020\S\370\243OP*""; ledgerHashPrevious: ""\360\215\2502\265\245\310\226\243c\302Ze\306\253#r\020\211\320iG\276\020E\317\035Sf\223F\254""; networkTime: 803842745; firstSeq: 1; lastSeq: 6; ","newEvent: neCLOSING_LEDGER; ledgerSeq: 7; ledgerHash: ""\276\230H\305\2714\032l\253n6W\035\354\257.f\r\217\302\203\224\212L\020\S\370\243OP*""; ledgerHashPrevious: ""\360\215\2502\265\245\310\226\243c\302Ze\306\253#r\020\211\320iG\276\020E\317\035Sf\223F\254""; networkTime: 803842745; firstSeq: 1; lastSeq: 6; "
1750527545500,1750527545546,3904,1,0,4,TMStatusChange,"newEvent: neCLOSING_LEDGER; ledgerSeq: 7; ledgerHash: ""\276\230H\305\2714\032l\253n6W\035\354\257.f\r\217\302\203\224\212L\020\S\370\243OP*""; ledgerHashPrevious: ""\360\215\2502\265\245\310\226\243c\302Ze\306\253#r\020\211\320iG\276\020E\317\035Sf\223F\254""; networkTime: 803842745; firstSeq: 1; lastSeq: 6; ","newEvent: neCLOSING_LEDGER; ledgerSeq: 7; ledgerHash: ""\276\230H\305\2714\032l\253n6W\035\354\257.f\r\217\302\203\224\212L\020\S\370\243OP*""; ledgerHashPrevious: ""\360\215\2502\265\245\310\226\243c\302Ze\306\253#r\020\211\320iG\276\020E\317\035Sf\223F\254""; networkTime: 803842745; firstSeq: 1; lastSeq: 6; "
1750527545502,1750527545546,1249,1,0,1,TMStatusChange,"newEvent: neCLOSING_LEDGER; ledgerSeq: 7; ledgerHash: ""\276\230H\305\2714\032l\253n6W\035\354\257.f\r\217\302\203\224\212L\020\S\370\243OP*""; ledgerHashPrevious: ""\360\215\2502\265\245\310\226\243c\302Ze\306\253#r\020\211\320iG\276\020E\317\035Sf\223F\254""; networkTime: 803842745; firstSeq: 1; lastSeq: 6; ","newEvent: neCLOSING_LEDGER; ledgerSeq: 7; ledgerHash: ""\276\230H\305\2714\032l\253n6W\035\354\257.f\r\217\302\203\224\212L\020\S\370\243OP*""; ledgerHashPrevious: ""\360\215\2502\265\245\310\226\243c\302Ze\306\253#r\020\211\320iG\276\020E\317\035Sf\223F\254""; networkTime: 803842745; firstSeq: 1; lastSeq: 6; "
1750527545502,1750527545546,2179,1,0,2,TMStatusChange,"newEvent: neCLOSING_LEDGER; ledgerSeq: 7; ledgerHash: ""\276\230H\305\2714\032l\253n6W\035\354\257.f\r\217\302\203\224\212L\020\S\370\243OP*""; ledgerHashPrevious: ""\360\215\2502\265\245\310\226\243c\302Ze\306\253#r\020\211\320iG\276\020E\317\035Sf\223F\254""; networkTime: 803842745; firstSeq: 1; lastSeq: 6; ","newEvent: neCLOSING_LEDGER; ledgerSeq: 7; ledgerHash: ""\276\230H\305\2714\032l\253n6W\035\354\257.f\r\217\302\203\224\212L\020\S\370\243OP*""; ledgerHashPrevious: ""\360\215\2502\265\245\310\226\243c\302Ze\306\253#r\020\211\320iG\276\020E\317\035Sf\223F\254""; networkTime: 803842745; firstSeq: 1; lastSeq: 6; "
1750527545546,1750527545548,1617,1,0,1,TMTransaction,"rawTransaction: ""\022\000\000""\000\000\000\000$\000\000\000\005 \033\000\000\000\032a@\000\000\023\027\224\264\000h@\000\000\000\000\000\000\ns!\003K\250\201V\354\353\020.\253\242\026x\202\312\234\3314!'\021-D\001\225\355\256\367\361\211\2710ltG0E\002!\000\253\023\261\326\003\016s\024\220\252]\273\017=\000\354\205\2459,\3274\206\277X\342\003{v\261\332\000\002 \0013\020[\226\303\253c\346X\2329\215\247\003\020\@f3T\305\332\301.\321\320\036 4\301\374\201\024\3177\2633\3425H\2210g]\027\350~`\267{\247\373\332\203\024\237\311\327\222\336\304\221\216Q\027\001uf'%5\022:P\210""; status: tsNEW; receiveTimestamp: 803842745; ","rawTransaction: ""\022\000\000""\000\000\000\000$\000\000\000\005 \033\000\000\000\032a@\000\000\023\027\224\264\000h@\000\000\000\000\000\000\ns!\003K\250\201V\354\353\020.\253\242\026x\202\312\234\3314!'\021-D\001\225\355\256\367\361\211\2710ltG0E\002!\000\253\023\261\326\003\016s\024\220\252]\273\017=\000\354\205\2459,\3274\206\277X\342\003{v\261\332\000\002 \0013\020[\226\303\253c\346X\2329\215\247\003\020\@f3T\305\332\301.\321\320\036 4\301\374\201\024\3177\2633\3425H\2210g]\027\350~`\267{\247\373\332\203\024\237\311\327\222\336\304\221\216Q\027\001uf'%5\022:P\210""; status: tsNEW; receiveTimestamp: 803842745; "
1750527545548,1750527545548,3849,1,0,1,TMProposeSet,"proposeSeq: 0; currentTxHash: ""3\321\n7\354)\tf\006\357\205B<h\272GQ \344\262\236\025#\003\024&\310\034\352\376\326""; nodePubKey: ""\002\225aM\037\203M\271C\224]$\245\215\334\264;{{\365%Z\2443U\201\242\320iUc\207\367""; closeTime: 803842745; signature: ""0E\002!\000\346\371\022E\337}\030\24056\202^\252N=\265\301p\247\3136\362F\337\314\327\203$\365\361\025P\002 \025\212\035\025\260\354m.\016[\006I\014)\370@\357\216+8\346;\323\272C\374T\373{\267)\311""; previousledger: ""\276\230H\305\2714\032l\253n6W\035\354\257.f\r\217\302\203\224\212L\020\S\370\243OP*""; ","proposeSeq: 0; currentTxHash: ""3\321\n7\354)\tf\006\357\205B<h\272GQ \344\262\236\025#\003\024&\310\034\352\376\326""; nodePubKey: ""\002\225aM\037\203M\271C\224]$\245\215\334\264;{{\365%Z\2443U\201\242\320iUc\207\367""; closeTime: 803842745; signature: ""0E\002!\000\346\371\022E\337}\030\24056\202^\252N=\265\301p\247\3136\362F\337\314\327\203$\365\361\025P\002 \025\212\035\025\260\354m.\016[\006I\014)\370@\357\216+8\346;\323\272C\374T\373{\267)\311""; previousledger: ""\276\230H\305\2714\032l\253n6W\035\354\257.f\r\217\302\203\224\212L\020\S\370\243OP*""; "
1750527545553,1750527545553,1996,1,0,4,TMLedgerData,"ledgerHash: ""\341\310\354\0213\033\013\350\207z\236R(|z&\034\335\266\323\356\205\273DV\210\254\213T\rZ\347""; ledgerSeq: 0; type: liTS_CANDIDATE; nodes {;   nodedata: ""\256\322m\2146\221\305\341\316\031h?\276\005\207\253\236\tL;\371W\315\233X\345O\203\332\240\005\360\n\003"";   nodeid: ""\000\000\000\000\000\000\000\000\000\000\000\000\000\000\000\000\000\000\000\000\000\000\000\000\000\000\000\000\000\000\000\000\000""; }; ","ledgerHash: ""\341\310\354\0213\033\013\350\207z\236R(|z&\034\335\266\323\356\205\273DV\210\254\213T\rZ\347""; ledgerSeq: 0; type: liTS_CANDIDATE; nodes {;   nodedata: ""\256\322m\2146\221\305\341\316\031h?\276\005\207\253\236\tL;\371W\315\233X\345O\203\332\240\005\360\n\003"";   nodeid: ""\000\000\000\000\000\000\000\000\000\000\000\000\000\000\000\000\000\000\000\000\000\000\000\000\000\000\000\000\000\000\000\000\000""; }; "
1750527545564,1750527545564,3578,1,1,3,TMLedgerData,"ledgerHash: ""\341\310\354\0213\033\013\350\207z\236R(|z&\034\335\266\323\356\205\273DV\210\254\213T\rZ\347""; ledgerSeq: 0; type: liTS_CANDIDATE; nodes {;   nodedata: ""\256\322m\2146\221\305\341\316\031h?\276\005\207\253\236\tL;\371W\315\233X\345O\203\332\240\005\360\n\003"";   nodeid: ""\000\000\000\000\000\000\000\000\000\000\000\000\000\000\000\000\000\000\000\000\000\000\000\000\000\000\000\000\000\000\000\000\000""; }; requestCookie: 2; ","ledgerHash: ""\341\310\354\0213\033\013\350\207z\236R(|z&\034\335\266\323\356\205\273DV\210\254\213T\rZ\347""; ledgerSeq: 0; type: liTS_CANDIDATE; nodes {;   nodedata: ""\256\322m\2146\221\305\341\316\031h?\276\005\207\253\236\tL;\371W\315\233X\345O\203\332\240\005\360\n\003"";   nodeid: ""\000\000\000\000\000\000\000\000\000\000\000\000\000\000\000\000\000\000\000\000\000\000\000\000\000\000\000\000\000\000\000\000\000""; }; requestCookie: 2; "
1750527545565,1750527545565,860,1,1,0,TMLedgerData,"ledgerHash: ""\326+\03569g\235`}\354\203s\003\217_Vf \233\324\237yU<\242:Zr\321\340\201]""; ledgerSeq: 7; type: liBASE; nodes {;   nodedata: ""\000\000\000\007\001cEx]\211\377\330\360\215\2502\265\245\310\226\243c\302Ze\306\253#r\020\211\320iG\276\020E\317\035Sf\223F\254\020N |\264\023\251\372`\001\r\225\217P\243\370m\037op\306\025\027\013\002\257\266J\025/\3729\220\014>4\264\253\207\255\233\\356\277\340\345\017\323\341\201\004TK\004\373\204\253\204\240\3155\357\026\353/\351\252\253/\351\252\264\n\000""; }; nodes {;   nodedata: ""\341\035\262xv\226\317f5\366\365\252a\177\355\302\326\t\222~j\320f\374/ \363\256\257\361 \303\001\301\025%1L\307\t\261\262z\374\222T\301\274V\236\223\262\270Ct\362\337b\356\024*\324\320\351\317\002,\377\251Q\263\245*\373\267\332I\261\001\251N\313Su!\333\331\260|\312%\271\263\267\320\313\036\303\004\330\210a4\256y^267\344\320H\t\331\316{n\002q\260\017U_\270\321B\024U\313\2054\006E\344\037@\210\363\010\336T\226\247'\204_{\261\370""1\235\2445\343\033Y!\212\201\341\272\225'\007Z\314\023h\n\020~\036\324P\254\001\274\227n\020\273\023\010\nq\216Z\344\004\3612B\205\257\335\036\013\003""; }; nodes {;   nodedata: ""\233\330\223\352\3012\234}\322\031(\362*;JR3m]\203<\234\204jiO\033\304\322\017\232\202\n\003""; }; requestCookie: 3; ","ledgerHash: ""\326+\03569g\235`}\354\203s\003\217_Vf \233\324\237yU<\242:Zr\321\340\201]""; ledgerSeq: 7; type: liBASE; nodes {;   nodedata: ""\000\000\000\007\001cEx]\211\377\330\360\215\2502\265\245\310\226\243c\302Ze\306\253#r\020\211\320iG\276\020E\317\035Sf\223F\254\020N |\264\023\251\372`\001\r\225\217P\243\370m\037op\306\025\027\013\002\257\266J\025/\3729\220\014>4\264\253\207\255\233\\356\277\340\345\017\323\341\201\004TK\004\373\204\253\204\240\3155\357\026\353/\351\252\253/\351\252\264\n\000""; }; nodes {;   nodedata: ""\341\035\262xv\226\317f5\366\365\252a\177\355\302\326\t\222~j\320f\374/ \363\256\257\361 \303\001\301\025%1L\307\t\261\262z\374\222T\301\274V\236\223\262\270Ct\362\337b\356\024*\324\320\351\317\002,\377\251Q\263\245*\373\267\332I\261\001\251N\313Su!\333\331\260|\312%\271\263\267\320\313\036\303\004\330\210a4\256y^267\344\320H\t\331\316{n\002q\260\017U_\270\321B\024U\313\2054\006E\344\037@\210\363\010\336T\226\247'\204_{\261\370""1\235\2445\343\033Y!\212\201\341\272\225'\007Z\314\023h\n\020~\036\324P\254\001\274\227n\020\273\023\010\nq\216Z\344\004\3612B\205\257\335\036\013\003""; }; nodes {;   nodedata: ""\233\330\223\352\3012\234}\322\031(\362*;JR3m]\203<\234\204jiO\033\304\322\017\232\202\n\003""; }; requestCookie: 3; "
1750527545565,1750527545565,2764,1,4,3,TMLedgerData,"ledgerHash: ""\341\310\354\0213\033\013\350\207z\236R(|z&\034\335\266\323\356\205\273DV\210\254\213T\rZ\347""; ledgerSeq: 0; type: liTS_CANDIDATE; nodes {;   nodedata: ""\256\322m\2146\221\305\341\316\031h?\276\005\207\253\236\tL;\371W\315\233X\345O\203\332\240\005\360\n\003"";   nodeid: ""\000\000\000\000\000\000\000\000\000\000\000\000\000\000\000\000\000\000\000\000\000\000\000\000\000\000\000\000\000\000\000\000\000""; }; requestCookie: 4; ","ledgerHash: ""\341\310\354\0213\033\013\350\207z\236R(|z&\034\335\266\323\356\205\273DV\210\254\213T\rZ\347""; ledgerSeq: 0; type: liTS_CANDIDATE; nodes {;   nodedata: ""\256\322m\2146\221\305\341\316\031h?\276\005\207\253\236\tL;\371W\315\233X\345O\203\332\240\005\360\n\003"";   nodeid: ""\000\000\000\000\000\000\000\000\000\000\000\000\000\000\000\000\000\000\000\000\000\000\000\000\000\000\000\000\000\000\000\000\000""; }; requestCookie: 4; "
1750527545576,1750527545576,612,1,2,0,TMLedgerData,"ledgerHash: ""\363\262\310\025\251\261\276X\247\260J\221\345\357\037\231)|\321K\000\\326E\004\377\005\255""A?\250""; ledgerSeq: 0; type: liTS_CANDIDATE; nodes {;   nodedata: ""MJ\275'\324\005\036\313\204nW\300\362\327\016\205\236\021\351Q6\021\355\301\372\322\276g\026\243\361M\004\003"";   nodeid: ""\000\000\000\000\000\000\000\000\000\000\000\000\000\000\000\000\000\000\000\000\000\000\000\000\000\000\000\000\000\000\000\000\000""; }; ","ledgerHash: ""\363\262\310\025\251\261\276X\247\260J\221\345\357\037\231)|\321K\000\\326E\004\377\005\255""A?\250""; ledgerSeq: 0; type: liTS_CANDIDATE; nodes {;   nodedata: ""MJ\275'\324\005\036\313\204nW\300\362\327\016\205\236\021\351Q6\021\355\301\372\322\276g\026\243\361M\004\003"";   nodeid: ""\000\000\000\000\000\000\000\000\000\000\000\000\000\000\000\000\000\000\000\000\000\000\000\000\000\000\000\000\000\000\000\000\000""; }; "
1750527545589,1750527545589,612,1,2,0,TMLedgerData,"ledgerHash: ""\363\262\310\025\251\261\276X\247\260J\221\345\357\037\231)|\321K\000\\326E\004\377\005\255""A?\250""; ledgerSeq: 0; type: liTS_CANDIDATE; nodes {;   nodedata: ""MJ\275'\324\005\036\313\204nW\300\362\327\016\205\236\021\351Q6\021\355\301\372\322\276g\026\243\361M\004\003"";   nodeid: ""\000\000\000\000\000\000\000\000\000\000\000\000\000\000\000\000\000\000\000\000\000\000\000\000\000\000\000\000\000\000\000\000\000""; }; ","ledgerHash: ""\363\262\310\025\251\261\276X\247\260J\221\345\357\037\231)|\321K\000\\326E\004\377\005\255""A?\250""; ledgerSeq: 0; type: liTS_CANDIDATE; nodes {;   nodedata: ""MJ\275'\324\005\036\313\204nW\300\362\327\016\205\236\021\351Q6\021\355\301\372\322\276g\026\243\361M\004\003"";   nodeid: ""\000\000\000\000\000\000\000\000\000\000\000\000\000\000\000\000\000\000\000\000\000\000\000\000\000\000\000\000\000\000\000\000\000""; }; "
1750527545596,1750527545596,2794,1,3,2,TMGetLedger,"itype: liTS_CANDIDATE; ledgerHash: ""\356\316\306(\314\366\340SA\320e\361\337A\350+\342\334{eBV\360\354\225)\263\237~v\236}""; nodeIDs: ""\000\000\000\000\000\000\000\000\000\000\000\000\000\000\000\000\000\000\000\000\000\000\000\000\000\000\000\000\000\000\000\000\000""; requestCookie: 2; queryType: qtINDIRECT; queryDepth: 3; ","itype: liTS_CANDIDATE; ledgerHash: ""\356\316\306(\314\366\340SA\320e\361\337A\350+\342\334{eBV\360\354\225)\263\237~v\236}""; nodeIDs: ""\000\000\000\000\000\000\000\000\000\000\000\000\000\000\000\000\000\000\000\000\000\000\000\000\000\000\000\000\000\000\000\000\000""; requestCookie: 2; queryType: qtINDIRECT; queryDepth: 3; "
1750527545601,1750527545601,2079,1,3,1,TMGetLedger,"itype: liBASE; ledgerHash: ""\326+\03569g\235`}\354\203s\003\217_Vf \233\324\237yU<\242:Zr\321\340\201]""; ledgerSeq: 7; requestCookie: 4; queryType: qtINDIRECT; ","itype: liBASE; ledgerHash: ""\326+\03569g\235`}\354\203s\003\217_Vf \233\324\237yU<\242:Zr\321\340\201]""; ledgerSeq: 7; requestCookie: 4; queryType: qtINDIRECT; "
1750527545602,1750527545602,1150,1,3,4,TMLedgerData,"ledgerHash: ""\341\310\354\0213\033\013\350\207z\236R(|z&\034\335\266\323\356\205\273DV\210\254\213T\rZ\347""; ledgerSeq: 0; type: liTS_CANDIDATE; nodes {;   nodedata: ""\256\322m\2146\221\305\341\316\031h?\276\005\207\253\236\tL;\371W\315\233X\345O\203\332\240\005\360\n\003"";   nodeid: ""\000\000\000\000\000\000\000\000\000\000\000\000\000\000\000\000\000\000\000\000\000\000\000\000\000\000\000\000\000\000\000\000\000""; }; ","ledgerHash: ""\341\310\354\0213\033\013\350\207z\236R(|z&\034\335\266\323\356\205\273DV\210\254\213T\rZ\347""; ledgerSeq: 0; type: liTS_CANDIDATE; nodes {;   nodedata: ""\256\322m\2146\221\305\341\316\031h?\276\005\207\253\236\tL;\371W\315\233X\345O\203\332\240\005\360\n\003"";   nodeid: ""\000\000\000\000\000\000\000\000\000\000\000\000\000\000\000\000\000\000\000\000\000\000\000\000\000\000\000\000\000\000\000\000\000""; }; "
1750527545622,1750527545622,3085,1,3,0,TMLedgerData,"ledgerHash: ""\276\230H\305\2714\032l\253n6W\035\354\257.f\r\217\302\203\224\212L\020\S\370\243OP*""; ledgerSeq: 7; type: liBASE; nodes {;   nodedata: ""\000\000\000\007\001cEx]\211\377\342\360\215\2502\265\245\310\226\243c\302Ze\306\253#r\020\211\320iG\276\020E\317\035Sf\223F\254\000\000\000\000\000\000\000\000\000\000\000\000\000\000\000\000\000\000\000\000\000\000\000\000\000\000\000\000\000\000\000\000\302r\207\007\303\237KvzB\356\335\030k\303\312\246:\352\202\037\210\2545\307\004\232\232\026\223SW/\351\252\253/\351\252\264\n\000""; }; nodes {;   nodedata: ""\341\035\262xv\226\317f5\366\365\252a\177\355\302\326\t\222~j\320f\374/ \363\256\257\361 \303\001\301\025%1L\307\t\261\262z\374\222T\301\274V\236\223\262\270Ct\362\337b\356\024*\324\320\351\317\002k\336\234\027v\351\217\260\303\360\233ZPZWr\246$w\313\313\r\243r\232\2234\373\3539:N\004;tP\302\307\005x\n\302lQ\275\237<g\321\233$\274p\355\310J\230\370\306\264\314\367C\275\272\006E\344\037@\210\363\010\336T\226\247'\204_{\261\370""1\235\2445\343\033Y!\212\201\341\272\225'\007Z\314\023h\n\020~\036\324P\254\001\274\227n\020\273\023\010\nq\216Z\344\004\3612B\205\257\335\036\013\003""; }; ","ledgerHash: ""\276\230H\305\2714\032l\253n6W\035\354\257.f\r\217\302\203\224\212L\020\S\370\243OP*""; ledgerSeq: 7; type: liBASE; nodes {;   nodedata: ""\000\000\000\007\001cEx]\211\377\342\360\215\2502\265\245\310\226\243c\302Ze\306\253#r\020\211\320iG\276\020E\317\035Sf\223F\254\000\000\000\000\000\000\000\000\000\000\000\000\000\000\000\000\000\000\000\000\000\000\000\000\000\000\000\000\000\000\000\000\302r\207\007\303\237KvzB\356\335\030k\303\312\246:\352\202\037\210\2545\307\004\232\232\026\223SW/\351\252\253/\351\252\264\n\000""; }; nodes {;   nodedata: ""\341\035\262xv\226\317f5\366\365\252a\177\355\302\326\t\222~j\320f\374/ \363\256\257\361 \303\001\301\025%1L\307\t\261\262z\374\222T\301\274V\236\223\262\270Ct\362\337b\356\024*\324\320\351\317\002k\336\234\027v\351\217\260\303\360\233ZPZWr\246$w\313\313\r\243r\232\2234\373\3539:N\004;tP\302\307\005x\n\302lQ\275\237<g\321\233$\274p\355\310J\230\370\306\264\314\367C\275\272\006E\344\037@\210\363\010\336T\226\247'\204_{\261\370""1\235\2445\343\033Y!\212\201\341\272\225'\007Z\314\023h\n\020~\036\324P\254\001\274\227n\020\273\023\010\nq\216Z\344\004\3612B\205\257\335\036\013\003""; }; "
1750527545622,1750527545622,3818,1,0,2,TMLedgerData,"ledgerHash: ""\341\310\354\0213\033\013\350\207z\236R(|z&\034\335\266\323\356\205\273DV\210\254\213T\rZ\347""; ledgerSeq: 0; type: liTS_CANDIDATE; nodes {;   nodedata: ""\256\322m\2146\221\305\341\316\031h?\276\005\207\253\236\tL;\371W\315\233X\345O\203\332\240\005\360\n\003"";   nodeid: ""\000\000\000\000\000\000\000\000\000\000\000\000\000\000\000\000\000\000\000\000\000\000\000\000\000\000\000\000\000\000\000\000\000""; }; ","ledgerHash: ""\341\310\354\0213\033\013\350\207z\236R(|z&\034\335\266\323\356\205\273DV\210\254\213T\rZ\347""; ledgerSeq: 0; type: liTS_CANDIDATE; nodes {;   nodedata: ""\256\322m\2146\221\305\341\316\031h?\276\005\207\253\236\tL;\371W\315\233X\345O\203\332\240\005\360\n\003"";   nodeid: ""\000\000\000\000\000\000\000\000\000\000\000\000\000\000\000\000\000\000\000\000\000\000\000\000\000\000\000\000\000\000\000\000\000""; }; "
1750527545624,1750527545624,1497,1,0,3,TMLedgerData,"ledgerHash: ""\341\310\354\0213\033\013\350\207z\236R(|z&\034\335\266\323\356\205\273DV\210\254\213T\rZ\347""; ledgerSeq: 0; type: liTS_CANDIDATE; nodes {;   nodedata: ""\256\322m\2146\221\305\341\316\031h?\276\005\207\253\236\tL;\371W\315\233X\345O\203\332\240\005\360\n\003"";   nodeid: ""\000\000\000\000\000\000\000\000\000\000\000\000\000\000\000\000\000\000\000\000\000\000\000\000\000\000\000\000\000\000\000\000\000""; }; ","ledgerHash: ""\341\310\354\0213\033\013\350\207z\236R(|z&\034\335\266\323\356\205\273DV\210\254\213T\rZ\347""; ledgerSeq: 0; type: liTS_CANDIDATE; nodes {;   nodedata: ""\256\322m\2146\221\305\341\316\031h?\276\005\207\253\236\tL;\371W\315\233X\345O\203\332\240\005\360\n\003"";   nodeid: ""\000\000\000\000\000\000\000\000\000\000\000\000\000\000\000\000\000\000\000\000\000\000\000\000\000\000\000\000\000\000\000\000\000""; }; "
1750527545626,1750527545626,1782,1,1,4,TMLedgerData,"ledgerHash: ""3\321\n7\354)\tf\006\357\205B<h\272GQ \344\262\236\025#\003\024&\310\034\352\376\326""; ledgerSeq: 0; type: liTS_CANDIDATE; nodes {;   nodedata: ""'\240~~s\033\202\356\320\307\177Nt\203\315\245\305\276b\265\310\271\3319\245:\342=c\267\265\233\002\003"";   nodeid: ""\000\000\000\000\000\000\000\000\000\000\000\000\000\000\000\000\000\000\000\000\000\000\000\000\000\000\000\000\000\000\000\000\000""; }; ","ledgerHash: ""3\321\n7\354)\tf\006\357\205B<h\272GQ \344\262\236\025#\003\024&\310\034\352\376\326""; ledgerSeq: 0; type: liTS_CANDIDATE; nodes {;   nodedata: ""'\240~~s\033\202\356\320\307\177Nt\203\315\245\305\276b\265\310\271\3319\245:\342=c\267\265\233\002\003"";   nodeid: ""\000\000\000\000\000\000\000\000\000\000\000\000\000\000\000\000\000\000\000\000\000\000\000\000\000\000\000\000\000\000\000\000\000""; }; "
1750527545628,1750527545628,1544,1,2,1,TMGetLedger,"itype: liTX_NODE; ledgerHash: ""\326+\03569g\235`}\354\203s\003\217_Vf \233\324\237yU<\242:Zr\321\340\201]""; ledgerSeq: 7; nodeIDs: ""\240\000\000\000\000\000\000\000\000\000\000\000\000\000\000\000\000\000\000\000\000\000\000\000\000\000\000\000\000\000\000\000\001""; queryType: qtINDIRECT; queryDepth: 1; ","itype: liTX_NODE; ledgerHash: ""\326+\03569g\235`}\354\203s\003\217_Vf \233\324\237yU<\242:Zr\321\340\201]""; ledgerSeq: 7; nodeIDs: ""\240\000\000\000\000\000\000\000\000\000\000\000\000\000\000\000\000\000\000\000\000\000\000\000\000\000\000\000\000\000\000\000\001""; queryType: qtINDIRECT; queryDepth: 1; "
1750527545637,1750527545637,1212,1,2,4,TMLedgerData,"ledgerHash: ""3\321\n7\354)\tf\006\357\205B<h\272GQ \344\262\236\025#\003\024&\310\034\352\376\326""; ledgerSeq: 0; type: liTS_CANDIDATE; nodes {;   nodedata: ""'\240~~s\033\202\356\320\307\177Nt\203\315\245\305\276b\265\310\271\3319\245:\342=c\267\265\233\002\003"";   nodeid: ""\000\000\000\000\000\000\000\000\000\000\000\000\000\000\000\000\000\000\000\000\000\000\000\000\000\000\000\000\000\000\000\000\000""; }; ","ledgerHash: ""3\321\n7\354)\tf\006\357\205B<h\272GQ \344\262\236\025#\003\024&\310\034\352\376\326""; ledgerSeq: 0; type: liTS_CANDIDATE; nodes {;   nodedata: ""'\240~~s\033\202\356\320\307\177Nt\203\315\245\305\276b\265\310\271\3319\245:\342=c\267\265\233\002\003"";   nodeid: ""\000\000\000\000\000\000\000\000\000\000\000\000\000\000\000\000\000\000\000\000\000\000\000\000\000\000\000\000\000\000\000\000\000""; }; "
1750527545658,1750527545658,1212,1,2,4,TMLedgerData,"ledgerHash: ""\326+\03569g\235`}\354\203s\003\217_Vf \233\324\237yU<\242:Zr\321\340\201]""; ledgerSeq: 7; type: liBASE; nodes {;   nodedata: ""\000\000\000\007\001cEx]\211\377\330\360\215\2502\265\245\310\226\243c\302Ze\306\253#r\020\211\320iG\276\020E\317\035Sf\223F\254\020N |\264\023\251\372`\001\r\225\217P\243\370m\037op\306\025\027\013\002\257\266J\025/\3729\220\014>4\264\253\207\255\233\\356\277\340\345\017\323\341\201\004TK\004\373\204\253\204\240\3155\357\026\353/\351\252\253/\351\252\264\n\000""; }; nodes {;   nodedata: ""\341\035\262xv\226\317f5\366\365\252a\177\355\302\326\t\222~j\320f\374/ \363\256\257\361 \303\001\301\025%1L\307\t\261\262z\374\222T\301\274V\236\223\262\270Ct\362\337b\356\024*\324\320\351\317\002,\377\251Q\263\245*\373\267\332I\261\001\251N\313Su!\333\331\260|\312%\271\263\267\320\313\036\303\004\330\210a4\256y^267\344\320H\t\331\316{n\002q\260\017U_\270\321B\024U\313\2054\006E\344\037@\210\363\010\336T\226\247'\204_{\261\370""1\235\2445\343\033Y!\212\201\341\272\225'\007Z\314\023h\n\020~\036\324P\254\001\274\227n\020\273\023\010\nq\216Z\344\004\3612B\205\257\335\036\013\003""; }; nodes {;   nodedata: ""\233\330\223\352\3012\234}\322\031(\362*;JR3m]\203<\234\204jiO\033\304\322\017\232\202\n\003""; }; ","ledgerHash: ""\326+\03569g\235`}\354\203s\003\217_Vf \233\324\237yU<\242:Zr\321\340\201]""; ledgerSeq: 7; type: liBASE; nodes {;   nodedata: ""\000\000\000\007\001cEx]\211\377\330\360\215\2502\265\245\310\226\243c\302Ze\306\253#r\020\211\320iG\276\020E\317\035Sf\223F\254\020N |\264\023\251\372`\001\r\225\217P\243\370m\037op\306\025\027\013\002\257\266J\025/\3729\220\014>4\264\253\207\255\233\\356\277\340\345\017\323\341\201\004TK\004\373\204\253\204\240\3155\357\026\353/\351\252\253/\351\252\264\n\000""; }; nodes {;   nodedata: ""\341\035\262xv\226\317f5\366\365\252a\177\355\302\326\t\222~j\320f\374/ \363\256\257\361 \303\001\301\025%1L\307\t\261\262z\374\222T\301\274V\236\223\262\270Ct\362\337b\356\024*\324\320\351\317\002,\377\251Q\263\245*\373\267\332I\261\001\251N\313Su!\333\331\260|\312%\271\263\267\320\313\036\303\004\330\210a4\256y^267\344\320H\t\331\316{n\002q\260\017U_\270\321B\024U\313\2054\006E\344\037@\210\363\010\336T\226\247'\204_{\261\370""1\235\2445\343\033Y!\212\201\341\272\225'\007Z\314\023h\n\020~\036\324P\254\001\274\227n\020\273\023\010\nq\216Z\344\004\3612B\205\257\335\036\013\003""; }; nodes {;   nodedata: ""\233\330\223\352\3012\234}\322\031(\362*;JR3m]\203<\234\204jiO\033\304\322\017\232\202\n\003""; }; "
1750527545693,1750527545693,1212,1,2,4,TMLedgerData,"ledgerHash: ""\356\316\306(\314\366\340SA\320e\361\337A\350+\342\334{eBV\360\354\225)\263\237~v\236}""; ledgerSeq: 0; type: liTS_CANDIDATE; nodes {;   nodedata: ""\216b\024\334gS\347X\272b\322\267\303L\230\361n\036 \270-E\361}\351O\347\233\337\314!\215\010\003"";   nodeid: ""\000\000\000\000\000\000\000\000\000\000\000\000\000\000\000\000\000\000\000\000\000\000\000\000\000\000\000\000\000\000\000\000\000""; }; requestCookie: 1; ","ledgerHash: ""\356\316\306(\314\366\340SA\320e\361\337A\350+\342\334{eBV\360\354\225)\263\237~v\236}""; ledgerSeq: 0; type: liTS_CANDIDATE; nodes {;   nodedata: ""\216b\024\334gS\347X\272b\322\267\303L\230\361n\036 \270-E\361}\351O\347\233\337\314!\215\010\003"";   nodeid: ""\000\000\000\000\000\000\000\000\000\000\000\000\000\000\000\000\000\000\000\000\000\000\000\000\000\000\000\000\000\000\000\000\000""; }; requestCookie: 1; "
1750527545698,1750527545699,3818,1,0,2,TMLedgerData,"ledgerHash: ""\033@\177e\277\016\010u\327\371&\262\312\317Q\2361t\377x\234\001v\003%\030\325_\225g\204\346""; ledgerSeq: 7; type: liBASE; nodes {;   nodedata: ""\000\000\000\007\001cEx]\211\377\330\360\215\2502\265\245\310\226\243c\302Ze\306\253#r\020\211\320iG\276\020E\317\035Sf\223F\254\002\370\316\212^2r\204\377\207q\251\315\325\027st\315\275D\367""\312l\350\374\304zy\305\007\340\030\220\357M\025\212p\\332\356\317\346Z\350r\255\236\025^\210\375\243\353\025X\213xq\220$\254,/\351\252\253/\351\252\264\n\000""; }; nodes {;   nodedata: ""\323C\344\327\264{\312-\017:\006{\177\344N\002\326bO\260\220\006\033\362\345\005U\221DzJ0\001\301\025%1L\307\t\261\262z\374\222T\301\274V\236\223\262\270Ct\362\337b\356\024*\324\320\351\317\002k\336\234\027v\351\217\260\303\360\233ZPZWr\246$w\313\313\r\243r\232\2234\373\3539:N\004Q\245\272D\312D\300\300\t\323\0257\345e\271\na\215{\226\255x%T\257\037\333\004\344_/R\006E\344\037@\210\363\010\336T\226\247'\204_{\261\370""1\235\2445\343\033Y!\212\201\341\272\225'\007Z\314\023h\n\020~\036\324P\254\001\274\227n\020\273\023\010\nq\216Z\344\004\3612B\205\257\335\036\013\003""; }; nodes {;   nodedata: ""o\324D\221#\020\205W\305\353\227hj\364\005l\234.@%-\272\034\327\352\rf\2573\006\026\236\004\003""; }; ","ledgerHash: ""\033@\177e\277\016\010u\327\371&\262\312\317Q\2361t\377x\234\001v\003%\030\325_\225g\204\346""; ledgerSeq: 7; type: liBASE; nodes {;   nodedata: ""\000\000\000\007\001cEx]\211\377\330\360\215\2502\265\245\310\226\243c\302Ze\306\253#r\020\211\320iG\276\020E\317\035Sf\223F\254\002\370\316\212^2r\204\377\207q\251\315\325\027st\315\275D\367""\312l\350\374\304zy\305\007\340\030\220\357M\025\212p\\332\356\317\346Z\350r\255\236\025^\210\375\243\353\025X\213xq\220$\254,/\351\252\253/\351\252\264\n\000""; }; nodes {;   nodedata: ""\323C\344\327\264{\312-\017:\006{\177\344N\002\326bO\260\220\006\033\362\345\005U\221DzJ0\001\301\025%1L\307\t\261\262z\374\222T\301\274V\236\223\262\270Ct\362\337b\356\024*\324\320\351\317\002k\336\234\027v\351\217\260\303\360\233ZPZWr\246$w\313\313\r\243r\232\2234\373\3539:N\004Q\245\272D\312D\300\300\t\323\0257\345e\271\na\215{\226\255x%T\257\037\333\004\344_/R\006E\344\037@\210\363\010\336T\226\247'\204_{\261\370""1\235\2445\343\033Y!\212\201\341\272\225'\007Z\314\023h\n\020~\036\324P\254\001\274\227n\020\273\023\010\nq\216Z\344\004\3612B\205\257\335\036\013\003""; }; nodes {;   nodedata: ""o\324D\221#\020\205W\305\353\227hj\364\005l\234.@%-\272\034\327\352\rf\2573\006\026\236\004\003""; }; "
1750527545728,1750527545728,2523,1,3,2,TMLedgerData,"ledgerHash: ""3\321\n7\354)\tf\006\357\205B<h\272GQ \344\262\236\025#\003\024&\310\034\352\376\326""; ledgerSeq: 0; type: liTS_CANDIDATE; nodes {;   nodedata: ""'\240~~s\033\202\356\320\307\177Nt\203\315\245\305\276b\265\310\271\3319\245:\342=c\267\265\233\002\003"";   nodeid: ""\000\000\000\000\000\000\000\000\000\000\000\000\000\000\000\000\000\000\000\000\000\000\000\000\000\000\000\000\000\000\000\000\000""; }; requestCookie: 5; ","ledgerHash: ""3\321\n7\354)\tf\006\357\205B<h\272GQ \344\262\236\025#\003\024&\310\034\352\376\326""; ledgerSeq: 0; type: liTS_CANDIDATE; nodes {;   nodedata: ""'\240~~s\033\202\356\320\307\177Nt\203\315\245\305\276b\265\310\271\3319\245:\342=c\267\265\233\002\003"";   nodeid: ""\000\000\000\000\000\000\000\000\000\000\000\000\000\000\000\000\000\000\000\000\000\000\000\000\000\000\000\000\000\000\000\000\000""; }; requestCookie: 5; "
1750527545760,1750527545760,1813,1,3,1,TMLedgerData,"ledgerHash: ""\363\262\310\025\251\261\276X\247\260J\221\345\357\037\231)|\321K\000\\326E\004\377\005\255""A?\250""; ledgerSeq: 0; type: liTS_CANDIDATE; nodes {;   nodedata: ""MJ\275'\324\005\036\313\204nW\300\362\327\016\205\236\021\351Q6\021\355\301\372\322\276g\026\243\361M\004\003"";   nodeid: ""\000\000\000\000\000\000\000\000\000\000\000\000\000\000\000\000\000\000\000\000\000\000\000\000\000\000\000\000\000\000\000\000\000""; }; requestCookie: 2; ","ledgerHash: ""\363\262\310\025\251\261\276X\247\260J\221\345\357\037\231)|\321K\000\\326E\004\377\005\255""A?\250""; ledgerSeq: 0; type: liTS_CANDIDATE; nodes {;   nodedata: ""MJ\275'\324\005\036\313\204nW\300\362\327\016\205\236\021\351Q6\021\355\301\372\322\276g\026\243\361M\004\003"";   nodeid: ""\000\000\000\000\000\000\000\000\000\000\000\000\000\000\000\000\000\000\000\000\000\000\000\000\000\000\000\000\000\000\000\000\000""; }; requestCookie: 2; "
1750527545785,1750527545786,1539,1,4,2,TMLedgerData,"ledgerHash: ""\363\262\310\025\251\261\276X\247\260J\221\345\357\037\231)|\321K\000\\326E\004\377\005\255""A?\250""; ledgerSeq: 0; type: liTS_CANDIDATE; nodes {;   nodedata: ""MJ\275'\324\005\036\313\204nW\300\362\327\016\205\236\021\351Q6\021\355\301\372\322\276g\026\243\361M\004\003"";   nodeid: ""\000\000\000\000\000\000\000\000\000\000\000\000\000\000\000\000\000\000\000\000\000\000\000\000\000\000\000\000\000\000\000\000\000""; }; requestCookie: 2; ","ledgerHash: ""\363\262\310\025\251\261\276X\247\260J\221\345\357\037\231)|\321K\000\\326E\004\377\005\255""A?\250""; ledgerSeq: 0; type: liTS_CANDIDATE; nodes {;   nodedata: ""MJ\275'\324\005\036\313\204nW\300\362\327\016\205\236\021\351Q6\021\355\301\372\322\276g\026\243\361M\004\003"";   nodeid: ""\000\000\000\000\000\000\000\000\000\000\000\000\000\000\000\000\000\000\000\000\000\000\000\000\000\000\000\000\000\000\000\000\000""; }; requestCookie: 2; "
1750527545820,1750527545821,1782,1,1,4,TMLedgerData,"ledgerHash: ""\326+\03569g\235`}\354\203s\003\217_Vf \233\324\237yU<\242:Zr\321\340\201]""; ledgerSeq: 7; type: liAS_NODE; nodes {;   nodedata: ""\021\000a""\000\000\000\000$\000\000\000\005%\000\000\000\007-\000\000\000\000U\256\322m\2146\221\305\341\316\031h?\276\005\207\253\236\tL;\371W\315\233X\345O\203\332\240\005\360b@\000\000*$\200\024@\201\024\237\311\327\222\336\304\221\216Q\027\001uf'%5\022:P\210@e&\014`#?\020s\314\3035_u\244\223G\263\322\035\357\201\363\033\220\333`\311\331n\373\360\001"";   nodeid: ""@\000\000\000\000\000\000\000\000\000\000\000\000\000\000\000\000\000\000\000\000\000\000\000\000\000\000\000\000\000\000\000\001""; }; nodes {;   nodedata: ""\021\000a""\000\000\000\000$\000\000\000\006%\000\000\000\007-\000\000\000\000U\256\322m\2146\221\305\341\316\031h?\276\005\207\253\236\tL;\371W\315\233X\345O\203\332\240\005\360b@\000\000\004l\214@6\201\024\3177\2633\3425H\2210g]\027\350~`\267{\247\373\332g\244\337\353\312\013\236hD\305E\177)\365\031\344}\231\342 ?\273\261,\263l\2443V5tR\001"";   nodeid: ""`\000\000\000\000\000\000\000\000\000\000\000\000\000\000\000\000\000\000\000\000\000\000\000\000\000\000\000\000\000\000\000\001""; }; ","ledgerHash: ""\326+\03569g\235`}\354\203s\003\217_Vf \233\324\237yU<\242:Zr\321\340\201]""; ledgerSeq: 7; type: liAS_NODE; nodes {;   nodedata: ""\021\000a""\000\000\000\000$\000\000\000\005%\000\000\000\007-\000\000\000\000U\256\322m\2146\221\305\341\316\031h?\276\005\207\253\236\tL;\371W\315\233X\345O\203\332\240\005\360b@\000\000*$\200\024@\201\024\237\311\327\222\336\304\221\216Q\027\001uf'%5\022:P\210@e&\014`#?\020s\314\3035_u\244\223G\263\322\035\357\201\363\033\220\333`\311\331n\373\360\001"";   nodeid: ""@\000\000\000\000\000\000\000\000\000\000\000\000\000\000\000\000\000\000\000\000\000\000\000\000\000\000\000\000\000\000\000\001""; }; nodes {;   nodedata: ""\021\000a""\000\000\000\000$\000\000\000\006%\000\000\000\007-\000\000\000\000U\256\322m\2146\221\305\341\316\031h?\276\005\207\253\236\tL;\371W\315\233X\345O\203\332\240\005\360b@\000\000\004l\214@6\201\024\3177\2633\3425H\2210g]\027\350~`\267{\247\373\332g\244\337\353\312\013\236hD\305E\177)\365\031\344}\231\342 ?\273\261,\263l\2443V5tR\001"";   nodeid: ""`\000\000\000\000\000\000\000\000\000\000\000\000\000\000\000\000\000\000\000\000\000\000\000\000\000\000\000\000\000\000\000\001""; }; "
1750527545844,1750527545844,2523,1,3,2,TMLedgerData,"ledgerHash: ""\363\262\310\025\251\261\276X\247\260J\221\345\357\037\231)|\321K\000\\326E\004\377\005\255""A?\250""; ledgerSeq: 0; type: liTS_CANDIDATE; nodes {;   nodedata: ""MJ\275'\324\005\036\313\204nW\300\362\327\016\205\236\021\351Q6\021\355\301\372\322\276g\026\243\361M\004\003"";   nodeid: ""\000\000\000\000\000\000\000\000\000\000\000\000\000\000\000\000\000\000\000\000\000\000\000\000\000\000\000\000\000\000\000\000\000""; }; requestCookie: 2; ","ledgerHash: ""\363\262\310\025\251\261\276X\247\260J\221\345\357\037\231)|\321K\000\\326E\004\377\005\255""A?\250""; ledgerSeq: 0; type: liTS_CANDIDATE; nodes {;   nodedata: ""MJ\275'\324\005\036\313\204nW\300\362\327\016\205\236\021\351Q6\021\355\301\372\322\276g\026\243\361M\004\003"";   nodeid: ""\000\000\000\000\000\000\000\000\000\000\000\000\000\000\000\000\000\000\000\000\000\000\000\000\000\000\000\000\000\000\000\000\000""; }; requestCookie: 2; "
1750527545850,1750527545851,1150,1,3,4,TMLedgerData,"ledgerHash: ""\341\310\354\0213\033\013\350\207z\236R(|z&\034\335\266\323\356\205\273DV\210\254\213T\rZ\347""; ledgerSeq: 0; type: liTS_CANDIDATE; nodes {;   nodedata: ""\256\322m\2146\221\305\341\316\031h?\276\005\207\253\236\tL;\371W\315\233X\345O\203\332\240\005\360\n\003"";   nodeid: ""\000\000\000\000\000\000\000\000\000\000\000\000\000\000\000\000\000\000\000\000\000\000\000\000\000\000\000\000\000\000\000\000\000""; }; ","ledgerHash: ""\341\310\354\0213\033\013\350\207z\236R(|z&\034\335\266\323\356\205\273DV\210\254\213T\rZ\347""; ledgerSeq: 0; type: liTS_CANDIDATE; nodes {;   nodedata: ""\256\322m\2146\221\305\341\316\031h?\276\005\207\253\236\tL;\371W\315\233X\345O\203\332\240\005\360\n\003"";   nodeid: ""\000\000\000\000\000\000\000\000\000\000\000\000\000\000\000\000\000\000\000\000\000\000\000\000\000\000\000\000\000\000\000\000\000""; }; "
1750527545852,1750527545852,2764,1,4,3,TMLedgerData,"ledgerHash: ""\276\230H\305\2714\032l\253n6W\035\354\257.f\r\217\302\203\224\212L\020\S\370\243OP*""; ledgerSeq: 7; type: liBASE; nodes {;   nodedata: ""\000\000\000\007\001cEx]\211\377\342\360\215\2502\265\245\310\226\243c\302Ze\306\253#r\020\211\320iG\276\020E\317\035Sf\223F\254\000\000\000\000\000\000\000\000\000\000\000\000\000\000\000\000\000\000\000\000\000\000\000\000\000\000\000\000\000\000\000\000\302r\207\007\303\237KvzB\356\335\030k\303\312\246:\352\202\037\210\2545\307\004\232\232\026\223SW/\351\252\253/\351\252\264\n\000""; }; nodes {;   nodedata: ""\341\035\262xv\226\317f5\366\365\252a\177\355\302\326\t\222~j\320f\374/ \363\256\257\361 \303\001\301\025%1L\307\t\261\262z\374\222T\301\274V\236\223\262\270Ct\362\337b\356\024*\324\320\351\317\002k\336\234\027v\351\217\260\303\360\233ZPZWr\246$w\313\313\r\243r\232\2234\373\3539:N\004;tP\302\307\005x\n\302lQ\275\237<g\321\233$\274p\355\310J\230\370\306\264\314\367C\275\272\006E\344\037@\210\363\010\336T\226\247'\204_{\261\370""1\235\2445\343\033Y!\212\201\341\272\225'\007Z\314\023h\n\020~\036\324P\254\001\274\227n\020\273\023\010\nq\216Z\344\004\3612B\205\257\335\036\013\003""; }; ","ledgerHash: ""\276\230H\305\2714\032l\253n6W\035\354\257.f\r\217\302\203\224\212L\020\S\370\243OP*""; ledgerSeq: 7; type: liBASE; nodes {;   nodedata: ""\000\000\000\007\001cEx]\211\377\342\360\215\2502\265\245\310\226\243c\302Ze\306\253#r\020\211\320iG\276\020E\317\035Sf\223F\254\000\000\000\000\000\000\000\000\000\000\000\000\000\000\000\000\000\000\000\000\000\000\000\000\000\000\000\000\000\000\000\000\302r\207\007\303\237KvzB\356\335\030k\303\312\246:\352\202\037\210\2545\307\004\232\232\026\223SW/\351\252\253/\351\252\264\n\000""; }; nodes {;   nodedata: ""\341\035\262xv\226\317f5\366\365\252a\177\355\302\326\t\222~j\320f\374/ \363\256\257\361 \303\001\301\025%1L\307\t\261\262z\374\222T\301\274V\236\223\262\270Ct\362\337b\356\024*\324\320\351\317\002k\336\234\027v\351\217\260\303\360\233ZPZWr\246$w\313\313\r\243r\232\2234\373\3539:N\004;tP\302\307\005x\n\302lQ\275\237<g\321\233$\274p\355\310J\230\370\306\264\314\367C\275\272\006E\344\037@\210\363\010\336T\226\247'\204_{\261\370""1\235\2445\343\033Y!\212\201\341\272\225'\007Z\314\023h\n\020~\036\324P\254\001\274\227n\020\273\023\010\nq\216Z\344\004\3612B\205\257\335\036\013\003""; }; "
1750527545876,1750527545876,3578,1,1,3,TMLedgerData,"ledgerHash: ""\341\310\354\0213\033\013\350\207z\236R(|z&\034\335\266\323\356\205\273DV\210\254\213T\rZ\347""; ledgerSeq: 0; type: liTS_CANDIDATE; nodes {;   nodedata: ""\256\322m\2146\221\305\341\316\031h?\276\005\207\253\236\tL;\371W\315\233X\345O\203\332\240\005\360\n\003"";   nodeid: ""\000\000\000\000\000\000\000\000\000\000\000\000\000\000\000\000\000\000\000\000\000\000\000\000\000\000\000\000\000\000\000\000\000""; }; requestCookie: 4; ","ledgerHash: ""\341\310\354\0213\033\013\350\207z\236R(|z&\034\335\266\323\356\205\273DV\210\254\213T\rZ\347""; ledgerSeq: 0; type: liTS_CANDIDATE; nodes {;   nodedata: ""\256\322m\2146\221\305\341\316\031h?\276\005\207\253\236\tL;\371W\315\233X\345O\203\332\240\005\360\n\003"";   nodeid: ""\000\000\000\000\000\000\000\000\000\000\000\000\000\000\000\000\000\000\000\000\000\000\000\000\000\000\000\000\000\000\000\000\000""; }; requestCookie: 4; "
1750527545876,1750527545876,1782,1,1,4,TMLedgerData,"ledgerHash: ""3\321\n7\354)\tf\006\357\205B<h\272GQ \344\262\236\025#\003\024&\310\034\352\376\326""; ledgerSeq: 0; type: liTS_CANDIDATE; nodes {;   nodedata: ""'\240~~s\033\202\356\320\307\177Nt\203\315\245\305\276b\265\310\271\3319\245:\342=c\267\265\233\002\003"";   nodeid: ""\000\000\000\000\000\000\000\000\000\000\000\000\000\000\000\000\000\000\000\000\000\000\000\000\000\000\000\000\000\000\000\000\000""; }; ","ledgerHash: ""3\321\n7\354)\tf\006\357\205B<h\272GQ \344\262\236\025#\003\024&\310\034\352\376\326""; ledgerSeq: 0; type: liTS_CANDIDATE; nodes {;   nodedata: ""'\240~~s\033\202\356\320\307\177Nt\203\315\245\305\276b\265\310\271\3319\245:\342=c\267\265\233\002\003"";   nodeid: ""\000\000\000\000\000\000\000\000\000\000\000\000\000\000\000\000\000\000\000\000\000\000\000\000\000\000\000\000\000\000\000\000\000""; }; "
1750527545877,1750527545878,1495,1,1,2,TMGetLedger,"itype: liTS_CANDIDATE; ledgerHash: ""\356\316\306(\314\366\340SA\320e\361\337A\350+\342\334{eBV\360\354\225)\263\237~v\236}""; nodeIDs: ""\000\000\000\000\000\000\000\000\000\000\000\000\000\000\000\000\000\000\000\000\000\000\000\000\000\000\000\000\000\000\000\000\000""; requestCookie: 2; queryType: qtINDIRECT; queryDepth: 3; ","itype: liTS_CANDIDATE; ledgerHash: ""\356\316\306(\314\366\340SA\320e\361\337A\350+\342\334{eBV\360\354\225)\263\237~v\236}""; nodeIDs: ""\000\000\000\000\000\000\000\000\000\000\000\000\000\000\000\000\000\000\000\000\000\000\000\000\000\000\000\000\000\000\000\000\000""; requestCookie: 2; queryType: qtINDIRECT; queryDepth: 3; "
1750527545886,1750527545886,2794,1,3,2,TMGetLedger,"itype: liTS_CANDIDATE; ledgerHash: ""\356\316\306(\314\366\340SA\320e\361\337A\350+\342\334{eBV\360\354\225)\263\237~v\236}""; nodeIDs: ""\000\000\000\000\000\000\000\000\000\000\000\000\000\000\000\000\000\000\000\000\000\000\000\000\000\000\000\000\000\000\000\000\000""; requestCookie: 2; queryType: qtINDIRECT; queryDepth: 3; ","itype: liTS_CANDIDATE; ledgerHash: ""\356\316\306(\314\366\340SA\320e\361\337A\350+\342\334{eBV\360\354\225)\263\237~v\236}""; nodeIDs: ""\000\000\000\000\000\000\000\000\000\000\000\000\000\000\000\000\000\000\000\000\000\000\000\000\000\000\000\000\000\000\000\000\000""; requestCookie: 2; queryType: qtINDIRECT; queryDepth: 3; "
1750527545928,1750527545928,1497,1,0,3,TMLedgerData,"ledgerHash: ""\341\310\354\0213\033\013\350\207z\236R(|z&\034\335\266\323\356\205\273DV\210\254\213T\rZ\347""; ledgerSeq: 0; type: liTS_CANDIDATE; nodes {;   nodedata: ""\256\322m\2146\221\305\341\316\031h?\276\005\207\253\236\tL;\371W\315\233X\345O\203\332\240\005\360\n\003"";   nodeid: ""\000\000\000\000\000\000\000\000\000\000\000\000\000\000\000\000\000\000\000\000\000\000\000\000\000\000\000\000\000\000\000\000\000""; }; requestCookie: 4; ","ledgerHash: ""\341\310\354\0213\033\013\350\207z\236R(|z&\034\335\266\323\356\205\273DV\210\254\213T\rZ\347""; ledgerSeq: 0; type: liTS_CANDIDATE; nodes {;   nodedata: ""\256\322m\2146\221\305\341\316\031h?\276\005\207\253\236\tL;\371W\315\233X\345O\203\332\240\005\360\n\003"";   nodeid: ""\000\000\000\000\000\000\000\000\000\000\000\000\000\000\000\000\000\000\000\000\000\000\000\000\000\000\000\000\000\000\000\000\000""; }; requestCookie: 4; "
1750527545943,1750527545943,1212,1,2,4,TMLedgerData,"ledgerHash: ""\356\316\306(\314\366\340SA\320e\361\337A\350+\342\334{eBV\360\354\225)\263\237~v\236}""; ledgerSeq: 0; type: liTS_CANDIDATE; nodes {;   nodedata: ""\216b\024\334gS\347X\272b\322\267\303L\230\361n\036 \270-E\361}\351O\347\233\337\314!\215\010\003"";   nodeid: ""\000\000\000\000\000\000\000\000\000\000\000\000\000\000\000\000\000\000\000\000\000\000\000\000\000\000\000\000\000\000\000\000\000""; }; requestCookie: 1; ","ledgerHash: ""\356\316\306(\314\366\340SA\320e\361\337A\350+\342\334{eBV\360\354\225)\263\237~v\236}""; ledgerSeq: 0; type: liTS_CANDIDATE; nodes {;   nodedata: ""\216b\024\334gS\347X\272b\322\267\303L\230\361n\036 \270-E\361}\351O\347\233\337\314!\215\010\003"";   nodeid: ""\000\000\000\000\000\000\000\000\000\000\000\000\000\000\000\000\000\000\000\000\000\000\000\000\000\000\000\000\000\000\000\000\000""; }; requestCookie: 1; "
1750527545983,1750527545983,1813,1,3,1,TMLedgerData,"ledgerHash: ""\033@\177e\277\016\010u\327\371&\262\312\317Q\2361t\377x\234\001v\003%\030\325_\225g\204\346""; ledgerSeq: 7; type: liBASE; nodes {;   nodedata: ""\000\000\000\007\001cEx]\211\377\330\360\215\2502\265\245\310\226\243c\302Ze\306\253#r\020\211\320iG\276\020E\317\035Sf\223F\254\002\370\316\212^2r\204\377\207q\251\315\325\027st\315\275D\367""\312l\350\374\304zy\305\007\340\030\220\357M\025\212p\\332\356\317\346Z\350r\255\236\025^\210\375\243\353\025X\213xq\220$\254,/\351\252\253/\351\252\264\n\000""; }; nodes {;   nodedata: ""\323C\344\327\264{\312-\017:\006{\177\344N\002\326bO\260\220\006\033\362\345\005U\221DzJ0\001\301\025%1L\307\t\261\262z\374\222T\301\274V\236\223\262\270Ct\362\337b\356\024*\324\320\351\317\002k\336\234\027v\351\217\260\303\360\233ZPZWr\246$w\313\313\r\243r\232\2234\373\3539:N\004Q\245\272D\312D\300\300\t\323\0257\345e\271\na\215{\226\255x%T\257\037\333\004\344_/R\006E\344\037@\210\363\010\336T\226\247'\204_{\261\370""1\235\2445\343\033Y!\212\201\341\272\225'\007Z\314\023h\n\020~\036\324P\254\001\274\227n\020\273\023\010\nq\216Z\344\004\3612B\205\257\335\036\013\003""; }; nodes {;   nodedata: ""o\324D\221#\020\205W\305\353\227hj\364\005l\234.@%-\272\034\327\352\rf\2573\006\026\236\004\003""; }; requestCookie: 2; ","ledgerHash: ""\033@\177e\277\016\010u\327\371&\262\312\317Q\2361t\377x\234\001v\003%\030\325_\225g\204\346""; ledgerSeq: 7; type: liBASE; nodes {;   nodedata: ""\000\000\000\007\001cEx]\211\377\330\360\215\2502\265\245\310\226\243c\302Ze\306\253#r\020\211\320iG\276\020E\317\035Sf\223F\254\002\370\316\212^2r\204\377\207q\251\315\325\027st\315\275D\367""\312l\350\374\304zy\305\007\340\030\220\357M\025\212p\\332\356\317\346Z\350r\255\236\025^\210\375\243\353\025X\213xq\220$\254,/\351\252\253/\351\252\264\n\000""; }; nodes {;   nodedata: ""\323C\344\327\264{\312-\017:\006{\177\344N\002\326bO\260\220\006\033\362\345\005U\221DzJ0\001\301\025%1L\307\t\261\262z\374\222T\301\274V\236\223\262\270Ct\362\337b\356\024*\324\320\351\317\002k\336\234\027v\351\217\260\303\360\233ZPZWr\246$w\313\313\r\243r\232\2234\373\3539:N\004Q\245\272D\312D\300\300\t\323\0257\345e\271\na\215{\226\255x%T\257\037\333\004\344_/R\006E\344\037@\210\363\010\336T\226\247'\204_{\261\370""1\235\2445\343\033Y!\212\201\341\272\225'\007Z\314\023h\n\020~\036\324P\254\001\274\227n\020\273\023\010\nq\216Z\344\004\3612B\205\257\335\036\013\003""; }; nodes {;   nodedata: ""o\324D\221#\020\205W\305\353\227hj\364\005l\234.@%-\272\034\327\352\rf\2573\006\026\236\004\003""; }; requestCookie: 2; "
1750527546008,1750527546008,1813,1,3,1,TMLedgerData,"ledgerHash: ""\363\262\310\025\251\261\276X\247\260J\221\345\357\037\231)|\321K\000\\326E\004\377\005\255""A?\250""; ledgerSeq: 0; type: liTS_CANDIDATE; nodes {;   nodedata: ""MJ\275'\324\005\036\313\204nW\300\362\327\016\205\236\021\351Q6\021\355\301\372\322\276g\026\243\361M\004\003"";   nodeid: ""\000\000\000\000\000\000\000\000\000\000\000\000\000\000\000\000\000\000\000\000\000\000\000\000\000\000\000\000\000\000\000\000\000""; }; requestCookie: 2; ","ledgerHash: ""\363\262\310\025\251\261\276X\247\260J\221\345\357\037\231)|\321K\000\\326E\004\377\005\255""A?\250""; ledgerSeq: 0; type: liTS_CANDIDATE; nodes {;   nodedata: ""MJ\275'\324\005\036\313\204nW\300\362\327\016\205\236\021\351Q6\021\355\301\372\322\276g\026\243\361M\004\003"";   nodeid: ""\000\000\000\000\000\000\000\000\000\000\000\000\000\000\000\000\000\000\000\000\000\000\000\000\000\000\000\000\000\000\000\000\000""; }; requestCookie: 2; "
1750527546035,1750527546035,1539,1,4,2,TMLedgerData,"ledgerHash: ""\363\262\310\025\251\261\276X\247\260J\221\345\357\037\231)|\321K\000\\326E\004\377\005\255""A?\250""; ledgerSeq: 0; type: liTS_CANDIDATE; nodes {;   nodedata: ""MJ\275'\324\005\036\313\204nW\300\362\327\016\205\236\021\351Q6\021\355\301\372\322\276g\026\243\361M\004\003"";   nodeid: ""\000\000\000\000\000\000\000\000\000\000\000\000\000\000\000\000\000\000\000\000\000\000\000\000\000\000\000\000\000\000\000\000\000""; }; requestCookie: 2; ","ledgerHash: ""\363\262\310\025\251\261\276X\247\260J\221\345\357\037\231)|\321K\000\\326E\004\377\005\255""A?\250""; ledgerSeq: 0; type: liTS_CANDIDATE; nodes {;   nodedata: ""MJ\275'\324\005\036\313\204nW\300\362\327\016\205\236\021\351Q6\021\355\301\372\322\276g\026\243\361M\004\003"";   nodeid: ""\000\000\000\000\000\000\000\000\000\000\000\000\000\000\000\000\000\000\000\000\000\000\000\000\000\000\000\000\000\000\000\000\000""; }; requestCookie: 2; "
1750527546048,1750527546048,1996,1,0,4,TMLedgerData,"ledgerHash: ""\326+\03569g\235`}\354\203s\003\217_Vf \233\324\237yU<\242:Zr\321\340\201]""; ledgerSeq: 7; type: liBASE; nodes {;   nodedata: ""\000\000\000\007\001cEx]\211\377\330\360\215\2502\265\245\310\226\243c\302Ze\306\253#r\020\211\320iG\276\020E\317\035Sf\223F\254\020N |\264\023\251\372`\001\r\225\217P\243\370m\037op\306\025\027\013\002\257\266J\025/\3729\220\014>4\264\253\207\255\233\\356\277\340\345\017\323\341\201\004TK\004\373\204\253\204\240\3155\357\026\353/\351\252\253/\351\252\264\n\000""; }; nodes {;   nodedata: ""\341\035\262xv\226\317f5\366\365\252a\177\355\302\326\t\222~j\320f\374/ \363\256\257\361 \303\001\301\025%1L\307\t\261\262z\374\222T\301\274V\236\223\262\270Ct\362\337b\356\024*\324\320\351\317\002,\377\251Q\263\245*\373\267\332I\261\001\251N\313Su!\333\331\260|\312%\271\263\267\320\313\036\303\004\330\210a4\256y^267\344\320H\t\331\316{n\002q\260\017U_\270\321B\024U\313\2054\006E\344\037@\210\363\010\336T\226\247'\204_{\261\370""1\235\2445\343\033Y!\212\201\341\272\225'\007Z\314\023h\n\020~\036\324P\254\001\274\227n\020\273\023\010\nq\216Z\344\004\3612B\205\257\335\036\013\003""; }; nodes {;   nodedata: ""\233\330\223\352\3012\234}\322\031(\362*;JR3m]\203<\234\204jiO\033\304\322\017\232\202\n\003""; }; ","ledgerHash: ""\326+\03569g\235`}\354\203s\003\217_Vf \233\324\237yU<\242:Zr\321\340\201]""; ledgerSeq: 7; type: liBASE; nodes {;   nodedata: ""\000\000\000\007\001cEx]\211\377\330\360\215\2502\265\245\310\226\243c\302Ze\306\253#r\020\211\320iG\276\020E\317\035Sf\223F\254\020N |\264\023\251\372`\001\r\225\217P\243\370m\037op\306\025\027\013\002\257\266J\025/\3729\220\014>4\264\253\207\255\233\\356\277\340\345\017\323\341\201\004TK\004\373\204\253\204\240\3155\357\026\353/\351\252\253/\351\252\264\n\000""; }; nodes {;   nodedata: ""\341\035\262xv\226\317f5\366\365\252a\177\355\302\326\t\222~j\320f\374/ \363\256\257\361 \303\001\301\025%1L\307\t\261\262z\374\222T\301\274V\236\223\262\270Ct\362\337b\356\024*\324\320\351\317\002,\377\251Q\263\245*\373\267\332I\261\001\251N\313Su!\333\331\260|\312%\271\263\267\320\313\036\303\004\330\210a4\256y^267\344\320H\t\331\316{n\002q\260\017U_\270\321B\024U\313\2054\006E\344\037@\210\363\010\336T\226\247'\204_{\261\370""1\235\2445\343\033Y!\212\201\341\272\225'\007Z\314\023h\n\020~\036\324P\254\001\274\227n\020\273\023\010\nq\216Z\344\004\3612B\205\257\335\036\013\003""; }; nodes {;   nodedata: ""\233\330\223\352\3012\234}\322\031(\362*;JR3m]\203<\234\204jiO\033\304\322\017\232\202\n\003""; }; "
1750527546064,1750527546064,3578,1,1,3,TMLedgerData,"ledgerHash: ""\341\310\354\0213\033\013\350\207z\236R(|z&\034\335\266\323\356\205\273DV\210\254\213T\rZ\347""; ledgerSeq: 0; type: liTS_CANDIDATE; nodes {;   nodedata: ""\256\322m\2146\221\305\341\316\031h?\276\005\207\253\236\tL;\371W\315\233X\345O\203\332\240\005\360\n\003"";   nodeid: ""\000\000\000\000\000\000\000\000\000\000\000\000\000\000\000\000\000\000\000\000\000\000\000\000\000\000\000\000\000\000\000\000\000""; }; requestCookie: 2; ","ledgerHash: ""\341\310\354\0213\033\013\350\207z\236R(|z&\034\335\266\323\356\205\273DV\210\254\213T\rZ\347""; ledgerSeq: 0; type: liTS_CANDIDATE; nodes {;   nodedata: ""\256\322m\2146\221\305\341\316\031h?\276\005\207\253\236\tL;\371W\315\233X\345O\203\332\240\005\360\n\003"";   nodeid: ""\000\000\000\000\000\000\000\000\000\000\000\000\000\000\000\000\000\000\000\000\000\000\000\000\000\000\000\000\000\000\000\000\000""; }; requestCookie: 2; "
1750527546079,1750527546079,2523,1,3,2,TMLedgerData,"ledgerHash: ""\341\310\354\0213\033\013\350\207z\236R(|z&\034\335\266\323\356\205\273DV\210\254\213T\rZ\347""; ledgerSeq: 0; type: liTS_CANDIDATE; nodes {;   nodedata: ""\256\322m\2146\221\305\341\316\031h?\276\005\207\253\236\tL;\371W\315\233X\345O\203\332\240\005\360\n\003"";   nodeid: ""\000\000\000\000\000\000\000\000\000\000\000\000\000\000\000\000\000\000\000\000\000\000\000\000\000\000\000\000\000\000\000\000\000""; }; ","ledgerHash: ""\341\310\354\0213\033\013\350\207z\236R(|z&\034\335\266\323\356\205\273DV\210\254\213T\rZ\347""; ledgerSeq: 0; type: liTS_CANDIDATE; nodes {;   nodedata: ""\256\322m\2146\221\305\341\316\031h?\276\005\207\253\236\tL;\371W\315\233X\345O\203\332\240\005\360\n\003"";   nodeid: ""\000\000\000\000\000\000\000\000\000\000\000\000\000\000\000\000\000\000\000\000\000\000\000\000\000\000\000\000\000\000\000\000\000""; }; "
1750527546097,1750527546097,2794,1,3,2,TMGetLedger,"itype: liTS_CANDIDATE; ledgerHash: ""\356\316\306(\314\366\340SA\320e\361\337A\350+\342\334{eBV\360\354\225)\263\237~v\236}""; nodeIDs: ""\000\000\000\000\000\000\000\000\000\000\000\000\000\000\000\000\000\000\000\000\000\000\000\000\000\000\000\000\000\000\000\000\000""; requestCookie: 2; queryType: qtINDIRECT; queryDepth: 3; ","itype: liTS_CANDIDATE; ledgerHash: ""\356\316\306(\314\366\340SA\320e\361\337A\350+\342\334{eBV\360\354\225)\263\237~v\236}""; nodeIDs: ""\000\000\000\000\000\000\000\000\000\000\000\000\000\000\000\000\000\000\000\000\000\000\000\000\000\000\000\000\000\000\000\000\000""; requestCookie: 2; queryType: qtINDIRECT; queryDepth: 3; "
1750527546101,1750527546101,1150,1,3,4,TMLedgerData,"ledgerHash: ""\341\310\354\0213\033\013\350\207z\236R(|z&\034\335\266\323\356\205\273DV\210\254\213T\rZ\347""; ledgerSeq: 0; type: liTS_CANDIDATE; nodes {;   nodedata: ""\256\322m\2146\221\305\341\316\031h?\276\005\207\253\236\tL;\371W\315\233X\345O\203\332\240\005\360\n\003"";   nodeid: ""\000\000\000\000\000\000\000\000\000\000\000\000\000\000\000\000\000\000\000\000\000\000\000\000\000\000\000\000\000\000\000\000\000""; }; ","ledgerHash: ""\341\310\354\0213\033\013\350\207z\236R(|z&\034\335\266\323\356\205\273DV\210\254\213T\rZ\347""; ledgerSeq: 0; type: liTS_CANDIDATE; nodes {;   nodedata: ""\256\322m\2146\221\305\341\316\031h?\276\005\207\253\236\tL;\371W\315\233X\345O\203\332\240\005\360\n\003"";   nodeid: ""\000\000\000\000\000\000\000\000\000\000\000\000\000\000\000\000\000\000\000\000\000\000\000\000\000\000\000\000\000\000\000\000\000""; }; "
1750527546128,1750527546128,1495,1,1,2,TMGetLedger,"itype: liTS_CANDIDATE; ledgerHash: ""\356\316\306(\314\366\340SA\320e\361\337A\350+\342\334{eBV\360\354\225)\263\237~v\236}""; nodeIDs: ""\000\000\000\000\000\000\000\000\000\000\000\000\000\000\000\000\000\000\000\000\000\000\000\000\000\000\000\000\000\000\000\000\000""; requestCookie: 2; queryType: qtINDIRECT; queryDepth: 3; ","itype: liTS_CANDIDATE; ledgerHash: ""\356\316\306(\314\366\340SA\320e\361\337A\350+\342\334{eBV\360\354\225)\263\237~v\236}""; nodeIDs: ""\000\000\000\000\000\000\000\000\000\000\000\000\000\000\000\000\000\000\000\000\000\000\000\000\000\000\000\000\000\000\000\000\000""; requestCookie: 2; queryType: qtINDIRECT; queryDepth: 3; "
1750527546155,1750527546156,1813,1,3,1,TMLedgerData,"ledgerHash: ""\276\230H\305\2714\032l\253n6W\035\354\257.f\r\217\302\203\224\212L\020\S\370\243OP*""; ledgerSeq: 7; type: liBASE; nodes {;   nodedata: ""\000\000\000\007\001cEx]\211\377\342\360\215\2502\265\245\310\226\243c\302Ze\306\253#r\020\211\320iG\276\020E\317\035Sf\223F\254\000\000\000\000\000\000\000\000\000\000\000\000\000\000\000\000\000\000\000\000\000\000\000\000\000\000\000\000\000\000\000\000\302r\207\007\303\237KvzB\356\335\030k\303\312\246:\352\202\037\210\2545\307\004\232\232\026\223SW/\351\252\253/\351\252\264\n\000""; }; nodes {;   nodedata: ""\341\035\262xv\226\317f5\366\365\252a\177\355\302\326\t\222~j\320f\374/ \363\256\257\361 \303\001\301\025%1L\307\t\261\262z\374\222T\301\274V\236\223\262\270Ct\362\337b\356\024*\324\320\351\317\002k\336\234\027v\351\217\260\303\360\233ZPZWr\246$w\313\313\r\243r\232\2234\373\3539:N\004;tP\302\307\005x\n\302lQ\275\237<g\321\233$\274p\355\310J\230\370\306\264\314\367C\275\272\006E\344\037@\210\363\010\336T\226\247'\204_{\261\370""1\235\2445\343\033Y!\212\201\341\272\225'\007Z\314\023h\n\020~\036\324P\254\001\274\227n\020\273\023\010\nq\216Z\344\004\3612B\205\257\335\036\013\003""; }; ","ledgerHash: ""\276\230H\305\2714\032l\253n6W\035\354\257.f\r\217\302\203\224\212L\020\S\370\243OP*""; ledgerSeq: 7; type: liBASE; nodes {;   nodedata: ""\000\000\000\007\001cEx]\211\377\342\360\215\2502\265\245\310\226\243c\302Ze\306\253#r\020\211\320iG\276\020E\317\035Sf\223F\254\000\000\000\000\000\000\000\000\000\000\000\000\000\000\000\000\000\000\000\000\000\000\000\000\000\000\000\000\000\000\000\000\302r\207\007\303\237KvzB\356\335\030k\303\312\246:\352\202\037\210\2545\307\004\232\232\026\223SW/\351\252\253/\351\252\264\n\000""; }; nodes {;   nodedata: ""\341\035\262xv\226\317f5\366\365\252a\177\355\302\326\t\222~j\320f\374/ \363\256\257\361 \303\001\301\025%1L\307\t\261\262z\374\222T\301\274V\236\223\262\270Ct\362\337b\356\024*\324\320\351\317\002k\336\234\027v\351\217\260\303\360\233ZPZWr\246$w\313\313\r\243r\232\2234\373\3539:N\004;tP\302\307\005x\n\302lQ\275\237<g\321\233$\274p\355\310J\230\370\306\264\314\367C\275\272\006E\344\037@\210\363\010\336T\226\247'\204_{\261\370""1\235\2445\343\033Y!\212\201\341\272\225'\007Z\314\023h\n\020~\036\324P\254\001\274\227n\020\273\023\010\nq\216Z\344\004\3612B\205\257\335\036\013\003""; }; "
1750527546193,1750527546193,1212,1,2,4,TMLedgerData,"ledgerHash: ""\356\316\306(\314\366\340SA\320e\361\337A\350+\342\334{eBV\360\354\225)\263\237~v\236}""; ledgerSeq: 0; type: liTS_CANDIDATE; nodes {;   nodedata: ""\216b\024\334gS\347X\272b\322\267\303L\230\361n\036 \270-E\361}\351O\347\233\337\314!\215\010\003"";   nodeid: ""\000\000\000\000\000\000\000\000\000\000\000\000\000\000\000\000\000\000\000\000\000\000\000\000\000\000\000\000\000\000\000\000\000""; }; requestCookie: 1; ","ledgerHash: ""\356\316\306(\314\366\340SA\320e\361\337A\350+\342\334{eBV\360\354\225)\263\237~v\236}""; ledgerSeq: 0; type: liTS_CANDIDATE; nodes {;   nodedata: ""\216b\024\334gS\347X\272b\322\267\303L\230\361n\036 \270-E\361}\351O\347\233\337\314!\215\010\003"";   nodeid: ""\000\000\000\000\000\000\000\000\000\000\000\000\000\000\000\000\000\000\000\000\000\000\000\000\000\000\000\000\000\000\000\000\000""; }; requestCookie: 1; "
1750527546230,1750527546230,1539,1,4,2,TMLedgerData,"ledgerHash: ""\326+\03569g\235`}\354\203s\003\217_Vf \233\324\237yU<\242:Zr\321\340\201]""; ledgerSeq: 7; type: liBASE; nodes {;   nodedata: ""\000\000\000\007\001cEx]\211\377\330\360\215\2502\265\245\310\226\243c\302Ze\306\253#r\020\211\320iG\276\020E\317\035Sf\223F\254\020N |\264\023\251\372`\001\r\225\217P\243\370m\037op\306\025\027\013\002\257\266J\025/\3729\220\014>4\264\253\207\255\233\\356\277\340\345\017\323\341\201\004TK\004\373\204\253\204\240\3155\357\026\353/\351\252\253/\351\252\264\n\000""; }; nodes {;   nodedata: ""\341\035\262xv\226\317f5\366\365\252a\177\355\302\326\t\222~j\320f\374/ \363\256\257\361 \303\001\301\025%1L\307\t\261\262z\374\222T\301\274V\236\223\262\270Ct\362\337b\356\024*\324\320\351\317\002,\377\251Q\263\245*\373\267\332I\261\001\251N\313Su!\333\331\260|\312%\271\263\267\320\313\036\303\004\330\210a4\256y^267\344\320H\t\331\316{n\002q\260\017U_\270\321B\024U\313\2054\006E\344\037@\210\363\010\336T\226\247'\204_{\261\370""1\235\2445\343\033Y!\212\201\341\272\225'\007Z\314\023h\n\020~\036\324P\254\001\274\227n\020\273\023\010\nq\216Z\344\004\3612B\205\257\335\036\013\003""; }; nodes {;   nodedata: ""\233\330\223\352\3012\234}\322\031(\362*;JR3m]\203<\234\204jiO\033\304\322\017\232\202\n\003""; }; ","ledgerHash: ""\326+\03569g\235`}\354\203s\003\217_Vf \233\324\237yU<\242:Zr\321\340\201]""; ledgerSeq: 7; type: liBASE; nodes {;   nodedata: ""\000\000\000\007\001cEx]\211\377\330\360\215\2502\265\245\310\226\243c\302Ze\306\253#r\020\211\320iG\276\020E\317\035Sf\223F\254\020N |\264\023\251\372`\001\r\225\217P\243\370m\037op\306\025\027\013\002\257\266J\025/\3729\220\014>4\264\253\207\255\233\\356\277\340\345\017\323\341\201\004TK\004\373\204\253\204\240\3155\357\026\353/\351\252\253/\351\252\264\n\000""; }; nodes {;   nodedata: ""\341\035\262xv\226\317f5\366\365\252a\177\355\302\326\t\222~j\320f\374/ \363\256\257\361 \303\001\301\025%1L\307\t\261\262z\374\222T\301\274V\236\223\262\270Ct\362\337b\356\024*\324\320\351\317\002,\377\251Q\263\245*\373\267\332I\261\001\251N\313Su!\333\331\260|\312%\271\263\267\320\313\036\303\004\330\210a4\256y^267\344\320H\t\331\316{n\002q\260\017U_\270\321B\024U\313\2054\006E\344\037@\210\363\010\336T\226\247'\204_{\261\370""1\235\2445\343\033Y!\212\201\341\272\225'\007Z\314\023h\n\020~\036\324P\254\001\274\227n\020\273\023\010\nq\216Z\344\004\3612B\205\257\335\036\013\003""; }; nodes {;   nodedata: ""\233\330\223\352\3012\234}\322\031(\362*;JR3m]\203<\234\204jiO\033\304\322\017\232\202\n\003""; }; "
1750527546262,1750527546262,1813,1,3,1,TMLedgerData,"ledgerHash: ""\363\262\310\025\251\261\276X\247\260J\221\345\357\037\231)|\321K\000\\326E\004\377\005\255""A?\250""; ledgerSeq: 0; type: liTS_CANDIDATE; nodes {;   nodedata: ""MJ\275'\324\005\036\313\204nW\300\362\327\016\205\236\021\351Q6\021\355\301\372\322\276g\026\243\361M\004\003"";   nodeid: ""\000\000\000\000\000\000\000\000\000\000\000\000\000\000\000\000\000\000\000\000\000\000\000\000\000\000\000\000\000\000\000\000\000""; }; requestCookie: 2; ","ledgerHash: ""\363\262\310\025\251\261\276X\247\260J\221\345\357\037\231)|\321K\000\\326E\004\377\005\255""A?\250""; ledgerSeq: 0; type: liTS_CANDIDATE; nodes {;   nodedata: ""MJ\275'\324\005\036\313\204nW\300\362\327\016\205\236\021\351Q6\021\355\301\372\322\276g\026\243\361M\004\003"";   nodeid: ""\000\000\000\000\000\000\000\000\000\000\000\000\000\000\000\000\000\000\000\000\000\000\000\000\000\000\000\000\000\000\000\000\000""; }; requestCookie: 2; "
1750527546270,1750527546270,3085,1,3,0,TMLedgerData,"ledgerHash: ""\341\310\354\0213\033\013\350\207z\236R(|z&\034\335\266\323\356\205\273DV\210\254\213T\rZ\347""; ledgerSeq: 0; type: liTS_CANDIDATE; nodes {;   nodedata: ""\256\322m\2146\221\305\341\316\031h?\276\005\207\253\236\tL;\371W\315\233X\345O\203\332\240\005\360\n\003"";   nodeid: ""\000\000\000\000\000\000\000\000\000\000\000\000\000\000\000\000\000\000\000\000\000\000\000\000\000\000\000\000\000\000\000\000\000""; }; ","ledgerHash: ""\341\310\354\0213\033\013\350\207z\236R(|z&\034\335\266\323\356\205\273DV\210\254\213T\rZ\347""; ledgerSeq: 0; type: liTS_CANDIDATE; nodes {;   nodedata: ""\256\322m\2146\221\305\341\316\031h?\276\005\207\253\236\tL;\371W\315\233X\345O\203\332\240\005\360\n\003"";   nodeid: ""\000\000\000\000\000\000\000\000\000\000\000\000\000\000\000\000\000\000\000\000\000\000\000\000\000\000\000\000\000\000\000\000\000""; }; "
1750527546303,1750527546303,1968,1,1,2,TMLedgerData,"ledgerHash: ""\326+\03569g\235`}\354\203s\003\217_Vf \233\324\237yU<\242:Zr\321\340\201]""; ledgerSeq: 7; type: liBASE; nodes {;   nodedata: ""\000\000\000\007\001cEx]\211\377\330\360\215\2502\265\245\310\226\243c\302Ze\306\253#r\020\211\320iG\276\020E\317\035Sf\223F\254\020N |\264\023\251\372`\001\r\225\217P\243\370m\037op\306\025\027\013\002\257\266J\025/\3729\220\014>4\264\253\207\255\233\\356\277\340\345\017\323\341\201\004TK\004\373\204\253\204\240\3155\357\026\353/\351\252\253/\351\252\264\n\000""; }; nodes {;   nodedata: ""\341\035\262xv\226\317f5\366\365\252a\177\355\302\326\t\222~j\320f\374/ \363\256\257\361 \303\001\301\025%1L\307\t\261\262z\374\222T\301\274V\236\223\262\270Ct\362\337b\356\024*\324\320\351\317\002,\377\251Q\263\245*\373\267\332I\261\001\251N\313Su!\333\331\260|\312%\271\263\267\320\313\036\303\004\330\210a4\256y^267\344\320H\t\331\316{n\002q\260\017U_\270\321B\024U\313\2054\006E\344\037@\210\363\010\336T\226\247'\204_{\261\370""1\235\2445\343\033Y!\212\201\341\272\225'\007Z\314\023h\n\020~\036\324P\254\001\274\227n\020\273\023\010\nq\216Z\344\004\3612B\205\257\335\036\013\003""; }; nodes {;   nodedata: ""\233\330\223\352\3012\234}\322\031(\362*;JR3m]\203<\234\204jiO\033\304\322\017\232\202\n\003""; }; requestCookie: 4; ","ledgerHash: ""\326+\03569g\235`}\354\203s\003\217_Vf \233\324\237yU<\242:Zr\321\340\201]""; ledgerSeq: 7; type: liBASE; nodes {;   nodedata: ""\000\000\000\007\001cEx]\211\377\330\360\215\2502\265\245\310\226\243c\302Ze\306\253#r\020\211\320iG\276\020E\317\035Sf\223F\254\020N |\264\023\251\372`\001\r\225\217P\243\370m\037op\306\025\027\013\002\257\266J\025/\3729\220\014>4\264\253\207\255\233\\356\277\340\345\017\323\341\201\004TK\004\373\204\253\204\240\3155\357\026\353/\351\252\253/\351\252\264\n\000""; }; nodes {;   nodedata: ""\341\035\262xv\226\317f5\366\365\252a\177\355\302\326\t\222~j\320f\374/ \363\256\257\361 \303\001\301\025%1L\307\t\261\262z\374\222T\301\274V\236\223\262\270Ct\362\337b\356\024*\324\320\351\317\002,\377\251Q\263\245*\373\267\332I\261\001\251N\313Su!\333\331\260|\312%\271\263\267\320\313\036\303\004\330\210a4\256y^267\344\320H\t\331\316{n\002q\260\017U_\270\321B\024U\313\2054\006E\344\037@\210\363\010\336T\226\247'\204_{\261\370""1\235\2445\343\033Y!\212\201\341\272\225'\007Z\314\023h\n\020~\036\324P\254\001\274\227n\020\273\023\010\nq\216Z\344\004\3612B\205\257\335\036\013\003""; }; nodes {;   nodedata: ""\233\330\223\352\3012\234}\322\031(\362*;JR3m]\203<\234\204jiO\033\304\322\017\232\202\n\003""; }; requestCookie: 4; "
1750527546316,1750527546316,380,1,0,4,TMGetLedger,"itype: liTX_NODE; ledgerHash: ""\033@\177e\277\016\010u\327\371&\262\312\317Q\2361t\377x\234\001v\003%\030\325_\225g\204\346""; ledgerSeq: 7; nodeIDs: ""@\000\000\000\000\000\000\000\000\000\000\000\000\000\000\000\000\000\000\000\000\000\000\000\000\000\000\000\000\000\000\000\001""; queryType: qtINDIRECT; queryDepth: 1; ","itype: liTX_NODE; ledgerHash: ""\033@\177e\277\016\010u\327\371&\262\312\317Q\2361t\377x\234\001v\003%\030\325_\225g\204\346""; ledgerSeq: 7; nodeIDs: ""@\000\000\000\000\000\000\000\000\000\000\000\000\000\000\000\000\000\000\000\000\000\000\000\000\000\000\000\000\000\000\000\001""; queryType: qtINDIRECT; queryDepth: 1; "
1750527546316,1750527546317,3378,1,4,0,TMLedgerData,"ledgerHash: ""\326+\03569g\235`}\354\203s\003\217_Vf \233\324\237yU<\242:Zr\321\340\201]""; ledgerSeq: 7; type: liBASE; nodes {;   nodedata: ""\000\000\000\007\001cEx]\211\377\330\360\215\2502\265\245\310\226\243c\302Ze\306\253#r\020\211\320iG\276\020E\317\035Sf\223F\254\020N |\264\023\251\372`\001\r\225\217P\243\370m\037op\306\025\027\013\002\257\266J\025/\3729\220\014>4\264\253\207\255\233\\356\277\340\345\017\323\341\201\004TK\004\373\204\253\204\240\3155\357\026\353/\351\252\253/\351\252\264\n\000""; }; nodes {;   nodedata: ""\341\035\262xv\226\317f5\366\365\252a\177\355\302\326\t\222~j\320f\374/ \363\256\257\361 \303\001\301\025%1L\307\t\261\262z\374\222T\301\274V\236\223\262\270Ct\362\337b\356\024*\324\320\351\317\002,\377\251Q\263\245*\373\267\332I\261\001\251N\313Su!\333\331\260|\312%\271\263\267\320\313\036\303\004\330\210a4\256y^267\344\320H\t\331\316{n\002q\260\017U_\270\321B\024U\313\2054\006E\344\037@\210\363\010\336T\226\247'\204_{\261\370""1\235\2445\343\033Y!\212\201\341\272\225'\007Z\314\023h\n\020~\036\324P\254\001\274\227n\020\273\023\010\nq\216Z\344\004\3612B\205\257\335\036\013\003""; }; nodes {;   nodedata: ""\233\330\223\352\3012\234}\322\031(\362*;JR3m]\203<\234\204jiO\033\304\322\017\232\202\n\003""; }; ","ledgerHash: ""\326+\03569g\235`}\354\203s\003\217_Vf \233\324\237yU<\242:Zr\321\340\201]""; ledgerSeq: 7; type: liBASE; nodes {;   nodedata: ""\000\000\000\007\001cEx]\211\377\330\360\215\2502\265\245\310\226\243c\302Ze\306\253#r\020\211\320iG\276\020E\317\035Sf\223F\254\020N |\264\023\251\372`\001\r\225\217P\243\370m\037op\306\025\027\013\002\257\266J\025/\3729\220\014>4\264\253\207\255\233\\356\277\340\345\017\323\341\201\004TK\004\373\204\253\204\240\3155\357\026\353/\351\252\253/\351\252\264\n\000""; }; nodes {;   nodedata: ""\341\035\262xv\226\317f5\366\365\252a\177\355\302\326\t\222~j\320f\374/ \363\256\257\361 \303\001\301\025%1L\307\t\261\262z\374\222T\301\274V\236\223\262\270Ct\362\337b\356\024*\324\320\351\317\002,\377\251Q\263\245*\373\267\332I\261\001\251N\313Su!\333\331\260|\312%\271\263\267\320\313\036\303\004\330\210a4\256y^267\344\320H\t\331\316{n\002q\260\017U_\270\321B\024U\313\2054\006E\344\037@\210\363\010\336T\226\247'\204_{\261\370""1\235\2445\343\033Y!\212\201\341\272\225'\007Z\314\023h\n\020~\036\324P\254\001\274\227n\020\273\023\010\nq\216Z\344\004\3612B\205\257\335\036\013\003""; }; nodes {;   nodedata: ""\233\330\223\352\3012\234}\322\031(\362*;JR3m]\203<\234\204jiO\033\304\322\017\232\202\n\003""; }; "
1750527546326,1750527546326,612,1,2,0,TMLedgerData,"ledgerHash: ""\363\262\310\025\251\261\276X\247\260J\221\345\357\037\231)|\321K\000\\326E\004\377\005\255""A?\250""; ledgerSeq: 0; type: liTS_CANDIDATE; nodes {;   nodedata: ""MJ\275'\324\005\036\313\204nW\300\362\327\016\205\236\021\351Q6\021\355\301\372\322\276g\026\243\361M\004\003"";   nodeid: ""\000\000\000\000\000\000\000\000\000\000\000\000\000\000\000\000\000\000\000\000\000\000\000\000\000\000\000\000\000\000\000\000\000""; }; ","ledgerHash: ""\363\262\310\025\251\261\276X\247\260J\221\345\357\037\231)|\321K\000\\326E\004\377\005\255""A?\250""; ledgerSeq: 0; type: liTS_CANDIDATE; nodes {;   nodedata: ""MJ\275'\324\005\036\313\204nW\300\362\327\016\205\236\021\351Q6\021\355\301\372\322\276g\026\243\361M\004\003"";   nodeid: ""\000\000\000\000\000\000\000\000\000\000\000\000\000\000\000\000\000\000\000\000\000\000\000\000\000\000\000\000\000\000\000\000\000""; }; "
1750527546339,1750527546340,612,1,2,0,TMLedgerData,"ledgerHash: ""\363\262\310\025\251\261\276X\247\260J\221\345\357\037\231)|\321K\000\\326E\004\377\005\255""A?\250""; ledgerSeq: 0; type: liTS_CANDIDATE; nodes {;   nodedata: ""MJ\275'\324\005\036\313\204nW\300\362\327\016\205\236\021\351Q6\021\355\301\372\322\276g\026\243\361M\004\003"";   nodeid: ""\000\000\000\000\000\000\000\000\000\000\000\000\000\000\000\000\000\000\000\000\000\000\000\000\000\000\000\000\000\000\000\000\000""; }; ","ledgerHash: ""\363\262\310\025\251\261\276X\247\260J\221\345\357\037\231)|\321K\000\\326E\004\377\005\255""A?\250""; ledgerSeq: 0; type: liTS_CANDIDATE; nodes {;   nodedata: ""MJ\275'\324\005\036\313\204nW\300\362\327\016\205\236\021\351Q6\021\355\301\372\322\276g\026\243\361M\004\003"";   nodeid: ""\000\000\000\000\000\000\000\000\000\000\000\000\000\000\000\000\000\000\000\000\000\000\000\000\000\000\000\000\000\000\000\000\000""; }; "
1750527546348,1750527546348,2794,1,3,2,TMGetLedger,"itype: liTS_CANDIDATE; ledgerHash: ""\356\316\306(\314\366\340SA\320e\361\337A\350+\342\334{eBV\360\354\225)\263\237~v\236}""; nodeIDs: ""\000\000\000\000\000\000\000\000\000\000\000\000\000\000\000\000\000\000\000\000\000\000\000\000\000\000\000\000\000\000\000\000\000""; requestCookie: 2; queryType: qtINDIRECT; queryDepth: 3; ","itype: liTS_CANDIDATE; ledgerHash: ""\356\316\306(\314\366\340SA\320e\361\337A\350+\342\334{eBV\360\354\225)\263\237~v\236}""; nodeIDs: ""\000\000\000\000\000\000\000\000\000\000\000\000\000\000\000\000\000\000\000\000\000\000\000\000\000\000\000\000\000\000\000\000\000""; requestCookie: 2; queryType: qtINDIRECT; queryDepth: 3; "
1750527546378,1750527546378,1495,1,1,2,TMGetLedger,"itype: liTS_CANDIDATE; ledgerHash: ""\356\316\306(\314\366\340SA\320e\361\337A\350+\342\334{eBV\360\354\225)\263\237~v\236}""; nodeIDs: ""\000\000\000\000\000\000\000\000\000\000\000\000\000\000\000\000\000\000\000\000\000\000\000\000\000\000\000\000\000\000\000\000\000""; requestCookie: 2; queryType: qtINDIRECT; queryDepth: 3; ","itype: liTS_CANDIDATE; ledgerHash: ""\356\316\306(\314\366\340SA\320e\361\337A\350+\342\334{eBV\360\354\225)\263\237~v\236}""; nodeIDs: ""\000\000\000\000\000\000\000\000\000\000\000\000\000\000\000\000\000\000\000\000\000\000\000\000\000\000\000\000\000\000\000\000\000""; requestCookie: 2; queryType: qtINDIRECT; queryDepth: 3; "
1750527546408,1750527546408,3378,1,4,0,TMLedgerData,"ledgerHash: ""\356\316\306(\314\366\340SA\320e\361\337A\350+\342\334{eBV\360\354\225)\263\237~v\236}""; ledgerSeq: 0; type: liTS_CANDIDATE; nodes {;   nodedata: ""\216b\024\334gS\347X\272b\322\267\303L\230\361n\036 \270-E\361}\351O\347\233\337\314!\215\010\003"";   nodeid: ""\000\000\000\000\000\000\000\000\000\000\000\000\000\000\000\000\000\000\000\000\000\000\000\000\000\000\000\000\000\000\000\000\000""; }; ","ledgerHash: ""\356\316\306(\314\366\340SA\320e\361\337A\350+\342\334{eBV\360\354\225)\263\237~v\236}""; ledgerSeq: 0; type: liTS_CANDIDATE; nodes {;   nodedata: ""\216b\024\334gS\347X\272b\322\267\303L\230\361n\036 \270-E\361}\351O\347\233\337\314!\215\010\003"";   nodeid: ""\000\000\000\000\000\000\000\000\000\000\000\000\000\000\000\000\000\000\000\000\000\000\000\000\000\000\000\000\000\000\000\000\000""; }; "
1750527546427,1750527546427,3818,1,0,2,TMLedgerData,"ledgerHash: ""\326+\03569g\235`}\354\203s\003\217_Vf \233\324\237yU<\242:Zr\321\340\201]""; ledgerSeq: 7; type: liBASE; nodes {;   nodedata: ""\000\000\000\007\001cEx]\211\377\330\360\215\2502\265\245\310\226\243c\302Ze\306\253#r\020\211\320iG\276\020E\317\035Sf\223F\254\020N |\264\023\251\372`\001\r\225\217P\243\370m\037op\306\025\027\013\002\257\266J\025/\3729\220\014>4\264\253\207\255\233\\356\277\340\345\017\323\341\201\004TK\004\373\204\253\204\240\3155\357\026\353/\351\252\253/\351\252\264\n\000""; }; nodes {;   nodedata: ""\341\035\262xv\226\317f5\366\365\252a\177\355\302\326\t\222~j\320f\374/ \363\256\257\361 \303\001\301\025%1L\307\t\261\262z\374\222T\301\274V\236\223\262\270Ct\362\337b\356\024*\324\320\351\317\002,\377\251Q\263\245*\373\267\332I\261\001\251N\313Su!\333\331\260|\312%\271\263\267\320\313\036\303\004\330\210a4\256y^267\344\320H\t\331\316{n\002q\260\017U_\270\321B\024U\313\2054\006E\344\037@\210\363\010\336T\226\247'\204_{\261\370""1\235\2445\343\033Y!\212\201\341\272\225'\007Z\314\023h\n\020~\036\324P\254\001\274\227n\020\273\023\010\nq\216Z\344\004\3612B\205\257\335\036\013\003""; }; nodes {;   nodedata: ""\233\330\223\352\3012\234}\322\031(\362*;JR3m]\203<\234\204jiO\033\304\322\017\232\202\n\003""; }; ","ledgerHash: ""\326+\03569g\235`}\354\203s\003\217_Vf \233\324\237yU<\242:Zr\321\340\201]""; ledgerSeq: 7; type: liBASE; nodes {;   nodedata: ""\000\000\000\007\001cEx]\211\377\330\360\215\2502\265\245\310\226\243c\302Ze\306\253#r\020\211\320iG\276\020E\317\035Sf\223F\254\020N |\264\023\251\372`\001\r\225\217P\243\370m\037op\306\025\027\013\002\257\266J\025/\3729\220\014>4\264\253\207\255\233\\356\277\340\345\017\323\341\201\004TK\004\373\204\253\204\240\3155\357\026\353/\351\252\253/\351\252\264\n\000""; }; nodes {;   nodedata: ""\341\035\262xv\226\317f5\366\365\252a\177\355\302\326\t\222~j\320f\374/ \363\256\257\361 \303\001\301\025%1L\307\t\261\262z\374\222T\301\274V\236\223\262\270Ct\362\337b\356\024*\324\320\351\317\002,\377\251Q\263\245*\373\267\332I\261\001\251N\313Su!\333\331\260|\312%\271\263\267\320\313\036\303\004\330\210a4\256y^267\344\320H\t\331\316{n\002q\260\017U_\270\321B\024U\313\2054\006E\344\037@\210\363\010\336T\226\247'\204_{\261\370""1\235\2445\343\033Y!\212\201\341\272\225'\007Z\314\023h\n\020~\036\324P\254\001\274\227n\020\273\023\010\nq\216Z\344\004\3612B\205\257\335\036\013\003""; }; nodes {;   nodedata: ""\233\330\223\352\3012\234}\322\031(\362*;JR3m]\203<\234\204jiO\033\304\322\017\232\202\n\003""; }; "
1750527546446,1750527546446,860,1,1,0,TMLedgerData,"ledgerHash: ""\363\262\310\025\251\261\276X\247\260J\221\345\357\037\231)|\321K\000\\326E\004\377\005\255""A?\250""; ledgerSeq: 0; type: liTS_CANDIDATE; nodes {;   nodedata: ""MJ\275'\324\005\036\313\204nW\300\362\327\016\205\236\021\351Q6\021\355\301\372\322\276g\026\243\361M\004\003"";   nodeid: ""\000\000\000\000\000\000\000\000\000\000\000\000\000\000\000\000\000\000\000\000\000\000\000\000\000\000\000\000\000\000\000\000\000""; }; ","ledgerHash: ""\363\262\310\025\251\261\276X\247\260J\221\345\357\037\231)|\321K\000\\326E\004\377\005\255""A?\250""; ledgerSeq: 0; type: liTS_CANDIDATE; nodes {;   nodedata: ""MJ\275'\324\005\036\313\204nW\300\362\327\016\205\236\021\351Q6\021\355\301\372\322\276g\026\243\361M\004\003"";   nodeid: ""\000\000\000\000\000\000\000\000\000\000\000\000\000\000\000\000\000\000\000\000\000\000\000\000\000\000\000\000\000\000\000\000\000""; }; "
1750527546471,1750527546471,860,1,1,0,TMLedgerData,"ledgerHash: ""\326+\03569g\235`}\354\203s\003\217_Vf \233\324\237yU<\242:Zr\321\340\201]""; ledgerSeq: 7; type: liBASE; nodes {;   nodedata: ""\000\000\000\007\001cEx]\211\377\330\360\215\2502\265\245\310\226\243c\302Ze\306\253#r\020\211\320iG\276\020E\317\035Sf\223F\254\020N |\264\023\251\372`\001\r\225\217P\243\370m\037op\306\025\027\013\002\257\266J\025/\3729\220\014>4\264\253\207\255\233\\356\277\340\345\017\323\341\201\004TK\004\373\204\253\204\240\3155\357\026\353/\351\252\253/\351\252\264\n\000""; }; nodes {;   nodedata: ""\341\035\262xv\226\317f5\366\365\252a\177\355\302\326\t\222~j\320f\374/ \363\256\257\361 \303\001\301\025%1L\307\t\261\262z\374\222T\301\274V\236\223\262\270Ct\362\337b\356\024*\324\320\351\317\002,\377\251Q\263\245*\373\267\332I\261\001\251N\313Su!\333\331\260|\312%\271\263\267\320\313\036\303\004\330\210a4\256y^267\344\320H\t\331\316{n\002q\260\017U_\270\321B\024U\313\2054\006E\344\037@\210\363\010\336T\226\247'\204_{\261\370""1\235\2445\343\033Y!\212\201\341\272\225'\007Z\314\023h\n\020~\036\324P\254\001\274\227n\020\273\023\010\nq\216Z\344\004\3612B\205\257\335\036\013\003""; }; nodes {;   nodedata: ""\233\330\223\352\3012\234}\322\031(\362*;JR3m]\203<\234\204jiO\033\304\322\017\232\202\n\003""; }; requestCookie: 4; ","ledgerHash: ""\326+\03569g\235`}\354\203s\003\217_Vf \233\324\237yU<\242:Zr\321\340\201]""; ledgerSeq: 7; type: liBASE; nodes {;   nodedata: ""\000\000\000\007\001cEx]\211\377\330\360\215\2502\265\245\310\226\243c\302Ze\306\253#r\020\211\320iG\276\020E\317\035Sf\223F\254\020N |\264\023\251\372`\001\r\225\217P\243\370m\037op\306\025\027\013\002\257\266J\025/\3729\220\014>4\264\253\207\255\233\\356\277\340\345\017\323\341\201\004TK\004\373\204\253\204\240\3155\357\026\353/\351\252\253/\351\252\264\n\000""; }; nodes {;   nodedata: ""\341\035\262xv\226\317f5\366\365\252a\177\355\302\326\t\222~j\320f\374/ \363\256\257\361 \303\001\301\025%1L\307\t\261\262z\374\222T\301\274V\236\223\262\270Ct\362\337b\356\024*\324\320\351\317\002,\377\251Q\263\245*\373\267\332I\261\001\251N\313Su!\333\331\260|\312%\271\263\267\320\313\036\303\004\330\210a4\256y^267\344\320H\t\331\316{n\002q\260\017U_\270\321B\024U\313\2054\006E\344\037@\210\363\010\336T\226\247'\204_{\261\370""1\235\2445\343\033Y!\212\201\341\272\225'\007Z\314\023h\n\020~\036\324P\254\001\274\227n\020\273\023\010\nq\216Z\344\004\3612B\205\257\335\036\013\003""; }; nodes {;   nodedata: ""\233\330\223\352\3012\234}\322\031(\362*;JR3m]\203<\234\204jiO\033\304\322\017\232\202\n\003""; }; requestCookie: 4; "
1750527546511,1750527546511,1813,1,3,1,TMLedgerData,"ledgerHash: ""\363\262\310\025\251\261\276X\247\260J\221\345\357\037\231)|\321K\000\\326E\004\377\005\255""A?\250""; ledgerSeq: 0; type: liTS_CANDIDATE; nodes {;   nodedata: ""MJ\275'\324\005\036\313\204nW\300\362\327\016\205\236\021\351Q6\021\355\301\372\322\276g\026\243\361M\004\003"";   nodeid: ""\000\000\000\000\000\000\000\000\000\000\000\000\000\000\000\000\000\000\000\000\000\000\000\000\000\000\000\000\000\000\000\000\000""; }; requestCookie: 2; ","ledgerHash: ""\363\262\310\025\251\261\276X\247\260J\221\345\357\037\231)|\321K\000\\326E\004\377\005\255""A?\250""; ledgerSeq: 0; type: liTS_CANDIDATE; nodes {;   nodedata: ""MJ\275'\324\005\036\313\204nW\300\362\327\016\205\236\021\351Q6\021\355\301\372\322\276g\026\243\361M\004\003"";   nodeid: ""\000\000\000\000\000\000\000\000\000\000\000\000\000\000\000\000\000\000\000\000\000\000\000\000\000\000\000\000\000\000\000\000\000""; }; requestCookie: 2; "
1750527546520,1750527546520,3085,1,3,0,TMLedgerData,"ledgerHash: ""\341\310\354\0213\033\013\350\207z\236R(|z&\034\335\266\323\356\205\273DV\210\254\213T\rZ\347""; ledgerSeq: 0; type: liTS_CANDIDATE; nodes {;   nodedata: ""\256\322m\2146\221\305\341\316\031h?\276\005\207\253\236\tL;\371W\315\233X\345O\203\332\240\005\360\n\003"";   nodeid: ""\000\000\000\000\000\000\000\000\000\000\000\000\000\000\000\000\000\000\000\000\000\000\000\000\000\000\000\000\000\000\000\000\000""; }; ","ledgerHash: ""\341\310\354\0213\033\013\350\207z\236R(|z&\034\335\266\323\356\205\273DV\210\254\213T\rZ\347""; ledgerSeq: 0; type: liTS_CANDIDATE; nodes {;   nodedata: ""\256\322m\2146\221\305\341\316\031h?\276\005\207\253\236\tL;\371W\315\233X\345O\203\332\240\005\360\n\003"";   nodeid: ""\000\000\000\000\000\000\000\000\000\000\000\000\000\000\000\000\000\000\000\000\000\000\000\000\000\000\000\000\000\000\000\000\000""; }; "
1750527546530,1750527546530,1665,1,2,3,TMLedgerData,"ledgerHash: ""\341\310\354\0213\033\013\350\207z\236R(|z&\034\335\266\323\356\205\273DV\210\254\213T\rZ\347""; ledgerSeq: 0; type: liTS_CANDIDATE; nodes {;   nodedata: ""\256\322m\2146\221\305\341\316\031h?\276\005\207\253\236\tL;\371W\315\233X\345O\203\332\240\005\360\n\003"";   nodeid: ""\000\000\000\000\000\000\000\000\000\000\000\000\000\000\000\000\000\000\000\000\000\000\000\000\000\000\000\000\000\000\000\000\000""; }; requestCookie: 2; ","ledgerHash: ""\341\310\354\0213\033\013\350\207z\236R(|z&\034\335\266\323\356\205\273DV\210\254\213T\rZ\347""; ledgerSeq: 0; type: liTS_CANDIDATE; nodes {;   nodedata: ""\256\322m\2146\221\305\341\316\031h?\276\005\207\253\236\tL;\371W\315\233X\345O\203\332\240\005\360\n\003"";   nodeid: ""\000\000\000\000\000\000\000\000\000\000\000\000\000\000\000\000\000\000\000\000\000\000\000\000\000\000\000\000\000\000\000\000\000""; }; requestCookie: 2; "
1750527546566,1750527546566,3578,1,1,3,TMLedgerData,"ledgerHash: ""\341\310\354\0213\033\013\350\207z\236R(|z&\034\335\266\323\356\205\273DV\210\254\213T\rZ\347""; ledgerSeq: 0; type: liTS_CANDIDATE; nodes {;   nodedata: ""\256\322m\2146\221\305\341\316\031h?\276\005\207\253\236\tL;\371W\315\233X\345O\203\332\240\005\360\n\003"";   nodeid: ""\000\000\000\000\000\000\000\000\000\000\000\000\000\000\000\000\000\000\000\000\000\000\000\000\000\000\000\000\000\000\000\000\000""; }; requestCookie: 2; ","ledgerHash: ""\341\310\354\0213\033\013\350\207z\236R(|z&\034\335\266\323\356\205\273DV\210\254\213T\rZ\347""; ledgerSeq: 0; type: liTS_CANDIDATE; nodes {;   nodedata: ""\256\322m\2146\221\305\341\316\031h?\276\005\207\253\236\tL;\371W\315\233X\345O\203\332\240\005\360\n\003"";   nodeid: ""\000\000\000\000\000\000\000\000\000\000\000\000\000\000\000\000\000\000\000\000\000\000\000\000\000\000\000\000\000\000\000\000\000""; }; requestCookie: 2; "
1750527546567,1750527546567,2523,1,3,2,TMLedgerData,"ledgerHash: ""\363\262\310\025\251\261\276X\247\260J\221\345\357\037\231)|\321K\000\\326E\004\377\005\255""A?\250""; ledgerSeq: 0; type: liTS_CANDIDATE; nodes {;   nodedata: ""MJ\275'\324\005\036\313\204nW\300\362\327\016\205\236\021\351Q6\021\355\301\372\322\276g\026\243\361M\004\003"";   nodeid: ""\000\000\000\000\000\000\000\000\000\000\000\000\000\000\000\000\000\000\000\000\000\000\000\000\000\000\000\000\000\000\000\000\000""; }; requestCookie: 2; ","ledgerHash: ""\363\262\310\025\251\261\276X\247\260J\221\345\357\037\231)|\321K\000\\326E\004\377\005\255""A?\250""; ledgerSeq: 0; type: liTS_CANDIDATE; nodes {;   nodedata: ""MJ\275'\324\005\036\313\204nW\300\362\327\016\205\236\021\351Q6\021\355\301\372\322\276g\026\243\361M\004\003"";   nodeid: ""\000\000\000\000\000\000\000\000\000\000\000\000\000\000\000\000\000\000\000\000\000\000\000\000\000\000\000\000\000\000\000\000\000""; }; requestCookie: 2; "
1750527546576,1750527546576,612,1,2,0,TMLedgerData,"ledgerHash: ""\363\262\310\025\251\261\276X\247\260J\221\345\357\037\231)|\321K\000\\326E\004\377\005\255""A?\250""; ledgerSeq: 0; type: liTS_CANDIDATE; nodes {;   nodedata: ""MJ\275'\324\005\036\313\204nW\300\362\327\016\205\236\021\351Q6\021\355\301\372\322\276g\026\243\361M\004\003"";   nodeid: ""\000\000\000\000\000\000\000\000\000\000\000\000\000\000\000\000\000\000\000\000\000\000\000\000\000\000\000\000\000\000\000\000\000""; }; ","ledgerHash: ""\363\262\310\025\251\261\276X\247\260J\221\345\357\037\231)|\321K\000\\326E\004\377\005\255""A?\250""; ledgerSeq: 0; type: liTS_CANDIDATE; nodes {;   nodedata: ""MJ\275'\324\005\036\313\204nW\300\362\327\016\205\236\021\351Q6\021\355\301\372\322\276g\026\243\361M\004\003"";   nodeid: ""\000\000\000\000\000\000\000\000\000\000\000\000\000\000\000\000\000\000\000\000\000\000\000\000\000\000\000\000\000\000\000\000\000""; }; "
1750527546590,1750527546590,612,1,2,0,TMLedgerData,"ledgerHash: ""\363\262\310\025\251\261\276X\247\260J\221\345\357\037\231)|\321K\000\\326E\004\377\005\255""A?\250""; ledgerSeq: 0; type: liTS_CANDIDATE; nodes {;   nodedata: ""MJ\275'\324\005\036\313\204nW\300\362\327\016\205\236\021\351Q6\021\355\301\372\322\276g\026\243\361M\004\003"";   nodeid: ""\000\000\000\000\000\000\000\000\000\000\000\000\000\000\000\000\000\000\000\000\000\000\000\000\000\000\000\000\000\000\000\000\000""; }; ","ledgerHash: ""\363\262\310\025\251\261\276X\247\260J\221\345\357\037\231)|\321K\000\\326E\004\377\005\255""A?\250""; ledgerSeq: 0; type: liTS_CANDIDATE; nodes {;   nodedata: ""MJ\275'\324\005\036\313\204nW\300\362\327\016\205\236\021\351Q6\021\355\301\372\322\276g\026\243\361M\004\003"";   nodeid: ""\000\000\000\000\000\000\000\000\000\000\000\000\000\000\000\000\000\000\000\000\000\000\000\000\000\000\000\000\000\000\000\000\000""; }; "
1750527546597,1750527546597,2794,1,3,2,TMGetLedger,"itype: liTS_CANDIDATE; ledgerHash: ""\356\316\306(\314\366\340SA\320e\361\337A\350+\342\334{eBV\360\354\225)\263\237~v\236}""; nodeIDs: ""\000\000\000\000\000\000\000\000\000\000\000\000\000\000\000\000\000\000\000\000\000\000\000\000\000\000\000\000\000\000\000\000\000""; requestCookie: 2; queryType: qtINDIRECT; queryDepth: 3; ","itype: liTS_CANDIDATE; ledgerHash: ""\356\316\306(\314\366\340SA\320e\361\337A\350+\342\334{eBV\360\354\225)\263\237~v\236}""; nodeIDs: ""\000\000\000\000\000\000\000\000\000\000\000\000\000\000\000\000\000\000\000\000\000\000\000\000\000\000\000\000\000\000\000\000\000""; requestCookie: 2; queryType: qtINDIRECT; queryDepth: 3; "
1750527546628,1750527546628,1495,1,1,2,TMGetLedger,"itype: liTS_CANDIDATE; ledgerHash: ""\356\316\306(\314\366\340SA\320e\361\337A\350+\342\334{eBV\360\354\225)\263\237~v\236}""; nodeIDs: ""\000\000\000\000\000\000\000\000\000\000\000\000\000\000\000\000\000\000\000\000\000\000\000\000\000\000\000\000\000\000\000\000\000""; requestCookie: 2; queryType: qtINDIRECT; queryDepth: 3; ","itype: liTS_CANDIDATE; ledgerHash: ""\356\316\306(\314\366\340SA\320e\361\337A\350+\342\334{eBV\360\354\225)\263\237~v\236}""; nodeIDs: ""\000\000\000\000\000\000\000\000\000\000\000\000\000\000\000\000\000\000\000\000\000\000\000\000\000\000\000\000\000\000\000\000\000""; requestCookie: 2; queryType: qtINDIRECT; queryDepth: 3; "
1750527546657,1750527546657,3378,1,4,0,TMLedgerData,"ledgerHash: ""\356\316\306(\314\366\340SA\320e\361\337A\350+\342\334{eBV\360\354\225)\263\237~v\236}""; ledgerSeq: 0; type: liTS_CANDIDATE; nodes {;   nodedata: ""\216b\024\334gS\347X\272b\322\267\303L\230\361n\036 \270-E\361}\351O\347\233\337\314!\215\010\003"";   nodeid: ""\000\000\000\000\000\000\000\000\000\000\000\000\000\000\000\000\000\000\000\000\000\000\000\000\000\000\000\000\000\000\000\000\000""; }; ","ledgerHash: ""\356\316\306(\314\366\340SA\320e\361\337A\350+\342\334{eBV\360\354\225)\263\237~v\236}""; ledgerSeq: 0; type: liTS_CANDIDATE; nodes {;   nodedata: ""\216b\024\334gS\347X\272b\322\267\303L\230\361n\036 \270-E\361}\351O\347\233\337\314!\215\010\003"";   nodeid: ""\000\000\000\000\000\000\000\000\000\000\000\000\000\000\000\000\000\000\000\000\000\000\000\000\000\000\000\000\000\000\000\000\000""; }; "
1750527546662,1750527546662,860,1,1,0,TMLedgerData,"ledgerHash: ""\326+\03569g\235`}\354\203s\003\217_Vf \233\324\237yU<\242:Zr\321\340\201]""; ledgerSeq: 7; type: liAS_NODE; nodes {;   nodedata: ""\021\000a""\000\000\000\000$\000\000\000\005%\000\000\000\007-\000\000\000\000U\256\322m\2146\221\305\341\316\031h?\276\005\207\253\236\tL;\371W\315\233X\345O\203\332\240\005\360b@\000\000*$\200\024@\201\024\237\311\327\222\336\304\221\216Q\027\001uf'%5\022:P\210@e&\014`#?\020s\314\3035_u\244\223G\263\322\035\357\201\363\033\220\333`\311\331n\373\360\001"";   nodeid: ""@\000\000\000\000\000\000\000\000\000\000\000\000\000\000\000\000\000\000\000\000\000\000\000\000\000\000\000\000\000\000\000\001""; }; nodes {;   nodedata: ""\021\000a""\000\000\000\000$\000\000\000\006%\000\000\000\007-\000\000\000\000U\256\322m\2146\221\305\341\316\031h?\276\005\207\253\236\tL;\371W\315\233X\345O\203\332\240\005\360b@\000\000\004l\214@6\201\024\3177\2633\3425H\2210g]\027\350~`\267{\247\373\332g\244\337\353\312\013\236hD\305E\177)\365\031\344}\231\342 ?\273\261,\263l\2443V5tR\001"";   nodeid: ""`\000\000\000\000\000\000\000\000\000\000\000\000\000\000\000\000\000\000\000\000\000\000\000\000\000\000\000\000\000\000\000\001""; }; ","ledgerHash: ""\326+\03569g\235`}\354\203s\003\217_Vf \233\324\237yU<\242:Zr\321\340\201]""; ledgerSeq: 7; type: liAS_NODE; nodes {;   nodedata: ""\021\000a""\000\000\000\000$\000\000\000\005%\000\000\000\007-\000\000\000\000U\256\322m\2146\221\305\341\316\031h?\276\005\207\253\236\tL;\371W\315\233X\345O\203\332\240\005\360b@\000\000*$\200\024@\201\024\237\311\327\222\336\304\221\216Q\027\001uf'%5\022:P\210@e&\014`#?\020s\314\3035_u\244\223G\263\322\035\357\201\363\033\220\333`\311\331n\373\360\001"";   nodeid: ""@\000\000\000\000\000\000\000\000\000\000\000\000\000\000\000\000\000\000\000\000\000\000\000\000\000\000\000\000\000\000\000\001""; }; nodes {;   nodedata: ""\021\000a""\000\000\000\000$\000\000\000\006%\000\000\000\007-\000\000\000\000U\256\322m\2146\221\305\341\316\031h?\276\005\207\253\236\tL;\371W\315\233X\345O\203\332\240\005\360b@\000\000\004l\214@6\201\024\3177\2633\3425H\2210g]\027\350~`\267{\247\373\332g\244\337\353\312\013\236hD\305E\177)\365\031\344}\231\342 ?\273\261,\263l\2443V5tR\001"";   nodeid: ""`\000\000\000\000\000\000\000\000\000\000\000\000\000\000\000\000\000\000\000\000\000\000\000\000\000\000\000\000\000\000\000\001""; }; "
1750527546689,1750527546690,1968,1,1,2,TMLedgerData,"ledgerHash: ""\326+\03569g\235`}\354\203s\003\217_Vf \233\324\237yU<\242:Zr\321\340\201]""; ledgerSeq: 7; type: liBASE; nodes {;   nodedata: ""\000\000\000\007\001cEx]\211\377\330\360\215\2502\265\245\310\226\243c\302Ze\306\253#r\020\211\320iG\276\020E\317\035Sf\223F\254\020N |\264\023\251\372`\001\r\225\217P\243\370m\037op\306\025\027\013\002\257\266J\025/\3729\220\014>4\264\253\207\255\233\\356\277\340\345\017\323\341\201\004TK\004\373\204\253\204\240\3155\357\026\353/\351\252\253/\351\252\264\n\000""; }; nodes {;   nodedata: ""\341\035\262xv\226\317f5\366\365\252a\177\355\302\326\t\222~j\320f\374/ \363\256\257\361 \303\001\301\025%1L\307\t\261\262z\374\222T\301\274V\236\223\262\270Ct\362\337b\356\024*\324\320\351\317\002,\377\251Q\263\245*\373\267\332I\261\001\251N\313Su!\333\331\260|\312%\271\263\267\320\313\036\303\004\330\210a4\256y^267\344\320H\t\331\316{n\002q\260\017U_\270\321B\024U\313\2054\006E\344\037@\210\363\010\336T\226\247'\204_{\261\370""1\235\2445\343\033Y!\212\201\341\272\225'\007Z\314\023h\n\020~\036\324P\254\001\274\227n\020\273\023\010\nq\216Z\344\004\3612B\205\257\335\036\013\003""; }; nodes {;   nodedata: ""\233\330\223\352\3012\234}\322\031(\362*;JR3m]\203<\234\204jiO\033\304\322\017\232\202\n\003""; }; requestCookie: 5; ","ledgerHash: ""\326+\03569g\235`}\354\203s\003\217_Vf \233\324\237yU<\242:Zr\321\340\201]""; ledgerSeq: 7; type: liBASE; nodes {;   nodedata: ""\000\000\000\007\001cEx]\211\377\330\360\215\2502\265\245\310\226\243c\302Ze\306\253#r\020\211\320iG\276\020E\317\035Sf\223F\254\020N |\264\023\251\372`\001\r\225\217P\243\370m\037op\306\025\027\013\002\257\266J\025/\3729\220\014>4\264\253\207\255\233\\356\277\340\345\017\323\341\201\004TK\004\373\204\253\204\240\3155\357\026\353/\351\252\253/\351\252\264\n\000""; }; nodes {;   nodedata: ""\341\035\262xv\226\317f5\366\365\252a\177\355\302\326\t\222~j\320f\374/ \363\256\257\361 \303\001\301\025%1L\307\t\261\262z\374\222T\301\274V\236\223\262\270Ct\362\337b\356\024*\324\320\351\317\002,\377\251Q\263\245*\373\267\332I\261\001\251N\313Su!\333\331\260|\312%\271\263\267\320\313\036\303\004\330\210a4\256y^267\344\320H\t\331\316{n\002q\260\017U_\270\321B\024U\313\2054\006E\344\037@\210\363\010\336T\226\247'\204_{\261\370""1\235\2445\343\033Y!\212\201\341\272\225'\007Z\314\023h\n\020~\036\324P\254\001\274\227n\020\273\023\010\nq\216Z\344\004\3612B\205\257\335\036\013\003""; }; nodes {;   nodedata: ""\233\330\223\352\3012\234}\322\031(\362*;JR3m]\203<\234\204jiO\033\304\322\017\232\202\n\003""; }; requestCookie: 5; "
1750527546699,1750527546699,3378,1,4,0,TMLedgerData,"ledgerHash: ""\033@\177e\277\016\010u\327\371&\262\312\317Q\2361t\377x\234\001v\003%\030\325_\225g\204\346""; ledgerSeq: 7; type: liTX_NODE; nodes {;   nodedata: ""\274\022\000\000""\000\000\000\000$\000\000\000\005 \033\000\000\000\032a@\000\000\023S/~\000h@\000\000\000\000\000\000\ns!\003K\250\201V\354\353\020.\253\242\026x\202\312\234\3314!'\021-D\001\225\355\256\367\361\211\2710ltF0D\002 \034\347n\276,\014\034\014\216\3362\020\300A\022\234@\257j\263\362\3726r\303\260\tx\027-6\261\002 Pk?<\332\275\247\267E\234\270\035\306\367\2318t\243_\266\366\311\006|\316\223A\211\243\266\226\341\201\024\3177\2633\3425H\2210g]\027\350~`\267{\247\373\332\203\024\272\177ez`?~\240\022\321\013D\240\325V\364\241\375\n@\301] \034\000\000\000\000\370\345\021\000a%\000\000\000\005U\002i\361\030\371\256\265\036\320\273\013\357<\215/(\215[\231D\357Gd\372\270\316\261\301\342\327\225\241V\030+E\324}\254\210\205\211\200xl\010D\242\344Yy\230'SU,\346\210\010%\240N\231\363\306\346b@\000\000\027H\206*@\341\347""\000\000\000\000$\000\000\000\005-\000\000\000\000b@\000\000*\233\265\250@\201\024\272\177ez`?~\240\022\321\013D\240\325V\364\241\375\n@\341\341\345\021\000a%\000\000\000\005U\240\231\202k\030<\225\205;%\337\001\376d\216V\310\306k>\373\322\372\353b\3659\350\345\324F\026Vg\244\337\353\312\013\236hD\305E\177)\365\031\344}\231\342 ?\273\261,\263l\2443V5tR\346$\000\000\000\005b@\000\000\027H\206*@\341\347""\000\000\000\000$\000\000\000\006-\000\000\000\000b@\000\000\003\365V\2546\201\024\3177\2633\3425H\2210g]\027\350~`\267{\247\373\332\341\341\361\003\020\000MJ\275'\324\005\036\313\204nW\300\362\327\016\205\236\021\351Q6\021\355\301\372\322\276g\026\243\361M\004"";   nodeid: ""@\000\000\000\000\000\000\000\000\000\000\000\000\000\000\000\000\000\000\000\000\000\000\000\000\000\000\000\000\000\000\000\001""; }; ","ledgerHash: ""\033@\177e\277\016\010u\327\371&\262\312\317Q\2361t\377x\234\001v\003%\030\325_\225g\204\346""; ledgerSeq: 7; type: liTX_NODE; nodes {;   nodedata: ""\274\022\000\000""\000\000\000\000$\000\000\000\005 \033\000\000\000\032a@\000\000\023S/~\000h@\000\000\000\000\000\000\ns!\003K\250\201V\354\353\020.\253\242\026x\202\312\234\3314!'\021-D\001\225\355\256\367\361\211\2710ltF0D\002 \034\347n\276,\014\034\014\216\3362\020\300A\022\234@\257j\263\362\3726r\303\260\tx\027-6\261\002 Pk?<\332\275\247\267E\234\270\035\306\367\2318t\243_\266\366\311\006|\316\223A\211\243\266\226\341\201\024\3177\2633\3425H\2210g]\027\350~`\267{\247\373\332\203\024\272\177ez`?~\240\022\321\013D\240\325V\364\241\375\n@\301] \034\000\000\000\000\370\345\021\000a%\000\000\000\005U\002i\361\030\371\256\265\036\320\273\013\357<\215/(\215[\231D\357Gd\372\270\316\261\301\342\327\225\241V\030+E\324}\254\210\205\211\200xl\010D\242\344Yy\230'SU,\346\210\010%\240N\231\363\306\346b@\000\000\027H\206*@\341\347""\000\000\000\000$\000\000\000\005-\000\000\000\000b@\000\000*\233\265\250@\201\024\272\177ez`?~\240\022\321\013D\240\325V\364\241\375\n@\341\341\345\021\000a%\000\000\000\005U\240\231\202k\030<\225\205;%\337\001\376d\216V\310\306k>\373\322\372\353b\3659\350\345\324F\026Vg\244\337\353\312\013\236hD\305E\177)\365\031\344}\231\342 ?\273\261,\263l\2443V5tR\346$\000\000\000\005b@\000\000\027H\206*@\341\347""\000\000\000\000$\000\000\000\006-\000\000\000\000b@\000\000\003\365V\2546\201\024\3177\2633\3425H\2210g]\027\350~`\267{\247\373\332\341\341\361\003\020\000MJ\275'\324\005\036\313\204nW\300\362\327\016\205\236\021\351Q6\021\355\301\372\322\276g\026\243\361M\004"";   nodeid: ""@\000\000\000\000\000\000\000\000\000\000\000\000\000\000\000\000\000\000\000\000\000\000\000\000\000\000\000\000\000\000\000\001""; }; "
1750527546702,1750527546702,3578,1,1,3,TMLedgerData,"ledgerHash: ""\326+\03569g\235`}\354\203s\003\217_Vf \233\324\237yU<\242:Zr\321\340\201]""; ledgerSeq: 7; type: liAS_NODE; nodes {;   nodedata: ""\021\000a""\000\000\000\000$\000\000\000\005%\000\000\000\007-\000\000\000\000U\256\322m\2146\221\305\341\316\031h?\276\005\207\253\236\tL;\371W\315\233X\345O\203\332\240\005\360b@\000\000*$\200\024@\201\024\237\311\327\222\336\304\221\216Q\027\001uf'%5\022:P\210@e&\014`#?\020s\314\3035_u\244\223G\263\322\035\357\201\363\033\220\333`\311\331n\373\360\001"";   nodeid: ""@\000\000\000\000\000\000\000\000\000\000\000\000\000\000\000\000\000\000\000\000\000\000\000\000\000\000\000\000\000\000\000\001""; }; nodes {;   nodedata: ""\021\000a""\000\000\000\000$\000\000\000\006%\000\000\000\007-\000\000\000\000U\256\322m\2146\221\305\341\316\031h?\276\005\207\253\236\tL;\371W\315\233X\345O\203\332\240\005\360b@\000\000\004l\214@6\201\024\3177\2633\3425H\2210g]\027\350~`\267{\247\373\332g\244\337\353\312\013\236hD\305E\177)\365\031\344}\231\342 ?\273\261,\263l\2443V5tR\001"";   nodeid: ""`\000\000\000\000\000\000\000\000\000\000\000\000\000\000\000\000\000\000\000\000\000\000\000\000\000\000\000\000\000\000\000\001""; }; ","ledgerHash: ""\326+\03569g\235`}\354\203s\003\217_Vf \233\324\237yU<\242:Zr\321\340\201]""; ledgerSeq: 7; type: liAS_NODE; nodes {;   nodedata: ""\021\000a""\000\000\000\000$\000\000\000\005%\000\000\000\007-\000\000\000\000U\256\322m\2146\221\305\341\316\031h?\276\005\207\253\236\tL;\371W\315\233X\345O\203\332\240\005\360b@\000\000*$\200\024@\201\024\237\311\327\222\336\304\221\216Q\027\001uf'%5\022:P\210@e&\014`#?\020s\314\3035_u\244\223G\263\322\035\357\201\363\033\220\333`\311\331n\373\360\001"";   nodeid: ""@\000\000\000\000\000\000\000\000\000\000\000\000\000\000\000\000\000\000\000\000\000\000\000\000\000\000\000\000\000\000\000\001""; }; nodes {;   nodedata: ""\021\000a""\000\000\000\000$\000\000\000\006%\000\000\000\007-\000\000\000\000U\256\322m\2146\221\305\341\316\031h?\276\005\207\253\236\tL;\371W\315\233X\345O\203\332\240\005\360b@\000\000\004l\214@6\201\024\3177\2633\3425H\2210g]\027\350~`\267{\247\373\332g\244\337\353\312\013\236hD\305E\177)\365\031\344}\231\342 ?\273\261,\263l\2443V5tR\001"";   nodeid: ""`\000\000\000\000\000\000\000\000\000\000\000\000\000\000\000\000\000\000\000\000\000\000\000\000\000\000\000\000\000\000\000\001""; }; "
1750527546702,1750527546703,1144,1,4,1,TMLedgerData,"ledgerHash: ""\033@\177e\277\016\010u\327\371&\262\312\317Q\2361t\377x\234\001v\003%\030\325_\225g\204\346""; ledgerSeq: 7; type: liBASE; nodes {;   nodedata: ""\000\000\000\007\001cEx]\211\377\330\360\215\2502\265\245\310\226\243c\302Ze\306\253#r\020\211\320iG\276\020E\317\035Sf\223F\254\002\370\316\212^2r\204\377\207q\251\315\325\027st\315\275D\367""\312l\350\374\304zy\305\007\340\030\220\357M\025\212p\\332\356\317\346Z\350r\255\236\025^\210\375\243\353\025X\213xq\220$\254,/\351\252\253/\351\252\264\n\000""; }; nodes {;   nodedata: ""\323C\344\327\264{\312-\017:\006{\177\344N\002\326bO\260\220\006\033\362\345\005U\221DzJ0\001\301\025%1L\307\t\261\262z\374\222T\301\274V\236\223\262\270Ct\362\337b\356\024*\324\320\351\317\002k\336\234\027v\351\217\260\303\360\233ZPZWr\246$w\313\313\r\243r\232\2234\373\3539:N\004Q\245\272D\312D\300\300\t\323\0257\345e\271\na\215{\226\255x%T\257\037\333\004\344_/R\006E\344\037@\210\363\010\336T\226\247'\204_{\261\370""1\235\2445\343\033Y!\212\201\341\272\225'\007Z\314\023h\n\020~\036\324P\254\001\274\227n\020\273\023\010\nq\216Z\344\004\3612B\205\257\335\036\013\003""; }; nodes {;   nodedata: ""o\324D\221#\020\205W\305\353\227hj\364\005l\234.@%-\272\034\327\352\rf\2573\006\026\236\004\003""; }; requestCookie: 3; ","ledgerHash: ""\033@\177e\277\016\010u\327\371&\262\312\317Q\2361t\377x\234\001v\003%\030\325_\225g\204\346""; ledgerSeq: 7; type: liBASE; nodes {;   nodedata: ""\000\000\000\007\001cEx]\211\377\330\360\215\2502\265\245\310\226\243c\302Ze\306\253#r\020\211\320iG\276\020E\317\035Sf\223F\254\002\370\316\212^2r\204\377\207q\251\315\325\027st\315\275D\367""\312l\350\374\304zy\305\007\340\030\220\357M\025\212p\\332\356\317\346Z\350r\255\236\025^\210\375\243\353\025X\213xq\220$\254,/\351\252\253/\351\252\264\n\000""; }; nodes {;   nodedata: ""\323C\344\327\264{\312-\017:\006{\177\344N\002\326bO\260\220\006\033\362\345\005U\221DzJ0\001\301\025%1L\307\t\261\262z\374\222T\301\274V\236\223\262\270Ct\362\337b\356\024*\324\320\351\317\002k\336\234\027v\351\217\260\303\360\233ZPZWr\246$w\313\313\r\243r\232\2234\373\3539:N\004Q\245\272D\312D\300\300\t\323\0257\345e\271\na\215{\226\255x%T\257\037\333\004\344_/R\006E\344\037@\210\363\010\336T\226\247'\204_{\261\370""1\235\2445\343\033Y!\212\201\341\272\225'\007Z\314\023h\n\020~\036\324P\254\001\274\227n\020\273\023\010\nq\216Z\344\004\3612B\205\257\335\036\013\003""; }; nodes {;   nodedata: ""o\324D\221#\020\205W\305\353\227hj\364\005l\234.@%-\272\034\327\352\rf\2573\006\026\236\004\003""; }; requestCookie: 3; "
1750527546751,1750527546751,1212,1,2,4,TMLedgerData,"ledgerHash: ""3\321\n7\354)\tf\006\357\205B<h\272GQ \344\262\236\025#\003\024&\310\034\352\376\326""; ledgerSeq: 0; type: liTS_CANDIDATE; nodes {;   nodedata: ""'\240~~s\033\202\356\320\307\177Nt\203\315\245\305\276b\265\310\271\3319\245:\342=c\267\265\233\002\003"";   nodeid: ""\000\000\000\000\000\000\000\000\000\000\000\000\000\000\000\000\000\000\000\000\000\000\000\000\000\000\000\000\000\000\000\000\000""; }; ","ledgerHash: ""3\321\n7\354)\tf\006\357\205B<h\272GQ \344\262\236\025#\003\024&\310\034\352\376\326""; ledgerSeq: 0; type: liTS_CANDIDATE; nodes {;   nodedata: ""'\240~~s\033\202\356\320\307\177Nt\203\315\245\305\276b\265\310\271\3319\245:\342=c\267\265\233\002\003"";   nodeid: ""\000\000\000\000\000\000\000\000\000\000\000\000\000\000\000\000\000\000\000\000\000\000\000\000\000\000\000\000\000\000\000\000\000""; }; "
1750527546761,1750527546761,1813,1,3,1,TMLedgerData,"ledgerHash: ""\363\262\310\025\251\261\276X\247\260J\221\345\357\037\231)|\321K\000\\326E\004\377\005\255""A?\250""; ledgerSeq: 0; type: liTS_CANDIDATE; nodes {;   nodedata: ""MJ\275'\324\005\036\313\204nW\300\362\327\016\205\236\021\351Q6\021\355\301\372\322\276g\026\243\361M\004\003"";   nodeid: ""\000\000\000\000\000\000\000\000\000\000\000\000\000\000\000\000\000\000\000\000\000\000\000\000\000\000\000\000\000\000\000\000\000""; }; requestCookie: 2; ","ledgerHash: ""\363\262\310\025\251\261\276X\247\260J\221\345\357\037\231)|\321K\000\\326E\004\377\005\255""A?\250""; ledgerSeq: 0; type: liTS_CANDIDATE; nodes {;   nodedata: ""MJ\275'\324\005\036\313\204nW\300\362\327\016\205\236\021\351Q6\021\355\301\372\322\276g\026\243\361M\004\003"";   nodeid: ""\000\000\000\000\000\000\000\000\000\000\000\000\000\000\000\000\000\000\000\000\000\000\000\000\000\000\000\000\000\000\000\000\000""; }; requestCookie: 2; "
1750527546762,1750527546763,612,1,2,0,TMLedgerData,"ledgerHash: ""\326+\03569g\235`}\354\203s\003\217_Vf \233\324\237yU<\242:Zr\321\340\201]""; ledgerSeq: 7; type: liBASE; nodes {;   nodedata: ""\000\000\000\007\001cEx]\211\377\330\360\215\2502\265\245\310\226\243c\302Ze\306\253#r\020\211\320iG\276\020E\317\035Sf\223F\254\020N |\264\023\251\372`\001\r\225\217P\243\370m\037op\306\025\027\013\002\257\266J\025/\3729\220\014>4\264\253\207\255\233\\356\277\340\345\017\323\341\201\004TK\004\373\204\253\204\240\3155\357\026\353/\351\252\253/\351\252\264\n\000""; }; nodes {;   nodedata: ""\341\035\262xv\226\317f5\366\365\252a\177\355\302\326\t\222~j\320f\374/ \363\256\257\361 \303\001\301\025%1L\307\t\261\262z\374\222T\301\274V\236\223\262\270Ct\362\337b\356\024*\324\320\351\317\002,\377\251Q\263\245*\373\267\332I\261\001\251N\313Su!\333\331\260|\312%\271\263\267\320\313\036\303\004\330\210a4\256y^267\344\320H\t\331\316{n\002q\260\017U_\270\321B\024U\313\2054\006E\344\037@\210\363\010\336T\226\247'\204_{\261\370""1\235\2445\343\033Y!\212\201\341\272\225'\007Z\314\023h\n\020~\036\324P\254\001\274\227n\020\273\023\010\nq\216Z\344\004\3612B\205\257\335\036\013\003""; }; nodes {;   nodedata: ""\233\330\223\352\3012\234}\322\031(\362*;JR3m]\203<\234\204jiO\033\304\322\017\232\202\n\003""; }; ","ledgerHash: ""\326+\03569g\235`}\354\203s\003\217_Vf \233\324\237yU<\242:Zr\321\340\201]""; ledgerSeq: 7; type: liBASE; nodes {;   nodedata: ""\000\000\000\007\001cEx]\211\377\330\360\215\2502\265\245\310\226\243c\302Ze\306\253#r\020\211\320iG\276\020E\317\035Sf\223F\254\020N |\264\023\251\372`\001\r\225\217P\243\370m\037op\306\025\027\013\002\257\266J\025/\3729\220\014>4\264\253\207\255\233\\356\277\340\345\017\323\341\201\004TK\004\373\204\253\204\240\3155\357\026\353/\351\252\253/\351\252\264\n\000""; }; nodes {;   nodedata: ""\341\035\262xv\226\317f5\366\365\252a\177\355\302\326\t\222~j\320f\374/ \363\256\257\361 \303\001\301\025%1L\307\t\261\262z\374\222T\301\274V\236\223\262\270Ct\362\337b\356\024*\324\320\351\317\002,\377\251Q\263\245*\373\267\332I\261\001\251N\313Su!\333\331\260|\312%\271\263\267\320\313\036\303\004\330\210a4\256y^267\344\320H\t\331\316{n\002q\260\017U_\270\321B\024U\313\2054\006E\344\037@\210\363\010\336T\226\247'\204_{\261\370""1\235\2445\343\033Y!\212\201\341\272\225'\007Z\314\023h\n\020~\036\324P\254\001\274\227n\020\273\023\010\nq\216Z\344\004\3612B\205\257\335\036\013\003""; }; nodes {;   nodedata: ""\233\330\223\352\3012\234}\322\031(\362*;JR3m]\203<\234\204jiO\033\304\322\017\232\202\n\003""; }; "
1750527546826,1750527546827,612,1,2,0,TMLedgerData,"ledgerHash: ""\363\262\310\025\251\261\276X\247\260J\221\345\357\037\231)|\321K\000\\326E\004\377\005\255""A?\250""; ledgerSeq: 0; type: liTS_CANDIDATE; nodes {;   nodedata: ""MJ\275'\324\005\036\313\204nW\300\362\327\016\205\236\021\351Q6\021\355\301\372\322\276g\026\243\361M\004\003"";   nodeid: ""\000\000\000\000\000\000\000\000\000\000\000\000\000\000\000\000\000\000\000\000\000\000\000\000\000\000\000\000\000\000\000\000\000""; }; ","ledgerHash: ""\363\262\310\025\251\261\276X\247\260J\221\345\357\037\231)|\321K\000\\326E\004\377\005\255""A?\250""; ledgerSeq: 0; type: liTS_CANDIDATE; nodes {;   nodedata: ""MJ\275'\324\005\036\313\204nW\300\362\327\016\205\236\021\351Q6\021\355\301\372\322\276g\026\243\361M\004\003"";   nodeid: ""\000\000\000\000\000\000\000\000\000\000\000\000\000\000\000\000\000\000\000\000\000\000\000\000\000\000\000\000\000\000\000\000\000""; }; "
1750527546837,1750527546837,1150,1,3,4,TMLedgerData,"ledgerHash: ""\276\230H\305\2714\032l\253n6W\035\354\257.f\r\217\302\203\224\212L\020\S\370\243OP*""; ledgerSeq: 7; type: liBASE; nodes {;   nodedata: ""\000\000\000\007\001cEx]\211\377\342\360\215\2502\265\245\310\226\243c\302Ze\306\253#r\020\211\320iG\276\020E\317\035Sf\223F\254\000\000\000\000\000\000\000\000\000\000\000\000\000\000\000\000\000\000\000\000\000\000\000\000\000\000\000\000\000\000\000\000\302r\207\007\303\237KvzB\356\335\030k\303\312\246:\352\202\037\210\2545\307\004\232\232\026\223SW/\351\252\253/\351\252\264\n\000""; }; nodes {;   nodedata: ""\341\035\262xv\226\317f5\366\365\252a\177\355\302\326\t\222~j\320f\374/ \363\256\257\361 \303\001\301\025%1L\307\t\261\262z\374\222T\301\274V\236\223\262\270Ct\362\337b\356\024*\324\320\351\317\002k\336\234\027v\351\217\260\303\360\233ZPZWr\246$w\313\313\r\243r\232\2234\373\3539:N\004;tP\302\307\005x\n\302lQ\275\237<g\321\233$\274p\355\310J\230\370\306\264\314\367C\275\272\006E\344\037@\210\363\010\336T\226\247'\204_{\261\370""1\235\2445\343\033Y!\212\201\341\272\225'\007Z\314\023h\n\020~\036\324P\254\001\274\227n\020\273\023\010\nq\216Z\344\004\3612B\205\257\335\036\013\003""; }; ","ledgerHash: ""\276\230H\305\2714\032l\253n6W\035\354\257.f\r\217\302\203\224\212L\020\S\370\243OP*""; ledgerSeq: 7; type: liBASE; nodes {;   nodedata: ""\000\000\000\007\001cEx]\211\377\342\360\215\2502\265\245\310\226\243c\302Ze\306\253#r\020\211\320iG\276\020E\317\035Sf\223F\254\000\000\000\000\000\000\000\000\000\000\000\000\000\000\000\000\000\000\000\000\000\000\000\000\000\000\000\000\000\000\000\000\302r\207\007\303\237KvzB\356\335\030k\303\312\246:\352\202\037\210\2545\307\004\232\232\026\223SW/\351\252\253/\351\252\264\n\000""; }; nodes {;   nodedata: ""\341\035\262xv\226\317f5\366\365\252a\177\355\302\326\t\222~j\320f\374/ \363\256\257\361 \303\001\301\025%1L\307\t\261\262z\374\222T\301\274V\236\223\262\270Ct\362\337b\356\024*\324\320\351\317\002k\336\234\027v\351\217\260\303\360\233ZPZWr\246$w\313\313\r\243r\232\2234\373\3539:N\004;tP\302\307\005x\n\302lQ\275\237<g\321\233$\274p\355\310J\230\370\306\264\314\367C\275\272\006E\344\037@\210\363\010\336T\226\247'\204_{\261\370""1\235\2445\343\033Y!\212\201\341\272\225'\007Z\314\023h\n\020~\036\324P\254\001\274\227n\020\273\023\010\nq\216Z\344\004\3612B\205\257\335\036\013\003""; }; "
1750527546869,1750527546870,2764,1,4,3,TMLedgerData,"ledgerHash: ""\326+\03569g\235`}\354\203s\003\217_Vf \233\324\237yU<\242:Zr\321\340\201]""; ledgerSeq: 7; type: liBASE; nodes {;   nodedata: ""\000\000\000\007\001cEx]\211\377\330\360\215\2502\265\245\310\226\243c\302Ze\306\253#r\020\211\320iG\276\020E\317\035Sf\223F\254\020N |\264\023\251\372`\001\r\225\217P\243\370m\037op\306\025\027\013\002\257\266J\025/\3729\220\014>4\264\253\207\255\233\\356\277\340\345\017\323\341\201\004TK\004\373\204\253\204\240\3155\357\026\353/\351\252\253/\351\252\264\n\000""; }; nodes {;   nodedata: ""\341\035\262xv\226\317f5\366\365\252a\177\355\302\326\t\222~j\320f\374/ \363\256\257\361 \303\001\301\025%1L\307\t\261\262z\374\222T\301\274V\236\223\262\270Ct\362\337b\356\024*\324\320\351\317\002,\377\251Q\263\245*\373\267\332I\261\001\251N\313Su!\333\331\260|\312%\271\263\267\320\313\036\303\004\330\210a4\256y^267\344\320H\t\331\316{n\002q\260\017U_\270\321B\024U\313\2054\006E\344\037@\210\363\010\336T\226\247'\204_{\261\370""1\235\2445\343\033Y!\212\201\341\272\225'\007Z\314\023h\n\020~\036\324P\254\001\274\227n\020\273\023\010\nq\216Z\344\004\3612B\205\257\335\036\013\003""; }; nodes {;   nodedata: ""\233\330\223\352\3012\234}\322\031(\362*;JR3m]\203<\234\204jiO\033\304\322\017\232\202\n\003""; }; ","ledgerHash: ""\326+\03569g\235`}\354\203s\003\217_Vf \233\324\237yU<\242:Zr\321\340\201]""; ledgerSeq: 7; type: liBASE; nodes {;   nodedata: ""\000\000\000\007\001cEx]\211\377\330\360\215\2502\265\245\310\226\243c\302Ze\306\253#r\020\211\320iG\276\020E\317\035Sf\223F\254\020N |\264\023\251\372`\001\r\225\217P\243\370m\037op\306\025\027\013\002\257\266J\025/\3729\220\014>4\264\253\207\255\233\\356\277\340\345\017\323\341\201\004TK\004\373\204\253\204\240\3155\357\026\353/\351\252\253/\351\252\264\n\000""; }; nodes {;   nodedata: ""\341\035\262xv\226\317f5\366\365\252a\177\355\302\326\t\222~j\320f\374/ \363\256\257\361 \303\001\301\025%1L\307\t\261\262z\374\222T\301\274V\236\223\262\270Ct\362\337b\356\024*\324\320\351\317\002,\377\251Q\263\245*\373\267\332I\261\001\251N\313Su!\333\331\260|\312%\271\263\267\320\313\036\303\004\330\210a4\256y^267\344\320H\t\331\316{n\002q\260\017U_\270\321B\024U\313\2054\006E\344\037@\210\363\010\336T\226\247'\204_{\261\370""1\235\2445\343\033Y!\212\201\341\272\225'\007Z\314\023h\n\020~\036\324P\254\001\274\227n\020\273\023\010\nq\216Z\344\004\3612B\205\257\335\036\013\003""; }; nodes {;   nodedata: ""\233\330\223\352\3012\234}\322\031(\362*;JR3m]\203<\234\204jiO\033\304\322\017\232\202\n\003""; }; "
1750527546877,1750527546877,1495,1,1,2,TMGetLedger,"itype: liTS_CANDIDATE; ledgerHash: ""\356\316\306(\314\366\340SA\320e\361\337A\350+\342\334{eBV\360\354\225)\263\237~v\236}""; nodeIDs: ""\000\000\000\000\000\000\000\000\000\000\000\000\000\000\000\000\000\000\000\000\000\000\000\000\000\000\000\000\000\000\000\000\000""; requestCookie: 2; queryType: qtINDIRECT; queryDepth: 3; ","itype: liTS_CANDIDATE; ledgerHash: ""\356\316\306(\314\366\340SA\320e\361\337A\350+\342\334{eBV\360\354\225)\263\237~v\236}""; nodeIDs: ""\000\000\000\000\000\000\000\000\000\000\000\000\000\000\000\000\000\000\000\000\000\000\000\000\000\000\000\000\000\000\000\000\000""; requestCookie: 2; queryType: qtINDIRECT; queryDepth: 3; "
1750527546906,1750527546906,1539,1,4,2,TMLedgerData,"ledgerHash: ""\033@\177e\277\016\010u\327\371&\262\312\317Q\2361t\377x\234\001v\003%\030\325_\225g\204\346""; ledgerSeq: 7; type: liBASE; nodes {;   nodedata: ""\000\000\000\007\001cEx]\211\377\330\360\215\2502\265\245\310\226\243c\302Ze\306\253#r\020\211\320iG\276\020E\317\035Sf\223F\254\002\370\316\212^2r\204\377\207q\251\315\325\027st\315\275D\367""\312l\350\374\304zy\305\007\340\030\220\357M\025\212p\\332\356\317\346Z\350r\255\236\025^\210\375\243\353\025X\213xq\220$\254,/\351\252\253/\351\252\264\n\000""; }; nodes {;   nodedata: ""\323C\344\327\264{\312-\017:\006{\177\344N\002\326bO\260\220\006\033\362\345\005U\221DzJ0\001\301\025%1L\307\t\261\262z\374\222T\301\274V\236\223\262\270Ct\362\337b\356\024*\324\320\351\317\002k\336\234\027v\351\217\260\303\360\233ZPZWr\246$w\313\313\r\243r\232\2234\373\3539:N\004Q\245\272D\312D\300\300\t\323\0257\345e\271\na\215{\226\255x%T\257\037\333\004\344_/R\006E\344\037@\210\363\010\336T\226\247'\204_{\261\370""1\235\2445\343\033Y!\212\201\341\272\225'\007Z\314\023h\n\020~\036\324P\254\001\274\227n\020\273\023\010\nq\216Z\344\004\3612B\205\257\335\036\013\003""; }; nodes {;   nodedata: ""o\324D\221#\020\205W\305\353\227hj\364\005l\234.@%-\272\034\327\352\rf\2573\006\026\236\004\003""; }; requestCookie: 3; ","ledgerHash: ""\033@\177e\277\016\010u\327\371&\262\312\317Q\2361t\377x\234\001v\003%\030\325_\225g\204\346""; ledgerSeq: 7; type: liBASE; nodes {;   nodedata: ""\000\000\000\007\001cEx]\211\377\330\360\215\2502\265\245\310\226\243c\302Ze\306\253#r\020\211\320iG\276\020E\317\035Sf\223F\254\002\370\316\212^2r\204\377\207q\251\315\325\027st\315\275D\367""\312l\350\374\304zy\305\007\340\030\220\357M\025\212p\\332\356\317\346Z\350r\255\236\025^\210\375\243\353\025X\213xq\220$\254,/\351\252\253/\351\252\264\n\000""; }; nodes {;   nodedata: ""\323C\344\327\264{\312-\017:\006{\177\344N\002\326bO\260\220\006\033\362\345\005U\221DzJ0\001\301\025%1L\307\t\261\262z\374\222T\301\274V\236\223\262\270Ct\362\337b\356\024*\324\320\351\317\002k\336\234\027v\351\217\260\303\360\233ZPZWr\246$w\313\313\r\243r\232\2234\373\3539:N\004Q\245\272D\312D\300\300\t\323\0257\345e\271\na\215{\226\255x%T\257\037\333\004\344_/R\006E\344\037@\210\363\010\336T\226\247'\204_{\261\370""1\235\2445\343\033Y!\212\201\341\272\225'\007Z\314\023h\n\020~\036\324P\254\001\274\227n\020\273\023\010\nq\216Z\344\004\3612B\205\257\335\036\013\003""; }; nodes {;   nodedata: ""o\324D\221#\020\205W\305\353\227hj\364\005l\234.@%-\272\034\327\352\rf\2573\006\026\236\004\003""; }; requestCookie: 3; "
1750527546906,1750527546906,3378,1,4,0,TMLedgerData,"ledgerHash: ""\356\316\306(\314\366\340SA\320e\361\337A\350+\342\334{eBV\360\354\225)\263\237~v\236}""; ledgerSeq: 0; type: liTS_CANDIDATE; nodes {;   nodedata: ""\216b\024\334gS\347X\272b\322\267\303L\230\361n\036 \270-E\361}\351O\347\233\337\314!\215\010\003"";   nodeid: ""\000\000\000\000\000\000\000\000\000\000\000\000\000\000\000\000\000\000\000\000\000\000\000\000\000\000\000\000\000\000\000\000\000""; }; ","ledgerHash: ""\356\316\306(\314\366\340SA\320e\361\337A\350+\342\334{eBV\360\354\225)\263\237~v\236}""; ledgerSeq: 0; type: liTS_CANDIDATE; nodes {;   nodedata: ""\216b\024\334gS\347X\272b\322\267\303L\230\361n\036 \270-E\361}\351O\347\233\337\314!\215\010\003"";   nodeid: ""\000\000\000\000\000\000\000\000\000\000\000\000\000\000\000\000\000\000\000\000\000\000\000\000\000\000\000\000\000\000\000\000\000""; }; "
1750527546995,1750527546996,2523,1,3,2,TMLedgerData,"ledgerHash: ""\033@\177e\277\016\010u\327\371&\262\312\317Q\2361t\377x\234\001v\003%\030\325_\225g\204\346""; ledgerSeq: 7; type: liBASE; nodes {;   nodedata: ""\000\000\000\007\001cEx]\211\377\330\360\215\2502\265\245\310\226\243c\302Ze\306\253#r\020\211\320iG\276\020E\317\035Sf\223F\254\002\370\316\212^2r\204\377\207q\251\315\325\027st\315\275D\367""\312l\350\374\304zy\305\007\340\030\220\357M\025\212p\\332\356\317\346Z\350r\255\236\025^\210\375\243\353\025X\213xq\220$\254,/\351\252\253/\351\252\264\n\000""; }; nodes {;   nodedata: ""\323C\344\327\264{\312-\017:\006{\177\344N\002\326bO\260\220\006\033\362\345\005U\221DzJ0\001\301\025%1L\307\t\261\262z\374\222T\301\274V\236\223\262\270Ct\362\337b\356\024*\324\320\351\317\002k\336\234\027v\351\217\260\303\360\233ZPZWr\246$w\313\313\r\243r\232\2234\373\3539:N\004Q\245\272D\312D\300\300\t\323\0257\345e\271\na\215{\226\255x%T\257\037\333\004\344_/R\006E\344\037@\210\363\010\336T\226\247'\204_{\261\370""1\235\2445\343\033Y!\212\201\341\272\225'\007Z\314\023h\n\020~\036\324P\254\001\274\227n\020\273\023\010\nq\216Z\344\004\3612B\205\257\335\036\013\003""; }; nodes {;   nodedata: ""o\324D\221#\020\205W\305\353\227hj\364\005l\234.@%-\272\034\327\352\rf\2573\006\026\236\004\003""; }; requestCookie: 2; ","ledgerHash: ""\033@\177e\277\016\010u\327\371&\262\312\317Q\2361t\377x\234\001v\003%\030\325_\225g\204\346""; ledgerSeq: 7; type: liBASE; nodes {;   nodedata: ""\000\000\000\007\001cEx]\211\377\330\360\215\2502\265\245\310\226\243c\302Ze\306\253#r\020\211\320iG\276\020E\317\035Sf\223F\254\002\370\316\212^2r\204\377\207q\251\315\325\027st\315\275D\367""\312l\350\374\304zy\305\007\340\030\220\357M\025\212p\\332\356\317\346Z\350r\255\236\025^\210\375\243\353\025X\213xq\220$\254,/\351\252\253/\351\252\264\n\000""; }; nodes {;   nodedata: ""\323C\344\327\264{\312-\017:\006{\177\344N\002\326bO\260\220\006\033\362\345\005U\221DzJ0\001\301\025%1L\307\t\261\262z\374\222T\301\274V\236\223\262\270Ct\362\337b\356\024*\324\320\351\317\002k\336\234\027v\351\217\260\303\360\233ZPZWr\246$w\313\313\r\243r\232\2234\373\3539:N\004Q\245\272D\312D\300\300\t\323\0257\345e\271\na\215{\226\255x%T\257\037\333\004\344_/R\006E\344\037@\210\363\010\336T\226\247'\204_{\261\370""1\235\2445\343\033Y!\212\201\341\272\225'\007Z\314\023h\n\020~\036\324P\254\001\274\227n\020\273\023\010\nq\216Z\344\004\3612B\205\257\335\036\013\003""; }; nodes {;   nodedata: ""o\324D\221#\020\205W\305\353\227hj\364\005l\234.@%-\272\034\327\352\rf\2573\006\026\236\004\003""; }; requestCookie: 2; "
1750527547012,1750527547012,1813,1,3,1,TMLedgerData,"ledgerHash: ""\363\262\310\025\251\261\276X\247\260J\221\345\357\037\231)|\321K\000\\326E\004\377\005\255""A?\250""; ledgerSeq: 0; type: liTS_CANDIDATE; nodes {;   nodedata: ""MJ\275'\324\005\036\313\204nW\300\362\327\016\205\236\021\351Q6\021\355\301\372\322\276g\026\243\361M\004\003"";   nodeid: ""\000\000\000\000\000\000\000\000\000\000\000\000\000\000\000\000\000\000\000\000\000\000\000\000\000\000\000\000\000\000\000\000\000""; }; requestCookie: 2; ","ledgerHash: ""\363\262\310\025\251\261\276X\247\260J\221\345\357\037\231)|\321K\000\\326E\004\377\005\255""A?\250""; ledgerSeq: 0; type: liTS_CANDIDATE; nodes {;   nodedata: ""MJ\275'\324\005\036\313\204nW\300\362\327\016\205\236\021\351Q6\021\355\301\372\322\276g\026\243\361M\004\003"";   nodeid: ""\000\000\000\000\000\000\000\000\000\000\000\000\000\000\000\000\000\000\000\000\000\000\000\000\000\000\000\000\000\000\000\000\000""; }; requestCookie: 2; "
1750527547020,1750527547020,3085,1,3,0,TMLedgerData,"ledgerHash: ""\341\310\354\0213\033\013\350\207z\236R(|z&\034\335\266\323\356\205\273DV\210\254\213T\rZ\347""; ledgerSeq: 0; type: liTS_CANDIDATE; nodes {;   nodedata: ""\256\322m\2146\221\305\341\316\031h?\276\005\207\253\236\tL;\371W\315\233X\345O\203\332\240\005\360\n\003"";   nodeid: ""\000\000\000\000\000\000\000\000\000\000\000\000\000\000\000\000\000\000\000\000\000\000\000\000\000\000\000\000\000\000\000\000\000""; }; ","ledgerHash: ""\341\310\354\0213\033\013\350\207z\236R(|z&\034\335\266\323\356\205\273DV\210\254\213T\rZ\347""; ledgerSeq: 0; type: liTS_CANDIDATE; nodes {;   nodedata: ""\256\322m\2146\221\305\341\316\031h?\276\005\207\253\236\tL;\371W\315\233X\345O\203\332\240\005\360\n\003"";   nodeid: ""\000\000\000\000\000\000\000\000\000\000\000\000\000\000\000\000\000\000\000\000\000\000\000\000\000\000\000\000\000\000\000\000\000""; }; "
1750527547031,1750527547032,1665,1,2,3,TMLedgerData,"ledgerHash: ""\341\310\354\0213\033\013\350\207z\236R(|z&\034\335\266\323\356\205\273DV\210\254\213T\rZ\347""; ledgerSeq: 0; type: liTS_CANDIDATE; nodes {;   nodedata: ""\256\322m\2146\221\305\341\316\031h?\276\005\207\253\236\tL;\371W\315\233X\345O\203\332\240\005\360\n\003"";   nodeid: ""\000\000\000\000\000\000\000\000\000\000\000\000\000\000\000\000\000\000\000\000\000\000\000\000\000\000\000\000\000\000\000\000\000""; }; requestCookie: 2; ","ledgerHash: ""\341\310\354\0213\033\013\350\207z\236R(|z&\034\335\266\323\356\205\273DV\210\254\213T\rZ\347""; ledgerSeq: 0; type: liTS_CANDIDATE; nodes {;   nodedata: ""\256\322m\2146\221\305\341\316\031h?\276\005\207\253\236\tL;\371W\315\233X\345O\203\332\240\005\360\n\003"";   nodeid: ""\000\000\000\000\000\000\000\000\000\000\000\000\000\000\000\000\000\000\000\000\000\000\000\000\000\000\000\000\000\000\000\000\000""; }; requestCookie: 2; "
1750527547081,1750527547081,2523,1,3,2,TMLedgerData,"ledgerHash: ""\341\310\354\0213\033\013\350\207z\236R(|z&\034\335\266\323\356\205\273DV\210\254\213T\rZ\347""; ledgerSeq: 0; type: liTS_CANDIDATE; nodes {;   nodedata: ""\256\322m\2146\221\305\341\316\031h?\276\005\207\253\236\tL;\371W\315\233X\345O\203\332\240\005\360\n\003"";   nodeid: ""\000\000\000\000\000\000\000\000\000\000\000\000\000\000\000\000\000\000\000\000\000\000\000\000\000\000\000\000\000\000\000\000\000""; }; ","ledgerHash: ""\341\310\354\0213\033\013\350\207z\236R(|z&\034\335\266\323\356\205\273DV\210\254\213T\rZ\347""; ledgerSeq: 0; type: liTS_CANDIDATE; nodes {;   nodedata: ""\256\322m\2146\221\305\341\316\031h?\276\005\207\253\236\tL;\371W\315\233X\345O\203\332\240\005\360\n\003"";   nodeid: ""\000\000\000\000\000\000\000\000\000\000\000\000\000\000\000\000\000\000\000\000\000\000\000\000\000\000\000\000\000\000\000\000\000""; }; "
1750527547090,1750527547090,612,1,2,0,TMLedgerData,"ledgerHash: ""\363\262\310\025\251\261\276X\247\260J\221\345\357\037\231)|\321K\000\\326E\004\377\005\255""A?\250""; ledgerSeq: 0; type: liTS_CANDIDATE; nodes {;   nodedata: ""MJ\275'\324\005\036\313\204nW\300\362\327\016\205\236\021\351Q6\021\355\301\372\322\276g\026\243\361M\004\003"";   nodeid: ""\000\000\000\000\000\000\000\000\000\000\000\000\000\000\000\000\000\000\000\000\000\000\000\000\000\000\000\000\000\000\000\000\000""; }; ","ledgerHash: ""\363\262\310\025\251\261\276X\247\260J\221\345\357\037\231)|\321K\000\\326E\004\377\005\255""A?\250""; ledgerSeq: 0; type: liTS_CANDIDATE; nodes {;   nodedata: ""MJ\275'\324\005\036\313\204nW\300\362\327\016\205\236\021\351Q6\021\355\301\372\322\276g\026\243\361M\004\003"";   nodeid: ""\000\000\000\000\000\000\000\000\000\000\000\000\000\000\000\000\000\000\000\000\000\000\000\000\000\000\000\000\000\000\000\000\000""; }; "
1750527547157,1750527547157,3378,1,4,0,TMLedgerData,"ledgerHash: ""\356\316\306(\314\366\340SA\320e\361\337A\350+\342\334{eBV\360\354\225)\263\237~v\236}""; ledgerSeq: 0; type: liTS_CANDIDATE; nodes {;   nodedata: ""\216b\024\334gS\347X\272b\322\267\303L\230\361n\036 \270-E\361}\351O\347\233\337\314!\215\010\003"";   nodeid: ""\000\000\000\000\000\000\000\000\000\000\000\000\000\000\000\000\000\000\000\000\000\000\000\000\000\000\000\000\000\000\000\000\000""; }; ","ledgerHash: ""\356\316\306(\314\366\340SA\320e\361\337A\350+\342\334{eBV\360\354\225)\263\237~v\236}""; ledgerSeq: 0; type: liTS_CANDIDATE; nodes {;   nodedata: ""\216b\024\334gS\347X\272b\322\267\303L\230\361n\036 \270-E\361}\351O\347\233\337\314!\215\010\003"";   nodeid: ""\000\000\000\000\000\000\000\000\000\000\000\000\000\000\000\000\000\000\000\000\000\000\000\000\000\000\000\000\000\000\000\000\000""; }; "
1750527547175,1750527547175,1968,1,1,2,TMLedgerData,"ledgerHash: ""\326+\03569g\235`}\354\203s\003\217_Vf \233\324\237yU<\242:Zr\321\340\201]""; ledgerSeq: 7; type: liTX_NODE; nodes {;   nodedata: ""\274\022\000\000""\000\000\000\000$\000\000\000\005 \033\000\000\000\031a@\000\000\022\333\371\352\000h@\000\000\000\000\000\000\ns!\003K\250\201V\354\353\020.\253\242\026x\202\312\234\3314!'\021-D\001\225\355\256\367\361\211\2710ltF0D\002 9\312\273{!\334\315f\262\207h""M\334ieT\306\204<r\350)\356\340\326\356\337\355\371\201\257\002 2M\022\177y""\355\343\n\034\\246\024:\375\024\223\331[\216\234\345\010\v\300\313Bt\251\217,\201\024\3177\2633\3425H\2210g]\027\350~`\267{\247\373\332\203\024\237\311\327\222\336\304\221\216Q\027\001uf'%5\022:P\210\301] \034\000\000\000\000\370\345\021\000a%\000\000\000\005UGZ\227\022t\201\240u\2324P\027\307M\337'Y\361[IAD\351\374!\232\005\337\376\252\251gV@e&\014`#?\020s\314\3035_u\244\223G\263\322\035\357\201\363\033\220\333`\311\331n\373\360\346b@\000\000\027H\206*@\341\347""\000\000\000\000$\000\000\000\005-\000\000\000\000b@\000\000*$\200\024@\201\024\237\311\327\222\336\304\221\216Q\027\001uf'%5\022:P\210\341\341\345\021\000a%\000\000\000\005U\240\231\202k\030<\225\205;%\337\001\376d\216V\310\306k>\373\322\372\353b\3659\350\345\324F\026Vg\244\337\353\312\013\236hD\305E\177)\365\031\344}\231\342 ?\273\261,\263l\2443V5tR\346$\000\000\000\005b@\000\000\027H\206*@\341\347""\000\000\000\000$\000\000\000\006-\000\000\000\000b@\000\000\004l\214@6\201\024\3177\2633\3425H\2210g]\027\350~`\267{\247\373\332\341\341\361\003\020\000\256\322m\2146\221\305\341\316\031h?\276\005\207\253\236\tL;\371W\315\233X\345O\203\332\240\005\360\004"";   nodeid: ""\240\000\000\000\000\000\000\000\000\000\000\000\000\000\000\000\000\000\000\000\000\000\000\000\000\000\000\000\000\000\000\000\001""; }; ","ledgerHash: ""\326+\03569g\235`}\354\203s\003\217_Vf \233\324\237yU<\242:Zr\321\340\201]""; ledgerSeq: 7; type: liTX_NODE; nodes {;   nodedata: ""\274\022\000\000""\000\000\000\000$\000\000\000\005 \033\000\000\000\031a@\000\000\022\333\371\352\000h@\000\000\000\000\000\000\ns!\003K\250\201V\354\353\020.\253\242\026x\202\312\234\3314!'\021-D\001\225\355\256\367\361\211\2710ltF0D\002 9\312\273{!\334\315f\262\207h""M\334ieT\306\204<r\350)\356\340\326\356\337\355\371\201\257\002 2M\022\177y""\355\343\n\034\\246\024:\375\024\223\331[\216\234\345\010\v\300\313Bt\251\217,\201\024\3177\2633\3425H\2210g]\027\350~`\267{\247\373\332\203\024\237\311\327\222\336\304\221\216Q\027\001uf'%5\022:P\210\301] \034\000\000\000\000\370\345\021\000a%\000\000\000\005UGZ\227\022t\201\240u\2324P\027\307M\337'Y\361[IAD\351\374!\232\005\337\376\252\251gV@e&\014`#?\020s\314\3035_u\244\223G\263\322\035\357\201\363\033\220\333`\311\331n\373\360\346b@\000\000\027H\206*@\341\347""\000\000\000\000$\000\000\000\005-\000\000\000\000b@\000\000*$\200\024@\201\024\237\311\327\222\336\304\221\216Q\027\001uf'%5\022:P\210\341\341\345\021\000a%\000\000\000\005U\240\231\202k\030<\225\205;%\337\001\376d\216V\310\306k>\373\322\372\353b\3659\350\345\324F\026Vg\244\337\353\312\013\236hD\305E\177)\365\031\344}\231\342 ?\273\261,\263l\2443V5tR\346$\000\000\000\005b@\000\000\027H\206*@\341\347""\000\000\000\000$\000\000\000\006-\000\000\000\000b@\000\000\004l\214@6\201\024\3177\2633\3425H\2210g]\027\350~`\267{\247\373\332\341\341\361\003\020\000\256\322m\2146\221\305\341\316\031h?\276\005\207\253\236\tL;\371W\315\233X\345O\203\332\240\005\360\004"";   nodeid: ""\240\000\000\000\000\000\000\000\000\000\000\000\000\000\000\000\000\000\000\000\000\000\000\000\000\000\000\000\000\000\000\000\001""; }; "
1750527547224,1750527547224,3578,1,1,3,TMLedgerData,"ledgerHash: ""\326+\03569g\235`}\354\203s\003\217_Vf \233\324\237yU<\242:Zr\321\340\201]""; ledgerSeq: 7; type: liBASE; nodes {;   nodedata: ""\000\000\000\007\001cEx]\211\377\330\360\215\2502\265\245\310\226\243c\302Ze\306\253#r\020\211\320iG\276\020E\317\035Sf\223F\254\020N |\264\023\251\372`\001\r\225\217P\243\370m\037op\306\025\027\013\002\257\266J\025/\3729\220\014>4\264\253\207\255\233\\356\277\340\345\017\323\341\201\004TK\004\373\204\253\204\240\3155\357\026\353/\351\252\253/\351\252\264\n\000""; }; nodes {;   nodedata: ""\341\035\262xv\226\317f5\366\365\252a\177\355\302\326\t\222~j\320f\374/ \363\256\257\361 \303\001\301\025%1L\307\t\261\262z\374\222T\301\274V\236\223\262\270Ct\362\337b\356\024*\324\320\351\317\002,\377\251Q\263\245*\373\267\332I\261\001\251N\313Su!\333\331\260|\312%\271\263\267\320\313\036\303\004\330\210a4\256y^267\344\320H\t\331\316{n\002q\260\017U_\270\321B\024U\313\2054\006E\344\037@\210\363\010\336T\226\247'\204_{\261\370""1\235\2445\343\033Y!\212\201\341\272\225'\007Z\314\023h\n\020~\036\324P\254\001\274\227n\020\273\023\010\nq\216Z\344\004\3612B\205\257\335\036\013\003""; }; nodes {;   nodedata: ""\233\330\223\352\3012\234}\322\031(\362*;JR3m]\203<\234\204jiO\033\304\322\017\232\202\n\003""; }; requestCookie: 2; ","ledgerHash: ""\326+\03569g\235`}\354\203s\003\217_Vf \233\324\237yU<\242:Zr\321\340\201]""; ledgerSeq: 7; type: liBASE; nodes {;   nodedata: ""\000\000\000\007\001cEx]\211\377\330\360\215\2502\265\245\310\226\243c\302Ze\306\253#r\020\211\320iG\276\020E\317\035Sf\223F\254\020N |\264\023\251\372`\001\r\225\217P\243\370m\037op\306\025\027\013\002\257\266J\025/\3729\220\014>4\264\253\207\255\233\\356\277\340\345\017\323\341\201\004TK\004\373\204\253\204\240\3155\357\026\353/\351\252\253/\351\252\264\n\000""; }; nodes {;   nodedata: ""\341\035\262xv\226\317f5\366\365\252a\177\355\302\326\t\222~j\320f\374/ \363\256\257\361 \303\001\301\025%1L\307\t\261\262z\374\222T\301\274V\236\223\262\270Ct\362\337b\356\024*\324\320\351\317\002,\377\251Q\263\245*\373\267\332I\261\001\251N\313Su!\333\331\260|\312%\271\263\267\320\313\036\303\004\330\210a4\256y^267\344\320H\t\331\316{n\002q\260\017U_\270\321B\024U\313\2054\006E\344\037@\210\363\010\336T\226\247'\204_{\261\370""1\235\2445\343\033Y!\212\201\341\272\225'\007Z\314\023h\n\020~\036\324P\254\001\274\227n\020\273\023\010\nq\216Z\344\004\3612B\205\257\335\036\013\003""; }; nodes {;   nodedata: ""\233\330\223\352\3012\234}\322\031(\362*;JR3m]\203<\234\204jiO\033\304\322\017\232\202\n\003""; }; requestCookie: 2; "
1750527547259,1750527547259,1212,1,2,4,TMLedgerData,"ledgerHash: ""3\321\n7\354)\tf\006\357\205B<h\272GQ \344\262\236\025#\003\024&\310\034\352\376\326""; ledgerSeq: 0; type: liTS_CANDIDATE; nodes {;   nodedata: ""'\240~~s\033\202\356\320\307\177Nt\203\315\245\305\276b\265\310\271\3319\245:\342=c\267\265\233\002\003"";   nodeid: ""\000\000\000\000\000\000\000\000\000\000\000\000\000\000\000\000\000\000\000\000\000\000\000\000\000\000\000\000\000\000\000\000\000""; }; ","ledgerHash: ""3\321\n7\354)\tf\006\357\205B<h\272GQ \344\262\236\025#\003\024&\310\034\352\376\326""; ledgerSeq: 0; type: liTS_CANDIDATE; nodes {;   nodedata: ""'\240~~s\033\202\356\320\307\177Nt\203\315\245\305\276b\265\310\271\3319\245:\342=c\267\265\233\002\003"";   nodeid: ""\000\000\000\000\000\000\000\000\000\000\000\000\000\000\000\000\000\000\000\000\000\000\000\000\000\000\000\000\000\000\000\000\000""; }; "
1750527547303,1750527547303,1144,1,4,1,TMLedgerData,"ledgerHash: ""\363\262\310\025\251\261\276X\247\260J\221\345\357\037\231)|\321K\000\\326E\004\377\005\255""A?\250""; ledgerSeq: 0; type: liTS_CANDIDATE; nodes {;   nodedata: ""MJ\275'\324\005\036\313\204nW\300\362\327\016\205\236\021\351Q6\021\355\301\372\322\276g\026\243\361M\004\003"";   nodeid: ""\000\000\000\000\000\000\000\000\000\000\000\000\000\000\000\000\000\000\000\000\000\000\000\000\000\000\000\000\000\000\000\000\000""; }; requestCookie: 2; ","ledgerHash: ""\363\262\310\025\251\261\276X\247\260J\221\345\357\037\231)|\321K\000\\326E\004\377\005\255""A?\250""; ledgerSeq: 0; type: liTS_CANDIDATE; nodes {;   nodedata: ""MJ\275'\324\005\036\313\204nW\300\362\327\016\205\236\021\351Q6\021\355\301\372\322\276g\026\243\361M\004\003"";   nodeid: ""\000\000\000\000\000\000\000\000\000\000\000\000\000\000\000\000\000\000\000\000\000\000\000\000\000\000\000\000\000\000\000\000\000""; }; requestCookie: 2; "
1750527547325,1750527547325,612,1,2,0,TMLedgerData,"ledgerHash: ""\363\262\310\025\251\261\276X\247\260J\221\345\357\037\231)|\321K\000\\326E\004\377\005\255""A?\250""; ledgerSeq: 0; type: liTS_CANDIDATE; nodes {;   nodedata: ""MJ\275'\324\005\036\313\204nW\300\362\327\016\205\236\021\351Q6\021\355\301\372\322\276g\026\243\361M\004\003"";   nodeid: ""\000\000\000\000\000\000\000\000\000\000\000\000\000\000\000\000\000\000\000\000\000\000\000\000\000\000\000\000\000\000\000\000\000""; }; ","ledgerHash: ""\363\262\310\025\251\261\276X\247\260J\221\345\357\037\231)|\321K\000\\326E\004\377\005\255""A?\250""; ledgerSeq: 0; type: liTS_CANDIDATE; nodes {;   nodedata: ""MJ\275'\324\005\036\313\204nW\300\362\327\016\205\236\021\351Q6\021\355\301\372\322\276g\026\243\361M\004\003"";   nodeid: ""\000\000\000\000\000\000\000\000\000\000\000\000\000\000\000\000\000\000\000\000\000\000\000\000\000\000\000\000\000\000\000\000\000""; }; "
1750527547326,1750527547326,1539,1,4,2,TMLedgerData,"ledgerHash: ""\033@\177e\277\016\010u\327\371&\262\312\317Q\2361t\377x\234\001v\003%\030\325_\225g\204\346""; ledgerSeq: 7; type: liAS_NODE; nodes {;   nodedata: ""\021\000a""\000\000\000\000$\000\000\000\006%\000\000\000\007-\000\000\000\000UMJ\275'\324\005\036\313\204nW\300\362\327\016\205\236\021\351Q6\021\355\301\372\322\276g\026\243\361Mb@\000\000\003\365V\2546\201\024\3177\2633\3425H\2210g]\027\350~`\267{\247\373\332g\244\337\353\312\013\236hD\305E\177)\365\031\344}\231\342 ?\273\261,\263l\2443V5tR\001"";   nodeid: ""`\000\000\000\000\000\000\000\000\000\000\000\000\000\000\000\000\000\000\000\000\000\000\000\000\000\000\000\000\000\000\000\001""; }; nodes {;   nodedata: ""\021\000a""\000\000\000\000$\000\000\000\005%\000\000\000\007-\000\000\000\000UMJ\275'\324\005\036\313\204nW\300\362\327\016\205\236\021\351Q6\021\355\301\372\322\276g\026\243\361Mb@\000\000*\233\265\250@\201\024\272\177ez`?~\240\022\321\013D\240\325V\364\241\375\n@\030+E\324}\254\210\205\211\200xl\010D\242\344Yy\230'SU,\346\210\010%\240N\231\363\306\001"";   nodeid: ""\020\000\000\000\000\000\000\000\000\000\000\000\000\000\000\000\000\000\000\000\000\000\000\000\000\000\000\000\000\000\000\000\001""; }; ","ledgerHash: ""\033@\177e\277\016\010u\327\371&\262\312\317Q\2361t\377x\234\001v\003%\030\325_\225g\204\346""; ledgerSeq: 7; type: liAS_NODE; nodes {;   nodedata: ""\021\000a""\000\000\000\000$\000\000\000\006%\000\000\000\007-\000\000\000\000UMJ\275'\324\005\036\313\204nW\300\362\327\016\205\236\021\351Q6\021\355\301\372\322\276g\026\243\361Mb@\000\000\003\365V\2546\201\024\3177\2633\3425H\2210g]\027\350~`\267{\247\373\332g\244\337\353\312\013\236hD\305E\177)\365\031\344}\231\342 ?\273\261,\263l\2443V5tR\001"";   nodeid: ""`\000\000\000\000\000\000\000\000\000\000\000\000\000\000\000\000\000\000\000\000\000\000\000\000\000\000\000\000\000\000\000\001""; }; nodes {;   nodedata: ""\021\000a""\000\000\000\000$\000\000\000\005%\000\000\000\007-\000\000\000\000UMJ\275'\324\005\036\313\204nW\300\362\327\016\205\236\021\351Q6\021\355\301\372\322\276g\026\243\361Mb@\000\000*\233\265\250@\201\024\272\177ez`?~\240\022\321\013D\240\325V\364\241\375\n@\030+E\324}\254\210\205\211\200xl\010D\242\344Yy\230'SU,\346\210\010%\240N\231\363\306\001"";   nodeid: ""\020\000\000\000\000\000\000\000\000\000\000\000\000\000\000\000\000\000\000\000\000\000\000\000\000\000\000\000\000\000\000\000\001""; }; "
1750527547332,1750527547332,2523,1,3,2,TMLedgerData,"ledgerHash: ""\341\310\354\0213\033\013\350\207z\236R(|z&\034\335\266\323\356\205\273DV\210\254\213T\rZ\347""; ledgerSeq: 0; type: liTS_CANDIDATE; nodes {;   nodedata: ""\256\322m\2146\221\305\341\316\031h?\276\005\207\253\236\tL;\371W\315\233X\345O\203\332\240\005\360\n\003"";   nodeid: ""\000\000\000\000\000\000\000\000\000\000\000\000\000\000\000\000\000\000\000\000\000\000\000\000\000\000\000\000\000\000\000\000\000""; }; ","ledgerHash: ""\341\310\354\0213\033\013\350\207z\236R(|z&\034\335\266\323\356\205\273DV\210\254\213T\rZ\347""; ledgerSeq: 0; type: liTS_CANDIDATE; nodes {;   nodedata: ""\256\322m\2146\221\305\341\316\031h?\276\005\207\253\236\tL;\371W\315\233X\345O\203\332\240\005\360\n\003"";   nodeid: ""\000\000\000\000\000\000\000\000\000\000\000\000\000\000\000\000\000\000\000\000\000\000\000\000\000\000\000\000\000\000\000\000\000""; }; "
1750527547332,1750527547332,1497,1,0,3,TMLedgerData,"ledgerHash: ""\326+\03569g\235`}\354\203s\003\217_Vf \233\324\237yU<\242:Zr\321\340\201]""; ledgerSeq: 7; type: liBASE; nodes {;   nodedata: ""\000\000\000\007\001cEx]\211\377\330\360\215\2502\265\245\310\226\243c\302Ze\306\253#r\020\211\320iG\276\020E\317\035Sf\223F\254\020N |\264\023\251\372`\001\r\225\217P\243\370m\037op\306\025\027\013\002\257\266J\025/\3729\220\014>4\264\253\207\255\233\\356\277\340\345\017\323\341\201\004TK\004\373\204\253\204\240\3155\357\026\353/\351\252\253/\351\252\264\n\000""; }; nodes {;   nodedata: ""\341\035\262xv\226\317f5\366\365\252a\177\355\302\326\t\222~j\320f\374/ \363\256\257\361 \303\001\301\025%1L\307\t\261\262z\374\222T\301\274V\236\223\262\270Ct\362\337b\356\024*\324\320\351\317\002,\377\251Q\263\245*\373\267\332I\261\001\251N\313Su!\333\331\260|\312%\271\263\267\320\313\036\303\004\330\210a4\256y^267\344\320H\t\331\316{n\002q\260\017U_\270\321B\024U\313\2054\006E\344\037@\210\363\010\336T\226\247'\204_{\261\370""1\235\2445\343\033Y!\212\201\341\272\225'\007Z\314\023h\n\020~\036\324P\254\001\274\227n\020\273\023\010\nq\216Z\344\004\3612B\205\257\335\036\013\003""; }; nodes {;   nodedata: ""\233\330\223\352\3012\234}\322\031(\362*;JR3m]\203<\234\204jiO\033\304\322\017\232\202\n\003""; }; ","ledgerHash: ""\326+\03569g\235`}\354\203s\003\217_Vf \233\324\237yU<\242:Zr\321\340\201]""; ledgerSeq: 7; type: liBASE; nodes {;   nodedata: ""\000\000\000\007\001cEx]\211\377\330\360\215\2502\265\245\310\226\243c\302Ze\306\253#r\020\211\320iG\276\020E\317\035Sf\223F\254\020N |\264\023\251\372`\001\r\225\217P\243\370m\037op\306\025\027\013\002\257\266J\025/\3729\220\014>4\264\253\207\255\233\\356\277\340\345\017\323\341\201\004TK\004\373\204\253\204\240\3155\357\026\353/\351\252\253/\351\252\264\n\000""; }; nodes {;   nodedata: ""\341\035\262xv\226\317f5\366\365\252a\177\355\302\326\t\222~j\320f\374/ \363\256\257\361 \303\001\301\025%1L\307\t\261\262z\374\222T\301\274V\236\223\262\270Ct\362\337b\356\024*\324\320\351\317\002,\377\251Q\263\245*\373\267\332I\261\001\251N\313Su!\333\331\260|\312%\271\263\267\320\313\036\303\004\330\210a4\256y^267\344\320H\t\331\316{n\002q\260\017U_\270\321B\024U\313\2054\006E\344\037@\210\363\010\336T\226\247'\204_{\261\370""1\235\2445\343\033Y!\212\201\341\272\225'\007Z\314\023h\n\020~\036\324P\254\001\274\227n\020\273\023\010\nq\216Z\344\004\3612B\205\257\335\036\013\003""; }; nodes {;   nodedata: ""\233\330\223\352\3012\234}\322\031(\362*;JR3m]\203<\234\204jiO\033\304\322\017\232\202\n\003""; }; "
1750527547345,1750527547345,1544,1,2,1,TMGetLedger,"itype: liAS_NODE; ledgerHash: ""\033@\177e\277\016\010u\327\371&\262\312\317Q\2361t\377x\234\001v\003%\030\325_\225g\204\346""; ledgerSeq: 7; nodeIDs: ""`\000\000\000\000\000\000\000\000\000\000\000\000\000\000\000\000\000\000\000\000\000\000\000\000\000\000\000\000\000\000\000\001""; nodeIDs: ""\020\000\000\000\000\000\000\000\000\000\000\000\000\000\000\000\000\000\000\000\000\000\000\000\000\000\000\000\000\000\000\000\001""; queryType: qtINDIRECT; queryDepth: 0; ","itype: liAS_NODE; ledgerHash: ""\033@\177e\277\016\010u\327\371&\262\312\317Q\2361t\377x\234\001v\003%\030\325_\225g\204\346""; ledgerSeq: 7; nodeIDs: ""`\000\000\000\000\000\000\000\000\000\000\000\000\000\000\000\000\000\000\000\000\000\000\000\000\000\000\000\000\000\000\000\001""; nodeIDs: ""\020\000\000\000\000\000\000\000\000\000\000\000\000\000\000\000\000\000\000\000\000\000\000\000\000\000\000\000\000\000\000\000\001""; queryType: qtINDIRECT; queryDepth: 0; "
1750527547345,1750527547345,3719,1,2,4,TMGetLedger,"itype: liAS_NODE; ledgerHash: ""\033@\177e\277\016\010u\327\371&\262\312\317Q\2361t\377x\234\001v\003%\030\325_\225g\204\346""; ledgerSeq: 7; nodeIDs: ""`\000\000\000\000\000\000\000\000\000\000\000\000\000\000\000\000\000\000\000\000\000\000\000\000\000\000\000\000\000\000\000\001""; nodeIDs: ""\020\000\000\000\000\000\000\000\000\000\000\000\000\000\000\000\000\000\000\000\000\000\000\000\000\000\000\000\000\000\000\000\001""; queryType: qtINDIRECT; queryDepth: 0; ","itype: liAS_NODE; ledgerHash: ""\033@\177e\277\016\010u\327\371&\262\312\317Q\2361t\377x\234\001v\003%\030\325_\225g\204\346""; ledgerSeq: 7; nodeIDs: ""`\000\000\000\000\000\000\000\000\000\000\000\000\000\000\000\000\000\000\000\000\000\000\000\000\000\000\000\000\000\000\000\001""; nodeIDs: ""\020\000\000\000\000\000\000\000\000\000\000\000\000\000\000\000\000\000\000\000\000\000\000\000\000\000\000\000\000\000\000\000\001""; queryType: qtINDIRECT; queryDepth: 0; "
1750527547346,1750527547346,589,1,2,0,TMGetLedger,"itype: liAS_NODE; ledgerHash: ""\033@\177e\277\016\010u\327\371&\262\312\317Q\2361t\377x\234\001v\003%\030\325_\225g\204\346""; ledgerSeq: 7; nodeIDs: ""`\000\000\000\000\000\000\000\000\000\000\000\000\000\000\000\000\000\000\000\000\000\000\000\000\000\000\000\000\000\000\000\001""; nodeIDs: ""\020\000\000\000\000\000\000\000\000\000\000\000\000\000\000\000\000\000\000\000\000\000\000\000\000\000\000\000\000\000\000\000\001""; queryType: qtINDIRECT; queryDepth: 0; ","itype: liAS_NODE; ledgerHash: ""\033@\177e\277\016\010u\327\371&\262\312\317Q\2361t\377x\234\001v\003%\030\325_\225g\204\346""; ledgerSeq: 7; nodeIDs: ""`\000\000\000\000\000\000\000\000\000\000\000\000\000\000\000\000\000\000\000\000\000\000\000\000\000\000\000\000\000\000\000\001""; nodeIDs: ""\020\000\000\000\000\000\000\000\000\000\000\000\000\000\000\000\000\000\000\000\000\000\000\000\000\000\000\000\000\000\000\000\001""; queryType: qtINDIRECT; queryDepth: 0; "
1750527547346,1750527547346,4000,1,2,3,TMGetLedger,"itype: liAS_NODE; ledgerHash: ""\033@\177e\277\016\010u\327\371&\262\312\317Q\2361t\377x\234\001v\003%\030\325_\225g\204\346""; ledgerSeq: 7; nodeIDs: ""`\000\000\000\000\000\000\000\000\000\000\000\000\000\000\000\000\000\000\000\000\000\000\000\000\000\000\000\000\000\000\000\001""; nodeIDs: ""\020\000\000\000\000\000\000\000\000\000\000\000\000\000\000\000\000\000\000\000\000\000\000\000\000\000\000\000\000\000\000\000\001""; queryType: qtINDIRECT; queryDepth: 0; ","itype: liAS_NODE; ledgerHash: ""\033@\177e\277\016\010u\327\371&\262\312\317Q\2361t\377x\234\001v\003%\030\325_\225g\204\346""; ledgerSeq: 7; nodeIDs: ""`\000\000\000\000\000\000\000\000\000\000\000\000\000\000\000\000\000\000\000\000\000\000\000\000\000\000\000\000\000\000\000\001""; nodeIDs: ""\020\000\000\000\000\000\000\000\000\000\000\000\000\000\000\000\000\000\000\000\000\000\000\000\000\000\000\000\000\000\000\000\001""; queryType: qtINDIRECT; queryDepth: 0; "
1750527547373,1750527547373,612,1,2,0,TMLedgerData,"ledgerHash: ""\363\262\310\025\251\261\276X\247\260J\221\345\357\037\231)|\321K\000\\326E\004\377\005\255""A?\250""; ledgerSeq: 0; type: liTS_CANDIDATE; nodes {;   nodedata: ""MJ\275'\324\005\036\313\204nW\300\362\327\016\205\236\021\351Q6\021\355\301\372\322\276g\026\243\361M\004\003"";   nodeid: ""\000\000\000\000\000\000\000\000\000\000\000\000\000\000\000\000\000\000\000\000\000\000\000\000\000\000\000\000\000\000\000\000\000""; }; ","ledgerHash: ""\363\262\310\025\251\261\276X\247\260J\221\345\357\037\231)|\321K\000\\326E\004\377\005\255""A?\250""; ledgerSeq: 0; type: liTS_CANDIDATE; nodes {;   nodedata: ""MJ\275'\324\005\036\313\204nW\300\362\327\016\205\236\021\351Q6\021\355\301\372\322\276g\026\243\361M\004\003"";   nodeid: ""\000\000\000\000\000\000\000\000\000\000\000\000\000\000\000\000\000\000\000\000\000\000\000\000\000\000\000\000\000\000\000\000\000""; }; "
1750527547373,1750527547373,1769,1,2,1,TMLedgerData,"ledgerHash: ""\356\316\306(\314\366\340SA\320e\361\337A\350+\342\334{eBV\360\354\225)\263\237~v\236}""; ledgerSeq: 0; type: liTS_CANDIDATE; nodes {;   nodedata: ""\216b\024\334gS\347X\272b\322\267\303L\230\361n\036 \270-E\361}\351O\347\233\337\314!\215\010\003"";   nodeid: ""\000\000\000\000\000\000\000\000\000\000\000\000\000\000\000\000\000\000\000\000\000\000\000\000\000\000\000\000\000\000\000\000\000""; }; requestCookie: 2; ","ledgerHash: ""\356\316\306(\314\366\340SA\320e\361\337A\350+\342\334{eBV\360\354\225)\263\237~v\236}""; ledgerSeq: 0; type: liTS_CANDIDATE; nodes {;   nodedata: ""\216b\024\334gS\347X\272b\322\267\303L\230\361n\036 \270-E\361}\351O\347\233\337\314!\215\010\003"";   nodeid: ""\000\000\000\000\000\000\000\000\000\000\000\000\000\000\000\000\000\000\000\000\000\000\000\000\000\000\000\000\000\000\000\000\000""; }; requestCookie: 2; "
1750527547408,1750527547408,3378,1,4,0,TMLedgerData,"ledgerHash: ""\356\316\306(\314\366\340SA\320e\361\337A\350+\342\334{eBV\360\354\225)\263\237~v\236}""; ledgerSeq: 0; type: liTS_CANDIDATE; nodes {;   nodedata: ""\216b\024\334gS\347X\272b\322\267\303L\230\361n\036 \270-E\361}\351O\347\233\337\314!\215\010\003"";   nodeid: ""\000\000\000\000\000\000\000\000\000\000\000\000\000\000\000\000\000\000\000\000\000\000\000\000\000\000\000\000\000\000\000\000\000""; }; ","ledgerHash: ""\356\316\306(\314\366\340SA\320e\361\337A\350+\342\334{eBV\360\354\225)\263\237~v\236}""; ledgerSeq: 0; type: liTS_CANDIDATE; nodes {;   nodedata: ""\216b\024\334gS\347X\272b\322\267\303L\230\361n\036 \270-E\361}\351O\347\233\337\314!\215\010\003"";   nodeid: ""\000\000\000\000\000\000\000\000\000\000\000\000\000\000\000\000\000\000\000\000\000\000\000\000\000\000\000\000\000\000\000\000\000""; }; "
1750527547427,1750527547427,2523,1,3,2,TMLedgerData,"ledgerHash: ""\341\310\354\0213\033\013\350\207z\236R(|z&\034\335\266\323\356\205\273DV\210\254\213T\rZ\347""; ledgerSeq: 0; type: liTS_CANDIDATE; nodes {;   nodedata: ""\256\322m\2146\221\305\341\316\031h?\276\005\207\253\236\tL;\371W\315\233X\345O\203\332\240\005\360\n\003"";   nodeid: ""\000\000\000\000\000\000\000\000\000\000\000\000\000\000\000\000\000\000\000\000\000\000\000\000\000\000\000\000\000\000\000\000\000""; }; ","ledgerHash: ""\341\310\354\0213\033\013\350\207z\236R(|z&\034\335\266\323\356\205\273DV\210\254\213T\rZ\347""; ledgerSeq: 0; type: liTS_CANDIDATE; nodes {;   nodedata: ""\256\322m\2146\221\305\341\316\031h?\276\005\207\253\236\tL;\371W\315\233X\345O\203\332\240\005\360\n\003"";   nodeid: ""\000\000\000\000\000\000\000\000\000\000\000\000\000\000\000\000\000\000\000\000\000\000\000\000\000\000\000\000\000\000\000\000\000""; }; "
1750527547434,1750527547434,1782,1,1,4,TMLedgerData,"ledgerHash: ""\326+\03569g\235`}\354\203s\003\217_Vf \233\324\237yU<\242:Zr\321\340\201]""; ledgerSeq: 7; type: liBASE; nodes {;   nodedata: ""\000\000\000\007\001cEx]\211\377\330\360\215\2502\265\245\310\226\243c\302Ze\306\253#r\020\211\320iG\276\020E\317\035Sf\223F\254\020N |\264\023\251\372`\001\r\225\217P\243\370m\037op\306\025\027\013\002\257\266J\025/\3729\220\014>4\264\253\207\255\233\\356\277\340\345\017\323\341\201\004TK\004\373\204\253\204\240\3155\357\026\353/\351\252\253/\351\252\264\n\000""; }; nodes {;   nodedata: ""\341\035\262xv\226\317f5\366\365\252a\177\355\302\326\t\222~j\320f\374/ \363\256\257\361 \303\001\301\025%1L\307\t\261\262z\374\222T\301\274V\236\223\262\270Ct\362\337b\356\024*\324\320\351\317\002,\377\251Q\263\245*\373\267\332I\261\001\251N\313Su!\333\331\260|\312%\271\263\267\320\313\036\303\004\330\210a4\256y^267\344\320H\t\331\316{n\002q\260\017U_\270\321B\024U\313\2054\006E\344\037@\210\363\010\336T\226\247'\204_{\261\370""1\235\2445\343\033Y!\212\201\341\272\225'\007Z\314\023h\n\020~\036\324P\254\001\274\227n\020\273\023\010\nq\216Z\344\004\3612B\205\257\335\036\013\003""; }; nodes {;   nodedata: ""\233\330\223\352\3012\234}\322\031(\362*;JR3m]\203<\234\204jiO\033\304\322\017\232\202\n\003""; }; requestCookie: 3; ","ledgerHash: ""\326+\03569g\235`}\354\203s\003\217_Vf \233\324\237yU<\242:Zr\321\340\201]""; ledgerSeq: 7; type: liBASE; nodes {;   nodedata: ""\000\000\000\007\001cEx]\211\377\330\360\215\2502\265\245\310\226\243c\302Ze\306\253#r\020\211\320iG\276\020E\317\035Sf\223F\254\020N |\264\023\251\372`\001\r\225\217P\243\370m\037op\306\025\027\013\002\257\266J\025/\3729\220\014>4\264\253\207\255\233\\356\277\340\345\017\323\341\201\004TK\004\373\204\253\204\240\3155\357\026\353/\351\252\253/\351\252\264\n\000""; }; nodes {;   nodedata: ""\341\035\262xv\226\317f5\366\365\252a\177\355\302\326\t\222~j\320f\374/ \363\256\257\361 \303\001\301\025%1L\307\t\261\262z\374\222T\301\274V\236\223\262\270Ct\362\337b\356\024*\324\320\351\317\002,\377\251Q\263\245*\373\267\332I\261\001\251N\313Su!\333\331\260|\312%\271\263\267\320\313\036\303\004\330\210a4\256y^267\344\320H\t\331\316{n\002q\260\017U_\270\321B\024U\313\2054\006E\344\037@\210\363\010\336T\226\247'\204_{\261\370""1\235\2445\343\033Y!\212\201\341\272\225'\007Z\314\023h\n\020~\036\324P\254\001\274\227n\020\273\023\010\nq\216Z\344\004\3612B\205\257\335\036\013\003""; }; nodes {;   nodedata: ""\233\330\223\352\3012\234}\322\031(\362*;JR3m]\203<\234\204jiO\033\304\322\017\232\202\n\003""; }; requestCookie: 3; "
1750527547455,1750527547456,1144,1,4,1,TMLedgerData,"ledgerHash: ""\033@\177e\277\016\010u\327\371&\262\312\317Q\2361t\377x\234\001v\003%\030\325_\225g\204\346""; ledgerSeq: 7; type: liAS_NODE; nodes {;   nodedata: ""\021\000a""\000\000\000\000$\000\000\000\006%\000\000\000\007-\000\000\000\000UMJ\275'\324\005\036\313\204nW\300\362\327\016\205\236\021\351Q6\021\355\301\372\322\276g\026\243\361Mb@\000\000\003\365V\2546\201\024\3177\2633\3425H\2210g]\027\350~`\267{\247\373\332g\244\337\353\312\013\236hD\305E\177)\365\031\344}\231\342 ?\273\261,\263l\2443V5tR\001"";   nodeid: ""`\000\000\000\000\000\000\000\000\000\000\000\000\000\000\000\000\000\000\000\000\000\000\000\000\000\000\000\000\000\000\000\001""; }; nodes {;   nodedata: ""\021\000a""\000\000\000\000$\000\000\000\005%\000\000\000\007-\000\000\000\000UMJ\275'\324\005\036\313\204nW\300\362\327\016\205\236\021\351Q6\021\355\301\372\322\276g\026\243\361Mb@\000\000*\233\265\250@\201\024\272\177ez`?~\240\022\321\013D\240\325V\364\241\375\n@\030+E\324}\254\210\205\211\200xl\010D\242\344Yy\230'SU,\346\210\010%\240N\231\363\306\001"";   nodeid: ""\020\000\000\000\000\000\000\000\000\000\000\000\000\000\000\000\000\000\000\000\000\000\000\000\000\000\000\000\000\000\000\000\001""; }; ","ledgerHash: ""\033@\177e\277\016\010u\327\371&\262\312\317Q\2361t\377x\234\001v\003%\030\325_\225g\204\346""; ledgerSeq: 7; type: liAS_NODE; nodes {;   nodedata: ""\021\000a""\000\000\000\000$\000\000\000\006%\000\000\000\007-\000\000\000\000UMJ\275'\324\005\036\313\204nW\300\362\327\016\205\236\021\351Q6\021\355\301\372\322\276g\026\243\361Mb@\000\000\003\365V\2546\201\024\3177\2633\3425H\2210g]\027\350~`\267{\247\373\332g\244\337\353\312\013\236hD\305E\177)\365\031\344}\231\342 ?\273\261,\263l\2443V5tR\001"";   nodeid: ""`\000\000\000\000\000\000\000\000\000\000\000\000\000\000\000\000\000\000\000\000\000\000\000\000\000\000\000\000\000\000\000\001""; }; nodes {;   nodedata: ""\021\000a""\000\000\000\000$\000\000\000\005%\000\000\000\007-\000\000\000\000UMJ\275'\324\005\036\313\204nW\300\362\327\016\205\236\021\351Q6\021\355\301\372\322\276g\026\243\361Mb@\000\000*\233\265\250@\201\024\272\177ez`?~\240\022\321\013D\240\325V\364\241\375\n@\030+E\324}\254\210\205\211\200xl\010D\242\344Yy\230'SU,\346\210\010%\240N\231\363\306\001"";   nodeid: ""\020\000\000\000\000\000\000\000\000\000\000\000\000\000\000\000\000\000\000\000\000\000\000\000\000\000\000\000\000\000\000\000\001""; }; "
1750527547503,1750527547503,142,1,0,3,TMProposeSet,"proposeSeq: 1; currentTxHash: ""d\007J\324\325\036\237\241\260\301\260\265\226o\335#\262\345\0064\2732Bg\313\270&\232\007\276\326\225""; nodePubKey: ""\002\225aM\037\203M\271C\224]$\245\215\334\264;{{\365%Z\2443U\201\242\320iUc\207\367""; closeTime: 803842750; signature: ""0E\002!\000\354Y\334\303\303\005\3358h\005+\206\376\343\025\373 :\007\366\035\233\360S>\360\336\377\216:\376\260\002 @R\210\002\353\r\255\013\244\267&\032\273\037\026\001r\272fRo3.\215\204,Q\0257\310\226\330""; previousledger: ""\276\230H\305\2714\032l\253n6W\035\354\257.f\r\217\302\203\224\212L\020\S\370\243OP*""; ","proposeSeq: 1; currentTxHash: ""d\007J\324\325\036\237\241\260\301\260\265\226o\335#\262\345\0064\2732Bg\313\270&\232\007\276\326\225""; nodePubKey: ""\002\225aM\037\203M\271C\224]$\245\215\334\264;{{\365%Z\2443U\201\242\320iUc\207\367""; closeTime: 803842750; signature: ""0E\002!\000\354Y\334\303\303\005\3358h\005+\206\376\343\025\373 :\007\366\035\233\360S>\360\336\377\216:\376\260\002 @R\210\002\353\r\255\013\244\267&\032\273\037\026\001r\272fRo3.\215\204,Q\0257\310\226\330""; previousledger: ""\276\230H\305\2714\032l\253n6W\035\354\257.f\r\217\302\203\224\212L\020\S\370\243OP*""; "
1750527547503,1750527547503,2759,1,0,3,TMHaveTransactionSet,"status: tsHAVE; hash: ""d\007J\324\325\036\237\241\260\301\260\265\226o\335#\262\345\0064\2732Bg\313\270&\232\007\276\326\225""; ","status: tsHAVE; hash: ""d\007J\324\325\036\237\241\260\301\260\265\226o\335#\262\345\0064\2732Bg\313\270&\232\007\276\326\225""; "
1750527547505,1750527547506,2092,1,0,1,TMHaveTransactionSet,"status: tsHAVE; hash: ""d\007J\324\325\036\237\241\260\301\260\265\226o\335#\262\345\0064\2732Bg\313\270&\232\007\276\326\225""; ","status: tsHAVE; hash: ""d\007J\324\325\036\237\241\260\301\260\265\226o\335#\262\345\0064\2732Bg\313\270&\232\007\276\326\225""; "
1750527547505,1750527547505,1446,1,0,2,TMHaveTransactionSet,"status: tsHAVE; hash: ""d\007J\324\325\036\237\241\260\301\260\265\226o\335#\262\345\0064\2732Bg\313\270&\232\007\276\326\225""; ","status: tsHAVE; hash: ""d\007J\324\325\036\237\241\260\301\260\265\226o\335#\262\345\0064\2732Bg\313\270&\232\007\276\326\225""; "
1750527547505,1750527547505,1542,1,0,4,TMHaveTransactionSet,"status: tsHAVE; hash: ""d\007J\324\325\036\237\241\260\301\260\265\226o\335#\262\345\0064\2732Bg\313\270&\232\007\276\326\225""; ","status: tsHAVE; hash: ""d\007J\324\325\036\237\241\260\301\260\265\226o\335#\262\345\0064\2732Bg\313\270&\232\007\276\326\225""; "
1750527547505,1750527547505,3268,1,0,2,TMProposeSet,"proposeSeq: 1; currentTxHash: ""d\007J\324\325\036\237\241\260\301\260\265\226o\335#\262\345\0064\2732Bg\313\270&\232\007\276\326\225""; nodePubKey: ""\002\225aM\037\203M\271C\224]$\245\215\334\264;{{\365%Z\2443U\201\242\320iUc\207\367""; closeTime: 803842750; signature: ""0E\002!\000\354Y\334\303\303\005\3358h\005+\206\376\343\025\373 :\007\366\035\233\360S>\360\336\377\216:\376\260\002 @R\210\002\353\r\255\013\244\267&\032\273\037\026\001r\272fRo3.\215\204,Q\0257\310\226\330""; previousledger: ""\276\230H\305\2714\032l\253n6W\035\354\257.f\r\217\302\203\224\212L\020\S\370\243OP*""; ","proposeSeq: 1; currentTxHash: ""d\007J\324\325\036\237\241\260\301\260\265\226o\335#\262\345\0064\2732Bg\313\270&\232\007\276\326\225""; nodePubKey: ""\002\225aM\037\203M\271C\224]$\245\215\334\264;{{\365%Z\2443U\201\242\320iUc\207\367""; closeTime: 803842750; signature: ""0E\002!\000\354Y\334\303\303\005\3358h\005+\206\376\343\025\373 :\007\366\035\233\360S>\360\336\377\216:\376\260\002 @R\210\002\353\r\255\013\244\267&\032\273\037\026\001r\272fRo3.\215\204,Q\0257\310\226\330""; previousledger: ""\276\230H\305\2714\032l\253n6W\035\354\257.f\r\217\302\203\224\212L\020\S\370\243OP*""; "
1750527547504,1750527547504,3504,1,0,4,TMProposeSet,"proposeSeq: 1; currentTxHash: ""d\007J\324\325\036\237\241\260\301\260\265\226o\335#\262\345\0064\2732Bg\313\270&\232\007\276\326\225""; nodePubKey: ""\002\225aM\037\203M\271C\224]$\245\215\334\264;{{\365%Z\2443U\201\242\320iUc\207\367""; closeTime: 803842750; signature: ""0E\002!\000\354Y\334\303\303\005\3358h\005+\206\376\343\025\373 :\007\366\035\233\360S>\360\336\377\216:\376\260\002 @R\210\002\353\r\255\013\244\267&\032\273\037\026\001r\272fRo3.\215\204,Q\0257\310\226\330""; previousledger: ""\276\230H\305\2714\032l\253n6W\035\354\257.f\r\217\302\203\224\212L\020\S\370\243OP*""; ","proposeSeq: 1; currentTxHash: ""d\007J\324\325\036\237\241\260\301\260\265\226o\335#\262\345\0064\2732Bg\313\270&\232\007\276\326\225""; nodePubKey: ""\002\225aM\037\203M\271C\224]$\245\215\334\264;{{\365%Z\2443U\201\242\320iUc\207\367""; closeTime: 803842750; signature: ""0E\002!\000\354Y\334\303\303\005\3358h\005+\206\376\343\025\373 :\007\366\035\233\360S>\360\336\377\216:\376\260\002 @R\210\002\353\r\255\013\244\267&\032\273\037\026\001r\272fRo3.\215\204,Q\0257\310\226\330""; previousledger: ""\276\230H\305\2714\032l\253n6W\035\354\257.f\r\217\302\203\224\212L\020\S\370\243OP*""; "
1750527547506,1750527547506,1212,1,2,4,TMLedgerData,"ledgerHash: ""3\321\n7\354)\tf\006\357\205B<h\272GQ \344\262\236\025#\003\024&\310\034\352\376\326""; ledgerSeq: 0; type: liTS_CANDIDATE; nodes {;   nodedata: ""'\240~~s\033\202\356\320\307\177Nt\203\315\245\305\276b\265\310\271\3319\245:\342=c\267\265\233\002\003"";   nodeid: ""\000\000\000\000\000\000\000\000\000\000\000\000\000\000\000\000\000\000\000\000\000\000\000\000\000\000\000\000\000\000\000\000\000""; }; ","ledgerHash: ""3\321\n7\354)\tf\006\357\205B<h\272GQ \344\262\236\025#\003\024&\310\034\352\376\326""; ledgerSeq: 0; type: liTS_CANDIDATE; nodes {;   nodedata: ""'\240~~s\033\202\356\320\307\177Nt\203\315\245\305\276b\265\310\271\3319\245:\342=c\267\265\233\002\003"";   nodeid: ""\000\000\000\000\000\000\000\000\000\000\000\000\000\000\000\000\000\000\000\000\000\000\000\000\000\000\000\000\000\000\000\000\000""; }; "
1750527547512,1750527547512,1813,1,3,1,TMLedgerData,"ledgerHash: ""\363\262\310\025\251\261\276X\247\260J\221\345\357\037\231)|\321K\000\\326E\004\377\005\255""A?\250""; ledgerSeq: 0; type: liTS_CANDIDATE; nodes {;   nodedata: ""MJ\275'\324\005\036\313\204nW\300\362\327\016\205\236\021\351Q6\021\355\301\372\322\276g\026\243\361M\004\003"";   nodeid: ""\000\000\000\000\000\000\000\000\000\000\000\000\000\000\000\000\000\000\000\000\000\000\000\000\000\000\000\000\000\000\000\000\000""; }; requestCookie: 2; ","ledgerHash: ""\363\262\310\025\251\261\276X\247\260J\221\345\357\037\231)|\321K\000\\326E\004\377\005\255""A?\250""; ledgerSeq: 0; type: liTS_CANDIDATE; nodes {;   nodedata: ""MJ\275'\324\005\036\313\204nW\300\362\327\016\205\236\021\351Q6\021\355\301\372\322\276g\026\243\361M\004\003"";   nodeid: ""\000\000\000\000\000\000\000\000\000\000\000\000\000\000\000\000\000\000\000\000\000\000\000\000\000\000\000\000\000\000\000\000\000""; }; requestCookie: 2; "
1750527547524,1750527547524,3849,1,0,1,TMProposeSet,"proposeSeq: 1; currentTxHash: ""d\007J\324\325\036\237\241\260\301\260\265\226o\335#\262\345\0064\2732Bg\313\270&\232\007\276\326\225""; nodePubKey: ""\002\225aM\037\203M\271C\224]$\245\215\334\264;{{\365%Z\2443U\201\242\320iUc\207\367""; closeTime: 803842750; signature: ""0E\002!\000\354Y\334\303\303\005\3358h\005+\206\376\343\025\373 :\007\366\035\233\360S>\360\336\377\216:\376\260\002 @R\210\002\353\r\255\013\244\267&\032\273\037\026\001r\272fRo3.\215\204,Q\0257\310\226\330""; previousledger: ""\276\230H\305\2714\032l\253n6W\035\354\257.f\r\217\302\203\224\212L\020\S\370\243OP*""; ","proposeSeq: 1; currentTxHash: ""d\007J\324\325\036\237\241\260\301\260\265\226o\335#\262\345\0064\2732Bg\313\270&\232\007\276\326\225""; nodePubKey: ""\002\225aM\037\203M\271C\224]$\245\215\334\264;{{\365%Z\2443U\201\242\320iUc\207\367""; closeTime: 803842750; signature: ""0E\002!\000\354Y\334\303\303\005\3358h\005+\206\376\343\025\373 :\007\366\035\233\360S>\360\336\377\216:\376\260\002 @R\210\002\353\r\255\013\244\267&\032\273\037\026\001r\272fRo3.\215\204,Q\0257\310\226\330""; previousledger: ""\276\230H\305\2714\032l\253n6W\035\354\257.f\r\217\302\203\224\212L\020\S\370\243OP*""; "
1750527547566,1750527547566,3375,1,0,1,TMGetLedger,"itype: liTX_NODE; ledgerHash: ""\326+\03569g\235`}\354\203s\003\217_Vf \233\324\237yU<\242:Zr\321\340\201]""; ledgerSeq: 7; nodeIDs: ""\240\000\000\000\000\000\000\000\000\000\000\000\000\000\000\000\000\000\000\000\000\000\000\000\000\000\000\000\000\000\000\000\001""; queryType: qtINDIRECT; queryDepth: 1; ","itype: liTX_NODE; ledgerHash: ""\326+\03569g\235`}\354\203s\003\217_Vf \233\324\237yU<\242:Zr\321\340\201]""; ledgerSeq: 7; nodeIDs: ""\240\000\000\000\000\000\000\000\000\000\000\000\000\000\000\000\000\000\000\000\000\000\000\000\000\000\000\000\000\000\000\000\001""; queryType: qtINDIRECT; queryDepth: 1; "
1750527547574,1750527547574,860,1,1,0,TMLedgerData,"ledgerHash: ""\363\262\310\025\251\261\276X\247\260J\221\345\357\037\231)|\321K\000\\326E\004\377\005\255""A?\250""; ledgerSeq: 0; type: liTS_CANDIDATE; nodes {;   nodedata: ""MJ\275'\324\005\036\313\204nW\300\362\327\016\205\236\021\351Q6\021\355\301\372\322\276g\026\243\361M\004\003"";   nodeid: ""\000\000\000\000\000\000\000\000\000\000\000\000\000\000\000\000\000\000\000\000\000\000\000\000\000\000\000\000\000\000\000\000\000""; }; ","ledgerHash: ""\363\262\310\025\251\261\276X\247\260J\221\345\357\037\231)|\321K\000\\326E\004\377\005\255""A?\250""; ledgerSeq: 0; type: liTS_CANDIDATE; nodes {;   nodedata: ""MJ\275'\324\005\036\313\204nW\300\362\327\016\205\236\021\351Q6\021\355\301\372\322\276g\026\243\361M\004\003"";   nodeid: ""\000\000\000\000\000\000\000\000\000\000\000\000\000\000\000\000\000\000\000\000\000\000\000\000\000\000\000\000\000\000\000\000\000""; }; "
1750527547577,1750527547577,612,1,2,0,TMLedgerData,"ledgerHash: ""\363\262\310\025\251\261\276X\247\260J\221\345\357\037\231)|\321K\000\\326E\004\377\005\255""A?\250""; ledgerSeq: 0; type: liTS_CANDIDATE; nodes {;   nodedata: ""MJ\275'\324\005\036\313\204nW\300\362\327\016\205\236\021\351Q6\021\355\301\372\322\276g\026\243\361M\004\003"";   nodeid: ""\000\000\000\000\000\000\000\000\000\000\000\000\000\000\000\000\000\000\000\000\000\000\000\000\000\000\000\000\000\000\000\000\000""; }; ","ledgerHash: ""\363\262\310\025\251\261\276X\247\260J\221\345\357\037\231)|\321K\000\\326E\004\377\005\255""A?\250""; ledgerSeq: 0; type: liTS_CANDIDATE; nodes {;   nodedata: ""MJ\275'\324\005\036\313\204nW\300\362\327\016\205\236\021\351Q6\021\355\301\372\322\276g\026\243\361M\004\003"";   nodeid: ""\000\000\000\000\000\000\000\000\000\000\000\000\000\000\000\000\000\000\000\000\000\000\000\000\000\000\000\000\000\000\000\000\000""; }; "
1750527547605,1750527547606,2101,1,4,1,TMGetLedger,"itype: liTX_NODE; ledgerHash: ""\326+\03569g\235`}\354\203s\003\217_Vf \233\324\237yU<\242:Zr\321\340\201]""; ledgerSeq: 7; nodeIDs: ""\240\000\000\000\000\000\000\000\000\000\000\000\000\000\000\000\000\000\000\000\000\000\000\000\000\000\000\000\000\000\000\000\001""; queryType: qtINDIRECT; queryDepth: 1; ","itype: liTX_NODE; ledgerHash: ""\326+\03569g\235`}\354\203s\003\217_Vf \233\324\237yU<\242:Zr\321\340\201]""; ledgerSeq: 7; nodeIDs: ""\240\000\000\000\000\000\000\000\000\000\000\000\000\000\000\000\000\000\000\000\000\000\000\000\000\000\000\000\000\000\000\000\001""; queryType: qtINDIRECT; queryDepth: 1; "
1750527547626,1750527547626,1769,1,2,1,TMLedgerData,"ledgerHash: ""\356\316\306(\314\366\340SA\320e\361\337A\350+\342\334{eBV\360\354\225)\263\237~v\236}""; ledgerSeq: 0; type: liTS_CANDIDATE; nodes {;   nodedata: ""\216b\024\334gS\347X\272b\322\267\303L\230\361n\036 \270-E\361}\351O\347\233\337\314!\215\010\003"";   nodeid: ""\000\000\000\000\000\000\000\000\000\000\000\000\000\000\000\000\000\000\000\000\000\000\000\000\000\000\000\000\000\000\000\000\000""; }; requestCookie: 2; ","ledgerHash: ""\356\316\306(\314\366\340SA\320e\361\337A\350+\342\334{eBV\360\354\225)\263\237~v\236}""; ledgerSeq: 0; type: liTS_CANDIDATE; nodes {;   nodedata: ""\216b\024\334gS\347X\272b\322\267\303L\230\361n\036 \270-E\361}\351O\347\233\337\314!\215\010\003"";   nodeid: ""\000\000\000\000\000\000\000\000\000\000\000\000\000\000\000\000\000\000\000\000\000\000\000\000\000\000\000\000\000\000\000\000\000""; }; requestCookie: 2; "
1750527547683,1750527547683,3578,1,1,3,TMLedgerData,"ledgerHash: ""\326+\03569g\235`}\354\203s\003\217_Vf \233\324\237yU<\242:Zr\321\340\201]""; ledgerSeq: 7; type: liBASE; nodes {;   nodedata: ""\000\000\000\007\001cEx]\211\377\330\360\215\2502\265\245\310\226\243c\302Ze\306\253#r\020\211\320iG\276\020E\317\035Sf\223F\254\020N |\264\023\251\372`\001\r\225\217P\243\370m\037op\306\025\027\013\002\257\266J\025/\3729\220\014>4\264\253\207\255\233\\356\277\340\345\017\323\341\201\004TK\004\373\204\253\204\240\3155\357\026\353/\351\252\253/\351\252\264\n\000""; }; nodes {;   nodedata: ""\341\035\262xv\226\317f5\366\365\252a\177\355\302\326\t\222~j\320f\374/ \363\256\257\361 \303\001\301\025%1L\307\t\261\262z\374\222T\301\274V\236\223\262\270Ct\362\337b\356\024*\324\320\351\317\002,\377\251Q\263\245*\373\267\332I\261\001\251N\313Su!\333\331\260|\312%\271\263\267\320\313\036\303\004\330\210a4\256y^267\344\320H\t\331\316{n\002q\260\017U_\270\321B\024U\313\2054\006E\344\037@\210\363\010\336T\226\247'\204_{\261\370""1\235\2445\343\033Y!\212\201\341\272\225'\007Z\314\023h\n\020~\036\324P\254\001\274\227n\020\273\023\010\nq\216Z\344\004\3612B\205\257\335\036\013\003""; }; nodes {;   nodedata: ""\233\330\223\352\3012\234}\322\031(\362*;JR3m]\203<\234\204jiO\033\304\322\017\232\202\n\003""; }; requestCookie: 4; ","ledgerHash: ""\326+\03569g\235`}\354\203s\003\217_Vf \233\324\237yU<\242:Zr\321\340\201]""; ledgerSeq: 7; type: liBASE; nodes {;   nodedata: ""\000\000\000\007\001cEx]\211\377\330\360\215\2502\265\245\310\226\243c\302Ze\306\253#r\020\211\320iG\276\020E\317\035Sf\223F\254\020N |\264\023\251\372`\001\r\225\217P\243\370m\037op\306\025\027\013\002\257\266J\025/\3729\220\014>4\264\253\207\255\233\\356\277\340\345\017\323\341\201\004TK\004\373\204\253\204\240\3155\357\026\353/\351\252\253/\351\252\264\n\000""; }; nodes {;   nodedata: ""\341\035\262xv\226\317f5\366\365\252a\177\355\302\326\t\222~j\320f\374/ \363\256\257\361 \303\001\301\025%1L\307\t\261\262z\374\222T\301\274V\236\223\262\270Ct\362\337b\356\024*\324\320\351\317\002,\377\251Q\263\245*\373\267\332I\261\001\251N\313Su!\333\331\260|\312%\271\263\267\320\313\036\303\004\330\210a4\256y^267\344\320H\t\331\316{n\002q\260\017U_\270\321B\024U\313\2054\006E\344\037@\210\363\010\336T\226\247'\204_{\261\370""1\235\2445\343\033Y!\212\201\341\272\225'\007Z\314\023h\n\020~\036\324P\254\001\274\227n\020\273\023\010\nq\216Z\344\004\3612B\205\257\335\036\013\003""; }; nodes {;   nodedata: ""\233\330\223\352\3012\234}\322\031(\362*;JR3m]\203<\234\204jiO\033\304\322\017\232\202\n\003""; }; requestCookie: 4; "
1750527547688,1750527547688,2920,1,1,0,TMGetLedger,"itype: liAS_NODE; ledgerHash: ""\033@\177e\277\016\010u\327\371&\262\312\317Q\2361t\377x\234\001v\003%\030\325_\225g\204\346""; ledgerSeq: 7; nodeIDs: ""`\000\000\000\000\000\000\000\000\000\000\000\000\000\000\000\000\000\000\000\000\000\000\000\000\000\000\000\000\000\000\000\001""; nodeIDs: ""\020\000\000\000\000\000\000\000\000\000\000\000\000\000\000\000\000\000\000\000\000\000\000\000\000\000\000\000\000\000\000\000\001""; queryType: qtINDIRECT; queryDepth: 0; ","itype: liAS_NODE; ledgerHash: ""\033@\177e\277\016\010u\327\371&\262\312\317Q\2361t\377x\234\001v\003%\030\325_\225g\204\346""; ledgerSeq: 7; nodeIDs: ""`\000\000\000\000\000\000\000\000\000\000\000\000\000\000\000\000\000\000\000\000\000\000\000\000\000\000\000\000\000\000\000\001""; nodeIDs: ""\020\000\000\000\000\000\000\000\000\000\000\000\000\000\000\000\000\000\000\000\000\000\000\000\000\000\000\000\000\000\000\000\001""; queryType: qtINDIRECT; queryDepth: 0; "
1750527547688,1750527547688,1495,1,1,2,TMGetLedger,"itype: liAS_NODE; ledgerHash: ""\033@\177e\277\016\010u\327\371&\262\312\317Q\2361t\377x\234\001v\003%\030\325_\225g\204\346""; ledgerSeq: 7; nodeIDs: ""`\000\000\000\000\000\000\000\000\000\000\000\000\000\000\000\000\000\000\000\000\000\000\000\000\000\000\000\000\000\000\000\001""; nodeIDs: ""\020\000\000\000\000\000\000\000\000\000\000\000\000\000\000\000\000\000\000\000\000\000\000\000\000\000\000\000\000\000\000\000\001""; queryType: qtINDIRECT; queryDepth: 0; ","itype: liAS_NODE; ledgerHash: ""\033@\177e\277\016\010u\327\371&\262\312\317Q\2361t\377x\234\001v\003%\030\325_\225g\204\346""; ledgerSeq: 7; nodeIDs: ""`\000\000\000\000\000\000\000\000\000\000\000\000\000\000\000\000\000\000\000\000\000\000\000\000\000\000\000\000\000\000\000\001""; nodeIDs: ""\020\000\000\000\000\000\000\000\000\000\000\000\000\000\000\000\000\000\000\000\000\000\000\000\000\000\000\000\000\000\000\000\001""; queryType: qtINDIRECT; queryDepth: 0; "
1750527547688,1750527547688,3769,1,1,3,TMGetLedger,"itype: liAS_NODE; ledgerHash: ""\033@\177e\277\016\010u\327\371&\262\312\317Q\2361t\377x\234\001v\003%\030\325_\225g\204\346""; ledgerSeq: 7; nodeIDs: ""`\000\000\000\000\000\000\000\000\000\000\000\000\000\000\000\000\000\000\000\000\000\000\000\000\000\000\000\000\000\000\000\001""; nodeIDs: ""\020\000\000\000\000\000\000\000\000\000\000\000\000\000\000\000\000\000\000\000\000\000\000\000\000\000\000\000\000\000\000\000\001""; queryType: qtINDIRECT; queryDepth: 0; ","itype: liAS_NODE; ledgerHash: ""\033@\177e\277\016\010u\327\371&\262\312\317Q\2361t\377x\234\001v\003%\030\325_\225g\204\346""; ledgerSeq: 7; nodeIDs: ""`\000\000\000\000\000\000\000\000\000\000\000\000\000\000\000\000\000\000\000\000\000\000\000\000\000\000\000\000\000\000\000\001""; nodeIDs: ""\020\000\000\000\000\000\000\000\000\000\000\000\000\000\000\000\000\000\000\000\000\000\000\000\000\000\000\000\000\000\000\000\001""; queryType: qtINDIRECT; queryDepth: 0; "
1750527547688,1750527547689,3810,1,1,4,TMGetLedger,"itype: liAS_NODE; ledgerHash: ""\033@\177e\277\016\010u\327\371&\262\312\317Q\2361t\377x\234\001v\003%\030\325_\225g\204\346""; ledgerSeq: 7; nodeIDs: ""`\000\000\000\000\000\000\000\000\000\000\000\000\000\000\000\000\000\000\000\000\000\000\000\000\000\000\000\000\000\000\000\001""; nodeIDs: ""\020\000\000\000\000\000\000\000\000\000\000\000\000\000\000\000\000\000\000\000\000\000\000\000\000\000\000\000\000\000\000\000\001""; queryType: qtINDIRECT; queryDepth: 0; ","itype: liAS_NODE; ledgerHash: ""\033@\177e\277\016\010u\327\371&\262\312\317Q\2361t\377x\234\001v\003%\030\325_\225g\204\346""; ledgerSeq: 7; nodeIDs: ""`\000\000\000\000\000\000\000\000\000\000\000\000\000\000\000\000\000\000\000\000\000\000\000\000\000\000\000\000\000\000\000\001""; nodeIDs: ""\020\000\000\000\000\000\000\000\000\000\000\000\000\000\000\000\000\000\000\000\000\000\000\000\000\000\000\000\000\000\000\000\001""; queryType: qtINDIRECT; queryDepth: 0; "
1750527547702,1750527547702,2523,1,3,2,TMLedgerData,"ledgerHash: ""\341\310\354\0213\033\013\350\207z\236R(|z&\034\335\266\323\356\205\273DV\210\254\213T\rZ\347""; ledgerSeq: 0; type: liTS_CANDIDATE; nodes {;   nodedata: ""\256\322m\2146\221\305\341\316\031h?\276\005\207\253\236\tL;\371W\315\233X\345O\203\332\240\005\360\n\003"";   nodeid: ""\000\000\000\000\000\000\000\000\000\000\000\000\000\000\000\000\000\000\000\000\000\000\000\000\000\000\000\000\000\000\000\000\000""; }; ","ledgerHash: ""\341\310\354\0213\033\013\350\207z\236R(|z&\034\335\266\323\356\205\273DV\210\254\213T\rZ\347""; ledgerSeq: 0; type: liTS_CANDIDATE; nodes {;   nodedata: ""\256\322m\2146\221\305\341\316\031h?\276\005\207\253\236\tL;\371W\315\233X\345O\203\332\240\005\360\n\003"";   nodeid: ""\000\000\000\000\000\000\000\000\000\000\000\000\000\000\000\000\000\000\000\000\000\000\000\000\000\000\000\000\000\000\000\000\000""; }; "
1750527547705,1750527547705,3085,1,3,0,TMLedgerData,"ledgerHash: ""\033@\177e\277\016\010u\327\371&\262\312\317Q\2361t\377x\234\001v\003%\030\325_\225g\204\346""; ledgerSeq: 7; type: liBASE; nodes {;   nodedata: ""\000\000\000\007\001cEx]\211\377\330\360\215\2502\265\245\310\226\243c\302Ze\306\253#r\020\211\320iG\276\020E\317\035Sf\223F\254\002\370\316\212^2r\204\377\207q\251\315\325\027st\315\275D\367""\312l\350\374\304zy\305\007\340\030\220\357M\025\212p\\332\356\317\346Z\350r\255\236\025^\210\375\243\353\025X\213xq\220$\254,/\351\252\253/\351\252\264\n\000""; }; nodes {;   nodedata: ""\323C\344\327\264{\312-\017:\006{\177\344N\002\326bO\260\220\006\033\362\345\005U\221DzJ0\001\301\025%1L\307\t\261\262z\374\222T\301\274V\236\223\262\270Ct\362\337b\356\024*\324\320\351\317\002k\336\234\027v\351\217\260\303\360\233ZPZWr\246$w\313\313\r\243r\232\2234\373\3539:N\004Q\245\272D\312D\300\300\t\323\0257\345e\271\na\215{\226\255x%T\257\037\333\004\344_/R\006E\344\037@\210\363\010\336T\226\247'\204_{\261\370""1\235\2445\343\033Y!\212\201\341\272\225'\007Z\314\023h\n\020~\036\324P\254\001\274\227n\020\273\023\010\nq\216Z\344\004\3612B\205\257\335\036\013\003""; }; nodes {;   nodedata: ""o\324D\221#\020\205W\305\353\227hj\364\005l\234.@%-\272\034\327\352\rf\2573\006\026\236\004\003""; }; requestCookie: 2; ","ledgerHash: ""\033@\177e\277\016\010u\327\371&\262\312\317Q\2361t\377x\234\001v\003%\030\325_\225g\204\346""; ledgerSeq: 7; type: liBASE; nodes {;   nodedata: ""\000\000\000\007\001cEx]\211\377\330\360\215\2502\265\245\310\226\243c\302Ze\306\253#r\020\211\320iG\276\020E\317\035Sf\223F\254\002\370\316\212^2r\204\377\207q\251\315\325\027st\315\275D\367""\312l\350\374\304zy\305\007\340\030\220\357M\025\212p\\332\356\317\346Z\350r\255\236\025^\210\375\243\353\025X\213xq\220$\254,/\351\252\253/\351\252\264\n\000""; }; nodes {;   nodedata: ""\323C\344\327\264{\312-\017:\006{\177\344N\002\326bO\260\220\006\033\362\345\005U\221DzJ0\001\301\025%1L\307\t\261\262z\374\222T\301\274V\236\223\262\270Ct\362\337b\356\024*\324\320\351\317\002k\336\234\027v\351\217\260\303\360\233ZPZWr\246$w\313\313\r\243r\232\2234\373\3539:N\004Q\245\272D\312D\300\300\t\323\0257\345e\271\na\215{\226\255x%T\257\037\333\004\344_/R\006E\344\037@\210\363\010\336T\226\247'\204_{\261\370""1\235\2445\343\033Y!\212\201\341\272\225'\007Z\314\023h\n\020~\036\324P\254\001\274\227n\020\273\023\010\nq\216Z\344\004\3612B\205\257\335\036\013\003""; }; nodes {;   nodedata: ""o\324D\221#\020\205W\305\353\227hj\364\005l\234.@%-\272\034\327\352\rf\2573\006\026\236\004\003""; }; requestCookie: 2; "
1750527547762,1750527547762,1813,1,3,1,TMLedgerData,"ledgerHash: ""\363\262\310\025\251\261\276X\247\260J\221\345\357\037\231)|\321K\000\\326E\004\377\005\255""A?\250""; ledgerSeq: 0; type: liTS_CANDIDATE; nodes {;   nodedata: ""MJ\275'\324\005\036\313\204nW\300\362\327\016\205\236\021\351Q6\021\355\301\372\322\276g\026\243\361M\004\003"";   nodeid: ""\000\000\000\000\000\000\000\000\000\000\000\000\000\000\000\000\000\000\000\000\000\000\000\000\000\000\000\000\000\000\000\000\000""; }; requestCookie: 2; ","ledgerHash: ""\363\262\310\025\251\261\276X\247\260J\221\345\357\037\231)|\321K\000\\326E\004\377\005\255""A?\250""; ledgerSeq: 0; type: liTS_CANDIDATE; nodes {;   nodedata: ""MJ\275'\324\005\036\313\204nW\300\362\327\016\205\236\021\351Q6\021\355\301\372\322\276g\026\243\361M\004\003"";   nodeid: ""\000\000\000\000\000\000\000\000\000\000\000\000\000\000\000\000\000\000\000\000\000\000\000\000\000\000\000\000\000\000\000\000\000""; }; requestCookie: 2; "
1750527547792,1750527547792,1434,1,0,1,TMLedgerData,"ledgerHash: ""\033@\177e\277\016\010u\327\371&\262\312\317Q\2361t\377x\234\001v\003%\030\325_\225g\204\346""; ledgerSeq: 7; type: liBASE; nodes {;   nodedata: ""\000\000\000\007\001cEx]\211\377\330\360\215\2502\265\245\310\226\243c\302Ze\306\253#r\020\211\320iG\276\020E\317\035Sf\223F\254\002\370\316\212^2r\204\377\207q\251\315\325\027st\315\275D\367""\312l\350\374\304zy\305\007\340\030\220\357M\025\212p\\332\356\317\346Z\350r\255\236\025^\210\375\243\353\025X\213xq\220$\254,/\351\252\253/\351\252\264\n\000""; }; nodes {;   nodedata: ""\323C\344\327\264{\312-\017:\006{\177\344N\002\326bO\260\220\006\033\362\345\005U\221DzJ0\001\301\025%1L\307\t\261\262z\374\222T\301\274V\236\223\262\270Ct\362\337b\356\024*\324\320\351\317\002k\336\234\027v\351\217\260\303\360\233ZPZWr\246$w\313\313\r\243r\232\2234\373\3539:N\004Q\245\272D\312D\300\300\t\323\0257\345e\271\na\215{\226\255x%T\257\037\333\004\344_/R\006E\344\037@\210\363\010\336T\226\247'\204_{\261\370""1\235\2445\343\033Y!\212\201\341\272\225'\007Z\314\023h\n\020~\036\324P\254\001\274\227n\020\273\023\010\nq\216Z\344\004\3612B\205\257\335\036\013\003""; }; nodes {;   nodedata: ""o\324D\221#\020\205W\305\353\227hj\364\005l\234.@%-\272\034\327\352\rf\2573\006\026\236\004\003""; }; ","ledgerHash: ""\033@\177e\277\016\010u\327\371&\262\312\317Q\2361t\377x\234\001v\003%\030\325_\225g\204\346""; ledgerSeq: 7; type: liBASE; nodes {;   nodedata: ""\000\000\000\007\001cEx]\211\377\330\360\215\2502\265\245\310\226\243c\302Ze\306\253#r\020\211\320iG\276\020E\317\035Sf\223F\254\002\370\316\212^2r\204\377\207q\251\315\325\027st\315\275D\367""\312l\350\374\304zy\305\007\340\030\220\357M\025\212p\\332\356\317\346Z\350r\255\236\025^\210\375\243\353\025X\213xq\220$\254,/\351\252\253/\351\252\264\n\000""; }; nodes {;   nodedata: ""\323C\344\327\264{\312-\017:\006{\177\344N\002\326bO\260\220\006\033\362\345\005U\221DzJ0\001\301\025%1L\307\t\261\262z\374\222T\301\274V\236\223\262\270Ct\362\337b\356\024*\324\320\351\317\002k\336\234\027v\351\217\260\303\360\233ZPZWr\246$w\313\313\r\243r\232\2234\373\3539:N\004Q\245\272D\312D\300\300\t\323\0257\345e\271\na\215{\226\255x%T\257\037\333\004\344_/R\006E\344\037@\210\363\010\336T\226\247'\204_{\261\370""1\235\2445\343\033Y!\212\201\341\272\225'\007Z\314\023h\n\020~\036\324P\254\001\274\227n\020\273\023\010\nq\216Z\344\004\3612B\205\257\335\036\013\003""; }; nodes {;   nodedata: ""o\324D\221#\020\205W\305\353\227hj\364\005l\234.@%-\272\034\327\352\rf\2573\006\026\236\004\003""; }; "
1750527547796,1750527547797,860,1,1,0,TMLedgerData,"ledgerHash: ""\033@\177e\277\016\010u\327\371&\262\312\317Q\2361t\377x\234\001v\003%\030\325_\225g\204\346""; ledgerSeq: 7; type: liBASE; nodes {;   nodedata: ""\000\000\000\007\001cEx]\211\377\330\360\215\2502\265\245\310\226\243c\302Ze\306\253#r\020\211\320iG\276\020E\317\035Sf\223F\254\002\370\316\212^2r\204\377\207q\251\315\325\027st\315\275D\367""\312l\350\374\304zy\305\007\340\030\220\357M\025\212p\\332\356\317\346Z\350r\255\236\025^\210\375\243\353\025X\213xq\220$\254,/\351\252\253/\351\252\264\n\000""; }; nodes {;   nodedata: ""\323C\344\327\264{\312-\017:\006{\177\344N\002\326bO\260\220\006\033\362\345\005U\221DzJ0\001\301\025%1L\307\t\261\262z\374\222T\301\274V\236\223\262\270Ct\362\337b\356\024*\324\320\351\317\002k\336\234\027v\351\217\260\303\360\233ZPZWr\246$w\313\313\r\243r\232\2234\373\3539:N\004Q\245\272D\312D\300\300\t\323\0257\345e\271\na\215{\226\255x%T\257\037\333\004\344_/R\006E\344\037@\210\363\010\336T\226\247'\204_{\261\370""1\235\2445\343\033Y!\212\201\341\272\225'\007Z\314\023h\n\020~\036\324P\254\001\274\227n\020\273\023\010\nq\216Z\344\004\3612B\205\257\335\036\013\003""; }; nodes {;   nodedata: ""o\324D\221#\020\205W\305\353\227hj\364\005l\234.@%-\272\034\327\352\rf\2573\006\026\236\004\003""; }; ","ledgerHash: ""\033@\177e\277\016\010u\327\371&\262\312\317Q\2361t\377x\234\001v\003%\030\325_\225g\204\346""; ledgerSeq: 7; type: liBASE; nodes {;   nodedata: ""\000\000\000\007\001cEx]\211\377\330\360\215\2502\265\245\310\226\243c\302Ze\306\253#r\020\211\320iG\276\020E\317\035Sf\223F\254\002\370\316\212^2r\204\377\207q\251\315\325\027st\315\275D\367""\312l\350\374\304zy\305\007\340\030\220\357M\025\212p\\332\356\317\346Z\350r\255\236\025^\210\375\243\353\025X\213xq\220$\254,/\351\252\253/\351\252\264\n\000""; }; nodes {;   nodedata: ""\323C\344\327\264{\312-\017:\006{\177\344N\002\326bO\260\220\006\033\362\345\005U\221DzJ0\001\301\025%1L\307\t\261\262z\374\222T\301\274V\236\223\262\270Ct\362\337b\356\024*\324\320\351\317\002k\336\234\027v\351\217\260\303\360\233ZPZWr\246$w\313\313\r\243r\232\2234\373\3539:N\004Q\245\272D\312D\300\300\t\323\0257\345e\271\na\215{\226\255x%T\257\037\333\004\344_/R\006E\344\037@\210\363\010\336T\226\247'\204_{\261\370""1\235\2445\343\033Y!\212\201\341\272\225'\007Z\314\023h\n\020~\036\324P\254\001\274\227n\020\273\023\010\nq\216Z\344\004\3612B\205\257\335\036\013\003""; }; nodes {;   nodedata: ""o\324D\221#\020\205W\305\353\227hj\364\005l\234.@%-\272\034\327\352\rf\2573\006\026\236\004\003""; }; "
1750527547823,1750527547823,3085,1,3,0,TMLedgerData,"ledgerHash: ""\326+\03569g\235`}\354\203s\003\217_Vf \233\324\237yU<\242:Zr\321\340\201]""; ledgerSeq: 7; type: liBASE; nodes {;   nodedata: ""\000\000\000\007\001cEx]\211\377\330\360\215\2502\265\245\310\226\243c\302Ze\306\253#r\020\211\320iG\276\020E\317\035Sf\223F\254\020N |\264\023\251\372`\001\r\225\217P\243\370m\037op\306\025\027\013\002\257\266J\025/\3729\220\014>4\264\253\207\255\233\\356\277\340\345\017\323\341\201\004TK\004\373\204\253\204\240\3155\357\026\353/\351\252\253/\351\252\264\n\000""; }; nodes {;   nodedata: ""\341\035\262xv\226\317f5\366\365\252a\177\355\302\326\t\222~j\320f\374/ \363\256\257\361 \303\001\301\025%1L\307\t\261\262z\374\222T\301\274V\236\223\262\270Ct\362\337b\356\024*\324\320\351\317\002,\377\251Q\263\245*\373\267\332I\261\001\251N\313Su!\333\331\260|\312%\271\263\267\320\313\036\303\004\330\210a4\256y^267\344\320H\t\331\316{n\002q\260\017U_\270\321B\024U\313\2054\006E\344\037@\210\363\010\336T\226\247'\204_{\261\370""1\235\2445\343\033Y!\212\201\341\272\225'\007Z\314\023h\n\020~\036\324P\254\001\274\227n\020\273\023\010\nq\216Z\344\004\3612B\205\257\335\036\013\003""; }; nodes {;   nodedata: ""\233\330\223\352\3012\234}\322\031(\362*;JR3m]\203<\234\204jiO\033\304\322\017\232\202\n\003""; }; ","ledgerHash: ""\326+\03569g\235`}\354\203s\003\217_Vf \233\324\237yU<\242:Zr\321\340\201]""; ledgerSeq: 7; type: liBASE; nodes {;   nodedata: ""\000\000\000\007\001cEx]\211\377\330\360\215\2502\265\245\310\226\243c\302Ze\306\253#r\020\211\320iG\276\020E\317\035Sf\223F\254\020N |\264\023\251\372`\001\r\225\217P\243\370m\037op\306\025\027\013\002\257\266J\025/\3729\220\014>4\264\253\207\255\233\\356\277\340\345\017\323\341\201\004TK\004\373\204\253\204\240\3155\357\026\353/\351\252\253/\351\252\264\n\000""; }; nodes {;   nodedata: ""\341\035\262xv\226\317f5\366\365\252a\177\355\302\326\t\222~j\320f\374/ \363\256\257\361 \303\001\301\025%1L\307\t\261\262z\374\222T\301\274V\236\223\262\270Ct\362\337b\356\024*\324\320\351\317\002,\377\251Q\263\245*\373\267\332I\261\001\251N\313Su!\333\331\260|\312%\271\263\267\320\313\036\303\004\330\210a4\256y^267\344\320H\t\331\316{n\002q\260\017U_\270\321B\024U\313\2054\006E\344\037@\210\363\010\336T\226\247'\204_{\261\370""1\235\2445\343\033Y!\212\201\341\272\225'\007Z\314\023h\n\020~\036\324P\254\001\274\227n\020\273\023\010\nq\216Z\344\004\3612B\205\257\335\036\013\003""; }; nodes {;   nodedata: ""\233\330\223\352\3012\234}\322\031(\362*;JR3m]\203<\234\204jiO\033\304\322\017\232\202\n\003""; }; "
1750527547824,1750527547824,860,1,1,0,TMLedgerData,"ledgerHash: ""\363\262\310\025\251\261\276X\247\260J\221\345\357\037\231)|\321K\000\\326E\004\377\005\255""A?\250""; ledgerSeq: 0; type: liTS_CANDIDATE; nodes {;   nodedata: ""MJ\275'\324\005\036\313\204nW\300\362\327\016\205\236\021\351Q6\021\355\301\372\322\276g\026\243\361M\004\003"";   nodeid: ""\000\000\000\000\000\000\000\000\000\000\000\000\000\000\000\000\000\000\000\000\000\000\000\000\000\000\000\000\000\000\000\000\000""; }; ","ledgerHash: ""\363\262\310\025\251\261\276X\247\260J\221\345\357\037\231)|\321K\000\\326E\004\377\005\255""A?\250""; ledgerSeq: 0; type: liTS_CANDIDATE; nodes {;   nodedata: ""MJ\275'\324\005\036\313\204nW\300\362\327\016\205\236\021\351Q6\021\355\301\372\322\276g\026\243\361M\004\003"";   nodeid: ""\000\000\000\000\000\000\000\000\000\000\000\000\000\000\000\000\000\000\000\000\000\000\000\000\000\000\000\000\000\000\000\000\000""; }; "
1750527547832,1750527547832,2523,1,3,2,TMLedgerData,"ledgerHash: ""\341\310\354\0213\033\013\350\207z\236R(|z&\034\335\266\323\356\205\273DV\210\254\213T\rZ\347""; ledgerSeq: 0; type: liTS_CANDIDATE; nodes {;   nodedata: ""\256\322m\2146\221\305\341\316\031h?\276\005\207\253\236\tL;\371W\315\233X\345O\203\332\240\005\360\n\003"";   nodeid: ""\000\000\000\000\000\000\000\000\000\000\000\000\000\000\000\000\000\000\000\000\000\000\000\000\000\000\000\000\000\000\000\000\000""; }; ","ledgerHash: ""\341\310\354\0213\033\013\350\207z\236R(|z&\034\335\266\323\356\205\273DV\210\254\213T\rZ\347""; ledgerSeq: 0; type: liTS_CANDIDATE; nodes {;   nodedata: ""\256\322m\2146\221\305\341\316\031h?\276\005\207\253\236\tL;\371W\315\233X\345O\203\332\240\005\360\n\003"";   nodeid: ""\000\000\000\000\000\000\000\000\000\000\000\000\000\000\000\000\000\000\000\000\000\000\000\000\000\000\000\000\000\000\000\000\000""; }; "
1750527547846,1750527547847,1968,1,1,2,TMLedgerData,"ledgerHash: ""\033@\177e\277\016\010u\327\371&\262\312\317Q\2361t\377x\234\001v\003%\030\325_\225g\204\346""; ledgerSeq: 7; type: liBASE; nodes {;   nodedata: ""\000\000\000\007\001cEx]\211\377\330\360\215\2502\265\245\310\226\243c\302Ze\306\253#r\020\211\320iG\276\020E\317\035Sf\223F\254\002\370\316\212^2r\204\377\207q\251\315\325\027st\315\275D\367""\312l\350\374\304zy\305\007\340\030\220\357M\025\212p\\332\356\317\346Z\350r\255\236\025^\210\375\243\353\025X\213xq\220$\254,/\351\252\253/\351\252\264\n\000""; }; nodes {;   nodedata: ""\323C\344\327\264{\312-\017:\006{\177\344N\002\326bO\260\220\006\033\362\345\005U\221DzJ0\001\301\025%1L\307\t\261\262z\374\222T\301\274V\236\223\262\270Ct\362\337b\356\024*\324\320\351\317\002k\336\234\027v\351\217\260\303\360\233ZPZWr\246$w\313\313\r\243r\232\2234\373\3539:N\004Q\245\272D\312D\300\300\t\323\0257\345e\271\na\215{\226\255x%T\257\037\333\004\344_/R\006E\344\037@\210\363\010\336T\226\247'\204_{\261\370""1\235\2445\343\033Y!\212\201\341\272\225'\007Z\314\023h\n\020~\036\324P\254\001\274\227n\020\273\023\010\nq\216Z\344\004\3612B\205\257\335\036\013\003""; }; nodes {;   nodedata: ""o\324D\221#\020\205W\305\353\227hj\364\005l\234.@%-\272\034\327\352\rf\2573\006\026\236\004\003""; }; ","ledgerHash: ""\033@\177e\277\016\010u\327\371&\262\312\317Q\2361t\377x\234\001v\003%\030\325_\225g\204\346""; ledgerSeq: 7; type: liBASE; nodes {;   nodedata: ""\000\000\000\007\001cEx]\211\377\330\360\215\2502\265\245\310\226\243c\302Ze\306\253#r\020\211\320iG\276\020E\317\035Sf\223F\254\002\370\316\212^2r\204\377\207q\251\315\325\027st\315\275D\367""\312l\350\374\304zy\305\007\340\030\220\357M\025\212p\\332\356\317\346Z\350r\255\236\025^\210\375\243\353\025X\213xq\220$\254,/\351\252\253/\351\252\264\n\000""; }; nodes {;   nodedata: ""\323C\344\327\264{\312-\017:\006{\177\344N\002\326bO\260\220\006\033\362\345\005U\221DzJ0\001\301\025%1L\307\t\261\262z\374\222T\301\274V\236\223\262\270Ct\362\337b\356\024*\324\320\351\317\002k\336\234\027v\351\217\260\303\360\233ZPZWr\246$w\313\313\r\243r\232\2234\373\3539:N\004Q\245\272D\312D\300\300\t\323\0257\345e\271\na\215{\226\255x%T\257\037\333\004\344_/R\006E\344\037@\210\363\010\336T\226\247'\204_{\261\370""1\235\2445\343\033Y!\212\201\341\272\225'\007Z\314\023h\n\020~\036\324P\254\001\274\227n\020\273\023\010\nq\216Z\344\004\3612B\205\257\335\036\013\003""; }; nodes {;   nodedata: ""o\324D\221#\020\205W\305\353\227hj\364\005l\234.@%-\272\034\327\352\rf\2573\006\026\236\004\003""; }; "
1750527547875,1750527547875,1769,1,2,1,TMLedgerData,"ledgerHash: ""\356\316\306(\314\366\340SA\320e\361\337A\350+\342\334{eBV\360\354\225)\263\237~v\236}""; ledgerSeq: 0; type: liTS_CANDIDATE; nodes {;   nodedata: ""\216b\024\334gS\347X\272b\322\267\303L\230\361n\036 \270-E\361}\351O\347\233\337\314!\215\010\003"";   nodeid: ""\000\000\000\000\000\000\000\000\000\000\000\000\000\000\000\000\000\000\000\000\000\000\000\000\000\000\000\000\000\000\000\000\000""; }; requestCookie: 2; ","ledgerHash: ""\356\316\306(\314\366\340SA\320e\361\337A\350+\342\334{eBV\360\354\225)\263\237~v\236}""; ledgerSeq: 0; type: liTS_CANDIDATE; nodes {;   nodedata: ""\216b\024\334gS\347X\272b\322\267\303L\230\361n\036 \270-E\361}\351O\347\233\337\314!\215\010\003"";   nodeid: ""\000\000\000\000\000\000\000\000\000\000\000\000\000\000\000\000\000\000\000\000\000\000\000\000\000\000\000\000\000\000\000\000\000""; }; requestCookie: 2; "
1750527547892,1750527547893,1665,1,2,3,TMLedgerData,"ledgerHash: ""\356\316\306(\314\366\340SA\320e\361\337A\350+\342\334{eBV\360\354\225)\263\237~v\236}""; ledgerSeq: 0; type: liTS_CANDIDATE; nodes {;   nodedata: ""\216b\024\334gS\347X\272b\322\267\303L\230\361n\036 \270-E\361}\351O\347\233\337\314!\215\010\003"";   nodeid: ""\000\000\000\000\000\000\000\000\000\000\000\000\000\000\000\000\000\000\000\000\000\000\000\000\000\000\000\000\000\000\000\000\000""; }; requestCookie: 2; ","ledgerHash: ""\356\316\306(\314\366\340SA\320e\361\337A\350+\342\334{eBV\360\354\225)\263\237~v\236}""; ledgerSeq: 0; type: liTS_CANDIDATE; nodes {;   nodedata: ""\216b\024\334gS\347X\272b\322\267\303L\230\361n\036 \270-E\361}\351O\347\233\337\314!\215\010\003"";   nodeid: ""\000\000\000\000\000\000\000\000\000\000\000\000\000\000\000\000\000\000\000\000\000\000\000\000\000\000\000\000\000\000\000\000\000""; }; requestCookie: 2; "
1750527547937,1750527547937,3094,1,0,3,TMGetLedger,"itype: liAS_NODE; ledgerHash: ""\033@\177e\277\016\010u\327\371&\262\312\317Q\2361t\377x\234\001v\003%\030\325_\225g\204\346""; ledgerSeq: 7; nodeIDs: ""`\000\000\000\000\000\000\000\000\000\000\000\000\000\000\000\000\000\000\000\000\000\000\000\000\000\000\000\000\000\000\000\001""; nodeIDs: ""\020\000\000\000\000\000\000\000\000\000\000\000\000\000\000\000\000\000\000\000\000\000\000\000\000\000\000\000\000\000\000\000\001""; requestCookie: 3; queryType: qtINDIRECT; queryDepth: 0; ","itype: liAS_NODE; ledgerHash: ""\033@\177e\277\016\010u\327\371&\262\312\317Q\2361t\377x\234\001v\003%\030\325_\225g\204\346""; ledgerSeq: 7; nodeIDs: ""`\000\000\000\000\000\000\000\000\000\000\000\000\000\000\000\000\000\000\000\000\000\000\000\000\000\000\000\000\000\000\000\001""; nodeIDs: ""\020\000\000\000\000\000\000\000\000\000\000\000\000\000\000\000\000\000\000\000\000\000\000\000\000\000\000\000\000\000\000\000\001""; requestCookie: 3; queryType: qtINDIRECT; queryDepth: 0; "
1750527547961,1750527547961,2794,1,3,2,TMGetLedger,"itype: liAS_NODE; ledgerHash: ""\326+\03569g\235`}\354\203s\003\217_Vf \233\324\237yU<\242:Zr\321\340\201]""; ledgerSeq: 7; nodeIDs: ""@\000\000\000\000\000\000\000\000\000\000\000\000\000\000\000\000\000\000\000\000\000\000\000\000\000\000\000\000\000\000\000\001""; nodeIDs: ""`\000\000\000\000\000\000\000\000\000\000\000\000\000\000\000\000\000\000\000\000\000\000\000\000\000\000\000\000\000\000\000\001""; queryType: qtINDIRECT; queryDepth: 0; ","itype: liAS_NODE; ledgerHash: ""\326+\03569g\235`}\354\203s\003\217_Vf \233\324\237yU<\242:Zr\321\340\201]""; ledgerSeq: 7; nodeIDs: ""@\000\000\000\000\000\000\000\000\000\000\000\000\000\000\000\000\000\000\000\000\000\000\000\000\000\000\000\000\000\000\000\001""; nodeIDs: ""`\000\000\000\000\000\000\000\000\000\000\000\000\000\000\000\000\000\000\000\000\000\000\000\000\000\000\000\000\000\000\000\001""; queryType: qtINDIRECT; queryDepth: 0; "
1750527547962,1750527547962,1131,1,3,0,TMGetLedger,"itype: liAS_NODE; ledgerHash: ""\326+\03569g\235`}\354\203s\003\217_Vf \233\324\237yU<\242:Zr\321\340\201]""; ledgerSeq: 7; nodeIDs: ""@\000\000\000\000\000\000\000\000\000\000\000\000\000\000\000\000\000\000\000\000\000\000\000\000\000\000\000\000\000\000\000\001""; nodeIDs: ""`\000\000\000\000\000\000\000\000\000\000\000\000\000\000\000\000\000\000\000\000\000\000\000\000\000\000\000\000\000\000\000\001""; queryType: qtINDIRECT; queryDepth: 0; ","itype: liAS_NODE; ledgerHash: ""\326+\03569g\235`}\354\203s\003\217_Vf \233\324\237yU<\242:Zr\321\340\201]""; ledgerSeq: 7; nodeIDs: ""@\000\000\000\000\000\000\000\000\000\000\000\000\000\000\000\000\000\000\000\000\000\000\000\000\000\000\000\000\000\000\000\001""; nodeIDs: ""`\000\000\000\000\000\000\000\000\000\000\000\000\000\000\000\000\000\000\000\000\000\000\000\000\000\000\000\000\000\000\000\001""; queryType: qtINDIRECT; queryDepth: 0; "
1750527547962,1750527547962,2079,1,3,1,TMGetLedger,"itype: liAS_NODE; ledgerHash: ""\326+\03569g\235`}\354\203s\003\217_Vf \233\324\237yU<\242:Zr\321\340\201]""; ledgerSeq: 7; nodeIDs: ""@\000\000\000\000\000\000\000\000\000\000\000\000\000\000\000\000\000\000\000\000\000\000\000\000\000\000\000\000\000\000\000\001""; nodeIDs: ""`\000\000\000\000\000\000\000\000\000\000\000\000\000\000\000\000\000\000\000\000\000\000\000\000\000\000\000\000\000\000\000\001""; queryType: qtINDIRECT; queryDepth: 0; ","itype: liAS_NODE; ledgerHash: ""\326+\03569g\235`}\354\203s\003\217_Vf \233\324\237yU<\242:Zr\321\340\201]""; ledgerSeq: 7; nodeIDs: ""@\000\000\000\000\000\000\000\000\000\000\000\000\000\000\000\000\000\000\000\000\000\000\000\000\000\000\000\000\000\000\000\001""; nodeIDs: ""`\000\000\000\000\000\000\000\000\000\000\000\000\000\000\000\000\000\000\000\000\000\000\000\000\000\000\000\000\000\000\000\001""; queryType: qtINDIRECT; queryDepth: 0; "
1750527547962,1750527547962,1019,1,3,4,TMGetLedger,"itype: liAS_NODE; ledgerHash: ""\326+\03569g\235`}\354\203s\003\217_Vf \233\324\237yU<\242:Zr\321\340\201]""; ledgerSeq: 7; nodeIDs: ""@\000\000\000\000\000\000\000\000\000\000\000\000\000\000\000\000\000\000\000\000\000\000\000\000\000\000\000\000\000\000\000\001""; nodeIDs: ""`\000\000\000\000\000\000\000\000\000\000\000\000\000\000\000\000\000\000\000\000\000\000\000\000\000\000\000\000\000\000\000\001""; queryType: qtINDIRECT; queryDepth: 0; ","itype: liAS_NODE; ledgerHash: ""\326+\03569g\235`}\354\203s\003\217_Vf \233\324\237yU<\242:Zr\321\340\201]""; ledgerSeq: 7; nodeIDs: ""@\000\000\000\000\000\000\000\000\000\000\000\000\000\000\000\000\000\000\000\000\000\000\000\000\000\000\000\000\000\000\000\001""; nodeIDs: ""`\000\000\000\000\000\000\000\000\000\000\000\000\000\000\000\000\000\000\000\000\000\000\000\000\000\000\000\000\000\000\000\001""; queryType: qtINDIRECT; queryDepth: 0; "
1750527548003,1750527548003,1212,1,2,4,TMLedgerData,"ledgerHash: ""3\321\n7\354)\tf\006\357\205B<h\272GQ \344\262\236\025#\003\024&\310\034\352\376\326""; ledgerSeq: 0; type: liTS_CANDIDATE; nodes {;   nodedata: ""'\240~~s\033\202\356\320\307\177Nt\203\315\245\305\276b\265\310\271\3319\245:\342=c\267\265\233\002\003"";   nodeid: ""\000\000\000\000\000\000\000\000\000\000\000\000\000\000\000\000\000\000\000\000\000\000\000\000\000\000\000\000\000\000\000\000\000""; }; ","ledgerHash: ""3\321\n7\354)\tf\006\357\205B<h\272GQ \344\262\236\025#\003\024&\310\034\352\376\326""; ledgerSeq: 0; type: liTS_CANDIDATE; nodes {;   nodedata: ""'\240~~s\033\202\356\320\307\177Nt\203\315\245\305\276b\265\310\271\3319\245:\342=c\267\265\233\002\003"";   nodeid: ""\000\000\000\000\000\000\000\000\000\000\000\000\000\000\000\000\000\000\000\000\000\000\000\000\000\000\000\000\000\000\000\000\000""; }; "
1750527548053,1750527548053,1144,1,4,1,TMLedgerData,"ledgerHash: ""\363\262\310\025\251\261\276X\247\260J\221\345\357\037\231)|\321K\000\\326E\004\377\005\255""A?\250""; ledgerSeq: 0; type: liTS_CANDIDATE; nodes {;   nodedata: ""MJ\275'\324\005\036\313\204nW\300\362\327\016\205\236\021\351Q6\021\355\301\372\322\276g\026\243\361M\004\003"";   nodeid: ""\000\000\000\000\000\000\000\000\000\000\000\000\000\000\000\000\000\000\000\000\000\000\000\000\000\000\000\000\000\000\000\000\000""; }; requestCookie: 2; ","ledgerHash: ""\363\262\310\025\251\261\276X\247\260J\221\345\357\037\231)|\321K\000\\326E\004\377\005\255""A?\250""; ledgerSeq: 0; type: liTS_CANDIDATE; nodes {;   nodedata: ""MJ\275'\324\005\036\313\204nW\300\362\327\016\205\236\021\351Q6\021\355\301\372\322\276g\026\243\361M\004\003"";   nodeid: ""\000\000\000\000\000\000\000\000\000\000\000\000\000\000\000\000\000\000\000\000\000\000\000\000\000\000\000\000\000\000\000\000\000""; }; requestCookie: 2; "
1750527548076,1750527548076,860,1,1,0,TMLedgerData,"ledgerHash: ""\363\262\310\025\251\261\276X\247\260J\221\345\357\037\231)|\321K\000\\326E\004\377\005\255""A?\250""; ledgerSeq: 0; type: liTS_CANDIDATE; nodes {;   nodedata: ""MJ\275'\324\005\036\313\204nW\300\362\327\016\205\236\021\351Q6\021\355\301\372\322\276g\026\243\361M\004\003"";   nodeid: ""\000\000\000\000\000\000\000\000\000\000\000\000\000\000\000\000\000\000\000\000\000\000\000\000\000\000\000\000\000\000\000\000\000""; }; ","ledgerHash: ""\363\262\310\025\251\261\276X\247\260J\221\345\357\037\231)|\321K\000\\326E\004\377\005\255""A?\250""; ledgerSeq: 0; type: liTS_CANDIDATE; nodes {;   nodedata: ""MJ\275'\324\005\036\313\204nW\300\362\327\016\205\236\021\351Q6\021\355\301\372\322\276g\026\243\361M\004\003"";   nodeid: ""\000\000\000\000\000\000\000\000\000\000\000\000\000\000\000\000\000\000\000\000\000\000\000\000\000\000\000\000\000\000\000\000\000""; }; "
1750527548080,1750527548081,2523,1,3,2,TMLedgerData,"ledgerHash: ""\341\310\354\0213\033\013\350\207z\236R(|z&\034\335\266\323\356\205\273DV\210\254\213T\rZ\347""; ledgerSeq: 0; type: liTS_CANDIDATE; nodes {;   nodedata: ""\256\322m\2146\221\305\341\316\031h?\276\005\207\253\236\tL;\371W\315\233X\345O\203\332\240\005\360\n\003"";   nodeid: ""\000\000\000\000\000\000\000\000\000\000\000\000\000\000\000\000\000\000\000\000\000\000\000\000\000\000\000\000\000\000\000\000\000""; }; ","ledgerHash: ""\341\310\354\0213\033\013\350\207z\236R(|z&\034\335\266\323\356\205\273DV\210\254\213T\rZ\347""; ledgerSeq: 0; type: liTS_CANDIDATE; nodes {;   nodedata: ""\256\322m\2146\221\305\341\316\031h?\276\005\207\253\236\tL;\371W\315\233X\345O\203\332\240\005\360\n\003"";   nodeid: ""\000\000\000\000\000\000\000\000\000\000\000\000\000\000\000\000\000\000\000\000\000\000\000\000\000\000\000\000\000\000\000\000\000""; }; "
1750527548125,1750527548125,1769,1,2,1,TMLedgerData,"ledgerHash: ""\356\316\306(\314\366\340SA\320e\361\337A\350+\342\334{eBV\360\354\225)\263\237~v\236}""; ledgerSeq: 0; type: liTS_CANDIDATE; nodes {;   nodedata: ""\216b\024\334gS\347X\272b\322\267\303L\230\361n\036 \270-E\361}\351O\347\233\337\314!\215\010\003"";   nodeid: ""\000\000\000\000\000\000\000\000\000\000\000\000\000\000\000\000\000\000\000\000\000\000\000\000\000\000\000\000\000\000\000\000\000""; }; requestCookie: 2; ","ledgerHash: ""\356\316\306(\314\366\340SA\320e\361\337A\350+\342\334{eBV\360\354\225)\263\237~v\236}""; ledgerSeq: 0; type: liTS_CANDIDATE; nodes {;   nodedata: ""\216b\024\334gS\347X\272b\322\267\303L\230\361n\036 \270-E\361}\351O\347\233\337\314!\215\010\003"";   nodeid: ""\000\000\000\000\000\000\000\000\000\000\000\000\000\000\000\000\000\000\000\000\000\000\000\000\000\000\000\000\000\000\000\000\000""; }; requestCookie: 2; "
1750527548143,1750527548143,860,1,1,0,TMLedgerData,"ledgerHash: ""\326+\03569g\235`}\354\203s\003\217_Vf \233\324\237yU<\242:Zr\321\340\201]""; ledgerSeq: 7; type: liBASE; nodes {;   nodedata: ""\000\000\000\007\001cEx]\211\377\330\360\215\2502\265\245\310\226\243c\302Ze\306\253#r\020\211\320iG\276\020E\317\035Sf\223F\254\020N |\264\023\251\372`\001\r\225\217P\243\370m\037op\306\025\027\013\002\257\266J\025/\3729\220\014>4\264\253\207\255\233\\356\277\340\345\017\323\341\201\004TK\004\373\204\253\204\240\3155\357\026\353/\351\252\253/\351\252\264\n\000""; }; nodes {;   nodedata: ""\341\035\262xv\226\317f5\366\365\252a\177\355\302\326\t\222~j\320f\374/ \363\256\257\361 \303\001\301\025%1L\307\t\261\262z\374\222T\301\274V\236\223\262\270Ct\362\337b\356\024*\324\320\351\317\002,\377\251Q\263\245*\373\267\332I\261\001\251N\313Su!\333\331\260|\312%\271\263\267\320\313\036\303\004\330\210a4\256y^267\344\320H\t\331\316{n\002q\260\017U_\270\321B\024U\313\2054\006E\344\037@\210\363\010\336T\226\247'\204_{\261\370""1\235\2445\343\033Y!\212\201\341\272\225'\007Z\314\023h\n\020~\036\324P\254\001\274\227n\020\273\023\010\nq\216Z\344\004\3612B\205\257\335\036\013\003""; }; nodes {;   nodedata: ""\233\330\223\352\3012\234}\322\031(\362*;JR3m]\203<\234\204jiO\033\304\322\017\232\202\n\003""; }; requestCookie: 5; ","ledgerHash: ""\326+\03569g\235`}\354\203s\003\217_Vf \233\324\237yU<\242:Zr\321\340\201]""; ledgerSeq: 7; type: liBASE; nodes {;   nodedata: ""\000\000\000\007\001cEx]\211\377\330\360\215\2502\265\245\310\226\243c\302Ze\306\253#r\020\211\320iG\276\020E\317\035Sf\223F\254\020N |\264\023\251\372`\001\r\225\217P\243\370m\037op\306\025\027\013\002\257\266J\025/\3729\220\014>4\264\253\207\255\233\\356\277\340\345\017\323\341\201\004TK\004\373\204\253\204\240\3155\357\026\353/\351\252\253/\351\252\264\n\000""; }; nodes {;   nodedata: ""\341\035\262xv\226\317f5\366\365\252a\177\355\302\326\t\222~j\320f\374/ \363\256\257\361 \303\001\301\025%1L\307\t\261\262z\374\222T\301\274V\236\223\262\270Ct\362\337b\356\024*\324\320\351\317\002,\377\251Q\263\245*\373\267\332I\261\001\251N\313Su!\333\331\260|\312%\271\263\267\320\313\036\303\004\330\210a4\256y^267\344\320H\t\331\316{n\002q\260\017U_\270\321B\024U\313\2054\006E\344\037@\210\363\010\336T\226\247'\204_{\261\370""1\235\2445\343\033Y!\212\201\341\272\225'\007Z\314\023h\n\020~\036\324P\254\001\274\227n\020\273\023\010\nq\216Z\344\004\3612B\205\257\335\036\013\003""; }; nodes {;   nodedata: ""\233\330\223\352\3012\234}\322\031(\362*;JR3m]\203<\234\204jiO\033\304\322\017\232\202\n\003""; }; requestCookie: 5; "
1750527548196,1750527548196,3085,1,3,0,TMLedgerData,"ledgerHash: ""\341\310\354\0213\033\013\350\207z\236R(|z&\034\335\266\323\356\205\273DV\210\254\213T\rZ\347""; ledgerSeq: 0; type: liTS_CANDIDATE; nodes {;   nodedata: ""\256\322m\2146\221\305\341\316\031h?\276\005\207\253\236\tL;\371W\315\233X\345O\203\332\240\005\360\n\003"";   nodeid: ""\000\000\000\000\000\000\000\000\000\000\000\000\000\000\000\000\000\000\000\000\000\000\000\000\000\000\000\000\000\000\000\000\000""; }; ","ledgerHash: ""\341\310\354\0213\033\013\350\207z\236R(|z&\034\335\266\323\356\205\273DV\210\254\213T\rZ\347""; ledgerSeq: 0; type: liTS_CANDIDATE; nodes {;   nodedata: ""\256\322m\2146\221\305\341\316\031h?\276\005\207\253\236\tL;\371W\315\233X\345O\203\332\240\005\360\n\003"";   nodeid: ""\000\000\000\000\000\000\000\000\000\000\000\000\000\000\000\000\000\000\000\000\000\000\000\000\000\000\000\000\000\000\000\000\000""; }; "
1750527548203,1750527548203,2523,1,3,2,TMLedgerData,"ledgerHash: ""\341\310\354\0213\033\013\350\207z\236R(|z&\034\335\266\323\356\205\273DV\210\254\213T\rZ\347""; ledgerSeq: 0; type: liTS_CANDIDATE; nodes {;   nodedata: ""\256\322m\2146\221\305\341\316\031h?\276\005\207\253\236\tL;\371W\315\233X\345O\203\332\240\005\360\n\003"";   nodeid: ""\000\000\000\000\000\000\000\000\000\000\000\000\000\000\000\000\000\000\000\000\000\000\000\000\000\000\000\000\000\000\000\000\000""; }; ","ledgerHash: ""\341\310\354\0213\033\013\350\207z\236R(|z&\034\335\266\323\356\205\273DV\210\254\213T\rZ\347""; ledgerSeq: 0; type: liTS_CANDIDATE; nodes {;   nodedata: ""\256\322m\2146\221\305\341\316\031h?\276\005\207\253\236\tL;\371W\315\233X\345O\203\332\240\005\360\n\003"";   nodeid: ""\000\000\000\000\000\000\000\000\000\000\000\000\000\000\000\000\000\000\000\000\000\000\000\000\000\000\000\000\000\000\000\000\000""; }; "
1750527548252,1750527548252,1212,1,2,4,TMLedgerData,"ledgerHash: ""3\321\n7\354)\tf\006\357\205B<h\272GQ \344\262\236\025#\003\024&\310\034\352\376\326""; ledgerSeq: 0; type: liTS_CANDIDATE; nodes {;   nodedata: ""'\240~~s\033\202\356\320\307\177Nt\203\315\245\305\276b\265\310\271\3319\245:\342=c\267\265\233\002\003"";   nodeid: ""\000\000\000\000\000\000\000\000\000\000\000\000\000\000\000\000\000\000\000\000\000\000\000\000\000\000\000\000\000\000\000\000\000""; }; ","ledgerHash: ""3\321\n7\354)\tf\006\357\205B<h\272GQ \344\262\236\025#\003\024&\310\034\352\376\326""; ledgerSeq: 0; type: liTS_CANDIDATE; nodes {;   nodedata: ""'\240~~s\033\202\356\320\307\177Nt\203\315\245\305\276b\265\310\271\3319\245:\342=c\267\265\233\002\003"";   nodeid: ""\000\000\000\000\000\000\000\000\000\000\000\000\000\000\000\000\000\000\000\000\000\000\000\000\000\000\000\000\000\000\000\000\000""; }; "
1750527548261,1750527548261,1813,1,3,1,TMLedgerData,"ledgerHash: ""\363\262\310\025\251\261\276X\247\260J\221\345\357\037\231)|\321K\000\\326E\004\377\005\255""A?\250""; ledgerSeq: 0; type: liTS_CANDIDATE; nodes {;   nodedata: ""MJ\275'\324\005\036\313\204nW\300\362\327\016\205\236\021\351Q6\021\355\301\372\322\276g\026\243\361M\004\003"";   nodeid: ""\000\000\000\000\000\000\000\000\000\000\000\000\000\000\000\000\000\000\000\000\000\000\000\000\000\000\000\000\000\000\000\000\000""; }; requestCookie: 2; ","ledgerHash: ""\363\262\310\025\251\261\276X\247\260J\221\345\357\037\231)|\321K\000\\326E\004\377\005\255""A?\250""; ledgerSeq: 0; type: liTS_CANDIDATE; nodes {;   nodedata: ""MJ\275'\324\005\036\313\204nW\300\362\327\016\205\236\021\351Q6\021\355\301\372\322\276g\026\243\361M\004\003"";   nodeid: ""\000\000\000\000\000\000\000\000\000\000\000\000\000\000\000\000\000\000\000\000\000\000\000\000\000\000\000\000\000\000\000\000\000""; }; requestCookie: 2; "
1750527548269,1750527548269,2523,1,3,2,TMLedgerData,"ledgerHash: ""\326+\03569g\235`}\354\203s\003\217_Vf \233\324\237yU<\242:Zr\321\340\201]""; ledgerSeq: 7; type: liBASE; nodes {;   nodedata: ""\000\000\000\007\001cEx]\211\377\330\360\215\2502\265\245\310\226\243c\302Ze\306\253#r\020\211\320iG\276\020E\317\035Sf\223F\254\020N |\264\023\251\372`\001\r\225\217P\243\370m\037op\306\025\027\013\002\257\266J\025/\3729\220\014>4\264\253\207\255\233\\356\277\340\345\017\323\341\201\004TK\004\373\204\253\204\240\3155\357\026\353/\351\252\253/\351\252\264\n\000""; }; nodes {;   nodedata: ""\341\035\262xv\226\317f5\366\365\252a\177\355\302\326\t\222~j\320f\374/ \363\256\257\361 \303\001\301\025%1L\307\t\261\262z\374\222T\301\274V\236\223\262\270Ct\362\337b\356\024*\324\320\351\317\002,\377\251Q\263\245*\373\267\332I\261\001\251N\313Su!\333\331\260|\312%\271\263\267\320\313\036\303\004\330\210a4\256y^267\344\320H\t\331\316{n\002q\260\017U_\270\321B\024U\313\2054\006E\344\037@\210\363\010\336T\226\247'\204_{\261\370""1\235\2445\343\033Y!\212\201\341\272\225'\007Z\314\023h\n\020~\036\324P\254\001\274\227n\020\273\023\010\nq\216Z\344\004\3612B\205\257\335\036\013\003""; }; nodes {;   nodedata: ""\233\330\223\352\3012\234}\322\031(\362*;JR3m]\203<\234\204jiO\033\304\322\017\232\202\n\003""; }; ","ledgerHash: ""\326+\03569g\235`}\354\203s\003\217_Vf \233\324\237yU<\242:Zr\321\340\201]""; ledgerSeq: 7; type: liBASE; nodes {;   nodedata: ""\000\000\000\007\001cEx]\211\377\330\360\215\2502\265\245\310\226\243c\302Ze\306\253#r\020\211\320iG\276\020E\317\035Sf\223F\254\020N |\264\023\251\372`\001\r\225\217P\243\370m\037op\306\025\027\013\002\257\266J\025/\3729\220\014>4\264\253\207\255\233\\356\277\340\345\017\323\341\201\004TK\004\373\204\253\204\240\3155\357\026\353/\351\252\253/\351\252\264\n\000""; }; nodes {;   nodedata: ""\341\035\262xv\226\317f5\366\365\252a\177\355\302\326\t\222~j\320f\374/ \363\256\257\361 \303\001\301\025%1L\307\t\261\262z\374\222T\301\274V\236\223\262\270Ct\362\337b\356\024*\324\320\351\317\002,\377\251Q\263\245*\373\267\332I\261\001\251N\313Su!\333\331\260|\312%\271\263\267\320\313\036\303\004\330\210a4\256y^267\344\320H\t\331\316{n\002q\260\017U_\270\321B\024U\313\2054\006E\344\037@\210\363\010\336T\226\247'\204_{\261\370""1\235\2445\343\033Y!\212\201\341\272\225'\007Z\314\023h\n\020~\036\324P\254\001\274\227n\020\273\023\010\nq\216Z\344\004\3612B\205\257\335\036\013\003""; }; nodes {;   nodedata: ""\233\330\223\352\3012\234}\322\031(\362*;JR3m]\203<\234\204jiO\033\304\322\017\232\202\n\003""; }; "
1750527548272,1750527548272,1665,1,2,3,TMLedgerData,"ledgerHash: ""\326+\03569g\235`}\354\203s\003\217_Vf \233\324\237yU<\242:Zr\321\340\201]""; ledgerSeq: 7; type: liBASE; nodes {;   nodedata: ""\000\000\000\007\001cEx]\211\377\330\360\215\2502\265\245\310\226\243c\302Ze\306\253#r\020\211\320iG\276\020E\317\035Sf\223F\254\020N |\264\023\251\372`\001\r\225\217P\243\370m\037op\306\025\027\013\002\257\266J\025/\3729\220\014>4\264\253\207\255\233\\356\277\340\345\017\323\341\201\004TK\004\373\204\253\204\240\3155\357\026\353/\351\252\253/\351\252\264\n\000""; }; nodes {;   nodedata: ""\341\035\262xv\226\317f5\366\365\252a\177\355\302\326\t\222~j\320f\374/ \363\256\257\361 \303\001\301\025%1L\307\t\261\262z\374\222T\301\274V\236\223\262\270Ct\362\337b\356\024*\324\320\351\317\002,\377\251Q\263\245*\373\267\332I\261\001\251N\313Su!\333\331\260|\312%\271\263\267\320\313\036\303\004\330\210a4\256y^267\344\320H\t\331\316{n\002q\260\017U_\270\321B\024U\313\2054\006E\344\037@\210\363\010\336T\226\247'\204_{\261\370""1\235\2445\343\033Y!\212\201\341\272\225'\007Z\314\023h\n\020~\036\324P\254\001\274\227n\020\273\023\010\nq\216Z\344\004\3612B\205\257\335\036\013\003""; }; nodes {;   nodedata: ""\233\330\223\352\3012\234}\322\031(\362*;JR3m]\203<\234\204jiO\033\304\322\017\232\202\n\003""; }; ","ledgerHash: ""\326+\03569g\235`}\354\203s\003\217_Vf \233\324\237yU<\242:Zr\321\340\201]""; ledgerSeq: 7; type: liBASE; nodes {;   nodedata: ""\000\000\000\007\001cEx]\211\377\330\360\215\2502\265\245\310\226\243c\302Ze\306\253#r\020\211\320iG\276\020E\317\035Sf\223F\254\020N |\264\023\251\372`\001\r\225\217P\243\370m\037op\306\025\027\013\002\257\266J\025/\3729\220\014>4\264\253\207\255\233\\356\277\340\345\017\323\341\201\004TK\004\373\204\253\204\240\3155\357\026\353/\351\252\253/\351\252\264\n\000""; }; nodes {;   nodedata: ""\341\035\262xv\226\317f5\366\365\252a\177\355\302\326\t\222~j\320f\374/ \363\256\257\361 \303\001\301\025%1L\307\t\261\262z\374\222T\301\274V\236\223\262\270Ct\362\337b\356\024*\324\320\351\317\002,\377\251Q\263\245*\373\267\332I\261\001\251N\313Su!\333\331\260|\312%\271\263\267\320\313\036\303\004\330\210a4\256y^267\344\320H\t\331\316{n\002q\260\017U_\270\321B\024U\313\2054\006E\344\037@\210\363\010\336T\226\247'\204_{\261\370""1\235\2445\343\033Y!\212\201\341\272\225'\007Z\314\023h\n\020~\036\324P\254\001\274\227n\020\273\023\010\nq\216Z\344\004\3612B\205\257\335\036\013\003""; }; nodes {;   nodedata: ""\233\330\223\352\3012\234}\322\031(\362*;JR3m]\203<\234\204jiO\033\304\322\017\232\202\n\003""; }; "
1750527548326,1750527548326,860,1,1,0,TMLedgerData,"ledgerHash: ""\363\262\310\025\251\261\276X\247\260J\221\345\357\037\231)|\321K\000\\326E\004\377\005\255""A?\250""; ledgerSeq: 0; type: liTS_CANDIDATE; nodes {;   nodedata: ""MJ\275'\324\005\036\313\204nW\300\362\327\016\205\236\021\351Q6\021\355\301\372\322\276g\026\243\361M\004\003"";   nodeid: ""\000\000\000\000\000\000\000\000\000\000\000\000\000\000\000\000\000\000\000\000\000\000\000\000\000\000\000\000\000\000\000\000\000""; }; ","ledgerHash: ""\363\262\310\025\251\261\276X\247\260J\221\345\357\037\231)|\321K\000\\326E\004\377\005\255""A?\250""; ledgerSeq: 0; type: liTS_CANDIDATE; nodes {;   nodedata: ""MJ\275'\324\005\036\313\204nW\300\362\327\016\205\236\021\351Q6\021\355\301\372\322\276g\026\243\361M\004\003"";   nodeid: ""\000\000\000\000\000\000\000\000\000\000\000\000\000\000\000\000\000\000\000\000\000\000\000\000\000\000\000\000\000\000\000\000\000""; }; "
1750527548330,1750527548330,2523,1,3,2,TMLedgerData,"ledgerHash: ""\341\310\354\0213\033\013\350\207z\236R(|z&\034\335\266\323\356\205\273DV\210\254\213T\rZ\347""; ledgerSeq: 0; type: liTS_CANDIDATE; nodes {;   nodedata: ""\256\322m\2146\221\305\341\316\031h?\276\005\207\253\236\tL;\371W\315\233X\345O\203\332\240\005\360\n\003"";   nodeid: ""\000\000\000\000\000\000\000\000\000\000\000\000\000\000\000\000\000\000\000\000\000\000\000\000\000\000\000\000\000\000\000\000\000""; }; ","ledgerHash: ""\341\310\354\0213\033\013\350\207z\236R(|z&\034\335\266\323\356\205\273DV\210\254\213T\rZ\347""; ledgerSeq: 0; type: liTS_CANDIDATE; nodes {;   nodedata: ""\256\322m\2146\221\305\341\316\031h?\276\005\207\253\236\tL;\371W\315\233X\345O\203\332\240\005\360\n\003"";   nodeid: ""\000\000\000\000\000\000\000\000\000\000\000\000\000\000\000\000\000\000\000\000\000\000\000\000\000\000\000\000\000\000\000\000\000""; }; "
1750527548368,1750527548368,612,1,2,0,TMLedgerData,"ledgerHash: ""\363\262\310\025\251\261\276X\247\260J\221\345\357\037\231)|\321K\000\\326E\004\377\005\255""A?\250""; ledgerSeq: 0; type: liTS_CANDIDATE; nodes {;   nodedata: ""MJ\275'\324\005\036\313\204nW\300\362\327\016\205\236\021\351Q6\021\355\301\372\322\276g\026\243\361M\004\003"";   nodeid: ""\000\000\000\000\000\000\000\000\000\000\000\000\000\000\000\000\000\000\000\000\000\000\000\000\000\000\000\000\000\000\000\000\000""; }; ","ledgerHash: ""\363\262\310\025\251\261\276X\247\260J\221\345\357\037\231)|\321K\000\\326E\004\377\005\255""A?\250""; ledgerSeq: 0; type: liTS_CANDIDATE; nodes {;   nodedata: ""MJ\275'\324\005\036\313\204nW\300\362\327\016\205\236\021\351Q6\021\355\301\372\322\276g\026\243\361M\004\003"";   nodeid: ""\000\000\000\000\000\000\000\000\000\000\000\000\000\000\000\000\000\000\000\000\000\000\000\000\000\000\000\000\000\000\000\000\000""; }; "
1750527548374,1750527548374,1769,1,2,1,TMLedgerData,"ledgerHash: ""\356\316\306(\314\366\340SA\320e\361\337A\350+\342\334{eBV\360\354\225)\263\237~v\236}""; ledgerSeq: 0; type: liTS_CANDIDATE; nodes {;   nodedata: ""\216b\024\334gS\347X\272b\322\267\303L\230\361n\036 \270-E\361}\351O\347\233\337\314!\215\010\003"";   nodeid: ""\000\000\000\000\000\000\000\000\000\000\000\000\000\000\000\000\000\000\000\000\000\000\000\000\000\000\000\000\000\000\000\000\000""; }; requestCookie: 2; ","ledgerHash: ""\356\316\306(\314\366\340SA\320e\361\337A\350+\342\334{eBV\360\354\225)\263\237~v\236}""; ledgerSeq: 0; type: liTS_CANDIDATE; nodes {;   nodedata: ""\216b\024\334gS\347X\272b\322\267\303L\230\361n\036 \270-E\361}\351O\347\233\337\314!\215\010\003"";   nodeid: ""\000\000\000\000\000\000\000\000\000\000\000\000\000\000\000\000\000\000\000\000\000\000\000\000\000\000\000\000\000\000\000\000\000""; }; requestCookie: 2; "
1750527548392,1750527548392,1665,1,2,3,TMLedgerData,"ledgerHash: ""\356\316\306(\314\366\340SA\320e\361\337A\350+\342\334{eBV\360\354\225)\263\237~v\236}""; ledgerSeq: 0; type: liTS_CANDIDATE; nodes {;   nodedata: ""\216b\024\334gS\347X\272b\322\267\303L\230\361n\036 \270-E\361}\351O\347\233\337\314!\215\010\003"";   nodeid: ""\000\000\000\000\000\000\000\000\000\000\000\000\000\000\000\000\000\000\000\000\000\000\000\000\000\000\000\000\000\000\000\000\000""; }; requestCookie: 2; ","ledgerHash: ""\356\316\306(\314\366\340SA\320e\361\337A\350+\342\334{eBV\360\354\225)\263\237~v\236}""; ledgerSeq: 0; type: liTS_CANDIDATE; nodes {;   nodedata: ""\216b\024\334gS\347X\272b\322\267\303L\230\361n\036 \270-E\361}\351O\347\233\337\314!\215\010\003"";   nodeid: ""\000\000\000\000\000\000\000\000\000\000\000\000\000\000\000\000\000\000\000\000\000\000\000\000\000\000\000\000\000\000\000\000\000""; }; requestCookie: 2; "
1750527548447,1750527548447,1769,1,2,1,TMLedgerData,"ledgerHash: ""\033@\177e\277\016\010u\327\371&\262\312\317Q\2361t\377x\234\001v\003%\030\325_\225g\204\346""; ledgerSeq: 7; type: liBASE; nodes {;   nodedata: ""\000\000\000\007\001cEx]\211\377\330\360\215\2502\265\245\310\226\243c\302Ze\306\253#r\020\211\320iG\276\020E\317\035Sf\223F\254\002\370\316\212^2r\204\377\207q\251\315\325\027st\315\275D\367""\312l\350\374\304zy\305\007\340\030\220\357M\025\212p\\332\356\317\346Z\350r\255\236\025^\210\375\243\353\025X\213xq\220$\254,/\351\252\253/\351\252\264\n\000""; }; nodes {;   nodedata: ""\323C\344\327\264{\312-\017:\006{\177\344N\002\326bO\260\220\006\033\362\345\005U\221DzJ0\001\301\025%1L\307\t\261\262z\374\222T\301\274V\236\223\262\270Ct\362\337b\356\024*\324\320\351\317\002k\336\234\027v\351\217\260\303\360\233ZPZWr\246$w\313\313\r\243r\232\2234\373\3539:N\004Q\245\272D\312D\300\300\t\323\0257\345e\271\na\215{\226\255x%T\257\037\333\004\344_/R\006E\344\037@\210\363\010\336T\226\247'\204_{\261\370""1\235\2445\343\033Y!\212\201\341\272\225'\007Z\314\023h\n\020~\036\324P\254\001\274\227n\020\273\023\010\nq\216Z\344\004\3612B\205\257\335\036\013\003""; }; nodes {;   nodedata: ""o\324D\221#\020\205W\305\353\227hj\364\005l\234.@%-\272\034\327\352\rf\2573\006\026\236\004\003""; }; ","ledgerHash: ""\033@\177e\277\016\010u\327\371&\262\312\317Q\2361t\377x\234\001v\003%\030\325_\225g\204\346""; ledgerSeq: 7; type: liBASE; nodes {;   nodedata: ""\000\000\000\007\001cEx]\211\377\330\360\215\2502\265\245\310\226\243c\302Ze\306\253#r\020\211\320iG\276\020E\317\035Sf\223F\254\002\370\316\212^2r\204\377\207q\251\315\325\027st\315\275D\367""\312l\350\374\304zy\305\007\340\030\220\357M\025\212p\\332\356\317\346Z\350r\255\236\025^\210\375\243\353\025X\213xq\220$\254,/\351\252\253/\351\252\264\n\000""; }; nodes {;   nodedata: ""\323C\344\327\264{\312-\017:\006{\177\344N\002\326bO\260\220\006\033\362\345\005U\221DzJ0\001\301\025%1L\307\t\261\262z\374\222T\301\274V\236\223\262\270Ct\362\337b\356\024*\324\320\351\317\002k\336\234\027v\351\217\260\303\360\233ZPZWr\246$w\313\313\r\243r\232\2234\373\3539:N\004Q\245\272D\312D\300\300\t\323\0257\345e\271\na\215{\226\255x%T\257\037\333\004\344_/R\006E\344\037@\210\363\010\336T\226\247'\204_{\261\370""1\235\2445\343\033Y!\212\201\341\272\225'\007Z\314\023h\n\020~\036\324P\254\001\274\227n\020\273\023\010\nq\216Z\344\004\3612B\205\257\335\036\013\003""; }; nodes {;   nodedata: ""o\324D\221#\020\205W\305\353\227hj\364\005l\234.@%-\272\034\327\352\rf\2573\006\026\236\004\003""; }; "
1750527548448,1750527548448,860,1,1,0,TMLedgerData,"ledgerHash: ""\363\262\310\025\251\261\276X\247\260J\221\345\357\037\231)|\321K\000\\326E\004\377\005\255""A?\250""; ledgerSeq: 0; type: liTS_CANDIDATE; nodes {;   nodedata: ""MJ\275'\324\005\036\313\204nW\300\362\327\016\205\236\021\351Q6\021\355\301\372\322\276g\026\243\361M\004\003"";   nodeid: ""\000\000\000\000\000\000\000\000\000\000\000\000\000\000\000\000\000\000\000\000\000\000\000\000\000\000\000\000\000\000\000\000\000""; }; ","ledgerHash: ""\363\262\310\025\251\261\276X\247\260J\221\345\357\037\231)|\321K\000\\326E\004\377\005\255""A?\250""; ledgerSeq: 0; type: liTS_CANDIDATE; nodes {;   nodedata: ""MJ\275'\324\005\036\313\204nW\300\362\327\016\205\236\021\351Q6\021\355\301\372\322\276g\026\243\361M\004\003"";   nodeid: ""\000\000\000\000\000\000\000\000\000\000\000\000\000\000\000\000\000\000\000\000\000\000\000\000\000\000\000\000\000\000\000\000\000""; }; "
1750527548452,1750527548452,2523,1,3,2,TMLedgerData,"ledgerHash: ""\341\310\354\0213\033\013\350\207z\236R(|z&\034\335\266\323\356\205\273DV\210\254\213T\rZ\347""; ledgerSeq: 0; type: liTS_CANDIDATE; nodes {;   nodedata: ""\256\322m\2146\221\305\341\316\031h?\276\005\207\253\236\tL;\371W\315\233X\345O\203\332\240\005\360\n\003"";   nodeid: ""\000\000\000\000\000\000\000\000\000\000\000\000\000\000\000\000\000\000\000\000\000\000\000\000\000\000\000\000\000\000\000\000\000""; }; ","ledgerHash: ""\341\310\354\0213\033\013\350\207z\236R(|z&\034\335\266\323\356\205\273DV\210\254\213T\rZ\347""; ledgerSeq: 0; type: liTS_CANDIDATE; nodes {;   nodedata: ""\256\322m\2146\221\305\341\316\031h?\276\005\207\253\236\tL;\371W\315\233X\345O\203\332\240\005\360\n\003"";   nodeid: ""\000\000\000\000\000\000\000\000\000\000\000\000\000\000\000\000\000\000\000\000\000\000\000\000\000\000\000\000\000\000\000\000\000""; }; "
1750527548555,1750527548555,1144,1,4,1,TMLedgerData,"ledgerHash: ""\363\262\310\025\251\261\276X\247\260J\221\345\357\037\231)|\321K\000\\326E\004\377\005\255""A?\250""; ledgerSeq: 0; type: liTS_CANDIDATE; nodes {;   nodedata: ""MJ\275'\324\005\036\313\204nW\300\362\327\016\205\236\021\351Q6\021\355\301\372\322\276g\026\243\361M\004\003"";   nodeid: ""\000\000\000\000\000\000\000\000\000\000\000\000\000\000\000\000\000\000\000\000\000\000\000\000\000\000\000\000\000\000\000\000\000""; }; requestCookie: 2; ","ledgerHash: ""\363\262\310\025\251\261\276X\247\260J\221\345\357\037\231)|\321K\000\\326E\004\377\005\255""A?\250""; ledgerSeq: 0; type: liTS_CANDIDATE; nodes {;   nodedata: ""MJ\275'\324\005\036\313\204nW\300\362\327\016\205\236\021\351Q6\021\355\301\372\322\276g\026\243\361M\004\003"";   nodeid: ""\000\000\000\000\000\000\000\000\000\000\000\000\000\000\000\000\000\000\000\000\000\000\000\000\000\000\000\000\000\000\000\000\000""; }; requestCookie: 2; "
1750527548575,1750527548575,860,1,1,0,TMLedgerData,"ledgerHash: ""\363\262\310\025\251\261\276X\247\260J\221\345\357\037\231)|\321K\000\\326E\004\377\005\255""A?\250""; ledgerSeq: 0; type: liTS_CANDIDATE; nodes {;   nodedata: ""MJ\275'\324\005\036\313\204nW\300\362\327\016\205\236\021\351Q6\021\355\301\372\322\276g\026\243\361M\004\003"";   nodeid: ""\000\000\000\000\000\000\000\000\000\000\000\000\000\000\000\000\000\000\000\000\000\000\000\000\000\000\000\000\000\000\000\000\000""; }; ","ledgerHash: ""\363\262\310\025\251\261\276X\247\260J\221\345\357\037\231)|\321K\000\\326E\004\377\005\255""A?\250""; ledgerSeq: 0; type: liTS_CANDIDATE; nodes {;   nodedata: ""MJ\275'\324\005\036\313\204nW\300\362\327\016\205\236\021\351Q6\021\355\301\372\322\276g\026\243\361M\004\003"";   nodeid: ""\000\000\000\000\000\000\000\000\000\000\000\000\000\000\000\000\000\000\000\000\000\000\000\000\000\000\000\000\000\000\000\000\000""; }; "
1750527548601,1750527548601,3810,1,1,4,TMGetLedger,"itype: liTX_NODE; ledgerHash: ""\033@\177e\277\016\010u\327\371&\262\312\317Q\2361t\377x\234\001v\003%\030\325_\225g\204\346""; ledgerSeq: 7; nodeIDs: ""@\000\000\000\000\000\000\000\000\000\000\000\000\000\000\000\000\000\000\000\000\000\000\000\000\000\000\000\000\000\000\000\001""; queryType: qtINDIRECT; queryDepth: 1; ","itype: liTX_NODE; ledgerHash: ""\033@\177e\277\016\010u\327\371&\262\312\317Q\2361t\377x\234\001v\003%\030\325_\225g\204\346""; ledgerSeq: 7; nodeIDs: ""@\000\000\000\000\000\000\000\000\000\000\000\000\000\000\000\000\000\000\000\000\000\000\000\000\000\000\000\000\000\000\000\001""; queryType: qtINDIRECT; queryDepth: 1; "
1750527548643,1750527548644,3085,1,3,0,TMLedgerData,"ledgerHash: ""\341\310\354\0213\033\013\350\207z\236R(|z&\034\335\266\323\356\205\273DV\210\254\213T\rZ\347""; ledgerSeq: 0; type: liTS_CANDIDATE; nodes {;   nodedata: ""\256\322m\2146\221\305\341\316\031h?\276\005\207\253\236\tL;\371W\315\233X\345O\203\332\240\005\360\n\003"";   nodeid: ""\000\000\000\000\000\000\000\000\000\000\000\000\000\000\000\000\000\000\000\000\000\000\000\000\000\000\000\000\000\000\000\000\000""; }; ","ledgerHash: ""\341\310\354\0213\033\013\350\207z\236R(|z&\034\335\266\323\356\205\273DV\210\254\213T\rZ\347""; ledgerSeq: 0; type: liTS_CANDIDATE; nodes {;   nodedata: ""\256\322m\2146\221\305\341\316\031h?\276\005\207\253\236\tL;\371W\315\233X\345O\203\332\240\005\360\n\003"";   nodeid: ""\000\000\000\000\000\000\000\000\000\000\000\000\000\000\000\000\000\000\000\000\000\000\000\000\000\000\000\000\000\000\000\000\000""; }; "
1750527548659,1750527548659,1212,1,2,4,TMLedgerData,"ledgerHash: ""\326+\03569g\235`}\354\203s\003\217_Vf \233\324\237yU<\242:Zr\321\340\201]""; ledgerSeq: 7; type: liBASE; nodes {;   nodedata: ""\000\000\000\007\001cEx]\211\377\330\360\215\2502\265\245\310\226\243c\302Ze\306\253#r\020\211\320iG\276\020E\317\035Sf\223F\254\020N |\264\023\251\372`\001\r\225\217P\243\370m\037op\306\025\027\013\002\257\266J\025/\3729\220\014>4\264\253\207\255\233\\356\277\340\345\017\323\341\201\004TK\004\373\204\253\204\240\3155\357\026\353/\351\252\253/\351\252\264\n\000""; }; nodes {;   nodedata: ""\341\035\262xv\226\317f5\366\365\252a\177\355\302\326\t\222~j\320f\374/ \363\256\257\361 \303\001\301\025%1L\307\t\261\262z\374\222T\301\274V\236\223\262\270Ct\362\337b\356\024*\324\320\351\317\002,\377\251Q\263\245*\373\267\332I\261\001\251N\313Su!\333\331\260|\312%\271\263\267\320\313\036\303\004\330\210a4\256y^267\344\320H\t\331\316{n\002q\260\017U_\270\321B\024U\313\2054\006E\344\037@\210\363\010\336T\226\247'\204_{\261\370""1\235\2445\343\033Y!\212\201\341\272\225'\007Z\314\023h\n\020~\036\324P\254\001\274\227n\020\273\023\010\nq\216Z\344\004\3612B\205\257\335\036\013\003""; }; nodes {;   nodedata: ""\233\330\223\352\3012\234}\322\031(\362*;JR3m]\203<\234\204jiO\033\304\322\017\232\202\n\003""; }; ","ledgerHash: ""\326+\03569g\235`}\354\203s\003\217_Vf \233\324\237yU<\242:Zr\321\340\201]""; ledgerSeq: 7; type: liBASE; nodes {;   nodedata: ""\000\000\000\007\001cEx]\211\377\330\360\215\2502\265\245\310\226\243c\302Ze\306\253#r\020\211\320iG\276\020E\317\035Sf\223F\254\020N |\264\023\251\372`\001\r\225\217P\243\370m\037op\306\025\027\013\002\257\266J\025/\3729\220\014>4\264\253\207\255\233\\356\277\340\345\017\323\341\201\004TK\004\373\204\253\204\240\3155\357\026\353/\351\252\253/\351\252\264\n\000""; }; nodes {;   nodedata: ""\341\035\262xv\226\317f5\366\365\252a\177\355\302\326\t\222~j\320f\374/ \363\256\257\361 \303\001\301\025%1L\307\t\261\262z\374\222T\301\274V\236\223\262\270Ct\362\337b\356\024*\324\320\351\317\002,\377\251Q\263\245*\373\267\332I\261\001\251N\313Su!\333\331\260|\312%\271\263\267\320\313\036\303\004\330\210a4\256y^267\344\320H\t\331\316{n\002q\260\017U_\270\321B\024U\313\2054\006E\344\037@\210\363\010\336T\226\247'\204_{\261\370""1\235\2445\343\033Y!\212\201\341\272\225'\007Z\314\023h\n\020~\036\324P\254\001\274\227n\020\273\023\010\nq\216Z\344\004\3612B\205\257\335\036\013\003""; }; nodes {;   nodedata: ""\233\330\223\352\3012\234}\322\031(\362*;JR3m]\203<\234\204jiO\033\304\322\017\232\202\n\003""; }; "
1750527548681,1750527548681,1665,1,2,3,TMLedgerData,"ledgerHash: ""\356\316\306(\314\366\340SA\320e\361\337A\350+\342\334{eBV\360\354\225)\263\237~v\236}""; ledgerSeq: 0; type: liTS_CANDIDATE; nodes {;   nodedata: ""\216b\024\334gS\347X\272b\322\267\303L\230\361n\036 \270-E\361}\351O\347\233\337\314!\215\010\003"";   nodeid: ""\000\000\000\000\000\000\000\000\000\000\000\000\000\000\000\000\000\000\000\000\000\000\000\000\000\000\000\000\000\000\000\000\000""; }; requestCookie: 2; ","ledgerHash: ""\356\316\306(\314\366\340SA\320e\361\337A\350+\342\334{eBV\360\354\225)\263\237~v\236}""; ledgerSeq: 0; type: liTS_CANDIDATE; nodes {;   nodedata: ""\216b\024\334gS\347X\272b\322\267\303L\230\361n\036 \270-E\361}\351O\347\233\337\314!\215\010\003"";   nodeid: ""\000\000\000\000\000\000\000\000\000\000\000\000\000\000\000\000\000\000\000\000\000\000\000\000\000\000\000\000\000\000\000\000\000""; }; requestCookie: 2; "
1750527548698,1750527548698,3085,1,3,0,TMLedgerData,"ledgerHash: ""\341\310\354\0213\033\013\350\207z\236R(|z&\034\335\266\323\356\205\273DV\210\254\213T\rZ\347""; ledgerSeq: 0; type: liTS_CANDIDATE; nodes {;   nodedata: ""\256\322m\2146\221\305\341\316\031h?\276\005\207\253\236\tL;\371W\315\233X\345O\203\332\240\005\360\n\003"";   nodeid: ""\000\000\000\000\000\000\000\000\000\000\000\000\000\000\000\000\000\000\000\000\000\000\000\000\000\000\000\000\000\000\000\000\000""; }; ","ledgerHash: ""\341\310\354\0213\033\013\350\207z\236R(|z&\034\335\266\323\356\205\273DV\210\254\213T\rZ\347""; ledgerSeq: 0; type: liTS_CANDIDATE; nodes {;   nodedata: ""\256\322m\2146\221\305\341\316\031h?\276\005\207\253\236\tL;\371W\315\233X\345O\203\332\240\005\360\n\003"";   nodeid: ""\000\000\000\000\000\000\000\000\000\000\000\000\000\000\000\000\000\000\000\000\000\000\000\000\000\000\000\000\000\000\000\000\000""; }; "
1750527548704,1750527548704,2523,1,3,2,TMLedgerData,"ledgerHash: ""\341\310\354\0213\033\013\350\207z\236R(|z&\034\335\266\323\356\205\273DV\210\254\213T\rZ\347""; ledgerSeq: 0; type: liTS_CANDIDATE; nodes {;   nodedata: ""\256\322m\2146\221\305\341\316\031h?\276\005\207\253\236\tL;\371W\315\233X\345O\203\332\240\005\360\n\003"";   nodeid: ""\000\000\000\000\000\000\000\000\000\000\000\000\000\000\000\000\000\000\000\000\000\000\000\000\000\000\000\000\000\000\000\000\000""; }; ","ledgerHash: ""\341\310\354\0213\033\013\350\207z\236R(|z&\034\335\266\323\356\205\273DV\210\254\213T\rZ\347""; ledgerSeq: 0; type: liTS_CANDIDATE; nodes {;   nodedata: ""\256\322m\2146\221\305\341\316\031h?\276\005\207\253\236\tL;\371W\315\233X\345O\203\332\240\005\360\n\003"";   nodeid: ""\000\000\000\000\000\000\000\000\000\000\000\000\000\000\000\000\000\000\000\000\000\000\000\000\000\000\000\000\000\000\000\000\000""; }; "
1750527548771,1750527548771,3046,1,2,4,TMProposeSet,"proposeSeq: 0; currentTxHash: ""3\321\n7\354)\tf\006\357\205B<h\272GQ \344\262\236\025#\003\024&\310\034\352\376\326""; nodePubKey: ""\002\225aM\037\203M\271C\224]$\245\215\334\264;{{\365%Z\2443U\201\242\320iUc\207\367""; closeTime: 803842745; signature: ""0E\002!\000\346\371\022E\337}\030\24056\202^\252N=\265\301p\247\3136\362F\337\314\327\203$\365\361\025P\002 \025\212\035\025\260\354m.\016[\006I\014)\370@\357\216+8\346;\323\272C\374T\373{\267)\311""; previousledger: ""\276\230H\305\2714\032l\253n6W\035\354\257.f\r\217\302\203\224\212L\020\S\370\243OP*""; ","proposeSeq: 0; currentTxHash: ""3\321\n7\354)\tf\006\357\205B<h\272GQ \344\262\236\025#\003\024&\310\034\352\376\326""; nodePubKey: ""\002\225aM\037\203M\271C\224]$\245\215\334\264;{{\365%Z\2443U\201\242\320iUc\207\367""; closeTime: 803842745; signature: ""0E\002!\000\346\371\022E\337}\030\24056\202^\252N=\265\301p\247\3136\362F\337\314\327\203$\365\361\025P\002 \025\212\035\025\260\354m.\016[\006I\014)\370@\357\216+8\346;\323\272C\374T\373{\267)\311""; previousledger: ""\276\230H\305\2714\032l\253n6W\035\354\257.f\r\217\302\203\224\212L\020\S\370\243OP*""; "
1750527548772,1750527548772,4000,1,2,3,TMGetLedger,"itype: liTS_CANDIDATE; ledgerHash: ""3\321\n7\354)\tf\006\357\205B<h\272GQ \344\262\236\025#\003\024&\310\034\352\376\326""; nodeIDs: ""\000\000\000\000\000\000\000\000\000\000\000\000\000\000\000\000\000\000\000\000\000\000\000\000\000\000\000\000\000\000\000\000\000""; queryDepth: 3; ","itype: liTS_CANDIDATE; ledgerHash: ""3\321\n7\354)\tf\006\357\205B<h\272GQ \344\262\236\025#\003\024&\310\034\352\376\326""; nodeIDs: ""\000\000\000\000\000\000\000\000\000\000\000\000\000\000\000\000\000\000\000\000\000\000\000\000\000\000\000\000\000\000\000\000\000""; queryDepth: 3; "
1750527548772,1750527548772,2221,1,2,1,TMProposeSet,"proposeSeq: 0; currentTxHash: ""3\321\n7\354)\tf\006\357\205B<h\272GQ \344\262\236\025#\003\024&\310\034\352\376\326""; nodePubKey: ""\002\225aM\037\203M\271C\224]$\245\215\334\264;{{\365%Z\2443U\201\242\320iUc\207\367""; closeTime: 803842745; signature: ""0E\002!\000\346\371\022E\337}\030\24056\202^\252N=\265\301p\247\3136\362F\337\314\327\203$\365\361\025P\002 \025\212\035\025\260\354m.\016[\006I\014)\370@\357\216+8\346;\323\272C\374T\373{\267)\311""; previousledger: ""\276\230H\305\2714\032l\253n6W\035\354\257.f\r\217\302\203\224\212L\020\S\370\243OP*""; ","proposeSeq: 0; currentTxHash: ""3\321\n7\354)\tf\006\357\205B<h\272GQ \344\262\236\025#\003\024&\310\034\352\376\326""; nodePubKey: ""\002\225aM\037\203M\271C\224]$\245\215\334\264;{{\365%Z\2443U\201\242\320iUc\207\367""; closeTime: 803842745; signature: ""0E\002!\000\346\371\022E\337}\030\24056\202^\252N=\265\301p\247\3136\362F\337\314\327\203$\365\361\025P\002 \025\212\035\025\260\354m.\016[\006I\014)\370@\357\216+8\346;\323\272C\374T\373{\267)\311""; previousledger: ""\276\230H\305\2714\032l\253n6W\035\354\257.f\r\217\302\203\224\212L\020\S\370\243OP*""; "
1750527548772,1750527548772,2762,1,2,3,TMProposeSet,"proposeSeq: 0; currentTxHash: ""3\321\n7\354)\tf\006\357\205B<h\272GQ \344\262\236\025#\003\024&\310\034\352\376\326""; nodePubKey: ""\002\225aM\037\203M\271C\224]$\245\215\334\264;{{\365%Z\2443U\201\242\320iUc\207\367""; closeTime: 803842745; signature: ""0E\002!\000\346\371\022E\337}\030\24056\202^\252N=\265\301p\247\3136\362F\337\314\327\203$\365\361\025P\002 \025\212\035\025\260\354m.\016[\006I\014)\370@\357\216+8\346;\323\272C\374T\373{\267)\311""; previousledger: ""\276\230H\305\2714\032l\253n6W\035\354\257.f\r\217\302\203\224\212L\020\S\370\243OP*""; ","proposeSeq: 0; currentTxHash: ""3\321\n7\354)\tf\006\357\205B<h\272GQ \344\262\236\025#\003\024&\310\034\352\376\326""; nodePubKey: ""\002\225aM\037\203M\271C\224]$\245\215\334\264;{{\365%Z\2443U\201\242\320iUc\207\367""; closeTime: 803842745; signature: ""0E\002!\000\346\371\022E\337}\030\24056\202^\252N=\265\301p\247\3136\362F\337\314\327\203$\365\361\025P\002 \025\212\035\025\260\354m.\016[\006I\014)\370@\357\216+8\346;\323\272C\374T\373{\267)\311""; previousledger: ""\276\230H\305\2714\032l\253n6W\035\354\257.f\r\217\302\203\224\212L\020\S\370\243OP*""; "
1750527548772,1750527548772,3719,1,2,4,TMGetLedger,"itype: liTS_CANDIDATE; ledgerHash: ""3\321\n7\354)\tf\006\357\205B<h\272GQ \344\262\236\025#\003\024&\310\034\352\376\326""; nodeIDs: ""\000\000\000\000\000\000\000\000\000\000\000\000\000\000\000\000\000\000\000\000\000\000\000\000\000\000\000\000\000\000\000\000\000""; queryDepth: 3; ","itype: liTS_CANDIDATE; ledgerHash: ""3\321\n7\354)\tf\006\357\205B<h\272GQ \344\262\236\025#\003\024&\310\034\352\376\326""; nodeIDs: ""\000\000\000\000\000\000\000\000\000\000\000\000\000\000\000\000\000\000\000\000\000\000\000\000\000\000\000\000\000\000\000\000\000""; queryDepth: 3; "
1750527548828,1750527548828,860,1,1,0,TMLedgerData,"ledgerHash: ""\363\262\310\025\251\261\276X\247\260J\221\345\357\037\231)|\321K\000\\326E\004\377\005\255""A?\250""; ledgerSeq: 0; type: liTS_CANDIDATE; nodes {;   nodedata: ""MJ\275'\324\005\036\313\204nW\300\362\327\016\205\236\021\351Q6\021\355\301\372\322\276g\026\243\361M\004\003"";   nodeid: ""\000\000\000\000\000\000\000\000\000\000\000\000\000\000\000\000\000\000\000\000\000\000\000\000\000\000\000\000\000\000\000\000\000""; }; ","ledgerHash: ""\363\262\310\025\251\261\276X\247\260J\221\345\357\037\231)|\321K\000\\326E\004\377\005\255""A?\250""; ledgerSeq: 0; type: liTS_CANDIDATE; nodes {;   nodedata: ""MJ\275'\324\005\036\313\204nW\300\362\327\016\205\236\021\351Q6\021\355\301\372\322\276g\026\243\361M\004\003"";   nodeid: ""\000\000\000\000\000\000\000\000\000\000\000\000\000\000\000\000\000\000\000\000\000\000\000\000\000\000\000\000\000\000\000\000\000""; }; "
1750527548869,1750527548869,3719,1,2,4,TMGetLedger,"itype: liTX_NODE; ledgerHash: ""\033@\177e\277\016\010u\327\371&\262\312\317Q\2361t\377x\234\001v\003%\030\325_\225g\204\346""; ledgerSeq: 7; nodeIDs: ""@\000\000\000\000\000\000\000\000\000\000\000\000\000\000\000\000\000\000\000\000\000\000\000\000\000\000\000\000\000\000\000\001""; queryType: qtINDIRECT; queryDepth: 1; ","itype: liTX_NODE; ledgerHash: ""\033@\177e\277\016\010u\327\371&\262\312\317Q\2361t\377x\234\001v\003%\030\325_\225g\204\346""; ledgerSeq: 7; nodeIDs: ""@\000\000\000\000\000\000\000\000\000\000\000\000\000\000\000\000\000\000\000\000\000\000\000\000\000\000\000\000\000\000\000\001""; queryType: qtINDIRECT; queryDepth: 1; "
1750527548892,1750527548892,3810,1,1,4,TMGetLedger,"itype: liAS_NODE; ledgerHash: ""\033@\177e\277\016\010u\327\371&\262\312\317Q\2361t\377x\234\001v\003%\030\325_\225g\204\346""; ledgerSeq: 7; nodeIDs: ""`\000\000\000\000\000\000\000\000\000\000\000\000\000\000\000\000\000\000\000\000\000\000\000\000\000\000\000\000\000\000\000\001""; nodeIDs: ""\020\000\000\000\000\000\000\000\000\000\000\000\000\000\000\000\000\000\000\000\000\000\000\000\000\000\000\000\000\000\000\000\001""; requestCookie: 3; queryType: qtINDIRECT; queryDepth: 0; ","itype: liAS_NODE; ledgerHash: ""\033@\177e\277\016\010u\327\371&\262\312\317Q\2361t\377x\234\001v\003%\030\325_\225g\204\346""; ledgerSeq: 7; nodeIDs: ""`\000\000\000\000\000\000\000\000\000\000\000\000\000\000\000\000\000\000\000\000\000\000\000\000\000\000\000\000\000\000\000\001""; nodeIDs: ""\020\000\000\000\000\000\000\000\000\000\000\000\000\000\000\000\000\000\000\000\000\000\000\000\000\000\000\000\000\000\000\000\001""; requestCookie: 3; queryType: qtINDIRECT; queryDepth: 0; "
1750527548892,1750527548892,1665,1,2,3,TMLedgerData,"ledgerHash: ""\356\316\306(\314\366\340SA\320e\361\337A\350+\342\334{eBV\360\354\225)\263\237~v\236}""; ledgerSeq: 0; type: liTS_CANDIDATE; nodes {;   nodedata: ""\216b\024\334gS\347X\272b\322\267\303L\230\361n\036 \270-E\361}\351O\347\233\337\314!\215\010\003"";   nodeid: ""\000\000\000\000\000\000\000\000\000\000\000\000\000\000\000\000\000\000\000\000\000\000\000\000\000\000\000\000\000\000\000\000\000""; }; requestCookie: 2; ","ledgerHash: ""\356\316\306(\314\366\340SA\320e\361\337A\350+\342\334{eBV\360\354\225)\263\237~v\236}""; ledgerSeq: 0; type: liTS_CANDIDATE; nodes {;   nodedata: ""\216b\024\334gS\347X\272b\322\267\303L\230\361n\036 \270-E\361}\351O\347\233\337\314!\215\010\003"";   nodeid: ""\000\000\000\000\000\000\000\000\000\000\000\000\000\000\000\000\000\000\000\000\000\000\000\000\000\000\000\000\000\000\000\000\000""; }; requestCookie: 2; "
1750527548941,1750527548941,1813,1,3,1,TMLedgerData,"ledgerHash: ""\033@\177e\277\016\010u\327\371&\262\312\317Q\2361t\377x\234\001v\003%\030\325_\225g\204\346""; ledgerSeq: 7; type: liBASE; nodes {;   nodedata: ""\000\000\000\007\001cEx]\211\377\330\360\215\2502\265\245\310\226\243c\302Ze\306\253#r\020\211\320iG\276\020E\317\035Sf\223F\254\002\370\316\212^2r\204\377\207q\251\315\325\027st\315\275D\367""\312l\350\374\304zy\305\007\340\030\220\357M\025\212p\\332\356\317\346Z\350r\255\236\025^\210\375\243\353\025X\213xq\220$\254,/\351\252\253/\351\252\264\n\000""; }; nodes {;   nodedata: ""\323C\344\327\264{\312-\017:\006{\177\344N\002\326bO\260\220\006\033\362\345\005U\221DzJ0\001\301\025%1L\307\t\261\262z\374\222T\301\274V\236\223\262\270Ct\362\337b\356\024*\324\320\351\317\002k\336\234\027v\351\217\260\303\360\233ZPZWr\246$w\313\313\r\243r\232\2234\373\3539:N\004Q\245\272D\312D\300\300\t\323\0257\345e\271\na\215{\226\255x%T\257\037\333\004\344_/R\006E\344\037@\210\363\010\336T\226\247'\204_{\261\370""1\235\2445\343\033Y!\212\201\341\272\225'\007Z\314\023h\n\020~\036\324P\254\001\274\227n\020\273\023\010\nq\216Z\344\004\3612B\205\257\335\036\013\003""; }; nodes {;   nodedata: ""o\324D\221#\020\205W\305\353\227hj\364\005l\234.@%-\272\034\327\352\rf\2573\006\026\236\004\003""; }; requestCookie: 2; ","ledgerHash: ""\033@\177e\277\016\010u\327\371&\262\312\317Q\2361t\377x\234\001v\003%\030\325_\225g\204\346""; ledgerSeq: 7; type: liBASE; nodes {;   nodedata: ""\000\000\000\007\001cEx]\211\377\330\360\215\2502\265\245\310\226\243c\302Ze\306\253#r\020\211\320iG\276\020E\317\035Sf\223F\254\002\370\316\212^2r\204\377\207q\251\315\325\027st\315\275D\367""\312l\350\374\304zy\305\007\340\030\220\357M\025\212p\\332\356\317\346Z\350r\255\236\025^\210\375\243\353\025X\213xq\220$\254,/\351\252\253/\351\252\264\n\000""; }; nodes {;   nodedata: ""\323C\344\327\264{\312-\017:\006{\177\344N\002\326bO\260\220\006\033\362\345\005U\221DzJ0\001\301\025%1L\307\t\261\262z\374\222T\301\274V\236\223\262\270Ct\362\337b\356\024*\324\320\351\317\002k\336\234\027v\351\217\260\303\360\233ZPZWr\246$w\313\313\r\243r\232\2234\373\3539:N\004Q\245\272D\312D\300\300\t\323\0257\345e\271\na\215{\226\255x%T\257\037\333\004\344_/R\006E\344\037@\210\363\010\336T\226\247'\204_{\261\370""1\235\2445\343\033Y!\212\201\341\272\225'\007Z\314\023h\n\020~\036\324P\254\001\274\227n\020\273\023\010\nq\216Z\344\004\3612B\205\257\335\036\013\003""; }; nodes {;   nodedata: ""o\324D\221#\020\205W\305\353\227hj\364\005l\234.@%-\272\034\327\352\rf\2573\006\026\236\004\003""; }; requestCookie: 2; "
1750527548982,1750527548982,2101,1,4,1,TMGetLedger,"itype: liAS_NODE; ledgerHash: ""\326+\03569g\235`}\354\203s\003\217_Vf \233\324\237yU<\242:Zr\321\340\201]""; ledgerSeq: 7; nodeIDs: ""@\000\000\000\000\000\000\000\000\000\000\000\000\000\000\000\000\000\000\000\000\000\000\000\000\000\000\000\000\000\000\000\001""; nodeIDs: ""`\000\000\000\000\000\000\000\000\000\000\000\000\000\000\000\000\000\000\000\000\000\000\000\000\000\000\000\000\000\000\000\001""; requestCookie: 4; queryType: qtINDIRECT; queryDepth: 0; ","itype: liAS_NODE; ledgerHash: ""\326+\03569g\235`}\354\203s\003\217_Vf \233\324\237yU<\242:Zr\321\340\201]""; ledgerSeq: 7; nodeIDs: ""@\000\000\000\000\000\000\000\000\000\000\000\000\000\000\000\000\000\000\000\000\000\000\000\000\000\000\000\000\000\000\000\001""; nodeIDs: ""`\000\000\000\000\000\000\000\000\000\000\000\000\000\000\000\000\000\000\000\000\000\000\000\000\000\000\000\000\000\000\000\001""; requestCookie: 4; queryType: qtINDIRECT; queryDepth: 0; "
1750527549005,1750527549005,1996,1,0,4,TMLedgerData,"ledgerHash: ""\326+\03569g\235`}\354\203s\003\217_Vf \233\324\237yU<\242:Zr\321\340\201]""; ledgerSeq: 7; type: liBASE; nodes {;   nodedata: ""\000\000\000\007\001cEx]\211\377\330\360\215\2502\265\245\310\226\243c\302Ze\306\253#r\020\211\320iG\276\020E\317\035Sf\223F\254\020N |\264\023\251\372`\001\r\225\217P\243\370m\037op\306\025\027\013\002\257\266J\025/\3729\220\014>4\264\253\207\255\233\\356\277\340\345\017\323\341\201\004TK\004\373\204\253\204\240\3155\357\026\353/\351\252\253/\351\252\264\n\000""; }; nodes {;   nodedata: ""\341\035\262xv\226\317f5\366\365\252a\177\355\302\326\t\222~j\320f\374/ \363\256\257\361 \303\001\301\025%1L\307\t\261\262z\374\222T\301\274V\236\223\262\270Ct\362\337b\356\024*\324\320\351\317\002,\377\251Q\263\245*\373\267\332I\261\001\251N\313Su!\333\331\260|\312%\271\263\267\320\313\036\303\004\330\210a4\256y^267\344\320H\t\331\316{n\002q\260\017U_\270\321B\024U\313\2054\006E\344\037@\210\363\010\336T\226\247'\204_{\261\370""1\235\2445\343\033Y!\212\201\341\272\225'\007Z\314\023h\n\020~\036\324P\254\001\274\227n\020\273\023\010\nq\216Z\344\004\3612B\205\257\335\036\013\003""; }; nodes {;   nodedata: ""\233\330\223\352\3012\234}\322\031(\362*;JR3m]\203<\234\204jiO\033\304\322\017\232\202\n\003""; }; ","ledgerHash: ""\326+\03569g\235`}\354\203s\003\217_Vf \233\324\237yU<\242:Zr\321\340\201]""; ledgerSeq: 7; type: liBASE; nodes {;   nodedata: ""\000\000\000\007\001cEx]\211\377\330\360\215\2502\265\245\310\226\243c\302Ze\306\253#r\020\211\320iG\276\020E\317\035Sf\223F\254\020N |\264\023\251\372`\001\r\225\217P\243\370m\037op\306\025\027\013\002\257\266J\025/\3729\220\014>4\264\253\207\255\233\\356\277\340\345\017\323\341\201\004TK\004\373\204\253\204\240\3155\357\026\353/\351\252\253/\351\252\264\n\000""; }; nodes {;   nodedata: ""\341\035\262xv\226\317f5\366\365\252a\177\355\302\326\t\222~j\320f\374/ \363\256\257\361 \303\001\301\025%1L\307\t\261\262z\374\222T\301\274V\236\223\262\270Ct\362\337b\356\024*\324\320\351\317\002,\377\251Q\263\245*\373\267\332I\261\001\251N\313Su!\333\331\260|\312%\271\263\267\320\313\036\303\004\330\210a4\256y^267\344\320H\t\331\316{n\002q\260\017U_\270\321B\024U\313\2054\006E\344\037@\210\363\010\336T\226\247'\204_{\261\370""1\235\2445\343\033Y!\212\201\341\272\225'\007Z\314\023h\n\020~\036\324P\254\001\274\227n\020\273\023\010\nq\216Z\344\004\3612B\205\257\335\036\013\003""; }; nodes {;   nodedata: ""\233\330\223\352\3012\234}\322\031(\362*;JR3m]\203<\234\204jiO\033\304\322\017\232\202\n\003""; }; "
1750527549021,1750527549021,589,1,2,0,TMGetLedger,"itype: liTS_CANDIDATE; ledgerHash: ""3\321\n7\354)\tf\006\357\205B<h\272GQ \344\262\236\025#\003\024&\310\034\352\376\326""; nodeIDs: ""\000\000\000\000\000\000\000\000\000\000\000\000\000\000\000\000\000\000\000\000\000\000\000\000\000\000\000\000\000\000\000\000\000""; queryType: qtINDIRECT; queryDepth: 3; ","itype: liTS_CANDIDATE; ledgerHash: ""3\321\n7\354)\tf\006\357\205B<h\272GQ \344\262\236\025#\003\024&\310\034\352\376\326""; nodeIDs: ""\000\000\000\000\000\000\000\000\000\000\000\000\000\000\000\000\000\000\000\000\000\000\000\000\000\000\000\000\000\000\000\000\000""; queryType: qtINDIRECT; queryDepth: 3; "
1750527549054,1750527549055,1150,1,3,4,TMLedgerData,"ledgerHash: ""\326+\03569g\235`}\354\203s\003\217_Vf \233\324\237yU<\242:Zr\321\340\201]""; ledgerSeq: 7; type: liBASE; nodes {;   nodedata: ""\000\000\000\007\001cEx]\211\377\330\360\215\2502\265\245\310\226\243c\302Ze\306\253#r\020\211\320iG\276\020E\317\035Sf\223F\254\020N |\264\023\251\372`\001\r\225\217P\243\370m\037op\306\025\027\013\002\257\266J\025/\3729\220\014>4\264\253\207\255\233\\356\277\340\345\017\323\341\201\004TK\004\373\204\253\204\240\3155\357\026\353/\351\252\253/\351\252\264\n\000""; }; nodes {;   nodedata: ""\341\035\262xv\226\317f5\366\365\252a\177\355\302\326\t\222~j\320f\374/ \363\256\257\361 \303\001\301\025%1L\307\t\261\262z\374\222T\301\274V\236\223\262\270Ct\362\337b\356\024*\324\320\351\317\002,\377\251Q\263\245*\373\267\332I\261\001\251N\313Su!\333\331\260|\312%\271\263\267\320\313\036\303\004\330\210a4\256y^267\344\320H\t\331\316{n\002q\260\017U_\270\321B\024U\313\2054\006E\344\037@\210\363\010\336T\226\247'\204_{\261\370""1\235\2445\343\033Y!\212\201\341\272\225'\007Z\314\023h\n\020~\036\324P\254\001\274\227n\020\273\023\010\nq\216Z\344\004\3612B\205\257\335\036\013\003""; }; nodes {;   nodedata: ""\233\330\223\352\3012\234}\322\031(\362*;JR3m]\203<\234\204jiO\033\304\322\017\232\202\n\003""; }; ","ledgerHash: ""\326+\03569g\235`}\354\203s\003\217_Vf \233\324\237yU<\242:Zr\321\340\201]""; ledgerSeq: 7; type: liBASE; nodes {;   nodedata: ""\000\000\000\007\001cEx]\211\377\330\360\215\2502\265\245\310\226\243c\302Ze\306\253#r\020\211\320iG\276\020E\317\035Sf\223F\254\020N |\264\023\251\372`\001\r\225\217P\243\370m\037op\306\025\027\013\002\257\266J\025/\3729\220\014>4\264\253\207\255\233\\356\277\340\345\017\323\341\201\004TK\004\373\204\253\204\240\3155\357\026\353/\351\252\253/\351\252\264\n\000""; }; nodes {;   nodedata: ""\341\035\262xv\226\317f5\366\365\252a\177\355\302\326\t\222~j\320f\374/ \363\256\257\361 \303\001\301\025%1L\307\t\261\262z\374\222T\301\274V\236\223\262\270Ct\362\337b\356\024*\324\320\351\317\002,\377\251Q\263\245*\373\267\332I\261\001\251N\313Su!\333\331\260|\312%\271\263\267\320\313\036\303\004\330\210a4\256y^267\344\320H\t\331\316{n\002q\260\017U_\270\321B\024U\313\2054\006E\344\037@\210\363\010\336T\226\247'\204_{\261\370""1\235\2445\343\033Y!\212\201\341\272\225'\007Z\314\023h\n\020~\036\324P\254\001\274\227n\020\273\023\010\nq\216Z\344\004\3612B\205\257\335\036\013\003""; }; nodes {;   nodedata: ""\233\330\223\352\3012\234}\322\031(\362*;JR3m]\203<\234\204jiO\033\304\322\017\232\202\n\003""; }; "
1750527549092,1750527549092,612,1,2,0,TMLedgerData,"ledgerHash: ""\363\262\310\025\251\261\276X\247\260J\221\345\357\037\231)|\321K\000\\326E\004\377\005\255""A?\250""; ledgerSeq: 0; type: liTS_CANDIDATE; nodes {;   nodedata: ""MJ\275'\324\005\036\313\204nW\300\362\327\016\205\236\021\351Q6\021\355\301\372\322\276g\026\243\361M\004\003"";   nodeid: ""\000\000\000\000\000\000\000\000\000\000\000\000\000\000\000\000\000\000\000\000\000\000\000\000\000\000\000\000\000\000\000\000\000""; }; ","ledgerHash: ""\363\262\310\025\251\261\276X\247\260J\221\345\357\037\231)|\321K\000\\326E\004\377\005\255""A?\250""; ledgerSeq: 0; type: liTS_CANDIDATE; nodes {;   nodedata: ""MJ\275'\324\005\036\313\204nW\300\362\327\016\205\236\021\351Q6\021\355\301\372\322\276g\026\243\361M\004\003"";   nodeid: ""\000\000\000\000\000\000\000\000\000\000\000\000\000\000\000\000\000\000\000\000\000\000\000\000\000\000\000\000\000\000\000\000\000""; }; "
1750527549094,1750527549094,3375,1,0,1,TMGetLedger,"itype: liAS_NODE; ledgerHash: ""\326+\03569g\235`}\354\203s\003\217_Vf \233\324\237yU<\242:Zr\321\340\201]""; ledgerSeq: 7; nodeIDs: ""@\000\000\000\000\000\000\000\000\000\000\000\000\000\000\000\000\000\000\000\000\000\000\000\000\000\000\000\000\000\000\000\001""; nodeIDs: ""`\000\000\000\000\000\000\000\000\000\000\000\000\000\000\000\000\000\000\000\000\000\000\000\000\000\000\000\000\000\000\000\001""; requestCookie: 4; queryType: qtINDIRECT; queryDepth: 0; ","itype: liAS_NODE; ledgerHash: ""\326+\03569g\235`}\354\203s\003\217_Vf \233\324\237yU<\242:Zr\321\340\201]""; ledgerSeq: 7; nodeIDs: ""@\000\000\000\000\000\000\000\000\000\000\000\000\000\000\000\000\000\000\000\000\000\000\000\000\000\000\000\000\000\000\000\001""; nodeIDs: ""`\000\000\000\000\000\000\000\000\000\000\000\000\000\000\000\000\000\000\000\000\000\000\000\000\000\000\000\000\000\000\000\001""; requestCookie: 4; queryType: qtINDIRECT; queryDepth: 0; "
1750527549144,1750527549144,1665,1,2,3,TMLedgerData,"ledgerHash: ""\356\316\306(\314\366\340SA\320e\361\337A\350+\342\334{eBV\360\354\225)\263\237~v\236}""; ledgerSeq: 0; type: liTS_CANDIDATE; nodes {;   nodedata: ""\216b\024\334gS\347X\272b\322\267\303L\230\361n\036 \270-E\361}\351O\347\233\337\314!\215\010\003"";   nodeid: ""\000\000\000\000\000\000\000\000\000\000\000\000\000\000\000\000\000\000\000\000\000\000\000\000\000\000\000\000\000\000\000\000\000""; }; requestCookie: 2; ","ledgerHash: ""\356\316\306(\314\366\340SA\320e\361\337A\350+\342\334{eBV\360\354\225)\263\237~v\236}""; ledgerSeq: 0; type: liTS_CANDIDATE; nodes {;   nodedata: ""\216b\024\334gS\347X\272b\322\267\303L\230\361n\036 \270-E\361}\351O\347\233\337\314!\215\010\003"";   nodeid: ""\000\000\000\000\000\000\000\000\000\000\000\000\000\000\000\000\000\000\000\000\000\000\000\000\000\000\000\000\000\000\000\000\000""; }; requestCookie: 2; "
1750527549144,1750527549144,860,1,1,0,TMLedgerData,"ledgerHash: ""\356\316\306(\314\366\340SA\320e\361\337A\350+\342\334{eBV\360\354\225)\263\237~v\236}""; ledgerSeq: 0; type: liTS_CANDIDATE; nodes {;   nodedata: ""\216b\024\334gS\347X\272b\322\267\303L\230\361n\036 \270-E\361}\351O\347\233\337\314!\215\010\003"";   nodeid: ""\000\000\000\000\000\000\000\000\000\000\000\000\000\000\000\000\000\000\000\000\000\000\000\000\000\000\000\000\000\000\000\000\000""; }; ","ledgerHash: ""\356\316\306(\314\366\340SA\320e\361\337A\350+\342\334{eBV\360\354\225)\263\237~v\236}""; ledgerSeq: 0; type: liTS_CANDIDATE; nodes {;   nodedata: ""\216b\024\334gS\347X\272b\322\267\303L\230\361n\036 \270-E\361}\351O\347\233\337\314!\215\010\003"";   nodeid: ""\000\000\000\000\000\000\000\000\000\000\000\000\000\000\000\000\000\000\000\000\000\000\000\000\000\000\000\000\000\000\000\000\000""; }; "
1750527549145,1750527549145,3085,1,3,0,TMLedgerData,"ledgerHash: ""\341\310\354\0213\033\013\350\207z\236R(|z&\034\335\266\323\356\205\273DV\210\254\213T\rZ\347""; ledgerSeq: 0; type: liTS_CANDIDATE; nodes {;   nodedata: ""\256\322m\2146\221\305\341\316\031h?\276\005\207\253\236\tL;\371W\315\233X\345O\203\332\240\005\360\n\003"";   nodeid: ""\000\000\000\000\000\000\000\000\000\000\000\000\000\000\000\000\000\000\000\000\000\000\000\000\000\000\000\000\000\000\000\000\000""; }; ","ledgerHash: ""\341\310\354\0213\033\013\350\207z\236R(|z&\034\335\266\323\356\205\273DV\210\254\213T\rZ\347""; ledgerSeq: 0; type: liTS_CANDIDATE; nodes {;   nodedata: ""\256\322m\2146\221\305\341\316\031h?\276\005\207\253\236\tL;\371W\315\233X\345O\203\332\240\005\360\n\003"";   nodeid: ""\000\000\000\000\000\000\000\000\000\000\000\000\000\000\000\000\000\000\000\000\000\000\000\000\000\000\000\000\000\000\000\000\000""; }; "
1750527549185,1750527549185,4000,1,2,3,TMGetLedger,"itype: liAS_NODE; ledgerHash: ""\033@\177e\277\016\010u\327\371&\262\312\317Q\2361t\377x\234\001v\003%\030\325_\225g\204\346""; ledgerSeq: 7; nodeIDs: ""`\000\000\000\000\000\000\000\000\000\000\000\000\000\000\000\000\000\000\000\000\000\000\000\000\000\000\000\000\000\000\000\001""; nodeIDs: ""\020\000\000\000\000\000\000\000\000\000\000\000\000\000\000\000\000\000\000\000\000\000\000\000\000\000\000\000\000\000\000\000\001""; requestCookie: 3; queryType: qtINDIRECT; queryDepth: 0; ","itype: liAS_NODE; ledgerHash: ""\033@\177e\277\016\010u\327\371&\262\312\317Q\2361t\377x\234\001v\003%\030\325_\225g\204\346""; ledgerSeq: 7; nodeIDs: ""`\000\000\000\000\000\000\000\000\000\000\000\000\000\000\000\000\000\000\000\000\000\000\000\000\000\000\000\000\000\000\000\001""; nodeIDs: ""\020\000\000\000\000\000\000\000\000\000\000\000\000\000\000\000\000\000\000\000\000\000\000\000\000\000\000\000\000\000\000\000\001""; requestCookie: 3; queryType: qtINDIRECT; queryDepth: 0; "
1750527549200,1750527549200,860,1,1,0,TMLedgerData,"ledgerHash: ""\363\262\310\025\251\261\276X\247\260J\221\345\357\037\231)|\321K\000\\326E\004\377\005\255""A?\250""; ledgerSeq: 0; type: liTS_CANDIDATE; nodes {;   nodedata: ""MJ\275'\324\005\036\313\204nW\300\362\327\016\205\236\021\351Q6\021\355\301\372\322\276g\026\243\361M\004\003"";   nodeid: ""\000\000\000\000\000\000\000\000\000\000\000\000\000\000\000\000\000\000\000\000\000\000\000\000\000\000\000\000\000\000\000\000\000""; }; ","ledgerHash: ""\363\262\310\025\251\261\276X\247\260J\221\345\357\037\231)|\321K\000\\326E\004\377\005\255""A?\250""; ledgerSeq: 0; type: liTS_CANDIDATE; nodes {;   nodedata: ""MJ\275'\324\005\036\313\204nW\300\362\327\016\205\236\021\351Q6\021\355\301\372\322\276g\026\243\361M\004\003"";   nodeid: ""\000\000\000\000\000\000\000\000\000\000\000\000\000\000\000\000\000\000\000\000\000\000\000\000\000\000\000\000\000\000\000\000\000""; }; "
1750527549218,1750527549218,1539,1,4,2,TMLedgerData,"ledgerHash: ""\326+\03569g\235`}\354\203s\003\217_Vf \233\324\237yU<\242:Zr\321\340\201]""; ledgerSeq: 7; type: liBASE; nodes {;   nodedata: ""\000\000\000\007\001cEx]\211\377\330\360\215\2502\265\245\310\226\243c\302Ze\306\253#r\020\211\320iG\276\020E\317\035Sf\223F\254\020N |\264\023\251\372`\001\r\225\217P\243\370m\037op\306\025\027\013\002\257\266J\025/\3729\220\014>4\264\253\207\255\233\\356\277\340\345\017\323\341\201\004TK\004\373\204\253\204\240\3155\357\026\353/\351\252\253/\351\252\264\n\000""; }; nodes {;   nodedata: ""\341\035\262xv\226\317f5\366\365\252a\177\355\302\326\t\222~j\320f\374/ \363\256\257\361 \303\001\301\025%1L\307\t\261\262z\374\222T\301\274V\236\223\262\270Ct\362\337b\356\024*\324\320\351\317\002,\377\251Q\263\245*\373\267\332I\261\001\251N\313Su!\333\331\260|\312%\271\263\267\320\313\036\303\004\330\210a4\256y^267\344\320H\t\331\316{n\002q\260\017U_\270\321B\024U\313\2054\006E\344\037@\210\363\010\336T\226\247'\204_{\261\370""1\235\2445\343\033Y!\212\201\341\272\225'\007Z\314\023h\n\020~\036\324P\254\001\274\227n\020\273\023\010\nq\216Z\344\004\3612B\205\257\335\036\013\003""; }; nodes {;   nodedata: ""\233\330\223\352\3012\234}\322\031(\362*;JR3m]\203<\234\204jiO\033\304\322\017\232\202\n\003""; }; ","ledgerHash: ""\326+\03569g\235`}\354\203s\003\217_Vf \233\324\237yU<\242:Zr\321\340\201]""; ledgerSeq: 7; type: liBASE; nodes {;   nodedata: ""\000\000\000\007\001cEx]\211\377\330\360\215\2502\265\245\310\226\243c\302Ze\306\253#r\020\211\320iG\276\020E\317\035Sf\223F\254\020N |\264\023\251\372`\001\r\225\217P\243\370m\037op\306\025\027\013\002\257\266J\025/\3729\220\014>4\264\253\207\255\233\\356\277\340\345\017\323\341\201\004TK\004\373\204\253\204\240\3155\357\026\353/\351\252\253/\351\252\264\n\000""; }; nodes {;   nodedata: ""\341\035\262xv\226\317f5\366\365\252a\177\355\302\326\t\222~j\320f\374/ \363\256\257\361 \303\001\301\025%1L\307\t\261\262z\374\222T\301\274V\236\223\262\270Ct\362\337b\356\024*\324\320\351\317\002,\377\251Q\263\245*\373\267\332I\261\001\251N\313Su!\333\331\260|\312%\271\263\267\320\313\036\303\004\330\210a4\256y^267\344\320H\t\331\316{n\002q\260\017U_\270\321B\024U\313\2054\006E\344\037@\210\363\010\336T\226\247'\204_{\261\370""1\235\2445\343\033Y!\212\201\341\272\225'\007Z\314\023h\n\020~\036\324P\254\001\274\227n\020\273\023\010\nq\216Z\344\004\3612B\205\257\335\036\013\003""; }; nodes {;   nodedata: ""\233\330\223\352\3012\234}\322\031(\362*;JR3m]\203<\234\204jiO\033\304\322\017\232\202\n\003""; }; "
1750527549271,1750527549271,1544,1,2,1,TMGetLedger,"itype: liTS_CANDIDATE; ledgerHash: ""3\321\n7\354)\tf\006\357\205B<h\272GQ \344\262\236\025#\003\024&\310\034\352\376\326""; nodeIDs: ""\000\000\000\000\000\000\000\000\000\000\000\000\000\000\000\000\000\000\000\000\000\000\000\000\000\000\000\000\000\000\000\000\000""; queryType: qtINDIRECT; queryDepth: 3; ","itype: liTS_CANDIDATE; ledgerHash: ""3\321\n7\354)\tf\006\357\205B<h\272GQ \344\262\236\025#\003\024&\310\034\352\376\326""; nodeIDs: ""\000\000\000\000\000\000\000\000\000\000\000\000\000\000\000\000\000\000\000\000\000\000\000\000\000\000\000\000\000\000\000\000\000""; queryType: qtINDIRECT; queryDepth: 3; "
1750527549328,1750527549328,860,1,1,0,TMLedgerData,"ledgerHash: ""\363\262\310\025\251\261\276X\247\260J\221\345\357\037\231)|\321K\000\\326E\004\377\005\255""A?\250""; ledgerSeq: 0; type: liTS_CANDIDATE; nodes {;   nodedata: ""MJ\275'\324\005\036\313\204nW\300\362\327\016\205\236\021\351Q6\021\355\301\372\322\276g\026\243\361M\004\003"";   nodeid: ""\000\000\000\000\000\000\000\000\000\000\000\000\000\000\000\000\000\000\000\000\000\000\000\000\000\000\000\000\000\000\000\000\000""; }; ","ledgerHash: ""\363\262\310\025\251\261\276X\247\260J\221\345\357\037\231)|\321K\000\\326E\004\377\005\255""A?\250""; ledgerSeq: 0; type: liTS_CANDIDATE; nodes {;   nodedata: ""MJ\275'\324\005\036\313\204nW\300\362\327\016\205\236\021\351Q6\021\355\301\372\322\276g\026\243\361M\004\003"";   nodeid: ""\000\000\000\000\000\000\000\000\000\000\000\000\000\000\000\000\000\000\000\000\000\000\000\000\000\000\000\000\000\000\000\000\000""; }; "
1750527549394,1750527549394,1665,1,2,3,TMLedgerData,"ledgerHash: ""\356\316\306(\314\366\340SA\320e\361\337A\350+\342\334{eBV\360\354\225)\263\237~v\236}""; ledgerSeq: 0; type: liTS_CANDIDATE; nodes {;   nodedata: ""\216b\024\334gS\347X\272b\322\267\303L\230\361n\036 \270-E\361}\351O\347\233\337\314!\215\010\003"";   nodeid: ""\000\000\000\000\000\000\000\000\000\000\000\000\000\000\000\000\000\000\000\000\000\000\000\000\000\000\000\000\000\000\000\000\000""; }; requestCookie: 2; ","ledgerHash: ""\356\316\306(\314\366\340SA\320e\361\337A\350+\342\334{eBV\360\354\225)\263\237~v\236}""; ledgerSeq: 0; type: liTS_CANDIDATE; nodes {;   nodedata: ""\216b\024\334gS\347X\272b\322\267\303L\230\361n\036 \270-E\361}\351O\347\233\337\314!\215\010\003"";   nodeid: ""\000\000\000\000\000\000\000\000\000\000\000\000\000\000\000\000\000\000\000\000\000\000\000\000\000\000\000\000\000\000\000\000\000""; }; requestCookie: 2; "
1750527549398,1750527549398,860,1,1,0,TMLedgerData,"ledgerHash: ""\356\316\306(\314\366\340SA\320e\361\337A\350+\342\334{eBV\360\354\225)\263\237~v\236}""; ledgerSeq: 0; type: liTS_CANDIDATE; nodes {;   nodedata: ""\216b\024\334gS\347X\272b\322\267\303L\230\361n\036 \270-E\361}\351O\347\233\337\314!\215\010\003"";   nodeid: ""\000\000\000\000\000\000\000\000\000\000\000\000\000\000\000\000\000\000\000\000\000\000\000\000\000\000\000\000\000\000\000\000\000""; }; ","ledgerHash: ""\356\316\306(\314\366\340SA\320e\361\337A\350+\342\334{eBV\360\354\225)\263\237~v\236}""; ledgerSeq: 0; type: liTS_CANDIDATE; nodes {;   nodedata: ""\216b\024\334gS\347X\272b\322\267\303L\230\361n\036 \270-E\361}\351O\347\233\337\314!\215\010\003"";   nodeid: ""\000\000\000\000\000\000\000\000\000\000\000\000\000\000\000\000\000\000\000\000\000\000\000\000\000\000\000\000\000\000\000\000\000""; }; "
1750527549455,1750527549455,2523,1,3,2,TMLedgerData,"ledgerHash: ""\341\310\354\0213\033\013\350\207z\236R(|z&\034\335\266\323\356\205\273DV\210\254\213T\rZ\347""; ledgerSeq: 0; type: liTS_CANDIDATE; nodes {;   nodedata: ""\256\322m\2146\221\305\341\316\031h?\276\005\207\253\236\tL;\371W\315\233X\345O\203\332\240\005\360\n\003"";   nodeid: ""\000\000\000\000\000\000\000\000\000\000\000\000\000\000\000\000\000\000\000\000\000\000\000\000\000\000\000\000\000\000\000\000\000""; }; ","ledgerHash: ""\341\310\354\0213\033\013\350\207z\236R(|z&\034\335\266\323\356\205\273DV\210\254\213T\rZ\347""; ledgerSeq: 0; type: liTS_CANDIDATE; nodes {;   nodedata: ""\256\322m\2146\221\305\341\316\031h?\276\005\207\253\236\tL;\371W\315\233X\345O\203\332\240\005\360\n\003"";   nodeid: ""\000\000\000\000\000\000\000\000\000\000\000\000\000\000\000\000\000\000\000\000\000\000\000\000\000\000\000\000\000\000\000\000\000""; }; "
1750527549519,1750527549520,612,1,2,0,TMLedgerData,"ledgerHash: ""\033@\177e\277\016\010u\327\371&\262\312\317Q\2361t\377x\234\001v\003%\030\325_\225g\204\346""; ledgerSeq: 7; type: liBASE; nodes {;   nodedata: ""\000\000\000\007\001cEx]\211\377\330\360\215\2502\265\245\310\226\243c\302Ze\306\253#r\020\211\320iG\276\020E\317\035Sf\223F\254\002\370\316\212^2r\204\377\207q\251\315\325\027st\315\275D\367""\312l\350\374\304zy\305\007\340\030\220\357M\025\212p\\332\356\317\346Z\350r\255\236\025^\210\375\243\353\025X\213xq\220$\254,/\351\252\253/\351\252\264\n\000""; }; nodes {;   nodedata: ""\323C\344\327\264{\312-\017:\006{\177\344N\002\326bO\260\220\006\033\362\345\005U\221DzJ0\001\301\025%1L\307\t\261\262z\374\222T\301\274V\236\223\262\270Ct\362\337b\356\024*\324\320\351\317\002k\336\234\027v\351\217\260\303\360\233ZPZWr\246$w\313\313\r\243r\232\2234\373\3539:N\004Q\245\272D\312D\300\300\t\323\0257\345e\271\na\215{\226\255x%T\257\037\333\004\344_/R\006E\344\037@\210\363\010\336T\226\247'\204_{\261\370""1\235\2445\343\033Y!\212\201\341\272\225'\007Z\314\023h\n\020~\036\324P\254\001\274\227n\020\273\023\010\nq\216Z\344\004\3612B\205\257\335\036\013\003""; }; nodes {;   nodedata: ""o\324D\221#\020\205W\305\353\227hj\364\005l\234.@%-\272\034\327\352\rf\2573\006\026\236\004\003""; }; ","ledgerHash: ""\033@\177e\277\016\010u\327\371&\262\312\317Q\2361t\377x\234\001v\003%\030\325_\225g\204\346""; ledgerSeq: 7; type: liBASE; nodes {;   nodedata: ""\000\000\000\007\001cEx]\211\377\330\360\215\2502\265\245\310\226\243c\302Ze\306\253#r\020\211\320iG\276\020E\317\035Sf\223F\254\002\370\316\212^2r\204\377\207q\251\315\325\027st\315\275D\367""\312l\350\374\304zy\305\007\340\030\220\357M\025\212p\\332\356\317\346Z\350r\255\236\025^\210\375\243\353\025X\213xq\220$\254,/\351\252\253/\351\252\264\n\000""; }; nodes {;   nodedata: ""\323C\344\327\264{\312-\017:\006{\177\344N\002\326bO\260\220\006\033\362\345\005U\221DzJ0\001\301\025%1L\307\t\261\262z\374\222T\301\274V\236\223\262\270Ct\362\337b\356\024*\324\320\351\317\002k\336\234\027v\351\217\260\303\360\233ZPZWr\246$w\313\313\r\243r\232\2234\373\3539:N\004Q\245\272D\312D\300\300\t\323\0257\345e\271\na\215{\226\255x%T\257\037\333\004\344_/R\006E\344\037@\210\363\010\336T\226\247'\204_{\261\370""1\235\2445\343\033Y!\212\201\341\272\225'\007Z\314\023h\n\020~\036\324P\254\001\274\227n\020\273\023\010\nq\216Z\344\004\3612B\205\257\335\036\013\003""; }; nodes {;   nodedata: ""o\324D\221#\020\205W\305\353\227hj\364\005l\234.@%-\272\034\327\352\rf\2573\006\026\236\004\003""; }; "
1750527549558,1750527549559,3085,1,3,0,TMLedgerData,"ledgerHash: ""\356\316\306(\314\366\340SA\320e\361\337A\350+\342\334{eBV\360\354\225)\263\237~v\236}""; ledgerSeq: 0; type: liTS_CANDIDATE; nodes {;   nodedata: ""\216b\024\334gS\347X\272b\322\267\303L\230\361n\036 \270-E\361}\351O\347\233\337\314!\215\010\003"";   nodeid: ""\000\000\000\000\000\000\000\000\000\000\000\000\000\000\000\000\000\000\000\000\000\000\000\000\000\000\000\000\000\000\000\000\000""; }; ","ledgerHash: ""\356\316\306(\314\366\340SA\320e\361\337A\350+\342\334{eBV\360\354\225)\263\237~v\236}""; ledgerSeq: 0; type: liTS_CANDIDATE; nodes {;   nodedata: ""\216b\024\334gS\347X\272b\322\267\303L\230\361n\036 \270-E\361}\351O\347\233\337\314!\215\010\003"";   nodeid: ""\000\000\000\000\000\000\000\000\000\000\000\000\000\000\000\000\000\000\000\000\000\000\000\000\000\000\000\000\000\000\000\000\000""; }; "
1750527549577,1750527549577,860,1,1,0,TMLedgerData,"ledgerHash: ""\363\262\310\025\251\261\276X\247\260J\221\345\357\037\231)|\321K\000\\326E\004\377\005\255""A?\250""; ledgerSeq: 0; type: liTS_CANDIDATE; nodes {;   nodedata: ""MJ\275'\324\005\036\313\204nW\300\362\327\016\205\236\021\351Q6\021\355\301\372\322\276g\026\243\361M\004\003"";   nodeid: ""\000\000\000\000\000\000\000\000\000\000\000\000\000\000\000\000\000\000\000\000\000\000\000\000\000\000\000\000\000\000\000\000\000""; }; ","ledgerHash: ""\363\262\310\025\251\261\276X\247\260J\221\345\357\037\231)|\321K\000\\326E\004\377\005\255""A?\250""; ledgerSeq: 0; type: liTS_CANDIDATE; nodes {;   nodedata: ""MJ\275'\324\005\036\313\204nW\300\362\327\016\205\236\021\351Q6\021\355\301\372\322\276g\026\243\361M\004\003"";   nodeid: ""\000\000\000\000\000\000\000\000\000\000\000\000\000\000\000\000\000\000\000\000\000\000\000\000\000\000\000\000\000\000\000\000\000""; }; "
1750527549587,1750527549587,3046,1,2,4,TMProposeSet,"proposeSeq: 1; currentTxHash: ""\356\316\306(\314\366\340SA\320e\361\337A\350+\342\334{eBV\360\354\225)\263\237~v\236}""; nodePubKey: ""\003\255\225A\213\332\224ehh\024BDq\224\250\335`\355\353{\357\266\335<\021\032\265\177\206\356&\215""; closeTime: 803842750; signature: ""0D\002 1\375""\021-w'<\277\302'\312T\344\302\317\255\315\204\320\265q\372U%bC\375i\200\213q\002 P\215:.f\2412\300\025u\301kk\310E2\000\002m3\3222I_@\226\002\021\235y\363\354""; previousledger: ""\276\230H\305\2714\032l\253n6W\035\354\257.f\r\217\302\203\224\212L\020\S\370\243OP*""; ","proposeSeq: 1; currentTxHash: ""\356\316\306(\314\366\340SA\320e\361\337A\350+\342\334{eBV\360\354\225)\263\237~v\236}""; nodePubKey: ""\003\255\225A\213\332\224ehh\024BDq\224\250\335`\355\353{\357\266\335<\021\032\265\177\206\356&\215""; closeTime: 803842750; signature: ""0D\002 1\375""\021-w'<\277\302'\312T\344\302\317\255\315\204\320\265q\372U%bC\375i\200\213q\002 P\215:.f\2412\300\025u\301kk\310E2\000\002m3\3222I_@\226\002\021\235y\363\354""; previousledger: ""\276\230H\305\2714\032l\253n6W\035\354\257.f\r\217\302\203\224\212L\020\S\370\243OP*""; "
1750527549588,1750527549588,2221,1,2,1,TMProposeSet,"proposeSeq: 1; currentTxHash: ""\356\316\306(\314\366\340SA\320e\361\337A\350+\342\334{eBV\360\354\225)\263\237~v\236}""; nodePubKey: ""\003\255\225A\213\332\224ehh\024BDq\224\250\335`\355\353{\357\266\335<\021\032\265\177\206\356&\215""; closeTime: 803842750; signature: ""0D\002 1\375""\021-w'<\277\302'\312T\344\302\317\255\315\204\320\265q\372U%bC\375i\200\213q\002 P\215:.f\2412\300\025u\301kk\310E2\000\002m3\3222I_@\226\002\021\235y\363\354""; previousledger: ""\276\230H\305\2714\032l\253n6W\035\354\257.f\r\217\302\203\224\212L\020\S\370\243OP*""; ","proposeSeq: 1; currentTxHash: ""\356\316\306(\314\366\340SA\320e\361\337A\350+\342\334{eBV\360\354\225)\263\237~v\236}""; nodePubKey: ""\003\255\225A\213\332\224ehh\024BDq\224\250\335`\355\353{\357\266\335<\021\032\265\177\206\356&\215""; closeTime: 803842750; signature: ""0D\002 1\375""\021-w'<\277\302'\312T\344\302\317\255\315\204\320\265q\372U%bC\375i\200\213q\002 P\215:.f\2412\300\025u\301kk\310E2\000\002m3\3222I_@\226\002\021\235y\363\354""; previousledger: ""\276\230H\305\2714\032l\253n6W\035\354\257.f\r\217\302\203\224\212L\020\S\370\243OP*""; "
1750527549588,1750527549588,1659,1,2,0,TMProposeSet,"proposeSeq: 1; currentTxHash: ""\356\316\306(\314\366\340SA\320e\361\337A\350+\342\334{eBV\360\354\225)\263\237~v\236}""; nodePubKey: ""\003\255\225A\213\332\224ehh\024BDq\224\250\335`\355\353{\357\266\335<\021\032\265\177\206\356&\215""; closeTime: 803842750; signature: ""0D\002 1\375""\021-w'<\277\302'\312T\344\302\317\255\315\204\320\265q\372U%bC\375i\200\213q\002 P\215:.f\2412\300\025u\301kk\310E2\000\002m3\3222I_@\226\002\021\235y\363\354""; previousledger: ""\276\230H\305\2714\032l\253n6W\035\354\257.f\r\217\302\203\224\212L\020\S\370\243OP*""; ","proposeSeq: 1; currentTxHash: ""\356\316\306(\314\366\340SA\320e\361\337A\350+\342\334{eBV\360\354\225)\263\237~v\236}""; nodePubKey: ""\003\255\225A\213\332\224ehh\024BDq\224\250\335`\355\353{\357\266\335<\021\032\265\177\206\356&\215""; closeTime: 803842750; signature: ""0D\002 1\375""\021-w'<\277\302'\312T\344\302\317\255\315\204\320\265q\372U%bC\375i\200\213q\002 P\215:.f\2412\300\025u\301kk\310E2\000\002m3\3222I_@\226\002\021\235y\363\354""; previousledger: ""\276\230H\305\2714\032l\253n6W\035\354\257.f\r\217\302\203\224\212L\020\S\370\243OP*""; "
1750527549588,1750527549588,2762,1,2,3,TMProposeSet,"proposeSeq: 1; currentTxHash: ""\356\316\306(\314\366\340SA\320e\361\337A\350+\342\334{eBV\360\354\225)\263\237~v\236}""; nodePubKey: ""\003\255\225A\213\332\224ehh\024BDq\224\250\335`\355\353{\357\266\335<\021\032\265\177\206\356&\215""; closeTime: 803842750; signature: ""0D\002 1\375""\021-w'<\277\302'\312T\344\302\317\255\315\204\320\265q\372U%bC\375i\200\213q\002 P\215:.f\2412\300\025u\301kk\310E2\000\002m3\3222I_@\226\002\021\235y\363\354""; previousledger: ""\276\230H\305\2714\032l\253n6W\035\354\257.f\r\217\302\203\224\212L\020\S\370\243OP*""; ","proposeSeq: 1; currentTxHash: ""\356\316\306(\314\366\340SA\320e\361\337A\350+\342\334{eBV\360\354\225)\263\237~v\236}""; nodePubKey: ""\003\255\225A\213\332\224ehh\024BDq\224\250\335`\355\353{\357\266\335<\021\032\265\177\206\356&\215""; closeTime: 803842750; signature: ""0D\002 1\375""\021-w'<\277\302'\312T\344\302\317\255\315\204\320\265q\372U%bC\375i\200\213q\002 P\215:.f\2412\300\025u\301kk\310E2\000\002m3\3222I_@\226\002\021\235y\363\354""; previousledger: ""\276\230H\305\2714\032l\253n6W\035\354\257.f\r\217\302\203\224\212L\020\S\370\243OP*""; "
1750527549590,1750527549590,679,1,2,0,TMStatusChange,"newEvent: neACCEPTED_LEDGER; ledgerSeq: 8; ledgerHash: ""7\204MVwQh?\333Yw{\177u\266\2666\032#""\022\3206\266\023\027\356\2244\025`\301""; ledgerHashPrevious: ""\276\230H\305\2714\032l\253n6W\035\354\257.f\r\217\302\203\224\212L\020\S\370\243OP*""; networkTime: 803842749; firstSeq: 1; lastSeq: 6; ","newEvent: neACCEPTED_LEDGER; ledgerSeq: 8; ledgerHash: ""7\204MVwQh?\333Yw{\177u\266\2666\032#""\022\3206\266\023\027\356\2244\025`\301""; ledgerHashPrevious: ""\276\230H\305\2714\032l\253n6W\035\354\257.f\r\217\302\203\224\212L\020\S\370\243OP*""; networkTime: 803842749; firstSeq: 1; lastSeq: 6; "
1750527549589,1750527549589,3446,1,2,4,TMStatusChange,"newEvent: neACCEPTED_LEDGER; ledgerSeq: 8; ledgerHash: ""7\204MVwQh?\333Yw{\177u\266\2666\032#""\022\3206\266\023\027\356\2244\025`\301""; ledgerHashPrevious: ""\276\230H\305\2714\032l\253n6W\035\354\257.f\r\217\302\203\224\212L\020\S\370\243OP*""; networkTime: 803842749; firstSeq: 1; lastSeq: 6; ","newEvent: neACCEPTED_LEDGER; ledgerSeq: 8; ledgerHash: ""7\204MVwQh?\333Yw{\177u\266\2666\032#""\022\3206\266\023\027\356\2244\025`\301""; ledgerHashPrevious: ""\276\230H\305\2714\032l\253n6W\035\354\257.f\r\217\302\203\224\212L\020\S\370\243OP*""; networkTime: 803842749; firstSeq: 1; lastSeq: 6; "
1750527549591,1750527549591,593,1,2,3,TMStatusChange,"newEvent: neACCEPTED_LEDGER; ledgerSeq: 8; ledgerHash: ""7\204MVwQh?\333Yw{\177u\266\2666\032#""\022\3206\266\023\027\356\2244\025`\301""; ledgerHashPrevious: ""\276\230H\305\2714\032l\253n6W\035\354\257.f\r\217\302\203\224\212L\020\S\370\243OP*""; networkTime: 803842749; firstSeq: 1; lastSeq: 6; ","newEvent: neACCEPTED_LEDGER; ledgerSeq: 8; ledgerHash: ""7\204MVwQh?\333Yw{\177u\266\2666\032#""\022\3206\266\023\027\356\2244\025`\301""; ledgerHashPrevious: ""\276\230H\305\2714\032l\253n6W\035\354\257.f\r\217\302\203\224\212L\020\S\370\243OP*""; networkTime: 803842749; firstSeq: 1; lastSeq: 6; "
1750527549591,1750527549591,1536,1,2,1,TMStatusChange,"newEvent: neACCEPTED_LEDGER; ledgerSeq: 8; ledgerHash: ""7\204MVwQh?\333Yw{\177u\266\2666\032#""\022\3206\266\023\027\356\2244\025`\301""; ledgerHashPrevious: ""\276\230H\305\2714\032l\253n6W\035\354\257.f\r\217\302\203\224\212L\020\S\370\243OP*""; networkTime: 803842749; firstSeq: 1; lastSeq: 6; ","newEvent: neACCEPTED_LEDGER; ledgerSeq: 8; ledgerHash: ""7\204MVwQh?\333Yw{\177u\266\2666\032#""\022\3206\266\023\027\356\2244\025`\301""; ledgerHashPrevious: ""\276\230H\305\2714\032l\253n6W\035\354\257.f\r\217\302\203\224\212L\020\S\370\243OP*""; networkTime: 803842749; firstSeq: 1; lastSeq: 6; "
1750527549611,1750527549611,3818,1,0,2,TMLedgerData,"ledgerHash: ""3\321\n7\354)\tf\006\357\205B<h\272GQ \344\262\236\025#\003\024&\310\034\352\376\326""; ledgerSeq: 0; type: liTS_CANDIDATE; nodes {;   nodedata: ""'\240~~s\033\202\356\320\307\177Nt\203\315\245\305\276b\265\310\271\3319\245:\342=c\267\265\233\002\003"";   nodeid: ""\000\000\000\000\000\000\000\000\000\000\000\000\000\000\000\000\000\000\000\000\000\000\000\000\000\000\000\000\000\000\000\000\000""; }; ","ledgerHash: ""3\321\n7\354)\tf\006\357\205B<h\272GQ \344\262\236\025#\003\024&\310\034\352\376\326""; ledgerSeq: 0; type: liTS_CANDIDATE; nodes {;   nodedata: ""'\240~~s\033\202\356\320\307\177Nt\203\315\245\305\276b\265\310\271\3319\245:\342=c\267\265\233\002\003"";   nodeid: ""\000\000\000\000\000\000\000\000\000\000\000\000\000\000\000\000\000\000\000\000\000\000\000\000\000\000\000\000\000\000\000\000\000""; }; "
1750527549645,1750527549645,3085,1,3,0,TMLedgerData,"ledgerHash: ""\341\310\354\0213\033\013\350\207z\236R(|z&\034\335\266\323\356\205\273DV\210\254\213T\rZ\347""; ledgerSeq: 0; type: liTS_CANDIDATE; nodes {;   nodedata: ""\256\322m\2146\221\305\341\316\031h?\276\005\207\253\236\tL;\371W\315\233X\345O\203\332\240\005\360\n\003"";   nodeid: ""\000\000\000\000\000\000\000\000\000\000\000\000\000\000\000\000\000\000\000\000\000\000\000\000\000\000\000\000\000\000\000\000\000""; }; ","ledgerHash: ""\341\310\354\0213\033\013\350\207z\236R(|z&\034\335\266\323\356\205\273DV\210\254\213T\rZ\347""; ledgerSeq: 0; type: liTS_CANDIDATE; nodes {;   nodedata: ""\256\322m\2146\221\305\341\316\031h?\276\005\207\253\236\tL;\371W\315\233X\345O\203\332\240\005\360\n\003"";   nodeid: ""\000\000\000\000\000\000\000\000\000\000\000\000\000\000\000\000\000\000\000\000\000\000\000\000\000\000\000\000\000\000\000\000\000""; }; "
1750527549645,1750527549645,860,1,1,0,TMLedgerData,"ledgerHash: ""\356\316\306(\314\366\340SA\320e\361\337A\350+\342\334{eBV\360\354\225)\263\237~v\236}""; ledgerSeq: 0; type: liTS_CANDIDATE; nodes {;   nodedata: ""\216b\024\334gS\347X\272b\322\267\303L\230\361n\036 \270-E\361}\351O\347\233\337\314!\215\010\003"";   nodeid: ""\000\000\000\000\000\000\000\000\000\000\000\000\000\000\000\000\000\000\000\000\000\000\000\000\000\000\000\000\000\000\000\000\000""; }; ","ledgerHash: ""\356\316\306(\314\366\340SA\320e\361\337A\350+\342\334{eBV\360\354\225)\263\237~v\236}""; ledgerSeq: 0; type: liTS_CANDIDATE; nodes {;   nodedata: ""\216b\024\334gS\347X\272b\322\267\303L\230\361n\036 \270-E\361}\351O\347\233\337\314!\215\010\003"";   nodeid: ""\000\000\000\000\000\000\000\000\000\000\000\000\000\000\000\000\000\000\000\000\000\000\000\000\000\000\000\000\000\000\000\000\000""; }; "
1750527549700,1750527549700,860,1,1,0,TMLedgerData,"ledgerHash: ""\363\262\310\025\251\261\276X\247\260J\221\345\357\037\231)|\321K\000\\326E\004\377\005\255""A?\250""; ledgerSeq: 0; type: liTS_CANDIDATE; nodes {;   nodedata: ""MJ\275'\324\005\036\313\204nW\300\362\327\016\205\236\021\351Q6\021\355\301\372\322\276g\026\243\361M\004\003"";   nodeid: ""\000\000\000\000\000\000\000\000\000\000\000\000\000\000\000\000\000\000\000\000\000\000\000\000\000\000\000\000\000\000\000\000\000""; }; ","ledgerHash: ""\363\262\310\025\251\261\276X\247\260J\221\345\357\037\231)|\321K\000\\326E\004\377\005\255""A?\250""; ledgerSeq: 0; type: liTS_CANDIDATE; nodes {;   nodedata: ""MJ\275'\324\005\036\313\204nW\300\362\327\016\205\236\021\351Q6\021\355\301\372\322\276g\026\243\361M\004\003"";   nodeid: ""\000\000\000\000\000\000\000\000\000\000\000\000\000\000\000\000\000\000\000\000\000\000\000\000\000\000\000\000\000\000\000\000\000""; }; "
1750527549713,1750527549714,1782,1,1,4,TMLedgerData,"ledgerHash: ""\326+\03569g\235`}\354\203s\003\217_Vf \233\324\237yU<\242:Zr\321\340\201]""; ledgerSeq: 7; type: liTX_NODE; nodes {;   nodedata: ""\274\022\000\000""\000\000\000\000$\000\000\000\005 \033\000\000\000\031a@\000\000\022\333\371\352\000h@\000\000\000\000\000\000\ns!\003K\250\201V\354\353\020.\253\242\026x\202\312\234\3314!'\021-D\001\225\355\256\367\361\211\2710ltF0D\002 9\312\273{!\334\315f\262\207h""M\334ieT\306\204<r\350)\356\340\326\356\337\355\371\201\257\002 2M\022\177y""\355\343\n\034\\246\024:\375\024\223\331[\216\234\345\010\v\300\313Bt\251\217,\201\024\3177\2633\3425H\2210g]\027\350~`\267{\247\373\332\203\024\237\311\327\222\336\304\221\216Q\027\001uf'%5\022:P\210\301] \034\000\000\000\000\370\345\021\000a%\000\000\000\005UGZ\227\022t\201\240u\2324P\027\307M\337'Y\361[IAD\351\374!\232\005\337\376\252\251gV@e&\014`#?\020s\314\3035_u\244\223G\263\322\035\357\201\363\033\220\333`\311\331n\373\360\346b@\000\000\027H\206*@\341\347""\000\000\000\000$\000\000\000\005-\000\000\000\000b@\000\000*$\200\024@\201\024\237\311\327\222\336\304\221\216Q\027\001uf'%5\022:P\210\341\341\345\021\000a%\000\000\000\005U\240\231\202k\030<\225\205;%\337\001\376d\216V\310\306k>\373\322\372\353b\3659\350\345\324F\026Vg\244\337\353\312\013\236hD\305E\177)\365\031\344}\231\342 ?\273\261,\263l\2443V5tR\346$\000\000\000\005b@\000\000\027H\206*@\341\347""\000\000\000\000$\000\000\000\006-\000\000\000\000b@\000\000\004l\214@6\201\024\3177\2633\3425H\2210g]\027\350~`\267{\247\373\332\341\341\361\003\020\000\256\322m\2146\221\305\341\316\031h?\276\005\207\253\236\tL;\371W\315\233X\345O\203\332\240\005\360\004"";   nodeid: ""\240\000\000\000\000\000\000\000\000\000\000\000\000\000\000\000\000\000\000\000\000\000\000\000\000\000\000\000\000\000\000\000\001""; }; ","ledgerHash: ""\326+\03569g\235`}\354\203s\003\217_Vf \233\324\237yU<\242:Zr\321\340\201]""; ledgerSeq: 7; type: liTX_NODE; nodes {;   nodedata: ""\274\022\000\000""\000\000\000\000$\000\000\000\005 \033\000\000\000\031a@\000\000\022\333\371\352\000h@\000\000\000\000\000\000\ns!\003K\250\201V\354\353\020.\253\242\026x\202\312\234\3314!'\021-D\001\225\355\256\367\361\211\2710ltF0D\002 9\312\273{!\334\315f\262\207h""M\334ieT\306\204<r\350)\356\340\326\356\337\355\371\201\257\002 2M\022\177y""\355\343\n\034\\246\024:\375\024\223\331[\216\234\345\010\v\300\313Bt\251\217,\201\024\3177\2633\3425H\2210g]\027\350~`\267{\247\373\332\203\024\237\311\327\222\336\304\221\216Q\027\001uf'%5\022:P\210\301] \034\000\000\000\000\370\345\021\000a%\000\000\000\005UGZ\227\022t\201\240u\2324P\027\307M\337'Y\361[IAD\351\374!\232\005\337\376\252\251gV@e&\014`#?\020s\314\3035_u\244\223G\263\322\035\357\201\363\033\220\333`\311\331n\373\360\346b@\000\000\027H\206*@\341\347""\000\000\000\000$\000\000\000\005-\000\000\000\000b@\000\000*$\200\024@\201\024\237\311\327\222\336\304\221\216Q\027\001uf'%5\022:P\210\341\341\345\021\000a%\000\000\000\005U\240\231\202k\030<\225\205;%\337\001\376d\216V\310\306k>\373\322\372\353b\3659\350\345\324F\026Vg\244\337\353\312\013\236hD\305E\177)\365\031\344}\231\342 ?\273\261,\263l\2443V5tR\346$\000\000\000\005b@\000\000\027H\206*@\341\347""\000\000\000\000$\000\000\000\006-\000\000\000\000b@\000\000\004l\214@6\201\024\3177\2633\3425H\2210g]\027\350~`\267{\247\373\332\341\341\361\003\020\000\256\322m\2146\221\305\341\316\031h?\276\005\207\253\236\tL;\371W\315\233X\345O\203\332\240\005\360\004"";   nodeid: ""\240\000\000\000\000\000\000\000\000\000\000\000\000\000\000\000\000\000\000\000\000\000\000\000\000\000\000\000\000\000\000\000\001""; }; "
1750527549772,1750527549772,589,1,2,0,TMGetLedger,"itype: liTS_CANDIDATE; ledgerHash: ""3\321\n7\354)\tf\006\357\205B<h\272GQ \344\262\236\025#\003\024&\310\034\352\376\326""; nodeIDs: ""\000\000\000\000\000\000\000\000\000\000\000\000\000\000\000\000\000\000\000\000\000\000\000\000\000\000\000\000\000\000\000\000\000""; queryType: qtINDIRECT; queryDepth: 3; ","itype: liTS_CANDIDATE; ledgerHash: ""3\321\n7\354)\tf\006\357\205B<h\272GQ \344\262\236\025#\003\024&\310\034\352\376\326""; nodeIDs: ""\000\000\000\000\000\000\000\000\000\000\000\000\000\000\000\000\000\000\000\000\000\000\000\000\000\000\000\000\000\000\000\000\000""; queryType: qtINDIRECT; queryDepth: 3; "
1750527549772,1750527549772,1544,1,2,1,TMGetLedger,"itype: liTS_CANDIDATE; ledgerHash: ""3\321\n7\354)\tf\006\357\205B<h\272GQ \344\262\236\025#\003\024&\310\034\352\376\326""; nodeIDs: ""\000\000\000\000\000\000\000\000\000\000\000\000\000\000\000\000\000\000\000\000\000\000\000\000\000\000\000\000\000\000\000\000\000""; queryType: qtINDIRECT; queryDepth: 3; ","itype: liTS_CANDIDATE; ledgerHash: ""3\321\n7\354)\tf\006\357\205B<h\272GQ \344\262\236\025#\003\024&\310\034\352\376\326""; nodeIDs: ""\000\000\000\000\000\000\000\000\000\000\000\000\000\000\000\000\000\000\000\000\000\000\000\000\000\000\000\000\000\000\000\000\000""; queryType: qtINDIRECT; queryDepth: 3; "
1750527549772,1750527549773,4000,1,2,3,TMGetLedger,"itype: liTS_CANDIDATE; ledgerHash: ""3\321\n7\354)\tf\006\357\205B<h\272GQ \344\262\236\025#\003\024&\310\034\352\376\326""; nodeIDs: ""\000\000\000\000\000\000\000\000\000\000\000\000\000\000\000\000\000\000\000\000\000\000\000\000\000\000\000\000\000\000\000\000\000""; queryType: qtINDIRECT; queryDepth: 3; ","itype: liTS_CANDIDATE; ledgerHash: ""3\321\n7\354)\tf\006\357\205B<h\272GQ \344\262\236\025#\003\024&\310\034\352\376\326""; nodeIDs: ""\000\000\000\000\000\000\000\000\000\000\000\000\000\000\000\000\000\000\000\000\000\000\000\000\000\000\000\000\000\000\000\000\000""; queryType: qtINDIRECT; queryDepth: 3; "
1750527549773,1750527549773,3719,1,2,4,TMGetLedger,"itype: liTS_CANDIDATE; ledgerHash: ""3\321\n7\354)\tf\006\357\205B<h\272GQ \344\262\236\025#\003\024&\310\034\352\376\326""; nodeIDs: ""\000\000\000\000\000\000\000\000\000\000\000\000\000\000\000\000\000\000\000\000\000\000\000\000\000\000\000\000\000\000\000\000\000""; queryType: qtINDIRECT; queryDepth: 3; ","itype: liTS_CANDIDATE; ledgerHash: ""3\321\n7\354)\tf\006\357\205B<h\272GQ \344\262\236\025#\003\024&\310\034\352\376\326""; nodeIDs: ""\000\000\000\000\000\000\000\000\000\000\000\000\000\000\000\000\000\000\000\000\000\000\000\000\000\000\000\000\000\000\000\000\000""; queryType: qtINDIRECT; queryDepth: 3; "
1750527549896,1750527549896,860,1,1,0,TMLedgerData,"ledgerHash: ""\356\316\306(\314\366\340SA\320e\361\337A\350+\342\334{eBV\360\354\225)\263\237~v\236}""; ledgerSeq: 0; type: liTS_CANDIDATE; nodes {;   nodedata: ""\216b\024\334gS\347X\272b\322\267\303L\230\361n\036 \270-E\361}\351O\347\233\337\314!\215\010\003"";   nodeid: ""\000\000\000\000\000\000\000\000\000\000\000\000\000\000\000\000\000\000\000\000\000\000\000\000\000\000\000\000\000\000\000\000\000""; }; ","ledgerHash: ""\356\316\306(\314\366\340SA\320e\361\337A\350+\342\334{eBV\360\354\225)\263\237~v\236}""; ledgerSeq: 0; type: liTS_CANDIDATE; nodes {;   nodedata: ""\216b\024\334gS\347X\272b\322\267\303L\230\361n\036 \270-E\361}\351O\347\233\337\314!\215\010\003"";   nodeid: ""\000\000\000\000\000\000\000\000\000\000\000\000\000\000\000\000\000\000\000\000\000\000\000\000\000\000\000\000\000\000\000\000\000""; }; "
1750527550022,1750527550023,3719,1,2,4,TMGetLedger,"itype: liTS_CANDIDATE; ledgerHash: ""3\321\n7\354)\tf\006\357\205B<h\272GQ \344\262\236\025#\003\024&\310\034\352\376\326""; nodeIDs: ""\000\000\000\000\000\000\000\000\000\000\000\000\000\000\000\000\000\000\000\000\000\000\000\000\000\000\000\000\000\000\000\000\000""; queryType: qtINDIRECT; queryDepth: 3; ","itype: liTS_CANDIDATE; ledgerHash: ""3\321\n7\354)\tf\006\357\205B<h\272GQ \344\262\236\025#\003\024&\310\034\352\376\326""; nodeIDs: ""\000\000\000\000\000\000\000\000\000\000\000\000\000\000\000\000\000\000\000\000\000\000\000\000\000\000\000\000\000\000\000\000\000""; queryType: qtINDIRECT; queryDepth: 3; "
1750527550023,1750527550023,1544,1,2,1,TMGetLedger,"itype: liTS_CANDIDATE; ledgerHash: ""3\321\n7\354)\tf\006\357\205B<h\272GQ \344\262\236\025#\003\024&\310\034\352\376\326""; nodeIDs: ""\000\000\000\000\000\000\000\000\000\000\000\000\000\000\000\000\000\000\000\000\000\000\000\000\000\000\000\000\000\000\000\000\000""; queryType: qtINDIRECT; queryDepth: 3; ","itype: liTS_CANDIDATE; ledgerHash: ""3\321\n7\354)\tf\006\357\205B<h\272GQ \344\262\236\025#\003\024&\310\034\352\376\326""; nodeIDs: ""\000\000\000\000\000\000\000\000\000\000\000\000\000\000\000\000\000\000\000\000\000\000\000\000\000\000\000\000\000\000\000\000\000""; queryType: qtINDIRECT; queryDepth: 3; "
1750527550023,1750527550023,4000,1,2,3,TMGetLedger,"itype: liTS_CANDIDATE; ledgerHash: ""3\321\n7\354)\tf\006\357\205B<h\272GQ \344\262\236\025#\003\024&\310\034\352\376\326""; nodeIDs: ""\000\000\000\000\000\000\000\000\000\000\000\000\000\000\000\000\000\000\000\000\000\000\000\000\000\000\000\000\000\000\000\000\000""; queryType: qtINDIRECT; queryDepth: 3; ","itype: liTS_CANDIDATE; ledgerHash: ""3\321\n7\354)\tf\006\357\205B<h\272GQ \344\262\236\025#\003\024&\310\034\352\376\326""; nodeIDs: ""\000\000\000\000\000\000\000\000\000\000\000\000\000\000\000\000\000\000\000\000\000\000\000\000\000\000\000\000\000\000\000\000\000""; queryType: qtINDIRECT; queryDepth: 3; "
1750527550023,1750527550023,589,1,2,0,TMGetLedger,"itype: liTS_CANDIDATE; ledgerHash: ""3\321\n7\354)\tf\006\357\205B<h\272GQ \344\262\236\025#\003\024&\310\034\352\376\326""; nodeIDs: ""\000\000\000\000\000\000\000\000\000\000\000\000\000\000\000\000\000\000\000\000\000\000\000\000\000\000\000\000\000\000\000\000\000""; queryType: qtINDIRECT; queryDepth: 3; ","itype: liTS_CANDIDATE; ledgerHash: ""3\321\n7\354)\tf\006\357\205B<h\272GQ \344\262\236\025#\003\024&\310\034\352\376\326""; nodeIDs: ""\000\000\000\000\000\000\000\000\000\000\000\000\000\000\000\000\000\000\000\000\000\000\000\000\000\000\000\000\000\000\000\000\000""; queryType: qtINDIRECT; queryDepth: 3; "
1750527550042,1750527550042,3578,1,1,3,TMLedgerData,"ledgerHash: ""\326+\03569g\235`}\354\203s\003\217_Vf \233\324\237yU<\242:Zr\321\340\201]""; ledgerSeq: 7; type: liAS_NODE; nodes {;   nodedata: ""\021\000a""\000\000\000\000$\000\000\000\005%\000\000\000\007-\000\000\000\000U\256\322m\2146\221\305\341\316\031h?\276\005\207\253\236\tL;\371W\315\233X\345O\203\332\240\005\360b@\000\000*$\200\024@\201\024\237\311\327\222\336\304\221\216Q\027\001uf'%5\022:P\210@e&\014`#?\020s\314\3035_u\244\223G\263\322\035\357\201\363\033\220\333`\311\331n\373\360\001"";   nodeid: ""@\000\000\000\000\000\000\000\000\000\000\000\000\000\000\000\000\000\000\000\000\000\000\000\000\000\000\000\000\000\000\000\001""; }; nodes {;   nodedata: ""\021\000a""\000\000\000\000$\000\000\000\006%\000\000\000\007-\000\000\000\000U\256\322m\2146\221\305\341\316\031h?\276\005\207\253\236\tL;\371W\315\233X\345O\203\332\240\005\360b@\000\000\004l\214@6\201\024\3177\2633\3425H\2210g]\027\350~`\267{\247\373\332g\244\337\353\312\013\236hD\305E\177)\365\031\344}\231\342 ?\273\261,\263l\2443V5tR\001"";   nodeid: ""`\000\000\000\000\000\000\000\000\000\000\000\000\000\000\000\000\000\000\000\000\000\000\000\000\000\000\000\000\000\000\000\001""; }; ","ledgerHash: ""\326+\03569g\235`}\354\203s\003\217_Vf \233\324\237yU<\242:Zr\321\340\201]""; ledgerSeq: 7; type: liAS_NODE; nodes {;   nodedata: ""\021\000a""\000\000\000\000$\000\000\000\005%\000\000\000\007-\000\000\000\000U\256\322m\2146\221\305\341\316\031h?\276\005\207\253\236\tL;\371W\315\233X\345O\203\332\240\005\360b@\000\000*$\200\024@\201\024\237\311\327\222\336\304\221\216Q\027\001uf'%5\022:P\210@e&\014`#?\020s\314\3035_u\244\223G\263\322\035\357\201\363\033\220\333`\311\331n\373\360\001"";   nodeid: ""@\000\000\000\000\000\000\000\000\000\000\000\000\000\000\000\000\000\000\000\000\000\000\000\000\000\000\000\000\000\000\000\001""; }; nodes {;   nodedata: ""\021\000a""\000\000\000\000$\000\000\000\006%\000\000\000\007-\000\000\000\000U\256\322m\2146\221\305\341\316\031h?\276\005\207\253\236\tL;\371W\315\233X\345O\203\332\240\005\360b@\000\000\004l\214@6\201\024\3177\2633\3425H\2210g]\027\350~`\267{\247\373\332g\244\337\353\312\013\236hD\305E\177)\365\031\344}\231\342 ?\273\261,\263l\2443V5tR\001"";   nodeid: ""`\000\000\000\000\000\000\000\000\000\000\000\000\000\000\000\000\000\000\000\000\000\000\000\000\000\000\000\000\000\000\000\001""; }; "
1750527550059,1750527550059,3085,1,3,0,TMLedgerData,"ledgerHash: ""\356\316\306(\314\366\340SA\320e\361\337A\350+\342\334{eBV\360\354\225)\263\237~v\236}""; ledgerSeq: 0; type: liTS_CANDIDATE; nodes {;   nodedata: ""\216b\024\334gS\347X\272b\322\267\303L\230\361n\036 \270-E\361}\351O\347\233\337\314!\215\010\003"";   nodeid: ""\000\000\000\000\000\000\000\000\000\000\000\000\000\000\000\000\000\000\000\000\000\000\000\000\000\000\000\000\000\000\000\000\000""; }; ","ledgerHash: ""\356\316\306(\314\366\340SA\320e\361\337A\350+\342\334{eBV\360\354\225)\263\237~v\236}""; ledgerSeq: 0; type: liTS_CANDIDATE; nodes {;   nodedata: ""\216b\024\334gS\347X\272b\322\267\303L\230\361n\036 \270-E\361}\351O\347\233\337\314!\215\010\003"";   nodeid: ""\000\000\000\000\000\000\000\000\000\000\000\000\000\000\000\000\000\000\000\000\000\000\000\000\000\000\000\000\000\000\000\000\000""; }; "
1750527550076,1750527550076,860,1,1,0,TMLedgerData,"ledgerHash: ""\363\262\310\025\251\261\276X\247\260J\221\345\357\037\231)|\321K\000\\326E\004\377\005\255""A?\250""; ledgerSeq: 0; type: liTS_CANDIDATE; nodes {;   nodedata: ""MJ\275'\324\005\036\313\204nW\300\362\327\016\205\236\021\351Q6\021\355\301\372\322\276g\026\243\361M\004\003"";   nodeid: ""\000\000\000\000\000\000\000\000\000\000\000\000\000\000\000\000\000\000\000\000\000\000\000\000\000\000\000\000\000\000\000\000\000""; }; ","ledgerHash: ""\363\262\310\025\251\261\276X\247\260J\221\345\357\037\231)|\321K\000\\326E\004\377\005\255""A?\250""; ledgerSeq: 0; type: liTS_CANDIDATE; nodes {;   nodedata: ""MJ\275'\324\005\036\313\204nW\300\362\327\016\205\236\021\351Q6\021\355\301\372\322\276g\026\243\361M\004\003"";   nodeid: ""\000\000\000\000\000\000\000\000\000\000\000\000\000\000\000\000\000\000\000\000\000\000\000\000\000\000\000\000\000\000\000\000\000""; }; "
1750527550144,1750527550144,860,1,1,0,TMLedgerData,"ledgerHash: ""\356\316\306(\314\366\340SA\320e\361\337A\350+\342\334{eBV\360\354\225)\263\237~v\236}""; ledgerSeq: 0; type: liTS_CANDIDATE; nodes {;   nodedata: ""\216b\024\334gS\347X\272b\322\267\303L\230\361n\036 \270-E\361}\351O\347\233\337\314!\215\010\003"";   nodeid: ""\000\000\000\000\000\000\000\000\000\000\000\000\000\000\000\000\000\000\000\000\000\000\000\000\000\000\000\000\000\000\000\000\000""; }; ","ledgerHash: ""\356\316\306(\314\366\340SA\320e\361\337A\350+\342\334{eBV\360\354\225)\263\237~v\236}""; ledgerSeq: 0; type: liTS_CANDIDATE; nodes {;   nodedata: ""\216b\024\334gS\347X\272b\322\267\303L\230\361n\036 \270-E\361}\351O\347\233\337\314!\215\010\003"";   nodeid: ""\000\000\000\000\000\000\000\000\000\000\000\000\000\000\000\000\000\000\000\000\000\000\000\000\000\000\000\000\000\000\000\000\000""; }; "
1750527550145,1750527550145,3085,1,3,0,TMLedgerData,"ledgerHash: ""\341\310\354\0213\033\013\350\207z\236R(|z&\034\335\266\323\356\205\273DV\210\254\213T\rZ\347""; ledgerSeq: 0; type: liTS_CANDIDATE; nodes {;   nodedata: ""\256\322m\2146\221\305\341\316\031h?\276\005\207\253\236\tL;\371W\315\233X\345O\203\332\240\005\360\n\003"";   nodeid: ""\000\000\000\000\000\000\000\000\000\000\000\000\000\000\000\000\000\000\000\000\000\000\000\000\000\000\000\000\000\000\000\000\000""; }; ","ledgerHash: ""\341\310\354\0213\033\013\350\207z\236R(|z&\034\335\266\323\356\205\273DV\210\254\213T\rZ\347""; ledgerSeq: 0; type: liTS_CANDIDATE; nodes {;   nodedata: ""\256\322m\2146\221\305\341\316\031h?\276\005\207\253\236\tL;\371W\315\233X\345O\203\332\240\005\360\n\003"";   nodeid: ""\000\000\000\000\000\000\000\000\000\000\000\000\000\000\000\000\000\000\000\000\000\000\000\000\000\000\000\000\000\000\000\000\000""; }; "
1750527550272,1750527550272,589,1,2,0,TMGetLedger,"itype: liTS_CANDIDATE; ledgerHash: ""3\321\n7\354)\tf\006\357\205B<h\272GQ \344\262\236\025#\003\024&\310\034\352\376\326""; nodeIDs: ""\000\000\000\000\000\000\000\000\000\000\000\000\000\000\000\000\000\000\000\000\000\000\000\000\000\000\000\000\000\000\000\000\000""; queryType: qtINDIRECT; queryDepth: 3; ","itype: liTS_CANDIDATE; ledgerHash: ""3\321\n7\354)\tf\006\357\205B<h\272GQ \344\262\236\025#\003\024&\310\034\352\376\326""; nodeIDs: ""\000\000\000\000\000\000\000\000\000\000\000\000\000\000\000\000\000\000\000\000\000\000\000\000\000\000\000\000\000\000\000\000\000""; queryType: qtINDIRECT; queryDepth: 3; "
1750527550272,1750527550273,1544,1,2,1,TMGetLedger,"itype: liTS_CANDIDATE; ledgerHash: ""3\321\n7\354)\tf\006\357\205B<h\272GQ \344\262\236\025#\003\024&\310\034\352\376\326""; nodeIDs: ""\000\000\000\000\000\000\000\000\000\000\000\000\000\000\000\000\000\000\000\000\000\000\000\000\000\000\000\000\000\000\000\000\000""; queryType: qtINDIRECT; queryDepth: 3; ","itype: liTS_CANDIDATE; ledgerHash: ""3\321\n7\354)\tf\006\357\205B<h\272GQ \344\262\236\025#\003\024&\310\034\352\376\326""; nodeIDs: ""\000\000\000\000\000\000\000\000\000\000\000\000\000\000\000\000\000\000\000\000\000\000\000\000\000\000\000\000\000\000\000\000\000""; queryType: qtINDIRECT; queryDepth: 3; "
1750527550273,1750527550273,3719,1,2,4,TMGetLedger,"itype: liTS_CANDIDATE; ledgerHash: ""3\321\n7\354)\tf\006\357\205B<h\272GQ \344\262\236\025#\003\024&\310\034\352\376\326""; nodeIDs: ""\000\000\000\000\000\000\000\000\000\000\000\000\000\000\000\000\000\000\000\000\000\000\000\000\000\000\000\000\000\000\000\000\000""; queryType: qtINDIRECT; queryDepth: 3; ","itype: liTS_CANDIDATE; ledgerHash: ""3\321\n7\354)\tf\006\357\205B<h\272GQ \344\262\236\025#\003\024&\310\034\352\376\326""; nodeIDs: ""\000\000\000\000\000\000\000\000\000\000\000\000\000\000\000\000\000\000\000\000\000\000\000\000\000\000\000\000\000\000\000\000\000""; queryType: qtINDIRECT; queryDepth: 3; "
1750527550273,1750527550273,4000,1,2,3,TMGetLedger,"itype: liTS_CANDIDATE; ledgerHash: ""3\321\n7\354)\tf\006\357\205B<h\272GQ \344\262\236\025#\003\024&\310\034\352\376\326""; nodeIDs: ""\000\000\000\000\000\000\000\000\000\000\000\000\000\000\000\000\000\000\000\000\000\000\000\000\000\000\000\000\000\000\000\000\000""; queryType: qtINDIRECT; queryDepth: 3; ","itype: liTS_CANDIDATE; ledgerHash: ""3\321\n7\354)\tf\006\357\205B<h\272GQ \344\262\236\025#\003\024&\310\034\352\376\326""; nodeIDs: ""\000\000\000\000\000\000\000\000\000\000\000\000\000\000\000\000\000\000\000\000\000\000\000\000\000\000\000\000\000\000\000\000\000""; queryType: qtINDIRECT; queryDepth: 3; "
1750527550283,1750527550283,2079,1,3,1,TMGetLedger,"itype: liTX_NODE; ledgerHash: ""\326+\03569g\235`}\354\203s\003\217_Vf \233\324\237yU<\242:Zr\321\340\201]""; ledgerSeq: 7; nodeIDs: ""\240\000\000\000\000\000\000\000\000\000\000\000\000\000\000\000\000\000\000\000\000\000\000\000\000\000\000\000\000\000\000\000\001""; queryType: qtINDIRECT; queryDepth: 1; ","itype: liTX_NODE; ledgerHash: ""\326+\03569g\235`}\354\203s\003\217_Vf \233\324\237yU<\242:Zr\321\340\201]""; ledgerSeq: 7; nodeIDs: ""\240\000\000\000\000\000\000\000\000\000\000\000\000\000\000\000\000\000\000\000\000\000\000\000\000\000\000\000\000\000\000\000\001""; queryType: qtINDIRECT; queryDepth: 1; "
1750527550349,1750527550349,3085,1,3,0,TMLedgerData,"ledgerHash: ""\356\316\306(\314\366\340SA\320e\361\337A\350+\342\334{eBV\360\354\225)\263\237~v\236}""; ledgerSeq: 0; type: liTS_CANDIDATE; nodes {;   nodedata: ""\216b\024\334gS\347X\272b\322\267\303L\230\361n\036 \270-E\361}\351O\347\233\337\314!\215\010\003"";   nodeid: ""\000\000\000\000\000\000\000\000\000\000\000\000\000\000\000\000\000\000\000\000\000\000\000\000\000\000\000\000\000\000\000\000\000""; }; ","ledgerHash: ""\356\316\306(\314\366\340SA\320e\361\337A\350+\342\334{eBV\360\354\225)\263\237~v\236}""; ledgerSeq: 0; type: liTS_CANDIDATE; nodes {;   nodedata: ""\216b\024\334gS\347X\272b\322\267\303L\230\361n\036 \270-E\361}\351O\347\233\337\314!\215\010\003"";   nodeid: ""\000\000\000\000\000\000\000\000\000\000\000\000\000\000\000\000\000\000\000\000\000\000\000\000\000\000\000\000\000\000\000\000\000""; }; "
1750527550363,1750527550363,3818,1,0,2,TMLedgerData,"ledgerHash: ""3\321\n7\354)\tf\006\357\205B<h\272GQ \344\262\236\025#\003\024&\310\034\352\376\326""; ledgerSeq: 0; type: liTS_CANDIDATE; nodes {;   nodedata: ""'\240~~s\033\202\356\320\307\177Nt\203\315\245\305\276b\265\310\271\3319\245:\342=c\267\265\233\002\003"";   nodeid: ""\000\000\000\000\000\000\000\000\000\000\000\000\000\000\000\000\000\000\000\000\000\000\000\000\000\000\000\000\000\000\000\000\000""; }; ","ledgerHash: ""3\321\n7\354)\tf\006\357\205B<h\272GQ \344\262\236\025#\003\024&\310\034\352\376\326""; ledgerSeq: 0; type: liTS_CANDIDATE; nodes {;   nodedata: ""'\240~~s\033\202\356\320\307\177Nt\203\315\245\305\276b\265\310\271\3319\245:\342=c\267\265\233\002\003"";   nodeid: ""\000\000\000\000\000\000\000\000\000\000\000\000\000\000\000\000\000\000\000\000\000\000\000\000\000\000\000\000\000\000\000\000\000""; }; "
1750527550523,1750527550523,589,1,2,0,TMGetLedger,"itype: liTS_CANDIDATE; ledgerHash: ""3\321\n7\354)\tf\006\357\205B<h\272GQ \344\262\236\025#\003\024&\310\034\352\376\326""; nodeIDs: ""\000\000\000\000\000\000\000\000\000\000\000\000\000\000\000\000\000\000\000\000\000\000\000\000\000\000\000\000\000\000\000\000\000""; queryType: qtINDIRECT; queryDepth: 3; ","itype: liTS_CANDIDATE; ledgerHash: ""3\321\n7\354)\tf\006\357\205B<h\272GQ \344\262\236\025#\003\024&\310\034\352\376\326""; nodeIDs: ""\000\000\000\000\000\000\000\000\000\000\000\000\000\000\000\000\000\000\000\000\000\000\000\000\000\000\000\000\000\000\000\000\000""; queryType: qtINDIRECT; queryDepth: 3; "
1750527550523,1750527550523,3719,1,2,4,TMGetLedger,"itype: liTS_CANDIDATE; ledgerHash: ""3\321\n7\354)\tf\006\357\205B<h\272GQ \344\262\236\025#\003\024&\310\034\352\376\326""; nodeIDs: ""\000\000\000\000\000\000\000\000\000\000\000\000\000\000\000\000\000\000\000\000\000\000\000\000\000\000\000\000\000\000\000\000\000""; queryType: qtINDIRECT; queryDepth: 3; ","itype: liTS_CANDIDATE; ledgerHash: ""3\321\n7\354)\tf\006\357\205B<h\272GQ \344\262\236\025#\003\024&\310\034\352\376\326""; nodeIDs: ""\000\000\000\000\000\000\000\000\000\000\000\000\000\000\000\000\000\000\000\000\000\000\000\000\000\000\000\000\000\000\000\000\000""; queryType: qtINDIRECT; queryDepth: 3; "
1750527550524,1750527550524,4000,1,2,3,TMGetLedger,"itype: liTS_CANDIDATE; ledgerHash: ""3\321\n7\354)\tf\006\357\205B<h\272GQ \344\262\236\025#\003\024&\310\034\352\376\326""; nodeIDs: ""\000\000\000\000\000\000\000\000\000\000\000\000\000\000\000\000\000\000\000\000\000\000\000\000\000\000\000\000\000\000\000\000\000""; queryType: qtINDIRECT; queryDepth: 3; ","itype: liTS_CANDIDATE; ledgerHash: ""3\321\n7\354)\tf\006\357\205B<h\272GQ \344\262\236\025#\003\024&\310\034\352\376\326""; nodeIDs: ""\000\000\000\000\000\000\000\000\000\000\000\000\000\000\000\000\000\000\000\000\000\000\000\000\000\000\000\000\000\000\000\000\000""; queryType: qtINDIRECT; queryDepth: 3; "
1750527550524,1750527550524,1544,1,2,1,TMGetLedger,"itype: liTS_CANDIDATE; ledgerHash: ""3\321\n7\354)\tf\006\357\205B<h\272GQ \344\262\236\025#\003\024&\310\034\352\376\326""; nodeIDs: ""\000\000\000\000\000\000\000\000\000\000\000\000\000\000\000\000\000\000\000\000\000\000\000\000\000\000\000\000\000\000\000\000\000""; queryType: qtINDIRECT; queryDepth: 3; ","itype: liTS_CANDIDATE; ledgerHash: ""3\321\n7\354)\tf\006\357\205B<h\272GQ \344\262\236\025#\003\024&\310\034\352\376\326""; nodeIDs: ""\000\000\000\000\000\000\000\000\000\000\000\000\000\000\000\000\000\000\000\000\000\000\000\000\000\000\000\000\000\000\000\000\000""; queryType: qtINDIRECT; queryDepth: 3; "
1750527550560,1750527550560,3085,1,3,0,TMLedgerData,"ledgerHash: ""\356\316\306(\314\366\340SA\320e\361\337A\350+\342\334{eBV\360\354\225)\263\237~v\236}""; ledgerSeq: 0; type: liTS_CANDIDATE; nodes {;   nodedata: ""\216b\024\334gS\347X\272b\322\267\303L\230\361n\036 \270-E\361}\351O\347\233\337\314!\215\010\003"";   nodeid: ""\000\000\000\000\000\000\000\000\000\000\000\000\000\000\000\000\000\000\000\000\000\000\000\000\000\000\000\000\000\000\000\000\000""; }; ","ledgerHash: ""\356\316\306(\314\366\340SA\320e\361\337A\350+\342\334{eBV\360\354\225)\263\237~v\236}""; ledgerSeq: 0; type: liTS_CANDIDATE; nodes {;   nodedata: ""\216b\024\334gS\347X\272b\322\267\303L\230\361n\036 \270-E\361}\351O\347\233\337\314!\215\010\003"";   nodeid: ""\000\000\000\000\000\000\000\000\000\000\000\000\000\000\000\000\000\000\000\000\000\000\000\000\000\000\000\000\000\000\000\000\000""; }; "
1750527550610,1750527550610,1434,1,0,1,TMLedgerData,"ledgerHash: ""\033@\177e\277\016\010u\327\371&\262\312\317Q\2361t\377x\234\001v\003%\030\325_\225g\204\346""; ledgerSeq: 7; type: liAS_NODE; nodes {;   nodedata: ""\021\000a""\000\000\000\000$\000\000\000\006%\000\000\000\007-\000\000\000\000UMJ\275'\324\005\036\313\204nW\300\362\327\016\205\236\021\351Q6\021\355\301\372\322\276g\026\243\361Mb@\000\000\003\365V\2546\201\024\3177\2633\3425H\2210g]\027\350~`\267{\247\373\332g\244\337\353\312\013\236hD\305E\177)\365\031\344}\231\342 ?\273\261,\263l\2443V5tR\001"";   nodeid: ""`\000\000\000\000\000\000\000\000\000\000\000\000\000\000\000\000\000\000\000\000\000\000\000\000\000\000\000\000\000\000\000\001""; }; nodes {;   nodedata: ""\021\000a""\000\000\000\000$\000\000\000\005%\000\000\000\007-\000\000\000\000UMJ\275'\324\005\036\313\204nW\300\362\327\016\205\236\021\351Q6\021\355\301\372\322\276g\026\243\361Mb@\000\000*\233\265\250@\201\024\272\177ez`?~\240\022\321\013D\240\325V\364\241\375\n@\030+E\324}\254\210\205\211\200xl\010D\242\344Yy\230'SU,\346\210\010%\240N\231\363\306\001"";   nodeid: ""\020\000\000\000\000\000\000\000\000\000\000\000\000\000\000\000\000\000\000\000\000\000\000\000\000\000\000\000\000\000\000\000\001""; }; ","ledgerHash: ""\033@\177e\277\016\010u\327\371&\262\312\317Q\2361t\377x\234\001v\003%\030\325_\225g\204\346""; ledgerSeq: 7; type: liAS_NODE; nodes {;   nodedata: ""\021\000a""\000\000\000\000$\000\000\000\006%\000\000\000\007-\000\000\000\000UMJ\275'\324\005\036\313\204nW\300\362\327\016\205\236\021\351Q6\021\355\301\372\322\276g\026\243\361Mb@\000\000\003\365V\2546\201\024\3177\2633\3425H\2210g]\027\350~`\267{\247\373\332g\244\337\353\312\013\236hD\305E\177)\365\031\344}\231\342 ?\273\261,\263l\2443V5tR\001"";   nodeid: ""`\000\000\000\000\000\000\000\000\000\000\000\000\000\000\000\000\000\000\000\000\000\000\000\000\000\000\000\000\000\000\000\001""; }; nodes {;   nodedata: ""\021\000a""\000\000\000\000$\000\000\000\005%\000\000\000\007-\000\000\000\000UMJ\275'\324\005\036\313\204nW\300\362\327\016\205\236\021\351Q6\021\355\301\372\322\276g\026\243\361Mb@\000\000*\233\265\250@\201\024\272\177ez`?~\240\022\321\013D\240\325V\364\241\375\n@\030+E\324}\254\210\205\211\200xl\010D\242\344Yy\230'SU,\346\210\010%\240N\231\363\306\001"";   nodeid: ""\020\000\000\000\000\000\000\000\000\000\000\000\000\000\000\000\000\000\000\000\000\000\000\000\000\000\000\000\000\000\000\000\001""; }; "
1750527550612,1750527550612,3818,1,0,2,TMLedgerData,"ledgerHash: ""3\321\n7\354)\tf\006\357\205B<h\272GQ \344\262\236\025#\003\024&\310\034\352\376\326""; ledgerSeq: 0; type: liTS_CANDIDATE; nodes {;   nodedata: ""'\240~~s\033\202\356\320\307\177Nt\203\315\245\305\276b\265\310\271\3319\245:\342=c\267\265\233\002\003"";   nodeid: ""\000\000\000\000\000\000\000\000\000\000\000\000\000\000\000\000\000\000\000\000\000\000\000\000\000\000\000\000\000\000\000\000\000""; }; ","ledgerHash: ""3\321\n7\354)\tf\006\357\205B<h\272GQ \344\262\236\025#\003\024&\310\034\352\376\326""; ledgerSeq: 0; type: liTS_CANDIDATE; nodes {;   nodedata: ""'\240~~s\033\202\356\320\307\177Nt\203\315\245\305\276b\265\310\271\3319\245:\342=c\267\265\233\002\003"";   nodeid: ""\000\000\000\000\000\000\000\000\000\000\000\000\000\000\000\000\000\000\000\000\000\000\000\000\000\000\000\000\000\000\000\000\000""; }; "
1750527550652,1750527550652,438,1,1,4,TMProposeSet,"proposeSeq: 1; currentTxHash: ""\000\000\000\000\000\000\000\000\000\000\000\000\000\000\000\000\000\000\000\000\000\000\000\000\000\000\000\000\000\000\000\000""; nodePubKey: ""\002\266\377\271\344:\030\221i\267\257\215\237M\014\3345f\014\273|\207\367\334\337F\325\004cxB\211L""; closeTime: 803842740; signature: ""0E\002!\000\343(\234\010\362\005\236\243\252\026.\215v\036\335\026\352\020q\304\234!\216\216\262u\337\325\376\016\304\347\002 t\001\317f\321\224\033\305\033\374\244v\0266f\241\315\217\n\204\315\236\230\216\277\275\303\356\0146\257-""; previousledger: ""\326+\03569g\235`}\354\203s\003\217_Vf \233\324\237yU<\242:Zr\321\340\201]""; ","proposeSeq: 1; currentTxHash: ""\000\000\000\000\000\000\000\000\000\000\000\000\000\000\000\000\000\000\000\000\000\000\000\000\000\000\000\000\000\000\000\000""; nodePubKey: ""\002\266\377\271\344:\030\221i\267\257\215\237M\014\3345f\014\273|\207\367\334\337F\325\004cxB\211L""; closeTime: 803842740; signature: ""0E\002!\000\343(\234\010\362\005\236\243\252\026.\215v\036\335\026\352\020q\304\234!\216\216\262u\337\325\376\016\304\347\002 t\001\317f\321\224\033\305\033\374\244v\0266f\241\315\217\n\204\315\236\230\216\277\275\303\356\0146\257-""; previousledger: ""\326+\03569g\235`}\354\203s\003\217_Vf \233\324\237yU<\242:Zr\321\340\201]""; "
1750527550653,1750527550653,1394,1,1,2,TMProposeSet,"proposeSeq: 1; currentTxHash: ""\000\000\000\000\000\000\000\000\000\000\000\000\000\000\000\000\000\000\000\000\000\000\000\000\000\000\000\000\000\000\000\000""; nodePubKey: ""\002\266\377\271\344:\030\221i\267\257\215\237M\014\3345f\014\273|\207\367\334\337F\325\004cxB\211L""; closeTime: 803842740; signature: ""0E\002!\000\343(\234\010\362\005\236\243\252\026.\215v\036\335\026\352\020q\304\234!\216\216\262u\337\325\376\016\304\347\002 t\001\317f\321\224\033\305\033\374\244v\0266f\241\315\217\n\204\315\236\230\216\277\275\303\356\0146\257-""; previousledger: ""\326+\03569g\235`}\354\203s\003\217_Vf \233\324\237yU<\242:Zr\321\340\201]""; ","proposeSeq: 1; currentTxHash: ""\000\000\000\000\000\000\000\000\000\000\000\000\000\000\000\000\000\000\000\000\000\000\000\000\000\000\000\000\000\000\000\000""; nodePubKey: ""\002\266\377\271\344:\030\221i\267\257\215\237M\014\3345f\014\273|\207\367\334\337F\325\004cxB\211L""; closeTime: 803842740; signature: ""0E\002!\000\343(\234\010\362\005\236\243\252\026.\215v\036\335\026\352\020q\304\234!\216\216\262u\337\325\376\016\304\347\002 t\001\317f\321\224\033\305\033\374\244v\0266f\241\315\217\n\204\315\236\230\216\277\275\303\356\0146\257-""; previousledger: ""\326+\03569g\235`}\354\203s\003\217_Vf \233\324\237yU<\242:Zr\321\340\201]""; "
1750527550653,1750527550653,2742,1,1,0,TMProposeSet,"proposeSeq: 1; currentTxHash: ""\000\000\000\000\000\000\000\000\000\000\000\000\000\000\000\000\000\000\000\000\000\000\000\000\000\000\000\000\000\000\000\000""; nodePubKey: ""\002\266\377\271\344:\030\221i\267\257\215\237M\014\3345f\014\273|\207\367\334\337F\325\004cxB\211L""; closeTime: 803842740; signature: ""0E\002!\000\343(\234\010\362\005\236\243\252\026.\215v\036\335\026\352\020q\304\234!\216\216\262u\337\325\376\016\304\347\002 t\001\317f\321\224\033\305\033\374\244v\0266f\241\315\217\n\204\315\236\230\216\277\275\303\356\0146\257-""; previousledger: ""\326+\03569g\235`}\354\203s\003\217_Vf \233\324\237yU<\242:Zr\321\340\201]""; ","proposeSeq: 1; currentTxHash: ""\000\000\000\000\000\000\000\000\000\000\000\000\000\000\000\000\000\000\000\000\000\000\000\000\000\000\000\000\000\000\000\000""; nodePubKey: ""\002\266\377\271\344:\030\221i\267\257\215\237M\014\3345f\014\273|\207\367\334\337F\325\004cxB\211L""; closeTime: 803842740; signature: ""0E\002!\000\343(\234\010\362\005\236\243\252\026.\215v\036\335\026\352\020q\304\234!\216\216\262u\337\325\376\016\304\347\002 t\001\317f\321\224\033\305\033\374\244v\0266f\241\315\217\n\204\315\236\230\216\277\275\303\356\0146\257-""; previousledger: ""\326+\03569g\235`}\354\203s\003\217_Vf \233\324\237yU<\242:Zr\321\340\201]""; "
1750527550652,1750527550652,3299,1,1,3,TMProposeSet,"proposeSeq: 1; currentTxHash: ""\000\000\000\000\000\000\000\000\000\000\000\000\000\000\000\000\000\000\000\000\000\000\000\000\000\000\000\000\000\000\000\000""; nodePubKey: ""\002\266\377\271\344:\030\221i\267\257\215\237M\014\3345f\014\273|\207\367\334\337F\325\004cxB\211L""; closeTime: 803842740; signature: ""0E\002!\000\343(\234\010\362\005\236\243\252\026.\215v\036\335\026\352\020q\304\234!\216\216\262u\337\325\376\016\304\347\002 t\001\317f\321\224\033\305\033\374\244v\0266f\241\315\217\n\204\315\236\230\216\277\275\303\356\0146\257-""; previousledger: ""\326+\03569g\235`}\354\203s\003\217_Vf \233\324\237yU<\242:Zr\321\340\201]""; ","proposeSeq: 1; currentTxHash: ""\000\000\000\000\000\000\000\000\000\000\000\000\000\000\000\000\000\000\000\000\000\000\000\000\000\000\000\000\000\000\000\000""; nodePubKey: ""\002\266\377\271\344:\030\221i\267\257\215\237M\014\3345f\014\273|\207\367\334\337F\325\004cxB\211L""; closeTime: 803842740; signature: ""0E\002!\000\343(\234\010\362\005\236\243\252\026.\215v\036\335\026\352\020q\304\234!\216\216\262u\337\325\376\016\304\347\002 t\001\317f\321\224\033\305\033\374\244v\0266f\241\315\217\n\204\315\236\230\216\277\275\303\356\0146\257-""; previousledger: ""\326+\03569g\235`}\354\203s\003\217_Vf \233\324\237yU<\242:Zr\321\340\201]""; "
1750527550755,1750527550756,860,1,1,0,TMLedgerData,"ledgerHash: ""\033@\177e\277\016\010u\327\371&\262\312\317Q\2361t\377x\234\001v\003%\030\325_\225g\204\346""; ledgerSeq: 7; type: liBASE; nodes {;   nodedata: ""\000\000\000\007\001cEx]\211\377\330\360\215\2502\265\245\310\226\243c\302Ze\306\253#r\020\211\320iG\276\020E\317\035Sf\223F\254\002\370\316\212^2r\204\377\207q\251\315\325\027st\315\275D\367""\312l\350\374\304zy\305\007\340\030\220\357M\025\212p\\332\356\317\346Z\350r\255\236\025^\210\375\243\353\025X\213xq\220$\254,/\351\252\253/\351\252\264\n\000""; }; nodes {;   nodedata: ""\323C\344\327\264{\312-\017:\006{\177\344N\002\326bO\260\220\006\033\362\345\005U\221DzJ0\001\301\025%1L\307\t\261\262z\374\222T\301\274V\236\223\262\270Ct\362\337b\356\024*\324\320\351\317\002k\336\234\027v\351\217\260\303\360\233ZPZWr\246$w\313\313\r\243r\232\2234\373\3539:N\004Q\245\272D\312D\300\300\t\323\0257\345e\271\na\215{\226\255x%T\257\037\333\004\344_/R\006E\344\037@\210\363\010\336T\226\247'\204_{\261\370""1\235\2445\343\033Y!\212\201\341\272\225'\007Z\314\023h\n\020~\036\324P\254\001\274\227n\020\273\023\010\nq\216Z\344\004\3612B\205\257\335\036\013\003""; }; nodes {;   nodedata: ""o\324D\221#\020\205W\305\353\227hj\364\005l\234.@%-\272\034\327\352\rf\2573\006\026\236\004\003""; }; ","ledgerHash: ""\033@\177e\277\016\010u\327\371&\262\312\317Q\2361t\377x\234\001v\003%\030\325_\225g\204\346""; ledgerSeq: 7; type: liBASE; nodes {;   nodedata: ""\000\000\000\007\001cEx]\211\377\330\360\215\2502\265\245\310\226\243c\302Ze\306\253#r\020\211\320iG\276\020E\317\035Sf\223F\254\002\370\316\212^2r\204\377\207q\251\315\325\027st\315\275D\367""\312l\350\374\304zy\305\007\340\030\220\357M\025\212p\\332\356\317\346Z\350r\255\236\025^\210\375\243\353\025X\213xq\220$\254,/\351\252\253/\351\252\264\n\000""; }; nodes {;   nodedata: ""\323C\344\327\264{\312-\017:\006{\177\344N\002\326bO\260\220\006\033\362\345\005U\221DzJ0\001\301\025%1L\307\t\261\262z\374\222T\301\274V\236\223\262\270Ct\362\337b\356\024*\324\320\351\317\002k\336\234\027v\351\217\260\303\360\233ZPZWr\246$w\313\313\r\243r\232\2234\373\3539:N\004Q\245\272D\312D\300\300\t\323\0257\345e\271\na\215{\226\255x%T\257\037\333\004\344_/R\006E\344\037@\210\363\010\336T\226\247'\204_{\261\370""1\235\2445\343\033Y!\212\201\341\272\225'\007Z\314\023h\n\020~\036\324P\254\001\274\227n\020\273\023\010\nq\216Z\344\004\3612B\205\257\335\036\013\003""; }; nodes {;   nodedata: ""o\324D\221#\020\205W\305\353\227hj\364\005l\234.@%-\272\034\327\352\rf\2573\006\026\236\004\003""; }; "
1750527550758,1750527550758,1665,1,2,3,TMLedgerData,"ledgerHash: ""\326+\03569g\235`}\354\203s\003\217_Vf \233\324\237yU<\242:Zr\321\340\201]""; ledgerSeq: 7; type: liAS_NODE; nodes {;   nodedata: ""\021\000a""\000\000\000\000$\000\000\000\005%\000\000\000\007-\000\000\000\000U\256\322m\2146\221\305\341\316\031h?\276\005\207\253\236\tL;\371W\315\233X\345O\203\332\240\005\360b@\000\000*$\200\024@\201\024\237\311\327\222\336\304\221\216Q\027\001uf'%5\022:P\210@e&\014`#?\020s\314\3035_u\244\223G\263\322\035\357\201\363\033\220\333`\311\331n\373\360\001"";   nodeid: ""@\000\000\000\000\000\000\000\000\000\000\000\000\000\000\000\000\000\000\000\000\000\000\000\000\000\000\000\000\000\000\000\001""; }; nodes {;   nodedata: ""\021\000a""\000\000\000\000$\000\000\000\006%\000\000\000\007-\000\000\000\000U\256\322m\2146\221\305\341\316\031h?\276\005\207\253\236\tL;\371W\315\233X\345O\203\332\240\005\360b@\000\000\004l\214@6\201\024\3177\2633\3425H\2210g]\027\350~`\267{\247\373\332g\244\337\353\312\013\236hD\305E\177)\365\031\344}\231\342 ?\273\261,\263l\2443V5tR\001"";   nodeid: ""`\000\000\000\000\000\000\000\000\000\000\000\000\000\000\000\000\000\000\000\000\000\000\000\000\000\000\000\000\000\000\000\001""; }; ","ledgerHash: ""\326+\03569g\235`}\354\203s\003\217_Vf \233\324\237yU<\242:Zr\321\340\201]""; ledgerSeq: 7; type: liAS_NODE; nodes {;   nodedata: ""\021\000a""\000\000\000\000$\000\000\000\005%\000\000\000\007-\000\000\000\000U\256\322m\2146\221\305\341\316\031h?\276\005\207\253\236\tL;\371W\315\233X\345O\203\332\240\005\360b@\000\000*$\200\024@\201\024\237\311\327\222\336\304\221\216Q\027\001uf'%5\022:P\210@e&\014`#?\020s\314\3035_u\244\223G\263\322\035\357\201\363\033\220\333`\311\331n\373\360\001"";   nodeid: ""@\000\000\000\000\000\000\000\000\000\000\000\000\000\000\000\000\000\000\000\000\000\000\000\000\000\000\000\000\000\000\000\001""; }; nodes {;   nodedata: ""\021\000a""\000\000\000\000$\000\000\000\006%\000\000\000\007-\000\000\000\000U\256\322m\2146\221\305\341\316\031h?\276\005\207\253\236\tL;\371W\315\233X\345O\203\332\240\005\360b@\000\000\004l\214@6\201\024\3177\2633\3425H\2210g]\027\350~`\267{\247\373\332g\244\337\353\312\013\236hD\305E\177)\365\031\344}\231\342 ?\273\261,\263l\2443V5tR\001"";   nodeid: ""`\000\000\000\000\000\000\000\000\000\000\000\000\000\000\000\000\000\000\000\000\000\000\000\000\000\000\000\000\000\000\000\001""; }; "
1750527550773,1750527550773,1544,1,2,1,TMGetLedger,"itype: liTS_CANDIDATE; ledgerHash: ""3\321\n7\354)\tf\006\357\205B<h\272GQ \344\262\236\025#\003\024&\310\034\352\376\326""; nodeIDs: ""\000\000\000\000\000\000\000\000\000\000\000\000\000\000\000\000\000\000\000\000\000\000\000\000\000\000\000\000\000\000\000\000\000""; queryType: qtINDIRECT; queryDepth: 3; ","itype: liTS_CANDIDATE; ledgerHash: ""3\321\n7\354)\tf\006\357\205B<h\272GQ \344\262\236\025#\003\024&\310\034\352\376\326""; nodeIDs: ""\000\000\000\000\000\000\000\000\000\000\000\000\000\000\000\000\000\000\000\000\000\000\000\000\000\000\000\000\000\000\000\000\000""; queryType: qtINDIRECT; queryDepth: 3; "
1750527550774,1750527550774,589,1,2,0,TMGetLedger,"itype: liTS_CANDIDATE; ledgerHash: ""3\321\n7\354)\tf\006\357\205B<h\272GQ \344\262\236\025#\003\024&\310\034\352\376\326""; nodeIDs: ""\000\000\000\000\000\000\000\000\000\000\000\000\000\000\000\000\000\000\000\000\000\000\000\000\000\000\000\000\000\000\000\000\000""; queryType: qtINDIRECT; queryDepth: 3; ","itype: liTS_CANDIDATE; ledgerHash: ""3\321\n7\354)\tf\006\357\205B<h\272GQ \344\262\236\025#\003\024&\310\034\352\376\326""; nodeIDs: ""\000\000\000\000\000\000\000\000\000\000\000\000\000\000\000\000\000\000\000\000\000\000\000\000\000\000\000\000\000\000\000\000\000""; queryType: qtINDIRECT; queryDepth: 3; "
1750527550774,1750527550774,4000,1,2,3,TMGetLedger,"itype: liTS_CANDIDATE; ledgerHash: ""3\321\n7\354)\tf\006\357\205B<h\272GQ \344\262\236\025#\003\024&\310\034\352\376\326""; nodeIDs: ""\000\000\000\000\000\000\000\000\000\000\000\000\000\000\000\000\000\000\000\000\000\000\000\000\000\000\000\000\000\000\000\000\000""; queryType: qtINDIRECT; queryDepth: 3; ","itype: liTS_CANDIDATE; ledgerHash: ""3\321\n7\354)\tf\006\357\205B<h\272GQ \344\262\236\025#\003\024&\310\034\352\376\326""; nodeIDs: ""\000\000\000\000\000\000\000\000\000\000\000\000\000\000\000\000\000\000\000\000\000\000\000\000\000\000\000\000\000\000\000\000\000""; queryType: qtINDIRECT; queryDepth: 3; "
1750527550774,1750527550774,3719,1,2,4,TMGetLedger,"itype: liTS_CANDIDATE; ledgerHash: ""3\321\n7\354)\tf\006\357\205B<h\272GQ \344\262\236\025#\003\024&\310\034\352\376\326""; nodeIDs: ""\000\000\000\000\000\000\000\000\000\000\000\000\000\000\000\000\000\000\000\000\000\000\000\000\000\000\000\000\000\000\000\000\000""; queryType: qtINDIRECT; queryDepth: 3; ","itype: liTS_CANDIDATE; ledgerHash: ""3\321\n7\354)\tf\006\357\205B<h\272GQ \344\262\236\025#\003\024&\310\034\352\376\326""; nodeIDs: ""\000\000\000\000\000\000\000\000\000\000\000\000\000\000\000\000\000\000\000\000\000\000\000\000\000\000\000\000\000\000\000\000\000""; queryType: qtINDIRECT; queryDepth: 3; "
1750527550791,1750527550792,1434,1,0,1,TMLedgerData,"ledgerHash: ""\033@\177e\277\016\010u\327\371&\262\312\317Q\2361t\377x\234\001v\003%\030\325_\225g\204\346""; ledgerSeq: 7; type: liBASE; nodes {;   nodedata: ""\000\000\000\007\001cEx]\211\377\330\360\215\2502\265\245\310\226\243c\302Ze\306\253#r\020\211\320iG\276\020E\317\035Sf\223F\254\002\370\316\212^2r\204\377\207q\251\315\325\027st\315\275D\367""\312l\350\374\304zy\305\007\340\030\220\357M\025\212p\\332\356\317\346Z\350r\255\236\025^\210\375\243\353\025X\213xq\220$\254,/\351\252\253/\351\252\264\n\000""; }; nodes {;   nodedata: ""\323C\344\327\264{\312-\017:\006{\177\344N\002\326bO\260\220\006\033\362\345\005U\221DzJ0\001\301\025%1L\307\t\261\262z\374\222T\301\274V\236\223\262\270Ct\362\337b\356\024*\324\320\351\317\002k\336\234\027v\351\217\260\303\360\233ZPZWr\246$w\313\313\r\243r\232\2234\373\3539:N\004Q\245\272D\312D\300\300\t\323\0257\345e\271\na\215{\226\255x%T\257\037\333\004\344_/R\006E\344\037@\210\363\010\336T\226\247'\204_{\261\370""1\235\2445\343\033Y!\212\201\341\272\225'\007Z\314\023h\n\020~\036\324P\254\001\274\227n\020\273\023\010\nq\216Z\344\004\3612B\205\257\335\036\013\003""; }; nodes {;   nodedata: ""o\324D\221#\020\205W\305\353\227hj\364\005l\234.@%-\272\034\327\352\rf\2573\006\026\236\004\003""; }; ","ledgerHash: ""\033@\177e\277\016\010u\327\371&\262\312\317Q\2361t\377x\234\001v\003%\030\325_\225g\204\346""; ledgerSeq: 7; type: liBASE; nodes {;   nodedata: ""\000\000\000\007\001cEx]\211\377\330\360\215\2502\265\245\310\226\243c\302Ze\306\253#r\020\211\320iG\276\020E\317\035Sf\223F\254\002\370\316\212^2r\204\377\207q\251\315\325\027st\315\275D\367""\312l\350\374\304zy\305\007\340\030\220\357M\025\212p\\332\356\317\346Z\350r\255\236\025^\210\375\243\353\025X\213xq\220$\254,/\351\252\253/\351\252\264\n\000""; }; nodes {;   nodedata: ""\323C\344\327\264{\312-\017:\006{\177\344N\002\326bO\260\220\006\033\362\345\005U\221DzJ0\001\301\025%1L\307\t\261\262z\374\222T\301\274V\236\223\262\270Ct\362\337b\356\024*\324\320\351\317\002k\336\234\027v\351\217\260\303\360\233ZPZWr\246$w\313\313\r\243r\232\2234\373\3539:N\004Q\245\272D\312D\300\300\t\323\0257\345e\271\na\215{\226\255x%T\257\037\333\004\344_/R\006E\344\037@\210\363\010\336T\226\247'\204_{\261\370""1\235\2445\343\033Y!\212\201\341\272\225'\007Z\314\023h\n\020~\036\324P\254\001\274\227n\020\273\023\010\nq\216Z\344\004\3612B\205\257\335\036\013\003""; }; nodes {;   nodedata: ""o\324D\221#\020\205W\305\353\227hj\364\005l\234.@%-\272\034\327\352\rf\2573\006\026\236\004\003""; }; "
1750527550804,1750527550804,3085,1,3,0,TMLedgerData,"ledgerHash: ""\326+\03569g\235`}\354\203s\003\217_Vf \233\324\237yU<\242:Zr\321\340\201]""; ledgerSeq: 7; type: liBASE; nodes {;   nodedata: ""\000\000\000\007\001cEx]\211\377\330\360\215\2502\265\245\310\226\243c\302Ze\306\253#r\020\211\320iG\276\020E\317\035Sf\223F\254\020N |\264\023\251\372`\001\r\225\217P\243\370m\037op\306\025\027\013\002\257\266J\025/\3729\220\014>4\264\253\207\255\233\\356\277\340\345\017\323\341\201\004TK\004\373\204\253\204\240\3155\357\026\353/\351\252\253/\351\252\264\n\000""; }; nodes {;   nodedata: ""\341\035\262xv\226\317f5\366\365\252a\177\355\302\326\t\222~j\320f\374/ \363\256\257\361 \303\001\301\025%1L\307\t\261\262z\374\222T\301\274V\236\223\262\270Ct\362\337b\356\024*\324\320\351\317\002,\377\251Q\263\245*\373\267\332I\261\001\251N\313Su!\333\331\260|\312%\271\263\267\320\313\036\303\004\330\210a4\256y^267\344\320H\t\331\316{n\002q\260\017U_\270\321B\024U\313\2054\006E\344\037@\210\363\010\336T\226\247'\204_{\261\370""1\235\2445\343\033Y!\212\201\341\272\225'\007Z\314\023h\n\020~\036\324P\254\001\274\227n\020\273\023\010\nq\216Z\344\004\3612B\205\257\335\036\013\003""; }; nodes {;   nodedata: ""\233\330\223\352\3012\234}\322\031(\362*;JR3m]\203<\234\204jiO\033\304\322\017\232\202\n\003""; }; ","ledgerHash: ""\326+\03569g\235`}\354\203s\003\217_Vf \233\324\237yU<\242:Zr\321\340\201]""; ledgerSeq: 7; type: liBASE; nodes {;   nodedata: ""\000\000\000\007\001cEx]\211\377\330\360\215\2502\265\245\310\226\243c\302Ze\306\253#r\020\211\320iG\276\020E\317\035Sf\223F\254\020N |\264\023\251\372`\001\r\225\217P\243\370m\037op\306\025\027\013\002\257\266J\025/\3729\220\014>4\264\253\207\255\233\\356\277\340\345\017\323\341\201\004TK\004\373\204\253\204\240\3155\357\026\353/\351\252\253/\351\252\264\n\000""; }; nodes {;   nodedata: ""\341\035\262xv\226\317f5\366\365\252a\177\355\302\326\t\222~j\320f\374/ \363\256\257\361 \303\001\301\025%1L\307\t\261\262z\374\222T\301\274V\236\223\262\270Ct\362\337b\356\024*\324\320\351\317\002,\377\251Q\263\245*\373\267\332I\261\001\251N\313Su!\333\331\260|\312%\271\263\267\320\313\036\303\004\330\210a4\256y^267\344\320H\t\331\316{n\002q\260\017U_\270\321B\024U\313\2054\006E\344\037@\210\363\010\336T\226\247'\204_{\261\370""1\235\2445\343\033Y!\212\201\341\272\225'\007Z\314\023h\n\020~\036\324P\254\001\274\227n\020\273\023\010\nq\216Z\344\004\3612B\205\257\335\036\013\003""; }; nodes {;   nodedata: ""\233\330\223\352\3012\234}\322\031(\362*;JR3m]\203<\234\204jiO\033\304\322\017\232\202\n\003""; }; "
1750527550810,1750527550810,3085,1,3,0,TMLedgerData,"ledgerHash: ""\356\316\306(\314\366\340SA\320e\361\337A\350+\342\334{eBV\360\354\225)\263\237~v\236}""; ledgerSeq: 0; type: liTS_CANDIDATE; nodes {;   nodedata: ""\216b\024\334gS\347X\272b\322\267\303L\230\361n\036 \270-E\361}\351O\347\233\337\314!\215\010\003"";   nodeid: ""\000\000\000\000\000\000\000\000\000\000\000\000\000\000\000\000\000\000\000\000\000\000\000\000\000\000\000\000\000\000\000\000\000""; }; ","ledgerHash: ""\356\316\306(\314\366\340SA\320e\361\337A\350+\342\334{eBV\360\354\225)\263\237~v\236}""; ledgerSeq: 0; type: liTS_CANDIDATE; nodes {;   nodedata: ""\216b\024\334gS\347X\272b\322\267\303L\230\361n\036 \270-E\361}\351O\347\233\337\314!\215\010\003"";   nodeid: ""\000\000\000\000\000\000\000\000\000\000\000\000\000\000\000\000\000\000\000\000\000\000\000\000\000\000\000\000\000\000\000\000\000""; }; "
1750527550816,1750527550817,3769,1,1,3,TMGetLedger,"itype: liTS_CANDIDATE; ledgerHash: ""3\321\n7\354)\tf\006\357\205B<h\272GQ \344\262\236\025#\003\024&\310\034\352\376\326""; nodeIDs: ""\000\000\000\000\000\000\000\000\000\000\000\000\000\000\000\000\000\000\000\000\000\000\000\000\000\000\000\000\000\000\000\000\000""; requestCookie: 3; queryType: qtINDIRECT; queryDepth: 3; ","itype: liTS_CANDIDATE; ledgerHash: ""3\321\n7\354)\tf\006\357\205B<h\272GQ \344\262\236\025#\003\024&\310\034\352\376\326""; nodeIDs: ""\000\000\000\000\000\000\000\000\000\000\000\000\000\000\000\000\000\000\000\000\000\000\000\000\000\000\000\000\000\000\000\000\000""; requestCookie: 3; queryType: qtINDIRECT; queryDepth: 3; "
1750527550863,1750527550863,3818,1,0,2,TMLedgerData,"ledgerHash: ""3\321\n7\354)\tf\006\357\205B<h\272GQ \344\262\236\025#\003\024&\310\034\352\376\326""; ledgerSeq: 0; type: liTS_CANDIDATE; nodes {;   nodedata: ""'\240~~s\033\202\356\320\307\177Nt\203\315\245\305\276b\265\310\271\3319\245:\342=c\267\265\233\002\003"";   nodeid: ""\000\000\000\000\000\000\000\000\000\000\000\000\000\000\000\000\000\000\000\000\000\000\000\000\000\000\000\000\000\000\000\000\000""; }; ","ledgerHash: ""3\321\n7\354)\tf\006\357\205B<h\272GQ \344\262\236\025#\003\024&\310\034\352\376\326""; ledgerSeq: 0; type: liTS_CANDIDATE; nodes {;   nodedata: ""'\240~~s\033\202\356\320\307\177Nt\203\315\245\305\276b\265\310\271\3319\245:\342=c\267\265\233\002\003"";   nodeid: ""\000\000\000\000\000\000\000\000\000\000\000\000\000\000\000\000\000\000\000\000\000\000\000\000\000\000\000\000\000\000\000\000\000""; }; "
1750527550943,1750527550943,860,1,1,0,TMLedgerData,"ledgerHash: ""\326+\03569g\235`}\354\203s\003\217_Vf \233\324\237yU<\242:Zr\321\340\201]""; ledgerSeq: 7; type: liTX_NODE; nodes {;   nodedata: ""\274\022\000\000""\000\000\000\000$\000\000\000\005 \033\000\000\000\031a@\000\000\022\333\371\352\000h@\000\000\000\000\000\000\ns!\003K\250\201V\354\353\020.\253\242\026x\202\312\234\3314!'\021-D\001\225\355\256\367\361\211\2710ltF0D\002 9\312\273{!\334\315f\262\207h""M\334ieT\306\204<r\350)\356\340\326\356\337\355\371\201\257\002 2M\022\177y""\355\343\n\034\\246\024:\375\024\223\331[\216\234\345\010\v\300\313Bt\251\217,\201\024\3177\2633\3425H\2210g]\027\350~`\267{\247\373\332\203\024\237\311\327\222\336\304\221\216Q\027\001uf'%5\022:P\210\301] \034\000\000\000\000\370\345\021\000a%\000\000\000\005UGZ\227\022t\201\240u\2324P\027\307M\337'Y\361[IAD\351\374!\232\005\337\376\252\251gV@e&\014`#?\020s\314\3035_u\244\223G\263\322\035\357\201\363\033\220\333`\311\331n\373\360\346b@\000\000\027H\206*@\341\347""\000\000\000\000$\000\000\000\005-\000\000\000\000b@\000\000*$\200\024@\201\024\237\311\327\222\336\304\221\216Q\027\001uf'%5\022:P\210\341\341\345\021\000a%\000\000\000\005U\240\231\202k\030<\225\205;%\337\001\376d\216V\310\306k>\373\322\372\353b\3659\350\345\324F\026Vg\244\337\353\312\013\236hD\305E\177)\365\031\344}\231\342 ?\273\261,\263l\2443V5tR\346$\000\000\000\005b@\000\000\027H\206*@\341\347""\000\000\000\000$\000\000\000\006-\000\000\000\000b@\000\000\004l\214@6\201\024\3177\2633\3425H\2210g]\027\350~`\267{\247\373\332\341\341\361\003\020\000\256\322m\2146\221\305\341\316\031h?\276\005\207\253\236\tL;\371W\315\233X\345O\203\332\240\005\360\004"";   nodeid: ""\240\000\000\000\000\000\000\000\000\000\000\000\000\000\000\000\000\000\000\000\000\000\000\000\000\000\000\000\000\000\000\000\001""; }; ","ledgerHash: ""\326+\03569g\235`}\354\203s\003\217_Vf \233\324\237yU<\242:Zr\321\340\201]""; ledgerSeq: 7; type: liTX_NODE; nodes {;   nodedata: ""\274\022\000\000""\000\000\000\000$\000\000\000\005 \033\000\000\000\031a@\000\000\022\333\371\352\000h@\000\000\000\000\000\000\ns!\003K\250\201V\354\353\020.\253\242\026x\202\312\234\3314!'\021-D\001\225\355\256\367\361\211\2710ltF0D\002 9\312\273{!\334\315f\262\207h""M\334ieT\306\204<r\350)\356\340\326\356\337\355\371\201\257\002 2M\022\177y""\355\343\n\034\\246\024:\375\024\223\331[\216\234\345\010\v\300\313Bt\251\217,\201\024\3177\2633\3425H\2210g]\027\350~`\267{\247\373\332\203\024\237\311\327\222\336\304\221\216Q\027\001uf'%5\022:P\210\301] \034\000\000\000\000\370\345\021\000a%\000\000\000\005UGZ\227\022t\201\240u\2324P\027\307M\337'Y\361[IAD\351\374!\232\005\337\376\252\251gV@e&\014`#?\020s\314\3035_u\244\223G\263\322\035\357\201\363\033\220\333`\311\331n\373\360\346b@\000\000\027H\206*@\341\347""\000\000\000\000$\000\000\000\005-\000\000\000\000b@\000\000*$\200\024@\201\024\237\311\327\222\336\304\221\216Q\027\001uf'%5\022:P\210\341\341\345\021\000a%\000\000\000\005U\240\231\202k\030<\225\205;%\337\001\376d\216V\310\306k>\373\322\372\353b\3659\350\345\324F\026Vg\244\337\353\312\013\236hD\305E\177)\365\031\344}\231\342 ?\273\261,\263l\2443V5tR\346$\000\000\000\005b@\000\000\027H\206*@\341\347""\000\000\000\000$\000\000\000\006-\000\000\000\000b@\000\000\004l\214@6\201\024\3177\2633\3425H\2210g]\027\350~`\267{\247\373\332\341\341\361\003\020\000\256\322m\2146\221\305\341\316\031h?\276\005\207\253\236\tL;\371W\315\233X\345O\203\332\240\005\360\004"";   nodeid: ""\240\000\000\000\000\000\000\000\000\000\000\000\000\000\000\000\000\000\000\000\000\000\000\000\000\000\000\000\000\000\000\000\001""; }; "
1750527551024,1750527551024,3719,1,2,4,TMGetLedger,"itype: liTS_CANDIDATE; ledgerHash: ""3\321\n7\354)\tf\006\357\205B<h\272GQ \344\262\236\025#\003\024&\310\034\352\376\326""; nodeIDs: ""\000\000\000\000\000\000\000\000\000\000\000\000\000\000\000\000\000\000\000\000\000\000\000\000\000\000\000\000\000\000\000\000\000""; queryType: qtINDIRECT; queryDepth: 3; ","itype: liTS_CANDIDATE; ledgerHash: ""3\321\n7\354)\tf\006\357\205B<h\272GQ \344\262\236\025#\003\024&\310\034\352\376\326""; nodeIDs: ""\000\000\000\000\000\000\000\000\000\000\000\000\000\000\000\000\000\000\000\000\000\000\000\000\000\000\000\000\000\000\000\000\000""; queryType: qtINDIRECT; queryDepth: 3; "
1750527551024,1750527551024,4000,1,2,3,TMGetLedger,"itype: liTS_CANDIDATE; ledgerHash: ""3\321\n7\354)\tf\006\357\205B<h\272GQ \344\262\236\025#\003\024&\310\034\352\376\326""; nodeIDs: ""\000\000\000\000\000\000\000\000\000\000\000\000\000\000\000\000\000\000\000\000\000\000\000\000\000\000\000\000\000\000\000\000\000""; queryType: qtINDIRECT; queryDepth: 3; ","itype: liTS_CANDIDATE; ledgerHash: ""3\321\n7\354)\tf\006\357\205B<h\272GQ \344\262\236\025#\003\024&\310\034\352\376\326""; nodeIDs: ""\000\000\000\000\000\000\000\000\000\000\000\000\000\000\000\000\000\000\000\000\000\000\000\000\000\000\000\000\000\000\000\000\000""; queryType: qtINDIRECT; queryDepth: 3; "
1750527551024,1750527551024,1544,1,2,1,TMGetLedger,"itype: liTS_CANDIDATE; ledgerHash: ""3\321\n7\354)\tf\006\357\205B<h\272GQ \344\262\236\025#\003\024&\310\034\352\376\326""; nodeIDs: ""\000\000\000\000\000\000\000\000\000\000\000\000\000\000\000\000\000\000\000\000\000\000\000\000\000\000\000\000\000\000\000\000\000""; queryType: qtINDIRECT; queryDepth: 3; ","itype: liTS_CANDIDATE; ledgerHash: ""3\321\n7\354)\tf\006\357\205B<h\272GQ \344\262\236\025#\003\024&\310\034\352\376\326""; nodeIDs: ""\000\000\000\000\000\000\000\000\000\000\000\000\000\000\000\000\000\000\000\000\000\000\000\000\000\000\000\000\000\000\000\000\000""; queryType: qtINDIRECT; queryDepth: 3; "
1750527551024,1750527551024,589,1,2,0,TMGetLedger,"itype: liTS_CANDIDATE; ledgerHash: ""3\321\n7\354)\tf\006\357\205B<h\272GQ \344\262\236\025#\003\024&\310\034\352\376\326""; nodeIDs: ""\000\000\000\000\000\000\000\000\000\000\000\000\000\000\000\000\000\000\000\000\000\000\000\000\000\000\000\000\000\000\000\000\000""; queryType: qtINDIRECT; queryDepth: 3; ","itype: liTS_CANDIDATE; ledgerHash: ""3\321\n7\354)\tf\006\357\205B<h\272GQ \344\262\236\025#\003\024&\310\034\352\376\326""; nodeIDs: ""\000\000\000\000\000\000\000\000\000\000\000\000\000\000\000\000\000\000\000\000\000\000\000\000\000\000\000\000\000\000\000\000\000""; queryType: qtINDIRECT; queryDepth: 3; "
1750527551032,1750527551032,3085,1,3,0,TMLedgerData,"ledgerHash: ""\033@\177e\277\016\010u\327\371&\262\312\317Q\2361t\377x\234\001v\003%\030\325_\225g\204\346""; ledgerSeq: 7; type: liAS_NODE; nodes {;   nodedata: ""\021\000a""\000\000\000\000$\000\000\000\006%\000\000\000\007-\000\000\000\000UMJ\275'\324\005\036\313\204nW\300\362\327\016\205\236\021\351Q6\021\355\301\372\322\276g\026\243\361Mb@\000\000\003\365V\2546\201\024\3177\2633\3425H\2210g]\027\350~`\267{\247\373\332g\244\337\353\312\013\236hD\305E\177)\365\031\344}\231\342 ?\273\261,\263l\2443V5tR\001"";   nodeid: ""`\000\000\000\000\000\000\000\000\000\000\000\000\000\000\000\000\000\000\000\000\000\000\000\000\000\000\000\000\000\000\000\001""; }; nodes {;   nodedata: ""\021\000a""\000\000\000\000$\000\000\000\005%\000\000\000\007-\000\000\000\000UMJ\275'\324\005\036\313\204nW\300\362\327\016\205\236\021\351Q6\021\355\301\372\322\276g\026\243\361Mb@\000\000*\233\265\250@\201\024\272\177ez`?~\240\022\321\013D\240\325V\364\241\375\n@\030+E\324}\254\210\205\211\200xl\010D\242\344Yy\230'SU,\346\210\010%\240N\231\363\306\001"";   nodeid: ""\020\000\000\000\000\000\000\000\000\000\000\000\000\000\000\000\000\000\000\000\000\000\000\000\000\000\000\000\000\000\000\000\001""; }; requestCookie: 3; ","ledgerHash: ""\033@\177e\277\016\010u\327\371&\262\312\317Q\2361t\377x\234\001v\003%\030\325_\225g\204\346""; ledgerSeq: 7; type: liAS_NODE; nodes {;   nodedata: ""\021\000a""\000\000\000\000$\000\000\000\006%\000\000\000\007-\000\000\000\000UMJ\275'\324\005\036\313\204nW\300\362\327\016\205\236\021\351Q6\021\355\301\372\322\276g\026\243\361Mb@\000\000\003\365V\2546\201\024\3177\2633\3425H\2210g]\027\350~`\267{\247\373\332g\244\337\353\312\013\236hD\305E\177)\365\031\344}\231\342 ?\273\261,\263l\2443V5tR\001"";   nodeid: ""`\000\000\000\000\000\000\000\000\000\000\000\000\000\000\000\000\000\000\000\000\000\000\000\000\000\000\000\000\000\000\000\001""; }; nodes {;   nodedata: ""\021\000a""\000\000\000\000$\000\000\000\005%\000\000\000\007-\000\000\000\000UMJ\275'\324\005\036\313\204nW\300\362\327\016\205\236\021\351Q6\021\355\301\372\322\276g\026\243\361Mb@\000\000*\233\265\250@\201\024\272\177ez`?~\240\022\321\013D\240\325V\364\241\375\n@\030+E\324}\254\210\205\211\200xl\010D\242\344Yy\230'SU,\346\210\010%\240N\231\363\306\001"";   nodeid: ""\020\000\000\000\000\000\000\000\000\000\000\000\000\000\000\000\000\000\000\000\000\000\000\000\000\000\000\000\000\000\000\000\001""; }; requestCookie: 3; "
1750527551047,1750527551047,380,1,0,4,TMGetLedger,"itype: liTX_NODE; ledgerHash: ""\326+\03569g\235`}\354\203s\003\217_Vf \233\324\237yU<\242:Zr\321\340\201]""; ledgerSeq: 7; nodeIDs: ""\240\000\000\000\000\000\000\000\000\000\000\000\000\000\000\000\000\000\000\000\000\000\000\000\000\000\000\000\000\000\000\000\001""; queryType: qtINDIRECT; queryDepth: 0; ","itype: liTX_NODE; ledgerHash: ""\326+\03569g\235`}\354\203s\003\217_Vf \233\324\237yU<\242:Zr\321\340\201]""; ledgerSeq: 7; nodeIDs: ""\240\000\000\000\000\000\000\000\000\000\000\000\000\000\000\000\000\000\000\000\000\000\000\000\000\000\000\000\000\000\000\000\001""; queryType: qtINDIRECT; queryDepth: 0; "
1750527551047,1750527551047,3375,1,0,1,TMGetLedger,"itype: liTX_NODE; ledgerHash: ""\326+\03569g\235`}\354\203s\003\217_Vf \233\324\237yU<\242:Zr\321\340\201]""; ledgerSeq: 7; nodeIDs: ""\240\000\000\000\000\000\000\000\000\000\000\000\000\000\000\000\000\000\000\000\000\000\000\000\000\000\000\000\000\000\000\000\001""; queryType: qtINDIRECT; queryDepth: 0; ","itype: liTX_NODE; ledgerHash: ""\326+\03569g\235`}\354\203s\003\217_Vf \233\324\237yU<\242:Zr\321\340\201]""; ledgerSeq: 7; nodeIDs: ""\240\000\000\000\000\000\000\000\000\000\000\000\000\000\000\000\000\000\000\000\000\000\000\000\000\000\000\000\000\000\000\000\001""; queryType: qtINDIRECT; queryDepth: 0; "
1750527551047,1750527551048,3094,1,0,3,TMGetLedger,"itype: liTX_NODE; ledgerHash: ""\326+\03569g\235`}\354\203s\003\217_Vf \233\324\237yU<\242:Zr\321\340\201]""; ledgerSeq: 7; nodeIDs: ""\240\000\000\000\000\000\000\000\000\000\000\000\000\000\000\000\000\000\000\000\000\000\000\000\000\000\000\000\000\000\000\000\001""; queryType: qtINDIRECT; queryDepth: 0; ","itype: liTX_NODE; ledgerHash: ""\326+\03569g\235`}\354\203s\003\217_Vf \233\324\237yU<\242:Zr\321\340\201]""; ledgerSeq: 7; nodeIDs: ""\240\000\000\000\000\000\000\000\000\000\000\000\000\000\000\000\000\000\000\000\000\000\000\000\000\000\000\000\000\000\000\000\001""; queryType: qtINDIRECT; queryDepth: 0; "
1750527551048,1750527551048,1199,1,0,2,TMGetLedger,"itype: liTX_NODE; ledgerHash: ""\326+\03569g\235`}\354\203s\003\217_Vf \233\324\237yU<\242:Zr\321\340\201]""; ledgerSeq: 7; nodeIDs: ""\240\000\000\000\000\000\000\000\000\000\000\000\000\000\000\000\000\000\000\000\000\000\000\000\000\000\000\000\000\000\000\000\001""; queryType: qtINDIRECT; queryDepth: 0; ","itype: liTX_NODE; ledgerHash: ""\326+\03569g\235`}\354\203s\003\217_Vf \233\324\237yU<\242:Zr\321\340\201]""; ledgerSeq: 7; nodeIDs: ""\240\000\000\000\000\000\000\000\000\000\000\000\000\000\000\000\000\000\000\000\000\000\000\000\000\000\000\000\000\000\000\000\001""; queryType: qtINDIRECT; queryDepth: 0; "
1750527551060,1750527551060,3085,1,3,0,TMLedgerData,"ledgerHash: ""\356\316\306(\314\366\340SA\320e\361\337A\350+\342\334{eBV\360\354\225)\263\237~v\236}""; ledgerSeq: 0; type: liTS_CANDIDATE; nodes {;   nodedata: ""\216b\024\334gS\347X\272b\322\267\303L\230\361n\036 \270-E\361}\351O\347\233\337\314!\215\010\003"";   nodeid: ""\000\000\000\000\000\000\000\000\000\000\000\000\000\000\000\000\000\000\000\000\000\000\000\000\000\000\000\000\000\000\000\000\000""; }; ","ledgerHash: ""\356\316\306(\314\366\340SA\320e\361\337A\350+\342\334{eBV\360\354\225)\263\237~v\236}""; ledgerSeq: 0; type: liTS_CANDIDATE; nodes {;   nodedata: ""\216b\024\334gS\347X\272b\322\267\303L\230\361n\036 \270-E\361}\351O\347\233\337\314!\215\010\003"";   nodeid: ""\000\000\000\000\000\000\000\000\000\000\000\000\000\000\000\000\000\000\000\000\000\000\000\000\000\000\000\000\000\000\000\000\000""; }; "
1750527551066,1750527551066,1539,1,4,2,TMLedgerData,"ledgerHash: ""\033@\177e\277\016\010u\327\371&\262\312\317Q\2361t\377x\234\001v\003%\030\325_\225g\204\346""; ledgerSeq: 7; type: liAS_NODE; nodes {;   nodedata: ""\021\000a""\000\000\000\000$\000\000\000\006%\000\000\000\007-\000\000\000\000UMJ\275'\324\005\036\313\204nW\300\362\327\016\205\236\021\351Q6\021\355\301\372\322\276g\026\243\361Mb@\000\000\003\365V\2546\201\024\3177\2633\3425H\2210g]\027\350~`\267{\247\373\332g\244\337\353\312\013\236hD\305E\177)\365\031\344}\231\342 ?\273\261,\263l\2443V5tR\001"";   nodeid: ""`\000\000\000\000\000\000\000\000\000\000\000\000\000\000\000\000\000\000\000\000\000\000\000\000\000\000\000\000\000\000\000\001""; }; nodes {;   nodedata: ""\021\000a""\000\000\000\000$\000\000\000\005%\000\000\000\007-\000\000\000\000UMJ\275'\324\005\036\313\204nW\300\362\327\016\205\236\021\351Q6\021\355\301\372\322\276g\026\243\361Mb@\000\000*\233\265\250@\201\024\272\177ez`?~\240\022\321\013D\240\325V\364\241\375\n@\030+E\324}\254\210\205\211\200xl\010D\242\344Yy\230'SU,\346\210\010%\240N\231\363\306\001"";   nodeid: ""\020\000\000\000\000\000\000\000\000\000\000\000\000\000\000\000\000\000\000\000\000\000\000\000\000\000\000\000\000\000\000\000\001""; }; ","ledgerHash: ""\033@\177e\277\016\010u\327\371&\262\312\317Q\2361t\377x\234\001v\003%\030\325_\225g\204\346""; ledgerSeq: 7; type: liAS_NODE; nodes {;   nodedata: ""\021\000a""\000\000\000\000$\000\000\000\006%\000\000\000\007-\000\000\000\000UMJ\275'\324\005\036\313\204nW\300\362\327\016\205\236\021\351Q6\021\355\301\372\322\276g\026\243\361Mb@\000\000\003\365V\2546\201\024\3177\2633\3425H\2210g]\027\350~`\267{\247\373\332g\244\337\353\312\013\236hD\305E\177)\365\031\344}\231\342 ?\273\261,\263l\2443V5tR\001"";   nodeid: ""`\000\000\000\000\000\000\000\000\000\000\000\000\000\000\000\000\000\000\000\000\000\000\000\000\000\000\000\000\000\000\000\001""; }; nodes {;   nodedata: ""\021\000a""\000\000\000\000$\000\000\000\005%\000\000\000\007-\000\000\000\000UMJ\275'\324\005\036\313\204nW\300\362\327\016\205\236\021\351Q6\021\355\301\372\322\276g\026\243\361Mb@\000\000*\233\265\250@\201\024\272\177ez`?~\240\022\321\013D\240\325V\364\241\375\n@\030+E\324}\254\210\205\211\200xl\010D\242\344Yy\230'SU,\346\210\010%\240N\231\363\306\001"";   nodeid: ""\020\000\000\000\000\000\000\000\000\000\000\000\000\000\000\000\000\000\000\000\000\000\000\000\000\000\000\000\000\000\000\000\001""; }; "
1750527551084,1750527551085,1782,1,1,4,TMLedgerData,"ledgerHash: ""\326+\03569g\235`}\354\203s\003\217_Vf \233\324\237yU<\242:Zr\321\340\201]""; ledgerSeq: 7; type: liAS_NODE; nodes {;   nodedata: ""\021\000a""\000\000\000\000$\000\000\000\005%\000\000\000\007-\000\000\000\000U\256\322m\2146\221\305\341\316\031h?\276\005\207\253\236\tL;\371W\315\233X\345O\203\332\240\005\360b@\000\000*$\200\024@\201\024\237\311\327\222\336\304\221\216Q\027\001uf'%5\022:P\210@e&\014`#?\020s\314\3035_u\244\223G\263\322\035\357\201\363\033\220\333`\311\331n\373\360\001"";   nodeid: ""@\000\000\000\000\000\000\000\000\000\000\000\000\000\000\000\000\000\000\000\000\000\000\000\000\000\000\000\000\000\000\000\001""; }; nodes {;   nodedata: ""\021\000a""\000\000\000\000$\000\000\000\006%\000\000\000\007-\000\000\000\000U\256\322m\2146\221\305\341\316\031h?\276\005\207\253\236\tL;\371W\315\233X\345O\203\332\240\005\360b@\000\000\004l\214@6\201\024\3177\2633\3425H\2210g]\027\350~`\267{\247\373\332g\244\337\353\312\013\236hD\305E\177)\365\031\344}\231\342 ?\273\261,\263l\2443V5tR\001"";   nodeid: ""`\000\000\000\000\000\000\000\000\000\000\000\000\000\000\000\000\000\000\000\000\000\000\000\000\000\000\000\000\000\000\000\001""; }; requestCookie: 4; ","ledgerHash: ""\326+\03569g\235`}\354\203s\003\217_Vf \233\324\237yU<\242:Zr\321\340\201]""; ledgerSeq: 7; type: liAS_NODE; nodes {;   nodedata: ""\021\000a""\000\000\000\000$\000\000\000\005%\000\000\000\007-\000\000\000\000U\256\322m\2146\221\305\341\316\031h?\276\005\207\253\236\tL;\371W\315\233X\345O\203\332\240\005\360b@\000\000*$\200\024@\201\024\237\311\327\222\336\304\221\216Q\027\001uf'%5\022:P\210@e&\014`#?\020s\314\3035_u\244\223G\263\322\035\357\201\363\033\220\333`\311\331n\373\360\001"";   nodeid: ""@\000\000\000\000\000\000\000\000\000\000\000\000\000\000\000\000\000\000\000\000\000\000\000\000\000\000\000\000\000\000\000\001""; }; nodes {;   nodedata: ""\021\000a""\000\000\000\000$\000\000\000\006%\000\000\000\007-\000\000\000\000U\256\322m\2146\221\305\341\316\031h?\276\005\207\253\236\tL;\371W\315\233X\345O\203\332\240\005\360b@\000\000\004l\214@6\201\024\3177\2633\3425H\2210g]\027\350~`\267{\247\373\332g\244\337\353\312\013\236hD\305E\177)\365\031\344}\231\342 ?\273\261,\263l\2443V5tR\001"";   nodeid: ""`\000\000\000\000\000\000\000\000\000\000\000\000\000\000\000\000\000\000\000\000\000\000\000\000\000\000\000\000\000\000\000\001""; }; requestCookie: 4; "
1750527551114,1750527551114,3818,1,0,2,TMLedgerData,"ledgerHash: ""3\321\n7\354)\tf\006\357\205B<h\272GQ \344\262\236\025#\003\024&\310\034\352\376\326""; ledgerSeq: 0; type: liTS_CANDIDATE; nodes {;   nodedata: ""'\240~~s\033\202\356\320\307\177Nt\203\315\245\305\276b\265\310\271\3319\245:\342=c\267\265\233\002\003"";   nodeid: ""\000\000\000\000\000\000\000\000\000\000\000\000\000\000\000\000\000\000\000\000\000\000\000\000\000\000\000\000\000\000\000\000\000""; }; ","ledgerHash: ""3\321\n7\354)\tf\006\357\205B<h\272GQ \344\262\236\025#\003\024&\310\034\352\376\326""; ledgerSeq: 0; type: liTS_CANDIDATE; nodes {;   nodedata: ""'\240~~s\033\202\356\320\307\177Nt\203\315\245\305\276b\265\310\271\3319\245:\342=c\267\265\233\002\003"";   nodeid: ""\000\000\000\000\000\000\000\000\000\000\000\000\000\000\000\000\000\000\000\000\000\000\000\000\000\000\000\000\000\000\000\000\000""; }; "
1750527551247,1750527551247,142,1,0,3,TMProposeSet,"proposeSeq: 1; currentTxHash: ""\356\316\306(\314\366\340SA\320e\361\337A\350+\342\334{eBV\360\354\225)\263\237~v\236}""; nodePubKey: ""\003\255\225A\213\332\224ehh\024BDq\224\250\335`\355\353{\357\266\335<\021\032\265\177\206\356&\215""; closeTime: 803842750; signature: ""0D\002 1\375""\021-w'<\277\302'\312T\344\302\317\255\315\204\320\265q\372U%bC\375i\200\213q\002 P\215:.f\2412\300\025u\301kk\310E2\000\002m3\3222I_@\226\002\021\235y\363\354""; previousledger: ""\276\230H\305\2714\032l\253n6W\035\354\257.f\r\217\302\203\224\212L\020\S\370\243OP*""; ","proposeSeq: 1; currentTxHash: ""\356\316\306(\314\366\340SA\320e\361\337A\350+\342\334{eBV\360\354\225)\263\237~v\236}""; nodePubKey: ""\003\255\225A\213\332\224ehh\024BDq\224\250\335`\355\353{\357\266\335<\021\032\265\177\206\356&\215""; closeTime: 803842750; signature: ""0D\002 1\375""\021-w'<\277\302'\312T\344\302\317\255\315\204\320\265q\372U%bC\375i\200\213q\002 P\215:.f\2412\300\025u\301kk\310E2\000\002m3\3222I_@\226\002\021\235y\363\354""; previousledger: ""\276\230H\305\2714\032l\253n6W\035\354\257.f\r\217\302\203\224\212L\020\S\370\243OP*""; "
1750527551248,1750527551248,3504,1,0,4,TMProposeSet,"proposeSeq: 1; currentTxHash: ""\356\316\306(\314\366\340SA\320e\361\337A\350+\342\334{eBV\360\354\225)\263\237~v\236}""; nodePubKey: ""\003\255\225A\213\332\224ehh\024BDq\224\250\335`\355\353{\357\266\335<\021\032\265\177\206\356&\215""; closeTime: 803842750; signature: ""0D\002 1\375""\021-w'<\277\302'\312T\344\302\317\255\315\204\320\265q\372U%bC\375i\200\213q\002 P\215:.f\2412\300\025u\301kk\310E2\000\002m3\3222I_@\226\002\021\235y\363\354""; previousledger: ""\276\230H\305\2714\032l\253n6W\035\354\257.f\r\217\302\203\224\212L\020\S\370\243OP*""; ","proposeSeq: 1; currentTxHash: ""\356\316\306(\314\366\340SA\320e\361\337A\350+\342\334{eBV\360\354\225)\263\237~v\236}""; nodePubKey: ""\003\255\225A\213\332\224ehh\024BDq\224\250\335`\355\353{\357\266\335<\021\032\265\177\206\356&\215""; closeTime: 803842750; signature: ""0D\002 1\375""\021-w'<\277\302'\312T\344\302\317\255\315\204\320\265q\372U%bC\375i\200\213q\002 P\215:.f\2412\300\025u\301kk\310E2\000\002m3\3222I_@\226\002\021\235y\363\354""; previousledger: ""\276\230H\305\2714\032l\253n6W\035\354\257.f\r\217\302\203\224\212L\020\S\370\243OP*""; "
1750527551248,1750527551248,3849,1,0,1,TMProposeSet,"proposeSeq: 1; currentTxHash: ""\356\316\306(\314\366\340SA\320e\361\337A\350+\342\334{eBV\360\354\225)\263\237~v\236}""; nodePubKey: ""\003\255\225A\213\332\224ehh\024BDq\224\250\335`\355\353{\357\266\335<\021\032\265\177\206\356&\215""; closeTime: 803842750; signature: ""0D\002 1\375""\021-w'<\277\302'\312T\344\302\317\255\315\204\320\265q\372U%bC\375i\200\213q\002 P\215:.f\2412\300\025u\301kk\310E2\000\002m3\3222I_@\226\002\021\235y\363\354""; previousledger: ""\276\230H\305\2714\032l\253n6W\035\354\257.f\r\217\302\203\224\212L\020\S\370\243OP*""; ","proposeSeq: 1; currentTxHash: ""\356\316\306(\314\366\340SA\320e\361\337A\350+\342\334{eBV\360\354\225)\263\237~v\236}""; nodePubKey: ""\003\255\225A\213\332\224ehh\024BDq\224\250\335`\355\353{\357\266\335<\021\032\265\177\206\356&\215""; closeTime: 803842750; signature: ""0D\002 1\375""\021-w'<\277\302'\312T\344\302\317\255\315\204\320\265q\372U%bC\375i\200\213q\002 P\215:.f\2412\300\025u\301kk\310E2\000\002m3\3222I_@\226\002\021\235y\363\354""; previousledger: ""\276\230H\305\2714\032l\253n6W\035\354\257.f\r\217\302\203\224\212L\020\S\370\243OP*""; "
1750527551263,1750527551264,2523,1,3,2,TMLedgerData,"ledgerHash: ""\326+\03569g\235`}\354\203s\003\217_Vf \233\324\237yU<\242:Zr\321\340\201]""; ledgerSeq: 7; type: liBASE; nodes {;   nodedata: ""\000\000\000\007\001cEx]\211\377\330\360\215\2502\265\245\310\226\243c\302Ze\306\253#r\020\211\320iG\276\020E\317\035Sf\223F\254\020N |\264\023\251\372`\001\r\225\217P\243\370m\037op\306\025\027\013\002\257\266J\025/\3729\220\014>4\264\253\207\255\233\\356\277\340\345\017\323\341\201\004TK\004\373\204\253\204\240\3155\357\026\353/\351\252\253/\351\252\264\n\000""; }; nodes {;   nodedata: ""\341\035\262xv\226\317f5\366\365\252a\177\355\302\326\t\222~j\320f\374/ \363\256\257\361 \303\001\301\025%1L\307\t\261\262z\374\222T\301\274V\236\223\262\270Ct\362\337b\356\024*\324\320\351\317\002,\377\251Q\263\245*\373\267\332I\261\001\251N\313Su!\333\331\260|\312%\271\263\267\320\313\036\303\004\330\210a4\256y^267\344\320H\t\331\316{n\002q\260\017U_\270\321B\024U\313\2054\006E\344\037@\210\363\010\336T\226\247'\204_{\261\370""1\235\2445\343\033Y!\212\201\341\272\225'\007Z\314\023h\n\020~\036\324P\254\001\274\227n\020\273\023\010\nq\216Z\344\004\3612B\205\257\335\036\013\003""; }; nodes {;   nodedata: ""\233\330\223\352\3012\234}\322\031(\362*;JR3m]\203<\234\204jiO\033\304\322\017\232\202\n\003""; }; ","ledgerHash: ""\326+\03569g\235`}\354\203s\003\217_Vf \233\324\237yU<\242:Zr\321\340\201]""; ledgerSeq: 7; type: liBASE; nodes {;   nodedata: ""\000\000\000\007\001cEx]\211\377\330\360\215\2502\265\245\310\226\243c\302Ze\306\253#r\020\211\320iG\276\020E\317\035Sf\223F\254\020N |\264\023\251\372`\001\r\225\217P\243\370m\037op\306\025\027\013\002\257\266J\025/\3729\220\014>4\264\253\207\255\233\\356\277\340\345\017\323\341\201\004TK\004\373\204\253\204\240\3155\357\026\353/\351\252\253/\351\252\264\n\000""; }; nodes {;   nodedata: ""\341\035\262xv\226\317f5\366\365\252a\177\355\302\326\t\222~j\320f\374/ \363\256\257\361 \303\001\301\025%1L\307\t\261\262z\374\222T\301\274V\236\223\262\270Ct\362\337b\356\024*\324\320\351\317\002,\377\251Q\263\245*\373\267\332I\261\001\251N\313Su!\333\331\260|\312%\271\263\267\320\313\036\303\004\330\210a4\256y^267\344\320H\t\331\316{n\002q\260\017U_\270\321B\024U\313\2054\006E\344\037@\210\363\010\336T\226\247'\204_{\261\370""1\235\2445\343\033Y!\212\201\341\272\225'\007Z\314\023h\n\020~\036\324P\254\001\274\227n\020\273\023\010\nq\216Z\344\004\3612B\205\257\335\036\013\003""; }; nodes {;   nodedata: ""\233\330\223\352\3012\234}\322\031(\362*;JR3m]\203<\234\204jiO\033\304\322\017\232\202\n\003""; }; "
1750527551273,1750527551273,589,1,2,0,TMGetLedger,"itype: liTS_CANDIDATE; ledgerHash: ""3\321\n7\354)\tf\006\357\205B<h\272GQ \344\262\236\025#\003\024&\310\034\352\376\326""; nodeIDs: ""\000\000\000\000\000\000\000\000\000\000\000\000\000\000\000\000\000\000\000\000\000\000\000\000\000\000\000\000\000\000\000\000\000""; queryType: qtINDIRECT; queryDepth: 3; ","itype: liTS_CANDIDATE; ledgerHash: ""3\321\n7\354)\tf\006\357\205B<h\272GQ \344\262\236\025#\003\024&\310\034\352\376\326""; nodeIDs: ""\000\000\000\000\000\000\000\000\000\000\000\000\000\000\000\000\000\000\000\000\000\000\000\000\000\000\000\000\000\000\000\000\000""; queryType: qtINDIRECT; queryDepth: 3; "
1750527551273,1750527551273,4000,1,2,3,TMGetLedger,"itype: liTS_CANDIDATE; ledgerHash: ""3\321\n7\354)\tf\006\357\205B<h\272GQ \344\262\236\025#\003\024&\310\034\352\376\326""; nodeIDs: ""\000\000\000\000\000\000\000\000\000\000\000\000\000\000\000\000\000\000\000\000\000\000\000\000\000\000\000\000\000\000\000\000\000""; queryType: qtINDIRECT; queryDepth: 3; ","itype: liTS_CANDIDATE; ledgerHash: ""3\321\n7\354)\tf\006\357\205B<h\272GQ \344\262\236\025#\003\024&\310\034\352\376\326""; nodeIDs: ""\000\000\000\000\000\000\000\000\000\000\000\000\000\000\000\000\000\000\000\000\000\000\000\000\000\000\000\000\000\000\000\000\000""; queryType: qtINDIRECT; queryDepth: 3; "
1750527551273,1750527551273,1544,1,2,1,TMGetLedger,"itype: liTS_CANDIDATE; ledgerHash: ""3\321\n7\354)\tf\006\357\205B<h\272GQ \344\262\236\025#\003\024&\310\034\352\376\326""; nodeIDs: ""\000\000\000\000\000\000\000\000\000\000\000\000\000\000\000\000\000\000\000\000\000\000\000\000\000\000\000\000\000\000\000\000\000""; queryType: qtINDIRECT; queryDepth: 3; ","itype: liTS_CANDIDATE; ledgerHash: ""3\321\n7\354)\tf\006\357\205B<h\272GQ \344\262\236\025#\003\024&\310\034\352\376\326""; nodeIDs: ""\000\000\000\000\000\000\000\000\000\000\000\000\000\000\000\000\000\000\000\000\000\000\000\000\000\000\000\000\000\000\000\000\000""; queryType: qtINDIRECT; queryDepth: 3; "
1750527551274,1750527551274,3719,1,2,4,TMGetLedger,"itype: liTS_CANDIDATE; ledgerHash: ""3\321\n7\354)\tf\006\357\205B<h\272GQ \344\262\236\025#\003\024&\310\034\352\376\326""; nodeIDs: ""\000\000\000\000\000\000\000\000\000\000\000\000\000\000\000\000\000\000\000\000\000\000\000\000\000\000\000\000\000\000\000\000\000""; queryType: qtINDIRECT; queryDepth: 3; ","itype: liTS_CANDIDATE; ledgerHash: ""3\321\n7\354)\tf\006\357\205B<h\272GQ \344\262\236\025#\003\024&\310\034\352\376\326""; nodeIDs: ""\000\000\000\000\000\000\000\000\000\000\000\000\000\000\000\000\000\000\000\000\000\000\000\000\000\000\000\000\000\000\000\000\000""; queryType: qtINDIRECT; queryDepth: 3; "
1750527551317,1750527551317,3810,1,1,4,TMGetLedger,"itype: liTS_CANDIDATE; ledgerHash: ""3\321\n7\354)\tf\006\357\205B<h\272GQ \344\262\236\025#\003\024&\310\034\352\376\326""; nodeIDs: ""\000\000\000\000\000\000\000\000\000\000\000\000\000\000\000\000\000\000\000\000\000\000\000\000\000\000\000\000\000\000\000\000\000""; requestCookie: 3; queryType: qtINDIRECT; queryDepth: 3; ","itype: liTS_CANDIDATE; ledgerHash: ""3\321\n7\354)\tf\006\357\205B<h\272GQ \344\262\236\025#\003\024&\310\034\352\376\326""; nodeIDs: ""\000\000\000\000\000\000\000\000\000\000\000\000\000\000\000\000\000\000\000\000\000\000\000\000\000\000\000\000\000\000\000\000\000""; requestCookie: 3; queryType: qtINDIRECT; queryDepth: 3; "
1750527551347,1750527551347,2523,1,3,2,TMLedgerData,"ledgerHash: ""\033@\177e\277\016\010u\327\371&\262\312\317Q\2361t\377x\234\001v\003%\030\325_\225g\204\346""; ledgerSeq: 7; type: liAS_NODE; nodes {;   nodedata: ""\021\000a""\000\000\000\000$\000\000\000\006%\000\000\000\007-\000\000\000\000UMJ\275'\324\005\036\313\204nW\300\362\327\016\205\236\021\351Q6\021\355\301\372\322\276g\026\243\361Mb@\000\000\003\365V\2546\201\024\3177\2633\3425H\2210g]\027\350~`\267{\247\373\332g\244\337\353\312\013\236hD\305E\177)\365\031\344}\231\342 ?\273\261,\263l\2443V5tR\001"";   nodeid: ""`\000\000\000\000\000\000\000\000\000\000\000\000\000\000\000\000\000\000\000\000\000\000\000\000\000\000\000\000\000\000\000\001""; }; nodes {;   nodedata: ""\021\000a""\000\000\000\000$\000\000\000\005%\000\000\000\007-\000\000\000\000UMJ\275'\324\005\036\313\204nW\300\362\327\016\205\236\021\351Q6\021\355\301\372\322\276g\026\243\361Mb@\000\000*\233\265\250@\201\024\272\177ez`?~\240\022\321\013D\240\325V\364\241\375\n@\030+E\324}\254\210\205\211\200xl\010D\242\344Yy\230'SU,\346\210\010%\240N\231\363\306\001"";   nodeid: ""\020\000\000\000\000\000\000\000\000\000\000\000\000\000\000\000\000\000\000\000\000\000\000\000\000\000\000\000\000\000\000\000\001""; }; ","ledgerHash: ""\033@\177e\277\016\010u\327\371&\262\312\317Q\2361t\377x\234\001v\003%\030\325_\225g\204\346""; ledgerSeq: 7; type: liAS_NODE; nodes {;   nodedata: ""\021\000a""\000\000\000\000$\000\000\000\006%\000\000\000\007-\000\000\000\000UMJ\275'\324\005\036\313\204nW\300\362\327\016\205\236\021\351Q6\021\355\301\372\322\276g\026\243\361Mb@\000\000\003\365V\2546\201\024\3177\2633\3425H\2210g]\027\350~`\267{\247\373\332g\244\337\353\312\013\236hD\305E\177)\365\031\344}\231\342 ?\273\261,\263l\2443V5tR\001"";   nodeid: ""`\000\000\000\000\000\000\000\000\000\000\000\000\000\000\000\000\000\000\000\000\000\000\000\000\000\000\000\000\000\000\000\001""; }; nodes {;   nodedata: ""\021\000a""\000\000\000\000$\000\000\000\005%\000\000\000\007-\000\000\000\000UMJ\275'\324\005\036\313\204nW\300\362\327\016\205\236\021\351Q6\021\355\301\372\322\276g\026\243\361Mb@\000\000*\233\265\250@\201\024\272\177ez`?~\240\022\321\013D\240\325V\364\241\375\n@\030+E\324}\254\210\205\211\200xl\010D\242\344Yy\230'SU,\346\210\010%\240N\231\363\306\001"";   nodeid: ""\020\000\000\000\000\000\000\000\000\000\000\000\000\000\000\000\000\000\000\000\000\000\000\000\000\000\000\000\000\000\000\000\001""; }; "
1750527551364,1750527551364,3818,1,0,2,TMLedgerData,"ledgerHash: ""3\321\n7\354)\tf\006\357\205B<h\272GQ \344\262\236\025#\003\024&\310\034\352\376\326""; ledgerSeq: 0; type: liTS_CANDIDATE; nodes {;   nodedata: ""'\240~~s\033\202\356\320\307\177Nt\203\315\245\305\276b\265\310\271\3319\245:\342=c\267\265\233\002\003"";   nodeid: ""\000\000\000\000\000\000\000\000\000\000\000\000\000\000\000\000\000\000\000\000\000\000\000\000\000\000\000\000\000\000\000\000\000""; }; ","ledgerHash: ""3\321\n7\354)\tf\006\357\205B<h\272GQ \344\262\236\025#\003\024&\310\034\352\376\326""; ledgerSeq: 0; type: liTS_CANDIDATE; nodes {;   nodedata: ""'\240~~s\033\202\356\320\307\177Nt\203\315\245\305\276b\265\310\271\3319\245:\342=c\267\265\233\002\003"";   nodeid: ""\000\000\000\000\000\000\000\000\000\000\000\000\000\000\000\000\000\000\000\000\000\000\000\000\000\000\000\000\000\000\000\000\000""; }; "
1750527551429,1750527551429,2101,1,4,1,TMGetLedger,"itype: liTX_NODE; ledgerHash: ""\326+\03569g\235`}\354\203s\003\217_Vf \233\324\237yU<\242:Zr\321\340\201]""; ledgerSeq: 7; nodeIDs: ""\240\000\000\000\000\000\000\000\000\000\000\000\000\000\000\000\000\000\000\000\000\000\000\000\000\000\000\000\000\000\000\000\001""; requestCookie: 1; queryType: qtINDIRECT; queryDepth: 0; ","itype: liTX_NODE; ledgerHash: ""\326+\03569g\235`}\354\203s\003\217_Vf \233\324\237yU<\242:Zr\321\340\201]""; ledgerSeq: 7; nodeIDs: ""\240\000\000\000\000\000\000\000\000\000\000\000\000\000\000\000\000\000\000\000\000\000\000\000\000\000\000\000\000\000\000\000\001""; requestCookie: 1; queryType: qtINDIRECT; queryDepth: 0; "
1750527551459,1750527551459,1813,1,3,1,TMLedgerData,"ledgerHash: ""\033@\177e\277\016\010u\327\371&\262\312\317Q\2361t\377x\234\001v\003%\030\325_\225g\204\346""; ledgerSeq: 7; type: liAS_NODE; nodes {;   nodedata: ""\021\000a""\000\000\000\000$\000\000\000\006%\000\000\000\007-\000\000\000\000UMJ\275'\324\005\036\313\204nW\300\362\327\016\205\236\021\351Q6\021\355\301\372\322\276g\026\243\361Mb@\000\000\003\365V\2546\201\024\3177\2633\3425H\2210g]\027\350~`\267{\247\373\332g\244\337\353\312\013\236hD\305E\177)\365\031\344}\231\342 ?\273\261,\263l\2443V5tR\001"";   nodeid: ""`\000\000\000\000\000\000\000\000\000\000\000\000\000\000\000\000\000\000\000\000\000\000\000\000\000\000\000\000\000\000\000\001""; }; nodes {;   nodedata: ""\021\000a""\000\000\000\000$\000\000\000\005%\000\000\000\007-\000\000\000\000UMJ\275'\324\005\036\313\204nW\300\362\327\016\205\236\021\351Q6\021\355\301\372\322\276g\026\243\361Mb@\000\000*\233\265\250@\201\024\272\177ez`?~\240\022\321\013D\240\325V\364\241\375\n@\030+E\324}\254\210\205\211\200xl\010D\242\344Yy\230'SU,\346\210\010%\240N\231\363\306\001"";   nodeid: ""\020\000\000\000\000\000\000\000\000\000\000\000\000\000\000\000\000\000\000\000\000\000\000\000\000\000\000\000\000\000\000\000\001""; }; ","ledgerHash: ""\033@\177e\277\016\010u\327\371&\262\312\317Q\2361t\377x\234\001v\003%\030\325_\225g\204\346""; ledgerSeq: 7; type: liAS_NODE; nodes {;   nodedata: ""\021\000a""\000\000\000\000$\000\000\000\006%\000\000\000\007-\000\000\000\000UMJ\275'\324\005\036\313\204nW\300\362\327\016\205\236\021\351Q6\021\355\301\372\322\276g\026\243\361Mb@\000\000\003\365V\2546\201\024\3177\2633\3425H\2210g]\027\350~`\267{\247\373\332g\244\337\353\312\013\236hD\305E\177)\365\031\344}\231\342 ?\273\261,\263l\2443V5tR\001"";   nodeid: ""`\000\000\000\000\000\000\000\000\000\000\000\000\000\000\000\000\000\000\000\000\000\000\000\000\000\000\000\000\000\000\000\001""; }; nodes {;   nodedata: ""\021\000a""\000\000\000\000$\000\000\000\005%\000\000\000\007-\000\000\000\000UMJ\275'\324\005\036\313\204nW\300\362\327\016\205\236\021\351Q6\021\355\301\372\322\276g\026\243\361Mb@\000\000*\233\265\250@\201\024\272\177ez`?~\240\022\321\013D\240\325V\364\241\375\n@\030+E\324}\254\210\205\211\200xl\010D\242\344Yy\230'SU,\346\210\010%\240N\231\363\306\001"";   nodeid: ""\020\000\000\000\000\000\000\000\000\000\000\000\000\000\000\000\000\000\000\000\000\000\000\000\000\000\000\000\000\000\000\000\001""; }; "
1750527551500,1750527551500,1144,1,4,1,TMLedgerData,"ledgerHash: ""\033@\177e\277\016\010u\327\371&\262\312\317Q\2361t\377x\234\001v\003%\030\325_\225g\204\346""; ledgerSeq: 7; type: liAS_NODE; nodes {;   nodedata: ""\021\000a""\000\000\000\000$\000\000\000\006%\000\000\000\007-\000\000\000\000UMJ\275'\324\005\036\313\204nW\300\362\327\016\205\236\021\351Q6\021\355\301\372\322\276g\026\243\361Mb@\000\000\003\365V\2546\201\024\3177\2633\3425H\2210g]\027\350~`\267{\247\373\332g\244\337\353\312\013\236hD\305E\177)\365\031\344}\231\342 ?\273\261,\263l\2443V5tR\001"";   nodeid: ""`\000\000\000\000\000\000\000\000\000\000\000\000\000\000\000\000\000\000\000\000\000\000\000\000\000\000\000\000\000\000\000\001""; }; nodes {;   nodedata: ""\021\000a""\000\000\000\000$\000\000\000\005%\000\000\000\007-\000\000\000\000UMJ\275'\324\005\036\313\204nW\300\362\327\016\205\236\021\351Q6\021\355\301\372\322\276g\026\243\361Mb@\000\000*\233\265\250@\201\024\272\177ez`?~\240\022\321\013D\240\325V\364\241\375\n@\030+E\324}\254\210\205\211\200xl\010D\242\344Yy\230'SU,\346\210\010%\240N\231\363\306\001"";   nodeid: ""\020\000\000\000\000\000\000\000\000\000\000\000\000\000\000\000\000\000\000\000\000\000\000\000\000\000\000\000\000\000\000\000\001""; }; ","ledgerHash: ""\033@\177e\277\016\010u\327\371&\262\312\317Q\2361t\377x\234\001v\003%\030\325_\225g\204\346""; ledgerSeq: 7; type: liAS_NODE; nodes {;   nodedata: ""\021\000a""\000\000\000\000$\000\000\000\006%\000\000\000\007-\000\000\000\000UMJ\275'\324\005\036\313\204nW\300\362\327\016\205\236\021\351Q6\021\355\301\372\322\276g\026\243\361Mb@\000\000\003\365V\2546\201\024\3177\2633\3425H\2210g]\027\350~`\267{\247\373\332g\244\337\353\312\013\236hD\305E\177)\365\031\344}\231\342 ?\273\261,\263l\2443V5tR\001"";   nodeid: ""`\000\000\000\000\000\000\000\000\000\000\000\000\000\000\000\000\000\000\000\000\000\000\000\000\000\000\000\000\000\000\000\001""; }; nodes {;   nodedata: ""\021\000a""\000\000\000\000$\000\000\000\005%\000\000\000\007-\000\000\000\000UMJ\275'\324\005\036\313\204nW\300\362\327\016\205\236\021\351Q6\021\355\301\372\322\276g\026\243\361Mb@\000\000*\233\265\250@\201\024\272\177ez`?~\240\022\321\013D\240\325V\364\241\375\n@\030+E\324}\254\210\205\211\200xl\010D\242\344Yy\230'SU,\346\210\010%\240N\231\363\306\001"";   nodeid: ""\020\000\000\000\000\000\000\000\000\000\000\000\000\000\000\000\000\000\000\000\000\000\000\000\000\000\000\000\000\000\000\000\001""; }; "
1750527551523,1750527551523,1544,1,2,1,TMGetLedger,"itype: liTS_CANDIDATE; ledgerHash: ""3\321\n7\354)\tf\006\357\205B<h\272GQ \344\262\236\025#\003\024&\310\034\352\376\326""; nodeIDs: ""\000\000\000\000\000\000\000\000\000\000\000\000\000\000\000\000\000\000\000\000\000\000\000\000\000\000\000\000\000\000\000\000\000""; queryType: qtINDIRECT; queryDepth: 3; ","itype: liTS_CANDIDATE; ledgerHash: ""3\321\n7\354)\tf\006\357\205B<h\272GQ \344\262\236\025#\003\024&\310\034\352\376\326""; nodeIDs: ""\000\000\000\000\000\000\000\000\000\000\000\000\000\000\000\000\000\000\000\000\000\000\000\000\000\000\000\000\000\000\000\000\000""; queryType: qtINDIRECT; queryDepth: 3; "
1750527551523,1750527551523,589,1,2,0,TMGetLedger,"itype: liTS_CANDIDATE; ledgerHash: ""3\321\n7\354)\tf\006\357\205B<h\272GQ \344\262\236\025#\003\024&\310\034\352\376\326""; nodeIDs: ""\000\000\000\000\000\000\000\000\000\000\000\000\000\000\000\000\000\000\000\000\000\000\000\000\000\000\000\000\000\000\000\000\000""; queryType: qtINDIRECT; queryDepth: 3; ","itype: liTS_CANDIDATE; ledgerHash: ""3\321\n7\354)\tf\006\357\205B<h\272GQ \344\262\236\025#\003\024&\310\034\352\376\326""; nodeIDs: ""\000\000\000\000\000\000\000\000\000\000\000\000\000\000\000\000\000\000\000\000\000\000\000\000\000\000\000\000\000\000\000\000\000""; queryType: qtINDIRECT; queryDepth: 3; "
1750527551524,1750527551524,3719,1,2,4,TMGetLedger,"itype: liTS_CANDIDATE; ledgerHash: ""3\321\n7\354)\tf\006\357\205B<h\272GQ \344\262\236\025#\003\024&\310\034\352\376\326""; nodeIDs: ""\000\000\000\000\000\000\000\000\000\000\000\000\000\000\000\000\000\000\000\000\000\000\000\000\000\000\000\000\000\000\000\000\000""; queryType: qtINDIRECT; queryDepth: 3; ","itype: liTS_CANDIDATE; ledgerHash: ""3\321\n7\354)\tf\006\357\205B<h\272GQ \344\262\236\025#\003\024&\310\034\352\376\326""; nodeIDs: ""\000\000\000\000\000\000\000\000\000\000\000\000\000\000\000\000\000\000\000\000\000\000\000\000\000\000\000\000\000\000\000\000\000""; queryType: qtINDIRECT; queryDepth: 3; "
1750527551524,1750527551524,4000,1,2,3,TMGetLedger,"itype: liTS_CANDIDATE; ledgerHash: ""3\321\n7\354)\tf\006\357\205B<h\272GQ \344\262\236\025#\003\024&\310\034\352\376\326""; nodeIDs: ""\000\000\000\000\000\000\000\000\000\000\000\000\000\000\000\000\000\000\000\000\000\000\000\000\000\000\000\000\000\000\000\000\000""; queryType: qtINDIRECT; queryDepth: 3; ","itype: liTS_CANDIDATE; ledgerHash: ""3\321\n7\354)\tf\006\357\205B<h\272GQ \344\262\236\025#\003\024&\310\034\352\376\326""; nodeIDs: ""\000\000\000\000\000\000\000\000\000\000\000\000\000\000\000\000\000\000\000\000\000\000\000\000\000\000\000\000\000\000\000\000\000""; queryType: qtINDIRECT; queryDepth: 3; "
1750527551567,1750527551568,3769,1,1,3,TMGetLedger,"itype: liTS_CANDIDATE; ledgerHash: ""3\321\n7\354)\tf\006\357\205B<h\272GQ \344\262\236\025#\003\024&\310\034\352\376\326""; nodeIDs: ""\000\000\000\000\000\000\000\000\000\000\000\000\000\000\000\000\000\000\000\000\000\000\000\000\000\000\000\000\000\000\000\000\000""; requestCookie: 3; queryType: qtINDIRECT; queryDepth: 3; ","itype: liTS_CANDIDATE; ledgerHash: ""3\321\n7\354)\tf\006\357\205B<h\272GQ \344\262\236\025#\003\024&\310\034\352\376\326""; nodeIDs: ""\000\000\000\000\000\000\000\000\000\000\000\000\000\000\000\000\000\000\000\000\000\000\000\000\000\000\000\000\000\000\000\000\000""; requestCookie: 3; queryType: qtINDIRECT; queryDepth: 3; "
1750527551614,1750527551614,3818,1,0,2,TMLedgerData,"ledgerHash: ""3\321\n7\354)\tf\006\357\205B<h\272GQ \344\262\236\025#\003\024&\310\034\352\376\326""; ledgerSeq: 0; type: liTS_CANDIDATE; nodes {;   nodedata: ""'\240~~s\033\202\356\320\307\177Nt\203\315\245\305\276b\265\310\271\3319\245:\342=c\267\265\233\002\003"";   nodeid: ""\000\000\000\000\000\000\000\000\000\000\000\000\000\000\000\000\000\000\000\000\000\000\000\000\000\000\000\000\000\000\000\000\000""; }; ","ledgerHash: ""3\321\n7\354)\tf\006\357\205B<h\272GQ \344\262\236\025#\003\024&\310\034\352\376\326""; ledgerSeq: 0; type: liTS_CANDIDATE; nodes {;   nodedata: ""'\240~~s\033\202\356\320\307\177Nt\203\315\245\305\276b\265\310\271\3319\245:\342=c\267\265\233\002\003"";   nodeid: ""\000\000\000\000\000\000\000\000\000\000\000\000\000\000\000\000\000\000\000\000\000\000\000\000\000\000\000\000\000\000\000\000\000""; }; "
1750527551774,1750527551774,589,1,2,0,TMGetLedger,"itype: liTS_CANDIDATE; ledgerHash: ""3\321\n7\354)\tf\006\357\205B<h\272GQ \344\262\236\025#\003\024&\310\034\352\376\326""; nodeIDs: ""\000\000\000\000\000\000\000\000\000\000\000\000\000\000\000\000\000\000\000\000\000\000\000\000\000\000\000\000\000\000\000\000\000""; queryType: qtINDIRECT; queryDepth: 3; ","itype: liTS_CANDIDATE; ledgerHash: ""3\321\n7\354)\tf\006\357\205B<h\272GQ \344\262\236\025#\003\024&\310\034\352\376\326""; nodeIDs: ""\000\000\000\000\000\000\000\000\000\000\000\000\000\000\000\000\000\000\000\000\000\000\000\000\000\000\000\000\000\000\000\000\000""; queryType: qtINDIRECT; queryDepth: 3; "
1750527551774,1750527551774,4000,1,2,3,TMGetLedger,"itype: liTS_CANDIDATE; ledgerHash: ""3\321\n7\354)\tf\006\357\205B<h\272GQ \344\262\236\025#\003\024&\310\034\352\376\326""; nodeIDs: ""\000\000\000\000\000\000\000\000\000\000\000\000\000\000\000\000\000\000\000\000\000\000\000\000\000\000\000\000\000\000\000\000\000""; queryType: qtINDIRECT; queryDepth: 3; ","itype: liTS_CANDIDATE; ledgerHash: ""3\321\n7\354)\tf\006\357\205B<h\272GQ \344\262\236\025#\003\024&\310\034\352\376\326""; nodeIDs: ""\000\000\000\000\000\000\000\000\000\000\000\000\000\000\000\000\000\000\000\000\000\000\000\000\000\000\000\000\000\000\000\000\000""; queryType: qtINDIRECT; queryDepth: 3; "
1750527551774,1750527551774,3719,1,2,4,TMGetLedger,"itype: liTS_CANDIDATE; ledgerHash: ""3\321\n7\354)\tf\006\357\205B<h\272GQ \344\262\236\025#\003\024&\310\034\352\376\326""; nodeIDs: ""\000\000\000\000\000\000\000\000\000\000\000\000\000\000\000\000\000\000\000\000\000\000\000\000\000\000\000\000\000\000\000\000\000""; queryType: qtINDIRECT; queryDepth: 3; ","itype: liTS_CANDIDATE; ledgerHash: ""3\321\n7\354)\tf\006\357\205B<h\272GQ \344\262\236\025#\003\024&\310\034\352\376\326""; nodeIDs: ""\000\000\000\000\000\000\000\000\000\000\000\000\000\000\000\000\000\000\000\000\000\000\000\000\000\000\000\000\000\000\000\000\000""; queryType: qtINDIRECT; queryDepth: 3; "
1750527551775,1750527551775,1544,1,2,1,TMGetLedger,"itype: liTS_CANDIDATE; ledgerHash: ""3\321\n7\354)\tf\006\357\205B<h\272GQ \344\262\236\025#\003\024&\310\034\352\376\326""; nodeIDs: ""\000\000\000\000\000\000\000\000\000\000\000\000\000\000\000\000\000\000\000\000\000\000\000\000\000\000\000\000\000\000\000\000\000""; queryType: qtINDIRECT; queryDepth: 3; ","itype: liTS_CANDIDATE; ledgerHash: ""3\321\n7\354)\tf\006\357\205B<h\272GQ \344\262\236\025#\003\024&\310\034\352\376\326""; nodeIDs: ""\000\000\000\000\000\000\000\000\000\000\000\000\000\000\000\000\000\000\000\000\000\000\000\000\000\000\000\000\000\000\000\000\000""; queryType: qtINDIRECT; queryDepth: 3; "
1750527551819,1750527551819,3769,1,1,3,TMGetLedger,"itype: liTS_CANDIDATE; ledgerHash: ""3\321\n7\354)\tf\006\357\205B<h\272GQ \344\262\236\025#\003\024&\310\034\352\376\326""; nodeIDs: ""\000\000\000\000\000\000\000\000\000\000\000\000\000\000\000\000\000\000\000\000\000\000\000\000\000\000\000\000\000\000\000\000\000""; requestCookie: 3; queryType: qtINDIRECT; queryDepth: 3; ","itype: liTS_CANDIDATE; ledgerHash: ""3\321\n7\354)\tf\006\357\205B<h\272GQ \344\262\236\025#\003\024&\310\034\352\376\326""; nodeIDs: ""\000\000\000\000\000\000\000\000\000\000\000\000\000\000\000\000\000\000\000\000\000\000\000\000\000\000\000\000\000\000\000\000\000""; requestCookie: 3; queryType: qtINDIRECT; queryDepth: 3; "
1750527551864,1750527551864,3818,1,0,2,TMLedgerData,"ledgerHash: ""3\321\n7\354)\tf\006\357\205B<h\272GQ \344\262\236\025#\003\024&\310\034\352\376\326""; ledgerSeq: 0; type: liTS_CANDIDATE; nodes {;   nodedata: ""'\240~~s\033\202\356\320\307\177Nt\203\315\245\305\276b\265\310\271\3319\245:\342=c\267\265\233\002\003"";   nodeid: ""\000\000\000\000\000\000\000\000\000\000\000\000\000\000\000\000\000\000\000\000\000\000\000\000\000\000\000\000\000\000\000\000\000""; }; ","ledgerHash: ""3\321\n7\354)\tf\006\357\205B<h\272GQ \344\262\236\025#\003\024&\310\034\352\376\326""; ledgerSeq: 0; type: liTS_CANDIDATE; nodes {;   nodedata: ""'\240~~s\033\202\356\320\307\177Nt\203\315\245\305\276b\265\310\271\3319\245:\342=c\267\265\233\002\003"";   nodeid: ""\000\000\000\000\000\000\000\000\000\000\000\000\000\000\000\000\000\000\000\000\000\000\000\000\000\000\000\000\000\000\000\000\000""; }; "
1750527552024,1750527552024,589,1,2,0,TMGetLedger,"itype: liTS_CANDIDATE; ledgerHash: ""3\321\n7\354)\tf\006\357\205B<h\272GQ \344\262\236\025#\003\024&\310\034\352\376\326""; nodeIDs: ""\000\000\000\000\000\000\000\000\000\000\000\000\000\000\000\000\000\000\000\000\000\000\000\000\000\000\000\000\000\000\000\000\000""; queryType: qtINDIRECT; queryDepth: 3; ","itype: liTS_CANDIDATE; ledgerHash: ""3\321\n7\354)\tf\006\357\205B<h\272GQ \344\262\236\025#\003\024&\310\034\352\376\326""; nodeIDs: ""\000\000\000\000\000\000\000\000\000\000\000\000\000\000\000\000\000\000\000\000\000\000\000\000\000\000\000\000\000\000\000\000\000""; queryType: qtINDIRECT; queryDepth: 3; "
1750527552025,1750527552025,4000,1,2,3,TMGetLedger,"itype: liTS_CANDIDATE; ledgerHash: ""3\321\n7\354)\tf\006\357\205B<h\272GQ \344\262\236\025#\003\024&\310\034\352\376\326""; nodeIDs: ""\000\000\000\000\000\000\000\000\000\000\000\000\000\000\000\000\000\000\000\000\000\000\000\000\000\000\000\000\000\000\000\000\000""; queryType: qtINDIRECT; queryDepth: 3; ","itype: liTS_CANDIDATE; ledgerHash: ""3\321\n7\354)\tf\006\357\205B<h\272GQ \344\262\236\025#\003\024&\310\034\352\376\326""; nodeIDs: ""\000\000\000\000\000\000\000\000\000\000\000\000\000\000\000\000\000\000\000\000\000\000\000\000\000\000\000\000\000\000\000\000\000""; queryType: qtINDIRECT; queryDepth: 3; "
1750527552024,1750527552024,3719,1,2,4,TMGetLedger,"itype: liTS_CANDIDATE; ledgerHash: ""3\321\n7\354)\tf\006\357\205B<h\272GQ \344\262\236\025#\003\024&\310\034\352\376\326""; nodeIDs: ""\000\000\000\000\000\000\000\000\000\000\000\000\000\000\000\000\000\000\000\000\000\000\000\000\000\000\000\000\000\000\000\000\000""; queryType: qtINDIRECT; queryDepth: 3; ","itype: liTS_CANDIDATE; ledgerHash: ""3\321\n7\354)\tf\006\357\205B<h\272GQ \344\262\236\025#\003\024&\310\034\352\376\326""; nodeIDs: ""\000\000\000\000\000\000\000\000\000\000\000\000\000\000\000\000\000\000\000\000\000\000\000\000\000\000\000\000\000\000\000\000\000""; queryType: qtINDIRECT; queryDepth: 3; "
1750527552024,1750527552024,1544,1,2,1,TMGetLedger,"itype: liTS_CANDIDATE; ledgerHash: ""3\321\n7\354)\tf\006\357\205B<h\272GQ \344\262\236\025#\003\024&\310\034\352\376\326""; nodeIDs: ""\000\000\000\000\000\000\000\000\000\000\000\000\000\000\000\000\000\000\000\000\000\000\000\000\000\000\000\000\000\000\000\000\000""; queryType: qtINDIRECT; queryDepth: 3; ","itype: liTS_CANDIDATE; ledgerHash: ""3\321\n7\354)\tf\006\357\205B<h\272GQ \344\262\236\025#\003\024&\310\034\352\376\326""; nodeIDs: ""\000\000\000\000\000\000\000\000\000\000\000\000\000\000\000\000\000\000\000\000\000\000\000\000\000\000\000\000\000\000\000\000\000""; queryType: qtINDIRECT; queryDepth: 3; "
1750527552069,1750527552069,3769,1,1,3,TMGetLedger,"itype: liTS_CANDIDATE; ledgerHash: ""3\321\n7\354)\tf\006\357\205B<h\272GQ \344\262\236\025#\003\024&\310\034\352\376\326""; nodeIDs: ""\000\000\000\000\000\000\000\000\000\000\000\000\000\000\000\000\000\000\000\000\000\000\000\000\000\000\000\000\000\000\000\000\000""; requestCookie: 3; queryType: qtINDIRECT; queryDepth: 3; ","itype: liTS_CANDIDATE; ledgerHash: ""3\321\n7\354)\tf\006\357\205B<h\272GQ \344\262\236\025#\003\024&\310\034\352\376\326""; nodeIDs: ""\000\000\000\000\000\000\000\000\000\000\000\000\000\000\000\000\000\000\000\000\000\000\000\000\000\000\000\000\000\000\000\000\000""; requestCookie: 3; queryType: qtINDIRECT; queryDepth: 3; "
1750527552114,1750527552114,3818,1,0,2,TMLedgerData,"ledgerHash: ""3\321\n7\354)\tf\006\357\205B<h\272GQ \344\262\236\025#\003\024&\310\034\352\376\326""; ledgerSeq: 0; type: liTS_CANDIDATE; nodes {;   nodedata: ""'\240~~s\033\202\356\320\307\177Nt\203\315\245\305\276b\265\310\271\3319\245:\342=c\267\265\233\002\003"";   nodeid: ""\000\000\000\000\000\000\000\000\000\000\000\000\000\000\000\000\000\000\000\000\000\000\000\000\000\000\000\000\000\000\000\000\000""; }; ","ledgerHash: ""3\321\n7\354)\tf\006\357\205B<h\272GQ \344\262\236\025#\003\024&\310\034\352\376\326""; ledgerSeq: 0; type: liTS_CANDIDATE; nodes {;   nodedata: ""'\240~~s\033\202\356\320\307\177Nt\203\315\245\305\276b\265\310\271\3319\245:\342=c\267\265\233\002\003"";   nodeid: ""\000\000\000\000\000\000\000\000\000\000\000\000\000\000\000\000\000\000\000\000\000\000\000\000\000\000\000\000\000\000\000\000\000""; }; "
1750527552249,1750527552249,612,1,2,0,TMLedgerData,"ledgerHash: ""\326+\03569g\235`}\354\203s\003\217_Vf \233\324\237yU<\242:Zr\321\340\201]""; ledgerSeq: 7; type: liTX_NODE; nodes {;   nodedata: ""\274\022\000\000""\000\000\000\000$\000\000\000\005 \033\000\000\000\031a@\000\000\022\333\371\352\000h@\000\000\000\000\000\000\ns!\003K\250\201V\354\353\020.\253\242\026x\202\312\234\3314!'\021-D\001\225\355\256\367\361\211\2710ltF0D\002 9\312\273{!\334\315f\262\207h""M\334ieT\306\204<r\350)\356\340\326\356\337\355\371\201\257\002 2M\022\177y""\355\343\n\034\\246\024:\375\024\223\331[\216\234\345\010\v\300\313Bt\251\217,\201\024\3177\2633\3425H\2210g]\027\350~`\267{\247\373\332\203\024\237\311\327\222\336\304\221\216Q\027\001uf'%5\022:P\210\301] \034\000\000\000\000\370\345\021\000a%\000\000\000\005UGZ\227\022t\201\240u\2324P\027\307M\337'Y\361[IAD\351\374!\232\005\337\376\252\251gV@e&\014`#?\020s\314\3035_u\244\223G\263\322\035\357\201\363\033\220\333`\311\331n\373\360\346b@\000\000\027H\206*@\341\347""\000\000\000\000$\000\000\000\005-\000\000\000\000b@\000\000*$\200\024@\201\024\237\311\327\222\336\304\221\216Q\027\001uf'%5\022:P\210\341\341\345\021\000a%\000\000\000\005U\240\231\202k\030<\225\205;%\337\001\376d\216V\310\306k>\373\322\372\353b\3659\350\345\324F\026Vg\244\337\353\312\013\236hD\305E\177)\365\031\344}\231\342 ?\273\261,\263l\2443V5tR\346$\000\000\000\005b@\000\000\027H\206*@\341\347""\000\000\000\000$\000\000\000\006-\000\000\000\000b@\000\000\004l\214@6\201\024\3177\2633\3425H\2210g]\027\350~`\267{\247\373\332\341\341\361\003\020\000\256\322m\2146\221\305\341\316\031h?\276\005\207\253\236\tL;\371W\315\233X\345O\203\332\240\005\360\004"";   nodeid: ""\240\000\000\000\000\000\000\000\000\000\000\000\000\000\000\000\000\000\000\000\000\000\000\000\000\000\000\000\000\000\000\000\001""; }; ","ledgerHash: ""\326+\03569g\235`}\354\203s\003\217_Vf \233\324\237yU<\242:Zr\321\340\201]""; ledgerSeq: 7; type: liTX_NODE; nodes {;   nodedata: ""\274\022\000\000""\000\000\000\000$\000\000\000\005 \033\000\000\000\031a@\000\000\022\333\371\352\000h@\000\000\000\000\000\000\ns!\003K\250\201V\354\353\020.\253\242\026x\202\312\234\3314!'\021-D\001\225\355\256\367\361\211\2710ltF0D\002 9\312\273{!\334\315f\262\207h""M\334ieT\306\204<r\350)\356\340\326\356\337\355\371\201\257\002 2M\022\177y""\355\343\n\034\\246\024:\375\024\223\331[\216\234\345\010\v\300\313Bt\251\217,\201\024\3177\2633\3425H\2210g]\027\350~`\267{\247\373\332\203\024\237\311\327\222\336\304\221\216Q\027\001uf'%5\022:P\210\301] \034\000\000\000\000\370\345\021\000a%\000\000\000\005UGZ\227\022t\201\240u\2324P\027\307M\337'Y\361[IAD\351\374!\232\005\337\376\252\251gV@e&\014`#?\020s\314\3035_u\244\223G\263\322\035\357\201\363\033\220\333`\311\331n\373\360\346b@\000\000\027H\206*@\341\347""\000\000\000\000$\000\000\000\005-\000\000\000\000b@\000\000*$\200\024@\201\024\237\311\327\222\336\304\221\216Q\027\001uf'%5\022:P\210\341\341\345\021\000a%\000\000\000\005U\240\231\202k\030<\225\205;%\337\001\376d\216V\310\306k>\373\322\372\353b\3659\350\345\324F\026Vg\244\337\353\312\013\236hD\305E\177)\365\031\344}\231\342 ?\273\261,\263l\2443V5tR\346$\000\000\000\005b@\000\000\027H\206*@\341\347""\000\000\000\000$\000\000\000\006-\000\000\000\000b@\000\000\004l\214@6\201\024\3177\2633\3425H\2210g]\027\350~`\267{\247\373\332\341\341\361\003\020\000\256\322m\2146\221\305\341\316\031h?\276\005\207\253\236\tL;\371W\315\233X\345O\203\332\240\005\360\004"";   nodeid: ""\240\000\000\000\000\000\000\000\000\000\000\000\000\000\000\000\000\000\000\000\000\000\000\000\000\000\000\000\000\000\000\000\001""; }; "
1750527552274,1750527552274,1544,1,2,1,TMGetLedger,"itype: liTS_CANDIDATE; ledgerHash: ""3\321\n7\354)\tf\006\357\205B<h\272GQ \344\262\236\025#\003\024&\310\034\352\376\326""; nodeIDs: ""\000\000\000\000\000\000\000\000\000\000\000\000\000\000\000\000\000\000\000\000\000\000\000\000\000\000\000\000\000\000\000\000\000""; queryType: qtINDIRECT; queryDepth: 3; ","itype: liTS_CANDIDATE; ledgerHash: ""3\321\n7\354)\tf\006\357\205B<h\272GQ \344\262\236\025#\003\024&\310\034\352\376\326""; nodeIDs: ""\000\000\000\000\000\000\000\000\000\000\000\000\000\000\000\000\000\000\000\000\000\000\000\000\000\000\000\000\000\000\000\000\000""; queryType: qtINDIRECT; queryDepth: 3; "
1750527552274,1750527552274,3719,1,2,4,TMGetLedger,"itype: liTS_CANDIDATE; ledgerHash: ""3\321\n7\354)\tf\006\357\205B<h\272GQ \344\262\236\025#\003\024&\310\034\352\376\326""; nodeIDs: ""\000\000\000\000\000\000\000\000\000\000\000\000\000\000\000\000\000\000\000\000\000\000\000\000\000\000\000\000\000\000\000\000\000""; queryType: qtINDIRECT; queryDepth: 3; ","itype: liTS_CANDIDATE; ledgerHash: ""3\321\n7\354)\tf\006\357\205B<h\272GQ \344\262\236\025#\003\024&\310\034\352\376\326""; nodeIDs: ""\000\000\000\000\000\000\000\000\000\000\000\000\000\000\000\000\000\000\000\000\000\000\000\000\000\000\000\000\000\000\000\000\000""; queryType: qtINDIRECT; queryDepth: 3; "
1750527552274,1750527552274,589,1,2,0,TMGetLedger,"itype: liTS_CANDIDATE; ledgerHash: ""3\321\n7\354)\tf\006\357\205B<h\272GQ \344\262\236\025#\003\024&\310\034\352\376\326""; nodeIDs: ""\000\000\000\000\000\000\000\000\000\000\000\000\000\000\000\000\000\000\000\000\000\000\000\000\000\000\000\000\000\000\000\000\000""; queryType: qtINDIRECT; queryDepth: 3; ","itype: liTS_CANDIDATE; ledgerHash: ""3\321\n7\354)\tf\006\357\205B<h\272GQ \344\262\236\025#\003\024&\310\034\352\376\326""; nodeIDs: ""\000\000\000\000\000\000\000\000\000\000\000\000\000\000\000\000\000\000\000\000\000\000\000\000\000\000\000\000\000\000\000\000\000""; queryType: qtINDIRECT; queryDepth: 3; "
1750527552274,1750527552274,4000,1,2,3,TMGetLedger,"itype: liTS_CANDIDATE; ledgerHash: ""3\321\n7\354)\tf\006\357\205B<h\272GQ \344\262\236\025#\003\024&\310\034\352\376\326""; nodeIDs: ""\000\000\000\000\000\000\000\000\000\000\000\000\000\000\000\000\000\000\000\000\000\000\000\000\000\000\000\000\000\000\000\000\000""; queryType: qtINDIRECT; queryDepth: 3; ","itype: liTS_CANDIDATE; ledgerHash: ""3\321\n7\354)\tf\006\357\205B<h\272GQ \344\262\236\025#\003\024&\310\034\352\376\326""; nodeIDs: ""\000\000\000\000\000\000\000\000\000\000\000\000\000\000\000\000\000\000\000\000\000\000\000\000\000\000\000\000\000\000\000\000\000""; queryType: qtINDIRECT; queryDepth: 3; "
1750527552319,1750527552319,2920,1,1,0,TMGetLedger,"itype: liTS_CANDIDATE; ledgerHash: ""3\321\n7\354)\tf\006\357\205B<h\272GQ \344\262\236\025#\003\024&\310\034\352\376\326""; nodeIDs: ""\000\000\000\000\000\000\000\000\000\000\000\000\000\000\000\000\000\000\000\000\000\000\000\000\000\000\000\000\000\000\000\000\000""; requestCookie: 3; queryType: qtINDIRECT; queryDepth: 3; ","itype: liTS_CANDIDATE; ledgerHash: ""3\321\n7\354)\tf\006\357\205B<h\272GQ \344\262\236\025#\003\024&\310\034\352\376\326""; nodeIDs: ""\000\000\000\000\000\000\000\000\000\000\000\000\000\000\000\000\000\000\000\000\000\000\000\000\000\000\000\000\000\000\000\000\000""; requestCookie: 3; queryType: qtINDIRECT; queryDepth: 3; "
1750527552364,1750527552364,3818,1,0,2,TMLedgerData,"ledgerHash: ""3\321\n7\354)\tf\006\357\205B<h\272GQ \344\262\236\025#\003\024&\310\034\352\376\326""; ledgerSeq: 0; type: liTS_CANDIDATE; nodes {;   nodedata: ""'\240~~s\033\202\356\320\307\177Nt\203\315\245\305\276b\265\310\271\3319\245:\342=c\267\265\233\002\003"";   nodeid: ""\000\000\000\000\000\000\000\000\000\000\000\000\000\000\000\000\000\000\000\000\000\000\000\000\000\000\000\000\000\000\000\000\000""; }; ","ledgerHash: ""3\321\n7\354)\tf\006\357\205B<h\272GQ \344\262\236\025#\003\024&\310\034\352\376\326""; ledgerSeq: 0; type: liTS_CANDIDATE; nodes {;   nodedata: ""'\240~~s\033\202\356\320\307\177Nt\203\315\245\305\276b\265\310\271\3319\245:\342=c\267\265\233\002\003"";   nodeid: ""\000\000\000\000\000\000\000\000\000\000\000\000\000\000\000\000\000\000\000\000\000\000\000\000\000\000\000\000\000\000\000\000\000""; }; "
1750527552364,1750527552365,3578,1,1,3,TMLedgerData,"ledgerHash: ""\326+\03569g\235`}\354\203s\003\217_Vf \233\324\237yU<\242:Zr\321\340\201]""; ledgerSeq: 7; type: liTX_NODE; nodes {;   nodedata: ""\274\022\000\000""\000\000\000\000$\000\000\000\005 \033\000\000\000\031a@\000\000\022\333\371\352\000h@\000\000\000\000\000\000\ns!\003K\250\201V\354\353\020.\253\242\026x\202\312\234\3314!'\021-D\001\225\355\256\367\361\211\2710ltF0D\002 9\312\273{!\334\315f\262\207h""M\334ieT\306\204<r\350)\356\340\326\356\337\355\371\201\257\002 2M\022\177y""\355\343\n\034\\246\024:\375\024\223\331[\216\234\345\010\v\300\313Bt\251\217,\201\024\3177\2633\3425H\2210g]\027\350~`\267{\247\373\332\203\024\237\311\327\222\336\304\221\216Q\027\001uf'%5\022:P\210\301] \034\000\000\000\000\370\345\021\000a%\000\000\000\005UGZ\227\022t\201\240u\2324P\027\307M\337'Y\361[IAD\351\374!\232\005\337\376\252\251gV@e&\014`#?\020s\314\3035_u\244\223G\263\322\035\357\201\363\033\220\333`\311\331n\373\360\346b@\000\000\027H\206*@\341\347""\000\000\000\000$\000\000\000\005-\000\000\000\000b@\000\000*$\200\024@\201\024\237\311\327\222\336\304\221\216Q\027\001uf'%5\022:P\210\341\341\345\021\000a%\000\000\000\005U\240\231\202k\030<\225\205;%\337\001\376d\216V\310\306k>\373\322\372\353b\3659\350\345\324F\026Vg\244\337\353\312\013\236hD\305E\177)\365\031\344}\231\342 ?\273\261,\263l\2443V5tR\346$\000\000\000\005b@\000\000\027H\206*@\341\347""\000\000\000\000$\000\000\000\006-\000\000\000\000b@\000\000\004l\214@6\201\024\3177\2633\3425H\2210g]\027\350~`\267{\247\373\332\341\341\361\003\020\000\256\322m\2146\221\305\341\316\031h?\276\005\207\253\236\tL;\371W\315\233X\345O\203\332\240\005\360\004"";   nodeid: ""\240\000\000\000\000\000\000\000\000\000\000\000\000\000\000\000\000\000\000\000\000\000\000\000\000\000\000\000\000\000\000\000\001""; }; ","ledgerHash: ""\326+\03569g\235`}\354\203s\003\217_Vf \233\324\237yU<\242:Zr\321\340\201]""; ledgerSeq: 7; type: liTX_NODE; nodes {;   nodedata: ""\274\022\000\000""\000\000\000\000$\000\000\000\005 \033\000\000\000\031a@\000\000\022\333\371\352\000h@\000\000\000\000\000\000\ns!\003K\250\201V\354\353\020.\253\242\026x\202\312\234\3314!'\021-D\001\225\355\256\367\361\211\2710ltF0D\002 9\312\273{!\334\315f\262\207h""M\334ieT\306\204<r\350)\356\340\326\356\337\355\371\201\257\002 2M\022\177y""\355\343\n\034\\246\024:\375\024\223\331[\216\234\345\010\v\300\313Bt\251\217,\201\024\3177\2633\3425H\2210g]\027\350~`\267{\247\373\332\203\024\237\311\327\222\336\304\221\216Q\027\001uf'%5\022:P\210\301] \034\000\000\000\000\370\345\021\000a%\000\000\000\005UGZ\227\022t\201\240u\2324P\027\307M\337'Y\361[IAD\351\374!\232\005\337\376\252\251gV@e&\014`#?\020s\314\3035_u\244\223G\263\322\035\357\201\363\033\220\333`\311\331n\373\360\346b@\000\000\027H\206*@\341\347""\000\000\000\000$\000\000\000\005-\000\000\000\000b@\000\000*$\200\024@\201\024\237\311\327\222\336\304\221\216Q\027\001uf'%5\022:P\210\341\341\345\021\000a%\000\000\000\005U\240\231\202k\030<\225\205;%\337\001\376d\216V\310\306k>\373\322\372\353b\3659\350\345\324F\026Vg\244\337\353\312\013\236hD\305E\177)\365\031\344}\231\342 ?\273\261,\263l\2443V5tR\346$\000\000\000\005b@\000\000\027H\206*@\341\347""\000\000\000\000$\000\000\000\006-\000\000\000\000b@\000\000\004l\214@6\201\024\3177\2633\3425H\2210g]\027\350~`\267{\247\373\332\341\341\361\003\020\000\256\322m\2146\221\305\341\316\031h?\276\005\207\253\236\tL;\371W\315\233X\345O\203\332\240\005\360\004"";   nodeid: ""\240\000\000\000\000\000\000\000\000\000\000\000\000\000\000\000\000\000\000\000\000\000\000\000\000\000\000\000\000\000\000\000\001""; }; "
1750527552414,1750527552415,1144,1,4,1,TMLedgerData,"ledgerHash: ""\033@\177e\277\016\010u\327\371&\262\312\317Q\2361t\377x\234\001v\003%\030\325_\225g\204\346""; ledgerSeq: 7; type: liTX_NODE; nodes {;   nodedata: ""\274\022\000\000""\000\000\000\000$\000\000\000\005 \033\000\000\000\032a@\000\000\023S/~\000h@\000\000\000\000\000\000\ns!\003K\250\201V\354\353\020.\253\242\026x\202\312\234\3314!'\021-D\001\225\355\256\367\361\211\2710ltF0D\002 \034\347n\276,\014\034\014\216\3362\020\300A\022\234@\257j\263\362\3726r\303\260\tx\027-6\261\002 Pk?<\332\275\247\267E\234\270\035\306\367\2318t\243_\266\366\311\006|\316\223A\211\243\266\226\341\201\024\3177\2633\3425H\2210g]\027\350~`\267{\247\373\332\203\024\272\177ez`?~\240\022\321\013D\240\325V\364\241\375\n@\301] \034\000\000\000\000\370\345\021\000a%\000\000\000\005U\002i\361\030\371\256\265\036\320\273\013\357<\215/(\215[\231D\357Gd\372\270\316\261\301\342\327\225\241V\030+E\324}\254\210\205\211\200xl\010D\242\344Yy\230'SU,\346\210\010%\240N\231\363\306\346b@\000\000\027H\206*@\341\347""\000\000\000\000$\000\000\000\005-\000\000\000\000b@\000\000*\233\265\250@\201\024\272\177ez`?~\240\022\321\013D\240\325V\364\241\375\n@\341\341\345\021\000a%\000\000\000\005U\240\231\202k\030<\225\205;%\337\001\376d\216V\310\306k>\373\322\372\353b\3659\350\345\324F\026Vg\244\337\353\312\013\236hD\305E\177)\365\031\344}\231\342 ?\273\261,\263l\2443V5tR\346$\000\000\000\005b@\000\000\027H\206*@\341\347""\000\000\000\000$\000\000\000\006-\000\000\000\000b@\000\000\003\365V\2546\201\024\3177\2633\3425H\2210g]\027\350~`\267{\247\373\332\341\341\361\003\020\000MJ\275'\324\005\036\313\204nW\300\362\327\016\205\236\021\351Q6\021\355\301\372\322\276g\026\243\361M\004"";   nodeid: ""@\000\000\000\000\000\000\000\000\000\000\000\000\000\000\000\000\000\000\000\000\000\000\000\000\000\000\000\000\000\000\000\001""; }; ","ledgerHash: ""\033@\177e\277\016\010u\327\371&\262\312\317Q\2361t\377x\234\001v\003%\030\325_\225g\204\346""; ledgerSeq: 7; type: liTX_NODE; nodes {;   nodedata: ""\274\022\000\000""\000\000\000\000$\000\000\000\005 \033\000\000\000\032a@\000\000\023S/~\000h@\000\000\000\000\000\000\ns!\003K\250\201V\354\353\020.\253\242\026x\202\312\234\3314!'\021-D\001\225\355\256\367\361\211\2710ltF0D\002 \034\347n\276,\014\034\014\216\3362\020\300A\022\234@\257j\263\362\3726r\303\260\tx\027-6\261\002 Pk?<\332\275\247\267E\234\270\035\306\367\2318t\243_\266\366\311\006|\316\223A\211\243\266\226\341\201\024\3177\2633\3425H\2210g]\027\350~`\267{\247\373\332\203\024\272\177ez`?~\240\022\321\013D\240\325V\364\241\375\n@\301] \034\000\000\000\000\370\345\021\000a%\000\000\000\005U\002i\361\030\371\256\265\036\320\273\013\357<\215/(\215[\231D\357Gd\372\270\316\261\301\342\327\225\241V\030+E\324}\254\210\205\211\200xl\010D\242\344Yy\230'SU,\346\210\010%\240N\231\363\306\346b@\000\000\027H\206*@\341\347""\000\000\000\000$\000\000\000\005-\000\000\000\000b@\000\000*\233\265\250@\201\024\272\177ez`?~\240\022\321\013D\240\325V\364\241\375\n@\341\341\345\021\000a%\000\000\000\005U\240\231\202k\030<\225\205;%\337\001\376d\216V\310\306k>\373\322\372\353b\3659\350\345\324F\026Vg\244\337\353\312\013\236hD\305E\177)\365\031\344}\231\342 ?\273\261,\263l\2443V5tR\346$\000\000\000\005b@\000\000\027H\206*@\341\347""\000\000\000\000$\000\000\000\006-\000\000\000\000b@\000\000\003\365V\2546\201\024\3177\2633\3425H\2210g]\027\350~`\267{\247\373\332\341\341\361\003\020\000MJ\275'\324\005\036\313\204nW\300\362\327\016\205\236\021\351Q6\021\355\301\372\322\276g\026\243\361M\004"";   nodeid: ""@\000\000\000\000\000\000\000\000\000\000\000\000\000\000\000\000\000\000\000\000\000\000\000\000\000\000\000\000\000\000\000\001""; }; "
1750527552470,1750527552470,860,1,1,0,TMLedgerData,"ledgerHash: ""\326+\03569g\235`}\354\203s\003\217_Vf \233\324\237yU<\242:Zr\321\340\201]""; ledgerSeq: 7; type: liAS_NODE; nodes {;   nodedata: ""\021\000a""\000\000\000\000$\000\000\000\005%\000\000\000\007-\000\000\000\000U\256\322m\2146\221\305\341\316\031h?\276\005\207\253\236\tL;\371W\315\233X\345O\203\332\240\005\360b@\000\000*$\200\024@\201\024\237\311\327\222\336\304\221\216Q\027\001uf'%5\022:P\210@e&\014`#?\020s\314\3035_u\244\223G\263\322\035\357\201\363\033\220\333`\311\331n\373\360\001"";   nodeid: ""@\000\000\000\000\000\000\000\000\000\000\000\000\000\000\000\000\000\000\000\000\000\000\000\000\000\000\000\000\000\000\000\001""; }; nodes {;   nodedata: ""\021\000a""\000\000\000\000$\000\000\000\006%\000\000\000\007-\000\000\000\000U\256\322m\2146\221\305\341\316\031h?\276\005\207\253\236\tL;\371W\315\233X\345O\203\332\240\005\360b@\000\000\004l\214@6\201\024\3177\2633\3425H\2210g]\027\350~`\267{\247\373\332g\244\337\353\312\013\236hD\305E\177)\365\031\344}\231\342 ?\273\261,\263l\2443V5tR\001"";   nodeid: ""`\000\000\000\000\000\000\000\000\000\000\000\000\000\000\000\000\000\000\000\000\000\000\000\000\000\000\000\000\000\000\000\001""; }; requestCookie: 4; ","ledgerHash: ""\326+\03569g\235`}\354\203s\003\217_Vf \233\324\237yU<\242:Zr\321\340\201]""; ledgerSeq: 7; type: liAS_NODE; nodes {;   nodedata: ""\021\000a""\000\000\000\000$\000\000\000\005%\000\000\000\007-\000\000\000\000U\256\322m\2146\221\305\341\316\031h?\276\005\207\253\236\tL;\371W\315\233X\345O\203\332\240\005\360b@\000\000*$\200\024@\201\024\237\311\327\222\336\304\221\216Q\027\001uf'%5\022:P\210@e&\014`#?\020s\314\3035_u\244\223G\263\322\035\357\201\363\033\220\333`\311\331n\373\360\001"";   nodeid: ""@\000\000\000\000\000\000\000\000\000\000\000\000\000\000\000\000\000\000\000\000\000\000\000\000\000\000\000\000\000\000\000\001""; }; nodes {;   nodedata: ""\021\000a""\000\000\000\000$\000\000\000\006%\000\000\000\007-\000\000\000\000U\256\322m\2146\221\305\341\316\031h?\276\005\207\253\236\tL;\371W\315\233X\345O\203\332\240\005\360b@\000\000\004l\214@6\201\024\3177\2633\3425H\2210g]\027\350~`\267{\247\373\332g\244\337\353\312\013\236hD\305E\177)\365\031\344}\231\342 ?\273\261,\263l\2443V5tR\001"";   nodeid: ""`\000\000\000\000\000\000\000\000\000\000\000\000\000\000\000\000\000\000\000\000\000\000\000\000\000\000\000\000\000\000\000\001""; }; requestCookie: 4; "
1750527552491,1750527552491,1539,1,4,2,TMLedgerData,"ledgerHash: ""3\321\n7\354)\tf\006\357\205B<h\272GQ \344\262\236\025#\003\024&\310\034\352\376\326""; ledgerSeq: 0; type: liTS_CANDIDATE; nodes {;   nodedata: ""'\240~~s\033\202\356\320\307\177Nt\203\315\245\305\276b\265\310\271\3319\245:\342=c\267\265\233\002\003"";   nodeid: ""\000\000\000\000\000\000\000\000\000\000\000\000\000\000\000\000\000\000\000\000\000\000\000\000\000\000\000\000\000\000\000\000\000""; }; ","ledgerHash: ""3\321\n7\354)\tf\006\357\205B<h\272GQ \344\262\236\025#\003\024&\310\034\352\376\326""; ledgerSeq: 0; type: liTS_CANDIDATE; nodes {;   nodedata: ""'\240~~s\033\202\356\320\307\177Nt\203\315\245\305\276b\265\310\271\3319\245:\342=c\267\265\233\002\003"";   nodeid: ""\000\000\000\000\000\000\000\000\000\000\000\000\000\000\000\000\000\000\000\000\000\000\000\000\000\000\000\000\000\000\000\000\000""; }; "
1750527552524,1750527552524,1544,1,2,1,TMGetLedger,"itype: liTS_CANDIDATE; ledgerHash: ""3\321\n7\354)\tf\006\357\205B<h\272GQ \344\262\236\025#\003\024&\310\034\352\376\326""; nodeIDs: ""\000\000\000\000\000\000\000\000\000\000\000\000\000\000\000\000\000\000\000\000\000\000\000\000\000\000\000\000\000\000\000\000\000""; queryType: qtINDIRECT; queryDepth: 3; ","itype: liTS_CANDIDATE; ledgerHash: ""3\321\n7\354)\tf\006\357\205B<h\272GQ \344\262\236\025#\003\024&\310\034\352\376\326""; nodeIDs: ""\000\000\000\000\000\000\000\000\000\000\000\000\000\000\000\000\000\000\000\000\000\000\000\000\000\000\000\000\000\000\000\000\000""; queryType: qtINDIRECT; queryDepth: 3; "
1750527552524,1750527552525,589,1,2,0,TMGetLedger,"itype: liTS_CANDIDATE; ledgerHash: ""3\321\n7\354)\tf\006\357\205B<h\272GQ \344\262\236\025#\003\024&\310\034\352\376\326""; nodeIDs: ""\000\000\000\000\000\000\000\000\000\000\000\000\000\000\000\000\000\000\000\000\000\000\000\000\000\000\000\000\000\000\000\000\000""; queryType: qtINDIRECT; queryDepth: 3; ","itype: liTS_CANDIDATE; ledgerHash: ""3\321\n7\354)\tf\006\357\205B<h\272GQ \344\262\236\025#\003\024&\310\034\352\376\326""; nodeIDs: ""\000\000\000\000\000\000\000\000\000\000\000\000\000\000\000\000\000\000\000\000\000\000\000\000\000\000\000\000\000\000\000\000\000""; queryType: qtINDIRECT; queryDepth: 3; "
1750527552525,1750527552525,4000,1,2,3,TMGetLedger,"itype: liTS_CANDIDATE; ledgerHash: ""3\321\n7\354)\tf\006\357\205B<h\272GQ \344\262\236\025#\003\024&\310\034\352\376\326""; nodeIDs: ""\000\000\000\000\000\000\000\000\000\000\000\000\000\000\000\000\000\000\000\000\000\000\000\000\000\000\000\000\000\000\000\000\000""; queryType: qtINDIRECT; queryDepth: 3; ","itype: liTS_CANDIDATE; ledgerHash: ""3\321\n7\354)\tf\006\357\205B<h\272GQ \344\262\236\025#\003\024&\310\034\352\376\326""; nodeIDs: ""\000\000\000\000\000\000\000\000\000\000\000\000\000\000\000\000\000\000\000\000\000\000\000\000\000\000\000\000\000\000\000\000\000""; queryType: qtINDIRECT; queryDepth: 3; "
1750527552525,1750527552525,3719,1,2,4,TMGetLedger,"itype: liTS_CANDIDATE; ledgerHash: ""3\321\n7\354)\tf\006\357\205B<h\272GQ \344\262\236\025#\003\024&\310\034\352\376\326""; nodeIDs: ""\000\000\000\000\000\000\000\000\000\000\000\000\000\000\000\000\000\000\000\000\000\000\000\000\000\000\000\000\000\000\000\000\000""; queryType: qtINDIRECT; queryDepth: 3; ","itype: liTS_CANDIDATE; ledgerHash: ""3\321\n7\354)\tf\006\357\205B<h\272GQ \344\262\236\025#\003\024&\310\034\352\376\326""; nodeIDs: ""\000\000\000\000\000\000\000\000\000\000\000\000\000\000\000\000\000\000\000\000\000\000\000\000\000\000\000\000\000\000\000\000\000""; queryType: qtINDIRECT; queryDepth: 3; "
1750527552569,1750527552569,2920,1,1,0,TMGetLedger,"itype: liTS_CANDIDATE; ledgerHash: ""3\321\n7\354)\tf\006\357\205B<h\272GQ \344\262\236\025#\003\024&\310\034\352\376\326""; nodeIDs: ""\000\000\000\000\000\000\000\000\000\000\000\000\000\000\000\000\000\000\000\000\000\000\000\000\000\000\000\000\000\000\000\000\000""; requestCookie: 3; queryType: qtINDIRECT; queryDepth: 3; ","itype: liTS_CANDIDATE; ledgerHash: ""3\321\n7\354)\tf\006\357\205B<h\272GQ \344\262\236\025#\003\024&\310\034\352\376\326""; nodeIDs: ""\000\000\000\000\000\000\000\000\000\000\000\000\000\000\000\000\000\000\000\000\000\000\000\000\000\000\000\000\000\000\000\000\000""; requestCookie: 3; queryType: qtINDIRECT; queryDepth: 3; "
1750527552591,1750527552591,1539,1,4,2,TMLedgerData,"ledgerHash: ""\033@\177e\277\016\010u\327\371&\262\312\317Q\2361t\377x\234\001v\003%\030\325_\225g\204\346""; ledgerSeq: 7; type: liTX_NODE; nodes {;   nodedata: ""\274\022\000\000""\000\000\000\000$\000\000\000\005 \033\000\000\000\032a@\000\000\023S/~\000h@\000\000\000\000\000\000\ns!\003K\250\201V\354\353\020.\253\242\026x\202\312\234\3314!'\021-D\001\225\355\256\367\361\211\2710ltF0D\002 \034\347n\276,\014\034\014\216\3362\020\300A\022\234@\257j\263\362\3726r\303\260\tx\027-6\261\002 Pk?<\332\275\247\267E\234\270\035\306\367\2318t\243_\266\366\311\006|\316\223A\211\243\266\226\341\201\024\3177\2633\3425H\2210g]\027\350~`\267{\247\373\332\203\024\272\177ez`?~\240\022\321\013D\240\325V\364\241\375\n@\301] \034\000\000\000\000\370\345\021\000a%\000\000\000\005U\002i\361\030\371\256\265\036\320\273\013\357<\215/(\215[\231D\357Gd\372\270\316\261\301\342\327\225\241V\030+E\324}\254\210\205\211\200xl\010D\242\344Yy\230'SU,\346\210\010%\240N\231\363\306\346b@\000\000\027H\206*@\341\347""\000\000\000\000$\000\000\000\005-\000\000\000\000b@\000\000*\233\265\250@\201\024\272\177ez`?~\240\022\321\013D\240\325V\364\241\375\n@\341\341\345\021\000a%\000\000\000\005U\240\231\202k\030<\225\205;%\337\001\376d\216V\310\306k>\373\322\372\353b\3659\350\345\324F\026Vg\244\337\353\312\013\236hD\305E\177)\365\031\344}\231\342 ?\273\261,\263l\2443V5tR\346$\000\000\000\005b@\000\000\027H\206*@\341\347""\000\000\000\000$\000\000\000\006-\000\000\000\000b@\000\000\003\365V\2546\201\024\3177\2633\3425H\2210g]\027\350~`\267{\247\373\332\341\341\361\003\020\000MJ\275'\324\005\036\313\204nW\300\362\327\016\205\236\021\351Q6\021\355\301\372\322\276g\026\243\361M\004"";   nodeid: ""@\000\000\000\000\000\000\000\000\000\000\000\000\000\000\000\000\000\000\000\000\000\000\000\000\000\000\000\000\000\000\000\001""; }; ","ledgerHash: ""\033@\177e\277\016\010u\327\371&\262\312\317Q\2361t\377x\234\001v\003%\030\325_\225g\204\346""; ledgerSeq: 7; type: liTX_NODE; nodes {;   nodedata: ""\274\022\000\000""\000\000\000\000$\000\000\000\005 \033\000\000\000\032a@\000\000\023S/~\000h@\000\000\000\000\000\000\ns!\003K\250\201V\354\353\020.\253\242\026x\202\312\234\3314!'\021-D\001\225\355\256\367\361\211\2710ltF0D\002 \034\347n\276,\014\034\014\216\3362\020\300A\022\234@\257j\263\362\3726r\303\260\tx\027-6\261\002 Pk?<\332\275\247\267E\234\270\035\306\367\2318t\243_\266\366\311\006|\316\223A\211\243\266\226\341\201\024\3177\2633\3425H\2210g]\027\350~`\267{\247\373\332\203\024\272\177ez`?~\240\022\321\013D\240\325V\364\241\375\n@\301] \034\000\000\000\000\370\345\021\000a%\000\000\000\005U\002i\361\030\371\256\265\036\320\273\013\357<\215/(\215[\231D\357Gd\372\270\316\261\301\342\327\225\241V\030+E\324}\254\210\205\211\200xl\010D\242\344Yy\230'SU,\346\210\010%\240N\231\363\306\346b@\000\000\027H\206*@\341\347""\000\000\000\000$\000\000\000\005-\000\000\000\000b@\000\000*\233\265\250@\201\024\272\177ez`?~\240\022\321\013D\240\325V\364\241\375\n@\341\341\345\021\000a%\000\000\000\005U\240\231\202k\030<\225\205;%\337\001\376d\216V\310\306k>\373\322\372\353b\3659\350\345\324F\026Vg\244\337\353\312\013\236hD\305E\177)\365\031\344}\231\342 ?\273\261,\263l\2443V5tR\346$\000\000\000\005b@\000\000\027H\206*@\341\347""\000\000\000\000$\000\000\000\006-\000\000\000\000b@\000\000\003\365V\2546\201\024\3177\2633\3425H\2210g]\027\350~`\267{\247\373\332\341\341\361\003\020\000MJ\275'\324\005\036\313\204nW\300\362\327\016\205\236\021\351Q6\021\355\301\372\322\276g\026\243\361M\004"";   nodeid: ""@\000\000\000\000\000\000\000\000\000\000\000\000\000\000\000\000\000\000\000\000\000\000\000\000\000\000\000\000\000\000\000\001""; }; "
1750527552614,1750527552614,3818,1,0,2,TMLedgerData,"ledgerHash: ""3\321\n7\354)\tf\006\357\205B<h\272GQ \344\262\236\025#\003\024&\310\034\352\376\326""; ledgerSeq: 0; type: liTS_CANDIDATE; nodes {;   nodedata: ""'\240~~s\033\202\356\320\307\177Nt\203\315\245\305\276b\265\310\271\3319\245:\342=c\267\265\233\002\003"";   nodeid: ""\000\000\000\000\000\000\000\000\000\000\000\000\000\000\000\000\000\000\000\000\000\000\000\000\000\000\000\000\000\000\000\000\000""; }; ","ledgerHash: ""3\321\n7\354)\tf\006\357\205B<h\272GQ \344\262\236\025#\003\024&\310\034\352\376\326""; ledgerSeq: 0; type: liTS_CANDIDATE; nodes {;   nodedata: ""'\240~~s\033\202\356\320\307\177Nt\203\315\245\305\276b\265\310\271\3319\245:\342=c\267\265\233\002\003"";   nodeid: ""\000\000\000\000\000\000\000\000\000\000\000\000\000\000\000\000\000\000\000\000\000\000\000\000\000\000\000\000\000\000\000\000\000""; }; "
1750527552706,1750527552706,1144,1,4,1,TMLedgerData,"ledgerHash: ""\033@\177e\277\016\010u\327\371&\262\312\317Q\2361t\377x\234\001v\003%\030\325_\225g\204\346""; ledgerSeq: 7; type: liAS_NODE; nodes {;   nodedata: ""\021\000a""\000\000\000\000$\000\000\000\006%\000\000\000\007-\000\000\000\000UMJ\275'\324\005\036\313\204nW\300\362\327\016\205\236\021\351Q6\021\355\301\372\322\276g\026\243\361Mb@\000\000\003\365V\2546\201\024\3177\2633\3425H\2210g]\027\350~`\267{\247\373\332g\244\337\353\312\013\236hD\305E\177)\365\031\344}\231\342 ?\273\261,\263l\2443V5tR\001"";   nodeid: ""`\000\000\000\000\000\000\000\000\000\000\000\000\000\000\000\000\000\000\000\000\000\000\000\000\000\000\000\000\000\000\000\001""; }; nodes {;   nodedata: ""\021\000a""\000\000\000\000$\000\000\000\005%\000\000\000\007-\000\000\000\000UMJ\275'\324\005\036\313\204nW\300\362\327\016\205\236\021\351Q6\021\355\301\372\322\276g\026\243\361Mb@\000\000*\233\265\250@\201\024\272\177ez`?~\240\022\321\013D\240\325V\364\241\375\n@\030+E\324}\254\210\205\211\200xl\010D\242\344Yy\230'SU,\346\210\010%\240N\231\363\306\001"";   nodeid: ""\020\000\000\000\000\000\000\000\000\000\000\000\000\000\000\000\000\000\000\000\000\000\000\000\000\000\000\000\000\000\000\000\001""; }; requestCookie: 3; ","ledgerHash: ""\033@\177e\277\016\010u\327\371&\262\312\317Q\2361t\377x\234\001v\003%\030\325_\225g\204\346""; ledgerSeq: 7; type: liAS_NODE; nodes {;   nodedata: ""\021\000a""\000\000\000\000$\000\000\000\006%\000\000\000\007-\000\000\000\000UMJ\275'\324\005\036\313\204nW\300\362\327\016\205\236\021\351Q6\021\355\301\372\322\276g\026\243\361Mb@\000\000\003\365V\2546\201\024\3177\2633\3425H\2210g]\027\350~`\267{\247\373\332g\244\337\353\312\013\236hD\305E\177)\365\031\344}\231\342 ?\273\261,\263l\2443V5tR\001"";   nodeid: ""`\000\000\000\000\000\000\000\000\000\000\000\000\000\000\000\000\000\000\000\000\000\000\000\000\000\000\000\000\000\000\000\001""; }; nodes {;   nodedata: ""\021\000a""\000\000\000\000$\000\000\000\005%\000\000\000\007-\000\000\000\000UMJ\275'\324\005\036\313\204nW\300\362\327\016\205\236\021\351Q6\021\355\301\372\322\276g\026\243\361Mb@\000\000*\233\265\250@\201\024\272\177ez`?~\240\022\321\013D\240\325V\364\241\375\n@\030+E\324}\254\210\205\211\200xl\010D\242\344Yy\230'SU,\346\210\010%\240N\231\363\306\001"";   nodeid: ""\020\000\000\000\000\000\000\000\000\000\000\000\000\000\000\000\000\000\000\000\000\000\000\000\000\000\000\000\000\000\000\000\001""; }; requestCookie: 3; "
1750527552773,1750527552773,2523,1,3,2,TMLedgerData,"ledgerHash: ""3\321\n7\354)\tf\006\357\205B<h\272GQ \344\262\236\025#\003\024&\310\034\352\376\326""; ledgerSeq: 0; type: liTS_CANDIDATE; nodes {;   nodedata: ""'\240~~s\033\202\356\320\307\177Nt\203\315\245\305\276b\265\310\271\3319\245:\342=c\267\265\233\002\003"";   nodeid: ""\000\000\000\000\000\000\000\000\000\000\000\000\000\000\000\000\000\000\000\000\000\000\000\000\000\000\000\000\000\000\000\000\000""; }; ","ledgerHash: ""3\321\n7\354)\tf\006\357\205B<h\272GQ \344\262\236\025#\003\024&\310\034\352\376\326""; ledgerSeq: 0; type: liTS_CANDIDATE; nodes {;   nodedata: ""'\240~~s\033\202\356\320\307\177Nt\203\315\245\305\276b\265\310\271\3319\245:\342=c\267\265\233\002\003"";   nodeid: ""\000\000\000\000\000\000\000\000\000\000\000\000\000\000\000\000\000\000\000\000\000\000\000\000\000\000\000\000\000\000\000\000\000""; }; "
1750527552775,1750527552775,1544,1,2,1,TMGetLedger,"itype: liTS_CANDIDATE; ledgerHash: ""3\321\n7\354)\tf\006\357\205B<h\272GQ \344\262\236\025#\003\024&\310\034\352\376\326""; nodeIDs: ""\000\000\000\000\000\000\000\000\000\000\000\000\000\000\000\000\000\000\000\000\000\000\000\000\000\000\000\000\000\000\000\000\000""; queryType: qtINDIRECT; queryDepth: 3; ","itype: liTS_CANDIDATE; ledgerHash: ""3\321\n7\354)\tf\006\357\205B<h\272GQ \344\262\236\025#\003\024&\310\034\352\376\326""; nodeIDs: ""\000\000\000\000\000\000\000\000\000\000\000\000\000\000\000\000\000\000\000\000\000\000\000\000\000\000\000\000\000\000\000\000\000""; queryType: qtINDIRECT; queryDepth: 3; "
1750527552775,1750527552775,589,1,2,0,TMGetLedger,"itype: liTS_CANDIDATE; ledgerHash: ""3\321\n7\354)\tf\006\357\205B<h\272GQ \344\262\236\025#\003\024&\310\034\352\376\326""; nodeIDs: ""\000\000\000\000\000\000\000\000\000\000\000\000\000\000\000\000\000\000\000\000\000\000\000\000\000\000\000\000\000\000\000\000\000""; queryType: qtINDIRECT; queryDepth: 3; ","itype: liTS_CANDIDATE; ledgerHash: ""3\321\n7\354)\tf\006\357\205B<h\272GQ \344\262\236\025#\003\024&\310\034\352\376\326""; nodeIDs: ""\000\000\000\000\000\000\000\000\000\000\000\000\000\000\000\000\000\000\000\000\000\000\000\000\000\000\000\000\000\000\000\000\000""; queryType: qtINDIRECT; queryDepth: 3; "
1750527552775,1750527552775,3719,1,2,4,TMGetLedger,"itype: liTS_CANDIDATE; ledgerHash: ""3\321\n7\354)\tf\006\357\205B<h\272GQ \344\262\236\025#\003\024&\310\034\352\376\326""; nodeIDs: ""\000\000\000\000\000\000\000\000\000\000\000\000\000\000\000\000\000\000\000\000\000\000\000\000\000\000\000\000\000\000\000\000\000""; queryType: qtINDIRECT; queryDepth: 3; ","itype: liTS_CANDIDATE; ledgerHash: ""3\321\n7\354)\tf\006\357\205B<h\272GQ \344\262\236\025#\003\024&\310\034\352\376\326""; nodeIDs: ""\000\000\000\000\000\000\000\000\000\000\000\000\000\000\000\000\000\000\000\000\000\000\000\000\000\000\000\000\000\000\000\000\000""; queryType: qtINDIRECT; queryDepth: 3; "
1750527552776,1750527552776,4000,1,2,3,TMGetLedger,"itype: liTS_CANDIDATE; ledgerHash: ""3\321\n7\354)\tf\006\357\205B<h\272GQ \344\262\236\025#\003\024&\310\034\352\376\326""; nodeIDs: ""\000\000\000\000\000\000\000\000\000\000\000\000\000\000\000\000\000\000\000\000\000\000\000\000\000\000\000\000\000\000\000\000\000""; queryType: qtINDIRECT; queryDepth: 3; ","itype: liTS_CANDIDATE; ledgerHash: ""3\321\n7\354)\tf\006\357\205B<h\272GQ \344\262\236\025#\003\024&\310\034\352\376\326""; nodeIDs: ""\000\000\000\000\000\000\000\000\000\000\000\000\000\000\000\000\000\000\000\000\000\000\000\000\000\000\000\000\000\000\000\000\000""; queryType: qtINDIRECT; queryDepth: 3; "
1750527552818,1750527552818,2920,1,1,0,TMGetLedger,"itype: liTS_CANDIDATE; ledgerHash: ""3\321\n7\354)\tf\006\357\205B<h\272GQ \344\262\236\025#\003\024&\310\034\352\376\326""; nodeIDs: ""\000\000\000\000\000\000\000\000\000\000\000\000\000\000\000\000\000\000\000\000\000\000\000\000\000\000\000\000\000\000\000\000\000""; requestCookie: 3; queryType: qtINDIRECT; queryDepth: 3; ","itype: liTS_CANDIDATE; ledgerHash: ""3\321\n7\354)\tf\006\357\205B<h\272GQ \344\262\236\025#\003\024&\310\034\352\376\326""; nodeIDs: ""\000\000\000\000\000\000\000\000\000\000\000\000\000\000\000\000\000\000\000\000\000\000\000\000\000\000\000\000\000\000\000\000\000""; requestCookie: 3; queryType: qtINDIRECT; queryDepth: 3; "
1750527552865,1750527552865,3818,1,0,2,TMLedgerData,"ledgerHash: ""3\321\n7\354)\tf\006\357\205B<h\272GQ \344\262\236\025#\003\024&\310\034\352\376\326""; ledgerSeq: 0; type: liTS_CANDIDATE; nodes {;   nodedata: ""'\240~~s\033\202\356\320\307\177Nt\203\315\245\305\276b\265\310\271\3319\245:\342=c\267\265\233\002\003"";   nodeid: ""\000\000\000\000\000\000\000\000\000\000\000\000\000\000\000\000\000\000\000\000\000\000\000\000\000\000\000\000\000\000\000\000\000""; }; ","ledgerHash: ""3\321\n7\354)\tf\006\357\205B<h\272GQ \344\262\236\025#\003\024&\310\034\352\376\326""; ledgerSeq: 0; type: liTS_CANDIDATE; nodes {;   nodedata: ""'\240~~s\033\202\356\320\307\177Nt\203\315\245\305\276b\265\310\271\3319\245:\342=c\267\265\233\002\003"";   nodeid: ""\000\000\000\000\000\000\000\000\000\000\000\000\000\000\000\000\000\000\000\000\000\000\000\000\000\000\000\000\000\000\000\000\000""; }; "
1750527552868,1750527552868,2764,1,4,3,TMLedgerData,"ledgerHash: ""\326+\03569g\235`}\354\203s\003\217_Vf \233\324\237yU<\242:Zr\321\340\201]""; ledgerSeq: 7; type: liAS_NODE; nodes {;   nodedata: ""\021\000a""\000\000\000\000$\000\000\000\005%\000\000\000\007-\000\000\000\000U\256\322m\2146\221\305\341\316\031h?\276\005\207\253\236\tL;\371W\315\233X\345O\203\332\240\005\360b@\000\000*$\200\024@\201\024\237\311\327\222\336\304\221\216Q\027\001uf'%5\022:P\210@e&\014`#?\020s\314\3035_u\244\223G\263\322\035\357\201\363\033\220\333`\311\331n\373\360\001"";   nodeid: ""@\000\000\000\000\000\000\000\000\000\000\000\000\000\000\000\000\000\000\000\000\000\000\000\000\000\000\000\000\000\000\000\001""; }; nodes {;   nodedata: ""\021\000a""\000\000\000\000$\000\000\000\006%\000\000\000\007-\000\000\000\000U\256\322m\2146\221\305\341\316\031h?\276\005\207\253\236\tL;\371W\315\233X\345O\203\332\240\005\360b@\000\000\004l\214@6\201\024\3177\2633\3425H\2210g]\027\350~`\267{\247\373\332g\244\337\353\312\013\236hD\305E\177)\365\031\344}\231\342 ?\273\261,\263l\2443V5tR\001"";   nodeid: ""`\000\000\000\000\000\000\000\000\000\000\000\000\000\000\000\000\000\000\000\000\000\000\000\000\000\000\000\000\000\000\000\001""; }; ","ledgerHash: ""\326+\03569g\235`}\354\203s\003\217_Vf \233\324\237yU<\242:Zr\321\340\201]""; ledgerSeq: 7; type: liAS_NODE; nodes {;   nodedata: ""\021\000a""\000\000\000\000$\000\000\000\005%\000\000\000\007-\000\000\000\000U\256\322m\2146\221\305\341\316\031h?\276\005\207\253\236\tL;\371W\315\233X\345O\203\332\240\005\360b@\000\000*$\200\024@\201\024\237\311\327\222\336\304\221\216Q\027\001uf'%5\022:P\210@e&\014`#?\020s\314\3035_u\244\223G\263\322\035\357\201\363\033\220\333`\311\331n\373\360\001"";   nodeid: ""@\000\000\000\000\000\000\000\000\000\000\000\000\000\000\000\000\000\000\000\000\000\000\000\000\000\000\000\000\000\000\000\001""; }; nodes {;   nodedata: ""\021\000a""\000\000\000\000$\000\000\000\006%\000\000\000\007-\000\000\000\000U\256\322m\2146\221\305\341\316\031h?\276\005\207\253\236\tL;\371W\315\233X\345O\203\332\240\005\360b@\000\000\004l\214@6\201\024\3177\2633\3425H\2210g]\027\350~`\267{\247\373\332g\244\337\353\312\013\236hD\305E\177)\365\031\344}\231\342 ?\273\261,\263l\2443V5tR\001"";   nodeid: ""`\000\000\000\000\000\000\000\000\000\000\000\000\000\000\000\000\000\000\000\000\000\000\000\000\000\000\000\000\000\000\000\001""; }; "
1750527553026,1750527553026,1544,1,2,1,TMGetLedger,"itype: liTS_CANDIDATE; ledgerHash: ""3\321\n7\354)\tf\006\357\205B<h\272GQ \344\262\236\025#\003\024&\310\034\352\376\326""; nodeIDs: ""\000\000\000\000\000\000\000\000\000\000\000\000\000\000\000\000\000\000\000\000\000\000\000\000\000\000\000\000\000\000\000\000\000""; queryType: qtINDIRECT; queryDepth: 3; ","itype: liTS_CANDIDATE; ledgerHash: ""3\321\n7\354)\tf\006\357\205B<h\272GQ \344\262\236\025#\003\024&\310\034\352\376\326""; nodeIDs: ""\000\000\000\000\000\000\000\000\000\000\000\000\000\000\000\000\000\000\000\000\000\000\000\000\000\000\000\000\000\000\000\000\000""; queryType: qtINDIRECT; queryDepth: 3; "
1750527553027,1750527553027,589,1,2,0,TMGetLedger,"itype: liTS_CANDIDATE; ledgerHash: ""3\321\n7\354)\tf\006\357\205B<h\272GQ \344\262\236\025#\003\024&\310\034\352\376\326""; nodeIDs: ""\000\000\000\000\000\000\000\000\000\000\000\000\000\000\000\000\000\000\000\000\000\000\000\000\000\000\000\000\000\000\000\000\000""; queryType: qtINDIRECT; queryDepth: 3; ","itype: liTS_CANDIDATE; ledgerHash: ""3\321\n7\354)\tf\006\357\205B<h\272GQ \344\262\236\025#\003\024&\310\034\352\376\326""; nodeIDs: ""\000\000\000\000\000\000\000\000\000\000\000\000\000\000\000\000\000\000\000\000\000\000\000\000\000\000\000\000\000\000\000\000\000""; queryType: qtINDIRECT; queryDepth: 3; "
1750527553028,1750527553028,3719,1,2,4,TMGetLedger,"itype: liTS_CANDIDATE; ledgerHash: ""3\321\n7\354)\tf\006\357\205B<h\272GQ \344\262\236\025#\003\024&\310\034\352\376\326""; nodeIDs: ""\000\000\000\000\000\000\000\000\000\000\000\000\000\000\000\000\000\000\000\000\000\000\000\000\000\000\000\000\000\000\000\000\000""; queryType: qtINDIRECT; queryDepth: 3; ","itype: liTS_CANDIDATE; ledgerHash: ""3\321\n7\354)\tf\006\357\205B<h\272GQ \344\262\236\025#\003\024&\310\034\352\376\326""; nodeIDs: ""\000\000\000\000\000\000\000\000\000\000\000\000\000\000\000\000\000\000\000\000\000\000\000\000\000\000\000\000\000\000\000\000\000""; queryType: qtINDIRECT; queryDepth: 3; "
1750527553028,1750527553028,4000,1,2,3,TMGetLedger,"itype: liTS_CANDIDATE; ledgerHash: ""3\321\n7\354)\tf\006\357\205B<h\272GQ \344\262\236\025#\003\024&\310\034\352\376\326""; nodeIDs: ""\000\000\000\000\000\000\000\000\000\000\000\000\000\000\000\000\000\000\000\000\000\000\000\000\000\000\000\000\000\000\000\000\000""; queryType: qtINDIRECT; queryDepth: 3; ","itype: liTS_CANDIDATE; ledgerHash: ""3\321\n7\354)\tf\006\357\205B<h\272GQ \344\262\236\025#\003\024&\310\034\352\376\326""; nodeIDs: ""\000\000\000\000\000\000\000\000\000\000\000\000\000\000\000\000\000\000\000\000\000\000\000\000\000\000\000\000\000\000\000\000\000""; queryType: qtINDIRECT; queryDepth: 3; "
1750527553069,1750527553069,2920,1,1,0,TMGetLedger,"itype: liTS_CANDIDATE; ledgerHash: ""3\321\n7\354)\tf\006\357\205B<h\272GQ \344\262\236\025#\003\024&\310\034\352\376\326""; nodeIDs: ""\000\000\000\000\000\000\000\000\000\000\000\000\000\000\000\000\000\000\000\000\000\000\000\000\000\000\000\000\000\000\000\000\000""; requestCookie: 3; queryType: qtINDIRECT; queryDepth: 3; ","itype: liTS_CANDIDATE; ledgerHash: ""3\321\n7\354)\tf\006\357\205B<h\272GQ \344\262\236\025#\003\024&\310\034\352\376\326""; nodeIDs: ""\000\000\000\000\000\000\000\000\000\000\000\000\000\000\000\000\000\000\000\000\000\000\000\000\000\000\000\000\000\000\000\000\000""; requestCookie: 3; queryType: qtINDIRECT; queryDepth: 3; "
1750527553114,1750527553114,3818,1,0,2,TMLedgerData,"ledgerHash: ""3\321\n7\354)\tf\006\357\205B<h\272GQ \344\262\236\025#\003\024&\310\034\352\376\326""; ledgerSeq: 0; type: liTS_CANDIDATE; nodes {;   nodedata: ""'\240~~s\033\202\356\320\307\177Nt\203\315\245\305\276b\265\310\271\3319\245:\342=c\267\265\233\002\003"";   nodeid: ""\000\000\000\000\000\000\000\000\000\000\000\000\000\000\000\000\000\000\000\000\000\000\000\000\000\000\000\000\000\000\000\000\000""; }; ","ledgerHash: ""3\321\n7\354)\tf\006\357\205B<h\272GQ \344\262\236\025#\003\024&\310\034\352\376\326""; ledgerSeq: 0; type: liTS_CANDIDATE; nodes {;   nodedata: ""'\240~~s\033\202\356\320\307\177Nt\203\315\245\305\276b\265\310\271\3319\245:\342=c\267\265\233\002\003"";   nodeid: ""\000\000\000\000\000\000\000\000\000\000\000\000\000\000\000\000\000\000\000\000\000\000\000\000\000\000\000\000\000\000\000\000\000""; }; "
1750527553187,1750527553187,2523,1,3,2,TMLedgerData,"ledgerHash: ""\033@\177e\277\016\010u\327\371&\262\312\317Q\2361t\377x\234\001v\003%\030\325_\225g\204\346""; ledgerSeq: 7; type: liAS_NODE; nodes {;   nodedata: ""\021\000a""\000\000\000\000$\000\000\000\006%\000\000\000\007-\000\000\000\000UMJ\275'\324\005\036\313\204nW\300\362\327\016\205\236\021\351Q6\021\355\301\372\322\276g\026\243\361Mb@\000\000\003\365V\2546\201\024\3177\2633\3425H\2210g]\027\350~`\267{\247\373\332g\244\337\353\312\013\236hD\305E\177)\365\031\344}\231\342 ?\273\261,\263l\2443V5tR\001"";   nodeid: ""`\000\000\000\000\000\000\000\000\000\000\000\000\000\000\000\000\000\000\000\000\000\000\000\000\000\000\000\000\000\000\000\001""; }; nodes {;   nodedata: ""\021\000a""\000\000\000\000$\000\000\000\005%\000\000\000\007-\000\000\000\000UMJ\275'\324\005\036\313\204nW\300\362\327\016\205\236\021\351Q6\021\355\301\372\322\276g\026\243\361Mb@\000\000*\233\265\250@\201\024\272\177ez`?~\240\022\321\013D\240\325V\364\241\375\n@\030+E\324}\254\210\205\211\200xl\010D\242\344Yy\230'SU,\346\210\010%\240N\231\363\306\001"";   nodeid: ""\020\000\000\000\000\000\000\000\000\000\000\000\000\000\000\000\000\000\000\000\000\000\000\000\000\000\000\000\000\000\000\000\001""; }; requestCookie: 3; ","ledgerHash: ""\033@\177e\277\016\010u\327\371&\262\312\317Q\2361t\377x\234\001v\003%\030\325_\225g\204\346""; ledgerSeq: 7; type: liAS_NODE; nodes {;   nodedata: ""\021\000a""\000\000\000\000$\000\000\000\006%\000\000\000\007-\000\000\000\000UMJ\275'\324\005\036\313\204nW\300\362\327\016\205\236\021\351Q6\021\355\301\372\322\276g\026\243\361Mb@\000\000\003\365V\2546\201\024\3177\2633\3425H\2210g]\027\350~`\267{\247\373\332g\244\337\353\312\013\236hD\305E\177)\365\031\344}\231\342 ?\273\261,\263l\2443V5tR\001"";   nodeid: ""`\000\000\000\000\000\000\000\000\000\000\000\000\000\000\000\000\000\000\000\000\000\000\000\000\000\000\000\000\000\000\000\001""; }; nodes {;   nodedata: ""\021\000a""\000\000\000\000$\000\000\000\005%\000\000\000\007-\000\000\000\000UMJ\275'\324\005\036\313\204nW\300\362\327\016\205\236\021\351Q6\021\355\301\372\322\276g\026\243\361Mb@\000\000*\233\265\250@\201\024\272\177ez`?~\240\022\321\013D\240\325V\364\241\375\n@\030+E\324}\254\210\205\211\200xl\010D\242\344Yy\230'SU,\346\210\010%\240N\231\363\306\001"";   nodeid: ""\020\000\000\000\000\000\000\000\000\000\000\000\000\000\000\000\000\000\000\000\000\000\000\000\000\000\000\000\000\000\000\000\001""; }; requestCookie: 3; "
1750527553276,1750527553276,589,1,2,0,TMGetLedger,"itype: liTS_CANDIDATE; ledgerHash: ""3\321\n7\354)\tf\006\357\205B<h\272GQ \344\262\236\025#\003\024&\310\034\352\376\326""; nodeIDs: ""\000\000\000\000\000\000\000\000\000\000\000\000\000\000\000\000\000\000\000\000\000\000\000\000\000\000\000\000\000\000\000\000\000""; queryType: qtINDIRECT; queryDepth: 3; ","itype: liTS_CANDIDATE; ledgerHash: ""3\321\n7\354)\tf\006\357\205B<h\272GQ \344\262\236\025#\003\024&\310\034\352\376\326""; nodeIDs: ""\000\000\000\000\000\000\000\000\000\000\000\000\000\000\000\000\000\000\000\000\000\000\000\000\000\000\000\000\000\000\000\000\000""; queryType: qtINDIRECT; queryDepth: 3; "
1750527553276,1750527553276,3719,1,2,4,TMGetLedger,"itype: liTS_CANDIDATE; ledgerHash: ""3\321\n7\354)\tf\006\357\205B<h\272GQ \344\262\236\025#\003\024&\310\034\352\376\326""; nodeIDs: ""\000\000\000\000\000\000\000\000\000\000\000\000\000\000\000\000\000\000\000\000\000\000\000\000\000\000\000\000\000\000\000\000\000""; queryType: qtINDIRECT; queryDepth: 3; ","itype: liTS_CANDIDATE; ledgerHash: ""3\321\n7\354)\tf\006\357\205B<h\272GQ \344\262\236\025#\003\024&\310\034\352\376\326""; nodeIDs: ""\000\000\000\000\000\000\000\000\000\000\000\000\000\000\000\000\000\000\000\000\000\000\000\000\000\000\000\000\000\000\000\000\000""; queryType: qtINDIRECT; queryDepth: 3; "
1750527553276,1750527553276,1544,1,2,1,TMGetLedger,"itype: liTS_CANDIDATE; ledgerHash: ""3\321\n7\354)\tf\006\357\205B<h\272GQ \344\262\236\025#\003\024&\310\034\352\376\326""; nodeIDs: ""\000\000\000\000\000\000\000\000\000\000\000\000\000\000\000\000\000\000\000\000\000\000\000\000\000\000\000\000\000\000\000\000\000""; queryType: qtINDIRECT; queryDepth: 3; ","itype: liTS_CANDIDATE; ledgerHash: ""3\321\n7\354)\tf\006\357\205B<h\272GQ \344\262\236\025#\003\024&\310\034\352\376\326""; nodeIDs: ""\000\000\000\000\000\000\000\000\000\000\000\000\000\000\000\000\000\000\000\000\000\000\000\000\000\000\000\000\000\000\000\000\000""; queryType: qtINDIRECT; queryDepth: 3; "
1750527553277,1750527553277,4000,1,2,3,TMGetLedger,"itype: liTS_CANDIDATE; ledgerHash: ""3\321\n7\354)\tf\006\357\205B<h\272GQ \344\262\236\025#\003\024&\310\034\352\376\326""; nodeIDs: ""\000\000\000\000\000\000\000\000\000\000\000\000\000\000\000\000\000\000\000\000\000\000\000\000\000\000\000\000\000\000\000\000\000""; queryType: qtINDIRECT; queryDepth: 3; ","itype: liTS_CANDIDATE; ledgerHash: ""3\321\n7\354)\tf\006\357\205B<h\272GQ \344\262\236\025#\003\024&\310\034\352\376\326""; nodeIDs: ""\000\000\000\000\000\000\000\000\000\000\000\000\000\000\000\000\000\000\000\000\000\000\000\000\000\000\000\000\000\000\000\000\000""; queryType: qtINDIRECT; queryDepth: 3; "
1750527553320,1750527553320,3769,1,1,3,TMGetLedger,"itype: liTS_CANDIDATE; ledgerHash: ""3\321\n7\354)\tf\006\357\205B<h\272GQ \344\262\236\025#\003\024&\310\034\352\376\326""; nodeIDs: ""\000\000\000\000\000\000\000\000\000\000\000\000\000\000\000\000\000\000\000\000\000\000\000\000\000\000\000\000\000\000\000\000\000""; requestCookie: 3; queryType: qtINDIRECT; queryDepth: 3; ","itype: liTS_CANDIDATE; ledgerHash: ""3\321\n7\354)\tf\006\357\205B<h\272GQ \344\262\236\025#\003\024&\310\034\352\376\326""; nodeIDs: ""\000\000\000\000\000\000\000\000\000\000\000\000\000\000\000\000\000\000\000\000\000\000\000\000\000\000\000\000\000\000\000\000\000""; requestCookie: 3; queryType: qtINDIRECT; queryDepth: 3; "
1750527553332,1750527553332,1497,1,0,3,TMLedgerData,"ledgerHash: ""\326+\03569g\235`}\354\203s\003\217_Vf \233\324\237yU<\242:Zr\321\340\201]""; ledgerSeq: 7; type: liAS_NODE; nodes {;   nodedata: ""\021\000a""\000\000\000\000$\000\000\000\005%\000\000\000\007-\000\000\000\000U\256\322m\2146\221\305\341\316\031h?\276\005\207\253\236\tL;\371W\315\233X\345O\203\332\240\005\360b@\000\000*$\200\024@\201\024\237\311\327\222\336\304\221\216Q\027\001uf'%5\022:P\210@e&\014`#?\020s\314\3035_u\244\223G\263\322\035\357\201\363\033\220\333`\311\331n\373\360\001"";   nodeid: ""@\000\000\000\000\000\000\000\000\000\000\000\000\000\000\000\000\000\000\000\000\000\000\000\000\000\000\000\000\000\000\000\001""; }; nodes {;   nodedata: ""\021\000a""\000\000\000\000$\000\000\000\006%\000\000\000\007-\000\000\000\000U\256\322m\2146\221\305\341\316\031h?\276\005\207\253\236\tL;\371W\315\233X\345O\203\332\240\005\360b@\000\000\004l\214@6\201\024\3177\2633\3425H\2210g]\027\350~`\267{\247\373\332g\244\337\353\312\013\236hD\305E\177)\365\031\344}\231\342 ?\273\261,\263l\2443V5tR\001"";   nodeid: ""`\000\000\000\000\000\000\000\000\000\000\000\000\000\000\000\000\000\000\000\000\000\000\000\000\000\000\000\000\000\000\000\001""; }; ","ledgerHash: ""\326+\03569g\235`}\354\203s\003\217_Vf \233\324\237yU<\242:Zr\321\340\201]""; ledgerSeq: 7; type: liAS_NODE; nodes {;   nodedata: ""\021\000a""\000\000\000\000$\000\000\000\005%\000\000\000\007-\000\000\000\000U\256\322m\2146\221\305\341\316\031h?\276\005\207\253\236\tL;\371W\315\233X\345O\203\332\240\005\360b@\000\000*$\200\024@\201\024\237\311\327\222\336\304\221\216Q\027\001uf'%5\022:P\210@e&\014`#?\020s\314\3035_u\244\223G\263\322\035\357\201\363\033\220\333`\311\331n\373\360\001"";   nodeid: ""@\000\000\000\000\000\000\000\000\000\000\000\000\000\000\000\000\000\000\000\000\000\000\000\000\000\000\000\000\000\000\000\001""; }; nodes {;   nodedata: ""\021\000a""\000\000\000\000$\000\000\000\006%\000\000\000\007-\000\000\000\000U\256\322m\2146\221\305\341\316\031h?\276\005\207\253\236\tL;\371W\315\233X\345O\203\332\240\005\360b@\000\000\004l\214@6\201\024\3177\2633\3425H\2210g]\027\350~`\267{\247\373\332g\244\337\353\312\013\236hD\305E\177)\365\031\344}\231\342 ?\273\261,\263l\2443V5tR\001"";   nodeid: ""`\000\000\000\000\000\000\000\000\000\000\000\000\000\000\000\000\000\000\000\000\000\000\000\000\000\000\000\000\000\000\000\001""; }; "
1750527553345,1750527553346,589,1,2,0,TMGetLedger,"itype: liTX_NODE; ledgerHash: ""\033@\177e\277\016\010u\327\371&\262\312\317Q\2361t\377x\234\001v\003%\030\325_\225g\204\346""; ledgerSeq: 7; nodeIDs: ""@\000\000\000\000\000\000\000\000\000\000\000\000\000\000\000\000\000\000\000\000\000\000\000\000\000\000\000\000\000\000\000\001""; queryType: qtINDIRECT; queryDepth: 0; ","itype: liTX_NODE; ledgerHash: ""\033@\177e\277\016\010u\327\371&\262\312\317Q\2361t\377x\234\001v\003%\030\325_\225g\204\346""; ledgerSeq: 7; nodeIDs: ""@\000\000\000\000\000\000\000\000\000\000\000\000\000\000\000\000\000\000\000\000\000\000\000\000\000\000\000\000\000\000\000\001""; queryType: qtINDIRECT; queryDepth: 0; "
1750527553346,1750527553346,1544,1,2,1,TMGetLedger,"itype: liTX_NODE; ledgerHash: ""\033@\177e\277\016\010u\327\371&\262\312\317Q\2361t\377x\234\001v\003%\030\325_\225g\204\346""; ledgerSeq: 7; nodeIDs: ""@\000\000\000\000\000\000\000\000\000\000\000\000\000\000\000\000\000\000\000\000\000\000\000\000\000\000\000\000\000\000\000\001""; queryType: qtINDIRECT; queryDepth: 0; ","itype: liTX_NODE; ledgerHash: ""\033@\177e\277\016\010u\327\371&\262\312\317Q\2361t\377x\234\001v\003%\030\325_\225g\204\346""; ledgerSeq: 7; nodeIDs: ""@\000\000\000\000\000\000\000\000\000\000\000\000\000\000\000\000\000\000\000\000\000\000\000\000\000\000\000\000\000\000\000\001""; queryType: qtINDIRECT; queryDepth: 0; "
1750527553346,1750527553346,3719,1,2,4,TMGetLedger,"itype: liTX_NODE; ledgerHash: ""\033@\177e\277\016\010u\327\371&\262\312\317Q\2361t\377x\234\001v\003%\030\325_\225g\204\346""; ledgerSeq: 7; nodeIDs: ""@\000\000\000\000\000\000\000\000\000\000\000\000\000\000\000\000\000\000\000\000\000\000\000\000\000\000\000\000\000\000\000\001""; queryType: qtINDIRECT; queryDepth: 0; ","itype: liTX_NODE; ledgerHash: ""\033@\177e\277\016\010u\327\371&\262\312\317Q\2361t\377x\234\001v\003%\030\325_\225g\204\346""; ledgerSeq: 7; nodeIDs: ""@\000\000\000\000\000\000\000\000\000\000\000\000\000\000\000\000\000\000\000\000\000\000\000\000\000\000\000\000\000\000\000\001""; queryType: qtINDIRECT; queryDepth: 0; "
1750527553346,1750527553346,4000,1,2,3,TMGetLedger,"itype: liTX_NODE; ledgerHash: ""\033@\177e\277\016\010u\327\371&\262\312\317Q\2361t\377x\234\001v\003%\030\325_\225g\204\346""; ledgerSeq: 7; nodeIDs: ""@\000\000\000\000\000\000\000\000\000\000\000\000\000\000\000\000\000\000\000\000\000\000\000\000\000\000\000\000\000\000\000\001""; queryType: qtINDIRECT; queryDepth: 0; ","itype: liTX_NODE; ledgerHash: ""\033@\177e\277\016\010u\327\371&\262\312\317Q\2361t\377x\234\001v\003%\030\325_\225g\204\346""; ledgerSeq: 7; nodeIDs: ""@\000\000\000\000\000\000\000\000\000\000\000\000\000\000\000\000\000\000\000\000\000\000\000\000\000\000\000\000\000\000\000\001""; queryType: qtINDIRECT; queryDepth: 0; "
1750527553366,1750527553366,3818,1,0,2,TMLedgerData,"ledgerHash: ""3\321\n7\354)\tf\006\357\205B<h\272GQ \344\262\236\025#\003\024&\310\034\352\376\326""; ledgerSeq: 0; type: liTS_CANDIDATE; nodes {;   nodedata: ""'\240~~s\033\202\356\320\307\177Nt\203\315\245\305\276b\265\310\271\3319\245:\342=c\267\265\233\002\003"";   nodeid: ""\000\000\000\000\000\000\000\000\000\000\000\000\000\000\000\000\000\000\000\000\000\000\000\000\000\000\000\000\000\000\000\000\000""; }; ","ledgerHash: ""3\321\n7\354)\tf\006\357\205B<h\272GQ \344\262\236\025#\003\024&\310\034\352\376\326""; ledgerSeq: 0; type: liTS_CANDIDATE; nodes {;   nodedata: ""'\240~~s\033\202\356\320\307\177Nt\203\315\245\305\276b\265\310\271\3319\245:\342=c\267\265\233\002\003"";   nodeid: ""\000\000\000\000\000\000\000\000\000\000\000\000\000\000\000\000\000\000\000\000\000\000\000\000\000\000\000\000\000\000\000\000\000""; }; "
1750527553432,1750527553432,132,1,2,4,TMHaveTransactionSet,"status: tsHAVE; hash: ""3\321\n7\354)\tf\006\357\205B<h\272GQ \344\262\236\025#\003\024&\310\034\352\376\326""; ","status: tsHAVE; hash: ""3\321\n7\354)\tf\006\357\205B<h\272GQ \344\262\236\025#\003\024&\310\034\352\376\326""; "
1750527553433,1750527553433,3121,1,2,0,TMHaveTransactionSet,"status: tsHAVE; hash: ""3\321\n7\354)\tf\006\357\205B<h\272GQ \344\262\236\025#\003\024&\310\034\352\376\326""; ","status: tsHAVE; hash: ""3\321\n7\354)\tf\006\357\205B<h\272GQ \344\262\236\025#\003\024&\310\034\352\376\326""; "
1750527553433,1750527553433,825,1,2,1,TMHaveTransactionSet,"status: tsHAVE; hash: ""3\321\n7\354)\tf\006\357\205B<h\272GQ \344\262\236\025#\003\024&\310\034\352\376\326""; ","status: tsHAVE; hash: ""3\321\n7\354)\tf\006\357\205B<h\272GQ \344\262\236\025#\003\024&\310\034\352\376\326""; "
1750527553433,1750527553433,2054,1,2,3,TMHaveTransactionSet,"status: tsHAVE; hash: ""3\321\n7\354)\tf\006\357\205B<h\272GQ \344\262\236\025#\003\024&\310\034\352\376\326""; ","status: tsHAVE; hash: ""3\321\n7\354)\tf\006\357\205B<h\272GQ \344\262\236\025#\003\024&\310\034\352\376\326""; "
1750527553493,1750527553493,1539,1,4,2,TMLedgerData,"ledgerHash: ""3\321\n7\354)\tf\006\357\205B<h\272GQ \344\262\236\025#\003\024&\310\034\352\376\326""; ledgerSeq: 0; type: liTS_CANDIDATE; nodes {;   nodedata: ""'\240~~s\033\202\356\320\307\177Nt\203\315\245\305\276b\265\310\271\3319\245:\342=c\267\265\233\002\003"";   nodeid: ""\000\000\000\000\000\000\000\000\000\000\000\000\000\000\000\000\000\000\000\000\000\000\000\000\000\000\000\000\000\000\000\000\000""; }; ","ledgerHash: ""3\321\n7\354)\tf\006\357\205B<h\272GQ \344\262\236\025#\003\024&\310\034\352\376\326""; ledgerSeq: 0; type: liTS_CANDIDATE; nodes {;   nodedata: ""'\240~~s\033\202\356\320\307\177Nt\203\315\245\305\276b\265\310\271\3319\245:\342=c\267\265\233\002\003"";   nodeid: ""\000\000\000\000\000\000\000\000\000\000\000\000\000\000\000\000\000\000\000\000\000\000\000\000\000\000\000\000\000\000\000\000\000""; }; "
1750527553508,1750527553508,3904,1,0,4,TMStatusChange,"newEvent: neACCEPTED_LEDGER; ledgerSeq: 8; ledgerHash: ""\325\371\316>\336\364\361`\021\nV\271\333\031\320\244t\024/\346+\231\223\334h\037s\322=Z\307\242""; ledgerHashPrevious: ""\276\230H\305\2714\032l\253n6W\035\354\257.f\r\217\302\203\224\212L\020\S\370\243OP*""; networkTime: 803842753; firstSeq: 1; lastSeq: 7; ","newEvent: neACCEPTED_LEDGER; ledgerSeq: 8; ledgerHash: ""\325\371\316>\336\364\361`\021\nV\271\333\031\320\244t\024/\346+\231\223\334h\037s\322=Z\307\242""; ledgerHashPrevious: ""\276\230H\305\2714\032l\253n6W\035\354\257.f\r\217\302\203\224\212L\020\S\370\243OP*""; networkTime: 803842753; firstSeq: 1; lastSeq: 7; "
1750527553509,1750527553509,1964,1,0,3,TMStatusChange,"newEvent: neACCEPTED_LEDGER; ledgerSeq: 8; ledgerHash: ""\325\371\316>\336\364\361`\021\nV\271\333\031\320\244t\024/\346+\231\223\334h\037s\322=Z\307\242""; ledgerHashPrevious: ""\276\230H\305\2714\032l\253n6W\035\354\257.f\r\217\302\203\224\212L\020\S\370\243OP*""; networkTime: 803842753; firstSeq: 1; lastSeq: 7; ","newEvent: neACCEPTED_LEDGER; ledgerSeq: 8; ledgerHash: ""\325\371\316>\336\364\361`\021\nV\271\333\031\320\244t\024/\346+\231\223\334h\037s\322=Z\307\242""; ledgerHashPrevious: ""\276\230H\305\2714\032l\253n6W\035\354\257.f\r\217\302\203\224\212L\020\S\370\243OP*""; networkTime: 803842753; firstSeq: 1; lastSeq: 7; "
1750527553508,1750527553508,1249,1,0,1,TMStatusChange,"newEvent: neACCEPTED_LEDGER; ledgerSeq: 8; ledgerHash: ""\325\371\316>\336\364\361`\021\nV\271\333\031\320\244t\024/\346+\231\223\334h\037s\322=Z\307\242""; ledgerHashPrevious: ""\276\230H\305\2714\032l\253n6W\035\354\257.f\r\217\302\203\224\212L\020\S\370\243OP*""; networkTime: 803842753; firstSeq: 1; lastSeq: 7; ","newEvent: neACCEPTED_LEDGER; ledgerSeq: 8; ledgerHash: ""\325\371\316>\336\364\361`\021\nV\271\333\031\320\244t\024/\346+\231\223\334h\037s\322=Z\307\242""; ledgerHashPrevious: ""\276\230H\305\2714\032l\253n6W\035\354\257.f\r\217\302\203\224\212L\020\S\370\243OP*""; networkTime: 803842753; firstSeq: 1; lastSeq: 7; "
1750527553508,1750527553508,2179,1,0,2,TMStatusChange,"newEvent: neACCEPTED_LEDGER; ledgerSeq: 8; ledgerHash: ""\325\371\316>\336\364\361`\021\nV\271\333\031\320\244t\024/\346+\231\223\334h\037s\322=Z\307\242""; ledgerHashPrevious: ""\276\230H\305\2714\032l\253n6W\035\354\257.f\r\217\302\203\224\212L\020\S\370\243OP*""; networkTime: 803842753; firstSeq: 1; lastSeq: 7; ","newEvent: neACCEPTED_LEDGER; ledgerSeq: 8; ledgerHash: ""\325\371\316>\336\364\361`\021\nV\271\333\031\320\244t\024/\346+\231\223\334h\037s\322=Z\307\242""; ledgerHashPrevious: ""\276\230H\305\2714\032l\253n6W\035\354\257.f\r\217\302\203\224\212L\020\S\370\243OP*""; networkTime: 803842753; firstSeq: 1; lastSeq: 7; "
1750527553532,1750527553533,1782,1,1,4,TMLedgerData,"ledgerHash: ""\326+\03569g\235`}\354\203s\003\217_Vf \233\324\237yU<\242:Zr\321\340\201]""; ledgerSeq: 7; type: liTX_NODE; nodes {;   nodedata: ""\274\022\000\000""\000\000\000\000$\000\000\000\005 \033\000\000\000\031a@\000\000\022\333\371\352\000h@\000\000\000\000\000\000\ns!\003K\250\201V\354\353\020.\253\242\026x\202\312\234\3314!'\021-D\001\225\355\256\367\361\211\2710ltF0D\002 9\312\273{!\334\315f\262\207h""M\334ieT\306\204<r\350)\356\340\326\356\337\355\371\201\257\002 2M\022\177y""\355\343\n\034\\246\024:\375\024\223\331[\216\234\345\010\v\300\313Bt\251\217,\201\024\3177\2633\3425H\2210g]\027\350~`\267{\247\373\332\203\024\237\311\327\222\336\304\221\216Q\027\001uf'%5\022:P\210\301] \034\000\000\000\000\370\345\021\000a%\000\000\000\005UGZ\227\022t\201\240u\2324P\027\307M\337'Y\361[IAD\351\374!\232\005\337\376\252\251gV@e&\014`#?\020s\314\3035_u\244\223G\263\322\035\357\201\363\033\220\333`\311\331n\373\360\346b@\000\000\027H\206*@\341\347""\000\000\000\000$\000\000\000\005-\000\000\000\000b@\000\000*$\200\024@\201\024\237\311\327\222\336\304\221\216Q\027\001uf'%5\022:P\210\341\341\345\021\000a%\000\000\000\005U\240\231\202k\030<\225\205;%\337\001\376d\216V\310\306k>\373\322\372\353b\3659\350\345\324F\026Vg\244\337\353\312\013\236hD\305E\177)\365\031\344}\231\342 ?\273\261,\263l\2443V5tR\346$\000\000\000\005b@\000\000\027H\206*@\341\347""\000\000\000\000$\000\000\000\006-\000\000\000\000b@\000\000\004l\214@6\201\024\3177\2633\3425H\2210g]\027\350~`\267{\247\373\332\341\341\361\003\020\000\256\322m\2146\221\305\341\316\031h?\276\005\207\253\236\tL;\371W\315\233X\345O\203\332\240\005\360\004"";   nodeid: ""\240\000\000\000\000\000\000\000\000\000\000\000\000\000\000\000\000\000\000\000\000\000\000\000\000\000\000\000\000\000\000\000\001""; }; requestCookie: 1; ","ledgerHash: ""\326+\03569g\235`}\354\203s\003\217_Vf \233\324\237yU<\242:Zr\321\340\201]""; ledgerSeq: 7; type: liTX_NODE; nodes {;   nodedata: ""\274\022\000\000""\000\000\000\000$\000\000\000\005 \033\000\000\000\031a@\000\000\022\333\371\352\000h@\000\000\000\000\000\000\ns!\003K\250\201V\354\353\020.\253\242\026x\202\312\234\3314!'\021-D\001\225\355\256\367\361\211\2710ltF0D\002 9\312\273{!\334\315f\262\207h""M\334ieT\306\204<r\350)\356\340\326\356\337\355\371\201\257\002 2M\022\177y""\355\343\n\034\\246\024:\375\024\223\331[\216\234\345\010\v\300\313Bt\251\217,\201\024\3177\2633\3425H\2210g]\027\350~`\267{\247\373\332\203\024\237\311\327\222\336\304\221\216Q\027\001uf'%5\022:P\210\301] \034\000\000\000\000\370\345\021\000a%\000\000\000\005UGZ\227\022t\201\240u\2324P\027\307M\337'Y\361[IAD\351\374!\232\005\337\376\252\251gV@e&\014`#?\020s\314\3035_u\244\223G\263\322\035\357\201\363\033\220\333`\311\331n\373\360\346b@\000\000\027H\206*@\341\347""\000\000\000\000$\000\000\000\005-\000\000\000\000b@\000\000*$\200\024@\201\024\237\311\327\222\336\304\221\216Q\027\001uf'%5\022:P\210\341\341\345\021\000a%\000\000\000\005U\240\231\202k\030<\225\205;%\337\001\376d\216V\310\306k>\373\322\372\353b\3659\350\345\324F\026Vg\244\337\353\312\013\236hD\305E\177)\365\031\344}\231\342 ?\273\261,\263l\2443V5tR\346$\000\000\000\005b@\000\000\027H\206*@\341\347""\000\000\000\000$\000\000\000\006-\000\000\000\000b@\000\000\004l\214@6\201\024\3177\2633\3425H\2210g]\027\350~`\267{\247\373\332\341\341\361\003\020\000\256\322m\2146\221\305\341\316\031h?\276\005\207\253\236\tL;\371W\315\233X\345O\203\332\240\005\360\004"";   nodeid: ""\240\000\000\000\000\000\000\000\000\000\000\000\000\000\000\000\000\000\000\000\000\000\000\000\000\000\000\000\000\000\000\000\001""; }; requestCookie: 1; "
1750527553569,1750527553569,3810,1,1,4,TMGetLedger,"itype: liTS_CANDIDATE; ledgerHash: ""3\321\n7\354)\tf\006\357\205B<h\272GQ \344\262\236\025#\003\024&\310\034\352\376\326""; nodeIDs: ""\000\000\000\000\000\000\000\000\000\000\000\000\000\000\000\000\000\000\000\000\000\000\000\000\000\000\000\000\000\000\000\000\000""; requestCookie: 3; queryType: qtINDIRECT; queryDepth: 3; ","itype: liTS_CANDIDATE; ledgerHash: ""3\321\n7\354)\tf\006\357\205B<h\272GQ \344\262\236\025#\003\024&\310\034\352\376\326""; nodeIDs: ""\000\000\000\000\000\000\000\000\000\000\000\000\000\000\000\000\000\000\000\000\000\000\000\000\000\000\000\000\000\000\000\000\000""; requestCookie: 3; queryType: qtINDIRECT; queryDepth: 3; "
1750527553617,1750527553617,3818,1,0,2,TMLedgerData,"ledgerHash: ""3\321\n7\354)\tf\006\357\205B<h\272GQ \344\262\236\025#\003\024&\310\034\352\376\326""; ledgerSeq: 0; type: liTS_CANDIDATE; nodes {;   nodedata: ""'\240~~s\033\202\356\320\307\177Nt\203\315\245\305\276b\265\310\271\3319\245:\342=c\267\265\233\002\003"";   nodeid: ""\000\000\000\000\000\000\000\000\000\000\000\000\000\000\000\000\000\000\000\000\000\000\000\000\000\000\000\000\000\000\000\000\000""; }; ","ledgerHash: ""3\321\n7\354)\tf\006\357\205B<h\272GQ \344\262\236\025#\003\024&\310\034\352\376\326""; ledgerSeq: 0; type: liTS_CANDIDATE; nodes {;   nodedata: ""'\240~~s\033\202\356\320\307\177Nt\203\315\245\305\276b\265\310\271\3319\245:\342=c\267\265\233\002\003"";   nodeid: ""\000\000\000\000\000\000\000\000\000\000\000\000\000\000\000\000\000\000\000\000\000\000\000\000\000\000\000\000\000\000\000\000\000""; }; "
1750527553654,1750527553654,1961,1,1,4,TMStatusChange,"newEvent: neACCEPTED_LEDGER; ledgerSeq: 8; ledgerHash: ""R\025\022\007\244\215@M\364\034T\023\222\007\027\320_\265?\3005\223\241_\307(p\352\225\221\377m""; ledgerHashPrevious: ""\326+\03569g\235`}\354\203s\003\217_Vf \233\324\237yU<\242:Zr\321\340\201]""; networkTime: 803842753; firstSeq: 1; lastSeq: 7; ","newEvent: neACCEPTED_LEDGER; ledgerSeq: 8; ledgerHash: ""R\025\022\007\244\215@M\364\034T\023\222\007\027\320_\265?\3005\223\241_\307(p\352\225\221\377m""; ledgerHashPrevious: ""\326+\03569g\235`}\354\203s\003\217_Vf \233\324\237yU<\242:Zr\321\340\201]""; networkTime: 803842753; firstSeq: 1; lastSeq: 7; "
1750527553655,1750527553655,3625,1,1,0,TMStatusChange,"newEvent: neACCEPTED_LEDGER; ledgerSeq: 8; ledgerHash: ""R\025\022\007\244\215@M\364\034T\023\222\007\027\320_\265?\3005\223\241_\307(p\352\225\221\377m""; ledgerHashPrevious: ""\326+\03569g\235`}\354\203s\003\217_Vf \233\324\237yU<\242:Zr\321\340\201]""; networkTime: 803842753; firstSeq: 1; lastSeq: 7; ","newEvent: neACCEPTED_LEDGER; ledgerSeq: 8; ledgerHash: ""R\025\022\007\244\215@M\364\034T\023\222\007\027\320_\265?\3005\223\241_\307(p\352\225\221\377m""; ledgerHashPrevious: ""\326+\03569g\235`}\354\203s\003\217_Vf \233\324\237yU<\242:Zr\321\340\201]""; networkTime: 803842753; firstSeq: 1; lastSeq: 7; "
1750527553655,1750527553655,3322,1,1,3,TMStatusChange,"newEvent: neACCEPTED_LEDGER; ledgerSeq: 8; ledgerHash: ""R\025\022\007\244\215@M\364\034T\023\222\007\027\320_\265?\3005\223\241_\307(p\352\225\221\377m""; ledgerHashPrevious: ""\326+\03569g\235`}\354\203s\003\217_Vf \233\324\237yU<\242:Zr\321\340\201]""; networkTime: 803842753; firstSeq: 1; lastSeq: 7; ","newEvent: neACCEPTED_LEDGER; ledgerSeq: 8; ledgerHash: ""R\025\022\007\244\215@M\364\034T\023\222\007\027\320_\265?\3005\223\241_\307(p\352\225\221\377m""; ledgerHashPrevious: ""\326+\03569g\235`}\354\203s\003\217_Vf \233\324\237yU<\242:Zr\321\340\201]""; networkTime: 803842753; firstSeq: 1; lastSeq: 7; "
1750527553655,1750527553655,798,1,1,2,TMStatusChange,"newEvent: neACCEPTED_LEDGER; ledgerSeq: 8; ledgerHash: ""R\025\022\007\244\215@M\364\034T\023\222\007\027\320_\265?\3005\223\241_\307(p\352\225\221\377m""; ledgerHashPrevious: ""\326+\03569g\235`}\354\203s\003\217_Vf \233\324\237yU<\242:Zr\321\340\201]""; networkTime: 803842753; firstSeq: 1; lastSeq: 7; ","newEvent: neACCEPTED_LEDGER; ledgerSeq: 8; ledgerHash: ""R\025\022\007\244\215@M\364\034T\023\222\007\027\320_\265?\3005\223\241_\307(p\352\225\221\377m""; ledgerHashPrevious: ""\326+\03569g\235`}\354\203s\003\217_Vf \233\324\237yU<\242:Zr\321\340\201]""; networkTime: 803842753; firstSeq: 1; lastSeq: 7; "
1750527553743,1750527553743,1539,1,4,2,TMLedgerData,"ledgerHash: ""3\321\n7\354)\tf\006\357\205B<h\272GQ \344\262\236\025#\003\024&\310\034\352\376\326""; ledgerSeq: 0; type: liTS_CANDIDATE; nodes {;   nodedata: ""'\240~~s\033\202\356\320\307\177Nt\203\315\245\305\276b\265\310\271\3319\245:\342=c\267\265\233\002\003"";   nodeid: ""\000\000\000\000\000\000\000\000\000\000\000\000\000\000\000\000\000\000\000\000\000\000\000\000\000\000\000\000\000\000\000\000\000""; }; ","ledgerHash: ""3\321\n7\354)\tf\006\357\205B<h\272GQ \344\262\236\025#\003\024&\310\034\352\376\326""; ledgerSeq: 0; type: liTS_CANDIDATE; nodes {;   nodedata: ""'\240~~s\033\202\356\320\307\177Nt\203\315\245\305\276b\265\310\271\3319\245:\342=c\267\265\233\002\003"";   nodeid: ""\000\000\000\000\000\000\000\000\000\000\000\000\000\000\000\000\000\000\000\000\000\000\000\000\000\000\000\000\000\000\000\000\000""; }; "
1750527553773,1750527553773,2523,1,3,2,TMLedgerData,"ledgerHash: ""3\321\n7\354)\tf\006\357\205B<h\272GQ \344\262\236\025#\003\024&\310\034\352\376\326""; ledgerSeq: 0; type: liTS_CANDIDATE; nodes {;   nodedata: ""'\240~~s\033\202\356\320\307\177Nt\203\315\245\305\276b\265\310\271\3319\245:\342=c\267\265\233\002\003"";   nodeid: ""\000\000\000\000\000\000\000\000\000\000\000\000\000\000\000\000\000\000\000\000\000\000\000\000\000\000\000\000\000\000\000\000\000""; }; ","ledgerHash: ""3\321\n7\354)\tf\006\357\205B<h\272GQ \344\262\236\025#\003\024&\310\034\352\376\326""; ledgerSeq: 0; type: liTS_CANDIDATE; nodes {;   nodedata: ""'\240~~s\033\202\356\320\307\177Nt\203\315\245\305\276b\265\310\271\3319\245:\342=c\267\265\233\002\003"";   nodeid: ""\000\000\000\000\000\000\000\000\000\000\000\000\000\000\000\000\000\000\000\000\000\000\000\000\000\000\000\000\000\000\000\000\000""; }; "
1750527553820,1750527553820,3810,1,1,4,TMGetLedger,"itype: liTS_CANDIDATE; ledgerHash: ""3\321\n7\354)\tf\006\357\205B<h\272GQ \344\262\236\025#\003\024&\310\034\352\376\326""; nodeIDs: ""\000\000\000\000\000\000\000\000\000\000\000\000\000\000\000\000\000\000\000\000\000\000\000\000\000\000\000\000\000\000\000\000\000""; requestCookie: 3; queryType: qtINDIRECT; queryDepth: 3; ","itype: liTS_CANDIDATE; ledgerHash: ""3\321\n7\354)\tf\006\357\205B<h\272GQ \344\262\236\025#\003\024&\310\034\352\376\326""; nodeIDs: ""\000\000\000\000\000\000\000\000\000\000\000\000\000\000\000\000\000\000\000\000\000\000\000\000\000\000\000\000\000\000\000\000\000""; requestCookie: 3; queryType: qtINDIRECT; queryDepth: 3; "
1750527553850,1750527553850,1968,1,1,2,TMLedgerData,"ledgerHash: ""\033@\177e\277\016\010u\327\371&\262\312\317Q\2361t\377x\234\001v\003%\030\325_\225g\204\346""; ledgerSeq: 7; type: liAS_NODE; nodes {;   nodedata: ""\021\000a""\000\000\000\000$\000\000\000\006%\000\000\000\007-\000\000\000\000UMJ\275'\324\005\036\313\204nW\300\362\327\016\205\236\021\351Q6\021\355\301\372\322\276g\026\243\361Mb@\000\000\003\365V\2546\201\024\3177\2633\3425H\2210g]\027\350~`\267{\247\373\332g\244\337\353\312\013\236hD\305E\177)\365\031\344}\231\342 ?\273\261,\263l\2443V5tR\001"";   nodeid: ""`\000\000\000\000\000\000\000\000\000\000\000\000\000\000\000\000\000\000\000\000\000\000\000\000\000\000\000\000\000\000\000\001""; }; nodes {;   nodedata: ""\021\000a""\000\000\000\000$\000\000\000\005%\000\000\000\007-\000\000\000\000UMJ\275'\324\005\036\313\204nW\300\362\327\016\205\236\021\351Q6\021\355\301\372\322\276g\026\243\361Mb@\000\000*\233\265\250@\201\024\272\177ez`?~\240\022\321\013D\240\325V\364\241\375\n@\030+E\324}\254\210\205\211\200xl\010D\242\344Yy\230'SU,\346\210\010%\240N\231\363\306\001"";   nodeid: ""\020\000\000\000\000\000\000\000\000\000\000\000\000\000\000\000\000\000\000\000\000\000\000\000\000\000\000\000\000\000\000\000\001""; }; ","ledgerHash: ""\033@\177e\277\016\010u\327\371&\262\312\317Q\2361t\377x\234\001v\003%\030\325_\225g\204\346""; ledgerSeq: 7; type: liAS_NODE; nodes {;   nodedata: ""\021\000a""\000\000\000\000$\000\000\000\006%\000\000\000\007-\000\000\000\000UMJ\275'\324\005\036\313\204nW\300\362\327\016\205\236\021\351Q6\021\355\301\372\322\276g\026\243\361Mb@\000\000\003\365V\2546\201\024\3177\2633\3425H\2210g]\027\350~`\267{\247\373\332g\244\337\353\312\013\236hD\305E\177)\365\031\344}\231\342 ?\273\261,\263l\2443V5tR\001"";   nodeid: ""`\000\000\000\000\000\000\000\000\000\000\000\000\000\000\000\000\000\000\000\000\000\000\000\000\000\000\000\000\000\000\000\001""; }; nodes {;   nodedata: ""\021\000a""\000\000\000\000$\000\000\000\005%\000\000\000\007-\000\000\000\000UMJ\275'\324\005\036\313\204nW\300\362\327\016\205\236\021\351Q6\021\355\301\372\322\276g\026\243\361Mb@\000\000*\233\265\250@\201\024\272\177ez`?~\240\022\321\013D\240\325V\364\241\375\n@\030+E\324}\254\210\205\211\200xl\010D\242\344Yy\230'SU,\346\210\010%\240N\231\363\306\001"";   nodeid: ""\020\000\000\000\000\000\000\000\000\000\000\000\000\000\000\000\000\000\000\000\000\000\000\000\000\000\000\000\000\000\000\000\001""; }; "
1750527553865,1750527553865,3818,1,0,2,TMLedgerData,"ledgerHash: ""3\321\n7\354)\tf\006\357\205B<h\272GQ \344\262\236\025#\003\024&\310\034\352\376\326""; ledgerSeq: 0; type: liTS_CANDIDATE; nodes {;   nodedata: ""'\240~~s\033\202\356\320\307\177Nt\203\315\245\305\276b\265\310\271\3319\245:\342=c\267\265\233\002\003"";   nodeid: ""\000\000\000\000\000\000\000\000\000\000\000\000\000\000\000\000\000\000\000\000\000\000\000\000\000\000\000\000\000\000\000\000\000""; }; ","ledgerHash: ""3\321\n7\354)\tf\006\357\205B<h\272GQ \344\262\236\025#\003\024&\310\034\352\376\326""; ledgerSeq: 0; type: liTS_CANDIDATE; nodes {;   nodedata: ""'\240~~s\033\202\356\320\307\177Nt\203\315\245\305\276b\265\310\271\3319\245:\342=c\267\265\233\002\003"";   nodeid: ""\000\000\000\000\000\000\000\000\000\000\000\000\000\000\000\000\000\000\000\000\000\000\000\000\000\000\000\000\000\000\000\000\000""; }; "
1750527553937,1750527553937,3818,1,0,2,TMLedgerData,"ledgerHash: ""\033@\177e\277\016\010u\327\371&\262\312\317Q\2361t\377x\234\001v\003%\030\325_\225g\204\346""; ledgerSeq: 7; type: liTX_NODE; nodes {;   nodedata: ""\274\022\000\000""\000\000\000\000$\000\000\000\005 \033\000\000\000\032a@\000\000\023S/~\000h@\000\000\000\000\000\000\ns!\003K\250\201V\354\353\020.\253\242\026x\202\312\234\3314!'\021-D\001\225\355\256\367\361\211\2710ltF0D\002 \034\347n\276,\014\034\014\216\3362\020\300A\022\234@\257j\263\362\3726r\303\260\tx\027-6\261\002 Pk?<\332\275\247\267E\234\270\035\306\367\2318t\243_\266\366\311\006|\316\223A\211\243\266\226\341\201\024\3177\2633\3425H\2210g]\027\350~`\267{\247\373\332\203\024\272\177ez`?~\240\022\321\013D\240\325V\364\241\375\n@\301] \034\000\000\000\000\370\345\021\000a%\000\000\000\005U\002i\361\030\371\256\265\036\320\273\013\357<\215/(\215[\231D\357Gd\372\270\316\261\301\342\327\225\241V\030+E\324}\254\210\205\211\200xl\010D\242\344Yy\230'SU,\346\210\010%\240N\231\363\306\346b@\000\000\027H\206*@\341\347""\000\000\000\000$\000\000\000\005-\000\000\000\000b@\000\000*\233\265\250@\201\024\272\177ez`?~\240\022\321\013D\240\325V\364\241\375\n@\341\341\345\021\000a%\000\000\000\005U\240\231\202k\030<\225\205;%\337\001\376d\216V\310\306k>\373\322\372\353b\3659\350\345\324F\026Vg\244\337\353\312\013\236hD\305E\177)\365\031\344}\231\342 ?\273\261,\263l\2443V5tR\346$\000\000\000\005b@\000\000\027H\206*@\341\347""\000\000\000\000$\000\000\000\006-\000\000\000\000b@\000\000\003\365V\2546\201\024\3177\2633\3425H\2210g]\027\350~`\267{\247\373\332\341\341\361\003\020\000MJ\275'\324\005\036\313\204nW\300\362\327\016\205\236\021\351Q6\021\355\301\372\322\276g\026\243\361M\004"";   nodeid: ""@\000\000\000\000\000\000\000\000\000\000\000\000\000\000\000\000\000\000\000\000\000\000\000\000\000\000\000\000\000\000\000\001""; }; ","ledgerHash: ""\033@\177e\277\016\010u\327\371&\262\312\317Q\2361t\377x\234\001v\003%\030\325_\225g\204\346""; ledgerSeq: 7; type: liTX_NODE; nodes {;   nodedata: ""\274\022\000\000""\000\000\000\000$\000\000\000\005 \033\000\000\000\032a@\000\000\023S/~\000h@\000\000\000\000\000\000\ns!\003K\250\201V\354\353\020.\253\242\026x\202\312\234\3314!'\021-D\001\225\355\256\367\361\211\2710ltF0D\002 \034\347n\276,\014\034\014\216\3362\020\300A\022\234@\257j\263\362\3726r\303\260\tx\027-6\261\002 Pk?<\332\275\247\267E\234\270\035\306\367\2318t\243_\266\366\311\006|\316\223A\211\243\266\226\341\201\024\3177\2633\3425H\2210g]\027\350~`\267{\247\373\332\203\024\272\177ez`?~\240\022\321\013D\240\325V\364\241\375\n@\301] \034\000\000\000\000\370\345\021\000a%\000\000\000\005U\002i\361\030\371\256\265\036\320\273\013\357<\215/(\215[\231D\357Gd\372\270\316\261\301\342\327\225\241V\030+E\324}\254\210\205\211\200xl\010D\242\344Yy\230'SU,\346\210\010%\240N\231\363\306\346b@\000\000\027H\206*@\341\347""\000\000\000\000$\000\000\000\005-\000\000\000\000b@\000\000*\233\265\250@\201\024\272\177ez`?~\240\022\321\013D\240\325V\364\241\375\n@\341\341\345\021\000a%\000\000\000\005U\240\231\202k\030<\225\205;%\337\001\376d\216V\310\306k>\373\322\372\353b\3659\350\345\324F\026Vg\244\337\353\312\013\236hD\305E\177)\365\031\344}\231\342 ?\273\261,\263l\2443V5tR\346$\000\000\000\005b@\000\000\027H\206*@\341\347""\000\000\000\000$\000\000\000\006-\000\000\000\000b@\000\000\003\365V\2546\201\024\3177\2633\3425H\2210g]\027\350~`\267{\247\373\332\341\341\361\003\020\000MJ\275'\324\005\036\313\204nW\300\362\327\016\205\236\021\351Q6\021\355\301\372\322\276g\026\243\361M\004"";   nodeid: ""@\000\000\000\000\000\000\000\000\000\000\000\000\000\000\000\000\000\000\000\000\000\000\000\000\000\000\000\000\000\000\000\001""; }; "
1750527553962,1750527553962,2079,1,3,1,TMGetLedger,"itype: liTX_NODE; ledgerHash: ""\326+\03569g\235`}\354\203s\003\217_Vf \233\324\237yU<\242:Zr\321\340\201]""; ledgerSeq: 7; nodeIDs: ""\240\000\000\000\000\000\000\000\000\000\000\000\000\000\000\000\000\000\000\000\000\000\000\000\000\000\000\000\000\000\000\000\001""; queryType: qtINDIRECT; queryDepth: 0; ","itype: liTX_NODE; ledgerHash: ""\326+\03569g\235`}\354\203s\003\217_Vf \233\324\237yU<\242:Zr\321\340\201]""; ledgerSeq: 7; nodeIDs: ""\240\000\000\000\000\000\000\000\000\000\000\000\000\000\000\000\000\000\000\000\000\000\000\000\000\000\000\000\000\000\000\000\001""; queryType: qtINDIRECT; queryDepth: 0; "
1750527553962,1750527553962,2794,1,3,2,TMGetLedger,"itype: liTX_NODE; ledgerHash: ""\326+\03569g\235`}\354\203s\003\217_Vf \233\324\237yU<\242:Zr\321\340\201]""; ledgerSeq: 7; nodeIDs: ""\240\000\000\000\000\000\000\000\000\000\000\000\000\000\000\000\000\000\000\000\000\000\000\000\000\000\000\000\000\000\000\000\001""; queryType: qtINDIRECT; queryDepth: 0; ","itype: liTX_NODE; ledgerHash: ""\326+\03569g\235`}\354\203s\003\217_Vf \233\324\237yU<\242:Zr\321\340\201]""; ledgerSeq: 7; nodeIDs: ""\240\000\000\000\000\000\000\000\000\000\000\000\000\000\000\000\000\000\000\000\000\000\000\000\000\000\000\000\000\000\000\000\001""; queryType: qtINDIRECT; queryDepth: 0; "
1750527553962,1750527553962,1131,1,3,0,TMGetLedger,"itype: liTX_NODE; ledgerHash: ""\326+\03569g\235`}\354\203s\003\217_Vf \233\324\237yU<\242:Zr\321\340\201]""; ledgerSeq: 7; nodeIDs: ""\240\000\000\000\000\000\000\000\000\000\000\000\000\000\000\000\000\000\000\000\000\000\000\000\000\000\000\000\000\000\000\000\001""; queryType: qtINDIRECT; queryDepth: 0; ","itype: liTX_NODE; ledgerHash: ""\326+\03569g\235`}\354\203s\003\217_Vf \233\324\237yU<\242:Zr\321\340\201]""; ledgerSeq: 7; nodeIDs: ""\240\000\000\000\000\000\000\000\000\000\000\000\000\000\000\000\000\000\000\000\000\000\000\000\000\000\000\000\000\000\000\000\001""; queryType: qtINDIRECT; queryDepth: 0; "
1750527553962,1750527553962,1019,1,3,4,TMGetLedger,"itype: liTX_NODE; ledgerHash: ""\326+\03569g\235`}\354\203s\003\217_Vf \233\324\237yU<\242:Zr\321\340\201]""; ledgerSeq: 7; nodeIDs: ""\240\000\000\000\000\000\000\000\000\000\000\000\000\000\000\000\000\000\000\000\000\000\000\000\000\000\000\000\000\000\000\000\001""; queryType: qtINDIRECT; queryDepth: 0; ","itype: liTX_NODE; ledgerHash: ""\326+\03569g\235`}\354\203s\003\217_Vf \233\324\237yU<\242:Zr\321\340\201]""; ledgerSeq: 7; nodeIDs: ""\240\000\000\000\000\000\000\000\000\000\000\000\000\000\000\000\000\000\000\000\000\000\000\000\000\000\000\000\000\000\000\000\001""; queryType: qtINDIRECT; queryDepth: 0; "
1750527553993,1750527553993,1539,1,4,2,TMLedgerData,"ledgerHash: ""3\321\n7\354)\tf\006\357\205B<h\272GQ \344\262\236\025#\003\024&\310\034\352\376\326""; ledgerSeq: 0; type: liTS_CANDIDATE; nodes {;   nodedata: ""'\240~~s\033\202\356\320\307\177Nt\203\315\245\305\276b\265\310\271\3319\245:\342=c\267\265\233\002\003"";   nodeid: ""\000\000\000\000\000\000\000\000\000\000\000\000\000\000\000\000\000\000\000\000\000\000\000\000\000\000\000\000\000\000\000\000\000""; }; ","ledgerHash: ""3\321\n7\354)\tf\006\357\205B<h\272GQ \344\262\236\025#\003\024&\310\034\352\376\326""; ledgerSeq: 0; type: liTS_CANDIDATE; nodes {;   nodedata: ""'\240~~s\033\202\356\320\307\177Nt\203\315\245\305\276b\265\310\271\3319\245:\342=c\267\265\233\002\003"";   nodeid: ""\000\000\000\000\000\000\000\000\000\000\000\000\000\000\000\000\000\000\000\000\000\000\000\000\000\000\000\000\000\000\000\000\000""; }; "
1750527554023,1750527554023,2523,1,3,2,TMLedgerData,"ledgerHash: ""3\321\n7\354)\tf\006\357\205B<h\272GQ \344\262\236\025#\003\024&\310\034\352\376\326""; ledgerSeq: 0; type: liTS_CANDIDATE; nodes {;   nodedata: ""'\240~~s\033\202\356\320\307\177Nt\203\315\245\305\276b\265\310\271\3319\245:\342=c\267\265\233\002\003"";   nodeid: ""\000\000\000\000\000\000\000\000\000\000\000\000\000\000\000\000\000\000\000\000\000\000\000\000\000\000\000\000\000\000\000\000\000""; }; ","ledgerHash: ""3\321\n7\354)\tf\006\357\205B<h\272GQ \344\262\236\025#\003\024&\310\034\352\376\326""; ledgerSeq: 0; type: liTS_CANDIDATE; nodes {;   nodedata: ""'\240~~s\033\202\356\320\307\177Nt\203\315\245\305\276b\265\310\271\3319\245:\342=c\267\265\233\002\003"";   nodeid: ""\000\000\000\000\000\000\000\000\000\000\000\000\000\000\000\000\000\000\000\000\000\000\000\000\000\000\000\000\000\000\000\000\000""; }; "
1750527554069,1750527554070,3769,1,1,3,TMGetLedger,"itype: liTS_CANDIDATE; ledgerHash: ""3\321\n7\354)\tf\006\357\205B<h\272GQ \344\262\236\025#\003\024&\310\034\352\376\326""; nodeIDs: ""\000\000\000\000\000\000\000\000\000\000\000\000\000\000\000\000\000\000\000\000\000\000\000\000\000\000\000\000\000\000\000\000\000""; requestCookie: 3; queryType: qtINDIRECT; queryDepth: 3; ","itype: liTS_CANDIDATE; ledgerHash: ""3\321\n7\354)\tf\006\357\205B<h\272GQ \344\262\236\025#\003\024&\310\034\352\376\326""; nodeIDs: ""\000\000\000\000\000\000\000\000\000\000\000\000\000\000\000\000\000\000\000\000\000\000\000\000\000\000\000\000\000\000\000\000\000""; requestCookie: 3; queryType: qtINDIRECT; queryDepth: 3; "
1750527554120,1750527554121,3818,1,0,2,TMLedgerData,"ledgerHash: ""\033@\177e\277\016\010u\327\371&\262\312\317Q\2361t\377x\234\001v\003%\030\325_\225g\204\346""; ledgerSeq: 7; type: liAS_NODE; nodes {;   nodedata: ""\021\000a""\000\000\000\000$\000\000\000\006%\000\000\000\007-\000\000\000\000UMJ\275'\324\005\036\313\204nW\300\362\327\016\205\236\021\351Q6\021\355\301\372\322\276g\026\243\361Mb@\000\000\003\365V\2546\201\024\3177\2633\3425H\2210g]\027\350~`\267{\247\373\332g\244\337\353\312\013\236hD\305E\177)\365\031\344}\231\342 ?\273\261,\263l\2443V5tR\001"";   nodeid: ""`\000\000\000\000\000\000\000\000\000\000\000\000\000\000\000\000\000\000\000\000\000\000\000\000\000\000\000\000\000\000\000\001""; }; nodes {;   nodedata: ""\021\000a""\000\000\000\000$\000\000\000\005%\000\000\000\007-\000\000\000\000UMJ\275'\324\005\036\313\204nW\300\362\327\016\205\236\021\351Q6\021\355\301\372\322\276g\026\243\361Mb@\000\000*\233\265\250@\201\024\272\177ez`?~\240\022\321\013D\240\325V\364\241\375\n@\030+E\324}\254\210\205\211\200xl\010D\242\344Yy\230'SU,\346\210\010%\240N\231\363\306\001"";   nodeid: ""\020\000\000\000\000\000\000\000\000\000\000\000\000\000\000\000\000\000\000\000\000\000\000\000\000\000\000\000\000\000\000\000\001""; }; ","ledgerHash: ""\033@\177e\277\016\010u\327\371&\262\312\317Q\2361t\377x\234\001v\003%\030\325_\225g\204\346""; ledgerSeq: 7; type: liAS_NODE; nodes {;   nodedata: ""\021\000a""\000\000\000\000$\000\000\000\006%\000\000\000\007-\000\000\000\000UMJ\275'\324\005\036\313\204nW\300\362\327\016\205\236\021\351Q6\021\355\301\372\322\276g\026\243\361Mb@\000\000\003\365V\2546\201\024\3177\2633\3425H\2210g]\027\350~`\267{\247\373\332g\244\337\353\312\013\236hD\305E\177)\365\031\344}\231\342 ?\273\261,\263l\2443V5tR\001"";   nodeid: ""`\000\000\000\000\000\000\000\000\000\000\000\000\000\000\000\000\000\000\000\000\000\000\000\000\000\000\000\000\000\000\000\001""; }; nodes {;   nodedata: ""\021\000a""\000\000\000\000$\000\000\000\005%\000\000\000\007-\000\000\000\000UMJ\275'\324\005\036\313\204nW\300\362\327\016\205\236\021\351Q6\021\355\301\372\322\276g\026\243\361Mb@\000\000*\233\265\250@\201\024\272\177ez`?~\240\022\321\013D\240\325V\364\241\375\n@\030+E\324}\254\210\205\211\200xl\010D\242\344Yy\230'SU,\346\210\010%\240N\231\363\306\001"";   nodeid: ""\020\000\000\000\000\000\000\000\000\000\000\000\000\000\000\000\000\000\000\000\000\000\000\000\000\000\000\000\000\000\000\000\001""; }; "
1750527554144,1750527554144,2079,1,3,1,TMGetLedger,"itype: liTX_NODE; ledgerHash: ""\326+\03569g\235`}\354\203s\003\217_Vf \233\324\237yU<\242:Zr\321\340\201]""; ledgerSeq: 7; nodeIDs: ""\240\000\000\000\000\000\000\000\000\000\000\000\000\000\000\000\000\000\000\000\000\000\000\000\000\000\000\000\000\000\000\000\001""; requestCookie: 2; queryType: qtINDIRECT; queryDepth: 0; ","itype: liTX_NODE; ledgerHash: ""\326+\03569g\235`}\354\203s\003\217_Vf \233\324\237yU<\242:Zr\321\340\201]""; ledgerSeq: 7; nodeIDs: ""\240\000\000\000\000\000\000\000\000\000\000\000\000\000\000\000\000\000\000\000\000\000\000\000\000\000\000\000\000\000\000\000\001""; requestCookie: 2; queryType: qtINDIRECT; queryDepth: 0; "
1750527554243,1750527554243,1539,1,4,2,TMLedgerData,"ledgerHash: ""3\321\n7\354)\tf\006\357\205B<h\272GQ \344\262\236\025#\003\024&\310\034\352\376\326""; ledgerSeq: 0; type: liTS_CANDIDATE; nodes {;   nodedata: ""'\240~~s\033\202\356\320\307\177Nt\203\315\245\305\276b\265\310\271\3319\245:\342=c\267\265\233\002\003"";   nodeid: ""\000\000\000\000\000\000\000\000\000\000\000\000\000\000\000\000\000\000\000\000\000\000\000\000\000\000\000\000\000\000\000\000\000""; }; ","ledgerHash: ""3\321\n7\354)\tf\006\357\205B<h\272GQ \344\262\236\025#\003\024&\310\034\352\376\326""; ledgerSeq: 0; type: liTS_CANDIDATE; nodes {;   nodedata: ""'\240~~s\033\202\356\320\307\177Nt\203\315\245\305\276b\265\310\271\3319\245:\342=c\267\265\233\002\003"";   nodeid: ""\000\000\000\000\000\000\000\000\000\000\000\000\000\000\000\000\000\000\000\000\000\000\000\000\000\000\000\000\000\000\000\000\000""; }; "
1750527554274,1750527554274,2523,1,3,2,TMLedgerData,"ledgerHash: ""3\321\n7\354)\tf\006\357\205B<h\272GQ \344\262\236\025#\003\024&\310\034\352\376\326""; ledgerSeq: 0; type: liTS_CANDIDATE; nodes {;   nodedata: ""'\240~~s\033\202\356\320\307\177Nt\203\315\245\305\276b\265\310\271\3319\245:\342=c\267\265\233\002\003"";   nodeid: ""\000\000\000\000\000\000\000\000\000\000\000\000\000\000\000\000\000\000\000\000\000\000\000\000\000\000\000\000\000\000\000\000\000""; }; ","ledgerHash: ""3\321\n7\354)\tf\006\357\205B<h\272GQ \344\262\236\025#\003\024&\310\034\352\376\326""; ledgerSeq: 0; type: liTS_CANDIDATE; nodes {;   nodedata: ""'\240~~s\033\202\356\320\307\177Nt\203\315\245\305\276b\265\310\271\3319\245:\342=c\267\265\233\002\003"";   nodeid: ""\000\000\000\000\000\000\000\000\000\000\000\000\000\000\000\000\000\000\000\000\000\000\000\000\000\000\000\000\000\000\000\000\000""; }; "
1750527554321,1750527554321,3769,1,1,3,TMGetLedger,"itype: liTS_CANDIDATE; ledgerHash: ""3\321\n7\354)\tf\006\357\205B<h\272GQ \344\262\236\025#\003\024&\310\034\352\376\326""; nodeIDs: ""\000\000\000\000\000\000\000\000\000\000\000\000\000\000\000\000\000\000\000\000\000\000\000\000\000\000\000\000\000\000\000\000\000""; requestCookie: 3; queryType: qtINDIRECT; queryDepth: 3; ","itype: liTS_CANDIDATE; ledgerHash: ""3\321\n7\354)\tf\006\357\205B<h\272GQ \344\262\236\025#\003\024&\310\034\352\376\326""; nodeIDs: ""\000\000\000\000\000\000\000\000\000\000\000\000\000\000\000\000\000\000\000\000\000\000\000\000\000\000\000\000\000\000\000\000\000""; requestCookie: 3; queryType: qtINDIRECT; queryDepth: 3; "
1750527554425,1750527554425,860,1,1,0,TMLedgerData,"ledgerHash: ""\326+\03569g\235`}\354\203s\003\217_Vf \233\324\237yU<\242:Zr\321\340\201]""; ledgerSeq: 7; type: liTX_NODE; nodes {;   nodedata: ""\274\022\000\000""\000\000\000\000$\000\000\000\005 \033\000\000\000\031a@\000\000\022\333\371\352\000h@\000\000\000\000\000\000\ns!\003K\250\201V\354\353\020.\253\242\026x\202\312\234\3314!'\021-D\001\225\355\256\367\361\211\2710ltF0D\002 9\312\273{!\334\315f\262\207h""M\334ieT\306\204<r\350)\356\340\326\356\337\355\371\201\257\002 2M\022\177y""\355\343\n\034\\246\024:\375\024\223\331[\216\234\345\010\v\300\313Bt\251\217,\201\024\3177\2633\3425H\2210g]\027\350~`\267{\247\373\332\203\024\237\311\327\222\336\304\221\216Q\027\001uf'%5\022:P\210\301] \034\000\000\000\000\370\345\021\000a%\000\000\000\005UGZ\227\022t\201\240u\2324P\027\307M\337'Y\361[IAD\351\374!\232\005\337\376\252\251gV@e&\014`#?\020s\314\3035_u\244\223G\263\322\035\357\201\363\033\220\333`\311\331n\373\360\346b@\000\000\027H\206*@\341\347""\000\000\000\000$\000\000\000\005-\000\000\000\000b@\000\000*$\200\024@\201\024\237\311\327\222\336\304\221\216Q\027\001uf'%5\022:P\210\341\341\345\021\000a%\000\000\000\005U\240\231\202k\030<\225\205;%\337\001\376d\216V\310\306k>\373\322\372\353b\3659\350\345\324F\026Vg\244\337\353\312\013\236hD\305E\177)\365\031\344}\231\342 ?\273\261,\263l\2443V5tR\346$\000\000\000\005b@\000\000\027H\206*@\341\347""\000\000\000\000$\000\000\000\006-\000\000\000\000b@\000\000\004l\214@6\201\024\3177\2633\3425H\2210g]\027\350~`\267{\247\373\332\341\341\361\003\020\000\256\322m\2146\221\305\341\316\031h?\276\005\207\253\236\tL;\371W\315\233X\345O\203\332\240\005\360\004"";   nodeid: ""\240\000\000\000\000\000\000\000\000\000\000\000\000\000\000\000\000\000\000\000\000\000\000\000\000\000\000\000\000\000\000\000\001""; }; ","ledgerHash: ""\326+\03569g\235`}\354\203s\003\217_Vf \233\324\237yU<\242:Zr\321\340\201]""; ledgerSeq: 7; type: liTX_NODE; nodes {;   nodedata: ""\274\022\000\000""\000\000\000\000$\000\000\000\005 \033\000\000\000\031a@\000\000\022\333\371\352\000h@\000\000\000\000\000\000\ns!\003K\250\201V\354\353\020.\253\242\026x\202\312\234\3314!'\021-D\001\225\355\256\367\361\211\2710ltF0D\002 9\312\273{!\334\315f\262\207h""M\334ieT\306\204<r\350)\356\340\326\356\337\355\371\201\257\002 2M\022\177y""\355\343\n\034\\246\024:\375\024\223\331[\216\234\345\010\v\300\313Bt\251\217,\201\024\3177\2633\3425H\2210g]\027\350~`\267{\247\373\332\203\024\237\311\327\222\336\304\221\216Q\027\001uf'%5\022:P\210\301] \034\000\000\000\000\370\345\021\000a%\000\000\000\005UGZ\227\022t\201\240u\2324P\027\307M\337'Y\361[IAD\351\374!\232\005\337\376\252\251gV@e&\014`#?\020s\314\3035_u\244\223G\263\322\035\357\201\363\033\220\333`\311\331n\373\360\346b@\000\000\027H\206*@\341\347""\000\000\000\000$\000\000\000\005-\000\000\000\000b@\000\000*$\200\024@\201\024\237\311\327\222\336\304\221\216Q\027\001uf'%5\022:P\210\341\341\345\021\000a%\000\000\000\005U\240\231\202k\030<\225\205;%\337\001\376d\216V\310\306k>\373\322\372\353b\3659\350\345\324F\026Vg\244\337\353\312\013\236hD\305E\177)\365\031\344}\231\342 ?\273\261,\263l\2443V5tR\346$\000\000\000\005b@\000\000\027H\206*@\341\347""\000\000\000\000$\000\000\000\006-\000\000\000\000b@\000\000\004l\214@6\201\024\3177\2633\3425H\2210g]\027\350~`\267{\247\373\332\341\341\361\003\020\000\256\322m\2146\221\305\341\316\031h?\276\005\207\253\236\tL;\371W\315\233X\345O\203\332\240\005\360\004"";   nodeid: ""\240\000\000\000\000\000\000\000\000\000\000\000\000\000\000\000\000\000\000\000\000\000\000\000\000\000\000\000\000\000\000\000\001""; }; "
1750527554494,1750527554495,1539,1,4,2,TMLedgerData,"ledgerHash: ""3\321\n7\354)\tf\006\357\205B<h\272GQ \344\262\236\025#\003\024&\310\034\352\376\326""; ledgerSeq: 0; type: liTS_CANDIDATE; nodes {;   nodedata: ""'\240~~s\033\202\356\320\307\177Nt\203\315\245\305\276b\265\310\271\3319\245:\342=c\267\265\233\002\003"";   nodeid: ""\000\000\000\000\000\000\000\000\000\000\000\000\000\000\000\000\000\000\000\000\000\000\000\000\000\000\000\000\000\000\000\000\000""; }; ","ledgerHash: ""3\321\n7\354)\tf\006\357\205B<h\272GQ \344\262\236\025#\003\024&\310\034\352\376\326""; ledgerSeq: 0; type: liTS_CANDIDATE; nodes {;   nodedata: ""'\240~~s\033\202\356\320\307\177Nt\203\315\245\305\276b\265\310\271\3319\245:\342=c\267\265\233\002\003"";   nodeid: ""\000\000\000\000\000\000\000\000\000\000\000\000\000\000\000\000\000\000\000\000\000\000\000\000\000\000\000\000\000\000\000\000\000""; }; "
1750527554524,1750527554525,2523,1,3,2,TMLedgerData,"ledgerHash: ""3\321\n7\354)\tf\006\357\205B<h\272GQ \344\262\236\025#\003\024&\310\034\352\376\326""; ledgerSeq: 0; type: liTS_CANDIDATE; nodes {;   nodedata: ""'\240~~s\033\202\356\320\307\177Nt\203\315\245\305\276b\265\310\271\3319\245:\342=c\267\265\233\002\003"";   nodeid: ""\000\000\000\000\000\000\000\000\000\000\000\000\000\000\000\000\000\000\000\000\000\000\000\000\000\000\000\000\000\000\000\000\000""; }; ","ledgerHash: ""3\321\n7\354)\tf\006\357\205B<h\272GQ \344\262\236\025#\003\024&\310\034\352\376\326""; ledgerSeq: 0; type: liTS_CANDIDATE; nodes {;   nodedata: ""'\240~~s\033\202\356\320\307\177Nt\203\315\245\305\276b\265\310\271\3319\245:\342=c\267\265\233\002\003"";   nodeid: ""\000\000\000\000\000\000\000\000\000\000\000\000\000\000\000\000\000\000\000\000\000\000\000\000\000\000\000\000\000\000\000\000\000""; }; "
1750527554572,1750527554572,3810,1,1,4,TMGetLedger,"itype: liTS_CANDIDATE; ledgerHash: ""3\321\n7\354)\tf\006\357\205B<h\272GQ \344\262\236\025#\003\024&\310\034\352\376\326""; nodeIDs: ""\000\000\000\000\000\000\000\000\000\000\000\000\000\000\000\000\000\000\000\000\000\000\000\000\000\000\000\000\000\000\000\000\000""; requestCookie: 3; queryType: qtINDIRECT; queryDepth: 3; ","itype: liTS_CANDIDATE; ledgerHash: ""3\321\n7\354)\tf\006\357\205B<h\272GQ \344\262\236\025#\003\024&\310\034\352\376\326""; nodeIDs: ""\000\000\000\000\000\000\000\000\000\000\000\000\000\000\000\000\000\000\000\000\000\000\000\000\000\000\000\000\000\000\000\000\000""; requestCookie: 3; queryType: qtINDIRECT; queryDepth: 3; "
1750527554588,1750527554588,1813,1,3,1,TMLedgerData,"ledgerHash: ""3\321\n7\354)\tf\006\357\205B<h\272GQ \344\262\236\025#\003\024&\310\034\352\376\326""; ledgerSeq: 0; type: liTS_CANDIDATE; nodes {;   nodedata: ""'\240~~s\033\202\356\320\307\177Nt\203\315\245\305\276b\265\310\271\3319\245:\342=c\267\265\233\002\003"";   nodeid: ""\000\000\000\000\000\000\000\000\000\000\000\000\000\000\000\000\000\000\000\000\000\000\000\000\000\000\000\000\000\000\000\000\000""; }; requestCookie: 3; ","ledgerHash: ""3\321\n7\354)\tf\006\357\205B<h\272GQ \344\262\236\025#\003\024&\310\034\352\376\326""; ledgerSeq: 0; type: liTS_CANDIDATE; nodes {;   nodedata: ""'\240~~s\033\202\356\320\307\177Nt\203\315\245\305\276b\265\310\271\3319\245:\342=c\267\265\233\002\003"";   nodeid: ""\000\000\000\000\000\000\000\000\000\000\000\000\000\000\000\000\000\000\000\000\000\000\000\000\000\000\000\000\000\000\000\000\000""; }; requestCookie: 3; "
1750527554745,1750527554745,1539,1,4,2,TMLedgerData,"ledgerHash: ""3\321\n7\354)\tf\006\357\205B<h\272GQ \344\262\236\025#\003\024&\310\034\352\376\326""; ledgerSeq: 0; type: liTS_CANDIDATE; nodes {;   nodedata: ""'\240~~s\033\202\356\320\307\177Nt\203\315\245\305\276b\265\310\271\3319\245:\342=c\267\265\233\002\003"";   nodeid: ""\000\000\000\000\000\000\000\000\000\000\000\000\000\000\000\000\000\000\000\000\000\000\000\000\000\000\000\000\000\000\000\000\000""; }; ","ledgerHash: ""3\321\n7\354)\tf\006\357\205B<h\272GQ \344\262\236\025#\003\024&\310\034\352\376\326""; ledgerSeq: 0; type: liTS_CANDIDATE; nodes {;   nodedata: ""'\240~~s\033\202\356\320\307\177Nt\203\315\245\305\276b\265\310\271\3319\245:\342=c\267\265\233\002\003"";   nodeid: ""\000\000\000\000\000\000\000\000\000\000\000\000\000\000\000\000\000\000\000\000\000\000\000\000\000\000\000\000\000\000\000\000\000""; }; "
1750527554775,1750527554775,2523,1,3,2,TMLedgerData,"ledgerHash: ""3\321\n7\354)\tf\006\357\205B<h\272GQ \344\262\236\025#\003\024&\310\034\352\376\326""; ledgerSeq: 0; type: liTS_CANDIDATE; nodes {;   nodedata: ""'\240~~s\033\202\356\320\307\177Nt\203\315\245\305\276b\265\310\271\3319\245:\342=c\267\265\233\002\003"";   nodeid: ""\000\000\000\000\000\000\000\000\000\000\000\000\000\000\000\000\000\000\000\000\000\000\000\000\000\000\000\000\000\000\000\000\000""; }; ","ledgerHash: ""3\321\n7\354)\tf\006\357\205B<h\272GQ \344\262\236\025#\003\024&\310\034\352\376\326""; ledgerSeq: 0; type: liTS_CANDIDATE; nodes {;   nodedata: ""'\240~~s\033\202\356\320\307\177Nt\203\315\245\305\276b\265\310\271\3319\245:\342=c\267\265\233\002\003"";   nodeid: ""\000\000\000\000\000\000\000\000\000\000\000\000\000\000\000\000\000\000\000\000\000\000\000\000\000\000\000\000\000\000\000\000\000""; }; "
1750527554822,1750527554822,2920,1,1,0,TMGetLedger,"itype: liTS_CANDIDATE; ledgerHash: ""3\321\n7\354)\tf\006\357\205B<h\272GQ \344\262\236\025#\003\024&\310\034\352\376\326""; nodeIDs: ""\000\000\000\000\000\000\000\000\000\000\000\000\000\000\000\000\000\000\000\000\000\000\000\000\000\000\000\000\000\000\000\000\000""; requestCookie: 3; queryType: qtINDIRECT; queryDepth: 3; ","itype: liTS_CANDIDATE; ledgerHash: ""3\321\n7\354)\tf\006\357\205B<h\272GQ \344\262\236\025#\003\024&\310\034\352\376\326""; nodeIDs: ""\000\000\000\000\000\000\000\000\000\000\000\000\000\000\000\000\000\000\000\000\000\000\000\000\000\000\000\000\000\000\000\000\000""; requestCookie: 3; queryType: qtINDIRECT; queryDepth: 3; "
1750527554892,1750527554892,1968,1,1,2,TMLedgerData,"ledgerHash: ""\033@\177e\277\016\010u\327\371&\262\312\317Q\2361t\377x\234\001v\003%\030\325_\225g\204\346""; ledgerSeq: 7; type: liTX_NODE; nodes {;   nodedata: ""\274\022\000\000""\000\000\000\000$\000\000\000\005 \033\000\000\000\032a@\000\000\023S/~\000h@\000\000\000\000\000\000\ns!\003K\250\201V\354\353\020.\253\242\026x\202\312\234\3314!'\021-D\001\225\355\256\367\361\211\2710ltF0D\002 \034\347n\276,\014\034\014\216\3362\020\300A\022\234@\257j\263\362\3726r\303\260\tx\027-6\261\002 Pk?<\332\275\247\267E\234\270\035\306\367\2318t\243_\266\366\311\006|\316\223A\211\243\266\226\341\201\024\3177\2633\3425H\2210g]\027\350~`\267{\247\373\332\203\024\272\177ez`?~\240\022\321\013D\240\325V\364\241\375\n@\301] \034\000\000\000\000\370\345\021\000a%\000\000\000\005U\002i\361\030\371\256\265\036\320\273\013\357<\215/(\215[\231D\357Gd\372\270\316\261\301\342\327\225\241V\030+E\324}\254\210\205\211\200xl\010D\242\344Yy\230'SU,\346\210\010%\240N\231\363\306\346b@\000\000\027H\206*@\341\347""\000\000\000\000$\000\000\000\005-\000\000\000\000b@\000\000*\233\265\250@\201\024\272\177ez`?~\240\022\321\013D\240\325V\364\241\375\n@\341\341\345\021\000a%\000\000\000\005U\240\231\202k\030<\225\205;%\337\001\376d\216V\310\306k>\373\322\372\353b\3659\350\345\324F\026Vg\244\337\353\312\013\236hD\305E\177)\365\031\344}\231\342 ?\273\261,\263l\2443V5tR\346$\000\000\000\005b@\000\000\027H\206*@\341\347""\000\000\000\000$\000\000\000\006-\000\000\000\000b@\000\000\003\365V\2546\201\024\3177\2633\3425H\2210g]\027\350~`\267{\247\373\332\341\341\361\003\020\000MJ\275'\324\005\036\313\204nW\300\362\327\016\205\236\021\351Q6\021\355\301\372\322\276g\026\243\361M\004"";   nodeid: ""@\000\000\000\000\000\000\000\000\000\000\000\000\000\000\000\000\000\000\000\000\000\000\000\000\000\000\000\000\000\000\000\001""; }; ","ledgerHash: ""\033@\177e\277\016\010u\327\371&\262\312\317Q\2361t\377x\234\001v\003%\030\325_\225g\204\346""; ledgerSeq: 7; type: liTX_NODE; nodes {;   nodedata: ""\274\022\000\000""\000\000\000\000$\000\000\000\005 \033\000\000\000\032a@\000\000\023S/~\000h@\000\000\000\000\000\000\ns!\003K\250\201V\354\353\020.\253\242\026x\202\312\234\3314!'\021-D\001\225\355\256\367\361\211\2710ltF0D\002 \034\347n\276,\014\034\014\216\3362\020\300A\022\234@\257j\263\362\3726r\303\260\tx\027-6\261\002 Pk?<\332\275\247\267E\234\270\035\306\367\2318t\243_\266\366\311\006|\316\223A\211\243\266\226\341\201\024\3177\2633\3425H\2210g]\027\350~`\267{\247\373\332\203\024\272\177ez`?~\240\022\321\013D\240\325V\364\241\375\n@\301] \034\000\000\000\000\370\345\021\000a%\000\000\000\005U\002i\361\030\371\256\265\036\320\273\013\357<\215/(\215[\231D\357Gd\372\270\316\261\301\342\327\225\241V\030+E\324}\254\210\205\211\200xl\010D\242\344Yy\230'SU,\346\210\010%\240N\231\363\306\346b@\000\000\027H\206*@\341\347""\000\000\000\000$\000\000\000\005-\000\000\000\000b@\000\000*\233\265\250@\201\024\272\177ez`?~\240\022\321\013D\240\325V\364\241\375\n@\341\341\345\021\000a%\000\000\000\005U\240\231\202k\030<\225\205;%\337\001\376d\216V\310\306k>\373\322\372\353b\3659\350\345\324F\026Vg\244\337\353\312\013\236hD\305E\177)\365\031\344}\231\342 ?\273\261,\263l\2443V5tR\346$\000\000\000\005b@\000\000\027H\206*@\341\347""\000\000\000\000$\000\000\000\006-\000\000\000\000b@\000\000\003\365V\2546\201\024\3177\2633\3425H\2210g]\027\350~`\267{\247\373\332\341\341\361\003\020\000MJ\275'\324\005\036\313\204nW\300\362\327\016\205\236\021\351Q6\021\355\301\372\322\276g\026\243\361M\004"";   nodeid: ""@\000\000\000\000\000\000\000\000\000\000\000\000\000\000\000\000\000\000\000\000\000\000\000\000\000\000\000\000\000\000\000\001""; }; "
1750527554982,1750527554982,2764,1,4,3,TMLedgerData,"ledgerHash: ""\326+\03569g\235`}\354\203s\003\217_Vf \233\324\237yU<\242:Zr\321\340\201]""; ledgerSeq: 7; type: liTX_NODE; nodes {;   nodedata: ""\274\022\000\000""\000\000\000\000$\000\000\000\005 \033\000\000\000\031a@\000\000\022\333\371\352\000h@\000\000\000\000\000\000\ns!\003K\250\201V\354\353\020.\253\242\026x\202\312\234\3314!'\021-D\001\225\355\256\367\361\211\2710ltF0D\002 9\312\273{!\334\315f\262\207h""M\334ieT\306\204<r\350)\356\340\326\356\337\355\371\201\257\002 2M\022\177y""\355\343\n\034\\246\024:\375\024\223\331[\216\234\345\010\v\300\313Bt\251\217,\201\024\3177\2633\3425H\2210g]\027\350~`\267{\247\373\332\203\024\237\311\327\222\336\304\221\216Q\027\001uf'%5\022:P\210\301] \034\000\000\000\000\370\345\021\000a%\000\000\000\005UGZ\227\022t\201\240u\2324P\027\307M\337'Y\361[IAD\351\374!\232\005\337\376\252\251gV@e&\014`#?\020s\314\3035_u\244\223G\263\322\035\357\201\363\033\220\333`\311\331n\373\360\346b@\000\000\027H\206*@\341\347""\000\000\000\000$\000\000\000\005-\000\000\000\000b@\000\000*$\200\024@\201\024\237\311\327\222\336\304\221\216Q\027\001uf'%5\022:P\210\341\341\345\021\000a%\000\000\000\005U\240\231\202k\030<\225\205;%\337\001\376d\216V\310\306k>\373\322\372\353b\3659\350\345\324F\026Vg\244\337\353\312\013\236hD\305E\177)\365\031\344}\231\342 ?\273\261,\263l\2443V5tR\346$\000\000\000\005b@\000\000\027H\206*@\341\347""\000\000\000\000$\000\000\000\006-\000\000\000\000b@\000\000\004l\214@6\201\024\3177\2633\3425H\2210g]\027\350~`\267{\247\373\332\341\341\361\003\020\000\256\322m\2146\221\305\341\316\031h?\276\005\207\253\236\tL;\371W\315\233X\345O\203\332\240\005\360\004"";   nodeid: ""\240\000\000\000\000\000\000\000\000\000\000\000\000\000\000\000\000\000\000\000\000\000\000\000\000\000\000\000\000\000\000\000\001""; }; ","ledgerHash: ""\326+\03569g\235`}\354\203s\003\217_Vf \233\324\237yU<\242:Zr\321\340\201]""; ledgerSeq: 7; type: liTX_NODE; nodes {;   nodedata: ""\274\022\000\000""\000\000\000\000$\000\000\000\005 \033\000\000\000\031a@\000\000\022\333\371\352\000h@\000\000\000\000\000\000\ns!\003K\250\201V\354\353\020.\253\242\026x\202\312\234\3314!'\021-D\001\225\355\256\367\361\211\2710ltF0D\002 9\312\273{!\334\315f\262\207h""M\334ieT\306\204<r\350)\356\340\326\356\337\355\371\201\257\002 2M\022\177y""\355\343\n\034\\246\024:\375\024\223\331[\216\234\345\010\v\300\313Bt\251\217,\201\024\3177\2633\3425H\2210g]\027\350~`\267{\247\373\332\203\024\237\311\327\222\336\304\221\216Q\027\001uf'%5\022:P\210\301] \034\000\000\000\000\370\345\021\000a%\000\000\000\005UGZ\227\022t\201\240u\2324P\027\307M\337'Y\361[IAD\351\374!\232\005\337\376\252\251gV@e&\014`#?\020s\314\3035_u\244\223G\263\322\035\357\201\363\033\220\333`\311\331n\373\360\346b@\000\000\027H\206*@\341\347""\000\000\000\000$\000\000\000\005-\000\000\000\000b@\000\000*$\200\024@\201\024\237\311\327\222\336\304\221\216Q\027\001uf'%5\022:P\210\341\341\345\021\000a%\000\000\000\005U\240\231\202k\030<\225\205;%\337\001\376d\216V\310\306k>\373\322\372\353b\3659\350\345\324F\026Vg\244\337\353\312\013\236hD\305E\177)\365\031\344}\231\342 ?\273\261,\263l\2443V5tR\346$\000\000\000\005b@\000\000\027H\206*@\341\347""\000\000\000\000$\000\000\000\006-\000\000\000\000b@\000\000\004l\214@6\201\024\3177\2633\3425H\2210g]\027\350~`\267{\247\373\332\341\341\361\003\020\000\256\322m\2146\221\305\341\316\031h?\276\005\207\253\236\tL;\371W\315\233X\345O\203\332\240\005\360\004"";   nodeid: ""\240\000\000\000\000\000\000\000\000\000\000\000\000\000\000\000\000\000\000\000\000\000\000\000\000\000\000\000\000\000\000\000\001""; }; "
1750527554994,1750527554994,1539,1,4,2,TMLedgerData,"ledgerHash: ""3\321\n7\354)\tf\006\357\205B<h\272GQ \344\262\236\025#\003\024&\310\034\352\376\326""; ledgerSeq: 0; type: liTS_CANDIDATE; nodes {;   nodedata: ""'\240~~s\033\202\356\320\307\177Nt\203\315\245\305\276b\265\310\271\3319\245:\342=c\267\265\233\002\003"";   nodeid: ""\000\000\000\000\000\000\000\000\000\000\000\000\000\000\000\000\000\000\000\000\000\000\000\000\000\000\000\000\000\000\000\000\000""; }; ","ledgerHash: ""3\321\n7\354)\tf\006\357\205B<h\272GQ \344\262\236\025#\003\024&\310\034\352\376\326""; ledgerSeq: 0; type: liTS_CANDIDATE; nodes {;   nodedata: ""'\240~~s\033\202\356\320\307\177Nt\203\315\245\305\276b\265\310\271\3319\245:\342=c\267\265\233\002\003"";   nodeid: ""\000\000\000\000\000\000\000\000\000\000\000\000\000\000\000\000\000\000\000\000\000\000\000\000\000\000\000\000\000\000\000\000\000""; }; "
1750527555025,1750527555025,2523,1,3,2,TMLedgerData,"ledgerHash: ""3\321\n7\354)\tf\006\357\205B<h\272GQ \344\262\236\025#\003\024&\310\034\352\376\326""; ledgerSeq: 0; type: liTS_CANDIDATE; nodes {;   nodedata: ""'\240~~s\033\202\356\320\307\177Nt\203\315\245\305\276b\265\310\271\3319\245:\342=c\267\265\233\002\003"";   nodeid: ""\000\000\000\000\000\000\000\000\000\000\000\000\000\000\000\000\000\000\000\000\000\000\000\000\000\000\000\000\000\000\000\000\000""; }; ","ledgerHash: ""3\321\n7\354)\tf\006\357\205B<h\272GQ \344\262\236\025#\003\024&\310\034\352\376\326""; ledgerSeq: 0; type: liTS_CANDIDATE; nodes {;   nodedata: ""'\240~~s\033\202\356\320\307\177Nt\203\315\245\305\276b\265\310\271\3319\245:\342=c\267\265\233\002\003"";   nodeid: ""\000\000\000\000\000\000\000\000\000\000\000\000\000\000\000\000\000\000\000\000\000\000\000\000\000\000\000\000\000\000\000\000\000""; }; "
1750527555095,1750527555095,1497,1,0,3,TMLedgerData,"ledgerHash: ""\326+\03569g\235`}\354\203s\003\217_Vf \233\324\237yU<\242:Zr\321\340\201]""; ledgerSeq: 7; type: liTX_NODE; nodes {;   nodedata: ""\274\022\000\000""\000\000\000\000$\000\000\000\005 \033\000\000\000\031a@\000\000\022\333\371\352\000h@\000\000\000\000\000\000\ns!\003K\250\201V\354\353\020.\253\242\026x\202\312\234\3314!'\021-D\001\225\355\256\367\361\211\2710ltF0D\002 9\312\273{!\334\315f\262\207h""M\334ieT\306\204<r\350)\356\340\326\356\337\355\371\201\257\002 2M\022\177y""\355\343\n\034\\246\024:\375\024\223\331[\216\234\345\010\v\300\313Bt\251\217,\201\024\3177\2633\3425H\2210g]\027\350~`\267{\247\373\332\203\024\237\311\327\222\336\304\221\216Q\027\001uf'%5\022:P\210\301] \034\000\000\000\000\370\345\021\000a%\000\000\000\005UGZ\227\022t\201\240u\2324P\027\307M\337'Y\361[IAD\351\374!\232\005\337\376\252\251gV@e&\014`#?\020s\314\3035_u\244\223G\263\322\035\357\201\363\033\220\333`\311\331n\373\360\346b@\000\000\027H\206*@\341\347""\000\000\000\000$\000\000\000\005-\000\000\000\000b@\000\000*$\200\024@\201\024\237\311\327\222\336\304\221\216Q\027\001uf'%5\022:P\210\341\341\345\021\000a%\000\000\000\005U\240\231\202k\030<\225\205;%\337\001\376d\216V\310\306k>\373\322\372\353b\3659\350\345\324F\026Vg\244\337\353\312\013\236hD\305E\177)\365\031\344}\231\342 ?\273\261,\263l\2443V5tR\346$\000\000\000\005b@\000\000\027H\206*@\341\347""\000\000\000\000$\000\000\000\006-\000\000\000\000b@\000\000\004l\214@6\201\024\3177\2633\3425H\2210g]\027\350~`\267{\247\373\332\341\341\361\003\020\000\256\322m\2146\221\305\341\316\031h?\276\005\207\253\236\tL;\371W\315\233X\345O\203\332\240\005\360\004"";   nodeid: ""\240\000\000\000\000\000\000\000\000\000\000\000\000\000\000\000\000\000\000\000\000\000\000\000\000\000\000\000\000\000\000\000\001""; }; ","ledgerHash: ""\326+\03569g\235`}\354\203s\003\217_Vf \233\324\237yU<\242:Zr\321\340\201]""; ledgerSeq: 7; type: liTX_NODE; nodes {;   nodedata: ""\274\022\000\000""\000\000\000\000$\000\000\000\005 \033\000\000\000\031a@\000\000\022\333\371\352\000h@\000\000\000\000\000\000\ns!\003K\250\201V\354\353\020.\253\242\026x\202\312\234\3314!'\021-D\001\225\355\256\367\361\211\2710ltF0D\002 9\312\273{!\334\315f\262\207h""M\334ieT\306\204<r\350)\356\340\326\356\337\355\371\201\257\002 2M\022\177y""\355\343\n\034\\246\024:\375\024\223\331[\216\234\345\010\v\300\313Bt\251\217,\201\024\3177\2633\3425H\2210g]\027\350~`\267{\247\373\332\203\024\237\311\327\222\336\304\221\216Q\027\001uf'%5\022:P\210\301] \034\000\000\000\000\370\345\021\000a%\000\000\000\005UGZ\227\022t\201\240u\2324P\027\307M\337'Y\361[IAD\351\374!\232\005\337\376\252\251gV@e&\014`#?\020s\314\3035_u\244\223G\263\322\035\357\201\363\033\220\333`\311\331n\373\360\346b@\000\000\027H\206*@\341\347""\000\000\000\000$\000\000\000\005-\000\000\000\000b@\000\000*$\200\024@\201\024\237\311\327\222\336\304\221\216Q\027\001uf'%5\022:P\210\341\341\345\021\000a%\000\000\000\005U\240\231\202k\030<\225\205;%\337\001\376d\216V\310\306k>\373\322\372\353b\3659\350\345\324F\026Vg\244\337\353\312\013\236hD\305E\177)\365\031\344}\231\342 ?\273\261,\263l\2443V5tR\346$\000\000\000\005b@\000\000\027H\206*@\341\347""\000\000\000\000$\000\000\000\006-\000\000\000\000b@\000\000\004l\214@6\201\024\3177\2633\3425H\2210g]\027\350~`\267{\247\373\332\341\341\361\003\020\000\256\322m\2146\221\305\341\316\031h?\276\005\207\253\236\tL;\371W\315\233X\345O\203\332\240\005\360\004"";   nodeid: ""\240\000\000\000\000\000\000\000\000\000\000\000\000\000\000\000\000\000\000\000\000\000\000\000\000\000\000\000\000\000\000\000\001""; }; "
1750527555130,1750527555130,1144,1,4,1,TMLedgerData,"ledgerHash: ""3\321\n7\354)\tf\006\357\205B<h\272GQ \344\262\236\025#\003\024&\310\034\352\376\326""; ledgerSeq: 0; type: liTS_CANDIDATE; nodes {;   nodedata: ""'\240~~s\033\202\356\320\307\177Nt\203\315\245\305\276b\265\310\271\3319\245:\342=c\267\265\233\002\003"";   nodeid: ""\000\000\000\000\000\000\000\000\000\000\000\000\000\000\000\000\000\000\000\000\000\000\000\000\000\000\000\000\000\000\000\000\000""; }; requestCookie: 3; ","ledgerHash: ""3\321\n7\354)\tf\006\357\205B<h\272GQ \344\262\236\025#\003\024&\310\034\352\376\326""; ledgerSeq: 0; type: liTS_CANDIDATE; nodes {;   nodedata: ""'\240~~s\033\202\356\320\307\177Nt\203\315\245\305\276b\265\310\271\3319\245:\342=c\267\265\233\002\003"";   nodeid: ""\000\000\000\000\000\000\000\000\000\000\000\000\000\000\000\000\000\000\000\000\000\000\000\000\000\000\000\000\000\000\000\000\000""; }; requestCookie: 3; "
1750527555242,1750527555242,1434,1,0,1,TMLedgerData,"ledgerHash: ""3\321\n7\354)\tf\006\357\205B<h\272GQ \344\262\236\025#\003\024&\310\034\352\376\326""; ledgerSeq: 0; type: liTS_CANDIDATE; nodes {;   nodedata: ""'\240~~s\033\202\356\320\307\177Nt\203\315\245\305\276b\265\310\271\3319\245:\342=c\267\265\233\002\003"";   nodeid: ""\000\000\000\000\000\000\000\000\000\000\000\000\000\000\000\000\000\000\000\000\000\000\000\000\000\000\000\000\000\000\000\000\000""; }; requestCookie: 3; ","ledgerHash: ""3\321\n7\354)\tf\006\357\205B<h\272GQ \344\262\236\025#\003\024&\310\034\352\376\326""; ledgerSeq: 0; type: liTS_CANDIDATE; nodes {;   nodedata: ""'\240~~s\033\202\356\320\307\177Nt\203\315\245\305\276b\265\310\271\3319\245:\342=c\267\265\233\002\003"";   nodeid: ""\000\000\000\000\000\000\000\000\000\000\000\000\000\000\000\000\000\000\000\000\000\000\000\000\000\000\000\000\000\000\000\000\000""; }; requestCookie: 3; "
1750527555244,1750527555244,1539,1,4,2,TMLedgerData,"ledgerHash: ""3\321\n7\354)\tf\006\357\205B<h\272GQ \344\262\236\025#\003\024&\310\034\352\376\326""; ledgerSeq: 0; type: liTS_CANDIDATE; nodes {;   nodedata: ""'\240~~s\033\202\356\320\307\177Nt\203\315\245\305\276b\265\310\271\3319\245:\342=c\267\265\233\002\003"";   nodeid: ""\000\000\000\000\000\000\000\000\000\000\000\000\000\000\000\000\000\000\000\000\000\000\000\000\000\000\000\000\000\000\000\000\000""; }; ","ledgerHash: ""3\321\n7\354)\tf\006\357\205B<h\272GQ \344\262\236\025#\003\024&\310\034\352\376\326""; ledgerSeq: 0; type: liTS_CANDIDATE; nodes {;   nodedata: ""'\240~~s\033\202\356\320\307\177Nt\203\315\245\305\276b\265\310\271\3319\245:\342=c\267\265\233\002\003"";   nodeid: ""\000\000\000\000\000\000\000\000\000\000\000\000\000\000\000\000\000\000\000\000\000\000\000\000\000\000\000\000\000\000\000\000\000""; }; "
1750527555275,1750527555275,2523,1,3,2,TMLedgerData,"ledgerHash: ""3\321\n7\354)\tf\006\357\205B<h\272GQ \344\262\236\025#\003\024&\310\034\352\376\326""; ledgerSeq: 0; type: liTS_CANDIDATE; nodes {;   nodedata: ""'\240~~s\033\202\356\320\307\177Nt\203\315\245\305\276b\265\310\271\3319\245:\342=c\267\265\233\002\003"";   nodeid: ""\000\000\000\000\000\000\000\000\000\000\000\000\000\000\000\000\000\000\000\000\000\000\000\000\000\000\000\000\000\000\000\000\000""; }; ","ledgerHash: ""3\321\n7\354)\tf\006\357\205B<h\272GQ \344\262\236\025#\003\024&\310\034\352\376\326""; ledgerSeq: 0; type: liTS_CANDIDATE; nodes {;   nodedata: ""'\240~~s\033\202\356\320\307\177Nt\203\315\245\305\276b\265\310\271\3319\245:\342=c\267\265\233\002\003"";   nodeid: ""\000\000\000\000\000\000\000\000\000\000\000\000\000\000\000\000\000\000\000\000\000\000\000\000\000\000\000\000\000\000\000\000\000""; }; "
1750527555316,1750527555317,3378,1,4,0,TMLedgerData,"ledgerHash: ""\326+\03569g\235`}\354\203s\003\217_Vf \233\324\237yU<\242:Zr\321\340\201]""; ledgerSeq: 7; type: liTX_NODE; nodes {;   nodedata: ""\274\022\000\000""\000\000\000\000$\000\000\000\005 \033\000\000\000\031a@\000\000\022\333\371\352\000h@\000\000\000\000\000\000\ns!\003K\250\201V\354\353\020.\253\242\026x\202\312\234\3314!'\021-D\001\225\355\256\367\361\211\2710ltF0D\002 9\312\273{!\334\315f\262\207h""M\334ieT\306\204<r\350)\356\340\326\356\337\355\371\201\257\002 2M\022\177y""\355\343\n\034\\246\024:\375\024\223\331[\216\234\345\010\v\300\313Bt\251\217,\201\024\3177\2633\3425H\2210g]\027\350~`\267{\247\373\332\203\024\237\311\327\222\336\304\221\216Q\027\001uf'%5\022:P\210\301] \034\000\000\000\000\370\345\021\000a%\000\000\000\005UGZ\227\022t\201\240u\2324P\027\307M\337'Y\361[IAD\351\374!\232\005\337\376\252\251gV@e&\014`#?\020s\314\3035_u\244\223G\263\322\035\357\201\363\033\220\333`\311\331n\373\360\346b@\000\000\027H\206*@\341\347""\000\000\000\000$\000\000\000\005-\000\000\000\000b@\000\000*$\200\024@\201\024\237\311\327\222\336\304\221\216Q\027\001uf'%5\022:P\210\341\341\345\021\000a%\000\000\000\005U\240\231\202k\030<\225\205;%\337\001\376d\216V\310\306k>\373\322\372\353b\3659\350\345\324F\026Vg\244\337\353\312\013\236hD\305E\177)\365\031\344}\231\342 ?\273\261,\263l\2443V5tR\346$\000\000\000\005b@\000\000\027H\206*@\341\347""\000\000\000\000$\000\000\000\006-\000\000\000\000b@\000\000\004l\214@6\201\024\3177\2633\3425H\2210g]\027\350~`\267{\247\373\332\341\341\361\003\020\000\256\322m\2146\221\305\341\316\031h?\276\005\207\253\236\tL;\371W\315\233X\345O\203\332\240\005\360\004"";   nodeid: ""\240\000\000\000\000\000\000\000\000\000\000\000\000\000\000\000\000\000\000\000\000\000\000\000\000\000\000\000\000\000\000\000\001""; }; ","ledgerHash: ""\326+\03569g\235`}\354\203s\003\217_Vf \233\324\237yU<\242:Zr\321\340\201]""; ledgerSeq: 7; type: liTX_NODE; nodes {;   nodedata: ""\274\022\000\000""\000\000\000\000$\000\000\000\005 \033\000\000\000\031a@\000\000\022\333\371\352\000h@\000\000\000\000\000\000\ns!\003K\250\201V\354\353\020.\253\242\026x\202\312\234\3314!'\021-D\001\225\355\256\367\361\211\2710ltF0D\002 9\312\273{!\334\315f\262\207h""M\334ieT\306\204<r\350)\356\340\326\356\337\355\371\201\257\002 2M\022\177y""\355\343\n\034\\246\024:\375\024\223\331[\216\234\345\010\v\300\313Bt\251\217,\201\024\3177\2633\3425H\2210g]\027\350~`\267{\247\373\332\203\024\237\311\327\222\336\304\221\216Q\027\001uf'%5\022:P\210\301] \034\000\000\000\000\370\345\021\000a%\000\000\000\005UGZ\227\022t\201\240u\2324P\027\307M\337'Y\361[IAD\351\374!\232\005\337\376\252\251gV@e&\014`#?\020s\314\3035_u\244\223G\263\322\035\357\201\363\033\220\333`\311\331n\373\360\346b@\000\000\027H\206*@\341\347""\000\000\000\000$\000\000\000\005-\000\000\000\000b@\000\000*$\200\024@\201\024\237\311\327\222\336\304\221\216Q\027\001uf'%5\022:P\210\341\341\345\021\000a%\000\000\000\005U\240\231\202k\030<\225\205;%\337\001\376d\216V\310\306k>\373\322\372\353b\3659\350\345\324F\026Vg\244\337\353\312\013\236hD\305E\177)\365\031\344}\231\342 ?\273\261,\263l\2443V5tR\346$\000\000\000\005b@\000\000\027H\206*@\341\347""\000\000\000\000$\000\000\000\006-\000\000\000\000b@\000\000\004l\214@6\201\024\3177\2633\3425H\2210g]\027\350~`\267{\247\373\332\341\341\361\003\020\000\256\322m\2146\221\305\341\316\031h?\276\005\207\253\236\tL;\371W\315\233X\345O\203\332\240\005\360\004"";   nodeid: ""\240\000\000\000\000\000\000\000\000\000\000\000\000\000\000\000\000\000\000\000\000\000\000\000\000\000\000\000\000\000\000\000\001""; }; "
1750527555338,1750527555338,1813,1,3,1,TMLedgerData,"ledgerHash: ""3\321\n7\354)\tf\006\357\205B<h\272GQ \344\262\236\025#\003\024&\310\034\352\376\326""; ledgerSeq: 0; type: liTS_CANDIDATE; nodes {;   nodedata: ""'\240~~s\033\202\356\320\307\177Nt\203\315\245\305\276b\265\310\271\3319\245:\342=c\267\265\233\002\003"";   nodeid: ""\000\000\000\000\000\000\000\000\000\000\000\000\000\000\000\000\000\000\000\000\000\000\000\000\000\000\000\000\000\000\000\000\000""; }; requestCookie: 3; ","ledgerHash: ""3\321\n7\354)\tf\006\357\205B<h\272GQ \344\262\236\025#\003\024&\310\034\352\376\326""; ledgerSeq: 0; type: liTS_CANDIDATE; nodes {;   nodedata: ""'\240~~s\033\202\356\320\307\177Nt\203\315\245\305\276b\265\310\271\3319\245:\342=c\267\265\233\002\003"";   nodeid: ""\000\000\000\000\000\000\000\000\000\000\000\000\000\000\000\000\000\000\000\000\000\000\000\000\000\000\000\000\000\000\000\000\000""; }; requestCookie: 3; "
1750527555493,1750527555493,1434,1,0,1,TMLedgerData,"ledgerHash: ""3\321\n7\354)\tf\006\357\205B<h\272GQ \344\262\236\025#\003\024&\310\034\352\376\326""; ledgerSeq: 0; type: liTS_CANDIDATE; nodes {;   nodedata: ""'\240~~s\033\202\356\320\307\177Nt\203\315\245\305\276b\265\310\271\3319\245:\342=c\267\265\233\002\003"";   nodeid: ""\000\000\000\000\000\000\000\000\000\000\000\000\000\000\000\000\000\000\000\000\000\000\000\000\000\000\000\000\000\000\000\000\000""; }; requestCookie: 3; ","ledgerHash: ""3\321\n7\354)\tf\006\357\205B<h\272GQ \344\262\236\025#\003\024&\310\034\352\376\326""; ledgerSeq: 0; type: liTS_CANDIDATE; nodes {;   nodedata: ""'\240~~s\033\202\356\320\307\177Nt\203\315\245\305\276b\265\310\271\3319\245:\342=c\267\265\233\002\003"";   nodeid: ""\000\000\000\000\000\000\000\000\000\000\000\000\000\000\000\000\000\000\000\000\000\000\000\000\000\000\000\000\000\000\000\000\000""; }; requestCookie: 3; "
1750527555495,1750527555495,1539,1,4,2,TMLedgerData,"ledgerHash: ""3\321\n7\354)\tf\006\357\205B<h\272GQ \344\262\236\025#\003\024&\310\034\352\376\326""; ledgerSeq: 0; type: liTS_CANDIDATE; nodes {;   nodedata: ""'\240~~s\033\202\356\320\307\177Nt\203\315\245\305\276b\265\310\271\3319\245:\342=c\267\265\233\002\003"";   nodeid: ""\000\000\000\000\000\000\000\000\000\000\000\000\000\000\000\000\000\000\000\000\000\000\000\000\000\000\000\000\000\000\000\000\000""; }; ","ledgerHash: ""3\321\n7\354)\tf\006\357\205B<h\272GQ \344\262\236\025#\003\024&\310\034\352\376\326""; ledgerSeq: 0; type: liTS_CANDIDATE; nodes {;   nodedata: ""'\240~~s\033\202\356\320\307\177Nt\203\315\245\305\276b\265\310\271\3319\245:\342=c\267\265\233\002\003"";   nodeid: ""\000\000\000\000\000\000\000\000\000\000\000\000\000\000\000\000\000\000\000\000\000\000\000\000\000\000\000\000\000\000\000\000\000""; }; "
1750527555526,1750527555526,2523,1,3,2,TMLedgerData,"ledgerHash: ""3\321\n7\354)\tf\006\357\205B<h\272GQ \344\262\236\025#\003\024&\310\034\352\376\326""; ledgerSeq: 0; type: liTS_CANDIDATE; nodes {;   nodedata: ""'\240~~s\033\202\356\320\307\177Nt\203\315\245\305\276b\265\310\271\3319\245:\342=c\267\265\233\002\003"";   nodeid: ""\000\000\000\000\000\000\000\000\000\000\000\000\000\000\000\000\000\000\000\000\000\000\000\000\000\000\000\000\000\000\000\000\000""; }; ","ledgerHash: ""3\321\n7\354)\tf\006\357\205B<h\272GQ \344\262\236\025#\003\024&\310\034\352\376\326""; ledgerSeq: 0; type: liTS_CANDIDATE; nodes {;   nodedata: ""'\240~~s\033\202\356\320\307\177Nt\203\315\245\305\276b\265\310\271\3319\245:\342=c\267\265\233\002\003"";   nodeid: ""\000\000\000\000\000\000\000\000\000\000\000\000\000\000\000\000\000\000\000\000\000\000\000\000\000\000\000\000\000\000\000\000\000""; }; "
1750527555590,1750527555590,1813,1,3,1,TMLedgerData,"ledgerHash: ""3\321\n7\354)\tf\006\357\205B<h\272GQ \344\262\236\025#\003\024&\310\034\352\376\326""; ledgerSeq: 0; type: liTS_CANDIDATE; nodes {;   nodedata: ""'\240~~s\033\202\356\320\307\177Nt\203\315\245\305\276b\265\310\271\3319\245:\342=c\267\265\233\002\003"";   nodeid: ""\000\000\000\000\000\000\000\000\000\000\000\000\000\000\000\000\000\000\000\000\000\000\000\000\000\000\000\000\000\000\000\000\000""; }; requestCookie: 3; ","ledgerHash: ""3\321\n7\354)\tf\006\357\205B<h\272GQ \344\262\236\025#\003\024&\310\034\352\376\326""; ledgerSeq: 0; type: liTS_CANDIDATE; nodes {;   nodedata: ""'\240~~s\033\202\356\320\307\177Nt\203\315\245\305\276b\265\310\271\3319\245:\342=c\267\265\233\002\003"";   nodeid: ""\000\000\000\000\000\000\000\000\000\000\000\000\000\000\000\000\000\000\000\000\000\000\000\000\000\000\000\000\000\000\000\000\000""; }; requestCookie: 3; "
1750527555713,1750527555713,1769,1,2,1,TMLedgerData,"ledgerHash: ""\033@\177e\277\016\010u\327\371&\262\312\317Q\2361t\377x\234\001v\003%\030\325_\225g\204\346""; ledgerSeq: 7; type: liAS_NODE; nodes {;   nodedata: ""\021\000a""\000\000\000\000$\000\000\000\006%\000\000\000\007-\000\000\000\000UMJ\275'\324\005\036\313\204nW\300\362\327\016\205\236\021\351Q6\021\355\301\372\322\276g\026\243\361Mb@\000\000\003\365V\2546\201\024\3177\2633\3425H\2210g]\027\350~`\267{\247\373\332g\244\337\353\312\013\236hD\305E\177)\365\031\344}\231\342 ?\273\261,\263l\2443V5tR\001"";   nodeid: ""`\000\000\000\000\000\000\000\000\000\000\000\000\000\000\000\000\000\000\000\000\000\000\000\000\000\000\000\000\000\000\000\001""; }; nodes {;   nodedata: ""\021\000a""\000\000\000\000$\000\000\000\005%\000\000\000\007-\000\000\000\000UMJ\275'\324\005\036\313\204nW\300\362\327\016\205\236\021\351Q6\021\355\301\372\322\276g\026\243\361Mb@\000\000*\233\265\250@\201\024\272\177ez`?~\240\022\321\013D\240\325V\364\241\375\n@\030+E\324}\254\210\205\211\200xl\010D\242\344Yy\230'SU,\346\210\010%\240N\231\363\306\001"";   nodeid: ""\020\000\000\000\000\000\000\000\000\000\000\000\000\000\000\000\000\000\000\000\000\000\000\000\000\000\000\000\000\000\000\000\001""; }; ","ledgerHash: ""\033@\177e\277\016\010u\327\371&\262\312\317Q\2361t\377x\234\001v\003%\030\325_\225g\204\346""; ledgerSeq: 7; type: liAS_NODE; nodes {;   nodedata: ""\021\000a""\000\000\000\000$\000\000\000\006%\000\000\000\007-\000\000\000\000UMJ\275'\324\005\036\313\204nW\300\362\327\016\205\236\021\351Q6\021\355\301\372\322\276g\026\243\361Mb@\000\000\003\365V\2546\201\024\3177\2633\3425H\2210g]\027\350~`\267{\247\373\332g\244\337\353\312\013\236hD\305E\177)\365\031\344}\231\342 ?\273\261,\263l\2443V5tR\001"";   nodeid: ""`\000\000\000\000\000\000\000\000\000\000\000\000\000\000\000\000\000\000\000\000\000\000\000\000\000\000\000\000\000\000\000\001""; }; nodes {;   nodedata: ""\021\000a""\000\000\000\000$\000\000\000\005%\000\000\000\007-\000\000\000\000UMJ\275'\324\005\036\313\204nW\300\362\327\016\205\236\021\351Q6\021\355\301\372\322\276g\026\243\361Mb@\000\000*\233\265\250@\201\024\272\177ez`?~\240\022\321\013D\240\325V\364\241\375\n@\030+E\324}\254\210\205\211\200xl\010D\242\344Yy\230'SU,\346\210\010%\240N\231\363\306\001"";   nodeid: ""\020\000\000\000\000\000\000\000\000\000\000\000\000\000\000\000\000\000\000\000\000\000\000\000\000\000\000\000\000\000\000\000\001""; }; "
1750527555741,1750527555741,1434,1,0,1,TMLedgerData,"ledgerHash: ""3\321\n7\354)\tf\006\357\205B<h\272GQ \344\262\236\025#\003\024&\310\034\352\376\326""; ledgerSeq: 0; type: liTS_CANDIDATE; nodes {;   nodedata: ""'\240~~s\033\202\356\320\307\177Nt\203\315\245\305\276b\265\310\271\3319\245:\342=c\267\265\233\002\003"";   nodeid: ""\000\000\000\000\000\000\000\000\000\000\000\000\000\000\000\000\000\000\000\000\000\000\000\000\000\000\000\000\000\000\000\000\000""; }; requestCookie: 3; ","ledgerHash: ""3\321\n7\354)\tf\006\357\205B<h\272GQ \344\262\236\025#\003\024&\310\034\352\376\326""; ledgerSeq: 0; type: liTS_CANDIDATE; nodes {;   nodedata: ""'\240~~s\033\202\356\320\307\177Nt\203\315\245\305\276b\265\310\271\3319\245:\342=c\267\265\233\002\003"";   nodeid: ""\000\000\000\000\000\000\000\000\000\000\000\000\000\000\000\000\000\000\000\000\000\000\000\000\000\000\000\000\000\000\000\000\000""; }; requestCookie: 3; "
1750527555745,1750527555745,1539,1,4,2,TMLedgerData,"ledgerHash: ""3\321\n7\354)\tf\006\357\205B<h\272GQ \344\262\236\025#\003\024&\310\034\352\376\326""; ledgerSeq: 0; type: liTS_CANDIDATE; nodes {;   nodedata: ""'\240~~s\033\202\356\320\307\177Nt\203\315\245\305\276b\265\310\271\3319\245:\342=c\267\265\233\002\003"";   nodeid: ""\000\000\000\000\000\000\000\000\000\000\000\000\000\000\000\000\000\000\000\000\000\000\000\000\000\000\000\000\000\000\000\000\000""; }; ","ledgerHash: ""3\321\n7\354)\tf\006\357\205B<h\272GQ \344\262\236\025#\003\024&\310\034\352\376\326""; ledgerSeq: 0; type: liTS_CANDIDATE; nodes {;   nodedata: ""'\240~~s\033\202\356\320\307\177Nt\203\315\245\305\276b\265\310\271\3319\245:\342=c\267\265\233\002\003"";   nodeid: ""\000\000\000\000\000\000\000\000\000\000\000\000\000\000\000\000\000\000\000\000\000\000\000\000\000\000\000\000\000\000\000\000\000""; }; "
1750527555775,1750527555775,2523,1,3,2,TMLedgerData,"ledgerHash: ""3\321\n7\354)\tf\006\357\205B<h\272GQ \344\262\236\025#\003\024&\310\034\352\376\326""; ledgerSeq: 0; type: liTS_CANDIDATE; nodes {;   nodedata: ""'\240~~s\033\202\356\320\307\177Nt\203\315\245\305\276b\265\310\271\3319\245:\342=c\267\265\233\002\003"";   nodeid: ""\000\000\000\000\000\000\000\000\000\000\000\000\000\000\000\000\000\000\000\000\000\000\000\000\000\000\000\000\000\000\000\000\000""; }; ","ledgerHash: ""3\321\n7\354)\tf\006\357\205B<h\272GQ \344\262\236\025#\003\024&\310\034\352\376\326""; ledgerSeq: 0; type: liTS_CANDIDATE; nodes {;   nodedata: ""'\240~~s\033\202\356\320\307\177Nt\203\315\245\305\276b\265\310\271\3319\245:\342=c\267\265\233\002\003"";   nodeid: ""\000\000\000\000\000\000\000\000\000\000\000\000\000\000\000\000\000\000\000\000\000\000\000\000\000\000\000\000\000\000\000\000\000""; }; "
1750527555840,1750527555840,1813,1,3,1,TMLedgerData,"ledgerHash: ""3\321\n7\354)\tf\006\357\205B<h\272GQ \344\262\236\025#\003\024&\310\034\352\376\326""; ledgerSeq: 0; type: liTS_CANDIDATE; nodes {;   nodedata: ""'\240~~s\033\202\356\320\307\177Nt\203\315\245\305\276b\265\310\271\3319\245:\342=c\267\265\233\002\003"";   nodeid: ""\000\000\000\000\000\000\000\000\000\000\000\000\000\000\000\000\000\000\000\000\000\000\000\000\000\000\000\000\000\000\000\000\000""; }; requestCookie: 3; ","ledgerHash: ""3\321\n7\354)\tf\006\357\205B<h\272GQ \344\262\236\025#\003\024&\310\034\352\376\326""; ledgerSeq: 0; type: liTS_CANDIDATE; nodes {;   nodedata: ""'\240~~s\033\202\356\320\307\177Nt\203\315\245\305\276b\265\310\271\3319\245:\342=c\267\265\233\002\003"";   nodeid: ""\000\000\000\000\000\000\000\000\000\000\000\000\000\000\000\000\000\000\000\000\000\000\000\000\000\000\000\000\000\000\000\000\000""; }; requestCookie: 3; "
1750527555991,1750527555991,1434,1,0,1,TMLedgerData,"ledgerHash: ""3\321\n7\354)\tf\006\357\205B<h\272GQ \344\262\236\025#\003\024&\310\034\352\376\326""; ledgerSeq: 0; type: liTS_CANDIDATE; nodes {;   nodedata: ""'\240~~s\033\202\356\320\307\177Nt\203\315\245\305\276b\265\310\271\3319\245:\342=c\267\265\233\002\003"";   nodeid: ""\000\000\000\000\000\000\000\000\000\000\000\000\000\000\000\000\000\000\000\000\000\000\000\000\000\000\000\000\000\000\000\000\000""; }; requestCookie: 3; ","ledgerHash: ""3\321\n7\354)\tf\006\357\205B<h\272GQ \344\262\236\025#\003\024&\310\034\352\376\326""; ledgerSeq: 0; type: liTS_CANDIDATE; nodes {;   nodedata: ""'\240~~s\033\202\356\320\307\177Nt\203\315\245\305\276b\265\310\271\3319\245:\342=c\267\265\233\002\003"";   nodeid: ""\000\000\000\000\000\000\000\000\000\000\000\000\000\000\000\000\000\000\000\000\000\000\000\000\000\000\000\000\000\000\000\000\000""; }; requestCookie: 3; "
1750527555995,1750527555995,1539,1,4,2,TMLedgerData,"ledgerHash: ""3\321\n7\354)\tf\006\357\205B<h\272GQ \344\262\236\025#\003\024&\310\034\352\376\326""; ledgerSeq: 0; type: liTS_CANDIDATE; nodes {;   nodedata: ""'\240~~s\033\202\356\320\307\177Nt\203\315\245\305\276b\265\310\271\3319\245:\342=c\267\265\233\002\003"";   nodeid: ""\000\000\000\000\000\000\000\000\000\000\000\000\000\000\000\000\000\000\000\000\000\000\000\000\000\000\000\000\000\000\000\000\000""; }; ","ledgerHash: ""3\321\n7\354)\tf\006\357\205B<h\272GQ \344\262\236\025#\003\024&\310\034\352\376\326""; ledgerSeq: 0; type: liTS_CANDIDATE; nodes {;   nodedata: ""'\240~~s\033\202\356\320\307\177Nt\203\315\245\305\276b\265\310\271\3319\245:\342=c\267\265\233\002\003"";   nodeid: ""\000\000\000\000\000\000\000\000\000\000\000\000\000\000\000\000\000\000\000\000\000\000\000\000\000\000\000\000\000\000\000\000\000""; }; "
1750527556025,1750527556026,2523,1,3,2,TMLedgerData,"ledgerHash: ""3\321\n7\354)\tf\006\357\205B<h\272GQ \344\262\236\025#\003\024&\310\034\352\376\326""; ledgerSeq: 0; type: liTS_CANDIDATE; nodes {;   nodedata: ""'\240~~s\033\202\356\320\307\177Nt\203\315\245\305\276b\265\310\271\3319\245:\342=c\267\265\233\002\003"";   nodeid: ""\000\000\000\000\000\000\000\000\000\000\000\000\000\000\000\000\000\000\000\000\000\000\000\000\000\000\000\000\000\000\000\000\000""; }; ","ledgerHash: ""3\321\n7\354)\tf\006\357\205B<h\272GQ \344\262\236\025#\003\024&\310\034\352\376\326""; ledgerSeq: 0; type: liTS_CANDIDATE; nodes {;   nodedata: ""'\240~~s\033\202\356\320\307\177Nt\203\315\245\305\276b\265\310\271\3319\245:\342=c\267\265\233\002\003"";   nodeid: ""\000\000\000\000\000\000\000\000\000\000\000\000\000\000\000\000\000\000\000\000\000\000\000\000\000\000\000\000\000\000\000\000\000""; }; "
1750527556044,1750527556044,3578,1,1,3,TMLedgerData,"ledgerHash: ""\326+\03569g\235`}\354\203s\003\217_Vf \233\324\237yU<\242:Zr\321\340\201]""; ledgerSeq: 7; type: liTX_NODE; nodes {;   nodedata: ""\274\022\000\000""\000\000\000\000$\000\000\000\005 \033\000\000\000\031a@\000\000\022\333\371\352\000h@\000\000\000\000\000\000\ns!\003K\250\201V\354\353\020.\253\242\026x\202\312\234\3314!'\021-D\001\225\355\256\367\361\211\2710ltF0D\002 9\312\273{!\334\315f\262\207h""M\334ieT\306\204<r\350)\356\340\326\356\337\355\371\201\257\002 2M\022\177y""\355\343\n\034\\246\024:\375\024\223\331[\216\234\345\010\v\300\313Bt\251\217,\201\024\3177\2633\3425H\2210g]\027\350~`\267{\247\373\332\203\024\237\311\327\222\336\304\221\216Q\027\001uf'%5\022:P\210\301] \034\000\000\000\000\370\345\021\000a%\000\000\000\005UGZ\227\022t\201\240u\2324P\027\307M\337'Y\361[IAD\351\374!\232\005\337\376\252\251gV@e&\014`#?\020s\314\3035_u\244\223G\263\322\035\357\201\363\033\220\333`\311\331n\373\360\346b@\000\000\027H\206*@\341\347""\000\000\000\000$\000\000\000\005-\000\000\000\000b@\000\000*$\200\024@\201\024\237\311\327\222\336\304\221\216Q\027\001uf'%5\022:P\210\341\341\345\021\000a%\000\000\000\005U\240\231\202k\030<\225\205;%\337\001\376d\216V\310\306k>\373\322\372\353b\3659\350\345\324F\026Vg\244\337\353\312\013\236hD\305E\177)\365\031\344}\231\342 ?\273\261,\263l\2443V5tR\346$\000\000\000\005b@\000\000\027H\206*@\341\347""\000\000\000\000$\000\000\000\006-\000\000\000\000b@\000\000\004l\214@6\201\024\3177\2633\3425H\2210g]\027\350~`\267{\247\373\332\341\341\361\003\020\000\256\322m\2146\221\305\341\316\031h?\276\005\207\253\236\tL;\371W\315\233X\345O\203\332\240\005\360\004"";   nodeid: ""\240\000\000\000\000\000\000\000\000\000\000\000\000\000\000\000\000\000\000\000\000\000\000\000\000\000\000\000\000\000\000\000\001""; }; ","ledgerHash: ""\326+\03569g\235`}\354\203s\003\217_Vf \233\324\237yU<\242:Zr\321\340\201]""; ledgerSeq: 7; type: liTX_NODE; nodes {;   nodedata: ""\274\022\000\000""\000\000\000\000$\000\000\000\005 \033\000\000\000\031a@\000\000\022\333\371\352\000h@\000\000\000\000\000\000\ns!\003K\250\201V\354\353\020.\253\242\026x\202\312\234\3314!'\021-D\001\225\355\256\367\361\211\2710ltF0D\002 9\312\273{!\334\315f\262\207h""M\334ieT\306\204<r\350)\356\340\326\356\337\355\371\201\257\002 2M\022\177y""\355\343\n\034\\246\024:\375\024\223\331[\216\234\345\010\v\300\313Bt\251\217,\201\024\3177\2633\3425H\2210g]\027\350~`\267{\247\373\332\203\024\237\311\327\222\336\304\221\216Q\027\001uf'%5\022:P\210\301] \034\000\000\000\000\370\345\021\000a%\000\000\000\005UGZ\227\022t\201\240u\2324P\027\307M\337'Y\361[IAD\351\374!\232\005\337\376\252\251gV@e&\014`#?\020s\314\3035_u\244\223G\263\322\035\357\201\363\033\220\333`\311\331n\373\360\346b@\000\000\027H\206*@\341\347""\000\000\000\000$\000\000\000\005-\000\000\000\000b@\000\000*$\200\024@\201\024\237\311\327\222\336\304\221\216Q\027\001uf'%5\022:P\210\341\341\345\021\000a%\000\000\000\005U\240\231\202k\030<\225\205;%\337\001\376d\216V\310\306k>\373\322\372\353b\3659\350\345\324F\026Vg\244\337\353\312\013\236hD\305E\177)\365\031\344}\231\342 ?\273\261,\263l\2443V5tR\346$\000\000\000\005b@\000\000\027H\206*@\341\347""\000\000\000\000$\000\000\000\006-\000\000\000\000b@\000\000\004l\214@6\201\024\3177\2633\3425H\2210g]\027\350~`\267{\247\373\332\341\341\361\003\020\000\256\322m\2146\221\305\341\316\031h?\276\005\207\253\236\tL;\371W\315\233X\345O\203\332\240\005\360\004"";   nodeid: ""\240\000\000\000\000\000\000\000\000\000\000\000\000\000\000\000\000\000\000\000\000\000\000\000\000\000\000\000\000\000\000\000\001""; }; "
1750527556226,1750527556226,3578,1,1,3,TMLedgerData,"ledgerHash: ""\326+\03569g\235`}\354\203s\003\217_Vf \233\324\237yU<\242:Zr\321\340\201]""; ledgerSeq: 7; type: liTX_NODE; nodes {;   nodedata: ""\274\022\000\000""\000\000\000\000$\000\000\000\005 \033\000\000\000\031a@\000\000\022\333\371\352\000h@\000\000\000\000\000\000\ns!\003K\250\201V\354\353\020.\253\242\026x\202\312\234\3314!'\021-D\001\225\355\256\367\361\211\2710ltF0D\002 9\312\273{!\334\315f\262\207h""M\334ieT\306\204<r\350)\356\340\326\356\337\355\371\201\257\002 2M\022\177y""\355\343\n\034\\246\024:\375\024\223\331[\216\234\345\010\v\300\313Bt\251\217,\201\024\3177\2633\3425H\2210g]\027\350~`\267{\247\373\332\203\024\237\311\327\222\336\304\221\216Q\027\001uf'%5\022:P\210\301] \034\000\000\000\000\370\345\021\000a%\000\000\000\005UGZ\227\022t\201\240u\2324P\027\307M\337'Y\361[IAD\351\374!\232\005\337\376\252\251gV@e&\014`#?\020s\314\3035_u\244\223G\263\322\035\357\201\363\033\220\333`\311\331n\373\360\346b@\000\000\027H\206*@\341\347""\000\000\000\000$\000\000\000\005-\000\000\000\000b@\000\000*$\200\024@\201\024\237\311\327\222\336\304\221\216Q\027\001uf'%5\022:P\210\341\341\345\021\000a%\000\000\000\005U\240\231\202k\030<\225\205;%\337\001\376d\216V\310\306k>\373\322\372\353b\3659\350\345\324F\026Vg\244\337\353\312\013\236hD\305E\177)\365\031\344}\231\342 ?\273\261,\263l\2443V5tR\346$\000\000\000\005b@\000\000\027H\206*@\341\347""\000\000\000\000$\000\000\000\006-\000\000\000\000b@\000\000\004l\214@6\201\024\3177\2633\3425H\2210g]\027\350~`\267{\247\373\332\341\341\361\003\020\000\256\322m\2146\221\305\341\316\031h?\276\005\207\253\236\tL;\371W\315\233X\345O\203\332\240\005\360\004"";   nodeid: ""\240\000\000\000\000\000\000\000\000\000\000\000\000\000\000\000\000\000\000\000\000\000\000\000\000\000\000\000\000\000\000\000\001""; }; requestCookie: 2; ","ledgerHash: ""\326+\03569g\235`}\354\203s\003\217_Vf \233\324\237yU<\242:Zr\321\340\201]""; ledgerSeq: 7; type: liTX_NODE; nodes {;   nodedata: ""\274\022\000\000""\000\000\000\000$\000\000\000\005 \033\000\000\000\031a@\000\000\022\333\371\352\000h@\000\000\000\000\000\000\ns!\003K\250\201V\354\353\020.\253\242\026x\202\312\234\3314!'\021-D\001\225\355\256\367\361\211\2710ltF0D\002 9\312\273{!\334\315f\262\207h""M\334ieT\306\204<r\350)\356\340\326\356\337\355\371\201\257\002 2M\022\177y""\355\343\n\034\\246\024:\375\024\223\331[\216\234\345\010\v\300\313Bt\251\217,\201\024\3177\2633\3425H\2210g]\027\350~`\267{\247\373\332\203\024\237\311\327\222\336\304\221\216Q\027\001uf'%5\022:P\210\301] \034\000\000\000\000\370\345\021\000a%\000\000\000\005UGZ\227\022t\201\240u\2324P\027\307M\337'Y\361[IAD\351\374!\232\005\337\376\252\251gV@e&\014`#?\020s\314\3035_u\244\223G\263\322\035\357\201\363\033\220\333`\311\331n\373\360\346b@\000\000\027H\206*@\341\347""\000\000\000\000$\000\000\000\005-\000\000\000\000b@\000\000*$\200\024@\201\024\237\311\327\222\336\304\221\216Q\027\001uf'%5\022:P\210\341\341\345\021\000a%\000\000\000\005U\240\231\202k\030<\225\205;%\337\001\376d\216V\310\306k>\373\322\372\353b\3659\350\345\324F\026Vg\244\337\353\312\013\236hD\305E\177)\365\031\344}\231\342 ?\273\261,\263l\2443V5tR\346$\000\000\000\005b@\000\000\027H\206*@\341\347""\000\000\000\000$\000\000\000\006-\000\000\000\000b@\000\000\004l\214@6\201\024\3177\2633\3425H\2210g]\027\350~`\267{\247\373\332\341\341\361\003\020\000\256\322m\2146\221\305\341\316\031h?\276\005\207\253\236\tL;\371W\315\233X\345O\203\332\240\005\360\004"";   nodeid: ""\240\000\000\000\000\000\000\000\000\000\000\000\000\000\000\000\000\000\000\000\000\000\000\000\000\000\000\000\000\000\000\000\001""; }; requestCookie: 2; "
1750527556246,1750527556246,1539,1,4,2,TMLedgerData,"ledgerHash: ""3\321\n7\354)\tf\006\357\205B<h\272GQ \344\262\236\025#\003\024&\310\034\352\376\326""; ledgerSeq: 0; type: liTS_CANDIDATE; nodes {;   nodedata: ""'\240~~s\033\202\356\320\307\177Nt\203\315\245\305\276b\265\310\271\3319\245:\342=c\267\265\233\002\003"";   nodeid: ""\000\000\000\000\000\000\000\000\000\000\000\000\000\000\000\000\000\000\000\000\000\000\000\000\000\000\000\000\000\000\000\000\000""; }; ","ledgerHash: ""3\321\n7\354)\tf\006\357\205B<h\272GQ \344\262\236\025#\003\024&\310\034\352\376\326""; ledgerSeq: 0; type: liTS_CANDIDATE; nodes {;   nodedata: ""'\240~~s\033\202\356\320\307\177Nt\203\315\245\305\276b\265\310\271\3319\245:\342=c\267\265\233\002\003"";   nodeid: ""\000\000\000\000\000\000\000\000\000\000\000\000\000\000\000\000\000\000\000\000\000\000\000\000\000\000\000\000\000\000\000\000\000""; }; "
1750527556275,1750527556275,1968,1,1,2,TMLedgerData,"ledgerHash: ""3\321\n7\354)\tf\006\357\205B<h\272GQ \344\262\236\025#\003\024&\310\034\352\376\326""; ledgerSeq: 0; type: liTS_CANDIDATE; nodes {;   nodedata: ""'\240~~s\033\202\356\320\307\177Nt\203\315\245\305\276b\265\310\271\3319\245:\342=c\267\265\233\002\003"";   nodeid: ""\000\000\000\000\000\000\000\000\000\000\000\000\000\000\000\000\000\000\000\000\000\000\000\000\000\000\000\000\000\000\000\000\000""; }; ","ledgerHash: ""3\321\n7\354)\tf\006\357\205B<h\272GQ \344\262\236\025#\003\024&\310\034\352\376\326""; ledgerSeq: 0; type: liTS_CANDIDATE; nodes {;   nodedata: ""'\240~~s\033\202\356\320\307\177Nt\203\315\245\305\276b\265\310\271\3319\245:\342=c\267\265\233\002\003"";   nodeid: ""\000\000\000\000\000\000\000\000\000\000\000\000\000\000\000\000\000\000\000\000\000\000\000\000\000\000\000\000\000\000\000\000\000""; }; "
1750527556276,1750527556276,2523,1,3,2,TMLedgerData,"ledgerHash: ""3\321\n7\354)\tf\006\357\205B<h\272GQ \344\262\236\025#\003\024&\310\034\352\376\326""; ledgerSeq: 0; type: liTS_CANDIDATE; nodes {;   nodedata: ""'\240~~s\033\202\356\320\307\177Nt\203\315\245\305\276b\265\310\271\3319\245:\342=c\267\265\233\002\003"";   nodeid: ""\000\000\000\000\000\000\000\000\000\000\000\000\000\000\000\000\000\000\000\000\000\000\000\000\000\000\000\000\000\000\000\000\000""; }; ","ledgerHash: ""3\321\n7\354)\tf\006\357\205B<h\272GQ \344\262\236\025#\003\024&\310\034\352\376\326""; ledgerSeq: 0; type: liTS_CANDIDATE; nodes {;   nodedata: ""'\240~~s\033\202\356\320\307\177Nt\203\315\245\305\276b\265\310\271\3319\245:\342=c\267\265\233\002\003"";   nodeid: ""\000\000\000\000\000\000\000\000\000\000\000\000\000\000\000\000\000\000\000\000\000\000\000\000\000\000\000\000\000\000\000\000\000""; }; "
1750527556403,1750527556403,1968,1,1,2,TMLedgerData,"ledgerHash: ""3\321\n7\354)\tf\006\357\205B<h\272GQ \344\262\236\025#\003\024&\310\034\352\376\326""; ledgerSeq: 0; type: liTS_CANDIDATE; nodes {;   nodedata: ""'\240~~s\033\202\356\320\307\177Nt\203\315\245\305\276b\265\310\271\3319\245:\342=c\267\265\233\002\003"";   nodeid: ""\000\000\000\000\000\000\000\000\000\000\000\000\000\000\000\000\000\000\000\000\000\000\000\000\000\000\000\000\000\000\000\000\000""; }; ","ledgerHash: ""3\321\n7\354)\tf\006\357\205B<h\272GQ \344\262\236\025#\003\024&\310\034\352\376\326""; ledgerSeq: 0; type: liTS_CANDIDATE; nodes {;   nodedata: ""'\240~~s\033\202\356\320\307\177Nt\203\315\245\305\276b\265\310\271\3319\245:\342=c\267\265\233\002\003"";   nodeid: ""\000\000\000\000\000\000\000\000\000\000\000\000\000\000\000\000\000\000\000\000\000\000\000\000\000\000\000\000\000\000\000\000\000""; }; "
1750527556494,1750527556495,1539,1,4,2,TMLedgerData,"ledgerHash: ""3\321\n7\354)\tf\006\357\205B<h\272GQ \344\262\236\025#\003\024&\310\034\352\376\326""; ledgerSeq: 0; type: liTS_CANDIDATE; nodes {;   nodedata: ""'\240~~s\033\202\356\320\307\177Nt\203\315\245\305\276b\265\310\271\3319\245:\342=c\267\265\233\002\003"";   nodeid: ""\000\000\000\000\000\000\000\000\000\000\000\000\000\000\000\000\000\000\000\000\000\000\000\000\000\000\000\000\000\000\000\000\000""; }; ","ledgerHash: ""3\321\n7\354)\tf\006\357\205B<h\272GQ \344\262\236\025#\003\024&\310\034\352\376\326""; ledgerSeq: 0; type: liTS_CANDIDATE; nodes {;   nodedata: ""'\240~~s\033\202\356\320\307\177Nt\203\315\245\305\276b\265\310\271\3319\245:\342=c\267\265\233\002\003"";   nodeid: ""\000\000\000\000\000\000\000\000\000\000\000\000\000\000\000\000\000\000\000\000\000\000\000\000\000\000\000\000\000\000\000\000\000""; }; "
1750527556527,1750527556527,2523,1,3,2,TMLedgerData,"ledgerHash: ""3\321\n7\354)\tf\006\357\205B<h\272GQ \344\262\236\025#\003\024&\310\034\352\376\326""; ledgerSeq: 0; type: liTS_CANDIDATE; nodes {;   nodedata: ""'\240~~s\033\202\356\320\307\177Nt\203\315\245\305\276b\265\310\271\3319\245:\342=c\267\265\233\002\003"";   nodeid: ""\000\000\000\000\000\000\000\000\000\000\000\000\000\000\000\000\000\000\000\000\000\000\000\000\000\000\000\000\000\000\000\000\000""; }; ","ledgerHash: ""3\321\n7\354)\tf\006\357\205B<h\272GQ \344\262\236\025#\003\024&\310\034\352\376\326""; ledgerSeq: 0; type: liTS_CANDIDATE; nodes {;   nodedata: ""'\240~~s\033\202\356\320\307\177Nt\203\315\245\305\276b\265\310\271\3319\245:\342=c\267\265\233\002\003"";   nodeid: ""\000\000\000\000\000\000\000\000\000\000\000\000\000\000\000\000\000\000\000\000\000\000\000\000\000\000\000\000\000\000\000\000\000""; }; "
1750527556678,1750527556678,1968,1,1,2,TMLedgerData,"ledgerHash: ""3\321\n7\354)\tf\006\357\205B<h\272GQ \344\262\236\025#\003\024&\310\034\352\376\326""; ledgerSeq: 0; type: liTS_CANDIDATE; nodes {;   nodedata: ""'\240~~s\033\202\356\320\307\177Nt\203\315\245\305\276b\265\310\271\3319\245:\342=c\267\265\233\002\003"";   nodeid: ""\000\000\000\000\000\000\000\000\000\000\000\000\000\000\000\000\000\000\000\000\000\000\000\000\000\000\000\000\000\000\000\000\000""; }; ","ledgerHash: ""3\321\n7\354)\tf\006\357\205B<h\272GQ \344\262\236\025#\003\024&\310\034\352\376\326""; ledgerSeq: 0; type: liTS_CANDIDATE; nodes {;   nodedata: ""'\240~~s\033\202\356\320\307\177Nt\203\315\245\305\276b\265\310\271\3319\245:\342=c\267\265\233\002\003"";   nodeid: ""\000\000\000\000\000\000\000\000\000\000\000\000\000\000\000\000\000\000\000\000\000\000\000\000\000\000\000\000\000\000\000\000\000""; }; "
1750527556748,1750527556748,1539,1,4,2,TMLedgerData,"ledgerHash: ""3\321\n7\354)\tf\006\357\205B<h\272GQ \344\262\236\025#\003\024&\310\034\352\376\326""; ledgerSeq: 0; type: liTS_CANDIDATE; nodes {;   nodedata: ""'\240~~s\033\202\356\320\307\177Nt\203\315\245\305\276b\265\310\271\3319\245:\342=c\267\265\233\002\003"";   nodeid: ""\000\000\000\000\000\000\000\000\000\000\000\000\000\000\000\000\000\000\000\000\000\000\000\000\000\000\000\000\000\000\000\000\000""; }; ","ledgerHash: ""3\321\n7\354)\tf\006\357\205B<h\272GQ \344\262\236\025#\003\024&\310\034\352\376\326""; ledgerSeq: 0; type: liTS_CANDIDATE; nodes {;   nodedata: ""'\240~~s\033\202\356\320\307\177Nt\203\315\245\305\276b\265\310\271\3319\245:\342=c\267\265\233\002\003"";   nodeid: ""\000\000\000\000\000\000\000\000\000\000\000\000\000\000\000\000\000\000\000\000\000\000\000\000\000\000\000\000\000\000\000\000\000""; }; "
1750527556758,1750527556758,1665,1,2,3,TMLedgerData,"ledgerHash: ""\326+\03569g\235`}\354\203s\003\217_Vf \233\324\237yU<\242:Zr\321\340\201]""; ledgerSeq: 7; type: liTX_NODE; nodes {;   nodedata: ""\274\022\000\000""\000\000\000\000$\000\000\000\005 \033\000\000\000\031a@\000\000\022\333\371\352\000h@\000\000\000\000\000\000\ns!\003K\250\201V\354\353\020.\253\242\026x\202\312\234\3314!'\021-D\001\225\355\256\367\361\211\2710ltF0D\002 9\312\273{!\334\315f\262\207h""M\334ieT\306\204<r\350)\356\340\326\356\337\355\371\201\257\002 2M\022\177y""\355\343\n\034\\246\024:\375\024\223\331[\216\234\345\010\v\300\313Bt\251\217,\201\024\3177\2633\3425H\2210g]\027\350~`\267{\247\373\332\203\024\237\311\327\222\336\304\221\216Q\027\001uf'%5\022:P\210\301] \034\000\000\000\000\370\345\021\000a%\000\000\000\005UGZ\227\022t\201\240u\2324P\027\307M\337'Y\361[IAD\351\374!\232\005\337\376\252\251gV@e&\014`#?\020s\314\3035_u\244\223G\263\322\035\357\201\363\033\220\333`\311\331n\373\360\346b@\000\000\027H\206*@\341\347""\000\000\000\000$\000\000\000\005-\000\000\000\000b@\000\000*$\200\024@\201\024\237\311\327\222\336\304\221\216Q\027\001uf'%5\022:P\210\341\341\345\021\000a%\000\000\000\005U\240\231\202k\030<\225\205;%\337\001\376d\216V\310\306k>\373\322\372\353b\3659\350\345\324F\026Vg\244\337\353\312\013\236hD\305E\177)\365\031\344}\231\342 ?\273\261,\263l\2443V5tR\346$\000\000\000\005b@\000\000\027H\206*@\341\347""\000\000\000\000$\000\000\000\006-\000\000\000\000b@\000\000\004l\214@6\201\024\3177\2633\3425H\2210g]\027\350~`\267{\247\373\332\341\341\361\003\020\000\256\322m\2146\221\305\341\316\031h?\276\005\207\253\236\tL;\371W\315\233X\345O\203\332\240\005\360\004"";   nodeid: ""\240\000\000\000\000\000\000\000\000\000\000\000\000\000\000\000\000\000\000\000\000\000\000\000\000\000\000\000\000\000\000\000\001""; }; ","ledgerHash: ""\326+\03569g\235`}\354\203s\003\217_Vf \233\324\237yU<\242:Zr\321\340\201]""; ledgerSeq: 7; type: liTX_NODE; nodes {;   nodedata: ""\274\022\000\000""\000\000\000\000$\000\000\000\005 \033\000\000\000\031a@\000\000\022\333\371\352\000h@\000\000\000\000\000\000\ns!\003K\250\201V\354\353\020.\253\242\026x\202\312\234\3314!'\021-D\001\225\355\256\367\361\211\2710ltF0D\002 9\312\273{!\334\315f\262\207h""M\334ieT\306\204<r\350)\356\340\326\356\337\355\371\201\257\002 2M\022\177y""\355\343\n\034\\246\024:\375\024\223\331[\216\234\345\010\v\300\313Bt\251\217,\201\024\3177\2633\3425H\2210g]\027\350~`\267{\247\373\332\203\024\237\311\327\222\336\304\221\216Q\027\001uf'%5\022:P\210\301] \034\000\000\000\000\370\345\021\000a%\000\000\000\005UGZ\227\022t\201\240u\2324P\027\307M\337'Y\361[IAD\351\374!\232\005\337\376\252\251gV@e&\014`#?\020s\314\3035_u\244\223G\263\322\035\357\201\363\033\220\333`\311\331n\373\360\346b@\000\000\027H\206*@\341\347""\000\000\000\000$\000\000\000\005-\000\000\000\000b@\000\000*$\200\024@\201\024\237\311\327\222\336\304\221\216Q\027\001uf'%5\022:P\210\341\341\345\021\000a%\000\000\000\005U\240\231\202k\030<\225\205;%\337\001\376d\216V\310\306k>\373\322\372\353b\3659\350\345\324F\026Vg\244\337\353\312\013\236hD\305E\177)\365\031\344}\231\342 ?\273\261,\263l\2443V5tR\346$\000\000\000\005b@\000\000\027H\206*@\341\347""\000\000\000\000$\000\000\000\006-\000\000\000\000b@\000\000\004l\214@6\201\024\3177\2633\3425H\2210g]\027\350~`\267{\247\373\332\341\341\361\003\020\000\256\322m\2146\221\305\341\316\031h?\276\005\207\253\236\tL;\371W\315\233X\345O\203\332\240\005\360\004"";   nodeid: ""\240\000\000\000\000\000\000\000\000\000\000\000\000\000\000\000\000\000\000\000\000\000\000\000\000\000\000\000\000\000\000\000\001""; }; "
1750527556777,1750527556777,2523,1,3,2,TMLedgerData,"ledgerHash: ""3\321\n7\354)\tf\006\357\205B<h\272GQ \344\262\236\025#\003\024&\310\034\352\376\326""; ledgerSeq: 0; type: liTS_CANDIDATE; nodes {;   nodedata: ""'\240~~s\033\202\356\320\307\177Nt\203\315\245\305\276b\265\310\271\3319\245:\342=c\267\265\233\002\003"";   nodeid: ""\000\000\000\000\000\000\000\000\000\000\000\000\000\000\000\000\000\000\000\000\000\000\000\000\000\000\000\000\000\000\000\000\000""; }; ","ledgerHash: ""3\321\n7\354)\tf\006\357\205B<h\272GQ \344\262\236\025#\003\024&\310\034\352\376\326""; ledgerSeq: 0; type: liTS_CANDIDATE; nodes {;   nodedata: ""'\240~~s\033\202\356\320\307\177Nt\203\315\245\305\276b\265\310\271\3319\245:\342=c\267\265\233\002\003"";   nodeid: ""\000\000\000\000\000\000\000\000\000\000\000\000\000\000\000\000\000\000\000\000\000\000\000\000\000\000\000\000\000\000\000\000\000""; }; "
1750527556928,1750527556928,1968,1,1,2,TMLedgerData,"ledgerHash: ""3\321\n7\354)\tf\006\357\205B<h\272GQ \344\262\236\025#\003\024&\310\034\352\376\326""; ledgerSeq: 0; type: liTS_CANDIDATE; nodes {;   nodedata: ""'\240~~s\033\202\356\320\307\177Nt\203\315\245\305\276b\265\310\271\3319\245:\342=c\267\265\233\002\003"";   nodeid: ""\000\000\000\000\000\000\000\000\000\000\000\000\000\000\000\000\000\000\000\000\000\000\000\000\000\000\000\000\000\000\000\000\000""; }; ","ledgerHash: ""3\321\n7\354)\tf\006\357\205B<h\272GQ \344\262\236\025#\003\024&\310\034\352\376\326""; ledgerSeq: 0; type: liTS_CANDIDATE; nodes {;   nodedata: ""'\240~~s\033\202\356\320\307\177Nt\203\315\245\305\276b\265\310\271\3319\245:\342=c\267\265\233\002\003"";   nodeid: ""\000\000\000\000\000\000\000\000\000\000\000\000\000\000\000\000\000\000\000\000\000\000\000\000\000\000\000\000\000\000\000\000\000""; }; "
1750527556997,1750527556997,1539,1,4,2,TMLedgerData,"ledgerHash: ""3\321\n7\354)\tf\006\357\205B<h\272GQ \344\262\236\025#\003\024&\310\034\352\376\326""; ledgerSeq: 0; type: liTS_CANDIDATE; nodes {;   nodedata: ""'\240~~s\033\202\356\320\307\177Nt\203\315\245\305\276b\265\310\271\3319\245:\342=c\267\265\233\002\003"";   nodeid: ""\000\000\000\000\000\000\000\000\000\000\000\000\000\000\000\000\000\000\000\000\000\000\000\000\000\000\000\000\000\000\000\000\000""; }; ","ledgerHash: ""3\321\n7\354)\tf\006\357\205B<h\272GQ \344\262\236\025#\003\024&\310\034\352\376\326""; ledgerSeq: 0; type: liTS_CANDIDATE; nodes {;   nodedata: ""'\240~~s\033\202\356\320\307\177Nt\203\315\245\305\276b\265\310\271\3319\245:\342=c\267\265\233\002\003"";   nodeid: ""\000\000\000\000\000\000\000\000\000\000\000\000\000\000\000\000\000\000\000\000\000\000\000\000\000\000\000\000\000\000\000\000\000""; }; "
1750527557028,1750527557028,2523,1,3,2,TMLedgerData,"ledgerHash: ""3\321\n7\354)\tf\006\357\205B<h\272GQ \344\262\236\025#\003\024&\310\034\352\376\326""; ledgerSeq: 0; type: liTS_CANDIDATE; nodes {;   nodedata: ""'\240~~s\033\202\356\320\307\177Nt\203\315\245\305\276b\265\310\271\3319\245:\342=c\267\265\233\002\003"";   nodeid: ""\000\000\000\000\000\000\000\000\000\000\000\000\000\000\000\000\000\000\000\000\000\000\000\000\000\000\000\000\000\000\000\000\000""; }; ","ledgerHash: ""3\321\n7\354)\tf\006\357\205B<h\272GQ \344\262\236\025#\003\024&\310\034\352\376\326""; ledgerSeq: 0; type: liTS_CANDIDATE; nodes {;   nodedata: ""'\240~~s\033\202\356\320\307\177Nt\203\315\245\305\276b\265\310\271\3319\245:\342=c\267\265\233\002\003"";   nodeid: ""\000\000\000\000\000\000\000\000\000\000\000\000\000\000\000\000\000\000\000\000\000\000\000\000\000\000\000\000\000\000\000\000\000""; }; "
1750527557067,1750527557067,1539,1,4,2,TMLedgerData,"ledgerHash: ""\033@\177e\277\016\010u\327\371&\262\312\317Q\2361t\377x\234\001v\003%\030\325_\225g\204\346""; ledgerSeq: 7; type: liTX_NODE; nodes {;   nodedata: ""\274\022\000\000""\000\000\000\000$\000\000\000\005 \033\000\000\000\032a@\000\000\023S/~\000h@\000\000\000\000\000\000\ns!\003K\250\201V\354\353\020.\253\242\026x\202\312\234\3314!'\021-D\001\225\355\256\367\361\211\2710ltF0D\002 \034\347n\276,\014\034\014\216\3362\020\300A\022\234@\257j\263\362\3726r\303\260\tx\027-6\261\002 Pk?<\332\275\247\267E\234\270\035\306\367\2318t\243_\266\366\311\006|\316\223A\211\243\266\226\341\201\024\3177\2633\3425H\2210g]\027\350~`\267{\247\373\332\203\024\272\177ez`?~\240\022\321\013D\240\325V\364\241\375\n@\301] \034\000\000\000\000\370\345\021\000a%\000\000\000\005U\002i\361\030\371\256\265\036\320\273\013\357<\215/(\215[\231D\357Gd\372\270\316\261\301\342\327\225\241V\030+E\324}\254\210\205\211\200xl\010D\242\344Yy\230'SU,\346\210\010%\240N\231\363\306\346b@\000\000\027H\206*@\341\347""\000\000\000\000$\000\000\000\005-\000\000\000\000b@\000\000*\233\265\250@\201\024\272\177ez`?~\240\022\321\013D\240\325V\364\241\375\n@\341\341\345\021\000a%\000\000\000\005U\240\231\202k\030<\225\205;%\337\001\376d\216V\310\306k>\373\322\372\353b\3659\350\345\324F\026Vg\244\337\353\312\013\236hD\305E\177)\365\031\344}\231\342 ?\273\261,\263l\2443V5tR\346$\000\000\000\005b@\000\000\027H\206*@\341\347""\000\000\000\000$\000\000\000\006-\000\000\000\000b@\000\000\003\365V\2546\201\024\3177\2633\3425H\2210g]\027\350~`\267{\247\373\332\341\341\361\003\020\000MJ\275'\324\005\036\313\204nW\300\362\327\016\205\236\021\351Q6\021\355\301\372\322\276g\026\243\361M\004"";   nodeid: ""@\000\000\000\000\000\000\000\000\000\000\000\000\000\000\000\000\000\000\000\000\000\000\000\000\000\000\000\000\000\000\000\001""; }; ","ledgerHash: ""\033@\177e\277\016\010u\327\371&\262\312\317Q\2361t\377x\234\001v\003%\030\325_\225g\204\346""; ledgerSeq: 7; type: liTX_NODE; nodes {;   nodedata: ""\274\022\000\000""\000\000\000\000$\000\000\000\005 \033\000\000\000\032a@\000\000\023S/~\000h@\000\000\000\000\000\000\ns!\003K\250\201V\354\353\020.\253\242\026x\202\312\234\3314!'\021-D\001\225\355\256\367\361\211\2710ltF0D\002 \034\347n\276,\014\034\014\216\3362\020\300A\022\234@\257j\263\362\3726r\303\260\tx\027-6\261\002 Pk?<\332\275\247\267E\234\270\035\306\367\2318t\243_\266\366\311\006|\316\223A\211\243\266\226\341\201\024\3177\2633\3425H\2210g]\027\350~`\267{\247\373\332\203\024\272\177ez`?~\240\022\321\013D\240\325V\364\241\375\n@\301] \034\000\000\000\000\370\345\021\000a%\000\000\000\005U\002i\361\030\371\256\265\036\320\273\013\357<\215/(\215[\231D\357Gd\372\270\316\261\301\342\327\225\241V\030+E\324}\254\210\205\211\200xl\010D\242\344Yy\230'SU,\346\210\010%\240N\231\363\306\346b@\000\000\027H\206*@\341\347""\000\000\000\000$\000\000\000\005-\000\000\000\000b@\000\000*\233\265\250@\201\024\272\177ez`?~\240\022\321\013D\240\325V\364\241\375\n@\341\341\345\021\000a%\000\000\000\005U\240\231\202k\030<\225\205;%\337\001\376d\216V\310\306k>\373\322\372\353b\3659\350\345\324F\026Vg\244\337\353\312\013\236hD\305E\177)\365\031\344}\231\342 ?\273\261,\263l\2443V5tR\346$\000\000\000\005b@\000\000\027H\206*@\341\347""\000\000\000\000$\000\000\000\006-\000\000\000\000b@\000\000\003\365V\2546\201\024\3177\2633\3425H\2210g]\027\350~`\267{\247\373\332\341\341\361\003\020\000MJ\275'\324\005\036\313\204nW\300\362\327\016\205\236\021\351Q6\021\355\301\372\322\276g\026\243\361M\004"";   nodeid: ""@\000\000\000\000\000\000\000\000\000\000\000\000\000\000\000\000\000\000\000\000\000\000\000\000\000\000\000\000\000\000\000\001""; }; "
1750527557091,1750527557091,1813,1,3,1,TMLedgerData,"ledgerHash: ""3\321\n7\354)\tf\006\357\205B<h\272GQ \344\262\236\025#\003\024&\310\034\352\376\326""; ledgerSeq: 0; type: liTS_CANDIDATE; nodes {;   nodedata: ""'\240~~s\033\202\356\320\307\177Nt\203\315\245\305\276b\265\310\271\3319\245:\342=c\267\265\233\002\003"";   nodeid: ""\000\000\000\000\000\000\000\000\000\000\000\000\000\000\000\000\000\000\000\000\000\000\000\000\000\000\000\000\000\000\000\000\000""; }; requestCookie: 3; ","ledgerHash: ""3\321\n7\354)\tf\006\357\205B<h\272GQ \344\262\236\025#\003\024&\310\034\352\376\326""; ledgerSeq: 0; type: liTS_CANDIDATE; nodes {;   nodedata: ""'\240~~s\033\202\356\320\307\177Nt\203\315\245\305\276b\265\310\271\3319\245:\342=c\267\265\233\002\003"";   nodeid: ""\000\000\000\000\000\000\000\000\000\000\000\000\000\000\000\000\000\000\000\000\000\000\000\000\000\000\000\000\000\000\000\000\000""; }; requestCookie: 3; "
1750527557152,1750527557152,1968,1,1,2,TMLedgerData,"ledgerHash: ""3\321\n7\354)\tf\006\357\205B<h\272GQ \344\262\236\025#\003\024&\310\034\352\376\326""; ledgerSeq: 0; type: liTS_CANDIDATE; nodes {;   nodedata: ""'\240~~s\033\202\356\320\307\177Nt\203\315\245\305\276b\265\310\271\3319\245:\342=c\267\265\233\002\003"";   nodeid: ""\000\000\000\000\000\000\000\000\000\000\000\000\000\000\000\000\000\000\000\000\000\000\000\000\000\000\000\000\000\000\000\000\000""; }; ","ledgerHash: ""3\321\n7\354)\tf\006\357\205B<h\272GQ \344\262\236\025#\003\024&\310\034\352\376\326""; ledgerSeq: 0; type: liTS_CANDIDATE; nodes {;   nodedata: ""'\240~~s\033\202\356\320\307\177Nt\203\315\245\305\276b\265\310\271\3319\245:\342=c\267\265\233\002\003"";   nodeid: ""\000\000\000\000\000\000\000\000\000\000\000\000\000\000\000\000\000\000\000\000\000\000\000\000\000\000\000\000\000\000\000\000\000""; }; "
1750527557177,1750527557177,1968,1,1,2,TMLedgerData,"ledgerHash: ""3\321\n7\354)\tf\006\357\205B<h\272GQ \344\262\236\025#\003\024&\310\034\352\376\326""; ledgerSeq: 0; type: liTS_CANDIDATE; nodes {;   nodedata: ""'\240~~s\033\202\356\320\307\177Nt\203\315\245\305\276b\265\310\271\3319\245:\342=c\267\265\233\002\003"";   nodeid: ""\000\000\000\000\000\000\000\000\000\000\000\000\000\000\000\000\000\000\000\000\000\000\000\000\000\000\000\000\000\000\000\000\000""; }; ","ledgerHash: ""3\321\n7\354)\tf\006\357\205B<h\272GQ \344\262\236\025#\003\024&\310\034\352\376\326""; ledgerSeq: 0; type: liTS_CANDIDATE; nodes {;   nodedata: ""'\240~~s\033\202\356\320\307\177Nt\203\315\245\305\276b\265\310\271\3319\245:\342=c\267\265\233\002\003"";   nodeid: ""\000\000\000\000\000\000\000\000\000\000\000\000\000\000\000\000\000\000\000\000\000\000\000\000\000\000\000\000\000\000\000\000\000""; }; "
1750527557278,1750527557278,2523,1,3,2,TMLedgerData,"ledgerHash: ""3\321\n7\354)\tf\006\357\205B<h\272GQ \344\262\236\025#\003\024&\310\034\352\376\326""; ledgerSeq: 0; type: liTS_CANDIDATE; nodes {;   nodedata: ""'\240~~s\033\202\356\320\307\177Nt\203\315\245\305\276b\265\310\271\3319\245:\342=c\267\265\233\002\003"";   nodeid: ""\000\000\000\000\000\000\000\000\000\000\000\000\000\000\000\000\000\000\000\000\000\000\000\000\000\000\000\000\000\000\000\000\000""; }; ","ledgerHash: ""3\321\n7\354)\tf\006\357\205B<h\272GQ \344\262\236\025#\003\024&\310\034\352\376\326""; ledgerSeq: 0; type: liTS_CANDIDATE; nodes {;   nodedata: ""'\240~~s\033\202\356\320\307\177Nt\203\315\245\305\276b\265\310\271\3319\245:\342=c\267\265\233\002\003"";   nodeid: ""\000\000\000\000\000\000\000\000\000\000\000\000\000\000\000\000\000\000\000\000\000\000\000\000\000\000\000\000\000\000\000\000\000""; }; "
1750527557348,1750527557348,2523,1,3,2,TMLedgerData,"ledgerHash: ""\033@\177e\277\016\010u\327\371&\262\312\317Q\2361t\377x\234\001v\003%\030\325_\225g\204\346""; ledgerSeq: 7; type: liTX_NODE; nodes {;   nodedata: ""\274\022\000\000""\000\000\000\000$\000\000\000\005 \033\000\000\000\032a@\000\000\023S/~\000h@\000\000\000\000\000\000\ns!\003K\250\201V\354\353\020.\253\242\026x\202\312\234\3314!'\021-D\001\225\355\256\367\361\211\2710ltF0D\002 \034\347n\276,\014\034\014\216\3362\020\300A\022\234@\257j\263\362\3726r\303\260\tx\027-6\261\002 Pk?<\332\275\247\267E\234\270\035\306\367\2318t\243_\266\366\311\006|\316\223A\211\243\266\226\341\201\024\3177\2633\3425H\2210g]\027\350~`\267{\247\373\332\203\024\272\177ez`?~\240\022\321\013D\240\325V\364\241\375\n@\301] \034\000\000\000\000\370\345\021\000a%\000\000\000\005U\002i\361\030\371\256\265\036\320\273\013\357<\215/(\215[\231D\357Gd\372\270\316\261\301\342\327\225\241V\030+E\324}\254\210\205\211\200xl\010D\242\344Yy\230'SU,\346\210\010%\240N\231\363\306\346b@\000\000\027H\206*@\341\347""\000\000\000\000$\000\000\000\005-\000\000\000\000b@\000\000*\233\265\250@\201\024\272\177ez`?~\240\022\321\013D\240\325V\364\241\375\n@\341\341\345\021\000a%\000\000\000\005U\240\231\202k\030<\225\205;%\337\001\376d\216V\310\306k>\373\322\372\353b\3659\350\345\324F\026Vg\244\337\353\312\013\236hD\305E\177)\365\031\344}\231\342 ?\273\261,\263l\2443V5tR\346$\000\000\000\005b@\000\000\027H\206*@\341\347""\000\000\000\000$\000\000\000\006-\000\000\000\000b@\000\000\003\365V\2546\201\024\3177\2633\3425H\2210g]\027\350~`\267{\247\373\332\341\341\361\003\020\000MJ\275'\324\005\036\313\204nW\300\362\327\016\205\236\021\351Q6\021\355\301\372\322\276g\026\243\361M\004"";   nodeid: ""@\000\000\000\000\000\000\000\000\000\000\000\000\000\000\000\000\000\000\000\000\000\000\000\000\000\000\000\000\000\000\000\001""; }; ","ledgerHash: ""\033@\177e\277\016\010u\327\371&\262\312\317Q\2361t\377x\234\001v\003%\030\325_\225g\204\346""; ledgerSeq: 7; type: liTX_NODE; nodes {;   nodedata: ""\274\022\000\000""\000\000\000\000$\000\000\000\005 \033\000\000\000\032a@\000\000\023S/~\000h@\000\000\000\000\000\000\ns!\003K\250\201V\354\353\020.\253\242\026x\202\312\234\3314!'\021-D\001\225\355\256\367\361\211\2710ltF0D\002 \034\347n\276,\014\034\014\216\3362\020\300A\022\234@\257j\263\362\3726r\303\260\tx\027-6\261\002 Pk?<\332\275\247\267E\234\270\035\306\367\2318t\243_\266\366\311\006|\316\223A\211\243\266\226\341\201\024\3177\2633\3425H\2210g]\027\350~`\267{\247\373\332\203\024\272\177ez`?~\240\022\321\013D\240\325V\364\241\375\n@\301] \034\000\000\000\000\370\345\021\000a%\000\000\000\005U\002i\361\030\371\256\265\036\320\273\013\357<\215/(\215[\231D\357Gd\372\270\316\261\301\342\327\225\241V\030+E\324}\254\210\205\211\200xl\010D\242\344Yy\230'SU,\346\210\010%\240N\231\363\306\346b@\000\000\027H\206*@\341\347""\000\000\000\000$\000\000\000\005-\000\000\000\000b@\000\000*\233\265\250@\201\024\272\177ez`?~\240\022\321\013D\240\325V\364\241\375\n@\341\341\345\021\000a%\000\000\000\005U\240\231\202k\030<\225\205;%\337\001\376d\216V\310\306k>\373\322\372\353b\3659\350\345\324F\026Vg\244\337\353\312\013\236hD\305E\177)\365\031\344}\231\342 ?\273\261,\263l\2443V5tR\346$\000\000\000\005b@\000\000\027H\206*@\341\347""\000\000\000\000$\000\000\000\006-\000\000\000\000b@\000\000\003\365V\2546\201\024\3177\2633\3425H\2210g]\027\350~`\267{\247\373\332\341\341\361\003\020\000MJ\275'\324\005\036\313\204nW\300\362\327\016\205\236\021\351Q6\021\355\301\372\322\276g\026\243\361M\004"";   nodeid: ""@\000\000\000\000\000\000\000\000\000\000\000\000\000\000\000\000\000\000\000\000\000\000\000\000\000\000\000\000\000\000\000\001""; }; "
1750527557382,1750527557382,1144,1,4,1,TMLedgerData,"ledgerHash: ""3\321\n7\354)\tf\006\357\205B<h\272GQ \344\262\236\025#\003\024&\310\034\352\376\326""; ledgerSeq: 0; type: liTS_CANDIDATE; nodes {;   nodedata: ""'\240~~s\033\202\356\320\307\177Nt\203\315\245\305\276b\265\310\271\3319\245:\342=c\267\265\233\002\003"";   nodeid: ""\000\000\000\000\000\000\000\000\000\000\000\000\000\000\000\000\000\000\000\000\000\000\000\000\000\000\000\000\000\000\000\000\000""; }; requestCookie: 3; ","ledgerHash: ""3\321\n7\354)\tf\006\357\205B<h\272GQ \344\262\236\025#\003\024&\310\034\352\376\326""; ledgerSeq: 0; type: liTS_CANDIDATE; nodes {;   nodedata: ""'\240~~s\033\202\356\320\307\177Nt\203\315\245\305\276b\265\310\271\3319\245:\342=c\267\265\233\002\003"";   nodeid: ""\000\000\000\000\000\000\000\000\000\000\000\000\000\000\000\000\000\000\000\000\000\000\000\000\000\000\000\000\000\000\000\000\000""; }; requestCookie: 3; "
1750527557405,1750527557405,1968,1,1,2,TMLedgerData,"ledgerHash: ""3\321\n7\354)\tf\006\357\205B<h\272GQ \344\262\236\025#\003\024&\310\034\352\376\326""; ledgerSeq: 0; type: liTS_CANDIDATE; nodes {;   nodedata: ""'\240~~s\033\202\356\320\307\177Nt\203\315\245\305\276b\265\310\271\3319\245:\342=c\267\265\233\002\003"";   nodeid: ""\000\000\000\000\000\000\000\000\000\000\000\000\000\000\000\000\000\000\000\000\000\000\000\000\000\000\000\000\000\000\000\000\000""; }; ","ledgerHash: ""3\321\n7\354)\tf\006\357\205B<h\272GQ \344\262\236\025#\003\024&\310\034\352\376\326""; ledgerSeq: 0; type: liTS_CANDIDATE; nodes {;   nodedata: ""'\240~~s\033\202\356\320\307\177Nt\203\315\245\305\276b\265\310\271\3319\245:\342=c\267\265\233\002\003"";   nodeid: ""\000\000\000\000\000\000\000\000\000\000\000\000\000\000\000\000\000\000\000\000\000\000\000\000\000\000\000\000\000\000\000\000\000""; }; "
1750527557426,1750527557426,1968,1,1,2,TMLedgerData,"ledgerHash: ""3\321\n7\354)\tf\006\357\205B<h\272GQ \344\262\236\025#\003\024&\310\034\352\376\326""; ledgerSeq: 0; type: liTS_CANDIDATE; nodes {;   nodedata: ""'\240~~s\033\202\356\320\307\177Nt\203\315\245\305\276b\265\310\271\3319\245:\342=c\267\265\233\002\003"";   nodeid: ""\000\000\000\000\000\000\000\000\000\000\000\000\000\000\000\000\000\000\000\000\000\000\000\000\000\000\000\000\000\000\000\000\000""; }; ","ledgerHash: ""3\321\n7\354)\tf\006\357\205B<h\272GQ \344\262\236\025#\003\024&\310\034\352\376\326""; ledgerSeq: 0; type: liTS_CANDIDATE; nodes {;   nodedata: ""'\240~~s\033\202\356\320\307\177Nt\203\315\245\305\276b\265\310\271\3319\245:\342=c\267\265\233\002\003"";   nodeid: ""\000\000\000\000\000\000\000\000\000\000\000\000\000\000\000\000\000\000\000\000\000\000\000\000\000\000\000\000\000\000\000\000\000""; }; "
1750527557632,1750527557633,1144,1,4,1,TMLedgerData,"ledgerHash: ""3\321\n7\354)\tf\006\357\205B<h\272GQ \344\262\236\025#\003\024&\310\034\352\376\326""; ledgerSeq: 0; type: liTS_CANDIDATE; nodes {;   nodedata: ""'\240~~s\033\202\356\320\307\177Nt\203\315\245\305\276b\265\310\271\3319\245:\342=c\267\265\233\002\003"";   nodeid: ""\000\000\000\000\000\000\000\000\000\000\000\000\000\000\000\000\000\000\000\000\000\000\000\000\000\000\000\000\000\000\000\000\000""; }; requestCookie: 3; ","ledgerHash: ""3\321\n7\354)\tf\006\357\205B<h\272GQ \344\262\236\025#\003\024&\310\034\352\376\326""; ledgerSeq: 0; type: liTS_CANDIDATE; nodes {;   nodedata: ""'\240~~s\033\202\356\320\307\177Nt\203\315\245\305\276b\265\310\271\3319\245:\342=c\267\265\233\002\003"";   nodeid: ""\000\000\000\000\000\000\000\000\000\000\000\000\000\000\000\000\000\000\000\000\000\000\000\000\000\000\000\000\000\000\000\000\000""; }; requestCookie: 3; "
1750527557656,1750527557656,1968,1,1,2,TMLedgerData,"ledgerHash: ""3\321\n7\354)\tf\006\357\205B<h\272GQ \344\262\236\025#\003\024&\310\034\352\376\326""; ledgerSeq: 0; type: liTS_CANDIDATE; nodes {;   nodedata: ""'\240~~s\033\202\356\320\307\177Nt\203\315\245\305\276b\265\310\271\3319\245:\342=c\267\265\233\002\003"";   nodeid: ""\000\000\000\000\000\000\000\000\000\000\000\000\000\000\000\000\000\000\000\000\000\000\000\000\000\000\000\000\000\000\000\000\000""; }; ","ledgerHash: ""3\321\n7\354)\tf\006\357\205B<h\272GQ \344\262\236\025#\003\024&\310\034\352\376\326""; ledgerSeq: 0; type: liTS_CANDIDATE; nodes {;   nodedata: ""'\240~~s\033\202\356\320\307\177Nt\203\315\245\305\276b\265\310\271\3319\245:\342=c\267\265\233\002\003"";   nodeid: ""\000\000\000\000\000\000\000\000\000\000\000\000\000\000\000\000\000\000\000\000\000\000\000\000\000\000\000\000\000\000\000\000\000""; }; "
1750527557743,1750527557743,1434,1,0,1,TMLedgerData,"ledgerHash: ""3\321\n7\354)\tf\006\357\205B<h\272GQ \344\262\236\025#\003\024&\310\034\352\376\326""; ledgerSeq: 0; type: liTS_CANDIDATE; nodes {;   nodedata: ""'\240~~s\033\202\356\320\307\177Nt\203\315\245\305\276b\265\310\271\3319\245:\342=c\267\265\233\002\003"";   nodeid: ""\000\000\000\000\000\000\000\000\000\000\000\000\000\000\000\000\000\000\000\000\000\000\000\000\000\000\000\000\000\000\000\000\000""; }; requestCookie: 3; ","ledgerHash: ""3\321\n7\354)\tf\006\357\205B<h\272GQ \344\262\236\025#\003\024&\310\034\352\376\326""; ledgerSeq: 0; type: liTS_CANDIDATE; nodes {;   nodedata: ""'\240~~s\033\202\356\320\307\177Nt\203\315\245\305\276b\265\310\271\3319\245:\342=c\267\265\233\002\003"";   nodeid: ""\000\000\000\000\000\000\000\000\000\000\000\000\000\000\000\000\000\000\000\000\000\000\000\000\000\000\000\000\000\000\000\000\000""; }; requestCookie: 3; "
1750527557841,1750527557841,1813,1,3,1,TMLedgerData,"ledgerHash: ""3\321\n7\354)\tf\006\357\205B<h\272GQ \344\262\236\025#\003\024&\310\034\352\376\326""; ledgerSeq: 0; type: liTS_CANDIDATE; nodes {;   nodedata: ""'\240~~s\033\202\356\320\307\177Nt\203\315\245\305\276b\265\310\271\3319\245:\342=c\267\265\233\002\003"";   nodeid: ""\000\000\000\000\000\000\000\000\000\000\000\000\000\000\000\000\000\000\000\000\000\000\000\000\000\000\000\000\000\000\000\000\000""; }; requestCookie: 3; ","ledgerHash: ""3\321\n7\354)\tf\006\357\205B<h\272GQ \344\262\236\025#\003\024&\310\034\352\376\326""; ledgerSeq: 0; type: liTS_CANDIDATE; nodes {;   nodedata: ""'\240~~s\033\202\356\320\307\177Nt\203\315\245\305\276b\265\310\271\3319\245:\342=c\267\265\233\002\003"";   nodeid: ""\000\000\000\000\000\000\000\000\000\000\000\000\000\000\000\000\000\000\000\000\000\000\000\000\000\000\000\000\000\000\000\000\000""; }; requestCookie: 3; "
1750527558093,1750527558093,1813,1,3,1,TMLedgerData,"ledgerHash: ""3\321\n7\354)\tf\006\357\205B<h\272GQ \344\262\236\025#\003\024&\310\034\352\376\326""; ledgerSeq: 0; type: liTS_CANDIDATE; nodes {;   nodedata: ""'\240~~s\033\202\356\320\307\177Nt\203\315\245\305\276b\265\310\271\3319\245:\342=c\267\265\233\002\003"";   nodeid: ""\000\000\000\000\000\000\000\000\000\000\000\000\000\000\000\000\000\000\000\000\000\000\000\000\000\000\000\000\000\000\000\000\000""; }; requestCookie: 3; ","ledgerHash: ""3\321\n7\354)\tf\006\357\205B<h\272GQ \344\262\236\025#\003\024&\310\034\352\376\326""; ledgerSeq: 0; type: liTS_CANDIDATE; nodes {;   nodedata: ""'\240~~s\033\202\356\320\307\177Nt\203\315\245\305\276b\265\310\271\3319\245:\342=c\267\265\233\002\003"";   nodeid: ""\000\000\000\000\000\000\000\000\000\000\000\000\000\000\000\000\000\000\000\000\000\000\000\000\000\000\000\000\000\000\000\000\000""; }; requestCookie: 3; "
1750527558385,1750527558385,1144,1,4,1,TMLedgerData,"ledgerHash: ""3\321\n7\354)\tf\006\357\205B<h\272GQ \344\262\236\025#\003\024&\310\034\352\376\326""; ledgerSeq: 0; type: liTS_CANDIDATE; nodes {;   nodedata: ""'\240~~s\033\202\356\320\307\177Nt\203\315\245\305\276b\265\310\271\3319\245:\342=c\267\265\233\002\003"";   nodeid: ""\000\000\000\000\000\000\000\000\000\000\000\000\000\000\000\000\000\000\000\000\000\000\000\000\000\000\000\000\000\000\000\000\000""; }; requestCookie: 3; ","ledgerHash: ""3\321\n7\354)\tf\006\357\205B<h\272GQ \344\262\236\025#\003\024&\310\034\352\376\326""; ledgerSeq: 0; type: liTS_CANDIDATE; nodes {;   nodedata: ""'\240~~s\033\202\356\320\307\177Nt\203\315\245\305\276b\265\310\271\3319\245:\342=c\267\265\233\002\003"";   nodeid: ""\000\000\000\000\000\000\000\000\000\000\000\000\000\000\000\000\000\000\000\000\000\000\000\000\000\000\000\000\000\000\000\000\000""; }; requestCookie: 3; "
1750527558528,1750527558528,1968,1,1,2,TMLedgerData,"ledgerHash: ""3\321\n7\354)\tf\006\357\205B<h\272GQ \344\262\236\025#\003\024&\310\034\352\376\326""; ledgerSeq: 0; type: liTS_CANDIDATE; nodes {;   nodedata: ""'\240~~s\033\202\356\320\307\177Nt\203\315\245\305\276b\265\310\271\3319\245:\342=c\267\265\233\002\003"";   nodeid: ""\000\000\000\000\000\000\000\000\000\000\000\000\000\000\000\000\000\000\000\000\000\000\000\000\000\000\000\000\000\000\000\000\000""; }; ","ledgerHash: ""3\321\n7\354)\tf\006\357\205B<h\272GQ \344\262\236\025#\003\024&\310\034\352\376\326""; ledgerSeq: 0; type: liTS_CANDIDATE; nodes {;   nodedata: ""'\240~~s\033\202\356\320\307\177Nt\203\315\245\305\276b\265\310\271\3319\245:\342=c\267\265\233\002\003"";   nodeid: ""\000\000\000\000\000\000\000\000\000\000\000\000\000\000\000\000\000\000\000\000\000\000\000\000\000\000\000\000\000\000\000\000\000""; }; "
1750527558655,1750527558656,2742,1,1,0,TMProposeSet,"proposeSeq: 0; currentTxHash: ""\000\000\000\000\000\000\000\000\000\000\000\000\000\000\000\000\000\000\000\000\000\000\000\000\000\000\000\000\000\000\000\000""; nodePubKey: ""\002\266\377\271\344:\030\221i\267\257\215\237M\014\3345f\014\273|\207\367\334\337F\325\004cxB\211L""; closeTime: 803842758; signature: ""0D\002 =<\370\013\n\2320b\241\240p\366\240r\022\211\236\371\253\317\215(\317\302\006\341\300\243jrlu\002 _\376](\274|\035\237\263\272%/LRkf\351_\004\221\327\214\244Als\215&S>""\303""; previousledger: ""R\025\022\007\244\215@M\364\034T\023\222\007\027\320_\265?\3005\223\241_\307(p\352\225\221\377m""; ","proposeSeq: 0; currentTxHash: ""\000\000\000\000\000\000\000\000\000\000\000\000\000\000\000\000\000\000\000\000\000\000\000\000\000\000\000\000\000\000\000\000""; nodePubKey: ""\002\266\377\271\344:\030\221i\267\257\215\237M\014\3345f\014\273|\207\367\334\337F\325\004cxB\211L""; closeTime: 803842758; signature: ""0D\002 =<\370\013\n\2320b\241\240p\366\240r\022\211\236\371\253\317\215(\317\302\006\341\300\243jrlu\002 _\376](\274|\035\237\263\272%/LRkf\351_\004\221\327\214\244Als\215&S>""\303""; previousledger: ""R\025\022\007\244\215@M\364\034T\023\222\007\027\320_\265?\3005\223\241_\307(p\352\225\221\377m""; "
1750527558656,1750527558656,438,1,1,4,TMProposeSet,"proposeSeq: 0; currentTxHash: ""\000\000\000\000\000\000\000\000\000\000\000\000\000\000\000\000\000\000\000\000\000\000\000\000\000\000\000\000\000\000\000\000""; nodePubKey: ""\002\266\377\271\344:\030\221i\267\257\215\237M\014\3345f\014\273|\207\367\334\337F\325\004cxB\211L""; closeTime: 803842758; signature: ""0D\002 =<\370\013\n\2320b\241\240p\366\240r\022\211\236\371\253\317\215(\317\302\006\341\300\243jrlu\002 _\376](\274|\035\237\263\272%/LRkf\351_\004\221\327\214\244Als\215&S>""\303""; previousledger: ""R\025\022\007\244\215@M\364\034T\023\222\007\027\320_\265?\3005\223\241_\307(p\352\225\221\377m""; ","proposeSeq: 0; currentTxHash: ""\000\000\000\000\000\000\000\000\000\000\000\000\000\000\000\000\000\000\000\000\000\000\000\000\000\000\000\000\000\000\000\000""; nodePubKey: ""\002\266\377\271\344:\030\221i\267\257\215\237M\014\3345f\014\273|\207\367\334\337F\325\004cxB\211L""; closeTime: 803842758; signature: ""0D\002 =<\370\013\n\2320b\241\240p\366\240r\022\211\236\371\253\317\215(\317\302\006\341\300\243jrlu\002 _\376](\274|\035\237\263\272%/LRkf\351_\004\221\327\214\244Als\215&S>""\303""; previousledger: ""R\025\022\007\244\215@M\364\034T\023\222\007\027\320_\265?\3005\223\241_\307(p\352\225\221\377m""; "
1750527558657,1750527558657,1394,1,1,2,TMProposeSet,"proposeSeq: 0; currentTxHash: ""\000\000\000\000\000\000\000\000\000\000\000\000\000\000\000\000\000\000\000\000\000\000\000\000\000\000\000\000\000\000\000\000""; nodePubKey: ""\002\266\377\271\344:\030\221i\267\257\215\237M\014\3345f\014\273|\207\367\334\337F\325\004cxB\211L""; closeTime: 803842758; signature: ""0D\002 =<\370\013\n\2320b\241\240p\366\240r\022\211\236\371\253\317\215(\317\302\006\341\300\243jrlu\002 _\376](\274|\035\237\263\272%/LRkf\351_\004\221\327\214\244Als\215&S>""\303""; previousledger: ""R\025\022\007\244\215@M\364\034T\023\222\007\027\320_\265?\3005\223\241_\307(p\352\225\221\377m""; ","proposeSeq: 0; currentTxHash: ""\000\000\000\000\000\000\000\000\000\000\000\000\000\000\000\000\000\000\000\000\000\000\000\000\000\000\000\000\000\000\000\000""; nodePubKey: ""\002\266\377\271\344:\030\221i\267\257\215\237M\014\3345f\014\273|\207\367\334\337F\325\004cxB\211L""; closeTime: 803842758; signature: ""0D\002 =<\370\013\n\2320b\241\240p\366\240r\022\211\236\371\253\317\215(\317\302\006\341\300\243jrlu\002 _\376](\274|\035\237\263\272%/LRkf\351_\004\221\327\214\244Als\215&S>""\303""; previousledger: ""R\025\022\007\244\215@M\364\034T\023\222\007\027\320_\265?\3005\223\241_\307(p\352\225\221\377m""; "
1750527558682,1750527558682,3299,1,1,3,TMProposeSet,"proposeSeq: 0; currentTxHash: ""\000\000\000\000\000\000\000\000\000\000\000\000\000\000\000\000\000\000\000\000\000\000\000\000\000\000\000\000\000\000\000\000""; nodePubKey: ""\002\266\377\271\344:\030\221i\267\257\215\237M\014\3345f\014\273|\207\367\334\337F\325\004cxB\211L""; closeTime: 803842758; signature: ""0D\002 =<\370\013\n\2320b\241\240p\366\240r\022\211\236\371\253\317\215(\317\302\006\341\300\243jrlu\002 _\376](\274|\035\237\263\272%/LRkf\351_\004\221\327\214\244Als\215&S>""\303""; previousledger: ""R\025\022\007\244\215@M\364\034T\023\222\007\027\320_\265?\3005\223\241_\307(p\352\225\221\377m""; ","proposeSeq: 0; currentTxHash: ""\000\000\000\000\000\000\000\000\000\000\000\000\000\000\000\000\000\000\000\000\000\000\000\000\000\000\000\000\000\000\000\000""; nodePubKey: ""\002\266\377\271\344:\030\221i\267\257\215\237M\014\3345f\014\273|\207\367\334\337F\325\004cxB\211L""; closeTime: 803842758; signature: ""0D\002 =<\370\013\n\2320b\241\240p\366\240r\022\211\236\371\253\317\215(\317\302\006\341\300\243jrlu\002 _\376](\274|\035\237\263\272%/LRkf\351_\004\221\327\214\244Als\215&S>""\303""; previousledger: ""R\025\022\007\244\215@M\364\034T\023\222\007\027\320_\265?\3005\223\241_\307(p\352\225\221\377m""; "
1750527558655,1750527558695,1961,1,1,4,TMStatusChange,"newEvent: neCLOSING_LEDGER; ledgerSeq: 8; ledgerHash: ""R\025\022\007\244\215@M\364\034T\023\222\007\027\320_\265?\3005\223\241_\307(p\352\225\221\377m""; ledgerHashPrevious: ""\326+\03569g\235`}\354\203s\003\217_Vf \233\324\237yU<\242:Zr\321\340\201]""; networkTime: 803842758; firstSeq: 1; lastSeq: 7; ","newEvent: neCLOSING_LEDGER; ledgerSeq: 8; ledgerHash: ""R\025\022\007\244\215@M\364\034T\023\222\007\027\320_\265?\3005\223\241_\307(p\352\225\221\377m""; ledgerHashPrevious: ""\326+\03569g\235`}\354\203s\003\217_Vf \233\324\237yU<\242:Zr\321\340\201]""; networkTime: 803842758; firstSeq: 1; lastSeq: 7; "
1750527558657,1750527558695,3625,1,1,0,TMStatusChange,"newEvent: neCLOSING_LEDGER; ledgerSeq: 8; ledgerHash: ""R\025\022\007\244\215@M\364\034T\023\222\007\027\320_\265?\3005\223\241_\307(p\352\225\221\377m""; ledgerHashPrevious: ""\326+\03569g\235`}\354\203s\003\217_Vf \233\324\237yU<\242:Zr\321\340\201]""; networkTime: 803842758; firstSeq: 1; lastSeq: 7; ","newEvent: neCLOSING_LEDGER; ledgerSeq: 8; ledgerHash: ""R\025\022\007\244\215@M\364\034T\023\222\007\027\320_\265?\3005\223\241_\307(p\352\225\221\377m""; ledgerHashPrevious: ""\326+\03569g\235`}\354\203s\003\217_Vf \233\324\237yU<\242:Zr\321\340\201]""; networkTime: 803842758; firstSeq: 1; lastSeq: 7; "
1750527558681,1750527558695,3322,1,1,3,TMStatusChange,"newEvent: neCLOSING_LEDGER; ledgerSeq: 8; ledgerHash: ""R\025\022\007\244\215@M\364\034T\023\222\007\027\320_\265?\3005\223\241_\307(p\352\225\221\377m""; ledgerHashPrevious: ""\326+\03569g\235`}\354\203s\003\217_Vf \233\324\237yU<\242:Zr\321\340\201]""; networkTime: 803842758; firstSeq: 1; lastSeq: 7; ","newEvent: neCLOSING_LEDGER; ledgerSeq: 8; ledgerHash: ""R\025\022\007\244\215@M\364\034T\023\222\007\027\320_\265?\3005\223\241_\307(p\352\225\221\377m""; ledgerHashPrevious: ""\326+\03569g\235`}\354\203s\003\217_Vf \233\324\237yU<\242:Zr\321\340\201]""; networkTime: 803842758; firstSeq: 1; lastSeq: 7; "
1750527558681,1750527558696,798,1,1,2,TMStatusChange,"newEvent: neCLOSING_LEDGER; ledgerSeq: 8; ledgerHash: ""R\025\022\007\244\215@M\364\034T\023\222\007\027\320_\265?\3005\223\241_\307(p\352\225\221\377m""; ledgerHashPrevious: ""\326+\03569g\235`}\354\203s\003\217_Vf \233\324\237yU<\242:Zr\321\340\201]""; networkTime: 803842758; firstSeq: 1; lastSeq: 7; ","newEvent: neCLOSING_LEDGER; ledgerSeq: 8; ledgerHash: ""R\025\022\007\244\215@M\364\034T\023\222\007\027\320_\265?\3005\223\241_\307(p\352\225\221\377m""; ledgerHashPrevious: ""\326+\03569g\235`}\354\203s\003\217_Vf \233\324\237yU<\242:Zr\321\340\201]""; networkTime: 803842758; firstSeq: 1; lastSeq: 7; "
1750527558779,1750527558779,1968,1,1,2,TMLedgerData,"ledgerHash: ""3\321\n7\354)\tf\006\357\205B<h\272GQ \344\262\236\025#\003\024&\310\034\352\376\326""; ledgerSeq: 0; type: liTS_CANDIDATE; nodes {;   nodedata: ""'\240~~s\033\202\356\320\307\177Nt\203\315\245\305\276b\265\310\271\3319\245:\342=c\267\265\233\002\003"";   nodeid: ""\000\000\000\000\000\000\000\000\000\000\000\000\000\000\000\000\000\000\000\000\000\000\000\000\000\000\000\000\000\000\000\000\000""; }; ","ledgerHash: ""3\321\n7\354)\tf\006\357\205B<h\272GQ \344\262\236\025#\003\024&\310\034\352\376\326""; ledgerSeq: 0; type: liTS_CANDIDATE; nodes {;   nodedata: ""'\240~~s\033\202\356\320\307\177Nt\203\315\245\305\276b\265\310\271\3319\245:\342=c\267\265\233\002\003"";   nodeid: ""\000\000\000\000\000\000\000\000\000\000\000\000\000\000\000\000\000\000\000\000\000\000\000\000\000\000\000\000\000\000\000\000\000""; }; "
1750527558906,1750527558906,1968,1,1,2,TMLedgerData,"ledgerHash: ""3\321\n7\354)\tf\006\357\205B<h\272GQ \344\262\236\025#\003\024&\310\034\352\376\326""; ledgerSeq: 0; type: liTS_CANDIDATE; nodes {;   nodedata: ""'\240~~s\033\202\356\320\307\177Nt\203\315\245\305\276b\265\310\271\3319\245:\342=c\267\265\233\002\003"";   nodeid: ""\000\000\000\000\000\000\000\000\000\000\000\000\000\000\000\000\000\000\000\000\000\000\000\000\000\000\000\000\000\000\000\000\000""; }; ","ledgerHash: ""3\321\n7\354)\tf\006\357\205B<h\272GQ \344\262\236\025#\003\024&\310\034\352\376\326""; ledgerSeq: 0; type: liTS_CANDIDATE; nodes {;   nodedata: ""'\240~~s\033\202\356\320\307\177Nt\203\315\245\305\276b\265\310\271\3319\245:\342=c\267\265\233\002\003"";   nodeid: ""\000\000\000\000\000\000\000\000\000\000\000\000\000\000\000\000\000\000\000\000\000\000\000\000\000\000\000\000\000\000\000\000\000""; }; "
1750527559180,1750527559180,1968,1,1,2,TMLedgerData,"ledgerHash: ""3\321\n7\354)\tf\006\357\205B<h\272GQ \344\262\236\025#\003\024&\310\034\352\376\326""; ledgerSeq: 0; type: liTS_CANDIDATE; nodes {;   nodedata: ""'\240~~s\033\202\356\320\307\177Nt\203\315\245\305\276b\265\310\271\3319\245:\342=c\267\265\233\002\003"";   nodeid: ""\000\000\000\000\000\000\000\000\000\000\000\000\000\000\000\000\000\000\000\000\000\000\000\000\000\000\000\000\000\000\000\000\000""; }; ","ledgerHash: ""3\321\n7\354)\tf\006\357\205B<h\272GQ \344\262\236\025#\003\024&\310\034\352\376\326""; ledgerSeq: 0; type: liTS_CANDIDATE; nodes {;   nodedata: ""'\240~~s\033\202\356\320\307\177Nt\203\315\245\305\276b\265\310\271\3319\245:\342=c\267\265\233\002\003"";   nodeid: ""\000\000\000\000\000\000\000\000\000\000\000\000\000\000\000\000\000\000\000\000\000\000\000\000\000\000\000\000\000\000\000\000\000""; }; "
1750527559530,1750527559530,1968,1,1,2,TMLedgerData,"ledgerHash: ""3\321\n7\354)\tf\006\357\205B<h\272GQ \344\262\236\025#\003\024&\310\034\352\376\326""; ledgerSeq: 0; type: liTS_CANDIDATE; nodes {;   nodedata: ""'\240~~s\033\202\356\320\307\177Nt\203\315\245\305\276b\265\310\271\3319\245:\342=c\267\265\233\002\003"";   nodeid: ""\000\000\000\000\000\000\000\000\000\000\000\000\000\000\000\000\000\000\000\000\000\000\000\000\000\000\000\000\000\000\000\000\000""; }; ","ledgerHash: ""3\321\n7\354)\tf\006\357\205B<h\272GQ \344\262\236\025#\003\024&\310\034\352\376\326""; ledgerSeq: 0; type: liTS_CANDIDATE; nodes {;   nodedata: ""'\240~~s\033\202\356\320\307\177Nt\203\315\245\305\276b\265\310\271\3319\245:\342=c\267\265\233\002\003"";   nodeid: ""\000\000\000\000\000\000\000\000\000\000\000\000\000\000\000\000\000\000\000\000\000\000\000\000\000\000\000\000\000\000\000\000\000""; }; "
1750527559654,1750527559654,1968,1,1,2,TMLedgerData,"ledgerHash: ""3\321\n7\354)\tf\006\357\205B<h\272GQ \344\262\236\025#\003\024&\310\034\352\376\326""; ledgerSeq: 0; type: liTS_CANDIDATE; nodes {;   nodedata: ""'\240~~s\033\202\356\320\307\177Nt\203\315\245\305\276b\265\310\271\3319\245:\342=c\267\265\233\002\003"";   nodeid: ""\000\000\000\000\000\000\000\000\000\000\000\000\000\000\000\000\000\000\000\000\000\000\000\000\000\000\000\000\000\000\000\000\000""; }; ","ledgerHash: ""3\321\n7\354)\tf\006\357\205B<h\272GQ \344\262\236\025#\003\024&\310\034\352\376\326""; ledgerSeq: 0; type: liTS_CANDIDATE; nodes {;   nodedata: ""'\240~~s\033\202\356\320\307\177Nt\203\315\245\305\276b\265\310\271\3319\245:\342=c\267\265\233\002\003"";   nodeid: ""\000\000\000\000\000\000\000\000\000\000\000\000\000\000\000\000\000\000\000\000\000\000\000\000\000\000\000\000\000\000\000\000\000""; }; "
1750527559805,1750527559805,3085,1,3,0,TMLedgerData,"ledgerHash: ""\326+\03569g\235`}\354\203s\003\217_Vf \233\324\237yU<\242:Zr\321\340\201]""; ledgerSeq: 7; type: liTX_NODE; nodes {;   nodedata: ""\274\022\000\000""\000\000\000\000$\000\000\000\005 \033\000\000\000\031a@\000\000\022\333\371\352\000h@\000\000\000\000\000\000\ns!\003K\250\201V\354\353\020.\253\242\026x\202\312\234\3314!'\021-D\001\225\355\256\367\361\211\2710ltF0D\002 9\312\273{!\334\315f\262\207h""M\334ieT\306\204<r\350)\356\340\326\356\337\355\371\201\257\002 2M\022\177y""\355\343\n\034\\246\024:\375\024\223\331[\216\234\345\010\v\300\313Bt\251\217,\201\024\3177\2633\3425H\2210g]\027\350~`\267{\247\373\332\203\024\237\311\327\222\336\304\221\216Q\027\001uf'%5\022:P\210\301] \034\000\000\000\000\370\345\021\000a%\000\000\000\005UGZ\227\022t\201\240u\2324P\027\307M\337'Y\361[IAD\351\374!\232\005\337\376\252\251gV@e&\014`#?\020s\314\3035_u\244\223G\263\322\035\357\201\363\033\220\333`\311\331n\373\360\346b@\000\000\027H\206*@\341\347""\000\000\000\000$\000\000\000\005-\000\000\000\000b@\000\000*$\200\024@\201\024\237\311\327\222\336\304\221\216Q\027\001uf'%5\022:P\210\341\341\345\021\000a%\000\000\000\005U\240\231\202k\030<\225\205;%\337\001\376d\216V\310\306k>\373\322\372\353b\3659\350\345\324F\026Vg\244\337\353\312\013\236hD\305E\177)\365\031\344}\231\342 ?\273\261,\263l\2443V5tR\346$\000\000\000\005b@\000\000\027H\206*@\341\347""\000\000\000\000$\000\000\000\006-\000\000\000\000b@\000\000\004l\214@6\201\024\3177\2633\3425H\2210g]\027\350~`\267{\247\373\332\341\341\361\003\020\000\256\322m\2146\221\305\341\316\031h?\276\005\207\253\236\tL;\371W\315\233X\345O\203\332\240\005\360\004"";   nodeid: ""\240\000\000\000\000\000\000\000\000\000\000\000\000\000\000\000\000\000\000\000\000\000\000\000\000\000\000\000\000\000\000\000\001""; }; ","ledgerHash: ""\326+\03569g\235`}\354\203s\003\217_Vf \233\324\237yU<\242:Zr\321\340\201]""; ledgerSeq: 7; type: liTX_NODE; nodes {;   nodedata: ""\274\022\000\000""\000\000\000\000$\000\000\000\005 \033\000\000\000\031a@\000\000\022\333\371\352\000h@\000\000\000\000\000\000\ns!\003K\250\201V\354\353\020.\253\242\026x\202\312\234\3314!'\021-D\001\225\355\256\367\361\211\2710ltF0D\002 9\312\273{!\334\315f\262\207h""M\334ieT\306\204<r\350)\356\340\326\356\337\355\371\201\257\002 2M\022\177y""\355\343\n\034\\246\024:\375\024\223\331[\216\234\345\010\v\300\313Bt\251\217,\201\024\3177\2633\3425H\2210g]\027\350~`\267{\247\373\332\203\024\237\311\327\222\336\304\221\216Q\027\001uf'%5\022:P\210\301] \034\000\000\000\000\370\345\021\000a%\000\000\000\005UGZ\227\022t\201\240u\2324P\027\307M\337'Y\361[IAD\351\374!\232\005\337\376\252\251gV@e&\014`#?\020s\314\3035_u\244\223G\263\322\035\357\201\363\033\220\333`\311\331n\373\360\346b@\000\000\027H\206*@\341\347""\000\000\000\000$\000\000\000\005-\000\000\000\000b@\000\000*$\200\024@\201\024\237\311\327\222\336\304\221\216Q\027\001uf'%5\022:P\210\341\341\345\021\000a%\000\000\000\005U\240\231\202k\030<\225\205;%\337\001\376d\216V\310\306k>\373\322\372\353b\3659\350\345\324F\026Vg\244\337\353\312\013\236hD\305E\177)\365\031\344}\231\342 ?\273\261,\263l\2443V5tR\346$\000\000\000\005b@\000\000\027H\206*@\341\347""\000\000\000\000$\000\000\000\006-\000\000\000\000b@\000\000\004l\214@6\201\024\3177\2633\3425H\2210g]\027\350~`\267{\247\373\332\341\341\361\003\020\000\256\322m\2146\221\305\341\316\031h?\276\005\207\253\236\tL;\371W\315\233X\345O\203\332\240\005\360\004"";   nodeid: ""\240\000\000\000\000\000\000\000\000\000\000\000\000\000\000\000\000\000\000\000\000\000\000\000\000\000\000\000\000\000\000\000\001""; }; "
1750527559907,1750527559907,1968,1,1,2,TMLedgerData,"ledgerHash: ""3\321\n7\354)\tf\006\357\205B<h\272GQ \344\262\236\025#\003\024&\310\034\352\376\326""; ledgerSeq: 0; type: liTS_CANDIDATE; nodes {;   nodedata: ""'\240~~s\033\202\356\320\307\177Nt\203\315\245\305\276b\265\310\271\3319\245:\342=c\267\265\233\002\003"";   nodeid: ""\000\000\000\000\000\000\000\000\000\000\000\000\000\000\000\000\000\000\000\000\000\000\000\000\000\000\000\000\000\000\000\000\000""; }; ","ledgerHash: ""3\321\n7\354)\tf\006\357\205B<h\272GQ \344\262\236\025#\003\024&\310\034\352\376\326""; ledgerSeq: 0; type: liTS_CANDIDATE; nodes {;   nodedata: ""'\240~~s\033\202\356\320\307\177Nt\203\315\245\305\276b\265\310\271\3319\245:\342=c\267\265\233\002\003"";   nodeid: ""\000\000\000\000\000\000\000\000\000\000\000\000\000\000\000\000\000\000\000\000\000\000\000\000\000\000\000\000\000\000\000\000\000""; }; "
1750527560419,1750527560419,3787,1,3,2,TMProposeSet,"proposeSeq: 0; currentTxHash: ""\000\000\000\000\000\000\000\000\000\000\000\000\000\000\000\000\000\000\000\000\000\000\000\000\000\000\000\000\000\000\000\000""; nodePubKey: ""\002\364d\217\366\217|\316F\232\231\241\n\261\333`\312O\367\235\025DD\336e\367\n\312\326\221\037\025\230""; closeTime: 803842760; signature: ""0E\002!\000\260\300|{\212\032=Kcz~/\314>i\323\337#\260\t\026QC\277\344<\2443\324\343A\250\002 U\311\363\033\236\254\016[ \207\316\027oi[\326\033\024Q\305\021\234\017]\206\343L\213\275sK\317""; previousledger: ""\033@\177e\277\016\010u\327\371&\262\312\317Q\2361t\377x\234\001v\003%\030\325_\225g\204\346""; ","proposeSeq: 0; currentTxHash: ""\000\000\000\000\000\000\000\000\000\000\000\000\000\000\000\000\000\000\000\000\000\000\000\000\000\000\000\000\000\000\000\000""; nodePubKey: ""\002\364d\217\366\217|\316F\232\231\241\n\261\333`\312O\367\235\025DD\336e\367\n\312\326\221\037\025\230""; closeTime: 803842760; signature: ""0E\002!\000\260\300|{\212\032=Kcz~/\314>i\323\337#\260\t\026QC\277\344<\2443\324\343A\250\002 U\311\363\033\236\254\016[ \207\316\027oi[\326\033\024Q\305\021\234\017]\206\343L\213\275sK\317""; previousledger: ""\033@\177e\277\016\010u\327\371&\262\312\317Q\2361t\377x\234\001v\003%\030\325_\225g\204\346""; "
1750527560420,1750527560420,3830,1,3,1,TMProposeSet,"proposeSeq: 0; currentTxHash: ""\000\000\000\000\000\000\000\000\000\000\000\000\000\000\000\000\000\000\000\000\000\000\000\000\000\000\000\000\000\000\000\000""; nodePubKey: ""\002\364d\217\366\217|\316F\232\231\241\n\261\333`\312O\367\235\025DD\336e\367\n\312\326\221\037\025\230""; closeTime: 803842760; signature: ""0E\002!\000\260\300|{\212\032=Kcz~/\314>i\323\337#\260\t\026QC\277\344<\2443\324\343A\250\002 U\311\363\033\236\254\016[ \207\316\027oi[\326\033\024Q\305\021\234\017]\206\343L\213\275sK\317""; previousledger: ""\033@\177e\277\016\010u\327\371&\262\312\317Q\2361t\377x\234\001v\003%\030\325_\225g\204\346""; ","proposeSeq: 0; currentTxHash: ""\000\000\000\000\000\000\000\000\000\000\000\000\000\000\000\000\000\000\000\000\000\000\000\000\000\000\000\000\000\000\000\000""; nodePubKey: ""\002\364d\217\366\217|\316F\232\231\241\n\261\333`\312O\367\235\025DD\336e\367\n\312\326\221\037\025\230""; closeTime: 803842760; signature: ""0E\002!\000\260\300|{\212\032=Kcz~/\314>i\323\337#\260\t\026QC\277\344<\2443\324\343A\250\002 U\311\363\033\236\254\016[ \207\316\027oi[\326\033\024Q\305\021\234\017]\206\343L\213\275sK\317""; previousledger: ""\033@\177e\277\016\010u\327\371&\262\312\317Q\2361t\377x\234\001v\003%\030\325_\225g\204\346""; "
1750527560419,1750527560419,1272,1,3,4,TMProposeSet,"proposeSeq: 0; currentTxHash: ""\000\000\000\000\000\000\000\000\000\000\000\000\000\000\000\000\000\000\000\000\000\000\000\000\000\000\000\000\000\000\000\000""; nodePubKey: ""\002\364d\217\366\217|\316F\232\231\241\n\261\333`\312O\367\235\025DD\336e\367\n\312\326\221\037\025\230""; closeTime: 803842760; signature: ""0E\002!\000\260\300|{\212\032=Kcz~/\314>i\323\337#\260\t\026QC\277\344<\2443\324\343A\250\002 U\311\363\033\236\254\016[ \207\316\027oi[\326\033\024Q\305\021\234\017]\206\343L\213\275sK\317""; previousledger: ""\033@\177e\277\016\010u\327\371&\262\312\317Q\2361t\377x\234\001v\003%\030\325_\225g\204\346""; ","proposeSeq: 0; currentTxHash: ""\000\000\000\000\000\000\000\000\000\000\000\000\000\000\000\000\000\000\000\000\000\000\000\000\000\000\000\000\000\000\000\000""; nodePubKey: ""\002\364d\217\366\217|\316F\232\231\241\n\261\333`\312O\367\235\025DD\336e\367\n\312\326\221\037\025\230""; closeTime: 803842760; signature: ""0E\002!\000\260\300|{\212\032=Kcz~/\314>i\323\337#\260\t\026QC\277\344<\2443\324\343A\250\002 U\311\363\033\236\254\016[ \207\316\027oi[\326\033\024Q\305\021\234\017]\206\343L\213\275sK\317""; previousledger: ""\033@\177e\277\016\010u\327\371&\262\312\317Q\2361t\377x\234\001v\003%\030\325_\225g\204\346""; "
1750527560422,1750527560422,2201,1,3,0,TMProposeSet,"proposeSeq: 0; currentTxHash: ""\000\000\000\000\000\000\000\000\000\000\000\000\000\000\000\000\000\000\000\000\000\000\000\000\000\000\000\000\000\000\000\000""; nodePubKey: ""\002\364d\217\366\217|\316F\232\231\241\n\261\333`\312O\367\235\025DD\336e\367\n\312\326\221\037\025\230""; closeTime: 803842760; signature: ""0E\002!\000\260\300|{\212\032=Kcz~/\314>i\323\337#\260\t\026QC\277\344<\2443\324\343A\250\002 U\311\363\033\236\254\016[ \207\316\027oi[\326\033\024Q\305\021\234\017]\206\343L\213\275sK\317""; previousledger: ""\033@\177e\277\016\010u\327\371&\262\312\317Q\2361t\377x\234\001v\003%\030\325_\225g\204\346""; ","proposeSeq: 0; currentTxHash: ""\000\000\000\000\000\000\000\000\000\000\000\000\000\000\000\000\000\000\000\000\000\000\000\000\000\000\000\000\000\000\000\000""; nodePubKey: ""\002\364d\217\366\217|\316F\232\231\241\n\261\333`\312O\367\235\025DD\336e\367\n\312\326\221\037\025\230""; closeTime: 803842760; signature: ""0E\002!\000\260\300|{\212\032=Kcz~/\314>i\323\337#\260\t\026QC\277\344<\2443\324\343A\250\002 U\311\363\033\236\254\016[ \207\316\027oi[\326\033\024Q\305\021\234\017]\206\343L\213\275sK\317""; previousledger: ""\033@\177e\277\016\010u\327\371&\262\312\317Q\2361t\377x\234\001v\003%\030\325_\225g\204\346""; "
1750527560419,1750527560457,3432,1,3,2,TMStatusChange,"newEvent: neCLOSING_LEDGER; ledgerSeq: 7; ledgerHash: ""\033@\177e\277\016\010u\327\371&\262\312\317Q\2361t\377x\234\001v\003%\030\325_\225g\204\346""; ledgerHashPrevious: ""\360\215\2502\265\245\310\226\243c\302Ze\306\253#r\020\211\320iG\276\020E\317\035Sf\223F\254""; networkTime: 803842760; firstSeq: 1; lastSeq: 7; ","newEvent: neCLOSING_LEDGER; ledgerSeq: 7; ledgerHash: ""\033@\177e\277\016\010u\327\371&\262\312\317Q\2361t\377x\234\001v\003%\030\325_\225g\204\346""; ledgerHashPrevious: ""\360\215\2502\265\245\310\226\243c\302Ze\306\253#r\020\211\320iG\276\020E\317\035Sf\223F\254""; networkTime: 803842760; firstSeq: 1; lastSeq: 7; "
1750527560420,1750527560457,598,1,3,4,TMStatusChange,"newEvent: neCLOSING_LEDGER; ledgerSeq: 7; ledgerHash: ""\033@\177e\277\016\010u\327\371&\262\312\317Q\2361t\377x\234\001v\003%\030\325_\225g\204\346""; ledgerHashPrevious: ""\360\215\2502\265\245\310\226\243c\302Ze\306\253#r\020\211\320iG\276\020E\317\035Sf\223F\254""; networkTime: 803842760; firstSeq: 1; lastSeq: 7; ","newEvent: neCLOSING_LEDGER; ledgerSeq: 7; ledgerHash: ""\033@\177e\277\016\010u\327\371&\262\312\317Q\2361t\377x\234\001v\003%\030\325_\225g\204\346""; ledgerHashPrevious: ""\360\215\2502\265\245\310\226\243c\302Ze\306\253#r\020\211\320iG\276\020E\317\035Sf\223F\254""; networkTime: 803842760; firstSeq: 1; lastSeq: 7; "
1750527560421,1750527560457,1571,1,3,1,TMStatusChange,"newEvent: neCLOSING_LEDGER; ledgerSeq: 7; ledgerHash: ""\033@\177e\277\016\010u\327\371&\262\312\317Q\2361t\377x\234\001v\003%\030\325_\225g\204\346""; ledgerHashPrevious: ""\360\215\2502\265\245\310\226\243c\302Ze\306\253#r\020\211\320iG\276\020E\317\035Sf\223F\254""; networkTime: 803842760; firstSeq: 1; lastSeq: 7; ","newEvent: neCLOSING_LEDGER; ledgerSeq: 7; ledgerHash: ""\033@\177e\277\016\010u\327\371&\262\312\317Q\2361t\377x\234\001v\003%\030\325_\225g\204\346""; ledgerHashPrevious: ""\360\215\2502\265\245\310\226\243c\302Ze\306\253#r\020\211\320iG\276\020E\317\035Sf\223F\254""; networkTime: 803842760; firstSeq: 1; lastSeq: 7; "
1750527560422,1750527560458,3991,1,3,0,TMStatusChange,"newEvent: neCLOSING_LEDGER; ledgerSeq: 7; ledgerHash: ""\033@\177e\277\016\010u\327\371&\262\312\317Q\2361t\377x\234\001v\003%\030\325_\225g\204\346""; ledgerHashPrevious: ""\360\215\2502\265\245\310\226\243c\302Ze\306\253#r\020\211\320iG\276\020E\317\035Sf\223F\254""; networkTime: 803842760; firstSeq: 1; lastSeq: 7; ","newEvent: neCLOSING_LEDGER; ledgerSeq: 7; ledgerHash: ""\033@\177e\277\016\010u\327\371&\262\312\317Q\2361t\377x\234\001v\003%\030\325_\225g\204\346""; ledgerHashPrevious: ""\360\215\2502\265\245\310\226\243c\302Ze\306\253#r\020\211\320iG\276\020E\317\035Sf\223F\254""; networkTime: 803842760; firstSeq: 1; lastSeq: 7; "
1750527560566,1750527560566,371,1,4,3,TMProposeSet,"proposeSeq: 0; currentTxHash: ""\000\000\000\000\000\000\000\000\000\000\000\000\000\000\000\000\000\000\000\000\000\000\000\000\000\000\000\000\000\000\000\000""; nodePubKey: ""\003R7o\362bV\300hf\266\241;}\200^\374\240\203[:\342Q\225\221\027y\372\255\235\216\323~""; closeTime: 803842760; signature: ""0D\002 t\211\r\001{a\324\255\303)\316+\247\325\232\315\372to[\336O)\335\016e\323K\231D""U\002 \025\307\222\3760br\362?\250\330\362\3045~\207V\273B\017!\226\367\026y\234\264A\034N/\007""; previousledger: ""\033@\177e\277\016\010u\327\371&\262\312\317Q\2361t\377x\234\001v\003%\030\325_\225g\204\346""; ","proposeSeq: 0; currentTxHash: ""\000\000\000\000\000\000\000\000\000\000\000\000\000\000\000\000\000\000\000\000\000\000\000\000\000\000\000\000\000\000\000\000""; nodePubKey: ""\003R7o\362bV\300hf\266\241;}\200^\374\240\203[:\342Q\225\221\027y\372\255\235\216\323~""; closeTime: 803842760; signature: ""0D\002 t\211\r\001{a\324\255\303)\316+\247\325\232\315\372to[\336O)\335\016e\323K\231D""U\002 \025\307\222\3760br\362?\250\330\362\3045~\207V\273B\017!\226\367\026y\234\264A\034N/\007""; previousledger: ""\033@\177e\277\016\010u\327\371&\262\312\317Q\2361t\377x\234\001v\003%\030\325_\225g\204\346""; "
1750527560566,1750527560566,2455,1,4,1,TMProposeSet,"proposeSeq: 0; currentTxHash: ""\000\000\000\000\000\000\000\000\000\000\000\000\000\000\000\000\000\000\000\000\000\000\000\000\000\000\000\000\000\000\000\000""; nodePubKey: ""\003R7o\362bV\300hf\266\241;}\200^\374\240\203[:\342Q\225\221\027y\372\255\235\216\323~""; closeTime: 803842760; signature: ""0D\002 t\211\r\001{a\324\255\303)\316+\247\325\232\315\372to[\336O)\335\016e\323K\231D""U\002 \025\307\222\3760br\362?\250\330\362\3045~\207V\273B\017!\226\367\026y\234\264A\034N/\007""; previousledger: ""\033@\177e\277\016\010u\327\371&\262\312\317Q\2361t\377x\234\001v\003%\030\325_\225g\204\346""; ","proposeSeq: 0; currentTxHash: ""\000\000\000\000\000\000\000\000\000\000\000\000\000\000\000\000\000\000\000\000\000\000\000\000\000\000\000\000\000\000\000\000""; nodePubKey: ""\003R7o\362bV\300hf\266\241;}\200^\374\240\203[:\342Q\225\221\027y\372\255\235\216\323~""; closeTime: 803842760; signature: ""0D\002 t\211\r\001{a\324\255\303)\316+\247\325\232\315\372to[\336O)\335\016e\323K\231D""U\002 \025\307\222\3760br\362?\250\330\362\3045~\207V\273B\017!\226\367\026y\234\264A\034N/\007""; previousledger: ""\033@\177e\277\016\010u\327\371&\262\312\317Q\2361t\377x\234\001v\003%\030\325_\225g\204\346""; "
1750527560567,1750527560567,2972,1,4,0,TMProposeSet,"proposeSeq: 0; currentTxHash: ""\000\000\000\000\000\000\000\000\000\000\000\000\000\000\000\000\000\000\000\000\000\000\000\000\000\000\000\000\000\000\000\000""; nodePubKey: ""\003R7o\362bV\300hf\266\241;}\200^\374\240\203[:\342Q\225\221\027y\372\255\235\216\323~""; closeTime: 803842760; signature: ""0D\002 t\211\r\001{a\324\255\303)\316+\247\325\232\315\372to[\336O)\335\016e\323K\231D""U\002 \025\307\222\3760br\362?\250\330\362\3045~\207V\273B\017!\226\367\026y\234\264A\034N/\007""; previousledger: ""\033@\177e\277\016\010u\327\371&\262\312\317Q\2361t\377x\234\001v\003%\030\325_\225g\204\346""; ","proposeSeq: 0; currentTxHash: ""\000\000\000\000\000\000\000\000\000\000\000\000\000\000\000\000\000\000\000\000\000\000\000\000\000\000\000\000\000\000\000\000""; nodePubKey: ""\003R7o\362bV\300hf\266\241;}\200^\374\240\203[:\342Q\225\221\027y\372\255\235\216\323~""; closeTime: 803842760; signature: ""0D\002 t\211\r\001{a\324\255\303)\316+\247\325\232\315\372to[\336O)\335\016e\323K\231D""U\002 \025\307\222\3760br\362?\250\330\362\3045~\207V\273B\017!\226\367\026y\234\264A\034N/\007""; previousledger: ""\033@\177e\277\016\010u\327\371&\262\312\317Q\2361t\377x\234\001v\003%\030\325_\225g\204\346""; "
1750527560567,1750527560568,2441,1,4,2,TMProposeSet,"proposeSeq: 0; currentTxHash: ""\000\000\000\000\000\000\000\000\000\000\000\000\000\000\000\000\000\000\000\000\000\000\000\000\000\000\000\000\000\000\000\000""; nodePubKey: ""\003R7o\362bV\300hf\266\241;}\200^\374\240\203[:\342Q\225\221\027y\372\255\235\216\323~""; closeTime: 803842760; signature: ""0D\002 t\211\r\001{a\324\255\303)\316+\247\325\232\315\372to[\336O)\335\016e\323K\231D""U\002 \025\307\222\3760br\362?\250\330\362\3045~\207V\273B\017!\226\367\026y\234\264A\034N/\007""; previousledger: ""\033@\177e\277\016\010u\327\371&\262\312\317Q\2361t\377x\234\001v\003%\030\325_\225g\204\346""; ","proposeSeq: 0; currentTxHash: ""\000\000\000\000\000\000\000\000\000\000\000\000\000\000\000\000\000\000\000\000\000\000\000\000\000\000\000\000\000\000\000\000""; nodePubKey: ""\003R7o\362bV\300hf\266\241;}\200^\374\240\203[:\342Q\225\221\027y\372\255\235\216\323~""; closeTime: 803842760; signature: ""0D\002 t\211\r\001{a\324\255\303)\316+\247\325\232\315\372to[\336O)\335\016e\323K\231D""U\002 \025\307\222\3760br\362?\250\330\362\3045~\207V\273B\017!\226\367\026y\234\264A\034N/\007""; previousledger: ""\033@\177e\277\016\010u\327\371&\262\312\317Q\2361t\377x\234\001v\003%\030\325_\225g\204\346""; "
1750527560564,1750527560622,3403,1,4,3,TMStatusChange,"newEvent: neCLOSING_LEDGER; ledgerSeq: 7; ledgerHash: ""\033@\177e\277\016\010u\327\371&\262\312\317Q\2361t\377x\234\001v\003%\030\325_\225g\204\346""; ledgerHashPrevious: ""\360\215\2502\265\245\310\226\243c\302Ze\306\253#r\020\211\320iG\276\020E\317\035Sf\223F\254""; networkTime: 803842760; firstSeq: 1; lastSeq: 7; ","newEvent: neCLOSING_LEDGER; ledgerSeq: 7; ledgerHash: ""\033@\177e\277\016\010u\327\371&\262\312\317Q\2361t\377x\234\001v\003%\030\325_\225g\204\346""; ledgerHashPrevious: ""\360\215\2502\265\245\310\226\243c\302Ze\306\253#r\020\211\320iG\276\020E\317\035Sf\223F\254""; networkTime: 803842760; firstSeq: 1; lastSeq: 7; "
1750527560566,1750527560622,803,1,4,1,TMStatusChange,"newEvent: neCLOSING_LEDGER; ledgerSeq: 7; ledgerHash: ""\033@\177e\277\016\010u\327\371&\262\312\317Q\2361t\377x\234\001v\003%\030\325_\225g\204\346""; ledgerHashPrevious: ""\360\215\2502\265\245\310\226\243c\302Ze\306\253#r\020\211\320iG\276\020E\317\035Sf\223F\254""; networkTime: 803842760; firstSeq: 1; lastSeq: 7; ","newEvent: neCLOSING_LEDGER; ledgerSeq: 7; ledgerHash: ""\033@\177e\277\016\010u\327\371&\262\312\317Q\2361t\377x\234\001v\003%\030\325_\225g\204\346""; ledgerHashPrevious: ""\360\215\2502\265\245\310\226\243c\302Ze\306\253#r\020\211\320iG\276\020E\317\035Sf\223F\254""; networkTime: 803842760; firstSeq: 1; lastSeq: 7; "
1750527560567,1750527560625,832,1,4,0,TMStatusChange,"newEvent: neCLOSING_LEDGER; ledgerSeq: 7; ledgerHash: ""\033@\177e\277\016\010u\327\371&\262\312\317Q\2361t\377x\234\001v\003%\030\325_\225g\204\346""; ledgerHashPrevious: ""\360\215\2502\265\245\310\226\243c\302Ze\306\253#r\020\211\320iG\276\020E\317\035Sf\223F\254""; networkTime: 803842760; firstSeq: 1; lastSeq: 7; ","newEvent: neCLOSING_LEDGER; ledgerSeq: 7; ledgerHash: ""\033@\177e\277\016\010u\327\371&\262\312\317Q\2361t\377x\234\001v\003%\030\325_\225g\204\346""; ledgerHashPrevious: ""\360\215\2502\265\245\310\226\243c\302Ze\306\253#r\020\211\320iG\276\020E\317\035Sf\223F\254""; networkTime: 803842760; firstSeq: 1; lastSeq: 7; "
1750527560567,1750527560626,3346,1,4,2,TMStatusChange,"newEvent: neCLOSING_LEDGER; ledgerSeq: 7; ledgerHash: ""\033@\177e\277\016\010u\327\371&\262\312\317Q\2361t\377x\234\001v\003%\030\325_\225g\204\346""; ledgerHashPrevious: ""\360\215\2502\265\245\310\226\243c\302Ze\306\253#r\020\211\320iG\276\020E\317\035Sf\223F\254""; networkTime: 803842760; firstSeq: 1; lastSeq: 7; ","newEvent: neCLOSING_LEDGER; ledgerSeq: 7; ledgerHash: ""\033@\177e\277\016\010u\327\371&\262\312\317Q\2361t\377x\234\001v\003%\030\325_\225g\204\346""; ledgerHashPrevious: ""\360\215\2502\265\245\310\226\243c\302Ze\306\253#r\020\211\320iG\276\020E\317\035Sf\223F\254""; networkTime: 803842760; firstSeq: 1; lastSeq: 7; "
1750527560937,1750527560937,3787,1,3,2,TMProposeSet,"proposeSeq: 0; currentTxHash: ""\000\000\000\000\000\000\000\000\000\000\000\000\000\000\000\000\000\000\000\000\000\000\000\000\000\000\000\000\000\000\000\000""; nodePubKey: ""\003R7o\362bV\300hf\266\241;}\200^\374\240\203[:\342Q\225\221\027y\372\255\235\216\323~""; closeTime: 803842760; signature: ""0D\002 t\211\r\001{a\324\255\303)\316+\247\325\232\315\372to[\336O)\335\016e\323K\231D""U\002 \025\307\222\3760br\362?\250\330\362\3045~\207V\273B\017!\226\367\026y\234\264A\034N/\007""; previousledger: ""\033@\177e\277\016\010u\327\371&\262\312\317Q\2361t\377x\234\001v\003%\030\325_\225g\204\346""; ","proposeSeq: 0; currentTxHash: ""\000\000\000\000\000\000\000\000\000\000\000\000\000\000\000\000\000\000\000\000\000\000\000\000\000\000\000\000\000\000\000\000""; nodePubKey: ""\003R7o\362bV\300hf\266\241;}\200^\374\240\203[:\342Q\225\221\027y\372\255\235\216\323~""; closeTime: 803842760; signature: ""0D\002 t\211\r\001{a\324\255\303)\316+\247\325\232\315\372to[\336O)\335\016e\323K\231D""U\002 \025\307\222\3760br\362?\250\330\362\3045~\207V\273B\017!\226\367\026y\234\264A\034N/\007""; previousledger: ""\033@\177e\277\016\010u\327\371&\262\312\317Q\2361t\377x\234\001v\003%\030\325_\225g\204\346""; "
1750527560938,1750527560938,3830,1,3,1,TMProposeSet,"proposeSeq: 0; currentTxHash: ""\000\000\000\000\000\000\000\000\000\000\000\000\000\000\000\000\000\000\000\000\000\000\000\000\000\000\000\000\000\000\000\000""; nodePubKey: ""\003R7o\362bV\300hf\266\241;}\200^\374\240\203[:\342Q\225\221\027y\372\255\235\216\323~""; closeTime: 803842760; signature: ""0D\002 t\211\r\001{a\324\255\303)\316+\247\325\232\315\372to[\336O)\335\016e\323K\231D""U\002 \025\307\222\3760br\362?\250\330\362\3045~\207V\273B\017!\226\367\026y\234\264A\034N/\007""; previousledger: ""\033@\177e\277\016\010u\327\371&\262\312\317Q\2361t\377x\234\001v\003%\030\325_\225g\204\346""; ","proposeSeq: 0; currentTxHash: ""\000\000\000\000\000\000\000\000\000\000\000\000\000\000\000\000\000\000\000\000\000\000\000\000\000\000\000\000\000\000\000\000""; nodePubKey: ""\003R7o\362bV\300hf\266\241;}\200^\374\240\203[:\342Q\225\221\027y\372\255\235\216\323~""; closeTime: 803842760; signature: ""0D\002 t\211\r\001{a\324\255\303)\316+\247\325\232\315\372to[\336O)\335\016e\323K\231D""U\002 \025\307\222\3760br\362?\250\330\362\3045~\207V\273B\017!\226\367\026y\234\264A\034N/\007""; previousledger: ""\033@\177e\277\016\010u\327\371&\262\312\317Q\2361t\377x\234\001v\003%\030\325_\225g\204\346""; "
1750527560938,1750527560939,2201,1,3,0,TMProposeSet,"proposeSeq: 0; currentTxHash: ""\000\000\000\000\000\000\000\000\000\000\000\000\000\000\000\000\000\000\000\000\000\000\000\000\000\000\000\000\000\000\000\000""; nodePubKey: ""\003R7o\362bV\300hf\266\241;}\200^\374\240\203[:\342Q\225\221\027y\372\255\235\216\323~""; closeTime: 803842760; signature: ""0D\002 t\211\r\001{a\324\255\303)\316+\247\325\232\315\372to[\336O)\335\016e\323K\231D""U\002 \025\307\222\3760br\362?\250\330\362\3045~\207V\273B\017!\226\367\026y\234\264A\034N/\007""; previousledger: ""\033@\177e\277\016\010u\327\371&\262\312\317Q\2361t\377x\234\001v\003%\030\325_\225g\204\346""; ","proposeSeq: 0; currentTxHash: ""\000\000\000\000\000\000\000\000\000\000\000\000\000\000\000\000\000\000\000\000\000\000\000\000\000\000\000\000\000\000\000\000""; nodePubKey: ""\003R7o\362bV\300hf\266\241;}\200^\374\240\203[:\342Q\225\221\027y\372\255\235\216\323~""; closeTime: 803842760; signature: ""0D\002 t\211\r\001{a\324\255\303)\316+\247\325\232\315\372to[\336O)\335\016e\323K\231D""U\002 \025\307\222\3760br\362?\250\330\362\3045~\207V\273B\017!\226\367\026y\234\264A\034N/\007""; previousledger: ""\033@\177e\277\016\010u\327\371&\262\312\317Q\2361t\377x\234\001v\003%\030\325_\225g\204\346""; "
1750527561037,1750527561037,0,1,0,1,TMPing,type: ptPING; seq: 400832218; ,type: ptPING; seq: 400832218; 
1750527561038,1750527561038,0,1,1,0,TMPing,type: ptPONG; seq: 400832218; ,type: ptPONG; seq: 400832218; 
1750527561085,1750527561085,0,1,1,0,TMPing,type: ptPING; seq: 3116314612; ,type: ptPING; seq: 3116314612; 
1750527561086,1750527561086,0,1,0,1,TMPing,type: ptPONG; seq: 3116314612; ,type: ptPONG; seq: 3116314612; 
1750527561131,1750527561131,0,1,0,2,TMPing,type: ptPING; seq: 1901448203; ,type: ptPING; seq: 1901448203; 
1750527561132,1750527561132,0,1,2,0,TMPing,type: ptPONG; seq: 1901448203; ,type: ptPONG; seq: 1901448203; 
1750527561182,1750527561182,0,1,2,0,TMPing,type: ptPING; seq: 1391246738; ,type: ptPING; seq: 1391246738; 
1750527561183,1750527561183,0,1,0,2,TMPing,type: ptPONG; seq: 1391246738; ,type: ptPONG; seq: 1391246738; 
1750527561235,1750527561235,0,1,0,3,TMPing,type: ptPING; seq: 2107821533; ,type: ptPING; seq: 2107821533; 
1750527561236,1750527561236,0,1,3,0,TMPing,type: ptPONG; seq: 2107821533; ,type: ptPONG; seq: 2107821533; 
1750527561283,1750527561284,0,1,3,0,TMPing,type: ptPING; seq: 1842915208; ,type: ptPING; seq: 1842915208; 
1750527561285,1750527561285,0,1,0,3,TMPing,type: ptPONG; seq: 1842915208; ,type: ptPONG; seq: 1842915208; 
1750527561331,1750527561331,0,1,0,4,TMPing,type: ptPING; seq: 3218588611; ,type: ptPING; seq: 3218588611; 
1750527561332,1750527561332,0,1,4,0,TMPing,type: ptPONG; seq: 3218588611; ,type: ptPONG; seq: 3218588611; 
1750527561380,1750527561380,0,1,4,0,TMPing,type: ptPING; seq: 3042832445; ,type: ptPING; seq: 3042832445; 
1750527561381,1750527561381,0,1,0,4,TMPing,type: ptPONG; seq: 3042832445; ,type: ptPONG; seq: 3042832445; 
1750527561431,1750527561431,0,1,1,2,TMPing,type: ptPING; seq: 3806022066; ,type: ptPING; seq: 3806022066; 
1750527561434,1750527561434,0,1,2,1,TMPing,type: ptPONG; seq: 3806022066; ,type: ptPONG; seq: 3806022066; 
1750527561476,1750527561476,0,1,2,1,TMPing,type: ptPING; seq: 466472298; ,type: ptPING; seq: 466472298; 
1750527561477,1750527561477,0,1,1,2,TMPing,type: ptPONG; seq: 466472298; ,type: ptPONG; seq: 466472298; 
1750527561481,1750527561481,0,1,1,3,TMPing,type: ptPING; seq: 4019242626; ,type: ptPING; seq: 4019242626; 
1750527561482,1750527561482,0,1,3,1,TMPing,type: ptPONG; seq: 4019242626; ,type: ptPONG; seq: 4019242626; 
1750527561526,1750527561526,0,1,3,1,TMPing,type: ptPING; seq: 3019278587; ,type: ptPING; seq: 3019278587; 
1750527561527,1750527561528,0,1,1,3,TMPing,type: ptPONG; seq: 3019278587; ,type: ptPONG; seq: 3019278587; 
1750527561571,1750527561571,0,1,1,4,TMPing,type: ptPING; seq: 1779818588; ,type: ptPING; seq: 1779818588; 
1750527561572,1750527561572,0,1,4,1,TMPing,type: ptPONG; seq: 1779818588; ,type: ptPONG; seq: 1779818588; 
1750527561618,1750527561618,0,1,4,1,TMPing,type: ptPING; seq: 1047957198; ,type: ptPING; seq: 1047957198; 
1750527561619,1750527561619,0,1,1,4,TMPing,type: ptPONG; seq: 1047957198; ,type: ptPONG; seq: 1047957198; 
1750527561669,1750527561669,0,1,2,3,TMPing,type: ptPING; seq: 2007638915; ,type: ptPING; seq: 2007638915; 
1750527561670,1750527561670,0,1,3,2,TMPing,type: ptPONG; seq: 2007638915; ,type: ptPONG; seq: 2007638915; 
1750527561692,1750527561693,2441,1,4,2,TMProposeSet,"proposeSeq: 0; currentTxHash: ""\000\000\000\000\000\000\000\000\000\000\000\000\000\000\000\000\000\000\000\000\000\000\000\000\000\000\000\000\000\000\000\000""; nodePubKey: ""\002\364d\217\366\217|\316F\232\231\241\n\261\333`\312O\367\235\025DD\336e\367\n\312\326\221\037\025\230""; closeTime: 803842760; signature: ""0E\002!\000\260\300|{\212\032=Kcz~/\314>i\323\337#\260\t\026QC\277\344<\2443\324\343A\250\002 U\311\363\033\236\254\016[ \207\316\027oi[\326\033\024Q\305\021\234\017]\206\343L\213\275sK\317""; previousledger: ""\033@\177e\277\016\010u\327\371&\262\312\317Q\2361t\377x\234\001v\003%\030\325_\225g\204\346""; ","proposeSeq: 0; currentTxHash: ""\000\000\000\000\000\000\000\000\000\000\000\000\000\000\000\000\000\000\000\000\000\000\000\000\000\000\000\000\000\000\000\000""; nodePubKey: ""\002\364d\217\366\217|\316F\232\231\241\n\261\333`\312O\367\235\025DD\336e\367\n\312\326\221\037\025\230""; closeTime: 803842760; signature: ""0E\002!\000\260\300|{\212\032=Kcz~/\314>i\323\337#\260\t\026QC\277\344<\2443\324\343A\250\002 U\311\363\033\236\254\016[ \207\316\027oi[\326\033\024Q\305\021\234\017]\206\343L\213\275sK\317""; previousledger: ""\033@\177e\277\016\010u\327\371&\262\312\317Q\2361t\377x\234\001v\003%\030\325_\225g\204\346""; "
1750527561693,1750527561693,2455,1,4,1,TMProposeSet,"proposeSeq: 0; currentTxHash: ""\000\000\000\000\000\000\000\000\000\000\000\000\000\000\000\000\000\000\000\000\000\000\000\000\000\000\000\000\000\000\000\000""; nodePubKey: ""\002\364d\217\366\217|\316F\232\231\241\n\261\333`\312O\367\235\025DD\336e\367\n\312\326\221\037\025\230""; closeTime: 803842760; signature: ""0E\002!\000\260\300|{\212\032=Kcz~/\314>i\323\337#\260\t\026QC\277\344<\2443\324\343A\250\002 U\311\363\033\236\254\016[ \207\316\027oi[\326\033\024Q\305\021\234\017]\206\343L\213\275sK\317""; previousledger: ""\033@\177e\277\016\010u\327\371&\262\312\317Q\2361t\377x\234\001v\003%\030\325_\225g\204\346""; ","proposeSeq: 0; currentTxHash: ""\000\000\000\000\000\000\000\000\000\000\000\000\000\000\000\000\000\000\000\000\000\000\000\000\000\000\000\000\000\000\000\000""; nodePubKey: ""\002\364d\217\366\217|\316F\232\231\241\n\261\333`\312O\367\235\025DD\336e\367\n\312\326\221\037\025\230""; closeTime: 803842760; signature: ""0E\002!\000\260\300|{\212\032=Kcz~/\314>i\323\337#\260\t\026QC\277\344<\2443\324\343A\250\002 U\311\363\033\236\254\016[ \207\316\027oi[\326\033\024Q\305\021\234\017]\206\343L\213\275sK\317""; previousledger: ""\033@\177e\277\016\010u\327\371&\262\312\317Q\2361t\377x\234\001v\003%\030\325_\225g\204\346""; "
1750527561693,1750527561693,2972,1,4,0,TMProposeSet,"proposeSeq: 0; currentTxHash: ""\000\000\000\000\000\000\000\000\000\000\000\000\000\000\000\000\000\000\000\000\000\000\000\000\000\000\000\000\000\000\000\000""; nodePubKey: ""\002\364d\217\366\217|\316F\232\231\241\n\261\333`\312O\367\235\025DD\336e\367\n\312\326\221\037\025\230""; closeTime: 803842760; signature: ""0E\002!\000\260\300|{\212\032=Kcz~/\314>i\323\337#\260\t\026QC\277\344<\2443\324\343A\250\002 U\311\363\033\236\254\016[ \207\316\027oi[\326\033\024Q\305\021\234\017]\206\343L\213\275sK\317""; previousledger: ""\033@\177e\277\016\010u\327\371&\262\312\317Q\2361t\377x\234\001v\003%\030\325_\225g\204\346""; ","proposeSeq: 0; currentTxHash: ""\000\000\000\000\000\000\000\000\000\000\000\000\000\000\000\000\000\000\000\000\000\000\000\000\000\000\000\000\000\000\000\000""; nodePubKey: ""\002\364d\217\366\217|\316F\232\231\241\n\261\333`\312O\367\235\025DD\336e\367\n\312\326\221\037\025\230""; closeTime: 803842760; signature: ""0E\002!\000\260\300|{\212\032=Kcz~/\314>i\323\337#\260\t\026QC\277\344<\2443\324\343A\250\002 U\311\363\033\236\254\016[ \207\316\027oi[\326\033\024Q\305\021\234\017]\206\343L\213\275sK\317""; previousledger: ""\033@\177e\277\016\010u\327\371&\262\312\317Q\2361t\377x\234\001v\003%\030\325_\225g\204\346""; "
1750527561715,1750527561716,0,1,3,2,TMPing,type: ptPING; seq: 777958760; ,type: ptPING; seq: 777958760; 
1750527561716,1750527561716,0,1,2,3,TMPing,type: ptPONG; seq: 777958760; ,type: ptPONG; seq: 777958760; 
1750527561762,1750527561762,0,1,2,4,TMPing,type: ptPING; seq: 3340547740; ,type: ptPING; seq: 3340547740; 
1750527561763,1750527561763,0,1,4,2,TMPing,type: ptPONG; seq: 3340547740; ,type: ptPONG; seq: 3340547740; 
1750527561767,1750527561767,0,1,4,2,TMPing,type: ptPING; seq: 436172736; ,type: ptPING; seq: 436172736; 
1750527561768,1750527561768,0,1,2,4,TMPing,type: ptPONG; seq: 436172736; ,type: ptPONG; seq: 436172736; 
1750527561814,1750527561814,0,1,3,4,TMPing,type: ptPING; seq: 47979462; ,type: ptPING; seq: 47979462; 
1750527561815,1750527561815,0,1,4,3,TMPing,type: ptPONG; seq: 47979462; ,type: ptPONG; seq: 47979462; 
1750527561859,1750527561859,0,1,4,3,TMPing,type: ptPING; seq: 1075177357; ,type: ptPING; seq: 1075177357; 
1750527561861,1750527561861,0,1,3,4,TMPing,type: ptPONG; seq: 1075177357; ,type: ptPONG; seq: 1075177357; 
1750527564423,1750527564423,598,1,3,4,TMStatusChange,"newEvent: neACCEPTED_LEDGER; ledgerSeq: 8; ledgerHash: ""a=\225\273\331\354\365*U\363\263N\367b\371\244\314-w\363\262\225Z\200\206\235\233\257?sE\267""; ledgerHashPrevious: ""\033@\177e\277\016\010u\327\371&\262\312\317Q\2361t\377x\234\001v\003%\030\325_\225g\204\346""; networkTime: 803842764; firstSeq: 1; lastSeq: 7; ","newEvent: neACCEPTED_LEDGER; ledgerSeq: 8; ledgerHash: ""a=\225\273\331\354\365*U\363\263N\367b\371\244\314-w\363\262\225Z\200\206\235\233\257?sE\267""; ledgerHashPrevious: ""\033@\177e\277\016\010u\327\371&\262\312\317Q\2361t\377x\234\001v\003%\030\325_\225g\204\346""; networkTime: 803842764; firstSeq: 1; lastSeq: 7; "
1750527564423,1750527564423,3736,1,3,4,TMValidation,"validation: """"\200\000\000\001&\000\000\000\010)/\351\252\314:p\210\265\307-\212\200\004Qa=\225\273\331\354\365*U\363\263N\367b\371\244\314-w\363\262\225Z\200\206\235\233\257?sE\267P\027\000\000\000\000\000\000\000\000\000\000\000\000\000\000\000\000\000\000\000\000\000\000\000\000\000\000\000\000\000\000\000\000P\031\033@\177e\277\016\010u\327\371&\262\312\317Q\2361t\377x\234\001v\003%\030\325_\225g\204\346s!\002\364d\217\366\217|\316F\232\231\241\n\261\333`\312O\367\235\025DD\336e\367\n\312\326\221\037\025\230vG0E\002!\000\315\242EEG>\232\247\357\214\244\300a\230\233\264\216pw\2718\325\001C\017\350<\036(v\240\232\002 [\213\212\014a\220\270\326b\013\002\273\316\270\244\243\241.\316\31380\315 \266\346\217\272WwRk""; ","validation: """"\200\000\000\001&\000\000\000\010)/\351\252\314:p\210\265\307-\212\200\004Qa=\225\273\331\354\365*U\363\263N\367b\371\244\314-w\363\262\225Z\200\206\235\233\257?sE\267P\027\000\000\000\000\000\000\000\000\000\000\000\000\000\000\000\000\000\000\000\000\000\000\000\000\000\000\000\000\000\000\000\000P\031\033@\177e\277\016\010u\327\371&\262\312\317Q\2361t\377x\234\001v\003%\030\325_\225g\204\346s!\002\364d\217\366\217|\316F\232\231\241\n\261\333`\312O\367\235\025DD\336e\367\n\312\326\221\037\025\230vG0E\002!\000\315\242EEG>\232\247\357\214\244\300a\230\233\264\216pw\2718\325\001C\017\350<\036(v\240\232\002 [\213\212\014a\220\270\326b\013\002\273\316\270\244\243\241.\316\31380\315 \266\346\217\272WwRk""; "
1750527564426,1750527564426,3432,1,3,2,TMStatusChange,"newEvent: neACCEPTED_LEDGER; ledgerSeq: 8; ledgerHash: ""a=\225\273\331\354\365*U\363\263N\367b\371\244\314-w\363\262\225Z\200\206\235\233\257?sE\267""; ledgerHashPrevious: ""\033@\177e\277\016\010u\327\371&\262\312\317Q\2361t\377x\234\001v\003%\030\325_\225g\204\346""; networkTime: 803842764; firstSeq: 1; lastSeq: 7; ","newEvent: neACCEPTED_LEDGER; ledgerSeq: 8; ledgerHash: ""a=\225\273\331\354\365*U\363\263N\367b\371\244\314-w\363\262\225Z\200\206\235\233\257?sE\267""; ledgerHashPrevious: ""\033@\177e\277\016\010u\327\371&\262\312\317Q\2361t\377x\234\001v\003%\030\325_\225g\204\346""; networkTime: 803842764; firstSeq: 1; lastSeq: 7; "
1750527564427,1750527564427,1571,1,3,1,TMStatusChange,"newEvent: neACCEPTED_LEDGER; ledgerSeq: 8; ledgerHash: ""a=\225\273\331\354\365*U\363\263N\367b\371\244\314-w\363\262\225Z\200\206\235\233\257?sE\267""; ledgerHashPrevious: ""\033@\177e\277\016\010u\327\371&\262\312\317Q\2361t\377x\234\001v\003%\030\325_\225g\204\346""; networkTime: 803842764; firstSeq: 1; lastSeq: 7; ","newEvent: neACCEPTED_LEDGER; ledgerSeq: 8; ledgerHash: ""a=\225\273\331\354\365*U\363\263N\367b\371\244\314-w\363\262\225Z\200\206\235\233\257?sE\267""; ledgerHashPrevious: ""\033@\177e\277\016\010u\327\371&\262\312\317Q\2361t\377x\234\001v\003%\030\325_\225g\204\346""; networkTime: 803842764; firstSeq: 1; lastSeq: 7; "
1750527564427,1750527564427,3991,1,3,0,TMStatusChange,"newEvent: neACCEPTED_LEDGER; ledgerSeq: 8; ledgerHash: ""a=\225\273\331\354\365*U\363\263N\367b\371\244\314-w\363\262\225Z\200\206\235\233\257?sE\267""; ledgerHashPrevious: ""\033@\177e\277\016\010u\327\371&\262\312\317Q\2361t\377x\234\001v\003%\030\325_\225g\204\346""; networkTime: 803842764; firstSeq: 1; lastSeq: 7; ","newEvent: neACCEPTED_LEDGER; ledgerSeq: 8; ledgerHash: ""a=\225\273\331\354\365*U\363\263N\367b\371\244\314-w\363\262\225Z\200\206\235\233\257?sE\267""; ledgerHashPrevious: ""\033@\177e\277\016\010u\327\371&\262\312\317Q\2361t\377x\234\001v\003%\030\325_\225g\204\346""; networkTime: 803842764; firstSeq: 1; lastSeq: 7; "
1750527564462,1750527564462,1777,1,3,0,TMValidation,"validation: """"\200\000\000\001&\000\000\000\010)/\351\252\314:p\210\265\307-\212\200\004Qa=\225\273\331\354\365*U\363\263N\367b\371\244\314-w\363\262\225Z\200\206\235\233\257?sE\267P\027\000\000\000\000\000\000\000\000\000\000\000\000\000\000\000\000\000\000\000\000\000\000\000\000\000\000\000\000\000\000\000\000P\031\033@\177e\277\016\010u\327\371&\262\312\317Q\2361t\377x\234\001v\003%\030\325_\225g\204\346s!\002\364d\217\366\217|\316F\232\231\241\n\261\333`\312O\367\235\025DD\336e\367\n\312\326\221\037\025\230vG0E\002!\000\315\242EEG>\232\247\357\214\244\300a\230\233\264\216pw\2718\325\001C\017\350<\036(v\240\232\002 [\213\212\014a\220\270\326b\013\002\273\316\270\244\243\241.\316\31380\315 \266\346\217\272WwRk""; ","validation: """"\200\000\000\001&\000\000\000\010)/\351\252\314:p\210\265\307-\212\200\004Qa=\225\273\331\354\365*U\363\263N\367b\371\244\314-w\363\262\225Z\200\206\235\233\257?sE\267P\027\000\000\000\000\000\000\000\000\000\000\000\000\000\000\000\000\000\000\000\000\000\000\000\000\000\000\000\000\000\000\000\000P\031\033@\177e\277\016\010u\327\371&\262\312\317Q\2361t\377x\234\001v\003%\030\325_\225g\204\346s!\002\364d\217\366\217|\316F\232\231\241\n\261\333`\312O\367\235\025DD\336e\367\n\312\326\221\037\025\230vG0E\002!\000\315\242EEG>\232\247\357\214\244\300a\230\233\264\216pw\2718\325\001C\017\350<\036(v\240\232\002 [\213\212\014a\220\270\326b\013\002\273\316\270\244\243\241.\316\31380\315 \266\346\217\272WwRk""; "
1750527564463,1750527564463,3125,1,3,2,TMValidation,"validation: """"\200\000\000\001&\000\000\000\010)/\351\252\314:p\210\265\307-\212\200\004Qa=\225\273\331\354\365*U\363\263N\367b\371\244\314-w\363\262\225Z\200\206\235\233\257?sE\267P\027\000\000\000\000\000\000\000\000\000\000\000\000\000\000\000\000\000\000\000\000\000\000\000\000\000\000\000\000\000\000\000\000P\031\033@\177e\277\016\010u\327\371&\262\312\317Q\2361t\377x\234\001v\003%\030\325_\225g\204\346s!\002\364d\217\366\217|\316F\232\231\241\n\261\333`\312O\367\235\025DD\336e\367\n\312\326\221\037\025\230vG0E\002!\000\315\242EEG>\232\247\357\214\244\300a\230\233\264\216pw\2718\325\001C\017\350<\036(v\240\232\002 [\213\212\014a\220\270\326b\013\002\273\316\270\244\243\241.\316\31380\315 \266\346\217\272WwRk""; ","validation: """"\200\000\000\001&\000\000\000\010)/\351\252\314:p\210\265\307-\212\200\004Qa=\225\273\331\354\365*U\363\263N\367b\371\244\314-w\363\262\225Z\200\206\235\233\257?sE\267P\027\000\000\000\000\000\000\000\000\000\000\000\000\000\000\000\000\000\000\000\000\000\000\000\000\000\000\000\000\000\000\000\000P\031\033@\177e\277\016\010u\327\371&\262\312\317Q\2361t\377x\234\001v\003%\030\325_\225g\204\346s!\002\364d\217\366\217|\316F\232\231\241\n\261\333`\312O\367\235\025DD\336e\367\n\312\326\221\037\025\230vG0E\002!\000\315\242EEG>\232\247\357\214\244\300a\230\233\264\216pw\2718\325\001C\017\350<\036(v\240\232\002 [\213\212\014a\220\270\326b\013\002\273\316\270\244\243\241.\316\31380\315 \266\346\217\272WwRk""; "
1750527564463,1750527564463,3459,1,3,1,TMValidation,"validation: """"\200\000\000\001&\000\000\000\010)/\351\252\314:p\210\265\307-\212\200\004Qa=\225\273\331\354\365*U\363\263N\367b\371\244\314-w\363\262\225Z\200\206\235\233\257?sE\267P\027\000\000\000\000\000\000\000\000\000\000\000\000\000\000\000\000\000\000\000\000\000\000\000\000\000\000\000\000\000\000\000\000P\031\033@\177e\277\016\010u\327\371&\262\312\317Q\2361t\377x\234\001v\003%\030\325_\225g\204\346s!\002\364d\217\366\217|\316F\232\231\241\n\261\333`\312O\367\235\025DD\336e\367\n\312\326\221\037\025\230vG0E\002!\000\315\242EEG>\232\247\357\214\244\300a\230\233\264\216pw\2718\325\001C\017\350<\036(v\240\232\002 [\213\212\014a\220\270\326b\013\002\273\316\270\244\243\241.\316\31380\315 \266\346\217\272WwRk""; ","validation: """"\200\000\000\001&\000\000\000\010)/\351\252\314:p\210\265\307-\212\200\004Qa=\225\273\331\354\365*U\363\263N\367b\371\244\314-w\363\262\225Z\200\206\235\233\257?sE\267P\027\000\000\000\000\000\000\000\000\000\000\000\000\000\000\000\000\000\000\000\000\000\000\000\000\000\000\000\000\000\000\000\000P\031\033@\177e\277\016\010u\327\371&\262\312\317Q\2361t\377x\234\001v\003%\030\325_\225g\204\346s!\002\364d\217\366\217|\316F\232\231\241\n\261\333`\312O\367\235\025DD\336e\367\n\312\326\221\037\025\230vG0E\002!\000\315\242EEG>\232\247\357\214\244\300a\230\233\264\216pw\2718\325\001C\017\350<\036(v\240\232\002 [\213\212\014a\220\270\326b\013\002\273\316\270\244\243\241.\316\31380\315 \266\346\217\272WwRk""; "
1750527564567,1750527564567,3403,1,4,3,TMStatusChange,"newEvent: neACCEPTED_LEDGER; ledgerSeq: 8; ledgerHash: ""a=\225\273\331\354\365*U\363\263N\367b\371\244\314-w\363\262\225Z\200\206\235\233\257?sE\267""; ledgerHashPrevious: ""\033@\177e\277\016\010u\327\371&\262\312\317Q\2361t\377x\234\001v\003%\030\325_\225g\204\346""; networkTime: 803842764; firstSeq: 1; lastSeq: 7; ","newEvent: neACCEPTED_LEDGER; ledgerSeq: 8; ledgerHash: ""a=\225\273\331\354\365*U\363\263N\367b\371\244\314-w\363\262\225Z\200\206\235\233\257?sE\267""; ledgerHashPrevious: ""\033@\177e\277\016\010u\327\371&\262\312\317Q\2361t\377x\234\001v\003%\030\325_\225g\204\346""; networkTime: 803842764; firstSeq: 1; lastSeq: 7; "
1750527564567,1750527564567,1740,1,4,0,TMValidation,"validation: """"\200\000\000\001&\000\000\000\010)/\351\252\314:\r\302\353\023?\373\240rQa=\225\273\331\354\365*U\363\263N\367b\371\244\314-w\363\262\225Z\200\206\235\233\257?sE\267P\027\000\000\000\000\000\000\000\000\000\000\000\000\000\000\000\000\000\000\000\000\000\000\000\000\000\000\000\000\000\000\000\000P\031\033@\177e\277\016\010u\327\371&\262\312\317Q\2361t\377x\234\001v\003%\030\325_\225g\204\346s!\003R7o\362bV\300hf\266\241;}\200^\374\240\203[:\342Q\225\221\027y\372\255\235\216\323~vF0D\002 B\226\021\265c\234\365\n\250,\037\201\321\207\343-\346\262\r\227\366\220\3338\330\021\342\373\247\316\272\341\002 *Ag\206\274\354\037\336`\257\216\224\317\366_&\207\311\250n@\372fT\361T \375\347\246\014\353""; ","validation: """"\200\000\000\001&\000\000\000\010)/\351\252\314:\r\302\353\023?\373\240rQa=\225\273\331\354\365*U\363\263N\367b\371\244\314-w\363\262\225Z\200\206\235\233\257?sE\267P\027\000\000\000\000\000\000\000\000\000\000\000\000\000\000\000\000\000\000\000\000\000\000\000\000\000\000\000\000\000\000\000\000P\031\033@\177e\277\016\010u\327\371&\262\312\317Q\2361t\377x\234\001v\003%\030\325_\225g\204\346s!\003R7o\362bV\300hf\266\241;}\200^\374\240\203[:\342Q\225\221\027y\372\255\235\216\323~vF0D\002 B\226\021\265c\234\365\n\250,\037\201\321\207\343-\346\262\r\227\366\220\3338\330\021\342\373\247\316\272\341\002 *Ag\206\274\354\037\336`\257\216\224\317\366_&\207\311\250n@\372fT\361T \375\347\246\014\353""; "
1750527564567,1750527564567,3346,1,4,2,TMStatusChange,"newEvent: neACCEPTED_LEDGER; ledgerSeq: 8; ledgerHash: ""a=\225\273\331\354\365*U\363\263N\367b\371\244\314-w\363\262\225Z\200\206\235\233\257?sE\267""; ledgerHashPrevious: ""\033@\177e\277\016\010u\327\371&\262\312\317Q\2361t\377x\234\001v\003%\030\325_\225g\204\346""; networkTime: 803842764; firstSeq: 1; lastSeq: 7; ","newEvent: neACCEPTED_LEDGER; ledgerSeq: 8; ledgerHash: ""a=\225\273\331\354\365*U\363\263N\367b\371\244\314-w\363\262\225Z\200\206\235\233\257?sE\267""; ledgerHashPrevious: ""\033@\177e\277\016\010u\327\371&\262\312\317Q\2361t\377x\234\001v\003%\030\325_\225g\204\346""; networkTime: 803842764; firstSeq: 1; lastSeq: 7; "
1750527564568,1750527564569,803,1,4,1,TMStatusChange,"newEvent: neACCEPTED_LEDGER; ledgerSeq: 8; ledgerHash: ""a=\225\273\331\354\365*U\363\263N\367b\371\244\314-w\363\262\225Z\200\206\235\233\257?sE\267""; ledgerHashPrevious: ""\033@\177e\277\016\010u\327\371&\262\312\317Q\2361t\377x\234\001v\003%\030\325_\225g\204\346""; networkTime: 803842764; firstSeq: 1; lastSeq: 7; ","newEvent: neACCEPTED_LEDGER; ledgerSeq: 8; ledgerHash: ""a=\225\273\331\354\365*U\363\263N\367b\371\244\314-w\363\262\225Z\200\206\235\233\257?sE\267""; ledgerHashPrevious: ""\033@\177e\277\016\010u\327\371&\262\312\317Q\2361t\377x\234\001v\003%\030\325_\225g\204\346""; networkTime: 803842764; firstSeq: 1; lastSeq: 7; "
1750527564569,1750527564569,3803,1,4,1,TMValidation,"validation: """"\200\000\000\001&\000\000\000\010)/\351\252\314:\r\302\353\023?\373\240rQa=\225\273\331\354\365*U\363\263N\367b\371\244\314-w\363\262\225Z\200\206\235\233\257?sE\267P\027\000\000\000\000\000\000\000\000\000\000\000\000\000\000\000\000\000\000\000\000\000\000\000\000\000\000\000\000\000\000\000\000P\031\033@\177e\277\016\010u\327\371&\262\312\317Q\2361t\377x\234\001v\003%\030\325_\225g\204\346s!\003R7o\362bV\300hf\266\241;}\200^\374\240\203[:\342Q\225\221\027y\372\255\235\216\323~vF0D\002 B\226\021\265c\234\365\n\250,\037\201\321\207\343-\346\262\r\227\366\220\3338\330\021\342\373\247\316\272\341\002 *Ag\206\274\354\037\336`\257\216\224\317\366_&\207\311\250n@\372fT\361T \375\347\246\014\353""; ","validation: """"\200\000\000\001&\000\000\000\010)/\351\252\314:\r\302\353\023?\373\240rQa=\225\273\331\354\365*U\363\263N\367b\371\244\314-w\363\262\225Z\200\206\235\233\257?sE\267P\027\000\000\000\000\000\000\000\000\000\000\000\000\000\000\000\000\000\000\000\000\000\000\000\000\000\000\000\000\000\000\000\000P\031\033@\177e\277\016\010u\327\371&\262\312\317Q\2361t\377x\234\001v\003%\030\325_\225g\204\346s!\003R7o\362bV\300hf\266\241;}\200^\374\240\203[:\342Q\225\221\027y\372\255\235\216\323~vF0D\002 B\226\021\265c\234\365\n\250,\037\201\321\207\343-\346\262\r\227\366\220\3338\330\021\342\373\247\316\272\341\002 *Ag\206\274\354\037\336`\257\216\224\317\366_&\207\311\250n@\372fT\361T \375\347\246\014\353""; "
1750527564572,1750527564572,832,1,4,0,TMStatusChange,"newEvent: neACCEPTED_LEDGER; ledgerSeq: 8; ledgerHash: ""a=\225\273\331\354\365*U\363\263N\367b\371\244\314-w\363\262\225Z\200\206\235\233\257?sE\267""; ledgerHashPrevious: ""\033@\177e\277\016\010u\327\371&\262\312\317Q\2361t\377x\234\001v\003%\030\325_\225g\204\346""; networkTime: 803842764; firstSeq: 1; lastSeq: 7; ","newEvent: neACCEPTED_LEDGER; ledgerSeq: 8; ledgerHash: ""a=\225\273\331\354\365*U\363\263N\367b\371\244\314-w\363\262\225Z\200\206\235\233\257?sE\267""; ledgerHashPrevious: ""\033@\177e\277\016\010u\327\371&\262\312\317Q\2361t\377x\234\001v\003%\030\325_\225g\204\346""; networkTime: 803842764; firstSeq: 1; lastSeq: 7; "
1750527564610,1750527564610,3620,1,4,3,TMValidation,"validation: """"\200\000\000\001&\000\000\000\010)/\351\252\314:\r\302\353\023?\373\240rQa=\225\273\331\354\365*U\363\263N\367b\371\244\314-w\363\262\225Z\200\206\235\233\257?sE\267P\027\000\000\000\000\000\000\000\000\000\000\000\000\000\000\000\000\000\000\000\000\000\000\000\000\000\000\000\000\000\000\000\000P\031\033@\177e\277\016\010u\327\371&\262\312\317Q\2361t\377x\234\001v\003%\030\325_\225g\204\346s!\003R7o\362bV\300hf\266\241;}\200^\374\240\203[:\342Q\225\221\027y\372\255\235\216\323~vF0D\002 B\226\021\265c\234\365\n\250,\037\201\321\207\343-\346\262\r\227\366\220\3338\330\021\342\373\247\316\272\341\002 *Ag\206\274\354\037\336`\257\216\224\317\366_&\207\311\250n@\372fT\361T \375\347\246\014\353""; ","validation: """"\200\000\000\001&\000\000\000\010)/\351\252\314:\r\302\353\023?\373\240rQa=\225\273\331\354\365*U\363\263N\367b\371\244\314-w\363\262\225Z\200\206\235\233\257?sE\267P\027\000\000\000\000\000\000\000\000\000\000\000\000\000\000\000\000\000\000\000\000\000\000\000\000\000\000\000\000\000\000\000\000P\031\033@\177e\277\016\010u\327\371&\262\312\317Q\2361t\377x\234\001v\003%\030\325_\225g\204\346s!\003R7o\362bV\300hf\266\241;}\200^\374\240\203[:\342Q\225\221\027y\372\255\235\216\323~vF0D\002 B\226\021\265c\234\365\n\250,\037\201\321\207\343-\346\262\r\227\366\220\3338\330\021\342\373\247\316\272\341\002 *Ag\206\274\354\037\336`\257\216\224\317\366_&\207\311\250n@\372fT\361T \375\347\246\014\353""; "
1750527564610,1750527564610,783,1,4,2,TMValidation,"validation: """"\200\000\000\001&\000\000\000\010)/\351\252\314:\r\302\353\023?\373\240rQa=\225\273\331\354\365*U\363\263N\367b\371\244\314-w\363\262\225Z\200\206\235\233\257?sE\267P\027\000\000\000\000\000\000\000\000\000\000\000\000\000\000\000\000\000\000\000\000\000\000\000\000\000\000\000\000\000\000\000\000P\031\033@\177e\277\016\010u\327\371&\262\312\317Q\2361t\377x\234\001v\003%\030\325_\225g\204\346s!\003R7o\362bV\300hf\266\241;}\200^\374\240\203[:\342Q\225\221\027y\372\255\235\216\323~vF0D\002 B\226\021\265c\234\365\n\250,\037\201\321\207\343-\346\262\r\227\366\220\3338\330\021\342\373\247\316\272\341\002 *Ag\206\274\354\037\336`\257\216\224\317\366_&\207\311\250n@\372fT\361T \375\347\246\014\353""; ","validation: """"\200\000\000\001&\000\000\000\010)/\351\252\314:\r\302\353\023?\373\240rQa=\225\273\331\354\365*U\363\263N\367b\371\244\314-w\363\262\225Z\200\206\235\233\257?sE\267P\027\000\000\000\000\000\000\000\000\000\000\000\000\000\000\000\000\000\000\000\000\000\000\000\000\000\000\000\000\000\000\000\000P\031\033@\177e\277\016\010u\327\371&\262\312\317Q\2361t\377x\234\001v\003%\030\325_\225g\204\346s!\003R7o\362bV\300hf\266\241;}\200^\374\240\203[:\342Q\225\221\027y\372\255\235\216\323~vF0D\002 B\226\021\265c\234\365\n\250,\037\201\321\207\343-\346\262\r\227\366\220\3338\330\021\342\373\247\316\272\341\002 *Ag\206\274\354\037\336`\257\216\224\317\366_&\207\311\250n@\372fT\361T \375\347\246\014\353""; "
1750527565396,1750527565396,589,1,2,0,TMGetLedger,"itype: liBASE; ledgerHash: ""a=\225\273\331\354\365*U\363\263N\367b\371\244\314-w\363\262\225Z\200\206\235\233\257?sE\267""; ledgerSeq: 8; ","itype: liBASE; ledgerHash: ""a=\225\273\331\354\365*U\363\263N\367b\371\244\314-w\363\262\225Z\200\206\235\233\257?sE\267""; ledgerSeq: 8; "
1750527565398,1750527565398,4000,1,2,3,TMGetLedger,"itype: liBASE; ledgerHash: ""a=\225\273\331\354\365*U\363\263N\367b\371\244\314-w\363\262\225Z\200\206\235\233\257?sE\267""; ledgerSeq: 8; queryType: qtINDIRECT; ","itype: liBASE; ledgerHash: ""a=\225\273\331\354\365*U\363\263N\367b\371\244\314-w\363\262\225Z\200\206\235\233\257?sE\267""; ledgerSeq: 8; queryType: qtINDIRECT; "
1750527565397,1750527565397,723,1,2,3,TMValidation,"validation: """"\200\000\000\001&\000\000\000\010)/\351\252\314:\r\302\353\023?\373\240rQa=\225\273\331\354\365*U\363\263N\367b\371\244\314-w\363\262\225Z\200\206\235\233\257?sE\267P\027\000\000\000\000\000\000\000\000\000\000\000\000\000\000\000\000\000\000\000\000\000\000\000\000\000\000\000\000\000\000\000\000P\031\033@\177e\277\016\010u\327\371&\262\312\317Q\2361t\377x\234\001v\003%\030\325_\225g\204\346s!\003R7o\362bV\300hf\266\241;}\200^\374\240\203[:\342Q\225\221\027y\372\255\235\216\323~vF0D\002 B\226\021\265c\234\365\n\250,\037\201\321\207\343-\346\262\r\227\366\220\3338\330\021\342\373\247\316\272\341\002 *Ag\206\274\354\037\336`\257\216\224\317\366_&\207\311\250n@\372fT\361T \375\347\246\014\353""; ","validation: """"\200\000\000\001&\000\000\000\010)/\351\252\314:\r\302\353\023?\373\240rQa=\225\273\331\354\365*U\363\263N\367b\371\244\314-w\363\262\225Z\200\206\235\233\257?sE\267P\027\000\000\000\000\000\000\000\000\000\000\000\000\000\000\000\000\000\000\000\000\000\000\000\000\000\000\000\000\000\000\000\000P\031\033@\177e\277\016\010u\327\371&\262\312\317Q\2361t\377x\234\001v\003%\030\325_\225g\204\346s!\003R7o\362bV\300hf\266\241;}\200^\374\240\203[:\342Q\225\221\027y\372\255\235\216\323~vF0D\002 B\226\021\265c\234\365\n\250,\037\201\321\207\343-\346\262\r\227\366\220\3338\330\021\342\373\247\316\272\341\002 *Ag\206\274\354\037\336`\257\216\224\317\366_&\207\311\250n@\372fT\361T \375\347\246\014\353""; "
1750527565397,1750527565398,3719,1,2,4,TMGetLedger,"itype: liBASE; ledgerHash: ""a=\225\273\331\354\365*U\363\263N\367b\371\244\314-w\363\262\225Z\200\206\235\233\257?sE\267""; ledgerSeq: 8; ","itype: liBASE; ledgerHash: ""a=\225\273\331\354\365*U\363\263N\367b\371\244\314-w\363\262\225Z\200\206\235\233\257?sE\267""; ledgerSeq: 8; "
1750527565397,1750527565397,1544,1,2,1,TMGetLedger,"itype: liBASE; ledgerHash: ""a=\225\273\331\354\365*U\363\263N\367b\371\244\314-w\363\262\225Z\200\206\235\233\257?sE\267""; ledgerSeq: 8; ","itype: liBASE; ledgerHash: ""a=\225\273\331\354\365*U\363\263N\367b\371\244\314-w\363\262\225Z\200\206\235\233\257?sE\267""; ledgerSeq: 8; "
1750527565398,1750527565398,3719,1,2,4,TMGetLedger,"itype: liBASE; ledgerHash: ""a=\225\273\331\354\365*U\363\263N\367b\371\244\314-w\363\262\225Z\200\206\235\233\257?sE\267""; ledgerSeq: 8; queryType: qtINDIRECT; ","itype: liBASE; ledgerHash: ""a=\225\273\331\354\365*U\363\263N\367b\371\244\314-w\363\262\225Z\200\206\235\233\257?sE\267""; ledgerSeq: 8; queryType: qtINDIRECT; "
1750527565398,1750527565398,4000,1,2,3,TMGetLedger,"itype: liBASE; ledgerHash: ""a=\225\273\331\354\365*U\363\263N\367b\371\244\314-w\363\262\225Z\200\206\235\233\257?sE\267""; ledgerSeq: 8; ","itype: liBASE; ledgerHash: ""a=\225\273\331\354\365*U\363\263N\367b\371\244\314-w\363\262\225Z\200\206\235\233\257?sE\267""; ledgerSeq: 8; "
1750527565420,1750527565420,1272,1,3,4,TMProposeSet,"proposeSeq: 0; currentTxHash: ""\000\000\000\000\000\000\000\000\000\000\000\000\000\000\000\000\000\000\000\000\000\000\000\000\000\000\000\000\000\000\000\000""; nodePubKey: ""\002\364d\217\366\217|\316F\232\231\241\n\261\333`\312O\367\235\025DD\336e\367\n\312\326\221\037\025\230""; closeTime: 803842765; signature: ""0D\002 \0239W\272V""\244\326\203\206\363\303Xn\025\261w\227\237\3160B\223\204\207m\343\251\333\342\034J\002 ^4t\""e\2558n\206\032\377\000[\3406.\300Rp\2269\2569=\233\264A\016\240\006\371""; previousledger: ""a=\225\273\331\354\365*U\363\263N\367b\371\244\314-w\363\262\225Z\200\206\235\233\257?sE\267""; ","proposeSeq: 0; currentTxHash: ""\000\000\000\000\000\000\000\000\000\000\000\000\000\000\000\000\000\000\000\000\000\000\000\000\000\000\000\000\000\000\000\000""; nodePubKey: ""\002\364d\217\366\217|\316F\232\231\241\n\261\333`\312O\367\235\025DD\336e\367\n\312\326\221\037\025\230""; closeTime: 803842765; signature: ""0D\002 \0239W\272V""\244\326\203\206\363\303Xn\025\261w\227\237\3160B\223\204\207m\343\251\333\342\034J\002 ^4t\""e\2558n\206\032\377\000[\3406.\300Rp\2269\2569=\233\264A\016\240\006\371""; previousledger: ""a=\225\273\331\354\365*U\363\263N\367b\371\244\314-w\363\262\225Z\200\206\235\233\257?sE\267""; "
1750527565420,1750527565420,2201,1,3,0,TMProposeSet,"proposeSeq: 0; currentTxHash: ""\000\000\000\000\000\000\000\000\000\000\000\000\000\000\000\000\000\000\000\000\000\000\000\000\000\000\000\000\000\000\000\000""; nodePubKey: ""\002\364d\217\366\217|\316F\232\231\241\n\261\333`\312O\367\235\025DD\336e\367\n\312\326\221\037\025\230""; closeTime: 803842765; signature: ""0D\002 \0239W\272V""\244\326\203\206\363\303Xn\025\261w\227\237\3160B\223\204\207m\343\251\333\342\034J\002 ^4t\""e\2558n\206\032\377\000[\3406.\300Rp\2269\2569=\233\264A\016\240\006\371""; previousledger: ""a=\225\273\331\354\365*U\363\263N\367b\371\244\314-w\363\262\225Z\200\206\235\233\257?sE\267""; ","proposeSeq: 0; currentTxHash: ""\000\000\000\000\000\000\000\000\000\000\000\000\000\000\000\000\000\000\000\000\000\000\000\000\000\000\000\000\000\000\000\000""; nodePubKey: ""\002\364d\217\366\217|\316F\232\231\241\n\261\333`\312O\367\235\025DD\336e\367\n\312\326\221\037\025\230""; closeTime: 803842765; signature: ""0D\002 \0239W\272V""\244\326\203\206\363\303Xn\025\261w\227\237\3160B\223\204\207m\343\251\333\342\034J\002 ^4t\""e\2558n\206\032\377\000[\3406.\300Rp\2269\2569=\233\264A\016\240\006\371""; previousledger: ""a=\225\273\331\354\365*U\363\263N\367b\371\244\314-w\363\262\225Z\200\206\235\233\257?sE\267""; "
1750527565422,1750527565422,3787,1,3,2,TMProposeSet,"proposeSeq: 0; currentTxHash: ""\000\000\000\000\000\000\000\000\000\000\000\000\000\000\000\000\000\000\000\000\000\000\000\000\000\000\000\000\000\000\000\000""; nodePubKey: ""\002\364d\217\366\217|\316F\232\231\241\n\261\333`\312O\367\235\025DD\336e\367\n\312\326\221\037\025\230""; closeTime: 803842765; signature: ""0D\002 \0239W\272V""\244\326\203\206\363\303Xn\025\261w\227\237\3160B\223\204\207m\343\251\333\342\034J\002 ^4t\""e\2558n\206\032\377\000[\3406.\300Rp\2269\2569=\233\264A\016\240\006\371""; previousledger: ""a=\225\273\331\354\365*U\363\263N\367b\371\244\314-w\363\262\225Z\200\206\235\233\257?sE\267""; ","proposeSeq: 0; currentTxHash: ""\000\000\000\000\000\000\000\000\000\000\000\000\000\000\000\000\000\000\000\000\000\000\000\000\000\000\000\000\000\000\000\000""; nodePubKey: ""\002\364d\217\366\217|\316F\232\231\241\n\261\333`\312O\367\235\025DD\336e\367\n\312\326\221\037\025\230""; closeTime: 803842765; signature: ""0D\002 \0239W\272V""\244\326\203\206\363\303Xn\025\261w\227\237\3160B\223\204\207m\343\251\333\342\034J\002 ^4t\""e\2558n\206\032\377\000[\3406.\300Rp\2269\2569=\233\264A\016\240\006\371""; previousledger: ""a=\225\273\331\354\365*U\363\263N\367b\371\244\314-w\363\262\225Z\200\206\235\233\257?sE\267""; "
1750527565423,1750527565423,3830,1,3,1,TMProposeSet,"proposeSeq: 0; currentTxHash: ""\000\000\000\000\000\000\000\000\000\000\000\000\000\000\000\000\000\000\000\000\000\000\000\000\000\000\000\000\000\000\000\000""; nodePubKey: ""\002\364d\217\366\217|\316F\232\231\241\n\261\333`\312O\367\235\025DD\336e\367\n\312\326\221\037\025\230""; closeTime: 803842765; signature: ""0D\002 \0239W\272V""\244\326\203\206\363\303Xn\025\261w\227\237\3160B\223\204\207m\343\251\333\342\034J\002 ^4t\""e\2558n\206\032\377\000[\3406.\300Rp\2269\2569=\233\264A\016\240\006\371""; previousledger: ""a=\225\273\331\354\365*U\363\263N\367b\371\244\314-w\363\262\225Z\200\206\235\233\257?sE\267""; ","proposeSeq: 0; currentTxHash: ""\000\000\000\000\000\000\000\000\000\000\000\000\000\000\000\000\000\000\000\000\000\000\000\000\000\000\000\000\000\000\000\000""; nodePubKey: ""\002\364d\217\366\217|\316F\232\231\241\n\261\333`\312O\367\235\025DD\336e\367\n\312\326\221\037\025\230""; closeTime: 803842765; signature: ""0D\002 \0239W\272V""\244\326\203\206\363\303Xn\025\261w\227\237\3160B\223\204\207m\343\251\333\342\034J\002 ^4t\""e\2558n\206\032\377\000[\3406.\300Rp\2269\2569=\233\264A\016\240\006\371""; previousledger: ""a=\225\273\331\354\365*U\363\263N\367b\371\244\314-w\363\262\225Z\200\206\235\233\257?sE\267""; "
1750527565444,1750527565444,340,1,2,1,TMValidation,"validation: """"\200\000\000\001&\000\000\000\010)/\351\252\314:\r\302\353\023?\373\240rQa=\225\273\331\354\365*U\363\263N\367b\371\244\314-w\363\262\225Z\200\206\235\233\257?sE\267P\027\000\000\000\000\000\000\000\000\000\000\000\000\000\000\000\000\000\000\000\000\000\000\000\000\000\000\000\000\000\000\000\000P\031\033@\177e\277\016\010u\327\371&\262\312\317Q\2361t\377x\234\001v\003%\030\325_\225g\204\346s!\003R7o\362bV\300hf\266\241;}\200^\374\240\203[:\342Q\225\221\027y\372\255\235\216\323~vF0D\002 B\226\021\265c\234\365\n\250,\037\201\321\207\343-\346\262\r\227\366\220\3338\330\021\342\373\247\316\272\341\002 *Ag\206\274\354\037\336`\257\216\224\317\366_&\207\311\250n@\372fT\361T \375\347\246\014\353""; ","validation: """"\200\000\000\001&\000\000\000\010)/\351\252\314:\r\302\353\023?\373\240rQa=\225\273\331\354\365*U\363\263N\367b\371\244\314-w\363\262\225Z\200\206\235\233\257?sE\267P\027\000\000\000\000\000\000\000\000\000\000\000\000\000\000\000\000\000\000\000\000\000\000\000\000\000\000\000\000\000\000\000\000P\031\033@\177e\277\016\010u\327\371&\262\312\317Q\2361t\377x\234\001v\003%\030\325_\225g\204\346s!\003R7o\362bV\300hf\266\241;}\200^\374\240\203[:\342Q\225\221\027y\372\255\235\216\323~vF0D\002 B\226\021\265c\234\365\n\250,\037\201\321\207\343-\346\262\r\227\366\220\3338\330\021\342\373\247\316\272\341\002 *Ag\206\274\354\037\336`\257\216\224\317\366_&\207\311\250n@\372fT\361T \375\347\246\014\353""; "
1750527565445,1750527565445,589,1,2,0,TMGetLedger,"itype: liBASE; ledgerHash: ""a=\225\273\331\354\365*U\363\263N\367b\371\244\314-w\363\262\225Z\200\206\235\233\257?sE\267""; ledgerSeq: 8; queryType: qtINDIRECT; ","itype: liBASE; ledgerHash: ""a=\225\273\331\354\365*U\363\263N\367b\371\244\314-w\363\262\225Z\200\206\235\233\257?sE\267""; ledgerSeq: 8; queryType: qtINDIRECT; "
1750527565445,1750527565446,1544,1,2,1,TMGetLedger,"itype: liBASE; ledgerHash: ""a=\225\273\331\354\365*U\363\263N\367b\371\244\314-w\363\262\225Z\200\206\235\233\257?sE\267""; ledgerSeq: 8; queryType: qtINDIRECT; ","itype: liBASE; ledgerHash: ""a=\225\273\331\354\365*U\363\263N\367b\371\244\314-w\363\262\225Z\200\206\235\233\257?sE\267""; ledgerSeq: 8; queryType: qtINDIRECT; "
1750527565446,1750527565446,446,1,2,0,TMValidation,"validation: """"\200\000\000\001&\000\000\000\010)/\351\252\314:\r\302\353\023?\373\240rQa=\225\273\331\354\365*U\363\263N\367b\371\244\314-w\363\262\225Z\200\206\235\233\257?sE\267P\027\000\000\000\000\000\000\000\000\000\000\000\000\000\000\000\000\000\000\000\000\000\000\000\000\000\000\000\000\000\000\000\000P\031\033@\177e\277\016\010u\327\371&\262\312\317Q\2361t\377x\234\001v\003%\030\325_\225g\204\346s!\003R7o\362bV\300hf\266\241;}\200^\374\240\203[:\342Q\225\221\027y\372\255\235\216\323~vF0D\002 B\226\021\265c\234\365\n\250,\037\201\321\207\343-\346\262\r\227\366\220\3338\330\021\342\373\247\316\272\341\002 *Ag\206\274\354\037\336`\257\216\224\317\366_&\207\311\250n@\372fT\361T \375\347\246\014\353""; ","validation: """"\200\000\000\001&\000\000\000\010)/\351\252\314:\r\302\353\023?\373\240rQa=\225\273\331\354\365*U\363\263N\367b\371\244\314-w\363\262\225Z\200\206\235\233\257?sE\267P\027\000\000\000\000\000\000\000\000\000\000\000\000\000\000\000\000\000\000\000\000\000\000\000\000\000\000\000\000\000\000\000\000P\031\033@\177e\277\016\010u\327\371&\262\312\317Q\2361t\377x\234\001v\003%\030\325_\225g\204\346s!\003R7o\362bV\300hf\266\241;}\200^\374\240\203[:\342Q\225\221\027y\372\255\235\216\323~vF0D\002 B\226\021\265c\234\365\n\250,\037\201\321\207\343-\346\262\r\227\366\220\3338\330\021\342\373\247\316\272\341\002 *Ag\206\274\354\037\336`\257\216\224\317\366_&\207\311\250n@\372fT\361T \375\347\246\014\353""; "
1750527565420,1750527565462,598,1,3,4,TMStatusChange,"newEvent: neCLOSING_LEDGER; ledgerSeq: 8; ledgerHash: ""a=\225\273\331\354\365*U\363\263N\367b\371\244\314-w\363\262\225Z\200\206\235\233\257?sE\267""; ledgerHashPrevious: ""\033@\177e\277\016\010u\327\371&\262\312\317Q\2361t\377x\234\001v\003%\030\325_\225g\204\346""; networkTime: 803842765; firstSeq: 1; lastSeq: 7; ","newEvent: neCLOSING_LEDGER; ledgerSeq: 8; ledgerHash: ""a=\225\273\331\354\365*U\363\263N\367b\371\244\314-w\363\262\225Z\200\206\235\233\257?sE\267""; ledgerHashPrevious: ""\033@\177e\277\016\010u\327\371&\262\312\317Q\2361t\377x\234\001v\003%\030\325_\225g\204\346""; networkTime: 803842765; firstSeq: 1; lastSeq: 7; "
1750527565421,1750527565462,3991,1,3,0,TMStatusChange,"newEvent: neCLOSING_LEDGER; ledgerSeq: 8; ledgerHash: ""a=\225\273\331\354\365*U\363\263N\367b\371\244\314-w\363\262\225Z\200\206\235\233\257?sE\267""; ledgerHashPrevious: ""\033@\177e\277\016\010u\327\371&\262\312\317Q\2361t\377x\234\001v\003%\030\325_\225g\204\346""; networkTime: 803842765; firstSeq: 1; lastSeq: 7; ","newEvent: neCLOSING_LEDGER; ledgerSeq: 8; ledgerHash: ""a=\225\273\331\354\365*U\363\263N\367b\371\244\314-w\363\262\225Z\200\206\235\233\257?sE\267""; ledgerHashPrevious: ""\033@\177e\277\016\010u\327\371&\262\312\317Q\2361t\377x\234\001v\003%\030\325_\225g\204\346""; networkTime: 803842765; firstSeq: 1; lastSeq: 7; "
1750527565422,1750527565463,3432,1,3,2,TMStatusChange,"newEvent: neCLOSING_LEDGER; ledgerSeq: 8; ledgerHash: ""a=\225\273\331\354\365*U\363\263N\367b\371\244\314-w\363\262\225Z\200\206\235\233\257?sE\267""; ledgerHashPrevious: ""\033@\177e\277\016\010u\327\371&\262\312\317Q\2361t\377x\234\001v\003%\030\325_\225g\204\346""; networkTime: 803842765; firstSeq: 1; lastSeq: 7; ","newEvent: neCLOSING_LEDGER; ledgerSeq: 8; ledgerHash: ""a=\225\273\331\354\365*U\363\263N\367b\371\244\314-w\363\262\225Z\200\206\235\233\257?sE\267""; ledgerHashPrevious: ""\033@\177e\277\016\010u\327\371&\262\312\317Q\2361t\377x\234\001v\003%\030\325_\225g\204\346""; networkTime: 803842765; firstSeq: 1; lastSeq: 7; "
1750527565422,1750527565463,1571,1,3,1,TMStatusChange,"newEvent: neCLOSING_LEDGER; ledgerSeq: 8; ledgerHash: ""a=\225\273\331\354\365*U\363\263N\367b\371\244\314-w\363\262\225Z\200\206\235\233\257?sE\267""; ledgerHashPrevious: ""\033@\177e\277\016\010u\327\371&\262\312\317Q\2361t\377x\234\001v\003%\030\325_\225g\204\346""; networkTime: 803842765; firstSeq: 1; lastSeq: 7; ","newEvent: neCLOSING_LEDGER; ledgerSeq: 8; ledgerHash: ""a=\225\273\331\354\365*U\363\263N\367b\371\244\314-w\363\262\225Z\200\206\235\233\257?sE\267""; ledgerHashPrevious: ""\033@\177e\277\016\010u\327\371&\262\312\317Q\2361t\377x\234\001v\003%\030\325_\225g\204\346""; networkTime: 803842765; firstSeq: 1; lastSeq: 7; "
1750527565566,1750527565566,2972,1,4,0,TMProposeSet,"proposeSeq: 0; currentTxHash: ""\000\000\000\000\000\000\000\000\000\000\000\000\000\000\000\000\000\000\000\000\000\000\000\000\000\000\000\000\000\000\000\000""; nodePubKey: ""\003R7o\362bV\300hf\266\241;}\200^\374\240\203[:\342Q\225\221\027y\372\255\235\216\323~""; closeTime: 803842765; signature: ""0D\002 C\212\210\007\345\247YY*\353\305Kc\242/\3163Y\325:\377zF\032\026\206\240\263\216 h\222\002 ?x\264\213\215v\273\177\265\357Y\205z\300\202\326\334\357\353\177\031\347\003$\274\240mx\257\346A\335""; previousledger: ""a=\225\273\331\354\365*U\363\263N\367b\371\244\314-w\363\262\225Z\200\206\235\233\257?sE\267""; ","proposeSeq: 0; currentTxHash: ""\000\000\000\000\000\000\000\000\000\000\000\000\000\000\000\000\000\000\000\000\000\000\000\000\000\000\000\000\000\000\000\000""; nodePubKey: ""\003R7o\362bV\300hf\266\241;}\200^\374\240\203[:\342Q\225\221\027y\372\255\235\216\323~""; closeTime: 803842765; signature: ""0D\002 C\212\210\007\345\247YY*\353\305Kc\242/\3163Y\325:\377zF\032\026\206\240\263\216 h\222\002 ?x\264\213\215v\273\177\265\357Y\205z\300\202\326\334\357\353\177\031\347\003$\274\240mx\257\346A\335""; previousledger: ""a=\225\273\331\354\365*U\363\263N\367b\371\244\314-w\363\262\225Z\200\206\235\233\257?sE\267""; "
1750527565567,1750527565567,371,1,4,3,TMProposeSet,"proposeSeq: 0; currentTxHash: ""\000\000\000\000\000\000\000\000\000\000\000\000\000\000\000\000\000\000\000\000\000\000\000\000\000\000\000\000\000\000\000\000""; nodePubKey: ""\003R7o\362bV\300hf\266\241;}\200^\374\240\203[:\342Q\225\221\027y\372\255\235\216\323~""; closeTime: 803842765; signature: ""0D\002 C\212\210\007\345\247YY*\353\305Kc\242/\3163Y\325:\377zF\032\026\206\240\263\216 h\222\002 ?x\264\213\215v\273\177\265\357Y\205z\300\202\326\334\357\353\177\031\347\003$\274\240mx\257\346A\335""; previousledger: ""a=\225\273\331\354\365*U\363\263N\367b\371\244\314-w\363\262\225Z\200\206\235\233\257?sE\267""; ","proposeSeq: 0; currentTxHash: ""\000\000\000\000\000\000\000\000\000\000\000\000\000\000\000\000\000\000\000\000\000\000\000\000\000\000\000\000\000\000\000\000""; nodePubKey: ""\003R7o\362bV\300hf\266\241;}\200^\374\240\203[:\342Q\225\221\027y\372\255\235\216\323~""; closeTime: 803842765; signature: ""0D\002 C\212\210\007\345\247YY*\353\305Kc\242/\3163Y\325:\377zF\032\026\206\240\263\216 h\222\002 ?x\264\213\215v\273\177\265\357Y\205z\300\202\326\334\357\353\177\031\347\003$\274\240mx\257\346A\335""; previousledger: ""a=\225\273\331\354\365*U\363\263N\367b\371\244\314-w\363\262\225Z\200\206\235\233\257?sE\267""; "
1750527565567,1750527565568,2441,1,4,2,TMProposeSet,"proposeSeq: 0; currentTxHash: ""\000\000\000\000\000\000\000\000\000\000\000\000\000\000\000\000\000\000\000\000\000\000\000\000\000\000\000\000\000\000\000\000""; nodePubKey: ""\003R7o\362bV\300hf\266\241;}\200^\374\240\203[:\342Q\225\221\027y\372\255\235\216\323~""; closeTime: 803842765; signature: ""0D\002 C\212\210\007\345\247YY*\353\305Kc\242/\3163Y\325:\377zF\032\026\206\240\263\216 h\222\002 ?x\264\213\215v\273\177\265\357Y\205z\300\202\326\334\357\353\177\031\347\003$\274\240mx\257\346A\335""; previousledger: ""a=\225\273\331\354\365*U\363\263N\367b\371\244\314-w\363\262\225Z\200\206\235\233\257?sE\267""; ","proposeSeq: 0; currentTxHash: ""\000\000\000\000\000\000\000\000\000\000\000\000\000\000\000\000\000\000\000\000\000\000\000\000\000\000\000\000\000\000\000\000""; nodePubKey: ""\003R7o\362bV\300hf\266\241;}\200^\374\240\203[:\342Q\225\221\027y\372\255\235\216\323~""; closeTime: 803842765; signature: ""0D\002 C\212\210\007\345\247YY*\353\305Kc\242/\3163Y\325:\377zF\032\026\206\240\263\216 h\222\002 ?x\264\213\215v\273\177\265\357Y\205z\300\202\326\334\357\353\177\031\347\003$\274\240mx\257\346A\335""; previousledger: ""a=\225\273\331\354\365*U\363\263N\367b\371\244\314-w\363\262\225Z\200\206\235\233\257?sE\267""; "
1750527565569,1750527565569,2455,1,4,1,TMProposeSet,"proposeSeq: 0; currentTxHash: ""\000\000\000\000\000\000\000\000\000\000\000\000\000\000\000\000\000\000\000\000\000\000\000\000\000\000\000\000\000\000\000\000""; nodePubKey: ""\003R7o\362bV\300hf\266\241;}\200^\374\240\203[:\342Q\225\221\027y\372\255\235\216\323~""; closeTime: 803842765; signature: ""0D\002 C\212\210\007\345\247YY*\353\305Kc\242/\3163Y\325:\377zF\032\026\206\240\263\216 h\222\002 ?x\264\213\215v\273\177\265\357Y\205z\300\202\326\334\357\353\177\031\347\003$\274\240mx\257\346A\335""; previousledger: ""a=\225\273\331\354\365*U\363\263N\367b\371\244\314-w\363\262\225Z\200\206\235\233\257?sE\267""; ","proposeSeq: 0; currentTxHash: ""\000\000\000\000\000\000\000\000\000\000\000\000\000\000\000\000\000\000\000\000\000\000\000\000\000\000\000\000\000\000\000\000""; nodePubKey: ""\003R7o\362bV\300hf\266\241;}\200^\374\240\203[:\342Q\225\221\027y\372\255\235\216\323~""; closeTime: 803842765; signature: ""0D\002 C\212\210\007\345\247YY*\353\305Kc\242/\3163Y\325:\377zF\032\026\206\240\263\216 h\222\002 ?x\264\213\215v\273\177\265\357Y\205z\300\202\326\334\357\353\177\031\347\003$\274\240mx\257\346A\335""; previousledger: ""a=\225\273\331\354\365*U\363\263N\367b\371\244\314-w\363\262\225Z\200\206\235\233\257?sE\267""; "
1750527565567,1750527565604,803,1,4,1,TMStatusChange,"newEvent: neCLOSING_LEDGER; ledgerSeq: 8; ledgerHash: ""a=\225\273\331\354\365*U\363\263N\367b\371\244\314-w\363\262\225Z\200\206\235\233\257?sE\267""; ledgerHashPrevious: ""\033@\177e\277\016\010u\327\371&\262\312\317Q\2361t\377x\234\001v\003%\030\325_\225g\204\346""; networkTime: 803842765; firstSeq: 1; lastSeq: 7; ","newEvent: neCLOSING_LEDGER; ledgerSeq: 8; ledgerHash: ""a=\225\273\331\354\365*U\363\263N\367b\371\244\314-w\363\262\225Z\200\206\235\233\257?sE\267""; ledgerHashPrevious: ""\033@\177e\277\016\010u\327\371&\262\312\317Q\2361t\377x\234\001v\003%\030\325_\225g\204\346""; networkTime: 803842765; firstSeq: 1; lastSeq: 7; "
1750527565568,1750527565604,3403,1,4,3,TMStatusChange,"newEvent: neCLOSING_LEDGER; ledgerSeq: 8; ledgerHash: ""a=\225\273\331\354\365*U\363\263N\367b\371\244\314-w\363\262\225Z\200\206\235\233\257?sE\267""; ledgerHashPrevious: ""\033@\177e\277\016\010u\327\371&\262\312\317Q\2361t\377x\234\001v\003%\030\325_\225g\204\346""; networkTime: 803842765; firstSeq: 1; lastSeq: 7; ","newEvent: neCLOSING_LEDGER; ledgerSeq: 8; ledgerHash: ""a=\225\273\331\354\365*U\363\263N\367b\371\244\314-w\363\262\225Z\200\206\235\233\257?sE\267""; ledgerHashPrevious: ""\033@\177e\277\016\010u\327\371&\262\312\317Q\2361t\377x\234\001v\003%\030\325_\225g\204\346""; networkTime: 803842765; firstSeq: 1; lastSeq: 7; "
1750527565568,1750527565604,3346,1,4,2,TMStatusChange,"newEvent: neCLOSING_LEDGER; ledgerSeq: 8; ledgerHash: ""a=\225\273\331\354\365*U\363\263N\367b\371\244\314-w\363\262\225Z\200\206\235\233\257?sE\267""; ledgerHashPrevious: ""\033@\177e\277\016\010u\327\371&\262\312\317Q\2361t\377x\234\001v\003%\030\325_\225g\204\346""; networkTime: 803842765; firstSeq: 1; lastSeq: 7; ","newEvent: neCLOSING_LEDGER; ledgerSeq: 8; ledgerHash: ""a=\225\273\331\354\365*U\363\263N\367b\371\244\314-w\363\262\225Z\200\206\235\233\257?sE\267""; ledgerHashPrevious: ""\033@\177e\277\016\010u\327\371&\262\312\317Q\2361t\377x\234\001v\003%\030\325_\225g\204\346""; networkTime: 803842765; firstSeq: 1; lastSeq: 7; "
1750527565568,1750527565604,832,1,4,0,TMStatusChange,"newEvent: neCLOSING_LEDGER; ledgerSeq: 8; ledgerHash: ""a=\225\273\331\354\365*U\363\263N\367b\371\244\314-w\363\262\225Z\200\206\235\233\257?sE\267""; ledgerHashPrevious: ""\033@\177e\277\016\010u\327\371&\262\312\317Q\2361t\377x\234\001v\003%\030\325_\225g\204\346""; networkTime: 803842765; firstSeq: 1; lastSeq: 7; ","newEvent: neCLOSING_LEDGER; ledgerSeq: 8; ledgerHash: ""a=\225\273\331\354\365*U\363\263N\367b\371\244\314-w\363\262\225Z\200\206\235\233\257?sE\267""; ledgerHashPrevious: ""\033@\177e\277\016\010u\327\371&\262\312\317Q\2361t\377x\234\001v\003%\030\325_\225g\204\346""; networkTime: 803842765; firstSeq: 1; lastSeq: 7; "
1750527565785,1750527565785,3810,1,1,4,TMGetLedger,"itype: liBASE; ledgerHash: ""a=\225\273\331\354\365*U\363\263N\367b\371\244\314-w\363\262\225Z\200\206\235\233\257?sE\267""; ","itype: liBASE; ledgerHash: ""a=\225\273\331\354\365*U\363\263N\367b\371\244\314-w\363\262\225Z\200\206\235\233\257?sE\267""; "
1750527565785,1750527565785,3810,1,1,4,TMGetLedger,"itype: liBASE; ledgerHash: ""a=\225\273\331\354\365*U\363\263N\367b\371\244\314-w\363\262\225Z\200\206\235\233\257?sE\267""; queryType: qtINDIRECT; ","itype: liBASE; ledgerHash: ""a=\225\273\331\354\365*U\363\263N\367b\371\244\314-w\363\262\225Z\200\206\235\233\257?sE\267""; queryType: qtINDIRECT; "
1750527565785,1750527565785,1495,1,1,2,TMGetLedger,"itype: liBASE; ledgerHash: ""a=\225\273\331\354\365*U\363\263N\367b\371\244\314-w\363\262\225Z\200\206\235\233\257?sE\267""; ","itype: liBASE; ledgerHash: ""a=\225\273\331\354\365*U\363\263N\367b\371\244\314-w\363\262\225Z\200\206\235\233\257?sE\267""; "
1750527565785,1750527565785,1495,1,1,2,TMGetLedger,"itype: liBASE; ledgerHash: ""a=\225\273\331\354\365*U\363\263N\367b\371\244\314-w\363\262\225Z\200\206\235\233\257?sE\267""; queryType: qtINDIRECT; ","itype: liBASE; ledgerHash: ""a=\225\273\331\354\365*U\363\263N\367b\371\244\314-w\363\262\225Z\200\206\235\233\257?sE\267""; queryType: qtINDIRECT; "
1750527565786,1750527565786,3746,1,1,4,TMValidation,"validation: """"\200\000\000\001&\000\000\000\010)/\351\252\314:\r\302\353\023?\373\240rQa=\225\273\331\354\365*U\363\263N\367b\371\244\314-w\363\262\225Z\200\206\235\233\257?sE\267P\027\000\000\000\000\000\000\000\000\000\000\000\000\000\000\000\000\000\000\000\000\000\000\000\000\000\000\000\000\000\000\000\000P\031\033@\177e\277\016\010u\327\371&\262\312\317Q\2361t\377x\234\001v\003%\030\325_\225g\204\346s!\003R7o\362bV\300hf\266\241;}\200^\374\240\203[:\342Q\225\221\027y\372\255\235\216\323~vF0D\002 B\226\021\265c\234\365\n\250,\037\201\321\207\343-\346\262\r\227\366\220\3338\330\021\342\373\247\316\272\341\002 *Ag\206\274\354\037\336`\257\216\224\317\366_&\207\311\250n@\372fT\361T \375\347\246\014\353""; ","validation: """"\200\000\000\001&\000\000\000\010)/\351\252\314:\r\302\353\023?\373\240rQa=\225\273\331\354\365*U\363\263N\367b\371\244\314-w\363\262\225Z\200\206\235\233\257?sE\267P\027\000\000\000\000\000\000\000\000\000\000\000\000\000\000\000\000\000\000\000\000\000\000\000\000\000\000\000\000\000\000\000\000P\031\033@\177e\277\016\010u\327\371&\262\312\317Q\2361t\377x\234\001v\003%\030\325_\225g\204\346s!\003R7o\362bV\300hf\266\241;}\200^\374\240\203[:\342Q\225\221\027y\372\255\235\216\323~vF0D\002 B\226\021\265c\234\365\n\250,\037\201\321\207\343-\346\262\r\227\366\220\3338\330\021\342\373\247\316\272\341\002 *Ag\206\274\354\037\336`\257\216\224\317\366_&\207\311\250n@\372fT\361T \375\347\246\014\353""; "
1750527565786,1750527565786,2920,1,1,0,TMGetLedger,"itype: liBASE; ledgerHash: ""a=\225\273\331\354\365*U\363\263N\367b\371\244\314-w\363\262\225Z\200\206\235\233\257?sE\267""; ","itype: liBASE; ledgerHash: ""a=\225\273\331\354\365*U\363\263N\367b\371\244\314-w\363\262\225Z\200\206\235\233\257?sE\267""; "
1750527565787,1750527565787,1311,1,1,3,TMValidation,"validation: """"\200\000\000\001&\000\000\000\010)/\351\252\314:\r\302\353\023?\373\240rQa=\225\273\331\354\365*U\363\263N\367b\371\244\314-w\363\262\225Z\200\206\235\233\257?sE\267P\027\000\000\000\000\000\000\000\000\000\000\000\000\000\000\000\000\000\000\000\000\000\000\000\000\000\000\000\000\000\000\000\000P\031\033@\177e\277\016\010u\327\371&\262\312\317Q\2361t\377x\234\001v\003%\030\325_\225g\204\346s!\003R7o\362bV\300hf\266\241;}\200^\374\240\203[:\342Q\225\221\027y\372\255\235\216\323~vF0D\002 B\226\021\265c\234\365\n\250,\037\201\321\207\343-\346\262\r\227\366\220\3338\330\021\342\373\247\316\272\341\002 *Ag\206\274\354\037\336`\257\216\224\317\366_&\207\311\250n@\372fT\361T \375\347\246\014\353""; ","validation: """"\200\000\000\001&\000\000\000\010)/\351\252\314:\r\302\353\023?\373\240rQa=\225\273\331\354\365*U\363\263N\367b\371\244\314-w\363\262\225Z\200\206\235\233\257?sE\267P\027\000\000\000\000\000\000\000\000\000\000\000\000\000\000\000\000\000\000\000\000\000\000\000\000\000\000\000\000\000\000\000\000P\031\033@\177e\277\016\010u\327\371&\262\312\317Q\2361t\377x\234\001v\003%\030\325_\225g\204\346s!\003R7o\362bV\300hf\266\241;}\200^\374\240\203[:\342Q\225\221\027y\372\255\235\216\323~vF0D\002 B\226\021\265c\234\365\n\250,\037\201\321\207\343-\346\262\r\227\366\220\3338\330\021\342\373\247\316\272\341\002 *Ag\206\274\354\037\336`\257\216\224\317\366_&\207\311\250n@\372fT\361T \375\347\246\014\353""; "
1750527565787,1750527565787,3769,1,1,3,TMGetLedger,"itype: liBASE; ledgerHash: ""a=\225\273\331\354\365*U\363\263N\367b\371\244\314-w\363\262\225Z\200\206\235\233\257?sE\267""; queryType: qtINDIRECT; ","itype: liBASE; ledgerHash: ""a=\225\273\331\354\365*U\363\263N\367b\371\244\314-w\363\262\225Z\200\206\235\233\257?sE\267""; queryType: qtINDIRECT; "
1750527565787,1750527565787,3769,1,1,3,TMGetLedger,"itype: liBASE; ledgerHash: ""a=\225\273\331\354\365*U\363\263N\367b\371\244\314-w\363\262\225Z\200\206\235\233\257?sE\267""; ","itype: liBASE; ledgerHash: ""a=\225\273\331\354\365*U\363\263N\367b\371\244\314-w\363\262\225Z\200\206\235\233\257?sE\267""; "
1750527565826,1750527565826,2920,1,1,0,TMGetLedger,"itype: liBASE; ledgerHash: ""a=\225\273\331\354\365*U\363\263N\367b\371\244\314-w\363\262\225Z\200\206\235\233\257?sE\267""; queryType: qtINDIRECT; ","itype: liBASE; ledgerHash: ""a=\225\273\331\354\365*U\363\263N\367b\371\244\314-w\363\262\225Z\200\206\235\233\257?sE\267""; queryType: qtINDIRECT; "
1750527565826,1750527565826,2229,1,1,0,TMValidation,"validation: """"\200\000\000\001&\000\000\000\010)/\351\252\314:\r\302\353\023?\373\240rQa=\225\273\331\354\365*U\363\263N\367b\371\244\314-w\363\262\225Z\200\206\235\233\257?sE\267P\027\000\000\000\000\000\000\000\000\000\000\000\000\000\000\000\000\000\000\000\000\000\000\000\000\000\000\000\000\000\000\000\000P\031\033@\177e\277\016\010u\327\371&\262\312\317Q\2361t\377x\234\001v\003%\030\325_\225g\204\346s!\003R7o\362bV\300hf\266\241;}\200^\374\240\203[:\342Q\225\221\027y\372\255\235\216\323~vF0D\002 B\226\021\265c\234\365\n\250,\037\201\321\207\343-\346\262\r\227\366\220\3338\330\021\342\373\247\316\272\341\002 *Ag\206\274\354\037\336`\257\216\224\317\366_&\207\311\250n@\372fT\361T \375\347\246\014\353""; ","validation: """"\200\000\000\001&\000\000\000\010)/\351\252\314:\r\302\353\023?\373\240rQa=\225\273\331\354\365*U\363\263N\367b\371\244\314-w\363\262\225Z\200\206\235\233\257?sE\267P\027\000\000\000\000\000\000\000\000\000\000\000\000\000\000\000\000\000\000\000\000\000\000\000\000\000\000\000\000\000\000\000\000P\031\033@\177e\277\016\010u\327\371&\262\312\317Q\2361t\377x\234\001v\003%\030\325_\225g\204\346s!\003R7o\362bV\300hf\266\241;}\200^\374\240\203[:\342Q\225\221\027y\372\255\235\216\323~vF0D\002 B\226\021\265c\234\365\n\250,\037\201\321\207\343-\346\262\r\227\366\220\3338\330\021\342\373\247\316\272\341\002 *Ag\206\274\354\037\336`\257\216\224\317\366_&\207\311\250n@\372fT\361T \375\347\246\014\353""; "
1750527565890,1750527565890,380,1,0,4,TMGetLedger,"itype: liBASE; ledgerHash: ""a=\225\273\331\354\365*U\363\263N\367b\371\244\314-w\363\262\225Z\200\206\235\233\257?sE\267""; ","itype: liBASE; ledgerHash: ""a=\225\273\331\354\365*U\363\263N\367b\371\244\314-w\363\262\225Z\200\206\235\233\257?sE\267""; "
1750527565891,1750527565891,3094,1,0,3,TMGetLedger,"itype: liBASE; ledgerHash: ""a=\225\273\331\354\365*U\363\263N\367b\371\244\314-w\363\262\225Z\200\206\235\233\257?sE\267""; queryType: qtINDIRECT; ","itype: liBASE; ledgerHash: ""a=\225\273\331\354\365*U\363\263N\367b\371\244\314-w\363\262\225Z\200\206\235\233\257?sE\267""; queryType: qtINDIRECT; "
1750527565891,1750527565891,3094,1,0,3,TMGetLedger,"itype: liBASE; ledgerHash: ""a=\225\273\331\354\365*U\363\263N\367b\371\244\314-w\363\262\225Z\200\206\235\233\257?sE\267""; ","itype: liBASE; ledgerHash: ""a=\225\273\331\354\365*U\363\263N\367b\371\244\314-w\363\262\225Z\200\206\235\233\257?sE\267""; "
1750527565891,1750527565891,3375,1,0,1,TMGetLedger,"itype: liBASE; ledgerHash: ""a=\225\273\331\354\365*U\363\263N\367b\371\244\314-w\363\262\225Z\200\206\235\233\257?sE\267""; ","itype: liBASE; ledgerHash: ""a=\225\273\331\354\365*U\363\263N\367b\371\244\314-w\363\262\225Z\200\206\235\233\257?sE\267""; "
1750527565892,1750527565892,1199,1,0,2,TMGetLedger,"itype: liBASE; ledgerHash: ""a=\225\273\331\354\365*U\363\263N\367b\371\244\314-w\363\262\225Z\200\206\235\233\257?sE\267""; queryType: qtINDIRECT; ","itype: liBASE; ledgerHash: ""a=\225\273\331\354\365*U\363\263N\367b\371\244\314-w\363\262\225Z\200\206\235\233\257?sE\267""; queryType: qtINDIRECT; "
1750527565893,1750527565893,3375,1,0,1,TMGetLedger,"itype: liBASE; ledgerHash: ""a=\225\273\331\354\365*U\363\263N\367b\371\244\314-w\363\262\225Z\200\206\235\233\257?sE\267""; queryType: qtINDIRECT; ","itype: liBASE; ledgerHash: ""a=\225\273\331\354\365*U\363\263N\367b\371\244\314-w\363\262\225Z\200\206\235\233\257?sE\267""; queryType: qtINDIRECT; "
1750527565893,1750527565893,2261,1,0,1,TMValidation,"validation: """"\200\000\000\001&\000\000\000\010)/\351\252\314:\r\302\353\023?\373\240rQa=\225\273\331\354\365*U\363\263N\367b\371\244\314-w\363\262\225Z\200\206\235\233\257?sE\267P\027\000\000\000\000\000\000\000\000\000\000\000\000\000\000\000\000\000\000\000\000\000\000\000\000\000\000\000\000\000\000\000\000P\031\033@\177e\277\016\010u\327\371&\262\312\317Q\2361t\377x\234\001v\003%\030\325_\225g\204\346s!\003R7o\362bV\300hf\266\241;}\200^\374\240\203[:\342Q\225\221\027y\372\255\235\216\323~vF0D\002 B\226\021\265c\234\365\n\250,\037\201\321\207\343-\346\262\r\227\366\220\3338\330\021\342\373\247\316\272\341\002 *Ag\206\274\354\037\336`\257\216\224\317\366_&\207\311\250n@\372fT\361T \375\347\246\014\353""; ","validation: """"\200\000\000\001&\000\000\000\010)/\351\252\314:\r\302\353\023?\373\240rQa=\225\273\331\354\365*U\363\263N\367b\371\244\314-w\363\262\225Z\200\206\235\233\257?sE\267P\027\000\000\000\000\000\000\000\000\000\000\000\000\000\000\000\000\000\000\000\000\000\000\000\000\000\000\000\000\000\000\000\000P\031\033@\177e\277\016\010u\327\371&\262\312\317Q\2361t\377x\234\001v\003%\030\325_\225g\204\346s!\003R7o\362bV\300hf\266\241;}\200^\374\240\203[:\342Q\225\221\027y\372\255\235\216\323~vF0D\002 B\226\021\265c\234\365\n\250,\037\201\321\207\343-\346\262\r\227\366\220\3338\330\021\342\373\247\316\272\341\002 *Ag\206\274\354\037\336`\257\216\224\317\366_&\207\311\250n@\372fT\361T \375\347\246\014\353""; "
1750527565893,1750527565893,3422,1,0,3,TMValidation,"validation: """"\200\000\000\001&\000\000\000\010)/\351\252\314:\r\302\353\023?\373\240rQa=\225\273\331\354\365*U\363\263N\367b\371\244\314-w\363\262\225Z\200\206\235\233\257?sE\267P\027\000\000\000\000\000\000\000\000\000\000\000\000\000\000\000\000\000\000\000\000\000\000\000\000\000\000\000\000\000\000\000\000P\031\033@\177e\277\016\010u\327\371&\262\312\317Q\2361t\377x\234\001v\003%\030\325_\225g\204\346s!\003R7o\362bV\300hf\266\241;}\200^\374\240\203[:\342Q\225\221\027y\372\255\235\216\323~vF0D\002 B\226\021\265c\234\365\n\250,\037\201\321\207\343-\346\262\r\227\366\220\3338\330\021\342\373\247\316\272\341\002 *Ag\206\274\354\037\336`\257\216\224\317\366_&\207\311\250n@\372fT\361T \375\347\246\014\353""; ","validation: """"\200\000\000\001&\000\000\000\010)/\351\252\314:\r\302\353\023?\373\240rQa=\225\273\331\354\365*U\363\263N\367b\371\244\314-w\363\262\225Z\200\206\235\233\257?sE\267P\027\000\000\000\000\000\000\000\000\000\000\000\000\000\000\000\000\000\000\000\000\000\000\000\000\000\000\000\000\000\000\000\000P\031\033@\177e\277\016\010u\327\371&\262\312\317Q\2361t\377x\234\001v\003%\030\325_\225g\204\346s!\003R7o\362bV\300hf\266\241;}\200^\374\240\203[:\342Q\225\221\027y\372\255\235\216\323~vF0D\002 B\226\021\265c\234\365\n\250,\037\201\321\207\343-\346\262\r\227\366\220\3338\330\021\342\373\247\316\272\341\002 *Ag\206\274\354\037\336`\257\216\224\317\366_&\207\311\250n@\372fT\361T \375\347\246\014\353""; "
1750527565893,1750527565893,1199,1,0,2,TMGetLedger,"itype: liBASE; ledgerHash: ""a=\225\273\331\354\365*U\363\263N\367b\371\244\314-w\363\262\225Z\200\206\235\233\257?sE\267""; ","itype: liBASE; ledgerHash: ""a=\225\273\331\354\365*U\363\263N\367b\371\244\314-w\363\262\225Z\200\206\235\233\257?sE\267""; "
1750527565934,1750527565934,782,1,0,4,TMValidation,"validation: """"\200\000\000\001&\000\000\000\010)/\351\252\314:\r\302\353\023?\373\240rQa=\225\273\331\354\365*U\363\263N\367b\371\244\314-w\363\262\225Z\200\206\235\233\257?sE\267P\027\000\000\000\000\000\000\000\000\000\000\000\000\000\000\000\000\000\000\000\000\000\000\000\000\000\000\000\000\000\000\000\000P\031\033@\177e\277\016\010u\327\371&\262\312\317Q\2361t\377x\234\001v\003%\030\325_\225g\204\346s!\003R7o\362bV\300hf\266\241;}\200^\374\240\203[:\342Q\225\221\027y\372\255\235\216\323~vF0D\002 B\226\021\265c\234\365\n\250,\037\201\321\207\343-\346\262\r\227\366\220\3338\330\021\342\373\247\316\272\341\002 *Ag\206\274\354\037\336`\257\216\224\317\366_&\207\311\250n@\372fT\361T \375\347\246\014\353""; ","validation: """"\200\000\000\001&\000\000\000\010)/\351\252\314:\r\302\353\023?\373\240rQa=\225\273\331\354\365*U\363\263N\367b\371\244\314-w\363\262\225Z\200\206\235\233\257?sE\267P\027\000\000\000\000\000\000\000\000\000\000\000\000\000\000\000\000\000\000\000\000\000\000\000\000\000\000\000\000\000\000\000\000P\031\033@\177e\277\016\010u\327\371&\262\312\317Q\2361t\377x\234\001v\003%\030\325_\225g\204\346s!\003R7o\362bV\300hf\266\241;}\200^\374\240\203[:\342Q\225\221\027y\372\255\235\216\323~vF0D\002 B\226\021\265c\234\365\n\250,\037\201\321\207\343-\346\262\r\227\366\220\3338\330\021\342\373\247\316\272\341\002 *Ag\206\274\354\037\336`\257\216\224\317\366_&\207\311\250n@\372fT\361T \375\347\246\014\353""; "
1750527565934,1750527565934,380,1,0,4,TMGetLedger,"itype: liBASE; ledgerHash: ""a=\225\273\331\354\365*U\363\263N\367b\371\244\314-w\363\262\225Z\200\206\235\233\257?sE\267""; queryType: qtINDIRECT; ","itype: liBASE; ledgerHash: ""a=\225\273\331\354\365*U\363\263N\367b\371\244\314-w\363\262\225Z\200\206\235\233\257?sE\267""; queryType: qtINDIRECT; "
1750527565938,1750527565939,3787,1,3,2,TMProposeSet,"proposeSeq: 0; currentTxHash: ""\000\000\000\000\000\000\000\000\000\000\000\000\000\000\000\000\000\000\000\000\000\000\000\000\000\000\000\000\000\000\000\000""; nodePubKey: ""\003R7o\362bV\300hf\266\241;}\200^\374\240\203[:\342Q\225\221\027y\372\255\235\216\323~""; closeTime: 803842765; signature: ""0D\002 C\212\210\007\345\247YY*\353\305Kc\242/\3163Y\325:\377zF\032\026\206\240\263\216 h\222\002 ?x\264\213\215v\273\177\265\357Y\205z\300\202\326\334\357\353\177\031\347\003$\274\240mx\257\346A\335""; previousledger: ""a=\225\273\331\354\365*U\363\263N\367b\371\244\314-w\363\262\225Z\200\206\235\233\257?sE\267""; ","proposeSeq: 0; currentTxHash: ""\000\000\000\000\000\000\000\000\000\000\000\000\000\000\000\000\000\000\000\000\000\000\000\000\000\000\000\000\000\000\000\000""; nodePubKey: ""\003R7o\362bV\300hf\266\241;}\200^\374\240\203[:\342Q\225\221\027y\372\255\235\216\323~""; closeTime: 803842765; signature: ""0D\002 C\212\210\007\345\247YY*\353\305Kc\242/\3163Y\325:\377zF\032\026\206\240\263\216 h\222\002 ?x\264\213\215v\273\177\265\357Y\205z\300\202\326\334\357\353\177\031\347\003$\274\240mx\257\346A\335""; previousledger: ""a=\225\273\331\354\365*U\363\263N\367b\371\244\314-w\363\262\225Z\200\206\235\233\257?sE\267""; "
1750527565939,1750527565939,3830,1,3,1,TMProposeSet,"proposeSeq: 0; currentTxHash: ""\000\000\000\000\000\000\000\000\000\000\000\000\000\000\000\000\000\000\000\000\000\000\000\000\000\000\000\000\000\000\000\000""; nodePubKey: ""\003R7o\362bV\300hf\266\241;}\200^\374\240\203[:\342Q\225\221\027y\372\255\235\216\323~""; closeTime: 803842765; signature: ""0D\002 C\212\210\007\345\247YY*\353\305Kc\242/\3163Y\325:\377zF\032\026\206\240\263\216 h\222\002 ?x\264\213\215v\273\177\265\357Y\205z\300\202\326\334\357\353\177\031\347\003$\274\240mx\257\346A\335""; previousledger: ""a=\225\273\331\354\365*U\363\263N\367b\371\244\314-w\363\262\225Z\200\206\235\233\257?sE\267""; ","proposeSeq: 0; currentTxHash: ""\000\000\000\000\000\000\000\000\000\000\000\000\000\000\000\000\000\000\000\000\000\000\000\000\000\000\000\000\000\000\000\000""; nodePubKey: ""\003R7o\362bV\300hf\266\241;}\200^\374\240\203[:\342Q\225\221\027y\372\255\235\216\323~""; closeTime: 803842765; signature: ""0D\002 C\212\210\007\345\247YY*\353\305Kc\242/\3163Y\325:\377zF\032\026\206\240\263\216 h\222\002 ?x\264\213\215v\273\177\265\357Y\205z\300\202\326\334\357\353\177\031\347\003$\274\240mx\257\346A\335""; previousledger: ""a=\225\273\331\354\365*U\363\263N\367b\371\244\314-w\363\262\225Z\200\206\235\233\257?sE\267""; "
1750527565939,1750527565939,2201,1,3,0,TMProposeSet,"proposeSeq: 0; currentTxHash: ""\000\000\000\000\000\000\000\000\000\000\000\000\000\000\000\000\000\000\000\000\000\000\000\000\000\000\000\000\000\000\000\000""; nodePubKey: ""\003R7o\362bV\300hf\266\241;}\200^\374\240\203[:\342Q\225\221\027y\372\255\235\216\323~""; closeTime: 803842765; signature: ""0D\002 C\212\210\007\345\247YY*\353\305Kc\242/\3163Y\325:\377zF\032\026\206\240\263\216 h\222\002 ?x\264\213\215v\273\177\265\357Y\205z\300\202\326\334\357\353\177\031\347\003$\274\240mx\257\346A\335""; previousledger: ""a=\225\273\331\354\365*U\363\263N\367b\371\244\314-w\363\262\225Z\200\206\235\233\257?sE\267""; ","proposeSeq: 0; currentTxHash: ""\000\000\000\000\000\000\000\000\000\000\000\000\000\000\000\000\000\000\000\000\000\000\000\000\000\000\000\000\000\000\000\000""; nodePubKey: ""\003R7o\362bV\300hf\266\241;}\200^\374\240\203[:\342Q\225\221\027y\372\255\235\216\323~""; closeTime: 803842765; signature: ""0D\002 C\212\210\007\345\247YY*\353\305Kc\242/\3163Y\325:\377zF\032\026\206\240\263\216 h\222\002 ?x\264\213\215v\273\177\265\357Y\205z\300\202\326\334\357\353\177\031\347\003$\274\240mx\257\346A\335""; previousledger: ""a=\225\273\331\354\365*U\363\263N\367b\371\244\314-w\363\262\225Z\200\206\235\233\257?sE\267""; "
1750527566033,1750527566033,380,1,0,4,TMGetLedger,"itype: liBASE; ledgerHash: ""a=\225\273\331\354\365*U\363\263N\367b\371\244\314-w\363\262\225Z\200\206\235\233\257?sE\267""; ledgerSeq: 8; requestCookie: 3; queryType: qtINDIRECT; ","itype: liBASE; ledgerHash: ""a=\225\273\331\354\365*U\363\263N\367b\371\244\314-w\363\262\225Z\200\206\235\233\257?sE\267""; ledgerSeq: 8; requestCookie: 3; queryType: qtINDIRECT; "
1750527566122,1750527566122,3736,1,3,4,TMValidation,"validation: """"\200\000\000\001&\000\000\000\010)/\351\252\314:\r\302\353\023?\373\240rQa=\225\273\331\354\365*U\363\263N\367b\371\244\314-w\363\262\225Z\200\206\235\233\257?sE\267P\027\000\000\000\000\000\000\000\000\000\000\000\000\000\000\000\000\000\000\000\000\000\000\000\000\000\000\000\000\000\000\000\000P\031\033@\177e\277\016\010u\327\371&\262\312\317Q\2361t\377x\234\001v\003%\030\325_\225g\204\346s!\003R7o\362bV\300hf\266\241;}\200^\374\240\203[:\342Q\225\221\027y\372\255\235\216\323~vF0D\002 B\226\021\265c\234\365\n\250,\037\201\321\207\343-\346\262\r\227\366\220\3338\330\021\342\373\247\316\272\341\002 *Ag\206\274\354\037\336`\257\216\224\317\366_&\207\311\250n@\372fT\361T \375\347\246\014\353""; ","validation: """"\200\000\000\001&\000\000\000\010)/\351\252\314:\r\302\353\023?\373\240rQa=\225\273\331\354\365*U\363\263N\367b\371\244\314-w\363\262\225Z\200\206\235\233\257?sE\267P\027\000\000\000\000\000\000\000\000\000\000\000\000\000\000\000\000\000\000\000\000\000\000\000\000\000\000\000\000\000\000\000\000P\031\033@\177e\277\016\010u\327\371&\262\312\317Q\2361t\377x\234\001v\003%\030\325_\225g\204\346s!\003R7o\362bV\300hf\266\241;}\200^\374\240\203[:\342Q\225\221\027y\372\255\235\216\323~vF0D\002 B\226\021\265c\234\365\n\250,\037\201\321\207\343-\346\262\r\227\366\220\3338\330\021\342\373\247\316\272\341\002 *Ag\206\274\354\037\336`\257\216\224\317\366_&\207\311\250n@\372fT\361T \375\347\246\014\353""; "
1750527566122,1750527566122,1777,1,3,0,TMValidation,"validation: """"\200\000\000\001&\000\000\000\010)/\351\252\314:\r\302\353\023?\373\240rQa=\225\273\331\354\365*U\363\263N\367b\371\244\314-w\363\262\225Z\200\206\235\233\257?sE\267P\027\000\000\000\000\000\000\000\000\000\000\000\000\000\000\000\000\000\000\000\000\000\000\000\000\000\000\000\000\000\000\000\000P\031\033@\177e\277\016\010u\327\371&\262\312\317Q\2361t\377x\234\001v\003%\030\325_\225g\204\346s!\003R7o\362bV\300hf\266\241;}\200^\374\240\203[:\342Q\225\221\027y\372\255\235\216\323~vF0D\002 B\226\021\265c\234\365\n\250,\037\201\321\207\343-\346\262\r\227\366\220\3338\330\021\342\373\247\316\272\341\002 *Ag\206\274\354\037\336`\257\216\224\317\366_&\207\311\250n@\372fT\361T \375\347\246\014\353""; ","validation: """"\200\000\000\001&\000\000\000\010)/\351\252\314:\r\302\353\023?\373\240rQa=\225\273\331\354\365*U\363\263N\367b\371\244\314-w\363\262\225Z\200\206\235\233\257?sE\267P\027\000\000\000\000\000\000\000\000\000\000\000\000\000\000\000\000\000\000\000\000\000\000\000\000\000\000\000\000\000\000\000\000P\031\033@\177e\277\016\010u\327\371&\262\312\317Q\2361t\377x\234\001v\003%\030\325_\225g\204\346s!\003R7o\362bV\300hf\266\241;}\200^\374\240\203[:\342Q\225\221\027y\372\255\235\216\323~vF0D\002 B\226\021\265c\234\365\n\250,\037\201\321\207\343-\346\262\r\227\366\220\3338\330\021\342\373\247\316\272\341\002 *Ag\206\274\354\037\336`\257\216\224\317\366_&\207\311\250n@\372fT\361T \375\347\246\014\353""; "
1750527566122,1750527566122,3459,1,3,1,TMValidation,"validation: """"\200\000\000\001&\000\000\000\010)/\351\252\314:\r\302\353\023?\373\240rQa=\225\273\331\354\365*U\363\263N\367b\371\244\314-w\363\262\225Z\200\206\235\233\257?sE\267P\027\000\000\000\000\000\000\000\000\000\000\000\000\000\000\000\000\000\000\000\000\000\000\000\000\000\000\000\000\000\000\000\000P\031\033@\177e\277\016\010u\327\371&\262\312\317Q\2361t\377x\234\001v\003%\030\325_\225g\204\346s!\003R7o\362bV\300hf\266\241;}\200^\374\240\203[:\342Q\225\221\027y\372\255\235\216\323~vF0D\002 B\226\021\265c\234\365\n\250,\037\201\321\207\343-\346\262\r\227\366\220\3338\330\021\342\373\247\316\272\341\002 *Ag\206\274\354\037\336`\257\216\224\317\366_&\207\311\250n@\372fT\361T \375\347\246\014\353""; ","validation: """"\200\000\000\001&\000\000\000\010)/\351\252\314:\r\302\353\023?\373\240rQa=\225\273\331\354\365*U\363\263N\367b\371\244\314-w\363\262\225Z\200\206\235\233\257?sE\267P\027\000\000\000\000\000\000\000\000\000\000\000\000\000\000\000\000\000\000\000\000\000\000\000\000\000\000\000\000\000\000\000\000P\031\033@\177e\277\016\010u\327\371&\262\312\317Q\2361t\377x\234\001v\003%\030\325_\225g\204\346s!\003R7o\362bV\300hf\266\241;}\200^\374\240\203[:\342Q\225\221\027y\372\255\235\216\323~vF0D\002 B\226\021\265c\234\365\n\250,\037\201\321\207\343-\346\262\r\227\366\220\3338\330\021\342\373\247\316\272\341\002 *Ag\206\274\354\037\336`\257\216\224\317\366_&\207\311\250n@\372fT\361T \375\347\246\014\353""; "
1750527566241,1750527566241,1933,1,0,2,TMValidation,"validation: """"\200\000\000\001&\000\000\000\010)/\351\252\314:p\210\265\307-\212\200\004Qa=\225\273\331\354\365*U\363\263N\367b\371\244\314-w\363\262\225Z\200\206\235\233\257?sE\267P\027\000\000\000\000\000\000\000\000\000\000\000\000\000\000\000\000\000\000\000\000\000\000\000\000\000\000\000\000\000\000\000\000P\031\033@\177e\277\016\010u\327\371&\262\312\317Q\2361t\377x\234\001v\003%\030\325_\225g\204\346s!\002\364d\217\366\217|\316F\232\231\241\n\261\333`\312O\367\235\025DD\336e\367\n\312\326\221\037\025\230vG0E\002!\000\315\242EEG>\232\247\357\214\244\300a\230\233\264\216pw\2718\325\001C\017\350<\036(v\240\232\002 [\213\212\014a\220\270\326b\013\002\273\316\270\244\243\241.\316\31380\315 \266\346\217\272WwRk""; ","validation: """"\200\000\000\001&\000\000\000\010)/\351\252\314:p\210\265\307-\212\200\004Qa=\225\273\331\354\365*U\363\263N\367b\371\244\314-w\363\262\225Z\200\206\235\233\257?sE\267P\027\000\000\000\000\000\000\000\000\000\000\000\000\000\000\000\000\000\000\000\000\000\000\000\000\000\000\000\000\000\000\000\000P\031\033@\177e\277\016\010u\327\371&\262\312\317Q\2361t\377x\234\001v\003%\030\325_\225g\204\346s!\002\364d\217\366\217|\316F\232\231\241\n\261\333`\312O\367\235\025DD\336e\367\n\312\326\221\037\025\230vG0E\002!\000\315\242EEG>\232\247\357\214\244\300a\230\233\264\216pw\2718\325\001C\017\350<\036(v\240\232\002 [\213\212\014a\220\270\326b\013\002\273\316\270\244\243\241.\316\31380\315 \266\346\217\272WwRk""; "
1750527566242,1750527566242,2261,1,0,1,TMValidation,"validation: """"\200\000\000\001&\000\000\000\010)/\351\252\314:p\210\265\307-\212\200\004Qa=\225\273\331\354\365*U\363\263N\367b\371\244\314-w\363\262\225Z\200\206\235\233\257?sE\267P\027\000\000\000\000\000\000\000\000\000\000\000\000\000\000\000\000\000\000\000\000\000\000\000\000\000\000\000\000\000\000\000\000P\031\033@\177e\277\016\010u\327\371&\262\312\317Q\2361t\377x\234\001v\003%\030\325_\225g\204\346s!\002\364d\217\366\217|\316F\232\231\241\n\261\333`\312O\367\235\025DD\336e\367\n\312\326\221\037\025\230vG0E\002!\000\315\242EEG>\232\247\357\214\244\300a\230\233\264\216pw\2718\325\001C\017\350<\036(v\240\232\002 [\213\212\014a\220\270\326b\013\002\273\316\270\244\243\241.\316\31380\315 \266\346\217\272WwRk""; ","validation: """"\200\000\000\001&\000\000\000\010)/\351\252\314:p\210\265\307-\212\200\004Qa=\225\273\331\354\365*U\363\263N\367b\371\244\314-w\363\262\225Z\200\206\235\233\257?sE\267P\027\000\000\000\000\000\000\000\000\000\000\000\000\000\000\000\000\000\000\000\000\000\000\000\000\000\000\000\000\000\000\000\000P\031\033@\177e\277\016\010u\327\371&\262\312\317Q\2361t\377x\234\001v\003%\030\325_\225g\204\346s!\002\364d\217\366\217|\316F\232\231\241\n\261\333`\312O\367\235\025DD\336e\367\n\312\326\221\037\025\230vG0E\002!\000\315\242EEG>\232\247\357\214\244\300a\230\233\264\216pw\2718\325\001C\017\350<\036(v\240\232\002 [\213\212\014a\220\270\326b\013\002\273\316\270\244\243\241.\316\31380\315 \266\346\217\272WwRk""; "
1750527566242,1750527566242,782,1,0,4,TMValidation,"validation: """"\200\000\000\001&\000\000\000\010)/\351\252\314:p\210\265\307-\212\200\004Qa=\225\273\331\354\365*U\363\263N\367b\371\244\314-w\363\262\225Z\200\206\235\233\257?sE\267P\027\000\000\000\000\000\000\000\000\000\000\000\000\000\000\000\000\000\000\000\000\000\000\000\000\000\000\000\000\000\000\000\000P\031\033@\177e\277\016\010u\327\371&\262\312\317Q\2361t\377x\234\001v\003%\030\325_\225g\204\346s!\002\364d\217\366\217|\316F\232\231\241\n\261\333`\312O\367\235\025DD\336e\367\n\312\326\221\037\025\230vG0E\002!\000\315\242EEG>\232\247\357\214\244\300a\230\233\264\216pw\2718\325\001C\017\350<\036(v\240\232\002 [\213\212\014a\220\270\326b\013\002\273\316\270\244\243\241.\316\31380\315 \266\346\217\272WwRk""; ","validation: """"\200\000\000\001&\000\000\000\010)/\351\252\314:p\210\265\307-\212\200\004Qa=\225\273\331\354\365*U\363\263N\367b\371\244\314-w\363\262\225Z\200\206\235\233\257?sE\267P\027\000\000\000\000\000\000\000\000\000\000\000\000\000\000\000\000\000\000\000\000\000\000\000\000\000\000\000\000\000\000\000\000P\031\033@\177e\277\016\010u\327\371&\262\312\317Q\2361t\377x\234\001v\003%\030\325_\225g\204\346s!\002\364d\217\366\217|\316F\232\231\241\n\261\333`\312O\367\235\025DD\336e\367\n\312\326\221\037\025\230vG0E\002!\000\315\242EEG>\232\247\357\214\244\300a\230\233\264\216pw\2718\325\001C\017\350<\036(v\240\232\002 [\213\212\014a\220\270\326b\013\002\273\316\270\244\243\241.\316\31380\315 \266\346\217\272WwRk""; "
1750527566273,1750527566273,3378,1,4,0,TMLedgerData,"ledgerHash: ""a=\225\273\331\354\365*U\363\263N\367b\371\244\314-w\363\262\225Z\200\206\235\233\257?sE\267""; ledgerSeq: 8; type: liBASE; nodes {;   nodedata: ""\000\000\000\010\001cEx]\211\377\330\033@\177e\277\016\010u\327\371&\262\312\317Q\2361t\377x\234\001v\003%\030\325_\225g\204\346\000\000\000\000\000\000\000\000\000\000\000\000\000\000\000\000\000\000\000\000\000\000\000\000\000\000\000\000\000\000\000\0006\207\227F[\243v\371\255c\270\254{\234\371\211\025\226%\351\352\037\264\262\021\311\263k\232\376\007\352/\351\252\264/\351\252\310\n\000""; }; nodes {;   nodedata: ""\323C\344\327\264{\312-\017:\006{\177\344N\002\326bO\260\220\006\033\362\345\005U\221DzJ0\001\301\025%1L\307\t\261\262z\374\222T\301\274V\236\223\262\270Ct\362\337b\356\024*\324\320\351\317\002k\336\234\027v\351\217\260\303\360\233ZPZWr\246$w\313\313\r\243r\232\2234\373\3539:N\004Q\245\272D\312D\300\300\t\323\0257\345e\271\na\215{\226\255x%T\257\037\333\004\344_/R\006E\344\037@\210\363\010\336T\226\247'\204_{\261\370""1\235\2445\343\033Y!\212\201\341\272\225'\007\265l7#N\236*T\346\016\255|M\nD8\n\343\313/\214\216\001\224\267\346}/\277\005?\336\013\003""; }; ","ledgerHash: ""a=\225\273\331\354\365*U\363\263N\367b\371\244\314-w\363\262\225Z\200\206\235\233\257?sE\267""; ledgerSeq: 8; type: liBASE; nodes {;   nodedata: ""\000\000\000\010\001cEx]\211\377\330\033@\177e\277\016\010u\327\371&\262\312\317Q\2361t\377x\234\001v\003%\030\325_\225g\204\346\000\000\000\000\000\000\000\000\000\000\000\000\000\000\000\000\000\000\000\000\000\000\000\000\000\000\000\000\000\000\000\0006\207\227F[\243v\371\255c\270\254{\234\371\211\025\226%\351\352\037\264\262\021\311\263k\232\376\007\352/\351\252\264/\351\252\310\n\000""; }; nodes {;   nodedata: ""\323C\344\327\264{\312-\017:\006{\177\344N\002\326bO\260\220\006\033\362\345\005U\221DzJ0\001\301\025%1L\307\t\261\262z\374\222T\301\274V\236\223\262\270Ct\362\337b\356\024*\324\320\351\317\002k\336\234\027v\351\217\260\303\360\233ZPZWr\246$w\313\313\r\243r\232\2234\373\3539:N\004Q\245\272D\312D\300\300\t\323\0257\345e\271\na\215{\226\255x%T\257\037\333\004\344_/R\006E\344\037@\210\363\010\336T\226\247'\204_{\261\370""1\235\2445\343\033Y!\212\201\341\272\225'\007\265l7#N\236*T\346\016\255|M\nD8\n\343\313/\214\216\001\224\267\346}/\277\005?\336\013\003""; }; "
1750527566316,1750527566316,3378,1,4,0,TMLedgerData,"ledgerHash: ""a=\225\273\331\354\365*U\363\263N\367b\371\244\314-w\363\262\225Z\200\206\235\233\257?sE\267""; ledgerSeq: 8; type: liBASE; nodes {;   nodedata: ""\000\000\000\010\001cEx]\211\377\330\033@\177e\277\016\010u\327\371&\262\312\317Q\2361t\377x\234\001v\003%\030\325_\225g\204\346\000\000\000\000\000\000\000\000\000\000\000\000\000\000\000\000\000\000\000\000\000\000\000\000\000\000\000\000\000\000\000\0006\207\227F[\243v\371\255c\270\254{\234\371\211\025\226%\351\352\037\264\262\021\311\263k\232\376\007\352/\351\252\264/\351\252\310\n\000""; }; nodes {;   nodedata: ""\323C\344\327\264{\312-\017:\006{\177\344N\002\326bO\260\220\006\033\362\345\005U\221DzJ0\001\301\025%1L\307\t\261\262z\374\222T\301\274V\236\223\262\270Ct\362\337b\356\024*\324\320\351\317\002k\336\234\027v\351\217\260\303\360\233ZPZWr\246$w\313\313\r\243r\232\2234\373\3539:N\004Q\245\272D\312D\300\300\t\323\0257\345e\271\na\215{\226\255x%T\257\037\333\004\344_/R\006E\344\037@\210\363\010\336T\226\247'\204_{\261\370""1\235\2445\343\033Y!\212\201\341\272\225'\007\265l7#N\236*T\346\016\255|M\nD8\n\343\313/\214\216\001\224\267\346}/\277\005?\336\013\003""; }; ","ledgerHash: ""a=\225\273\331\354\365*U\363\263N\367b\371\244\314-w\363\262\225Z\200\206\235\233\257?sE\267""; ledgerSeq: 8; type: liBASE; nodes {;   nodedata: ""\000\000\000\010\001cEx]\211\377\330\033@\177e\277\016\010u\327\371&\262\312\317Q\2361t\377x\234\001v\003%\030\325_\225g\204\346\000\000\000\000\000\000\000\000\000\000\000\000\000\000\000\000\000\000\000\000\000\000\000\000\000\000\000\000\000\000\000\0006\207\227F[\243v\371\255c\270\254{\234\371\211\025\226%\351\352\037\264\262\021\311\263k\232\376\007\352/\351\252\264/\351\252\310\n\000""; }; nodes {;   nodedata: ""\323C\344\327\264{\312-\017:\006{\177\344N\002\326bO\260\220\006\033\362\345\005U\221DzJ0\001\301\025%1L\307\t\261\262z\374\222T\301\274V\236\223\262\270Ct\362\337b\356\024*\324\320\351\317\002k\336\234\027v\351\217\260\303\360\233ZPZWr\246$w\313\313\r\243r\232\2234\373\3539:N\004Q\245\272D\312D\300\300\t\323\0257\345e\271\na\215{\226\255x%T\257\037\333\004\344_/R\006E\344\037@\210\363\010\336T\226\247'\204_{\261\370""1\235\2445\343\033Y!\212\201\341\272\225'\007\265l7#N\236*T\346\016\255|M\nD8\n\343\313/\214\216\001\224\267\346}/\277\005?\336\013\003""; }; "
1750527566415,1750527566415,3378,1,4,0,TMLedgerData,"ledgerHash: ""a=\225\273\331\354\365*U\363\263N\367b\371\244\314-w\363\262\225Z\200\206\235\233\257?sE\267""; ledgerSeq: 8; type: liBASE; nodes {;   nodedata: ""\000\000\000\010\001cEx]\211\377\330\033@\177e\277\016\010u\327\371&\262\312\317Q\2361t\377x\234\001v\003%\030\325_\225g\204\346\000\000\000\000\000\000\000\000\000\000\000\000\000\000\000\000\000\000\000\000\000\000\000\000\000\000\000\000\000\000\000\0006\207\227F[\243v\371\255c\270\254{\234\371\211\025\226%\351\352\037\264\262\021\311\263k\232\376\007\352/\351\252\264/\351\252\310\n\000""; }; nodes {;   nodedata: ""\323C\344\327\264{\312-\017:\006{\177\344N\002\326bO\260\220\006\033\362\345\005U\221DzJ0\001\301\025%1L\307\t\261\262z\374\222T\301\274V\236\223\262\270Ct\362\337b\356\024*\324\320\351\317\002k\336\234\027v\351\217\260\303\360\233ZPZWr\246$w\313\313\r\243r\232\2234\373\3539:N\004Q\245\272D\312D\300\300\t\323\0257\345e\271\na\215{\226\255x%T\257\037\333\004\344_/R\006E\344\037@\210\363\010\336T\226\247'\204_{\261\370""1\235\2445\343\033Y!\212\201\341\272\225'\007\265l7#N\236*T\346\016\255|M\nD8\n\343\313/\214\216\001\224\267\346}/\277\005?\336\013\003""; }; requestCookie: 3; ","ledgerHash: ""a=\225\273\331\354\365*U\363\263N\367b\371\244\314-w\363\262\225Z\200\206\235\233\257?sE\267""; ledgerSeq: 8; type: liBASE; nodes {;   nodedata: ""\000\000\000\010\001cEx]\211\377\330\033@\177e\277\016\010u\327\371&\262\312\317Q\2361t\377x\234\001v\003%\030\325_\225g\204\346\000\000\000\000\000\000\000\000\000\000\000\000\000\000\000\000\000\000\000\000\000\000\000\000\000\000\000\000\000\000\000\0006\207\227F[\243v\371\255c\270\254{\234\371\211\025\226%\351\352\037\264\262\021\311\263k\232\376\007\352/\351\252\264/\351\252\310\n\000""; }; nodes {;   nodedata: ""\323C\344\327\264{\312-\017:\006{\177\344N\002\326bO\260\220\006\033\362\345\005U\221DzJ0\001\301\025%1L\307\t\261\262z\374\222T\301\274V\236\223\262\270Ct\362\337b\356\024*\324\320\351\317\002k\336\234\027v\351\217\260\303\360\233ZPZWr\246$w\313\313\r\243r\232\2234\373\3539:N\004Q\245\272D\312D\300\300\t\323\0257\345e\271\na\215{\226\255x%T\257\037\333\004\344_/R\006E\344\037@\210\363\010\336T\226\247'\204_{\261\370""1\235\2445\343\033Y!\212\201\341\272\225'\007\265l7#N\236*T\346\016\255|M\nD8\n\343\313/\214\216\001\224\267\346}/\277\005?\336\013\003""; }; requestCookie: 3; "
1750527566695,1750527566695,2455,1,4,1,TMProposeSet,"proposeSeq: 0; currentTxHash: ""\000\000\000\000\000\000\000\000\000\000\000\000\000\000\000\000\000\000\000\000\000\000\000\000\000\000\000\000\000\000\000\000""; nodePubKey: ""\002\364d\217\366\217|\316F\232\231\241\n\261\333`\312O\367\235\025DD\336e\367\n\312\326\221\037\025\230""; closeTime: 803842765; signature: ""0D\002 \0239W\272V""\244\326\203\206\363\303Xn\025\261w\227\237\3160B\223\204\207m\343\251\333\342\034J\002 ^4t\""e\2558n\206\032\377\000[\3406.\300Rp\2269\2569=\233\264A\016\240\006\371""; previousledger: ""a=\225\273\331\354\365*U\363\263N\367b\371\244\314-w\363\262\225Z\200\206\235\233\257?sE\267""; ","proposeSeq: 0; currentTxHash: ""\000\000\000\000\000\000\000\000\000\000\000\000\000\000\000\000\000\000\000\000\000\000\000\000\000\000\000\000\000\000\000\000""; nodePubKey: ""\002\364d\217\366\217|\316F\232\231\241\n\261\333`\312O\367\235\025DD\336e\367\n\312\326\221\037\025\230""; closeTime: 803842765; signature: ""0D\002 \0239W\272V""\244\326\203\206\363\303Xn\025\261w\227\237\3160B\223\204\207m\343\251\333\342\034J\002 ^4t\""e\2558n\206\032\377\000[\3406.\300Rp\2269\2569=\233\264A\016\240\006\371""; previousledger: ""a=\225\273\331\354\365*U\363\263N\367b\371\244\314-w\363\262\225Z\200\206\235\233\257?sE\267""; "
1750527566695,1750527566695,2441,1,4,2,TMProposeSet,"proposeSeq: 0; currentTxHash: ""\000\000\000\000\000\000\000\000\000\000\000\000\000\000\000\000\000\000\000\000\000\000\000\000\000\000\000\000\000\000\000\000""; nodePubKey: ""\002\364d\217\366\217|\316F\232\231\241\n\261\333`\312O\367\235\025DD\336e\367\n\312\326\221\037\025\230""; closeTime: 803842765; signature: ""0D\002 \0239W\272V""\244\326\203\206\363\303Xn\025\261w\227\237\3160B\223\204\207m\343\251\333\342\034J\002 ^4t\""e\2558n\206\032\377\000[\3406.\300Rp\2269\2569=\233\264A\016\240\006\371""; previousledger: ""a=\225\273\331\354\365*U\363\263N\367b\371\244\314-w\363\262\225Z\200\206\235\233\257?sE\267""; ","proposeSeq: 0; currentTxHash: ""\000\000\000\000\000\000\000\000\000\000\000\000\000\000\000\000\000\000\000\000\000\000\000\000\000\000\000\000\000\000\000\000""; nodePubKey: ""\002\364d\217\366\217|\316F\232\231\241\n\261\333`\312O\367\235\025DD\336e\367\n\312\326\221\037\025\230""; closeTime: 803842765; signature: ""0D\002 \0239W\272V""\244\326\203\206\363\303Xn\025\261w\227\237\3160B\223\204\207m\343\251\333\342\034J\002 ^4t\""e\2558n\206\032\377\000[\3406.\300Rp\2269\2569=\233\264A\016\240\006\371""; previousledger: ""a=\225\273\331\354\365*U\363\263N\367b\371\244\314-w\363\262\225Z\200\206\235\233\257?sE\267""; "
1750527566696,1750527566696,2972,1,4,0,TMProposeSet,"proposeSeq: 0; currentTxHash: ""\000\000\000\000\000\000\000\000\000\000\000\000\000\000\000\000\000\000\000\000\000\000\000\000\000\000\000\000\000\000\000\000""; nodePubKey: ""\002\364d\217\366\217|\316F\232\231\241\n\261\333`\312O\367\235\025DD\336e\367\n\312\326\221\037\025\230""; closeTime: 803842765; signature: ""0D\002 \0239W\272V""\244\326\203\206\363\303Xn\025\261w\227\237\3160B\223\204\207m\343\251\333\342\034J\002 ^4t\""e\2558n\206\032\377\000[\3406.\300Rp\2269\2569=\233\264A\016\240\006\371""; previousledger: ""a=\225\273\331\354\365*U\363\263N\367b\371\244\314-w\363\262\225Z\200\206\235\233\257?sE\267""; ","proposeSeq: 0; currentTxHash: ""\000\000\000\000\000\000\000\000\000\000\000\000\000\000\000\000\000\000\000\000\000\000\000\000\000\000\000\000\000\000\000\000""; nodePubKey: ""\002\364d\217\366\217|\316F\232\231\241\n\261\333`\312O\367\235\025DD\336e\367\n\312\326\221\037\025\230""; closeTime: 803842765; signature: ""0D\002 \0239W\272V""\244\326\203\206\363\303Xn\025\261w\227\237\3160B\223\204\207m\343\251\333\342\034J\002 ^4t\""e\2558n\206\032\377\000[\3406.\300Rp\2269\2569=\233\264A\016\240\006\371""; previousledger: ""a=\225\273\331\354\365*U\363\263N\367b\371\244\314-w\363\262\225Z\200\206\235\233\257?sE\267""; "
1750527566989,1750527566989,3810,1,1,4,TMGetLedger,"itype: liBASE; ledgerHash: ""a=\225\273\331\354\365*U\363\263N\367b\371\244\314-w\363\262\225Z\200\206\235\233\257?sE\267""; ledgerSeq: 8; requestCookie: 3; queryType: qtINDIRECT; ","itype: liBASE; ledgerHash: ""a=\225\273\331\354\365*U\363\263N\367b\371\244\314-w\363\262\225Z\200\206\235\233\257?sE\267""; ledgerSeq: 8; requestCookie: 3; queryType: qtINDIRECT; "
1750527567026,1750527567026,783,1,4,2,TMValidation,"validation: """"\200\000\000\001&\000\000\000\010)/\351\252\314:p\210\265\307-\212\200\004Qa=\225\273\331\354\365*U\363\263N\367b\371\244\314-w\363\262\225Z\200\206\235\233\257?sE\267P\027\000\000\000\000\000\000\000\000\000\000\000\000\000\000\000\000\000\000\000\000\000\000\000\000\000\000\000\000\000\000\000\000P\031\033@\177e\277\016\010u\327\371&\262\312\317Q\2361t\377x\234\001v\003%\030\325_\225g\204\346s!\002\364d\217\366\217|\316F\232\231\241\n\261\333`\312O\367\235\025DD\336e\367\n\312\326\221\037\025\230vG0E\002!\000\315\242EEG>\232\247\357\214\244\300a\230\233\264\216pw\2718\325\001C\017\350<\036(v\240\232\002 [\213\212\014a\220\270\326b\013\002\273\316\270\244\243\241.\316\31380\315 \266\346\217\272WwRk""; ","validation: """"\200\000\000\001&\000\000\000\010)/\351\252\314:p\210\265\307-\212\200\004Qa=\225\273\331\354\365*U\363\263N\367b\371\244\314-w\363\262\225Z\200\206\235\233\257?sE\267P\027\000\000\000\000\000\000\000\000\000\000\000\000\000\000\000\000\000\000\000\000\000\000\000\000\000\000\000\000\000\000\000\000P\031\033@\177e\277\016\010u\327\371&\262\312\317Q\2361t\377x\234\001v\003%\030\325_\225g\204\346s!\002\364d\217\366\217|\316F\232\231\241\n\261\333`\312O\367\235\025DD\336e\367\n\312\326\221\037\025\230vG0E\002!\000\315\242EEG>\232\247\357\214\244\300a\230\233\264\216pw\2718\325\001C\017\350<\036(v\240\232\002 [\213\212\014a\220\270\326b\013\002\273\316\270\244\243\241.\316\31380\315 \266\346\217\272WwRk""; "
1750527567026,1750527567027,3620,1,4,3,TMValidation,"validation: """"\200\000\000\001&\000\000\000\010)/\351\252\314:p\210\265\307-\212\200\004Qa=\225\273\331\354\365*U\363\263N\367b\371\244\314-w\363\262\225Z\200\206\235\233\257?sE\267P\027\000\000\000\000\000\000\000\000\000\000\000\000\000\000\000\000\000\000\000\000\000\000\000\000\000\000\000\000\000\000\000\000P\031\033@\177e\277\016\010u\327\371&\262\312\317Q\2361t\377x\234\001v\003%\030\325_\225g\204\346s!\002\364d\217\366\217|\316F\232\231\241\n\261\333`\312O\367\235\025DD\336e\367\n\312\326\221\037\025\230vG0E\002!\000\315\242EEG>\232\247\357\214\244\300a\230\233\264\216pw\2718\325\001C\017\350<\036(v\240\232\002 [\213\212\014a\220\270\326b\013\002\273\316\270\244\243\241.\316\31380\315 \266\346\217\272WwRk""; ","validation: """"\200\000\000\001&\000\000\000\010)/\351\252\314:p\210\265\307-\212\200\004Qa=\225\273\331\354\365*U\363\263N\367b\371\244\314-w\363\262\225Z\200\206\235\233\257?sE\267P\027\000\000\000\000\000\000\000\000\000\000\000\000\000\000\000\000\000\000\000\000\000\000\000\000\000\000\000\000\000\000\000\000P\031\033@\177e\277\016\010u\327\371&\262\312\317Q\2361t\377x\234\001v\003%\030\325_\225g\204\346s!\002\364d\217\366\217|\316F\232\231\241\n\261\333`\312O\367\235\025DD\336e\367\n\312\326\221\037\025\230vG0E\002!\000\315\242EEG>\232\247\357\214\244\300a\230\233\264\216pw\2718\325\001C\017\350<\036(v\240\232\002 [\213\212\014a\220\270\326b\013\002\273\316\270\244\243\241.\316\31380\315 \266\346\217\272WwRk""; "
1750527567027,1750527567027,3803,1,4,1,TMValidation,"validation: """"\200\000\000\001&\000\000\000\010)/\351\252\314:p\210\265\307-\212\200\004Qa=\225\273\331\354\365*U\363\263N\367b\371\244\314-w\363\262\225Z\200\206\235\233\257?sE\267P\027\000\000\000\000\000\000\000\000\000\000\000\000\000\000\000\000\000\000\000\000\000\000\000\000\000\000\000\000\000\000\000\000P\031\033@\177e\277\016\010u\327\371&\262\312\317Q\2361t\377x\234\001v\003%\030\325_\225g\204\346s!\002\364d\217\366\217|\316F\232\231\241\n\261\333`\312O\367\235\025DD\336e\367\n\312\326\221\037\025\230vG0E\002!\000\315\242EEG>\232\247\357\214\244\300a\230\233\264\216pw\2718\325\001C\017\350<\036(v\240\232\002 [\213\212\014a\220\270\326b\013\002\273\316\270\244\243\241.\316\31380\315 \266\346\217\272WwRk""; ","validation: """"\200\000\000\001&\000\000\000\010)/\351\252\314:p\210\265\307-\212\200\004Qa=\225\273\331\354\365*U\363\263N\367b\371\244\314-w\363\262\225Z\200\206\235\233\257?sE\267P\027\000\000\000\000\000\000\000\000\000\000\000\000\000\000\000\000\000\000\000\000\000\000\000\000\000\000\000\000\000\000\000\000P\031\033@\177e\277\016\010u\327\371&\262\312\317Q\2361t\377x\234\001v\003%\030\325_\225g\204\346s!\002\364d\217\366\217|\316F\232\231\241\n\261\333`\312O\367\235\025DD\336e\367\n\312\326\221\037\025\230vG0E\002!\000\315\242EEG>\232\247\357\214\244\300a\230\233\264\216pw\2718\325\001C\017\350<\036(v\240\232\002 [\213\212\014a\220\270\326b\013\002\273\316\270\244\243\241.\316\31380\315 \266\346\217\272WwRk""; "
1750527567422,1750527567422,3125,1,3,2,TMValidation,"validation: """"\200\000\000\001&\000\000\000\t)/\351\252\317:p\210\265\307-\212\200\004Q4\254\326mU\377?\177Ek\336\030!\316Aa\225\303\022\377{\210Y\226\271as\354L\035\004\341P\027\000\000\000\000\000\000\000\000\000\000\000\000\000\000\000\000\000\000\000\000\000\000\000\000\000\000\000\000\000\000\000\000P\031a=\225\273\331\354\365*U\363\263N\367b\371\244\314-w\363\262\225Z\200\206\235\233\257?sE\267s!\002\364d\217\366\217|\316F\232\231\241\n\261\333`\312O\367\235\025DD\336e\367\n\312\326\221\037\025\230vG0E\002!\000\246\202!\344|Z>\240\315N\270\031\020\362o\362\304U\256l(J\357\303\003u\373\351q\337\310?\002 (\303\030\025\355R\216\342\325\302d\350\021\003\334D\211\030\250::\030\3773\006{i\177B\363l\237""; ","validation: """"\200\000\000\001&\000\000\000\t)/\351\252\317:p\210\265\307-\212\200\004Q4\254\326mU\377?\177Ek\336\030!\316Aa\225\303\022\377{\210Y\226\271as\354L\035\004\341P\027\000\000\000\000\000\000\000\000\000\000\000\000\000\000\000\000\000\000\000\000\000\000\000\000\000\000\000\000\000\000\000\000P\031a=\225\273\331\354\365*U\363\263N\367b\371\244\314-w\363\262\225Z\200\206\235\233\257?sE\267s!\002\364d\217\366\217|\316F\232\231\241\n\261\333`\312O\367\235\025DD\336e\367\n\312\326\221\037\025\230vG0E\002!\000\246\202!\344|Z>\240\315N\270\031\020\362o\362\304U\256l(J\357\303\003u\373\351q\337\310?\002 (\303\030\025\355R\216\342\325\302d\350\021\003\334D\211\030\250::\030\3773\006{i\177B\363l\237""; "
1750527567422,1750527567422,3432,1,3,2,TMStatusChange,"newEvent: neACCEPTED_LEDGER; ledgerSeq: 9; ledgerHash: ""4\254\326mU\377?\177Ek\336\030!\316Aa\225\303\022\377{\210Y\226\271as\354L\035\004\341""; ledgerHashPrevious: ""a=\225\273\331\354\365*U\363\263N\367b\371\244\314-w\363\262\225Z\200\206\235\233\257?sE\267""; networkTime: 803842767; firstSeq: 1; lastSeq: 8; ","newEvent: neACCEPTED_LEDGER; ledgerSeq: 9; ledgerHash: ""4\254\326mU\377?\177Ek\336\030!\316Aa\225\303\022\377{\210Y\226\271as\354L\035\004\341""; ledgerHashPrevious: ""a=\225\273\331\354\365*U\363\263N\367b\371\244\314-w\363\262\225Z\200\206\235\233\257?sE\267""; networkTime: 803842767; firstSeq: 1; lastSeq: 8; "
1750527567423,1750527567423,598,1,3,4,TMStatusChange,"newEvent: neACCEPTED_LEDGER; ledgerSeq: 9; ledgerHash: ""4\254\326mU\377?\177Ek\336\030!\316Aa\225\303\022\377{\210Y\226\271as\354L\035\004\341""; ledgerHashPrevious: ""a=\225\273\331\354\365*U\363\263N\367b\371\244\314-w\363\262\225Z\200\206\235\233\257?sE\267""; networkTime: 803842767; firstSeq: 1; lastSeq: 8; ","newEvent: neACCEPTED_LEDGER; ledgerSeq: 9; ledgerHash: ""4\254\326mU\377?\177Ek\336\030!\316Aa\225\303\022\377{\210Y\226\271as\354L\035\004\341""; ledgerHashPrevious: ""a=\225\273\331\354\365*U\363\263N\367b\371\244\314-w\363\262\225Z\200\206\235\233\257?sE\267""; networkTime: 803842767; firstSeq: 1; lastSeq: 8; "
1750527567423,1750527567423,3736,1,3,4,TMValidation,"validation: """"\200\000\000\001&\000\000\000\t)/\351\252\317:p\210\265\307-\212\200\004Q4\254\326mU\377?\177Ek\336\030!\316Aa\225\303\022\377{\210Y\226\271as\354L\035\004\341P\027\000\000\000\000\000\000\000\000\000\000\000\000\000\000\000\000\000\000\000\000\000\000\000\000\000\000\000\000\000\000\000\000P\031a=\225\273\331\354\365*U\363\263N\367b\371\244\314-w\363\262\225Z\200\206\235\233\257?sE\267s!\002\364d\217\366\217|\316F\232\231\241\n\261\333`\312O\367\235\025DD\336e\367\n\312\326\221\037\025\230vG0E\002!\000\246\202!\344|Z>\240\315N\270\031\020\362o\362\304U\256l(J\357\303\003u\373\351q\337\310?\002 (\303\030\025\355R\216\342\325\302d\350\021\003\334D\211\030\250::\030\3773\006{i\177B\363l\237""; ","validation: """"\200\000\000\001&\000\000\000\t)/\351\252\317:p\210\265\307-\212\200\004Q4\254\326mU\377?\177Ek\336\030!\316Aa\225\303\022\377{\210Y\226\271as\354L\035\004\341P\027\000\000\000\000\000\000\000\000\000\000\000\000\000\000\000\000\000\000\000\000\000\000\000\000\000\000\000\000\000\000\000\000P\031a=\225\273\331\354\365*U\363\263N\367b\371\244\314-w\363\262\225Z\200\206\235\233\257?sE\267s!\002\364d\217\366\217|\316F\232\231\241\n\261\333`\312O\367\235\025DD\336e\367\n\312\326\221\037\025\230vG0E\002!\000\246\202!\344|Z>\240\315N\270\031\020\362o\362\304U\256l(J\357\303\003u\373\351q\337\310?\002 (\303\030\025\355R\216\342\325\302d\350\021\003\334D\211\030\250::\030\3773\006{i\177B\363l\237""; "
1750527567423,1750527567423,3991,1,3,0,TMStatusChange,"newEvent: neACCEPTED_LEDGER; ledgerSeq: 9; ledgerHash: ""4\254\326mU\377?\177Ek\336\030!\316Aa\225\303\022\377{\210Y\226\271as\354L\035\004\341""; ledgerHashPrevious: ""a=\225\273\331\354\365*U\363\263N\367b\371\244\314-w\363\262\225Z\200\206\235\233\257?sE\267""; networkTime: 803842767; firstSeq: 1; lastSeq: 8; ","newEvent: neACCEPTED_LEDGER; ledgerSeq: 9; ledgerHash: ""4\254\326mU\377?\177Ek\336\030!\316Aa\225\303\022\377{\210Y\226\271as\354L\035\004\341""; ledgerHashPrevious: ""a=\225\273\331\354\365*U\363\263N\367b\371\244\314-w\363\262\225Z\200\206\235\233\257?sE\267""; networkTime: 803842767; firstSeq: 1; lastSeq: 8; "
1750527567424,1750527567424,1777,1,3,0,TMValidation,"validation: """"\200\000\000\001&\000\000\000\t)/\351\252\317:p\210\265\307-\212\200\004Q4\254\326mU\377?\177Ek\336\030!\316Aa\225\303\022\377{\210Y\226\271as\354L\035\004\341P\027\000\000\000\000\000\000\000\000\000\000\000\000\000\000\000\000\000\000\000\000\000\000\000\000\000\000\000\000\000\000\000\000P\031a=\225\273\331\354\365*U\363\263N\367b\371\244\314-w\363\262\225Z\200\206\235\233\257?sE\267s!\002\364d\217\366\217|\316F\232\231\241\n\261\333`\312O\367\235\025DD\336e\367\n\312\326\221\037\025\230vG0E\002!\000\246\202!\344|Z>\240\315N\270\031\020\362o\362\304U\256l(J\357\303\003u\373\351q\337\310?\002 (\303\030\025\355R\216\342\325\302d\350\021\003\334D\211\030\250::\030\3773\006{i\177B\363l\237""; ","validation: """"\200\000\000\001&\000\000\000\t)/\351\252\317:p\210\265\307-\212\200\004Q4\254\326mU\377?\177Ek\336\030!\316Aa\225\303\022\377{\210Y\226\271as\354L\035\004\341P\027\000\000\000\000\000\000\000\000\000\000\000\000\000\000\000\000\000\000\000\000\000\000\000\000\000\000\000\000\000\000\000\000P\031a=\225\273\331\354\365*U\363\263N\367b\371\244\314-w\363\262\225Z\200\206\235\233\257?sE\267s!\002\364d\217\366\217|\316F\232\231\241\n\261\333`\312O\367\235\025DD\336e\367\n\312\326\221\037\025\230vG0E\002!\000\246\202!\344|Z>\240\315N\270\031\020\362o\362\304U\256l(J\357\303\003u\373\351q\337\310?\002 (\303\030\025\355R\216\342\325\302d\350\021\003\334D\211\030\250::\030\3773\006{i\177B\363l\237""; "
1750527567424,1750527567424,1571,1,3,1,TMStatusChange,"newEvent: neACCEPTED_LEDGER; ledgerSeq: 9; ledgerHash: ""4\254\326mU\377?\177Ek\336\030!\316Aa\225\303\022\377{\210Y\226\271as\354L\035\004\341""; ledgerHashPrevious: ""a=\225\273\331\354\365*U\363\263N\367b\371\244\314-w\363\262\225Z\200\206\235\233\257?sE\267""; networkTime: 803842767; firstSeq: 1; lastSeq: 8; ","newEvent: neACCEPTED_LEDGER; ledgerSeq: 9; ledgerHash: ""4\254\326mU\377?\177Ek\336\030!\316Aa\225\303\022\377{\210Y\226\271as\354L\035\004\341""; ledgerHashPrevious: ""a=\225\273\331\354\365*U\363\263N\367b\371\244\314-w\363\262\225Z\200\206\235\233\257?sE\267""; networkTime: 803842767; firstSeq: 1; lastSeq: 8; "
1750527567424,1750527567424,3459,1,3,1,TMValidation,"validation: """"\200\000\000\001&\000\000\000\t)/\351\252\317:p\210\265\307-\212\200\004Q4\254\326mU\377?\177Ek\336\030!\316Aa\225\303\022\377{\210Y\226\271as\354L\035\004\341P\027\000\000\000\000\000\000\000\000\000\000\000\000\000\000\000\000\000\000\000\000\000\000\000\000\000\000\000\000\000\000\000\000P\031a=\225\273\331\354\365*U\363\263N\367b\371\244\314-w\363\262\225Z\200\206\235\233\257?sE\267s!\002\364d\217\366\217|\316F\232\231\241\n\261\333`\312O\367\235\025DD\336e\367\n\312\326\221\037\025\230vG0E\002!\000\246\202!\344|Z>\240\315N\270\031\020\362o\362\304U\256l(J\357\303\003u\373\351q\337\310?\002 (\303\030\025\355R\216\342\325\302d\350\021\003\334D\211\030\250::\030\3773\006{i\177B\363l\237""; ","validation: """"\200\000\000\001&\000\000\000\t)/\351\252\317:p\210\265\307-\212\200\004Q4\254\326mU\377?\177Ek\336\030!\316Aa\225\303\022\377{\210Y\226\271as\354L\035\004\341P\027\000\000\000\000\000\000\000\000\000\000\000\000\000\000\000\000\000\000\000\000\000\000\000\000\000\000\000\000\000\000\000\000P\031a=\225\273\331\354\365*U\363\263N\367b\371\244\314-w\363\262\225Z\200\206\235\233\257?sE\267s!\002\364d\217\366\217|\316F\232\231\241\n\261\333`\312O\367\235\025DD\336e\367\n\312\326\221\037\025\230vG0E\002!\000\246\202!\344|Z>\240\315N\270\031\020\362o\362\304U\256l(J\357\303\003u\373\351q\337\310?\002 (\303\030\025\355R\216\342\325\302d\350\021\003\334D\211\030\250::\030\3773\006{i\177B\363l\237""; "
1750527567568,1750527567568,783,1,4,2,TMValidation,"validation: """"\200\000\000\001&\000\000\000\t)/\351\252\317:\r\302\353\023?\373\240rQ4\254\326mU\377?\177Ek\336\030!\316Aa\225\303\022\377{\210Y\226\271as\354L\035\004\341P\027\000\000\000\000\000\000\000\000\000\000\000\000\000\000\000\000\000\000\000\000\000\000\000\000\000\000\000\000\000\000\000\000P\031a=\225\273\331\354\365*U\363\263N\367b\371\244\314-w\363\262\225Z\200\206\235\233\257?sE\267s!\003R7o\362bV\300hf\266\241;}\200^\374\240\203[:\342Q\225\221\027y\372\255\235\216\323~vG0E\002!\000\370\267\213\355FTr\206\341\207x\226\251\350\230\030\351\351e\023\030\207Z\365'\177\005'\022\n\345\272\002 B^\3261%\366{\300\243\364K\215g\333f\202K\200\316\346\277d\3143\32100Dvo62""; ","validation: """"\200\000\000\001&\000\000\000\t)/\351\252\317:\r\302\353\023?\373\240rQ4\254\326mU\377?\177Ek\336\030!\316Aa\225\303\022\377{\210Y\226\271as\354L\035\004\341P\027\000\000\000\000\000\000\000\000\000\000\000\000\000\000\000\000\000\000\000\000\000\000\000\000\000\000\000\000\000\000\000\000P\031a=\225\273\331\354\365*U\363\263N\367b\371\244\314-w\363\262\225Z\200\206\235\233\257?sE\267s!\003R7o\362bV\300hf\266\241;}\200^\374\240\203[:\342Q\225\221\027y\372\255\235\216\323~vG0E\002!\000\370\267\213\355FTr\206\341\207x\226\251\350\230\030\351\351e\023\030\207Z\365'\177\005'\022\n\345\272\002 B^\3261%\366{\300\243\364K\215g\333f\202K\200\316\346\277d\3143\32100Dvo62""; "
1750527567570,1750527567570,3620,1,4,3,TMValidation,"validation: """"\200\000\000\001&\000\000\000\t)/\351\252\317:\r\302\353\023?\373\240rQ4\254\326mU\377?\177Ek\336\030!\316Aa\225\303\022\377{\210Y\226\271as\354L\035\004\341P\027\000\000\000\000\000\000\000\000\000\000\000\000\000\000\000\000\000\000\000\000\000\000\000\000\000\000\000\000\000\000\000\000P\031a=\225\273\331\354\365*U\363\263N\367b\371\244\314-w\363\262\225Z\200\206\235\233\257?sE\267s!\003R7o\362bV\300hf\266\241;}\200^\374\240\203[:\342Q\225\221\027y\372\255\235\216\323~vG0E\002!\000\370\267\213\355FTr\206\341\207x\226\251\350\230\030\351\351e\023\030\207Z\365'\177\005'\022\n\345\272\002 B^\3261%\366{\300\243\364K\215g\333f\202K\200\316\346\277d\3143\32100Dvo62""; ","validation: """"\200\000\000\001&\000\000\000\t)/\351\252\317:\r\302\353\023?\373\240rQ4\254\326mU\377?\177Ek\336\030!\316Aa\225\303\022\377{\210Y\226\271as\354L\035\004\341P\027\000\000\000\000\000\000\000\000\000\000\000\000\000\000\000\000\000\000\000\000\000\000\000\000\000\000\000\000\000\000\000\000P\031a=\225\273\331\354\365*U\363\263N\367b\371\244\314-w\363\262\225Z\200\206\235\233\257?sE\267s!\003R7o\362bV\300hf\266\241;}\200^\374\240\203[:\342Q\225\221\027y\372\255\235\216\323~vG0E\002!\000\370\267\213\355FTr\206\341\207x\226\251\350\230\030\351\351e\023\030\207Z\365'\177\005'\022\n\345\272\002 B^\3261%\366{\300\243\364K\215g\333f\202K\200\316\346\277d\3143\32100Dvo62""; "
1750527567569,1750527567569,3346,1,4,2,TMStatusChange,"newEvent: neACCEPTED_LEDGER; ledgerSeq: 9; ledgerHash: ""4\254\326mU\377?\177Ek\336\030!\316Aa\225\303\022\377{\210Y\226\271as\354L\035\004\341""; ledgerHashPrevious: ""a=\225\273\331\354\365*U\363\263N\367b\371\244\314-w\363\262\225Z\200\206\235\233\257?sE\267""; networkTime: 803842767; firstSeq: 1; lastSeq: 8; ","newEvent: neACCEPTED_LEDGER; ledgerSeq: 9; ledgerHash: ""4\254\326mU\377?\177Ek\336\030!\316Aa\225\303\022\377{\210Y\226\271as\354L\035\004\341""; ledgerHashPrevious: ""a=\225\273\331\354\365*U\363\263N\367b\371\244\314-w\363\262\225Z\200\206\235\233\257?sE\267""; networkTime: 803842767; firstSeq: 1; lastSeq: 8; "
1750527567571,1750527567571,832,1,4,0,TMStatusChange,"newEvent: neACCEPTED_LEDGER; ledgerSeq: 9; ledgerHash: ""4\254\326mU\377?\177Ek\336\030!\316Aa\225\303\022\377{\210Y\226\271as\354L\035\004\341""; ledgerHashPrevious: ""a=\225\273\331\354\365*U\363\263N\367b\371\244\314-w\363\262\225Z\200\206\235\233\257?sE\267""; networkTime: 803842767; firstSeq: 1; lastSeq: 8; ","newEvent: neACCEPTED_LEDGER; ledgerSeq: 9; ledgerHash: ""4\254\326mU\377?\177Ek\336\030!\316Aa\225\303\022\377{\210Y\226\271as\354L\035\004\341""; ledgerHashPrevious: ""a=\225\273\331\354\365*U\363\263N\367b\371\244\314-w\363\262\225Z\200\206\235\233\257?sE\267""; networkTime: 803842767; firstSeq: 1; lastSeq: 8; "
1750527567571,1750527567571,803,1,4,1,TMStatusChange,"newEvent: neACCEPTED_LEDGER; ledgerSeq: 9; ledgerHash: ""4\254\326mU\377?\177Ek\336\030!\316Aa\225\303\022\377{\210Y\226\271as\354L\035\004\341""; ledgerHashPrevious: ""a=\225\273\331\354\365*U\363\263N\367b\371\244\314-w\363\262\225Z\200\206\235\233\257?sE\267""; networkTime: 803842767; firstSeq: 1; lastSeq: 8; ","newEvent: neACCEPTED_LEDGER; ledgerSeq: 9; ledgerHash: ""4\254\326mU\377?\177Ek\336\030!\316Aa\225\303\022\377{\210Y\226\271as\354L\035\004\341""; ledgerHashPrevious: ""a=\225\273\331\354\365*U\363\263N\367b\371\244\314-w\363\262\225Z\200\206\235\233\257?sE\267""; networkTime: 803842767; firstSeq: 1; lastSeq: 8; "
1750527567571,1750527567571,3403,1,4,3,TMStatusChange,"newEvent: neACCEPTED_LEDGER; ledgerSeq: 9; ledgerHash: ""4\254\326mU\377?\177Ek\336\030!\316Aa\225\303\022\377{\210Y\226\271as\354L\035\004\341""; ledgerHashPrevious: ""a=\225\273\331\354\365*U\363\263N\367b\371\244\314-w\363\262\225Z\200\206\235\233\257?sE\267""; networkTime: 803842767; firstSeq: 1; lastSeq: 8; ","newEvent: neACCEPTED_LEDGER; ledgerSeq: 9; ledgerHash: ""4\254\326mU\377?\177Ek\336\030!\316Aa\225\303\022\377{\210Y\226\271as\354L\035\004\341""; ledgerHashPrevious: ""a=\225\273\331\354\365*U\363\263N\367b\371\244\314-w\363\262\225Z\200\206\235\233\257?sE\267""; networkTime: 803842767; firstSeq: 1; lastSeq: 8; "
1750527567572,1750527567572,3803,1,4,1,TMValidation,"validation: """"\200\000\000\001&\000\000\000\t)/\351\252\317:\r\302\353\023?\373\240rQ4\254\326mU\377?\177Ek\336\030!\316Aa\225\303\022\377{\210Y\226\271as\354L\035\004\341P\027\000\000\000\000\000\000\000\000\000\000\000\000\000\000\000\000\000\000\000\000\000\000\000\000\000\000\000\000\000\000\000\000P\031a=\225\273\331\354\365*U\363\263N\367b\371\244\314-w\363\262\225Z\200\206\235\233\257?sE\267s!\003R7o\362bV\300hf\266\241;}\200^\374\240\203[:\342Q\225\221\027y\372\255\235\216\323~vG0E\002!\000\370\267\213\355FTr\206\341\207x\226\251\350\230\030\351\351e\023\030\207Z\365'\177\005'\022\n\345\272\002 B^\3261%\366{\300\243\364K\215g\333f\202K\200\316\346\277d\3143\32100Dvo62""; ","validation: """"\200\000\000\001&\000\000\000\t)/\351\252\317:\r\302\353\023?\373\240rQ4\254\326mU\377?\177Ek\336\030!\316Aa\225\303\022\377{\210Y\226\271as\354L\035\004\341P\027\000\000\000\000\000\000\000\000\000\000\000\000\000\000\000\000\000\000\000\000\000\000\000\000\000\000\000\000\000\000\000\000P\031a=\225\273\331\354\365*U\363\263N\367b\371\244\314-w\363\262\225Z\200\206\235\233\257?sE\267s!\003R7o\362bV\300hf\266\241;}\200^\374\240\203[:\342Q\225\221\027y\372\255\235\216\323~vG0E\002!\000\370\267\213\355FTr\206\341\207x\226\251\350\230\030\351\351e\023\030\207Z\365'\177\005'\022\n\345\272\002 B^\3261%\366{\300\243\364K\215g\333f\202K\200\316\346\277d\3143\32100Dvo62""; "
1750527567590,1750527567590,340,1,2,1,TMValidation,"validation: """"\200\000\000\001&\000\000\000\010)/\351\252\314:p\210\265\307-\212\200\004Qa=\225\273\331\354\365*U\363\263N\367b\371\244\314-w\363\262\225Z\200\206\235\233\257?sE\267P\027\000\000\000\000\000\000\000\000\000\000\000\000\000\000\000\000\000\000\000\000\000\000\000\000\000\000\000\000\000\000\000\000P\031\033@\177e\277\016\010u\327\371&\262\312\317Q\2361t\377x\234\001v\003%\030\325_\225g\204\346s!\002\364d\217\366\217|\316F\232\231\241\n\261\333`\312O\367\235\025DD\336e\367\n\312\326\221\037\025\230vG0E\002!\000\315\242EEG>\232\247\357\214\244\300a\230\233\264\216pw\2718\325\001C\017\350<\036(v\240\232\002 [\213\212\014a\220\270\326b\013\002\273\316\270\244\243\241.\316\31380\315 \266\346\217\272WwRk""; ","validation: """"\200\000\000\001&\000\000\000\010)/\351\252\314:p\210\265\307-\212\200\004Qa=\225\273\331\354\365*U\363\263N\367b\371\244\314-w\363\262\225Z\200\206\235\233\257?sE\267P\027\000\000\000\000\000\000\000\000\000\000\000\000\000\000\000\000\000\000\000\000\000\000\000\000\000\000\000\000\000\000\000\000P\031\033@\177e\277\016\010u\327\371&\262\312\317Q\2361t\377x\234\001v\003%\030\325_\225g\204\346s!\002\364d\217\366\217|\316F\232\231\241\n\261\333`\312O\367\235\025DD\336e\367\n\312\326\221\037\025\230vG0E\002!\000\315\242EEG>\232\247\357\214\244\300a\230\233\264\216pw\2718\325\001C\017\350<\036(v\240\232\002 [\213\212\014a\220\270\326b\013\002\273\316\270\244\243\241.\316\31380\315 \266\346\217\272WwRk""; "
1750527567590,1750527567591,3128,1,2,4,TMValidation,"validation: """"\200\000\000\001&\000\000\000\010)/\351\252\314:p\210\265\307-\212\200\004Qa=\225\273\331\354\365*U\363\263N\367b\371\244\314-w\363\262\225Z\200\206\235\233\257?sE\267P\027\000\000\000\000\000\000\000\000\000\000\000\000\000\000\000\000\000\000\000\000\000\000\000\000\000\000\000\000\000\000\000\000P\031\033@\177e\277\016\010u\327\371&\262\312\317Q\2361t\377x\234\001v\003%\030\325_\225g\204\346s!\002\364d\217\366\217|\316F\232\231\241\n\261\333`\312O\367\235\025DD\336e\367\n\312\326\221\037\025\230vG0E\002!\000\315\242EEG>\232\247\357\214\244\300a\230\233\264\216pw\2718\325\001C\017\350<\036(v\240\232\002 [\213\212\014a\220\270\326b\013\002\273\316\270\244\243\241.\316\31380\315 \266\346\217\272WwRk""; ","validation: """"\200\000\000\001&\000\000\000\010)/\351\252\314:p\210\265\307-\212\200\004Qa=\225\273\331\354\365*U\363\263N\367b\371\244\314-w\363\262\225Z\200\206\235\233\257?sE\267P\027\000\000\000\000\000\000\000\000\000\000\000\000\000\000\000\000\000\000\000\000\000\000\000\000\000\000\000\000\000\000\000\000P\031\033@\177e\277\016\010u\327\371&\262\312\317Q\2361t\377x\234\001v\003%\030\325_\225g\204\346s!\002\364d\217\366\217|\316F\232\231\241\n\261\333`\312O\367\235\025DD\336e\367\n\312\326\221\037\025\230vG0E\002!\000\315\242EEG>\232\247\357\214\244\300a\230\233\264\216pw\2718\325\001C\017\350<\036(v\240\232\002 [\213\212\014a\220\270\326b\013\002\273\316\270\244\243\241.\316\31380\315 \266\346\217\272WwRk""; "
1750527567591,1750527567591,446,1,2,0,TMValidation,"validation: """"\200\000\000\001&\000\000\000\010)/\351\252\314:p\210\265\307-\212\200\004Qa=\225\273\331\354\365*U\363\263N\367b\371\244\314-w\363\262\225Z\200\206\235\233\257?sE\267P\027\000\000\000\000\000\000\000\000\000\000\000\000\000\000\000\000\000\000\000\000\000\000\000\000\000\000\000\000\000\000\000\000P\031\033@\177e\277\016\010u\327\371&\262\312\317Q\2361t\377x\234\001v\003%\030\325_\225g\204\346s!\002\364d\217\366\217|\316F\232\231\241\n\261\333`\312O\367\235\025DD\336e\367\n\312\326\221\037\025\230vG0E\002!\000\315\242EEG>\232\247\357\214\244\300a\230\233\264\216pw\2718\325\001C\017\350<\036(v\240\232\002 [\213\212\014a\220\270\326b\013\002\273\316\270\244\243\241.\316\31380\315 \266\346\217\272WwRk""; ","validation: """"\200\000\000\001&\000\000\000\010)/\351\252\314:p\210\265\307-\212\200\004Qa=\225\273\331\354\365*U\363\263N\367b\371\244\314-w\363\262\225Z\200\206\235\233\257?sE\267P\027\000\000\000\000\000\000\000\000\000\000\000\000\000\000\000\000\000\000\000\000\000\000\000\000\000\000\000\000\000\000\000\000P\031\033@\177e\277\016\010u\327\371&\262\312\317Q\2361t\377x\234\001v\003%\030\325_\225g\204\346s!\002\364d\217\366\217|\316F\232\231\241\n\261\333`\312O\367\235\025DD\336e\367\n\312\326\221\037\025\230vG0E\002!\000\315\242EEG>\232\247\357\214\244\300a\230\233\264\216pw\2718\325\001C\017\350<\036(v\240\232\002 [\213\212\014a\220\270\326b\013\002\273\316\270\244\243\241.\316\31380\315 \266\346\217\272WwRk""; "
1750527567610,1750527567610,1740,1,4,0,TMValidation,"validation: """"\200\000\000\001&\000\000\000\t)/\351\252\317:\r\302\353\023?\373\240rQ4\254\326mU\377?\177Ek\336\030!\316Aa\225\303\022\377{\210Y\226\271as\354L\035\004\341P\027\000\000\000\000\000\000\000\000\000\000\000\000\000\000\000\000\000\000\000\000\000\000\000\000\000\000\000\000\000\000\000\000P\031a=\225\273\331\354\365*U\363\263N\367b\371\244\314-w\363\262\225Z\200\206\235\233\257?sE\267s!\003R7o\362bV\300hf\266\241;}\200^\374\240\203[:\342Q\225\221\027y\372\255\235\216\323~vG0E\002!\000\370\267\213\355FTr\206\341\207x\226\251\350\230\030\351\351e\023\030\207Z\365'\177\005'\022\n\345\272\002 B^\3261%\366{\300\243\364K\215g\333f\202K\200\316\346\277d\3143\32100Dvo62""; ","validation: """"\200\000\000\001&\000\000\000\t)/\351\252\317:\r\302\353\023?\373\240rQ4\254\326mU\377?\177Ek\336\030!\316Aa\225\303\022\377{\210Y\226\271as\354L\035\004\341P\027\000\000\000\000\000\000\000\000\000\000\000\000\000\000\000\000\000\000\000\000\000\000\000\000\000\000\000\000\000\000\000\000P\031a=\225\273\331\354\365*U\363\263N\367b\371\244\314-w\363\262\225Z\200\206\235\233\257?sE\267s!\003R7o\362bV\300hf\266\241;}\200^\374\240\203[:\342Q\225\221\027y\372\255\235\216\323~vG0E\002!\000\370\267\213\355FTr\206\341\207x\226\251\350\230\030\351\351e\023\030\207Z\365'\177\005'\022\n\345\272\002 B^\3261%\366{\300\243\364K\215g\333f\202K\200\316\346\277d\3143\32100Dvo62""; "
1750527567924,1750527567925,3746,1,1,4,TMValidation,"validation: """"\200\000\000\001&\000\000\000\010)/\351\252\314:p\210\265\307-\212\200\004Qa=\225\273\331\354\365*U\363\263N\367b\371\244\314-w\363\262\225Z\200\206\235\233\257?sE\267P\027\000\000\000\000\000\000\000\000\000\000\000\000\000\000\000\000\000\000\000\000\000\000\000\000\000\000\000\000\000\000\000\000P\031\033@\177e\277\016\010u\327\371&\262\312\317Q\2361t\377x\234\001v\003%\030\325_\225g\204\346s!\002\364d\217\366\217|\316F\232\231\241\n\261\333`\312O\367\235\025DD\336e\367\n\312\326\221\037\025\230vG0E\002!\000\315\242EEG>\232\247\357\214\244\300a\230\233\264\216pw\2718\325\001C\017\350<\036(v\240\232\002 [\213\212\014a\220\270\326b\013\002\273\316\270\244\243\241.\316\31380\315 \266\346\217\272WwRk""; ","validation: """"\200\000\000\001&\000\000\000\010)/\351\252\314:p\210\265\307-\212\200\004Qa=\225\273\331\354\365*U\363\263N\367b\371\244\314-w\363\262\225Z\200\206\235\233\257?sE\267P\027\000\000\000\000\000\000\000\000\000\000\000\000\000\000\000\000\000\000\000\000\000\000\000\000\000\000\000\000\000\000\000\000P\031\033@\177e\277\016\010u\327\371&\262\312\317Q\2361t\377x\234\001v\003%\030\325_\225g\204\346s!\002\364d\217\366\217|\316F\232\231\241\n\261\333`\312O\367\235\025DD\336e\367\n\312\326\221\037\025\230vG0E\002!\000\315\242EEG>\232\247\357\214\244\300a\230\233\264\216pw\2718\325\001C\017\350<\036(v\240\232\002 [\213\212\014a\220\270\326b\013\002\273\316\270\244\243\241.\316\31380\315 \266\346\217\272WwRk""; "
1750527567925,1750527567925,2229,1,1,0,TMValidation,"validation: """"\200\000\000\001&\000\000\000\010)/\351\252\314:p\210\265\307-\212\200\004Qa=\225\273\331\354\365*U\363\263N\367b\371\244\314-w\363\262\225Z\200\206\235\233\257?sE\267P\027\000\000\000\000\000\000\000\000\000\000\000\000\000\000\000\000\000\000\000\000\000\000\000\000\000\000\000\000\000\000\000\000P\031\033@\177e\277\016\010u\327\371&\262\312\317Q\2361t\377x\234\001v\003%\030\325_\225g\204\346s!\002\364d\217\366\217|\316F\232\231\241\n\261\333`\312O\367\235\025DD\336e\367\n\312\326\221\037\025\230vG0E\002!\000\315\242EEG>\232\247\357\214\244\300a\230\233\264\216pw\2718\325\001C\017\350<\036(v\240\232\002 [\213\212\014a\220\270\326b\013\002\273\316\270\244\243\241.\316\31380\315 \266\346\217\272WwRk""; ","validation: """"\200\000\000\001&\000\000\000\010)/\351\252\314:p\210\265\307-\212\200\004Qa=\225\273\331\354\365*U\363\263N\367b\371\244\314-w\363\262\225Z\200\206\235\233\257?sE\267P\027\000\000\000\000\000\000\000\000\000\000\000\000\000\000\000\000\000\000\000\000\000\000\000\000\000\000\000\000\000\000\000\000P\031\033@\177e\277\016\010u\327\371&\262\312\317Q\2361t\377x\234\001v\003%\030\325_\225g\204\346s!\002\364d\217\366\217|\316F\232\231\241\n\261\333`\312O\367\235\025DD\336e\367\n\312\326\221\037\025\230vG0E\002!\000\315\242EEG>\232\247\357\214\244\300a\230\233\264\216pw\2718\325\001C\017\350<\036(v\240\232\002 [\213\212\014a\220\270\326b\013\002\273\316\270\244\243\241.\316\31380\315 \266\346\217\272WwRk""; "
1750527567925,1750527567926,949,1,1,2,TMValidation,"validation: """"\200\000\000\001&\000\000\000\010)/\351\252\314:p\210\265\307-\212\200\004Qa=\225\273\331\354\365*U\363\263N\367b\371\244\314-w\363\262\225Z\200\206\235\233\257?sE\267P\027\000\000\000\000\000\000\000\000\000\000\000\000\000\000\000\000\000\000\000\000\000\000\000\000\000\000\000\000\000\000\000\000P\031\033@\177e\277\016\010u\327\371&\262\312\317Q\2361t\377x\234\001v\003%\030\325_\225g\204\346s!\002\364d\217\366\217|\316F\232\231\241\n\261\333`\312O\367\235\025DD\336e\367\n\312\326\221\037\025\230vG0E\002!\000\315\242EEG>\232\247\357\214\244\300a\230\233\264\216pw\2718\325\001C\017\350<\036(v\240\232\002 [\213\212\014a\220\270\326b\013\002\273\316\270\244\243\241.\316\31380\315 \266\346\217\272WwRk""; ","validation: """"\200\000\000\001&\000\000\000\010)/\351\252\314:p\210\265\307-\212\200\004Qa=\225\273\331\354\365*U\363\263N\367b\371\244\314-w\363\262\225Z\200\206\235\233\257?sE\267P\027\000\000\000\000\000\000\000\000\000\000\000\000\000\000\000\000\000\000\000\000\000\000\000\000\000\000\000\000\000\000\000\000P\031\033@\177e\277\016\010u\327\371&\262\312\317Q\2361t\377x\234\001v\003%\030\325_\225g\204\346s!\002\364d\217\366\217|\316F\232\231\241\n\261\333`\312O\367\235\025DD\336e\367\n\312\326\221\037\025\230vG0E\002!\000\315\242EEG>\232\247\357\214\244\300a\230\233\264\216pw\2718\325\001C\017\350<\036(v\240\232\002 [\213\212\014a\220\270\326b\013\002\273\316\270\244\243\241.\316\31380\315 \266\346\217\272WwRk""; "
1750527568353,1750527568353,4000,1,2,3,TMGetLedger,"itype: liBASE; ledgerHash: ""4\254\326mU\377?\177Ek\336\030!\316Aa\225\303\022\377{\210Y\226\271as\354L\035\004\341""; ","itype: liBASE; ledgerHash: ""4\254\326mU\377?\177Ek\336\030!\316Aa\225\303\022\377{\210Y\226\271as\354L\035\004\341""; "
1750527568353,1750527568353,589,1,2,0,TMGetLedger,"itype: liBASE; ledgerHash: ""4\254\326mU\377?\177Ek\336\030!\316Aa\225\303\022\377{\210Y\226\271as\354L\035\004\341""; ","itype: liBASE; ledgerHash: ""4\254\326mU\377?\177Ek\336\030!\316Aa\225\303\022\377{\210Y\226\271as\354L\035\004\341""; "
1750527568354,1750527568354,589,1,2,0,TMGetLedger,"itype: liBASE; ledgerHash: ""4\254\326mU\377?\177Ek\336\030!\316Aa\225\303\022\377{\210Y\226\271as\354L\035\004\341""; queryType: qtINDIRECT; ","itype: liBASE; ledgerHash: ""4\254\326mU\377?\177Ek\336\030!\316Aa\225\303\022\377{\210Y\226\271as\354L\035\004\341""; queryType: qtINDIRECT; "
1750527568355,1750527568355,3719,1,2,4,TMGetLedger,"itype: liBASE; ledgerHash: ""4\254\326mU\377?\177Ek\336\030!\316Aa\225\303\022\377{\210Y\226\271as\354L\035\004\341""; ","itype: liBASE; ledgerHash: ""4\254\326mU\377?\177Ek\336\030!\316Aa\225\303\022\377{\210Y\226\271as\354L\035\004\341""; "
1750527568355,1750527568355,4000,1,2,3,TMGetLedger,"itype: liBASE; ledgerHash: ""4\254\326mU\377?\177Ek\336\030!\316Aa\225\303\022\377{\210Y\226\271as\354L\035\004\341""; queryType: qtINDIRECT; ","itype: liBASE; ledgerHash: ""4\254\326mU\377?\177Ek\336\030!\316Aa\225\303\022\377{\210Y\226\271as\354L\035\004\341""; queryType: qtINDIRECT; "
1750527568355,1750527568355,1544,1,2,1,TMGetLedger,"itype: liBASE; ledgerHash: ""4\254\326mU\377?\177Ek\336\030!\316Aa\225\303\022\377{\210Y\226\271as\354L\035\004\341""; ","itype: liBASE; ledgerHash: ""4\254\326mU\377?\177Ek\336\030!\316Aa\225\303\022\377{\210Y\226\271as\354L\035\004\341""; "
1750527568356,1750527568356,723,1,2,3,TMValidation,"validation: """"\200\000\000\001&\000\000\000\t)/\351\252\317:\r\302\353\023?\373\240rQ4\254\326mU\377?\177Ek\336\030!\316Aa\225\303\022\377{\210Y\226\271as\354L\035\004\341P\027\000\000\000\000\000\000\000\000\000\000\000\000\000\000\000\000\000\000\000\000\000\000\000\000\000\000\000\000\000\000\000\000P\031a=\225\273\331\354\365*U\363\263N\367b\371\244\314-w\363\262\225Z\200\206\235\233\257?sE\267s!\003R7o\362bV\300hf\266\241;}\200^\374\240\203[:\342Q\225\221\027y\372\255\235\216\323~vG0E\002!\000\370\267\213\355FTr\206\341\207x\226\251\350\230\030\351\351e\023\030\207Z\365'\177\005'\022\n\345\272\002 B^\3261%\366{\300\243\364K\215g\333f\202K\200\316\346\277d\3143\32100Dvo62""; ","validation: """"\200\000\000\001&\000\000\000\t)/\351\252\317:\r\302\353\023?\373\240rQ4\254\326mU\377?\177Ek\336\030!\316Aa\225\303\022\377{\210Y\226\271as\354L\035\004\341P\027\000\000\000\000\000\000\000\000\000\000\000\000\000\000\000\000\000\000\000\000\000\000\000\000\000\000\000\000\000\000\000\000P\031a=\225\273\331\354\365*U\363\263N\367b\371\244\314-w\363\262\225Z\200\206\235\233\257?sE\267s!\003R7o\362bV\300hf\266\241;}\200^\374\240\203[:\342Q\225\221\027y\372\255\235\216\323~vG0E\002!\000\370\267\213\355FTr\206\341\207x\226\251\350\230\030\351\351e\023\030\207Z\365'\177\005'\022\n\345\272\002 B^\3261%\366{\300\243\364K\215g\333f\202K\200\316\346\277d\3143\32100Dvo62""; "
1750527568356,1750527568356,3719,1,2,4,TMGetLedger,"itype: liBASE; ledgerHash: ""4\254\326mU\377?\177Ek\336\030!\316Aa\225\303\022\377{\210Y\226\271as\354L\035\004\341""; queryType: qtINDIRECT; ","itype: liBASE; ledgerHash: ""4\254\326mU\377?\177Ek\336\030!\316Aa\225\303\022\377{\210Y\226\271as\354L\035\004\341""; queryType: qtINDIRECT; "
1750527568357,1750527568357,1544,1,2,1,TMGetLedger,"itype: liBASE; ledgerHash: ""4\254\326mU\377?\177Ek\336\030!\316Aa\225\303\022\377{\210Y\226\271as\354L\035\004\341""; queryType: qtINDIRECT; ","itype: liBASE; ledgerHash: ""4\254\326mU\377?\177Ek\336\030!\316Aa\225\303\022\377{\210Y\226\271as\354L\035\004\341""; queryType: qtINDIRECT; "
1750527568357,1750527568357,340,1,2,1,TMValidation,"validation: """"\200\000\000\001&\000\000\000\t)/\351\252\317:\r\302\353\023?\373\240rQ4\254\326mU\377?\177Ek\336\030!\316Aa\225\303\022\377{\210Y\226\271as\354L\035\004\341P\027\000\000\000\000\000\000\000\000\000\000\000\000\000\000\000\000\000\000\000\000\000\000\000\000\000\000\000\000\000\000\000\000P\031a=\225\273\331\354\365*U\363\263N\367b\371\244\314-w\363\262\225Z\200\206\235\233\257?sE\267s!\003R7o\362bV\300hf\266\241;}\200^\374\240\203[:\342Q\225\221\027y\372\255\235\216\323~vG0E\002!\000\370\267\213\355FTr\206\341\207x\226\251\350\230\030\351\351e\023\030\207Z\365'\177\005'\022\n\345\272\002 B^\3261%\366{\300\243\364K\215g\333f\202K\200\316\346\277d\3143\32100Dvo62""; ","validation: """"\200\000\000\001&\000\000\000\t)/\351\252\317:\r\302\353\023?\373\240rQ4\254\326mU\377?\177Ek\336\030!\316Aa\225\303\022\377{\210Y\226\271as\354L\035\004\341P\027\000\000\000\000\000\000\000\000\000\000\000\000\000\000\000\000\000\000\000\000\000\000\000\000\000\000\000\000\000\000\000\000P\031a=\225\273\331\354\365*U\363\263N\367b\371\244\314-w\363\262\225Z\200\206\235\233\257?sE\267s!\003R7o\362bV\300hf\266\241;}\200^\374\240\203[:\342Q\225\221\027y\372\255\235\216\323~vG0E\002!\000\370\267\213\355FTr\206\341\207x\226\251\350\230\030\351\351e\023\030\207Z\365'\177\005'\022\n\345\272\002 B^\3261%\366{\300\243\364K\215g\333f\202K\200\316\346\277d\3143\32100Dvo62""; "
1750527568358,1750527568358,446,1,2,0,TMValidation,"validation: """"\200\000\000\001&\000\000\000\t)/\351\252\317:\r\302\353\023?\373\240rQ4\254\326mU\377?\177Ek\336\030!\316Aa\225\303\022\377{\210Y\226\271as\354L\035\004\341P\027\000\000\000\000\000\000\000\000\000\000\000\000\000\000\000\000\000\000\000\000\000\000\000\000\000\000\000\000\000\000\000\000P\031a=\225\273\331\354\365*U\363\263N\367b\371\244\314-w\363\262\225Z\200\206\235\233\257?sE\267s!\003R7o\362bV\300hf\266\241;}\200^\374\240\203[:\342Q\225\221\027y\372\255\235\216\323~vG0E\002!\000\370\267\213\355FTr\206\341\207x\226\251\350\230\030\351\351e\023\030\207Z\365'\177\005'\022\n\345\272\002 B^\3261%\366{\300\243\364K\215g\333f\202K\200\316\346\277d\3143\32100Dvo62""; ","validation: """"\200\000\000\001&\000\000\000\t)/\351\252\317:\r\302\353\023?\373\240rQ4\254\326mU\377?\177Ek\336\030!\316Aa\225\303\022\377{\210Y\226\271as\354L\035\004\341P\027\000\000\000\000\000\000\000\000\000\000\000\000\000\000\000\000\000\000\000\000\000\000\000\000\000\000\000\000\000\000\000\000P\031a=\225\273\331\354\365*U\363\263N\367b\371\244\314-w\363\262\225Z\200\206\235\233\257?sE\267s!\003R7o\362bV\300hf\266\241;}\200^\374\240\203[:\342Q\225\221\027y\372\255\235\216\323~vG0E\002!\000\370\267\213\355FTr\206\341\207x\226\251\350\230\030\351\351e\023\030\207Z\365'\177\005'\022\n\345\272\002 B^\3261%\366{\300\243\364K\215g\333f\202K\200\316\346\277d\3143\32100Dvo62""; "
1750527568397,1750527568397,1544,1,2,1,TMGetLedger,"itype: liBASE; ledgerHash: ""a=\225\273\331\354\365*U\363\263N\367b\371\244\314-w\363\262\225Z\200\206\235\233\257?sE\267""; ledgerSeq: 8; queryType: qtINDIRECT; ","itype: liBASE; ledgerHash: ""a=\225\273\331\354\365*U\363\263N\367b\371\244\314-w\363\262\225Z\200\206\235\233\257?sE\267""; ledgerSeq: 8; queryType: qtINDIRECT; "
1750527568398,1750527568398,4000,1,2,3,TMGetLedger,"itype: liBASE; ledgerHash: ""a=\225\273\331\354\365*U\363\263N\367b\371\244\314-w\363\262\225Z\200\206\235\233\257?sE\267""; ledgerSeq: 8; queryType: qtINDIRECT; ","itype: liBASE; ledgerHash: ""a=\225\273\331\354\365*U\363\263N\367b\371\244\314-w\363\262\225Z\200\206\235\233\257?sE\267""; ledgerSeq: 8; queryType: qtINDIRECT; "
1750527568398,1750527568398,3719,1,2,4,TMGetLedger,"itype: liBASE; ledgerHash: ""a=\225\273\331\354\365*U\363\263N\367b\371\244\314-w\363\262\225Z\200\206\235\233\257?sE\267""; ledgerSeq: 8; queryType: qtINDIRECT; ","itype: liBASE; ledgerHash: ""a=\225\273\331\354\365*U\363\263N\367b\371\244\314-w\363\262\225Z\200\206\235\233\257?sE\267""; ledgerSeq: 8; queryType: qtINDIRECT; "
1750527568398,1750527568398,589,1,2,0,TMGetLedger,"itype: liBASE; ledgerHash: ""a=\225\273\331\354\365*U\363\263N\367b\371\244\314-w\363\262\225Z\200\206\235\233\257?sE\267""; ledgerSeq: 8; queryType: qtINDIRECT; ","itype: liBASE; ledgerHash: ""a=\225\273\331\354\365*U\363\263N\367b\371\244\314-w\363\262\225Z\200\206\235\233\257?sE\267""; ledgerSeq: 8; queryType: qtINDIRECT; "
1750527568421,1750527568421,1272,1,3,4,TMProposeSet,"proposeSeq: 0; currentTxHash: ""\000\000\000\000\000\000\000\000\000\000\000\000\000\000\000\000\000\000\000\000\000\000\000\000\000\000\000\000\000\000\000\000""; nodePubKey: ""\002\364d\217\366\217|\316F\232\231\241\n\261\333`\312O\367\235\025DD\336e\367\n\312\326\221\037\025\230""; closeTime: 803842768; signature: ""0D\002 \024&\034\212xNw\002\010\010\031\255'/\014\317\037\3661\r_\365\261\036\254\037\231/\2333\304$\002 M\304\346\235\323\205\223\354#\323\372z-\211;\342j\324\242\226P\323\350\312\263\220\006b\274-\200\306""; previousledger: ""4\254\326mU\377?\177Ek\336\030!\316Aa\225\303\022\377{\210Y\226\271as\354L\035\004\341""; ","proposeSeq: 0; currentTxHash: ""\000\000\000\000\000\000\000\000\000\000\000\000\000\000\000\000\000\000\000\000\000\000\000\000\000\000\000\000\000\000\000\000""; nodePubKey: ""\002\364d\217\366\217|\316F\232\231\241\n\261\333`\312O\367\235\025DD\336e\367\n\312\326\221\037\025\230""; closeTime: 803842768; signature: ""0D\002 \024&\034\212xNw\002\010\010\031\255'/\014\317\037\3661\r_\365\261\036\254\037\231/\2333\304$\002 M\304\346\235\323\205\223\354#\323\372z-\211;\342j\324\242\226P\323\350\312\263\220\006b\274-\200\306""; previousledger: ""4\254\326mU\377?\177Ek\336\030!\316Aa\225\303\022\377{\210Y\226\271as\354L\035\004\341""; "
1750527568422,1750527568423,3787,1,3,2,TMProposeSet,"proposeSeq: 0; currentTxHash: ""\000\000\000\000\000\000\000\000\000\000\000\000\000\000\000\000\000\000\000\000\000\000\000\000\000\000\000\000\000\000\000\000""; nodePubKey: ""\002\364d\217\366\217|\316F\232\231\241\n\261\333`\312O\367\235\025DD\336e\367\n\312\326\221\037\025\230""; closeTime: 803842768; signature: ""0D\002 \024&\034\212xNw\002\010\010\031\255'/\014\317\037\3661\r_\365\261\036\254\037\231/\2333\304$\002 M\304\346\235\323\205\223\354#\323\372z-\211;\342j\324\242\226P\323\350\312\263\220\006b\274-\200\306""; previousledger: ""4\254\326mU\377?\177Ek\336\030!\316Aa\225\303\022\377{\210Y\226\271as\354L\035\004\341""; ","proposeSeq: 0; currentTxHash: ""\000\000\000\000\000\000\000\000\000\000\000\000\000\000\000\000\000\000\000\000\000\000\000\000\000\000\000\000\000\000\000\000""; nodePubKey: ""\002\364d\217\366\217|\316F\232\231\241\n\261\333`\312O\367\235\025DD\336e\367\n\312\326\221\037\025\230""; closeTime: 803842768; signature: ""0D\002 \024&\034\212xNw\002\010\010\031\255'/\014\317\037\3661\r_\365\261\036\254\037\231/\2333\304$\002 M\304\346\235\323\205\223\354#\323\372z-\211;\342j\324\242\226P\323\350\312\263\220\006b\274-\200\306""; previousledger: ""4\254\326mU\377?\177Ek\336\030!\316Aa\225\303\022\377{\210Y\226\271as\354L\035\004\341""; "
1750527568425,1750527568425,3830,1,3,1,TMProposeSet,"proposeSeq: 0; currentTxHash: ""\000\000\000\000\000\000\000\000\000\000\000\000\000\000\000\000\000\000\000\000\000\000\000\000\000\000\000\000\000\000\000\000""; nodePubKey: ""\002\364d\217\366\217|\316F\232\231\241\n\261\333`\312O\367\235\025DD\336e\367\n\312\326\221\037\025\230""; closeTime: 803842768; signature: ""0D\002 \024&\034\212xNw\002\010\010\031\255'/\014\317\037\3661\r_\365\261\036\254\037\231/\2333\304$\002 M\304\346\235\323\205\223\354#\323\372z-\211;\342j\324\242\226P\323\350\312\263\220\006b\274-\200\306""; previousledger: ""4\254\326mU\377?\177Ek\336\030!\316Aa\225\303\022\377{\210Y\226\271as\354L\035\004\341""; ","proposeSeq: 0; currentTxHash: ""\000\000\000\000\000\000\000\000\000\000\000\000\000\000\000\000\000\000\000\000\000\000\000\000\000\000\000\000\000\000\000\000""; nodePubKey: ""\002\364d\217\366\217|\316F\232\231\241\n\261\333`\312O\367\235\025DD\336e\367\n\312\326\221\037\025\230""; closeTime: 803842768; signature: ""0D\002 \024&\034\212xNw\002\010\010\031\255'/\014\317\037\3661\r_\365\261\036\254\037\231/\2333\304$\002 M\304\346\235\323\205\223\354#\323\372z-\211;\342j\324\242\226P\323\350\312\263\220\006b\274-\200\306""; previousledger: ""4\254\326mU\377?\177Ek\336\030!\316Aa\225\303\022\377{\210Y\226\271as\354L\035\004\341""; "
1750527568425,1750527568426,2201,1,3,0,TMProposeSet,"proposeSeq: 0; currentTxHash: ""\000\000\000\000\000\000\000\000\000\000\000\000\000\000\000\000\000\000\000\000\000\000\000\000\000\000\000\000\000\000\000\000""; nodePubKey: ""\002\364d\217\366\217|\316F\232\231\241\n\261\333`\312O\367\235\025DD\336e\367\n\312\326\221\037\025\230""; closeTime: 803842768; signature: ""0D\002 \024&\034\212xNw\002\010\010\031\255'/\014\317\037\3661\r_\365\261\036\254\037\231/\2333\304$\002 M\304\346\235\323\205\223\354#\323\372z-\211;\342j\324\242\226P\323\350\312\263\220\006b\274-\200\306""; previousledger: ""4\254\326mU\377?\177Ek\336\030!\316Aa\225\303\022\377{\210Y\226\271as\354L\035\004\341""; ","proposeSeq: 0; currentTxHash: ""\000\000\000\000\000\000\000\000\000\000\000\000\000\000\000\000\000\000\000\000\000\000\000\000\000\000\000\000\000\000\000\000""; nodePubKey: ""\002\364d\217\366\217|\316F\232\231\241\n\261\333`\312O\367\235\025DD\336e\367\n\312\326\221\037\025\230""; closeTime: 803842768; signature: ""0D\002 \024&\034\212xNw\002\010\010\031\255'/\014\317\037\3661\r_\365\261\036\254\037\231/\2333\304$\002 M\304\346\235\323\205\223\354#\323\372z-\211;\342j\324\242\226P\323\350\312\263\220\006b\274-\200\306""; previousledger: ""4\254\326mU\377?\177Ek\336\030!\316Aa\225\303\022\377{\210Y\226\271as\354L\035\004\341""; "
1750527568423,1750527568482,3432,1,3,2,TMStatusChange,"newEvent: neCLOSING_LEDGER; ledgerSeq: 9; ledgerHash: ""4\254\326mU\377?\177Ek\336\030!\316Aa\225\303\022\377{\210Y\226\271as\354L\035\004\341""; ledgerHashPrevious: ""a=\225\273\331\354\365*U\363\263N\367b\371\244\314-w\363\262\225Z\200\206\235\233\257?sE\267""; networkTime: 803842768; firstSeq: 1; lastSeq: 8; ","newEvent: neCLOSING_LEDGER; ledgerSeq: 9; ledgerHash: ""4\254\326mU\377?\177Ek\336\030!\316Aa\225\303\022\377{\210Y\226\271as\354L\035\004\341""; ledgerHashPrevious: ""a=\225\273\331\354\365*U\363\263N\367b\371\244\314-w\363\262\225Z\200\206\235\233\257?sE\267""; networkTime: 803842768; firstSeq: 1; lastSeq: 8; "
1750527568424,1750527568483,1571,1,3,1,TMStatusChange,"newEvent: neCLOSING_LEDGER; ledgerSeq: 9; ledgerHash: ""4\254\326mU\377?\177Ek\336\030!\316Aa\225\303\022\377{\210Y\226\271as\354L\035\004\341""; ledgerHashPrevious: ""a=\225\273\331\354\365*U\363\263N\367b\371\244\314-w\363\262\225Z\200\206\235\233\257?sE\267""; networkTime: 803842768; firstSeq: 1; lastSeq: 8; ","newEvent: neCLOSING_LEDGER; ledgerSeq: 9; ledgerHash: ""4\254\326mU\377?\177Ek\336\030!\316Aa\225\303\022\377{\210Y\226\271as\354L\035\004\341""; ledgerHashPrevious: ""a=\225\273\331\354\365*U\363\263N\367b\371\244\314-w\363\262\225Z\200\206\235\233\257?sE\267""; networkTime: 803842768; firstSeq: 1; lastSeq: 8; "
1750527568425,1750527568484,3991,1,3,0,TMStatusChange,"newEvent: neCLOSING_LEDGER; ledgerSeq: 9; ledgerHash: ""4\254\326mU\377?\177Ek\336\030!\316Aa\225\303\022\377{\210Y\226\271as\354L\035\004\341""; ledgerHashPrevious: ""a=\225\273\331\354\365*U\363\263N\367b\371\244\314-w\363\262\225Z\200\206\235\233\257?sE\267""; networkTime: 803842768; firstSeq: 1; lastSeq: 8; ","newEvent: neCLOSING_LEDGER; ledgerSeq: 9; ledgerHash: ""4\254\326mU\377?\177Ek\336\030!\316Aa\225\303\022\377{\210Y\226\271as\354L\035\004\341""; ledgerHashPrevious: ""a=\225\273\331\354\365*U\363\263N\367b\371\244\314-w\363\262\225Z\200\206\235\233\257?sE\267""; networkTime: 803842768; firstSeq: 1; lastSeq: 8; "
1750527568423,1750527568483,598,1,3,4,TMStatusChange,"newEvent: neCLOSING_LEDGER; ledgerSeq: 9; ledgerHash: ""4\254\326mU\377?\177Ek\336\030!\316Aa\225\303\022\377{\210Y\226\271as\354L\035\004\341""; ledgerHashPrevious: ""a=\225\273\331\354\365*U\363\263N\367b\371\244\314-w\363\262\225Z\200\206\235\233\257?sE\267""; networkTime: 803842768; firstSeq: 1; lastSeq: 8; ","newEvent: neCLOSING_LEDGER; ledgerSeq: 9; ledgerHash: ""4\254\326mU\377?\177Ek\336\030!\316Aa\225\303\022\377{\210Y\226\271as\354L\035\004\341""; ledgerHashPrevious: ""a=\225\273\331\354\365*U\363\263N\367b\371\244\314-w\363\262\225Z\200\206\235\233\257?sE\267""; networkTime: 803842768; firstSeq: 1; lastSeq: 8; "
1750527568567,1750527568567,2441,1,4,2,TMProposeSet,"proposeSeq: 0; currentTxHash: ""\000\000\000\000\000\000\000\000\000\000\000\000\000\000\000\000\000\000\000\000\000\000\000\000\000\000\000\000\000\000\000\000""; nodePubKey: ""\003R7o\362bV\300hf\266\241;}\200^\374\240\203[:\342Q\225\221\027y\372\255\235\216\323~""; closeTime: 803842768; signature: ""0E\002!\000\372\257\323\232\220\351\203\236Xv\020\352\227o\177\006;$\222\366YAq7H\270G\312x\313\006\035\002 \014\333MX{3\360\024 U\317\361\255\231\360\354vB\323:\211\rI\317\255\2576{\254K\312\265""; previousledger: ""4\254\326mU\377?\177Ek\336\030!\316Aa\225\303\022\377{\210Y\226\271as\354L\035\004\341""; ","proposeSeq: 0; currentTxHash: ""\000\000\000\000\000\000\000\000\000\000\000\000\000\000\000\000\000\000\000\000\000\000\000\000\000\000\000\000\000\000\000\000""; nodePubKey: ""\003R7o\362bV\300hf\266\241;}\200^\374\240\203[:\342Q\225\221\027y\372\255\235\216\323~""; closeTime: 803842768; signature: ""0E\002!\000\372\257\323\232\220\351\203\236Xv\020\352\227o\177\006;$\222\366YAq7H\270G\312x\313\006\035\002 \014\333MX{3\360\024 U\317\361\255\231\360\354vB\323:\211\rI\317\255\2576{\254K\312\265""; previousledger: ""4\254\326mU\377?\177Ek\336\030!\316Aa\225\303\022\377{\210Y\226\271as\354L\035\004\341""; "
1750527568568,1750527568568,371,1,4,3,TMProposeSet,"proposeSeq: 0; currentTxHash: ""\000\000\000\000\000\000\000\000\000\000\000\000\000\000\000\000\000\000\000\000\000\000\000\000\000\000\000\000\000\000\000\000""; nodePubKey: ""\003R7o\362bV\300hf\266\241;}\200^\374\240\203[:\342Q\225\221\027y\372\255\235\216\323~""; closeTime: 803842768; signature: ""0E\002!\000\372\257\323\232\220\351\203\236Xv\020\352\227o\177\006;$\222\366YAq7H\270G\312x\313\006\035\002 \014\333MX{3\360\024 U\317\361\255\231\360\354vB\323:\211\rI\317\255\2576{\254K\312\265""; previousledger: ""4\254\326mU\377?\177Ek\336\030!\316Aa\225\303\022\377{\210Y\226\271as\354L\035\004\341""; ","proposeSeq: 0; currentTxHash: ""\000\000\000\000\000\000\000\000\000\000\000\000\000\000\000\000\000\000\000\000\000\000\000\000\000\000\000\000\000\000\000\000""; nodePubKey: ""\003R7o\362bV\300hf\266\241;}\200^\374\240\203[:\342Q\225\221\027y\372\255\235\216\323~""; closeTime: 803842768; signature: ""0E\002!\000\372\257\323\232\220\351\203\236Xv\020\352\227o\177\006;$\222\366YAq7H\270G\312x\313\006\035\002 \014\333MX{3\360\024 U\317\361\255\231\360\354vB\323:\211\rI\317\255\2576{\254K\312\265""; previousledger: ""4\254\326mU\377?\177Ek\336\030!\316Aa\225\303\022\377{\210Y\226\271as\354L\035\004\341""; "
1750527568570,1750527568570,2455,1,4,1,TMProposeSet,"proposeSeq: 0; currentTxHash: ""\000\000\000\000\000\000\000\000\000\000\000\000\000\000\000\000\000\000\000\000\000\000\000\000\000\000\000\000\000\000\000\000""; nodePubKey: ""\003R7o\362bV\300hf\266\241;}\200^\374\240\203[:\342Q\225\221\027y\372\255\235\216\323~""; closeTime: 803842768; signature: ""0E\002!\000\372\257\323\232\220\351\203\236Xv\020\352\227o\177\006;$\222\366YAq7H\270G\312x\313\006\035\002 \014\333MX{3\360\024 U\317\361\255\231\360\354vB\323:\211\rI\317\255\2576{\254K\312\265""; previousledger: ""4\254\326mU\377?\177Ek\336\030!\316Aa\225\303\022\377{\210Y\226\271as\354L\035\004\341""; ","proposeSeq: 0; currentTxHash: ""\000\000\000\000\000\000\000\000\000\000\000\000\000\000\000\000\000\000\000\000\000\000\000\000\000\000\000\000\000\000\000\000""; nodePubKey: ""\003R7o\362bV\300hf\266\241;}\200^\374\240\203[:\342Q\225\221\027y\372\255\235\216\323~""; closeTime: 803842768; signature: ""0E\002!\000\372\257\323\232\220\351\203\236Xv\020\352\227o\177\006;$\222\366YAq7H\270G\312x\313\006\035\002 \014\333MX{3\360\024 U\317\361\255\231\360\354vB\323:\211\rI\317\255\2576{\254K\312\265""; previousledger: ""4\254\326mU\377?\177Ek\336\030!\316Aa\225\303\022\377{\210Y\226\271as\354L\035\004\341""; "
1750527568571,1750527568571,2972,1,4,0,TMProposeSet,"proposeSeq: 0; currentTxHash: ""\000\000\000\000\000\000\000\000\000\000\000\000\000\000\000\000\000\000\000\000\000\000\000\000\000\000\000\000\000\000\000\000""; nodePubKey: ""\003R7o\362bV\300hf\266\241;}\200^\374\240\203[:\342Q\225\221\027y\372\255\235\216\323~""; closeTime: 803842768; signature: ""0E\002!\000\372\257\323\232\220\351\203\236Xv\020\352\227o\177\006;$\222\366YAq7H\270G\312x\313\006\035\002 \014\333MX{3\360\024 U\317\361\255\231\360\354vB\323:\211\rI\317\255\2576{\254K\312\265""; previousledger: ""4\254\326mU\377?\177Ek\336\030!\316Aa\225\303\022\377{\210Y\226\271as\354L\035\004\341""; ","proposeSeq: 0; currentTxHash: ""\000\000\000\000\000\000\000\000\000\000\000\000\000\000\000\000\000\000\000\000\000\000\000\000\000\000\000\000\000\000\000\000""; nodePubKey: ""\003R7o\362bV\300hf\266\241;}\200^\374\240\203[:\342Q\225\221\027y\372\255\235\216\323~""; closeTime: 803842768; signature: ""0E\002!\000\372\257\323\232\220\351\203\236Xv\020\352\227o\177\006;$\222\366YAq7H\270G\312x\313\006\035\002 \014\333MX{3\360\024 U\317\361\255\231\360\354vB\323:\211\rI\317\255\2576{\254K\312\265""; previousledger: ""4\254\326mU\377?\177Ek\336\030!\316Aa\225\303\022\377{\210Y\226\271as\354L\035\004\341""; "
1750527568568,1750527568628,3346,1,4,2,TMStatusChange,"newEvent: neCLOSING_LEDGER; ledgerSeq: 9; ledgerHash: ""4\254\326mU\377?\177Ek\336\030!\316Aa\225\303\022\377{\210Y\226\271as\354L\035\004\341""; ledgerHashPrevious: ""a=\225\273\331\354\365*U\363\263N\367b\371\244\314-w\363\262\225Z\200\206\235\233\257?sE\267""; networkTime: 803842768; firstSeq: 1; lastSeq: 8; ","newEvent: neCLOSING_LEDGER; ledgerSeq: 9; ledgerHash: ""4\254\326mU\377?\177Ek\336\030!\316Aa\225\303\022\377{\210Y\226\271as\354L\035\004\341""; ledgerHashPrevious: ""a=\225\273\331\354\365*U\363\263N\367b\371\244\314-w\363\262\225Z\200\206\235\233\257?sE\267""; networkTime: 803842768; firstSeq: 1; lastSeq: 8; "
1750527568569,1750527568629,3403,1,4,3,TMStatusChange,"newEvent: neCLOSING_LEDGER; ledgerSeq: 9; ledgerHash: ""4\254\326mU\377?\177Ek\336\030!\316Aa\225\303\022\377{\210Y\226\271as\354L\035\004\341""; ledgerHashPrevious: ""a=\225\273\331\354\365*U\363\263N\367b\371\244\314-w\363\262\225Z\200\206\235\233\257?sE\267""; networkTime: 803842768; firstSeq: 1; lastSeq: 8; ","newEvent: neCLOSING_LEDGER; ledgerSeq: 9; ledgerHash: ""4\254\326mU\377?\177Ek\336\030!\316Aa\225\303\022\377{\210Y\226\271as\354L\035\004\341""; ledgerHashPrevious: ""a=\225\273\331\354\365*U\363\263N\367b\371\244\314-w\363\262\225Z\200\206\235\233\257?sE\267""; networkTime: 803842768; firstSeq: 1; lastSeq: 8; "
1750527568570,1750527568629,803,1,4,1,TMStatusChange,"newEvent: neCLOSING_LEDGER; ledgerSeq: 9; ledgerHash: ""4\254\326mU\377?\177Ek\336\030!\316Aa\225\303\022\377{\210Y\226\271as\354L\035\004\341""; ledgerHashPrevious: ""a=\225\273\331\354\365*U\363\263N\367b\371\244\314-w\363\262\225Z\200\206\235\233\257?sE\267""; networkTime: 803842768; firstSeq: 1; lastSeq: 8; ","newEvent: neCLOSING_LEDGER; ledgerSeq: 9; ledgerHash: ""4\254\326mU\377?\177Ek\336\030!\316Aa\225\303\022\377{\210Y\226\271as\354L\035\004\341""; ledgerHashPrevious: ""a=\225\273\331\354\365*U\363\263N\367b\371\244\314-w\363\262\225Z\200\206\235\233\257?sE\267""; networkTime: 803842768; firstSeq: 1; lastSeq: 8; "
1750527568571,1750527568629,832,1,4,0,TMStatusChange,"newEvent: neCLOSING_LEDGER; ledgerSeq: 9; ledgerHash: ""4\254\326mU\377?\177Ek\336\030!\316Aa\225\303\022\377{\210Y\226\271as\354L\035\004\341""; ledgerHashPrevious: ""a=\225\273\331\354\365*U\363\263N\367b\371\244\314-w\363\262\225Z\200\206\235\233\257?sE\267""; networkTime: 803842768; firstSeq: 1; lastSeq: 8; ","newEvent: neCLOSING_LEDGER; ledgerSeq: 9; ledgerHash: ""4\254\326mU\377?\177Ek\336\030!\316Aa\225\303\022\377{\210Y\226\271as\354L\035\004\341""; ledgerHashPrevious: ""a=\225\273\331\354\365*U\363\263N\367b\371\244\314-w\363\262\225Z\200\206\235\233\257?sE\267""; networkTime: 803842768; firstSeq: 1; lastSeq: 8; "
1750527568696,1750527568696,3810,1,1,4,TMGetLedger,"itype: liBASE; ledgerHash: ""4\254\326mU\377?\177Ek\336\030!\316Aa\225\303\022\377{\210Y\226\271as\354L\035\004\341""; ","itype: liBASE; ledgerHash: ""4\254\326mU\377?\177Ek\336\030!\316Aa\225\303\022\377{\210Y\226\271as\354L\035\004\341""; "
1750527568698,1750527568698,2920,1,1,0,TMGetLedger,"itype: liBASE; ledgerHash: ""4\254\326mU\377?\177Ek\336\030!\316Aa\225\303\022\377{\210Y\226\271as\354L\035\004\341""; ","itype: liBASE; ledgerHash: ""4\254\326mU\377?\177Ek\336\030!\316Aa\225\303\022\377{\210Y\226\271as\354L\035\004\341""; "
1750527568697,1750527568697,3769,1,1,3,TMGetLedger,"itype: liBASE; ledgerHash: ""4\254\326mU\377?\177Ek\336\030!\316Aa\225\303\022\377{\210Y\226\271as\354L\035\004\341""; ","itype: liBASE; ledgerHash: ""4\254\326mU\377?\177Ek\336\030!\316Aa\225\303\022\377{\210Y\226\271as\354L\035\004\341""; "
1750527568697,1750527568697,2229,1,1,0,TMValidation,"validation: """"\200\000\000\001&\000\000\000\t)/\351\252\317:\r\302\353\023?\373\240rQ4\254\326mU\377?\177Ek\336\030!\316Aa\225\303\022\377{\210Y\226\271as\354L\035\004\341P\027\000\000\000\000\000\000\000\000\000\000\000\000\000\000\000\000\000\000\000\000\000\000\000\000\000\000\000\000\000\000\000\000P\031a=\225\273\331\354\365*U\363\263N\367b\371\244\314-w\363\262\225Z\200\206\235\233\257?sE\267s!\003R7o\362bV\300hf\266\241;}\200^\374\240\203[:\342Q\225\221\027y\372\255\235\216\323~vG0E\002!\000\370\267\213\355FTr\206\341\207x\226\251\350\230\030\351\351e\023\030\207Z\365'\177\005'\022\n\345\272\002 B^\3261%\366{\300\243\364K\215g\333f\202K\200\316\346\277d\3143\32100Dvo62""; ","validation: """"\200\000\000\001&\000\000\000\t)/\351\252\317:\r\302\353\023?\373\240rQ4\254\326mU\377?\177Ek\336\030!\316Aa\225\303\022\377{\210Y\226\271as\354L\035\004\341P\027\000\000\000\000\000\000\000\000\000\000\000\000\000\000\000\000\000\000\000\000\000\000\000\000\000\000\000\000\000\000\000\000P\031a=\225\273\331\354\365*U\363\263N\367b\371\244\314-w\363\262\225Z\200\206\235\233\257?sE\267s!\003R7o\362bV\300hf\266\241;}\200^\374\240\203[:\342Q\225\221\027y\372\255\235\216\323~vG0E\002!\000\370\267\213\355FTr\206\341\207x\226\251\350\230\030\351\351e\023\030\207Z\365'\177\005'\022\n\345\272\002 B^\3261%\366{\300\243\364K\215g\333f\202K\200\316\346\277d\3143\32100Dvo62""; "
1750527568696,1750527568697,3746,1,1,4,TMValidation,"validation: """"\200\000\000\001&\000\000\000\t)/\351\252\317:\r\302\353\023?\373\240rQ4\254\326mU\377?\177Ek\336\030!\316Aa\225\303\022\377{\210Y\226\271as\354L\035\004\341P\027\000\000\000\000\000\000\000\000\000\000\000\000\000\000\000\000\000\000\000\000\000\000\000\000\000\000\000\000\000\000\000\000P\031a=\225\273\331\354\365*U\363\263N\367b\371\244\314-w\363\262\225Z\200\206\235\233\257?sE\267s!\003R7o\362bV\300hf\266\241;}\200^\374\240\203[:\342Q\225\221\027y\372\255\235\216\323~vG0E\002!\000\370\267\213\355FTr\206\341\207x\226\251\350\230\030\351\351e\023\030\207Z\365'\177\005'\022\n\345\272\002 B^\3261%\366{\300\243\364K\215g\333f\202K\200\316\346\277d\3143\32100Dvo62""; ","validation: """"\200\000\000\001&\000\000\000\t)/\351\252\317:\r\302\353\023?\373\240rQ4\254\326mU\377?\177Ek\336\030!\316Aa\225\303\022\377{\210Y\226\271as\354L\035\004\341P\027\000\000\000\000\000\000\000\000\000\000\000\000\000\000\000\000\000\000\000\000\000\000\000\000\000\000\000\000\000\000\000\000P\031a=\225\273\331\354\365*U\363\263N\367b\371\244\314-w\363\262\225Z\200\206\235\233\257?sE\267s!\003R7o\362bV\300hf\266\241;}\200^\374\240\203[:\342Q\225\221\027y\372\255\235\216\323~vG0E\002!\000\370\267\213\355FTr\206\341\207x\226\251\350\230\030\351\351e\023\030\207Z\365'\177\005'\022\n\345\272\002 B^\3261%\366{\300\243\364K\215g\333f\202K\200\316\346\277d\3143\32100Dvo62""; "
1750527568698,1750527568698,1311,1,1,3,TMValidation,"validation: """"\200\000\000\001&\000\000\000\t)/\351\252\317:\r\302\353\023?\373\240rQ4\254\326mU\377?\177Ek\336\030!\316Aa\225\303\022\377{\210Y\226\271as\354L\035\004\341P\027\000\000\000\000\000\000\000\000\000\000\000\000\000\000\000\000\000\000\000\000\000\000\000\000\000\000\000\000\000\000\000\000P\031a=\225\273\331\354\365*U\363\263N\367b\371\244\314-w\363\262\225Z\200\206\235\233\257?sE\267s!\003R7o\362bV\300hf\266\241;}\200^\374\240\203[:\342Q\225\221\027y\372\255\235\216\323~vG0E\002!\000\370\267\213\355FTr\206\341\207x\226\251\350\230\030\351\351e\023\030\207Z\365'\177\005'\022\n\345\272\002 B^\3261%\366{\300\243\364K\215g\333f\202K\200\316\346\277d\3143\32100Dvo62""; ","validation: """"\200\000\000\001&\000\000\000\t)/\351\252\317:\r\302\353\023?\373\240rQ4\254\326mU\377?\177Ek\336\030!\316Aa\225\303\022\377{\210Y\226\271as\354L\035\004\341P\027\000\000\000\000\000\000\000\000\000\000\000\000\000\000\000\000\000\000\000\000\000\000\000\000\000\000\000\000\000\000\000\000P\031a=\225\273\331\354\365*U\363\263N\367b\371\244\314-w\363\262\225Z\200\206\235\233\257?sE\267s!\003R7o\362bV\300hf\266\241;}\200^\374\240\203[:\342Q\225\221\027y\372\255\235\216\323~vG0E\002!\000\370\267\213\355FTr\206\341\207x\226\251\350\230\030\351\351e\023\030\207Z\365'\177\005'\022\n\345\272\002 B^\3261%\366{\300\243\364K\215g\333f\202K\200\316\346\277d\3143\32100Dvo62""; "
1750527568698,1750527568699,3810,1,1,4,TMGetLedger,"itype: liBASE; ledgerHash: ""4\254\326mU\377?\177Ek\336\030!\316Aa\225\303\022\377{\210Y\226\271as\354L\035\004\341""; queryType: qtINDIRECT; ","itype: liBASE; ledgerHash: ""4\254\326mU\377?\177Ek\336\030!\316Aa\225\303\022\377{\210Y\226\271as\354L\035\004\341""; queryType: qtINDIRECT; "
1750527568699,1750527568699,3769,1,1,3,TMGetLedger,"itype: liBASE; ledgerHash: ""4\254\326mU\377?\177Ek\336\030!\316Aa\225\303\022\377{\210Y\226\271as\354L\035\004\341""; queryType: qtINDIRECT; ","itype: liBASE; ledgerHash: ""4\254\326mU\377?\177Ek\336\030!\316Aa\225\303\022\377{\210Y\226\271as\354L\035\004\341""; queryType: qtINDIRECT; "
1750527568699,1750527568699,1495,1,1,2,TMGetLedger,"itype: liBASE; ledgerHash: ""4\254\326mU\377?\177Ek\336\030!\316Aa\225\303\022\377{\210Y\226\271as\354L\035\004\341""; ","itype: liBASE; ledgerHash: ""4\254\326mU\377?\177Ek\336\030!\316Aa\225\303\022\377{\210Y\226\271as\354L\035\004\341""; "
1750527568699,1750527568699,2920,1,1,0,TMGetLedger,"itype: liBASE; ledgerHash: ""4\254\326mU\377?\177Ek\336\030!\316Aa\225\303\022\377{\210Y\226\271as\354L\035\004\341""; queryType: qtINDIRECT; ","itype: liBASE; ledgerHash: ""4\254\326mU\377?\177Ek\336\030!\316Aa\225\303\022\377{\210Y\226\271as\354L\035\004\341""; queryType: qtINDIRECT; "
1750527568738,1750527568738,1495,1,1,2,TMGetLedger,"itype: liBASE; ledgerHash: ""4\254\326mU\377?\177Ek\336\030!\316Aa\225\303\022\377{\210Y\226\271as\354L\035\004\341""; queryType: qtINDIRECT; ","itype: liBASE; ledgerHash: ""4\254\326mU\377?\177Ek\336\030!\316Aa\225\303\022\377{\210Y\226\271as\354L\035\004\341""; queryType: qtINDIRECT; "
1750527568748,1750527568748,3094,1,0,3,TMGetLedger,"itype: liBASE; ledgerHash: ""a=\225\273\331\354\365*U\363\263N\367b\371\244\314-w\363\262\225Z\200\206\235\233\257?sE\267""; requestCookie: 2; queryType: qtINDIRECT; ","itype: liBASE; ledgerHash: ""a=\225\273\331\354\365*U\363\263N\367b\371\244\314-w\363\262\225Z\200\206\235\233\257?sE\267""; requestCookie: 2; queryType: qtINDIRECT; "
1750527568785,1750527568785,2920,1,1,0,TMGetLedger,"itype: liBASE; ledgerHash: ""a=\225\273\331\354\365*U\363\263N\367b\371\244\314-w\363\262\225Z\200\206\235\233\257?sE\267""; ledgerSeq: 8; queryType: qtINDIRECT; ","itype: liBASE; ledgerHash: ""a=\225\273\331\354\365*U\363\263N\367b\371\244\314-w\363\262\225Z\200\206\235\233\257?sE\267""; ledgerSeq: 8; queryType: qtINDIRECT; "
1750527568786,1750527568786,3769,1,1,3,TMGetLedger,"itype: liBASE; ledgerHash: ""a=\225\273\331\354\365*U\363\263N\367b\371\244\314-w\363\262\225Z\200\206\235\233\257?sE\267""; ledgerSeq: 8; queryType: qtINDIRECT; ","itype: liBASE; ledgerHash: ""a=\225\273\331\354\365*U\363\263N\367b\371\244\314-w\363\262\225Z\200\206\235\233\257?sE\267""; ledgerSeq: 8; queryType: qtINDIRECT; "
1750527568786,1750527568786,1495,1,1,2,TMGetLedger,"itype: liBASE; ledgerHash: ""a=\225\273\331\354\365*U\363\263N\367b\371\244\314-w\363\262\225Z\200\206\235\233\257?sE\267""; ledgerSeq: 8; queryType: qtINDIRECT; ","itype: liBASE; ledgerHash: ""a=\225\273\331\354\365*U\363\263N\367b\371\244\314-w\363\262\225Z\200\206\235\233\257?sE\267""; ledgerSeq: 8; queryType: qtINDIRECT; "
1750527568785,1750527568785,3810,1,1,4,TMGetLedger,"itype: liBASE; ledgerHash: ""a=\225\273\331\354\365*U\363\263N\367b\371\244\314-w\363\262\225Z\200\206\235\233\257?sE\267""; ledgerSeq: 8; queryType: qtINDIRECT; ","itype: liBASE; ledgerHash: ""a=\225\273\331\354\365*U\363\263N\367b\371\244\314-w\363\262\225Z\200\206\235\233\257?sE\267""; ledgerSeq: 8; queryType: qtINDIRECT; "
1750527568801,1750527568801,380,1,0,4,TMGetLedger,"itype: liBASE; ledgerHash: ""4\254\326mU\377?\177Ek\336\030!\316Aa\225\303\022\377{\210Y\226\271as\354L\035\004\341""; ","itype: liBASE; ledgerHash: ""4\254\326mU\377?\177Ek\336\030!\316Aa\225\303\022\377{\210Y\226\271as\354L\035\004\341""; "
1750527568802,1750527568802,3094,1,0,3,TMGetLedger,"itype: liBASE; ledgerHash: ""4\254\326mU\377?\177Ek\336\030!\316Aa\225\303\022\377{\210Y\226\271as\354L\035\004\341""; ","itype: liBASE; ledgerHash: ""4\254\326mU\377?\177Ek\336\030!\316Aa\225\303\022\377{\210Y\226\271as\354L\035\004\341""; "
1750527568802,1750527568802,3375,1,0,1,TMGetLedger,"itype: liBASE; ledgerHash: ""4\254\326mU\377?\177Ek\336\030!\316Aa\225\303\022\377{\210Y\226\271as\354L\035\004\341""; ","itype: liBASE; ledgerHash: ""4\254\326mU\377?\177Ek\336\030!\316Aa\225\303\022\377{\210Y\226\271as\354L\035\004\341""; "
1750527568802,1750527568803,3375,1,0,1,TMGetLedger,"itype: liBASE; ledgerHash: ""4\254\326mU\377?\177Ek\336\030!\316Aa\225\303\022\377{\210Y\226\271as\354L\035\004\341""; queryType: qtINDIRECT; ","itype: liBASE; ledgerHash: ""4\254\326mU\377?\177Ek\336\030!\316Aa\225\303\022\377{\210Y\226\271as\354L\035\004\341""; queryType: qtINDIRECT; "
1750527568801,1750527568801,1199,1,0,2,TMGetLedger,"itype: liBASE; ledgerHash: ""4\254\326mU\377?\177Ek\336\030!\316Aa\225\303\022\377{\210Y\226\271as\354L\035\004\341""; ","itype: liBASE; ledgerHash: ""4\254\326mU\377?\177Ek\336\030!\316Aa\225\303\022\377{\210Y\226\271as\354L\035\004\341""; "
1750527568803,1750527568803,1199,1,0,2,TMGetLedger,"itype: liBASE; ledgerHash: ""4\254\326mU\377?\177Ek\336\030!\316Aa\225\303\022\377{\210Y\226\271as\354L\035\004\341""; queryType: qtINDIRECT; ","itype: liBASE; ledgerHash: ""4\254\326mU\377?\177Ek\336\030!\316Aa\225\303\022\377{\210Y\226\271as\354L\035\004\341""; queryType: qtINDIRECT; "
1750527568803,1750527568803,3094,1,0,3,TMGetLedger,"itype: liBASE; ledgerHash: ""4\254\326mU\377?\177Ek\336\030!\316Aa\225\303\022\377{\210Y\226\271as\354L\035\004\341""; queryType: qtINDIRECT; ","itype: liBASE; ledgerHash: ""4\254\326mU\377?\177Ek\336\030!\316Aa\225\303\022\377{\210Y\226\271as\354L\035\004\341""; queryType: qtINDIRECT; "
1750527568804,1750527568804,380,1,0,4,TMGetLedger,"itype: liBASE; ledgerHash: ""4\254\326mU\377?\177Ek\336\030!\316Aa\225\303\022\377{\210Y\226\271as\354L\035\004\341""; queryType: qtINDIRECT; ","itype: liBASE; ledgerHash: ""4\254\326mU\377?\177Ek\336\030!\316Aa\225\303\022\377{\210Y\226\271as\354L\035\004\341""; queryType: qtINDIRECT; "
1750527568804,1750527568804,782,1,0,4,TMValidation,"validation: """"\200\000\000\001&\000\000\000\t)/\351\252\317:\r\302\353\023?\373\240rQ4\254\326mU\377?\177Ek\336\030!\316Aa\225\303\022\377{\210Y\226\271as\354L\035\004\341P\027\000\000\000\000\000\000\000\000\000\000\000\000\000\000\000\000\000\000\000\000\000\000\000\000\000\000\000\000\000\000\000\000P\031a=\225\273\331\354\365*U\363\263N\367b\371\244\314-w\363\262\225Z\200\206\235\233\257?sE\267s!\003R7o\362bV\300hf\266\241;}\200^\374\240\203[:\342Q\225\221\027y\372\255\235\216\323~vG0E\002!\000\370\267\213\355FTr\206\341\207x\226\251\350\230\030\351\351e\023\030\207Z\365'\177\005'\022\n\345\272\002 B^\3261%\366{\300\243\364K\215g\333f\202K\200\316\346\277d\3143\32100Dvo62""; ","validation: """"\200\000\000\001&\000\000\000\t)/\351\252\317:\r\302\353\023?\373\240rQ4\254\326mU\377?\177Ek\336\030!\316Aa\225\303\022\377{\210Y\226\271as\354L\035\004\341P\027\000\000\000\000\000\000\000\000\000\000\000\000\000\000\000\000\000\000\000\000\000\000\000\000\000\000\000\000\000\000\000\000P\031a=\225\273\331\354\365*U\363\263N\367b\371\244\314-w\363\262\225Z\200\206\235\233\257?sE\267s!\003R7o\362bV\300hf\266\241;}\200^\374\240\203[:\342Q\225\221\027y\372\255\235\216\323~vG0E\002!\000\370\267\213\355FTr\206\341\207x\226\251\350\230\030\351\351e\023\030\207Z\365'\177\005'\022\n\345\272\002 B^\3261%\366{\300\243\364K\215g\333f\202K\200\316\346\277d\3143\32100Dvo62""; "
1750527568805,1750527568805,3422,1,0,3,TMValidation,"validation: """"\200\000\000\001&\000\000\000\t)/\351\252\317:\r\302\353\023?\373\240rQ4\254\326mU\377?\177Ek\336\030!\316Aa\225\303\022\377{\210Y\226\271as\354L\035\004\341P\027\000\000\000\000\000\000\000\000\000\000\000\000\000\000\000\000\000\000\000\000\000\000\000\000\000\000\000\000\000\000\000\000P\031a=\225\273\331\354\365*U\363\263N\367b\371\244\314-w\363\262\225Z\200\206\235\233\257?sE\267s!\003R7o\362bV\300hf\266\241;}\200^\374\240\203[:\342Q\225\221\027y\372\255\235\216\323~vG0E\002!\000\370\267\213\355FTr\206\341\207x\226\251\350\230\030\351\351e\023\030\207Z\365'\177\005'\022\n\345\272\002 B^\3261%\366{\300\243\364K\215g\333f\202K\200\316\346\277d\3143\32100Dvo62""; ","validation: """"\200\000\000\001&\000\000\000\t)/\351\252\317:\r\302\353\023?\373\240rQ4\254\326mU\377?\177Ek\336\030!\316Aa\225\303\022\377{\210Y\226\271as\354L\035\004\341P\027\000\000\000\000\000\000\000\000\000\000\000\000\000\000\000\000\000\000\000\000\000\000\000\000\000\000\000\000\000\000\000\000P\031a=\225\273\331\354\365*U\363\263N\367b\371\244\314-w\363\262\225Z\200\206\235\233\257?sE\267s!\003R7o\362bV\300hf\266\241;}\200^\374\240\203[:\342Q\225\221\027y\372\255\235\216\323~vG0E\002!\000\370\267\213\355FTr\206\341\207x\226\251\350\230\030\351\351e\023\030\207Z\365'\177\005'\022\n\345\272\002 B^\3261%\366{\300\243\364K\215g\333f\202K\200\316\346\277d\3143\32100Dvo62""; "
1750527568805,1750527568805,2261,1,0,1,TMValidation,"validation: """"\200\000\000\001&\000\000\000\t)/\351\252\317:\r\302\353\023?\373\240rQ4\254\326mU\377?\177Ek\336\030!\316Aa\225\303\022\377{\210Y\226\271as\354L\035\004\341P\027\000\000\000\000\000\000\000\000\000\000\000\000\000\000\000\000\000\000\000\000\000\000\000\000\000\000\000\000\000\000\000\000P\031a=\225\273\331\354\365*U\363\263N\367b\371\244\314-w\363\262\225Z\200\206\235\233\257?sE\267s!\003R7o\362bV\300hf\266\241;}\200^\374\240\203[:\342Q\225\221\027y\372\255\235\216\323~vG0E\002!\000\370\267\213\355FTr\206\341\207x\226\251\350\230\030\351\351e\023\030\207Z\365'\177\005'\022\n\345\272\002 B^\3261%\366{\300\243\364K\215g\333f\202K\200\316\346\277d\3143\32100Dvo62""; ","validation: """"\200\000\000\001&\000\000\000\t)/\351\252\317:\r\302\353\023?\373\240rQ4\254\326mU\377?\177Ek\336\030!\316Aa\225\303\022\377{\210Y\226\271as\354L\035\004\341P\027\000\000\000\000\000\000\000\000\000\000\000\000\000\000\000\000\000\000\000\000\000\000\000\000\000\000\000\000\000\000\000\000P\031a=\225\273\331\354\365*U\363\263N\367b\371\244\314-w\363\262\225Z\200\206\235\233\257?sE\267s!\003R7o\362bV\300hf\266\241;}\200^\374\240\203[:\342Q\225\221\027y\372\255\235\216\323~vG0E\002!\000\370\267\213\355FTr\206\341\207x\226\251\350\230\030\351\351e\023\030\207Z\365'\177\005'\022\n\345\272\002 B^\3261%\366{\300\243\364K\215g\333f\202K\200\316\346\277d\3143\32100Dvo62""; "
1750527568891,1750527568891,3375,1,0,1,TMGetLedger,"itype: liBASE; ledgerHash: ""a=\225\273\331\354\365*U\363\263N\367b\371\244\314-w\363\262\225Z\200\206\235\233\257?sE\267""; ledgerSeq: 8; queryType: qtINDIRECT; ","itype: liBASE; ledgerHash: ""a=\225\273\331\354\365*U\363\263N\367b\371\244\314-w\363\262\225Z\200\206\235\233\257?sE\267""; ledgerSeq: 8; queryType: qtINDIRECT; "
1750527568892,1750527568892,3094,1,0,3,TMGetLedger,"itype: liBASE; ledgerHash: ""a=\225\273\331\354\365*U\363\263N\367b\371\244\314-w\363\262\225Z\200\206\235\233\257?sE\267""; ledgerSeq: 8; queryType: qtINDIRECT; ","itype: liBASE; ledgerHash: ""a=\225\273\331\354\365*U\363\263N\367b\371\244\314-w\363\262\225Z\200\206\235\233\257?sE\267""; ledgerSeq: 8; queryType: qtINDIRECT; "
1750527568892,1750527568892,1199,1,0,2,TMGetLedger,"itype: liBASE; ledgerHash: ""a=\225\273\331\354\365*U\363\263N\367b\371\244\314-w\363\262\225Z\200\206\235\233\257?sE\267""; ledgerSeq: 8; queryType: qtINDIRECT; ","itype: liBASE; ledgerHash: ""a=\225\273\331\354\365*U\363\263N\367b\371\244\314-w\363\262\225Z\200\206\235\233\257?sE\267""; ledgerSeq: 8; queryType: qtINDIRECT; "
1750527568892,1750527568892,380,1,0,4,TMGetLedger,"itype: liBASE; ledgerHash: ""a=\225\273\331\354\365*U\363\263N\367b\371\244\314-w\363\262\225Z\200\206\235\233\257?sE\267""; ledgerSeq: 8; queryType: qtINDIRECT; ","itype: liBASE; ledgerHash: ""a=\225\273\331\354\365*U\363\263N\367b\371\244\314-w\363\262\225Z\200\206\235\233\257?sE\267""; ledgerSeq: 8; queryType: qtINDIRECT; "
1750527568942,1750527568942,3787,1,3,2,TMProposeSet,"proposeSeq: 0; currentTxHash: ""\000\000\000\000\000\000\000\000\000\000\000\000\000\000\000\000\000\000\000\000\000\000\000\000\000\000\000\000\000\000\000\000""; nodePubKey: ""\003R7o\362bV\300hf\266\241;}\200^\374\240\203[:\342Q\225\221\027y\372\255\235\216\323~""; closeTime: 803842768; signature: ""0E\002!\000\372\257\323\232\220\351\203\236Xv\020\352\227o\177\006;$\222\366YAq7H\270G\312x\313\006\035\002 \014\333MX{3\360\024 U\317\361\255\231\360\354vB\323:\211\rI\317\255\2576{\254K\312\265""; previousledger: ""4\254\326mU\377?\177Ek\336\030!\316Aa\225\303\022\377{\210Y\226\271as\354L\035\004\341""; ","proposeSeq: 0; currentTxHash: ""\000\000\000\000\000\000\000\000\000\000\000\000\000\000\000\000\000\000\000\000\000\000\000\000\000\000\000\000\000\000\000\000""; nodePubKey: ""\003R7o\362bV\300hf\266\241;}\200^\374\240\203[:\342Q\225\221\027y\372\255\235\216\323~""; closeTime: 803842768; signature: ""0E\002!\000\372\257\323\232\220\351\203\236Xv\020\352\227o\177\006;$\222\366YAq7H\270G\312x\313\006\035\002 \014\333MX{3\360\024 U\317\361\255\231\360\354vB\323:\211\rI\317\255\2576{\254K\312\265""; previousledger: ""4\254\326mU\377?\177Ek\336\030!\316Aa\225\303\022\377{\210Y\226\271as\354L\035\004\341""; "
1750527568942,1750527568942,2201,1,3,0,TMProposeSet,"proposeSeq: 0; currentTxHash: ""\000\000\000\000\000\000\000\000\000\000\000\000\000\000\000\000\000\000\000\000\000\000\000\000\000\000\000\000\000\000\000\000""; nodePubKey: ""\003R7o\362bV\300hf\266\241;}\200^\374\240\203[:\342Q\225\221\027y\372\255\235\216\323~""; closeTime: 803842768; signature: ""0E\002!\000\372\257\323\232\220\351\203\236Xv\020\352\227o\177\006;$\222\366YAq7H\270G\312x\313\006\035\002 \014\333MX{3\360\024 U\317\361\255\231\360\354vB\323:\211\rI\317\255\2576{\254K\312\265""; previousledger: ""4\254\326mU\377?\177Ek\336\030!\316Aa\225\303\022\377{\210Y\226\271as\354L\035\004\341""; ","proposeSeq: 0; currentTxHash: ""\000\000\000\000\000\000\000\000\000\000\000\000\000\000\000\000\000\000\000\000\000\000\000\000\000\000\000\000\000\000\000\000""; nodePubKey: ""\003R7o\362bV\300hf\266\241;}\200^\374\240\203[:\342Q\225\221\027y\372\255\235\216\323~""; closeTime: 803842768; signature: ""0E\002!\000\372\257\323\232\220\351\203\236Xv\020\352\227o\177\006;$\222\366YAq7H\270G\312x\313\006\035\002 \014\333MX{3\360\024 U\317\361\255\231\360\354vB\323:\211\rI\317\255\2576{\254K\312\265""; previousledger: ""4\254\326mU\377?\177Ek\336\030!\316Aa\225\303\022\377{\210Y\226\271as\354L\035\004\341""; "
1750527568943,1750527568943,3830,1,3,1,TMProposeSet,"proposeSeq: 0; currentTxHash: ""\000\000\000\000\000\000\000\000\000\000\000\000\000\000\000\000\000\000\000\000\000\000\000\000\000\000\000\000\000\000\000\000""; nodePubKey: ""\003R7o\362bV\300hf\266\241;}\200^\374\240\203[:\342Q\225\221\027y\372\255\235\216\323~""; closeTime: 803842768; signature: ""0E\002!\000\372\257\323\232\220\351\203\236Xv\020\352\227o\177\006;$\222\366YAq7H\270G\312x\313\006\035\002 \014\333MX{3\360\024 U\317\361\255\231\360\354vB\323:\211\rI\317\255\2576{\254K\312\265""; previousledger: ""4\254\326mU\377?\177Ek\336\030!\316Aa\225\303\022\377{\210Y\226\271as\354L\035\004\341""; ","proposeSeq: 0; currentTxHash: ""\000\000\000\000\000\000\000\000\000\000\000\000\000\000\000\000\000\000\000\000\000\000\000\000\000\000\000\000\000\000\000\000""; nodePubKey: ""\003R7o\362bV\300hf\266\241;}\200^\374\240\203[:\342Q\225\221\027y\372\255\235\216\323~""; closeTime: 803842768; signature: ""0E\002!\000\372\257\323\232\220\351\203\236Xv\020\352\227o\177\006;$\222\366YAq7H\270G\312x\313\006\035\002 \014\333MX{3\360\024 U\317\361\255\231\360\354vB\323:\211\rI\317\255\2576{\254K\312\265""; previousledger: ""4\254\326mU\377?\177Ek\336\030!\316Aa\225\303\022\377{\210Y\226\271as\354L\035\004\341""; "
1750527568944,1750527568944,380,1,0,4,TMGetLedger,"itype: liBASE; ledgerHash: ""4\254\326mU\377?\177Ek\336\030!\316Aa\225\303\022\377{\210Y\226\271as\354L\035\004\341""; requestCookie: 3; queryType: qtINDIRECT; ","itype: liBASE; ledgerHash: ""4\254\326mU\377?\177Ek\336\030!\316Aa\225\303\022\377{\210Y\226\271as\354L\035\004\341""; requestCookie: 3; queryType: qtINDIRECT; "
1750527568986,1750527568986,3085,1,3,0,TMLedgerData,"ledgerHash: ""a=\225\273\331\354\365*U\363\263N\367b\371\244\314-w\363\262\225Z\200\206\235\233\257?sE\267""; ledgerSeq: 8; type: liBASE; nodes {;   nodedata: ""\000\000\000\010\001cEx]\211\377\330\033@\177e\277\016\010u\327\371&\262\312\317Q\2361t\377x\234\001v\003%\030\325_\225g\204\346\000\000\000\000\000\000\000\000\000\000\000\000\000\000\000\000\000\000\000\000\000\000\000\000\000\000\000\000\000\000\000\0006\207\227F[\243v\371\255c\270\254{\234\371\211\025\226%\351\352\037\264\262\021\311\263k\232\376\007\352/\351\252\264/\351\252\310\n\000""; }; nodes {;   nodedata: ""\323C\344\327\264{\312-\017:\006{\177\344N\002\326bO\260\220\006\033\362\345\005U\221DzJ0\001\301\025%1L\307\t\261\262z\374\222T\301\274V\236\223\262\270Ct\362\337b\356\024*\324\320\351\317\002k\336\234\027v\351\217\260\303\360\233ZPZWr\246$w\313\313\r\243r\232\2234\373\3539:N\004Q\245\272D\312D\300\300\t\323\0257\345e\271\na\215{\226\255x%T\257\037\333\004\344_/R\006E\344\037@\210\363\010\336T\226\247'\204_{\261\370""1\235\2445\343\033Y!\212\201\341\272\225'\007\265l7#N\236*T\346\016\255|M\nD8\n\343\313/\214\216\001\224\267\346}/\277\005?\336\013\003""; }; ","ledgerHash: ""a=\225\273\331\354\365*U\363\263N\367b\371\244\314-w\363\262\225Z\200\206\235\233\257?sE\267""; ledgerSeq: 8; type: liBASE; nodes {;   nodedata: ""\000\000\000\010\001cEx]\211\377\330\033@\177e\277\016\010u\327\371&\262\312\317Q\2361t\377x\234\001v\003%\030\325_\225g\204\346\000\000\000\000\000\000\000\000\000\000\000\000\000\000\000\000\000\000\000\000\000\000\000\000\000\000\000\000\000\000\000\0006\207\227F[\243v\371\255c\270\254{\234\371\211\025\226%\351\352\037\264\262\021\311\263k\232\376\007\352/\351\252\264/\351\252\310\n\000""; }; nodes {;   nodedata: ""\323C\344\327\264{\312-\017:\006{\177\344N\002\326bO\260\220\006\033\362\345\005U\221DzJ0\001\301\025%1L\307\t\261\262z\374\222T\301\274V\236\223\262\270Ct\362\337b\356\024*\324\320\351\317\002k\336\234\027v\351\217\260\303\360\233ZPZWr\246$w\313\313\r\243r\232\2234\373\3539:N\004Q\245\272D\312D\300\300\t\323\0257\345e\271\na\215{\226\255x%T\257\037\333\004\344_/R\006E\344\037@\210\363\010\336T\226\247'\204_{\261\370""1\235\2445\343\033Y!\212\201\341\272\225'\007\265l7#N\236*T\346\016\255|M\nD8\n\343\313/\214\216\001\224\267\346}/\277\005?\336\013\003""; }; "
1750527568987,1750527568987,380,1,0,4,TMGetLedger,"itype: liBASE; ledgerHash: ""a=\225\273\331\354\365*U\363\263N\367b\371\244\314-w\363\262\225Z\200\206\235\233\257?sE\267""; ledgerSeq: 8; requestCookie: 3; queryType: qtINDIRECT; ","itype: liBASE; ledgerHash: ""a=\225\273\331\354\365*U\363\263N\367b\371\244\314-w\363\262\225Z\200\206\235\233\257?sE\267""; ledgerSeq: 8; requestCookie: 3; queryType: qtINDIRECT; "
1750527568987,1750527568987,3085,1,3,0,TMLedgerData,"ledgerHash: ""a=\225\273\331\354\365*U\363\263N\367b\371\244\314-w\363\262\225Z\200\206\235\233\257?sE\267""; ledgerSeq: 8; type: liBASE; nodes {;   nodedata: ""\000\000\000\010\001cEx]\211\377\330\033@\177e\277\016\010u\327\371&\262\312\317Q\2361t\377x\234\001v\003%\030\325_\225g\204\346\000\000\000\000\000\000\000\000\000\000\000\000\000\000\000\000\000\000\000\000\000\000\000\000\000\000\000\000\000\000\000\0006\207\227F[\243v\371\255c\270\254{\234\371\211\025\226%\351\352\037\264\262\021\311\263k\232\376\007\352/\351\252\264/\351\252\310\n\000""; }; nodes {;   nodedata: ""\323C\344\327\264{\312-\017:\006{\177\344N\002\326bO\260\220\006\033\362\345\005U\221DzJ0\001\301\025%1L\307\t\261\262z\374\222T\301\274V\236\223\262\270Ct\362\337b\356\024*\324\320\351\317\002k\336\234\027v\351\217\260\303\360\233ZPZWr\246$w\313\313\r\243r\232\2234\373\3539:N\004Q\245\272D\312D\300\300\t\323\0257\345e\271\na\215{\226\255x%T\257\037\333\004\344_/R\006E\344\037@\210\363\010\336T\226\247'\204_{\261\370""1\235\2445\343\033Y!\212\201\341\272\225'\007\265l7#N\236*T\346\016\255|M\nD8\n\343\313/\214\216\001\224\267\346}/\277\005?\336\013\003""; }; ","ledgerHash: ""a=\225\273\331\354\365*U\363\263N\367b\371\244\314-w\363\262\225Z\200\206\235\233\257?sE\267""; ledgerSeq: 8; type: liBASE; nodes {;   nodedata: ""\000\000\000\010\001cEx]\211\377\330\033@\177e\277\016\010u\327\371&\262\312\317Q\2361t\377x\234\001v\003%\030\325_\225g\204\346\000\000\000\000\000\000\000\000\000\000\000\000\000\000\000\000\000\000\000\000\000\000\000\000\000\000\000\000\000\000\000\0006\207\227F[\243v\371\255c\270\254{\234\371\211\025\226%\351\352\037\264\262\021\311\263k\232\376\007\352/\351\252\264/\351\252\310\n\000""; }; nodes {;   nodedata: ""\323C\344\327\264{\312-\017:\006{\177\344N\002\326bO\260\220\006\033\362\345\005U\221DzJ0\001\301\025%1L\307\t\261\262z\374\222T\301\274V\236\223\262\270Ct\362\337b\356\024*\324\320\351\317\002k\336\234\027v\351\217\260\303\360\233ZPZWr\246$w\313\313\r\243r\232\2234\373\3539:N\004Q\245\272D\312D\300\300\t\323\0257\345e\271\na\215{\226\255x%T\257\037\333\004\344_/R\006E\344\037@\210\363\010\336T\226\247'\204_{\261\370""1\235\2445\343\033Y!\212\201\341\272\225'\007\265l7#N\236*T\346\016\255|M\nD8\n\343\313/\214\216\001\224\267\346}/\277\005?\336\013\003""; }; "
1750527569103,1750527569103,3736,1,3,4,TMValidation,"validation: """"\200\000\000\001&\000\000\000\t)/\351\252\317:\r\302\353\023?\373\240rQ4\254\326mU\377?\177Ek\336\030!\316Aa\225\303\022\377{\210Y\226\271as\354L\035\004\341P\027\000\000\000\000\000\000\000\000\000\000\000\000\000\000\000\000\000\000\000\000\000\000\000\000\000\000\000\000\000\000\000\000P\031a=\225\273\331\354\365*U\363\263N\367b\371\244\314-w\363\262\225Z\200\206\235\233\257?sE\267s!\003R7o\362bV\300hf\266\241;}\200^\374\240\203[:\342Q\225\221\027y\372\255\235\216\323~vG0E\002!\000\370\267\213\355FTr\206\341\207x\226\251\350\230\030\351\351e\023\030\207Z\365'\177\005'\022\n\345\272\002 B^\3261%\366{\300\243\364K\215g\333f\202K\200\316\346\277d\3143\32100Dvo62""; ","validation: """"\200\000\000\001&\000\000\000\t)/\351\252\317:\r\302\353\023?\373\240rQ4\254\326mU\377?\177Ek\336\030!\316Aa\225\303\022\377{\210Y\226\271as\354L\035\004\341P\027\000\000\000\000\000\000\000\000\000\000\000\000\000\000\000\000\000\000\000\000\000\000\000\000\000\000\000\000\000\000\000\000P\031a=\225\273\331\354\365*U\363\263N\367b\371\244\314-w\363\262\225Z\200\206\235\233\257?sE\267s!\003R7o\362bV\300hf\266\241;}\200^\374\240\203[:\342Q\225\221\027y\372\255\235\216\323~vG0E\002!\000\370\267\213\355FTr\206\341\207x\226\251\350\230\030\351\351e\023\030\207Z\365'\177\005'\022\n\345\272\002 B^\3261%\366{\300\243\364K\215g\333f\202K\200\316\346\277d\3143\32100Dvo62""; "
1750527569104,1750527569104,1777,1,3,0,TMValidation,"validation: """"\200\000\000\001&\000\000\000\t)/\351\252\317:\r\302\353\023?\373\240rQ4\254\326mU\377?\177Ek\336\030!\316Aa\225\303\022\377{\210Y\226\271as\354L\035\004\341P\027\000\000\000\000\000\000\000\000\000\000\000\000\000\000\000\000\000\000\000\000\000\000\000\000\000\000\000\000\000\000\000\000P\031a=\225\273\331\354\365*U\363\263N\367b\371\244\314-w\363\262\225Z\200\206\235\233\257?sE\267s!\003R7o\362bV\300hf\266\241;}\200^\374\240\203[:\342Q\225\221\027y\372\255\235\216\323~vG0E\002!\000\370\267\213\355FTr\206\341\207x\226\251\350\230\030\351\351e\023\030\207Z\365'\177\005'\022\n\345\272\002 B^\3261%\366{\300\243\364K\215g\333f\202K\200\316\346\277d\3143\32100Dvo62""; ","validation: """"\200\000\000\001&\000\000\000\t)/\351\252\317:\r\302\353\023?\373\240rQ4\254\326mU\377?\177Ek\336\030!\316Aa\225\303\022\377{\210Y\226\271as\354L\035\004\341P\027\000\000\000\000\000\000\000\000\000\000\000\000\000\000\000\000\000\000\000\000\000\000\000\000\000\000\000\000\000\000\000\000P\031a=\225\273\331\354\365*U\363\263N\367b\371\244\314-w\363\262\225Z\200\206\235\233\257?sE\267s!\003R7o\362bV\300hf\266\241;}\200^\374\240\203[:\342Q\225\221\027y\372\255\235\216\323~vG0E\002!\000\370\267\213\355FTr\206\341\207x\226\251\350\230\030\351\351e\023\030\207Z\365'\177\005'\022\n\345\272\002 B^\3261%\366{\300\243\364K\215g\333f\202K\200\316\346\277d\3143\32100Dvo62""; "
1750527569104,1750527569104,3459,1,3,1,TMValidation,"validation: """"\200\000\000\001&\000\000\000\t)/\351\252\317:\r\302\353\023?\373\240rQ4\254\326mU\377?\177Ek\336\030!\316Aa\225\303\022\377{\210Y\226\271as\354L\035\004\341P\027\000\000\000\000\000\000\000\000\000\000\000\000\000\000\000\000\000\000\000\000\000\000\000\000\000\000\000\000\000\000\000\000P\031a=\225\273\331\354\365*U\363\263N\367b\371\244\314-w\363\262\225Z\200\206\235\233\257?sE\267s!\003R7o\362bV\300hf\266\241;}\200^\374\240\203[:\342Q\225\221\027y\372\255\235\216\323~vG0E\002!\000\370\267\213\355FTr\206\341\207x\226\251\350\230\030\351\351e\023\030\207Z\365'\177\005'\022\n\345\272\002 B^\3261%\366{\300\243\364K\215g\333f\202K\200\316\346\277d\3143\32100Dvo62""; ","validation: """"\200\000\000\001&\000\000\000\t)/\351\252\317:\r\302\353\023?\373\240rQ4\254\326mU\377?\177Ek\336\030!\316Aa\225\303\022\377{\210Y\226\271as\354L\035\004\341P\027\000\000\000\000\000\000\000\000\000\000\000\000\000\000\000\000\000\000\000\000\000\000\000\000\000\000\000\000\000\000\000\000P\031a=\225\273\331\354\365*U\363\263N\367b\371\244\314-w\363\262\225Z\200\206\235\233\257?sE\267s!\003R7o\362bV\300hf\266\241;}\200^\374\240\203[:\342Q\225\221\027y\372\255\235\216\323~vG0E\002!\000\370\267\213\355FTr\206\341\207x\226\251\350\230\030\351\351e\023\030\207Z\365'\177\005'\022\n\345\272\002 B^\3261%\366{\300\243\364K\215g\333f\202K\200\316\346\277d\3143\32100Dvo62""; "
1750527569116,1750527569117,1539,1,4,2,TMLedgerData,"ledgerHash: ""a=\225\273\331\354\365*U\363\263N\367b\371\244\314-w\363\262\225Z\200\206\235\233\257?sE\267""; ledgerSeq: 8; type: liBASE; nodes {;   nodedata: ""\000\000\000\010\001cEx]\211\377\330\033@\177e\277\016\010u\327\371&\262\312\317Q\2361t\377x\234\001v\003%\030\325_\225g\204\346\000\000\000\000\000\000\000\000\000\000\000\000\000\000\000\000\000\000\000\000\000\000\000\000\000\000\000\000\000\000\000\0006\207\227F[\243v\371\255c\270\254{\234\371\211\025\226%\351\352\037\264\262\021\311\263k\232\376\007\352/\351\252\264/\351\252\310\n\000""; }; nodes {;   nodedata: ""\323C\344\327\264{\312-\017:\006{\177\344N\002\326bO\260\220\006\033\362\345\005U\221DzJ0\001\301\025%1L\307\t\261\262z\374\222T\301\274V\236\223\262\270Ct\362\337b\356\024*\324\320\351\317\002k\336\234\027v\351\217\260\303\360\233ZPZWr\246$w\313\313\r\243r\232\2234\373\3539:N\004Q\245\272D\312D\300\300\t\323\0257\345e\271\na\215{\226\255x%T\257\037\333\004\344_/R\006E\344\037@\210\363\010\336T\226\247'\204_{\261\370""1\235\2445\343\033Y!\212\201\341\272\225'\007\265l7#N\236*T\346\016\255|M\nD8\n\343\313/\214\216\001\224\267\346}/\277\005?\336\013\003""; }; ","ledgerHash: ""a=\225\273\331\354\365*U\363\263N\367b\371\244\314-w\363\262\225Z\200\206\235\233\257?sE\267""; ledgerSeq: 8; type: liBASE; nodes {;   nodedata: ""\000\000\000\010\001cEx]\211\377\330\033@\177e\277\016\010u\327\371&\262\312\317Q\2361t\377x\234\001v\003%\030\325_\225g\204\346\000\000\000\000\000\000\000\000\000\000\000\000\000\000\000\000\000\000\000\000\000\000\000\000\000\000\000\000\000\000\000\0006\207\227F[\243v\371\255c\270\254{\234\371\211\025\226%\351\352\037\264\262\021\311\263k\232\376\007\352/\351\252\264/\351\252\310\n\000""; }; nodes {;   nodedata: ""\323C\344\327\264{\312-\017:\006{\177\344N\002\326bO\260\220\006\033\362\345\005U\221DzJ0\001\301\025%1L\307\t\261\262z\374\222T\301\274V\236\223\262\270Ct\362\337b\356\024*\324\320\351\317\002k\336\234\027v\351\217\260\303\360\233ZPZWr\246$w\313\313\r\243r\232\2234\373\3539:N\004Q\245\272D\312D\300\300\t\323\0257\345e\271\na\215{\226\255x%T\257\037\333\004\344_/R\006E\344\037@\210\363\010\336T\226\247'\204_{\261\370""1\235\2445\343\033Y!\212\201\341\272\225'\007\265l7#N\236*T\346\016\255|M\nD8\n\343\313/\214\216\001\224\267\346}/\277\005?\336\013\003""; }; "
1750527569117,1750527569117,1539,1,4,2,TMLedgerData,"ledgerHash: ""a=\225\273\331\354\365*U\363\263N\367b\371\244\314-w\363\262\225Z\200\206\235\233\257?sE\267""; ledgerSeq: 8; type: liBASE; nodes {;   nodedata: ""\000\000\000\010\001cEx]\211\377\330\033@\177e\277\016\010u\327\371&\262\312\317Q\2361t\377x\234\001v\003%\030\325_\225g\204\346\000\000\000\000\000\000\000\000\000\000\000\000\000\000\000\000\000\000\000\000\000\000\000\000\000\000\000\000\000\000\000\0006\207\227F[\243v\371\255c\270\254{\234\371\211\025\226%\351\352\037\264\262\021\311\263k\232\376\007\352/\351\252\264/\351\252\310\n\000""; }; nodes {;   nodedata: ""\323C\344\327\264{\312-\017:\006{\177\344N\002\326bO\260\220\006\033\362\345\005U\221DzJ0\001\301\025%1L\307\t\261\262z\374\222T\301\274V\236\223\262\270Ct\362\337b\356\024*\324\320\351\317\002k\336\234\027v\351\217\260\303\360\233ZPZWr\246$w\313\313\r\243r\232\2234\373\3539:N\004Q\245\272D\312D\300\300\t\323\0257\345e\271\na\215{\226\255x%T\257\037\333\004\344_/R\006E\344\037@\210\363\010\336T\226\247'\204_{\261\370""1\235\2445\343\033Y!\212\201\341\272\225'\007\265l7#N\236*T\346\016\255|M\nD8\n\343\313/\214\216\001\224\267\346}/\277\005?\336\013\003""; }; ","ledgerHash: ""a=\225\273\331\354\365*U\363\263N\367b\371\244\314-w\363\262\225Z\200\206\235\233\257?sE\267""; ledgerSeq: 8; type: liBASE; nodes {;   nodedata: ""\000\000\000\010\001cEx]\211\377\330\033@\177e\277\016\010u\327\371&\262\312\317Q\2361t\377x\234\001v\003%\030\325_\225g\204\346\000\000\000\000\000\000\000\000\000\000\000\000\000\000\000\000\000\000\000\000\000\000\000\000\000\000\000\000\000\000\000\0006\207\227F[\243v\371\255c\270\254{\234\371\211\025\226%\351\352\037\264\262\021\311\263k\232\376\007\352/\351\252\264/\351\252\310\n\000""; }; nodes {;   nodedata: ""\323C\344\327\264{\312-\017:\006{\177\344N\002\326bO\260\220\006\033\362\345\005U\221DzJ0\001\301\025%1L\307\t\261\262z\374\222T\301\274V\236\223\262\270Ct\362\337b\356\024*\324\320\351\317\002k\336\234\027v\351\217\260\303\360\233ZPZWr\246$w\313\313\r\243r\232\2234\373\3539:N\004Q\245\272D\312D\300\300\t\323\0257\345e\271\na\215{\226\255x%T\257\037\333\004\344_/R\006E\344\037@\210\363\010\336T\226\247'\204_{\261\370""1\235\2445\343\033Y!\212\201\341\272\225'\007\265l7#N\236*T\346\016\255|M\nD8\n\343\313/\214\216\001\224\267\346}/\277\005?\336\013\003""; }; "
1750527569182,1750527569183,3378,1,4,0,TMLedgerData,"ledgerHash: ""4\254\326mU\377?\177Ek\336\030!\316Aa\225\303\022\377{\210Y\226\271as\354L\035\004\341""; ledgerSeq: 9; type: liBASE; nodes {;   nodedata: ""\000\000\000\t\001cEx]\211\377\330a=\225\273\331\354\365*U\363\263N\367b\371\244\314-w\363\262\225Z\200\206\235\233\257?sE\267\000\000\000\000\000\000\000\000\000\000\000\000\000\000\000\000\000\000\000\000\000\000\000\000\000\000\000\000\000\000\000\000\260a9Y\354\267&\263\302xao\033\354\317\022\231\273\315\035\270\2649/W\340\016\240\027y\000Y/\351\252\310/\351\252\322\n\000""; }; nodes {;   nodedata: ""\323C\344\327\264{\312-\017:\006{\177\344N\002\326bO\260\220\006\033\362\345\005U\221DzJ0\001\301\025%1L\307\t\261\262z\374\222T\301\274V\236\223\262\270Ct\362\337b\356\024*\324\320\351\317\002k\336\234\027v\351\217\260\303\360\233ZPZWr\246$w\313\313\r\243r\232\2234\373\3539:N\004Q\245\272D\312D\300\300\t\323\0257\345e\271\na\215{\226\255x%T\257\037\333\004\344_/R\006E\344\037@\210\363\010\336T\226\247'\204_{\261\370""1\235\2445\343\033Y!\212\201\341\272\225'\007\373<\tV\\372\214\276\366\000`\365\371\261\032\317\304\324\207\234\002\027\276K\312\260\250x\t\216\277\200\013\003""; }; ","ledgerHash: ""4\254\326mU\377?\177Ek\336\030!\316Aa\225\303\022\377{\210Y\226\271as\354L\035\004\341""; ledgerSeq: 9; type: liBASE; nodes {;   nodedata: ""\000\000\000\t\001cEx]\211\377\330a=\225\273\331\354\365*U\363\263N\367b\371\244\314-w\363\262\225Z\200\206\235\233\257?sE\267\000\000\000\000\000\000\000\000\000\000\000\000\000\000\000\000\000\000\000\000\000\000\000\000\000\000\000\000\000\000\000\000\260a9Y\354\267&\263\302xao\033\354\317\022\231\273\315\035\270\2649/W\340\016\240\027y\000Y/\351\252\310/\351\252\322\n\000""; }; nodes {;   nodedata: ""\323C\344\327\264{\312-\017:\006{\177\344N\002\326bO\260\220\006\033\362\345\005U\221DzJ0\001\301\025%1L\307\t\261\262z\374\222T\301\274V\236\223\262\270Ct\362\337b\356\024*\324\320\351\317\002k\336\234\027v\351\217\260\303\360\233ZPZWr\246$w\313\313\r\243r\232\2234\373\3539:N\004Q\245\272D\312D\300\300\t\323\0257\345e\271\na\215{\226\255x%T\257\037\333\004\344_/R\006E\344\037@\210\363\010\336T\226\247'\204_{\261\370""1\235\2445\343\033Y!\212\201\341\272\225'\007\373<\tV\\372\214\276\366\000`\365\371\261\032\317\304\324\207\234\002\027\276K\312\260\250x\t\216\277\200\013\003""; }; "
1750527569183,1750527569184,3378,1,4,0,TMLedgerData,"ledgerHash: ""4\254\326mU\377?\177Ek\336\030!\316Aa\225\303\022\377{\210Y\226\271as\354L\035\004\341""; ledgerSeq: 9; type: liBASE; nodes {;   nodedata: ""\000\000\000\t\001cEx]\211\377\330a=\225\273\331\354\365*U\363\263N\367b\371\244\314-w\363\262\225Z\200\206\235\233\257?sE\267\000\000\000\000\000\000\000\000\000\000\000\000\000\000\000\000\000\000\000\000\000\000\000\000\000\000\000\000\000\000\000\000\260a9Y\354\267&\263\302xao\033\354\317\022\231\273\315\035\270\2649/W\340\016\240\027y\000Y/\351\252\310/\351\252\322\n\000""; }; nodes {;   nodedata: ""\323C\344\327\264{\312-\017:\006{\177\344N\002\326bO\260\220\006\033\362\345\005U\221DzJ0\001\301\025%1L\307\t\261\262z\374\222T\301\274V\236\223\262\270Ct\362\337b\356\024*\324\320\351\317\002k\336\234\027v\351\217\260\303\360\233ZPZWr\246$w\313\313\r\243r\232\2234\373\3539:N\004Q\245\272D\312D\300\300\t\323\0257\345e\271\na\215{\226\255x%T\257\037\333\004\344_/R\006E\344\037@\210\363\010\336T\226\247'\204_{\261\370""1\235\2445\343\033Y!\212\201\341\272\225'\007\373<\tV\\372\214\276\366\000`\365\371\261\032\317\304\324\207\234\002\027\276K\312\260\250x\t\216\277\200\013\003""; }; ","ledgerHash: ""4\254\326mU\377?\177Ek\336\030!\316Aa\225\303\022\377{\210Y\226\271as\354L\035\004\341""; ledgerSeq: 9; type: liBASE; nodes {;   nodedata: ""\000\000\000\t\001cEx]\211\377\330a=\225\273\331\354\365*U\363\263N\367b\371\244\314-w\363\262\225Z\200\206\235\233\257?sE\267\000\000\000\000\000\000\000\000\000\000\000\000\000\000\000\000\000\000\000\000\000\000\000\000\000\000\000\000\000\000\000\000\260a9Y\354\267&\263\302xao\033\354\317\022\231\273\315\035\270\2649/W\340\016\240\027y\000Y/\351\252\310/\351\252\322\n\000""; }; nodes {;   nodedata: ""\323C\344\327\264{\312-\017:\006{\177\344N\002\326bO\260\220\006\033\362\345\005U\221DzJ0\001\301\025%1L\307\t\261\262z\374\222T\301\274V\236\223\262\270Ct\362\337b\356\024*\324\320\351\317\002k\336\234\027v\351\217\260\303\360\233ZPZWr\246$w\313\313\r\243r\232\2234\373\3539:N\004Q\245\272D\312D\300\300\t\323\0257\345e\271\na\215{\226\255x%T\257\037\333\004\344_/R\006E\344\037@\210\363\010\336T\226\247'\204_{\261\370""1\235\2445\343\033Y!\212\201\341\272\225'\007\373<\tV\\372\214\276\366\000`\365\371\261\032\317\304\324\207\234\002\027\276K\312\260\250x\t\216\277\200\013\003""; }; "
1750527569201,1750527569201,782,1,0,4,TMValidation,"validation: """"\200\000\000\001&\000\000\000\t)/\351\252\317:p\210\265\307-\212\200\004Q4\254\326mU\377?\177Ek\336\030!\316Aa\225\303\022\377{\210Y\226\271as\354L\035\004\341P\027\000\000\000\000\000\000\000\000\000\000\000\000\000\000\000\000\000\000\000\000\000\000\000\000\000\000\000\000\000\000\000\000P\031a=\225\273\331\354\365*U\363\263N\367b\371\244\314-w\363\262\225Z\200\206\235\233\257?sE\267s!\002\364d\217\366\217|\316F\232\231\241\n\261\333`\312O\367\235\025DD\336e\367\n\312\326\221\037\025\230vG0E\002!\000\246\202!\344|Z>\240\315N\270\031\020\362o\362\304U\256l(J\357\303\003u\373\351q\337\310?\002 (\303\030\025\355R\216\342\325\302d\350\021\003\334D\211\030\250::\030\3773\006{i\177B\363l\237""; ","validation: """"\200\000\000\001&\000\000\000\t)/\351\252\317:p\210\265\307-\212\200\004Q4\254\326mU\377?\177Ek\336\030!\316Aa\225\303\022\377{\210Y\226\271as\354L\035\004\341P\027\000\000\000\000\000\000\000\000\000\000\000\000\000\000\000\000\000\000\000\000\000\000\000\000\000\000\000\000\000\000\000\000P\031a=\225\273\331\354\365*U\363\263N\367b\371\244\314-w\363\262\225Z\200\206\235\233\257?sE\267s!\002\364d\217\366\217|\316F\232\231\241\n\261\333`\312O\367\235\025DD\336e\367\n\312\326\221\037\025\230vG0E\002!\000\246\202!\344|Z>\240\315N\270\031\020\362o\362\304U\256l(J\357\303\003u\373\351q\337\310?\002 (\303\030\025\355R\216\342\325\302d\350\021\003\334D\211\030\250::\030\3773\006{i\177B\363l\237""; "
1750527569202,1750527569202,1933,1,0,2,TMValidation,"validation: """"\200\000\000\001&\000\000\000\t)/\351\252\317:p\210\265\307-\212\200\004Q4\254\326mU\377?\177Ek\336\030!\316Aa\225\303\022\377{\210Y\226\271as\354L\035\004\341P\027\000\000\000\000\000\000\000\000\000\000\000\000\000\000\000\000\000\000\000\000\000\000\000\000\000\000\000\000\000\000\000\000P\031a=\225\273\331\354\365*U\363\263N\367b\371\244\314-w\363\262\225Z\200\206\235\233\257?sE\267s!\002\364d\217\366\217|\316F\232\231\241\n\261\333`\312O\367\235\025DD\336e\367\n\312\326\221\037\025\230vG0E\002!\000\246\202!\344|Z>\240\315N\270\031\020\362o\362\304U\256l(J\357\303\003u\373\351q\337\310?\002 (\303\030\025\355R\216\342\325\302d\350\021\003\334D\211\030\250::\030\3773\006{i\177B\363l\237""; ","validation: """"\200\000\000\001&\000\000\000\t)/\351\252\317:p\210\265\307-\212\200\004Q4\254\326mU\377?\177Ek\336\030!\316Aa\225\303\022\377{\210Y\226\271as\354L\035\004\341P\027\000\000\000\000\000\000\000\000\000\000\000\000\000\000\000\000\000\000\000\000\000\000\000\000\000\000\000\000\000\000\000\000P\031a=\225\273\331\354\365*U\363\263N\367b\371\244\314-w\363\262\225Z\200\206\235\233\257?sE\267s!\002\364d\217\366\217|\316F\232\231\241\n\261\333`\312O\367\235\025DD\336e\367\n\312\326\221\037\025\230vG0E\002!\000\246\202!\344|Z>\240\315N\270\031\020\362o\362\304U\256l(J\357\303\003u\373\351q\337\310?\002 (\303\030\025\355R\216\342\325\302d\350\021\003\334D\211\030\250::\030\3773\006{i\177B\363l\237""; "
1750527569202,1750527569202,2261,1,0,1,TMValidation,"validation: """"\200\000\000\001&\000\000\000\t)/\351\252\317:p\210\265\307-\212\200\004Q4\254\326mU\377?\177Ek\336\030!\316Aa\225\303\022\377{\210Y\226\271as\354L\035\004\341P\027\000\000\000\000\000\000\000\000\000\000\000\000\000\000\000\000\000\000\000\000\000\000\000\000\000\000\000\000\000\000\000\000P\031a=\225\273\331\354\365*U\363\263N\367b\371\244\314-w\363\262\225Z\200\206\235\233\257?sE\267s!\002\364d\217\366\217|\316F\232\231\241\n\261\333`\312O\367\235\025DD\336e\367\n\312\326\221\037\025\230vG0E\002!\000\246\202!\344|Z>\240\315N\270\031\020\362o\362\304U\256l(J\357\303\003u\373\351q\337\310?\002 (\303\030\025\355R\216\342\325\302d\350\021\003\334D\211\030\250::\030\3773\006{i\177B\363l\237""; ","validation: """"\200\000\000\001&\000\000\000\t)/\351\252\317:p\210\265\307-\212\200\004Q4\254\326mU\377?\177Ek\336\030!\316Aa\225\303\022\377{\210Y\226\271as\354L\035\004\341P\027\000\000\000\000\000\000\000\000\000\000\000\000\000\000\000\000\000\000\000\000\000\000\000\000\000\000\000\000\000\000\000\000P\031a=\225\273\331\354\365*U\363\263N\367b\371\244\314-w\363\262\225Z\200\206\235\233\257?sE\267s!\002\364d\217\366\217|\316F\232\231\241\n\261\333`\312O\367\235\025DD\336e\367\n\312\326\221\037\025\230vG0E\002!\000\246\202!\344|Z>\240\315N\270\031\020\362o\362\304U\256l(J\357\303\003u\373\351q\337\310?\002 (\303\030\025\355R\216\342\325\302d\350\021\003\334D\211\030\250::\030\3773\006{i\177B\363l\237""; "
1750527569268,1750527569268,3810,1,1,4,TMGetLedger,"itype: liBASE; ledgerHash: ""a=\225\273\331\354\365*U\363\263N\367b\371\244\314-w\363\262\225Z\200\206\235\233\257?sE\267""; requestCookie: 2; queryType: qtINDIRECT; ","itype: liBASE; ledgerHash: ""a=\225\273\331\354\365*U\363\263N\367b\371\244\314-w\363\262\225Z\200\206\235\233\257?sE\267""; requestCookie: 2; queryType: qtINDIRECT; "
1750527569273,1750527569273,3378,1,4,0,TMLedgerData,"ledgerHash: ""a=\225\273\331\354\365*U\363\263N\367b\371\244\314-w\363\262\225Z\200\206\235\233\257?sE\267""; ledgerSeq: 8; type: liBASE; nodes {;   nodedata: ""\000\000\000\010\001cEx]\211\377\330\033@\177e\277\016\010u\327\371&\262\312\317Q\2361t\377x\234\001v\003%\030\325_\225g\204\346\000\000\000\000\000\000\000\000\000\000\000\000\000\000\000\000\000\000\000\000\000\000\000\000\000\000\000\000\000\000\000\0006\207\227F[\243v\371\255c\270\254{\234\371\211\025\226%\351\352\037\264\262\021\311\263k\232\376\007\352/\351\252\264/\351\252\310\n\000""; }; nodes {;   nodedata: ""\323C\344\327\264{\312-\017:\006{\177\344N\002\326bO\260\220\006\033\362\345\005U\221DzJ0\001\301\025%1L\307\t\261\262z\374\222T\301\274V\236\223\262\270Ct\362\337b\356\024*\324\320\351\317\002k\336\234\027v\351\217\260\303\360\233ZPZWr\246$w\313\313\r\243r\232\2234\373\3539:N\004Q\245\272D\312D\300\300\t\323\0257\345e\271\na\215{\226\255x%T\257\037\333\004\344_/R\006E\344\037@\210\363\010\336T\226\247'\204_{\261\370""1\235\2445\343\033Y!\212\201\341\272\225'\007\265l7#N\236*T\346\016\255|M\nD8\n\343\313/\214\216\001\224\267\346}/\277\005?\336\013\003""; }; ","ledgerHash: ""a=\225\273\331\354\365*U\363\263N\367b\371\244\314-w\363\262\225Z\200\206\235\233\257?sE\267""; ledgerSeq: 8; type: liBASE; nodes {;   nodedata: ""\000\000\000\010\001cEx]\211\377\330\033@\177e\277\016\010u\327\371&\262\312\317Q\2361t\377x\234\001v\003%\030\325_\225g\204\346\000\000\000\000\000\000\000\000\000\000\000\000\000\000\000\000\000\000\000\000\000\000\000\000\000\000\000\000\000\000\000\0006\207\227F[\243v\371\255c\270\254{\234\371\211\025\226%\351\352\037\264\262\021\311\263k\232\376\007\352/\351\252\264/\351\252\310\n\000""; }; nodes {;   nodedata: ""\323C\344\327\264{\312-\017:\006{\177\344N\002\326bO\260\220\006\033\362\345\005U\221DzJ0\001\301\025%1L\307\t\261\262z\374\222T\301\274V\236\223\262\270Ct\362\337b\356\024*\324\320\351\317\002k\336\234\027v\351\217\260\303\360\233ZPZWr\246$w\313\313\r\243r\232\2234\373\3539:N\004Q\245\272D\312D\300\300\t\323\0257\345e\271\na\215{\226\255x%T\257\037\333\004\344_/R\006E\344\037@\210\363\010\336T\226\247'\204_{\261\370""1\235\2445\343\033Y!\212\201\341\272\225'\007\265l7#N\236*T\346\016\255|M\nD8\n\343\313/\214\216\001\224\267\346}/\277\005?\336\013\003""; }; "
1750527569326,1750527569326,3378,1,4,0,TMLedgerData,"ledgerHash: ""4\254\326mU\377?\177Ek\336\030!\316Aa\225\303\022\377{\210Y\226\271as\354L\035\004\341""; ledgerSeq: 9; type: liBASE; nodes {;   nodedata: ""\000\000\000\t\001cEx]\211\377\330a=\225\273\331\354\365*U\363\263N\367b\371\244\314-w\363\262\225Z\200\206\235\233\257?sE\267\000\000\000\000\000\000\000\000\000\000\000\000\000\000\000\000\000\000\000\000\000\000\000\000\000\000\000\000\000\000\000\000\260a9Y\354\267&\263\302xao\033\354\317\022\231\273\315\035\270\2649/W\340\016\240\027y\000Y/\351\252\310/\351\252\322\n\000""; }; nodes {;   nodedata: ""\323C\344\327\264{\312-\017:\006{\177\344N\002\326bO\260\220\006\033\362\345\005U\221DzJ0\001\301\025%1L\307\t\261\262z\374\222T\301\274V\236\223\262\270Ct\362\337b\356\024*\324\320\351\317\002k\336\234\027v\351\217\260\303\360\233ZPZWr\246$w\313\313\r\243r\232\2234\373\3539:N\004Q\245\272D\312D\300\300\t\323\0257\345e\271\na\215{\226\255x%T\257\037\333\004\344_/R\006E\344\037@\210\363\010\336T\226\247'\204_{\261\370""1\235\2445\343\033Y!\212\201\341\272\225'\007\373<\tV\\372\214\276\366\000`\365\371\261\032\317\304\324\207\234\002\027\276K\312\260\250x\t\216\277\200\013\003""; }; requestCookie: 3; ","ledgerHash: ""4\254\326mU\377?\177Ek\336\030!\316Aa\225\303\022\377{\210Y\226\271as\354L\035\004\341""; ledgerSeq: 9; type: liBASE; nodes {;   nodedata: ""\000\000\000\t\001cEx]\211\377\330a=\225\273\331\354\365*U\363\263N\367b\371\244\314-w\363\262\225Z\200\206\235\233\257?sE\267\000\000\000\000\000\000\000\000\000\000\000\000\000\000\000\000\000\000\000\000\000\000\000\000\000\000\000\000\000\000\000\000\260a9Y\354\267&\263\302xao\033\354\317\022\231\273\315\035\270\2649/W\340\016\240\027y\000Y/\351\252\310/\351\252\322\n\000""; }; nodes {;   nodedata: ""\323C\344\327\264{\312-\017:\006{\177\344N\002\326bO\260\220\006\033\362\345\005U\221DzJ0\001\301\025%1L\307\t\261\262z\374\222T\301\274V\236\223\262\270Ct\362\337b\356\024*\324\320\351\317\002k\336\234\027v\351\217\260\303\360\233ZPZWr\246$w\313\313\r\243r\232\2234\373\3539:N\004Q\245\272D\312D\300\300\t\323\0257\345e\271\na\215{\226\255x%T\257\037\333\004\344_/R\006E\344\037@\210\363\010\336T\226\247'\204_{\261\370""1\235\2445\343\033Y!\212\201\341\272\225'\007\373<\tV\\372\214\276\366\000`\365\371\261\032\317\304\324\207\234\002\027\276K\312\260\250x\t\216\277\200\013\003""; }; requestCookie: 3; "
1750527569369,1750527569369,3378,1,4,0,TMLedgerData,"ledgerHash: ""a=\225\273\331\354\365*U\363\263N\367b\371\244\314-w\363\262\225Z\200\206\235\233\257?sE\267""; ledgerSeq: 8; type: liBASE; nodes {;   nodedata: ""\000\000\000\010\001cEx]\211\377\330\033@\177e\277\016\010u\327\371&\262\312\317Q\2361t\377x\234\001v\003%\030\325_\225g\204\346\000\000\000\000\000\000\000\000\000\000\000\000\000\000\000\000\000\000\000\000\000\000\000\000\000\000\000\000\000\000\000\0006\207\227F[\243v\371\255c\270\254{\234\371\211\025\226%\351\352\037\264\262\021\311\263k\232\376\007\352/\351\252\264/\351\252\310\n\000""; }; nodes {;   nodedata: ""\323C\344\327\264{\312-\017:\006{\177\344N\002\326bO\260\220\006\033\362\345\005U\221DzJ0\001\301\025%1L\307\t\261\262z\374\222T\301\274V\236\223\262\270Ct\362\337b\356\024*\324\320\351\317\002k\336\234\027v\351\217\260\303\360\233ZPZWr\246$w\313\313\r\243r\232\2234\373\3539:N\004Q\245\272D\312D\300\300\t\323\0257\345e\271\na\215{\226\255x%T\257\037\333\004\344_/R\006E\344\037@\210\363\010\336T\226\247'\204_{\261\370""1\235\2445\343\033Y!\212\201\341\272\225'\007\265l7#N\236*T\346\016\255|M\nD8\n\343\313/\214\216\001\224\267\346}/\277\005?\336\013\003""; }; requestCookie: 3; ","ledgerHash: ""a=\225\273\331\354\365*U\363\263N\367b\371\244\314-w\363\262\225Z\200\206\235\233\257?sE\267""; ledgerSeq: 8; type: liBASE; nodes {;   nodedata: ""\000\000\000\010\001cEx]\211\377\330\033@\177e\277\016\010u\327\371&\262\312\317Q\2361t\377x\234\001v\003%\030\325_\225g\204\346\000\000\000\000\000\000\000\000\000\000\000\000\000\000\000\000\000\000\000\000\000\000\000\000\000\000\000\000\000\000\000\0006\207\227F[\243v\371\255c\270\254{\234\371\211\025\226%\351\352\037\264\262\021\311\263k\232\376\007\352/\351\252\264/\351\252\310\n\000""; }; nodes {;   nodedata: ""\323C\344\327\264{\312-\017:\006{\177\344N\002\326bO\260\220\006\033\362\345\005U\221DzJ0\001\301\025%1L\307\t\261\262z\374\222T\301\274V\236\223\262\270Ct\362\337b\356\024*\324\320\351\317\002k\336\234\027v\351\217\260\303\360\233ZPZWr\246$w\313\313\r\243r\232\2234\373\3539:N\004Q\245\272D\312D\300\300\t\323\0257\345e\271\na\215{\226\255x%T\257\037\333\004\344_/R\006E\344\037@\210\363\010\336T\226\247'\204_{\261\370""1\235\2445\343\033Y!\212\201\341\272\225'\007\265l7#N\236*T\346\016\255|M\nD8\n\343\313/\214\216\001\224\267\346}/\277\005?\336\013\003""; }; requestCookie: 3; "
1750527569399,1750527569399,2523,1,3,2,TMLedgerData,"ledgerHash: ""a=\225\273\331\354\365*U\363\263N\367b\371\244\314-w\363\262\225Z\200\206\235\233\257?sE\267""; ledgerSeq: 8; type: liBASE; nodes {;   nodedata: ""\000\000\000\010\001cEx]\211\377\330\033@\177e\277\016\010u\327\371&\262\312\317Q\2361t\377x\234\001v\003%\030\325_\225g\204\346\000\000\000\000\000\000\000\000\000\000\000\000\000\000\000\000\000\000\000\000\000\000\000\000\000\000\000\000\000\000\000\0006\207\227F[\243v\371\255c\270\254{\234\371\211\025\226%\351\352\037\264\262\021\311\263k\232\376\007\352/\351\252\264/\351\252\310\n\000""; }; nodes {;   nodedata: ""\323C\344\327\264{\312-\017:\006{\177\344N\002\326bO\260\220\006\033\362\345\005U\221DzJ0\001\301\025%1L\307\t\261\262z\374\222T\301\274V\236\223\262\270Ct\362\337b\356\024*\324\320\351\317\002k\336\234\027v\351\217\260\303\360\233ZPZWr\246$w\313\313\r\243r\232\2234\373\3539:N\004Q\245\272D\312D\300\300\t\323\0257\345e\271\na\215{\226\255x%T\257\037\333\004\344_/R\006E\344\037@\210\363\010\336T\226\247'\204_{\261\370""1\235\2445\343\033Y!\212\201\341\272\225'\007\265l7#N\236*T\346\016\255|M\nD8\n\343\313/\214\216\001\224\267\346}/\277\005?\336\013\003""; }; ","ledgerHash: ""a=\225\273\331\354\365*U\363\263N\367b\371\244\314-w\363\262\225Z\200\206\235\233\257?sE\267""; ledgerSeq: 8; type: liBASE; nodes {;   nodedata: ""\000\000\000\010\001cEx]\211\377\330\033@\177e\277\016\010u\327\371&\262\312\317Q\2361t\377x\234\001v\003%\030\325_\225g\204\346\000\000\000\000\000\000\000\000\000\000\000\000\000\000\000\000\000\000\000\000\000\000\000\000\000\000\000\000\000\000\000\0006\207\227F[\243v\371\255c\270\254{\234\371\211\025\226%\351\352\037\264\262\021\311\263k\232\376\007\352/\351\252\264/\351\252\310\n\000""; }; nodes {;   nodedata: ""\323C\344\327\264{\312-\017:\006{\177\344N\002\326bO\260\220\006\033\362\345\005U\221DzJ0\001\301\025%1L\307\t\261\262z\374\222T\301\274V\236\223\262\270Ct\362\337b\356\024*\324\320\351\317\002k\336\234\027v\351\217\260\303\360\233ZPZWr\246$w\313\313\r\243r\232\2234\373\3539:N\004Q\245\272D\312D\300\300\t\323\0257\345e\271\na\215{\226\255x%T\257\037\333\004\344_/R\006E\344\037@\210\363\010\336T\226\247'\204_{\261\370""1\235\2445\343\033Y!\212\201\341\272\225'\007\265l7#N\236*T\346\016\255|M\nD8\n\343\313/\214\216\001\224\267\346}/\277\005?\336\013\003""; }; "
1750527569399,1750527569400,2523,1,3,2,TMLedgerData,"ledgerHash: ""a=\225\273\331\354\365*U\363\263N\367b\371\244\314-w\363\262\225Z\200\206\235\233\257?sE\267""; ledgerSeq: 8; type: liBASE; nodes {;   nodedata: ""\000\000\000\010\001cEx]\211\377\330\033@\177e\277\016\010u\327\371&\262\312\317Q\2361t\377x\234\001v\003%\030\325_\225g\204\346\000\000\000\000\000\000\000\000\000\000\000\000\000\000\000\000\000\000\000\000\000\000\000\000\000\000\000\000\000\000\000\0006\207\227F[\243v\371\255c\270\254{\234\371\211\025\226%\351\352\037\264\262\021\311\263k\232\376\007\352/\351\252\264/\351\252\310\n\000""; }; nodes {;   nodedata: ""\323C\344\327\264{\312-\017:\006{\177\344N\002\326bO\260\220\006\033\362\345\005U\221DzJ0\001\301\025%1L\307\t\261\262z\374\222T\301\274V\236\223\262\270Ct\362\337b\356\024*\324\320\351\317\002k\336\234\027v\351\217\260\303\360\233ZPZWr\246$w\313\313\r\243r\232\2234\373\3539:N\004Q\245\272D\312D\300\300\t\323\0257\345e\271\na\215{\226\255x%T\257\037\333\004\344_/R\006E\344\037@\210\363\010\336T\226\247'\204_{\261\370""1\235\2445\343\033Y!\212\201\341\272\225'\007\265l7#N\236*T\346\016\255|M\nD8\n\343\313/\214\216\001\224\267\346}/\277\005?\336\013\003""; }; ","ledgerHash: ""a=\225\273\331\354\365*U\363\263N\367b\371\244\314-w\363\262\225Z\200\206\235\233\257?sE\267""; ledgerSeq: 8; type: liBASE; nodes {;   nodedata: ""\000\000\000\010\001cEx]\211\377\330\033@\177e\277\016\010u\327\371&\262\312\317Q\2361t\377x\234\001v\003%\030\325_\225g\204\346\000\000\000\000\000\000\000\000\000\000\000\000\000\000\000\000\000\000\000\000\000\000\000\000\000\000\000\000\000\000\000\0006\207\227F[\243v\371\255c\270\254{\234\371\211\025\226%\351\352\037\264\262\021\311\263k\232\376\007\352/\351\252\264/\351\252\310\n\000""; }; nodes {;   nodedata: ""\323C\344\327\264{\312-\017:\006{\177\344N\002\326bO\260\220\006\033\362\345\005U\221DzJ0\001\301\025%1L\307\t\261\262z\374\222T\301\274V\236\223\262\270Ct\362\337b\356\024*\324\320\351\317\002k\336\234\027v\351\217\260\303\360\233ZPZWr\246$w\313\313\r\243r\232\2234\373\3539:N\004Q\245\272D\312D\300\300\t\323\0257\345e\271\na\215{\226\255x%T\257\037\333\004\344_/R\006E\344\037@\210\363\010\336T\226\247'\204_{\261\370""1\235\2445\343\033Y!\212\201\341\272\225'\007\265l7#N\236*T\346\016\255|M\nD8\n\343\313/\214\216\001\224\267\346}/\277\005?\336\013\003""; }; "
1750527569556,1750527569557,1813,1,3,1,TMLedgerData,"ledgerHash: ""a=\225\273\331\354\365*U\363\263N\367b\371\244\314-w\363\262\225Z\200\206\235\233\257?sE\267""; ledgerSeq: 8; type: liBASE; nodes {;   nodedata: ""\000\000\000\010\001cEx]\211\377\330\033@\177e\277\016\010u\327\371&\262\312\317Q\2361t\377x\234\001v\003%\030\325_\225g\204\346\000\000\000\000\000\000\000\000\000\000\000\000\000\000\000\000\000\000\000\000\000\000\000\000\000\000\000\000\000\000\000\0006\207\227F[\243v\371\255c\270\254{\234\371\211\025\226%\351\352\037\264\262\021\311\263k\232\376\007\352/\351\252\264/\351\252\310\n\000""; }; nodes {;   nodedata: ""\323C\344\327\264{\312-\017:\006{\177\344N\002\326bO\260\220\006\033\362\345\005U\221DzJ0\001\301\025%1L\307\t\261\262z\374\222T\301\274V\236\223\262\270Ct\362\337b\356\024*\324\320\351\317\002k\336\234\027v\351\217\260\303\360\233ZPZWr\246$w\313\313\r\243r\232\2234\373\3539:N\004Q\245\272D\312D\300\300\t\323\0257\345e\271\na\215{\226\255x%T\257\037\333\004\344_/R\006E\344\037@\210\363\010\336T\226\247'\204_{\261\370""1\235\2445\343\033Y!\212\201\341\272\225'\007\265l7#N\236*T\346\016\255|M\nD8\n\343\313/\214\216\001\224\267\346}/\277\005?\336\013\003""; }; ","ledgerHash: ""a=\225\273\331\354\365*U\363\263N\367b\371\244\314-w\363\262\225Z\200\206\235\233\257?sE\267""; ledgerSeq: 8; type: liBASE; nodes {;   nodedata: ""\000\000\000\010\001cEx]\211\377\330\033@\177e\277\016\010u\327\371&\262\312\317Q\2361t\377x\234\001v\003%\030\325_\225g\204\346\000\000\000\000\000\000\000\000\000\000\000\000\000\000\000\000\000\000\000\000\000\000\000\000\000\000\000\000\000\000\000\0006\207\227F[\243v\371\255c\270\254{\234\371\211\025\226%\351\352\037\264\262\021\311\263k\232\376\007\352/\351\252\264/\351\252\310\n\000""; }; nodes {;   nodedata: ""\323C\344\327\264{\312-\017:\006{\177\344N\002\326bO\260\220\006\033\362\345\005U\221DzJ0\001\301\025%1L\307\t\261\262z\374\222T\301\274V\236\223\262\270Ct\362\337b\356\024*\324\320\351\317\002k\336\234\027v\351\217\260\303\360\233ZPZWr\246$w\313\313\r\243r\232\2234\373\3539:N\004Q\245\272D\312D\300\300\t\323\0257\345e\271\na\215{\226\255x%T\257\037\333\004\344_/R\006E\344\037@\210\363\010\336T\226\247'\204_{\261\370""1\235\2445\343\033Y!\212\201\341\272\225'\007\265l7#N\236*T\346\016\255|M\nD8\n\343\313/\214\216\001\224\267\346}/\277\005?\336\013\003""; }; "
1750527569557,1750527569557,1813,1,3,1,TMLedgerData,"ledgerHash: ""a=\225\273\331\354\365*U\363\263N\367b\371\244\314-w\363\262\225Z\200\206\235\233\257?sE\267""; ledgerSeq: 8; type: liBASE; nodes {;   nodedata: ""\000\000\000\010\001cEx]\211\377\330\033@\177e\277\016\010u\327\371&\262\312\317Q\2361t\377x\234\001v\003%\030\325_\225g\204\346\000\000\000\000\000\000\000\000\000\000\000\000\000\000\000\000\000\000\000\000\000\000\000\000\000\000\000\000\000\000\000\0006\207\227F[\243v\371\255c\270\254{\234\371\211\025\226%\351\352\037\264\262\021\311\263k\232\376\007\352/\351\252\264/\351\252\310\n\000""; }; nodes {;   nodedata: ""\323C\344\327\264{\312-\017:\006{\177\344N\002\326bO\260\220\006\033\362\345\005U\221DzJ0\001\301\025%1L\307\t\261\262z\374\222T\301\274V\236\223\262\270Ct\362\337b\356\024*\324\320\351\317\002k\336\234\027v\351\217\260\303\360\233ZPZWr\246$w\313\313\r\243r\232\2234\373\3539:N\004Q\245\272D\312D\300\300\t\323\0257\345e\271\na\215{\226\255x%T\257\037\333\004\344_/R\006E\344\037@\210\363\010\336T\226\247'\204_{\261\370""1\235\2445\343\033Y!\212\201\341\272\225'\007\265l7#N\236*T\346\016\255|M\nD8\n\343\313/\214\216\001\224\267\346}/\277\005?\336\013\003""; }; ","ledgerHash: ""a=\225\273\331\354\365*U\363\263N\367b\371\244\314-w\363\262\225Z\200\206\235\233\257?sE\267""; ledgerSeq: 8; type: liBASE; nodes {;   nodedata: ""\000\000\000\010\001cEx]\211\377\330\033@\177e\277\016\010u\327\371&\262\312\317Q\2361t\377x\234\001v\003%\030\325_\225g\204\346\000\000\000\000\000\000\000\000\000\000\000\000\000\000\000\000\000\000\000\000\000\000\000\000\000\000\000\000\000\000\000\0006\207\227F[\243v\371\255c\270\254{\234\371\211\025\226%\351\352\037\264\262\021\311\263k\232\376\007\352/\351\252\264/\351\252\310\n\000""; }; nodes {;   nodedata: ""\323C\344\327\264{\312-\017:\006{\177\344N\002\326bO\260\220\006\033\362\345\005U\221DzJ0\001\301\025%1L\307\t\261\262z\374\222T\301\274V\236\223\262\270Ct\362\337b\356\024*\324\320\351\317\002k\336\234\027v\351\217\260\303\360\233ZPZWr\246$w\313\313\r\243r\232\2234\373\3539:N\004Q\245\272D\312D\300\300\t\323\0257\345e\271\na\215{\226\255x%T\257\037\333\004\344_/R\006E\344\037@\210\363\010\336T\226\247'\204_{\261\370""1\235\2445\343\033Y!\212\201\341\272\225'\007\265l7#N\236*T\346\016\255|M\nD8\n\343\313/\214\216\001\224\267\346}/\277\005?\336\013\003""; }; "
1750527569597,1750527569598,1144,1,4,1,TMLedgerData,"ledgerHash: ""a=\225\273\331\354\365*U\363\263N\367b\371\244\314-w\363\262\225Z\200\206\235\233\257?sE\267""; ledgerSeq: 8; type: liBASE; nodes {;   nodedata: ""\000\000\000\010\001cEx]\211\377\330\033@\177e\277\016\010u\327\371&\262\312\317Q\2361t\377x\234\001v\003%\030\325_\225g\204\346\000\000\000\000\000\000\000\000\000\000\000\000\000\000\000\000\000\000\000\000\000\000\000\000\000\000\000\000\000\000\000\0006\207\227F[\243v\371\255c\270\254{\234\371\211\025\226%\351\352\037\264\262\021\311\263k\232\376\007\352/\351\252\264/\351\252\310\n\000""; }; nodes {;   nodedata: ""\323C\344\327\264{\312-\017:\006{\177\344N\002\326bO\260\220\006\033\362\345\005U\221DzJ0\001\301\025%1L\307\t\261\262z\374\222T\301\274V\236\223\262\270Ct\362\337b\356\024*\324\320\351\317\002k\336\234\027v\351\217\260\303\360\233ZPZWr\246$w\313\313\r\243r\232\2234\373\3539:N\004Q\245\272D\312D\300\300\t\323\0257\345e\271\na\215{\226\255x%T\257\037\333\004\344_/R\006E\344\037@\210\363\010\336T\226\247'\204_{\261\370""1\235\2445\343\033Y!\212\201\341\272\225'\007\265l7#N\236*T\346\016\255|M\nD8\n\343\313/\214\216\001\224\267\346}/\277\005?\336\013\003""; }; ","ledgerHash: ""a=\225\273\331\354\365*U\363\263N\367b\371\244\314-w\363\262\225Z\200\206\235\233\257?sE\267""; ledgerSeq: 8; type: liBASE; nodes {;   nodedata: ""\000\000\000\010\001cEx]\211\377\330\033@\177e\277\016\010u\327\371&\262\312\317Q\2361t\377x\234\001v\003%\030\325_\225g\204\346\000\000\000\000\000\000\000\000\000\000\000\000\000\000\000\000\000\000\000\000\000\000\000\000\000\000\000\000\000\000\000\0006\207\227F[\243v\371\255c\270\254{\234\371\211\025\226%\351\352\037\264\262\021\311\263k\232\376\007\352/\351\252\264/\351\252\310\n\000""; }; nodes {;   nodedata: ""\323C\344\327\264{\312-\017:\006{\177\344N\002\326bO\260\220\006\033\362\345\005U\221DzJ0\001\301\025%1L\307\t\261\262z\374\222T\301\274V\236\223\262\270Ct\362\337b\356\024*\324\320\351\317\002k\336\234\027v\351\217\260\303\360\233ZPZWr\246$w\313\313\r\243r\232\2234\373\3539:N\004Q\245\272D\312D\300\300\t\323\0257\345e\271\na\215{\226\255x%T\257\037\333\004\344_/R\006E\344\037@\210\363\010\336T\226\247'\204_{\261\370""1\235\2445\343\033Y!\212\201\341\272\225'\007\265l7#N\236*T\346\016\255|M\nD8\n\343\313/\214\216\001\224\267\346}/\277\005?\336\013\003""; }; "
1750527569598,1750527569598,1144,1,4,1,TMLedgerData,"ledgerHash: ""a=\225\273\331\354\365*U\363\263N\367b\371\244\314-w\363\262\225Z\200\206\235\233\257?sE\267""; ledgerSeq: 8; type: liBASE; nodes {;   nodedata: ""\000\000\000\010\001cEx]\211\377\330\033@\177e\277\016\010u\327\371&\262\312\317Q\2361t\377x\234\001v\003%\030\325_\225g\204\346\000\000\000\000\000\000\000\000\000\000\000\000\000\000\000\000\000\000\000\000\000\000\000\000\000\000\000\000\000\000\000\0006\207\227F[\243v\371\255c\270\254{\234\371\211\025\226%\351\352\037\264\262\021\311\263k\232\376\007\352/\351\252\264/\351\252\310\n\000""; }; nodes {;   nodedata: ""\323C\344\327\264{\312-\017:\006{\177\344N\002\326bO\260\220\006\033\362\345\005U\221DzJ0\001\301\025%1L\307\t\261\262z\374\222T\301\274V\236\223\262\270Ct\362\337b\356\024*\324\320\351\317\002k\336\234\027v\351\217\260\303\360\233ZPZWr\246$w\313\313\r\243r\232\2234\373\3539:N\004Q\245\272D\312D\300\300\t\323\0257\345e\271\na\215{\226\255x%T\257\037\333\004\344_/R\006E\344\037@\210\363\010\336T\226\247'\204_{\261\370""1\235\2445\343\033Y!\212\201\341\272\225'\007\265l7#N\236*T\346\016\255|M\nD8\n\343\313/\214\216\001\224\267\346}/\277\005?\336\013\003""; }; ","ledgerHash: ""a=\225\273\331\354\365*U\363\263N\367b\371\244\314-w\363\262\225Z\200\206\235\233\257?sE\267""; ledgerSeq: 8; type: liBASE; nodes {;   nodedata: ""\000\000\000\010\001cEx]\211\377\330\033@\177e\277\016\010u\327\371&\262\312\317Q\2361t\377x\234\001v\003%\030\325_\225g\204\346\000\000\000\000\000\000\000\000\000\000\000\000\000\000\000\000\000\000\000\000\000\000\000\000\000\000\000\000\000\000\000\0006\207\227F[\243v\371\255c\270\254{\234\371\211\025\226%\351\352\037\264\262\021\311\263k\232\376\007\352/\351\252\264/\351\252\310\n\000""; }; nodes {;   nodedata: ""\323C\344\327\264{\312-\017:\006{\177\344N\002\326bO\260\220\006\033\362\345\005U\221DzJ0\001\301\025%1L\307\t\261\262z\374\222T\301\274V\236\223\262\270Ct\362\337b\356\024*\324\320\351\317\002k\336\234\027v\351\217\260\303\360\233ZPZWr\246$w\313\313\r\243r\232\2234\373\3539:N\004Q\245\272D\312D\300\300\t\323\0257\345e\271\na\215{\226\255x%T\257\037\333\004\344_/R\006E\344\037@\210\363\010\336T\226\247'\204_{\261\370""1\235\2445\343\033Y!\212\201\341\272\225'\007\265l7#N\236*T\346\016\255|M\nD8\n\343\313/\214\216\001\224\267\346}/\277\005?\336\013\003""; }; "
1750527569602,1750527569602,3046,1,2,4,TMProposeSet,"proposeSeq: 0; currentTxHash: ""\000\000\000\000\000\000\000\000\000\000\000\000\000\000\000\000\000\000\000\000\000\000\000\000\000\000\000\000\000\000\000\000""; nodePubKey: ""\003\255\225A\213\332\224ehh\024BDq\224\250\335`\355\353{\357\266\335<\021\032\265\177\206\356&\215""; closeTime: 803842770; signature: ""0D\002 \tsRdrW\014\264\377\322f\335\305\220\351\252\010\211\216\035`\353^\031S\213\262\010\225i\177\033\002 x\363W\315\270S\273\033\362\253U\000\350o^,\301\324\220.^\252\3634a\177\303\334\275\351q]""; previousledger: ""7\204MVwQh?\333Yw{\177u\266\2666\032#""\022\3206\266\023\027\356\2244\025`\301""; ","proposeSeq: 0; currentTxHash: ""\000\000\000\000\000\000\000\000\000\000\000\000\000\000\000\000\000\000\000\000\000\000\000\000\000\000\000\000\000\000\000\000""; nodePubKey: ""\003\255\225A\213\332\224ehh\024BDq\224\250\335`\355\353{\357\266\335<\021\032\265\177\206\356&\215""; closeTime: 803842770; signature: ""0D\002 \tsRdrW\014\264\377\322f\335\305\220\351\252\010\211\216\035`\353^\031S\213\262\010\225i\177\033\002 x\363W\315\270S\273\033\362\253U\000\350o^,\301\324\220.^\252\3634a\177\303\334\275\351q]""; previousledger: ""7\204MVwQh?\333Yw{\177u\266\2666\032#""\022\3206\266\023\027\356\2244\025`\301""; "
1750527569603,1750527569603,1659,1,2,0,TMProposeSet,"proposeSeq: 0; currentTxHash: ""\000\000\000\000\000\000\000\000\000\000\000\000\000\000\000\000\000\000\000\000\000\000\000\000\000\000\000\000\000\000\000\000""; nodePubKey: ""\003\255\225A\213\332\224ehh\024BDq\224\250\335`\355\353{\357\266\335<\021\032\265\177\206\356&\215""; closeTime: 803842770; signature: ""0D\002 \tsRdrW\014\264\377\322f\335\305\220\351\252\010\211\216\035`\353^\031S\213\262\010\225i\177\033\002 x\363W\315\270S\273\033\362\253U\000\350o^,\301\324\220.^\252\3634a\177\303\334\275\351q]""; previousledger: ""7\204MVwQh?\333Yw{\177u\266\2666\032#""\022\3206\266\023\027\356\2244\025`\301""; ","proposeSeq: 0; currentTxHash: ""\000\000\000\000\000\000\000\000\000\000\000\000\000\000\000\000\000\000\000\000\000\000\000\000\000\000\000\000\000\000\000\000""; nodePubKey: ""\003\255\225A\213\332\224ehh\024BDq\224\250\335`\355\353{\357\266\335<\021\032\265\177\206\356&\215""; closeTime: 803842770; signature: ""0D\002 \tsRdrW\014\264\377\322f\335\305\220\351\252\010\211\216\035`\353^\031S\213\262\010\225i\177\033\002 x\363W\315\270S\273\033\362\253U\000\350o^,\301\324\220.^\252\3634a\177\303\334\275\351q]""; previousledger: ""7\204MVwQh?\333Yw{\177u\266\2666\032#""\022\3206\266\023\027\356\2244\025`\301""; "
1750527569604,1750527569604,2762,1,2,3,TMProposeSet,"proposeSeq: 0; currentTxHash: ""\000\000\000\000\000\000\000\000\000\000\000\000\000\000\000\000\000\000\000\000\000\000\000\000\000\000\000\000\000\000\000\000""; nodePubKey: ""\003\255\225A\213\332\224ehh\024BDq\224\250\335`\355\353{\357\266\335<\021\032\265\177\206\356&\215""; closeTime: 803842770; signature: ""0D\002 \tsRdrW\014\264\377\322f\335\305\220\351\252\010\211\216\035`\353^\031S\213\262\010\225i\177\033\002 x\363W\315\270S\273\033\362\253U\000\350o^,\301\324\220.^\252\3634a\177\303\334\275\351q]""; previousledger: ""7\204MVwQh?\333Yw{\177u\266\2666\032#""\022\3206\266\023\027\356\2244\025`\301""; ","proposeSeq: 0; currentTxHash: ""\000\000\000\000\000\000\000\000\000\000\000\000\000\000\000\000\000\000\000\000\000\000\000\000\000\000\000\000\000\000\000\000""; nodePubKey: ""\003\255\225A\213\332\224ehh\024BDq\224\250\335`\355\353{\357\266\335<\021\032\265\177\206\356&\215""; closeTime: 803842770; signature: ""0D\002 \tsRdrW\014\264\377\322f\335\305\220\351\252\010\211\216\035`\353^\031S\213\262\010\225i\177\033\002 x\363W\315\270S\273\033\362\253U\000\350o^,\301\324\220.^\252\3634a\177\303\334\275\351q]""; previousledger: ""7\204MVwQh?\333Yw{\177u\266\2666\032#""\022\3206\266\023\027\356\2244\025`\301""; "
1750527569604,1750527569604,2221,1,2,1,TMProposeSet,"proposeSeq: 0; currentTxHash: ""\000\000\000\000\000\000\000\000\000\000\000\000\000\000\000\000\000\000\000\000\000\000\000\000\000\000\000\000\000\000\000\000""; nodePubKey: ""\003\255\225A\213\332\224ehh\024BDq\224\250\335`\355\353{\357\266\335<\021\032\265\177\206\356&\215""; closeTime: 803842770; signature: ""0D\002 \tsRdrW\014\264\377\322f\335\305\220\351\252\010\211\216\035`\353^\031S\213\262\010\225i\177\033\002 x\363W\315\270S\273\033\362\253U\000\350o^,\301\324\220.^\252\3634a\177\303\334\275\351q]""; previousledger: ""7\204MVwQh?\333Yw{\177u\266\2666\032#""\022\3206\266\023\027\356\2244\025`\301""; ","proposeSeq: 0; currentTxHash: ""\000\000\000\000\000\000\000\000\000\000\000\000\000\000\000\000\000\000\000\000\000\000\000\000\000\000\000\000\000\000\000\000""; nodePubKey: ""\003\255\225A\213\332\224ehh\024BDq\224\250\335`\355\353{\357\266\335<\021\032\265\177\206\356&\215""; closeTime: 803842770; signature: ""0D\002 \tsRdrW\014\264\377\322f\335\305\220\351\252\010\211\216\035`\353^\031S\213\262\010\225i\177\033\002 x\363W\315\270S\273\033\362\253U\000\350o^,\301\324\220.^\252\3634a\177\303\334\275\351q]""; previousledger: ""7\204MVwQh?\333Yw{\177u\266\2666\032#""\022\3206\266\023\027\356\2244\025`\301""; "
1750527569654,1750527569654,380,1,0,4,TMGetLedger,"itype: liAS_NODE; ledgerHash: ""a=\225\273\331\354\365*U\363\263N\367b\371\244\314-w\363\262\225Z\200\206\235\233\257?sE\267""; ledgerSeq: 8; nodeIDs: ""\260\000\000\000\000\000\000\000\000\000\000\000\000\000\000\000\000\000\000\000\000\000\000\000\000\000\000\000\000\000\000\000\001""; queryType: qtINDIRECT; queryDepth: 1; ","itype: liAS_NODE; ledgerHash: ""a=\225\273\331\354\365*U\363\263N\367b\371\244\314-w\363\262\225Z\200\206\235\233\257?sE\267""; ledgerSeq: 8; nodeIDs: ""\260\000\000\000\000\000\000\000\000\000\000\000\000\000\000\000\000\000\000\000\000\000\000\000\000\000\000\000\000\000\000\000\001""; queryType: qtINDIRECT; queryDepth: 1; "
1750527569600,1750527569677,3446,1,2,4,TMStatusChange,"newEvent: neCLOSING_LEDGER; ledgerSeq: 8; ledgerHash: ""7\204MVwQh?\333Yw{\177u\266\2666\032#""\022\3206\266\023\027\356\2244\025`\301""; ledgerHashPrevious: ""\276\230H\305\2714\032l\253n6W\035\354\257.f\r\217\302\203\224\212L\020\S\370\243OP*""; networkTime: 803842769; firstSeq: 1; lastSeq: 7; ","newEvent: neCLOSING_LEDGER; ledgerSeq: 8; ledgerHash: ""7\204MVwQh?\333Yw{\177u\266\2666\032#""\022\3206\266\023\027\356\2244\025`\301""; ledgerHashPrevious: ""\276\230H\305\2714\032l\253n6W\035\354\257.f\r\217\302\203\224\212L\020\S\370\243OP*""; networkTime: 803842769; firstSeq: 1; lastSeq: 7; "
1750527569602,1750527569678,1536,1,2,1,TMStatusChange,"newEvent: neCLOSING_LEDGER; ledgerSeq: 8; ledgerHash: ""7\204MVwQh?\333Yw{\177u\266\2666\032#""\022\3206\266\023\027\356\2244\025`\301""; ledgerHashPrevious: ""\276\230H\305\2714\032l\253n6W\035\354\257.f\r\217\302\203\224\212L\020\S\370\243OP*""; networkTime: 803842769; firstSeq: 1; lastSeq: 7; ","newEvent: neCLOSING_LEDGER; ledgerSeq: 8; ledgerHash: ""7\204MVwQh?\333Yw{\177u\266\2666\032#""\022\3206\266\023\027\356\2244\025`\301""; ledgerHashPrevious: ""\276\230H\305\2714\032l\253n6W\035\354\257.f\r\217\302\203\224\212L\020\S\370\243OP*""; networkTime: 803842769; firstSeq: 1; lastSeq: 7; "
1750527569605,1750527569679,679,1,2,0,TMStatusChange,"newEvent: neCLOSING_LEDGER; ledgerSeq: 8; ledgerHash: ""7\204MVwQh?\333Yw{\177u\266\2666\032#""\022\3206\266\023\027\356\2244\025`\301""; ledgerHashPrevious: ""\276\230H\305\2714\032l\253n6W\035\354\257.f\r\217\302\203\224\212L\020\S\370\243OP*""; networkTime: 803842769; firstSeq: 1; lastSeq: 7; ","newEvent: neCLOSING_LEDGER; ledgerSeq: 8; ledgerHash: ""7\204MVwQh?\333Yw{\177u\266\2666\032#""\022\3206\266\023\027\356\2244\025`\301""; ledgerHashPrevious: ""\276\230H\305\2714\032l\253n6W\035\354\257.f\r\217\302\203\224\212L\020\S\370\243OP*""; networkTime: 803842769; firstSeq: 1; lastSeq: 7; "
1750527569606,1750527569680,593,1,2,3,TMStatusChange,"newEvent: neCLOSING_LEDGER; ledgerSeq: 8; ledgerHash: ""7\204MVwQh?\333Yw{\177u\266\2666\032#""\022\3206\266\023\027\356\2244\025`\301""; ledgerHashPrevious: ""\276\230H\305\2714\032l\253n6W\035\354\257.f\r\217\302\203\224\212L\020\S\370\243OP*""; networkTime: 803842769; firstSeq: 1; lastSeq: 7; ","newEvent: neCLOSING_LEDGER; ledgerSeq: 8; ledgerHash: ""7\204MVwQh?\333Yw{\177u\266\2666\032#""\022\3206\266\023\027\356\2244\025`\301""; ledgerHashPrevious: ""\276\230H\305\2714\032l\253n6W\035\354\257.f\r\217\302\203\224\212L\020\S\370\243OP*""; networkTime: 803842769; firstSeq: 1; lastSeq: 7; "
1750527569696,1750527569696,2455,1,4,1,TMProposeSet,"proposeSeq: 0; currentTxHash: ""\000\000\000\000\000\000\000\000\000\000\000\000\000\000\000\000\000\000\000\000\000\000\000\000\000\000\000\000\000\000\000\000""; nodePubKey: ""\002\364d\217\366\217|\316F\232\231\241\n\261\333`\312O\367\235\025DD\336e\367\n\312\326\221\037\025\230""; closeTime: 803842768; signature: ""0D\002 \024&\034\212xNw\002\010\010\031\255'/\014\317\037\3661\r_\365\261\036\254\037\231/\2333\304$\002 M\304\346\235\323\205\223\354#\323\372z-\211;\342j\324\242\226P\323\350\312\263\220\006b\274-\200\306""; previousledger: ""4\254\326mU\377?\177Ek\336\030!\316Aa\225\303\022\377{\210Y\226\271as\354L\035\004\341""; ","proposeSeq: 0; currentTxHash: ""\000\000\000\000\000\000\000\000\000\000\000\000\000\000\000\000\000\000\000\000\000\000\000\000\000\000\000\000\000\000\000\000""; nodePubKey: ""\002\364d\217\366\217|\316F\232\231\241\n\261\333`\312O\367\235\025DD\336e\367\n\312\326\221\037\025\230""; closeTime: 803842768; signature: ""0D\002 \024&\034\212xNw\002\010\010\031\255'/\014\317\037\3661\r_\365\261\036\254\037\231/\2333\304$\002 M\304\346\235\323\205\223\354#\323\372z-\211;\342j\324\242\226P\323\350\312\263\220\006b\274-\200\306""; previousledger: ""4\254\326mU\377?\177Ek\336\030!\316Aa\225\303\022\377{\210Y\226\271as\354L\035\004\341""; "
1750527569697,1750527569697,2972,1,4,0,TMProposeSet,"proposeSeq: 0; currentTxHash: ""\000\000\000\000\000\000\000\000\000\000\000\000\000\000\000\000\000\000\000\000\000\000\000\000\000\000\000\000\000\000\000\000""; nodePubKey: ""\002\364d\217\366\217|\316F\232\231\241\n\261\333`\312O\367\235\025DD\336e\367\n\312\326\221\037\025\230""; closeTime: 803842768; signature: ""0D\002 \024&\034\212xNw\002\010\010\031\255'/\014\317\037\3661\r_\365\261\036\254\037\231/\2333\304$\002 M\304\346\235\323\205\223\354#\323\372z-\211;\342j\324\242\226P\323\350\312\263\220\006b\274-\200\306""; previousledger: ""4\254\326mU\377?\177Ek\336\030!\316Aa\225\303\022\377{\210Y\226\271as\354L\035\004\341""; ","proposeSeq: 0; currentTxHash: ""\000\000\000\000\000\000\000\000\000\000\000\000\000\000\000\000\000\000\000\000\000\000\000\000\000\000\000\000\000\000\000\000""; nodePubKey: ""\002\364d\217\366\217|\316F\232\231\241\n\261\333`\312O\367\235\025DD\336e\367\n\312\326\221\037\025\230""; closeTime: 803842768; signature: ""0D\002 \024&\034\212xNw\002\010\010\031\255'/\014\317\037\3661\r_\365\261\036\254\037\231/\2333\304$\002 M\304\346\235\323\205\223\354#\323\372z-\211;\342j\324\242\226P\323\350\312\263\220\006b\274-\200\306""; previousledger: ""4\254\326mU\377?\177Ek\336\030!\316Aa\225\303\022\377{\210Y\226\271as\354L\035\004\341""; "
1750527569698,1750527569698,2441,1,4,2,TMProposeSet,"proposeSeq: 0; currentTxHash: ""\000\000\000\000\000\000\000\000\000\000\000\000\000\000\000\000\000\000\000\000\000\000\000\000\000\000\000\000\000\000\000\000""; nodePubKey: ""\002\364d\217\366\217|\316F\232\231\241\n\261\333`\312O\367\235\025DD\336e\367\n\312\326\221\037\025\230""; closeTime: 803842768; signature: ""0D\002 \024&\034\212xNw\002\010\010\031\255'/\014\317\037\3661\r_\365\261\036\254\037\231/\2333\304$\002 M\304\346\235\323\205\223\354#\323\372z-\211;\342j\324\242\226P\323\350\312\263\220\006b\274-\200\306""; previousledger: ""4\254\326mU\377?\177Ek\336\030!\316Aa\225\303\022\377{\210Y\226\271as\354L\035\004\341""; ","proposeSeq: 0; currentTxHash: ""\000\000\000\000\000\000\000\000\000\000\000\000\000\000\000\000\000\000\000\000\000\000\000\000\000\000\000\000\000\000\000\000""; nodePubKey: ""\002\364d\217\366\217|\316F\232\231\241\n\261\333`\312O\367\235\025DD\336e\367\n\312\326\221\037\025\230""; closeTime: 803842768; signature: ""0D\002 \024&\034\212xNw\002\010\010\031\255'/\014\317\037\3661\r_\365\261\036\254\037\231/\2333\304$\002 M\304\346\235\323\205\223\354#\323\372z-\211;\342j\324\242\226P\323\350\312\263\220\006b\274-\200\306""; previousledger: ""4\254\326mU\377?\177Ek\336\030!\316Aa\225\303\022\377{\210Y\226\271as\354L\035\004\341""; "
1750527569795,1750527569795,3818,1,0,2,TMLedgerData,"ledgerHash: ""a=\225\273\331\354\365*U\363\263N\367b\371\244\314-w\363\262\225Z\200\206\235\233\257?sE\267""; ledgerSeq: 8; type: liBASE; nodes {;   nodedata: ""\000\000\000\010\001cEx]\211\377\330\033@\177e\277\016\010u\327\371&\262\312\317Q\2361t\377x\234\001v\003%\030\325_\225g\204\346\000\000\000\000\000\000\000\000\000\000\000\000\000\000\000\000\000\000\000\000\000\000\000\000\000\000\000\000\000\000\000\0006\207\227F[\243v\371\255c\270\254{\234\371\211\025\226%\351\352\037\264\262\021\311\263k\232\376\007\352/\351\252\264/\351\252\310\n\000""; }; nodes {;   nodedata: ""\323C\344\327\264{\312-\017:\006{\177\344N\002\326bO\260\220\006\033\362\345\005U\221DzJ0\001\301\025%1L\307\t\261\262z\374\222T\301\274V\236\223\262\270Ct\362\337b\356\024*\324\320\351\317\002k\336\234\027v\351\217\260\303\360\233ZPZWr\246$w\313\313\r\243r\232\2234\373\3539:N\004Q\245\272D\312D\300\300\t\323\0257\345e\271\na\215{\226\255x%T\257\037\333\004\344_/R\006E\344\037@\210\363\010\336T\226\247'\204_{\261\370""1\235\2445\343\033Y!\212\201\341\272\225'\007\265l7#N\236*T\346\016\255|M\nD8\n\343\313/\214\216\001\224\267\346}/\277\005?\336\013\003""; }; ","ledgerHash: ""a=\225\273\331\354\365*U\363\263N\367b\371\244\314-w\363\262\225Z\200\206\235\233\257?sE\267""; ledgerSeq: 8; type: liBASE; nodes {;   nodedata: ""\000\000\000\010\001cEx]\211\377\330\033@\177e\277\016\010u\327\371&\262\312\317Q\2361t\377x\234\001v\003%\030\325_\225g\204\346\000\000\000\000\000\000\000\000\000\000\000\000\000\000\000\000\000\000\000\000\000\000\000\000\000\000\000\000\000\000\000\0006\207\227F[\243v\371\255c\270\254{\234\371\211\025\226%\351\352\037\264\262\021\311\263k\232\376\007\352/\351\252\264/\351\252\310\n\000""; }; nodes {;   nodedata: ""\323C\344\327\264{\312-\017:\006{\177\344N\002\326bO\260\220\006\033\362\345\005U\221DzJ0\001\301\025%1L\307\t\261\262z\374\222T\301\274V\236\223\262\270Ct\362\337b\356\024*\324\320\351\317\002k\336\234\027v\351\217\260\303\360\233ZPZWr\246$w\313\313\r\243r\232\2234\373\3539:N\004Q\245\272D\312D\300\300\t\323\0257\345e\271\na\215{\226\255x%T\257\037\333\004\344_/R\006E\344\037@\210\363\010\336T\226\247'\204_{\261\370""1\235\2445\343\033Y!\212\201\341\272\225'\007\265l7#N\236*T\346\016\255|M\nD8\n\343\313/\214\216\001\224\267\346}/\277\005?\336\013\003""; }; "
1750527569899,1750527569900,3810,1,1,4,TMGetLedger,"itype: liBASE; ledgerHash: ""4\254\326mU\377?\177Ek\336\030!\316Aa\225\303\022\377{\210Y\226\271as\354L\035\004\341""; requestCookie: 3; queryType: qtINDIRECT; ","itype: liBASE; ledgerHash: ""4\254\326mU\377?\177Ek\336\030!\316Aa\225\303\022\377{\210Y\226\271as\354L\035\004\341""; requestCookie: 3; queryType: qtINDIRECT; "
1750527569943,1750527569943,3810,1,1,4,TMGetLedger,"itype: liBASE; ledgerHash: ""a=\225\273\331\354\365*U\363\263N\367b\371\244\314-w\363\262\225Z\200\206\235\233\257?sE\267""; ledgerSeq: 8; requestCookie: 3; queryType: qtINDIRECT; ","itype: liBASE; ledgerHash: ""a=\225\273\331\354\365*U\363\263N\367b\371\244\314-w\363\262\225Z\200\206\235\233\257?sE\267""; ledgerSeq: 8; requestCookie: 3; queryType: qtINDIRECT; "
1750527569985,1750527569985,3620,1,4,3,TMValidation,"validation: """"\200\000\000\001&\000\000\000\t)/\351\252\317:p\210\265\307-\212\200\004Q4\254\326mU\377?\177Ek\336\030!\316Aa\225\303\022\377{\210Y\226\271as\354L\035\004\341P\027\000\000\000\000\000\000\000\000\000\000\000\000\000\000\000\000\000\000\000\000\000\000\000\000\000\000\000\000\000\000\000\000P\031a=\225\273\331\354\365*U\363\263N\367b\371\244\314-w\363\262\225Z\200\206\235\233\257?sE\267s!\002\364d\217\366\217|\316F\232\231\241\n\261\333`\312O\367\235\025DD\336e\367\n\312\326\221\037\025\230vG0E\002!\000\246\202!\344|Z>\240\315N\270\031\020\362o\362\304U\256l(J\357\303\003u\373\351q\337\310?\002 (\303\030\025\355R\216\342\325\302d\350\021\003\334D\211\030\250::\030\3773\006{i\177B\363l\237""; ","validation: """"\200\000\000\001&\000\000\000\t)/\351\252\317:p\210\265\307-\212\200\004Q4\254\326mU\377?\177Ek\336\030!\316Aa\225\303\022\377{\210Y\226\271as\354L\035\004\341P\027\000\000\000\000\000\000\000\000\000\000\000\000\000\000\000\000\000\000\000\000\000\000\000\000\000\000\000\000\000\000\000\000P\031a=\225\273\331\354\365*U\363\263N\367b\371\244\314-w\363\262\225Z\200\206\235\233\257?sE\267s!\002\364d\217\366\217|\316F\232\231\241\n\261\333`\312O\367\235\025DD\336e\367\n\312\326\221\037\025\230vG0E\002!\000\246\202!\344|Z>\240\315N\270\031\020\362o\362\304U\256l(J\357\303\003u\373\351q\337\310?\002 (\303\030\025\355R\216\342\325\302d\350\021\003\334D\211\030\250::\030\3773\006{i\177B\363l\237""; "
1750527569986,1750527569986,783,1,4,2,TMValidation,"validation: """"\200\000\000\001&\000\000\000\t)/\351\252\317:p\210\265\307-\212\200\004Q4\254\326mU\377?\177Ek\336\030!\316Aa\225\303\022\377{\210Y\226\271as\354L\035\004\341P\027\000\000\000\000\000\000\000\000\000\000\000\000\000\000\000\000\000\000\000\000\000\000\000\000\000\000\000\000\000\000\000\000P\031a=\225\273\331\354\365*U\363\263N\367b\371\244\314-w\363\262\225Z\200\206\235\233\257?sE\267s!\002\364d\217\366\217|\316F\232\231\241\n\261\333`\312O\367\235\025DD\336e\367\n\312\326\221\037\025\230vG0E\002!\000\246\202!\344|Z>\240\315N\270\031\020\362o\362\304U\256l(J\357\303\003u\373\351q\337\310?\002 (\303\030\025\355R\216\342\325\302d\350\021\003\334D\211\030\250::\030\3773\006{i\177B\363l\237""; ","validation: """"\200\000\000\001&\000\000\000\t)/\351\252\317:p\210\265\307-\212\200\004Q4\254\326mU\377?\177Ek\336\030!\316Aa\225\303\022\377{\210Y\226\271as\354L\035\004\341P\027\000\000\000\000\000\000\000\000\000\000\000\000\000\000\000\000\000\000\000\000\000\000\000\000\000\000\000\000\000\000\000\000P\031a=\225\273\331\354\365*U\363\263N\367b\371\244\314-w\363\262\225Z\200\206\235\233\257?sE\267s!\002\364d\217\366\217|\316F\232\231\241\n\261\333`\312O\367\235\025DD\336e\367\n\312\326\221\037\025\230vG0E\002!\000\246\202!\344|Z>\240\315N\270\031\020\362o\362\304U\256l(J\357\303\003u\373\351q\337\310?\002 (\303\030\025\355R\216\342\325\302d\350\021\003\334D\211\030\250::\030\3773\006{i\177B\363l\237""; "
1750527569987,1750527569987,3803,1,4,1,TMValidation,"validation: """"\200\000\000\001&\000\000\000\t)/\351\252\317:p\210\265\307-\212\200\004Q4\254\326mU\377?\177Ek\336\030!\316Aa\225\303\022\377{\210Y\226\271as\354L\035\004\341P\027\000\000\000\000\000\000\000\000\000\000\000\000\000\000\000\000\000\000\000\000\000\000\000\000\000\000\000\000\000\000\000\000P\031a=\225\273\331\354\365*U\363\263N\367b\371\244\314-w\363\262\225Z\200\206\235\233\257?sE\267s!\002\364d\217\366\217|\316F\232\231\241\n\261\333`\312O\367\235\025DD\336e\367\n\312\326\221\037\025\230vG0E\002!\000\246\202!\344|Z>\240\315N\270\031\020\362o\362\304U\256l(J\357\303\003u\373\351q\337\310?\002 (\303\030\025\355R\216\342\325\302d\350\021\003\334D\211\030\250::\030\3773\006{i\177B\363l\237""; ","validation: """"\200\000\000\001&\000\000\000\t)/\351\252\317:p\210\265\307-\212\200\004Q4\254\326mU\377?\177Ek\336\030!\316Aa\225\303\022\377{\210Y\226\271as\354L\035\004\341P\027\000\000\000\000\000\000\000\000\000\000\000\000\000\000\000\000\000\000\000\000\000\000\000\000\000\000\000\000\000\000\000\000P\031a=\225\273\331\354\365*U\363\263N\367b\371\244\314-w\363\262\225Z\200\206\235\233\257?sE\267s!\002\364d\217\366\217|\316F\232\231\241\n\261\333`\312O\367\235\025DD\336e\367\n\312\326\221\037\025\230vG0E\002!\000\246\202!\344|Z>\240\315N\270\031\020\362o\362\304U\256l(J\357\303\003u\373\351q\337\310?\002 (\303\030\025\355R\216\342\325\302d\350\021\003\334D\211\030\250::\030\3773\006{i\177B\363l\237""; "
1750527570036,1750527570036,3378,1,4,0,TMLedgerData,"ledgerHash: ""a=\225\273\331\354\365*U\363\263N\367b\371\244\314-w\363\262\225Z\200\206\235\233\257?sE\267""; ledgerSeq: 8; type: liAS_NODE; nodes {;   nodedata: ""\021\000h""\000\000\000\000 \033\000\000\000\007\002\023\301?\330\356GuH\375\327!\255\371\r\231\262R\256J\034\222\241\355X\265E\241^W\225\304\014\361CX-}\351f\032\255\274\334m\326c\017\014ao[\342\230\003\245\245\3341Hm\326^\017jy\335\261\032Yt\320\244{g\0306\\302\303*\341\215\223\257\364\277o\375\000r\241SOq\221\253\262\005\017\375T\356\014\360o'\030\311-\267\031\257!\031T\006><\315XM\334\324\345\034\000\325\367\240\271\013\265\024\321\362\354\211\250.\234s\225amc\305\035\366\276\037nD\277`\210\223N\3535\033\261\304f\331]\036\237\306o!\223\221\002\324\031\262\240R\177 ,\214\325\Q])\016\2067\277\t\354\010\000\360\215\2502\265\245\310\226\243c\302Ze\306\253#r\020\211\320iG\276\020E\317\035Sf\223F\254\033@\177e\277\016\010u\327\371&\262\312\317Q\2361t\377x\234\001v\003%\030\325_\225g\204\346\264\227\2326\315\307\363\323\325\303\032N\256*\307\327 \235\332\207u\210\271\257\306g\231i*\260\326k\001"";   nodeid: ""\260\000\000\000\000\000\000\000\000\000\000\000\000\000\000\000\000\000\000\000\000\000\000\000\000\000\000\000\000\000\000\000\001""; }; ","ledgerHash: ""a=\225\273\331\354\365*U\363\263N\367b\371\244\314-w\363\262\225Z\200\206\235\233\257?sE\267""; ledgerSeq: 8; type: liAS_NODE; nodes {;   nodedata: ""\021\000h""\000\000\000\000 \033\000\000\000\007\002\023\301?\330\356GuH\375\327!\255\371\r\231\262R\256J\034\222\241\355X\265E\241^W\225\304\014\361CX-}\351f\032\255\274\334m\326c\017\014ao[\342\230\003\245\245\3341Hm\326^\017jy\335\261\032Yt\320\244{g\0306\\302\303*\341\215\223\257\364\277o\375\000r\241SOq\221\253\262\005\017\375T\356\014\360o'\030\311-\267\031\257!\031T\006><\315XM\334\324\345\034\000\325\367\240\271\013\265\024\321\362\354\211\250.\234s\225amc\305\035\366\276\037nD\277`\210\223N\3535\033\261\304f\331]\036\237\306o!\223\221\002\324\031\262\240R\177 ,\214\325\Q])\016\2067\277\t\354\010\000\360\215\2502\265\245\310\226\243c\302Ze\306\253#r\020\211\320iG\276\020E\317\035Sf\223F\254\033@\177e\277\016\010u\327\371&\262\312\317Q\2361t\377x\234\001v\003%\030\325_\225g\204\346\264\227\2326\315\307\363\323\325\303\032N\256*\307\327 \235\332\207u\210\271\257\306g\231i*\260\326k\001"";   nodeid: ""\260\000\000\000\000\000\000\000\000\000\000\000\000\000\000\000\000\000\000\000\000\000\000\000\000\000\000\000\000\000\000\000\001""; }; "
1750527570093,1750527570093,3719,1,2,4,TMGetLedger,"itype: liBASE; ledgerHash: ""a=\225\273\331\354\365*U\363\263N\367b\371\244\314-w\363\262\225Z\200\206\235\233\257?sE\267""; ledgerSeq: 8; requestCookie: 2; queryType: qtINDIRECT; ","itype: liBASE; ledgerHash: ""a=\225\273\331\354\365*U\363\263N\367b\371\244\314-w\363\262\225Z\200\206\235\233\257?sE\267""; ledgerSeq: 8; requestCookie: 2; queryType: qtINDIRECT; "
1750527570283,1750527570283,4000,1,2,3,TMGetLedger,"itype: liBASE; ledgerHash: ""a=\225\273\331\354\365*U\363\263N\367b\371\244\314-w\363\262\225Z\200\206\235\233\257?sE\267""; ledgerSeq: 8; requestCookie: 3; queryType: qtINDIRECT; ","itype: liBASE; ledgerHash: ""a=\225\273\331\354\365*U\363\263N\367b\371\244\314-w\363\262\225Z\200\206\235\233\257?sE\267""; ledgerSeq: 8; requestCookie: 3; queryType: qtINDIRECT; "
1750527570423,1750527570424,3125,1,3,2,TMValidation,"validation: """"\200\000\000\001&\000\000\000\n)/\351\252\322:p\210\265\307-\212\200\004Q\361\035\301\024\220m#*\372\032\3178~\374\250\014*\323\342'z69\220\327\256\351G\367\317u\302P\027\000\000\000\000\000\000\000\000\000\000\000\000\000\000\000\000\000\000\000\000\000\000\000\000\000\000\000\000\000\000\000\000P\0314\254\326mU\377?\177Ek\336\030!\316Aa\225\303\022\377{\210Y\226\271as\354L\035\004\341s!\002\364d\217\366\217|\316F\232\231\241\n\261\333`\312O\367\235\025DD\336e\367\n\312\326\221\037\025\230vF0D\002 ~\342i\341[\346n\277\251\001\261\317\244%:\001'\256kP#6\256c#\360\377\362\251\325aZ\002 J\200f\274U6\004\205\000\322S\007B\263\030bd\267\317\230q\2660\\336f(\345\3551\035]""; ","validation: """"\200\000\000\001&\000\000\000\n)/\351\252\322:p\210\265\307-\212\200\004Q\361\035\301\024\220m#*\372\032\3178~\374\250\014*\323\342'z69\220\327\256\351G\367\317u\302P\027\000\000\000\000\000\000\000\000\000\000\000\000\000\000\000\000\000\000\000\000\000\000\000\000\000\000\000\000\000\000\000\000P\0314\254\326mU\377?\177Ek\336\030!\316Aa\225\303\022\377{\210Y\226\271as\354L\035\004\341s!\002\364d\217\366\217|\316F\232\231\241\n\261\333`\312O\367\235\025DD\336e\367\n\312\326\221\037\025\230vF0D\002 ~\342i\341[\346n\277\251\001\261\317\244%:\001'\256kP#6\256c#\360\377\362\251\325aZ\002 J\200f\274U6\004\205\000\322S\007B\263\030bd\267\317\230q\2660\\336f(\345\3551\035]""; "
1750527570424,1750527570424,598,1,3,4,TMStatusChange,"newEvent: neACCEPTED_LEDGER; ledgerSeq: 10; ledgerHash: ""\361\035\301\024\220m#*\372\032\3178~\374\250\014*\323\342'z69\220\327\256\351G\367\317u\302""; ledgerHashPrevious: ""4\254\326mU\377?\177Ek\336\030!\316Aa\225\303\022\377{\210Y\226\271as\354L\035\004\341""; networkTime: 803842770; firstSeq: 1; lastSeq: 9; ","newEvent: neACCEPTED_LEDGER; ledgerSeq: 10; ledgerHash: ""\361\035\301\024\220m#*\372\032\3178~\374\250\014*\323\342'z69\220\327\256\351G\367\317u\302""; ledgerHashPrevious: ""4\254\326mU\377?\177Ek\336\030!\316Aa\225\303\022\377{\210Y\226\271as\354L\035\004\341""; networkTime: 803842770; firstSeq: 1; lastSeq: 9; "
1750527570425,1750527570425,3432,1,3,2,TMStatusChange,"newEvent: neACCEPTED_LEDGER; ledgerSeq: 10; ledgerHash: ""\361\035\301\024\220m#*\372\032\3178~\374\250\014*\323\342'z69\220\327\256\351G\367\317u\302""; ledgerHashPrevious: ""4\254\326mU\377?\177Ek\336\030!\316Aa\225\303\022\377{\210Y\226\271as\354L\035\004\341""; networkTime: 803842770; firstSeq: 1; lastSeq: 9; ","newEvent: neACCEPTED_LEDGER; ledgerSeq: 10; ledgerHash: ""\361\035\301\024\220m#*\372\032\3178~\374\250\014*\323\342'z69\220\327\256\351G\367\317u\302""; ledgerHashPrevious: ""4\254\326mU\377?\177Ek\336\030!\316Aa\225\303\022\377{\210Y\226\271as\354L\035\004\341""; networkTime: 803842770; firstSeq: 1; lastSeq: 9; "
1750527570426,1750527570426,1571,1,3,1,TMStatusChange,"newEvent: neACCEPTED_LEDGER; ledgerSeq: 10; ledgerHash: ""\361\035\301\024\220m#*\372\032\3178~\374\250\014*\323\342'z69\220\327\256\351G\367\317u\302""; ledgerHashPrevious: ""4\254\326mU\377?\177Ek\336\030!\316Aa\225\303\022\377{\210Y\226\271as\354L\035\004\341""; networkTime: 803842770; firstSeq: 1; lastSeq: 9; ","newEvent: neACCEPTED_LEDGER; ledgerSeq: 10; ledgerHash: ""\361\035\301\024\220m#*\372\032\3178~\374\250\014*\323\342'z69\220\327\256\351G\367\317u\302""; ledgerHashPrevious: ""4\254\326mU\377?\177Ek\336\030!\316Aa\225\303\022\377{\210Y\226\271as\354L\035\004\341""; networkTime: 803842770; firstSeq: 1; lastSeq: 9; "
1750527570426,1750527570426,3736,1,3,4,TMValidation,"validation: """"\200\000\000\001&\000\000\000\n)/\351\252\322:p\210\265\307-\212\200\004Q\361\035\301\024\220m#*\372\032\3178~\374\250\014*\323\342'z69\220\327\256\351G\367\317u\302P\027\000\000\000\000\000\000\000\000\000\000\000\000\000\000\000\000\000\000\000\000\000\000\000\000\000\000\000\000\000\000\000\000P\0314\254\326mU\377?\177Ek\336\030!\316Aa\225\303\022\377{\210Y\226\271as\354L\035\004\341s!\002\364d\217\366\217|\316F\232\231\241\n\261\333`\312O\367\235\025DD\336e\367\n\312\326\221\037\025\230vF0D\002 ~\342i\341[\346n\277\251\001\261\317\244%:\001'\256kP#6\256c#\360\377\362\251\325aZ\002 J\200f\274U6\004\205\000\322S\007B\263\030bd\267\317\230q\2660\\336f(\345\3551\035]""; ","validation: """"\200\000\000\001&\000\000\000\n)/\351\252\322:p\210\265\307-\212\200\004Q\361\035\301\024\220m#*\372\032\3178~\374\250\014*\323\342'z69\220\327\256\351G\367\317u\302P\027\000\000\000\000\000\000\000\000\000\000\000\000\000\000\000\000\000\000\000\000\000\000\000\000\000\000\000\000\000\000\000\000P\0314\254\326mU\377?\177Ek\336\030!\316Aa\225\303\022\377{\210Y\226\271as\354L\035\004\341s!\002\364d\217\366\217|\316F\232\231\241\n\261\333`\312O\367\235\025DD\336e\367\n\312\326\221\037\025\230vF0D\002 ~\342i\341[\346n\277\251\001\261\317\244%:\001'\256kP#6\256c#\360\377\362\251\325aZ\002 J\200f\274U6\004\205\000\322S\007B\263\030bd\267\317\230q\2660\\336f(\345\3551\035]""; "
1750527570426,1750527570427,3459,1,3,1,TMValidation,"validation: """"\200\000\000\001&\000\000\000\n)/\351\252\322:p\210\265\307-\212\200\004Q\361\035\301\024\220m#*\372\032\3178~\374\250\014*\323\342'z69\220\327\256\351G\367\317u\302P\027\000\000\000\000\000\000\000\000\000\000\000\000\000\000\000\000\000\000\000\000\000\000\000\000\000\000\000\000\000\000\000\000P\0314\254\326mU\377?\177Ek\336\030!\316Aa\225\303\022\377{\210Y\226\271as\354L\035\004\341s!\002\364d\217\366\217|\316F\232\231\241\n\261\333`\312O\367\235\025DD\336e\367\n\312\326\221\037\025\230vF0D\002 ~\342i\341[\346n\277\251\001\261\317\244%:\001'\256kP#6\256c#\360\377\362\251\325aZ\002 J\200f\274U6\004\205\000\322S\007B\263\030bd\267\317\230q\2660\\336f(\345\3551\035]""; ","validation: """"\200\000\000\001&\000\000\000\n)/\351\252\322:p\210\265\307-\212\200\004Q\361\035\301\024\220m#*\372\032\3178~\374\250\014*\323\342'z69\220\327\256\351G\367\317u\302P\027\000\000\000\000\000\000\000\000\000\000\000\000\000\000\000\000\000\000\000\000\000\000\000\000\000\000\000\000\000\000\000\000P\0314\254\326mU\377?\177Ek\336\030!\316Aa\225\303\022\377{\210Y\226\271as\354L\035\004\341s!\002\364d\217\366\217|\316F\232\231\241\n\261\333`\312O\367\235\025DD\336e\367\n\312\326\221\037\025\230vF0D\002 ~\342i\341[\346n\277\251\001\261\317\244%:\001'\256kP#6\256c#\360\377\362\251\325aZ\002 J\200f\274U6\004\205\000\322S\007B\263\030bd\267\317\230q\2660\\336f(\345\3551\035]""; "
1750527570427,1750527570427,3991,1,3,0,TMStatusChange,"newEvent: neACCEPTED_LEDGER; ledgerSeq: 10; ledgerHash: ""\361\035\301\024\220m#*\372\032\3178~\374\250\014*\323\342'z69\220\327\256\351G\367\317u\302""; ledgerHashPrevious: ""4\254\326mU\377?\177Ek\336\030!\316Aa\225\303\022\377{\210Y\226\271as\354L\035\004\341""; networkTime: 803842770; firstSeq: 1; lastSeq: 9; ","newEvent: neACCEPTED_LEDGER; ledgerSeq: 10; ledgerHash: ""\361\035\301\024\220m#*\372\032\3178~\374\250\014*\323\342'z69\220\327\256\351G\367\317u\302""; ledgerHashPrevious: ""4\254\326mU\377?\177Ek\336\030!\316Aa\225\303\022\377{\210Y\226\271as\354L\035\004\341""; networkTime: 803842770; firstSeq: 1; lastSeq: 9; "
1750527570428,1750527570428,1777,1,3,0,TMValidation,"validation: """"\200\000\000\001&\000\000\000\n)/\351\252\322:p\210\265\307-\212\200\004Q\361\035\301\024\220m#*\372\032\3178~\374\250\014*\323\342'z69\220\327\256\351G\367\317u\302P\027\000\000\000\000\000\000\000\000\000\000\000\000\000\000\000\000\000\000\000\000\000\000\000\000\000\000\000\000\000\000\000\000P\0314\254\326mU\377?\177Ek\336\030!\316Aa\225\303\022\377{\210Y\226\271as\354L\035\004\341s!\002\364d\217\366\217|\316F\232\231\241\n\261\333`\312O\367\235\025DD\336e\367\n\312\326\221\037\025\230vF0D\002 ~\342i\341[\346n\277\251\001\261\317\244%:\001'\256kP#6\256c#\360\377\362\251\325aZ\002 J\200f\274U6\004\205\000\322S\007B\263\030bd\267\317\230q\2660\\336f(\345\3551\035]""; ","validation: """"\200\000\000\001&\000\000\000\n)/\351\252\322:p\210\265\307-\212\200\004Q\361\035\301\024\220m#*\372\032\3178~\374\250\014*\323\342'z69\220\327\256\351G\367\317u\302P\027\000\000\000\000\000\000\000\000\000\000\000\000\000\000\000\000\000\000\000\000\000\000\000\000\000\000\000\000\000\000\000\000P\0314\254\326mU\377?\177Ek\336\030!\316Aa\225\303\022\377{\210Y\226\271as\354L\035\004\341s!\002\364d\217\366\217|\316F\232\231\241\n\261\333`\312O\367\235\025DD\336e\367\n\312\326\221\037\025\230vF0D\002 ~\342i\341[\346n\277\251\001\261\317\244%:\001'\256kP#6\256c#\360\377\362\251\325aZ\002 J\200f\274U6\004\205\000\322S\007B\263\030bd\267\317\230q\2660\\336f(\345\3551\035]""; "
1750527570550,1750527570550,3128,1,2,4,TMValidation,"validation: """"\200\000\000\001&\000\000\000\t)/\351\252\317:p\210\265\307-\212\200\004Q4\254\326mU\377?\177Ek\336\030!\316Aa\225\303\022\377{\210Y\226\271as\354L\035\004\341P\027\000\000\000\000\000\000\000\000\000\000\000\000\000\000\000\000\000\000\000\000\000\000\000\000\000\000\000\000\000\000\000\000P\031a=\225\273\331\354\365*U\363\263N\367b\371\244\314-w\363\262\225Z\200\206\235\233\257?sE\267s!\002\364d\217\366\217|\316F\232\231\241\n\261\333`\312O\367\235\025DD\336e\367\n\312\326\221\037\025\230vG0E\002!\000\246\202!\344|Z>\240\315N\270\031\020\362o\362\304U\256l(J\357\303\003u\373\351q\337\310?\002 (\303\030\025\355R\216\342\325\302d\350\021\003\334D\211\030\250::\030\3773\006{i\177B\363l\237""; ","validation: """"\200\000\000\001&\000\000\000\t)/\351\252\317:p\210\265\307-\212\200\004Q4\254\326mU\377?\177Ek\336\030!\316Aa\225\303\022\377{\210Y\226\271as\354L\035\004\341P\027\000\000\000\000\000\000\000\000\000\000\000\000\000\000\000\000\000\000\000\000\000\000\000\000\000\000\000\000\000\000\000\000P\031a=\225\273\331\354\365*U\363\263N\367b\371\244\314-w\363\262\225Z\200\206\235\233\257?sE\267s!\002\364d\217\366\217|\316F\232\231\241\n\261\333`\312O\367\235\025DD\336e\367\n\312\326\221\037\025\230vG0E\002!\000\246\202!\344|Z>\240\315N\270\031\020\362o\362\304U\256l(J\357\303\003u\373\351q\337\310?\002 (\303\030\025\355R\216\342\325\302d\350\021\003\334D\211\030\250::\030\3773\006{i\177B\363l\237""; "
1750527570550,1750527570551,446,1,2,0,TMValidation,"validation: """"\200\000\000\001&\000\000\000\t)/\351\252\317:p\210\265\307-\212\200\004Q4\254\326mU\377?\177Ek\336\030!\316Aa\225\303\022\377{\210Y\226\271as\354L\035\004\341P\027\000\000\000\000\000\000\000\000\000\000\000\000\000\000\000\000\000\000\000\000\000\000\000\000\000\000\000\000\000\000\000\000P\031a=\225\273\331\354\365*U\363\263N\367b\371\244\314-w\363\262\225Z\200\206\235\233\257?sE\267s!\002\364d\217\366\217|\316F\232\231\241\n\261\333`\312O\367\235\025DD\336e\367\n\312\326\221\037\025\230vG0E\002!\000\246\202!\344|Z>\240\315N\270\031\020\362o\362\304U\256l(J\357\303\003u\373\351q\337\310?\002 (\303\030\025\355R\216\342\325\302d\350\021\003\334D\211\030\250::\030\3773\006{i\177B\363l\237""; ","validation: """"\200\000\000\001&\000\000\000\t)/\351\252\317:p\210\265\307-\212\200\004Q4\254\326mU\377?\177Ek\336\030!\316Aa\225\303\022\377{\210Y\226\271as\354L\035\004\341P\027\000\000\000\000\000\000\000\000\000\000\000\000\000\000\000\000\000\000\000\000\000\000\000\000\000\000\000\000\000\000\000\000P\031a=\225\273\331\354\365*U\363\263N\367b\371\244\314-w\363\262\225Z\200\206\235\233\257?sE\267s!\002\364d\217\366\217|\316F\232\231\241\n\261\333`\312O\367\235\025DD\336e\367\n\312\326\221\037\025\230vG0E\002!\000\246\202!\344|Z>\240\315N\270\031\020\362o\362\304U\256l(J\357\303\003u\373\351q\337\310?\002 (\303\030\025\355R\216\342\325\302d\350\021\003\334D\211\030\250::\030\3773\006{i\177B\363l\237""; "
1750527570551,1750527570551,340,1,2,1,TMValidation,"validation: """"\200\000\000\001&\000\000\000\t)/\351\252\317:p\210\265\307-\212\200\004Q4\254\326mU\377?\177Ek\336\030!\316Aa\225\303\022\377{\210Y\226\271as\354L\035\004\341P\027\000\000\000\000\000\000\000\000\000\000\000\000\000\000\000\000\000\000\000\000\000\000\000\000\000\000\000\000\000\000\000\000P\031a=\225\273\331\354\365*U\363\263N\367b\371\244\314-w\363\262\225Z\200\206\235\233\257?sE\267s!\002\364d\217\366\217|\316F\232\231\241\n\261\333`\312O\367\235\025DD\336e\367\n\312\326\221\037\025\230vG0E\002!\000\246\202!\344|Z>\240\315N\270\031\020\362o\362\304U\256l(J\357\303\003u\373\351q\337\310?\002 (\303\030\025\355R\216\342\325\302d\350\021\003\334D\211\030\250::\030\3773\006{i\177B\363l\237""; ","validation: """"\200\000\000\001&\000\000\000\t)/\351\252\317:p\210\265\307-\212\200\004Q4\254\326mU\377?\177Ek\336\030!\316Aa\225\303\022\377{\210Y\226\271as\354L\035\004\341P\027\000\000\000\000\000\000\000\000\000\000\000\000\000\000\000\000\000\000\000\000\000\000\000\000\000\000\000\000\000\000\000\000P\031a=\225\273\331\354\365*U\363\263N\367b\371\244\314-w\363\262\225Z\200\206\235\233\257?sE\267s!\002\364d\217\366\217|\316F\232\231\241\n\261\333`\312O\367\235\025DD\336e\367\n\312\326\221\037\025\230vG0E\002!\000\246\202!\344|Z>\240\315N\270\031\020\362o\362\304U\256l(J\357\303\003u\373\351q\337\310?\002 (\303\030\025\355R\216\342\325\302d\350\021\003\334D\211\030\250::\030\3773\006{i\177B\363l\237""; "
1750527570569,1750527570569,3346,1,4,2,TMStatusChange,"newEvent: neACCEPTED_LEDGER; ledgerSeq: 10; ledgerHash: ""\361\035\301\024\220m#*\372\032\3178~\374\250\014*\323\342'z69\220\327\256\351G\367\317u\302""; ledgerHashPrevious: ""4\254\326mU\377?\177Ek\336\030!\316Aa\225\303\022\377{\210Y\226\271as\354L\035\004\341""; networkTime: 803842770; firstSeq: 1; lastSeq: 9; ","newEvent: neACCEPTED_LEDGER; ledgerSeq: 10; ledgerHash: ""\361\035\301\024\220m#*\372\032\3178~\374\250\014*\323\342'z69\220\327\256\351G\367\317u\302""; ledgerHashPrevious: ""4\254\326mU\377?\177Ek\336\030!\316Aa\225\303\022\377{\210Y\226\271as\354L\035\004\341""; networkTime: 803842770; firstSeq: 1; lastSeq: 9; "
1750527570569,1750527570569,783,1,4,2,TMValidation,"validation: """"\200\000\000\001&\000\000\000\n)/\351\252\322:\r\302\353\023?\373\240rQ\361\035\301\024\220m#*\372\032\3178~\374\250\014*\323\342'z69\220\327\256\351G\367\317u\302P\027\000\000\000\000\000\000\000\000\000\000\000\000\000\000\000\000\000\000\000\000\000\000\000\000\000\000\000\000\000\000\000\000P\0314\254\326mU\377?\177Ek\336\030!\316Aa\225\303\022\377{\210Y\226\271as\354L\035\004\341s!\003R7o\362bV\300hf\266\241;}\200^\374\240\203[:\342Q\225\221\027y\372\255\235\216\323~vF0D\002 zW\251\000\345kU|\027\256g\210Y\327\263!_\026\250mvHc\302\250\210\244PY}\031\220\002 r\332\335aq\207\016\260[2\013\274O^s\316\021f\001\000\235\327\211q\005\324\267\217\232\261\271^""; ","validation: """"\200\000\000\001&\000\000\000\n)/\351\252\322:\r\302\353\023?\373\240rQ\361\035\301\024\220m#*\372\032\3178~\374\250\014*\323\342'z69\220\327\256\351G\367\317u\302P\027\000\000\000\000\000\000\000\000\000\000\000\000\000\000\000\000\000\000\000\000\000\000\000\000\000\000\000\000\000\000\000\000P\0314\254\326mU\377?\177Ek\336\030!\316Aa\225\303\022\377{\210Y\226\271as\354L\035\004\341s!\003R7o\362bV\300hf\266\241;}\200^\374\240\203[:\342Q\225\221\027y\372\255\235\216\323~vF0D\002 zW\251\000\345kU|\027\256g\210Y\327\263!_\026\250mvHc\302\250\210\244PY}\031\220\002 r\332\335aq\207\016\260[2\013\274O^s\316\021f\001\000\235\327\211q\005\324\267\217\232\261\271^""; "
1750527570570,1750527570570,3403,1,4,3,TMStatusChange,"newEvent: neACCEPTED_LEDGER; ledgerSeq: 10; ledgerHash: ""\361\035\301\024\220m#*\372\032\3178~\374\250\014*\323\342'z69\220\327\256\351G\367\317u\302""; ledgerHashPrevious: ""4\254\326mU\377?\177Ek\336\030!\316Aa\225\303\022\377{\210Y\226\271as\354L\035\004\341""; networkTime: 803842770; firstSeq: 1; lastSeq: 9; ","newEvent: neACCEPTED_LEDGER; ledgerSeq: 10; ledgerHash: ""\361\035\301\024\220m#*\372\032\3178~\374\250\014*\323\342'z69\220\327\256\351G\367\317u\302""; ledgerHashPrevious: ""4\254\326mU\377?\177Ek\336\030!\316Aa\225\303\022\377{\210Y\226\271as\354L\035\004\341""; networkTime: 803842770; firstSeq: 1; lastSeq: 9; "
1750527570570,1750527570570,1740,1,4,0,TMValidation,"validation: """"\200\000\000\001&\000\000\000\n)/\351\252\322:\r\302\353\023?\373\240rQ\361\035\301\024\220m#*\372\032\3178~\374\250\014*\323\342'z69\220\327\256\351G\367\317u\302P\027\000\000\000\000\000\000\000\000\000\000\000\000\000\000\000\000\000\000\000\000\000\000\000\000\000\000\000\000\000\000\000\000P\0314\254\326mU\377?\177Ek\336\030!\316Aa\225\303\022\377{\210Y\226\271as\354L\035\004\341s!\003R7o\362bV\300hf\266\241;}\200^\374\240\203[:\342Q\225\221\027y\372\255\235\216\323~vF0D\002 zW\251\000\345kU|\027\256g\210Y\327\263!_\026\250mvHc\302\250\210\244PY}\031\220\002 r\332\335aq\207\016\260[2\013\274O^s\316\021f\001\000\235\327\211q\005\324\267\217\232\261\271^""; ","validation: """"\200\000\000\001&\000\000\000\n)/\351\252\322:\r\302\353\023?\373\240rQ\361\035\301\024\220m#*\372\032\3178~\374\250\014*\323\342'z69\220\327\256\351G\367\317u\302P\027\000\000\000\000\000\000\000\000\000\000\000\000\000\000\000\000\000\000\000\000\000\000\000\000\000\000\000\000\000\000\000\000P\0314\254\326mU\377?\177Ek\336\030!\316Aa\225\303\022\377{\210Y\226\271as\354L\035\004\341s!\003R7o\362bV\300hf\266\241;}\200^\374\240\203[:\342Q\225\221\027y\372\255\235\216\323~vF0D\002 zW\251\000\345kU|\027\256g\210Y\327\263!_\026\250mvHc\302\250\210\244PY}\031\220\002 r\332\335aq\207\016\260[2\013\274O^s\316\021f\001\000\235\327\211q\005\324\267\217\232\261\271^""; "
1750527570570,1750527570571,3620,1,4,3,TMValidation,"validation: """"\200\000\000\001&\000\000\000\n)/\351\252\322:\r\302\353\023?\373\240rQ\361\035\301\024\220m#*\372\032\3178~\374\250\014*\323\342'z69\220\327\256\351G\367\317u\302P\027\000\000\000\000\000\000\000\000\000\000\000\000\000\000\000\000\000\000\000\000\000\000\000\000\000\000\000\000\000\000\000\000P\0314\254\326mU\377?\177Ek\336\030!\316Aa\225\303\022\377{\210Y\226\271as\354L\035\004\341s!\003R7o\362bV\300hf\266\241;}\200^\374\240\203[:\342Q\225\221\027y\372\255\235\216\323~vF0D\002 zW\251\000\345kU|\027\256g\210Y\327\263!_\026\250mvHc\302\250\210\244PY}\031\220\002 r\332\335aq\207\016\260[2\013\274O^s\316\021f\001\000\235\327\211q\005\324\267\217\232\261\271^""; ","validation: """"\200\000\000\001&\000\000\000\n)/\351\252\322:\r\302\353\023?\373\240rQ\361\035\301\024\220m#*\372\032\3178~\374\250\014*\323\342'z69\220\327\256\351G\367\317u\302P\027\000\000\000\000\000\000\000\000\000\000\000\000\000\000\000\000\000\000\000\000\000\000\000\000\000\000\000\000\000\000\000\000P\0314\254\326mU\377?\177Ek\336\030!\316Aa\225\303\022\377{\210Y\226\271as\354L\035\004\341s!\003R7o\362bV\300hf\266\241;}\200^\374\240\203[:\342Q\225\221\027y\372\255\235\216\323~vF0D\002 zW\251\000\345kU|\027\256g\210Y\327\263!_\026\250mvHc\302\250\210\244PY}\031\220\002 r\332\335aq\207\016\260[2\013\274O^s\316\021f\001\000\235\327\211q\005\324\267\217\232\261\271^""; "
1750527570572,1750527570572,803,1,4,1,TMStatusChange,"newEvent: neACCEPTED_LEDGER; ledgerSeq: 10; ledgerHash: ""\361\035\301\024\220m#*\372\032\3178~\374\250\014*\323\342'z69\220\327\256\351G\367\317u\302""; ledgerHashPrevious: ""4\254\326mU\377?\177Ek\336\030!\316Aa\225\303\022\377{\210Y\226\271as\354L\035\004\341""; networkTime: 803842770; firstSeq: 1; lastSeq: 9; ","newEvent: neACCEPTED_LEDGER; ledgerSeq: 10; ledgerHash: ""\361\035\301\024\220m#*\372\032\3178~\374\250\014*\323\342'z69\220\327\256\351G\367\317u\302""; ledgerHashPrevious: ""4\254\326mU\377?\177Ek\336\030!\316Aa\225\303\022\377{\210Y\226\271as\354L\035\004\341""; networkTime: 803842770; firstSeq: 1; lastSeq: 9; "
1750527570572,1750527570572,3803,1,4,1,TMValidation,"validation: """"\200\000\000\001&\000\000\000\n)/\351\252\322:\r\302\353\023?\373\240rQ\361\035\301\024\220m#*\372\032\3178~\374\250\014*\323\342'z69\220\327\256\351G\367\317u\302P\027\000\000\000\000\000\000\000\000\000\000\000\000\000\000\000\000\000\000\000\000\000\000\000\000\000\000\000\000\000\000\000\000P\0314\254\326mU\377?\177Ek\336\030!\316Aa\225\303\022\377{\210Y\226\271as\354L\035\004\341s!\003R7o\362bV\300hf\266\241;}\200^\374\240\203[:\342Q\225\221\027y\372\255\235\216\323~vF0D\002 zW\251\000\345kU|\027\256g\210Y\327\263!_\026\250mvHc\302\250\210\244PY}\031\220\002 r\332\335aq\207\016\260[2\013\274O^s\316\021f\001\000\235\327\211q\005\324\267\217\232\261\271^""; ","validation: """"\200\000\000\001&\000\000\000\n)/\351\252\322:\r\302\353\023?\373\240rQ\361\035\301\024\220m#*\372\032\3178~\374\250\014*\323\342'z69\220\327\256\351G\367\317u\302P\027\000\000\000\000\000\000\000\000\000\000\000\000\000\000\000\000\000\000\000\000\000\000\000\000\000\000\000\000\000\000\000\000P\0314\254\326mU\377?\177Ek\336\030!\316Aa\225\303\022\377{\210Y\226\271as\354L\035\004\341s!\003R7o\362bV\300hf\266\241;}\200^\374\240\203[:\342Q\225\221\027y\372\255\235\216\323~vF0D\002 zW\251\000\345kU|\027\256g\210Y\327\263!_\026\250mvHc\302\250\210\244PY}\031\220\002 r\332\335aq\207\016\260[2\013\274O^s\316\021f\001\000\235\327\211q\005\324\267\217\232\261\271^""; "
1750527570572,1750527570572,832,1,4,0,TMStatusChange,"newEvent: neACCEPTED_LEDGER; ledgerSeq: 10; ledgerHash: ""\361\035\301\024\220m#*\372\032\3178~\374\250\014*\323\342'z69\220\327\256\351G\367\317u\302""; ledgerHashPrevious: ""4\254\326mU\377?\177Ek\336\030!\316Aa\225\303\022\377{\210Y\226\271as\354L\035\004\341""; networkTime: 803842770; firstSeq: 1; lastSeq: 9; ","newEvent: neACCEPTED_LEDGER; ledgerSeq: 10; ledgerHash: ""\361\035\301\024\220m#*\372\032\3178~\374\250\014*\323\342'z69\220\327\256\351G\367\317u\302""; ledgerHashPrevious: ""4\254\326mU\377?\177Ek\336\030!\316Aa\225\303\022\377{\210Y\226\271as\354L\035\004\341""; networkTime: 803842770; firstSeq: 1; lastSeq: 9; "
1750527570657,1750527570657,3719,1,2,4,TMGetLedger,"itype: liAS_NODE; ledgerHash: ""a=\225\273\331\354\365*U\363\263N\367b\371\244\314-w\363\262\225Z\200\206\235\233\257?sE\267""; ledgerSeq: 8; nodeIDs: ""\260\000\000\000\000\000\000\000\000\000\000\000\000\000\000\000\000\000\000\000\000\000\000\000\000\000\000\000\000\000\000\000\001""; queryType: qtINDIRECT; queryDepth: 1; ","itype: liAS_NODE; ledgerHash: ""a=\225\273\331\354\365*U\363\263N\367b\371\244\314-w\363\262\225Z\200\206\235\233\257?sE\267""; ledgerSeq: 8; nodeIDs: ""\260\000\000\000\000\000\000\000\000\000\000\000\000\000\000\000\000\000\000\000\000\000\000\000\000\000\000\000\000\000\000\000\001""; queryType: qtINDIRECT; queryDepth: 1; "
1750527570660,1750527570660,438,1,1,4,TMProposeSet,"proposeSeq: 1; currentTxHash: ""\000\000\000\000\000\000\000\000\000\000\000\000\000\000\000\000\000\000\000\000\000\000\000\000\000\000\000\000\000\000\000\000""; nodePubKey: ""\002\266\377\271\344:\030\221i\267\257\215\237M\014\3345f\014\273|\207\367\334\337F\325\004cxB\211L""; closeTime: 803842760; signature: ""0D\002 A\363\374,\301\266\353\367\030N\267\240\210p@\025\301\245\254\301I\2036\374\036K\265\356\253\337\004\323\002 6\rz.\3121X\364c\215\023I\3475o\317\372c\262\342J}\234\323\232\001U\250n\211\277\317""; previousledger: ""R\025\022\007\244\215@M\364\034T\023\222\007\027\320_\265?\3005\223\241_\307(p\352\225\221\377m""; ","proposeSeq: 1; currentTxHash: ""\000\000\000\000\000\000\000\000\000\000\000\000\000\000\000\000\000\000\000\000\000\000\000\000\000\000\000\000\000\000\000\000""; nodePubKey: ""\002\266\377\271\344:\030\221i\267\257\215\237M\014\3345f\014\273|\207\367\334\337F\325\004cxB\211L""; closeTime: 803842760; signature: ""0D\002 A\363\374,\301\266\353\367\030N\267\240\210p@\025\301\245\254\301I\2036\374\036K\265\356\253\337\004\323\002 6\rz.\3121X\364c\215\023I\3475o\317\372c\262\342J}\234\323\232\001U\250n\211\277\317""; previousledger: ""R\025\022\007\244\215@M\364\034T\023\222\007\027\320_\265?\3005\223\241_\307(p\352\225\221\377m""; "
1750527570661,1750527570661,3299,1,1,3,TMProposeSet,"proposeSeq: 1; currentTxHash: ""\000\000\000\000\000\000\000\000\000\000\000\000\000\000\000\000\000\000\000\000\000\000\000\000\000\000\000\000\000\000\000\000""; nodePubKey: ""\002\266\377\271\344:\030\221i\267\257\215\237M\014\3345f\014\273|\207\367\334\337F\325\004cxB\211L""; closeTime: 803842760; signature: ""0D\002 A\363\374,\301\266\353\367\030N\267\240\210p@\025\301\245\254\301I\2036\374\036K\265\356\253\337\004\323\002 6\rz.\3121X\364c\215\023I\3475o\317\372c\262\342J}\234\323\232\001U\250n\211\277\317""; previousledger: ""R\025\022\007\244\215@M\364\034T\023\222\007\027\320_\265?\3005\223\241_\307(p\352\225\221\377m""; ","proposeSeq: 1; currentTxHash: ""\000\000\000\000\000\000\000\000\000\000\000\000\000\000\000\000\000\000\000\000\000\000\000\000\000\000\000\000\000\000\000\000""; nodePubKey: ""\002\266\377\271\344:\030\221i\267\257\215\237M\014\3345f\014\273|\207\367\334\337F\325\004cxB\211L""; closeTime: 803842760; signature: ""0D\002 A\363\374,\301\266\353\367\030N\267\240\210p@\025\301\245\254\301I\2036\374\036K\265\356\253\337\004\323\002 6\rz.\3121X\364c\215\023I\3475o\317\372c\262\342J}\234\323\232\001U\250n\211\277\317""; previousledger: ""R\025\022\007\244\215@M\364\034T\023\222\007\027\320_\265?\3005\223\241_\307(p\352\225\221\377m""; "
1750527570661,1750527570662,2742,1,1,0,TMProposeSet,"proposeSeq: 1; currentTxHash: ""\000\000\000\000\000\000\000\000\000\000\000\000\000\000\000\000\000\000\000\000\000\000\000\000\000\000\000\000\000\000\000\000""; nodePubKey: ""\002\266\377\271\344:\030\221i\267\257\215\237M\014\3345f\014\273|\207\367\334\337F\325\004cxB\211L""; closeTime: 803842760; signature: ""0D\002 A\363\374,\301\266\353\367\030N\267\240\210p@\025\301\245\254\301I\2036\374\036K\265\356\253\337\004\323\002 6\rz.\3121X\364c\215\023I\3475o\317\372c\262\342J}\234\323\232\001U\250n\211\277\317""; previousledger: ""R\025\022\007\244\215@M\364\034T\023\222\007\027\320_\265?\3005\223\241_\307(p\352\225\221\377m""; ","proposeSeq: 1; currentTxHash: ""\000\000\000\000\000\000\000\000\000\000\000\000\000\000\000\000\000\000\000\000\000\000\000\000\000\000\000\000\000\000\000\000""; nodePubKey: ""\002\266\377\271\344:\030\221i\267\257\215\237M\014\3345f\014\273|\207\367\334\337F\325\004cxB\211L""; closeTime: 803842760; signature: ""0D\002 A\363\374,\301\266\353\367\030N\267\240\210p@\025\301\245\254\301I\2036\374\036K\265\356\253\337\004\323\002 6\rz.\3121X\364c\215\023I\3475o\317\372c\262\342J}\234\323\232\001U\250n\211\277\317""; previousledger: ""R\025\022\007\244\215@M\364\034T\023\222\007\027\320_\265?\3005\223\241_\307(p\352\225\221\377m""; "
1750527570663,1750527570663,1394,1,1,2,TMProposeSet,"proposeSeq: 1; currentTxHash: ""\000\000\000\000\000\000\000\000\000\000\000\000\000\000\000\000\000\000\000\000\000\000\000\000\000\000\000\000\000\000\000\000""; nodePubKey: ""\002\266\377\271\344:\030\221i\267\257\215\237M\014\3345f\014\273|\207\367\334\337F\325\004cxB\211L""; closeTime: 803842760; signature: ""0D\002 A\363\374,\301\266\353\367\030N\267\240\210p@\025\301\245\254\301I\2036\374\036K\265\356\253\337\004\323\002 6\rz.\3121X\364c\215\023I\3475o\317\372c\262\342J}\234\323\232\001U\250n\211\277\317""; previousledger: ""R\025\022\007\244\215@M\364\034T\023\222\007\027\320_\265?\3005\223\241_\307(p\352\225\221\377m""; ","proposeSeq: 1; currentTxHash: ""\000\000\000\000\000\000\000\000\000\000\000\000\000\000\000\000\000\000\000\000\000\000\000\000\000\000\000\000\000\000\000\000""; nodePubKey: ""\002\266\377\271\344:\030\221i\267\257\215\237M\014\3345f\014\273|\207\367\334\337F\325\004cxB\211L""; closeTime: 803842760; signature: ""0D\002 A\363\374,\301\266\353\367\030N\267\240\210p@\025\301\245\254\301I\2036\374\036K\265\356\253\337\004\323\002 6\rz.\3121X\364c\215\023I\3475o\317\372c\262\342J}\234\323\232\001U\250n\211\277\317""; previousledger: ""R\025\022\007\244\215@M\364\034T\023\222\007\027\320_\265?\3005\223\241_\307(p\352\225\221\377m""; "
1750527570743,1750527570743,3810,1,1,4,TMGetLedger,"itype: liAS_NODE; ledgerHash: ""a=\225\273\331\354\365*U\363\263N\367b\371\244\314-w\363\262\225Z\200\206\235\233\257?sE\267""; ledgerSeq: 8; nodeIDs: ""\260\000\000\000\000\000\000\000\000\000\000\000\000\000\000\000\000\000\000\000\000\000\000\000\000\000\000\000\000\000\000\000\001""; queryType: qtINDIRECT; queryDepth: 1; ","itype: liAS_NODE; ledgerHash: ""a=\225\273\331\354\365*U\363\263N\367b\371\244\314-w\363\262\225Z\200\206\235\233\257?sE\267""; ledgerSeq: 8; nodeIDs: ""\260\000\000\000\000\000\000\000\000\000\000\000\000\000\000\000\000\000\000\000\000\000\000\000\000\000\000\000\000\000\000\000\001""; queryType: qtINDIRECT; queryDepth: 1; "
1750527570801,1750527570801,1144,1,4,1,TMLedgerData,"ledgerHash: ""a=\225\273\331\354\365*U\363\263N\367b\371\244\314-w\363\262\225Z\200\206\235\233\257?sE\267""; ledgerSeq: 8; type: liBASE; nodes {;   nodedata: ""\000\000\000\010\001cEx]\211\377\330\033@\177e\277\016\010u\327\371&\262\312\317Q\2361t\377x\234\001v\003%\030\325_\225g\204\346\000\000\000\000\000\000\000\000\000\000\000\000\000\000\000\000\000\000\000\000\000\000\000\000\000\000\000\000\000\000\000\0006\207\227F[\243v\371\255c\270\254{\234\371\211\025\226%\351\352\037\264\262\021\311\263k\232\376\007\352/\351\252\264/\351\252\310\n\000""; }; nodes {;   nodedata: ""\323C\344\327\264{\312-\017:\006{\177\344N\002\326bO\260\220\006\033\362\345\005U\221DzJ0\001\301\025%1L\307\t\261\262z\374\222T\301\274V\236\223\262\270Ct\362\337b\356\024*\324\320\351\317\002k\336\234\027v\351\217\260\303\360\233ZPZWr\246$w\313\313\r\243r\232\2234\373\3539:N\004Q\245\272D\312D\300\300\t\323\0257\345e\271\na\215{\226\255x%T\257\037\333\004\344_/R\006E\344\037@\210\363\010\336T\226\247'\204_{\261\370""1\235\2445\343\033Y!\212\201\341\272\225'\007\265l7#N\236*T\346\016\255|M\nD8\n\343\313/\214\216\001\224\267\346}/\277\005?\336\013\003""; }; requestCookie: 3; ","ledgerHash: ""a=\225\273\331\354\365*U\363\263N\367b\371\244\314-w\363\262\225Z\200\206\235\233\257?sE\267""; ledgerSeq: 8; type: liBASE; nodes {;   nodedata: ""\000\000\000\010\001cEx]\211\377\330\033@\177e\277\016\010u\327\371&\262\312\317Q\2361t\377x\234\001v\003%\030\325_\225g\204\346\000\000\000\000\000\000\000\000\000\000\000\000\000\000\000\000\000\000\000\000\000\000\000\000\000\000\000\000\000\000\000\0006\207\227F[\243v\371\255c\270\254{\234\371\211\025\226%\351\352\037\264\262\021\311\263k\232\376\007\352/\351\252\264/\351\252\310\n\000""; }; nodes {;   nodedata: ""\323C\344\327\264{\312-\017:\006{\177\344N\002\326bO\260\220\006\033\362\345\005U\221DzJ0\001\301\025%1L\307\t\261\262z\374\222T\301\274V\236\223\262\270Ct\362\337b\356\024*\324\320\351\317\002k\336\234\027v\351\217\260\303\360\233ZPZWr\246$w\313\313\r\243r\232\2234\373\3539:N\004Q\245\272D\312D\300\300\t\323\0257\345e\271\na\215{\226\255x%T\257\037\333\004\344_/R\006E\344\037@\210\363\010\336T\226\247'\204_{\261\370""1\235\2445\343\033Y!\212\201\341\272\225'\007\265l7#N\236*T\346\016\255|M\nD8\n\343\313/\214\216\001\224\267\346}/\277\005?\336\013\003""; }; requestCookie: 3; "
1750527570884,1750527570884,949,1,1,2,TMValidation,"validation: """"\200\000\000\001&\000\000\000\t)/\351\252\317:p\210\265\307-\212\200\004Q4\254\326mU\377?\177Ek\336\030!\316Aa\225\303\022\377{\210Y\226\271as\354L\035\004\341P\027\000\000\000\000\000\000\000\000\000\000\000\000\000\000\000\000\000\000\000\000\000\000\000\000\000\000\000\000\000\000\000\000P\031a=\225\273\331\354\365*U\363\263N\367b\371\244\314-w\363\262\225Z\200\206\235\233\257?sE\267s!\002\364d\217\366\217|\316F\232\231\241\n\261\333`\312O\367\235\025DD\336e\367\n\312\326\221\037\025\230vG0E\002!\000\246\202!\344|Z>\240\315N\270\031\020\362o\362\304U\256l(J\357\303\003u\373\351q\337\310?\002 (\303\030\025\355R\216\342\325\302d\350\021\003\334D\211\030\250::\030\3773\006{i\177B\363l\237""; ","validation: """"\200\000\000\001&\000\000\000\t)/\351\252\317:p\210\265\307-\212\200\004Q4\254\326mU\377?\177Ek\336\030!\316Aa\225\303\022\377{\210Y\226\271as\354L\035\004\341P\027\000\000\000\000\000\000\000\000\000\000\000\000\000\000\000\000\000\000\000\000\000\000\000\000\000\000\000\000\000\000\000\000P\031a=\225\273\331\354\365*U\363\263N\367b\371\244\314-w\363\262\225Z\200\206\235\233\257?sE\267s!\002\364d\217\366\217|\316F\232\231\241\n\261\333`\312O\367\235\025DD\336e\367\n\312\326\221\037\025\230vG0E\002!\000\246\202!\344|Z>\240\315N\270\031\020\362o\362\304U\256l(J\357\303\003u\373\351q\337\310?\002 (\303\030\025\355R\216\342\325\302d\350\021\003\334D\211\030\250::\030\3773\006{i\177B\363l\237""; "
1750527570884,1750527570884,3746,1,1,4,TMValidation,"validation: """"\200\000\000\001&\000\000\000\t)/\351\252\317:p\210\265\307-\212\200\004Q4\254\326mU\377?\177Ek\336\030!\316Aa\225\303\022\377{\210Y\226\271as\354L\035\004\341P\027\000\000\000\000\000\000\000\000\000\000\000\000\000\000\000\000\000\000\000\000\000\000\000\000\000\000\000\000\000\000\000\000P\031a=\225\273\331\354\365*U\363\263N\367b\371\244\314-w\363\262\225Z\200\206\235\233\257?sE\267s!\002\364d\217\366\217|\316F\232\231\241\n\261\333`\312O\367\235\025DD\336e\367\n\312\326\221\037\025\230vG0E\002!\000\246\202!\344|Z>\240\315N\270\031\020\362o\362\304U\256l(J\357\303\003u\373\351q\337\310?\002 (\303\030\025\355R\216\342\325\302d\350\021\003\334D\211\030\250::\030\3773\006{i\177B\363l\237""; ","validation: """"\200\000\000\001&\000\000\000\t)/\351\252\317:p\210\265\307-\212\200\004Q4\254\326mU\377?\177Ek\336\030!\316Aa\225\303\022\377{\210Y\226\271as\354L\035\004\341P\027\000\000\000\000\000\000\000\000\000\000\000\000\000\000\000\000\000\000\000\000\000\000\000\000\000\000\000\000\000\000\000\000P\031a=\225\273\331\354\365*U\363\263N\367b\371\244\314-w\363\262\225Z\200\206\235\233\257?sE\267s!\002\364d\217\366\217|\316F\232\231\241\n\261\333`\312O\367\235\025DD\336e\367\n\312\326\221\037\025\230vG0E\002!\000\246\202!\344|Z>\240\315N\270\031\020\362o\362\304U\256l(J\357\303\003u\373\351q\337\310?\002 (\303\030\025\355R\216\342\325\302d\350\021\003\334D\211\030\250::\030\3773\006{i\177B\363l\237""; "
1750527570885,1750527570885,2229,1,1,0,TMValidation,"validation: """"\200\000\000\001&\000\000\000\t)/\351\252\317:p\210\265\307-\212\200\004Q4\254\326mU\377?\177Ek\336\030!\316Aa\225\303\022\377{\210Y\226\271as\354L\035\004\341P\027\000\000\000\000\000\000\000\000\000\000\000\000\000\000\000\000\000\000\000\000\000\000\000\000\000\000\000\000\000\000\000\000P\031a=\225\273\331\354\365*U\363\263N\367b\371\244\314-w\363\262\225Z\200\206\235\233\257?sE\267s!\002\364d\217\366\217|\316F\232\231\241\n\261\333`\312O\367\235\025DD\336e\367\n\312\326\221\037\025\230vG0E\002!\000\246\202!\344|Z>\240\315N\270\031\020\362o\362\304U\256l(J\357\303\003u\373\351q\337\310?\002 (\303\030\025\355R\216\342\325\302d\350\021\003\334D\211\030\250::\030\3773\006{i\177B\363l\237""; ","validation: """"\200\000\000\001&\000\000\000\t)/\351\252\317:p\210\265\307-\212\200\004Q4\254\326mU\377?\177Ek\336\030!\316Aa\225\303\022\377{\210Y\226\271as\354L\035\004\341P\027\000\000\000\000\000\000\000\000\000\000\000\000\000\000\000\000\000\000\000\000\000\000\000\000\000\000\000\000\000\000\000\000P\031a=\225\273\331\354\365*U\363\263N\367b\371\244\314-w\363\262\225Z\200\206\235\233\257?sE\267s!\002\364d\217\366\217|\316F\232\231\241\n\261\333`\312O\367\235\025DD\336e\367\n\312\326\221\037\025\230vG0E\002!\000\246\202!\344|Z>\240\315N\270\031\020\362o\362\304U\256l(J\357\303\003u\373\351q\337\310?\002 (\303\030\025\355R\216\342\325\302d\350\021\003\334D\211\030\250::\030\3773\006{i\177B\363l\237""; "
1750527571354,1750527571354,4000,1,2,3,TMGetLedger,"itype: liBASE; ledgerHash: ""4\254\326mU\377?\177Ek\336\030!\316Aa\225\303\022\377{\210Y\226\271as\354L\035\004\341""; ledgerSeq: 9; queryType: qtINDIRECT; ","itype: liBASE; ledgerHash: ""4\254\326mU\377?\177Ek\336\030!\316Aa\225\303\022\377{\210Y\226\271as\354L\035\004\341""; ledgerSeq: 9; queryType: qtINDIRECT; "
1750527571354,1750527571354,1544,1,2,1,TMGetLedger,"itype: liBASE; ledgerHash: ""4\254\326mU\377?\177Ek\336\030!\316Aa\225\303\022\377{\210Y\226\271as\354L\035\004\341""; ledgerSeq: 9; queryType: qtINDIRECT; ","itype: liBASE; ledgerHash: ""4\254\326mU\377?\177Ek\336\030!\316Aa\225\303\022\377{\210Y\226\271as\354L\035\004\341""; ledgerSeq: 9; queryType: qtINDIRECT; "
1750527571356,1750527571356,3719,1,2,4,TMGetLedger,"itype: liBASE; ledgerHash: ""4\254\326mU\377?\177Ek\336\030!\316Aa\225\303\022\377{\210Y\226\271as\354L\035\004\341""; ledgerSeq: 9; queryType: qtINDIRECT; ","itype: liBASE; ledgerHash: ""4\254\326mU\377?\177Ek\336\030!\316Aa\225\303\022\377{\210Y\226\271as\354L\035\004\341""; ledgerSeq: 9; queryType: qtINDIRECT; "
1750527571355,1750527571355,589,1,2,0,TMGetLedger,"itype: liBASE; ledgerHash: ""\361\035\301\024\220m#*\372\032\3178~\374\250\014*\323\342'z69\220\327\256\351G\367\317u\302""; ledgerSeq: 10; ","itype: liBASE; ledgerHash: ""\361\035\301\024\220m#*\372\032\3178~\374\250\014*\323\342'z69\220\327\256\351G\367\317u\302""; ledgerSeq: 10; "
1750527571356,1750527571356,4000,1,2,3,TMGetLedger,"itype: liBASE; ledgerHash: ""\361\035\301\024\220m#*\372\032\3178~\374\250\014*\323\342'z69\220\327\256\351G\367\317u\302""; ledgerSeq: 10; ","itype: liBASE; ledgerHash: ""\361\035\301\024\220m#*\372\032\3178~\374\250\014*\323\342'z69\220\327\256\351G\367\317u\302""; ledgerSeq: 10; "
1750527571356,1750527571356,589,1,2,0,TMGetLedger,"itype: liBASE; ledgerHash: ""4\254\326mU\377?\177Ek\336\030!\316Aa\225\303\022\377{\210Y\226\271as\354L\035\004\341""; ledgerSeq: 9; queryType: qtINDIRECT; ","itype: liBASE; ledgerHash: ""4\254\326mU\377?\177Ek\336\030!\316Aa\225\303\022\377{\210Y\226\271as\354L\035\004\341""; ledgerSeq: 9; queryType: qtINDIRECT; "
1750527571357,1750527571357,1544,1,2,1,TMGetLedger,"itype: liBASE; ledgerHash: ""\361\035\301\024\220m#*\372\032\3178~\374\250\014*\323\342'z69\220\327\256\351G\367\317u\302""; ledgerSeq: 10; ","itype: liBASE; ledgerHash: ""\361\035\301\024\220m#*\372\032\3178~\374\250\014*\323\342'z69\220\327\256\351G\367\317u\302""; ledgerSeq: 10; "
1750527571358,1750527571358,1544,1,2,1,TMGetLedger,"itype: liBASE; ledgerHash: ""\361\035\301\024\220m#*\372\032\3178~\374\250\014*\323\342'z69\220\327\256\351G\367\317u\302""; ledgerSeq: 10; queryType: qtINDIRECT; ","itype: liBASE; ledgerHash: ""\361\035\301\024\220m#*\372\032\3178~\374\250\014*\323\342'z69\220\327\256\351G\367\317u\302""; ledgerSeq: 10; queryType: qtINDIRECT; "
1750527571359,1750527571359,340,1,2,1,TMValidation,"validation: """"\200\000\000\001&\000\000\000\n)/\351\252\322:\r\302\353\023?\373\240rQ\361\035\301\024\220m#*\372\032\3178~\374\250\014*\323\342'z69\220\327\256\351G\367\317u\302P\027\000\000\000\000\000\000\000\000\000\000\000\000\000\000\000\000\000\000\000\000\000\000\000\000\000\000\000\000\000\000\000\000P\0314\254\326mU\377?\177Ek\336\030!\316Aa\225\303\022\377{\210Y\226\271as\354L\035\004\341s!\003R7o\362bV\300hf\266\241;}\200^\374\240\203[:\342Q\225\221\027y\372\255\235\216\323~vF0D\002 zW\251\000\345kU|\027\256g\210Y\327\263!_\026\250mvHc\302\250\210\244PY}\031\220\002 r\332\335aq\207\016\260[2\013\274O^s\316\021f\001\000\235\327\211q\005\324\267\217\232\261\271^""; ","validation: """"\200\000\000\001&\000\000\000\n)/\351\252\322:\r\302\353\023?\373\240rQ\361\035\301\024\220m#*\372\032\3178~\374\250\014*\323\342'z69\220\327\256\351G\367\317u\302P\027\000\000\000\000\000\000\000\000\000\000\000\000\000\000\000\000\000\000\000\000\000\000\000\000\000\000\000\000\000\000\000\000P\0314\254\326mU\377?\177Ek\336\030!\316Aa\225\303\022\377{\210Y\226\271as\354L\035\004\341s!\003R7o\362bV\300hf\266\241;}\200^\374\240\203[:\342Q\225\221\027y\372\255\235\216\323~vF0D\002 zW\251\000\345kU|\027\256g\210Y\327\263!_\026\250mvHc\302\250\210\244PY}\031\220\002 r\332\335aq\207\016\260[2\013\274O^s\316\021f\001\000\235\327\211q\005\324\267\217\232\261\271^""; "
1750527571359,1750527571360,589,1,2,0,TMGetLedger,"itype: liBASE; ledgerHash: ""\361\035\301\024\220m#*\372\032\3178~\374\250\014*\323\342'z69\220\327\256\351G\367\317u\302""; ledgerSeq: 10; queryType: qtINDIRECT; ","itype: liBASE; ledgerHash: ""\361\035\301\024\220m#*\372\032\3178~\374\250\014*\323\342'z69\220\327\256\351G\367\317u\302""; ledgerSeq: 10; queryType: qtINDIRECT; "
1750527571360,1750527571360,446,1,2,0,TMValidation,"validation: """"\200\000\000\001&\000\000\000\n)/\351\252\322:\r\302\353\023?\373\240rQ\361\035\301\024\220m#*\372\032\3178~\374\250\014*\323\342'z69\220\327\256\351G\367\317u\302P\027\000\000\000\000\000\000\000\000\000\000\000\000\000\000\000\000\000\000\000\000\000\000\000\000\000\000\000\000\000\000\000\000P\0314\254\326mU\377?\177Ek\336\030!\316Aa\225\303\022\377{\210Y\226\271as\354L\035\004\341s!\003R7o\362bV\300hf\266\241;}\200^\374\240\203[:\342Q\225\221\027y\372\255\235\216\323~vF0D\002 zW\251\000\345kU|\027\256g\210Y\327\263!_\026\250mvHc\302\250\210\244PY}\031\220\002 r\332\335aq\207\016\260[2\013\274O^s\316\021f\001\000\235\327\211q\005\324\267\217\232\261\271^""; ","validation: """"\200\000\000\001&\000\000\000\n)/\351\252\322:\r\302\353\023?\373\240rQ\361\035\301\024\220m#*\372\032\3178~\374\250\014*\323\342'z69\220\327\256\351G\367\317u\302P\027\000\000\000\000\000\000\000\000\000\000\000\000\000\000\000\000\000\000\000\000\000\000\000\000\000\000\000\000\000\000\000\000P\0314\254\326mU\377?\177Ek\336\030!\316Aa\225\303\022\377{\210Y\226\271as\354L\035\004\341s!\003R7o\362bV\300hf\266\241;}\200^\374\240\203[:\342Q\225\221\027y\372\255\235\216\323~vF0D\002 zW\251\000\345kU|\027\256g\210Y\327\263!_\026\250mvHc\302\250\210\244PY}\031\220\002 r\332\335aq\207\016\260[2\013\274O^s\316\021f\001\000\235\327\211q\005\324\267\217\232\261\271^""; "
1750527571360,1750527571360,4000,1,2,3,TMGetLedger,"itype: liBASE; ledgerHash: ""\361\035\301\024\220m#*\372\032\3178~\374\250\014*\323\342'z69\220\327\256\351G\367\317u\302""; ledgerSeq: 10; queryType: qtINDIRECT; ","itype: liBASE; ledgerHash: ""\361\035\301\024\220m#*\372\032\3178~\374\250\014*\323\342'z69\220\327\256\351G\367\317u\302""; ledgerSeq: 10; queryType: qtINDIRECT; "
1750527571360,1750527571360,723,1,2,3,TMValidation,"validation: """"\200\000\000\001&\000\000\000\n)/\351\252\322:\r\302\353\023?\373\240rQ\361\035\301\024\220m#*\372\032\3178~\374\250\014*\323\342'z69\220\327\256\351G\367\317u\302P\027\000\000\000\000\000\000\000\000\000\000\000\000\000\000\000\000\000\000\000\000\000\000\000\000\000\000\000\000\000\000\000\000P\0314\254\326mU\377?\177Ek\336\030!\316Aa\225\303\022\377{\210Y\226\271as\354L\035\004\341s!\003R7o\362bV\300hf\266\241;}\200^\374\240\203[:\342Q\225\221\027y\372\255\235\216\323~vF0D\002 zW\251\000\345kU|\027\256g\210Y\327\263!_\026\250mvHc\302\250\210\244PY}\031\220\002 r\332\335aq\207\016\260[2\013\274O^s\316\021f\001\000\235\327\211q\005\324\267\217\232\261\271^""; ","validation: """"\200\000\000\001&\000\000\000\n)/\351\252\322:\r\302\353\023?\373\240rQ\361\035\301\024\220m#*\372\032\3178~\374\250\014*\323\342'z69\220\327\256\351G\367\317u\302P\027\000\000\000\000\000\000\000\000\000\000\000\000\000\000\000\000\000\000\000\000\000\000\000\000\000\000\000\000\000\000\000\000P\0314\254\326mU\377?\177Ek\336\030!\316Aa\225\303\022\377{\210Y\226\271as\354L\035\004\341s!\003R7o\362bV\300hf\266\241;}\200^\374\240\203[:\342Q\225\221\027y\372\255\235\216\323~vF0D\002 zW\251\000\345kU|\027\256g\210Y\327\263!_\026\250mvHc\302\250\210\244PY}\031\220\002 r\332\335aq\207\016\260[2\013\274O^s\316\021f\001\000\235\327\211q\005\324\267\217\232\261\271^""; "
1750527571394,1750527571394,3719,1,2,4,TMGetLedger,"itype: liBASE; ledgerHash: ""\361\035\301\024\220m#*\372\032\3178~\374\250\014*\323\342'z69\220\327\256\351G\367\317u\302""; ledgerSeq: 10; queryType: qtINDIRECT; ","itype: liBASE; ledgerHash: ""\361\035\301\024\220m#*\372\032\3178~\374\250\014*\323\342'z69\220\327\256\351G\367\317u\302""; ledgerSeq: 10; queryType: qtINDIRECT; "
1750527571394,1750527571394,3719,1,2,4,TMGetLedger,"itype: liBASE; ledgerHash: ""\361\035\301\024\220m#*\372\032\3178~\374\250\014*\323\342'z69\220\327\256\351G\367\317u\302""; ledgerSeq: 10; ","itype: liBASE; ledgerHash: ""\361\035\301\024\220m#*\372\032\3178~\374\250\014*\323\342'z69\220\327\256\351G\367\317u\302""; ledgerSeq: 10; "
1750527571423,1750527571423,0,1,3,4,TMProposeSet,"proposeSeq: 0; currentTxHash: ""\000\000\000\000\000\000\000\000\000\000\000\000\000\000\000\000\000\000\000\000\000\000\000\000\000\000\000\000\000\000\000\000""; nodePubKey: ""\002\364d\217\366\217|\316F\232\231\241\n\261\333`\312O\367\235\025DD\336e\367\n\312\326\221\037\025\230""; closeTime: 803842771; signature: ""0D\002 5\351=\312\021\216\251\261erN/^\231\033\273\303\276\214\331if\365""\233B\351\255a\376\343\346\002 Z\207\004\252A5\032\317v\214\305X\3627\327\365\250\352}\274\367&\313t\034K\0142\311\256\277\210""; previousledger: ""\361\035\301\024\220m#*\372\032\3178~\374\250\014*\323\342'z69\220\327\256\351G\367\317u\302""; ","proposeSeq: 0; currentTxHash: ""\000\000\000\000\000\000\000\000\000\000\000\000\000\000\000\000\000\000\000\000\000\000\000\000\000\000\000\000\000\000\000\000""; nodePubKey: ""\002\364d\217\366\217|\316F\232\231\241\n\261\333`\312O\367\235\025DD\336e\367\n\312\326\221\037\025\230""; closeTime: 803842771; signature: ""0D\002 5\351=\312\021\216\251\261erN/^\231\033\273\303\276\214\331if\365""\233B\351\255a\376\343\346\002 Z\207\004\252A5\032\317v\214\305X\3627\327\365\250\352}\274\367&\313t\034K\0142\311\256\277\210""; previousledger: ""\361\035\301\024\220m#*\372\032\3178~\374\250\014*\323\342'z69\220\327\256\351G\367\317u\302""; "
1750527571424,1750527571424,0,1,3,1,TMProposeSet,"proposeSeq: 0; currentTxHash: ""\000\000\000\000\000\000\000\000\000\000\000\000\000\000\000\000\000\000\000\000\000\000\000\000\000\000\000\000\000\000\000\000""; nodePubKey: ""\002\364d\217\366\217|\316F\232\231\241\n\261\333`\312O\367\235\025DD\336e\367\n\312\326\221\037\025\230""; closeTime: 803842771; signature: ""0D\002 5\351=\312\021\216\251\261erN/^\231\033\273\303\276\214\331if\365""\233B\351\255a\376\343\346\002 Z\207\004\252A5\032\317v\214\305X\3627\327\365\250\352}\274\367&\313t\034K\0142\311\256\277\210""; previousledger: ""\361\035\301\024\220m#*\372\032\3178~\374\250\014*\323\342'z69\220\327\256\351G\367\317u\302""; ","proposeSeq: 0; currentTxHash: ""\000\000\000\000\000\000\000\000\000\000\000\000\000\000\000\000\000\000\000\000\000\000\000\000\000\000\000\000\000\000\000\000""; nodePubKey: ""\002\364d\217\366\217|\316F\232\231\241\n\261\333`\312O\367\235\025DD\336e\367\n\312\326\221\037\025\230""; closeTime: 803842771; signature: ""0D\002 5\351=\312\021\216\251\261erN/^\231\033\273\303\276\214\331if\365""\233B\351\255a\376\343\346\002 Z\207\004\252A5\032\317v\214\305X\3627\327\365\250\352}\274\367&\313t\034K\0142\311\256\277\210""; previousledger: ""\361\035\301\024\220m#*\372\032\3178~\374\250\014*\323\342'z69\220\327\256\351G\367\317u\302""; "
1750527571424,1750527571424,0,1,3,2,TMProposeSet,"proposeSeq: 0; currentTxHash: ""\000\000\000\000\000\000\000\000\000\000\000\000\000\000\000\000\000\000\000\000\000\000\000\000\000\000\000\000\000\000\000\000""; nodePubKey: ""\002\364d\217\366\217|\316F\232\231\241\n\261\333`\312O\367\235\025DD\336e\367\n\312\326\221\037\025\230""; closeTime: 803842771; signature: ""0D\002 5\351=\312\021\216\251\261erN/^\231\033\273\303\276\214\331if\365""\233B\351\255a\376\343\346\002 Z\207\004\252A5\032\317v\214\305X\3627\327\365\250\352}\274\367&\313t\034K\0142\311\256\277\210""; previousledger: ""\361\035\301\024\220m#*\372\032\3178~\374\250\014*\323\342'z69\220\327\256\351G\367\317u\302""; ","proposeSeq: 0; currentTxHash: ""\000\000\000\000\000\000\000\000\000\000\000\000\000\000\000\000\000\000\000\000\000\000\000\000\000\000\000\000\000\000\000\000""; nodePubKey: ""\002\364d\217\366\217|\316F\232\231\241\n\261\333`\312O\367\235\025DD\336e\367\n\312\326\221\037\025\230""; closeTime: 803842771; signature: ""0D\002 5\351=\312\021\216\251\261erN/^\231\033\273\303\276\214\331if\365""\233B\351\255a\376\343\346\002 Z\207\004\252A5\032\317v\214\305X\3627\327\365\250\352}\274\367&\313t\034K\0142\311\256\277\210""; previousledger: ""\361\035\301\024\220m#*\372\032\3178~\374\250\014*\323\342'z69\220\327\256\351G\367\317u\302""; "
1750527571425,1750527571425,0,1,3,0,TMProposeSet,"proposeSeq: 0; currentTxHash: ""\000\000\000\000\000\000\000\000\000\000\000\000\000\000\000\000\000\000\000\000\000\000\000\000\000\000\000\000\000\000\000\000""; nodePubKey: ""\002\364d\217\366\217|\316F\232\231\241\n\261\333`\312O\367\235\025DD\336e\367\n\312\326\221\037\025\230""; closeTime: 803842771; signature: ""0D\002 5\351=\312\021\216\251\261erN/^\231\033\273\303\276\214\331if\365""\233B\351\255a\376\343\346\002 Z\207\004\252A5\032\317v\214\305X\3627\327\365\250\352}\274\367&\313t\034K\0142\311\256\277\210""; previousledger: ""\361\035\301\024\220m#*\372\032\3178~\374\250\014*\323\342'z69\220\327\256\351G\367\317u\302""; ","proposeSeq: 0; currentTxHash: ""\000\000\000\000\000\000\000\000\000\000\000\000\000\000\000\000\000\000\000\000\000\000\000\000\000\000\000\000\000\000\000\000""; nodePubKey: ""\002\364d\217\366\217|\316F\232\231\241\n\261\333`\312O\367\235\025DD\336e\367\n\312\326\221\037\025\230""; closeTime: 803842771; signature: ""0D\002 5\351=\312\021\216\251\261erN/^\231\033\273\303\276\214\331if\365""\233B\351\255a\376\343\346\002 Z\207\004\252A5\032\317v\214\305X\3627\327\365\250\352}\274\367&\313t\034K\0142\311\256\277\210""; previousledger: ""\361\035\301\024\220m#*\372\032\3178~\374\250\014*\323\342'z69\220\327\256\351G\367\317u\302""; "
1750527571426,1750527571426,2972,1,4,0,TMProposeSet,"proposeSeq: 0; currentTxHash: ""\000\000\000\000\000\000\000\000\000\000\000\000\000\000\000\000\000\000\000\000\000\000\000\000\000\000\000\000\000\000\000\000""; nodePubKey: ""\002\364d\217\366\217|\316F\232\231\241\n\261\333`\312O\367\235\025DD\336e\367\n\312\326\221\037\025\230""; closeTime: 803842771; signature: ""0D\002 5\351=\312\021\216\251\261erN/^\231\033\273\303\276\214\331if\365""\233B\351\255a\376\343\346\002 Z\207\004\252A5\032\317v\214\305X\3627\327\365\250\352}\274\367&\313t\034K\0142\311\256\277\210""; previousledger: ""\361\035\301\024\220m#*\372\032\3178~\374\250\014*\323\342'z69\220\327\256\351G\367\317u\302""; ","proposeSeq: 0; currentTxHash: ""\000\000\000\000\000\000\000\000\000\000\000\000\000\000\000\000\000\000\000\000\000\000\000\000\000\000\000\000\000\000\000\000""; nodePubKey: ""\002\364d\217\366\217|\316F\232\231\241\n\261\333`\312O\367\235\025DD\336e\367\n\312\326\221\037\025\230""; closeTime: 803842771; signature: ""0D\002 5\351=\312\021\216\251\261erN/^\231\033\273\303\276\214\331if\365""\233B\351\255a\376\343\346\002 Z\207\004\252A5\032\317v\214\305X\3627\327\365\250\352}\274\367&\313t\034K\0142\311\256\277\210""; previousledger: ""\361\035\301\024\220m#*\372\032\3178~\374\250\014*\323\342'z69\220\327\256\351G\367\317u\302""; "
1750527571426,1750527571426,2441,1,4,2,TMProposeSet,"proposeSeq: 0; currentTxHash: ""\000\000\000\000\000\000\000\000\000\000\000\000\000\000\000\000\000\000\000\000\000\000\000\000\000\000\000\000\000\000\000\000""; nodePubKey: ""\002\364d\217\366\217|\316F\232\231\241\n\261\333`\312O\367\235\025DD\336e\367\n\312\326\221\037\025\230""; closeTime: 803842771; signature: ""0D\002 5\351=\312\021\216\251\261erN/^\231\033\273\303\276\214\331if\365""\233B\351\255a\376\343\346\002 Z\207\004\252A5\032\317v\214\305X\3627\327\365\250\352}\274\367&\313t\034K\0142\311\256\277\210""; previousledger: ""\361\035\301\024\220m#*\372\032\3178~\374\250\014*\323\342'z69\220\327\256\351G\367\317u\302""; ","proposeSeq: 0; currentTxHash: ""\000\000\000\000\000\000\000\000\000\000\000\000\000\000\000\000\000\000\000\000\000\000\000\000\000\000\000\000\000\000\000\000""; nodePubKey: ""\002\364d\217\366\217|\316F\232\231\241\n\261\333`\312O\367\235\025DD\336e\367\n\312\326\221\037\025\230""; closeTime: 803842771; signature: ""0D\002 5\351=\312\021\216\251\261erN/^\231\033\273\303\276\214\331if\365""\233B\351\255a\376\343\346\002 Z\207\004\252A5\032\317v\214\305X\3627\327\365\250\352}\274\367&\313t\034K\0142\311\256\277\210""; previousledger: ""\361\035\301\024\220m#*\372\032\3178~\374\250\014*\323\342'z69\220\327\256\351G\367\317u\302""; "
1750527571427,1750527571427,2455,1,4,1,TMProposeSet,"proposeSeq: 0; currentTxHash: ""\000\000\000\000\000\000\000\000\000\000\000\000\000\000\000\000\000\000\000\000\000\000\000\000\000\000\000\000\000\000\000\000""; nodePubKey: ""\002\364d\217\366\217|\316F\232\231\241\n\261\333`\312O\367\235\025DD\336e\367\n\312\326\221\037\025\230""; closeTime: 803842771; signature: ""0D\002 5\351=\312\021\216\251\261erN/^\231\033\273\303\276\214\331if\365""\233B\351\255a\376\343\346\002 Z\207\004\252A5\032\317v\214\305X\3627\327\365\250\352}\274\367&\313t\034K\0142\311\256\277\210""; previousledger: ""\361\035\301\024\220m#*\372\032\3178~\374\250\014*\323\342'z69\220\327\256\351G\367\317u\302""; ","proposeSeq: 0; currentTxHash: ""\000\000\000\000\000\000\000\000\000\000\000\000\000\000\000\000\000\000\000\000\000\000\000\000\000\000\000\000\000\000\000\000""; nodePubKey: ""\002\364d\217\366\217|\316F\232\231\241\n\261\333`\312O\367\235\025DD\336e\367\n\312\326\221\037\025\230""; closeTime: 803842771; signature: ""0D\002 5\351=\312\021\216\251\261erN/^\231\033\273\303\276\214\331if\365""\233B\351\255a\376\343\346\002 Z\207\004\252A5\032\317v\214\305X\3627\327\365\250\352}\274\367&\313t\034K\0142\311\256\277\210""; previousledger: ""\361\035\301\024\220m#*\372\032\3178~\374\250\014*\323\342'z69\220\327\256\351G\367\317u\302""; "
1750527571423,1750527571461,598,1,3,4,TMStatusChange,"newEvent: neCLOSING_LEDGER; ledgerSeq: 10; ledgerHash: ""\361\035\301\024\220m#*\372\032\3178~\374\250\014*\323\342'z69\220\327\256\351G\367\317u\302""; ledgerHashPrevious: ""4\254\326mU\377?\177Ek\336\030!\316Aa\225\303\022\377{\210Y\226\271as\354L\035\004\341""; networkTime: 803842771; firstSeq: 1; lastSeq: 9; ","newEvent: neCLOSING_LEDGER; ledgerSeq: 10; ledgerHash: ""\361\035\301\024\220m#*\372\032\3178~\374\250\014*\323\342'z69\220\327\256\351G\367\317u\302""; ledgerHashPrevious: ""4\254\326mU\377?\177Ek\336\030!\316Aa\225\303\022\377{\210Y\226\271as\354L\035\004\341""; networkTime: 803842771; firstSeq: 1; lastSeq: 9; "
1750527571423,1750527571461,0,1,3,1,TMStatusChange,"newEvent: neCLOSING_LEDGER; ledgerSeq: 10; ledgerHash: ""\361\035\301\024\220m#*\372\032\3178~\374\250\014*\323\342'z69\220\327\256\351G\367\317u\302""; ledgerHashPrevious: ""4\254\326mU\377?\177Ek\336\030!\316Aa\225\303\022\377{\210Y\226\271as\354L\035\004\341""; networkTime: 803842771; firstSeq: 1; lastSeq: 9; ","newEvent: neCLOSING_LEDGER; ledgerSeq: 10; ledgerHash: ""\361\035\301\024\220m#*\372\032\3178~\374\250\014*\323\342'z69\220\327\256\351G\367\317u\302""; ledgerHashPrevious: ""4\254\326mU\377?\177Ek\336\030!\316Aa\225\303\022\377{\210Y\226\271as\354L\035\004\341""; networkTime: 803842771; firstSeq: 1; lastSeq: 9; "
1750527571425,1750527571461,0,1,3,2,TMStatusChange,"newEvent: neCLOSING_LEDGER; ledgerSeq: 10; ledgerHash: ""\361\035\301\024\220m#*\372\032\3178~\374\250\014*\323\342'z69\220\327\256\351G\367\317u\302""; ledgerHashPrevious: ""4\254\326mU\377?\177Ek\336\030!\316Aa\225\303\022\377{\210Y\226\271as\354L\035\004\341""; networkTime: 803842771; firstSeq: 1; lastSeq: 9; ","newEvent: neCLOSING_LEDGER; ledgerSeq: 10; ledgerHash: ""\361\035\301\024\220m#*\372\032\3178~\374\250\014*\323\342'z69\220\327\256\351G\367\317u\302""; ledgerHashPrevious: ""4\254\326mU\377?\177Ek\336\030!\316Aa\225\303\022\377{\210Y\226\271as\354L\035\004\341""; networkTime: 803842771; firstSeq: 1; lastSeq: 9; "
1750527571425,1750527571462,0,1,3,0,TMStatusChange,"newEvent: neCLOSING_LEDGER; ledgerSeq: 10; ledgerHash: ""\361\035\301\024\220m#*\372\032\3178~\374\250\014*\323\342'z69\220\327\256\351G\367\317u\302""; ledgerHashPrevious: ""4\254\326mU\377?\177Ek\336\030!\316Aa\225\303\022\377{\210Y\226\271as\354L\035\004\341""; networkTime: 803842771; firstSeq: 1; lastSeq: 9; ","newEvent: neCLOSING_LEDGER; ledgerSeq: 10; ledgerHash: ""\361\035\301\024\220m#*\372\032\3178~\374\250\014*\323\342'z69\220\327\256\351G\367\317u\302""; ledgerHashPrevious: ""4\254\326mU\377?\177Ek\336\030!\316Aa\225\303\022\377{\210Y\226\271as\354L\035\004\341""; networkTime: 803842771; firstSeq: 1; lastSeq: 9; "
1750527571514,1750527571514,3849,1,0,1,TMProposeSet,"proposeSeq: 0; currentTxHash: ""\000\000\000\000\000\000\000\000\000\000\000\000\000\000\000\000\000\000\000\000\000\000\000\000\000\000\000\000\000\000\000\000""; nodePubKey: ""\002\225aM\037\203M\271C\224]$\245\215\334\264;{{\365%Z\2443U\201\242\320iUc\207\367""; closeTime: 803842770; signature: ""0D\002 \022\020\0368\206\017\327*\254\201\254'A\252g\273(1\220:)\343\331\024\270\r\247\343\304A'\036\002 \r\230g\205ZR\255\366\244\310\377\334\372+Y\310\005\212\321\3379\362F\306I\261\233;\334\321\245\247""; previousledger: ""\325\371\316>\336\364\361`\021\nV\271\333\031\320\244t\024/\346+\231\223\334h\037s\322=Z\307\242""; ","proposeSeq: 0; currentTxHash: ""\000\000\000\000\000\000\000\000\000\000\000\000\000\000\000\000\000\000\000\000\000\000\000\000\000\000\000\000\000\000\000\000""; nodePubKey: ""\002\225aM\037\203M\271C\224]$\245\215\334\264;{{\365%Z\2443U\201\242\320iUc\207\367""; closeTime: 803842770; signature: ""0D\002 \022\020\0368\206\017\327*\254\201\254'A\252g\273(1\220:)\343\331\024\270\r\247\343\304A'\036\002 \r\230g\205ZR\255\366\244\310\377\334\372+Y\310\005\212\321\3379\362F\306I\261\233;\334\321\245\247""; previousledger: ""\325\371\316>\336\364\361`\021\nV\271\333\031\320\244t\024/\346+\231\223\334h\037s\322=Z\307\242""; "
1750527571515,1750527571515,3268,1,0,2,TMProposeSet,"proposeSeq: 0; currentTxHash: ""\000\000\000\000\000\000\000\000\000\000\000\000\000\000\000\000\000\000\000\000\000\000\000\000\000\000\000\000\000\000\000\000""; nodePubKey: ""\002\225aM\037\203M\271C\224]$\245\215\334\264;{{\365%Z\2443U\201\242\320iUc\207\367""; closeTime: 803842770; signature: ""0D\002 \022\020\0368\206\017\327*\254\201\254'A\252g\273(1\220:)\343\331\024\270\r\247\343\304A'\036\002 \r\230g\205ZR\255\366\244\310\377\334\372+Y\310\005\212\321\3379\362F\306I\261\233;\334\321\245\247""; previousledger: ""\325\371\316>\336\364\361`\021\nV\271\333\031\320\244t\024/\346+\231\223\334h\037s\322=Z\307\242""; ","proposeSeq: 0; currentTxHash: ""\000\000\000\000\000\000\000\000\000\000\000\000\000\000\000\000\000\000\000\000\000\000\000\000\000\000\000\000\000\000\000\000""; nodePubKey: ""\002\225aM\037\203M\271C\224]$\245\215\334\264;{{\365%Z\2443U\201\242\320iUc\207\367""; closeTime: 803842770; signature: ""0D\002 \022\020\0368\206\017\327*\254\201\254'A\252g\273(1\220:)\343\331\024\270\r\247\343\304A'\036\002 \r\230g\205ZR\255\366\244\310\377\334\372+Y\310\005\212\321\3379\362F\306I\261\233;\334\321\245\247""; previousledger: ""\325\371\316>\336\364\361`\021\nV\271\333\031\320\244t\024/\346+\231\223\334h\037s\322=Z\307\242""; "
1750527571514,1750527571515,142,1,0,3,TMProposeSet,"proposeSeq: 0; currentTxHash: ""\000\000\000\000\000\000\000\000\000\000\000\000\000\000\000\000\000\000\000\000\000\000\000\000\000\000\000\000\000\000\000\000""; nodePubKey: ""\002\225aM\037\203M\271C\224]$\245\215\334\264;{{\365%Z\2443U\201\242\320iUc\207\367""; closeTime: 803842770; signature: ""0D\002 \022\020\0368\206\017\327*\254\201\254'A\252g\273(1\220:)\343\331\024\270\r\247\343\304A'\036\002 \r\230g\205ZR\255\366\244\310\377\334\372+Y\310\005\212\321\3379\362F\306I\261\233;\334\321\245\247""; previousledger: ""\325\371\316>\336\364\361`\021\nV\271\333\031\320\244t\024/\346+\231\223\334h\037s\322=Z\307\242""; ","proposeSeq: 0; currentTxHash: ""\000\000\000\000\000\000\000\000\000\000\000\000\000\000\000\000\000\000\000\000\000\000\000\000\000\000\000\000\000\000\000\000""; nodePubKey: ""\002\225aM\037\203M\271C\224]$\245\215\334\264;{{\365%Z\2443U\201\242\320iUc\207\367""; closeTime: 803842770; signature: ""0D\002 \022\020\0368\206\017\327*\254\201\254'A\252g\273(1\220:)\343\331\024\270\r\247\343\304A'\036\002 \r\230g\205ZR\255\366\244\310\377\334\372+Y\310\005\212\321\3379\362F\306I\261\233;\334\321\245\247""; previousledger: ""\325\371\316>\336\364\361`\021\nV\271\333\031\320\244t\024/\346+\231\223\334h\037s\322=Z\307\242""; "
1750527571540,1750527571540,3504,1,0,4,TMProposeSet,"proposeSeq: 0; currentTxHash: ""\000\000\000\000\000\000\000\000\000\000\000\000\000\000\000\000\000\000\000\000\000\000\000\000\000\000\000\000\000\000\000\000""; nodePubKey: ""\002\225aM\037\203M\271C\224]$\245\215\334\264;{{\365%Z\2443U\201\242\320iUc\207\367""; closeTime: 803842770; signature: ""0D\002 \022\020\0368\206\017\327*\254\201\254'A\252g\273(1\220:)\343\331\024\270\r\247\343\304A'\036\002 \r\230g\205ZR\255\366\244\310\377\334\372+Y\310\005\212\321\3379\362F\306I\261\233;\334\321\245\247""; previousledger: ""\325\371\316>\336\364\361`\021\nV\271\333\031\320\244t\024/\346+\231\223\334h\037s\322=Z\307\242""; ","proposeSeq: 0; currentTxHash: ""\000\000\000\000\000\000\000\000\000\000\000\000\000\000\000\000\000\000\000\000\000\000\000\000\000\000\000\000\000\000\000\000""; nodePubKey: ""\002\225aM\037\203M\271C\224]$\245\215\334\264;{{\365%Z\2443U\201\242\320iUc\207\367""; closeTime: 803842770; signature: ""0D\002 \022\020\0368\206\017\327*\254\201\254'A\252g\273(1\220:)\343\331\024\270\r\247\343\304A'\036\002 \r\230g\205ZR\255\366\244\310\377\334\372+Y\310\005\212\321\3379\362F\306I\261\233;\334\321\245\247""; previousledger: ""\325\371\316>\336\364\361`\021\nV\271\333\031\320\244t\024/\346+\231\223\334h\037s\322=Z\307\242""; "
1750527571512,1750527571558,3904,1,0,4,TMStatusChange,"newEvent: neCLOSING_LEDGER; ledgerSeq: 8; ledgerHash: ""\325\371\316>\336\364\361`\021\nV\271\333\031\320\244t\024/\346+\231\223\334h\037s\322=Z\307\242""; ledgerHashPrevious: ""\276\230H\305\2714\032l\253n6W\035\354\257.f\r\217\302\203\224\212L\020\S\370\243OP*""; networkTime: 803842771; firstSeq: 1; lastSeq: 7; ","newEvent: neCLOSING_LEDGER; ledgerSeq: 8; ledgerHash: ""\325\371\316>\336\364\361`\021\nV\271\333\031\320\244t\024/\346+\231\223\334h\037s\322=Z\307\242""; ledgerHashPrevious: ""\276\230H\305\2714\032l\253n6W\035\354\257.f\r\217\302\203\224\212L\020\S\370\243OP*""; networkTime: 803842771; firstSeq: 1; lastSeq: 7; "
1750527571515,1750527571558,2179,1,0,2,TMStatusChange,"newEvent: neCLOSING_LEDGER; ledgerSeq: 8; ledgerHash: ""\325\371\316>\336\364\361`\021\nV\271\333\031\320\244t\024/\346+\231\223\334h\037s\322=Z\307\242""; ledgerHashPrevious: ""\276\230H\305\2714\032l\253n6W\035\354\257.f\r\217\302\203\224\212L\020\S\370\243OP*""; networkTime: 803842771; firstSeq: 1; lastSeq: 7; ","newEvent: neCLOSING_LEDGER; ledgerSeq: 8; ledgerHash: ""\325\371\316>\336\364\361`\021\nV\271\333\031\320\244t\024/\346+\231\223\334h\037s\322=Z\307\242""; ledgerHashPrevious: ""\276\230H\305\2714\032l\253n6W\035\354\257.f\r\217\302\203\224\212L\020\S\370\243OP*""; networkTime: 803842771; firstSeq: 1; lastSeq: 7; "
1750527571515,1750527571558,1249,1,0,1,TMStatusChange,"newEvent: neCLOSING_LEDGER; ledgerSeq: 8; ledgerHash: ""\325\371\316>\336\364\361`\021\nV\271\333\031\320\244t\024/\346+\231\223\334h\037s\322=Z\307\242""; ledgerHashPrevious: ""\276\230H\305\2714\032l\253n6W\035\354\257.f\r\217\302\203\224\212L\020\S\370\243OP*""; networkTime: 803842771; firstSeq: 1; lastSeq: 7; ","newEvent: neCLOSING_LEDGER; ledgerSeq: 8; ledgerHash: ""\325\371\316>\336\364\361`\021\nV\271\333\031\320\244t\024/\346+\231\223\334h\037s\322=Z\307\242""; ledgerHashPrevious: ""\276\230H\305\2714\032l\253n6W\035\354\257.f\r\217\302\203\224\212L\020\S\370\243OP*""; networkTime: 803842771; firstSeq: 1; lastSeq: 7; "
1750527571514,1750527571558,1964,1,0,3,TMStatusChange,"newEvent: neCLOSING_LEDGER; ledgerSeq: 8; ledgerHash: ""\325\371\316>\336\364\361`\021\nV\271\333\031\320\244t\024/\346+\231\223\334h\037s\322=Z\307\242""; ledgerHashPrevious: ""\276\230H\305\2714\032l\253n6W\035\354\257.f\r\217\302\203\224\212L\020\S\370\243OP*""; networkTime: 803842771; firstSeq: 1; lastSeq: 7; ","newEvent: neCLOSING_LEDGER; ledgerSeq: 8; ledgerHash: ""\325\371\316>\336\364\361`\021\nV\271\333\031\320\244t\024/\346+\231\223\334h\037s\322=Z\307\242""; ledgerHashPrevious: ""\276\230H\305\2714\032l\253n6W\035\354\257.f\r\217\302\203\224\212L\020\S\370\243OP*""; networkTime: 803842771; firstSeq: 1; lastSeq: 7; "
1750527571568,1750527571569,2441,1,4,2,TMProposeSet,"proposeSeq: 0; currentTxHash: ""\000\000\000\000\000\000\000\000\000\000\000\000\000\000\000\000\000\000\000\000\000\000\000\000\000\000\000\000\000\000\000\000""; nodePubKey: ""\003R7o\362bV\300hf\266\241;}\200^\374\240\203[:\342Q\225\221\027y\372\255\235\216\323~""; closeTime: 803842771; signature: ""0E\002!\000\340\360^\2723\224\260+\201\274dJ\375\233\023\274\026\250\ny\364\243#\006A\013\352c\372\035s1\002 wd-u\253\243\3475\206\325\341\274\240\\276u6\320\352\225\230\231q""~4_Ljy?\243""; previousledger: ""\361\035\301\024\220m#*\372\032\3178~\374\250\014*\323\342'z69\220\327\256\351G\367\317u\302""; ","proposeSeq: 0; currentTxHash: ""\000\000\000\000\000\000\000\000\000\000\000\000\000\000\000\000\000\000\000\000\000\000\000\000\000\000\000\000\000\000\000\000""; nodePubKey: ""\003R7o\362bV\300hf\266\241;}\200^\374\240\203[:\342Q\225\221\027y\372\255\235\216\323~""; closeTime: 803842771; signature: ""0E\002!\000\340\360^\2723\224\260+\201\274dJ\375\233\023\274\026\250\ny\364\243#\006A\013\352c\372\035s1\002 wd-u\253\243\3475\206\325\341\274\240\\276u6\320\352\225\230\231q""~4_Ljy?\243""; previousledger: ""\361\035\301\024\220m#*\372\032\3178~\374\250\014*\323\342'z69\220\327\256\351G\367\317u\302""; "
1750527571569,1750527571569,0,1,4,1,TMProposeSet,"proposeSeq: 0; currentTxHash: ""\000\000\000\000\000\000\000\000\000\000\000\000\000\000\000\000\000\000\000\000\000\000\000\000\000\000\000\000\000\000\000\000""; nodePubKey: ""\003R7o\362bV\300hf\266\241;}\200^\374\240\203[:\342Q\225\221\027y\372\255\235\216\323~""; closeTime: 803842771; signature: ""0E\002!\000\340\360^\2723\224\260+\201\274dJ\375\233\023\274\026\250\ny\364\243#\006A\013\352c\372\035s1\002 wd-u\253\243\3475\206\325\341\274\240\\276u6\320\352\225\230\231q""~4_Ljy?\243""; previousledger: ""\361\035\301\024\220m#*\372\032\3178~\374\250\014*\323\342'z69\220\327\256\351G\367\317u\302""; ","proposeSeq: 0; currentTxHash: ""\000\000\000\000\000\000\000\000\000\000\000\000\000\000\000\000\000\000\000\000\000\000\000\000\000\000\000\000\000\000\000\000""; nodePubKey: ""\003R7o\362bV\300hf\266\241;}\200^\374\240\203[:\342Q\225\221\027y\372\255\235\216\323~""; closeTime: 803842771; signature: ""0E\002!\000\340\360^\2723\224\260+\201\274dJ\375\233\023\274\026\250\ny\364\243#\006A\013\352c\372\035s1\002 wd-u\253\243\3475\206\325\341\274\240\\276u6\320\352\225\230\231q""~4_Ljy?\243""; previousledger: ""\361\035\301\024\220m#*\372\032\3178~\374\250\014*\323\342'z69\220\327\256\351G\367\317u\302""; "
1750527571569,1750527571569,0,1,4,3,TMProposeSet,"proposeSeq: 0; currentTxHash: ""\000\000\000\000\000\000\000\000\000\000\000\000\000\000\000\000\000\000\000\000\000\000\000\000\000\000\000\000\000\000\000\000""; nodePubKey: ""\003R7o\362bV\300hf\266\241;}\200^\374\240\203[:\342Q\225\221\027y\372\255\235\216\323~""; closeTime: 803842771; signature: ""0E\002!\000\340\360^\2723\224\260+\201\274dJ\375\233\023\274\026\250\ny\364\243#\006A\013\352c\372\035s1\002 wd-u\253\243\3475\206\325\341\274\240\\276u6\320\352\225\230\231q""~4_Ljy?\243""; previousledger: ""\361\035\301\024\220m#*\372\032\3178~\374\250\014*\323\342'z69\220\327\256\351G\367\317u\302""; ","proposeSeq: 0; currentTxHash: ""\000\000\000\000\000\000\000\000\000\000\000\000\000\000\000\000\000\000\000\000\000\000\000\000\000\000\000\000\000\000\000\000""; nodePubKey: ""\003R7o\362bV\300hf\266\241;}\200^\374\240\203[:\342Q\225\221\027y\372\255\235\216\323~""; closeTime: 803842771; signature: ""0E\002!\000\340\360^\2723\224\260+\201\274dJ\375\233\023\274\026\250\ny\364\243#\006A\013\352c\372\035s1\002 wd-u\253\243\3475\206\325\341\274\240\\276u6\320\352\225\230\231q""~4_Ljy?\243""; previousledger: ""\361\035\301\024\220m#*\372\032\3178~\374\250\014*\323\342'z69\220\327\256\351G\367\317u\302""; "
1750527571584,1750527571584,0,1,4,0,TMProposeSet,"proposeSeq: 0; currentTxHash: ""\000\000\000\000\000\000\000\000\000\000\000\000\000\000\000\000\000\000\000\000\000\000\000\000\000\000\000\000\000\000\000\000""; nodePubKey: ""\003R7o\362bV\300hf\266\241;}\200^\374\240\203[:\342Q\225\221\027y\372\255\235\216\323~""; closeTime: 803842771; signature: ""0E\002!\000\340\360^\2723\224\260+\201\274dJ\375\233\023\274\026\250\ny\364\243#\006A\013\352c\372\035s1\002 wd-u\253\243\3475\206\325\341\274\240\\276u6\320\352\225\230\231q""~4_Ljy?\243""; previousledger: ""\361\035\301\024\220m#*\372\032\3178~\374\250\014*\323\342'z69\220\327\256\351G\367\317u\302""; ","proposeSeq: 0; currentTxHash: ""\000\000\000\000\000\000\000\000\000\000\000\000\000\000\000\000\000\000\000\000\000\000\000\000\000\000\000\000\000\000\000\000""; nodePubKey: ""\003R7o\362bV\300hf\266\241;}\200^\374\240\203[:\342Q\225\221\027y\372\255\235\216\323~""; closeTime: 803842771; signature: ""0E\002!\000\340\360^\2723\224\260+\201\274dJ\375\233\023\274\026\250\ny\364\243#\006A\013\352c\372\035s1\002 wd-u\253\243\3475\206\325\341\274\240\\276u6\320\352\225\230\231q""~4_Ljy?\243""; previousledger: ""\361\035\301\024\220m#*\372\032\3178~\374\250\014*\323\342'z69\220\327\256\351G\367\317u\302""; "
1750527571588,1750527571589,0,1,3,2,TMProposeSet,"proposeSeq: 0; currentTxHash: ""\000\000\000\000\000\000\000\000\000\000\000\000\000\000\000\000\000\000\000\000\000\000\000\000\000\000\000\000\000\000\000\000""; nodePubKey: ""\003R7o\362bV\300hf\266\241;}\200^\374\240\203[:\342Q\225\221\027y\372\255\235\216\323~""; closeTime: 803842771; signature: ""0E\002!\000\340\360^\2723\224\260+\201\274dJ\375\233\023\274\026\250\ny\364\243#\006A\013\352c\372\035s1\002 wd-u\253\243\3475\206\325\341\274\240\\276u6\320\352\225\230\231q""~4_Ljy?\243""; previousledger: ""\361\035\301\024\220m#*\372\032\3178~\374\250\014*\323\342'z69\220\327\256\351G\367\317u\302""; ","proposeSeq: 0; currentTxHash: ""\000\000\000\000\000\000\000\000\000\000\000\000\000\000\000\000\000\000\000\000\000\000\000\000\000\000\000\000\000\000\000\000""; nodePubKey: ""\003R7o\362bV\300hf\266\241;}\200^\374\240\203[:\342Q\225\221\027y\372\255\235\216\323~""; closeTime: 803842771; signature: ""0E\002!\000\340\360^\2723\224\260+\201\274dJ\375\233\023\274\026\250\ny\364\243#\006A\013\352c\372\035s1\002 wd-u\253\243\3475\206\325\341\274\240\\276u6\320\352\225\230\231q""~4_Ljy?\243""; previousledger: ""\361\035\301\024\220m#*\372\032\3178~\374\250\014*\323\342'z69\220\327\256\351G\367\317u\302""; "
1750527571589,1750527571589,0,1,3,1,TMProposeSet,"proposeSeq: 0; currentTxHash: ""\000\000\000\000\000\000\000\000\000\000\000\000\000\000\000\000\000\000\000\000\000\000\000\000\000\000\000\000\000\000\000\000""; nodePubKey: ""\003R7o\362bV\300hf\266\241;}\200^\374\240\203[:\342Q\225\221\027y\372\255\235\216\323~""; closeTime: 803842771; signature: ""0E\002!\000\340\360^\2723\224\260+\201\274dJ\375\233\023\274\026\250\ny\364\243#\006A\013\352c\372\035s1\002 wd-u\253\243\3475\206\325\341\274\240\\276u6\320\352\225\230\231q""~4_Ljy?\243""; previousledger: ""\361\035\301\024\220m#*\372\032\3178~\374\250\014*\323\342'z69\220\327\256\351G\367\317u\302""; ","proposeSeq: 0; currentTxHash: ""\000\000\000\000\000\000\000\000\000\000\000\000\000\000\000\000\000\000\000\000\000\000\000\000\000\000\000\000\000\000\000\000""; nodePubKey: ""\003R7o\362bV\300hf\266\241;}\200^\374\240\203[:\342Q\225\221\027y\372\255\235\216\323~""; closeTime: 803842771; signature: ""0E\002!\000\340\360^\2723\224\260+\201\274dJ\375\233\023\274\026\250\ny\364\243#\006A\013\352c\372\035s1\002 wd-u\253\243\3475\206\325\341\274\240\\276u6\320\352\225\230\231q""~4_Ljy?\243""; previousledger: ""\361\035\301\024\220m#*\372\032\3178~\374\250\014*\323\342'z69\220\327\256\351G\367\317u\302""; "
1750527571589,1750527571590,0,1,3,0,TMProposeSet,"proposeSeq: 0; currentTxHash: ""\000\000\000\000\000\000\000\000\000\000\000\000\000\000\000\000\000\000\000\000\000\000\000\000\000\000\000\000\000\000\000\000""; nodePubKey: ""\003R7o\362bV\300hf\266\241;}\200^\374\240\203[:\342Q\225\221\027y\372\255\235\216\323~""; closeTime: 803842771; signature: ""0E\002!\000\340\360^\2723\224\260+\201\274dJ\375\233\023\274\026\250\ny\364\243#\006A\013\352c\372\035s1\002 wd-u\253\243\3475\206\325\341\274\240\\276u6\320\352\225\230\231q""~4_Ljy?\243""; previousledger: ""\361\035\301\024\220m#*\372\032\3178~\374\250\014*\323\342'z69\220\327\256\351G\367\317u\302""; ","proposeSeq: 0; currentTxHash: ""\000\000\000\000\000\000\000\000\000\000\000\000\000\000\000\000\000\000\000\000\000\000\000\000\000\000\000\000\000\000\000\000""; nodePubKey: ""\003R7o\362bV\300hf\266\241;}\200^\374\240\203[:\342Q\225\221\027y\372\255\235\216\323~""; closeTime: 803842771; signature: ""0E\002!\000\340\360^\2723\224\260+\201\274dJ\375\233\023\274\026\250\ny\364\243#\006A\013\352c\372\035s1\002 wd-u\253\243\3475\206\325\341\274\240\\276u6\320\352\225\230\231q""~4_Ljy?\243""; previousledger: ""\361\035\301\024\220m#*\372\032\3178~\374\250\014*\323\342'z69\220\327\256\351G\367\317u\302""; "
1750527571618,1750527571618,380,1,0,4,TMGetLedger,"itype: liBASE; ledgerHash: ""4\254\326mU\377?\177Ek\336\030!\316Aa\225\303\022\377{\210Y\226\271as\354L\035\004\341""; requestCookie: 2; queryType: qtINDIRECT; ","itype: liBASE; ledgerHash: ""4\254\326mU\377?\177Ek\336\030!\316Aa\225\303\022\377{\210Y\226\271as\354L\035\004\341""; requestCookie: 2; queryType: qtINDIRECT; "
1750527571569,1750527571621,3403,1,4,3,TMStatusChange,"newEvent: neCLOSING_LEDGER; ledgerSeq: 10; ledgerHash: ""\361\035\301\024\220m#*\372\032\3178~\374\250\014*\323\342'z69\220\327\256\351G\367\317u\302""; ledgerHashPrevious: ""4\254\326mU\377?\177Ek\336\030!\316Aa\225\303\022\377{\210Y\226\271as\354L\035\004\341""; networkTime: 803842771; firstSeq: 1; lastSeq: 9; ","newEvent: neCLOSING_LEDGER; ledgerSeq: 10; ledgerHash: ""\361\035\301\024\220m#*\372\032\3178~\374\250\014*\323\342'z69\220\327\256\351G\367\317u\302""; ledgerHashPrevious: ""4\254\326mU\377?\177Ek\336\030!\316Aa\225\303\022\377{\210Y\226\271as\354L\035\004\341""; networkTime: 803842771; firstSeq: 1; lastSeq: 9; "
1750527571569,1750527571621,0,1,4,2,TMStatusChange,"newEvent: neCLOSING_LEDGER; ledgerSeq: 10; ledgerHash: ""\361\035\301\024\220m#*\372\032\3178~\374\250\014*\323\342'z69\220\327\256\351G\367\317u\302""; ledgerHashPrevious: ""4\254\326mU\377?\177Ek\336\030!\316Aa\225\303\022\377{\210Y\226\271as\354L\035\004\341""; networkTime: 803842771; firstSeq: 1; lastSeq: 9; ","newEvent: neCLOSING_LEDGER; ledgerSeq: 10; ledgerHash: ""\361\035\301\024\220m#*\372\032\3178~\374\250\014*\323\342'z69\220\327\256\351G\367\317u\302""; ledgerHashPrevious: ""4\254\326mU\377?\177Ek\336\030!\316Aa\225\303\022\377{\210Y\226\271as\354L\035\004\341""; networkTime: 803842771; firstSeq: 1; lastSeq: 9; "
1750527571585,1750527571621,0,1,4,1,TMStatusChange,"newEvent: neCLOSING_LEDGER; ledgerSeq: 10; ledgerHash: ""\361\035\301\024\220m#*\372\032\3178~\374\250\014*\323\342'z69\220\327\256\351G\367\317u\302""; ledgerHashPrevious: ""4\254\326mU\377?\177Ek\336\030!\316Aa\225\303\022\377{\210Y\226\271as\354L\035\004\341""; networkTime: 803842771; firstSeq: 1; lastSeq: 9; ","newEvent: neCLOSING_LEDGER; ledgerSeq: 10; ledgerHash: ""\361\035\301\024\220m#*\372\032\3178~\374\250\014*\323\342'z69\220\327\256\351G\367\317u\302""; ledgerHashPrevious: ""4\254\326mU\377?\177Ek\336\030!\316Aa\225\303\022\377{\210Y\226\271as\354L\035\004\341""; networkTime: 803842771; firstSeq: 1; lastSeq: 9; "
1750527571585,1750527571621,0,1,4,0,TMStatusChange,"newEvent: neCLOSING_LEDGER; ledgerSeq: 10; ledgerHash: ""\361\035\301\024\220m#*\372\032\3178~\374\250\014*\323\342'z69\220\327\256\351G\367\317u\302""; ledgerHashPrevious: ""4\254\326mU\377?\177Ek\336\030!\316Aa\225\303\022\377{\210Y\226\271as\354L\035\004\341""; networkTime: 803842771; firstSeq: 1; lastSeq: 9; ","newEvent: neCLOSING_LEDGER; ledgerSeq: 10; ledgerHash: ""\361\035\301\024\220m#*\372\032\3178~\374\250\014*\323\342'z69\220\327\256\351G\367\317u\302""; ledgerHashPrevious: ""4\254\326mU\377?\177Ek\336\030!\316Aa\225\303\022\377{\210Y\226\271as\354L\035\004\341""; networkTime: 803842771; firstSeq: 1; lastSeq: 9; "
1750527571696,1750527571696,2920,1,1,0,TMGetLedger,"itype: liBASE; ledgerHash: ""4\254\326mU\377?\177Ek\336\030!\316Aa\225\303\022\377{\210Y\226\271as\354L\035\004\341""; queryType: qtINDIRECT; ","itype: liBASE; ledgerHash: ""4\254\326mU\377?\177Ek\336\030!\316Aa\225\303\022\377{\210Y\226\271as\354L\035\004\341""; queryType: qtINDIRECT; "
1750527571697,1750527571697,1495,1,1,2,TMGetLedger,"itype: liBASE; ledgerHash: ""4\254\326mU\377?\177Ek\336\030!\316Aa\225\303\022\377{\210Y\226\271as\354L\035\004\341""; queryType: qtINDIRECT; ","itype: liBASE; ledgerHash: ""4\254\326mU\377?\177Ek\336\030!\316Aa\225\303\022\377{\210Y\226\271as\354L\035\004\341""; queryType: qtINDIRECT; "
1750527571698,1750527571698,3769,1,1,3,TMGetLedger,"itype: liBASE; ledgerHash: ""4\254\326mU\377?\177Ek\336\030!\316Aa\225\303\022\377{\210Y\226\271as\354L\035\004\341""; queryType: qtINDIRECT; ","itype: liBASE; ledgerHash: ""4\254\326mU\377?\177Ek\336\030!\316Aa\225\303\022\377{\210Y\226\271as\354L\035\004\341""; queryType: qtINDIRECT; "
1750527571699,1750527571699,2920,1,1,0,TMGetLedger,"itype: liBASE; ledgerHash: ""\361\035\301\024\220m#*\372\032\3178~\374\250\014*\323\342'z69\220\327\256\351G\367\317u\302""; ","itype: liBASE; ledgerHash: ""\361\035\301\024\220m#*\372\032\3178~\374\250\014*\323\342'z69\220\327\256\351G\367\317u\302""; "
1750527571697,1750527571697,3810,1,1,4,TMGetLedger,"itype: liBASE; ledgerHash: ""4\254\326mU\377?\177Ek\336\030!\316Aa\225\303\022\377{\210Y\226\271as\354L\035\004\341""; queryType: qtINDIRECT; ","itype: liBASE; ledgerHash: ""4\254\326mU\377?\177Ek\336\030!\316Aa\225\303\022\377{\210Y\226\271as\354L\035\004\341""; queryType: qtINDIRECT; "
1750527571699,1750527571699,1495,1,1,2,TMGetLedger,"itype: liBASE; ledgerHash: ""\361\035\301\024\220m#*\372\032\3178~\374\250\014*\323\342'z69\220\327\256\351G\367\317u\302""; ","itype: liBASE; ledgerHash: ""\361\035\301\024\220m#*\372\032\3178~\374\250\014*\323\342'z69\220\327\256\351G\367\317u\302""; "
1750527571698,1750527571698,3810,1,1,4,TMGetLedger,"itype: liBASE; ledgerHash: ""\361\035\301\024\220m#*\372\032\3178~\374\250\014*\323\342'z69\220\327\256\351G\367\317u\302""; ","itype: liBASE; ledgerHash: ""\361\035\301\024\220m#*\372\032\3178~\374\250\014*\323\342'z69\220\327\256\351G\367\317u\302""; "
1750527571699,1750527571699,3769,1,1,3,TMGetLedger,"itype: liBASE; ledgerHash: ""\361\035\301\024\220m#*\372\032\3178~\374\250\014*\323\342'z69\220\327\256\351G\367\317u\302""; ","itype: liBASE; ledgerHash: ""\361\035\301\024\220m#*\372\032\3178~\374\250\014*\323\342'z69\220\327\256\351G\367\317u\302""; "
1750527571700,1750527571700,2920,1,1,0,TMGetLedger,"itype: liBASE; ledgerHash: ""\361\035\301\024\220m#*\372\032\3178~\374\250\014*\323\342'z69\220\327\256\351G\367\317u\302""; queryType: qtINDIRECT; ","itype: liBASE; ledgerHash: ""\361\035\301\024\220m#*\372\032\3178~\374\250\014*\323\342'z69\220\327\256\351G\367\317u\302""; queryType: qtINDIRECT; "
1750527571700,1750527571700,1311,1,1,3,TMValidation,"validation: """"\200\000\000\001&\000\000\000\n)/\351\252\322:\r\302\353\023?\373\240rQ\361\035\301\024\220m#*\372\032\3178~\374\250\014*\323\342'z69\220\327\256\351G\367\317u\302P\027\000\000\000\000\000\000\000\000\000\000\000\000\000\000\000\000\000\000\000\000\000\000\000\000\000\000\000\000\000\000\000\000P\0314\254\326mU\377?\177Ek\336\030!\316Aa\225\303\022\377{\210Y\226\271as\354L\035\004\341s!\003R7o\362bV\300hf\266\241;}\200^\374\240\203[:\342Q\225\221\027y\372\255\235\216\323~vF0D\002 zW\251\000\345kU|\027\256g\210Y\327\263!_\026\250mvHc\302\250\210\244PY}\031\220\002 r\332\335aq\207\016\260[2\013\274O^s\316\021f\001\000\235\327\211q\005\324\267\217\232\261\271^""; ","validation: """"\200\000\000\001&\000\000\000\n)/\351\252\322:\r\302\353\023?\373\240rQ\361\035\301\024\220m#*\372\032\3178~\374\250\014*\323\342'z69\220\327\256\351G\367\317u\302P\027\000\000\000\000\000\000\000\000\000\000\000\000\000\000\000\000\000\000\000\000\000\000\000\000\000\000\000\000\000\000\000\000P\0314\254\326mU\377?\177Ek\336\030!\316Aa\225\303\022\377{\210Y\226\271as\354L\035\004\341s!\003R7o\362bV\300hf\266\241;}\200^\374\240\203[:\342Q\225\221\027y\372\255\235\216\323~vF0D\002 zW\251\000\345kU|\027\256g\210Y\327\263!_\026\250mvHc\302\250\210\244PY}\031\220\002 r\332\335aq\207\016\260[2\013\274O^s\316\021f\001\000\235\327\211q\005\324\267\217\232\261\271^""; "
1750527571700,1750527571700,3810,1,1,4,TMGetLedger,"itype: liBASE; ledgerHash: ""\361\035\301\024\220m#*\372\032\3178~\374\250\014*\323\342'z69\220\327\256\351G\367\317u\302""; queryType: qtINDIRECT; ","itype: liBASE; ledgerHash: ""\361\035\301\024\220m#*\372\032\3178~\374\250\014*\323\342'z69\220\327\256\351G\367\317u\302""; queryType: qtINDIRECT; "
1750527571701,1750527571701,3769,1,1,3,TMGetLedger,"itype: liBASE; ledgerHash: ""\361\035\301\024\220m#*\372\032\3178~\374\250\014*\323\342'z69\220\327\256\351G\367\317u\302""; queryType: qtINDIRECT; ","itype: liBASE; ledgerHash: ""\361\035\301\024\220m#*\372\032\3178~\374\250\014*\323\342'z69\220\327\256\351G\367\317u\302""; queryType: qtINDIRECT; "
1750527571701,1750527571701,3746,1,1,4,TMValidation,"validation: """"\200\000\000\001&\000\000\000\n)/\351\252\322:\r\302\353\023?\373\240rQ\361\035\301\024\220m#*\372\032\3178~\374\250\014*\323\342'z69\220\327\256\351G\367\317u\302P\027\000\000\000\000\000\000\000\000\000\000\000\000\000\000\000\000\000\000\000\000\000\000\000\000\000\000\000\000\000\000\000\000P\0314\254\326mU\377?\177Ek\336\030!\316Aa\225\303\022\377{\210Y\226\271as\354L\035\004\341s!\003R7o\362bV\300hf\266\241;}\200^\374\240\203[:\342Q\225\221\027y\372\255\235\216\323~vF0D\002 zW\251\000\345kU|\027\256g\210Y\327\263!_\026\250mvHc\302\250\210\244PY}\031\220\002 r\332\335aq\207\016\260[2\013\274O^s\316\021f\001\000\235\327\211q\005\324\267\217\232\261\271^""; ","validation: """"\200\000\000\001&\000\000\000\n)/\351\252\322:\r\302\353\023?\373\240rQ\361\035\301\024\220m#*\372\032\3178~\374\250\014*\323\342'z69\220\327\256\351G\367\317u\302P\027\000\000\000\000\000\000\000\000\000\000\000\000\000\000\000\000\000\000\000\000\000\000\000\000\000\000\000\000\000\000\000\000P\0314\254\326mU\377?\177Ek\336\030!\316Aa\225\303\022\377{\210Y\226\271as\354L\035\004\341s!\003R7o\362bV\300hf\266\241;}\200^\374\240\203[:\342Q\225\221\027y\372\255\235\216\323~vF0D\002 zW\251\000\345kU|\027\256g\210Y\327\263!_\026\250mvHc\302\250\210\244PY}\031\220\002 r\332\335aq\207\016\260[2\013\274O^s\316\021f\001\000\235\327\211q\005\324\267\217\232\261\271^""; "
1750527571701,1750527571701,2229,1,1,0,TMValidation,"validation: """"\200\000\000\001&\000\000\000\n)/\351\252\322:\r\302\353\023?\373\240rQ\361\035\301\024\220m#*\372\032\3178~\374\250\014*\323\342'z69\220\327\256\351G\367\317u\302P\027\000\000\000\000\000\000\000\000\000\000\000\000\000\000\000\000\000\000\000\000\000\000\000\000\000\000\000\000\000\000\000\000P\0314\254\326mU\377?\177Ek\336\030!\316Aa\225\303\022\377{\210Y\226\271as\354L\035\004\341s!\003R7o\362bV\300hf\266\241;}\200^\374\240\203[:\342Q\225\221\027y\372\255\235\216\323~vF0D\002 zW\251\000\345kU|\027\256g\210Y\327\263!_\026\250mvHc\302\250\210\244PY}\031\220\002 r\332\335aq\207\016\260[2\013\274O^s\316\021f\001\000\235\327\211q\005\324\267\217\232\261\271^""; ","validation: """"\200\000\000\001&\000\000\000\n)/\351\252\322:\r\302\353\023?\373\240rQ\361\035\301\024\220m#*\372\032\3178~\374\250\014*\323\342'z69\220\327\256\351G\367\317u\302P\027\000\000\000\000\000\000\000\000\000\000\000\000\000\000\000\000\000\000\000\000\000\000\000\000\000\000\000\000\000\000\000\000P\0314\254\326mU\377?\177Ek\336\030!\316Aa\225\303\022\377{\210Y\226\271as\354L\035\004\341s!\003R7o\362bV\300hf\266\241;}\200^\374\240\203[:\342Q\225\221\027y\372\255\235\216\323~vF0D\002 zW\251\000\345kU|\027\256g\210Y\327\263!_\026\250mvHc\302\250\210\244PY}\031\220\002 r\332\335aq\207\016\260[2\013\274O^s\316\021f\001\000\235\327\211q\005\324\267\217\232\261\271^""; "
1750527571706,1750527571706,380,1,0,4,TMGetLedger,"itype: liBASE; ledgerHash: ""a=\225\273\331\354\365*U\363\263N\367b\371\244\314-w\363\262\225Z\200\206\235\233\257?sE\267""; ledgerSeq: 8; requestCookie: 2; queryType: qtINDIRECT; ","itype: liBASE; ledgerHash: ""a=\225\273\331\354\365*U\363\263N\367b\371\244\314-w\363\262\225Z\200\206\235\233\257?sE\267""; ledgerSeq: 8; requestCookie: 2; queryType: qtINDIRECT; "
1750527571738,1750527571738,1495,1,1,2,TMGetLedger,"itype: liBASE; ledgerHash: ""\361\035\301\024\220m#*\372\032\3178~\374\250\014*\323\342'z69\220\327\256\351G\367\317u\302""; queryType: qtINDIRECT; ","itype: liBASE; ledgerHash: ""\361\035\301\024\220m#*\372\032\3178~\374\250\014*\323\342'z69\220\327\256\351G\367\317u\302""; queryType: qtINDIRECT; "
1750527571802,1750527571802,1199,1,0,2,TMGetLedger,"itype: liBASE; ledgerHash: ""4\254\326mU\377?\177Ek\336\030!\316Aa\225\303\022\377{\210Y\226\271as\354L\035\004\341""; ledgerSeq: 9; queryType: qtINDIRECT; ","itype: liBASE; ledgerHash: ""4\254\326mU\377?\177Ek\336\030!\316Aa\225\303\022\377{\210Y\226\271as\354L\035\004\341""; ledgerSeq: 9; queryType: qtINDIRECT; "
1750527571803,1750527571803,3094,1,0,3,TMGetLedger,"itype: liBASE; ledgerHash: ""4\254\326mU\377?\177Ek\336\030!\316Aa\225\303\022\377{\210Y\226\271as\354L\035\004\341""; ledgerSeq: 9; queryType: qtINDIRECT; ","itype: liBASE; ledgerHash: ""4\254\326mU\377?\177Ek\336\030!\316Aa\225\303\022\377{\210Y\226\271as\354L\035\004\341""; ledgerSeq: 9; queryType: qtINDIRECT; "
1750527571803,1750527571803,3375,1,0,1,TMGetLedger,"itype: liBASE; ledgerHash: ""4\254\326mU\377?\177Ek\336\030!\316Aa\225\303\022\377{\210Y\226\271as\354L\035\004\341""; ledgerSeq: 9; queryType: qtINDIRECT; ","itype: liBASE; ledgerHash: ""4\254\326mU\377?\177Ek\336\030!\316Aa\225\303\022\377{\210Y\226\271as\354L\035\004\341""; ledgerSeq: 9; queryType: qtINDIRECT; "
1750527571803,1750527571803,380,1,0,4,TMGetLedger,"itype: liBASE; ledgerHash: ""4\254\326mU\377?\177Ek\336\030!\316Aa\225\303\022\377{\210Y\226\271as\354L\035\004\341""; ledgerSeq: 9; queryType: qtINDIRECT; ","itype: liBASE; ledgerHash: ""4\254\326mU\377?\177Ek\336\030!\316Aa\225\303\022\377{\210Y\226\271as\354L\035\004\341""; ledgerSeq: 9; queryType: qtINDIRECT; "
1750527571804,1750527571804,3094,1,0,3,TMGetLedger,"itype: liBASE; ledgerHash: ""\361\035\301\024\220m#*\372\032\3178~\374\250\014*\323\342'z69\220\327\256\351G\367\317u\302""; ledgerSeq: 10; ","itype: liBASE; ledgerHash: ""\361\035\301\024\220m#*\372\032\3178~\374\250\014*\323\342'z69\220\327\256\351G\367\317u\302""; ledgerSeq: 10; "
1750527571804,1750527571804,380,1,0,4,TMGetLedger,"itype: liBASE; ledgerHash: ""\361\035\301\024\220m#*\372\032\3178~\374\250\014*\323\342'z69\220\327\256\351G\367\317u\302""; ledgerSeq: 10; ","itype: liBASE; ledgerHash: ""\361\035\301\024\220m#*\372\032\3178~\374\250\014*\323\342'z69\220\327\256\351G\367\317u\302""; ledgerSeq: 10; "
1750527571805,1750527571805,3375,1,0,1,TMGetLedger,"itype: liBASE; ledgerHash: ""\361\035\301\024\220m#*\372\032\3178~\374\250\014*\323\342'z69\220\327\256\351G\367\317u\302""; ledgerSeq: 10; ","itype: liBASE; ledgerHash: ""\361\035\301\024\220m#*\372\032\3178~\374\250\014*\323\342'z69\220\327\256\351G\367\317u\302""; ledgerSeq: 10; "
1750527571805,1750527571805,1199,1,0,2,TMGetLedger,"itype: liBASE; ledgerHash: ""\361\035\301\024\220m#*\372\032\3178~\374\250\014*\323\342'z69\220\327\256\351G\367\317u\302""; ledgerSeq: 10; ","itype: liBASE; ledgerHash: ""\361\035\301\024\220m#*\372\032\3178~\374\250\014*\323\342'z69\220\327\256\351G\367\317u\302""; ledgerSeq: 10; "
1750527571806,1750527571806,3094,1,0,3,TMGetLedger,"itype: liBASE; ledgerHash: ""\361\035\301\024\220m#*\372\032\3178~\374\250\014*\323\342'z69\220\327\256\351G\367\317u\302""; ledgerSeq: 10; queryType: qtINDIRECT; ","itype: liBASE; ledgerHash: ""\361\035\301\024\220m#*\372\032\3178~\374\250\014*\323\342'z69\220\327\256\351G\367\317u\302""; ledgerSeq: 10; queryType: qtINDIRECT; "
1750527571806,1750527571806,782,1,0,4,TMValidation,"validation: """"\200\000\000\001&\000\000\000\n)/\351\252\322:\r\302\353\023?\373\240rQ\361\035\301\024\220m#*\372\032\3178~\374\250\014*\323\342'z69\220\327\256\351G\367\317u\302P\027\000\000\000\000\000\000\000\000\000\000\000\000\000\000\000\000\000\000\000\000\000\000\000\000\000\000\000\000\000\000\000\000P\0314\254\326mU\377?\177Ek\336\030!\316Aa\225\303\022\377{\210Y\226\271as\354L\035\004\341s!\003R7o\362bV\300hf\266\241;}\200^\374\240\203[:\342Q\225\221\027y\372\255\235\216\323~vF0D\002 zW\251\000\345kU|\027\256g\210Y\327\263!_\026\250mvHc\302\250\210\244PY}\031\220\002 r\332\335aq\207\016\260[2\013\274O^s\316\021f\001\000\235\327\211q\005\324\267\217\232\261\271^""; ","validation: """"\200\000\000\001&\000\000\000\n)/\351\252\322:\r\302\353\023?\373\240rQ\361\035\301\024\220m#*\372\032\3178~\374\250\014*\323\342'z69\220\327\256\351G\367\317u\302P\027\000\000\000\000\000\000\000\000\000\000\000\000\000\000\000\000\000\000\000\000\000\000\000\000\000\000\000\000\000\000\000\000P\0314\254\326mU\377?\177Ek\336\030!\316Aa\225\303\022\377{\210Y\226\271as\354L\035\004\341s!\003R7o\362bV\300hf\266\241;}\200^\374\240\203[:\342Q\225\221\027y\372\255\235\216\323~vF0D\002 zW\251\000\345kU|\027\256g\210Y\327\263!_\026\250mvHc\302\250\210\244PY}\031\220\002 r\332\335aq\207\016\260[2\013\274O^s\316\021f\001\000\235\327\211q\005\324\267\217\232\261\271^""; "
1750527571806,1750527571806,380,1,0,4,TMGetLedger,"itype: liBASE; ledgerHash: ""\361\035\301\024\220m#*\372\032\3178~\374\250\014*\323\342'z69\220\327\256\351G\367\317u\302""; ledgerSeq: 10; queryType: qtINDIRECT; ","itype: liBASE; ledgerHash: ""\361\035\301\024\220m#*\372\032\3178~\374\250\014*\323\342'z69\220\327\256\351G\367\317u\302""; ledgerSeq: 10; queryType: qtINDIRECT; "
1750527571806,1750527571806,1199,1,0,2,TMGetLedger,"itype: liBASE; ledgerHash: ""\361\035\301\024\220m#*\372\032\3178~\374\250\014*\323\342'z69\220\327\256\351G\367\317u\302""; ledgerSeq: 10; queryType: qtINDIRECT; ","itype: liBASE; ledgerHash: ""\361\035\301\024\220m#*\372\032\3178~\374\250\014*\323\342'z69\220\327\256\351G\367\317u\302""; ledgerSeq: 10; queryType: qtINDIRECT; "
1750527571807,1750527571807,2261,1,0,1,TMValidation,"validation: """"\200\000\000\001&\000\000\000\n)/\351\252\322:\r\302\353\023?\373\240rQ\361\035\301\024\220m#*\372\032\3178~\374\250\014*\323\342'z69\220\327\256\351G\367\317u\302P\027\000\000\000\000\000\000\000\000\000\000\000\000\000\000\000\000\000\000\000\000\000\000\000\000\000\000\000\000\000\000\000\000P\0314\254\326mU\377?\177Ek\336\030!\316Aa\225\303\022\377{\210Y\226\271as\354L\035\004\341s!\003R7o\362bV\300hf\266\241;}\200^\374\240\203[:\342Q\225\221\027y\372\255\235\216\323~vF0D\002 zW\251\000\345kU|\027\256g\210Y\327\263!_\026\250mvHc\302\250\210\244PY}\031\220\002 r\332\335aq\207\016\260[2\013\274O^s\316\021f\001\000\235\327\211q\005\324\267\217\232\261\271^""; ","validation: """"\200\000\000\001&\000\000\000\n)/\351\252\322:\r\302\353\023?\373\240rQ\361\035\301\024\220m#*\372\032\3178~\374\250\014*\323\342'z69\220\327\256\351G\367\317u\302P\027\000\000\000\000\000\000\000\000\000\000\000\000\000\000\000\000\000\000\000\000\000\000\000\000\000\000\000\000\000\000\000\000P\0314\254\326mU\377?\177Ek\336\030!\316Aa\225\303\022\377{\210Y\226\271as\354L\035\004\341s!\003R7o\362bV\300hf\266\241;}\200^\374\240\203[:\342Q\225\221\027y\372\255\235\216\323~vF0D\002 zW\251\000\345kU|\027\256g\210Y\327\263!_\026\250mvHc\302\250\210\244PY}\031\220\002 r\332\335aq\207\016\260[2\013\274O^s\316\021f\001\000\235\327\211q\005\324\267\217\232\261\271^""; "
1750527571807,1750527571807,3422,1,0,3,TMValidation,"validation: """"\200\000\000\001&\000\000\000\n)/\351\252\322:\r\302\353\023?\373\240rQ\361\035\301\024\220m#*\372\032\3178~\374\250\014*\323\342'z69\220\327\256\351G\367\317u\302P\027\000\000\000\000\000\000\000\000\000\000\000\000\000\000\000\000\000\000\000\000\000\000\000\000\000\000\000\000\000\000\000\000P\0314\254\326mU\377?\177Ek\336\030!\316Aa\225\303\022\377{\210Y\226\271as\354L\035\004\341s!\003R7o\362bV\300hf\266\241;}\200^\374\240\203[:\342Q\225\221\027y\372\255\235\216\323~vF0D\002 zW\251\000\345kU|\027\256g\210Y\327\263!_\026\250mvHc\302\250\210\244PY}\031\220\002 r\332\335aq\207\016\260[2\013\274O^s\316\021f\001\000\235\327\211q\005\324\267\217\232\261\271^""; ","validation: """"\200\000\000\001&\000\000\000\n)/\351\252\322:\r\302\353\023?\373\240rQ\361\035\301\024\220m#*\372\032\3178~\374\250\014*\323\342'z69\220\327\256\351G\367\317u\302P\027\000\000\000\000\000\000\000\000\000\000\000\000\000\000\000\000\000\000\000\000\000\000\000\000\000\000\000\000\000\000\000\000P\0314\254\326mU\377?\177Ek\336\030!\316Aa\225\303\022\377{\210Y\226\271as\354L\035\004\341s!\003R7o\362bV\300hf\266\241;}\200^\374\240\203[:\342Q\225\221\027y\372\255\235\216\323~vF0D\002 zW\251\000\345kU|\027\256g\210Y\327\263!_\026\250mvHc\302\250\210\244PY}\031\220\002 r\332\335aq\207\016\260[2\013\274O^s\316\021f\001\000\235\327\211q\005\324\267\217\232\261\271^""; "
1750527571807,1750527571807,3375,1,0,1,TMGetLedger,"itype: liBASE; ledgerHash: ""\361\035\301\024\220m#*\372\032\3178~\374\250\014*\323\342'z69\220\327\256\351G\367\317u\302""; ledgerSeq: 10; queryType: qtINDIRECT; ","itype: liBASE; ledgerHash: ""\361\035\301\024\220m#*\372\032\3178~\374\250\014*\323\342'z69\220\327\256\351G\367\317u\302""; ledgerSeq: 10; queryType: qtINDIRECT; "
1750527571843,1750527571844,0,1,3,0,TMLedgerData,"ledgerHash: ""a=\225\273\331\354\365*U\363\263N\367b\371\244\314-w\363\262\225Z\200\206\235\233\257?sE\267""; ledgerSeq: 8; type: liBASE; nodes {;   nodedata: ""\000\000\000\010\001cEx]\211\377\330\033@\177e\277\016\010u\327\371&\262\312\317Q\2361t\377x\234\001v\003%\030\325_\225g\204\346\000\000\000\000\000\000\000\000\000\000\000\000\000\000\000\000\000\000\000\000\000\000\000\000\000\000\000\000\000\000\000\0006\207\227F[\243v\371\255c\270\254{\234\371\211\025\226%\351\352\037\264\262\021\311\263k\232\376\007\352/\351\252\264/\351\252\310\n\000""; }; nodes {;   nodedata: ""\323C\344\327\264{\312-\017:\006{\177\344N\002\326bO\260\220\006\033\362\345\005U\221DzJ0\001\301\025%1L\307\t\261\262z\374\222T\301\274V\236\223\262\270Ct\362\337b\356\024*\324\320\351\317\002k\336\234\027v\351\217\260\303\360\233ZPZWr\246$w\313\313\r\243r\232\2234\373\3539:N\004Q\245\272D\312D\300\300\t\323\0257\345e\271\na\215{\226\255x%T\257\037\333\004\344_/R\006E\344\037@\210\363\010\336T\226\247'\204_{\261\370""1\235\2445\343\033Y!\212\201\341\272\225'\007\265l7#N\236*T\346\016\255|M\nD8\n\343\313/\214\216\001\224\267\346}/\277\005?\336\013\003""; }; requestCookie: 2; ","ledgerHash: ""a=\225\273\331\354\365*U\363\263N\367b\371\244\314-w\363\262\225Z\200\206\235\233\257?sE\267""; ledgerSeq: 8; type: liBASE; nodes {;   nodedata: ""\000\000\000\010\001cEx]\211\377\330\033@\177e\277\016\010u\327\371&\262\312\317Q\2361t\377x\234\001v\003%\030\325_\225g\204\346\000\000\000\000\000\000\000\000\000\000\000\000\000\000\000\000\000\000\000\000\000\000\000\000\000\000\000\000\000\000\000\0006\207\227F[\243v\371\255c\270\254{\234\371\211\025\226%\351\352\037\264\262\021\311\263k\232\376\007\352/\351\252\264/\351\252\310\n\000""; }; nodes {;   nodedata: ""\323C\344\327\264{\312-\017:\006{\177\344N\002\326bO\260\220\006\033\362\345\005U\221DzJ0\001\301\025%1L\307\t\261\262z\374\222T\301\274V\236\223\262\270Ct\362\337b\356\024*\324\320\351\317\002k\336\234\027v\351\217\260\303\360\233ZPZWr\246$w\313\313\r\243r\232\2234\373\3539:N\004Q\245\272D\312D\300\300\t\323\0257\345e\271\na\215{\226\255x%T\257\037\333\004\344_/R\006E\344\037@\210\363\010\336T\226\247'\204_{\261\370""1\235\2445\343\033Y!\212\201\341\272\225'\007\265l7#N\236*T\346\016\255|M\nD8\n\343\313/\214\216\001\224\267\346}/\277\005?\336\013\003""; }; requestCookie: 2; "
1750527571845,1750527571845,1434,1,0,1,TMLedgerData,"ledgerHash: ""a=\225\273\331\354\365*U\363\263N\367b\371\244\314-w\363\262\225Z\200\206\235\233\257?sE\267""; ledgerSeq: 8; type: liBASE; nodes {;   nodedata: ""\000\000\000\010\001cEx]\211\377\330\033@\177e\277\016\010u\327\371&\262\312\317Q\2361t\377x\234\001v\003%\030\325_\225g\204\346\000\000\000\000\000\000\000\000\000\000\000\000\000\000\000\000\000\000\000\000\000\000\000\000\000\000\000\000\000\000\000\0006\207\227F[\243v\371\255c\270\254{\234\371\211\025\226%\351\352\037\264\262\021\311\263k\232\376\007\352/\351\252\264/\351\252\310\n\000""; }; nodes {;   nodedata: ""\323C\344\327\264{\312-\017:\006{\177\344N\002\326bO\260\220\006\033\362\345\005U\221DzJ0\001\301\025%1L\307\t\261\262z\374\222T\301\274V\236\223\262\270Ct\362\337b\356\024*\324\320\351\317\002k\336\234\027v\351\217\260\303\360\233ZPZWr\246$w\313\313\r\243r\232\2234\373\3539:N\004Q\245\272D\312D\300\300\t\323\0257\345e\271\na\215{\226\255x%T\257\037\333\004\344_/R\006E\344\037@\210\363\010\336T\226\247'\204_{\261\370""1\235\2445\343\033Y!\212\201\341\272\225'\007\265l7#N\236*T\346\016\255|M\nD8\n\343\313/\214\216\001\224\267\346}/\277\005?\336\013\003""; }; ","ledgerHash: ""a=\225\273\331\354\365*U\363\263N\367b\371\244\314-w\363\262\225Z\200\206\235\233\257?sE\267""; ledgerSeq: 8; type: liBASE; nodes {;   nodedata: ""\000\000\000\010\001cEx]\211\377\330\033@\177e\277\016\010u\327\371&\262\312\317Q\2361t\377x\234\001v\003%\030\325_\225g\204\346\000\000\000\000\000\000\000\000\000\000\000\000\000\000\000\000\000\000\000\000\000\000\000\000\000\000\000\000\000\000\000\0006\207\227F[\243v\371\255c\270\254{\234\371\211\025\226%\351\352\037\264\262\021\311\263k\232\376\007\352/\351\252\264/\351\252\310\n\000""; }; nodes {;   nodedata: ""\323C\344\327\264{\312-\017:\006{\177\344N\002\326bO\260\220\006\033\362\345\005U\221DzJ0\001\301\025%1L\307\t\261\262z\374\222T\301\274V\236\223\262\270Ct\362\337b\356\024*\324\320\351\317\002k\336\234\027v\351\217\260\303\360\233ZPZWr\246$w\313\313\r\243r\232\2234\373\3539:N\004Q\245\272D\312D\300\300\t\323\0257\345e\271\na\215{\226\255x%T\257\037\333\004\344_/R\006E\344\037@\210\363\010\336T\226\247'\204_{\261\370""1\235\2445\343\033Y!\212\201\341\272\225'\007\265l7#N\236*T\346\016\255|M\nD8\n\343\313/\214\216\001\224\267\346}/\277\005?\336\013\003""; }; "
1750527571897,1750527571898,0,1,3,0,TMLedgerData,"ledgerHash: ""4\254\326mU\377?\177Ek\336\030!\316Aa\225\303\022\377{\210Y\226\271as\354L\035\004\341""; ledgerSeq: 9; type: liBASE; nodes {;   nodedata: ""\000\000\000\t\001cEx]\211\377\330a=\225\273\331\354\365*U\363\263N\367b\371\244\314-w\363\262\225Z\200\206\235\233\257?sE\267\000\000\000\000\000\000\000\000\000\000\000\000\000\000\000\000\000\000\000\000\000\000\000\000\000\000\000\000\000\000\000\000\260a9Y\354\267&\263\302xao\033\354\317\022\231\273\315\035\270\2649/W\340\016\240\027y\000Y/\351\252\310/\351\252\322\n\000""; }; nodes {;   nodedata: ""\323C\344\327\264{\312-\017:\006{\177\344N\002\326bO\260\220\006\033\362\345\005U\221DzJ0\001\301\025%1L\307\t\261\262z\374\222T\301\274V\236\223\262\270Ct\362\337b\356\024*\324\320\351\317\002k\336\234\027v\351\217\260\303\360\233ZPZWr\246$w\313\313\r\243r\232\2234\373\3539:N\004Q\245\272D\312D\300\300\t\323\0257\345e\271\na\215{\226\255x%T\257\037\333\004\344_/R\006E\344\037@\210\363\010\336T\226\247'\204_{\261\370""1\235\2445\343\033Y!\212\201\341\272\225'\007\373<\tV\\372\214\276\366\000`\365\371\261\032\317\304\324\207\234\002\027\276K\312\260\250x\t\216\277\200\013\003""; }; ","ledgerHash: ""4\254\326mU\377?\177Ek\336\030!\316Aa\225\303\022\377{\210Y\226\271as\354L\035\004\341""; ledgerSeq: 9; type: liBASE; nodes {;   nodedata: ""\000\000\000\t\001cEx]\211\377\330a=\225\273\331\354\365*U\363\263N\367b\371\244\314-w\363\262\225Z\200\206\235\233\257?sE\267\000\000\000\000\000\000\000\000\000\000\000\000\000\000\000\000\000\000\000\000\000\000\000\000\000\000\000\000\000\000\000\000\260a9Y\354\267&\263\302xao\033\354\317\022\231\273\315\035\270\2649/W\340\016\240\027y\000Y/\351\252\310/\351\252\322\n\000""; }; nodes {;   nodedata: ""\323C\344\327\264{\312-\017:\006{\177\344N\002\326bO\260\220\006\033\362\345\005U\221DzJ0\001\301\025%1L\307\t\261\262z\374\222T\301\274V\236\223\262\270Ct\362\337b\356\024*\324\320\351\317\002k\336\234\027v\351\217\260\303\360\233ZPZWr\246$w\313\313\r\243r\232\2234\373\3539:N\004Q\245\272D\312D\300\300\t\323\0257\345e\271\na\215{\226\255x%T\257\037\333\004\344_/R\006E\344\037@\210\363\010\336T\226\247'\204_{\261\370""1\235\2445\343\033Y!\212\201\341\272\225'\007\373<\tV\\372\214\276\366\000`\365\371\261\032\317\304\324\207\234\002\027\276K\312\260\250x\t\216\277\200\013\003""; }; "
1750527571898,1750527571898,0,1,3,0,TMLedgerData,"ledgerHash: ""4\254\326mU\377?\177Ek\336\030!\316Aa\225\303\022\377{\210Y\226\271as\354L\035\004\341""; ledgerSeq: 9; type: liBASE; nodes {;   nodedata: ""\000\000\000\t\001cEx]\211\377\330a=\225\273\331\354\365*U\363\263N\367b\371\244\314-w\363\262\225Z\200\206\235\233\257?sE\267\000\000\000\000\000\000\000\000\000\000\000\000\000\000\000\000\000\000\000\000\000\000\000\000\000\000\000\000\000\000\000\000\260a9Y\354\267&\263\302xao\033\354\317\022\231\273\315\035\270\2649/W\340\016\240\027y\000Y/\351\252\310/\351\252\322\n\000""; }; nodes {;   nodedata: ""\323C\344\327\264{\312-\017:\006{\177\344N\002\326bO\260\220\006\033\362\345\005U\221DzJ0\001\301\025%1L\307\t\261\262z\374\222T\301\274V\236\223\262\270Ct\362\337b\356\024*\324\320\351\317\002k\336\234\027v\351\217\260\303\360\233ZPZWr\246$w\313\313\r\243r\232\2234\373\3539:N\004Q\245\272D\312D\300\300\t\323\0257\345e\271\na\215{\226\255x%T\257\037\333\004\344_/R\006E\344\037@\210\363\010\336T\226\247'\204_{\261\370""1\235\2445\343\033Y!\212\201\341\272\225'\007\373<\tV\\372\214\276\366\000`\365\371\261\032\317\304\324\207\234\002\027\276K\312\260\250x\t\216\277\200\013\003""; }; ","ledgerHash: ""4\254\326mU\377?\177Ek\336\030!\316Aa\225\303\022\377{\210Y\226\271as\354L\035\004\341""; ledgerSeq: 9; type: liBASE; nodes {;   nodedata: ""\000\000\000\t\001cEx]\211\377\330a=\225\273\331\354\365*U\363\263N\367b\371\244\314-w\363\262\225Z\200\206\235\233\257?sE\267\000\000\000\000\000\000\000\000\000\000\000\000\000\000\000\000\000\000\000\000\000\000\000\000\000\000\000\000\000\000\000\000\260a9Y\354\267&\263\302xao\033\354\317\022\231\273\315\035\270\2649/W\340\016\240\027y\000Y/\351\252\310/\351\252\322\n\000""; }; nodes {;   nodedata: ""\323C\344\327\264{\312-\017:\006{\177\344N\002\326bO\260\220\006\033\362\345\005U\221DzJ0\001\301\025%1L\307\t\261\262z\374\222T\301\274V\236\223\262\270Ct\362\337b\356\024*\324\320\351\317\002k\336\234\027v\351\217\260\303\360\233ZPZWr\246$w\313\313\r\243r\232\2234\373\3539:N\004Q\245\272D\312D\300\300\t\323\0257\345e\271\na\215{\226\255x%T\257\037\333\004\344_/R\006E\344\037@\210\363\010\336T\226\247'\204_{\261\370""1\235\2445\343\033Y!\212\201\341\272\225'\007\373<\tV\\372\214\276\366\000`\365\371\261\032\317\304\324\207\234\002\027\276K\312\260\250x\t\216\277\200\013\003""; }; "
1750527571899,1750527571899,3094,1,0,3,TMGetLedger,"itype: liAS_NODE; ledgerHash: ""4\254\326mU\377?\177Ek\336\030!\316Aa\225\303\022\377{\210Y\226\271as\354L\035\004\341""; ledgerSeq: 9; nodeIDs: ""\260\000\000\000\000\000\000\000\000\000\000\000\000\000\000\000\000\000\000\000\000\000\000\000\000\000\000\000\000\000\000\000\001""; queryType: qtINDIRECT; queryDepth: 1; ","itype: liAS_NODE; ledgerHash: ""4\254\326mU\377?\177Ek\336\030!\316Aa\225\303\022\377{\210Y\226\271as\354L\035\004\341""; ledgerSeq: 9; nodeIDs: ""\260\000\000\000\000\000\000\000\000\000\000\000\000\000\000\000\000\000\000\000\000\000\000\000\000\000\000\000\000\000\000\000\001""; queryType: qtINDIRECT; queryDepth: 1; "
1750527571945,1750527571945,3094,1,0,3,TMGetLedger,"itype: liBASE; ledgerHash: ""4\254\326mU\377?\177Ek\336\030!\316Aa\225\303\022\377{\210Y\226\271as\354L\035\004\341""; ledgerSeq: 9; requestCookie: 3; queryType: qtINDIRECT; ","itype: liBASE; ledgerHash: ""4\254\326mU\377?\177Ek\336\030!\316Aa\225\303\022\377{\210Y\226\271as\354L\035\004\341""; ledgerSeq: 9; requestCookie: 3; queryType: qtINDIRECT; "
1750527571946,1750527571946,3094,1,0,3,TMGetLedger,"itype: liBASE; ledgerHash: ""\361\035\301\024\220m#*\372\032\3178~\374\250\014*\323\342'z69\220\327\256\351G\367\317u\302""; ledgerSeq: 10; requestCookie: 3; queryType: qtINDIRECT; ","itype: liBASE; ledgerHash: ""\361\035\301\024\220m#*\372\032\3178~\374\250\014*\323\342'z69\220\327\256\351G\367\317u\302""; ledgerSeq: 10; requestCookie: 3; queryType: qtINDIRECT; "
1750527571946,1750527571946,1968,1,1,2,TMLedgerData,"ledgerHash: ""a=\225\273\331\354\365*U\363\263N\367b\371\244\314-w\363\262\225Z\200\206\235\233\257?sE\267""; ledgerSeq: 8; type: liBASE; nodes {;   nodedata: ""\000\000\000\010\001cEx]\211\377\330\033@\177e\277\016\010u\327\371&\262\312\317Q\2361t\377x\234\001v\003%\030\325_\225g\204\346\000\000\000\000\000\000\000\000\000\000\000\000\000\000\000\000\000\000\000\000\000\000\000\000\000\000\000\000\000\000\000\0006\207\227F[\243v\371\255c\270\254{\234\371\211\025\226%\351\352\037\264\262\021\311\263k\232\376\007\352/\351\252\264/\351\252\310\n\000""; }; nodes {;   nodedata: ""\323C\344\327\264{\312-\017:\006{\177\344N\002\326bO\260\220\006\033\362\345\005U\221DzJ0\001\301\025%1L\307\t\261\262z\374\222T\301\274V\236\223\262\270Ct\362\337b\356\024*\324\320\351\317\002k\336\234\027v\351\217\260\303\360\233ZPZWr\246$w\313\313\r\243r\232\2234\373\3539:N\004Q\245\272D\312D\300\300\t\323\0257\345e\271\na\215{\226\255x%T\257\037\333\004\344_/R\006E\344\037@\210\363\010\336T\226\247'\204_{\261\370""1\235\2445\343\033Y!\212\201\341\272\225'\007\265l7#N\236*T\346\016\255|M\nD8\n\343\313/\214\216\001\224\267\346}/\277\005?\336\013\003""; }; ","ledgerHash: ""a=\225\273\331\354\365*U\363\263N\367b\371\244\314-w\363\262\225Z\200\206\235\233\257?sE\267""; ledgerSeq: 8; type: liBASE; nodes {;   nodedata: ""\000\000\000\010\001cEx]\211\377\330\033@\177e\277\016\010u\327\371&\262\312\317Q\2361t\377x\234\001v\003%\030\325_\225g\204\346\000\000\000\000\000\000\000\000\000\000\000\000\000\000\000\000\000\000\000\000\000\000\000\000\000\000\000\000\000\000\000\0006\207\227F[\243v\371\255c\270\254{\234\371\211\025\226%\351\352\037\264\262\021\311\263k\232\376\007\352/\351\252\264/\351\252\310\n\000""; }; nodes {;   nodedata: ""\323C\344\327\264{\312-\017:\006{\177\344N\002\326bO\260\220\006\033\362\345\005U\221DzJ0\001\301\025%1L\307\t\261\262z\374\222T\301\274V\236\223\262\270Ct\362\337b\356\024*\324\320\351\317\002k\336\234\027v\351\217\260\303\360\233ZPZWr\246$w\313\313\r\243r\232\2234\373\3539:N\004Q\245\272D\312D\300\300\t\323\0257\345e\271\na\215{\226\255x%T\257\037\333\004\344_/R\006E\344\037@\210\363\010\336T\226\247'\204_{\261\370""1\235\2445\343\033Y!\212\201\341\272\225'\007\265l7#N\236*T\346\016\255|M\nD8\n\343\313/\214\216\001\224\267\346}/\277\005?\336\013\003""; }; "
1750527571987,1750527571987,0,1,3,0,TMLedgerData,"ledgerHash: ""a=\225\273\331\354\365*U\363\263N\367b\371\244\314-w\363\262\225Z\200\206\235\233\257?sE\267""; ledgerSeq: 8; type: liBASE; nodes {;   nodedata: ""\000\000\000\010\001cEx]\211\377\330\033@\177e\277\016\010u\327\371&\262\312\317Q\2361t\377x\234\001v\003%\030\325_\225g\204\346\000\000\000\000\000\000\000\000\000\000\000\000\000\000\000\000\000\000\000\000\000\000\000\000\000\000\000\000\000\000\000\0006\207\227F[\243v\371\255c\270\254{\234\371\211\025\226%\351\352\037\264\262\021\311\263k\232\376\007\352/\351\252\264/\351\252\310\n\000""; }; nodes {;   nodedata: ""\323C\344\327\264{\312-\017:\006{\177\344N\002\326bO\260\220\006\033\362\345\005U\221DzJ0\001\301\025%1L\307\t\261\262z\374\222T\301\274V\236\223\262\270Ct\362\337b\356\024*\324\320\351\317\002k\336\234\027v\351\217\260\303\360\233ZPZWr\246$w\313\313\r\243r\232\2234\373\3539:N\004Q\245\272D\312D\300\300\t\323\0257\345e\271\na\215{\226\255x%T\257\037\333\004\344_/R\006E\344\037@\210\363\010\336T\226\247'\204_{\261\370""1\235\2445\343\033Y!\212\201\341\272\225'\007\265l7#N\236*T\346\016\255|M\nD8\n\343\313/\214\216\001\224\267\346}/\277\005?\336\013\003""; }; ","ledgerHash: ""a=\225\273\331\354\365*U\363\263N\367b\371\244\314-w\363\262\225Z\200\206\235\233\257?sE\267""; ledgerSeq: 8; type: liBASE; nodes {;   nodedata: ""\000\000\000\010\001cEx]\211\377\330\033@\177e\277\016\010u\327\371&\262\312\317Q\2361t\377x\234\001v\003%\030\325_\225g\204\346\000\000\000\000\000\000\000\000\000\000\000\000\000\000\000\000\000\000\000\000\000\000\000\000\000\000\000\000\000\000\000\0006\207\227F[\243v\371\255c\270\254{\234\371\211\025\226%\351\352\037\264\262\021\311\263k\232\376\007\352/\351\252\264/\351\252\310\n\000""; }; nodes {;   nodedata: ""\323C\344\327\264{\312-\017:\006{\177\344N\002\326bO\260\220\006\033\362\345\005U\221DzJ0\001\301\025%1L\307\t\261\262z\374\222T\301\274V\236\223\262\270Ct\362\337b\356\024*\324\320\351\317\002k\336\234\027v\351\217\260\303\360\233ZPZWr\246$w\313\313\r\243r\232\2234\373\3539:N\004Q\245\272D\312D\300\300\t\323\0257\345e\271\na\215{\226\255x%T\257\037\333\004\344_/R\006E\344\037@\210\363\010\336T\226\247'\204_{\261\370""1\235\2445\343\033Y!\212\201\341\272\225'\007\265l7#N\236*T\346\016\255|M\nD8\n\343\313/\214\216\001\224\267\346}/\277\005?\336\013\003""; }; "
1750527572000,1750527572000,0,1,4,0,TMLedgerData,"ledgerHash: ""4\254\326mU\377?\177Ek\336\030!\316Aa\225\303\022\377{\210Y\226\271as\354L\035\004\341""; ledgerSeq: 9; type: liBASE; nodes {;   nodedata: ""\000\000\000\t\001cEx]\211\377\330a=\225\273\331\354\365*U\363\263N\367b\371\244\314-w\363\262\225Z\200\206\235\233\257?sE\267\000\000\000\000\000\000\000\000\000\000\000\000\000\000\000\000\000\000\000\000\000\000\000\000\000\000\000\000\000\000\000\000\260a9Y\354\267&\263\302xao\033\354\317\022\231\273\315\035\270\2649/W\340\016\240\027y\000Y/\351\252\310/\351\252\322\n\000""; }; nodes {;   nodedata: ""\323C\344\327\264{\312-\017:\006{\177\344N\002\326bO\260\220\006\033\362\345\005U\221DzJ0\001\301\025%1L\307\t\261\262z\374\222T\301\274V\236\223\262\270Ct\362\337b\356\024*\324\320\351\317\002k\336\234\027v\351\217\260\303\360\233ZPZWr\246$w\313\313\r\243r\232\2234\373\3539:N\004Q\245\272D\312D\300\300\t\323\0257\345e\271\na\215{\226\255x%T\257\037\333\004\344_/R\006E\344\037@\210\363\010\336T\226\247'\204_{\261\370""1\235\2445\343\033Y!\212\201\341\272\225'\007\373<\tV\\372\214\276\366\000`\365\371\261\032\317\304\324\207\234\002\027\276K\312\260\250x\t\216\277\200\013\003""; }; requestCookie: 2; ","ledgerHash: ""4\254\326mU\377?\177Ek\336\030!\316Aa\225\303\022\377{\210Y\226\271as\354L\035\004\341""; ledgerSeq: 9; type: liBASE; nodes {;   nodedata: ""\000\000\000\t\001cEx]\211\377\330a=\225\273\331\354\365*U\363\263N\367b\371\244\314-w\363\262\225Z\200\206\235\233\257?sE\267\000\000\000\000\000\000\000\000\000\000\000\000\000\000\000\000\000\000\000\000\000\000\000\000\000\000\000\000\000\000\000\000\260a9Y\354\267&\263\302xao\033\354\317\022\231\273\315\035\270\2649/W\340\016\240\027y\000Y/\351\252\310/\351\252\322\n\000""; }; nodes {;   nodedata: ""\323C\344\327\264{\312-\017:\006{\177\344N\002\326bO\260\220\006\033\362\345\005U\221DzJ0\001\301\025%1L\307\t\261\262z\374\222T\301\274V\236\223\262\270Ct\362\337b\356\024*\324\320\351\317\002k\336\234\027v\351\217\260\303\360\233ZPZWr\246$w\313\313\r\243r\232\2234\373\3539:N\004Q\245\272D\312D\300\300\t\323\0257\345e\271\na\215{\226\255x%T\257\037\333\004\344_/R\006E\344\037@\210\363\010\336T\226\247'\204_{\261\370""1\235\2445\343\033Y!\212\201\341\272\225'\007\373<\tV\\372\214\276\366\000`\365\371\261\032\317\304\324\207\234\002\027\276K\312\260\250x\t\216\277\200\013\003""; }; requestCookie: 2; "
1750527572002,1750527572002,1434,1,0,1,TMLedgerData,"ledgerHash: ""4\254\326mU\377?\177Ek\336\030!\316Aa\225\303\022\377{\210Y\226\271as\354L\035\004\341""; ledgerSeq: 9; type: liBASE; nodes {;   nodedata: ""\000\000\000\t\001cEx]\211\377\330a=\225\273\331\354\365*U\363\263N\367b\371\244\314-w\363\262\225Z\200\206\235\233\257?sE\267\000\000\000\000\000\000\000\000\000\000\000\000\000\000\000\000\000\000\000\000\000\000\000\000\000\000\000\000\000\000\000\000\260a9Y\354\267&\263\302xao\033\354\317\022\231\273\315\035\270\2649/W\340\016\240\027y\000Y/\351\252\310/\351\252\322\n\000""; }; nodes {;   nodedata: ""\323C\344\327\264{\312-\017:\006{\177\344N\002\326bO\260\220\006\033\362\345\005U\221DzJ0\001\301\025%1L\307\t\261\262z\374\222T\301\274V\236\223\262\270Ct\362\337b\356\024*\324\320\351\317\002k\336\234\027v\351\217\260\303\360\233ZPZWr\246$w\313\313\r\243r\232\2234\373\3539:N\004Q\245\272D\312D\300\300\t\323\0257\345e\271\na\215{\226\255x%T\257\037\333\004\344_/R\006E\344\037@\210\363\010\336T\226\247'\204_{\261\370""1\235\2445\343\033Y!\212\201\341\272\225'\007\373<\tV\\372\214\276\366\000`\365\371\261\032\317\304\324\207\234\002\027\276K\312\260\250x\t\216\277\200\013\003""; }; ","ledgerHash: ""4\254\326mU\377?\177Ek\336\030!\316Aa\225\303\022\377{\210Y\226\271as\354L\035\004\341""; ledgerSeq: 9; type: liBASE; nodes {;   nodedata: ""\000\000\000\t\001cEx]\211\377\330a=\225\273\331\354\365*U\363\263N\367b\371\244\314-w\363\262\225Z\200\206\235\233\257?sE\267\000\000\000\000\000\000\000\000\000\000\000\000\000\000\000\000\000\000\000\000\000\000\000\000\000\000\000\000\000\000\000\000\260a9Y\354\267&\263\302xao\033\354\317\022\231\273\315\035\270\2649/W\340\016\240\027y\000Y/\351\252\310/\351\252\322\n\000""; }; nodes {;   nodedata: ""\323C\344\327\264{\312-\017:\006{\177\344N\002\326bO\260\220\006\033\362\345\005U\221DzJ0\001\301\025%1L\307\t\261\262z\374\222T\301\274V\236\223\262\270Ct\362\337b\356\024*\324\320\351\317\002k\336\234\027v\351\217\260\303\360\233ZPZWr\246$w\313\313\r\243r\232\2234\373\3539:N\004Q\245\272D\312D\300\300\t\323\0257\345e\271\na\215{\226\255x%T\257\037\333\004\344_/R\006E\344\037@\210\363\010\336T\226\247'\204_{\261\370""1\235\2445\343\033Y!\212\201\341\272\225'\007\373<\tV\\372\214\276\366\000`\365\371\261\032\317\304\324\207\234\002\027\276K\312\260\250x\t\216\277\200\013\003""; }; "
1750527572075,1750527572075,0,1,4,2,TMLedgerData,"ledgerHash: ""4\254\326mU\377?\177Ek\336\030!\316Aa\225\303\022\377{\210Y\226\271as\354L\035\004\341""; ledgerSeq: 9; type: liBASE; nodes {;   nodedata: ""\000\000\000\t\001cEx]\211\377\330a=\225\273\331\354\365*U\363\263N\367b\371\244\314-w\363\262\225Z\200\206\235\233\257?sE\267\000\000\000\000\000\000\000\000\000\000\000\000\000\000\000\000\000\000\000\000\000\000\000\000\000\000\000\000\000\000\000\000\260a9Y\354\267&\263\302xao\033\354\317\022\231\273\315\035\270\2649/W\340\016\240\027y\000Y/\351\252\310/\351\252\322\n\000""; }; nodes {;   nodedata: ""\323C\344\327\264{\312-\017:\006{\177\344N\002\326bO\260\220\006\033\362\345\005U\221DzJ0\001\301\025%1L\307\t\261\262z\374\222T\301\274V\236\223\262\270Ct\362\337b\356\024*\324\320\351\317\002k\336\234\027v\351\217\260\303\360\233ZPZWr\246$w\313\313\r\243r\232\2234\373\3539:N\004Q\245\272D\312D\300\300\t\323\0257\345e\271\na\215{\226\255x%T\257\037\333\004\344_/R\006E\344\037@\210\363\010\336T\226\247'\204_{\261\370""1\235\2445\343\033Y!\212\201\341\272\225'\007\373<\tV\\372\214\276\366\000`\365\371\261\032\317\304\324\207\234\002\027\276K\312\260\250x\t\216\277\200\013\003""; }; ","ledgerHash: ""4\254\326mU\377?\177Ek\336\030!\316Aa\225\303\022\377{\210Y\226\271as\354L\035\004\341""; ledgerSeq: 9; type: liBASE; nodes {;   nodedata: ""\000\000\000\t\001cEx]\211\377\330a=\225\273\331\354\365*U\363\263N\367b\371\244\314-w\363\262\225Z\200\206\235\233\257?sE\267\000\000\000\000\000\000\000\000\000\000\000\000\000\000\000\000\000\000\000\000\000\000\000\000\000\000\000\000\000\000\000\000\260a9Y\354\267&\263\302xao\033\354\317\022\231\273\315\035\270\2649/W\340\016\240\027y\000Y/\351\252\310/\351\252\322\n\000""; }; nodes {;   nodedata: ""\323C\344\327\264{\312-\017:\006{\177\344N\002\326bO\260\220\006\033\362\345\005U\221DzJ0\001\301\025%1L\307\t\261\262z\374\222T\301\274V\236\223\262\270Ct\362\337b\356\024*\324\320\351\317\002k\336\234\027v\351\217\260\303\360\233ZPZWr\246$w\313\313\r\243r\232\2234\373\3539:N\004Q\245\272D\312D\300\300\t\323\0257\345e\271\na\215{\226\255x%T\257\037\333\004\344_/R\006E\344\037@\210\363\010\336T\226\247'\204_{\261\370""1\235\2445\343\033Y!\212\201\341\272\225'\007\373<\tV\\372\214\276\366\000`\365\371\261\032\317\304\324\207\234\002\027\276K\312\260\250x\t\216\277\200\013\003""; }; "
1750527572075,1750527572075,0,1,4,2,TMLedgerData,"ledgerHash: ""4\254\326mU\377?\177Ek\336\030!\316Aa\225\303\022\377{\210Y\226\271as\354L\035\004\341""; ledgerSeq: 9; type: liBASE; nodes {;   nodedata: ""\000\000\000\t\001cEx]\211\377\330a=\225\273\331\354\365*U\363\263N\367b\371\244\314-w\363\262\225Z\200\206\235\233\257?sE\267\000\000\000\000\000\000\000\000\000\000\000\000\000\000\000\000\000\000\000\000\000\000\000\000\000\000\000\000\000\000\000\000\260a9Y\354\267&\263\302xao\033\354\317\022\231\273\315\035\270\2649/W\340\016\240\027y\000Y/\351\252\310/\351\252\322\n\000""; }; nodes {;   nodedata: ""\323C\344\327\264{\312-\017:\006{\177\344N\002\326bO\260\220\006\033\362\345\005U\221DzJ0\001\301\025%1L\307\t\261\262z\374\222T\301\274V\236\223\262\270Ct\362\337b\356\024*\324\320\351\317\002k\336\234\027v\351\217\260\303\360\233ZPZWr\246$w\313\313\r\243r\232\2234\373\3539:N\004Q\245\272D\312D\300\300\t\323\0257\345e\271\na\215{\226\255x%T\257\037\333\004\344_/R\006E\344\037@\210\363\010\336T\226\247'\204_{\261\370""1\235\2445\343\033Y!\212\201\341\272\225'\007\373<\tV\\372\214\276\366\000`\365\371\261\032\317\304\324\207\234\002\027\276K\312\260\250x\t\216\277\200\013\003""; }; ","ledgerHash: ""4\254\326mU\377?\177Ek\336\030!\316Aa\225\303\022\377{\210Y\226\271as\354L\035\004\341""; ledgerSeq: 9; type: liBASE; nodes {;   nodedata: ""\000\000\000\t\001cEx]\211\377\330a=\225\273\331\354\365*U\363\263N\367b\371\244\314-w\363\262\225Z\200\206\235\233\257?sE\267\000\000\000\000\000\000\000\000\000\000\000\000\000\000\000\000\000\000\000\000\000\000\000\000\000\000\000\000\000\000\000\000\260a9Y\354\267&\263\302xao\033\354\317\022\231\273\315\035\270\2649/W\340\016\240\027y\000Y/\351\252\310/\351\252\322\n\000""; }; nodes {;   nodedata: ""\323C\344\327\264{\312-\017:\006{\177\344N\002\326bO\260\220\006\033\362\345\005U\221DzJ0\001\301\025%1L\307\t\261\262z\374\222T\301\274V\236\223\262\270Ct\362\337b\356\024*\324\320\351\317\002k\336\234\027v\351\217\260\303\360\233ZPZWr\246$w\313\313\r\243r\232\2234\373\3539:N\004Q\245\272D\312D\300\300\t\323\0257\345e\271\na\215{\226\255x%T\257\037\333\004\344_/R\006E\344\037@\210\363\010\336T\226\247'\204_{\261\370""1\235\2445\343\033Y!\212\201\341\272\225'\007\373<\tV\\372\214\276\366\000`\365\371\261\032\317\304\324\207\234\002\027\276K\312\260\250x\t\216\277\200\013\003""; }; "
1750527572077,1750527572077,3719,1,2,4,TMGetLedger,"itype: liAS_NODE; ledgerHash: ""4\254\326mU\377?\177Ek\336\030!\316Aa\225\303\022\377{\210Y\226\271as\354L\035\004\341""; ledgerSeq: 9; nodeIDs: ""\260\000\000\000\000\000\000\000\000\000\000\000\000\000\000\000\000\000\000\000\000\000\000\000\000\000\000\000\000\000\000\000\001""; queryType: qtINDIRECT; queryDepth: 1; ","itype: liAS_NODE; ledgerHash: ""4\254\326mU\377?\177Ek\336\030!\316Aa\225\303\022\377{\210Y\226\271as\354L\035\004\341""; ledgerSeq: 9; nodeIDs: ""\260\000\000\000\000\000\000\000\000\000\000\000\000\000\000\000\000\000\000\000\000\000\000\000\000\000\000\000\000\000\000\000\001""; queryType: qtINDIRECT; queryDepth: 1; "
1750527572080,1750527572081,0,1,3,4,TMValidation,"validation: """"\200\000\000\001&\000\000\000\n)/\351\252\322:\r\302\353\023?\373\240rQ\361\035\301\024\220m#*\372\032\3178~\374\250\014*\323\342'z69\220\327\256\351G\367\317u\302P\027\000\000\000\000\000\000\000\000\000\000\000\000\000\000\000\000\000\000\000\000\000\000\000\000\000\000\000\000\000\000\000\000P\0314\254\326mU\377?\177Ek\336\030!\316Aa\225\303\022\377{\210Y\226\271as\354L\035\004\341s!\003R7o\362bV\300hf\266\241;}\200^\374\240\203[:\342Q\225\221\027y\372\255\235\216\323~vF0D\002 zW\251\000\345kU|\027\256g\210Y\327\263!_\026\250mvHc\302\250\210\244PY}\031\220\002 r\332\335aq\207\016\260[2\013\274O^s\316\021f\001\000\235\327\211q\005\324\267\217\232\261\271^""; ","validation: """"\200\000\000\001&\000\000\000\n)/\351\252\322:\r\302\353\023?\373\240rQ\361\035\301\024\220m#*\372\032\3178~\374\250\014*\323\342'z69\220\327\256\351G\367\317u\302P\027\000\000\000\000\000\000\000\000\000\000\000\000\000\000\000\000\000\000\000\000\000\000\000\000\000\000\000\000\000\000\000\000P\0314\254\326mU\377?\177Ek\336\030!\316Aa\225\303\022\377{\210Y\226\271as\354L\035\004\341s!\003R7o\362bV\300hf\266\241;}\200^\374\240\203[:\342Q\225\221\027y\372\255\235\216\323~vF0D\002 zW\251\000\345kU|\027\256g\210Y\327\263!_\026\250mvHc\302\250\210\244PY}\031\220\002 r\332\335aq\207\016\260[2\013\274O^s\316\021f\001\000\235\327\211q\005\324\267\217\232\261\271^""; "
1750527572081,1750527572081,0,1,3,0,TMValidation,"validation: """"\200\000\000\001&\000\000\000\n)/\351\252\322:\r\302\353\023?\373\240rQ\361\035\301\024\220m#*\372\032\3178~\374\250\014*\323\342'z69\220\327\256\351G\367\317u\302P\027\000\000\000\000\000\000\000\000\000\000\000\000\000\000\000\000\000\000\000\000\000\000\000\000\000\000\000\000\000\000\000\000P\0314\254\326mU\377?\177Ek\336\030!\316Aa\225\303\022\377{\210Y\226\271as\354L\035\004\341s!\003R7o\362bV\300hf\266\241;}\200^\374\240\203[:\342Q\225\221\027y\372\255\235\216\323~vF0D\002 zW\251\000\345kU|\027\256g\210Y\327\263!_\026\250mvHc\302\250\210\244PY}\031\220\002 r\332\335aq\207\016\260[2\013\274O^s\316\021f\001\000\235\327\211q\005\324\267\217\232\261\271^""; ","validation: """"\200\000\000\001&\000\000\000\n)/\351\252\322:\r\302\353\023?\373\240rQ\361\035\301\024\220m#*\372\032\3178~\374\250\014*\323\342'z69\220\327\256\351G\367\317u\302P\027\000\000\000\000\000\000\000\000\000\000\000\000\000\000\000\000\000\000\000\000\000\000\000\000\000\000\000\000\000\000\000\000P\0314\254\326mU\377?\177Ek\336\030!\316Aa\225\303\022\377{\210Y\226\271as\354L\035\004\341s!\003R7o\362bV\300hf\266\241;}\200^\374\240\203[:\342Q\225\221\027y\372\255\235\216\323~vF0D\002 zW\251\000\345kU|\027\256g\210Y\327\263!_\026\250mvHc\302\250\210\244PY}\031\220\002 r\332\335aq\207\016\260[2\013\274O^s\316\021f\001\000\235\327\211q\005\324\267\217\232\261\271^""; "
1750527572081,1750527572081,0,1,3,1,TMValidation,"validation: """"\200\000\000\001&\000\000\000\n)/\351\252\322:\r\302\353\023?\373\240rQ\361\035\301\024\220m#*\372\032\3178~\374\250\014*\323\342'z69\220\327\256\351G\367\317u\302P\027\000\000\000\000\000\000\000\000\000\000\000\000\000\000\000\000\000\000\000\000\000\000\000\000\000\000\000\000\000\000\000\000P\0314\254\326mU\377?\177Ek\336\030!\316Aa\225\303\022\377{\210Y\226\271as\354L\035\004\341s!\003R7o\362bV\300hf\266\241;}\200^\374\240\203[:\342Q\225\221\027y\372\255\235\216\323~vF0D\002 zW\251\000\345kU|\027\256g\210Y\327\263!_\026\250mvHc\302\250\210\244PY}\031\220\002 r\332\335aq\207\016\260[2\013\274O^s\316\021f\001\000\235\327\211q\005\324\267\217\232\261\271^""; ","validation: """"\200\000\000\001&\000\000\000\n)/\351\252\322:\r\302\353\023?\373\240rQ\361\035\301\024\220m#*\372\032\3178~\374\250\014*\323\342'z69\220\327\256\351G\367\317u\302P\027\000\000\000\000\000\000\000\000\000\000\000\000\000\000\000\000\000\000\000\000\000\000\000\000\000\000\000\000\000\000\000\000P\0314\254\326mU\377?\177Ek\336\030!\316Aa\225\303\022\377{\210Y\226\271as\354L\035\004\341s!\003R7o\362bV\300hf\266\241;}\200^\374\240\203[:\342Q\225\221\027y\372\255\235\216\323~vF0D\002 zW\251\000\345kU|\027\256g\210Y\327\263!_\026\250mvHc\302\250\210\244PY}\031\220\002 r\332\335aq\207\016\260[2\013\274O^s\316\021f\001\000\235\327\211q\005\324\267\217\232\261\271^""; "
1750527572088,1750527572089,0,1,4,0,TMLedgerData,"ledgerHash: ""a=\225\273\331\354\365*U\363\263N\367b\371\244\314-w\363\262\225Z\200\206\235\233\257?sE\267""; ledgerSeq: 8; type: liBASE; nodes {;   nodedata: ""\000\000\000\010\001cEx]\211\377\330\033@\177e\277\016\010u\327\371&\262\312\317Q\2361t\377x\234\001v\003%\030\325_\225g\204\346\000\000\000\000\000\000\000\000\000\000\000\000\000\000\000\000\000\000\000\000\000\000\000\000\000\000\000\000\000\000\000\0006\207\227F[\243v\371\255c\270\254{\234\371\211\025\226%\351\352\037\264\262\021\311\263k\232\376\007\352/\351\252\264/\351\252\310\n\000""; }; nodes {;   nodedata: ""\323C\344\327\264{\312-\017:\006{\177\344N\002\326bO\260\220\006\033\362\345\005U\221DzJ0\001\301\025%1L\307\t\261\262z\374\222T\301\274V\236\223\262\270Ct\362\337b\356\024*\324\320\351\317\002k\336\234\027v\351\217\260\303\360\233ZPZWr\246$w\313\313\r\243r\232\2234\373\3539:N\004Q\245\272D\312D\300\300\t\323\0257\345e\271\na\215{\226\255x%T\257\037\333\004\344_/R\006E\344\037@\210\363\010\336T\226\247'\204_{\261\370""1\235\2445\343\033Y!\212\201\341\272\225'\007\265l7#N\236*T\346\016\255|M\nD8\n\343\313/\214\216\001\224\267\346}/\277\005?\336\013\003""; }; requestCookie: 2; ","ledgerHash: ""a=\225\273\331\354\365*U\363\263N\367b\371\244\314-w\363\262\225Z\200\206\235\233\257?sE\267""; ledgerSeq: 8; type: liBASE; nodes {;   nodedata: ""\000\000\000\010\001cEx]\211\377\330\033@\177e\277\016\010u\327\371&\262\312\317Q\2361t\377x\234\001v\003%\030\325_\225g\204\346\000\000\000\000\000\000\000\000\000\000\000\000\000\000\000\000\000\000\000\000\000\000\000\000\000\000\000\000\000\000\000\0006\207\227F[\243v\371\255c\270\254{\234\371\211\025\226%\351\352\037\264\262\021\311\263k\232\376\007\352/\351\252\264/\351\252\310\n\000""; }; nodes {;   nodedata: ""\323C\344\327\264{\312-\017:\006{\177\344N\002\326bO\260\220\006\033\362\345\005U\221DzJ0\001\301\025%1L\307\t\261\262z\374\222T\301\274V\236\223\262\270Ct\362\337b\356\024*\324\320\351\317\002k\336\234\027v\351\217\260\303\360\233ZPZWr\246$w\313\313\r\243r\232\2234\373\3539:N\004Q\245\272D\312D\300\300\t\323\0257\345e\271\na\215{\226\255x%T\257\037\333\004\344_/R\006E\344\037@\210\363\010\336T\226\247'\204_{\261\370""1\235\2445\343\033Y!\212\201\341\272\225'\007\265l7#N\236*T\346\016\255|M\nD8\n\343\313/\214\216\001\224\267\346}/\277\005?\336\013\003""; }; requestCookie: 2; "
1750527572090,1750527572090,1434,1,0,1,TMLedgerData,"ledgerHash: ""a=\225\273\331\354\365*U\363\263N\367b\371\244\314-w\363\262\225Z\200\206\235\233\257?sE\267""; ledgerSeq: 8; type: liBASE; nodes {;   nodedata: ""\000\000\000\010\001cEx]\211\377\330\033@\177e\277\016\010u\327\371&\262\312\317Q\2361t\377x\234\001v\003%\030\325_\225g\204\346\000\000\000\000\000\000\000\000\000\000\000\000\000\000\000\000\000\000\000\000\000\000\000\000\000\000\000\000\000\000\000\0006\207\227F[\243v\371\255c\270\254{\234\371\211\025\226%\351\352\037\264\262\021\311\263k\232\376\007\352/\351\252\264/\351\252\310\n\000""; }; nodes {;   nodedata: ""\323C\344\327\264{\312-\017:\006{\177\344N\002\326bO\260\220\006\033\362\345\005U\221DzJ0\001\301\025%1L\307\t\261\262z\374\222T\301\274V\236\223\262\270Ct\362\337b\356\024*\324\320\351\317\002k\336\234\027v\351\217\260\303\360\233ZPZWr\246$w\313\313\r\243r\232\2234\373\3539:N\004Q\245\272D\312D\300\300\t\323\0257\345e\271\na\215{\226\255x%T\257\037\333\004\344_/R\006E\344\037@\210\363\010\336T\226\247'\204_{\261\370""1\235\2445\343\033Y!\212\201\341\272\225'\007\265l7#N\236*T\346\016\255|M\nD8\n\343\313/\214\216\001\224\267\346}/\277\005?\336\013\003""; }; ","ledgerHash: ""a=\225\273\331\354\365*U\363\263N\367b\371\244\314-w\363\262\225Z\200\206\235\233\257?sE\267""; ledgerSeq: 8; type: liBASE; nodes {;   nodedata: ""\000\000\000\010\001cEx]\211\377\330\033@\177e\277\016\010u\327\371&\262\312\317Q\2361t\377x\234\001v\003%\030\325_\225g\204\346\000\000\000\000\000\000\000\000\000\000\000\000\000\000\000\000\000\000\000\000\000\000\000\000\000\000\000\000\000\000\000\0006\207\227F[\243v\371\255c\270\254{\234\371\211\025\226%\351\352\037\264\262\021\311\263k\232\376\007\352/\351\252\264/\351\252\310\n\000""; }; nodes {;   nodedata: ""\323C\344\327\264{\312-\017:\006{\177\344N\002\326bO\260\220\006\033\362\345\005U\221DzJ0\001\301\025%1L\307\t\261\262z\374\222T\301\274V\236\223\262\270Ct\362\337b\356\024*\324\320\351\317\002k\336\234\027v\351\217\260\303\360\233ZPZWr\246$w\313\313\r\243r\232\2234\373\3539:N\004Q\245\272D\312D\300\300\t\323\0257\345e\271\na\215{\226\255x%T\257\037\333\004\344_/R\006E\344\037@\210\363\010\336T\226\247'\204_{\261\370""1\235\2445\343\033Y!\212\201\341\272\225'\007\265l7#N\236*T\346\016\255|M\nD8\n\343\313/\214\216\001\224\267\346}/\277\005?\336\013\003""; }; "
1750527572118,1750527572118,0,1,4,2,TMLedgerData,"ledgerHash: ""a=\225\273\331\354\365*U\363\263N\367b\371\244\314-w\363\262\225Z\200\206\235\233\257?sE\267""; ledgerSeq: 8; type: liBASE; nodes {;   nodedata: ""\000\000\000\010\001cEx]\211\377\330\033@\177e\277\016\010u\327\371&\262\312\317Q\2361t\377x\234\001v\003%\030\325_\225g\204\346\000\000\000\000\000\000\000\000\000\000\000\000\000\000\000\000\000\000\000\000\000\000\000\000\000\000\000\000\000\000\000\0006\207\227F[\243v\371\255c\270\254{\234\371\211\025\226%\351\352\037\264\262\021\311\263k\232\376\007\352/\351\252\264/\351\252\310\n\000""; }; nodes {;   nodedata: ""\323C\344\327\264{\312-\017:\006{\177\344N\002\326bO\260\220\006\033\362\345\005U\221DzJ0\001\301\025%1L\307\t\261\262z\374\222T\301\274V\236\223\262\270Ct\362\337b\356\024*\324\320\351\317\002k\336\234\027v\351\217\260\303\360\233ZPZWr\246$w\313\313\r\243r\232\2234\373\3539:N\004Q\245\272D\312D\300\300\t\323\0257\345e\271\na\215{\226\255x%T\257\037\333\004\344_/R\006E\344\037@\210\363\010\336T\226\247'\204_{\261\370""1\235\2445\343\033Y!\212\201\341\272\225'\007\265l7#N\236*T\346\016\255|M\nD8\n\343\313/\214\216\001\224\267\346}/\277\005?\336\013\003""; }; ","ledgerHash: ""a=\225\273\331\354\365*U\363\263N\367b\371\244\314-w\363\262\225Z\200\206\235\233\257?sE\267""; ledgerSeq: 8; type: liBASE; nodes {;   nodedata: ""\000\000\000\010\001cEx]\211\377\330\033@\177e\277\016\010u\327\371&\262\312\317Q\2361t\377x\234\001v\003%\030\325_\225g\204\346\000\000\000\000\000\000\000\000\000\000\000\000\000\000\000\000\000\000\000\000\000\000\000\000\000\000\000\000\000\000\000\0006\207\227F[\243v\371\255c\270\254{\234\371\211\025\226%\351\352\037\264\262\021\311\263k\232\376\007\352/\351\252\264/\351\252\310\n\000""; }; nodes {;   nodedata: ""\323C\344\327\264{\312-\017:\006{\177\344N\002\326bO\260\220\006\033\362\345\005U\221DzJ0\001\301\025%1L\307\t\261\262z\374\222T\301\274V\236\223\262\270Ct\362\337b\356\024*\324\320\351\317\002k\336\234\027v\351\217\260\303\360\233ZPZWr\246$w\313\313\r\243r\232\2234\373\3539:N\004Q\245\272D\312D\300\300\t\323\0257\345e\271\na\215{\226\255x%T\257\037\333\004\344_/R\006E\344\037@\210\363\010\336T\226\247'\204_{\261\370""1\235\2445\343\033Y!\212\201\341\272\225'\007\265l7#N\236*T\346\016\255|M\nD8\n\343\313/\214\216\001\224\267\346}/\277\005?\336\013\003""; }; "
1750527572178,1750527572178,3810,1,1,4,TMGetLedger,"itype: liBASE; ledgerHash: ""4\254\326mU\377?\177Ek\336\030!\316Aa\225\303\022\377{\210Y\226\271as\354L\035\004\341""; requestCookie: 2; queryType: qtINDIRECT; ","itype: liBASE; ledgerHash: ""4\254\326mU\377?\177Ek\336\030!\316Aa\225\303\022\377{\210Y\226\271as\354L\035\004\341""; requestCookie: 2; queryType: qtINDIRECT; "
1750527572184,1750527572185,0,1,4,0,TMLedgerData,"ledgerHash: ""4\254\326mU\377?\177Ek\336\030!\316Aa\225\303\022\377{\210Y\226\271as\354L\035\004\341""; ledgerSeq: 9; type: liBASE; nodes {;   nodedata: ""\000\000\000\t\001cEx]\211\377\330a=\225\273\331\354\365*U\363\263N\367b\371\244\314-w\363\262\225Z\200\206\235\233\257?sE\267\000\000\000\000\000\000\000\000\000\000\000\000\000\000\000\000\000\000\000\000\000\000\000\000\000\000\000\000\000\000\000\000\260a9Y\354\267&\263\302xao\033\354\317\022\231\273\315\035\270\2649/W\340\016\240\027y\000Y/\351\252\310/\351\252\322\n\000""; }; nodes {;   nodedata: ""\323C\344\327\264{\312-\017:\006{\177\344N\002\326bO\260\220\006\033\362\345\005U\221DzJ0\001\301\025%1L\307\t\261\262z\374\222T\301\274V\236\223\262\270Ct\362\337b\356\024*\324\320\351\317\002k\336\234\027v\351\217\260\303\360\233ZPZWr\246$w\313\313\r\243r\232\2234\373\3539:N\004Q\245\272D\312D\300\300\t\323\0257\345e\271\na\215{\226\255x%T\257\037\333\004\344_/R\006E\344\037@\210\363\010\336T\226\247'\204_{\261\370""1\235\2445\343\033Y!\212\201\341\272\225'\007\373<\tV\\372\214\276\366\000`\365\371\261\032\317\304\324\207\234\002\027\276K\312\260\250x\t\216\277\200\013\003""; }; ","ledgerHash: ""4\254\326mU\377?\177Ek\336\030!\316Aa\225\303\022\377{\210Y\226\271as\354L\035\004\341""; ledgerSeq: 9; type: liBASE; nodes {;   nodedata: ""\000\000\000\t\001cEx]\211\377\330a=\225\273\331\354\365*U\363\263N\367b\371\244\314-w\363\262\225Z\200\206\235\233\257?sE\267\000\000\000\000\000\000\000\000\000\000\000\000\000\000\000\000\000\000\000\000\000\000\000\000\000\000\000\000\000\000\000\000\260a9Y\354\267&\263\302xao\033\354\317\022\231\273\315\035\270\2649/W\340\016\240\027y\000Y/\351\252\310/\351\252\322\n\000""; }; nodes {;   nodedata: ""\323C\344\327\264{\312-\017:\006{\177\344N\002\326bO\260\220\006\033\362\345\005U\221DzJ0\001\301\025%1L\307\t\261\262z\374\222T\301\274V\236\223\262\270Ct\362\337b\356\024*\324\320\351\317\002k\336\234\027v\351\217\260\303\360\233ZPZWr\246$w\313\313\r\243r\232\2234\373\3539:N\004Q\245\272D\312D\300\300\t\323\0257\345e\271\na\215{\226\255x%T\257\037\333\004\344_/R\006E\344\037@\210\363\010\336T\226\247'\204_{\261\370""1\235\2445\343\033Y!\212\201\341\272\225'\007\373<\tV\\372\214\276\366\000`\365\371\261\032\317\304\324\207\234\002\027\276K\312\260\250x\t\216\277\200\013\003""; }; "
1750527572185,1750527572186,0,1,4,0,TMLedgerData,"ledgerHash: ""\361\035\301\024\220m#*\372\032\3178~\374\250\014*\323\342'z69\220\327\256\351G\367\317u\302""; ledgerSeq: 10; type: liBASE; nodes {;   nodedata: ""\000\000\000\n\001cEx]\211\377\3304\254\326mU\377?\177Ek\336\030!\316Aa\225\303\022\377{\210Y\226\271as\354L\035\004\341\000\000\000\000\000\000\000\000\000\000\000\000\000\000\000\000\000\000\000\000\000\000\000\000\000\000\000\000\000\000\000\000\254\245\205(\333\232|\316\344\256\352g\326\377\207\201\343}F-uI:<\316[sh\026\205\0031/\351\252\322/\351\252\323\n\000""; }; nodes {;   nodedata: ""\323C\344\327\264{\312-\017:\006{\177\344N\002\326bO\260\220\006\033\362\345\005U\221DzJ0\001\301\025%1L\307\t\261\262z\374\222T\301\274V\236\223\262\270Ct\362\337b\356\024*\324\320\351\317\002k\336\234\027v\351\217\260\303\360\233ZPZWr\246$w\313\313\r\243r\232\2234\373\3539:N\004Q\245\272D\312D\300\300\t\323\0257\345e\271\na\215{\226\255x%T\257\037\333\004\344_/R\006E\344\037@\210\363\010\336T\226\247'\204_{\261\370""1\235\2445\343\033Y!\212\201\341\272\225'\007o""\025\223n_\364\354#\3206\344&\233Q\177y\227\265&\014\312\302\336\221\221\013m(`\236\007\013\003""; }; ","ledgerHash: ""\361\035\301\024\220m#*\372\032\3178~\374\250\014*\323\342'z69\220\327\256\351G\367\317u\302""; ledgerSeq: 10; type: liBASE; nodes {;   nodedata: ""\000\000\000\n\001cEx]\211\377\3304\254\326mU\377?\177Ek\336\030!\316Aa\225\303\022\377{\210Y\226\271as\354L\035\004\341\000\000\000\000\000\000\000\000\000\000\000\000\000\000\000\000\000\000\000\000\000\000\000\000\000\000\000\000\000\000\000\000\254\245\205(\333\232|\316\344\256\352g\326\377\207\201\343}F-uI:<\316[sh\026\205\0031/\351\252\322/\351\252\323\n\000""; }; nodes {;   nodedata: ""\323C\344\327\264{\312-\017:\006{\177\344N\002\326bO\260\220\006\033\362\345\005U\221DzJ0\001\301\025%1L\307\t\261\262z\374\222T\301\274V\236\223\262\270Ct\362\337b\356\024*\324\320\351\317\002k\336\234\027v\351\217\260\303\360\233ZPZWr\246$w\313\313\r\243r\232\2234\373\3539:N\004Q\245\272D\312D\300\300\t\323\0257\345e\271\na\215{\226\255x%T\257\037\333\004\344_/R\006E\344\037@\210\363\010\336T\226\247'\204_{\261\370""1\235\2445\343\033Y!\212\201\341\272\225'\007o""\025\223n_\364\354#\3206\344&\233Q\177y\227\265&\014\312\302\336\221\221\013m(`\236\007\013\003""; }; "
1750527572188,1750527572188,380,1,0,4,TMGetLedger,"itype: liAS_NODE; ledgerHash: ""\361\035\301\024\220m#*\372\032\3178~\374\250\014*\323\342'z69\220\327\256\351G\367\317u\302""; ledgerSeq: 10; nodeIDs: ""\260\000\000\000\000\000\000\000\000\000\000\000\000\000\000\000\000\000\000\000\000\000\000\000\000\000\000\000\000\000\000\000\001""; queryType: qtINDIRECT; queryDepth: 1; ","itype: liAS_NODE; ledgerHash: ""\361\035\301\024\220m#*\372\032\3178~\374\250\014*\323\342'z69\220\327\256\351G\367\317u\302""; ledgerSeq: 10; nodeIDs: ""\260\000\000\000\000\000\000\000\000\000\000\000\000\000\000\000\000\000\000\000\000\000\000\000\000\000\000\000\000\000\000\000\001""; queryType: qtINDIRECT; queryDepth: 1; "
1750527572202,1750527572203,1933,1,0,2,TMValidation,"validation: """"\200\000\000\001&\000\000\000\n)/\351\252\322:p\210\265\307-\212\200\004Q\361\035\301\024\220m#*\372\032\3178~\374\250\014*\323\342'z69\220\327\256\351G\367\317u\302P\027\000\000\000\000\000\000\000\000\000\000\000\000\000\000\000\000\000\000\000\000\000\000\000\000\000\000\000\000\000\000\000\000P\0314\254\326mU\377?\177Ek\336\030!\316Aa\225\303\022\377{\210Y\226\271as\354L\035\004\341s!\002\364d\217\366\217|\316F\232\231\241\n\261\333`\312O\367\235\025DD\336e\367\n\312\326\221\037\025\230vF0D\002 ~\342i\341[\346n\277\251\001\261\317\244%:\001'\256kP#6\256c#\360\377\362\251\325aZ\002 J\200f\274U6\004\205\000\322S\007B\263\030bd\267\317\230q\2660\\336f(\345\3551\035]""; ","validation: """"\200\000\000\001&\000\000\000\n)/\351\252\322:p\210\265\307-\212\200\004Q\361\035\301\024\220m#*\372\032\3178~\374\250\014*\323\342'z69\220\327\256\351G\367\317u\302P\027\000\000\000\000\000\000\000\000\000\000\000\000\000\000\000\000\000\000\000\000\000\000\000\000\000\000\000\000\000\000\000\000P\0314\254\326mU\377?\177Ek\336\030!\316Aa\225\303\022\377{\210Y\226\271as\354L\035\004\341s!\002\364d\217\366\217|\316F\232\231\241\n\261\333`\312O\367\235\025DD\336e\367\n\312\326\221\037\025\230vF0D\002 ~\342i\341[\346n\277\251\001\261\317\244%:\001'\256kP#6\256c#\360\377\362\251\325aZ\002 J\200f\274U6\004\205\000\322S\007B\263\030bd\267\317\230q\2660\\336f(\345\3551\035]""; "
1750527572203,1750527572203,2261,1,0,1,TMValidation,"validation: """"\200\000\000\001&\000\000\000\n)/\351\252\322:p\210\265\307-\212\200\004Q\361\035\301\024\220m#*\372\032\3178~\374\250\014*\323\342'z69\220\327\256\351G\367\317u\302P\027\000\000\000\000\000\000\000\000\000\000\000\000\000\000\000\000\000\000\000\000\000\000\000\000\000\000\000\000\000\000\000\000P\0314\254\326mU\377?\177Ek\336\030!\316Aa\225\303\022\377{\210Y\226\271as\354L\035\004\341s!\002\364d\217\366\217|\316F\232\231\241\n\261\333`\312O\367\235\025DD\336e\367\n\312\326\221\037\025\230vF0D\002 ~\342i\341[\346n\277\251\001\261\317\244%:\001'\256kP#6\256c#\360\377\362\251\325aZ\002 J\200f\274U6\004\205\000\322S\007B\263\030bd\267\317\230q\2660\\336f(\345\3551\035]""; ","validation: """"\200\000\000\001&\000\000\000\n)/\351\252\322:p\210\265\307-\212\200\004Q\361\035\301\024\220m#*\372\032\3178~\374\250\014*\323\342'z69\220\327\256\351G\367\317u\302P\027\000\000\000\000\000\000\000\000\000\000\000\000\000\000\000\000\000\000\000\000\000\000\000\000\000\000\000\000\000\000\000\000P\0314\254\326mU\377?\177Ek\336\030!\316Aa\225\303\022\377{\210Y\226\271as\354L\035\004\341s!\002\364d\217\366\217|\316F\232\231\241\n\261\333`\312O\367\235\025DD\336e\367\n\312\326\221\037\025\230vF0D\002 ~\342i\341[\346n\277\251\001\261\317\244%:\001'\256kP#6\256c#\360\377\362\251\325aZ\002 J\200f\274U6\004\205\000\322S\007B\263\030bd\267\317\230q\2660\\336f(\345\3551\035]""; "
1750527572203,1750527572204,782,1,0,4,TMValidation,"validation: """"\200\000\000\001&\000\000\000\n)/\351\252\322:p\210\265\307-\212\200\004Q\361\035\301\024\220m#*\372\032\3178~\374\250\014*\323\342'z69\220\327\256\351G\367\317u\302P\027\000\000\000\000\000\000\000\000\000\000\000\000\000\000\000\000\000\000\000\000\000\000\000\000\000\000\000\000\000\000\000\000P\0314\254\326mU\377?\177Ek\336\030!\316Aa\225\303\022\377{\210Y\226\271as\354L\035\004\341s!\002\364d\217\366\217|\316F\232\231\241\n\261\333`\312O\367\235\025DD\336e\367\n\312\326\221\037\025\230vF0D\002 ~\342i\341[\346n\277\251\001\261\317\244%:\001'\256kP#6\256c#\360\377\362\251\325aZ\002 J\200f\274U6\004\205\000\322S\007B\263\030bd\267\317\230q\2660\\336f(\345\3551\035]""; ","validation: """"\200\000\000\001&\000\000\000\n)/\351\252\322:p\210\265\307-\212\200\004Q\361\035\301\024\220m#*\372\032\3178~\374\250\014*\323\342'z69\220\327\256\351G\367\317u\302P\027\000\000\000\000\000\000\000\000\000\000\000\000\000\000\000\000\000\000\000\000\000\000\000\000\000\000\000\000\000\000\000\000P\0314\254\326mU\377?\177Ek\336\030!\316Aa\225\303\022\377{\210Y\226\271as\354L\035\004\341s!\002\364d\217\366\217|\316F\232\231\241\n\261\333`\312O\367\235\025DD\336e\367\n\312\326\221\037\025\230vF0D\002 ~\342i\341[\346n\277\251\001\261\317\244%:\001'\256kP#6\256c#\360\377\362\251\325aZ\002 J\200f\274U6\004\205\000\322S\007B\263\030bd\267\317\230q\2660\\336f(\345\3551\035]""; "
1750527572226,1750527572226,0,1,4,0,TMLedgerData,"ledgerHash: ""\361\035\301\024\220m#*\372\032\3178~\374\250\014*\323\342'z69\220\327\256\351G\367\317u\302""; ledgerSeq: 10; type: liBASE; nodes {;   nodedata: ""\000\000\000\n\001cEx]\211\377\3304\254\326mU\377?\177Ek\336\030!\316Aa\225\303\022\377{\210Y\226\271as\354L\035\004\341\000\000\000\000\000\000\000\000\000\000\000\000\000\000\000\000\000\000\000\000\000\000\000\000\000\000\000\000\000\000\000\000\254\245\205(\333\232|\316\344\256\352g\326\377\207\201\343}F-uI:<\316[sh\026\205\0031/\351\252\322/\351\252\323\n\000""; }; nodes {;   nodedata: ""\323C\344\327\264{\312-\017:\006{\177\344N\002\326bO\260\220\006\033\362\345\005U\221DzJ0\001\301\025%1L\307\t\261\262z\374\222T\301\274V\236\223\262\270Ct\362\337b\356\024*\324\320\351\317\002k\336\234\027v\351\217\260\303\360\233ZPZWr\246$w\313\313\r\243r\232\2234\373\3539:N\004Q\245\272D\312D\300\300\t\323\0257\345e\271\na\215{\226\255x%T\257\037\333\004\344_/R\006E\344\037@\210\363\010\336T\226\247'\204_{\261\370""1\235\2445\343\033Y!\212\201\341\272\225'\007o""\025\223n_\364\354#\3206\344&\233Q\177y\227\265&\014\312\302\336\221\221\013m(`\236\007\013\003""; }; ","ledgerHash: ""\361\035\301\024\220m#*\372\032\3178~\374\250\014*\323\342'z69\220\327\256\351G\367\317u\302""; ledgerSeq: 10; type: liBASE; nodes {;   nodedata: ""\000\000\000\n\001cEx]\211\377\3304\254\326mU\377?\177Ek\336\030!\316Aa\225\303\022\377{\210Y\226\271as\354L\035\004\341\000\000\000\000\000\000\000\000\000\000\000\000\000\000\000\000\000\000\000\000\000\000\000\000\000\000\000\000\000\000\000\000\254\245\205(\333\232|\316\344\256\352g\326\377\207\201\343}F-uI:<\316[sh\026\205\0031/\351\252\322/\351\252\323\n\000""; }; nodes {;   nodedata: ""\323C\344\327\264{\312-\017:\006{\177\344N\002\326bO\260\220\006\033\362\345\005U\221DzJ0\001\301\025%1L\307\t\261\262z\374\222T\301\274V\236\223\262\270Ct\362\337b\356\024*\324\320\351\317\002k\336\234\027v\351\217\260\303\360\233ZPZWr\246$w\313\313\r\243r\232\2234\373\3539:N\004Q\245\272D\312D\300\300\t\323\0257\345e\271\na\215{\226\255x%T\257\037\333\004\344_/R\006E\344\037@\210\363\010\336T\226\247'\204_{\261\370""1\235\2445\343\033Y!\212\201\341\272\225'\007o""\025\223n_\364\354#\3206\344&\233Q\177y\227\265&\014\312\302\336\221\221\013m(`\236\007\013\003""; }; "
1750527572268,1750527572268,3769,1,1,3,TMGetLedger,"itype: liBASE; ledgerHash: ""a=\225\273\331\354\365*U\363\263N\367b\371\244\314-w\363\262\225Z\200\206\235\233\257?sE\267""; ledgerSeq: 8; requestCookie: 2; queryType: qtINDIRECT; ","itype: liBASE; ledgerHash: ""a=\225\273\331\354\365*U\363\263N\367b\371\244\314-w\363\262\225Z\200\206\235\233\257?sE\267""; ledgerSeq: 8; requestCookie: 2; queryType: qtINDIRECT; "
1750527572356,1750527572356,0,1,3,2,TMLedgerData,"ledgerHash: ""4\254\326mU\377?\177Ek\336\030!\316Aa\225\303\022\377{\210Y\226\271as\354L\035\004\341""; ledgerSeq: 9; type: liBASE; nodes {;   nodedata: ""\000\000\000\t\001cEx]\211\377\330a=\225\273\331\354\365*U\363\263N\367b\371\244\314-w\363\262\225Z\200\206\235\233\257?sE\267\000\000\000\000\000\000\000\000\000\000\000\000\000\000\000\000\000\000\000\000\000\000\000\000\000\000\000\000\000\000\000\000\260a9Y\354\267&\263\302xao\033\354\317\022\231\273\315\035\270\2649/W\340\016\240\027y\000Y/\351\252\310/\351\252\322\n\000""; }; nodes {;   nodedata: ""\323C\344\327\264{\312-\017:\006{\177\344N\002\326bO\260\220\006\033\362\345\005U\221DzJ0\001\301\025%1L\307\t\261\262z\374\222T\301\274V\236\223\262\270Ct\362\337b\356\024*\324\320\351\317\002k\336\234\027v\351\217\260\303\360\233ZPZWr\246$w\313\313\r\243r\232\2234\373\3539:N\004Q\245\272D\312D\300\300\t\323\0257\345e\271\na\215{\226\255x%T\257\037\333\004\344_/R\006E\344\037@\210\363\010\336T\226\247'\204_{\261\370""1\235\2445\343\033Y!\212\201\341\272\225'\007\373<\tV\\372\214\276\366\000`\365\371\261\032\317\304\324\207\234\002\027\276K\312\260\250x\t\216\277\200\013\003""; }; ","ledgerHash: ""4\254\326mU\377?\177Ek\336\030!\316Aa\225\303\022\377{\210Y\226\271as\354L\035\004\341""; ledgerSeq: 9; type: liBASE; nodes {;   nodedata: ""\000\000\000\t\001cEx]\211\377\330a=\225\273\331\354\365*U\363\263N\367b\371\244\314-w\363\262\225Z\200\206\235\233\257?sE\267\000\000\000\000\000\000\000\000\000\000\000\000\000\000\000\000\000\000\000\000\000\000\000\000\000\000\000\000\000\000\000\000\260a9Y\354\267&\263\302xao\033\354\317\022\231\273\315\035\270\2649/W\340\016\240\027y\000Y/\351\252\310/\351\252\322\n\000""; }; nodes {;   nodedata: ""\323C\344\327\264{\312-\017:\006{\177\344N\002\326bO\260\220\006\033\362\345\005U\221DzJ0\001\301\025%1L\307\t\261\262z\374\222T\301\274V\236\223\262\270Ct\362\337b\356\024*\324\320\351\317\002k\336\234\027v\351\217\260\303\360\233ZPZWr\246$w\313\313\r\243r\232\2234\373\3539:N\004Q\245\272D\312D\300\300\t\323\0257\345e\271\na\215{\226\255x%T\257\037\333\004\344_/R\006E\344\037@\210\363\010\336T\226\247'\204_{\261\370""1\235\2445\343\033Y!\212\201\341\272\225'\007\373<\tV\\372\214\276\366\000`\365\371\261\032\317\304\324\207\234\002\027\276K\312\260\250x\t\216\277\200\013\003""; }; "
1750527572356,1750527572357,0,1,3,2,TMLedgerData,"ledgerHash: ""4\254\326mU\377?\177Ek\336\030!\316Aa\225\303\022\377{\210Y\226\271as\354L\035\004\341""; ledgerSeq: 9; type: liBASE; nodes {;   nodedata: ""\000\000\000\t\001cEx]\211\377\330a=\225\273\331\354\365*U\363\263N\367b\371\244\314-w\363\262\225Z\200\206\235\233\257?sE\267\000\000\000\000\000\000\000\000\000\000\000\000\000\000\000\000\000\000\000\000\000\000\000\000\000\000\000\000\000\000\000\000\260a9Y\354\267&\263\302xao\033\354\317\022\231\273\315\035\270\2649/W\340\016\240\027y\000Y/\351\252\310/\351\252\322\n\000""; }; nodes {;   nodedata: ""\323C\344\327\264{\312-\017:\006{\177\344N\002\326bO\260\220\006\033\362\345\005U\221DzJ0\001\301\025%1L\307\t\261\262z\374\222T\301\274V\236\223\262\270Ct\362\337b\356\024*\324\320\351\317\002k\336\234\027v\351\217\260\303\360\233ZPZWr\246$w\313\313\r\243r\232\2234\373\3539:N\004Q\245\272D\312D\300\300\t\323\0257\345e\271\na\215{\226\255x%T\257\037\333\004\344_/R\006E\344\037@\210\363\010\336T\226\247'\204_{\261\370""1\235\2445\343\033Y!\212\201\341\272\225'\007\373<\tV\\372\214\276\366\000`\365\371\261\032\317\304\324\207\234\002\027\276K\312\260\250x\t\216\277\200\013\003""; }; ","ledgerHash: ""4\254\326mU\377?\177Ek\336\030!\316Aa\225\303\022\377{\210Y\226\271as\354L\035\004\341""; ledgerSeq: 9; type: liBASE; nodes {;   nodedata: ""\000\000\000\t\001cEx]\211\377\330a=\225\273\331\354\365*U\363\263N\367b\371\244\314-w\363\262\225Z\200\206\235\233\257?sE\267\000\000\000\000\000\000\000\000\000\000\000\000\000\000\000\000\000\000\000\000\000\000\000\000\000\000\000\000\000\000\000\000\260a9Y\354\267&\263\302xao\033\354\317\022\231\273\315\035\270\2649/W\340\016\240\027y\000Y/\351\252\310/\351\252\322\n\000""; }; nodes {;   nodedata: ""\323C\344\327\264{\312-\017:\006{\177\344N\002\326bO\260\220\006\033\362\345\005U\221DzJ0\001\301\025%1L\307\t\261\262z\374\222T\301\274V\236\223\262\270Ct\362\337b\356\024*\324\320\351\317\002k\336\234\027v\351\217\260\303\360\233ZPZWr\246$w\313\313\r\243r\232\2234\373\3539:N\004Q\245\272D\312D\300\300\t\323\0257\345e\271\na\215{\226\255x%T\257\037\333\004\344_/R\006E\344\037@\210\363\010\336T\226\247'\204_{\261\370""1\235\2445\343\033Y!\212\201\341\272\225'\007\373<\tV\\372\214\276\366\000`\365\371\261\032\317\304\324\207\234\002\027\276K\312\260\250x\t\216\277\200\013\003""; }; "
1750527572399,1750527572399,0,1,3,2,TMLedgerData,"ledgerHash: ""a=\225\273\331\354\365*U\363\263N\367b\371\244\314-w\363\262\225Z\200\206\235\233\257?sE\267""; ledgerSeq: 8; type: liBASE; nodes {;   nodedata: ""\000\000\000\010\001cEx]\211\377\330\033@\177e\277\016\010u\327\371&\262\312\317Q\2361t\377x\234\001v\003%\030\325_\225g\204\346\000\000\000\000\000\000\000\000\000\000\000\000\000\000\000\000\000\000\000\000\000\000\000\000\000\000\000\000\000\000\000\0006\207\227F[\243v\371\255c\270\254{\234\371\211\025\226%\351\352\037\264\262\021\311\263k\232\376\007\352/\351\252\264/\351\252\310\n\000""; }; nodes {;   nodedata: ""\323C\344\327\264{\312-\017:\006{\177\344N\002\326bO\260\220\006\033\362\345\005U\221DzJ0\001\301\025%1L\307\t\261\262z\374\222T\301\274V\236\223\262\270Ct\362\337b\356\024*\324\320\351\317\002k\336\234\027v\351\217\260\303\360\233ZPZWr\246$w\313\313\r\243r\232\2234\373\3539:N\004Q\245\272D\312D\300\300\t\323\0257\345e\271\na\215{\226\255x%T\257\037\333\004\344_/R\006E\344\037@\210\363\010\336T\226\247'\204_{\261\370""1\235\2445\343\033Y!\212\201\341\272\225'\007\265l7#N\236*T\346\016\255|M\nD8\n\343\313/\214\216\001\224\267\346}/\277\005?\336\013\003""; }; ","ledgerHash: ""a=\225\273\331\354\365*U\363\263N\367b\371\244\314-w\363\262\225Z\200\206\235\233\257?sE\267""; ledgerSeq: 8; type: liBASE; nodes {;   nodedata: ""\000\000\000\010\001cEx]\211\377\330\033@\177e\277\016\010u\327\371&\262\312\317Q\2361t\377x\234\001v\003%\030\325_\225g\204\346\000\000\000\000\000\000\000\000\000\000\000\000\000\000\000\000\000\000\000\000\000\000\000\000\000\000\000\000\000\000\000\0006\207\227F[\243v\371\255c\270\254{\234\371\211\025\226%\351\352\037\264\262\021\311\263k\232\376\007\352/\351\252\264/\351\252\310\n\000""; }; nodes {;   nodedata: ""\323C\344\327\264{\312-\017:\006{\177\344N\002\326bO\260\220\006\033\362\345\005U\221DzJ0\001\301\025%1L\307\t\261\262z\374\222T\301\274V\236\223\262\270Ct\362\337b\356\024*\324\320\351\317\002k\336\234\027v\351\217\260\303\360\233ZPZWr\246$w\313\313\r\243r\232\2234\373\3539:N\004Q\245\272D\312D\300\300\t\323\0257\345e\271\na\215{\226\255x%T\257\037\333\004\344_/R\006E\344\037@\210\363\010\336T\226\247'\204_{\261\370""1\235\2445\343\033Y!\212\201\341\272\225'\007\265l7#N\236*T\346\016\255|M\nD8\n\343\313/\214\216\001\224\267\346}/\277\005?\336\013\003""; }; "
1750527572466,1750527572467,0,1,3,1,TMLedgerData,"ledgerHash: ""4\254\326mU\377?\177Ek\336\030!\316Aa\225\303\022\377{\210Y\226\271as\354L\035\004\341""; ledgerSeq: 9; type: liBASE; nodes {;   nodedata: ""\000\000\000\t\001cEx]\211\377\330a=\225\273\331\354\365*U\363\263N\367b\371\244\314-w\363\262\225Z\200\206\235\233\257?sE\267\000\000\000\000\000\000\000\000\000\000\000\000\000\000\000\000\000\000\000\000\000\000\000\000\000\000\000\000\000\000\000\000\260a9Y\354\267&\263\302xao\033\354\317\022\231\273\315\035\270\2649/W\340\016\240\027y\000Y/\351\252\310/\351\252\322\n\000""; }; nodes {;   nodedata: ""\323C\344\327\264{\312-\017:\006{\177\344N\002\326bO\260\220\006\033\362\345\005U\221DzJ0\001\301\025%1L\307\t\261\262z\374\222T\301\274V\236\223\262\270Ct\362\337b\356\024*\324\320\351\317\002k\336\234\027v\351\217\260\303\360\233ZPZWr\246$w\313\313\r\243r\232\2234\373\3539:N\004Q\245\272D\312D\300\300\t\323\0257\345e\271\na\215{\226\255x%T\257\037\333\004\344_/R\006E\344\037@\210\363\010\336T\226\247'\204_{\261\370""1\235\2445\343\033Y!\212\201\341\272\225'\007\373<\tV\\372\214\276\366\000`\365\371\261\032\317\304\324\207\234\002\027\276K\312\260\250x\t\216\277\200\013\003""; }; ","ledgerHash: ""4\254\326mU\377?\177Ek\336\030!\316Aa\225\303\022\377{\210Y\226\271as\354L\035\004\341""; ledgerSeq: 9; type: liBASE; nodes {;   nodedata: ""\000\000\000\t\001cEx]\211\377\330a=\225\273\331\354\365*U\363\263N\367b\371\244\314-w\363\262\225Z\200\206\235\233\257?sE\267\000\000\000\000\000\000\000\000\000\000\000\000\000\000\000\000\000\000\000\000\000\000\000\000\000\000\000\000\000\000\000\000\260a9Y\354\267&\263\302xao\033\354\317\022\231\273\315\035\270\2649/W\340\016\240\027y\000Y/\351\252\310/\351\252\322\n\000""; }; nodes {;   nodedata: ""\323C\344\327\264{\312-\017:\006{\177\344N\002\326bO\260\220\006\033\362\345\005U\221DzJ0\001\301\025%1L\307\t\261\262z\374\222T\301\274V\236\223\262\270Ct\362\337b\356\024*\324\320\351\317\002k\336\234\027v\351\217\260\303\360\233ZPZWr\246$w\313\313\r\243r\232\2234\373\3539:N\004Q\245\272D\312D\300\300\t\323\0257\345e\271\na\215{\226\255x%T\257\037\333\004\344_/R\006E\344\037@\210\363\010\336T\226\247'\204_{\261\370""1\235\2445\343\033Y!\212\201\341\272\225'\007\373<\tV\\372\214\276\366\000`\365\371\261\032\317\304\324\207\234\002\027\276K\312\260\250x\t\216\277\200\013\003""; }; "
1750527572467,1750527572467,0,1,3,1,TMLedgerData,"ledgerHash: ""4\254\326mU\377?\177Ek\336\030!\316Aa\225\303\022\377{\210Y\226\271as\354L\035\004\341""; ledgerSeq: 9; type: liBASE; nodes {;   nodedata: ""\000\000\000\t\001cEx]\211\377\330a=\225\273\331\354\365*U\363\263N\367b\371\244\314-w\363\262\225Z\200\206\235\233\257?sE\267\000\000\000\000\000\000\000\000\000\000\000\000\000\000\000\000\000\000\000\000\000\000\000\000\000\000\000\000\000\000\000\000\260a9Y\354\267&\263\302xao\033\354\317\022\231\273\315\035\270\2649/W\340\016\240\027y\000Y/\351\252\310/\351\252\322\n\000""; }; nodes {;   nodedata: ""\323C\344\327\264{\312-\017:\006{\177\344N\002\326bO\260\220\006\033\362\345\005U\221DzJ0\001\301\025%1L\307\t\261\262z\374\222T\301\274V\236\223\262\270Ct\362\337b\356\024*\324\320\351\317\002k\336\234\027v\351\217\260\303\360\233ZPZWr\246$w\313\313\r\243r\232\2234\373\3539:N\004Q\245\272D\312D\300\300\t\323\0257\345e\271\na\215{\226\255x%T\257\037\333\004\344_/R\006E\344\037@\210\363\010\336T\226\247'\204_{\261\370""1\235\2445\343\033Y!\212\201\341\272\225'\007\373<\tV\\372\214\276\366\000`\365\371\261\032\317\304\324\207\234\002\027\276K\312\260\250x\t\216\277\200\013\003""; }; ","ledgerHash: ""4\254\326mU\377?\177Ek\336\030!\316Aa\225\303\022\377{\210Y\226\271as\354L\035\004\341""; ledgerSeq: 9; type: liBASE; nodes {;   nodedata: ""\000\000\000\t\001cEx]\211\377\330a=\225\273\331\354\365*U\363\263N\367b\371\244\314-w\363\262\225Z\200\206\235\233\257?sE\267\000\000\000\000\000\000\000\000\000\000\000\000\000\000\000\000\000\000\000\000\000\000\000\000\000\000\000\000\000\000\000\000\260a9Y\354\267&\263\302xao\033\354\317\022\231\273\315\035\270\2649/W\340\016\240\027y\000Y/\351\252\310/\351\252\322\n\000""; }; nodes {;   nodedata: ""\323C\344\327\264{\312-\017:\006{\177\344N\002\326bO\260\220\006\033\362\345\005U\221DzJ0\001\301\025%1L\307\t\261\262z\374\222T\301\274V\236\223\262\270Ct\362\337b\356\024*\324\320\351\317\002k\336\234\027v\351\217\260\303\360\233ZPZWr\246$w\313\313\r\243r\232\2234\373\3539:N\004Q\245\272D\312D\300\300\t\323\0257\345e\271\na\215{\226\255x%T\257\037\333\004\344_/R\006E\344\037@\210\363\010\336T\226\247'\204_{\261\370""1\235\2445\343\033Y!\212\201\341\272\225'\007\373<\tV\\372\214\276\366\000`\365\371\261\032\317\304\324\207\234\002\027\276K\312\260\250x\t\216\277\200\013\003""; }; "
1750527572469,1750527572469,3769,1,1,3,TMGetLedger,"itype: liAS_NODE; ledgerHash: ""4\254\326mU\377?\177Ek\336\030!\316Aa\225\303\022\377{\210Y\226\271as\354L\035\004\341""; ledgerSeq: 9; nodeIDs: ""\260\000\000\000\000\000\000\000\000\000\000\000\000\000\000\000\000\000\000\000\000\000\000\000\000\000\000\000\000\000\000\000\001""; queryType: qtINDIRECT; queryDepth: 1; ","itype: liAS_NODE; ledgerHash: ""4\254\326mU\377?\177Ek\336\030!\316Aa\225\303\022\377{\210Y\226\271as\354L\035\004\341""; ledgerSeq: 9; nodeIDs: ""\260\000\000\000\000\000\000\000\000\000\000\000\000\000\000\000\000\000\000\000\000\000\000\000\000\000\000\000\000\000\000\000\001""; queryType: qtINDIRECT; queryDepth: 1; "
1750527572508,1750527572508,0,1,4,1,TMLedgerData,"ledgerHash: ""4\254\326mU\377?\177Ek\336\030!\316Aa\225\303\022\377{\210Y\226\271as\354L\035\004\341""; ledgerSeq: 9; type: liBASE; nodes {;   nodedata: ""\000\000\000\t\001cEx]\211\377\330a=\225\273\331\354\365*U\363\263N\367b\371\244\314-w\363\262\225Z\200\206\235\233\257?sE\267\000\000\000\000\000\000\000\000\000\000\000\000\000\000\000\000\000\000\000\000\000\000\000\000\000\000\000\000\000\000\000\000\260a9Y\354\267&\263\302xao\033\354\317\022\231\273\315\035\270\2649/W\340\016\240\027y\000Y/\351\252\310/\351\252\322\n\000""; }; nodes {;   nodedata: ""\323C\344\327\264{\312-\017:\006{\177\344N\002\326bO\260\220\006\033\362\345\005U\221DzJ0\001\301\025%1L\307\t\261\262z\374\222T\301\274V\236\223\262\270Ct\362\337b\356\024*\324\320\351\317\002k\336\234\027v\351\217\260\303\360\233ZPZWr\246$w\313\313\r\243r\232\2234\373\3539:N\004Q\245\272D\312D\300\300\t\323\0257\345e\271\na\215{\226\255x%T\257\037\333\004\344_/R\006E\344\037@\210\363\010\336T\226\247'\204_{\261\370""1\235\2445\343\033Y!\212\201\341\272\225'\007\373<\tV\\372\214\276\366\000`\365\371\261\032\317\304\324\207\234\002\027\276K\312\260\250x\t\216\277\200\013\003""; }; ","ledgerHash: ""4\254\326mU\377?\177Ek\336\030!\316Aa\225\303\022\377{\210Y\226\271as\354L\035\004\341""; ledgerSeq: 9; type: liBASE; nodes {;   nodedata: ""\000\000\000\t\001cEx]\211\377\330a=\225\273\331\354\365*U\363\263N\367b\371\244\314-w\363\262\225Z\200\206\235\233\257?sE\267\000\000\000\000\000\000\000\000\000\000\000\000\000\000\000\000\000\000\000\000\000\000\000\000\000\000\000\000\000\000\000\000\260a9Y\354\267&\263\302xao\033\354\317\022\231\273\315\035\270\2649/W\340\016\240\027y\000Y/\351\252\310/\351\252\322\n\000""; }; nodes {;   nodedata: ""\323C\344\327\264{\312-\017:\006{\177\344N\002\326bO\260\220\006\033\362\345\005U\221DzJ0\001\301\025%1L\307\t\261\262z\374\222T\301\274V\236\223\262\270Ct\362\337b\356\024*\324\320\351\317\002k\336\234\027v\351\217\260\303\360\233ZPZWr\246$w\313\313\r\243r\232\2234\373\3539:N\004Q\245\272D\312D\300\300\t\323\0257\345e\271\na\215{\226\255x%T\257\037\333\004\344_/R\006E\344\037@\210\363\010\336T\226\247'\204_{\261\370""1\235\2445\343\033Y!\212\201\341\272\225'\007\373<\tV\\372\214\276\366\000`\365\371\261\032\317\304\324\207\234\002\027\276K\312\260\250x\t\216\277\200\013\003""; }; "
1750527572508,1750527572509,0,1,4,1,TMLedgerData,"ledgerHash: ""4\254\326mU\377?\177Ek\336\030!\316Aa\225\303\022\377{\210Y\226\271as\354L\035\004\341""; ledgerSeq: 9; type: liBASE; nodes {;   nodedata: ""\000\000\000\t\001cEx]\211\377\330a=\225\273\331\354\365*U\363\263N\367b\371\244\314-w\363\262\225Z\200\206\235\233\257?sE\267\000\000\000\000\000\000\000\000\000\000\000\000\000\000\000\000\000\000\000\000\000\000\000\000\000\000\000\000\000\000\000\000\260a9Y\354\267&\263\302xao\033\354\317\022\231\273\315\035\270\2649/W\340\016\240\027y\000Y/\351\252\310/\351\252\322\n\000""; }; nodes {;   nodedata: ""\323C\344\327\264{\312-\017:\006{\177\344N\002\326bO\260\220\006\033\362\345\005U\221DzJ0\001\301\025%1L\307\t\261\262z\374\222T\301\274V\236\223\262\270Ct\362\337b\356\024*\324\320\351\317\002k\336\234\027v\351\217\260\303\360\233ZPZWr\246$w\313\313\r\243r\232\2234\373\3539:N\004Q\245\272D\312D\300\300\t\323\0257\345e\271\na\215{\226\255x%T\257\037\333\004\344_/R\006E\344\037@\210\363\010\336T\226\247'\204_{\261\370""1\235\2445\343\033Y!\212\201\341\272\225'\007\373<\tV\\372\214\276\366\000`\365\371\261\032\317\304\324\207\234\002\027\276K\312\260\250x\t\216\277\200\013\003""; }; ","ledgerHash: ""4\254\326mU\377?\177Ek\336\030!\316Aa\225\303\022\377{\210Y\226\271as\354L\035\004\341""; ledgerSeq: 9; type: liBASE; nodes {;   nodedata: ""\000\000\000\t\001cEx]\211\377\330a=\225\273\331\354\365*U\363\263N\367b\371\244\314-w\363\262\225Z\200\206\235\233\257?sE\267\000\000\000\000\000\000\000\000\000\000\000\000\000\000\000\000\000\000\000\000\000\000\000\000\000\000\000\000\000\000\000\000\260a9Y\354\267&\263\302xao\033\354\317\022\231\273\315\035\270\2649/W\340\016\240\027y\000Y/\351\252\310/\351\252\322\n\000""; }; nodes {;   nodedata: ""\323C\344\327\264{\312-\017:\006{\177\344N\002\326bO\260\220\006\033\362\345\005U\221DzJ0\001\301\025%1L\307\t\261\262z\374\222T\301\274V\236\223\262\270Ct\362\337b\356\024*\324\320\351\317\002k\336\234\027v\351\217\260\303\360\233ZPZWr\246$w\313\313\r\243r\232\2234\373\3539:N\004Q\245\272D\312D\300\300\t\323\0257\345e\271\na\215{\226\255x%T\257\037\333\004\344_/R\006E\344\037@\210\363\010\336T\226\247'\204_{\261\370""1\235\2445\343\033Y!\212\201\341\272\225'\007\373<\tV\\372\214\276\366\000`\365\371\261\032\317\304\324\207\234\002\027\276K\312\260\250x\t\216\277\200\013\003""; }; "
1750527572555,1750527572556,0,1,3,1,TMLedgerData,"ledgerHash: ""a=\225\273\331\354\365*U\363\263N\367b\371\244\314-w\363\262\225Z\200\206\235\233\257?sE\267""; ledgerSeq: 8; type: liBASE; nodes {;   nodedata: ""\000\000\000\010\001cEx]\211\377\330\033@\177e\277\016\010u\327\371&\262\312\317Q\2361t\377x\234\001v\003%\030\325_\225g\204\346\000\000\000\000\000\000\000\000\000\000\000\000\000\000\000\000\000\000\000\000\000\000\000\000\000\000\000\000\000\000\000\0006\207\227F[\243v\371\255c\270\254{\234\371\211\025\226%\351\352\037\264\262\021\311\263k\232\376\007\352/\351\252\264/\351\252\310\n\000""; }; nodes {;   nodedata: ""\323C\344\327\264{\312-\017:\006{\177\344N\002\326bO\260\220\006\033\362\345\005U\221DzJ0\001\301\025%1L\307\t\261\262z\374\222T\301\274V\236\223\262\270Ct\362\337b\356\024*\324\320\351\317\002k\336\234\027v\351\217\260\303\360\233ZPZWr\246$w\313\313\r\243r\232\2234\373\3539:N\004Q\245\272D\312D\300\300\t\323\0257\345e\271\na\215{\226\255x%T\257\037\333\004\344_/R\006E\344\037@\210\363\010\336T\226\247'\204_{\261\370""1\235\2445\343\033Y!\212\201\341\272\225'\007\265l7#N\236*T\346\016\255|M\nD8\n\343\313/\214\216\001\224\267\346}/\277\005?\336\013\003""; }; ","ledgerHash: ""a=\225\273\331\354\365*U\363\263N\367b\371\244\314-w\363\262\225Z\200\206\235\233\257?sE\267""; ledgerSeq: 8; type: liBASE; nodes {;   nodedata: ""\000\000\000\010\001cEx]\211\377\330\033@\177e\277\016\010u\327\371&\262\312\317Q\2361t\377x\234\001v\003%\030\325_\225g\204\346\000\000\000\000\000\000\000\000\000\000\000\000\000\000\000\000\000\000\000\000\000\000\000\000\000\000\000\000\000\000\000\0006\207\227F[\243v\371\255c\270\254{\234\371\211\025\226%\351\352\037\264\262\021\311\263k\232\376\007\352/\351\252\264/\351\252\310\n\000""; }; nodes {;   nodedata: ""\323C\344\327\264{\312-\017:\006{\177\344N\002\326bO\260\220\006\033\362\345\005U\221DzJ0\001\301\025%1L\307\t\261\262z\374\222T\301\274V\236\223\262\270Ct\362\337b\356\024*\324\320\351\317\002k\336\234\027v\351\217\260\303\360\233ZPZWr\246$w\313\313\r\243r\232\2234\373\3539:N\004Q\245\272D\312D\300\300\t\323\0257\345e\271\na\215{\226\255x%T\257\037\333\004\344_/R\006E\344\037@\210\363\010\336T\226\247'\204_{\261\370""1\235\2445\343\033Y!\212\201\341\272\225'\007\265l7#N\236*T\346\016\255|M\nD8\n\343\313/\214\216\001\224\267\346}/\277\005?\336\013\003""; }; "
1750527572570,1750527572570,0,1,4,0,TMLedgerData,"ledgerHash: ""\361\035\301\024\220m#*\372\032\3178~\374\250\014*\323\342'z69\220\327\256\351G\367\317u\302""; ledgerSeq: 10; type: liAS_NODE; nodes {;   nodedata: ""\021\000h""\000\000\000\000 \033\000\000\000\t\002\023\301\177\330\356GuH\375\327!\255\371\r\231\262R\256J\034\222\241\355X\265E\241^W\225\304\014\361CX-}\351f\032\255\274\334m\326c\017\014ao[\342\230\003\245\245\3341Hm\326^\017jy\335\261\032Yt\320\244{g\0306\\302\303*\341\215\223\257\364\277o\375\000r\241SOq\221\253\262\005\017\375T\356\014\360o'\030\311-\267\031\257!\031T\006><\315XM\334\324\345\034\000\325\367\240\271\013\265\024\321\362\354\211\250.\234s\225amc\305\035\366\276\037nD\277`\210\223N\3535\033\261\304f\331]\036\237\306o!\223\221\002\324\031\262\240R\177 ,\214\325\Q])\016\2067\277\t\354\010\000\360\215\2502\265\245\310\226\243c\302Ze\306\253#r\020\211\320iG\276\020E\317\035Sf\223F\254\033@\177e\277\016\010u\327\371&\262\312\317Q\2361t\377x\234\001v\003%\030\325_\225g\204\346a=\225\273\331\354\365*U\363\263N\367b\371\244\314-w\363\262\225Z\200\206\235\233\257?sE\2674\254\326mU\377?\177Ek\336\030!\316Aa\225\303\022\377{\210Y\226\271as\354L\035\004\341\264\227\2326\315\307\363\323\325\303\032N\256*\307\327 \235\332\207u\210\271\257\306g\231i*\260\326k\001"";   nodeid: ""\260\000\000\000\000\000\000\000\000\000\000\000\000\000\000\000\000\000\000\000\000\000\000\000\000\000\000\000\000\000\000\000\001""; }; ","ledgerHash: ""\361\035\301\024\220m#*\372\032\3178~\374\250\014*\323\342'z69\220\327\256\351G\367\317u\302""; ledgerSeq: 10; type: liAS_NODE; nodes {;   nodedata: ""\021\000h""\000\000\000\000 \033\000\000\000\t\002\023\301\177\330\356GuH\375\327!\255\371\r\231\262R\256J\034\222\241\355X\265E\241^W\225\304\014\361CX-}\351f\032\255\274\334m\326c\017\014ao[\342\230\003\245\245\3341Hm\326^\017jy\335\261\032Yt\320\244{g\0306\\302\303*\341\215\223\257\364\277o\375\000r\241SOq\221\253\262\005\017\375T\356\014\360o'\030\311-\267\031\257!\031T\006><\315XM\334\324\345\034\000\325\367\240\271\013\265\024\321\362\354\211\250.\234s\225amc\305\035\366\276\037nD\277`\210\223N\3535\033\261\304f\331]\036\237\306o!\223\221\002\324\031\262\240R\177 ,\214\325\Q])\016\2067\277\t\354\010\000\360\215\2502\265\245\310\226\243c\302Ze\306\253#r\020\211\320iG\276\020E\317\035Sf\223F\254\033@\177e\277\016\010u\327\371&\262\312\317Q\2361t\377x\234\001v\003%\030\325_\225g\204\346a=\225\273\331\354\365*U\363\263N\367b\371\244\314-w\363\262\225Z\200\206\235\233\257?sE\2674\254\326mU\377?\177Ek\336\030!\316Aa\225\303\022\377{\210Y\226\271as\354L\035\004\341\264\227\2326\315\307\363\323\325\303\032N\256*\307\327 \235\332\207u\210\271\257\306g\231i*\260\326k\001"";   nodeid: ""\260\000\000\000\000\000\000\000\000\000\000\000\000\000\000\000\000\000\000\000\000\000\000\000\000\000\000\000\000\000\000\000\001""; }; "
1750527572596,1750527572597,0,1,4,1,TMLedgerData,"ledgerHash: ""a=\225\273\331\354\365*U\363\263N\367b\371\244\314-w\363\262\225Z\200\206\235\233\257?sE\267""; ledgerSeq: 8; type: liBASE; nodes {;   nodedata: ""\000\000\000\010\001cEx]\211\377\330\033@\177e\277\016\010u\327\371&\262\312\317Q\2361t\377x\234\001v\003%\030\325_\225g\204\346\000\000\000\000\000\000\000\000\000\000\000\000\000\000\000\000\000\000\000\000\000\000\000\000\000\000\000\000\000\000\000\0006\207\227F[\243v\371\255c\270\254{\234\371\211\025\226%\351\352\037\264\262\021\311\263k\232\376\007\352/\351\252\264/\351\252\310\n\000""; }; nodes {;   nodedata: ""\323C\344\327\264{\312-\017:\006{\177\344N\002\326bO\260\220\006\033\362\345\005U\221DzJ0\001\301\025%1L\307\t\261\262z\374\222T\301\274V\236\223\262\270Ct\362\337b\356\024*\324\320\351\317\002k\336\234\027v\351\217\260\303\360\233ZPZWr\246$w\313\313\r\243r\232\2234\373\3539:N\004Q\245\272D\312D\300\300\t\323\0257\345e\271\na\215{\226\255x%T\257\037\333\004\344_/R\006E\344\037@\210\363\010\336T\226\247'\204_{\261\370""1\235\2445\343\033Y!\212\201\341\272\225'\007\265l7#N\236*T\346\016\255|M\nD8\n\343\313/\214\216\001\224\267\346}/\277\005?\336\013\003""; }; ","ledgerHash: ""a=\225\273\331\354\365*U\363\263N\367b\371\244\314-w\363\262\225Z\200\206\235\233\257?sE\267""; ledgerSeq: 8; type: liBASE; nodes {;   nodedata: ""\000\000\000\010\001cEx]\211\377\330\033@\177e\277\016\010u\327\371&\262\312\317Q\2361t\377x\234\001v\003%\030\325_\225g\204\346\000\000\000\000\000\000\000\000\000\000\000\000\000\000\000\000\000\000\000\000\000\000\000\000\000\000\000\000\000\000\000\0006\207\227F[\243v\371\255c\270\254{\234\371\211\025\226%\351\352\037\264\262\021\311\263k\232\376\007\352/\351\252\264/\351\252\310\n\000""; }; nodes {;   nodedata: ""\323C\344\327\264{\312-\017:\006{\177\344N\002\326bO\260\220\006\033\362\345\005U\221DzJ0\001\301\025%1L\307\t\261\262z\374\222T\301\274V\236\223\262\270Ct\362\337b\356\024*\324\320\351\317\002k\336\234\027v\351\217\260\303\360\233ZPZWr\246$w\313\313\r\243r\232\2234\373\3539:N\004Q\245\272D\312D\300\300\t\323\0257\345e\271\na\215{\226\255x%T\257\037\333\004\344_/R\006E\344\037@\210\363\010\336T\226\247'\204_{\261\370""1\235\2445\343\033Y!\212\201\341\272\225'\007\265l7#N\236*T\346\016\255|M\nD8\n\343\313/\214\216\001\224\267\346}/\277\005?\336\013\003""; }; "
1750527572707,1750527572707,3818,1,0,2,TMLedgerData,"ledgerHash: ""4\254\326mU\377?\177Ek\336\030!\316Aa\225\303\022\377{\210Y\226\271as\354L\035\004\341""; ledgerSeq: 9; type: liBASE; nodes {;   nodedata: ""\000\000\000\t\001cEx]\211\377\330a=\225\273\331\354\365*U\363\263N\367b\371\244\314-w\363\262\225Z\200\206\235\233\257?sE\267\000\000\000\000\000\000\000\000\000\000\000\000\000\000\000\000\000\000\000\000\000\000\000\000\000\000\000\000\000\000\000\000\260a9Y\354\267&\263\302xao\033\354\317\022\231\273\315\035\270\2649/W\340\016\240\027y\000Y/\351\252\310/\351\252\322\n\000""; }; nodes {;   nodedata: ""\323C\344\327\264{\312-\017:\006{\177\344N\002\326bO\260\220\006\033\362\345\005U\221DzJ0\001\301\025%1L\307\t\261\262z\374\222T\301\274V\236\223\262\270Ct\362\337b\356\024*\324\320\351\317\002k\336\234\027v\351\217\260\303\360\233ZPZWr\246$w\313\313\r\243r\232\2234\373\3539:N\004Q\245\272D\312D\300\300\t\323\0257\345e\271\na\215{\226\255x%T\257\037\333\004\344_/R\006E\344\037@\210\363\010\336T\226\247'\204_{\261\370""1\235\2445\343\033Y!\212\201\341\272\225'\007\373<\tV\\372\214\276\366\000`\365\371\261\032\317\304\324\207\234\002\027\276K\312\260\250x\t\216\277\200\013\003""; }; ","ledgerHash: ""4\254\326mU\377?\177Ek\336\030!\316Aa\225\303\022\377{\210Y\226\271as\354L\035\004\341""; ledgerSeq: 9; type: liBASE; nodes {;   nodedata: ""\000\000\000\t\001cEx]\211\377\330a=\225\273\331\354\365*U\363\263N\367b\371\244\314-w\363\262\225Z\200\206\235\233\257?sE\267\000\000\000\000\000\000\000\000\000\000\000\000\000\000\000\000\000\000\000\000\000\000\000\000\000\000\000\000\000\000\000\000\260a9Y\354\267&\263\302xao\033\354\317\022\231\273\315\035\270\2649/W\340\016\240\027y\000Y/\351\252\310/\351\252\322\n\000""; }; nodes {;   nodedata: ""\323C\344\327\264{\312-\017:\006{\177\344N\002\326bO\260\220\006\033\362\345\005U\221DzJ0\001\301\025%1L\307\t\261\262z\374\222T\301\274V\236\223\262\270Ct\362\337b\356\024*\324\320\351\317\002k\336\234\027v\351\217\260\303\360\233ZPZWr\246$w\313\313\r\243r\232\2234\373\3539:N\004Q\245\272D\312D\300\300\t\323\0257\345e\271\na\215{\226\255x%T\257\037\333\004\344_/R\006E\344\037@\210\363\010\336T\226\247'\204_{\261\370""1\235\2445\343\033Y!\212\201\341\272\225'\007\373<\tV\\372\214\276\366\000`\365\371\261\032\317\304\324\207\234\002\027\276K\312\260\250x\t\216\277\200\013\003""; }; "
1750527572749,1750527572749,3818,1,0,2,TMLedgerData,"ledgerHash: ""a=\225\273\331\354\365*U\363\263N\367b\371\244\314-w\363\262\225Z\200\206\235\233\257?sE\267""; ledgerSeq: 8; type: liBASE; nodes {;   nodedata: ""\000\000\000\010\001cEx]\211\377\330\033@\177e\277\016\010u\327\371&\262\312\317Q\2361t\377x\234\001v\003%\030\325_\225g\204\346\000\000\000\000\000\000\000\000\000\000\000\000\000\000\000\000\000\000\000\000\000\000\000\000\000\000\000\000\000\000\000\0006\207\227F[\243v\371\255c\270\254{\234\371\211\025\226%\351\352\037\264\262\021\311\263k\232\376\007\352/\351\252\264/\351\252\310\n\000""; }; nodes {;   nodedata: ""\323C\344\327\264{\312-\017:\006{\177\344N\002\326bO\260\220\006\033\362\345\005U\221DzJ0\001\301\025%1L\307\t\261\262z\374\222T\301\274V\236\223\262\270Ct\362\337b\356\024*\324\320\351\317\002k\336\234\027v\351\217\260\303\360\233ZPZWr\246$w\313\313\r\243r\232\2234\373\3539:N\004Q\245\272D\312D\300\300\t\323\0257\345e\271\na\215{\226\255x%T\257\037\333\004\344_/R\006E\344\037@\210\363\010\336T\226\247'\204_{\261\370""1\235\2445\343\033Y!\212\201\341\272\225'\007\265l7#N\236*T\346\016\255|M\nD8\n\343\313/\214\216\001\224\267\346}/\277\005?\336\013\003""; }; ","ledgerHash: ""a=\225\273\331\354\365*U\363\263N\367b\371\244\314-w\363\262\225Z\200\206\235\233\257?sE\267""; ledgerSeq: 8; type: liBASE; nodes {;   nodedata: ""\000\000\000\010\001cEx]\211\377\330\033@\177e\277\016\010u\327\371&\262\312\317Q\2361t\377x\234\001v\003%\030\325_\225g\204\346\000\000\000\000\000\000\000\000\000\000\000\000\000\000\000\000\000\000\000\000\000\000\000\000\000\000\000\000\000\000\000\0006\207\227F[\243v\371\255c\270\254{\234\371\211\025\226%\351\352\037\264\262\021\311\263k\232\376\007\352/\351\252\264/\351\252\310\n\000""; }; nodes {;   nodedata: ""\323C\344\327\264{\312-\017:\006{\177\344N\002\326bO\260\220\006\033\362\345\005U\221DzJ0\001\301\025%1L\307\t\261\262z\374\222T\301\274V\236\223\262\270Ct\362\337b\356\024*\324\320\351\317\002k\336\234\027v\351\217\260\303\360\233ZPZWr\246$w\313\313\r\243r\232\2234\373\3539:N\004Q\245\272D\312D\300\300\t\323\0257\345e\271\na\215{\226\255x%T\257\037\333\004\344_/R\006E\344\037@\210\363\010\336T\226\247'\204_{\261\370""1\235\2445\343\033Y!\212\201\341\272\225'\007\265l7#N\236*T\346\016\255|M\nD8\n\343\313/\214\216\001\224\267\346}/\277\005?\336\013\003""; }; "
1750527572901,1750527572901,3769,1,1,3,TMGetLedger,"itype: liBASE; ledgerHash: ""\361\035\301\024\220m#*\372\032\3178~\374\250\014*\323\342'z69\220\327\256\351G\367\317u\302""; ledgerSeq: 10; requestCookie: 3; queryType: qtINDIRECT; ","itype: liBASE; ledgerHash: ""\361\035\301\024\220m#*\372\032\3178~\374\250\014*\323\342'z69\220\327\256\351G\367\317u\302""; ledgerSeq: 10; requestCookie: 3; queryType: qtINDIRECT; "
1750527572901,1750527572901,3769,1,1,3,TMGetLedger,"itype: liBASE; ledgerHash: ""4\254\326mU\377?\177Ek\336\030!\316Aa\225\303\022\377{\210Y\226\271as\354L\035\004\341""; ledgerSeq: 9; requestCookie: 3; queryType: qtINDIRECT; ","itype: liBASE; ledgerHash: ""4\254\326mU\377?\177Ek\336\030!\316Aa\225\303\022\377{\210Y\226\271as\354L\035\004\341""; ledgerSeq: 9; requestCookie: 3; queryType: qtINDIRECT; "
1750527572987,1750527572987,0,1,4,2,TMValidation,"validation: """"\200\000\000\001&\000\000\000\n)/\351\252\322:p\210\265\307-\212\200\004Q\361\035\301\024\220m#*\372\032\3178~\374\250\014*\323\342'z69\220\327\256\351G\367\317u\302P\027\000\000\000\000\000\000\000\000\000\000\000\000\000\000\000\000\000\000\000\000\000\000\000\000\000\000\000\000\000\000\000\000P\0314\254\326mU\377?\177Ek\336\030!\316Aa\225\303\022\377{\210Y\226\271as\354L\035\004\341s!\002\364d\217\366\217|\316F\232\231\241\n\261\333`\312O\367\235\025DD\336e\367\n\312\326\221\037\025\230vF0D\002 ~\342i\341[\346n\277\251\001\261\317\244%:\001'\256kP#6\256c#\360\377\362\251\325aZ\002 J\200f\274U6\004\205\000\322S\007B\263\030bd\267\317\230q\2660\\336f(\345\3551\035]""; ","validation: """"\200\000\000\001&\000\000\000\n)/\351\252\322:p\210\265\307-\212\200\004Q\361\035\301\024\220m#*\372\032\3178~\374\250\014*\323\342'z69\220\327\256\351G\367\317u\302P\027\000\000\000\000\000\000\000\000\000\000\000\000\000\000\000\000\000\000\000\000\000\000\000\000\000\000\000\000\000\000\000\000P\0314\254\326mU\377?\177Ek\336\030!\316Aa\225\303\022\377{\210Y\226\271as\354L\035\004\341s!\002\364d\217\366\217|\316F\232\231\241\n\261\333`\312O\367\235\025DD\336e\367\n\312\326\221\037\025\230vF0D\002 ~\342i\341[\346n\277\251\001\261\317\244%:\001'\256kP#6\256c#\360\377\362\251\325aZ\002 J\200f\274U6\004\205\000\322S\007B\263\030bd\267\317\230q\2660\\336f(\345\3551\035]""; "
1750527572988,1750527572988,0,1,4,1,TMValidation,"validation: """"\200\000\000\001&\000\000\000\n)/\351\252\322:p\210\265\307-\212\200\004Q\361\035\301\024\220m#*\372\032\3178~\374\250\014*\323\342'z69\220\327\256\351G\367\317u\302P\027\000\000\000\000\000\000\000\000\000\000\000\000\000\000\000\000\000\000\000\000\000\000\000\000\000\000\000\000\000\000\000\000P\0314\254\326mU\377?\177Ek\336\030!\316Aa\225\303\022\377{\210Y\226\271as\354L\035\004\341s!\002\364d\217\366\217|\316F\232\231\241\n\261\333`\312O\367\235\025DD\336e\367\n\312\326\221\037\025\230vF0D\002 ~\342i\341[\346n\277\251\001\261\317\244%:\001'\256kP#6\256c#\360\377\362\251\325aZ\002 J\200f\274U6\004\205\000\322S\007B\263\030bd\267\317\230q\2660\\336f(\345\3551\035]""; ","validation: """"\200\000\000\001&\000\000\000\n)/\351\252\322:p\210\265\307-\212\200\004Q\361\035\301\024\220m#*\372\032\3178~\374\250\014*\323\342'z69\220\327\256\351G\367\317u\302P\027\000\000\000\000\000\000\000\000\000\000\000\000\000\000\000\000\000\000\000\000\000\000\000\000\000\000\000\000\000\000\000\000P\0314\254\326mU\377?\177Ek\336\030!\316Aa\225\303\022\377{\210Y\226\271as\354L\035\004\341s!\002\364d\217\366\217|\316F\232\231\241\n\261\333`\312O\367\235\025DD\336e\367\n\312\326\221\037\025\230vF0D\002 ~\342i\341[\346n\277\251\001\261\317\244%:\001'\256kP#6\256c#\360\377\362\251\325aZ\002 J\200f\274U6\004\205\000\322S\007B\263\030bd\267\317\230q\2660\\336f(\345\3551\035]""; "
1750527572987,1750527572988,0,1,4,3,TMValidation,"validation: """"\200\000\000\001&\000\000\000\n)/\351\252\322:p\210\265\307-\212\200\004Q\361\035\301\024\220m#*\372\032\3178~\374\250\014*\323\342'z69\220\327\256\351G\367\317u\302P\027\000\000\000\000\000\000\000\000\000\000\000\000\000\000\000\000\000\000\000\000\000\000\000\000\000\000\000\000\000\000\000\000P\0314\254\326mU\377?\177Ek\336\030!\316Aa\225\303\022\377{\210Y\226\271as\354L\035\004\341s!\002\364d\217\366\217|\316F\232\231\241\n\261\333`\312O\367\235\025DD\336e\367\n\312\326\221\037\025\230vF0D\002 ~\342i\341[\346n\277\251\001\261\317\244%:\001'\256kP#6\256c#\360\377\362\251\325aZ\002 J\200f\274U6\004\205\000\322S\007B\263\030bd\267\317\230q\2660\\336f(\345\3551\035]""; ","validation: """"\200\000\000\001&\000\000\000\n)/\351\252\322:p\210\265\307-\212\200\004Q\361\035\301\024\220m#*\372\032\3178~\374\250\014*\323\342'z69\220\327\256\351G\367\317u\302P\027\000\000\000\000\000\000\000\000\000\000\000\000\000\000\000\000\000\000\000\000\000\000\000\000\000\000\000\000\000\000\000\000P\0314\254\326mU\377?\177Ek\336\030!\316Aa\225\303\022\377{\210Y\226\271as\354L\035\004\341s!\002\364d\217\366\217|\316F\232\231\241\n\261\333`\312O\367\235\025DD\336e\367\n\312\326\221\037\025\230vF0D\002 ~\342i\341[\346n\277\251\001\261\317\244%:\001'\256kP#6\256c#\360\377\362\251\325aZ\002 J\200f\274U6\004\205\000\322S\007B\263\030bd\267\317\230q\2660\\336f(\345\3551\035]""; "
1750527572990,1750527572990,723,1,2,3,TMValidation,"validation: """"\200\000\000\001&\000\000\000\n)/\351\252\322:p\210\265\307-\212\200\004Q\361\035\301\024\220m#*\372\032\3178~\374\250\014*\323\342'z69\220\327\256\351G\367\317u\302P\027\000\000\000\000\000\000\000\000\000\000\000\000\000\000\000\000\000\000\000\000\000\000\000\000\000\000\000\000\000\000\000\000P\0314\254\326mU\377?\177Ek\336\030!\316Aa\225\303\022\377{\210Y\226\271as\354L\035\004\341s!\002\364d\217\366\217|\316F\232\231\241\n\261\333`\312O\367\235\025DD\336e\367\n\312\326\221\037\025\230vF0D\002 ~\342i\341[\346n\277\251\001\261\317\244%:\001'\256kP#6\256c#\360\377\362\251\325aZ\002 J\200f\274U6\004\205\000\322S\007B\263\030bd\267\317\230q\2660\\336f(\345\3551\035]""; ","validation: """"\200\000\000\001&\000\000\000\n)/\351\252\322:p\210\265\307-\212\200\004Q\361\035\301\024\220m#*\372\032\3178~\374\250\014*\323\342'z69\220\327\256\351G\367\317u\302P\027\000\000\000\000\000\000\000\000\000\000\000\000\000\000\000\000\000\000\000\000\000\000\000\000\000\000\000\000\000\000\000\000P\0314\254\326mU\377?\177Ek\336\030!\316Aa\225\303\022\377{\210Y\226\271as\354L\035\004\341s!\002\364d\217\366\217|\316F\232\231\241\n\261\333`\312O\367\235\025DD\336e\367\n\312\326\221\037\025\230vF0D\002 ~\342i\341[\346n\277\251\001\261\317\244%:\001'\256kP#6\256c#\360\377\362\251\325aZ\002 J\200f\274U6\004\205\000\322S\007B\263\030bd\267\317\230q\2660\\336f(\345\3551\035]""; "
1750527572990,1750527572990,340,1,2,1,TMValidation,"validation: """"\200\000\000\001&\000\000\000\n)/\351\252\322:p\210\265\307-\212\200\004Q\361\035\301\024\220m#*\372\032\3178~\374\250\014*\323\342'z69\220\327\256\351G\367\317u\302P\027\000\000\000\000\000\000\000\000\000\000\000\000\000\000\000\000\000\000\000\000\000\000\000\000\000\000\000\000\000\000\000\000P\0314\254\326mU\377?\177Ek\336\030!\316Aa\225\303\022\377{\210Y\226\271as\354L\035\004\341s!\002\364d\217\366\217|\316F\232\231\241\n\261\333`\312O\367\235\025DD\336e\367\n\312\326\221\037\025\230vF0D\002 ~\342i\341[\346n\277\251\001\261\317\244%:\001'\256kP#6\256c#\360\377\362\251\325aZ\002 J\200f\274U6\004\205\000\322S\007B\263\030bd\267\317\230q\2660\\336f(\345\3551\035]""; ","validation: """"\200\000\000\001&\000\000\000\n)/\351\252\322:p\210\265\307-\212\200\004Q\361\035\301\024\220m#*\372\032\3178~\374\250\014*\323\342'z69\220\327\256\351G\367\317u\302P\027\000\000\000\000\000\000\000\000\000\000\000\000\000\000\000\000\000\000\000\000\000\000\000\000\000\000\000\000\000\000\000\000P\0314\254\326mU\377?\177Ek\336\030!\316Aa\225\303\022\377{\210Y\226\271as\354L\035\004\341s!\002\364d\217\366\217|\316F\232\231\241\n\261\333`\312O\367\235\025DD\336e\367\n\312\326\221\037\025\230vF0D\002 ~\342i\341[\346n\277\251\001\261\317\244%:\001'\256kP#6\256c#\360\377\362\251\325aZ\002 J\200f\274U6\004\205\000\322S\007B\263\030bd\267\317\230q\2660\\336f(\345\3551\035]""; "
1750527572991,1750527572991,949,1,1,2,TMValidation,"validation: """"\200\000\000\001&\000\000\000\n)/\351\252\322:p\210\265\307-\212\200\004Q\361\035\301\024\220m#*\372\032\3178~\374\250\014*\323\342'z69\220\327\256\351G\367\317u\302P\027\000\000\000\000\000\000\000\000\000\000\000\000\000\000\000\000\000\000\000\000\000\000\000\000\000\000\000\000\000\000\000\000P\0314\254\326mU\377?\177Ek\336\030!\316Aa\225\303\022\377{\210Y\226\271as\354L\035\004\341s!\002\364d\217\366\217|\316F\232\231\241\n\261\333`\312O\367\235\025DD\336e\367\n\312\326\221\037\025\230vF0D\002 ~\342i\341[\346n\277\251\001\261\317\244%:\001'\256kP#6\256c#\360\377\362\251\325aZ\002 J\200f\274U6\004\205\000\322S\007B\263\030bd\267\317\230q\2660\\336f(\345\3551\035]""; ","validation: """"\200\000\000\001&\000\000\000\n)/\351\252\322:p\210\265\307-\212\200\004Q\361\035\301\024\220m#*\372\032\3178~\374\250\014*\323\342'z69\220\327\256\351G\367\317u\302P\027\000\000\000\000\000\000\000\000\000\000\000\000\000\000\000\000\000\000\000\000\000\000\000\000\000\000\000\000\000\000\000\000P\0314\254\326mU\377?\177Ek\336\030!\316Aa\225\303\022\377{\210Y\226\271as\354L\035\004\341s!\002\364d\217\366\217|\316F\232\231\241\n\261\333`\312O\367\235\025DD\336e\367\n\312\326\221\037\025\230vF0D\002 ~\342i\341[\346n\277\251\001\261\317\244%:\001'\256kP#6\256c#\360\377\362\251\325aZ\002 J\200f\274U6\004\205\000\322S\007B\263\030bd\267\317\230q\2660\\336f(\345\3551\035]""; "
1750527572990,1750527572990,446,1,2,0,TMValidation,"validation: """"\200\000\000\001&\000\000\000\n)/\351\252\322:p\210\265\307-\212\200\004Q\361\035\301\024\220m#*\372\032\3178~\374\250\014*\323\342'z69\220\327\256\351G\367\317u\302P\027\000\000\000\000\000\000\000\000\000\000\000\000\000\000\000\000\000\000\000\000\000\000\000\000\000\000\000\000\000\000\000\000P\0314\254\326mU\377?\177Ek\336\030!\316Aa\225\303\022\377{\210Y\226\271as\354L\035\004\341s!\002\364d\217\366\217|\316F\232\231\241\n\261\333`\312O\367\235\025DD\336e\367\n\312\326\221\037\025\230vF0D\002 ~\342i\341[\346n\277\251\001\261\317\244%:\001'\256kP#6\256c#\360\377\362\251\325aZ\002 J\200f\274U6\004\205\000\322S\007B\263\030bd\267\317\230q\2660\\336f(\345\3551\035]""; ","validation: """"\200\000\000\001&\000\000\000\n)/\351\252\322:p\210\265\307-\212\200\004Q\361\035\301\024\220m#*\372\032\3178~\374\250\014*\323\342'z69\220\327\256\351G\367\317u\302P\027\000\000\000\000\000\000\000\000\000\000\000\000\000\000\000\000\000\000\000\000\000\000\000\000\000\000\000\000\000\000\000\000P\0314\254\326mU\377?\177Ek\336\030!\316Aa\225\303\022\377{\210Y\226\271as\354L\035\004\341s!\002\364d\217\366\217|\316F\232\231\241\n\261\333`\312O\367\235\025DD\336e\367\n\312\326\221\037\025\230vF0D\002 ~\342i\341[\346n\277\251\001\261\317\244%:\001'\256kP#6\256c#\360\377\362\251\325aZ\002 J\200f\274U6\004\205\000\322S\007B\263\030bd\267\317\230q\2660\\336f(\345\3551\035]""; "
1750527572993,1750527572993,1311,1,1,3,TMValidation,"validation: """"\200\000\000\001&\000\000\000\n)/\351\252\322:p\210\265\307-\212\200\004Q\361\035\301\024\220m#*\372\032\3178~\374\250\014*\323\342'z69\220\327\256\351G\367\317u\302P\027\000\000\000\000\000\000\000\000\000\000\000\000\000\000\000\000\000\000\000\000\000\000\000\000\000\000\000\000\000\000\000\000P\0314\254\326mU\377?\177Ek\336\030!\316Aa\225\303\022\377{\210Y\226\271as\354L\035\004\341s!\002\364d\217\366\217|\316F\232\231\241\n\261\333`\312O\367\235\025DD\336e\367\n\312\326\221\037\025\230vF0D\002 ~\342i\341[\346n\277\251\001\261\317\244%:\001'\256kP#6\256c#\360\377\362\251\325aZ\002 J\200f\274U6\004\205\000\322S\007B\263\030bd\267\317\230q\2660\\336f(\345\3551\035]""; ","validation: """"\200\000\000\001&\000\000\000\n)/\351\252\322:p\210\265\307-\212\200\004Q\361\035\301\024\220m#*\372\032\3178~\374\250\014*\323\342'z69\220\327\256\351G\367\317u\302P\027\000\000\000\000\000\000\000\000\000\000\000\000\000\000\000\000\000\000\000\000\000\000\000\000\000\000\000\000\000\000\000\000P\0314\254\326mU\377?\177Ek\336\030!\316Aa\225\303\022\377{\210Y\226\271as\354L\035\004\341s!\002\364d\217\366\217|\316F\232\231\241\n\261\333`\312O\367\235\025DD\336e\367\n\312\326\221\037\025\230vF0D\002 ~\342i\341[\346n\277\251\001\261\317\244%:\001'\256kP#6\256c#\360\377\362\251\325aZ\002 J\200f\274U6\004\205\000\322S\007B\263\030bd\267\317\230q\2660\\336f(\345\3551\035]""; "
1750527572992,1750527572992,2229,1,1,0,TMValidation,"validation: """"\200\000\000\001&\000\000\000\n)/\351\252\322:p\210\265\307-\212\200\004Q\361\035\301\024\220m#*\372\032\3178~\374\250\014*\323\342'z69\220\327\256\351G\367\317u\302P\027\000\000\000\000\000\000\000\000\000\000\000\000\000\000\000\000\000\000\000\000\000\000\000\000\000\000\000\000\000\000\000\000P\0314\254\326mU\377?\177Ek\336\030!\316Aa\225\303\022\377{\210Y\226\271as\354L\035\004\341s!\002\364d\217\366\217|\316F\232\231\241\n\261\333`\312O\367\235\025DD\336e\367\n\312\326\221\037\025\230vF0D\002 ~\342i\341[\346n\277\251\001\261\317\244%:\001'\256kP#6\256c#\360\377\362\251\325aZ\002 J\200f\274U6\004\205\000\322S\007B\263\030bd\267\317\230q\2660\\336f(\345\3551\035]""; ","validation: """"\200\000\000\001&\000\000\000\n)/\351\252\322:p\210\265\307-\212\200\004Q\361\035\301\024\220m#*\372\032\3178~\374\250\014*\323\342'z69\220\327\256\351G\367\317u\302P\027\000\000\000\000\000\000\000\000\000\000\000\000\000\000\000\000\000\000\000\000\000\000\000\000\000\000\000\000\000\000\000\000P\0314\254\326mU\377?\177Ek\336\030!\316Aa\225\303\022\377{\210Y\226\271as\354L\035\004\341s!\002\364d\217\366\217|\316F\232\231\241\n\261\333`\312O\367\235\025DD\336e\367\n\312\326\221\037\025\230vF0D\002 ~\342i\341[\346n\277\251\001\261\317\244%:\001'\256kP#6\256c#\360\377\362\251\325aZ\002 J\200f\274U6\004\205\000\322S\007B\263\030bd\267\317\230q\2660\\336f(\345\3551\035]""; "
1750527573003,1750527573003,3719,1,2,4,TMGetLedger,"itype: liBASE; ledgerHash: ""4\254\326mU\377?\177Ek\336\030!\316Aa\225\303\022\377{\210Y\226\271as\354L\035\004\341""; ledgerSeq: 9; requestCookie: 2; queryType: qtINDIRECT; ","itype: liBASE; ledgerHash: ""4\254\326mU\377?\177Ek\336\030!\316Aa\225\303\022\377{\210Y\226\271as\354L\035\004\341""; ledgerSeq: 9; requestCookie: 2; queryType: qtINDIRECT; "
1750527573004,1750527573004,4000,1,2,3,TMGetLedger,"itype: liBASE; ledgerHash: ""\361\035\301\024\220m#*\372\032\3178~\374\250\014*\323\342'z69\220\327\256\351G\367\317u\302""; ledgerSeq: 10; requestCookie: 2; queryType: qtINDIRECT; ","itype: liBASE; ledgerHash: ""\361\035\301\024\220m#*\372\032\3178~\374\250\014*\323\342'z69\220\327\256\351G\367\317u\302""; ledgerSeq: 10; requestCookie: 2; queryType: qtINDIRECT; "
1750527573081,1750527573081,0,1,4,1,TMLedgerData,"ledgerHash: ""a=\225\273\331\354\365*U\363\263N\367b\371\244\314-w\363\262\225Z\200\206\235\233\257?sE\267""; ledgerSeq: 8; type: liBASE; nodes {;   nodedata: ""\000\000\000\010\001cEx]\211\377\330\033@\177e\277\016\010u\327\371&\262\312\317Q\2361t\377x\234\001v\003%\030\325_\225g\204\346\000\000\000\000\000\000\000\000\000\000\000\000\000\000\000\000\000\000\000\000\000\000\000\000\000\000\000\000\000\000\000\0006\207\227F[\243v\371\255c\270\254{\234\371\211\025\226%\351\352\037\264\262\021\311\263k\232\376\007\352/\351\252\264/\351\252\310\n\000""; }; nodes {;   nodedata: ""\323C\344\327\264{\312-\017:\006{\177\344N\002\326bO\260\220\006\033\362\345\005U\221DzJ0\001\301\025%1L\307\t\261\262z\374\222T\301\274V\236\223\262\270Ct\362\337b\356\024*\324\320\351\317\002k\336\234\027v\351\217\260\303\360\233ZPZWr\246$w\313\313\r\243r\232\2234\373\3539:N\004Q\245\272D\312D\300\300\t\323\0257\345e\271\na\215{\226\255x%T\257\037\333\004\344_/R\006E\344\037@\210\363\010\336T\226\247'\204_{\261\370""1\235\2445\343\033Y!\212\201\341\272\225'\007\265l7#N\236*T\346\016\255|M\nD8\n\343\313/\214\216\001\224\267\346}/\277\005?\336\013\003""; }; requestCookie: 2; ","ledgerHash: ""a=\225\273\331\354\365*U\363\263N\367b\371\244\314-w\363\262\225Z\200\206\235\233\257?sE\267""; ledgerSeq: 8; type: liBASE; nodes {;   nodedata: ""\000\000\000\010\001cEx]\211\377\330\033@\177e\277\016\010u\327\371&\262\312\317Q\2361t\377x\234\001v\003%\030\325_\225g\204\346\000\000\000\000\000\000\000\000\000\000\000\000\000\000\000\000\000\000\000\000\000\000\000\000\000\000\000\000\000\000\000\0006\207\227F[\243v\371\255c\270\254{\234\371\211\025\226%\351\352\037\264\262\021\311\263k\232\376\007\352/\351\252\264/\351\252\310\n\000""; }; nodes {;   nodedata: ""\323C\344\327\264{\312-\017:\006{\177\344N\002\326bO\260\220\006\033\362\345\005U\221DzJ0\001\301\025%1L\307\t\261\262z\374\222T\301\274V\236\223\262\270Ct\362\337b\356\024*\324\320\351\317\002k\336\234\027v\351\217\260\303\360\233ZPZWr\246$w\313\313\r\243r\232\2234\373\3539:N\004Q\245\272D\312D\300\300\t\323\0257\345e\271\na\215{\226\255x%T\257\037\333\004\344_/R\006E\344\037@\210\363\010\336T\226\247'\204_{\261\370""1\235\2445\343\033Y!\212\201\341\272\225'\007\265l7#N\236*T\346\016\255|M\nD8\n\343\313/\214\216\001\224\267\346}/\277\005?\336\013\003""; }; requestCookie: 2; "
1750527573082,1750527573082,860,1,1,0,TMLedgerData,"ledgerHash: ""a=\225\273\331\354\365*U\363\263N\367b\371\244\314-w\363\262\225Z\200\206\235\233\257?sE\267""; ledgerSeq: 8; type: liBASE; nodes {;   nodedata: ""\000\000\000\010\001cEx]\211\377\330\033@\177e\277\016\010u\327\371&\262\312\317Q\2361t\377x\234\001v\003%\030\325_\225g\204\346\000\000\000\000\000\000\000\000\000\000\000\000\000\000\000\000\000\000\000\000\000\000\000\000\000\000\000\000\000\000\000\0006\207\227F[\243v\371\255c\270\254{\234\371\211\025\226%\351\352\037\264\262\021\311\263k\232\376\007\352/\351\252\264/\351\252\310\n\000""; }; nodes {;   nodedata: ""\323C\344\327\264{\312-\017:\006{\177\344N\002\326bO\260\220\006\033\362\345\005U\221DzJ0\001\301\025%1L\307\t\261\262z\374\222T\301\274V\236\223\262\270Ct\362\337b\356\024*\324\320\351\317\002k\336\234\027v\351\217\260\303\360\233ZPZWr\246$w\313\313\r\243r\232\2234\373\3539:N\004Q\245\272D\312D\300\300\t\323\0257\345e\271\na\215{\226\255x%T\257\037\333\004\344_/R\006E\344\037@\210\363\010\336T\226\247'\204_{\261\370""1\235\2445\343\033Y!\212\201\341\272\225'\007\265l7#N\236*T\346\016\255|M\nD8\n\343\313/\214\216\001\224\267\346}/\277\005?\336\013\003""; }; ","ledgerHash: ""a=\225\273\331\354\365*U\363\263N\367b\371\244\314-w\363\262\225Z\200\206\235\233\257?sE\267""; ledgerSeq: 8; type: liBASE; nodes {;   nodedata: ""\000\000\000\010\001cEx]\211\377\330\033@\177e\277\016\010u\327\371&\262\312\317Q\2361t\377x\234\001v\003%\030\325_\225g\204\346\000\000\000\000\000\000\000\000\000\000\000\000\000\000\000\000\000\000\000\000\000\000\000\000\000\000\000\000\000\000\000\0006\207\227F[\243v\371\255c\270\254{\234\371\211\025\226%\351\352\037\264\262\021\311\263k\232\376\007\352/\351\252\264/\351\252\310\n\000""; }; nodes {;   nodedata: ""\323C\344\327\264{\312-\017:\006{\177\344N\002\326bO\260\220\006\033\362\345\005U\221DzJ0\001\301\025%1L\307\t\261\262z\374\222T\301\274V\236\223\262\270Ct\362\337b\356\024*\324\320\351\317\002k\336\234\027v\351\217\260\303\360\233ZPZWr\246$w\313\313\r\243r\232\2234\373\3539:N\004Q\245\272D\312D\300\300\t\323\0257\345e\271\na\215{\226\255x%T\257\037\333\004\344_/R\006E\344\037@\210\363\010\336T\226\247'\204_{\261\370""1\235\2445\343\033Y!\212\201\341\272\225'\007\265l7#N\236*T\346\016\255|M\nD8\n\343\313/\214\216\001\224\267\346}/\277\005?\336\013\003""; }; "
1750527573195,1750527573195,3719,1,2,4,TMGetLedger,"itype: liBASE; ledgerHash: ""4\254\326mU\377?\177Ek\336\030!\316Aa\225\303\022\377{\210Y\226\271as\354L\035\004\341""; requestCookie: 3; queryType: qtINDIRECT; ","itype: liBASE; ledgerHash: ""4\254\326mU\377?\177Ek\336\030!\316Aa\225\303\022\377{\210Y\226\271as\354L\035\004\341""; requestCookie: 3; queryType: qtINDIRECT; "
1750527573235,1750527573235,4000,1,2,3,TMGetLedger,"itype: liBASE; ledgerHash: ""\361\035\301\024\220m#*\372\032\3178~\374\250\014*\323\342'z69\220\327\256\351G\367\317u\302""; requestCookie: 3; queryType: qtINDIRECT; ","itype: liBASE; ledgerHash: ""\361\035\301\024\220m#*\372\032\3178~\374\250\014*\323\342'z69\220\327\256\351G\367\317u\302""; requestCookie: 3; queryType: qtINDIRECT; "
1750527573424,1750527573425,0,1,3,4,TMValidation,"validation: """"\200\000\000\001&\000\000\000\013)/\351\252\325:p\210\265\307-\212\200\004Q\207\270b\315\333\333\334\310I\323&\014\352XZnW2.\335\347\202\021\247\362\212e\034\000\001\250\220P\027\000\000\000\000\000\000\000\000\000\000\000\000\000\000\000\000\000\000\000\000\000\000\000\000\000\000\000\000\000\000\000\000P\031\361\035\301\024\220m#*\372\032\3178~\374\250\014*\323\342'z69\220\327\256\351G\367\317u\302s!\002\364d\217\366\217|\316F\232\231\241\n\261\333`\312O\367\235\025DD\336e\367\n\312\326\221\037\025\230vG0E\002!\000\306I\312b\013\302<\307\202r\253 \326\027\025\251\267u*\021\254\177\244'\007}\240\300\003+X\336\002 {R\003\n=\027d-\037\202\342\342\035\276a\355])^9\335\265\276\030\n#{\334&G\275K""; ","validation: """"\200\000\000\001&\000\000\000\013)/\351\252\325:p\210\265\307-\212\200\004Q\207\270b\315\333\333\334\310I\323&\014\352XZnW2.\335\347\202\021\247\362\212e\034\000\001\250\220P\027\000\000\000\000\000\000\000\000\000\000\000\000\000\000\000\000\000\000\000\000\000\000\000\000\000\000\000\000\000\000\000\000P\031\361\035\301\024\220m#*\372\032\3178~\374\250\014*\323\342'z69\220\327\256\351G\367\317u\302s!\002\364d\217\366\217|\316F\232\231\241\n\261\333`\312O\367\235\025DD\336e\367\n\312\326\221\037\025\230vG0E\002!\000\306I\312b\013\302<\307\202r\253 \326\027\025\251\267u*\021\254\177\244'\007}\240\300\003+X\336\002 {R\003\n=\027d-\037\202\342\342\035\276a\355])^9\335\265\276\030\n#{\334&G\275K""; "
1750527573426,1750527573426,0,1,3,2,TMValidation,"validation: """"\200\000\000\001&\000\000\000\013)/\351\252\325:p\210\265\307-\212\200\004Q\207\270b\315\333\333\334\310I\323&\014\352XZnW2.\335\347\202\021\247\362\212e\034\000\001\250\220P\027\000\000\000\000\000\000\000\000\000\000\000\000\000\000\000\000\000\000\000\000\000\000\000\000\000\000\000\000\000\000\000\000P\031\361\035\301\024\220m#*\372\032\3178~\374\250\014*\323\342'z69\220\327\256\351G\367\317u\302s!\002\364d\217\366\217|\316F\232\231\241\n\261\333`\312O\367\235\025DD\336e\367\n\312\326\221\037\025\230vG0E\002!\000\306I\312b\013\302<\307\202r\253 \326\027\025\251\267u*\021\254\177\244'\007}\240\300\003+X\336\002 {R\003\n=\027d-\037\202\342\342\035\276a\355])^9\335\265\276\030\n#{\334&G\275K""; ","validation: """"\200\000\000\001&\000\000\000\013)/\351\252\325:p\210\265\307-\212\200\004Q\207\270b\315\333\333\334\310I\323&\014\352XZnW2.\335\347\202\021\247\362\212e\034\000\001\250\220P\027\000\000\000\000\000\000\000\000\000\000\000\000\000\000\000\000\000\000\000\000\000\000\000\000\000\000\000\000\000\000\000\000P\031\361\035\301\024\220m#*\372\032\3178~\374\250\014*\323\342'z69\220\327\256\351G\367\317u\302s!\002\364d\217\366\217|\316F\232\231\241\n\261\333`\312O\367\235\025DD\336e\367\n\312\326\221\037\025\230vG0E\002!\000\306I\312b\013\302<\307\202r\253 \326\027\025\251\267u*\021\254\177\244'\007}\240\300\003+X\336\002 {R\003\n=\027d-\037\202\342\342\035\276a\355])^9\335\265\276\030\n#{\334&G\275K""; "
1750527573425,1750527573425,0,1,3,4,TMStatusChange,"newEvent: neACCEPTED_LEDGER; ledgerSeq: 11; ledgerHash: ""\207\270b\315\333\333\334\310I\323&\014\352XZnW2.\335\347\202\021\247\362\212e\034\000\001\250\220""; ledgerHashPrevious: ""\361\035\301\024\220m#*\372\032\3178~\374\250\014*\323\342'z69\220\327\256\351G\367\317u\302""; networkTime: 803842773; firstSeq: 1; lastSeq: 10; ","newEvent: neACCEPTED_LEDGER; ledgerSeq: 11; ledgerHash: ""\207\270b\315\333\333\334\310I\323&\014\352XZnW2.\335\347\202\021\247\362\212e\034\000\001\250\220""; ledgerHashPrevious: ""\361\035\301\024\220m#*\372\032\3178~\374\250\014*\323\342'z69\220\327\256\351G\367\317u\302""; networkTime: 803842773; firstSeq: 1; lastSeq: 10; "
1750527573427,1750527573427,0,1,3,2,TMStatusChange,"newEvent: neACCEPTED_LEDGER; ledgerSeq: 11; ledgerHash: ""\207\270b\315\333\333\334\310I\323&\014\352XZnW2.\335\347\202\021\247\362\212e\034\000\001\250\220""; ledgerHashPrevious: ""\361\035\301\024\220m#*\372\032\3178~\374\250\014*\323\342'z69\220\327\256\351G\367\317u\302""; networkTime: 803842773; firstSeq: 1; lastSeq: 10; ","newEvent: neACCEPTED_LEDGER; ledgerSeq: 11; ledgerHash: ""\207\270b\315\333\333\334\310I\323&\014\352XZnW2.\335\347\202\021\247\362\212e\034\000\001\250\220""; ledgerHashPrevious: ""\361\035\301\024\220m#*\372\032\3178~\374\250\014*\323\342'z69\220\327\256\351G\367\317u\302""; networkTime: 803842773; firstSeq: 1; lastSeq: 10; "
1750527573428,1750527573428,0,1,3,1,TMStatusChange,"newEvent: neACCEPTED_LEDGER; ledgerSeq: 11; ledgerHash: ""\207\270b\315\333\333\334\310I\323&\014\352XZnW2.\335\347\202\021\247\362\212e\034\000\001\250\220""; ledgerHashPrevious: ""\361\035\301\024\220m#*\372\032\3178~\374\250\014*\323\342'z69\220\327\256\351G\367\317u\302""; networkTime: 803842773; firstSeq: 1; lastSeq: 10; ","newEvent: neACCEPTED_LEDGER; ledgerSeq: 11; ledgerHash: ""\207\270b\315\333\333\334\310I\323&\014\352XZnW2.\335\347\202\021\247\362\212e\034\000\001\250\220""; ledgerHashPrevious: ""\361\035\301\024\220m#*\372\032\3178~\374\250\014*\323\342'z69\220\327\256\351G\367\317u\302""; networkTime: 803842773; firstSeq: 1; lastSeq: 10; "
1750527573428,1750527573428,0,1,3,1,TMValidation,"validation: """"\200\000\000\001&\000\000\000\013)/\351\252\325:p\210\265\307-\212\200\004Q\207\270b\315\333\333\334\310I\323&\014\352XZnW2.\335\347\202\021\247\362\212e\034\000\001\250\220P\027\000\000\000\000\000\000\000\000\000\000\000\000\000\000\000\000\000\000\000\000\000\000\000\000\000\000\000\000\000\000\000\000P\031\361\035\301\024\220m#*\372\032\3178~\374\250\014*\323\342'z69\220\327\256\351G\367\317u\302s!\002\364d\217\366\217|\316F\232\231\241\n\261\333`\312O\367\235\025DD\336e\367\n\312\326\221\037\025\230vG0E\002!\000\306I\312b\013\302<\307\202r\253 \326\027\025\251\267u*\021\254\177\244'\007}\240\300\003+X\336\002 {R\003\n=\027d-\037\202\342\342\035\276a\355])^9\335\265\276\030\n#{\334&G\275K""; ","validation: """"\200\000\000\001&\000\000\000\013)/\351\252\325:p\210\265\307-\212\200\004Q\207\270b\315\333\333\334\310I\323&\014\352XZnW2.\335\347\202\021\247\362\212e\034\000\001\250\220P\027\000\000\000\000\000\000\000\000\000\000\000\000\000\000\000\000\000\000\000\000\000\000\000\000\000\000\000\000\000\000\000\000P\031\361\035\301\024\220m#*\372\032\3178~\374\250\014*\323\342'z69\220\327\256\351G\367\317u\302s!\002\364d\217\366\217|\316F\232\231\241\n\261\333`\312O\367\235\025DD\336e\367\n\312\326\221\037\025\230vG0E\002!\000\306I\312b\013\302<\307\202r\253 \326\027\025\251\267u*\021\254\177\244'\007}\240\300\003+X\336\002 {R\003\n=\027d-\037\202\342\342\035\276a\355])^9\335\265\276\030\n#{\334&G\275K""; "
1750527573428,1750527573428,0,1,3,0,TMStatusChange,"newEvent: neACCEPTED_LEDGER; ledgerSeq: 11; ledgerHash: ""\207\270b\315\333\333\334\310I\323&\014\352XZnW2.\335\347\202\021\247\362\212e\034\000\001\250\220""; ledgerHashPrevious: ""\361\035\301\024\220m#*\372\032\3178~\374\250\014*\323\342'z69\220\327\256\351G\367\317u\302""; networkTime: 803842773; firstSeq: 1; lastSeq: 10; ","newEvent: neACCEPTED_LEDGER; ledgerSeq: 11; ledgerHash: ""\207\270b\315\333\333\334\310I\323&\014\352XZnW2.\335\347\202\021\247\362\212e\034\000\001\250\220""; ledgerHashPrevious: ""\361\035\301\024\220m#*\372\032\3178~\374\250\014*\323\342'z69\220\327\256\351G\367\317u\302""; networkTime: 803842773; firstSeq: 1; lastSeq: 10; "
1750527573430,1750527573430,0,1,3,0,TMValidation,"validation: """"\200\000\000\001&\000\000\000\013)/\351\252\325:p\210\265\307-\212\200\004Q\207\270b\315\333\333\334\310I\323&\014\352XZnW2.\335\347\202\021\247\362\212e\034\000\001\250\220P\027\000\000\000\000\000\000\000\000\000\000\000\000\000\000\000\000\000\000\000\000\000\000\000\000\000\000\000\000\000\000\000\000P\031\361\035\301\024\220m#*\372\032\3178~\374\250\014*\323\342'z69\220\327\256\351G\367\317u\302s!\002\364d\217\366\217|\316F\232\231\241\n\261\333`\312O\367\235\025DD\336e\367\n\312\326\221\037\025\230vG0E\002!\000\306I\312b\013\302<\307\202r\253 \326\027\025\251\267u*\021\254\177\244'\007}\240\300\003+X\336\002 {R\003\n=\027d-\037\202\342\342\035\276a\355])^9\335\265\276\030\n#{\334&G\275K""; ","validation: """"\200\000\000\001&\000\000\000\013)/\351\252\325:p\210\265\307-\212\200\004Q\207\270b\315\333\333\334\310I\323&\014\352XZnW2.\335\347\202\021\247\362\212e\034\000\001\250\220P\027\000\000\000\000\000\000\000\000\000\000\000\000\000\000\000\000\000\000\000\000\000\000\000\000\000\000\000\000\000\000\000\000P\031\361\035\301\024\220m#*\372\032\3178~\374\250\014*\323\342'z69\220\327\256\351G\367\317u\302s!\002\364d\217\366\217|\316F\232\231\241\n\261\333`\312O\367\235\025DD\336e\367\n\312\326\221\037\025\230vG0E\002!\000\306I\312b\013\302<\307\202r\253 \326\027\025\251\267u*\021\254\177\244'\007}\240\300\003+X\336\002 {R\003\n=\027d-\037\202\342\342\035\276a\355])^9\335\265\276\030\n#{\334&G\275K""; "
1750527573430,1750527573430,0,1,4,1,TMValidation,"validation: """"\200\000\000\001&\000\000\000\013)/\351\252\325:p\210\265\307-\212\200\004Q\207\270b\315\333\333\334\310I\323&\014\352XZnW2.\335\347\202\021\247\362\212e\034\000\001\250\220P\027\000\000\000\000\000\000\000\000\000\000\000\000\000\000\000\000\000\000\000\000\000\000\000\000\000\000\000\000\000\000\000\000P\031\361\035\301\024\220m#*\372\032\3178~\374\250\014*\323\342'z69\220\327\256\351G\367\317u\302s!\002\364d\217\366\217|\316F\232\231\241\n\261\333`\312O\367\235\025DD\336e\367\n\312\326\221\037\025\230vG0E\002!\000\306I\312b\013\302<\307\202r\253 \326\027\025\251\267u*\021\254\177\244'\007}\240\300\003+X\336\002 {R\003\n=\027d-\037\202\342\342\035\276a\355])^9\335\265\276\030\n#{\334&G\275K""; ","validation: """"\200\000\000\001&\000\000\000\013)/\351\252\325:p\210\265\307-\212\200\004Q\207\270b\315\333\333\334\310I\323&\014\352XZnW2.\335\347\202\021\247\362\212e\034\000\001\250\220P\027\000\000\000\000\000\000\000\000\000\000\000\000\000\000\000\000\000\000\000\000\000\000\000\000\000\000\000\000\000\000\000\000P\031\361\035\301\024\220m#*\372\032\3178~\374\250\014*\323\342'z69\220\327\256\351G\367\317u\302s!\002\364d\217\366\217|\316F\232\231\241\n\261\333`\312O\367\235\025DD\336e\367\n\312\326\221\037\025\230vG0E\002!\000\306I\312b\013\302<\307\202r\253 \326\027\025\251\267u*\021\254\177\244'\007}\240\300\003+X\336\002 {R\003\n=\027d-\037\202\342\342\035\276a\355])^9\335\265\276\030\n#{\334&G\275K""; "
1750527573431,1750527573431,0,1,4,0,TMValidation,"validation: """"\200\000\000\001&\000\000\000\013)/\351\252\325:p\210\265\307-\212\200\004Q\207\270b\315\333\333\334\310I\323&\014\352XZnW2.\335\347\202\021\247\362\212e\034\000\001\250\220P\027\000\000\000\000\000\000\000\000\000\000\000\000\000\000\000\000\000\000\000\000\000\000\000\000\000\000\000\000\000\000\000\000P\031\361\035\301\024\220m#*\372\032\3178~\374\250\014*\323\342'z69\220\327\256\351G\367\317u\302s!\002\364d\217\366\217|\316F\232\231\241\n\261\333`\312O\367\235\025DD\336e\367\n\312\326\221\037\025\230vG0E\002!\000\306I\312b\013\302<\307\202r\253 \326\027\025\251\267u*\021\254\177\244'\007}\240\300\003+X\336\002 {R\003\n=\027d-\037\202\342\342\035\276a\355])^9\335\265\276\030\n#{\334&G\275K""; ","validation: """"\200\000\000\001&\000\000\000\013)/\351\252\325:p\210\265\307-\212\200\004Q\207\270b\315\333\333\334\310I\323&\014\352XZnW2.\335\347\202\021\247\362\212e\034\000\001\250\220P\027\000\000\000\000\000\000\000\000\000\000\000\000\000\000\000\000\000\000\000\000\000\000\000\000\000\000\000\000\000\000\000\000P\031\361\035\301\024\220m#*\372\032\3178~\374\250\014*\323\342'z69\220\327\256\351G\367\317u\302s!\002\364d\217\366\217|\316F\232\231\241\n\261\333`\312O\367\235\025DD\336e\367\n\312\326\221\037\025\230vG0E\002!\000\306I\312b\013\302<\307\202r\253 \326\027\025\251\267u*\021\254\177\244'\007}\240\300\003+X\336\002 {R\003\n=\027d-\037\202\342\342\035\276a\355])^9\335\265\276\030\n#{\334&G\275K""; "
1750527573431,1750527573431,0,1,4,2,TMGetLedger,"itype: liBASE; ledgerHash: ""\207\270b\315\333\333\334\310I\323&\014\352XZnW2.\335\347\202\021\247\362\212e\034\000\001\250\220""; ","itype: liBASE; ledgerHash: ""\207\270b\315\333\333\334\310I\323&\014\352XZnW2.\335\347\202\021\247\362\212e\034\000\001\250\220""; "
1750527573432,1750527573432,0,1,4,1,TMGetLedger,"itype: liBASE; ledgerHash: ""\207\270b\315\333\333\334\310I\323&\014\352XZnW2.\335\347\202\021\247\362\212e\034\000\001\250\220""; ","itype: liBASE; ledgerHash: ""\207\270b\315\333\333\334\310I\323&\014\352XZnW2.\335\347\202\021\247\362\212e\034\000\001\250\220""; "
1750527573432,1750527573432,0,1,4,2,TMValidation,"validation: """"\200\000\000\001&\000\000\000\013)/\351\252\325:p\210\265\307-\212\200\004Q\207\270b\315\333\333\334\310I\323&\014\352XZnW2.\335\347\202\021\247\362\212e\034\000\001\250\220P\027\000\000\000\000\000\000\000\000\000\000\000\000\000\000\000\000\000\000\000\000\000\000\000\000\000\000\000\000\000\000\000\000P\031\361\035\301\024\220m#*\372\032\3178~\374\250\014*\323\342'z69\220\327\256\351G\367\317u\302s!\002\364d\217\366\217|\316F\232\231\241\n\261\333`\312O\367\235\025DD\336e\367\n\312\326\221\037\025\230vG0E\002!\000\306I\312b\013\302<\307\202r\253 \326\027\025\251\267u*\021\254\177\244'\007}\240\300\003+X\336\002 {R\003\n=\027d-\037\202\342\342\035\276a\355])^9\335\265\276\030\n#{\334&G\275K""; ","validation: """"\200\000\000\001&\000\000\000\013)/\351\252\325:p\210\265\307-\212\200\004Q\207\270b\315\333\333\334\310I\323&\014\352XZnW2.\335\347\202\021\247\362\212e\034\000\001\250\220P\027\000\000\000\000\000\000\000\000\000\000\000\000\000\000\000\000\000\000\000\000\000\000\000\000\000\000\000\000\000\000\000\000P\031\361\035\301\024\220m#*\372\032\3178~\374\250\014*\323\342'z69\220\327\256\351G\367\317u\302s!\002\364d\217\366\217|\316F\232\231\241\n\261\333`\312O\367\235\025DD\336e\367\n\312\326\221\037\025\230vG0E\002!\000\306I\312b\013\302<\307\202r\253 \326\027\025\251\267u*\021\254\177\244'\007}\240\300\003+X\336\002 {R\003\n=\027d-\037\202\342\342\035\276a\355])^9\335\265\276\030\n#{\334&G\275K""; "
1750527573432,1750527573432,0,1,4,3,TMGetLedger,"itype: liBASE; ledgerHash: ""\207\270b\315\333\333\334\310I\323&\014\352XZnW2.\335\347\202\021\247\362\212e\034\000\001\250\220""; ","itype: liBASE; ledgerHash: ""\207\270b\315\333\333\334\310I\323&\014\352XZnW2.\335\347\202\021\247\362\212e\034\000\001\250\220""; "
1750527573432,1750527573433,0,1,4,2,TMGetLedger,"itype: liBASE; ledgerHash: ""\207\270b\315\333\333\334\310I\323&\014\352XZnW2.\335\347\202\021\247\362\212e\034\000\001\250\220""; queryType: qtINDIRECT; ","itype: liBASE; ledgerHash: ""\207\270b\315\333\333\334\310I\323&\014\352XZnW2.\335\347\202\021\247\362\212e\034\000\001\250\220""; queryType: qtINDIRECT; "
1750527573434,1750527573434,0,1,4,1,TMGetLedger,"itype: liBASE; ledgerHash: ""\207\270b\315\333\333\334\310I\323&\014\352XZnW2.\335\347\202\021\247\362\212e\034\000\001\250\220""; queryType: qtINDIRECT; ","itype: liBASE; ledgerHash: ""\207\270b\315\333\333\334\310I\323&\014\352XZnW2.\335\347\202\021\247\362\212e\034\000\001\250\220""; queryType: qtINDIRECT; "
1750527573434,1750527573434,0,1,4,3,TMGetLedger,"itype: liBASE; ledgerHash: ""\207\270b\315\333\333\334\310I\323&\014\352XZnW2.\335\347\202\021\247\362\212e\034\000\001\250\220""; queryType: qtINDIRECT; ","itype: liBASE; ledgerHash: ""\207\270b\315\333\333\334\310I\323&\014\352XZnW2.\335\347\202\021\247\362\212e\034\000\001\250\220""; queryType: qtINDIRECT; "
1750527573435,1750527573435,589,1,2,0,TMGetLedger,"itype: liBASE; ledgerHash: ""\207\270b\315\333\333\334\310I\323&\014\352XZnW2.\335\347\202\021\247\362\212e\034\000\001\250\220""; ","itype: liBASE; ledgerHash: ""\207\270b\315\333\333\334\310I\323&\014\352XZnW2.\335\347\202\021\247\362\212e\034\000\001\250\220""; "
1750527573436,1750527573436,1544,1,2,1,TMGetLedger,"itype: liBASE; ledgerHash: ""\207\270b\315\333\333\334\310I\323&\014\352XZnW2.\335\347\202\021\247\362\212e\034\000\001\250\220""; ","itype: liBASE; ledgerHash: ""\207\270b\315\333\333\334\310I\323&\014\352XZnW2.\335\347\202\021\247\362\212e\034\000\001\250\220""; "
1750527573436,1750527573436,4000,1,2,3,TMGetLedger,"itype: liBASE; ledgerHash: ""\207\270b\315\333\333\334\310I\323&\014\352XZnW2.\335\347\202\021\247\362\212e\034\000\001\250\220""; ","itype: liBASE; ledgerHash: ""\207\270b\315\333\333\334\310I\323&\014\352XZnW2.\335\347\202\021\247\362\212e\034\000\001\250\220""; "
1750527573437,1750527573437,3719,1,2,4,TMGetLedger,"itype: liBASE; ledgerHash: ""\207\270b\315\333\333\334\310I\323&\014\352XZnW2.\335\347\202\021\247\362\212e\034\000\001\250\220""; ","itype: liBASE; ledgerHash: ""\207\270b\315\333\333\334\310I\323&\014\352XZnW2.\335\347\202\021\247\362\212e\034\000\001\250\220""; "
1750527573438,1750527573438,3128,1,2,4,TMValidation,"validation: """"\200\000\000\001&\000\000\000\013)/\351\252\325:p\210\265\307-\212\200\004Q\207\270b\315\333\333\334\310I\323&\014\352XZnW2.\335\347\202\021\247\362\212e\034\000\001\250\220P\027\000\000\000\000\000\000\000\000\000\000\000\000\000\000\000\000\000\000\000\000\000\000\000\000\000\000\000\000\000\000\000\000P\031\361\035\301\024\220m#*\372\032\3178~\374\250\014*\323\342'z69\220\327\256\351G\367\317u\302s!\002\364d\217\366\217|\316F\232\231\241\n\261\333`\312O\367\235\025DD\336e\367\n\312\326\221\037\025\230vG0E\002!\000\306I\312b\013\302<\307\202r\253 \326\027\025\251\267u*\021\254\177\244'\007}\240\300\003+X\336\002 {R\003\n=\027d-\037\202\342\342\035\276a\355])^9\335\265\276\030\n#{\334&G\275K""; ","validation: """"\200\000\000\001&\000\000\000\013)/\351\252\325:p\210\265\307-\212\200\004Q\207\270b\315\333\333\334\310I\323&\014\352XZnW2.\335\347\202\021\247\362\212e\034\000\001\250\220P\027\000\000\000\000\000\000\000\000\000\000\000\000\000\000\000\000\000\000\000\000\000\000\000\000\000\000\000\000\000\000\000\000P\031\361\035\301\024\220m#*\372\032\3178~\374\250\014*\323\342'z69\220\327\256\351G\367\317u\302s!\002\364d\217\366\217|\316F\232\231\241\n\261\333`\312O\367\235\025DD\336e\367\n\312\326\221\037\025\230vG0E\002!\000\306I\312b\013\302<\307\202r\253 \326\027\025\251\267u*\021\254\177\244'\007}\240\300\003+X\336\002 {R\003\n=\027d-\037\202\342\342\035\276a\355])^9\335\265\276\030\n#{\334&G\275K""; "
1750527573440,1750527573440,4000,1,2,3,TMGetLedger,"itype: liBASE; ledgerHash: ""\207\270b\315\333\333\334\310I\323&\014\352XZnW2.\335\347\202\021\247\362\212e\034\000\001\250\220""; ledgerSeq: 11; queryType: qtINDIRECT; ","itype: liBASE; ledgerHash: ""\207\270b\315\333\333\334\310I\323&\014\352XZnW2.\335\347\202\021\247\362\212e\034\000\001\250\220""; ledgerSeq: 11; queryType: qtINDIRECT; "
1750527573440,1750527573440,1544,1,2,1,TMGetLedger,"itype: liBASE; ledgerHash: ""\207\270b\315\333\333\334\310I\323&\014\352XZnW2.\335\347\202\021\247\362\212e\034\000\001\250\220""; ledgerSeq: 11; queryType: qtINDIRECT; ","itype: liBASE; ledgerHash: ""\207\270b\315\333\333\334\310I\323&\014\352XZnW2.\335\347\202\021\247\362\212e\034\000\001\250\220""; ledgerSeq: 11; queryType: qtINDIRECT; "
1750527573441,1750527573441,340,1,2,1,TMValidation,"validation: """"\200\000\000\001&\000\000\000\013)/\351\252\325:p\210\265\307-\212\200\004Q\207\270b\315\333\333\334\310I\323&\014\352XZnW2.\335\347\202\021\247\362\212e\034\000\001\250\220P\027\000\000\000\000\000\000\000\000\000\000\000\000\000\000\000\000\000\000\000\000\000\000\000\000\000\000\000\000\000\000\000\000P\031\361\035\301\024\220m#*\372\032\3178~\374\250\014*\323\342'z69\220\327\256\351G\367\317u\302s!\002\364d\217\366\217|\316F\232\231\241\n\261\333`\312O\367\235\025DD\336e\367\n\312\326\221\037\025\230vG0E\002!\000\306I\312b\013\302<\307\202r\253 \326\027\025\251\267u*\021\254\177\244'\007}\240\300\003+X\336\002 {R\003\n=\027d-\037\202\342\342\035\276a\355])^9\335\265\276\030\n#{\334&G\275K""; ","validation: """"\200\000\000\001&\000\000\000\013)/\351\252\325:p\210\265\307-\212\200\004Q\207\270b\315\333\333\334\310I\323&\014\352XZnW2.\335\347\202\021\247\362\212e\034\000\001\250\220P\027\000\000\000\000\000\000\000\000\000\000\000\000\000\000\000\000\000\000\000\000\000\000\000\000\000\000\000\000\000\000\000\000P\031\361\035\301\024\220m#*\372\032\3178~\374\250\014*\323\342'z69\220\327\256\351G\367\317u\302s!\002\364d\217\366\217|\316F\232\231\241\n\261\333`\312O\367\235\025DD\336e\367\n\312\326\221\037\025\230vG0E\002!\000\306I\312b\013\302<\307\202r\253 \326\027\025\251\267u*\021\254\177\244'\007}\240\300\003+X\336\002 {R\003\n=\027d-\037\202\342\342\035\276a\355])^9\335\265\276\030\n#{\334&G\275K""; "
1750527573441,1750527573441,3719,1,2,4,TMGetLedger,"itype: liBASE; ledgerHash: ""\207\270b\315\333\333\334\310I\323&\014\352XZnW2.\335\347\202\021\247\362\212e\034\000\001\250\220""; ledgerSeq: 11; queryType: qtINDIRECT; ","itype: liBASE; ledgerHash: ""\207\270b\315\333\333\334\310I\323&\014\352XZnW2.\335\347\202\021\247\362\212e\034\000\001\250\220""; ledgerSeq: 11; queryType: qtINDIRECT; "
1750527573442,1750527573442,3769,1,1,3,TMGetLedger,"itype: liBASE; ledgerHash: ""\207\270b\315\333\333\334\310I\323&\014\352XZnW2.\335\347\202\021\247\362\212e\034\000\001\250\220""; ledgerSeq: 11; ","itype: liBASE; ledgerHash: ""\207\270b\315\333\333\334\310I\323&\014\352XZnW2.\335\347\202\021\247\362\212e\034\000\001\250\220""; ledgerSeq: 11; "
1750527573442,1750527573442,1495,1,1,2,TMGetLedger,"itype: liBASE; ledgerHash: ""\207\270b\315\333\333\334\310I\323&\014\352XZnW2.\335\347\202\021\247\362\212e\034\000\001\250\220""; ledgerSeq: 11; ","itype: liBASE; ledgerHash: ""\207\270b\315\333\333\334\310I\323&\014\352XZnW2.\335\347\202\021\247\362\212e\034\000\001\250\220""; ledgerSeq: 11; "
1750527573443,1750527573443,2920,1,1,0,TMGetLedger,"itype: liBASE; ledgerHash: ""\207\270b\315\333\333\334\310I\323&\014\352XZnW2.\335\347\202\021\247\362\212e\034\000\001\250\220""; ledgerSeq: 11; ","itype: liBASE; ledgerHash: ""\207\270b\315\333\333\334\310I\323&\014\352XZnW2.\335\347\202\021\247\362\212e\034\000\001\250\220""; ledgerSeq: 11; "
1750527573444,1750527573444,3746,1,1,4,TMValidation,"validation: """"\200\000\000\001&\000\000\000\013)/\351\252\325:p\210\265\307-\212\200\004Q\207\270b\315\333\333\334\310I\323&\014\352XZnW2.\335\347\202\021\247\362\212e\034\000\001\250\220P\027\000\000\000\000\000\000\000\000\000\000\000\000\000\000\000\000\000\000\000\000\000\000\000\000\000\000\000\000\000\000\000\000P\031\361\035\301\024\220m#*\372\032\3178~\374\250\014*\323\342'z69\220\327\256\351G\367\317u\302s!\002\364d\217\366\217|\316F\232\231\241\n\261\333`\312O\367\235\025DD\336e\367\n\312\326\221\037\025\230vG0E\002!\000\306I\312b\013\302<\307\202r\253 \326\027\025\251\267u*\021\254\177\244'\007}\240\300\003+X\336\002 {R\003\n=\027d-\037\202\342\342\035\276a\355])^9\335\265\276\030\n#{\334&G\275K""; ","validation: """"\200\000\000\001&\000\000\000\013)/\351\252\325:p\210\265\307-\212\200\004Q\207\270b\315\333\333\334\310I\323&\014\352XZnW2.\335\347\202\021\247\362\212e\034\000\001\250\220P\027\000\000\000\000\000\000\000\000\000\000\000\000\000\000\000\000\000\000\000\000\000\000\000\000\000\000\000\000\000\000\000\000P\031\361\035\301\024\220m#*\372\032\3178~\374\250\014*\323\342'z69\220\327\256\351G\367\317u\302s!\002\364d\217\366\217|\316F\232\231\241\n\261\333`\312O\367\235\025DD\336e\367\n\312\326\221\037\025\230vG0E\002!\000\306I\312b\013\302<\307\202r\253 \326\027\025\251\267u*\021\254\177\244'\007}\240\300\003+X\336\002 {R\003\n=\027d-\037\202\342\342\035\276a\355])^9\335\265\276\030\n#{\334&G\275K""; "
1750527573444,1750527573444,3810,1,1,4,TMGetLedger,"itype: liBASE; ledgerHash: ""\207\270b\315\333\333\334\310I\323&\014\352XZnW2.\335\347\202\021\247\362\212e\034\000\001\250\220""; ledgerSeq: 11; ","itype: liBASE; ledgerHash: ""\207\270b\315\333\333\334\310I\323&\014\352XZnW2.\335\347\202\021\247\362\212e\034\000\001\250\220""; ledgerSeq: 11; "
1750527573445,1750527573445,1495,1,1,2,TMGetLedger,"itype: liBASE; ledgerHash: ""\207\270b\315\333\333\334\310I\323&\014\352XZnW2.\335\347\202\021\247\362\212e\034\000\001\250\220""; ledgerSeq: 11; queryType: qtINDIRECT; ","itype: liBASE; ledgerHash: ""\207\270b\315\333\333\334\310I\323&\014\352XZnW2.\335\347\202\021\247\362\212e\034\000\001\250\220""; ledgerSeq: 11; queryType: qtINDIRECT; "
1750527573445,1750527573445,2229,1,1,0,TMValidation,"validation: """"\200\000\000\001&\000\000\000\013)/\351\252\325:p\210\265\307-\212\200\004Q\207\270b\315\333\333\334\310I\323&\014\352XZnW2.\335\347\202\021\247\362\212e\034\000\001\250\220P\027\000\000\000\000\000\000\000\000\000\000\000\000\000\000\000\000\000\000\000\000\000\000\000\000\000\000\000\000\000\000\000\000P\031\361\035\301\024\220m#*\372\032\3178~\374\250\014*\323\342'z69\220\327\256\351G\367\317u\302s!\002\364d\217\366\217|\316F\232\231\241\n\261\333`\312O\367\235\025DD\336e\367\n\312\326\221\037\025\230vG0E\002!\000\306I\312b\013\302<\307\202r\253 \326\027\025\251\267u*\021\254\177\244'\007}\240\300\003+X\336\002 {R\003\n=\027d-\037\202\342\342\035\276a\355])^9\335\265\276\030\n#{\334&G\275K""; ","validation: """"\200\000\000\001&\000\000\000\013)/\351\252\325:p\210\265\307-\212\200\004Q\207\270b\315\333\333\334\310I\323&\014\352XZnW2.\335\347\202\021\247\362\212e\034\000\001\250\220P\027\000\000\000\000\000\000\000\000\000\000\000\000\000\000\000\000\000\000\000\000\000\000\000\000\000\000\000\000\000\000\000\000P\031\361\035\301\024\220m#*\372\032\3178~\374\250\014*\323\342'z69\220\327\256\351G\367\317u\302s!\002\364d\217\366\217|\316F\232\231\241\n\261\333`\312O\367\235\025DD\336e\367\n\312\326\221\037\025\230vG0E\002!\000\306I\312b\013\302<\307\202r\253 \326\027\025\251\267u*\021\254\177\244'\007}\240\300\003+X\336\002 {R\003\n=\027d-\037\202\342\342\035\276a\355])^9\335\265\276\030\n#{\334&G\275K""; "
1750527573446,1750527573446,3810,1,1,4,TMGetLedger,"itype: liBASE; ledgerHash: ""\207\270b\315\333\333\334\310I\323&\014\352XZnW2.\335\347\202\021\247\362\212e\034\000\001\250\220""; ledgerSeq: 11; queryType: qtINDIRECT; ","itype: liBASE; ledgerHash: ""\207\270b\315\333\333\334\310I\323&\014\352XZnW2.\335\347\202\021\247\362\212e\034\000\001\250\220""; ledgerSeq: 11; queryType: qtINDIRECT; "
1750527573446,1750527573446,2920,1,1,0,TMGetLedger,"itype: liBASE; ledgerHash: ""\207\270b\315\333\333\334\310I\323&\014\352XZnW2.\335\347\202\021\247\362\212e\034\000\001\250\220""; ledgerSeq: 11; queryType: qtINDIRECT; ","itype: liBASE; ledgerHash: ""\207\270b\315\333\333\334\310I\323&\014\352XZnW2.\335\347\202\021\247\362\212e\034\000\001\250\220""; ledgerSeq: 11; queryType: qtINDIRECT; "
1750527573447,1750527573447,3769,1,1,3,TMGetLedger,"itype: liBASE; ledgerHash: ""\207\270b\315\333\333\334\310I\323&\014\352XZnW2.\335\347\202\021\247\362\212e\034\000\001\250\220""; ledgerSeq: 11; queryType: qtINDIRECT; ","itype: liBASE; ledgerHash: ""\207\270b\315\333\333\334\310I\323&\014\352XZnW2.\335\347\202\021\247\362\212e\034\000\001\250\220""; ledgerSeq: 11; queryType: qtINDIRECT; "
1750527573447,1750527573447,949,1,1,2,TMValidation,"validation: """"\200\000\000\001&\000\000\000\013)/\351\252\325:p\210\265\307-\212\200\004Q\207\270b\315\333\333\334\310I\323&\014\352XZnW2.\335\347\202\021\247\362\212e\034\000\001\250\220P\027\000\000\000\000\000\000\000\000\000\000\000\000\000\000\000\000\000\000\000\000\000\000\000\000\000\000\000\000\000\000\000\000P\031\361\035\301\024\220m#*\372\032\3178~\374\250\014*\323\342'z69\220\327\256\351G\367\317u\302s!\002\364d\217\366\217|\316F\232\231\241\n\261\333`\312O\367\235\025DD\336e\367\n\312\326\221\037\025\230vG0E\002!\000\306I\312b\013\302<\307\202r\253 \326\027\025\251\267u*\021\254\177\244'\007}\240\300\003+X\336\002 {R\003\n=\027d-\037\202\342\342\035\276a\355])^9\335\265\276\030\n#{\334&G\275K""; ","validation: """"\200\000\000\001&\000\000\000\013)/\351\252\325:p\210\265\307-\212\200\004Q\207\270b\315\333\333\334\310I\323&\014\352XZnW2.\335\347\202\021\247\362\212e\034\000\001\250\220P\027\000\000\000\000\000\000\000\000\000\000\000\000\000\000\000\000\000\000\000\000\000\000\000\000\000\000\000\000\000\000\000\000P\031\361\035\301\024\220m#*\372\032\3178~\374\250\014*\323\342'z69\220\327\256\351G\367\317u\302s!\002\364d\217\366\217|\316F\232\231\241\n\261\333`\312O\367\235\025DD\336e\367\n\312\326\221\037\025\230vG0E\002!\000\306I\312b\013\302<\307\202r\253 \326\027\025\251\267u*\021\254\177\244'\007}\240\300\003+X\336\002 {R\003\n=\027d-\037\202\342\342\035\276a\355])^9\335\265\276\030\n#{\334&G\275K""; "
1750527573448,1750527573448,3094,1,0,3,TMGetLedger,"itype: liBASE; ledgerHash: ""\207\270b\315\333\333\334\310I\323&\014\352XZnW2.\335\347\202\021\247\362\212e\034\000\001\250\220""; ledgerSeq: 11; ","itype: liBASE; ledgerHash: ""\207\270b\315\333\333\334\310I\323&\014\352XZnW2.\335\347\202\021\247\362\212e\034\000\001\250\220""; ledgerSeq: 11; "
1750527573449,1750527573449,3375,1,0,1,TMGetLedger,"itype: liBASE; ledgerHash: ""\207\270b\315\333\333\334\310I\323&\014\352XZnW2.\335\347\202\021\247\362\212e\034\000\001\250\220""; ledgerSeq: 11; ","itype: liBASE; ledgerHash: ""\207\270b\315\333\333\334\310I\323&\014\352XZnW2.\335\347\202\021\247\362\212e\034\000\001\250\220""; ledgerSeq: 11; "
1750527573449,1750527573449,380,1,0,4,TMGetLedger,"itype: liBASE; ledgerHash: ""\207\270b\315\333\333\334\310I\323&\014\352XZnW2.\335\347\202\021\247\362\212e\034\000\001\250\220""; ledgerSeq: 11; ","itype: liBASE; ledgerHash: ""\207\270b\315\333\333\334\310I\323&\014\352XZnW2.\335\347\202\021\247\362\212e\034\000\001\250\220""; ledgerSeq: 11; "
1750527573450,1750527573450,1933,1,0,2,TMValidation,"validation: """"\200\000\000\001&\000\000\000\013)/\351\252\325:p\210\265\307-\212\200\004Q\207\270b\315\333\333\334\310I\323&\014\352XZnW2.\335\347\202\021\247\362\212e\034\000\001\250\220P\027\000\000\000\000\000\000\000\000\000\000\000\000\000\000\000\000\000\000\000\000\000\000\000\000\000\000\000\000\000\000\000\000P\031\361\035\301\024\220m#*\372\032\3178~\374\250\014*\323\342'z69\220\327\256\351G\367\317u\302s!\002\364d\217\366\217|\316F\232\231\241\n\261\333`\312O\367\235\025DD\336e\367\n\312\326\221\037\025\230vG0E\002!\000\306I\312b\013\302<\307\202r\253 \326\027\025\251\267u*\021\254\177\244'\007}\240\300\003+X\336\002 {R\003\n=\027d-\037\202\342\342\035\276a\355])^9\335\265\276\030\n#{\334&G\275K""; ","validation: """"\200\000\000\001&\000\000\000\013)/\351\252\325:p\210\265\307-\212\200\004Q\207\270b\315\333\333\334\310I\323&\014\352XZnW2.\335\347\202\021\247\362\212e\034\000\001\250\220P\027\000\000\000\000\000\000\000\000\000\000\000\000\000\000\000\000\000\000\000\000\000\000\000\000\000\000\000\000\000\000\000\000P\031\361\035\301\024\220m#*\372\032\3178~\374\250\014*\323\342'z69\220\327\256\351G\367\317u\302s!\002\364d\217\366\217|\316F\232\231\241\n\261\333`\312O\367\235\025DD\336e\367\n\312\326\221\037\025\230vG0E\002!\000\306I\312b\013\302<\307\202r\253 \326\027\025\251\267u*\021\254\177\244'\007}\240\300\003+X\336\002 {R\003\n=\027d-\037\202\342\342\035\276a\355])^9\335\265\276\030\n#{\334&G\275K""; "
1750527573450,1750527573450,1199,1,0,2,TMGetLedger,"itype: liBASE; ledgerHash: ""\207\270b\315\333\333\334\310I\323&\014\352XZnW2.\335\347\202\021\247\362\212e\034\000\001\250\220""; ledgerSeq: 11; ","itype: liBASE; ledgerHash: ""\207\270b\315\333\333\334\310I\323&\014\352XZnW2.\335\347\202\021\247\362\212e\034\000\001\250\220""; ledgerSeq: 11; "
1750527573451,1750527573451,3375,1,0,1,TMGetLedger,"itype: liBASE; ledgerHash: ""\207\270b\315\333\333\334\310I\323&\014\352XZnW2.\335\347\202\021\247\362\212e\034\000\001\250\220""; ledgerSeq: 11; queryType: qtINDIRECT; ","itype: liBASE; ledgerHash: ""\207\270b\315\333\333\334\310I\323&\014\352XZnW2.\335\347\202\021\247\362\212e\034\000\001\250\220""; ledgerSeq: 11; queryType: qtINDIRECT; "
1750527573451,1750527573451,2261,1,0,1,TMValidation,"validation: """"\200\000\000\001&\000\000\000\013)/\351\252\325:p\210\265\307-\212\200\004Q\207\270b\315\333\333\334\310I\323&\014\352XZnW2.\335\347\202\021\247\362\212e\034\000\001\250\220P\027\000\000\000\000\000\000\000\000\000\000\000\000\000\000\000\000\000\000\000\000\000\000\000\000\000\000\000\000\000\000\000\000P\031\361\035\301\024\220m#*\372\032\3178~\374\250\014*\323\342'z69\220\327\256\351G\367\317u\302s!\002\364d\217\366\217|\316F\232\231\241\n\261\333`\312O\367\235\025DD\336e\367\n\312\326\221\037\025\230vG0E\002!\000\306I\312b\013\302<\307\202r\253 \326\027\025\251\267u*\021\254\177\244'\007}\240\300\003+X\336\002 {R\003\n=\027d-\037\202\342\342\035\276a\355])^9\335\265\276\030\n#{\334&G\275K""; ","validation: """"\200\000\000\001&\000\000\000\013)/\351\252\325:p\210\265\307-\212\200\004Q\207\270b\315\333\333\334\310I\323&\014\352XZnW2.\335\347\202\021\247\362\212e\034\000\001\250\220P\027\000\000\000\000\000\000\000\000\000\000\000\000\000\000\000\000\000\000\000\000\000\000\000\000\000\000\000\000\000\000\000\000P\031\361\035\301\024\220m#*\372\032\3178~\374\250\014*\323\342'z69\220\327\256\351G\367\317u\302s!\002\364d\217\366\217|\316F\232\231\241\n\261\333`\312O\367\235\025DD\336e\367\n\312\326\221\037\025\230vG0E\002!\000\306I\312b\013\302<\307\202r\253 \326\027\025\251\267u*\021\254\177\244'\007}\240\300\003+X\336\002 {R\003\n=\027d-\037\202\342\342\035\276a\355])^9\335\265\276\030\n#{\334&G\275K""; "
1750527573452,1750527573452,3094,1,0,3,TMGetLedger,"itype: liBASE; ledgerHash: ""\207\270b\315\333\333\334\310I\323&\014\352XZnW2.\335\347\202\021\247\362\212e\034\000\001\250\220""; ledgerSeq: 11; queryType: qtINDIRECT; ","itype: liBASE; ledgerHash: ""\207\270b\315\333\333\334\310I\323&\014\352XZnW2.\335\347\202\021\247\362\212e\034\000\001\250\220""; ledgerSeq: 11; queryType: qtINDIRECT; "
1750527573452,1750527573452,1199,1,0,2,TMGetLedger,"itype: liBASE; ledgerHash: ""\207\270b\315\333\333\334\310I\323&\014\352XZnW2.\335\347\202\021\247\362\212e\034\000\001\250\220""; ledgerSeq: 11; queryType: qtINDIRECT; ","itype: liBASE; ledgerHash: ""\207\270b\315\333\333\334\310I\323&\014\352XZnW2.\335\347\202\021\247\362\212e\034\000\001\250\220""; ledgerSeq: 11; queryType: qtINDIRECT; "
1750527573453,1750527573453,0,1,3,4,TMLedgerData,"ledgerHash: ""\207\270b\315\333\333\334\310I\323&\014\352XZnW2.\335\347\202\021\247\362\212e\034\000\001\250\220""; ledgerSeq: 11; type: liBASE; nodes {;   nodedata: ""\000\000\000\013\001cEx]\211\377\330\361\035\301\024\220m#*\372\032\3178~\374\250\014*\323\342'z69\220\327\256\351G\367\317u\302\000\000\000\000\000\000\000\000\000\000\000\000\000\000\000\000\000\000\000\000\000\000\000\000\000\000\000\000\000\000\000\000\313c\210\200\377\273\312\010\030f\372\244%*\307\272T\262\245c[\026\007_-\227VB\214\347\261\220/\351\252\323/\351\252\324\n\000""; }; nodes {;   nodedata: ""\323C\344\327\264{\312-\017:\006{\177\344N\002\326bO\260\220\006\033\362\345\005U\221DzJ0\001\301\025%1L\307\t\261\262z\374\222T\301\274V\236\223\262\270Ct\362\337b\356\024*\324\320\351\317\002k\336\234\027v\351\217\260\303\360\233ZPZWr\246$w\313\313\r\243r\232\2234\373\3539:N\004Q\245\272D\312D\300\300\t\323\0257\345e\271\na\215{\226\255x%T\257\037\333\004\344_/R\006E\344\037@\210\363\010\336T\226\247'\204_{\261\370""1\235\2445\343\033Y!\212\201\341\272\225'\007\t7y2\201R\010H\001l\375\310t\t\264<3~\035\230\304Gh@\204\342\325\204>\363\344T\013\003""; }; ","ledgerHash: ""\207\270b\315\333\333\334\310I\323&\014\352XZnW2.\335\347\202\021\247\362\212e\034\000\001\250\220""; ledgerSeq: 11; type: liBASE; nodes {;   nodedata: ""\000\000\000\013\001cEx]\211\377\330\361\035\301\024\220m#*\372\032\3178~\374\250\014*\323\342'z69\220\327\256\351G\367\317u\302\000\000\000\000\000\000\000\000\000\000\000\000\000\000\000\000\000\000\000\000\000\000\000\000\000\000\000\000\000\000\000\000\313c\210\200\377\273\312\010\030f\372\244%*\307\272T\262\245c[\026\007_-\227VB\214\347\261\220/\351\252\323/\351\252\324\n\000""; }; nodes {;   nodedata: ""\323C\344\327\264{\312-\017:\006{\177\344N\002\326bO\260\220\006\033\362\345\005U\221DzJ0\001\301\025%1L\307\t\261\262z\374\222T\301\274V\236\223\262\270Ct\362\337b\356\024*\324\320\351\317\002k\336\234\027v\351\217\260\303\360\233ZPZWr\246$w\313\313\r\243r\232\2234\373\3539:N\004Q\245\272D\312D\300\300\t\323\0257\345e\271\na\215{\226\255x%T\257\037\333\004\344_/R\006E\344\037@\210\363\010\336T\226\247'\204_{\261\370""1\235\2445\343\033Y!\212\201\341\272\225'\007\t7y2\201R\010H\001l\375\310t\t\264<3~\035\230\304Gh@\204\342\325\204>\363\344T\013\003""; }; "
1750527573453,1750527573453,4000,1,2,3,TMGetLedger,"itype: liBASE; ledgerHash: ""\207\270b\315\333\333\334\310I\323&\014\352XZnW2.\335\347\202\021\247\362\212e\034\000\001\250\220""; requestCookie: 5; queryType: qtINDIRECT; ","itype: liBASE; ledgerHash: ""\207\270b\315\333\333\334\310I\323&\014\352XZnW2.\335\347\202\021\247\362\212e\034\000\001\250\220""; requestCookie: 5; queryType: qtINDIRECT; "
1750527573454,1750527573454,3769,1,1,3,TMGetLedger,"itype: liBASE; ledgerHash: ""\207\270b\315\333\333\334\310I\323&\014\352XZnW2.\335\347\202\021\247\362\212e\034\000\001\250\220""; requestCookie: 5; queryType: qtINDIRECT; ","itype: liBASE; ledgerHash: ""\207\270b\315\333\333\334\310I\323&\014\352XZnW2.\335\347\202\021\247\362\212e\034\000\001\250\220""; requestCookie: 5; queryType: qtINDIRECT; "
1750527573454,1750527573454,0,1,3,4,TMLedgerData,"ledgerHash: ""\207\270b\315\333\333\334\310I\323&\014\352XZnW2.\335\347\202\021\247\362\212e\034\000\001\250\220""; ledgerSeq: 11; type: liBASE; nodes {;   nodedata: ""\000\000\000\013\001cEx]\211\377\330\361\035\301\024\220m#*\372\032\3178~\374\250\014*\323\342'z69\220\327\256\351G\367\317u\302\000\000\000\000\000\000\000\000\000\000\000\000\000\000\000\000\000\000\000\000\000\000\000\000\000\000\000\000\000\000\000\000\313c\210\200\377\273\312\010\030f\372\244%*\307\272T\262\245c[\026\007_-\227VB\214\347\261\220/\351\252\323/\351\252\324\n\000""; }; nodes {;   nodedata: ""\323C\344\327\264{\312-\017:\006{\177\344N\002\326bO\260\220\006\033\362\345\005U\221DzJ0\001\301\025%1L\307\t\261\262z\374\222T\301\274V\236\223\262\270Ct\362\337b\356\024*\324\320\351\317\002k\336\234\027v\351\217\260\303\360\233ZPZWr\246$w\313\313\r\243r\232\2234\373\3539:N\004Q\245\272D\312D\300\300\t\323\0257\345e\271\na\215{\226\255x%T\257\037\333\004\344_/R\006E\344\037@\210\363\010\336T\226\247'\204_{\261\370""1\235\2445\343\033Y!\212\201\341\272\225'\007\t7y2\201R\010H\001l\375\310t\t\264<3~\035\230\304Gh@\204\342\325\204>\363\344T\013\003""; }; ","ledgerHash: ""\207\270b\315\333\333\334\310I\323&\014\352XZnW2.\335\347\202\021\247\362\212e\034\000\001\250\220""; ledgerSeq: 11; type: liBASE; nodes {;   nodedata: ""\000\000\000\013\001cEx]\211\377\330\361\035\301\024\220m#*\372\032\3178~\374\250\014*\323\342'z69\220\327\256\351G\367\317u\302\000\000\000\000\000\000\000\000\000\000\000\000\000\000\000\000\000\000\000\000\000\000\000\000\000\000\000\000\000\000\000\000\313c\210\200\377\273\312\010\030f\372\244%*\307\272T\262\245c[\026\007_-\227VB\214\347\261\220/\351\252\323/\351\252\324\n\000""; }; nodes {;   nodedata: ""\323C\344\327\264{\312-\017:\006{\177\344N\002\326bO\260\220\006\033\362\345\005U\221DzJ0\001\301\025%1L\307\t\261\262z\374\222T\301\274V\236\223\262\270Ct\362\337b\356\024*\324\320\351\317\002k\336\234\027v\351\217\260\303\360\233ZPZWr\246$w\313\313\r\243r\232\2234\373\3539:N\004Q\245\272D\312D\300\300\t\323\0257\345e\271\na\215{\226\255x%T\257\037\333\004\344_/R\006E\344\037@\210\363\010\336T\226\247'\204_{\261\370""1\235\2445\343\033Y!\212\201\341\272\225'\007\t7y2\201R\010H\001l\375\310t\t\264<3~\035\230\304Gh@\204\342\325\204>\363\344T\013\003""; }; "
1750527573458,1750527573458,0,1,4,3,TMGetLedger,"itype: liAS_NODE; ledgerHash: ""\207\270b\315\333\333\334\310I\323&\014\352XZnW2.\335\347\202\021\247\362\212e\034\000\001\250\220""; ledgerSeq: 11; nodeIDs: ""\260\000\000\000\000\000\000\000\000\000\000\000\000\000\000\000\000\000\000\000\000\000\000\000\000\000\000\000\000\000\000\000\001""; queryType: qtINDIRECT; queryDepth: 1; ","itype: liAS_NODE; ledgerHash: ""\207\270b\315\333\333\334\310I\323&\014\352XZnW2.\335\347\202\021\247\362\212e\034\000\001\250\220""; ledgerSeq: 11; nodeIDs: ""\260\000\000\000\000\000\000\000\000\000\000\000\000\000\000\000\000\000\000\000\000\000\000\000\000\000\000\000\000\000\000\000\001""; queryType: qtINDIRECT; queryDepth: 1; "
1750527573459,1750527573459,0,1,3,4,TMLedgerData,"ledgerHash: ""\207\270b\315\333\333\334\310I\323&\014\352XZnW2.\335\347\202\021\247\362\212e\034\000\001\250\220""; ledgerSeq: 11; type: liAS_NODE; nodes {;   nodedata: ""\021\000h""\000\000\000\000 \033\000\000\000\n\002\023\301\237\330\356GuH\375\327!\255\371\r\231\262R\256J\034\222\241\355X\265E\241^W\225\304\014\361CX-}\351f\032\255\274\334m\326c\017\014ao[\342\230\003\245\245\3341Hm\326^\017jy\335\261\032Yt\320\244{g\0306\\302\303*\341\215\223\257\364\277o\375\000r\241SOq\221\253\262\005\017\375T\356\014\360o'\030\311-\267\031\257!\031T\006><\315XM\334\324\345\034\000\325\367\240\271\013\265\024\321\362\354\211\250.\234s\225amc\305\035\366\276\037nD\277`\210\223N\3535\033\261\304f\331]\036\237\306o!\223\221\002\324\031\262\240R\177 ,\214\325\Q])\016\2067\277\t\354\010\000\360\215\2502\265\245\310\226\243c\302Ze\306\253#r\020\211\320iG\276\020E\317\035Sf\223F\254\033@\177e\277\016\010u\327\371&\262\312\317Q\2361t\377x\234\001v\003%\030\325_\225g\204\346a=\225\273\331\354\365*U\363\263N\367b\371\244\314-w\363\262\225Z\200\206\235\233\257?sE\2674\254\326mU\377?\177Ek\336\030!\316Aa\225\303\022\377{\210Y\226\271as\354L\035\004\341\361\035\301\024\220m#*\372\032\3178~\374\250\014*\323\342'z69\220\327\256\351G\367\317u\302\264\227\2326\315\307\363\323\325\303\032N\256*\307\327 \235\332\207u\210\271\257\306g\231i*\260\326k\001"";   nodeid: ""\260\000\000\000\000\000\000\000\000\000\000\000\000\000\000\000\000\000\000\000\000\000\000\000\000\000\000\000\000\000\000\000\001""; }; ","ledgerHash: ""\207\270b\315\333\333\334\310I\323&\014\352XZnW2.\335\347\202\021\247\362\212e\034\000\001\250\220""; ledgerSeq: 11; type: liAS_NODE; nodes {;   nodedata: ""\021\000h""\000\000\000\000 \033\000\000\000\n\002\023\301\237\330\356GuH\375\327!\255\371\r\231\262R\256J\034\222\241\355X\265E\241^W\225\304\014\361CX-}\351f\032\255\274\334m\326c\017\014ao[\342\230\003\245\245\3341Hm\326^\017jy\335\261\032Yt\320\244{g\0306\\302\303*\341\215\223\257\364\277o\375\000r\241SOq\221\253\262\005\017\375T\356\014\360o'\030\311-\267\031\257!\031T\006><\315XM\334\324\345\034\000\325\367\240\271\013\265\024\321\362\354\211\250.\234s\225amc\305\035\366\276\037nD\277`\210\223N\3535\033\261\304f\331]\036\237\306o!\223\221\002\324\031\262\240R\177 ,\214\325\Q])\016\2067\277\t\354\010\000\360\215\2502\265\245\310\226\243c\302Ze\306\253#r\020\211\320iG\276\020E\317\035Sf\223F\254\033@\177e\277\016\010u\327\371&\262\312\317Q\2361t\377x\234\001v\003%\030\325_\225g\204\346a=\225\273\331\354\365*U\363\263N\367b\371\244\314-w\363\262\225Z\200\206\235\233\257?sE\2674\254\326mU\377?\177Ek\336\030!\316Aa\225\303\022\377{\210Y\226\271as\354L\035\004\341\361\035\301\024\220m#*\372\032\3178~\374\250\014*\323\342'z69\220\327\256\351G\367\317u\302\264\227\2326\315\307\363\323\325\303\032N\256*\307\327 \235\332\207u\210\271\257\306g\231i*\260\326k\001"";   nodeid: ""\260\000\000\000\000\000\000\000\000\000\000\000\000\000\000\000\000\000\000\000\000\000\000\000\000\000\000\000\000\000\000\000\001""; }; "
1750527573470,1750527573470,589,1,2,0,TMGetLedger,"itype: liBASE; ledgerHash: ""\207\270b\315\333\333\334\310I\323&\014\352XZnW2.\335\347\202\021\247\362\212e\034\000\001\250\220""; ledgerSeq: 11; queryType: qtINDIRECT; ","itype: liBASE; ledgerHash: ""\207\270b\315\333\333\334\310I\323&\014\352XZnW2.\335\347\202\021\247\362\212e\034\000\001\250\220""; ledgerSeq: 11; queryType: qtINDIRECT; "
1750527573471,1750527573471,0,1,4,0,TMGetLedger,"itype: liBASE; ledgerHash: ""\207\270b\315\333\333\334\310I\323&\014\352XZnW2.\335\347\202\021\247\362\212e\034\000\001\250\220""; ","itype: liBASE; ledgerHash: ""\207\270b\315\333\333\334\310I\323&\014\352XZnW2.\335\347\202\021\247\362\212e\034\000\001\250\220""; "
1750527573471,1750527573471,0,1,4,0,TMGetLedger,"itype: liBASE; ledgerHash: ""\207\270b\315\333\333\334\310I\323&\014\352XZnW2.\335\347\202\021\247\362\212e\034\000\001\250\220""; queryType: qtINDIRECT; ","itype: liBASE; ledgerHash: ""\207\270b\315\333\333\334\310I\323&\014\352XZnW2.\335\347\202\021\247\362\212e\034\000\001\250\220""; queryType: qtINDIRECT; "
1750527573470,1750527573470,446,1,2,0,TMValidation,"validation: """"\200\000\000\001&\000\000\000\013)/\351\252\325:p\210\265\307-\212\200\004Q\207\270b\315\333\333\334\310I\323&\014\352XZnW2.\335\347\202\021\247\362\212e\034\000\001\250\220P\027\000\000\000\000\000\000\000\000\000\000\000\000\000\000\000\000\000\000\000\000\000\000\000\000\000\000\000\000\000\000\000\000P\031\361\035\301\024\220m#*\372\032\3178~\374\250\014*\323\342'z69\220\327\256\351G\367\317u\302s!\002\364d\217\366\217|\316F\232\231\241\n\261\333`\312O\367\235\025DD\336e\367\n\312\326\221\037\025\230vG0E\002!\000\306I\312b\013\302<\307\202r\253 \326\027\025\251\267u*\021\254\177\244'\007}\240\300\003+X\336\002 {R\003\n=\027d-\037\202\342\342\035\276a\355])^9\335\265\276\030\n#{\334&G\275K""; ","validation: """"\200\000\000\001&\000\000\000\013)/\351\252\325:p\210\265\307-\212\200\004Q\207\270b\315\333\333\334\310I\323&\014\352XZnW2.\335\347\202\021\247\362\212e\034\000\001\250\220P\027\000\000\000\000\000\000\000\000\000\000\000\000\000\000\000\000\000\000\000\000\000\000\000\000\000\000\000\000\000\000\000\000P\031\361\035\301\024\220m#*\372\032\3178~\374\250\014*\323\342'z69\220\327\256\351G\367\317u\302s!\002\364d\217\366\217|\316F\232\231\241\n\261\333`\312O\367\235\025DD\336e\367\n\312\326\221\037\025\230vG0E\002!\000\306I\312b\013\302<\307\202r\253 \326\027\025\251\267u*\021\254\177\244'\007}\240\300\003+X\336\002 {R\003\n=\027d-\037\202\342\342\035\276a\355])^9\335\265\276\030\n#{\334&G\275K""; "
1750527573473,1750527573473,380,1,0,4,TMGetLedger,"itype: liBASE; ledgerHash: ""\207\270b\315\333\333\334\310I\323&\014\352XZnW2.\335\347\202\021\247\362\212e\034\000\001\250\220""; ledgerSeq: 11; queryType: qtINDIRECT; ","itype: liBASE; ledgerHash: ""\207\270b\315\333\333\334\310I\323&\014\352XZnW2.\335\347\202\021\247\362\212e\034\000\001\250\220""; ledgerSeq: 11; queryType: qtINDIRECT; "
1750527573473,1750527573474,3094,1,0,3,TMGetLedger,"itype: liBASE; ledgerHash: ""\207\270b\315\333\333\334\310I\323&\014\352XZnW2.\335\347\202\021\247\362\212e\034\000\001\250\220""; requestCookie: 5; queryType: qtINDIRECT; ","itype: liBASE; ledgerHash: ""\207\270b\315\333\333\334\310I\323&\014\352XZnW2.\335\347\202\021\247\362\212e\034\000\001\250\220""; requestCookie: 5; queryType: qtINDIRECT; "
1750527573473,1750527573473,782,1,0,4,TMValidation,"validation: """"\200\000\000\001&\000\000\000\013)/\351\252\325:p\210\265\307-\212\200\004Q\207\270b\315\333\333\334\310I\323&\014\352XZnW2.\335\347\202\021\247\362\212e\034\000\001\250\220P\027\000\000\000\000\000\000\000\000\000\000\000\000\000\000\000\000\000\000\000\000\000\000\000\000\000\000\000\000\000\000\000\000P\031\361\035\301\024\220m#*\372\032\3178~\374\250\014*\323\342'z69\220\327\256\351G\367\317u\302s!\002\364d\217\366\217|\316F\232\231\241\n\261\333`\312O\367\235\025DD\336e\367\n\312\326\221\037\025\230vG0E\002!\000\306I\312b\013\302<\307\202r\253 \326\027\025\251\267u*\021\254\177\244'\007}\240\300\003+X\336\002 {R\003\n=\027d-\037\202\342\342\035\276a\355])^9\335\265\276\030\n#{\334&G\275K""; ","validation: """"\200\000\000\001&\000\000\000\013)/\351\252\325:p\210\265\307-\212\200\004Q\207\270b\315\333\333\334\310I\323&\014\352XZnW2.\335\347\202\021\247\362\212e\034\000\001\250\220P\027\000\000\000\000\000\000\000\000\000\000\000\000\000\000\000\000\000\000\000\000\000\000\000\000\000\000\000\000\000\000\000\000P\031\361\035\301\024\220m#*\372\032\3178~\374\250\014*\323\342'z69\220\327\256\351G\367\317u\302s!\002\364d\217\366\217|\316F\232\231\241\n\261\333`\312O\367\235\025DD\336e\367\n\312\326\221\037\025\230vG0E\002!\000\306I\312b\013\302<\307\202r\253 \326\027\025\251\267u*\021\254\177\244'\007}\240\300\003+X\336\002 {R\003\n=\027d-\037\202\342\342\035\276a\355])^9\335\265\276\030\n#{\334&G\275K""; "
1750527573570,1750527573570,0,1,4,0,TMValidation,"validation: """"\200\000\000\001&\000\000\000\013)/\351\252\325:\r\302\353\023?\373\240rQ\207\270b\315\333\333\334\310I\323&\014\352XZnW2.\335\347\202\021\247\362\212e\034\000\001\250\220P\027\000\000\000\000\000\000\000\000\000\000\000\000\000\000\000\000\000\000\000\000\000\000\000\000\000\000\000\000\000\000\000\000P\031\361\035\301\024\220m#*\372\032\3178~\374\250\014*\323\342'z69\220\327\256\351G\367\317u\302s!\003R7o\362bV\300hf\266\241;}\200^\374\240\203[:\342Q\225\221\027y\372\255\235\216\323~vG0E\002!\000\327\232\212(f\202\\023\216\374vR(\234!?2\021\300Y\243\\354)\r\347\277\031OA\222L\002 ]\317\325\325\215\324\336#\303{\323\223s\254\366\240\355\363o=\253\257\312\255\rm\332\240\237\300K'""; ","validation: """"\200\000\000\001&\000\000\000\013)/\351\252\325:\r\302\353\023?\373\240rQ\207\270b\315\333\333\334\310I\323&\014\352XZnW2.\335\347\202\021\247\362\212e\034\000\001\250\220P\027\000\000\000\000\000\000\000\000\000\000\000\000\000\000\000\000\000\000\000\000\000\000\000\000\000\000\000\000\000\000\000\000P\031\361\035\301\024\220m#*\372\032\3178~\374\250\014*\323\342'z69\220\327\256\351G\367\317u\302s!\003R7o\362bV\300hf\266\241;}\200^\374\240\203[:\342Q\225\221\027y\372\255\235\216\323~vG0E\002!\000\327\232\212(f\202\\023\216\374vR(\234!?2\021\300Y\243\\354)\r\347\277\031OA\222L\002 ]\317\325\325\215\324\336#\303{\323\223s\254\366\240\355\363o=\253\257\312\255\rm\332\240\237\300K'""; "
1750527573570,1750527573570,0,1,4,3,TMStatusChange,"newEvent: neACCEPTED_LEDGER; ledgerSeq: 11; ledgerHash: ""\207\270b\315\333\333\334\310I\323&\014\352XZnW2.\335\347\202\021\247\362\212e\034\000\001\250\220""; ledgerHashPrevious: ""\361\035\301\024\220m#*\372\032\3178~\374\250\014*\323\342'z69\220\327\256\351G\367\317u\302""; networkTime: 803842773; firstSeq: 1; lastSeq: 10; ","newEvent: neACCEPTED_LEDGER; ledgerSeq: 11; ledgerHash: ""\207\270b\315\333\333\334\310I\323&\014\352XZnW2.\335\347\202\021\247\362\212e\034\000\001\250\220""; ledgerHashPrevious: ""\361\035\301\024\220m#*\372\032\3178~\374\250\014*\323\342'z69\220\327\256\351G\367\317u\302""; networkTime: 803842773; firstSeq: 1; lastSeq: 10; "
1750527573571,1750527573571,0,1,4,2,TMValidation,"validation: """"\200\000\000\001&\000\000\000\013)/\351\252\325:\r\302\353\023?\373\240rQ\207\270b\315\333\333\334\310I\323&\014\352XZnW2.\335\347\202\021\247\362\212e\034\000\001\250\220P\027\000\000\000\000\000\000\000\000\000\000\000\000\000\000\000\000\000\000\000\000\000\000\000\000\000\000\000\000\000\000\000\000P\031\361\035\301\024\220m#*\372\032\3178~\374\250\014*\323\342'z69\220\327\256\351G\367\317u\302s!\003R7o\362bV\300hf\266\241;}\200^\374\240\203[:\342Q\225\221\027y\372\255\235\216\323~vG0E\002!\000\327\232\212(f\202\\023\216\374vR(\234!?2\021\300Y\243\\354)\r\347\277\031OA\222L\002 ]\317\325\325\215\324\336#\303{\323\223s\254\366\240\355\363o=\253\257\312\255\rm\332\240\237\300K'""; ","validation: """"\200\000\000\001&\000\000\000\013)/\351\252\325:\r\302\353\023?\373\240rQ\207\270b\315\333\333\334\310I\323&\014\352XZnW2.\335\347\202\021\247\362\212e\034\000\001\250\220P\027\000\000\000\000\000\000\000\000\000\000\000\000\000\000\000\000\000\000\000\000\000\000\000\000\000\000\000\000\000\000\000\000P\031\361\035\301\024\220m#*\372\032\3178~\374\250\014*\323\342'z69\220\327\256\351G\367\317u\302s!\003R7o\362bV\300hf\266\241;}\200^\374\240\203[:\342Q\225\221\027y\372\255\235\216\323~vG0E\002!\000\327\232\212(f\202\\023\216\374vR(\234!?2\021\300Y\243\\354)\r\347\277\031OA\222L\002 ]\317\325\325\215\324\336#\303{\323\223s\254\366\240\355\363o=\253\257\312\255\rm\332\240\237\300K'""; "
1750527573571,1750527573571,0,1,4,0,TMStatusChange,"newEvent: neACCEPTED_LEDGER; ledgerSeq: 11; ledgerHash: ""\207\270b\315\333\333\334\310I\323&\014\352XZnW2.\335\347\202\021\247\362\212e\034\000\001\250\220""; ledgerHashPrevious: ""\361\035\301\024\220m#*\372\032\3178~\374\250\014*\323\342'z69\220\327\256\351G\367\317u\302""; networkTime: 803842773; firstSeq: 1; lastSeq: 10; ","newEvent: neACCEPTED_LEDGER; ledgerSeq: 11; ledgerHash: ""\207\270b\315\333\333\334\310I\323&\014\352XZnW2.\335\347\202\021\247\362\212e\034\000\001\250\220""; ledgerHashPrevious: ""\361\035\301\024\220m#*\372\032\3178~\374\250\014*\323\342'z69\220\327\256\351G\367\317u\302""; networkTime: 803842773; firstSeq: 1; lastSeq: 10; "
1750527573571,1750527573571,0,1,4,1,TMValidation,"validation: """"\200\000\000\001&\000\000\000\013)/\351\252\325:\r\302\353\023?\373\240rQ\207\270b\315\333\333\334\310I\323&\014\352XZnW2.\335\347\202\021\247\362\212e\034\000\001\250\220P\027\000\000\000\000\000\000\000\000\000\000\000\000\000\000\000\000\000\000\000\000\000\000\000\000\000\000\000\000\000\000\000\000P\031\361\035\301\024\220m#*\372\032\3178~\374\250\014*\323\342'z69\220\327\256\351G\367\317u\302s!\003R7o\362bV\300hf\266\241;}\200^\374\240\203[:\342Q\225\221\027y\372\255\235\216\323~vG0E\002!\000\327\232\212(f\202\\023\216\374vR(\234!?2\021\300Y\243\\354)\r\347\277\031OA\222L\002 ]\317\325\325\215\324\336#\303{\323\223s\254\366\240\355\363o=\253\257\312\255\rm\332\240\237\300K'""; ","validation: """"\200\000\000\001&\000\000\000\013)/\351\252\325:\r\302\353\023?\373\240rQ\207\270b\315\333\333\334\310I\323&\014\352XZnW2.\335\347\202\021\247\362\212e\034\000\001\250\220P\027\000\000\000\000\000\000\000\000\000\000\000\000\000\000\000\000\000\000\000\000\000\000\000\000\000\000\000\000\000\000\000\000P\031\361\035\301\024\220m#*\372\032\3178~\374\250\014*\323\342'z69\220\327\256\351G\367\317u\302s!\003R7o\362bV\300hf\266\241;}\200^\374\240\203[:\342Q\225\221\027y\372\255\235\216\323~vG0E\002!\000\327\232\212(f\202\\023\216\374vR(\234!?2\021\300Y\243\\354)\r\347\277\031OA\222L\002 ]\317\325\325\215\324\336#\303{\323\223s\254\366\240\355\363o=\253\257\312\255\rm\332\240\237\300K'""; "
1750527573572,1750527573572,0,1,4,2,TMStatusChange,"newEvent: neACCEPTED_LEDGER; ledgerSeq: 11; ledgerHash: ""\207\270b\315\333\333\334\310I\323&\014\352XZnW2.\335\347\202\021\247\362\212e\034\000\001\250\220""; ledgerHashPrevious: ""\361\035\301\024\220m#*\372\032\3178~\374\250\014*\323\342'z69\220\327\256\351G\367\317u\302""; networkTime: 803842773; firstSeq: 1; lastSeq: 10; ","newEvent: neACCEPTED_LEDGER; ledgerSeq: 11; ledgerHash: ""\207\270b\315\333\333\334\310I\323&\014\352XZnW2.\335\347\202\021\247\362\212e\034\000\001\250\220""; ledgerHashPrevious: ""\361\035\301\024\220m#*\372\032\3178~\374\250\014*\323\342'z69\220\327\256\351G\367\317u\302""; networkTime: 803842773; firstSeq: 1; lastSeq: 10; "
1750527573572,1750527573572,0,1,4,1,TMStatusChange,"newEvent: neACCEPTED_LEDGER; ledgerSeq: 11; ledgerHash: ""\207\270b\315\333\333\334\310I\323&\014\352XZnW2.\335\347\202\021\247\362\212e\034\000\001\250\220""; ledgerHashPrevious: ""\361\035\301\024\220m#*\372\032\3178~\374\250\014*\323\342'z69\220\327\256\351G\367\317u\302""; networkTime: 803842773; firstSeq: 1; lastSeq: 10; ","newEvent: neACCEPTED_LEDGER; ledgerSeq: 11; ledgerHash: ""\207\270b\315\333\333\334\310I\323&\014\352XZnW2.\335\347\202\021\247\362\212e\034\000\001\250\220""; ledgerHashPrevious: ""\361\035\301\024\220m#*\372\032\3178~\374\250\014*\323\342'z69\220\327\256\351G\367\317u\302""; networkTime: 803842773; firstSeq: 1; lastSeq: 10; "
1750527573575,1750527573575,2261,1,0,1,TMValidation,"validation: """"\200\000\000\001&\000\000\000\013)/\351\252\325:\r\302\353\023?\373\240rQ\207\270b\315\333\333\334\310I\323&\014\352XZnW2.\335\347\202\021\247\362\212e\034\000\001\250\220P\027\000\000\000\000\000\000\000\000\000\000\000\000\000\000\000\000\000\000\000\000\000\000\000\000\000\000\000\000\000\000\000\000P\031\361\035\301\024\220m#*\372\032\3178~\374\250\014*\323\342'z69\220\327\256\351G\367\317u\302s!\003R7o\362bV\300hf\266\241;}\200^\374\240\203[:\342Q\225\221\027y\372\255\235\216\323~vG0E\002!\000\327\232\212(f\202\\023\216\374vR(\234!?2\021\300Y\243\\354)\r\347\277\031OA\222L\002 ]\317\325\325\215\324\336#\303{\323\223s\254\366\240\355\363o=\253\257\312\255\rm\332\240\237\300K'""; ","validation: """"\200\000\000\001&\000\000\000\013)/\351\252\325:\r\302\353\023?\373\240rQ\207\270b\315\333\333\334\310I\323&\014\352XZnW2.\335\347\202\021\247\362\212e\034\000\001\250\220P\027\000\000\000\000\000\000\000\000\000\000\000\000\000\000\000\000\000\000\000\000\000\000\000\000\000\000\000\000\000\000\000\000P\031\361\035\301\024\220m#*\372\032\3178~\374\250\014*\323\342'z69\220\327\256\351G\367\317u\302s!\003R7o\362bV\300hf\266\241;}\200^\374\240\203[:\342Q\225\221\027y\372\255\235\216\323~vG0E\002!\000\327\232\212(f\202\\023\216\374vR(\234!?2\021\300Y\243\\354)\r\347\277\031OA\222L\002 ]\317\325\325\215\324\336#\303{\323\223s\254\366\240\355\363o=\253\257\312\255\rm\332\240\237\300K'""; "
1750527573575,1750527573575,1933,1,0,2,TMValidation,"validation: """"\200\000\000\001&\000\000\000\013)/\351\252\325:\r\302\353\023?\373\240rQ\207\270b\315\333\333\334\310I\323&\014\352XZnW2.\335\347\202\021\247\362\212e\034\000\001\250\220P\027\000\000\000\000\000\000\000\000\000\000\000\000\000\000\000\000\000\000\000\000\000\000\000\000\000\000\000\000\000\000\000\000P\031\361\035\301\024\220m#*\372\032\3178~\374\250\014*\323\342'z69\220\327\256\351G\367\317u\302s!\003R7o\362bV\300hf\266\241;}\200^\374\240\203[:\342Q\225\221\027y\372\255\235\216\323~vG0E\002!\000\327\232\212(f\202\\023\216\374vR(\234!?2\021\300Y\243\\354)\r\347\277\031OA\222L\002 ]\317\325\325\215\324\336#\303{\323\223s\254\366\240\355\363o=\253\257\312\255\rm\332\240\237\300K'""; ","validation: """"\200\000\000\001&\000\000\000\013)/\351\252\325:\r\302\353\023?\373\240rQ\207\270b\315\333\333\334\310I\323&\014\352XZnW2.\335\347\202\021\247\362\212e\034\000\001\250\220P\027\000\000\000\000\000\000\000\000\000\000\000\000\000\000\000\000\000\000\000\000\000\000\000\000\000\000\000\000\000\000\000\000P\031\361\035\301\024\220m#*\372\032\3178~\374\250\014*\323\342'z69\220\327\256\351G\367\317u\302s!\003R7o\362bV\300hf\266\241;}\200^\374\240\203[:\342Q\225\221\027y\372\255\235\216\323~vG0E\002!\000\327\232\212(f\202\\023\216\374vR(\234!?2\021\300Y\243\\354)\r\347\277\031OA\222L\002 ]\317\325\325\215\324\336#\303{\323\223s\254\366\240\355\363o=\253\257\312\255\rm\332\240\237\300K'""; "
1750527573575,1750527573576,3422,1,0,3,TMValidation,"validation: """"\200\000\000\001&\000\000\000\013)/\351\252\325:\r\302\353\023?\373\240rQ\207\270b\315\333\333\334\310I\323&\014\352XZnW2.\335\347\202\021\247\362\212e\034\000\001\250\220P\027\000\000\000\000\000\000\000\000\000\000\000\000\000\000\000\000\000\000\000\000\000\000\000\000\000\000\000\000\000\000\000\000P\031\361\035\301\024\220m#*\372\032\3178~\374\250\014*\323\342'z69\220\327\256\351G\367\317u\302s!\003R7o\362bV\300hf\266\241;}\200^\374\240\203[:\342Q\225\221\027y\372\255\235\216\323~vG0E\002!\000\327\232\212(f\202\\023\216\374vR(\234!?2\021\300Y\243\\354)\r\347\277\031OA\222L\002 ]\317\325\325\215\324\336#\303{\323\223s\254\366\240\355\363o=\253\257\312\255\rm\332\240\237\300K'""; ","validation: """"\200\000\000\001&\000\000\000\013)/\351\252\325:\r\302\353\023?\373\240rQ\207\270b\315\333\333\334\310I\323&\014\352XZnW2.\335\347\202\021\247\362\212e\034\000\001\250\220P\027\000\000\000\000\000\000\000\000\000\000\000\000\000\000\000\000\000\000\000\000\000\000\000\000\000\000\000\000\000\000\000\000P\031\361\035\301\024\220m#*\372\032\3178~\374\250\014*\323\342'z69\220\327\256\351G\367\317u\302s!\003R7o\362bV\300hf\266\241;}\200^\374\240\203[:\342Q\225\221\027y\372\255\235\216\323~vG0E\002!\000\327\232\212(f\202\\023\216\374vR(\234!?2\021\300Y\243\\354)\r\347\277\031OA\222L\002 ]\317\325\325\215\324\336#\303{\323\223s\254\366\240\355\363o=\253\257\312\255\rm\332\240\237\300K'""; "
1750527573576,1750527573576,723,1,2,3,TMValidation,"validation: """"\200\000\000\001&\000\000\000\013)/\351\252\325:\r\302\353\023?\373\240rQ\207\270b\315\333\333\334\310I\323&\014\352XZnW2.\335\347\202\021\247\362\212e\034\000\001\250\220P\027\000\000\000\000\000\000\000\000\000\000\000\000\000\000\000\000\000\000\000\000\000\000\000\000\000\000\000\000\000\000\000\000P\031\361\035\301\024\220m#*\372\032\3178~\374\250\014*\323\342'z69\220\327\256\351G\367\317u\302s!\003R7o\362bV\300hf\266\241;}\200^\374\240\203[:\342Q\225\221\027y\372\255\235\216\323~vG0E\002!\000\327\232\212(f\202\\023\216\374vR(\234!?2\021\300Y\243\\354)\r\347\277\031OA\222L\002 ]\317\325\325\215\324\336#\303{\323\223s\254\366\240\355\363o=\253\257\312\255\rm\332\240\237\300K'""; ","validation: """"\200\000\000\001&\000\000\000\013)/\351\252\325:\r\302\353\023?\373\240rQ\207\270b\315\333\333\334\310I\323&\014\352XZnW2.\335\347\202\021\247\362\212e\034\000\001\250\220P\027\000\000\000\000\000\000\000\000\000\000\000\000\000\000\000\000\000\000\000\000\000\000\000\000\000\000\000\000\000\000\000\000P\031\361\035\301\024\220m#*\372\032\3178~\374\250\014*\323\342'z69\220\327\256\351G\367\317u\302s!\003R7o\362bV\300hf\266\241;}\200^\374\240\203[:\342Q\225\221\027y\372\255\235\216\323~vG0E\002!\000\327\232\212(f\202\\023\216\374vR(\234!?2\021\300Y\243\\354)\r\347\277\031OA\222L\002 ]\317\325\325\215\324\336#\303{\323\223s\254\366\240\355\363o=\253\257\312\255\rm\332\240\237\300K'""; "
1750527573577,1750527573577,340,1,2,1,TMValidation,"validation: """"\200\000\000\001&\000\000\000\013)/\351\252\325:\r\302\353\023?\373\240rQ\207\270b\315\333\333\334\310I\323&\014\352XZnW2.\335\347\202\021\247\362\212e\034\000\001\250\220P\027\000\000\000\000\000\000\000\000\000\000\000\000\000\000\000\000\000\000\000\000\000\000\000\000\000\000\000\000\000\000\000\000P\031\361\035\301\024\220m#*\372\032\3178~\374\250\014*\323\342'z69\220\327\256\351G\367\317u\302s!\003R7o\362bV\300hf\266\241;}\200^\374\240\203[:\342Q\225\221\027y\372\255\235\216\323~vG0E\002!\000\327\232\212(f\202\\023\216\374vR(\234!?2\021\300Y\243\\354)\r\347\277\031OA\222L\002 ]\317\325\325\215\324\336#\303{\323\223s\254\366\240\355\363o=\253\257\312\255\rm\332\240\237\300K'""; ","validation: """"\200\000\000\001&\000\000\000\013)/\351\252\325:\r\302\353\023?\373\240rQ\207\270b\315\333\333\334\310I\323&\014\352XZnW2.\335\347\202\021\247\362\212e\034\000\001\250\220P\027\000\000\000\000\000\000\000\000\000\000\000\000\000\000\000\000\000\000\000\000\000\000\000\000\000\000\000\000\000\000\000\000P\031\361\035\301\024\220m#*\372\032\3178~\374\250\014*\323\342'z69\220\327\256\351G\367\317u\302s!\003R7o\362bV\300hf\266\241;}\200^\374\240\203[:\342Q\225\221\027y\372\255\235\216\323~vG0E\002!\000\327\232\212(f\202\\023\216\374vR(\234!?2\021\300Y\243\\354)\r\347\277\031OA\222L\002 ]\317\325\325\215\324\336#\303{\323\223s\254\366\240\355\363o=\253\257\312\255\rm\332\240\237\300K'""; "
1750527573577,1750527573577,446,1,2,0,TMValidation,"validation: """"\200\000\000\001&\000\000\000\013)/\351\252\325:\r\302\353\023?\373\240rQ\207\270b\315\333\333\334\310I\323&\014\352XZnW2.\335\347\202\021\247\362\212e\034\000\001\250\220P\027\000\000\000\000\000\000\000\000\000\000\000\000\000\000\000\000\000\000\000\000\000\000\000\000\000\000\000\000\000\000\000\000P\031\361\035\301\024\220m#*\372\032\3178~\374\250\014*\323\342'z69\220\327\256\351G\367\317u\302s!\003R7o\362bV\300hf\266\241;}\200^\374\240\203[:\342Q\225\221\027y\372\255\235\216\323~vG0E\002!\000\327\232\212(f\202\\023\216\374vR(\234!?2\021\300Y\243\\354)\r\347\277\031OA\222L\002 ]\317\325\325\215\324\336#\303{\323\223s\254\366\240\355\363o=\253\257\312\255\rm\332\240\237\300K'""; ","validation: """"\200\000\000\001&\000\000\000\013)/\351\252\325:\r\302\353\023?\373\240rQ\207\270b\315\333\333\334\310I\323&\014\352XZnW2.\335\347\202\021\247\362\212e\034\000\001\250\220P\027\000\000\000\000\000\000\000\000\000\000\000\000\000\000\000\000\000\000\000\000\000\000\000\000\000\000\000\000\000\000\000\000P\031\361\035\301\024\220m#*\372\032\3178~\374\250\014*\323\342'z69\220\327\256\351G\367\317u\302s!\003R7o\362bV\300hf\266\241;}\200^\374\240\203[:\342Q\225\221\027y\372\255\235\216\323~vG0E\002!\000\327\232\212(f\202\\023\216\374vR(\234!?2\021\300Y\243\\354)\r\347\277\031OA\222L\002 ]\317\325\325\215\324\336#\303{\323\223s\254\366\240\355\363o=\253\257\312\255\rm\332\240\237\300K'""; "
1750527573577,1750527573577,1311,1,1,3,TMValidation,"validation: """"\200\000\000\001&\000\000\000\013)/\351\252\325:\r\302\353\023?\373\240rQ\207\270b\315\333\333\334\310I\323&\014\352XZnW2.\335\347\202\021\247\362\212e\034\000\001\250\220P\027\000\000\000\000\000\000\000\000\000\000\000\000\000\000\000\000\000\000\000\000\000\000\000\000\000\000\000\000\000\000\000\000P\031\361\035\301\024\220m#*\372\032\3178~\374\250\014*\323\342'z69\220\327\256\351G\367\317u\302s!\003R7o\362bV\300hf\266\241;}\200^\374\240\203[:\342Q\225\221\027y\372\255\235\216\323~vG0E\002!\000\327\232\212(f\202\\023\216\374vR(\234!?2\021\300Y\243\\354)\r\347\277\031OA\222L\002 ]\317\325\325\215\324\336#\303{\323\223s\254\366\240\355\363o=\253\257\312\255\rm\332\240\237\300K'""; ","validation: """"\200\000\000\001&\000\000\000\013)/\351\252\325:\r\302\353\023?\373\240rQ\207\270b\315\333\333\334\310I\323&\014\352XZnW2.\335\347\202\021\247\362\212e\034\000\001\250\220P\027\000\000\000\000\000\000\000\000\000\000\000\000\000\000\000\000\000\000\000\000\000\000\000\000\000\000\000\000\000\000\000\000P\031\361\035\301\024\220m#*\372\032\3178~\374\250\014*\323\342'z69\220\327\256\351G\367\317u\302s!\003R7o\362bV\300hf\266\241;}\200^\374\240\203[:\342Q\225\221\027y\372\255\235\216\323~vG0E\002!\000\327\232\212(f\202\\023\216\374vR(\234!?2\021\300Y\243\\354)\r\347\277\031OA\222L\002 ]\317\325\325\215\324\336#\303{\323\223s\254\366\240\355\363o=\253\257\312\255\rm\332\240\237\300K'""; "
1750527573578,1750527573578,2229,1,1,0,TMValidation,"validation: """"\200\000\000\001&\000\000\000\013)/\351\252\325:\r\302\353\023?\373\240rQ\207\270b\315\333\333\334\310I\323&\014\352XZnW2.\335\347\202\021\247\362\212e\034\000\001\250\220P\027\000\000\000\000\000\000\000\000\000\000\000\000\000\000\000\000\000\000\000\000\000\000\000\000\000\000\000\000\000\000\000\000P\031\361\035\301\024\220m#*\372\032\3178~\374\250\014*\323\342'z69\220\327\256\351G\367\317u\302s!\003R7o\362bV\300hf\266\241;}\200^\374\240\203[:\342Q\225\221\027y\372\255\235\216\323~vG0E\002!\000\327\232\212(f\202\\023\216\374vR(\234!?2\021\300Y\243\\354)\r\347\277\031OA\222L\002 ]\317\325\325\215\324\336#\303{\323\223s\254\366\240\355\363o=\253\257\312\255\rm\332\240\237\300K'""; ","validation: """"\200\000\000\001&\000\000\000\013)/\351\252\325:\r\302\353\023?\373\240rQ\207\270b\315\333\333\334\310I\323&\014\352XZnW2.\335\347\202\021\247\362\212e\034\000\001\250\220P\027\000\000\000\000\000\000\000\000\000\000\000\000\000\000\000\000\000\000\000\000\000\000\000\000\000\000\000\000\000\000\000\000P\031\361\035\301\024\220m#*\372\032\3178~\374\250\014*\323\342'z69\220\327\256\351G\367\317u\302s!\003R7o\362bV\300hf\266\241;}\200^\374\240\203[:\342Q\225\221\027y\372\255\235\216\323~vG0E\002!\000\327\232\212(f\202\\023\216\374vR(\234!?2\021\300Y\243\\354)\r\347\277\031OA\222L\002 ]\317\325\325\215\324\336#\303{\323\223s\254\366\240\355\363o=\253\257\312\255\rm\332\240\237\300K'""; "
1750527573579,1750527573579,949,1,1,2,TMValidation,"validation: """"\200\000\000\001&\000\000\000\013)/\351\252\325:\r\302\353\023?\373\240rQ\207\270b\315\333\333\334\310I\323&\014\352XZnW2.\335\347\202\021\247\362\212e\034\000\001\250\220P\027\000\000\000\000\000\000\000\000\000\000\000\000\000\000\000\000\000\000\000\000\000\000\000\000\000\000\000\000\000\000\000\000P\031\361\035\301\024\220m#*\372\032\3178~\374\250\014*\323\342'z69\220\327\256\351G\367\317u\302s!\003R7o\362bV\300hf\266\241;}\200^\374\240\203[:\342Q\225\221\027y\372\255\235\216\323~vG0E\002!\000\327\232\212(f\202\\023\216\374vR(\234!?2\021\300Y\243\\354)\r\347\277\031OA\222L\002 ]\317\325\325\215\324\336#\303{\323\223s\254\366\240\355\363o=\253\257\312\255\rm\332\240\237\300K'""; ","validation: """"\200\000\000\001&\000\000\000\013)/\351\252\325:\r\302\353\023?\373\240rQ\207\270b\315\333\333\334\310I\323&\014\352XZnW2.\335\347\202\021\247\362\212e\034\000\001\250\220P\027\000\000\000\000\000\000\000\000\000\000\000\000\000\000\000\000\000\000\000\000\000\000\000\000\000\000\000\000\000\000\000\000P\031\361\035\301\024\220m#*\372\032\3178~\374\250\014*\323\342'z69\220\327\256\351G\367\317u\302s!\003R7o\362bV\300hf\266\241;}\200^\374\240\203[:\342Q\225\221\027y\372\255\235\216\323~vG0E\002!\000\327\232\212(f\202\\023\216\374vR(\234!?2\021\300Y\243\\354)\r\347\277\031OA\222L\002 ]\317\325\325\215\324\336#\303{\323\223s\254\366\240\355\363o=\253\257\312\255\rm\332\240\237\300K'""; "
1750527573610,1750527573610,0,1,4,3,TMValidation,"validation: """"\200\000\000\001&\000\000\000\013)/\351\252\325:\r\302\353\023?\373\240rQ\207\270b\315\333\333\334\310I\323&\014\352XZnW2.\335\347\202\021\247\362\212e\034\000\001\250\220P\027\000\000\000\000\000\000\000\000\000\000\000\000\000\000\000\000\000\000\000\000\000\000\000\000\000\000\000\000\000\000\000\000P\031\361\035\301\024\220m#*\372\032\3178~\374\250\014*\323\342'z69\220\327\256\351G\367\317u\302s!\003R7o\362bV\300hf\266\241;}\200^\374\240\203[:\342Q\225\221\027y\372\255\235\216\323~vG0E\002!\000\327\232\212(f\202\\023\216\374vR(\234!?2\021\300Y\243\\354)\r\347\277\031OA\222L\002 ]\317\325\325\215\324\336#\303{\323\223s\254\366\240\355\363o=\253\257\312\255\rm\332\240\237\300K'""; ","validation: """"\200\000\000\001&\000\000\000\013)/\351\252\325:\r\302\353\023?\373\240rQ\207\270b\315\333\333\334\310I\323&\014\352XZnW2.\335\347\202\021\247\362\212e\034\000\001\250\220P\027\000\000\000\000\000\000\000\000\000\000\000\000\000\000\000\000\000\000\000\000\000\000\000\000\000\000\000\000\000\000\000\000P\031\361\035\301\024\220m#*\372\032\3178~\374\250\014*\323\342'z69\220\327\256\351G\367\317u\302s!\003R7o\362bV\300hf\266\241;}\200^\374\240\203[:\342Q\225\221\027y\372\255\235\216\323~vG0E\002!\000\327\232\212(f\202\\023\216\374vR(\234!?2\021\300Y\243\\354)\r\347\277\031OA\222L\002 ]\317\325\325\215\324\336#\303{\323\223s\254\366\240\355\363o=\253\257\312\255\rm\332\240\237\300K'""; "
1750527573612,1750527573612,0,1,3,2,TMValidation,"validation: """"\200\000\000\001&\000\000\000\013)/\351\252\325:\r\302\353\023?\373\240rQ\207\270b\315\333\333\334\310I\323&\014\352XZnW2.\335\347\202\021\247\362\212e\034\000\001\250\220P\027\000\000\000\000\000\000\000\000\000\000\000\000\000\000\000\000\000\000\000\000\000\000\000\000\000\000\000\000\000\000\000\000P\031\361\035\301\024\220m#*\372\032\3178~\374\250\014*\323\342'z69\220\327\256\351G\367\317u\302s!\003R7o\362bV\300hf\266\241;}\200^\374\240\203[:\342Q\225\221\027y\372\255\235\216\323~vG0E\002!\000\327\232\212(f\202\\023\216\374vR(\234!?2\021\300Y\243\\354)\r\347\277\031OA\222L\002 ]\317\325\325\215\324\336#\303{\323\223s\254\366\240\355\363o=\253\257\312\255\rm\332\240\237\300K'""; ","validation: """"\200\000\000\001&\000\000\000\013)/\351\252\325:\r\302\353\023?\373\240rQ\207\270b\315\333\333\334\310I\323&\014\352XZnW2.\335\347\202\021\247\362\212e\034\000\001\250\220P\027\000\000\000\000\000\000\000\000\000\000\000\000\000\000\000\000\000\000\000\000\000\000\000\000\000\000\000\000\000\000\000\000P\031\361\035\301\024\220m#*\372\032\3178~\374\250\014*\323\342'z69\220\327\256\351G\367\317u\302s!\003R7o\362bV\300hf\266\241;}\200^\374\240\203[:\342Q\225\221\027y\372\255\235\216\323~vG0E\002!\000\327\232\212(f\202\\023\216\374vR(\234!?2\021\300Y\243\\354)\r\347\277\031OA\222L\002 ]\317\325\325\215\324\336#\303{\323\223s\254\366\240\355\363o=\253\257\312\255\rm\332\240\237\300K'""; "
1750527573612,1750527573613,0,1,3,1,TMValidation,"validation: """"\200\000\000\001&\000\000\000\013)/\351\252\325:\r\302\353\023?\373\240rQ\207\270b\315\333\333\334\310I\323&\014\352XZnW2.\335\347\202\021\247\362\212e\034\000\001\250\220P\027\000\000\000\000\000\000\000\000\000\000\000\000\000\000\000\000\000\000\000\000\000\000\000\000\000\000\000\000\000\000\000\000P\031\361\035\301\024\220m#*\372\032\3178~\374\250\014*\323\342'z69\220\327\256\351G\367\317u\302s!\003R7o\362bV\300hf\266\241;}\200^\374\240\203[:\342Q\225\221\027y\372\255\235\216\323~vG0E\002!\000\327\232\212(f\202\\023\216\374vR(\234!?2\021\300Y\243\\354)\r\347\277\031OA\222L\002 ]\317\325\325\215\324\336#\303{\323\223s\254\366\240\355\363o=\253\257\312\255\rm\332\240\237\300K'""; ","validation: """"\200\000\000\001&\000\000\000\013)/\351\252\325:\r\302\353\023?\373\240rQ\207\270b\315\333\333\334\310I\323&\014\352XZnW2.\335\347\202\021\247\362\212e\034\000\001\250\220P\027\000\000\000\000\000\000\000\000\000\000\000\000\000\000\000\000\000\000\000\000\000\000\000\000\000\000\000\000\000\000\000\000P\031\361\035\301\024\220m#*\372\032\3178~\374\250\014*\323\342'z69\220\327\256\351G\367\317u\302s!\003R7o\362bV\300hf\266\241;}\200^\374\240\203[:\342Q\225\221\027y\372\255\235\216\323~vG0E\002!\000\327\232\212(f\202\\023\216\374vR(\234!?2\021\300Y\243\\354)\r\347\277\031OA\222L\002 ]\317\325\325\215\324\336#\303{\323\223s\254\366\240\355\363o=\253\257\312\255\rm\332\240\237\300K'""; "
1750527573613,1750527573613,0,1,3,0,TMValidation,"validation: """"\200\000\000\001&\000\000\000\013)/\351\252\325:\r\302\353\023?\373\240rQ\207\270b\315\333\333\334\310I\323&\014\352XZnW2.\335\347\202\021\247\362\212e\034\000\001\250\220P\027\000\000\000\000\000\000\000\000\000\000\000\000\000\000\000\000\000\000\000\000\000\000\000\000\000\000\000\000\000\000\000\000P\031\361\035\301\024\220m#*\372\032\3178~\374\250\014*\323\342'z69\220\327\256\351G\367\317u\302s!\003R7o\362bV\300hf\266\241;}\200^\374\240\203[:\342Q\225\221\027y\372\255\235\216\323~vG0E\002!\000\327\232\212(f\202\\023\216\374vR(\234!?2\021\300Y\243\\354)\r\347\277\031OA\222L\002 ]\317\325\325\215\324\336#\303{\323\223s\254\366\240\355\363o=\253\257\312\255\rm\332\240\237\300K'""; ","validation: """"\200\000\000\001&\000\000\000\013)/\351\252\325:\r\302\353\023?\373\240rQ\207\270b\315\333\333\334\310I\323&\014\352XZnW2.\335\347\202\021\247\362\212e\034\000\001\250\220P\027\000\000\000\000\000\000\000\000\000\000\000\000\000\000\000\000\000\000\000\000\000\000\000\000\000\000\000\000\000\000\000\000P\031\361\035\301\024\220m#*\372\032\3178~\374\250\014*\323\342'z69\220\327\256\351G\367\317u\302s!\003R7o\362bV\300hf\266\241;}\200^\374\240\203[:\342Q\225\221\027y\372\255\235\216\323~vG0E\002!\000\327\232\212(f\202\\023\216\374vR(\234!?2\021\300Y\243\\354)\r\347\277\031OA\222L\002 ]\317\325\325\215\324\336#\303{\323\223s\254\366\240\355\363o=\253\257\312\255\rm\332\240\237\300K'""; "
1750527573663,1750527573664,1961,1,1,4,TMStatusChange,"newEvent: neACCEPTED_LEDGER; ledgerSeq: 9; ledgerHash: ""jJ\0073\322w\263\2705Q\201j\360\025W\030~)ml\365\027\305\033\225;Y6g>*1""; ledgerHashPrevious: ""R\025\022\007\244\215@M\364\034T\023\222\007\027\320_\265?\3005\223\241_\307(p\352\225\221\377m""; networkTime: 803842773; firstSeq: 1; lastSeq: 7; ","newEvent: neACCEPTED_LEDGER; ledgerSeq: 9; ledgerHash: ""jJ\0073\322w\263\2705Q\201j\360\025W\030~)ml\365\027\305\033\225;Y6g>*1""; ledgerHashPrevious: ""R\025\022\007\244\215@M\364\034T\023\222\007\027\320_\265?\3005\223\241_\307(p\352\225\221\377m""; networkTime: 803842773; firstSeq: 1; lastSeq: 7; "
1750527573664,1750527573664,3322,1,1,3,TMStatusChange,"newEvent: neACCEPTED_LEDGER; ledgerSeq: 9; ledgerHash: ""jJ\0073\322w\263\2705Q\201j\360\025W\030~)ml\365\027\305\033\225;Y6g>*1""; ledgerHashPrevious: ""R\025\022\007\244\215@M\364\034T\023\222\007\027\320_\265?\3005\223\241_\307(p\352\225\221\377m""; networkTime: 803842773; firstSeq: 1; lastSeq: 7; ","newEvent: neACCEPTED_LEDGER; ledgerSeq: 9; ledgerHash: ""jJ\0073\322w\263\2705Q\201j\360\025W\030~)ml\365\027\305\033\225;Y6g>*1""; ledgerHashPrevious: ""R\025\022\007\244\215@M\364\034T\023\222\007\027\320_\265?\3005\223\241_\307(p\352\225\221\377m""; networkTime: 803842773; firstSeq: 1; lastSeq: 7; "
1750527573665,1750527573665,3625,1,1,0,TMStatusChange,"newEvent: neACCEPTED_LEDGER; ledgerSeq: 9; ledgerHash: ""jJ\0073\322w\263\2705Q\201j\360\025W\030~)ml\365\027\305\033\225;Y6g>*1""; ledgerHashPrevious: ""R\025\022\007\244\215@M\364\034T\023\222\007\027\320_\265?\3005\223\241_\307(p\352\225\221\377m""; networkTime: 803842773; firstSeq: 1; lastSeq: 7; ","newEvent: neACCEPTED_LEDGER; ledgerSeq: 9; ledgerHash: ""jJ\0073\322w\263\2705Q\201j\360\025W\030~)ml\365\027\305\033\225;Y6g>*1""; ledgerHashPrevious: ""R\025\022\007\244\215@M\364\034T\023\222\007\027\320_\265?\3005\223\241_\307(p\352\225\221\377m""; networkTime: 803842773; firstSeq: 1; lastSeq: 7; "
1750527573665,1750527573665,798,1,1,2,TMStatusChange,"newEvent: neACCEPTED_LEDGER; ledgerSeq: 9; ledgerHash: ""jJ\0073\322w\263\2705Q\201j\360\025W\030~)ml\365\027\305\033\225;Y6g>*1""; ledgerHashPrevious: ""R\025\022\007\244\215@M\364\034T\023\222\007\027\320_\265?\3005\223\241_\307(p\352\225\221\377m""; networkTime: 803842773; firstSeq: 1; lastSeq: 7; ","newEvent: neACCEPTED_LEDGER; ledgerSeq: 9; ledgerHash: ""jJ\0073\322w\263\2705Q\201j\360\025W\030~)ml\365\027\305\033\225;Y6g>*1""; ledgerHashPrevious: ""R\025\022\007\244\215@M\364\034T\023\222\007\027\320_\265?\3005\223\241_\307(p\352\225\221\377m""; networkTime: 803842773; firstSeq: 1; lastSeq: 7; "
1750527573712,1750527573712,0,1,4,1,TMLedgerData,"ledgerHash: ""4\254\326mU\377?\177Ek\336\030!\316Aa\225\303\022\377{\210Y\226\271as\354L\035\004\341""; ledgerSeq: 9; type: liBASE; nodes {;   nodedata: ""\000\000\000\t\001cEx]\211\377\330a=\225\273\331\354\365*U\363\263N\367b\371\244\314-w\363\262\225Z\200\206\235\233\257?sE\267\000\000\000\000\000\000\000\000\000\000\000\000\000\000\000\000\000\000\000\000\000\000\000\000\000\000\000\000\000\000\000\000\260a9Y\354\267&\263\302xao\033\354\317\022\231\273\315\035\270\2649/W\340\016\240\027y\000Y/\351\252\310/\351\252\322\n\000""; }; nodes {;   nodedata: ""\323C\344\327\264{\312-\017:\006{\177\344N\002\326bO\260\220\006\033\362\345\005U\221DzJ0\001\301\025%1L\307\t\261\262z\374\222T\301\274V\236\223\262\270Ct\362\337b\356\024*\324\320\351\317\002k\336\234\027v\351\217\260\303\360\233ZPZWr\246$w\313\313\r\243r\232\2234\373\3539:N\004Q\245\272D\312D\300\300\t\323\0257\345e\271\na\215{\226\255x%T\257\037\333\004\344_/R\006E\344\037@\210\363\010\336T\226\247'\204_{\261\370""1\235\2445\343\033Y!\212\201\341\272\225'\007\373<\tV\\372\214\276\366\000`\365\371\261\032\317\304\324\207\234\002\027\276K\312\260\250x\t\216\277\200\013\003""; }; requestCookie: 3; ","ledgerHash: ""4\254\326mU\377?\177Ek\336\030!\316Aa\225\303\022\377{\210Y\226\271as\354L\035\004\341""; ledgerSeq: 9; type: liBASE; nodes {;   nodedata: ""\000\000\000\t\001cEx]\211\377\330a=\225\273\331\354\365*U\363\263N\367b\371\244\314-w\363\262\225Z\200\206\235\233\257?sE\267\000\000\000\000\000\000\000\000\000\000\000\000\000\000\000\000\000\000\000\000\000\000\000\000\000\000\000\000\000\000\000\000\260a9Y\354\267&\263\302xao\033\354\317\022\231\273\315\035\270\2649/W\340\016\240\027y\000Y/\351\252\310/\351\252\322\n\000""; }; nodes {;   nodedata: ""\323C\344\327\264{\312-\017:\006{\177\344N\002\326bO\260\220\006\033\362\345\005U\221DzJ0\001\301\025%1L\307\t\261\262z\374\222T\301\274V\236\223\262\270Ct\362\337b\356\024*\324\320\351\317\002k\336\234\027v\351\217\260\303\360\233ZPZWr\246$w\313\313\r\243r\232\2234\373\3539:N\004Q\245\272D\312D\300\300\t\323\0257\345e\271\na\215{\226\255x%T\257\037\333\004\344_/R\006E\344\037@\210\363\010\336T\226\247'\204_{\261\370""1\235\2445\343\033Y!\212\201\341\272\225'\007\373<\tV\\372\214\276\366\000`\365\371\261\032\317\304\324\207\234\002\027\276K\312\260\250x\t\216\277\200\013\003""; }; requestCookie: 3; "
1750527573714,1750527573714,1968,1,1,2,TMLedgerData,"ledgerHash: ""4\254\326mU\377?\177Ek\336\030!\316Aa\225\303\022\377{\210Y\226\271as\354L\035\004\341""; ledgerSeq: 9; type: liBASE; nodes {;   nodedata: ""\000\000\000\t\001cEx]\211\377\330a=\225\273\331\354\365*U\363\263N\367b\371\244\314-w\363\262\225Z\200\206\235\233\257?sE\267\000\000\000\000\000\000\000\000\000\000\000\000\000\000\000\000\000\000\000\000\000\000\000\000\000\000\000\000\000\000\000\000\260a9Y\354\267&\263\302xao\033\354\317\022\231\273\315\035\270\2649/W\340\016\240\027y\000Y/\351\252\310/\351\252\322\n\000""; }; nodes {;   nodedata: ""\323C\344\327\264{\312-\017:\006{\177\344N\002\326bO\260\220\006\033\362\345\005U\221DzJ0\001\301\025%1L\307\t\261\262z\374\222T\301\274V\236\223\262\270Ct\362\337b\356\024*\324\320\351\317\002k\336\234\027v\351\217\260\303\360\233ZPZWr\246$w\313\313\r\243r\232\2234\373\3539:N\004Q\245\272D\312D\300\300\t\323\0257\345e\271\na\215{\226\255x%T\257\037\333\004\344_/R\006E\344\037@\210\363\010\336T\226\247'\204_{\261\370""1\235\2445\343\033Y!\212\201\341\272\225'\007\373<\tV\\372\214\276\366\000`\365\371\261\032\317\304\324\207\234\002\027\276K\312\260\250x\t\216\277\200\013\003""; }; ","ledgerHash: ""4\254\326mU\377?\177Ek\336\030!\316Aa\225\303\022\377{\210Y\226\271as\354L\035\004\341""; ledgerSeq: 9; type: liBASE; nodes {;   nodedata: ""\000\000\000\t\001cEx]\211\377\330a=\225\273\331\354\365*U\363\263N\367b\371\244\314-w\363\262\225Z\200\206\235\233\257?sE\267\000\000\000\000\000\000\000\000\000\000\000\000\000\000\000\000\000\000\000\000\000\000\000\000\000\000\000\000\000\000\000\000\260a9Y\354\267&\263\302xao\033\354\317\022\231\273\315\035\270\2649/W\340\016\240\027y\000Y/\351\252\310/\351\252\322\n\000""; }; nodes {;   nodedata: ""\323C\344\327\264{\312-\017:\006{\177\344N\002\326bO\260\220\006\033\362\345\005U\221DzJ0\001\301\025%1L\307\t\261\262z\374\222T\301\274V\236\223\262\270Ct\362\337b\356\024*\324\320\351\317\002k\336\234\027v\351\217\260\303\360\233ZPZWr\246$w\313\313\r\243r\232\2234\373\3539:N\004Q\245\272D\312D\300\300\t\323\0257\345e\271\na\215{\226\255x%T\257\037\333\004\344_/R\006E\344\037@\210\363\010\336T\226\247'\204_{\261\370""1\235\2445\343\033Y!\212\201\341\272\225'\007\373<\tV\\372\214\276\366\000`\365\371\261\032\317\304\324\207\234\002\027\276K\312\260\250x\t\216\277\200\013\003""; }; "
1750527573756,1750527573756,0,1,4,1,TMLedgerData,"ledgerHash: ""a=\225\273\331\354\365*U\363\263N\367b\371\244\314-w\363\262\225Z\200\206\235\233\257?sE\267""; ledgerSeq: 8; type: liBASE; nodes {;   nodedata: ""\000\000\000\010\001cEx]\211\377\330\033@\177e\277\016\010u\327\371&\262\312\317Q\2361t\377x\234\001v\003%\030\325_\225g\204\346\000\000\000\000\000\000\000\000\000\000\000\000\000\000\000\000\000\000\000\000\000\000\000\000\000\000\000\000\000\000\000\0006\207\227F[\243v\371\255c\270\254{\234\371\211\025\226%\351\352\037\264\262\021\311\263k\232\376\007\352/\351\252\264/\351\252\310\n\000""; }; nodes {;   nodedata: ""\323C\344\327\264{\312-\017:\006{\177\344N\002\326bO\260\220\006\033\362\345\005U\221DzJ0\001\301\025%1L\307\t\261\262z\374\222T\301\274V\236\223\262\270Ct\362\337b\356\024*\324\320\351\317\002k\336\234\027v\351\217\260\303\360\233ZPZWr\246$w\313\313\r\243r\232\2234\373\3539:N\004Q\245\272D\312D\300\300\t\323\0257\345e\271\na\215{\226\255x%T\257\037\333\004\344_/R\006E\344\037@\210\363\010\336T\226\247'\204_{\261\370""1\235\2445\343\033Y!\212\201\341\272\225'\007\265l7#N\236*T\346\016\255|M\nD8\n\343\313/\214\216\001\224\267\346}/\277\005?\336\013\003""; }; requestCookie: 3; ","ledgerHash: ""a=\225\273\331\354\365*U\363\263N\367b\371\244\314-w\363\262\225Z\200\206\235\233\257?sE\267""; ledgerSeq: 8; type: liBASE; nodes {;   nodedata: ""\000\000\000\010\001cEx]\211\377\330\033@\177e\277\016\010u\327\371&\262\312\317Q\2361t\377x\234\001v\003%\030\325_\225g\204\346\000\000\000\000\000\000\000\000\000\000\000\000\000\000\000\000\000\000\000\000\000\000\000\000\000\000\000\000\000\000\000\0006\207\227F[\243v\371\255c\270\254{\234\371\211\025\226%\351\352\037\264\262\021\311\263k\232\376\007\352/\351\252\264/\351\252\310\n\000""; }; nodes {;   nodedata: ""\323C\344\327\264{\312-\017:\006{\177\344N\002\326bO\260\220\006\033\362\345\005U\221DzJ0\001\301\025%1L\307\t\261\262z\374\222T\301\274V\236\223\262\270Ct\362\337b\356\024*\324\320\351\317\002k\336\234\027v\351\217\260\303\360\233ZPZWr\246$w\313\313\r\243r\232\2234\373\3539:N\004Q\245\272D\312D\300\300\t\323\0257\345e\271\na\215{\226\255x%T\257\037\333\004\344_/R\006E\344\037@\210\363\010\336T\226\247'\204_{\261\370""1\235\2445\343\033Y!\212\201\341\272\225'\007\265l7#N\236*T\346\016\255|M\nD8\n\343\313/\214\216\001\224\267\346}/\277\005?\336\013\003""; }; requestCookie: 3; "
1750527573758,1750527573758,1968,1,1,2,TMLedgerData,"ledgerHash: ""a=\225\273\331\354\365*U\363\263N\367b\371\244\314-w\363\262\225Z\200\206\235\233\257?sE\267""; ledgerSeq: 8; type: liBASE; nodes {;   nodedata: ""\000\000\000\010\001cEx]\211\377\330\033@\177e\277\016\010u\327\371&\262\312\317Q\2361t\377x\234\001v\003%\030\325_\225g\204\346\000\000\000\000\000\000\000\000\000\000\000\000\000\000\000\000\000\000\000\000\000\000\000\000\000\000\000\000\000\000\000\0006\207\227F[\243v\371\255c\270\254{\234\371\211\025\226%\351\352\037\264\262\021\311\263k\232\376\007\352/\351\252\264/\351\252\310\n\000""; }; nodes {;   nodedata: ""\323C\344\327\264{\312-\017:\006{\177\344N\002\326bO\260\220\006\033\362\345\005U\221DzJ0\001\301\025%1L\307\t\261\262z\374\222T\301\274V\236\223\262\270Ct\362\337b\356\024*\324\320\351\317\002k\336\234\027v\351\217\260\303\360\233ZPZWr\246$w\313\313\r\243r\232\2234\373\3539:N\004Q\245\272D\312D\300\300\t\323\0257\345e\271\na\215{\226\255x%T\257\037\333\004\344_/R\006E\344\037@\210\363\010\336T\226\247'\204_{\261\370""1\235\2445\343\033Y!\212\201\341\272\225'\007\265l7#N\236*T\346\016\255|M\nD8\n\343\313/\214\216\001\224\267\346}/\277\005?\336\013\003""; }; ","ledgerHash: ""a=\225\273\331\354\365*U\363\263N\367b\371\244\314-w\363\262\225Z\200\206\235\233\257?sE\267""; ledgerSeq: 8; type: liBASE; nodes {;   nodedata: ""\000\000\000\010\001cEx]\211\377\330\033@\177e\277\016\010u\327\371&\262\312\317Q\2361t\377x\234\001v\003%\030\325_\225g\204\346\000\000\000\000\000\000\000\000\000\000\000\000\000\000\000\000\000\000\000\000\000\000\000\000\000\000\000\000\000\000\000\0006\207\227F[\243v\371\255c\270\254{\234\371\211\025\226%\351\352\037\264\262\021\311\263k\232\376\007\352/\351\252\264/\351\252\310\n\000""; }; nodes {;   nodedata: ""\323C\344\327\264{\312-\017:\006{\177\344N\002\326bO\260\220\006\033\362\345\005U\221DzJ0\001\301\025%1L\307\t\261\262z\374\222T\301\274V\236\223\262\270Ct\362\337b\356\024*\324\320\351\317\002k\336\234\027v\351\217\260\303\360\233ZPZWr\246$w\313\313\r\243r\232\2234\373\3539:N\004Q\245\272D\312D\300\300\t\323\0257\345e\271\na\215{\226\255x%T\257\037\333\004\344_/R\006E\344\037@\210\363\010\336T\226\247'\204_{\261\370""1\235\2445\343\033Y!\212\201\341\272\225'\007\265l7#N\236*T\346\016\255|M\nD8\n\343\313/\214\216\001\224\267\346}/\277\005?\336\013\003""; }; "
1750527573813,1750527573814,0,1,4,2,TMLedgerData,"ledgerHash: ""a=\225\273\331\354\365*U\363\263N\367b\371\244\314-w\363\262\225Z\200\206\235\233\257?sE\267""; ledgerSeq: 8; type: liBASE; nodes {;   nodedata: ""\000\000\000\010\001cEx]\211\377\330\033@\177e\277\016\010u\327\371&\262\312\317Q\2361t\377x\234\001v\003%\030\325_\225g\204\346\000\000\000\000\000\000\000\000\000\000\000\000\000\000\000\000\000\000\000\000\000\000\000\000\000\000\000\000\000\000\000\0006\207\227F[\243v\371\255c\270\254{\234\371\211\025\226%\351\352\037\264\262\021\311\263k\232\376\007\352/\351\252\264/\351\252\310\n\000""; }; nodes {;   nodedata: ""\323C\344\327\264{\312-\017:\006{\177\344N\002\326bO\260\220\006\033\362\345\005U\221DzJ0\001\301\025%1L\307\t\261\262z\374\222T\301\274V\236\223\262\270Ct\362\337b\356\024*\324\320\351\317\002k\336\234\027v\351\217\260\303\360\233ZPZWr\246$w\313\313\r\243r\232\2234\373\3539:N\004Q\245\272D\312D\300\300\t\323\0257\345e\271\na\215{\226\255x%T\257\037\333\004\344_/R\006E\344\037@\210\363\010\336T\226\247'\204_{\261\370""1\235\2445\343\033Y!\212\201\341\272\225'\007\265l7#N\236*T\346\016\255|M\nD8\n\343\313/\214\216\001\224\267\346}/\277\005?\336\013\003""; }; requestCookie: 2; ","ledgerHash: ""a=\225\273\331\354\365*U\363\263N\367b\371\244\314-w\363\262\225Z\200\206\235\233\257?sE\267""; ledgerSeq: 8; type: liBASE; nodes {;   nodedata: ""\000\000\000\010\001cEx]\211\377\330\033@\177e\277\016\010u\327\371&\262\312\317Q\2361t\377x\234\001v\003%\030\325_\225g\204\346\000\000\000\000\000\000\000\000\000\000\000\000\000\000\000\000\000\000\000\000\000\000\000\000\000\000\000\000\000\000\000\0006\207\227F[\243v\371\255c\270\254{\234\371\211\025\226%\351\352\037\264\262\021\311\263k\232\376\007\352/\351\252\264/\351\252\310\n\000""; }; nodes {;   nodedata: ""\323C\344\327\264{\312-\017:\006{\177\344N\002\326bO\260\220\006\033\362\345\005U\221DzJ0\001\301\025%1L\307\t\261\262z\374\222T\301\274V\236\223\262\270Ct\362\337b\356\024*\324\320\351\317\002k\336\234\027v\351\217\260\303\360\233ZPZWr\246$w\313\313\r\243r\232\2234\373\3539:N\004Q\245\272D\312D\300\300\t\323\0257\345e\271\na\215{\226\255x%T\257\037\333\004\344_/R\006E\344\037@\210\363\010\336T\226\247'\204_{\261\370""1\235\2445\343\033Y!\212\201\341\272\225'\007\265l7#N\236*T\346\016\255|M\nD8\n\343\313/\214\216\001\224\267\346}/\277\005?\336\013\003""; }; requestCookie: 2; "
1750527573815,1750527573815,612,1,2,0,TMLedgerData,"ledgerHash: ""a=\225\273\331\354\365*U\363\263N\367b\371\244\314-w\363\262\225Z\200\206\235\233\257?sE\267""; ledgerSeq: 8; type: liBASE; nodes {;   nodedata: ""\000\000\000\010\001cEx]\211\377\330\033@\177e\277\016\010u\327\371&\262\312\317Q\2361t\377x\234\001v\003%\030\325_\225g\204\346\000\000\000\000\000\000\000\000\000\000\000\000\000\000\000\000\000\000\000\000\000\000\000\000\000\000\000\000\000\000\000\0006\207\227F[\243v\371\255c\270\254{\234\371\211\025\226%\351\352\037\264\262\021\311\263k\232\376\007\352/\351\252\264/\351\252\310\n\000""; }; nodes {;   nodedata: ""\323C\344\327\264{\312-\017:\006{\177\344N\002\326bO\260\220\006\033\362\345\005U\221DzJ0\001\301\025%1L\307\t\261\262z\374\222T\301\274V\236\223\262\270Ct\362\337b\356\024*\324\320\351\317\002k\336\234\027v\351\217\260\303\360\233ZPZWr\246$w\313\313\r\243r\232\2234\373\3539:N\004Q\245\272D\312D\300\300\t\323\0257\345e\271\na\215{\226\255x%T\257\037\333\004\344_/R\006E\344\037@\210\363\010\336T\226\247'\204_{\261\370""1\235\2445\343\033Y!\212\201\341\272\225'\007\265l7#N\236*T\346\016\255|M\nD8\n\343\313/\214\216\001\224\267\346}/\277\005?\336\013\003""; }; ","ledgerHash: ""a=\225\273\331\354\365*U\363\263N\367b\371\244\314-w\363\262\225Z\200\206\235\233\257?sE\267""; ledgerSeq: 8; type: liBASE; nodes {;   nodedata: ""\000\000\000\010\001cEx]\211\377\330\033@\177e\277\016\010u\327\371&\262\312\317Q\2361t\377x\234\001v\003%\030\325_\225g\204\346\000\000\000\000\000\000\000\000\000\000\000\000\000\000\000\000\000\000\000\000\000\000\000\000\000\000\000\000\000\000\000\0006\207\227F[\243v\371\255c\270\254{\234\371\211\025\226%\351\352\037\264\262\021\311\263k\232\376\007\352/\351\252\264/\351\252\310\n\000""; }; nodes {;   nodedata: ""\323C\344\327\264{\312-\017:\006{\177\344N\002\326bO\260\220\006\033\362\345\005U\221DzJ0\001\301\025%1L\307\t\261\262z\374\222T\301\274V\236\223\262\270Ct\362\337b\356\024*\324\320\351\317\002k\336\234\027v\351\217\260\303\360\233ZPZWr\246$w\313\313\r\243r\232\2234\373\3539:N\004Q\245\272D\312D\300\300\t\323\0257\345e\271\na\215{\226\255x%T\257\037\333\004\344_/R\006E\344\037@\210\363\010\336T\226\247'\204_{\261\370""1\235\2445\343\033Y!\212\201\341\272\225'\007\265l7#N\236*T\346\016\255|M\nD8\n\343\313/\214\216\001\224\267\346}/\277\005?\336\013\003""; }; "
1750527573818,1750527573818,0,1,4,0,TMLedgerData,"ledgerHash: ""\207\270b\315\333\333\334\310I\323&\014\352XZnW2.\335\347\202\021\247\362\212e\034\000\001\250\220""; ledgerSeq: 11; type: liBASE; nodes {;   nodedata: ""\000\000\000\013\001cEx]\211\377\330\361\035\301\024\220m#*\372\032\3178~\374\250\014*\323\342'z69\220\327\256\351G\367\317u\302\000\000\000\000\000\000\000\000\000\000\000\000\000\000\000\000\000\000\000\000\000\000\000\000\000\000\000\000\000\000\000\000\313c\210\200\377\273\312\010\030f\372\244%*\307\272T\262\245c[\026\007_-\227VB\214\347\261\220/\351\252\323/\351\252\324\n\000""; }; nodes {;   nodedata: ""\323C\344\327\264{\312-\017:\006{\177\344N\002\326bO\260\220\006\033\362\345\005U\221DzJ0\001\301\025%1L\307\t\261\262z\374\222T\301\274V\236\223\262\270Ct\362\337b\356\024*\324\320\351\317\002k\336\234\027v\351\217\260\303\360\233ZPZWr\246$w\313\313\r\243r\232\2234\373\3539:N\004Q\245\272D\312D\300\300\t\323\0257\345e\271\na\215{\226\255x%T\257\037\333\004\344_/R\006E\344\037@\210\363\010\336T\226\247'\204_{\261\370""1\235\2445\343\033Y!\212\201\341\272\225'\007\t7y2\201R\010H\001l\375\310t\t\264<3~\035\230\304Gh@\204\342\325\204>\363\344T\013\003""; }; ","ledgerHash: ""\207\270b\315\333\333\334\310I\323&\014\352XZnW2.\335\347\202\021\247\362\212e\034\000\001\250\220""; ledgerSeq: 11; type: liBASE; nodes {;   nodedata: ""\000\000\000\013\001cEx]\211\377\330\361\035\301\024\220m#*\372\032\3178~\374\250\014*\323\342'z69\220\327\256\351G\367\317u\302\000\000\000\000\000\000\000\000\000\000\000\000\000\000\000\000\000\000\000\000\000\000\000\000\000\000\000\000\000\000\000\000\313c\210\200\377\273\312\010\030f\372\244%*\307\272T\262\245c[\026\007_-\227VB\214\347\261\220/\351\252\323/\351\252\324\n\000""; }; nodes {;   nodedata: ""\323C\344\327\264{\312-\017:\006{\177\344N\002\326bO\260\220\006\033\362\345\005U\221DzJ0\001\301\025%1L\307\t\261\262z\374\222T\301\274V\236\223\262\270Ct\362\337b\356\024*\324\320\351\317\002k\336\234\027v\351\217\260\303\360\233ZPZWr\246$w\313\313\r\243r\232\2234\373\3539:N\004Q\245\272D\312D\300\300\t\323\0257\345e\271\na\215{\226\255x%T\257\037\333\004\344_/R\006E\344\037@\210\363\010\336T\226\247'\204_{\261\370""1\235\2445\343\033Y!\212\201\341\272\225'\007\t7y2\201R\010H\001l\375\310t\t\264<3~\035\230\304Gh@\204\342\325\204>\363\344T\013\003""; }; "
1750527573820,1750527573820,380,1,0,4,TMGetLedger,"itype: liAS_NODE; ledgerHash: ""\207\270b\315\333\333\334\310I\323&\014\352XZnW2.\335\347\202\021\247\362\212e\034\000\001\250\220""; ledgerSeq: 11; nodeIDs: ""\260\000\000\000\000\000\000\000\000\000\000\000\000\000\000\000\000\000\000\000\000\000\000\000\000\000\000\000\000\000\000\000\001""; queryType: qtINDIRECT; queryDepth: 1; ","itype: liAS_NODE; ledgerHash: ""\207\270b\315\333\333\334\310I\323&\014\352XZnW2.\335\347\202\021\247\362\212e\034\000\001\250\220""; ledgerSeq: 11; nodeIDs: ""\260\000\000\000\000\000\000\000\000\000\000\000\000\000\000\000\000\000\000\000\000\000\000\000\000\000\000\000\000\000\000\000\001""; queryType: qtINDIRECT; queryDepth: 1; "
1750527573855,1750527573855,0,1,4,0,TMLedgerData,"ledgerHash: ""\207\270b\315\333\333\334\310I\323&\014\352XZnW2.\335\347\202\021\247\362\212e\034\000\001\250\220""; ledgerSeq: 11; type: liBASE; nodes {;   nodedata: ""\000\000\000\013\001cEx]\211\377\330\361\035\301\024\220m#*\372\032\3178~\374\250\014*\323\342'z69\220\327\256\351G\367\317u\302\000\000\000\000\000\000\000\000\000\000\000\000\000\000\000\000\000\000\000\000\000\000\000\000\000\000\000\000\000\000\000\000\313c\210\200\377\273\312\010\030f\372\244%*\307\272T\262\245c[\026\007_-\227VB\214\347\261\220/\351\252\323/\351\252\324\n\000""; }; nodes {;   nodedata: ""\323C\344\327\264{\312-\017:\006{\177\344N\002\326bO\260\220\006\033\362\345\005U\221DzJ0\001\301\025%1L\307\t\261\262z\374\222T\301\274V\236\223\262\270Ct\362\337b\356\024*\324\320\351\317\002k\336\234\027v\351\217\260\303\360\233ZPZWr\246$w\313\313\r\243r\232\2234\373\3539:N\004Q\245\272D\312D\300\300\t\323\0257\345e\271\na\215{\226\255x%T\257\037\333\004\344_/R\006E\344\037@\210\363\010\336T\226\247'\204_{\261\370""1\235\2445\343\033Y!\212\201\341\272\225'\007\t7y2\201R\010H\001l\375\310t\t\264<3~\035\230\304Gh@\204\342\325\204>\363\344T\013\003""; }; ","ledgerHash: ""\207\270b\315\333\333\334\310I\323&\014\352XZnW2.\335\347\202\021\247\362\212e\034\000\001\250\220""; ledgerSeq: 11; type: liBASE; nodes {;   nodedata: ""\000\000\000\013\001cEx]\211\377\330\361\035\301\024\220m#*\372\032\3178~\374\250\014*\323\342'z69\220\327\256\351G\367\317u\302\000\000\000\000\000\000\000\000\000\000\000\000\000\000\000\000\000\000\000\000\000\000\000\000\000\000\000\000\000\000\000\000\313c\210\200\377\273\312\010\030f\372\244%*\307\272T\262\245c[\026\007_-\227VB\214\347\261\220/\351\252\323/\351\252\324\n\000""; }; nodes {;   nodedata: ""\323C\344\327\264{\312-\017:\006{\177\344N\002\326bO\260\220\006\033\362\345\005U\221DzJ0\001\301\025%1L\307\t\261\262z\374\222T\301\274V\236\223\262\270Ct\362\337b\356\024*\324\320\351\317\002k\336\234\027v\351\217\260\303\360\233ZPZWr\246$w\313\313\r\243r\232\2234\373\3539:N\004Q\245\272D\312D\300\300\t\323\0257\345e\271\na\215{\226\255x%T\257\037\333\004\344_/R\006E\344\037@\210\363\010\336T\226\247'\204_{\261\370""1\235\2445\343\033Y!\212\201\341\272\225'\007\t7y2\201R\010H\001l\375\310t\t\264<3~\035\230\304Gh@\204\342\325\204>\363\344T\013\003""; }; "
1750527574061,1750527574061,380,1,0,4,TMGetLedger,"itype: liBASE; ledgerHash: ""\207\270b\315\333\333\334\310I\323&\014\352XZnW2.\335\347\202\021\247\362\212e\034\000\001\250\220""; ledgerSeq: 11; requestCookie: 3; queryType: qtINDIRECT; ","itype: liBASE; ledgerHash: ""\207\270b\315\333\333\334\310I\323&\014\352XZnW2.\335\347\202\021\247\362\212e\034\000\001\250\220""; ledgerSeq: 11; requestCookie: 3; queryType: qtINDIRECT; "
1750527574202,1750527574203,0,1,4,0,TMLedgerData,"ledgerHash: ""\207\270b\315\333\333\334\310I\323&\014\352XZnW2.\335\347\202\021\247\362\212e\034\000\001\250\220""; ledgerSeq: 11; type: liAS_NODE; nodes {;   nodedata: ""\021\000h""\000\000\000\000 \033\000\000\000\n\002\023\301\237\330\356GuH\375\327!\255\371\r\231\262R\256J\034\222\241\355X\265E\241^W\225\304\014\361CX-}\351f\032\255\274\334m\326c\017\014ao[\342\230\003\245\245\3341Hm\326^\017jy\335\261\032Yt\320\244{g\0306\\302\303*\341\215\223\257\364\277o\375\000r\241SOq\221\253\262\005\017\375T\356\014\360o'\030\311-\267\031\257!\031T\006><\315XM\334\324\345\034\000\325\367\240\271\013\265\024\321\362\354\211\250.\234s\225amc\305\035\366\276\037nD\277`\210\223N\3535\033\261\304f\331]\036\237\306o!\223\221\002\324\031\262\240R\177 ,\214\325\Q])\016\2067\277\t\354\010\000\360\215\2502\265\245\310\226\243c\302Ze\306\253#r\020\211\320iG\276\020E\317\035Sf\223F\254\033@\177e\277\016\010u\327\371&\262\312\317Q\2361t\377x\234\001v\003%\030\325_\225g\204\346a=\225\273\331\354\365*U\363\263N\367b\371\244\314-w\363\262\225Z\200\206\235\233\257?sE\2674\254\326mU\377?\177Ek\336\030!\316Aa\225\303\022\377{\210Y\226\271as\354L\035\004\341\361\035\301\024\220m#*\372\032\3178~\374\250\014*\323\342'z69\220\327\256\351G\367\317u\302\264\227\2326\315\307\363\323\325\303\032N\256*\307\327 \235\332\207u\210\271\257\306g\231i*\260\326k\001"";   nodeid: ""\260\000\000\000\000\000\000\000\000\000\000\000\000\000\000\000\000\000\000\000\000\000\000\000\000\000\000\000\000\000\000\000\001""; }; ","ledgerHash: ""\207\270b\315\333\333\334\310I\323&\014\352XZnW2.\335\347\202\021\247\362\212e\034\000\001\250\220""; ledgerSeq: 11; type: liAS_NODE; nodes {;   nodedata: ""\021\000h""\000\000\000\000 \033\000\000\000\n\002\023\301\237\330\356GuH\375\327!\255\371\r\231\262R\256J\034\222\241\355X\265E\241^W\225\304\014\361CX-}\351f\032\255\274\334m\326c\017\014ao[\342\230\003\245\245\3341Hm\326^\017jy\335\261\032Yt\320\244{g\0306\\302\303*\341\215\223\257\364\277o\375\000r\241SOq\221\253\262\005\017\375T\356\014\360o'\030\311-\267\031\257!\031T\006><\315XM\334\324\345\034\000\325\367\240\271\013\265\024\321\362\354\211\250.\234s\225amc\305\035\366\276\037nD\277`\210\223N\3535\033\261\304f\331]\036\237\306o!\223\221\002\324\031\262\240R\177 ,\214\325\Q])\016\2067\277\t\354\010\000\360\215\2502\265\245\310\226\243c\302Ze\306\253#r\020\211\320iG\276\020E\317\035Sf\223F\254\033@\177e\277\016\010u\327\371&\262\312\317Q\2361t\377x\234\001v\003%\030\325_\225g\204\346a=\225\273\331\354\365*U\363\263N\367b\371\244\314-w\363\262\225Z\200\206\235\233\257?sE\2674\254\326mU\377?\177Ek\336\030!\316Aa\225\303\022\377{\210Y\226\271as\354L\035\004\341\361\035\301\024\220m#*\372\032\3178~\374\250\014*\323\342'z69\220\327\256\351G\367\317u\302\264\227\2326\315\307\363\323\325\303\032N\256*\307\327 \235\332\207u\210\271\257\306g\231i*\260\326k\001"";   nodeid: ""\260\000\000\000\000\000\000\000\000\000\000\000\000\000\000\000\000\000\000\000\000\000\000\000\000\000\000\000\000\000\000\000\001""; }; "
1750527574284,1750527574285,0,1,3,2,TMLedgerData,"ledgerHash: ""a=\225\273\331\354\365*U\363\263N\367b\371\244\314-w\363\262\225Z\200\206\235\233\257?sE\267""; ledgerSeq: 8; type: liBASE; nodes {;   nodedata: ""\000\000\000\010\001cEx]\211\377\330\033@\177e\277\016\010u\327\371&\262\312\317Q\2361t\377x\234\001v\003%\030\325_\225g\204\346\000\000\000\000\000\000\000\000\000\000\000\000\000\000\000\000\000\000\000\000\000\000\000\000\000\000\000\000\000\000\000\0006\207\227F[\243v\371\255c\270\254{\234\371\211\025\226%\351\352\037\264\262\021\311\263k\232\376\007\352/\351\252\264/\351\252\310\n\000""; }; nodes {;   nodedata: ""\323C\344\327\264{\312-\017:\006{\177\344N\002\326bO\260\220\006\033\362\345\005U\221DzJ0\001\301\025%1L\307\t\261\262z\374\222T\301\274V\236\223\262\270Ct\362\337b\356\024*\324\320\351\317\002k\336\234\027v\351\217\260\303\360\233ZPZWr\246$w\313\313\r\243r\232\2234\373\3539:N\004Q\245\272D\312D\300\300\t\323\0257\345e\271\na\215{\226\255x%T\257\037\333\004\344_/R\006E\344\037@\210\363\010\336T\226\247'\204_{\261\370""1\235\2445\343\033Y!\212\201\341\272\225'\007\265l7#N\236*T\346\016\255|M\nD8\n\343\313/\214\216\001\224\267\346}/\277\005?\336\013\003""; }; requestCookie: 3; ","ledgerHash: ""a=\225\273\331\354\365*U\363\263N\367b\371\244\314-w\363\262\225Z\200\206\235\233\257?sE\267""; ledgerSeq: 8; type: liBASE; nodes {;   nodedata: ""\000\000\000\010\001cEx]\211\377\330\033@\177e\277\016\010u\327\371&\262\312\317Q\2361t\377x\234\001v\003%\030\325_\225g\204\346\000\000\000\000\000\000\000\000\000\000\000\000\000\000\000\000\000\000\000\000\000\000\000\000\000\000\000\000\000\000\000\0006\207\227F[\243v\371\255c\270\254{\234\371\211\025\226%\351\352\037\264\262\021\311\263k\232\376\007\352/\351\252\264/\351\252\310\n\000""; }; nodes {;   nodedata: ""\323C\344\327\264{\312-\017:\006{\177\344N\002\326bO\260\220\006\033\362\345\005U\221DzJ0\001\301\025%1L\307\t\261\262z\374\222T\301\274V\236\223\262\270Ct\362\337b\356\024*\324\320\351\317\002k\336\234\027v\351\217\260\303\360\233ZPZWr\246$w\313\313\r\243r\232\2234\373\3539:N\004Q\245\272D\312D\300\300\t\323\0257\345e\271\na\215{\226\255x%T\257\037\333\004\344_/R\006E\344\037@\210\363\010\336T\226\247'\204_{\261\370""1\235\2445\343\033Y!\212\201\341\272\225'\007\265l7#N\236*T\346\016\255|M\nD8\n\343\313/\214\216\001\224\267\346}/\277\005?\336\013\003""; }; requestCookie: 3; "
1750527574286,1750527574286,1769,1,2,1,TMLedgerData,"ledgerHash: ""a=\225\273\331\354\365*U\363\263N\367b\371\244\314-w\363\262\225Z\200\206\235\233\257?sE\267""; ledgerSeq: 8; type: liBASE; nodes {;   nodedata: ""\000\000\000\010\001cEx]\211\377\330\033@\177e\277\016\010u\327\371&\262\312\317Q\2361t\377x\234\001v\003%\030\325_\225g\204\346\000\000\000\000\000\000\000\000\000\000\000\000\000\000\000\000\000\000\000\000\000\000\000\000\000\000\000\000\000\000\000\0006\207\227F[\243v\371\255c\270\254{\234\371\211\025\226%\351\352\037\264\262\021\311\263k\232\376\007\352/\351\252\264/\351\252\310\n\000""; }; nodes {;   nodedata: ""\323C\344\327\264{\312-\017:\006{\177\344N\002\326bO\260\220\006\033\362\345\005U\221DzJ0\001\301\025%1L\307\t\261\262z\374\222T\301\274V\236\223\262\270Ct\362\337b\356\024*\324\320\351\317\002k\336\234\027v\351\217\260\303\360\233ZPZWr\246$w\313\313\r\243r\232\2234\373\3539:N\004Q\245\272D\312D\300\300\t\323\0257\345e\271\na\215{\226\255x%T\257\037\333\004\344_/R\006E\344\037@\210\363\010\336T\226\247'\204_{\261\370""1\235\2445\343\033Y!\212\201\341\272\225'\007\265l7#N\236*T\346\016\255|M\nD8\n\343\313/\214\216\001\224\267\346}/\277\005?\336\013\003""; }; ","ledgerHash: ""a=\225\273\331\354\365*U\363\263N\367b\371\244\314-w\363\262\225Z\200\206\235\233\257?sE\267""; ledgerSeq: 8; type: liBASE; nodes {;   nodedata: ""\000\000\000\010\001cEx]\211\377\330\033@\177e\277\016\010u\327\371&\262\312\317Q\2361t\377x\234\001v\003%\030\325_\225g\204\346\000\000\000\000\000\000\000\000\000\000\000\000\000\000\000\000\000\000\000\000\000\000\000\000\000\000\000\000\000\000\000\0006\207\227F[\243v\371\255c\270\254{\234\371\211\025\226%\351\352\037\264\262\021\311\263k\232\376\007\352/\351\252\264/\351\252\310\n\000""; }; nodes {;   nodedata: ""\323C\344\327\264{\312-\017:\006{\177\344N\002\326bO\260\220\006\033\362\345\005U\221DzJ0\001\301\025%1L\307\t\261\262z\374\222T\301\274V\236\223\262\270Ct\362\337b\356\024*\324\320\351\317\002k\336\234\027v\351\217\260\303\360\233ZPZWr\246$w\313\313\r\243r\232\2234\373\3539:N\004Q\245\272D\312D\300\300\t\323\0257\345e\271\na\215{\226\255x%T\257\037\333\004\344_/R\006E\344\037@\210\363\010\336T\226\247'\204_{\261\370""1\235\2445\343\033Y!\212\201\341\272\225'\007\265l7#N\236*T\346\016\255|M\nD8\n\343\313/\214\216\001\224\267\346}/\277\005?\336\013\003""; }; "
1750527574355,1750527574355,1544,1,2,1,TMGetLedger,"itype: liBASE; ledgerHash: ""\361\035\301\024\220m#*\372\032\3178~\374\250\014*\323\342'z69\220\327\256\351G\367\317u\302""; ledgerSeq: 10; queryType: qtINDIRECT; ","itype: liBASE; ledgerHash: ""\361\035\301\024\220m#*\372\032\3178~\374\250\014*\323\342'z69\220\327\256\351G\367\317u\302""; ledgerSeq: 10; queryType: qtINDIRECT; "
1750527574355,1750527574355,589,1,2,0,TMGetLedger,"itype: liBASE; ledgerHash: ""\361\035\301\024\220m#*\372\032\3178~\374\250\014*\323\342'z69\220\327\256\351G\367\317u\302""; ledgerSeq: 10; queryType: qtINDIRECT; ","itype: liBASE; ledgerHash: ""\361\035\301\024\220m#*\372\032\3178~\374\250\014*\323\342'z69\220\327\256\351G\367\317u\302""; ledgerSeq: 10; queryType: qtINDIRECT; "
1750527574356,1750527574356,4000,1,2,3,TMGetLedger,"itype: liBASE; ledgerHash: ""\361\035\301\024\220m#*\372\032\3178~\374\250\014*\323\342'z69\220\327\256\351G\367\317u\302""; ledgerSeq: 10; queryType: qtINDIRECT; ","itype: liBASE; ledgerHash: ""\361\035\301\024\220m#*\372\032\3178~\374\250\014*\323\342'z69\220\327\256\351G\367\317u\302""; ledgerSeq: 10; queryType: qtINDIRECT; "
1750527574356,1750527574356,3719,1,2,4,TMGetLedger,"itype: liBASE; ledgerHash: ""\361\035\301\024\220m#*\372\032\3178~\374\250\014*\323\342'z69\220\327\256\351G\367\317u\302""; ledgerSeq: 10; queryType: qtINDIRECT; ","itype: liBASE; ledgerHash: ""\361\035\301\024\220m#*\372\032\3178~\374\250\014*\323\342'z69\220\327\256\351G\367\317u\302""; ledgerSeq: 10; queryType: qtINDIRECT; "
1750527574378,1750527574378,0,1,4,2,TMLedgerData,"ledgerHash: ""a=\225\273\331\354\365*U\363\263N\367b\371\244\314-w\363\262\225Z\200\206\235\233\257?sE\267""; ledgerSeq: 8; type: liAS_NODE; nodes {;   nodedata: ""\021\000h""\000\000\000\000 \033\000\000\000\007\002\023\301?\330\356GuH\375\327!\255\371\r\231\262R\256J\034\222\241\355X\265E\241^W\225\304\014\361CX-}\351f\032\255\274\334m\326c\017\014ao[\342\230\003\245\245\3341Hm\326^\017jy\335\261\032Yt\320\244{g\0306\\302\303*\341\215\223\257\364\277o\375\000r\241SOq\221\253\262\005\017\375T\356\014\360o'\030\311-\267\031\257!\031T\006><\315XM\334\324\345\034\000\325\367\240\271\013\265\024\321\362\354\211\250.\234s\225amc\305\035\366\276\037nD\277`\210\223N\3535\033\261\304f\331]\036\237\306o!\223\221\002\324\031\262\240R\177 ,\214\325\Q])\016\2067\277\t\354\010\000\360\215\2502\265\245\310\226\243c\302Ze\306\253#r\020\211\320iG\276\020E\317\035Sf\223F\254\033@\177e\277\016\010u\327\371&\262\312\317Q\2361t\377x\234\001v\003%\030\325_\225g\204\346\264\227\2326\315\307\363\323\325\303\032N\256*\307\327 \235\332\207u\210\271\257\306g\231i*\260\326k\001"";   nodeid: ""\260\000\000\000\000\000\000\000\000\000\000\000\000\000\000\000\000\000\000\000\000\000\000\000\000\000\000\000\000\000\000\000\001""; }; ","ledgerHash: ""a=\225\273\331\354\365*U\363\263N\367b\371\244\314-w\363\262\225Z\200\206\235\233\257?sE\267""; ledgerSeq: 8; type: liAS_NODE; nodes {;   nodedata: ""\021\000h""\000\000\000\000 \033\000\000\000\007\002\023\301?\330\356GuH\375\327!\255\371\r\231\262R\256J\034\222\241\355X\265E\241^W\225\304\014\361CX-}\351f\032\255\274\334m\326c\017\014ao[\342\230\003\245\245\3341Hm\326^\017jy\335\261\032Yt\320\244{g\0306\\302\303*\341\215\223\257\364\277o\375\000r\241SOq\221\253\262\005\017\375T\356\014\360o'\030\311-\267\031\257!\031T\006><\315XM\334\324\345\034\000\325\367\240\271\013\265\024\321\362\354\211\250.\234s\225amc\305\035\366\276\037nD\277`\210\223N\3535\033\261\304f\331]\036\237\306o!\223\221\002\324\031\262\240R\177 ,\214\325\Q])\016\2067\277\t\354\010\000\360\215\2502\265\245\310\226\243c\302Ze\306\253#r\020\211\320iG\276\020E\317\035Sf\223F\254\033@\177e\277\016\010u\327\371&\262\312\317Q\2361t\377x\234\001v\003%\030\325_\225g\204\346\264\227\2326\315\307\363\323\325\303\032N\256*\307\327 \235\332\207u\210\271\257\306g\231i*\260\326k\001"";   nodeid: ""\260\000\000\000\000\000\000\000\000\000\000\000\000\000\000\000\000\000\000\000\000\000\000\000\000\000\000\000\000\000\000\000\001""; }; "
1750527574424,1750527574424,0,1,3,4,TMProposeSet,"proposeSeq: 0; currentTxHash: ""\000\000\000\000\000\000\000\000\000\000\000\000\000\000\000\000\000\000\000\000\000\000\000\000\000\000\000\000\000\000\000\000""; nodePubKey: ""\002\364d\217\366\217|\316F\232\231\241\n\261\333`\312O\367\235\025DD\336e\367\n\312\326\221\037\025\230""; closeTime: 803842774; signature: ""0E\002!\000\364\203#\300\0018\356\273\372\000\217(\363\014\355J\365\374\303\266\274|\266\303\363""\252 \240\321\307\204\002 \013\267\214E\204\024\215\0206\n&\232\003\227\233\205\324\277Dy\374;t\322IO\201\225t\017\257\375""; previousledger: ""\207\270b\315\333\333\334\310I\323&\014\352XZnW2.\335\347\202\021\247\362\212e\034\000\001\250\220""; ","proposeSeq: 0; currentTxHash: ""\000\000\000\000\000\000\000\000\000\000\000\000\000\000\000\000\000\000\000\000\000\000\000\000\000\000\000\000\000\000\000\000""; nodePubKey: ""\002\364d\217\366\217|\316F\232\231\241\n\261\333`\312O\367\235\025DD\336e\367\n\312\326\221\037\025\230""; closeTime: 803842774; signature: ""0E\002!\000\364\203#\300\0018\356\273\372\000\217(\363\014\355J\365\374\303\266\274|\266\303\363""\252 \240\321\307\204\002 \013\267\214E\204\024\215\0206\n&\232\003\227\233\205\324\277Dy\374;t\322IO\201\225t\017\257\375""; previousledger: ""\207\270b\315\333\333\334\310I\323&\014\352XZnW2.\335\347\202\021\247\362\212e\034\000\001\250\220""; "
1750527574426,1750527574426,0,1,3,0,TMProposeSet,"proposeSeq: 0; currentTxHash: ""\000\000\000\000\000\000\000\000\000\000\000\000\000\000\000\000\000\000\000\000\000\000\000\000\000\000\000\000\000\000\000\000""; nodePubKey: ""\002\364d\217\366\217|\316F\232\231\241\n\261\333`\312O\367\235\025DD\336e\367\n\312\326\221\037\025\230""; closeTime: 803842774; signature: ""0E\002!\000\364\203#\300\0018\356\273\372\000\217(\363\014\355J\365\374\303\266\274|\266\303\363""\252 \240\321\307\204\002 \013\267\214E\204\024\215\0206\n&\232\003\227\233\205\324\277Dy\374;t\322IO\201\225t\017\257\375""; previousledger: ""\207\270b\315\333\333\334\310I\323&\014\352XZnW2.\335\347\202\021\247\362\212e\034\000\001\250\220""; ","proposeSeq: 0; currentTxHash: ""\000\000\000\000\000\000\000\000\000\000\000\000\000\000\000\000\000\000\000\000\000\000\000\000\000\000\000\000\000\000\000\000""; nodePubKey: ""\002\364d\217\366\217|\316F\232\231\241\n\261\333`\312O\367\235\025DD\336e\367\n\312\326\221\037\025\230""; closeTime: 803842774; signature: ""0E\002!\000\364\203#\300\0018\356\273\372\000\217(\363\014\355J\365\374\303\266\274|\266\303\363""\252 \240\321\307\204\002 \013\267\214E\204\024\215\0206\n&\232\003\227\233\205\324\277Dy\374;t\322IO\201\225t\017\257\375""; previousledger: ""\207\270b\315\333\333\334\310I\323&\014\352XZnW2.\335\347\202\021\247\362\212e\034\000\001\250\220""; "
1750527574426,1750527574426,0,1,3,1,TMProposeSet,"proposeSeq: 0; currentTxHash: ""\000\000\000\000\000\000\000\000\000\000\000\000\000\000\000\000\000\000\000\000\000\000\000\000\000\000\000\000\000\000\000\000""; nodePubKey: ""\002\364d\217\366\217|\316F\232\231\241\n\261\333`\312O\367\235\025DD\336e\367\n\312\326\221\037\025\230""; closeTime: 803842774; signature: ""0E\002!\000\364\203#\300\0018\356\273\372\000\217(\363\014\355J\365\374\303\266\274|\266\303\363""\252 \240\321\307\204\002 \013\267\214E\204\024\215\0206\n&\232\003\227\233\205\324\277Dy\374;t\322IO\201\225t\017\257\375""; previousledger: ""\207\270b\315\333\333\334\310I\323&\014\352XZnW2.\335\347\202\021\247\362\212e\034\000\001\250\220""; ","proposeSeq: 0; currentTxHash: ""\000\000\000\000\000\000\000\000\000\000\000\000\000\000\000\000\000\000\000\000\000\000\000\000\000\000\000\000\000\000\000\000""; nodePubKey: ""\002\364d\217\366\217|\316F\232\231\241\n\261\333`\312O\367\235\025DD\336e\367\n\312\326\221\037\025\230""; closeTime: 803842774; signature: ""0E\002!\000\364\203#\300\0018\356\273\372\000\217(\363\014\355J\365\374\303\266\274|\266\303\363""\252 \240\321\307\204\002 \013\267\214E\204\024\215\0206\n&\232\003\227\233\205\324\277Dy\374;t\322IO\201\225t\017\257\375""; previousledger: ""\207\270b\315\333\333\334\310I\323&\014\352XZnW2.\335\347\202\021\247\362\212e\034\000\001\250\220""; "
1750527574428,1750527574428,0,1,4,1,TMProposeSet,"proposeSeq: 0; currentTxHash: ""\000\000\000\000\000\000\000\000\000\000\000\000\000\000\000\000\000\000\000\000\000\000\000\000\000\000\000\000\000\000\000\000""; nodePubKey: ""\002\364d\217\366\217|\316F\232\231\241\n\261\333`\312O\367\235\025DD\336e\367\n\312\326\221\037\025\230""; closeTime: 803842774; signature: ""0E\002!\000\364\203#\300\0018\356\273\372\000\217(\363\014\355J\365\374\303\266\274|\266\303\363""\252 \240\321\307\204\002 \013\267\214E\204\024\215\0206\n&\232\003\227\233\205\324\277Dy\374;t\322IO\201\225t\017\257\375""; previousledger: ""\207\270b\315\333\333\334\310I\323&\014\352XZnW2.\335\347\202\021\247\362\212e\034\000\001\250\220""; ","proposeSeq: 0; currentTxHash: ""\000\000\000\000\000\000\000\000\000\000\000\000\000\000\000\000\000\000\000\000\000\000\000\000\000\000\000\000\000\000\000\000""; nodePubKey: ""\002\364d\217\366\217|\316F\232\231\241\n\261\333`\312O\367\235\025DD\336e\367\n\312\326\221\037\025\230""; closeTime: 803842774; signature: ""0E\002!\000\364\203#\300\0018\356\273\372\000\217(\363\014\355J\365\374\303\266\274|\266\303\363""\252 \240\321\307\204\002 \013\267\214E\204\024\215\0206\n&\232\003\227\233\205\324\277Dy\374;t\322IO\201\225t\017\257\375""; previousledger: ""\207\270b\315\333\333\334\310I\323&\014\352XZnW2.\335\347\202\021\247\362\212e\034\000\001\250\220""; "
1750527574428,1750527574428,0,1,4,2,TMProposeSet,"proposeSeq: 0; currentTxHash: ""\000\000\000\000\000\000\000\000\000\000\000\000\000\000\000\000\000\000\000\000\000\000\000\000\000\000\000\000\000\000\000\000""; nodePubKey: ""\002\364d\217\366\217|\316F\232\231\241\n\261\333`\312O\367\235\025DD\336e\367\n\312\326\221\037\025\230""; closeTime: 803842774; signature: ""0E\002!\000\364\203#\300\0018\356\273\372\000\217(\363\014\355J\365\374\303\266\274|\266\303\363""\252 \240\321\307\204\002 \013\267\214E\204\024\215\0206\n&\232\003\227\233\205\324\277Dy\374;t\322IO\201\225t\017\257\375""; previousledger: ""\207\270b\315\333\333\334\310I\323&\014\352XZnW2.\335\347\202\021\247\362\212e\034\000\001\250\220""; ","proposeSeq: 0; currentTxHash: ""\000\000\000\000\000\000\000\000\000\000\000\000\000\000\000\000\000\000\000\000\000\000\000\000\000\000\000\000\000\000\000\000""; nodePubKey: ""\002\364d\217\366\217|\316F\232\231\241\n\261\333`\312O\367\235\025DD\336e\367\n\312\326\221\037\025\230""; closeTime: 803842774; signature: ""0E\002!\000\364\203#\300\0018\356\273\372\000\217(\363\014\355J\365\374\303\266\274|\266\303\363""\252 \240\321\307\204\002 \013\267\214E\204\024\215\0206\n&\232\003\227\233\205\324\277Dy\374;t\322IO\201\225t\017\257\375""; previousledger: ""\207\270b\315\333\333\334\310I\323&\014\352XZnW2.\335\347\202\021\247\362\212e\034\000\001\250\220""; "
1750527574429,1750527574429,0,1,4,0,TMProposeSet,"proposeSeq: 0; currentTxHash: ""\000\000\000\000\000\000\000\000\000\000\000\000\000\000\000\000\000\000\000\000\000\000\000\000\000\000\000\000\000\000\000\000""; nodePubKey: ""\002\364d\217\366\217|\316F\232\231\241\n\261\333`\312O\367\235\025DD\336e\367\n\312\326\221\037\025\230""; closeTime: 803842774; signature: ""0E\002!\000\364\203#\300\0018\356\273\372\000\217(\363\014\355J\365\374\303\266\274|\266\303\363""\252 \240\321\307\204\002 \013\267\214E\204\024\215\0206\n&\232\003\227\233\205\324\277Dy\374;t\322IO\201\225t\017\257\375""; previousledger: ""\207\270b\315\333\333\334\310I\323&\014\352XZnW2.\335\347\202\021\247\362\212e\034\000\001\250\220""; ","proposeSeq: 0; currentTxHash: ""\000\000\000\000\000\000\000\000\000\000\000\000\000\000\000\000\000\000\000\000\000\000\000\000\000\000\000\000\000\000\000\000""; nodePubKey: ""\002\364d\217\366\217|\316F\232\231\241\n\261\333`\312O\367\235\025DD\336e\367\n\312\326\221\037\025\230""; closeTime: 803842774; signature: ""0E\002!\000\364\203#\300\0018\356\273\372\000\217(\363\014\355J\365\374\303\266\274|\266\303\363""\252 \240\321\307\204\002 \013\267\214E\204\024\215\0206\n&\232\003\227\233\205\324\277Dy\374;t\322IO\201\225t\017\257\375""; previousledger: ""\207\270b\315\333\333\334\310I\323&\014\352XZnW2.\335\347\202\021\247\362\212e\034\000\001\250\220""; "
1750527574443,1750527574443,0,1,4,0,TMLedgerData,"ledgerHash: ""\207\270b\315\333\333\334\310I\323&\014\352XZnW2.\335\347\202\021\247\362\212e\034\000\001\250\220""; ledgerSeq: 11; type: liBASE; nodes {;   nodedata: ""\000\000\000\013\001cEx]\211\377\330\361\035\301\024\220m#*\372\032\3178~\374\250\014*\323\342'z69\220\327\256\351G\367\317u\302\000\000\000\000\000\000\000\000\000\000\000\000\000\000\000\000\000\000\000\000\000\000\000\000\000\000\000\000\000\000\000\000\313c\210\200\377\273\312\010\030f\372\244%*\307\272T\262\245c[\026\007_-\227VB\214\347\261\220/\351\252\323/\351\252\324\n\000""; }; nodes {;   nodedata: ""\323C\344\327\264{\312-\017:\006{\177\344N\002\326bO\260\220\006\033\362\345\005U\221DzJ0\001\301\025%1L\307\t\261\262z\374\222T\301\274V\236\223\262\270Ct\362\337b\356\024*\324\320\351\317\002k\336\234\027v\351\217\260\303\360\233ZPZWr\246$w\313\313\r\243r\232\2234\373\3539:N\004Q\245\272D\312D\300\300\t\323\0257\345e\271\na\215{\226\255x%T\257\037\333\004\344_/R\006E\344\037@\210\363\010\336T\226\247'\204_{\261\370""1\235\2445\343\033Y!\212\201\341\272\225'\007\t7y2\201R\010H\001l\375\310t\t\264<3~\035\230\304Gh@\204\342\325\204>\363\344T\013\003""; }; requestCookie: 3; ","ledgerHash: ""\207\270b\315\333\333\334\310I\323&\014\352XZnW2.\335\347\202\021\247\362\212e\034\000\001\250\220""; ledgerSeq: 11; type: liBASE; nodes {;   nodedata: ""\000\000\000\013\001cEx]\211\377\330\361\035\301\024\220m#*\372\032\3178~\374\250\014*\323\342'z69\220\327\256\351G\367\317u\302\000\000\000\000\000\000\000\000\000\000\000\000\000\000\000\000\000\000\000\000\000\000\000\000\000\000\000\000\000\000\000\000\313c\210\200\377\273\312\010\030f\372\244%*\307\272T\262\245c[\026\007_-\227VB\214\347\261\220/\351\252\323/\351\252\324\n\000""; }; nodes {;   nodedata: ""\323C\344\327\264{\312-\017:\006{\177\344N\002\326bO\260\220\006\033\362\345\005U\221DzJ0\001\301\025%1L\307\t\261\262z\374\222T\301\274V\236\223\262\270Ct\362\337b\356\024*\324\320\351\317\002k\336\234\027v\351\217\260\303\360\233ZPZWr\246$w\313\313\r\243r\232\2234\373\3539:N\004Q\245\272D\312D\300\300\t\323\0257\345e\271\na\215{\226\255x%T\257\037\333\004\344_/R\006E\344\037@\210\363\010\336T\226\247'\204_{\261\370""1\235\2445\343\033Y!\212\201\341\272\225'\007\t7y2\201R\010H\001l\375\310t\t\264<3~\035\230\304Gh@\204\342\325\204>\363\344T\013\003""; }; requestCookie: 3; "
1750527574444,1750527574444,3818,1,0,2,TMLedgerData,"ledgerHash: ""\207\270b\315\333\333\334\310I\323&\014\352XZnW2.\335\347\202\021\247\362\212e\034\000\001\250\220""; ledgerSeq: 11; type: liBASE; nodes {;   nodedata: ""\000\000\000\013\001cEx]\211\377\330\361\035\301\024\220m#*\372\032\3178~\374\250\014*\323\342'z69\220\327\256\351G\367\317u\302\000\000\000\000\000\000\000\000\000\000\000\000\000\000\000\000\000\000\000\000\000\000\000\000\000\000\000\000\000\000\000\000\313c\210\200\377\273\312\010\030f\372\244%*\307\272T\262\245c[\026\007_-\227VB\214\347\261\220/\351\252\323/\351\252\324\n\000""; }; nodes {;   nodedata: ""\323C\344\327\264{\312-\017:\006{\177\344N\002\326bO\260\220\006\033\362\345\005U\221DzJ0\001\301\025%1L\307\t\261\262z\374\222T\301\274V\236\223\262\270Ct\362\337b\356\024*\324\320\351\317\002k\336\234\027v\351\217\260\303\360\233ZPZWr\246$w\313\313\r\243r\232\2234\373\3539:N\004Q\245\272D\312D\300\300\t\323\0257\345e\271\na\215{\226\255x%T\257\037\333\004\344_/R\006E\344\037@\210\363\010\336T\226\247'\204_{\261\370""1\235\2445\343\033Y!\212\201\341\272\225'\007\t7y2\201R\010H\001l\375\310t\t\264<3~\035\230\304Gh@\204\342\325\204>\363\344T\013\003""; }; ","ledgerHash: ""\207\270b\315\333\333\334\310I\323&\014\352XZnW2.\335\347\202\021\247\362\212e\034\000\001\250\220""; ledgerSeq: 11; type: liBASE; nodes {;   nodedata: ""\000\000\000\013\001cEx]\211\377\330\361\035\301\024\220m#*\372\032\3178~\374\250\014*\323\342'z69\220\327\256\351G\367\317u\302\000\000\000\000\000\000\000\000\000\000\000\000\000\000\000\000\000\000\000\000\000\000\000\000\000\000\000\000\000\000\000\000\313c\210\200\377\273\312\010\030f\372\244%*\307\272T\262\245c[\026\007_-\227VB\214\347\261\220/\351\252\323/\351\252\324\n\000""; }; nodes {;   nodedata: ""\323C\344\327\264{\312-\017:\006{\177\344N\002\326bO\260\220\006\033\362\345\005U\221DzJ0\001\301\025%1L\307\t\261\262z\374\222T\301\274V\236\223\262\270Ct\362\337b\356\024*\324\320\351\317\002k\336\234\027v\351\217\260\303\360\233ZPZWr\246$w\313\313\r\243r\232\2234\373\3539:N\004Q\245\272D\312D\300\300\t\323\0257\345e\271\na\215{\226\255x%T\257\037\333\004\344_/R\006E\344\037@\210\363\010\336T\226\247'\204_{\261\370""1\235\2445\343\033Y!\212\201\341\272\225'\007\t7y2\201R\010H\001l\375\310t\t\264<3~\035\230\304Gh@\204\342\325\204>\363\344T\013\003""; }; "
1750527574424,1750527574461,0,1,3,2,TMStatusChange,"newEvent: neCLOSING_LEDGER; ledgerSeq: 11; ledgerHash: ""\207\270b\315\333\333\334\310I\323&\014\352XZnW2.\335\347\202\021\247\362\212e\034\000\001\250\220""; ledgerHashPrevious: ""\361\035\301\024\220m#*\372\032\3178~\374\250\014*\323\342'z69\220\327\256\351G\367\317u\302""; networkTime: 803842774; firstSeq: 1; lastSeq: 11; ","newEvent: neCLOSING_LEDGER; ledgerSeq: 11; ledgerHash: ""\207\270b\315\333\333\334\310I\323&\014\352XZnW2.\335\347\202\021\247\362\212e\034\000\001\250\220""; ledgerHashPrevious: ""\361\035\301\024\220m#*\372\032\3178~\374\250\014*\323\342'z69\220\327\256\351G\367\317u\302""; networkTime: 803842774; firstSeq: 1; lastSeq: 11; "
1750527574425,1750527574462,0,1,3,1,TMStatusChange,"newEvent: neCLOSING_LEDGER; ledgerSeq: 11; ledgerHash: ""\207\270b\315\333\333\334\310I\323&\014\352XZnW2.\335\347\202\021\247\362\212e\034\000\001\250\220""; ledgerHashPrevious: ""\361\035\301\024\220m#*\372\032\3178~\374\250\014*\323\342'z69\220\327\256\351G\367\317u\302""; networkTime: 803842774; firstSeq: 1; lastSeq: 11; ","newEvent: neCLOSING_LEDGER; ledgerSeq: 11; ledgerHash: ""\207\270b\315\333\333\334\310I\323&\014\352XZnW2.\335\347\202\021\247\362\212e\034\000\001\250\220""; ledgerHashPrevious: ""\361\035\301\024\220m#*\372\032\3178~\374\250\014*\323\342'z69\220\327\256\351G\367\317u\302""; networkTime: 803842774; firstSeq: 1; lastSeq: 11; "
1750527574425,1750527574461,0,1,3,4,TMStatusChange,"newEvent: neCLOSING_LEDGER; ledgerSeq: 11; ledgerHash: ""\207\270b\315\333\333\334\310I\323&\014\352XZnW2.\335\347\202\021\247\362\212e\034\000\001\250\220""; ledgerHashPrevious: ""\361\035\301\024\220m#*\372\032\3178~\374\250\014*\323\342'z69\220\327\256\351G\367\317u\302""; networkTime: 803842774; firstSeq: 1; lastSeq: 11; ","newEvent: neCLOSING_LEDGER; ledgerSeq: 11; ledgerHash: ""\207\270b\315\333\333\334\310I\323&\014\352XZnW2.\335\347\202\021\247\362\212e\034\000\001\250\220""; ledgerHashPrevious: ""\361\035\301\024\220m#*\372\032\3178~\374\250\014*\323\342'z69\220\327\256\351G\367\317u\302""; networkTime: 803842774; firstSeq: 1; lastSeq: 11; "
1750527574427,1750527574462,0,1,3,0,TMStatusChange,"newEvent: neCLOSING_LEDGER; ledgerSeq: 11; ledgerHash: ""\207\270b\315\333\333\334\310I\323&\014\352XZnW2.\335\347\202\021\247\362\212e\034\000\001\250\220""; ledgerHashPrevious: ""\361\035\301\024\220m#*\372\032\3178~\374\250\014*\323\342'z69\220\327\256\351G\367\317u\302""; networkTime: 803842774; firstSeq: 1; lastSeq: 11; ","newEvent: neCLOSING_LEDGER; ledgerSeq: 11; ledgerHash: ""\207\270b\315\333\333\334\310I\323&\014\352XZnW2.\335\347\202\021\247\362\212e\034\000\001\250\220""; ledgerHashPrevious: ""\361\035\301\024\220m#*\372\032\3178~\374\250\014*\323\342'z69\220\327\256\351G\367\317u\302""; networkTime: 803842774; firstSeq: 1; lastSeq: 11; "
1750527574466,1750527574466,0,1,3,2,TMProposeSet,"proposeSeq: 0; currentTxHash: ""\000\000\000\000\000\000\000\000\000\000\000\000\000\000\000\000\000\000\000\000\000\000\000\000\000\000\000\000\000\000\000\000""; nodePubKey: ""\002\364d\217\366\217|\316F\232\231\241\n\261\333`\312O\367\235\025DD\336e\367\n\312\326\221\037\025\230""; closeTime: 803842774; signature: ""0E\002!\000\364\203#\300\0018\356\273\372\000\217(\363\014\355J\365\374\303\266\274|\266\303\363""\252 \240\321\307\204\002 \013\267\214E\204\024\215\0206\n&\232\003\227\233\205\324\277Dy\374;t\322IO\201\225t\017\257\375""; previousledger: ""\207\270b\315\333\333\334\310I\323&\014\352XZnW2.\335\347\202\021\247\362\212e\034\000\001\250\220""; ","proposeSeq: 0; currentTxHash: ""\000\000\000\000\000\000\000\000\000\000\000\000\000\000\000\000\000\000\000\000\000\000\000\000\000\000\000\000\000\000\000\000""; nodePubKey: ""\002\364d\217\366\217|\316F\232\231\241\n\261\333`\312O\367\235\025DD\336e\367\n\312\326\221\037\025\230""; closeTime: 803842774; signature: ""0E\002!\000\364\203#\300\0018\356\273\372\000\217(\363\014\355J\365\374\303\266\274|\266\303\363""\252 \240\321\307\204\002 \013\267\214E\204\024\215\0206\n&\232\003\227\233\205\324\277Dy\374;t\322IO\201\225t\017\257\375""; previousledger: ""\207\270b\315\333\333\334\310I\323&\014\352XZnW2.\335\347\202\021\247\362\212e\034\000\001\250\220""; "
1750527574554,1750527574554,0,1,4,1,TMLedgerData,"ledgerHash: ""a=\225\273\331\354\365*U\363\263N\367b\371\244\314-w\363\262\225Z\200\206\235\233\257?sE\267""; ledgerSeq: 8; type: liAS_NODE; nodes {;   nodedata: ""\021\000h""\000\000\000\000 \033\000\000\000\007\002\023\301?\330\356GuH\375\327!\255\371\r\231\262R\256J\034\222\241\355X\265E\241^W\225\304\014\361CX-}\351f\032\255\274\334m\326c\017\014ao[\342\230\003\245\245\3341Hm\326^\017jy\335\261\032Yt\320\244{g\0306\\302\303*\341\215\223\257\364\277o\375\000r\241SOq\221\253\262\005\017\375T\356\014\360o'\030\311-\267\031\257!\031T\006><\315XM\334\324\345\034\000\325\367\240\271\013\265\024\321\362\354\211\250.\234s\225amc\305\035\366\276\037nD\277`\210\223N\3535\033\261\304f\331]\036\237\306o!\223\221\002\324\031\262\240R\177 ,\214\325\Q])\016\2067\277\t\354\010\000\360\215\2502\265\245\310\226\243c\302Ze\306\253#r\020\211\320iG\276\020E\317\035Sf\223F\254\033@\177e\277\016\010u\327\371&\262\312\317Q\2361t\377x\234\001v\003%\030\325_\225g\204\346\264\227\2326\315\307\363\323\325\303\032N\256*\307\327 \235\332\207u\210\271\257\306g\231i*\260\326k\001"";   nodeid: ""\260\000\000\000\000\000\000\000\000\000\000\000\000\000\000\000\000\000\000\000\000\000\000\000\000\000\000\000\000\000\000\000\001""; }; ","ledgerHash: ""a=\225\273\331\354\365*U\363\263N\367b\371\244\314-w\363\262\225Z\200\206\235\233\257?sE\267""; ledgerSeq: 8; type: liAS_NODE; nodes {;   nodedata: ""\021\000h""\000\000\000\000 \033\000\000\000\007\002\023\301?\330\356GuH\375\327!\255\371\r\231\262R\256J\034\222\241\355X\265E\241^W\225\304\014\361CX-}\351f\032\255\274\334m\326c\017\014ao[\342\230\003\245\245\3341Hm\326^\017jy\335\261\032Yt\320\244{g\0306\\302\303*\341\215\223\257\364\277o\375\000r\241SOq\221\253\262\005\017\375T\356\014\360o'\030\311-\267\031\257!\031T\006><\315XM\334\324\345\034\000\325\367\240\271\013\265\024\321\362\354\211\250.\234s\225amc\305\035\366\276\037nD\277`\210\223N\3535\033\261\304f\331]\036\237\306o!\223\221\002\324\031\262\240R\177 ,\214\325\Q])\016\2067\277\t\354\010\000\360\215\2502\265\245\310\226\243c\302Ze\306\253#r\020\211\320iG\276\020E\317\035Sf\223F\254\033@\177e\277\016\010u\327\371&\262\312\317Q\2361t\377x\234\001v\003%\030\325_\225g\204\346\264\227\2326\315\307\363\323\325\303\032N\256*\307\327 \235\332\207u\210\271\257\306g\231i*\260\326k\001"";   nodeid: ""\260\000\000\000\000\000\000\000\000\000\000\000\000\000\000\000\000\000\000\000\000\000\000\000\000\000\000\000\000\000\000\000\001""; }; "
1750527574569,1750527574570,0,1,4,3,TMProposeSet,"proposeSeq: 0; currentTxHash: ""\000\000\000\000\000\000\000\000\000\000\000\000\000\000\000\000\000\000\000\000\000\000\000\000\000\000\000\000\000\000\000\000""; nodePubKey: ""\003R7o\362bV\300hf\266\241;}\200^\374\240\203[:\342Q\225\221\027y\372\255\235\216\323~""; closeTime: 803842774; signature: ""0E\002!\000\205\225\306\010nsr\202\376\n\343'\272$K\003M!bl\242?Z*\360j\355d-\324^\000\002 \024q\3709\2105b\217\016\252\3642]v\000i\225F\013\341{\256\272\0138\274\367>\031\2644\250""; previousledger: ""\207\270b\315\333\333\334\310I\323&\014\352XZnW2.\335\347\202\021\247\362\212e\034\000\001\250\220""; ","proposeSeq: 0; currentTxHash: ""\000\000\000\000\000\000\000\000\000\000\000\000\000\000\000\000\000\000\000\000\000\000\000\000\000\000\000\000\000\000\000\000""; nodePubKey: ""\003R7o\362bV\300hf\266\241;}\200^\374\240\203[:\342Q\225\221\027y\372\255\235\216\323~""; closeTime: 803842774; signature: ""0E\002!\000\205\225\306\010nsr\202\376\n\343'\272$K\003M!bl\242?Z*\360j\355d-\324^\000\002 \024q\3709\2105b\217\016\252\3642]v\000i\225F\013\341{\256\272\0138\274\367>\031\2644\250""; previousledger: ""\207\270b\315\333\333\334\310I\323&\014\352XZnW2.\335\347\202\021\247\362\212e\034\000\001\250\220""; "
1750527574570,1750527574570,0,1,4,2,TMProposeSet,"proposeSeq: 0; currentTxHash: ""\000\000\000\000\000\000\000\000\000\000\000\000\000\000\000\000\000\000\000\000\000\000\000\000\000\000\000\000\000\000\000\000""; nodePubKey: ""\003R7o\362bV\300hf\266\241;}\200^\374\240\203[:\342Q\225\221\027y\372\255\235\216\323~""; closeTime: 803842774; signature: ""0E\002!\000\205\225\306\010nsr\202\376\n\343'\272$K\003M!bl\242?Z*\360j\355d-\324^\000\002 \024q\3709\2105b\217\016\252\3642]v\000i\225F\013\341{\256\272\0138\274\367>\031\2644\250""; previousledger: ""\207\270b\315\333\333\334\310I\323&\014\352XZnW2.\335\347\202\021\247\362\212e\034\000\001\250\220""; ","proposeSeq: 0; currentTxHash: ""\000\000\000\000\000\000\000\000\000\000\000\000\000\000\000\000\000\000\000\000\000\000\000\000\000\000\000\000\000\000\000\000""; nodePubKey: ""\003R7o\362bV\300hf\266\241;}\200^\374\240\203[:\342Q\225\221\027y\372\255\235\216\323~""; closeTime: 803842774; signature: ""0E\002!\000\205\225\306\010nsr\202\376\n\343'\272$K\003M!bl\242?Z*\360j\355d-\324^\000\002 \024q\3709\2105b\217\016\252\3642]v\000i\225F\013\341{\256\272\0138\274\367>\031\2644\250""; previousledger: ""\207\270b\315\333\333\334\310I\323&\014\352XZnW2.\335\347\202\021\247\362\212e\034\000\001\250\220""; "
1750527574572,1750527574572,0,1,4,1,TMProposeSet,"proposeSeq: 0; currentTxHash: ""\000\000\000\000\000\000\000\000\000\000\000\000\000\000\000\000\000\000\000\000\000\000\000\000\000\000\000\000\000\000\000\000""; nodePubKey: ""\003R7o\362bV\300hf\266\241;}\200^\374\240\203[:\342Q\225\221\027y\372\255\235\216\323~""; closeTime: 803842774; signature: ""0E\002!\000\205\225\306\010nsr\202\376\n\343'\272$K\003M!bl\242?Z*\360j\355d-\324^\000\002 \024q\3709\2105b\217\016\252\3642]v\000i\225F\013\341{\256\272\0138\274\367>\031\2644\250""; previousledger: ""\207\270b\315\333\333\334\310I\323&\014\352XZnW2.\335\347\202\021\247\362\212e\034\000\001\250\220""; ","proposeSeq: 0; currentTxHash: ""\000\000\000\000\000\000\000\000\000\000\000\000\000\000\000\000\000\000\000\000\000\000\000\000\000\000\000\000\000\000\000\000""; nodePubKey: ""\003R7o\362bV\300hf\266\241;}\200^\374\240\203[:\342Q\225\221\027y\372\255\235\216\323~""; closeTime: 803842774; signature: ""0E\002!\000\205\225\306\010nsr\202\376\n\343'\272$K\003M!bl\242?Z*\360j\355d-\324^\000\002 \024q\3709\2105b\217\016\252\3642]v\000i\225F\013\341{\256\272\0138\274\367>\031\2644\250""; previousledger: ""\207\270b\315\333\333\334\310I\323&\014\352XZnW2.\335\347\202\021\247\362\212e\034\000\001\250\220""; "
1750527574572,1750527574573,0,1,4,0,TMProposeSet,"proposeSeq: 0; currentTxHash: ""\000\000\000\000\000\000\000\000\000\000\000\000\000\000\000\000\000\000\000\000\000\000\000\000\000\000\000\000\000\000\000\000""; nodePubKey: ""\003R7o\362bV\300hf\266\241;}\200^\374\240\203[:\342Q\225\221\027y\372\255\235\216\323~""; closeTime: 803842774; signature: ""0E\002!\000\205\225\306\010nsr\202\376\n\343'\272$K\003M!bl\242?Z*\360j\355d-\324^\000\002 \024q\3709\2105b\217\016\252\3642]v\000i\225F\013\341{\256\272\0138\274\367>\031\2644\250""; previousledger: ""\207\270b\315\333\333\334\310I\323&\014\352XZnW2.\335\347\202\021\247\362\212e\034\000\001\250\220""; ","proposeSeq: 0; currentTxHash: ""\000\000\000\000\000\000\000\000\000\000\000\000\000\000\000\000\000\000\000\000\000\000\000\000\000\000\000\000\000\000\000\000""; nodePubKey: ""\003R7o\362bV\300hf\266\241;}\200^\374\240\203[:\342Q\225\221\027y\372\255\235\216\323~""; closeTime: 803842774; signature: ""0E\002!\000\205\225\306\010nsr\202\376\n\343'\272$K\003M!bl\242?Z*\360j\355d-\324^\000\002 \024q\3709\2105b\217\016\252\3642]v\000i\225F\013\341{\256\272\0138\274\367>\031\2644\250""; previousledger: ""\207\270b\315\333\333\334\310I\323&\014\352XZnW2.\335\347\202\021\247\362\212e\034\000\001\250\220""; "
1750527574575,1750527574575,0,1,3,0,TMProposeSet,"proposeSeq: 0; currentTxHash: ""\000\000\000\000\000\000\000\000\000\000\000\000\000\000\000\000\000\000\000\000\000\000\000\000\000\000\000\000\000\000\000\000""; nodePubKey: ""\003R7o\362bV\300hf\266\241;}\200^\374\240\203[:\342Q\225\221\027y\372\255\235\216\323~""; closeTime: 803842774; signature: ""0E\002!\000\205\225\306\010nsr\202\376\n\343'\272$K\003M!bl\242?Z*\360j\355d-\324^\000\002 \024q\3709\2105b\217\016\252\3642]v\000i\225F\013\341{\256\272\0138\274\367>\031\2644\250""; previousledger: ""\207\270b\315\333\333\334\310I\323&\014\352XZnW2.\335\347\202\021\247\362\212e\034\000\001\250\220""; ","proposeSeq: 0; currentTxHash: ""\000\000\000\000\000\000\000\000\000\000\000\000\000\000\000\000\000\000\000\000\000\000\000\000\000\000\000\000\000\000\000\000""; nodePubKey: ""\003R7o\362bV\300hf\266\241;}\200^\374\240\203[:\342Q\225\221\027y\372\255\235\216\323~""; closeTime: 803842774; signature: ""0E\002!\000\205\225\306\010nsr\202\376\n\343'\272$K\003M!bl\242?Z*\360j\355d-\324^\000\002 \024q\3709\2105b\217\016\252\3642]v\000i\225F\013\341{\256\272\0138\274\367>\031\2644\250""; previousledger: ""\207\270b\315\333\333\334\310I\323&\014\352XZnW2.\335\347\202\021\247\362\212e\034\000\001\250\220""; "
1750527574574,1750527574575,0,1,3,1,TMProposeSet,"proposeSeq: 0; currentTxHash: ""\000\000\000\000\000\000\000\000\000\000\000\000\000\000\000\000\000\000\000\000\000\000\000\000\000\000\000\000\000\000\000\000""; nodePubKey: ""\003R7o\362bV\300hf\266\241;}\200^\374\240\203[:\342Q\225\221\027y\372\255\235\216\323~""; closeTime: 803842774; signature: ""0E\002!\000\205\225\306\010nsr\202\376\n\343'\272$K\003M!bl\242?Z*\360j\355d-\324^\000\002 \024q\3709\2105b\217\016\252\3642]v\000i\225F\013\341{\256\272\0138\274\367>\031\2644\250""; previousledger: ""\207\270b\315\333\333\334\310I\323&\014\352XZnW2.\335\347\202\021\247\362\212e\034\000\001\250\220""; ","proposeSeq: 0; currentTxHash: ""\000\000\000\000\000\000\000\000\000\000\000\000\000\000\000\000\000\000\000\000\000\000\000\000\000\000\000\000\000\000\000\000""; nodePubKey: ""\003R7o\362bV\300hf\266\241;}\200^\374\240\203[:\342Q\225\221\027y\372\255\235\216\323~""; closeTime: 803842774; signature: ""0E\002!\000\205\225\306\010nsr\202\376\n\343'\272$K\003M!bl\242?Z*\360j\355d-\324^\000\002 \024q\3709\2105b\217\016\252\3642]v\000i\225F\013\341{\256\272\0138\274\367>\031\2644\250""; previousledger: ""\207\270b\315\333\333\334\310I\323&\014\352XZnW2.\335\347\202\021\247\362\212e\034\000\001\250\220""; "
1750527574574,1750527574574,0,1,3,2,TMProposeSet,"proposeSeq: 0; currentTxHash: ""\000\000\000\000\000\000\000\000\000\000\000\000\000\000\000\000\000\000\000\000\000\000\000\000\000\000\000\000\000\000\000\000""; nodePubKey: ""\003R7o\362bV\300hf\266\241;}\200^\374\240\203[:\342Q\225\221\027y\372\255\235\216\323~""; closeTime: 803842774; signature: ""0E\002!\000\205\225\306\010nsr\202\376\n\343'\272$K\003M!bl\242?Z*\360j\355d-\324^\000\002 \024q\3709\2105b\217\016\252\3642]v\000i\225F\013\341{\256\272\0138\274\367>\031\2644\250""; previousledger: ""\207\270b\315\333\333\334\310I\323&\014\352XZnW2.\335\347\202\021\247\362\212e\034\000\001\250\220""; ","proposeSeq: 0; currentTxHash: ""\000\000\000\000\000\000\000\000\000\000\000\000\000\000\000\000\000\000\000\000\000\000\000\000\000\000\000\000\000\000\000\000""; nodePubKey: ""\003R7o\362bV\300hf\266\241;}\200^\374\240\203[:\342Q\225\221\027y\372\255\235\216\323~""; closeTime: 803842774; signature: ""0E\002!\000\205\225\306\010nsr\202\376\n\343'\272$K\003M!bl\242?Z*\360j\355d-\324^\000\002 \024q\3709\2105b\217\016\252\3642]v\000i\225F\013\341{\256\272\0138\274\367>\031\2644\250""; previousledger: ""\207\270b\315\333\333\334\310I\323&\014\352XZnW2.\335\347\202\021\247\362\212e\034\000\001\250\220""; "
1750527574571,1750527574608,0,1,4,1,TMStatusChange,"newEvent: neCLOSING_LEDGER; ledgerSeq: 11; ledgerHash: ""\207\270b\315\333\333\334\310I\323&\014\352XZnW2.\335\347\202\021\247\362\212e\034\000\001\250\220""; ledgerHashPrevious: ""\361\035\301\024\220m#*\372\032\3178~\374\250\014*\323\342'z69\220\327\256\351G\367\317u\302""; networkTime: 803842774; firstSeq: 1; lastSeq: 11; ","newEvent: neCLOSING_LEDGER; ledgerSeq: 11; ledgerHash: ""\207\270b\315\333\333\334\310I\323&\014\352XZnW2.\335\347\202\021\247\362\212e\034\000\001\250\220""; ledgerHashPrevious: ""\361\035\301\024\220m#*\372\032\3178~\374\250\014*\323\342'z69\220\327\256\351G\367\317u\302""; networkTime: 803842774; firstSeq: 1; lastSeq: 11; "
1750527574571,1750527574609,0,1,4,3,TMStatusChange,"newEvent: neCLOSING_LEDGER; ledgerSeq: 11; ledgerHash: ""\207\270b\315\333\333\334\310I\323&\014\352XZnW2.\335\347\202\021\247\362\212e\034\000\001\250\220""; ledgerHashPrevious: ""\361\035\301\024\220m#*\372\032\3178~\374\250\014*\323\342'z69\220\327\256\351G\367\317u\302""; networkTime: 803842774; firstSeq: 1; lastSeq: 11; ","newEvent: neCLOSING_LEDGER; ledgerSeq: 11; ledgerHash: ""\207\270b\315\333\333\334\310I\323&\014\352XZnW2.\335\347\202\021\247\362\212e\034\000\001\250\220""; ledgerHashPrevious: ""\361\035\301\024\220m#*\372\032\3178~\374\250\014*\323\342'z69\220\327\256\351G\367\317u\302""; networkTime: 803842774; firstSeq: 1; lastSeq: 11; "
1750527574571,1750527574608,0,1,4,2,TMStatusChange,"newEvent: neCLOSING_LEDGER; ledgerSeq: 11; ledgerHash: ""\207\270b\315\333\333\334\310I\323&\014\352XZnW2.\335\347\202\021\247\362\212e\034\000\001\250\220""; ledgerHashPrevious: ""\361\035\301\024\220m#*\372\032\3178~\374\250\014*\323\342'z69\220\327\256\351G\367\317u\302""; networkTime: 803842774; firstSeq: 1; lastSeq: 11; ","newEvent: neCLOSING_LEDGER; ledgerSeq: 11; ledgerHash: ""\207\270b\315\333\333\334\310I\323&\014\352XZnW2.\335\347\202\021\247\362\212e\034\000\001\250\220""; ledgerHashPrevious: ""\361\035\301\024\220m#*\372\032\3178~\374\250\014*\323\342'z69\220\327\256\351G\367\317u\302""; networkTime: 803842774; firstSeq: 1; lastSeq: 11; "
1750527574573,1750527574609,0,1,4,0,TMStatusChange,"newEvent: neCLOSING_LEDGER; ledgerSeq: 11; ledgerHash: ""\207\270b\315\333\333\334\310I\323&\014\352XZnW2.\335\347\202\021\247\362\212e\034\000\001\250\220""; ledgerHashPrevious: ""\361\035\301\024\220m#*\372\032\3178~\374\250\014*\323\342'z69\220\327\256\351G\367\317u\302""; networkTime: 803842774; firstSeq: 1; lastSeq: 11; ","newEvent: neCLOSING_LEDGER; ledgerSeq: 11; ledgerHash: ""\207\270b\315\333\333\334\310I\323&\014\352XZnW2.\335\347\202\021\247\362\212e\034\000\001\250\220""; ledgerHashPrevious: ""\361\035\301\024\220m#*\372\032\3178~\374\250\014*\323\342'z69\220\327\256\351G\367\317u\302""; networkTime: 803842774; firstSeq: 1; lastSeq: 11; "
1750527574618,1750527574619,1434,1,0,1,TMLedgerData,"ledgerHash: ""\361\035\301\024\220m#*\372\032\3178~\374\250\014*\323\342'z69\220\327\256\351G\367\317u\302""; ledgerSeq: 10; type: liBASE; nodes {;   nodedata: ""\000\000\000\n\001cEx]\211\377\3304\254\326mU\377?\177Ek\336\030!\316Aa\225\303\022\377{\210Y\226\271as\354L\035\004\341\000\000\000\000\000\000\000\000\000\000\000\000\000\000\000\000\000\000\000\000\000\000\000\000\000\000\000\000\000\000\000\000\254\245\205(\333\232|\316\344\256\352g\326\377\207\201\343}F-uI:<\316[sh\026\205\0031/\351\252\322/\351\252\323\n\000""; }; nodes {;   nodedata: ""\323C\344\327\264{\312-\017:\006{\177\344N\002\326bO\260\220\006\033\362\345\005U\221DzJ0\001\301\025%1L\307\t\261\262z\374\222T\301\274V\236\223\262\270Ct\362\337b\356\024*\324\320\351\317\002k\336\234\027v\351\217\260\303\360\233ZPZWr\246$w\313\313\r\243r\232\2234\373\3539:N\004Q\245\272D\312D\300\300\t\323\0257\345e\271\na\215{\226\255x%T\257\037\333\004\344_/R\006E\344\037@\210\363\010\336T\226\247'\204_{\261\370""1\235\2445\343\033Y!\212\201\341\272\225'\007o""\025\223n_\364\354#\3206\344&\233Q\177y\227\265&\014\312\302\336\221\221\013m(`\236\007\013\003""; }; ","ledgerHash: ""\361\035\301\024\220m#*\372\032\3178~\374\250\014*\323\342'z69\220\327\256\351G\367\317u\302""; ledgerSeq: 10; type: liBASE; nodes {;   nodedata: ""\000\000\000\n\001cEx]\211\377\3304\254\326mU\377?\177Ek\336\030!\316Aa\225\303\022\377{\210Y\226\271as\354L\035\004\341\000\000\000\000\000\000\000\000\000\000\000\000\000\000\000\000\000\000\000\000\000\000\000\000\000\000\000\000\000\000\000\000\254\245\205(\333\232|\316\344\256\352g\326\377\207\201\343}F-uI:<\316[sh\026\205\0031/\351\252\322/\351\252\323\n\000""; }; nodes {;   nodedata: ""\323C\344\327\264{\312-\017:\006{\177\344N\002\326bO\260\220\006\033\362\345\005U\221DzJ0\001\301\025%1L\307\t\261\262z\374\222T\301\274V\236\223\262\270Ct\362\337b\356\024*\324\320\351\317\002k\336\234\027v\351\217\260\303\360\233ZPZWr\246$w\313\313\r\243r\232\2234\373\3539:N\004Q\245\272D\312D\300\300\t\323\0257\345e\271\na\215{\226\255x%T\257\037\333\004\344_/R\006E\344\037@\210\363\010\336T\226\247'\204_{\261\370""1\235\2445\343\033Y!\212\201\341\272\225'\007o""\025\223n_\364\354#\3206\344&\233Q\177y\227\265&\014\312\302\336\221\221\013m(`\236\007\013\003""; }; "
1750527574620,1750527574620,3094,1,0,3,TMGetLedger,"itype: liBASE; ledgerHash: ""4\254\326mU\377?\177Ek\336\030!\316Aa\225\303\022\377{\210Y\226\271as\354L\035\004\341""; requestCookie: 2; queryType: qtINDIRECT; ","itype: liBASE; ledgerHash: ""4\254\326mU\377?\177Ek\336\030!\316Aa\225\303\022\377{\210Y\226\271as\354L\035\004\341""; requestCookie: 2; queryType: qtINDIRECT; "
1750527574619,1750527574619,1434,1,0,1,TMLedgerData,"ledgerHash: ""\361\035\301\024\220m#*\372\032\3178~\374\250\014*\323\342'z69\220\327\256\351G\367\317u\302""; ledgerSeq: 10; type: liBASE; nodes {;   nodedata: ""\000\000\000\n\001cEx]\211\377\3304\254\326mU\377?\177Ek\336\030!\316Aa\225\303\022\377{\210Y\226\271as\354L\035\004\341\000\000\000\000\000\000\000\000\000\000\000\000\000\000\000\000\000\000\000\000\000\000\000\000\000\000\000\000\000\000\000\000\254\245\205(\333\232|\316\344\256\352g\326\377\207\201\343}F-uI:<\316[sh\026\205\0031/\351\252\322/\351\252\323\n\000""; }; nodes {;   nodedata: ""\323C\344\327\264{\312-\017:\006{\177\344N\002\326bO\260\220\006\033\362\345\005U\221DzJ0\001\301\025%1L\307\t\261\262z\374\222T\301\274V\236\223\262\270Ct\362\337b\356\024*\324\320\351\317\002k\336\234\027v\351\217\260\303\360\233ZPZWr\246$w\313\313\r\243r\232\2234\373\3539:N\004Q\245\272D\312D\300\300\t\323\0257\345e\271\na\215{\226\255x%T\257\037\333\004\344_/R\006E\344\037@\210\363\010\336T\226\247'\204_{\261\370""1\235\2445\343\033Y!\212\201\341\272\225'\007o""\025\223n_\364\354#\3206\344&\233Q\177y\227\265&\014\312\302\336\221\221\013m(`\236\007\013\003""; }; ","ledgerHash: ""\361\035\301\024\220m#*\372\032\3178~\374\250\014*\323\342'z69\220\327\256\351G\367\317u\302""; ledgerSeq: 10; type: liBASE; nodes {;   nodedata: ""\000\000\000\n\001cEx]\211\377\3304\254\326mU\377?\177Ek\336\030!\316Aa\225\303\022\377{\210Y\226\271as\354L\035\004\341\000\000\000\000\000\000\000\000\000\000\000\000\000\000\000\000\000\000\000\000\000\000\000\000\000\000\000\000\000\000\000\000\254\245\205(\333\232|\316\344\256\352g\326\377\207\201\343}F-uI:<\316[sh\026\205\0031/\351\252\322/\351\252\323\n\000""; }; nodes {;   nodedata: ""\323C\344\327\264{\312-\017:\006{\177\344N\002\326bO\260\220\006\033\362\345\005U\221DzJ0\001\301\025%1L\307\t\261\262z\374\222T\301\274V\236\223\262\270Ct\362\337b\356\024*\324\320\351\317\002k\336\234\027v\351\217\260\303\360\233ZPZWr\246$w\313\313\r\243r\232\2234\373\3539:N\004Q\245\272D\312D\300\300\t\323\0257\345e\271\na\215{\226\255x%T\257\037\333\004\344_/R\006E\344\037@\210\363\010\336T\226\247'\204_{\261\370""1\235\2445\343\033Y!\212\201\341\272\225'\007o""\025\223n_\364\354#\3206\344&\233Q\177y\227\265&\014\312\302\336\221\221\013m(`\236\007\013\003""; }; "
1750527574637,1750527574637,3719,1,2,4,TMGetLedger,"itype: liBASE; ledgerHash: ""\207\270b\315\333\333\334\310I\323&\014\352XZnW2.\335\347\202\021\247\362\212e\034\000\001\250\220""; ledgerSeq: 11; requestCookie: 2; queryType: qtINDIRECT; ","itype: liBASE; ledgerHash: ""\207\270b\315\333\333\334\310I\323&\014\352XZnW2.\335\347\202\021\247\362\212e\034\000\001\250\220""; ledgerSeq: 11; requestCookie: 2; queryType: qtINDIRECT; "
1750527574697,1750527574697,2920,1,1,0,TMGetLedger,"itype: liBASE; ledgerHash: ""\361\035\301\024\220m#*\372\032\3178~\374\250\014*\323\342'z69\220\327\256\351G\367\317u\302""; ledgerSeq: 10; queryType: qtINDIRECT; ","itype: liBASE; ledgerHash: ""\361\035\301\024\220m#*\372\032\3178~\374\250\014*\323\342'z69\220\327\256\351G\367\317u\302""; ledgerSeq: 10; queryType: qtINDIRECT; "
1750527574698,1750527574698,1495,1,1,2,TMGetLedger,"itype: liBASE; ledgerHash: ""\361\035\301\024\220m#*\372\032\3178~\374\250\014*\323\342'z69\220\327\256\351G\367\317u\302""; ledgerSeq: 10; queryType: qtINDIRECT; ","itype: liBASE; ledgerHash: ""\361\035\301\024\220m#*\372\032\3178~\374\250\014*\323\342'z69\220\327\256\351G\367\317u\302""; ledgerSeq: 10; queryType: qtINDIRECT; "
1750527574698,1750527574698,3769,1,1,3,TMGetLedger,"itype: liBASE; ledgerHash: ""\361\035\301\024\220m#*\372\032\3178~\374\250\014*\323\342'z69\220\327\256\351G\367\317u\302""; ledgerSeq: 10; queryType: qtINDIRECT; ","itype: liBASE; ledgerHash: ""\361\035\301\024\220m#*\372\032\3178~\374\250\014*\323\342'z69\220\327\256\351G\367\317u\302""; ledgerSeq: 10; queryType: qtINDIRECT; "
1750527574699,1750527574699,3810,1,1,4,TMGetLedger,"itype: liBASE; ledgerHash: ""\361\035\301\024\220m#*\372\032\3178~\374\250\014*\323\342'z69\220\327\256\351G\367\317u\302""; ledgerSeq: 10; queryType: qtINDIRECT; ","itype: liBASE; ledgerHash: ""\361\035\301\024\220m#*\372\032\3178~\374\250\014*\323\342'z69\220\327\256\351G\367\317u\302""; ledgerSeq: 10; queryType: qtINDIRECT; "
1750527574899,1750527574899,0,1,3,0,TMLedgerData,"ledgerHash: ""4\254\326mU\377?\177Ek\336\030!\316Aa\225\303\022\377{\210Y\226\271as\354L\035\004\341""; ledgerSeq: 9; type: liBASE; nodes {;   nodedata: ""\000\000\000\t\001cEx]\211\377\330a=\225\273\331\354\365*U\363\263N\367b\371\244\314-w\363\262\225Z\200\206\235\233\257?sE\267\000\000\000\000\000\000\000\000\000\000\000\000\000\000\000\000\000\000\000\000\000\000\000\000\000\000\000\000\000\000\000\000\260a9Y\354\267&\263\302xao\033\354\317\022\231\273\315\035\270\2649/W\340\016\240\027y\000Y/\351\252\310/\351\252\322\n\000""; }; nodes {;   nodedata: ""\323C\344\327\264{\312-\017:\006{\177\344N\002\326bO\260\220\006\033\362\345\005U\221DzJ0\001\301\025%1L\307\t\261\262z\374\222T\301\274V\236\223\262\270Ct\362\337b\356\024*\324\320\351\317\002k\336\234\027v\351\217\260\303\360\233ZPZWr\246$w\313\313\r\243r\232\2234\373\3539:N\004Q\245\272D\312D\300\300\t\323\0257\345e\271\na\215{\226\255x%T\257\037\333\004\344_/R\006E\344\037@\210\363\010\336T\226\247'\204_{\261\370""1\235\2445\343\033Y!\212\201\341\272\225'\007\373<\tV\\372\214\276\366\000`\365\371\261\032\317\304\324\207\234\002\027\276K\312\260\250x\t\216\277\200\013\003""; }; ","ledgerHash: ""4\254\326mU\377?\177Ek\336\030!\316Aa\225\303\022\377{\210Y\226\271as\354L\035\004\341""; ledgerSeq: 9; type: liBASE; nodes {;   nodedata: ""\000\000\000\t\001cEx]\211\377\330a=\225\273\331\354\365*U\363\263N\367b\371\244\314-w\363\262\225Z\200\206\235\233\257?sE\267\000\000\000\000\000\000\000\000\000\000\000\000\000\000\000\000\000\000\000\000\000\000\000\000\000\000\000\000\000\000\000\000\260a9Y\354\267&\263\302xao\033\354\317\022\231\273\315\035\270\2649/W\340\016\240\027y\000Y/\351\252\310/\351\252\322\n\000""; }; nodes {;   nodedata: ""\323C\344\327\264{\312-\017:\006{\177\344N\002\326bO\260\220\006\033\362\345\005U\221DzJ0\001\301\025%1L\307\t\261\262z\374\222T\301\274V\236\223\262\270Ct\362\337b\356\024*\324\320\351\317\002k\336\234\027v\351\217\260\303\360\233ZPZWr\246$w\313\313\r\243r\232\2234\373\3539:N\004Q\245\272D\312D\300\300\t\323\0257\345e\271\na\215{\226\255x%T\257\037\333\004\344_/R\006E\344\037@\210\363\010\336T\226\247'\204_{\261\370""1\235\2445\343\033Y!\212\201\341\272\225'\007\373<\tV\\372\214\276\366\000`\365\371\261\032\317\304\324\207\234\002\027\276K\312\260\250x\t\216\277\200\013\003""; }; "
1750527574900,1750527574900,0,1,3,0,TMLedgerData,"ledgerHash: ""\361\035\301\024\220m#*\372\032\3178~\374\250\014*\323\342'z69\220\327\256\351G\367\317u\302""; ledgerSeq: 10; type: liBASE; nodes {;   nodedata: ""\000\000\000\n\001cEx]\211\377\3304\254\326mU\377?\177Ek\336\030!\316Aa\225\303\022\377{\210Y\226\271as\354L\035\004\341\000\000\000\000\000\000\000\000\000\000\000\000\000\000\000\000\000\000\000\000\000\000\000\000\000\000\000\000\000\000\000\000\254\245\205(\333\232|\316\344\256\352g\326\377\207\201\343}F-uI:<\316[sh\026\205\0031/\351\252\322/\351\252\323\n\000""; }; nodes {;   nodedata: ""\323C\344\327\264{\312-\017:\006{\177\344N\002\326bO\260\220\006\033\362\345\005U\221DzJ0\001\301\025%1L\307\t\261\262z\374\222T\301\274V\236\223\262\270Ct\362\337b\356\024*\324\320\351\317\002k\336\234\027v\351\217\260\303\360\233ZPZWr\246$w\313\313\r\243r\232\2234\373\3539:N\004Q\245\272D\312D\300\300\t\323\0257\345e\271\na\215{\226\255x%T\257\037\333\004\344_/R\006E\344\037@\210\363\010\336T\226\247'\204_{\261\370""1\235\2445\343\033Y!\212\201\341\272\225'\007o""\025\223n_\364\354#\3206\344&\233Q\177y\227\265&\014\312\302\336\221\221\013m(`\236\007\013\003""; }; ","ledgerHash: ""\361\035\301\024\220m#*\372\032\3178~\374\250\014*\323\342'z69\220\327\256\351G\367\317u\302""; ledgerSeq: 10; type: liBASE; nodes {;   nodedata: ""\000\000\000\n\001cEx]\211\377\3304\254\326mU\377?\177Ek\336\030!\316Aa\225\303\022\377{\210Y\226\271as\354L\035\004\341\000\000\000\000\000\000\000\000\000\000\000\000\000\000\000\000\000\000\000\000\000\000\000\000\000\000\000\000\000\000\000\000\254\245\205(\333\232|\316\344\256\352g\326\377\207\201\343}F-uI:<\316[sh\026\205\0031/\351\252\322/\351\252\323\n\000""; }; nodes {;   nodedata: ""\323C\344\327\264{\312-\017:\006{\177\344N\002\326bO\260\220\006\033\362\345\005U\221DzJ0\001\301\025%1L\307\t\261\262z\374\222T\301\274V\236\223\262\270Ct\362\337b\356\024*\324\320\351\317\002k\336\234\027v\351\217\260\303\360\233ZPZWr\246$w\313\313\r\243r\232\2234\373\3539:N\004Q\245\272D\312D\300\300\t\323\0257\345e\271\na\215{\226\255x%T\257\037\333\004\344_/R\006E\344\037@\210\363\010\336T\226\247'\204_{\261\370""1\235\2445\343\033Y!\212\201\341\272\225'\007o""\025\223n_\364\354#\3206\344&\233Q\177y\227\265&\014\312\302\336\221\221\013m(`\236\007\013\003""; }; "
1750527574900,1750527574900,0,1,3,0,TMLedgerData,"ledgerHash: ""\361\035\301\024\220m#*\372\032\3178~\374\250\014*\323\342'z69\220\327\256\351G\367\317u\302""; ledgerSeq: 10; type: liBASE; nodes {;   nodedata: ""\000\000\000\n\001cEx]\211\377\3304\254\326mU\377?\177Ek\336\030!\316Aa\225\303\022\377{\210Y\226\271as\354L\035\004\341\000\000\000\000\000\000\000\000\000\000\000\000\000\000\000\000\000\000\000\000\000\000\000\000\000\000\000\000\000\000\000\000\254\245\205(\333\232|\316\344\256\352g\326\377\207\201\343}F-uI:<\316[sh\026\205\0031/\351\252\322/\351\252\323\n\000""; }; nodes {;   nodedata: ""\323C\344\327\264{\312-\017:\006{\177\344N\002\326bO\260\220\006\033\362\345\005U\221DzJ0\001\301\025%1L\307\t\261\262z\374\222T\301\274V\236\223\262\270Ct\362\337b\356\024*\324\320\351\317\002k\336\234\027v\351\217\260\303\360\233ZPZWr\246$w\313\313\r\243r\232\2234\373\3539:N\004Q\245\272D\312D\300\300\t\323\0257\345e\271\na\215{\226\255x%T\257\037\333\004\344_/R\006E\344\037@\210\363\010\336T\226\247'\204_{\261\370""1\235\2445\343\033Y!\212\201\341\272\225'\007o""\025\223n_\364\354#\3206\344&\233Q\177y\227\265&\014\312\302\336\221\221\013m(`\236\007\013\003""; }; ","ledgerHash: ""\361\035\301\024\220m#*\372\032\3178~\374\250\014*\323\342'z69\220\327\256\351G\367\317u\302""; ledgerSeq: 10; type: liBASE; nodes {;   nodedata: ""\000\000\000\n\001cEx]\211\377\3304\254\326mU\377?\177Ek\336\030!\316Aa\225\303\022\377{\210Y\226\271as\354L\035\004\341\000\000\000\000\000\000\000\000\000\000\000\000\000\000\000\000\000\000\000\000\000\000\000\000\000\000\000\000\000\000\000\000\254\245\205(\333\232|\316\344\256\352g\326\377\207\201\343}F-uI:<\316[sh\026\205\0031/\351\252\322/\351\252\323\n\000""; }; nodes {;   nodedata: ""\323C\344\327\264{\312-\017:\006{\177\344N\002\326bO\260\220\006\033\362\345\005U\221DzJ0\001\301\025%1L\307\t\261\262z\374\222T\301\274V\236\223\262\270Ct\362\337b\356\024*\324\320\351\317\002k\336\234\027v\351\217\260\303\360\233ZPZWr\246$w\313\313\r\243r\232\2234\373\3539:N\004Q\245\272D\312D\300\300\t\323\0257\345e\271\na\215{\226\255x%T\257\037\333\004\344_/R\006E\344\037@\210\363\010\336T\226\247'\204_{\261\370""1\235\2445\343\033Y!\212\201\341\272\225'\007o""\025\223n_\364\354#\3206\344&\233Q\177y\227\265&\014\312\302\336\221\221\013m(`\236\007\013\003""; }; "
1750527574934,1750527574934,4000,1,2,3,TMGetLedger,"itype: liBASE; ledgerHash: ""\207\270b\315\333\333\334\310I\323&\014\352XZnW2.\335\347\202\021\247\362\212e\034\000\001\250\220""; ledgerSeq: 11; requestCookie: 3; queryType: qtINDIRECT; ","itype: liBASE; ledgerHash: ""\207\270b\315\333\333\334\310I\323&\014\352XZnW2.\335\347\202\021\247\362\212e\034\000\001\250\220""; ledgerSeq: 11; requestCookie: 3; queryType: qtINDIRECT; "
1750527574946,1750527574946,3818,1,0,2,TMLedgerData,"ledgerHash: ""\361\035\301\024\220m#*\372\032\3178~\374\250\014*\323\342'z69\220\327\256\351G\367\317u\302""; ledgerSeq: 10; type: liBASE; nodes {;   nodedata: ""\000\000\000\n\001cEx]\211\377\3304\254\326mU\377?\177Ek\336\030!\316Aa\225\303\022\377{\210Y\226\271as\354L\035\004\341\000\000\000\000\000\000\000\000\000\000\000\000\000\000\000\000\000\000\000\000\000\000\000\000\000\000\000\000\000\000\000\000\254\245\205(\333\232|\316\344\256\352g\326\377\207\201\343}F-uI:<\316[sh\026\205\0031/\351\252\322/\351\252\323\n\000""; }; nodes {;   nodedata: ""\323C\344\327\264{\312-\017:\006{\177\344N\002\326bO\260\220\006\033\362\345\005U\221DzJ0\001\301\025%1L\307\t\261\262z\374\222T\301\274V\236\223\262\270Ct\362\337b\356\024*\324\320\351\317\002k\336\234\027v\351\217\260\303\360\233ZPZWr\246$w\313\313\r\243r\232\2234\373\3539:N\004Q\245\272D\312D\300\300\t\323\0257\345e\271\na\215{\226\255x%T\257\037\333\004\344_/R\006E\344\037@\210\363\010\336T\226\247'\204_{\261\370""1\235\2445\343\033Y!\212\201\341\272\225'\007o""\025\223n_\364\354#\3206\344&\233Q\177y\227\265&\014\312\302\336\221\221\013m(`\236\007\013\003""; }; ","ledgerHash: ""\361\035\301\024\220m#*\372\032\3178~\374\250\014*\323\342'z69\220\327\256\351G\367\317u\302""; ledgerSeq: 10; type: liBASE; nodes {;   nodedata: ""\000\000\000\n\001cEx]\211\377\3304\254\326mU\377?\177Ek\336\030!\316Aa\225\303\022\377{\210Y\226\271as\354L\035\004\341\000\000\000\000\000\000\000\000\000\000\000\000\000\000\000\000\000\000\000\000\000\000\000\000\000\000\000\000\000\000\000\000\254\245\205(\333\232|\316\344\256\352g\326\377\207\201\343}F-uI:<\316[sh\026\205\0031/\351\252\322/\351\252\323\n\000""; }; nodes {;   nodedata: ""\323C\344\327\264{\312-\017:\006{\177\344N\002\326bO\260\220\006\033\362\345\005U\221DzJ0\001\301\025%1L\307\t\261\262z\374\222T\301\274V\236\223\262\270Ct\362\337b\356\024*\324\320\351\317\002k\336\234\027v\351\217\260\303\360\233ZPZWr\246$w\313\313\r\243r\232\2234\373\3539:N\004Q\245\272D\312D\300\300\t\323\0257\345e\271\na\215{\226\255x%T\257\037\333\004\344_/R\006E\344\037@\210\363\010\336T\226\247'\204_{\261\370""1\235\2445\343\033Y!\212\201\341\272\225'\007o""\025\223n_\364\354#\3206\344&\233Q\177y\227\265&\014\312\302\336\221\221\013m(`\236\007\013\003""; }; "
1750527574976,1750527574976,3769,1,1,3,TMGetLedger,"itype: liBASE; ledgerHash: ""\207\270b\315\333\333\334\310I\323&\014\352XZnW2.\335\347\202\021\247\362\212e\034\000\001\250\220""; ledgerSeq: 11; requestCookie: 3; queryType: qtINDIRECT; ","itype: liBASE; ledgerHash: ""\207\270b\315\333\333\334\310I\323&\014\352XZnW2.\335\347\202\021\247\362\212e\034\000\001\250\220""; ledgerSeq: 11; requestCookie: 3; queryType: qtINDIRECT; "
1750527574996,1750527574996,0,1,3,0,TMLedgerData,"ledgerHash: ""4\254\326mU\377?\177Ek\336\030!\316Aa\225\303\022\377{\210Y\226\271as\354L\035\004\341""; ledgerSeq: 9; type: liAS_NODE; nodes {;   nodedata: ""\021\000h""\000\000\000\000 \033\000\000\000\010\002\023\301_\330\356GuH\375\327!\255\371\r\231\262R\256J\034\222\241\355X\265E\241^W\225\304\014\361CX-}\351f\032\255\274\334m\326c\017\014ao[\342\230\003\245\245\3341Hm\326^\017jy\335\261\032Yt\320\244{g\0306\\302\303*\341\215\223\257\364\277o\375\000r\241SOq\221\253\262\005\017\375T\356\014\360o'\030\311-\267\031\257!\031T\006><\315XM\334\324\345\034\000\325\367\240\271\013\265\024\321\362\354\211\250.\234s\225amc\305\035\366\276\037nD\277`\210\223N\3535\033\261\304f\331]\036\237\306o!\223\221\002\324\031\262\240R\177 ,\214\325\Q])\016\2067\277\t\354\010\000\360\215\2502\265\245\310\226\243c\302Ze\306\253#r\020\211\320iG\276\020E\317\035Sf\223F\254\033@\177e\277\016\010u\327\371&\262\312\317Q\2361t\377x\234\001v\003%\030\325_\225g\204\346a=\225\273\331\354\365*U\363\263N\367b\371\244\314-w\363\262\225Z\200\206\235\233\257?sE\267\264\227\2326\315\307\363\323\325\303\032N\256*\307\327 \235\332\207u\210\271\257\306g\231i*\260\326k\001"";   nodeid: ""\260\000\000\000\000\000\000\000\000\000\000\000\000\000\000\000\000\000\000\000\000\000\000\000\000\000\000\000\000\000\000\000\001""; }; ","ledgerHash: ""4\254\326mU\377?\177Ek\336\030!\316Aa\225\303\022\377{\210Y\226\271as\354L\035\004\341""; ledgerSeq: 9; type: liAS_NODE; nodes {;   nodedata: ""\021\000h""\000\000\000\000 \033\000\000\000\010\002\023\301_\330\356GuH\375\327!\255\371\r\231\262R\256J\034\222\241\355X\265E\241^W\225\304\014\361CX-}\351f\032\255\274\334m\326c\017\014ao[\342\230\003\245\245\3341Hm\326^\017jy\335\261\032Yt\320\244{g\0306\\302\303*\341\215\223\257\364\277o\375\000r\241SOq\221\253\262\005\017\375T\356\014\360o'\030\311-\267\031\257!\031T\006><\315XM\334\324\345\034\000\325\367\240\271\013\265\024\321\362\354\211\250.\234s\225amc\305\035\366\276\037nD\277`\210\223N\3535\033\261\304f\331]\036\237\306o!\223\221\002\324\031\262\240R\177 ,\214\325\Q])\016\2067\277\t\354\010\000\360\215\2502\265\245\310\226\243c\302Ze\306\253#r\020\211\320iG\276\020E\317\035Sf\223F\254\033@\177e\277\016\010u\327\371&\262\312\317Q\2361t\377x\234\001v\003%\030\325_\225g\204\346a=\225\273\331\354\365*U\363\263N\367b\371\244\314-w\363\262\225Z\200\206\235\233\257?sE\267\264\227\2326\315\307\363\323\325\303\032N\256*\307\327 \235\332\207u\210\271\257\306g\231i*\260\326k\001"";   nodeid: ""\260\000\000\000\000\000\000\000\000\000\000\000\000\000\000\000\000\000\000\000\000\000\000\000\000\000\000\000\000\000\000\000\001""; }; "
1750527575043,1750527575043,0,1,3,0,TMLedgerData,"ledgerHash: ""4\254\326mU\377?\177Ek\336\030!\316Aa\225\303\022\377{\210Y\226\271as\354L\035\004\341""; ledgerSeq: 9; type: liBASE; nodes {;   nodedata: ""\000\000\000\t\001cEx]\211\377\330a=\225\273\331\354\365*U\363\263N\367b\371\244\314-w\363\262\225Z\200\206\235\233\257?sE\267\000\000\000\000\000\000\000\000\000\000\000\000\000\000\000\000\000\000\000\000\000\000\000\000\000\000\000\000\000\000\000\000\260a9Y\354\267&\263\302xao\033\354\317\022\231\273\315\035\270\2649/W\340\016\240\027y\000Y/\351\252\310/\351\252\322\n\000""; }; nodes {;   nodedata: ""\323C\344\327\264{\312-\017:\006{\177\344N\002\326bO\260\220\006\033\362\345\005U\221DzJ0\001\301\025%1L\307\t\261\262z\374\222T\301\274V\236\223\262\270Ct\362\337b\356\024*\324\320\351\317\002k\336\234\027v\351\217\260\303\360\233ZPZWr\246$w\313\313\r\243r\232\2234\373\3539:N\004Q\245\272D\312D\300\300\t\323\0257\345e\271\na\215{\226\255x%T\257\037\333\004\344_/R\006E\344\037@\210\363\010\336T\226\247'\204_{\261\370""1\235\2445\343\033Y!\212\201\341\272\225'\007\373<\tV\\372\214\276\366\000`\365\371\261\032\317\304\324\207\234\002\027\276K\312\260\250x\t\216\277\200\013\003""; }; requestCookie: 3; ","ledgerHash: ""4\254\326mU\377?\177Ek\336\030!\316Aa\225\303\022\377{\210Y\226\271as\354L\035\004\341""; ledgerSeq: 9; type: liBASE; nodes {;   nodedata: ""\000\000\000\t\001cEx]\211\377\330a=\225\273\331\354\365*U\363\263N\367b\371\244\314-w\363\262\225Z\200\206\235\233\257?sE\267\000\000\000\000\000\000\000\000\000\000\000\000\000\000\000\000\000\000\000\000\000\000\000\000\000\000\000\000\000\000\000\000\260a9Y\354\267&\263\302xao\033\354\317\022\231\273\315\035\270\2649/W\340\016\240\027y\000Y/\351\252\310/\351\252\322\n\000""; }; nodes {;   nodedata: ""\323C\344\327\264{\312-\017:\006{\177\344N\002\326bO\260\220\006\033\362\345\005U\221DzJ0\001\301\025%1L\307\t\261\262z\374\222T\301\274V\236\223\262\270Ct\362\337b\356\024*\324\320\351\317\002k\336\234\027v\351\217\260\303\360\233ZPZWr\246$w\313\313\r\243r\232\2234\373\3539:N\004Q\245\272D\312D\300\300\t\323\0257\345e\271\na\215{\226\255x%T\257\037\333\004\344_/R\006E\344\037@\210\363\010\336T\226\247'\204_{\261\370""1\235\2445\343\033Y!\212\201\341\272\225'\007\373<\tV\\372\214\276\366\000`\365\371\261\032\317\304\324\207\234\002\027\276K\312\260\250x\t\216\277\200\013\003""; }; requestCookie: 3; "
1750527575043,1750527575043,0,1,3,0,TMLedgerData,"ledgerHash: ""\361\035\301\024\220m#*\372\032\3178~\374\250\014*\323\342'z69\220\327\256\351G\367\317u\302""; ledgerSeq: 10; type: liBASE; nodes {;   nodedata: ""\000\000\000\n\001cEx]\211\377\3304\254\326mU\377?\177Ek\336\030!\316Aa\225\303\022\377{\210Y\226\271as\354L\035\004\341\000\000\000\000\000\000\000\000\000\000\000\000\000\000\000\000\000\000\000\000\000\000\000\000\000\000\000\000\000\000\000\000\254\245\205(\333\232|\316\344\256\352g\326\377\207\201\343}F-uI:<\316[sh\026\205\0031/\351\252\322/\351\252\323\n\000""; }; nodes {;   nodedata: ""\323C\344\327\264{\312-\017:\006{\177\344N\002\326bO\260\220\006\033\362\345\005U\221DzJ0\001\301\025%1L\307\t\261\262z\374\222T\301\274V\236\223\262\270Ct\362\337b\356\024*\324\320\351\317\002k\336\234\027v\351\217\260\303\360\233ZPZWr\246$w\313\313\r\243r\232\2234\373\3539:N\004Q\245\272D\312D\300\300\t\323\0257\345e\271\na\215{\226\255x%T\257\037\333\004\344_/R\006E\344\037@\210\363\010\336T\226\247'\204_{\261\370""1\235\2445\343\033Y!\212\201\341\272\225'\007o""\025\223n_\364\354#\3206\344&\233Q\177y\227\265&\014\312\302\336\221\221\013m(`\236\007\013\003""; }; requestCookie: 3; ","ledgerHash: ""\361\035\301\024\220m#*\372\032\3178~\374\250\014*\323\342'z69\220\327\256\351G\367\317u\302""; ledgerSeq: 10; type: liBASE; nodes {;   nodedata: ""\000\000\000\n\001cEx]\211\377\3304\254\326mU\377?\177Ek\336\030!\316Aa\225\303\022\377{\210Y\226\271as\354L\035\004\341\000\000\000\000\000\000\000\000\000\000\000\000\000\000\000\000\000\000\000\000\000\000\000\000\000\000\000\000\000\000\000\000\254\245\205(\333\232|\316\344\256\352g\326\377\207\201\343}F-uI:<\316[sh\026\205\0031/\351\252\322/\351\252\323\n\000""; }; nodes {;   nodedata: ""\323C\344\327\264{\312-\017:\006{\177\344N\002\326bO\260\220\006\033\362\345\005U\221DzJ0\001\301\025%1L\307\t\261\262z\374\222T\301\274V\236\223\262\270Ct\362\337b\356\024*\324\320\351\317\002k\336\234\027v\351\217\260\303\360\233ZPZWr\246$w\313\313\r\243r\232\2234\373\3539:N\004Q\245\272D\312D\300\300\t\323\0257\345e\271\na\215{\226\255x%T\257\037\333\004\344_/R\006E\344\037@\210\363\010\336T\226\247'\204_{\261\370""1\235\2445\343\033Y!\212\201\341\272\225'\007o""\025\223n_\364\354#\3206\344&\233Q\177y\227\265&\014\312\302\336\221\221\013m(`\236\007\013\003""; }; requestCookie: 3; "
1750527575045,1750527575045,3818,1,0,2,TMLedgerData,"ledgerHash: ""4\254\326mU\377?\177Ek\336\030!\316Aa\225\303\022\377{\210Y\226\271as\354L\035\004\341""; ledgerSeq: 9; type: liBASE; nodes {;   nodedata: ""\000\000\000\t\001cEx]\211\377\330a=\225\273\331\354\365*U\363\263N\367b\371\244\314-w\363\262\225Z\200\206\235\233\257?sE\267\000\000\000\000\000\000\000\000\000\000\000\000\000\000\000\000\000\000\000\000\000\000\000\000\000\000\000\000\000\000\000\000\260a9Y\354\267&\263\302xao\033\354\317\022\231\273\315\035\270\2649/W\340\016\240\027y\000Y/\351\252\310/\351\252\322\n\000""; }; nodes {;   nodedata: ""\323C\344\327\264{\312-\017:\006{\177\344N\002\326bO\260\220\006\033\362\345\005U\221DzJ0\001\301\025%1L\307\t\261\262z\374\222T\301\274V\236\223\262\270Ct\362\337b\356\024*\324\320\351\317\002k\336\234\027v\351\217\260\303\360\233ZPZWr\246$w\313\313\r\243r\232\2234\373\3539:N\004Q\245\272D\312D\300\300\t\323\0257\345e\271\na\215{\226\255x%T\257\037\333\004\344_/R\006E\344\037@\210\363\010\336T\226\247'\204_{\261\370""1\235\2445\343\033Y!\212\201\341\272\225'\007\373<\tV\\372\214\276\366\000`\365\371\261\032\317\304\324\207\234\002\027\276K\312\260\250x\t\216\277\200\013\003""; }; ","ledgerHash: ""4\254\326mU\377?\177Ek\336\030!\316Aa\225\303\022\377{\210Y\226\271as\354L\035\004\341""; ledgerSeq: 9; type: liBASE; nodes {;   nodedata: ""\000\000\000\t\001cEx]\211\377\330a=\225\273\331\354\365*U\363\263N\367b\371\244\314-w\363\262\225Z\200\206\235\233\257?sE\267\000\000\000\000\000\000\000\000\000\000\000\000\000\000\000\000\000\000\000\000\000\000\000\000\000\000\000\000\000\000\000\000\260a9Y\354\267&\263\302xao\033\354\317\022\231\273\315\035\270\2649/W\340\016\240\027y\000Y/\351\252\310/\351\252\322\n\000""; }; nodes {;   nodedata: ""\323C\344\327\264{\312-\017:\006{\177\344N\002\326bO\260\220\006\033\362\345\005U\221DzJ0\001\301\025%1L\307\t\261\262z\374\222T\301\274V\236\223\262\270Ct\362\337b\356\024*\324\320\351\317\002k\336\234\027v\351\217\260\303\360\233ZPZWr\246$w\313\313\r\243r\232\2234\373\3539:N\004Q\245\272D\312D\300\300\t\323\0257\345e\271\na\215{\226\255x%T\257\037\333\004\344_/R\006E\344\037@\210\363\010\336T\226\247'\204_{\261\370""1\235\2445\343\033Y!\212\201\341\272\225'\007\373<\tV\\372\214\276\366\000`\365\371\261\032\317\304\324\207\234\002\027\276K\312\260\250x\t\216\277\200\013\003""; }; "
1750527575046,1750527575047,3818,1,0,2,TMLedgerData,"ledgerHash: ""\361\035\301\024\220m#*\372\032\3178~\374\250\014*\323\342'z69\220\327\256\351G\367\317u\302""; ledgerSeq: 10; type: liBASE; nodes {;   nodedata: ""\000\000\000\n\001cEx]\211\377\3304\254\326mU\377?\177Ek\336\030!\316Aa\225\303\022\377{\210Y\226\271as\354L\035\004\341\000\000\000\000\000\000\000\000\000\000\000\000\000\000\000\000\000\000\000\000\000\000\000\000\000\000\000\000\000\000\000\000\254\245\205(\333\232|\316\344\256\352g\326\377\207\201\343}F-uI:<\316[sh\026\205\0031/\351\252\322/\351\252\323\n\000""; }; nodes {;   nodedata: ""\323C\344\327\264{\312-\017:\006{\177\344N\002\326bO\260\220\006\033\362\345\005U\221DzJ0\001\301\025%1L\307\t\261\262z\374\222T\301\274V\236\223\262\270Ct\362\337b\356\024*\324\320\351\317\002k\336\234\027v\351\217\260\303\360\233ZPZWr\246$w\313\313\r\243r\232\2234\373\3539:N\004Q\245\272D\312D\300\300\t\323\0257\345e\271\na\215{\226\255x%T\257\037\333\004\344_/R\006E\344\037@\210\363\010\336T\226\247'\204_{\261\370""1\235\2445\343\033Y!\212\201\341\272\225'\007o""\025\223n_\364\354#\3206\344&\233Q\177y\227\265&\014\312\302\336\221\221\013m(`\236\007\013\003""; }; ","ledgerHash: ""\361\035\301\024\220m#*\372\032\3178~\374\250\014*\323\342'z69\220\327\256\351G\367\317u\302""; ledgerSeq: 10; type: liBASE; nodes {;   nodedata: ""\000\000\000\n\001cEx]\211\377\3304\254\326mU\377?\177Ek\336\030!\316Aa\225\303\022\377{\210Y\226\271as\354L\035\004\341\000\000\000\000\000\000\000\000\000\000\000\000\000\000\000\000\000\000\000\000\000\000\000\000\000\000\000\000\000\000\000\000\254\245\205(\333\232|\316\344\256\352g\326\377\207\201\343}F-uI:<\316[sh\026\205\0031/\351\252\322/\351\252\323\n\000""; }; nodes {;   nodedata: ""\323C\344\327\264{\312-\017:\006{\177\344N\002\326bO\260\220\006\033\362\345\005U\221DzJ0\001\301\025%1L\307\t\261\262z\374\222T\301\274V\236\223\262\270Ct\362\337b\356\024*\324\320\351\317\002k\336\234\027v\351\217\260\303\360\233ZPZWr\246$w\313\313\r\243r\232\2234\373\3539:N\004Q\245\272D\312D\300\300\t\323\0257\345e\271\na\215{\226\255x%T\257\037\333\004\344_/R\006E\344\037@\210\363\010\336T\226\247'\204_{\261\370""1\235\2445\343\033Y!\212\201\341\272\225'\007o""\025\223n_\364\354#\3206\344&\233Q\177y\227\265&\014\312\302\336\221\221\013m(`\236\007\013\003""; }; "
1750527575075,1750527575075,0,1,4,2,TMLedgerData,"ledgerHash: ""4\254\326mU\377?\177Ek\336\030!\316Aa\225\303\022\377{\210Y\226\271as\354L\035\004\341""; ledgerSeq: 9; type: liBASE; nodes {;   nodedata: ""\000\000\000\t\001cEx]\211\377\330a=\225\273\331\354\365*U\363\263N\367b\371\244\314-w\363\262\225Z\200\206\235\233\257?sE\267\000\000\000\000\000\000\000\000\000\000\000\000\000\000\000\000\000\000\000\000\000\000\000\000\000\000\000\000\000\000\000\000\260a9Y\354\267&\263\302xao\033\354\317\022\231\273\315\035\270\2649/W\340\016\240\027y\000Y/\351\252\310/\351\252\322\n\000""; }; nodes {;   nodedata: ""\323C\344\327\264{\312-\017:\006{\177\344N\002\326bO\260\220\006\033\362\345\005U\221DzJ0\001\301\025%1L\307\t\261\262z\374\222T\301\274V\236\223\262\270Ct\362\337b\356\024*\324\320\351\317\002k\336\234\027v\351\217\260\303\360\233ZPZWr\246$w\313\313\r\243r\232\2234\373\3539:N\004Q\245\272D\312D\300\300\t\323\0257\345e\271\na\215{\226\255x%T\257\037\333\004\344_/R\006E\344\037@\210\363\010\336T\226\247'\204_{\261\370""1\235\2445\343\033Y!\212\201\341\272\225'\007\373<\tV\\372\214\276\366\000`\365\371\261\032\317\304\324\207\234\002\027\276K\312\260\250x\t\216\277\200\013\003""; }; ","ledgerHash: ""4\254\326mU\377?\177Ek\336\030!\316Aa\225\303\022\377{\210Y\226\271as\354L\035\004\341""; ledgerSeq: 9; type: liBASE; nodes {;   nodedata: ""\000\000\000\t\001cEx]\211\377\330a=\225\273\331\354\365*U\363\263N\367b\371\244\314-w\363\262\225Z\200\206\235\233\257?sE\267\000\000\000\000\000\000\000\000\000\000\000\000\000\000\000\000\000\000\000\000\000\000\000\000\000\000\000\000\000\000\000\000\260a9Y\354\267&\263\302xao\033\354\317\022\231\273\315\035\270\2649/W\340\016\240\027y\000Y/\351\252\310/\351\252\322\n\000""; }; nodes {;   nodedata: ""\323C\344\327\264{\312-\017:\006{\177\344N\002\326bO\260\220\006\033\362\345\005U\221DzJ0\001\301\025%1L\307\t\261\262z\374\222T\301\274V\236\223\262\270Ct\362\337b\356\024*\324\320\351\317\002k\336\234\027v\351\217\260\303\360\233ZPZWr\246$w\313\313\r\243r\232\2234\373\3539:N\004Q\245\272D\312D\300\300\t\323\0257\345e\271\na\215{\226\255x%T\257\037\333\004\344_/R\006E\344\037@\210\363\010\336T\226\247'\204_{\261\370""1\235\2445\343\033Y!\212\201\341\272\225'\007\373<\tV\\372\214\276\366\000`\365\371\261\032\317\304\324\207\234\002\027\276K\312\260\250x\t\216\277\200\013\003""; }; "
1750527575115,1750527575116,0,1,4,2,TMLedgerData,"ledgerHash: ""\361\035\301\024\220m#*\372\032\3178~\374\250\014*\323\342'z69\220\327\256\351G\367\317u\302""; ledgerSeq: 10; type: liBASE; nodes {;   nodedata: ""\000\000\000\n\001cEx]\211\377\3304\254\326mU\377?\177Ek\336\030!\316Aa\225\303\022\377{\210Y\226\271as\354L\035\004\341\000\000\000\000\000\000\000\000\000\000\000\000\000\000\000\000\000\000\000\000\000\000\000\000\000\000\000\000\000\000\000\000\254\245\205(\333\232|\316\344\256\352g\326\377\207\201\343}F-uI:<\316[sh\026\205\0031/\351\252\322/\351\252\323\n\000""; }; nodes {;   nodedata: ""\323C\344\327\264{\312-\017:\006{\177\344N\002\326bO\260\220\006\033\362\345\005U\221DzJ0\001\301\025%1L\307\t\261\262z\374\222T\301\274V\236\223\262\270Ct\362\337b\356\024*\324\320\351\317\002k\336\234\027v\351\217\260\303\360\233ZPZWr\246$w\313\313\r\243r\232\2234\373\3539:N\004Q\245\272D\312D\300\300\t\323\0257\345e\271\na\215{\226\255x%T\257\037\333\004\344_/R\006E\344\037@\210\363\010\336T\226\247'\204_{\261\370""1\235\2445\343\033Y!\212\201\341\272\225'\007o""\025\223n_\364\354#\3206\344&\233Q\177y\227\265&\014\312\302\336\221\221\013m(`\236\007\013\003""; }; ","ledgerHash: ""\361\035\301\024\220m#*\372\032\3178~\374\250\014*\323\342'z69\220\327\256\351G\367\317u\302""; ledgerSeq: 10; type: liBASE; nodes {;   nodedata: ""\000\000\000\n\001cEx]\211\377\3304\254\326mU\377?\177Ek\336\030!\316Aa\225\303\022\377{\210Y\226\271as\354L\035\004\341\000\000\000\000\000\000\000\000\000\000\000\000\000\000\000\000\000\000\000\000\000\000\000\000\000\000\000\000\000\000\000\000\254\245\205(\333\232|\316\344\256\352g\326\377\207\201\343}F-uI:<\316[sh\026\205\0031/\351\252\322/\351\252\323\n\000""; }; nodes {;   nodedata: ""\323C\344\327\264{\312-\017:\006{\177\344N\002\326bO\260\220\006\033\362\345\005U\221DzJ0\001\301\025%1L\307\t\261\262z\374\222T\301\274V\236\223\262\270Ct\362\337b\356\024*\324\320\351\317\002k\336\234\027v\351\217\260\303\360\233ZPZWr\246$w\313\313\r\243r\232\2234\373\3539:N\004Q\245\272D\312D\300\300\t\323\0257\345e\271\na\215{\226\255x%T\257\037\333\004\344_/R\006E\344\037@\210\363\010\336T\226\247'\204_{\261\370""1\235\2445\343\033Y!\212\201\341\272\225'\007o""\025\223n_\364\354#\3206\344&\233Q\177y\227\265&\014\312\302\336\221\221\013m(`\236\007\013\003""; }; "
1750527575116,1750527575116,0,1,4,2,TMLedgerData,"ledgerHash: ""\361\035\301\024\220m#*\372\032\3178~\374\250\014*\323\342'z69\220\327\256\351G\367\317u\302""; ledgerSeq: 10; type: liBASE; nodes {;   nodedata: ""\000\000\000\n\001cEx]\211\377\3304\254\326mU\377?\177Ek\336\030!\316Aa\225\303\022\377{\210Y\226\271as\354L\035\004\341\000\000\000\000\000\000\000\000\000\000\000\000\000\000\000\000\000\000\000\000\000\000\000\000\000\000\000\000\000\000\000\000\254\245\205(\333\232|\316\344\256\352g\326\377\207\201\343}F-uI:<\316[sh\026\205\0031/\351\252\322/\351\252\323\n\000""; }; nodes {;   nodedata: ""\323C\344\327\264{\312-\017:\006{\177\344N\002\326bO\260\220\006\033\362\345\005U\221DzJ0\001\301\025%1L\307\t\261\262z\374\222T\301\274V\236\223\262\270Ct\362\337b\356\024*\324\320\351\317\002k\336\234\027v\351\217\260\303\360\233ZPZWr\246$w\313\313\r\243r\232\2234\373\3539:N\004Q\245\272D\312D\300\300\t\323\0257\345e\271\na\215{\226\255x%T\257\037\333\004\344_/R\006E\344\037@\210\363\010\336T\226\247'\204_{\261\370""1\235\2445\343\033Y!\212\201\341\272\225'\007o""\025\223n_\364\354#\3206\344&\233Q\177y\227\265&\014\312\302\336\221\221\013m(`\236\007\013\003""; }; ","ledgerHash: ""\361\035\301\024\220m#*\372\032\3178~\374\250\014*\323\342'z69\220\327\256\351G\367\317u\302""; ledgerSeq: 10; type: liBASE; nodes {;   nodedata: ""\000\000\000\n\001cEx]\211\377\3304\254\326mU\377?\177Ek\336\030!\316Aa\225\303\022\377{\210Y\226\271as\354L\035\004\341\000\000\000\000\000\000\000\000\000\000\000\000\000\000\000\000\000\000\000\000\000\000\000\000\000\000\000\000\000\000\000\000\254\245\205(\333\232|\316\344\256\352g\326\377\207\201\343}F-uI:<\316[sh\026\205\0031/\351\252\322/\351\252\323\n\000""; }; nodes {;   nodedata: ""\323C\344\327\264{\312-\017:\006{\177\344N\002\326bO\260\220\006\033\362\345\005U\221DzJ0\001\301\025%1L\307\t\261\262z\374\222T\301\274V\236\223\262\270Ct\362\337b\356\024*\324\320\351\317\002k\336\234\027v\351\217\260\303\360\233ZPZWr\246$w\313\313\r\243r\232\2234\373\3539:N\004Q\245\272D\312D\300\300\t\323\0257\345e\271\na\215{\226\255x%T\257\037\333\004\344_/R\006E\344\037@\210\363\010\336T\226\247'\204_{\261\370""1\235\2445\343\033Y!\212\201\341\272\225'\007o""\025\223n_\364\354#\3206\344&\233Q\177y\227\265&\014\312\302\336\221\221\013m(`\236\007\013\003""; }; "
1750527575118,1750527575118,3719,1,2,4,TMGetLedger,"itype: liAS_NODE; ledgerHash: ""\361\035\301\024\220m#*\372\032\3178~\374\250\014*\323\342'z69\220\327\256\351G\367\317u\302""; ledgerSeq: 10; nodeIDs: ""\260\000\000\000\000\000\000\000\000\000\000\000\000\000\000\000\000\000\000\000\000\000\000\000\000\000\000\000\000\000\000\000\001""; queryType: qtINDIRECT; queryDepth: 1; ","itype: liAS_NODE; ledgerHash: ""\361\035\301\024\220m#*\372\032\3178~\374\250\014*\323\342'z69\220\327\256\351G\367\317u\302""; ledgerSeq: 10; nodeIDs: ""\260\000\000\000\000\000\000\000\000\000\000\000\000\000\000\000\000\000\000\000\000\000\000\000\000\000\000\000\000\000\000\000\001""; queryType: qtINDIRECT; queryDepth: 1; "
1750527575180,1750527575180,3769,1,1,3,TMGetLedger,"itype: liBASE; ledgerHash: ""4\254\326mU\377?\177Ek\336\030!\316Aa\225\303\022\377{\210Y\226\271as\354L\035\004\341""; ledgerSeq: 9; requestCookie: 2; queryType: qtINDIRECT; ","itype: liBASE; ledgerHash: ""4\254\326mU\377?\177Ek\336\030!\316Aa\225\303\022\377{\210Y\226\271as\354L\035\004\341""; ledgerSeq: 9; requestCookie: 2; queryType: qtINDIRECT; "
1750527575181,1750527575182,3810,1,1,4,TMGetLedger,"itype: liBASE; ledgerHash: ""\361\035\301\024\220m#*\372\032\3178~\374\250\014*\323\342'z69\220\327\256\351G\367\317u\302""; ledgerSeq: 10; requestCookie: 2; queryType: qtINDIRECT; ","itype: liBASE; ledgerHash: ""\361\035\301\024\220m#*\372\032\3178~\374\250\014*\323\342'z69\220\327\256\351G\367\317u\302""; ledgerSeq: 10; requestCookie: 2; queryType: qtINDIRECT; "
1750527575357,1750527575357,0,1,3,2,TMLedgerData,"ledgerHash: ""4\254\326mU\377?\177Ek\336\030!\316Aa\225\303\022\377{\210Y\226\271as\354L\035\004\341""; ledgerSeq: 9; type: liBASE; nodes {;   nodedata: ""\000\000\000\t\001cEx]\211\377\330a=\225\273\331\354\365*U\363\263N\367b\371\244\314-w\363\262\225Z\200\206\235\233\257?sE\267\000\000\000\000\000\000\000\000\000\000\000\000\000\000\000\000\000\000\000\000\000\000\000\000\000\000\000\000\000\000\000\000\260a9Y\354\267&\263\302xao\033\354\317\022\231\273\315\035\270\2649/W\340\016\240\027y\000Y/\351\252\310/\351\252\322\n\000""; }; nodes {;   nodedata: ""\323C\344\327\264{\312-\017:\006{\177\344N\002\326bO\260\220\006\033\362\345\005U\221DzJ0\001\301\025%1L\307\t\261\262z\374\222T\301\274V\236\223\262\270Ct\362\337b\356\024*\324\320\351\317\002k\336\234\027v\351\217\260\303\360\233ZPZWr\246$w\313\313\r\243r\232\2234\373\3539:N\004Q\245\272D\312D\300\300\t\323\0257\345e\271\na\215{\226\255x%T\257\037\333\004\344_/R\006E\344\037@\210\363\010\336T\226\247'\204_{\261\370""1\235\2445\343\033Y!\212\201\341\272\225'\007\373<\tV\\372\214\276\366\000`\365\371\261\032\317\304\324\207\234\002\027\276K\312\260\250x\t\216\277\200\013\003""; }; ","ledgerHash: ""4\254\326mU\377?\177Ek\336\030!\316Aa\225\303\022\377{\210Y\226\271as\354L\035\004\341""; ledgerSeq: 9; type: liBASE; nodes {;   nodedata: ""\000\000\000\t\001cEx]\211\377\330a=\225\273\331\354\365*U\363\263N\367b\371\244\314-w\363\262\225Z\200\206\235\233\257?sE\267\000\000\000\000\000\000\000\000\000\000\000\000\000\000\000\000\000\000\000\000\000\000\000\000\000\000\000\000\000\000\000\000\260a9Y\354\267&\263\302xao\033\354\317\022\231\273\315\035\270\2649/W\340\016\240\027y\000Y/\351\252\310/\351\252\322\n\000""; }; nodes {;   nodedata: ""\323C\344\327\264{\312-\017:\006{\177\344N\002\326bO\260\220\006\033\362\345\005U\221DzJ0\001\301\025%1L\307\t\261\262z\374\222T\301\274V\236\223\262\270Ct\362\337b\356\024*\324\320\351\317\002k\336\234\027v\351\217\260\303\360\233ZPZWr\246$w\313\313\r\243r\232\2234\373\3539:N\004Q\245\272D\312D\300\300\t\323\0257\345e\271\na\215{\226\255x%T\257\037\333\004\344_/R\006E\344\037@\210\363\010\336T\226\247'\204_{\261\370""1\235\2445\343\033Y!\212\201\341\272\225'\007\373<\tV\\372\214\276\366\000`\365\371\261\032\317\304\324\207\234\002\027\276K\312\260\250x\t\216\277\200\013\003""; }; "
1750527575358,1750527575358,0,1,3,2,TMLedgerData,"ledgerHash: ""\361\035\301\024\220m#*\372\032\3178~\374\250\014*\323\342'z69\220\327\256\351G\367\317u\302""; ledgerSeq: 10; type: liBASE; nodes {;   nodedata: ""\000\000\000\n\001cEx]\211\377\3304\254\326mU\377?\177Ek\336\030!\316Aa\225\303\022\377{\210Y\226\271as\354L\035\004\341\000\000\000\000\000\000\000\000\000\000\000\000\000\000\000\000\000\000\000\000\000\000\000\000\000\000\000\000\000\000\000\000\254\245\205(\333\232|\316\344\256\352g\326\377\207\201\343}F-uI:<\316[sh\026\205\0031/\351\252\322/\351\252\323\n\000""; }; nodes {;   nodedata: ""\323C\344\327\264{\312-\017:\006{\177\344N\002\326bO\260\220\006\033\362\345\005U\221DzJ0\001\301\025%1L\307\t\261\262z\374\222T\301\274V\236\223\262\270Ct\362\337b\356\024*\324\320\351\317\002k\336\234\027v\351\217\260\303\360\233ZPZWr\246$w\313\313\r\243r\232\2234\373\3539:N\004Q\245\272D\312D\300\300\t\323\0257\345e\271\na\215{\226\255x%T\257\037\333\004\344_/R\006E\344\037@\210\363\010\336T\226\247'\204_{\261\370""1\235\2445\343\033Y!\212\201\341\272\225'\007o""\025\223n_\364\354#\3206\344&\233Q\177y\227\265&\014\312\302\336\221\221\013m(`\236\007\013\003""; }; ","ledgerHash: ""\361\035\301\024\220m#*\372\032\3178~\374\250\014*\323\342'z69\220\327\256\351G\367\317u\302""; ledgerSeq: 10; type: liBASE; nodes {;   nodedata: ""\000\000\000\n\001cEx]\211\377\3304\254\326mU\377?\177Ek\336\030!\316Aa\225\303\022\377{\210Y\226\271as\354L\035\004\341\000\000\000\000\000\000\000\000\000\000\000\000\000\000\000\000\000\000\000\000\000\000\000\000\000\000\000\000\000\000\000\000\254\245\205(\333\232|\316\344\256\352g\326\377\207\201\343}F-uI:<\316[sh\026\205\0031/\351\252\322/\351\252\323\n\000""; }; nodes {;   nodedata: ""\323C\344\327\264{\312-\017:\006{\177\344N\002\326bO\260\220\006\033\362\345\005U\221DzJ0\001\301\025%1L\307\t\261\262z\374\222T\301\274V\236\223\262\270Ct\362\337b\356\024*\324\320\351\317\002k\336\234\027v\351\217\260\303\360\233ZPZWr\246$w\313\313\r\243r\232\2234\373\3539:N\004Q\245\272D\312D\300\300\t\323\0257\345e\271\na\215{\226\255x%T\257\037\333\004\344_/R\006E\344\037@\210\363\010\336T\226\247'\204_{\261\370""1\235\2445\343\033Y!\212\201\341\272\225'\007o""\025\223n_\364\354#\3206\344&\233Q\177y\227\265&\014\312\302\336\221\221\013m(`\236\007\013\003""; }; "
1750527575359,1750527575359,0,1,3,2,TMLedgerData,"ledgerHash: ""\361\035\301\024\220m#*\372\032\3178~\374\250\014*\323\342'z69\220\327\256\351G\367\317u\302""; ledgerSeq: 10; type: liBASE; nodes {;   nodedata: ""\000\000\000\n\001cEx]\211\377\3304\254\326mU\377?\177Ek\336\030!\316Aa\225\303\022\377{\210Y\226\271as\354L\035\004\341\000\000\000\000\000\000\000\000\000\000\000\000\000\000\000\000\000\000\000\000\000\000\000\000\000\000\000\000\000\000\000\000\254\245\205(\333\232|\316\344\256\352g\326\377\207\201\343}F-uI:<\316[sh\026\205\0031/\351\252\322/\351\252\323\n\000""; }; nodes {;   nodedata: ""\323C\344\327\264{\312-\017:\006{\177\344N\002\326bO\260\220\006\033\362\345\005U\221DzJ0\001\301\025%1L\307\t\261\262z\374\222T\301\274V\236\223\262\270Ct\362\337b\356\024*\324\320\351\317\002k\336\234\027v\351\217\260\303\360\233ZPZWr\246$w\313\313\r\243r\232\2234\373\3539:N\004Q\245\272D\312D\300\300\t\323\0257\345e\271\na\215{\226\255x%T\257\037\333\004\344_/R\006E\344\037@\210\363\010\336T\226\247'\204_{\261\370""1\235\2445\343\033Y!\212\201\341\272\225'\007o""\025\223n_\364\354#\3206\344&\233Q\177y\227\265&\014\312\302\336\221\221\013m(`\236\007\013\003""; }; ","ledgerHash: ""\361\035\301\024\220m#*\372\032\3178~\374\250\014*\323\342'z69\220\327\256\351G\367\317u\302""; ledgerSeq: 10; type: liBASE; nodes {;   nodedata: ""\000\000\000\n\001cEx]\211\377\3304\254\326mU\377?\177Ek\336\030!\316Aa\225\303\022\377{\210Y\226\271as\354L\035\004\341\000\000\000\000\000\000\000\000\000\000\000\000\000\000\000\000\000\000\000\000\000\000\000\000\000\000\000\000\000\000\000\000\254\245\205(\333\232|\316\344\256\352g\326\377\207\201\343}F-uI:<\316[sh\026\205\0031/\351\252\322/\351\252\323\n\000""; }; nodes {;   nodedata: ""\323C\344\327\264{\312-\017:\006{\177\344N\002\326bO\260\220\006\033\362\345\005U\221DzJ0\001\301\025%1L\307\t\261\262z\374\222T\301\274V\236\223\262\270Ct\362\337b\356\024*\324\320\351\317\002k\336\234\027v\351\217\260\303\360\233ZPZWr\246$w\313\313\r\243r\232\2234\373\3539:N\004Q\245\272D\312D\300\300\t\323\0257\345e\271\na\215{\226\255x%T\257\037\333\004\344_/R\006E\344\037@\210\363\010\336T\226\247'\204_{\261\370""1\235\2445\343\033Y!\212\201\341\272\225'\007o""\025\223n_\364\354#\3206\344&\233Q\177y\227\265&\014\312\302\336\221\221\013m(`\236\007\013\003""; }; "
1750527575468,1750527575469,0,1,3,1,TMLedgerData,"ledgerHash: ""\361\035\301\024\220m#*\372\032\3178~\374\250\014*\323\342'z69\220\327\256\351G\367\317u\302""; ledgerSeq: 10; type: liBASE; nodes {;   nodedata: ""\000\000\000\n\001cEx]\211\377\3304\254\326mU\377?\177Ek\336\030!\316Aa\225\303\022\377{\210Y\226\271as\354L\035\004\341\000\000\000\000\000\000\000\000\000\000\000\000\000\000\000\000\000\000\000\000\000\000\000\000\000\000\000\000\000\000\000\000\254\245\205(\333\232|\316\344\256\352g\326\377\207\201\343}F-uI:<\316[sh\026\205\0031/\351\252\322/\351\252\323\n\000""; }; nodes {;   nodedata: ""\323C\344\327\264{\312-\017:\006{\177\344N\002\326bO\260\220\006\033\362\345\005U\221DzJ0\001\301\025%1L\307\t\261\262z\374\222T\301\274V\236\223\262\270Ct\362\337b\356\024*\324\320\351\317\002k\336\234\027v\351\217\260\303\360\233ZPZWr\246$w\313\313\r\243r\232\2234\373\3539:N\004Q\245\272D\312D\300\300\t\323\0257\345e\271\na\215{\226\255x%T\257\037\333\004\344_/R\006E\344\037@\210\363\010\336T\226\247'\204_{\261\370""1\235\2445\343\033Y!\212\201\341\272\225'\007o""\025\223n_\364\354#\3206\344&\233Q\177y\227\265&\014\312\302\336\221\221\013m(`\236\007\013\003""; }; ","ledgerHash: ""\361\035\301\024\220m#*\372\032\3178~\374\250\014*\323\342'z69\220\327\256\351G\367\317u\302""; ledgerSeq: 10; type: liBASE; nodes {;   nodedata: ""\000\000\000\n\001cEx]\211\377\3304\254\326mU\377?\177Ek\336\030!\316Aa\225\303\022\377{\210Y\226\271as\354L\035\004\341\000\000\000\000\000\000\000\000\000\000\000\000\000\000\000\000\000\000\000\000\000\000\000\000\000\000\000\000\000\000\000\000\254\245\205(\333\232|\316\344\256\352g\326\377\207\201\343}F-uI:<\316[sh\026\205\0031/\351\252\322/\351\252\323\n\000""; }; nodes {;   nodedata: ""\323C\344\327\264{\312-\017:\006{\177\344N\002\326bO\260\220\006\033\362\345\005U\221DzJ0\001\301\025%1L\307\t\261\262z\374\222T\301\274V\236\223\262\270Ct\362\337b\356\024*\324\320\351\317\002k\336\234\027v\351\217\260\303\360\233ZPZWr\246$w\313\313\r\243r\232\2234\373\3539:N\004Q\245\272D\312D\300\300\t\323\0257\345e\271\na\215{\226\255x%T\257\037\333\004\344_/R\006E\344\037@\210\363\010\336T\226\247'\204_{\261\370""1\235\2445\343\033Y!\212\201\341\272\225'\007o""\025\223n_\364\354#\3206\344&\233Q\177y\227\265&\014\312\302\336\221\221\013m(`\236\007\013\003""; }; "
1750527575469,1750527575469,0,1,3,1,TMLedgerData,"ledgerHash: ""\361\035\301\024\220m#*\372\032\3178~\374\250\014*\323\342'z69\220\327\256\351G\367\317u\302""; ledgerSeq: 10; type: liBASE; nodes {;   nodedata: ""\000\000\000\n\001cEx]\211\377\3304\254\326mU\377?\177Ek\336\030!\316Aa\225\303\022\377{\210Y\226\271as\354L\035\004\341\000\000\000\000\000\000\000\000\000\000\000\000\000\000\000\000\000\000\000\000\000\000\000\000\000\000\000\000\000\000\000\000\254\245\205(\333\232|\316\344\256\352g\326\377\207\201\343}F-uI:<\316[sh\026\205\0031/\351\252\322/\351\252\323\n\000""; }; nodes {;   nodedata: ""\323C\344\327\264{\312-\017:\006{\177\344N\002\326bO\260\220\006\033\362\345\005U\221DzJ0\001\301\025%1L\307\t\261\262z\374\222T\301\274V\236\223\262\270Ct\362\337b\356\024*\324\320\351\317\002k\336\234\027v\351\217\260\303\360\233ZPZWr\246$w\313\313\r\243r\232\2234\373\3539:N\004Q\245\272D\312D\300\300\t\323\0257\345e\271\na\215{\226\255x%T\257\037\333\004\344_/R\006E\344\037@\210\363\010\336T\226\247'\204_{\261\370""1\235\2445\343\033Y!\212\201\341\272\225'\007o""\025\223n_\364\354#\3206\344&\233Q\177y\227\265&\014\312\302\336\221\221\013m(`\236\007\013\003""; }; ","ledgerHash: ""\361\035\301\024\220m#*\372\032\3178~\374\250\014*\323\342'z69\220\327\256\351G\367\317u\302""; ledgerSeq: 10; type: liBASE; nodes {;   nodedata: ""\000\000\000\n\001cEx]\211\377\3304\254\326mU\377?\177Ek\336\030!\316Aa\225\303\022\377{\210Y\226\271as\354L\035\004\341\000\000\000\000\000\000\000\000\000\000\000\000\000\000\000\000\000\000\000\000\000\000\000\000\000\000\000\000\000\000\000\000\254\245\205(\333\232|\316\344\256\352g\326\377\207\201\343}F-uI:<\316[sh\026\205\0031/\351\252\322/\351\252\323\n\000""; }; nodes {;   nodedata: ""\323C\344\327\264{\312-\017:\006{\177\344N\002\326bO\260\220\006\033\362\345\005U\221DzJ0\001\301\025%1L\307\t\261\262z\374\222T\301\274V\236\223\262\270Ct\362\337b\356\024*\324\320\351\317\002k\336\234\027v\351\217\260\303\360\233ZPZWr\246$w\313\313\r\243r\232\2234\373\3539:N\004Q\245\272D\312D\300\300\t\323\0257\345e\271\na\215{\226\255x%T\257\037\333\004\344_/R\006E\344\037@\210\363\010\336T\226\247'\204_{\261\370""1\235\2445\343\033Y!\212\201\341\272\225'\007o""\025\223n_\364\354#\3206\344&\233Q\177y\227\265&\014\312\302\336\221\221\013m(`\236\007\013\003""; }; "
1750527575469,1750527575469,0,1,3,1,TMLedgerData,"ledgerHash: ""4\254\326mU\377?\177Ek\336\030!\316Aa\225\303\022\377{\210Y\226\271as\354L\035\004\341""; ledgerSeq: 9; type: liBASE; nodes {;   nodedata: ""\000\000\000\t\001cEx]\211\377\330a=\225\273\331\354\365*U\363\263N\367b\371\244\314-w\363\262\225Z\200\206\235\233\257?sE\267\000\000\000\000\000\000\000\000\000\000\000\000\000\000\000\000\000\000\000\000\000\000\000\000\000\000\000\000\000\000\000\000\260a9Y\354\267&\263\302xao\033\354\317\022\231\273\315\035\270\2649/W\340\016\240\027y\000Y/\351\252\310/\351\252\322\n\000""; }; nodes {;   nodedata: ""\323C\344\327\264{\312-\017:\006{\177\344N\002\326bO\260\220\006\033\362\345\005U\221DzJ0\001\301\025%1L\307\t\261\262z\374\222T\301\274V\236\223\262\270Ct\362\337b\356\024*\324\320\351\317\002k\336\234\027v\351\217\260\303\360\233ZPZWr\246$w\313\313\r\243r\232\2234\373\3539:N\004Q\245\272D\312D\300\300\t\323\0257\345e\271\na\215{\226\255x%T\257\037\333\004\344_/R\006E\344\037@\210\363\010\336T\226\247'\204_{\261\370""1\235\2445\343\033Y!\212\201\341\272\225'\007\373<\tV\\372\214\276\366\000`\365\371\261\032\317\304\324\207\234\002\027\276K\312\260\250x\t\216\277\200\013\003""; }; ","ledgerHash: ""4\254\326mU\377?\177Ek\336\030!\316Aa\225\303\022\377{\210Y\226\271as\354L\035\004\341""; ledgerSeq: 9; type: liBASE; nodes {;   nodedata: ""\000\000\000\t\001cEx]\211\377\330a=\225\273\331\354\365*U\363\263N\367b\371\244\314-w\363\262\225Z\200\206\235\233\257?sE\267\000\000\000\000\000\000\000\000\000\000\000\000\000\000\000\000\000\000\000\000\000\000\000\000\000\000\000\000\000\000\000\000\260a9Y\354\267&\263\302xao\033\354\317\022\231\273\315\035\270\2649/W\340\016\240\027y\000Y/\351\252\310/\351\252\322\n\000""; }; nodes {;   nodedata: ""\323C\344\327\264{\312-\017:\006{\177\344N\002\326bO\260\220\006\033\362\345\005U\221DzJ0\001\301\025%1L\307\t\261\262z\374\222T\301\274V\236\223\262\270Ct\362\337b\356\024*\324\320\351\317\002k\336\234\027v\351\217\260\303\360\233ZPZWr\246$w\313\313\r\243r\232\2234\373\3539:N\004Q\245\272D\312D\300\300\t\323\0257\345e\271\na\215{\226\255x%T\257\037\333\004\344_/R\006E\344\037@\210\363\010\336T\226\247'\204_{\261\370""1\235\2445\343\033Y!\212\201\341\272\225'\007\373<\tV\\372\214\276\366\000`\365\371\261\032\317\304\324\207\234\002\027\276K\312\260\250x\t\216\277\200\013\003""; }; "
1750527575471,1750527575471,3769,1,1,3,TMGetLedger,"itype: liAS_NODE; ledgerHash: ""\361\035\301\024\220m#*\372\032\3178~\374\250\014*\323\342'z69\220\327\256\351G\367\317u\302""; ledgerSeq: 10; nodeIDs: ""\260\000\000\000\000\000\000\000\000\000\000\000\000\000\000\000\000\000\000\000\000\000\000\000\000\000\000\000\000\000\000\000\001""; queryType: qtINDIRECT; queryDepth: 1; ","itype: liAS_NODE; ledgerHash: ""\361\035\301\024\220m#*\372\032\3178~\374\250\014*\323\342'z69\220\327\256\351G\367\317u\302""; ledgerSeq: 10; nodeIDs: ""\260\000\000\000\000\000\000\000\000\000\000\000\000\000\000\000\000\000\000\000\000\000\000\000\000\000\000\000\000\000\000\000\001""; queryType: qtINDIRECT; queryDepth: 1; "
1750527575509,1750527575509,0,1,4,1,TMLedgerData,"ledgerHash: ""4\254\326mU\377?\177Ek\336\030!\316Aa\225\303\022\377{\210Y\226\271as\354L\035\004\341""; ledgerSeq: 9; type: liBASE; nodes {;   nodedata: ""\000\000\000\t\001cEx]\211\377\330a=\225\273\331\354\365*U\363\263N\367b\371\244\314-w\363\262\225Z\200\206\235\233\257?sE\267\000\000\000\000\000\000\000\000\000\000\000\000\000\000\000\000\000\000\000\000\000\000\000\000\000\000\000\000\000\000\000\000\260a9Y\354\267&\263\302xao\033\354\317\022\231\273\315\035\270\2649/W\340\016\240\027y\000Y/\351\252\310/\351\252\322\n\000""; }; nodes {;   nodedata: ""\323C\344\327\264{\312-\017:\006{\177\344N\002\326bO\260\220\006\033\362\345\005U\221DzJ0\001\301\025%1L\307\t\261\262z\374\222T\301\274V\236\223\262\270Ct\362\337b\356\024*\324\320\351\317\002k\336\234\027v\351\217\260\303\360\233ZPZWr\246$w\313\313\r\243r\232\2234\373\3539:N\004Q\245\272D\312D\300\300\t\323\0257\345e\271\na\215{\226\255x%T\257\037\333\004\344_/R\006E\344\037@\210\363\010\336T\226\247'\204_{\261\370""1\235\2445\343\033Y!\212\201\341\272\225'\007\373<\tV\\372\214\276\366\000`\365\371\261\032\317\304\324\207\234\002\027\276K\312\260\250x\t\216\277\200\013\003""; }; ","ledgerHash: ""4\254\326mU\377?\177Ek\336\030!\316Aa\225\303\022\377{\210Y\226\271as\354L\035\004\341""; ledgerSeq: 9; type: liBASE; nodes {;   nodedata: ""\000\000\000\t\001cEx]\211\377\330a=\225\273\331\354\365*U\363\263N\367b\371\244\314-w\363\262\225Z\200\206\235\233\257?sE\267\000\000\000\000\000\000\000\000\000\000\000\000\000\000\000\000\000\000\000\000\000\000\000\000\000\000\000\000\000\000\000\000\260a9Y\354\267&\263\302xao\033\354\317\022\231\273\315\035\270\2649/W\340\016\240\027y\000Y/\351\252\310/\351\252\322\n\000""; }; nodes {;   nodedata: ""\323C\344\327\264{\312-\017:\006{\177\344N\002\326bO\260\220\006\033\362\345\005U\221DzJ0\001\301\025%1L\307\t\261\262z\374\222T\301\274V\236\223\262\270Ct\362\337b\356\024*\324\320\351\317\002k\336\234\027v\351\217\260\303\360\233ZPZWr\246$w\313\313\r\243r\232\2234\373\3539:N\004Q\245\272D\312D\300\300\t\323\0257\345e\271\na\215{\226\255x%T\257\037\333\004\344_/R\006E\344\037@\210\363\010\336T\226\247'\204_{\261\370""1\235\2445\343\033Y!\212\201\341\272\225'\007\373<\tV\\372\214\276\366\000`\365\371\261\032\317\304\324\207\234\002\027\276K\312\260\250x\t\216\277\200\013\003""; }; "
1750527575510,1750527575511,0,1,4,1,TMLedgerData,"ledgerHash: ""\361\035\301\024\220m#*\372\032\3178~\374\250\014*\323\342'z69\220\327\256\351G\367\317u\302""; ledgerSeq: 10; type: liBASE; nodes {;   nodedata: ""\000\000\000\n\001cEx]\211\377\3304\254\326mU\377?\177Ek\336\030!\316Aa\225\303\022\377{\210Y\226\271as\354L\035\004\341\000\000\000\000\000\000\000\000\000\000\000\000\000\000\000\000\000\000\000\000\000\000\000\000\000\000\000\000\000\000\000\000\254\245\205(\333\232|\316\344\256\352g\326\377\207\201\343}F-uI:<\316[sh\026\205\0031/\351\252\322/\351\252\323\n\000""; }; nodes {;   nodedata: ""\323C\344\327\264{\312-\017:\006{\177\344N\002\326bO\260\220\006\033\362\345\005U\221DzJ0\001\301\025%1L\307\t\261\262z\374\222T\301\274V\236\223\262\270Ct\362\337b\356\024*\324\320\351\317\002k\336\234\027v\351\217\260\303\360\233ZPZWr\246$w\313\313\r\243r\232\2234\373\3539:N\004Q\245\272D\312D\300\300\t\323\0257\345e\271\na\215{\226\255x%T\257\037\333\004\344_/R\006E\344\037@\210\363\010\336T\226\247'\204_{\261\370""1\235\2445\343\033Y!\212\201\341\272\225'\007o""\025\223n_\364\354#\3206\344&\233Q\177y\227\265&\014\312\302\336\221\221\013m(`\236\007\013\003""; }; ","ledgerHash: ""\361\035\301\024\220m#*\372\032\3178~\374\250\014*\323\342'z69\220\327\256\351G\367\317u\302""; ledgerSeq: 10; type: liBASE; nodes {;   nodedata: ""\000\000\000\n\001cEx]\211\377\3304\254\326mU\377?\177Ek\336\030!\316Aa\225\303\022\377{\210Y\226\271as\354L\035\004\341\000\000\000\000\000\000\000\000\000\000\000\000\000\000\000\000\000\000\000\000\000\000\000\000\000\000\000\000\000\000\000\000\254\245\205(\333\232|\316\344\256\352g\326\377\207\201\343}F-uI:<\316[sh\026\205\0031/\351\252\322/\351\252\323\n\000""; }; nodes {;   nodedata: ""\323C\344\327\264{\312-\017:\006{\177\344N\002\326bO\260\220\006\033\362\345\005U\221DzJ0\001\301\025%1L\307\t\261\262z\374\222T\301\274V\236\223\262\270Ct\362\337b\356\024*\324\320\351\317\002k\336\234\027v\351\217\260\303\360\233ZPZWr\246$w\313\313\r\243r\232\2234\373\3539:N\004Q\245\272D\312D\300\300\t\323\0257\345e\271\na\215{\226\255x%T\257\037\333\004\344_/R\006E\344\037@\210\363\010\336T\226\247'\204_{\261\370""1\235\2445\343\033Y!\212\201\341\272\225'\007o""\025\223n_\364\354#\3206\344&\233Q\177y\227\265&\014\312\302\336\221\221\013m(`\236\007\013\003""; }; "
1750527575511,1750527575511,0,1,4,1,TMLedgerData,"ledgerHash: ""\361\035\301\024\220m#*\372\032\3178~\374\250\014*\323\342'z69\220\327\256\351G\367\317u\302""; ledgerSeq: 10; type: liBASE; nodes {;   nodedata: ""\000\000\000\n\001cEx]\211\377\3304\254\326mU\377?\177Ek\336\030!\316Aa\225\303\022\377{\210Y\226\271as\354L\035\004\341\000\000\000\000\000\000\000\000\000\000\000\000\000\000\000\000\000\000\000\000\000\000\000\000\000\000\000\000\000\000\000\000\254\245\205(\333\232|\316\344\256\352g\326\377\207\201\343}F-uI:<\316[sh\026\205\0031/\351\252\322/\351\252\323\n\000""; }; nodes {;   nodedata: ""\323C\344\327\264{\312-\017:\006{\177\344N\002\326bO\260\220\006\033\362\345\005U\221DzJ0\001\301\025%1L\307\t\261\262z\374\222T\301\274V\236\223\262\270Ct\362\337b\356\024*\324\320\351\317\002k\336\234\027v\351\217\260\303\360\233ZPZWr\246$w\313\313\r\243r\232\2234\373\3539:N\004Q\245\272D\312D\300\300\t\323\0257\345e\271\na\215{\226\255x%T\257\037\333\004\344_/R\006E\344\037@\210\363\010\336T\226\247'\204_{\261\370""1\235\2445\343\033Y!\212\201\341\272\225'\007o""\025\223n_\364\354#\3206\344&\233Q\177y\227\265&\014\312\302\336\221\221\013m(`\236\007\013\003""; }; ","ledgerHash: ""\361\035\301\024\220m#*\372\032\3178~\374\250\014*\323\342'z69\220\327\256\351G\367\317u\302""; ledgerSeq: 10; type: liBASE; nodes {;   nodedata: ""\000\000\000\n\001cEx]\211\377\3304\254\326mU\377?\177Ek\336\030!\316Aa\225\303\022\377{\210Y\226\271as\354L\035\004\341\000\000\000\000\000\000\000\000\000\000\000\000\000\000\000\000\000\000\000\000\000\000\000\000\000\000\000\000\000\000\000\000\254\245\205(\333\232|\316\344\256\352g\326\377\207\201\343}F-uI:<\316[sh\026\205\0031/\351\252\322/\351\252\323\n\000""; }; nodes {;   nodedata: ""\323C\344\327\264{\312-\017:\006{\177\344N\002\326bO\260\220\006\033\362\345\005U\221DzJ0\001\301\025%1L\307\t\261\262z\374\222T\301\274V\236\223\262\270Ct\362\337b\356\024*\324\320\351\317\002k\336\234\027v\351\217\260\303\360\233ZPZWr\246$w\313\313\r\243r\232\2234\373\3539:N\004Q\245\272D\312D\300\300\t\323\0257\345e\271\na\215{\226\255x%T\257\037\333\004\344_/R\006E\344\037@\210\363\010\336T\226\247'\204_{\261\370""1\235\2445\343\033Y!\212\201\341\272\225'\007o""\025\223n_\364\354#\3206\344&\233Q\177y\227\265&\014\312\302\336\221\221\013m(`\236\007\013\003""; }; "
1750527575799,1750527575799,0,1,4,2,TMLedgerData,"ledgerHash: ""4\254\326mU\377?\177Ek\336\030!\316Aa\225\303\022\377{\210Y\226\271as\354L\035\004\341""; ledgerSeq: 9; type: liAS_NODE; nodes {;   nodedata: ""\021\000h""\000\000\000\000 \033\000\000\000\010\002\023\301_\330\356GuH\375\327!\255\371\r\231\262R\256J\034\222\241\355X\265E\241^W\225\304\014\361CX-}\351f\032\255\274\334m\326c\017\014ao[\342\230\003\245\245\3341Hm\326^\017jy\335\261\032Yt\320\244{g\0306\\302\303*\341\215\223\257\364\277o\375\000r\241SOq\221\253\262\005\017\375T\356\014\360o'\030\311-\267\031\257!\031T\006><\315XM\334\324\345\034\000\325\367\240\271\013\265\024\321\362\354\211\250.\234s\225amc\305\035\366\276\037nD\277`\210\223N\3535\033\261\304f\331]\036\237\306o!\223\221\002\324\031\262\240R\177 ,\214\325\Q])\016\2067\277\t\354\010\000\360\215\2502\265\245\310\226\243c\302Ze\306\253#r\020\211\320iG\276\020E\317\035Sf\223F\254\033@\177e\277\016\010u\327\371&\262\312\317Q\2361t\377x\234\001v\003%\030\325_\225g\204\346a=\225\273\331\354\365*U\363\263N\367b\371\244\314-w\363\262\225Z\200\206\235\233\257?sE\267\264\227\2326\315\307\363\323\325\303\032N\256*\307\327 \235\332\207u\210\271\257\306g\231i*\260\326k\001"";   nodeid: ""\260\000\000\000\000\000\000\000\000\000\000\000\000\000\000\000\000\000\000\000\000\000\000\000\000\000\000\000\000\000\000\000\001""; }; ","ledgerHash: ""4\254\326mU\377?\177Ek\336\030!\316Aa\225\303\022\377{\210Y\226\271as\354L\035\004\341""; ledgerSeq: 9; type: liAS_NODE; nodes {;   nodedata: ""\021\000h""\000\000\000\000 \033\000\000\000\010\002\023\301_\330\356GuH\375\327!\255\371\r\231\262R\256J\034\222\241\355X\265E\241^W\225\304\014\361CX-}\351f\032\255\274\334m\326c\017\014ao[\342\230\003\245\245\3341Hm\326^\017jy\335\261\032Yt\320\244{g\0306\\302\303*\341\215\223\257\364\277o\375\000r\241SOq\221\253\262\005\017\375T\356\014\360o'\030\311-\267\031\257!\031T\006><\315XM\334\324\345\034\000\325\367\240\271\013\265\024\321\362\354\211\250.\234s\225amc\305\035\366\276\037nD\277`\210\223N\3535\033\261\304f\331]\036\237\306o!\223\221\002\324\031\262\240R\177 ,\214\325\Q])\016\2067\277\t\354\010\000\360\215\2502\265\245\310\226\243c\302Ze\306\253#r\020\211\320iG\276\020E\317\035Sf\223F\254\033@\177e\277\016\010u\327\371&\262\312\317Q\2361t\377x\234\001v\003%\030\325_\225g\204\346a=\225\273\331\354\365*U\363\263N\367b\371\244\314-w\363\262\225Z\200\206\235\233\257?sE\267\264\227\2326\315\307\363\323\325\303\032N\256*\307\327 \235\332\207u\210\271\257\306g\231i*\260\326k\001"";   nodeid: ""\260\000\000\000\000\000\000\000\000\000\000\000\000\000\000\000\000\000\000\000\000\000\000\000\000\000\000\000\000\000\000\000\001""; }; "
1750527575901,1750527575901,3769,1,1,3,TMGetLedger,"itype: liBASE; ledgerHash: ""\361\035\301\024\220m#*\372\032\3178~\374\250\014*\323\342'z69\220\327\256\351G\367\317u\302""; ledgerSeq: 10; requestCookie: 3; queryType: qtINDIRECT; ","itype: liBASE; ledgerHash: ""\361\035\301\024\220m#*\372\032\3178~\374\250\014*\323\342'z69\220\327\256\351G\367\317u\302""; ledgerSeq: 10; requestCookie: 3; queryType: qtINDIRECT; "
1750527575990,1750527575990,0,1,4,1,TMLedgerData,"ledgerHash: ""4\254\326mU\377?\177Ek\336\030!\316Aa\225\303\022\377{\210Y\226\271as\354L\035\004\341""; ledgerSeq: 9; type: liBASE; nodes {;   nodedata: ""\000\000\000\t\001cEx]\211\377\330a=\225\273\331\354\365*U\363\263N\367b\371\244\314-w\363\262\225Z\200\206\235\233\257?sE\267\000\000\000\000\000\000\000\000\000\000\000\000\000\000\000\000\000\000\000\000\000\000\000\000\000\000\000\000\000\000\000\000\260a9Y\354\267&\263\302xao\033\354\317\022\231\273\315\035\270\2649/W\340\016\240\027y\000Y/\351\252\310/\351\252\322\n\000""; }; nodes {;   nodedata: ""\323C\344\327\264{\312-\017:\006{\177\344N\002\326bO\260\220\006\033\362\345\005U\221DzJ0\001\301\025%1L\307\t\261\262z\374\222T\301\274V\236\223\262\270Ct\362\337b\356\024*\324\320\351\317\002k\336\234\027v\351\217\260\303\360\233ZPZWr\246$w\313\313\r\243r\232\2234\373\3539:N\004Q\245\272D\312D\300\300\t\323\0257\345e\271\na\215{\226\255x%T\257\037\333\004\344_/R\006E\344\037@\210\363\010\336T\226\247'\204_{\261\370""1\235\2445\343\033Y!\212\201\341\272\225'\007\373<\tV\\372\214\276\366\000`\365\371\261\032\317\304\324\207\234\002\027\276K\312\260\250x\t\216\277\200\013\003""; }; requestCookie: 2; ","ledgerHash: ""4\254\326mU\377?\177Ek\336\030!\316Aa\225\303\022\377{\210Y\226\271as\354L\035\004\341""; ledgerSeq: 9; type: liBASE; nodes {;   nodedata: ""\000\000\000\t\001cEx]\211\377\330a=\225\273\331\354\365*U\363\263N\367b\371\244\314-w\363\262\225Z\200\206\235\233\257?sE\267\000\000\000\000\000\000\000\000\000\000\000\000\000\000\000\000\000\000\000\000\000\000\000\000\000\000\000\000\000\000\000\000\260a9Y\354\267&\263\302xao\033\354\317\022\231\273\315\035\270\2649/W\340\016\240\027y\000Y/\351\252\310/\351\252\322\n\000""; }; nodes {;   nodedata: ""\323C\344\327\264{\312-\017:\006{\177\344N\002\326bO\260\220\006\033\362\345\005U\221DzJ0\001\301\025%1L\307\t\261\262z\374\222T\301\274V\236\223\262\270Ct\362\337b\356\024*\324\320\351\317\002k\336\234\027v\351\217\260\303\360\233ZPZWr\246$w\313\313\r\243r\232\2234\373\3539:N\004Q\245\272D\312D\300\300\t\323\0257\345e\271\na\215{\226\255x%T\257\037\333\004\344_/R\006E\344\037@\210\363\010\336T\226\247'\204_{\261\370""1\235\2445\343\033Y!\212\201\341\272\225'\007\373<\tV\\372\214\276\366\000`\365\371\261\032\317\304\324\207\234\002\027\276K\312\260\250x\t\216\277\200\013\003""; }; requestCookie: 2; "
1750527575992,1750527575992,860,1,1,0,TMLedgerData,"ledgerHash: ""4\254\326mU\377?\177Ek\336\030!\316Aa\225\303\022\377{\210Y\226\271as\354L\035\004\341""; ledgerSeq: 9; type: liBASE; nodes {;   nodedata: ""\000\000\000\t\001cEx]\211\377\330a=\225\273\331\354\365*U\363\263N\367b\371\244\314-w\363\262\225Z\200\206\235\233\257?sE\267\000\000\000\000\000\000\000\000\000\000\000\000\000\000\000\000\000\000\000\000\000\000\000\000\000\000\000\000\000\000\000\000\260a9Y\354\267&\263\302xao\033\354\317\022\231\273\315\035\270\2649/W\340\016\240\027y\000Y/\351\252\310/\351\252\322\n\000""; }; nodes {;   nodedata: ""\323C\344\327\264{\312-\017:\006{\177\344N\002\326bO\260\220\006\033\362\345\005U\221DzJ0\001\301\025%1L\307\t\261\262z\374\222T\301\274V\236\223\262\270Ct\362\337b\356\024*\324\320\351\317\002k\336\234\027v\351\217\260\303\360\233ZPZWr\246$w\313\313\r\243r\232\2234\373\3539:N\004Q\245\272D\312D\300\300\t\323\0257\345e\271\na\215{\226\255x%T\257\037\333\004\344_/R\006E\344\037@\210\363\010\336T\226\247'\204_{\261\370""1\235\2445\343\033Y!\212\201\341\272\225'\007\373<\tV\\372\214\276\366\000`\365\371\261\032\317\304\324\207\234\002\027\276K\312\260\250x\t\216\277\200\013\003""; }; ","ledgerHash: ""4\254\326mU\377?\177Ek\336\030!\316Aa\225\303\022\377{\210Y\226\271as\354L\035\004\341""; ledgerSeq: 9; type: liBASE; nodes {;   nodedata: ""\000\000\000\t\001cEx]\211\377\330a=\225\273\331\354\365*U\363\263N\367b\371\244\314-w\363\262\225Z\200\206\235\233\257?sE\267\000\000\000\000\000\000\000\000\000\000\000\000\000\000\000\000\000\000\000\000\000\000\000\000\000\000\000\000\000\000\000\000\260a9Y\354\267&\263\302xao\033\354\317\022\231\273\315\035\270\2649/W\340\016\240\027y\000Y/\351\252\310/\351\252\322\n\000""; }; nodes {;   nodedata: ""\323C\344\327\264{\312-\017:\006{\177\344N\002\326bO\260\220\006\033\362\345\005U\221DzJ0\001\301\025%1L\307\t\261\262z\374\222T\301\274V\236\223\262\270Ct\362\337b\356\024*\324\320\351\317\002k\336\234\027v\351\217\260\303\360\233ZPZWr\246$w\313\313\r\243r\232\2234\373\3539:N\004Q\245\272D\312D\300\300\t\323\0257\345e\271\na\215{\226\255x%T\257\037\333\004\344_/R\006E\344\037@\210\363\010\336T\226\247'\204_{\261\370""1\235\2445\343\033Y!\212\201\341\272\225'\007\373<\tV\\372\214\276\366\000`\365\371\261\032\317\304\324\207\234\002\027\276K\312\260\250x\t\216\277\200\013\003""; }; "
1750527576039,1750527576039,0,1,3,1,TMLedgerData,"ledgerHash: ""a=\225\273\331\354\365*U\363\263N\367b\371\244\314-w\363\262\225Z\200\206\235\233\257?sE\267""; ledgerSeq: 8; type: liBASE; nodes {;   nodedata: ""\000\000\000\010\001cEx]\211\377\330\033@\177e\277\016\010u\327\371&\262\312\317Q\2361t\377x\234\001v\003%\030\325_\225g\204\346\000\000\000\000\000\000\000\000\000\000\000\000\000\000\000\000\000\000\000\000\000\000\000\000\000\000\000\000\000\000\000\0006\207\227F[\243v\371\255c\270\254{\234\371\211\025\226%\351\352\037\264\262\021\311\263k\232\376\007\352/\351\252\264/\351\252\310\n\000""; }; nodes {;   nodedata: ""\323C\344\327\264{\312-\017:\006{\177\344N\002\326bO\260\220\006\033\362\345\005U\221DzJ0\001\301\025%1L\307\t\261\262z\374\222T\301\274V\236\223\262\270Ct\362\337b\356\024*\324\320\351\317\002k\336\234\027v\351\217\260\303\360\233ZPZWr\246$w\313\313\r\243r\232\2234\373\3539:N\004Q\245\272D\312D\300\300\t\323\0257\345e\271\na\215{\226\255x%T\257\037\333\004\344_/R\006E\344\037@\210\363\010\336T\226\247'\204_{\261\370""1\235\2445\343\033Y!\212\201\341\272\225'\007\265l7#N\236*T\346\016\255|M\nD8\n\343\313/\214\216\001\224\267\346}/\277\005?\336\013\003""; }; requestCookie: 2; ","ledgerHash: ""a=\225\273\331\354\365*U\363\263N\367b\371\244\314-w\363\262\225Z\200\206\235\233\257?sE\267""; ledgerSeq: 8; type: liBASE; nodes {;   nodedata: ""\000\000\000\010\001cEx]\211\377\330\033@\177e\277\016\010u\327\371&\262\312\317Q\2361t\377x\234\001v\003%\030\325_\225g\204\346\000\000\000\000\000\000\000\000\000\000\000\000\000\000\000\000\000\000\000\000\000\000\000\000\000\000\000\000\000\000\000\0006\207\227F[\243v\371\255c\270\254{\234\371\211\025\226%\351\352\037\264\262\021\311\263k\232\376\007\352/\351\252\264/\351\252\310\n\000""; }; nodes {;   nodedata: ""\323C\344\327\264{\312-\017:\006{\177\344N\002\326bO\260\220\006\033\362\345\005U\221DzJ0\001\301\025%1L\307\t\261\262z\374\222T\301\274V\236\223\262\270Ct\362\337b\356\024*\324\320\351\317\002k\336\234\027v\351\217\260\303\360\233ZPZWr\246$w\313\313\r\243r\232\2234\373\3539:N\004Q\245\272D\312D\300\300\t\323\0257\345e\271\na\215{\226\255x%T\257\037\333\004\344_/R\006E\344\037@\210\363\010\336T\226\247'\204_{\261\370""1\235\2445\343\033Y!\212\201\341\272\225'\007\265l7#N\236*T\346\016\255|M\nD8\n\343\313/\214\216\001\224\267\346}/\277\005?\336\013\003""; }; requestCookie: 2; "
1750527576041,1750527576041,860,1,1,0,TMLedgerData,"ledgerHash: ""a=\225\273\331\354\365*U\363\263N\367b\371\244\314-w\363\262\225Z\200\206\235\233\257?sE\267""; ledgerSeq: 8; type: liBASE; nodes {;   nodedata: ""\000\000\000\010\001cEx]\211\377\330\033@\177e\277\016\010u\327\371&\262\312\317Q\2361t\377x\234\001v\003%\030\325_\225g\204\346\000\000\000\000\000\000\000\000\000\000\000\000\000\000\000\000\000\000\000\000\000\000\000\000\000\000\000\000\000\000\000\0006\207\227F[\243v\371\255c\270\254{\234\371\211\025\226%\351\352\037\264\262\021\311\263k\232\376\007\352/\351\252\264/\351\252\310\n\000""; }; nodes {;   nodedata: ""\323C\344\327\264{\312-\017:\006{\177\344N\002\326bO\260\220\006\033\362\345\005U\221DzJ0\001\301\025%1L\307\t\261\262z\374\222T\301\274V\236\223\262\270Ct\362\337b\356\024*\324\320\351\317\002k\336\234\027v\351\217\260\303\360\233ZPZWr\246$w\313\313\r\243r\232\2234\373\3539:N\004Q\245\272D\312D\300\300\t\323\0257\345e\271\na\215{\226\255x%T\257\037\333\004\344_/R\006E\344\037@\210\363\010\336T\226\247'\204_{\261\370""1\235\2445\343\033Y!\212\201\341\272\225'\007\265l7#N\236*T\346\016\255|M\nD8\n\343\313/\214\216\001\224\267\346}/\277\005?\336\013\003""; }; ","ledgerHash: ""a=\225\273\331\354\365*U\363\263N\367b\371\244\314-w\363\262\225Z\200\206\235\233\257?sE\267""; ledgerSeq: 8; type: liBASE; nodes {;   nodedata: ""\000\000\000\010\001cEx]\211\377\330\033@\177e\277\016\010u\327\371&\262\312\317Q\2361t\377x\234\001v\003%\030\325_\225g\204\346\000\000\000\000\000\000\000\000\000\000\000\000\000\000\000\000\000\000\000\000\000\000\000\000\000\000\000\000\000\000\000\0006\207\227F[\243v\371\255c\270\254{\234\371\211\025\226%\351\352\037\264\262\021\311\263k\232\376\007\352/\351\252\264/\351\252\310\n\000""; }; nodes {;   nodedata: ""\323C\344\327\264{\312-\017:\006{\177\344N\002\326bO\260\220\006\033\362\345\005U\221DzJ0\001\301\025%1L\307\t\261\262z\374\222T\301\274V\236\223\262\270Ct\362\337b\356\024*\324\320\351\317\002k\336\234\027v\351\217\260\303\360\233ZPZWr\246$w\313\313\r\243r\232\2234\373\3539:N\004Q\245\272D\312D\300\300\t\323\0257\345e\271\na\215{\226\255x%T\257\037\333\004\344_/R\006E\344\037@\210\363\010\336T\226\247'\204_{\261\370""1\235\2445\343\033Y!\212\201\341\272\225'\007\265l7#N\236*T\346\016\255|M\nD8\n\343\313/\214\216\001\224\267\346}/\277\005?\336\013\003""; }; "
1750527576194,1750527576195,4000,1,2,3,TMGetLedger,"itype: liBASE; ledgerHash: ""\361\035\301\024\220m#*\372\032\3178~\374\250\014*\323\342'z69\220\327\256\351G\367\317u\302""; ledgerSeq: 10; requestCookie: 3; queryType: qtINDIRECT; ","itype: liBASE; ledgerHash: ""\361\035\301\024\220m#*\372\032\3178~\374\250\014*\323\342'z69\220\327\256\351G\367\317u\302""; ledgerSeq: 10; requestCookie: 3; queryType: qtINDIRECT; "
1750527576241,1750527576241,0,1,3,1,TMLedgerData,"ledgerHash: ""4\254\326mU\377?\177Ek\336\030!\316Aa\225\303\022\377{\210Y\226\271as\354L\035\004\341""; ledgerSeq: 9; type: liAS_NODE; nodes {;   nodedata: ""\021\000h""\000\000\000\000 \033\000\000\000\010\002\023\301_\330\356GuH\375\327!\255\371\r\231\262R\256J\034\222\241\355X\265E\241^W\225\304\014\361CX-}\351f\032\255\274\334m\326c\017\014ao[\342\230\003\245\245\3341Hm\326^\017jy\335\261\032Yt\320\244{g\0306\\302\303*\341\215\223\257\364\277o\375\000r\241SOq\221\253\262\005\017\375T\356\014\360o'\030\311-\267\031\257!\031T\006><\315XM\334\324\345\034\000\325\367\240\271\013\265\024\321\362\354\211\250.\234s\225amc\305\035\366\276\037nD\277`\210\223N\3535\033\261\304f\331]\036\237\306o!\223\221\002\324\031\262\240R\177 ,\214\325\Q])\016\2067\277\t\354\010\000\360\215\2502\265\245\310\226\243c\302Ze\306\253#r\020\211\320iG\276\020E\317\035Sf\223F\254\033@\177e\277\016\010u\327\371&\262\312\317Q\2361t\377x\234\001v\003%\030\325_\225g\204\346a=\225\273\331\354\365*U\363\263N\367b\371\244\314-w\363\262\225Z\200\206\235\233\257?sE\267\264\227\2326\315\307\363\323\325\303\032N\256*\307\327 \235\332\207u\210\271\257\306g\231i*\260\326k\001"";   nodeid: ""\260\000\000\000\000\000\000\000\000\000\000\000\000\000\000\000\000\000\000\000\000\000\000\000\000\000\000\000\000\000\000\000\001""; }; ","ledgerHash: ""4\254\326mU\377?\177Ek\336\030!\316Aa\225\303\022\377{\210Y\226\271as\354L\035\004\341""; ledgerSeq: 9; type: liAS_NODE; nodes {;   nodedata: ""\021\000h""\000\000\000\000 \033\000\000\000\010\002\023\301_\330\356GuH\375\327!\255\371\r\231\262R\256J\034\222\241\355X\265E\241^W\225\304\014\361CX-}\351f\032\255\274\334m\326c\017\014ao[\342\230\003\245\245\3341Hm\326^\017jy\335\261\032Yt\320\244{g\0306\\302\303*\341\215\223\257\364\277o\375\000r\241SOq\221\253\262\005\017\375T\356\014\360o'\030\311-\267\031\257!\031T\006><\315XM\334\324\345\034\000\325\367\240\271\013\265\024\321\362\354\211\250.\234s\225amc\305\035\366\276\037nD\277`\210\223N\3535\033\261\304f\331]\036\237\306o!\223\221\002\324\031\262\240R\177 ,\214\325\Q])\016\2067\277\t\354\010\000\360\215\2502\265\245\310\226\243c\302Ze\306\253#r\020\211\320iG\276\020E\317\035Sf\223F\254\033@\177e\277\016\010u\327\371&\262\312\317Q\2361t\377x\234\001v\003%\030\325_\225g\204\346a=\225\273\331\354\365*U\363\263N\367b\371\244\314-w\363\262\225Z\200\206\235\233\257?sE\267\264\227\2326\315\307\363\323\325\303\032N\256*\307\327 \235\332\207u\210\271\257\306g\231i*\260\326k\001"";   nodeid: ""\260\000\000\000\000\000\000\000\000\000\000\000\000\000\000\000\000\000\000\000\000\000\000\000\000\000\000\000\000\000\000\000\001""; }; "
1750527576357,1750527576358,1434,1,0,1,TMLedgerData,"ledgerHash: ""\207\270b\315\333\333\334\310I\323&\014\352XZnW2.\335\347\202\021\247\362\212e\034\000\001\250\220""; ledgerSeq: 11; type: liBASE; nodes {;   nodedata: ""\000\000\000\013\001cEx]\211\377\330\361\035\301\024\220m#*\372\032\3178~\374\250\014*\323\342'z69\220\327\256\351G\367\317u\302\000\000\000\000\000\000\000\000\000\000\000\000\000\000\000\000\000\000\000\000\000\000\000\000\000\000\000\000\000\000\000\000\313c\210\200\377\273\312\010\030f\372\244%*\307\272T\262\245c[\026\007_-\227VB\214\347\261\220/\351\252\323/\351\252\324\n\000""; }; nodes {;   nodedata: ""\323C\344\327\264{\312-\017:\006{\177\344N\002\326bO\260\220\006\033\362\345\005U\221DzJ0\001\301\025%1L\307\t\261\262z\374\222T\301\274V\236\223\262\270Ct\362\337b\356\024*\324\320\351\317\002k\336\234\027v\351\217\260\303\360\233ZPZWr\246$w\313\313\r\243r\232\2234\373\3539:N\004Q\245\272D\312D\300\300\t\323\0257\345e\271\na\215{\226\255x%T\257\037\333\004\344_/R\006E\344\037@\210\363\010\336T\226\247'\204_{\261\370""1\235\2445\343\033Y!\212\201\341\272\225'\007\t7y2\201R\010H\001l\375\310t\t\264<3~\035\230\304Gh@\204\342\325\204>\363\344T\013\003""; }; ","ledgerHash: ""\207\270b\315\333\333\334\310I\323&\014\352XZnW2.\335\347\202\021\247\362\212e\034\000\001\250\220""; ledgerSeq: 11; type: liBASE; nodes {;   nodedata: ""\000\000\000\013\001cEx]\211\377\330\361\035\301\024\220m#*\372\032\3178~\374\250\014*\323\342'z69\220\327\256\351G\367\317u\302\000\000\000\000\000\000\000\000\000\000\000\000\000\000\000\000\000\000\000\000\000\000\000\000\000\000\000\000\000\000\000\000\313c\210\200\377\273\312\010\030f\372\244%*\307\272T\262\245c[\026\007_-\227VB\214\347\261\220/\351\252\323/\351\252\324\n\000""; }; nodes {;   nodedata: ""\323C\344\327\264{\312-\017:\006{\177\344N\002\326bO\260\220\006\033\362\345\005U\221DzJ0\001\301\025%1L\307\t\261\262z\374\222T\301\274V\236\223\262\270Ct\362\337b\356\024*\324\320\351\317\002k\336\234\027v\351\217\260\303\360\233ZPZWr\246$w\313\313\r\243r\232\2234\373\3539:N\004Q\245\272D\312D\300\300\t\323\0257\345e\271\na\215{\226\255x%T\257\037\333\004\344_/R\006E\344\037@\210\363\010\336T\226\247'\204_{\261\370""1\235\2445\343\033Y!\212\201\341\272\225'\007\t7y2\201R\010H\001l\375\310t\t\264<3~\035\230\304Gh@\204\342\325\204>\363\344T\013\003""; }; "
1750527576358,1750527576358,1434,1,0,1,TMLedgerData,"ledgerHash: ""\207\270b\315\333\333\334\310I\323&\014\352XZnW2.\335\347\202\021\247\362\212e\034\000\001\250\220""; ledgerSeq: 11; type: liBASE; nodes {;   nodedata: ""\000\000\000\013\001cEx]\211\377\330\361\035\301\024\220m#*\372\032\3178~\374\250\014*\323\342'z69\220\327\256\351G\367\317u\302\000\000\000\000\000\000\000\000\000\000\000\000\000\000\000\000\000\000\000\000\000\000\000\000\000\000\000\000\000\000\000\000\313c\210\200\377\273\312\010\030f\372\244%*\307\272T\262\245c[\026\007_-\227VB\214\347\261\220/\351\252\323/\351\252\324\n\000""; }; nodes {;   nodedata: ""\323C\344\327\264{\312-\017:\006{\177\344N\002\326bO\260\220\006\033\362\345\005U\221DzJ0\001\301\025%1L\307\t\261\262z\374\222T\301\274V\236\223\262\270Ct\362\337b\356\024*\324\320\351\317\002k\336\234\027v\351\217\260\303\360\233ZPZWr\246$w\313\313\r\243r\232\2234\373\3539:N\004Q\245\272D\312D\300\300\t\323\0257\345e\271\na\215{\226\255x%T\257\037\333\004\344_/R\006E\344\037@\210\363\010\336T\226\247'\204_{\261\370""1\235\2445\343\033Y!\212\201\341\272\225'\007\t7y2\201R\010H\001l\375\310t\t\264<3~\035\230\304Gh@\204\342\325\204>\363\344T\013\003""; }; ","ledgerHash: ""\207\270b\315\333\333\334\310I\323&\014\352XZnW2.\335\347\202\021\247\362\212e\034\000\001\250\220""; ledgerSeq: 11; type: liBASE; nodes {;   nodedata: ""\000\000\000\013\001cEx]\211\377\330\361\035\301\024\220m#*\372\032\3178~\374\250\014*\323\342'z69\220\327\256\351G\367\317u\302\000\000\000\000\000\000\000\000\000\000\000\000\000\000\000\000\000\000\000\000\000\000\000\000\000\000\000\000\000\000\000\000\313c\210\200\377\273\312\010\030f\372\244%*\307\272T\262\245c[\026\007_-\227VB\214\347\261\220/\351\252\323/\351\252\324\n\000""; }; nodes {;   nodedata: ""\323C\344\327\264{\312-\017:\006{\177\344N\002\326bO\260\220\006\033\362\345\005U\221DzJ0\001\301\025%1L\307\t\261\262z\374\222T\301\274V\236\223\262\270Ct\362\337b\356\024*\324\320\351\317\002k\336\234\027v\351\217\260\303\360\233ZPZWr\246$w\313\313\r\243r\232\2234\373\3539:N\004Q\245\272D\312D\300\300\t\323\0257\345e\271\na\215{\226\255x%T\257\037\333\004\344_/R\006E\344\037@\210\363\010\336T\226\247'\204_{\261\370""1\235\2445\343\033Y!\212\201\341\272\225'\007\t7y2\201R\010H\001l\375\310t\t\264<3~\035\230\304Gh@\204\342\325\204>\363\344T\013\003""; }; "
1750527576425,1750527576425,0,1,3,4,TMValidation,"validation: """"\200\000\000\001&\000\000\000\014)/\351\252\330:p\210\265\307-\212\200\004Q\305;a\314\265R\310\017\317\331\235\360\262\240:\277\202\266\354\265X""\022\nh\252\352w\204\203\023]P\027\000\000\000\000\000\000\000\000\000\000\000\000\000\000\000\000\000\000\000\000\000\000\000\000\000\000\000\000\000\000\000\000P\031\207\270b\315\333\333\334\310I\323&\014\352XZnW2.\335\347\202\021\247\362\212e\034\000\001\250\220s!\002\364d\217\366\217|\316F\232\231\241\n\261\333`\312O\367\235\025DD\336e\367\n\312\326\221\037\025\230vG0E\002!\000\330\177\334P\365\244\013c\000)I\205b\253\312\300\257\254I \353%$M\020O\321\210\231\256qB\002 \005\306\000\202=!|J\207\340\252\370\367k\350\275\003>\242F6\247?$\r\336T\331\225l\177\275""; ","validation: """"\200\000\000\001&\000\000\000\014)/\351\252\330:p\210\265\307-\212\200\004Q\305;a\314\265R\310\017\317\331\235\360\262\240:\277\202\266\354\265X""\022\nh\252\352w\204\203\023]P\027\000\000\000\000\000\000\000\000\000\000\000\000\000\000\000\000\000\000\000\000\000\000\000\000\000\000\000\000\000\000\000\000P\031\207\270b\315\333\333\334\310I\323&\014\352XZnW2.\335\347\202\021\247\362\212e\034\000\001\250\220s!\002\364d\217\366\217|\316F\232\231\241\n\261\333`\312O\367\235\025DD\336e\367\n\312\326\221\037\025\230vG0E\002!\000\330\177\334P\365\244\013c\000)I\205b\253\312\300\257\254I \353%$M\020O\321\210\231\256qB\002 \005\306\000\202=!|J\207\340\252\370\367k\350\275\003>\242F6\247?$\r\336T\331\225l\177\275""; "
1750527576426,1750527576426,0,1,3,2,TMValidation,"validation: """"\200\000\000\001&\000\000\000\014)/\351\252\330:p\210\265\307-\212\200\004Q\305;a\314\265R\310\017\317\331\235\360\262\240:\277\202\266\354\265X""\022\nh\252\352w\204\203\023]P\027\000\000\000\000\000\000\000\000\000\000\000\000\000\000\000\000\000\000\000\000\000\000\000\000\000\000\000\000\000\000\000\000P\031\207\270b\315\333\333\334\310I\323&\014\352XZnW2.\335\347\202\021\247\362\212e\034\000\001\250\220s!\002\364d\217\366\217|\316F\232\231\241\n\261\333`\312O\367\235\025DD\336e\367\n\312\326\221\037\025\230vG0E\002!\000\330\177\334P\365\244\013c\000)I\205b\253\312\300\257\254I \353%$M\020O\321\210\231\256qB\002 \005\306\000\202=!|J\207\340\252\370\367k\350\275\003>\242F6\247?$\r\336T\331\225l\177\275""; ","validation: """"\200\000\000\001&\000\000\000\014)/\351\252\330:p\210\265\307-\212\200\004Q\305;a\314\265R\310\017\317\331\235\360\262\240:\277\202\266\354\265X""\022\nh\252\352w\204\203\023]P\027\000\000\000\000\000\000\000\000\000\000\000\000\000\000\000\000\000\000\000\000\000\000\000\000\000\000\000\000\000\000\000\000P\031\207\270b\315\333\333\334\310I\323&\014\352XZnW2.\335\347\202\021\247\362\212e\034\000\001\250\220s!\002\364d\217\366\217|\316F\232\231\241\n\261\333`\312O\367\235\025DD\336e\367\n\312\326\221\037\025\230vG0E\002!\000\330\177\334P\365\244\013c\000)I\205b\253\312\300\257\254I \353%$M\020O\321\210\231\256qB\002 \005\306\000\202=!|J\207\340\252\370\367k\350\275\003>\242F6\247?$\r\336T\331\225l\177\275""; "
1750527576427,1750527576427,0,1,3,4,TMStatusChange,"newEvent: neACCEPTED_LEDGER; ledgerSeq: 12; ledgerHash: ""\305;a\314\265R\310\017\317\331\235\360\262\240:\277\202\266\354\265X""\022\nh\252\352w\204\203\023]""; ledgerHashPrevious: ""\207\270b\315\333\333\334\310I\323&\014\352XZnW2.\335\347\202\021\247\362\212e\034\000\001\250\220""; networkTime: 803842776; firstSeq: 1; lastSeq: 11; ","newEvent: neACCEPTED_LEDGER; ledgerSeq: 12; ledgerHash: ""\305;a\314\265R\310\017\317\331\235\360\262\240:\277\202\266\354\265X""\022\nh\252\352w\204\203\023]""; ledgerHashPrevious: ""\207\270b\315\333\333\334\310I\323&\014\352XZnW2.\335\347\202\021\247\362\212e\034\000\001\250\220""; networkTime: 803842776; firstSeq: 1; lastSeq: 11; "
1750527576427,1750527576428,0,1,3,0,TMStatusChange,"newEvent: neACCEPTED_LEDGER; ledgerSeq: 12; ledgerHash: ""\305;a\314\265R\310\017\317\331\235\360\262\240:\277\202\266\354\265X""\022\nh\252\352w\204\203\023]""; ledgerHashPrevious: ""\207\270b\315\333\333\334\310I\323&\014\352XZnW2.\335\347\202\021\247\362\212e\034\000\001\250\220""; networkTime: 803842776; firstSeq: 1; lastSeq: 11; ","newEvent: neACCEPTED_LEDGER; ledgerSeq: 12; ledgerHash: ""\305;a\314\265R\310\017\317\331\235\360\262\240:\277\202\266\354\265X""\022\nh\252\352w\204\203\023]""; ledgerHashPrevious: ""\207\270b\315\333\333\334\310I\323&\014\352XZnW2.\335\347\202\021\247\362\212e\034\000\001\250\220""; networkTime: 803842776; firstSeq: 1; lastSeq: 11; "
1750527576428,1750527576428,0,1,3,1,TMStatusChange,"newEvent: neACCEPTED_LEDGER; ledgerSeq: 12; ledgerHash: ""\305;a\314\265R\310\017\317\331\235\360\262\240:\277\202\266\354\265X""\022\nh\252\352w\204\203\023]""; ledgerHashPrevious: ""\207\270b\315\333\333\334\310I\323&\014\352XZnW2.\335\347\202\021\247\362\212e\034\000\001\250\220""; networkTime: 803842776; firstSeq: 1; lastSeq: 11; ","newEvent: neACCEPTED_LEDGER; ledgerSeq: 12; ledgerHash: ""\305;a\314\265R\310\017\317\331\235\360\262\240:\277\202\266\354\265X""\022\nh\252\352w\204\203\023]""; ledgerHashPrevious: ""\207\270b\315\333\333\334\310I\323&\014\352XZnW2.\335\347\202\021\247\362\212e\034\000\001\250\220""; networkTime: 803842776; firstSeq: 1; lastSeq: 11; "
1750527576428,1750527576428,0,1,3,0,TMValidation,"validation: """"\200\000\000\001&\000\000\000\014)/\351\252\330:p\210\265\307-\212\200\004Q\305;a\314\265R\310\017\317\331\235\360\262\240:\277\202\266\354\265X""\022\nh\252\352w\204\203\023]P\027\000\000\000\000\000\000\000\000\000\000\000\000\000\000\000\000\000\000\000\000\000\000\000\000\000\000\000\000\000\000\000\000P\031\207\270b\315\333\333\334\310I\323&\014\352XZnW2.\335\347\202\021\247\362\212e\034\000\001\250\220s!\002\364d\217\366\217|\316F\232\231\241\n\261\333`\312O\367\235\025DD\336e\367\n\312\326\221\037\025\230vG0E\002!\000\330\177\334P\365\244\013c\000)I\205b\253\312\300\257\254I \353%$M\020O\321\210\231\256qB\002 \005\306\000\202=!|J\207\340\252\370\367k\350\275\003>\242F6\247?$\r\336T\331\225l\177\275""; ","validation: """"\200\000\000\001&\000\000\000\014)/\351\252\330:p\210\265\307-\212\200\004Q\305;a\314\265R\310\017\317\331\235\360\262\240:\277\202\266\354\265X""\022\nh\252\352w\204\203\023]P\027\000\000\000\000\000\000\000\000\000\000\000\000\000\000\000\000\000\000\000\000\000\000\000\000\000\000\000\000\000\000\000\000P\031\207\270b\315\333\333\334\310I\323&\014\352XZnW2.\335\347\202\021\247\362\212e\034\000\001\250\220s!\002\364d\217\366\217|\316F\232\231\241\n\261\333`\312O\367\235\025DD\336e\367\n\312\326\221\037\025\230vG0E\002!\000\330\177\334P\365\244\013c\000)I\205b\253\312\300\257\254I \353%$M\020O\321\210\231\256qB\002 \005\306\000\202=!|J\207\340\252\370\367k\350\275\003>\242F6\247?$\r\336T\331\225l\177\275""; "
1750527576428,1750527576428,0,1,3,1,TMValidation,"validation: """"\200\000\000\001&\000\000\000\014)/\351\252\330:p\210\265\307-\212\200\004Q\305;a\314\265R\310\017\317\331\235\360\262\240:\277\202\266\354\265X""\022\nh\252\352w\204\203\023]P\027\000\000\000\000\000\000\000\000\000\000\000\000\000\000\000\000\000\000\000\000\000\000\000\000\000\000\000\000\000\000\000\000P\031\207\270b\315\333\333\334\310I\323&\014\352XZnW2.\335\347\202\021\247\362\212e\034\000\001\250\220s!\002\364d\217\366\217|\316F\232\231\241\n\261\333`\312O\367\235\025DD\336e\367\n\312\326\221\037\025\230vG0E\002!\000\330\177\334P\365\244\013c\000)I\205b\253\312\300\257\254I \353%$M\020O\321\210\231\256qB\002 \005\306\000\202=!|J\207\340\252\370\367k\350\275\003>\242F6\247?$\r\336T\331\225l\177\275""; ","validation: """"\200\000\000\001&\000\000\000\014)/\351\252\330:p\210\265\307-\212\200\004Q\305;a\314\265R\310\017\317\331\235\360\262\240:\277\202\266\354\265X""\022\nh\252\352w\204\203\023]P\027\000\000\000\000\000\000\000\000\000\000\000\000\000\000\000\000\000\000\000\000\000\000\000\000\000\000\000\000\000\000\000\000P\031\207\270b\315\333\333\334\310I\323&\014\352XZnW2.\335\347\202\021\247\362\212e\034\000\001\250\220s!\002\364d\217\366\217|\316F\232\231\241\n\261\333`\312O\367\235\025DD\336e\367\n\312\326\221\037\025\230vG0E\002!\000\330\177\334P\365\244\013c\000)I\205b\253\312\300\257\254I \353%$M\020O\321\210\231\256qB\002 \005\306\000\202=!|J\207\340\252\370\367k\350\275\003>\242F6\247?$\r\336T\331\225l\177\275""; "
1750527576428,1750527576429,0,1,3,2,TMStatusChange,"newEvent: neACCEPTED_LEDGER; ledgerSeq: 12; ledgerHash: ""\305;a\314\265R\310\017\317\331\235\360\262\240:\277\202\266\354\265X""\022\nh\252\352w\204\203\023]""; ledgerHashPrevious: ""\207\270b\315\333\333\334\310I\323&\014\352XZnW2.\335\347\202\021\247\362\212e\034\000\001\250\220""; networkTime: 803842776; firstSeq: 1; lastSeq: 11; ","newEvent: neACCEPTED_LEDGER; ledgerSeq: 12; ledgerHash: ""\305;a\314\265R\310\017\317\331\235\360\262\240:\277\202\266\354\265X""\022\nh\252\352w\204\203\023]""; ledgerHashPrevious: ""\207\270b\315\333\333\334\310I\323&\014\352XZnW2.\335\347\202\021\247\362\212e\034\000\001\250\220""; networkTime: 803842776; firstSeq: 1; lastSeq: 11; "
1750527576431,1750527576431,0,1,4,2,TMValidation,"validation: """"\200\000\000\001&\000\000\000\014)/\351\252\330:p\210\265\307-\212\200\004Q\305;a\314\265R\310\017\317\331\235\360\262\240:\277\202\266\354\265X""\022\nh\252\352w\204\203\023]P\027\000\000\000\000\000\000\000\000\000\000\000\000\000\000\000\000\000\000\000\000\000\000\000\000\000\000\000\000\000\000\000\000P\031\207\270b\315\333\333\334\310I\323&\014\352XZnW2.\335\347\202\021\247\362\212e\034\000\001\250\220s!\002\364d\217\366\217|\316F\232\231\241\n\261\333`\312O\367\235\025DD\336e\367\n\312\326\221\037\025\230vG0E\002!\000\330\177\334P\365\244\013c\000)I\205b\253\312\300\257\254I \353%$M\020O\321\210\231\256qB\002 \005\306\000\202=!|J\207\340\252\370\367k\350\275\003>\242F6\247?$\r\336T\331\225l\177\275""; ","validation: """"\200\000\000\001&\000\000\000\014)/\351\252\330:p\210\265\307-\212\200\004Q\305;a\314\265R\310\017\317\331\235\360\262\240:\277\202\266\354\265X""\022\nh\252\352w\204\203\023]P\027\000\000\000\000\000\000\000\000\000\000\000\000\000\000\000\000\000\000\000\000\000\000\000\000\000\000\000\000\000\000\000\000P\031\207\270b\315\333\333\334\310I\323&\014\352XZnW2.\335\347\202\021\247\362\212e\034\000\001\250\220s!\002\364d\217\366\217|\316F\232\231\241\n\261\333`\312O\367\235\025DD\336e\367\n\312\326\221\037\025\230vG0E\002!\000\330\177\334P\365\244\013c\000)I\205b\253\312\300\257\254I \353%$M\020O\321\210\231\256qB\002 \005\306\000\202=!|J\207\340\252\370\367k\350\275\003>\242F6\247?$\r\336T\331\225l\177\275""; "
1750527576431,1750527576431,0,1,4,1,TMGetLedger,"itype: liBASE; ledgerHash: ""\305;a\314\265R\310\017\317\331\235\360\262\240:\277\202\266\354\265X""\022\nh\252\352w\204\203\023]""; ","itype: liBASE; ledgerHash: ""\305;a\314\265R\310\017\317\331\235\360\262\240:\277\202\266\354\265X""\022\nh\252\352w\204\203\023]""; "
1750527576432,1750527576432,0,1,4,0,TMGetLedger,"itype: liBASE; ledgerHash: ""\305;a\314\265R\310\017\317\331\235\360\262\240:\277\202\266\354\265X""\022\nh\252\352w\204\203\023]""; ","itype: liBASE; ledgerHash: ""\305;a\314\265R\310\017\317\331\235\360\262\240:\277\202\266\354\265X""\022\nh\252\352w\204\203\023]""; "
1750527576432,1750527576432,0,1,4,1,TMValidation,"validation: """"\200\000\000\001&\000\000\000\014)/\351\252\330:p\210\265\307-\212\200\004Q\305;a\314\265R\310\017\317\331\235\360\262\240:\277\202\266\354\265X""\022\nh\252\352w\204\203\023]P\027\000\000\000\000\000\000\000\000\000\000\000\000\000\000\000\000\000\000\000\000\000\000\000\000\000\000\000\000\000\000\000\000P\031\207\270b\315\333\333\334\310I\323&\014\352XZnW2.\335\347\202\021\247\362\212e\034\000\001\250\220s!\002\364d\217\366\217|\316F\232\231\241\n\261\333`\312O\367\235\025DD\336e\367\n\312\326\221\037\025\230vG0E\002!\000\330\177\334P\365\244\013c\000)I\205b\253\312\300\257\254I \353%$M\020O\321\210\231\256qB\002 \005\306\000\202=!|J\207\340\252\370\367k\350\275\003>\242F6\247?$\r\336T\331\225l\177\275""; ","validation: """"\200\000\000\001&\000\000\000\014)/\351\252\330:p\210\265\307-\212\200\004Q\305;a\314\265R\310\017\317\331\235\360\262\240:\277\202\266\354\265X""\022\nh\252\352w\204\203\023]P\027\000\000\000\000\000\000\000\000\000\000\000\000\000\000\000\000\000\000\000\000\000\000\000\000\000\000\000\000\000\000\000\000P\031\207\270b\315\333\333\334\310I\323&\014\352XZnW2.\335\347\202\021\247\362\212e\034\000\001\250\220s!\002\364d\217\366\217|\316F\232\231\241\n\261\333`\312O\367\235\025DD\336e\367\n\312\326\221\037\025\230vG0E\002!\000\330\177\334P\365\244\013c\000)I\205b\253\312\300\257\254I \353%$M\020O\321\210\231\256qB\002 \005\306\000\202=!|J\207\340\252\370\367k\350\275\003>\242F6\247?$\r\336T\331\225l\177\275""; "
1750527576433,1750527576433,0,1,4,0,TMValidation,"validation: """"\200\000\000\001&\000\000\000\014)/\351\252\330:p\210\265\307-\212\200\004Q\305;a\314\265R\310\017\317\331\235\360\262\240:\277\202\266\354\265X""\022\nh\252\352w\204\203\023]P\027\000\000\000\000\000\000\000\000\000\000\000\000\000\000\000\000\000\000\000\000\000\000\000\000\000\000\000\000\000\000\000\000P\031\207\270b\315\333\333\334\310I\323&\014\352XZnW2.\335\347\202\021\247\362\212e\034\000\001\250\220s!\002\364d\217\366\217|\316F\232\231\241\n\261\333`\312O\367\235\025DD\336e\367\n\312\326\221\037\025\230vG0E\002!\000\330\177\334P\365\244\013c\000)I\205b\253\312\300\257\254I \353%$M\020O\321\210\231\256qB\002 \005\306\000\202=!|J\207\340\252\370\367k\350\275\003>\242F6\247?$\r\336T\331\225l\177\275""; ","validation: """"\200\000\000\001&\000\000\000\014)/\351\252\330:p\210\265\307-\212\200\004Q\305;a\314\265R\310\017\317\331\235\360\262\240:\277\202\266\354\265X""\022\nh\252\352w\204\203\023]P\027\000\000\000\000\000\000\000\000\000\000\000\000\000\000\000\000\000\000\000\000\000\000\000\000\000\000\000\000\000\000\000\000P\031\207\270b\315\333\333\334\310I\323&\014\352XZnW2.\335\347\202\021\247\362\212e\034\000\001\250\220s!\002\364d\217\366\217|\316F\232\231\241\n\261\333`\312O\367\235\025DD\336e\367\n\312\326\221\037\025\230vG0E\002!\000\330\177\334P\365\244\013c\000)I\205b\253\312\300\257\254I \353%$M\020O\321\210\231\256qB\002 \005\306\000\202=!|J\207\340\252\370\367k\350\275\003>\242F6\247?$\r\336T\331\225l\177\275""; "
1750527576433,1750527576433,0,1,4,2,TMGetLedger,"itype: liBASE; ledgerHash: ""\305;a\314\265R\310\017\317\331\235\360\262\240:\277\202\266\354\265X""\022\nh\252\352w\204\203\023]""; ","itype: liBASE; ledgerHash: ""\305;a\314\265R\310\017\317\331\235\360\262\240:\277\202\266\354\265X""\022\nh\252\352w\204\203\023]""; "
1750527576434,1750527576434,0,1,4,2,TMGetLedger,"itype: liBASE; ledgerHash: ""\305;a\314\265R\310\017\317\331\235\360\262\240:\277\202\266\354\265X""\022\nh\252\352w\204\203\023]""; queryType: qtINDIRECT; ","itype: liBASE; ledgerHash: ""\305;a\314\265R\310\017\317\331\235\360\262\240:\277\202\266\354\265X""\022\nh\252\352w\204\203\023]""; queryType: qtINDIRECT; "
1750527576435,1750527576435,0,1,4,3,TMGetLedger,"itype: liBASE; ledgerHash: ""\305;a\314\265R\310\017\317\331\235\360\262\240:\277\202\266\354\265X""\022\nh\252\352w\204\203\023]""; ","itype: liBASE; ledgerHash: ""\305;a\314\265R\310\017\317\331\235\360\262\240:\277\202\266\354\265X""\022\nh\252\352w\204\203\023]""; "
1750527576436,1750527576436,589,1,2,0,TMGetLedger,"itype: liBASE; ledgerHash: ""\207\270b\315\333\333\334\310I\323&\014\352XZnW2.\335\347\202\021\247\362\212e\034\000\001\250\220""; ledgerSeq: 11; queryType: qtINDIRECT; ","itype: liBASE; ledgerHash: ""\207\270b\315\333\333\334\310I\323&\014\352XZnW2.\335\347\202\021\247\362\212e\034\000\001\250\220""; ledgerSeq: 11; queryType: qtINDIRECT; "
1750527576436,1750527576436,1544,1,2,1,TMGetLedger,"itype: liBASE; ledgerHash: ""\207\270b\315\333\333\334\310I\323&\014\352XZnW2.\335\347\202\021\247\362\212e\034\000\001\250\220""; ledgerSeq: 11; queryType: qtINDIRECT; ","itype: liBASE; ledgerHash: ""\207\270b\315\333\333\334\310I\323&\014\352XZnW2.\335\347\202\021\247\362\212e\034\000\001\250\220""; ledgerSeq: 11; queryType: qtINDIRECT; "
1750527576441,1750527576442,4000,1,2,3,TMGetLedger,"itype: liBASE; ledgerHash: ""\207\270b\315\333\333\334\310I\323&\014\352XZnW2.\335\347\202\021\247\362\212e\034\000\001\250\220""; ledgerSeq: 11; queryType: qtINDIRECT; ","itype: liBASE; ledgerHash: ""\207\270b\315\333\333\334\310I\323&\014\352XZnW2.\335\347\202\021\247\362\212e\034\000\001\250\220""; ledgerSeq: 11; queryType: qtINDIRECT; "
1750527576443,1750527576443,0,1,4,1,TMGetLedger,"itype: liBASE; ledgerHash: ""\305;a\314\265R\310\017\317\331\235\360\262\240:\277\202\266\354\265X""\022\nh\252\352w\204\203\023]""; queryType: qtINDIRECT; ","itype: liBASE; ledgerHash: ""\305;a\314\265R\310\017\317\331\235\360\262\240:\277\202\266\354\265X""\022\nh\252\352w\204\203\023]""; queryType: qtINDIRECT; "
1750527576444,1750527576444,0,1,4,0,TMGetLedger,"itype: liBASE; ledgerHash: ""\305;a\314\265R\310\017\317\331\235\360\262\240:\277\202\266\354\265X""\022\nh\252\352w\204\203\023]""; queryType: qtINDIRECT; ","itype: liBASE; ledgerHash: ""\305;a\314\265R\310\017\317\331\235\360\262\240:\277\202\266\354\265X""\022\nh\252\352w\204\203\023]""; queryType: qtINDIRECT; "
1750527576445,1750527576445,3719,1,2,4,TMGetLedger,"itype: liBASE; ledgerHash: ""\207\270b\315\333\333\334\310I\323&\014\352XZnW2.\335\347\202\021\247\362\212e\034\000\001\250\220""; ledgerSeq: 11; queryType: qtINDIRECT; ","itype: liBASE; ledgerHash: ""\207\270b\315\333\333\334\310I\323&\014\352XZnW2.\335\347\202\021\247\362\212e\034\000\001\250\220""; ledgerSeq: 11; queryType: qtINDIRECT; "
1750527576445,1750527576445,0,1,4,3,TMGetLedger,"itype: liBASE; ledgerHash: ""\305;a\314\265R\310\017\317\331\235\360\262\240:\277\202\266\354\265X""\022\nh\252\352w\204\203\023]""; queryType: qtINDIRECT; ","itype: liBASE; ledgerHash: ""\305;a\314\265R\310\017\317\331\235\360\262\240:\277\202\266\354\265X""\022\nh\252\352w\204\203\023]""; queryType: qtINDIRECT; "
1750527576446,1750527576446,3719,1,2,4,TMGetLedger,"itype: liBASE; ledgerHash: ""\305;a\314\265R\310\017\317\331\235\360\262\240:\277\202\266\354\265X""\022\nh\252\352w\204\203\023]""; ledgerSeq: 12; ","itype: liBASE; ledgerHash: ""\305;a\314\265R\310\017\317\331\235\360\262\240:\277\202\266\354\265X""\022\nh\252\352w\204\203\023]""; ledgerSeq: 12; "
1750527576447,1750527576447,4000,1,2,3,TMGetLedger,"itype: liBASE; ledgerHash: ""\305;a\314\265R\310\017\317\331\235\360\262\240:\277\202\266\354\265X""\022\nh\252\352w\204\203\023]""; ledgerSeq: 12; ","itype: liBASE; ledgerHash: ""\305;a\314\265R\310\017\317\331\235\360\262\240:\277\202\266\354\265X""\022\nh\252\352w\204\203\023]""; ledgerSeq: 12; "
1750527576448,1750527576448,589,1,2,0,TMGetLedger,"itype: liBASE; ledgerHash: ""\305;a\314\265R\310\017\317\331\235\360\262\240:\277\202\266\354\265X""\022\nh\252\352w\204\203\023]""; ledgerSeq: 12; ","itype: liBASE; ledgerHash: ""\305;a\314\265R\310\017\317\331\235\360\262\240:\277\202\266\354\265X""\022\nh\252\352w\204\203\023]""; ledgerSeq: 12; "
1750527576448,1750527576448,3128,1,2,4,TMValidation,"validation: """"\200\000\000\001&\000\000\000\014)/\351\252\330:p\210\265\307-\212\200\004Q\305;a\314\265R\310\017\317\331\235\360\262\240:\277\202\266\354\265X""\022\nh\252\352w\204\203\023]P\027\000\000\000\000\000\000\000\000\000\000\000\000\000\000\000\000\000\000\000\000\000\000\000\000\000\000\000\000\000\000\000\000P\031\207\270b\315\333\333\334\310I\323&\014\352XZnW2.\335\347\202\021\247\362\212e\034\000\001\250\220s!\002\364d\217\366\217|\316F\232\231\241\n\261\333`\312O\367\235\025DD\336e\367\n\312\326\221\037\025\230vG0E\002!\000\330\177\334P\365\244\013c\000)I\205b\253\312\300\257\254I \353%$M\020O\321\210\231\256qB\002 \005\306\000\202=!|J\207\340\252\370\367k\350\275\003>\242F6\247?$\r\336T\331\225l\177\275""; ","validation: """"\200\000\000\001&\000\000\000\014)/\351\252\330:p\210\265\307-\212\200\004Q\305;a\314\265R\310\017\317\331\235\360\262\240:\277\202\266\354\265X""\022\nh\252\352w\204\203\023]P\027\000\000\000\000\000\000\000\000\000\000\000\000\000\000\000\000\000\000\000\000\000\000\000\000\000\000\000\000\000\000\000\000P\031\207\270b\315\333\333\334\310I\323&\014\352XZnW2.\335\347\202\021\247\362\212e\034\000\001\250\220s!\002\364d\217\366\217|\316F\232\231\241\n\261\333`\312O\367\235\025DD\336e\367\n\312\326\221\037\025\230vG0E\002!\000\330\177\334P\365\244\013c\000)I\205b\253\312\300\257\254I \353%$M\020O\321\210\231\256qB\002 \005\306\000\202=!|J\207\340\252\370\367k\350\275\003>\242F6\247?$\r\336T\331\225l\177\275""; "
1750527576449,1750527576449,4000,1,2,3,TMGetLedger,"itype: liBASE; ledgerHash: ""\305;a\314\265R\310\017\317\331\235\360\262\240:\277\202\266\354\265X""\022\nh\252\352w\204\203\023]""; ledgerSeq: 12; queryType: qtINDIRECT; ","itype: liBASE; ledgerHash: ""\305;a\314\265R\310\017\317\331\235\360\262\240:\277\202\266\354\265X""\022\nh\252\352w\204\203\023]""; ledgerSeq: 12; queryType: qtINDIRECT; "
1750527576449,1750527576450,446,1,2,0,TMValidation,"validation: """"\200\000\000\001&\000\000\000\014)/\351\252\330:p\210\265\307-\212\200\004Q\305;a\314\265R\310\017\317\331\235\360\262\240:\277\202\266\354\265X""\022\nh\252\352w\204\203\023]P\027\000\000\000\000\000\000\000\000\000\000\000\000\000\000\000\000\000\000\000\000\000\000\000\000\000\000\000\000\000\000\000\000P\031\207\270b\315\333\333\334\310I\323&\014\352XZnW2.\335\347\202\021\247\362\212e\034\000\001\250\220s!\002\364d\217\366\217|\316F\232\231\241\n\261\333`\312O\367\235\025DD\336e\367\n\312\326\221\037\025\230vG0E\002!\000\330\177\334P\365\244\013c\000)I\205b\253\312\300\257\254I \353%$M\020O\321\210\231\256qB\002 \005\306\000\202=!|J\207\340\252\370\367k\350\275\003>\242F6\247?$\r\336T\331\225l\177\275""; ","validation: """"\200\000\000\001&\000\000\000\014)/\351\252\330:p\210\265\307-\212\200\004Q\305;a\314\265R\310\017\317\331\235\360\262\240:\277\202\266\354\265X""\022\nh\252\352w\204\203\023]P\027\000\000\000\000\000\000\000\000\000\000\000\000\000\000\000\000\000\000\000\000\000\000\000\000\000\000\000\000\000\000\000\000P\031\207\270b\315\333\333\334\310I\323&\014\352XZnW2.\335\347\202\021\247\362\212e\034\000\001\250\220s!\002\364d\217\366\217|\316F\232\231\241\n\261\333`\312O\367\235\025DD\336e\367\n\312\326\221\037\025\230vG0E\002!\000\330\177\334P\365\244\013c\000)I\205b\253\312\300\257\254I \353%$M\020O\321\210\231\256qB\002 \005\306\000\202=!|J\207\340\252\370\367k\350\275\003>\242F6\247?$\r\336T\331\225l\177\275""; "
1750527576450,1750527576450,589,1,2,0,TMGetLedger,"itype: liBASE; ledgerHash: ""\305;a\314\265R\310\017\317\331\235\360\262\240:\277\202\266\354\265X""\022\nh\252\352w\204\203\023]""; ledgerSeq: 12; queryType: qtINDIRECT; ","itype: liBASE; ledgerHash: ""\305;a\314\265R\310\017\317\331\235\360\262\240:\277\202\266\354\265X""\022\nh\252\352w\204\203\023]""; ledgerSeq: 12; queryType: qtINDIRECT; "
1750527576450,1750527576451,3719,1,2,4,TMGetLedger,"itype: liBASE; ledgerHash: ""\305;a\314\265R\310\017\317\331\235\360\262\240:\277\202\266\354\265X""\022\nh\252\352w\204\203\023]""; ledgerSeq: 12; queryType: qtINDIRECT; ","itype: liBASE; ledgerHash: ""\305;a\314\265R\310\017\317\331\235\360\262\240:\277\202\266\354\265X""\022\nh\252\352w\204\203\023]""; ledgerSeq: 12; queryType: qtINDIRECT; "
1750527576451,1750527576451,3094,1,0,3,TMGetLedger,"itype: liBASE; ledgerHash: ""\305;a\314\265R\310\017\317\331\235\360\262\240:\277\202\266\354\265X""\022\nh\252\352w\204\203\023]""; ledgerSeq: 12; ","itype: liBASE; ledgerHash: ""\305;a\314\265R\310\017\317\331\235\360\262\240:\277\202\266\354\265X""\022\nh\252\352w\204\203\023]""; ledgerSeq: 12; "
1750527576452,1750527576452,1199,1,0,2,TMGetLedger,"itype: liBASE; ledgerHash: ""\305;a\314\265R\310\017\317\331\235\360\262\240:\277\202\266\354\265X""\022\nh\252\352w\204\203\023]""; ledgerSeq: 12; ","itype: liBASE; ledgerHash: ""\305;a\314\265R\310\017\317\331\235\360\262\240:\277\202\266\354\265X""\022\nh\252\352w\204\203\023]""; ledgerSeq: 12; "
1750527576452,1750527576452,3375,1,0,1,TMGetLedger,"itype: liBASE; ledgerHash: ""\305;a\314\265R\310\017\317\331\235\360\262\240:\277\202\266\354\265X""\022\nh\252\352w\204\203\023]""; ledgerSeq: 12; ","itype: liBASE; ledgerHash: ""\305;a\314\265R\310\017\317\331\235\360\262\240:\277\202\266\354\265X""\022\nh\252\352w\204\203\023]""; ledgerSeq: 12; "
1750527576453,1750527576453,782,1,0,4,TMValidation,"validation: """"\200\000\000\001&\000\000\000\014)/\351\252\330:p\210\265\307-\212\200\004Q\305;a\314\265R\310\017\317\331\235\360\262\240:\277\202\266\354\265X""\022\nh\252\352w\204\203\023]P\027\000\000\000\000\000\000\000\000\000\000\000\000\000\000\000\000\000\000\000\000\000\000\000\000\000\000\000\000\000\000\000\000P\031\207\270b\315\333\333\334\310I\323&\014\352XZnW2.\335\347\202\021\247\362\212e\034\000\001\250\220s!\002\364d\217\366\217|\316F\232\231\241\n\261\333`\312O\367\235\025DD\336e\367\n\312\326\221\037\025\230vG0E\002!\000\330\177\334P\365\244\013c\000)I\205b\253\312\300\257\254I \353%$M\020O\321\210\231\256qB\002 \005\306\000\202=!|J\207\340\252\370\367k\350\275\003>\242F6\247?$\r\336T\331\225l\177\275""; ","validation: """"\200\000\000\001&\000\000\000\014)/\351\252\330:p\210\265\307-\212\200\004Q\305;a\314\265R\310\017\317\331\235\360\262\240:\277\202\266\354\265X""\022\nh\252\352w\204\203\023]P\027\000\000\000\000\000\000\000\000\000\000\000\000\000\000\000\000\000\000\000\000\000\000\000\000\000\000\000\000\000\000\000\000P\031\207\270b\315\333\333\334\310I\323&\014\352XZnW2.\335\347\202\021\247\362\212e\034\000\001\250\220s!\002\364d\217\366\217|\316F\232\231\241\n\261\333`\312O\367\235\025DD\336e\367\n\312\326\221\037\025\230vG0E\002!\000\330\177\334P\365\244\013c\000)I\205b\253\312\300\257\254I \353%$M\020O\321\210\231\256qB\002 \005\306\000\202=!|J\207\340\252\370\367k\350\275\003>\242F6\247?$\r\336T\331\225l\177\275""; "
1750527576454,1750527576454,380,1,0,4,TMGetLedger,"itype: liBASE; ledgerHash: ""\305;a\314\265R\310\017\317\331\235\360\262\240:\277\202\266\354\265X""\022\nh\252\352w\204\203\023]""; ledgerSeq: 12; ","itype: liBASE; ledgerHash: ""\305;a\314\265R\310\017\317\331\235\360\262\240:\277\202\266\354\265X""\022\nh\252\352w\204\203\023]""; ledgerSeq: 12; "
1750527576454,1750527576454,2261,1,0,1,TMValidation,"validation: """"\200\000\000\001&\000\000\000\014)/\351\252\330:p\210\265\307-\212\200\004Q\305;a\314\265R\310\017\317\331\235\360\262\240:\277\202\266\354\265X""\022\nh\252\352w\204\203\023]P\027\000\000\000\000\000\000\000\000\000\000\000\000\000\000\000\000\000\000\000\000\000\000\000\000\000\000\000\000\000\000\000\000P\031\207\270b\315\333\333\334\310I\323&\014\352XZnW2.\335\347\202\021\247\362\212e\034\000\001\250\220s!\002\364d\217\366\217|\316F\232\231\241\n\261\333`\312O\367\235\025DD\336e\367\n\312\326\221\037\025\230vG0E\002!\000\330\177\334P\365\244\013c\000)I\205b\253\312\300\257\254I \353%$M\020O\321\210\231\256qB\002 \005\306\000\202=!|J\207\340\252\370\367k\350\275\003>\242F6\247?$\r\336T\331\225l\177\275""; ","validation: """"\200\000\000\001&\000\000\000\014)/\351\252\330:p\210\265\307-\212\200\004Q\305;a\314\265R\310\017\317\331\235\360\262\240:\277\202\266\354\265X""\022\nh\252\352w\204\203\023]P\027\000\000\000\000\000\000\000\000\000\000\000\000\000\000\000\000\000\000\000\000\000\000\000\000\000\000\000\000\000\000\000\000P\031\207\270b\315\333\333\334\310I\323&\014\352XZnW2.\335\347\202\021\247\362\212e\034\000\001\250\220s!\002\364d\217\366\217|\316F\232\231\241\n\261\333`\312O\367\235\025DD\336e\367\n\312\326\221\037\025\230vG0E\002!\000\330\177\334P\365\244\013c\000)I\205b\253\312\300\257\254I \353%$M\020O\321\210\231\256qB\002 \005\306\000\202=!|J\207\340\252\370\367k\350\275\003>\242F6\247?$\r\336T\331\225l\177\275""; "
1750527576455,1750527576455,1933,1,0,2,TMValidation,"validation: """"\200\000\000\001&\000\000\000\014)/\351\252\330:p\210\265\307-\212\200\004Q\305;a\314\265R\310\017\317\331\235\360\262\240:\277\202\266\354\265X""\022\nh\252\352w\204\203\023]P\027\000\000\000\000\000\000\000\000\000\000\000\000\000\000\000\000\000\000\000\000\000\000\000\000\000\000\000\000\000\000\000\000P\031\207\270b\315\333\333\334\310I\323&\014\352XZnW2.\335\347\202\021\247\362\212e\034\000\001\250\220s!\002\364d\217\366\217|\316F\232\231\241\n\261\333`\312O\367\235\025DD\336e\367\n\312\326\221\037\025\230vG0E\002!\000\330\177\334P\365\244\013c\000)I\205b\253\312\300\257\254I \353%$M\020O\321\210\231\256qB\002 \005\306\000\202=!|J\207\340\252\370\367k\350\275\003>\242F6\247?$\r\336T\331\225l\177\275""; ","validation: """"\200\000\000\001&\000\000\000\014)/\351\252\330:p\210\265\307-\212\200\004Q\305;a\314\265R\310\017\317\331\235\360\262\240:\277\202\266\354\265X""\022\nh\252\352w\204\203\023]P\027\000\000\000\000\000\000\000\000\000\000\000\000\000\000\000\000\000\000\000\000\000\000\000\000\000\000\000\000\000\000\000\000P\031\207\270b\315\333\333\334\310I\323&\014\352XZnW2.\335\347\202\021\247\362\212e\034\000\001\250\220s!\002\364d\217\366\217|\316F\232\231\241\n\261\333`\312O\367\235\025DD\336e\367\n\312\326\221\037\025\230vG0E\002!\000\330\177\334P\365\244\013c\000)I\205b\253\312\300\257\254I \353%$M\020O\321\210\231\256qB\002 \005\306\000\202=!|J\207\340\252\370\367k\350\275\003>\242F6\247?$\r\336T\331\225l\177\275""; "
1750527576456,1750527576456,1199,1,0,2,TMGetLedger,"itype: liBASE; ledgerHash: ""\305;a\314\265R\310\017\317\331\235\360\262\240:\277\202\266\354\265X""\022\nh\252\352w\204\203\023]""; ledgerSeq: 12; queryType: qtINDIRECT; ","itype: liBASE; ledgerHash: ""\305;a\314\265R\310\017\317\331\235\360\262\240:\277\202\266\354\265X""\022\nh\252\352w\204\203\023]""; ledgerSeq: 12; queryType: qtINDIRECT; "
1750527576456,1750527576456,3094,1,0,3,TMGetLedger,"itype: liBASE; ledgerHash: ""\305;a\314\265R\310\017\317\331\235\360\262\240:\277\202\266\354\265X""\022\nh\252\352w\204\203\023]""; ledgerSeq: 12; queryType: qtINDIRECT; ","itype: liBASE; ledgerHash: ""\305;a\314\265R\310\017\317\331\235\360\262\240:\277\202\266\354\265X""\022\nh\252\352w\204\203\023]""; ledgerSeq: 12; queryType: qtINDIRECT; "
1750527576456,1750527576456,380,1,0,4,TMGetLedger,"itype: liBASE; ledgerHash: ""\305;a\314\265R\310\017\317\331\235\360\262\240:\277\202\266\354\265X""\022\nh\252\352w\204\203\023]""; ledgerSeq: 12; queryType: qtINDIRECT; ","itype: liBASE; ledgerHash: ""\305;a\314\265R\310\017\317\331\235\360\262\240:\277\202\266\354\265X""\022\nh\252\352w\204\203\023]""; ledgerSeq: 12; queryType: qtINDIRECT; "
1750527576457,1750527576457,3375,1,0,1,TMGetLedger,"itype: liBASE; ledgerHash: ""\305;a\314\265R\310\017\317\331\235\360\262\240:\277\202\266\354\265X""\022\nh\252\352w\204\203\023]""; ledgerSeq: 12; queryType: qtINDIRECT; ","itype: liBASE; ledgerHash: ""\305;a\314\265R\310\017\317\331\235\360\262\240:\277\202\266\354\265X""\022\nh\252\352w\204\203\023]""; ledgerSeq: 12; queryType: qtINDIRECT; "
1750527576457,1750527576458,3769,1,1,3,TMGetLedger,"itype: liBASE; ledgerHash: ""\207\270b\315\333\333\334\310I\323&\014\352XZnW2.\335\347\202\021\247\362\212e\034\000\001\250\220""; ledgerSeq: 11; queryType: qtINDIRECT; ","itype: liBASE; ledgerHash: ""\207\270b\315\333\333\334\310I\323&\014\352XZnW2.\335\347\202\021\247\362\212e\034\000\001\250\220""; ledgerSeq: 11; queryType: qtINDIRECT; "
1750527576458,1750527576458,1495,1,1,2,TMGetLedger,"itype: liBASE; ledgerHash: ""\207\270b\315\333\333\334\310I\323&\014\352XZnW2.\335\347\202\021\247\362\212e\034\000\001\250\220""; ledgerSeq: 11; queryType: qtINDIRECT; ","itype: liBASE; ledgerHash: ""\207\270b\315\333\333\334\310I\323&\014\352XZnW2.\335\347\202\021\247\362\212e\034\000\001\250\220""; ledgerSeq: 11; queryType: qtINDIRECT; "
1750527576459,1750527576459,2920,1,1,0,TMGetLedger,"itype: liBASE; ledgerHash: ""\207\270b\315\333\333\334\310I\323&\014\352XZnW2.\335\347\202\021\247\362\212e\034\000\001\250\220""; ledgerSeq: 11; queryType: qtINDIRECT; ","itype: liBASE; ledgerHash: ""\207\270b\315\333\333\334\310I\323&\014\352XZnW2.\335\347\202\021\247\362\212e\034\000\001\250\220""; ledgerSeq: 11; queryType: qtINDIRECT; "
1750527576459,1750527576459,3810,1,1,4,TMGetLedger,"itype: liBASE; ledgerHash: ""\207\270b\315\333\333\334\310I\323&\014\352XZnW2.\335\347\202\021\247\362\212e\034\000\001\250\220""; ledgerSeq: 11; queryType: qtINDIRECT; ","itype: liBASE; ledgerHash: ""\207\270b\315\333\333\334\310I\323&\014\352XZnW2.\335\347\202\021\247\362\212e\034\000\001\250\220""; ledgerSeq: 11; queryType: qtINDIRECT; "
1750527576460,1750527576460,3769,1,1,3,TMGetLedger,"itype: liBASE; ledgerHash: ""\305;a\314\265R\310\017\317\331\235\360\262\240:\277\202\266\354\265X""\022\nh\252\352w\204\203\023]""; ledgerSeq: 12; ","itype: liBASE; ledgerHash: ""\305;a\314\265R\310\017\317\331\235\360\262\240:\277\202\266\354\265X""\022\nh\252\352w\204\203\023]""; ledgerSeq: 12; "
1750527576460,1750527576460,1495,1,1,2,TMGetLedger,"itype: liBASE; ledgerHash: ""\305;a\314\265R\310\017\317\331\235\360\262\240:\277\202\266\354\265X""\022\nh\252\352w\204\203\023]""; ledgerSeq: 12; ","itype: liBASE; ledgerHash: ""\305;a\314\265R\310\017\317\331\235\360\262\240:\277\202\266\354\265X""\022\nh\252\352w\204\203\023]""; ledgerSeq: 12; "
1750527576461,1750527576461,3810,1,1,4,TMGetLedger,"itype: liBASE; ledgerHash: ""\305;a\314\265R\310\017\317\331\235\360\262\240:\277\202\266\354\265X""\022\nh\252\352w\204\203\023]""; ledgerSeq: 12; ","itype: liBASE; ledgerHash: ""\305;a\314\265R\310\017\317\331\235\360\262\240:\277\202\266\354\265X""\022\nh\252\352w\204\203\023]""; ledgerSeq: 12; "
1750527576461,1750527576461,3746,1,1,4,TMValidation,"validation: """"\200\000\000\001&\000\000\000\014)/\351\252\330:p\210\265\307-\212\200\004Q\305;a\314\265R\310\017\317\331\235\360\262\240:\277\202\266\354\265X""\022\nh\252\352w\204\203\023]P\027\000\000\000\000\000\000\000\000\000\000\000\000\000\000\000\000\000\000\000\000\000\000\000\000\000\000\000\000\000\000\000\000P\031\207\270b\315\333\333\334\310I\323&\014\352XZnW2.\335\347\202\021\247\362\212e\034\000\001\250\220s!\002\364d\217\366\217|\316F\232\231\241\n\261\333`\312O\367\235\025DD\336e\367\n\312\326\221\037\025\230vG0E\002!\000\330\177\334P\365\244\013c\000)I\205b\253\312\300\257\254I \353%$M\020O\321\210\231\256qB\002 \005\306\000\202=!|J\207\340\252\370\367k\350\275\003>\242F6\247?$\r\336T\331\225l\177\275""; ","validation: """"\200\000\000\001&\000\000\000\014)/\351\252\330:p\210\265\307-\212\200\004Q\305;a\314\265R\310\017\317\331\235\360\262\240:\277\202\266\354\265X""\022\nh\252\352w\204\203\023]P\027\000\000\000\000\000\000\000\000\000\000\000\000\000\000\000\000\000\000\000\000\000\000\000\000\000\000\000\000\000\000\000\000P\031\207\270b\315\333\333\334\310I\323&\014\352XZnW2.\335\347\202\021\247\362\212e\034\000\001\250\220s!\002\364d\217\366\217|\316F\232\231\241\n\261\333`\312O\367\235\025DD\336e\367\n\312\326\221\037\025\230vG0E\002!\000\330\177\334P\365\244\013c\000)I\205b\253\312\300\257\254I \353%$M\020O\321\210\231\256qB\002 \005\306\000\202=!|J\207\340\252\370\367k\350\275\003>\242F6\247?$\r\336T\331\225l\177\275""; "
1750527576462,1750527576462,3810,1,1,4,TMGetLedger,"itype: liBASE; ledgerHash: ""\305;a\314\265R\310\017\317\331\235\360\262\240:\277\202\266\354\265X""\022\nh\252\352w\204\203\023]""; ledgerSeq: 12; queryType: qtINDIRECT; ","itype: liBASE; ledgerHash: ""\305;a\314\265R\310\017\317\331\235\360\262\240:\277\202\266\354\265X""\022\nh\252\352w\204\203\023]""; ledgerSeq: 12; queryType: qtINDIRECT; "
1750527576462,1750527576462,1495,1,1,2,TMGetLedger,"itype: liBASE; ledgerHash: ""\305;a\314\265R\310\017\317\331\235\360\262\240:\277\202\266\354\265X""\022\nh\252\352w\204\203\023]""; ledgerSeq: 12; queryType: qtINDIRECT; ","itype: liBASE; ledgerHash: ""\305;a\314\265R\310\017\317\331\235\360\262\240:\277\202\266\354\265X""\022\nh\252\352w\204\203\023]""; ledgerSeq: 12; queryType: qtINDIRECT; "
1750527576463,1750527576463,949,1,1,2,TMValidation,"validation: """"\200\000\000\001&\000\000\000\014)/\351\252\330:p\210\265\307-\212\200\004Q\305;a\314\265R\310\017\317\331\235\360\262\240:\277\202\266\354\265X""\022\nh\252\352w\204\203\023]P\027\000\000\000\000\000\000\000\000\000\000\000\000\000\000\000\000\000\000\000\000\000\000\000\000\000\000\000\000\000\000\000\000P\031\207\270b\315\333\333\334\310I\323&\014\352XZnW2.\335\347\202\021\247\362\212e\034\000\001\250\220s!\002\364d\217\366\217|\316F\232\231\241\n\261\333`\312O\367\235\025DD\336e\367\n\312\326\221\037\025\230vG0E\002!\000\330\177\334P\365\244\013c\000)I\205b\253\312\300\257\254I \353%$M\020O\321\210\231\256qB\002 \005\306\000\202=!|J\207\340\252\370\367k\350\275\003>\242F6\247?$\r\336T\331\225l\177\275""; ","validation: """"\200\000\000\001&\000\000\000\014)/\351\252\330:p\210\265\307-\212\200\004Q\305;a\314\265R\310\017\317\331\235\360\262\240:\277\202\266\354\265X""\022\nh\252\352w\204\203\023]P\027\000\000\000\000\000\000\000\000\000\000\000\000\000\000\000\000\000\000\000\000\000\000\000\000\000\000\000\000\000\000\000\000P\031\207\270b\315\333\333\334\310I\323&\014\352XZnW2.\335\347\202\021\247\362\212e\034\000\001\250\220s!\002\364d\217\366\217|\316F\232\231\241\n\261\333`\312O\367\235\025DD\336e\367\n\312\326\221\037\025\230vG0E\002!\000\330\177\334P\365\244\013c\000)I\205b\253\312\300\257\254I \353%$M\020O\321\210\231\256qB\002 \005\306\000\202=!|J\207\340\252\370\367k\350\275\003>\242F6\247?$\r\336T\331\225l\177\275""; "
1750527576463,1750527576463,3769,1,1,3,TMGetLedger,"itype: liBASE; ledgerHash: ""\305;a\314\265R\310\017\317\331\235\360\262\240:\277\202\266\354\265X""\022\nh\252\352w\204\203\023]""; ledgerSeq: 12; queryType: qtINDIRECT; ","itype: liBASE; ledgerHash: ""\305;a\314\265R\310\017\317\331\235\360\262\240:\277\202\266\354\265X""\022\nh\252\352w\204\203\023]""; ledgerSeq: 12; queryType: qtINDIRECT; "
1750527576464,1750527576464,4000,1,2,3,TMGetLedger,"itype: liBASE; ledgerHash: ""\305;a\314\265R\310\017\317\331\235\360\262\240:\277\202\266\354\265X""\022\nh\252\352w\204\203\023]""; requestCookie: 5; queryType: qtINDIRECT; ","itype: liBASE; ledgerHash: ""\305;a\314\265R\310\017\317\331\235\360\262\240:\277\202\266\354\265X""\022\nh\252\352w\204\203\023]""; requestCookie: 5; queryType: qtINDIRECT; "
1750527576464,1750527576465,0,1,3,4,TMLedgerData,"ledgerHash: ""\305;a\314\265R\310\017\317\331\235\360\262\240:\277\202\266\354\265X""\022\nh\252\352w\204\203\023]""; ledgerSeq: 12; type: liBASE; nodes {;   nodedata: ""\000\000\000\014\001cEx]\211\377\330\207\270b\315\333\333\334\310I\323&\014\352XZnW2.\335\347\202\021\247\362\212e\034\000\001\250\220\000\000\000\000\000\000\000\000\000\000\000\000\000\000\000\000\000\000\000\000\000\000\000\000\000\000\000\000\000\000\000\000\013\352\370t\247W\026\374\353\033\001\rV\340""I\n\377\304&V\200&\306\020\224i\257z\327>\355/\351\252\324/\351\252\325\n\000""; }; nodes {;   nodedata: ""\323C\344\327\264{\312-\017:\006{\177\344N\002\326bO\260\220\006\033\362\345\005U\221DzJ0\001\301\025%1L\307\t\261\262z\374\222T\301\274V\236\223\262\270Ct\362\337b\356\024*\324\320\351\317\002k\336\234\027v\351\217\260\303\360\233ZPZWr\246$w\313\313\r\243r\232\2234\373\3539:N\004Q\245\272D\312D\300\300\t\323\0257\345e\271\na\215{\226\255x%T\257\037\333\004\344_/R\006E\344\037@\210\363\010\336T\226\247'\204_{\261\370""1\235\2445\343\033Y!\212\201\341\272\225'\007\252$\232m\027\215\243\234\266\6+r\213\264K\307,\347\275\343\363\375L?5\243\234\232\374\357\232\013\003""; }; ","ledgerHash: ""\305;a\314\265R\310\017\317\331\235\360\262\240:\277\202\266\354\265X""\022\nh\252\352w\204\203\023]""; ledgerSeq: 12; type: liBASE; nodes {;   nodedata: ""\000\000\000\014\001cEx]\211\377\330\207\270b\315\333\333\334\310I\323&\014\352XZnW2.\335\347\202\021\247\362\212e\034\000\001\250\220\000\000\000\000\000\000\000\000\000\000\000\000\000\000\000\000\000\000\000\000\000\000\000\000\000\000\000\000\000\000\000\000\013\352\370t\247W\026\374\353\033\001\rV\340""I\n\377\304&V\200&\306\020\224i\257z\327>\355/\351\252\324/\351\252\325\n\000""; }; nodes {;   nodedata: ""\323C\344\327\264{\312-\017:\006{\177\344N\002\326bO\260\220\006\033\362\345\005U\221DzJ0\001\301\025%1L\307\t\261\262z\374\222T\301\274V\236\223\262\270Ct\362\337b\356\024*\324\320\351\317\002k\336\234\027v\351\217\260\303\360\233ZPZWr\246$w\313\313\r\243r\232\2234\373\3539:N\004Q\245\272D\312D\300\300\t\323\0257\345e\271\na\215{\226\255x%T\257\037\333\004\344_/R\006E\344\037@\210\363\010\336T\226\247'\204_{\261\370""1\235\2445\343\033Y!\212\201\341\272\225'\007\252$\232m\027\215\243\234\266\6+r\213\264K\307,\347\275\343\363\375L?5\243\234\232\374\357\232\013\003""; }; "
1750527576465,1750527576465,3769,1,1,3,TMGetLedger,"itype: liBASE; ledgerHash: ""\305;a\314\265R\310\017\317\331\235\360\262\240:\277\202\266\354\265X""\022\nh\252\352w\204\203\023]""; requestCookie: 5; queryType: qtINDIRECT; ","itype: liBASE; ledgerHash: ""\305;a\314\265R\310\017\317\331\235\360\262\240:\277\202\266\354\265X""\022\nh\252\352w\204\203\023]""; requestCookie: 5; queryType: qtINDIRECT; "
1750527576465,1750527576466,3094,1,0,3,TMGetLedger,"itype: liBASE; ledgerHash: ""\305;a\314\265R\310\017\317\331\235\360\262\240:\277\202\266\354\265X""\022\nh\252\352w\204\203\023]""; requestCookie: 5; queryType: qtINDIRECT; ","itype: liBASE; ledgerHash: ""\305;a\314\265R\310\017\317\331\235\360\262\240:\277\202\266\354\265X""\022\nh\252\352w\204\203\023]""; requestCookie: 5; queryType: qtINDIRECT; "
1750527576466,1750527576466,0,1,3,4,TMLedgerData,"ledgerHash: ""\305;a\314\265R\310\017\317\331\235\360\262\240:\277\202\266\354\265X""\022\nh\252\352w\204\203\023]""; ledgerSeq: 12; type: liBASE; nodes {;   nodedata: ""\000\000\000\014\001cEx]\211\377\330\207\270b\315\333\333\334\310I\323&\014\352XZnW2.\335\347\202\021\247\362\212e\034\000\001\250\220\000\000\000\000\000\000\000\000\000\000\000\000\000\000\000\000\000\000\000\000\000\000\000\000\000\000\000\000\000\000\000\000\013\352\370t\247W\026\374\353\033\001\rV\340""I\n\377\304&V\200&\306\020\224i\257z\327>\355/\351\252\324/\351\252\325\n\000""; }; nodes {;   nodedata: ""\323C\344\327\264{\312-\017:\006{\177\344N\002\326bO\260\220\006\033\362\345\005U\221DzJ0\001\301\025%1L\307\t\261\262z\374\222T\301\274V\236\223\262\270Ct\362\337b\356\024*\324\320\351\317\002k\336\234\027v\351\217\260\303\360\233ZPZWr\246$w\313\313\r\243r\232\2234\373\3539:N\004Q\245\272D\312D\300\300\t\323\0257\345e\271\na\215{\226\255x%T\257\037\333\004\344_/R\006E\344\037@\210\363\010\336T\226\247'\204_{\261\370""1\235\2445\343\033Y!\212\201\341\272\225'\007\252$\232m\027\215\243\234\266\6+r\213\264K\307,\347\275\343\363\375L?5\243\234\232\374\357\232\013\003""; }; ","ledgerHash: ""\305;a\314\265R\310\017\317\331\235\360\262\240:\277\202\266\354\265X""\022\nh\252\352w\204\203\023]""; ledgerSeq: 12; type: liBASE; nodes {;   nodedata: ""\000\000\000\014\001cEx]\211\377\330\207\270b\315\333\333\334\310I\323&\014\352XZnW2.\335\347\202\021\247\362\212e\034\000\001\250\220\000\000\000\000\000\000\000\000\000\000\000\000\000\000\000\000\000\000\000\000\000\000\000\000\000\000\000\000\000\000\000\000\013\352\370t\247W\026\374\353\033\001\rV\340""I\n\377\304&V\200&\306\020\224i\257z\327>\355/\351\252\324/\351\252\325\n\000""; }; nodes {;   nodedata: ""\323C\344\327\264{\312-\017:\006{\177\344N\002\326bO\260\220\006\033\362\345\005U\221DzJ0\001\301\025%1L\307\t\261\262z\374\222T\301\274V\236\223\262\270Ct\362\337b\356\024*\324\320\351\317\002k\336\234\027v\351\217\260\303\360\233ZPZWr\246$w\313\313\r\243r\232\2234\373\3539:N\004Q\245\272D\312D\300\300\t\323\0257\345e\271\na\215{\226\255x%T\257\037\333\004\344_/R\006E\344\037@\210\363\010\336T\226\247'\204_{\261\370""1\235\2445\343\033Y!\212\201\341\272\225'\007\252$\232m\027\215\243\234\266\6+r\213\264K\307,\347\275\343\363\375L?5\243\234\232\374\357\232\013\003""; }; "
1750527576470,1750527576470,0,1,4,3,TMGetLedger,"itype: liAS_NODE; ledgerHash: ""\305;a\314\265R\310\017\317\331\235\360\262\240:\277\202\266\354\265X""\022\nh\252\352w\204\203\023]""; ledgerSeq: 12; nodeIDs: ""\260\000\000\000\000\000\000\000\000\000\000\000\000\000\000\000\000\000\000\000\000\000\000\000\000\000\000\000\000\000\000\000\001""; queryType: qtINDIRECT; queryDepth: 1; ","itype: liAS_NODE; ledgerHash: ""\305;a\314\265R\310\017\317\331\235\360\262\240:\277\202\266\354\265X""\022\nh\252\352w\204\203\023]""; ledgerSeq: 12; nodeIDs: ""\260\000\000\000\000\000\000\000\000\000\000\000\000\000\000\000\000\000\000\000\000\000\000\000\000\000\000\000\000\000\000\000\001""; queryType: qtINDIRECT; queryDepth: 1; "
1750527576471,1750527576471,0,1,3,4,TMLedgerData,"ledgerHash: ""\305;a\314\265R\310\017\317\331\235\360\262\240:\277\202\266\354\265X""\022\nh\252\352w\204\203\023]""; ledgerSeq: 12; type: liAS_NODE; nodes {;   nodedata: ""\021\000h""\000\000\000\000 \033\000\000\000\013\002\023\301\277\330\356GuH\375\327!\255\371\r\231\262R\256J\034\222\241\355X\265E\241^W\225\304\014\361CX-}\351f\032\255\274\334m\326c\017\014ao[\342\230\003\245\245\3341Hm\326^\017jy\335\261\032Yt\320\244{g\0306\\302\303*\341\215\223\257\364\277o\375\000r\241SOq\221\253\262\005\017\375T\356\014\360o'\030\311-\267\031\257!\031T\006><\315XM\334\324\345\034\000\325\367\240\271\013\265\024\321\362\354\211\250.\234s\225amc\305\035\366\276\037nD\277`\210\223N\3535\033\261\304f\331]\036\237\306o!\223\221\002\324\031\262\240R\177 ,\214\325\Q])\016\2067\277\t\354\010\000\360\215\2502\265\245\310\226\243c\302Ze\306\253#r\020\211\320iG\276\020E\317\035Sf\223F\254\033@\177e\277\016\010u\327\371&\262\312\317Q\2361t\377x\234\001v\003%\030\325_\225g\204\346a=\225\273\331\354\365*U\363\263N\367b\371\244\314-w\363\262\225Z\200\206\235\233\257?sE\2674\254\326mU\377?\177Ek\336\030!\316Aa\225\303\022\377{\210Y\226\271as\354L\035\004\341\361\035\301\024\220m#*\372\032\3178~\374\250\014*\323\342'z69\220\327\256\351G\367\317u\302\207\270b\315\333\333\334\310I\323&\014\352XZnW2.\335\347\202\021\247\362\212e\034\000\001\250\220\264\227\2326\315\307\363\323\325\303\032N\256*\307\327 \235\332\207u\210\271\257\306g\231i*\260\326k\001"";   nodeid: ""\260\000\000\000\000\000\000\000\000\000\000\000\000\000\000\000\000\000\000\000\000\000\000\000\000\000\000\000\000\000\000\000\001""; }; ","ledgerHash: ""\305;a\314\265R\310\017\317\331\235\360\262\240:\277\202\266\354\265X""\022\nh\252\352w\204\203\023]""; ledgerSeq: 12; type: liAS_NODE; nodes {;   nodedata: ""\021\000h""\000\000\000\000 \033\000\000\000\013\002\023\301\277\330\356GuH\375\327!\255\371\r\231\262R\256J\034\222\241\355X\265E\241^W\225\304\014\361CX-}\351f\032\255\274\334m\326c\017\014ao[\342\230\003\245\245\3341Hm\326^\017jy\335\261\032Yt\320\244{g\0306\\302\303*\341\215\223\257\364\277o\375\000r\241SOq\221\253\262\005\017\375T\356\014\360o'\030\311-\267\031\257!\031T\006><\315XM\334\324\345\034\000\325\367\240\271\013\265\024\321\362\354\211\250.\234s\225amc\305\035\366\276\037nD\277`\210\223N\3535\033\261\304f\331]\036\237\306o!\223\221\002\324\031\262\240R\177 ,\214\325\Q])\016\2067\277\t\354\010\000\360\215\2502\265\245\310\226\243c\302Ze\306\253#r\020\211\320iG\276\020E\317\035Sf\223F\254\033@\177e\277\016\010u\327\371&\262\312\317Q\2361t\377x\234\001v\003%\030\325_\225g\204\346a=\225\273\331\354\365*U\363\263N\367b\371\244\314-w\363\262\225Z\200\206\235\233\257?sE\2674\254\326mU\377?\177Ek\336\030!\316Aa\225\303\022\377{\210Y\226\271as\354L\035\004\341\361\035\301\024\220m#*\372\032\3178~\374\250\014*\323\342'z69\220\327\256\351G\367\317u\302\207\270b\315\333\333\334\310I\323&\014\352XZnW2.\335\347\202\021\247\362\212e\034\000\001\250\220\264\227\2326\315\307\363\323\325\303\032N\256*\307\327 \235\332\207u\210\271\257\306g\231i*\260\326k\001"";   nodeid: ""\260\000\000\000\000\000\000\000\000\000\000\000\000\000\000\000\000\000\000\000\000\000\000\000\000\000\000\000\000\000\000\000\001""; }; "
1750527576474,1750527576474,340,1,2,1,TMValidation,"validation: """"\200\000\000\001&\000\000\000\014)/\351\252\330:p\210\265\307-\212\200\004Q\305;a\314\265R\310\017\317\331\235\360\262\240:\277\202\266\354\265X""\022\nh\252\352w\204\203\023]P\027\000\000\000\000\000\000\000\000\000\000\000\000\000\000\000\000\000\000\000\000\000\000\000\000\000\000\000\000\000\000\000\000P\031\207\270b\315\333\333\334\310I\323&\014\352XZnW2.\335\347\202\021\247\362\212e\034\000\001\250\220s!\002\364d\217\366\217|\316F\232\231\241\n\261\333`\312O\367\235\025DD\336e\367\n\312\326\221\037\025\230vG0E\002!\000\330\177\334P\365\244\013c\000)I\205b\253\312\300\257\254I \353%$M\020O\321\210\231\256qB\002 \005\306\000\202=!|J\207\340\252\370\367k\350\275\003>\242F6\247?$\r\336T\331\225l\177\275""; ","validation: """"\200\000\000\001&\000\000\000\014)/\351\252\330:p\210\265\307-\212\200\004Q\305;a\314\265R\310\017\317\331\235\360\262\240:\277\202\266\354\265X""\022\nh\252\352w\204\203\023]P\027\000\000\000\000\000\000\000\000\000\000\000\000\000\000\000\000\000\000\000\000\000\000\000\000\000\000\000\000\000\000\000\000P\031\207\270b\315\333\333\334\310I\323&\014\352XZnW2.\335\347\202\021\247\362\212e\034\000\001\250\220s!\002\364d\217\366\217|\316F\232\231\241\n\261\333`\312O\367\235\025DD\336e\367\n\312\326\221\037\025\230vG0E\002!\000\330\177\334P\365\244\013c\000)I\205b\253\312\300\257\254I \353%$M\020O\321\210\231\256qB\002 \005\306\000\202=!|J\207\340\252\370\367k\350\275\003>\242F6\247?$\r\336T\331\225l\177\275""; "
1750527576475,1750527576475,1544,1,2,1,TMGetLedger,"itype: liBASE; ledgerHash: ""\305;a\314\265R\310\017\317\331\235\360\262\240:\277\202\266\354\265X""\022\nh\252\352w\204\203\023]""; ledgerSeq: 12; queryType: qtINDIRECT; ","itype: liBASE; ledgerHash: ""\305;a\314\265R\310\017\317\331\235\360\262\240:\277\202\266\354\265X""\022\nh\252\352w\204\203\023]""; ledgerSeq: 12; queryType: qtINDIRECT; "
1750527576474,1750527576474,1544,1,2,1,TMGetLedger,"itype: liBASE; ledgerHash: ""\305;a\314\265R\310\017\317\331\235\360\262\240:\277\202\266\354\265X""\022\nh\252\352w\204\203\023]""; ledgerSeq: 12; ","itype: liBASE; ledgerHash: ""\305;a\314\265R\310\017\317\331\235\360\262\240:\277\202\266\354\265X""\022\nh\252\352w\204\203\023]""; ledgerSeq: 12; "
1750527576478,1750527576478,2229,1,1,0,TMValidation,"validation: """"\200\000\000\001&\000\000\000\014)/\351\252\330:p\210\265\307-\212\200\004Q\305;a\314\265R\310\017\317\331\235\360\262\240:\277\202\266\354\265X""\022\nh\252\352w\204\203\023]P\027\000\000\000\000\000\000\000\000\000\000\000\000\000\000\000\000\000\000\000\000\000\000\000\000\000\000\000\000\000\000\000\000P\031\207\270b\315\333\333\334\310I\323&\014\352XZnW2.\335\347\202\021\247\362\212e\034\000\001\250\220s!\002\364d\217\366\217|\316F\232\231\241\n\261\333`\312O\367\235\025DD\336e\367\n\312\326\221\037\025\230vG0E\002!\000\330\177\334P\365\244\013c\000)I\205b\253\312\300\257\254I \353%$M\020O\321\210\231\256qB\002 \005\306\000\202=!|J\207\340\252\370\367k\350\275\003>\242F6\247?$\r\336T\331\225l\177\275""; ","validation: """"\200\000\000\001&\000\000\000\014)/\351\252\330:p\210\265\307-\212\200\004Q\305;a\314\265R\310\017\317\331\235\360\262\240:\277\202\266\354\265X""\022\nh\252\352w\204\203\023]P\027\000\000\000\000\000\000\000\000\000\000\000\000\000\000\000\000\000\000\000\000\000\000\000\000\000\000\000\000\000\000\000\000P\031\207\270b\315\333\333\334\310I\323&\014\352XZnW2.\335\347\202\021\247\362\212e\034\000\001\250\220s!\002\364d\217\366\217|\316F\232\231\241\n\261\333`\312O\367\235\025DD\336e\367\n\312\326\221\037\025\230vG0E\002!\000\330\177\334P\365\244\013c\000)I\205b\253\312\300\257\254I \353%$M\020O\321\210\231\256qB\002 \005\306\000\202=!|J\207\340\252\370\367k\350\275\003>\242F6\247?$\r\336T\331\225l\177\275""; "
1750527576478,1750527576478,2920,1,1,0,TMGetLedger,"itype: liBASE; ledgerHash: ""\305;a\314\265R\310\017\317\331\235\360\262\240:\277\202\266\354\265X""\022\nh\252\352w\204\203\023]""; ledgerSeq: 12; queryType: qtINDIRECT; ","itype: liBASE; ledgerHash: ""\305;a\314\265R\310\017\317\331\235\360\262\240:\277\202\266\354\265X""\022\nh\252\352w\204\203\023]""; ledgerSeq: 12; queryType: qtINDIRECT; "
1750527576478,1750527576478,2920,1,1,0,TMGetLedger,"itype: liBASE; ledgerHash: ""\305;a\314\265R\310\017\317\331\235\360\262\240:\277\202\266\354\265X""\022\nh\252\352w\204\203\023]""; ledgerSeq: 12; ","itype: liBASE; ledgerHash: ""\305;a\314\265R\310\017\317\331\235\360\262\240:\277\202\266\354\265X""\022\nh\252\352w\204\203\023]""; ledgerSeq: 12; "
1750527576533,1750527576533,0,1,3,0,TMLedgerData,"ledgerHash: ""\207\270b\315\333\333\334\310I\323&\014\352XZnW2.\335\347\202\021\247\362\212e\034\000\001\250\220""; ledgerSeq: 11; type: liBASE; nodes {;   nodedata: ""\000\000\000\013\001cEx]\211\377\330\361\035\301\024\220m#*\372\032\3178~\374\250\014*\323\342'z69\220\327\256\351G\367\317u\302\000\000\000\000\000\000\000\000\000\000\000\000\000\000\000\000\000\000\000\000\000\000\000\000\000\000\000\000\000\000\000\000\313c\210\200\377\273\312\010\030f\372\244%*\307\272T\262\245c[\026\007_-\227VB\214\347\261\220/\351\252\323/\351\252\324\n\000""; }; nodes {;   nodedata: ""\323C\344\327\264{\312-\017:\006{\177\344N\002\326bO\260\220\006\033\362\345\005U\221DzJ0\001\301\025%1L\307\t\261\262z\374\222T\301\274V\236\223\262\270Ct\362\337b\356\024*\324\320\351\317\002k\336\234\027v\351\217\260\303\360\233ZPZWr\246$w\313\313\r\243r\232\2234\373\3539:N\004Q\245\272D\312D\300\300\t\323\0257\345e\271\na\215{\226\255x%T\257\037\333\004\344_/R\006E\344\037@\210\363\010\336T\226\247'\204_{\261\370""1\235\2445\343\033Y!\212\201\341\272\225'\007\t7y2\201R\010H\001l\375\310t\t\264<3~\035\230\304Gh@\204\342\325\204>\363\344T\013\003""; }; ","ledgerHash: ""\207\270b\315\333\333\334\310I\323&\014\352XZnW2.\335\347\202\021\247\362\212e\034\000\001\250\220""; ledgerSeq: 11; type: liBASE; nodes {;   nodedata: ""\000\000\000\013\001cEx]\211\377\330\361\035\301\024\220m#*\372\032\3178~\374\250\014*\323\342'z69\220\327\256\351G\367\317u\302\000\000\000\000\000\000\000\000\000\000\000\000\000\000\000\000\000\000\000\000\000\000\000\000\000\000\000\000\000\000\000\000\313c\210\200\377\273\312\010\030f\372\244%*\307\272T\262\245c[\026\007_-\227VB\214\347\261\220/\351\252\323/\351\252\324\n\000""; }; nodes {;   nodedata: ""\323C\344\327\264{\312-\017:\006{\177\344N\002\326bO\260\220\006\033\362\345\005U\221DzJ0\001\301\025%1L\307\t\261\262z\374\222T\301\274V\236\223\262\270Ct\362\337b\356\024*\324\320\351\317\002k\336\234\027v\351\217\260\303\360\233ZPZWr\246$w\313\313\r\243r\232\2234\373\3539:N\004Q\245\272D\312D\300\300\t\323\0257\345e\271\na\215{\226\255x%T\257\037\333\004\344_/R\006E\344\037@\210\363\010\336T\226\247'\204_{\261\370""1\235\2445\343\033Y!\212\201\341\272\225'\007\t7y2\201R\010H\001l\375\310t\t\264<3~\035\230\304Gh@\204\342\325\204>\363\344T\013\003""; }; "
1750527576533,1750527576534,0,1,3,0,TMLedgerData,"ledgerHash: ""\207\270b\315\333\333\334\310I\323&\014\352XZnW2.\335\347\202\021\247\362\212e\034\000\001\250\220""; ledgerSeq: 11; type: liBASE; nodes {;   nodedata: ""\000\000\000\013\001cEx]\211\377\330\361\035\301\024\220m#*\372\032\3178~\374\250\014*\323\342'z69\220\327\256\351G\367\317u\302\000\000\000\000\000\000\000\000\000\000\000\000\000\000\000\000\000\000\000\000\000\000\000\000\000\000\000\000\000\000\000\000\313c\210\200\377\273\312\010\030f\372\244%*\307\272T\262\245c[\026\007_-\227VB\214\347\261\220/\351\252\323/\351\252\324\n\000""; }; nodes {;   nodedata: ""\323C\344\327\264{\312-\017:\006{\177\344N\002\326bO\260\220\006\033\362\345\005U\221DzJ0\001\301\025%1L\307\t\261\262z\374\222T\301\274V\236\223\262\270Ct\362\337b\356\024*\324\320\351\317\002k\336\234\027v\351\217\260\303\360\233ZPZWr\246$w\313\313\r\243r\232\2234\373\3539:N\004Q\245\272D\312D\300\300\t\323\0257\345e\271\na\215{\226\255x%T\257\037\333\004\344_/R\006E\344\037@\210\363\010\336T\226\247'\204_{\261\370""1\235\2445\343\033Y!\212\201\341\272\225'\007\t7y2\201R\010H\001l\375\310t\t\264<3~\035\230\304Gh@\204\342\325\204>\363\344T\013\003""; }; ","ledgerHash: ""\207\270b\315\333\333\334\310I\323&\014\352XZnW2.\335\347\202\021\247\362\212e\034\000\001\250\220""; ledgerSeq: 11; type: liBASE; nodes {;   nodedata: ""\000\000\000\013\001cEx]\211\377\330\361\035\301\024\220m#*\372\032\3178~\374\250\014*\323\342'z69\220\327\256\351G\367\317u\302\000\000\000\000\000\000\000\000\000\000\000\000\000\000\000\000\000\000\000\000\000\000\000\000\000\000\000\000\000\000\000\000\313c\210\200\377\273\312\010\030f\372\244%*\307\272T\262\245c[\026\007_-\227VB\214\347\261\220/\351\252\323/\351\252\324\n\000""; }; nodes {;   nodedata: ""\323C\344\327\264{\312-\017:\006{\177\344N\002\326bO\260\220\006\033\362\345\005U\221DzJ0\001\301\025%1L\307\t\261\262z\374\222T\301\274V\236\223\262\270Ct\362\337b\356\024*\324\320\351\317\002k\336\234\027v\351\217\260\303\360\233ZPZWr\246$w\313\313\r\243r\232\2234\373\3539:N\004Q\245\272D\312D\300\300\t\323\0257\345e\271\na\215{\226\255x%T\257\037\333\004\344_/R\006E\344\037@\210\363\010\336T\226\247'\204_{\261\370""1\235\2445\343\033Y!\212\201\341\272\225'\007\t7y2\201R\010H\001l\375\310t\t\264<3~\035\230\304Gh@\204\342\325\204>\363\344T\013\003""; }; "
1750527576569,1750527576569,0,1,3,0,TMLedgerData,"ledgerHash: ""\207\270b\315\333\333\334\310I\323&\014\352XZnW2.\335\347\202\021\247\362\212e\034\000\001\250\220""; ledgerSeq: 11; type: liBASE; nodes {;   nodedata: ""\000\000\000\013\001cEx]\211\377\330\361\035\301\024\220m#*\372\032\3178~\374\250\014*\323\342'z69\220\327\256\351G\367\317u\302\000\000\000\000\000\000\000\000\000\000\000\000\000\000\000\000\000\000\000\000\000\000\000\000\000\000\000\000\000\000\000\000\313c\210\200\377\273\312\010\030f\372\244%*\307\272T\262\245c[\026\007_-\227VB\214\347\261\220/\351\252\323/\351\252\324\n\000""; }; nodes {;   nodedata: ""\323C\344\327\264{\312-\017:\006{\177\344N\002\326bO\260\220\006\033\362\345\005U\221DzJ0\001\301\025%1L\307\t\261\262z\374\222T\301\274V\236\223\262\270Ct\362\337b\356\024*\324\320\351\317\002k\336\234\027v\351\217\260\303\360\233ZPZWr\246$w\313\313\r\243r\232\2234\373\3539:N\004Q\245\272D\312D\300\300\t\323\0257\345e\271\na\215{\226\255x%T\257\037\333\004\344_/R\006E\344\037@\210\363\010\336T\226\247'\204_{\261\370""1\235\2445\343\033Y!\212\201\341\272\225'\007\t7y2\201R\010H\001l\375\310t\t\264<3~\035\230\304Gh@\204\342\325\204>\363\344T\013\003""; }; requestCookie: 5; ","ledgerHash: ""\207\270b\315\333\333\334\310I\323&\014\352XZnW2.\335\347\202\021\247\362\212e\034\000\001\250\220""; ledgerSeq: 11; type: liBASE; nodes {;   nodedata: ""\000\000\000\013\001cEx]\211\377\330\361\035\301\024\220m#*\372\032\3178~\374\250\014*\323\342'z69\220\327\256\351G\367\317u\302\000\000\000\000\000\000\000\000\000\000\000\000\000\000\000\000\000\000\000\000\000\000\000\000\000\000\000\000\000\000\000\000\313c\210\200\377\273\312\010\030f\372\244%*\307\272T\262\245c[\026\007_-\227VB\214\347\261\220/\351\252\323/\351\252\324\n\000""; }; nodes {;   nodedata: ""\323C\344\327\264{\312-\017:\006{\177\344N\002\326bO\260\220\006\033\362\345\005U\221DzJ0\001\301\025%1L\307\t\261\262z\374\222T\301\274V\236\223\262\270Ct\362\337b\356\024*\324\320\351\317\002k\336\234\027v\351\217\260\303\360\233ZPZWr\246$w\313\313\r\243r\232\2234\373\3539:N\004Q\245\272D\312D\300\300\t\323\0257\345e\271\na\215{\226\255x%T\257\037\333\004\344_/R\006E\344\037@\210\363\010\336T\226\247'\204_{\261\370""1\235\2445\343\033Y!\212\201\341\272\225'\007\t7y2\201R\010H\001l\375\310t\t\264<3~\035\230\304Gh@\204\342\325\204>\363\344T\013\003""; }; requestCookie: 5; "
1750527576570,1750527576570,1996,1,0,4,TMLedgerData,"ledgerHash: ""\207\270b\315\333\333\334\310I\323&\014\352XZnW2.\335\347\202\021\247\362\212e\034\000\001\250\220""; ledgerSeq: 11; type: liBASE; nodes {;   nodedata: ""\000\000\000\013\001cEx]\211\377\330\361\035\301\024\220m#*\372\032\3178~\374\250\014*\323\342'z69\220\327\256\351G\367\317u\302\000\000\000\000\000\000\000\000\000\000\000\000\000\000\000\000\000\000\000\000\000\000\000\000\000\000\000\000\000\000\000\000\313c\210\200\377\273\312\010\030f\372\244%*\307\272T\262\245c[\026\007_-\227VB\214\347\261\220/\351\252\323/\351\252\324\n\000""; }; nodes {;   nodedata: ""\323C\344\327\264{\312-\017:\006{\177\344N\002\326bO\260\220\006\033\362\345\005U\221DzJ0\001\301\025%1L\307\t\261\262z\374\222T\301\274V\236\223\262\270Ct\362\337b\356\024*\324\320\351\317\002k\336\234\027v\351\217\260\303\360\233ZPZWr\246$w\313\313\r\243r\232\2234\373\3539:N\004Q\245\272D\312D\300\300\t\323\0257\345e\271\na\215{\226\255x%T\257\037\333\004\344_/R\006E\344\037@\210\363\010\336T\226\247'\204_{\261\370""1\235\2445\343\033Y!\212\201\341\272\225'\007\t7y2\201R\010H\001l\375\310t\t\264<3~\035\230\304Gh@\204\342\325\204>\363\344T\013\003""; }; ","ledgerHash: ""\207\270b\315\333\333\334\310I\323&\014\352XZnW2.\335\347\202\021\247\362\212e\034\000\001\250\220""; ledgerSeq: 11; type: liBASE; nodes {;   nodedata: ""\000\000\000\013\001cEx]\211\377\330\361\035\301\024\220m#*\372\032\3178~\374\250\014*\323\342'z69\220\327\256\351G\367\317u\302\000\000\000\000\000\000\000\000\000\000\000\000\000\000\000\000\000\000\000\000\000\000\000\000\000\000\000\000\000\000\000\000\313c\210\200\377\273\312\010\030f\372\244%*\307\272T\262\245c[\026\007_-\227VB\214\347\261\220/\351\252\323/\351\252\324\n\000""; }; nodes {;   nodedata: ""\323C\344\327\264{\312-\017:\006{\177\344N\002\326bO\260\220\006\033\362\345\005U\221DzJ0\001\301\025%1L\307\t\261\262z\374\222T\301\274V\236\223\262\270Ct\362\337b\356\024*\324\320\351\317\002k\336\234\027v\351\217\260\303\360\233ZPZWr\246$w\313\313\r\243r\232\2234\373\3539:N\004Q\245\272D\312D\300\300\t\323\0257\345e\271\na\215{\226\255x%T\257\037\333\004\344_/R\006E\344\037@\210\363\010\336T\226\247'\204_{\261\370""1\235\2445\343\033Y!\212\201\341\272\225'\007\t7y2\201R\010H\001l\375\310t\t\264<3~\035\230\304Gh@\204\342\325\204>\363\344T\013\003""; }; "
1750527576590,1750527576590,0,1,4,1,TMValidation,"validation: """"\200\000\000\001&\000\000\000\014)/\351\252\330:\r\302\353\023?\373\240rQ\305;a\314\265R\310\017\317\331\235\360\262\240:\277\202\266\354\265X""\022\nh\252\352w\204\203\023]P\027\000\000\000\000\000\000\000\000\000\000\000\000\000\000\000\000\000\000\000\000\000\000\000\000\000\000\000\000\000\000\000\000P\031\207\270b\315\333\333\334\310I\323&\014\352XZnW2.\335\347\202\021\247\362\212e\034\000\001\250\220s!\003R7o\362bV\300hf\266\241;}\200^\374\240\203[:\342Q\225\221\027y\372\255\235\216\323~vG0E\002!\000\327\306%\215\024L\013\321\353\261\226e\242\305\350\204X\341\363\346\030N\335\311\320\364\024mP\343\345c\002 0\206\023\013\245\375z\236\343x\030\357\034*\021)\034\350P\010\013^\205Ot\356\356\247\247\225\005*""; ","validation: """"\200\000\000\001&\000\000\000\014)/\351\252\330:\r\302\353\023?\373\240rQ\305;a\314\265R\310\017\317\331\235\360\262\240:\277\202\266\354\265X""\022\nh\252\352w\204\203\023]P\027\000\000\000\000\000\000\000\000\000\000\000\000\000\000\000\000\000\000\000\000\000\000\000\000\000\000\000\000\000\000\000\000P\031\207\270b\315\333\333\334\310I\323&\014\352XZnW2.\335\347\202\021\247\362\212e\034\000\001\250\220s!\003R7o\362bV\300hf\266\241;}\200^\374\240\203[:\342Q\225\221\027y\372\255\235\216\323~vG0E\002!\000\327\306%\215\024L\013\321\353\261\226e\242\305\350\204X\341\363\346\030N\335\311\320\364\024mP\343\345c\002 0\206\023\013\245\375z\236\343x\030\357\034*\021)\034\350P\010\013^\205Ot\356\356\247\247\225\005*""; "
1750527576591,1750527576591,0,1,4,1,TMStatusChange,"newEvent: neACCEPTED_LEDGER; ledgerSeq: 12; ledgerHash: ""\305;a\314\265R\310\017\317\331\235\360\262\240:\277\202\266\354\265X""\022\nh\252\352w\204\203\023]""; ledgerHashPrevious: ""\207\270b\315\333\333\334\310I\323&\014\352XZnW2.\335\347\202\021\247\362\212e\034\000\001\250\220""; networkTime: 803842776; firstSeq: 1; lastSeq: 11; ","newEvent: neACCEPTED_LEDGER; ledgerSeq: 12; ledgerHash: ""\305;a\314\265R\310\017\317\331\235\360\262\240:\277\202\266\354\265X""\022\nh\252\352w\204\203\023]""; ledgerHashPrevious: ""\207\270b\315\333\333\334\310I\323&\014\352XZnW2.\335\347\202\021\247\362\212e\034\000\001\250\220""; networkTime: 803842776; firstSeq: 1; lastSeq: 11; "
1750527576591,1750527576591,0,1,4,3,TMStatusChange,"newEvent: neACCEPTED_LEDGER; ledgerSeq: 12; ledgerHash: ""\305;a\314\265R\310\017\317\331\235\360\262\240:\277\202\266\354\265X""\022\nh\252\352w\204\203\023]""; ledgerHashPrevious: ""\207\270b\315\333\333\334\310I\323&\014\352XZnW2.\335\347\202\021\247\362\212e\034\000\001\250\220""; networkTime: 803842776; firstSeq: 1; lastSeq: 11; ","newEvent: neACCEPTED_LEDGER; ledgerSeq: 12; ledgerHash: ""\305;a\314\265R\310\017\317\331\235\360\262\240:\277\202\266\354\265X""\022\nh\252\352w\204\203\023]""; ledgerHashPrevious: ""\207\270b\315\333\333\334\310I\323&\014\352XZnW2.\335\347\202\021\247\362\212e\034\000\001\250\220""; networkTime: 803842776; firstSeq: 1; lastSeq: 11; "
1750527576592,1750527576592,0,1,4,0,TMValidation,"validation: """"\200\000\000\001&\000\000\000\014)/\351\252\330:\r\302\353\023?\373\240rQ\305;a\314\265R\310\017\317\331\235\360\262\240:\277\202\266\354\265X""\022\nh\252\352w\204\203\023]P\027\000\000\000\000\000\000\000\000\000\000\000\000\000\000\000\000\000\000\000\000\000\000\000\000\000\000\000\000\000\000\000\000P\031\207\270b\315\333\333\334\310I\323&\014\352XZnW2.\335\347\202\021\247\362\212e\034\000\001\250\220s!\003R7o\362bV\300hf\266\241;}\200^\374\240\203[:\342Q\225\221\027y\372\255\235\216\323~vG0E\002!\000\327\306%\215\024L\013\321\353\261\226e\242\305\350\204X\341\363\346\030N\335\311\320\364\024mP\343\345c\002 0\206\023\013\245\375z\236\343x\030\357\034*\021)\034\350P\010\013^\205Ot\356\356\247\247\225\005*""; ","validation: """"\200\000\000\001&\000\000\000\014)/\351\252\330:\r\302\353\023?\373\240rQ\305;a\314\265R\310\017\317\331\235\360\262\240:\277\202\266\354\265X""\022\nh\252\352w\204\203\023]P\027\000\000\000\000\000\000\000\000\000\000\000\000\000\000\000\000\000\000\000\000\000\000\000\000\000\000\000\000\000\000\000\000P\031\207\270b\315\333\333\334\310I\323&\014\352XZnW2.\335\347\202\021\247\362\212e\034\000\001\250\220s!\003R7o\362bV\300hf\266\241;}\200^\374\240\203[:\342Q\225\221\027y\372\255\235\216\323~vG0E\002!\000\327\306%\215\024L\013\321\353\261\226e\242\305\350\204X\341\363\346\030N\335\311\320\364\024mP\343\345c\002 0\206\023\013\245\375z\236\343x\030\357\034*\021)\034\350P\010\013^\205Ot\356\356\247\247\225\005*""; "
1750527576592,1750527576592,0,1,4,0,TMStatusChange,"newEvent: neACCEPTED_LEDGER; ledgerSeq: 12; ledgerHash: ""\305;a\314\265R\310\017\317\331\235\360\262\240:\277\202\266\354\265X""\022\nh\252\352w\204\203\023]""; ledgerHashPrevious: ""\207\270b\315\333\333\334\310I\323&\014\352XZnW2.\335\347\202\021\247\362\212e\034\000\001\250\220""; networkTime: 803842776; firstSeq: 1; lastSeq: 11; ","newEvent: neACCEPTED_LEDGER; ledgerSeq: 12; ledgerHash: ""\305;a\314\265R\310\017\317\331\235\360\262\240:\277\202\266\354\265X""\022\nh\252\352w\204\203\023]""; ledgerHashPrevious: ""\207\270b\315\333\333\334\310I\323&\014\352XZnW2.\335\347\202\021\247\362\212e\034\000\001\250\220""; networkTime: 803842776; firstSeq: 1; lastSeq: 11; "
1750527576592,1750527576592,0,1,4,2,TMValidation,"validation: """"\200\000\000\001&\000\000\000\014)/\351\252\330:\r\302\353\023?\373\240rQ\305;a\314\265R\310\017\317\331\235\360\262\240:\277\202\266\354\265X""\022\nh\252\352w\204\203\023]P\027\000\000\000\000\000\000\000\000\000\000\000\000\000\000\000\000\000\000\000\000\000\000\000\000\000\000\000\000\000\000\000\000P\031\207\270b\315\333\333\334\310I\323&\014\352XZnW2.\335\347\202\021\247\362\212e\034\000\001\250\220s!\003R7o\362bV\300hf\266\241;}\200^\374\240\203[:\342Q\225\221\027y\372\255\235\216\323~vG0E\002!\000\327\306%\215\024L\013\321\353\261\226e\242\305\350\204X\341\363\346\030N\335\311\320\364\024mP\343\345c\002 0\206\023\013\245\375z\236\343x\030\357\034*\021)\034\350P\010\013^\205Ot\356\356\247\247\225\005*""; ","validation: """"\200\000\000\001&\000\000\000\014)/\351\252\330:\r\302\353\023?\373\240rQ\305;a\314\265R\310\017\317\331\235\360\262\240:\277\202\266\354\265X""\022\nh\252\352w\204\203\023]P\027\000\000\000\000\000\000\000\000\000\000\000\000\000\000\000\000\000\000\000\000\000\000\000\000\000\000\000\000\000\000\000\000P\031\207\270b\315\333\333\334\310I\323&\014\352XZnW2.\335\347\202\021\247\362\212e\034\000\001\250\220s!\003R7o\362bV\300hf\266\241;}\200^\374\240\203[:\342Q\225\221\027y\372\255\235\216\323~vG0E\002!\000\327\306%\215\024L\013\321\353\261\226e\242\305\350\204X\341\363\346\030N\335\311\320\364\024mP\343\345c\002 0\206\023\013\245\375z\236\343x\030\357\034*\021)\034\350P\010\013^\205Ot\356\356\247\247\225\005*""; "
1750527576592,1750527576592,0,1,4,2,TMStatusChange,"newEvent: neACCEPTED_LEDGER; ledgerSeq: 12; ledgerHash: ""\305;a\314\265R\310\017\317\331\235\360\262\240:\277\202\266\354\265X""\022\nh\252\352w\204\203\023]""; ledgerHashPrevious: ""\207\270b\315\333\333\334\310I\323&\014\352XZnW2.\335\347\202\021\247\362\212e\034\000\001\250\220""; networkTime: 803842776; firstSeq: 1; lastSeq: 11; ","newEvent: neACCEPTED_LEDGER; ledgerSeq: 12; ledgerHash: ""\305;a\314\265R\310\017\317\331\235\360\262\240:\277\202\266\354\265X""\022\nh\252\352w\204\203\023]""; ledgerHashPrevious: ""\207\270b\315\333\333\334\310I\323&\014\352XZnW2.\335\347\202\021\247\362\212e\034\000\001\250\220""; networkTime: 803842776; firstSeq: 1; lastSeq: 11; "
1750527576598,1750527576598,1311,1,1,3,TMValidation,"validation: """"\200\000\000\001&\000\000\000\014)/\351\252\330:\r\302\353\023?\373\240rQ\305;a\314\265R\310\017\317\331\235\360\262\240:\277\202\266\354\265X""\022\nh\252\352w\204\203\023]P\027\000\000\000\000\000\000\000\000\000\000\000\000\000\000\000\000\000\000\000\000\000\000\000\000\000\000\000\000\000\000\000\000P\031\207\270b\315\333\333\334\310I\323&\014\352XZnW2.\335\347\202\021\247\362\212e\034\000\001\250\220s!\003R7o\362bV\300hf\266\241;}\200^\374\240\203[:\342Q\225\221\027y\372\255\235\216\323~vG0E\002!\000\327\306%\215\024L\013\321\353\261\226e\242\305\350\204X\341\363\346\030N\335\311\320\364\024mP\343\345c\002 0\206\023\013\245\375z\236\343x\030\357\034*\021)\034\350P\010\013^\205Ot\356\356\247\247\225\005*""; ","validation: """"\200\000\000\001&\000\000\000\014)/\351\252\330:\r\302\353\023?\373\240rQ\305;a\314\265R\310\017\317\331\235\360\262\240:\277\202\266\354\265X""\022\nh\252\352w\204\203\023]P\027\000\000\000\000\000\000\000\000\000\000\000\000\000\000\000\000\000\000\000\000\000\000\000\000\000\000\000\000\000\000\000\000P\031\207\270b\315\333\333\334\310I\323&\014\352XZnW2.\335\347\202\021\247\362\212e\034\000\001\250\220s!\003R7o\362bV\300hf\266\241;}\200^\374\240\203[:\342Q\225\221\027y\372\255\235\216\323~vG0E\002!\000\327\306%\215\024L\013\321\353\261\226e\242\305\350\204X\341\363\346\030N\335\311\320\364\024mP\343\345c\002 0\206\023\013\245\375z\236\343x\030\357\034*\021)\034\350P\010\013^\205Ot\356\356\247\247\225\005*""; "
1750527576598,1750527576598,2229,1,1,0,TMValidation,"validation: """"\200\000\000\001&\000\000\000\014)/\351\252\330:\r\302\353\023?\373\240rQ\305;a\314\265R\310\017\317\331\235\360\262\240:\277\202\266\354\265X""\022\nh\252\352w\204\203\023]P\027\000\000\000\000\000\000\000\000\000\000\000\000\000\000\000\000\000\000\000\000\000\000\000\000\000\000\000\000\000\000\000\000P\031\207\270b\315\333\333\334\310I\323&\014\352XZnW2.\335\347\202\021\247\362\212e\034\000\001\250\220s!\003R7o\362bV\300hf\266\241;}\200^\374\240\203[:\342Q\225\221\027y\372\255\235\216\323~vG0E\002!\000\327\306%\215\024L\013\321\353\261\226e\242\305\350\204X\341\363\346\030N\335\311\320\364\024mP\343\345c\002 0\206\023\013\245\375z\236\343x\030\357\034*\021)\034\350P\010\013^\205Ot\356\356\247\247\225\005*""; ","validation: """"\200\000\000\001&\000\000\000\014)/\351\252\330:\r\302\353\023?\373\240rQ\305;a\314\265R\310\017\317\331\235\360\262\240:\277\202\266\354\265X""\022\nh\252\352w\204\203\023]P\027\000\000\000\000\000\000\000\000\000\000\000\000\000\000\000\000\000\000\000\000\000\000\000\000\000\000\000\000\000\000\000\000P\031\207\270b\315\333\333\334\310I\323&\014\352XZnW2.\335\347\202\021\247\362\212e\034\000\001\250\220s!\003R7o\362bV\300hf\266\241;}\200^\374\240\203[:\342Q\225\221\027y\372\255\235\216\323~vG0E\002!\000\327\306%\215\024L\013\321\353\261\226e\242\305\350\204X\341\363\346\030N\335\311\320\364\024mP\343\345c\002 0\206\023\013\245\375z\236\343x\030\357\034*\021)\034\350P\010\013^\205Ot\356\356\247\247\225\005*""; "
1750527576600,1750527576600,949,1,1,2,TMValidation,"validation: """"\200\000\000\001&\000\000\000\014)/\351\252\330:\r\302\353\023?\373\240rQ\305;a\314\265R\310\017\317\331\235\360\262\240:\277\202\266\354\265X""\022\nh\252\352w\204\203\023]P\027\000\000\000\000\000\000\000\000\000\000\000\000\000\000\000\000\000\000\000\000\000\000\000\000\000\000\000\000\000\000\000\000P\031\207\270b\315\333\333\334\310I\323&\014\352XZnW2.\335\347\202\021\247\362\212e\034\000\001\250\220s!\003R7o\362bV\300hf\266\241;}\200^\374\240\203[:\342Q\225\221\027y\372\255\235\216\323~vG0E\002!\000\327\306%\215\024L\013\321\353\261\226e\242\305\350\204X\341\363\346\030N\335\311\320\364\024mP\343\345c\002 0\206\023\013\245\375z\236\343x\030\357\034*\021)\034\350P\010\013^\205Ot\356\356\247\247\225\005*""; ","validation: """"\200\000\000\001&\000\000\000\014)/\351\252\330:\r\302\353\023?\373\240rQ\305;a\314\265R\310\017\317\331\235\360\262\240:\277\202\266\354\265X""\022\nh\252\352w\204\203\023]P\027\000\000\000\000\000\000\000\000\000\000\000\000\000\000\000\000\000\000\000\000\000\000\000\000\000\000\000\000\000\000\000\000P\031\207\270b\315\333\333\334\310I\323&\014\352XZnW2.\335\347\202\021\247\362\212e\034\000\001\250\220s!\003R7o\362bV\300hf\266\241;}\200^\374\240\203[:\342Q\225\221\027y\372\255\235\216\323~vG0E\002!\000\327\306%\215\024L\013\321\353\261\226e\242\305\350\204X\341\363\346\030N\335\311\320\364\024mP\343\345c\002 0\206\023\013\245\375z\236\343x\030\357\034*\021)\034\350P\010\013^\205Ot\356\356\247\247\225\005*""; "
1750527576601,1750527576601,446,1,2,0,TMValidation,"validation: """"\200\000\000\001&\000\000\000\014)/\351\252\330:\r\302\353\023?\373\240rQ\305;a\314\265R\310\017\317\331\235\360\262\240:\277\202\266\354\265X""\022\nh\252\352w\204\203\023]P\027\000\000\000\000\000\000\000\000\000\000\000\000\000\000\000\000\000\000\000\000\000\000\000\000\000\000\000\000\000\000\000\000P\031\207\270b\315\333\333\334\310I\323&\014\352XZnW2.\335\347\202\021\247\362\212e\034\000\001\250\220s!\003R7o\362bV\300hf\266\241;}\200^\374\240\203[:\342Q\225\221\027y\372\255\235\216\323~vG0E\002!\000\327\306%\215\024L\013\321\353\261\226e\242\305\350\204X\341\363\346\030N\335\311\320\364\024mP\343\345c\002 0\206\023\013\245\375z\236\343x\030\357\034*\021)\034\350P\010\013^\205Ot\356\356\247\247\225\005*""; ","validation: """"\200\000\000\001&\000\000\000\014)/\351\252\330:\r\302\353\023?\373\240rQ\305;a\314\265R\310\017\317\331\235\360\262\240:\277\202\266\354\265X""\022\nh\252\352w\204\203\023]P\027\000\000\000\000\000\000\000\000\000\000\000\000\000\000\000\000\000\000\000\000\000\000\000\000\000\000\000\000\000\000\000\000P\031\207\270b\315\333\333\334\310I\323&\014\352XZnW2.\335\347\202\021\247\362\212e\034\000\001\250\220s!\003R7o\362bV\300hf\266\241;}\200^\374\240\203[:\342Q\225\221\027y\372\255\235\216\323~vG0E\002!\000\327\306%\215\024L\013\321\353\261\226e\242\305\350\204X\341\363\346\030N\335\311\320\364\024mP\343\345c\002 0\206\023\013\245\375z\236\343x\030\357\034*\021)\034\350P\010\013^\205Ot\356\356\247\247\225\005*""; "
1750527576602,1750527576602,1933,1,0,2,TMValidation,"validation: """"\200\000\000\001&\000\000\000\014)/\351\252\330:\r\302\353\023?\373\240rQ\305;a\314\265R\310\017\317\331\235\360\262\240:\277\202\266\354\265X""\022\nh\252\352w\204\203\023]P\027\000\000\000\000\000\000\000\000\000\000\000\000\000\000\000\000\000\000\000\000\000\000\000\000\000\000\000\000\000\000\000\000P\031\207\270b\315\333\333\334\310I\323&\014\352XZnW2.\335\347\202\021\247\362\212e\034\000\001\250\220s!\003R7o\362bV\300hf\266\241;}\200^\374\240\203[:\342Q\225\221\027y\372\255\235\216\323~vG0E\002!\000\327\306%\215\024L\013\321\353\261\226e\242\305\350\204X\341\363\346\030N\335\311\320\364\024mP\343\345c\002 0\206\023\013\245\375z\236\343x\030\357\034*\021)\034\350P\010\013^\205Ot\356\356\247\247\225\005*""; ","validation: """"\200\000\000\001&\000\000\000\014)/\351\252\330:\r\302\353\023?\373\240rQ\305;a\314\265R\310\017\317\331\235\360\262\240:\277\202\266\354\265X""\022\nh\252\352w\204\203\023]P\027\000\000\000\000\000\000\000\000\000\000\000\000\000\000\000\000\000\000\000\000\000\000\000\000\000\000\000\000\000\000\000\000P\031\207\270b\315\333\333\334\310I\323&\014\352XZnW2.\335\347\202\021\247\362\212e\034\000\001\250\220s!\003R7o\362bV\300hf\266\241;}\200^\374\240\203[:\342Q\225\221\027y\372\255\235\216\323~vG0E\002!\000\327\306%\215\024L\013\321\353\261\226e\242\305\350\204X\341\363\346\030N\335\311\320\364\024mP\343\345c\002 0\206\023\013\245\375z\236\343x\030\357\034*\021)\034\350P\010\013^\205Ot\356\356\247\247\225\005*""; "
1750527576603,1750527576604,3422,1,0,3,TMValidation,"validation: """"\200\000\000\001&\000\000\000\014)/\351\252\330:\r\302\353\023?\373\240rQ\305;a\314\265R\310\017\317\331\235\360\262\240:\277\202\266\354\265X""\022\nh\252\352w\204\203\023]P\027\000\000\000\000\000\000\000\000\000\000\000\000\000\000\000\000\000\000\000\000\000\000\000\000\000\000\000\000\000\000\000\000P\031\207\270b\315\333\333\334\310I\323&\014\352XZnW2.\335\347\202\021\247\362\212e\034\000\001\250\220s!\003R7o\362bV\300hf\266\241;}\200^\374\240\203[:\342Q\225\221\027y\372\255\235\216\323~vG0E\002!\000\327\306%\215\024L\013\321\353\261\226e\242\305\350\204X\341\363\346\030N\335\311\320\364\024mP\343\345c\002 0\206\023\013\245\375z\236\343x\030\357\034*\021)\034\350P\010\013^\205Ot\356\356\247\247\225\005*""; ","validation: """"\200\000\000\001&\000\000\000\014)/\351\252\330:\r\302\353\023?\373\240rQ\305;a\314\265R\310\017\317\331\235\360\262\240:\277\202\266\354\265X""\022\nh\252\352w\204\203\023]P\027\000\000\000\000\000\000\000\000\000\000\000\000\000\000\000\000\000\000\000\000\000\000\000\000\000\000\000\000\000\000\000\000P\031\207\270b\315\333\333\334\310I\323&\014\352XZnW2.\335\347\202\021\247\362\212e\034\000\001\250\220s!\003R7o\362bV\300hf\266\241;}\200^\374\240\203[:\342Q\225\221\027y\372\255\235\216\323~vG0E\002!\000\327\306%\215\024L\013\321\353\261\226e\242\305\350\204X\341\363\346\030N\335\311\320\364\024mP\343\345c\002 0\206\023\013\245\375z\236\343x\030\357\034*\021)\034\350P\010\013^\205Ot\356\356\247\247\225\005*""; "
1750527576610,1750527576610,2261,1,0,1,TMValidation,"validation: """"\200\000\000\001&\000\000\000\014)/\351\252\330:\r\302\353\023?\373\240rQ\305;a\314\265R\310\017\317\331\235\360\262\240:\277\202\266\354\265X""\022\nh\252\352w\204\203\023]P\027\000\000\000\000\000\000\000\000\000\000\000\000\000\000\000\000\000\000\000\000\000\000\000\000\000\000\000\000\000\000\000\000P\031\207\270b\315\333\333\334\310I\323&\014\352XZnW2.\335\347\202\021\247\362\212e\034\000\001\250\220s!\003R7o\362bV\300hf\266\241;}\200^\374\240\203[:\342Q\225\221\027y\372\255\235\216\323~vG0E\002!\000\327\306%\215\024L\013\321\353\261\226e\242\305\350\204X\341\363\346\030N\335\311\320\364\024mP\343\345c\002 0\206\023\013\245\375z\236\343x\030\357\034*\021)\034\350P\010\013^\205Ot\356\356\247\247\225\005*""; ","validation: """"\200\000\000\001&\000\000\000\014)/\351\252\330:\r\302\353\023?\373\240rQ\305;a\314\265R\310\017\317\331\235\360\262\240:\277\202\266\354\265X""\022\nh\252\352w\204\203\023]P\027\000\000\000\000\000\000\000\000\000\000\000\000\000\000\000\000\000\000\000\000\000\000\000\000\000\000\000\000\000\000\000\000P\031\207\270b\315\333\333\334\310I\323&\014\352XZnW2.\335\347\202\021\247\362\212e\034\000\001\250\220s!\003R7o\362bV\300hf\266\241;}\200^\374\240\203[:\342Q\225\221\027y\372\255\235\216\323~vG0E\002!\000\327\306%\215\024L\013\321\353\261\226e\242\305\350\204X\341\363\346\030N\335\311\320\364\024mP\343\345c\002 0\206\023\013\245\375z\236\343x\030\357\034*\021)\034\350P\010\013^\205Ot\356\356\247\247\225\005*""; "
1750527576612,1750527576612,340,1,2,1,TMValidation,"validation: """"\200\000\000\001&\000\000\000\014)/\351\252\330:\r\302\353\023?\373\240rQ\305;a\314\265R\310\017\317\331\235\360\262\240:\277\202\266\354\265X""\022\nh\252\352w\204\203\023]P\027\000\000\000\000\000\000\000\000\000\000\000\000\000\000\000\000\000\000\000\000\000\000\000\000\000\000\000\000\000\000\000\000P\031\207\270b\315\333\333\334\310I\323&\014\352XZnW2.\335\347\202\021\247\362\212e\034\000\001\250\220s!\003R7o\362bV\300hf\266\241;}\200^\374\240\203[:\342Q\225\221\027y\372\255\235\216\323~vG0E\002!\000\327\306%\215\024L\013\321\353\261\226e\242\305\350\204X\341\363\346\030N\335\311\320\364\024mP\343\345c\002 0\206\023\013\245\375z\236\343x\030\357\034*\021)\034\350P\010\013^\205Ot\356\356\247\247\225\005*""; ","validation: """"\200\000\000\001&\000\000\000\014)/\351\252\330:\r\302\353\023?\373\240rQ\305;a\314\265R\310\017\317\331\235\360\262\240:\277\202\266\354\265X""\022\nh\252\352w\204\203\023]P\027\000\000\000\000\000\000\000\000\000\000\000\000\000\000\000\000\000\000\000\000\000\000\000\000\000\000\000\000\000\000\000\000P\031\207\270b\315\333\333\334\310I\323&\014\352XZnW2.\335\347\202\021\247\362\212e\034\000\001\250\220s!\003R7o\362bV\300hf\266\241;}\200^\374\240\203[:\342Q\225\221\027y\372\255\235\216\323~vG0E\002!\000\327\306%\215\024L\013\321\353\261\226e\242\305\350\204X\341\363\346\030N\335\311\320\364\024mP\343\345c\002 0\206\023\013\245\375z\236\343x\030\357\034*\021)\034\350P\010\013^\205Ot\356\356\247\247\225\005*""; "
1750527576612,1750527576612,723,1,2,3,TMValidation,"validation: """"\200\000\000\001&\000\000\000\014)/\351\252\330:\r\302\353\023?\373\240rQ\305;a\314\265R\310\017\317\331\235\360\262\240:\277\202\266\354\265X""\022\nh\252\352w\204\203\023]P\027\000\000\000\000\000\000\000\000\000\000\000\000\000\000\000\000\000\000\000\000\000\000\000\000\000\000\000\000\000\000\000\000P\031\207\270b\315\333\333\334\310I\323&\014\352XZnW2.\335\347\202\021\247\362\212e\034\000\001\250\220s!\003R7o\362bV\300hf\266\241;}\200^\374\240\203[:\342Q\225\221\027y\372\255\235\216\323~vG0E\002!\000\327\306%\215\024L\013\321\353\261\226e\242\305\350\204X\341\363\346\030N\335\311\320\364\024mP\343\345c\002 0\206\023\013\245\375z\236\343x\030\357\034*\021)\034\350P\010\013^\205Ot\356\356\247\247\225\005*""; ","validation: """"\200\000\000\001&\000\000\000\014)/\351\252\330:\r\302\353\023?\373\240rQ\305;a\314\265R\310\017\317\331\235\360\262\240:\277\202\266\354\265X""\022\nh\252\352w\204\203\023]P\027\000\000\000\000\000\000\000\000\000\000\000\000\000\000\000\000\000\000\000\000\000\000\000\000\000\000\000\000\000\000\000\000P\031\207\270b\315\333\333\334\310I\323&\014\352XZnW2.\335\347\202\021\247\362\212e\034\000\001\250\220s!\003R7o\362bV\300hf\266\241;}\200^\374\240\203[:\342Q\225\221\027y\372\255\235\216\323~vG0E\002!\000\327\306%\215\024L\013\321\353\261\226e\242\305\350\204X\341\363\346\030N\335\311\320\364\024mP\343\345c\002 0\206\023\013\245\375z\236\343x\030\357\034*\021)\034\350P\010\013^\205Ot\356\356\247\247\225\005*""; "
1750527576630,1750527576630,0,1,4,3,TMValidation,"validation: """"\200\000\000\001&\000\000\000\014)/\351\252\330:\r\302\353\023?\373\240rQ\305;a\314\265R\310\017\317\331\235\360\262\240:\277\202\266\354\265X""\022\nh\252\352w\204\203\023]P\027\000\000\000\000\000\000\000\000\000\000\000\000\000\000\000\000\000\000\000\000\000\000\000\000\000\000\000\000\000\000\000\000P\031\207\270b\315\333\333\334\310I\323&\014\352XZnW2.\335\347\202\021\247\362\212e\034\000\001\250\220s!\003R7o\362bV\300hf\266\241;}\200^\374\240\203[:\342Q\225\221\027y\372\255\235\216\323~vG0E\002!\000\327\306%\215\024L\013\321\353\261\226e\242\305\350\204X\341\363\346\030N\335\311\320\364\024mP\343\345c\002 0\206\023\013\245\375z\236\343x\030\357\034*\021)\034\350P\010\013^\205Ot\356\356\247\247\225\005*""; ","validation: """"\200\000\000\001&\000\000\000\014)/\351\252\330:\r\302\353\023?\373\240rQ\305;a\314\265R\310\017\317\331\235\360\262\240:\277\202\266\354\265X""\022\nh\252\352w\204\203\023]P\027\000\000\000\000\000\000\000\000\000\000\000\000\000\000\000\000\000\000\000\000\000\000\000\000\000\000\000\000\000\000\000\000P\031\207\270b\315\333\333\334\310I\323&\014\352XZnW2.\335\347\202\021\247\362\212e\034\000\001\250\220s!\003R7o\362bV\300hf\266\241;}\200^\374\240\203[:\342Q\225\221\027y\372\255\235\216\323~vG0E\002!\000\327\306%\215\024L\013\321\353\261\226e\242\305\350\204X\341\363\346\030N\335\311\320\364\024mP\343\345c\002 0\206\023\013\245\375z\236\343x\030\357\034*\021)\034\350P\010\013^\205Ot\356\356\247\247\225\005*""; "
1750527576632,1750527576632,0,1,3,2,TMValidation,"validation: """"\200\000\000\001&\000\000\000\014)/\351\252\330:\r\302\353\023?\373\240rQ\305;a\314\265R\310\017\317\331\235\360\262\240:\277\202\266\354\265X""\022\nh\252\352w\204\203\023]P\027\000\000\000\000\000\000\000\000\000\000\000\000\000\000\000\000\000\000\000\000\000\000\000\000\000\000\000\000\000\000\000\000P\031\207\270b\315\333\333\334\310I\323&\014\352XZnW2.\335\347\202\021\247\362\212e\034\000\001\250\220s!\003R7o\362bV\300hf\266\241;}\200^\374\240\203[:\342Q\225\221\027y\372\255\235\216\323~vG0E\002!\000\327\306%\215\024L\013\321\353\261\226e\242\305\350\204X\341\363\346\030N\335\311\320\364\024mP\343\345c\002 0\206\023\013\245\375z\236\343x\030\357\034*\021)\034\350P\010\013^\205Ot\356\356\247\247\225\005*""; ","validation: """"\200\000\000\001&\000\000\000\014)/\351\252\330:\r\302\353\023?\373\240rQ\305;a\314\265R\310\017\317\331\235\360\262\240:\277\202\266\354\265X""\022\nh\252\352w\204\203\023]P\027\000\000\000\000\000\000\000\000\000\000\000\000\000\000\000\000\000\000\000\000\000\000\000\000\000\000\000\000\000\000\000\000P\031\207\270b\315\333\333\334\310I\323&\014\352XZnW2.\335\347\202\021\247\362\212e\034\000\001\250\220s!\003R7o\362bV\300hf\266\241;}\200^\374\240\203[:\342Q\225\221\027y\372\255\235\216\323~vG0E\002!\000\327\306%\215\024L\013\321\353\261\226e\242\305\350\204X\341\363\346\030N\335\311\320\364\024mP\343\345c\002 0\206\023\013\245\375z\236\343x\030\357\034*\021)\034\350P\010\013^\205Ot\356\356\247\247\225\005*""; "
1750527576632,1750527576632,0,1,3,0,TMValidation,"validation: """"\200\000\000\001&\000\000\000\014)/\351\252\330:\r\302\353\023?\373\240rQ\305;a\314\265R\310\017\317\331\235\360\262\240:\277\202\266\354\265X""\022\nh\252\352w\204\203\023]P\027\000\000\000\000\000\000\000\000\000\000\000\000\000\000\000\000\000\000\000\000\000\000\000\000\000\000\000\000\000\000\000\000P\031\207\270b\315\333\333\334\310I\323&\014\352XZnW2.\335\347\202\021\247\362\212e\034\000\001\250\220s!\003R7o\362bV\300hf\266\241;}\200^\374\240\203[:\342Q\225\221\027y\372\255\235\216\323~vG0E\002!\000\327\306%\215\024L\013\321\353\261\226e\242\305\350\204X\341\363\346\030N\335\311\320\364\024mP\343\345c\002 0\206\023\013\245\375z\236\343x\030\357\034*\021)\034\350P\010\013^\205Ot\356\356\247\247\225\005*""; ","validation: """"\200\000\000\001&\000\000\000\014)/\351\252\330:\r\302\353\023?\373\240rQ\305;a\314\265R\310\017\317\331\235\360\262\240:\277\202\266\354\265X""\022\nh\252\352w\204\203\023]P\027\000\000\000\000\000\000\000\000\000\000\000\000\000\000\000\000\000\000\000\000\000\000\000\000\000\000\000\000\000\000\000\000P\031\207\270b\315\333\333\334\310I\323&\014\352XZnW2.\335\347\202\021\247\362\212e\034\000\001\250\220s!\003R7o\362bV\300hf\266\241;}\200^\374\240\203[:\342Q\225\221\027y\372\255\235\216\323~vG0E\002!\000\327\306%\215\024L\013\321\353\261\226e\242\305\350\204X\341\363\346\030N\335\311\320\364\024mP\343\345c\002 0\206\023\013\245\375z\236\343x\030\357\034*\021)\034\350P\010\013^\205Ot\356\356\247\247\225\005*""; "
1750527576632,1750527576632,0,1,3,1,TMValidation,"validation: """"\200\000\000\001&\000\000\000\014)/\351\252\330:\r\302\353\023?\373\240rQ\305;a\314\265R\310\017\317\331\235\360\262\240:\277\202\266\354\265X""\022\nh\252\352w\204\203\023]P\027\000\000\000\000\000\000\000\000\000\000\000\000\000\000\000\000\000\000\000\000\000\000\000\000\000\000\000\000\000\000\000\000P\031\207\270b\315\333\333\334\310I\323&\014\352XZnW2.\335\347\202\021\247\362\212e\034\000\001\250\220s!\003R7o\362bV\300hf\266\241;}\200^\374\240\203[:\342Q\225\221\027y\372\255\235\216\323~vG0E\002!\000\327\306%\215\024L\013\321\353\261\226e\242\305\350\204X\341\363\346\030N\335\311\320\364\024mP\343\345c\002 0\206\023\013\245\375z\236\343x\030\357\034*\021)\034\350P\010\013^\205Ot\356\356\247\247\225\005*""; ","validation: """"\200\000\000\001&\000\000\000\014)/\351\252\330:\r\302\353\023?\373\240rQ\305;a\314\265R\310\017\317\331\235\360\262\240:\277\202\266\354\265X""\022\nh\252\352w\204\203\023]P\027\000\000\000\000\000\000\000\000\000\000\000\000\000\000\000\000\000\000\000\000\000\000\000\000\000\000\000\000\000\000\000\000P\031\207\270b\315\333\333\334\310I\323&\014\352XZnW2.\335\347\202\021\247\362\212e\034\000\001\250\220s!\003R7o\362bV\300hf\266\241;}\200^\374\240\203[:\342Q\225\221\027y\372\255\235\216\323~vG0E\002!\000\327\306%\215\024L\013\321\353\261\226e\242\305\350\204X\341\363\346\030N\335\311\320\364\024mP\343\345c\002 0\206\023\013\245\375z\236\343x\030\357\034*\021)\034\350P\010\013^\205Ot\356\356\247\247\225\005*""; "
1750527576671,1750527576672,0,1,3,1,TMLedgerData,"ledgerHash: ""\361\035\301\024\220m#*\372\032\3178~\374\250\014*\323\342'z69\220\327\256\351G\367\317u\302""; ledgerSeq: 10; type: liBASE; nodes {;   nodedata: ""\000\000\000\n\001cEx]\211\377\3304\254\326mU\377?\177Ek\336\030!\316Aa\225\303\022\377{\210Y\226\271as\354L\035\004\341\000\000\000\000\000\000\000\000\000\000\000\000\000\000\000\000\000\000\000\000\000\000\000\000\000\000\000\000\000\000\000\000\254\245\205(\333\232|\316\344\256\352g\326\377\207\201\343}F-uI:<\316[sh\026\205\0031/\351\252\322/\351\252\323\n\000""; }; nodes {;   nodedata: ""\323C\344\327\264{\312-\017:\006{\177\344N\002\326bO\260\220\006\033\362\345\005U\221DzJ0\001\301\025%1L\307\t\261\262z\374\222T\301\274V\236\223\262\270Ct\362\337b\356\024*\324\320\351\317\002k\336\234\027v\351\217\260\303\360\233ZPZWr\246$w\313\313\r\243r\232\2234\373\3539:N\004Q\245\272D\312D\300\300\t\323\0257\345e\271\na\215{\226\255x%T\257\037\333\004\344_/R\006E\344\037@\210\363\010\336T\226\247'\204_{\261\370""1\235\2445\343\033Y!\212\201\341\272\225'\007o""\025\223n_\364\354#\3206\344&\233Q\177y\227\265&\014\312\302\336\221\221\013m(`\236\007\013\003""; }; requestCookie: 3; ","ledgerHash: ""\361\035\301\024\220m#*\372\032\3178~\374\250\014*\323\342'z69\220\327\256\351G\367\317u\302""; ledgerSeq: 10; type: liBASE; nodes {;   nodedata: ""\000\000\000\n\001cEx]\211\377\3304\254\326mU\377?\177Ek\336\030!\316Aa\225\303\022\377{\210Y\226\271as\354L\035\004\341\000\000\000\000\000\000\000\000\000\000\000\000\000\000\000\000\000\000\000\000\000\000\000\000\000\000\000\000\000\000\000\000\254\245\205(\333\232|\316\344\256\352g\326\377\207\201\343}F-uI:<\316[sh\026\205\0031/\351\252\322/\351\252\323\n\000""; }; nodes {;   nodedata: ""\323C\344\327\264{\312-\017:\006{\177\344N\002\326bO\260\220\006\033\362\345\005U\221DzJ0\001\301\025%1L\307\t\261\262z\374\222T\301\274V\236\223\262\270Ct\362\337b\356\024*\324\320\351\317\002k\336\234\027v\351\217\260\303\360\233ZPZWr\246$w\313\313\r\243r\232\2234\373\3539:N\004Q\245\272D\312D\300\300\t\323\0257\345e\271\na\215{\226\255x%T\257\037\333\004\344_/R\006E\344\037@\210\363\010\336T\226\247'\204_{\261\370""1\235\2445\343\033Y!\212\201\341\272\225'\007o""\025\223n_\364\354#\3206\344&\233Q\177y\227\265&\014\312\302\336\221\221\013m(`\236\007\013\003""; }; requestCookie: 3; "
1750527576672,1750527576672,0,1,3,1,TMLedgerData,"ledgerHash: ""4\254\326mU\377?\177Ek\336\030!\316Aa\225\303\022\377{\210Y\226\271as\354L\035\004\341""; ledgerSeq: 9; type: liBASE; nodes {;   nodedata: ""\000\000\000\t\001cEx]\211\377\330a=\225\273\331\354\365*U\363\263N\367b\371\244\314-w\363\262\225Z\200\206\235\233\257?sE\267\000\000\000\000\000\000\000\000\000\000\000\000\000\000\000\000\000\000\000\000\000\000\000\000\000\000\000\000\000\000\000\000\260a9Y\354\267&\263\302xao\033\354\317\022\231\273\315\035\270\2649/W\340\016\240\027y\000Y/\351\252\310/\351\252\322\n\000""; }; nodes {;   nodedata: ""\323C\344\327\264{\312-\017:\006{\177\344N\002\326bO\260\220\006\033\362\345\005U\221DzJ0\001\301\025%1L\307\t\261\262z\374\222T\301\274V\236\223\262\270Ct\362\337b\356\024*\324\320\351\317\002k\336\234\027v\351\217\260\303\360\233ZPZWr\246$w\313\313\r\243r\232\2234\373\3539:N\004Q\245\272D\312D\300\300\t\323\0257\345e\271\na\215{\226\255x%T\257\037\333\004\344_/R\006E\344\037@\210\363\010\336T\226\247'\204_{\261\370""1\235\2445\343\033Y!\212\201\341\272\225'\007\373<\tV\\372\214\276\366\000`\365\371\261\032\317\304\324\207\234\002\027\276K\312\260\250x\t\216\277\200\013\003""; }; requestCookie: 3; ","ledgerHash: ""4\254\326mU\377?\177Ek\336\030!\316Aa\225\303\022\377{\210Y\226\271as\354L\035\004\341""; ledgerSeq: 9; type: liBASE; nodes {;   nodedata: ""\000\000\000\t\001cEx]\211\377\330a=\225\273\331\354\365*U\363\263N\367b\371\244\314-w\363\262\225Z\200\206\235\233\257?sE\267\000\000\000\000\000\000\000\000\000\000\000\000\000\000\000\000\000\000\000\000\000\000\000\000\000\000\000\000\000\000\000\000\260a9Y\354\267&\263\302xao\033\354\317\022\231\273\315\035\270\2649/W\340\016\240\027y\000Y/\351\252\310/\351\252\322\n\000""; }; nodes {;   nodedata: ""\323C\344\327\264{\312-\017:\006{\177\344N\002\326bO\260\220\006\033\362\345\005U\221DzJ0\001\301\025%1L\307\t\261\262z\374\222T\301\274V\236\223\262\270Ct\362\337b\356\024*\324\320\351\317\002k\336\234\027v\351\217\260\303\360\233ZPZWr\246$w\313\313\r\243r\232\2234\373\3539:N\004Q\245\272D\312D\300\300\t\323\0257\345e\271\na\215{\226\255x%T\257\037\333\004\344_/R\006E\344\037@\210\363\010\336T\226\247'\204_{\261\370""1\235\2445\343\033Y!\212\201\341\272\225'\007\373<\tV\\372\214\276\366\000`\365\371\261\032\317\304\324\207\234\002\027\276K\312\260\250x\t\216\277\200\013\003""; }; requestCookie: 3; "
1750527576673,1750527576673,1968,1,1,2,TMLedgerData,"ledgerHash: ""\361\035\301\024\220m#*\372\032\3178~\374\250\014*\323\342'z69\220\327\256\351G\367\317u\302""; ledgerSeq: 10; type: liBASE; nodes {;   nodedata: ""\000\000\000\n\001cEx]\211\377\3304\254\326mU\377?\177Ek\336\030!\316Aa\225\303\022\377{\210Y\226\271as\354L\035\004\341\000\000\000\000\000\000\000\000\000\000\000\000\000\000\000\000\000\000\000\000\000\000\000\000\000\000\000\000\000\000\000\000\254\245\205(\333\232|\316\344\256\352g\326\377\207\201\343}F-uI:<\316[sh\026\205\0031/\351\252\322/\351\252\323\n\000""; }; nodes {;   nodedata: ""\323C\344\327\264{\312-\017:\006{\177\344N\002\326bO\260\220\006\033\362\345\005U\221DzJ0\001\301\025%1L\307\t\261\262z\374\222T\301\274V\236\223\262\270Ct\362\337b\356\024*\324\320\351\317\002k\336\234\027v\351\217\260\303\360\233ZPZWr\246$w\313\313\r\243r\232\2234\373\3539:N\004Q\245\272D\312D\300\300\t\323\0257\345e\271\na\215{\226\255x%T\257\037\333\004\344_/R\006E\344\037@\210\363\010\336T\226\247'\204_{\261\370""1\235\2445\343\033Y!\212\201\341\272\225'\007o""\025\223n_\364\354#\3206\344&\233Q\177y\227\265&\014\312\302\336\221\221\013m(`\236\007\013\003""; }; ","ledgerHash: ""\361\035\301\024\220m#*\372\032\3178~\374\250\014*\323\342'z69\220\327\256\351G\367\317u\302""; ledgerSeq: 10; type: liBASE; nodes {;   nodedata: ""\000\000\000\n\001cEx]\211\377\3304\254\326mU\377?\177Ek\336\030!\316Aa\225\303\022\377{\210Y\226\271as\354L\035\004\341\000\000\000\000\000\000\000\000\000\000\000\000\000\000\000\000\000\000\000\000\000\000\000\000\000\000\000\000\000\000\000\000\254\245\205(\333\232|\316\344\256\352g\326\377\207\201\343}F-uI:<\316[sh\026\205\0031/\351\252\322/\351\252\323\n\000""; }; nodes {;   nodedata: ""\323C\344\327\264{\312-\017:\006{\177\344N\002\326bO\260\220\006\033\362\345\005U\221DzJ0\001\301\025%1L\307\t\261\262z\374\222T\301\274V\236\223\262\270Ct\362\337b\356\024*\324\320\351\317\002k\336\234\027v\351\217\260\303\360\233ZPZWr\246$w\313\313\r\243r\232\2234\373\3539:N\004Q\245\272D\312D\300\300\t\323\0257\345e\271\na\215{\226\255x%T\257\037\333\004\344_/R\006E\344\037@\210\363\010\336T\226\247'\204_{\261\370""1\235\2445\343\033Y!\212\201\341\272\225'\007o""\025\223n_\364\354#\3206\344&\233Q\177y\227\265&\014\312\302\336\221\221\013m(`\236\007\013\003""; }; "
1750527576673,1750527576673,1968,1,1,2,TMLedgerData,"ledgerHash: ""4\254\326mU\377?\177Ek\336\030!\316Aa\225\303\022\377{\210Y\226\271as\354L\035\004\341""; ledgerSeq: 9; type: liBASE; nodes {;   nodedata: ""\000\000\000\t\001cEx]\211\377\330a=\225\273\331\354\365*U\363\263N\367b\371\244\314-w\363\262\225Z\200\206\235\233\257?sE\267\000\000\000\000\000\000\000\000\000\000\000\000\000\000\000\000\000\000\000\000\000\000\000\000\000\000\000\000\000\000\000\000\260a9Y\354\267&\263\302xao\033\354\317\022\231\273\315\035\270\2649/W\340\016\240\027y\000Y/\351\252\310/\351\252\322\n\000""; }; nodes {;   nodedata: ""\323C\344\327\264{\312-\017:\006{\177\344N\002\326bO\260\220\006\033\362\345\005U\221DzJ0\001\301\025%1L\307\t\261\262z\374\222T\301\274V\236\223\262\270Ct\362\337b\356\024*\324\320\351\317\002k\336\234\027v\351\217\260\303\360\233ZPZWr\246$w\313\313\r\243r\232\2234\373\3539:N\004Q\245\272D\312D\300\300\t\323\0257\345e\271\na\215{\226\255x%T\257\037\333\004\344_/R\006E\344\037@\210\363\010\336T\226\247'\204_{\261\370""1\235\2445\343\033Y!\212\201\341\272\225'\007\373<\tV\\372\214\276\366\000`\365\371\261\032\317\304\324\207\234\002\027\276K\312\260\250x\t\216\277\200\013\003""; }; ","ledgerHash: ""4\254\326mU\377?\177Ek\336\030!\316Aa\225\303\022\377{\210Y\226\271as\354L\035\004\341""; ledgerSeq: 9; type: liBASE; nodes {;   nodedata: ""\000\000\000\t\001cEx]\211\377\330a=\225\273\331\354\365*U\363\263N\367b\371\244\314-w\363\262\225Z\200\206\235\233\257?sE\267\000\000\000\000\000\000\000\000\000\000\000\000\000\000\000\000\000\000\000\000\000\000\000\000\000\000\000\000\000\000\000\000\260a9Y\354\267&\263\302xao\033\354\317\022\231\273\315\035\270\2649/W\340\016\240\027y\000Y/\351\252\310/\351\252\322\n\000""; }; nodes {;   nodedata: ""\323C\344\327\264{\312-\017:\006{\177\344N\002\326bO\260\220\006\033\362\345\005U\221DzJ0\001\301\025%1L\307\t\261\262z\374\222T\301\274V\236\223\262\270Ct\362\337b\356\024*\324\320\351\317\002k\336\234\027v\351\217\260\303\360\233ZPZWr\246$w\313\313\r\243r\232\2234\373\3539:N\004Q\245\272D\312D\300\300\t\323\0257\345e\271\na\215{\226\255x%T\257\037\333\004\344_/R\006E\344\037@\210\363\010\336T\226\247'\204_{\261\370""1\235\2445\343\033Y!\212\201\341\272\225'\007\373<\tV\\372\214\276\366\000`\365\371\261\032\317\304\324\207\234\002\027\276K\312\260\250x\t\216\277\200\013\003""; }; "
1750527576725,1750527576725,0,1,4,2,TMLedgerData,"ledgerHash: ""4\254\326mU\377?\177Ek\336\030!\316Aa\225\303\022\377{\210Y\226\271as\354L\035\004\341""; ledgerSeq: 9; type: liBASE; nodes {;   nodedata: ""\000\000\000\t\001cEx]\211\377\330a=\225\273\331\354\365*U\363\263N\367b\371\244\314-w\363\262\225Z\200\206\235\233\257?sE\267\000\000\000\000\000\000\000\000\000\000\000\000\000\000\000\000\000\000\000\000\000\000\000\000\000\000\000\000\000\000\000\000\260a9Y\354\267&\263\302xao\033\354\317\022\231\273\315\035\270\2649/W\340\016\240\027y\000Y/\351\252\310/\351\252\322\n\000""; }; nodes {;   nodedata: ""\323C\344\327\264{\312-\017:\006{\177\344N\002\326bO\260\220\006\033\362\345\005U\221DzJ0\001\301\025%1L\307\t\261\262z\374\222T\301\274V\236\223\262\270Ct\362\337b\356\024*\324\320\351\317\002k\336\234\027v\351\217\260\303\360\233ZPZWr\246$w\313\313\r\243r\232\2234\373\3539:N\004Q\245\272D\312D\300\300\t\323\0257\345e\271\na\215{\226\255x%T\257\037\333\004\344_/R\006E\344\037@\210\363\010\336T\226\247'\204_{\261\370""1\235\2445\343\033Y!\212\201\341\272\225'\007\373<\tV\\372\214\276\366\000`\365\371\261\032\317\304\324\207\234\002\027\276K\312\260\250x\t\216\277\200\013\003""; }; requestCookie: 2; ","ledgerHash: ""4\254\326mU\377?\177Ek\336\030!\316Aa\225\303\022\377{\210Y\226\271as\354L\035\004\341""; ledgerSeq: 9; type: liBASE; nodes {;   nodedata: ""\000\000\000\t\001cEx]\211\377\330a=\225\273\331\354\365*U\363\263N\367b\371\244\314-w\363\262\225Z\200\206\235\233\257?sE\267\000\000\000\000\000\000\000\000\000\000\000\000\000\000\000\000\000\000\000\000\000\000\000\000\000\000\000\000\000\000\000\000\260a9Y\354\267&\263\302xao\033\354\317\022\231\273\315\035\270\2649/W\340\016\240\027y\000Y/\351\252\310/\351\252\322\n\000""; }; nodes {;   nodedata: ""\323C\344\327\264{\312-\017:\006{\177\344N\002\326bO\260\220\006\033\362\345\005U\221DzJ0\001\301\025%1L\307\t\261\262z\374\222T\301\274V\236\223\262\270Ct\362\337b\356\024*\324\320\351\317\002k\336\234\027v\351\217\260\303\360\233ZPZWr\246$w\313\313\r\243r\232\2234\373\3539:N\004Q\245\272D\312D\300\300\t\323\0257\345e\271\na\215{\226\255x%T\257\037\333\004\344_/R\006E\344\037@\210\363\010\336T\226\247'\204_{\261\370""1\235\2445\343\033Y!\212\201\341\272\225'\007\373<\tV\\372\214\276\366\000`\365\371\261\032\317\304\324\207\234\002\027\276K\312\260\250x\t\216\277\200\013\003""; }; requestCookie: 2; "
1750527576726,1750527576726,612,1,2,0,TMLedgerData,"ledgerHash: ""4\254\326mU\377?\177Ek\336\030!\316Aa\225\303\022\377{\210Y\226\271as\354L\035\004\341""; ledgerSeq: 9; type: liBASE; nodes {;   nodedata: ""\000\000\000\t\001cEx]\211\377\330a=\225\273\331\354\365*U\363\263N\367b\371\244\314-w\363\262\225Z\200\206\235\233\257?sE\267\000\000\000\000\000\000\000\000\000\000\000\000\000\000\000\000\000\000\000\000\000\000\000\000\000\000\000\000\000\000\000\000\260a9Y\354\267&\263\302xao\033\354\317\022\231\273\315\035\270\2649/W\340\016\240\027y\000Y/\351\252\310/\351\252\322\n\000""; }; nodes {;   nodedata: ""\323C\344\327\264{\312-\017:\006{\177\344N\002\326bO\260\220\006\033\362\345\005U\221DzJ0\001\301\025%1L\307\t\261\262z\374\222T\301\274V\236\223\262\270Ct\362\337b\356\024*\324\320\351\317\002k\336\234\027v\351\217\260\303\360\233ZPZWr\246$w\313\313\r\243r\232\2234\373\3539:N\004Q\245\272D\312D\300\300\t\323\0257\345e\271\na\215{\226\255x%T\257\037\333\004\344_/R\006E\344\037@\210\363\010\336T\226\247'\204_{\261\370""1\235\2445\343\033Y!\212\201\341\272\225'\007\373<\tV\\372\214\276\366\000`\365\371\261\032\317\304\324\207\234\002\027\276K\312\260\250x\t\216\277\200\013\003""; }; ","ledgerHash: ""4\254\326mU\377?\177Ek\336\030!\316Aa\225\303\022\377{\210Y\226\271as\354L\035\004\341""; ledgerSeq: 9; type: liBASE; nodes {;   nodedata: ""\000\000\000\t\001cEx]\211\377\330a=\225\273\331\354\365*U\363\263N\367b\371\244\314-w\363\262\225Z\200\206\235\233\257?sE\267\000\000\000\000\000\000\000\000\000\000\000\000\000\000\000\000\000\000\000\000\000\000\000\000\000\000\000\000\000\000\000\000\260a9Y\354\267&\263\302xao\033\354\317\022\231\273\315\035\270\2649/W\340\016\240\027y\000Y/\351\252\310/\351\252\322\n\000""; }; nodes {;   nodedata: ""\323C\344\327\264{\312-\017:\006{\177\344N\002\326bO\260\220\006\033\362\345\005U\221DzJ0\001\301\025%1L\307\t\261\262z\374\222T\301\274V\236\223\262\270Ct\362\337b\356\024*\324\320\351\317\002k\336\234\027v\351\217\260\303\360\233ZPZWr\246$w\313\313\r\243r\232\2234\373\3539:N\004Q\245\272D\312D\300\300\t\323\0257\345e\271\na\215{\226\255x%T\257\037\333\004\344_/R\006E\344\037@\210\363\010\336T\226\247'\204_{\261\370""1\235\2445\343\033Y!\212\201\341\272\225'\007\373<\tV\\372\214\276\366\000`\365\371\261\032\317\304\324\207\234\002\027\276K\312\260\250x\t\216\277\200\013\003""; }; "
1750527576814,1750527576814,3769,1,1,3,TMGetLedger,"itype: liBASE; ledgerHash: ""\207\270b\315\333\333\334\310I\323&\014\352XZnW2.\335\347\202\021\247\362\212e\034\000\001\250\220""; ledgerSeq: 11; requestCookie: 2; queryType: qtINDIRECT; ","itype: liBASE; ledgerHash: ""\207\270b\315\333\333\334\310I\323&\014\352XZnW2.\335\347\202\021\247\362\212e\034\000\001\250\220""; ledgerSeq: 11; requestCookie: 2; queryType: qtINDIRECT; "
1750527576817,1750527576817,0,1,4,0,TMLedgerData,"ledgerHash: ""\305;a\314\265R\310\017\317\331\235\360\262\240:\277\202\266\354\265X""\022\nh\252\352w\204\203\023]""; ledgerSeq: 12; type: liBASE; nodes {;   nodedata: ""\000\000\000\014\001cEx]\211\377\330\207\270b\315\333\333\334\310I\323&\014\352XZnW2.\335\347\202\021\247\362\212e\034\000\001\250\220\000\000\000\000\000\000\000\000\000\000\000\000\000\000\000\000\000\000\000\000\000\000\000\000\000\000\000\000\000\000\000\000\013\352\370t\247W\026\374\353\033\001\rV\340""I\n\377\304&V\200&\306\020\224i\257z\327>\355/\351\252\324/\351\252\325\n\000""; }; nodes {;   nodedata: ""\323C\344\327\264{\312-\017:\006{\177\344N\002\326bO\260\220\006\033\362\345\005U\221DzJ0\001\301\025%1L\307\t\261\262z\374\222T\301\274V\236\223\262\270Ct\362\337b\356\024*\324\320\351\317\002k\336\234\027v\351\217\260\303\360\233ZPZWr\246$w\313\313\r\243r\232\2234\373\3539:N\004Q\245\272D\312D\300\300\t\323\0257\345e\271\na\215{\226\255x%T\257\037\333\004\344_/R\006E\344\037@\210\363\010\336T\226\247'\204_{\261\370""1\235\2445\343\033Y!\212\201\341\272\225'\007\252$\232m\027\215\243\234\266\6+r\213\264K\307,\347\275\343\363\375L?5\243\234\232\374\357\232\013\003""; }; ","ledgerHash: ""\305;a\314\265R\310\017\317\331\235\360\262\240:\277\202\266\354\265X""\022\nh\252\352w\204\203\023]""; ledgerSeq: 12; type: liBASE; nodes {;   nodedata: ""\000\000\000\014\001cEx]\211\377\330\207\270b\315\333\333\334\310I\323&\014\352XZnW2.\335\347\202\021\247\362\212e\034\000\001\250\220\000\000\000\000\000\000\000\000\000\000\000\000\000\000\000\000\000\000\000\000\000\000\000\000\000\000\000\000\000\000\000\000\013\352\370t\247W\026\374\353\033\001\rV\340""I\n\377\304&V\200&\306\020\224i\257z\327>\355/\351\252\324/\351\252\325\n\000""; }; nodes {;   nodedata: ""\323C\344\327\264{\312-\017:\006{\177\344N\002\326bO\260\220\006\033\362\345\005U\221DzJ0\001\301\025%1L\307\t\261\262z\374\222T\301\274V\236\223\262\270Ct\362\337b\356\024*\324\320\351\317\002k\336\234\027v\351\217\260\303\360\233ZPZWr\246$w\313\313\r\243r\232\2234\373\3539:N\004Q\245\272D\312D\300\300\t\323\0257\345e\271\na\215{\226\255x%T\257\037\333\004\344_/R\006E\344\037@\210\363\010\336T\226\247'\204_{\261\370""1\235\2445\343\033Y!\212\201\341\272\225'\007\252$\232m\027\215\243\234\266\6+r\213\264K\307,\347\275\343\363\375L?5\243\234\232\374\357\232\013\003""; }; "
1750527576817,1750527576818,0,1,4,0,TMLedgerData,"ledgerHash: ""\305;a\314\265R\310\017\317\331\235\360\262\240:\277\202\266\354\265X""\022\nh\252\352w\204\203\023]""; ledgerSeq: 12; type: liBASE; nodes {;   nodedata: ""\000\000\000\014\001cEx]\211\377\330\207\270b\315\333\333\334\310I\323&\014\352XZnW2.\335\347\202\021\247\362\212e\034\000\001\250\220\000\000\000\000\000\000\000\000\000\000\000\000\000\000\000\000\000\000\000\000\000\000\000\000\000\000\000\000\000\000\000\000\013\352\370t\247W\026\374\353\033\001\rV\340""I\n\377\304&V\200&\306\020\224i\257z\327>\355/\351\252\324/\351\252\325\n\000""; }; nodes {;   nodedata: ""\323C\344\327\264{\312-\017:\006{\177\344N\002\326bO\260\220\006\033\362\345\005U\221DzJ0\001\301\025%1L\307\t\261\262z\374\222T\301\274V\236\223\262\270Ct\362\337b\356\024*\324\320\351\317\002k\336\234\027v\351\217\260\303\360\233ZPZWr\246$w\313\313\r\243r\232\2234\373\3539:N\004Q\245\272D\312D\300\300\t\323\0257\345e\271\na\215{\226\255x%T\257\037\333\004\344_/R\006E\344\037@\210\363\010\336T\226\247'\204_{\261\370""1\235\2445\343\033Y!\212\201\341\272\225'\007\252$\232m\027\215\243\234\266\6+r\213\264K\307,\347\275\343\363\375L?5\243\234\232\374\357\232\013\003""; }; ","ledgerHash: ""\305;a\314\265R\310\017\317\331\235\360\262\240:\277\202\266\354\265X""\022\nh\252\352w\204\203\023]""; ledgerSeq: 12; type: liBASE; nodes {;   nodedata: ""\000\000\000\014\001cEx]\211\377\330\207\270b\315\333\333\334\310I\323&\014\352XZnW2.\335\347\202\021\247\362\212e\034\000\001\250\220\000\000\000\000\000\000\000\000\000\000\000\000\000\000\000\000\000\000\000\000\000\000\000\000\000\000\000\000\000\000\000\000\013\352\370t\247W\026\374\353\033\001\rV\340""I\n\377\304&V\200&\306\020\224i\257z\327>\355/\351\252\324/\351\252\325\n\000""; }; nodes {;   nodedata: ""\323C\344\327\264{\312-\017:\006{\177\344N\002\326bO\260\220\006\033\362\345\005U\221DzJ0\001\301\025%1L\307\t\261\262z\374\222T\301\274V\236\223\262\270Ct\362\337b\356\024*\324\320\351\317\002k\336\234\027v\351\217\260\303\360\233ZPZWr\246$w\313\313\r\243r\232\2234\373\3539:N\004Q\245\272D\312D\300\300\t\323\0257\345e\271\na\215{\226\255x%T\257\037\333\004\344_/R\006E\344\037@\210\363\010\336T\226\247'\204_{\261\370""1\235\2445\343\033Y!\212\201\341\272\225'\007\252$\232m\027\215\243\234\266\6+r\213\264K\307,\347\275\343\363\375L?5\243\234\232\374\357\232\013\003""; }; "
1750527576819,1750527576819,380,1,0,4,TMGetLedger,"itype: liAS_NODE; ledgerHash: ""\305;a\314\265R\310\017\317\331\235\360\262\240:\277\202\266\354\265X""\022\nh\252\352w\204\203\023]""; ledgerSeq: 12; nodeIDs: ""\260\000\000\000\000\000\000\000\000\000\000\000\000\000\000\000\000\000\000\000\000\000\000\000\000\000\000\000\000\000\000\000\001""; queryType: qtINDIRECT; queryDepth: 1; ","itype: liAS_NODE; ledgerHash: ""\305;a\314\265R\310\017\317\331\235\360\262\240:\277\202\266\354\265X""\022\nh\252\352w\204\203\023]""; ledgerSeq: 12; nodeIDs: ""\260\000\000\000\000\000\000\000\000\000\000\000\000\000\000\000\000\000\000\000\000\000\000\000\000\000\000\000\000\000\000\000\001""; queryType: qtINDIRECT; queryDepth: 1; "
1750527576916,1750527576916,0,1,4,2,TMLedgerData,"ledgerHash: ""4\254\326mU\377?\177Ek\336\030!\316Aa\225\303\022\377{\210Y\226\271as\354L\035\004\341""; ledgerSeq: 9; type: liBASE; nodes {;   nodedata: ""\000\000\000\t\001cEx]\211\377\330a=\225\273\331\354\365*U\363\263N\367b\371\244\314-w\363\262\225Z\200\206\235\233\257?sE\267\000\000\000\000\000\000\000\000\000\000\000\000\000\000\000\000\000\000\000\000\000\000\000\000\000\000\000\000\000\000\000\000\260a9Y\354\267&\263\302xao\033\354\317\022\231\273\315\035\270\2649/W\340\016\240\027y\000Y/\351\252\310/\351\252\322\n\000""; }; nodes {;   nodedata: ""\323C\344\327\264{\312-\017:\006{\177\344N\002\326bO\260\220\006\033\362\345\005U\221DzJ0\001\301\025%1L\307\t\261\262z\374\222T\301\274V\236\223\262\270Ct\362\337b\356\024*\324\320\351\317\002k\336\234\027v\351\217\260\303\360\233ZPZWr\246$w\313\313\r\243r\232\2234\373\3539:N\004Q\245\272D\312D\300\300\t\323\0257\345e\271\na\215{\226\255x%T\257\037\333\004\344_/R\006E\344\037@\210\363\010\336T\226\247'\204_{\261\370""1\235\2445\343\033Y!\212\201\341\272\225'\007\373<\tV\\372\214\276\366\000`\365\371\261\032\317\304\324\207\234\002\027\276K\312\260\250x\t\216\277\200\013\003""; }; requestCookie: 3; ","ledgerHash: ""4\254\326mU\377?\177Ek\336\030!\316Aa\225\303\022\377{\210Y\226\271as\354L\035\004\341""; ledgerSeq: 9; type: liBASE; nodes {;   nodedata: ""\000\000\000\t\001cEx]\211\377\330a=\225\273\331\354\365*U\363\263N\367b\371\244\314-w\363\262\225Z\200\206\235\233\257?sE\267\000\000\000\000\000\000\000\000\000\000\000\000\000\000\000\000\000\000\000\000\000\000\000\000\000\000\000\000\000\000\000\000\260a9Y\354\267&\263\302xao\033\354\317\022\231\273\315\035\270\2649/W\340\016\240\027y\000Y/\351\252\310/\351\252\322\n\000""; }; nodes {;   nodedata: ""\323C\344\327\264{\312-\017:\006{\177\344N\002\326bO\260\220\006\033\362\345\005U\221DzJ0\001\301\025%1L\307\t\261\262z\374\222T\301\274V\236\223\262\270Ct\362\337b\356\024*\324\320\351\317\002k\336\234\027v\351\217\260\303\360\233ZPZWr\246$w\313\313\r\243r\232\2234\373\3539:N\004Q\245\272D\312D\300\300\t\323\0257\345e\271\na\215{\226\255x%T\257\037\333\004\344_/R\006E\344\037@\210\363\010\336T\226\247'\204_{\261\370""1\235\2445\343\033Y!\212\201\341\272\225'\007\373<\tV\\372\214\276\366\000`\365\371\261\032\317\304\324\207\234\002\027\276K\312\260\250x\t\216\277\200\013\003""; }; requestCookie: 3; "
1750527576918,1750527576918,1769,1,2,1,TMLedgerData,"ledgerHash: ""4\254\326mU\377?\177Ek\336\030!\316Aa\225\303\022\377{\210Y\226\271as\354L\035\004\341""; ledgerSeq: 9; type: liBASE; nodes {;   nodedata: ""\000\000\000\t\001cEx]\211\377\330a=\225\273\331\354\365*U\363\263N\367b\371\244\314-w\363\262\225Z\200\206\235\233\257?sE\267\000\000\000\000\000\000\000\000\000\000\000\000\000\000\000\000\000\000\000\000\000\000\000\000\000\000\000\000\000\000\000\000\260a9Y\354\267&\263\302xao\033\354\317\022\231\273\315\035\270\2649/W\340\016\240\027y\000Y/\351\252\310/\351\252\322\n\000""; }; nodes {;   nodedata: ""\323C\344\327\264{\312-\017:\006{\177\344N\002\326bO\260\220\006\033\362\345\005U\221DzJ0\001\301\025%1L\307\t\261\262z\374\222T\301\274V\236\223\262\270Ct\362\337b\356\024*\324\320\351\317\002k\336\234\027v\351\217\260\303\360\233ZPZWr\246$w\313\313\r\243r\232\2234\373\3539:N\004Q\245\272D\312D\300\300\t\323\0257\345e\271\na\215{\226\255x%T\257\037\333\004\344_/R\006E\344\037@\210\363\010\336T\226\247'\204_{\261\370""1\235\2445\343\033Y!\212\201\341\272\225'\007\373<\tV\\372\214\276\366\000`\365\371\261\032\317\304\324\207\234\002\027\276K\312\260\250x\t\216\277\200\013\003""; }; ","ledgerHash: ""4\254\326mU\377?\177Ek\336\030!\316Aa\225\303\022\377{\210Y\226\271as\354L\035\004\341""; ledgerSeq: 9; type: liBASE; nodes {;   nodedata: ""\000\000\000\t\001cEx]\211\377\330a=\225\273\331\354\365*U\363\263N\367b\371\244\314-w\363\262\225Z\200\206\235\233\257?sE\267\000\000\000\000\000\000\000\000\000\000\000\000\000\000\000\000\000\000\000\000\000\000\000\000\000\000\000\000\000\000\000\000\260a9Y\354\267&\263\302xao\033\354\317\022\231\273\315\035\270\2649/W\340\016\240\027y\000Y/\351\252\310/\351\252\322\n\000""; }; nodes {;   nodedata: ""\323C\344\327\264{\312-\017:\006{\177\344N\002\326bO\260\220\006\033\362\345\005U\221DzJ0\001\301\025%1L\307\t\261\262z\374\222T\301\274V\236\223\262\270Ct\362\337b\356\024*\324\320\351\317\002k\336\234\027v\351\217\260\303\360\233ZPZWr\246$w\313\313\r\243r\232\2234\373\3539:N\004Q\245\272D\312D\300\300\t\323\0257\345e\271\na\215{\226\255x%T\257\037\333\004\344_/R\006E\344\037@\210\363\010\336T\226\247'\204_{\261\370""1\235\2445\343\033Y!\212\201\341\272\225'\007\373<\tV\\372\214\276\366\000`\365\371\261\032\317\304\324\207\234\002\027\276K\312\260\250x\t\216\277\200\013\003""; }; "
1750527577005,1750527577006,0,1,3,2,TMLedgerData,"ledgerHash: ""\361\035\301\024\220m#*\372\032\3178~\374\250\014*\323\342'z69\220\327\256\351G\367\317u\302""; ledgerSeq: 10; type: liBASE; nodes {;   nodedata: ""\000\000\000\n\001cEx]\211\377\3304\254\326mU\377?\177Ek\336\030!\316Aa\225\303\022\377{\210Y\226\271as\354L\035\004\341\000\000\000\000\000\000\000\000\000\000\000\000\000\000\000\000\000\000\000\000\000\000\000\000\000\000\000\000\000\000\000\000\254\245\205(\333\232|\316\344\256\352g\326\377\207\201\343}F-uI:<\316[sh\026\205\0031/\351\252\322/\351\252\323\n\000""; }; nodes {;   nodedata: ""\323C\344\327\264{\312-\017:\006{\177\344N\002\326bO\260\220\006\033\362\345\005U\221DzJ0\001\301\025%1L\307\t\261\262z\374\222T\301\274V\236\223\262\270Ct\362\337b\356\024*\324\320\351\317\002k\336\234\027v\351\217\260\303\360\233ZPZWr\246$w\313\313\r\243r\232\2234\373\3539:N\004Q\245\272D\312D\300\300\t\323\0257\345e\271\na\215{\226\255x%T\257\037\333\004\344_/R\006E\344\037@\210\363\010\336T\226\247'\204_{\261\370""1\235\2445\343\033Y!\212\201\341\272\225'\007o""\025\223n_\364\354#\3206\344&\233Q\177y\227\265&\014\312\302\336\221\221\013m(`\236\007\013\003""; }; requestCookie: 2; ","ledgerHash: ""\361\035\301\024\220m#*\372\032\3178~\374\250\014*\323\342'z69\220\327\256\351G\367\317u\302""; ledgerSeq: 10; type: liBASE; nodes {;   nodedata: ""\000\000\000\n\001cEx]\211\377\3304\254\326mU\377?\177Ek\336\030!\316Aa\225\303\022\377{\210Y\226\271as\354L\035\004\341\000\000\000\000\000\000\000\000\000\000\000\000\000\000\000\000\000\000\000\000\000\000\000\000\000\000\000\000\000\000\000\000\254\245\205(\333\232|\316\344\256\352g\326\377\207\201\343}F-uI:<\316[sh\026\205\0031/\351\252\322/\351\252\323\n\000""; }; nodes {;   nodedata: ""\323C\344\327\264{\312-\017:\006{\177\344N\002\326bO\260\220\006\033\362\345\005U\221DzJ0\001\301\025%1L\307\t\261\262z\374\222T\301\274V\236\223\262\270Ct\362\337b\356\024*\324\320\351\317\002k\336\234\027v\351\217\260\303\360\233ZPZWr\246$w\313\313\r\243r\232\2234\373\3539:N\004Q\245\272D\312D\300\300\t\323\0257\345e\271\na\215{\226\255x%T\257\037\333\004\344_/R\006E\344\037@\210\363\010\336T\226\247'\204_{\261\370""1\235\2445\343\033Y!\212\201\341\272\225'\007o""\025\223n_\364\354#\3206\344&\233Q\177y\227\265&\014\312\302\336\221\221\013m(`\236\007\013\003""; }; requestCookie: 2; "
1750527577007,1750527577008,612,1,2,0,TMLedgerData,"ledgerHash: ""\361\035\301\024\220m#*\372\032\3178~\374\250\014*\323\342'z69\220\327\256\351G\367\317u\302""; ledgerSeq: 10; type: liBASE; nodes {;   nodedata: ""\000\000\000\n\001cEx]\211\377\3304\254\326mU\377?\177Ek\336\030!\316Aa\225\303\022\377{\210Y\226\271as\354L\035\004\341\000\000\000\000\000\000\000\000\000\000\000\000\000\000\000\000\000\000\000\000\000\000\000\000\000\000\000\000\000\000\000\000\254\245\205(\333\232|\316\344\256\352g\326\377\207\201\343}F-uI:<\316[sh\026\205\0031/\351\252\322/\351\252\323\n\000""; }; nodes {;   nodedata: ""\323C\344\327\264{\312-\017:\006{\177\344N\002\326bO\260\220\006\033\362\345\005U\221DzJ0\001\301\025%1L\307\t\261\262z\374\222T\301\274V\236\223\262\270Ct\362\337b\356\024*\324\320\351\317\002k\336\234\027v\351\217\260\303\360\233ZPZWr\246$w\313\313\r\243r\232\2234\373\3539:N\004Q\245\272D\312D\300\300\t\323\0257\345e\271\na\215{\226\255x%T\257\037\333\004\344_/R\006E\344\037@\210\363\010\336T\226\247'\204_{\261\370""1\235\2445\343\033Y!\212\201\341\272\225'\007o""\025\223n_\364\354#\3206\344&\233Q\177y\227\265&\014\312\302\336\221\221\013m(`\236\007\013\003""; }; ","ledgerHash: ""\361\035\301\024\220m#*\372\032\3178~\374\250\014*\323\342'z69\220\327\256\351G\367\317u\302""; ledgerSeq: 10; type: liBASE; nodes {;   nodedata: ""\000\000\000\n\001cEx]\211\377\3304\254\326mU\377?\177Ek\336\030!\316Aa\225\303\022\377{\210Y\226\271as\354L\035\004\341\000\000\000\000\000\000\000\000\000\000\000\000\000\000\000\000\000\000\000\000\000\000\000\000\000\000\000\000\000\000\000\000\254\245\205(\333\232|\316\344\256\352g\326\377\207\201\343}F-uI:<\316[sh\026\205\0031/\351\252\322/\351\252\323\n\000""; }; nodes {;   nodedata: ""\323C\344\327\264{\312-\017:\006{\177\344N\002\326bO\260\220\006\033\362\345\005U\221DzJ0\001\301\025%1L\307\t\261\262z\374\222T\301\274V\236\223\262\270Ct\362\337b\356\024*\324\320\351\317\002k\336\234\027v\351\217\260\303\360\233ZPZWr\246$w\313\313\r\243r\232\2234\373\3539:N\004Q\245\272D\312D\300\300\t\323\0257\345e\271\na\215{\226\255x%T\257\037\333\004\344_/R\006E\344\037@\210\363\010\336T\226\247'\204_{\261\370""1\235\2445\343\033Y!\212\201\341\272\225'\007o""\025\223n_\364\354#\3206\344&\233Q\177y\227\265&\014\312\302\336\221\221\013m(`\236\007\013\003""; }; "
1750527577021,1750527577022,3818,1,0,2,TMLedgerData,"ledgerHash: ""\207\270b\315\333\333\334\310I\323&\014\352XZnW2.\335\347\202\021\247\362\212e\034\000\001\250\220""; ledgerSeq: 11; type: liBASE; nodes {;   nodedata: ""\000\000\000\013\001cEx]\211\377\330\361\035\301\024\220m#*\372\032\3178~\374\250\014*\323\342'z69\220\327\256\351G\367\317u\302\000\000\000\000\000\000\000\000\000\000\000\000\000\000\000\000\000\000\000\000\000\000\000\000\000\000\000\000\000\000\000\000\313c\210\200\377\273\312\010\030f\372\244%*\307\272T\262\245c[\026\007_-\227VB\214\347\261\220/\351\252\323/\351\252\324\n\000""; }; nodes {;   nodedata: ""\323C\344\327\264{\312-\017:\006{\177\344N\002\326bO\260\220\006\033\362\345\005U\221DzJ0\001\301\025%1L\307\t\261\262z\374\222T\301\274V\236\223\262\270Ct\362\337b\356\024*\324\320\351\317\002k\336\234\027v\351\217\260\303\360\233ZPZWr\246$w\313\313\r\243r\232\2234\373\3539:N\004Q\245\272D\312D\300\300\t\323\0257\345e\271\na\215{\226\255x%T\257\037\333\004\344_/R\006E\344\037@\210\363\010\336T\226\247'\204_{\261\370""1\235\2445\343\033Y!\212\201\341\272\225'\007\t7y2\201R\010H\001l\375\310t\t\264<3~\035\230\304Gh@\204\342\325\204>\363\344T\013\003""; }; ","ledgerHash: ""\207\270b\315\333\333\334\310I\323&\014\352XZnW2.\335\347\202\021\247\362\212e\034\000\001\250\220""; ledgerSeq: 11; type: liBASE; nodes {;   nodedata: ""\000\000\000\013\001cEx]\211\377\330\361\035\301\024\220m#*\372\032\3178~\374\250\014*\323\342'z69\220\327\256\351G\367\317u\302\000\000\000\000\000\000\000\000\000\000\000\000\000\000\000\000\000\000\000\000\000\000\000\000\000\000\000\000\000\000\000\000\313c\210\200\377\273\312\010\030f\372\244%*\307\272T\262\245c[\026\007_-\227VB\214\347\261\220/\351\252\323/\351\252\324\n\000""; }; nodes {;   nodedata: ""\323C\344\327\264{\312-\017:\006{\177\344N\002\326bO\260\220\006\033\362\345\005U\221DzJ0\001\301\025%1L\307\t\261\262z\374\222T\301\274V\236\223\262\270Ct\362\337b\356\024*\324\320\351\317\002k\336\234\027v\351\217\260\303\360\233ZPZWr\246$w\313\313\r\243r\232\2234\373\3539:N\004Q\245\272D\312D\300\300\t\323\0257\345e\271\na\215{\226\255x%T\257\037\333\004\344_/R\006E\344\037@\210\363\010\336T\226\247'\204_{\261\370""1\235\2445\343\033Y!\212\201\341\272\225'\007\t7y2\201R\010H\001l\375\310t\t\264<3~\035\230\304Gh@\204\342\325\204>\363\344T\013\003""; }; "
1750527577023,1750527577023,3094,1,0,3,TMGetLedger,"itype: liBASE; ledgerHash: ""\305;a\314\265R\310\017\317\331\235\360\262\240:\277\202\266\354\265X""\022\nh\252\352w\204\203\023]""; ledgerSeq: 12; requestCookie: 3; queryType: qtINDIRECT; ","itype: liBASE; ledgerHash: ""\305;a\314\265R\310\017\317\331\235\360\262\240:\277\202\266\354\265X""\022\nh\252\352w\204\203\023]""; ledgerSeq: 12; requestCookie: 3; queryType: qtINDIRECT; "
1750527577151,1750527577152,0,1,4,2,TMLedgerData,"ledgerHash: ""\207\270b\315\333\333\334\310I\323&\014\352XZnW2.\335\347\202\021\247\362\212e\034\000\001\250\220""; ledgerSeq: 11; type: liBASE; nodes {;   nodedata: ""\000\000\000\013\001cEx]\211\377\330\361\035\301\024\220m#*\372\032\3178~\374\250\014*\323\342'z69\220\327\256\351G\367\317u\302\000\000\000\000\000\000\000\000\000\000\000\000\000\000\000\000\000\000\000\000\000\000\000\000\000\000\000\000\000\000\000\000\313c\210\200\377\273\312\010\030f\372\244%*\307\272T\262\245c[\026\007_-\227VB\214\347\261\220/\351\252\323/\351\252\324\n\000""; }; nodes {;   nodedata: ""\323C\344\327\264{\312-\017:\006{\177\344N\002\326bO\260\220\006\033\362\345\005U\221DzJ0\001\301\025%1L\307\t\261\262z\374\222T\301\274V\236\223\262\270Ct\362\337b\356\024*\324\320\351\317\002k\336\234\027v\351\217\260\303\360\233ZPZWr\246$w\313\313\r\243r\232\2234\373\3539:N\004Q\245\272D\312D\300\300\t\323\0257\345e\271\na\215{\226\255x%T\257\037\333\004\344_/R\006E\344\037@\210\363\010\336T\226\247'\204_{\261\370""1\235\2445\343\033Y!\212\201\341\272\225'\007\t7y2\201R\010H\001l\375\310t\t\264<3~\035\230\304Gh@\204\342\325\204>\363\344T\013\003""; }; ","ledgerHash: ""\207\270b\315\333\333\334\310I\323&\014\352XZnW2.\335\347\202\021\247\362\212e\034\000\001\250\220""; ledgerSeq: 11; type: liBASE; nodes {;   nodedata: ""\000\000\000\013\001cEx]\211\377\330\361\035\301\024\220m#*\372\032\3178~\374\250\014*\323\342'z69\220\327\256\351G\367\317u\302\000\000\000\000\000\000\000\000\000\000\000\000\000\000\000\000\000\000\000\000\000\000\000\000\000\000\000\000\000\000\000\000\313c\210\200\377\273\312\010\030f\372\244%*\307\272T\262\245c[\026\007_-\227VB\214\347\261\220/\351\252\323/\351\252\324\n\000""; }; nodes {;   nodedata: ""\323C\344\327\264{\312-\017:\006{\177\344N\002\326bO\260\220\006\033\362\345\005U\221DzJ0\001\301\025%1L\307\t\261\262z\374\222T\301\274V\236\223\262\270Ct\362\337b\356\024*\324\320\351\317\002k\336\234\027v\351\217\260\303\360\233ZPZWr\246$w\313\313\r\243r\232\2234\373\3539:N\004Q\245\272D\312D\300\300\t\323\0257\345e\271\na\215{\226\255x%T\257\037\333\004\344_/R\006E\344\037@\210\363\010\336T\226\247'\204_{\261\370""1\235\2445\343\033Y!\212\201\341\272\225'\007\t7y2\201R\010H\001l\375\310t\t\264<3~\035\230\304Gh@\204\342\325\204>\363\344T\013\003""; }; "
1750527577152,1750527577152,0,1,4,2,TMLedgerData,"ledgerHash: ""\207\270b\315\333\333\334\310I\323&\014\352XZnW2.\335\347\202\021\247\362\212e\034\000\001\250\220""; ledgerSeq: 11; type: liBASE; nodes {;   nodedata: ""\000\000\000\013\001cEx]\211\377\330\361\035\301\024\220m#*\372\032\3178~\374\250\014*\323\342'z69\220\327\256\351G\367\317u\302\000\000\000\000\000\000\000\000\000\000\000\000\000\000\000\000\000\000\000\000\000\000\000\000\000\000\000\000\000\000\000\000\313c\210\200\377\273\312\010\030f\372\244%*\307\272T\262\245c[\026\007_-\227VB\214\347\261\220/\351\252\323/\351\252\324\n\000""; }; nodes {;   nodedata: ""\323C\344\327\264{\312-\017:\006{\177\344N\002\326bO\260\220\006\033\362\345\005U\221DzJ0\001\301\025%1L\307\t\261\262z\374\222T\301\274V\236\223\262\270Ct\362\337b\356\024*\324\320\351\317\002k\336\234\027v\351\217\260\303\360\233ZPZWr\246$w\313\313\r\243r\232\2234\373\3539:N\004Q\245\272D\312D\300\300\t\323\0257\345e\271\na\215{\226\255x%T\257\037\333\004\344_/R\006E\344\037@\210\363\010\336T\226\247'\204_{\261\370""1\235\2445\343\033Y!\212\201\341\272\225'\007\t7y2\201R\010H\001l\375\310t\t\264<3~\035\230\304Gh@\204\342\325\204>\363\344T\013\003""; }; ","ledgerHash: ""\207\270b\315\333\333\334\310I\323&\014\352XZnW2.\335\347\202\021\247\362\212e\034\000\001\250\220""; ledgerSeq: 11; type: liBASE; nodes {;   nodedata: ""\000\000\000\013\001cEx]\211\377\330\361\035\301\024\220m#*\372\032\3178~\374\250\014*\323\342'z69\220\327\256\351G\367\317u\302\000\000\000\000\000\000\000\000\000\000\000\000\000\000\000\000\000\000\000\000\000\000\000\000\000\000\000\000\000\000\000\000\313c\210\200\377\273\312\010\030f\372\244%*\307\272T\262\245c[\026\007_-\227VB\214\347\261\220/\351\252\323/\351\252\324\n\000""; }; nodes {;   nodedata: ""\323C\344\327\264{\312-\017:\006{\177\344N\002\326bO\260\220\006\033\362\345\005U\221DzJ0\001\301\025%1L\307\t\261\262z\374\222T\301\274V\236\223\262\270Ct\362\337b\356\024*\324\320\351\317\002k\336\234\027v\351\217\260\303\360\233ZPZWr\246$w\313\313\r\243r\232\2234\373\3539:N\004Q\245\272D\312D\300\300\t\323\0257\345e\271\na\215{\226\255x%T\257\037\333\004\344_/R\006E\344\037@\210\363\010\336T\226\247'\204_{\261\370""1\235\2445\343\033Y!\212\201\341\272\225'\007\t7y2\201R\010H\001l\375\310t\t\264<3~\035\230\304Gh@\204\342\325\204>\363\344T\013\003""; }; "
1750527577154,1750527577154,3719,1,2,4,TMGetLedger,"itype: liAS_NODE; ledgerHash: ""\207\270b\315\333\333\334\310I\323&\014\352XZnW2.\335\347\202\021\247\362\212e\034\000\001\250\220""; ledgerSeq: 11; nodeIDs: ""\260\000\000\000\000\000\000\000\000\000\000\000\000\000\000\000\000\000\000\000\000\000\000\000\000\000\000\000\000\000\000\000\001""; queryType: qtINDIRECT; queryDepth: 1; ","itype: liAS_NODE; ledgerHash: ""\207\270b\315\333\333\334\310I\323&\014\352XZnW2.\335\347\202\021\247\362\212e\034\000\001\250\220""; ledgerSeq: 11; nodeIDs: ""\260\000\000\000\000\000\000\000\000\000\000\000\000\000\000\000\000\000\000\000\000\000\000\000\000\000\000\000\000\000\000\000\001""; queryType: qtINDIRECT; queryDepth: 1; "
1750527577202,1750527577202,0,1,4,0,TMLedgerData,"ledgerHash: ""\305;a\314\265R\310\017\317\331\235\360\262\240:\277\202\266\354\265X""\022\nh\252\352w\204\203\023]""; ledgerSeq: 12; type: liAS_NODE; nodes {;   nodedata: ""\021\000h""\000\000\000\000 \033\000\000\000\013\002\023\301\277\330\356GuH\375\327!\255\371\r\231\262R\256J\034\222\241\355X\265E\241^W\225\304\014\361CX-}\351f\032\255\274\334m\326c\017\014ao[\342\230\003\245\245\3341Hm\326^\017jy\335\261\032Yt\320\244{g\0306\\302\303*\341\215\223\257\364\277o\375\000r\241SOq\221\253\262\005\017\375T\356\014\360o'\030\311-\267\031\257!\031T\006><\315XM\334\324\345\034\000\325\367\240\271\013\265\024\321\362\354\211\250.\234s\225amc\305\035\366\276\037nD\277`\210\223N\3535\033\261\304f\331]\036\237\306o!\223\221\002\324\031\262\240R\177 ,\214\325\Q])\016\2067\277\t\354\010\000\360\215\2502\265\245\310\226\243c\302Ze\306\253#r\020\211\320iG\276\020E\317\035Sf\223F\254\033@\177e\277\016\010u\327\371&\262\312\317Q\2361t\377x\234\001v\003%\030\325_\225g\204\346a=\225\273\331\354\365*U\363\263N\367b\371\244\314-w\363\262\225Z\200\206\235\233\257?sE\2674\254\326mU\377?\177Ek\336\030!\316Aa\225\303\022\377{\210Y\226\271as\354L\035\004\341\361\035\301\024\220m#*\372\032\3178~\374\250\014*\323\342'z69\220\327\256\351G\367\317u\302\207\270b\315\333\333\334\310I\323&\014\352XZnW2.\335\347\202\021\247\362\212e\034\000\001\250\220\264\227\2326\315\307\363\323\325\303\032N\256*\307\327 \235\332\207u\210\271\257\306g\231i*\260\326k\001"";   nodeid: ""\260\000\000\000\000\000\000\000\000\000\000\000\000\000\000\000\000\000\000\000\000\000\000\000\000\000\000\000\000\000\000\000\001""; }; ","ledgerHash: ""\305;a\314\265R\310\017\317\331\235\360\262\240:\277\202\266\354\265X""\022\nh\252\352w\204\203\023]""; ledgerSeq: 12; type: liAS_NODE; nodes {;   nodedata: ""\021\000h""\000\000\000\000 \033\000\000\000\013\002\023\301\277\330\356GuH\375\327!\255\371\r\231\262R\256J\034\222\241\355X\265E\241^W\225\304\014\361CX-}\351f\032\255\274\334m\326c\017\014ao[\342\230\003\245\245\3341Hm\326^\017jy\335\261\032Yt\320\244{g\0306\\302\303*\341\215\223\257\364\277o\375\000r\241SOq\221\253\262\005\017\375T\356\014\360o'\030\311-\267\031\257!\031T\006><\315XM\334\324\345\034\000\325\367\240\271\013\265\024\321\362\354\211\250.\234s\225amc\305\035\366\276\037nD\277`\210\223N\3535\033\261\304f\331]\036\237\306o!\223\221\002\324\031\262\240R\177 ,\214\325\Q])\016\2067\277\t\354\010\000\360\215\2502\265\245\310\226\243c\302Ze\306\253#r\020\211\320iG\276\020E\317\035Sf\223F\254\033@\177e\277\016\010u\327\371&\262\312\317Q\2361t\377x\234\001v\003%\030\325_\225g\204\346a=\225\273\331\354\365*U\363\263N\367b\371\244\314-w\363\262\225Z\200\206\235\233\257?sE\2674\254\326mU\377?\177Ek\336\030!\316Aa\225\303\022\377{\210Y\226\271as\354L\035\004\341\361\035\301\024\220m#*\372\032\3178~\374\250\014*\323\342'z69\220\327\256\351G\367\317u\302\207\270b\315\333\333\334\310I\323&\014\352XZnW2.\335\347\202\021\247\362\212e\034\000\001\250\220\264\227\2326\315\307\363\323\325\303\032N\256*\307\327 \235\332\207u\210\271\257\306g\231i*\260\326k\001"";   nodeid: ""\260\000\000\000\000\000\000\000\000\000\000\000\000\000\000\000\000\000\000\000\000\000\000\000\000\000\000\000\000\000\000\000\001""; }; "
1750527577206,1750527577206,0,1,3,1,TMLedgerData,"ledgerHash: ""\207\270b\315\333\333\334\310I\323&\014\352XZnW2.\335\347\202\021\247\362\212e\034\000\001\250\220""; ledgerSeq: 11; type: liBASE; nodes {;   nodedata: ""\000\000\000\013\001cEx]\211\377\330\361\035\301\024\220m#*\372\032\3178~\374\250\014*\323\342'z69\220\327\256\351G\367\317u\302\000\000\000\000\000\000\000\000\000\000\000\000\000\000\000\000\000\000\000\000\000\000\000\000\000\000\000\000\000\000\000\000\313c\210\200\377\273\312\010\030f\372\244%*\307\272T\262\245c[\026\007_-\227VB\214\347\261\220/\351\252\323/\351\252\324\n\000""; }; nodes {;   nodedata: ""\323C\344\327\264{\312-\017:\006{\177\344N\002\326bO\260\220\006\033\362\345\005U\221DzJ0\001\301\025%1L\307\t\261\262z\374\222T\301\274V\236\223\262\270Ct\362\337b\356\024*\324\320\351\317\002k\336\234\027v\351\217\260\303\360\233ZPZWr\246$w\313\313\r\243r\232\2234\373\3539:N\004Q\245\272D\312D\300\300\t\323\0257\345e\271\na\215{\226\255x%T\257\037\333\004\344_/R\006E\344\037@\210\363\010\336T\226\247'\204_{\261\370""1\235\2445\343\033Y!\212\201\341\272\225'\007\t7y2\201R\010H\001l\375\310t\t\264<3~\035\230\304Gh@\204\342\325\204>\363\344T\013\003""; }; ","ledgerHash: ""\207\270b\315\333\333\334\310I\323&\014\352XZnW2.\335\347\202\021\247\362\212e\034\000\001\250\220""; ledgerSeq: 11; type: liBASE; nodes {;   nodedata: ""\000\000\000\013\001cEx]\211\377\330\361\035\301\024\220m#*\372\032\3178~\374\250\014*\323\342'z69\220\327\256\351G\367\317u\302\000\000\000\000\000\000\000\000\000\000\000\000\000\000\000\000\000\000\000\000\000\000\000\000\000\000\000\000\000\000\000\000\313c\210\200\377\273\312\010\030f\372\244%*\307\272T\262\245c[\026\007_-\227VB\214\347\261\220/\351\252\323/\351\252\324\n\000""; }; nodes {;   nodedata: ""\323C\344\327\264{\312-\017:\006{\177\344N\002\326bO\260\220\006\033\362\345\005U\221DzJ0\001\301\025%1L\307\t\261\262z\374\222T\301\274V\236\223\262\270Ct\362\337b\356\024*\324\320\351\317\002k\336\234\027v\351\217\260\303\360\233ZPZWr\246$w\313\313\r\243r\232\2234\373\3539:N\004Q\245\272D\312D\300\300\t\323\0257\345e\271\na\215{\226\255x%T\257\037\333\004\344_/R\006E\344\037@\210\363\010\336T\226\247'\204_{\261\370""1\235\2445\343\033Y!\212\201\341\272\225'\007\t7y2\201R\010H\001l\375\310t\t\264<3~\035\230\304Gh@\204\342\325\204>\363\344T\013\003""; }; "
1750527577207,1750527577207,0,1,3,1,TMLedgerData,"ledgerHash: ""\207\270b\315\333\333\334\310I\323&\014\352XZnW2.\335\347\202\021\247\362\212e\034\000\001\250\220""; ledgerSeq: 11; type: liBASE; nodes {;   nodedata: ""\000\000\000\013\001cEx]\211\377\330\361\035\301\024\220m#*\372\032\3178~\374\250\014*\323\342'z69\220\327\256\351G\367\317u\302\000\000\000\000\000\000\000\000\000\000\000\000\000\000\000\000\000\000\000\000\000\000\000\000\000\000\000\000\000\000\000\000\313c\210\200\377\273\312\010\030f\372\244%*\307\272T\262\245c[\026\007_-\227VB\214\347\261\220/\351\252\323/\351\252\324\n\000""; }; nodes {;   nodedata: ""\323C\344\327\264{\312-\017:\006{\177\344N\002\326bO\260\220\006\033\362\345\005U\221DzJ0\001\301\025%1L\307\t\261\262z\374\222T\301\274V\236\223\262\270Ct\362\337b\356\024*\324\320\351\317\002k\336\234\027v\351\217\260\303\360\233ZPZWr\246$w\313\313\r\243r\232\2234\373\3539:N\004Q\245\272D\312D\300\300\t\323\0257\345e\271\na\215{\226\255x%T\257\037\333\004\344_/R\006E\344\037@\210\363\010\336T\226\247'\204_{\261\370""1\235\2445\343\033Y!\212\201\341\272\225'\007\t7y2\201R\010H\001l\375\310t\t\264<3~\035\230\304Gh@\204\342\325\204>\363\344T\013\003""; }; ","ledgerHash: ""\207\270b\315\333\333\334\310I\323&\014\352XZnW2.\335\347\202\021\247\362\212e\034\000\001\250\220""; ledgerSeq: 11; type: liBASE; nodes {;   nodedata: ""\000\000\000\013\001cEx]\211\377\330\361\035\301\024\220m#*\372\032\3178~\374\250\014*\323\342'z69\220\327\256\351G\367\317u\302\000\000\000\000\000\000\000\000\000\000\000\000\000\000\000\000\000\000\000\000\000\000\000\000\000\000\000\000\000\000\000\000\313c\210\200\377\273\312\010\030f\372\244%*\307\272T\262\245c[\026\007_-\227VB\214\347\261\220/\351\252\323/\351\252\324\n\000""; }; nodes {;   nodedata: ""\323C\344\327\264{\312-\017:\006{\177\344N\002\326bO\260\220\006\033\362\345\005U\221DzJ0\001\301\025%1L\307\t\261\262z\374\222T\301\274V\236\223\262\270Ct\362\337b\356\024*\324\320\351\317\002k\336\234\027v\351\217\260\303\360\233ZPZWr\246$w\313\313\r\243r\232\2234\373\3539:N\004Q\245\272D\312D\300\300\t\323\0257\345e\271\na\215{\226\255x%T\257\037\333\004\344_/R\006E\344\037@\210\363\010\336T\226\247'\204_{\261\370""1\235\2445\343\033Y!\212\201\341\272\225'\007\t7y2\201R\010H\001l\375\310t\t\264<3~\035\230\304Gh@\204\342\325\204>\363\344T\013\003""; }; "
1750527577209,1750527577209,3769,1,1,3,TMGetLedger,"itype: liAS_NODE; ledgerHash: ""\207\270b\315\333\333\334\310I\323&\014\352XZnW2.\335\347\202\021\247\362\212e\034\000\001\250\220""; ledgerSeq: 11; nodeIDs: ""\260\000\000\000\000\000\000\000\000\000\000\000\000\000\000\000\000\000\000\000\000\000\000\000\000\000\000\000\000\000\000\000\001""; queryType: qtINDIRECT; queryDepth: 1; ","itype: liAS_NODE; ledgerHash: ""\207\270b\315\333\333\334\310I\323&\014\352XZnW2.\335\347\202\021\247\362\212e\034\000\001\250\220""; ledgerSeq: 11; nodeIDs: ""\260\000\000\000\000\000\000\000\000\000\000\000\000\000\000\000\000\000\000\000\000\000\000\000\000\000\000\000\000\000\000\000\001""; queryType: qtINDIRECT; queryDepth: 1; "
1750527577213,1750527577213,0,1,3,1,TMLedgerData,"ledgerHash: ""\207\270b\315\333\333\334\310I\323&\014\352XZnW2.\335\347\202\021\247\362\212e\034\000\001\250\220""; ledgerSeq: 11; type: liBASE; nodes {;   nodedata: ""\000\000\000\013\001cEx]\211\377\330\361\035\301\024\220m#*\372\032\3178~\374\250\014*\323\342'z69\220\327\256\351G\367\317u\302\000\000\000\000\000\000\000\000\000\000\000\000\000\000\000\000\000\000\000\000\000\000\000\000\000\000\000\000\000\000\000\000\313c\210\200\377\273\312\010\030f\372\244%*\307\272T\262\245c[\026\007_-\227VB\214\347\261\220/\351\252\323/\351\252\324\n\000""; }; nodes {;   nodedata: ""\323C\344\327\264{\312-\017:\006{\177\344N\002\326bO\260\220\006\033\362\345\005U\221DzJ0\001\301\025%1L\307\t\261\262z\374\222T\301\274V\236\223\262\270Ct\362\337b\356\024*\324\320\351\317\002k\336\234\027v\351\217\260\303\360\233ZPZWr\246$w\313\313\r\243r\232\2234\373\3539:N\004Q\245\272D\312D\300\300\t\323\0257\345e\271\na\215{\226\255x%T\257\037\333\004\344_/R\006E\344\037@\210\363\010\336T\226\247'\204_{\261\370""1\235\2445\343\033Y!\212\201\341\272\225'\007\t7y2\201R\010H\001l\375\310t\t\264<3~\035\230\304Gh@\204\342\325\204>\363\344T\013\003""; }; requestCookie: 5; ","ledgerHash: ""\207\270b\315\333\333\334\310I\323&\014\352XZnW2.\335\347\202\021\247\362\212e\034\000\001\250\220""; ledgerSeq: 11; type: liBASE; nodes {;   nodedata: ""\000\000\000\013\001cEx]\211\377\330\361\035\301\024\220m#*\372\032\3178~\374\250\014*\323\342'z69\220\327\256\351G\367\317u\302\000\000\000\000\000\000\000\000\000\000\000\000\000\000\000\000\000\000\000\000\000\000\000\000\000\000\000\000\000\000\000\000\313c\210\200\377\273\312\010\030f\372\244%*\307\272T\262\245c[\026\007_-\227VB\214\347\261\220/\351\252\323/\351\252\324\n\000""; }; nodes {;   nodedata: ""\323C\344\327\264{\312-\017:\006{\177\344N\002\326bO\260\220\006\033\362\345\005U\221DzJ0\001\301\025%1L\307\t\261\262z\374\222T\301\274V\236\223\262\270Ct\362\337b\356\024*\324\320\351\317\002k\336\234\027v\351\217\260\303\360\233ZPZWr\246$w\313\313\r\243r\232\2234\373\3539:N\004Q\245\272D\312D\300\300\t\323\0257\345e\271\na\215{\226\255x%T\257\037\333\004\344_/R\006E\344\037@\210\363\010\336T\226\247'\204_{\261\370""1\235\2445\343\033Y!\212\201\341\272\225'\007\t7y2\201R\010H\001l\375\310t\t\264<3~\035\230\304Gh@\204\342\325\204>\363\344T\013\003""; }; requestCookie: 5; "
1750527577215,1750527577215,1782,1,1,4,TMLedgerData,"ledgerHash: ""\207\270b\315\333\333\334\310I\323&\014\352XZnW2.\335\347\202\021\247\362\212e\034\000\001\250\220""; ledgerSeq: 11; type: liBASE; nodes {;   nodedata: ""\000\000\000\013\001cEx]\211\377\330\361\035\301\024\220m#*\372\032\3178~\374\250\014*\323\342'z69\220\327\256\351G\367\317u\302\000\000\000\000\000\000\000\000\000\000\000\000\000\000\000\000\000\000\000\000\000\000\000\000\000\000\000\000\000\000\000\000\313c\210\200\377\273\312\010\030f\372\244%*\307\272T\262\245c[\026\007_-\227VB\214\347\261\220/\351\252\323/\351\252\324\n\000""; }; nodes {;   nodedata: ""\323C\344\327\264{\312-\017:\006{\177\344N\002\326bO\260\220\006\033\362\345\005U\221DzJ0\001\301\025%1L\307\t\261\262z\374\222T\301\274V\236\223\262\270Ct\362\337b\356\024*\324\320\351\317\002k\336\234\027v\351\217\260\303\360\233ZPZWr\246$w\313\313\r\243r\232\2234\373\3539:N\004Q\245\272D\312D\300\300\t\323\0257\345e\271\na\215{\226\255x%T\257\037\333\004\344_/R\006E\344\037@\210\363\010\336T\226\247'\204_{\261\370""1\235\2445\343\033Y!\212\201\341\272\225'\007\t7y2\201R\010H\001l\375\310t\t\264<3~\035\230\304Gh@\204\342\325\204>\363\344T\013\003""; }; ","ledgerHash: ""\207\270b\315\333\333\334\310I\323&\014\352XZnW2.\335\347\202\021\247\362\212e\034\000\001\250\220""; ledgerSeq: 11; type: liBASE; nodes {;   nodedata: ""\000\000\000\013\001cEx]\211\377\330\361\035\301\024\220m#*\372\032\3178~\374\250\014*\323\342'z69\220\327\256\351G\367\317u\302\000\000\000\000\000\000\000\000\000\000\000\000\000\000\000\000\000\000\000\000\000\000\000\000\000\000\000\000\000\000\000\000\313c\210\200\377\273\312\010\030f\372\244%*\307\272T\262\245c[\026\007_-\227VB\214\347\261\220/\351\252\323/\351\252\324\n\000""; }; nodes {;   nodedata: ""\323C\344\327\264{\312-\017:\006{\177\344N\002\326bO\260\220\006\033\362\345\005U\221DzJ0\001\301\025%1L\307\t\261\262z\374\222T\301\274V\236\223\262\270Ct\362\337b\356\024*\324\320\351\317\002k\336\234\027v\351\217\260\303\360\233ZPZWr\246$w\313\313\r\243r\232\2234\373\3539:N\004Q\245\272D\312D\300\300\t\323\0257\345e\271\na\215{\226\255x%T\257\037\333\004\344_/R\006E\344\037@\210\363\010\336T\226\247'\204_{\261\370""1\235\2445\343\033Y!\212\201\341\272\225'\007\t7y2\201R\010H\001l\375\310t\t\264<3~\035\230\304Gh@\204\342\325\204>\363\344T\013\003""; }; "
1750527577238,1750527577238,0,1,3,2,TMLedgerData,"ledgerHash: ""\361\035\301\024\220m#*\372\032\3178~\374\250\014*\323\342'z69\220\327\256\351G\367\317u\302""; ledgerSeq: 10; type: liBASE; nodes {;   nodedata: ""\000\000\000\n\001cEx]\211\377\3304\254\326mU\377?\177Ek\336\030!\316Aa\225\303\022\377{\210Y\226\271as\354L\035\004\341\000\000\000\000\000\000\000\000\000\000\000\000\000\000\000\000\000\000\000\000\000\000\000\000\000\000\000\000\000\000\000\000\254\245\205(\333\232|\316\344\256\352g\326\377\207\201\343}F-uI:<\316[sh\026\205\0031/\351\252\322/\351\252\323\n\000""; }; nodes {;   nodedata: ""\323C\344\327\264{\312-\017:\006{\177\344N\002\326bO\260\220\006\033\362\345\005U\221DzJ0\001\301\025%1L\307\t\261\262z\374\222T\301\274V\236\223\262\270Ct\362\337b\356\024*\324\320\351\317\002k\336\234\027v\351\217\260\303\360\233ZPZWr\246$w\313\313\r\243r\232\2234\373\3539:N\004Q\245\272D\312D\300\300\t\323\0257\345e\271\na\215{\226\255x%T\257\037\333\004\344_/R\006E\344\037@\210\363\010\336T\226\247'\204_{\261\370""1\235\2445\343\033Y!\212\201\341\272\225'\007o""\025\223n_\364\354#\3206\344&\233Q\177y\227\265&\014\312\302\336\221\221\013m(`\236\007\013\003""; }; requestCookie: 3; ","ledgerHash: ""\361\035\301\024\220m#*\372\032\3178~\374\250\014*\323\342'z69\220\327\256\351G\367\317u\302""; ledgerSeq: 10; type: liBASE; nodes {;   nodedata: ""\000\000\000\n\001cEx]\211\377\3304\254\326mU\377?\177Ek\336\030!\316Aa\225\303\022\377{\210Y\226\271as\354L\035\004\341\000\000\000\000\000\000\000\000\000\000\000\000\000\000\000\000\000\000\000\000\000\000\000\000\000\000\000\000\000\000\000\000\254\245\205(\333\232|\316\344\256\352g\326\377\207\201\343}F-uI:<\316[sh\026\205\0031/\351\252\322/\351\252\323\n\000""; }; nodes {;   nodedata: ""\323C\344\327\264{\312-\017:\006{\177\344N\002\326bO\260\220\006\033\362\345\005U\221DzJ0\001\301\025%1L\307\t\261\262z\374\222T\301\274V\236\223\262\270Ct\362\337b\356\024*\324\320\351\317\002k\336\234\027v\351\217\260\303\360\233ZPZWr\246$w\313\313\r\243r\232\2234\373\3539:N\004Q\245\272D\312D\300\300\t\323\0257\345e\271\na\215{\226\255x%T\257\037\333\004\344_/R\006E\344\037@\210\363\010\336T\226\247'\204_{\261\370""1\235\2445\343\033Y!\212\201\341\272\225'\007o""\025\223n_\364\354#\3206\344&\233Q\177y\227\265&\014\312\302\336\221\221\013m(`\236\007\013\003""; }; requestCookie: 3; "
1750527577239,1750527577240,1769,1,2,1,TMLedgerData,"ledgerHash: ""\361\035\301\024\220m#*\372\032\3178~\374\250\014*\323\342'z69\220\327\256\351G\367\317u\302""; ledgerSeq: 10; type: liBASE; nodes {;   nodedata: ""\000\000\000\n\001cEx]\211\377\3304\254\326mU\377?\177Ek\336\030!\316Aa\225\303\022\377{\210Y\226\271as\354L\035\004\341\000\000\000\000\000\000\000\000\000\000\000\000\000\000\000\000\000\000\000\000\000\000\000\000\000\000\000\000\000\000\000\000\254\245\205(\333\232|\316\344\256\352g\326\377\207\201\343}F-uI:<\316[sh\026\205\0031/\351\252\322/\351\252\323\n\000""; }; nodes {;   nodedata: ""\323C\344\327\264{\312-\017:\006{\177\344N\002\326bO\260\220\006\033\362\345\005U\221DzJ0\001\301\025%1L\307\t\261\262z\374\222T\301\274V\236\223\262\270Ct\362\337b\356\024*\324\320\351\317\002k\336\234\027v\351\217\260\303\360\233ZPZWr\246$w\313\313\r\243r\232\2234\373\3539:N\004Q\245\272D\312D\300\300\t\323\0257\345e\271\na\215{\226\255x%T\257\037\333\004\344_/R\006E\344\037@\210\363\010\336T\226\247'\204_{\261\370""1\235\2445\343\033Y!\212\201\341\272\225'\007o""\025\223n_\364\354#\3206\344&\233Q\177y\227\265&\014\312\302\336\221\221\013m(`\236\007\013\003""; }; ","ledgerHash: ""\361\035\301\024\220m#*\372\032\3178~\374\250\014*\323\342'z69\220\327\256\351G\367\317u\302""; ledgerSeq: 10; type: liBASE; nodes {;   nodedata: ""\000\000\000\n\001cEx]\211\377\3304\254\326mU\377?\177Ek\336\030!\316Aa\225\303\022\377{\210Y\226\271as\354L\035\004\341\000\000\000\000\000\000\000\000\000\000\000\000\000\000\000\000\000\000\000\000\000\000\000\000\000\000\000\000\000\000\000\000\254\245\205(\333\232|\316\344\256\352g\326\377\207\201\343}F-uI:<\316[sh\026\205\0031/\351\252\322/\351\252\323\n\000""; }; nodes {;   nodedata: ""\323C\344\327\264{\312-\017:\006{\177\344N\002\326bO\260\220\006\033\362\345\005U\221DzJ0\001\301\025%1L\307\t\261\262z\374\222T\301\274V\236\223\262\270Ct\362\337b\356\024*\324\320\351\317\002k\336\234\027v\351\217\260\303\360\233ZPZWr\246$w\313\313\r\243r\232\2234\373\3539:N\004Q\245\272D\312D\300\300\t\323\0257\345e\271\na\215{\226\255x%T\257\037\333\004\344_/R\006E\344\037@\210\363\010\336T\226\247'\204_{\261\370""1\235\2445\343\033Y!\212\201\341\272\225'\007o""\025\223n_\364\354#\3206\344&\233Q\177y\227\265&\014\312\302\336\221\221\013m(`\236\007\013\003""; }; "
1750527577248,1750527577248,0,1,4,1,TMLedgerData,"ledgerHash: ""\207\270b\315\333\333\334\310I\323&\014\352XZnW2.\335\347\202\021\247\362\212e\034\000\001\250\220""; ledgerSeq: 11; type: liBASE; nodes {;   nodedata: ""\000\000\000\013\001cEx]\211\377\330\361\035\301\024\220m#*\372\032\3178~\374\250\014*\323\342'z69\220\327\256\351G\367\317u\302\000\000\000\000\000\000\000\000\000\000\000\000\000\000\000\000\000\000\000\000\000\000\000\000\000\000\000\000\000\000\000\000\313c\210\200\377\273\312\010\030f\372\244%*\307\272T\262\245c[\026\007_-\227VB\214\347\261\220/\351\252\323/\351\252\324\n\000""; }; nodes {;   nodedata: ""\323C\344\327\264{\312-\017:\006{\177\344N\002\326bO\260\220\006\033\362\345\005U\221DzJ0\001\301\025%1L\307\t\261\262z\374\222T\301\274V\236\223\262\270Ct\362\337b\356\024*\324\320\351\317\002k\336\234\027v\351\217\260\303\360\233ZPZWr\246$w\313\313\r\243r\232\2234\373\3539:N\004Q\245\272D\312D\300\300\t\323\0257\345e\271\na\215{\226\255x%T\257\037\333\004\344_/R\006E\344\037@\210\363\010\336T\226\247'\204_{\261\370""1\235\2445\343\033Y!\212\201\341\272\225'\007\t7y2\201R\010H\001l\375\310t\t\264<3~\035\230\304Gh@\204\342\325\204>\363\344T\013\003""; }; ","ledgerHash: ""\207\270b\315\333\333\334\310I\323&\014\352XZnW2.\335\347\202\021\247\362\212e\034\000\001\250\220""; ledgerSeq: 11; type: liBASE; nodes {;   nodedata: ""\000\000\000\013\001cEx]\211\377\330\361\035\301\024\220m#*\372\032\3178~\374\250\014*\323\342'z69\220\327\256\351G\367\317u\302\000\000\000\000\000\000\000\000\000\000\000\000\000\000\000\000\000\000\000\000\000\000\000\000\000\000\000\000\000\000\000\000\313c\210\200\377\273\312\010\030f\372\244%*\307\272T\262\245c[\026\007_-\227VB\214\347\261\220/\351\252\323/\351\252\324\n\000""; }; nodes {;   nodedata: ""\323C\344\327\264{\312-\017:\006{\177\344N\002\326bO\260\220\006\033\362\345\005U\221DzJ0\001\301\025%1L\307\t\261\262z\374\222T\301\274V\236\223\262\270Ct\362\337b\356\024*\324\320\351\317\002k\336\234\027v\351\217\260\303\360\233ZPZWr\246$w\313\313\r\243r\232\2234\373\3539:N\004Q\245\272D\312D\300\300\t\323\0257\345e\271\na\215{\226\255x%T\257\037\333\004\344_/R\006E\344\037@\210\363\010\336T\226\247'\204_{\261\370""1\235\2445\343\033Y!\212\201\341\272\225'\007\t7y2\201R\010H\001l\375\310t\t\264<3~\035\230\304Gh@\204\342\325\204>\363\344T\013\003""; }; "
1750527577248,1750527577248,0,1,4,1,TMLedgerData,"ledgerHash: ""\207\270b\315\333\333\334\310I\323&\014\352XZnW2.\335\347\202\021\247\362\212e\034\000\001\250\220""; ledgerSeq: 11; type: liBASE; nodes {;   nodedata: ""\000\000\000\013\001cEx]\211\377\330\361\035\301\024\220m#*\372\032\3178~\374\250\014*\323\342'z69\220\327\256\351G\367\317u\302\000\000\000\000\000\000\000\000\000\000\000\000\000\000\000\000\000\000\000\000\000\000\000\000\000\000\000\000\000\000\000\000\313c\210\200\377\273\312\010\030f\372\244%*\307\272T\262\245c[\026\007_-\227VB\214\347\261\220/\351\252\323/\351\252\324\n\000""; }; nodes {;   nodedata: ""\323C\344\327\264{\312-\017:\006{\177\344N\002\326bO\260\220\006\033\362\345\005U\221DzJ0\001\301\025%1L\307\t\261\262z\374\222T\301\274V\236\223\262\270Ct\362\337b\356\024*\324\320\351\317\002k\336\234\027v\351\217\260\303\360\233ZPZWr\246$w\313\313\r\243r\232\2234\373\3539:N\004Q\245\272D\312D\300\300\t\323\0257\345e\271\na\215{\226\255x%T\257\037\333\004\344_/R\006E\344\037@\210\363\010\336T\226\247'\204_{\261\370""1\235\2445\343\033Y!\212\201\341\272\225'\007\t7y2\201R\010H\001l\375\310t\t\264<3~\035\230\304Gh@\204\342\325\204>\363\344T\013\003""; }; ","ledgerHash: ""\207\270b\315\333\333\334\310I\323&\014\352XZnW2.\335\347\202\021\247\362\212e\034\000\001\250\220""; ledgerSeq: 11; type: liBASE; nodes {;   nodedata: ""\000\000\000\013\001cEx]\211\377\330\361\035\301\024\220m#*\372\032\3178~\374\250\014*\323\342'z69\220\327\256\351G\367\317u\302\000\000\000\000\000\000\000\000\000\000\000\000\000\000\000\000\000\000\000\000\000\000\000\000\000\000\000\000\000\000\000\000\313c\210\200\377\273\312\010\030f\372\244%*\307\272T\262\245c[\026\007_-\227VB\214\347\261\220/\351\252\323/\351\252\324\n\000""; }; nodes {;   nodedata: ""\323C\344\327\264{\312-\017:\006{\177\344N\002\326bO\260\220\006\033\362\345\005U\221DzJ0\001\301\025%1L\307\t\261\262z\374\222T\301\274V\236\223\262\270Ct\362\337b\356\024*\324\320\351\317\002k\336\234\027v\351\217\260\303\360\233ZPZWr\246$w\313\313\r\243r\232\2234\373\3539:N\004Q\245\272D\312D\300\300\t\323\0257\345e\271\na\215{\226\255x%T\257\037\333\004\344_/R\006E\344\037@\210\363\010\336T\226\247'\204_{\261\370""1\235\2445\343\033Y!\212\201\341\272\225'\007\t7y2\201R\010H\001l\375\310t\t\264<3~\035\230\304Gh@\204\342\325\204>\363\344T\013\003""; }; "
1750527577425,1750527577425,0,1,3,2,TMProposeSet,"proposeSeq: 0; currentTxHash: ""\000\000\000\000\000\000\000\000\000\000\000\000\000\000\000\000\000\000\000\000\000\000\000\000\000\000\000\000\000\000\000\000""; nodePubKey: ""\002\364d\217\366\217|\316F\232\231\241\n\261\333`\312O\367\235\025DD\336e\367\n\312\326\221\037\025\230""; closeTime: 803842777; signature: ""0E\002!\000\316X\335'<\022\026\024vU\210\030\\312Ihl2\024\206\226\033\340-\001\016\314\347\0221\247\250\002 d$\030\365\312\320{\004AM\tUU\304d\320\031-TC\032\257\316\r\366F\256\222\336jwk""; previousledger: ""\305;a\314\265R\310\017\317\331\235\360\262\240:\277\202\266\354\265X""\022\nh\252\352w\204\203\023]""; ","proposeSeq: 0; currentTxHash: ""\000\000\000\000\000\000\000\000\000\000\000\000\000\000\000\000\000\000\000\000\000\000\000\000\000\000\000\000\000\000\000\000""; nodePubKey: ""\002\364d\217\366\217|\316F\232\231\241\n\261\333`\312O\367\235\025DD\336e\367\n\312\326\221\037\025\230""; closeTime: 803842777; signature: ""0E\002!\000\316X\335'<\022\026\024vU\210\030\\312Ihl2\024\206\226\033\340-\001\016\314\347\0221\247\250\002 d$\030\365\312\320{\004AM\tUU\304d\320\031-TC\032\257\316\r\366F\256\222\336jwk""; previousledger: ""\305;a\314\265R\310\017\317\331\235\360\262\240:\277\202\266\354\265X""\022\nh\252\352w\204\203\023]""; "
1750527577427,1750527577428,0,1,3,0,TMProposeSet,"proposeSeq: 0; currentTxHash: ""\000\000\000\000\000\000\000\000\000\000\000\000\000\000\000\000\000\000\000\000\000\000\000\000\000\000\000\000\000\000\000\000""; nodePubKey: ""\002\364d\217\366\217|\316F\232\231\241\n\261\333`\312O\367\235\025DD\336e\367\n\312\326\221\037\025\230""; closeTime: 803842777; signature: ""0E\002!\000\316X\335'<\022\026\024vU\210\030\\312Ihl2\024\206\226\033\340-\001\016\314\347\0221\247\250\002 d$\030\365\312\320{\004AM\tUU\304d\320\031-TC\032\257\316\r\366F\256\222\336jwk""; previousledger: ""\305;a\314\265R\310\017\317\331\235\360\262\240:\277\202\266\354\265X""\022\nh\252\352w\204\203\023]""; ","proposeSeq: 0; currentTxHash: ""\000\000\000\000\000\000\000\000\000\000\000\000\000\000\000\000\000\000\000\000\000\000\000\000\000\000\000\000\000\000\000\000""; nodePubKey: ""\002\364d\217\366\217|\316F\232\231\241\n\261\333`\312O\367\235\025DD\336e\367\n\312\326\221\037\025\230""; closeTime: 803842777; signature: ""0E\002!\000\316X\335'<\022\026\024vU\210\030\\312Ihl2\024\206\226\033\340-\001\016\314\347\0221\247\250\002 d$\030\365\312\320{\004AM\tUU\304d\320\031-TC\032\257\316\r\366F\256\222\336jwk""; previousledger: ""\305;a\314\265R\310\017\317\331\235\360\262\240:\277\202\266\354\265X""\022\nh\252\352w\204\203\023]""; "
1750527577428,1750527577428,0,1,3,4,TMProposeSet,"proposeSeq: 0; currentTxHash: ""\000\000\000\000\000\000\000\000\000\000\000\000\000\000\000\000\000\000\000\000\000\000\000\000\000\000\000\000\000\000\000\000""; nodePubKey: ""\002\364d\217\366\217|\316F\232\231\241\n\261\333`\312O\367\235\025DD\336e\367\n\312\326\221\037\025\230""; closeTime: 803842777; signature: ""0E\002!\000\316X\335'<\022\026\024vU\210\030\\312Ihl2\024\206\226\033\340-\001\016\314\347\0221\247\250\002 d$\030\365\312\320{\004AM\tUU\304d\320\031-TC\032\257\316\r\366F\256\222\336jwk""; previousledger: ""\305;a\314\265R\310\017\317\331\235\360\262\240:\277\202\266\354\265X""\022\nh\252\352w\204\203\023]""; ","proposeSeq: 0; currentTxHash: ""\000\000\000\000\000\000\000\000\000\000\000\000\000\000\000\000\000\000\000\000\000\000\000\000\000\000\000\000\000\000\000\000""; nodePubKey: ""\002\364d\217\366\217|\316F\232\231\241\n\261\333`\312O\367\235\025DD\336e\367\n\312\326\221\037\025\230""; closeTime: 803842777; signature: ""0E\002!\000\316X\335'<\022\026\024vU\210\030\\312Ihl2\024\206\226\033\340-\001\016\314\347\0221\247\250\002 d$\030\365\312\320{\004AM\tUU\304d\320\031-TC\032\257\316\r\366F\256\222\336jwk""; previousledger: ""\305;a\314\265R\310\017\317\331\235\360\262\240:\277\202\266\354\265X""\022\nh\252\352w\204\203\023]""; "
1750527577428,1750527577428,0,1,3,1,TMProposeSet,"proposeSeq: 0; currentTxHash: ""\000\000\000\000\000\000\000\000\000\000\000\000\000\000\000\000\000\000\000\000\000\000\000\000\000\000\000\000\000\000\000\000""; nodePubKey: ""\002\364d\217\366\217|\316F\232\231\241\n\261\333`\312O\367\235\025DD\336e\367\n\312\326\221\037\025\230""; closeTime: 803842777; signature: ""0E\002!\000\316X\335'<\022\026\024vU\210\030\\312Ihl2\024\206\226\033\340-\001\016\314\347\0221\247\250\002 d$\030\365\312\320{\004AM\tUU\304d\320\031-TC\032\257\316\r\366F\256\222\336jwk""; previousledger: ""\305;a\314\265R\310\017\317\331\235\360\262\240:\277\202\266\354\265X""\022\nh\252\352w\204\203\023]""; ","proposeSeq: 0; currentTxHash: ""\000\000\000\000\000\000\000\000\000\000\000\000\000\000\000\000\000\000\000\000\000\000\000\000\000\000\000\000\000\000\000\000""; nodePubKey: ""\002\364d\217\366\217|\316F\232\231\241\n\261\333`\312O\367\235\025DD\336e\367\n\312\326\221\037\025\230""; closeTime: 803842777; signature: ""0E\002!\000\316X\335'<\022\026\024vU\210\030\\312Ihl2\024\206\226\033\340-\001\016\314\347\0221\247\250\002 d$\030\365\312\320{\004AM\tUU\304d\320\031-TC\032\257\316\r\366F\256\222\336jwk""; previousledger: ""\305;a\314\265R\310\017\317\331\235\360\262\240:\277\202\266\354\265X""\022\nh\252\352w\204\203\023]""; "
1750527577431,1750527577431,0,1,4,2,TMProposeSet,"proposeSeq: 0; currentTxHash: ""\000\000\000\000\000\000\000\000\000\000\000\000\000\000\000\000\000\000\000\000\000\000\000\000\000\000\000\000\000\000\000\000""; nodePubKey: ""\002\364d\217\366\217|\316F\232\231\241\n\261\333`\312O\367\235\025DD\336e\367\n\312\326\221\037\025\230""; closeTime: 803842777; signature: ""0E\002!\000\316X\335'<\022\026\024vU\210\030\\312Ihl2\024\206\226\033\340-\001\016\314\347\0221\247\250\002 d$\030\365\312\320{\004AM\tUU\304d\320\031-TC\032\257\316\r\366F\256\222\336jwk""; previousledger: ""\305;a\314\265R\310\017\317\331\235\360\262\240:\277\202\266\354\265X""\022\nh\252\352w\204\203\023]""; ","proposeSeq: 0; currentTxHash: ""\000\000\000\000\000\000\000\000\000\000\000\000\000\000\000\000\000\000\000\000\000\000\000\000\000\000\000\000\000\000\000\000""; nodePubKey: ""\002\364d\217\366\217|\316F\232\231\241\n\261\333`\312O\367\235\025DD\336e\367\n\312\326\221\037\025\230""; closeTime: 803842777; signature: ""0E\002!\000\316X\335'<\022\026\024vU\210\030\\312Ihl2\024\206\226\033\340-\001\016\314\347\0221\247\250\002 d$\030\365\312\320{\004AM\tUU\304d\320\031-TC\032\257\316\r\366F\256\222\336jwk""; previousledger: ""\305;a\314\265R\310\017\317\331\235\360\262\240:\277\202\266\354\265X""\022\nh\252\352w\204\203\023]""; "
1750527577432,1750527577432,0,1,4,0,TMProposeSet,"proposeSeq: 0; currentTxHash: ""\000\000\000\000\000\000\000\000\000\000\000\000\000\000\000\000\000\000\000\000\000\000\000\000\000\000\000\000\000\000\000\000""; nodePubKey: ""\002\364d\217\366\217|\316F\232\231\241\n\261\333`\312O\367\235\025DD\336e\367\n\312\326\221\037\025\230""; closeTime: 803842777; signature: ""0E\002!\000\316X\335'<\022\026\024vU\210\030\\312Ihl2\024\206\226\033\340-\001\016\314\347\0221\247\250\002 d$\030\365\312\320{\004AM\tUU\304d\320\031-TC\032\257\316\r\366F\256\222\336jwk""; previousledger: ""\305;a\314\265R\310\017\317\331\235\360\262\240:\277\202\266\354\265X""\022\nh\252\352w\204\203\023]""; ","proposeSeq: 0; currentTxHash: ""\000\000\000\000\000\000\000\000\000\000\000\000\000\000\000\000\000\000\000\000\000\000\000\000\000\000\000\000\000\000\000\000""; nodePubKey: ""\002\364d\217\366\217|\316F\232\231\241\n\261\333`\312O\367\235\025DD\336e\367\n\312\326\221\037\025\230""; closeTime: 803842777; signature: ""0E\002!\000\316X\335'<\022\026\024vU\210\030\\312Ihl2\024\206\226\033\340-\001\016\314\347\0221\247\250\002 d$\030\365\312\320{\004AM\tUU\304d\320\031-TC\032\257\316\r\366F\256\222\336jwk""; previousledger: ""\305;a\314\265R\310\017\317\331\235\360\262\240:\277\202\266\354\265X""\022\nh\252\352w\204\203\023]""; "
1750527577432,1750527577432,0,1,4,1,TMProposeSet,"proposeSeq: 0; currentTxHash: ""\000\000\000\000\000\000\000\000\000\000\000\000\000\000\000\000\000\000\000\000\000\000\000\000\000\000\000\000\000\000\000\000""; nodePubKey: ""\002\364d\217\366\217|\316F\232\231\241\n\261\333`\312O\367\235\025DD\336e\367\n\312\326\221\037\025\230""; closeTime: 803842777; signature: ""0E\002!\000\316X\335'<\022\026\024vU\210\030\\312Ihl2\024\206\226\033\340-\001\016\314\347\0221\247\250\002 d$\030\365\312\320{\004AM\tUU\304d\320\031-TC\032\257\316\r\366F\256\222\336jwk""; previousledger: ""\305;a\314\265R\310\017\317\331\235\360\262\240:\277\202\266\354\265X""\022\nh\252\352w\204\203\023]""; ","proposeSeq: 0; currentTxHash: ""\000\000\000\000\000\000\000\000\000\000\000\000\000\000\000\000\000\000\000\000\000\000\000\000\000\000\000\000\000\000\000\000""; nodePubKey: ""\002\364d\217\366\217|\316F\232\231\241\n\261\333`\312O\367\235\025DD\336e\367\n\312\326\221\037\025\230""; closeTime: 803842777; signature: ""0E\002!\000\316X\335'<\022\026\024vU\210\030\\312Ihl2\024\206\226\033\340-\001\016\314\347\0221\247\250\002 d$\030\365\312\320{\004AM\tUU\304d\320\031-TC\032\257\316\r\366F\256\222\336jwk""; previousledger: ""\305;a\314\265R\310\017\317\331\235\360\262\240:\277\202\266\354\265X""\022\nh\252\352w\204\203\023]""; "
1750527577432,1750527577432,0,1,3,2,TMLedgerData,"ledgerHash: ""\207\270b\315\333\333\334\310I\323&\014\352XZnW2.\335\347\202\021\247\362\212e\034\000\001\250\220""; ledgerSeq: 11; type: liBASE; nodes {;   nodedata: ""\000\000\000\013\001cEx]\211\377\330\361\035\301\024\220m#*\372\032\3178~\374\250\014*\323\342'z69\220\327\256\351G\367\317u\302\000\000\000\000\000\000\000\000\000\000\000\000\000\000\000\000\000\000\000\000\000\000\000\000\000\000\000\000\000\000\000\000\313c\210\200\377\273\312\010\030f\372\244%*\307\272T\262\245c[\026\007_-\227VB\214\347\261\220/\351\252\323/\351\252\324\n\000""; }; nodes {;   nodedata: ""\323C\344\327\264{\312-\017:\006{\177\344N\002\326bO\260\220\006\033\362\345\005U\221DzJ0\001\301\025%1L\307\t\261\262z\374\222T\301\274V\236\223\262\270Ct\362\337b\356\024*\324\320\351\317\002k\336\234\027v\351\217\260\303\360\233ZPZWr\246$w\313\313\r\243r\232\2234\373\3539:N\004Q\245\272D\312D\300\300\t\323\0257\345e\271\na\215{\226\255x%T\257\037\333\004\344_/R\006E\344\037@\210\363\010\336T\226\247'\204_{\261\370""1\235\2445\343\033Y!\212\201\341\272\225'\007\t7y2\201R\010H\001l\375\310t\t\264<3~\035\230\304Gh@\204\342\325\204>\363\344T\013\003""; }; ","ledgerHash: ""\207\270b\315\333\333\334\310I\323&\014\352XZnW2.\335\347\202\021\247\362\212e\034\000\001\250\220""; ledgerSeq: 11; type: liBASE; nodes {;   nodedata: ""\000\000\000\013\001cEx]\211\377\330\361\035\301\024\220m#*\372\032\3178~\374\250\014*\323\342'z69\220\327\256\351G\367\317u\302\000\000\000\000\000\000\000\000\000\000\000\000\000\000\000\000\000\000\000\000\000\000\000\000\000\000\000\000\000\000\000\000\313c\210\200\377\273\312\010\030f\372\244%*\307\272T\262\245c[\026\007_-\227VB\214\347\261\220/\351\252\323/\351\252\324\n\000""; }; nodes {;   nodedata: ""\323C\344\327\264{\312-\017:\006{\177\344N\002\326bO\260\220\006\033\362\345\005U\221DzJ0\001\301\025%1L\307\t\261\262z\374\222T\301\274V\236\223\262\270Ct\362\337b\356\024*\324\320\351\317\002k\336\234\027v\351\217\260\303\360\233ZPZWr\246$w\313\313\r\243r\232\2234\373\3539:N\004Q\245\272D\312D\300\300\t\323\0257\345e\271\na\215{\226\255x%T\257\037\333\004\344_/R\006E\344\037@\210\363\010\336T\226\247'\204_{\261\370""1\235\2445\343\033Y!\212\201\341\272\225'\007\t7y2\201R\010H\001l\375\310t\t\264<3~\035\230\304Gh@\204\342\325\204>\363\344T\013\003""; }; "
1750527577442,1750527577442,0,1,3,2,TMLedgerData,"ledgerHash: ""\207\270b\315\333\333\334\310I\323&\014\352XZnW2.\335\347\202\021\247\362\212e\034\000\001\250\220""; ledgerSeq: 11; type: liBASE; nodes {;   nodedata: ""\000\000\000\013\001cEx]\211\377\330\361\035\301\024\220m#*\372\032\3178~\374\250\014*\323\342'z69\220\327\256\351G\367\317u\302\000\000\000\000\000\000\000\000\000\000\000\000\000\000\000\000\000\000\000\000\000\000\000\000\000\000\000\000\000\000\000\000\313c\210\200\377\273\312\010\030f\372\244%*\307\272T\262\245c[\026\007_-\227VB\214\347\261\220/\351\252\323/\351\252\324\n\000""; }; nodes {;   nodedata: ""\323C\344\327\264{\312-\017:\006{\177\344N\002\326bO\260\220\006\033\362\345\005U\221DzJ0\001\301\025%1L\307\t\261\262z\374\222T\301\274V\236\223\262\270Ct\362\337b\356\024*\324\320\351\317\002k\336\234\027v\351\217\260\303\360\233ZPZWr\246$w\313\313\r\243r\232\2234\373\3539:N\004Q\245\272D\312D\300\300\t\323\0257\345e\271\na\215{\226\255x%T\257\037\333\004\344_/R\006E\344\037@\210\363\010\336T\226\247'\204_{\261\370""1\235\2445\343\033Y!\212\201\341\272\225'\007\t7y2\201R\010H\001l\375\310t\t\264<3~\035\230\304Gh@\204\342\325\204>\363\344T\013\003""; }; ","ledgerHash: ""\207\270b\315\333\333\334\310I\323&\014\352XZnW2.\335\347\202\021\247\362\212e\034\000\001\250\220""; ledgerSeq: 11; type: liBASE; nodes {;   nodedata: ""\000\000\000\013\001cEx]\211\377\330\361\035\301\024\220m#*\372\032\3178~\374\250\014*\323\342'z69\220\327\256\351G\367\317u\302\000\000\000\000\000\000\000\000\000\000\000\000\000\000\000\000\000\000\000\000\000\000\000\000\000\000\000\000\000\000\000\000\313c\210\200\377\273\312\010\030f\372\244%*\307\272T\262\245c[\026\007_-\227VB\214\347\261\220/\351\252\323/\351\252\324\n\000""; }; nodes {;   nodedata: ""\323C\344\327\264{\312-\017:\006{\177\344N\002\326bO\260\220\006\033\362\345\005U\221DzJ0\001\301\025%1L\307\t\261\262z\374\222T\301\274V\236\223\262\270Ct\362\337b\356\024*\324\320\351\317\002k\336\234\027v\351\217\260\303\360\233ZPZWr\246$w\313\313\r\243r\232\2234\373\3539:N\004Q\245\272D\312D\300\300\t\323\0257\345e\271\na\215{\226\255x%T\257\037\333\004\344_/R\006E\344\037@\210\363\010\336T\226\247'\204_{\261\370""1\235\2445\343\033Y!\212\201\341\272\225'\007\t7y2\201R\010H\001l\375\310t\t\264<3~\035\230\304Gh@\204\342\325\204>\363\344T\013\003""; }; "
1750527577425,1750527577464,0,1,3,2,TMStatusChange,"newEvent: neCLOSING_LEDGER; ledgerSeq: 12; ledgerHash: ""\305;a\314\265R\310\017\317\331\235\360\262\240:\277\202\266\354\265X""\022\nh\252\352w\204\203\023]""; ledgerHashPrevious: ""\207\270b\315\333\333\334\310I\323&\014\352XZnW2.\335\347\202\021\247\362\212e\034\000\001\250\220""; networkTime: 803842777; firstSeq: 1; lastSeq: 12; ","newEvent: neCLOSING_LEDGER; ledgerSeq: 12; ledgerHash: ""\305;a\314\265R\310\017\317\331\235\360\262\240:\277\202\266\354\265X""\022\nh\252\352w\204\203\023]""; ledgerHashPrevious: ""\207\270b\315\333\333\334\310I\323&\014\352XZnW2.\335\347\202\021\247\362\212e\034\000\001\250\220""; networkTime: 803842777; firstSeq: 1; lastSeq: 12; "
1750527577428,1750527577465,0,1,3,1,TMStatusChange,"newEvent: neCLOSING_LEDGER; ledgerSeq: 12; ledgerHash: ""\305;a\314\265R\310\017\317\331\235\360\262\240:\277\202\266\354\265X""\022\nh\252\352w\204\203\023]""; ledgerHashPrevious: ""\207\270b\315\333\333\334\310I\323&\014\352XZnW2.\335\347\202\021\247\362\212e\034\000\001\250\220""; networkTime: 803842777; firstSeq: 1; lastSeq: 12; ","newEvent: neCLOSING_LEDGER; ledgerSeq: 12; ledgerHash: ""\305;a\314\265R\310\017\317\331\235\360\262\240:\277\202\266\354\265X""\022\nh\252\352w\204\203\023]""; ledgerHashPrevious: ""\207\270b\315\333\333\334\310I\323&\014\352XZnW2.\335\347\202\021\247\362\212e\034\000\001\250\220""; networkTime: 803842777; firstSeq: 1; lastSeq: 12; "
1750527577427,1750527577464,0,1,3,4,TMStatusChange,"newEvent: neCLOSING_LEDGER; ledgerSeq: 12; ledgerHash: ""\305;a\314\265R\310\017\317\331\235\360\262\240:\277\202\266\354\265X""\022\nh\252\352w\204\203\023]""; ledgerHashPrevious: ""\207\270b\315\333\333\334\310I\323&\014\352XZnW2.\335\347\202\021\247\362\212e\034\000\001\250\220""; networkTime: 803842777; firstSeq: 1; lastSeq: 12; ","newEvent: neCLOSING_LEDGER; ledgerSeq: 12; ledgerHash: ""\305;a\314\265R\310\017\317\331\235\360\262\240:\277\202\266\354\265X""\022\nh\252\352w\204\203\023]""; ledgerHashPrevious: ""\207\270b\315\333\333\334\310I\323&\014\352XZnW2.\335\347\202\021\247\362\212e\034\000\001\250\220""; networkTime: 803842777; firstSeq: 1; lastSeq: 12; "
1750527577428,1750527577465,0,1,3,0,TMStatusChange,"newEvent: neCLOSING_LEDGER; ledgerSeq: 12; ledgerHash: ""\305;a\314\265R\310\017\317\331\235\360\262\240:\277\202\266\354\265X""\022\nh\252\352w\204\203\023]""; ledgerHashPrevious: ""\207\270b\315\333\333\334\310I\323&\014\352XZnW2.\335\347\202\021\247\362\212e\034\000\001\250\220""; networkTime: 803842777; firstSeq: 1; lastSeq: 12; ","newEvent: neCLOSING_LEDGER; ledgerSeq: 12; ledgerHash: ""\305;a\314\265R\310\017\317\331\235\360\262\240:\277\202\266\354\265X""\022\nh\252\352w\204\203\023]""; ledgerHashPrevious: ""\207\270b\315\333\333\334\310I\323&\014\352XZnW2.\335\347\202\021\247\362\212e\034\000\001\250\220""; networkTime: 803842777; firstSeq: 1; lastSeq: 12; "
1750527577486,1750527577486,0,1,3,2,TMLedgerData,"ledgerHash: ""\207\270b\315\333\333\334\310I\323&\014\352XZnW2.\335\347\202\021\247\362\212e\034\000\001\250\220""; ledgerSeq: 11; type: liBASE; nodes {;   nodedata: ""\000\000\000\013\001cEx]\211\377\330\361\035\301\024\220m#*\372\032\3178~\374\250\014*\323\342'z69\220\327\256\351G\367\317u\302\000\000\000\000\000\000\000\000\000\000\000\000\000\000\000\000\000\000\000\000\000\000\000\000\000\000\000\000\000\000\000\000\313c\210\200\377\273\312\010\030f\372\244%*\307\272T\262\245c[\026\007_-\227VB\214\347\261\220/\351\252\323/\351\252\324\n\000""; }; nodes {;   nodedata: ""\323C\344\327\264{\312-\017:\006{\177\344N\002\326bO\260\220\006\033\362\345\005U\221DzJ0\001\301\025%1L\307\t\261\262z\374\222T\301\274V\236\223\262\270Ct\362\337b\356\024*\324\320\351\317\002k\336\234\027v\351\217\260\303\360\233ZPZWr\246$w\313\313\r\243r\232\2234\373\3539:N\004Q\245\272D\312D\300\300\t\323\0257\345e\271\na\215{\226\255x%T\257\037\333\004\344_/R\006E\344\037@\210\363\010\336T\226\247'\204_{\261\370""1\235\2445\343\033Y!\212\201\341\272\225'\007\t7y2\201R\010H\001l\375\310t\t\264<3~\035\230\304Gh@\204\342\325\204>\363\344T\013\003""; }; requestCookie: 5; ","ledgerHash: ""\207\270b\315\333\333\334\310I\323&\014\352XZnW2.\335\347\202\021\247\362\212e\034\000\001\250\220""; ledgerSeq: 11; type: liBASE; nodes {;   nodedata: ""\000\000\000\013\001cEx]\211\377\330\361\035\301\024\220m#*\372\032\3178~\374\250\014*\323\342'z69\220\327\256\351G\367\317u\302\000\000\000\000\000\000\000\000\000\000\000\000\000\000\000\000\000\000\000\000\000\000\000\000\000\000\000\000\000\000\000\000\313c\210\200\377\273\312\010\030f\372\244%*\307\272T\262\245c[\026\007_-\227VB\214\347\261\220/\351\252\323/\351\252\324\n\000""; }; nodes {;   nodedata: ""\323C\344\327\264{\312-\017:\006{\177\344N\002\326bO\260\220\006\033\362\345\005U\221DzJ0\001\301\025%1L\307\t\261\262z\374\222T\301\274V\236\223\262\270Ct\362\337b\356\024*\324\320\351\317\002k\336\234\027v\351\217\260\303\360\233ZPZWr\246$w\313\313\r\243r\232\2234\373\3539:N\004Q\245\272D\312D\300\300\t\323\0257\345e\271\na\215{\226\255x%T\257\037\333\004\344_/R\006E\344\037@\210\363\010\336T\226\247'\204_{\261\370""1\235\2445\343\033Y!\212\201\341\272\225'\007\t7y2\201R\010H\001l\375\310t\t\264<3~\035\230\304Gh@\204\342\325\204>\363\344T\013\003""; }; requestCookie: 5; "
1750527577487,1750527577487,0,1,2,4,TMLedgerData,"ledgerHash: ""\207\270b\315\333\333\334\310I\323&\014\352XZnW2.\335\347\202\021\247\362\212e\034\000\001\250\220""; ledgerSeq: 11; type: liBASE; nodes {;   nodedata: ""\000\000\000\013\001cEx]\211\377\330\361\035\301\024\220m#*\372\032\3178~\374\250\014*\323\342'z69\220\327\256\351G\367\317u\302\000\000\000\000\000\000\000\000\000\000\000\000\000\000\000\000\000\000\000\000\000\000\000\000\000\000\000\000\000\000\000\000\313c\210\200\377\273\312\010\030f\372\244%*\307\272T\262\245c[\026\007_-\227VB\214\347\261\220/\351\252\323/\351\252\324\n\000""; }; nodes {;   nodedata: ""\323C\344\327\264{\312-\017:\006{\177\344N\002\326bO\260\220\006\033\362\345\005U\221DzJ0\001\301\025%1L\307\t\261\262z\374\222T\301\274V\236\223\262\270Ct\362\337b\356\024*\324\320\351\317\002k\336\234\027v\351\217\260\303\360\233ZPZWr\246$w\313\313\r\243r\232\2234\373\3539:N\004Q\245\272D\312D\300\300\t\323\0257\345e\271\na\215{\226\255x%T\257\037\333\004\344_/R\006E\344\037@\210\363\010\336T\226\247'\204_{\261\370""1\235\2445\343\033Y!\212\201\341\272\225'\007\t7y2\201R\010H\001l\375\310t\t\264<3~\035\230\304Gh@\204\342\325\204>\363\344T\013\003""; }; ","ledgerHash: ""\207\270b\315\333\333\334\310I\323&\014\352XZnW2.\335\347\202\021\247\362\212e\034\000\001\250\220""; ledgerSeq: 11; type: liBASE; nodes {;   nodedata: ""\000\000\000\013\001cEx]\211\377\330\361\035\301\024\220m#*\372\032\3178~\374\250\014*\323\342'z69\220\327\256\351G\367\317u\302\000\000\000\000\000\000\000\000\000\000\000\000\000\000\000\000\000\000\000\000\000\000\000\000\000\000\000\000\000\000\000\000\313c\210\200\377\273\312\010\030f\372\244%*\307\272T\262\245c[\026\007_-\227VB\214\347\261\220/\351\252\323/\351\252\324\n\000""; }; nodes {;   nodedata: ""\323C\344\327\264{\312-\017:\006{\177\344N\002\326bO\260\220\006\033\362\345\005U\221DzJ0\001\301\025%1L\307\t\261\262z\374\222T\301\274V\236\223\262\270Ct\362\337b\356\024*\324\320\351\317\002k\336\234\027v\351\217\260\303\360\233ZPZWr\246$w\313\313\r\243r\232\2234\373\3539:N\004Q\245\272D\312D\300\300\t\323\0257\345e\271\na\215{\226\255x%T\257\037\333\004\344_/R\006E\344\037@\210\363\010\336T\226\247'\204_{\261\370""1\235\2445\343\033Y!\212\201\341\272\225'\007\t7y2\201R\010H\001l\375\310t\t\264<3~\035\230\304Gh@\204\342\325\204>\363\344T\013\003""; }; "
1750527577590,1750527577591,0,1,4,3,TMProposeSet,"proposeSeq: 0; currentTxHash: ""\000\000\000\000\000\000\000\000\000\000\000\000\000\000\000\000\000\000\000\000\000\000\000\000\000\000\000\000\000\000\000\000""; nodePubKey: ""\003R7o\362bV\300hf\266\241;}\200^\374\240\203[:\342Q\225\221\027y\372\255\235\216\323~""; closeTime: 803842777; signature: ""0E\002!\000\313\234\240O\266\321\213\366\361\215\253\240\230\033\303\317\022;G5\362\232$\354\315\236\330\321\344`\2264\002 z\263\324\372%\331P(t\303\273\245\253\225k\000\374XZGBu\257WY\250\337\020Nv?\244""; previousledger: ""\305;a\314\265R\310\017\317\331\235\360\262\240:\277\202\266\354\265X""\022\nh\252\352w\204\203\023]""; ","proposeSeq: 0; currentTxHash: ""\000\000\000\000\000\000\000\000\000\000\000\000\000\000\000\000\000\000\000\000\000\000\000\000\000\000\000\000\000\000\000\000""; nodePubKey: ""\003R7o\362bV\300hf\266\241;}\200^\374\240\203[:\342Q\225\221\027y\372\255\235\216\323~""; closeTime: 803842777; signature: ""0E\002!\000\313\234\240O\266\321\213\366\361\215\253\240\230\033\303\317\022;G5\362\232$\354\315\236\330\321\344`\2264\002 z\263\324\372%\331P(t\303\273\245\253\225k\000\374XZGBu\257WY\250\337\020Nv?\244""; previousledger: ""\305;a\314\265R\310\017\317\331\235\360\262\240:\277\202\266\354\265X""\022\nh\252\352w\204\203\023]""; "
1750527577591,1750527577591,0,1,4,0,TMProposeSet,"proposeSeq: 0; currentTxHash: ""\000\000\000\000\000\000\000\000\000\000\000\000\000\000\000\000\000\000\000\000\000\000\000\000\000\000\000\000\000\000\000\000""; nodePubKey: ""\003R7o\362bV\300hf\266\241;}\200^\374\240\203[:\342Q\225\221\027y\372\255\235\216\323~""; closeTime: 803842777; signature: ""0E\002!\000\313\234\240O\266\321\213\366\361\215\253\240\230\033\303\317\022;G5\362\232$\354\315\236\330\321\344`\2264\002 z\263\324\372%\331P(t\303\273\245\253\225k\000\374XZGBu\257WY\250\337\020Nv?\244""; previousledger: ""\305;a\314\265R\310\017\317\331\235\360\262\240:\277\202\266\354\265X""\022\nh\252\352w\204\203\023]""; ","proposeSeq: 0; currentTxHash: ""\000\000\000\000\000\000\000\000\000\000\000\000\000\000\000\000\000\000\000\000\000\000\000\000\000\000\000\000\000\000\000\000""; nodePubKey: ""\003R7o\362bV\300hf\266\241;}\200^\374\240\203[:\342Q\225\221\027y\372\255\235\216\323~""; closeTime: 803842777; signature: ""0E\002!\000\313\234\240O\266\321\213\366\361\215\253\240\230\033\303\317\022;G5\362\232$\354\315\236\330\321\344`\2264\002 z\263\324\372%\331P(t\303\273\245\253\225k\000\374XZGBu\257WY\250\337\020Nv?\244""; previousledger: ""\305;a\314\265R\310\017\317\331\235\360\262\240:\277\202\266\354\265X""\022\nh\252\352w\204\203\023]""; "
1750527577591,1750527577591,0,1,4,1,TMProposeSet,"proposeSeq: 0; currentTxHash: ""\000\000\000\000\000\000\000\000\000\000\000\000\000\000\000\000\000\000\000\000\000\000\000\000\000\000\000\000\000\000\000\000""; nodePubKey: ""\003R7o\362bV\300hf\266\241;}\200^\374\240\203[:\342Q\225\221\027y\372\255\235\216\323~""; closeTime: 803842777; signature: ""0E\002!\000\313\234\240O\266\321\213\366\361\215\253\240\230\033\303\317\022;G5\362\232$\354\315\236\330\321\344`\2264\002 z\263\324\372%\331P(t\303\273\245\253\225k\000\374XZGBu\257WY\250\337\020Nv?\244""; previousledger: ""\305;a\314\265R\310\017\317\331\235\360\262\240:\277\202\266\354\265X""\022\nh\252\352w\204\203\023]""; ","proposeSeq: 0; currentTxHash: ""\000\000\000\000\000\000\000\000\000\000\000\000\000\000\000\000\000\000\000\000\000\000\000\000\000\000\000\000\000\000\000\000""; nodePubKey: ""\003R7o\362bV\300hf\266\241;}\200^\374\240\203[:\342Q\225\221\027y\372\255\235\216\323~""; closeTime: 803842777; signature: ""0E\002!\000\313\234\240O\266\321\213\366\361\215\253\240\230\033\303\317\022;G5\362\232$\354\315\236\330\321\344`\2264\002 z\263\324\372%\331P(t\303\273\245\253\225k\000\374XZGBu\257WY\250\337\020Nv?\244""; previousledger: ""\305;a\314\265R\310\017\317\331\235\360\262\240:\277\202\266\354\265X""\022\nh\252\352w\204\203\023]""; "
1750527577591,1750527577592,0,1,4,2,TMProposeSet,"proposeSeq: 0; currentTxHash: ""\000\000\000\000\000\000\000\000\000\000\000\000\000\000\000\000\000\000\000\000\000\000\000\000\000\000\000\000\000\000\000\000""; nodePubKey: ""\003R7o\362bV\300hf\266\241;}\200^\374\240\203[:\342Q\225\221\027y\372\255\235\216\323~""; closeTime: 803842777; signature: ""0E\002!\000\313\234\240O\266\321\213\366\361\215\253\240\230\033\303\317\022;G5\362\232$\354\315\236\330\321\344`\2264\002 z\263\324\372%\331P(t\303\273\245\253\225k\000\374XZGBu\257WY\250\337\020Nv?\244""; previousledger: ""\305;a\314\265R\310\017\317\331\235\360\262\240:\277\202\266\354\265X""\022\nh\252\352w\204\203\023]""; ","proposeSeq: 0; currentTxHash: ""\000\000\000\000\000\000\000\000\000\000\000\000\000\000\000\000\000\000\000\000\000\000\000\000\000\000\000\000\000\000\000\000""; nodePubKey: ""\003R7o\362bV\300hf\266\241;}\200^\374\240\203[:\342Q\225\221\027y\372\255\235\216\323~""; closeTime: 803842777; signature: ""0E\002!\000\313\234\240O\266\321\213\366\361\215\253\240\230\033\303\317\022;G5\362\232$\354\315\236\330\321\344`\2264\002 z\263\324\372%\331P(t\303\273\245\253\225k\000\374XZGBu\257WY\250\337\020Nv?\244""; previousledger: ""\305;a\314\265R\310\017\317\331\235\360\262\240:\277\202\266\354\265X""\022\nh\252\352w\204\203\023]""; "
1750527577594,1750527577599,0,1,3,2,TMProposeSet,"proposeSeq: 0; currentTxHash: ""\000\000\000\000\000\000\000\000\000\000\000\000\000\000\000\000\000\000\000\000\000\000\000\000\000\000\000\000\000\000\000\000""; nodePubKey: ""\003R7o\362bV\300hf\266\241;}\200^\374\240\203[:\342Q\225\221\027y\372\255\235\216\323~""; closeTime: 803842777; signature: ""0E\002!\000\313\234\240O\266\321\213\366\361\215\253\240\230\033\303\317\022;G5\362\232$\354\315\236\330\321\344`\2264\002 z\263\324\372%\331P(t\303\273\245\253\225k\000\374XZGBu\257WY\250\337\020Nv?\244""; previousledger: ""\305;a\314\265R\310\017\317\331\235\360\262\240:\277\202\266\354\265X""\022\nh\252\352w\204\203\023]""; ","proposeSeq: 0; currentTxHash: ""\000\000\000\000\000\000\000\000\000\000\000\000\000\000\000\000\000\000\000\000\000\000\000\000\000\000\000\000\000\000\000\000""; nodePubKey: ""\003R7o\362bV\300hf\266\241;}\200^\374\240\203[:\342Q\225\221\027y\372\255\235\216\323~""; closeTime: 803842777; signature: ""0E\002!\000\313\234\240O\266\321\213\366\361\215\253\240\230\033\303\317\022;G5\362\232$\354\315\236\330\321\344`\2264\002 z\263\324\372%\331P(t\303\273\245\253\225k\000\374XZGBu\257WY\250\337\020Nv?\244""; previousledger: ""\305;a\314\265R\310\017\317\331\235\360\262\240:\277\202\266\354\265X""\022\nh\252\352w\204\203\023]""; "
1750527577599,1750527577599,0,1,3,1,TMProposeSet,"proposeSeq: 0; currentTxHash: ""\000\000\000\000\000\000\000\000\000\000\000\000\000\000\000\000\000\000\000\000\000\000\000\000\000\000\000\000\000\000\000\000""; nodePubKey: ""\003R7o\362bV\300hf\266\241;}\200^\374\240\203[:\342Q\225\221\027y\372\255\235\216\323~""; closeTime: 803842777; signature: ""0E\002!\000\313\234\240O\266\321\213\366\361\215\253\240\230\033\303\317\022;G5\362\232$\354\315\236\330\321\344`\2264\002 z\263\324\372%\331P(t\303\273\245\253\225k\000\374XZGBu\257WY\250\337\020Nv?\244""; previousledger: ""\305;a\314\265R\310\017\317\331\235\360\262\240:\277\202\266\354\265X""\022\nh\252\352w\204\203\023]""; ","proposeSeq: 0; currentTxHash: ""\000\000\000\000\000\000\000\000\000\000\000\000\000\000\000\000\000\000\000\000\000\000\000\000\000\000\000\000\000\000\000\000""; nodePubKey: ""\003R7o\362bV\300hf\266\241;}\200^\374\240\203[:\342Q\225\221\027y\372\255\235\216\323~""; closeTime: 803842777; signature: ""0E\002!\000\313\234\240O\266\321\213\366\361\215\253\240\230\033\303\317\022;G5\362\232$\354\315\236\330\321\344`\2264\002 z\263\324\372%\331P(t\303\273\245\253\225k\000\374XZGBu\257WY\250\337\020Nv?\244""; previousledger: ""\305;a\314\265R\310\017\317\331\235\360\262\240:\277\202\266\354\265X""\022\nh\252\352w\204\203\023]""; "
1750527577599,1750527577599,0,1,3,0,TMProposeSet,"proposeSeq: 0; currentTxHash: ""\000\000\000\000\000\000\000\000\000\000\000\000\000\000\000\000\000\000\000\000\000\000\000\000\000\000\000\000\000\000\000\000""; nodePubKey: ""\003R7o\362bV\300hf\266\241;}\200^\374\240\203[:\342Q\225\221\027y\372\255\235\216\323~""; closeTime: 803842777; signature: ""0E\002!\000\313\234\240O\266\321\213\366\361\215\253\240\230\033\303\317\022;G5\362\232$\354\315\236\330\321\344`\2264\002 z\263\324\372%\331P(t\303\273\245\253\225k\000\374XZGBu\257WY\250\337\020Nv?\244""; previousledger: ""\305;a\314\265R\310\017\317\331\235\360\262\240:\277\202\266\354\265X""\022\nh\252\352w\204\203\023]""; ","proposeSeq: 0; currentTxHash: ""\000\000\000\000\000\000\000\000\000\000\000\000\000\000\000\000\000\000\000\000\000\000\000\000\000\000\000\000\000\000\000\000""; nodePubKey: ""\003R7o\362bV\300hf\266\241;}\200^\374\240\203[:\342Q\225\221\027y\372\255\235\216\323~""; closeTime: 803842777; signature: ""0E\002!\000\313\234\240O\266\321\213\366\361\215\253\240\230\033\303\317\022;G5\362\232$\354\315\236\330\321\344`\2264\002 z\263\324\372%\331P(t\303\273\245\253\225k\000\374XZGBu\257WY\250\337\020Nv?\244""; previousledger: ""\305;a\314\265R\310\017\317\331\235\360\262\240:\277\202\266\354\265X""\022\nh\252\352w\204\203\023]""; "
1750527577620,1750527577620,0,1,0,1,TMLedgerData,"ledgerHash: ""\361\035\301\024\220m#*\372\032\3178~\374\250\014*\323\342'z69\220\327\256\351G\367\317u\302""; ledgerSeq: 10; type: liBASE; nodes {;   nodedata: ""\000\000\000\n\001cEx]\211\377\3304\254\326mU\377?\177Ek\336\030!\316Aa\225\303\022\377{\210Y\226\271as\354L\035\004\341\000\000\000\000\000\000\000\000\000\000\000\000\000\000\000\000\000\000\000\000\000\000\000\000\000\000\000\000\000\000\000\000\254\245\205(\333\232|\316\344\256\352g\326\377\207\201\343}F-uI:<\316[sh\026\205\0031/\351\252\322/\351\252\323\n\000""; }; nodes {;   nodedata: ""\323C\344\327\264{\312-\017:\006{\177\344N\002\326bO\260\220\006\033\362\345\005U\221DzJ0\001\301\025%1L\307\t\261\262z\374\222T\301\274V\236\223\262\270Ct\362\337b\356\024*\324\320\351\317\002k\336\234\027v\351\217\260\303\360\233ZPZWr\246$w\313\313\r\243r\232\2234\373\3539:N\004Q\245\272D\312D\300\300\t\323\0257\345e\271\na\215{\226\255x%T\257\037\333\004\344_/R\006E\344\037@\210\363\010\336T\226\247'\204_{\261\370""1\235\2445\343\033Y!\212\201\341\272\225'\007o""\025\223n_\364\354#\3206\344&\233Q\177y\227\265&\014\312\302\336\221\221\013m(`\236\007\013\003""; }; ","ledgerHash: ""\361\035\301\024\220m#*\372\032\3178~\374\250\014*\323\342'z69\220\327\256\351G\367\317u\302""; ledgerSeq: 10; type: liBASE; nodes {;   nodedata: ""\000\000\000\n\001cEx]\211\377\3304\254\326mU\377?\177Ek\336\030!\316Aa\225\303\022\377{\210Y\226\271as\354L\035\004\341\000\000\000\000\000\000\000\000\000\000\000\000\000\000\000\000\000\000\000\000\000\000\000\000\000\000\000\000\000\000\000\000\254\245\205(\333\232|\316\344\256\352g\326\377\207\201\343}F-uI:<\316[sh\026\205\0031/\351\252\322/\351\252\323\n\000""; }; nodes {;   nodedata: ""\323C\344\327\264{\312-\017:\006{\177\344N\002\326bO\260\220\006\033\362\345\005U\221DzJ0\001\301\025%1L\307\t\261\262z\374\222T\301\274V\236\223\262\270Ct\362\337b\356\024*\324\320\351\317\002k\336\234\027v\351\217\260\303\360\233ZPZWr\246$w\313\313\r\243r\232\2234\373\3539:N\004Q\245\272D\312D\300\300\t\323\0257\345e\271\na\215{\226\255x%T\257\037\333\004\344_/R\006E\344\037@\210\363\010\336T\226\247'\204_{\261\370""1\235\2445\343\033Y!\212\201\341\272\225'\007o""\025\223n_\364\354#\3206\344&\233Q\177y\227\265&\014\312\302\336\221\221\013m(`\236\007\013\003""; }; "
1750527577589,1750527577628,0,1,4,3,TMStatusChange,"newEvent: neCLOSING_LEDGER; ledgerSeq: 12; ledgerHash: ""\305;a\314\265R\310\017\317\331\235\360\262\240:\277\202\266\354\265X""\022\nh\252\352w\204\203\023]""; ledgerHashPrevious: ""\207\270b\315\333\333\334\310I\323&\014\352XZnW2.\335\347\202\021\247\362\212e\034\000\001\250\220""; networkTime: 803842777; firstSeq: 1; lastSeq: 12; ","newEvent: neCLOSING_LEDGER; ledgerSeq: 12; ledgerHash: ""\305;a\314\265R\310\017\317\331\235\360\262\240:\277\202\266\354\265X""\022\nh\252\352w\204\203\023]""; ledgerHashPrevious: ""\207\270b\315\333\333\334\310I\323&\014\352XZnW2.\335\347\202\021\247\362\212e\034\000\001\250\220""; networkTime: 803842777; firstSeq: 1; lastSeq: 12; "
1750527577592,1750527577628,0,1,4,2,TMStatusChange,"newEvent: neCLOSING_LEDGER; ledgerSeq: 12; ledgerHash: ""\305;a\314\265R\310\017\317\331\235\360\262\240:\277\202\266\354\265X""\022\nh\252\352w\204\203\023]""; ledgerHashPrevious: ""\207\270b\315\333\333\334\310I\323&\014\352XZnW2.\335\347\202\021\247\362\212e\034\000\001\250\220""; networkTime: 803842777; firstSeq: 1; lastSeq: 12; ","newEvent: neCLOSING_LEDGER; ledgerSeq: 12; ledgerHash: ""\305;a\314\265R\310\017\317\331\235\360\262\240:\277\202\266\354\265X""\022\nh\252\352w\204\203\023]""; ledgerHashPrevious: ""\207\270b\315\333\333\334\310I\323&\014\352XZnW2.\335\347\202\021\247\362\212e\034\000\001\250\220""; networkTime: 803842777; firstSeq: 1; lastSeq: 12; "
1750527577592,1750527577628,0,1,4,1,TMStatusChange,"newEvent: neCLOSING_LEDGER; ledgerSeq: 12; ledgerHash: ""\305;a\314\265R\310\017\317\331\235\360\262\240:\277\202\266\354\265X""\022\nh\252\352w\204\203\023]""; ledgerHashPrevious: ""\207\270b\315\333\333\334\310I\323&\014\352XZnW2.\335\347\202\021\247\362\212e\034\000\001\250\220""; networkTime: 803842777; firstSeq: 1; lastSeq: 12; ","newEvent: neCLOSING_LEDGER; ledgerSeq: 12; ledgerHash: ""\305;a\314\265R\310\017\317\331\235\360\262\240:\277\202\266\354\265X""\022\nh\252\352w\204\203\023]""; ledgerHashPrevious: ""\207\270b\315\333\333\334\310I\323&\014\352XZnW2.\335\347\202\021\247\362\212e\034\000\001\250\220""; networkTime: 803842777; firstSeq: 1; lastSeq: 12; "
1750527577592,1750527577629,0,1,4,0,TMStatusChange,"newEvent: neCLOSING_LEDGER; ledgerSeq: 12; ledgerHash: ""\305;a\314\265R\310\017\317\331\235\360\262\240:\277\202\266\354\265X""\022\nh\252\352w\204\203\023]""; ledgerHashPrevious: ""\207\270b\315\333\333\334\310I\323&\014\352XZnW2.\335\347\202\021\247\362\212e\034\000\001\250\220""; networkTime: 803842777; firstSeq: 1; lastSeq: 12; ","newEvent: neCLOSING_LEDGER; ledgerSeq: 12; ledgerHash: ""\305;a\314\265R\310\017\317\331\235\360\262\240:\277\202\266\354\265X""\022\nh\252\352w\204\203\023]""; ledgerHashPrevious: ""\207\270b\315\333\333\334\310I\323&\014\352XZnW2.\335\347\202\021\247\362\212e\034\000\001\250\220""; networkTime: 803842777; firstSeq: 1; lastSeq: 12; "
1750527577637,1750527577637,0,1,2,3,TMGetLedger,"itype: liBASE; ledgerHash: ""\305;a\314\265R\310\017\317\331\235\360\262\240:\277\202\266\354\265X""\022\nh\252\352w\204\203\023]""; ledgerSeq: 12; requestCookie: 2; queryType: qtINDIRECT; ","itype: liBASE; ledgerHash: ""\305;a\314\265R\310\017\317\331\235\360\262\240:\277\202\266\354\265X""\022\nh\252\352w\204\203\023]""; ledgerSeq: 12; requestCookie: 2; queryType: qtINDIRECT; "
1750527577638,1750527577639,0,1,3,2,TMLedgerData,"ledgerHash: ""\305;a\314\265R\310\017\317\331\235\360\262\240:\277\202\266\354\265X""\022\nh\252\352w\204\203\023]""; ledgerSeq: 12; type: liBASE; nodes {;   nodedata: ""\000\000\000\014\001cEx]\211\377\330\207\270b\315\333\333\334\310I\323&\014\352XZnW2.\335\347\202\021\247\362\212e\034\000\001\250\220\000\000\000\000\000\000\000\000\000\000\000\000\000\000\000\000\000\000\000\000\000\000\000\000\000\000\000\000\000\000\000\000\013\352\370t\247W\026\374\353\033\001\rV\340""I\n\377\304&V\200&\306\020\224i\257z\327>\355/\351\252\324/\351\252\325\n\000""; }; nodes {;   nodedata: ""\323C\344\327\264{\312-\017:\006{\177\344N\002\326bO\260\220\006\033\362\345\005U\221DzJ0\001\301\025%1L\307\t\261\262z\374\222T\301\274V\236\223\262\270Ct\362\337b\356\024*\324\320\351\317\002k\336\234\027v\351\217\260\303\360\233ZPZWr\246$w\313\313\r\243r\232\2234\373\3539:N\004Q\245\272D\312D\300\300\t\323\0257\345e\271\na\215{\226\255x%T\257\037\333\004\344_/R\006E\344\037@\210\363\010\336T\226\247'\204_{\261\370""1\235\2445\343\033Y!\212\201\341\272\225'\007\252$\232m\027\215\243\234\266\6+r\213\264K\307,\347\275\343\363\375L?5\243\234\232\374\357\232\013\003""; }; requestCookie: 2; ","ledgerHash: ""\305;a\314\265R\310\017\317\331\235\360\262\240:\277\202\266\354\265X""\022\nh\252\352w\204\203\023]""; ledgerSeq: 12; type: liBASE; nodes {;   nodedata: ""\000\000\000\014\001cEx]\211\377\330\207\270b\315\333\333\334\310I\323&\014\352XZnW2.\335\347\202\021\247\362\212e\034\000\001\250\220\000\000\000\000\000\000\000\000\000\000\000\000\000\000\000\000\000\000\000\000\000\000\000\000\000\000\000\000\000\000\000\000\013\352\370t\247W\026\374\353\033\001\rV\340""I\n\377\304&V\200&\306\020\224i\257z\327>\355/\351\252\324/\351\252\325\n\000""; }; nodes {;   nodedata: ""\323C\344\327\264{\312-\017:\006{\177\344N\002\326bO\260\220\006\033\362\345\005U\221DzJ0\001\301\025%1L\307\t\261\262z\374\222T\301\274V\236\223\262\270Ct\362\337b\356\024*\324\320\351\317\002k\336\234\027v\351\217\260\303\360\233ZPZWr\246$w\313\313\r\243r\232\2234\373\3539:N\004Q\245\272D\312D\300\300\t\323\0257\345e\271\na\215{\226\255x%T\257\037\333\004\344_/R\006E\344\037@\210\363\010\336T\226\247'\204_{\261\370""1\235\2445\343\033Y!\212\201\341\272\225'\007\252$\232m\027\215\243\234\266\6+r\213\264K\307,\347\275\343\363\375L?5\243\234\232\374\357\232\013\003""; }; requestCookie: 2; "
1750527577640,1750527577640,0,1,2,0,TMLedgerData,"ledgerHash: ""\305;a\314\265R\310\017\317\331\235\360\262\240:\277\202\266\354\265X""\022\nh\252\352w\204\203\023]""; ledgerSeq: 12; type: liBASE; nodes {;   nodedata: ""\000\000\000\014\001cEx]\211\377\330\207\270b\315\333\333\334\310I\323&\014\352XZnW2.\335\347\202\021\247\362\212e\034\000\001\250\220\000\000\000\000\000\000\000\000\000\000\000\000\000\000\000\000\000\000\000\000\000\000\000\000\000\000\000\000\000\000\000\000\013\352\370t\247W\026\374\353\033\001\rV\340""I\n\377\304&V\200&\306\020\224i\257z\327>\355/\351\252\324/\351\252\325\n\000""; }; nodes {;   nodedata: ""\323C\344\327\264{\312-\017:\006{\177\344N\002\326bO\260\220\006\033\362\345\005U\221DzJ0\001\301\025%1L\307\t\261\262z\374\222T\301\274V\236\223\262\270Ct\362\337b\356\024*\324\320\351\317\002k\336\234\027v\351\217\260\303\360\233ZPZWr\246$w\313\313\r\243r\232\2234\373\3539:N\004Q\245\272D\312D\300\300\t\323\0257\345e\271\na\215{\226\255x%T\257\037\333\004\344_/R\006E\344\037@\210\363\010\336T\226\247'\204_{\261\370""1\235\2445\343\033Y!\212\201\341\272\225'\007\252$\232m\027\215\243\234\266\6+r\213\264K\307,\347\275\343\363\375L?5\243\234\232\374\357\232\013\003""; }; ","ledgerHash: ""\305;a\314\265R\310\017\317\331\235\360\262\240:\277\202\266\354\265X""\022\nh\252\352w\204\203\023]""; ledgerSeq: 12; type: liBASE; nodes {;   nodedata: ""\000\000\000\014\001cEx]\211\377\330\207\270b\315\333\333\334\310I\323&\014\352XZnW2.\335\347\202\021\247\362\212e\034\000\001\250\220\000\000\000\000\000\000\000\000\000\000\000\000\000\000\000\000\000\000\000\000\000\000\000\000\000\000\000\000\000\000\000\000\013\352\370t\247W\026\374\353\033\001\rV\340""I\n\377\304&V\200&\306\020\224i\257z\327>\355/\351\252\324/\351\252\325\n\000""; }; nodes {;   nodedata: ""\323C\344\327\264{\312-\017:\006{\177\344N\002\326bO\260\220\006\033\362\345\005U\221DzJ0\001\301\025%1L\307\t\261\262z\374\222T\301\274V\236\223\262\270Ct\362\337b\356\024*\324\320\351\317\002k\336\234\027v\351\217\260\303\360\233ZPZWr\246$w\313\313\r\243r\232\2234\373\3539:N\004Q\245\272D\312D\300\300\t\323\0257\345e\271\na\215{\226\255x%T\257\037\333\004\344_/R\006E\344\037@\210\363\010\336T\226\247'\204_{\261\370""1\235\2445\343\033Y!\212\201\341\272\225'\007\252$\232m\027\215\243\234\266\6+r\213\264K\307,\347\275\343\363\375L?5\243\234\232\374\357\232\013\003""; }; "
1750527577715,1750527577715,0,1,3,0,TMLedgerData,"ledgerHash: ""4\254\326mU\377?\177Ek\336\030!\316Aa\225\303\022\377{\210Y\226\271as\354L\035\004\341""; ledgerSeq: 9; type: liBASE; nodes {;   nodedata: ""\000\000\000\t\001cEx]\211\377\330a=\225\273\331\354\365*U\363\263N\367b\371\244\314-w\363\262\225Z\200\206\235\233\257?sE\267\000\000\000\000\000\000\000\000\000\000\000\000\000\000\000\000\000\000\000\000\000\000\000\000\000\000\000\000\000\000\000\000\260a9Y\354\267&\263\302xao\033\354\317\022\231\273\315\035\270\2649/W\340\016\240\027y\000Y/\351\252\310/\351\252\322\n\000""; }; nodes {;   nodedata: ""\323C\344\327\264{\312-\017:\006{\177\344N\002\326bO\260\220\006\033\362\345\005U\221DzJ0\001\301\025%1L\307\t\261\262z\374\222T\301\274V\236\223\262\270Ct\362\337b\356\024*\324\320\351\317\002k\336\234\027v\351\217\260\303\360\233ZPZWr\246$w\313\313\r\243r\232\2234\373\3539:N\004Q\245\272D\312D\300\300\t\323\0257\345e\271\na\215{\226\255x%T\257\037\333\004\344_/R\006E\344\037@\210\363\010\336T\226\247'\204_{\261\370""1\235\2445\343\033Y!\212\201\341\272\225'\007\373<\tV\\372\214\276\366\000`\365\371\261\032\317\304\324\207\234\002\027\276K\312\260\250x\t\216\277\200\013\003""; }; requestCookie: 2; ","ledgerHash: ""4\254\326mU\377?\177Ek\336\030!\316Aa\225\303\022\377{\210Y\226\271as\354L\035\004\341""; ledgerSeq: 9; type: liBASE; nodes {;   nodedata: ""\000\000\000\t\001cEx]\211\377\330a=\225\273\331\354\365*U\363\263N\367b\371\244\314-w\363\262\225Z\200\206\235\233\257?sE\267\000\000\000\000\000\000\000\000\000\000\000\000\000\000\000\000\000\000\000\000\000\000\000\000\000\000\000\000\000\000\000\000\260a9Y\354\267&\263\302xao\033\354\317\022\231\273\315\035\270\2649/W\340\016\240\027y\000Y/\351\252\310/\351\252\322\n\000""; }; nodes {;   nodedata: ""\323C\344\327\264{\312-\017:\006{\177\344N\002\326bO\260\220\006\033\362\345\005U\221DzJ0\001\301\025%1L\307\t\261\262z\374\222T\301\274V\236\223\262\270Ct\362\337b\356\024*\324\320\351\317\002k\336\234\027v\351\217\260\303\360\233ZPZWr\246$w\313\313\r\243r\232\2234\373\3539:N\004Q\245\272D\312D\300\300\t\323\0257\345e\271\na\215{\226\255x%T\257\037\333\004\344_/R\006E\344\037@\210\363\010\336T\226\247'\204_{\261\370""1\235\2445\343\033Y!\212\201\341\272\225'\007\373<\tV\\372\214\276\366\000`\365\371\261\032\317\304\324\207\234\002\027\276K\312\260\250x\t\216\277\200\013\003""; }; requestCookie: 2; "
1750527577717,1750527577717,0,1,0,1,TMLedgerData,"ledgerHash: ""4\254\326mU\377?\177Ek\336\030!\316Aa\225\303\022\377{\210Y\226\271as\354L\035\004\341""; ledgerSeq: 9; type: liBASE; nodes {;   nodedata: ""\000\000\000\t\001cEx]\211\377\330a=\225\273\331\354\365*U\363\263N\367b\371\244\314-w\363\262\225Z\200\206\235\233\257?sE\267\000\000\000\000\000\000\000\000\000\000\000\000\000\000\000\000\000\000\000\000\000\000\000\000\000\000\000\000\000\000\000\000\260a9Y\354\267&\263\302xao\033\354\317\022\231\273\315\035\270\2649/W\340\016\240\027y\000Y/\351\252\310/\351\252\322\n\000""; }; nodes {;   nodedata: ""\323C\344\327\264{\312-\017:\006{\177\344N\002\326bO\260\220\006\033\362\345\005U\221DzJ0\001\301\025%1L\307\t\261\262z\374\222T\301\274V\236\223\262\270Ct\362\337b\356\024*\324\320\351\317\002k\336\234\027v\351\217\260\303\360\233ZPZWr\246$w\313\313\r\243r\232\2234\373\3539:N\004Q\245\272D\312D\300\300\t\323\0257\345e\271\na\215{\226\255x%T\257\037\333\004\344_/R\006E\344\037@\210\363\010\336T\226\247'\204_{\261\370""1\235\2445\343\033Y!\212\201\341\272\225'\007\373<\tV\\372\214\276\366\000`\365\371\261\032\317\304\324\207\234\002\027\276K\312\260\250x\t\216\277\200\013\003""; }; ","ledgerHash: ""4\254\326mU\377?\177Ek\336\030!\316Aa\225\303\022\377{\210Y\226\271as\354L\035\004\341""; ledgerSeq: 9; type: liBASE; nodes {;   nodedata: ""\000\000\000\t\001cEx]\211\377\330a=\225\273\331\354\365*U\363\263N\367b\371\244\314-w\363\262\225Z\200\206\235\233\257?sE\267\000\000\000\000\000\000\000\000\000\000\000\000\000\000\000\000\000\000\000\000\000\000\000\000\000\000\000\000\000\000\000\000\260a9Y\354\267&\263\302xao\033\354\317\022\231\273\315\035\270\2649/W\340\016\240\027y\000Y/\351\252\310/\351\252\322\n\000""; }; nodes {;   nodedata: ""\323C\344\327\264{\312-\017:\006{\177\344N\002\326bO\260\220\006\033\362\345\005U\221DzJ0\001\301\025%1L\307\t\261\262z\374\222T\301\274V\236\223\262\270Ct\362\337b\356\024*\324\320\351\317\002k\336\234\027v\351\217\260\303\360\233ZPZWr\246$w\313\313\r\243r\232\2234\373\3539:N\004Q\245\272D\312D\300\300\t\323\0257\345e\271\na\215{\226\255x%T\257\037\333\004\344_/R\006E\344\037@\210\363\010\336T\226\247'\204_{\261\370""1\235\2445\343\033Y!\212\201\341\272\225'\007\373<\tV\\372\214\276\366\000`\365\371\261\032\317\304\324\207\234\002\027\276K\312\260\250x\t\216\277\200\013\003""; }; "
1750527577933,1750527577933,0,1,2,3,TMGetLedger,"itype: liBASE; ledgerHash: ""\207\270b\315\333\333\334\310I\323&\014\352XZnW2.\335\347\202\021\247\362\212e\034\000\001\250\220""; ledgerSeq: 11; requestCookie: 3; queryType: qtINDIRECT; ","itype: liBASE; ledgerHash: ""\207\270b\315\333\333\334\310I\323&\014\352XZnW2.\335\347\202\021\247\362\212e\034\000\001\250\220""; ledgerSeq: 11; requestCookie: 3; queryType: qtINDIRECT; "
1750527577935,1750527577935,0,1,2,4,TMGetLedger,"itype: liBASE; ledgerHash: ""\305;a\314\265R\310\017\317\331\235\360\262\240:\277\202\266\354\265X""\022\nh\252\352w\204\203\023]""; ledgerSeq: 12; requestCookie: 3; queryType: qtINDIRECT; ","itype: liBASE; ledgerHash: ""\305;a\314\265R\310\017\317\331\235\360\262\240:\277\202\266\354\265X""\022\nh\252\352w\204\203\023]""; ledgerSeq: 12; requestCookie: 3; queryType: qtINDIRECT; "
1750527577935,1750527577935,0,1,3,2,TMLedgerData,"ledgerHash: ""\207\270b\315\333\333\334\310I\323&\014\352XZnW2.\335\347\202\021\247\362\212e\034\000\001\250\220""; ledgerSeq: 11; type: liBASE; nodes {;   nodedata: ""\000\000\000\013\001cEx]\211\377\330\361\035\301\024\220m#*\372\032\3178~\374\250\014*\323\342'z69\220\327\256\351G\367\317u\302\000\000\000\000\000\000\000\000\000\000\000\000\000\000\000\000\000\000\000\000\000\000\000\000\000\000\000\000\000\000\000\000\313c\210\200\377\273\312\010\030f\372\244%*\307\272T\262\245c[\026\007_-\227VB\214\347\261\220/\351\252\323/\351\252\324\n\000""; }; nodes {;   nodedata: ""\323C\344\327\264{\312-\017:\006{\177\344N\002\326bO\260\220\006\033\362\345\005U\221DzJ0\001\301\025%1L\307\t\261\262z\374\222T\301\274V\236\223\262\270Ct\362\337b\356\024*\324\320\351\317\002k\336\234\027v\351\217\260\303\360\233ZPZWr\246$w\313\313\r\243r\232\2234\373\3539:N\004Q\245\272D\312D\300\300\t\323\0257\345e\271\na\215{\226\255x%T\257\037\333\004\344_/R\006E\344\037@\210\363\010\336T\226\247'\204_{\261\370""1\235\2445\343\033Y!\212\201\341\272\225'\007\t7y2\201R\010H\001l\375\310t\t\264<3~\035\230\304Gh@\204\342\325\204>\363\344T\013\003""; }; requestCookie: 3; ","ledgerHash: ""\207\270b\315\333\333\334\310I\323&\014\352XZnW2.\335\347\202\021\247\362\212e\034\000\001\250\220""; ledgerSeq: 11; type: liBASE; nodes {;   nodedata: ""\000\000\000\013\001cEx]\211\377\330\361\035\301\024\220m#*\372\032\3178~\374\250\014*\323\342'z69\220\327\256\351G\367\317u\302\000\000\000\000\000\000\000\000\000\000\000\000\000\000\000\000\000\000\000\000\000\000\000\000\000\000\000\000\000\000\000\000\313c\210\200\377\273\312\010\030f\372\244%*\307\272T\262\245c[\026\007_-\227VB\214\347\261\220/\351\252\323/\351\252\324\n\000""; }; nodes {;   nodedata: ""\323C\344\327\264{\312-\017:\006{\177\344N\002\326bO\260\220\006\033\362\345\005U\221DzJ0\001\301\025%1L\307\t\261\262z\374\222T\301\274V\236\223\262\270Ct\362\337b\356\024*\324\320\351\317\002k\336\234\027v\351\217\260\303\360\233ZPZWr\246$w\313\313\r\243r\232\2234\373\3539:N\004Q\245\272D\312D\300\300\t\323\0257\345e\271\na\215{\226\255x%T\257\037\333\004\344_/R\006E\344\037@\210\363\010\336T\226\247'\204_{\261\370""1\235\2445\343\033Y!\212\201\341\272\225'\007\t7y2\201R\010H\001l\375\310t\t\264<3~\035\230\304Gh@\204\342\325\204>\363\344T\013\003""; }; requestCookie: 3; "
1750527577936,1750527577937,0,1,4,2,TMLedgerData,"ledgerHash: ""\305;a\314\265R\310\017\317\331\235\360\262\240:\277\202\266\354\265X""\022\nh\252\352w\204\203\023]""; ledgerSeq: 12; type: liBASE; nodes {;   nodedata: ""\000\000\000\014\001cEx]\211\377\330\207\270b\315\333\333\334\310I\323&\014\352XZnW2.\335\347\202\021\247\362\212e\034\000\001\250\220\000\000\000\000\000\000\000\000\000\000\000\000\000\000\000\000\000\000\000\000\000\000\000\000\000\000\000\000\000\000\000\000\013\352\370t\247W\026\374\353\033\001\rV\340""I\n\377\304&V\200&\306\020\224i\257z\327>\355/\351\252\324/\351\252\325\n\000""; }; nodes {;   nodedata: ""\323C\344\327\264{\312-\017:\006{\177\344N\002\326bO\260\220\006\033\362\345\005U\221DzJ0\001\301\025%1L\307\t\261\262z\374\222T\301\274V\236\223\262\270Ct\362\337b\356\024*\324\320\351\317\002k\336\234\027v\351\217\260\303\360\233ZPZWr\246$w\313\313\r\243r\232\2234\373\3539:N\004Q\245\272D\312D\300\300\t\323\0257\345e\271\na\215{\226\255x%T\257\037\333\004\344_/R\006E\344\037@\210\363\010\336T\226\247'\204_{\261\370""1\235\2445\343\033Y!\212\201\341\272\225'\007\252$\232m\027\215\243\234\266\6+r\213\264K\307,\347\275\343\363\375L?5\243\234\232\374\357\232\013\003""; }; requestCookie: 3; ","ledgerHash: ""\305;a\314\265R\310\017\317\331\235\360\262\240:\277\202\266\354\265X""\022\nh\252\352w\204\203\023]""; ledgerSeq: 12; type: liBASE; nodes {;   nodedata: ""\000\000\000\014\001cEx]\211\377\330\207\270b\315\333\333\334\310I\323&\014\352XZnW2.\335\347\202\021\247\362\212e\034\000\001\250\220\000\000\000\000\000\000\000\000\000\000\000\000\000\000\000\000\000\000\000\000\000\000\000\000\000\000\000\000\000\000\000\000\013\352\370t\247W\026\374\353\033\001\rV\340""I\n\377\304&V\200&\306\020\224i\257z\327>\355/\351\252\324/\351\252\325\n\000""; }; nodes {;   nodedata: ""\323C\344\327\264{\312-\017:\006{\177\344N\002\326bO\260\220\006\033\362\345\005U\221DzJ0\001\301\025%1L\307\t\261\262z\374\222T\301\274V\236\223\262\270Ct\362\337b\356\024*\324\320\351\317\002k\336\234\027v\351\217\260\303\360\233ZPZWr\246$w\313\313\r\243r\232\2234\373\3539:N\004Q\245\272D\312D\300\300\t\323\0257\345e\271\na\215{\226\255x%T\257\037\333\004\344_/R\006E\344\037@\210\363\010\336T\226\247'\204_{\261\370""1\235\2445\343\033Y!\212\201\341\272\225'\007\252$\232m\027\215\243\234\266\6+r\213\264K\307,\347\275\343\363\375L?5\243\234\232\374\357\232\013\003""; }; requestCookie: 3; "
1750527577937,1750527577937,0,1,2,1,TMLedgerData,"ledgerHash: ""\207\270b\315\333\333\334\310I\323&\014\352XZnW2.\335\347\202\021\247\362\212e\034\000\001\250\220""; ledgerSeq: 11; type: liBASE; nodes {;   nodedata: ""\000\000\000\013\001cEx]\211\377\330\361\035\301\024\220m#*\372\032\3178~\374\250\014*\323\342'z69\220\327\256\351G\367\317u\302\000\000\000\000\000\000\000\000\000\000\000\000\000\000\000\000\000\000\000\000\000\000\000\000\000\000\000\000\000\000\000\000\313c\210\200\377\273\312\010\030f\372\244%*\307\272T\262\245c[\026\007_-\227VB\214\347\261\220/\351\252\323/\351\252\324\n\000""; }; nodes {;   nodedata: ""\323C\344\327\264{\312-\017:\006{\177\344N\002\326bO\260\220\006\033\362\345\005U\221DzJ0\001\301\025%1L\307\t\261\262z\374\222T\301\274V\236\223\262\270Ct\362\337b\356\024*\324\320\351\317\002k\336\234\027v\351\217\260\303\360\233ZPZWr\246$w\313\313\r\243r\232\2234\373\3539:N\004Q\245\272D\312D\300\300\t\323\0257\345e\271\na\215{\226\255x%T\257\037\333\004\344_/R\006E\344\037@\210\363\010\336T\226\247'\204_{\261\370""1\235\2445\343\033Y!\212\201\341\272\225'\007\t7y2\201R\010H\001l\375\310t\t\264<3~\035\230\304Gh@\204\342\325\204>\363\344T\013\003""; }; ","ledgerHash: ""\207\270b\315\333\333\334\310I\323&\014\352XZnW2.\335\347\202\021\247\362\212e\034\000\001\250\220""; ledgerSeq: 11; type: liBASE; nodes {;   nodedata: ""\000\000\000\013\001cEx]\211\377\330\361\035\301\024\220m#*\372\032\3178~\374\250\014*\323\342'z69\220\327\256\351G\367\317u\302\000\000\000\000\000\000\000\000\000\000\000\000\000\000\000\000\000\000\000\000\000\000\000\000\000\000\000\000\000\000\000\000\313c\210\200\377\273\312\010\030f\372\244%*\307\272T\262\245c[\026\007_-\227VB\214\347\261\220/\351\252\323/\351\252\324\n\000""; }; nodes {;   nodedata: ""\323C\344\327\264{\312-\017:\006{\177\344N\002\326bO\260\220\006\033\362\345\005U\221DzJ0\001\301\025%1L\307\t\261\262z\374\222T\301\274V\236\223\262\270Ct\362\337b\356\024*\324\320\351\317\002k\336\234\027v\351\217\260\303\360\233ZPZWr\246$w\313\313\r\243r\232\2234\373\3539:N\004Q\245\272D\312D\300\300\t\323\0257\345e\271\na\215{\226\255x%T\257\037\333\004\344_/R\006E\344\037@\210\363\010\336T\226\247'\204_{\261\370""1\235\2445\343\033Y!\212\201\341\272\225'\007\t7y2\201R\010H\001l\375\310t\t\264<3~\035\230\304Gh@\204\342\325\204>\363\344T\013\003""; }; "
1750527577938,1750527577939,0,1,2,1,TMLedgerData,"ledgerHash: ""\305;a\314\265R\310\017\317\331\235\360\262\240:\277\202\266\354\265X""\022\nh\252\352w\204\203\023]""; ledgerSeq: 12; type: liBASE; nodes {;   nodedata: ""\000\000\000\014\001cEx]\211\377\330\207\270b\315\333\333\334\310I\323&\014\352XZnW2.\335\347\202\021\247\362\212e\034\000\001\250\220\000\000\000\000\000\000\000\000\000\000\000\000\000\000\000\000\000\000\000\000\000\000\000\000\000\000\000\000\000\000\000\000\013\352\370t\247W\026\374\353\033\001\rV\340""I\n\377\304&V\200&\306\020\224i\257z\327>\355/\351\252\324/\351\252\325\n\000""; }; nodes {;   nodedata: ""\323C\344\327\264{\312-\017:\006{\177\344N\002\326bO\260\220\006\033\362\345\005U\221DzJ0\001\301\025%1L\307\t\261\262z\374\222T\301\274V\236\223\262\270Ct\362\337b\356\024*\324\320\351\317\002k\336\234\027v\351\217\260\303\360\233ZPZWr\246$w\313\313\r\243r\232\2234\373\3539:N\004Q\245\272D\312D\300\300\t\323\0257\345e\271\na\215{\226\255x%T\257\037\333\004\344_/R\006E\344\037@\210\363\010\336T\226\247'\204_{\261\370""1\235\2445\343\033Y!\212\201\341\272\225'\007\252$\232m\027\215\243\234\266\6+r\213\264K\307,\347\275\343\363\375L?5\243\234\232\374\357\232\013\003""; }; ","ledgerHash: ""\305;a\314\265R\310\017\317\331\235\360\262\240:\277\202\266\354\265X""\022\nh\252\352w\204\203\023]""; ledgerSeq: 12; type: liBASE; nodes {;   nodedata: ""\000\000\000\014\001cEx]\211\377\330\207\270b\315\333\333\334\310I\323&\014\352XZnW2.\335\347\202\021\247\362\212e\034\000\001\250\220\000\000\000\000\000\000\000\000\000\000\000\000\000\000\000\000\000\000\000\000\000\000\000\000\000\000\000\000\000\000\000\000\013\352\370t\247W\026\374\353\033\001\rV\340""I\n\377\304&V\200&\306\020\224i\257z\327>\355/\351\252\324/\351\252\325\n\000""; }; nodes {;   nodedata: ""\323C\344\327\264{\312-\017:\006{\177\344N\002\326bO\260\220\006\033\362\345\005U\221DzJ0\001\301\025%1L\307\t\261\262z\374\222T\301\274V\236\223\262\270Ct\362\337b\356\024*\324\320\351\317\002k\336\234\027v\351\217\260\303\360\233ZPZWr\246$w\313\313\r\243r\232\2234\373\3539:N\004Q\245\272D\312D\300\300\t\323\0257\345e\271\na\215{\226\255x%T\257\037\333\004\344_/R\006E\344\037@\210\363\010\336T\226\247'\204_{\261\370""1\235\2445\343\033Y!\212\201\341\272\225'\007\252$\232m\027\215\243\234\266\6+r\213\264K\307,\347\275\343\363\375L?5\243\234\232\374\357\232\013\003""; }; "
1750527577940,1750527577941,0,1,1,2,TMGetLedger,"itype: liAS_NODE; ledgerHash: ""\305;a\314\265R\310\017\317\331\235\360\262\240:\277\202\266\354\265X""\022\nh\252\352w\204\203\023]""; ledgerSeq: 12; nodeIDs: ""\260\000\000\000\000\000\000\000\000\000\000\000\000\000\000\000\000\000\000\000\000\000\000\000\000\000\000\000\000\000\000\000\001""; queryType: qtINDIRECT; queryDepth: 1; ","itype: liAS_NODE; ledgerHash: ""\305;a\314\265R\310\017\317\331\235\360\262\240:\277\202\266\354\265X""\022\nh\252\352w\204\203\023]""; ledgerSeq: 12; nodeIDs: ""\260\000\000\000\000\000\000\000\000\000\000\000\000\000\000\000\000\000\000\000\000\000\000\000\000\000\000\000\000\000\000\000\001""; queryType: qtINDIRECT; queryDepth: 1; "
1750527577942,1750527577942,0,1,2,3,TMGetLedger,"itype: liAS_NODE; ledgerHash: ""\305;a\314\265R\310\017\317\331\235\360\262\240:\277\202\266\354\265X""\022\nh\252\352w\204\203\023]""; ledgerSeq: 12; nodeIDs: ""\260\000\000\000\000\000\000\000\000\000\000\000\000\000\000\000\000\000\000\000\000\000\000\000\000\000\000\000\000\000\000\000\001""; requestCookie: 3; queryType: qtINDIRECT; queryDepth: 1; ","itype: liAS_NODE; ledgerHash: ""\305;a\314\265R\310\017\317\331\235\360\262\240:\277\202\266\354\265X""\022\nh\252\352w\204\203\023]""; ledgerSeq: 12; nodeIDs: ""\260\000\000\000\000\000\000\000\000\000\000\000\000\000\000\000\000\000\000\000\000\000\000\000\000\000\000\000\000\000\000\000\001""; requestCookie: 3; queryType: qtINDIRECT; queryDepth: 1; "
1750527577944,1750527577944,0,1,3,2,TMLedgerData,"ledgerHash: ""\305;a\314\265R\310\017\317\331\235\360\262\240:\277\202\266\354\265X""\022\nh\252\352w\204\203\023]""; ledgerSeq: 12; type: liAS_NODE; nodes {;   nodedata: ""\021\000h""\000\000\000\000 \033\000\000\000\013\002\023\301\277\330\356GuH\375\327!\255\371\r\231\262R\256J\034\222\241\355X\265E\241^W\225\304\014\361CX-}\351f\032\255\274\334m\326c\017\014ao[\342\230\003\245\245\3341Hm\326^\017jy\335\261\032Yt\320\244{g\0306\\302\303*\341\215\223\257\364\277o\375\000r\241SOq\221\253\262\005\017\375T\356\014\360o'\030\311-\267\031\257!\031T\006><\315XM\334\324\345\034\000\325\367\240\271\013\265\024\321\362\354\211\250.\234s\225amc\305\035\366\276\037nD\277`\210\223N\3535\033\261\304f\331]\036\237\306o!\223\221\002\324\031\262\240R\177 ,\214\325\Q])\016\2067\277\t\354\010\000\360\215\2502\265\245\310\226\243c\302Ze\306\253#r\020\211\320iG\276\020E\317\035Sf\223F\254\033@\177e\277\016\010u\327\371&\262\312\317Q\2361t\377x\234\001v\003%\030\325_\225g\204\346a=\225\273\331\354\365*U\363\263N\367b\371\244\314-w\363\262\225Z\200\206\235\233\257?sE\2674\254\326mU\377?\177Ek\336\030!\316Aa\225\303\022\377{\210Y\226\271as\354L\035\004\341\361\035\301\024\220m#*\372\032\3178~\374\250\014*\323\342'z69\220\327\256\351G\367\317u\302\207\270b\315\333\333\334\310I\323&\014\352XZnW2.\335\347\202\021\247\362\212e\034\000\001\250\220\264\227\2326\315\307\363\323\325\303\032N\256*\307\327 \235\332\207u\210\271\257\306g\231i*\260\326k\001"";   nodeid: ""\260\000\000\000\000\000\000\000\000\000\000\000\000\000\000\000\000\000\000\000\000\000\000\000\000\000\000\000\000\000\000\000\001""; }; requestCookie: 3; ","ledgerHash: ""\305;a\314\265R\310\017\317\331\235\360\262\240:\277\202\266\354\265X""\022\nh\252\352w\204\203\023]""; ledgerSeq: 12; type: liAS_NODE; nodes {;   nodedata: ""\021\000h""\000\000\000\000 \033\000\000\000\013\002\023\301\277\330\356GuH\375\327!\255\371\r\231\262R\256J\034\222\241\355X\265E\241^W\225\304\014\361CX-}\351f\032\255\274\334m\326c\017\014ao[\342\230\003\245\245\3341Hm\326^\017jy\335\261\032Yt\320\244{g\0306\\302\303*\341\215\223\257\364\277o\375\000r\241SOq\221\253\262\005\017\375T\356\014\360o'\030\311-\267\031\257!\031T\006><\315XM\334\324\345\034\000\325\367\240\271\013\265\024\321\362\354\211\250.\234s\225amc\305\035\366\276\037nD\277`\210\223N\3535\033\261\304f\331]\036\237\306o!\223\221\002\324\031\262\240R\177 ,\214\325\Q])\016\2067\277\t\354\010\000\360\215\2502\265\245\310\226\243c\302Ze\306\253#r\020\211\320iG\276\020E\317\035Sf\223F\254\033@\177e\277\016\010u\327\371&\262\312\317Q\2361t\377x\234\001v\003%\030\325_\225g\204\346a=\225\273\331\354\365*U\363\263N\367b\371\244\314-w\363\262\225Z\200\206\235\233\257?sE\2674\254\326mU\377?\177Ek\336\030!\316Aa\225\303\022\377{\210Y\226\271as\354L\035\004\341\361\035\301\024\220m#*\372\032\3178~\374\250\014*\323\342'z69\220\327\256\351G\367\317u\302\207\270b\315\333\333\334\310I\323&\014\352XZnW2.\335\347\202\021\247\362\212e\034\000\001\250\220\264\227\2326\315\307\363\323\325\303\032N\256*\307\327 \235\332\207u\210\271\257\306g\231i*\260\326k\001"";   nodeid: ""\260\000\000\000\000\000\000\000\000\000\000\000\000\000\000\000\000\000\000\000\000\000\000\000\000\000\000\000\000\000\000\000\001""; }; requestCookie: 3; "
1750527577945,1750527577946,0,1,2,1,TMLedgerData,"ledgerHash: ""\305;a\314\265R\310\017\317\331\235\360\262\240:\277\202\266\354\265X""\022\nh\252\352w\204\203\023]""; ledgerSeq: 12; type: liAS_NODE; nodes {;   nodedata: ""\021\000h""\000\000\000\000 \033\000\000\000\013\002\023\301\277\330\356GuH\375\327!\255\371\r\231\262R\256J\034\222\241\355X\265E\241^W\225\304\014\361CX-}\351f\032\255\274\334m\326c\017\014ao[\342\230\003\245\245\3341Hm\326^\017jy\335\261\032Yt\320\244{g\0306\\302\303*\341\215\223\257\364\277o\375\000r\241SOq\221\253\262\005\017\375T\356\014\360o'\030\311-\267\031\257!\031T\006><\315XM\334\324\345\034\000\325\367\240\271\013\265\024\321\362\354\211\250.\234s\225amc\305\035\366\276\037nD\277`\210\223N\3535\033\261\304f\331]\036\237\306o!\223\221\002\324\031\262\240R\177 ,\214\325\Q])\016\2067\277\t\354\010\000\360\215\2502\265\245\310\226\243c\302Ze\306\253#r\020\211\320iG\276\020E\317\035Sf\223F\254\033@\177e\277\016\010u\327\371&\262\312\317Q\2361t\377x\234\001v\003%\030\325_\225g\204\346a=\225\273\331\354\365*U\363\263N\367b\371\244\314-w\363\262\225Z\200\206\235\233\257?sE\2674\254\326mU\377?\177Ek\336\030!\316Aa\225\303\022\377{\210Y\226\271as\354L\035\004\341\361\035\301\024\220m#*\372\032\3178~\374\250\014*\323\342'z69\220\327\256\351G\367\317u\302\207\270b\315\333\333\334\310I\323&\014\352XZnW2.\335\347\202\021\247\362\212e\034\000\001\250\220\264\227\2326\315\307\363\323\325\303\032N\256*\307\327 \235\332\207u\210\271\257\306g\231i*\260\326k\001"";   nodeid: ""\260\000\000\000\000\000\000\000\000\000\000\000\000\000\000\000\000\000\000\000\000\000\000\000\000\000\000\000\000\000\000\000\001""; }; ","ledgerHash: ""\305;a\314\265R\310\017\317\331\235\360\262\240:\277\202\266\354\265X""\022\nh\252\352w\204\203\023]""; ledgerSeq: 12; type: liAS_NODE; nodes {;   nodedata: ""\021\000h""\000\000\000\000 \033\000\000\000\013\002\023\301\277\330\356GuH\375\327!\255\371\r\231\262R\256J\034\222\241\355X\265E\241^W\225\304\014\361CX-}\351f\032\255\274\334m\326c\017\014ao[\342\230\003\245\245\3341Hm\326^\017jy\335\261\032Yt\320\244{g\0306\\302\303*\341\215\223\257\364\277o\375\000r\241SOq\221\253\262\005\017\375T\356\014\360o'\030\311-\267\031\257!\031T\006><\315XM\334\324\345\034\000\325\367\240\271\013\265\024\321\362\354\211\250.\234s\225amc\305\035\366\276\037nD\277`\210\223N\3535\033\261\304f\331]\036\237\306o!\223\221\002\324\031\262\240R\177 ,\214\325\Q])\016\2067\277\t\354\010\000\360\215\2502\265\245\310\226\243c\302Ze\306\253#r\020\211\320iG\276\020E\317\035Sf\223F\254\033@\177e\277\016\010u\327\371&\262\312\317Q\2361t\377x\234\001v\003%\030\325_\225g\204\346a=\225\273\331\354\365*U\363\263N\367b\371\244\314-w\363\262\225Z\200\206\235\233\257?sE\2674\254\326mU\377?\177Ek\336\030!\316Aa\225\303\022\377{\210Y\226\271as\354L\035\004\341\361\035\301\024\220m#*\372\032\3178~\374\250\014*\323\342'z69\220\327\256\351G\367\317u\302\207\270b\315\333\333\334\310I\323&\014\352XZnW2.\335\347\202\021\247\362\212e\034\000\001\250\220\264\227\2326\315\307\363\323\325\303\032N\256*\307\327 \235\332\207u\210\271\257\306g\231i*\260\326k\001"";   nodeid: ""\260\000\000\000\000\000\000\000\000\000\000\000\000\000\000\000\000\000\000\000\000\000\000\000\000\000\000\000\000\000\000\000\001""; }; "
1750527577977,1750527577977,0,1,1,4,TMGetLedger,"itype: liBASE; ledgerHash: ""\207\270b\315\333\333\334\310I\323&\014\352XZnW2.\335\347\202\021\247\362\212e\034\000\001\250\220""; ledgerSeq: 11; requestCookie: 3; queryType: qtINDIRECT; ","itype: liBASE; ledgerHash: ""\207\270b\315\333\333\334\310I\323&\014\352XZnW2.\335\347\202\021\247\362\212e\034\000\001\250\220""; ledgerSeq: 11; requestCookie: 3; queryType: qtINDIRECT; "
1750527577978,1750527577979,0,1,4,1,TMLedgerData,"ledgerHash: ""\207\270b\315\333\333\334\310I\323&\014\352XZnW2.\335\347\202\021\247\362\212e\034\000\001\250\220""; ledgerSeq: 11; type: liBASE; nodes {;   nodedata: ""\000\000\000\013\001cEx]\211\377\330\361\035\301\024\220m#*\372\032\3178~\374\250\014*\323\342'z69\220\327\256\351G\367\317u\302\000\000\000\000\000\000\000\000\000\000\000\000\000\000\000\000\000\000\000\000\000\000\000\000\000\000\000\000\000\000\000\000\313c\210\200\377\273\312\010\030f\372\244%*\307\272T\262\245c[\026\007_-\227VB\214\347\261\220/\351\252\323/\351\252\324\n\000""; }; nodes {;   nodedata: ""\323C\344\327\264{\312-\017:\006{\177\344N\002\326bO\260\220\006\033\362\345\005U\221DzJ0\001\301\025%1L\307\t\261\262z\374\222T\301\274V\236\223\262\270Ct\362\337b\356\024*\324\320\351\317\002k\336\234\027v\351\217\260\303\360\233ZPZWr\246$w\313\313\r\243r\232\2234\373\3539:N\004Q\245\272D\312D\300\300\t\323\0257\345e\271\na\215{\226\255x%T\257\037\333\004\344_/R\006E\344\037@\210\363\010\336T\226\247'\204_{\261\370""1\235\2445\343\033Y!\212\201\341\272\225'\007\t7y2\201R\010H\001l\375\310t\t\264<3~\035\230\304Gh@\204\342\325\204>\363\344T\013\003""; }; requestCookie: 3; ","ledgerHash: ""\207\270b\315\333\333\334\310I\323&\014\352XZnW2.\335\347\202\021\247\362\212e\034\000\001\250\220""; ledgerSeq: 11; type: liBASE; nodes {;   nodedata: ""\000\000\000\013\001cEx]\211\377\330\361\035\301\024\220m#*\372\032\3178~\374\250\014*\323\342'z69\220\327\256\351G\367\317u\302\000\000\000\000\000\000\000\000\000\000\000\000\000\000\000\000\000\000\000\000\000\000\000\000\000\000\000\000\000\000\000\000\313c\210\200\377\273\312\010\030f\372\244%*\307\272T\262\245c[\026\007_-\227VB\214\347\261\220/\351\252\323/\351\252\324\n\000""; }; nodes {;   nodedata: ""\323C\344\327\264{\312-\017:\006{\177\344N\002\326bO\260\220\006\033\362\345\005U\221DzJ0\001\301\025%1L\307\t\261\262z\374\222T\301\274V\236\223\262\270Ct\362\337b\356\024*\324\320\351\317\002k\336\234\027v\351\217\260\303\360\233ZPZWr\246$w\313\313\r\243r\232\2234\373\3539:N\004Q\245\272D\312D\300\300\t\323\0257\345e\271\na\215{\226\255x%T\257\037\333\004\344_/R\006E\344\037@\210\363\010\336T\226\247'\204_{\261\370""1\235\2445\343\033Y!\212\201\341\272\225'\007\t7y2\201R\010H\001l\375\310t\t\264<3~\035\230\304Gh@\204\342\325\204>\363\344T\013\003""; }; requestCookie: 3; "
1750527577980,1750527577980,0,1,1,2,TMLedgerData,"ledgerHash: ""\207\270b\315\333\333\334\310I\323&\014\352XZnW2.\335\347\202\021\247\362\212e\034\000\001\250\220""; ledgerSeq: 11; type: liBASE; nodes {;   nodedata: ""\000\000\000\013\001cEx]\211\377\330\361\035\301\024\220m#*\372\032\3178~\374\250\014*\323\342'z69\220\327\256\351G\367\317u\302\000\000\000\000\000\000\000\000\000\000\000\000\000\000\000\000\000\000\000\000\000\000\000\000\000\000\000\000\000\000\000\000\313c\210\200\377\273\312\010\030f\372\244%*\307\272T\262\245c[\026\007_-\227VB\214\347\261\220/\351\252\323/\351\252\324\n\000""; }; nodes {;   nodedata: ""\323C\344\327\264{\312-\017:\006{\177\344N\002\326bO\260\220\006\033\362\345\005U\221DzJ0\001\301\025%1L\307\t\261\262z\374\222T\301\274V\236\223\262\270Ct\362\337b\356\024*\324\320\351\317\002k\336\234\027v\351\217\260\303\360\233ZPZWr\246$w\313\313\r\243r\232\2234\373\3539:N\004Q\245\272D\312D\300\300\t\323\0257\345e\271\na\215{\226\255x%T\257\037\333\004\344_/R\006E\344\037@\210\363\010\336T\226\247'\204_{\261\370""1\235\2445\343\033Y!\212\201\341\272\225'\007\t7y2\201R\010H\001l\375\310t\t\264<3~\035\230\304Gh@\204\342\325\204>\363\344T\013\003""; }; ","ledgerHash: ""\207\270b\315\333\333\334\310I\323&\014\352XZnW2.\335\347\202\021\247\362\212e\034\000\001\250\220""; ledgerSeq: 11; type: liBASE; nodes {;   nodedata: ""\000\000\000\013\001cEx]\211\377\330\361\035\301\024\220m#*\372\032\3178~\374\250\014*\323\342'z69\220\327\256\351G\367\317u\302\000\000\000\000\000\000\000\000\000\000\000\000\000\000\000\000\000\000\000\000\000\000\000\000\000\000\000\000\000\000\000\000\313c\210\200\377\273\312\010\030f\372\244%*\307\272T\262\245c[\026\007_-\227VB\214\347\261\220/\351\252\323/\351\252\324\n\000""; }; nodes {;   nodedata: ""\323C\344\327\264{\312-\017:\006{\177\344N\002\326bO\260\220\006\033\362\345\005U\221DzJ0\001\301\025%1L\307\t\261\262z\374\222T\301\274V\236\223\262\270Ct\362\337b\356\024*\324\320\351\317\002k\336\234\027v\351\217\260\303\360\233ZPZWr\246$w\313\313\r\243r\232\2234\373\3539:N\004Q\245\272D\312D\300\300\t\323\0257\345e\271\na\215{\226\255x%T\257\037\333\004\344_/R\006E\344\037@\210\363\010\336T\226\247'\204_{\261\370""1\235\2445\343\033Y!\212\201\341\272\225'\007\t7y2\201R\010H\001l\375\310t\t\264<3~\035\230\304Gh@\204\342\325\204>\363\344T\013\003""; }; "
1750527578020,1750527578020,0,1,1,2,TMLedgerData,"ledgerHash: ""\305;a\314\265R\310\017\317\331\235\360\262\240:\277\202\266\354\265X""\022\nh\252\352w\204\203\023]""; ledgerSeq: 12; type: liBASE; nodes {;   nodedata: ""\000\000\000\014\001cEx]\211\377\330\207\270b\315\333\333\334\310I\323&\014\352XZnW2.\335\347\202\021\247\362\212e\034\000\001\250\220\000\000\000\000\000\000\000\000\000\000\000\000\000\000\000\000\000\000\000\000\000\000\000\000\000\000\000\000\000\000\000\000\013\352\370t\247W\026\374\353\033\001\rV\340""I\n\377\304&V\200&\306\020\224i\257z\327>\355/\351\252\324/\351\252\325\n\000""; }; nodes {;   nodedata: ""\323C\344\327\264{\312-\017:\006{\177\344N\002\326bO\260\220\006\033\362\345\005U\221DzJ0\001\301\025%1L\307\t\261\262z\374\222T\301\274V\236\223\262\270Ct\362\337b\356\024*\324\320\351\317\002k\336\234\027v\351\217\260\303\360\233ZPZWr\246$w\313\313\r\243r\232\2234\373\3539:N\004Q\245\272D\312D\300\300\t\323\0257\345e\271\na\215{\226\255x%T\257\037\333\004\344_/R\006E\344\037@\210\363\010\336T\226\247'\204_{\261\370""1\235\2445\343\033Y!\212\201\341\272\225'\007\252$\232m\027\215\243\234\266\6+r\213\264K\307,\347\275\343\363\375L?5\243\234\232\374\357\232\013\003""; }; ","ledgerHash: ""\305;a\314\265R\310\017\317\331\235\360\262\240:\277\202\266\354\265X""\022\nh\252\352w\204\203\023]""; ledgerSeq: 12; type: liBASE; nodes {;   nodedata: ""\000\000\000\014\001cEx]\211\377\330\207\270b\315\333\333\334\310I\323&\014\352XZnW2.\335\347\202\021\247\362\212e\034\000\001\250\220\000\000\000\000\000\000\000\000\000\000\000\000\000\000\000\000\000\000\000\000\000\000\000\000\000\000\000\000\000\000\000\000\013\352\370t\247W\026\374\353\033\001\rV\340""I\n\377\304&V\200&\306\020\224i\257z\327>\355/\351\252\324/\351\252\325\n\000""; }; nodes {;   nodedata: ""\323C\344\327\264{\312-\017:\006{\177\344N\002\326bO\260\220\006\033\362\345\005U\221DzJ0\001\301\025%1L\307\t\261\262z\374\222T\301\274V\236\223\262\270Ct\362\337b\356\024*\324\320\351\317\002k\336\234\027v\351\217\260\303\360\233ZPZWr\246$w\313\313\r\243r\232\2234\373\3539:N\004Q\245\272D\312D\300\300\t\323\0257\345e\271\na\215{\226\255x%T\257\037\333\004\344_/R\006E\344\037@\210\363\010\336T\226\247'\204_{\261\370""1\235\2445\343\033Y!\212\201\341\272\225'\007\252$\232m\027\215\243\234\266\6+r\213\264K\307,\347\275\343\363\375L?5\243\234\232\374\357\232\013\003""; }; "
1750527578022,1750527578022,0,1,2,1,TMGetLedger,"itype: liAS_NODE; ledgerHash: ""\305;a\314\265R\310\017\317\331\235\360\262\240:\277\202\266\354\265X""\022\nh\252\352w\204\203\023]""; ledgerSeq: 12; nodeIDs: ""\260\000\000\000\000\000\000\000\000\000\000\000\000\000\000\000\000\000\000\000\000\000\000\000\000\000\000\000\000\000\000\000\001""; queryType: qtINDIRECT; queryDepth: 1; ","itype: liAS_NODE; ledgerHash: ""\305;a\314\265R\310\017\317\331\235\360\262\240:\277\202\266\354\265X""\022\nh\252\352w\204\203\023]""; ledgerSeq: 12; nodeIDs: ""\260\000\000\000\000\000\000\000\000\000\000\000\000\000\000\000\000\000\000\000\000\000\000\000\000\000\000\000\000\000\000\000\001""; queryType: qtINDIRECT; queryDepth: 1; "
1750527578023,1750527578023,0,1,1,2,TMLedgerData,"ledgerHash: ""\305;a\314\265R\310\017\317\331\235\360\262\240:\277\202\266\354\265X""\022\nh\252\352w\204\203\023]""; ledgerSeq: 12; type: liBASE; nodes {;   nodedata: ""\000\000\000\014\001cEx]\211\377\330\207\270b\315\333\333\334\310I\323&\014\352XZnW2.\335\347\202\021\247\362\212e\034\000\001\250\220\000\000\000\000\000\000\000\000\000\000\000\000\000\000\000\000\000\000\000\000\000\000\000\000\000\000\000\000\000\000\000\000\013\352\370t\247W\026\374\353\033\001\rV\340""I\n\377\304&V\200&\306\020\224i\257z\327>\355/\351\252\324/\351\252\325\n\000""; }; nodes {;   nodedata: ""\323C\344\327\264{\312-\017:\006{\177\344N\002\326bO\260\220\006\033\362\345\005U\221DzJ0\001\301\025%1L\307\t\261\262z\374\222T\301\274V\236\223\262\270Ct\362\337b\356\024*\324\320\351\317\002k\336\234\027v\351\217\260\303\360\233ZPZWr\246$w\313\313\r\243r\232\2234\373\3539:N\004Q\245\272D\312D\300\300\t\323\0257\345e\271\na\215{\226\255x%T\257\037\333\004\344_/R\006E\344\037@\210\363\010\336T\226\247'\204_{\261\370""1\235\2445\343\033Y!\212\201\341\272\225'\007\252$\232m\027\215\243\234\266\6+r\213\264K\307,\347\275\343\363\375L?5\243\234\232\374\357\232\013\003""; }; ","ledgerHash: ""\305;a\314\265R\310\017\317\331\235\360\262\240:\277\202\266\354\265X""\022\nh\252\352w\204\203\023]""; ledgerSeq: 12; type: liBASE; nodes {;   nodedata: ""\000\000\000\014\001cEx]\211\377\330\207\270b\315\333\333\334\310I\323&\014\352XZnW2.\335\347\202\021\247\362\212e\034\000\001\250\220\000\000\000\000\000\000\000\000\000\000\000\000\000\000\000\000\000\000\000\000\000\000\000\000\000\000\000\000\000\000\000\000\013\352\370t\247W\026\374\353\033\001\rV\340""I\n\377\304&V\200&\306\020\224i\257z\327>\355/\351\252\324/\351\252\325\n\000""; }; nodes {;   nodedata: ""\323C\344\327\264{\312-\017:\006{\177\344N\002\326bO\260\220\006\033\362\345\005U\221DzJ0\001\301\025%1L\307\t\261\262z\374\222T\301\274V\236\223\262\270Ct\362\337b\356\024*\324\320\351\317\002k\336\234\027v\351\217\260\303\360\233ZPZWr\246$w\313\313\r\243r\232\2234\373\3539:N\004Q\245\272D\312D\300\300\t\323\0257\345e\271\na\215{\226\255x%T\257\037\333\004\344_/R\006E\344\037@\210\363\010\336T\226\247'\204_{\261\370""1\235\2445\343\033Y!\212\201\341\272\225'\007\252$\232m\027\215\243\234\266\6+r\213\264K\307,\347\275\343\363\375L?5\243\234\232\374\357\232\013\003""; }; "
1750527578067,1750527578067,0,1,1,2,TMLedgerData,"ledgerHash: ""\305;a\314\265R\310\017\317\331\235\360\262\240:\277\202\266\354\265X""\022\nh\252\352w\204\203\023]""; ledgerSeq: 12; type: liAS_NODE; nodes {;   nodedata: ""\021\000h""\000\000\000\000 \033\000\000\000\013\002\023\301\277\330\356GuH\375\327!\255\371\r\231\262R\256J\034\222\241\355X\265E\241^W\225\304\014\361CX-}\351f\032\255\274\334m\326c\017\014ao[\342\230\003\245\245\3341Hm\326^\017jy\335\261\032Yt\320\244{g\0306\\302\303*\341\215\223\257\364\277o\375\000r\241SOq\221\253\262\005\017\375T\356\014\360o'\030\311-\267\031\257!\031T\006><\315XM\334\324\345\034\000\325\367\240\271\013\265\024\321\362\354\211\250.\234s\225amc\305\035\366\276\037nD\277`\210\223N\3535\033\261\304f\331]\036\237\306o!\223\221\002\324\031\262\240R\177 ,\214\325\Q])\016\2067\277\t\354\010\000\360\215\2502\265\245\310\226\243c\302Ze\306\253#r\020\211\320iG\276\020E\317\035Sf\223F\254\033@\177e\277\016\010u\327\371&\262\312\317Q\2361t\377x\234\001v\003%\030\325_\225g\204\346a=\225\273\331\354\365*U\363\263N\367b\371\244\314-w\363\262\225Z\200\206\235\233\257?sE\2674\254\326mU\377?\177Ek\336\030!\316Aa\225\303\022\377{\210Y\226\271as\354L\035\004\341\361\035\301\024\220m#*\372\032\3178~\374\250\014*\323\342'z69\220\327\256\351G\367\317u\302\207\270b\315\333\333\334\310I\323&\014\352XZnW2.\335\347\202\021\247\362\212e\034\000\001\250\220\264\227\2326\315\307\363\323\325\303\032N\256*\307\327 \235\332\207u\210\271\257\306g\231i*\260\326k\001"";   nodeid: ""\260\000\000\000\000\000\000\000\000\000\000\000\000\000\000\000\000\000\000\000\000\000\000\000\000\000\000\000\000\000\000\000\001""; }; ","ledgerHash: ""\305;a\314\265R\310\017\317\331\235\360\262\240:\277\202\266\354\265X""\022\nh\252\352w\204\203\023]""; ledgerSeq: 12; type: liAS_NODE; nodes {;   nodedata: ""\021\000h""\000\000\000\000 \033\000\000\000\013\002\023\301\277\330\356GuH\375\327!\255\371\r\231\262R\256J\034\222\241\355X\265E\241^W\225\304\014\361CX-}\351f\032\255\274\334m\326c\017\014ao[\342\230\003\245\245\3341Hm\326^\017jy\335\261\032Yt\320\244{g\0306\\302\303*\341\215\223\257\364\277o\375\000r\241SOq\221\253\262\005\017\375T\356\014\360o'\030\311-\267\031\257!\031T\006><\315XM\334\324\345\034\000\325\367\240\271\013\265\024\321\362\354\211\250.\234s\225amc\305\035\366\276\037nD\277`\210\223N\3535\033\261\304f\331]\036\237\306o!\223\221\002\324\031\262\240R\177 ,\214\325\Q])\016\2067\277\t\354\010\000\360\215\2502\265\245\310\226\243c\302Ze\306\253#r\020\211\320iG\276\020E\317\035Sf\223F\254\033@\177e\277\016\010u\327\371&\262\312\317Q\2361t\377x\234\001v\003%\030\325_\225g\204\346a=\225\273\331\354\365*U\363\263N\367b\371\244\314-w\363\262\225Z\200\206\235\233\257?sE\2674\254\326mU\377?\177Ek\336\030!\316Aa\225\303\022\377{\210Y\226\271as\354L\035\004\341\361\035\301\024\220m#*\372\032\3178~\374\250\014*\323\342'z69\220\327\256\351G\367\317u\302\207\270b\315\333\333\334\310I\323&\014\352XZnW2.\335\347\202\021\247\362\212e\034\000\001\250\220\264\227\2326\315\307\363\323\325\303\032N\256*\307\327 \235\332\207u\210\271\257\306g\231i*\260\326k\001"";   nodeid: ""\260\000\000\000\000\000\000\000\000\000\000\000\000\000\000\000\000\000\000\000\000\000\000\000\000\000\000\000\000\000\000\000\001""; }; "
1750527578076,1750527578077,0,1,4,2,TMLedgerData,"ledgerHash: ""\361\035\301\024\220m#*\372\032\3178~\374\250\014*\323\342'z69\220\327\256\351G\367\317u\302""; ledgerSeq: 10; type: liBASE; nodes {;   nodedata: ""\000\000\000\n\001cEx]\211\377\3304\254\326mU\377?\177Ek\336\030!\316Aa\225\303\022\377{\210Y\226\271as\354L\035\004\341\000\000\000\000\000\000\000\000\000\000\000\000\000\000\000\000\000\000\000\000\000\000\000\000\000\000\000\000\000\000\000\000\254\245\205(\333\232|\316\344\256\352g\326\377\207\201\343}F-uI:<\316[sh\026\205\0031/\351\252\322/\351\252\323\n\000""; }; nodes {;   nodedata: ""\323C\344\327\264{\312-\017:\006{\177\344N\002\326bO\260\220\006\033\362\345\005U\221DzJ0\001\301\025%1L\307\t\261\262z\374\222T\301\274V\236\223\262\270Ct\362\337b\356\024*\324\320\351\317\002k\336\234\027v\351\217\260\303\360\233ZPZWr\246$w\313\313\r\243r\232\2234\373\3539:N\004Q\245\272D\312D\300\300\t\323\0257\345e\271\na\215{\226\255x%T\257\037\333\004\344_/R\006E\344\037@\210\363\010\336T\226\247'\204_{\261\370""1\235\2445\343\033Y!\212\201\341\272\225'\007o""\025\223n_\364\354#\3206\344&\233Q\177y\227\265&\014\312\302\336\221\221\013m(`\236\007\013\003""; }; ","ledgerHash: ""\361\035\301\024\220m#*\372\032\3178~\374\250\014*\323\342'z69\220\327\256\351G\367\317u\302""; ledgerSeq: 10; type: liBASE; nodes {;   nodedata: ""\000\000\000\n\001cEx]\211\377\3304\254\326mU\377?\177Ek\336\030!\316Aa\225\303\022\377{\210Y\226\271as\354L\035\004\341\000\000\000\000\000\000\000\000\000\000\000\000\000\000\000\000\000\000\000\000\000\000\000\000\000\000\000\000\000\000\000\000\254\245\205(\333\232|\316\344\256\352g\326\377\207\201\343}F-uI:<\316[sh\026\205\0031/\351\252\322/\351\252\323\n\000""; }; nodes {;   nodedata: ""\323C\344\327\264{\312-\017:\006{\177\344N\002\326bO\260\220\006\033\362\345\005U\221DzJ0\001\301\025%1L\307\t\261\262z\374\222T\301\274V\236\223\262\270Ct\362\337b\356\024*\324\320\351\317\002k\336\234\027v\351\217\260\303\360\233ZPZWr\246$w\313\313\r\243r\232\2234\373\3539:N\004Q\245\272D\312D\300\300\t\323\0257\345e\271\na\215{\226\255x%T\257\037\333\004\344_/R\006E\344\037@\210\363\010\336T\226\247'\204_{\261\370""1\235\2445\343\033Y!\212\201\341\272\225'\007o""\025\223n_\364\354#\3206\344&\233Q\177y\227\265&\014\312\302\336\221\221\013m(`\236\007\013\003""; }; "
1750527578358,1750527578358,0,1,3,2,TMLedgerData,"ledgerHash: ""\361\035\301\024\220m#*\372\032\3178~\374\250\014*\323\342'z69\220\327\256\351G\367\317u\302""; ledgerSeq: 10; type: liBASE; nodes {;   nodedata: ""\000\000\000\n\001cEx]\211\377\3304\254\326mU\377?\177Ek\336\030!\316Aa\225\303\022\377{\210Y\226\271as\354L\035\004\341\000\000\000\000\000\000\000\000\000\000\000\000\000\000\000\000\000\000\000\000\000\000\000\000\000\000\000\000\000\000\000\000\254\245\205(\333\232|\316\344\256\352g\326\377\207\201\343}F-uI:<\316[sh\026\205\0031/\351\252\322/\351\252\323\n\000""; }; nodes {;   nodedata: ""\323C\344\327\264{\312-\017:\006{\177\344N\002\326bO\260\220\006\033\362\345\005U\221DzJ0\001\301\025%1L\307\t\261\262z\374\222T\301\274V\236\223\262\270Ct\362\337b\356\024*\324\320\351\317\002k\336\234\027v\351\217\260\303\360\233ZPZWr\246$w\313\313\r\243r\232\2234\373\3539:N\004Q\245\272D\312D\300\300\t\323\0257\345e\271\na\215{\226\255x%T\257\037\333\004\344_/R\006E\344\037@\210\363\010\336T\226\247'\204_{\261\370""1\235\2445\343\033Y!\212\201\341\272\225'\007o""\025\223n_\364\354#\3206\344&\233Q\177y\227\265&\014\312\302\336\221\221\013m(`\236\007\013\003""; }; ","ledgerHash: ""\361\035\301\024\220m#*\372\032\3178~\374\250\014*\323\342'z69\220\327\256\351G\367\317u\302""; ledgerSeq: 10; type: liBASE; nodes {;   nodedata: ""\000\000\000\n\001cEx]\211\377\3304\254\326mU\377?\177Ek\336\030!\316Aa\225\303\022\377{\210Y\226\271as\354L\035\004\341\000\000\000\000\000\000\000\000\000\000\000\000\000\000\000\000\000\000\000\000\000\000\000\000\000\000\000\000\000\000\000\000\254\245\205(\333\232|\316\344\256\352g\326\377\207\201\343}F-uI:<\316[sh\026\205\0031/\351\252\322/\351\252\323\n\000""; }; nodes {;   nodedata: ""\323C\344\327\264{\312-\017:\006{\177\344N\002\326bO\260\220\006\033\362\345\005U\221DzJ0\001\301\025%1L\307\t\261\262z\374\222T\301\274V\236\223\262\270Ct\362\337b\356\024*\324\320\351\317\002k\336\234\027v\351\217\260\303\360\233ZPZWr\246$w\313\313\r\243r\232\2234\373\3539:N\004Q\245\272D\312D\300\300\t\323\0257\345e\271\na\215{\226\255x%T\257\037\333\004\344_/R\006E\344\037@\210\363\010\336T\226\247'\204_{\261\370""1\235\2445\343\033Y!\212\201\341\272\225'\007o""\025\223n_\364\354#\3206\344&\233Q\177y\227\265&\014\312\302\336\221\221\013m(`\236\007\013\003""; }; "
1750527578359,1750527578359,0,1,4,2,TMLedgerData,"ledgerHash: ""\207\270b\315\333\333\334\310I\323&\014\352XZnW2.\335\347\202\021\247\362\212e\034\000\001\250\220""; ledgerSeq: 11; type: liBASE; nodes {;   nodedata: ""\000\000\000\013\001cEx]\211\377\330\361\035\301\024\220m#*\372\032\3178~\374\250\014*\323\342'z69\220\327\256\351G\367\317u\302\000\000\000\000\000\000\000\000\000\000\000\000\000\000\000\000\000\000\000\000\000\000\000\000\000\000\000\000\000\000\000\000\313c\210\200\377\273\312\010\030f\372\244%*\307\272T\262\245c[\026\007_-\227VB\214\347\261\220/\351\252\323/\351\252\324\n\000""; }; nodes {;   nodedata: ""\323C\344\327\264{\312-\017:\006{\177\344N\002\326bO\260\220\006\033\362\345\005U\221DzJ0\001\301\025%1L\307\t\261\262z\374\222T\301\274V\236\223\262\270Ct\362\337b\356\024*\324\320\351\317\002k\336\234\027v\351\217\260\303\360\233ZPZWr\246$w\313\313\r\243r\232\2234\373\3539:N\004Q\245\272D\312D\300\300\t\323\0257\345e\271\na\215{\226\255x%T\257\037\333\004\344_/R\006E\344\037@\210\363\010\336T\226\247'\204_{\261\370""1\235\2445\343\033Y!\212\201\341\272\225'\007\t7y2\201R\010H\001l\375\310t\t\264<3~\035\230\304Gh@\204\342\325\204>\363\344T\013\003""; }; requestCookie: 2; ","ledgerHash: ""\207\270b\315\333\333\334\310I\323&\014\352XZnW2.\335\347\202\021\247\362\212e\034\000\001\250\220""; ledgerSeq: 11; type: liBASE; nodes {;   nodedata: ""\000\000\000\013\001cEx]\211\377\330\361\035\301\024\220m#*\372\032\3178~\374\250\014*\323\342'z69\220\327\256\351G\367\317u\302\000\000\000\000\000\000\000\000\000\000\000\000\000\000\000\000\000\000\000\000\000\000\000\000\000\000\000\000\000\000\000\000\313c\210\200\377\273\312\010\030f\372\244%*\307\272T\262\245c[\026\007_-\227VB\214\347\261\220/\351\252\323/\351\252\324\n\000""; }; nodes {;   nodedata: ""\323C\344\327\264{\312-\017:\006{\177\344N\002\326bO\260\220\006\033\362\345\005U\221DzJ0\001\301\025%1L\307\t\261\262z\374\222T\301\274V\236\223\262\270Ct\362\337b\356\024*\324\320\351\317\002k\336\234\027v\351\217\260\303\360\233ZPZWr\246$w\313\313\r\243r\232\2234\373\3539:N\004Q\245\272D\312D\300\300\t\323\0257\345e\271\na\215{\226\255x%T\257\037\333\004\344_/R\006E\344\037@\210\363\010\336T\226\247'\204_{\261\370""1\235\2445\343\033Y!\212\201\341\272\225'\007\t7y2\201R\010H\001l\375\310t\t\264<3~\035\230\304Gh@\204\342\325\204>\363\344T\013\003""; }; requestCookie: 2; "
1750527578361,1750527578361,0,1,2,0,TMLedgerData,"ledgerHash: ""\207\270b\315\333\333\334\310I\323&\014\352XZnW2.\335\347\202\021\247\362\212e\034\000\001\250\220""; ledgerSeq: 11; type: liBASE; nodes {;   nodedata: ""\000\000\000\013\001cEx]\211\377\330\361\035\301\024\220m#*\372\032\3178~\374\250\014*\323\342'z69\220\327\256\351G\367\317u\302\000\000\000\000\000\000\000\000\000\000\000\000\000\000\000\000\000\000\000\000\000\000\000\000\000\000\000\000\000\000\000\000\313c\210\200\377\273\312\010\030f\372\244%*\307\272T\262\245c[\026\007_-\227VB\214\347\261\220/\351\252\323/\351\252\324\n\000""; }; nodes {;   nodedata: ""\323C\344\327\264{\312-\017:\006{\177\344N\002\326bO\260\220\006\033\362\345\005U\221DzJ0\001\301\025%1L\307\t\261\262z\374\222T\301\274V\236\223\262\270Ct\362\337b\356\024*\324\320\351\317\002k\336\234\027v\351\217\260\303\360\233ZPZWr\246$w\313\313\r\243r\232\2234\373\3539:N\004Q\245\272D\312D\300\300\t\323\0257\345e\271\na\215{\226\255x%T\257\037\333\004\344_/R\006E\344\037@\210\363\010\336T\226\247'\204_{\261\370""1\235\2445\343\033Y!\212\201\341\272\225'\007\t7y2\201R\010H\001l\375\310t\t\264<3~\035\230\304Gh@\204\342\325\204>\363\344T\013\003""; }; ","ledgerHash: ""\207\270b\315\333\333\334\310I\323&\014\352XZnW2.\335\347\202\021\247\362\212e\034\000\001\250\220""; ledgerSeq: 11; type: liBASE; nodes {;   nodedata: ""\000\000\000\013\001cEx]\211\377\330\361\035\301\024\220m#*\372\032\3178~\374\250\014*\323\342'z69\220\327\256\351G\367\317u\302\000\000\000\000\000\000\000\000\000\000\000\000\000\000\000\000\000\000\000\000\000\000\000\000\000\000\000\000\000\000\000\000\313c\210\200\377\273\312\010\030f\372\244%*\307\272T\262\245c[\026\007_-\227VB\214\347\261\220/\351\252\323/\351\252\324\n\000""; }; nodes {;   nodedata: ""\323C\344\327\264{\312-\017:\006{\177\344N\002\326bO\260\220\006\033\362\345\005U\221DzJ0\001\301\025%1L\307\t\261\262z\374\222T\301\274V\236\223\262\270Ct\362\337b\356\024*\324\320\351\317\002k\336\234\027v\351\217\260\303\360\233ZPZWr\246$w\313\313\r\243r\232\2234\373\3539:N\004Q\245\272D\312D\300\300\t\323\0257\345e\271\na\215{\226\255x%T\257\037\333\004\344_/R\006E\344\037@\210\363\010\336T\226\247'\204_{\261\370""1\235\2445\343\033Y!\212\201\341\272\225'\007\t7y2\201R\010H\001l\375\310t\t\264<3~\035\230\304Gh@\204\342\325\204>\363\344T\013\003""; }; "
1750527578469,1750527578469,0,1,3,1,TMLedgerData,"ledgerHash: ""\361\035\301\024\220m#*\372\032\3178~\374\250\014*\323\342'z69\220\327\256\351G\367\317u\302""; ledgerSeq: 10; type: liBASE; nodes {;   nodedata: ""\000\000\000\n\001cEx]\211\377\3304\254\326mU\377?\177Ek\336\030!\316Aa\225\303\022\377{\210Y\226\271as\354L\035\004\341\000\000\000\000\000\000\000\000\000\000\000\000\000\000\000\000\000\000\000\000\000\000\000\000\000\000\000\000\000\000\000\000\254\245\205(\333\232|\316\344\256\352g\326\377\207\201\343}F-uI:<\316[sh\026\205\0031/\351\252\322/\351\252\323\n\000""; }; nodes {;   nodedata: ""\323C\344\327\264{\312-\017:\006{\177\344N\002\326bO\260\220\006\033\362\345\005U\221DzJ0\001\301\025%1L\307\t\261\262z\374\222T\301\274V\236\223\262\270Ct\362\337b\356\024*\324\320\351\317\002k\336\234\027v\351\217\260\303\360\233ZPZWr\246$w\313\313\r\243r\232\2234\373\3539:N\004Q\245\272D\312D\300\300\t\323\0257\345e\271\na\215{\226\255x%T\257\037\333\004\344_/R\006E\344\037@\210\363\010\336T\226\247'\204_{\261\370""1\235\2445\343\033Y!\212\201\341\272\225'\007o""\025\223n_\364\354#\3206\344&\233Q\177y\227\265&\014\312\302\336\221\221\013m(`\236\007\013\003""; }; ","ledgerHash: ""\361\035\301\024\220m#*\372\032\3178~\374\250\014*\323\342'z69\220\327\256\351G\367\317u\302""; ledgerSeq: 10; type: liBASE; nodes {;   nodedata: ""\000\000\000\n\001cEx]\211\377\3304\254\326mU\377?\177Ek\336\030!\316Aa\225\303\022\377{\210Y\226\271as\354L\035\004\341\000\000\000\000\000\000\000\000\000\000\000\000\000\000\000\000\000\000\000\000\000\000\000\000\000\000\000\000\000\000\000\000\254\245\205(\333\232|\316\344\256\352g\326\377\207\201\343}F-uI:<\316[sh\026\205\0031/\351\252\322/\351\252\323\n\000""; }; nodes {;   nodedata: ""\323C\344\327\264{\312-\017:\006{\177\344N\002\326bO\260\220\006\033\362\345\005U\221DzJ0\001\301\025%1L\307\t\261\262z\374\222T\301\274V\236\223\262\270Ct\362\337b\356\024*\324\320\351\317\002k\336\234\027v\351\217\260\303\360\233ZPZWr\246$w\313\313\r\243r\232\2234\373\3539:N\004Q\245\272D\312D\300\300\t\323\0257\345e\271\na\215{\226\255x%T\257\037\333\004\344_/R\006E\344\037@\210\363\010\336T\226\247'\204_{\261\370""1\235\2445\343\033Y!\212\201\341\272\225'\007o""\025\223n_\364\354#\3206\344&\233Q\177y\227\265&\014\312\302\336\221\221\013m(`\236\007\013\003""; }; "
1750527578510,1750527578510,0,1,4,1,TMLedgerData,"ledgerHash: ""\361\035\301\024\220m#*\372\032\3178~\374\250\014*\323\342'z69\220\327\256\351G\367\317u\302""; ledgerSeq: 10; type: liBASE; nodes {;   nodedata: ""\000\000\000\n\001cEx]\211\377\3304\254\326mU\377?\177Ek\336\030!\316Aa\225\303\022\377{\210Y\226\271as\354L\035\004\341\000\000\000\000\000\000\000\000\000\000\000\000\000\000\000\000\000\000\000\000\000\000\000\000\000\000\000\000\000\000\000\000\254\245\205(\333\232|\316\344\256\352g\326\377\207\201\343}F-uI:<\316[sh\026\205\0031/\351\252\322/\351\252\323\n\000""; }; nodes {;   nodedata: ""\323C\344\327\264{\312-\017:\006{\177\344N\002\326bO\260\220\006\033\362\345\005U\221DzJ0\001\301\025%1L\307\t\261\262z\374\222T\301\274V\236\223\262\270Ct\362\337b\356\024*\324\320\351\317\002k\336\234\027v\351\217\260\303\360\233ZPZWr\246$w\313\313\r\243r\232\2234\373\3539:N\004Q\245\272D\312D\300\300\t\323\0257\345e\271\na\215{\226\255x%T\257\037\333\004\344_/R\006E\344\037@\210\363\010\336T\226\247'\204_{\261\370""1\235\2445\343\033Y!\212\201\341\272\225'\007o""\025\223n_\364\354#\3206\344&\233Q\177y\227\265&\014\312\302\336\221\221\013m(`\236\007\013\003""; }; ","ledgerHash: ""\361\035\301\024\220m#*\372\032\3178~\374\250\014*\323\342'z69\220\327\256\351G\367\317u\302""; ledgerSeq: 10; type: liBASE; nodes {;   nodedata: ""\000\000\000\n\001cEx]\211\377\3304\254\326mU\377?\177Ek\336\030!\316Aa\225\303\022\377{\210Y\226\271as\354L\035\004\341\000\000\000\000\000\000\000\000\000\000\000\000\000\000\000\000\000\000\000\000\000\000\000\000\000\000\000\000\000\000\000\000\254\245\205(\333\232|\316\344\256\352g\326\377\207\201\343}F-uI:<\316[sh\026\205\0031/\351\252\322/\351\252\323\n\000""; }; nodes {;   nodedata: ""\323C\344\327\264{\312-\017:\006{\177\344N\002\326bO\260\220\006\033\362\345\005U\221DzJ0\001\301\025%1L\307\t\261\262z\374\222T\301\274V\236\223\262\270Ct\362\337b\356\024*\324\320\351\317\002k\336\234\027v\351\217\260\303\360\233ZPZWr\246$w\313\313\r\243r\232\2234\373\3539:N\004Q\245\272D\312D\300\300\t\323\0257\345e\271\na\215{\226\255x%T\257\037\333\004\344_/R\006E\344\037@\210\363\010\336T\226\247'\204_{\261\370""1\235\2445\343\033Y!\212\201\341\272\225'\007o""\025\223n_\364\354#\3206\344&\233Q\177y\227\265&\014\312\302\336\221\221\013m(`\236\007\013\003""; }; "
1750527578747,1750527578747,0,1,3,1,TMLedgerData,"ledgerHash: ""\207\270b\315\333\333\334\310I\323&\014\352XZnW2.\335\347\202\021\247\362\212e\034\000\001\250\220""; ledgerSeq: 11; type: liBASE; nodes {;   nodedata: ""\000\000\000\013\001cEx]\211\377\330\361\035\301\024\220m#*\372\032\3178~\374\250\014*\323\342'z69\220\327\256\351G\367\317u\302\000\000\000\000\000\000\000\000\000\000\000\000\000\000\000\000\000\000\000\000\000\000\000\000\000\000\000\000\000\000\000\000\313c\210\200\377\273\312\010\030f\372\244%*\307\272T\262\245c[\026\007_-\227VB\214\347\261\220/\351\252\323/\351\252\324\n\000""; }; nodes {;   nodedata: ""\323C\344\327\264{\312-\017:\006{\177\344N\002\326bO\260\220\006\033\362\345\005U\221DzJ0\001\301\025%1L\307\t\261\262z\374\222T\301\274V\236\223\262\270Ct\362\337b\356\024*\324\320\351\317\002k\336\234\027v\351\217\260\303\360\233ZPZWr\246$w\313\313\r\243r\232\2234\373\3539:N\004Q\245\272D\312D\300\300\t\323\0257\345e\271\na\215{\226\255x%T\257\037\333\004\344_/R\006E\344\037@\210\363\010\336T\226\247'\204_{\261\370""1\235\2445\343\033Y!\212\201\341\272\225'\007\t7y2\201R\010H\001l\375\310t\t\264<3~\035\230\304Gh@\204\342\325\204>\363\344T\013\003""; }; requestCookie: 3; ","ledgerHash: ""\207\270b\315\333\333\334\310I\323&\014\352XZnW2.\335\347\202\021\247\362\212e\034\000\001\250\220""; ledgerSeq: 11; type: liBASE; nodes {;   nodedata: ""\000\000\000\013\001cEx]\211\377\330\361\035\301\024\220m#*\372\032\3178~\374\250\014*\323\342'z69\220\327\256\351G\367\317u\302\000\000\000\000\000\000\000\000\000\000\000\000\000\000\000\000\000\000\000\000\000\000\000\000\000\000\000\000\000\000\000\000\313c\210\200\377\273\312\010\030f\372\244%*\307\272T\262\245c[\026\007_-\227VB\214\347\261\220/\351\252\323/\351\252\324\n\000""; }; nodes {;   nodedata: ""\323C\344\327\264{\312-\017:\006{\177\344N\002\326bO\260\220\006\033\362\345\005U\221DzJ0\001\301\025%1L\307\t\261\262z\374\222T\301\274V\236\223\262\270Ct\362\337b\356\024*\324\320\351\317\002k\336\234\027v\351\217\260\303\360\233ZPZWr\246$w\313\313\r\243r\232\2234\373\3539:N\004Q\245\272D\312D\300\300\t\323\0257\345e\271\na\215{\226\255x%T\257\037\333\004\344_/R\006E\344\037@\210\363\010\336T\226\247'\204_{\261\370""1\235\2445\343\033Y!\212\201\341\272\225'\007\t7y2\201R\010H\001l\375\310t\t\264<3~\035\230\304Gh@\204\342\325\204>\363\344T\013\003""; }; requestCookie: 3; "
1750527578749,1750527578749,0,1,1,2,TMLedgerData,"ledgerHash: ""\207\270b\315\333\333\334\310I\323&\014\352XZnW2.\335\347\202\021\247\362\212e\034\000\001\250\220""; ledgerSeq: 11; type: liBASE; nodes {;   nodedata: ""\000\000\000\013\001cEx]\211\377\330\361\035\301\024\220m#*\372\032\3178~\374\250\014*\323\342'z69\220\327\256\351G\367\317u\302\000\000\000\000\000\000\000\000\000\000\000\000\000\000\000\000\000\000\000\000\000\000\000\000\000\000\000\000\000\000\000\000\313c\210\200\377\273\312\010\030f\372\244%*\307\272T\262\245c[\026\007_-\227VB\214\347\261\220/\351\252\323/\351\252\324\n\000""; }; nodes {;   nodedata: ""\323C\344\327\264{\312-\017:\006{\177\344N\002\326bO\260\220\006\033\362\345\005U\221DzJ0\001\301\025%1L\307\t\261\262z\374\222T\301\274V\236\223\262\270Ct\362\337b\356\024*\324\320\351\317\002k\336\234\027v\351\217\260\303\360\233ZPZWr\246$w\313\313\r\243r\232\2234\373\3539:N\004Q\245\272D\312D\300\300\t\323\0257\345e\271\na\215{\226\255x%T\257\037\333\004\344_/R\006E\344\037@\210\363\010\336T\226\247'\204_{\261\370""1\235\2445\343\033Y!\212\201\341\272\225'\007\t7y2\201R\010H\001l\375\310t\t\264<3~\035\230\304Gh@\204\342\325\204>\363\344T\013\003""; }; ","ledgerHash: ""\207\270b\315\333\333\334\310I\323&\014\352XZnW2.\335\347\202\021\247\362\212e\034\000\001\250\220""; ledgerSeq: 11; type: liBASE; nodes {;   nodedata: ""\000\000\000\013\001cEx]\211\377\330\361\035\301\024\220m#*\372\032\3178~\374\250\014*\323\342'z69\220\327\256\351G\367\317u\302\000\000\000\000\000\000\000\000\000\000\000\000\000\000\000\000\000\000\000\000\000\000\000\000\000\000\000\000\000\000\000\000\313c\210\200\377\273\312\010\030f\372\244%*\307\272T\262\245c[\026\007_-\227VB\214\347\261\220/\351\252\323/\351\252\324\n\000""; }; nodes {;   nodedata: ""\323C\344\327\264{\312-\017:\006{\177\344N\002\326bO\260\220\006\033\362\345\005U\221DzJ0\001\301\025%1L\307\t\261\262z\374\222T\301\274V\236\223\262\270Ct\362\337b\356\024*\324\320\351\317\002k\336\234\027v\351\217\260\303\360\233ZPZWr\246$w\313\313\r\243r\232\2234\373\3539:N\004Q\245\272D\312D\300\300\t\323\0257\345e\271\na\215{\226\255x%T\257\037\333\004\344_/R\006E\344\037@\210\363\010\336T\226\247'\204_{\261\370""1\235\2445\343\033Y!\212\201\341\272\225'\007\t7y2\201R\010H\001l\375\310t\t\264<3~\035\230\304Gh@\204\342\325\204>\363\344T\013\003""; }; "
1750527578839,1750527578840,0,1,4,2,TMLedgerData,"ledgerHash: ""\361\035\301\024\220m#*\372\032\3178~\374\250\014*\323\342'z69\220\327\256\351G\367\317u\302""; ledgerSeq: 10; type: liAS_NODE; nodes {;   nodedata: ""\021\000h""\000\000\000\000 \033\000\000\000\t\002\023\301\177\330\356GuH\375\327!\255\371\r\231\262R\256J\034\222\241\355X\265E\241^W\225\304\014\361CX-}\351f\032\255\274\334m\326c\017\014ao[\342\230\003\245\245\3341Hm\326^\017jy\335\261\032Yt\320\244{g\0306\\302\303*\341\215\223\257\364\277o\375\000r\241SOq\221\253\262\005\017\375T\356\014\360o'\030\311-\267\031\257!\031T\006><\315XM\334\324\345\034\000\325\367\240\271\013\265\024\321\362\354\211\250.\234s\225amc\305\035\366\276\037nD\277`\210\223N\3535\033\261\304f\331]\036\237\306o!\223\221\002\324\031\262\240R\177 ,\214\325\Q])\016\2067\277\t\354\010\000\360\215\2502\265\245\310\226\243c\302Ze\306\253#r\020\211\320iG\276\020E\317\035Sf\223F\254\033@\177e\277\016\010u\327\371&\262\312\317Q\2361t\377x\234\001v\003%\030\325_\225g\204\346a=\225\273\331\354\365*U\363\263N\367b\371\244\314-w\363\262\225Z\200\206\235\233\257?sE\2674\254\326mU\377?\177Ek\336\030!\316Aa\225\303\022\377{\210Y\226\271as\354L\035\004\341\264\227\2326\315\307\363\323\325\303\032N\256*\307\327 \235\332\207u\210\271\257\306g\231i*\260\326k\001"";   nodeid: ""\260\000\000\000\000\000\000\000\000\000\000\000\000\000\000\000\000\000\000\000\000\000\000\000\000\000\000\000\000\000\000\000\001""; }; ","ledgerHash: ""\361\035\301\024\220m#*\372\032\3178~\374\250\014*\323\342'z69\220\327\256\351G\367\317u\302""; ledgerSeq: 10; type: liAS_NODE; nodes {;   nodedata: ""\021\000h""\000\000\000\000 \033\000\000\000\t\002\023\301\177\330\356GuH\375\327!\255\371\r\231\262R\256J\034\222\241\355X\265E\241^W\225\304\014\361CX-}\351f\032\255\274\334m\326c\017\014ao[\342\230\003\245\245\3341Hm\326^\017jy\335\261\032Yt\320\244{g\0306\\302\303*\341\215\223\257\364\277o\375\000r\241SOq\221\253\262\005\017\375T\356\014\360o'\030\311-\267\031\257!\031T\006><\315XM\334\324\345\034\000\325\367\240\271\013\265\024\321\362\354\211\250.\234s\225amc\305\035\366\276\037nD\277`\210\223N\3535\033\261\304f\331]\036\237\306o!\223\221\002\324\031\262\240R\177 ,\214\325\Q])\016\2067\277\t\354\010\000\360\215\2502\265\245\310\226\243c\302Ze\306\253#r\020\211\320iG\276\020E\317\035Sf\223F\254\033@\177e\277\016\010u\327\371&\262\312\317Q\2361t\377x\234\001v\003%\030\325_\225g\204\346a=\225\273\331\354\365*U\363\263N\367b\371\244\314-w\363\262\225Z\200\206\235\233\257?sE\2674\254\326mU\377?\177Ek\336\030!\316Aa\225\303\022\377{\210Y\226\271as\354L\035\004\341\264\227\2326\315\307\363\323\325\303\032N\256*\307\327 \235\332\207u\210\271\257\306g\231i*\260\326k\001"";   nodeid: ""\260\000\000\000\000\000\000\000\000\000\000\000\000\000\000\000\000\000\000\000\000\000\000\000\000\000\000\000\000\000\000\000\001""; }; "
1750527578935,1750527578935,0,1,3,2,TMLedgerData,"ledgerHash: ""\207\270b\315\333\333\334\310I\323&\014\352XZnW2.\335\347\202\021\247\362\212e\034\000\001\250\220""; ledgerSeq: 11; type: liBASE; nodes {;   nodedata: ""\000\000\000\013\001cEx]\211\377\330\361\035\301\024\220m#*\372\032\3178~\374\250\014*\323\342'z69\220\327\256\351G\367\317u\302\000\000\000\000\000\000\000\000\000\000\000\000\000\000\000\000\000\000\000\000\000\000\000\000\000\000\000\000\000\000\000\000\313c\210\200\377\273\312\010\030f\372\244%*\307\272T\262\245c[\026\007_-\227VB\214\347\261\220/\351\252\323/\351\252\324\n\000""; }; nodes {;   nodedata: ""\323C\344\327\264{\312-\017:\006{\177\344N\002\326bO\260\220\006\033\362\345\005U\221DzJ0\001\301\025%1L\307\t\261\262z\374\222T\301\274V\236\223\262\270Ct\362\337b\356\024*\324\320\351\317\002k\336\234\027v\351\217\260\303\360\233ZPZWr\246$w\313\313\r\243r\232\2234\373\3539:N\004Q\245\272D\312D\300\300\t\323\0257\345e\271\na\215{\226\255x%T\257\037\333\004\344_/R\006E\344\037@\210\363\010\336T\226\247'\204_{\261\370""1\235\2445\343\033Y!\212\201\341\272\225'\007\t7y2\201R\010H\001l\375\310t\t\264<3~\035\230\304Gh@\204\342\325\204>\363\344T\013\003""; }; requestCookie: 3; ","ledgerHash: ""\207\270b\315\333\333\334\310I\323&\014\352XZnW2.\335\347\202\021\247\362\212e\034\000\001\250\220""; ledgerSeq: 11; type: liBASE; nodes {;   nodedata: ""\000\000\000\013\001cEx]\211\377\330\361\035\301\024\220m#*\372\032\3178~\374\250\014*\323\342'z69\220\327\256\351G\367\317u\302\000\000\000\000\000\000\000\000\000\000\000\000\000\000\000\000\000\000\000\000\000\000\000\000\000\000\000\000\000\000\000\000\313c\210\200\377\273\312\010\030f\372\244%*\307\272T\262\245c[\026\007_-\227VB\214\347\261\220/\351\252\323/\351\252\324\n\000""; }; nodes {;   nodedata: ""\323C\344\327\264{\312-\017:\006{\177\344N\002\326bO\260\220\006\033\362\345\005U\221DzJ0\001\301\025%1L\307\t\261\262z\374\222T\301\274V\236\223\262\270Ct\362\337b\356\024*\324\320\351\317\002k\336\234\027v\351\217\260\303\360\233ZPZWr\246$w\313\313\r\243r\232\2234\373\3539:N\004Q\245\272D\312D\300\300\t\323\0257\345e\271\na\215{\226\255x%T\257\037\333\004\344_/R\006E\344\037@\210\363\010\336T\226\247'\204_{\261\370""1\235\2445\343\033Y!\212\201\341\272\225'\007\t7y2\201R\010H\001l\375\310t\t\264<3~\035\230\304Gh@\204\342\325\204>\363\344T\013\003""; }; requestCookie: 3; "
1750527578937,1750527578937,0,1,2,1,TMLedgerData,"ledgerHash: ""\207\270b\315\333\333\334\310I\323&\014\352XZnW2.\335\347\202\021\247\362\212e\034\000\001\250\220""; ledgerSeq: 11; type: liBASE; nodes {;   nodedata: ""\000\000\000\013\001cEx]\211\377\330\361\035\301\024\220m#*\372\032\3178~\374\250\014*\323\342'z69\220\327\256\351G\367\317u\302\000\000\000\000\000\000\000\000\000\000\000\000\000\000\000\000\000\000\000\000\000\000\000\000\000\000\000\000\000\000\000\000\313c\210\200\377\273\312\010\030f\372\244%*\307\272T\262\245c[\026\007_-\227VB\214\347\261\220/\351\252\323/\351\252\324\n\000""; }; nodes {;   nodedata: ""\323C\344\327\264{\312-\017:\006{\177\344N\002\326bO\260\220\006\033\362\345\005U\221DzJ0\001\301\025%1L\307\t\261\262z\374\222T\301\274V\236\223\262\270Ct\362\337b\356\024*\324\320\351\317\002k\336\234\027v\351\217\260\303\360\233ZPZWr\246$w\313\313\r\243r\232\2234\373\3539:N\004Q\245\272D\312D\300\300\t\323\0257\345e\271\na\215{\226\255x%T\257\037\333\004\344_/R\006E\344\037@\210\363\010\336T\226\247'\204_{\261\370""1\235\2445\343\033Y!\212\201\341\272\225'\007\t7y2\201R\010H\001l\375\310t\t\264<3~\035\230\304Gh@\204\342\325\204>\363\344T\013\003""; }; ","ledgerHash: ""\207\270b\315\333\333\334\310I\323&\014\352XZnW2.\335\347\202\021\247\362\212e\034\000\001\250\220""; ledgerSeq: 11; type: liBASE; nodes {;   nodedata: ""\000\000\000\013\001cEx]\211\377\330\361\035\301\024\220m#*\372\032\3178~\374\250\014*\323\342'z69\220\327\256\351G\367\317u\302\000\000\000\000\000\000\000\000\000\000\000\000\000\000\000\000\000\000\000\000\000\000\000\000\000\000\000\000\000\000\000\000\313c\210\200\377\273\312\010\030f\372\244%*\307\272T\262\245c[\026\007_-\227VB\214\347\261\220/\351\252\323/\351\252\324\n\000""; }; nodes {;   nodedata: ""\323C\344\327\264{\312-\017:\006{\177\344N\002\326bO\260\220\006\033\362\345\005U\221DzJ0\001\301\025%1L\307\t\261\262z\374\222T\301\274V\236\223\262\270Ct\362\337b\356\024*\324\320\351\317\002k\336\234\027v\351\217\260\303\360\233ZPZWr\246$w\313\313\r\243r\232\2234\373\3539:N\004Q\245\272D\312D\300\300\t\323\0257\345e\271\na\215{\226\255x%T\257\037\333\004\344_/R\006E\344\037@\210\363\010\336T\226\247'\204_{\261\370""1\235\2445\343\033Y!\212\201\341\272\225'\007\t7y2\201R\010H\001l\375\310t\t\264<3~\035\230\304Gh@\204\342\325\204>\363\344T\013\003""; }; "
1750527578950,1750527578950,0,1,3,1,TMLedgerData,"ledgerHash: ""4\254\326mU\377?\177Ek\336\030!\316Aa\225\303\022\377{\210Y\226\271as\354L\035\004\341""; ledgerSeq: 9; type: liBASE; nodes {;   nodedata: ""\000\000\000\t\001cEx]\211\377\330a=\225\273\331\354\365*U\363\263N\367b\371\244\314-w\363\262\225Z\200\206\235\233\257?sE\267\000\000\000\000\000\000\000\000\000\000\000\000\000\000\000\000\000\000\000\000\000\000\000\000\000\000\000\000\000\000\000\000\260a9Y\354\267&\263\302xao\033\354\317\022\231\273\315\035\270\2649/W\340\016\240\027y\000Y/\351\252\310/\351\252\322\n\000""; }; nodes {;   nodedata: ""\323C\344\327\264{\312-\017:\006{\177\344N\002\326bO\260\220\006\033\362\345\005U\221DzJ0\001\301\025%1L\307\t\261\262z\374\222T\301\274V\236\223\262\270Ct\362\337b\356\024*\324\320\351\317\002k\336\234\027v\351\217\260\303\360\233ZPZWr\246$w\313\313\r\243r\232\2234\373\3539:N\004Q\245\272D\312D\300\300\t\323\0257\345e\271\na\215{\226\255x%T\257\037\333\004\344_/R\006E\344\037@\210\363\010\336T\226\247'\204_{\261\370""1\235\2445\343\033Y!\212\201\341\272\225'\007\373<\tV\\372\214\276\366\000`\365\371\261\032\317\304\324\207\234\002\027\276K\312\260\250x\t\216\277\200\013\003""; }; requestCookie: 2; ","ledgerHash: ""4\254\326mU\377?\177Ek\336\030!\316Aa\225\303\022\377{\210Y\226\271as\354L\035\004\341""; ledgerSeq: 9; type: liBASE; nodes {;   nodedata: ""\000\000\000\t\001cEx]\211\377\330a=\225\273\331\354\365*U\363\263N\367b\371\244\314-w\363\262\225Z\200\206\235\233\257?sE\267\000\000\000\000\000\000\000\000\000\000\000\000\000\000\000\000\000\000\000\000\000\000\000\000\000\000\000\000\000\000\000\000\260a9Y\354\267&\263\302xao\033\354\317\022\231\273\315\035\270\2649/W\340\016\240\027y\000Y/\351\252\310/\351\252\322\n\000""; }; nodes {;   nodedata: ""\323C\344\327\264{\312-\017:\006{\177\344N\002\326bO\260\220\006\033\362\345\005U\221DzJ0\001\301\025%1L\307\t\261\262z\374\222T\301\274V\236\223\262\270Ct\362\337b\356\024*\324\320\351\317\002k\336\234\027v\351\217\260\303\360\233ZPZWr\246$w\313\313\r\243r\232\2234\373\3539:N\004Q\245\272D\312D\300\300\t\323\0257\345e\271\na\215{\226\255x%T\257\037\333\004\344_/R\006E\344\037@\210\363\010\336T\226\247'\204_{\261\370""1\235\2445\343\033Y!\212\201\341\272\225'\007\373<\tV\\372\214\276\366\000`\365\371\261\032\317\304\324\207\234\002\027\276K\312\260\250x\t\216\277\200\013\003""; }; requestCookie: 2; "
1750527578952,1750527578952,0,1,1,0,TMLedgerData,"ledgerHash: ""4\254\326mU\377?\177Ek\336\030!\316Aa\225\303\022\377{\210Y\226\271as\354L\035\004\341""; ledgerSeq: 9; type: liBASE; nodes {;   nodedata: ""\000\000\000\t\001cEx]\211\377\330a=\225\273\331\354\365*U\363\263N\367b\371\244\314-w\363\262\225Z\200\206\235\233\257?sE\267\000\000\000\000\000\000\000\000\000\000\000\000\000\000\000\000\000\000\000\000\000\000\000\000\000\000\000\000\000\000\000\000\260a9Y\354\267&\263\302xao\033\354\317\022\231\273\315\035\270\2649/W\340\016\240\027y\000Y/\351\252\310/\351\252\322\n\000""; }; nodes {;   nodedata: ""\323C\344\327\264{\312-\017:\006{\177\344N\002\326bO\260\220\006\033\362\345\005U\221DzJ0\001\301\025%1L\307\t\261\262z\374\222T\301\274V\236\223\262\270Ct\362\337b\356\024*\324\320\351\317\002k\336\234\027v\351\217\260\303\360\233ZPZWr\246$w\313\313\r\243r\232\2234\373\3539:N\004Q\245\272D\312D\300\300\t\323\0257\345e\271\na\215{\226\255x%T\257\037\333\004\344_/R\006E\344\037@\210\363\010\336T\226\247'\204_{\261\370""1\235\2445\343\033Y!\212\201\341\272\225'\007\373<\tV\\372\214\276\366\000`\365\371\261\032\317\304\324\207\234\002\027\276K\312\260\250x\t\216\277\200\013\003""; }; ","ledgerHash: ""4\254\326mU\377?\177Ek\336\030!\316Aa\225\303\022\377{\210Y\226\271as\354L\035\004\341""; ledgerSeq: 9; type: liBASE; nodes {;   nodedata: ""\000\000\000\t\001cEx]\211\377\330a=\225\273\331\354\365*U\363\263N\367b\371\244\314-w\363\262\225Z\200\206\235\233\257?sE\267\000\000\000\000\000\000\000\000\000\000\000\000\000\000\000\000\000\000\000\000\000\000\000\000\000\000\000\000\000\000\000\000\260a9Y\354\267&\263\302xao\033\354\317\022\231\273\315\035\270\2649/W\340\016\240\027y\000Y/\351\252\310/\351\252\322\n\000""; }; nodes {;   nodedata: ""\323C\344\327\264{\312-\017:\006{\177\344N\002\326bO\260\220\006\033\362\345\005U\221DzJ0\001\301\025%1L\307\t\261\262z\374\222T\301\274V\236\223\262\270Ct\362\337b\356\024*\324\320\351\317\002k\336\234\027v\351\217\260\303\360\233ZPZWr\246$w\313\313\r\243r\232\2234\373\3539:N\004Q\245\272D\312D\300\300\t\323\0257\345e\271\na\215{\226\255x%T\257\037\333\004\344_/R\006E\344\037@\210\363\010\336T\226\247'\204_{\261\370""1\235\2445\343\033Y!\212\201\341\272\225'\007\373<\tV\\372\214\276\366\000`\365\371\261\032\317\304\324\207\234\002\027\276K\312\260\250x\t\216\277\200\013\003""; }; "
1750527578993,1750527578994,0,1,4,1,TMLedgerData,"ledgerHash: ""\361\035\301\024\220m#*\372\032\3178~\374\250\014*\323\342'z69\220\327\256\351G\367\317u\302""; ledgerSeq: 10; type: liBASE; nodes {;   nodedata: ""\000\000\000\n\001cEx]\211\377\3304\254\326mU\377?\177Ek\336\030!\316Aa\225\303\022\377{\210Y\226\271as\354L\035\004\341\000\000\000\000\000\000\000\000\000\000\000\000\000\000\000\000\000\000\000\000\000\000\000\000\000\000\000\000\000\000\000\000\254\245\205(\333\232|\316\344\256\352g\326\377\207\201\343}F-uI:<\316[sh\026\205\0031/\351\252\322/\351\252\323\n\000""; }; nodes {;   nodedata: ""\323C\344\327\264{\312-\017:\006{\177\344N\002\326bO\260\220\006\033\362\345\005U\221DzJ0\001\301\025%1L\307\t\261\262z\374\222T\301\274V\236\223\262\270Ct\362\337b\356\024*\324\320\351\317\002k\336\234\027v\351\217\260\303\360\233ZPZWr\246$w\313\313\r\243r\232\2234\373\3539:N\004Q\245\272D\312D\300\300\t\323\0257\345e\271\na\215{\226\255x%T\257\037\333\004\344_/R\006E\344\037@\210\363\010\336T\226\247'\204_{\261\370""1\235\2445\343\033Y!\212\201\341\272\225'\007o""\025\223n_\364\354#\3206\344&\233Q\177y\227\265&\014\312\302\336\221\221\013m(`\236\007\013\003""; }; requestCookie: 2; ","ledgerHash: ""\361\035\301\024\220m#*\372\032\3178~\374\250\014*\323\342'z69\220\327\256\351G\367\317u\302""; ledgerSeq: 10; type: liBASE; nodes {;   nodedata: ""\000\000\000\n\001cEx]\211\377\3304\254\326mU\377?\177Ek\336\030!\316Aa\225\303\022\377{\210Y\226\271as\354L\035\004\341\000\000\000\000\000\000\000\000\000\000\000\000\000\000\000\000\000\000\000\000\000\000\000\000\000\000\000\000\000\000\000\000\254\245\205(\333\232|\316\344\256\352g\326\377\207\201\343}F-uI:<\316[sh\026\205\0031/\351\252\322/\351\252\323\n\000""; }; nodes {;   nodedata: ""\323C\344\327\264{\312-\017:\006{\177\344N\002\326bO\260\220\006\033\362\345\005U\221DzJ0\001\301\025%1L\307\t\261\262z\374\222T\301\274V\236\223\262\270Ct\362\337b\356\024*\324\320\351\317\002k\336\234\027v\351\217\260\303\360\233ZPZWr\246$w\313\313\r\243r\232\2234\373\3539:N\004Q\245\272D\312D\300\300\t\323\0257\345e\271\na\215{\226\255x%T\257\037\333\004\344_/R\006E\344\037@\210\363\010\336T\226\247'\204_{\261\370""1\235\2445\343\033Y!\212\201\341\272\225'\007o""\025\223n_\364\354#\3206\344&\233Q\177y\227\265&\014\312\302\336\221\221\013m(`\236\007\013\003""; }; requestCookie: 2; "
1750527578995,1750527578995,0,1,1,0,TMLedgerData,"ledgerHash: ""\361\035\301\024\220m#*\372\032\3178~\374\250\014*\323\342'z69\220\327\256\351G\367\317u\302""; ledgerSeq: 10; type: liBASE; nodes {;   nodedata: ""\000\000\000\n\001cEx]\211\377\3304\254\326mU\377?\177Ek\336\030!\316Aa\225\303\022\377{\210Y\226\271as\354L\035\004\341\000\000\000\000\000\000\000\000\000\000\000\000\000\000\000\000\000\000\000\000\000\000\000\000\000\000\000\000\000\000\000\000\254\245\205(\333\232|\316\344\256\352g\326\377\207\201\343}F-uI:<\316[sh\026\205\0031/\351\252\322/\351\252\323\n\000""; }; nodes {;   nodedata: ""\323C\344\327\264{\312-\017:\006{\177\344N\002\326bO\260\220\006\033\362\345\005U\221DzJ0\001\301\025%1L\307\t\261\262z\374\222T\301\274V\236\223\262\270Ct\362\337b\356\024*\324\320\351\317\002k\336\234\027v\351\217\260\303\360\233ZPZWr\246$w\313\313\r\243r\232\2234\373\3539:N\004Q\245\272D\312D\300\300\t\323\0257\345e\271\na\215{\226\255x%T\257\037\333\004\344_/R\006E\344\037@\210\363\010\336T\226\247'\204_{\261\370""1\235\2445\343\033Y!\212\201\341\272\225'\007o""\025\223n_\364\354#\3206\344&\233Q\177y\227\265&\014\312\302\336\221\221\013m(`\236\007\013\003""; }; ","ledgerHash: ""\361\035\301\024\220m#*\372\032\3178~\374\250\014*\323\342'z69\220\327\256\351G\367\317u\302""; ledgerSeq: 10; type: liBASE; nodes {;   nodedata: ""\000\000\000\n\001cEx]\211\377\3304\254\326mU\377?\177Ek\336\030!\316Aa\225\303\022\377{\210Y\226\271as\354L\035\004\341\000\000\000\000\000\000\000\000\000\000\000\000\000\000\000\000\000\000\000\000\000\000\000\000\000\000\000\000\000\000\000\000\254\245\205(\333\232|\316\344\256\352g\326\377\207\201\343}F-uI:<\316[sh\026\205\0031/\351\252\322/\351\252\323\n\000""; }; nodes {;   nodedata: ""\323C\344\327\264{\312-\017:\006{\177\344N\002\326bO\260\220\006\033\362\345\005U\221DzJ0\001\301\025%1L\307\t\261\262z\374\222T\301\274V\236\223\262\270Ct\362\337b\356\024*\324\320\351\317\002k\336\234\027v\351\217\260\303\360\233ZPZWr\246$w\313\313\r\243r\232\2234\373\3539:N\004Q\245\272D\312D\300\300\t\323\0257\345e\271\na\215{\226\255x%T\257\037\333\004\344_/R\006E\344\037@\210\363\010\336T\226\247'\204_{\261\370""1\235\2445\343\033Y!\212\201\341\272\225'\007o""\025\223n_\364\354#\3206\344&\233Q\177y\227\265&\014\312\302\336\221\221\013m(`\236\007\013\003""; }; "
1750527579242,1750527579243,0,1,3,1,TMLedgerData,"ledgerHash: ""\361\035\301\024\220m#*\372\032\3178~\374\250\014*\323\342'z69\220\327\256\351G\367\317u\302""; ledgerSeq: 10; type: liAS_NODE; nodes {;   nodedata: ""\021\000h""\000\000\000\000 \033\000\000\000\t\002\023\301\177\330\356GuH\375\327!\255\371\r\231\262R\256J\034\222\241\355X\265E\241^W\225\304\014\361CX-}\351f\032\255\274\334m\326c\017\014ao[\342\230\003\245\245\3341Hm\326^\017jy\335\261\032Yt\320\244{g\0306\\302\303*\341\215\223\257\364\277o\375\000r\241SOq\221\253\262\005\017\375T\356\014\360o'\030\311-\267\031\257!\031T\006><\315XM\334\324\345\034\000\325\367\240\271\013\265\024\321\362\354\211\250.\234s\225amc\305\035\366\276\037nD\277`\210\223N\3535\033\261\304f\331]\036\237\306o!\223\221\002\324\031\262\240R\177 ,\214\325\Q])\016\2067\277\t\354\010\000\360\215\2502\265\245\310\226\243c\302Ze\306\253#r\020\211\320iG\276\020E\317\035Sf\223F\254\033@\177e\277\016\010u\327\371&\262\312\317Q\2361t\377x\234\001v\003%\030\325_\225g\204\346a=\225\273\331\354\365*U\363\263N\367b\371\244\314-w\363\262\225Z\200\206\235\233\257?sE\2674\254\326mU\377?\177Ek\336\030!\316Aa\225\303\022\377{\210Y\226\271as\354L\035\004\341\264\227\2326\315\307\363\323\325\303\032N\256*\307\327 \235\332\207u\210\271\257\306g\231i*\260\326k\001"";   nodeid: ""\260\000\000\000\000\000\000\000\000\000\000\000\000\000\000\000\000\000\000\000\000\000\000\000\000\000\000\000\000\000\000\000\001""; }; ","ledgerHash: ""\361\035\301\024\220m#*\372\032\3178~\374\250\014*\323\342'z69\220\327\256\351G\367\317u\302""; ledgerSeq: 10; type: liAS_NODE; nodes {;   nodedata: ""\021\000h""\000\000\000\000 \033\000\000\000\t\002\023\301\177\330\356GuH\375\327!\255\371\r\231\262R\256J\034\222\241\355X\265E\241^W\225\304\014\361CX-}\351f\032\255\274\334m\326c\017\014ao[\342\230\003\245\245\3341Hm\326^\017jy\335\261\032Yt\320\244{g\0306\\302\303*\341\215\223\257\364\277o\375\000r\241SOq\221\253\262\005\017\375T\356\014\360o'\030\311-\267\031\257!\031T\006><\315XM\334\324\345\034\000\325\367\240\271\013\265\024\321\362\354\211\250.\234s\225amc\305\035\366\276\037nD\277`\210\223N\3535\033\261\304f\331]\036\237\306o!\223\221\002\324\031\262\240R\177 ,\214\325\Q])\016\2067\277\t\354\010\000\360\215\2502\265\245\310\226\243c\302Ze\306\253#r\020\211\320iG\276\020E\317\035Sf\223F\254\033@\177e\277\016\010u\327\371&\262\312\317Q\2361t\377x\234\001v\003%\030\325_\225g\204\346a=\225\273\331\354\365*U\363\263N\367b\371\244\314-w\363\262\225Z\200\206\235\233\257?sE\2674\254\326mU\377?\177Ek\336\030!\316Aa\225\303\022\377{\210Y\226\271as\354L\035\004\341\264\227\2326\315\307\363\323\325\303\032N\256*\307\327 \235\332\207u\210\271\257\306g\231i*\260\326k\001"";   nodeid: ""\260\000\000\000\000\000\000\000\000\000\000\000\000\000\000\000\000\000\000\000\000\000\000\000\000\000\000\000\000\000\000\000\001""; }; "
1750527579359,1750527579359,0,1,0,1,TMLedgerData,"ledgerHash: ""\207\270b\315\333\333\334\310I\323&\014\352XZnW2.\335\347\202\021\247\362\212e\034\000\001\250\220""; ledgerSeq: 11; type: liBASE; nodes {;   nodedata: ""\000\000\000\013\001cEx]\211\377\330\361\035\301\024\220m#*\372\032\3178~\374\250\014*\323\342'z69\220\327\256\351G\367\317u\302\000\000\000\000\000\000\000\000\000\000\000\000\000\000\000\000\000\000\000\000\000\000\000\000\000\000\000\000\000\000\000\000\313c\210\200\377\273\312\010\030f\372\244%*\307\272T\262\245c[\026\007_-\227VB\214\347\261\220/\351\252\323/\351\252\324\n\000""; }; nodes {;   nodedata: ""\323C\344\327\264{\312-\017:\006{\177\344N\002\326bO\260\220\006\033\362\345\005U\221DzJ0\001\301\025%1L\307\t\261\262z\374\222T\301\274V\236\223\262\270Ct\362\337b\356\024*\324\320\351\317\002k\336\234\027v\351\217\260\303\360\233ZPZWr\246$w\313\313\r\243r\232\2234\373\3539:N\004Q\245\272D\312D\300\300\t\323\0257\345e\271\na\215{\226\255x%T\257\037\333\004\344_/R\006E\344\037@\210\363\010\336T\226\247'\204_{\261\370""1\235\2445\343\033Y!\212\201\341\272\225'\007\t7y2\201R\010H\001l\375\310t\t\264<3~\035\230\304Gh@\204\342\325\204>\363\344T\013\003""; }; ","ledgerHash: ""\207\270b\315\333\333\334\310I\323&\014\352XZnW2.\335\347\202\021\247\362\212e\034\000\001\250\220""; ledgerSeq: 11; type: liBASE; nodes {;   nodedata: ""\000\000\000\013\001cEx]\211\377\330\361\035\301\024\220m#*\372\032\3178~\374\250\014*\323\342'z69\220\327\256\351G\367\317u\302\000\000\000\000\000\000\000\000\000\000\000\000\000\000\000\000\000\000\000\000\000\000\000\000\000\000\000\000\000\000\000\000\313c\210\200\377\273\312\010\030f\372\244%*\307\272T\262\245c[\026\007_-\227VB\214\347\261\220/\351\252\323/\351\252\324\n\000""; }; nodes {;   nodedata: ""\323C\344\327\264{\312-\017:\006{\177\344N\002\326bO\260\220\006\033\362\345\005U\221DzJ0\001\301\025%1L\307\t\261\262z\374\222T\301\274V\236\223\262\270Ct\362\337b\356\024*\324\320\351\317\002k\336\234\027v\351\217\260\303\360\233ZPZWr\246$w\313\313\r\243r\232\2234\373\3539:N\004Q\245\272D\312D\300\300\t\323\0257\345e\271\na\215{\226\255x%T\257\037\333\004\344_/R\006E\344\037@\210\363\010\336T\226\247'\204_{\261\370""1\235\2445\343\033Y!\212\201\341\272\225'\007\t7y2\201R\010H\001l\375\310t\t\264<3~\035\230\304Gh@\204\342\325\204>\363\344T\013\003""; }; "
1750527579401,1750527579401,0,1,0,1,TMLedgerData,"ledgerHash: ""\305;a\314\265R\310\017\317\331\235\360\262\240:\277\202\266\354\265X""\022\nh\252\352w\204\203\023]""; ledgerSeq: 12; type: liBASE; nodes {;   nodedata: ""\000\000\000\014\001cEx]\211\377\330\207\270b\315\333\333\334\310I\323&\014\352XZnW2.\335\347\202\021\247\362\212e\034\000\001\250\220\000\000\000\000\000\000\000\000\000\000\000\000\000\000\000\000\000\000\000\000\000\000\000\000\000\000\000\000\000\000\000\000\013\352\370t\247W\026\374\353\033\001\rV\340""I\n\377\304&V\200&\306\020\224i\257z\327>\355/\351\252\324/\351\252\325\n\000""; }; nodes {;   nodedata: ""\323C\344\327\264{\312-\017:\006{\177\344N\002\326bO\260\220\006\033\362\345\005U\221DzJ0\001\301\025%1L\307\t\261\262z\374\222T\301\274V\236\223\262\270Ct\362\337b\356\024*\324\320\351\317\002k\336\234\027v\351\217\260\303\360\233ZPZWr\246$w\313\313\r\243r\232\2234\373\3539:N\004Q\245\272D\312D\300\300\t\323\0257\345e\271\na\215{\226\255x%T\257\037\333\004\344_/R\006E\344\037@\210\363\010\336T\226\247'\204_{\261\370""1\235\2445\343\033Y!\212\201\341\272\225'\007\252$\232m\027\215\243\234\266\6+r\213\264K\307,\347\275\343\363\375L?5\243\234\232\374\357\232\013\003""; }; ","ledgerHash: ""\305;a\314\265R\310\017\317\331\235\360\262\240:\277\202\266\354\265X""\022\nh\252\352w\204\203\023]""; ledgerSeq: 12; type: liBASE; nodes {;   nodedata: ""\000\000\000\014\001cEx]\211\377\330\207\270b\315\333\333\334\310I\323&\014\352XZnW2.\335\347\202\021\247\362\212e\034\000\001\250\220\000\000\000\000\000\000\000\000\000\000\000\000\000\000\000\000\000\000\000\000\000\000\000\000\000\000\000\000\000\000\000\000\013\352\370t\247W\026\374\353\033\001\rV\340""I\n\377\304&V\200&\306\020\224i\257z\327>\355/\351\252\324/\351\252\325\n\000""; }; nodes {;   nodedata: ""\323C\344\327\264{\312-\017:\006{\177\344N\002\326bO\260\220\006\033\362\345\005U\221DzJ0\001\301\025%1L\307\t\261\262z\374\222T\301\274V\236\223\262\270Ct\362\337b\356\024*\324\320\351\317\002k\336\234\027v\351\217\260\303\360\233ZPZWr\246$w\313\313\r\243r\232\2234\373\3539:N\004Q\245\272D\312D\300\300\t\323\0257\345e\271\na\215{\226\255x%T\257\037\333\004\344_/R\006E\344\037@\210\363\010\336T\226\247'\204_{\261\370""1\235\2445\343\033Y!\212\201\341\272\225'\007\252$\232m\027\215\243\234\266\6+r\213\264K\307,\347\275\343\363\375L?5\243\234\232\374\357\232\013\003""; }; "
1750527579401,1750527579401,0,1,0,1,TMLedgerData,"ledgerHash: ""\305;a\314\265R\310\017\317\331\235\360\262\240:\277\202\266\354\265X""\022\nh\252\352w\204\203\023]""; ledgerSeq: 12; type: liBASE; nodes {;   nodedata: ""\000\000\000\014\001cEx]\211\377\330\207\270b\315\333\333\334\310I\323&\014\352XZnW2.\335\347\202\021\247\362\212e\034\000\001\250\220\000\000\000\000\000\000\000\000\000\000\000\000\000\000\000\000\000\000\000\000\000\000\000\000\000\000\000\000\000\000\000\000\013\352\370t\247W\026\374\353\033\001\rV\340""I\n\377\304&V\200&\306\020\224i\257z\327>\355/\351\252\324/\351\252\325\n\000""; }; nodes {;   nodedata: ""\323C\344\327\264{\312-\017:\006{\177\344N\002\326bO\260\220\006\033\362\345\005U\221DzJ0\001\301\025%1L\307\t\261\262z\374\222T\301\274V\236\223\262\270Ct\362\337b\356\024*\324\320\351\317\002k\336\234\027v\351\217\260\303\360\233ZPZWr\246$w\313\313\r\243r\232\2234\373\3539:N\004Q\245\272D\312D\300\300\t\323\0257\345e\271\na\215{\226\255x%T\257\037\333\004\344_/R\006E\344\037@\210\363\010\336T\226\247'\204_{\261\370""1\235\2445\343\033Y!\212\201\341\272\225'\007\252$\232m\027\215\243\234\266\6+r\213\264K\307,\347\275\343\363\375L?5\243\234\232\374\357\232\013\003""; }; ","ledgerHash: ""\305;a\314\265R\310\017\317\331\235\360\262\240:\277\202\266\354\265X""\022\nh\252\352w\204\203\023]""; ledgerSeq: 12; type: liBASE; nodes {;   nodedata: ""\000\000\000\014\001cEx]\211\377\330\207\270b\315\333\333\334\310I\323&\014\352XZnW2.\335\347\202\021\247\362\212e\034\000\001\250\220\000\000\000\000\000\000\000\000\000\000\000\000\000\000\000\000\000\000\000\000\000\000\000\000\000\000\000\000\000\000\000\000\013\352\370t\247W\026\374\353\033\001\rV\340""I\n\377\304&V\200&\306\020\224i\257z\327>\355/\351\252\324/\351\252\325\n\000""; }; nodes {;   nodedata: ""\323C\344\327\264{\312-\017:\006{\177\344N\002\326bO\260\220\006\033\362\345\005U\221DzJ0\001\301\025%1L\307\t\261\262z\374\222T\301\274V\236\223\262\270Ct\362\337b\356\024*\324\320\351\317\002k\336\234\027v\351\217\260\303\360\233ZPZWr\246$w\313\313\r\243r\232\2234\373\3539:N\004Q\245\272D\312D\300\300\t\323\0257\345e\271\na\215{\226\255x%T\257\037\333\004\344_/R\006E\344\037@\210\363\010\336T\226\247'\204_{\261\370""1\235\2445\343\033Y!\212\201\341\272\225'\007\252$\232m\027\215\243\234\266\6+r\213\264K\307,\347\275\343\363\375L?5\243\234\232\374\357\232\013\003""; }; "
1750527579426,1750527579426,0,1,3,4,TMStatusChange,"newEvent: neACCEPTED_LEDGER; ledgerSeq: 13; ledgerHash: ""\001f\352\277\0031Q]\362\370R\350{\261\202\240\344\215\201\353\276\322p5p\350\354\017>\250r\241""; ledgerHashPrevious: ""\305;a\314\265R\310\017\317\331\235\360\262\240:\277\202\266\354\265X""\022\nh\252\352w\204\203\023]""; networkTime: 803842779; firstSeq: 1; lastSeq: 12; ","newEvent: neACCEPTED_LEDGER; ledgerSeq: 13; ledgerHash: ""\001f\352\277\0031Q]\362\370R\350{\261\202\240\344\215\201\353\276\322p5p\350\354\017>\250r\241""; ledgerHashPrevious: ""\305;a\314\265R\310\017\317\331\235\360\262\240:\277\202\266\354\265X""\022\nh\252\352w\204\203\023]""; networkTime: 803842779; firstSeq: 1; lastSeq: 12; "
1750527579427,1750527579427,0,1,3,1,TMValidation,"validation: """"\200\000\000\001&\000\000\000\r)/\351\252\333:p\210\265\307-\212\200\004Q\001f\352\277\0031Q]\362\370R\350{\261\202\240\344\215\201\353\276\322p5p\350\354\017>\250r\241P\027\000\000\000\000\000\000\000\000\000\000\000\000\000\000\000\000\000\000\000\000\000\000\000\000\000\000\000\000\000\000\000\000P\031\305;a\314\265R\310\017\317\331\235\360\262\240:\277\202\266\354\265X""\022\nh\252\352w\204\203\023]s!\002\364d\217\366\217|\316F\232\231\241\n\261\333`\312O\367\235\025DD\336e\367\n\312\326\221\037\025\230vF0D\002 6[s}\221x/dPS\266\372\255\317\242\212\337\275a\361n\375)a+""\t\3265\306\312\224\002 p \037\300\364\326\244\n\204,\317c\275\256\337\306\213Y4I\235\367\3023\262\336\rj\245\302M7""; ","validation: """"\200\000\000\001&\000\000\000\r)/\351\252\333:p\210\265\307-\212\200\004Q\001f\352\277\0031Q]\362\370R\350{\261\202\240\344\215\201\353\276\322p5p\350\354\017>\250r\241P\027\000\000\000\000\000\000\000\000\000\000\000\000\000\000\000\000\000\000\000\000\000\000\000\000\000\000\000\000\000\000\000\000P\031\305;a\314\265R\310\017\317\331\235\360\262\240:\277\202\266\354\265X""\022\nh\252\352w\204\203\023]s!\002\364d\217\366\217|\316F\232\231\241\n\261\333`\312O\367\235\025DD\336e\367\n\312\326\221\037\025\230vF0D\002 6[s}\221x/dPS\266\372\255\317\242\212\337\275a\361n\375)a+""\t\3265\306\312\224\002 p \037\300\364\326\244\n\204,\317c\275\256\337\306\213Y4I\235\367\3023\262\336\rj\245\302M7""; "
1750527579428,1750527579428,0,1,3,1,TMStatusChange,"newEvent: neACCEPTED_LEDGER; ledgerSeq: 13; ledgerHash: ""\001f\352\277\0031Q]\362\370R\350{\261\202\240\344\215\201\353\276\322p5p\350\354\017>\250r\241""; ledgerHashPrevious: ""\305;a\314\265R\310\017\317\331\235\360\262\240:\277\202\266\354\265X""\022\nh\252\352w\204\203\023]""; networkTime: 803842779; firstSeq: 1; lastSeq: 12; ","newEvent: neACCEPTED_LEDGER; ledgerSeq: 13; ledgerHash: ""\001f\352\277\0031Q]\362\370R\350{\261\202\240\344\215\201\353\276\322p5p\350\354\017>\250r\241""; ledgerHashPrevious: ""\305;a\314\265R\310\017\317\331\235\360\262\240:\277\202\266\354\265X""\022\nh\252\352w\204\203\023]""; networkTime: 803842779; firstSeq: 1; lastSeq: 12; "
1750527579429,1750527579429,0,1,3,4,TMValidation,"validation: """"\200\000\000\001&\000\000\000\r)/\351\252\333:p\210\265\307-\212\200\004Q\001f\352\277\0031Q]\362\370R\350{\261\202\240\344\215\201\353\276\322p5p\350\354\017>\250r\241P\027\000\000\000\000\000\000\000\000\000\000\000\000\000\000\000\000\000\000\000\000\000\000\000\000\000\000\000\000\000\000\000\000P\031\305;a\314\265R\310\017\317\331\235\360\262\240:\277\202\266\354\265X""\022\nh\252\352w\204\203\023]s!\002\364d\217\366\217|\316F\232\231\241\n\261\333`\312O\367\235\025DD\336e\367\n\312\326\221\037\025\230vF0D\002 6[s}\221x/dPS\266\372\255\317\242\212\337\275a\361n\375)a+""\t\3265\306\312\224\002 p \037\300\364\326\244\n\204,\317c\275\256\337\306\213Y4I\235\367\3023\262\336\rj\245\302M7""; ","validation: """"\200\000\000\001&\000\000\000\r)/\351\252\333:p\210\265\307-\212\200\004Q\001f\352\277\0031Q]\362\370R\350{\261\202\240\344\215\201\353\276\322p5p\350\354\017>\250r\241P\027\000\000\000\000\000\000\000\000\000\000\000\000\000\000\000\000\000\000\000\000\000\000\000\000\000\000\000\000\000\000\000\000P\031\305;a\314\265R\310\017\317\331\235\360\262\240:\277\202\266\354\265X""\022\nh\252\352w\204\203\023]s!\002\364d\217\366\217|\316F\232\231\241\n\261\333`\312O\367\235\025DD\336e\367\n\312\326\221\037\025\230vF0D\002 6[s}\221x/dPS\266\372\255\317\242\212\337\275a\361n\375)a+""\t\3265\306\312\224\002 p \037\300\364\326\244\n\204,\317c\275\256\337\306\213Y4I\235\367\3023\262\336\rj\245\302M7""; "
1750527579430,1750527579430,0,1,3,0,TMValidation,"validation: """"\200\000\000\001&\000\000\000\r)/\351\252\333:p\210\265\307-\212\200\004Q\001f\352\277\0031Q]\362\370R\350{\261\202\240\344\215\201\353\276\322p5p\350\354\017>\250r\241P\027\000\000\000\000\000\000\000\000\000\000\000\000\000\000\000\000\000\000\000\000\000\000\000\000\000\000\000\000\000\000\000\000P\031\305;a\314\265R\310\017\317\331\235\360\262\240:\277\202\266\354\265X""\022\nh\252\352w\204\203\023]s!\002\364d\217\366\217|\316F\232\231\241\n\261\333`\312O\367\235\025DD\336e\367\n\312\326\221\037\025\230vF0D\002 6[s}\221x/dPS\266\372\255\317\242\212\337\275a\361n\375)a+""\t\3265\306\312\224\002 p \037\300\364\326\244\n\204,\317c\275\256\337\306\213Y4I\235\367\3023\262\336\rj\245\302M7""; ","validation: """"\200\000\000\001&\000\000\000\r)/\351\252\333:p\210\265\307-\212\200\004Q\001f\352\277\0031Q]\362\370R\350{\261\202\240\344\215\201\353\276\322p5p\350\354\017>\250r\241P\027\000\000\000\000\000\000\000\000\000\000\000\000\000\000\000\000\000\000\000\000\000\000\000\000\000\000\000\000\000\000\000\000P\031\305;a\314\265R\310\017\317\331\235\360\262\240:\277\202\266\354\265X""\022\nh\252\352w\204\203\023]s!\002\364d\217\366\217|\316F\232\231\241\n\261\333`\312O\367\235\025DD\336e\367\n\312\326\221\037\025\230vF0D\002 6[s}\221x/dPS\266\372\255\317\242\212\337\275a\361n\375)a+""\t\3265\306\312\224\002 p \037\300\364\326\244\n\204,\317c\275\256\337\306\213Y4I\235\367\3023\262\336\rj\245\302M7""; "
1750527579430,1750527579431,0,1,3,2,TMStatusChange,"newEvent: neACCEPTED_LEDGER; ledgerSeq: 13; ledgerHash: ""\001f\352\277\0031Q]\362\370R\350{\261\202\240\344\215\201\353\276\322p5p\350\354\017>\250r\241""; ledgerHashPrevious: ""\305;a\314\265R\310\017\317\331\235\360\262\240:\277\202\266\354\265X""\022\nh\252\352w\204\203\023]""; networkTime: 803842779; firstSeq: 1; lastSeq: 12; ","newEvent: neACCEPTED_LEDGER; ledgerSeq: 13; ledgerHash: ""\001f\352\277\0031Q]\362\370R\350{\261\202\240\344\215\201\353\276\322p5p\350\354\017>\250r\241""; ledgerHashPrevious: ""\305;a\314\265R\310\017\317\331\235\360\262\240:\277\202\266\354\265X""\022\nh\252\352w\204\203\023]""; networkTime: 803842779; firstSeq: 1; lastSeq: 12; "
1750527579429,1750527579429,0,1,3,2,TMValidation,"validation: """"\200\000\000\001&\000\000\000\r)/\351\252\333:p\210\265\307-\212\200\004Q\001f\352\277\0031Q]\362\370R\350{\261\202\240\344\215\201\353\276\322p5p\350\354\017>\250r\241P\027\000\000\000\000\000\000\000\000\000\000\000\000\000\000\000\000\000\000\000\000\000\000\000\000\000\000\000\000\000\000\000\000P\031\305;a\314\265R\310\017\317\331\235\360\262\240:\277\202\266\354\265X""\022\nh\252\352w\204\203\023]s!\002\364d\217\366\217|\316F\232\231\241\n\261\333`\312O\367\235\025DD\336e\367\n\312\326\221\037\025\230vF0D\002 6[s}\221x/dPS\266\372\255\317\242\212\337\275a\361n\375)a+""\t\3265\306\312\224\002 p \037\300\364\326\244\n\204,\317c\275\256\337\306\213Y4I\235\367\3023\262\336\rj\245\302M7""; ","validation: """"\200\000\000\001&\000\000\000\r)/\351\252\333:p\210\265\307-\212\200\004Q\001f\352\277\0031Q]\362\370R\350{\261\202\240\344\215\201\353\276\322p5p\350\354\017>\250r\241P\027\000\000\000\000\000\000\000\000\000\000\000\000\000\000\000\000\000\000\000\000\000\000\000\000\000\000\000\000\000\000\000\000P\031\305;a\314\265R\310\017\317\331\235\360\262\240:\277\202\266\354\265X""\022\nh\252\352w\204\203\023]s!\002\364d\217\366\217|\316F\232\231\241\n\261\333`\312O\367\235\025DD\336e\367\n\312\326\221\037\025\230vF0D\002 6[s}\221x/dPS\266\372\255\317\242\212\337\275a\361n\375)a+""\t\3265\306\312\224\002 p \037\300\364\326\244\n\204,\317c\275\256\337\306\213Y4I\235\367\3023\262\336\rj\245\302M7""; "
1750527579432,1750527579432,0,1,3,0,TMStatusChange,"newEvent: neACCEPTED_LEDGER; ledgerSeq: 13; ledgerHash: ""\001f\352\277\0031Q]\362\370R\350{\261\202\240\344\215\201\353\276\322p5p\350\354\017>\250r\241""; ledgerHashPrevious: ""\305;a\314\265R\310\017\317\331\235\360\262\240:\277\202\266\354\265X""\022\nh\252\352w\204\203\023]""; networkTime: 803842779; firstSeq: 1; lastSeq: 12; ","newEvent: neACCEPTED_LEDGER; ledgerSeq: 13; ledgerHash: ""\001f\352\277\0031Q]\362\370R\350{\261\202\240\344\215\201\353\276\322p5p\350\354\017>\250r\241""; ledgerHashPrevious: ""\305;a\314\265R\310\017\317\331\235\360\262\240:\277\202\266\354\265X""\022\nh\252\352w\204\203\023]""; networkTime: 803842779; firstSeq: 1; lastSeq: 12; "
1750527579432,1750527579432,0,1,1,2,TMGetLedger,"itype: liBASE; ledgerHash: ""\001f\352\277\0031Q]\362\370R\350{\261\202\240\344\215\201\353\276\322p5p\350\354\017>\250r\241""; ledgerSeq: 13; ","itype: liBASE; ledgerHash: ""\001f\352\277\0031Q]\362\370R\350{\261\202\240\344\215\201\353\276\322p5p\350\354\017>\250r\241""; ledgerSeq: 13; "
1750527579432,1750527579432,0,1,1,3,TMGetLedger,"itype: liBASE; ledgerHash: ""\001f\352\277\0031Q]\362\370R\350{\261\202\240\344\215\201\353\276\322p5p\350\354\017>\250r\241""; ledgerSeq: 13; ","itype: liBASE; ledgerHash: ""\001f\352\277\0031Q]\362\370R\350{\261\202\240\344\215\201\353\276\322p5p\350\354\017>\250r\241""; ledgerSeq: 13; "
1750527579434,1750527579434,0,1,1,0,TMGetLedger,"itype: liBASE; ledgerHash: ""\001f\352\277\0031Q]\362\370R\350{\261\202\240\344\215\201\353\276\322p5p\350\354\017>\250r\241""; ledgerSeq: 13; ","itype: liBASE; ledgerHash: ""\001f\352\277\0031Q]\362\370R\350{\261\202\240\344\215\201\353\276\322p5p\350\354\017>\250r\241""; ledgerSeq: 13; "
1750527579434,1750527579434,0,1,1,0,TMGetLedger,"itype: liBASE; ledgerHash: ""\001f\352\277\0031Q]\362\370R\350{\261\202\240\344\215\201\353\276\322p5p\350\354\017>\250r\241""; ledgerSeq: 13; queryType: qtINDIRECT; ","itype: liBASE; ledgerHash: ""\001f\352\277\0031Q]\362\370R\350{\261\202\240\344\215\201\353\276\322p5p\350\354\017>\250r\241""; ledgerSeq: 13; queryType: qtINDIRECT; "
1750527579434,1750527579434,0,1,1,4,TMGetLedger,"itype: liBASE; ledgerHash: ""\001f\352\277\0031Q]\362\370R\350{\261\202\240\344\215\201\353\276\322p5p\350\354\017>\250r\241""; ledgerSeq: 13; ","itype: liBASE; ledgerHash: ""\001f\352\277\0031Q]\362\370R\350{\261\202\240\344\215\201\353\276\322p5p\350\354\017>\250r\241""; ledgerSeq: 13; "
1750527579435,1750527579435,0,1,1,0,TMValidation,"validation: """"\200\000\000\001&\000\000\000\r)/\351\252\333:p\210\265\307-\212\200\004Q\001f\352\277\0031Q]\362\370R\350{\261\202\240\344\215\201\353\276\322p5p\350\354\017>\250r\241P\027\000\000\000\000\000\000\000\000\000\000\000\000\000\000\000\000\000\000\000\000\000\000\000\000\000\000\000\000\000\000\000\000P\031\305;a\314\265R\310\017\317\331\235\360\262\240:\277\202\266\354\265X""\022\nh\252\352w\204\203\023]s!\002\364d\217\366\217|\316F\232\231\241\n\261\333`\312O\367\235\025DD\336e\367\n\312\326\221\037\025\230vF0D\002 6[s}\221x/dPS\266\372\255\317\242\212\337\275a\361n\375)a+""\t\3265\306\312\224\002 p \037\300\364\326\244\n\204,\317c\275\256\337\306\213Y4I\235\367\3023\262\336\rj\245\302M7""; ","validation: """"\200\000\000\001&\000\000\000\r)/\351\252\333:p\210\265\307-\212\200\004Q\001f\352\277\0031Q]\362\370R\350{\261\202\240\344\215\201\353\276\322p5p\350\354\017>\250r\241P\027\000\000\000\000\000\000\000\000\000\000\000\000\000\000\000\000\000\000\000\000\000\000\000\000\000\000\000\000\000\000\000\000P\031\305;a\314\265R\310\017\317\331\235\360\262\240:\277\202\266\354\265X""\022\nh\252\352w\204\203\023]s!\002\364d\217\366\217|\316F\232\231\241\n\261\333`\312O\367\235\025DD\336e\367\n\312\326\221\037\025\230vF0D\002 6[s}\221x/dPS\266\372\255\317\242\212\337\275a\361n\375)a+""\t\3265\306\312\224\002 p \037\300\364\326\244\n\204,\317c\275\256\337\306\213Y4I\235\367\3023\262\336\rj\245\302M7""; "
1750527579435,1750527579435,0,1,1,2,TMValidation,"validation: """"\200\000\000\001&\000\000\000\r)/\351\252\333:p\210\265\307-\212\200\004Q\001f\352\277\0031Q]\362\370R\350{\261\202\240\344\215\201\353\276\322p5p\350\354\017>\250r\241P\027\000\000\000\000\000\000\000\000\000\000\000\000\000\000\000\000\000\000\000\000\000\000\000\000\000\000\000\000\000\000\000\000P\031\305;a\314\265R\310\017\317\331\235\360\262\240:\277\202\266\354\265X""\022\nh\252\352w\204\203\023]s!\002\364d\217\366\217|\316F\232\231\241\n\261\333`\312O\367\235\025DD\336e\367\n\312\326\221\037\025\230vF0D\002 6[s}\221x/dPS\266\372\255\317\242\212\337\275a\361n\375)a+""\t\3265\306\312\224\002 p \037\300\364\326\244\n\204,\317c\275\256\337\306\213Y4I\235\367\3023\262\336\rj\245\302M7""; ","validation: """"\200\000\000\001&\000\000\000\r)/\351\252\333:p\210\265\307-\212\200\004Q\001f\352\277\0031Q]\362\370R\350{\261\202\240\344\215\201\353\276\322p5p\350\354\017>\250r\241P\027\000\000\000\000\000\000\000\000\000\000\000\000\000\000\000\000\000\000\000\000\000\000\000\000\000\000\000\000\000\000\000\000P\031\305;a\314\265R\310\017\317\331\235\360\262\240:\277\202\266\354\265X""\022\nh\252\352w\204\203\023]s!\002\364d\217\366\217|\316F\232\231\241\n\261\333`\312O\367\235\025DD\336e\367\n\312\326\221\037\025\230vF0D\002 6[s}\221x/dPS\266\372\255\317\242\212\337\275a\361n\375)a+""\t\3265\306\312\224\002 p \037\300\364\326\244\n\204,\317c\275\256\337\306\213Y4I\235\367\3023\262\336\rj\245\302M7""; "
1750527579435,1750527579435,0,1,1,2,TMGetLedger,"itype: liBASE; ledgerHash: ""\001f\352\277\0031Q]\362\370R\350{\261\202\240\344\215\201\353\276\322p5p\350\354\017>\250r\241""; ledgerSeq: 13; queryType: qtINDIRECT; ","itype: liBASE; ledgerHash: ""\001f\352\277\0031Q]\362\370R\350{\261\202\240\344\215\201\353\276\322p5p\350\354\017>\250r\241""; ledgerSeq: 13; queryType: qtINDIRECT; "
1750527579437,1750527579437,0,1,4,1,TMValidation,"validation: """"\200\000\000\001&\000\000\000\r)/\351\252\333:p\210\265\307-\212\200\004Q\001f\352\277\0031Q]\362\370R\350{\261\202\240\344\215\201\353\276\322p5p\350\354\017>\250r\241P\027\000\000\000\000\000\000\000\000\000\000\000\000\000\000\000\000\000\000\000\000\000\000\000\000\000\000\000\000\000\000\000\000P\031\305;a\314\265R\310\017\317\331\235\360\262\240:\277\202\266\354\265X""\022\nh\252\352w\204\203\023]s!\002\364d\217\366\217|\316F\232\231\241\n\261\333`\312O\367\235\025DD\336e\367\n\312\326\221\037\025\230vF0D\002 6[s}\221x/dPS\266\372\255\317\242\212\337\275a\361n\375)a+""\t\3265\306\312\224\002 p \037\300\364\326\244\n\204,\317c\275\256\337\306\213Y4I\235\367\3023\262\336\rj\245\302M7""; ","validation: """"\200\000\000\001&\000\000\000\r)/\351\252\333:p\210\265\307-\212\200\004Q\001f\352\277\0031Q]\362\370R\350{\261\202\240\344\215\201\353\276\322p5p\350\354\017>\250r\241P\027\000\000\000\000\000\000\000\000\000\000\000\000\000\000\000\000\000\000\000\000\000\000\000\000\000\000\000\000\000\000\000\000P\031\305;a\314\265R\310\017\317\331\235\360\262\240:\277\202\266\354\265X""\022\nh\252\352w\204\203\023]s!\002\364d\217\366\217|\316F\232\231\241\n\261\333`\312O\367\235\025DD\336e\367\n\312\326\221\037\025\230vF0D\002 6[s}\221x/dPS\266\372\255\317\242\212\337\275a\361n\375)a+""\t\3265\306\312\224\002 p \037\300\364\326\244\n\204,\317c\275\256\337\306\213Y4I\235\367\3023\262\336\rj\245\302M7""; "
1750527579437,1750527579437,0,1,1,3,TMGetLedger,"itype: liBASE; ledgerHash: ""\001f\352\277\0031Q]\362\370R\350{\261\202\240\344\215\201\353\276\322p5p\350\354\017>\250r\241""; ledgerSeq: 13; queryType: qtINDIRECT; ","itype: liBASE; ledgerHash: ""\001f\352\277\0031Q]\362\370R\350{\261\202\240\344\215\201\353\276\322p5p\350\354\017>\250r\241""; ledgerSeq: 13; queryType: qtINDIRECT; "
1750527579438,1750527579438,0,1,4,2,TMValidation,"validation: """"\200\000\000\001&\000\000\000\r)/\351\252\333:p\210\265\307-\212\200\004Q\001f\352\277\0031Q]\362\370R\350{\261\202\240\344\215\201\353\276\322p5p\350\354\017>\250r\241P\027\000\000\000\000\000\000\000\000\000\000\000\000\000\000\000\000\000\000\000\000\000\000\000\000\000\000\000\000\000\000\000\000P\031\305;a\314\265R\310\017\317\331\235\360\262\240:\277\202\266\354\265X""\022\nh\252\352w\204\203\023]s!\002\364d\217\366\217|\316F\232\231\241\n\261\333`\312O\367\235\025DD\336e\367\n\312\326\221\037\025\230vF0D\002 6[s}\221x/dPS\266\372\255\317\242\212\337\275a\361n\375)a+""\t\3265\306\312\224\002 p \037\300\364\326\244\n\204,\317c\275\256\337\306\213Y4I\235\367\3023\262\336\rj\245\302M7""; ","validation: """"\200\000\000\001&\000\000\000\r)/\351\252\333:p\210\265\307-\212\200\004Q\001f\352\277\0031Q]\362\370R\350{\261\202\240\344\215\201\353\276\322p5p\350\354\017>\250r\241P\027\000\000\000\000\000\000\000\000\000\000\000\000\000\000\000\000\000\000\000\000\000\000\000\000\000\000\000\000\000\000\000\000P\031\305;a\314\265R\310\017\317\331\235\360\262\240:\277\202\266\354\265X""\022\nh\252\352w\204\203\023]s!\002\364d\217\366\217|\316F\232\231\241\n\261\333`\312O\367\235\025DD\336e\367\n\312\326\221\037\025\230vF0D\002 6[s}\221x/dPS\266\372\255\317\242\212\337\275a\361n\375)a+""\t\3265\306\312\224\002 p \037\300\364\326\244\n\204,\317c\275\256\337\306\213Y4I\235\367\3023\262\336\rj\245\302M7""; "
1750527579440,1750527579440,0,1,4,0,TMValidation,"validation: """"\200\000\000\001&\000\000\000\r)/\351\252\333:p\210\265\307-\212\200\004Q\001f\352\277\0031Q]\362\370R\350{\261\202\240\344\215\201\353\276\322p5p\350\354\017>\250r\241P\027\000\000\000\000\000\000\000\000\000\000\000\000\000\000\000\000\000\000\000\000\000\000\000\000\000\000\000\000\000\000\000\000P\031\305;a\314\265R\310\017\317\331\235\360\262\240:\277\202\266\354\265X""\022\nh\252\352w\204\203\023]s!\002\364d\217\366\217|\316F\232\231\241\n\261\333`\312O\367\235\025DD\336e\367\n\312\326\221\037\025\230vF0D\002 6[s}\221x/dPS\266\372\255\317\242\212\337\275a\361n\375)a+""\t\3265\306\312\224\002 p \037\300\364\326\244\n\204,\317c\275\256\337\306\213Y4I\235\367\3023\262\336\rj\245\302M7""; ","validation: """"\200\000\000\001&\000\000\000\r)/\351\252\333:p\210\265\307-\212\200\004Q\001f\352\277\0031Q]\362\370R\350{\261\202\240\344\215\201\353\276\322p5p\350\354\017>\250r\241P\027\000\000\000\000\000\000\000\000\000\000\000\000\000\000\000\000\000\000\000\000\000\000\000\000\000\000\000\000\000\000\000\000P\031\305;a\314\265R\310\017\317\331\235\360\262\240:\277\202\266\354\265X""\022\nh\252\352w\204\203\023]s!\002\364d\217\366\217|\316F\232\231\241\n\261\333`\312O\367\235\025DD\336e\367\n\312\326\221\037\025\230vF0D\002 6[s}\221x/dPS\266\372\255\317\242\212\337\275a\361n\375)a+""\t\3265\306\312\224\002 p \037\300\364\326\244\n\204,\317c\275\256\337\306\213Y4I\235\367\3023\262\336\rj\245\302M7""; "
1750527579440,1750527579440,0,1,4,3,TMGetLedger,"itype: liBASE; ledgerHash: ""\001f\352\277\0031Q]\362\370R\350{\261\202\240\344\215\201\353\276\322p5p\350\354\017>\250r\241""; ","itype: liBASE; ledgerHash: ""\001f\352\277\0031Q]\362\370R\350{\261\202\240\344\215\201\353\276\322p5p\350\354\017>\250r\241""; "
1750527579441,1750527579441,0,1,4,2,TMGetLedger,"itype: liBASE; ledgerHash: ""\001f\352\277\0031Q]\362\370R\350{\261\202\240\344\215\201\353\276\322p5p\350\354\017>\250r\241""; ","itype: liBASE; ledgerHash: ""\001f\352\277\0031Q]\362\370R\350{\261\202\240\344\215\201\353\276\322p5p\350\354\017>\250r\241""; "
1750527579442,1750527579442,0,1,4,0,TMGetLedger,"itype: liBASE; ledgerHash: ""\001f\352\277\0031Q]\362\370R\350{\261\202\240\344\215\201\353\276\322p5p\350\354\017>\250r\241""; ","itype: liBASE; ledgerHash: ""\001f\352\277\0031Q]\362\370R\350{\261\202\240\344\215\201\353\276\322p5p\350\354\017>\250r\241""; "
1750527579443,1750527579443,0,1,4,0,TMGetLedger,"itype: liBASE; ledgerHash: ""\001f\352\277\0031Q]\362\370R\350{\261\202\240\344\215\201\353\276\322p5p\350\354\017>\250r\241""; queryType: qtINDIRECT; ","itype: liBASE; ledgerHash: ""\001f\352\277\0031Q]\362\370R\350{\261\202\240\344\215\201\353\276\322p5p\350\354\017>\250r\241""; queryType: qtINDIRECT; "
1750527579443,1750527579443,0,1,4,2,TMGetLedger,"itype: liBASE; ledgerHash: ""\001f\352\277\0031Q]\362\370R\350{\261\202\240\344\215\201\353\276\322p5p\350\354\017>\250r\241""; queryType: qtINDIRECT; ","itype: liBASE; ledgerHash: ""\001f\352\277\0031Q]\362\370R\350{\261\202\240\344\215\201\353\276\322p5p\350\354\017>\250r\241""; queryType: qtINDIRECT; "
1750527579444,1750527579444,0,1,4,3,TMGetLedger,"itype: liBASE; ledgerHash: ""\001f\352\277\0031Q]\362\370R\350{\261\202\240\344\215\201\353\276\322p5p\350\354\017>\250r\241""; queryType: qtINDIRECT; ","itype: liBASE; ledgerHash: ""\001f\352\277\0031Q]\362\370R\350{\261\202\240\344\215\201\353\276\322p5p\350\354\017>\250r\241""; queryType: qtINDIRECT; "
1750527579444,1750527579444,0,1,0,3,TMGetLedger,"itype: liBASE; ledgerHash: ""\001f\352\277\0031Q]\362\370R\350{\261\202\240\344\215\201\353\276\322p5p\350\354\017>\250r\241""; ledgerSeq: 13; ","itype: liBASE; ledgerHash: ""\001f\352\277\0031Q]\362\370R\350{\261\202\240\344\215\201\353\276\322p5p\350\354\017>\250r\241""; ledgerSeq: 13; "
1750527579445,1750527579445,0,1,0,4,TMGetLedger,"itype: liBASE; ledgerHash: ""\001f\352\277\0031Q]\362\370R\350{\261\202\240\344\215\201\353\276\322p5p\350\354\017>\250r\241""; ledgerSeq: 13; ","itype: liBASE; ledgerHash: ""\001f\352\277\0031Q]\362\370R\350{\261\202\240\344\215\201\353\276\322p5p\350\354\017>\250r\241""; ledgerSeq: 13; "
1750527579446,1750527579446,0,1,0,2,TMGetLedger,"itype: liBASE; ledgerHash: ""\001f\352\277\0031Q]\362\370R\350{\261\202\240\344\215\201\353\276\322p5p\350\354\017>\250r\241""; ledgerSeq: 13; ","itype: liBASE; ledgerHash: ""\001f\352\277\0031Q]\362\370R\350{\261\202\240\344\215\201\353\276\322p5p\350\354\017>\250r\241""; ledgerSeq: 13; "
1750527579446,1750527579446,0,1,0,1,TMGetLedger,"itype: liBASE; ledgerHash: ""\001f\352\277\0031Q]\362\370R\350{\261\202\240\344\215\201\353\276\322p5p\350\354\017>\250r\241""; ledgerSeq: 13; ","itype: liBASE; ledgerHash: ""\001f\352\277\0031Q]\362\370R\350{\261\202\240\344\215\201\353\276\322p5p\350\354\017>\250r\241""; ledgerSeq: 13; "
1750527579447,1750527579447,0,1,0,1,TMGetLedger,"itype: liBASE; ledgerHash: ""\001f\352\277\0031Q]\362\370R\350{\261\202\240\344\215\201\353\276\322p5p\350\354\017>\250r\241""; ledgerSeq: 13; queryType: qtINDIRECT; ","itype: liBASE; ledgerHash: ""\001f\352\277\0031Q]\362\370R\350{\261\202\240\344\215\201\353\276\322p5p\350\354\017>\250r\241""; ledgerSeq: 13; queryType: qtINDIRECT; "
1750527579447,1750527579447,0,1,0,1,TMValidation,"validation: """"\200\000\000\001&\000\000\000\r)/\351\252\333:p\210\265\307-\212\200\004Q\001f\352\277\0031Q]\362\370R\350{\261\202\240\344\215\201\353\276\322p5p\350\354\017>\250r\241P\027\000\000\000\000\000\000\000\000\000\000\000\000\000\000\000\000\000\000\000\000\000\000\000\000\000\000\000\000\000\000\000\000P\031\305;a\314\265R\310\017\317\331\235\360\262\240:\277\202\266\354\265X""\022\nh\252\352w\204\203\023]s!\002\364d\217\366\217|\316F\232\231\241\n\261\333`\312O\367\235\025DD\336e\367\n\312\326\221\037\025\230vF0D\002 6[s}\221x/dPS\266\372\255\317\242\212\337\275a\361n\375)a+""\t\3265\306\312\224\002 p \037\300\364\326\244\n\204,\317c\275\256\337\306\213Y4I\235\367\3023\262\336\rj\245\302M7""; ","validation: """"\200\000\000\001&\000\000\000\r)/\351\252\333:p\210\265\307-\212\200\004Q\001f\352\277\0031Q]\362\370R\350{\261\202\240\344\215\201\353\276\322p5p\350\354\017>\250r\241P\027\000\000\000\000\000\000\000\000\000\000\000\000\000\000\000\000\000\000\000\000\000\000\000\000\000\000\000\000\000\000\000\000P\031\305;a\314\265R\310\017\317\331\235\360\262\240:\277\202\266\354\265X""\022\nh\252\352w\204\203\023]s!\002\364d\217\366\217|\316F\232\231\241\n\261\333`\312O\367\235\025DD\336e\367\n\312\326\221\037\025\230vF0D\002 6[s}\221x/dPS\266\372\255\317\242\212\337\275a\361n\375)a+""\t\3265\306\312\224\002 p \037\300\364\326\244\n\204,\317c\275\256\337\306\213Y4I\235\367\3023\262\336\rj\245\302M7""; "
1750527579448,1750527579448,0,1,0,3,TMGetLedger,"itype: liBASE; ledgerHash: ""\001f\352\277\0031Q]\362\370R\350{\261\202\240\344\215\201\353\276\322p5p\350\354\017>\250r\241""; ledgerSeq: 13; queryType: qtINDIRECT; ","itype: liBASE; ledgerHash: ""\001f\352\277\0031Q]\362\370R\350{\261\202\240\344\215\201\353\276\322p5p\350\354\017>\250r\241""; ledgerSeq: 13; queryType: qtINDIRECT; "
1750527579449,1750527579449,0,1,0,4,TMGetLedger,"itype: liBASE; ledgerHash: ""\001f\352\277\0031Q]\362\370R\350{\261\202\240\344\215\201\353\276\322p5p\350\354\017>\250r\241""; ledgerSeq: 13; queryType: qtINDIRECT; ","itype: liBASE; ledgerHash: ""\001f\352\277\0031Q]\362\370R\350{\261\202\240\344\215\201\353\276\322p5p\350\354\017>\250r\241""; ledgerSeq: 13; queryType: qtINDIRECT; "
1750527579449,1750527579449,0,1,0,4,TMValidation,"validation: """"\200\000\000\001&\000\000\000\r)/\351\252\333:p\210\265\307-\212\200\004Q\001f\352\277\0031Q]\362\370R\350{\261\202\240\344\215\201\353\276\322p5p\350\354\017>\250r\241P\027\000\000\000\000\000\000\000\000\000\000\000\000\000\000\000\000\000\000\000\000\000\000\000\000\000\000\000\000\000\000\000\000P\031\305;a\314\265R\310\017\317\331\235\360\262\240:\277\202\266\354\265X""\022\nh\252\352w\204\203\023]s!\002\364d\217\366\217|\316F\232\231\241\n\261\333`\312O\367\235\025DD\336e\367\n\312\326\221\037\025\230vF0D\002 6[s}\221x/dPS\266\372\255\317\242\212\337\275a\361n\375)a+""\t\3265\306\312\224\002 p \037\300\364\326\244\n\204,\317c\275\256\337\306\213Y4I\235\367\3023\262\336\rj\245\302M7""; ","validation: """"\200\000\000\001&\000\000\000\r)/\351\252\333:p\210\265\307-\212\200\004Q\001f\352\277\0031Q]\362\370R\350{\261\202\240\344\215\201\353\276\322p5p\350\354\017>\250r\241P\027\000\000\000\000\000\000\000\000\000\000\000\000\000\000\000\000\000\000\000\000\000\000\000\000\000\000\000\000\000\000\000\000P\031\305;a\314\265R\310\017\317\331\235\360\262\240:\277\202\266\354\265X""\022\nh\252\352w\204\203\023]s!\002\364d\217\366\217|\316F\232\231\241\n\261\333`\312O\367\235\025DD\336e\367\n\312\326\221\037\025\230vF0D\002 6[s}\221x/dPS\266\372\255\317\242\212\337\275a\361n\375)a+""\t\3265\306\312\224\002 p \037\300\364\326\244\n\204,\317c\275\256\337\306\213Y4I\235\367\3023\262\336\rj\245\302M7""; "
1750527579450,1750527579450,0,1,2,3,TMGetLedger,"itype: liBASE; ledgerHash: ""\001f\352\277\0031Q]\362\370R\350{\261\202\240\344\215\201\353\276\322p5p\350\354\017>\250r\241""; ","itype: liBASE; ledgerHash: ""\001f\352\277\0031Q]\362\370R\350{\261\202\240\344\215\201\353\276\322p5p\350\354\017>\250r\241""; "
1750527579450,1750527579450,0,1,2,1,TMGetLedger,"itype: liBASE; ledgerHash: ""\001f\352\277\0031Q]\362\370R\350{\261\202\240\344\215\201\353\276\322p5p\350\354\017>\250r\241""; queryType: qtINDIRECT; ","itype: liBASE; ledgerHash: ""\001f\352\277\0031Q]\362\370R\350{\261\202\240\344\215\201\353\276\322p5p\350\354\017>\250r\241""; queryType: qtINDIRECT; "
1750527579451,1750527579451,0,1,2,0,TMGetLedger,"itype: liBASE; ledgerHash: ""\001f\352\277\0031Q]\362\370R\350{\261\202\240\344\215\201\353\276\322p5p\350\354\017>\250r\241""; ","itype: liBASE; ledgerHash: ""\001f\352\277\0031Q]\362\370R\350{\261\202\240\344\215\201\353\276\322p5p\350\354\017>\250r\241""; "
1750527579451,1750527579451,0,1,2,1,TMGetLedger,"itype: liBASE; ledgerHash: ""\001f\352\277\0031Q]\362\370R\350{\261\202\240\344\215\201\353\276\322p5p\350\354\017>\250r\241""; ","itype: liBASE; ledgerHash: ""\001f\352\277\0031Q]\362\370R\350{\261\202\240\344\215\201\353\276\322p5p\350\354\017>\250r\241""; "
1750527579452,1750527579452,0,1,2,4,TMGetLedger,"itype: liBASE; ledgerHash: ""\001f\352\277\0031Q]\362\370R\350{\261\202\240\344\215\201\353\276\322p5p\350\354\017>\250r\241""; ","itype: liBASE; ledgerHash: ""\001f\352\277\0031Q]\362\370R\350{\261\202\240\344\215\201\353\276\322p5p\350\354\017>\250r\241""; "
1750527579453,1750527579453,0,1,3,1,TMLedgerData,"ledgerHash: ""\001f\352\277\0031Q]\362\370R\350{\261\202\240\344\215\201\353\276\322p5p\350\354\017>\250r\241""; ledgerSeq: 13; type: liBASE; nodes {;   nodedata: ""\000\000\000\r\001cEx]\211\377\330\305;a\314\265R\310\017\317\331\235\360\262\240:\277\202\266\354\265X""\022\nh\252\352w\204\203\023]\000\000\000\000\000\000\000\000\000\000\000\000\000\000\000\000\000\000\000\000\000\000\000\000\000\000\000\000\000\000\000\000\324*\201\023\361\353\317\313\321E\033\360\037\227\016\2471</\2720\201\242\266\261\2775\022x4c\230/\351\252\325/\351\252\334\n\000""; }; nodes {;   nodedata: ""\323C\344\327\264{\312-\017:\006{\177\344N\002\326bO\260\220\006\033\362\345\005U\221DzJ0\001\301\025%1L\307\t\261\262z\374\222T\301\274V\236\223\262\270Ct\362\337b\356\024*\324\320\351\317\002k\336\234\027v\351\217\260\303\360\233ZPZWr\246$w\313\313\r\243r\232\2234\373\3539:N\004Q\245\272D\312D\300\300\t\323\0257\345e\271\na\215{\226\255x%T\257\037\333\004\344_/R\006E\344\037@\210\363\010\336T\226\247'\204_{\261\370""1\235\2445\343\033Y!\212\201\341\272\225'\007\315\272\005\023\276\002\260\303\221\r\003\271\r\230\t}o%\022\355\214\026\374\333\202\313&\214\202\030za\013\003""; }; ","ledgerHash: ""\001f\352\277\0031Q]\362\370R\350{\261\202\240\344\215\201\353\276\322p5p\350\354\017>\250r\241""; ledgerSeq: 13; type: liBASE; nodes {;   nodedata: ""\000\000\000\r\001cEx]\211\377\330\305;a\314\265R\310\017\317\331\235\360\262\240:\277\202\266\354\265X""\022\nh\252\352w\204\203\023]\000\000\000\000\000\000\000\000\000\000\000\000\000\000\000\000\000\000\000\000\000\000\000\000\000\000\000\000\000\000\000\000\324*\201\023\361\353\317\313\321E\033\360\037\227\016\2471</\2720\201\242\266\261\2775\022x4c\230/\351\252\325/\351\252\334\n\000""; }; nodes {;   nodedata: ""\323C\344\327\264{\312-\017:\006{\177\344N\002\326bO\260\220\006\033\362\345\005U\221DzJ0\001\301\025%1L\307\t\261\262z\374\222T\301\274V\236\223\262\270Ct\362\337b\356\024*\324\320\351\317\002k\336\234\027v\351\217\260\303\360\233ZPZWr\246$w\313\313\r\243r\232\2234\373\3539:N\004Q\245\272D\312D\300\300\t\323\0257\345e\271\na\215{\226\255x%T\257\037\333\004\344_/R\006E\344\037@\210\363\010\336T\226\247'\204_{\261\370""1\235\2445\343\033Y!\212\201\341\272\225'\007\315\272\005\023\276\002\260\303\221\r\003\271\r\230\t}o%\022\355\214\026\374\333\202\313&\214\202\030za\013\003""; }; "
1750527579453,1750527579453,0,1,2,1,TMValidation,"validation: """"\200\000\000\001&\000\000\000\r)/\351\252\333:p\210\265\307-\212\200\004Q\001f\352\277\0031Q]\362\370R\350{\261\202\240\344\215\201\353\276\322p5p\350\354\017>\250r\241P\027\000\000\000\000\000\000\000\000\000\000\000\000\000\000\000\000\000\000\000\000\000\000\000\000\000\000\000\000\000\000\000\000P\031\305;a\314\265R\310\017\317\331\235\360\262\240:\277\202\266\354\265X""\022\nh\252\352w\204\203\023]s!\002\364d\217\366\217|\316F\232\231\241\n\261\333`\312O\367\235\025DD\336e\367\n\312\326\221\037\025\230vF0D\002 6[s}\221x/dPS\266\372\255\317\242\212\337\275a\361n\375)a+""\t\3265\306\312\224\002 p \037\300\364\326\244\n\204,\317c\275\256\337\306\213Y4I\235\367\3023\262\336\rj\245\302M7""; ","validation: """"\200\000\000\001&\000\000\000\r)/\351\252\333:p\210\265\307-\212\200\004Q\001f\352\277\0031Q]\362\370R\350{\261\202\240\344\215\201\353\276\322p5p\350\354\017>\250r\241P\027\000\000\000\000\000\000\000\000\000\000\000\000\000\000\000\000\000\000\000\000\000\000\000\000\000\000\000\000\000\000\000\000P\031\305;a\314\265R\310\017\317\331\235\360\262\240:\277\202\266\354\265X""\022\nh\252\352w\204\203\023]s!\002\364d\217\366\217|\316F\232\231\241\n\261\333`\312O\367\235\025DD\336e\367\n\312\326\221\037\025\230vF0D\002 6[s}\221x/dPS\266\372\255\317\242\212\337\275a\361n\375)a+""\t\3265\306\312\224\002 p \037\300\364\326\244\n\204,\317c\275\256\337\306\213Y4I\235\367\3023\262\336\rj\245\302M7""; "
1750527579454,1750527579454,0,1,4,1,TMGetLedger,"itype: liBASE; ledgerHash: ""\001f\352\277\0031Q]\362\370R\350{\261\202\240\344\215\201\353\276\322p5p\350\354\017>\250r\241""; queryType: qtINDIRECT; ","itype: liBASE; ledgerHash: ""\001f\352\277\0031Q]\362\370R\350{\261\202\240\344\215\201\353\276\322p5p\350\354\017>\250r\241""; queryType: qtINDIRECT; "
1750527579454,1750527579454,0,1,4,1,TMGetLedger,"itype: liBASE; ledgerHash: ""\001f\352\277\0031Q]\362\370R\350{\261\202\240\344\215\201\353\276\322p5p\350\354\017>\250r\241""; ","itype: liBASE; ledgerHash: ""\001f\352\277\0031Q]\362\370R\350{\261\202\240\344\215\201\353\276\322p5p\350\354\017>\250r\241""; "
1750527579455,1750527579455,0,1,0,3,TMGetLedger,"itype: liBASE; ledgerHash: ""\001f\352\277\0031Q]\362\370R\350{\261\202\240\344\215\201\353\276\322p5p\350\354\017>\250r\241""; ledgerSeq: 13; requestCookie: 2; queryType: qtINDIRECT; ","itype: liBASE; ledgerHash: ""\001f\352\277\0031Q]\362\370R\350{\261\202\240\344\215\201\353\276\322p5p\350\354\017>\250r\241""; ledgerSeq: 13; requestCookie: 2; queryType: qtINDIRECT; "
1750527579455,1750527579455,0,1,1,4,TMGetLedger,"itype: liBASE; ledgerHash: ""\001f\352\277\0031Q]\362\370R\350{\261\202\240\344\215\201\353\276\322p5p\350\354\017>\250r\241""; ledgerSeq: 13; queryType: qtINDIRECT; ","itype: liBASE; ledgerHash: ""\001f\352\277\0031Q]\362\370R\350{\261\202\240\344\215\201\353\276\322p5p\350\354\017>\250r\241""; ledgerSeq: 13; queryType: qtINDIRECT; "
1750527579457,1750527579457,0,1,3,1,TMLedgerData,"ledgerHash: ""\001f\352\277\0031Q]\362\370R\350{\261\202\240\344\215\201\353\276\322p5p\350\354\017>\250r\241""; ledgerSeq: 13; type: liBASE; nodes {;   nodedata: ""\000\000\000\r\001cEx]\211\377\330\305;a\314\265R\310\017\317\331\235\360\262\240:\277\202\266\354\265X""\022\nh\252\352w\204\203\023]\000\000\000\000\000\000\000\000\000\000\000\000\000\000\000\000\000\000\000\000\000\000\000\000\000\000\000\000\000\000\000\000\324*\201\023\361\353\317\313\321E\033\360\037\227\016\2471</\2720\201\242\266\261\2775\022x4c\230/\351\252\325/\351\252\334\n\000""; }; nodes {;   nodedata: ""\323C\344\327\264{\312-\017:\006{\177\344N\002\326bO\260\220\006\033\362\345\005U\221DzJ0\001\301\025%1L\307\t\261\262z\374\222T\301\274V\236\223\262\270Ct\362\337b\356\024*\324\320\351\317\002k\336\234\027v\351\217\260\303\360\233ZPZWr\246$w\313\313\r\243r\232\2234\373\3539:N\004Q\245\272D\312D\300\300\t\323\0257\345e\271\na\215{\226\255x%T\257\037\333\004\344_/R\006E\344\037@\210\363\010\336T\226\247'\204_{\261\370""1\235\2445\343\033Y!\212\201\341\272\225'\007\315\272\005\023\276\002\260\303\221\r\003\271\r\230\t}o%\022\355\214\026\374\333\202\313&\214\202\030za\013\003""; }; ","ledgerHash: ""\001f\352\277\0031Q]\362\370R\350{\261\202\240\344\215\201\353\276\322p5p\350\354\017>\250r\241""; ledgerSeq: 13; type: liBASE; nodes {;   nodedata: ""\000\000\000\r\001cEx]\211\377\330\305;a\314\265R\310\017\317\331\235\360\262\240:\277\202\266\354\265X""\022\nh\252\352w\204\203\023]\000\000\000\000\000\000\000\000\000\000\000\000\000\000\000\000\000\000\000\000\000\000\000\000\000\000\000\000\000\000\000\000\324*\201\023\361\353\317\313\321E\033\360\037\227\016\2471</\2720\201\242\266\261\2775\022x4c\230/\351\252\325/\351\252\334\n\000""; }; nodes {;   nodedata: ""\323C\344\327\264{\312-\017:\006{\177\344N\002\326bO\260\220\006\033\362\345\005U\221DzJ0\001\301\025%1L\307\t\261\262z\374\222T\301\274V\236\223\262\270Ct\362\337b\356\024*\324\320\351\317\002k\336\234\027v\351\217\260\303\360\233ZPZWr\246$w\313\313\r\243r\232\2234\373\3539:N\004Q\245\272D\312D\300\300\t\323\0257\345e\271\na\215{\226\255x%T\257\037\333\004\344_/R\006E\344\037@\210\363\010\336T\226\247'\204_{\261\370""1\235\2445\343\033Y!\212\201\341\272\225'\007\315\272\005\023\276\002\260\303\221\r\003\271\r\230\t}o%\022\355\214\026\374\333\202\313&\214\202\030za\013\003""; }; "
1750527579457,1750527579457,0,1,1,4,TMValidation,"validation: """"\200\000\000\001&\000\000\000\r)/\351\252\333:p\210\265\307-\212\200\004Q\001f\352\277\0031Q]\362\370R\350{\261\202\240\344\215\201\353\276\322p5p\350\354\017>\250r\241P\027\000\000\000\000\000\000\000\000\000\000\000\000\000\000\000\000\000\000\000\000\000\000\000\000\000\000\000\000\000\000\000\000P\031\305;a\314\265R\310\017\317\331\235\360\262\240:\277\202\266\354\265X""\022\nh\252\352w\204\203\023]s!\002\364d\217\366\217|\316F\232\231\241\n\261\333`\312O\367\235\025DD\336e\367\n\312\326\221\037\025\230vF0D\002 6[s}\221x/dPS\266\372\255\317\242\212\337\275a\361n\375)a+""\t\3265\306\312\224\002 p \037\300\364\326\244\n\204,\317c\275\256\337\306\213Y4I\235\367\3023\262\336\rj\245\302M7""; ","validation: """"\200\000\000\001&\000\000\000\r)/\351\252\333:p\210\265\307-\212\200\004Q\001f\352\277\0031Q]\362\370R\350{\261\202\240\344\215\201\353\276\322p5p\350\354\017>\250r\241P\027\000\000\000\000\000\000\000\000\000\000\000\000\000\000\000\000\000\000\000\000\000\000\000\000\000\000\000\000\000\000\000\000P\031\305;a\314\265R\310\017\317\331\235\360\262\240:\277\202\266\354\265X""\022\nh\252\352w\204\203\023]s!\002\364d\217\366\217|\316F\232\231\241\n\261\333`\312O\367\235\025DD\336e\367\n\312\326\221\037\025\230vF0D\002 6[s}\221x/dPS\266\372\255\317\242\212\337\275a\361n\375)a+""\t\3265\306\312\224\002 p \037\300\364\326\244\n\204,\317c\275\256\337\306\213Y4I\235\367\3023\262\336\rj\245\302M7""; "
1750527579457,1750527579457,0,1,2,4,TMValidation,"validation: """"\200\000\000\001&\000\000\000\r)/\351\252\333:p\210\265\307-\212\200\004Q\001f\352\277\0031Q]\362\370R\350{\261\202\240\344\215\201\353\276\322p5p\350\354\017>\250r\241P\027\000\000\000\000\000\000\000\000\000\000\000\000\000\000\000\000\000\000\000\000\000\000\000\000\000\000\000\000\000\000\000\000P\031\305;a\314\265R\310\017\317\331\235\360\262\240:\277\202\266\354\265X""\022\nh\252\352w\204\203\023]s!\002\364d\217\366\217|\316F\232\231\241\n\261\333`\312O\367\235\025DD\336e\367\n\312\326\221\037\025\230vF0D\002 6[s}\221x/dPS\266\372\255\317\242\212\337\275a\361n\375)a+""\t\3265\306\312\224\002 p \037\300\364\326\244\n\204,\317c\275\256\337\306\213Y4I\235\367\3023\262\336\rj\245\302M7""; ","validation: """"\200\000\000\001&\000\000\000\r)/\351\252\333:p\210\265\307-\212\200\004Q\001f\352\277\0031Q]\362\370R\350{\261\202\240\344\215\201\353\276\322p5p\350\354\017>\250r\241P\027\000\000\000\000\000\000\000\000\000\000\000\000\000\000\000\000\000\000\000\000\000\000\000\000\000\000\000\000\000\000\000\000P\031\305;a\314\265R\310\017\317\331\235\360\262\240:\277\202\266\354\265X""\022\nh\252\352w\204\203\023]s!\002\364d\217\366\217|\316F\232\231\241\n\261\333`\312O\367\235\025DD\336e\367\n\312\326\221\037\025\230vF0D\002 6[s}\221x/dPS\266\372\255\317\242\212\337\275a\361n\375)a+""\t\3265\306\312\224\002 p \037\300\364\326\244\n\204,\317c\275\256\337\306\213Y4I\235\367\3023\262\336\rj\245\302M7""; "
1750527579459,1750527579459,0,1,2,4,TMGetLedger,"itype: liBASE; ledgerHash: ""\001f\352\277\0031Q]\362\370R\350{\261\202\240\344\215\201\353\276\322p5p\350\354\017>\250r\241""; queryType: qtINDIRECT; ","itype: liBASE; ledgerHash: ""\001f\352\277\0031Q]\362\370R\350{\261\202\240\344\215\201\353\276\322p5p\350\354\017>\250r\241""; queryType: qtINDIRECT; "
1750527579459,1750527579459,0,1,3,4,TMLedgerData,"ledgerHash: ""\001f\352\277\0031Q]\362\370R\350{\261\202\240\344\215\201\353\276\322p5p\350\354\017>\250r\241""; ledgerSeq: 13; type: liBASE; nodes {;   nodedata: ""\000\000\000\r\001cEx]\211\377\330\305;a\314\265R\310\017\317\331\235\360\262\240:\277\202\266\354\265X""\022\nh\252\352w\204\203\023]\000\000\000\000\000\000\000\000\000\000\000\000\000\000\000\000\000\000\000\000\000\000\000\000\000\000\000\000\000\000\000\000\324*\201\023\361\353\317\313\321E\033\360\037\227\016\2471</\2720\201\242\266\261\2775\022x4c\230/\351\252\325/\351\252\334\n\000""; }; nodes {;   nodedata: ""\323C\344\327\264{\312-\017:\006{\177\344N\002\326bO\260\220\006\033\362\345\005U\221DzJ0\001\301\025%1L\307\t\261\262z\374\222T\301\274V\236\223\262\270Ct\362\337b\356\024*\324\320\351\317\002k\336\234\027v\351\217\260\303\360\233ZPZWr\246$w\313\313\r\243r\232\2234\373\3539:N\004Q\245\272D\312D\300\300\t\323\0257\345e\271\na\215{\226\255x%T\257\037\333\004\344_/R\006E\344\037@\210\363\010\336T\226\247'\204_{\261\370""1\235\2445\343\033Y!\212\201\341\272\225'\007\315\272\005\023\276\002\260\303\221\r\003\271\r\230\t}o%\022\355\214\026\374\333\202\313&\214\202\030za\013\003""; }; ","ledgerHash: ""\001f\352\277\0031Q]\362\370R\350{\261\202\240\344\215\201\353\276\322p5p\350\354\017>\250r\241""; ledgerSeq: 13; type: liBASE; nodes {;   nodedata: ""\000\000\000\r\001cEx]\211\377\330\305;a\314\265R\310\017\317\331\235\360\262\240:\277\202\266\354\265X""\022\nh\252\352w\204\203\023]\000\000\000\000\000\000\000\000\000\000\000\000\000\000\000\000\000\000\000\000\000\000\000\000\000\000\000\000\000\000\000\000\324*\201\023\361\353\317\313\321E\033\360\037\227\016\2471</\2720\201\242\266\261\2775\022x4c\230/\351\252\325/\351\252\334\n\000""; }; nodes {;   nodedata: ""\323C\344\327\264{\312-\017:\006{\177\344N\002\326bO\260\220\006\033\362\345\005U\221DzJ0\001\301\025%1L\307\t\261\262z\374\222T\301\274V\236\223\262\270Ct\362\337b\356\024*\324\320\351\317\002k\336\234\027v\351\217\260\303\360\233ZPZWr\246$w\313\313\r\243r\232\2234\373\3539:N\004Q\245\272D\312D\300\300\t\323\0257\345e\271\na\215{\226\255x%T\257\037\333\004\344_/R\006E\344\037@\210\363\010\336T\226\247'\204_{\261\370""1\235\2445\343\033Y!\212\201\341\272\225'\007\315\272\005\023\276\002\260\303\221\r\003\271\r\230\t}o%\022\355\214\026\374\333\202\313&\214\202\030za\013\003""; }; "
1750527579460,1750527579460,0,1,2,0,TMGetLedger,"itype: liBASE; ledgerHash: ""\001f\352\277\0031Q]\362\370R\350{\261\202\240\344\215\201\353\276\322p5p\350\354\017>\250r\241""; queryType: qtINDIRECT; ","itype: liBASE; ledgerHash: ""\001f\352\277\0031Q]\362\370R\350{\261\202\240\344\215\201\353\276\322p5p\350\354\017>\250r\241""; queryType: qtINDIRECT; "
1750527579460,1750527579460,0,1,4,3,TMGetLedger,"itype: liBASE; ledgerHash: ""\001f\352\277\0031Q]\362\370R\350{\261\202\240\344\215\201\353\276\322p5p\350\354\017>\250r\241""; ledgerSeq: 13; requestCookie: 1; queryType: qtINDIRECT; ","itype: liBASE; ledgerHash: ""\001f\352\277\0031Q]\362\370R\350{\261\202\240\344\215\201\353\276\322p5p\350\354\017>\250r\241""; ledgerSeq: 13; requestCookie: 1; queryType: qtINDIRECT; "
1750527579460,1750527579461,0,1,2,0,TMValidation,"validation: """"\200\000\000\001&\000\000\000\r)/\351\252\333:p\210\265\307-\212\200\004Q\001f\352\277\0031Q]\362\370R\350{\261\202\240\344\215\201\353\276\322p5p\350\354\017>\250r\241P\027\000\000\000\000\000\000\000\000\000\000\000\000\000\000\000\000\000\000\000\000\000\000\000\000\000\000\000\000\000\000\000\000P\031\305;a\314\265R\310\017\317\331\235\360\262\240:\277\202\266\354\265X""\022\nh\252\352w\204\203\023]s!\002\364d\217\366\217|\316F\232\231\241\n\261\333`\312O\367\235\025DD\336e\367\n\312\326\221\037\025\230vF0D\002 6[s}\221x/dPS\266\372\255\317\242\212\337\275a\361n\375)a+""\t\3265\306\312\224\002 p \037\300\364\326\244\n\204,\317c\275\256\337\306\213Y4I\235\367\3023\262\336\rj\245\302M7""; ","validation: """"\200\000\000\001&\000\000\000\r)/\351\252\333:p\210\265\307-\212\200\004Q\001f\352\277\0031Q]\362\370R\350{\261\202\240\344\215\201\353\276\322p5p\350\354\017>\250r\241P\027\000\000\000\000\000\000\000\000\000\000\000\000\000\000\000\000\000\000\000\000\000\000\000\000\000\000\000\000\000\000\000\000P\031\305;a\314\265R\310\017\317\331\235\360\262\240:\277\202\266\354\265X""\022\nh\252\352w\204\203\023]s!\002\364d\217\366\217|\316F\232\231\241\n\261\333`\312O\367\235\025DD\336e\367\n\312\326\221\037\025\230vF0D\002 6[s}\221x/dPS\266\372\255\317\242\212\337\275a\361n\375)a+""\t\3265\306\312\224\002 p \037\300\364\326\244\n\204,\317c\275\256\337\306\213Y4I\235\367\3023\262\336\rj\245\302M7""; "
1750527579461,1750527579461,0,1,0,2,TMValidation,"validation: """"\200\000\000\001&\000\000\000\r)/\351\252\333:p\210\265\307-\212\200\004Q\001f\352\277\0031Q]\362\370R\350{\261\202\240\344\215\201\353\276\322p5p\350\354\017>\250r\241P\027\000\000\000\000\000\000\000\000\000\000\000\000\000\000\000\000\000\000\000\000\000\000\000\000\000\000\000\000\000\000\000\000P\031\305;a\314\265R\310\017\317\331\235\360\262\240:\277\202\266\354\265X""\022\nh\252\352w\204\203\023]s!\002\364d\217\366\217|\316F\232\231\241\n\261\333`\312O\367\235\025DD\336e\367\n\312\326\221\037\025\230vF0D\002 6[s}\221x/dPS\266\372\255\317\242\212\337\275a\361n\375)a+""\t\3265\306\312\224\002 p \037\300\364\326\244\n\204,\317c\275\256\337\306\213Y4I\235\367\3023\262\336\rj\245\302M7""; ","validation: """"\200\000\000\001&\000\000\000\r)/\351\252\333:p\210\265\307-\212\200\004Q\001f\352\277\0031Q]\362\370R\350{\261\202\240\344\215\201\353\276\322p5p\350\354\017>\250r\241P\027\000\000\000\000\000\000\000\000\000\000\000\000\000\000\000\000\000\000\000\000\000\000\000\000\000\000\000\000\000\000\000\000P\031\305;a\314\265R\310\017\317\331\235\360\262\240:\277\202\266\354\265X""\022\nh\252\352w\204\203\023]s!\002\364d\217\366\217|\316F\232\231\241\n\261\333`\312O\367\235\025DD\336e\367\n\312\326\221\037\025\230vF0D\002 6[s}\221x/dPS\266\372\255\317\242\212\337\275a\361n\375)a+""\t\3265\306\312\224\002 p \037\300\364\326\244\n\204,\317c\275\256\337\306\213Y4I\235\367\3023\262\336\rj\245\302M7""; "
1750527579462,1750527579462,0,1,0,2,TMGetLedger,"itype: liBASE; ledgerHash: ""\001f\352\277\0031Q]\362\370R\350{\261\202\240\344\215\201\353\276\322p5p\350\354\017>\250r\241""; ledgerSeq: 13; queryType: qtINDIRECT; ","itype: liBASE; ledgerHash: ""\001f\352\277\0031Q]\362\370R\350{\261\202\240\344\215\201\353\276\322p5p\350\354\017>\250r\241""; ledgerSeq: 13; queryType: qtINDIRECT; "
1750527579462,1750527579463,0,1,1,3,TMGetLedger,"itype: liBASE; ledgerHash: ""\001f\352\277\0031Q]\362\370R\350{\261\202\240\344\215\201\353\276\322p5p\350\354\017>\250r\241""; requestCookie: 3; queryType: qtINDIRECT; ","itype: liBASE; ledgerHash: ""\001f\352\277\0031Q]\362\370R\350{\261\202\240\344\215\201\353\276\322p5p\350\354\017>\250r\241""; requestCookie: 3; queryType: qtINDIRECT; "
1750527579464,1750527579464,0,1,1,3,TMGetLedger,"itype: liBASE; ledgerHash: ""\001f\352\277\0031Q]\362\370R\350{\261\202\240\344\215\201\353\276\322p5p\350\354\017>\250r\241""; ledgerSeq: 13; requestCookie: 2; queryType: qtINDIRECT; ","itype: liBASE; ledgerHash: ""\001f\352\277\0031Q]\362\370R\350{\261\202\240\344\215\201\353\276\322p5p\350\354\017>\250r\241""; ledgerSeq: 13; requestCookie: 2; queryType: qtINDIRECT; "
1750527579464,1750527579464,0,1,3,4,TMLedgerData,"ledgerHash: ""\001f\352\277\0031Q]\362\370R\350{\261\202\240\344\215\201\353\276\322p5p\350\354\017>\250r\241""; ledgerSeq: 13; type: liBASE; nodes {;   nodedata: ""\000\000\000\r\001cEx]\211\377\330\305;a\314\265R\310\017\317\331\235\360\262\240:\277\202\266\354\265X""\022\nh\252\352w\204\203\023]\000\000\000\000\000\000\000\000\000\000\000\000\000\000\000\000\000\000\000\000\000\000\000\000\000\000\000\000\000\000\000\000\324*\201\023\361\353\317\313\321E\033\360\037\227\016\2471</\2720\201\242\266\261\2775\022x4c\230/\351\252\325/\351\252\334\n\000""; }; nodes {;   nodedata: ""\323C\344\327\264{\312-\017:\006{\177\344N\002\326bO\260\220\006\033\362\345\005U\221DzJ0\001\301\025%1L\307\t\261\262z\374\222T\301\274V\236\223\262\270Ct\362\337b\356\024*\324\320\351\317\002k\336\234\027v\351\217\260\303\360\233ZPZWr\246$w\313\313\r\243r\232\2234\373\3539:N\004Q\245\272D\312D\300\300\t\323\0257\345e\271\na\215{\226\255x%T\257\037\333\004\344_/R\006E\344\037@\210\363\010\336T\226\247'\204_{\261\370""1\235\2445\343\033Y!\212\201\341\272\225'\007\315\272\005\023\276\002\260\303\221\r\003\271\r\230\t}o%\022\355\214\026\374\333\202\313&\214\202\030za\013\003""; }; ","ledgerHash: ""\001f\352\277\0031Q]\362\370R\350{\261\202\240\344\215\201\353\276\322p5p\350\354\017>\250r\241""; ledgerSeq: 13; type: liBASE; nodes {;   nodedata: ""\000\000\000\r\001cEx]\211\377\330\305;a\314\265R\310\017\317\331\235\360\262\240:\277\202\266\354\265X""\022\nh\252\352w\204\203\023]\000\000\000\000\000\000\000\000\000\000\000\000\000\000\000\000\000\000\000\000\000\000\000\000\000\000\000\000\000\000\000\000\324*\201\023\361\353\317\313\321E\033\360\037\227\016\2471</\2720\201\242\266\261\2775\022x4c\230/\351\252\325/\351\252\334\n\000""; }; nodes {;   nodedata: ""\323C\344\327\264{\312-\017:\006{\177\344N\002\326bO\260\220\006\033\362\345\005U\221DzJ0\001\301\025%1L\307\t\261\262z\374\222T\301\274V\236\223\262\270Ct\362\337b\356\024*\324\320\351\317\002k\336\234\027v\351\217\260\303\360\233ZPZWr\246$w\313\313\r\243r\232\2234\373\3539:N\004Q\245\272D\312D\300\300\t\323\0257\345e\271\na\215{\226\255x%T\257\037\333\004\344_/R\006E\344\037@\210\363\010\336T\226\247'\204_{\261\370""1\235\2445\343\033Y!\212\201\341\272\225'\007\315\272\005\023\276\002\260\303\221\r\003\271\r\230\t}o%\022\355\214\026\374\333\202\313&\214\202\030za\013\003""; }; "
1750527579465,1750527579465,0,1,3,0,TMLedgerData,"ledgerHash: ""\001f\352\277\0031Q]\362\370R\350{\261\202\240\344\215\201\353\276\322p5p\350\354\017>\250r\241""; ledgerSeq: 13; type: liBASE; nodes {;   nodedata: ""\000\000\000\r\001cEx]\211\377\330\305;a\314\265R\310\017\317\331\235\360\262\240:\277\202\266\354\265X""\022\nh\252\352w\204\203\023]\000\000\000\000\000\000\000\000\000\000\000\000\000\000\000\000\000\000\000\000\000\000\000\000\000\000\000\000\000\000\000\000\324*\201\023\361\353\317\313\321E\033\360\037\227\016\2471</\2720\201\242\266\261\2775\022x4c\230/\351\252\325/\351\252\334\n\000""; }; nodes {;   nodedata: ""\323C\344\327\264{\312-\017:\006{\177\344N\002\326bO\260\220\006\033\362\345\005U\221DzJ0\001\301\025%1L\307\t\261\262z\374\222T\301\274V\236\223\262\270Ct\362\337b\356\024*\324\320\351\317\002k\336\234\027v\351\217\260\303\360\233ZPZWr\246$w\313\313\r\243r\232\2234\373\3539:N\004Q\245\272D\312D\300\300\t\323\0257\345e\271\na\215{\226\255x%T\257\037\333\004\344_/R\006E\344\037@\210\363\010\336T\226\247'\204_{\261\370""1\235\2445\343\033Y!\212\201\341\272\225'\007\315\272\005\023\276\002\260\303\221\r\003\271\r\230\t}o%\022\355\214\026\374\333\202\313&\214\202\030za\013\003""; }; ","ledgerHash: ""\001f\352\277\0031Q]\362\370R\350{\261\202\240\344\215\201\353\276\322p5p\350\354\017>\250r\241""; ledgerSeq: 13; type: liBASE; nodes {;   nodedata: ""\000\000\000\r\001cEx]\211\377\330\305;a\314\265R\310\017\317\331\235\360\262\240:\277\202\266\354\265X""\022\nh\252\352w\204\203\023]\000\000\000\000\000\000\000\000\000\000\000\000\000\000\000\000\000\000\000\000\000\000\000\000\000\000\000\000\000\000\000\000\324*\201\023\361\353\317\313\321E\033\360\037\227\016\2471</\2720\201\242\266\261\2775\022x4c\230/\351\252\325/\351\252\334\n\000""; }; nodes {;   nodedata: ""\323C\344\327\264{\312-\017:\006{\177\344N\002\326bO\260\220\006\033\362\345\005U\221DzJ0\001\301\025%1L\307\t\261\262z\374\222T\301\274V\236\223\262\270Ct\362\337b\356\024*\324\320\351\317\002k\336\234\027v\351\217\260\303\360\233ZPZWr\246$w\313\313\r\243r\232\2234\373\3539:N\004Q\245\272D\312D\300\300\t\323\0257\345e\271\na\215{\226\255x%T\257\037\333\004\344_/R\006E\344\037@\210\363\010\336T\226\247'\204_{\261\370""1\235\2445\343\033Y!\212\201\341\272\225'\007\315\272\005\023\276\002\260\303\221\r\003\271\r\230\t}o%\022\355\214\026\374\333\202\313&\214\202\030za\013\003""; }; "
1750527579466,1750527579466,0,1,4,3,TMGetLedger,"itype: liBASE; ledgerHash: ""\001f\352\277\0031Q]\362\370R\350{\261\202\240\344\215\201\353\276\322p5p\350\354\017>\250r\241""; ledgerSeq: 13; requestCookie: 2; queryType: qtINDIRECT; ","itype: liBASE; ledgerHash: ""\001f\352\277\0031Q]\362\370R\350{\261\202\240\344\215\201\353\276\322p5p\350\354\017>\250r\241""; ledgerSeq: 13; requestCookie: 2; queryType: qtINDIRECT; "
1750527579466,1750527579466,0,1,3,2,TMLedgerData,"ledgerHash: ""\001f\352\277\0031Q]\362\370R\350{\261\202\240\344\215\201\353\276\322p5p\350\354\017>\250r\241""; ledgerSeq: 13; type: liBASE; nodes {;   nodedata: ""\000\000\000\r\001cEx]\211\377\330\305;a\314\265R\310\017\317\331\235\360\262\240:\277\202\266\354\265X""\022\nh\252\352w\204\203\023]\000\000\000\000\000\000\000\000\000\000\000\000\000\000\000\000\000\000\000\000\000\000\000\000\000\000\000\000\000\000\000\000\324*\201\023\361\353\317\313\321E\033\360\037\227\016\2471</\2720\201\242\266\261\2775\022x4c\230/\351\252\325/\351\252\334\n\000""; }; nodes {;   nodedata: ""\323C\344\327\264{\312-\017:\006{\177\344N\002\326bO\260\220\006\033\362\345\005U\221DzJ0\001\301\025%1L\307\t\261\262z\374\222T\301\274V\236\223\262\270Ct\362\337b\356\024*\324\320\351\317\002k\336\234\027v\351\217\260\303\360\233ZPZWr\246$w\313\313\r\243r\232\2234\373\3539:N\004Q\245\272D\312D\300\300\t\323\0257\345e\271\na\215{\226\255x%T\257\037\333\004\344_/R\006E\344\037@\210\363\010\336T\226\247'\204_{\261\370""1\235\2445\343\033Y!\212\201\341\272\225'\007\315\272\005\023\276\002\260\303\221\r\003\271\r\230\t}o%\022\355\214\026\374\333\202\313&\214\202\030za\013\003""; }; ","ledgerHash: ""\001f\352\277\0031Q]\362\370R\350{\261\202\240\344\215\201\353\276\322p5p\350\354\017>\250r\241""; ledgerSeq: 13; type: liBASE; nodes {;   nodedata: ""\000\000\000\r\001cEx]\211\377\330\305;a\314\265R\310\017\317\331\235\360\262\240:\277\202\266\354\265X""\022\nh\252\352w\204\203\023]\000\000\000\000\000\000\000\000\000\000\000\000\000\000\000\000\000\000\000\000\000\000\000\000\000\000\000\000\000\000\000\000\324*\201\023\361\353\317\313\321E\033\360\037\227\016\2471</\2720\201\242\266\261\2775\022x4c\230/\351\252\325/\351\252\334\n\000""; }; nodes {;   nodedata: ""\323C\344\327\264{\312-\017:\006{\177\344N\002\326bO\260\220\006\033\362\345\005U\221DzJ0\001\301\025%1L\307\t\261\262z\374\222T\301\274V\236\223\262\270Ct\362\337b\356\024*\324\320\351\317\002k\336\234\027v\351\217\260\303\360\233ZPZWr\246$w\313\313\r\243r\232\2234\373\3539:N\004Q\245\272D\312D\300\300\t\323\0257\345e\271\na\215{\226\255x%T\257\037\333\004\344_/R\006E\344\037@\210\363\010\336T\226\247'\204_{\261\370""1\235\2445\343\033Y!\212\201\341\272\225'\007\315\272\005\023\276\002\260\303\221\r\003\271\r\230\t}o%\022\355\214\026\374\333\202\313&\214\202\030za\013\003""; }; "
1750527579467,1750527579467,0,1,1,3,TMGetLedger,"itype: liAS_NODE; ledgerHash: ""\001f\352\277\0031Q]\362\370R\350{\261\202\240\344\215\201\353\276\322p5p\350\354\017>\250r\241""; ledgerSeq: 13; nodeIDs: ""\260\000\000\000\000\000\000\000\000\000\000\000\000\000\000\000\000\000\000\000\000\000\000\000\000\000\000\000\000\000\000\000\001""; queryType: qtINDIRECT; queryDepth: 1; ","itype: liAS_NODE; ledgerHash: ""\001f\352\277\0031Q]\362\370R\350{\261\202\240\344\215\201\353\276\322p5p\350\354\017>\250r\241""; ledgerSeq: 13; nodeIDs: ""\260\000\000\000\000\000\000\000\000\000\000\000\000\000\000\000\000\000\000\000\000\000\000\000\000\000\000\000\000\000\000\000\001""; queryType: qtINDIRECT; queryDepth: 1; "
1750527579467,1750527579467,0,1,1,3,TMGetLedger,"itype: liBASE; ledgerHash: ""\001f\352\277\0031Q]\362\370R\350{\261\202\240\344\215\201\353\276\322p5p\350\354\017>\250r\241""; requestCookie: 5; queryType: qtINDIRECT; ","itype: liBASE; ledgerHash: ""\001f\352\277\0031Q]\362\370R\350{\261\202\240\344\215\201\353\276\322p5p\350\354\017>\250r\241""; requestCookie: 5; queryType: qtINDIRECT; "
1750527579468,1750527579468,0,1,4,3,TMGetLedger,"itype: liBASE; ledgerHash: ""\001f\352\277\0031Q]\362\370R\350{\261\202\240\344\215\201\353\276\322p5p\350\354\017>\250r\241""; requestCookie: 3; queryType: qtINDIRECT; ","itype: liBASE; ledgerHash: ""\001f\352\277\0031Q]\362\370R\350{\261\202\240\344\215\201\353\276\322p5p\350\354\017>\250r\241""; requestCookie: 3; queryType: qtINDIRECT; "
1750527579469,1750527579469,0,1,3,4,TMLedgerData,"ledgerHash: ""\001f\352\277\0031Q]\362\370R\350{\261\202\240\344\215\201\353\276\322p5p\350\354\017>\250r\241""; ledgerSeq: 13; type: liBASE; nodes {;   nodedata: ""\000\000\000\r\001cEx]\211\377\330\305;a\314\265R\310\017\317\331\235\360\262\240:\277\202\266\354\265X""\022\nh\252\352w\204\203\023]\000\000\000\000\000\000\000\000\000\000\000\000\000\000\000\000\000\000\000\000\000\000\000\000\000\000\000\000\000\000\000\000\324*\201\023\361\353\317\313\321E\033\360\037\227\016\2471</\2720\201\242\266\261\2775\022x4c\230/\351\252\325/\351\252\334\n\000""; }; nodes {;   nodedata: ""\323C\344\327\264{\312-\017:\006{\177\344N\002\326bO\260\220\006\033\362\345\005U\221DzJ0\001\301\025%1L\307\t\261\262z\374\222T\301\274V\236\223\262\270Ct\362\337b\356\024*\324\320\351\317\002k\336\234\027v\351\217\260\303\360\233ZPZWr\246$w\313\313\r\243r\232\2234\373\3539:N\004Q\245\272D\312D\300\300\t\323\0257\345e\271\na\215{\226\255x%T\257\037\333\004\344_/R\006E\344\037@\210\363\010\336T\226\247'\204_{\261\370""1\235\2445\343\033Y!\212\201\341\272\225'\007\315\272\005\023\276\002\260\303\221\r\003\271\r\230\t}o%\022\355\214\026\374\333\202\313&\214\202\030za\013\003""; }; requestCookie: 1; ","ledgerHash: ""\001f\352\277\0031Q]\362\370R\350{\261\202\240\344\215\201\353\276\322p5p\350\354\017>\250r\241""; ledgerSeq: 13; type: liBASE; nodes {;   nodedata: ""\000\000\000\r\001cEx]\211\377\330\305;a\314\265R\310\017\317\331\235\360\262\240:\277\202\266\354\265X""\022\nh\252\352w\204\203\023]\000\000\000\000\000\000\000\000\000\000\000\000\000\000\000\000\000\000\000\000\000\000\000\000\000\000\000\000\000\000\000\000\324*\201\023\361\353\317\313\321E\033\360\037\227\016\2471</\2720\201\242\266\261\2775\022x4c\230/\351\252\325/\351\252\334\n\000""; }; nodes {;   nodedata: ""\323C\344\327\264{\312-\017:\006{\177\344N\002\326bO\260\220\006\033\362\345\005U\221DzJ0\001\301\025%1L\307\t\261\262z\374\222T\301\274V\236\223\262\270Ct\362\337b\356\024*\324\320\351\317\002k\336\234\027v\351\217\260\303\360\233ZPZWr\246$w\313\313\r\243r\232\2234\373\3539:N\004Q\245\272D\312D\300\300\t\323\0257\345e\271\na\215{\226\255x%T\257\037\333\004\344_/R\006E\344\037@\210\363\010\336T\226\247'\204_{\261\370""1\235\2445\343\033Y!\212\201\341\272\225'\007\315\272\005\023\276\002\260\303\221\r\003\271\r\230\t}o%\022\355\214\026\374\333\202\313&\214\202\030za\013\003""; }; requestCookie: 1; "
1750527579469,1750527579470,0,1,3,1,TMLedgerData,"ledgerHash: ""\001f\352\277\0031Q]\362\370R\350{\261\202\240\344\215\201\353\276\322p5p\350\354\017>\250r\241""; ledgerSeq: 13; type: liBASE; nodes {;   nodedata: ""\000\000\000\r\001cEx]\211\377\330\305;a\314\265R\310\017\317\331\235\360\262\240:\277\202\266\354\265X""\022\nh\252\352w\204\203\023]\000\000\000\000\000\000\000\000\000\000\000\000\000\000\000\000\000\000\000\000\000\000\000\000\000\000\000\000\000\000\000\000\324*\201\023\361\353\317\313\321E\033\360\037\227\016\2471</\2720\201\242\266\261\2775\022x4c\230/\351\252\325/\351\252\334\n\000""; }; nodes {;   nodedata: ""\323C\344\327\264{\312-\017:\006{\177\344N\002\326bO\260\220\006\033\362\345\005U\221DzJ0\001\301\025%1L\307\t\261\262z\374\222T\301\274V\236\223\262\270Ct\362\337b\356\024*\324\320\351\317\002k\336\234\027v\351\217\260\303\360\233ZPZWr\246$w\313\313\r\243r\232\2234\373\3539:N\004Q\245\272D\312D\300\300\t\323\0257\345e\271\na\215{\226\255x%T\257\037\333\004\344_/R\006E\344\037@\210\363\010\336T\226\247'\204_{\261\370""1\235\2445\343\033Y!\212\201\341\272\225'\007\315\272\005\023\276\002\260\303\221\r\003\271\r\230\t}o%\022\355\214\026\374\333\202\313&\214\202\030za\013\003""; }; requestCookie: 3; ","ledgerHash: ""\001f\352\277\0031Q]\362\370R\350{\261\202\240\344\215\201\353\276\322p5p\350\354\017>\250r\241""; ledgerSeq: 13; type: liBASE; nodes {;   nodedata: ""\000\000\000\r\001cEx]\211\377\330\305;a\314\265R\310\017\317\331\235\360\262\240:\277\202\266\354\265X""\022\nh\252\352w\204\203\023]\000\000\000\000\000\000\000\000\000\000\000\000\000\000\000\000\000\000\000\000\000\000\000\000\000\000\000\000\000\000\000\000\324*\201\023\361\353\317\313\321E\033\360\037\227\016\2471</\2720\201\242\266\261\2775\022x4c\230/\351\252\325/\351\252\334\n\000""; }; nodes {;   nodedata: ""\323C\344\327\264{\312-\017:\006{\177\344N\002\326bO\260\220\006\033\362\345\005U\221DzJ0\001\301\025%1L\307\t\261\262z\374\222T\301\274V\236\223\262\270Ct\362\337b\356\024*\324\320\351\317\002k\336\234\027v\351\217\260\303\360\233ZPZWr\246$w\313\313\r\243r\232\2234\373\3539:N\004Q\245\272D\312D\300\300\t\323\0257\345e\271\na\215{\226\255x%T\257\037\333\004\344_/R\006E\344\037@\210\363\010\336T\226\247'\204_{\261\370""1\235\2445\343\033Y!\212\201\341\272\225'\007\315\272\005\023\276\002\260\303\221\r\003\271\r\230\t}o%\022\355\214\026\374\333\202\313&\214\202\030za\013\003""; }; requestCookie: 3; "
1750527579470,1750527579471,0,1,3,1,TMLedgerData,"ledgerHash: ""\001f\352\277\0031Q]\362\370R\350{\261\202\240\344\215\201\353\276\322p5p\350\354\017>\250r\241""; ledgerSeq: 13; type: liBASE; nodes {;   nodedata: ""\000\000\000\r\001cEx]\211\377\330\305;a\314\265R\310\017\317\331\235\360\262\240:\277\202\266\354\265X""\022\nh\252\352w\204\203\023]\000\000\000\000\000\000\000\000\000\000\000\000\000\000\000\000\000\000\000\000\000\000\000\000\000\000\000\000\000\000\000\000\324*\201\023\361\353\317\313\321E\033\360\037\227\016\2471</\2720\201\242\266\261\2775\022x4c\230/\351\252\325/\351\252\334\n\000""; }; nodes {;   nodedata: ""\323C\344\327\264{\312-\017:\006{\177\344N\002\326bO\260\220\006\033\362\345\005U\221DzJ0\001\301\025%1L\307\t\261\262z\374\222T\301\274V\236\223\262\270Ct\362\337b\356\024*\324\320\351\317\002k\336\234\027v\351\217\260\303\360\233ZPZWr\246$w\313\313\r\243r\232\2234\373\3539:N\004Q\245\272D\312D\300\300\t\323\0257\345e\271\na\215{\226\255x%T\257\037\333\004\344_/R\006E\344\037@\210\363\010\336T\226\247'\204_{\261\370""1\235\2445\343\033Y!\212\201\341\272\225'\007\315\272\005\023\276\002\260\303\221\r\003\271\r\230\t}o%\022\355\214\026\374\333\202\313&\214\202\030za\013\003""; }; requestCookie: 2; ","ledgerHash: ""\001f\352\277\0031Q]\362\370R\350{\261\202\240\344\215\201\353\276\322p5p\350\354\017>\250r\241""; ledgerSeq: 13; type: liBASE; nodes {;   nodedata: ""\000\000\000\r\001cEx]\211\377\330\305;a\314\265R\310\017\317\331\235\360\262\240:\277\202\266\354\265X""\022\nh\252\352w\204\203\023]\000\000\000\000\000\000\000\000\000\000\000\000\000\000\000\000\000\000\000\000\000\000\000\000\000\000\000\000\000\000\000\000\324*\201\023\361\353\317\313\321E\033\360\037\227\016\2471</\2720\201\242\266\261\2775\022x4c\230/\351\252\325/\351\252\334\n\000""; }; nodes {;   nodedata: ""\323C\344\327\264{\312-\017:\006{\177\344N\002\326bO\260\220\006\033\362\345\005U\221DzJ0\001\301\025%1L\307\t\261\262z\374\222T\301\274V\236\223\262\270Ct\362\337b\356\024*\324\320\351\317\002k\336\234\027v\351\217\260\303\360\233ZPZWr\246$w\313\313\r\243r\232\2234\373\3539:N\004Q\245\272D\312D\300\300\t\323\0257\345e\271\na\215{\226\255x%T\257\037\333\004\344_/R\006E\344\037@\210\363\010\336T\226\247'\204_{\261\370""1\235\2445\343\033Y!\212\201\341\272\225'\007\315\272\005\023\276\002\260\303\221\r\003\271\r\230\t}o%\022\355\214\026\374\333\202\313&\214\202\030za\013\003""; }; requestCookie: 2; "
1750527579471,1750527579471,0,1,4,3,TMGetLedger,"itype: liAS_NODE; ledgerHash: ""\001f\352\277\0031Q]\362\370R\350{\261\202\240\344\215\201\353\276\322p5p\350\354\017>\250r\241""; ledgerSeq: 13; nodeIDs: ""\260\000\000\000\000\000\000\000\000\000\000\000\000\000\000\000\000\000\000\000\000\000\000\000\000\000\000\000\000\000\000\000\001""; queryType: qtINDIRECT; queryDepth: 1; ","itype: liAS_NODE; ledgerHash: ""\001f\352\277\0031Q]\362\370R\350{\261\202\240\344\215\201\353\276\322p5p\350\354\017>\250r\241""; ledgerSeq: 13; nodeIDs: ""\260\000\000\000\000\000\000\000\000\000\000\000\000\000\000\000\000\000\000\000\000\000\000\000\000\000\000\000\000\000\000\000\001""; queryType: qtINDIRECT; queryDepth: 1; "
1750527579472,1750527579473,0,1,0,3,TMGetLedger,"itype: liBASE; ledgerHash: ""\001f\352\277\0031Q]\362\370R\350{\261\202\240\344\215\201\353\276\322p5p\350\354\017>\250r\241""; requestCookie: 5; queryType: qtINDIRECT; ","itype: liBASE; ledgerHash: ""\001f\352\277\0031Q]\362\370R\350{\261\202\240\344\215\201\353\276\322p5p\350\354\017>\250r\241""; requestCookie: 5; queryType: qtINDIRECT; "
1750527579473,1750527579473,0,1,0,3,TMGetLedger,"itype: liBASE; ledgerHash: ""\001f\352\277\0031Q]\362\370R\350{\261\202\240\344\215\201\353\276\322p5p\350\354\017>\250r\241""; requestCookie: 3; queryType: qtINDIRECT; ","itype: liBASE; ledgerHash: ""\001f\352\277\0031Q]\362\370R\350{\261\202\240\344\215\201\353\276\322p5p\350\354\017>\250r\241""; requestCookie: 3; queryType: qtINDIRECT; "
1750527579473,1750527579473,0,1,2,3,TMGetLedger,"itype: liBASE; ledgerHash: ""\001f\352\277\0031Q]\362\370R\350{\261\202\240\344\215\201\353\276\322p5p\350\354\017>\250r\241""; queryType: qtINDIRECT; ","itype: liBASE; ledgerHash: ""\001f\352\277\0031Q]\362\370R\350{\261\202\240\344\215\201\353\276\322p5p\350\354\017>\250r\241""; queryType: qtINDIRECT; "
1750527579474,1750527579474,0,1,2,3,TMGetLedger,"itype: liBASE; ledgerHash: ""\001f\352\277\0031Q]\362\370R\350{\261\202\240\344\215\201\353\276\322p5p\350\354\017>\250r\241""; ledgerSeq: 13; requestCookie: 3; queryType: qtINDIRECT; ","itype: liBASE; ledgerHash: ""\001f\352\277\0031Q]\362\370R\350{\261\202\240\344\215\201\353\276\322p5p\350\354\017>\250r\241""; ledgerSeq: 13; requestCookie: 3; queryType: qtINDIRECT; "
1750527579474,1750527579474,0,1,2,3,TMGetLedger,"itype: liBASE; ledgerHash: ""\001f\352\277\0031Q]\362\370R\350{\261\202\240\344\215\201\353\276\322p5p\350\354\017>\250r\241""; requestCookie: 5; queryType: qtINDIRECT; ","itype: liBASE; ledgerHash: ""\001f\352\277\0031Q]\362\370R\350{\261\202\240\344\215\201\353\276\322p5p\350\354\017>\250r\241""; requestCookie: 5; queryType: qtINDIRECT; "
1750527579475,1750527579475,0,1,3,4,TMLedgerData,"ledgerHash: ""\001f\352\277\0031Q]\362\370R\350{\261\202\240\344\215\201\353\276\322p5p\350\354\017>\250r\241""; ledgerSeq: 13; type: liBASE; nodes {;   nodedata: ""\000\000\000\r\001cEx]\211\377\330\305;a\314\265R\310\017\317\331\235\360\262\240:\277\202\266\354\265X""\022\nh\252\352w\204\203\023]\000\000\000\000\000\000\000\000\000\000\000\000\000\000\000\000\000\000\000\000\000\000\000\000\000\000\000\000\000\000\000\000\324*\201\023\361\353\317\313\321E\033\360\037\227\016\2471</\2720\201\242\266\261\2775\022x4c\230/\351\252\325/\351\252\334\n\000""; }; nodes {;   nodedata: ""\323C\344\327\264{\312-\017:\006{\177\344N\002\326bO\260\220\006\033\362\345\005U\221DzJ0\001\301\025%1L\307\t\261\262z\374\222T\301\274V\236\223\262\270Ct\362\337b\356\024*\324\320\351\317\002k\336\234\027v\351\217\260\303\360\233ZPZWr\246$w\313\313\r\243r\232\2234\373\3539:N\004Q\245\272D\312D\300\300\t\323\0257\345e\271\na\215{\226\255x%T\257\037\333\004\344_/R\006E\344\037@\210\363\010\336T\226\247'\204_{\261\370""1\235\2445\343\033Y!\212\201\341\272\225'\007\315\272\005\023\276\002\260\303\221\r\003\271\r\230\t}o%\022\355\214\026\374\333\202\313&\214\202\030za\013\003""; }; requestCookie: 2; ","ledgerHash: ""\001f\352\277\0031Q]\362\370R\350{\261\202\240\344\215\201\353\276\322p5p\350\354\017>\250r\241""; ledgerSeq: 13; type: liBASE; nodes {;   nodedata: ""\000\000\000\r\001cEx]\211\377\330\305;a\314\265R\310\017\317\331\235\360\262\240:\277\202\266\354\265X""\022\nh\252\352w\204\203\023]\000\000\000\000\000\000\000\000\000\000\000\000\000\000\000\000\000\000\000\000\000\000\000\000\000\000\000\000\000\000\000\000\324*\201\023\361\353\317\313\321E\033\360\037\227\016\2471</\2720\201\242\266\261\2775\022x4c\230/\351\252\325/\351\252\334\n\000""; }; nodes {;   nodedata: ""\323C\344\327\264{\312-\017:\006{\177\344N\002\326bO\260\220\006\033\362\345\005U\221DzJ0\001\301\025%1L\307\t\261\262z\374\222T\301\274V\236\223\262\270Ct\362\337b\356\024*\324\320\351\317\002k\336\234\027v\351\217\260\303\360\233ZPZWr\246$w\313\313\r\243r\232\2234\373\3539:N\004Q\245\272D\312D\300\300\t\323\0257\345e\271\na\215{\226\255x%T\257\037\333\004\344_/R\006E\344\037@\210\363\010\336T\226\247'\204_{\261\370""1\235\2445\343\033Y!\212\201\341\272\225'\007\315\272\005\023\276\002\260\303\221\r\003\271\r\230\t}o%\022\355\214\026\374\333\202\313&\214\202\030za\013\003""; }; requestCookie: 2; "
1750527579476,1750527579476,0,1,2,3,TMGetLedger,"itype: liBASE; ledgerHash: ""\001f\352\277\0031Q]\362\370R\350{\261\202\240\344\215\201\353\276\322p5p\350\354\017>\250r\241""; ledgerSeq: 13; requestCookie: 2; queryType: qtINDIRECT; ","itype: liBASE; ledgerHash: ""\001f\352\277\0031Q]\362\370R\350{\261\202\240\344\215\201\353\276\322p5p\350\354\017>\250r\241""; ledgerSeq: 13; requestCookie: 2; queryType: qtINDIRECT; "
1750527579477,1750527579477,0,1,3,1,TMLedgerData,"ledgerHash: ""\001f\352\277\0031Q]\362\370R\350{\261\202\240\344\215\201\353\276\322p5p\350\354\017>\250r\241""; ledgerSeq: 13; type: liAS_NODE; nodes {;   nodedata: ""\021\000h""\000\000\000\000 \033\000\000\000\014\002\023\301\337\330\356GuH\375\327!\255\371\r\231\262R\256J\034\222\241\355X\265E\241^W\225\304\014\361CX-}\351f\032\255\274\334m\326c\017\014ao[\342\230\003\245\245\3341Hm\326^\017jy\335\261\032Yt\320\244{g\0306\\302\303*\341\215\223\257\364\277o\375\000r\241SOq\221\253\262\005\017\375T\356\014\360o'\030\311-\267\031\257!\031T\006><\315XM\334\324\345\034\000\325\367\240\271\013\265\024\321\362\354\211\250.\234s\225amc\305\035\366\276\037nD\277`\210\223N\3535\033\261\304f\331]\036\237\306o!\223\221\002\324\031\262\240R\177 ,\214\325\Q])\016\2067\277\t\354\010\000\360\215\2502\265\245\310\226\243c\302Ze\306\253#r\020\211\320iG\276\020E\317\035Sf\223F\254\033@\177e\277\016\010u\327\371&\262\312\317Q\2361t\377x\234\001v\003%\030\325_\225g\204\346a=\225\273\331\354\365*U\363\263N\367b\371\244\314-w\363\262\225Z\200\206\235\233\257?sE\2674\254\326mU\377?\177Ek\336\030!\316Aa\225\303\022\377{\210Y\226\271as\354L\035\004\341\361\035\301\024\220m#*\372\032\3178~\374\250\014*\323\342'z69\220\327\256\351G\367\317u\302\207\270b\315\333\333\334\310I\323&\014\352XZnW2.\335\347\202\021\247\362\212e\034\000\001\250\220\305;a\314\265R\310\017\317\331\235\360\262\240:\277\202\266\354\265X""\022\nh\252\352w\204\203\023]\264\227\2326\315\307\363\323\325\303\032N\256*\307\327 \235\332\207u\210\271\257\306g\231i*\260\326k\001"";   nodeid: ""\260\000\000\000\000\000\000\000\000\000\000\000\000\000\000\000\000\000\000\000\000\000\000\000\000\000\000\000\000\000\000\000\001""; }; ","ledgerHash: ""\001f\352\277\0031Q]\362\370R\350{\261\202\240\344\215\201\353\276\322p5p\350\354\017>\250r\241""; ledgerSeq: 13; type: liAS_NODE; nodes {;   nodedata: ""\021\000h""\000\000\000\000 \033\000\000\000\014\002\023\301\337\330\356GuH\375\327!\255\371\r\231\262R\256J\034\222\241\355X\265E\241^W\225\304\014\361CX-}\351f\032\255\274\334m\326c\017\014ao[\342\230\003\245\245\3341Hm\326^\017jy\335\261\032Yt\320\244{g\0306\\302\303*\341\215\223\257\364\277o\375\000r\241SOq\221\253\262\005\017\375T\356\014\360o'\030\311-\267\031\257!\031T\006><\315XM\334\324\345\034\000\325\367\240\271\013\265\024\321\362\354\211\250.\234s\225amc\305\035\366\276\037nD\277`\210\223N\3535\033\261\304f\331]\036\237\306o!\223\221\002\324\031\262\240R\177 ,\214\325\Q])\016\2067\277\t\354\010\000\360\215\2502\265\245\310\226\243c\302Ze\306\253#r\020\211\320iG\276\020E\317\035Sf\223F\254\033@\177e\277\016\010u\327\371&\262\312\317Q\2361t\377x\234\001v\003%\030\325_\225g\204\346a=\225\273\331\354\365*U\363\263N\367b\371\244\314-w\363\262\225Z\200\206\235\233\257?sE\2674\254\326mU\377?\177Ek\336\030!\316Aa\225\303\022\377{\210Y\226\271as\354L\035\004\341\361\035\301\024\220m#*\372\032\3178~\374\250\014*\323\342'z69\220\327\256\351G\367\317u\302\207\270b\315\333\333\334\310I\323&\014\352XZnW2.\335\347\202\021\247\362\212e\034\000\001\250\220\305;a\314\265R\310\017\317\331\235\360\262\240:\277\202\266\354\265X""\022\nh\252\352w\204\203\023]\264\227\2326\315\307\363\323\325\303\032N\256*\307\327 \235\332\207u\210\271\257\306g\231i*\260\326k\001"";   nodeid: ""\260\000\000\000\000\000\000\000\000\000\000\000\000\000\000\000\000\000\000\000\000\000\000\000\000\000\000\000\000\000\000\000\001""; }; "
1750527579478,1750527579478,0,1,3,4,TMLedgerData,"ledgerHash: ""\001f\352\277\0031Q]\362\370R\350{\261\202\240\344\215\201\353\276\322p5p\350\354\017>\250r\241""; ledgerSeq: 13; type: liBASE; nodes {;   nodedata: ""\000\000\000\r\001cEx]\211\377\330\305;a\314\265R\310\017\317\331\235\360\262\240:\277\202\266\354\265X""\022\nh\252\352w\204\203\023]\000\000\000\000\000\000\000\000\000\000\000\000\000\000\000\000\000\000\000\000\000\000\000\000\000\000\000\000\000\000\000\000\324*\201\023\361\353\317\313\321E\033\360\037\227\016\2471</\2720\201\242\266\261\2775\022x4c\230/\351\252\325/\351\252\334\n\000""; }; nodes {;   nodedata: ""\323C\344\327\264{\312-\017:\006{\177\344N\002\326bO\260\220\006\033\362\345\005U\221DzJ0\001\301\025%1L\307\t\261\262z\374\222T\301\274V\236\223\262\270Ct\362\337b\356\024*\324\320\351\317\002k\336\234\027v\351\217\260\303\360\233ZPZWr\246$w\313\313\r\243r\232\2234\373\3539:N\004Q\245\272D\312D\300\300\t\323\0257\345e\271\na\215{\226\255x%T\257\037\333\004\344_/R\006E\344\037@\210\363\010\336T\226\247'\204_{\261\370""1\235\2445\343\033Y!\212\201\341\272\225'\007\315\272\005\023\276\002\260\303\221\r\003\271\r\230\t}o%\022\355\214\026\374\333\202\313&\214\202\030za\013\003""; }; requestCookie: 3; ","ledgerHash: ""\001f\352\277\0031Q]\362\370R\350{\261\202\240\344\215\201\353\276\322p5p\350\354\017>\250r\241""; ledgerSeq: 13; type: liBASE; nodes {;   nodedata: ""\000\000\000\r\001cEx]\211\377\330\305;a\314\265R\310\017\317\331\235\360\262\240:\277\202\266\354\265X""\022\nh\252\352w\204\203\023]\000\000\000\000\000\000\000\000\000\000\000\000\000\000\000\000\000\000\000\000\000\000\000\000\000\000\000\000\000\000\000\000\324*\201\023\361\353\317\313\321E\033\360\037\227\016\2471</\2720\201\242\266\261\2775\022x4c\230/\351\252\325/\351\252\334\n\000""; }; nodes {;   nodedata: ""\323C\344\327\264{\312-\017:\006{\177\344N\002\326bO\260\220\006\033\362\345\005U\221DzJ0\001\301\025%1L\307\t\261\262z\374\222T\301\274V\236\223\262\270Ct\362\337b\356\024*\324\320\351\317\002k\336\234\027v\351\217\260\303\360\233ZPZWr\246$w\313\313\r\243r\232\2234\373\3539:N\004Q\245\272D\312D\300\300\t\323\0257\345e\271\na\215{\226\255x%T\257\037\333\004\344_/R\006E\344\037@\210\363\010\336T\226\247'\204_{\261\370""1\235\2445\343\033Y!\212\201\341\272\225'\007\315\272\005\023\276\002\260\303\221\r\003\271\r\230\t}o%\022\355\214\026\374\333\202\313&\214\202\030za\013\003""; }; requestCookie: 3; "
1750527579478,1750527579479,0,1,3,1,TMLedgerData,"ledgerHash: ""\001f\352\277\0031Q]\362\370R\350{\261\202\240\344\215\201\353\276\322p5p\350\354\017>\250r\241""; ledgerSeq: 13; type: liBASE; nodes {;   nodedata: ""\000\000\000\r\001cEx]\211\377\330\305;a\314\265R\310\017\317\331\235\360\262\240:\277\202\266\354\265X""\022\nh\252\352w\204\203\023]\000\000\000\000\000\000\000\000\000\000\000\000\000\000\000\000\000\000\000\000\000\000\000\000\000\000\000\000\000\000\000\000\324*\201\023\361\353\317\313\321E\033\360\037\227\016\2471</\2720\201\242\266\261\2775\022x4c\230/\351\252\325/\351\252\334\n\000""; }; nodes {;   nodedata: ""\323C\344\327\264{\312-\017:\006{\177\344N\002\326bO\260\220\006\033\362\345\005U\221DzJ0\001\301\025%1L\307\t\261\262z\374\222T\301\274V\236\223\262\270Ct\362\337b\356\024*\324\320\351\317\002k\336\234\027v\351\217\260\303\360\233ZPZWr\246$w\313\313\r\243r\232\2234\373\3539:N\004Q\245\272D\312D\300\300\t\323\0257\345e\271\na\215{\226\255x%T\257\037\333\004\344_/R\006E\344\037@\210\363\010\336T\226\247'\204_{\261\370""1\235\2445\343\033Y!\212\201\341\272\225'\007\315\272\005\023\276\002\260\303\221\r\003\271\r\230\t}o%\022\355\214\026\374\333\202\313&\214\202\030za\013\003""; }; requestCookie: 5; ","ledgerHash: ""\001f\352\277\0031Q]\362\370R\350{\261\202\240\344\215\201\353\276\322p5p\350\354\017>\250r\241""; ledgerSeq: 13; type: liBASE; nodes {;   nodedata: ""\000\000\000\r\001cEx]\211\377\330\305;a\314\265R\310\017\317\331\235\360\262\240:\277\202\266\354\265X""\022\nh\252\352w\204\203\023]\000\000\000\000\000\000\000\000\000\000\000\000\000\000\000\000\000\000\000\000\000\000\000\000\000\000\000\000\000\000\000\000\324*\201\023\361\353\317\313\321E\033\360\037\227\016\2471</\2720\201\242\266\261\2775\022x4c\230/\351\252\325/\351\252\334\n\000""; }; nodes {;   nodedata: ""\323C\344\327\264{\312-\017:\006{\177\344N\002\326bO\260\220\006\033\362\345\005U\221DzJ0\001\301\025%1L\307\t\261\262z\374\222T\301\274V\236\223\262\270Ct\362\337b\356\024*\324\320\351\317\002k\336\234\027v\351\217\260\303\360\233ZPZWr\246$w\313\313\r\243r\232\2234\373\3539:N\004Q\245\272D\312D\300\300\t\323\0257\345e\271\na\215{\226\255x%T\257\037\333\004\344_/R\006E\344\037@\210\363\010\336T\226\247'\204_{\261\370""1\235\2445\343\033Y!\212\201\341\272\225'\007\315\272\005\023\276\002\260\303\221\r\003\271\r\230\t}o%\022\355\214\026\374\333\202\313&\214\202\030za\013\003""; }; requestCookie: 5; "
1750527579479,1750527579479,0,1,4,0,TMLedgerData,"ledgerHash: ""\001f\352\277\0031Q]\362\370R\350{\261\202\240\344\215\201\353\276\322p5p\350\354\017>\250r\241""; ledgerSeq: 13; type: liBASE; nodes {;   nodedata: ""\000\000\000\r\001cEx]\211\377\330\305;a\314\265R\310\017\317\331\235\360\262\240:\277\202\266\354\265X""\022\nh\252\352w\204\203\023]\000\000\000\000\000\000\000\000\000\000\000\000\000\000\000\000\000\000\000\000\000\000\000\000\000\000\000\000\000\000\000\000\324*\201\023\361\353\317\313\321E\033\360\037\227\016\2471</\2720\201\242\266\261\2775\022x4c\230/\351\252\325/\351\252\334\n\000""; }; nodes {;   nodedata: ""\323C\344\327\264{\312-\017:\006{\177\344N\002\326bO\260\220\006\033\362\345\005U\221DzJ0\001\301\025%1L\307\t\261\262z\374\222T\301\274V\236\223\262\270Ct\362\337b\356\024*\324\320\351\317\002k\336\234\027v\351\217\260\303\360\233ZPZWr\246$w\313\313\r\243r\232\2234\373\3539:N\004Q\245\272D\312D\300\300\t\323\0257\345e\271\na\215{\226\255x%T\257\037\333\004\344_/R\006E\344\037@\210\363\010\336T\226\247'\204_{\261\370""1\235\2445\343\033Y!\212\201\341\272\225'\007\315\272\005\023\276\002\260\303\221\r\003\271\r\230\t}o%\022\355\214\026\374\333\202\313&\214\202\030za\013\003""; }; ","ledgerHash: ""\001f\352\277\0031Q]\362\370R\350{\261\202\240\344\215\201\353\276\322p5p\350\354\017>\250r\241""; ledgerSeq: 13; type: liBASE; nodes {;   nodedata: ""\000\000\000\r\001cEx]\211\377\330\305;a\314\265R\310\017\317\331\235\360\262\240:\277\202\266\354\265X""\022\nh\252\352w\204\203\023]\000\000\000\000\000\000\000\000\000\000\000\000\000\000\000\000\000\000\000\000\000\000\000\000\000\000\000\000\000\000\000\000\324*\201\023\361\353\317\313\321E\033\360\037\227\016\2471</\2720\201\242\266\261\2775\022x4c\230/\351\252\325/\351\252\334\n\000""; }; nodes {;   nodedata: ""\323C\344\327\264{\312-\017:\006{\177\344N\002\326bO\260\220\006\033\362\345\005U\221DzJ0\001\301\025%1L\307\t\261\262z\374\222T\301\274V\236\223\262\270Ct\362\337b\356\024*\324\320\351\317\002k\336\234\027v\351\217\260\303\360\233ZPZWr\246$w\313\313\r\243r\232\2234\373\3539:N\004Q\245\272D\312D\300\300\t\323\0257\345e\271\na\215{\226\255x%T\257\037\333\004\344_/R\006E\344\037@\210\363\010\336T\226\247'\204_{\261\370""1\235\2445\343\033Y!\212\201\341\272\225'\007\315\272\005\023\276\002\260\303\221\r\003\271\r\230\t}o%\022\355\214\026\374\333\202\313&\214\202\030za\013\003""; }; "
1750527579480,1750527579480,0,1,1,2,TMLedgerData,"ledgerHash: ""\001f\352\277\0031Q]\362\370R\350{\261\202\240\344\215\201\353\276\322p5p\350\354\017>\250r\241""; ledgerSeq: 13; type: liBASE; nodes {;   nodedata: ""\000\000\000\r\001cEx]\211\377\330\305;a\314\265R\310\017\317\331\235\360\262\240:\277\202\266\354\265X""\022\nh\252\352w\204\203\023]\000\000\000\000\000\000\000\000\000\000\000\000\000\000\000\000\000\000\000\000\000\000\000\000\000\000\000\000\000\000\000\000\324*\201\023\361\353\317\313\321E\033\360\037\227\016\2471</\2720\201\242\266\261\2775\022x4c\230/\351\252\325/\351\252\334\n\000""; }; nodes {;   nodedata: ""\323C\344\327\264{\312-\017:\006{\177\344N\002\326bO\260\220\006\033\362\345\005U\221DzJ0\001\301\025%1L\307\t\261\262z\374\222T\301\274V\236\223\262\270Ct\362\337b\356\024*\324\320\351\317\002k\336\234\027v\351\217\260\303\360\233ZPZWr\246$w\313\313\r\243r\232\2234\373\3539:N\004Q\245\272D\312D\300\300\t\323\0257\345e\271\na\215{\226\255x%T\257\037\333\004\344_/R\006E\344\037@\210\363\010\336T\226\247'\204_{\261\370""1\235\2445\343\033Y!\212\201\341\272\225'\007\315\272\005\023\276\002\260\303\221\r\003\271\r\230\t}o%\022\355\214\026\374\333\202\313&\214\202\030za\013\003""; }; ","ledgerHash: ""\001f\352\277\0031Q]\362\370R\350{\261\202\240\344\215\201\353\276\322p5p\350\354\017>\250r\241""; ledgerSeq: 13; type: liBASE; nodes {;   nodedata: ""\000\000\000\r\001cEx]\211\377\330\305;a\314\265R\310\017\317\331\235\360\262\240:\277\202\266\354\265X""\022\nh\252\352w\204\203\023]\000\000\000\000\000\000\000\000\000\000\000\000\000\000\000\000\000\000\000\000\000\000\000\000\000\000\000\000\000\000\000\000\324*\201\023\361\353\317\313\321E\033\360\037\227\016\2471</\2720\201\242\266\261\2775\022x4c\230/\351\252\325/\351\252\334\n\000""; }; nodes {;   nodedata: ""\323C\344\327\264{\312-\017:\006{\177\344N\002\326bO\260\220\006\033\362\345\005U\221DzJ0\001\301\025%1L\307\t\261\262z\374\222T\301\274V\236\223\262\270Ct\362\337b\356\024*\324\320\351\317\002k\336\234\027v\351\217\260\303\360\233ZPZWr\246$w\313\313\r\243r\232\2234\373\3539:N\004Q\245\272D\312D\300\300\t\323\0257\345e\271\na\215{\226\255x%T\257\037\333\004\344_/R\006E\344\037@\210\363\010\336T\226\247'\204_{\261\370""1\235\2445\343\033Y!\212\201\341\272\225'\007\315\272\005\023\276\002\260\303\221\r\003\271\r\230\t}o%\022\355\214\026\374\333\202\313&\214\202\030za\013\003""; }; "
1750527579481,1750527579481,0,1,1,0,TMLedgerData,"ledgerHash: ""\001f\352\277\0031Q]\362\370R\350{\261\202\240\344\215\201\353\276\322p5p\350\354\017>\250r\241""; ledgerSeq: 13; type: liBASE; nodes {;   nodedata: ""\000\000\000\r\001cEx]\211\377\330\305;a\314\265R\310\017\317\331\235\360\262\240:\277\202\266\354\265X""\022\nh\252\352w\204\203\023]\000\000\000\000\000\000\000\000\000\000\000\000\000\000\000\000\000\000\000\000\000\000\000\000\000\000\000\000\000\000\000\000\324*\201\023\361\353\317\313\321E\033\360\037\227\016\2471</\2720\201\242\266\261\2775\022x4c\230/\351\252\325/\351\252\334\n\000""; }; nodes {;   nodedata: ""\323C\344\327\264{\312-\017:\006{\177\344N\002\326bO\260\220\006\033\362\345\005U\221DzJ0\001\301\025%1L\307\t\261\262z\374\222T\301\274V\236\223\262\270Ct\362\337b\356\024*\324\320\351\317\002k\336\234\027v\351\217\260\303\360\233ZPZWr\246$w\313\313\r\243r\232\2234\373\3539:N\004Q\245\272D\312D\300\300\t\323\0257\345e\271\na\215{\226\255x%T\257\037\333\004\344_/R\006E\344\037@\210\363\010\336T\226\247'\204_{\261\370""1\235\2445\343\033Y!\212\201\341\272\225'\007\315\272\005\023\276\002\260\303\221\r\003\271\r\230\t}o%\022\355\214\026\374\333\202\313&\214\202\030za\013\003""; }; ","ledgerHash: ""\001f\352\277\0031Q]\362\370R\350{\261\202\240\344\215\201\353\276\322p5p\350\354\017>\250r\241""; ledgerSeq: 13; type: liBASE; nodes {;   nodedata: ""\000\000\000\r\001cEx]\211\377\330\305;a\314\265R\310\017\317\331\235\360\262\240:\277\202\266\354\265X""\022\nh\252\352w\204\203\023]\000\000\000\000\000\000\000\000\000\000\000\000\000\000\000\000\000\000\000\000\000\000\000\000\000\000\000\000\000\000\000\000\324*\201\023\361\353\317\313\321E\033\360\037\227\016\2471</\2720\201\242\266\261\2775\022x4c\230/\351\252\325/\351\252\334\n\000""; }; nodes {;   nodedata: ""\323C\344\327\264{\312-\017:\006{\177\344N\002\326bO\260\220\006\033\362\345\005U\221DzJ0\001\301\025%1L\307\t\261\262z\374\222T\301\274V\236\223\262\270Ct\362\337b\356\024*\324\320\351\317\002k\336\234\027v\351\217\260\303\360\233ZPZWr\246$w\313\313\r\243r\232\2234\373\3539:N\004Q\245\272D\312D\300\300\t\323\0257\345e\271\na\215{\226\255x%T\257\037\333\004\344_/R\006E\344\037@\210\363\010\336T\226\247'\204_{\261\370""1\235\2445\343\033Y!\212\201\341\272\225'\007\315\272\005\023\276\002\260\303\221\r\003\271\r\230\t}o%\022\355\214\026\374\333\202\313&\214\202\030za\013\003""; }; "
1750527579482,1750527579482,0,1,3,4,TMLedgerData,"ledgerHash: ""\001f\352\277\0031Q]\362\370R\350{\261\202\240\344\215\201\353\276\322p5p\350\354\017>\250r\241""; ledgerSeq: 13; type: liAS_NODE; nodes {;   nodedata: ""\021\000h""\000\000\000\000 \033\000\000\000\014\002\023\301\337\330\356GuH\375\327!\255\371\r\231\262R\256J\034\222\241\355X\265E\241^W\225\304\014\361CX-}\351f\032\255\274\334m\326c\017\014ao[\342\230\003\245\245\3341Hm\326^\017jy\335\261\032Yt\320\244{g\0306\\302\303*\341\215\223\257\364\277o\375\000r\241SOq\221\253\262\005\017\375T\356\014\360o'\030\311-\267\031\257!\031T\006><\315XM\334\324\345\034\000\325\367\240\271\013\265\024\321\362\354\211\250.\234s\225amc\305\035\366\276\037nD\277`\210\223N\3535\033\261\304f\331]\036\237\306o!\223\221\002\324\031\262\240R\177 ,\214\325\Q])\016\2067\277\t\354\010\000\360\215\2502\265\245\310\226\243c\302Ze\306\253#r\020\211\320iG\276\020E\317\035Sf\223F\254\033@\177e\277\016\010u\327\371&\262\312\317Q\2361t\377x\234\001v\003%\030\325_\225g\204\346a=\225\273\331\354\365*U\363\263N\367b\371\244\314-w\363\262\225Z\200\206\235\233\257?sE\2674\254\326mU\377?\177Ek\336\030!\316Aa\225\303\022\377{\210Y\226\271as\354L\035\004\341\361\035\301\024\220m#*\372\032\3178~\374\250\014*\323\342'z69\220\327\256\351G\367\317u\302\207\270b\315\333\333\334\310I\323&\014\352XZnW2.\335\347\202\021\247\362\212e\034\000\001\250\220\305;a\314\265R\310\017\317\331\235\360\262\240:\277\202\266\354\265X""\022\nh\252\352w\204\203\023]\264\227\2326\315\307\363\323\325\303\032N\256*\307\327 \235\332\207u\210\271\257\306g\231i*\260\326k\001"";   nodeid: ""\260\000\000\000\000\000\000\000\000\000\000\000\000\000\000\000\000\000\000\000\000\000\000\000\000\000\000\000\000\000\000\000\001""; }; ","ledgerHash: ""\001f\352\277\0031Q]\362\370R\350{\261\202\240\344\215\201\353\276\322p5p\350\354\017>\250r\241""; ledgerSeq: 13; type: liAS_NODE; nodes {;   nodedata: ""\021\000h""\000\000\000\000 \033\000\000\000\014\002\023\301\337\330\356GuH\375\327!\255\371\r\231\262R\256J\034\222\241\355X\265E\241^W\225\304\014\361CX-}\351f\032\255\274\334m\326c\017\014ao[\342\230\003\245\245\3341Hm\326^\017jy\335\261\032Yt\320\244{g\0306\\302\303*\341\215\223\257\364\277o\375\000r\241SOq\221\253\262\005\017\375T\356\014\360o'\030\311-\267\031\257!\031T\006><\315XM\334\324\345\034\000\325\367\240\271\013\265\024\321\362\354\211\250.\234s\225amc\305\035\366\276\037nD\277`\210\223N\3535\033\261\304f\331]\036\237\306o!\223\221\002\324\031\262\240R\177 ,\214\325\Q])\016\2067\277\t\354\010\000\360\215\2502\265\245\310\226\243c\302Ze\306\253#r\020\211\320iG\276\020E\317\035Sf\223F\254\033@\177e\277\016\010u\327\371&\262\312\317Q\2361t\377x\234\001v\003%\030\325_\225g\204\346a=\225\273\331\354\365*U\363\263N\367b\371\244\314-w\363\262\225Z\200\206\235\233\257?sE\2674\254\326mU\377?\177Ek\336\030!\316Aa\225\303\022\377{\210Y\226\271as\354L\035\004\341\361\035\301\024\220m#*\372\032\3178~\374\250\014*\323\342'z69\220\327\256\351G\367\317u\302\207\270b\315\333\333\334\310I\323&\014\352XZnW2.\335\347\202\021\247\362\212e\034\000\001\250\220\305;a\314\265R\310\017\317\331\235\360\262\240:\277\202\266\354\265X""\022\nh\252\352w\204\203\023]\264\227\2326\315\307\363\323\325\303\032N\256*\307\327 \235\332\207u\210\271\257\306g\231i*\260\326k\001"";   nodeid: ""\260\000\000\000\000\000\000\000\000\000\000\000\000\000\000\000\000\000\000\000\000\000\000\000\000\000\000\000\000\000\000\000\001""; }; "
1750527579484,1750527579484,0,1,3,0,TMLedgerData,"ledgerHash: ""\001f\352\277\0031Q]\362\370R\350{\261\202\240\344\215\201\353\276\322p5p\350\354\017>\250r\241""; ledgerSeq: 13; type: liBASE; nodes {;   nodedata: ""\000\000\000\r\001cEx]\211\377\330\305;a\314\265R\310\017\317\331\235\360\262\240:\277\202\266\354\265X""\022\nh\252\352w\204\203\023]\000\000\000\000\000\000\000\000\000\000\000\000\000\000\000\000\000\000\000\000\000\000\000\000\000\000\000\000\000\000\000\000\324*\201\023\361\353\317\313\321E\033\360\037\227\016\2471</\2720\201\242\266\261\2775\022x4c\230/\351\252\325/\351\252\334\n\000""; }; nodes {;   nodedata: ""\323C\344\327\264{\312-\017:\006{\177\344N\002\326bO\260\220\006\033\362\345\005U\221DzJ0\001\301\025%1L\307\t\261\262z\374\222T\301\274V\236\223\262\270Ct\362\337b\356\024*\324\320\351\317\002k\336\234\027v\351\217\260\303\360\233ZPZWr\246$w\313\313\r\243r\232\2234\373\3539:N\004Q\245\272D\312D\300\300\t\323\0257\345e\271\na\215{\226\255x%T\257\037\333\004\344_/R\006E\344\037@\210\363\010\336T\226\247'\204_{\261\370""1\235\2445\343\033Y!\212\201\341\272\225'\007\315\272\005\023\276\002\260\303\221\r\003\271\r\230\t}o%\022\355\214\026\374\333\202\313&\214\202\030za\013\003""; }; ","ledgerHash: ""\001f\352\277\0031Q]\362\370R\350{\261\202\240\344\215\201\353\276\322p5p\350\354\017>\250r\241""; ledgerSeq: 13; type: liBASE; nodes {;   nodedata: ""\000\000\000\r\001cEx]\211\377\330\305;a\314\265R\310\017\317\331\235\360\262\240:\277\202\266\354\265X""\022\nh\252\352w\204\203\023]\000\000\000\000\000\000\000\000\000\000\000\000\000\000\000\000\000\000\000\000\000\000\000\000\000\000\000\000\000\000\000\000\324*\201\023\361\353\317\313\321E\033\360\037\227\016\2471</\2720\201\242\266\261\2775\022x4c\230/\351\252\325/\351\252\334\n\000""; }; nodes {;   nodedata: ""\323C\344\327\264{\312-\017:\006{\177\344N\002\326bO\260\220\006\033\362\345\005U\221DzJ0\001\301\025%1L\307\t\261\262z\374\222T\301\274V\236\223\262\270Ct\362\337b\356\024*\324\320\351\317\002k\336\234\027v\351\217\260\303\360\233ZPZWr\246$w\313\313\r\243r\232\2234\373\3539:N\004Q\245\272D\312D\300\300\t\323\0257\345e\271\na\215{\226\255x%T\257\037\333\004\344_/R\006E\344\037@\210\363\010\336T\226\247'\204_{\261\370""1\235\2445\343\033Y!\212\201\341\272\225'\007\315\272\005\023\276\002\260\303\221\r\003\271\r\230\t}o%\022\355\214\026\374\333\202\313&\214\202\030za\013\003""; }; "
1750527579484,1750527579484,0,1,3,0,TMLedgerData,"ledgerHash: ""\001f\352\277\0031Q]\362\370R\350{\261\202\240\344\215\201\353\276\322p5p\350\354\017>\250r\241""; ledgerSeq: 13; type: liBASE; nodes {;   nodedata: ""\000\000\000\r\001cEx]\211\377\330\305;a\314\265R\310\017\317\331\235\360\262\240:\277\202\266\354\265X""\022\nh\252\352w\204\203\023]\000\000\000\000\000\000\000\000\000\000\000\000\000\000\000\000\000\000\000\000\000\000\000\000\000\000\000\000\000\000\000\000\324*\201\023\361\353\317\313\321E\033\360\037\227\016\2471</\2720\201\242\266\261\2775\022x4c\230/\351\252\325/\351\252\334\n\000""; }; nodes {;   nodedata: ""\323C\344\327\264{\312-\017:\006{\177\344N\002\326bO\260\220\006\033\362\345\005U\221DzJ0\001\301\025%1L\307\t\261\262z\374\222T\301\274V\236\223\262\270Ct\362\337b\356\024*\324\320\351\317\002k\336\234\027v\351\217\260\303\360\233ZPZWr\246$w\313\313\r\243r\232\2234\373\3539:N\004Q\245\272D\312D\300\300\t\323\0257\345e\271\na\215{\226\255x%T\257\037\333\004\344_/R\006E\344\037@\210\363\010\336T\226\247'\204_{\261\370""1\235\2445\343\033Y!\212\201\341\272\225'\007\315\272\005\023\276\002\260\303\221\r\003\271\r\230\t}o%\022\355\214\026\374\333\202\313&\214\202\030za\013\003""; }; requestCookie: 2; ","ledgerHash: ""\001f\352\277\0031Q]\362\370R\350{\261\202\240\344\215\201\353\276\322p5p\350\354\017>\250r\241""; ledgerSeq: 13; type: liBASE; nodes {;   nodedata: ""\000\000\000\r\001cEx]\211\377\330\305;a\314\265R\310\017\317\331\235\360\262\240:\277\202\266\354\265X""\022\nh\252\352w\204\203\023]\000\000\000\000\000\000\000\000\000\000\000\000\000\000\000\000\000\000\000\000\000\000\000\000\000\000\000\000\000\000\000\000\324*\201\023\361\353\317\313\321E\033\360\037\227\016\2471</\2720\201\242\266\261\2775\022x4c\230/\351\252\325/\351\252\334\n\000""; }; nodes {;   nodedata: ""\323C\344\327\264{\312-\017:\006{\177\344N\002\326bO\260\220\006\033\362\345\005U\221DzJ0\001\301\025%1L\307\t\261\262z\374\222T\301\274V\236\223\262\270Ct\362\337b\356\024*\324\320\351\317\002k\336\234\027v\351\217\260\303\360\233ZPZWr\246$w\313\313\r\243r\232\2234\373\3539:N\004Q\245\272D\312D\300\300\t\323\0257\345e\271\na\215{\226\255x%T\257\037\333\004\344_/R\006E\344\037@\210\363\010\336T\226\247'\204_{\261\370""1\235\2445\343\033Y!\212\201\341\272\225'\007\315\272\005\023\276\002\260\303\221\r\003\271\r\230\t}o%\022\355\214\026\374\333\202\313&\214\202\030za\013\003""; }; requestCookie: 2; "
1750527579485,1750527579485,0,1,3,0,TMLedgerData,"ledgerHash: ""\001f\352\277\0031Q]\362\370R\350{\261\202\240\344\215\201\353\276\322p5p\350\354\017>\250r\241""; ledgerSeq: 13; type: liBASE; nodes {;   nodedata: ""\000\000\000\r\001cEx]\211\377\330\305;a\314\265R\310\017\317\331\235\360\262\240:\277\202\266\354\265X""\022\nh\252\352w\204\203\023]\000\000\000\000\000\000\000\000\000\000\000\000\000\000\000\000\000\000\000\000\000\000\000\000\000\000\000\000\000\000\000\000\324*\201\023\361\353\317\313\321E\033\360\037\227\016\2471</\2720\201\242\266\261\2775\022x4c\230/\351\252\325/\351\252\334\n\000""; }; nodes {;   nodedata: ""\323C\344\327\264{\312-\017:\006{\177\344N\002\326bO\260\220\006\033\362\345\005U\221DzJ0\001\301\025%1L\307\t\261\262z\374\222T\301\274V\236\223\262\270Ct\362\337b\356\024*\324\320\351\317\002k\336\234\027v\351\217\260\303\360\233ZPZWr\246$w\313\313\r\243r\232\2234\373\3539:N\004Q\245\272D\312D\300\300\t\323\0257\345e\271\na\215{\226\255x%T\257\037\333\004\344_/R\006E\344\037@\210\363\010\336T\226\247'\204_{\261\370""1\235\2445\343\033Y!\212\201\341\272\225'\007\315\272\005\023\276\002\260\303\221\r\003\271\r\230\t}o%\022\355\214\026\374\333\202\313&\214\202\030za\013\003""; }; requestCookie: 5; ","ledgerHash: ""\001f\352\277\0031Q]\362\370R\350{\261\202\240\344\215\201\353\276\322p5p\350\354\017>\250r\241""; ledgerSeq: 13; type: liBASE; nodes {;   nodedata: ""\000\000\000\r\001cEx]\211\377\330\305;a\314\265R\310\017\317\331\235\360\262\240:\277\202\266\354\265X""\022\nh\252\352w\204\203\023]\000\000\000\000\000\000\000\000\000\000\000\000\000\000\000\000\000\000\000\000\000\000\000\000\000\000\000\000\000\000\000\000\324*\201\023\361\353\317\313\321E\033\360\037\227\016\2471</\2720\201\242\266\261\2775\022x4c\230/\351\252\325/\351\252\334\n\000""; }; nodes {;   nodedata: ""\323C\344\327\264{\312-\017:\006{\177\344N\002\326bO\260\220\006\033\362\345\005U\221DzJ0\001\301\025%1L\307\t\261\262z\374\222T\301\274V\236\223\262\270Ct\362\337b\356\024*\324\320\351\317\002k\336\234\027v\351\217\260\303\360\233ZPZWr\246$w\313\313\r\243r\232\2234\373\3539:N\004Q\245\272D\312D\300\300\t\323\0257\345e\271\na\215{\226\255x%T\257\037\333\004\344_/R\006E\344\037@\210\363\010\336T\226\247'\204_{\261\370""1\235\2445\343\033Y!\212\201\341\272\225'\007\315\272\005\023\276\002\260\303\221\r\003\271\r\230\t}o%\022\355\214\026\374\333\202\313&\214\202\030za\013\003""; }; requestCookie: 5; "
1750527579486,1750527579486,0,1,3,2,TMLedgerData,"ledgerHash: ""\001f\352\277\0031Q]\362\370R\350{\261\202\240\344\215\201\353\276\322p5p\350\354\017>\250r\241""; ledgerSeq: 13; type: liBASE; nodes {;   nodedata: ""\000\000\000\r\001cEx]\211\377\330\305;a\314\265R\310\017\317\331\235\360\262\240:\277\202\266\354\265X""\022\nh\252\352w\204\203\023]\000\000\000\000\000\000\000\000\000\000\000\000\000\000\000\000\000\000\000\000\000\000\000\000\000\000\000\000\000\000\000\000\324*\201\023\361\353\317\313\321E\033\360\037\227\016\2471</\2720\201\242\266\261\2775\022x4c\230/\351\252\325/\351\252\334\n\000""; }; nodes {;   nodedata: ""\323C\344\327\264{\312-\017:\006{\177\344N\002\326bO\260\220\006\033\362\345\005U\221DzJ0\001\301\025%1L\307\t\261\262z\374\222T\301\274V\236\223\262\270Ct\362\337b\356\024*\324\320\351\317\002k\336\234\027v\351\217\260\303\360\233ZPZWr\246$w\313\313\r\243r\232\2234\373\3539:N\004Q\245\272D\312D\300\300\t\323\0257\345e\271\na\215{\226\255x%T\257\037\333\004\344_/R\006E\344\037@\210\363\010\336T\226\247'\204_{\261\370""1\235\2445\343\033Y!\212\201\341\272\225'\007\315\272\005\023\276\002\260\303\221\r\003\271\r\230\t}o%\022\355\214\026\374\333\202\313&\214\202\030za\013\003""; }; ","ledgerHash: ""\001f\352\277\0031Q]\362\370R\350{\261\202\240\344\215\201\353\276\322p5p\350\354\017>\250r\241""; ledgerSeq: 13; type: liBASE; nodes {;   nodedata: ""\000\000\000\r\001cEx]\211\377\330\305;a\314\265R\310\017\317\331\235\360\262\240:\277\202\266\354\265X""\022\nh\252\352w\204\203\023]\000\000\000\000\000\000\000\000\000\000\000\000\000\000\000\000\000\000\000\000\000\000\000\000\000\000\000\000\000\000\000\000\324*\201\023\361\353\317\313\321E\033\360\037\227\016\2471</\2720\201\242\266\261\2775\022x4c\230/\351\252\325/\351\252\334\n\000""; }; nodes {;   nodedata: ""\323C\344\327\264{\312-\017:\006{\177\344N\002\326bO\260\220\006\033\362\345\005U\221DzJ0\001\301\025%1L\307\t\261\262z\374\222T\301\274V\236\223\262\270Ct\362\337b\356\024*\324\320\351\317\002k\336\234\027v\351\217\260\303\360\233ZPZWr\246$w\313\313\r\243r\232\2234\373\3539:N\004Q\245\272D\312D\300\300\t\323\0257\345e\271\na\215{\226\255x%T\257\037\333\004\344_/R\006E\344\037@\210\363\010\336T\226\247'\204_{\261\370""1\235\2445\343\033Y!\212\201\341\272\225'\007\315\272\005\023\276\002\260\303\221\r\003\271\r\230\t}o%\022\355\214\026\374\333\202\313&\214\202\030za\013\003""; }; "
1750527579486,1750527579486,0,1,3,2,TMLedgerData,"ledgerHash: ""\001f\352\277\0031Q]\362\370R\350{\261\202\240\344\215\201\353\276\322p5p\350\354\017>\250r\241""; ledgerSeq: 13; type: liBASE; nodes {;   nodedata: ""\000\000\000\r\001cEx]\211\377\330\305;a\314\265R\310\017\317\331\235\360\262\240:\277\202\266\354\265X""\022\nh\252\352w\204\203\023]\000\000\000\000\000\000\000\000\000\000\000\000\000\000\000\000\000\000\000\000\000\000\000\000\000\000\000\000\000\000\000\000\324*\201\023\361\353\317\313\321E\033\360\037\227\016\2471</\2720\201\242\266\261\2775\022x4c\230/\351\252\325/\351\252\334\n\000""; }; nodes {;   nodedata: ""\323C\344\327\264{\312-\017:\006{\177\344N\002\326bO\260\220\006\033\362\345\005U\221DzJ0\001\301\025%1L\307\t\261\262z\374\222T\301\274V\236\223\262\270Ct\362\337b\356\024*\324\320\351\317\002k\336\234\027v\351\217\260\303\360\233ZPZWr\246$w\313\313\r\243r\232\2234\373\3539:N\004Q\245\272D\312D\300\300\t\323\0257\345e\271\na\215{\226\255x%T\257\037\333\004\344_/R\006E\344\037@\210\363\010\336T\226\247'\204_{\261\370""1\235\2445\343\033Y!\212\201\341\272\225'\007\315\272\005\023\276\002\260\303\221\r\003\271\r\230\t}o%\022\355\214\026\374\333\202\313&\214\202\030za\013\003""; }; requestCookie: 3; ","ledgerHash: ""\001f\352\277\0031Q]\362\370R\350{\261\202\240\344\215\201\353\276\322p5p\350\354\017>\250r\241""; ledgerSeq: 13; type: liBASE; nodes {;   nodedata: ""\000\000\000\r\001cEx]\211\377\330\305;a\314\265R\310\017\317\331\235\360\262\240:\277\202\266\354\265X""\022\nh\252\352w\204\203\023]\000\000\000\000\000\000\000\000\000\000\000\000\000\000\000\000\000\000\000\000\000\000\000\000\000\000\000\000\000\000\000\000\324*\201\023\361\353\317\313\321E\033\360\037\227\016\2471</\2720\201\242\266\261\2775\022x4c\230/\351\252\325/\351\252\334\n\000""; }; nodes {;   nodedata: ""\323C\344\327\264{\312-\017:\006{\177\344N\002\326bO\260\220\006\033\362\345\005U\221DzJ0\001\301\025%1L\307\t\261\262z\374\222T\301\274V\236\223\262\270Ct\362\337b\356\024*\324\320\351\317\002k\336\234\027v\351\217\260\303\360\233ZPZWr\246$w\313\313\r\243r\232\2234\373\3539:N\004Q\245\272D\312D\300\300\t\323\0257\345e\271\na\215{\226\255x%T\257\037\333\004\344_/R\006E\344\037@\210\363\010\336T\226\247'\204_{\261\370""1\235\2445\343\033Y!\212\201\341\272\225'\007\315\272\005\023\276\002\260\303\221\r\003\271\r\230\t}o%\022\355\214\026\374\333\202\313&\214\202\030za\013\003""; }; requestCookie: 3; "
1750527579487,1750527579487,0,1,3,2,TMLedgerData,"ledgerHash: ""\001f\352\277\0031Q]\362\370R\350{\261\202\240\344\215\201\353\276\322p5p\350\354\017>\250r\241""; ledgerSeq: 13; type: liBASE; nodes {;   nodedata: ""\000\000\000\r\001cEx]\211\377\330\305;a\314\265R\310\017\317\331\235\360\262\240:\277\202\266\354\265X""\022\nh\252\352w\204\203\023]\000\000\000\000\000\000\000\000\000\000\000\000\000\000\000\000\000\000\000\000\000\000\000\000\000\000\000\000\000\000\000\000\324*\201\023\361\353\317\313\321E\033\360\037\227\016\2471</\2720\201\242\266\261\2775\022x4c\230/\351\252\325/\351\252\334\n\000""; }; nodes {;   nodedata: ""\323C\344\327\264{\312-\017:\006{\177\344N\002\326bO\260\220\006\033\362\345\005U\221DzJ0\001\301\025%1L\307\t\261\262z\374\222T\301\274V\236\223\262\270Ct\362\337b\356\024*\324\320\351\317\002k\336\234\027v\351\217\260\303\360\233ZPZWr\246$w\313\313\r\243r\232\2234\373\3539:N\004Q\245\272D\312D\300\300\t\323\0257\345e\271\na\215{\226\255x%T\257\037\333\004\344_/R\006E\344\037@\210\363\010\336T\226\247'\204_{\261\370""1\235\2445\343\033Y!\212\201\341\272\225'\007\315\272\005\023\276\002\260\303\221\r\003\271\r\230\t}o%\022\355\214\026\374\333\202\313&\214\202\030za\013\003""; }; requestCookie: 5; ","ledgerHash: ""\001f\352\277\0031Q]\362\370R\350{\261\202\240\344\215\201\353\276\322p5p\350\354\017>\250r\241""; ledgerSeq: 13; type: liBASE; nodes {;   nodedata: ""\000\000\000\r\001cEx]\211\377\330\305;a\314\265R\310\017\317\331\235\360\262\240:\277\202\266\354\265X""\022\nh\252\352w\204\203\023]\000\000\000\000\000\000\000\000\000\000\000\000\000\000\000\000\000\000\000\000\000\000\000\000\000\000\000\000\000\000\000\000\324*\201\023\361\353\317\313\321E\033\360\037\227\016\2471</\2720\201\242\266\261\2775\022x4c\230/\351\252\325/\351\252\334\n\000""; }; nodes {;   nodedata: ""\323C\344\327\264{\312-\017:\006{\177\344N\002\326bO\260\220\006\033\362\345\005U\221DzJ0\001\301\025%1L\307\t\261\262z\374\222T\301\274V\236\223\262\270Ct\362\337b\356\024*\324\320\351\317\002k\336\234\027v\351\217\260\303\360\233ZPZWr\246$w\313\313\r\243r\232\2234\373\3539:N\004Q\245\272D\312D\300\300\t\323\0257\345e\271\na\215{\226\255x%T\257\037\333\004\344_/R\006E\344\037@\210\363\010\336T\226\247'\204_{\261\370""1\235\2445\343\033Y!\212\201\341\272\225'\007\315\272\005\023\276\002\260\303\221\r\003\271\r\230\t}o%\022\355\214\026\374\333\202\313&\214\202\030za\013\003""; }; requestCookie: 5; "
1750527579488,1750527579488,0,1,4,1,TMLedgerData,"ledgerHash: ""\001f\352\277\0031Q]\362\370R\350{\261\202\240\344\215\201\353\276\322p5p\350\354\017>\250r\241""; ledgerSeq: 13; type: liBASE; nodes {;   nodedata: ""\000\000\000\r\001cEx]\211\377\330\305;a\314\265R\310\017\317\331\235\360\262\240:\277\202\266\354\265X""\022\nh\252\352w\204\203\023]\000\000\000\000\000\000\000\000\000\000\000\000\000\000\000\000\000\000\000\000\000\000\000\000\000\000\000\000\000\000\000\000\324*\201\023\361\353\317\313\321E\033\360\037\227\016\2471</\2720\201\242\266\261\2775\022x4c\230/\351\252\325/\351\252\334\n\000""; }; nodes {;   nodedata: ""\323C\344\327\264{\312-\017:\006{\177\344N\002\326bO\260\220\006\033\362\345\005U\221DzJ0\001\301\025%1L\307\t\261\262z\374\222T\301\274V\236\223\262\270Ct\362\337b\356\024*\324\320\351\317\002k\336\234\027v\351\217\260\303\360\233ZPZWr\246$w\313\313\r\243r\232\2234\373\3539:N\004Q\245\272D\312D\300\300\t\323\0257\345e\271\na\215{\226\255x%T\257\037\333\004\344_/R\006E\344\037@\210\363\010\336T\226\247'\204_{\261\370""1\235\2445\343\033Y!\212\201\341\272\225'\007\315\272\005\023\276\002\260\303\221\r\003\271\r\230\t}o%\022\355\214\026\374\333\202\313&\214\202\030za\013\003""; }; ","ledgerHash: ""\001f\352\277\0031Q]\362\370R\350{\261\202\240\344\215\201\353\276\322p5p\350\354\017>\250r\241""; ledgerSeq: 13; type: liBASE; nodes {;   nodedata: ""\000\000\000\r\001cEx]\211\377\330\305;a\314\265R\310\017\317\331\235\360\262\240:\277\202\266\354\265X""\022\nh\252\352w\204\203\023]\000\000\000\000\000\000\000\000\000\000\000\000\000\000\000\000\000\000\000\000\000\000\000\000\000\000\000\000\000\000\000\000\324*\201\023\361\353\317\313\321E\033\360\037\227\016\2471</\2720\201\242\266\261\2775\022x4c\230/\351\252\325/\351\252\334\n\000""; }; nodes {;   nodedata: ""\323C\344\327\264{\312-\017:\006{\177\344N\002\326bO\260\220\006\033\362\345\005U\221DzJ0\001\301\025%1L\307\t\261\262z\374\222T\301\274V\236\223\262\270Ct\362\337b\356\024*\324\320\351\317\002k\336\234\027v\351\217\260\303\360\233ZPZWr\246$w\313\313\r\243r\232\2234\373\3539:N\004Q\245\272D\312D\300\300\t\323\0257\345e\271\na\215{\226\255x%T\257\037\333\004\344_/R\006E\344\037@\210\363\010\336T\226\247'\204_{\261\370""1\235\2445\343\033Y!\212\201\341\272\225'\007\315\272\005\023\276\002\260\303\221\r\003\271\r\230\t}o%\022\355\214\026\374\333\202\313&\214\202\030za\013\003""; }; "
1750527579489,1750527579489,0,1,3,2,TMLedgerData,"ledgerHash: ""\001f\352\277\0031Q]\362\370R\350{\261\202\240\344\215\201\353\276\322p5p\350\354\017>\250r\241""; ledgerSeq: 13; type: liBASE; nodes {;   nodedata: ""\000\000\000\r\001cEx]\211\377\330\305;a\314\265R\310\017\317\331\235\360\262\240:\277\202\266\354\265X""\022\nh\252\352w\204\203\023]\000\000\000\000\000\000\000\000\000\000\000\000\000\000\000\000\000\000\000\000\000\000\000\000\000\000\000\000\000\000\000\000\324*\201\023\361\353\317\313\321E\033\360\037\227\016\2471</\2720\201\242\266\261\2775\022x4c\230/\351\252\325/\351\252\334\n\000""; }; nodes {;   nodedata: ""\323C\344\327\264{\312-\017:\006{\177\344N\002\326bO\260\220\006\033\362\345\005U\221DzJ0\001\301\025%1L\307\t\261\262z\374\222T\301\274V\236\223\262\270Ct\362\337b\356\024*\324\320\351\317\002k\336\234\027v\351\217\260\303\360\233ZPZWr\246$w\313\313\r\243r\232\2234\373\3539:N\004Q\245\272D\312D\300\300\t\323\0257\345e\271\na\215{\226\255x%T\257\037\333\004\344_/R\006E\344\037@\210\363\010\336T\226\247'\204_{\261\370""1\235\2445\343\033Y!\212\201\341\272\225'\007\315\272\005\023\276\002\260\303\221\r\003\271\r\230\t}o%\022\355\214\026\374\333\202\313&\214\202\030za\013\003""; }; requestCookie: 2; ","ledgerHash: ""\001f\352\277\0031Q]\362\370R\350{\261\202\240\344\215\201\353\276\322p5p\350\354\017>\250r\241""; ledgerSeq: 13; type: liBASE; nodes {;   nodedata: ""\000\000\000\r\001cEx]\211\377\330\305;a\314\265R\310\017\317\331\235\360\262\240:\277\202\266\354\265X""\022\nh\252\352w\204\203\023]\000\000\000\000\000\000\000\000\000\000\000\000\000\000\000\000\000\000\000\000\000\000\000\000\000\000\000\000\000\000\000\000\324*\201\023\361\353\317\313\321E\033\360\037\227\016\2471</\2720\201\242\266\261\2775\022x4c\230/\351\252\325/\351\252\334\n\000""; }; nodes {;   nodedata: ""\323C\344\327\264{\312-\017:\006{\177\344N\002\326bO\260\220\006\033\362\345\005U\221DzJ0\001\301\025%1L\307\t\261\262z\374\222T\301\274V\236\223\262\270Ct\362\337b\356\024*\324\320\351\317\002k\336\234\027v\351\217\260\303\360\233ZPZWr\246$w\313\313\r\243r\232\2234\373\3539:N\004Q\245\272D\312D\300\300\t\323\0257\345e\271\na\215{\226\255x%T\257\037\333\004\344_/R\006E\344\037@\210\363\010\336T\226\247'\204_{\261\370""1\235\2445\343\033Y!\212\201\341\272\225'\007\315\272\005\023\276\002\260\303\221\r\003\271\r\230\t}o%\022\355\214\026\374\333\202\313&\214\202\030za\013\003""; }; requestCookie: 2; "
1750527579489,1750527579490,0,1,4,2,TMLedgerData,"ledgerHash: ""\001f\352\277\0031Q]\362\370R\350{\261\202\240\344\215\201\353\276\322p5p\350\354\017>\250r\241""; ledgerSeq: 13; type: liBASE; nodes {;   nodedata: ""\000\000\000\r\001cEx]\211\377\330\305;a\314\265R\310\017\317\331\235\360\262\240:\277\202\266\354\265X""\022\nh\252\352w\204\203\023]\000\000\000\000\000\000\000\000\000\000\000\000\000\000\000\000\000\000\000\000\000\000\000\000\000\000\000\000\000\000\000\000\324*\201\023\361\353\317\313\321E\033\360\037\227\016\2471</\2720\201\242\266\261\2775\022x4c\230/\351\252\325/\351\252\334\n\000""; }; nodes {;   nodedata: ""\323C\344\327\264{\312-\017:\006{\177\344N\002\326bO\260\220\006\033\362\345\005U\221DzJ0\001\301\025%1L\307\t\261\262z\374\222T\301\274V\236\223\262\270Ct\362\337b\356\024*\324\320\351\317\002k\336\234\027v\351\217\260\303\360\233ZPZWr\246$w\313\313\r\243r\232\2234\373\3539:N\004Q\245\272D\312D\300\300\t\323\0257\345e\271\na\215{\226\255x%T\257\037\333\004\344_/R\006E\344\037@\210\363\010\336T\226\247'\204_{\261\370""1\235\2445\343\033Y!\212\201\341\272\225'\007\315\272\005\023\276\002\260\303\221\r\003\271\r\230\t}o%\022\355\214\026\374\333\202\313&\214\202\030za\013\003""; }; ","ledgerHash: ""\001f\352\277\0031Q]\362\370R\350{\261\202\240\344\215\201\353\276\322p5p\350\354\017>\250r\241""; ledgerSeq: 13; type: liBASE; nodes {;   nodedata: ""\000\000\000\r\001cEx]\211\377\330\305;a\314\265R\310\017\317\331\235\360\262\240:\277\202\266\354\265X""\022\nh\252\352w\204\203\023]\000\000\000\000\000\000\000\000\000\000\000\000\000\000\000\000\000\000\000\000\000\000\000\000\000\000\000\000\000\000\000\000\324*\201\023\361\353\317\313\321E\033\360\037\227\016\2471</\2720\201\242\266\261\2775\022x4c\230/\351\252\325/\351\252\334\n\000""; }; nodes {;   nodedata: ""\323C\344\327\264{\312-\017:\006{\177\344N\002\326bO\260\220\006\033\362\345\005U\221DzJ0\001\301\025%1L\307\t\261\262z\374\222T\301\274V\236\223\262\270Ct\362\337b\356\024*\324\320\351\317\002k\336\234\027v\351\217\260\303\360\233ZPZWr\246$w\313\313\r\243r\232\2234\373\3539:N\004Q\245\272D\312D\300\300\t\323\0257\345e\271\na\215{\226\255x%T\257\037\333\004\344_/R\006E\344\037@\210\363\010\336T\226\247'\204_{\261\370""1\235\2445\343\033Y!\212\201\341\272\225'\007\315\272\005\023\276\002\260\303\221\r\003\271\r\230\t}o%\022\355\214\026\374\333\202\313&\214\202\030za\013\003""; }; "
1750527579490,1750527579491,0,1,1,4,TMLedgerData,"ledgerHash: ""\001f\352\277\0031Q]\362\370R\350{\261\202\240\344\215\201\353\276\322p5p\350\354\017>\250r\241""; ledgerSeq: 13; type: liBASE; nodes {;   nodedata: ""\000\000\000\r\001cEx]\211\377\330\305;a\314\265R\310\017\317\331\235\360\262\240:\277\202\266\354\265X""\022\nh\252\352w\204\203\023]\000\000\000\000\000\000\000\000\000\000\000\000\000\000\000\000\000\000\000\000\000\000\000\000\000\000\000\000\000\000\000\000\324*\201\023\361\353\317\313\321E\033\360\037\227\016\2471</\2720\201\242\266\261\2775\022x4c\230/\351\252\325/\351\252\334\n\000""; }; nodes {;   nodedata: ""\323C\344\327\264{\312-\017:\006{\177\344N\002\326bO\260\220\006\033\362\345\005U\221DzJ0\001\301\025%1L\307\t\261\262z\374\222T\301\274V\236\223\262\270Ct\362\337b\356\024*\324\320\351\317\002k\336\234\027v\351\217\260\303\360\233ZPZWr\246$w\313\313\r\243r\232\2234\373\3539:N\004Q\245\272D\312D\300\300\t\323\0257\345e\271\na\215{\226\255x%T\257\037\333\004\344_/R\006E\344\037@\210\363\010\336T\226\247'\204_{\261\370""1\235\2445\343\033Y!\212\201\341\272\225'\007\315\272\005\023\276\002\260\303\221\r\003\271\r\230\t}o%\022\355\214\026\374\333\202\313&\214\202\030za\013\003""; }; ","ledgerHash: ""\001f\352\277\0031Q]\362\370R\350{\261\202\240\344\215\201\353\276\322p5p\350\354\017>\250r\241""; ledgerSeq: 13; type: liBASE; nodes {;   nodedata: ""\000\000\000\r\001cEx]\211\377\330\305;a\314\265R\310\017\317\331\235\360\262\240:\277\202\266\354\265X""\022\nh\252\352w\204\203\023]\000\000\000\000\000\000\000\000\000\000\000\000\000\000\000\000\000\000\000\000\000\000\000\000\000\000\000\000\000\000\000\000\324*\201\023\361\353\317\313\321E\033\360\037\227\016\2471</\2720\201\242\266\261\2775\022x4c\230/\351\252\325/\351\252\334\n\000""; }; nodes {;   nodedata: ""\323C\344\327\264{\312-\017:\006{\177\344N\002\326bO\260\220\006\033\362\345\005U\221DzJ0\001\301\025%1L\307\t\261\262z\374\222T\301\274V\236\223\262\270Ct\362\337b\356\024*\324\320\351\317\002k\336\234\027v\351\217\260\303\360\233ZPZWr\246$w\313\313\r\243r\232\2234\373\3539:N\004Q\245\272D\312D\300\300\t\323\0257\345e\271\na\215{\226\255x%T\257\037\333\004\344_/R\006E\344\037@\210\363\010\336T\226\247'\204_{\261\370""1\235\2445\343\033Y!\212\201\341\272\225'\007\315\272\005\023\276\002\260\303\221\r\003\271\r\230\t}o%\022\355\214\026\374\333\202\313&\214\202\030za\013\003""; }; "
1750527579492,1750527579492,0,1,0,3,TMGetLedger,"itype: liAS_NODE; ledgerHash: ""\001f\352\277\0031Q]\362\370R\350{\261\202\240\344\215\201\353\276\322p5p\350\354\017>\250r\241""; ledgerSeq: 13; nodeIDs: ""\260\000\000\000\000\000\000\000\000\000\000\000\000\000\000\000\000\000\000\000\000\000\000\000\000\000\000\000\000\000\000\000\001""; queryType: qtINDIRECT; queryDepth: 1; ","itype: liAS_NODE; ledgerHash: ""\001f\352\277\0031Q]\362\370R\350{\261\202\240\344\215\201\353\276\322p5p\350\354\017>\250r\241""; ledgerSeq: 13; nodeIDs: ""\260\000\000\000\000\000\000\000\000\000\000\000\000\000\000\000\000\000\000\000\000\000\000\000\000\000\000\000\000\000\000\000\001""; queryType: qtINDIRECT; queryDepth: 1; "
1750527579493,1750527579493,0,1,0,1,TMLedgerData,"ledgerHash: ""\001f\352\277\0031Q]\362\370R\350{\261\202\240\344\215\201\353\276\322p5p\350\354\017>\250r\241""; ledgerSeq: 13; type: liBASE; nodes {;   nodedata: ""\000\000\000\r\001cEx]\211\377\330\305;a\314\265R\310\017\317\331\235\360\262\240:\277\202\266\354\265X""\022\nh\252\352w\204\203\023]\000\000\000\000\000\000\000\000\000\000\000\000\000\000\000\000\000\000\000\000\000\000\000\000\000\000\000\000\000\000\000\000\324*\201\023\361\353\317\313\321E\033\360\037\227\016\2471</\2720\201\242\266\261\2775\022x4c\230/\351\252\325/\351\252\334\n\000""; }; nodes {;   nodedata: ""\323C\344\327\264{\312-\017:\006{\177\344N\002\326bO\260\220\006\033\362\345\005U\221DzJ0\001\301\025%1L\307\t\261\262z\374\222T\301\274V\236\223\262\270Ct\362\337b\356\024*\324\320\351\317\002k\336\234\027v\351\217\260\303\360\233ZPZWr\246$w\313\313\r\243r\232\2234\373\3539:N\004Q\245\272D\312D\300\300\t\323\0257\345e\271\na\215{\226\255x%T\257\037\333\004\344_/R\006E\344\037@\210\363\010\336T\226\247'\204_{\261\370""1\235\2445\343\033Y!\212\201\341\272\225'\007\315\272\005\023\276\002\260\303\221\r\003\271\r\230\t}o%\022\355\214\026\374\333\202\313&\214\202\030za\013\003""; }; ","ledgerHash: ""\001f\352\277\0031Q]\362\370R\350{\261\202\240\344\215\201\353\276\322p5p\350\354\017>\250r\241""; ledgerSeq: 13; type: liBASE; nodes {;   nodedata: ""\000\000\000\r\001cEx]\211\377\330\305;a\314\265R\310\017\317\331\235\360\262\240:\277\202\266\354\265X""\022\nh\252\352w\204\203\023]\000\000\000\000\000\000\000\000\000\000\000\000\000\000\000\000\000\000\000\000\000\000\000\000\000\000\000\000\000\000\000\000\324*\201\023\361\353\317\313\321E\033\360\037\227\016\2471</\2720\201\242\266\261\2775\022x4c\230/\351\252\325/\351\252\334\n\000""; }; nodes {;   nodedata: ""\323C\344\327\264{\312-\017:\006{\177\344N\002\326bO\260\220\006\033\362\345\005U\221DzJ0\001\301\025%1L\307\t\261\262z\374\222T\301\274V\236\223\262\270Ct\362\337b\356\024*\324\320\351\317\002k\336\234\027v\351\217\260\303\360\233ZPZWr\246$w\313\313\r\243r\232\2234\373\3539:N\004Q\245\272D\312D\300\300\t\323\0257\345e\271\na\215{\226\255x%T\257\037\333\004\344_/R\006E\344\037@\210\363\010\336T\226\247'\204_{\261\370""1\235\2445\343\033Y!\212\201\341\272\225'\007\315\272\005\023\276\002\260\303\221\r\003\271\r\230\t}o%\022\355\214\026\374\333\202\313&\214\202\030za\013\003""; }; "
1750527579494,1750527579495,0,1,0,4,TMLedgerData,"ledgerHash: ""\001f\352\277\0031Q]\362\370R\350{\261\202\240\344\215\201\353\276\322p5p\350\354\017>\250r\241""; ledgerSeq: 13; type: liBASE; nodes {;   nodedata: ""\000\000\000\r\001cEx]\211\377\330\305;a\314\265R\310\017\317\331\235\360\262\240:\277\202\266\354\265X""\022\nh\252\352w\204\203\023]\000\000\000\000\000\000\000\000\000\000\000\000\000\000\000\000\000\000\000\000\000\000\000\000\000\000\000\000\000\000\000\000\324*\201\023\361\353\317\313\321E\033\360\037\227\016\2471</\2720\201\242\266\261\2775\022x4c\230/\351\252\325/\351\252\334\n\000""; }; nodes {;   nodedata: ""\323C\344\327\264{\312-\017:\006{\177\344N\002\326bO\260\220\006\033\362\345\005U\221DzJ0\001\301\025%1L\307\t\261\262z\374\222T\301\274V\236\223\262\270Ct\362\337b\356\024*\324\320\351\317\002k\336\234\027v\351\217\260\303\360\233ZPZWr\246$w\313\313\r\243r\232\2234\373\3539:N\004Q\245\272D\312D\300\300\t\323\0257\345e\271\na\215{\226\255x%T\257\037\333\004\344_/R\006E\344\037@\210\363\010\336T\226\247'\204_{\261\370""1\235\2445\343\033Y!\212\201\341\272\225'\007\315\272\005\023\276\002\260\303\221\r\003\271\r\230\t}o%\022\355\214\026\374\333\202\313&\214\202\030za\013\003""; }; ","ledgerHash: ""\001f\352\277\0031Q]\362\370R\350{\261\202\240\344\215\201\353\276\322p5p\350\354\017>\250r\241""; ledgerSeq: 13; type: liBASE; nodes {;   nodedata: ""\000\000\000\r\001cEx]\211\377\330\305;a\314\265R\310\017\317\331\235\360\262\240:\277\202\266\354\265X""\022\nh\252\352w\204\203\023]\000\000\000\000\000\000\000\000\000\000\000\000\000\000\000\000\000\000\000\000\000\000\000\000\000\000\000\000\000\000\000\000\324*\201\023\361\353\317\313\321E\033\360\037\227\016\2471</\2720\201\242\266\261\2775\022x4c\230/\351\252\325/\351\252\334\n\000""; }; nodes {;   nodedata: ""\323C\344\327\264{\312-\017:\006{\177\344N\002\326bO\260\220\006\033\362\345\005U\221DzJ0\001\301\025%1L\307\t\261\262z\374\222T\301\274V\236\223\262\270Ct\362\337b\356\024*\324\320\351\317\002k\336\234\027v\351\217\260\303\360\233ZPZWr\246$w\313\313\r\243r\232\2234\373\3539:N\004Q\245\272D\312D\300\300\t\323\0257\345e\271\na\215{\226\255x%T\257\037\333\004\344_/R\006E\344\037@\210\363\010\336T\226\247'\204_{\261\370""1\235\2445\343\033Y!\212\201\341\272\225'\007\315\272\005\023\276\002\260\303\221\r\003\271\r\230\t}o%\022\355\214\026\374\333\202\313&\214\202\030za\013\003""; }; "
1750527579495,1750527579495,0,1,2,3,TMGetLedger,"itype: liAS_NODE; ledgerHash: ""\001f\352\277\0031Q]\362\370R\350{\261\202\240\344\215\201\353\276\322p5p\350\354\017>\250r\241""; ledgerSeq: 13; nodeIDs: ""\260\000\000\000\000\000\000\000\000\000\000\000\000\000\000\000\000\000\000\000\000\000\000\000\000\000\000\000\000\000\000\000\001""; queryType: qtINDIRECT; queryDepth: 1; ","itype: liAS_NODE; ledgerHash: ""\001f\352\277\0031Q]\362\370R\350{\261\202\240\344\215\201\353\276\322p5p\350\354\017>\250r\241""; ledgerSeq: 13; nodeIDs: ""\260\000\000\000\000\000\000\000\000\000\000\000\000\000\000\000\000\000\000\000\000\000\000\000\000\000\000\000\000\000\000\000\001""; queryType: qtINDIRECT; queryDepth: 1; "
1750527579495,1750527579495,0,1,2,1,TMLedgerData,"ledgerHash: ""\001f\352\277\0031Q]\362\370R\350{\261\202\240\344\215\201\353\276\322p5p\350\354\017>\250r\241""; ledgerSeq: 13; type: liBASE; nodes {;   nodedata: ""\000\000\000\r\001cEx]\211\377\330\305;a\314\265R\310\017\317\331\235\360\262\240:\277\202\266\354\265X""\022\nh\252\352w\204\203\023]\000\000\000\000\000\000\000\000\000\000\000\000\000\000\000\000\000\000\000\000\000\000\000\000\000\000\000\000\000\000\000\000\324*\201\023\361\353\317\313\321E\033\360\037\227\016\2471</\2720\201\242\266\261\2775\022x4c\230/\351\252\325/\351\252\334\n\000""; }; nodes {;   nodedata: ""\323C\344\327\264{\312-\017:\006{\177\344N\002\326bO\260\220\006\033\362\345\005U\221DzJ0\001\301\025%1L\307\t\261\262z\374\222T\301\274V\236\223\262\270Ct\362\337b\356\024*\324\320\351\317\002k\336\234\027v\351\217\260\303\360\233ZPZWr\246$w\313\313\r\243r\232\2234\373\3539:N\004Q\245\272D\312D\300\300\t\323\0257\345e\271\na\215{\226\255x%T\257\037\333\004\344_/R\006E\344\037@\210\363\010\336T\226\247'\204_{\261\370""1\235\2445\343\033Y!\212\201\341\272\225'\007\315\272\005\023\276\002\260\303\221\r\003\271\r\230\t}o%\022\355\214\026\374\333\202\313&\214\202\030za\013\003""; }; ","ledgerHash: ""\001f\352\277\0031Q]\362\370R\350{\261\202\240\344\215\201\353\276\322p5p\350\354\017>\250r\241""; ledgerSeq: 13; type: liBASE; nodes {;   nodedata: ""\000\000\000\r\001cEx]\211\377\330\305;a\314\265R\310\017\317\331\235\360\262\240:\277\202\266\354\265X""\022\nh\252\352w\204\203\023]\000\000\000\000\000\000\000\000\000\000\000\000\000\000\000\000\000\000\000\000\000\000\000\000\000\000\000\000\000\000\000\000\324*\201\023\361\353\317\313\321E\033\360\037\227\016\2471</\2720\201\242\266\261\2775\022x4c\230/\351\252\325/\351\252\334\n\000""; }; nodes {;   nodedata: ""\323C\344\327\264{\312-\017:\006{\177\344N\002\326bO\260\220\006\033\362\345\005U\221DzJ0\001\301\025%1L\307\t\261\262z\374\222T\301\274V\236\223\262\270Ct\362\337b\356\024*\324\320\351\317\002k\336\234\027v\351\217\260\303\360\233ZPZWr\246$w\313\313\r\243r\232\2234\373\3539:N\004Q\245\272D\312D\300\300\t\323\0257\345e\271\na\215{\226\255x%T\257\037\333\004\344_/R\006E\344\037@\210\363\010\336T\226\247'\204_{\261\370""1\235\2445\343\033Y!\212\201\341\272\225'\007\315\272\005\023\276\002\260\303\221\r\003\271\r\230\t}o%\022\355\214\026\374\333\202\313&\214\202\030za\013\003""; }; "
1750527579496,1750527579496,0,1,2,4,TMLedgerData,"ledgerHash: ""\001f\352\277\0031Q]\362\370R\350{\261\202\240\344\215\201\353\276\322p5p\350\354\017>\250r\241""; ledgerSeq: 13; type: liBASE; nodes {;   nodedata: ""\000\000\000\r\001cEx]\211\377\330\305;a\314\265R\310\017\317\331\235\360\262\240:\277\202\266\354\265X""\022\nh\252\352w\204\203\023]\000\000\000\000\000\000\000\000\000\000\000\000\000\000\000\000\000\000\000\000\000\000\000\000\000\000\000\000\000\000\000\000\324*\201\023\361\353\317\313\321E\033\360\037\227\016\2471</\2720\201\242\266\261\2775\022x4c\230/\351\252\325/\351\252\334\n\000""; }; nodes {;   nodedata: ""\323C\344\327\264{\312-\017:\006{\177\344N\002\326bO\260\220\006\033\362\345\005U\221DzJ0\001\301\025%1L\307\t\261\262z\374\222T\301\274V\236\223\262\270Ct\362\337b\356\024*\324\320\351\317\002k\336\234\027v\351\217\260\303\360\233ZPZWr\246$w\313\313\r\243r\232\2234\373\3539:N\004Q\245\272D\312D\300\300\t\323\0257\345e\271\na\215{\226\255x%T\257\037\333\004\344_/R\006E\344\037@\210\363\010\336T\226\247'\204_{\261\370""1\235\2445\343\033Y!\212\201\341\272\225'\007\315\272\005\023\276\002\260\303\221\r\003\271\r\230\t}o%\022\355\214\026\374\333\202\313&\214\202\030za\013\003""; }; ","ledgerHash: ""\001f\352\277\0031Q]\362\370R\350{\261\202\240\344\215\201\353\276\322p5p\350\354\017>\250r\241""; ledgerSeq: 13; type: liBASE; nodes {;   nodedata: ""\000\000\000\r\001cEx]\211\377\330\305;a\314\265R\310\017\317\331\235\360\262\240:\277\202\266\354\265X""\022\nh\252\352w\204\203\023]\000\000\000\000\000\000\000\000\000\000\000\000\000\000\000\000\000\000\000\000\000\000\000\000\000\000\000\000\000\000\000\000\324*\201\023\361\353\317\313\321E\033\360\037\227\016\2471</\2720\201\242\266\261\2775\022x4c\230/\351\252\325/\351\252\334\n\000""; }; nodes {;   nodedata: ""\323C\344\327\264{\312-\017:\006{\177\344N\002\326bO\260\220\006\033\362\345\005U\221DzJ0\001\301\025%1L\307\t\261\262z\374\222T\301\274V\236\223\262\270Ct\362\337b\356\024*\324\320\351\317\002k\336\234\027v\351\217\260\303\360\233ZPZWr\246$w\313\313\r\243r\232\2234\373\3539:N\004Q\245\272D\312D\300\300\t\323\0257\345e\271\na\215{\226\255x%T\257\037\333\004\344_/R\006E\344\037@\210\363\010\336T\226\247'\204_{\261\370""1\235\2445\343\033Y!\212\201\341\272\225'\007\315\272\005\023\276\002\260\303\221\r\003\271\r\230\t}o%\022\355\214\026\374\333\202\313&\214\202\030za\013\003""; }; "
1750527579497,1750527579497,0,1,2,0,TMLedgerData,"ledgerHash: ""\001f\352\277\0031Q]\362\370R\350{\261\202\240\344\215\201\353\276\322p5p\350\354\017>\250r\241""; ledgerSeq: 13; type: liBASE; nodes {;   nodedata: ""\000\000\000\r\001cEx]\211\377\330\305;a\314\265R\310\017\317\331\235\360\262\240:\277\202\266\354\265X""\022\nh\252\352w\204\203\023]\000\000\000\000\000\000\000\000\000\000\000\000\000\000\000\000\000\000\000\000\000\000\000\000\000\000\000\000\000\000\000\000\324*\201\023\361\353\317\313\321E\033\360\037\227\016\2471</\2720\201\242\266\261\2775\022x4c\230/\351\252\325/\351\252\334\n\000""; }; nodes {;   nodedata: ""\323C\344\327\264{\312-\017:\006{\177\344N\002\326bO\260\220\006\033\362\345\005U\221DzJ0\001\301\025%1L\307\t\261\262z\374\222T\301\274V\236\223\262\270Ct\362\337b\356\024*\324\320\351\317\002k\336\234\027v\351\217\260\303\360\233ZPZWr\246$w\313\313\r\243r\232\2234\373\3539:N\004Q\245\272D\312D\300\300\t\323\0257\345e\271\na\215{\226\255x%T\257\037\333\004\344_/R\006E\344\037@\210\363\010\336T\226\247'\204_{\261\370""1\235\2445\343\033Y!\212\201\341\272\225'\007\315\272\005\023\276\002\260\303\221\r\003\271\r\230\t}o%\022\355\214\026\374\333\202\313&\214\202\030za\013\003""; }; ","ledgerHash: ""\001f\352\277\0031Q]\362\370R\350{\261\202\240\344\215\201\353\276\322p5p\350\354\017>\250r\241""; ledgerSeq: 13; type: liBASE; nodes {;   nodedata: ""\000\000\000\r\001cEx]\211\377\330\305;a\314\265R\310\017\317\331\235\360\262\240:\277\202\266\354\265X""\022\nh\252\352w\204\203\023]\000\000\000\000\000\000\000\000\000\000\000\000\000\000\000\000\000\000\000\000\000\000\000\000\000\000\000\000\000\000\000\000\324*\201\023\361\353\317\313\321E\033\360\037\227\016\2471</\2720\201\242\266\261\2775\022x4c\230/\351\252\325/\351\252\334\n\000""; }; nodes {;   nodedata: ""\323C\344\327\264{\312-\017:\006{\177\344N\002\326bO\260\220\006\033\362\345\005U\221DzJ0\001\301\025%1L\307\t\261\262z\374\222T\301\274V\236\223\262\270Ct\362\337b\356\024*\324\320\351\317\002k\336\234\027v\351\217\260\303\360\233ZPZWr\246$w\313\313\r\243r\232\2234\373\3539:N\004Q\245\272D\312D\300\300\t\323\0257\345e\271\na\215{\226\255x%T\257\037\333\004\344_/R\006E\344\037@\210\363\010\336T\226\247'\204_{\261\370""1\235\2445\343\033Y!\212\201\341\272\225'\007\315\272\005\023\276\002\260\303\221\r\003\271\r\230\t}o%\022\355\214\026\374\333\202\313&\214\202\030za\013\003""; }; "
1750527579499,1750527579499,0,1,3,0,TMLedgerData,"ledgerHash: ""\001f\352\277\0031Q]\362\370R\350{\261\202\240\344\215\201\353\276\322p5p\350\354\017>\250r\241""; ledgerSeq: 13; type: liBASE; nodes {;   nodedata: ""\000\000\000\r\001cEx]\211\377\330\305;a\314\265R\310\017\317\331\235\360\262\240:\277\202\266\354\265X""\022\nh\252\352w\204\203\023]\000\000\000\000\000\000\000\000\000\000\000\000\000\000\000\000\000\000\000\000\000\000\000\000\000\000\000\000\000\000\000\000\324*\201\023\361\353\317\313\321E\033\360\037\227\016\2471</\2720\201\242\266\261\2775\022x4c\230/\351\252\325/\351\252\334\n\000""; }; nodes {;   nodedata: ""\323C\344\327\264{\312-\017:\006{\177\344N\002\326bO\260\220\006\033\362\345\005U\221DzJ0\001\301\025%1L\307\t\261\262z\374\222T\301\274V\236\223\262\270Ct\362\337b\356\024*\324\320\351\317\002k\336\234\027v\351\217\260\303\360\233ZPZWr\246$w\313\313\r\243r\232\2234\373\3539:N\004Q\245\272D\312D\300\300\t\323\0257\345e\271\na\215{\226\255x%T\257\037\333\004\344_/R\006E\344\037@\210\363\010\336T\226\247'\204_{\261\370""1\235\2445\343\033Y!\212\201\341\272\225'\007\315\272\005\023\276\002\260\303\221\r\003\271\r\230\t}o%\022\355\214\026\374\333\202\313&\214\202\030za\013\003""; }; requestCookie: 3; ","ledgerHash: ""\001f\352\277\0031Q]\362\370R\350{\261\202\240\344\215\201\353\276\322p5p\350\354\017>\250r\241""; ledgerSeq: 13; type: liBASE; nodes {;   nodedata: ""\000\000\000\r\001cEx]\211\377\330\305;a\314\265R\310\017\317\331\235\360\262\240:\277\202\266\354\265X""\022\nh\252\352w\204\203\023]\000\000\000\000\000\000\000\000\000\000\000\000\000\000\000\000\000\000\000\000\000\000\000\000\000\000\000\000\000\000\000\000\324*\201\023\361\353\317\313\321E\033\360\037\227\016\2471</\2720\201\242\266\261\2775\022x4c\230/\351\252\325/\351\252\334\n\000""; }; nodes {;   nodedata: ""\323C\344\327\264{\312-\017:\006{\177\344N\002\326bO\260\220\006\033\362\345\005U\221DzJ0\001\301\025%1L\307\t\261\262z\374\222T\301\274V\236\223\262\270Ct\362\337b\356\024*\324\320\351\317\002k\336\234\027v\351\217\260\303\360\233ZPZWr\246$w\313\313\r\243r\232\2234\373\3539:N\004Q\245\272D\312D\300\300\t\323\0257\345e\271\na\215{\226\255x%T\257\037\333\004\344_/R\006E\344\037@\210\363\010\336T\226\247'\204_{\261\370""1\235\2445\343\033Y!\212\201\341\272\225'\007\315\272\005\023\276\002\260\303\221\r\003\271\r\230\t}o%\022\355\214\026\374\333\202\313&\214\202\030za\013\003""; }; requestCookie: 3; "
1750527579501,1750527579501,0,1,3,2,TMLedgerData,"ledgerHash: ""\001f\352\277\0031Q]\362\370R\350{\261\202\240\344\215\201\353\276\322p5p\350\354\017>\250r\241""; ledgerSeq: 13; type: liAS_NODE; nodes {;   nodedata: ""\021\000h""\000\000\000\000 \033\000\000\000\014\002\023\301\337\330\356GuH\375\327!\255\371\r\231\262R\256J\034\222\241\355X\265E\241^W\225\304\014\361CX-}\351f\032\255\274\334m\326c\017\014ao[\342\230\003\245\245\3341Hm\326^\017jy\335\261\032Yt\320\244{g\0306\\302\303*\341\215\223\257\364\277o\375\000r\241SOq\221\253\262\005\017\375T\356\014\360o'\030\311-\267\031\257!\031T\006><\315XM\334\324\345\034\000\325\367\240\271\013\265\024\321\362\354\211\250.\234s\225amc\305\035\366\276\037nD\277`\210\223N\3535\033\261\304f\331]\036\237\306o!\223\221\002\324\031\262\240R\177 ,\214\325\Q])\016\2067\277\t\354\010\000\360\215\2502\265\245\310\226\243c\302Ze\306\253#r\020\211\320iG\276\020E\317\035Sf\223F\254\033@\177e\277\016\010u\327\371&\262\312\317Q\2361t\377x\234\001v\003%\030\325_\225g\204\346a=\225\273\331\354\365*U\363\263N\367b\371\244\314-w\363\262\225Z\200\206\235\233\257?sE\2674\254\326mU\377?\177Ek\336\030!\316Aa\225\303\022\377{\210Y\226\271as\354L\035\004\341\361\035\301\024\220m#*\372\032\3178~\374\250\014*\323\342'z69\220\327\256\351G\367\317u\302\207\270b\315\333\333\334\310I\323&\014\352XZnW2.\335\347\202\021\247\362\212e\034\000\001\250\220\305;a\314\265R\310\017\317\331\235\360\262\240:\277\202\266\354\265X""\022\nh\252\352w\204\203\023]\264\227\2326\315\307\363\323\325\303\032N\256*\307\327 \235\332\207u\210\271\257\306g\231i*\260\326k\001"";   nodeid: ""\260\000\000\000\000\000\000\000\000\000\000\000\000\000\000\000\000\000\000\000\000\000\000\000\000\000\000\000\000\000\000\000\001""; }; ","ledgerHash: ""\001f\352\277\0031Q]\362\370R\350{\261\202\240\344\215\201\353\276\322p5p\350\354\017>\250r\241""; ledgerSeq: 13; type: liAS_NODE; nodes {;   nodedata: ""\021\000h""\000\000\000\000 \033\000\000\000\014\002\023\301\337\330\356GuH\375\327!\255\371\r\231\262R\256J\034\222\241\355X\265E\241^W\225\304\014\361CX-}\351f\032\255\274\334m\326c\017\014ao[\342\230\003\245\245\3341Hm\326^\017jy\335\261\032Yt\320\244{g\0306\\302\303*\341\215\223\257\364\277o\375\000r\241SOq\221\253\262\005\017\375T\356\014\360o'\030\311-\267\031\257!\031T\006><\315XM\334\324\345\034\000\325\367\240\271\013\265\024\321\362\354\211\250.\234s\225amc\305\035\366\276\037nD\277`\210\223N\3535\033\261\304f\331]\036\237\306o!\223\221\002\324\031\262\240R\177 ,\214\325\Q])\016\2067\277\t\354\010\000\360\215\2502\265\245\310\226\243c\302Ze\306\253#r\020\211\320iG\276\020E\317\035Sf\223F\254\033@\177e\277\016\010u\327\371&\262\312\317Q\2361t\377x\234\001v\003%\030\325_\225g\204\346a=\225\273\331\354\365*U\363\263N\367b\371\244\314-w\363\262\225Z\200\206\235\233\257?sE\2674\254\326mU\377?\177Ek\336\030!\316Aa\225\303\022\377{\210Y\226\271as\354L\035\004\341\361\035\301\024\220m#*\372\032\3178~\374\250\014*\323\342'z69\220\327\256\351G\367\317u\302\207\270b\315\333\333\334\310I\323&\014\352XZnW2.\335\347\202\021\247\362\212e\034\000\001\250\220\305;a\314\265R\310\017\317\331\235\360\262\240:\277\202\266\354\265X""\022\nh\252\352w\204\203\023]\264\227\2326\315\307\363\323\325\303\032N\256*\307\327 \235\332\207u\210\271\257\306g\231i*\260\326k\001"";   nodeid: ""\260\000\000\000\000\000\000\000\000\000\000\000\000\000\000\000\000\000\000\000\000\000\000\000\000\000\000\000\000\000\000\000\001""; }; "
1750527579503,1750527579503,0,1,0,2,TMLedgerData,"ledgerHash: ""\001f\352\277\0031Q]\362\370R\350{\261\202\240\344\215\201\353\276\322p5p\350\354\017>\250r\241""; ledgerSeq: 13; type: liBASE; nodes {;   nodedata: ""\000\000\000\r\001cEx]\211\377\330\305;a\314\265R\310\017\317\331\235\360\262\240:\277\202\266\354\265X""\022\nh\252\352w\204\203\023]\000\000\000\000\000\000\000\000\000\000\000\000\000\000\000\000\000\000\000\000\000\000\000\000\000\000\000\000\000\000\000\000\324*\201\023\361\353\317\313\321E\033\360\037\227\016\2471</\2720\201\242\266\261\2775\022x4c\230/\351\252\325/\351\252\334\n\000""; }; nodes {;   nodedata: ""\323C\344\327\264{\312-\017:\006{\177\344N\002\326bO\260\220\006\033\362\345\005U\221DzJ0\001\301\025%1L\307\t\261\262z\374\222T\301\274V\236\223\262\270Ct\362\337b\356\024*\324\320\351\317\002k\336\234\027v\351\217\260\303\360\233ZPZWr\246$w\313\313\r\243r\232\2234\373\3539:N\004Q\245\272D\312D\300\300\t\323\0257\345e\271\na\215{\226\255x%T\257\037\333\004\344_/R\006E\344\037@\210\363\010\336T\226\247'\204_{\261\370""1\235\2445\343\033Y!\212\201\341\272\225'\007\315\272\005\023\276\002\260\303\221\r\003\271\r\230\t}o%\022\355\214\026\374\333\202\313&\214\202\030za\013\003""; }; ","ledgerHash: ""\001f\352\277\0031Q]\362\370R\350{\261\202\240\344\215\201\353\276\322p5p\350\354\017>\250r\241""; ledgerSeq: 13; type: liBASE; nodes {;   nodedata: ""\000\000\000\r\001cEx]\211\377\330\305;a\314\265R\310\017\317\331\235\360\262\240:\277\202\266\354\265X""\022\nh\252\352w\204\203\023]\000\000\000\000\000\000\000\000\000\000\000\000\000\000\000\000\000\000\000\000\000\000\000\000\000\000\000\000\000\000\000\000\324*\201\023\361\353\317\313\321E\033\360\037\227\016\2471</\2720\201\242\266\261\2775\022x4c\230/\351\252\325/\351\252\334\n\000""; }; nodes {;   nodedata: ""\323C\344\327\264{\312-\017:\006{\177\344N\002\326bO\260\220\006\033\362\345\005U\221DzJ0\001\301\025%1L\307\t\261\262z\374\222T\301\274V\236\223\262\270Ct\362\337b\356\024*\324\320\351\317\002k\336\234\027v\351\217\260\303\360\233ZPZWr\246$w\313\313\r\243r\232\2234\373\3539:N\004Q\245\272D\312D\300\300\t\323\0257\345e\271\na\215{\226\255x%T\257\037\333\004\344_/R\006E\344\037@\210\363\010\336T\226\247'\204_{\261\370""1\235\2445\343\033Y!\212\201\341\272\225'\007\315\272\005\023\276\002\260\303\221\r\003\271\r\230\t}o%\022\355\214\026\374\333\202\313&\214\202\030za\013\003""; }; "
1750527579530,1750527579531,0,1,3,0,TMLedgerData,"ledgerHash: ""\001f\352\277\0031Q]\362\370R\350{\261\202\240\344\215\201\353\276\322p5p\350\354\017>\250r\241""; ledgerSeq: 13; type: liAS_NODE; nodes {;   nodedata: ""\021\000h""\000\000\000\000 \033\000\000\000\014\002\023\301\337\330\356GuH\375\327!\255\371\r\231\262R\256J\034\222\241\355X\265E\241^W\225\304\014\361CX-}\351f\032\255\274\334m\326c\017\014ao[\342\230\003\245\245\3341Hm\326^\017jy\335\261\032Yt\320\244{g\0306\\302\303*\341\215\223\257\364\277o\375\000r\241SOq\221\253\262\005\017\375T\356\014\360o'\030\311-\267\031\257!\031T\006><\315XM\334\324\345\034\000\325\367\240\271\013\265\024\321\362\354\211\250.\234s\225amc\305\035\366\276\037nD\277`\210\223N\3535\033\261\304f\331]\036\237\306o!\223\221\002\324\031\262\240R\177 ,\214\325\Q])\016\2067\277\t\354\010\000\360\215\2502\265\245\310\226\243c\302Ze\306\253#r\020\211\320iG\276\020E\317\035Sf\223F\254\033@\177e\277\016\010u\327\371&\262\312\317Q\2361t\377x\234\001v\003%\030\325_\225g\204\346a=\225\273\331\354\365*U\363\263N\367b\371\244\314-w\363\262\225Z\200\206\235\233\257?sE\2674\254\326mU\377?\177Ek\336\030!\316Aa\225\303\022\377{\210Y\226\271as\354L\035\004\341\361\035\301\024\220m#*\372\032\3178~\374\250\014*\323\342'z69\220\327\256\351G\367\317u\302\207\270b\315\333\333\334\310I\323&\014\352XZnW2.\335\347\202\021\247\362\212e\034\000\001\250\220\305;a\314\265R\310\017\317\331\235\360\262\240:\277\202\266\354\265X""\022\nh\252\352w\204\203\023]\264\227\2326\315\307\363\323\325\303\032N\256*\307\327 \235\332\207u\210\271\257\306g\231i*\260\326k\001"";   nodeid: ""\260\000\000\000\000\000\000\000\000\000\000\000\000\000\000\000\000\000\000\000\000\000\000\000\000\000\000\000\000\000\000\000\001""; }; ","ledgerHash: ""\001f\352\277\0031Q]\362\370R\350{\261\202\240\344\215\201\353\276\322p5p\350\354\017>\250r\241""; ledgerSeq: 13; type: liAS_NODE; nodes {;   nodedata: ""\021\000h""\000\000\000\000 \033\000\000\000\014\002\023\301\337\330\356GuH\375\327!\255\371\r\231\262R\256J\034\222\241\355X\265E\241^W\225\304\014\361CX-}\351f\032\255\274\334m\326c\017\014ao[\342\230\003\245\245\3341Hm\326^\017jy\335\261\032Yt\320\244{g\0306\\302\303*\341\215\223\257\364\277o\375\000r\241SOq\221\253\262\005\017\375T\356\014\360o'\030\311-\267\031\257!\031T\006><\315XM\334\324\345\034\000\325\367\240\271\013\265\024\321\362\354\211\250.\234s\225amc\305\035\366\276\037nD\277`\210\223N\3535\033\261\304f\331]\036\237\306o!\223\221\002\324\031\262\240R\177 ,\214\325\Q])\016\2067\277\t\354\010\000\360\215\2502\265\245\310\226\243c\302Ze\306\253#r\020\211\320iG\276\020E\317\035Sf\223F\254\033@\177e\277\016\010u\327\371&\262\312\317Q\2361t\377x\234\001v\003%\030\325_\225g\204\346a=\225\273\331\354\365*U\363\263N\367b\371\244\314-w\363\262\225Z\200\206\235\233\257?sE\2674\254\326mU\377?\177Ek\336\030!\316Aa\225\303\022\377{\210Y\226\271as\354L\035\004\341\361\035\301\024\220m#*\372\032\3178~\374\250\014*\323\342'z69\220\327\256\351G\367\317u\302\207\270b\315\333\333\334\310I\323&\014\352XZnW2.\335\347\202\021\247\362\212e\034\000\001\250\220\305;a\314\265R\310\017\317\331\235\360\262\240:\277\202\266\354\265X""\022\nh\252\352w\204\203\023]\264\227\2326\315\307\363\323\325\303\032N\256*\307\327 \235\332\207u\210\271\257\306g\231i*\260\326k\001"";   nodeid: ""\260\000\000\000\000\000\000\000\000\000\000\000\000\000\000\000\000\000\000\000\000\000\000\000\000\000\000\000\000\000\000\000\001""; }; "
1750527579532,1750527579532,0,1,3,0,TMLedgerData,"ledgerHash: ""\305;a\314\265R\310\017\317\331\235\360\262\240:\277\202\266\354\265X""\022\nh\252\352w\204\203\023]""; ledgerSeq: 12; type: liBASE; nodes {;   nodedata: ""\000\000\000\014\001cEx]\211\377\330\207\270b\315\333\333\334\310I\323&\014\352XZnW2.\335\347\202\021\247\362\212e\034\000\001\250\220\000\000\000\000\000\000\000\000\000\000\000\000\000\000\000\000\000\000\000\000\000\000\000\000\000\000\000\000\000\000\000\000\013\352\370t\247W\026\374\353\033\001\rV\340""I\n\377\304&V\200&\306\020\224i\257z\327>\355/\351\252\324/\351\252\325\n\000""; }; nodes {;   nodedata: ""\323C\344\327\264{\312-\017:\006{\177\344N\002\326bO\260\220\006\033\362\345\005U\221DzJ0\001\301\025%1L\307\t\261\262z\374\222T\301\274V\236\223\262\270Ct\362\337b\356\024*\324\320\351\317\002k\336\234\027v\351\217\260\303\360\233ZPZWr\246$w\313\313\r\243r\232\2234\373\3539:N\004Q\245\272D\312D\300\300\t\323\0257\345e\271\na\215{\226\255x%T\257\037\333\004\344_/R\006E\344\037@\210\363\010\336T\226\247'\204_{\261\370""1\235\2445\343\033Y!\212\201\341\272\225'\007\252$\232m\027\215\243\234\266\6+r\213\264K\307,\347\275\343\363\375L?5\243\234\232\374\357\232\013\003""; }; ","ledgerHash: ""\305;a\314\265R\310\017\317\331\235\360\262\240:\277\202\266\354\265X""\022\nh\252\352w\204\203\023]""; ledgerSeq: 12; type: liBASE; nodes {;   nodedata: ""\000\000\000\014\001cEx]\211\377\330\207\270b\315\333\333\334\310I\323&\014\352XZnW2.\335\347\202\021\247\362\212e\034\000\001\250\220\000\000\000\000\000\000\000\000\000\000\000\000\000\000\000\000\000\000\000\000\000\000\000\000\000\000\000\000\000\000\000\000\013\352\370t\247W\026\374\353\033\001\rV\340""I\n\377\304&V\200&\306\020\224i\257z\327>\355/\351\252\324/\351\252\325\n\000""; }; nodes {;   nodedata: ""\323C\344\327\264{\312-\017:\006{\177\344N\002\326bO\260\220\006\033\362\345\005U\221DzJ0\001\301\025%1L\307\t\261\262z\374\222T\301\274V\236\223\262\270Ct\362\337b\356\024*\324\320\351\317\002k\336\234\027v\351\217\260\303\360\233ZPZWr\246$w\313\313\r\243r\232\2234\373\3539:N\004Q\245\272D\312D\300\300\t\323\0257\345e\271\na\215{\226\255x%T\257\037\333\004\344_/R\006E\344\037@\210\363\010\336T\226\247'\204_{\261\370""1\235\2445\343\033Y!\212\201\341\272\225'\007\252$\232m\027\215\243\234\266\6+r\213\264K\307,\347\275\343\363\375L?5\243\234\232\374\357\232\013\003""; }; "
1750527579547,1750527579548,0,1,3,0,TMLedgerData,"ledgerHash: ""\305;a\314\265R\310\017\317\331\235\360\262\240:\277\202\266\354\265X""\022\nh\252\352w\204\203\023]""; ledgerSeq: 12; type: liBASE; nodes {;   nodedata: ""\000\000\000\014\001cEx]\211\377\330\207\270b\315\333\333\334\310I\323&\014\352XZnW2.\335\347\202\021\247\362\212e\034\000\001\250\220\000\000\000\000\000\000\000\000\000\000\000\000\000\000\000\000\000\000\000\000\000\000\000\000\000\000\000\000\000\000\000\000\013\352\370t\247W\026\374\353\033\001\rV\340""I\n\377\304&V\200&\306\020\224i\257z\327>\355/\351\252\324/\351\252\325\n\000""; }; nodes {;   nodedata: ""\323C\344\327\264{\312-\017:\006{\177\344N\002\326bO\260\220\006\033\362\345\005U\221DzJ0\001\301\025%1L\307\t\261\262z\374\222T\301\274V\236\223\262\270Ct\362\337b\356\024*\324\320\351\317\002k\336\234\027v\351\217\260\303\360\233ZPZWr\246$w\313\313\r\243r\232\2234\373\3539:N\004Q\245\272D\312D\300\300\t\323\0257\345e\271\na\215{\226\255x%T\257\037\333\004\344_/R\006E\344\037@\210\363\010\336T\226\247'\204_{\261\370""1\235\2445\343\033Y!\212\201\341\272\225'\007\252$\232m\027\215\243\234\266\6+r\213\264K\307,\347\275\343\363\375L?5\243\234\232\374\357\232\013\003""; }; ","ledgerHash: ""\305;a\314\265R\310\017\317\331\235\360\262\240:\277\202\266\354\265X""\022\nh\252\352w\204\203\023]""; ledgerSeq: 12; type: liBASE; nodes {;   nodedata: ""\000\000\000\014\001cEx]\211\377\330\207\270b\315\333\333\334\310I\323&\014\352XZnW2.\335\347\202\021\247\362\212e\034\000\001\250\220\000\000\000\000\000\000\000\000\000\000\000\000\000\000\000\000\000\000\000\000\000\000\000\000\000\000\000\000\000\000\000\000\013\352\370t\247W\026\374\353\033\001\rV\340""I\n\377\304&V\200&\306\020\224i\257z\327>\355/\351\252\324/\351\252\325\n\000""; }; nodes {;   nodedata: ""\323C\344\327\264{\312-\017:\006{\177\344N\002\326bO\260\220\006\033\362\345\005U\221DzJ0\001\301\025%1L\307\t\261\262z\374\222T\301\274V\236\223\262\270Ct\362\337b\356\024*\324\320\351\317\002k\336\234\027v\351\217\260\303\360\233ZPZWr\246$w\313\313\r\243r\232\2234\373\3539:N\004Q\245\272D\312D\300\300\t\323\0257\345e\271\na\215{\226\255x%T\257\037\333\004\344_/R\006E\344\037@\210\363\010\336T\226\247'\204_{\261\370""1\235\2445\343\033Y!\212\201\341\272\225'\007\252$\232m\027\215\243\234\266\6+r\213\264K\307,\347\275\343\363\375L?5\243\234\232\374\357\232\013\003""; }; "
1750527579590,1750527579590,0,1,3,0,TMLedgerData,"ledgerHash: ""\305;a\314\265R\310\017\317\331\235\360\262\240:\277\202\266\354\265X""\022\nh\252\352w\204\203\023]""; ledgerSeq: 12; type: liBASE; nodes {;   nodedata: ""\000\000\000\014\001cEx]\211\377\330\207\270b\315\333\333\334\310I\323&\014\352XZnW2.\335\347\202\021\247\362\212e\034\000\001\250\220\000\000\000\000\000\000\000\000\000\000\000\000\000\000\000\000\000\000\000\000\000\000\000\000\000\000\000\000\000\000\000\000\013\352\370t\247W\026\374\353\033\001\rV\340""I\n\377\304&V\200&\306\020\224i\257z\327>\355/\351\252\324/\351\252\325\n\000""; }; nodes {;   nodedata: ""\323C\344\327\264{\312-\017:\006{\177\344N\002\326bO\260\220\006\033\362\345\005U\221DzJ0\001\301\025%1L\307\t\261\262z\374\222T\301\274V\236\223\262\270Ct\362\337b\356\024*\324\320\351\317\002k\336\234\027v\351\217\260\303\360\233ZPZWr\246$w\313\313\r\243r\232\2234\373\3539:N\004Q\245\272D\312D\300\300\t\323\0257\345e\271\na\215{\226\255x%T\257\037\333\004\344_/R\006E\344\037@\210\363\010\336T\226\247'\204_{\261\370""1\235\2445\343\033Y!\212\201\341\272\225'\007\252$\232m\027\215\243\234\266\6+r\213\264K\307,\347\275\343\363\375L?5\243\234\232\374\357\232\013\003""; }; requestCookie: 5; ","ledgerHash: ""\305;a\314\265R\310\017\317\331\235\360\262\240:\277\202\266\354\265X""\022\nh\252\352w\204\203\023]""; ledgerSeq: 12; type: liBASE; nodes {;   nodedata: ""\000\000\000\014\001cEx]\211\377\330\207\270b\315\333\333\334\310I\323&\014\352XZnW2.\335\347\202\021\247\362\212e\034\000\001\250\220\000\000\000\000\000\000\000\000\000\000\000\000\000\000\000\000\000\000\000\000\000\000\000\000\000\000\000\000\000\000\000\000\013\352\370t\247W\026\374\353\033\001\rV\340""I\n\377\304&V\200&\306\020\224i\257z\327>\355/\351\252\324/\351\252\325\n\000""; }; nodes {;   nodedata: ""\323C\344\327\264{\312-\017:\006{\177\344N\002\326bO\260\220\006\033\362\345\005U\221DzJ0\001\301\025%1L\307\t\261\262z\374\222T\301\274V\236\223\262\270Ct\362\337b\356\024*\324\320\351\317\002k\336\234\027v\351\217\260\303\360\233ZPZWr\246$w\313\313\r\243r\232\2234\373\3539:N\004Q\245\272D\312D\300\300\t\323\0257\345e\271\na\215{\226\255x%T\257\037\333\004\344_/R\006E\344\037@\210\363\010\336T\226\247'\204_{\261\370""1\235\2445\343\033Y!\212\201\341\272\225'\007\252$\232m\027\215\243\234\266\6+r\213\264K\307,\347\275\343\363\375L?5\243\234\232\374\357\232\013\003""; }; requestCookie: 5; "
1750527579591,1750527579591,0,1,4,2,TMStatusChange,"newEvent: neACCEPTED_LEDGER; ledgerSeq: 13; ledgerHash: ""\001f\352\277\0031Q]\362\370R\350{\261\202\240\344\215\201\353\276\322p5p\350\354\017>\250r\241""; ledgerHashPrevious: ""\305;a\314\265R\310\017\317\331\235\360\262\240:\277\202\266\354\265X""\022\nh\252\352w\204\203\023]""; networkTime: 803842779; firstSeq: 1; lastSeq: 12; ","newEvent: neACCEPTED_LEDGER; ledgerSeq: 13; ledgerHash: ""\001f\352\277\0031Q]\362\370R\350{\261\202\240\344\215\201\353\276\322p5p\350\354\017>\250r\241""; ledgerHashPrevious: ""\305;a\314\265R\310\017\317\331\235\360\262\240:\277\202\266\354\265X""\022\nh\252\352w\204\203\023]""; networkTime: 803842779; firstSeq: 1; lastSeq: 12; "
1750527579592,1750527579592,0,1,4,1,TMStatusChange,"newEvent: neACCEPTED_LEDGER; ledgerSeq: 13; ledgerHash: ""\001f\352\277\0031Q]\362\370R\350{\261\202\240\344\215\201\353\276\322p5p\350\354\017>\250r\241""; ledgerHashPrevious: ""\305;a\314\265R\310\017\317\331\235\360\262\240:\277\202\266\354\265X""\022\nh\252\352w\204\203\023]""; networkTime: 803842779; firstSeq: 1; lastSeq: 12; ","newEvent: neACCEPTED_LEDGER; ledgerSeq: 13; ledgerHash: ""\001f\352\277\0031Q]\362\370R\350{\261\202\240\344\215\201\353\276\322p5p\350\354\017>\250r\241""; ledgerHashPrevious: ""\305;a\314\265R\310\017\317\331\235\360\262\240:\277\202\266\354\265X""\022\nh\252\352w\204\203\023]""; networkTime: 803842779; firstSeq: 1; lastSeq: 12; "
1750527579592,1750527579592,0,1,4,3,TMStatusChange,"newEvent: neACCEPTED_LEDGER; ledgerSeq: 13; ledgerHash: ""\001f\352\277\0031Q]\362\370R\350{\261\202\240\344\215\201\353\276\322p5p\350\354\017>\250r\241""; ledgerHashPrevious: ""\305;a\314\265R\310\017\317\331\235\360\262\240:\277\202\266\354\265X""\022\nh\252\352w\204\203\023]""; networkTime: 803842779; firstSeq: 1; lastSeq: 12; ","newEvent: neACCEPTED_LEDGER; ledgerSeq: 13; ledgerHash: ""\001f\352\277\0031Q]\362\370R\350{\261\202\240\344\215\201\353\276\322p5p\350\354\017>\250r\241""; ledgerHashPrevious: ""\305;a\314\265R\310\017\317\331\235\360\262\240:\277\202\266\354\265X""\022\nh\252\352w\204\203\023]""; networkTime: 803842779; firstSeq: 1; lastSeq: 12; "
1750527579593,1750527579593,0,1,4,0,TMStatusChange,"newEvent: neACCEPTED_LEDGER; ledgerSeq: 13; ledgerHash: ""\001f\352\277\0031Q]\362\370R\350{\261\202\240\344\215\201\353\276\322p5p\350\354\017>\250r\241""; ledgerHashPrevious: ""\305;a\314\265R\310\017\317\331\235\360\262\240:\277\202\266\354\265X""\022\nh\252\352w\204\203\023]""; networkTime: 803842779; firstSeq: 1; lastSeq: 12; ","newEvent: neACCEPTED_LEDGER; ledgerSeq: 13; ledgerHash: ""\001f\352\277\0031Q]\362\370R\350{\261\202\240\344\215\201\353\276\322p5p\350\354\017>\250r\241""; ledgerHashPrevious: ""\305;a\314\265R\310\017\317\331\235\360\262\240:\277\202\266\354\265X""\022\nh\252\352w\204\203\023]""; networkTime: 803842779; firstSeq: 1; lastSeq: 12; "
1750527579593,1750527579594,0,1,0,4,TMLedgerData,"ledgerHash: ""\305;a\314\265R\310\017\317\331\235\360\262\240:\277\202\266\354\265X""\022\nh\252\352w\204\203\023]""; ledgerSeq: 12; type: liBASE; nodes {;   nodedata: ""\000\000\000\014\001cEx]\211\377\330\207\270b\315\333\333\334\310I\323&\014\352XZnW2.\335\347\202\021\247\362\212e\034\000\001\250\220\000\000\000\000\000\000\000\000\000\000\000\000\000\000\000\000\000\000\000\000\000\000\000\000\000\000\000\000\000\000\000\000\013\352\370t\247W\026\374\353\033\001\rV\340""I\n\377\304&V\200&\306\020\224i\257z\327>\355/\351\252\324/\351\252\325\n\000""; }; nodes {;   nodedata: ""\323C\344\327\264{\312-\017:\006{\177\344N\002\326bO\260\220\006\033\362\345\005U\221DzJ0\001\301\025%1L\307\t\261\262z\374\222T\301\274V\236\223\262\270Ct\362\337b\356\024*\324\320\351\317\002k\336\234\027v\351\217\260\303\360\233ZPZWr\246$w\313\313\r\243r\232\2234\373\3539:N\004Q\245\272D\312D\300\300\t\323\0257\345e\271\na\215{\226\255x%T\257\037\333\004\344_/R\006E\344\037@\210\363\010\336T\226\247'\204_{\261\370""1\235\2445\343\033Y!\212\201\341\272\225'\007\252$\232m\027\215\243\234\266\6+r\213\264K\307,\347\275\343\363\375L?5\243\234\232\374\357\232\013\003""; }; ","ledgerHash: ""\305;a\314\265R\310\017\317\331\235\360\262\240:\277\202\266\354\265X""\022\nh\252\352w\204\203\023]""; ledgerSeq: 12; type: liBASE; nodes {;   nodedata: ""\000\000\000\014\001cEx]\211\377\330\207\270b\315\333\333\334\310I\323&\014\352XZnW2.\335\347\202\021\247\362\212e\034\000\001\250\220\000\000\000\000\000\000\000\000\000\000\000\000\000\000\000\000\000\000\000\000\000\000\000\000\000\000\000\000\000\000\000\000\013\352\370t\247W\026\374\353\033\001\rV\340""I\n\377\304&V\200&\306\020\224i\257z\327>\355/\351\252\324/\351\252\325\n\000""; }; nodes {;   nodedata: ""\323C\344\327\264{\312-\017:\006{\177\344N\002\326bO\260\220\006\033\362\345\005U\221DzJ0\001\301\025%1L\307\t\261\262z\374\222T\301\274V\236\223\262\270Ct\362\337b\356\024*\324\320\351\317\002k\336\234\027v\351\217\260\303\360\233ZPZWr\246$w\313\313\r\243r\232\2234\373\3539:N\004Q\245\272D\312D\300\300\t\323\0257\345e\271\na\215{\226\255x%T\257\037\333\004\344_/R\006E\344\037@\210\363\010\336T\226\247'\204_{\261\370""1\235\2445\343\033Y!\212\201\341\272\225'\007\252$\232m\027\215\243\234\266\6+r\213\264K\307,\347\275\343\363\375L?5\243\234\232\374\357\232\013\003""; }; "
1750527579596,1750527579596,0,1,4,0,TMValidation,"validation: """"\200\000\000\001&\000\000\000\r)/\351\252\333:\r\302\353\023?\373\240rQ\001f\352\277\0031Q]\362\370R\350{\261\202\240\344\215\201\353\276\322p5p\350\354\017>\250r\241P\027\000\000\000\000\000\000\000\000\000\000\000\000\000\000\000\000\000\000\000\000\000\000\000\000\000\000\000\000\000\000\000\000P\031\305;a\314\265R\310\017\317\331\235\360\262\240:\277\202\266\354\265X""\022\nh\252\352w\204\203\023]s!\003R7o\362bV\300hf\266\241;}\200^\374\240\203[:\342Q\225\221\027y\372\255\235\216\323~vF0D\002 \nvR\243\004\264\026\253\321]\306Q\203,\2428f\254\306\036e\304~|tC\257\315\335\021\216\241\002 ,\351\317<\210\306\346^b/RaC\2106J\244Nu\247\346\014\017v\301l%\\347\356\224V""; ","validation: """"\200\000\000\001&\000\000\000\r)/\351\252\333:\r\302\353\023?\373\240rQ\001f\352\277\0031Q]\362\370R\350{\261\202\240\344\215\201\353\276\322p5p\350\354\017>\250r\241P\027\000\000\000\000\000\000\000\000\000\000\000\000\000\000\000\000\000\000\000\000\000\000\000\000\000\000\000\000\000\000\000\000P\031\305;a\314\265R\310\017\317\331\235\360\262\240:\277\202\266\354\265X""\022\nh\252\352w\204\203\023]s!\003R7o\362bV\300hf\266\241;}\200^\374\240\203[:\342Q\225\221\027y\372\255\235\216\323~vF0D\002 \nvR\243\004\264\026\253\321]\306Q\203,\2428f\254\306\036e\304~|tC\257\315\335\021\216\241\002 ,\351\317<\210\306\346^b/RaC\2106J\244Nu\247\346\014\017v\301l%\\347\356\224V""; "
1750527579598,1750527579598,0,1,0,1,TMValidation,"validation: """"\200\000\000\001&\000\000\000\r)/\351\252\333:\r\302\353\023?\373\240rQ\001f\352\277\0031Q]\362\370R\350{\261\202\240\344\215\201\353\276\322p5p\350\354\017>\250r\241P\027\000\000\000\000\000\000\000\000\000\000\000\000\000\000\000\000\000\000\000\000\000\000\000\000\000\000\000\000\000\000\000\000P\031\305;a\314\265R\310\017\317\331\235\360\262\240:\277\202\266\354\265X""\022\nh\252\352w\204\203\023]s!\003R7o\362bV\300hf\266\241;}\200^\374\240\203[:\342Q\225\221\027y\372\255\235\216\323~vF0D\002 \nvR\243\004\264\026\253\321]\306Q\203,\2428f\254\306\036e\304~|tC\257\315\335\021\216\241\002 ,\351\317<\210\306\346^b/RaC\2106J\244Nu\247\346\014\017v\301l%\\347\356\224V""; ","validation: """"\200\000\000\001&\000\000\000\r)/\351\252\333:\r\302\353\023?\373\240rQ\001f\352\277\0031Q]\362\370R\350{\261\202\240\344\215\201\353\276\322p5p\350\354\017>\250r\241P\027\000\000\000\000\000\000\000\000\000\000\000\000\000\000\000\000\000\000\000\000\000\000\000\000\000\000\000\000\000\000\000\000P\031\305;a\314\265R\310\017\317\331\235\360\262\240:\277\202\266\354\265X""\022\nh\252\352w\204\203\023]s!\003R7o\362bV\300hf\266\241;}\200^\374\240\203[:\342Q\225\221\027y\372\255\235\216\323~vF0D\002 \nvR\243\004\264\026\253\321]\306Q\203,\2428f\254\306\036e\304~|tC\257\315\335\021\216\241\002 ,\351\317<\210\306\346^b/RaC\2106J\244Nu\247\346\014\017v\301l%\\347\356\224V""; "
1750527579599,1750527579599,0,1,0,2,TMValidation,"validation: """"\200\000\000\001&\000\000\000\r)/\351\252\333:\r\302\353\023?\373\240rQ\001f\352\277\0031Q]\362\370R\350{\261\202\240\344\215\201\353\276\322p5p\350\354\017>\250r\241P\027\000\000\000\000\000\000\000\000\000\000\000\000\000\000\000\000\000\000\000\000\000\000\000\000\000\000\000\000\000\000\000\000P\031\305;a\314\265R\310\017\317\331\235\360\262\240:\277\202\266\354\265X""\022\nh\252\352w\204\203\023]s!\003R7o\362bV\300hf\266\241;}\200^\374\240\203[:\342Q\225\221\027y\372\255\235\216\323~vF0D\002 \nvR\243\004\264\026\253\321]\306Q\203,\2428f\254\306\036e\304~|tC\257\315\335\021\216\241\002 ,\351\317<\210\306\346^b/RaC\2106J\244Nu\247\346\014\017v\301l%\\347\356\224V""; ","validation: """"\200\000\000\001&\000\000\000\r)/\351\252\333:\r\302\353\023?\373\240rQ\001f\352\277\0031Q]\362\370R\350{\261\202\240\344\215\201\353\276\322p5p\350\354\017>\250r\241P\027\000\000\000\000\000\000\000\000\000\000\000\000\000\000\000\000\000\000\000\000\000\000\000\000\000\000\000\000\000\000\000\000P\031\305;a\314\265R\310\017\317\331\235\360\262\240:\277\202\266\354\265X""\022\nh\252\352w\204\203\023]s!\003R7o\362bV\300hf\266\241;}\200^\374\240\203[:\342Q\225\221\027y\372\255\235\216\323~vF0D\002 \nvR\243\004\264\026\253\321]\306Q\203,\2428f\254\306\036e\304~|tC\257\315\335\021\216\241\002 ,\351\317<\210\306\346^b/RaC\2106J\244Nu\247\346\014\017v\301l%\\347\356\224V""; "
1750527579598,1750527579598,0,1,0,3,TMValidation,"validation: """"\200\000\000\001&\000\000\000\r)/\351\252\333:\r\302\353\023?\373\240rQ\001f\352\277\0031Q]\362\370R\350{\261\202\240\344\215\201\353\276\322p5p\350\354\017>\250r\241P\027\000\000\000\000\000\000\000\000\000\000\000\000\000\000\000\000\000\000\000\000\000\000\000\000\000\000\000\000\000\000\000\000P\031\305;a\314\265R\310\017\317\331\235\360\262\240:\277\202\266\354\265X""\022\nh\252\352w\204\203\023]s!\003R7o\362bV\300hf\266\241;}\200^\374\240\203[:\342Q\225\221\027y\372\255\235\216\323~vF0D\002 \nvR\243\004\264\026\253\321]\306Q\203,\2428f\254\306\036e\304~|tC\257\315\335\021\216\241\002 ,\351\317<\210\306\346^b/RaC\2106J\244Nu\247\346\014\017v\301l%\\347\356\224V""; ","validation: """"\200\000\000\001&\000\000\000\r)/\351\252\333:\r\302\353\023?\373\240rQ\001f\352\277\0031Q]\362\370R\350{\261\202\240\344\215\201\353\276\322p5p\350\354\017>\250r\241P\027\000\000\000\000\000\000\000\000\000\000\000\000\000\000\000\000\000\000\000\000\000\000\000\000\000\000\000\000\000\000\000\000P\031\305;a\314\265R\310\017\317\331\235\360\262\240:\277\202\266\354\265X""\022\nh\252\352w\204\203\023]s!\003R7o\362bV\300hf\266\241;}\200^\374\240\203[:\342Q\225\221\027y\372\255\235\216\323~vF0D\002 \nvR\243\004\264\026\253\321]\306Q\203,\2428f\254\306\036e\304~|tC\257\315\335\021\216\241\002 ,\351\317<\210\306\346^b/RaC\2106J\244Nu\247\346\014\017v\301l%\\347\356\224V""; "
1750527579601,1750527579601,0,1,1,4,TMValidation,"validation: """"\200\000\000\001&\000\000\000\r)/\351\252\333:\r\302\353\023?\373\240rQ\001f\352\277\0031Q]\362\370R\350{\261\202\240\344\215\201\353\276\322p5p\350\354\017>\250r\241P\027\000\000\000\000\000\000\000\000\000\000\000\000\000\000\000\000\000\000\000\000\000\000\000\000\000\000\000\000\000\000\000\000P\031\305;a\314\265R\310\017\317\331\235\360\262\240:\277\202\266\354\265X""\022\nh\252\352w\204\203\023]s!\003R7o\362bV\300hf\266\241;}\200^\374\240\203[:\342Q\225\221\027y\372\255\235\216\323~vF0D\002 \nvR\243\004\264\026\253\321]\306Q\203,\2428f\254\306\036e\304~|tC\257\315\335\021\216\241\002 ,\351\317<\210\306\346^b/RaC\2106J\244Nu\247\346\014\017v\301l%\\347\356\224V""; ","validation: """"\200\000\000\001&\000\000\000\r)/\351\252\333:\r\302\353\023?\373\240rQ\001f\352\277\0031Q]\362\370R\350{\261\202\240\344\215\201\353\276\322p5p\350\354\017>\250r\241P\027\000\000\000\000\000\000\000\000\000\000\000\000\000\000\000\000\000\000\000\000\000\000\000\000\000\000\000\000\000\000\000\000P\031\305;a\314\265R\310\017\317\331\235\360\262\240:\277\202\266\354\265X""\022\nh\252\352w\204\203\023]s!\003R7o\362bV\300hf\266\241;}\200^\374\240\203[:\342Q\225\221\027y\372\255\235\216\323~vF0D\002 \nvR\243\004\264\026\253\321]\306Q\203,\2428f\254\306\036e\304~|tC\257\315\335\021\216\241\002 ,\351\317<\210\306\346^b/RaC\2106J\244Nu\247\346\014\017v\301l%\\347\356\224V""; "
1750527579601,1750527579601,0,1,1,3,TMValidation,"validation: """"\200\000\000\001&\000\000\000\r)/\351\252\333:\r\302\353\023?\373\240rQ\001f\352\277\0031Q]\362\370R\350{\261\202\240\344\215\201\353\276\322p5p\350\354\017>\250r\241P\027\000\000\000\000\000\000\000\000\000\000\000\000\000\000\000\000\000\000\000\000\000\000\000\000\000\000\000\000\000\000\000\000P\031\305;a\314\265R\310\017\317\331\235\360\262\240:\277\202\266\354\265X""\022\nh\252\352w\204\203\023]s!\003R7o\362bV\300hf\266\241;}\200^\374\240\203[:\342Q\225\221\027y\372\255\235\216\323~vF0D\002 \nvR\243\004\264\026\253\321]\306Q\203,\2428f\254\306\036e\304~|tC\257\315\335\021\216\241\002 ,\351\317<\210\306\346^b/RaC\2106J\244Nu\247\346\014\017v\301l%\\347\356\224V""; ","validation: """"\200\000\000\001&\000\000\000\r)/\351\252\333:\r\302\353\023?\373\240rQ\001f\352\277\0031Q]\362\370R\350{\261\202\240\344\215\201\353\276\322p5p\350\354\017>\250r\241P\027\000\000\000\000\000\000\000\000\000\000\000\000\000\000\000\000\000\000\000\000\000\000\000\000\000\000\000\000\000\000\000\000P\031\305;a\314\265R\310\017\317\331\235\360\262\240:\277\202\266\354\265X""\022\nh\252\352w\204\203\023]s!\003R7o\362bV\300hf\266\241;}\200^\374\240\203[:\342Q\225\221\027y\372\255\235\216\323~vF0D\002 \nvR\243\004\264\026\253\321]\306Q\203,\2428f\254\306\036e\304~|tC\257\315\335\021\216\241\002 ,\351\317<\210\306\346^b/RaC\2106J\244Nu\247\346\014\017v\301l%\\347\356\224V""; "
1750527579602,1750527579602,0,1,1,2,TMValidation,"validation: """"\200\000\000\001&\000\000\000\r)/\351\252\333:\r\302\353\023?\373\240rQ\001f\352\277\0031Q]\362\370R\350{\261\202\240\344\215\201\353\276\322p5p\350\354\017>\250r\241P\027\000\000\000\000\000\000\000\000\000\000\000\000\000\000\000\000\000\000\000\000\000\000\000\000\000\000\000\000\000\000\000\000P\031\305;a\314\265R\310\017\317\331\235\360\262\240:\277\202\266\354\265X""\022\nh\252\352w\204\203\023]s!\003R7o\362bV\300hf\266\241;}\200^\374\240\203[:\342Q\225\221\027y\372\255\235\216\323~vF0D\002 \nvR\243\004\264\026\253\321]\306Q\203,\2428f\254\306\036e\304~|tC\257\315\335\021\216\241\002 ,\351\317<\210\306\346^b/RaC\2106J\244Nu\247\346\014\017v\301l%\\347\356\224V""; ","validation: """"\200\000\000\001&\000\000\000\r)/\351\252\333:\r\302\353\023?\373\240rQ\001f\352\277\0031Q]\362\370R\350{\261\202\240\344\215\201\353\276\322p5p\350\354\017>\250r\241P\027\000\000\000\000\000\000\000\000\000\000\000\000\000\000\000\000\000\000\000\000\000\000\000\000\000\000\000\000\000\000\000\000P\031\305;a\314\265R\310\017\317\331\235\360\262\240:\277\202\266\354\265X""\022\nh\252\352w\204\203\023]s!\003R7o\362bV\300hf\266\241;}\200^\374\240\203[:\342Q\225\221\027y\372\255\235\216\323~vF0D\002 \nvR\243\004\264\026\253\321]\306Q\203,\2428f\254\306\036e\304~|tC\257\315\335\021\216\241\002 ,\351\317<\210\306\346^b/RaC\2106J\244Nu\247\346\014\017v\301l%\\347\356\224V""; "
1750527579603,1750527579603,0,1,2,3,TMValidation,"validation: """"\200\000\000\001&\000\000\000\r)/\351\252\333:\r\302\353\023?\373\240rQ\001f\352\277\0031Q]\362\370R\350{\261\202\240\344\215\201\353\276\322p5p\350\354\017>\250r\241P\027\000\000\000\000\000\000\000\000\000\000\000\000\000\000\000\000\000\000\000\000\000\000\000\000\000\000\000\000\000\000\000\000P\031\305;a\314\265R\310\017\317\331\235\360\262\240:\277\202\266\354\265X""\022\nh\252\352w\204\203\023]s!\003R7o\362bV\300hf\266\241;}\200^\374\240\203[:\342Q\225\221\027y\372\255\235\216\323~vF0D\002 \nvR\243\004\264\026\253\321]\306Q\203,\2428f\254\306\036e\304~|tC\257\315\335\021\216\241\002 ,\351\317<\210\306\346^b/RaC\2106J\244Nu\247\346\014\017v\301l%\\347\356\224V""; ","validation: """"\200\000\000\001&\000\000\000\r)/\351\252\333:\r\302\353\023?\373\240rQ\001f\352\277\0031Q]\362\370R\350{\261\202\240\344\215\201\353\276\322p5p\350\354\017>\250r\241P\027\000\000\000\000\000\000\000\000\000\000\000\000\000\000\000\000\000\000\000\000\000\000\000\000\000\000\000\000\000\000\000\000P\031\305;a\314\265R\310\017\317\331\235\360\262\240:\277\202\266\354\265X""\022\nh\252\352w\204\203\023]s!\003R7o\362bV\300hf\266\241;}\200^\374\240\203[:\342Q\225\221\027y\372\255\235\216\323~vF0D\002 \nvR\243\004\264\026\253\321]\306Q\203,\2428f\254\306\036e\304~|tC\257\315\335\021\216\241\002 ,\351\317<\210\306\346^b/RaC\2106J\244Nu\247\346\014\017v\301l%\\347\356\224V""; "
1750527579603,1750527579603,0,1,2,1,TMValidation,"validation: """"\200\000\000\001&\000\000\000\r)/\351\252\333:\r\302\353\023?\373\240rQ\001f\352\277\0031Q]\362\370R\350{\261\202\240\344\215\201\353\276\322p5p\350\354\017>\250r\241P\027\000\000\000\000\000\000\000\000\000\000\000\000\000\000\000\000\000\000\000\000\000\000\000\000\000\000\000\000\000\000\000\000P\031\305;a\314\265R\310\017\317\331\235\360\262\240:\277\202\266\354\265X""\022\nh\252\352w\204\203\023]s!\003R7o\362bV\300hf\266\241;}\200^\374\240\203[:\342Q\225\221\027y\372\255\235\216\323~vF0D\002 \nvR\243\004\264\026\253\321]\306Q\203,\2428f\254\306\036e\304~|tC\257\315\335\021\216\241\002 ,\351\317<\210\306\346^b/RaC\2106J\244Nu\247\346\014\017v\301l%\\347\356\224V""; ","validation: """"\200\000\000\001&\000\000\000\r)/\351\252\333:\r\302\353\023?\373\240rQ\001f\352\277\0031Q]\362\370R\350{\261\202\240\344\215\201\353\276\322p5p\350\354\017>\250r\241P\027\000\000\000\000\000\000\000\000\000\000\000\000\000\000\000\000\000\000\000\000\000\000\000\000\000\000\000\000\000\000\000\000P\031\305;a\314\265R\310\017\317\331\235\360\262\240:\277\202\266\354\265X""\022\nh\252\352w\204\203\023]s!\003R7o\362bV\300hf\266\241;}\200^\374\240\203[:\342Q\225\221\027y\372\255\235\216\323~vF0D\002 \nvR\243\004\264\026\253\321]\306Q\203,\2428f\254\306\036e\304~|tC\257\315\335\021\216\241\002 ,\351\317<\210\306\346^b/RaC\2106J\244Nu\247\346\014\017v\301l%\\347\356\224V""; "
1750527579603,1750527579604,0,1,2,4,TMValidation,"validation: """"\200\000\000\001&\000\000\000\r)/\351\252\333:\r\302\353\023?\373\240rQ\001f\352\277\0031Q]\362\370R\350{\261\202\240\344\215\201\353\276\322p5p\350\354\017>\250r\241P\027\000\000\000\000\000\000\000\000\000\000\000\000\000\000\000\000\000\000\000\000\000\000\000\000\000\000\000\000\000\000\000\000P\031\305;a\314\265R\310\017\317\331\235\360\262\240:\277\202\266\354\265X""\022\nh\252\352w\204\203\023]s!\003R7o\362bV\300hf\266\241;}\200^\374\240\203[:\342Q\225\221\027y\372\255\235\216\323~vF0D\002 \nvR\243\004\264\026\253\321]\306Q\203,\2428f\254\306\036e\304~|tC\257\315\335\021\216\241\002 ,\351\317<\210\306\346^b/RaC\2106J\244Nu\247\346\014\017v\301l%\\347\356\224V""; ","validation: """"\200\000\000\001&\000\000\000\r)/\351\252\333:\r\302\353\023?\373\240rQ\001f\352\277\0031Q]\362\370R\350{\261\202\240\344\215\201\353\276\322p5p\350\354\017>\250r\241P\027\000\000\000\000\000\000\000\000\000\000\000\000\000\000\000\000\000\000\000\000\000\000\000\000\000\000\000\000\000\000\000\000P\031\305;a\314\265R\310\017\317\331\235\360\262\240:\277\202\266\354\265X""\022\nh\252\352w\204\203\023]s!\003R7o\362bV\300hf\266\241;}\200^\374\240\203[:\342Q\225\221\027y\372\255\235\216\323~vF0D\002 \nvR\243\004\264\026\253\321]\306Q\203,\2428f\254\306\036e\304~|tC\257\315\335\021\216\241\002 ,\351\317<\210\306\346^b/RaC\2106J\244Nu\247\346\014\017v\301l%\\347\356\224V""; "
1750527579605,1750527579605,0,1,3,2,TMValidation,"validation: """"\200\000\000\001&\000\000\000\r)/\351\252\333:\r\302\353\023?\373\240rQ\001f\352\277\0031Q]\362\370R\350{\261\202\240\344\215\201\353\276\322p5p\350\354\017>\250r\241P\027\000\000\000\000\000\000\000\000\000\000\000\000\000\000\000\000\000\000\000\000\000\000\000\000\000\000\000\000\000\000\000\000P\031\305;a\314\265R\310\017\317\331\235\360\262\240:\277\202\266\354\265X""\022\nh\252\352w\204\203\023]s!\003R7o\362bV\300hf\266\241;}\200^\374\240\203[:\342Q\225\221\027y\372\255\235\216\323~vF0D\002 \nvR\243\004\264\026\253\321]\306Q\203,\2428f\254\306\036e\304~|tC\257\315\335\021\216\241\002 ,\351\317<\210\306\346^b/RaC\2106J\244Nu\247\346\014\017v\301l%\\347\356\224V""; ","validation: """"\200\000\000\001&\000\000\000\r)/\351\252\333:\r\302\353\023?\373\240rQ\001f\352\277\0031Q]\362\370R\350{\261\202\240\344\215\201\353\276\322p5p\350\354\017>\250r\241P\027\000\000\000\000\000\000\000\000\000\000\000\000\000\000\000\000\000\000\000\000\000\000\000\000\000\000\000\000\000\000\000\000P\031\305;a\314\265R\310\017\317\331\235\360\262\240:\277\202\266\354\265X""\022\nh\252\352w\204\203\023]s!\003R7o\362bV\300hf\266\241;}\200^\374\240\203[:\342Q\225\221\027y\372\255\235\216\323~vF0D\002 \nvR\243\004\264\026\253\321]\306Q\203,\2428f\254\306\036e\304~|tC\257\315\335\021\216\241\002 ,\351\317<\210\306\346^b/RaC\2106J\244Nu\247\346\014\017v\301l%\\347\356\224V""; "
1750527579605,1750527579605,0,1,3,1,TMValidation,"validation: """"\200\000\000\001&\000\000\000\r)/\351\252\333:\r\302\353\023?\373\240rQ\001f\352\277\0031Q]\362\370R\350{\261\202\240\344\215\201\353\276\322p5p\350\354\017>\250r\241P\027\000\000\000\000\000\000\000\000\000\000\000\000\000\000\000\000\000\000\000\000\000\000\000\000\000\000\000\000\000\000\000\000P\031\305;a\314\265R\310\017\317\331\235\360\262\240:\277\202\266\354\265X""\022\nh\252\352w\204\203\023]s!\003R7o\362bV\300hf\266\241;}\200^\374\240\203[:\342Q\225\221\027y\372\255\235\216\323~vF0D\002 \nvR\243\004\264\026\253\321]\306Q\203,\2428f\254\306\036e\304~|tC\257\315\335\021\216\241\002 ,\351\317<\210\306\346^b/RaC\2106J\244Nu\247\346\014\017v\301l%\\347\356\224V""; ","validation: """"\200\000\000\001&\000\000\000\r)/\351\252\333:\r\302\353\023?\373\240rQ\001f\352\277\0031Q]\362\370R\350{\261\202\240\344\215\201\353\276\322p5p\350\354\017>\250r\241P\027\000\000\000\000\000\000\000\000\000\000\000\000\000\000\000\000\000\000\000\000\000\000\000\000\000\000\000\000\000\000\000\000P\031\305;a\314\265R\310\017\317\331\235\360\262\240:\277\202\266\354\265X""\022\nh\252\352w\204\203\023]s!\003R7o\362bV\300hf\266\241;}\200^\374\240\203[:\342Q\225\221\027y\372\255\235\216\323~vF0D\002 \nvR\243\004\264\026\253\321]\306Q\203,\2428f\254\306\036e\304~|tC\257\315\335\021\216\241\002 ,\351\317<\210\306\346^b/RaC\2106J\244Nu\247\346\014\017v\301l%\\347\356\224V""; "
1750527579605,1750527579606,0,1,4,1,TMValidation,"validation: """"\200\000\000\001&\000\000\000\r)/\351\252\333:\r\302\353\023?\373\240rQ\001f\352\277\0031Q]\362\370R\350{\261\202\240\344\215\201\353\276\322p5p\350\354\017>\250r\241P\027\000\000\000\000\000\000\000\000\000\000\000\000\000\000\000\000\000\000\000\000\000\000\000\000\000\000\000\000\000\000\000\000P\031\305;a\314\265R\310\017\317\331\235\360\262\240:\277\202\266\354\265X""\022\nh\252\352w\204\203\023]s!\003R7o\362bV\300hf\266\241;}\200^\374\240\203[:\342Q\225\221\027y\372\255\235\216\323~vF0D\002 \nvR\243\004\264\026\253\321]\306Q\203,\2428f\254\306\036e\304~|tC\257\315\335\021\216\241\002 ,\351\317<\210\306\346^b/RaC\2106J\244Nu\247\346\014\017v\301l%\\347\356\224V""; ","validation: """"\200\000\000\001&\000\000\000\r)/\351\252\333:\r\302\353\023?\373\240rQ\001f\352\277\0031Q]\362\370R\350{\261\202\240\344\215\201\353\276\322p5p\350\354\017>\250r\241P\027\000\000\000\000\000\000\000\000\000\000\000\000\000\000\000\000\000\000\000\000\000\000\000\000\000\000\000\000\000\000\000\000P\031\305;a\314\265R\310\017\317\331\235\360\262\240:\277\202\266\354\265X""\022\nh\252\352w\204\203\023]s!\003R7o\362bV\300hf\266\241;}\200^\374\240\203[:\342Q\225\221\027y\372\255\235\216\323~vF0D\002 \nvR\243\004\264\026\253\321]\306Q\203,\2428f\254\306\036e\304~|tC\257\315\335\021\216\241\002 ,\351\317<\210\306\346^b/RaC\2106J\244Nu\247\346\014\017v\301l%\\347\356\224V""; "
1750527579606,1750527579606,0,1,3,4,TMValidation,"validation: """"\200\000\000\001&\000\000\000\r)/\351\252\333:\r\302\353\023?\373\240rQ\001f\352\277\0031Q]\362\370R\350{\261\202\240\344\215\201\353\276\322p5p\350\354\017>\250r\241P\027\000\000\000\000\000\000\000\000\000\000\000\000\000\000\000\000\000\000\000\000\000\000\000\000\000\000\000\000\000\000\000\000P\031\305;a\314\265R\310\017\317\331\235\360\262\240:\277\202\266\354\265X""\022\nh\252\352w\204\203\023]s!\003R7o\362bV\300hf\266\241;}\200^\374\240\203[:\342Q\225\221\027y\372\255\235\216\323~vF0D\002 \nvR\243\004\264\026\253\321]\306Q\203,\2428f\254\306\036e\304~|tC\257\315\335\021\216\241\002 ,\351\317<\210\306\346^b/RaC\2106J\244Nu\247\346\014\017v\301l%\\347\356\224V""; ","validation: """"\200\000\000\001&\000\000\000\r)/\351\252\333:\r\302\353\023?\373\240rQ\001f\352\277\0031Q]\362\370R\350{\261\202\240\344\215\201\353\276\322p5p\350\354\017>\250r\241P\027\000\000\000\000\000\000\000\000\000\000\000\000\000\000\000\000\000\000\000\000\000\000\000\000\000\000\000\000\000\000\000\000P\031\305;a\314\265R\310\017\317\331\235\360\262\240:\277\202\266\354\265X""\022\nh\252\352w\204\203\023]s!\003R7o\362bV\300hf\266\241;}\200^\374\240\203[:\342Q\225\221\027y\372\255\235\216\323~vF0D\002 \nvR\243\004\264\026\253\321]\306Q\203,\2428f\254\306\036e\304~|tC\257\315\335\021\216\241\002 ,\351\317<\210\306\346^b/RaC\2106J\244Nu\247\346\014\017v\301l%\\347\356\224V""; "
1750527579607,1750527579607,0,1,4,2,TMValidation,"validation: """"\200\000\000\001&\000\000\000\r)/\351\252\333:\r\302\353\023?\373\240rQ\001f\352\277\0031Q]\362\370R\350{\261\202\240\344\215\201\353\276\322p5p\350\354\017>\250r\241P\027\000\000\000\000\000\000\000\000\000\000\000\000\000\000\000\000\000\000\000\000\000\000\000\000\000\000\000\000\000\000\000\000P\031\305;a\314\265R\310\017\317\331\235\360\262\240:\277\202\266\354\265X""\022\nh\252\352w\204\203\023]s!\003R7o\362bV\300hf\266\241;}\200^\374\240\203[:\342Q\225\221\027y\372\255\235\216\323~vF0D\002 \nvR\243\004\264\026\253\321]\306Q\203,\2428f\254\306\036e\304~|tC\257\315\335\021\216\241\002 ,\351\317<\210\306\346^b/RaC\2106J\244Nu\247\346\014\017v\301l%\\347\356\224V""; ","validation: """"\200\000\000\001&\000\000\000\r)/\351\252\333:\r\302\353\023?\373\240rQ\001f\352\277\0031Q]\362\370R\350{\261\202\240\344\215\201\353\276\322p5p\350\354\017>\250r\241P\027\000\000\000\000\000\000\000\000\000\000\000\000\000\000\000\000\000\000\000\000\000\000\000\000\000\000\000\000\000\000\000\000P\031\305;a\314\265R\310\017\317\331\235\360\262\240:\277\202\266\354\265X""\022\nh\252\352w\204\203\023]s!\003R7o\362bV\300hf\266\241;}\200^\374\240\203[:\342Q\225\221\027y\372\255\235\216\323~vF0D\002 \nvR\243\004\264\026\253\321]\306Q\203,\2428f\254\306\036e\304~|tC\257\315\335\021\216\241\002 ,\351\317<\210\306\346^b/RaC\2106J\244Nu\247\346\014\017v\301l%\\347\356\224V""; "
1750527579609,1750527579609,0,1,4,3,TMValidation,"validation: """"\200\000\000\001&\000\000\000\r)/\351\252\333:\r\302\353\023?\373\240rQ\001f\352\277\0031Q]\362\370R\350{\261\202\240\344\215\201\353\276\322p5p\350\354\017>\250r\241P\027\000\000\000\000\000\000\000\000\000\000\000\000\000\000\000\000\000\000\000\000\000\000\000\000\000\000\000\000\000\000\000\000P\031\305;a\314\265R\310\017\317\331\235\360\262\240:\277\202\266\354\265X""\022\nh\252\352w\204\203\023]s!\003R7o\362bV\300hf\266\241;}\200^\374\240\203[:\342Q\225\221\027y\372\255\235\216\323~vF0D\002 \nvR\243\004\264\026\253\321]\306Q\203,\2428f\254\306\036e\304~|tC\257\315\335\021\216\241\002 ,\351\317<\210\306\346^b/RaC\2106J\244Nu\247\346\014\017v\301l%\\347\356\224V""; ","validation: """"\200\000\000\001&\000\000\000\r)/\351\252\333:\r\302\353\023?\373\240rQ\001f\352\277\0031Q]\362\370R\350{\261\202\240\344\215\201\353\276\322p5p\350\354\017>\250r\241P\027\000\000\000\000\000\000\000\000\000\000\000\000\000\000\000\000\000\000\000\000\000\000\000\000\000\000\000\000\000\000\000\000P\031\305;a\314\265R\310\017\317\331\235\360\262\240:\277\202\266\354\265X""\022\nh\252\352w\204\203\023]s!\003R7o\362bV\300hf\266\241;}\200^\374\240\203[:\342Q\225\221\027y\372\255\235\216\323~vF0D\002 \nvR\243\004\264\026\253\321]\306Q\203,\2428f\254\306\036e\304~|tC\257\315\335\021\216\241\002 ,\351\317<\210\306\346^b/RaC\2106J\244Nu\247\346\014\017v\301l%\\347\356\224V""; "
1750527579672,1750527579672,0,1,3,1,TMLedgerData,"ledgerHash: ""\361\035\301\024\220m#*\372\032\3178~\374\250\014*\323\342'z69\220\327\256\351G\367\317u\302""; ledgerSeq: 10; type: liBASE; nodes {;   nodedata: ""\000\000\000\n\001cEx]\211\377\3304\254\326mU\377?\177Ek\336\030!\316Aa\225\303\022\377{\210Y\226\271as\354L\035\004\341\000\000\000\000\000\000\000\000\000\000\000\000\000\000\000\000\000\000\000\000\000\000\000\000\000\000\000\000\000\000\000\000\254\245\205(\333\232|\316\344\256\352g\326\377\207\201\343}F-uI:<\316[sh\026\205\0031/\351\252\322/\351\252\323\n\000""; }; nodes {;   nodedata: ""\323C\344\327\264{\312-\017:\006{\177\344N\002\326bO\260\220\006\033\362\345\005U\221DzJ0\001\301\025%1L\307\t\261\262z\374\222T\301\274V\236\223\262\270Ct\362\337b\356\024*\324\320\351\317\002k\336\234\027v\351\217\260\303\360\233ZPZWr\246$w\313\313\r\243r\232\2234\373\3539:N\004Q\245\272D\312D\300\300\t\323\0257\345e\271\na\215{\226\255x%T\257\037\333\004\344_/R\006E\344\037@\210\363\010\336T\226\247'\204_{\261\370""1\235\2445\343\033Y!\212\201\341\272\225'\007o""\025\223n_\364\354#\3206\344&\233Q\177y\227\265&\014\312\302\336\221\221\013m(`\236\007\013\003""; }; requestCookie: 3; ","ledgerHash: ""\361\035\301\024\220m#*\372\032\3178~\374\250\014*\323\342'z69\220\327\256\351G\367\317u\302""; ledgerSeq: 10; type: liBASE; nodes {;   nodedata: ""\000\000\000\n\001cEx]\211\377\3304\254\326mU\377?\177Ek\336\030!\316Aa\225\303\022\377{\210Y\226\271as\354L\035\004\341\000\000\000\000\000\000\000\000\000\000\000\000\000\000\000\000\000\000\000\000\000\000\000\000\000\000\000\000\000\000\000\000\254\245\205(\333\232|\316\344\256\352g\326\377\207\201\343}F-uI:<\316[sh\026\205\0031/\351\252\322/\351\252\323\n\000""; }; nodes {;   nodedata: ""\323C\344\327\264{\312-\017:\006{\177\344N\002\326bO\260\220\006\033\362\345\005U\221DzJ0\001\301\025%1L\307\t\261\262z\374\222T\301\274V\236\223\262\270Ct\362\337b\356\024*\324\320\351\317\002k\336\234\027v\351\217\260\303\360\233ZPZWr\246$w\313\313\r\243r\232\2234\373\3539:N\004Q\245\272D\312D\300\300\t\323\0257\345e\271\na\215{\226\255x%T\257\037\333\004\344_/R\006E\344\037@\210\363\010\336T\226\247'\204_{\261\370""1\235\2445\343\033Y!\212\201\341\272\225'\007o""\025\223n_\364\354#\3206\344&\233Q\177y\227\265&\014\312\302\336\221\221\013m(`\236\007\013\003""; }; requestCookie: 3; "
1750527579673,1750527579674,0,1,1,2,TMLedgerData,"ledgerHash: ""\361\035\301\024\220m#*\372\032\3178~\374\250\014*\323\342'z69\220\327\256\351G\367\317u\302""; ledgerSeq: 10; type: liBASE; nodes {;   nodedata: ""\000\000\000\n\001cEx]\211\377\3304\254\326mU\377?\177Ek\336\030!\316Aa\225\303\022\377{\210Y\226\271as\354L\035\004\341\000\000\000\000\000\000\000\000\000\000\000\000\000\000\000\000\000\000\000\000\000\000\000\000\000\000\000\000\000\000\000\000\254\245\205(\333\232|\316\344\256\352g\326\377\207\201\343}F-uI:<\316[sh\026\205\0031/\351\252\322/\351\252\323\n\000""; }; nodes {;   nodedata: ""\323C\344\327\264{\312-\017:\006{\177\344N\002\326bO\260\220\006\033\362\345\005U\221DzJ0\001\301\025%1L\307\t\261\262z\374\222T\301\274V\236\223\262\270Ct\362\337b\356\024*\324\320\351\317\002k\336\234\027v\351\217\260\303\360\233ZPZWr\246$w\313\313\r\243r\232\2234\373\3539:N\004Q\245\272D\312D\300\300\t\323\0257\345e\271\na\215{\226\255x%T\257\037\333\004\344_/R\006E\344\037@\210\363\010\336T\226\247'\204_{\261\370""1\235\2445\343\033Y!\212\201\341\272\225'\007o""\025\223n_\364\354#\3206\344&\233Q\177y\227\265&\014\312\302\336\221\221\013m(`\236\007\013\003""; }; ","ledgerHash: ""\361\035\301\024\220m#*\372\032\3178~\374\250\014*\323\342'z69\220\327\256\351G\367\317u\302""; ledgerSeq: 10; type: liBASE; nodes {;   nodedata: ""\000\000\000\n\001cEx]\211\377\3304\254\326mU\377?\177Ek\336\030!\316Aa\225\303\022\377{\210Y\226\271as\354L\035\004\341\000\000\000\000\000\000\000\000\000\000\000\000\000\000\000\000\000\000\000\000\000\000\000\000\000\000\000\000\000\000\000\000\254\245\205(\333\232|\316\344\256\352g\326\377\207\201\343}F-uI:<\316[sh\026\205\0031/\351\252\322/\351\252\323\n\000""; }; nodes {;   nodedata: ""\323C\344\327\264{\312-\017:\006{\177\344N\002\326bO\260\220\006\033\362\345\005U\221DzJ0\001\301\025%1L\307\t\261\262z\374\222T\301\274V\236\223\262\270Ct\362\337b\356\024*\324\320\351\317\002k\336\234\027v\351\217\260\303\360\233ZPZWr\246$w\313\313\r\243r\232\2234\373\3539:N\004Q\245\272D\312D\300\300\t\323\0257\345e\271\na\215{\226\255x%T\257\037\333\004\344_/R\006E\344\037@\210\363\010\336T\226\247'\204_{\261\370""1\235\2445\343\033Y!\212\201\341\272\225'\007o""\025\223n_\364\354#\3206\344&\233Q\177y\227\265&\014\312\302\336\221\221\013m(`\236\007\013\003""; }; "
1750527579813,1750527579813,0,1,1,0,TMLedgerData,"ledgerHash: ""\305;a\314\265R\310\017\317\331\235\360\262\240:\277\202\266\354\265X""\022\nh\252\352w\204\203\023]""; ledgerSeq: 12; type: liBASE; nodes {;   nodedata: ""\000\000\000\014\001cEx]\211\377\330\207\270b\315\333\333\334\310I\323&\014\352XZnW2.\335\347\202\021\247\362\212e\034\000\001\250\220\000\000\000\000\000\000\000\000\000\000\000\000\000\000\000\000\000\000\000\000\000\000\000\000\000\000\000\000\000\000\000\000\013\352\370t\247W\026\374\353\033\001\rV\340""I\n\377\304&V\200&\306\020\224i\257z\327>\355/\351\252\324/\351\252\325\n\000""; }; nodes {;   nodedata: ""\323C\344\327\264{\312-\017:\006{\177\344N\002\326bO\260\220\006\033\362\345\005U\221DzJ0\001\301\025%1L\307\t\261\262z\374\222T\301\274V\236\223\262\270Ct\362\337b\356\024*\324\320\351\317\002k\336\234\027v\351\217\260\303\360\233ZPZWr\246$w\313\313\r\243r\232\2234\373\3539:N\004Q\245\272D\312D\300\300\t\323\0257\345e\271\na\215{\226\255x%T\257\037\333\004\344_/R\006E\344\037@\210\363\010\336T\226\247'\204_{\261\370""1\235\2445\343\033Y!\212\201\341\272\225'\007\252$\232m\027\215\243\234\266\6+r\213\264K\307,\347\275\343\363\375L?5\243\234\232\374\357\232\013\003""; }; ","ledgerHash: ""\305;a\314\265R\310\017\317\331\235\360\262\240:\277\202\266\354\265X""\022\nh\252\352w\204\203\023]""; ledgerSeq: 12; type: liBASE; nodes {;   nodedata: ""\000\000\000\014\001cEx]\211\377\330\207\270b\315\333\333\334\310I\323&\014\352XZnW2.\335\347\202\021\247\362\212e\034\000\001\250\220\000\000\000\000\000\000\000\000\000\000\000\000\000\000\000\000\000\000\000\000\000\000\000\000\000\000\000\000\000\000\000\000\013\352\370t\247W\026\374\353\033\001\rV\340""I\n\377\304&V\200&\306\020\224i\257z\327>\355/\351\252\324/\351\252\325\n\000""; }; nodes {;   nodedata: ""\323C\344\327\264{\312-\017:\006{\177\344N\002\326bO\260\220\006\033\362\345\005U\221DzJ0\001\301\025%1L\307\t\261\262z\374\222T\301\274V\236\223\262\270Ct\362\337b\356\024*\324\320\351\317\002k\336\234\027v\351\217\260\303\360\233ZPZWr\246$w\313\313\r\243r\232\2234\373\3539:N\004Q\245\272D\312D\300\300\t\323\0257\345e\271\na\215{\226\255x%T\257\037\333\004\344_/R\006E\344\037@\210\363\010\336T\226\247'\204_{\261\370""1\235\2445\343\033Y!\212\201\341\272\225'\007\252$\232m\027\215\243\234\266\6+r\213\264K\307,\347\275\343\363\375L?5\243\234\232\374\357\232\013\003""; }; "
1750527579854,1750527579854,0,1,1,0,TMLedgerData,"ledgerHash: ""\305;a\314\265R\310\017\317\331\235\360\262\240:\277\202\266\354\265X""\022\nh\252\352w\204\203\023]""; ledgerSeq: 12; type: liBASE; nodes {;   nodedata: ""\000\000\000\014\001cEx]\211\377\330\207\270b\315\333\333\334\310I\323&\014\352XZnW2.\335\347\202\021\247\362\212e\034\000\001\250\220\000\000\000\000\000\000\000\000\000\000\000\000\000\000\000\000\000\000\000\000\000\000\000\000\000\000\000\000\000\000\000\000\013\352\370t\247W\026\374\353\033\001\rV\340""I\n\377\304&V\200&\306\020\224i\257z\327>\355/\351\252\324/\351\252\325\n\000""; }; nodes {;   nodedata: ""\323C\344\327\264{\312-\017:\006{\177\344N\002\326bO\260\220\006\033\362\345\005U\221DzJ0\001\301\025%1L\307\t\261\262z\374\222T\301\274V\236\223\262\270Ct\362\337b\356\024*\324\320\351\317\002k\336\234\027v\351\217\260\303\360\233ZPZWr\246$w\313\313\r\243r\232\2234\373\3539:N\004Q\245\272D\312D\300\300\t\323\0257\345e\271\na\215{\226\255x%T\257\037\333\004\344_/R\006E\344\037@\210\363\010\336T\226\247'\204_{\261\370""1\235\2445\343\033Y!\212\201\341\272\225'\007\252$\232m\027\215\243\234\266\6+r\213\264K\307,\347\275\343\363\375L?5\243\234\232\374\357\232\013\003""; }; ","ledgerHash: ""\305;a\314\265R\310\017\317\331\235\360\262\240:\277\202\266\354\265X""\022\nh\252\352w\204\203\023]""; ledgerSeq: 12; type: liBASE; nodes {;   nodedata: ""\000\000\000\014\001cEx]\211\377\330\207\270b\315\333\333\334\310I\323&\014\352XZnW2.\335\347\202\021\247\362\212e\034\000\001\250\220\000\000\000\000\000\000\000\000\000\000\000\000\000\000\000\000\000\000\000\000\000\000\000\000\000\000\000\000\000\000\000\000\013\352\370t\247W\026\374\353\033\001\rV\340""I\n\377\304&V\200&\306\020\224i\257z\327>\355/\351\252\324/\351\252\325\n\000""; }; nodes {;   nodedata: ""\323C\344\327\264{\312-\017:\006{\177\344N\002\326bO\260\220\006\033\362\345\005U\221DzJ0\001\301\025%1L\307\t\261\262z\374\222T\301\274V\236\223\262\270Ct\362\337b\356\024*\324\320\351\317\002k\336\234\027v\351\217\260\303\360\233ZPZWr\246$w\313\313\r\243r\232\2234\373\3539:N\004Q\245\272D\312D\300\300\t\323\0257\345e\271\na\215{\226\255x%T\257\037\333\004\344_/R\006E\344\037@\210\363\010\336T\226\247'\204_{\261\370""1\235\2445\343\033Y!\212\201\341\272\225'\007\252$\232m\027\215\243\234\266\6+r\213\264K\307,\347\275\343\363\375L?5\243\234\232\374\357\232\013\003""; }; "
1750527580121,1750527580121,0,1,3,0,TMLedgerData,"ledgerHash: ""\305;a\314\265R\310\017\317\331\235\360\262\240:\277\202\266\354\265X""\022\nh\252\352w\204\203\023]""; ledgerSeq: 12; type: liBASE; nodes {;   nodedata: ""\000\000\000\014\001cEx]\211\377\330\207\270b\315\333\333\334\310I\323&\014\352XZnW2.\335\347\202\021\247\362\212e\034\000\001\250\220\000\000\000\000\000\000\000\000\000\000\000\000\000\000\000\000\000\000\000\000\000\000\000\000\000\000\000\000\000\000\000\000\013\352\370t\247W\026\374\353\033\001\rV\340""I\n\377\304&V\200&\306\020\224i\257z\327>\355/\351\252\324/\351\252\325\n\000""; }; nodes {;   nodedata: ""\323C\344\327\264{\312-\017:\006{\177\344N\002\326bO\260\220\006\033\362\345\005U\221DzJ0\001\301\025%1L\307\t\261\262z\374\222T\301\274V\236\223\262\270Ct\362\337b\356\024*\324\320\351\317\002k\336\234\027v\351\217\260\303\360\233ZPZWr\246$w\313\313\r\243r\232\2234\373\3539:N\004Q\245\272D\312D\300\300\t\323\0257\345e\271\na\215{\226\255x%T\257\037\333\004\344_/R\006E\344\037@\210\363\010\336T\226\247'\204_{\261\370""1\235\2445\343\033Y!\212\201\341\272\225'\007\252$\232m\027\215\243\234\266\6+r\213\264K\307,\347\275\343\363\375L?5\243\234\232\374\357\232\013\003""; }; requestCookie: 3; ","ledgerHash: ""\305;a\314\265R\310\017\317\331\235\360\262\240:\277\202\266\354\265X""\022\nh\252\352w\204\203\023]""; ledgerSeq: 12; type: liBASE; nodes {;   nodedata: ""\000\000\000\014\001cEx]\211\377\330\207\270b\315\333\333\334\310I\323&\014\352XZnW2.\335\347\202\021\247\362\212e\034\000\001\250\220\000\000\000\000\000\000\000\000\000\000\000\000\000\000\000\000\000\000\000\000\000\000\000\000\000\000\000\000\000\000\000\000\013\352\370t\247W\026\374\353\033\001\rV\340""I\n\377\304&V\200&\306\020\224i\257z\327>\355/\351\252\324/\351\252\325\n\000""; }; nodes {;   nodedata: ""\323C\344\327\264{\312-\017:\006{\177\344N\002\326bO\260\220\006\033\362\345\005U\221DzJ0\001\301\025%1L\307\t\261\262z\374\222T\301\274V\236\223\262\270Ct\362\337b\356\024*\324\320\351\317\002k\336\234\027v\351\217\260\303\360\233ZPZWr\246$w\313\313\r\243r\232\2234\373\3539:N\004Q\245\272D\312D\300\300\t\323\0257\345e\271\na\215{\226\255x%T\257\037\333\004\344_/R\006E\344\037@\210\363\010\336T\226\247'\204_{\261\370""1\235\2445\343\033Y!\212\201\341\272\225'\007\252$\232m\027\215\243\234\266\6+r\213\264K\307,\347\275\343\363\375L?5\243\234\232\374\357\232\013\003""; }; requestCookie: 3; "
1750527580123,1750527580123,0,1,0,2,TMLedgerData,"ledgerHash: ""\305;a\314\265R\310\017\317\331\235\360\262\240:\277\202\266\354\265X""\022\nh\252\352w\204\203\023]""; ledgerSeq: 12; type: liBASE; nodes {;   nodedata: ""\000\000\000\014\001cEx]\211\377\330\207\270b\315\333\333\334\310I\323&\014\352XZnW2.\335\347\202\021\247\362\212e\034\000\001\250\220\000\000\000\000\000\000\000\000\000\000\000\000\000\000\000\000\000\000\000\000\000\000\000\000\000\000\000\000\000\000\000\000\013\352\370t\247W\026\374\353\033\001\rV\340""I\n\377\304&V\200&\306\020\224i\257z\327>\355/\351\252\324/\351\252\325\n\000""; }; nodes {;   nodedata: ""\323C\344\327\264{\312-\017:\006{\177\344N\002\326bO\260\220\006\033\362\345\005U\221DzJ0\001\301\025%1L\307\t\261\262z\374\222T\301\274V\236\223\262\270Ct\362\337b\356\024*\324\320\351\317\002k\336\234\027v\351\217\260\303\360\233ZPZWr\246$w\313\313\r\243r\232\2234\373\3539:N\004Q\245\272D\312D\300\300\t\323\0257\345e\271\na\215{\226\255x%T\257\037\333\004\344_/R\006E\344\037@\210\363\010\336T\226\247'\204_{\261\370""1\235\2445\343\033Y!\212\201\341\272\225'\007\252$\232m\027\215\243\234\266\6+r\213\264K\307,\347\275\343\363\375L?5\243\234\232\374\357\232\013\003""; }; ","ledgerHash: ""\305;a\314\265R\310\017\317\331\235\360\262\240:\277\202\266\354\265X""\022\nh\252\352w\204\203\023]""; ledgerSeq: 12; type: liBASE; nodes {;   nodedata: ""\000\000\000\014\001cEx]\211\377\330\207\270b\315\333\333\334\310I\323&\014\352XZnW2.\335\347\202\021\247\362\212e\034\000\001\250\220\000\000\000\000\000\000\000\000\000\000\000\000\000\000\000\000\000\000\000\000\000\000\000\000\000\000\000\000\000\000\000\000\013\352\370t\247W\026\374\353\033\001\rV\340""I\n\377\304&V\200&\306\020\224i\257z\327>\355/\351\252\324/\351\252\325\n\000""; }; nodes {;   nodedata: ""\323C\344\327\264{\312-\017:\006{\177\344N\002\326bO\260\220\006\033\362\345\005U\221DzJ0\001\301\025%1L\307\t\261\262z\374\222T\301\274V\236\223\262\270Ct\362\337b\356\024*\324\320\351\317\002k\336\234\027v\351\217\260\303\360\233ZPZWr\246$w\313\313\r\243r\232\2234\373\3539:N\004Q\245\272D\312D\300\300\t\323\0257\345e\271\na\215{\226\255x%T\257\037\333\004\344_/R\006E\344\037@\210\363\010\336T\226\247'\204_{\261\370""1\235\2445\343\033Y!\212\201\341\272\225'\007\252$\232m\027\215\243\234\266\6+r\213\264K\307,\347\275\343\363\375L?5\243\234\232\374\357\232\013\003""; }; "
1750527580151,1750527580151,0,1,4,2,TMLedgerData,"ledgerHash: ""\207\270b\315\333\333\334\310I\323&\014\352XZnW2.\335\347\202\021\247\362\212e\034\000\001\250\220""; ledgerSeq: 11; type: liBASE; nodes {;   nodedata: ""\000\000\000\013\001cEx]\211\377\330\361\035\301\024\220m#*\372\032\3178~\374\250\014*\323\342'z69\220\327\256\351G\367\317u\302\000\000\000\000\000\000\000\000\000\000\000\000\000\000\000\000\000\000\000\000\000\000\000\000\000\000\000\000\000\000\000\000\313c\210\200\377\273\312\010\030f\372\244%*\307\272T\262\245c[\026\007_-\227VB\214\347\261\220/\351\252\323/\351\252\324\n\000""; }; nodes {;   nodedata: ""\323C\344\327\264{\312-\017:\006{\177\344N\002\326bO\260\220\006\033\362\345\005U\221DzJ0\001\301\025%1L\307\t\261\262z\374\222T\301\274V\236\223\262\270Ct\362\337b\356\024*\324\320\351\317\002k\336\234\027v\351\217\260\303\360\233ZPZWr\246$w\313\313\r\243r\232\2234\373\3539:N\004Q\245\272D\312D\300\300\t\323\0257\345e\271\na\215{\226\255x%T\257\037\333\004\344_/R\006E\344\037@\210\363\010\336T\226\247'\204_{\261\370""1\235\2445\343\033Y!\212\201\341\272\225'\007\t7y2\201R\010H\001l\375\310t\t\264<3~\035\230\304Gh@\204\342\325\204>\363\344T\013\003""; }; ","ledgerHash: ""\207\270b\315\333\333\334\310I\323&\014\352XZnW2.\335\347\202\021\247\362\212e\034\000\001\250\220""; ledgerSeq: 11; type: liBASE; nodes {;   nodedata: ""\000\000\000\013\001cEx]\211\377\330\361\035\301\024\220m#*\372\032\3178~\374\250\014*\323\342'z69\220\327\256\351G\367\317u\302\000\000\000\000\000\000\000\000\000\000\000\000\000\000\000\000\000\000\000\000\000\000\000\000\000\000\000\000\000\000\000\000\313c\210\200\377\273\312\010\030f\372\244%*\307\272T\262\245c[\026\007_-\227VB\214\347\261\220/\351\252\323/\351\252\324\n\000""; }; nodes {;   nodedata: ""\323C\344\327\264{\312-\017:\006{\177\344N\002\326bO\260\220\006\033\362\345\005U\221DzJ0\001\301\025%1L\307\t\261\262z\374\222T\301\274V\236\223\262\270Ct\362\337b\356\024*\324\320\351\317\002k\336\234\027v\351\217\260\303\360\233ZPZWr\246$w\313\313\r\243r\232\2234\373\3539:N\004Q\245\272D\312D\300\300\t\323\0257\345e\271\na\215{\226\255x%T\257\037\333\004\344_/R\006E\344\037@\210\363\010\336T\226\247'\204_{\261\370""1\235\2445\343\033Y!\212\201\341\272\225'\007\t7y2\201R\010H\001l\375\310t\t\264<3~\035\230\304Gh@\204\342\325\204>\363\344T\013\003""; }; "
1750527580152,1750527580152,0,1,4,2,TMLedgerData,"ledgerHash: ""\305;a\314\265R\310\017\317\331\235\360\262\240:\277\202\266\354\265X""\022\nh\252\352w\204\203\023]""; ledgerSeq: 12; type: liBASE; nodes {;   nodedata: ""\000\000\000\014\001cEx]\211\377\330\207\270b\315\333\333\334\310I\323&\014\352XZnW2.\335\347\202\021\247\362\212e\034\000\001\250\220\000\000\000\000\000\000\000\000\000\000\000\000\000\000\000\000\000\000\000\000\000\000\000\000\000\000\000\000\000\000\000\000\013\352\370t\247W\026\374\353\033\001\rV\340""I\n\377\304&V\200&\306\020\224i\257z\327>\355/\351\252\324/\351\252\325\n\000""; }; nodes {;   nodedata: ""\323C\344\327\264{\312-\017:\006{\177\344N\002\326bO\260\220\006\033\362\345\005U\221DzJ0\001\301\025%1L\307\t\261\262z\374\222T\301\274V\236\223\262\270Ct\362\337b\356\024*\324\320\351\317\002k\336\234\027v\351\217\260\303\360\233ZPZWr\246$w\313\313\r\243r\232\2234\373\3539:N\004Q\245\272D\312D\300\300\t\323\0257\345e\271\na\215{\226\255x%T\257\037\333\004\344_/R\006E\344\037@\210\363\010\336T\226\247'\204_{\261\370""1\235\2445\343\033Y!\212\201\341\272\225'\007\252$\232m\027\215\243\234\266\6+r\213\264K\307,\347\275\343\363\375L?5\243\234\232\374\357\232\013\003""; }; ","ledgerHash: ""\305;a\314\265R\310\017\317\331\235\360\262\240:\277\202\266\354\265X""\022\nh\252\352w\204\203\023]""; ledgerSeq: 12; type: liBASE; nodes {;   nodedata: ""\000\000\000\014\001cEx]\211\377\330\207\270b\315\333\333\334\310I\323&\014\352XZnW2.\335\347\202\021\247\362\212e\034\000\001\250\220\000\000\000\000\000\000\000\000\000\000\000\000\000\000\000\000\000\000\000\000\000\000\000\000\000\000\000\000\000\000\000\000\013\352\370t\247W\026\374\353\033\001\rV\340""I\n\377\304&V\200&\306\020\224i\257z\327>\355/\351\252\324/\351\252\325\n\000""; }; nodes {;   nodedata: ""\323C\344\327\264{\312-\017:\006{\177\344N\002\326bO\260\220\006\033\362\345\005U\221DzJ0\001\301\025%1L\307\t\261\262z\374\222T\301\274V\236\223\262\270Ct\362\337b\356\024*\324\320\351\317\002k\336\234\027v\351\217\260\303\360\233ZPZWr\246$w\313\313\r\243r\232\2234\373\3539:N\004Q\245\272D\312D\300\300\t\323\0257\345e\271\na\215{\226\255x%T\257\037\333\004\344_/R\006E\344\037@\210\363\010\336T\226\247'\204_{\261\370""1\235\2445\343\033Y!\212\201\341\272\225'\007\252$\232m\027\215\243\234\266\6+r\213\264K\307,\347\275\343\363\375L?5\243\234\232\374\357\232\013\003""; }; "
1750527580194,1750527580194,0,1,4,2,TMLedgerData,"ledgerHash: ""\305;a\314\265R\310\017\317\331\235\360\262\240:\277\202\266\354\265X""\022\nh\252\352w\204\203\023]""; ledgerSeq: 12; type: liBASE; nodes {;   nodedata: ""\000\000\000\014\001cEx]\211\377\330\207\270b\315\333\333\334\310I\323&\014\352XZnW2.\335\347\202\021\247\362\212e\034\000\001\250\220\000\000\000\000\000\000\000\000\000\000\000\000\000\000\000\000\000\000\000\000\000\000\000\000\000\000\000\000\000\000\000\000\013\352\370t\247W\026\374\353\033\001\rV\340""I\n\377\304&V\200&\306\020\224i\257z\327>\355/\351\252\324/\351\252\325\n\000""; }; nodes {;   nodedata: ""\323C\344\327\264{\312-\017:\006{\177\344N\002\326bO\260\220\006\033\362\345\005U\221DzJ0\001\301\025%1L\307\t\261\262z\374\222T\301\274V\236\223\262\270Ct\362\337b\356\024*\324\320\351\317\002k\336\234\027v\351\217\260\303\360\233ZPZWr\246$w\313\313\r\243r\232\2234\373\3539:N\004Q\245\272D\312D\300\300\t\323\0257\345e\271\na\215{\226\255x%T\257\037\333\004\344_/R\006E\344\037@\210\363\010\336T\226\247'\204_{\261\370""1\235\2445\343\033Y!\212\201\341\272\225'\007\252$\232m\027\215\243\234\266\6+r\213\264K\307,\347\275\343\363\375L?5\243\234\232\374\357\232\013\003""; }; ","ledgerHash: ""\305;a\314\265R\310\017\317\331\235\360\262\240:\277\202\266\354\265X""\022\nh\252\352w\204\203\023]""; ledgerSeq: 12; type: liBASE; nodes {;   nodedata: ""\000\000\000\014\001cEx]\211\377\330\207\270b\315\333\333\334\310I\323&\014\352XZnW2.\335\347\202\021\247\362\212e\034\000\001\250\220\000\000\000\000\000\000\000\000\000\000\000\000\000\000\000\000\000\000\000\000\000\000\000\000\000\000\000\000\000\000\000\000\013\352\370t\247W\026\374\353\033\001\rV\340""I\n\377\304&V\200&\306\020\224i\257z\327>\355/\351\252\324/\351\252\325\n\000""; }; nodes {;   nodedata: ""\323C\344\327\264{\312-\017:\006{\177\344N\002\326bO\260\220\006\033\362\345\005U\221DzJ0\001\301\025%1L\307\t\261\262z\374\222T\301\274V\236\223\262\270Ct\362\337b\356\024*\324\320\351\317\002k\336\234\027v\351\217\260\303\360\233ZPZWr\246$w\313\313\r\243r\232\2234\373\3539:N\004Q\245\272D\312D\300\300\t\323\0257\345e\271\na\215{\226\255x%T\257\037\333\004\344_/R\006E\344\037@\210\363\010\336T\226\247'\204_{\261\370""1\235\2445\343\033Y!\212\201\341\272\225'\007\252$\232m\027\215\243\234\266\6+r\213\264K\307,\347\275\343\363\375L?5\243\234\232\374\357\232\013\003""; }; "
1750527580195,1750527580195,0,1,3,2,TMLedgerData,"ledgerHash: ""\361\035\301\024\220m#*\372\032\3178~\374\250\014*\323\342'z69\220\327\256\351G\367\317u\302""; ledgerSeq: 10; type: liBASE; nodes {;   nodedata: ""\000\000\000\n\001cEx]\211\377\3304\254\326mU\377?\177Ek\336\030!\316Aa\225\303\022\377{\210Y\226\271as\354L\035\004\341\000\000\000\000\000\000\000\000\000\000\000\000\000\000\000\000\000\000\000\000\000\000\000\000\000\000\000\000\000\000\000\000\254\245\205(\333\232|\316\344\256\352g\326\377\207\201\343}F-uI:<\316[sh\026\205\0031/\351\252\322/\351\252\323\n\000""; }; nodes {;   nodedata: ""\323C\344\327\264{\312-\017:\006{\177\344N\002\326bO\260\220\006\033\362\345\005U\221DzJ0\001\301\025%1L\307\t\261\262z\374\222T\301\274V\236\223\262\270Ct\362\337b\356\024*\324\320\351\317\002k\336\234\027v\351\217\260\303\360\233ZPZWr\246$w\313\313\r\243r\232\2234\373\3539:N\004Q\245\272D\312D\300\300\t\323\0257\345e\271\na\215{\226\255x%T\257\037\333\004\344_/R\006E\344\037@\210\363\010\336T\226\247'\204_{\261\370""1\235\2445\343\033Y!\212\201\341\272\225'\007o""\025\223n_\364\354#\3206\344&\233Q\177y\227\265&\014\312\302\336\221\221\013m(`\236\007\013\003""; }; requestCookie: 3; ","ledgerHash: ""\361\035\301\024\220m#*\372\032\3178~\374\250\014*\323\342'z69\220\327\256\351G\367\317u\302""; ledgerSeq: 10; type: liBASE; nodes {;   nodedata: ""\000\000\000\n\001cEx]\211\377\3304\254\326mU\377?\177Ek\336\030!\316Aa\225\303\022\377{\210Y\226\271as\354L\035\004\341\000\000\000\000\000\000\000\000\000\000\000\000\000\000\000\000\000\000\000\000\000\000\000\000\000\000\000\000\000\000\000\000\254\245\205(\333\232|\316\344\256\352g\326\377\207\201\343}F-uI:<\316[sh\026\205\0031/\351\252\322/\351\252\323\n\000""; }; nodes {;   nodedata: ""\323C\344\327\264{\312-\017:\006{\177\344N\002\326bO\260\220\006\033\362\345\005U\221DzJ0\001\301\025%1L\307\t\261\262z\374\222T\301\274V\236\223\262\270Ct\362\337b\356\024*\324\320\351\317\002k\336\234\027v\351\217\260\303\360\233ZPZWr\246$w\313\313\r\243r\232\2234\373\3539:N\004Q\245\272D\312D\300\300\t\323\0257\345e\271\na\215{\226\255x%T\257\037\333\004\344_/R\006E\344\037@\210\363\010\336T\226\247'\204_{\261\370""1\235\2445\343\033Y!\212\201\341\272\225'\007o""\025\223n_\364\354#\3206\344&\233Q\177y\227\265&\014\312\302\336\221\221\013m(`\236\007\013\003""; }; requestCookie: 3; "
1750527580197,1750527580197,0,1,2,1,TMLedgerData,"ledgerHash: ""\361\035\301\024\220m#*\372\032\3178~\374\250\014*\323\342'z69\220\327\256\351G\367\317u\302""; ledgerSeq: 10; type: liBASE; nodes {;   nodedata: ""\000\000\000\n\001cEx]\211\377\3304\254\326mU\377?\177Ek\336\030!\316Aa\225\303\022\377{\210Y\226\271as\354L\035\004\341\000\000\000\000\000\000\000\000\000\000\000\000\000\000\000\000\000\000\000\000\000\000\000\000\000\000\000\000\000\000\000\000\254\245\205(\333\232|\316\344\256\352g\326\377\207\201\343}F-uI:<\316[sh\026\205\0031/\351\252\322/\351\252\323\n\000""; }; nodes {;   nodedata: ""\323C\344\327\264{\312-\017:\006{\177\344N\002\326bO\260\220\006\033\362\345\005U\221DzJ0\001\301\025%1L\307\t\261\262z\374\222T\301\274V\236\223\262\270Ct\362\337b\356\024*\324\320\351\317\002k\336\234\027v\351\217\260\303\360\233ZPZWr\246$w\313\313\r\243r\232\2234\373\3539:N\004Q\245\272D\312D\300\300\t\323\0257\345e\271\na\215{\226\255x%T\257\037\333\004\344_/R\006E\344\037@\210\363\010\336T\226\247'\204_{\261\370""1\235\2445\343\033Y!\212\201\341\272\225'\007o""\025\223n_\364\354#\3206\344&\233Q\177y\227\265&\014\312\302\336\221\221\013m(`\236\007\013\003""; }; ","ledgerHash: ""\361\035\301\024\220m#*\372\032\3178~\374\250\014*\323\342'z69\220\327\256\351G\367\317u\302""; ledgerSeq: 10; type: liBASE; nodes {;   nodedata: ""\000\000\000\n\001cEx]\211\377\3304\254\326mU\377?\177Ek\336\030!\316Aa\225\303\022\377{\210Y\226\271as\354L\035\004\341\000\000\000\000\000\000\000\000\000\000\000\000\000\000\000\000\000\000\000\000\000\000\000\000\000\000\000\000\000\000\000\000\254\245\205(\333\232|\316\344\256\352g\326\377\207\201\343}F-uI:<\316[sh\026\205\0031/\351\252\322/\351\252\323\n\000""; }; nodes {;   nodedata: ""\323C\344\327\264{\312-\017:\006{\177\344N\002\326bO\260\220\006\033\362\345\005U\221DzJ0\001\301\025%1L\307\t\261\262z\374\222T\301\274V\236\223\262\270Ct\362\337b\356\024*\324\320\351\317\002k\336\234\027v\351\217\260\303\360\233ZPZWr\246$w\313\313\r\243r\232\2234\373\3539:N\004Q\245\272D\312D\300\300\t\323\0257\345e\271\na\215{\226\255x%T\257\037\333\004\344_/R\006E\344\037@\210\363\010\336T\226\247'\204_{\261\370""1\235\2445\343\033Y!\212\201\341\272\225'\007o""\025\223n_\364\354#\3206\344&\233Q\177y\227\265&\014\312\302\336\221\221\013m(`\236\007\013\003""; }; "
1750527580207,1750527580207,0,1,3,1,TMLedgerData,"ledgerHash: ""\305;a\314\265R\310\017\317\331\235\360\262\240:\277\202\266\354\265X""\022\nh\252\352w\204\203\023]""; ledgerSeq: 12; type: liBASE; nodes {;   nodedata: ""\000\000\000\014\001cEx]\211\377\330\207\270b\315\333\333\334\310I\323&\014\352XZnW2.\335\347\202\021\247\362\212e\034\000\001\250\220\000\000\000\000\000\000\000\000\000\000\000\000\000\000\000\000\000\000\000\000\000\000\000\000\000\000\000\000\000\000\000\000\013\352\370t\247W\026\374\353\033\001\rV\340""I\n\377\304&V\200&\306\020\224i\257z\327>\355/\351\252\324/\351\252\325\n\000""; }; nodes {;   nodedata: ""\323C\344\327\264{\312-\017:\006{\177\344N\002\326bO\260\220\006\033\362\345\005U\221DzJ0\001\301\025%1L\307\t\261\262z\374\222T\301\274V\236\223\262\270Ct\362\337b\356\024*\324\320\351\317\002k\336\234\027v\351\217\260\303\360\233ZPZWr\246$w\313\313\r\243r\232\2234\373\3539:N\004Q\245\272D\312D\300\300\t\323\0257\345e\271\na\215{\226\255x%T\257\037\333\004\344_/R\006E\344\037@\210\363\010\336T\226\247'\204_{\261\370""1\235\2445\343\033Y!\212\201\341\272\225'\007\252$\232m\027\215\243\234\266\6+r\213\264K\307,\347\275\343\363\375L?5\243\234\232\374\357\232\013\003""; }; ","ledgerHash: ""\305;a\314\265R\310\017\317\331\235\360\262\240:\277\202\266\354\265X""\022\nh\252\352w\204\203\023]""; ledgerSeq: 12; type: liBASE; nodes {;   nodedata: ""\000\000\000\014\001cEx]\211\377\330\207\270b\315\333\333\334\310I\323&\014\352XZnW2.\335\347\202\021\247\362\212e\034\000\001\250\220\000\000\000\000\000\000\000\000\000\000\000\000\000\000\000\000\000\000\000\000\000\000\000\000\000\000\000\000\000\000\000\000\013\352\370t\247W\026\374\353\033\001\rV\340""I\n\377\304&V\200&\306\020\224i\257z\327>\355/\351\252\324/\351\252\325\n\000""; }; nodes {;   nodedata: ""\323C\344\327\264{\312-\017:\006{\177\344N\002\326bO\260\220\006\033\362\345\005U\221DzJ0\001\301\025%1L\307\t\261\262z\374\222T\301\274V\236\223\262\270Ct\362\337b\356\024*\324\320\351\317\002k\336\234\027v\351\217\260\303\360\233ZPZWr\246$w\313\313\r\243r\232\2234\373\3539:N\004Q\245\272D\312D\300\300\t\323\0257\345e\271\na\215{\226\255x%T\257\037\333\004\344_/R\006E\344\037@\210\363\010\336T\226\247'\204_{\261\370""1\235\2445\343\033Y!\212\201\341\272\225'\007\252$\232m\027\215\243\234\266\6+r\213\264K\307,\347\275\343\363\375L?5\243\234\232\374\357\232\013\003""; }; "
1750527580207,1750527580208,0,1,3,1,TMLedgerData,"ledgerHash: ""\207\270b\315\333\333\334\310I\323&\014\352XZnW2.\335\347\202\021\247\362\212e\034\000\001\250\220""; ledgerSeq: 11; type: liBASE; nodes {;   nodedata: ""\000\000\000\013\001cEx]\211\377\330\361\035\301\024\220m#*\372\032\3178~\374\250\014*\323\342'z69\220\327\256\351G\367\317u\302\000\000\000\000\000\000\000\000\000\000\000\000\000\000\000\000\000\000\000\000\000\000\000\000\000\000\000\000\000\000\000\000\313c\210\200\377\273\312\010\030f\372\244%*\307\272T\262\245c[\026\007_-\227VB\214\347\261\220/\351\252\323/\351\252\324\n\000""; }; nodes {;   nodedata: ""\323C\344\327\264{\312-\017:\006{\177\344N\002\326bO\260\220\006\033\362\345\005U\221DzJ0\001\301\025%1L\307\t\261\262z\374\222T\301\274V\236\223\262\270Ct\362\337b\356\024*\324\320\351\317\002k\336\234\027v\351\217\260\303\360\233ZPZWr\246$w\313\313\r\243r\232\2234\373\3539:N\004Q\245\272D\312D\300\300\t\323\0257\345e\271\na\215{\226\255x%T\257\037\333\004\344_/R\006E\344\037@\210\363\010\336T\226\247'\204_{\261\370""1\235\2445\343\033Y!\212\201\341\272\225'\007\t7y2\201R\010H\001l\375\310t\t\264<3~\035\230\304Gh@\204\342\325\204>\363\344T\013\003""; }; ","ledgerHash: ""\207\270b\315\333\333\334\310I\323&\014\352XZnW2.\335\347\202\021\247\362\212e\034\000\001\250\220""; ledgerSeq: 11; type: liBASE; nodes {;   nodedata: ""\000\000\000\013\001cEx]\211\377\330\361\035\301\024\220m#*\372\032\3178~\374\250\014*\323\342'z69\220\327\256\351G\367\317u\302\000\000\000\000\000\000\000\000\000\000\000\000\000\000\000\000\000\000\000\000\000\000\000\000\000\000\000\000\000\000\000\000\313c\210\200\377\273\312\010\030f\372\244%*\307\272T\262\245c[\026\007_-\227VB\214\347\261\220/\351\252\323/\351\252\324\n\000""; }; nodes {;   nodedata: ""\323C\344\327\264{\312-\017:\006{\177\344N\002\326bO\260\220\006\033\362\345\005U\221DzJ0\001\301\025%1L\307\t\261\262z\374\222T\301\274V\236\223\262\270Ct\362\337b\356\024*\324\320\351\317\002k\336\234\027v\351\217\260\303\360\233ZPZWr\246$w\313\313\r\243r\232\2234\373\3539:N\004Q\245\272D\312D\300\300\t\323\0257\345e\271\na\215{\226\255x%T\257\037\333\004\344_/R\006E\344\037@\210\363\010\336T\226\247'\204_{\261\370""1\235\2445\343\033Y!\212\201\341\272\225'\007\t7y2\201R\010H\001l\375\310t\t\264<3~\035\230\304Gh@\204\342\325\204>\363\344T\013\003""; }; "
1750527580208,1750527580209,0,1,3,1,TMLedgerData,"ledgerHash: ""\305;a\314\265R\310\017\317\331\235\360\262\240:\277\202\266\354\265X""\022\nh\252\352w\204\203\023]""; ledgerSeq: 12; type: liBASE; nodes {;   nodedata: ""\000\000\000\014\001cEx]\211\377\330\207\270b\315\333\333\334\310I\323&\014\352XZnW2.\335\347\202\021\247\362\212e\034\000\001\250\220\000\000\000\000\000\000\000\000\000\000\000\000\000\000\000\000\000\000\000\000\000\000\000\000\000\000\000\000\000\000\000\000\013\352\370t\247W\026\374\353\033\001\rV\340""I\n\377\304&V\200&\306\020\224i\257z\327>\355/\351\252\324/\351\252\325\n\000""; }; nodes {;   nodedata: ""\323C\344\327\264{\312-\017:\006{\177\344N\002\326bO\260\220\006\033\362\345\005U\221DzJ0\001\301\025%1L\307\t\261\262z\374\222T\301\274V\236\223\262\270Ct\362\337b\356\024*\324\320\351\317\002k\336\234\027v\351\217\260\303\360\233ZPZWr\246$w\313\313\r\243r\232\2234\373\3539:N\004Q\245\272D\312D\300\300\t\323\0257\345e\271\na\215{\226\255x%T\257\037\333\004\344_/R\006E\344\037@\210\363\010\336T\226\247'\204_{\261\370""1\235\2445\343\033Y!\212\201\341\272\225'\007\252$\232m\027\215\243\234\266\6+r\213\264K\307,\347\275\343\363\375L?5\243\234\232\374\357\232\013\003""; }; ","ledgerHash: ""\305;a\314\265R\310\017\317\331\235\360\262\240:\277\202\266\354\265X""\022\nh\252\352w\204\203\023]""; ledgerSeq: 12; type: liBASE; nodes {;   nodedata: ""\000\000\000\014\001cEx]\211\377\330\207\270b\315\333\333\334\310I\323&\014\352XZnW2.\335\347\202\021\247\362\212e\034\000\001\250\220\000\000\000\000\000\000\000\000\000\000\000\000\000\000\000\000\000\000\000\000\000\000\000\000\000\000\000\000\000\000\000\000\013\352\370t\247W\026\374\353\033\001\rV\340""I\n\377\304&V\200&\306\020\224i\257z\327>\355/\351\252\324/\351\252\325\n\000""; }; nodes {;   nodedata: ""\323C\344\327\264{\312-\017:\006{\177\344N\002\326bO\260\220\006\033\362\345\005U\221DzJ0\001\301\025%1L\307\t\261\262z\374\222T\301\274V\236\223\262\270Ct\362\337b\356\024*\324\320\351\317\002k\336\234\027v\351\217\260\303\360\233ZPZWr\246$w\313\313\r\243r\232\2234\373\3539:N\004Q\245\272D\312D\300\300\t\323\0257\345e\271\na\215{\226\255x%T\257\037\333\004\344_/R\006E\344\037@\210\363\010\336T\226\247'\204_{\261\370""1\235\2445\343\033Y!\212\201\341\272\225'\007\252$\232m\027\215\243\234\266\6+r\213\264K\307,\347\275\343\363\375L?5\243\234\232\374\357\232\013\003""; }; "
1750527580222,1750527580222,0,1,3,1,TMLedgerData,"ledgerHash: ""\305;a\314\265R\310\017\317\331\235\360\262\240:\277\202\266\354\265X""\022\nh\252\352w\204\203\023]""; ledgerSeq: 12; type: liBASE; nodes {;   nodedata: ""\000\000\000\014\001cEx]\211\377\330\207\270b\315\333\333\334\310I\323&\014\352XZnW2.\335\347\202\021\247\362\212e\034\000\001\250\220\000\000\000\000\000\000\000\000\000\000\000\000\000\000\000\000\000\000\000\000\000\000\000\000\000\000\000\000\000\000\000\000\013\352\370t\247W\026\374\353\033\001\rV\340""I\n\377\304&V\200&\306\020\224i\257z\327>\355/\351\252\324/\351\252\325\n\000""; }; nodes {;   nodedata: ""\323C\344\327\264{\312-\017:\006{\177\344N\002\326bO\260\220\006\033\362\345\005U\221DzJ0\001\301\025%1L\307\t\261\262z\374\222T\301\274V\236\223\262\270Ct\362\337b\356\024*\324\320\351\317\002k\336\234\027v\351\217\260\303\360\233ZPZWr\246$w\313\313\r\243r\232\2234\373\3539:N\004Q\245\272D\312D\300\300\t\323\0257\345e\271\na\215{\226\255x%T\257\037\333\004\344_/R\006E\344\037@\210\363\010\336T\226\247'\204_{\261\370""1\235\2445\343\033Y!\212\201\341\272\225'\007\252$\232m\027\215\243\234\266\6+r\213\264K\307,\347\275\343\363\375L?5\243\234\232\374\357\232\013\003""; }; requestCookie: 5; ","ledgerHash: ""\305;a\314\265R\310\017\317\331\235\360\262\240:\277\202\266\354\265X""\022\nh\252\352w\204\203\023]""; ledgerSeq: 12; type: liBASE; nodes {;   nodedata: ""\000\000\000\014\001cEx]\211\377\330\207\270b\315\333\333\334\310I\323&\014\352XZnW2.\335\347\202\021\247\362\212e\034\000\001\250\220\000\000\000\000\000\000\000\000\000\000\000\000\000\000\000\000\000\000\000\000\000\000\000\000\000\000\000\000\000\000\000\000\013\352\370t\247W\026\374\353\033\001\rV\340""I\n\377\304&V\200&\306\020\224i\257z\327>\355/\351\252\324/\351\252\325\n\000""; }; nodes {;   nodedata: ""\323C\344\327\264{\312-\017:\006{\177\344N\002\326bO\260\220\006\033\362\345\005U\221DzJ0\001\301\025%1L\307\t\261\262z\374\222T\301\274V\236\223\262\270Ct\362\337b\356\024*\324\320\351\317\002k\336\234\027v\351\217\260\303\360\233ZPZWr\246$w\313\313\r\243r\232\2234\373\3539:N\004Q\245\272D\312D\300\300\t\323\0257\345e\271\na\215{\226\255x%T\257\037\333\004\344_/R\006E\344\037@\210\363\010\336T\226\247'\204_{\261\370""1\235\2445\343\033Y!\212\201\341\272\225'\007\252$\232m\027\215\243\234\266\6+r\213\264K\307,\347\275\343\363\375L?5\243\234\232\374\357\232\013\003""; }; requestCookie: 5; "
1750527580224,1750527580224,0,1,1,4,TMLedgerData,"ledgerHash: ""\305;a\314\265R\310\017\317\331\235\360\262\240:\277\202\266\354\265X""\022\nh\252\352w\204\203\023]""; ledgerSeq: 12; type: liBASE; nodes {;   nodedata: ""\000\000\000\014\001cEx]\211\377\330\207\270b\315\333\333\334\310I\323&\014\352XZnW2.\335\347\202\021\247\362\212e\034\000\001\250\220\000\000\000\000\000\000\000\000\000\000\000\000\000\000\000\000\000\000\000\000\000\000\000\000\000\000\000\000\000\000\000\000\013\352\370t\247W\026\374\353\033\001\rV\340""I\n\377\304&V\200&\306\020\224i\257z\327>\355/\351\252\324/\351\252\325\n\000""; }; nodes {;   nodedata: ""\323C\344\327\264{\312-\017:\006{\177\344N\002\326bO\260\220\006\033\362\345\005U\221DzJ0\001\301\025%1L\307\t\261\262z\374\222T\301\274V\236\223\262\270Ct\362\337b\356\024*\324\320\351\317\002k\336\234\027v\351\217\260\303\360\233ZPZWr\246$w\313\313\r\243r\232\2234\373\3539:N\004Q\245\272D\312D\300\300\t\323\0257\345e\271\na\215{\226\255x%T\257\037\333\004\344_/R\006E\344\037@\210\363\010\336T\226\247'\204_{\261\370""1\235\2445\343\033Y!\212\201\341\272\225'\007\252$\232m\027\215\243\234\266\6+r\213\264K\307,\347\275\343\363\375L?5\243\234\232\374\357\232\013\003""; }; ","ledgerHash: ""\305;a\314\265R\310\017\317\331\235\360\262\240:\277\202\266\354\265X""\022\nh\252\352w\204\203\023]""; ledgerSeq: 12; type: liBASE; nodes {;   nodedata: ""\000\000\000\014\001cEx]\211\377\330\207\270b\315\333\333\334\310I\323&\014\352XZnW2.\335\347\202\021\247\362\212e\034\000\001\250\220\000\000\000\000\000\000\000\000\000\000\000\000\000\000\000\000\000\000\000\000\000\000\000\000\000\000\000\000\000\000\000\000\013\352\370t\247W\026\374\353\033\001\rV\340""I\n\377\304&V\200&\306\020\224i\257z\327>\355/\351\252\324/\351\252\325\n\000""; }; nodes {;   nodedata: ""\323C\344\327\264{\312-\017:\006{\177\344N\002\326bO\260\220\006\033\362\345\005U\221DzJ0\001\301\025%1L\307\t\261\262z\374\222T\301\274V\236\223\262\270Ct\362\337b\356\024*\324\320\351\317\002k\336\234\027v\351\217\260\303\360\233ZPZWr\246$w\313\313\r\243r\232\2234\373\3539:N\004Q\245\272D\312D\300\300\t\323\0257\345e\271\na\215{\226\255x%T\257\037\333\004\344_/R\006E\344\037@\210\363\010\336T\226\247'\204_{\261\370""1\235\2445\343\033Y!\212\201\341\272\225'\007\252$\232m\027\215\243\234\266\6+r\213\264K\307,\347\275\343\363\375L?5\243\234\232\374\357\232\013\003""; }; "
1750527580248,1750527580248,0,1,4,1,TMLedgerData,"ledgerHash: ""\207\270b\315\333\333\334\310I\323&\014\352XZnW2.\335\347\202\021\247\362\212e\034\000\001\250\220""; ledgerSeq: 11; type: liBASE; nodes {;   nodedata: ""\000\000\000\013\001cEx]\211\377\330\361\035\301\024\220m#*\372\032\3178~\374\250\014*\323\342'z69\220\327\256\351G\367\317u\302\000\000\000\000\000\000\000\000\000\000\000\000\000\000\000\000\000\000\000\000\000\000\000\000\000\000\000\000\000\000\000\000\313c\210\200\377\273\312\010\030f\372\244%*\307\272T\262\245c[\026\007_-\227VB\214\347\261\220/\351\252\323/\351\252\324\n\000""; }; nodes {;   nodedata: ""\323C\344\327\264{\312-\017:\006{\177\344N\002\326bO\260\220\006\033\362\345\005U\221DzJ0\001\301\025%1L\307\t\261\262z\374\222T\301\274V\236\223\262\270Ct\362\337b\356\024*\324\320\351\317\002k\336\234\027v\351\217\260\303\360\233ZPZWr\246$w\313\313\r\243r\232\2234\373\3539:N\004Q\245\272D\312D\300\300\t\323\0257\345e\271\na\215{\226\255x%T\257\037\333\004\344_/R\006E\344\037@\210\363\010\336T\226\247'\204_{\261\370""1\235\2445\343\033Y!\212\201\341\272\225'\007\t7y2\201R\010H\001l\375\310t\t\264<3~\035\230\304Gh@\204\342\325\204>\363\344T\013\003""; }; ","ledgerHash: ""\207\270b\315\333\333\334\310I\323&\014\352XZnW2.\335\347\202\021\247\362\212e\034\000\001\250\220""; ledgerSeq: 11; type: liBASE; nodes {;   nodedata: ""\000\000\000\013\001cEx]\211\377\330\361\035\301\024\220m#*\372\032\3178~\374\250\014*\323\342'z69\220\327\256\351G\367\317u\302\000\000\000\000\000\000\000\000\000\000\000\000\000\000\000\000\000\000\000\000\000\000\000\000\000\000\000\000\000\000\000\000\313c\210\200\377\273\312\010\030f\372\244%*\307\272T\262\245c[\026\007_-\227VB\214\347\261\220/\351\252\323/\351\252\324\n\000""; }; nodes {;   nodedata: ""\323C\344\327\264{\312-\017:\006{\177\344N\002\326bO\260\220\006\033\362\345\005U\221DzJ0\001\301\025%1L\307\t\261\262z\374\222T\301\274V\236\223\262\270Ct\362\337b\356\024*\324\320\351\317\002k\336\234\027v\351\217\260\303\360\233ZPZWr\246$w\313\313\r\243r\232\2234\373\3539:N\004Q\245\272D\312D\300\300\t\323\0257\345e\271\na\215{\226\255x%T\257\037\333\004\344_/R\006E\344\037@\210\363\010\336T\226\247'\204_{\261\370""1\235\2445\343\033Y!\212\201\341\272\225'\007\t7y2\201R\010H\001l\375\310t\t\264<3~\035\230\304Gh@\204\342\325\204>\363\344T\013\003""; }; "
1750527580249,1750527580249,0,1,4,1,TMLedgerData,"ledgerHash: ""\305;a\314\265R\310\017\317\331\235\360\262\240:\277\202\266\354\265X""\022\nh\252\352w\204\203\023]""; ledgerSeq: 12; type: liBASE; nodes {;   nodedata: ""\000\000\000\014\001cEx]\211\377\330\207\270b\315\333\333\334\310I\323&\014\352XZnW2.\335\347\202\021\247\362\212e\034\000\001\250\220\000\000\000\000\000\000\000\000\000\000\000\000\000\000\000\000\000\000\000\000\000\000\000\000\000\000\000\000\000\000\000\000\013\352\370t\247W\026\374\353\033\001\rV\340""I\n\377\304&V\200&\306\020\224i\257z\327>\355/\351\252\324/\351\252\325\n\000""; }; nodes {;   nodedata: ""\323C\344\327\264{\312-\017:\006{\177\344N\002\326bO\260\220\006\033\362\345\005U\221DzJ0\001\301\025%1L\307\t\261\262z\374\222T\301\274V\236\223\262\270Ct\362\337b\356\024*\324\320\351\317\002k\336\234\027v\351\217\260\303\360\233ZPZWr\246$w\313\313\r\243r\232\2234\373\3539:N\004Q\245\272D\312D\300\300\t\323\0257\345e\271\na\215{\226\255x%T\257\037\333\004\344_/R\006E\344\037@\210\363\010\336T\226\247'\204_{\261\370""1\235\2445\343\033Y!\212\201\341\272\225'\007\252$\232m\027\215\243\234\266\6+r\213\264K\307,\347\275\343\363\375L?5\243\234\232\374\357\232\013\003""; }; ","ledgerHash: ""\305;a\314\265R\310\017\317\331\235\360\262\240:\277\202\266\354\265X""\022\nh\252\352w\204\203\023]""; ledgerSeq: 12; type: liBASE; nodes {;   nodedata: ""\000\000\000\014\001cEx]\211\377\330\207\270b\315\333\333\334\310I\323&\014\352XZnW2.\335\347\202\021\247\362\212e\034\000\001\250\220\000\000\000\000\000\000\000\000\000\000\000\000\000\000\000\000\000\000\000\000\000\000\000\000\000\000\000\000\000\000\000\000\013\352\370t\247W\026\374\353\033\001\rV\340""I\n\377\304&V\200&\306\020\224i\257z\327>\355/\351\252\324/\351\252\325\n\000""; }; nodes {;   nodedata: ""\323C\344\327\264{\312-\017:\006{\177\344N\002\326bO\260\220\006\033\362\345\005U\221DzJ0\001\301\025%1L\307\t\261\262z\374\222T\301\274V\236\223\262\270Ct\362\337b\356\024*\324\320\351\317\002k\336\234\027v\351\217\260\303\360\233ZPZWr\246$w\313\313\r\243r\232\2234\373\3539:N\004Q\245\272D\312D\300\300\t\323\0257\345e\271\na\215{\226\255x%T\257\037\333\004\344_/R\006E\344\037@\210\363\010\336T\226\247'\204_{\261\370""1\235\2445\343\033Y!\212\201\341\272\225'\007\252$\232m\027\215\243\234\266\6+r\213\264K\307,\347\275\343\363\375L?5\243\234\232\374\357\232\013\003""; }; "
1750527580249,1750527580249,0,1,4,1,TMLedgerData,"ledgerHash: ""\305;a\314\265R\310\017\317\331\235\360\262\240:\277\202\266\354\265X""\022\nh\252\352w\204\203\023]""; ledgerSeq: 12; type: liBASE; nodes {;   nodedata: ""\000\000\000\014\001cEx]\211\377\330\207\270b\315\333\333\334\310I\323&\014\352XZnW2.\335\347\202\021\247\362\212e\034\000\001\250\220\000\000\000\000\000\000\000\000\000\000\000\000\000\000\000\000\000\000\000\000\000\000\000\000\000\000\000\000\000\000\000\000\013\352\370t\247W\026\374\353\033\001\rV\340""I\n\377\304&V\200&\306\020\224i\257z\327>\355/\351\252\324/\351\252\325\n\000""; }; nodes {;   nodedata: ""\323C\344\327\264{\312-\017:\006{\177\344N\002\326bO\260\220\006\033\362\345\005U\221DzJ0\001\301\025%1L\307\t\261\262z\374\222T\301\274V\236\223\262\270Ct\362\337b\356\024*\324\320\351\317\002k\336\234\027v\351\217\260\303\360\233ZPZWr\246$w\313\313\r\243r\232\2234\373\3539:N\004Q\245\272D\312D\300\300\t\323\0257\345e\271\na\215{\226\255x%T\257\037\333\004\344_/R\006E\344\037@\210\363\010\336T\226\247'\204_{\261\370""1\235\2445\343\033Y!\212\201\341\272\225'\007\252$\232m\027\215\243\234\266\6+r\213\264K\307,\347\275\343\363\375L?5\243\234\232\374\357\232\013\003""; }; ","ledgerHash: ""\305;a\314\265R\310\017\317\331\235\360\262\240:\277\202\266\354\265X""\022\nh\252\352w\204\203\023]""; ledgerSeq: 12; type: liBASE; nodes {;   nodedata: ""\000\000\000\014\001cEx]\211\377\330\207\270b\315\333\333\334\310I\323&\014\352XZnW2.\335\347\202\021\247\362\212e\034\000\001\250\220\000\000\000\000\000\000\000\000\000\000\000\000\000\000\000\000\000\000\000\000\000\000\000\000\000\000\000\000\000\000\000\000\013\352\370t\247W\026\374\353\033\001\rV\340""I\n\377\304&V\200&\306\020\224i\257z\327>\355/\351\252\324/\351\252\325\n\000""; }; nodes {;   nodedata: ""\323C\344\327\264{\312-\017:\006{\177\344N\002\326bO\260\220\006\033\362\345\005U\221DzJ0\001\301\025%1L\307\t\261\262z\374\222T\301\274V\236\223\262\270Ct\362\337b\356\024*\324\320\351\317\002k\336\234\027v\351\217\260\303\360\233ZPZWr\246$w\313\313\r\243r\232\2234\373\3539:N\004Q\245\272D\312D\300\300\t\323\0257\345e\271\na\215{\226\255x%T\257\037\333\004\344_/R\006E\344\037@\210\363\010\336T\226\247'\204_{\261\370""1\235\2445\343\033Y!\212\201\341\272\225'\007\252$\232m\027\215\243\234\266\6+r\213\264K\307,\347\275\343\363\375L?5\243\234\232\374\357\232\013\003""; }; "
1750527580429,1750527580429,0,1,3,1,TMProposeSet,"proposeSeq: 0; currentTxHash: ""\000\000\000\000\000\000\000\000\000\000\000\000\000\000\000\000\000\000\000\000\000\000\000\000\000\000\000\000\000\000\000\000""; nodePubKey: ""\002\364d\217\366\217|\316F\232\231\241\n\261\333`\312O\367\235\025DD\336e\367\n\312\326\221\037\025\230""; closeTime: 803842780; signature: ""0D\002 N\237\223e\0000\324\005\277eg{\000]\340w\222g\263\340\2618\345\215\322a\324w\220,\376\000\002 B\332\303\226_\275\357\343\347\317\241\262\267\023\2372,\337w\375\303U\245\267\311\345\371qe\006\352\343""; previousledger: ""\001f\352\277\0031Q]\362\370R\350{\261\202\240\344\215\201\353\276\322p5p\350\354\017>\250r\241""; ","proposeSeq: 0; currentTxHash: ""\000\000\000\000\000\000\000\000\000\000\000\000\000\000\000\000\000\000\000\000\000\000\000\000\000\000\000\000\000\000\000\000""; nodePubKey: ""\002\364d\217\366\217|\316F\232\231\241\n\261\333`\312O\367\235\025DD\336e\367\n\312\326\221\037\025\230""; closeTime: 803842780; signature: ""0D\002 N\237\223e\0000\324\005\277eg{\000]\340w\222g\263\340\2618\345\215\322a\324w\220,\376\000\002 B\332\303\226_\275\357\343\347\317\241\262\267\023\2372,\337w\375\303U\245\267\311\345\371qe\006\352\343""; previousledger: ""\001f\352\277\0031Q]\362\370R\350{\261\202\240\344\215\201\353\276\322p5p\350\354\017>\250r\241""; "
1750527580430,1750527580430,0,1,3,0,TMProposeSet,"proposeSeq: 0; currentTxHash: ""\000\000\000\000\000\000\000\000\000\000\000\000\000\000\000\000\000\000\000\000\000\000\000\000\000\000\000\000\000\000\000\000""; nodePubKey: ""\002\364d\217\366\217|\316F\232\231\241\n\261\333`\312O\367\235\025DD\336e\367\n\312\326\221\037\025\230""; closeTime: 803842780; signature: ""0D\002 N\237\223e\0000\324\005\277eg{\000]\340w\222g\263\340\2618\345\215\322a\324w\220,\376\000\002 B\332\303\226_\275\357\343\347\317\241\262\267\023\2372,\337w\375\303U\245\267\311\345\371qe\006\352\343""; previousledger: ""\001f\352\277\0031Q]\362\370R\350{\261\202\240\344\215\201\353\276\322p5p\350\354\017>\250r\241""; ","proposeSeq: 0; currentTxHash: ""\000\000\000\000\000\000\000\000\000\000\000\000\000\000\000\000\000\000\000\000\000\000\000\000\000\000\000\000\000\000\000\000""; nodePubKey: ""\002\364d\217\366\217|\316F\232\231\241\n\261\333`\312O\367\235\025DD\336e\367\n\312\326\221\037\025\230""; closeTime: 803842780; signature: ""0D\002 N\237\223e\0000\324\005\277eg{\000]\340w\222g\263\340\2618\345\215\322a\324w\220,\376\000\002 B\332\303\226_\275\357\343\347\317\241\262\267\023\2372,\337w\375\303U\245\267\311\345\371qe\006\352\343""; previousledger: ""\001f\352\277\0031Q]\362\370R\350{\261\202\240\344\215\201\353\276\322p5p\350\354\017>\250r\241""; "
1750527580430,1750527580430,0,1,3,2,TMProposeSet,"proposeSeq: 0; currentTxHash: ""\000\000\000\000\000\000\000\000\000\000\000\000\000\000\000\000\000\000\000\000\000\000\000\000\000\000\000\000\000\000\000\000""; nodePubKey: ""\002\364d\217\366\217|\316F\232\231\241\n\261\333`\312O\367\235\025DD\336e\367\n\312\326\221\037\025\230""; closeTime: 803842780; signature: ""0D\002 N\237\223e\0000\324\005\277eg{\000]\340w\222g\263\340\2618\345\215\322a\324w\220,\376\000\002 B\332\303\226_\275\357\343\347\317\241\262\267\023\2372,\337w\375\303U\245\267\311\345\371qe\006\352\343""; previousledger: ""\001f\352\277\0031Q]\362\370R\350{\261\202\240\344\215\201\353\276\322p5p\350\354\017>\250r\241""; ","proposeSeq: 0; currentTxHash: ""\000\000\000\000\000\000\000\000\000\000\000\000\000\000\000\000\000\000\000\000\000\000\000\000\000\000\000\000\000\000\000\000""; nodePubKey: ""\002\364d\217\366\217|\316F\232\231\241\n\261\333`\312O\367\235\025DD\336e\367\n\312\326\221\037\025\230""; closeTime: 803842780; signature: ""0D\002 N\237\223e\0000\324\005\277eg{\000]\340w\222g\263\340\2618\345\215\322a\324w\220,\376\000\002 B\332\303\226_\275\357\343\347\317\241\262\267\023\2372,\337w\375\303U\245\267\311\345\371qe\006\352\343""; previousledger: ""\001f\352\277\0031Q]\362\370R\350{\261\202\240\344\215\201\353\276\322p5p\350\354\017>\250r\241""; "
1750527580434,1750527580434,0,1,3,2,TMLedgerData,"ledgerHash: ""\207\270b\315\333\333\334\310I\323&\014\352XZnW2.\335\347\202\021\247\362\212e\034\000\001\250\220""; ledgerSeq: 11; type: liBASE; nodes {;   nodedata: ""\000\000\000\013\001cEx]\211\377\330\361\035\301\024\220m#*\372\032\3178~\374\250\014*\323\342'z69\220\327\256\351G\367\317u\302\000\000\000\000\000\000\000\000\000\000\000\000\000\000\000\000\000\000\000\000\000\000\000\000\000\000\000\000\000\000\000\000\313c\210\200\377\273\312\010\030f\372\244%*\307\272T\262\245c[\026\007_-\227VB\214\347\261\220/\351\252\323/\351\252\324\n\000""; }; nodes {;   nodedata: ""\323C\344\327\264{\312-\017:\006{\177\344N\002\326bO\260\220\006\033\362\345\005U\221DzJ0\001\301\025%1L\307\t\261\262z\374\222T\301\274V\236\223\262\270Ct\362\337b\356\024*\324\320\351\317\002k\336\234\027v\351\217\260\303\360\233ZPZWr\246$w\313\313\r\243r\232\2234\373\3539:N\004Q\245\272D\312D\300\300\t\323\0257\345e\271\na\215{\226\255x%T\257\037\333\004\344_/R\006E\344\037@\210\363\010\336T\226\247'\204_{\261\370""1\235\2445\343\033Y!\212\201\341\272\225'\007\t7y2\201R\010H\001l\375\310t\t\264<3~\035\230\304Gh@\204\342\325\204>\363\344T\013\003""; }; ","ledgerHash: ""\207\270b\315\333\333\334\310I\323&\014\352XZnW2.\335\347\202\021\247\362\212e\034\000\001\250\220""; ledgerSeq: 11; type: liBASE; nodes {;   nodedata: ""\000\000\000\013\001cEx]\211\377\330\361\035\301\024\220m#*\372\032\3178~\374\250\014*\323\342'z69\220\327\256\351G\367\317u\302\000\000\000\000\000\000\000\000\000\000\000\000\000\000\000\000\000\000\000\000\000\000\000\000\000\000\000\000\000\000\000\000\313c\210\200\377\273\312\010\030f\372\244%*\307\272T\262\245c[\026\007_-\227VB\214\347\261\220/\351\252\323/\351\252\324\n\000""; }; nodes {;   nodedata: ""\323C\344\327\264{\312-\017:\006{\177\344N\002\326bO\260\220\006\033\362\345\005U\221DzJ0\001\301\025%1L\307\t\261\262z\374\222T\301\274V\236\223\262\270Ct\362\337b\356\024*\324\320\351\317\002k\336\234\027v\351\217\260\303\360\233ZPZWr\246$w\313\313\r\243r\232\2234\373\3539:N\004Q\245\272D\312D\300\300\t\323\0257\345e\271\na\215{\226\255x%T\257\037\333\004\344_/R\006E\344\037@\210\363\010\336T\226\247'\204_{\261\370""1\235\2445\343\033Y!\212\201\341\272\225'\007\t7y2\201R\010H\001l\375\310t\t\264<3~\035\230\304Gh@\204\342\325\204>\363\344T\013\003""; }; "
1750527580449,1750527580450,0,1,3,2,TMLedgerData,"ledgerHash: ""\305;a\314\265R\310\017\317\331\235\360\262\240:\277\202\266\354\265X""\022\nh\252\352w\204\203\023]""; ledgerSeq: 12; type: liBASE; nodes {;   nodedata: ""\000\000\000\014\001cEx]\211\377\330\207\270b\315\333\333\334\310I\323&\014\352XZnW2.\335\347\202\021\247\362\212e\034\000\001\250\220\000\000\000\000\000\000\000\000\000\000\000\000\000\000\000\000\000\000\000\000\000\000\000\000\000\000\000\000\000\000\000\000\013\352\370t\247W\026\374\353\033\001\rV\340""I\n\377\304&V\200&\306\020\224i\257z\327>\355/\351\252\324/\351\252\325\n\000""; }; nodes {;   nodedata: ""\323C\344\327\264{\312-\017:\006{\177\344N\002\326bO\260\220\006\033\362\345\005U\221DzJ0\001\301\025%1L\307\t\261\262z\374\222T\301\274V\236\223\262\270Ct\362\337b\356\024*\324\320\351\317\002k\336\234\027v\351\217\260\303\360\233ZPZWr\246$w\313\313\r\243r\232\2234\373\3539:N\004Q\245\272D\312D\300\300\t\323\0257\345e\271\na\215{\226\255x%T\257\037\333\004\344_/R\006E\344\037@\210\363\010\336T\226\247'\204_{\261\370""1\235\2445\343\033Y!\212\201\341\272\225'\007\252$\232m\027\215\243\234\266\6+r\213\264K\307,\347\275\343\363\375L?5\243\234\232\374\357\232\013\003""; }; ","ledgerHash: ""\305;a\314\265R\310\017\317\331\235\360\262\240:\277\202\266\354\265X""\022\nh\252\352w\204\203\023]""; ledgerSeq: 12; type: liBASE; nodes {;   nodedata: ""\000\000\000\014\001cEx]\211\377\330\207\270b\315\333\333\334\310I\323&\014\352XZnW2.\335\347\202\021\247\362\212e\034\000\001\250\220\000\000\000\000\000\000\000\000\000\000\000\000\000\000\000\000\000\000\000\000\000\000\000\000\000\000\000\000\000\000\000\000\013\352\370t\247W\026\374\353\033\001\rV\340""I\n\377\304&V\200&\306\020\224i\257z\327>\355/\351\252\324/\351\252\325\n\000""; }; nodes {;   nodedata: ""\323C\344\327\264{\312-\017:\006{\177\344N\002\326bO\260\220\006\033\362\345\005U\221DzJ0\001\301\025%1L\307\t\261\262z\374\222T\301\274V\236\223\262\270Ct\362\337b\356\024*\324\320\351\317\002k\336\234\027v\351\217\260\303\360\233ZPZWr\246$w\313\313\r\243r\232\2234\373\3539:N\004Q\245\272D\312D\300\300\t\323\0257\345e\271\na\215{\226\255x%T\257\037\333\004\344_/R\006E\344\037@\210\363\010\336T\226\247'\204_{\261\370""1\235\2445\343\033Y!\212\201\341\272\225'\007\252$\232m\027\215\243\234\266\6+r\213\264K\307,\347\275\343\363\375L?5\243\234\232\374\357\232\013\003""; }; "
1750527580450,1750527580450,0,1,3,2,TMLedgerData,"ledgerHash: ""\305;a\314\265R\310\017\317\331\235\360\262\240:\277\202\266\354\265X""\022\nh\252\352w\204\203\023]""; ledgerSeq: 12; type: liBASE; nodes {;   nodedata: ""\000\000\000\014\001cEx]\211\377\330\207\270b\315\333\333\334\310I\323&\014\352XZnW2.\335\347\202\021\247\362\212e\034\000\001\250\220\000\000\000\000\000\000\000\000\000\000\000\000\000\000\000\000\000\000\000\000\000\000\000\000\000\000\000\000\000\000\000\000\013\352\370t\247W\026\374\353\033\001\rV\340""I\n\377\304&V\200&\306\020\224i\257z\327>\355/\351\252\324/\351\252\325\n\000""; }; nodes {;   nodedata: ""\323C\344\327\264{\312-\017:\006{\177\344N\002\326bO\260\220\006\033\362\345\005U\221DzJ0\001\301\025%1L\307\t\261\262z\374\222T\301\274V\236\223\262\270Ct\362\337b\356\024*\324\320\351\317\002k\336\234\027v\351\217\260\303\360\233ZPZWr\246$w\313\313\r\243r\232\2234\373\3539:N\004Q\245\272D\312D\300\300\t\323\0257\345e\271\na\215{\226\255x%T\257\037\333\004\344_/R\006E\344\037@\210\363\010\336T\226\247'\204_{\261\370""1\235\2445\343\033Y!\212\201\341\272\225'\007\252$\232m\027\215\243\234\266\6+r\213\264K\307,\347\275\343\363\375L?5\243\234\232\374\357\232\013\003""; }; ","ledgerHash: ""\305;a\314\265R\310\017\317\331\235\360\262\240:\277\202\266\354\265X""\022\nh\252\352w\204\203\023]""; ledgerSeq: 12; type: liBASE; nodes {;   nodedata: ""\000\000\000\014\001cEx]\211\377\330\207\270b\315\333\333\334\310I\323&\014\352XZnW2.\335\347\202\021\247\362\212e\034\000\001\250\220\000\000\000\000\000\000\000\000\000\000\000\000\000\000\000\000\000\000\000\000\000\000\000\000\000\000\000\000\000\000\000\000\013\352\370t\247W\026\374\353\033\001\rV\340""I\n\377\304&V\200&\306\020\224i\257z\327>\355/\351\252\324/\351\252\325\n\000""; }; nodes {;   nodedata: ""\323C\344\327\264{\312-\017:\006{\177\344N\002\326bO\260\220\006\033\362\345\005U\221DzJ0\001\301\025%1L\307\t\261\262z\374\222T\301\274V\236\223\262\270Ct\362\337b\356\024*\324\320\351\317\002k\336\234\027v\351\217\260\303\360\233ZPZWr\246$w\313\313\r\243r\232\2234\373\3539:N\004Q\245\272D\312D\300\300\t\323\0257\345e\271\na\215{\226\255x%T\257\037\333\004\344_/R\006E\344\037@\210\363\010\336T\226\247'\204_{\261\370""1\235\2445\343\033Y!\212\201\341\272\225'\007\252$\232m\027\215\243\234\266\6+r\213\264K\307,\347\275\343\363\375L?5\243\234\232\374\357\232\013\003""; }; "
1750527580427,1750527580466,0,1,3,2,TMStatusChange,"newEvent: neCLOSING_LEDGER; ledgerSeq: 13; ledgerHash: ""\001f\352\277\0031Q]\362\370R\350{\261\202\240\344\215\201\353\276\322p5p\350\354\017>\250r\241""; ledgerHashPrevious: ""\305;a\314\265R\310\017\317\331\235\360\262\240:\277\202\266\354\265X""\022\nh\252\352w\204\203\023]""; networkTime: 803842780; firstSeq: 1; lastSeq: 13; ","newEvent: neCLOSING_LEDGER; ledgerSeq: 13; ledgerHash: ""\001f\352\277\0031Q]\362\370R\350{\261\202\240\344\215\201\353\276\322p5p\350\354\017>\250r\241""; ledgerHashPrevious: ""\305;a\314\265R\310\017\317\331\235\360\262\240:\277\202\266\354\265X""\022\nh\252\352w\204\203\023]""; networkTime: 803842780; firstSeq: 1; lastSeq: 13; "
1750527580429,1750527580466,0,1,3,0,TMStatusChange,"newEvent: neCLOSING_LEDGER; ledgerSeq: 13; ledgerHash: ""\001f\352\277\0031Q]\362\370R\350{\261\202\240\344\215\201\353\276\322p5p\350\354\017>\250r\241""; ledgerHashPrevious: ""\305;a\314\265R\310\017\317\331\235\360\262\240:\277\202\266\354\265X""\022\nh\252\352w\204\203\023]""; networkTime: 803842780; firstSeq: 1; lastSeq: 13; ","newEvent: neCLOSING_LEDGER; ledgerSeq: 13; ledgerHash: ""\001f\352\277\0031Q]\362\370R\350{\261\202\240\344\215\201\353\276\322p5p\350\354\017>\250r\241""; ledgerHashPrevious: ""\305;a\314\265R\310\017\317\331\235\360\262\240:\277\202\266\354\265X""\022\nh\252\352w\204\203\023]""; networkTime: 803842780; firstSeq: 1; lastSeq: 13; "
1750527580429,1750527580467,0,1,3,1,TMStatusChange,"newEvent: neCLOSING_LEDGER; ledgerSeq: 13; ledgerHash: ""\001f\352\277\0031Q]\362\370R\350{\261\202\240\344\215\201\353\276\322p5p\350\354\017>\250r\241""; ledgerHashPrevious: ""\305;a\314\265R\310\017\317\331\235\360\262\240:\277\202\266\354\265X""\022\nh\252\352w\204\203\023]""; networkTime: 803842780; firstSeq: 1; lastSeq: 13; ","newEvent: neCLOSING_LEDGER; ledgerSeq: 13; ledgerHash: ""\001f\352\277\0031Q]\362\370R\350{\261\202\240\344\215\201\353\276\322p5p\350\354\017>\250r\241""; ledgerHashPrevious: ""\305;a\314\265R\310\017\317\331\235\360\262\240:\277\202\266\354\265X""\022\nh\252\352w\204\203\023]""; networkTime: 803842780; firstSeq: 1; lastSeq: 13; "
1750527580429,1750527580467,0,1,3,4,TMStatusChange,"newEvent: neCLOSING_LEDGER; ledgerSeq: 13; ledgerHash: ""\001f\352\277\0031Q]\362\370R\350{\261\202\240\344\215\201\353\276\322p5p\350\354\017>\250r\241""; ledgerHashPrevious: ""\305;a\314\265R\310\017\317\331\235\360\262\240:\277\202\266\354\265X""\022\nh\252\352w\204\203\023]""; networkTime: 803842780; firstSeq: 1; lastSeq: 13; ","newEvent: neCLOSING_LEDGER; ledgerSeq: 13; ledgerHash: ""\001f\352\277\0031Q]\362\370R\350{\261\202\240\344\215\201\353\276\322p5p\350\354\017>\250r\241""; ledgerHashPrevious: ""\305;a\314\265R\310\017\317\331\235\360\262\240:\277\202\266\354\265X""\022\nh\252\352w\204\203\023]""; networkTime: 803842780; firstSeq: 1; lastSeq: 13; "
1750527580470,1750527580470,0,1,3,4,TMProposeSet,"proposeSeq: 0; currentTxHash: ""\000\000\000\000\000\000\000\000\000\000\000\000\000\000\000\000\000\000\000\000\000\000\000\000\000\000\000\000\000\000\000\000""; nodePubKey: ""\002\364d\217\366\217|\316F\232\231\241\n\261\333`\312O\367\235\025DD\336e\367\n\312\326\221\037\025\230""; closeTime: 803842780; signature: ""0D\002 N\237\223e\0000\324\005\277eg{\000]\340w\222g\263\340\2618\345\215\322a\324w\220,\376\000\002 B\332\303\226_\275\357\343\347\317\241\262\267\023\2372,\337w\375\303U\245\267\311\345\371qe\006\352\343""; previousledger: ""\001f\352\277\0031Q]\362\370R\350{\261\202\240\344\215\201\353\276\322p5p\350\354\017>\250r\241""; ","proposeSeq: 0; currentTxHash: ""\000\000\000\000\000\000\000\000\000\000\000\000\000\000\000\000\000\000\000\000\000\000\000\000\000\000\000\000\000\000\000\000""; nodePubKey: ""\002\364d\217\366\217|\316F\232\231\241\n\261\333`\312O\367\235\025DD\336e\367\n\312\326\221\037\025\230""; closeTime: 803842780; signature: ""0D\002 N\237\223e\0000\324\005\277eg{\000]\340w\222g\263\340\2618\345\215\322a\324w\220,\376\000\002 B\332\303\226_\275\357\343\347\317\241\262\267\023\2372,\337w\375\303U\245\267\311\345\371qe\006\352\343""; previousledger: ""\001f\352\277\0031Q]\362\370R\350{\261\202\240\344\215\201\353\276\322p5p\350\354\017>\250r\241""; "
1750527580472,1750527580472,0,1,4,1,TMProposeSet,"proposeSeq: 0; currentTxHash: ""\000\000\000\000\000\000\000\000\000\000\000\000\000\000\000\000\000\000\000\000\000\000\000\000\000\000\000\000\000\000\000\000""; nodePubKey: ""\002\364d\217\366\217|\316F\232\231\241\n\261\333`\312O\367\235\025DD\336e\367\n\312\326\221\037\025\230""; closeTime: 803842780; signature: ""0D\002 N\237\223e\0000\324\005\277eg{\000]\340w\222g\263\340\2618\345\215\322a\324w\220,\376\000\002 B\332\303\226_\275\357\343\347\317\241\262\267\023\2372,\337w\375\303U\245\267\311\345\371qe\006\352\343""; previousledger: ""\001f\352\277\0031Q]\362\370R\350{\261\202\240\344\215\201\353\276\322p5p\350\354\017>\250r\241""; ","proposeSeq: 0; currentTxHash: ""\000\000\000\000\000\000\000\000\000\000\000\000\000\000\000\000\000\000\000\000\000\000\000\000\000\000\000\000\000\000\000\000""; nodePubKey: ""\002\364d\217\366\217|\316F\232\231\241\n\261\333`\312O\367\235\025DD\336e\367\n\312\326\221\037\025\230""; closeTime: 803842780; signature: ""0D\002 N\237\223e\0000\324\005\277eg{\000]\340w\222g\263\340\2618\345\215\322a\324w\220,\376\000\002 B\332\303\226_\275\357\343\347\317\241\262\267\023\2372,\337w\375\303U\245\267\311\345\371qe\006\352\343""; previousledger: ""\001f\352\277\0031Q]\362\370R\350{\261\202\240\344\215\201\353\276\322p5p\350\354\017>\250r\241""; "
1750527580473,1750527580473,0,1,4,2,TMProposeSet,"proposeSeq: 0; currentTxHash: ""\000\000\000\000\000\000\000\000\000\000\000\000\000\000\000\000\000\000\000\000\000\000\000\000\000\000\000\000\000\000\000\000""; nodePubKey: ""\002\364d\217\366\217|\316F\232\231\241\n\261\333`\312O\367\235\025DD\336e\367\n\312\326\221\037\025\230""; closeTime: 803842780; signature: ""0D\002 N\237\223e\0000\324\005\277eg{\000]\340w\222g\263\340\2618\345\215\322a\324w\220,\376\000\002 B\332\303\226_\275\357\343\347\317\241\262\267\023\2372,\337w\375\303U\245\267\311\345\371qe\006\352\343""; previousledger: ""\001f\352\277\0031Q]\362\370R\350{\261\202\240\344\215\201\353\276\322p5p\350\354\017>\250r\241""; ","proposeSeq: 0; currentTxHash: ""\000\000\000\000\000\000\000\000\000\000\000\000\000\000\000\000\000\000\000\000\000\000\000\000\000\000\000\000\000\000\000\000""; nodePubKey: ""\002\364d\217\366\217|\316F\232\231\241\n\261\333`\312O\367\235\025DD\336e\367\n\312\326\221\037\025\230""; closeTime: 803842780; signature: ""0D\002 N\237\223e\0000\324\005\277eg{\000]\340w\222g\263\340\2618\345\215\322a\324w\220,\376\000\002 B\332\303\226_\275\357\343\347\317\241\262\267\023\2372,\337w\375\303U\245\267\311\345\371qe\006\352\343""; previousledger: ""\001f\352\277\0031Q]\362\370R\350{\261\202\240\344\215\201\353\276\322p5p\350\354\017>\250r\241""; "
1750527580473,1750527580474,0,1,4,0,TMProposeSet,"proposeSeq: 0; currentTxHash: ""\000\000\000\000\000\000\000\000\000\000\000\000\000\000\000\000\000\000\000\000\000\000\000\000\000\000\000\000\000\000\000\000""; nodePubKey: ""\002\364d\217\366\217|\316F\232\231\241\n\261\333`\312O\367\235\025DD\336e\367\n\312\326\221\037\025\230""; closeTime: 803842780; signature: ""0D\002 N\237\223e\0000\324\005\277eg{\000]\340w\222g\263\340\2618\345\215\322a\324w\220,\376\000\002 B\332\303\226_\275\357\343\347\317\241\262\267\023\2372,\337w\375\303U\245\267\311\345\371qe\006\352\343""; previousledger: ""\001f\352\277\0031Q]\362\370R\350{\261\202\240\344\215\201\353\276\322p5p\350\354\017>\250r\241""; ","proposeSeq: 0; currentTxHash: ""\000\000\000\000\000\000\000\000\000\000\000\000\000\000\000\000\000\000\000\000\000\000\000\000\000\000\000\000\000\000\000\000""; nodePubKey: ""\002\364d\217\366\217|\316F\232\231\241\n\261\333`\312O\367\235\025DD\336e\367\n\312\326\221\037\025\230""; closeTime: 803842780; signature: ""0D\002 N\237\223e\0000\324\005\277eg{\000]\340w\222g\263\340\2618\345\215\322a\324w\220,\376\000\002 B\332\303\226_\275\357\343\347\317\241\262\267\023\2372,\337w\375\303U\245\267\311\345\371qe\006\352\343""; previousledger: ""\001f\352\277\0031Q]\362\370R\350{\261\202\240\344\215\201\353\276\322p5p\350\354\017>\250r\241""; "
1750527580490,1750527580490,0,1,3,2,TMLedgerData,"ledgerHash: ""\305;a\314\265R\310\017\317\331\235\360\262\240:\277\202\266\354\265X""\022\nh\252\352w\204\203\023]""; ledgerSeq: 12; type: liBASE; nodes {;   nodedata: ""\000\000\000\014\001cEx]\211\377\330\207\270b\315\333\333\334\310I\323&\014\352XZnW2.\335\347\202\021\247\362\212e\034\000\001\250\220\000\000\000\000\000\000\000\000\000\000\000\000\000\000\000\000\000\000\000\000\000\000\000\000\000\000\000\000\000\000\000\000\013\352\370t\247W\026\374\353\033\001\rV\340""I\n\377\304&V\200&\306\020\224i\257z\327>\355/\351\252\324/\351\252\325\n\000""; }; nodes {;   nodedata: ""\323C\344\327\264{\312-\017:\006{\177\344N\002\326bO\260\220\006\033\362\345\005U\221DzJ0\001\301\025%1L\307\t\261\262z\374\222T\301\274V\236\223\262\270Ct\362\337b\356\024*\324\320\351\317\002k\336\234\027v\351\217\260\303\360\233ZPZWr\246$w\313\313\r\243r\232\2234\373\3539:N\004Q\245\272D\312D\300\300\t\323\0257\345e\271\na\215{\226\255x%T\257\037\333\004\344_/R\006E\344\037@\210\363\010\336T\226\247'\204_{\261\370""1\235\2445\343\033Y!\212\201\341\272\225'\007\252$\232m\027\215\243\234\266\6+r\213\264K\307,\347\275\343\363\375L?5\243\234\232\374\357\232\013\003""; }; requestCookie: 5; ","ledgerHash: ""\305;a\314\265R\310\017\317\331\235\360\262\240:\277\202\266\354\265X""\022\nh\252\352w\204\203\023]""; ledgerSeq: 12; type: liBASE; nodes {;   nodedata: ""\000\000\000\014\001cEx]\211\377\330\207\270b\315\333\333\334\310I\323&\014\352XZnW2.\335\347\202\021\247\362\212e\034\000\001\250\220\000\000\000\000\000\000\000\000\000\000\000\000\000\000\000\000\000\000\000\000\000\000\000\000\000\000\000\000\000\000\000\000\013\352\370t\247W\026\374\353\033\001\rV\340""I\n\377\304&V\200&\306\020\224i\257z\327>\355/\351\252\324/\351\252\325\n\000""; }; nodes {;   nodedata: ""\323C\344\327\264{\312-\017:\006{\177\344N\002\326bO\260\220\006\033\362\345\005U\221DzJ0\001\301\025%1L\307\t\261\262z\374\222T\301\274V\236\223\262\270Ct\362\337b\356\024*\324\320\351\317\002k\336\234\027v\351\217\260\303\360\233ZPZWr\246$w\313\313\r\243r\232\2234\373\3539:N\004Q\245\272D\312D\300\300\t\323\0257\345e\271\na\215{\226\255x%T\257\037\333\004\344_/R\006E\344\037@\210\363\010\336T\226\247'\204_{\261\370""1\235\2445\343\033Y!\212\201\341\272\225'\007\252$\232m\027\215\243\234\266\6+r\213\264K\307,\347\275\343\363\375L?5\243\234\232\374\357\232\013\003""; }; requestCookie: 5; "
1750527580491,1750527580491,0,1,2,4,TMLedgerData,"ledgerHash: ""\305;a\314\265R\310\017\317\331\235\360\262\240:\277\202\266\354\265X""\022\nh\252\352w\204\203\023]""; ledgerSeq: 12; type: liBASE; nodes {;   nodedata: ""\000\000\000\014\001cEx]\211\377\330\207\270b\315\333\333\334\310I\323&\014\352XZnW2.\335\347\202\021\247\362\212e\034\000\001\250\220\000\000\000\000\000\000\000\000\000\000\000\000\000\000\000\000\000\000\000\000\000\000\000\000\000\000\000\000\000\000\000\000\013\352\370t\247W\026\374\353\033\001\rV\340""I\n\377\304&V\200&\306\020\224i\257z\327>\355/\351\252\324/\351\252\325\n\000""; }; nodes {;   nodedata: ""\323C\344\327\264{\312-\017:\006{\177\344N\002\326bO\260\220\006\033\362\345\005U\221DzJ0\001\301\025%1L\307\t\261\262z\374\222T\301\274V\236\223\262\270Ct\362\337b\356\024*\324\320\351\317\002k\336\234\027v\351\217\260\303\360\233ZPZWr\246$w\313\313\r\243r\232\2234\373\3539:N\004Q\245\272D\312D\300\300\t\323\0257\345e\271\na\215{\226\255x%T\257\037\333\004\344_/R\006E\344\037@\210\363\010\336T\226\247'\204_{\261\370""1\235\2445\343\033Y!\212\201\341\272\225'\007\252$\232m\027\215\243\234\266\6+r\213\264K\307,\347\275\343\363\375L?5\243\234\232\374\357\232\013\003""; }; ","ledgerHash: ""\305;a\314\265R\310\017\317\331\235\360\262\240:\277\202\266\354\265X""\022\nh\252\352w\204\203\023]""; ledgerSeq: 12; type: liBASE; nodes {;   nodedata: ""\000\000\000\014\001cEx]\211\377\330\207\270b\315\333\333\334\310I\323&\014\352XZnW2.\335\347\202\021\247\362\212e\034\000\001\250\220\000\000\000\000\000\000\000\000\000\000\000\000\000\000\000\000\000\000\000\000\000\000\000\000\000\000\000\000\000\000\000\000\013\352\370t\247W\026\374\353\033\001\rV\340""I\n\377\304&V\200&\306\020\224i\257z\327>\355/\351\252\324/\351\252\325\n\000""; }; nodes {;   nodedata: ""\323C\344\327\264{\312-\017:\006{\177\344N\002\326bO\260\220\006\033\362\345\005U\221DzJ0\001\301\025%1L\307\t\261\262z\374\222T\301\274V\236\223\262\270Ct\362\337b\356\024*\324\320\351\317\002k\336\234\027v\351\217\260\303\360\233ZPZWr\246$w\313\313\r\243r\232\2234\373\3539:N\004Q\245\272D\312D\300\300\t\323\0257\345e\271\na\215{\226\255x%T\257\037\333\004\344_/R\006E\344\037@\210\363\010\336T\226\247'\204_{\261\370""1\235\2445\343\033Y!\212\201\341\272\225'\007\252$\232m\027\215\243\234\266\6+r\213\264K\307,\347\275\343\363\375L?5\243\234\232\374\357\232\013\003""; }; "
1750527580585,1750527580586,0,1,3,1,TMLedgerData,"ledgerHash: ""\207\270b\315\333\333\334\310I\323&\014\352XZnW2.\335\347\202\021\247\362\212e\034\000\001\250\220""; ledgerSeq: 11; type: liBASE; nodes {;   nodedata: ""\000\000\000\013\001cEx]\211\377\330\361\035\301\024\220m#*\372\032\3178~\374\250\014*\323\342'z69\220\327\256\351G\367\317u\302\000\000\000\000\000\000\000\000\000\000\000\000\000\000\000\000\000\000\000\000\000\000\000\000\000\000\000\000\000\000\000\000\313c\210\200\377\273\312\010\030f\372\244%*\307\272T\262\245c[\026\007_-\227VB\214\347\261\220/\351\252\323/\351\252\324\n\000""; }; nodes {;   nodedata: ""\323C\344\327\264{\312-\017:\006{\177\344N\002\326bO\260\220\006\033\362\345\005U\221DzJ0\001\301\025%1L\307\t\261\262z\374\222T\301\274V\236\223\262\270Ct\362\337b\356\024*\324\320\351\317\002k\336\234\027v\351\217\260\303\360\233ZPZWr\246$w\313\313\r\243r\232\2234\373\3539:N\004Q\245\272D\312D\300\300\t\323\0257\345e\271\na\215{\226\255x%T\257\037\333\004\344_/R\006E\344\037@\210\363\010\336T\226\247'\204_{\261\370""1\235\2445\343\033Y!\212\201\341\272\225'\007\t7y2\201R\010H\001l\375\310t\t\264<3~\035\230\304Gh@\204\342\325\204>\363\344T\013\003""; }; requestCookie: 2; ","ledgerHash: ""\207\270b\315\333\333\334\310I\323&\014\352XZnW2.\335\347\202\021\247\362\212e\034\000\001\250\220""; ledgerSeq: 11; type: liBASE; nodes {;   nodedata: ""\000\000\000\013\001cEx]\211\377\330\361\035\301\024\220m#*\372\032\3178~\374\250\014*\323\342'z69\220\327\256\351G\367\317u\302\000\000\000\000\000\000\000\000\000\000\000\000\000\000\000\000\000\000\000\000\000\000\000\000\000\000\000\000\000\000\000\000\313c\210\200\377\273\312\010\030f\372\244%*\307\272T\262\245c[\026\007_-\227VB\214\347\261\220/\351\252\323/\351\252\324\n\000""; }; nodes {;   nodedata: ""\323C\344\327\264{\312-\017:\006{\177\344N\002\326bO\260\220\006\033\362\345\005U\221DzJ0\001\301\025%1L\307\t\261\262z\374\222T\301\274V\236\223\262\270Ct\362\337b\356\024*\324\320\351\317\002k\336\234\027v\351\217\260\303\360\233ZPZWr\246$w\313\313\r\243r\232\2234\373\3539:N\004Q\245\272D\312D\300\300\t\323\0257\345e\271\na\215{\226\255x%T\257\037\333\004\344_/R\006E\344\037@\210\363\010\336T\226\247'\204_{\261\370""1\235\2445\343\033Y!\212\201\341\272\225'\007\t7y2\201R\010H\001l\375\310t\t\264<3~\035\230\304Gh@\204\342\325\204>\363\344T\013\003""; }; requestCookie: 2; "
1750527580587,1750527580587,0,1,1,0,TMLedgerData,"ledgerHash: ""\207\270b\315\333\333\334\310I\323&\014\352XZnW2.\335\347\202\021\247\362\212e\034\000\001\250\220""; ledgerSeq: 11; type: liBASE; nodes {;   nodedata: ""\000\000\000\013\001cEx]\211\377\330\361\035\301\024\220m#*\372\032\3178~\374\250\014*\323\342'z69\220\327\256\351G\367\317u\302\000\000\000\000\000\000\000\000\000\000\000\000\000\000\000\000\000\000\000\000\000\000\000\000\000\000\000\000\000\000\000\000\313c\210\200\377\273\312\010\030f\372\244%*\307\272T\262\245c[\026\007_-\227VB\214\347\261\220/\351\252\323/\351\252\324\n\000""; }; nodes {;   nodedata: ""\323C\344\327\264{\312-\017:\006{\177\344N\002\326bO\260\220\006\033\362\345\005U\221DzJ0\001\301\025%1L\307\t\261\262z\374\222T\301\274V\236\223\262\270Ct\362\337b\356\024*\324\320\351\317\002k\336\234\027v\351\217\260\303\360\233ZPZWr\246$w\313\313\r\243r\232\2234\373\3539:N\004Q\245\272D\312D\300\300\t\323\0257\345e\271\na\215{\226\255x%T\257\037\333\004\344_/R\006E\344\037@\210\363\010\336T\226\247'\204_{\261\370""1\235\2445\343\033Y!\212\201\341\272\225'\007\t7y2\201R\010H\001l\375\310t\t\264<3~\035\230\304Gh@\204\342\325\204>\363\344T\013\003""; }; ","ledgerHash: ""\207\270b\315\333\333\334\310I\323&\014\352XZnW2.\335\347\202\021\247\362\212e\034\000\001\250\220""; ledgerSeq: 11; type: liBASE; nodes {;   nodedata: ""\000\000\000\013\001cEx]\211\377\330\361\035\301\024\220m#*\372\032\3178~\374\250\014*\323\342'z69\220\327\256\351G\367\317u\302\000\000\000\000\000\000\000\000\000\000\000\000\000\000\000\000\000\000\000\000\000\000\000\000\000\000\000\000\000\000\000\000\313c\210\200\377\273\312\010\030f\372\244%*\307\272T\262\245c[\026\007_-\227VB\214\347\261\220/\351\252\323/\351\252\324\n\000""; }; nodes {;   nodedata: ""\323C\344\327\264{\312-\017:\006{\177\344N\002\326bO\260\220\006\033\362\345\005U\221DzJ0\001\301\025%1L\307\t\261\262z\374\222T\301\274V\236\223\262\270Ct\362\337b\356\024*\324\320\351\317\002k\336\234\027v\351\217\260\303\360\233ZPZWr\246$w\313\313\r\243r\232\2234\373\3539:N\004Q\245\272D\312D\300\300\t\323\0257\345e\271\na\215{\226\255x%T\257\037\333\004\344_/R\006E\344\037@\210\363\010\336T\226\247'\204_{\261\370""1\235\2445\343\033Y!\212\201\341\272\225'\007\t7y2\201R\010H\001l\375\310t\t\264<3~\035\230\304Gh@\204\342\325\204>\363\344T\013\003""; }; "
1750527580591,1750527580591,0,1,4,3,TMProposeSet,"proposeSeq: 0; currentTxHash: ""\000\000\000\000\000\000\000\000\000\000\000\000\000\000\000\000\000\000\000\000\000\000\000\000\000\000\000\000\000\000\000\000""; nodePubKey: ""\003R7o\362bV\300hf\266\241;}\200^\374\240\203[:\342Q\225\221\027y\372\255\235\216\323~""; closeTime: 803842780; signature: ""0E\002!\000\347\250\360\272\033\272^wX\177\332\014\300Ap\235/>i-\177\272\275\373\341\r\244\274\265{EP\002 g(\262j\233\024\357\364*\235\307\326\003\t\206\230\357\202x\024\223\2128\355\307^#\305\206\223J\277""; previousledger: ""\001f\352\277\0031Q]\362\370R\350{\261\202\240\344\215\201\353\276\322p5p\350\354\017>\250r\241""; ","proposeSeq: 0; currentTxHash: ""\000\000\000\000\000\000\000\000\000\000\000\000\000\000\000\000\000\000\000\000\000\000\000\000\000\000\000\000\000\000\000\000""; nodePubKey: ""\003R7o\362bV\300hf\266\241;}\200^\374\240\203[:\342Q\225\221\027y\372\255\235\216\323~""; closeTime: 803842780; signature: ""0E\002!\000\347\250\360\272\033\272^wX\177\332\014\300Ap\235/>i-\177\272\275\373\341\r\244\274\265{EP\002 g(\262j\233\024\357\364*\235\307\326\003\t\206\230\357\202x\024\223\2128\355\307^#\305\206\223J\277""; previousledger: ""\001f\352\277\0031Q]\362\370R\350{\261\202\240\344\215\201\353\276\322p5p\350\354\017>\250r\241""; "
1750527580594,1750527580594,0,1,4,1,TMProposeSet,"proposeSeq: 0; currentTxHash: ""\000\000\000\000\000\000\000\000\000\000\000\000\000\000\000\000\000\000\000\000\000\000\000\000\000\000\000\000\000\000\000\000""; nodePubKey: ""\003R7o\362bV\300hf\266\241;}\200^\374\240\203[:\342Q\225\221\027y\372\255\235\216\323~""; closeTime: 803842780; signature: ""0E\002!\000\347\250\360\272\033\272^wX\177\332\014\300Ap\235/>i-\177\272\275\373\341\r\244\274\265{EP\002 g(\262j\233\024\357\364*\235\307\326\003\t\206\230\357\202x\024\223\2128\355\307^#\305\206\223J\277""; previousledger: ""\001f\352\277\0031Q]\362\370R\350{\261\202\240\344\215\201\353\276\322p5p\350\354\017>\250r\241""; ","proposeSeq: 0; currentTxHash: ""\000\000\000\000\000\000\000\000\000\000\000\000\000\000\000\000\000\000\000\000\000\000\000\000\000\000\000\000\000\000\000\000""; nodePubKey: ""\003R7o\362bV\300hf\266\241;}\200^\374\240\203[:\342Q\225\221\027y\372\255\235\216\323~""; closeTime: 803842780; signature: ""0E\002!\000\347\250\360\272\033\272^wX\177\332\014\300Ap\235/>i-\177\272\275\373\341\r\244\274\265{EP\002 g(\262j\233\024\357\364*\235\307\326\003\t\206\230\357\202x\024\223\2128\355\307^#\305\206\223J\277""; previousledger: ""\001f\352\277\0031Q]\362\370R\350{\261\202\240\344\215\201\353\276\322p5p\350\354\017>\250r\241""; "
1750527580596,1750527580596,0,1,3,1,TMProposeSet,"proposeSeq: 0; currentTxHash: ""\000\000\000\000\000\000\000\000\000\000\000\000\000\000\000\000\000\000\000\000\000\000\000\000\000\000\000\000\000\000\000\000""; nodePubKey: ""\003R7o\362bV\300hf\266\241;}\200^\374\240\203[:\342Q\225\221\027y\372\255\235\216\323~""; closeTime: 803842780; signature: ""0E\002!\000\347\250\360\272\033\272^wX\177\332\014\300Ap\235/>i-\177\272\275\373\341\r\244\274\265{EP\002 g(\262j\233\024\357\364*\235\307\326\003\t\206\230\357\202x\024\223\2128\355\307^#\305\206\223J\277""; previousledger: ""\001f\352\277\0031Q]\362\370R\350{\261\202\240\344\215\201\353\276\322p5p\350\354\017>\250r\241""; ","proposeSeq: 0; currentTxHash: ""\000\000\000\000\000\000\000\000\000\000\000\000\000\000\000\000\000\000\000\000\000\000\000\000\000\000\000\000\000\000\000\000""; nodePubKey: ""\003R7o\362bV\300hf\266\241;}\200^\374\240\203[:\342Q\225\221\027y\372\255\235\216\323~""; closeTime: 803842780; signature: ""0E\002!\000\347\250\360\272\033\272^wX\177\332\014\300Ap\235/>i-\177\272\275\373\341\r\244\274\265{EP\002 g(\262j\233\024\357\364*\235\307\326\003\t\206\230\357\202x\024\223\2128\355\307^#\305\206\223J\277""; previousledger: ""\001f\352\277\0031Q]\362\370R\350{\261\202\240\344\215\201\353\276\322p5p\350\354\017>\250r\241""; "
1750527580596,1750527580596,0,1,3,2,TMProposeSet,"proposeSeq: 0; currentTxHash: ""\000\000\000\000\000\000\000\000\000\000\000\000\000\000\000\000\000\000\000\000\000\000\000\000\000\000\000\000\000\000\000\000""; nodePubKey: ""\003R7o\362bV\300hf\266\241;}\200^\374\240\203[:\342Q\225\221\027y\372\255\235\216\323~""; closeTime: 803842780; signature: ""0E\002!\000\347\250\360\272\033\272^wX\177\332\014\300Ap\235/>i-\177\272\275\373\341\r\244\274\265{EP\002 g(\262j\233\024\357\364*\235\307\326\003\t\206\230\357\202x\024\223\2128\355\307^#\305\206\223J\277""; previousledger: ""\001f\352\277\0031Q]\362\370R\350{\261\202\240\344\215\201\353\276\322p5p\350\354\017>\250r\241""; ","proposeSeq: 0; currentTxHash: ""\000\000\000\000\000\000\000\000\000\000\000\000\000\000\000\000\000\000\000\000\000\000\000\000\000\000\000\000\000\000\000\000""; nodePubKey: ""\003R7o\362bV\300hf\266\241;}\200^\374\240\203[:\342Q\225\221\027y\372\255\235\216\323~""; closeTime: 803842780; signature: ""0E\002!\000\347\250\360\272\033\272^wX\177\332\014\300Ap\235/>i-\177\272\275\373\341\r\244\274\265{EP\002 g(\262j\233\024\357\364*\235\307\326\003\t\206\230\357\202x\024\223\2128\355\307^#\305\206\223J\277""; previousledger: ""\001f\352\277\0031Q]\362\370R\350{\261\202\240\344\215\201\353\276\322p5p\350\354\017>\250r\241""; "
1750527580597,1750527580597,0,1,4,0,TMProposeSet,"proposeSeq: 0; currentTxHash: ""\000\000\000\000\000\000\000\000\000\000\000\000\000\000\000\000\000\000\000\000\000\000\000\000\000\000\000\000\000\000\000\000""; nodePubKey: ""\003R7o\362bV\300hf\266\241;}\200^\374\240\203[:\342Q\225\221\027y\372\255\235\216\323~""; closeTime: 803842780; signature: ""0E\002!\000\347\250\360\272\033\272^wX\177\332\014\300Ap\235/>i-\177\272\275\373\341\r\244\274\265{EP\002 g(\262j\233\024\357\364*\235\307\326\003\t\206\230\357\202x\024\223\2128\355\307^#\305\206\223J\277""; previousledger: ""\001f\352\277\0031Q]\362\370R\350{\261\202\240\344\215\201\353\276\322p5p\350\354\017>\250r\241""; ","proposeSeq: 0; currentTxHash: ""\000\000\000\000\000\000\000\000\000\000\000\000\000\000\000\000\000\000\000\000\000\000\000\000\000\000\000\000\000\000\000\000""; nodePubKey: ""\003R7o\362bV\300hf\266\241;}\200^\374\240\203[:\342Q\225\221\027y\372\255\235\216\323~""; closeTime: 803842780; signature: ""0E\002!\000\347\250\360\272\033\272^wX\177\332\014\300Ap\235/>i-\177\272\275\373\341\r\244\274\265{EP\002 g(\262j\233\024\357\364*\235\307\326\003\t\206\230\357\202x\024\223\2128\355\307^#\305\206\223J\277""; previousledger: ""\001f\352\277\0031Q]\362\370R\350{\261\202\240\344\215\201\353\276\322p5p\350\354\017>\250r\241""; "
1750527580597,1750527580598,0,1,3,0,TMProposeSet,"proposeSeq: 0; currentTxHash: ""\000\000\000\000\000\000\000\000\000\000\000\000\000\000\000\000\000\000\000\000\000\000\000\000\000\000\000\000\000\000\000\000""; nodePubKey: ""\003R7o\362bV\300hf\266\241;}\200^\374\240\203[:\342Q\225\221\027y\372\255\235\216\323~""; closeTime: 803842780; signature: ""0E\002!\000\347\250\360\272\033\272^wX\177\332\014\300Ap\235/>i-\177\272\275\373\341\r\244\274\265{EP\002 g(\262j\233\024\357\364*\235\307\326\003\t\206\230\357\202x\024\223\2128\355\307^#\305\206\223J\277""; previousledger: ""\001f\352\277\0031Q]\362\370R\350{\261\202\240\344\215\201\353\276\322p5p\350\354\017>\250r\241""; ","proposeSeq: 0; currentTxHash: ""\000\000\000\000\000\000\000\000\000\000\000\000\000\000\000\000\000\000\000\000\000\000\000\000\000\000\000\000\000\000\000\000""; nodePubKey: ""\003R7o\362bV\300hf\266\241;}\200^\374\240\203[:\342Q\225\221\027y\372\255\235\216\323~""; closeTime: 803842780; signature: ""0E\002!\000\347\250\360\272\033\272^wX\177\332\014\300Ap\235/>i-\177\272\275\373\341\r\244\274\265{EP\002 g(\262j\233\024\357\364*\235\307\326\003\t\206\230\357\202x\024\223\2128\355\307^#\305\206\223J\277""; previousledger: ""\001f\352\277\0031Q]\362\370R\350{\261\202\240\344\215\201\353\276\322p5p\350\354\017>\250r\241""; "
1750527580634,1750527580634,0,1,4,2,TMProposeSet,"proposeSeq: 0; currentTxHash: ""\000\000\000\000\000\000\000\000\000\000\000\000\000\000\000\000\000\000\000\000\000\000\000\000\000\000\000\000\000\000\000\000""; nodePubKey: ""\003R7o\362bV\300hf\266\241;}\200^\374\240\203[:\342Q\225\221\027y\372\255\235\216\323~""; closeTime: 803842780; signature: ""0E\002!\000\347\250\360\272\033\272^wX\177\332\014\300Ap\235/>i-\177\272\275\373\341\r\244\274\265{EP\002 g(\262j\233\024\357\364*\235\307\326\003\t\206\230\357\202x\024\223\2128\355\307^#\305\206\223J\277""; previousledger: ""\001f\352\277\0031Q]\362\370R\350{\261\202\240\344\215\201\353\276\322p5p\350\354\017>\250r\241""; ","proposeSeq: 0; currentTxHash: ""\000\000\000\000\000\000\000\000\000\000\000\000\000\000\000\000\000\000\000\000\000\000\000\000\000\000\000\000\000\000\000\000""; nodePubKey: ""\003R7o\362bV\300hf\266\241;}\200^\374\240\203[:\342Q\225\221\027y\372\255\235\216\323~""; closeTime: 803842780; signature: ""0E\002!\000\347\250\360\272\033\272^wX\177\332\014\300Ap\235/>i-\177\272\275\373\341\r\244\274\265{EP\002 g(\262j\233\024\357\364*\235\307\326\003\t\206\230\357\202x\024\223\2128\355\307^#\305\206\223J\277""; previousledger: ""\001f\352\277\0031Q]\362\370R\350{\261\202\240\344\215\201\353\276\322p5p\350\354\017>\250r\241""; "
1750527580667,1750527580668,0,1,1,0,TMProposeSet,"proposeSeq: 0; currentTxHash: ""\000\000\000\000\000\000\000\000\000\000\000\000\000\000\000\000\000\000\000\000\000\000\000\000\000\000\000\000\000\000\000\000""; nodePubKey: ""\002\266\377\271\344:\030\221i\267\257\215\237M\014\3345f\014\273|\207\367\334\337F\325\004cxB\211L""; closeTime: 803842780; signature: ""0E\002!\000\202c\010u[\031\262\262\341\261\025^/\r\323\0161vS\367\232\354\020\037a\222\271+&R/\233\002 |\177]N\031\263f\341\263\201Q?8\313\327\360\n\264!\344&\223\246\253zXJ\024F\360\302:""; previousledger: ""jJ\0073\322w\263\2705Q\201j\360\025W\030~)ml\365\027\305\033\225;Y6g>*1""; ","proposeSeq: 0; currentTxHash: ""\000\000\000\000\000\000\000\000\000\000\000\000\000\000\000\000\000\000\000\000\000\000\000\000\000\000\000\000\000\000\000\000""; nodePubKey: ""\002\266\377\271\344:\030\221i\267\257\215\237M\014\3345f\014\273|\207\367\334\337F\325\004cxB\211L""; closeTime: 803842780; signature: ""0E\002!\000\202c\010u[\031\262\262\341\261\025^/\r\323\0161vS\367\232\354\020\037a\222\271+&R/\233\002 |\177]N\031\263f\341\263\201Q?8\313\327\360\n\264!\344&\223\246\253zXJ\024F\360\302:""; previousledger: ""jJ\0073\322w\263\2705Q\201j\360\025W\030~)ml\365\027\305\033\225;Y6g>*1""; "
1750527580668,1750527580668,0,1,1,2,TMProposeSet,"proposeSeq: 0; currentTxHash: ""\000\000\000\000\000\000\000\000\000\000\000\000\000\000\000\000\000\000\000\000\000\000\000\000\000\000\000\000\000\000\000\000""; nodePubKey: ""\002\266\377\271\344:\030\221i\267\257\215\237M\014\3345f\014\273|\207\367\334\337F\325\004cxB\211L""; closeTime: 803842780; signature: ""0E\002!\000\202c\010u[\031\262\262\341\261\025^/\r\323\0161vS\367\232\354\020\037a\222\271+&R/\233\002 |\177]N\031\263f\341\263\201Q?8\313\327\360\n\264!\344&\223\246\253zXJ\024F\360\302:""; previousledger: ""jJ\0073\322w\263\2705Q\201j\360\025W\030~)ml\365\027\305\033\225;Y6g>*1""; ","proposeSeq: 0; currentTxHash: ""\000\000\000\000\000\000\000\000\000\000\000\000\000\000\000\000\000\000\000\000\000\000\000\000\000\000\000\000\000\000\000\000""; nodePubKey: ""\002\266\377\271\344:\030\221i\267\257\215\237M\014\3345f\014\273|\207\367\334\337F\325\004cxB\211L""; closeTime: 803842780; signature: ""0E\002!\000\202c\010u[\031\262\262\341\261\025^/\r\323\0161vS\367\232\354\020\037a\222\271+&R/\233\002 |\177]N\031\263f\341\263\201Q?8\313\327\360\n\264!\344&\223\246\253zXJ\024F\360\302:""; previousledger: ""jJ\0073\322w\263\2705Q\201j\360\025W\030~)ml\365\027\305\033\225;Y6g>*1""; "
1750527580592,1750527580672,0,1,4,2,TMStatusChange,"newEvent: neCLOSING_LEDGER; ledgerSeq: 13; ledgerHash: ""\001f\352\277\0031Q]\362\370R\350{\261\202\240\344\215\201\353\276\322p5p\350\354\017>\250r\241""; ledgerHashPrevious: ""\305;a\314\265R\310\017\317\331\235\360\262\240:\277\202\266\354\265X""\022\nh\252\352w\204\203\023]""; networkTime: 803842780; firstSeq: 1; lastSeq: 13; ","newEvent: neCLOSING_LEDGER; ledgerSeq: 13; ledgerHash: ""\001f\352\277\0031Q]\362\370R\350{\261\202\240\344\215\201\353\276\322p5p\350\354\017>\250r\241""; ledgerHashPrevious: ""\305;a\314\265R\310\017\317\331\235\360\262\240:\277\202\266\354\265X""\022\nh\252\352w\204\203\023]""; networkTime: 803842780; firstSeq: 1; lastSeq: 13; "
1750527580592,1750527580672,0,1,4,3,TMStatusChange,"newEvent: neCLOSING_LEDGER; ledgerSeq: 13; ledgerHash: ""\001f\352\277\0031Q]\362\370R\350{\261\202\240\344\215\201\353\276\322p5p\350\354\017>\250r\241""; ledgerHashPrevious: ""\305;a\314\265R\310\017\317\331\235\360\262\240:\277\202\266\354\265X""\022\nh\252\352w\204\203\023]""; networkTime: 803842780; firstSeq: 1; lastSeq: 13; ","newEvent: neCLOSING_LEDGER; ledgerSeq: 13; ledgerHash: ""\001f\352\277\0031Q]\362\370R\350{\261\202\240\344\215\201\353\276\322p5p\350\354\017>\250r\241""; ledgerHashPrevious: ""\305;a\314\265R\310\017\317\331\235\360\262\240:\277\202\266\354\265X""\022\nh\252\352w\204\203\023]""; networkTime: 803842780; firstSeq: 1; lastSeq: 13; "
1750527580593,1750527580672,0,1,4,1,TMStatusChange,"newEvent: neCLOSING_LEDGER; ledgerSeq: 13; ledgerHash: ""\001f\352\277\0031Q]\362\370R\350{\261\202\240\344\215\201\353\276\322p5p\350\354\017>\250r\241""; ledgerHashPrevious: ""\305;a\314\265R\310\017\317\331\235\360\262\240:\277\202\266\354\265X""\022\nh\252\352w\204\203\023]""; networkTime: 803842780; firstSeq: 1; lastSeq: 13; ","newEvent: neCLOSING_LEDGER; ledgerSeq: 13; ledgerHash: ""\001f\352\277\0031Q]\362\370R\350{\261\202\240\344\215\201\353\276\322p5p\350\354\017>\250r\241""; ledgerHashPrevious: ""\305;a\314\265R\310\017\317\331\235\360\262\240:\277\202\266\354\265X""\022\nh\252\352w\204\203\023]""; networkTime: 803842780; firstSeq: 1; lastSeq: 13; "
1750527580593,1750527580672,0,1,4,0,TMStatusChange,"newEvent: neCLOSING_LEDGER; ledgerSeq: 13; ledgerHash: ""\001f\352\277\0031Q]\362\370R\350{\261\202\240\344\215\201\353\276\322p5p\350\354\017>\250r\241""; ledgerHashPrevious: ""\305;a\314\265R\310\017\317\331\235\360\262\240:\277\202\266\354\265X""\022\nh\252\352w\204\203\023]""; networkTime: 803842780; firstSeq: 1; lastSeq: 13; ","newEvent: neCLOSING_LEDGER; ledgerSeq: 13; ledgerHash: ""\001f\352\277\0031Q]\362\370R\350{\261\202\240\344\215\201\353\276\322p5p\350\354\017>\250r\241""; ledgerHashPrevious: ""\305;a\314\265R\310\017\317\331\235\360\262\240:\277\202\266\354\265X""\022\nh\252\352w\204\203\023]""; networkTime: 803842780; firstSeq: 1; lastSeq: 13; "
1750527580679,1750527580679,0,1,1,4,TMProposeSet,"proposeSeq: 0; currentTxHash: ""\000\000\000\000\000\000\000\000\000\000\000\000\000\000\000\000\000\000\000\000\000\000\000\000\000\000\000\000\000\000\000\000""; nodePubKey: ""\002\266\377\271\344:\030\221i\267\257\215\237M\014\3345f\014\273|\207\367\334\337F\325\004cxB\211L""; closeTime: 803842780; signature: ""0E\002!\000\202c\010u[\031\262\262\341\261\025^/\r\323\0161vS\367\232\354\020\037a\222\271+&R/\233\002 |\177]N\031\263f\341\263\201Q?8\313\327\360\n\264!\344&\223\246\253zXJ\024F\360\302:""; previousledger: ""jJ\0073\322w\263\2705Q\201j\360\025W\030~)ml\365\027\305\033\225;Y6g>*1""; ","proposeSeq: 0; currentTxHash: ""\000\000\000\000\000\000\000\000\000\000\000\000\000\000\000\000\000\000\000\000\000\000\000\000\000\000\000\000\000\000\000\000""; nodePubKey: ""\002\266\377\271\344:\030\221i\267\257\215\237M\014\3345f\014\273|\207\367\334\337F\325\004cxB\211L""; closeTime: 803842780; signature: ""0E\002!\000\202c\010u[\031\262\262\341\261\025^/\r\323\0161vS\367\232\354\020\037a\222\271+&R/\233\002 |\177]N\031\263f\341\263\201Q?8\313\327\360\n\264!\344&\223\246\253zXJ\024F\360\302:""; previousledger: ""jJ\0073\322w\263\2705Q\201j\360\025W\030~)ml\365\027\305\033\225;Y6g>*1""; "
1750527580705,1750527580706,0,1,1,3,TMProposeSet,"proposeSeq: 0; currentTxHash: ""\000\000\000\000\000\000\000\000\000\000\000\000\000\000\000\000\000\000\000\000\000\000\000\000\000\000\000\000\000\000\000\000""; nodePubKey: ""\002\266\377\271\344:\030\221i\267\257\215\237M\014\3345f\014\273|\207\367\334\337F\325\004cxB\211L""; closeTime: 803842780; signature: ""0E\002!\000\202c\010u[\031\262\262\341\261\025^/\r\323\0161vS\367\232\354\020\037a\222\271+&R/\233\002 |\177]N\031\263f\341\263\201Q?8\313\327\360\n\264!\344&\223\246\253zXJ\024F\360\302:""; previousledger: ""jJ\0073\322w\263\2705Q\201j\360\025W\030~)ml\365\027\305\033\225;Y6g>*1""; ","proposeSeq: 0; currentTxHash: ""\000\000\000\000\000\000\000\000\000\000\000\000\000\000\000\000\000\000\000\000\000\000\000\000\000\000\000\000\000\000\000\000""; nodePubKey: ""\002\266\377\271\344:\030\221i\267\257\215\237M\014\3345f\014\273|\207\367\334\337F\325\004cxB\211L""; closeTime: 803842780; signature: ""0E\002!\000\202c\010u[\031\262\262\341\261\025^/\r\323\0161vS\367\232\354\020\037a\222\271+&R/\233\002 |\177]N\031\263f\341\263\201Q?8\313\327\360\n\264!\344&\223\246\253zXJ\024F\360\302:""; previousledger: ""jJ\0073\322w\263\2705Q\201j\360\025W\030~)ml\365\027\305\033\225;Y6g>*1""; "
1750527580666,1750527580735,0,1,1,4,TMStatusChange,"newEvent: neCLOSING_LEDGER; ledgerSeq: 9; ledgerHash: ""jJ\0073\322w\263\2705Q\201j\360\025W\030~)ml\365\027\305\033\225;Y6g>*1""; ledgerHashPrevious: ""R\025\022\007\244\215@M\364\034T\023\222\007\027\320_\265?\3005\223\241_\307(p\352\225\221\377m""; networkTime: 803842780; firstSeq: 1; lastSeq: 10; ","newEvent: neCLOSING_LEDGER; ledgerSeq: 9; ledgerHash: ""jJ\0073\322w\263\2705Q\201j\360\025W\030~)ml\365\027\305\033\225;Y6g>*1""; ledgerHashPrevious: ""R\025\022\007\244\215@M\364\034T\023\222\007\027\320_\265?\3005\223\241_\307(p\352\225\221\377m""; networkTime: 803842780; firstSeq: 1; lastSeq: 10; "
1750527580669,1750527580736,0,1,1,2,TMStatusChange,"newEvent: neCLOSING_LEDGER; ledgerSeq: 9; ledgerHash: ""jJ\0073\322w\263\2705Q\201j\360\025W\030~)ml\365\027\305\033\225;Y6g>*1""; ledgerHashPrevious: ""R\025\022\007\244\215@M\364\034T\023\222\007\027\320_\265?\3005\223\241_\307(p\352\225\221\377m""; networkTime: 803842780; firstSeq: 1; lastSeq: 10; ","newEvent: neCLOSING_LEDGER; ledgerSeq: 9; ledgerHash: ""jJ\0073\322w\263\2705Q\201j\360\025W\030~)ml\365\027\305\033\225;Y6g>*1""; ledgerHashPrevious: ""R\025\022\007\244\215@M\364\034T\023\222\007\027\320_\265?\3005\223\241_\307(p\352\225\221\377m""; networkTime: 803842780; firstSeq: 1; lastSeq: 10; "
1750527580669,1750527580736,0,1,1,3,TMStatusChange,"newEvent: neCLOSING_LEDGER; ledgerSeq: 9; ledgerHash: ""jJ\0073\322w\263\2705Q\201j\360\025W\030~)ml\365\027\305\033\225;Y6g>*1""; ledgerHashPrevious: ""R\025\022\007\244\215@M\364\034T\023\222\007\027\320_\265?\3005\223\241_\307(p\352\225\221\377m""; networkTime: 803842780; firstSeq: 1; lastSeq: 10; ","newEvent: neCLOSING_LEDGER; ledgerSeq: 9; ledgerHash: ""jJ\0073\322w\263\2705Q\201j\360\025W\030~)ml\365\027\305\033\225;Y6g>*1""; ledgerHashPrevious: ""R\025\022\007\244\215@M\364\034T\023\222\007\027\320_\265?\3005\223\241_\307(p\352\225\221\377m""; networkTime: 803842780; firstSeq: 1; lastSeq: 10; "
1750527580667,1750527580735,0,1,1,0,TMStatusChange,"newEvent: neCLOSING_LEDGER; ledgerSeq: 9; ledgerHash: ""jJ\0073\322w\263\2705Q\201j\360\025W\030~)ml\365\027\305\033\225;Y6g>*1""; ledgerHashPrevious: ""R\025\022\007\244\215@M\364\034T\023\222\007\027\320_\265?\3005\223\241_\307(p\352\225\221\377m""; networkTime: 803842780; firstSeq: 1; lastSeq: 10; ","newEvent: neCLOSING_LEDGER; ledgerSeq: 9; ledgerHash: ""jJ\0073\322w\263\2705Q\201j\360\025W\030~)ml\365\027\305\033\225;Y6g>*1""; ledgerHashPrevious: ""R\025\022\007\244\215@M\364\034T\023\222\007\027\320_\265?\3005\223\241_\307(p\352\225\221\377m""; networkTime: 803842780; firstSeq: 1; lastSeq: 10; "
1750527580876,1750527580876,0,1,4,2,TMLedgerData,"ledgerHash: ""\207\270b\315\333\333\334\310I\323&\014\352XZnW2.\335\347\202\021\247\362\212e\034\000\001\250\220""; ledgerSeq: 11; type: liAS_NODE; nodes {;   nodedata: ""\021\000h""\000\000\000\000 \033\000\000\000\n\002\023\301\237\330\356GuH\375\327!\255\371\r\231\262R\256J\034\222\241\355X\265E\241^W\225\304\014\361CX-}\351f\032\255\274\334m\326c\017\014ao[\342\230\003\245\245\3341Hm\326^\017jy\335\261\032Yt\320\244{g\0306\\302\303*\341\215\223\257\364\277o\375\000r\241SOq\221\253\262\005\017\375T\356\014\360o'\030\311-\267\031\257!\031T\006><\315XM\334\324\345\034\000\325\367\240\271\013\265\024\321\362\354\211\250.\234s\225amc\305\035\366\276\037nD\277`\210\223N\3535\033\261\304f\331]\036\237\306o!\223\221\002\324\031\262\240R\177 ,\214\325\Q])\016\2067\277\t\354\010\000\360\215\2502\265\245\310\226\243c\302Ze\306\253#r\020\211\320iG\276\020E\317\035Sf\223F\254\033@\177e\277\016\010u\327\371&\262\312\317Q\2361t\377x\234\001v\003%\030\325_\225g\204\346a=\225\273\331\354\365*U\363\263N\367b\371\244\314-w\363\262\225Z\200\206\235\233\257?sE\2674\254\326mU\377?\177Ek\336\030!\316Aa\225\303\022\377{\210Y\226\271as\354L\035\004\341\361\035\301\024\220m#*\372\032\3178~\374\250\014*\323\342'z69\220\327\256\351G\367\317u\302\264\227\2326\315\307\363\323\325\303\032N\256*\307\327 \235\332\207u\210\271\257\306g\231i*\260\326k\001"";   nodeid: ""\260\000\000\000\000\000\000\000\000\000\000\000\000\000\000\000\000\000\000\000\000\000\000\000\000\000\000\000\000\000\000\000\001""; }; ","ledgerHash: ""\207\270b\315\333\333\334\310I\323&\014\352XZnW2.\335\347\202\021\247\362\212e\034\000\001\250\220""; ledgerSeq: 11; type: liAS_NODE; nodes {;   nodedata: ""\021\000h""\000\000\000\000 \033\000\000\000\n\002\023\301\237\330\356GuH\375\327!\255\371\r\231\262R\256J\034\222\241\355X\265E\241^W\225\304\014\361CX-}\351f\032\255\274\334m\326c\017\014ao[\342\230\003\245\245\3341Hm\326^\017jy\335\261\032Yt\320\244{g\0306\\302\303*\341\215\223\257\364\277o\375\000r\241SOq\221\253\262\005\017\375T\356\014\360o'\030\311-\267\031\257!\031T\006><\315XM\334\324\345\034\000\325\367\240\271\013\265\024\321\362\354\211\250.\234s\225amc\305\035\366\276\037nD\277`\210\223N\3535\033\261\304f\331]\036\237\306o!\223\221\002\324\031\262\240R\177 ,\214\325\Q])\016\2067\277\t\354\010\000\360\215\2502\265\245\310\226\243c\302Ze\306\253#r\020\211\320iG\276\020E\317\035Sf\223F\254\033@\177e\277\016\010u\327\371&\262\312\317Q\2361t\377x\234\001v\003%\030\325_\225g\204\346a=\225\273\331\354\365*U\363\263N\367b\371\244\314-w\363\262\225Z\200\206\235\233\257?sE\2674\254\326mU\377?\177Ek\336\030!\316Aa\225\303\022\377{\210Y\226\271as\354L\035\004\341\361\035\301\024\220m#*\372\032\3178~\374\250\014*\323\342'z69\220\327\256\351G\367\317u\302\264\227\2326\315\307\363\323\325\303\032N\256*\307\327 \235\332\207u\210\271\257\306g\231i*\260\326k\001"";   nodeid: ""\260\000\000\000\000\000\000\000\000\000\000\000\000\000\000\000\000\000\000\000\000\000\000\000\000\000\000\000\000\000\000\000\001""; }; "
1750527580980,1750527580980,0,1,3,1,TMLedgerData,"ledgerHash: ""\207\270b\315\333\333\334\310I\323&\014\352XZnW2.\335\347\202\021\247\362\212e\034\000\001\250\220""; ledgerSeq: 11; type: liAS_NODE; nodes {;   nodedata: ""\021\000h""\000\000\000\000 \033\000\000\000\n\002\023\301\237\330\356GuH\375\327!\255\371\r\231\262R\256J\034\222\241\355X\265E\241^W\225\304\014\361CX-}\351f\032\255\274\334m\326c\017\014ao[\342\230\003\245\245\3341Hm\326^\017jy\335\261\032Yt\320\244{g\0306\\302\303*\341\215\223\257\364\277o\375\000r\241SOq\221\253\262\005\017\375T\356\014\360o'\030\311-\267\031\257!\031T\006><\315XM\334\324\345\034\000\325\367\240\271\013\265\024\321\362\354\211\250.\234s\225amc\305\035\366\276\037nD\277`\210\223N\3535\033\261\304f\331]\036\237\306o!\223\221\002\324\031\262\240R\177 ,\214\325\Q])\016\2067\277\t\354\010\000\360\215\2502\265\245\310\226\243c\302Ze\306\253#r\020\211\320iG\276\020E\317\035Sf\223F\254\033@\177e\277\016\010u\327\371&\262\312\317Q\2361t\377x\234\001v\003%\030\325_\225g\204\346a=\225\273\331\354\365*U\363\263N\367b\371\244\314-w\363\262\225Z\200\206\235\233\257?sE\2674\254\326mU\377?\177Ek\336\030!\316Aa\225\303\022\377{\210Y\226\271as\354L\035\004\341\361\035\301\024\220m#*\372\032\3178~\374\250\014*\323\342'z69\220\327\256\351G\367\317u\302\264\227\2326\315\307\363\323\325\303\032N\256*\307\327 \235\332\207u\210\271\257\306g\231i*\260\326k\001"";   nodeid: ""\260\000\000\000\000\000\000\000\000\000\000\000\000\000\000\000\000\000\000\000\000\000\000\000\000\000\000\000\000\000\000\000\001""; }; ","ledgerHash: ""\207\270b\315\333\333\334\310I\323&\014\352XZnW2.\335\347\202\021\247\362\212e\034\000\001\250\220""; ledgerSeq: 11; type: liAS_NODE; nodes {;   nodedata: ""\021\000h""\000\000\000\000 \033\000\000\000\n\002\023\301\237\330\356GuH\375\327!\255\371\r\231\262R\256J\034\222\241\355X\265E\241^W\225\304\014\361CX-}\351f\032\255\274\334m\326c\017\014ao[\342\230\003\245\245\3341Hm\326^\017jy\335\261\032Yt\320\244{g\0306\\302\303*\341\215\223\257\364\277o\375\000r\241SOq\221\253\262\005\017\375T\356\014\360o'\030\311-\267\031\257!\031T\006><\315XM\334\324\345\034\000\325\367\240\271\013\265\024\321\362\354\211\250.\234s\225amc\305\035\366\276\037nD\277`\210\223N\3535\033\261\304f\331]\036\237\306o!\223\221\002\324\031\262\240R\177 ,\214\325\Q])\016\2067\277\t\354\010\000\360\215\2502\265\245\310\226\243c\302Ze\306\253#r\020\211\320iG\276\020E\317\035Sf\223F\254\033@\177e\277\016\010u\327\371&\262\312\317Q\2361t\377x\234\001v\003%\030\325_\225g\204\346a=\225\273\331\354\365*U\363\263N\367b\371\244\314-w\363\262\225Z\200\206\235\233\257?sE\2674\254\326mU\377?\177Ek\336\030!\316Aa\225\303\022\377{\210Y\226\271as\354L\035\004\341\361\035\301\024\220m#*\372\032\3178~\374\250\014*\323\342'z69\220\327\256\351G\367\317u\302\264\227\2326\315\307\363\323\325\303\032N\256*\307\327 \235\332\207u\210\271\257\306g\231i*\260\326k\001"";   nodeid: ""\260\000\000\000\000\000\000\000\000\000\000\000\000\000\000\000\000\000\000\000\000\000\000\000\000\000\000\000\000\000\000\000\001""; }; "
1750527581609,1750527581609,0,1,2,4,TMProposeSet,"proposeSeq: 1; currentTxHash: ""\000\000\000\000\000\000\000\000\000\000\000\000\000\000\000\000\000\000\000\000\000\000\000\000\000\000\000\000\000\000\000\000""; nodePubKey: ""\003\255\225A\213\332\224ehh\024BDq\224\250\335`\355\353{\357\266\335<\021\032\265\177\206\356&\215""; closeTime: 803842770; signature: ""0D\002 [\307\243\030]S_\204\373\332\037\357)\020\316\342\367\375\261\300\320\206[\222\267""\252z\270k\303\262\002 h;\367\002\372\325_\327\315\351\351#\320\372\340\203\340\251\277\026YC\030S\203\=\312\252\264i\003""; previousledger: ""7\204MVwQh?\333Yw{\177u\266\2666\032#""\022\3206\266\023\027\356\2244\025`\301""; ","proposeSeq: 1; currentTxHash: ""\000\000\000\000\000\000\000\000\000\000\000\000\000\000\000\000\000\000\000\000\000\000\000\000\000\000\000\000\000\000\000\000""; nodePubKey: ""\003\255\225A\213\332\224ehh\024BDq\224\250\335`\355\353{\357\266\335<\021\032\265\177\206\356&\215""; closeTime: 803842770; signature: ""0D\002 [\307\243\030]S_\204\373\332\037\357)\020\316\342\367\375\261\300\320\206[\222\267""\252z\270k\303\262\002 h;\367\002\372\325_\327\315\351\351#\320\372\340\203\340\251\277\026YC\030S\203\=\312\252\264i\003""; previousledger: ""7\204MVwQh?\333Yw{\177u\266\2666\032#""\022\3206\266\023\027\356\2244\025`\301""; "
1750527581610,1750527581610,0,1,2,0,TMProposeSet,"proposeSeq: 1; currentTxHash: ""\000\000\000\000\000\000\000\000\000\000\000\000\000\000\000\000\000\000\000\000\000\000\000\000\000\000\000\000\000\000\000\000""; nodePubKey: ""\003\255\225A\213\332\224ehh\024BDq\224\250\335`\355\353{\357\266\335<\021\032\265\177\206\356&\215""; closeTime: 803842770; signature: ""0D\002 [\307\243\030]S_\204\373\332\037\357)\020\316\342\367\375\261\300\320\206[\222\267""\252z\270k\303\262\002 h;\367\002\372\325_\327\315\351\351#\320\372\340\203\340\251\277\026YC\030S\203\=\312\252\264i\003""; previousledger: ""7\204MVwQh?\333Yw{\177u\266\2666\032#""\022\3206\266\023\027\356\2244\025`\301""; ","proposeSeq: 1; currentTxHash: ""\000\000\000\000\000\000\000\000\000\000\000\000\000\000\000\000\000\000\000\000\000\000\000\000\000\000\000\000\000\000\000\000""; nodePubKey: ""\003\255\225A\213\332\224ehh\024BDq\224\250\335`\355\353{\357\266\335<\021\032\265\177\206\356&\215""; closeTime: 803842770; signature: ""0D\002 [\307\243\030]S_\204\373\332\037\357)\020\316\342\367\375\261\300\320\206[\222\267""\252z\270k\303\262\002 h;\367\002\372\325_\327\315\351\351#\320\372\340\203\340\251\277\026YC\030S\203\=\312\252\264i\003""; previousledger: ""7\204MVwQh?\333Yw{\177u\266\2666\032#""\022\3206\266\023\027\356\2244\025`\301""; "
1750527581610,1750527581610,0,1,2,3,TMProposeSet,"proposeSeq: 1; currentTxHash: ""\000\000\000\000\000\000\000\000\000\000\000\000\000\000\000\000\000\000\000\000\000\000\000\000\000\000\000\000\000\000\000\000""; nodePubKey: ""\003\255\225A\213\332\224ehh\024BDq\224\250\335`\355\353{\357\266\335<\021\032\265\177\206\356&\215""; closeTime: 803842770; signature: ""0D\002 [\307\243\030]S_\204\373\332\037\357)\020\316\342\367\375\261\300\320\206[\222\267""\252z\270k\303\262\002 h;\367\002\372\325_\327\315\351\351#\320\372\340\203\340\251\277\026YC\030S\203\=\312\252\264i\003""; previousledger: ""7\204MVwQh?\333Yw{\177u\266\2666\032#""\022\3206\266\023\027\356\2244\025`\301""; ","proposeSeq: 1; currentTxHash: ""\000\000\000\000\000\000\000\000\000\000\000\000\000\000\000\000\000\000\000\000\000\000\000\000\000\000\000\000\000\000\000\000""; nodePubKey: ""\003\255\225A\213\332\224ehh\024BDq\224\250\335`\355\353{\357\266\335<\021\032\265\177\206\356&\215""; closeTime: 803842770; signature: ""0D\002 [\307\243\030]S_\204\373\332\037\357)\020\316\342\367\375\261\300\320\206[\222\267""\252z\270k\303\262\002 h;\367\002\372\325_\327\315\351\351#\320\372\340\203\340\251\277\026YC\030S\203\=\312\252\264i\003""; previousledger: ""7\204MVwQh?\333Yw{\177u\266\2666\032#""\022\3206\266\023\027\356\2244\025`\301""; "
1750527581609,1750527581609,0,1,2,1,TMProposeSet,"proposeSeq: 1; currentTxHash: ""\000\000\000\000\000\000\000\000\000\000\000\000\000\000\000\000\000\000\000\000\000\000\000\000\000\000\000\000\000\000\000\000""; nodePubKey: ""\003\255\225A\213\332\224ehh\024BDq\224\250\335`\355\353{\357\266\335<\021\032\265\177\206\356&\215""; closeTime: 803842770; signature: ""0D\002 [\307\243\030]S_\204\373\332\037\357)\020\316\342\367\375\261\300\320\206[\222\267""\252z\270k\303\262\002 h;\367\002\372\325_\327\315\351\351#\320\372\340\203\340\251\277\026YC\030S\203\=\312\252\264i\003""; previousledger: ""7\204MVwQh?\333Yw{\177u\266\2666\032#""\022\3206\266\023\027\356\2244\025`\301""; ","proposeSeq: 1; currentTxHash: ""\000\000\000\000\000\000\000\000\000\000\000\000\000\000\000\000\000\000\000\000\000\000\000\000\000\000\000\000\000\000\000\000""; nodePubKey: ""\003\255\225A\213\332\224ehh\024BDq\224\250\335`\355\353{\357\266\335<\021\032\265\177\206\356&\215""; closeTime: 803842770; signature: ""0D\002 [\307\243\030]S_\204\373\332\037\357)\020\316\342\367\375\261\300\320\206[\222\267""\252z\270k\303\262\002 h;\367\002\372\325_\327\315\351\351#\320\372\340\203\340\251\277\026YC\030S\203\=\312\252\264i\003""; previousledger: ""7\204MVwQh?\333Yw{\177u\266\2666\032#""\022\3206\266\023\027\356\2244\025`\301""; "
1750527582427,1750527582427,0,1,3,2,TMValidation,"validation: """"\200\000\000\001&\000\000\000\016)/\351\252\336:p\210\265\307-\212\200\004Qc\273\016\301\024\363\242\247\263\231\370\344\nBW\220K\316@3\243\200\036wk\253GSlU\010\360P\027\000\000\000\000\000\000\000\000\000\000\000\000\000\000\000\000\000\000\000\000\000\000\000\000\000\000\000\000\000\000\000\000P\031\001f\352\277\0031Q]\362\370R\350{\261\202\240\344\215\201\353\276\322p5p\350\354\017>\250r\241s!\002\364d\217\366\217|\316F\232\231\241\n\261\333`\312O\367\235\025DD\336e\367\n\312\326\221\037\025\230vF0D\002 \000\305\302\257\254\033\276p\035\364\321\354\001S\364\377\207d\007\377%l\366\231b\3202\220reg\360\002 f\021\372b\343/\350\244S\213\227G\024E+\220\246\3700#\004\316\262\220Sk\231\215\001\026Z2""; ","validation: """"\200\000\000\001&\000\000\000\016)/\351\252\336:p\210\265\307-\212\200\004Qc\273\016\301\024\363\242\247\263\231\370\344\nBW\220K\316@3\243\200\036wk\253GSlU\010\360P\027\000\000\000\000\000\000\000\000\000\000\000\000\000\000\000\000\000\000\000\000\000\000\000\000\000\000\000\000\000\000\000\000P\031\001f\352\277\0031Q]\362\370R\350{\261\202\240\344\215\201\353\276\322p5p\350\354\017>\250r\241s!\002\364d\217\366\217|\316F\232\231\241\n\261\333`\312O\367\235\025DD\336e\367\n\312\326\221\037\025\230vF0D\002 \000\305\302\257\254\033\276p\035\364\321\354\001S\364\377\207d\007\377%l\366\231b\3202\220reg\360\002 f\021\372b\343/\350\244S\213\227G\024E+\220\246\3700#\004\316\262\220Sk\231\215\001\026Z2""; "
1750527582429,1750527582429,0,1,3,4,TMStatusChange,"newEvent: neACCEPTED_LEDGER; ledgerSeq: 14; ledgerHash: ""c\273\016\301\024\363\242\247\263\231\370\344\nBW\220K\316@3\243\200\036wk\253GSlU\010\360""; ledgerHashPrevious: ""\001f\352\277\0031Q]\362\370R\350{\261\202\240\344\215\201\353\276\322p5p\350\354\017>\250r\241""; networkTime: 803842782; firstSeq: 1; lastSeq: 13; ","newEvent: neACCEPTED_LEDGER; ledgerSeq: 14; ledgerHash: ""c\273\016\301\024\363\242\247\263\231\370\344\nBW\220K\316@3\243\200\036wk\253GSlU\010\360""; ledgerHashPrevious: ""\001f\352\277\0031Q]\362\370R\350{\261\202\240\344\215\201\353\276\322p5p\350\354\017>\250r\241""; networkTime: 803842782; firstSeq: 1; lastSeq: 13; "
1750527582428,1750527582428,0,1,3,2,TMStatusChange,"newEvent: neACCEPTED_LEDGER; ledgerSeq: 14; ledgerHash: ""c\273\016\301\024\363\242\247\263\231\370\344\nBW\220K\316@3\243\200\036wk\253GSlU\010\360""; ledgerHashPrevious: ""\001f\352\277\0031Q]\362\370R\350{\261\202\240\344\215\201\353\276\322p5p\350\354\017>\250r\241""; networkTime: 803842782; firstSeq: 1; lastSeq: 13; ","newEvent: neACCEPTED_LEDGER; ledgerSeq: 14; ledgerHash: ""c\273\016\301\024\363\242\247\263\231\370\344\nBW\220K\316@3\243\200\036wk\253GSlU\010\360""; ledgerHashPrevious: ""\001f\352\277\0031Q]\362\370R\350{\261\202\240\344\215\201\353\276\322p5p\350\354\017>\250r\241""; networkTime: 803842782; firstSeq: 1; lastSeq: 13; "
1750527582429,1750527582429,0,1,3,4,TMValidation,"validation: """"\200\000\000\001&\000\000\000\016)/\351\252\336:p\210\265\307-\212\200\004Qc\273\016\301\024\363\242\247\263\231\370\344\nBW\220K\316@3\243\200\036wk\253GSlU\010\360P\027\000\000\000\000\000\000\000\000\000\000\000\000\000\000\000\000\000\000\000\000\000\000\000\000\000\000\000\000\000\000\000\000P\031\001f\352\277\0031Q]\362\370R\350{\261\202\240\344\215\201\353\276\322p5p\350\354\017>\250r\241s!\002\364d\217\366\217|\316F\232\231\241\n\261\333`\312O\367\235\025DD\336e\367\n\312\326\221\037\025\230vF0D\002 \000\305\302\257\254\033\276p\035\364\321\354\001S\364\377\207d\007\377%l\366\231b\3202\220reg\360\002 f\021\372b\343/\350\244S\213\227G\024E+\220\246\3700#\004\316\262\220Sk\231\215\001\026Z2""; ","validation: """"\200\000\000\001&\000\000\000\016)/\351\252\336:p\210\265\307-\212\200\004Qc\273\016\301\024\363\242\247\263\231\370\344\nBW\220K\316@3\243\200\036wk\253GSlU\010\360P\027\000\000\000\000\000\000\000\000\000\000\000\000\000\000\000\000\000\000\000\000\000\000\000\000\000\000\000\000\000\000\000\000P\031\001f\352\277\0031Q]\362\370R\350{\261\202\240\344\215\201\353\276\322p5p\350\354\017>\250r\241s!\002\364d\217\366\217|\316F\232\231\241\n\261\333`\312O\367\235\025DD\336e\367\n\312\326\221\037\025\230vF0D\002 \000\305\302\257\254\033\276p\035\364\321\354\001S\364\377\207d\007\377%l\366\231b\3202\220reg\360\002 f\021\372b\343/\350\244S\213\227G\024E+\220\246\3700#\004\316\262\220Sk\231\215\001\026Z2""; "
1750527582430,1750527582430,0,1,3,0,TMValidation,"validation: """"\200\000\000\001&\000\000\000\016)/\351\252\336:p\210\265\307-\212\200\004Qc\273\016\301\024\363\242\247\263\231\370\344\nBW\220K\316@3\243\200\036wk\253GSlU\010\360P\027\000\000\000\000\000\000\000\000\000\000\000\000\000\000\000\000\000\000\000\000\000\000\000\000\000\000\000\000\000\000\000\000P\031\001f\352\277\0031Q]\362\370R\350{\261\202\240\344\215\201\353\276\322p5p\350\354\017>\250r\241s!\002\364d\217\366\217|\316F\232\231\241\n\261\333`\312O\367\235\025DD\336e\367\n\312\326\221\037\025\230vF0D\002 \000\305\302\257\254\033\276p\035\364\321\354\001S\364\377\207d\007\377%l\366\231b\3202\220reg\360\002 f\021\372b\343/\350\244S\213\227G\024E+\220\246\3700#\004\316\262\220Sk\231\215\001\026Z2""; ","validation: """"\200\000\000\001&\000\000\000\016)/\351\252\336:p\210\265\307-\212\200\004Qc\273\016\301\024\363\242\247\263\231\370\344\nBW\220K\316@3\243\200\036wk\253GSlU\010\360P\027\000\000\000\000\000\000\000\000\000\000\000\000\000\000\000\000\000\000\000\000\000\000\000\000\000\000\000\000\000\000\000\000P\031\001f\352\277\0031Q]\362\370R\350{\261\202\240\344\215\201\353\276\322p5p\350\354\017>\250r\241s!\002\364d\217\366\217|\316F\232\231\241\n\261\333`\312O\367\235\025DD\336e\367\n\312\326\221\037\025\230vF0D\002 \000\305\302\257\254\033\276p\035\364\321\354\001S\364\377\207d\007\377%l\366\231b\3202\220reg\360\002 f\021\372b\343/\350\244S\213\227G\024E+\220\246\3700#\004\316\262\220Sk\231\215\001\026Z2""; "
1750527582430,1750527582430,0,1,3,0,TMStatusChange,"newEvent: neACCEPTED_LEDGER; ledgerSeq: 14; ledgerHash: ""c\273\016\301\024\363\242\247\263\231\370\344\nBW\220K\316@3\243\200\036wk\253GSlU\010\360""; ledgerHashPrevious: ""\001f\352\277\0031Q]\362\370R\350{\261\202\240\344\215\201\353\276\322p5p\350\354\017>\250r\241""; networkTime: 803842782; firstSeq: 1; lastSeq: 13; ","newEvent: neACCEPTED_LEDGER; ledgerSeq: 14; ledgerHash: ""c\273\016\301\024\363\242\247\263\231\370\344\nBW\220K\316@3\243\200\036wk\253GSlU\010\360""; ledgerHashPrevious: ""\001f\352\277\0031Q]\362\370R\350{\261\202\240\344\215\201\353\276\322p5p\350\354\017>\250r\241""; networkTime: 803842782; firstSeq: 1; lastSeq: 13; "
1750527582431,1750527582431,0,1,3,1,TMStatusChange,"newEvent: neACCEPTED_LEDGER; ledgerSeq: 14; ledgerHash: ""c\273\016\301\024\363\242\247\263\231\370\344\nBW\220K\316@3\243\200\036wk\253GSlU\010\360""; ledgerHashPrevious: ""\001f\352\277\0031Q]\362\370R\350{\261\202\240\344\215\201\353\276\322p5p\350\354\017>\250r\241""; networkTime: 803842782; firstSeq: 1; lastSeq: 13; ","newEvent: neACCEPTED_LEDGER; ledgerSeq: 14; ledgerHash: ""c\273\016\301\024\363\242\247\263\231\370\344\nBW\220K\316@3\243\200\036wk\253GSlU\010\360""; ledgerHashPrevious: ""\001f\352\277\0031Q]\362\370R\350{\261\202\240\344\215\201\353\276\322p5p\350\354\017>\250r\241""; networkTime: 803842782; firstSeq: 1; lastSeq: 13; "
1750527582431,1750527582431,0,1,3,1,TMValidation,"validation: """"\200\000\000\001&\000\000\000\016)/\351\252\336:p\210\265\307-\212\200\004Qc\273\016\301\024\363\242\247\263\231\370\344\nBW\220K\316@3\243\200\036wk\253GSlU\010\360P\027\000\000\000\000\000\000\000\000\000\000\000\000\000\000\000\000\000\000\000\000\000\000\000\000\000\000\000\000\000\000\000\000P\031\001f\352\277\0031Q]\362\370R\350{\261\202\240\344\215\201\353\276\322p5p\350\354\017>\250r\241s!\002\364d\217\366\217|\316F\232\231\241\n\261\333`\312O\367\235\025DD\336e\367\n\312\326\221\037\025\230vF0D\002 \000\305\302\257\254\033\276p\035\364\321\354\001S\364\377\207d\007\377%l\366\231b\3202\220reg\360\002 f\021\372b\343/\350\244S\213\227G\024E+\220\246\3700#\004\316\262\220Sk\231\215\001\026Z2""; ","validation: """"\200\000\000\001&\000\000\000\016)/\351\252\336:p\210\265\307-\212\200\004Qc\273\016\301\024\363\242\247\263\231\370\344\nBW\220K\316@3\243\200\036wk\253GSlU\010\360P\027\000\000\000\000\000\000\000\000\000\000\000\000\000\000\000\000\000\000\000\000\000\000\000\000\000\000\000\000\000\000\000\000P\031\001f\352\277\0031Q]\362\370R\350{\261\202\240\344\215\201\353\276\322p5p\350\354\017>\250r\241s!\002\364d\217\366\217|\316F\232\231\241\n\261\333`\312O\367\235\025DD\336e\367\n\312\326\221\037\025\230vF0D\002 \000\305\302\257\254\033\276p\035\364\321\354\001S\364\377\207d\007\377%l\366\231b\3202\220reg\360\002 f\021\372b\343/\350\244S\213\227G\024E+\220\246\3700#\004\316\262\220Sk\231\215\001\026Z2""; "
1750527582432,1750527582432,0,1,2,4,TMGetLedger,"itype: liBASE; ledgerHash: ""c\273\016\301\024\363\242\247\263\231\370\344\nBW\220K\316@3\243\200\036wk\253GSlU\010\360""; ledgerSeq: 14; queryType: qtINDIRECT; ","itype: liBASE; ledgerHash: ""c\273\016\301\024\363\242\247\263\231\370\344\nBW\220K\316@3\243\200\036wk\253GSlU\010\360""; ledgerSeq: 14; queryType: qtINDIRECT; "
1750527582432,1750527582432,0,1,2,0,TMGetLedger,"itype: liBASE; ledgerHash: ""c\273\016\301\024\363\242\247\263\231\370\344\nBW\220K\316@3\243\200\036wk\253GSlU\010\360""; ledgerSeq: 14; ","itype: liBASE; ledgerHash: ""c\273\016\301\024\363\242\247\263\231\370\344\nBW\220K\316@3\243\200\036wk\253GSlU\010\360""; ledgerSeq: 14; "
1750527582433,1750527582433,0,1,2,4,TMGetLedger,"itype: liBASE; ledgerHash: ""c\273\016\301\024\363\242\247\263\231\370\344\nBW\220K\316@3\243\200\036wk\253GSlU\010\360""; ledgerSeq: 14; ","itype: liBASE; ledgerHash: ""c\273\016\301\024\363\242\247\263\231\370\344\nBW\220K\316@3\243\200\036wk\253GSlU\010\360""; ledgerSeq: 14; "
1750527582433,1750527582433,0,1,2,4,TMValidation,"validation: """"\200\000\000\001&\000\000\000\016)/\351\252\336:p\210\265\307-\212\200\004Qc\273\016\301\024\363\242\247\263\231\370\344\nBW\220K\316@3\243\200\036wk\253GSlU\010\360P\027\000\000\000\000\000\000\000\000\000\000\000\000\000\000\000\000\000\000\000\000\000\000\000\000\000\000\000\000\000\000\000\000P\031\001f\352\277\0031Q]\362\370R\350{\261\202\240\344\215\201\353\276\322p5p\350\354\017>\250r\241s!\002\364d\217\366\217|\316F\232\231\241\n\261\333`\312O\367\235\025DD\336e\367\n\312\326\221\037\025\230vF0D\002 \000\305\302\257\254\033\276p\035\364\321\354\001S\364\377\207d\007\377%l\366\231b\3202\220reg\360\002 f\021\372b\343/\350\244S\213\227G\024E+\220\246\3700#\004\316\262\220Sk\231\215\001\026Z2""; ","validation: """"\200\000\000\001&\000\000\000\016)/\351\252\336:p\210\265\307-\212\200\004Qc\273\016\301\024\363\242\247\263\231\370\344\nBW\220K\316@3\243\200\036wk\253GSlU\010\360P\027\000\000\000\000\000\000\000\000\000\000\000\000\000\000\000\000\000\000\000\000\000\000\000\000\000\000\000\000\000\000\000\000P\031\001f\352\277\0031Q]\362\370R\350{\261\202\240\344\215\201\353\276\322p5p\350\354\017>\250r\241s!\002\364d\217\366\217|\316F\232\231\241\n\261\333`\312O\367\235\025DD\336e\367\n\312\326\221\037\025\230vF0D\002 \000\305\302\257\254\033\276p\035\364\321\354\001S\364\377\207d\007\377%l\366\231b\3202\220reg\360\002 f\021\372b\343/\350\244S\213\227G\024E+\220\246\3700#\004\316\262\220Sk\231\215\001\026Z2""; "
1750527582434,1750527582434,0,1,2,0,TMValidation,"validation: """"\200\000\000\001&\000\000\000\016)/\351\252\336:p\210\265\307-\212\200\004Qc\273\016\301\024\363\242\247\263\231\370\344\nBW\220K\316@3\243\200\036wk\253GSlU\010\360P\027\000\000\000\000\000\000\000\000\000\000\000\000\000\000\000\000\000\000\000\000\000\000\000\000\000\000\000\000\000\000\000\000P\031\001f\352\277\0031Q]\362\370R\350{\261\202\240\344\215\201\353\276\322p5p\350\354\017>\250r\241s!\002\364d\217\366\217|\316F\232\231\241\n\261\333`\312O\367\235\025DD\336e\367\n\312\326\221\037\025\230vF0D\002 \000\305\302\257\254\033\276p\035\364\321\354\001S\364\377\207d\007\377%l\366\231b\3202\220reg\360\002 f\021\372b\343/\350\244S\213\227G\024E+\220\246\3700#\004\316\262\220Sk\231\215\001\026Z2""; ","validation: """"\200\000\000\001&\000\000\000\016)/\351\252\336:p\210\265\307-\212\200\004Qc\273\016\301\024\363\242\247\263\231\370\344\nBW\220K\316@3\243\200\036wk\253GSlU\010\360P\027\000\000\000\000\000\000\000\000\000\000\000\000\000\000\000\000\000\000\000\000\000\000\000\000\000\000\000\000\000\000\000\000P\031\001f\352\277\0031Q]\362\370R\350{\261\202\240\344\215\201\353\276\322p5p\350\354\017>\250r\241s!\002\364d\217\366\217|\316F\232\231\241\n\261\333`\312O\367\235\025DD\336e\367\n\312\326\221\037\025\230vF0D\002 \000\305\302\257\254\033\276p\035\364\321\354\001S\364\377\207d\007\377%l\366\231b\3202\220reg\360\002 f\021\372b\343/\350\244S\213\227G\024E+\220\246\3700#\004\316\262\220Sk\231\215\001\026Z2""; "
1750527582434,1750527582434,0,1,2,0,TMGetLedger,"itype: liBASE; ledgerHash: ""c\273\016\301\024\363\242\247\263\231\370\344\nBW\220K\316@3\243\200\036wk\253GSlU\010\360""; ledgerSeq: 14; queryType: qtINDIRECT; ","itype: liBASE; ledgerHash: ""c\273\016\301\024\363\242\247\263\231\370\344\nBW\220K\316@3\243\200\036wk\253GSlU\010\360""; ledgerSeq: 14; queryType: qtINDIRECT; "
1750527582435,1750527582435,0,1,2,3,TMGetLedger,"itype: liBASE; ledgerHash: ""c\273\016\301\024\363\242\247\263\231\370\344\nBW\220K\316@3\243\200\036wk\253GSlU\010\360""; ledgerSeq: 14; ","itype: liBASE; ledgerHash: ""c\273\016\301\024\363\242\247\263\231\370\344\nBW\220K\316@3\243\200\036wk\253GSlU\010\360""; ledgerSeq: 14; "
1750527582435,1750527582435,0,1,2,3,TMGetLedger,"itype: liBASE; ledgerHash: ""c\273\016\301\024\363\242\247\263\231\370\344\nBW\220K\316@3\243\200\036wk\253GSlU\010\360""; ledgerSeq: 14; queryType: qtINDIRECT; ","itype: liBASE; ledgerHash: ""c\273\016\301\024\363\242\247\263\231\370\344\nBW\220K\316@3\243\200\036wk\253GSlU\010\360""; ledgerSeq: 14; queryType: qtINDIRECT; "
1750527582436,1750527582436,0,1,2,1,TMValidation,"validation: """"\200\000\000\001&\000\000\000\016)/\351\252\336:p\210\265\307-\212\200\004Qc\273\016\301\024\363\242\247\263\231\370\344\nBW\220K\316@3\243\200\036wk\253GSlU\010\360P\027\000\000\000\000\000\000\000\000\000\000\000\000\000\000\000\000\000\000\000\000\000\000\000\000\000\000\000\000\000\000\000\000P\031\001f\352\277\0031Q]\362\370R\350{\261\202\240\344\215\201\353\276\322p5p\350\354\017>\250r\241s!\002\364d\217\366\217|\316F\232\231\241\n\261\333`\312O\367\235\025DD\336e\367\n\312\326\221\037\025\230vF0D\002 \000\305\302\257\254\033\276p\035\364\321\354\001S\364\377\207d\007\377%l\366\231b\3202\220reg\360\002 f\021\372b\343/\350\244S\213\227G\024E+\220\246\3700#\004\316\262\220Sk\231\215\001\026Z2""; ","validation: """"\200\000\000\001&\000\000\000\016)/\351\252\336:p\210\265\307-\212\200\004Qc\273\016\301\024\363\242\247\263\231\370\344\nBW\220K\316@3\243\200\036wk\253GSlU\010\360P\027\000\000\000\000\000\000\000\000\000\000\000\000\000\000\000\000\000\000\000\000\000\000\000\000\000\000\000\000\000\000\000\000P\031\001f\352\277\0031Q]\362\370R\350{\261\202\240\344\215\201\353\276\322p5p\350\354\017>\250r\241s!\002\364d\217\366\217|\316F\232\231\241\n\261\333`\312O\367\235\025DD\336e\367\n\312\326\221\037\025\230vF0D\002 \000\305\302\257\254\033\276p\035\364\321\354\001S\364\377\207d\007\377%l\366\231b\3202\220reg\360\002 f\021\372b\343/\350\244S\213\227G\024E+\220\246\3700#\004\316\262\220Sk\231\215\001\026Z2""; "
1750527582442,1750527582442,0,1,2,1,TMGetLedger,"itype: liBASE; ledgerHash: ""c\273\016\301\024\363\242\247\263\231\370\344\nBW\220K\316@3\243\200\036wk\253GSlU\010\360""; ledgerSeq: 14; queryType: qtINDIRECT; ","itype: liBASE; ledgerHash: ""c\273\016\301\024\363\242\247\263\231\370\344\nBW\220K\316@3\243\200\036wk\253GSlU\010\360""; ledgerSeq: 14; queryType: qtINDIRECT; "
1750527582443,1750527582443,0,1,2,1,TMGetLedger,"itype: liBASE; ledgerHash: ""c\273\016\301\024\363\242\247\263\231\370\344\nBW\220K\316@3\243\200\036wk\253GSlU\010\360""; ledgerSeq: 14; ","itype: liBASE; ledgerHash: ""c\273\016\301\024\363\242\247\263\231\370\344\nBW\220K\316@3\243\200\036wk\253GSlU\010\360""; ledgerSeq: 14; "
1750527582444,1750527582444,0,1,4,3,TMGetLedger,"itype: liBASE; ledgerHash: ""c\273\016\301\024\363\242\247\263\231\370\344\nBW\220K\316@3\243\200\036wk\253GSlU\010\360""; ","itype: liBASE; ledgerHash: ""c\273\016\301\024\363\242\247\263\231\370\344\nBW\220K\316@3\243\200\036wk\253GSlU\010\360""; "
1750527582445,1750527582445,0,1,4,2,TMGetLedger,"itype: liBASE; ledgerHash: ""c\273\016\301\024\363\242\247\263\231\370\344\nBW\220K\316@3\243\200\036wk\253GSlU\010\360""; ","itype: liBASE; ledgerHash: ""c\273\016\301\024\363\242\247\263\231\370\344\nBW\220K\316@3\243\200\036wk\253GSlU\010\360""; "
1750527582445,1750527582445,0,1,4,2,TMValidation,"validation: """"\200\000\000\001&\000\000\000\016)/\351\252\336:p\210\265\307-\212\200\004Qc\273\016\301\024\363\242\247\263\231\370\344\nBW\220K\316@3\243\200\036wk\253GSlU\010\360P\027\000\000\000\000\000\000\000\000\000\000\000\000\000\000\000\000\000\000\000\000\000\000\000\000\000\000\000\000\000\000\000\000P\031\001f\352\277\0031Q]\362\370R\350{\261\202\240\344\215\201\353\276\322p5p\350\354\017>\250r\241s!\002\364d\217\366\217|\316F\232\231\241\n\261\333`\312O\367\235\025DD\336e\367\n\312\326\221\037\025\230vF0D\002 \000\305\302\257\254\033\276p\035\364\321\354\001S\364\377\207d\007\377%l\366\231b\3202\220reg\360\002 f\021\372b\343/\350\244S\213\227G\024E+\220\246\3700#\004\316\262\220Sk\231\215\001\026Z2""; ","validation: """"\200\000\000\001&\000\000\000\016)/\351\252\336:p\210\265\307-\212\200\004Qc\273\016\301\024\363\242\247\263\231\370\344\nBW\220K\316@3\243\200\036wk\253GSlU\010\360P\027\000\000\000\000\000\000\000\000\000\000\000\000\000\000\000\000\000\000\000\000\000\000\000\000\000\000\000\000\000\000\000\000P\031\001f\352\277\0031Q]\362\370R\350{\261\202\240\344\215\201\353\276\322p5p\350\354\017>\250r\241s!\002\364d\217\366\217|\316F\232\231\241\n\261\333`\312O\367\235\025DD\336e\367\n\312\326\221\037\025\230vF0D\002 \000\305\302\257\254\033\276p\035\364\321\354\001S\364\377\207d\007\377%l\366\231b\3202\220reg\360\002 f\021\372b\343/\350\244S\213\227G\024E+\220\246\3700#\004\316\262\220Sk\231\215\001\026Z2""; "
1750527582446,1750527582447,0,1,4,1,TMValidation,"validation: """"\200\000\000\001&\000\000\000\016)/\351\252\336:p\210\265\307-\212\200\004Qc\273\016\301\024\363\242\247\263\231\370\344\nBW\220K\316@3\243\200\036wk\253GSlU\010\360P\027\000\000\000\000\000\000\000\000\000\000\000\000\000\000\000\000\000\000\000\000\000\000\000\000\000\000\000\000\000\000\000\000P\031\001f\352\277\0031Q]\362\370R\350{\261\202\240\344\215\201\353\276\322p5p\350\354\017>\250r\241s!\002\364d\217\366\217|\316F\232\231\241\n\261\333`\312O\367\235\025DD\336e\367\n\312\326\221\037\025\230vF0D\002 \000\305\302\257\254\033\276p\035\364\321\354\001S\364\377\207d\007\377%l\366\231b\3202\220reg\360\002 f\021\372b\343/\350\244S\213\227G\024E+\220\246\3700#\004\316\262\220Sk\231\215\001\026Z2""; ","validation: """"\200\000\000\001&\000\000\000\016)/\351\252\336:p\210\265\307-\212\200\004Qc\273\016\301\024\363\242\247\263\231\370\344\nBW\220K\316@3\243\200\036wk\253GSlU\010\360P\027\000\000\000\000\000\000\000\000\000\000\000\000\000\000\000\000\000\000\000\000\000\000\000\000\000\000\000\000\000\000\000\000P\031\001f\352\277\0031Q]\362\370R\350{\261\202\240\344\215\201\353\276\322p5p\350\354\017>\250r\241s!\002\364d\217\366\217|\316F\232\231\241\n\261\333`\312O\367\235\025DD\336e\367\n\312\326\221\037\025\230vF0D\002 \000\305\302\257\254\033\276p\035\364\321\354\001S\364\377\207d\007\377%l\366\231b\3202\220reg\360\002 f\021\372b\343/\350\244S\213\227G\024E+\220\246\3700#\004\316\262\220Sk\231\215\001\026Z2""; "
1750527582447,1750527582447,0,1,4,0,TMGetLedger,"itype: liBASE; ledgerHash: ""c\273\016\301\024\363\242\247\263\231\370\344\nBW\220K\316@3\243\200\036wk\253GSlU\010\360""; ","itype: liBASE; ledgerHash: ""c\273\016\301\024\363\242\247\263\231\370\344\nBW\220K\316@3\243\200\036wk\253GSlU\010\360""; "
1750527582449,1750527582449,0,1,4,0,TMValidation,"validation: """"\200\000\000\001&\000\000\000\016)/\351\252\336:p\210\265\307-\212\200\004Qc\273\016\301\024\363\242\247\263\231\370\344\nBW\220K\316@3\243\200\036wk\253GSlU\010\360P\027\000\000\000\000\000\000\000\000\000\000\000\000\000\000\000\000\000\000\000\000\000\000\000\000\000\000\000\000\000\000\000\000P\031\001f\352\277\0031Q]\362\370R\350{\261\202\240\344\215\201\353\276\322p5p\350\354\017>\250r\241s!\002\364d\217\366\217|\316F\232\231\241\n\261\333`\312O\367\235\025DD\336e\367\n\312\326\221\037\025\230vF0D\002 \000\305\302\257\254\033\276p\035\364\321\354\001S\364\377\207d\007\377%l\366\231b\3202\220reg\360\002 f\021\372b\343/\350\244S\213\227G\024E+\220\246\3700#\004\316\262\220Sk\231\215\001\026Z2""; ","validation: """"\200\000\000\001&\000\000\000\016)/\351\252\336:p\210\265\307-\212\200\004Qc\273\016\301\024\363\242\247\263\231\370\344\nBW\220K\316@3\243\200\036wk\253GSlU\010\360P\027\000\000\000\000\000\000\000\000\000\000\000\000\000\000\000\000\000\000\000\000\000\000\000\000\000\000\000\000\000\000\000\000P\031\001f\352\277\0031Q]\362\370R\350{\261\202\240\344\215\201\353\276\322p5p\350\354\017>\250r\241s!\002\364d\217\366\217|\316F\232\231\241\n\261\333`\312O\367\235\025DD\336e\367\n\312\326\221\037\025\230vF0D\002 \000\305\302\257\254\033\276p\035\364\321\354\001S\364\377\207d\007\377%l\366\231b\3202\220reg\360\002 f\021\372b\343/\350\244S\213\227G\024E+\220\246\3700#\004\316\262\220Sk\231\215\001\026Z2""; "
1750527582450,1750527582450,0,1,4,1,TMGetLedger,"itype: liBASE; ledgerHash: ""c\273\016\301\024\363\242\247\263\231\370\344\nBW\220K\316@3\243\200\036wk\253GSlU\010\360""; ","itype: liBASE; ledgerHash: ""c\273\016\301\024\363\242\247\263\231\370\344\nBW\220K\316@3\243\200\036wk\253GSlU\010\360""; "
1750527582450,1750527582451,0,1,0,4,TMGetLedger,"itype: liBASE; ledgerHash: ""c\273\016\301\024\363\242\247\263\231\370\344\nBW\220K\316@3\243\200\036wk\253GSlU\010\360""; ","itype: liBASE; ledgerHash: ""c\273\016\301\024\363\242\247\263\231\370\344\nBW\220K\316@3\243\200\036wk\253GSlU\010\360""; "
1750527582451,1750527582451,0,1,4,0,TMGetLedger,"itype: liBASE; ledgerHash: ""c\273\016\301\024\363\242\247\263\231\370\344\nBW\220K\316@3\243\200\036wk\253GSlU\010\360""; queryType: qtINDIRECT; ","itype: liBASE; ledgerHash: ""c\273\016\301\024\363\242\247\263\231\370\344\nBW\220K\316@3\243\200\036wk\253GSlU\010\360""; queryType: qtINDIRECT; "
1750527582452,1750527582452,0,1,4,1,TMGetLedger,"itype: liBASE; ledgerHash: ""c\273\016\301\024\363\242\247\263\231\370\344\nBW\220K\316@3\243\200\036wk\253GSlU\010\360""; queryType: qtINDIRECT; ","itype: liBASE; ledgerHash: ""c\273\016\301\024\363\242\247\263\231\370\344\nBW\220K\316@3\243\200\036wk\253GSlU\010\360""; queryType: qtINDIRECT; "
1750527582452,1750527582452,0,1,4,2,TMGetLedger,"itype: liBASE; ledgerHash: ""c\273\016\301\024\363\242\247\263\231\370\344\nBW\220K\316@3\243\200\036wk\253GSlU\010\360""; queryType: qtINDIRECT; ","itype: liBASE; ledgerHash: ""c\273\016\301\024\363\242\247\263\231\370\344\nBW\220K\316@3\243\200\036wk\253GSlU\010\360""; queryType: qtINDIRECT; "
1750527582453,1750527582453,0,1,0,1,TMGetLedger,"itype: liBASE; ledgerHash: ""c\273\016\301\024\363\242\247\263\231\370\344\nBW\220K\316@3\243\200\036wk\253GSlU\010\360""; queryType: qtINDIRECT; ","itype: liBASE; ledgerHash: ""c\273\016\301\024\363\242\247\263\231\370\344\nBW\220K\316@3\243\200\036wk\253GSlU\010\360""; queryType: qtINDIRECT; "
1750527582453,1750527582453,0,1,4,3,TMGetLedger,"itype: liBASE; ledgerHash: ""c\273\016\301\024\363\242\247\263\231\370\344\nBW\220K\316@3\243\200\036wk\253GSlU\010\360""; queryType: qtINDIRECT; ","itype: liBASE; ledgerHash: ""c\273\016\301\024\363\242\247\263\231\370\344\nBW\220K\316@3\243\200\036wk\253GSlU\010\360""; queryType: qtINDIRECT; "
1750527582454,1750527582454,0,1,0,1,TMGetLedger,"itype: liBASE; ledgerHash: ""c\273\016\301\024\363\242\247\263\231\370\344\nBW\220K\316@3\243\200\036wk\253GSlU\010\360""; ","itype: liBASE; ledgerHash: ""c\273\016\301\024\363\242\247\263\231\370\344\nBW\220K\316@3\243\200\036wk\253GSlU\010\360""; "
1750527582455,1750527582455,0,1,0,2,TMGetLedger,"itype: liBASE; ledgerHash: ""c\273\016\301\024\363\242\247\263\231\370\344\nBW\220K\316@3\243\200\036wk\253GSlU\010\360""; ","itype: liBASE; ledgerHash: ""c\273\016\301\024\363\242\247\263\231\370\344\nBW\220K\316@3\243\200\036wk\253GSlU\010\360""; "
1750527582455,1750527582455,0,1,0,3,TMGetLedger,"itype: liBASE; ledgerHash: ""c\273\016\301\024\363\242\247\263\231\370\344\nBW\220K\316@3\243\200\036wk\253GSlU\010\360""; queryType: qtINDIRECT; ","itype: liBASE; ledgerHash: ""c\273\016\301\024\363\242\247\263\231\370\344\nBW\220K\316@3\243\200\036wk\253GSlU\010\360""; queryType: qtINDIRECT; "
1750527582456,1750527582456,0,1,0,2,TMGetLedger,"itype: liBASE; ledgerHash: ""c\273\016\301\024\363\242\247\263\231\370\344\nBW\220K\316@3\243\200\036wk\253GSlU\010\360""; queryType: qtINDIRECT; ","itype: liBASE; ledgerHash: ""c\273\016\301\024\363\242\247\263\231\370\344\nBW\220K\316@3\243\200\036wk\253GSlU\010\360""; queryType: qtINDIRECT; "
1750527582456,1750527582456,0,1,0,3,TMGetLedger,"itype: liBASE; ledgerHash: ""c\273\016\301\024\363\242\247\263\231\370\344\nBW\220K\316@3\243\200\036wk\253GSlU\010\360""; ","itype: liBASE; ledgerHash: ""c\273\016\301\024\363\242\247\263\231\370\344\nBW\220K\316@3\243\200\036wk\253GSlU\010\360""; "
1750527582457,1750527582457,0,1,0,2,TMValidation,"validation: """"\200\000\000\001&\000\000\000\016)/\351\252\336:p\210\265\307-\212\200\004Qc\273\016\301\024\363\242\247\263\231\370\344\nBW\220K\316@3\243\200\036wk\253GSlU\010\360P\027\000\000\000\000\000\000\000\000\000\000\000\000\000\000\000\000\000\000\000\000\000\000\000\000\000\000\000\000\000\000\000\000P\031\001f\352\277\0031Q]\362\370R\350{\261\202\240\344\215\201\353\276\322p5p\350\354\017>\250r\241s!\002\364d\217\366\217|\316F\232\231\241\n\261\333`\312O\367\235\025DD\336e\367\n\312\326\221\037\025\230vF0D\002 \000\305\302\257\254\033\276p\035\364\321\354\001S\364\377\207d\007\377%l\366\231b\3202\220reg\360\002 f\021\372b\343/\350\244S\213\227G\024E+\220\246\3700#\004\316\262\220Sk\231\215\001\026Z2""; ","validation: """"\200\000\000\001&\000\000\000\016)/\351\252\336:p\210\265\307-\212\200\004Qc\273\016\301\024\363\242\247\263\231\370\344\nBW\220K\316@3\243\200\036wk\253GSlU\010\360P\027\000\000\000\000\000\000\000\000\000\000\000\000\000\000\000\000\000\000\000\000\000\000\000\000\000\000\000\000\000\000\000\000P\031\001f\352\277\0031Q]\362\370R\350{\261\202\240\344\215\201\353\276\322p5p\350\354\017>\250r\241s!\002\364d\217\366\217|\316F\232\231\241\n\261\333`\312O\367\235\025DD\336e\367\n\312\326\221\037\025\230vF0D\002 \000\305\302\257\254\033\276p\035\364\321\354\001S\364\377\207d\007\377%l\366\231b\3202\220reg\360\002 f\021\372b\343/\350\244S\213\227G\024E+\220\246\3700#\004\316\262\220Sk\231\215\001\026Z2""; "
1750527582457,1750527582457,0,1,0,1,TMValidation,"validation: """"\200\000\000\001&\000\000\000\016)/\351\252\336:p\210\265\307-\212\200\004Qc\273\016\301\024\363\242\247\263\231\370\344\nBW\220K\316@3\243\200\036wk\253GSlU\010\360P\027\000\000\000\000\000\000\000\000\000\000\000\000\000\000\000\000\000\000\000\000\000\000\000\000\000\000\000\000\000\000\000\000P\031\001f\352\277\0031Q]\362\370R\350{\261\202\240\344\215\201\353\276\322p5p\350\354\017>\250r\241s!\002\364d\217\366\217|\316F\232\231\241\n\261\333`\312O\367\235\025DD\336e\367\n\312\326\221\037\025\230vF0D\002 \000\305\302\257\254\033\276p\035\364\321\354\001S\364\377\207d\007\377%l\366\231b\3202\220reg\360\002 f\021\372b\343/\350\244S\213\227G\024E+\220\246\3700#\004\316\262\220Sk\231\215\001\026Z2""; ","validation: """"\200\000\000\001&\000\000\000\016)/\351\252\336:p\210\265\307-\212\200\004Qc\273\016\301\024\363\242\247\263\231\370\344\nBW\220K\316@3\243\200\036wk\253GSlU\010\360P\027\000\000\000\000\000\000\000\000\000\000\000\000\000\000\000\000\000\000\000\000\000\000\000\000\000\000\000\000\000\000\000\000P\031\001f\352\277\0031Q]\362\370R\350{\261\202\240\344\215\201\353\276\322p5p\350\354\017>\250r\241s!\002\364d\217\366\217|\316F\232\231\241\n\261\333`\312O\367\235\025DD\336e\367\n\312\326\221\037\025\230vF0D\002 \000\305\302\257\254\033\276p\035\364\321\354\001S\364\377\207d\007\377%l\366\231b\3202\220reg\360\002 f\021\372b\343/\350\244S\213\227G\024E+\220\246\3700#\004\316\262\220Sk\231\215\001\026Z2""; "
1750527582458,1750527582458,0,1,1,3,TMGetLedger,"itype: liBASE; ledgerHash: ""c\273\016\301\024\363\242\247\263\231\370\344\nBW\220K\316@3\243\200\036wk\253GSlU\010\360""; ","itype: liBASE; ledgerHash: ""c\273\016\301\024\363\242\247\263\231\370\344\nBW\220K\316@3\243\200\036wk\253GSlU\010\360""; "
1750527582459,1750527582459,0,1,1,2,TMGetLedger,"itype: liBASE; ledgerHash: ""c\273\016\301\024\363\242\247\263\231\370\344\nBW\220K\316@3\243\200\036wk\253GSlU\010\360""; ","itype: liBASE; ledgerHash: ""c\273\016\301\024\363\242\247\263\231\370\344\nBW\220K\316@3\243\200\036wk\253GSlU\010\360""; "
1750527582459,1750527582459,0,1,1,2,TMValidation,"validation: """"\200\000\000\001&\000\000\000\016)/\351\252\336:p\210\265\307-\212\200\004Qc\273\016\301\024\363\242\247\263\231\370\344\nBW\220K\316@3\243\200\036wk\253GSlU\010\360P\027\000\000\000\000\000\000\000\000\000\000\000\000\000\000\000\000\000\000\000\000\000\000\000\000\000\000\000\000\000\000\000\000P\031\001f\352\277\0031Q]\362\370R\350{\261\202\240\344\215\201\353\276\322p5p\350\354\017>\250r\241s!\002\364d\217\366\217|\316F\232\231\241\n\261\333`\312O\367\235\025DD\336e\367\n\312\326\221\037\025\230vF0D\002 \000\305\302\257\254\033\276p\035\364\321\354\001S\364\377\207d\007\377%l\366\231b\3202\220reg\360\002 f\021\372b\343/\350\244S\213\227G\024E+\220\246\3700#\004\316\262\220Sk\231\215\001\026Z2""; ","validation: """"\200\000\000\001&\000\000\000\016)/\351\252\336:p\210\265\307-\212\200\004Qc\273\016\301\024\363\242\247\263\231\370\344\nBW\220K\316@3\243\200\036wk\253GSlU\010\360P\027\000\000\000\000\000\000\000\000\000\000\000\000\000\000\000\000\000\000\000\000\000\000\000\000\000\000\000\000\000\000\000\000P\031\001f\352\277\0031Q]\362\370R\350{\261\202\240\344\215\201\353\276\322p5p\350\354\017>\250r\241s!\002\364d\217\366\217|\316F\232\231\241\n\261\333`\312O\367\235\025DD\336e\367\n\312\326\221\037\025\230vF0D\002 \000\305\302\257\254\033\276p\035\364\321\354\001S\364\377\207d\007\377%l\366\231b\3202\220reg\360\002 f\021\372b\343/\350\244S\213\227G\024E+\220\246\3700#\004\316\262\220Sk\231\215\001\026Z2""; "
1750527582460,1750527582460,0,1,1,0,TMGetLedger,"itype: liBASE; ledgerHash: ""c\273\016\301\024\363\242\247\263\231\370\344\nBW\220K\316@3\243\200\036wk\253GSlU\010\360""; ","itype: liBASE; ledgerHash: ""c\273\016\301\024\363\242\247\263\231\370\344\nBW\220K\316@3\243\200\036wk\253GSlU\010\360""; "
1750527582461,1750527582461,0,1,1,2,TMGetLedger,"itype: liBASE; ledgerHash: ""c\273\016\301\024\363\242\247\263\231\370\344\nBW\220K\316@3\243\200\036wk\253GSlU\010\360""; queryType: qtINDIRECT; ","itype: liBASE; ledgerHash: ""c\273\016\301\024\363\242\247\263\231\370\344\nBW\220K\316@3\243\200\036wk\253GSlU\010\360""; queryType: qtINDIRECT; "
1750527582461,1750527582461,0,1,1,4,TMGetLedger,"itype: liBASE; ledgerHash: ""c\273\016\301\024\363\242\247\263\231\370\344\nBW\220K\316@3\243\200\036wk\253GSlU\010\360""; queryType: qtINDIRECT; ","itype: liBASE; ledgerHash: ""c\273\016\301\024\363\242\247\263\231\370\344\nBW\220K\316@3\243\200\036wk\253GSlU\010\360""; queryType: qtINDIRECT; "
1750527582462,1750527582462,0,1,1,0,TMValidation,"validation: """"\200\000\000\001&\000\000\000\016)/\351\252\336:p\210\265\307-\212\200\004Qc\273\016\301\024\363\242\247\263\231\370\344\nBW\220K\316@3\243\200\036wk\253GSlU\010\360P\027\000\000\000\000\000\000\000\000\000\000\000\000\000\000\000\000\000\000\000\000\000\000\000\000\000\000\000\000\000\000\000\000P\031\001f\352\277\0031Q]\362\370R\350{\261\202\240\344\215\201\353\276\322p5p\350\354\017>\250r\241s!\002\364d\217\366\217|\316F\232\231\241\n\261\333`\312O\367\235\025DD\336e\367\n\312\326\221\037\025\230vF0D\002 \000\305\302\257\254\033\276p\035\364\321\354\001S\364\377\207d\007\377%l\366\231b\3202\220reg\360\002 f\021\372b\343/\350\244S\213\227G\024E+\220\246\3700#\004\316\262\220Sk\231\215\001\026Z2""; ","validation: """"\200\000\000\001&\000\000\000\016)/\351\252\336:p\210\265\307-\212\200\004Qc\273\016\301\024\363\242\247\263\231\370\344\nBW\220K\316@3\243\200\036wk\253GSlU\010\360P\027\000\000\000\000\000\000\000\000\000\000\000\000\000\000\000\000\000\000\000\000\000\000\000\000\000\000\000\000\000\000\000\000P\031\001f\352\277\0031Q]\362\370R\350{\261\202\240\344\215\201\353\276\322p5p\350\354\017>\250r\241s!\002\364d\217\366\217|\316F\232\231\241\n\261\333`\312O\367\235\025DD\336e\367\n\312\326\221\037\025\230vF0D\002 \000\305\302\257\254\033\276p\035\364\321\354\001S\364\377\207d\007\377%l\366\231b\3202\220reg\360\002 f\021\372b\343/\350\244S\213\227G\024E+\220\246\3700#\004\316\262\220Sk\231\215\001\026Z2""; "
1750527582462,1750527582463,0,1,1,3,TMGetLedger,"itype: liBASE; ledgerHash: ""c\273\016\301\024\363\242\247\263\231\370\344\nBW\220K\316@3\243\200\036wk\253GSlU\010\360""; queryType: qtINDIRECT; ","itype: liBASE; ledgerHash: ""c\273\016\301\024\363\242\247\263\231\370\344\nBW\220K\316@3\243\200\036wk\253GSlU\010\360""; queryType: qtINDIRECT; "
1750527582463,1750527582463,0,1,1,0,TMGetLedger,"itype: liBASE; ledgerHash: ""c\273\016\301\024\363\242\247\263\231\370\344\nBW\220K\316@3\243\200\036wk\253GSlU\010\360""; queryType: qtINDIRECT; ","itype: liBASE; ledgerHash: ""c\273\016\301\024\363\242\247\263\231\370\344\nBW\220K\316@3\243\200\036wk\253GSlU\010\360""; queryType: qtINDIRECT; "
1750527582464,1750527582464,0,1,1,4,TMGetLedger,"itype: liBASE; ledgerHash: ""c\273\016\301\024\363\242\247\263\231\370\344\nBW\220K\316@3\243\200\036wk\253GSlU\010\360""; ","itype: liBASE; ledgerHash: ""c\273\016\301\024\363\242\247\263\231\370\344\nBW\220K\316@3\243\200\036wk\253GSlU\010\360""; "
1750527582464,1750527582464,0,1,1,4,TMValidation,"validation: """"\200\000\000\001&\000\000\000\016)/\351\252\336:p\210\265\307-\212\200\004Qc\273\016\301\024\363\242\247\263\231\370\344\nBW\220K\316@3\243\200\036wk\253GSlU\010\360P\027\000\000\000\000\000\000\000\000\000\000\000\000\000\000\000\000\000\000\000\000\000\000\000\000\000\000\000\000\000\000\000\000P\031\001f\352\277\0031Q]\362\370R\350{\261\202\240\344\215\201\353\276\322p5p\350\354\017>\250r\241s!\002\364d\217\366\217|\316F\232\231\241\n\261\333`\312O\367\235\025DD\336e\367\n\312\326\221\037\025\230vF0D\002 \000\305\302\257\254\033\276p\035\364\321\354\001S\364\377\207d\007\377%l\366\231b\3202\220reg\360\002 f\021\372b\343/\350\244S\213\227G\024E+\220\246\3700#\004\316\262\220Sk\231\215\001\026Z2""; ","validation: """"\200\000\000\001&\000\000\000\016)/\351\252\336:p\210\265\307-\212\200\004Qc\273\016\301\024\363\242\247\263\231\370\344\nBW\220K\316@3\243\200\036wk\253GSlU\010\360P\027\000\000\000\000\000\000\000\000\000\000\000\000\000\000\000\000\000\000\000\000\000\000\000\000\000\000\000\000\000\000\000\000P\031\001f\352\277\0031Q]\362\370R\350{\261\202\240\344\215\201\353\276\322p5p\350\354\017>\250r\241s!\002\364d\217\366\217|\316F\232\231\241\n\261\333`\312O\367\235\025DD\336e\367\n\312\326\221\037\025\230vF0D\002 \000\305\302\257\254\033\276p\035\364\321\354\001S\364\377\207d\007\377%l\366\231b\3202\220reg\360\002 f\021\372b\343/\350\244S\213\227G\024E+\220\246\3700#\004\316\262\220Sk\231\215\001\026Z2""; "
1750527582465,1750527582465,0,1,0,3,TMGetLedger,"itype: liBASE; ledgerHash: ""c\273\016\301\024\363\242\247\263\231\370\344\nBW\220K\316@3\243\200\036wk\253GSlU\010\360""; ledgerSeq: 14; requestCookie: 3; queryType: qtINDIRECT; ","itype: liBASE; ledgerHash: ""c\273\016\301\024\363\242\247\263\231\370\344\nBW\220K\316@3\243\200\036wk\253GSlU\010\360""; ledgerSeq: 14; requestCookie: 3; queryType: qtINDIRECT; "
1750527582465,1750527582465,0,1,3,2,TMLedgerData,"ledgerHash: ""c\273\016\301\024\363\242\247\263\231\370\344\nBW\220K\316@3\243\200\036wk\253GSlU\010\360""; ledgerSeq: 14; type: liBASE; nodes {;   nodedata: ""\000\000\000\016\001cEx]\211\377\330\001f\352\277\0031Q]\362\370R\350{\261\202\240\344\215\201\353\276\322p5p\350\354\017>\250r\241\000\000\000\000\000\000\000\000\000\000\000\000\000\000\000\000\000\000\000\000\000\000\000\000\000\000\000\000\000\000\000\000]V<\255\t\311\340J\373l\2360+\307\213\276_\334q\007\000ix\260\201V\227\260X?\260\344/\351\252\334/\351\252\335\n\000""; }; nodes {;   nodedata: ""\323C\344\327\264{\312-\017:\006{\177\344N\002\326bO\260\220\006\033\362\345\005U\221DzJ0\001\301\025%1L\307\t\261\262z\374\222T\301\274V\236\223\262\270Ct\362\337b\356\024*\324\320\351\317\002k\336\234\027v\351\217\260\303\360\233ZPZWr\246$w\313\313\r\243r\232\2234\373\3539:N\004Q\245\272D\312D\300\300\t\323\0257\345e\271\na\215{\226\255x%T\257\037\333\004\344_/R\006E\344\037@\210\363\010\336T\226\247'\204_{\261\370""1\235\2445\343\033Y!\212\201\341\272\225'\007\310\365L\037\322q\332L\034E%3\365J\261!\212F\302\003\250\025\006\345F\004{|\351\207\007\035\013\003""; }; ","ledgerHash: ""c\273\016\301\024\363\242\247\263\231\370\344\nBW\220K\316@3\243\200\036wk\253GSlU\010\360""; ledgerSeq: 14; type: liBASE; nodes {;   nodedata: ""\000\000\000\016\001cEx]\211\377\330\001f\352\277\0031Q]\362\370R\350{\261\202\240\344\215\201\353\276\322p5p\350\354\017>\250r\241\000\000\000\000\000\000\000\000\000\000\000\000\000\000\000\000\000\000\000\000\000\000\000\000\000\000\000\000\000\000\000\000]V<\255\t\311\340J\373l\2360+\307\213\276_\334q\007\000ix\260\201V\227\260X?\260\344/\351\252\334/\351\252\335\n\000""; }; nodes {;   nodedata: ""\323C\344\327\264{\312-\017:\006{\177\344N\002\326bO\260\220\006\033\362\345\005U\221DzJ0\001\301\025%1L\307\t\261\262z\374\222T\301\274V\236\223\262\270Ct\362\337b\356\024*\324\320\351\317\002k\336\234\027v\351\217\260\303\360\233ZPZWr\246$w\313\313\r\243r\232\2234\373\3539:N\004Q\245\272D\312D\300\300\t\323\0257\345e\271\na\215{\226\255x%T\257\037\333\004\344_/R\006E\344\037@\210\363\010\336T\226\247'\204_{\261\370""1\235\2445\343\033Y!\212\201\341\272\225'\007\310\365L\037\322q\332L\034E%3\365J\261!\212F\302\003\250\025\006\345F\004{|\351\207\007\035\013\003""; }; "
1750527582466,1750527582466,0,1,3,2,TMLedgerData,"ledgerHash: ""c\273\016\301\024\363\242\247\263\231\370\344\nBW\220K\316@3\243\200\036wk\253GSlU\010\360""; ledgerSeq: 14; type: liBASE; nodes {;   nodedata: ""\000\000\000\016\001cEx]\211\377\330\001f\352\277\0031Q]\362\370R\350{\261\202\240\344\215\201\353\276\322p5p\350\354\017>\250r\241\000\000\000\000\000\000\000\000\000\000\000\000\000\000\000\000\000\000\000\000\000\000\000\000\000\000\000\000\000\000\000\000]V<\255\t\311\340J\373l\2360+\307\213\276_\334q\007\000ix\260\201V\227\260X?\260\344/\351\252\334/\351\252\335\n\000""; }; nodes {;   nodedata: ""\323C\344\327\264{\312-\017:\006{\177\344N\002\326bO\260\220\006\033\362\345\005U\221DzJ0\001\301\025%1L\307\t\261\262z\374\222T\301\274V\236\223\262\270Ct\362\337b\356\024*\324\320\351\317\002k\336\234\027v\351\217\260\303\360\233ZPZWr\246$w\313\313\r\243r\232\2234\373\3539:N\004Q\245\272D\312D\300\300\t\323\0257\345e\271\na\215{\226\255x%T\257\037\333\004\344_/R\006E\344\037@\210\363\010\336T\226\247'\204_{\261\370""1\235\2445\343\033Y!\212\201\341\272\225'\007\310\365L\037\322q\332L\034E%3\365J\261!\212F\302\003\250\025\006\345F\004{|\351\207\007\035\013\003""; }; ","ledgerHash: ""c\273\016\301\024\363\242\247\263\231\370\344\nBW\220K\316@3\243\200\036wk\253GSlU\010\360""; ledgerSeq: 14; type: liBASE; nodes {;   nodedata: ""\000\000\000\016\001cEx]\211\377\330\001f\352\277\0031Q]\362\370R\350{\261\202\240\344\215\201\353\276\322p5p\350\354\017>\250r\241\000\000\000\000\000\000\000\000\000\000\000\000\000\000\000\000\000\000\000\000\000\000\000\000\000\000\000\000\000\000\000\000]V<\255\t\311\340J\373l\2360+\307\213\276_\334q\007\000ix\260\201V\227\260X?\260\344/\351\252\334/\351\252\335\n\000""; }; nodes {;   nodedata: ""\323C\344\327\264{\312-\017:\006{\177\344N\002\326bO\260\220\006\033\362\345\005U\221DzJ0\001\301\025%1L\307\t\261\262z\374\222T\301\274V\236\223\262\270Ct\362\337b\356\024*\324\320\351\317\002k\336\234\027v\351\217\260\303\360\233ZPZWr\246$w\313\313\r\243r\232\2234\373\3539:N\004Q\245\272D\312D\300\300\t\323\0257\345e\271\na\215{\226\255x%T\257\037\333\004\344_/R\006E\344\037@\210\363\010\336T\226\247'\204_{\261\370""1\235\2445\343\033Y!\212\201\341\272\225'\007\310\365L\037\322q\332L\034E%3\365J\261!\212F\302\003\250\025\006\345F\004{|\351\207\007\035\013\003""; }; "
1750527582466,1750527582466,0,1,1,3,TMGetLedger,"itype: liBASE; ledgerHash: ""c\273\016\301\024\363\242\247\263\231\370\344\nBW\220K\316@3\243\200\036wk\253GSlU\010\360""; ledgerSeq: 14; requestCookie: 3; queryType: qtINDIRECT; ","itype: liBASE; ledgerHash: ""c\273\016\301\024\363\242\247\263\231\370\344\nBW\220K\316@3\243\200\036wk\253GSlU\010\360""; ledgerSeq: 14; requestCookie: 3; queryType: qtINDIRECT; "
1750527582467,1750527582468,0,1,3,4,TMLedgerData,"ledgerHash: ""c\273\016\301\024\363\242\247\263\231\370\344\nBW\220K\316@3\243\200\036wk\253GSlU\010\360""; ledgerSeq: 14; type: liBASE; nodes {;   nodedata: ""\000\000\000\016\001cEx]\211\377\330\001f\352\277\0031Q]\362\370R\350{\261\202\240\344\215\201\353\276\322p5p\350\354\017>\250r\241\000\000\000\000\000\000\000\000\000\000\000\000\000\000\000\000\000\000\000\000\000\000\000\000\000\000\000\000\000\000\000\000]V<\255\t\311\340J\373l\2360+\307\213\276_\334q\007\000ix\260\201V\227\260X?\260\344/\351\252\334/\351\252\335\n\000""; }; nodes {;   nodedata: ""\323C\344\327\264{\312-\017:\006{\177\344N\002\326bO\260\220\006\033\362\345\005U\221DzJ0\001\301\025%1L\307\t\261\262z\374\222T\301\274V\236\223\262\270Ct\362\337b\356\024*\324\320\351\317\002k\336\234\027v\351\217\260\303\360\233ZPZWr\246$w\313\313\r\243r\232\2234\373\3539:N\004Q\245\272D\312D\300\300\t\323\0257\345e\271\na\215{\226\255x%T\257\037\333\004\344_/R\006E\344\037@\210\363\010\336T\226\247'\204_{\261\370""1\235\2445\343\033Y!\212\201\341\272\225'\007\310\365L\037\322q\332L\034E%3\365J\261!\212F\302\003\250\025\006\345F\004{|\351\207\007\035\013\003""; }; ","ledgerHash: ""c\273\016\301\024\363\242\247\263\231\370\344\nBW\220K\316@3\243\200\036wk\253GSlU\010\360""; ledgerSeq: 14; type: liBASE; nodes {;   nodedata: ""\000\000\000\016\001cEx]\211\377\330\001f\352\277\0031Q]\362\370R\350{\261\202\240\344\215\201\353\276\322p5p\350\354\017>\250r\241\000\000\000\000\000\000\000\000\000\000\000\000\000\000\000\000\000\000\000\000\000\000\000\000\000\000\000\000\000\000\000\000]V<\255\t\311\340J\373l\2360+\307\213\276_\334q\007\000ix\260\201V\227\260X?\260\344/\351\252\334/\351\252\335\n\000""; }; nodes {;   nodedata: ""\323C\344\327\264{\312-\017:\006{\177\344N\002\326bO\260\220\006\033\362\345\005U\221DzJ0\001\301\025%1L\307\t\261\262z\374\222T\301\274V\236\223\262\270Ct\362\337b\356\024*\324\320\351\317\002k\336\234\027v\351\217\260\303\360\233ZPZWr\246$w\313\313\r\243r\232\2234\373\3539:N\004Q\245\272D\312D\300\300\t\323\0257\345e\271\na\215{\226\255x%T\257\037\333\004\344_/R\006E\344\037@\210\363\010\336T\226\247'\204_{\261\370""1\235\2445\343\033Y!\212\201\341\272\225'\007\310\365L\037\322q\332L\034E%3\365J\261!\212F\302\003\250\025\006\345F\004{|\351\207\007\035\013\003""; }; "
1750527582468,1750527582468,0,1,0,4,TMValidation,"validation: """"\200\000\000\001&\000\000\000\016)/\351\252\336:p\210\265\307-\212\200\004Qc\273\016\301\024\363\242\247\263\231\370\344\nBW\220K\316@3\243\200\036wk\253GSlU\010\360P\027\000\000\000\000\000\000\000\000\000\000\000\000\000\000\000\000\000\000\000\000\000\000\000\000\000\000\000\000\000\000\000\000P\031\001f\352\277\0031Q]\362\370R\350{\261\202\240\344\215\201\353\276\322p5p\350\354\017>\250r\241s!\002\364d\217\366\217|\316F\232\231\241\n\261\333`\312O\367\235\025DD\336e\367\n\312\326\221\037\025\230vF0D\002 \000\305\302\257\254\033\276p\035\364\321\354\001S\364\377\207d\007\377%l\366\231b\3202\220reg\360\002 f\021\372b\343/\350\244S\213\227G\024E+\220\246\3700#\004\316\262\220Sk\231\215\001\026Z2""; ","validation: """"\200\000\000\001&\000\000\000\016)/\351\252\336:p\210\265\307-\212\200\004Qc\273\016\301\024\363\242\247\263\231\370\344\nBW\220K\316@3\243\200\036wk\253GSlU\010\360P\027\000\000\000\000\000\000\000\000\000\000\000\000\000\000\000\000\000\000\000\000\000\000\000\000\000\000\000\000\000\000\000\000P\031\001f\352\277\0031Q]\362\370R\350{\261\202\240\344\215\201\353\276\322p5p\350\354\017>\250r\241s!\002\364d\217\366\217|\316F\232\231\241\n\261\333`\312O\367\235\025DD\336e\367\n\312\326\221\037\025\230vF0D\002 \000\305\302\257\254\033\276p\035\364\321\354\001S\364\377\207d\007\377%l\366\231b\3202\220reg\360\002 f\021\372b\343/\350\244S\213\227G\024E+\220\246\3700#\004\316\262\220Sk\231\215\001\026Z2""; "
1750527582468,1750527582468,0,1,0,4,TMGetLedger,"itype: liBASE; ledgerHash: ""c\273\016\301\024\363\242\247\263\231\370\344\nBW\220K\316@3\243\200\036wk\253GSlU\010\360""; queryType: qtINDIRECT; ","itype: liBASE; ledgerHash: ""c\273\016\301\024\363\242\247\263\231\370\344\nBW\220K\316@3\243\200\036wk\253GSlU\010\360""; queryType: qtINDIRECT; "
1750527582469,1750527582469,0,1,0,3,TMGetLedger,"itype: liBASE; ledgerHash: ""c\273\016\301\024\363\242\247\263\231\370\344\nBW\220K\316@3\243\200\036wk\253GSlU\010\360""; requestCookie: 5; queryType: qtINDIRECT; ","itype: liBASE; ledgerHash: ""c\273\016\301\024\363\242\247\263\231\370\344\nBW\220K\316@3\243\200\036wk\253GSlU\010\360""; requestCookie: 5; queryType: qtINDIRECT; "
1750527582469,1750527582470,0,1,1,3,TMGetLedger,"itype: liBASE; ledgerHash: ""c\273\016\301\024\363\242\247\263\231\370\344\nBW\220K\316@3\243\200\036wk\253GSlU\010\360""; requestCookie: 5; queryType: qtINDIRECT; ","itype: liBASE; ledgerHash: ""c\273\016\301\024\363\242\247\263\231\370\344\nBW\220K\316@3\243\200\036wk\253GSlU\010\360""; requestCookie: 5; queryType: qtINDIRECT; "
1750527582470,1750527582470,0,1,2,3,TMGetLedger,"itype: liBASE; ledgerHash: ""c\273\016\301\024\363\242\247\263\231\370\344\nBW\220K\316@3\243\200\036wk\253GSlU\010\360""; requestCookie: 5; queryType: qtINDIRECT; ","itype: liBASE; ledgerHash: ""c\273\016\301\024\363\242\247\263\231\370\344\nBW\220K\316@3\243\200\036wk\253GSlU\010\360""; requestCookie: 5; queryType: qtINDIRECT; "
1750527582471,1750527582471,0,1,3,4,TMLedgerData,"ledgerHash: ""c\273\016\301\024\363\242\247\263\231\370\344\nBW\220K\316@3\243\200\036wk\253GSlU\010\360""; ledgerSeq: 14; type: liBASE; nodes {;   nodedata: ""\000\000\000\016\001cEx]\211\377\330\001f\352\277\0031Q]\362\370R\350{\261\202\240\344\215\201\353\276\322p5p\350\354\017>\250r\241\000\000\000\000\000\000\000\000\000\000\000\000\000\000\000\000\000\000\000\000\000\000\000\000\000\000\000\000\000\000\000\000]V<\255\t\311\340J\373l\2360+\307\213\276_\334q\007\000ix\260\201V\227\260X?\260\344/\351\252\334/\351\252\335\n\000""; }; nodes {;   nodedata: ""\323C\344\327\264{\312-\017:\006{\177\344N\002\326bO\260\220\006\033\362\345\005U\221DzJ0\001\301\025%1L\307\t\261\262z\374\222T\301\274V\236\223\262\270Ct\362\337b\356\024*\324\320\351\317\002k\336\234\027v\351\217\260\303\360\233ZPZWr\246$w\313\313\r\243r\232\2234\373\3539:N\004Q\245\272D\312D\300\300\t\323\0257\345e\271\na\215{\226\255x%T\257\037\333\004\344_/R\006E\344\037@\210\363\010\336T\226\247'\204_{\261\370""1\235\2445\343\033Y!\212\201\341\272\225'\007\310\365L\037\322q\332L\034E%3\365J\261!\212F\302\003\250\025\006\345F\004{|\351\207\007\035\013\003""; }; ","ledgerHash: ""c\273\016\301\024\363\242\247\263\231\370\344\nBW\220K\316@3\243\200\036wk\253GSlU\010\360""; ledgerSeq: 14; type: liBASE; nodes {;   nodedata: ""\000\000\000\016\001cEx]\211\377\330\001f\352\277\0031Q]\362\370R\350{\261\202\240\344\215\201\353\276\322p5p\350\354\017>\250r\241\000\000\000\000\000\000\000\000\000\000\000\000\000\000\000\000\000\000\000\000\000\000\000\000\000\000\000\000\000\000\000\000]V<\255\t\311\340J\373l\2360+\307\213\276_\334q\007\000ix\260\201V\227\260X?\260\344/\351\252\334/\351\252\335\n\000""; }; nodes {;   nodedata: ""\323C\344\327\264{\312-\017:\006{\177\344N\002\326bO\260\220\006\033\362\345\005U\221DzJ0\001\301\025%1L\307\t\261\262z\374\222T\301\274V\236\223\262\270Ct\362\337b\356\024*\324\320\351\317\002k\336\234\027v\351\217\260\303\360\233ZPZWr\246$w\313\313\r\243r\232\2234\373\3539:N\004Q\245\272D\312D\300\300\t\323\0257\345e\271\na\215{\226\255x%T\257\037\333\004\344_/R\006E\344\037@\210\363\010\336T\226\247'\204_{\261\370""1\235\2445\343\033Y!\212\201\341\272\225'\007\310\365L\037\322q\332L\034E%3\365J\261!\212F\302\003\250\025\006\345F\004{|\351\207\007\035\013\003""; }; "
1750527582471,1750527582471,0,1,1,3,TMGetLedger,"itype: liBASE; ledgerHash: ""c\273\016\301\024\363\242\247\263\231\370\344\nBW\220K\316@3\243\200\036wk\253GSlU\010\360""; requestCookie: 2; queryType: qtINDIRECT; ","itype: liBASE; ledgerHash: ""c\273\016\301\024\363\242\247\263\231\370\344\nBW\220K\316@3\243\200\036wk\253GSlU\010\360""; requestCookie: 2; queryType: qtINDIRECT; "
1750527582472,1750527582472,0,1,3,0,TMLedgerData,"ledgerHash: ""c\273\016\301\024\363\242\247\263\231\370\344\nBW\220K\316@3\243\200\036wk\253GSlU\010\360""; ledgerSeq: 14; type: liBASE; nodes {;   nodedata: ""\000\000\000\016\001cEx]\211\377\330\001f\352\277\0031Q]\362\370R\350{\261\202\240\344\215\201\353\276\322p5p\350\354\017>\250r\241\000\000\000\000\000\000\000\000\000\000\000\000\000\000\000\000\000\000\000\000\000\000\000\000\000\000\000\000\000\000\000\000]V<\255\t\311\340J\373l\2360+\307\213\276_\334q\007\000ix\260\201V\227\260X?\260\344/\351\252\334/\351\252\335\n\000""; }; nodes {;   nodedata: ""\323C\344\327\264{\312-\017:\006{\177\344N\002\326bO\260\220\006\033\362\345\005U\221DzJ0\001\301\025%1L\307\t\261\262z\374\222T\301\274V\236\223\262\270Ct\362\337b\356\024*\324\320\351\317\002k\336\234\027v\351\217\260\303\360\233ZPZWr\246$w\313\313\r\243r\232\2234\373\3539:N\004Q\245\272D\312D\300\300\t\323\0257\345e\271\na\215{\226\255x%T\257\037\333\004\344_/R\006E\344\037@\210\363\010\336T\226\247'\204_{\261\370""1\235\2445\343\033Y!\212\201\341\272\225'\007\310\365L\037\322q\332L\034E%3\365J\261!\212F\302\003\250\025\006\345F\004{|\351\207\007\035\013\003""; }; ","ledgerHash: ""c\273\016\301\024\363\242\247\263\231\370\344\nBW\220K\316@3\243\200\036wk\253GSlU\010\360""; ledgerSeq: 14; type: liBASE; nodes {;   nodedata: ""\000\000\000\016\001cEx]\211\377\330\001f\352\277\0031Q]\362\370R\350{\261\202\240\344\215\201\353\276\322p5p\350\354\017>\250r\241\000\000\000\000\000\000\000\000\000\000\000\000\000\000\000\000\000\000\000\000\000\000\000\000\000\000\000\000\000\000\000\000]V<\255\t\311\340J\373l\2360+\307\213\276_\334q\007\000ix\260\201V\227\260X?\260\344/\351\252\334/\351\252\335\n\000""; }; nodes {;   nodedata: ""\323C\344\327\264{\312-\017:\006{\177\344N\002\326bO\260\220\006\033\362\345\005U\221DzJ0\001\301\025%1L\307\t\261\262z\374\222T\301\274V\236\223\262\270Ct\362\337b\356\024*\324\320\351\317\002k\336\234\027v\351\217\260\303\360\233ZPZWr\246$w\313\313\r\243r\232\2234\373\3539:N\004Q\245\272D\312D\300\300\t\323\0257\345e\271\na\215{\226\255x%T\257\037\333\004\344_/R\006E\344\037@\210\363\010\336T\226\247'\204_{\261\370""1\235\2445\343\033Y!\212\201\341\272\225'\007\310\365L\037\322q\332L\034E%3\365J\261!\212F\302\003\250\025\006\345F\004{|\351\207\007\035\013\003""; }; "
1750527582473,1750527582473,0,1,3,0,TMLedgerData,"ledgerHash: ""c\273\016\301\024\363\242\247\263\231\370\344\nBW\220K\316@3\243\200\036wk\253GSlU\010\360""; ledgerSeq: 14; type: liBASE; nodes {;   nodedata: ""\000\000\000\016\001cEx]\211\377\330\001f\352\277\0031Q]\362\370R\350{\261\202\240\344\215\201\353\276\322p5p\350\354\017>\250r\241\000\000\000\000\000\000\000\000\000\000\000\000\000\000\000\000\000\000\000\000\000\000\000\000\000\000\000\000\000\000\000\000]V<\255\t\311\340J\373l\2360+\307\213\276_\334q\007\000ix\260\201V\227\260X?\260\344/\351\252\334/\351\252\335\n\000""; }; nodes {;   nodedata: ""\323C\344\327\264{\312-\017:\006{\177\344N\002\326bO\260\220\006\033\362\345\005U\221DzJ0\001\301\025%1L\307\t\261\262z\374\222T\301\274V\236\223\262\270Ct\362\337b\356\024*\324\320\351\317\002k\336\234\027v\351\217\260\303\360\233ZPZWr\246$w\313\313\r\243r\232\2234\373\3539:N\004Q\245\272D\312D\300\300\t\323\0257\345e\271\na\215{\226\255x%T\257\037\333\004\344_/R\006E\344\037@\210\363\010\336T\226\247'\204_{\261\370""1\235\2445\343\033Y!\212\201\341\272\225'\007\310\365L\037\322q\332L\034E%3\365J\261!\212F\302\003\250\025\006\345F\004{|\351\207\007\035\013\003""; }; ","ledgerHash: ""c\273\016\301\024\363\242\247\263\231\370\344\nBW\220K\316@3\243\200\036wk\253GSlU\010\360""; ledgerSeq: 14; type: liBASE; nodes {;   nodedata: ""\000\000\000\016\001cEx]\211\377\330\001f\352\277\0031Q]\362\370R\350{\261\202\240\344\215\201\353\276\322p5p\350\354\017>\250r\241\000\000\000\000\000\000\000\000\000\000\000\000\000\000\000\000\000\000\000\000\000\000\000\000\000\000\000\000\000\000\000\000]V<\255\t\311\340J\373l\2360+\307\213\276_\334q\007\000ix\260\201V\227\260X?\260\344/\351\252\334/\351\252\335\n\000""; }; nodes {;   nodedata: ""\323C\344\327\264{\312-\017:\006{\177\344N\002\326bO\260\220\006\033\362\345\005U\221DzJ0\001\301\025%1L\307\t\261\262z\374\222T\301\274V\236\223\262\270Ct\362\337b\356\024*\324\320\351\317\002k\336\234\027v\351\217\260\303\360\233ZPZWr\246$w\313\313\r\243r\232\2234\373\3539:N\004Q\245\272D\312D\300\300\t\323\0257\345e\271\na\215{\226\255x%T\257\037\333\004\344_/R\006E\344\037@\210\363\010\336T\226\247'\204_{\261\370""1\235\2445\343\033Y!\212\201\341\272\225'\007\310\365L\037\322q\332L\034E%3\365J\261!\212F\302\003\250\025\006\345F\004{|\351\207\007\035\013\003""; }; "
1750527582474,1750527582474,0,1,3,1,TMLedgerData,"ledgerHash: ""c\273\016\301\024\363\242\247\263\231\370\344\nBW\220K\316@3\243\200\036wk\253GSlU\010\360""; ledgerSeq: 14; type: liBASE; nodes {;   nodedata: ""\000\000\000\016\001cEx]\211\377\330\001f\352\277\0031Q]\362\370R\350{\261\202\240\344\215\201\353\276\322p5p\350\354\017>\250r\241\000\000\000\000\000\000\000\000\000\000\000\000\000\000\000\000\000\000\000\000\000\000\000\000\000\000\000\000\000\000\000\000]V<\255\t\311\340J\373l\2360+\307\213\276_\334q\007\000ix\260\201V\227\260X?\260\344/\351\252\334/\351\252\335\n\000""; }; nodes {;   nodedata: ""\323C\344\327\264{\312-\017:\006{\177\344N\002\326bO\260\220\006\033\362\345\005U\221DzJ0\001\301\025%1L\307\t\261\262z\374\222T\301\274V\236\223\262\270Ct\362\337b\356\024*\324\320\351\317\002k\336\234\027v\351\217\260\303\360\233ZPZWr\246$w\313\313\r\243r\232\2234\373\3539:N\004Q\245\272D\312D\300\300\t\323\0257\345e\271\na\215{\226\255x%T\257\037\333\004\344_/R\006E\344\037@\210\363\010\336T\226\247'\204_{\261\370""1\235\2445\343\033Y!\212\201\341\272\225'\007\310\365L\037\322q\332L\034E%3\365J\261!\212F\302\003\250\025\006\345F\004{|\351\207\007\035\013\003""; }; ","ledgerHash: ""c\273\016\301\024\363\242\247\263\231\370\344\nBW\220K\316@3\243\200\036wk\253GSlU\010\360""; ledgerSeq: 14; type: liBASE; nodes {;   nodedata: ""\000\000\000\016\001cEx]\211\377\330\001f\352\277\0031Q]\362\370R\350{\261\202\240\344\215\201\353\276\322p5p\350\354\017>\250r\241\000\000\000\000\000\000\000\000\000\000\000\000\000\000\000\000\000\000\000\000\000\000\000\000\000\000\000\000\000\000\000\000]V<\255\t\311\340J\373l\2360+\307\213\276_\334q\007\000ix\260\201V\227\260X?\260\344/\351\252\334/\351\252\335\n\000""; }; nodes {;   nodedata: ""\323C\344\327\264{\312-\017:\006{\177\344N\002\326bO\260\220\006\033\362\345\005U\221DzJ0\001\301\025%1L\307\t\261\262z\374\222T\301\274V\236\223\262\270Ct\362\337b\356\024*\324\320\351\317\002k\336\234\027v\351\217\260\303\360\233ZPZWr\246$w\313\313\r\243r\232\2234\373\3539:N\004Q\245\272D\312D\300\300\t\323\0257\345e\271\na\215{\226\255x%T\257\037\333\004\344_/R\006E\344\037@\210\363\010\336T\226\247'\204_{\261\370""1\235\2445\343\033Y!\212\201\341\272\225'\007\310\365L\037\322q\332L\034E%3\365J\261!\212F\302\003\250\025\006\345F\004{|\351\207\007\035\013\003""; }; "
1750527582474,1750527582474,0,1,4,3,TMGetLedger,"itype: liBASE; ledgerHash: ""c\273\016\301\024\363\242\247\263\231\370\344\nBW\220K\316@3\243\200\036wk\253GSlU\010\360""; ledgerSeq: 14; requestCookie: 3; queryType: qtINDIRECT; ","itype: liBASE; ledgerHash: ""c\273\016\301\024\363\242\247\263\231\370\344\nBW\220K\316@3\243\200\036wk\253GSlU\010\360""; ledgerSeq: 14; requestCookie: 3; queryType: qtINDIRECT; "
1750527582475,1750527582475,0,1,3,1,TMLedgerData,"ledgerHash: ""c\273\016\301\024\363\242\247\263\231\370\344\nBW\220K\316@3\243\200\036wk\253GSlU\010\360""; ledgerSeq: 14; type: liBASE; nodes {;   nodedata: ""\000\000\000\016\001cEx]\211\377\330\001f\352\277\0031Q]\362\370R\350{\261\202\240\344\215\201\353\276\322p5p\350\354\017>\250r\241\000\000\000\000\000\000\000\000\000\000\000\000\000\000\000\000\000\000\000\000\000\000\000\000\000\000\000\000\000\000\000\000]V<\255\t\311\340J\373l\2360+\307\213\276_\334q\007\000ix\260\201V\227\260X?\260\344/\351\252\334/\351\252\335\n\000""; }; nodes {;   nodedata: ""\323C\344\327\264{\312-\017:\006{\177\344N\002\326bO\260\220\006\033\362\345\005U\221DzJ0\001\301\025%1L\307\t\261\262z\374\222T\301\274V\236\223\262\270Ct\362\337b\356\024*\324\320\351\317\002k\336\234\027v\351\217\260\303\360\233ZPZWr\246$w\313\313\r\243r\232\2234\373\3539:N\004Q\245\272D\312D\300\300\t\323\0257\345e\271\na\215{\226\255x%T\257\037\333\004\344_/R\006E\344\037@\210\363\010\336T\226\247'\204_{\261\370""1\235\2445\343\033Y!\212\201\341\272\225'\007\310\365L\037\322q\332L\034E%3\365J\261!\212F\302\003\250\025\006\345F\004{|\351\207\007\035\013\003""; }; ","ledgerHash: ""c\273\016\301\024\363\242\247\263\231\370\344\nBW\220K\316@3\243\200\036wk\253GSlU\010\360""; ledgerSeq: 14; type: liBASE; nodes {;   nodedata: ""\000\000\000\016\001cEx]\211\377\330\001f\352\277\0031Q]\362\370R\350{\261\202\240\344\215\201\353\276\322p5p\350\354\017>\250r\241\000\000\000\000\000\000\000\000\000\000\000\000\000\000\000\000\000\000\000\000\000\000\000\000\000\000\000\000\000\000\000\000]V<\255\t\311\340J\373l\2360+\307\213\276_\334q\007\000ix\260\201V\227\260X?\260\344/\351\252\334/\351\252\335\n\000""; }; nodes {;   nodedata: ""\323C\344\327\264{\312-\017:\006{\177\344N\002\326bO\260\220\006\033\362\345\005U\221DzJ0\001\301\025%1L\307\t\261\262z\374\222T\301\274V\236\223\262\270Ct\362\337b\356\024*\324\320\351\317\002k\336\234\027v\351\217\260\303\360\233ZPZWr\246$w\313\313\r\243r\232\2234\373\3539:N\004Q\245\272D\312D\300\300\t\323\0257\345e\271\na\215{\226\255x%T\257\037\333\004\344_/R\006E\344\037@\210\363\010\336T\226\247'\204_{\261\370""1\235\2445\343\033Y!\212\201\341\272\225'\007\310\365L\037\322q\332L\034E%3\365J\261!\212F\302\003\250\025\006\345F\004{|\351\207\007\035\013\003""; }; "
1750527582475,1750527582475,0,1,0,3,TMGetLedger,"itype: liBASE; ledgerHash: ""c\273\016\301\024\363\242\247\263\231\370\344\nBW\220K\316@3\243\200\036wk\253GSlU\010\360""; requestCookie: 2; queryType: qtINDIRECT; ","itype: liBASE; ledgerHash: ""c\273\016\301\024\363\242\247\263\231\370\344\nBW\220K\316@3\243\200\036wk\253GSlU\010\360""; requestCookie: 2; queryType: qtINDIRECT; "
1750527582476,1750527582476,0,1,2,3,TMGetLedger,"itype: liBASE; ledgerHash: ""c\273\016\301\024\363\242\247\263\231\370\344\nBW\220K\316@3\243\200\036wk\253GSlU\010\360""; requestCookie: 2; queryType: qtINDIRECT; ","itype: liBASE; ledgerHash: ""c\273\016\301\024\363\242\247\263\231\370\344\nBW\220K\316@3\243\200\036wk\253GSlU\010\360""; requestCookie: 2; queryType: qtINDIRECT; "
1750527582477,1750527582477,0,1,3,0,TMLedgerData,"ledgerHash: ""c\273\016\301\024\363\242\247\263\231\370\344\nBW\220K\316@3\243\200\036wk\253GSlU\010\360""; ledgerSeq: 14; type: liBASE; nodes {;   nodedata: ""\000\000\000\016\001cEx]\211\377\330\001f\352\277\0031Q]\362\370R\350{\261\202\240\344\215\201\353\276\322p5p\350\354\017>\250r\241\000\000\000\000\000\000\000\000\000\000\000\000\000\000\000\000\000\000\000\000\000\000\000\000\000\000\000\000\000\000\000\000]V<\255\t\311\340J\373l\2360+\307\213\276_\334q\007\000ix\260\201V\227\260X?\260\344/\351\252\334/\351\252\335\n\000""; }; nodes {;   nodedata: ""\323C\344\327\264{\312-\017:\006{\177\344N\002\326bO\260\220\006\033\362\345\005U\221DzJ0\001\301\025%1L\307\t\261\262z\374\222T\301\274V\236\223\262\270Ct\362\337b\356\024*\324\320\351\317\002k\336\234\027v\351\217\260\303\360\233ZPZWr\246$w\313\313\r\243r\232\2234\373\3539:N\004Q\245\272D\312D\300\300\t\323\0257\345e\271\na\215{\226\255x%T\257\037\333\004\344_/R\006E\344\037@\210\363\010\336T\226\247'\204_{\261\370""1\235\2445\343\033Y!\212\201\341\272\225'\007\310\365L\037\322q\332L\034E%3\365J\261!\212F\302\003\250\025\006\345F\004{|\351\207\007\035\013\003""; }; requestCookie: 3; ","ledgerHash: ""c\273\016\301\024\363\242\247\263\231\370\344\nBW\220K\316@3\243\200\036wk\253GSlU\010\360""; ledgerSeq: 14; type: liBASE; nodes {;   nodedata: ""\000\000\000\016\001cEx]\211\377\330\001f\352\277\0031Q]\362\370R\350{\261\202\240\344\215\201\353\276\322p5p\350\354\017>\250r\241\000\000\000\000\000\000\000\000\000\000\000\000\000\000\000\000\000\000\000\000\000\000\000\000\000\000\000\000\000\000\000\000]V<\255\t\311\340J\373l\2360+\307\213\276_\334q\007\000ix\260\201V\227\260X?\260\344/\351\252\334/\351\252\335\n\000""; }; nodes {;   nodedata: ""\323C\344\327\264{\312-\017:\006{\177\344N\002\326bO\260\220\006\033\362\345\005U\221DzJ0\001\301\025%1L\307\t\261\262z\374\222T\301\274V\236\223\262\270Ct\362\337b\356\024*\324\320\351\317\002k\336\234\027v\351\217\260\303\360\233ZPZWr\246$w\313\313\r\243r\232\2234\373\3539:N\004Q\245\272D\312D\300\300\t\323\0257\345e\271\na\215{\226\255x%T\257\037\333\004\344_/R\006E\344\037@\210\363\010\336T\226\247'\204_{\261\370""1\235\2445\343\033Y!\212\201\341\272\225'\007\310\365L\037\322q\332L\034E%3\365J\261!\212F\302\003\250\025\006\345F\004{|\351\207\007\035\013\003""; }; requestCookie: 3; "
1750527582478,1750527582478,0,1,2,3,TMGetLedger,"itype: liBASE; ledgerHash: ""c\273\016\301\024\363\242\247\263\231\370\344\nBW\220K\316@3\243\200\036wk\253GSlU\010\360""; requestCookie: 3; queryType: qtINDIRECT; ","itype: liBASE; ledgerHash: ""c\273\016\301\024\363\242\247\263\231\370\344\nBW\220K\316@3\243\200\036wk\253GSlU\010\360""; requestCookie: 3; queryType: qtINDIRECT; "
1750527582478,1750527582478,0,1,2,3,TMGetLedger,"itype: liAS_NODE; ledgerHash: ""c\273\016\301\024\363\242\247\263\231\370\344\nBW\220K\316@3\243\200\036wk\253GSlU\010\360""; ledgerSeq: 14; nodeIDs: ""\260\000\000\000\000\000\000\000\000\000\000\000\000\000\000\000\000\000\000\000\000\000\000\000\000\000\000\000\000\000\000\000\001""; queryType: qtINDIRECT; queryDepth: 1; ","itype: liAS_NODE; ledgerHash: ""c\273\016\301\024\363\242\247\263\231\370\344\nBW\220K\316@3\243\200\036wk\253GSlU\010\360""; ledgerSeq: 14; nodeIDs: ""\260\000\000\000\000\000\000\000\000\000\000\000\000\000\000\000\000\000\000\000\000\000\000\000\000\000\000\000\000\000\000\000\001""; queryType: qtINDIRECT; queryDepth: 1; "
1750527582479,1750527582479,0,1,4,3,TMGetLedger,"itype: liBASE; ledgerHash: ""c\273\016\301\024\363\242\247\263\231\370\344\nBW\220K\316@3\243\200\036wk\253GSlU\010\360""; requestCookie: 2; queryType: qtINDIRECT; ","itype: liBASE; ledgerHash: ""c\273\016\301\024\363\242\247\263\231\370\344\nBW\220K\316@3\243\200\036wk\253GSlU\010\360""; requestCookie: 2; queryType: qtINDIRECT; "
1750527582480,1750527582480,0,1,3,1,TMLedgerData,"ledgerHash: ""c\273\016\301\024\363\242\247\263\231\370\344\nBW\220K\316@3\243\200\036wk\253GSlU\010\360""; ledgerSeq: 14; type: liBASE; nodes {;   nodedata: ""\000\000\000\016\001cEx]\211\377\330\001f\352\277\0031Q]\362\370R\350{\261\202\240\344\215\201\353\276\322p5p\350\354\017>\250r\241\000\000\000\000\000\000\000\000\000\000\000\000\000\000\000\000\000\000\000\000\000\000\000\000\000\000\000\000\000\000\000\000]V<\255\t\311\340J\373l\2360+\307\213\276_\334q\007\000ix\260\201V\227\260X?\260\344/\351\252\334/\351\252\335\n\000""; }; nodes {;   nodedata: ""\323C\344\327\264{\312-\017:\006{\177\344N\002\326bO\260\220\006\033\362\345\005U\221DzJ0\001\301\025%1L\307\t\261\262z\374\222T\301\274V\236\223\262\270Ct\362\337b\356\024*\324\320\351\317\002k\336\234\027v\351\217\260\303\360\233ZPZWr\246$w\313\313\r\243r\232\2234\373\3539:N\004Q\245\272D\312D\300\300\t\323\0257\345e\271\na\215{\226\255x%T\257\037\333\004\344_/R\006E\344\037@\210\363\010\336T\226\247'\204_{\261\370""1\235\2445\343\033Y!\212\201\341\272\225'\007\310\365L\037\322q\332L\034E%3\365J\261!\212F\302\003\250\025\006\345F\004{|\351\207\007\035\013\003""; }; requestCookie: 3; ","ledgerHash: ""c\273\016\301\024\363\242\247\263\231\370\344\nBW\220K\316@3\243\200\036wk\253GSlU\010\360""; ledgerSeq: 14; type: liBASE; nodes {;   nodedata: ""\000\000\000\016\001cEx]\211\377\330\001f\352\277\0031Q]\362\370R\350{\261\202\240\344\215\201\353\276\322p5p\350\354\017>\250r\241\000\000\000\000\000\000\000\000\000\000\000\000\000\000\000\000\000\000\000\000\000\000\000\000\000\000\000\000\000\000\000\000]V<\255\t\311\340J\373l\2360+\307\213\276_\334q\007\000ix\260\201V\227\260X?\260\344/\351\252\334/\351\252\335\n\000""; }; nodes {;   nodedata: ""\323C\344\327\264{\312-\017:\006{\177\344N\002\326bO\260\220\006\033\362\345\005U\221DzJ0\001\301\025%1L\307\t\261\262z\374\222T\301\274V\236\223\262\270Ct\362\337b\356\024*\324\320\351\317\002k\336\234\027v\351\217\260\303\360\233ZPZWr\246$w\313\313\r\243r\232\2234\373\3539:N\004Q\245\272D\312D\300\300\t\323\0257\345e\271\na\215{\226\255x%T\257\037\333\004\344_/R\006E\344\037@\210\363\010\336T\226\247'\204_{\261\370""1\235\2445\343\033Y!\212\201\341\272\225'\007\310\365L\037\322q\332L\034E%3\365J\261!\212F\302\003\250\025\006\345F\004{|\351\207\007\035\013\003""; }; requestCookie: 3; "
1750527582480,1750527582480,0,1,4,3,TMGetLedger,"itype: liAS_NODE; ledgerHash: ""c\273\016\301\024\363\242\247\263\231\370\344\nBW\220K\316@3\243\200\036wk\253GSlU\010\360""; ledgerSeq: 14; nodeIDs: ""\260\000\000\000\000\000\000\000\000\000\000\000\000\000\000\000\000\000\000\000\000\000\000\000\000\000\000\000\000\000\000\000\001""; queryType: qtINDIRECT; queryDepth: 1; ","itype: liAS_NODE; ledgerHash: ""c\273\016\301\024\363\242\247\263\231\370\344\nBW\220K\316@3\243\200\036wk\253GSlU\010\360""; ledgerSeq: 14; nodeIDs: ""\260\000\000\000\000\000\000\000\000\000\000\000\000\000\000\000\000\000\000\000\000\000\000\000\000\000\000\000\000\000\000\000\001""; queryType: qtINDIRECT; queryDepth: 1; "
1750527582481,1750527582482,0,1,3,0,TMLedgerData,"ledgerHash: ""c\273\016\301\024\363\242\247\263\231\370\344\nBW\220K\316@3\243\200\036wk\253GSlU\010\360""; ledgerSeq: 14; type: liBASE; nodes {;   nodedata: ""\000\000\000\016\001cEx]\211\377\330\001f\352\277\0031Q]\362\370R\350{\261\202\240\344\215\201\353\276\322p5p\350\354\017>\250r\241\000\000\000\000\000\000\000\000\000\000\000\000\000\000\000\000\000\000\000\000\000\000\000\000\000\000\000\000\000\000\000\000]V<\255\t\311\340J\373l\2360+\307\213\276_\334q\007\000ix\260\201V\227\260X?\260\344/\351\252\334/\351\252\335\n\000""; }; nodes {;   nodedata: ""\323C\344\327\264{\312-\017:\006{\177\344N\002\326bO\260\220\006\033\362\345\005U\221DzJ0\001\301\025%1L\307\t\261\262z\374\222T\301\274V\236\223\262\270Ct\362\337b\356\024*\324\320\351\317\002k\336\234\027v\351\217\260\303\360\233ZPZWr\246$w\313\313\r\243r\232\2234\373\3539:N\004Q\245\272D\312D\300\300\t\323\0257\345e\271\na\215{\226\255x%T\257\037\333\004\344_/R\006E\344\037@\210\363\010\336T\226\247'\204_{\261\370""1\235\2445\343\033Y!\212\201\341\272\225'\007\310\365L\037\322q\332L\034E%3\365J\261!\212F\302\003\250\025\006\345F\004{|\351\207\007\035\013\003""; }; requestCookie: 5; ","ledgerHash: ""c\273\016\301\024\363\242\247\263\231\370\344\nBW\220K\316@3\243\200\036wk\253GSlU\010\360""; ledgerSeq: 14; type: liBASE; nodes {;   nodedata: ""\000\000\000\016\001cEx]\211\377\330\001f\352\277\0031Q]\362\370R\350{\261\202\240\344\215\201\353\276\322p5p\350\354\017>\250r\241\000\000\000\000\000\000\000\000\000\000\000\000\000\000\000\000\000\000\000\000\000\000\000\000\000\000\000\000\000\000\000\000]V<\255\t\311\340J\373l\2360+\307\213\276_\334q\007\000ix\260\201V\227\260X?\260\344/\351\252\334/\351\252\335\n\000""; }; nodes {;   nodedata: ""\323C\344\327\264{\312-\017:\006{\177\344N\002\326bO\260\220\006\033\362\345\005U\221DzJ0\001\301\025%1L\307\t\261\262z\374\222T\301\274V\236\223\262\270Ct\362\337b\356\024*\324\320\351\317\002k\336\234\027v\351\217\260\303\360\233ZPZWr\246$w\313\313\r\243r\232\2234\373\3539:N\004Q\245\272D\312D\300\300\t\323\0257\345e\271\na\215{\226\255x%T\257\037\333\004\344_/R\006E\344\037@\210\363\010\336T\226\247'\204_{\261\370""1\235\2445\343\033Y!\212\201\341\272\225'\007\310\365L\037\322q\332L\034E%3\365J\261!\212F\302\003\250\025\006\345F\004{|\351\207\007\035\013\003""; }; requestCookie: 5; "
1750527582482,1750527582482,0,1,3,1,TMLedgerData,"ledgerHash: ""c\273\016\301\024\363\242\247\263\231\370\344\nBW\220K\316@3\243\200\036wk\253GSlU\010\360""; ledgerSeq: 14; type: liBASE; nodes {;   nodedata: ""\000\000\000\016\001cEx]\211\377\330\001f\352\277\0031Q]\362\370R\350{\261\202\240\344\215\201\353\276\322p5p\350\354\017>\250r\241\000\000\000\000\000\000\000\000\000\000\000\000\000\000\000\000\000\000\000\000\000\000\000\000\000\000\000\000\000\000\000\000]V<\255\t\311\340J\373l\2360+\307\213\276_\334q\007\000ix\260\201V\227\260X?\260\344/\351\252\334/\351\252\335\n\000""; }; nodes {;   nodedata: ""\323C\344\327\264{\312-\017:\006{\177\344N\002\326bO\260\220\006\033\362\345\005U\221DzJ0\001\301\025%1L\307\t\261\262z\374\222T\301\274V\236\223\262\270Ct\362\337b\356\024*\324\320\351\317\002k\336\234\027v\351\217\260\303\360\233ZPZWr\246$w\313\313\r\243r\232\2234\373\3539:N\004Q\245\272D\312D\300\300\t\323\0257\345e\271\na\215{\226\255x%T\257\037\333\004\344_/R\006E\344\037@\210\363\010\336T\226\247'\204_{\261\370""1\235\2445\343\033Y!\212\201\341\272\225'\007\310\365L\037\322q\332L\034E%3\365J\261!\212F\302\003\250\025\006\345F\004{|\351\207\007\035\013\003""; }; requestCookie: 5; ","ledgerHash: ""c\273\016\301\024\363\242\247\263\231\370\344\nBW\220K\316@3\243\200\036wk\253GSlU\010\360""; ledgerSeq: 14; type: liBASE; nodes {;   nodedata: ""\000\000\000\016\001cEx]\211\377\330\001f\352\277\0031Q]\362\370R\350{\261\202\240\344\215\201\353\276\322p5p\350\354\017>\250r\241\000\000\000\000\000\000\000\000\000\000\000\000\000\000\000\000\000\000\000\000\000\000\000\000\000\000\000\000\000\000\000\000]V<\255\t\311\340J\373l\2360+\307\213\276_\334q\007\000ix\260\201V\227\260X?\260\344/\351\252\334/\351\252\335\n\000""; }; nodes {;   nodedata: ""\323C\344\327\264{\312-\017:\006{\177\344N\002\326bO\260\220\006\033\362\345\005U\221DzJ0\001\301\025%1L\307\t\261\262z\374\222T\301\274V\236\223\262\270Ct\362\337b\356\024*\324\320\351\317\002k\336\234\027v\351\217\260\303\360\233ZPZWr\246$w\313\313\r\243r\232\2234\373\3539:N\004Q\245\272D\312D\300\300\t\323\0257\345e\271\na\215{\226\255x%T\257\037\333\004\344_/R\006E\344\037@\210\363\010\336T\226\247'\204_{\261\370""1\235\2445\343\033Y!\212\201\341\272\225'\007\310\365L\037\322q\332L\034E%3\365J\261!\212F\302\003\250\025\006\345F\004{|\351\207\007\035\013\003""; }; requestCookie: 5; "
1750527582482,1750527582483,0,1,3,2,TMLedgerData,"ledgerHash: ""c\273\016\301\024\363\242\247\263\231\370\344\nBW\220K\316@3\243\200\036wk\253GSlU\010\360""; ledgerSeq: 14; type: liBASE; nodes {;   nodedata: ""\000\000\000\016\001cEx]\211\377\330\001f\352\277\0031Q]\362\370R\350{\261\202\240\344\215\201\353\276\322p5p\350\354\017>\250r\241\000\000\000\000\000\000\000\000\000\000\000\000\000\000\000\000\000\000\000\000\000\000\000\000\000\000\000\000\000\000\000\000]V<\255\t\311\340J\373l\2360+\307\213\276_\334q\007\000ix\260\201V\227\260X?\260\344/\351\252\334/\351\252\335\n\000""; }; nodes {;   nodedata: ""\323C\344\327\264{\312-\017:\006{\177\344N\002\326bO\260\220\006\033\362\345\005U\221DzJ0\001\301\025%1L\307\t\261\262z\374\222T\301\274V\236\223\262\270Ct\362\337b\356\024*\324\320\351\317\002k\336\234\027v\351\217\260\303\360\233ZPZWr\246$w\313\313\r\243r\232\2234\373\3539:N\004Q\245\272D\312D\300\300\t\323\0257\345e\271\na\215{\226\255x%T\257\037\333\004\344_/R\006E\344\037@\210\363\010\336T\226\247'\204_{\261\370""1\235\2445\343\033Y!\212\201\341\272\225'\007\310\365L\037\322q\332L\034E%3\365J\261!\212F\302\003\250\025\006\345F\004{|\351\207\007\035\013\003""; }; requestCookie: 5; ","ledgerHash: ""c\273\016\301\024\363\242\247\263\231\370\344\nBW\220K\316@3\243\200\036wk\253GSlU\010\360""; ledgerSeq: 14; type: liBASE; nodes {;   nodedata: ""\000\000\000\016\001cEx]\211\377\330\001f\352\277\0031Q]\362\370R\350{\261\202\240\344\215\201\353\276\322p5p\350\354\017>\250r\241\000\000\000\000\000\000\000\000\000\000\000\000\000\000\000\000\000\000\000\000\000\000\000\000\000\000\000\000\000\000\000\000]V<\255\t\311\340J\373l\2360+\307\213\276_\334q\007\000ix\260\201V\227\260X?\260\344/\351\252\334/\351\252\335\n\000""; }; nodes {;   nodedata: ""\323C\344\327\264{\312-\017:\006{\177\344N\002\326bO\260\220\006\033\362\345\005U\221DzJ0\001\301\025%1L\307\t\261\262z\374\222T\301\274V\236\223\262\270Ct\362\337b\356\024*\324\320\351\317\002k\336\234\027v\351\217\260\303\360\233ZPZWr\246$w\313\313\r\243r\232\2234\373\3539:N\004Q\245\272D\312D\300\300\t\323\0257\345e\271\na\215{\226\255x%T\257\037\333\004\344_/R\006E\344\037@\210\363\010\336T\226\247'\204_{\261\370""1\235\2445\343\033Y!\212\201\341\272\225'\007\310\365L\037\322q\332L\034E%3\365J\261!\212F\302\003\250\025\006\345F\004{|\351\207\007\035\013\003""; }; requestCookie: 5; "
1750527582483,1750527582483,0,1,4,3,TMGetLedger,"itype: liBASE; ledgerHash: ""c\273\016\301\024\363\242\247\263\231\370\344\nBW\220K\316@3\243\200\036wk\253GSlU\010\360""; requestCookie: 1; queryType: qtINDIRECT; ","itype: liBASE; ledgerHash: ""c\273\016\301\024\363\242\247\263\231\370\344\nBW\220K\316@3\243\200\036wk\253GSlU\010\360""; requestCookie: 1; queryType: qtINDIRECT; "
1750527582484,1750527582484,0,1,3,1,TMLedgerData,"ledgerHash: ""c\273\016\301\024\363\242\247\263\231\370\344\nBW\220K\316@3\243\200\036wk\253GSlU\010\360""; ledgerSeq: 14; type: liBASE; nodes {;   nodedata: ""\000\000\000\016\001cEx]\211\377\330\001f\352\277\0031Q]\362\370R\350{\261\202\240\344\215\201\353\276\322p5p\350\354\017>\250r\241\000\000\000\000\000\000\000\000\000\000\000\000\000\000\000\000\000\000\000\000\000\000\000\000\000\000\000\000\000\000\000\000]V<\255\t\311\340J\373l\2360+\307\213\276_\334q\007\000ix\260\201V\227\260X?\260\344/\351\252\334/\351\252\335\n\000""; }; nodes {;   nodedata: ""\323C\344\327\264{\312-\017:\006{\177\344N\002\326bO\260\220\006\033\362\345\005U\221DzJ0\001\301\025%1L\307\t\261\262z\374\222T\301\274V\236\223\262\270Ct\362\337b\356\024*\324\320\351\317\002k\336\234\027v\351\217\260\303\360\233ZPZWr\246$w\313\313\r\243r\232\2234\373\3539:N\004Q\245\272D\312D\300\300\t\323\0257\345e\271\na\215{\226\255x%T\257\037\333\004\344_/R\006E\344\037@\210\363\010\336T\226\247'\204_{\261\370""1\235\2445\343\033Y!\212\201\341\272\225'\007\310\365L\037\322q\332L\034E%3\365J\261!\212F\302\003\250\025\006\345F\004{|\351\207\007\035\013\003""; }; requestCookie: 2; ","ledgerHash: ""c\273\016\301\024\363\242\247\263\231\370\344\nBW\220K\316@3\243\200\036wk\253GSlU\010\360""; ledgerSeq: 14; type: liBASE; nodes {;   nodedata: ""\000\000\000\016\001cEx]\211\377\330\001f\352\277\0031Q]\362\370R\350{\261\202\240\344\215\201\353\276\322p5p\350\354\017>\250r\241\000\000\000\000\000\000\000\000\000\000\000\000\000\000\000\000\000\000\000\000\000\000\000\000\000\000\000\000\000\000\000\000]V<\255\t\311\340J\373l\2360+\307\213\276_\334q\007\000ix\260\201V\227\260X?\260\344/\351\252\334/\351\252\335\n\000""; }; nodes {;   nodedata: ""\323C\344\327\264{\312-\017:\006{\177\344N\002\326bO\260\220\006\033\362\345\005U\221DzJ0\001\301\025%1L\307\t\261\262z\374\222T\301\274V\236\223\262\270Ct\362\337b\356\024*\324\320\351\317\002k\336\234\027v\351\217\260\303\360\233ZPZWr\246$w\313\313\r\243r\232\2234\373\3539:N\004Q\245\272D\312D\300\300\t\323\0257\345e\271\na\215{\226\255x%T\257\037\333\004\344_/R\006E\344\037@\210\363\010\336T\226\247'\204_{\261\370""1\235\2445\343\033Y!\212\201\341\272\225'\007\310\365L\037\322q\332L\034E%3\365J\261!\212F\302\003\250\025\006\345F\004{|\351\207\007\035\013\003""; }; requestCookie: 2; "
1750527582484,1750527582484,0,1,0,3,TMGetLedger,"itype: liAS_NODE; ledgerHash: ""c\273\016\301\024\363\242\247\263\231\370\344\nBW\220K\316@3\243\200\036wk\253GSlU\010\360""; ledgerSeq: 14; nodeIDs: ""\260\000\000\000\000\000\000\000\000\000\000\000\000\000\000\000\000\000\000\000\000\000\000\000\000\000\000\000\000\000\000\000\001""; queryType: qtINDIRECT; queryDepth: 1; ","itype: liAS_NODE; ledgerHash: ""c\273\016\301\024\363\242\247\263\231\370\344\nBW\220K\316@3\243\200\036wk\253GSlU\010\360""; ledgerSeq: 14; nodeIDs: ""\260\000\000\000\000\000\000\000\000\000\000\000\000\000\000\000\000\000\000\000\000\000\000\000\000\000\000\000\000\000\000\000\001""; queryType: qtINDIRECT; queryDepth: 1; "
1750527582485,1750527582485,0,1,1,3,TMGetLedger,"itype: liAS_NODE; ledgerHash: ""c\273\016\301\024\363\242\247\263\231\370\344\nBW\220K\316@3\243\200\036wk\253GSlU\010\360""; ledgerSeq: 14; nodeIDs: ""\260\000\000\000\000\000\000\000\000\000\000\000\000\000\000\000\000\000\000\000\000\000\000\000\000\000\000\000\000\000\000\000\001""; queryType: qtINDIRECT; queryDepth: 1; ","itype: liAS_NODE; ledgerHash: ""c\273\016\301\024\363\242\247\263\231\370\344\nBW\220K\316@3\243\200\036wk\253GSlU\010\360""; ledgerSeq: 14; nodeIDs: ""\260\000\000\000\000\000\000\000\000\000\000\000\000\000\000\000\000\000\000\000\000\000\000\000\000\000\000\000\000\000\000\000\001""; queryType: qtINDIRECT; queryDepth: 1; "
1750527582485,1750527582485,0,1,3,4,TMLedgerData,"ledgerHash: ""c\273\016\301\024\363\242\247\263\231\370\344\nBW\220K\316@3\243\200\036wk\253GSlU\010\360""; ledgerSeq: 14; type: liBASE; nodes {;   nodedata: ""\000\000\000\016\001cEx]\211\377\330\001f\352\277\0031Q]\362\370R\350{\261\202\240\344\215\201\353\276\322p5p\350\354\017>\250r\241\000\000\000\000\000\000\000\000\000\000\000\000\000\000\000\000\000\000\000\000\000\000\000\000\000\000\000\000\000\000\000\000]V<\255\t\311\340J\373l\2360+\307\213\276_\334q\007\000ix\260\201V\227\260X?\260\344/\351\252\334/\351\252\335\n\000""; }; nodes {;   nodedata: ""\323C\344\327\264{\312-\017:\006{\177\344N\002\326bO\260\220\006\033\362\345\005U\221DzJ0\001\301\025%1L\307\t\261\262z\374\222T\301\274V\236\223\262\270Ct\362\337b\356\024*\324\320\351\317\002k\336\234\027v\351\217\260\303\360\233ZPZWr\246$w\313\313\r\243r\232\2234\373\3539:N\004Q\245\272D\312D\300\300\t\323\0257\345e\271\na\215{\226\255x%T\257\037\333\004\344_/R\006E\344\037@\210\363\010\336T\226\247'\204_{\261\370""1\235\2445\343\033Y!\212\201\341\272\225'\007\310\365L\037\322q\332L\034E%3\365J\261!\212F\302\003\250\025\006\345F\004{|\351\207\007\035\013\003""; }; requestCookie: 3; ","ledgerHash: ""c\273\016\301\024\363\242\247\263\231\370\344\nBW\220K\316@3\243\200\036wk\253GSlU\010\360""; ledgerSeq: 14; type: liBASE; nodes {;   nodedata: ""\000\000\000\016\001cEx]\211\377\330\001f\352\277\0031Q]\362\370R\350{\261\202\240\344\215\201\353\276\322p5p\350\354\017>\250r\241\000\000\000\000\000\000\000\000\000\000\000\000\000\000\000\000\000\000\000\000\000\000\000\000\000\000\000\000\000\000\000\000]V<\255\t\311\340J\373l\2360+\307\213\276_\334q\007\000ix\260\201V\227\260X?\260\344/\351\252\334/\351\252\335\n\000""; }; nodes {;   nodedata: ""\323C\344\327\264{\312-\017:\006{\177\344N\002\326bO\260\220\006\033\362\345\005U\221DzJ0\001\301\025%1L\307\t\261\262z\374\222T\301\274V\236\223\262\270Ct\362\337b\356\024*\324\320\351\317\002k\336\234\027v\351\217\260\303\360\233ZPZWr\246$w\313\313\r\243r\232\2234\373\3539:N\004Q\245\272D\312D\300\300\t\323\0257\345e\271\na\215{\226\255x%T\257\037\333\004\344_/R\006E\344\037@\210\363\010\336T\226\247'\204_{\261\370""1\235\2445\343\033Y!\212\201\341\272\225'\007\310\365L\037\322q\332L\034E%3\365J\261!\212F\302\003\250\025\006\345F\004{|\351\207\007\035\013\003""; }; requestCookie: 3; "
1750527582486,1750527582486,0,1,3,0,TMLedgerData,"ledgerHash: ""c\273\016\301\024\363\242\247\263\231\370\344\nBW\220K\316@3\243\200\036wk\253GSlU\010\360""; ledgerSeq: 14; type: liBASE; nodes {;   nodedata: ""\000\000\000\016\001cEx]\211\377\330\001f\352\277\0031Q]\362\370R\350{\261\202\240\344\215\201\353\276\322p5p\350\354\017>\250r\241\000\000\000\000\000\000\000\000\000\000\000\000\000\000\000\000\000\000\000\000\000\000\000\000\000\000\000\000\000\000\000\000]V<\255\t\311\340J\373l\2360+\307\213\276_\334q\007\000ix\260\201V\227\260X?\260\344/\351\252\334/\351\252\335\n\000""; }; nodes {;   nodedata: ""\323C\344\327\264{\312-\017:\006{\177\344N\002\326bO\260\220\006\033\362\345\005U\221DzJ0\001\301\025%1L\307\t\261\262z\374\222T\301\274V\236\223\262\270Ct\362\337b\356\024*\324\320\351\317\002k\336\234\027v\351\217\260\303\360\233ZPZWr\246$w\313\313\r\243r\232\2234\373\3539:N\004Q\245\272D\312D\300\300\t\323\0257\345e\271\na\215{\226\255x%T\257\037\333\004\344_/R\006E\344\037@\210\363\010\336T\226\247'\204_{\261\370""1\235\2445\343\033Y!\212\201\341\272\225'\007\310\365L\037\322q\332L\034E%3\365J\261!\212F\302\003\250\025\006\345F\004{|\351\207\007\035\013\003""; }; requestCookie: 2; ","ledgerHash: ""c\273\016\301\024\363\242\247\263\231\370\344\nBW\220K\316@3\243\200\036wk\253GSlU\010\360""; ledgerSeq: 14; type: liBASE; nodes {;   nodedata: ""\000\000\000\016\001cEx]\211\377\330\001f\352\277\0031Q]\362\370R\350{\261\202\240\344\215\201\353\276\322p5p\350\354\017>\250r\241\000\000\000\000\000\000\000\000\000\000\000\000\000\000\000\000\000\000\000\000\000\000\000\000\000\000\000\000\000\000\000\000]V<\255\t\311\340J\373l\2360+\307\213\276_\334q\007\000ix\260\201V\227\260X?\260\344/\351\252\334/\351\252\335\n\000""; }; nodes {;   nodedata: ""\323C\344\327\264{\312-\017:\006{\177\344N\002\326bO\260\220\006\033\362\345\005U\221DzJ0\001\301\025%1L\307\t\261\262z\374\222T\301\274V\236\223\262\270Ct\362\337b\356\024*\324\320\351\317\002k\336\234\027v\351\217\260\303\360\233ZPZWr\246$w\313\313\r\243r\232\2234\373\3539:N\004Q\245\272D\312D\300\300\t\323\0257\345e\271\na\215{\226\255x%T\257\037\333\004\344_/R\006E\344\037@\210\363\010\336T\226\247'\204_{\261\370""1\235\2445\343\033Y!\212\201\341\272\225'\007\310\365L\037\322q\332L\034E%3\365J\261!\212F\302\003\250\025\006\345F\004{|\351\207\007\035\013\003""; }; requestCookie: 2; "
1750527582487,1750527582487,0,1,3,2,TMLedgerData,"ledgerHash: ""c\273\016\301\024\363\242\247\263\231\370\344\nBW\220K\316@3\243\200\036wk\253GSlU\010\360""; ledgerSeq: 14; type: liBASE; nodes {;   nodedata: ""\000\000\000\016\001cEx]\211\377\330\001f\352\277\0031Q]\362\370R\350{\261\202\240\344\215\201\353\276\322p5p\350\354\017>\250r\241\000\000\000\000\000\000\000\000\000\000\000\000\000\000\000\000\000\000\000\000\000\000\000\000\000\000\000\000\000\000\000\000]V<\255\t\311\340J\373l\2360+\307\213\276_\334q\007\000ix\260\201V\227\260X?\260\344/\351\252\334/\351\252\335\n\000""; }; nodes {;   nodedata: ""\323C\344\327\264{\312-\017:\006{\177\344N\002\326bO\260\220\006\033\362\345\005U\221DzJ0\001\301\025%1L\307\t\261\262z\374\222T\301\274V\236\223\262\270Ct\362\337b\356\024*\324\320\351\317\002k\336\234\027v\351\217\260\303\360\233ZPZWr\246$w\313\313\r\243r\232\2234\373\3539:N\004Q\245\272D\312D\300\300\t\323\0257\345e\271\na\215{\226\255x%T\257\037\333\004\344_/R\006E\344\037@\210\363\010\336T\226\247'\204_{\261\370""1\235\2445\343\033Y!\212\201\341\272\225'\007\310\365L\037\322q\332L\034E%3\365J\261!\212F\302\003\250\025\006\345F\004{|\351\207\007\035\013\003""; }; requestCookie: 2; ","ledgerHash: ""c\273\016\301\024\363\242\247\263\231\370\344\nBW\220K\316@3\243\200\036wk\253GSlU\010\360""; ledgerSeq: 14; type: liBASE; nodes {;   nodedata: ""\000\000\000\016\001cEx]\211\377\330\001f\352\277\0031Q]\362\370R\350{\261\202\240\344\215\201\353\276\322p5p\350\354\017>\250r\241\000\000\000\000\000\000\000\000\000\000\000\000\000\000\000\000\000\000\000\000\000\000\000\000\000\000\000\000\000\000\000\000]V<\255\t\311\340J\373l\2360+\307\213\276_\334q\007\000ix\260\201V\227\260X?\260\344/\351\252\334/\351\252\335\n\000""; }; nodes {;   nodedata: ""\323C\344\327\264{\312-\017:\006{\177\344N\002\326bO\260\220\006\033\362\345\005U\221DzJ0\001\301\025%1L\307\t\261\262z\374\222T\301\274V\236\223\262\270Ct\362\337b\356\024*\324\320\351\317\002k\336\234\027v\351\217\260\303\360\233ZPZWr\246$w\313\313\r\243r\232\2234\373\3539:N\004Q\245\272D\312D\300\300\t\323\0257\345e\271\na\215{\226\255x%T\257\037\333\004\344_/R\006E\344\037@\210\363\010\336T\226\247'\204_{\261\370""1\235\2445\343\033Y!\212\201\341\272\225'\007\310\365L\037\322q\332L\034E%3\365J\261!\212F\302\003\250\025\006\345F\004{|\351\207\007\035\013\003""; }; requestCookie: 2; "
1750527582488,1750527582488,0,1,0,2,TMLedgerData,"ledgerHash: ""c\273\016\301\024\363\242\247\263\231\370\344\nBW\220K\316@3\243\200\036wk\253GSlU\010\360""; ledgerSeq: 14; type: liBASE; nodes {;   nodedata: ""\000\000\000\016\001cEx]\211\377\330\001f\352\277\0031Q]\362\370R\350{\261\202\240\344\215\201\353\276\322p5p\350\354\017>\250r\241\000\000\000\000\000\000\000\000\000\000\000\000\000\000\000\000\000\000\000\000\000\000\000\000\000\000\000\000\000\000\000\000]V<\255\t\311\340J\373l\2360+\307\213\276_\334q\007\000ix\260\201V\227\260X?\260\344/\351\252\334/\351\252\335\n\000""; }; nodes {;   nodedata: ""\323C\344\327\264{\312-\017:\006{\177\344N\002\326bO\260\220\006\033\362\345\005U\221DzJ0\001\301\025%1L\307\t\261\262z\374\222T\301\274V\236\223\262\270Ct\362\337b\356\024*\324\320\351\317\002k\336\234\027v\351\217\260\303\360\233ZPZWr\246$w\313\313\r\243r\232\2234\373\3539:N\004Q\245\272D\312D\300\300\t\323\0257\345e\271\na\215{\226\255x%T\257\037\333\004\344_/R\006E\344\037@\210\363\010\336T\226\247'\204_{\261\370""1\235\2445\343\033Y!\212\201\341\272\225'\007\310\365L\037\322q\332L\034E%3\365J\261!\212F\302\003\250\025\006\345F\004{|\351\207\007\035\013\003""; }; ","ledgerHash: ""c\273\016\301\024\363\242\247\263\231\370\344\nBW\220K\316@3\243\200\036wk\253GSlU\010\360""; ledgerSeq: 14; type: liBASE; nodes {;   nodedata: ""\000\000\000\016\001cEx]\211\377\330\001f\352\277\0031Q]\362\370R\350{\261\202\240\344\215\201\353\276\322p5p\350\354\017>\250r\241\000\000\000\000\000\000\000\000\000\000\000\000\000\000\000\000\000\000\000\000\000\000\000\000\000\000\000\000\000\000\000\000]V<\255\t\311\340J\373l\2360+\307\213\276_\334q\007\000ix\260\201V\227\260X?\260\344/\351\252\334/\351\252\335\n\000""; }; nodes {;   nodedata: ""\323C\344\327\264{\312-\017:\006{\177\344N\002\326bO\260\220\006\033\362\345\005U\221DzJ0\001\301\025%1L\307\t\261\262z\374\222T\301\274V\236\223\262\270Ct\362\337b\356\024*\324\320\351\317\002k\336\234\027v\351\217\260\303\360\233ZPZWr\246$w\313\313\r\243r\232\2234\373\3539:N\004Q\245\272D\312D\300\300\t\323\0257\345e\271\na\215{\226\255x%T\257\037\333\004\344_/R\006E\344\037@\210\363\010\336T\226\247'\204_{\261\370""1\235\2445\343\033Y!\212\201\341\272\225'\007\310\365L\037\322q\332L\034E%3\365J\261!\212F\302\003\250\025\006\345F\004{|\351\207\007\035\013\003""; }; "
1750527582489,1750527582489,0,1,3,2,TMLedgerData,"ledgerHash: ""c\273\016\301\024\363\242\247\263\231\370\344\nBW\220K\316@3\243\200\036wk\253GSlU\010\360""; ledgerSeq: 14; type: liBASE; nodes {;   nodedata: ""\000\000\000\016\001cEx]\211\377\330\001f\352\277\0031Q]\362\370R\350{\261\202\240\344\215\201\353\276\322p5p\350\354\017>\250r\241\000\000\000\000\000\000\000\000\000\000\000\000\000\000\000\000\000\000\000\000\000\000\000\000\000\000\000\000\000\000\000\000]V<\255\t\311\340J\373l\2360+\307\213\276_\334q\007\000ix\260\201V\227\260X?\260\344/\351\252\334/\351\252\335\n\000""; }; nodes {;   nodedata: ""\323C\344\327\264{\312-\017:\006{\177\344N\002\326bO\260\220\006\033\362\345\005U\221DzJ0\001\301\025%1L\307\t\261\262z\374\222T\301\274V\236\223\262\270Ct\362\337b\356\024*\324\320\351\317\002k\336\234\027v\351\217\260\303\360\233ZPZWr\246$w\313\313\r\243r\232\2234\373\3539:N\004Q\245\272D\312D\300\300\t\323\0257\345e\271\na\215{\226\255x%T\257\037\333\004\344_/R\006E\344\037@\210\363\010\336T\226\247'\204_{\261\370""1\235\2445\343\033Y!\212\201\341\272\225'\007\310\365L\037\322q\332L\034E%3\365J\261!\212F\302\003\250\025\006\345F\004{|\351\207\007\035\013\003""; }; requestCookie: 3; ","ledgerHash: ""c\273\016\301\024\363\242\247\263\231\370\344\nBW\220K\316@3\243\200\036wk\253GSlU\010\360""; ledgerSeq: 14; type: liBASE; nodes {;   nodedata: ""\000\000\000\016\001cEx]\211\377\330\001f\352\277\0031Q]\362\370R\350{\261\202\240\344\215\201\353\276\322p5p\350\354\017>\250r\241\000\000\000\000\000\000\000\000\000\000\000\000\000\000\000\000\000\000\000\000\000\000\000\000\000\000\000\000\000\000\000\000]V<\255\t\311\340J\373l\2360+\307\213\276_\334q\007\000ix\260\201V\227\260X?\260\344/\351\252\334/\351\252\335\n\000""; }; nodes {;   nodedata: ""\323C\344\327\264{\312-\017:\006{\177\344N\002\326bO\260\220\006\033\362\345\005U\221DzJ0\001\301\025%1L\307\t\261\262z\374\222T\301\274V\236\223\262\270Ct\362\337b\356\024*\324\320\351\317\002k\336\234\027v\351\217\260\303\360\233ZPZWr\246$w\313\313\r\243r\232\2234\373\3539:N\004Q\245\272D\312D\300\300\t\323\0257\345e\271\na\215{\226\255x%T\257\037\333\004\344_/R\006E\344\037@\210\363\010\336T\226\247'\204_{\261\370""1\235\2445\343\033Y!\212\201\341\272\225'\007\310\365L\037\322q\332L\034E%3\365J\261!\212F\302\003\250\025\006\345F\004{|\351\207\007\035\013\003""; }; requestCookie: 3; "
1750527582489,1750527582489,0,1,3,2,TMLedgerData,"ledgerHash: ""c\273\016\301\024\363\242\247\263\231\370\344\nBW\220K\316@3\243\200\036wk\253GSlU\010\360""; ledgerSeq: 14; type: liAS_NODE; nodes {;   nodedata: ""\021\000h""\000\000\000\000 \033\000\000\000\r\002\023\301\377\330\356GuH\375\327!\255\371\r\231\262R\256J\034\222\241\355X\265E\241^W\225\304\014\361CX-}\351f\032\255\274\334m\326c\017\014ao[\342\230\003\245\245\3341Hm\326^\017jy\335\261\032Yt\320\244{g\0306\\302\303*\341\215\223\257\364\277o\375\000r\241SOq\221\253\262\005\017\375T\356\014\360o'\030\311-\267\031\257!\031T\006><\315XM\334\324\345\034\000\325\367\240\271\013\265\024\321\362\354\211\250.\234s\225amc\305\035\366\276\037nD\277`\210\223N\3535\033\261\304f\331]\036\237\306o!\223\221\002\324\031\262\240R\177 ,\214\325\Q])\016\2067\277\t\354\010\000\360\215\2502\265\245\310\226\243c\302Ze\306\253#r\020\211\320iG\276\020E\317\035Sf\223F\254\033@\177e\277\016\010u\327\371&\262\312\317Q\2361t\377x\234\001v\003%\030\325_\225g\204\346a=\225\273\331\354\365*U\363\263N\367b\371\244\314-w\363\262\225Z\200\206\235\233\257?sE\2674\254\326mU\377?\177Ek\336\030!\316Aa\225\303\022\377{\210Y\226\271as\354L\035\004\341\361\035\301\024\220m#*\372\032\3178~\374\250\014*\323\342'z69\220\327\256\351G\367\317u\302\207\270b\315\333\333\334\310I\323&\014\352XZnW2.\335\347\202\021\247\362\212e\034\000\001\250\220\305;a\314\265R\310\017\317\331\235\360\262\240:\277\202\266\354\265X""\022\nh\252\352w\204\203\023]\001f\352\277\0031Q]\362\370R\350{\261\202\240\344\215\201\353\276\322p5p\350\354\017>\250r\241\264\227\2326\315\307\363\323\325\303\032N\256*\307\327 \235\332\207u\210\271\257\306g\231i*\260\326k\001"";   nodeid: ""\260\000\000\000\000\000\000\000\000\000\000\000\000\000\000\000\000\000\000\000\000\000\000\000\000\000\000\000\000\000\000\000\001""; }; ","ledgerHash: ""c\273\016\301\024\363\242\247\263\231\370\344\nBW\220K\316@3\243\200\036wk\253GSlU\010\360""; ledgerSeq: 14; type: liAS_NODE; nodes {;   nodedata: ""\021\000h""\000\000\000\000 \033\000\000\000\r\002\023\301\377\330\356GuH\375\327!\255\371\r\231\262R\256J\034\222\241\355X\265E\241^W\225\304\014\361CX-}\351f\032\255\274\334m\326c\017\014ao[\342\230\003\245\245\3341Hm\326^\017jy\335\261\032Yt\320\244{g\0306\\302\303*\341\215\223\257\364\277o\375\000r\241SOq\221\253\262\005\017\375T\356\014\360o'\030\311-\267\031\257!\031T\006><\315XM\334\324\345\034\000\325\367\240\271\013\265\024\321\362\354\211\250.\234s\225amc\305\035\366\276\037nD\277`\210\223N\3535\033\261\304f\331]\036\237\306o!\223\221\002\324\031\262\240R\177 ,\214\325\Q])\016\2067\277\t\354\010\000\360\215\2502\265\245\310\226\243c\302Ze\306\253#r\020\211\320iG\276\020E\317\035Sf\223F\254\033@\177e\277\016\010u\327\371&\262\312\317Q\2361t\377x\234\001v\003%\030\325_\225g\204\346a=\225\273\331\354\365*U\363\263N\367b\371\244\314-w\363\262\225Z\200\206\235\233\257?sE\2674\254\326mU\377?\177Ek\336\030!\316Aa\225\303\022\377{\210Y\226\271as\354L\035\004\341\361\035\301\024\220m#*\372\032\3178~\374\250\014*\323\342'z69\220\327\256\351G\367\317u\302\207\270b\315\333\333\334\310I\323&\014\352XZnW2.\335\347\202\021\247\362\212e\034\000\001\250\220\305;a\314\265R\310\017\317\331\235\360\262\240:\277\202\266\354\265X""\022\nh\252\352w\204\203\023]\001f\352\277\0031Q]\362\370R\350{\261\202\240\344\215\201\353\276\322p5p\350\354\017>\250r\241\264\227\2326\315\307\363\323\325\303\032N\256*\307\327 \235\332\207u\210\271\257\306g\231i*\260\326k\001"";   nodeid: ""\260\000\000\000\000\000\000\000\000\000\000\000\000\000\000\000\000\000\000\000\000\000\000\000\000\000\000\000\000\000\000\000\001""; }; "
1750527582490,1750527582490,0,1,3,4,TMLedgerData,"ledgerHash: ""c\273\016\301\024\363\242\247\263\231\370\344\nBW\220K\316@3\243\200\036wk\253GSlU\010\360""; ledgerSeq: 14; type: liBASE; nodes {;   nodedata: ""\000\000\000\016\001cEx]\211\377\330\001f\352\277\0031Q]\362\370R\350{\261\202\240\344\215\201\353\276\322p5p\350\354\017>\250r\241\000\000\000\000\000\000\000\000\000\000\000\000\000\000\000\000\000\000\000\000\000\000\000\000\000\000\000\000\000\000\000\000]V<\255\t\311\340J\373l\2360+\307\213\276_\334q\007\000ix\260\201V\227\260X?\260\344/\351\252\334/\351\252\335\n\000""; }; nodes {;   nodedata: ""\323C\344\327\264{\312-\017:\006{\177\344N\002\326bO\260\220\006\033\362\345\005U\221DzJ0\001\301\025%1L\307\t\261\262z\374\222T\301\274V\236\223\262\270Ct\362\337b\356\024*\324\320\351\317\002k\336\234\027v\351\217\260\303\360\233ZPZWr\246$w\313\313\r\243r\232\2234\373\3539:N\004Q\245\272D\312D\300\300\t\323\0257\345e\271\na\215{\226\255x%T\257\037\333\004\344_/R\006E\344\037@\210\363\010\336T\226\247'\204_{\261\370""1\235\2445\343\033Y!\212\201\341\272\225'\007\310\365L\037\322q\332L\034E%3\365J\261!\212F\302\003\250\025\006\345F\004{|\351\207\007\035\013\003""; }; requestCookie: 2; ","ledgerHash: ""c\273\016\301\024\363\242\247\263\231\370\344\nBW\220K\316@3\243\200\036wk\253GSlU\010\360""; ledgerSeq: 14; type: liBASE; nodes {;   nodedata: ""\000\000\000\016\001cEx]\211\377\330\001f\352\277\0031Q]\362\370R\350{\261\202\240\344\215\201\353\276\322p5p\350\354\017>\250r\241\000\000\000\000\000\000\000\000\000\000\000\000\000\000\000\000\000\000\000\000\000\000\000\000\000\000\000\000\000\000\000\000]V<\255\t\311\340J\373l\2360+\307\213\276_\334q\007\000ix\260\201V\227\260X?\260\344/\351\252\334/\351\252\335\n\000""; }; nodes {;   nodedata: ""\323C\344\327\264{\312-\017:\006{\177\344N\002\326bO\260\220\006\033\362\345\005U\221DzJ0\001\301\025%1L\307\t\261\262z\374\222T\301\274V\236\223\262\270Ct\362\337b\356\024*\324\320\351\317\002k\336\234\027v\351\217\260\303\360\233ZPZWr\246$w\313\313\r\243r\232\2234\373\3539:N\004Q\245\272D\312D\300\300\t\323\0257\345e\271\na\215{\226\255x%T\257\037\333\004\344_/R\006E\344\037@\210\363\010\336T\226\247'\204_{\261\370""1\235\2445\343\033Y!\212\201\341\272\225'\007\310\365L\037\322q\332L\034E%3\365J\261!\212F\302\003\250\025\006\345F\004{|\351\207\007\035\013\003""; }; requestCookie: 2; "
1750527582491,1750527582492,0,1,1,2,TMLedgerData,"ledgerHash: ""c\273\016\301\024\363\242\247\263\231\370\344\nBW\220K\316@3\243\200\036wk\253GSlU\010\360""; ledgerSeq: 14; type: liBASE; nodes {;   nodedata: ""\000\000\000\016\001cEx]\211\377\330\001f\352\277\0031Q]\362\370R\350{\261\202\240\344\215\201\353\276\322p5p\350\354\017>\250r\241\000\000\000\000\000\000\000\000\000\000\000\000\000\000\000\000\000\000\000\000\000\000\000\000\000\000\000\000\000\000\000\000]V<\255\t\311\340J\373l\2360+\307\213\276_\334q\007\000ix\260\201V\227\260X?\260\344/\351\252\334/\351\252\335\n\000""; }; nodes {;   nodedata: ""\323C\344\327\264{\312-\017:\006{\177\344N\002\326bO\260\220\006\033\362\345\005U\221DzJ0\001\301\025%1L\307\t\261\262z\374\222T\301\274V\236\223\262\270Ct\362\337b\356\024*\324\320\351\317\002k\336\234\027v\351\217\260\303\360\233ZPZWr\246$w\313\313\r\243r\232\2234\373\3539:N\004Q\245\272D\312D\300\300\t\323\0257\345e\271\na\215{\226\255x%T\257\037\333\004\344_/R\006E\344\037@\210\363\010\336T\226\247'\204_{\261\370""1\235\2445\343\033Y!\212\201\341\272\225'\007\310\365L\037\322q\332L\034E%3\365J\261!\212F\302\003\250\025\006\345F\004{|\351\207\007\035\013\003""; }; ","ledgerHash: ""c\273\016\301\024\363\242\247\263\231\370\344\nBW\220K\316@3\243\200\036wk\253GSlU\010\360""; ledgerSeq: 14; type: liBASE; nodes {;   nodedata: ""\000\000\000\016\001cEx]\211\377\330\001f\352\277\0031Q]\362\370R\350{\261\202\240\344\215\201\353\276\322p5p\350\354\017>\250r\241\000\000\000\000\000\000\000\000\000\000\000\000\000\000\000\000\000\000\000\000\000\000\000\000\000\000\000\000\000\000\000\000]V<\255\t\311\340J\373l\2360+\307\213\276_\334q\007\000ix\260\201V\227\260X?\260\344/\351\252\334/\351\252\335\n\000""; }; nodes {;   nodedata: ""\323C\344\327\264{\312-\017:\006{\177\344N\002\326bO\260\220\006\033\362\345\005U\221DzJ0\001\301\025%1L\307\t\261\262z\374\222T\301\274V\236\223\262\270Ct\362\337b\356\024*\324\320\351\317\002k\336\234\027v\351\217\260\303\360\233ZPZWr\246$w\313\313\r\243r\232\2234\373\3539:N\004Q\245\272D\312D\300\300\t\323\0257\345e\271\na\215{\226\255x%T\257\037\333\004\344_/R\006E\344\037@\210\363\010\336T\226\247'\204_{\261\370""1\235\2445\343\033Y!\212\201\341\272\225'\007\310\365L\037\322q\332L\034E%3\365J\261!\212F\302\003\250\025\006\345F\004{|\351\207\007\035\013\003""; }; "
1750527582492,1750527582492,0,1,3,4,TMLedgerData,"ledgerHash: ""c\273\016\301\024\363\242\247\263\231\370\344\nBW\220K\316@3\243\200\036wk\253GSlU\010\360""; ledgerSeq: 14; type: liAS_NODE; nodes {;   nodedata: ""\021\000h""\000\000\000\000 \033\000\000\000\r\002\023\301\377\330\356GuH\375\327!\255\371\r\231\262R\256J\034\222\241\355X\265E\241^W\225\304\014\361CX-}\351f\032\255\274\334m\326c\017\014ao[\342\230\003\245\245\3341Hm\326^\017jy\335\261\032Yt\320\244{g\0306\\302\303*\341\215\223\257\364\277o\375\000r\241SOq\221\253\262\005\017\375T\356\014\360o'\030\311-\267\031\257!\031T\006><\315XM\334\324\345\034\000\325\367\240\271\013\265\024\321\362\354\211\250.\234s\225amc\305\035\366\276\037nD\277`\210\223N\3535\033\261\304f\331]\036\237\306o!\223\221\002\324\031\262\240R\177 ,\214\325\Q])\016\2067\277\t\354\010\000\360\215\2502\265\245\310\226\243c\302Ze\306\253#r\020\211\320iG\276\020E\317\035Sf\223F\254\033@\177e\277\016\010u\327\371&\262\312\317Q\2361t\377x\234\001v\003%\030\325_\225g\204\346a=\225\273\331\354\365*U\363\263N\367b\371\244\314-w\363\262\225Z\200\206\235\233\257?sE\2674\254\326mU\377?\177Ek\336\030!\316Aa\225\303\022\377{\210Y\226\271as\354L\035\004\341\361\035\301\024\220m#*\372\032\3178~\374\250\014*\323\342'z69\220\327\256\351G\367\317u\302\207\270b\315\333\333\334\310I\323&\014\352XZnW2.\335\347\202\021\247\362\212e\034\000\001\250\220\305;a\314\265R\310\017\317\331\235\360\262\240:\277\202\266\354\265X""\022\nh\252\352w\204\203\023]\001f\352\277\0031Q]\362\370R\350{\261\202\240\344\215\201\353\276\322p5p\350\354\017>\250r\241\264\227\2326\315\307\363\323\325\303\032N\256*\307\327 \235\332\207u\210\271\257\306g\231i*\260\326k\001"";   nodeid: ""\260\000\000\000\000\000\000\000\000\000\000\000\000\000\000\000\000\000\000\000\000\000\000\000\000\000\000\000\000\000\000\000\001""; }; ","ledgerHash: ""c\273\016\301\024\363\242\247\263\231\370\344\nBW\220K\316@3\243\200\036wk\253GSlU\010\360""; ledgerSeq: 14; type: liAS_NODE; nodes {;   nodedata: ""\021\000h""\000\000\000\000 \033\000\000\000\r\002\023\301\377\330\356GuH\375\327!\255\371\r\231\262R\256J\034\222\241\355X\265E\241^W\225\304\014\361CX-}\351f\032\255\274\334m\326c\017\014ao[\342\230\003\245\245\3341Hm\326^\017jy\335\261\032Yt\320\244{g\0306\\302\303*\341\215\223\257\364\277o\375\000r\241SOq\221\253\262\005\017\375T\356\014\360o'\030\311-\267\031\257!\031T\006><\315XM\334\324\345\034\000\325\367\240\271\013\265\024\321\362\354\211\250.\234s\225amc\305\035\366\276\037nD\277`\210\223N\3535\033\261\304f\331]\036\237\306o!\223\221\002\324\031\262\240R\177 ,\214\325\Q])\016\2067\277\t\354\010\000\360\215\2502\265\245\310\226\243c\302Ze\306\253#r\020\211\320iG\276\020E\317\035Sf\223F\254\033@\177e\277\016\010u\327\371&\262\312\317Q\2361t\377x\234\001v\003%\030\325_\225g\204\346a=\225\273\331\354\365*U\363\263N\367b\371\244\314-w\363\262\225Z\200\206\235\233\257?sE\2674\254\326mU\377?\177Ek\336\030!\316Aa\225\303\022\377{\210Y\226\271as\354L\035\004\341\361\035\301\024\220m#*\372\032\3178~\374\250\014*\323\342'z69\220\327\256\351G\367\317u\302\207\270b\315\333\333\334\310I\323&\014\352XZnW2.\335\347\202\021\247\362\212e\034\000\001\250\220\305;a\314\265R\310\017\317\331\235\360\262\240:\277\202\266\354\265X""\022\nh\252\352w\204\203\023]\001f\352\277\0031Q]\362\370R\350{\261\202\240\344\215\201\353\276\322p5p\350\354\017>\250r\241\264\227\2326\315\307\363\323\325\303\032N\256*\307\327 \235\332\207u\210\271\257\306g\231i*\260\326k\001"";   nodeid: ""\260\000\000\000\000\000\000\000\000\000\000\000\000\000\000\000\000\000\000\000\000\000\000\000\000\000\000\000\000\000\000\000\001""; }; "
1750527582493,1750527582493,0,1,0,4,TMLedgerData,"ledgerHash: ""c\273\016\301\024\363\242\247\263\231\370\344\nBW\220K\316@3\243\200\036wk\253GSlU\010\360""; ledgerSeq: 14; type: liBASE; nodes {;   nodedata: ""\000\000\000\016\001cEx]\211\377\330\001f\352\277\0031Q]\362\370R\350{\261\202\240\344\215\201\353\276\322p5p\350\354\017>\250r\241\000\000\000\000\000\000\000\000\000\000\000\000\000\000\000\000\000\000\000\000\000\000\000\000\000\000\000\000\000\000\000\000]V<\255\t\311\340J\373l\2360+\307\213\276_\334q\007\000ix\260\201V\227\260X?\260\344/\351\252\334/\351\252\335\n\000""; }; nodes {;   nodedata: ""\323C\344\327\264{\312-\017:\006{\177\344N\002\326bO\260\220\006\033\362\345\005U\221DzJ0\001\301\025%1L\307\t\261\262z\374\222T\301\274V\236\223\262\270Ct\362\337b\356\024*\324\320\351\317\002k\336\234\027v\351\217\260\303\360\233ZPZWr\246$w\313\313\r\243r\232\2234\373\3539:N\004Q\245\272D\312D\300\300\t\323\0257\345e\271\na\215{\226\255x%T\257\037\333\004\344_/R\006E\344\037@\210\363\010\336T\226\247'\204_{\261\370""1\235\2445\343\033Y!\212\201\341\272\225'\007\310\365L\037\322q\332L\034E%3\365J\261!\212F\302\003\250\025\006\345F\004{|\351\207\007\035\013\003""; }; ","ledgerHash: ""c\273\016\301\024\363\242\247\263\231\370\344\nBW\220K\316@3\243\200\036wk\253GSlU\010\360""; ledgerSeq: 14; type: liBASE; nodes {;   nodedata: ""\000\000\000\016\001cEx]\211\377\330\001f\352\277\0031Q]\362\370R\350{\261\202\240\344\215\201\353\276\322p5p\350\354\017>\250r\241\000\000\000\000\000\000\000\000\000\000\000\000\000\000\000\000\000\000\000\000\000\000\000\000\000\000\000\000\000\000\000\000]V<\255\t\311\340J\373l\2360+\307\213\276_\334q\007\000ix\260\201V\227\260X?\260\344/\351\252\334/\351\252\335\n\000""; }; nodes {;   nodedata: ""\323C\344\327\264{\312-\017:\006{\177\344N\002\326bO\260\220\006\033\362\345\005U\221DzJ0\001\301\025%1L\307\t\261\262z\374\222T\301\274V\236\223\262\270Ct\362\337b\356\024*\324\320\351\317\002k\336\234\027v\351\217\260\303\360\233ZPZWr\246$w\313\313\r\243r\232\2234\373\3539:N\004Q\245\272D\312D\300\300\t\323\0257\345e\271\na\215{\226\255x%T\257\037\333\004\344_/R\006E\344\037@\210\363\010\336T\226\247'\204_{\261\370""1\235\2445\343\033Y!\212\201\341\272\225'\007\310\365L\037\322q\332L\034E%3\365J\261!\212F\302\003\250\025\006\345F\004{|\351\207\007\035\013\003""; }; "
1750527582493,1750527582493,0,1,1,4,TMLedgerData,"ledgerHash: ""c\273\016\301\024\363\242\247\263\231\370\344\nBW\220K\316@3\243\200\036wk\253GSlU\010\360""; ledgerSeq: 14; type: liBASE; nodes {;   nodedata: ""\000\000\000\016\001cEx]\211\377\330\001f\352\277\0031Q]\362\370R\350{\261\202\240\344\215\201\353\276\322p5p\350\354\017>\250r\241\000\000\000\000\000\000\000\000\000\000\000\000\000\000\000\000\000\000\000\000\000\000\000\000\000\000\000\000\000\000\000\000]V<\255\t\311\340J\373l\2360+\307\213\276_\334q\007\000ix\260\201V\227\260X?\260\344/\351\252\334/\351\252\335\n\000""; }; nodes {;   nodedata: ""\323C\344\327\264{\312-\017:\006{\177\344N\002\326bO\260\220\006\033\362\345\005U\221DzJ0\001\301\025%1L\307\t\261\262z\374\222T\301\274V\236\223\262\270Ct\362\337b\356\024*\324\320\351\317\002k\336\234\027v\351\217\260\303\360\233ZPZWr\246$w\313\313\r\243r\232\2234\373\3539:N\004Q\245\272D\312D\300\300\t\323\0257\345e\271\na\215{\226\255x%T\257\037\333\004\344_/R\006E\344\037@\210\363\010\336T\226\247'\204_{\261\370""1\235\2445\343\033Y!\212\201\341\272\225'\007\310\365L\037\322q\332L\034E%3\365J\261!\212F\302\003\250\025\006\345F\004{|\351\207\007\035\013\003""; }; ","ledgerHash: ""c\273\016\301\024\363\242\247\263\231\370\344\nBW\220K\316@3\243\200\036wk\253GSlU\010\360""; ledgerSeq: 14; type: liBASE; nodes {;   nodedata: ""\000\000\000\016\001cEx]\211\377\330\001f\352\277\0031Q]\362\370R\350{\261\202\240\344\215\201\353\276\322p5p\350\354\017>\250r\241\000\000\000\000\000\000\000\000\000\000\000\000\000\000\000\000\000\000\000\000\000\000\000\000\000\000\000\000\000\000\000\000]V<\255\t\311\340J\373l\2360+\307\213\276_\334q\007\000ix\260\201V\227\260X?\260\344/\351\252\334/\351\252\335\n\000""; }; nodes {;   nodedata: ""\323C\344\327\264{\312-\017:\006{\177\344N\002\326bO\260\220\006\033\362\345\005U\221DzJ0\001\301\025%1L\307\t\261\262z\374\222T\301\274V\236\223\262\270Ct\362\337b\356\024*\324\320\351\317\002k\336\234\027v\351\217\260\303\360\233ZPZWr\246$w\313\313\r\243r\232\2234\373\3539:N\004Q\245\272D\312D\300\300\t\323\0257\345e\271\na\215{\226\255x%T\257\037\333\004\344_/R\006E\344\037@\210\363\010\336T\226\247'\204_{\261\370""1\235\2445\343\033Y!\212\201\341\272\225'\007\310\365L\037\322q\332L\034E%3\365J\261!\212F\302\003\250\025\006\345F\004{|\351\207\007\035\013\003""; }; "
1750527582495,1750527582495,0,1,2,4,TMLedgerData,"ledgerHash: ""c\273\016\301\024\363\242\247\263\231\370\344\nBW\220K\316@3\243\200\036wk\253GSlU\010\360""; ledgerSeq: 14; type: liBASE; nodes {;   nodedata: ""\000\000\000\016\001cEx]\211\377\330\001f\352\277\0031Q]\362\370R\350{\261\202\240\344\215\201\353\276\322p5p\350\354\017>\250r\241\000\000\000\000\000\000\000\000\000\000\000\000\000\000\000\000\000\000\000\000\000\000\000\000\000\000\000\000\000\000\000\000]V<\255\t\311\340J\373l\2360+\307\213\276_\334q\007\000ix\260\201V\227\260X?\260\344/\351\252\334/\351\252\335\n\000""; }; nodes {;   nodedata: ""\323C\344\327\264{\312-\017:\006{\177\344N\002\326bO\260\220\006\033\362\345\005U\221DzJ0\001\301\025%1L\307\t\261\262z\374\222T\301\274V\236\223\262\270Ct\362\337b\356\024*\324\320\351\317\002k\336\234\027v\351\217\260\303\360\233ZPZWr\246$w\313\313\r\243r\232\2234\373\3539:N\004Q\245\272D\312D\300\300\t\323\0257\345e\271\na\215{\226\255x%T\257\037\333\004\344_/R\006E\344\037@\210\363\010\336T\226\247'\204_{\261\370""1\235\2445\343\033Y!\212\201\341\272\225'\007\310\365L\037\322q\332L\034E%3\365J\261!\212F\302\003\250\025\006\345F\004{|\351\207\007\035\013\003""; }; ","ledgerHash: ""c\273\016\301\024\363\242\247\263\231\370\344\nBW\220K\316@3\243\200\036wk\253GSlU\010\360""; ledgerSeq: 14; type: liBASE; nodes {;   nodedata: ""\000\000\000\016\001cEx]\211\377\330\001f\352\277\0031Q]\362\370R\350{\261\202\240\344\215\201\353\276\322p5p\350\354\017>\250r\241\000\000\000\000\000\000\000\000\000\000\000\000\000\000\000\000\000\000\000\000\000\000\000\000\000\000\000\000\000\000\000\000]V<\255\t\311\340J\373l\2360+\307\213\276_\334q\007\000ix\260\201V\227\260X?\260\344/\351\252\334/\351\252\335\n\000""; }; nodes {;   nodedata: ""\323C\344\327\264{\312-\017:\006{\177\344N\002\326bO\260\220\006\033\362\345\005U\221DzJ0\001\301\025%1L\307\t\261\262z\374\222T\301\274V\236\223\262\270Ct\362\337b\356\024*\324\320\351\317\002k\336\234\027v\351\217\260\303\360\233ZPZWr\246$w\313\313\r\243r\232\2234\373\3539:N\004Q\245\272D\312D\300\300\t\323\0257\345e\271\na\215{\226\255x%T\257\037\333\004\344_/R\006E\344\037@\210\363\010\336T\226\247'\204_{\261\370""1\235\2445\343\033Y!\212\201\341\272\225'\007\310\365L\037\322q\332L\034E%3\365J\261!\212F\302\003\250\025\006\345F\004{|\351\207\007\035\013\003""; }; "
1750527582495,1750527582496,0,1,3,4,TMLedgerData,"ledgerHash: ""c\273\016\301\024\363\242\247\263\231\370\344\nBW\220K\316@3\243\200\036wk\253GSlU\010\360""; ledgerSeq: 14; type: liBASE; nodes {;   nodedata: ""\000\000\000\016\001cEx]\211\377\330\001f\352\277\0031Q]\362\370R\350{\261\202\240\344\215\201\353\276\322p5p\350\354\017>\250r\241\000\000\000\000\000\000\000\000\000\000\000\000\000\000\000\000\000\000\000\000\000\000\000\000\000\000\000\000\000\000\000\000]V<\255\t\311\340J\373l\2360+\307\213\276_\334q\007\000ix\260\201V\227\260X?\260\344/\351\252\334/\351\252\335\n\000""; }; nodes {;   nodedata: ""\323C\344\327\264{\312-\017:\006{\177\344N\002\326bO\260\220\006\033\362\345\005U\221DzJ0\001\301\025%1L\307\t\261\262z\374\222T\301\274V\236\223\262\270Ct\362\337b\356\024*\324\320\351\317\002k\336\234\027v\351\217\260\303\360\233ZPZWr\246$w\313\313\r\243r\232\2234\373\3539:N\004Q\245\272D\312D\300\300\t\323\0257\345e\271\na\215{\226\255x%T\257\037\333\004\344_/R\006E\344\037@\210\363\010\336T\226\247'\204_{\261\370""1\235\2445\343\033Y!\212\201\341\272\225'\007\310\365L\037\322q\332L\034E%3\365J\261!\212F\302\003\250\025\006\345F\004{|\351\207\007\035\013\003""; }; requestCookie: 1; ","ledgerHash: ""c\273\016\301\024\363\242\247\263\231\370\344\nBW\220K\316@3\243\200\036wk\253GSlU\010\360""; ledgerSeq: 14; type: liBASE; nodes {;   nodedata: ""\000\000\000\016\001cEx]\211\377\330\001f\352\277\0031Q]\362\370R\350{\261\202\240\344\215\201\353\276\322p5p\350\354\017>\250r\241\000\000\000\000\000\000\000\000\000\000\000\000\000\000\000\000\000\000\000\000\000\000\000\000\000\000\000\000\000\000\000\000]V<\255\t\311\340J\373l\2360+\307\213\276_\334q\007\000ix\260\201V\227\260X?\260\344/\351\252\334/\351\252\335\n\000""; }; nodes {;   nodedata: ""\323C\344\327\264{\312-\017:\006{\177\344N\002\326bO\260\220\006\033\362\345\005U\221DzJ0\001\301\025%1L\307\t\261\262z\374\222T\301\274V\236\223\262\270Ct\362\337b\356\024*\324\320\351\317\002k\336\234\027v\351\217\260\303\360\233ZPZWr\246$w\313\313\r\243r\232\2234\373\3539:N\004Q\245\272D\312D\300\300\t\323\0257\345e\271\na\215{\226\255x%T\257\037\333\004\344_/R\006E\344\037@\210\363\010\336T\226\247'\204_{\261\370""1\235\2445\343\033Y!\212\201\341\272\225'\007\310\365L\037\322q\332L\034E%3\365J\261!\212F\302\003\250\025\006\345F\004{|\351\207\007\035\013\003""; }; requestCookie: 1; "
1750527582496,1750527582496,0,1,1,0,TMLedgerData,"ledgerHash: ""c\273\016\301\024\363\242\247\263\231\370\344\nBW\220K\316@3\243\200\036wk\253GSlU\010\360""; ledgerSeq: 14; type: liBASE; nodes {;   nodedata: ""\000\000\000\016\001cEx]\211\377\330\001f\352\277\0031Q]\362\370R\350{\261\202\240\344\215\201\353\276\322p5p\350\354\017>\250r\241\000\000\000\000\000\000\000\000\000\000\000\000\000\000\000\000\000\000\000\000\000\000\000\000\000\000\000\000\000\000\000\000]V<\255\t\311\340J\373l\2360+\307\213\276_\334q\007\000ix\260\201V\227\260X?\260\344/\351\252\334/\351\252\335\n\000""; }; nodes {;   nodedata: ""\323C\344\327\264{\312-\017:\006{\177\344N\002\326bO\260\220\006\033\362\345\005U\221DzJ0\001\301\025%1L\307\t\261\262z\374\222T\301\274V\236\223\262\270Ct\362\337b\356\024*\324\320\351\317\002k\336\234\027v\351\217\260\303\360\233ZPZWr\246$w\313\313\r\243r\232\2234\373\3539:N\004Q\245\272D\312D\300\300\t\323\0257\345e\271\na\215{\226\255x%T\257\037\333\004\344_/R\006E\344\037@\210\363\010\336T\226\247'\204_{\261\370""1\235\2445\343\033Y!\212\201\341\272\225'\007\310\365L\037\322q\332L\034E%3\365J\261!\212F\302\003\250\025\006\345F\004{|\351\207\007\035\013\003""; }; ","ledgerHash: ""c\273\016\301\024\363\242\247\263\231\370\344\nBW\220K\316@3\243\200\036wk\253GSlU\010\360""; ledgerSeq: 14; type: liBASE; nodes {;   nodedata: ""\000\000\000\016\001cEx]\211\377\330\001f\352\277\0031Q]\362\370R\350{\261\202\240\344\215\201\353\276\322p5p\350\354\017>\250r\241\000\000\000\000\000\000\000\000\000\000\000\000\000\000\000\000\000\000\000\000\000\000\000\000\000\000\000\000\000\000\000\000]V<\255\t\311\340J\373l\2360+\307\213\276_\334q\007\000ix\260\201V\227\260X?\260\344/\351\252\334/\351\252\335\n\000""; }; nodes {;   nodedata: ""\323C\344\327\264{\312-\017:\006{\177\344N\002\326bO\260\220\006\033\362\345\005U\221DzJ0\001\301\025%1L\307\t\261\262z\374\222T\301\274V\236\223\262\270Ct\362\337b\356\024*\324\320\351\317\002k\336\234\027v\351\217\260\303\360\233ZPZWr\246$w\313\313\r\243r\232\2234\373\3539:N\004Q\245\272D\312D\300\300\t\323\0257\345e\271\na\215{\226\255x%T\257\037\333\004\344_/R\006E\344\037@\210\363\010\336T\226\247'\204_{\261\370""1\235\2445\343\033Y!\212\201\341\272\225'\007\310\365L\037\322q\332L\034E%3\365J\261!\212F\302\003\250\025\006\345F\004{|\351\207\007\035\013\003""; }; "
1750527582497,1750527582497,0,1,3,0,TMLedgerData,"ledgerHash: ""c\273\016\301\024\363\242\247\263\231\370\344\nBW\220K\316@3\243\200\036wk\253GSlU\010\360""; ledgerSeq: 14; type: liAS_NODE; nodes {;   nodedata: ""\021\000h""\000\000\000\000 \033\000\000\000\r\002\023\301\377\330\356GuH\375\327!\255\371\r\231\262R\256J\034\222\241\355X\265E\241^W\225\304\014\361CX-}\351f\032\255\274\334m\326c\017\014ao[\342\230\003\245\245\3341Hm\326^\017jy\335\261\032Yt\320\244{g\0306\\302\303*\341\215\223\257\364\277o\375\000r\241SOq\221\253\262\005\017\375T\356\014\360o'\030\311-\267\031\257!\031T\006><\315XM\334\324\345\034\000\325\367\240\271\013\265\024\321\362\354\211\250.\234s\225amc\305\035\366\276\037nD\277`\210\223N\3535\033\261\304f\331]\036\237\306o!\223\221\002\324\031\262\240R\177 ,\214\325\Q])\016\2067\277\t\354\010\000\360\215\2502\265\245\310\226\243c\302Ze\306\253#r\020\211\320iG\276\020E\317\035Sf\223F\254\033@\177e\277\016\010u\327\371&\262\312\317Q\2361t\377x\234\001v\003%\030\325_\225g\204\346a=\225\273\331\354\365*U\363\263N\367b\371\244\314-w\363\262\225Z\200\206\235\233\257?sE\2674\254\326mU\377?\177Ek\336\030!\316Aa\225\303\022\377{\210Y\226\271as\354L\035\004\341\361\035\301\024\220m#*\372\032\3178~\374\250\014*\323\342'z69\220\327\256\351G\367\317u\302\207\270b\315\333\333\334\310I\323&\014\352XZnW2.\335\347\202\021\247\362\212e\034\000\001\250\220\305;a\314\265R\310\017\317\331\235\360\262\240:\277\202\266\354\265X""\022\nh\252\352w\204\203\023]\001f\352\277\0031Q]\362\370R\350{\261\202\240\344\215\201\353\276\322p5p\350\354\017>\250r\241\264\227\2326\315\307\363\323\325\303\032N\256*\307\327 \235\332\207u\210\271\257\306g\231i*\260\326k\001"";   nodeid: ""\260\000\000\000\000\000\000\000\000\000\000\000\000\000\000\000\000\000\000\000\000\000\000\000\000\000\000\000\000\000\000\000\001""; }; ","ledgerHash: ""c\273\016\301\024\363\242\247\263\231\370\344\nBW\220K\316@3\243\200\036wk\253GSlU\010\360""; ledgerSeq: 14; type: liAS_NODE; nodes {;   nodedata: ""\021\000h""\000\000\000\000 \033\000\000\000\r\002\023\301\377\330\356GuH\375\327!\255\371\r\231\262R\256J\034\222\241\355X\265E\241^W\225\304\014\361CX-}\351f\032\255\274\334m\326c\017\014ao[\342\230\003\245\245\3341Hm\326^\017jy\335\261\032Yt\320\244{g\0306\\302\303*\341\215\223\257\364\277o\375\000r\241SOq\221\253\262\005\017\375T\356\014\360o'\030\311-\267\031\257!\031T\006><\315XM\334\324\345\034\000\325\367\240\271\013\265\024\321\362\354\211\250.\234s\225amc\305\035\366\276\037nD\277`\210\223N\3535\033\261\304f\331]\036\237\306o!\223\221\002\324\031\262\240R\177 ,\214\325\Q])\016\2067\277\t\354\010\000\360\215\2502\265\245\310\226\243c\302Ze\306\253#r\020\211\320iG\276\020E\317\035Sf\223F\254\033@\177e\277\016\010u\327\371&\262\312\317Q\2361t\377x\234\001v\003%\030\325_\225g\204\346a=\225\273\331\354\365*U\363\263N\367b\371\244\314-w\363\262\225Z\200\206\235\233\257?sE\2674\254\326mU\377?\177Ek\336\030!\316Aa\225\303\022\377{\210Y\226\271as\354L\035\004\341\361\035\301\024\220m#*\372\032\3178~\374\250\014*\323\342'z69\220\327\256\351G\367\317u\302\207\270b\315\333\333\334\310I\323&\014\352XZnW2.\335\347\202\021\247\362\212e\034\000\001\250\220\305;a\314\265R\310\017\317\331\235\360\262\240:\277\202\266\354\265X""\022\nh\252\352w\204\203\023]\001f\352\277\0031Q]\362\370R\350{\261\202\240\344\215\201\353\276\322p5p\350\354\017>\250r\241\264\227\2326\315\307\363\323\325\303\032N\256*\307\327 \235\332\207u\210\271\257\306g\231i*\260\326k\001"";   nodeid: ""\260\000\000\000\000\000\000\000\000\000\000\000\000\000\000\000\000\000\000\000\000\000\000\000\000\000\000\000\000\000\000\000\001""; }; "
1750527582497,1750527582498,0,1,3,1,TMLedgerData,"ledgerHash: ""c\273\016\301\024\363\242\247\263\231\370\344\nBW\220K\316@3\243\200\036wk\253GSlU\010\360""; ledgerSeq: 14; type: liAS_NODE; nodes {;   nodedata: ""\021\000h""\000\000\000\000 \033\000\000\000\r\002\023\301\377\330\356GuH\375\327!\255\371\r\231\262R\256J\034\222\241\355X\265E\241^W\225\304\014\361CX-}\351f\032\255\274\334m\326c\017\014ao[\342\230\003\245\245\3341Hm\326^\017jy\335\261\032Yt\320\244{g\0306\\302\303*\341\215\223\257\364\277o\375\000r\241SOq\221\253\262\005\017\375T\356\014\360o'\030\311-\267\031\257!\031T\006><\315XM\334\324\345\034\000\325\367\240\271\013\265\024\321\362\354\211\250.\234s\225amc\305\035\366\276\037nD\277`\210\223N\3535\033\261\304f\331]\036\237\306o!\223\221\002\324\031\262\240R\177 ,\214\325\Q])\016\2067\277\t\354\010\000\360\215\2502\265\245\310\226\243c\302Ze\306\253#r\020\211\320iG\276\020E\317\035Sf\223F\254\033@\177e\277\016\010u\327\371&\262\312\317Q\2361t\377x\234\001v\003%\030\325_\225g\204\346a=\225\273\331\354\365*U\363\263N\367b\371\244\314-w\363\262\225Z\200\206\235\233\257?sE\2674\254\326mU\377?\177Ek\336\030!\316Aa\225\303\022\377{\210Y\226\271as\354L\035\004\341\361\035\301\024\220m#*\372\032\3178~\374\250\014*\323\342'z69\220\327\256\351G\367\317u\302\207\270b\315\333\333\334\310I\323&\014\352XZnW2.\335\347\202\021\247\362\212e\034\000\001\250\220\305;a\314\265R\310\017\317\331\235\360\262\240:\277\202\266\354\265X""\022\nh\252\352w\204\203\023]\001f\352\277\0031Q]\362\370R\350{\261\202\240\344\215\201\353\276\322p5p\350\354\017>\250r\241\264\227\2326\315\307\363\323\325\303\032N\256*\307\327 \235\332\207u\210\271\257\306g\231i*\260\326k\001"";   nodeid: ""\260\000\000\000\000\000\000\000\000\000\000\000\000\000\000\000\000\000\000\000\000\000\000\000\000\000\000\000\000\000\000\000\001""; }; ","ledgerHash: ""c\273\016\301\024\363\242\247\263\231\370\344\nBW\220K\316@3\243\200\036wk\253GSlU\010\360""; ledgerSeq: 14; type: liAS_NODE; nodes {;   nodedata: ""\021\000h""\000\000\000\000 \033\000\000\000\r\002\023\301\377\330\356GuH\375\327!\255\371\r\231\262R\256J\034\222\241\355X\265E\241^W\225\304\014\361CX-}\351f\032\255\274\334m\326c\017\014ao[\342\230\003\245\245\3341Hm\326^\017jy\335\261\032Yt\320\244{g\0306\\302\303*\341\215\223\257\364\277o\375\000r\241SOq\221\253\262\005\017\375T\356\014\360o'\030\311-\267\031\257!\031T\006><\315XM\334\324\345\034\000\325\367\240\271\013\265\024\321\362\354\211\250.\234s\225amc\305\035\366\276\037nD\277`\210\223N\3535\033\261\304f\331]\036\237\306o!\223\221\002\324\031\262\240R\177 ,\214\325\Q])\016\2067\277\t\354\010\000\360\215\2502\265\245\310\226\243c\302Ze\306\253#r\020\211\320iG\276\020E\317\035Sf\223F\254\033@\177e\277\016\010u\327\371&\262\312\317Q\2361t\377x\234\001v\003%\030\325_\225g\204\346a=\225\273\331\354\365*U\363\263N\367b\371\244\314-w\363\262\225Z\200\206\235\233\257?sE\2674\254\326mU\377?\177Ek\336\030!\316Aa\225\303\022\377{\210Y\226\271as\354L\035\004\341\361\035\301\024\220m#*\372\032\3178~\374\250\014*\323\342'z69\220\327\256\351G\367\317u\302\207\270b\315\333\333\334\310I\323&\014\352XZnW2.\335\347\202\021\247\362\212e\034\000\001\250\220\305;a\314\265R\310\017\317\331\235\360\262\240:\277\202\266\354\265X""\022\nh\252\352w\204\203\023]\001f\352\277\0031Q]\362\370R\350{\261\202\240\344\215\201\353\276\322p5p\350\354\017>\250r\241\264\227\2326\315\307\363\323\325\303\032N\256*\307\327 \235\332\207u\210\271\257\306g\231i*\260\326k\001"";   nodeid: ""\260\000\000\000\000\000\000\000\000\000\000\000\000\000\000\000\000\000\000\000\000\000\000\000\000\000\000\000\000\000\000\000\001""; }; "
1750527582499,1750527582499,0,1,4,2,TMLedgerData,"ledgerHash: ""c\273\016\301\024\363\242\247\263\231\370\344\nBW\220K\316@3\243\200\036wk\253GSlU\010\360""; ledgerSeq: 14; type: liBASE; nodes {;   nodedata: ""\000\000\000\016\001cEx]\211\377\330\001f\352\277\0031Q]\362\370R\350{\261\202\240\344\215\201\353\276\322p5p\350\354\017>\250r\241\000\000\000\000\000\000\000\000\000\000\000\000\000\000\000\000\000\000\000\000\000\000\000\000\000\000\000\000\000\000\000\000]V<\255\t\311\340J\373l\2360+\307\213\276_\334q\007\000ix\260\201V\227\260X?\260\344/\351\252\334/\351\252\335\n\000""; }; nodes {;   nodedata: ""\323C\344\327\264{\312-\017:\006{\177\344N\002\326bO\260\220\006\033\362\345\005U\221DzJ0\001\301\025%1L\307\t\261\262z\374\222T\301\274V\236\223\262\270Ct\362\337b\356\024*\324\320\351\317\002k\336\234\027v\351\217\260\303\360\233ZPZWr\246$w\313\313\r\243r\232\2234\373\3539:N\004Q\245\272D\312D\300\300\t\323\0257\345e\271\na\215{\226\255x%T\257\037\333\004\344_/R\006E\344\037@\210\363\010\336T\226\247'\204_{\261\370""1\235\2445\343\033Y!\212\201\341\272\225'\007\310\365L\037\322q\332L\034E%3\365J\261!\212F\302\003\250\025\006\345F\004{|\351\207\007\035\013\003""; }; ","ledgerHash: ""c\273\016\301\024\363\242\247\263\231\370\344\nBW\220K\316@3\243\200\036wk\253GSlU\010\360""; ledgerSeq: 14; type: liBASE; nodes {;   nodedata: ""\000\000\000\016\001cEx]\211\377\330\001f\352\277\0031Q]\362\370R\350{\261\202\240\344\215\201\353\276\322p5p\350\354\017>\250r\241\000\000\000\000\000\000\000\000\000\000\000\000\000\000\000\000\000\000\000\000\000\000\000\000\000\000\000\000\000\000\000\000]V<\255\t\311\340J\373l\2360+\307\213\276_\334q\007\000ix\260\201V\227\260X?\260\344/\351\252\334/\351\252\335\n\000""; }; nodes {;   nodedata: ""\323C\344\327\264{\312-\017:\006{\177\344N\002\326bO\260\220\006\033\362\345\005U\221DzJ0\001\301\025%1L\307\t\261\262z\374\222T\301\274V\236\223\262\270Ct\362\337b\356\024*\324\320\351\317\002k\336\234\027v\351\217\260\303\360\233ZPZWr\246$w\313\313\r\243r\232\2234\373\3539:N\004Q\245\272D\312D\300\300\t\323\0257\345e\271\na\215{\226\255x%T\257\037\333\004\344_/R\006E\344\037@\210\363\010\336T\226\247'\204_{\261\370""1\235\2445\343\033Y!\212\201\341\272\225'\007\310\365L\037\322q\332L\034E%3\365J\261!\212F\302\003\250\025\006\345F\004{|\351\207\007\035\013\003""; }; "
1750527582499,1750527582499,0,1,0,1,TMLedgerData,"ledgerHash: ""c\273\016\301\024\363\242\247\263\231\370\344\nBW\220K\316@3\243\200\036wk\253GSlU\010\360""; ledgerSeq: 14; type: liBASE; nodes {;   nodedata: ""\000\000\000\016\001cEx]\211\377\330\001f\352\277\0031Q]\362\370R\350{\261\202\240\344\215\201\353\276\322p5p\350\354\017>\250r\241\000\000\000\000\000\000\000\000\000\000\000\000\000\000\000\000\000\000\000\000\000\000\000\000\000\000\000\000\000\000\000\000]V<\255\t\311\340J\373l\2360+\307\213\276_\334q\007\000ix\260\201V\227\260X?\260\344/\351\252\334/\351\252\335\n\000""; }; nodes {;   nodedata: ""\323C\344\327\264{\312-\017:\006{\177\344N\002\326bO\260\220\006\033\362\345\005U\221DzJ0\001\301\025%1L\307\t\261\262z\374\222T\301\274V\236\223\262\270Ct\362\337b\356\024*\324\320\351\317\002k\336\234\027v\351\217\260\303\360\233ZPZWr\246$w\313\313\r\243r\232\2234\373\3539:N\004Q\245\272D\312D\300\300\t\323\0257\345e\271\na\215{\226\255x%T\257\037\333\004\344_/R\006E\344\037@\210\363\010\336T\226\247'\204_{\261\370""1\235\2445\343\033Y!\212\201\341\272\225'\007\310\365L\037\322q\332L\034E%3\365J\261!\212F\302\003\250\025\006\345F\004{|\351\207\007\035\013\003""; }; ","ledgerHash: ""c\273\016\301\024\363\242\247\263\231\370\344\nBW\220K\316@3\243\200\036wk\253GSlU\010\360""; ledgerSeq: 14; type: liBASE; nodes {;   nodedata: ""\000\000\000\016\001cEx]\211\377\330\001f\352\277\0031Q]\362\370R\350{\261\202\240\344\215\201\353\276\322p5p\350\354\017>\250r\241\000\000\000\000\000\000\000\000\000\000\000\000\000\000\000\000\000\000\000\000\000\000\000\000\000\000\000\000\000\000\000\000]V<\255\t\311\340J\373l\2360+\307\213\276_\334q\007\000ix\260\201V\227\260X?\260\344/\351\252\334/\351\252\335\n\000""; }; nodes {;   nodedata: ""\323C\344\327\264{\312-\017:\006{\177\344N\002\326bO\260\220\006\033\362\345\005U\221DzJ0\001\301\025%1L\307\t\261\262z\374\222T\301\274V\236\223\262\270Ct\362\337b\356\024*\324\320\351\317\002k\336\234\027v\351\217\260\303\360\233ZPZWr\246$w\313\313\r\243r\232\2234\373\3539:N\004Q\245\272D\312D\300\300\t\323\0257\345e\271\na\215{\226\255x%T\257\037\333\004\344_/R\006E\344\037@\210\363\010\336T\226\247'\204_{\261\370""1\235\2445\343\033Y!\212\201\341\272\225'\007\310\365L\037\322q\332L\034E%3\365J\261!\212F\302\003\250\025\006\345F\004{|\351\207\007\035\013\003""; }; "
1750527582500,1750527582500,0,1,2,0,TMLedgerData,"ledgerHash: ""c\273\016\301\024\363\242\247\263\231\370\344\nBW\220K\316@3\243\200\036wk\253GSlU\010\360""; ledgerSeq: 14; type: liBASE; nodes {;   nodedata: ""\000\000\000\016\001cEx]\211\377\330\001f\352\277\0031Q]\362\370R\350{\261\202\240\344\215\201\353\276\322p5p\350\354\017>\250r\241\000\000\000\000\000\000\000\000\000\000\000\000\000\000\000\000\000\000\000\000\000\000\000\000\000\000\000\000\000\000\000\000]V<\255\t\311\340J\373l\2360+\307\213\276_\334q\007\000ix\260\201V\227\260X?\260\344/\351\252\334/\351\252\335\n\000""; }; nodes {;   nodedata: ""\323C\344\327\264{\312-\017:\006{\177\344N\002\326bO\260\220\006\033\362\345\005U\221DzJ0\001\301\025%1L\307\t\261\262z\374\222T\301\274V\236\223\262\270Ct\362\337b\356\024*\324\320\351\317\002k\336\234\027v\351\217\260\303\360\233ZPZWr\246$w\313\313\r\243r\232\2234\373\3539:N\004Q\245\272D\312D\300\300\t\323\0257\345e\271\na\215{\226\255x%T\257\037\333\004\344_/R\006E\344\037@\210\363\010\336T\226\247'\204_{\261\370""1\235\2445\343\033Y!\212\201\341\272\225'\007\310\365L\037\322q\332L\034E%3\365J\261!\212F\302\003\250\025\006\345F\004{|\351\207\007\035\013\003""; }; ","ledgerHash: ""c\273\016\301\024\363\242\247\263\231\370\344\nBW\220K\316@3\243\200\036wk\253GSlU\010\360""; ledgerSeq: 14; type: liBASE; nodes {;   nodedata: ""\000\000\000\016\001cEx]\211\377\330\001f\352\277\0031Q]\362\370R\350{\261\202\240\344\215\201\353\276\322p5p\350\354\017>\250r\241\000\000\000\000\000\000\000\000\000\000\000\000\000\000\000\000\000\000\000\000\000\000\000\000\000\000\000\000\000\000\000\000]V<\255\t\311\340J\373l\2360+\307\213\276_\334q\007\000ix\260\201V\227\260X?\260\344/\351\252\334/\351\252\335\n\000""; }; nodes {;   nodedata: ""\323C\344\327\264{\312-\017:\006{\177\344N\002\326bO\260\220\006\033\362\345\005U\221DzJ0\001\301\025%1L\307\t\261\262z\374\222T\301\274V\236\223\262\270Ct\362\337b\356\024*\324\320\351\317\002k\336\234\027v\351\217\260\303\360\233ZPZWr\246$w\313\313\r\243r\232\2234\373\3539:N\004Q\245\272D\312D\300\300\t\323\0257\345e\271\na\215{\226\255x%T\257\037\333\004\344_/R\006E\344\037@\210\363\010\336T\226\247'\204_{\261\370""1\235\2445\343\033Y!\212\201\341\272\225'\007\310\365L\037\322q\332L\034E%3\365J\261!\212F\302\003\250\025\006\345F\004{|\351\207\007\035\013\003""; }; "
1750527582500,1750527582501,0,1,2,1,TMLedgerData,"ledgerHash: ""c\273\016\301\024\363\242\247\263\231\370\344\nBW\220K\316@3\243\200\036wk\253GSlU\010\360""; ledgerSeq: 14; type: liBASE; nodes {;   nodedata: ""\000\000\000\016\001cEx]\211\377\330\001f\352\277\0031Q]\362\370R\350{\261\202\240\344\215\201\353\276\322p5p\350\354\017>\250r\241\000\000\000\000\000\000\000\000\000\000\000\000\000\000\000\000\000\000\000\000\000\000\000\000\000\000\000\000\000\000\000\000]V<\255\t\311\340J\373l\2360+\307\213\276_\334q\007\000ix\260\201V\227\260X?\260\344/\351\252\334/\351\252\335\n\000""; }; nodes {;   nodedata: ""\323C\344\327\264{\312-\017:\006{\177\344N\002\326bO\260\220\006\033\362\345\005U\221DzJ0\001\301\025%1L\307\t\261\262z\374\222T\301\274V\236\223\262\270Ct\362\337b\356\024*\324\320\351\317\002k\336\234\027v\351\217\260\303\360\233ZPZWr\246$w\313\313\r\243r\232\2234\373\3539:N\004Q\245\272D\312D\300\300\t\323\0257\345e\271\na\215{\226\255x%T\257\037\333\004\344_/R\006E\344\037@\210\363\010\336T\226\247'\204_{\261\370""1\235\2445\343\033Y!\212\201\341\272\225'\007\310\365L\037\322q\332L\034E%3\365J\261!\212F\302\003\250\025\006\345F\004{|\351\207\007\035\013\003""; }; ","ledgerHash: ""c\273\016\301\024\363\242\247\263\231\370\344\nBW\220K\316@3\243\200\036wk\253GSlU\010\360""; ledgerSeq: 14; type: liBASE; nodes {;   nodedata: ""\000\000\000\016\001cEx]\211\377\330\001f\352\277\0031Q]\362\370R\350{\261\202\240\344\215\201\353\276\322p5p\350\354\017>\250r\241\000\000\000\000\000\000\000\000\000\000\000\000\000\000\000\000\000\000\000\000\000\000\000\000\000\000\000\000\000\000\000\000]V<\255\t\311\340J\373l\2360+\307\213\276_\334q\007\000ix\260\201V\227\260X?\260\344/\351\252\334/\351\252\335\n\000""; }; nodes {;   nodedata: ""\323C\344\327\264{\312-\017:\006{\177\344N\002\326bO\260\220\006\033\362\345\005U\221DzJ0\001\301\025%1L\307\t\261\262z\374\222T\301\274V\236\223\262\270Ct\362\337b\356\024*\324\320\351\317\002k\336\234\027v\351\217\260\303\360\233ZPZWr\246$w\313\313\r\243r\232\2234\373\3539:N\004Q\245\272D\312D\300\300\t\323\0257\345e\271\na\215{\226\255x%T\257\037\333\004\344_/R\006E\344\037@\210\363\010\336T\226\247'\204_{\261\370""1\235\2445\343\033Y!\212\201\341\272\225'\007\310\365L\037\322q\332L\034E%3\365J\261!\212F\302\003\250\025\006\345F\004{|\351\207\007\035\013\003""; }; "
1750527582501,1750527582501,0,1,4,1,TMLedgerData,"ledgerHash: ""c\273\016\301\024\363\242\247\263\231\370\344\nBW\220K\316@3\243\200\036wk\253GSlU\010\360""; ledgerSeq: 14; type: liBASE; nodes {;   nodedata: ""\000\000\000\016\001cEx]\211\377\330\001f\352\277\0031Q]\362\370R\350{\261\202\240\344\215\201\353\276\322p5p\350\354\017>\250r\241\000\000\000\000\000\000\000\000\000\000\000\000\000\000\000\000\000\000\000\000\000\000\000\000\000\000\000\000\000\000\000\000]V<\255\t\311\340J\373l\2360+\307\213\276_\334q\007\000ix\260\201V\227\260X?\260\344/\351\252\334/\351\252\335\n\000""; }; nodes {;   nodedata: ""\323C\344\327\264{\312-\017:\006{\177\344N\002\326bO\260\220\006\033\362\345\005U\221DzJ0\001\301\025%1L\307\t\261\262z\374\222T\301\274V\236\223\262\270Ct\362\337b\356\024*\324\320\351\317\002k\336\234\027v\351\217\260\303\360\233ZPZWr\246$w\313\313\r\243r\232\2234\373\3539:N\004Q\245\272D\312D\300\300\t\323\0257\345e\271\na\215{\226\255x%T\257\037\333\004\344_/R\006E\344\037@\210\363\010\336T\226\247'\204_{\261\370""1\235\2445\343\033Y!\212\201\341\272\225'\007\310\365L\037\322q\332L\034E%3\365J\261!\212F\302\003\250\025\006\345F\004{|\351\207\007\035\013\003""; }; ","ledgerHash: ""c\273\016\301\024\363\242\247\263\231\370\344\nBW\220K\316@3\243\200\036wk\253GSlU\010\360""; ledgerSeq: 14; type: liBASE; nodes {;   nodedata: ""\000\000\000\016\001cEx]\211\377\330\001f\352\277\0031Q]\362\370R\350{\261\202\240\344\215\201\353\276\322p5p\350\354\017>\250r\241\000\000\000\000\000\000\000\000\000\000\000\000\000\000\000\000\000\000\000\000\000\000\000\000\000\000\000\000\000\000\000\000]V<\255\t\311\340J\373l\2360+\307\213\276_\334q\007\000ix\260\201V\227\260X?\260\344/\351\252\334/\351\252\335\n\000""; }; nodes {;   nodedata: ""\323C\344\327\264{\312-\017:\006{\177\344N\002\326bO\260\220\006\033\362\345\005U\221DzJ0\001\301\025%1L\307\t\261\262z\374\222T\301\274V\236\223\262\270Ct\362\337b\356\024*\324\320\351\317\002k\336\234\027v\351\217\260\303\360\233ZPZWr\246$w\313\313\r\243r\232\2234\373\3539:N\004Q\245\272D\312D\300\300\t\323\0257\345e\271\na\215{\226\255x%T\257\037\333\004\344_/R\006E\344\037@\210\363\010\336T\226\247'\204_{\261\370""1\235\2445\343\033Y!\212\201\341\272\225'\007\310\365L\037\322q\332L\034E%3\365J\261!\212F\302\003\250\025\006\345F\004{|\351\207\007\035\013\003""; }; "
1750527582503,1750527582503,0,1,4,0,TMLedgerData,"ledgerHash: ""c\273\016\301\024\363\242\247\263\231\370\344\nBW\220K\316@3\243\200\036wk\253GSlU\010\360""; ledgerSeq: 14; type: liBASE; nodes {;   nodedata: ""\000\000\000\016\001cEx]\211\377\330\001f\352\277\0031Q]\362\370R\350{\261\202\240\344\215\201\353\276\322p5p\350\354\017>\250r\241\000\000\000\000\000\000\000\000\000\000\000\000\000\000\000\000\000\000\000\000\000\000\000\000\000\000\000\000\000\000\000\000]V<\255\t\311\340J\373l\2360+\307\213\276_\334q\007\000ix\260\201V\227\260X?\260\344/\351\252\334/\351\252\335\n\000""; }; nodes {;   nodedata: ""\323C\344\327\264{\312-\017:\006{\177\344N\002\326bO\260\220\006\033\362\345\005U\221DzJ0\001\301\025%1L\307\t\261\262z\374\222T\301\274V\236\223\262\270Ct\362\337b\356\024*\324\320\351\317\002k\336\234\027v\351\217\260\303\360\233ZPZWr\246$w\313\313\r\243r\232\2234\373\3539:N\004Q\245\272D\312D\300\300\t\323\0257\345e\271\na\215{\226\255x%T\257\037\333\004\344_/R\006E\344\037@\210\363\010\336T\226\247'\204_{\261\370""1\235\2445\343\033Y!\212\201\341\272\225'\007\310\365L\037\322q\332L\034E%3\365J\261!\212F\302\003\250\025\006\345F\004{|\351\207\007\035\013\003""; }; ","ledgerHash: ""c\273\016\301\024\363\242\247\263\231\370\344\nBW\220K\316@3\243\200\036wk\253GSlU\010\360""; ledgerSeq: 14; type: liBASE; nodes {;   nodedata: ""\000\000\000\016\001cEx]\211\377\330\001f\352\277\0031Q]\362\370R\350{\261\202\240\344\215\201\353\276\322p5p\350\354\017>\250r\241\000\000\000\000\000\000\000\000\000\000\000\000\000\000\000\000\000\000\000\000\000\000\000\000\000\000\000\000\000\000\000\000]V<\255\t\311\340J\373l\2360+\307\213\276_\334q\007\000ix\260\201V\227\260X?\260\344/\351\252\334/\351\252\335\n\000""; }; nodes {;   nodedata: ""\323C\344\327\264{\312-\017:\006{\177\344N\002\326bO\260\220\006\033\362\345\005U\221DzJ0\001\301\025%1L\307\t\261\262z\374\222T\301\274V\236\223\262\270Ct\362\337b\356\024*\324\320\351\317\002k\336\234\027v\351\217\260\303\360\233ZPZWr\246$w\313\313\r\243r\232\2234\373\3539:N\004Q\245\272D\312D\300\300\t\323\0257\345e\271\na\215{\226\255x%T\257\037\333\004\344_/R\006E\344\037@\210\363\010\336T\226\247'\204_{\261\370""1\235\2445\343\033Y!\212\201\341\272\225'\007\310\365L\037\322q\332L\034E%3\365J\261!\212F\302\003\250\025\006\345F\004{|\351\207\007\035\013\003""; }; "
1750527582593,1750527582593,0,1,4,3,TMStatusChange,"newEvent: neACCEPTED_LEDGER; ledgerSeq: 14; ledgerHash: ""c\273\016\301\024\363\242\247\263\231\370\344\nBW\220K\316@3\243\200\036wk\253GSlU\010\360""; ledgerHashPrevious: ""\001f\352\277\0031Q]\362\370R\350{\261\202\240\344\215\201\353\276\322p5p\350\354\017>\250r\241""; networkTime: 803842782; firstSeq: 1; lastSeq: 13; ","newEvent: neACCEPTED_LEDGER; ledgerSeq: 14; ledgerHash: ""c\273\016\301\024\363\242\247\263\231\370\344\nBW\220K\316@3\243\200\036wk\253GSlU\010\360""; ledgerHashPrevious: ""\001f\352\277\0031Q]\362\370R\350{\261\202\240\344\215\201\353\276\322p5p\350\354\017>\250r\241""; networkTime: 803842782; firstSeq: 1; lastSeq: 13; "
1750527582593,1750527582593,0,1,4,2,TMStatusChange,"newEvent: neACCEPTED_LEDGER; ledgerSeq: 14; ledgerHash: ""c\273\016\301\024\363\242\247\263\231\370\344\nBW\220K\316@3\243\200\036wk\253GSlU\010\360""; ledgerHashPrevious: ""\001f\352\277\0031Q]\362\370R\350{\261\202\240\344\215\201\353\276\322p5p\350\354\017>\250r\241""; networkTime: 803842782; firstSeq: 1; lastSeq: 13; ","newEvent: neACCEPTED_LEDGER; ledgerSeq: 14; ledgerHash: ""c\273\016\301\024\363\242\247\263\231\370\344\nBW\220K\316@3\243\200\036wk\253GSlU\010\360""; ledgerHashPrevious: ""\001f\352\277\0031Q]\362\370R\350{\261\202\240\344\215\201\353\276\322p5p\350\354\017>\250r\241""; networkTime: 803842782; firstSeq: 1; lastSeq: 13; "
1750527582594,1750527582594,0,1,4,0,TMStatusChange,"newEvent: neACCEPTED_LEDGER; ledgerSeq: 14; ledgerHash: ""c\273\016\301\024\363\242\247\263\231\370\344\nBW\220K\316@3\243\200\036wk\253GSlU\010\360""; ledgerHashPrevious: ""\001f\352\277\0031Q]\362\370R\350{\261\202\240\344\215\201\353\276\322p5p\350\354\017>\250r\241""; networkTime: 803842782; firstSeq: 1; lastSeq: 13; ","newEvent: neACCEPTED_LEDGER; ledgerSeq: 14; ledgerHash: ""c\273\016\301\024\363\242\247\263\231\370\344\nBW\220K\316@3\243\200\036wk\253GSlU\010\360""; ledgerHashPrevious: ""\001f\352\277\0031Q]\362\370R\350{\261\202\240\344\215\201\353\276\322p5p\350\354\017>\250r\241""; networkTime: 803842782; firstSeq: 1; lastSeq: 13; "
1750527582594,1750527582594,0,1,4,1,TMStatusChange,"newEvent: neACCEPTED_LEDGER; ledgerSeq: 14; ledgerHash: ""c\273\016\301\024\363\242\247\263\231\370\344\nBW\220K\316@3\243\200\036wk\253GSlU\010\360""; ledgerHashPrevious: ""\001f\352\277\0031Q]\362\370R\350{\261\202\240\344\215\201\353\276\322p5p\350\354\017>\250r\241""; networkTime: 803842782; firstSeq: 1; lastSeq: 13; ","newEvent: neACCEPTED_LEDGER; ledgerSeq: 14; ledgerHash: ""c\273\016\301\024\363\242\247\263\231\370\344\nBW\220K\316@3\243\200\036wk\253GSlU\010\360""; ledgerHashPrevious: ""\001f\352\277\0031Q]\362\370R\350{\261\202\240\344\215\201\353\276\322p5p\350\354\017>\250r\241""; networkTime: 803842782; firstSeq: 1; lastSeq: 13; "
1750527582594,1750527582594,0,1,4,0,TMValidation,"validation: """"\200\000\000\001&\000\000\000\016)/\351\252\336:\r\302\353\023?\373\240rQc\273\016\301\024\363\242\247\263\231\370\344\nBW\220K\316@3\243\200\036wk\253GSlU\010\360P\027\000\000\000\000\000\000\000\000\000\000\000\000\000\000\000\000\000\000\000\000\000\000\000\000\000\000\000\000\000\000\000\000P\031\001f\352\277\0031Q]\362\370R\350{\261\202\240\344\215\201\353\276\322p5p\350\354\017>\250r\241s!\003R7o\362bV\300hf\266\241;}\200^\374\240\203[:\342Q\225\221\027y\372\255\235\216\323~vF0D\002 mt\315\376\333\207_\227d\213\230:\267\360\222;\to\276:\372\340X\177\337\tu\206\257\220\223D\002 \036\217K\277e""\017\037v\036\rmRQ\317L!\272\252\024qW\203\270\265/\233<^\272f\341""; ","validation: """"\200\000\000\001&\000\000\000\016)/\351\252\336:\r\302\353\023?\373\240rQc\273\016\301\024\363\242\247\263\231\370\344\nBW\220K\316@3\243\200\036wk\253GSlU\010\360P\027\000\000\000\000\000\000\000\000\000\000\000\000\000\000\000\000\000\000\000\000\000\000\000\000\000\000\000\000\000\000\000\000P\031\001f\352\277\0031Q]\362\370R\350{\261\202\240\344\215\201\353\276\322p5p\350\354\017>\250r\241s!\003R7o\362bV\300hf\266\241;}\200^\374\240\203[:\342Q\225\221\027y\372\255\235\216\323~vF0D\002 mt\315\376\333\207_\227d\213\230:\267\360\222;\to\276:\372\340X\177\337\tu\206\257\220\223D\002 \036\217K\277e""\017\037v\036\rmRQ\317L!\272\252\024qW\203\270\265/\233<^\272f\341""; "
1750527582597,1750527582597,0,1,0,1,TMValidation,"validation: """"\200\000\000\001&\000\000\000\016)/\351\252\336:\r\302\353\023?\373\240rQc\273\016\301\024\363\242\247\263\231\370\344\nBW\220K\316@3\243\200\036wk\253GSlU\010\360P\027\000\000\000\000\000\000\000\000\000\000\000\000\000\000\000\000\000\000\000\000\000\000\000\000\000\000\000\000\000\000\000\000P\031\001f\352\277\0031Q]\362\370R\350{\261\202\240\344\215\201\353\276\322p5p\350\354\017>\250r\241s!\003R7o\362bV\300hf\266\241;}\200^\374\240\203[:\342Q\225\221\027y\372\255\235\216\323~vF0D\002 mt\315\376\333\207_\227d\213\230:\267\360\222;\to\276:\372\340X\177\337\tu\206\257\220\223D\002 \036\217K\277e""\017\037v\036\rmRQ\317L!\272\252\024qW\203\270\265/\233<^\272f\341""; ","validation: """"\200\000\000\001&\000\000\000\016)/\351\252\336:\r\302\353\023?\373\240rQc\273\016\301\024\363\242\247\263\231\370\344\nBW\220K\316@3\243\200\036wk\253GSlU\010\360P\027\000\000\000\000\000\000\000\000\000\000\000\000\000\000\000\000\000\000\000\000\000\000\000\000\000\000\000\000\000\000\000\000P\031\001f\352\277\0031Q]\362\370R\350{\261\202\240\344\215\201\353\276\322p5p\350\354\017>\250r\241s!\003R7o\362bV\300hf\266\241;}\200^\374\240\203[:\342Q\225\221\027y\372\255\235\216\323~vF0D\002 mt\315\376\333\207_\227d\213\230:\267\360\222;\to\276:\372\340X\177\337\tu\206\257\220\223D\002 \036\217K\277e""\017\037v\036\rmRQ\317L!\272\252\024qW\203\270\265/\233<^\272f\341""; "
1750527582597,1750527582597,0,1,0,3,TMValidation,"validation: """"\200\000\000\001&\000\000\000\016)/\351\252\336:\r\302\353\023?\373\240rQc\273\016\301\024\363\242\247\263\231\370\344\nBW\220K\316@3\243\200\036wk\253GSlU\010\360P\027\000\000\000\000\000\000\000\000\000\000\000\000\000\000\000\000\000\000\000\000\000\000\000\000\000\000\000\000\000\000\000\000P\031\001f\352\277\0031Q]\362\370R\350{\261\202\240\344\215\201\353\276\322p5p\350\354\017>\250r\241s!\003R7o\362bV\300hf\266\241;}\200^\374\240\203[:\342Q\225\221\027y\372\255\235\216\323~vF0D\002 mt\315\376\333\207_\227d\213\230:\267\360\222;\to\276:\372\340X\177\337\tu\206\257\220\223D\002 \036\217K\277e""\017\037v\036\rmRQ\317L!\272\252\024qW\203\270\265/\233<^\272f\341""; ","validation: """"\200\000\000\001&\000\000\000\016)/\351\252\336:\r\302\353\023?\373\240rQc\273\016\301\024\363\242\247\263\231\370\344\nBW\220K\316@3\243\200\036wk\253GSlU\010\360P\027\000\000\000\000\000\000\000\000\000\000\000\000\000\000\000\000\000\000\000\000\000\000\000\000\000\000\000\000\000\000\000\000P\031\001f\352\277\0031Q]\362\370R\350{\261\202\240\344\215\201\353\276\322p5p\350\354\017>\250r\241s!\003R7o\362bV\300hf\266\241;}\200^\374\240\203[:\342Q\225\221\027y\372\255\235\216\323~vF0D\002 mt\315\376\333\207_\227d\213\230:\267\360\222;\to\276:\372\340X\177\337\tu\206\257\220\223D\002 \036\217K\277e""\017\037v\036\rmRQ\317L!\272\252\024qW\203\270\265/\233<^\272f\341""; "
1750527582598,1750527582598,0,1,0,2,TMValidation,"validation: """"\200\000\000\001&\000\000\000\016)/\351\252\336:\r\302\353\023?\373\240rQc\273\016\301\024\363\242\247\263\231\370\344\nBW\220K\316@3\243\200\036wk\253GSlU\010\360P\027\000\000\000\000\000\000\000\000\000\000\000\000\000\000\000\000\000\000\000\000\000\000\000\000\000\000\000\000\000\000\000\000P\031\001f\352\277\0031Q]\362\370R\350{\261\202\240\344\215\201\353\276\322p5p\350\354\017>\250r\241s!\003R7o\362bV\300hf\266\241;}\200^\374\240\203[:\342Q\225\221\027y\372\255\235\216\323~vF0D\002 mt\315\376\333\207_\227d\213\230:\267\360\222;\to\276:\372\340X\177\337\tu\206\257\220\223D\002 \036\217K\277e""\017\037v\036\rmRQ\317L!\272\252\024qW\203\270\265/\233<^\272f\341""; ","validation: """"\200\000\000\001&\000\000\000\016)/\351\252\336:\r\302\353\023?\373\240rQc\273\016\301\024\363\242\247\263\231\370\344\nBW\220K\316@3\243\200\036wk\253GSlU\010\360P\027\000\000\000\000\000\000\000\000\000\000\000\000\000\000\000\000\000\000\000\000\000\000\000\000\000\000\000\000\000\000\000\000P\031\001f\352\277\0031Q]\362\370R\350{\261\202\240\344\215\201\353\276\322p5p\350\354\017>\250r\241s!\003R7o\362bV\300hf\266\241;}\200^\374\240\203[:\342Q\225\221\027y\372\255\235\216\323~vF0D\002 mt\315\376\333\207_\227d\213\230:\267\360\222;\to\276:\372\340X\177\337\tu\206\257\220\223D\002 \036\217K\277e""\017\037v\036\rmRQ\317L!\272\252\024qW\203\270\265/\233<^\272f\341""; "
1750527582600,1750527582600,0,1,3,2,TMValidation,"validation: """"\200\000\000\001&\000\000\000\016)/\351\252\336:\r\302\353\023?\373\240rQc\273\016\301\024\363\242\247\263\231\370\344\nBW\220K\316@3\243\200\036wk\253GSlU\010\360P\027\000\000\000\000\000\000\000\000\000\000\000\000\000\000\000\000\000\000\000\000\000\000\000\000\000\000\000\000\000\000\000\000P\031\001f\352\277\0031Q]\362\370R\350{\261\202\240\344\215\201\353\276\322p5p\350\354\017>\250r\241s!\003R7o\362bV\300hf\266\241;}\200^\374\240\203[:\342Q\225\221\027y\372\255\235\216\323~vF0D\002 mt\315\376\333\207_\227d\213\230:\267\360\222;\to\276:\372\340X\177\337\tu\206\257\220\223D\002 \036\217K\277e""\017\037v\036\rmRQ\317L!\272\252\024qW\203\270\265/\233<^\272f\341""; ","validation: """"\200\000\000\001&\000\000\000\016)/\351\252\336:\r\302\353\023?\373\240rQc\273\016\301\024\363\242\247\263\231\370\344\nBW\220K\316@3\243\200\036wk\253GSlU\010\360P\027\000\000\000\000\000\000\000\000\000\000\000\000\000\000\000\000\000\000\000\000\000\000\000\000\000\000\000\000\000\000\000\000P\031\001f\352\277\0031Q]\362\370R\350{\261\202\240\344\215\201\353\276\322p5p\350\354\017>\250r\241s!\003R7o\362bV\300hf\266\241;}\200^\374\240\203[:\342Q\225\221\027y\372\255\235\216\323~vF0D\002 mt\315\376\333\207_\227d\213\230:\267\360\222;\to\276:\372\340X\177\337\tu\206\257\220\223D\002 \036\217K\277e""\017\037v\036\rmRQ\317L!\272\252\024qW\203\270\265/\233<^\272f\341""; "
1750527582601,1750527582601,0,1,1,4,TMValidation,"validation: """"\200\000\000\001&\000\000\000\016)/\351\252\336:\r\302\353\023?\373\240rQc\273\016\301\024\363\242\247\263\231\370\344\nBW\220K\316@3\243\200\036wk\253GSlU\010\360P\027\000\000\000\000\000\000\000\000\000\000\000\000\000\000\000\000\000\000\000\000\000\000\000\000\000\000\000\000\000\000\000\000P\031\001f\352\277\0031Q]\362\370R\350{\261\202\240\344\215\201\353\276\322p5p\350\354\017>\250r\241s!\003R7o\362bV\300hf\266\241;}\200^\374\240\203[:\342Q\225\221\027y\372\255\235\216\323~vF0D\002 mt\315\376\333\207_\227d\213\230:\267\360\222;\to\276:\372\340X\177\337\tu\206\257\220\223D\002 \036\217K\277e""\017\037v\036\rmRQ\317L!\272\252\024qW\203\270\265/\233<^\272f\341""; ","validation: """"\200\000\000\001&\000\000\000\016)/\351\252\336:\r\302\353\023?\373\240rQc\273\016\301\024\363\242\247\263\231\370\344\nBW\220K\316@3\243\200\036wk\253GSlU\010\360P\027\000\000\000\000\000\000\000\000\000\000\000\000\000\000\000\000\000\000\000\000\000\000\000\000\000\000\000\000\000\000\000\000P\031\001f\352\277\0031Q]\362\370R\350{\261\202\240\344\215\201\353\276\322p5p\350\354\017>\250r\241s!\003R7o\362bV\300hf\266\241;}\200^\374\240\203[:\342Q\225\221\027y\372\255\235\216\323~vF0D\002 mt\315\376\333\207_\227d\213\230:\267\360\222;\to\276:\372\340X\177\337\tu\206\257\220\223D\002 \036\217K\277e""\017\037v\036\rmRQ\317L!\272\252\024qW\203\270\265/\233<^\272f\341""; "
1750527582601,1750527582601,0,1,3,1,TMValidation,"validation: """"\200\000\000\001&\000\000\000\016)/\351\252\336:\r\302\353\023?\373\240rQc\273\016\301\024\363\242\247\263\231\370\344\nBW\220K\316@3\243\200\036wk\253GSlU\010\360P\027\000\000\000\000\000\000\000\000\000\000\000\000\000\000\000\000\000\000\000\000\000\000\000\000\000\000\000\000\000\000\000\000P\031\001f\352\277\0031Q]\362\370R\350{\261\202\240\344\215\201\353\276\322p5p\350\354\017>\250r\241s!\003R7o\362bV\300hf\266\241;}\200^\374\240\203[:\342Q\225\221\027y\372\255\235\216\323~vF0D\002 mt\315\376\333\207_\227d\213\230:\267\360\222;\to\276:\372\340X\177\337\tu\206\257\220\223D\002 \036\217K\277e""\017\037v\036\rmRQ\317L!\272\252\024qW\203\270\265/\233<^\272f\341""; ","validation: """"\200\000\000\001&\000\000\000\016)/\351\252\336:\r\302\353\023?\373\240rQc\273\016\301\024\363\242\247\263\231\370\344\nBW\220K\316@3\243\200\036wk\253GSlU\010\360P\027\000\000\000\000\000\000\000\000\000\000\000\000\000\000\000\000\000\000\000\000\000\000\000\000\000\000\000\000\000\000\000\000P\031\001f\352\277\0031Q]\362\370R\350{\261\202\240\344\215\201\353\276\322p5p\350\354\017>\250r\241s!\003R7o\362bV\300hf\266\241;}\200^\374\240\203[:\342Q\225\221\027y\372\255\235\216\323~vF0D\002 mt\315\376\333\207_\227d\213\230:\267\360\222;\to\276:\372\340X\177\337\tu\206\257\220\223D\002 \036\217K\277e""\017\037v\036\rmRQ\317L!\272\252\024qW\203\270\265/\233<^\272f\341""; "
1750527582601,1750527582601,0,1,1,3,TMValidation,"validation: """"\200\000\000\001&\000\000\000\016)/\351\252\336:\r\302\353\023?\373\240rQc\273\016\301\024\363\242\247\263\231\370\344\nBW\220K\316@3\243\200\036wk\253GSlU\010\360P\027\000\000\000\000\000\000\000\000\000\000\000\000\000\000\000\000\000\000\000\000\000\000\000\000\000\000\000\000\000\000\000\000P\031\001f\352\277\0031Q]\362\370R\350{\261\202\240\344\215\201\353\276\322p5p\350\354\017>\250r\241s!\003R7o\362bV\300hf\266\241;}\200^\374\240\203[:\342Q\225\221\027y\372\255\235\216\323~vF0D\002 mt\315\376\333\207_\227d\213\230:\267\360\222;\to\276:\372\340X\177\337\tu\206\257\220\223D\002 \036\217K\277e""\017\037v\036\rmRQ\317L!\272\252\024qW\203\270\265/\233<^\272f\341""; ","validation: """"\200\000\000\001&\000\000\000\016)/\351\252\336:\r\302\353\023?\373\240rQc\273\016\301\024\363\242\247\263\231\370\344\nBW\220K\316@3\243\200\036wk\253GSlU\010\360P\027\000\000\000\000\000\000\000\000\000\000\000\000\000\000\000\000\000\000\000\000\000\000\000\000\000\000\000\000\000\000\000\000P\031\001f\352\277\0031Q]\362\370R\350{\261\202\240\344\215\201\353\276\322p5p\350\354\017>\250r\241s!\003R7o\362bV\300hf\266\241;}\200^\374\240\203[:\342Q\225\221\027y\372\255\235\216\323~vF0D\002 mt\315\376\333\207_\227d\213\230:\267\360\222;\to\276:\372\340X\177\337\tu\206\257\220\223D\002 \036\217K\277e""\017\037v\036\rmRQ\317L!\272\252\024qW\203\270\265/\233<^\272f\341""; "
1750527582600,1750527582600,0,1,3,4,TMValidation,"validation: """"\200\000\000\001&\000\000\000\016)/\351\252\336:\r\302\353\023?\373\240rQc\273\016\301\024\363\242\247\263\231\370\344\nBW\220K\316@3\243\200\036wk\253GSlU\010\360P\027\000\000\000\000\000\000\000\000\000\000\000\000\000\000\000\000\000\000\000\000\000\000\000\000\000\000\000\000\000\000\000\000P\031\001f\352\277\0031Q]\362\370R\350{\261\202\240\344\215\201\353\276\322p5p\350\354\017>\250r\241s!\003R7o\362bV\300hf\266\241;}\200^\374\240\203[:\342Q\225\221\027y\372\255\235\216\323~vF0D\002 mt\315\376\333\207_\227d\213\230:\267\360\222;\to\276:\372\340X\177\337\tu\206\257\220\223D\002 \036\217K\277e""\017\037v\036\rmRQ\317L!\272\252\024qW\203\270\265/\233<^\272f\341""; ","validation: """"\200\000\000\001&\000\000\000\016)/\351\252\336:\r\302\353\023?\373\240rQc\273\016\301\024\363\242\247\263\231\370\344\nBW\220K\316@3\243\200\036wk\253GSlU\010\360P\027\000\000\000\000\000\000\000\000\000\000\000\000\000\000\000\000\000\000\000\000\000\000\000\000\000\000\000\000\000\000\000\000P\031\001f\352\277\0031Q]\362\370R\350{\261\202\240\344\215\201\353\276\322p5p\350\354\017>\250r\241s!\003R7o\362bV\300hf\266\241;}\200^\374\240\203[:\342Q\225\221\027y\372\255\235\216\323~vF0D\002 mt\315\376\333\207_\227d\213\230:\267\360\222;\to\276:\372\340X\177\337\tu\206\257\220\223D\002 \036\217K\277e""\017\037v\036\rmRQ\317L!\272\252\024qW\203\270\265/\233<^\272f\341""; "
1750527582602,1750527582602,0,1,1,2,TMValidation,"validation: """"\200\000\000\001&\000\000\000\016)/\351\252\336:\r\302\353\023?\373\240rQc\273\016\301\024\363\242\247\263\231\370\344\nBW\220K\316@3\243\200\036wk\253GSlU\010\360P\027\000\000\000\000\000\000\000\000\000\000\000\000\000\000\000\000\000\000\000\000\000\000\000\000\000\000\000\000\000\000\000\000P\031\001f\352\277\0031Q]\362\370R\350{\261\202\240\344\215\201\353\276\322p5p\350\354\017>\250r\241s!\003R7o\362bV\300hf\266\241;}\200^\374\240\203[:\342Q\225\221\027y\372\255\235\216\323~vF0D\002 mt\315\376\333\207_\227d\213\230:\267\360\222;\to\276:\372\340X\177\337\tu\206\257\220\223D\002 \036\217K\277e""\017\037v\036\rmRQ\317L!\272\252\024qW\203\270\265/\233<^\272f\341""; ","validation: """"\200\000\000\001&\000\000\000\016)/\351\252\336:\r\302\353\023?\373\240rQc\273\016\301\024\363\242\247\263\231\370\344\nBW\220K\316@3\243\200\036wk\253GSlU\010\360P\027\000\000\000\000\000\000\000\000\000\000\000\000\000\000\000\000\000\000\000\000\000\000\000\000\000\000\000\000\000\000\000\000P\031\001f\352\277\0031Q]\362\370R\350{\261\202\240\344\215\201\353\276\322p5p\350\354\017>\250r\241s!\003R7o\362bV\300hf\266\241;}\200^\374\240\203[:\342Q\225\221\027y\372\255\235\216\323~vF0D\002 mt\315\376\333\207_\227d\213\230:\267\360\222;\to\276:\372\340X\177\337\tu\206\257\220\223D\002 \036\217K\277e""\017\037v\036\rmRQ\317L!\272\252\024qW\203\270\265/\233<^\272f\341""; "
1750527582603,1750527582603,0,1,2,1,TMValidation,"validation: """"\200\000\000\001&\000\000\000\016)/\351\252\336:\r\302\353\023?\373\240rQc\273\016\301\024\363\242\247\263\231\370\344\nBW\220K\316@3\243\200\036wk\253GSlU\010\360P\027\000\000\000\000\000\000\000\000\000\000\000\000\000\000\000\000\000\000\000\000\000\000\000\000\000\000\000\000\000\000\000\000P\031\001f\352\277\0031Q]\362\370R\350{\261\202\240\344\215\201\353\276\322p5p\350\354\017>\250r\241s!\003R7o\362bV\300hf\266\241;}\200^\374\240\203[:\342Q\225\221\027y\372\255\235\216\323~vF0D\002 mt\315\376\333\207_\227d\213\230:\267\360\222;\to\276:\372\340X\177\337\tu\206\257\220\223D\002 \036\217K\277e""\017\037v\036\rmRQ\317L!\272\252\024qW\203\270\265/\233<^\272f\341""; ","validation: """"\200\000\000\001&\000\000\000\016)/\351\252\336:\r\302\353\023?\373\240rQc\273\016\301\024\363\242\247\263\231\370\344\nBW\220K\316@3\243\200\036wk\253GSlU\010\360P\027\000\000\000\000\000\000\000\000\000\000\000\000\000\000\000\000\000\000\000\000\000\000\000\000\000\000\000\000\000\000\000\000P\031\001f\352\277\0031Q]\362\370R\350{\261\202\240\344\215\201\353\276\322p5p\350\354\017>\250r\241s!\003R7o\362bV\300hf\266\241;}\200^\374\240\203[:\342Q\225\221\027y\372\255\235\216\323~vF0D\002 mt\315\376\333\207_\227d\213\230:\267\360\222;\to\276:\372\340X\177\337\tu\206\257\220\223D\002 \036\217K\277e""\017\037v\036\rmRQ\317L!\272\252\024qW\203\270\265/\233<^\272f\341""; "
1750527582603,1750527582603,0,1,2,4,TMValidation,"validation: """"\200\000\000\001&\000\000\000\016)/\351\252\336:\r\302\353\023?\373\240rQc\273\016\301\024\363\242\247\263\231\370\344\nBW\220K\316@3\243\200\036wk\253GSlU\010\360P\027\000\000\000\000\000\000\000\000\000\000\000\000\000\000\000\000\000\000\000\000\000\000\000\000\000\000\000\000\000\000\000\000P\031\001f\352\277\0031Q]\362\370R\350{\261\202\240\344\215\201\353\276\322p5p\350\354\017>\250r\241s!\003R7o\362bV\300hf\266\241;}\200^\374\240\203[:\342Q\225\221\027y\372\255\235\216\323~vF0D\002 mt\315\376\333\207_\227d\213\230:\267\360\222;\to\276:\372\340X\177\337\tu\206\257\220\223D\002 \036\217K\277e""\017\037v\036\rmRQ\317L!\272\252\024qW\203\270\265/\233<^\272f\341""; ","validation: """"\200\000\000\001&\000\000\000\016)/\351\252\336:\r\302\353\023?\373\240rQc\273\016\301\024\363\242\247\263\231\370\344\nBW\220K\316@3\243\200\036wk\253GSlU\010\360P\027\000\000\000\000\000\000\000\000\000\000\000\000\000\000\000\000\000\000\000\000\000\000\000\000\000\000\000\000\000\000\000\000P\031\001f\352\277\0031Q]\362\370R\350{\261\202\240\344\215\201\353\276\322p5p\350\354\017>\250r\241s!\003R7o\362bV\300hf\266\241;}\200^\374\240\203[:\342Q\225\221\027y\372\255\235\216\323~vF0D\002 mt\315\376\333\207_\227d\213\230:\267\360\222;\to\276:\372\340X\177\337\tu\206\257\220\223D\002 \036\217K\277e""\017\037v\036\rmRQ\317L!\272\252\024qW\203\270\265/\233<^\272f\341""; "
1750527582603,1750527582603,0,1,2,3,TMValidation,"validation: """"\200\000\000\001&\000\000\000\016)/\351\252\336:\r\302\353\023?\373\240rQc\273\016\301\024\363\242\247\263\231\370\344\nBW\220K\316@3\243\200\036wk\253GSlU\010\360P\027\000\000\000\000\000\000\000\000\000\000\000\000\000\000\000\000\000\000\000\000\000\000\000\000\000\000\000\000\000\000\000\000P\031\001f\352\277\0031Q]\362\370R\350{\261\202\240\344\215\201\353\276\322p5p\350\354\017>\250r\241s!\003R7o\362bV\300hf\266\241;}\200^\374\240\203[:\342Q\225\221\027y\372\255\235\216\323~vF0D\002 mt\315\376\333\207_\227d\213\230:\267\360\222;\to\276:\372\340X\177\337\tu\206\257\220\223D\002 \036\217K\277e""\017\037v\036\rmRQ\317L!\272\252\024qW\203\270\265/\233<^\272f\341""; ","validation: """"\200\000\000\001&\000\000\000\016)/\351\252\336:\r\302\353\023?\373\240rQc\273\016\301\024\363\242\247\263\231\370\344\nBW\220K\316@3\243\200\036wk\253GSlU\010\360P\027\000\000\000\000\000\000\000\000\000\000\000\000\000\000\000\000\000\000\000\000\000\000\000\000\000\000\000\000\000\000\000\000P\031\001f\352\277\0031Q]\362\370R\350{\261\202\240\344\215\201\353\276\322p5p\350\354\017>\250r\241s!\003R7o\362bV\300hf\266\241;}\200^\374\240\203[:\342Q\225\221\027y\372\255\235\216\323~vF0D\002 mt\315\376\333\207_\227d\213\230:\267\360\222;\to\276:\372\340X\177\337\tu\206\257\220\223D\002 \036\217K\277e""\017\037v\036\rmRQ\317L!\272\252\024qW\203\270\265/\233<^\272f\341""; "
1750527582604,1750527582604,0,1,4,1,TMValidation,"validation: """"\200\000\000\001&\000\000\000\016)/\351\252\336:\r\302\353\023?\373\240rQc\273\016\301\024\363\242\247\263\231\370\344\nBW\220K\316@3\243\200\036wk\253GSlU\010\360P\027\000\000\000\000\000\000\000\000\000\000\000\000\000\000\000\000\000\000\000\000\000\000\000\000\000\000\000\000\000\000\000\000P\031\001f\352\277\0031Q]\362\370R\350{\261\202\240\344\215\201\353\276\322p5p\350\354\017>\250r\241s!\003R7o\362bV\300hf\266\241;}\200^\374\240\203[:\342Q\225\221\027y\372\255\235\216\323~vF0D\002 mt\315\376\333\207_\227d\213\230:\267\360\222;\to\276:\372\340X\177\337\tu\206\257\220\223D\002 \036\217K\277e""\017\037v\036\rmRQ\317L!\272\252\024qW\203\270\265/\233<^\272f\341""; ","validation: """"\200\000\000\001&\000\000\000\016)/\351\252\336:\r\302\353\023?\373\240rQc\273\016\301\024\363\242\247\263\231\370\344\nBW\220K\316@3\243\200\036wk\253GSlU\010\360P\027\000\000\000\000\000\000\000\000\000\000\000\000\000\000\000\000\000\000\000\000\000\000\000\000\000\000\000\000\000\000\000\000P\031\001f\352\277\0031Q]\362\370R\350{\261\202\240\344\215\201\353\276\322p5p\350\354\017>\250r\241s!\003R7o\362bV\300hf\266\241;}\200^\374\240\203[:\342Q\225\221\027y\372\255\235\216\323~vF0D\002 mt\315\376\333\207_\227d\213\230:\267\360\222;\to\276:\372\340X\177\337\tu\206\257\220\223D\002 \036\217K\277e""\017\037v\036\rmRQ\317L!\272\252\024qW\203\270\265/\233<^\272f\341""; "
1750527582605,1750527582606,0,1,4,3,TMValidation,"validation: """"\200\000\000\001&\000\000\000\016)/\351\252\336:\r\302\353\023?\373\240rQc\273\016\301\024\363\242\247\263\231\370\344\nBW\220K\316@3\243\200\036wk\253GSlU\010\360P\027\000\000\000\000\000\000\000\000\000\000\000\000\000\000\000\000\000\000\000\000\000\000\000\000\000\000\000\000\000\000\000\000P\031\001f\352\277\0031Q]\362\370R\350{\261\202\240\344\215\201\353\276\322p5p\350\354\017>\250r\241s!\003R7o\362bV\300hf\266\241;}\200^\374\240\203[:\342Q\225\221\027y\372\255\235\216\323~vF0D\002 mt\315\376\333\207_\227d\213\230:\267\360\222;\to\276:\372\340X\177\337\tu\206\257\220\223D\002 \036\217K\277e""\017\037v\036\rmRQ\317L!\272\252\024qW\203\270\265/\233<^\272f\341""; ","validation: """"\200\000\000\001&\000\000\000\016)/\351\252\336:\r\302\353\023?\373\240rQc\273\016\301\024\363\242\247\263\231\370\344\nBW\220K\316@3\243\200\036wk\253GSlU\010\360P\027\000\000\000\000\000\000\000\000\000\000\000\000\000\000\000\000\000\000\000\000\000\000\000\000\000\000\000\000\000\000\000\000P\031\001f\352\277\0031Q]\362\370R\350{\261\202\240\344\215\201\353\276\322p5p\350\354\017>\250r\241s!\003R7o\362bV\300hf\266\241;}\200^\374\240\203[:\342Q\225\221\027y\372\255\235\216\323~vF0D\002 mt\315\376\333\207_\227d\213\230:\267\360\222;\to\276:\372\340X\177\337\tu\206\257\220\223D\002 \036\217K\277e""\017\037v\036\rmRQ\317L!\272\252\024qW\203\270\265/\233<^\272f\341""; "
1750527582607,1750527582607,0,1,4,2,TMValidation,"validation: """"\200\000\000\001&\000\000\000\016)/\351\252\336:\r\302\353\023?\373\240rQc\273\016\301\024\363\242\247\263\231\370\344\nBW\220K\316@3\243\200\036wk\253GSlU\010\360P\027\000\000\000\000\000\000\000\000\000\000\000\000\000\000\000\000\000\000\000\000\000\000\000\000\000\000\000\000\000\000\000\000P\031\001f\352\277\0031Q]\362\370R\350{\261\202\240\344\215\201\353\276\322p5p\350\354\017>\250r\241s!\003R7o\362bV\300hf\266\241;}\200^\374\240\203[:\342Q\225\221\027y\372\255\235\216\323~vF0D\002 mt\315\376\333\207_\227d\213\230:\267\360\222;\to\276:\372\340X\177\337\tu\206\257\220\223D\002 \036\217K\277e""\017\037v\036\rmRQ\317L!\272\252\024qW\203\270\265/\233<^\272f\341""; ","validation: """"\200\000\000\001&\000\000\000\016)/\351\252\336:\r\302\353\023?\373\240rQc\273\016\301\024\363\242\247\263\231\370\344\nBW\220K\316@3\243\200\036wk\253GSlU\010\360P\027\000\000\000\000\000\000\000\000\000\000\000\000\000\000\000\000\000\000\000\000\000\000\000\000\000\000\000\000\000\000\000\000P\031\001f\352\277\0031Q]\362\370R\350{\261\202\240\344\215\201\353\276\322p5p\350\354\017>\250r\241s!\003R7o\362bV\300hf\266\241;}\200^\374\240\203[:\342Q\225\221\027y\372\255\235\216\323~vF0D\002 mt\315\376\333\207_\227d\213\230:\267\360\222;\to\276:\372\340X\177\337\tu\206\257\220\223D\002 \036\217K\277e""\017\037v\036\rmRQ\317L!\272\252\024qW\203\270\265/\233<^\272f\341""; "
1750527583429,1750527583429,0,1,3,0,TMProposeSet,"proposeSeq: 0; currentTxHash: ""\000\000\000\000\000\000\000\000\000\000\000\000\000\000\000\000\000\000\000\000\000\000\000\000\000\000\000\000\000\000\000\000""; nodePubKey: ""\002\364d\217\366\217|\316F\232\231\241\n\261\333`\312O\367\235\025DD\336e\367\n\312\326\221\037\025\230""; closeTime: 803842783; signature: ""0E\002!\000\306+c\202\374\341\231\327U\375\031\243\236\304\006\345ZE\304\ne{\244\031\341\315\221n[5>\311\002 f\256\270;6\311\234b\250uz)#\260|\0060\022kxeC\224*V'\263\274\260\261\367y""; previousledger: ""c\273\016\301\024\363\242\247\263\231\370\344\nBW\220K\316@3\243\200\036wk\253GSlU\010\360""; ","proposeSeq: 0; currentTxHash: ""\000\000\000\000\000\000\000\000\000\000\000\000\000\000\000\000\000\000\000\000\000\000\000\000\000\000\000\000\000\000\000\000""; nodePubKey: ""\002\364d\217\366\217|\316F\232\231\241\n\261\333`\312O\367\235\025DD\336e\367\n\312\326\221\037\025\230""; closeTime: 803842783; signature: ""0E\002!\000\306+c\202\374\341\231\327U\375\031\243\236\304\006\345ZE\304\ne{\244\031\341\315\221n[5>\311\002 f\256\270;6\311\234b\250uz)#\260|\0060\022kxeC\224*V'\263\274\260\261\367y""; previousledger: ""c\273\016\301\024\363\242\247\263\231\370\344\nBW\220K\316@3\243\200\036wk\253GSlU\010\360""; "
1750527583470,1750527583470,0,1,3,4,TMProposeSet,"proposeSeq: 0; currentTxHash: ""\000\000\000\000\000\000\000\000\000\000\000\000\000\000\000\000\000\000\000\000\000\000\000\000\000\000\000\000\000\000\000\000""; nodePubKey: ""\002\364d\217\366\217|\316F\232\231\241\n\261\333`\312O\367\235\025DD\336e\367\n\312\326\221\037\025\230""; closeTime: 803842783; signature: ""0E\002!\000\306+c\202\374\341\231\327U\375\031\243\236\304\006\345ZE\304\ne{\244\031\341\315\221n[5>\311\002 f\256\270;6\311\234b\250uz)#\260|\0060\022kxeC\224*V'\263\274\260\261\367y""; previousledger: ""c\273\016\301\024\363\242\247\263\231\370\344\nBW\220K\316@3\243\200\036wk\253GSlU\010\360""; ","proposeSeq: 0; currentTxHash: ""\000\000\000\000\000\000\000\000\000\000\000\000\000\000\000\000\000\000\000\000\000\000\000\000\000\000\000\000\000\000\000\000""; nodePubKey: ""\002\364d\217\366\217|\316F\232\231\241\n\261\333`\312O\367\235\025DD\336e\367\n\312\326\221\037\025\230""; closeTime: 803842783; signature: ""0E\002!\000\306+c\202\374\341\231\327U\375\031\243\236\304\006\345ZE\304\ne{\244\031\341\315\221n[5>\311\002 f\256\270;6\311\234b\250uz)#\260|\0060\022kxeC\224*V'\263\274\260\261\367y""; previousledger: ""c\273\016\301\024\363\242\247\263\231\370\344\nBW\220K\316@3\243\200\036wk\253GSlU\010\360""; "
1750527583471,1750527583471,0,1,3,1,TMProposeSet,"proposeSeq: 0; currentTxHash: ""\000\000\000\000\000\000\000\000\000\000\000\000\000\000\000\000\000\000\000\000\000\000\000\000\000\000\000\000\000\000\000\000""; nodePubKey: ""\002\364d\217\366\217|\316F\232\231\241\n\261\333`\312O\367\235\025DD\336e\367\n\312\326\221\037\025\230""; closeTime: 803842783; signature: ""0E\002!\000\306+c\202\374\341\231\327U\375\031\243\236\304\006\345ZE\304\ne{\244\031\341\315\221n[5>\311\002 f\256\270;6\311\234b\250uz)#\260|\0060\022kxeC\224*V'\263\274\260\261\367y""; previousledger: ""c\273\016\301\024\363\242\247\263\231\370\344\nBW\220K\316@3\243\200\036wk\253GSlU\010\360""; ","proposeSeq: 0; currentTxHash: ""\000\000\000\000\000\000\000\000\000\000\000\000\000\000\000\000\000\000\000\000\000\000\000\000\000\000\000\000\000\000\000\000""; nodePubKey: ""\002\364d\217\366\217|\316F\232\231\241\n\261\333`\312O\367\235\025DD\336e\367\n\312\326\221\037\025\230""; closeTime: 803842783; signature: ""0E\002!\000\306+c\202\374\341\231\327U\375\031\243\236\304\006\345ZE\304\ne{\244\031\341\315\221n[5>\311\002 f\256\270;6\311\234b\250uz)#\260|\0060\022kxeC\224*V'\263\274\260\261\367y""; previousledger: ""c\273\016\301\024\363\242\247\263\231\370\344\nBW\220K\316@3\243\200\036wk\253GSlU\010\360""; "
1750527583471,1750527583471,0,1,3,2,TMProposeSet,"proposeSeq: 0; currentTxHash: ""\000\000\000\000\000\000\000\000\000\000\000\000\000\000\000\000\000\000\000\000\000\000\000\000\000\000\000\000\000\000\000\000""; nodePubKey: ""\002\364d\217\366\217|\316F\232\231\241\n\261\333`\312O\367\235\025DD\336e\367\n\312\326\221\037\025\230""; closeTime: 803842783; signature: ""0E\002!\000\306+c\202\374\341\231\327U\375\031\243\236\304\006\345ZE\304\ne{\244\031\341\315\221n[5>\311\002 f\256\270;6\311\234b\250uz)#\260|\0060\022kxeC\224*V'\263\274\260\261\367y""; previousledger: ""c\273\016\301\024\363\242\247\263\231\370\344\nBW\220K\316@3\243\200\036wk\253GSlU\010\360""; ","proposeSeq: 0; currentTxHash: ""\000\000\000\000\000\000\000\000\000\000\000\000\000\000\000\000\000\000\000\000\000\000\000\000\000\000\000\000\000\000\000\000""; nodePubKey: ""\002\364d\217\366\217|\316F\232\231\241\n\261\333`\312O\367\235\025DD\336e\367\n\312\326\221\037\025\230""; closeTime: 803842783; signature: ""0E\002!\000\306+c\202\374\341\231\327U\375\031\243\236\304\006\345ZE\304\ne{\244\031\341\315\221n[5>\311\002 f\256\270;6\311\234b\250uz)#\260|\0060\022kxeC\224*V'\263\274\260\261\367y""; previousledger: ""c\273\016\301\024\363\242\247\263\231\370\344\nBW\220K\316@3\243\200\036wk\253GSlU\010\360""; "
1750527583473,1750527583474,0,1,4,1,TMProposeSet,"proposeSeq: 0; currentTxHash: ""\000\000\000\000\000\000\000\000\000\000\000\000\000\000\000\000\000\000\000\000\000\000\000\000\000\000\000\000\000\000\000\000""; nodePubKey: ""\002\364d\217\366\217|\316F\232\231\241\n\261\333`\312O\367\235\025DD\336e\367\n\312\326\221\037\025\230""; closeTime: 803842783; signature: ""0E\002!\000\306+c\202\374\341\231\327U\375\031\243\236\304\006\345ZE\304\ne{\244\031\341\315\221n[5>\311\002 f\256\270;6\311\234b\250uz)#\260|\0060\022kxeC\224*V'\263\274\260\261\367y""; previousledger: ""c\273\016\301\024\363\242\247\263\231\370\344\nBW\220K\316@3\243\200\036wk\253GSlU\010\360""; ","proposeSeq: 0; currentTxHash: ""\000\000\000\000\000\000\000\000\000\000\000\000\000\000\000\000\000\000\000\000\000\000\000\000\000\000\000\000\000\000\000\000""; nodePubKey: ""\002\364d\217\366\217|\316F\232\231\241\n\261\333`\312O\367\235\025DD\336e\367\n\312\326\221\037\025\230""; closeTime: 803842783; signature: ""0E\002!\000\306+c\202\374\341\231\327U\375\031\243\236\304\006\345ZE\304\ne{\244\031\341\315\221n[5>\311\002 f\256\270;6\311\234b\250uz)#\260|\0060\022kxeC\224*V'\263\274\260\261\367y""; previousledger: ""c\273\016\301\024\363\242\247\263\231\370\344\nBW\220K\316@3\243\200\036wk\253GSlU\010\360""; "
1750527583474,1750527583475,0,1,4,2,TMProposeSet,"proposeSeq: 0; currentTxHash: ""\000\000\000\000\000\000\000\000\000\000\000\000\000\000\000\000\000\000\000\000\000\000\000\000\000\000\000\000\000\000\000\000""; nodePubKey: ""\002\364d\217\366\217|\316F\232\231\241\n\261\333`\312O\367\235\025DD\336e\367\n\312\326\221\037\025\230""; closeTime: 803842783; signature: ""0E\002!\000\306+c\202\374\341\231\327U\375\031\243\236\304\006\345ZE\304\ne{\244\031\341\315\221n[5>\311\002 f\256\270;6\311\234b\250uz)#\260|\0060\022kxeC\224*V'\263\274\260\261\367y""; previousledger: ""c\273\016\301\024\363\242\247\263\231\370\344\nBW\220K\316@3\243\200\036wk\253GSlU\010\360""; ","proposeSeq: 0; currentTxHash: ""\000\000\000\000\000\000\000\000\000\000\000\000\000\000\000\000\000\000\000\000\000\000\000\000\000\000\000\000\000\000\000\000""; nodePubKey: ""\002\364d\217\366\217|\316F\232\231\241\n\261\333`\312O\367\235\025DD\336e\367\n\312\326\221\037\025\230""; closeTime: 803842783; signature: ""0E\002!\000\306+c\202\374\341\231\327U\375\031\243\236\304\006\345ZE\304\ne{\244\031\341\315\221n[5>\311\002 f\256\270;6\311\234b\250uz)#\260|\0060\022kxeC\224*V'\263\274\260\261\367y""; previousledger: ""c\273\016\301\024\363\242\247\263\231\370\344\nBW\220K\316@3\243\200\036wk\253GSlU\010\360""; "
1750527583475,1750527583475,0,1,4,0,TMProposeSet,"proposeSeq: 0; currentTxHash: ""\000\000\000\000\000\000\000\000\000\000\000\000\000\000\000\000\000\000\000\000\000\000\000\000\000\000\000\000\000\000\000\000""; nodePubKey: ""\002\364d\217\366\217|\316F\232\231\241\n\261\333`\312O\367\235\025DD\336e\367\n\312\326\221\037\025\230""; closeTime: 803842783; signature: ""0E\002!\000\306+c\202\374\341\231\327U\375\031\243\236\304\006\345ZE\304\ne{\244\031\341\315\221n[5>\311\002 f\256\270;6\311\234b\250uz)#\260|\0060\022kxeC\224*V'\263\274\260\261\367y""; previousledger: ""c\273\016\301\024\363\242\247\263\231\370\344\nBW\220K\316@3\243\200\036wk\253GSlU\010\360""; ","proposeSeq: 0; currentTxHash: ""\000\000\000\000\000\000\000\000\000\000\000\000\000\000\000\000\000\000\000\000\000\000\000\000\000\000\000\000\000\000\000\000""; nodePubKey: ""\002\364d\217\366\217|\316F\232\231\241\n\261\333`\312O\367\235\025DD\336e\367\n\312\326\221\037\025\230""; closeTime: 803842783; signature: ""0E\002!\000\306+c\202\374\341\231\327U\375\031\243\236\304\006\345ZE\304\ne{\244\031\341\315\221n[5>\311\002 f\256\270;6\311\234b\250uz)#\260|\0060\022kxeC\224*V'\263\274\260\261\367y""; previousledger: ""c\273\016\301\024\363\242\247\263\231\370\344\nBW\220K\316@3\243\200\036wk\253GSlU\010\360""; "
1750527583427,1750527583502,0,1,3,2,TMStatusChange,"newEvent: neCLOSING_LEDGER; ledgerSeq: 14; ledgerHash: ""c\273\016\301\024\363\242\247\263\231\370\344\nBW\220K\316@3\243\200\036wk\253GSlU\010\360""; ledgerHashPrevious: ""\001f\352\277\0031Q]\362\370R\350{\261\202\240\344\215\201\353\276\322p5p\350\354\017>\250r\241""; networkTime: 803842783; firstSeq: 1; lastSeq: 14; ","newEvent: neCLOSING_LEDGER; ledgerSeq: 14; ledgerHash: ""c\273\016\301\024\363\242\247\263\231\370\344\nBW\220K\316@3\243\200\036wk\253GSlU\010\360""; ledgerHashPrevious: ""\001f\352\277\0031Q]\362\370R\350{\261\202\240\344\215\201\353\276\322p5p\350\354\017>\250r\241""; networkTime: 803842783; firstSeq: 1; lastSeq: 14; "
1750527583428,1750527583503,0,1,3,1,TMStatusChange,"newEvent: neCLOSING_LEDGER; ledgerSeq: 14; ledgerHash: ""c\273\016\301\024\363\242\247\263\231\370\344\nBW\220K\316@3\243\200\036wk\253GSlU\010\360""; ledgerHashPrevious: ""\001f\352\277\0031Q]\362\370R\350{\261\202\240\344\215\201\353\276\322p5p\350\354\017>\250r\241""; networkTime: 803842783; firstSeq: 1; lastSeq: 14; ","newEvent: neCLOSING_LEDGER; ledgerSeq: 14; ledgerHash: ""c\273\016\301\024\363\242\247\263\231\370\344\nBW\220K\316@3\243\200\036wk\253GSlU\010\360""; ledgerHashPrevious: ""\001f\352\277\0031Q]\362\370R\350{\261\202\240\344\215\201\353\276\322p5p\350\354\017>\250r\241""; networkTime: 803842783; firstSeq: 1; lastSeq: 14; "
1750527583428,1750527583503,0,1,3,0,TMStatusChange,"newEvent: neCLOSING_LEDGER; ledgerSeq: 14; ledgerHash: ""c\273\016\301\024\363\242\247\263\231\370\344\nBW\220K\316@3\243\200\036wk\253GSlU\010\360""; ledgerHashPrevious: ""\001f\352\277\0031Q]\362\370R\350{\261\202\240\344\215\201\353\276\322p5p\350\354\017>\250r\241""; networkTime: 803842783; firstSeq: 1; lastSeq: 14; ","newEvent: neCLOSING_LEDGER; ledgerSeq: 14; ledgerHash: ""c\273\016\301\024\363\242\247\263\231\370\344\nBW\220K\316@3\243\200\036wk\253GSlU\010\360""; ledgerHashPrevious: ""\001f\352\277\0031Q]\362\370R\350{\261\202\240\344\215\201\353\276\322p5p\350\354\017>\250r\241""; networkTime: 803842783; firstSeq: 1; lastSeq: 14; "
1750527583428,1750527583503,0,1,3,4,TMStatusChange,"newEvent: neCLOSING_LEDGER; ledgerSeq: 14; ledgerHash: ""c\273\016\301\024\363\242\247\263\231\370\344\nBW\220K\316@3\243\200\036wk\253GSlU\010\360""; ledgerHashPrevious: ""\001f\352\277\0031Q]\362\370R\350{\261\202\240\344\215\201\353\276\322p5p\350\354\017>\250r\241""; networkTime: 803842783; firstSeq: 1; lastSeq: 14; ","newEvent: neCLOSING_LEDGER; ledgerSeq: 14; ledgerHash: ""c\273\016\301\024\363\242\247\263\231\370\344\nBW\220K\316@3\243\200\036wk\253GSlU\010\360""; ledgerHashPrevious: ""\001f\352\277\0031Q]\362\370R\350{\261\202\240\344\215\201\353\276\322p5p\350\354\017>\250r\241""; networkTime: 803842783; firstSeq: 1; lastSeq: 14; "
1750527583518,1750527583518,0,1,0,3,TMProposeSet,"proposeSeq: 1; currentTxHash: ""\000\000\000\000\000\000\000\000\000\000\000\000\000\000\000\000\000\000\000\000\000\000\000\000\000\000\000\000\000\000\000\000""; nodePubKey: ""\002\225aM\037\203M\271C\224]$\245\215\334\264;{{\365%Z\2443U\201\242\320iUc\207\367""; closeTime: 803842770; signature: ""0E\002!\000\273e\321~6\004\235\010\326\271fjB\013d \322\217\006l\273\020@\352\323\206\324\013\257\033\272\217\002 b\323\277\263\022|W\004n\262\346I(9\324\356\223\353\304u]\372\263\311G\302n-S\035\235\033""; previousledger: ""\325\371\316>\336\364\361`\021\nV\271\333\031\320\244t\024/\346+\231\223\334h\037s\322=Z\307\242""; ","proposeSeq: 1; currentTxHash: ""\000\000\000\000\000\000\000\000\000\000\000\000\000\000\000\000\000\000\000\000\000\000\000\000\000\000\000\000\000\000\000\000""; nodePubKey: ""\002\225aM\037\203M\271C\224]$\245\215\334\264;{{\365%Z\2443U\201\242\320iUc\207\367""; closeTime: 803842770; signature: ""0E\002!\000\273e\321~6\004\235\010\326\271fjB\013d \322\217\006l\273\020@\352\323\206\324\013\257\033\272\217\002 b\323\277\263\022|W\004n\262\346I(9\324\356\223\353\304u]\372\263\311G\302n-S\035\235\033""; previousledger: ""\325\371\316>\336\364\361`\021\nV\271\333\031\320\244t\024/\346+\231\223\334h\037s\322=Z\307\242""; "
1750527583519,1750527583519,0,1,0,2,TMProposeSet,"proposeSeq: 1; currentTxHash: ""\000\000\000\000\000\000\000\000\000\000\000\000\000\000\000\000\000\000\000\000\000\000\000\000\000\000\000\000\000\000\000\000""; nodePubKey: ""\002\225aM\037\203M\271C\224]$\245\215\334\264;{{\365%Z\2443U\201\242\320iUc\207\367""; closeTime: 803842770; signature: ""0E\002!\000\273e\321~6\004\235\010\326\271fjB\013d \322\217\006l\273\020@\352\323\206\324\013\257\033\272\217\002 b\323\277\263\022|W\004n\262\346I(9\324\356\223\353\304u]\372\263\311G\302n-S\035\235\033""; previousledger: ""\325\371\316>\336\364\361`\021\nV\271\333\031\320\244t\024/\346+\231\223\334h\037s\322=Z\307\242""; ","proposeSeq: 1; currentTxHash: ""\000\000\000\000\000\000\000\000\000\000\000\000\000\000\000\000\000\000\000\000\000\000\000\000\000\000\000\000\000\000\000\000""; nodePubKey: ""\002\225aM\037\203M\271C\224]$\245\215\334\264;{{\365%Z\2443U\201\242\320iUc\207\367""; closeTime: 803842770; signature: ""0E\002!\000\273e\321~6\004\235\010\326\271fjB\013d \322\217\006l\273\020@\352\323\206\324\013\257\033\272\217\002 b\323\277\263\022|W\004n\262\346I(9\324\356\223\353\304u]\372\263\311G\302n-S\035\235\033""; previousledger: ""\325\371\316>\336\364\361`\021\nV\271\333\031\320\244t\024/\346+\231\223\334h\037s\322=Z\307\242""; "
1750527583519,1750527583519,0,1,0,4,TMProposeSet,"proposeSeq: 1; currentTxHash: ""\000\000\000\000\000\000\000\000\000\000\000\000\000\000\000\000\000\000\000\000\000\000\000\000\000\000\000\000\000\000\000\000""; nodePubKey: ""\002\225aM\037\203M\271C\224]$\245\215\334\264;{{\365%Z\2443U\201\242\320iUc\207\367""; closeTime: 803842770; signature: ""0E\002!\000\273e\321~6\004\235\010\326\271fjB\013d \322\217\006l\273\020@\352\323\206\324\013\257\033\272\217\002 b\323\277\263\022|W\004n\262\346I(9\324\356\223\353\304u]\372\263\311G\302n-S\035\235\033""; previousledger: ""\325\371\316>\336\364\361`\021\nV\271\333\031\320\244t\024/\346+\231\223\334h\037s\322=Z\307\242""; ","proposeSeq: 1; currentTxHash: ""\000\000\000\000\000\000\000\000\000\000\000\000\000\000\000\000\000\000\000\000\000\000\000\000\000\000\000\000\000\000\000\000""; nodePubKey: ""\002\225aM\037\203M\271C\224]$\245\215\334\264;{{\365%Z\2443U\201\242\320iUc\207\367""; closeTime: 803842770; signature: ""0E\002!\000\273e\321~6\004\235\010\326\271fjB\013d \322\217\006l\273\020@\352\323\206\324\013\257\033\272\217\002 b\323\277\263\022|W\004n\262\346I(9\324\356\223\353\304u]\372\263\311G\302n-S\035\235\033""; previousledger: ""\325\371\316>\336\364\361`\021\nV\271\333\031\320\244t\024/\346+\231\223\334h\037s\322=Z\307\242""; "
1750527583519,1750527583519,0,1,0,1,TMProposeSet,"proposeSeq: 1; currentTxHash: ""\000\000\000\000\000\000\000\000\000\000\000\000\000\000\000\000\000\000\000\000\000\000\000\000\000\000\000\000\000\000\000\000""; nodePubKey: ""\002\225aM\037\203M\271C\224]$\245\215\334\264;{{\365%Z\2443U\201\242\320iUc\207\367""; closeTime: 803842770; signature: ""0E\002!\000\273e\321~6\004\235\010\326\271fjB\013d \322\217\006l\273\020@\352\323\206\324\013\257\033\272\217\002 b\323\277\263\022|W\004n\262\346I(9\324\356\223\353\304u]\372\263\311G\302n-S\035\235\033""; previousledger: ""\325\371\316>\336\364\361`\021\nV\271\333\031\320\244t\024/\346+\231\223\334h\037s\322=Z\307\242""; ","proposeSeq: 1; currentTxHash: ""\000\000\000\000\000\000\000\000\000\000\000\000\000\000\000\000\000\000\000\000\000\000\000\000\000\000\000\000\000\000\000\000""; nodePubKey: ""\002\225aM\037\203M\271C\224]$\245\215\334\264;{{\365%Z\2443U\201\242\320iUc\207\367""; closeTime: 803842770; signature: ""0E\002!\000\273e\321~6\004\235\010\326\271fjB\013d \322\217\006l\273\020@\352\323\206\324\013\257\033\272\217\002 b\323\277\263\022|W\004n\262\346I(9\324\356\223\353\304u]\372\263\311G\302n-S\035\235\033""; previousledger: ""\325\371\316>\336\364\361`\021\nV\271\333\031\320\244t\024/\346+\231\223\334h\037s\322=Z\307\242""; "
1750527583593,1750527583593,0,1,4,0,TMProposeSet,"proposeSeq: 0; currentTxHash: ""\000\000\000\000\000\000\000\000\000\000\000\000\000\000\000\000\000\000\000\000\000\000\000\000\000\000\000\000\000\000\000\000""; nodePubKey: ""\003R7o\362bV\300hf\266\241;}\200^\374\240\203[:\342Q\225\221\027y\372\255\235\216\323~""; closeTime: 803842783; signature: ""0D\002 r\021\345\261\237\270\004o$\341\377?\312\332,\024\251\375`<\312Ei\203(`\327\307\2218\265!\002 \020\233\317\234\344\257\224\213\017.\344f\213!N\316\312`\214\231E]\213\235X\016\245aq\242\267]""; previousledger: ""c\273\016\301\024\363\242\247\263\231\370\344\nBW\220K\316@3\243\200\036wk\253GSlU\010\360""; ","proposeSeq: 0; currentTxHash: ""\000\000\000\000\000\000\000\000\000\000\000\000\000\000\000\000\000\000\000\000\000\000\000\000\000\000\000\000\000\000\000\000""; nodePubKey: ""\003R7o\362bV\300hf\266\241;}\200^\374\240\203[:\342Q\225\221\027y\372\255\235\216\323~""; closeTime: 803842783; signature: ""0D\002 r\021\345\261\237\270\004o$\341\377?\312\332,\024\251\375`<\312Ei\203(`\327\307\2218\265!\002 \020\233\317\234\344\257\224\213\017.\344f\213!N\316\312`\214\231E]\213\235X\016\245aq\242\267]""; previousledger: ""c\273\016\301\024\363\242\247\263\231\370\344\nBW\220K\316@3\243\200\036wk\253GSlU\010\360""; "
1750527583594,1750527583594,0,1,4,3,TMProposeSet,"proposeSeq: 0; currentTxHash: ""\000\000\000\000\000\000\000\000\000\000\000\000\000\000\000\000\000\000\000\000\000\000\000\000\000\000\000\000\000\000\000\000""; nodePubKey: ""\003R7o\362bV\300hf\266\241;}\200^\374\240\203[:\342Q\225\221\027y\372\255\235\216\323~""; closeTime: 803842783; signature: ""0D\002 r\021\345\261\237\270\004o$\341\377?\312\332,\024\251\375`<\312Ei\203(`\327\307\2218\265!\002 \020\233\317\234\344\257\224\213\017.\344f\213!N\316\312`\214\231E]\213\235X\016\245aq\242\267]""; previousledger: ""c\273\016\301\024\363\242\247\263\231\370\344\nBW\220K\316@3\243\200\036wk\253GSlU\010\360""; ","proposeSeq: 0; currentTxHash: ""\000\000\000\000\000\000\000\000\000\000\000\000\000\000\000\000\000\000\000\000\000\000\000\000\000\000\000\000\000\000\000\000""; nodePubKey: ""\003R7o\362bV\300hf\266\241;}\200^\374\240\203[:\342Q\225\221\027y\372\255\235\216\323~""; closeTime: 803842783; signature: ""0D\002 r\021\345\261\237\270\004o$\341\377?\312\332,\024\251\375`<\312Ei\203(`\327\307\2218\265!\002 \020\233\317\234\344\257\224\213\017.\344f\213!N\316\312`\214\231E]\213\235X\016\245aq\242\267]""; previousledger: ""c\273\016\301\024\363\242\247\263\231\370\344\nBW\220K\316@3\243\200\036wk\253GSlU\010\360""; "
1750527583596,1750527583596,0,1,4,1,TMProposeSet,"proposeSeq: 0; currentTxHash: ""\000\000\000\000\000\000\000\000\000\000\000\000\000\000\000\000\000\000\000\000\000\000\000\000\000\000\000\000\000\000\000\000""; nodePubKey: ""\003R7o\362bV\300hf\266\241;}\200^\374\240\203[:\342Q\225\221\027y\372\255\235\216\323~""; closeTime: 803842783; signature: ""0D\002 r\021\345\261\237\270\004o$\341\377?\312\332,\024\251\375`<\312Ei\203(`\327\307\2218\265!\002 \020\233\317\234\344\257\224\213\017.\344f\213!N\316\312`\214\231E]\213\235X\016\245aq\242\267]""; previousledger: ""c\273\016\301\024\363\242\247\263\231\370\344\nBW\220K\316@3\243\200\036wk\253GSlU\010\360""; ","proposeSeq: 0; currentTxHash: ""\000\000\000\000\000\000\000\000\000\000\000\000\000\000\000\000\000\000\000\000\000\000\000\000\000\000\000\000\000\000\000\000""; nodePubKey: ""\003R7o\362bV\300hf\266\241;}\200^\374\240\203[:\342Q\225\221\027y\372\255\235\216\323~""; closeTime: 803842783; signature: ""0D\002 r\021\345\261\237\270\004o$\341\377?\312\332,\024\251\375`<\312Ei\203(`\327\307\2218\265!\002 \020\233\317\234\344\257\224\213\017.\344f\213!N\316\312`\214\231E]\213\235X\016\245aq\242\267]""; previousledger: ""c\273\016\301\024\363\242\247\263\231\370\344\nBW\220K\316@3\243\200\036wk\253GSlU\010\360""; "
1750527583597,1750527583597,0,1,4,2,TMProposeSet,"proposeSeq: 0; currentTxHash: ""\000\000\000\000\000\000\000\000\000\000\000\000\000\000\000\000\000\000\000\000\000\000\000\000\000\000\000\000\000\000\000\000""; nodePubKey: ""\003R7o\362bV\300hf\266\241;}\200^\374\240\203[:\342Q\225\221\027y\372\255\235\216\323~""; closeTime: 803842783; signature: ""0D\002 r\021\345\261\237\270\004o$\341\377?\312\332,\024\251\375`<\312Ei\203(`\327\307\2218\265!\002 \020\233\317\234\344\257\224\213\017.\344f\213!N\316\312`\214\231E]\213\235X\016\245aq\242\267]""; previousledger: ""c\273\016\301\024\363\242\247\263\231\370\344\nBW\220K\316@3\243\200\036wk\253GSlU\010\360""; ","proposeSeq: 0; currentTxHash: ""\000\000\000\000\000\000\000\000\000\000\000\000\000\000\000\000\000\000\000\000\000\000\000\000\000\000\000\000\000\000\000\000""; nodePubKey: ""\003R7o\362bV\300hf\266\241;}\200^\374\240\203[:\342Q\225\221\027y\372\255\235\216\323~""; closeTime: 803842783; signature: ""0D\002 r\021\345\261\237\270\004o$\341\377?\312\332,\024\251\375`<\312Ei\203(`\327\307\2218\265!\002 \020\233\317\234\344\257\224\213\017.\344f\213!N\316\312`\214\231E]\213\235X\016\245aq\242\267]""; previousledger: ""c\273\016\301\024\363\242\247\263\231\370\344\nBW\220K\316@3\243\200\036wk\253GSlU\010\360""; "
1750527583598,1750527583598,0,1,3,0,TMProposeSet,"proposeSeq: 0; currentTxHash: ""\000\000\000\000\000\000\000\000\000\000\000\000\000\000\000\000\000\000\000\000\000\000\000\000\000\000\000\000\000\000\000\000""; nodePubKey: ""\003R7o\362bV\300hf\266\241;}\200^\374\240\203[:\342Q\225\221\027y\372\255\235\216\323~""; closeTime: 803842783; signature: ""0D\002 r\021\345\261\237\270\004o$\341\377?\312\332,\024\251\375`<\312Ei\203(`\327\307\2218\265!\002 \020\233\317\234\344\257\224\213\017.\344f\213!N\316\312`\214\231E]\213\235X\016\245aq\242\267]""; previousledger: ""c\273\016\301\024\363\242\247\263\231\370\344\nBW\220K\316@3\243\200\036wk\253GSlU\010\360""; ","proposeSeq: 0; currentTxHash: ""\000\000\000\000\000\000\000\000\000\000\000\000\000\000\000\000\000\000\000\000\000\000\000\000\000\000\000\000\000\000\000\000""; nodePubKey: ""\003R7o\362bV\300hf\266\241;}\200^\374\240\203[:\342Q\225\221\027y\372\255\235\216\323~""; closeTime: 803842783; signature: ""0D\002 r\021\345\261\237\270\004o$\341\377?\312\332,\024\251\375`<\312Ei\203(`\327\307\2218\265!\002 \020\233\317\234\344\257\224\213\017.\344f\213!N\316\312`\214\231E]\213\235X\016\245aq\242\267]""; previousledger: ""c\273\016\301\024\363\242\247\263\231\370\344\nBW\220K\316@3\243\200\036wk\253GSlU\010\360""; "
1750527583598,1750527583598,0,1,3,1,TMProposeSet,"proposeSeq: 0; currentTxHash: ""\000\000\000\000\000\000\000\000\000\000\000\000\000\000\000\000\000\000\000\000\000\000\000\000\000\000\000\000\000\000\000\000""; nodePubKey: ""\003R7o\362bV\300hf\266\241;}\200^\374\240\203[:\342Q\225\221\027y\372\255\235\216\323~""; closeTime: 803842783; signature: ""0D\002 r\021\345\261\237\270\004o$\341\377?\312\332,\024\251\375`<\312Ei\203(`\327\307\2218\265!\002 \020\233\317\234\344\257\224\213\017.\344f\213!N\316\312`\214\231E]\213\235X\016\245aq\242\267]""; previousledger: ""c\273\016\301\024\363\242\247\263\231\370\344\nBW\220K\316@3\243\200\036wk\253GSlU\010\360""; ","proposeSeq: 0; currentTxHash: ""\000\000\000\000\000\000\000\000\000\000\000\000\000\000\000\000\000\000\000\000\000\000\000\000\000\000\000\000\000\000\000\000""; nodePubKey: ""\003R7o\362bV\300hf\266\241;}\200^\374\240\203[:\342Q\225\221\027y\372\255\235\216\323~""; closeTime: 803842783; signature: ""0D\002 r\021\345\261\237\270\004o$\341\377?\312\332,\024\251\375`<\312Ei\203(`\327\307\2218\265!\002 \020\233\317\234\344\257\224\213\017.\344f\213!N\316\312`\214\231E]\213\235X\016\245aq\242\267]""; previousledger: ""c\273\016\301\024\363\242\247\263\231\370\344\nBW\220K\316@3\243\200\036wk\253GSlU\010\360""; "
1750527583598,1750527583598,0,1,3,2,TMProposeSet,"proposeSeq: 0; currentTxHash: ""\000\000\000\000\000\000\000\000\000\000\000\000\000\000\000\000\000\000\000\000\000\000\000\000\000\000\000\000\000\000\000\000""; nodePubKey: ""\003R7o\362bV\300hf\266\241;}\200^\374\240\203[:\342Q\225\221\027y\372\255\235\216\323~""; closeTime: 803842783; signature: ""0D\002 r\021\345\261\237\270\004o$\341\377?\312\332,\024\251\375`<\312Ei\203(`\327\307\2218\265!\002 \020\233\317\234\344\257\224\213\017.\344f\213!N\316\312`\214\231E]\213\235X\016\245aq\242\267]""; previousledger: ""c\273\016\301\024\363\242\247\263\231\370\344\nBW\220K\316@3\243\200\036wk\253GSlU\010\360""; ","proposeSeq: 0; currentTxHash: ""\000\000\000\000\000\000\000\000\000\000\000\000\000\000\000\000\000\000\000\000\000\000\000\000\000\000\000\000\000\000\000\000""; nodePubKey: ""\003R7o\362bV\300hf\266\241;}\200^\374\240\203[:\342Q\225\221\027y\372\255\235\216\323~""; closeTime: 803842783; signature: ""0D\002 r\021\345\261\237\270\004o$\341\377?\312\332,\024\251\375`<\312Ei\203(`\327\307\2218\265!\002 \020\233\317\234\344\257\224\213\017.\344f\213!N\316\312`\214\231E]\213\235X\016\245aq\242\267]""; previousledger: ""c\273\016\301\024\363\242\247\263\231\370\344\nBW\220K\316@3\243\200\036wk\253GSlU\010\360""; "
1750527583592,1750527583665,0,1,4,3,TMStatusChange,"newEvent: neCLOSING_LEDGER; ledgerSeq: 14; ledgerHash: ""c\273\016\301\024\363\242\247\263\231\370\344\nBW\220K\316@3\243\200\036wk\253GSlU\010\360""; ledgerHashPrevious: ""\001f\352\277\0031Q]\362\370R\350{\261\202\240\344\215\201\353\276\322p5p\350\354\017>\250r\241""; networkTime: 803842783; firstSeq: 1; lastSeq: 14; ","newEvent: neCLOSING_LEDGER; ledgerSeq: 14; ledgerHash: ""c\273\016\301\024\363\242\247\263\231\370\344\nBW\220K\316@3\243\200\036wk\253GSlU\010\360""; ledgerHashPrevious: ""\001f\352\277\0031Q]\362\370R\350{\261\202\240\344\215\201\353\276\322p5p\350\354\017>\250r\241""; networkTime: 803842783; firstSeq: 1; lastSeq: 14; "
1750527583596,1750527583666,0,1,4,2,TMStatusChange,"newEvent: neCLOSING_LEDGER; ledgerSeq: 14; ledgerHash: ""c\273\016\301\024\363\242\247\263\231\370\344\nBW\220K\316@3\243\200\036wk\253GSlU\010\360""; ledgerHashPrevious: ""\001f\352\277\0031Q]\362\370R\350{\261\202\240\344\215\201\353\276\322p5p\350\354\017>\250r\241""; networkTime: 803842783; firstSeq: 1; lastSeq: 14; ","newEvent: neCLOSING_LEDGER; ledgerSeq: 14; ledgerHash: ""c\273\016\301\024\363\242\247\263\231\370\344\nBW\220K\316@3\243\200\036wk\253GSlU\010\360""; ledgerHashPrevious: ""\001f\352\277\0031Q]\362\370R\350{\261\202\240\344\215\201\353\276\322p5p\350\354\017>\250r\241""; networkTime: 803842783; firstSeq: 1; lastSeq: 14; "
1750527583596,1750527583665,0,1,4,1,TMStatusChange,"newEvent: neCLOSING_LEDGER; ledgerSeq: 14; ledgerHash: ""c\273\016\301\024\363\242\247\263\231\370\344\nBW\220K\316@3\243\200\036wk\253GSlU\010\360""; ledgerHashPrevious: ""\001f\352\277\0031Q]\362\370R\350{\261\202\240\344\215\201\353\276\322p5p\350\354\017>\250r\241""; networkTime: 803842783; firstSeq: 1; lastSeq: 14; ","newEvent: neCLOSING_LEDGER; ledgerSeq: 14; ledgerHash: ""c\273\016\301\024\363\242\247\263\231\370\344\nBW\220K\316@3\243\200\036wk\253GSlU\010\360""; ledgerHashPrevious: ""\001f\352\277\0031Q]\362\370R\350{\261\202\240\344\215\201\353\276\322p5p\350\354\017>\250r\241""; networkTime: 803842783; firstSeq: 1; lastSeq: 14; "
1750527583595,1750527583665,0,1,4,0,TMStatusChange,"newEvent: neCLOSING_LEDGER; ledgerSeq: 14; ledgerHash: ""c\273\016\301\024\363\242\247\263\231\370\344\nBW\220K\316@3\243\200\036wk\253GSlU\010\360""; ledgerHashPrevious: ""\001f\352\277\0031Q]\362\370R\350{\261\202\240\344\215\201\353\276\322p5p\350\354\017>\250r\241""; networkTime: 803842783; firstSeq: 1; lastSeq: 14; ","newEvent: neCLOSING_LEDGER; ledgerSeq: 14; ledgerHash: ""c\273\016\301\024\363\242\247\263\231\370\344\nBW\220K\316@3\243\200\036wk\253GSlU\010\360""; ledgerHashPrevious: ""\001f\352\277\0031Q]\362\370R\350{\261\202\240\344\215\201\353\276\322p5p\350\354\017>\250r\241""; networkTime: 803842783; firstSeq: 1; lastSeq: 14; "
1750527584610,1750527584610,0,1,2,4,TMStatusChange,"newEvent: neACCEPTED_LEDGER; ledgerSeq: 9; ledgerHash: ""\254\016Y2T\325\302;\374(S\200\340k\2629</\343\247r\307\330\025\371\201[\232\275\310G\326""; ledgerHashPrevious: ""7\204MVwQh?\333Yw{\177u\266\2666\032#""\022\3206\266\023\027\356\2244\025`\301""; networkTime: 803842784; firstSeq: 1; lastSeq: 14; ","newEvent: neACCEPTED_LEDGER; ledgerSeq: 9; ledgerHash: ""\254\016Y2T\325\302;\374(S\200\340k\2629</\343\247r\307\330\025\371\201[\232\275\310G\326""; ledgerHashPrevious: ""7\204MVwQh?\333Yw{\177u\266\2666\032#""\022\3206\266\023\027\356\2244\025`\301""; networkTime: 803842784; firstSeq: 1; lastSeq: 14; "
1750527584611,1750527584611,0,1,2,3,TMStatusChange,"newEvent: neACCEPTED_LEDGER; ledgerSeq: 9; ledgerHash: ""\254\016Y2T\325\302;\374(S\200\340k\2629</\343\247r\307\330\025\371\201[\232\275\310G\326""; ledgerHashPrevious: ""7\204MVwQh?\333Yw{\177u\266\2666\032#""\022\3206\266\023\027\356\2244\025`\301""; networkTime: 803842784; firstSeq: 1; lastSeq: 14; ","newEvent: neACCEPTED_LEDGER; ledgerSeq: 9; ledgerHash: ""\254\016Y2T\325\302;\374(S\200\340k\2629</\343\247r\307\330\025\371\201[\232\275\310G\326""; ledgerHashPrevious: ""7\204MVwQh?\333Yw{\177u\266\2666\032#""\022\3206\266\023\027\356\2244\025`\301""; networkTime: 803842784; firstSeq: 1; lastSeq: 14; "
1750527584611,1750527584611,0,1,2,1,TMStatusChange,"newEvent: neACCEPTED_LEDGER; ledgerSeq: 9; ledgerHash: ""\254\016Y2T\325\302;\374(S\200\340k\2629</\343\247r\307\330\025\371\201[\232\275\310G\326""; ledgerHashPrevious: ""7\204MVwQh?\333Yw{\177u\266\2666\032#""\022\3206\266\023\027\356\2244\025`\301""; networkTime: 803842784; firstSeq: 1; lastSeq: 14; ","newEvent: neACCEPTED_LEDGER; ledgerSeq: 9; ledgerHash: ""\254\016Y2T\325\302;\374(S\200\340k\2629</\343\247r\307\330\025\371\201[\232\275\310G\326""; ledgerHashPrevious: ""7\204MVwQh?\333Yw{\177u\266\2666\032#""\022\3206\266\023\027\356\2244\025`\301""; networkTime: 803842784; firstSeq: 1; lastSeq: 14; "
1750527584611,1750527584611,0,1,2,0,TMStatusChange,"newEvent: neACCEPTED_LEDGER; ledgerSeq: 9; ledgerHash: ""\254\016Y2T\325\302;\374(S\200\340k\2629</\343\247r\307\330\025\371\201[\232\275\310G\326""; ledgerHashPrevious: ""7\204MVwQh?\333Yw{\177u\266\2666\032#""\022\3206\266\023\027\356\2244\025`\301""; networkTime: 803842784; firstSeq: 1; lastSeq: 14; ","newEvent: neACCEPTED_LEDGER; ledgerSeq: 9; ledgerHash: ""\254\016Y2T\325\302;\374(S\200\340k\2629</\343\247r\307\330\025\371\201[\232\275\310G\326""; ledgerHashPrevious: ""7\204MVwQh?\333Yw{\177u\266\2666\032#""\022\3206\266\023\027\356\2244\025`\301""; networkTime: 803842784; firstSeq: 1; lastSeq: 14; "
1750527585429,1750527585429,0,1,3,2,TMValidation,"validation: """"\200\000\000\001&\000\000\000\017)/\351\252\341:p\210\265\307-\212\200\004Q\231>\331\263H\214\324\030A\225\301o\346pkSF\004\241\213w9\223=\250\262*+\255\351r\265P\027\000\000\000\000\000\000\000\000\000\000\000\000\000\000\000\000\000\000\000\000\000\000\000\000\000\000\000\000\000\000\000\000P\031c\273\016\301\024\363\242\247\263\231\370\344\nBW\220K\316@3\243\200\036wk\253GSlU\010\360s!\002\364d\217\366\217|\316F\232\231\241\n\261\333`\312O\367\235\025DD\336e\367\n\312\326\221\037\025\230vG0E\002!\000\240\020\021\352\201\313-\243\365\t\224K\361\212\324\206\371""&d8\3368\256!\326\276\324\254\353 \207\002 cFM'\230\r%\030\321\263\341\351C\365\356\023\302\007\346\260\221\242\327\025\314(f\252\215~\307h""; ","validation: """"\200\000\000\001&\000\000\000\017)/\351\252\341:p\210\265\307-\212\200\004Q\231>\331\263H\214\324\030A\225\301o\346pkSF\004\241\213w9\223=\250\262*+\255\351r\265P\027\000\000\000\000\000\000\000\000\000\000\000\000\000\000\000\000\000\000\000\000\000\000\000\000\000\000\000\000\000\000\000\000P\031c\273\016\301\024\363\242\247\263\231\370\344\nBW\220K\316@3\243\200\036wk\253GSlU\010\360s!\002\364d\217\366\217|\316F\232\231\241\n\261\333`\312O\367\235\025DD\336e\367\n\312\326\221\037\025\230vG0E\002!\000\240\020\021\352\201\313-\243\365\t\224K\361\212\324\206\371""&d8\3368\256!\326\276\324\254\353 \207\002 cFM'\230\r%\030\321\263\341\351C\365\356\023\302\007\346\260\221\242\327\025\314(f\252\215~\307h""; "
1750527585430,1750527585430,0,1,3,2,TMStatusChange,"newEvent: neACCEPTED_LEDGER; ledgerSeq: 15; ledgerHash: ""\231>\331\263H\214\324\030A\225\301o\346pkSF\004\241\213w9\223=\250\262*+\255\351r\265""; ledgerHashPrevious: ""c\273\016\301\024\363\242\247\263\231\370\344\nBW\220K\316@3\243\200\036wk\253GSlU\010\360""; networkTime: 803842785; firstSeq: 1; lastSeq: 14; ","newEvent: neACCEPTED_LEDGER; ledgerSeq: 15; ledgerHash: ""\231>\331\263H\214\324\030A\225\301o\346pkSF\004\241\213w9\223=\250\262*+\255\351r\265""; ledgerHashPrevious: ""c\273\016\301\024\363\242\247\263\231\370\344\nBW\220K\316@3\243\200\036wk\253GSlU\010\360""; networkTime: 803842785; firstSeq: 1; lastSeq: 14; "
1750527585431,1750527585431,0,1,3,4,TMValidation,"validation: """"\200\000\000\001&\000\000\000\017)/\351\252\341:p\210\265\307-\212\200\004Q\231>\331\263H\214\324\030A\225\301o\346pkSF\004\241\213w9\223=\250\262*+\255\351r\265P\027\000\000\000\000\000\000\000\000\000\000\000\000\000\000\000\000\000\000\000\000\000\000\000\000\000\000\000\000\000\000\000\000P\031c\273\016\301\024\363\242\247\263\231\370\344\nBW\220K\316@3\243\200\036wk\253GSlU\010\360s!\002\364d\217\366\217|\316F\232\231\241\n\261\333`\312O\367\235\025DD\336e\367\n\312\326\221\037\025\230vG0E\002!\000\240\020\021\352\201\313-\243\365\t\224K\361\212\324\206\371""&d8\3368\256!\326\276\324\254\353 \207\002 cFM'\230\r%\030\321\263\341\351C\365\356\023\302\007\346\260\221\242\327\025\314(f\252\215~\307h""; ","validation: """"\200\000\000\001&\000\000\000\017)/\351\252\341:p\210\265\307-\212\200\004Q\231>\331\263H\214\324\030A\225\301o\346pkSF\004\241\213w9\223=\250\262*+\255\351r\265P\027\000\000\000\000\000\000\000\000\000\000\000\000\000\000\000\000\000\000\000\000\000\000\000\000\000\000\000\000\000\000\000\000P\031c\273\016\301\024\363\242\247\263\231\370\344\nBW\220K\316@3\243\200\036wk\253GSlU\010\360s!\002\364d\217\366\217|\316F\232\231\241\n\261\333`\312O\367\235\025DD\336e\367\n\312\326\221\037\025\230vG0E\002!\000\240\020\021\352\201\313-\243\365\t\224K\361\212\324\206\371""&d8\3368\256!\326\276\324\254\353 \207\002 cFM'\230\r%\030\321\263\341\351C\365\356\023\302\007\346\260\221\242\327\025\314(f\252\215~\307h""; "
1750527585432,1750527585432,0,1,3,4,TMStatusChange,"newEvent: neACCEPTED_LEDGER; ledgerSeq: 15; ledgerHash: ""\231>\331\263H\214\324\030A\225\301o\346pkSF\004\241\213w9\223=\250\262*+\255\351r\265""; ledgerHashPrevious: ""c\273\016\301\024\363\242\247\263\231\370\344\nBW\220K\316@3\243\200\036wk\253GSlU\010\360""; networkTime: 803842785; firstSeq: 1; lastSeq: 14; ","newEvent: neACCEPTED_LEDGER; ledgerSeq: 15; ledgerHash: ""\231>\331\263H\214\324\030A\225\301o\346pkSF\004\241\213w9\223=\250\262*+\255\351r\265""; ledgerHashPrevious: ""c\273\016\301\024\363\242\247\263\231\370\344\nBW\220K\316@3\243\200\036wk\253GSlU\010\360""; networkTime: 803842785; firstSeq: 1; lastSeq: 14; "
1750527585432,1750527585432,0,1,3,0,TMValidation,"validation: """"\200\000\000\001&\000\000\000\017)/\351\252\341:p\210\265\307-\212\200\004Q\231>\331\263H\214\324\030A\225\301o\346pkSF\004\241\213w9\223=\250\262*+\255\351r\265P\027\000\000\000\000\000\000\000\000\000\000\000\000\000\000\000\000\000\000\000\000\000\000\000\000\000\000\000\000\000\000\000\000P\031c\273\016\301\024\363\242\247\263\231\370\344\nBW\220K\316@3\243\200\036wk\253GSlU\010\360s!\002\364d\217\366\217|\316F\232\231\241\n\261\333`\312O\367\235\025DD\336e\367\n\312\326\221\037\025\230vG0E\002!\000\240\020\021\352\201\313-\243\365\t\224K\361\212\324\206\371""&d8\3368\256!\326\276\324\254\353 \207\002 cFM'\230\r%\030\321\263\341\351C\365\356\023\302\007\346\260\221\242\327\025\314(f\252\215~\307h""; ","validation: """"\200\000\000\001&\000\000\000\017)/\351\252\341:p\210\265\307-\212\200\004Q\231>\331\263H\214\324\030A\225\301o\346pkSF\004\241\213w9\223=\250\262*+\255\351r\265P\027\000\000\000\000\000\000\000\000\000\000\000\000\000\000\000\000\000\000\000\000\000\000\000\000\000\000\000\000\000\000\000\000P\031c\273\016\301\024\363\242\247\263\231\370\344\nBW\220K\316@3\243\200\036wk\253GSlU\010\360s!\002\364d\217\366\217|\316F\232\231\241\n\261\333`\312O\367\235\025DD\336e\367\n\312\326\221\037\025\230vG0E\002!\000\240\020\021\352\201\313-\243\365\t\224K\361\212\324\206\371""&d8\3368\256!\326\276\324\254\353 \207\002 cFM'\230\r%\030\321\263\341\351C\365\356\023\302\007\346\260\221\242\327\025\314(f\252\215~\307h""; "
1750527585433,1750527585433,0,1,3,1,TMValidation,"validation: """"\200\000\000\001&\000\000\000\017)/\351\252\341:p\210\265\307-\212\200\004Q\231>\331\263H\214\324\030A\225\301o\346pkSF\004\241\213w9\223=\250\262*+\255\351r\265P\027\000\000\000\000\000\000\000\000\000\000\000\000\000\000\000\000\000\000\000\000\000\000\000\000\000\000\000\000\000\000\000\000P\031c\273\016\301\024\363\242\247\263\231\370\344\nBW\220K\316@3\243\200\036wk\253GSlU\010\360s!\002\364d\217\366\217|\316F\232\231\241\n\261\333`\312O\367\235\025DD\336e\367\n\312\326\221\037\025\230vG0E\002!\000\240\020\021\352\201\313-\243\365\t\224K\361\212\324\206\371""&d8\3368\256!\326\276\324\254\353 \207\002 cFM'\230\r%\030\321\263\341\351C\365\356\023\302\007\346\260\221\242\327\025\314(f\252\215~\307h""; ","validation: """"\200\000\000\001&\000\000\000\017)/\351\252\341:p\210\265\307-\212\200\004Q\231>\331\263H\214\324\030A\225\301o\346pkSF\004\241\213w9\223=\250\262*+\255\351r\265P\027\000\000\000\000\000\000\000\000\000\000\000\000\000\000\000\000\000\000\000\000\000\000\000\000\000\000\000\000\000\000\000\000P\031c\273\016\301\024\363\242\247\263\231\370\344\nBW\220K\316@3\243\200\036wk\253GSlU\010\360s!\002\364d\217\366\217|\316F\232\231\241\n\261\333`\312O\367\235\025DD\336e\367\n\312\326\221\037\025\230vG0E\002!\000\240\020\021\352\201\313-\243\365\t\224K\361\212\324\206\371""&d8\3368\256!\326\276\324\254\353 \207\002 cFM'\230\r%\030\321\263\341\351C\365\356\023\302\007\346\260\221\242\327\025\314(f\252\215~\307h""; "
1750527585433,1750527585433,0,1,3,0,TMStatusChange,"newEvent: neACCEPTED_LEDGER; ledgerSeq: 15; ledgerHash: ""\231>\331\263H\214\324\030A\225\301o\346pkSF\004\241\213w9\223=\250\262*+\255\351r\265""; ledgerHashPrevious: ""c\273\016\301\024\363\242\247\263\231\370\344\nBW\220K\316@3\243\200\036wk\253GSlU\010\360""; networkTime: 803842785; firstSeq: 1; lastSeq: 14; ","newEvent: neACCEPTED_LEDGER; ledgerSeq: 15; ledgerHash: ""\231>\331\263H\214\324\030A\225\301o\346pkSF\004\241\213w9\223=\250\262*+\255\351r\265""; ledgerHashPrevious: ""c\273\016\301\024\363\242\247\263\231\370\344\nBW\220K\316@3\243\200\036wk\253GSlU\010\360""; networkTime: 803842785; firstSeq: 1; lastSeq: 14; "
1750527585434,1750527585434,0,1,3,1,TMStatusChange,"newEvent: neACCEPTED_LEDGER; ledgerSeq: 15; ledgerHash: ""\231>\331\263H\214\324\030A\225\301o\346pkSF\004\241\213w9\223=\250\262*+\255\351r\265""; ledgerHashPrevious: ""c\273\016\301\024\363\242\247\263\231\370\344\nBW\220K\316@3\243\200\036wk\253GSlU\010\360""; networkTime: 803842785; firstSeq: 1; lastSeq: 14; ","newEvent: neACCEPTED_LEDGER; ledgerSeq: 15; ledgerHash: ""\231>\331\263H\214\324\030A\225\301o\346pkSF\004\241\213w9\223=\250\262*+\255\351r\265""; ledgerHashPrevious: ""c\273\016\301\024\363\242\247\263\231\370\344\nBW\220K\316@3\243\200\036wk\253GSlU\010\360""; networkTime: 803842785; firstSeq: 1; lastSeq: 14; "
1750527585434,1750527585434,0,1,2,3,TMGetLedger,"itype: liBASE; ledgerHash: ""\231>\331\263H\214\324\030A\225\301o\346pkSF\004\241\213w9\223=\250\262*+\255\351r\265""; ","itype: liBASE; ledgerHash: ""\231>\331\263H\214\324\030A\225\301o\346pkSF\004\241\213w9\223=\250\262*+\255\351r\265""; "
1750527585435,1750527585435,0,1,2,0,TMGetLedger,"itype: liBASE; ledgerHash: ""\231>\331\263H\214\324\030A\225\301o\346pkSF\004\241\213w9\223=\250\262*+\255\351r\265""; ","itype: liBASE; ledgerHash: ""\231>\331\263H\214\324\030A\225\301o\346pkSF\004\241\213w9\223=\250\262*+\255\351r\265""; "
1750527585435,1750527585436,0,1,2,4,TMGetLedger,"itype: liBASE; ledgerHash: ""\231>\331\263H\214\324\030A\225\301o\346pkSF\004\241\213w9\223=\250\262*+\255\351r\265""; ","itype: liBASE; ledgerHash: ""\231>\331\263H\214\324\030A\225\301o\346pkSF\004\241\213w9\223=\250\262*+\255\351r\265""; "
1750527585436,1750527585436,0,1,2,1,TMGetLedger,"itype: liBASE; ledgerHash: ""\231>\331\263H\214\324\030A\225\301o\346pkSF\004\241\213w9\223=\250\262*+\255\351r\265""; ","itype: liBASE; ledgerHash: ""\231>\331\263H\214\324\030A\225\301o\346pkSF\004\241\213w9\223=\250\262*+\255\351r\265""; "
1750527585438,1750527585438,0,1,2,0,TMGetLedger,"itype: liBASE; ledgerHash: ""\231>\331\263H\214\324\030A\225\301o\346pkSF\004\241\213w9\223=\250\262*+\255\351r\265""; queryType: qtINDIRECT; ","itype: liBASE; ledgerHash: ""\231>\331\263H\214\324\030A\225\301o\346pkSF\004\241\213w9\223=\250\262*+\255\351r\265""; queryType: qtINDIRECT; "
1750527585438,1750527585438,0,1,2,3,TMGetLedger,"itype: liBASE; ledgerHash: ""\231>\331\263H\214\324\030A\225\301o\346pkSF\004\241\213w9\223=\250\262*+\255\351r\265""; queryType: qtINDIRECT; ","itype: liBASE; ledgerHash: ""\231>\331\263H\214\324\030A\225\301o\346pkSF\004\241\213w9\223=\250\262*+\255\351r\265""; queryType: qtINDIRECT; "
1750527585439,1750527585439,0,1,2,4,TMValidation,"validation: """"\200\000\000\001&\000\000\000\017)/\351\252\341:p\210\265\307-\212\200\004Q\231>\331\263H\214\324\030A\225\301o\346pkSF\004\241\213w9\223=\250\262*+\255\351r\265P\027\000\000\000\000\000\000\000\000\000\000\000\000\000\000\000\000\000\000\000\000\000\000\000\000\000\000\000\000\000\000\000\000P\031c\273\016\301\024\363\242\247\263\231\370\344\nBW\220K\316@3\243\200\036wk\253GSlU\010\360s!\002\364d\217\366\217|\316F\232\231\241\n\261\333`\312O\367\235\025DD\336e\367\n\312\326\221\037\025\230vG0E\002!\000\240\020\021\352\201\313-\243\365\t\224K\361\212\324\206\371""&d8\3368\256!\326\276\324\254\353 \207\002 cFM'\230\r%\030\321\263\341\351C\365\356\023\302\007\346\260\221\242\327\025\314(f\252\215~\307h""; ","validation: """"\200\000\000\001&\000\000\000\017)/\351\252\341:p\210\265\307-\212\200\004Q\231>\331\263H\214\324\030A\225\301o\346pkSF\004\241\213w9\223=\250\262*+\255\351r\265P\027\000\000\000\000\000\000\000\000\000\000\000\000\000\000\000\000\000\000\000\000\000\000\000\000\000\000\000\000\000\000\000\000P\031c\273\016\301\024\363\242\247\263\231\370\344\nBW\220K\316@3\243\200\036wk\253GSlU\010\360s!\002\364d\217\366\217|\316F\232\231\241\n\261\333`\312O\367\235\025DD\336e\367\n\312\326\221\037\025\230vG0E\002!\000\240\020\021\352\201\313-\243\365\t\224K\361\212\324\206\371""&d8\3368\256!\326\276\324\254\353 \207\002 cFM'\230\r%\030\321\263\341\351C\365\356\023\302\007\346\260\221\242\327\025\314(f\252\215~\307h""; "
1750527585440,1750527585440,0,1,2,4,TMGetLedger,"itype: liBASE; ledgerHash: ""\231>\331\263H\214\324\030A\225\301o\346pkSF\004\241\213w9\223=\250\262*+\255\351r\265""; queryType: qtINDIRECT; ","itype: liBASE; ledgerHash: ""\231>\331\263H\214\324\030A\225\301o\346pkSF\004\241\213w9\223=\250\262*+\255\351r\265""; queryType: qtINDIRECT; "
1750527585440,1750527585440,0,1,2,1,TMGetLedger,"itype: liBASE; ledgerHash: ""\231>\331\263H\214\324\030A\225\301o\346pkSF\004\241\213w9\223=\250\262*+\255\351r\265""; queryType: qtINDIRECT; ","itype: liBASE; ledgerHash: ""\231>\331\263H\214\324\030A\225\301o\346pkSF\004\241\213w9\223=\250\262*+\255\351r\265""; queryType: qtINDIRECT; "
1750527585440,1750527585440,0,1,2,1,TMValidation,"validation: """"\200\000\000\001&\000\000\000\017)/\351\252\341:p\210\265\307-\212\200\004Q\231>\331\263H\214\324\030A\225\301o\346pkSF\004\241\213w9\223=\250\262*+\255\351r\265P\027\000\000\000\000\000\000\000\000\000\000\000\000\000\000\000\000\000\000\000\000\000\000\000\000\000\000\000\000\000\000\000\000P\031c\273\016\301\024\363\242\247\263\231\370\344\nBW\220K\316@3\243\200\036wk\253GSlU\010\360s!\002\364d\217\366\217|\316F\232\231\241\n\261\333`\312O\367\235\025DD\336e\367\n\312\326\221\037\025\230vG0E\002!\000\240\020\021\352\201\313-\243\365\t\224K\361\212\324\206\371""&d8\3368\256!\326\276\324\254\353 \207\002 cFM'\230\r%\030\321\263\341\351C\365\356\023\302\007\346\260\221\242\327\025\314(f\252\215~\307h""; ","validation: """"\200\000\000\001&\000\000\000\017)/\351\252\341:p\210\265\307-\212\200\004Q\231>\331\263H\214\324\030A\225\301o\346pkSF\004\241\213w9\223=\250\262*+\255\351r\265P\027\000\000\000\000\000\000\000\000\000\000\000\000\000\000\000\000\000\000\000\000\000\000\000\000\000\000\000\000\000\000\000\000P\031c\273\016\301\024\363\242\247\263\231\370\344\nBW\220K\316@3\243\200\036wk\253GSlU\010\360s!\002\364d\217\366\217|\316F\232\231\241\n\261\333`\312O\367\235\025DD\336e\367\n\312\326\221\037\025\230vG0E\002!\000\240\020\021\352\201\313-\243\365\t\224K\361\212\324\206\371""&d8\3368\256!\326\276\324\254\353 \207\002 cFM'\230\r%\030\321\263\341\351C\365\356\023\302\007\346\260\221\242\327\025\314(f\252\215~\307h""; "
1750527585441,1750527585441,0,1,2,0,TMValidation,"validation: """"\200\000\000\001&\000\000\000\017)/\351\252\341:p\210\265\307-\212\200\004Q\231>\331\263H\214\324\030A\225\301o\346pkSF\004\241\213w9\223=\250\262*+\255\351r\265P\027\000\000\000\000\000\000\000\000\000\000\000\000\000\000\000\000\000\000\000\000\000\000\000\000\000\000\000\000\000\000\000\000P\031c\273\016\301\024\363\242\247\263\231\370\344\nBW\220K\316@3\243\200\036wk\253GSlU\010\360s!\002\364d\217\366\217|\316F\232\231\241\n\261\333`\312O\367\235\025DD\336e\367\n\312\326\221\037\025\230vG0E\002!\000\240\020\021\352\201\313-\243\365\t\224K\361\212\324\206\371""&d8\3368\256!\326\276\324\254\353 \207\002 cFM'\230\r%\030\321\263\341\351C\365\356\023\302\007\346\260\221\242\327\025\314(f\252\215~\307h""; ","validation: """"\200\000\000\001&\000\000\000\017)/\351\252\341:p\210\265\307-\212\200\004Q\231>\331\263H\214\324\030A\225\301o\346pkSF\004\241\213w9\223=\250\262*+\255\351r\265P\027\000\000\000\000\000\000\000\000\000\000\000\000\000\000\000\000\000\000\000\000\000\000\000\000\000\000\000\000\000\000\000\000P\031c\273\016\301\024\363\242\247\263\231\370\344\nBW\220K\316@3\243\200\036wk\253GSlU\010\360s!\002\364d\217\366\217|\316F\232\231\241\n\261\333`\312O\367\235\025DD\336e\367\n\312\326\221\037\025\230vG0E\002!\000\240\020\021\352\201\313-\243\365\t\224K\361\212\324\206\371""&d8\3368\256!\326\276\324\254\353 \207\002 cFM'\230\r%\030\321\263\341\351C\365\356\023\302\007\346\260\221\242\327\025\314(f\252\215~\307h""; "
1750527585441,1750527585441,0,1,4,2,TMValidation,"validation: """"\200\000\000\001&\000\000\000\017)/\351\252\341:p\210\265\307-\212\200\004Q\231>\331\263H\214\324\030A\225\301o\346pkSF\004\241\213w9\223=\250\262*+\255\351r\265P\027\000\000\000\000\000\000\000\000\000\000\000\000\000\000\000\000\000\000\000\000\000\000\000\000\000\000\000\000\000\000\000\000P\031c\273\016\301\024\363\242\247\263\231\370\344\nBW\220K\316@3\243\200\036wk\253GSlU\010\360s!\002\364d\217\366\217|\316F\232\231\241\n\261\333`\312O\367\235\025DD\336e\367\n\312\326\221\037\025\230vG0E\002!\000\240\020\021\352\201\313-\243\365\t\224K\361\212\324\206\371""&d8\3368\256!\326\276\324\254\353 \207\002 cFM'\230\r%\030\321\263\341\351C\365\356\023\302\007\346\260\221\242\327\025\314(f\252\215~\307h""; ","validation: """"\200\000\000\001&\000\000\000\017)/\351\252\341:p\210\265\307-\212\200\004Q\231>\331\263H\214\324\030A\225\301o\346pkSF\004\241\213w9\223=\250\262*+\255\351r\265P\027\000\000\000\000\000\000\000\000\000\000\000\000\000\000\000\000\000\000\000\000\000\000\000\000\000\000\000\000\000\000\000\000P\031c\273\016\301\024\363\242\247\263\231\370\344\nBW\220K\316@3\243\200\036wk\253GSlU\010\360s!\002\364d\217\366\217|\316F\232\231\241\n\261\333`\312O\367\235\025DD\336e\367\n\312\326\221\037\025\230vG0E\002!\000\240\020\021\352\201\313-\243\365\t\224K\361\212\324\206\371""&d8\3368\256!\326\276\324\254\353 \207\002 cFM'\230\r%\030\321\263\341\351C\365\356\023\302\007\346\260\221\242\327\025\314(f\252\215~\307h""; "
1750527585442,1750527585442,0,1,4,1,TMGetLedger,"itype: liBASE; ledgerHash: ""\231>\331\263H\214\324\030A\225\301o\346pkSF\004\241\213w9\223=\250\262*+\255\351r\265""; ","itype: liBASE; ledgerHash: ""\231>\331\263H\214\324\030A\225\301o\346pkSF\004\241\213w9\223=\250\262*+\255\351r\265""; "
1750527585443,1750527585443,0,1,4,2,TMGetLedger,"itype: liBASE; ledgerHash: ""\231>\331\263H\214\324\030A\225\301o\346pkSF\004\241\213w9\223=\250\262*+\255\351r\265""; ","itype: liBASE; ledgerHash: ""\231>\331\263H\214\324\030A\225\301o\346pkSF\004\241\213w9\223=\250\262*+\255\351r\265""; "
1750527585445,1750527585445,0,1,4,0,TMValidation,"validation: """"\200\000\000\001&\000\000\000\017)/\351\252\341:p\210\265\307-\212\200\004Q\231>\331\263H\214\324\030A\225\301o\346pkSF\004\241\213w9\223=\250\262*+\255\351r\265P\027\000\000\000\000\000\000\000\000\000\000\000\000\000\000\000\000\000\000\000\000\000\000\000\000\000\000\000\000\000\000\000\000P\031c\273\016\301\024\363\242\247\263\231\370\344\nBW\220K\316@3\243\200\036wk\253GSlU\010\360s!\002\364d\217\366\217|\316F\232\231\241\n\261\333`\312O\367\235\025DD\336e\367\n\312\326\221\037\025\230vG0E\002!\000\240\020\021\352\201\313-\243\365\t\224K\361\212\324\206\371""&d8\3368\256!\326\276\324\254\353 \207\002 cFM'\230\r%\030\321\263\341\351C\365\356\023\302\007\346\260\221\242\327\025\314(f\252\215~\307h""; ","validation: """"\200\000\000\001&\000\000\000\017)/\351\252\341:p\210\265\307-\212\200\004Q\231>\331\263H\214\324\030A\225\301o\346pkSF\004\241\213w9\223=\250\262*+\255\351r\265P\027\000\000\000\000\000\000\000\000\000\000\000\000\000\000\000\000\000\000\000\000\000\000\000\000\000\000\000\000\000\000\000\000P\031c\273\016\301\024\363\242\247\263\231\370\344\nBW\220K\316@3\243\200\036wk\253GSlU\010\360s!\002\364d\217\366\217|\316F\232\231\241\n\261\333`\312O\367\235\025DD\336e\367\n\312\326\221\037\025\230vG0E\002!\000\240\020\021\352\201\313-\243\365\t\224K\361\212\324\206\371""&d8\3368\256!\326\276\324\254\353 \207\002 cFM'\230\r%\030\321\263\341\351C\365\356\023\302\007\346\260\221\242\327\025\314(f\252\215~\307h""; "
1750527585445,1750527585445,0,1,4,1,TMValidation,"validation: """"\200\000\000\001&\000\000\000\017)/\351\252\341:p\210\265\307-\212\200\004Q\231>\331\263H\214\324\030A\225\301o\346pkSF\004\241\213w9\223=\250\262*+\255\351r\265P\027\000\000\000\000\000\000\000\000\000\000\000\000\000\000\000\000\000\000\000\000\000\000\000\000\000\000\000\000\000\000\000\000P\031c\273\016\301\024\363\242\247\263\231\370\344\nBW\220K\316@3\243\200\036wk\253GSlU\010\360s!\002\364d\217\366\217|\316F\232\231\241\n\261\333`\312O\367\235\025DD\336e\367\n\312\326\221\037\025\230vG0E\002!\000\240\020\021\352\201\313-\243\365\t\224K\361\212\324\206\371""&d8\3368\256!\326\276\324\254\353 \207\002 cFM'\230\r%\030\321\263\341\351C\365\356\023\302\007\346\260\221\242\327\025\314(f\252\215~\307h""; ","validation: """"\200\000\000\001&\000\000\000\017)/\351\252\341:p\210\265\307-\212\200\004Q\231>\331\263H\214\324\030A\225\301o\346pkSF\004\241\213w9\223=\250\262*+\255\351r\265P\027\000\000\000\000\000\000\000\000\000\000\000\000\000\000\000\000\000\000\000\000\000\000\000\000\000\000\000\000\000\000\000\000P\031c\273\016\301\024\363\242\247\263\231\370\344\nBW\220K\316@3\243\200\036wk\253GSlU\010\360s!\002\364d\217\366\217|\316F\232\231\241\n\261\333`\312O\367\235\025DD\336e\367\n\312\326\221\037\025\230vG0E\002!\000\240\020\021\352\201\313-\243\365\t\224K\361\212\324\206\371""&d8\3368\256!\326\276\324\254\353 \207\002 cFM'\230\r%\030\321\263\341\351C\365\356\023\302\007\346\260\221\242\327\025\314(f\252\215~\307h""; "
1750527585446,1750527585446,0,1,4,2,TMGetLedger,"itype: liBASE; ledgerHash: ""\231>\331\263H\214\324\030A\225\301o\346pkSF\004\241\213w9\223=\250\262*+\255\351r\265""; queryType: qtINDIRECT; ","itype: liBASE; ledgerHash: ""\231>\331\263H\214\324\030A\225\301o\346pkSF\004\241\213w9\223=\250\262*+\255\351r\265""; queryType: qtINDIRECT; "
1750527585446,1750527585446,0,1,4,3,TMGetLedger,"itype: liBASE; ledgerHash: ""\231>\331\263H\214\324\030A\225\301o\346pkSF\004\241\213w9\223=\250\262*+\255\351r\265""; ","itype: liBASE; ledgerHash: ""\231>\331\263H\214\324\030A\225\301o\346pkSF\004\241\213w9\223=\250\262*+\255\351r\265""; "
1750527585447,1750527585447,0,1,4,3,TMGetLedger,"itype: liBASE; ledgerHash: ""\231>\331\263H\214\324\030A\225\301o\346pkSF\004\241\213w9\223=\250\262*+\255\351r\265""; queryType: qtINDIRECT; ","itype: liBASE; ledgerHash: ""\231>\331\263H\214\324\030A\225\301o\346pkSF\004\241\213w9\223=\250\262*+\255\351r\265""; queryType: qtINDIRECT; "
1750527585447,1750527585447,0,1,4,1,TMGetLedger,"itype: liBASE; ledgerHash: ""\231>\331\263H\214\324\030A\225\301o\346pkSF\004\241\213w9\223=\250\262*+\255\351r\265""; queryType: qtINDIRECT; ","itype: liBASE; ledgerHash: ""\231>\331\263H\214\324\030A\225\301o\346pkSF\004\241\213w9\223=\250\262*+\255\351r\265""; queryType: qtINDIRECT; "
1750527585448,1750527585448,0,1,4,0,TMGetLedger,"itype: liBASE; ledgerHash: ""\231>\331\263H\214\324\030A\225\301o\346pkSF\004\241\213w9\223=\250\262*+\255\351r\265""; ","itype: liBASE; ledgerHash: ""\231>\331\263H\214\324\030A\225\301o\346pkSF\004\241\213w9\223=\250\262*+\255\351r\265""; "
1750527585448,1750527585449,0,1,4,0,TMGetLedger,"itype: liBASE; ledgerHash: ""\231>\331\263H\214\324\030A\225\301o\346pkSF\004\241\213w9\223=\250\262*+\255\351r\265""; queryType: qtINDIRECT; ","itype: liBASE; ledgerHash: ""\231>\331\263H\214\324\030A\225\301o\346pkSF\004\241\213w9\223=\250\262*+\255\351r\265""; queryType: qtINDIRECT; "
1750527585449,1750527585449,0,1,0,4,TMGetLedger,"itype: liBASE; ledgerHash: ""\231>\331\263H\214\324\030A\225\301o\346pkSF\004\241\213w9\223=\250\262*+\255\351r\265""; ledgerSeq: 15; ","itype: liBASE; ledgerHash: ""\231>\331\263H\214\324\030A\225\301o\346pkSF\004\241\213w9\223=\250\262*+\255\351r\265""; ledgerSeq: 15; "
1750527585450,1750527585450,0,1,0,2,TMGetLedger,"itype: liBASE; ledgerHash: ""\231>\331\263H\214\324\030A\225\301o\346pkSF\004\241\213w9\223=\250\262*+\255\351r\265""; ledgerSeq: 15; ","itype: liBASE; ledgerHash: ""\231>\331\263H\214\324\030A\225\301o\346pkSF\004\241\213w9\223=\250\262*+\255\351r\265""; ledgerSeq: 15; "
1750527585450,1750527585450,0,1,0,3,TMGetLedger,"itype: liBASE; ledgerHash: ""\231>\331\263H\214\324\030A\225\301o\346pkSF\004\241\213w9\223=\250\262*+\255\351r\265""; ledgerSeq: 15; ","itype: liBASE; ledgerHash: ""\231>\331\263H\214\324\030A\225\301o\346pkSF\004\241\213w9\223=\250\262*+\255\351r\265""; ledgerSeq: 15; "
1750527585451,1750527585451,0,1,0,1,TMGetLedger,"itype: liBASE; ledgerHash: ""\231>\331\263H\214\324\030A\225\301o\346pkSF\004\241\213w9\223=\250\262*+\255\351r\265""; ledgerSeq: 15; ","itype: liBASE; ledgerHash: ""\231>\331\263H\214\324\030A\225\301o\346pkSF\004\241\213w9\223=\250\262*+\255\351r\265""; ledgerSeq: 15; "
1750527585451,1750527585451,0,1,0,4,TMValidation,"validation: """"\200\000\000\001&\000\000\000\017)/\351\252\341:p\210\265\307-\212\200\004Q\231>\331\263H\214\324\030A\225\301o\346pkSF\004\241\213w9\223=\250\262*+\255\351r\265P\027\000\000\000\000\000\000\000\000\000\000\000\000\000\000\000\000\000\000\000\000\000\000\000\000\000\000\000\000\000\000\000\000P\031c\273\016\301\024\363\242\247\263\231\370\344\nBW\220K\316@3\243\200\036wk\253GSlU\010\360s!\002\364d\217\366\217|\316F\232\231\241\n\261\333`\312O\367\235\025DD\336e\367\n\312\326\221\037\025\230vG0E\002!\000\240\020\021\352\201\313-\243\365\t\224K\361\212\324\206\371""&d8\3368\256!\326\276\324\254\353 \207\002 cFM'\230\r%\030\321\263\341\351C\365\356\023\302\007\346\260\221\242\327\025\314(f\252\215~\307h""; ","validation: """"\200\000\000\001&\000\000\000\017)/\351\252\341:p\210\265\307-\212\200\004Q\231>\331\263H\214\324\030A\225\301o\346pkSF\004\241\213w9\223=\250\262*+\255\351r\265P\027\000\000\000\000\000\000\000\000\000\000\000\000\000\000\000\000\000\000\000\000\000\000\000\000\000\000\000\000\000\000\000\000P\031c\273\016\301\024\363\242\247\263\231\370\344\nBW\220K\316@3\243\200\036wk\253GSlU\010\360s!\002\364d\217\366\217|\316F\232\231\241\n\261\333`\312O\367\235\025DD\336e\367\n\312\326\221\037\025\230vG0E\002!\000\240\020\021\352\201\313-\243\365\t\224K\361\212\324\206\371""&d8\3368\256!\326\276\324\254\353 \207\002 cFM'\230\r%\030\321\263\341\351C\365\356\023\302\007\346\260\221\242\327\025\314(f\252\215~\307h""; "
1750527585452,1750527585452,0,1,0,2,TMValidation,"validation: """"\200\000\000\001&\000\000\000\017)/\351\252\341:p\210\265\307-\212\200\004Q\231>\331\263H\214\324\030A\225\301o\346pkSF\004\241\213w9\223=\250\262*+\255\351r\265P\027\000\000\000\000\000\000\000\000\000\000\000\000\000\000\000\000\000\000\000\000\000\000\000\000\000\000\000\000\000\000\000\000P\031c\273\016\301\024\363\242\247\263\231\370\344\nBW\220K\316@3\243\200\036wk\253GSlU\010\360s!\002\364d\217\366\217|\316F\232\231\241\n\261\333`\312O\367\235\025DD\336e\367\n\312\326\221\037\025\230vG0E\002!\000\240\020\021\352\201\313-\243\365\t\224K\361\212\324\206\371""&d8\3368\256!\326\276\324\254\353 \207\002 cFM'\230\r%\030\321\263\341\351C\365\356\023\302\007\346\260\221\242\327\025\314(f\252\215~\307h""; ","validation: """"\200\000\000\001&\000\000\000\017)/\351\252\341:p\210\265\307-\212\200\004Q\231>\331\263H\214\324\030A\225\301o\346pkSF\004\241\213w9\223=\250\262*+\255\351r\265P\027\000\000\000\000\000\000\000\000\000\000\000\000\000\000\000\000\000\000\000\000\000\000\000\000\000\000\000\000\000\000\000\000P\031c\273\016\301\024\363\242\247\263\231\370\344\nBW\220K\316@3\243\200\036wk\253GSlU\010\360s!\002\364d\217\366\217|\316F\232\231\241\n\261\333`\312O\367\235\025DD\336e\367\n\312\326\221\037\025\230vG0E\002!\000\240\020\021\352\201\313-\243\365\t\224K\361\212\324\206\371""&d8\3368\256!\326\276\324\254\353 \207\002 cFM'\230\r%\030\321\263\341\351C\365\356\023\302\007\346\260\221\242\327\025\314(f\252\215~\307h""; "
1750527585452,1750527585452,0,1,0,3,TMGetLedger,"itype: liBASE; ledgerHash: ""\231>\331\263H\214\324\030A\225\301o\346pkSF\004\241\213w9\223=\250\262*+\255\351r\265""; ledgerSeq: 15; queryType: qtINDIRECT; ","itype: liBASE; ledgerHash: ""\231>\331\263H\214\324\030A\225\301o\346pkSF\004\241\213w9\223=\250\262*+\255\351r\265""; ledgerSeq: 15; queryType: qtINDIRECT; "
1750527585453,1750527585453,0,1,0,1,TMValidation,"validation: """"\200\000\000\001&\000\000\000\017)/\351\252\341:p\210\265\307-\212\200\004Q\231>\331\263H\214\324\030A\225\301o\346pkSF\004\241\213w9\223=\250\262*+\255\351r\265P\027\000\000\000\000\000\000\000\000\000\000\000\000\000\000\000\000\000\000\000\000\000\000\000\000\000\000\000\000\000\000\000\000P\031c\273\016\301\024\363\242\247\263\231\370\344\nBW\220K\316@3\243\200\036wk\253GSlU\010\360s!\002\364d\217\366\217|\316F\232\231\241\n\261\333`\312O\367\235\025DD\336e\367\n\312\326\221\037\025\230vG0E\002!\000\240\020\021\352\201\313-\243\365\t\224K\361\212\324\206\371""&d8\3368\256!\326\276\324\254\353 \207\002 cFM'\230\r%\030\321\263\341\351C\365\356\023\302\007\346\260\221\242\327\025\314(f\252\215~\307h""; ","validation: """"\200\000\000\001&\000\000\000\017)/\351\252\341:p\210\265\307-\212\200\004Q\231>\331\263H\214\324\030A\225\301o\346pkSF\004\241\213w9\223=\250\262*+\255\351r\265P\027\000\000\000\000\000\000\000\000\000\000\000\000\000\000\000\000\000\000\000\000\000\000\000\000\000\000\000\000\000\000\000\000P\031c\273\016\301\024\363\242\247\263\231\370\344\nBW\220K\316@3\243\200\036wk\253GSlU\010\360s!\002\364d\217\366\217|\316F\232\231\241\n\261\333`\312O\367\235\025DD\336e\367\n\312\326\221\037\025\230vG0E\002!\000\240\020\021\352\201\313-\243\365\t\224K\361\212\324\206\371""&d8\3368\256!\326\276\324\254\353 \207\002 cFM'\230\r%\030\321\263\341\351C\365\356\023\302\007\346\260\221\242\327\025\314(f\252\215~\307h""; "
1750527585454,1750527585454,0,1,0,4,TMGetLedger,"itype: liBASE; ledgerHash: ""\231>\331\263H\214\324\030A\225\301o\346pkSF\004\241\213w9\223=\250\262*+\255\351r\265""; ledgerSeq: 15; queryType: qtINDIRECT; ","itype: liBASE; ledgerHash: ""\231>\331\263H\214\324\030A\225\301o\346pkSF\004\241\213w9\223=\250\262*+\255\351r\265""; ledgerSeq: 15; queryType: qtINDIRECT; "
1750527585454,1750527585454,0,1,0,2,TMGetLedger,"itype: liBASE; ledgerHash: ""\231>\331\263H\214\324\030A\225\301o\346pkSF\004\241\213w9\223=\250\262*+\255\351r\265""; ledgerSeq: 15; queryType: qtINDIRECT; ","itype: liBASE; ledgerHash: ""\231>\331\263H\214\324\030A\225\301o\346pkSF\004\241\213w9\223=\250\262*+\255\351r\265""; ledgerSeq: 15; queryType: qtINDIRECT; "
1750527585455,1750527585455,0,1,0,1,TMGetLedger,"itype: liBASE; ledgerHash: ""\231>\331\263H\214\324\030A\225\301o\346pkSF\004\241\213w9\223=\250\262*+\255\351r\265""; ledgerSeq: 15; queryType: qtINDIRECT; ","itype: liBASE; ledgerHash: ""\231>\331\263H\214\324\030A\225\301o\346pkSF\004\241\213w9\223=\250\262*+\255\351r\265""; ledgerSeq: 15; queryType: qtINDIRECT; "
1750527585455,1750527585455,0,1,1,3,TMGetLedger,"itype: liBASE; ledgerHash: ""\231>\331\263H\214\324\030A\225\301o\346pkSF\004\241\213w9\223=\250\262*+\255\351r\265""; ledgerSeq: 15; ","itype: liBASE; ledgerHash: ""\231>\331\263H\214\324\030A\225\301o\346pkSF\004\241\213w9\223=\250\262*+\255\351r\265""; ledgerSeq: 15; "
1750527585456,1750527585456,0,1,1,2,TMGetLedger,"itype: liBASE; ledgerHash: ""\231>\331\263H\214\324\030A\225\301o\346pkSF\004\241\213w9\223=\250\262*+\255\351r\265""; ledgerSeq: 15; ","itype: liBASE; ledgerHash: ""\231>\331\263H\214\324\030A\225\301o\346pkSF\004\241\213w9\223=\250\262*+\255\351r\265""; ledgerSeq: 15; "
1750527585456,1750527585456,0,1,1,4,TMGetLedger,"itype: liBASE; ledgerHash: ""\231>\331\263H\214\324\030A\225\301o\346pkSF\004\241\213w9\223=\250\262*+\255\351r\265""; ledgerSeq: 15; ","itype: liBASE; ledgerHash: ""\231>\331\263H\214\324\030A\225\301o\346pkSF\004\241\213w9\223=\250\262*+\255\351r\265""; ledgerSeq: 15; "
1750527585457,1750527585457,0,1,1,0,TMGetLedger,"itype: liBASE; ledgerHash: ""\231>\331\263H\214\324\030A\225\301o\346pkSF\004\241\213w9\223=\250\262*+\255\351r\265""; ledgerSeq: 15; ","itype: liBASE; ledgerHash: ""\231>\331\263H\214\324\030A\225\301o\346pkSF\004\241\213w9\223=\250\262*+\255\351r\265""; ledgerSeq: 15; "
1750527585457,1750527585458,0,1,1,3,TMGetLedger,"itype: liBASE; ledgerHash: ""\231>\331\263H\214\324\030A\225\301o\346pkSF\004\241\213w9\223=\250\262*+\255\351r\265""; ledgerSeq: 15; queryType: qtINDIRECT; ","itype: liBASE; ledgerHash: ""\231>\331\263H\214\324\030A\225\301o\346pkSF\004\241\213w9\223=\250\262*+\255\351r\265""; ledgerSeq: 15; queryType: qtINDIRECT; "
1750527585458,1750527585458,0,1,3,2,TMLedgerData,"ledgerHash: ""\231>\331\263H\214\324\030A\225\301o\346pkSF\004\241\213w9\223=\250\262*+\255\351r\265""; ledgerSeq: 15; type: liBASE; nodes {;   nodedata: ""\000\000\000\017\001cEx]\211\377\330c\273\016\301\024\363\242\247\263\231\370\344\nBW\220K\316@3\243\200\036wk\253GSlU\010\360\000\000\000\000\000\000\000\000\000\000\000\000\000\000\000\000\000\000\000\000\000\000\000\000\000\000\000\000\000\000\000\000\223\225%\355<\272\224G\353\342\372`\347y\035\350\327f\0315\316\276\350\200\206\340Kt\310\237\345Q/\351\252\335/\351\252\336\n\000""; }; nodes {;   nodedata: ""\323C\344\327\264{\312-\017:\006{\177\344N\002\326bO\260\220\006\033\362\345\005U\221DzJ0\001\301\025%1L\307\t\261\262z\374\222T\301\274V\236\223\262\270Ct\362\337b\356\024*\324\320\351\317\002k\336\234\027v\351\217\260\303\360\233ZPZWr\246$w\313\313\r\243r\232\2234\373\3539:N\004Q\245\272D\312D\300\300\t\323\0257\345e\271\na\215{\226\255x%T\257\037\333\004\344_/R\006E\344\037@\210\363\010\336T\226\247'\204_{\261\370""1\235\2445\343\033Y!\212\201\341\272\225'\007d\304\000\337\005\010E\225\313\353=\201\277\177j\342$\010j\030\304q\331[\344H\367a\263\210u\361\013\003""; }; ","ledgerHash: ""\231>\331\263H\214\324\030A\225\301o\346pkSF\004\241\213w9\223=\250\262*+\255\351r\265""; ledgerSeq: 15; type: liBASE; nodes {;   nodedata: ""\000\000\000\017\001cEx]\211\377\330c\273\016\301\024\363\242\247\263\231\370\344\nBW\220K\316@3\243\200\036wk\253GSlU\010\360\000\000\000\000\000\000\000\000\000\000\000\000\000\000\000\000\000\000\000\000\000\000\000\000\000\000\000\000\000\000\000\000\223\225%\355<\272\224G\353\342\372`\347y\035\350\327f\0315\316\276\350\200\206\340Kt\310\237\345Q/\351\252\335/\351\252\336\n\000""; }; nodes {;   nodedata: ""\323C\344\327\264{\312-\017:\006{\177\344N\002\326bO\260\220\006\033\362\345\005U\221DzJ0\001\301\025%1L\307\t\261\262z\374\222T\301\274V\236\223\262\270Ct\362\337b\356\024*\324\320\351\317\002k\336\234\027v\351\217\260\303\360\233ZPZWr\246$w\313\313\r\243r\232\2234\373\3539:N\004Q\245\272D\312D\300\300\t\323\0257\345e\271\na\215{\226\255x%T\257\037\333\004\344_/R\006E\344\037@\210\363\010\336T\226\247'\204_{\261\370""1\235\2445\343\033Y!\212\201\341\272\225'\007d\304\000\337\005\010E\225\313\353=\201\277\177j\342$\010j\030\304q\331[\344H\367a\263\210u\361\013\003""; }; "
1750527585459,1750527585459,0,1,1,2,TMGetLedger,"itype: liBASE; ledgerHash: ""\231>\331\263H\214\324\030A\225\301o\346pkSF\004\241\213w9\223=\250\262*+\255\351r\265""; ledgerSeq: 15; queryType: qtINDIRECT; ","itype: liBASE; ledgerHash: ""\231>\331\263H\214\324\030A\225\301o\346pkSF\004\241\213w9\223=\250\262*+\255\351r\265""; ledgerSeq: 15; queryType: qtINDIRECT; "
1750527585459,1750527585459,0,1,1,2,TMValidation,"validation: """"\200\000\000\001&\000\000\000\017)/\351\252\341:p\210\265\307-\212\200\004Q\231>\331\263H\214\324\030A\225\301o\346pkSF\004\241\213w9\223=\250\262*+\255\351r\265P\027\000\000\000\000\000\000\000\000\000\000\000\000\000\000\000\000\000\000\000\000\000\000\000\000\000\000\000\000\000\000\000\000P\031c\273\016\301\024\363\242\247\263\231\370\344\nBW\220K\316@3\243\200\036wk\253GSlU\010\360s!\002\364d\217\366\217|\316F\232\231\241\n\261\333`\312O\367\235\025DD\336e\367\n\312\326\221\037\025\230vG0E\002!\000\240\020\021\352\201\313-\243\365\t\224K\361\212\324\206\371""&d8\3368\256!\326\276\324\254\353 \207\002 cFM'\230\r%\030\321\263\341\351C\365\356\023\302\007\346\260\221\242\327\025\314(f\252\215~\307h""; ","validation: """"\200\000\000\001&\000\000\000\017)/\351\252\341:p\210\265\307-\212\200\004Q\231>\331\263H\214\324\030A\225\301o\346pkSF\004\241\213w9\223=\250\262*+\255\351r\265P\027\000\000\000\000\000\000\000\000\000\000\000\000\000\000\000\000\000\000\000\000\000\000\000\000\000\000\000\000\000\000\000\000P\031c\273\016\301\024\363\242\247\263\231\370\344\nBW\220K\316@3\243\200\036wk\253GSlU\010\360s!\002\364d\217\366\217|\316F\232\231\241\n\261\333`\312O\367\235\025DD\336e\367\n\312\326\221\037\025\230vG0E\002!\000\240\020\021\352\201\313-\243\365\t\224K\361\212\324\206\371""&d8\3368\256!\326\276\324\254\353 \207\002 cFM'\230\r%\030\321\263\341\351C\365\356\023\302\007\346\260\221\242\327\025\314(f\252\215~\307h""; "
1750527585460,1750527585460,0,1,3,2,TMLedgerData,"ledgerHash: ""\231>\331\263H\214\324\030A\225\301o\346pkSF\004\241\213w9\223=\250\262*+\255\351r\265""; ledgerSeq: 15; type: liBASE; nodes {;   nodedata: ""\000\000\000\017\001cEx]\211\377\330c\273\016\301\024\363\242\247\263\231\370\344\nBW\220K\316@3\243\200\036wk\253GSlU\010\360\000\000\000\000\000\000\000\000\000\000\000\000\000\000\000\000\000\000\000\000\000\000\000\000\000\000\000\000\000\000\000\000\223\225%\355<\272\224G\353\342\372`\347y\035\350\327f\0315\316\276\350\200\206\340Kt\310\237\345Q/\351\252\335/\351\252\336\n\000""; }; nodes {;   nodedata: ""\323C\344\327\264{\312-\017:\006{\177\344N\002\326bO\260\220\006\033\362\345\005U\221DzJ0\001\301\025%1L\307\t\261\262z\374\222T\301\274V\236\223\262\270Ct\362\337b\356\024*\324\320\351\317\002k\336\234\027v\351\217\260\303\360\233ZPZWr\246$w\313\313\r\243r\232\2234\373\3539:N\004Q\245\272D\312D\300\300\t\323\0257\345e\271\na\215{\226\255x%T\257\037\333\004\344_/R\006E\344\037@\210\363\010\336T\226\247'\204_{\261\370""1\235\2445\343\033Y!\212\201\341\272\225'\007d\304\000\337\005\010E\225\313\353=\201\277\177j\342$\010j\030\304q\331[\344H\367a\263\210u\361\013\003""; }; ","ledgerHash: ""\231>\331\263H\214\324\030A\225\301o\346pkSF\004\241\213w9\223=\250\262*+\255\351r\265""; ledgerSeq: 15; type: liBASE; nodes {;   nodedata: ""\000\000\000\017\001cEx]\211\377\330c\273\016\301\024\363\242\247\263\231\370\344\nBW\220K\316@3\243\200\036wk\253GSlU\010\360\000\000\000\000\000\000\000\000\000\000\000\000\000\000\000\000\000\000\000\000\000\000\000\000\000\000\000\000\000\000\000\000\223\225%\355<\272\224G\353\342\372`\347y\035\350\327f\0315\316\276\350\200\206\340Kt\310\237\345Q/\351\252\335/\351\252\336\n\000""; }; nodes {;   nodedata: ""\323C\344\327\264{\312-\017:\006{\177\344N\002\326bO\260\220\006\033\362\345\005U\221DzJ0\001\301\025%1L\307\t\261\262z\374\222T\301\274V\236\223\262\270Ct\362\337b\356\024*\324\320\351\317\002k\336\234\027v\351\217\260\303\360\233ZPZWr\246$w\313\313\r\243r\232\2234\373\3539:N\004Q\245\272D\312D\300\300\t\323\0257\345e\271\na\215{\226\255x%T\257\037\333\004\344_/R\006E\344\037@\210\363\010\336T\226\247'\204_{\261\370""1\235\2445\343\033Y!\212\201\341\272\225'\007d\304\000\337\005\010E\225\313\353=\201\277\177j\342$\010j\030\304q\331[\344H\367a\263\210u\361\013\003""; }; "
1750527585461,1750527585461,0,1,4,3,TMGetLedger,"itype: liBASE; ledgerHash: ""\231>\331\263H\214\324\030A\225\301o\346pkSF\004\241\213w9\223=\250\262*+\255\351r\265""; requestCookie: 3; queryType: qtINDIRECT; ","itype: liBASE; ledgerHash: ""\231>\331\263H\214\324\030A\225\301o\346pkSF\004\241\213w9\223=\250\262*+\255\351r\265""; requestCookie: 3; queryType: qtINDIRECT; "
1750527585461,1750527585461,0,1,1,4,TMGetLedger,"itype: liBASE; ledgerHash: ""\231>\331\263H\214\324\030A\225\301o\346pkSF\004\241\213w9\223=\250\262*+\255\351r\265""; ledgerSeq: 15; queryType: qtINDIRECT; ","itype: liBASE; ledgerHash: ""\231>\331\263H\214\324\030A\225\301o\346pkSF\004\241\213w9\223=\250\262*+\255\351r\265""; ledgerSeq: 15; queryType: qtINDIRECT; "
1750527585462,1750527585462,0,1,1,4,TMValidation,"validation: """"\200\000\000\001&\000\000\000\017)/\351\252\341:p\210\265\307-\212\200\004Q\231>\331\263H\214\324\030A\225\301o\346pkSF\004\241\213w9\223=\250\262*+\255\351r\265P\027\000\000\000\000\000\000\000\000\000\000\000\000\000\000\000\000\000\000\000\000\000\000\000\000\000\000\000\000\000\000\000\000P\031c\273\016\301\024\363\242\247\263\231\370\344\nBW\220K\316@3\243\200\036wk\253GSlU\010\360s!\002\364d\217\366\217|\316F\232\231\241\n\261\333`\312O\367\235\025DD\336e\367\n\312\326\221\037\025\230vG0E\002!\000\240\020\021\352\201\313-\243\365\t\224K\361\212\324\206\371""&d8\3368\256!\326\276\324\254\353 \207\002 cFM'\230\r%\030\321\263\341\351C\365\356\023\302\007\346\260\221\242\327\025\314(f\252\215~\307h""; ","validation: """"\200\000\000\001&\000\000\000\017)/\351\252\341:p\210\265\307-\212\200\004Q\231>\331\263H\214\324\030A\225\301o\346pkSF\004\241\213w9\223=\250\262*+\255\351r\265P\027\000\000\000\000\000\000\000\000\000\000\000\000\000\000\000\000\000\000\000\000\000\000\000\000\000\000\000\000\000\000\000\000P\031c\273\016\301\024\363\242\247\263\231\370\344\nBW\220K\316@3\243\200\036wk\253GSlU\010\360s!\002\364d\217\366\217|\316F\232\231\241\n\261\333`\312O\367\235\025DD\336e\367\n\312\326\221\037\025\230vG0E\002!\000\240\020\021\352\201\313-\243\365\t\224K\361\212\324\206\371""&d8\3368\256!\326\276\324\254\353 \207\002 cFM'\230\r%\030\321\263\341\351C\365\356\023\302\007\346\260\221\242\327\025\314(f\252\215~\307h""; "
1750527585462,1750527585462,0,1,2,3,TMGetLedger,"itype: liBASE; ledgerHash: ""\231>\331\263H\214\324\030A\225\301o\346pkSF\004\241\213w9\223=\250\262*+\255\351r\265""; requestCookie: 5; queryType: qtINDIRECT; ","itype: liBASE; ledgerHash: ""\231>\331\263H\214\324\030A\225\301o\346pkSF\004\241\213w9\223=\250\262*+\255\351r\265""; requestCookie: 5; queryType: qtINDIRECT; "
1750527585463,1750527585463,0,1,3,4,TMLedgerData,"ledgerHash: ""\231>\331\263H\214\324\030A\225\301o\346pkSF\004\241\213w9\223=\250\262*+\255\351r\265""; ledgerSeq: 15; type: liBASE; nodes {;   nodedata: ""\000\000\000\017\001cEx]\211\377\330c\273\016\301\024\363\242\247\263\231\370\344\nBW\220K\316@3\243\200\036wk\253GSlU\010\360\000\000\000\000\000\000\000\000\000\000\000\000\000\000\000\000\000\000\000\000\000\000\000\000\000\000\000\000\000\000\000\000\223\225%\355<\272\224G\353\342\372`\347y\035\350\327f\0315\316\276\350\200\206\340Kt\310\237\345Q/\351\252\335/\351\252\336\n\000""; }; nodes {;   nodedata: ""\323C\344\327\264{\312-\017:\006{\177\344N\002\326bO\260\220\006\033\362\345\005U\221DzJ0\001\301\025%1L\307\t\261\262z\374\222T\301\274V\236\223\262\270Ct\362\337b\356\024*\324\320\351\317\002k\336\234\027v\351\217\260\303\360\233ZPZWr\246$w\313\313\r\243r\232\2234\373\3539:N\004Q\245\272D\312D\300\300\t\323\0257\345e\271\na\215{\226\255x%T\257\037\333\004\344_/R\006E\344\037@\210\363\010\336T\226\247'\204_{\261\370""1\235\2445\343\033Y!\212\201\341\272\225'\007d\304\000\337\005\010E\225\313\353=\201\277\177j\342$\010j\030\304q\331[\344H\367a\263\210u\361\013\003""; }; ","ledgerHash: ""\231>\331\263H\214\324\030A\225\301o\346pkSF\004\241\213w9\223=\250\262*+\255\351r\265""; ledgerSeq: 15; type: liBASE; nodes {;   nodedata: ""\000\000\000\017\001cEx]\211\377\330c\273\016\301\024\363\242\247\263\231\370\344\nBW\220K\316@3\243\200\036wk\253GSlU\010\360\000\000\000\000\000\000\000\000\000\000\000\000\000\000\000\000\000\000\000\000\000\000\000\000\000\000\000\000\000\000\000\000\223\225%\355<\272\224G\353\342\372`\347y\035\350\327f\0315\316\276\350\200\206\340Kt\310\237\345Q/\351\252\335/\351\252\336\n\000""; }; nodes {;   nodedata: ""\323C\344\327\264{\312-\017:\006{\177\344N\002\326bO\260\220\006\033\362\345\005U\221DzJ0\001\301\025%1L\307\t\261\262z\374\222T\301\274V\236\223\262\270Ct\362\337b\356\024*\324\320\351\317\002k\336\234\027v\351\217\260\303\360\233ZPZWr\246$w\313\313\r\243r\232\2234\373\3539:N\004Q\245\272D\312D\300\300\t\323\0257\345e\271\na\215{\226\255x%T\257\037\333\004\344_/R\006E\344\037@\210\363\010\336T\226\247'\204_{\261\370""1\235\2445\343\033Y!\212\201\341\272\225'\007d\304\000\337\005\010E\225\313\353=\201\277\177j\342$\010j\030\304q\331[\344H\367a\263\210u\361\013\003""; }; "
1750527585463,1750527585463,0,1,0,3,TMGetLedger,"itype: liBASE; ledgerHash: ""\231>\331\263H\214\324\030A\225\301o\346pkSF\004\241\213w9\223=\250\262*+\255\351r\265""; requestCookie: 3; queryType: qtINDIRECT; ","itype: liBASE; ledgerHash: ""\231>\331\263H\214\324\030A\225\301o\346pkSF\004\241\213w9\223=\250\262*+\255\351r\265""; requestCookie: 3; queryType: qtINDIRECT; "
1750527585464,1750527585464,0,1,1,0,TMGetLedger,"itype: liBASE; ledgerHash: ""\231>\331\263H\214\324\030A\225\301o\346pkSF\004\241\213w9\223=\250\262*+\255\351r\265""; ledgerSeq: 15; queryType: qtINDIRECT; ","itype: liBASE; ledgerHash: ""\231>\331\263H\214\324\030A\225\301o\346pkSF\004\241\213w9\223=\250\262*+\255\351r\265""; ledgerSeq: 15; queryType: qtINDIRECT; "
1750527585464,1750527585464,0,1,1,0,TMValidation,"validation: """"\200\000\000\001&\000\000\000\017)/\351\252\341:p\210\265\307-\212\200\004Q\231>\331\263H\214\324\030A\225\301o\346pkSF\004\241\213w9\223=\250\262*+\255\351r\265P\027\000\000\000\000\000\000\000\000\000\000\000\000\000\000\000\000\000\000\000\000\000\000\000\000\000\000\000\000\000\000\000\000P\031c\273\016\301\024\363\242\247\263\231\370\344\nBW\220K\316@3\243\200\036wk\253GSlU\010\360s!\002\364d\217\366\217|\316F\232\231\241\n\261\333`\312O\367\235\025DD\336e\367\n\312\326\221\037\025\230vG0E\002!\000\240\020\021\352\201\313-\243\365\t\224K\361\212\324\206\371""&d8\3368\256!\326\276\324\254\353 \207\002 cFM'\230\r%\030\321\263\341\351C\365\356\023\302\007\346\260\221\242\327\025\314(f\252\215~\307h""; ","validation: """"\200\000\000\001&\000\000\000\017)/\351\252\341:p\210\265\307-\212\200\004Q\231>\331\263H\214\324\030A\225\301o\346pkSF\004\241\213w9\223=\250\262*+\255\351r\265P\027\000\000\000\000\000\000\000\000\000\000\000\000\000\000\000\000\000\000\000\000\000\000\000\000\000\000\000\000\000\000\000\000P\031c\273\016\301\024\363\242\247\263\231\370\344\nBW\220K\316@3\243\200\036wk\253GSlU\010\360s!\002\364d\217\366\217|\316F\232\231\241\n\261\333`\312O\367\235\025DD\336e\367\n\312\326\221\037\025\230vG0E\002!\000\240\020\021\352\201\313-\243\365\t\224K\361\212\324\206\371""&d8\3368\256!\326\276\324\254\353 \207\002 cFM'\230\r%\030\321\263\341\351C\365\356\023\302\007\346\260\221\242\327\025\314(f\252\215~\307h""; "
1750527585465,1750527585465,0,1,3,0,TMLedgerData,"ledgerHash: ""\231>\331\263H\214\324\030A\225\301o\346pkSF\004\241\213w9\223=\250\262*+\255\351r\265""; ledgerSeq: 15; type: liBASE; nodes {;   nodedata: ""\000\000\000\017\001cEx]\211\377\330c\273\016\301\024\363\242\247\263\231\370\344\nBW\220K\316@3\243\200\036wk\253GSlU\010\360\000\000\000\000\000\000\000\000\000\000\000\000\000\000\000\000\000\000\000\000\000\000\000\000\000\000\000\000\000\000\000\000\223\225%\355<\272\224G\353\342\372`\347y\035\350\327f\0315\316\276\350\200\206\340Kt\310\237\345Q/\351\252\335/\351\252\336\n\000""; }; nodes {;   nodedata: ""\323C\344\327\264{\312-\017:\006{\177\344N\002\326bO\260\220\006\033\362\345\005U\221DzJ0\001\301\025%1L\307\t\261\262z\374\222T\301\274V\236\223\262\270Ct\362\337b\356\024*\324\320\351\317\002k\336\234\027v\351\217\260\303\360\233ZPZWr\246$w\313\313\r\243r\232\2234\373\3539:N\004Q\245\272D\312D\300\300\t\323\0257\345e\271\na\215{\226\255x%T\257\037\333\004\344_/R\006E\344\037@\210\363\010\336T\226\247'\204_{\261\370""1\235\2445\343\033Y!\212\201\341\272\225'\007d\304\000\337\005\010E\225\313\353=\201\277\177j\342$\010j\030\304q\331[\344H\367a\263\210u\361\013\003""; }; ","ledgerHash: ""\231>\331\263H\214\324\030A\225\301o\346pkSF\004\241\213w9\223=\250\262*+\255\351r\265""; ledgerSeq: 15; type: liBASE; nodes {;   nodedata: ""\000\000\000\017\001cEx]\211\377\330c\273\016\301\024\363\242\247\263\231\370\344\nBW\220K\316@3\243\200\036wk\253GSlU\010\360\000\000\000\000\000\000\000\000\000\000\000\000\000\000\000\000\000\000\000\000\000\000\000\000\000\000\000\000\000\000\000\000\223\225%\355<\272\224G\353\342\372`\347y\035\350\327f\0315\316\276\350\200\206\340Kt\310\237\345Q/\351\252\335/\351\252\336\n\000""; }; nodes {;   nodedata: ""\323C\344\327\264{\312-\017:\006{\177\344N\002\326bO\260\220\006\033\362\345\005U\221DzJ0\001\301\025%1L\307\t\261\262z\374\222T\301\274V\236\223\262\270Ct\362\337b\356\024*\324\320\351\317\002k\336\234\027v\351\217\260\303\360\233ZPZWr\246$w\313\313\r\243r\232\2234\373\3539:N\004Q\245\272D\312D\300\300\t\323\0257\345e\271\na\215{\226\255x%T\257\037\333\004\344_/R\006E\344\037@\210\363\010\336T\226\247'\204_{\261\370""1\235\2445\343\033Y!\212\201\341\272\225'\007d\304\000\337\005\010E\225\313\353=\201\277\177j\342$\010j\030\304q\331[\344H\367a\263\210u\361\013\003""; }; "
1750527585466,1750527585466,0,1,3,0,TMLedgerData,"ledgerHash: ""\231>\331\263H\214\324\030A\225\301o\346pkSF\004\241\213w9\223=\250\262*+\255\351r\265""; ledgerSeq: 15; type: liBASE; nodes {;   nodedata: ""\000\000\000\017\001cEx]\211\377\330c\273\016\301\024\363\242\247\263\231\370\344\nBW\220K\316@3\243\200\036wk\253GSlU\010\360\000\000\000\000\000\000\000\000\000\000\000\000\000\000\000\000\000\000\000\000\000\000\000\000\000\000\000\000\000\000\000\000\223\225%\355<\272\224G\353\342\372`\347y\035\350\327f\0315\316\276\350\200\206\340Kt\310\237\345Q/\351\252\335/\351\252\336\n\000""; }; nodes {;   nodedata: ""\323C\344\327\264{\312-\017:\006{\177\344N\002\326bO\260\220\006\033\362\345\005U\221DzJ0\001\301\025%1L\307\t\261\262z\374\222T\301\274V\236\223\262\270Ct\362\337b\356\024*\324\320\351\317\002k\336\234\027v\351\217\260\303\360\233ZPZWr\246$w\313\313\r\243r\232\2234\373\3539:N\004Q\245\272D\312D\300\300\t\323\0257\345e\271\na\215{\226\255x%T\257\037\333\004\344_/R\006E\344\037@\210\363\010\336T\226\247'\204_{\261\370""1\235\2445\343\033Y!\212\201\341\272\225'\007d\304\000\337\005\010E\225\313\353=\201\277\177j\342$\010j\030\304q\331[\344H\367a\263\210u\361\013\003""; }; ","ledgerHash: ""\231>\331\263H\214\324\030A\225\301o\346pkSF\004\241\213w9\223=\250\262*+\255\351r\265""; ledgerSeq: 15; type: liBASE; nodes {;   nodedata: ""\000\000\000\017\001cEx]\211\377\330c\273\016\301\024\363\242\247\263\231\370\344\nBW\220K\316@3\243\200\036wk\253GSlU\010\360\000\000\000\000\000\000\000\000\000\000\000\000\000\000\000\000\000\000\000\000\000\000\000\000\000\000\000\000\000\000\000\000\223\225%\355<\272\224G\353\342\372`\347y\035\350\327f\0315\316\276\350\200\206\340Kt\310\237\345Q/\351\252\335/\351\252\336\n\000""; }; nodes {;   nodedata: ""\323C\344\327\264{\312-\017:\006{\177\344N\002\326bO\260\220\006\033\362\345\005U\221DzJ0\001\301\025%1L\307\t\261\262z\374\222T\301\274V\236\223\262\270Ct\362\337b\356\024*\324\320\351\317\002k\336\234\027v\351\217\260\303\360\233ZPZWr\246$w\313\313\r\243r\232\2234\373\3539:N\004Q\245\272D\312D\300\300\t\323\0257\345e\271\na\215{\226\255x%T\257\037\333\004\344_/R\006E\344\037@\210\363\010\336T\226\247'\204_{\261\370""1\235\2445\343\033Y!\212\201\341\272\225'\007d\304\000\337\005\010E\225\313\353=\201\277\177j\342$\010j\030\304q\331[\344H\367a\263\210u\361\013\003""; }; "
1750527585466,1750527585467,0,1,4,3,TMGetLedger,"itype: liBASE; ledgerHash: ""\231>\331\263H\214\324\030A\225\301o\346pkSF\004\241\213w9\223=\250\262*+\255\351r\265""; ledgerSeq: 15; requestCookie: 1; queryType: qtINDIRECT; ","itype: liBASE; ledgerHash: ""\231>\331\263H\214\324\030A\225\301o\346pkSF\004\241\213w9\223=\250\262*+\255\351r\265""; ledgerSeq: 15; requestCookie: 1; queryType: qtINDIRECT; "
1750527585467,1750527585467,0,1,2,3,TMGetLedger,"itype: liBASE; ledgerHash: ""\231>\331\263H\214\324\030A\225\301o\346pkSF\004\241\213w9\223=\250\262*+\255\351r\265""; ledgerSeq: 15; requestCookie: 2; queryType: qtINDIRECT; ","itype: liBASE; ledgerHash: ""\231>\331\263H\214\324\030A\225\301o\346pkSF\004\241\213w9\223=\250\262*+\255\351r\265""; ledgerSeq: 15; requestCookie: 2; queryType: qtINDIRECT; "
1750527585468,1750527585468,0,1,3,1,TMLedgerData,"ledgerHash: ""\231>\331\263H\214\324\030A\225\301o\346pkSF\004\241\213w9\223=\250\262*+\255\351r\265""; ledgerSeq: 15; type: liBASE; nodes {;   nodedata: ""\000\000\000\017\001cEx]\211\377\330c\273\016\301\024\363\242\247\263\231\370\344\nBW\220K\316@3\243\200\036wk\253GSlU\010\360\000\000\000\000\000\000\000\000\000\000\000\000\000\000\000\000\000\000\000\000\000\000\000\000\000\000\000\000\000\000\000\000\223\225%\355<\272\224G\353\342\372`\347y\035\350\327f\0315\316\276\350\200\206\340Kt\310\237\345Q/\351\252\335/\351\252\336\n\000""; }; nodes {;   nodedata: ""\323C\344\327\264{\312-\017:\006{\177\344N\002\326bO\260\220\006\033\362\345\005U\221DzJ0\001\301\025%1L\307\t\261\262z\374\222T\301\274V\236\223\262\270Ct\362\337b\356\024*\324\320\351\317\002k\336\234\027v\351\217\260\303\360\233ZPZWr\246$w\313\313\r\243r\232\2234\373\3539:N\004Q\245\272D\312D\300\300\t\323\0257\345e\271\na\215{\226\255x%T\257\037\333\004\344_/R\006E\344\037@\210\363\010\336T\226\247'\204_{\261\370""1\235\2445\343\033Y!\212\201\341\272\225'\007d\304\000\337\005\010E\225\313\353=\201\277\177j\342$\010j\030\304q\331[\344H\367a\263\210u\361\013\003""; }; ","ledgerHash: ""\231>\331\263H\214\324\030A\225\301o\346pkSF\004\241\213w9\223=\250\262*+\255\351r\265""; ledgerSeq: 15; type: liBASE; nodes {;   nodedata: ""\000\000\000\017\001cEx]\211\377\330c\273\016\301\024\363\242\247\263\231\370\344\nBW\220K\316@3\243\200\036wk\253GSlU\010\360\000\000\000\000\000\000\000\000\000\000\000\000\000\000\000\000\000\000\000\000\000\000\000\000\000\000\000\000\000\000\000\000\223\225%\355<\272\224G\353\342\372`\347y\035\350\327f\0315\316\276\350\200\206\340Kt\310\237\345Q/\351\252\335/\351\252\336\n\000""; }; nodes {;   nodedata: ""\323C\344\327\264{\312-\017:\006{\177\344N\002\326bO\260\220\006\033\362\345\005U\221DzJ0\001\301\025%1L\307\t\261\262z\374\222T\301\274V\236\223\262\270Ct\362\337b\356\024*\324\320\351\317\002k\336\234\027v\351\217\260\303\360\233ZPZWr\246$w\313\313\r\243r\232\2234\373\3539:N\004Q\245\272D\312D\300\300\t\323\0257\345e\271\na\215{\226\255x%T\257\037\333\004\344_/R\006E\344\037@\210\363\010\336T\226\247'\204_{\261\370""1\235\2445\343\033Y!\212\201\341\272\225'\007d\304\000\337\005\010E\225\313\353=\201\277\177j\342$\010j\030\304q\331[\344H\367a\263\210u\361\013\003""; }; "
1750527585468,1750527585468,0,1,3,1,TMLedgerData,"ledgerHash: ""\231>\331\263H\214\324\030A\225\301o\346pkSF\004\241\213w9\223=\250\262*+\255\351r\265""; ledgerSeq: 15; type: liBASE; nodes {;   nodedata: ""\000\000\000\017\001cEx]\211\377\330c\273\016\301\024\363\242\247\263\231\370\344\nBW\220K\316@3\243\200\036wk\253GSlU\010\360\000\000\000\000\000\000\000\000\000\000\000\000\000\000\000\000\000\000\000\000\000\000\000\000\000\000\000\000\000\000\000\000\223\225%\355<\272\224G\353\342\372`\347y\035\350\327f\0315\316\276\350\200\206\340Kt\310\237\345Q/\351\252\335/\351\252\336\n\000""; }; nodes {;   nodedata: ""\323C\344\327\264{\312-\017:\006{\177\344N\002\326bO\260\220\006\033\362\345\005U\221DzJ0\001\301\025%1L\307\t\261\262z\374\222T\301\274V\236\223\262\270Ct\362\337b\356\024*\324\320\351\317\002k\336\234\027v\351\217\260\303\360\233ZPZWr\246$w\313\313\r\243r\232\2234\373\3539:N\004Q\245\272D\312D\300\300\t\323\0257\345e\271\na\215{\226\255x%T\257\037\333\004\344_/R\006E\344\037@\210\363\010\336T\226\247'\204_{\261\370""1\235\2445\343\033Y!\212\201\341\272\225'\007d\304\000\337\005\010E\225\313\353=\201\277\177j\342$\010j\030\304q\331[\344H\367a\263\210u\361\013\003""; }; ","ledgerHash: ""\231>\331\263H\214\324\030A\225\301o\346pkSF\004\241\213w9\223=\250\262*+\255\351r\265""; ledgerSeq: 15; type: liBASE; nodes {;   nodedata: ""\000\000\000\017\001cEx]\211\377\330c\273\016\301\024\363\242\247\263\231\370\344\nBW\220K\316@3\243\200\036wk\253GSlU\010\360\000\000\000\000\000\000\000\000\000\000\000\000\000\000\000\000\000\000\000\000\000\000\000\000\000\000\000\000\000\000\000\000\223\225%\355<\272\224G\353\342\372`\347y\035\350\327f\0315\316\276\350\200\206\340Kt\310\237\345Q/\351\252\335/\351\252\336\n\000""; }; nodes {;   nodedata: ""\323C\344\327\264{\312-\017:\006{\177\344N\002\326bO\260\220\006\033\362\345\005U\221DzJ0\001\301\025%1L\307\t\261\262z\374\222T\301\274V\236\223\262\270Ct\362\337b\356\024*\324\320\351\317\002k\336\234\027v\351\217\260\303\360\233ZPZWr\246$w\313\313\r\243r\232\2234\373\3539:N\004Q\245\272D\312D\300\300\t\323\0257\345e\271\na\215{\226\255x%T\257\037\333\004\344_/R\006E\344\037@\210\363\010\336T\226\247'\204_{\261\370""1\235\2445\343\033Y!\212\201\341\272\225'\007d\304\000\337\005\010E\225\313\353=\201\277\177j\342$\010j\030\304q\331[\344H\367a\263\210u\361\013\003""; }; "
1750527585469,1750527585469,0,1,2,3,TMGetLedger,"itype: liBASE; ledgerHash: ""\231>\331\263H\214\324\030A\225\301o\346pkSF\004\241\213w9\223=\250\262*+\255\351r\265""; ledgerSeq: 15; requestCookie: 3; queryType: qtINDIRECT; ","itype: liBASE; ledgerHash: ""\231>\331\263H\214\324\030A\225\301o\346pkSF\004\241\213w9\223=\250\262*+\255\351r\265""; ledgerSeq: 15; requestCookie: 3; queryType: qtINDIRECT; "
1750527585470,1750527585470,0,1,2,3,TMGetLedger,"itype: liAS_NODE; ledgerHash: ""\231>\331\263H\214\324\030A\225\301o\346pkSF\004\241\213w9\223=\250\262*+\255\351r\265""; ledgerSeq: 15; nodeIDs: ""\260\000\000\000\000\000\000\000\000\000\000\000\000\000\000\000\000\000\000\000\000\000\000\000\000\000\000\000\000\000\000\000\001""; queryType: qtINDIRECT; queryDepth: 1; ","itype: liAS_NODE; ledgerHash: ""\231>\331\263H\214\324\030A\225\301o\346pkSF\004\241\213w9\223=\250\262*+\255\351r\265""; ledgerSeq: 15; nodeIDs: ""\260\000\000\000\000\000\000\000\000\000\000\000\000\000\000\000\000\000\000\000\000\000\000\000\000\000\000\000\000\000\000\000\001""; queryType: qtINDIRECT; queryDepth: 1; "
1750527585470,1750527585470,0,1,3,4,TMLedgerData,"ledgerHash: ""\231>\331\263H\214\324\030A\225\301o\346pkSF\004\241\213w9\223=\250\262*+\255\351r\265""; ledgerSeq: 15; type: liBASE; nodes {;   nodedata: ""\000\000\000\017\001cEx]\211\377\330c\273\016\301\024\363\242\247\263\231\370\344\nBW\220K\316@3\243\200\036wk\253GSlU\010\360\000\000\000\000\000\000\000\000\000\000\000\000\000\000\000\000\000\000\000\000\000\000\000\000\000\000\000\000\000\000\000\000\223\225%\355<\272\224G\353\342\372`\347y\035\350\327f\0315\316\276\350\200\206\340Kt\310\237\345Q/\351\252\335/\351\252\336\n\000""; }; nodes {;   nodedata: ""\323C\344\327\264{\312-\017:\006{\177\344N\002\326bO\260\220\006\033\362\345\005U\221DzJ0\001\301\025%1L\307\t\261\262z\374\222T\301\274V\236\223\262\270Ct\362\337b\356\024*\324\320\351\317\002k\336\234\027v\351\217\260\303\360\233ZPZWr\246$w\313\313\r\243r\232\2234\373\3539:N\004Q\245\272D\312D\300\300\t\323\0257\345e\271\na\215{\226\255x%T\257\037\333\004\344_/R\006E\344\037@\210\363\010\336T\226\247'\204_{\261\370""1\235\2445\343\033Y!\212\201\341\272\225'\007d\304\000\337\005\010E\225\313\353=\201\277\177j\342$\010j\030\304q\331[\344H\367a\263\210u\361\013\003""; }; ","ledgerHash: ""\231>\331\263H\214\324\030A\225\301o\346pkSF\004\241\213w9\223=\250\262*+\255\351r\265""; ledgerSeq: 15; type: liBASE; nodes {;   nodedata: ""\000\000\000\017\001cEx]\211\377\330c\273\016\301\024\363\242\247\263\231\370\344\nBW\220K\316@3\243\200\036wk\253GSlU\010\360\000\000\000\000\000\000\000\000\000\000\000\000\000\000\000\000\000\000\000\000\000\000\000\000\000\000\000\000\000\000\000\000\223\225%\355<\272\224G\353\342\372`\347y\035\350\327f\0315\316\276\350\200\206\340Kt\310\237\345Q/\351\252\335/\351\252\336\n\000""; }; nodes {;   nodedata: ""\323C\344\327\264{\312-\017:\006{\177\344N\002\326bO\260\220\006\033\362\345\005U\221DzJ0\001\301\025%1L\307\t\261\262z\374\222T\301\274V\236\223\262\270Ct\362\337b\356\024*\324\320\351\317\002k\336\234\027v\351\217\260\303\360\233ZPZWr\246$w\313\313\r\243r\232\2234\373\3539:N\004Q\245\272D\312D\300\300\t\323\0257\345e\271\na\215{\226\255x%T\257\037\333\004\344_/R\006E\344\037@\210\363\010\336T\226\247'\204_{\261\370""1\235\2445\343\033Y!\212\201\341\272\225'\007d\304\000\337\005\010E\225\313\353=\201\277\177j\342$\010j\030\304q\331[\344H\367a\263\210u\361\013\003""; }; "
1750527585471,1750527585471,0,1,4,3,TMGetLedger,"itype: liBASE; ledgerHash: ""\231>\331\263H\214\324\030A\225\301o\346pkSF\004\241\213w9\223=\250\262*+\255\351r\265""; ledgerSeq: 15; requestCookie: 2; queryType: qtINDIRECT; ","itype: liBASE; ledgerHash: ""\231>\331\263H\214\324\030A\225\301o\346pkSF\004\241\213w9\223=\250\262*+\255\351r\265""; ledgerSeq: 15; requestCookie: 2; queryType: qtINDIRECT; "
1750527585471,1750527585472,0,1,3,2,TMLedgerData,"ledgerHash: ""\231>\331\263H\214\324\030A\225\301o\346pkSF\004\241\213w9\223=\250\262*+\255\351r\265""; ledgerSeq: 15; type: liBASE; nodes {;   nodedata: ""\000\000\000\017\001cEx]\211\377\330c\273\016\301\024\363\242\247\263\231\370\344\nBW\220K\316@3\243\200\036wk\253GSlU\010\360\000\000\000\000\000\000\000\000\000\000\000\000\000\000\000\000\000\000\000\000\000\000\000\000\000\000\000\000\000\000\000\000\223\225%\355<\272\224G\353\342\372`\347y\035\350\327f\0315\316\276\350\200\206\340Kt\310\237\345Q/\351\252\335/\351\252\336\n\000""; }; nodes {;   nodedata: ""\323C\344\327\264{\312-\017:\006{\177\344N\002\326bO\260\220\006\033\362\345\005U\221DzJ0\001\301\025%1L\307\t\261\262z\374\222T\301\274V\236\223\262\270Ct\362\337b\356\024*\324\320\351\317\002k\336\234\027v\351\217\260\303\360\233ZPZWr\246$w\313\313\r\243r\232\2234\373\3539:N\004Q\245\272D\312D\300\300\t\323\0257\345e\271\na\215{\226\255x%T\257\037\333\004\344_/R\006E\344\037@\210\363\010\336T\226\247'\204_{\261\370""1\235\2445\343\033Y!\212\201\341\272\225'\007d\304\000\337\005\010E\225\313\353=\201\277\177j\342$\010j\030\304q\331[\344H\367a\263\210u\361\013\003""; }; requestCookie: 5; ","ledgerHash: ""\231>\331\263H\214\324\030A\225\301o\346pkSF\004\241\213w9\223=\250\262*+\255\351r\265""; ledgerSeq: 15; type: liBASE; nodes {;   nodedata: ""\000\000\000\017\001cEx]\211\377\330c\273\016\301\024\363\242\247\263\231\370\344\nBW\220K\316@3\243\200\036wk\253GSlU\010\360\000\000\000\000\000\000\000\000\000\000\000\000\000\000\000\000\000\000\000\000\000\000\000\000\000\000\000\000\000\000\000\000\223\225%\355<\272\224G\353\342\372`\347y\035\350\327f\0315\316\276\350\200\206\340Kt\310\237\345Q/\351\252\335/\351\252\336\n\000""; }; nodes {;   nodedata: ""\323C\344\327\264{\312-\017:\006{\177\344N\002\326bO\260\220\006\033\362\345\005U\221DzJ0\001\301\025%1L\307\t\261\262z\374\222T\301\274V\236\223\262\270Ct\362\337b\356\024*\324\320\351\317\002k\336\234\027v\351\217\260\303\360\233ZPZWr\246$w\313\313\r\243r\232\2234\373\3539:N\004Q\245\272D\312D\300\300\t\323\0257\345e\271\na\215{\226\255x%T\257\037\333\004\344_/R\006E\344\037@\210\363\010\336T\226\247'\204_{\261\370""1\235\2445\343\033Y!\212\201\341\272\225'\007d\304\000\337\005\010E\225\313\353=\201\277\177j\342$\010j\030\304q\331[\344H\367a\263\210u\361\013\003""; }; requestCookie: 5; "
1750527585473,1750527585473,0,1,4,3,TMGetLedger,"itype: liAS_NODE; ledgerHash: ""\231>\331\263H\214\324\030A\225\301o\346pkSF\004\241\213w9\223=\250\262*+\255\351r\265""; ledgerSeq: 15; nodeIDs: ""\260\000\000\000\000\000\000\000\000\000\000\000\000\000\000\000\000\000\000\000\000\000\000\000\000\000\000\000\000\000\000\000\001""; queryType: qtINDIRECT; queryDepth: 1; ","itype: liAS_NODE; ledgerHash: ""\231>\331\263H\214\324\030A\225\301o\346pkSF\004\241\213w9\223=\250\262*+\255\351r\265""; ledgerSeq: 15; nodeIDs: ""\260\000\000\000\000\000\000\000\000\000\000\000\000\000\000\000\000\000\000\000\000\000\000\000\000\000\000\000\000\000\000\000\001""; queryType: qtINDIRECT; queryDepth: 1; "
1750527585473,1750527585473,0,1,3,0,TMLedgerData,"ledgerHash: ""\231>\331\263H\214\324\030A\225\301o\346pkSF\004\241\213w9\223=\250\262*+\255\351r\265""; ledgerSeq: 15; type: liBASE; nodes {;   nodedata: ""\000\000\000\017\001cEx]\211\377\330c\273\016\301\024\363\242\247\263\231\370\344\nBW\220K\316@3\243\200\036wk\253GSlU\010\360\000\000\000\000\000\000\000\000\000\000\000\000\000\000\000\000\000\000\000\000\000\000\000\000\000\000\000\000\000\000\000\000\223\225%\355<\272\224G\353\342\372`\347y\035\350\327f\0315\316\276\350\200\206\340Kt\310\237\345Q/\351\252\335/\351\252\336\n\000""; }; nodes {;   nodedata: ""\323C\344\327\264{\312-\017:\006{\177\344N\002\326bO\260\220\006\033\362\345\005U\221DzJ0\001\301\025%1L\307\t\261\262z\374\222T\301\274V\236\223\262\270Ct\362\337b\356\024*\324\320\351\317\002k\336\234\027v\351\217\260\303\360\233ZPZWr\246$w\313\313\r\243r\232\2234\373\3539:N\004Q\245\272D\312D\300\300\t\323\0257\345e\271\na\215{\226\255x%T\257\037\333\004\344_/R\006E\344\037@\210\363\010\336T\226\247'\204_{\261\370""1\235\2445\343\033Y!\212\201\341\272\225'\007d\304\000\337\005\010E\225\313\353=\201\277\177j\342$\010j\030\304q\331[\344H\367a\263\210u\361\013\003""; }; requestCookie: 3; ","ledgerHash: ""\231>\331\263H\214\324\030A\225\301o\346pkSF\004\241\213w9\223=\250\262*+\255\351r\265""; ledgerSeq: 15; type: liBASE; nodes {;   nodedata: ""\000\000\000\017\001cEx]\211\377\330c\273\016\301\024\363\242\247\263\231\370\344\nBW\220K\316@3\243\200\036wk\253GSlU\010\360\000\000\000\000\000\000\000\000\000\000\000\000\000\000\000\000\000\000\000\000\000\000\000\000\000\000\000\000\000\000\000\000\223\225%\355<\272\224G\353\342\372`\347y\035\350\327f\0315\316\276\350\200\206\340Kt\310\237\345Q/\351\252\335/\351\252\336\n\000""; }; nodes {;   nodedata: ""\323C\344\327\264{\312-\017:\006{\177\344N\002\326bO\260\220\006\033\362\345\005U\221DzJ0\001\301\025%1L\307\t\261\262z\374\222T\301\274V\236\223\262\270Ct\362\337b\356\024*\324\320\351\317\002k\336\234\027v\351\217\260\303\360\233ZPZWr\246$w\313\313\r\243r\232\2234\373\3539:N\004Q\245\272D\312D\300\300\t\323\0257\345e\271\na\215{\226\255x%T\257\037\333\004\344_/R\006E\344\037@\210\363\010\336T\226\247'\204_{\261\370""1\235\2445\343\033Y!\212\201\341\272\225'\007d\304\000\337\005\010E\225\313\353=\201\277\177j\342$\010j\030\304q\331[\344H\367a\263\210u\361\013\003""; }; requestCookie: 3; "
1750527585474,1750527585474,0,1,0,3,TMGetLedger,"itype: liBASE; ledgerHash: ""\231>\331\263H\214\324\030A\225\301o\346pkSF\004\241\213w9\223=\250\262*+\255\351r\265""; ledgerSeq: 15; requestCookie: 2; queryType: qtINDIRECT; ","itype: liBASE; ledgerHash: ""\231>\331\263H\214\324\030A\225\301o\346pkSF\004\241\213w9\223=\250\262*+\255\351r\265""; ledgerSeq: 15; requestCookie: 2; queryType: qtINDIRECT; "
1750527585474,1750527585474,0,1,0,3,TMGetLedger,"itype: liBASE; ledgerHash: ""\231>\331\263H\214\324\030A\225\301o\346pkSF\004\241\213w9\223=\250\262*+\255\351r\265""; requestCookie: 5; queryType: qtINDIRECT; ","itype: liBASE; ledgerHash: ""\231>\331\263H\214\324\030A\225\301o\346pkSF\004\241\213w9\223=\250\262*+\255\351r\265""; requestCookie: 5; queryType: qtINDIRECT; "
1750527585475,1750527585475,0,1,0,3,TMGetLedger,"itype: liAS_NODE; ledgerHash: ""\231>\331\263H\214\324\030A\225\301o\346pkSF\004\241\213w9\223=\250\262*+\255\351r\265""; ledgerSeq: 15; nodeIDs: ""\260\000\000\000\000\000\000\000\000\000\000\000\000\000\000\000\000\000\000\000\000\000\000\000\000\000\000\000\000\000\000\000\001""; queryType: qtINDIRECT; queryDepth: 1; ","itype: liAS_NODE; ledgerHash: ""\231>\331\263H\214\324\030A\225\301o\346pkSF\004\241\213w9\223=\250\262*+\255\351r\265""; ledgerSeq: 15; nodeIDs: ""\260\000\000\000\000\000\000\000\000\000\000\000\000\000\000\000\000\000\000\000\000\000\000\000\000\000\000\000\000\000\000\000\001""; queryType: qtINDIRECT; queryDepth: 1; "
1750527585476,1750527585476,0,1,3,4,TMLedgerData,"ledgerHash: ""\231>\331\263H\214\324\030A\225\301o\346pkSF\004\241\213w9\223=\250\262*+\255\351r\265""; ledgerSeq: 15; type: liBASE; nodes {;   nodedata: ""\000\000\000\017\001cEx]\211\377\330c\273\016\301\024\363\242\247\263\231\370\344\nBW\220K\316@3\243\200\036wk\253GSlU\010\360\000\000\000\000\000\000\000\000\000\000\000\000\000\000\000\000\000\000\000\000\000\000\000\000\000\000\000\000\000\000\000\000\223\225%\355<\272\224G\353\342\372`\347y\035\350\327f\0315\316\276\350\200\206\340Kt\310\237\345Q/\351\252\335/\351\252\336\n\000""; }; nodes {;   nodedata: ""\323C\344\327\264{\312-\017:\006{\177\344N\002\326bO\260\220\006\033\362\345\005U\221DzJ0\001\301\025%1L\307\t\261\262z\374\222T\301\274V\236\223\262\270Ct\362\337b\356\024*\324\320\351\317\002k\336\234\027v\351\217\260\303\360\233ZPZWr\246$w\313\313\r\243r\232\2234\373\3539:N\004Q\245\272D\312D\300\300\t\323\0257\345e\271\na\215{\226\255x%T\257\037\333\004\344_/R\006E\344\037@\210\363\010\336T\226\247'\204_{\261\370""1\235\2445\343\033Y!\212\201\341\272\225'\007d\304\000\337\005\010E\225\313\353=\201\277\177j\342$\010j\030\304q\331[\344H\367a\263\210u\361\013\003""; }; requestCookie: 3; ","ledgerHash: ""\231>\331\263H\214\324\030A\225\301o\346pkSF\004\241\213w9\223=\250\262*+\255\351r\265""; ledgerSeq: 15; type: liBASE; nodes {;   nodedata: ""\000\000\000\017\001cEx]\211\377\330c\273\016\301\024\363\242\247\263\231\370\344\nBW\220K\316@3\243\200\036wk\253GSlU\010\360\000\000\000\000\000\000\000\000\000\000\000\000\000\000\000\000\000\000\000\000\000\000\000\000\000\000\000\000\000\000\000\000\223\225%\355<\272\224G\353\342\372`\347y\035\350\327f\0315\316\276\350\200\206\340Kt\310\237\345Q/\351\252\335/\351\252\336\n\000""; }; nodes {;   nodedata: ""\323C\344\327\264{\312-\017:\006{\177\344N\002\326bO\260\220\006\033\362\345\005U\221DzJ0\001\301\025%1L\307\t\261\262z\374\222T\301\274V\236\223\262\270Ct\362\337b\356\024*\324\320\351\317\002k\336\234\027v\351\217\260\303\360\233ZPZWr\246$w\313\313\r\243r\232\2234\373\3539:N\004Q\245\272D\312D\300\300\t\323\0257\345e\271\na\215{\226\255x%T\257\037\333\004\344_/R\006E\344\037@\210\363\010\336T\226\247'\204_{\261\370""1\235\2445\343\033Y!\212\201\341\272\225'\007d\304\000\337\005\010E\225\313\353=\201\277\177j\342$\010j\030\304q\331[\344H\367a\263\210u\361\013\003""; }; requestCookie: 3; "
1750527585476,1750527585477,0,1,3,2,TMLedgerData,"ledgerHash: ""\231>\331\263H\214\324\030A\225\301o\346pkSF\004\241\213w9\223=\250\262*+\255\351r\265""; ledgerSeq: 15; type: liBASE; nodes {;   nodedata: ""\000\000\000\017\001cEx]\211\377\330c\273\016\301\024\363\242\247\263\231\370\344\nBW\220K\316@3\243\200\036wk\253GSlU\010\360\000\000\000\000\000\000\000\000\000\000\000\000\000\000\000\000\000\000\000\000\000\000\000\000\000\000\000\000\000\000\000\000\223\225%\355<\272\224G\353\342\372`\347y\035\350\327f\0315\316\276\350\200\206\340Kt\310\237\345Q/\351\252\335/\351\252\336\n\000""; }; nodes {;   nodedata: ""\323C\344\327\264{\312-\017:\006{\177\344N\002\326bO\260\220\006\033\362\345\005U\221DzJ0\001\301\025%1L\307\t\261\262z\374\222T\301\274V\236\223\262\270Ct\362\337b\356\024*\324\320\351\317\002k\336\234\027v\351\217\260\303\360\233ZPZWr\246$w\313\313\r\243r\232\2234\373\3539:N\004Q\245\272D\312D\300\300\t\323\0257\345e\271\na\215{\226\255x%T\257\037\333\004\344_/R\006E\344\037@\210\363\010\336T\226\247'\204_{\261\370""1\235\2445\343\033Y!\212\201\341\272\225'\007d\304\000\337\005\010E\225\313\353=\201\277\177j\342$\010j\030\304q\331[\344H\367a\263\210u\361\013\003""; }; requestCookie: 2; ","ledgerHash: ""\231>\331\263H\214\324\030A\225\301o\346pkSF\004\241\213w9\223=\250\262*+\255\351r\265""; ledgerSeq: 15; type: liBASE; nodes {;   nodedata: ""\000\000\000\017\001cEx]\211\377\330c\273\016\301\024\363\242\247\263\231\370\344\nBW\220K\316@3\243\200\036wk\253GSlU\010\360\000\000\000\000\000\000\000\000\000\000\000\000\000\000\000\000\000\000\000\000\000\000\000\000\000\000\000\000\000\000\000\000\223\225%\355<\272\224G\353\342\372`\347y\035\350\327f\0315\316\276\350\200\206\340Kt\310\237\345Q/\351\252\335/\351\252\336\n\000""; }; nodes {;   nodedata: ""\323C\344\327\264{\312-\017:\006{\177\344N\002\326bO\260\220\006\033\362\345\005U\221DzJ0\001\301\025%1L\307\t\261\262z\374\222T\301\274V\236\223\262\270Ct\362\337b\356\024*\324\320\351\317\002k\336\234\027v\351\217\260\303\360\233ZPZWr\246$w\313\313\r\243r\232\2234\373\3539:N\004Q\245\272D\312D\300\300\t\323\0257\345e\271\na\215{\226\255x%T\257\037\333\004\344_/R\006E\344\037@\210\363\010\336T\226\247'\204_{\261\370""1\235\2445\343\033Y!\212\201\341\272\225'\007d\304\000\337\005\010E\225\313\353=\201\277\177j\342$\010j\030\304q\331[\344H\367a\263\210u\361\013\003""; }; requestCookie: 2; "
1750527585478,1750527585478,0,1,1,3,TMGetLedger,"itype: liBASE; ledgerHash: ""\231>\331\263H\214\324\030A\225\301o\346pkSF\004\241\213w9\223=\250\262*+\255\351r\265""; requestCookie: 3; queryType: qtINDIRECT; ","itype: liBASE; ledgerHash: ""\231>\331\263H\214\324\030A\225\301o\346pkSF\004\241\213w9\223=\250\262*+\255\351r\265""; requestCookie: 3; queryType: qtINDIRECT; "
1750527585478,1750527585478,0,1,1,3,TMGetLedger,"itype: liBASE; ledgerHash: ""\231>\331\263H\214\324\030A\225\301o\346pkSF\004\241\213w9\223=\250\262*+\255\351r\265""; ledgerSeq: 15; requestCookie: 2; queryType: qtINDIRECT; ","itype: liBASE; ledgerHash: ""\231>\331\263H\214\324\030A\225\301o\346pkSF\004\241\213w9\223=\250\262*+\255\351r\265""; ledgerSeq: 15; requestCookie: 2; queryType: qtINDIRECT; "
1750527585478,1750527585478,0,1,1,3,TMGetLedger,"itype: liBASE; ledgerHash: ""\231>\331\263H\214\324\030A\225\301o\346pkSF\004\241\213w9\223=\250\262*+\255\351r\265""; requestCookie: 5; queryType: qtINDIRECT; ","itype: liBASE; ledgerHash: ""\231>\331\263H\214\324\030A\225\301o\346pkSF\004\241\213w9\223=\250\262*+\255\351r\265""; requestCookie: 5; queryType: qtINDIRECT; "
1750527585479,1750527585479,0,1,1,3,TMGetLedger,"itype: liAS_NODE; ledgerHash: ""\231>\331\263H\214\324\030A\225\301o\346pkSF\004\241\213w9\223=\250\262*+\255\351r\265""; ledgerSeq: 15; nodeIDs: ""\260\000\000\000\000\000\000\000\000\000\000\000\000\000\000\000\000\000\000\000\000\000\000\000\000\000\000\000\000\000\000\000\001""; queryType: qtINDIRECT; queryDepth: 1; ","itype: liAS_NODE; ledgerHash: ""\231>\331\263H\214\324\030A\225\301o\346pkSF\004\241\213w9\223=\250\262*+\255\351r\265""; ledgerSeq: 15; nodeIDs: ""\260\000\000\000\000\000\000\000\000\000\000\000\000\000\000\000\000\000\000\000\000\000\000\000\000\000\000\000\000\000\000\000\001""; queryType: qtINDIRECT; queryDepth: 1; "
1750527585479,1750527585480,0,1,3,2,TMLedgerData,"ledgerHash: ""\231>\331\263H\214\324\030A\225\301o\346pkSF\004\241\213w9\223=\250\262*+\255\351r\265""; ledgerSeq: 15; type: liAS_NODE; nodes {;   nodedata: ""\021\000h""\000\000\000\000 \033\000\000\000\016\002\023\302\037\330\356GuH\375\327!\255\371\r\231\262R\256J\034\222\241\355X\265E\241^W\225\304\014\361CX-}\351f\032\255\274\334m\326c\017\014ao[\342\230\003\245\245\3341Hm\326^\017jy\335\261\032Yt\320\244{g\0306\\302\303*\341\215\223\257\364\277o\375\000r\241SOq\221\253\262\005\017\375T\356\014\360o'\030\311-\267\031\257!\031T\006><\315XM\334\324\345\034\000\325\367\240\271\013\265\024\321\362\354\211\250.\234s\225amc\305\035\366\276\037nD\277`\210\223N\3535\033\261\304f\331]\036\237\306o!\223\221\002\324\031\262\240R\177 ,\214\325\Q])\016\2067\277\t\354\010\000\360\215\2502\265\245\310\226\243c\302Ze\306\253#r\020\211\320iG\276\020E\317\035Sf\223F\254\033@\177e\277\016\010u\327\371&\262\312\317Q\2361t\377x\234\001v\003%\030\325_\225g\204\346a=\225\273\331\354\365*U\363\263N\367b\371\244\314-w\363\262\225Z\200\206\235\233\257?sE\2674\254\326mU\377?\177Ek\336\030!\316Aa\225\303\022\377{\210Y\226\271as\354L\035\004\341\361\035\301\024\220m#*\372\032\3178~\374\250\014*\323\342'z69\220\327\256\351G\367\317u\302\207\270b\315\333\333\334\310I\323&\014\352XZnW2.\335\347\202\021\247\362\212e\034\000\001\250\220\305;a\314\265R\310\017\317\331\235\360\262\240:\277\202\266\354\265X""\022\nh\252\352w\204\203\023]\001f\352\277\0031Q]\362\370R\350{\261\202\240\344\215\201\353\276\322p5p\350\354\017>\250r\241c\273\016\301\024\363\242\247\263\231\370\344\nBW\220K\316@3\243\200\036wk\253GSlU\010\360\264\227\2326\315\307\363\323\325\303\032N\256*\307\327 \235\332\207u\210\271\257\306g\231i*\260\326k\001"";   nodeid: ""\260\000\000\000\000\000\000\000\000\000\000\000\000\000\000\000\000\000\000\000\000\000\000\000\000\000\000\000\000\000\000\000\001""; }; ","ledgerHash: ""\231>\331\263H\214\324\030A\225\301o\346pkSF\004\241\213w9\223=\250\262*+\255\351r\265""; ledgerSeq: 15; type: liAS_NODE; nodes {;   nodedata: ""\021\000h""\000\000\000\000 \033\000\000\000\016\002\023\302\037\330\356GuH\375\327!\255\371\r\231\262R\256J\034\222\241\355X\265E\241^W\225\304\014\361CX-}\351f\032\255\274\334m\326c\017\014ao[\342\230\003\245\245\3341Hm\326^\017jy\335\261\032Yt\320\244{g\0306\\302\303*\341\215\223\257\364\277o\375\000r\241SOq\221\253\262\005\017\375T\356\014\360o'\030\311-\267\031\257!\031T\006><\315XM\334\324\345\034\000\325\367\240\271\013\265\024\321\362\354\211\250.\234s\225amc\305\035\366\276\037nD\277`\210\223N\3535\033\261\304f\331]\036\237\306o!\223\221\002\324\031\262\240R\177 ,\214\325\Q])\016\2067\277\t\354\010\000\360\215\2502\265\245\310\226\243c\302Ze\306\253#r\020\211\320iG\276\020E\317\035Sf\223F\254\033@\177e\277\016\010u\327\371&\262\312\317Q\2361t\377x\234\001v\003%\030\325_\225g\204\346a=\225\273\331\354\365*U\363\263N\367b\371\244\314-w\363\262\225Z\200\206\235\233\257?sE\2674\254\326mU\377?\177Ek\336\030!\316Aa\225\303\022\377{\210Y\226\271as\354L\035\004\341\361\035\301\024\220m#*\372\032\3178~\374\250\014*\323\342'z69\220\327\256\351G\367\317u\302\207\270b\315\333\333\334\310I\323&\014\352XZnW2.\335\347\202\021\247\362\212e\034\000\001\250\220\305;a\314\265R\310\017\317\331\235\360\262\240:\277\202\266\354\265X""\022\nh\252\352w\204\203\023]\001f\352\277\0031Q]\362\370R\350{\261\202\240\344\215\201\353\276\322p5p\350\354\017>\250r\241c\273\016\301\024\363\242\247\263\231\370\344\nBW\220K\316@3\243\200\036wk\253GSlU\010\360\264\227\2326\315\307\363\323\325\303\032N\256*\307\327 \235\332\207u\210\271\257\306g\231i*\260\326k\001"";   nodeid: ""\260\000\000\000\000\000\000\000\000\000\000\000\000\000\000\000\000\000\000\000\000\000\000\000\000\000\000\000\000\000\000\000\001""; }; "
1750527585480,1750527585480,0,1,3,2,TMLedgerData,"ledgerHash: ""\231>\331\263H\214\324\030A\225\301o\346pkSF\004\241\213w9\223=\250\262*+\255\351r\265""; ledgerSeq: 15; type: liBASE; nodes {;   nodedata: ""\000\000\000\017\001cEx]\211\377\330c\273\016\301\024\363\242\247\263\231\370\344\nBW\220K\316@3\243\200\036wk\253GSlU\010\360\000\000\000\000\000\000\000\000\000\000\000\000\000\000\000\000\000\000\000\000\000\000\000\000\000\000\000\000\000\000\000\000\223\225%\355<\272\224G\353\342\372`\347y\035\350\327f\0315\316\276\350\200\206\340Kt\310\237\345Q/\351\252\335/\351\252\336\n\000""; }; nodes {;   nodedata: ""\323C\344\327\264{\312-\017:\006{\177\344N\002\326bO\260\220\006\033\362\345\005U\221DzJ0\001\301\025%1L\307\t\261\262z\374\222T\301\274V\236\223\262\270Ct\362\337b\356\024*\324\320\351\317\002k\336\234\027v\351\217\260\303\360\233ZPZWr\246$w\313\313\r\243r\232\2234\373\3539:N\004Q\245\272D\312D\300\300\t\323\0257\345e\271\na\215{\226\255x%T\257\037\333\004\344_/R\006E\344\037@\210\363\010\336T\226\247'\204_{\261\370""1\235\2445\343\033Y!\212\201\341\272\225'\007d\304\000\337\005\010E\225\313\353=\201\277\177j\342$\010j\030\304q\331[\344H\367a\263\210u\361\013\003""; }; requestCookie: 3; ","ledgerHash: ""\231>\331\263H\214\324\030A\225\301o\346pkSF\004\241\213w9\223=\250\262*+\255\351r\265""; ledgerSeq: 15; type: liBASE; nodes {;   nodedata: ""\000\000\000\017\001cEx]\211\377\330c\273\016\301\024\363\242\247\263\231\370\344\nBW\220K\316@3\243\200\036wk\253GSlU\010\360\000\000\000\000\000\000\000\000\000\000\000\000\000\000\000\000\000\000\000\000\000\000\000\000\000\000\000\000\000\000\000\000\223\225%\355<\272\224G\353\342\372`\347y\035\350\327f\0315\316\276\350\200\206\340Kt\310\237\345Q/\351\252\335/\351\252\336\n\000""; }; nodes {;   nodedata: ""\323C\344\327\264{\312-\017:\006{\177\344N\002\326bO\260\220\006\033\362\345\005U\221DzJ0\001\301\025%1L\307\t\261\262z\374\222T\301\274V\236\223\262\270Ct\362\337b\356\024*\324\320\351\317\002k\336\234\027v\351\217\260\303\360\233ZPZWr\246$w\313\313\r\243r\232\2234\373\3539:N\004Q\245\272D\312D\300\300\t\323\0257\345e\271\na\215{\226\255x%T\257\037\333\004\344_/R\006E\344\037@\210\363\010\336T\226\247'\204_{\261\370""1\235\2445\343\033Y!\212\201\341\272\225'\007d\304\000\337\005\010E\225\313\353=\201\277\177j\342$\010j\030\304q\331[\344H\367a\263\210u\361\013\003""; }; requestCookie: 3; "
1750527585481,1750527585481,0,1,3,4,TMLedgerData,"ledgerHash: ""\231>\331\263H\214\324\030A\225\301o\346pkSF\004\241\213w9\223=\250\262*+\255\351r\265""; ledgerSeq: 15; type: liBASE; nodes {;   nodedata: ""\000\000\000\017\001cEx]\211\377\330c\273\016\301\024\363\242\247\263\231\370\344\nBW\220K\316@3\243\200\036wk\253GSlU\010\360\000\000\000\000\000\000\000\000\000\000\000\000\000\000\000\000\000\000\000\000\000\000\000\000\000\000\000\000\000\000\000\000\223\225%\355<\272\224G\353\342\372`\347y\035\350\327f\0315\316\276\350\200\206\340Kt\310\237\345Q/\351\252\335/\351\252\336\n\000""; }; nodes {;   nodedata: ""\323C\344\327\264{\312-\017:\006{\177\344N\002\326bO\260\220\006\033\362\345\005U\221DzJ0\001\301\025%1L\307\t\261\262z\374\222T\301\274V\236\223\262\270Ct\362\337b\356\024*\324\320\351\317\002k\336\234\027v\351\217\260\303\360\233ZPZWr\246$w\313\313\r\243r\232\2234\373\3539:N\004Q\245\272D\312D\300\300\t\323\0257\345e\271\na\215{\226\255x%T\257\037\333\004\344_/R\006E\344\037@\210\363\010\336T\226\247'\204_{\261\370""1\235\2445\343\033Y!\212\201\341\272\225'\007d\304\000\337\005\010E\225\313\353=\201\277\177j\342$\010j\030\304q\331[\344H\367a\263\210u\361\013\003""; }; requestCookie: 1; ","ledgerHash: ""\231>\331\263H\214\324\030A\225\301o\346pkSF\004\241\213w9\223=\250\262*+\255\351r\265""; ledgerSeq: 15; type: liBASE; nodes {;   nodedata: ""\000\000\000\017\001cEx]\211\377\330c\273\016\301\024\363\242\247\263\231\370\344\nBW\220K\316@3\243\200\036wk\253GSlU\010\360\000\000\000\000\000\000\000\000\000\000\000\000\000\000\000\000\000\000\000\000\000\000\000\000\000\000\000\000\000\000\000\000\223\225%\355<\272\224G\353\342\372`\347y\035\350\327f\0315\316\276\350\200\206\340Kt\310\237\345Q/\351\252\335/\351\252\336\n\000""; }; nodes {;   nodedata: ""\323C\344\327\264{\312-\017:\006{\177\344N\002\326bO\260\220\006\033\362\345\005U\221DzJ0\001\301\025%1L\307\t\261\262z\374\222T\301\274V\236\223\262\270Ct\362\337b\356\024*\324\320\351\317\002k\336\234\027v\351\217\260\303\360\233ZPZWr\246$w\313\313\r\243r\232\2234\373\3539:N\004Q\245\272D\312D\300\300\t\323\0257\345e\271\na\215{\226\255x%T\257\037\333\004\344_/R\006E\344\037@\210\363\010\336T\226\247'\204_{\261\370""1\235\2445\343\033Y!\212\201\341\272\225'\007d\304\000\337\005\010E\225\313\353=\201\277\177j\342$\010j\030\304q\331[\344H\367a\263\210u\361\013\003""; }; requestCookie: 1; "
1750527585481,1750527585481,0,1,2,4,TMLedgerData,"ledgerHash: ""\231>\331\263H\214\324\030A\225\301o\346pkSF\004\241\213w9\223=\250\262*+\255\351r\265""; ledgerSeq: 15; type: liBASE; nodes {;   nodedata: ""\000\000\000\017\001cEx]\211\377\330c\273\016\301\024\363\242\247\263\231\370\344\nBW\220K\316@3\243\200\036wk\253GSlU\010\360\000\000\000\000\000\000\000\000\000\000\000\000\000\000\000\000\000\000\000\000\000\000\000\000\000\000\000\000\000\000\000\000\223\225%\355<\272\224G\353\342\372`\347y\035\350\327f\0315\316\276\350\200\206\340Kt\310\237\345Q/\351\252\335/\351\252\336\n\000""; }; nodes {;   nodedata: ""\323C\344\327\264{\312-\017:\006{\177\344N\002\326bO\260\220\006\033\362\345\005U\221DzJ0\001\301\025%1L\307\t\261\262z\374\222T\301\274V\236\223\262\270Ct\362\337b\356\024*\324\320\351\317\002k\336\234\027v\351\217\260\303\360\233ZPZWr\246$w\313\313\r\243r\232\2234\373\3539:N\004Q\245\272D\312D\300\300\t\323\0257\345e\271\na\215{\226\255x%T\257\037\333\004\344_/R\006E\344\037@\210\363\010\336T\226\247'\204_{\261\370""1\235\2445\343\033Y!\212\201\341\272\225'\007d\304\000\337\005\010E\225\313\353=\201\277\177j\342$\010j\030\304q\331[\344H\367a\263\210u\361\013\003""; }; ","ledgerHash: ""\231>\331\263H\214\324\030A\225\301o\346pkSF\004\241\213w9\223=\250\262*+\255\351r\265""; ledgerSeq: 15; type: liBASE; nodes {;   nodedata: ""\000\000\000\017\001cEx]\211\377\330c\273\016\301\024\363\242\247\263\231\370\344\nBW\220K\316@3\243\200\036wk\253GSlU\010\360\000\000\000\000\000\000\000\000\000\000\000\000\000\000\000\000\000\000\000\000\000\000\000\000\000\000\000\000\000\000\000\000\223\225%\355<\272\224G\353\342\372`\347y\035\350\327f\0315\316\276\350\200\206\340Kt\310\237\345Q/\351\252\335/\351\252\336\n\000""; }; nodes {;   nodedata: ""\323C\344\327\264{\312-\017:\006{\177\344N\002\326bO\260\220\006\033\362\345\005U\221DzJ0\001\301\025%1L\307\t\261\262z\374\222T\301\274V\236\223\262\270Ct\362\337b\356\024*\324\320\351\317\002k\336\234\027v\351\217\260\303\360\233ZPZWr\246$w\313\313\r\243r\232\2234\373\3539:N\004Q\245\272D\312D\300\300\t\323\0257\345e\271\na\215{\226\255x%T\257\037\333\004\344_/R\006E\344\037@\210\363\010\336T\226\247'\204_{\261\370""1\235\2445\343\033Y!\212\201\341\272\225'\007d\304\000\337\005\010E\225\313\353=\201\277\177j\342$\010j\030\304q\331[\344H\367a\263\210u\361\013\003""; }; "
1750527585482,1750527585482,0,1,3,4,TMLedgerData,"ledgerHash: ""\231>\331\263H\214\324\030A\225\301o\346pkSF\004\241\213w9\223=\250\262*+\255\351r\265""; ledgerSeq: 15; type: liBASE; nodes {;   nodedata: ""\000\000\000\017\001cEx]\211\377\330c\273\016\301\024\363\242\247\263\231\370\344\nBW\220K\316@3\243\200\036wk\253GSlU\010\360\000\000\000\000\000\000\000\000\000\000\000\000\000\000\000\000\000\000\000\000\000\000\000\000\000\000\000\000\000\000\000\000\223\225%\355<\272\224G\353\342\372`\347y\035\350\327f\0315\316\276\350\200\206\340Kt\310\237\345Q/\351\252\335/\351\252\336\n\000""; }; nodes {;   nodedata: ""\323C\344\327\264{\312-\017:\006{\177\344N\002\326bO\260\220\006\033\362\345\005U\221DzJ0\001\301\025%1L\307\t\261\262z\374\222T\301\274V\236\223\262\270Ct\362\337b\356\024*\324\320\351\317\002k\336\234\027v\351\217\260\303\360\233ZPZWr\246$w\313\313\r\243r\232\2234\373\3539:N\004Q\245\272D\312D\300\300\t\323\0257\345e\271\na\215{\226\255x%T\257\037\333\004\344_/R\006E\344\037@\210\363\010\336T\226\247'\204_{\261\370""1\235\2445\343\033Y!\212\201\341\272\225'\007d\304\000\337\005\010E\225\313\353=\201\277\177j\342$\010j\030\304q\331[\344H\367a\263\210u\361\013\003""; }; requestCookie: 2; ","ledgerHash: ""\231>\331\263H\214\324\030A\225\301o\346pkSF\004\241\213w9\223=\250\262*+\255\351r\265""; ledgerSeq: 15; type: liBASE; nodes {;   nodedata: ""\000\000\000\017\001cEx]\211\377\330c\273\016\301\024\363\242\247\263\231\370\344\nBW\220K\316@3\243\200\036wk\253GSlU\010\360\000\000\000\000\000\000\000\000\000\000\000\000\000\000\000\000\000\000\000\000\000\000\000\000\000\000\000\000\000\000\000\000\223\225%\355<\272\224G\353\342\372`\347y\035\350\327f\0315\316\276\350\200\206\340Kt\310\237\345Q/\351\252\335/\351\252\336\n\000""; }; nodes {;   nodedata: ""\323C\344\327\264{\312-\017:\006{\177\344N\002\326bO\260\220\006\033\362\345\005U\221DzJ0\001\301\025%1L\307\t\261\262z\374\222T\301\274V\236\223\262\270Ct\362\337b\356\024*\324\320\351\317\002k\336\234\027v\351\217\260\303\360\233ZPZWr\246$w\313\313\r\243r\232\2234\373\3539:N\004Q\245\272D\312D\300\300\t\323\0257\345e\271\na\215{\226\255x%T\257\037\333\004\344_/R\006E\344\037@\210\363\010\336T\226\247'\204_{\261\370""1\235\2445\343\033Y!\212\201\341\272\225'\007d\304\000\337\005\010E\225\313\353=\201\277\177j\342$\010j\030\304q\331[\344H\367a\263\210u\361\013\003""; }; requestCookie: 2; "
1750527585483,1750527585483,0,1,0,2,TMLedgerData,"ledgerHash: ""\231>\331\263H\214\324\030A\225\301o\346pkSF\004\241\213w9\223=\250\262*+\255\351r\265""; ledgerSeq: 15; type: liBASE; nodes {;   nodedata: ""\000\000\000\017\001cEx]\211\377\330c\273\016\301\024\363\242\247\263\231\370\344\nBW\220K\316@3\243\200\036wk\253GSlU\010\360\000\000\000\000\000\000\000\000\000\000\000\000\000\000\000\000\000\000\000\000\000\000\000\000\000\000\000\000\000\000\000\000\223\225%\355<\272\224G\353\342\372`\347y\035\350\327f\0315\316\276\350\200\206\340Kt\310\237\345Q/\351\252\335/\351\252\336\n\000""; }; nodes {;   nodedata: ""\323C\344\327\264{\312-\017:\006{\177\344N\002\326bO\260\220\006\033\362\345\005U\221DzJ0\001\301\025%1L\307\t\261\262z\374\222T\301\274V\236\223\262\270Ct\362\337b\356\024*\324\320\351\317\002k\336\234\027v\351\217\260\303\360\233ZPZWr\246$w\313\313\r\243r\232\2234\373\3539:N\004Q\245\272D\312D\300\300\t\323\0257\345e\271\na\215{\226\255x%T\257\037\333\004\344_/R\006E\344\037@\210\363\010\336T\226\247'\204_{\261\370""1\235\2445\343\033Y!\212\201\341\272\225'\007d\304\000\337\005\010E\225\313\353=\201\277\177j\342$\010j\030\304q\331[\344H\367a\263\210u\361\013\003""; }; ","ledgerHash: ""\231>\331\263H\214\324\030A\225\301o\346pkSF\004\241\213w9\223=\250\262*+\255\351r\265""; ledgerSeq: 15; type: liBASE; nodes {;   nodedata: ""\000\000\000\017\001cEx]\211\377\330c\273\016\301\024\363\242\247\263\231\370\344\nBW\220K\316@3\243\200\036wk\253GSlU\010\360\000\000\000\000\000\000\000\000\000\000\000\000\000\000\000\000\000\000\000\000\000\000\000\000\000\000\000\000\000\000\000\000\223\225%\355<\272\224G\353\342\372`\347y\035\350\327f\0315\316\276\350\200\206\340Kt\310\237\345Q/\351\252\335/\351\252\336\n\000""; }; nodes {;   nodedata: ""\323C\344\327\264{\312-\017:\006{\177\344N\002\326bO\260\220\006\033\362\345\005U\221DzJ0\001\301\025%1L\307\t\261\262z\374\222T\301\274V\236\223\262\270Ct\362\337b\356\024*\324\320\351\317\002k\336\234\027v\351\217\260\303\360\233ZPZWr\246$w\313\313\r\243r\232\2234\373\3539:N\004Q\245\272D\312D\300\300\t\323\0257\345e\271\na\215{\226\255x%T\257\037\333\004\344_/R\006E\344\037@\210\363\010\336T\226\247'\204_{\261\370""1\235\2445\343\033Y!\212\201\341\272\225'\007d\304\000\337\005\010E\225\313\353=\201\277\177j\342$\010j\030\304q\331[\344H\367a\263\210u\361\013\003""; }; "
1750527585484,1750527585484,0,1,3,0,TMLedgerData,"ledgerHash: ""\231>\331\263H\214\324\030A\225\301o\346pkSF\004\241\213w9\223=\250\262*+\255\351r\265""; ledgerSeq: 15; type: liBASE; nodes {;   nodedata: ""\000\000\000\017\001cEx]\211\377\330c\273\016\301\024\363\242\247\263\231\370\344\nBW\220K\316@3\243\200\036wk\253GSlU\010\360\000\000\000\000\000\000\000\000\000\000\000\000\000\000\000\000\000\000\000\000\000\000\000\000\000\000\000\000\000\000\000\000\223\225%\355<\272\224G\353\342\372`\347y\035\350\327f\0315\316\276\350\200\206\340Kt\310\237\345Q/\351\252\335/\351\252\336\n\000""; }; nodes {;   nodedata: ""\323C\344\327\264{\312-\017:\006{\177\344N\002\326bO\260\220\006\033\362\345\005U\221DzJ0\001\301\025%1L\307\t\261\262z\374\222T\301\274V\236\223\262\270Ct\362\337b\356\024*\324\320\351\317\002k\336\234\027v\351\217\260\303\360\233ZPZWr\246$w\313\313\r\243r\232\2234\373\3539:N\004Q\245\272D\312D\300\300\t\323\0257\345e\271\na\215{\226\255x%T\257\037\333\004\344_/R\006E\344\037@\210\363\010\336T\226\247'\204_{\261\370""1\235\2445\343\033Y!\212\201\341\272\225'\007d\304\000\337\005\010E\225\313\353=\201\277\177j\342$\010j\030\304q\331[\344H\367a\263\210u\361\013\003""; }; requestCookie: 5; ","ledgerHash: ""\231>\331\263H\214\324\030A\225\301o\346pkSF\004\241\213w9\223=\250\262*+\255\351r\265""; ledgerSeq: 15; type: liBASE; nodes {;   nodedata: ""\000\000\000\017\001cEx]\211\377\330c\273\016\301\024\363\242\247\263\231\370\344\nBW\220K\316@3\243\200\036wk\253GSlU\010\360\000\000\000\000\000\000\000\000\000\000\000\000\000\000\000\000\000\000\000\000\000\000\000\000\000\000\000\000\000\000\000\000\223\225%\355<\272\224G\353\342\372`\347y\035\350\327f\0315\316\276\350\200\206\340Kt\310\237\345Q/\351\252\335/\351\252\336\n\000""; }; nodes {;   nodedata: ""\323C\344\327\264{\312-\017:\006{\177\344N\002\326bO\260\220\006\033\362\345\005U\221DzJ0\001\301\025%1L\307\t\261\262z\374\222T\301\274V\236\223\262\270Ct\362\337b\356\024*\324\320\351\317\002k\336\234\027v\351\217\260\303\360\233ZPZWr\246$w\313\313\r\243r\232\2234\373\3539:N\004Q\245\272D\312D\300\300\t\323\0257\345e\271\na\215{\226\255x%T\257\037\333\004\344_/R\006E\344\037@\210\363\010\336T\226\247'\204_{\261\370""1\235\2445\343\033Y!\212\201\341\272\225'\007d\304\000\337\005\010E\225\313\353=\201\277\177j\342$\010j\030\304q\331[\344H\367a\263\210u\361\013\003""; }; requestCookie: 5; "
1750527585484,1750527585484,0,1,3,0,TMLedgerData,"ledgerHash: ""\231>\331\263H\214\324\030A\225\301o\346pkSF\004\241\213w9\223=\250\262*+\255\351r\265""; ledgerSeq: 15; type: liBASE; nodes {;   nodedata: ""\000\000\000\017\001cEx]\211\377\330c\273\016\301\024\363\242\247\263\231\370\344\nBW\220K\316@3\243\200\036wk\253GSlU\010\360\000\000\000\000\000\000\000\000\000\000\000\000\000\000\000\000\000\000\000\000\000\000\000\000\000\000\000\000\000\000\000\000\223\225%\355<\272\224G\353\342\372`\347y\035\350\327f\0315\316\276\350\200\206\340Kt\310\237\345Q/\351\252\335/\351\252\336\n\000""; }; nodes {;   nodedata: ""\323C\344\327\264{\312-\017:\006{\177\344N\002\326bO\260\220\006\033\362\345\005U\221DzJ0\001\301\025%1L\307\t\261\262z\374\222T\301\274V\236\223\262\270Ct\362\337b\356\024*\324\320\351\317\002k\336\234\027v\351\217\260\303\360\233ZPZWr\246$w\313\313\r\243r\232\2234\373\3539:N\004Q\245\272D\312D\300\300\t\323\0257\345e\271\na\215{\226\255x%T\257\037\333\004\344_/R\006E\344\037@\210\363\010\336T\226\247'\204_{\261\370""1\235\2445\343\033Y!\212\201\341\272\225'\007d\304\000\337\005\010E\225\313\353=\201\277\177j\342$\010j\030\304q\331[\344H\367a\263\210u\361\013\003""; }; requestCookie: 2; ","ledgerHash: ""\231>\331\263H\214\324\030A\225\301o\346pkSF\004\241\213w9\223=\250\262*+\255\351r\265""; ledgerSeq: 15; type: liBASE; nodes {;   nodedata: ""\000\000\000\017\001cEx]\211\377\330c\273\016\301\024\363\242\247\263\231\370\344\nBW\220K\316@3\243\200\036wk\253GSlU\010\360\000\000\000\000\000\000\000\000\000\000\000\000\000\000\000\000\000\000\000\000\000\000\000\000\000\000\000\000\000\000\000\000\223\225%\355<\272\224G\353\342\372`\347y\035\350\327f\0315\316\276\350\200\206\340Kt\310\237\345Q/\351\252\335/\351\252\336\n\000""; }; nodes {;   nodedata: ""\323C\344\327\264{\312-\017:\006{\177\344N\002\326bO\260\220\006\033\362\345\005U\221DzJ0\001\301\025%1L\307\t\261\262z\374\222T\301\274V\236\223\262\270Ct\362\337b\356\024*\324\320\351\317\002k\336\234\027v\351\217\260\303\360\233ZPZWr\246$w\313\313\r\243r\232\2234\373\3539:N\004Q\245\272D\312D\300\300\t\323\0257\345e\271\na\215{\226\255x%T\257\037\333\004\344_/R\006E\344\037@\210\363\010\336T\226\247'\204_{\261\370""1\235\2445\343\033Y!\212\201\341\272\225'\007d\304\000\337\005\010E\225\313\353=\201\277\177j\342$\010j\030\304q\331[\344H\367a\263\210u\361\013\003""; }; requestCookie: 2; "
1750527585484,1750527585484,0,1,4,2,TMLedgerData,"ledgerHash: ""\231>\331\263H\214\324\030A\225\301o\346pkSF\004\241\213w9\223=\250\262*+\255\351r\265""; ledgerSeq: 15; type: liBASE; nodes {;   nodedata: ""\000\000\000\017\001cEx]\211\377\330c\273\016\301\024\363\242\247\263\231\370\344\nBW\220K\316@3\243\200\036wk\253GSlU\010\360\000\000\000\000\000\000\000\000\000\000\000\000\000\000\000\000\000\000\000\000\000\000\000\000\000\000\000\000\000\000\000\000\223\225%\355<\272\224G\353\342\372`\347y\035\350\327f\0315\316\276\350\200\206\340Kt\310\237\345Q/\351\252\335/\351\252\336\n\000""; }; nodes {;   nodedata: ""\323C\344\327\264{\312-\017:\006{\177\344N\002\326bO\260\220\006\033\362\345\005U\221DzJ0\001\301\025%1L\307\t\261\262z\374\222T\301\274V\236\223\262\270Ct\362\337b\356\024*\324\320\351\317\002k\336\234\027v\351\217\260\303\360\233ZPZWr\246$w\313\313\r\243r\232\2234\373\3539:N\004Q\245\272D\312D\300\300\t\323\0257\345e\271\na\215{\226\255x%T\257\037\333\004\344_/R\006E\344\037@\210\363\010\336T\226\247'\204_{\261\370""1\235\2445\343\033Y!\212\201\341\272\225'\007d\304\000\337\005\010E\225\313\353=\201\277\177j\342$\010j\030\304q\331[\344H\367a\263\210u\361\013\003""; }; ","ledgerHash: ""\231>\331\263H\214\324\030A\225\301o\346pkSF\004\241\213w9\223=\250\262*+\255\351r\265""; ledgerSeq: 15; type: liBASE; nodes {;   nodedata: ""\000\000\000\017\001cEx]\211\377\330c\273\016\301\024\363\242\247\263\231\370\344\nBW\220K\316@3\243\200\036wk\253GSlU\010\360\000\000\000\000\000\000\000\000\000\000\000\000\000\000\000\000\000\000\000\000\000\000\000\000\000\000\000\000\000\000\000\000\223\225%\355<\272\224G\353\342\372`\347y\035\350\327f\0315\316\276\350\200\206\340Kt\310\237\345Q/\351\252\335/\351\252\336\n\000""; }; nodes {;   nodedata: ""\323C\344\327\264{\312-\017:\006{\177\344N\002\326bO\260\220\006\033\362\345\005U\221DzJ0\001\301\025%1L\307\t\261\262z\374\222T\301\274V\236\223\262\270Ct\362\337b\356\024*\324\320\351\317\002k\336\234\027v\351\217\260\303\360\233ZPZWr\246$w\313\313\r\243r\232\2234\373\3539:N\004Q\245\272D\312D\300\300\t\323\0257\345e\271\na\215{\226\255x%T\257\037\333\004\344_/R\006E\344\037@\210\363\010\336T\226\247'\204_{\261\370""1\235\2445\343\033Y!\212\201\341\272\225'\007d\304\000\337\005\010E\225\313\353=\201\277\177j\342$\010j\030\304q\331[\344H\367a\263\210u\361\013\003""; }; "
1750527585485,1750527585485,0,1,2,0,TMLedgerData,"ledgerHash: ""\231>\331\263H\214\324\030A\225\301o\346pkSF\004\241\213w9\223=\250\262*+\255\351r\265""; ledgerSeq: 15; type: liBASE; nodes {;   nodedata: ""\000\000\000\017\001cEx]\211\377\330c\273\016\301\024\363\242\247\263\231\370\344\nBW\220K\316@3\243\200\036wk\253GSlU\010\360\000\000\000\000\000\000\000\000\000\000\000\000\000\000\000\000\000\000\000\000\000\000\000\000\000\000\000\000\000\000\000\000\223\225%\355<\272\224G\353\342\372`\347y\035\350\327f\0315\316\276\350\200\206\340Kt\310\237\345Q/\351\252\335/\351\252\336\n\000""; }; nodes {;   nodedata: ""\323C\344\327\264{\312-\017:\006{\177\344N\002\326bO\260\220\006\033\362\345\005U\221DzJ0\001\301\025%1L\307\t\261\262z\374\222T\301\274V\236\223\262\270Ct\362\337b\356\024*\324\320\351\317\002k\336\234\027v\351\217\260\303\360\233ZPZWr\246$w\313\313\r\243r\232\2234\373\3539:N\004Q\245\272D\312D\300\300\t\323\0257\345e\271\na\215{\226\255x%T\257\037\333\004\344_/R\006E\344\037@\210\363\010\336T\226\247'\204_{\261\370""1\235\2445\343\033Y!\212\201\341\272\225'\007d\304\000\337\005\010E\225\313\353=\201\277\177j\342$\010j\030\304q\331[\344H\367a\263\210u\361\013\003""; }; ","ledgerHash: ""\231>\331\263H\214\324\030A\225\301o\346pkSF\004\241\213w9\223=\250\262*+\255\351r\265""; ledgerSeq: 15; type: liBASE; nodes {;   nodedata: ""\000\000\000\017\001cEx]\211\377\330c\273\016\301\024\363\242\247\263\231\370\344\nBW\220K\316@3\243\200\036wk\253GSlU\010\360\000\000\000\000\000\000\000\000\000\000\000\000\000\000\000\000\000\000\000\000\000\000\000\000\000\000\000\000\000\000\000\000\223\225%\355<\272\224G\353\342\372`\347y\035\350\327f\0315\316\276\350\200\206\340Kt\310\237\345Q/\351\252\335/\351\252\336\n\000""; }; nodes {;   nodedata: ""\323C\344\327\264{\312-\017:\006{\177\344N\002\326bO\260\220\006\033\362\345\005U\221DzJ0\001\301\025%1L\307\t\261\262z\374\222T\301\274V\236\223\262\270Ct\362\337b\356\024*\324\320\351\317\002k\336\234\027v\351\217\260\303\360\233ZPZWr\246$w\313\313\r\243r\232\2234\373\3539:N\004Q\245\272D\312D\300\300\t\323\0257\345e\271\na\215{\226\255x%T\257\037\333\004\344_/R\006E\344\037@\210\363\010\336T\226\247'\204_{\261\370""1\235\2445\343\033Y!\212\201\341\272\225'\007d\304\000\337\005\010E\225\313\353=\201\277\177j\342$\010j\030\304q\331[\344H\367a\263\210u\361\013\003""; }; "
1750527585486,1750527585486,0,1,3,1,TMLedgerData,"ledgerHash: ""\231>\331\263H\214\324\030A\225\301o\346pkSF\004\241\213w9\223=\250\262*+\255\351r\265""; ledgerSeq: 15; type: liBASE; nodes {;   nodedata: ""\000\000\000\017\001cEx]\211\377\330c\273\016\301\024\363\242\247\263\231\370\344\nBW\220K\316@3\243\200\036wk\253GSlU\010\360\000\000\000\000\000\000\000\000\000\000\000\000\000\000\000\000\000\000\000\000\000\000\000\000\000\000\000\000\000\000\000\000\223\225%\355<\272\224G\353\342\372`\347y\035\350\327f\0315\316\276\350\200\206\340Kt\310\237\345Q/\351\252\335/\351\252\336\n\000""; }; nodes {;   nodedata: ""\323C\344\327\264{\312-\017:\006{\177\344N\002\326bO\260\220\006\033\362\345\005U\221DzJ0\001\301\025%1L\307\t\261\262z\374\222T\301\274V\236\223\262\270Ct\362\337b\356\024*\324\320\351\317\002k\336\234\027v\351\217\260\303\360\233ZPZWr\246$w\313\313\r\243r\232\2234\373\3539:N\004Q\245\272D\312D\300\300\t\323\0257\345e\271\na\215{\226\255x%T\257\037\333\004\344_/R\006E\344\037@\210\363\010\336T\226\247'\204_{\261\370""1\235\2445\343\033Y!\212\201\341\272\225'\007d\304\000\337\005\010E\225\313\353=\201\277\177j\342$\010j\030\304q\331[\344H\367a\263\210u\361\013\003""; }; requestCookie: 3; ","ledgerHash: ""\231>\331\263H\214\324\030A\225\301o\346pkSF\004\241\213w9\223=\250\262*+\255\351r\265""; ledgerSeq: 15; type: liBASE; nodes {;   nodedata: ""\000\000\000\017\001cEx]\211\377\330c\273\016\301\024\363\242\247\263\231\370\344\nBW\220K\316@3\243\200\036wk\253GSlU\010\360\000\000\000\000\000\000\000\000\000\000\000\000\000\000\000\000\000\000\000\000\000\000\000\000\000\000\000\000\000\000\000\000\223\225%\355<\272\224G\353\342\372`\347y\035\350\327f\0315\316\276\350\200\206\340Kt\310\237\345Q/\351\252\335/\351\252\336\n\000""; }; nodes {;   nodedata: ""\323C\344\327\264{\312-\017:\006{\177\344N\002\326bO\260\220\006\033\362\345\005U\221DzJ0\001\301\025%1L\307\t\261\262z\374\222T\301\274V\236\223\262\270Ct\362\337b\356\024*\324\320\351\317\002k\336\234\027v\351\217\260\303\360\233ZPZWr\246$w\313\313\r\243r\232\2234\373\3539:N\004Q\245\272D\312D\300\300\t\323\0257\345e\271\na\215{\226\255x%T\257\037\333\004\344_/R\006E\344\037@\210\363\010\336T\226\247'\204_{\261\370""1\235\2445\343\033Y!\212\201\341\272\225'\007d\304\000\337\005\010E\225\313\353=\201\277\177j\342$\010j\030\304q\331[\344H\367a\263\210u\361\013\003""; }; requestCookie: 3; "
1750527585486,1750527585487,0,1,3,1,TMLedgerData,"ledgerHash: ""\231>\331\263H\214\324\030A\225\301o\346pkSF\004\241\213w9\223=\250\262*+\255\351r\265""; ledgerSeq: 15; type: liBASE; nodes {;   nodedata: ""\000\000\000\017\001cEx]\211\377\330c\273\016\301\024\363\242\247\263\231\370\344\nBW\220K\316@3\243\200\036wk\253GSlU\010\360\000\000\000\000\000\000\000\000\000\000\000\000\000\000\000\000\000\000\000\000\000\000\000\000\000\000\000\000\000\000\000\000\223\225%\355<\272\224G\353\342\372`\347y\035\350\327f\0315\316\276\350\200\206\340Kt\310\237\345Q/\351\252\335/\351\252\336\n\000""; }; nodes {;   nodedata: ""\323C\344\327\264{\312-\017:\006{\177\344N\002\326bO\260\220\006\033\362\345\005U\221DzJ0\001\301\025%1L\307\t\261\262z\374\222T\301\274V\236\223\262\270Ct\362\337b\356\024*\324\320\351\317\002k\336\234\027v\351\217\260\303\360\233ZPZWr\246$w\313\313\r\243r\232\2234\373\3539:N\004Q\245\272D\312D\300\300\t\323\0257\345e\271\na\215{\226\255x%T\257\037\333\004\344_/R\006E\344\037@\210\363\010\336T\226\247'\204_{\261\370""1\235\2445\343\033Y!\212\201\341\272\225'\007d\304\000\337\005\010E\225\313\353=\201\277\177j\342$\010j\030\304q\331[\344H\367a\263\210u\361\013\003""; }; requestCookie: 2; ","ledgerHash: ""\231>\331\263H\214\324\030A\225\301o\346pkSF\004\241\213w9\223=\250\262*+\255\351r\265""; ledgerSeq: 15; type: liBASE; nodes {;   nodedata: ""\000\000\000\017\001cEx]\211\377\330c\273\016\301\024\363\242\247\263\231\370\344\nBW\220K\316@3\243\200\036wk\253GSlU\010\360\000\000\000\000\000\000\000\000\000\000\000\000\000\000\000\000\000\000\000\000\000\000\000\000\000\000\000\000\000\000\000\000\223\225%\355<\272\224G\353\342\372`\347y\035\350\327f\0315\316\276\350\200\206\340Kt\310\237\345Q/\351\252\335/\351\252\336\n\000""; }; nodes {;   nodedata: ""\323C\344\327\264{\312-\017:\006{\177\344N\002\326bO\260\220\006\033\362\345\005U\221DzJ0\001\301\025%1L\307\t\261\262z\374\222T\301\274V\236\223\262\270Ct\362\337b\356\024*\324\320\351\317\002k\336\234\027v\351\217\260\303\360\233ZPZWr\246$w\313\313\r\243r\232\2234\373\3539:N\004Q\245\272D\312D\300\300\t\323\0257\345e\271\na\215{\226\255x%T\257\037\333\004\344_/R\006E\344\037@\210\363\010\336T\226\247'\204_{\261\370""1\235\2445\343\033Y!\212\201\341\272\225'\007d\304\000\337\005\010E\225\313\353=\201\277\177j\342$\010j\030\304q\331[\344H\367a\263\210u\361\013\003""; }; requestCookie: 2; "
1750527585487,1750527585487,0,1,3,1,TMLedgerData,"ledgerHash: ""\231>\331\263H\214\324\030A\225\301o\346pkSF\004\241\213w9\223=\250\262*+\255\351r\265""; ledgerSeq: 15; type: liBASE; nodes {;   nodedata: ""\000\000\000\017\001cEx]\211\377\330c\273\016\301\024\363\242\247\263\231\370\344\nBW\220K\316@3\243\200\036wk\253GSlU\010\360\000\000\000\000\000\000\000\000\000\000\000\000\000\000\000\000\000\000\000\000\000\000\000\000\000\000\000\000\000\000\000\000\223\225%\355<\272\224G\353\342\372`\347y\035\350\327f\0315\316\276\350\200\206\340Kt\310\237\345Q/\351\252\335/\351\252\336\n\000""; }; nodes {;   nodedata: ""\323C\344\327\264{\312-\017:\006{\177\344N\002\326bO\260\220\006\033\362\345\005U\221DzJ0\001\301\025%1L\307\t\261\262z\374\222T\301\274V\236\223\262\270Ct\362\337b\356\024*\324\320\351\317\002k\336\234\027v\351\217\260\303\360\233ZPZWr\246$w\313\313\r\243r\232\2234\373\3539:N\004Q\245\272D\312D\300\300\t\323\0257\345e\271\na\215{\226\255x%T\257\037\333\004\344_/R\006E\344\037@\210\363\010\336T\226\247'\204_{\261\370""1\235\2445\343\033Y!\212\201\341\272\225'\007d\304\000\337\005\010E\225\313\353=\201\277\177j\342$\010j\030\304q\331[\344H\367a\263\210u\361\013\003""; }; requestCookie: 5; ","ledgerHash: ""\231>\331\263H\214\324\030A\225\301o\346pkSF\004\241\213w9\223=\250\262*+\255\351r\265""; ledgerSeq: 15; type: liBASE; nodes {;   nodedata: ""\000\000\000\017\001cEx]\211\377\330c\273\016\301\024\363\242\247\263\231\370\344\nBW\220K\316@3\243\200\036wk\253GSlU\010\360\000\000\000\000\000\000\000\000\000\000\000\000\000\000\000\000\000\000\000\000\000\000\000\000\000\000\000\000\000\000\000\000\223\225%\355<\272\224G\353\342\372`\347y\035\350\327f\0315\316\276\350\200\206\340Kt\310\237\345Q/\351\252\335/\351\252\336\n\000""; }; nodes {;   nodedata: ""\323C\344\327\264{\312-\017:\006{\177\344N\002\326bO\260\220\006\033\362\345\005U\221DzJ0\001\301\025%1L\307\t\261\262z\374\222T\301\274V\236\223\262\270Ct\362\337b\356\024*\324\320\351\317\002k\336\234\027v\351\217\260\303\360\233ZPZWr\246$w\313\313\r\243r\232\2234\373\3539:N\004Q\245\272D\312D\300\300\t\323\0257\345e\271\na\215{\226\255x%T\257\037\333\004\344_/R\006E\344\037@\210\363\010\336T\226\247'\204_{\261\370""1\235\2445\343\033Y!\212\201\341\272\225'\007d\304\000\337\005\010E\225\313\353=\201\277\177j\342$\010j\030\304q\331[\344H\367a\263\210u\361\013\003""; }; requestCookie: 5; "
1750527585488,1750527585488,0,1,3,1,TMLedgerData,"ledgerHash: ""\231>\331\263H\214\324\030A\225\301o\346pkSF\004\241\213w9\223=\250\262*+\255\351r\265""; ledgerSeq: 15; type: liAS_NODE; nodes {;   nodedata: ""\021\000h""\000\000\000\000 \033\000\000\000\016\002\023\302\037\330\356GuH\375\327!\255\371\r\231\262R\256J\034\222\241\355X\265E\241^W\225\304\014\361CX-}\351f\032\255\274\334m\326c\017\014ao[\342\230\003\245\245\3341Hm\326^\017jy\335\261\032Yt\320\244{g\0306\\302\303*\341\215\223\257\364\277o\375\000r\241SOq\221\253\262\005\017\375T\356\014\360o'\030\311-\267\031\257!\031T\006><\315XM\334\324\345\034\000\325\367\240\271\013\265\024\321\362\354\211\250.\234s\225amc\305\035\366\276\037nD\277`\210\223N\3535\033\261\304f\331]\036\237\306o!\223\221\002\324\031\262\240R\177 ,\214\325\Q])\016\2067\277\t\354\010\000\360\215\2502\265\245\310\226\243c\302Ze\306\253#r\020\211\320iG\276\020E\317\035Sf\223F\254\033@\177e\277\016\010u\327\371&\262\312\317Q\2361t\377x\234\001v\003%\030\325_\225g\204\346a=\225\273\331\354\365*U\363\263N\367b\371\244\314-w\363\262\225Z\200\206\235\233\257?sE\2674\254\326mU\377?\177Ek\336\030!\316Aa\225\303\022\377{\210Y\226\271as\354L\035\004\341\361\035\301\024\220m#*\372\032\3178~\374\250\014*\323\342'z69\220\327\256\351G\367\317u\302\207\270b\315\333\333\334\310I\323&\014\352XZnW2.\335\347\202\021\247\362\212e\034\000\001\250\220\305;a\314\265R\310\017\317\331\235\360\262\240:\277\202\266\354\265X""\022\nh\252\352w\204\203\023]\001f\352\277\0031Q]\362\370R\350{\261\202\240\344\215\201\353\276\322p5p\350\354\017>\250r\241c\273\016\301\024\363\242\247\263\231\370\344\nBW\220K\316@3\243\200\036wk\253GSlU\010\360\264\227\2326\315\307\363\323\325\303\032N\256*\307\327 \235\332\207u\210\271\257\306g\231i*\260\326k\001"";   nodeid: ""\260\000\000\000\000\000\000\000\000\000\000\000\000\000\000\000\000\000\000\000\000\000\000\000\000\000\000\000\000\000\000\000\001""; }; ","ledgerHash: ""\231>\331\263H\214\324\030A\225\301o\346pkSF\004\241\213w9\223=\250\262*+\255\351r\265""; ledgerSeq: 15; type: liAS_NODE; nodes {;   nodedata: ""\021\000h""\000\000\000\000 \033\000\000\000\016\002\023\302\037\330\356GuH\375\327!\255\371\r\231\262R\256J\034\222\241\355X\265E\241^W\225\304\014\361CX-}\351f\032\255\274\334m\326c\017\014ao[\342\230\003\245\245\3341Hm\326^\017jy\335\261\032Yt\320\244{g\0306\\302\303*\341\215\223\257\364\277o\375\000r\241SOq\221\253\262\005\017\375T\356\014\360o'\030\311-\267\031\257!\031T\006><\315XM\334\324\345\034\000\325\367\240\271\013\265\024\321\362\354\211\250.\234s\225amc\305\035\366\276\037nD\277`\210\223N\3535\033\261\304f\331]\036\237\306o!\223\221\002\324\031\262\240R\177 ,\214\325\Q])\016\2067\277\t\354\010\000\360\215\2502\265\245\310\226\243c\302Ze\306\253#r\020\211\320iG\276\020E\317\035Sf\223F\254\033@\177e\277\016\010u\327\371&\262\312\317Q\2361t\377x\234\001v\003%\030\325_\225g\204\346a=\225\273\331\354\365*U\363\263N\367b\371\244\314-w\363\262\225Z\200\206\235\233\257?sE\2674\254\326mU\377?\177Ek\336\030!\316Aa\225\303\022\377{\210Y\226\271as\354L\035\004\341\361\035\301\024\220m#*\372\032\3178~\374\250\014*\323\342'z69\220\327\256\351G\367\317u\302\207\270b\315\333\333\334\310I\323&\014\352XZnW2.\335\347\202\021\247\362\212e\034\000\001\250\220\305;a\314\265R\310\017\317\331\235\360\262\240:\277\202\266\354\265X""\022\nh\252\352w\204\203\023]\001f\352\277\0031Q]\362\370R\350{\261\202\240\344\215\201\353\276\322p5p\350\354\017>\250r\241c\273\016\301\024\363\242\247\263\231\370\344\nBW\220K\316@3\243\200\036wk\253GSlU\010\360\264\227\2326\315\307\363\323\325\303\032N\256*\307\327 \235\332\207u\210\271\257\306g\231i*\260\326k\001"";   nodeid: ""\260\000\000\000\000\000\000\000\000\000\000\000\000\000\000\000\000\000\000\000\000\000\000\000\000\000\000\000\000\000\000\000\001""; }; "
1750527585488,1750527585488,0,1,2,1,TMLedgerData,"ledgerHash: ""\231>\331\263H\214\324\030A\225\301o\346pkSF\004\241\213w9\223=\250\262*+\255\351r\265""; ledgerSeq: 15; type: liBASE; nodes {;   nodedata: ""\000\000\000\017\001cEx]\211\377\330c\273\016\301\024\363\242\247\263\231\370\344\nBW\220K\316@3\243\200\036wk\253GSlU\010\360\000\000\000\000\000\000\000\000\000\000\000\000\000\000\000\000\000\000\000\000\000\000\000\000\000\000\000\000\000\000\000\000\223\225%\355<\272\224G\353\342\372`\347y\035\350\327f\0315\316\276\350\200\206\340Kt\310\237\345Q/\351\252\335/\351\252\336\n\000""; }; nodes {;   nodedata: ""\323C\344\327\264{\312-\017:\006{\177\344N\002\326bO\260\220\006\033\362\345\005U\221DzJ0\001\301\025%1L\307\t\261\262z\374\222T\301\274V\236\223\262\270Ct\362\337b\356\024*\324\320\351\317\002k\336\234\027v\351\217\260\303\360\233ZPZWr\246$w\313\313\r\243r\232\2234\373\3539:N\004Q\245\272D\312D\300\300\t\323\0257\345e\271\na\215{\226\255x%T\257\037\333\004\344_/R\006E\344\037@\210\363\010\336T\226\247'\204_{\261\370""1\235\2445\343\033Y!\212\201\341\272\225'\007d\304\000\337\005\010E\225\313\353=\201\277\177j\342$\010j\030\304q\331[\344H\367a\263\210u\361\013\003""; }; ","ledgerHash: ""\231>\331\263H\214\324\030A\225\301o\346pkSF\004\241\213w9\223=\250\262*+\255\351r\265""; ledgerSeq: 15; type: liBASE; nodes {;   nodedata: ""\000\000\000\017\001cEx]\211\377\330c\273\016\301\024\363\242\247\263\231\370\344\nBW\220K\316@3\243\200\036wk\253GSlU\010\360\000\000\000\000\000\000\000\000\000\000\000\000\000\000\000\000\000\000\000\000\000\000\000\000\000\000\000\000\000\000\000\000\223\225%\355<\272\224G\353\342\372`\347y\035\350\327f\0315\316\276\350\200\206\340Kt\310\237\345Q/\351\252\335/\351\252\336\n\000""; }; nodes {;   nodedata: ""\323C\344\327\264{\312-\017:\006{\177\344N\002\326bO\260\220\006\033\362\345\005U\221DzJ0\001\301\025%1L\307\t\261\262z\374\222T\301\274V\236\223\262\270Ct\362\337b\356\024*\324\320\351\317\002k\336\234\027v\351\217\260\303\360\233ZPZWr\246$w\313\313\r\243r\232\2234\373\3539:N\004Q\245\272D\312D\300\300\t\323\0257\345e\271\na\215{\226\255x%T\257\037\333\004\344_/R\006E\344\037@\210\363\010\336T\226\247'\204_{\261\370""1\235\2445\343\033Y!\212\201\341\272\225'\007d\304\000\337\005\010E\225\313\353=\201\277\177j\342$\010j\030\304q\331[\344H\367a\263\210u\361\013\003""; }; "
1750527585489,1750527585489,0,1,4,0,TMLedgerData,"ledgerHash: ""\231>\331\263H\214\324\030A\225\301o\346pkSF\004\241\213w9\223=\250\262*+\255\351r\265""; ledgerSeq: 15; type: liBASE; nodes {;   nodedata: ""\000\000\000\017\001cEx]\211\377\330c\273\016\301\024\363\242\247\263\231\370\344\nBW\220K\316@3\243\200\036wk\253GSlU\010\360\000\000\000\000\000\000\000\000\000\000\000\000\000\000\000\000\000\000\000\000\000\000\000\000\000\000\000\000\000\000\000\000\223\225%\355<\272\224G\353\342\372`\347y\035\350\327f\0315\316\276\350\200\206\340Kt\310\237\345Q/\351\252\335/\351\252\336\n\000""; }; nodes {;   nodedata: ""\323C\344\327\264{\312-\017:\006{\177\344N\002\326bO\260\220\006\033\362\345\005U\221DzJ0\001\301\025%1L\307\t\261\262z\374\222T\301\274V\236\223\262\270Ct\362\337b\356\024*\324\320\351\317\002k\336\234\027v\351\217\260\303\360\233ZPZWr\246$w\313\313\r\243r\232\2234\373\3539:N\004Q\245\272D\312D\300\300\t\323\0257\345e\271\na\215{\226\255x%T\257\037\333\004\344_/R\006E\344\037@\210\363\010\336T\226\247'\204_{\261\370""1\235\2445\343\033Y!\212\201\341\272\225'\007d\304\000\337\005\010E\225\313\353=\201\277\177j\342$\010j\030\304q\331[\344H\367a\263\210u\361\013\003""; }; ","ledgerHash: ""\231>\331\263H\214\324\030A\225\301o\346pkSF\004\241\213w9\223=\250\262*+\255\351r\265""; ledgerSeq: 15; type: liBASE; nodes {;   nodedata: ""\000\000\000\017\001cEx]\211\377\330c\273\016\301\024\363\242\247\263\231\370\344\nBW\220K\316@3\243\200\036wk\253GSlU\010\360\000\000\000\000\000\000\000\000\000\000\000\000\000\000\000\000\000\000\000\000\000\000\000\000\000\000\000\000\000\000\000\000\223\225%\355<\272\224G\353\342\372`\347y\035\350\327f\0315\316\276\350\200\206\340Kt\310\237\345Q/\351\252\335/\351\252\336\n\000""; }; nodes {;   nodedata: ""\323C\344\327\264{\312-\017:\006{\177\344N\002\326bO\260\220\006\033\362\345\005U\221DzJ0\001\301\025%1L\307\t\261\262z\374\222T\301\274V\236\223\262\270Ct\362\337b\356\024*\324\320\351\317\002k\336\234\027v\351\217\260\303\360\233ZPZWr\246$w\313\313\r\243r\232\2234\373\3539:N\004Q\245\272D\312D\300\300\t\323\0257\345e\271\na\215{\226\255x%T\257\037\333\004\344_/R\006E\344\037@\210\363\010\336T\226\247'\204_{\261\370""1\235\2445\343\033Y!\212\201\341\272\225'\007d\304\000\337\005\010E\225\313\353=\201\277\177j\342$\010j\030\304q\331[\344H\367a\263\210u\361\013\003""; }; "
1750527585490,1750527585490,0,1,4,1,TMLedgerData,"ledgerHash: ""\231>\331\263H\214\324\030A\225\301o\346pkSF\004\241\213w9\223=\250\262*+\255\351r\265""; ledgerSeq: 15; type: liBASE; nodes {;   nodedata: ""\000\000\000\017\001cEx]\211\377\330c\273\016\301\024\363\242\247\263\231\370\344\nBW\220K\316@3\243\200\036wk\253GSlU\010\360\000\000\000\000\000\000\000\000\000\000\000\000\000\000\000\000\000\000\000\000\000\000\000\000\000\000\000\000\000\000\000\000\223\225%\355<\272\224G\353\342\372`\347y\035\350\327f\0315\316\276\350\200\206\340Kt\310\237\345Q/\351\252\335/\351\252\336\n\000""; }; nodes {;   nodedata: ""\323C\344\327\264{\312-\017:\006{\177\344N\002\326bO\260\220\006\033\362\345\005U\221DzJ0\001\301\025%1L\307\t\261\262z\374\222T\301\274V\236\223\262\270Ct\362\337b\356\024*\324\320\351\317\002k\336\234\027v\351\217\260\303\360\233ZPZWr\246$w\313\313\r\243r\232\2234\373\3539:N\004Q\245\272D\312D\300\300\t\323\0257\345e\271\na\215{\226\255x%T\257\037\333\004\344_/R\006E\344\037@\210\363\010\336T\226\247'\204_{\261\370""1\235\2445\343\033Y!\212\201\341\272\225'\007d\304\000\337\005\010E\225\313\353=\201\277\177j\342$\010j\030\304q\331[\344H\367a\263\210u\361\013\003""; }; ","ledgerHash: ""\231>\331\263H\214\324\030A\225\301o\346pkSF\004\241\213w9\223=\250\262*+\255\351r\265""; ledgerSeq: 15; type: liBASE; nodes {;   nodedata: ""\000\000\000\017\001cEx]\211\377\330c\273\016\301\024\363\242\247\263\231\370\344\nBW\220K\316@3\243\200\036wk\253GSlU\010\360\000\000\000\000\000\000\000\000\000\000\000\000\000\000\000\000\000\000\000\000\000\000\000\000\000\000\000\000\000\000\000\000\223\225%\355<\272\224G\353\342\372`\347y\035\350\327f\0315\316\276\350\200\206\340Kt\310\237\345Q/\351\252\335/\351\252\336\n\000""; }; nodes {;   nodedata: ""\323C\344\327\264{\312-\017:\006{\177\344N\002\326bO\260\220\006\033\362\345\005U\221DzJ0\001\301\025%1L\307\t\261\262z\374\222T\301\274V\236\223\262\270Ct\362\337b\356\024*\324\320\351\317\002k\336\234\027v\351\217\260\303\360\233ZPZWr\246$w\313\313\r\243r\232\2234\373\3539:N\004Q\245\272D\312D\300\300\t\323\0257\345e\271\na\215{\226\255x%T\257\037\333\004\344_/R\006E\344\037@\210\363\010\336T\226\247'\204_{\261\370""1\235\2445\343\033Y!\212\201\341\272\225'\007d\304\000\337\005\010E\225\313\353=\201\277\177j\342$\010j\030\304q\331[\344H\367a\263\210u\361\013\003""; }; "
1750527585491,1750527585491,0,1,0,4,TMLedgerData,"ledgerHash: ""\231>\331\263H\214\324\030A\225\301o\346pkSF\004\241\213w9\223=\250\262*+\255\351r\265""; ledgerSeq: 15; type: liBASE; nodes {;   nodedata: ""\000\000\000\017\001cEx]\211\377\330c\273\016\301\024\363\242\247\263\231\370\344\nBW\220K\316@3\243\200\036wk\253GSlU\010\360\000\000\000\000\000\000\000\000\000\000\000\000\000\000\000\000\000\000\000\000\000\000\000\000\000\000\000\000\000\000\000\000\223\225%\355<\272\224G\353\342\372`\347y\035\350\327f\0315\316\276\350\200\206\340Kt\310\237\345Q/\351\252\335/\351\252\336\n\000""; }; nodes {;   nodedata: ""\323C\344\327\264{\312-\017:\006{\177\344N\002\326bO\260\220\006\033\362\345\005U\221DzJ0\001\301\025%1L\307\t\261\262z\374\222T\301\274V\236\223\262\270Ct\362\337b\356\024*\324\320\351\317\002k\336\234\027v\351\217\260\303\360\233ZPZWr\246$w\313\313\r\243r\232\2234\373\3539:N\004Q\245\272D\312D\300\300\t\323\0257\345e\271\na\215{\226\255x%T\257\037\333\004\344_/R\006E\344\037@\210\363\010\336T\226\247'\204_{\261\370""1\235\2445\343\033Y!\212\201\341\272\225'\007d\304\000\337\005\010E\225\313\353=\201\277\177j\342$\010j\030\304q\331[\344H\367a\263\210u\361\013\003""; }; ","ledgerHash: ""\231>\331\263H\214\324\030A\225\301o\346pkSF\004\241\213w9\223=\250\262*+\255\351r\265""; ledgerSeq: 15; type: liBASE; nodes {;   nodedata: ""\000\000\000\017\001cEx]\211\377\330c\273\016\301\024\363\242\247\263\231\370\344\nBW\220K\316@3\243\200\036wk\253GSlU\010\360\000\000\000\000\000\000\000\000\000\000\000\000\000\000\000\000\000\000\000\000\000\000\000\000\000\000\000\000\000\000\000\000\223\225%\355<\272\224G\353\342\372`\347y\035\350\327f\0315\316\276\350\200\206\340Kt\310\237\345Q/\351\252\335/\351\252\336\n\000""; }; nodes {;   nodedata: ""\323C\344\327\264{\312-\017:\006{\177\344N\002\326bO\260\220\006\033\362\345\005U\221DzJ0\001\301\025%1L\307\t\261\262z\374\222T\301\274V\236\223\262\270Ct\362\337b\356\024*\324\320\351\317\002k\336\234\027v\351\217\260\303\360\233ZPZWr\246$w\313\313\r\243r\232\2234\373\3539:N\004Q\245\272D\312D\300\300\t\323\0257\345e\271\na\215{\226\255x%T\257\037\333\004\344_/R\006E\344\037@\210\363\010\336T\226\247'\204_{\261\370""1\235\2445\343\033Y!\212\201\341\272\225'\007d\304\000\337\005\010E\225\313\353=\201\277\177j\342$\010j\030\304q\331[\344H\367a\263\210u\361\013\003""; }; "
1750527585491,1750527585491,0,1,0,1,TMLedgerData,"ledgerHash: ""\231>\331\263H\214\324\030A\225\301o\346pkSF\004\241\213w9\223=\250\262*+\255\351r\265""; ledgerSeq: 15; type: liBASE; nodes {;   nodedata: ""\000\000\000\017\001cEx]\211\377\330c\273\016\301\024\363\242\247\263\231\370\344\nBW\220K\316@3\243\200\036wk\253GSlU\010\360\000\000\000\000\000\000\000\000\000\000\000\000\000\000\000\000\000\000\000\000\000\000\000\000\000\000\000\000\000\000\000\000\223\225%\355<\272\224G\353\342\372`\347y\035\350\327f\0315\316\276\350\200\206\340Kt\310\237\345Q/\351\252\335/\351\252\336\n\000""; }; nodes {;   nodedata: ""\323C\344\327\264{\312-\017:\006{\177\344N\002\326bO\260\220\006\033\362\345\005U\221DzJ0\001\301\025%1L\307\t\261\262z\374\222T\301\274V\236\223\262\270Ct\362\337b\356\024*\324\320\351\317\002k\336\234\027v\351\217\260\303\360\233ZPZWr\246$w\313\313\r\243r\232\2234\373\3539:N\004Q\245\272D\312D\300\300\t\323\0257\345e\271\na\215{\226\255x%T\257\037\333\004\344_/R\006E\344\037@\210\363\010\336T\226\247'\204_{\261\370""1\235\2445\343\033Y!\212\201\341\272\225'\007d\304\000\337\005\010E\225\313\353=\201\277\177j\342$\010j\030\304q\331[\344H\367a\263\210u\361\013\003""; }; ","ledgerHash: ""\231>\331\263H\214\324\030A\225\301o\346pkSF\004\241\213w9\223=\250\262*+\255\351r\265""; ledgerSeq: 15; type: liBASE; nodes {;   nodedata: ""\000\000\000\017\001cEx]\211\377\330c\273\016\301\024\363\242\247\263\231\370\344\nBW\220K\316@3\243\200\036wk\253GSlU\010\360\000\000\000\000\000\000\000\000\000\000\000\000\000\000\000\000\000\000\000\000\000\000\000\000\000\000\000\000\000\000\000\000\223\225%\355<\272\224G\353\342\372`\347y\035\350\327f\0315\316\276\350\200\206\340Kt\310\237\345Q/\351\252\335/\351\252\336\n\000""; }; nodes {;   nodedata: ""\323C\344\327\264{\312-\017:\006{\177\344N\002\326bO\260\220\006\033\362\345\005U\221DzJ0\001\301\025%1L\307\t\261\262z\374\222T\301\274V\236\223\262\270Ct\362\337b\356\024*\324\320\351\317\002k\336\234\027v\351\217\260\303\360\233ZPZWr\246$w\313\313\r\243r\232\2234\373\3539:N\004Q\245\272D\312D\300\300\t\323\0257\345e\271\na\215{\226\255x%T\257\037\333\004\344_/R\006E\344\037@\210\363\010\336T\226\247'\204_{\261\370""1\235\2445\343\033Y!\212\201\341\272\225'\007d\304\000\337\005\010E\225\313\353=\201\277\177j\342$\010j\030\304q\331[\344H\367a\263\210u\361\013\003""; }; "
1750527585492,1750527585492,0,1,1,2,TMLedgerData,"ledgerHash: ""\231>\331\263H\214\324\030A\225\301o\346pkSF\004\241\213w9\223=\250\262*+\255\351r\265""; ledgerSeq: 15; type: liBASE; nodes {;   nodedata: ""\000\000\000\017\001cEx]\211\377\330c\273\016\301\024\363\242\247\263\231\370\344\nBW\220K\316@3\243\200\036wk\253GSlU\010\360\000\000\000\000\000\000\000\000\000\000\000\000\000\000\000\000\000\000\000\000\000\000\000\000\000\000\000\000\000\000\000\000\223\225%\355<\272\224G\353\342\372`\347y\035\350\327f\0315\316\276\350\200\206\340Kt\310\237\345Q/\351\252\335/\351\252\336\n\000""; }; nodes {;   nodedata: ""\323C\344\327\264{\312-\017:\006{\177\344N\002\326bO\260\220\006\033\362\345\005U\221DzJ0\001\301\025%1L\307\t\261\262z\374\222T\301\274V\236\223\262\270Ct\362\337b\356\024*\324\320\351\317\002k\336\234\027v\351\217\260\303\360\233ZPZWr\246$w\313\313\r\243r\232\2234\373\3539:N\004Q\245\272D\312D\300\300\t\323\0257\345e\271\na\215{\226\255x%T\257\037\333\004\344_/R\006E\344\037@\210\363\010\336T\226\247'\204_{\261\370""1\235\2445\343\033Y!\212\201\341\272\225'\007d\304\000\337\005\010E\225\313\353=\201\277\177j\342$\010j\030\304q\331[\344H\367a\263\210u\361\013\003""; }; ","ledgerHash: ""\231>\331\263H\214\324\030A\225\301o\346pkSF\004\241\213w9\223=\250\262*+\255\351r\265""; ledgerSeq: 15; type: liBASE; nodes {;   nodedata: ""\000\000\000\017\001cEx]\211\377\330c\273\016\301\024\363\242\247\263\231\370\344\nBW\220K\316@3\243\200\036wk\253GSlU\010\360\000\000\000\000\000\000\000\000\000\000\000\000\000\000\000\000\000\000\000\000\000\000\000\000\000\000\000\000\000\000\000\000\223\225%\355<\272\224G\353\342\372`\347y\035\350\327f\0315\316\276\350\200\206\340Kt\310\237\345Q/\351\252\335/\351\252\336\n\000""; }; nodes {;   nodedata: ""\323C\344\327\264{\312-\017:\006{\177\344N\002\326bO\260\220\006\033\362\345\005U\221DzJ0\001\301\025%1L\307\t\261\262z\374\222T\301\274V\236\223\262\270Ct\362\337b\356\024*\324\320\351\317\002k\336\234\027v\351\217\260\303\360\233ZPZWr\246$w\313\313\r\243r\232\2234\373\3539:N\004Q\245\272D\312D\300\300\t\323\0257\345e\271\na\215{\226\255x%T\257\037\333\004\344_/R\006E\344\037@\210\363\010\336T\226\247'\204_{\261\370""1\235\2445\343\033Y!\212\201\341\272\225'\007d\304\000\337\005\010E\225\313\353=\201\277\177j\342$\010j\030\304q\331[\344H\367a\263\210u\361\013\003""; }; "
1750527585493,1750527585493,0,1,1,0,TMLedgerData,"ledgerHash: ""\231>\331\263H\214\324\030A\225\301o\346pkSF\004\241\213w9\223=\250\262*+\255\351r\265""; ledgerSeq: 15; type: liBASE; nodes {;   nodedata: ""\000\000\000\017\001cEx]\211\377\330c\273\016\301\024\363\242\247\263\231\370\344\nBW\220K\316@3\243\200\036wk\253GSlU\010\360\000\000\000\000\000\000\000\000\000\000\000\000\000\000\000\000\000\000\000\000\000\000\000\000\000\000\000\000\000\000\000\000\223\225%\355<\272\224G\353\342\372`\347y\035\350\327f\0315\316\276\350\200\206\340Kt\310\237\345Q/\351\252\335/\351\252\336\n\000""; }; nodes {;   nodedata: ""\323C\344\327\264{\312-\017:\006{\177\344N\002\326bO\260\220\006\033\362\345\005U\221DzJ0\001\301\025%1L\307\t\261\262z\374\222T\301\274V\236\223\262\270Ct\362\337b\356\024*\324\320\351\317\002k\336\234\027v\351\217\260\303\360\233ZPZWr\246$w\313\313\r\243r\232\2234\373\3539:N\004Q\245\272D\312D\300\300\t\323\0257\345e\271\na\215{\226\255x%T\257\037\333\004\344_/R\006E\344\037@\210\363\010\336T\226\247'\204_{\261\370""1\235\2445\343\033Y!\212\201\341\272\225'\007d\304\000\337\005\010E\225\313\353=\201\277\177j\342$\010j\030\304q\331[\344H\367a\263\210u\361\013\003""; }; ","ledgerHash: ""\231>\331\263H\214\324\030A\225\301o\346pkSF\004\241\213w9\223=\250\262*+\255\351r\265""; ledgerSeq: 15; type: liBASE; nodes {;   nodedata: ""\000\000\000\017\001cEx]\211\377\330c\273\016\301\024\363\242\247\263\231\370\344\nBW\220K\316@3\243\200\036wk\253GSlU\010\360\000\000\000\000\000\000\000\000\000\000\000\000\000\000\000\000\000\000\000\000\000\000\000\000\000\000\000\000\000\000\000\000\223\225%\355<\272\224G\353\342\372`\347y\035\350\327f\0315\316\276\350\200\206\340Kt\310\237\345Q/\351\252\335/\351\252\336\n\000""; }; nodes {;   nodedata: ""\323C\344\327\264{\312-\017:\006{\177\344N\002\326bO\260\220\006\033\362\345\005U\221DzJ0\001\301\025%1L\307\t\261\262z\374\222T\301\274V\236\223\262\270Ct\362\337b\356\024*\324\320\351\317\002k\336\234\027v\351\217\260\303\360\233ZPZWr\246$w\313\313\r\243r\232\2234\373\3539:N\004Q\245\272D\312D\300\300\t\323\0257\345e\271\na\215{\226\255x%T\257\037\333\004\344_/R\006E\344\037@\210\363\010\336T\226\247'\204_{\261\370""1\235\2445\343\033Y!\212\201\341\272\225'\007d\304\000\337\005\010E\225\313\353=\201\277\177j\342$\010j\030\304q\331[\344H\367a\263\210u\361\013\003""; }; "
1750527585494,1750527585494,0,1,1,4,TMLedgerData,"ledgerHash: ""\231>\331\263H\214\324\030A\225\301o\346pkSF\004\241\213w9\223=\250\262*+\255\351r\265""; ledgerSeq: 15; type: liBASE; nodes {;   nodedata: ""\000\000\000\017\001cEx]\211\377\330c\273\016\301\024\363\242\247\263\231\370\344\nBW\220K\316@3\243\200\036wk\253GSlU\010\360\000\000\000\000\000\000\000\000\000\000\000\000\000\000\000\000\000\000\000\000\000\000\000\000\000\000\000\000\000\000\000\000\223\225%\355<\272\224G\353\342\372`\347y\035\350\327f\0315\316\276\350\200\206\340Kt\310\237\345Q/\351\252\335/\351\252\336\n\000""; }; nodes {;   nodedata: ""\323C\344\327\264{\312-\017:\006{\177\344N\002\326bO\260\220\006\033\362\345\005U\221DzJ0\001\301\025%1L\307\t\261\262z\374\222T\301\274V\236\223\262\270Ct\362\337b\356\024*\324\320\351\317\002k\336\234\027v\351\217\260\303\360\233ZPZWr\246$w\313\313\r\243r\232\2234\373\3539:N\004Q\245\272D\312D\300\300\t\323\0257\345e\271\na\215{\226\255x%T\257\037\333\004\344_/R\006E\344\037@\210\363\010\336T\226\247'\204_{\261\370""1\235\2445\343\033Y!\212\201\341\272\225'\007d\304\000\337\005\010E\225\313\353=\201\277\177j\342$\010j\030\304q\331[\344H\367a\263\210u\361\013\003""; }; ","ledgerHash: ""\231>\331\263H\214\324\030A\225\301o\346pkSF\004\241\213w9\223=\250\262*+\255\351r\265""; ledgerSeq: 15; type: liBASE; nodes {;   nodedata: ""\000\000\000\017\001cEx]\211\377\330c\273\016\301\024\363\242\247\263\231\370\344\nBW\220K\316@3\243\200\036wk\253GSlU\010\360\000\000\000\000\000\000\000\000\000\000\000\000\000\000\000\000\000\000\000\000\000\000\000\000\000\000\000\000\000\000\000\000\223\225%\355<\272\224G\353\342\372`\347y\035\350\327f\0315\316\276\350\200\206\340Kt\310\237\345Q/\351\252\335/\351\252\336\n\000""; }; nodes {;   nodedata: ""\323C\344\327\264{\312-\017:\006{\177\344N\002\326bO\260\220\006\033\362\345\005U\221DzJ0\001\301\025%1L\307\t\261\262z\374\222T\301\274V\236\223\262\270Ct\362\337b\356\024*\324\320\351\317\002k\336\234\027v\351\217\260\303\360\233ZPZWr\246$w\313\313\r\243r\232\2234\373\3539:N\004Q\245\272D\312D\300\300\t\323\0257\345e\271\na\215{\226\255x%T\257\037\333\004\344_/R\006E\344\037@\210\363\010\336T\226\247'\204_{\261\370""1\235\2445\343\033Y!\212\201\341\272\225'\007d\304\000\337\005\010E\225\313\353=\201\277\177j\342$\010j\030\304q\331[\344H\367a\263\210u\361\013\003""; }; "
1750527585522,1750527585522,0,1,3,0,TMLedgerData,"ledgerHash: ""\231>\331\263H\214\324\030A\225\301o\346pkSF\004\241\213w9\223=\250\262*+\255\351r\265""; ledgerSeq: 15; type: liAS_NODE; nodes {;   nodedata: ""\021\000h""\000\000\000\000 \033\000\000\000\016\002\023\302\037\330\356GuH\375\327!\255\371\r\231\262R\256J\034\222\241\355X\265E\241^W\225\304\014\361CX-}\351f\032\255\274\334m\326c\017\014ao[\342\230\003\245\245\3341Hm\326^\017jy\335\261\032Yt\320\244{g\0306\\302\303*\341\215\223\257\364\277o\375\000r\241SOq\221\253\262\005\017\375T\356\014\360o'\030\311-\267\031\257!\031T\006><\315XM\334\324\345\034\000\325\367\240\271\013\265\024\321\362\354\211\250.\234s\225amc\305\035\366\276\037nD\277`\210\223N\3535\033\261\304f\331]\036\237\306o!\223\221\002\324\031\262\240R\177 ,\214\325\Q])\016\2067\277\t\354\010\000\360\215\2502\265\245\310\226\243c\302Ze\306\253#r\020\211\320iG\276\020E\317\035Sf\223F\254\033@\177e\277\016\010u\327\371&\262\312\317Q\2361t\377x\234\001v\003%\030\325_\225g\204\346a=\225\273\331\354\365*U\363\263N\367b\371\244\314-w\363\262\225Z\200\206\235\233\257?sE\2674\254\326mU\377?\177Ek\336\030!\316Aa\225\303\022\377{\210Y\226\271as\354L\035\004\341\361\035\301\024\220m#*\372\032\3178~\374\250\014*\323\342'z69\220\327\256\351G\367\317u\302\207\270b\315\333\333\334\310I\323&\014\352XZnW2.\335\347\202\021\247\362\212e\034\000\001\250\220\305;a\314\265R\310\017\317\331\235\360\262\240:\277\202\266\354\265X""\022\nh\252\352w\204\203\023]\001f\352\277\0031Q]\362\370R\350{\261\202\240\344\215\201\353\276\322p5p\350\354\017>\250r\241c\273\016\301\024\363\242\247\263\231\370\344\nBW\220K\316@3\243\200\036wk\253GSlU\010\360\264\227\2326\315\307\363\323\325\303\032N\256*\307\327 \235\332\207u\210\271\257\306g\231i*\260\326k\001"";   nodeid: ""\260\000\000\000\000\000\000\000\000\000\000\000\000\000\000\000\000\000\000\000\000\000\000\000\000\000\000\000\000\000\000\000\001""; }; ","ledgerHash: ""\231>\331\263H\214\324\030A\225\301o\346pkSF\004\241\213w9\223=\250\262*+\255\351r\265""; ledgerSeq: 15; type: liAS_NODE; nodes {;   nodedata: ""\021\000h""\000\000\000\000 \033\000\000\000\016\002\023\302\037\330\356GuH\375\327!\255\371\r\231\262R\256J\034\222\241\355X\265E\241^W\225\304\014\361CX-}\351f\032\255\274\334m\326c\017\014ao[\342\230\003\245\245\3341Hm\326^\017jy\335\261\032Yt\320\244{g\0306\\302\303*\341\215\223\257\364\277o\375\000r\241SOq\221\253\262\005\017\375T\356\014\360o'\030\311-\267\031\257!\031T\006><\315XM\334\324\345\034\000\325\367\240\271\013\265\024\321\362\354\211\250.\234s\225amc\305\035\366\276\037nD\277`\210\223N\3535\033\261\304f\331]\036\237\306o!\223\221\002\324\031\262\240R\177 ,\214\325\Q])\016\2067\277\t\354\010\000\360\215\2502\265\245\310\226\243c\302Ze\306\253#r\020\211\320iG\276\020E\317\035Sf\223F\254\033@\177e\277\016\010u\327\371&\262\312\317Q\2361t\377x\234\001v\003%\030\325_\225g\204\346a=\225\273\331\354\365*U\363\263N\367b\371\244\314-w\363\262\225Z\200\206\235\233\257?sE\2674\254\326mU\377?\177Ek\336\030!\316Aa\225\303\022\377{\210Y\226\271as\354L\035\004\341\361\035\301\024\220m#*\372\032\3178~\374\250\014*\323\342'z69\220\327\256\351G\367\317u\302\207\270b\315\333\333\334\310I\323&\014\352XZnW2.\335\347\202\021\247\362\212e\034\000\001\250\220\305;a\314\265R\310\017\317\331\235\360\262\240:\277\202\266\354\265X""\022\nh\252\352w\204\203\023]\001f\352\277\0031Q]\362\370R\350{\261\202\240\344\215\201\353\276\322p5p\350\354\017>\250r\241c\273\016\301\024\363\242\247\263\231\370\344\nBW\220K\316@3\243\200\036wk\253GSlU\010\360\264\227\2326\315\307\363\323\325\303\032N\256*\307\327 \235\332\207u\210\271\257\306g\231i*\260\326k\001"";   nodeid: ""\260\000\000\000\000\000\000\000\000\000\000\000\000\000\000\000\000\000\000\000\000\000\000\000\000\000\000\000\000\000\000\000\001""; }; "
1750527585522,1750527585522,0,1,3,4,TMLedgerData,"ledgerHash: ""\231>\331\263H\214\324\030A\225\301o\346pkSF\004\241\213w9\223=\250\262*+\255\351r\265""; ledgerSeq: 15; type: liAS_NODE; nodes {;   nodedata: ""\021\000h""\000\000\000\000 \033\000\000\000\016\002\023\302\037\330\356GuH\375\327!\255\371\r\231\262R\256J\034\222\241\355X\265E\241^W\225\304\014\361CX-}\351f\032\255\274\334m\326c\017\014ao[\342\230\003\245\245\3341Hm\326^\017jy\335\261\032Yt\320\244{g\0306\\302\303*\341\215\223\257\364\277o\375\000r\241SOq\221\253\262\005\017\375T\356\014\360o'\030\311-\267\031\257!\031T\006><\315XM\334\324\345\034\000\325\367\240\271\013\265\024\321\362\354\211\250.\234s\225amc\305\035\366\276\037nD\277`\210\223N\3535\033\261\304f\331]\036\237\306o!\223\221\002\324\031\262\240R\177 ,\214\325\Q])\016\2067\277\t\354\010\000\360\215\2502\265\245\310\226\243c\302Ze\306\253#r\020\211\320iG\276\020E\317\035Sf\223F\254\033@\177e\277\016\010u\327\371&\262\312\317Q\2361t\377x\234\001v\003%\030\325_\225g\204\346a=\225\273\331\354\365*U\363\263N\367b\371\244\314-w\363\262\225Z\200\206\235\233\257?sE\2674\254\326mU\377?\177Ek\336\030!\316Aa\225\303\022\377{\210Y\226\271as\354L\035\004\341\361\035\301\024\220m#*\372\032\3178~\374\250\014*\323\342'z69\220\327\256\351G\367\317u\302\207\270b\315\333\333\334\310I\323&\014\352XZnW2.\335\347\202\021\247\362\212e\034\000\001\250\220\305;a\314\265R\310\017\317\331\235\360\262\240:\277\202\266\354\265X""\022\nh\252\352w\204\203\023]\001f\352\277\0031Q]\362\370R\350{\261\202\240\344\215\201\353\276\322p5p\350\354\017>\250r\241c\273\016\301\024\363\242\247\263\231\370\344\nBW\220K\316@3\243\200\036wk\253GSlU\010\360\264\227\2326\315\307\363\323\325\303\032N\256*\307\327 \235\332\207u\210\271\257\306g\231i*\260\326k\001"";   nodeid: ""\260\000\000\000\000\000\000\000\000\000\000\000\000\000\000\000\000\000\000\000\000\000\000\000\000\000\000\000\000\000\000\000\001""; }; ","ledgerHash: ""\231>\331\263H\214\324\030A\225\301o\346pkSF\004\241\213w9\223=\250\262*+\255\351r\265""; ledgerSeq: 15; type: liAS_NODE; nodes {;   nodedata: ""\021\000h""\000\000\000\000 \033\000\000\000\016\002\023\302\037\330\356GuH\375\327!\255\371\r\231\262R\256J\034\222\241\355X\265E\241^W\225\304\014\361CX-}\351f\032\255\274\334m\326c\017\014ao[\342\230\003\245\245\3341Hm\326^\017jy\335\261\032Yt\320\244{g\0306\\302\303*\341\215\223\257\364\277o\375\000r\241SOq\221\253\262\005\017\375T\356\014\360o'\030\311-\267\031\257!\031T\006><\315XM\334\324\345\034\000\325\367\240\271\013\265\024\321\362\354\211\250.\234s\225amc\305\035\366\276\037nD\277`\210\223N\3535\033\261\304f\331]\036\237\306o!\223\221\002\324\031\262\240R\177 ,\214\325\Q])\016\2067\277\t\354\010\000\360\215\2502\265\245\310\226\243c\302Ze\306\253#r\020\211\320iG\276\020E\317\035Sf\223F\254\033@\177e\277\016\010u\327\371&\262\312\317Q\2361t\377x\234\001v\003%\030\325_\225g\204\346a=\225\273\331\354\365*U\363\263N\367b\371\244\314-w\363\262\225Z\200\206\235\233\257?sE\2674\254\326mU\377?\177Ek\336\030!\316Aa\225\303\022\377{\210Y\226\271as\354L\035\004\341\361\035\301\024\220m#*\372\032\3178~\374\250\014*\323\342'z69\220\327\256\351G\367\317u\302\207\270b\315\333\333\334\310I\323&\014\352XZnW2.\335\347\202\021\247\362\212e\034\000\001\250\220\305;a\314\265R\310\017\317\331\235\360\262\240:\277\202\266\354\265X""\022\nh\252\352w\204\203\023]\001f\352\277\0031Q]\362\370R\350{\261\202\240\344\215\201\353\276\322p5p\350\354\017>\250r\241c\273\016\301\024\363\242\247\263\231\370\344\nBW\220K\316@3\243\200\036wk\253GSlU\010\360\264\227\2326\315\307\363\323\325\303\032N\256*\307\327 \235\332\207u\210\271\257\306g\231i*\260\326k\001"";   nodeid: ""\260\000\000\000\000\000\000\000\000\000\000\000\000\000\000\000\000\000\000\000\000\000\000\000\000\000\000\000\000\000\000\000\001""; }; "
1750527585593,1750527585593,0,1,4,3,TMStatusChange,"newEvent: neACCEPTED_LEDGER; ledgerSeq: 15; ledgerHash: ""\231>\331\263H\214\324\030A\225\301o\346pkSF\004\241\213w9\223=\250\262*+\255\351r\265""; ledgerHashPrevious: ""c\273\016\301\024\363\242\247\263\231\370\344\nBW\220K\316@3\243\200\036wk\253GSlU\010\360""; networkTime: 803842785; firstSeq: 1; lastSeq: 14; ","newEvent: neACCEPTED_LEDGER; ledgerSeq: 15; ledgerHash: ""\231>\331\263H\214\324\030A\225\301o\346pkSF\004\241\213w9\223=\250\262*+\255\351r\265""; ledgerHashPrevious: ""c\273\016\301\024\363\242\247\263\231\370\344\nBW\220K\316@3\243\200\036wk\253GSlU\010\360""; networkTime: 803842785; firstSeq: 1; lastSeq: 14; "
1750527585593,1750527585593,0,1,4,0,TMStatusChange,"newEvent: neACCEPTED_LEDGER; ledgerSeq: 15; ledgerHash: ""\231>\331\263H\214\324\030A\225\301o\346pkSF\004\241\213w9\223=\250\262*+\255\351r\265""; ledgerHashPrevious: ""c\273\016\301\024\363\242\247\263\231\370\344\nBW\220K\316@3\243\200\036wk\253GSlU\010\360""; networkTime: 803842785; firstSeq: 1; lastSeq: 14; ","newEvent: neACCEPTED_LEDGER; ledgerSeq: 15; ledgerHash: ""\231>\331\263H\214\324\030A\225\301o\346pkSF\004\241\213w9\223=\250\262*+\255\351r\265""; ledgerHashPrevious: ""c\273\016\301\024\363\242\247\263\231\370\344\nBW\220K\316@3\243\200\036wk\253GSlU\010\360""; networkTime: 803842785; firstSeq: 1; lastSeq: 14; "
1750527585594,1750527585594,0,1,4,1,TMStatusChange,"newEvent: neACCEPTED_LEDGER; ledgerSeq: 15; ledgerHash: ""\231>\331\263H\214\324\030A\225\301o\346pkSF\004\241\213w9\223=\250\262*+\255\351r\265""; ledgerHashPrevious: ""c\273\016\301\024\363\242\247\263\231\370\344\nBW\220K\316@3\243\200\036wk\253GSlU\010\360""; networkTime: 803842785; firstSeq: 1; lastSeq: 14; ","newEvent: neACCEPTED_LEDGER; ledgerSeq: 15; ledgerHash: ""\231>\331\263H\214\324\030A\225\301o\346pkSF\004\241\213w9\223=\250\262*+\255\351r\265""; ledgerHashPrevious: ""c\273\016\301\024\363\242\247\263\231\370\344\nBW\220K\316@3\243\200\036wk\253GSlU\010\360""; networkTime: 803842785; firstSeq: 1; lastSeq: 14; "
1750527585594,1750527585594,0,1,4,2,TMStatusChange,"newEvent: neACCEPTED_LEDGER; ledgerSeq: 15; ledgerHash: ""\231>\331\263H\214\324\030A\225\301o\346pkSF\004\241\213w9\223=\250\262*+\255\351r\265""; ledgerHashPrevious: ""c\273\016\301\024\363\242\247\263\231\370\344\nBW\220K\316@3\243\200\036wk\253GSlU\010\360""; networkTime: 803842785; firstSeq: 1; lastSeq: 14; ","newEvent: neACCEPTED_LEDGER; ledgerSeq: 15; ledgerHash: ""\231>\331\263H\214\324\030A\225\301o\346pkSF\004\241\213w9\223=\250\262*+\255\351r\265""; ledgerHashPrevious: ""c\273\016\301\024\363\242\247\263\231\370\344\nBW\220K\316@3\243\200\036wk\253GSlU\010\360""; networkTime: 803842785; firstSeq: 1; lastSeq: 14; "
1750527585634,1750527585634,0,1,4,2,TMValidation,"validation: """"\200\000\000\001&\000\000\000\017)/\351\252\341:\r\302\353\023?\373\240rQ\231>\331\263H\214\324\030A\225\301o\346pkSF\004\241\213w9\223=\250\262*+\255\351r\265P\027\000\000\000\000\000\000\000\000\000\000\000\000\000\000\000\000\000\000\000\000\000\000\000\000\000\000\000\000\000\000\000\000P\031c\273\016\301\024\363\242\247\263\231\370\344\nBW\220K\316@3\243\200\036wk\253GSlU\010\360s!\003R7o\362bV\300hf\266\241;}\200^\374\240\203[:\342Q\225\221\027y\372\255\235\216\323~vG0E\002!\000\315\213!w\014\226t\367\275'\337\262I\006\366\204X\277)l/\031g\365\271\364{dMRM\344\002 \020\314\007\350a\004\031\303S2\2344\247x\361[\230\210L\222\032'\003%B\333\n\225 \221\022i""; ","validation: """"\200\000\000\001&\000\000\000\017)/\351\252\341:\r\302\353\023?\373\240rQ\231>\331\263H\214\324\030A\225\301o\346pkSF\004\241\213w9\223=\250\262*+\255\351r\265P\027\000\000\000\000\000\000\000\000\000\000\000\000\000\000\000\000\000\000\000\000\000\000\000\000\000\000\000\000\000\000\000\000P\031c\273\016\301\024\363\242\247\263\231\370\344\nBW\220K\316@3\243\200\036wk\253GSlU\010\360s!\003R7o\362bV\300hf\266\241;}\200^\374\240\203[:\342Q\225\221\027y\372\255\235\216\323~vG0E\002!\000\315\213!w\014\226t\367\275'\337\262I\006\366\204X\277)l/\031g\365\271\364{dMRM\344\002 \020\314\007\350a\004\031\303S2\2344\247x\361[\230\210L\222\032'\003%B\333\n\225 \221\022i""; "
1750527585635,1750527585635,0,1,2,3,TMValidation,"validation: """"\200\000\000\001&\000\000\000\017)/\351\252\341:\r\302\353\023?\373\240rQ\231>\331\263H\214\324\030A\225\301o\346pkSF\004\241\213w9\223=\250\262*+\255\351r\265P\027\000\000\000\000\000\000\000\000\000\000\000\000\000\000\000\000\000\000\000\000\000\000\000\000\000\000\000\000\000\000\000\000P\031c\273\016\301\024\363\242\247\263\231\370\344\nBW\220K\316@3\243\200\036wk\253GSlU\010\360s!\003R7o\362bV\300hf\266\241;}\200^\374\240\203[:\342Q\225\221\027y\372\255\235\216\323~vG0E\002!\000\315\213!w\014\226t\367\275'\337\262I\006\366\204X\277)l/\031g\365\271\364{dMRM\344\002 \020\314\007\350a\004\031\303S2\2344\247x\361[\230\210L\222\032'\003%B\333\n\225 \221\022i""; ","validation: """"\200\000\000\001&\000\000\000\017)/\351\252\341:\r\302\353\023?\373\240rQ\231>\331\263H\214\324\030A\225\301o\346pkSF\004\241\213w9\223=\250\262*+\255\351r\265P\027\000\000\000\000\000\000\000\000\000\000\000\000\000\000\000\000\000\000\000\000\000\000\000\000\000\000\000\000\000\000\000\000P\031c\273\016\301\024\363\242\247\263\231\370\344\nBW\220K\316@3\243\200\036wk\253GSlU\010\360s!\003R7o\362bV\300hf\266\241;}\200^\374\240\203[:\342Q\225\221\027y\372\255\235\216\323~vG0E\002!\000\315\213!w\014\226t\367\275'\337\262I\006\366\204X\277)l/\031g\365\271\364{dMRM\344\002 \020\314\007\350a\004\031\303S2\2344\247x\361[\230\210L\222\032'\003%B\333\n\225 \221\022i""; "
1750527585636,1750527585636,0,1,2,0,TMValidation,"validation: """"\200\000\000\001&\000\000\000\017)/\351\252\341:\r\302\353\023?\373\240rQ\231>\331\263H\214\324\030A\225\301o\346pkSF\004\241\213w9\223=\250\262*+\255\351r\265P\027\000\000\000\000\000\000\000\000\000\000\000\000\000\000\000\000\000\000\000\000\000\000\000\000\000\000\000\000\000\000\000\000P\031c\273\016\301\024\363\242\247\263\231\370\344\nBW\220K\316@3\243\200\036wk\253GSlU\010\360s!\003R7o\362bV\300hf\266\241;}\200^\374\240\203[:\342Q\225\221\027y\372\255\235\216\323~vG0E\002!\000\315\213!w\014\226t\367\275'\337\262I\006\366\204X\277)l/\031g\365\271\364{dMRM\344\002 \020\314\007\350a\004\031\303S2\2344\247x\361[\230\210L\222\032'\003%B\333\n\225 \221\022i""; ","validation: """"\200\000\000\001&\000\000\000\017)/\351\252\341:\r\302\353\023?\373\240rQ\231>\331\263H\214\324\030A\225\301o\346pkSF\004\241\213w9\223=\250\262*+\255\351r\265P\027\000\000\000\000\000\000\000\000\000\000\000\000\000\000\000\000\000\000\000\000\000\000\000\000\000\000\000\000\000\000\000\000P\031c\273\016\301\024\363\242\247\263\231\370\344\nBW\220K\316@3\243\200\036wk\253GSlU\010\360s!\003R7o\362bV\300hf\266\241;}\200^\374\240\203[:\342Q\225\221\027y\372\255\235\216\323~vG0E\002!\000\315\213!w\014\226t\367\275'\337\262I\006\366\204X\277)l/\031g\365\271\364{dMRM\344\002 \020\314\007\350a\004\031\303S2\2344\247x\361[\230\210L\222\032'\003%B\333\n\225 \221\022i""; "
1750527585635,1750527585635,0,1,2,1,TMValidation,"validation: """"\200\000\000\001&\000\000\000\017)/\351\252\341:\r\302\353\023?\373\240rQ\231>\331\263H\214\324\030A\225\301o\346pkSF\004\241\213w9\223=\250\262*+\255\351r\265P\027\000\000\000\000\000\000\000\000\000\000\000\000\000\000\000\000\000\000\000\000\000\000\000\000\000\000\000\000\000\000\000\000P\031c\273\016\301\024\363\242\247\263\231\370\344\nBW\220K\316@3\243\200\036wk\253GSlU\010\360s!\003R7o\362bV\300hf\266\241;}\200^\374\240\203[:\342Q\225\221\027y\372\255\235\216\323~vG0E\002!\000\315\213!w\014\226t\367\275'\337\262I\006\366\204X\277)l/\031g\365\271\364{dMRM\344\002 \020\314\007\350a\004\031\303S2\2344\247x\361[\230\210L\222\032'\003%B\333\n\225 \221\022i""; ","validation: """"\200\000\000\001&\000\000\000\017)/\351\252\341:\r\302\353\023?\373\240rQ\231>\331\263H\214\324\030A\225\301o\346pkSF\004\241\213w9\223=\250\262*+\255\351r\265P\027\000\000\000\000\000\000\000\000\000\000\000\000\000\000\000\000\000\000\000\000\000\000\000\000\000\000\000\000\000\000\000\000P\031c\273\016\301\024\363\242\247\263\231\370\344\nBW\220K\316@3\243\200\036wk\253GSlU\010\360s!\003R7o\362bV\300hf\266\241;}\200^\374\240\203[:\342Q\225\221\027y\372\255\235\216\323~vG0E\002!\000\315\213!w\014\226t\367\275'\337\262I\006\366\204X\277)l/\031g\365\271\364{dMRM\344\002 \020\314\007\350a\004\031\303S2\2344\247x\361[\230\210L\222\032'\003%B\333\n\225 \221\022i""; "
1750527585637,1750527585637,0,1,3,4,TMValidation,"validation: """"\200\000\000\001&\000\000\000\017)/\351\252\341:\r\302\353\023?\373\240rQ\231>\331\263H\214\324\030A\225\301o\346pkSF\004\241\213w9\223=\250\262*+\255\351r\265P\027\000\000\000\000\000\000\000\000\000\000\000\000\000\000\000\000\000\000\000\000\000\000\000\000\000\000\000\000\000\000\000\000P\031c\273\016\301\024\363\242\247\263\231\370\344\nBW\220K\316@3\243\200\036wk\253GSlU\010\360s!\003R7o\362bV\300hf\266\241;}\200^\374\240\203[:\342Q\225\221\027y\372\255\235\216\323~vG0E\002!\000\315\213!w\014\226t\367\275'\337\262I\006\366\204X\277)l/\031g\365\271\364{dMRM\344\002 \020\314\007\350a\004\031\303S2\2344\247x\361[\230\210L\222\032'\003%B\333\n\225 \221\022i""; ","validation: """"\200\000\000\001&\000\000\000\017)/\351\252\341:\r\302\353\023?\373\240rQ\231>\331\263H\214\324\030A\225\301o\346pkSF\004\241\213w9\223=\250\262*+\255\351r\265P\027\000\000\000\000\000\000\000\000\000\000\000\000\000\000\000\000\000\000\000\000\000\000\000\000\000\000\000\000\000\000\000\000P\031c\273\016\301\024\363\242\247\263\231\370\344\nBW\220K\316@3\243\200\036wk\253GSlU\010\360s!\003R7o\362bV\300hf\266\241;}\200^\374\240\203[:\342Q\225\221\027y\372\255\235\216\323~vG0E\002!\000\315\213!w\014\226t\367\275'\337\262I\006\366\204X\277)l/\031g\365\271\364{dMRM\344\002 \020\314\007\350a\004\031\303S2\2344\247x\361[\230\210L\222\032'\003%B\333\n\225 \221\022i""; "
1750527585638,1750527585638,0,1,3,1,TMValidation,"validation: """"\200\000\000\001&\000\000\000\017)/\351\252\341:\r\302\353\023?\373\240rQ\231>\331\263H\214\324\030A\225\301o\346pkSF\004\241\213w9\223=\250\262*+\255\351r\265P\027\000\000\000\000\000\000\000\000\000\000\000\000\000\000\000\000\000\000\000\000\000\000\000\000\000\000\000\000\000\000\000\000P\031c\273\016\301\024\363\242\247\263\231\370\344\nBW\220K\316@3\243\200\036wk\253GSlU\010\360s!\003R7o\362bV\300hf\266\241;}\200^\374\240\203[:\342Q\225\221\027y\372\255\235\216\323~vG0E\002!\000\315\213!w\014\226t\367\275'\337\262I\006\366\204X\277)l/\031g\365\271\364{dMRM\344\002 \020\314\007\350a\004\031\303S2\2344\247x\361[\230\210L\222\032'\003%B\333\n\225 \221\022i""; ","validation: """"\200\000\000\001&\000\000\000\017)/\351\252\341:\r\302\353\023?\373\240rQ\231>\331\263H\214\324\030A\225\301o\346pkSF\004\241\213w9\223=\250\262*+\255\351r\265P\027\000\000\000\000\000\000\000\000\000\000\000\000\000\000\000\000\000\000\000\000\000\000\000\000\000\000\000\000\000\000\000\000P\031c\273\016\301\024\363\242\247\263\231\370\344\nBW\220K\316@3\243\200\036wk\253GSlU\010\360s!\003R7o\362bV\300hf\266\241;}\200^\374\240\203[:\342Q\225\221\027y\372\255\235\216\323~vG0E\002!\000\315\213!w\014\226t\367\275'\337\262I\006\366\204X\277)l/\031g\365\271\364{dMRM\344\002 \020\314\007\350a\004\031\303S2\2344\247x\361[\230\210L\222\032'\003%B\333\n\225 \221\022i""; "
1750527585638,1750527585638,0,1,3,0,TMValidation,"validation: """"\200\000\000\001&\000\000\000\017)/\351\252\341:\r\302\353\023?\373\240rQ\231>\331\263H\214\324\030A\225\301o\346pkSF\004\241\213w9\223=\250\262*+\255\351r\265P\027\000\000\000\000\000\000\000\000\000\000\000\000\000\000\000\000\000\000\000\000\000\000\000\000\000\000\000\000\000\000\000\000P\031c\273\016\301\024\363\242\247\263\231\370\344\nBW\220K\316@3\243\200\036wk\253GSlU\010\360s!\003R7o\362bV\300hf\266\241;}\200^\374\240\203[:\342Q\225\221\027y\372\255\235\216\323~vG0E\002!\000\315\213!w\014\226t\367\275'\337\262I\006\366\204X\277)l/\031g\365\271\364{dMRM\344\002 \020\314\007\350a\004\031\303S2\2344\247x\361[\230\210L\222\032'\003%B\333\n\225 \221\022i""; ","validation: """"\200\000\000\001&\000\000\000\017)/\351\252\341:\r\302\353\023?\373\240rQ\231>\331\263H\214\324\030A\225\301o\346pkSF\004\241\213w9\223=\250\262*+\255\351r\265P\027\000\000\000\000\000\000\000\000\000\000\000\000\000\000\000\000\000\000\000\000\000\000\000\000\000\000\000\000\000\000\000\000P\031c\273\016\301\024\363\242\247\263\231\370\344\nBW\220K\316@3\243\200\036wk\253GSlU\010\360s!\003R7o\362bV\300hf\266\241;}\200^\374\240\203[:\342Q\225\221\027y\372\255\235\216\323~vG0E\002!\000\315\213!w\014\226t\367\275'\337\262I\006\366\204X\277)l/\031g\365\271\364{dMRM\344\002 \020\314\007\350a\004\031\303S2\2344\247x\361[\230\210L\222\032'\003%B\333\n\225 \221\022i""; "
1750527585638,1750527585639,0,1,4,3,TMValidation,"validation: """"\200\000\000\001&\000\000\000\017)/\351\252\341:\r\302\353\023?\373\240rQ\231>\331\263H\214\324\030A\225\301o\346pkSF\004\241\213w9\223=\250\262*+\255\351r\265P\027\000\000\000\000\000\000\000\000\000\000\000\000\000\000\000\000\000\000\000\000\000\000\000\000\000\000\000\000\000\000\000\000P\031c\273\016\301\024\363\242\247\263\231\370\344\nBW\220K\316@3\243\200\036wk\253GSlU\010\360s!\003R7o\362bV\300hf\266\241;}\200^\374\240\203[:\342Q\225\221\027y\372\255\235\216\323~vG0E\002!\000\315\213!w\014\226t\367\275'\337\262I\006\366\204X\277)l/\031g\365\271\364{dMRM\344\002 \020\314\007\350a\004\031\303S2\2344\247x\361[\230\210L\222\032'\003%B\333\n\225 \221\022i""; ","validation: """"\200\000\000\001&\000\000\000\017)/\351\252\341:\r\302\353\023?\373\240rQ\231>\331\263H\214\324\030A\225\301o\346pkSF\004\241\213w9\223=\250\262*+\255\351r\265P\027\000\000\000\000\000\000\000\000\000\000\000\000\000\000\000\000\000\000\000\000\000\000\000\000\000\000\000\000\000\000\000\000P\031c\273\016\301\024\363\242\247\263\231\370\344\nBW\220K\316@3\243\200\036wk\253GSlU\010\360s!\003R7o\362bV\300hf\266\241;}\200^\374\240\203[:\342Q\225\221\027y\372\255\235\216\323~vG0E\002!\000\315\213!w\014\226t\367\275'\337\262I\006\366\204X\277)l/\031g\365\271\364{dMRM\344\002 \020\314\007\350a\004\031\303S2\2344\247x\361[\230\210L\222\032'\003%B\333\n\225 \221\022i""; "
1750527585639,1750527585639,0,1,4,0,TMValidation,"validation: """"\200\000\000\001&\000\000\000\017)/\351\252\341:\r\302\353\023?\373\240rQ\231>\331\263H\214\324\030A\225\301o\346pkSF\004\241\213w9\223=\250\262*+\255\351r\265P\027\000\000\000\000\000\000\000\000\000\000\000\000\000\000\000\000\000\000\000\000\000\000\000\000\000\000\000\000\000\000\000\000P\031c\273\016\301\024\363\242\247\263\231\370\344\nBW\220K\316@3\243\200\036wk\253GSlU\010\360s!\003R7o\362bV\300hf\266\241;}\200^\374\240\203[:\342Q\225\221\027y\372\255\235\216\323~vG0E\002!\000\315\213!w\014\226t\367\275'\337\262I\006\366\204X\277)l/\031g\365\271\364{dMRM\344\002 \020\314\007\350a\004\031\303S2\2344\247x\361[\230\210L\222\032'\003%B\333\n\225 \221\022i""; ","validation: """"\200\000\000\001&\000\000\000\017)/\351\252\341:\r\302\353\023?\373\240rQ\231>\331\263H\214\324\030A\225\301o\346pkSF\004\241\213w9\223=\250\262*+\255\351r\265P\027\000\000\000\000\000\000\000\000\000\000\000\000\000\000\000\000\000\000\000\000\000\000\000\000\000\000\000\000\000\000\000\000P\031c\273\016\301\024\363\242\247\263\231\370\344\nBW\220K\316@3\243\200\036wk\253GSlU\010\360s!\003R7o\362bV\300hf\266\241;}\200^\374\240\203[:\342Q\225\221\027y\372\255\235\216\323~vG0E\002!\000\315\213!w\014\226t\367\275'\337\262I\006\366\204X\277)l/\031g\365\271\364{dMRM\344\002 \020\314\007\350a\004\031\303S2\2344\247x\361[\230\210L\222\032'\003%B\333\n\225 \221\022i""; "
1750527585639,1750527585639,0,1,4,1,TMValidation,"validation: """"\200\000\000\001&\000\000\000\017)/\351\252\341:\r\302\353\023?\373\240rQ\231>\331\263H\214\324\030A\225\301o\346pkSF\004\241\213w9\223=\250\262*+\255\351r\265P\027\000\000\000\000\000\000\000\000\000\000\000\000\000\000\000\000\000\000\000\000\000\000\000\000\000\000\000\000\000\000\000\000P\031c\273\016\301\024\363\242\247\263\231\370\344\nBW\220K\316@3\243\200\036wk\253GSlU\010\360s!\003R7o\362bV\300hf\266\241;}\200^\374\240\203[:\342Q\225\221\027y\372\255\235\216\323~vG0E\002!\000\315\213!w\014\226t\367\275'\337\262I\006\366\204X\277)l/\031g\365\271\364{dMRM\344\002 \020\314\007\350a\004\031\303S2\2344\247x\361[\230\210L\222\032'\003%B\333\n\225 \221\022i""; ","validation: """"\200\000\000\001&\000\000\000\017)/\351\252\341:\r\302\353\023?\373\240rQ\231>\331\263H\214\324\030A\225\301o\346pkSF\004\241\213w9\223=\250\262*+\255\351r\265P\027\000\000\000\000\000\000\000\000\000\000\000\000\000\000\000\000\000\000\000\000\000\000\000\000\000\000\000\000\000\000\000\000P\031c\273\016\301\024\363\242\247\263\231\370\344\nBW\220K\316@3\243\200\036wk\253GSlU\010\360s!\003R7o\362bV\300hf\266\241;}\200^\374\240\203[:\342Q\225\221\027y\372\255\235\216\323~vG0E\002!\000\315\213!w\014\226t\367\275'\337\262I\006\366\204X\277)l/\031g\365\271\364{dMRM\344\002 \020\314\007\350a\004\031\303S2\2344\247x\361[\230\210L\222\032'\003%B\333\n\225 \221\022i""; "
1750527585639,1750527585639,0,1,1,4,TMValidation,"validation: """"\200\000\000\001&\000\000\000\017)/\351\252\341:\r\302\353\023?\373\240rQ\231>\331\263H\214\324\030A\225\301o\346pkSF\004\241\213w9\223=\250\262*+\255\351r\265P\027\000\000\000\000\000\000\000\000\000\000\000\000\000\000\000\000\000\000\000\000\000\000\000\000\000\000\000\000\000\000\000\000P\031c\273\016\301\024\363\242\247\263\231\370\344\nBW\220K\316@3\243\200\036wk\253GSlU\010\360s!\003R7o\362bV\300hf\266\241;}\200^\374\240\203[:\342Q\225\221\027y\372\255\235\216\323~vG0E\002!\000\315\213!w\014\226t\367\275'\337\262I\006\366\204X\277)l/\031g\365\271\364{dMRM\344\002 \020\314\007\350a\004\031\303S2\2344\247x\361[\230\210L\222\032'\003%B\333\n\225 \221\022i""; ","validation: """"\200\000\000\001&\000\000\000\017)/\351\252\341:\r\302\353\023?\373\240rQ\231>\331\263H\214\324\030A\225\301o\346pkSF\004\241\213w9\223=\250\262*+\255\351r\265P\027\000\000\000\000\000\000\000\000\000\000\000\000\000\000\000\000\000\000\000\000\000\000\000\000\000\000\000\000\000\000\000\000P\031c\273\016\301\024\363\242\247\263\231\370\344\nBW\220K\316@3\243\200\036wk\253GSlU\010\360s!\003R7o\362bV\300hf\266\241;}\200^\374\240\203[:\342Q\225\221\027y\372\255\235\216\323~vG0E\002!\000\315\213!w\014\226t\367\275'\337\262I\006\366\204X\277)l/\031g\365\271\364{dMRM\344\002 \020\314\007\350a\004\031\303S2\2344\247x\361[\230\210L\222\032'\003%B\333\n\225 \221\022i""; "
1750527585640,1750527585640,0,1,0,4,TMValidation,"validation: """"\200\000\000\001&\000\000\000\017)/\351\252\341:\r\302\353\023?\373\240rQ\231>\331\263H\214\324\030A\225\301o\346pkSF\004\241\213w9\223=\250\262*+\255\351r\265P\027\000\000\000\000\000\000\000\000\000\000\000\000\000\000\000\000\000\000\000\000\000\000\000\000\000\000\000\000\000\000\000\000P\031c\273\016\301\024\363\242\247\263\231\370\344\nBW\220K\316@3\243\200\036wk\253GSlU\010\360s!\003R7o\362bV\300hf\266\241;}\200^\374\240\203[:\342Q\225\221\027y\372\255\235\216\323~vG0E\002!\000\315\213!w\014\226t\367\275'\337\262I\006\366\204X\277)l/\031g\365\271\364{dMRM\344\002 \020\314\007\350a\004\031\303S2\2344\247x\361[\230\210L\222\032'\003%B\333\n\225 \221\022i""; ","validation: """"\200\000\000\001&\000\000\000\017)/\351\252\341:\r\302\353\023?\373\240rQ\231>\331\263H\214\324\030A\225\301o\346pkSF\004\241\213w9\223=\250\262*+\255\351r\265P\027\000\000\000\000\000\000\000\000\000\000\000\000\000\000\000\000\000\000\000\000\000\000\000\000\000\000\000\000\000\000\000\000P\031c\273\016\301\024\363\242\247\263\231\370\344\nBW\220K\316@3\243\200\036wk\253GSlU\010\360s!\003R7o\362bV\300hf\266\241;}\200^\374\240\203[:\342Q\225\221\027y\372\255\235\216\323~vG0E\002!\000\315\213!w\014\226t\367\275'\337\262I\006\366\204X\277)l/\031g\365\271\364{dMRM\344\002 \020\314\007\350a\004\031\303S2\2344\247x\361[\230\210L\222\032'\003%B\333\n\225 \221\022i""; "
1750527585640,1750527585640,0,1,1,3,TMValidation,"validation: """"\200\000\000\001&\000\000\000\017)/\351\252\341:\r\302\353\023?\373\240rQ\231>\331\263H\214\324\030A\225\301o\346pkSF\004\241\213w9\223=\250\262*+\255\351r\265P\027\000\000\000\000\000\000\000\000\000\000\000\000\000\000\000\000\000\000\000\000\000\000\000\000\000\000\000\000\000\000\000\000P\031c\273\016\301\024\363\242\247\263\231\370\344\nBW\220K\316@3\243\200\036wk\253GSlU\010\360s!\003R7o\362bV\300hf\266\241;}\200^\374\240\203[:\342Q\225\221\027y\372\255\235\216\323~vG0E\002!\000\315\213!w\014\226t\367\275'\337\262I\006\366\204X\277)l/\031g\365\271\364{dMRM\344\002 \020\314\007\350a\004\031\303S2\2344\247x\361[\230\210L\222\032'\003%B\333\n\225 \221\022i""; ","validation: """"\200\000\000\001&\000\000\000\017)/\351\252\341:\r\302\353\023?\373\240rQ\231>\331\263H\214\324\030A\225\301o\346pkSF\004\241\213w9\223=\250\262*+\255\351r\265P\027\000\000\000\000\000\000\000\000\000\000\000\000\000\000\000\000\000\000\000\000\000\000\000\000\000\000\000\000\000\000\000\000P\031c\273\016\301\024\363\242\247\263\231\370\344\nBW\220K\316@3\243\200\036wk\253GSlU\010\360s!\003R7o\362bV\300hf\266\241;}\200^\374\240\203[:\342Q\225\221\027y\372\255\235\216\323~vG0E\002!\000\315\213!w\014\226t\367\275'\337\262I\006\366\204X\277)l/\031g\365\271\364{dMRM\344\002 \020\314\007\350a\004\031\303S2\2344\247x\361[\230\210L\222\032'\003%B\333\n\225 \221\022i""; "
1750527585640,1750527585640,0,1,1,0,TMValidation,"validation: """"\200\000\000\001&\000\000\000\017)/\351\252\341:\r\302\353\023?\373\240rQ\231>\331\263H\214\324\030A\225\301o\346pkSF\004\241\213w9\223=\250\262*+\255\351r\265P\027\000\000\000\000\000\000\000\000\000\000\000\000\000\000\000\000\000\000\000\000\000\000\000\000\000\000\000\000\000\000\000\000P\031c\273\016\301\024\363\242\247\263\231\370\344\nBW\220K\316@3\243\200\036wk\253GSlU\010\360s!\003R7o\362bV\300hf\266\241;}\200^\374\240\203[:\342Q\225\221\027y\372\255\235\216\323~vG0E\002!\000\315\213!w\014\226t\367\275'\337\262I\006\366\204X\277)l/\031g\365\271\364{dMRM\344\002 \020\314\007\350a\004\031\303S2\2344\247x\361[\230\210L\222\032'\003%B\333\n\225 \221\022i""; ","validation: """"\200\000\000\001&\000\000\000\017)/\351\252\341:\r\302\353\023?\373\240rQ\231>\331\263H\214\324\030A\225\301o\346pkSF\004\241\213w9\223=\250\262*+\255\351r\265P\027\000\000\000\000\000\000\000\000\000\000\000\000\000\000\000\000\000\000\000\000\000\000\000\000\000\000\000\000\000\000\000\000P\031c\273\016\301\024\363\242\247\263\231\370\344\nBW\220K\316@3\243\200\036wk\253GSlU\010\360s!\003R7o\362bV\300hf\266\241;}\200^\374\240\203[:\342Q\225\221\027y\372\255\235\216\323~vG0E\002!\000\315\213!w\014\226t\367\275'\337\262I\006\366\204X\277)l/\031g\365\271\364{dMRM\344\002 \020\314\007\350a\004\031\303S2\2344\247x\361[\230\210L\222\032'\003%B\333\n\225 \221\022i""; "
1750527585641,1750527585641,0,1,0,3,TMValidation,"validation: """"\200\000\000\001&\000\000\000\017)/\351\252\341:\r\302\353\023?\373\240rQ\231>\331\263H\214\324\030A\225\301o\346pkSF\004\241\213w9\223=\250\262*+\255\351r\265P\027\000\000\000\000\000\000\000\000\000\000\000\000\000\000\000\000\000\000\000\000\000\000\000\000\000\000\000\000\000\000\000\000P\031c\273\016\301\024\363\242\247\263\231\370\344\nBW\220K\316@3\243\200\036wk\253GSlU\010\360s!\003R7o\362bV\300hf\266\241;}\200^\374\240\203[:\342Q\225\221\027y\372\255\235\216\323~vG0E\002!\000\315\213!w\014\226t\367\275'\337\262I\006\366\204X\277)l/\031g\365\271\364{dMRM\344\002 \020\314\007\350a\004\031\303S2\2344\247x\361[\230\210L\222\032'\003%B\333\n\225 \221\022i""; ","validation: """"\200\000\000\001&\000\000\000\017)/\351\252\341:\r\302\353\023?\373\240rQ\231>\331\263H\214\324\030A\225\301o\346pkSF\004\241\213w9\223=\250\262*+\255\351r\265P\027\000\000\000\000\000\000\000\000\000\000\000\000\000\000\000\000\000\000\000\000\000\000\000\000\000\000\000\000\000\000\000\000P\031c\273\016\301\024\363\242\247\263\231\370\344\nBW\220K\316@3\243\200\036wk\253GSlU\010\360s!\003R7o\362bV\300hf\266\241;}\200^\374\240\203[:\342Q\225\221\027y\372\255\235\216\323~vG0E\002!\000\315\213!w\014\226t\367\275'\337\262I\006\366\204X\277)l/\031g\365\271\364{dMRM\344\002 \020\314\007\350a\004\031\303S2\2344\247x\361[\230\210L\222\032'\003%B\333\n\225 \221\022i""; "
1750527585641,1750527585641,0,1,0,1,TMValidation,"validation: """"\200\000\000\001&\000\000\000\017)/\351\252\341:\r\302\353\023?\373\240rQ\231>\331\263H\214\324\030A\225\301o\346pkSF\004\241\213w9\223=\250\262*+\255\351r\265P\027\000\000\000\000\000\000\000\000\000\000\000\000\000\000\000\000\000\000\000\000\000\000\000\000\000\000\000\000\000\000\000\000P\031c\273\016\301\024\363\242\247\263\231\370\344\nBW\220K\316@3\243\200\036wk\253GSlU\010\360s!\003R7o\362bV\300hf\266\241;}\200^\374\240\203[:\342Q\225\221\027y\372\255\235\216\323~vG0E\002!\000\315\213!w\014\226t\367\275'\337\262I\006\366\204X\277)l/\031g\365\271\364{dMRM\344\002 \020\314\007\350a\004\031\303S2\2344\247x\361[\230\210L\222\032'\003%B\333\n\225 \221\022i""; ","validation: """"\200\000\000\001&\000\000\000\017)/\351\252\341:\r\302\353\023?\373\240rQ\231>\331\263H\214\324\030A\225\301o\346pkSF\004\241\213w9\223=\250\262*+\255\351r\265P\027\000\000\000\000\000\000\000\000\000\000\000\000\000\000\000\000\000\000\000\000\000\000\000\000\000\000\000\000\000\000\000\000P\031c\273\016\301\024\363\242\247\263\231\370\344\nBW\220K\316@3\243\200\036wk\253GSlU\010\360s!\003R7o\362bV\300hf\266\241;}\200^\374\240\203[:\342Q\225\221\027y\372\255\235\216\323~vG0E\002!\000\315\213!w\014\226t\367\275'\337\262I\006\366\204X\277)l/\031g\365\271\364{dMRM\344\002 \020\314\007\350a\004\031\303S2\2344\247x\361[\230\210L\222\032'\003%B\333\n\225 \221\022i""; "
1750527586429,1750527586429,0,1,3,2,TMProposeSet,"proposeSeq: 0; currentTxHash: ""\000\000\000\000\000\000\000\000\000\000\000\000\000\000\000\000\000\000\000\000\000\000\000\000\000\000\000\000\000\000\000\000""; nodePubKey: ""\002\364d\217\366\217|\316F\232\231\241\n\261\333`\312O\367\235\025DD\336e\367\n\312\326\221\037\025\230""; closeTime: 803842786; signature: ""0D\002 _\002x\300\276t\277W\035QAK\271H\261/\260\352js@\353\026\tB\243\256\364\002\203I\215\002 ku\274\306\223\223\301\374\310\226=\353\277\204\235\227\260:o\314\207q)\255\021\261&J\303\326\225\021""; previousledger: ""\231>\331\263H\214\324\030A\225\301o\346pkSF\004\241\213w9\223=\250\262*+\255\351r\265""; ","proposeSeq: 0; currentTxHash: ""\000\000\000\000\000\000\000\000\000\000\000\000\000\000\000\000\000\000\000\000\000\000\000\000\000\000\000\000\000\000\000\000""; nodePubKey: ""\002\364d\217\366\217|\316F\232\231\241\n\261\333`\312O\367\235\025DD\336e\367\n\312\326\221\037\025\230""; closeTime: 803842786; signature: ""0D\002 _\002x\300\276t\277W\035QAK\271H\261/\260\352js@\353\026\tB\243\256\364\002\203I\215\002 ku\274\306\223\223\301\374\310\226=\353\277\204\235\227\260:o\314\207q)\255\021\261&J\303\326\225\021""; previousledger: ""\231>\331\263H\214\324\030A\225\301o\346pkSF\004\241\213w9\223=\250\262*+\255\351r\265""; "
1750527586429,1750527586469,0,1,3,4,TMStatusChange,"newEvent: neCLOSING_LEDGER; ledgerSeq: 15; ledgerHash: ""\231>\331\263H\214\324\030A\225\301o\346pkSF\004\241\213w9\223=\250\262*+\255\351r\265""; ledgerHashPrevious: ""c\273\016\301\024\363\242\247\263\231\370\344\nBW\220K\316@3\243\200\036wk\253GSlU\010\360""; networkTime: 803842786; firstSeq: 1; lastSeq: 15; ","newEvent: neCLOSING_LEDGER; ledgerSeq: 15; ledgerHash: ""\231>\331\263H\214\324\030A\225\301o\346pkSF\004\241\213w9\223=\250\262*+\255\351r\265""; ledgerHashPrevious: ""c\273\016\301\024\363\242\247\263\231\370\344\nBW\220K\316@3\243\200\036wk\253GSlU\010\360""; networkTime: 803842786; firstSeq: 1; lastSeq: 15; "
1750527586429,1750527586470,0,1,3,2,TMStatusChange,"newEvent: neCLOSING_LEDGER; ledgerSeq: 15; ledgerHash: ""\231>\331\263H\214\324\030A\225\301o\346pkSF\004\241\213w9\223=\250\262*+\255\351r\265""; ledgerHashPrevious: ""c\273\016\301\024\363\242\247\263\231\370\344\nBW\220K\316@3\243\200\036wk\253GSlU\010\360""; networkTime: 803842786; firstSeq: 1; lastSeq: 15; ","newEvent: neCLOSING_LEDGER; ledgerSeq: 15; ledgerHash: ""\231>\331\263H\214\324\030A\225\301o\346pkSF\004\241\213w9\223=\250\262*+\255\351r\265""; ledgerHashPrevious: ""c\273\016\301\024\363\242\247\263\231\370\344\nBW\220K\316@3\243\200\036wk\253GSlU\010\360""; networkTime: 803842786; firstSeq: 1; lastSeq: 15; "
1750527586430,1750527586470,0,1,3,0,TMStatusChange,"newEvent: neCLOSING_LEDGER; ledgerSeq: 15; ledgerHash: ""\231>\331\263H\214\324\030A\225\301o\346pkSF\004\241\213w9\223=\250\262*+\255\351r\265""; ledgerHashPrevious: ""c\273\016\301\024\363\242\247\263\231\370\344\nBW\220K\316@3\243\200\036wk\253GSlU\010\360""; networkTime: 803842786; firstSeq: 1; lastSeq: 15; ","newEvent: neCLOSING_LEDGER; ledgerSeq: 15; ledgerHash: ""\231>\331\263H\214\324\030A\225\301o\346pkSF\004\241\213w9\223=\250\262*+\255\351r\265""; ledgerHashPrevious: ""c\273\016\301\024\363\242\247\263\231\370\344\nBW\220K\316@3\243\200\036wk\253GSlU\010\360""; networkTime: 803842786; firstSeq: 1; lastSeq: 15; "
1750527586430,1750527586470,0,1,3,1,TMStatusChange,"newEvent: neCLOSING_LEDGER; ledgerSeq: 15; ledgerHash: ""\231>\331\263H\214\324\030A\225\301o\346pkSF\004\241\213w9\223=\250\262*+\255\351r\265""; ledgerHashPrevious: ""c\273\016\301\024\363\242\247\263\231\370\344\nBW\220K\316@3\243\200\036wk\253GSlU\010\360""; networkTime: 803842786; firstSeq: 1; lastSeq: 15; ","newEvent: neCLOSING_LEDGER; ledgerSeq: 15; ledgerHash: ""\231>\331\263H\214\324\030A\225\301o\346pkSF\004\241\213w9\223=\250\262*+\255\351r\265""; ledgerHashPrevious: ""c\273\016\301\024\363\242\247\263\231\370\344\nBW\220K\316@3\243\200\036wk\253GSlU\010\360""; networkTime: 803842786; firstSeq: 1; lastSeq: 15; "
1750527586474,1750527586474,0,1,3,4,TMProposeSet,"proposeSeq: 0; currentTxHash: ""\000\000\000\000\000\000\000\000\000\000\000\000\000\000\000\000\000\000\000\000\000\000\000\000\000\000\000\000\000\000\000\000""; nodePubKey: ""\002\364d\217\366\217|\316F\232\231\241\n\261\333`\312O\367\235\025DD\336e\367\n\312\326\221\037\025\230""; closeTime: 803842786; signature: ""0D\002 _\002x\300\276t\277W\035QAK\271H\261/\260\352js@\353\026\tB\243\256\364\002\203I\215\002 ku\274\306\223\223\301\374\310\226=\353\277\204\235\227\260:o\314\207q)\255\021\261&J\303\326\225\021""; previousledger: ""\231>\331\263H\214\324\030A\225\301o\346pkSF\004\241\213w9\223=\250\262*+\255\351r\265""; ","proposeSeq: 0; currentTxHash: ""\000\000\000\000\000\000\000\000\000\000\000\000\000\000\000\000\000\000\000\000\000\000\000\000\000\000\000\000\000\000\000\000""; nodePubKey: ""\002\364d\217\366\217|\316F\232\231\241\n\261\333`\312O\367\235\025DD\336e\367\n\312\326\221\037\025\230""; closeTime: 803842786; signature: ""0D\002 _\002x\300\276t\277W\035QAK\271H\261/\260\352js@\353\026\tB\243\256\364\002\203I\215\002 ku\274\306\223\223\301\374\310\226=\353\277\204\235\227\260:o\314\207q)\255\021\261&J\303\326\225\021""; previousledger: ""\231>\331\263H\214\324\030A\225\301o\346pkSF\004\241\213w9\223=\250\262*+\255\351r\265""; "
1750527586475,1750527586475,0,1,3,1,TMProposeSet,"proposeSeq: 0; currentTxHash: ""\000\000\000\000\000\000\000\000\000\000\000\000\000\000\000\000\000\000\000\000\000\000\000\000\000\000\000\000\000\000\000\000""; nodePubKey: ""\002\364d\217\366\217|\316F\232\231\241\n\261\333`\312O\367\235\025DD\336e\367\n\312\326\221\037\025\230""; closeTime: 803842786; signature: ""0D\002 _\002x\300\276t\277W\035QAK\271H\261/\260\352js@\353\026\tB\243\256\364\002\203I\215\002 ku\274\306\223\223\301\374\310\226=\353\277\204\235\227\260:o\314\207q)\255\021\261&J\303\326\225\021""; previousledger: ""\231>\331\263H\214\324\030A\225\301o\346pkSF\004\241\213w9\223=\250\262*+\255\351r\265""; ","proposeSeq: 0; currentTxHash: ""\000\000\000\000\000\000\000\000\000\000\000\000\000\000\000\000\000\000\000\000\000\000\000\000\000\000\000\000\000\000\000\000""; nodePubKey: ""\002\364d\217\366\217|\316F\232\231\241\n\261\333`\312O\367\235\025DD\336e\367\n\312\326\221\037\025\230""; closeTime: 803842786; signature: ""0D\002 _\002x\300\276t\277W\035QAK\271H\261/\260\352js@\353\026\tB\243\256\364\002\203I\215\002 ku\274\306\223\223\301\374\310\226=\353\277\204\235\227\260:o\314\207q)\255\021\261&J\303\326\225\021""; previousledger: ""\231>\331\263H\214\324\030A\225\301o\346pkSF\004\241\213w9\223=\250\262*+\255\351r\265""; "
1750527586475,1750527586475,0,1,3,0,TMProposeSet,"proposeSeq: 0; currentTxHash: ""\000\000\000\000\000\000\000\000\000\000\000\000\000\000\000\000\000\000\000\000\000\000\000\000\000\000\000\000\000\000\000\000""; nodePubKey: ""\002\364d\217\366\217|\316F\232\231\241\n\261\333`\312O\367\235\025DD\336e\367\n\312\326\221\037\025\230""; closeTime: 803842786; signature: ""0D\002 _\002x\300\276t\277W\035QAK\271H\261/\260\352js@\353\026\tB\243\256\364\002\203I\215\002 ku\274\306\223\223\301\374\310\226=\353\277\204\235\227\260:o\314\207q)\255\021\261&J\303\326\225\021""; previousledger: ""\231>\331\263H\214\324\030A\225\301o\346pkSF\004\241\213w9\223=\250\262*+\255\351r\265""; ","proposeSeq: 0; currentTxHash: ""\000\000\000\000\000\000\000\000\000\000\000\000\000\000\000\000\000\000\000\000\000\000\000\000\000\000\000\000\000\000\000\000""; nodePubKey: ""\002\364d\217\366\217|\316F\232\231\241\n\261\333`\312O\367\235\025DD\336e\367\n\312\326\221\037\025\230""; closeTime: 803842786; signature: ""0D\002 _\002x\300\276t\277W\035QAK\271H\261/\260\352js@\353\026\tB\243\256\364\002\203I\215\002 ku\274\306\223\223\301\374\310\226=\353\277\204\235\227\260:o\314\207q)\255\021\261&J\303\326\225\021""; previousledger: ""\231>\331\263H\214\324\030A\225\301o\346pkSF\004\241\213w9\223=\250\262*+\255\351r\265""; "
1750527586477,1750527586477,0,1,4,1,TMProposeSet,"proposeSeq: 0; currentTxHash: ""\000\000\000\000\000\000\000\000\000\000\000\000\000\000\000\000\000\000\000\000\000\000\000\000\000\000\000\000\000\000\000\000""; nodePubKey: ""\002\364d\217\366\217|\316F\232\231\241\n\261\333`\312O\367\235\025DD\336e\367\n\312\326\221\037\025\230""; closeTime: 803842786; signature: ""0D\002 _\002x\300\276t\277W\035QAK\271H\261/\260\352js@\353\026\tB\243\256\364\002\203I\215\002 ku\274\306\223\223\301\374\310\226=\353\277\204\235\227\260:o\314\207q)\255\021\261&J\303\326\225\021""; previousledger: ""\231>\331\263H\214\324\030A\225\301o\346pkSF\004\241\213w9\223=\250\262*+\255\351r\265""; ","proposeSeq: 0; currentTxHash: ""\000\000\000\000\000\000\000\000\000\000\000\000\000\000\000\000\000\000\000\000\000\000\000\000\000\000\000\000\000\000\000\000""; nodePubKey: ""\002\364d\217\366\217|\316F\232\231\241\n\261\333`\312O\367\235\025DD\336e\367\n\312\326\221\037\025\230""; closeTime: 803842786; signature: ""0D\002 _\002x\300\276t\277W\035QAK\271H\261/\260\352js@\353\026\tB\243\256\364\002\203I\215\002 ku\274\306\223\223\301\374\310\226=\353\277\204\235\227\260:o\314\207q)\255\021\261&J\303\326\225\021""; previousledger: ""\231>\331\263H\214\324\030A\225\301o\346pkSF\004\241\213w9\223=\250\262*+\255\351r\265""; "
1750527586478,1750527586478,0,1,4,0,TMProposeSet,"proposeSeq: 0; currentTxHash: ""\000\000\000\000\000\000\000\000\000\000\000\000\000\000\000\000\000\000\000\000\000\000\000\000\000\000\000\000\000\000\000\000""; nodePubKey: ""\002\364d\217\366\217|\316F\232\231\241\n\261\333`\312O\367\235\025DD\336e\367\n\312\326\221\037\025\230""; closeTime: 803842786; signature: ""0D\002 _\002x\300\276t\277W\035QAK\271H\261/\260\352js@\353\026\tB\243\256\364\002\203I\215\002 ku\274\306\223\223\301\374\310\226=\353\277\204\235\227\260:o\314\207q)\255\021\261&J\303\326\225\021""; previousledger: ""\231>\331\263H\214\324\030A\225\301o\346pkSF\004\241\213w9\223=\250\262*+\255\351r\265""; ","proposeSeq: 0; currentTxHash: ""\000\000\000\000\000\000\000\000\000\000\000\000\000\000\000\000\000\000\000\000\000\000\000\000\000\000\000\000\000\000\000\000""; nodePubKey: ""\002\364d\217\366\217|\316F\232\231\241\n\261\333`\312O\367\235\025DD\336e\367\n\312\326\221\037\025\230""; closeTime: 803842786; signature: ""0D\002 _\002x\300\276t\277W\035QAK\271H\261/\260\352js@\353\026\tB\243\256\364\002\203I\215\002 ku\274\306\223\223\301\374\310\226=\353\277\204\235\227\260:o\314\207q)\255\021\261&J\303\326\225\021""; previousledger: ""\231>\331\263H\214\324\030A\225\301o\346pkSF\004\241\213w9\223=\250\262*+\255\351r\265""; "
1750527586477,1750527586477,0,1,4,2,TMProposeSet,"proposeSeq: 0; currentTxHash: ""\000\000\000\000\000\000\000\000\000\000\000\000\000\000\000\000\000\000\000\000\000\000\000\000\000\000\000\000\000\000\000\000""; nodePubKey: ""\002\364d\217\366\217|\316F\232\231\241\n\261\333`\312O\367\235\025DD\336e\367\n\312\326\221\037\025\230""; closeTime: 803842786; signature: ""0D\002 _\002x\300\276t\277W\035QAK\271H\261/\260\352js@\353\026\tB\243\256\364\002\203I\215\002 ku\274\306\223\223\301\374\310\226=\353\277\204\235\227\260:o\314\207q)\255\021\261&J\303\326\225\021""; previousledger: ""\231>\331\263H\214\324\030A\225\301o\346pkSF\004\241\213w9\223=\250\262*+\255\351r\265""; ","proposeSeq: 0; currentTxHash: ""\000\000\000\000\000\000\000\000\000\000\000\000\000\000\000\000\000\000\000\000\000\000\000\000\000\000\000\000\000\000\000\000""; nodePubKey: ""\002\364d\217\366\217|\316F\232\231\241\n\261\333`\312O\367\235\025DD\336e\367\n\312\326\221\037\025\230""; closeTime: 803842786; signature: ""0D\002 _\002x\300\276t\277W\035QAK\271H\261/\260\352js@\353\026\tB\243\256\364\002\203I\215\002 ku\274\306\223\223\301\374\310\226=\353\277\204\235\227\260:o\314\207q)\255\021\261&J\303\326\225\021""; previousledger: ""\231>\331\263H\214\324\030A\225\301o\346pkSF\004\241\213w9\223=\250\262*+\255\351r\265""; "
1750527586519,1750527586519,0,1,0,4,TMStatusChange,"newEvent: neACCEPTED_LEDGER; ledgerSeq: 9; ledgerHash: ""c\021W4\027y\320\003\222Bm\314(t\277ZO\216""""\240\036\343;t\272\036\216\317aR\344""; ledgerHashPrevious: ""\325\371\316>\336\364\361`\021\nV\271\333\031\320\244t\024/\346+\231\223\334h\037s\322=Z\307\242""; networkTime: 803842786; firstSeq: 1; lastSeq: 15; ","newEvent: neACCEPTED_LEDGER; ledgerSeq: 9; ledgerHash: ""c\021W4\027y\320\003\222Bm\314(t\277ZO\216""""\240\036\343;t\272\036\216\317aR\344""; ledgerHashPrevious: ""\325\371\316>\336\364\361`\021\nV\271\333\031\320\244t\024/\346+\231\223\334h\037s\322=Z\307\242""; networkTime: 803842786; firstSeq: 1; lastSeq: 15; "
1750527586519,1750527586519,0,1,0,3,TMStatusChange,"newEvent: neACCEPTED_LEDGER; ledgerSeq: 9; ledgerHash: ""c\021W4\027y\320\003\222Bm\314(t\277ZO\216""""\240\036\343;t\272\036\216\317aR\344""; ledgerHashPrevious: ""\325\371\316>\336\364\361`\021\nV\271\333\031\320\244t\024/\346+\231\223\334h\037s\322=Z\307\242""; networkTime: 803842786; firstSeq: 1; lastSeq: 15; ","newEvent: neACCEPTED_LEDGER; ledgerSeq: 9; ledgerHash: ""c\021W4\027y\320\003\222Bm\314(t\277ZO\216""""\240\036\343;t\272\036\216\317aR\344""; ledgerHashPrevious: ""\325\371\316>\336\364\361`\021\nV\271\333\031\320\244t\024/\346+\231\223\334h\037s\322=Z\307\242""; networkTime: 803842786; firstSeq: 1; lastSeq: 15; "
1750527586519,1750527586519,0,1,0,1,TMStatusChange,"newEvent: neACCEPTED_LEDGER; ledgerSeq: 9; ledgerHash: ""c\021W4\027y\320\003\222Bm\314(t\277ZO\216""""\240\036\343;t\272\036\216\317aR\344""; ledgerHashPrevious: ""\325\371\316>\336\364\361`\021\nV\271\333\031\320\244t\024/\346+\231\223\334h\037s\322=Z\307\242""; networkTime: 803842786; firstSeq: 1; lastSeq: 15; ","newEvent: neACCEPTED_LEDGER; ledgerSeq: 9; ledgerHash: ""c\021W4\027y\320\003\222Bm\314(t\277ZO\216""""\240\036\343;t\272\036\216\317aR\344""; ledgerHashPrevious: ""\325\371\316>\336\364\361`\021\nV\271\333\031\320\244t\024/\346+\231\223\334h\037s\322=Z\307\242""; networkTime: 803842786; firstSeq: 1; lastSeq: 15; "
1750527586519,1750527586519,0,1,0,2,TMStatusChange,"newEvent: neACCEPTED_LEDGER; ledgerSeq: 9; ledgerHash: ""c\021W4\027y\320\003\222Bm\314(t\277ZO\216""""\240\036\343;t\272\036\216\317aR\344""; ledgerHashPrevious: ""\325\371\316>\336\364\361`\021\nV\271\333\031\320\244t\024/\346+\231\223\334h\037s\322=Z\307\242""; networkTime: 803842786; firstSeq: 1; lastSeq: 15; ","newEvent: neACCEPTED_LEDGER; ledgerSeq: 9; ledgerHash: ""c\021W4\027y\320\003\222Bm\314(t\277ZO\216""""\240\036\343;t\272\036\216\317aR\344""; ledgerHashPrevious: ""\325\371\316>\336\364\361`\021\nV\271\333\031\320\244t\024/\346+\231\223\334h\037s\322=Z\307\242""; networkTime: 803842786; firstSeq: 1; lastSeq: 15; "
1750527586595,1750527586595,0,1,4,0,TMProposeSet,"proposeSeq: 0; currentTxHash: ""\000\000\000\000\000\000\000\000\000\000\000\000\000\000\000\000\000\000\000\000\000\000\000\000\000\000\000\000\000\000\000\000""; nodePubKey: ""\003R7o\362bV\300hf\266\241;}\200^\374\240\203[:\342Q\225\221\027y\372\255\235\216\323~""; closeTime: 803842786; signature: ""0D\002 I\357C@q\234\031\213\023\272\277\nZ?\350\347\t&p\226\032/,L\343P\006\240\351_\022\241\002 (\251\236\263\371o\320\303\352\317\341O\032\262\236\264\201\370\353\247K\277\267\355)\342\364\007\341}\300\202""; previousledger: ""\231>\331\263H\214\324\030A\225\301o\346pkSF\004\241\213w9\223=\250\262*+\255\351r\265""; ","proposeSeq: 0; currentTxHash: ""\000\000\000\000\000\000\000\000\000\000\000\000\000\000\000\000\000\000\000\000\000\000\000\000\000\000\000\000\000\000\000\000""; nodePubKey: ""\003R7o\362bV\300hf\266\241;}\200^\374\240\203[:\342Q\225\221\027y\372\255\235\216\323~""; closeTime: 803842786; signature: ""0D\002 I\357C@q\234\031\213\023\272\277\nZ?\350\347\t&p\226\032/,L\343P\006\240\351_\022\241\002 (\251\236\263\371o\320\303\352\317\341O\032\262\236\264\201\370\353\247K\277\267\355)\342\364\007\341}\300\202""; previousledger: ""\231>\331\263H\214\324\030A\225\301o\346pkSF\004\241\213w9\223=\250\262*+\255\351r\265""; "
1750527586595,1750527586595,0,1,4,2,TMProposeSet,"proposeSeq: 0; currentTxHash: ""\000\000\000\000\000\000\000\000\000\000\000\000\000\000\000\000\000\000\000\000\000\000\000\000\000\000\000\000\000\000\000\000""; nodePubKey: ""\003R7o\362bV\300hf\266\241;}\200^\374\240\203[:\342Q\225\221\027y\372\255\235\216\323~""; closeTime: 803842786; signature: ""0D\002 I\357C@q\234\031\213\023\272\277\nZ?\350\347\t&p\226\032/,L\343P\006\240\351_\022\241\002 (\251\236\263\371o\320\303\352\317\341O\032\262\236\264\201\370\353\247K\277\267\355)\342\364\007\341}\300\202""; previousledger: ""\231>\331\263H\214\324\030A\225\301o\346pkSF\004\241\213w9\223=\250\262*+\255\351r\265""; ","proposeSeq: 0; currentTxHash: ""\000\000\000\000\000\000\000\000\000\000\000\000\000\000\000\000\000\000\000\000\000\000\000\000\000\000\000\000\000\000\000\000""; nodePubKey: ""\003R7o\362bV\300hf\266\241;}\200^\374\240\203[:\342Q\225\221\027y\372\255\235\216\323~""; closeTime: 803842786; signature: ""0D\002 I\357C@q\234\031\213\023\272\277\nZ?\350\347\t&p\226\032/,L\343P\006\240\351_\022\241\002 (\251\236\263\371o\320\303\352\317\341O\032\262\236\264\201\370\353\247K\277\267\355)\342\364\007\341}\300\202""; previousledger: ""\231>\331\263H\214\324\030A\225\301o\346pkSF\004\241\213w9\223=\250\262*+\255\351r\265""; "
1750527586595,1750527586595,0,1,4,1,TMProposeSet,"proposeSeq: 0; currentTxHash: ""\000\000\000\000\000\000\000\000\000\000\000\000\000\000\000\000\000\000\000\000\000\000\000\000\000\000\000\000\000\000\000\000""; nodePubKey: ""\003R7o\362bV\300hf\266\241;}\200^\374\240\203[:\342Q\225\221\027y\372\255\235\216\323~""; closeTime: 803842786; signature: ""0D\002 I\357C@q\234\031\213\023\272\277\nZ?\350\347\t&p\226\032/,L\343P\006\240\351_\022\241\002 (\251\236\263\371o\320\303\352\317\341O\032\262\236\264\201\370\353\247K\277\267\355)\342\364\007\341}\300\202""; previousledger: ""\231>\331\263H\214\324\030A\225\301o\346pkSF\004\241\213w9\223=\250\262*+\255\351r\265""; ","proposeSeq: 0; currentTxHash: ""\000\000\000\000\000\000\000\000\000\000\000\000\000\000\000\000\000\000\000\000\000\000\000\000\000\000\000\000\000\000\000\000""; nodePubKey: ""\003R7o\362bV\300hf\266\241;}\200^\374\240\203[:\342Q\225\221\027y\372\255\235\216\323~""; closeTime: 803842786; signature: ""0D\002 I\357C@q\234\031\213\023\272\277\nZ?\350\347\t&p\226\032/,L\343P\006\240\351_\022\241\002 (\251\236\263\371o\320\303\352\317\341O\032\262\236\264\201\370\353\247K\277\267\355)\342\364\007\341}\300\202""; previousledger: ""\231>\331\263H\214\324\030A\225\301o\346pkSF\004\241\213w9\223=\250\262*+\255\351r\265""; "
1750527586634,1750527586634,0,1,4,3,TMProposeSet,"proposeSeq: 0; currentTxHash: ""\000\000\000\000\000\000\000\000\000\000\000\000\000\000\000\000\000\000\000\000\000\000\000\000\000\000\000\000\000\000\000\000""; nodePubKey: ""\003R7o\362bV\300hf\266\241;}\200^\374\240\203[:\342Q\225\221\027y\372\255\235\216\323~""; closeTime: 803842786; signature: ""0D\002 I\357C@q\234\031\213\023\272\277\nZ?\350\347\t&p\226\032/,L\343P\006\240\351_\022\241\002 (\251\236\263\371o\320\303\352\317\341O\032\262\236\264\201\370\353\247K\277\267\355)\342\364\007\341}\300\202""; previousledger: ""\231>\331\263H\214\324\030A\225\301o\346pkSF\004\241\213w9\223=\250\262*+\255\351r\265""; ","proposeSeq: 0; currentTxHash: ""\000\000\000\000\000\000\000\000\000\000\000\000\000\000\000\000\000\000\000\000\000\000\000\000\000\000\000\000\000\000\000\000""; nodePubKey: ""\003R7o\362bV\300hf\266\241;}\200^\374\240\203[:\342Q\225\221\027y\372\255\235\216\323~""; closeTime: 803842786; signature: ""0D\002 I\357C@q\234\031\213\023\272\277\nZ?\350\347\t&p\226\032/,L\343P\006\240\351_\022\241\002 (\251\236\263\371o\320\303\352\317\341O\032\262\236\264\201\370\353\247K\277\267\355)\342\364\007\341}\300\202""; previousledger: ""\231>\331\263H\214\324\030A\225\301o\346pkSF\004\241\213w9\223=\250\262*+\255\351r\265""; "
1750527586595,1750527586634,0,1,4,3,TMStatusChange,"newEvent: neCLOSING_LEDGER; ledgerSeq: 15; ledgerHash: ""\231>\331\263H\214\324\030A\225\301o\346pkSF\004\241\213w9\223=\250\262*+\255\351r\265""; ledgerHashPrevious: ""c\273\016\301\024\363\242\247\263\231\370\344\nBW\220K\316@3\243\200\036wk\253GSlU\010\360""; networkTime: 803842786; firstSeq: 1; lastSeq: 15; ","newEvent: neCLOSING_LEDGER; ledgerSeq: 15; ledgerHash: ""\231>\331\263H\214\324\030A\225\301o\346pkSF\004\241\213w9\223=\250\262*+\255\351r\265""; ledgerHashPrevious: ""c\273\016\301\024\363\242\247\263\231\370\344\nBW\220K\316@3\243\200\036wk\253GSlU\010\360""; networkTime: 803842786; firstSeq: 1; lastSeq: 15; "
1750527586596,1750527586635,0,1,4,2,TMStatusChange,"newEvent: neCLOSING_LEDGER; ledgerSeq: 15; ledgerHash: ""\231>\331\263H\214\324\030A\225\301o\346pkSF\004\241\213w9\223=\250\262*+\255\351r\265""; ledgerHashPrevious: ""c\273\016\301\024\363\242\247\263\231\370\344\nBW\220K\316@3\243\200\036wk\253GSlU\010\360""; networkTime: 803842786; firstSeq: 1; lastSeq: 15; ","newEvent: neCLOSING_LEDGER; ledgerSeq: 15; ledgerHash: ""\231>\331\263H\214\324\030A\225\301o\346pkSF\004\241\213w9\223=\250\262*+\255\351r\265""; ledgerHashPrevious: ""c\273\016\301\024\363\242\247\263\231\370\344\nBW\220K\316@3\243\200\036wk\253GSlU\010\360""; networkTime: 803842786; firstSeq: 1; lastSeq: 15; "
1750527586597,1750527586635,0,1,4,0,TMStatusChange,"newEvent: neCLOSING_LEDGER; ledgerSeq: 15; ledgerHash: ""\231>\331\263H\214\324\030A\225\301o\346pkSF\004\241\213w9\223=\250\262*+\255\351r\265""; ledgerHashPrevious: ""c\273\016\301\024\363\242\247\263\231\370\344\nBW\220K\316@3\243\200\036wk\253GSlU\010\360""; networkTime: 803842786; firstSeq: 1; lastSeq: 15; ","newEvent: neCLOSING_LEDGER; ledgerSeq: 15; ledgerHash: ""\231>\331\263H\214\324\030A\225\301o\346pkSF\004\241\213w9\223=\250\262*+\255\351r\265""; ledgerHashPrevious: ""c\273\016\301\024\363\242\247\263\231\370\344\nBW\220K\316@3\243\200\036wk\253GSlU\010\360""; networkTime: 803842786; firstSeq: 1; lastSeq: 15; "
1750527586598,1750527586635,0,1,4,1,TMStatusChange,"newEvent: neCLOSING_LEDGER; ledgerSeq: 15; ledgerHash: ""\231>\331\263H\214\324\030A\225\301o\346pkSF\004\241\213w9\223=\250\262*+\255\351r\265""; ledgerHashPrevious: ""c\273\016\301\024\363\242\247\263\231\370\344\nBW\220K\316@3\243\200\036wk\253GSlU\010\360""; networkTime: 803842786; firstSeq: 1; lastSeq: 15; ","newEvent: neCLOSING_LEDGER; ledgerSeq: 15; ledgerHash: ""\231>\331\263H\214\324\030A\225\301o\346pkSF\004\241\213w9\223=\250\262*+\255\351r\265""; ledgerHashPrevious: ""c\273\016\301\024\363\242\247\263\231\370\344\nBW\220K\316@3\243\200\036wk\253GSlU\010\360""; networkTime: 803842786; firstSeq: 1; lastSeq: 15; "
1750527586636,1750527586636,0,1,3,1,TMProposeSet,"proposeSeq: 0; currentTxHash: ""\000\000\000\000\000\000\000\000\000\000\000\000\000\000\000\000\000\000\000\000\000\000\000\000\000\000\000\000\000\000\000\000""; nodePubKey: ""\003R7o\362bV\300hf\266\241;}\200^\374\240\203[:\342Q\225\221\027y\372\255\235\216\323~""; closeTime: 803842786; signature: ""0D\002 I\357C@q\234\031\213\023\272\277\nZ?\350\347\t&p\226\032/,L\343P\006\240\351_\022\241\002 (\251\236\263\371o\320\303\352\317\341O\032\262\236\264\201\370\353\247K\277\267\355)\342\364\007\341}\300\202""; previousledger: ""\231>\331\263H\214\324\030A\225\301o\346pkSF\004\241\213w9\223=\250\262*+\255\351r\265""; ","proposeSeq: 0; currentTxHash: ""\000\000\000\000\000\000\000\000\000\000\000\000\000\000\000\000\000\000\000\000\000\000\000\000\000\000\000\000\000\000\000\000""; nodePubKey: ""\003R7o\362bV\300hf\266\241;}\200^\374\240\203[:\342Q\225\221\027y\372\255\235\216\323~""; closeTime: 803842786; signature: ""0D\002 I\357C@q\234\031\213\023\272\277\nZ?\350\347\t&p\226\032/,L\343P\006\240\351_\022\241\002 (\251\236\263\371o\320\303\352\317\341O\032\262\236\264\201\370\353\247K\277\267\355)\342\364\007\341}\300\202""; previousledger: ""\231>\331\263H\214\324\030A\225\301o\346pkSF\004\241\213w9\223=\250\262*+\255\351r\265""; "
1750527586636,1750527586636,0,1,3,2,TMProposeSet,"proposeSeq: 0; currentTxHash: ""\000\000\000\000\000\000\000\000\000\000\000\000\000\000\000\000\000\000\000\000\000\000\000\000\000\000\000\000\000\000\000\000""; nodePubKey: ""\003R7o\362bV\300hf\266\241;}\200^\374\240\203[:\342Q\225\221\027y\372\255\235\216\323~""; closeTime: 803842786; signature: ""0D\002 I\357C@q\234\031\213\023\272\277\nZ?\350\347\t&p\226\032/,L\343P\006\240\351_\022\241\002 (\251\236\263\371o\320\303\352\317\341O\032\262\236\264\201\370\353\247K\277\267\355)\342\364\007\341}\300\202""; previousledger: ""\231>\331\263H\214\324\030A\225\301o\346pkSF\004\241\213w9\223=\250\262*+\255\351r\265""; ","proposeSeq: 0; currentTxHash: ""\000\000\000\000\000\000\000\000\000\000\000\000\000\000\000\000\000\000\000\000\000\000\000\000\000\000\000\000\000\000\000\000""; nodePubKey: ""\003R7o\362bV\300hf\266\241;}\200^\374\240\203[:\342Q\225\221\027y\372\255\235\216\323~""; closeTime: 803842786; signature: ""0D\002 I\357C@q\234\031\213\023\272\277\nZ?\350\347\t&p\226\032/,L\343P\006\240\351_\022\241\002 (\251\236\263\371o\320\303\352\317\341O\032\262\236\264\201\370\353\247K\277\267\355)\342\364\007\341}\300\202""; previousledger: ""\231>\331\263H\214\324\030A\225\301o\346pkSF\004\241\213w9\223=\250\262*+\255\351r\265""; "
1750527586636,1750527586637,0,1,3,0,TMProposeSet,"proposeSeq: 0; currentTxHash: ""\000\000\000\000\000\000\000\000\000\000\000\000\000\000\000\000\000\000\000\000\000\000\000\000\000\000\000\000\000\000\000\000""; nodePubKey: ""\003R7o\362bV\300hf\266\241;}\200^\374\240\203[:\342Q\225\221\027y\372\255\235\216\323~""; closeTime: 803842786; signature: ""0D\002 I\357C@q\234\031\213\023\272\277\nZ?\350\347\t&p\226\032/,L\343P\006\240\351_\022\241\002 (\251\236\263\371o\320\303\352\317\341O\032\262\236\264\201\370\353\247K\277\267\355)\342\364\007\341}\300\202""; previousledger: ""\231>\331\263H\214\324\030A\225\301o\346pkSF\004\241\213w9\223=\250\262*+\255\351r\265""; ","proposeSeq: 0; currentTxHash: ""\000\000\000\000\000\000\000\000\000\000\000\000\000\000\000\000\000\000\000\000\000\000\000\000\000\000\000\000\000\000\000\000""; nodePubKey: ""\003R7o\362bV\300hf\266\241;}\200^\374\240\203[:\342Q\225\221\027y\372\255\235\216\323~""; closeTime: 803842786; signature: ""0D\002 I\357C@q\234\031\213\023\272\277\nZ?\350\347\t&p\226\032/,L\343P\006\240\351_\022\241\002 (\251\236\263\371o\320\303\352\317\341O\032\262\236\264\201\370\353\247K\277\267\355)\342\364\007\341}\300\202""; previousledger: ""\231>\331\263H\214\324\030A\225\301o\346pkSF\004\241\213w9\223=\250\262*+\255\351r\265""; "
1750527588431,1750527588431,0,1,3,4,TMStatusChange,"newEvent: neACCEPTED_LEDGER; ledgerSeq: 16; ledgerHash: ""\244c\024\213\t\007`\223\325#\3477\210\345P\306\013\320\252[\0216+\227=`\371P\314\346 V""; ledgerHashPrevious: ""\231>\331\263H\214\324\030A\225\301o\346pkSF\004\241\213w9\223=\250\262*+\255\351r\265""; networkTime: 803842788; firstSeq: 1; lastSeq: 15; ","newEvent: neACCEPTED_LEDGER; ledgerSeq: 16; ledgerHash: ""\244c\024\213\t\007`\223\325#\3477\210\345P\306\013\320\252[\0216+\227=`\371P\314\346 V""; ledgerHashPrevious: ""\231>\331\263H\214\324\030A\225\301o\346pkSF\004\241\213w9\223=\250\262*+\255\351r\265""; networkTime: 803842788; firstSeq: 1; lastSeq: 15; "
1750527588432,1750527588432,0,1,3,1,TMStatusChange,"newEvent: neACCEPTED_LEDGER; ledgerSeq: 16; ledgerHash: ""\244c\024\213\t\007`\223\325#\3477\210\345P\306\013\320\252[\0216+\227=`\371P\314\346 V""; ledgerHashPrevious: ""\231>\331\263H\214\324\030A\225\301o\346pkSF\004\241\213w9\223=\250\262*+\255\351r\265""; networkTime: 803842788; firstSeq: 1; lastSeq: 15; ","newEvent: neACCEPTED_LEDGER; ledgerSeq: 16; ledgerHash: ""\244c\024\213\t\007`\223\325#\3477\210\345P\306\013\320\252[\0216+\227=`\371P\314\346 V""; ledgerHashPrevious: ""\231>\331\263H\214\324\030A\225\301o\346pkSF\004\241\213w9\223=\250\262*+\255\351r\265""; networkTime: 803842788; firstSeq: 1; lastSeq: 15; "
1750527588431,1750527588431,0,1,3,2,TMValidation,"validation: """"\200\000\000\001&\000\000\000\020)/\351\252\344:p\210\265\307-\212\200\004Q\244c\024\213\t\007`\223\325#\3477\210\345P\306\013\320\252[\0216+\227=`\371P\314\346 VP\027\000\000\000\000\000\000\000\000\000\000\000\000\000\000\000\000\000\000\000\000\000\000\000\000\000\000\000\000\000\000\000\000P\031\231>\331\263H\214\324\030A\225\301o\346pkSF\004\241\213w9\223=\250\262*+\255\351r\265s!\002\364d\217\366\217|\316F\232\231\241\n\261\333`\312O\367\235\025DD\336e\367\n\312\326\221\037\025\230vF0D\002 \003\365\370\002\033'\237D\227\277\003B\257$\361\314\300<(&Q8\315\\264\305\306\r\275$\314\022\002 P\022\256?$\234\342\035\343\204$\364\341\326\3443\241\217\nr\2502\356\001\274\3626\324_\r^\247""; ","validation: """"\200\000\000\001&\000\000\000\020)/\351\252\344:p\210\265\307-\212\200\004Q\244c\024\213\t\007`\223\325#\3477\210\345P\306\013\320\252[\0216+\227=`\371P\314\346 VP\027\000\000\000\000\000\000\000\000\000\000\000\000\000\000\000\000\000\000\000\000\000\000\000\000\000\000\000\000\000\000\000\000P\031\231>\331\263H\214\324\030A\225\301o\346pkSF\004\241\213w9\223=\250\262*+\255\351r\265s!\002\364d\217\366\217|\316F\232\231\241\n\261\333`\312O\367\235\025DD\336e\367\n\312\326\221\037\025\230vF0D\002 \003\365\370\002\033'\237D\227\277\003B\257$\361\314\300<(&Q8\315\\264\305\306\r\275$\314\022\002 P\022\256?$\234\342\035\343\204$\364\341\326\3443\241\217\nr\2502\356\001\274\3626\324_\r^\247""; "
1750527588432,1750527588432,0,1,3,2,TMStatusChange,"newEvent: neACCEPTED_LEDGER; ledgerSeq: 16; ledgerHash: ""\244c\024\213\t\007`\223\325#\3477\210\345P\306\013\320\252[\0216+\227=`\371P\314\346 V""; ledgerHashPrevious: ""\231>\331\263H\214\324\030A\225\301o\346pkSF\004\241\213w9\223=\250\262*+\255\351r\265""; networkTime: 803842788; firstSeq: 1; lastSeq: 15; ","newEvent: neACCEPTED_LEDGER; ledgerSeq: 16; ledgerHash: ""\244c\024\213\t\007`\223\325#\3477\210\345P\306\013\320\252[\0216+\227=`\371P\314\346 V""; ledgerHashPrevious: ""\231>\331\263H\214\324\030A\225\301o\346pkSF\004\241\213w9\223=\250\262*+\255\351r\265""; networkTime: 803842788; firstSeq: 1; lastSeq: 15; "
1750527588432,1750527588432,0,1,3,0,TMStatusChange,"newEvent: neACCEPTED_LEDGER; ledgerSeq: 16; ledgerHash: ""\244c\024\213\t\007`\223\325#\3477\210\345P\306\013\320\252[\0216+\227=`\371P\314\346 V""; ledgerHashPrevious: ""\231>\331\263H\214\324\030A\225\301o\346pkSF\004\241\213w9\223=\250\262*+\255\351r\265""; networkTime: 803842788; firstSeq: 1; lastSeq: 15; ","newEvent: neACCEPTED_LEDGER; ledgerSeq: 16; ledgerHash: ""\244c\024\213\t\007`\223\325#\3477\210\345P\306\013\320\252[\0216+\227=`\371P\314\346 V""; ledgerHashPrevious: ""\231>\331\263H\214\324\030A\225\301o\346pkSF\004\241\213w9\223=\250\262*+\255\351r\265""; networkTime: 803842788; firstSeq: 1; lastSeq: 15; "
1750527588432,1750527588432,0,1,3,0,TMValidation,"validation: """"\200\000\000\001&\000\000\000\020)/\351\252\344:p\210\265\307-\212\200\004Q\244c\024\213\t\007`\223\325#\3477\210\345P\306\013\320\252[\0216+\227=`\371P\314\346 VP\027\000\000\000\000\000\000\000\000\000\000\000\000\000\000\000\000\000\000\000\000\000\000\000\000\000\000\000\000\000\000\000\000P\031\231>\331\263H\214\324\030A\225\301o\346pkSF\004\241\213w9\223=\250\262*+\255\351r\265s!\002\364d\217\366\217|\316F\232\231\241\n\261\333`\312O\367\235\025DD\336e\367\n\312\326\221\037\025\230vF0D\002 \003\365\370\002\033'\237D\227\277\003B\257$\361\314\300<(&Q8\315\\264\305\306\r\275$\314\022\002 P\022\256?$\234\342\035\343\204$\364\341\326\3443\241\217\nr\2502\356\001\274\3626\324_\r^\247""; ","validation: """"\200\000\000\001&\000\000\000\020)/\351\252\344:p\210\265\307-\212\200\004Q\244c\024\213\t\007`\223\325#\3477\210\345P\306\013\320\252[\0216+\227=`\371P\314\346 VP\027\000\000\000\000\000\000\000\000\000\000\000\000\000\000\000\000\000\000\000\000\000\000\000\000\000\000\000\000\000\000\000\000P\031\231>\331\263H\214\324\030A\225\301o\346pkSF\004\241\213w9\223=\250\262*+\255\351r\265s!\002\364d\217\366\217|\316F\232\231\241\n\261\333`\312O\367\235\025DD\336e\367\n\312\326\221\037\025\230vF0D\002 \003\365\370\002\033'\237D\227\277\003B\257$\361\314\300<(&Q8\315\\264\305\306\r\275$\314\022\002 P\022\256?$\234\342\035\343\204$\364\341\326\3443\241\217\nr\2502\356\001\274\3626\324_\r^\247""; "
1750527588432,1750527588433,0,1,3,1,TMValidation,"validation: """"\200\000\000\001&\000\000\000\020)/\351\252\344:p\210\265\307-\212\200\004Q\244c\024\213\t\007`\223\325#\3477\210\345P\306\013\320\252[\0216+\227=`\371P\314\346 VP\027\000\000\000\000\000\000\000\000\000\000\000\000\000\000\000\000\000\000\000\000\000\000\000\000\000\000\000\000\000\000\000\000P\031\231>\331\263H\214\324\030A\225\301o\346pkSF\004\241\213w9\223=\250\262*+\255\351r\265s!\002\364d\217\366\217|\316F\232\231\241\n\261\333`\312O\367\235\025DD\336e\367\n\312\326\221\037\025\230vF0D\002 \003\365\370\002\033'\237D\227\277\003B\257$\361\314\300<(&Q8\315\\264\305\306\r\275$\314\022\002 P\022\256?$\234\342\035\343\204$\364\341\326\3443\241\217\nr\2502\356\001\274\3626\324_\r^\247""; ","validation: """"\200\000\000\001&\000\000\000\020)/\351\252\344:p\210\265\307-\212\200\004Q\244c\024\213\t\007`\223\325#\3477\210\345P\306\013\320\252[\0216+\227=`\371P\314\346 VP\027\000\000\000\000\000\000\000\000\000\000\000\000\000\000\000\000\000\000\000\000\000\000\000\000\000\000\000\000\000\000\000\000P\031\231>\331\263H\214\324\030A\225\301o\346pkSF\004\241\213w9\223=\250\262*+\255\351r\265s!\002\364d\217\366\217|\316F\232\231\241\n\261\333`\312O\367\235\025DD\336e\367\n\312\326\221\037\025\230vF0D\002 \003\365\370\002\033'\237D\227\277\003B\257$\361\314\300<(&Q8\315\\264\305\306\r\275$\314\022\002 P\022\256?$\234\342\035\343\204$\364\341\326\3443\241\217\nr\2502\356\001\274\3626\324_\r^\247""; "
1750527588431,1750527588431,0,1,3,4,TMValidation,"validation: """"\200\000\000\001&\000\000\000\020)/\351\252\344:p\210\265\307-\212\200\004Q\244c\024\213\t\007`\223\325#\3477\210\345P\306\013\320\252[\0216+\227=`\371P\314\346 VP\027\000\000\000\000\000\000\000\000\000\000\000\000\000\000\000\000\000\000\000\000\000\000\000\000\000\000\000\000\000\000\000\000P\031\231>\331\263H\214\324\030A\225\301o\346pkSF\004\241\213w9\223=\250\262*+\255\351r\265s!\002\364d\217\366\217|\316F\232\231\241\n\261\333`\312O\367\235\025DD\336e\367\n\312\326\221\037\025\230vF0D\002 \003\365\370\002\033'\237D\227\277\003B\257$\361\314\300<(&Q8\315\\264\305\306\r\275$\314\022\002 P\022\256?$\234\342\035\343\204$\364\341\326\3443\241\217\nr\2502\356\001\274\3626\324_\r^\247""; ","validation: """"\200\000\000\001&\000\000\000\020)/\351\252\344:p\210\265\307-\212\200\004Q\244c\024\213\t\007`\223\325#\3477\210\345P\306\013\320\252[\0216+\227=`\371P\314\346 VP\027\000\000\000\000\000\000\000\000\000\000\000\000\000\000\000\000\000\000\000\000\000\000\000\000\000\000\000\000\000\000\000\000P\031\231>\331\263H\214\324\030A\225\301o\346pkSF\004\241\213w9\223=\250\262*+\255\351r\265s!\002\364d\217\366\217|\316F\232\231\241\n\261\333`\312O\367\235\025DD\336e\367\n\312\326\221\037\025\230vF0D\002 \003\365\370\002\033'\237D\227\277\003B\257$\361\314\300<(&Q8\315\\264\305\306\r\275$\314\022\002 P\022\256?$\234\342\035\343\204$\364\341\326\3443\241\217\nr\2502\356\001\274\3626\324_\r^\247""; "
1750527588435,1750527588435,0,1,2,3,TMGetLedger,"itype: liBASE; ledgerHash: ""\244c\024\213\t\007`\223\325#\3477\210\345P\306\013\320\252[\0216+\227=`\371P\314\346 V""; ledgerSeq: 16; ","itype: liBASE; ledgerHash: ""\244c\024\213\t\007`\223\325#\3477\210\345P\306\013\320\252[\0216+\227=`\371P\314\346 V""; ledgerSeq: 16; "
1750527588435,1750527588435,0,1,2,1,TMValidation,"validation: """"\200\000\000\001&\000\000\000\020)/\351\252\344:p\210\265\307-\212\200\004Q\244c\024\213\t\007`\223\325#\3477\210\345P\306\013\320\252[\0216+\227=`\371P\314\346 VP\027\000\000\000\000\000\000\000\000\000\000\000\000\000\000\000\000\000\000\000\000\000\000\000\000\000\000\000\000\000\000\000\000P\031\231>\331\263H\214\324\030A\225\301o\346pkSF\004\241\213w9\223=\250\262*+\255\351r\265s!\002\364d\217\366\217|\316F\232\231\241\n\261\333`\312O\367\235\025DD\336e\367\n\312\326\221\037\025\230vF0D\002 \003\365\370\002\033'\237D\227\277\003B\257$\361\314\300<(&Q8\315\\264\305\306\r\275$\314\022\002 P\022\256?$\234\342\035\343\204$\364\341\326\3443\241\217\nr\2502\356\001\274\3626\324_\r^\247""; ","validation: """"\200\000\000\001&\000\000\000\020)/\351\252\344:p\210\265\307-\212\200\004Q\244c\024\213\t\007`\223\325#\3477\210\345P\306\013\320\252[\0216+\227=`\371P\314\346 VP\027\000\000\000\000\000\000\000\000\000\000\000\000\000\000\000\000\000\000\000\000\000\000\000\000\000\000\000\000\000\000\000\000P\031\231>\331\263H\214\324\030A\225\301o\346pkSF\004\241\213w9\223=\250\262*+\255\351r\265s!\002\364d\217\366\217|\316F\232\231\241\n\261\333`\312O\367\235\025DD\336e\367\n\312\326\221\037\025\230vF0D\002 \003\365\370\002\033'\237D\227\277\003B\257$\361\314\300<(&Q8\315\\264\305\306\r\275$\314\022\002 P\022\256?$\234\342\035\343\204$\364\341\326\3443\241\217\nr\2502\356\001\274\3626\324_\r^\247""; "
1750527588435,1750527588435,0,1,2,1,TMGetLedger,"itype: liBASE; ledgerHash: ""\244c\024\213\t\007`\223\325#\3477\210\345P\306\013\320\252[\0216+\227=`\371P\314\346 V""; ledgerSeq: 16; ","itype: liBASE; ledgerHash: ""\244c\024\213\t\007`\223\325#\3477\210\345P\306\013\320\252[\0216+\227=`\371P\314\346 V""; ledgerSeq: 16; "
1750527588435,1750527588436,0,1,2,4,TMGetLedger,"itype: liBASE; ledgerHash: ""\244c\024\213\t\007`\223\325#\3477\210\345P\306\013\320\252[\0216+\227=`\371P\314\346 V""; ledgerSeq: 16; ","itype: liBASE; ledgerHash: ""\244c\024\213\t\007`\223\325#\3477\210\345P\306\013\320\252[\0216+\227=`\371P\314\346 V""; ledgerSeq: 16; "
1750527588436,1750527588436,0,1,2,0,TMValidation,"validation: """"\200\000\000\001&\000\000\000\020)/\351\252\344:p\210\265\307-\212\200\004Q\244c\024\213\t\007`\223\325#\3477\210\345P\306\013\320\252[\0216+\227=`\371P\314\346 VP\027\000\000\000\000\000\000\000\000\000\000\000\000\000\000\000\000\000\000\000\000\000\000\000\000\000\000\000\000\000\000\000\000P\031\231>\331\263H\214\324\030A\225\301o\346pkSF\004\241\213w9\223=\250\262*+\255\351r\265s!\002\364d\217\366\217|\316F\232\231\241\n\261\333`\312O\367\235\025DD\336e\367\n\312\326\221\037\025\230vF0D\002 \003\365\370\002\033'\237D\227\277\003B\257$\361\314\300<(&Q8\315\\264\305\306\r\275$\314\022\002 P\022\256?$\234\342\035\343\204$\364\341\326\3443\241\217\nr\2502\356\001\274\3626\324_\r^\247""; ","validation: """"\200\000\000\001&\000\000\000\020)/\351\252\344:p\210\265\307-\212\200\004Q\244c\024\213\t\007`\223\325#\3477\210\345P\306\013\320\252[\0216+\227=`\371P\314\346 VP\027\000\000\000\000\000\000\000\000\000\000\000\000\000\000\000\000\000\000\000\000\000\000\000\000\000\000\000\000\000\000\000\000P\031\231>\331\263H\214\324\030A\225\301o\346pkSF\004\241\213w9\223=\250\262*+\255\351r\265s!\002\364d\217\366\217|\316F\232\231\241\n\261\333`\312O\367\235\025DD\336e\367\n\312\326\221\037\025\230vF0D\002 \003\365\370\002\033'\237D\227\277\003B\257$\361\314\300<(&Q8\315\\264\305\306\r\275$\314\022\002 P\022\256?$\234\342\035\343\204$\364\341\326\3443\241\217\nr\2502\356\001\274\3626\324_\r^\247""; "
1750527588436,1750527588436,0,1,2,0,TMGetLedger,"itype: liBASE; ledgerHash: ""\244c\024\213\t\007`\223\325#\3477\210\345P\306\013\320\252[\0216+\227=`\371P\314\346 V""; ledgerSeq: 16; ","itype: liBASE; ledgerHash: ""\244c\024\213\t\007`\223\325#\3477\210\345P\306\013\320\252[\0216+\227=`\371P\314\346 V""; ledgerSeq: 16; "
1750527588436,1750527588436,0,1,2,3,TMGetLedger,"itype: liBASE; ledgerHash: ""\244c\024\213\t\007`\223\325#\3477\210\345P\306\013\320\252[\0216+\227=`\371P\314\346 V""; ledgerSeq: 16; queryType: qtINDIRECT; ","itype: liBASE; ledgerHash: ""\244c\024\213\t\007`\223\325#\3477\210\345P\306\013\320\252[\0216+\227=`\371P\314\346 V""; ledgerSeq: 16; queryType: qtINDIRECT; "
1750527588437,1750527588437,0,1,2,0,TMGetLedger,"itype: liBASE; ledgerHash: ""\244c\024\213\t\007`\223\325#\3477\210\345P\306\013\320\252[\0216+\227=`\371P\314\346 V""; ledgerSeq: 16; queryType: qtINDIRECT; ","itype: liBASE; ledgerHash: ""\244c\024\213\t\007`\223\325#\3477\210\345P\306\013\320\252[\0216+\227=`\371P\314\346 V""; ledgerSeq: 16; queryType: qtINDIRECT; "
1750527588437,1750527588437,0,1,2,1,TMGetLedger,"itype: liBASE; ledgerHash: ""\244c\024\213\t\007`\223\325#\3477\210\345P\306\013\320\252[\0216+\227=`\371P\314\346 V""; ledgerSeq: 16; queryType: qtINDIRECT; ","itype: liBASE; ledgerHash: ""\244c\024\213\t\007`\223\325#\3477\210\345P\306\013\320\252[\0216+\227=`\371P\314\346 V""; ledgerSeq: 16; queryType: qtINDIRECT; "
1750527588437,1750527588438,0,1,0,3,TMGetLedger,"itype: liBASE; ledgerHash: ""\244c\024\213\t\007`\223\325#\3477\210\345P\306\013\320\252[\0216+\227=`\371P\314\346 V""; ledgerSeq: 16; ","itype: liBASE; ledgerHash: ""\244c\024\213\t\007`\223\325#\3477\210\345P\306\013\320\252[\0216+\227=`\371P\314\346 V""; ledgerSeq: 16; "
1750527588438,1750527588438,0,1,0,1,TMGetLedger,"itype: liBASE; ledgerHash: ""\244c\024\213\t\007`\223\325#\3477\210\345P\306\013\320\252[\0216+\227=`\371P\314\346 V""; ledgerSeq: 16; ","itype: liBASE; ledgerHash: ""\244c\024\213\t\007`\223\325#\3477\210\345P\306\013\320\252[\0216+\227=`\371P\314\346 V""; ledgerSeq: 16; "
1750527588438,1750527588438,0,1,0,2,TMValidation,"validation: """"\200\000\000\001&\000\000\000\020)/\351\252\344:p\210\265\307-\212\200\004Q\244c\024\213\t\007`\223\325#\3477\210\345P\306\013\320\252[\0216+\227=`\371P\314\346 VP\027\000\000\000\000\000\000\000\000\000\000\000\000\000\000\000\000\000\000\000\000\000\000\000\000\000\000\000\000\000\000\000\000P\031\231>\331\263H\214\324\030A\225\301o\346pkSF\004\241\213w9\223=\250\262*+\255\351r\265s!\002\364d\217\366\217|\316F\232\231\241\n\261\333`\312O\367\235\025DD\336e\367\n\312\326\221\037\025\230vF0D\002 \003\365\370\002\033'\237D\227\277\003B\257$\361\314\300<(&Q8\315\\264\305\306\r\275$\314\022\002 P\022\256?$\234\342\035\343\204$\364\341\326\3443\241\217\nr\2502\356\001\274\3626\324_\r^\247""; ","validation: """"\200\000\000\001&\000\000\000\020)/\351\252\344:p\210\265\307-\212\200\004Q\244c\024\213\t\007`\223\325#\3477\210\345P\306\013\320\252[\0216+\227=`\371P\314\346 VP\027\000\000\000\000\000\000\000\000\000\000\000\000\000\000\000\000\000\000\000\000\000\000\000\000\000\000\000\000\000\000\000\000P\031\231>\331\263H\214\324\030A\225\301o\346pkSF\004\241\213w9\223=\250\262*+\255\351r\265s!\002\364d\217\366\217|\316F\232\231\241\n\261\333`\312O\367\235\025DD\336e\367\n\312\326\221\037\025\230vF0D\002 \003\365\370\002\033'\237D\227\277\003B\257$\361\314\300<(&Q8\315\\264\305\306\r\275$\314\022\002 P\022\256?$\234\342\035\343\204$\364\341\326\3443\241\217\nr\2502\356\001\274\3626\324_\r^\247""; "
1750527588438,1750527588438,0,1,0,2,TMGetLedger,"itype: liBASE; ledgerHash: ""\244c\024\213\t\007`\223\325#\3477\210\345P\306\013\320\252[\0216+\227=`\371P\314\346 V""; ledgerSeq: 16; ","itype: liBASE; ledgerHash: ""\244c\024\213\t\007`\223\325#\3477\210\345P\306\013\320\252[\0216+\227=`\371P\314\346 V""; ledgerSeq: 16; "
1750527588439,1750527588439,0,1,4,2,TMValidation,"validation: """"\200\000\000\001&\000\000\000\020)/\351\252\344:p\210\265\307-\212\200\004Q\244c\024\213\t\007`\223\325#\3477\210\345P\306\013\320\252[\0216+\227=`\371P\314\346 VP\027\000\000\000\000\000\000\000\000\000\000\000\000\000\000\000\000\000\000\000\000\000\000\000\000\000\000\000\000\000\000\000\000P\031\231>\331\263H\214\324\030A\225\301o\346pkSF\004\241\213w9\223=\250\262*+\255\351r\265s!\002\364d\217\366\217|\316F\232\231\241\n\261\333`\312O\367\235\025DD\336e\367\n\312\326\221\037\025\230vF0D\002 \003\365\370\002\033'\237D\227\277\003B\257$\361\314\300<(&Q8\315\\264\305\306\r\275$\314\022\002 P\022\256?$\234\342\035\343\204$\364\341\326\3443\241\217\nr\2502\356\001\274\3626\324_\r^\247""; ","validation: """"\200\000\000\001&\000\000\000\020)/\351\252\344:p\210\265\307-\212\200\004Q\244c\024\213\t\007`\223\325#\3477\210\345P\306\013\320\252[\0216+\227=`\371P\314\346 VP\027\000\000\000\000\000\000\000\000\000\000\000\000\000\000\000\000\000\000\000\000\000\000\000\000\000\000\000\000\000\000\000\000P\031\231>\331\263H\214\324\030A\225\301o\346pkSF\004\241\213w9\223=\250\262*+\255\351r\265s!\002\364d\217\366\217|\316F\232\231\241\n\261\333`\312O\367\235\025DD\336e\367\n\312\326\221\037\025\230vF0D\002 \003\365\370\002\033'\237D\227\277\003B\257$\361\314\300<(&Q8\315\\264\305\306\r\275$\314\022\002 P\022\256?$\234\342\035\343\204$\364\341\326\3443\241\217\nr\2502\356\001\274\3626\324_\r^\247""; "
1750527588439,1750527588439,0,1,0,4,TMGetLedger,"itype: liBASE; ledgerHash: ""\244c\024\213\t\007`\223\325#\3477\210\345P\306\013\320\252[\0216+\227=`\371P\314\346 V""; ledgerSeq: 16; ","itype: liBASE; ledgerHash: ""\244c\024\213\t\007`\223\325#\3477\210\345P\306\013\320\252[\0216+\227=`\371P\314\346 V""; ledgerSeq: 16; "
1750527588444,1750527588444,0,1,4,0,TMValidation,"validation: """"\200\000\000\001&\000\000\000\020)/\351\252\344:p\210\265\307-\212\200\004Q\244c\024\213\t\007`\223\325#\3477\210\345P\306\013\320\252[\0216+\227=`\371P\314\346 VP\027\000\000\000\000\000\000\000\000\000\000\000\000\000\000\000\000\000\000\000\000\000\000\000\000\000\000\000\000\000\000\000\000P\031\231>\331\263H\214\324\030A\225\301o\346pkSF\004\241\213w9\223=\250\262*+\255\351r\265s!\002\364d\217\366\217|\316F\232\231\241\n\261\333`\312O\367\235\025DD\336e\367\n\312\326\221\037\025\230vF0D\002 \003\365\370\002\033'\237D\227\277\003B\257$\361\314\300<(&Q8\315\\264\305\306\r\275$\314\022\002 P\022\256?$\234\342\035\343\204$\364\341\326\3443\241\217\nr\2502\356\001\274\3626\324_\r^\247""; ","validation: """"\200\000\000\001&\000\000\000\020)/\351\252\344:p\210\265\307-\212\200\004Q\244c\024\213\t\007`\223\325#\3477\210\345P\306\013\320\252[\0216+\227=`\371P\314\346 VP\027\000\000\000\000\000\000\000\000\000\000\000\000\000\000\000\000\000\000\000\000\000\000\000\000\000\000\000\000\000\000\000\000P\031\231>\331\263H\214\324\030A\225\301o\346pkSF\004\241\213w9\223=\250\262*+\255\351r\265s!\002\364d\217\366\217|\316F\232\231\241\n\261\333`\312O\367\235\025DD\336e\367\n\312\326\221\037\025\230vF0D\002 \003\365\370\002\033'\237D\227\277\003B\257$\361\314\300<(&Q8\315\\264\305\306\r\275$\314\022\002 P\022\256?$\234\342\035\343\204$\364\341\326\3443\241\217\nr\2502\356\001\274\3626\324_\r^\247""; "
1750527588445,1750527588445,0,1,4,1,TMValidation,"validation: """"\200\000\000\001&\000\000\000\020)/\351\252\344:p\210\265\307-\212\200\004Q\244c\024\213\t\007`\223\325#\3477\210\345P\306\013\320\252[\0216+\227=`\371P\314\346 VP\027\000\000\000\000\000\000\000\000\000\000\000\000\000\000\000\000\000\000\000\000\000\000\000\000\000\000\000\000\000\000\000\000P\031\231>\331\263H\214\324\030A\225\301o\346pkSF\004\241\213w9\223=\250\262*+\255\351r\265s!\002\364d\217\366\217|\316F\232\231\241\n\261\333`\312O\367\235\025DD\336e\367\n\312\326\221\037\025\230vF0D\002 \003\365\370\002\033'\237D\227\277\003B\257$\361\314\300<(&Q8\315\\264\305\306\r\275$\314\022\002 P\022\256?$\234\342\035\343\204$\364\341\326\3443\241\217\nr\2502\356\001\274\3626\324_\r^\247""; ","validation: """"\200\000\000\001&\000\000\000\020)/\351\252\344:p\210\265\307-\212\200\004Q\244c\024\213\t\007`\223\325#\3477\210\345P\306\013\320\252[\0216+\227=`\371P\314\346 VP\027\000\000\000\000\000\000\000\000\000\000\000\000\000\000\000\000\000\000\000\000\000\000\000\000\000\000\000\000\000\000\000\000P\031\231>\331\263H\214\324\030A\225\301o\346pkSF\004\241\213w9\223=\250\262*+\255\351r\265s!\002\364d\217\366\217|\316F\232\231\241\n\261\333`\312O\367\235\025DD\336e\367\n\312\326\221\037\025\230vF0D\002 \003\365\370\002\033'\237D\227\277\003B\257$\361\314\300<(&Q8\315\\264\305\306\r\275$\314\022\002 P\022\256?$\234\342\035\343\204$\364\341\326\3443\241\217\nr\2502\356\001\274\3626\324_\r^\247""; "
1750527588445,1750527588445,0,1,0,1,TMGetLedger,"itype: liBASE; ledgerHash: ""\244c\024\213\t\007`\223\325#\3477\210\345P\306\013\320\252[\0216+\227=`\371P\314\346 V""; ledgerSeq: 16; queryType: qtINDIRECT; ","itype: liBASE; ledgerHash: ""\244c\024\213\t\007`\223\325#\3477\210\345P\306\013\320\252[\0216+\227=`\371P\314\346 V""; ledgerSeq: 16; queryType: qtINDIRECT; "
1750527588446,1750527588446,0,1,0,1,TMValidation,"validation: """"\200\000\000\001&\000\000\000\020)/\351\252\344:p\210\265\307-\212\200\004Q\244c\024\213\t\007`\223\325#\3477\210\345P\306\013\320\252[\0216+\227=`\371P\314\346 VP\027\000\000\000\000\000\000\000\000\000\000\000\000\000\000\000\000\000\000\000\000\000\000\000\000\000\000\000\000\000\000\000\000P\031\231>\331\263H\214\324\030A\225\301o\346pkSF\004\241\213w9\223=\250\262*+\255\351r\265s!\002\364d\217\366\217|\316F\232\231\241\n\261\333`\312O\367\235\025DD\336e\367\n\312\326\221\037\025\230vF0D\002 \003\365\370\002\033'\237D\227\277\003B\257$\361\314\300<(&Q8\315\\264\305\306\r\275$\314\022\002 P\022\256?$\234\342\035\343\204$\364\341\326\3443\241\217\nr\2502\356\001\274\3626\324_\r^\247""; ","validation: """"\200\000\000\001&\000\000\000\020)/\351\252\344:p\210\265\307-\212\200\004Q\244c\024\213\t\007`\223\325#\3477\210\345P\306\013\320\252[\0216+\227=`\371P\314\346 VP\027\000\000\000\000\000\000\000\000\000\000\000\000\000\000\000\000\000\000\000\000\000\000\000\000\000\000\000\000\000\000\000\000P\031\231>\331\263H\214\324\030A\225\301o\346pkSF\004\241\213w9\223=\250\262*+\255\351r\265s!\002\364d\217\366\217|\316F\232\231\241\n\261\333`\312O\367\235\025DD\336e\367\n\312\326\221\037\025\230vF0D\002 \003\365\370\002\033'\237D\227\277\003B\257$\361\314\300<(&Q8\315\\264\305\306\r\275$\314\022\002 P\022\256?$\234\342\035\343\204$\364\341\326\3443\241\217\nr\2502\356\001\274\3626\324_\r^\247""; "
1750527588446,1750527588446,0,1,0,4,TMValidation,"validation: """"\200\000\000\001&\000\000\000\020)/\351\252\344:p\210\265\307-\212\200\004Q\244c\024\213\t\007`\223\325#\3477\210\345P\306\013\320\252[\0216+\227=`\371P\314\346 VP\027\000\000\000\000\000\000\000\000\000\000\000\000\000\000\000\000\000\000\000\000\000\000\000\000\000\000\000\000\000\000\000\000P\031\231>\331\263H\214\324\030A\225\301o\346pkSF\004\241\213w9\223=\250\262*+\255\351r\265s!\002\364d\217\366\217|\316F\232\231\241\n\261\333`\312O\367\235\025DD\336e\367\n\312\326\221\037\025\230vF0D\002 \003\365\370\002\033'\237D\227\277\003B\257$\361\314\300<(&Q8\315\\264\305\306\r\275$\314\022\002 P\022\256?$\234\342\035\343\204$\364\341\326\3443\241\217\nr\2502\356\001\274\3626\324_\r^\247""; ","validation: """"\200\000\000\001&\000\000\000\020)/\351\252\344:p\210\265\307-\212\200\004Q\244c\024\213\t\007`\223\325#\3477\210\345P\306\013\320\252[\0216+\227=`\371P\314\346 VP\027\000\000\000\000\000\000\000\000\000\000\000\000\000\000\000\000\000\000\000\000\000\000\000\000\000\000\000\000\000\000\000\000P\031\231>\331\263H\214\324\030A\225\301o\346pkSF\004\241\213w9\223=\250\262*+\255\351r\265s!\002\364d\217\366\217|\316F\232\231\241\n\261\333`\312O\367\235\025DD\336e\367\n\312\326\221\037\025\230vF0D\002 \003\365\370\002\033'\237D\227\277\003B\257$\361\314\300<(&Q8\315\\264\305\306\r\275$\314\022\002 P\022\256?$\234\342\035\343\204$\364\341\326\3443\241\217\nr\2502\356\001\274\3626\324_\r^\247""; "
1750527588446,1750527588446,0,1,1,3,TMGetLedger,"itype: liBASE; ledgerHash: ""\244c\024\213\t\007`\223\325#\3477\210\345P\306\013\320\252[\0216+\227=`\371P\314\346 V""; ledgerSeq: 16; ","itype: liBASE; ledgerHash: ""\244c\024\213\t\007`\223\325#\3477\210\345P\306\013\320\252[\0216+\227=`\371P\314\346 V""; ledgerSeq: 16; "
1750527588447,1750527588447,0,1,0,3,TMGetLedger,"itype: liBASE; ledgerHash: ""\244c\024\213\t\007`\223\325#\3477\210\345P\306\013\320\252[\0216+\227=`\371P\314\346 V""; ledgerSeq: 16; queryType: qtINDIRECT; ","itype: liBASE; ledgerHash: ""\244c\024\213\t\007`\223\325#\3477\210\345P\306\013\320\252[\0216+\227=`\371P\314\346 V""; ledgerSeq: 16; queryType: qtINDIRECT; "
1750527588447,1750527588447,0,1,0,4,TMGetLedger,"itype: liBASE; ledgerHash: ""\244c\024\213\t\007`\223\325#\3477\210\345P\306\013\320\252[\0216+\227=`\371P\314\346 V""; ledgerSeq: 16; queryType: qtINDIRECT; ","itype: liBASE; ledgerHash: ""\244c\024\213\t\007`\223\325#\3477\210\345P\306\013\320\252[\0216+\227=`\371P\314\346 V""; ledgerSeq: 16; queryType: qtINDIRECT; "
1750527588448,1750527588448,0,1,1,0,TMGetLedger,"itype: liBASE; ledgerHash: ""\244c\024\213\t\007`\223\325#\3477\210\345P\306\013\320\252[\0216+\227=`\371P\314\346 V""; ledgerSeq: 16; ","itype: liBASE; ledgerHash: ""\244c\024\213\t\007`\223\325#\3477\210\345P\306\013\320\252[\0216+\227=`\371P\314\346 V""; ledgerSeq: 16; "
1750527588448,1750527588448,0,1,1,4,TMGetLedger,"itype: liBASE; ledgerHash: ""\244c\024\213\t\007`\223\325#\3477\210\345P\306\013\320\252[\0216+\227=`\371P\314\346 V""; ledgerSeq: 16; ","itype: liBASE; ledgerHash: ""\244c\024\213\t\007`\223\325#\3477\210\345P\306\013\320\252[\0216+\227=`\371P\314\346 V""; ledgerSeq: 16; "
1750527588449,1750527588449,0,1,0,2,TMGetLedger,"itype: liBASE; ledgerHash: ""\244c\024\213\t\007`\223\325#\3477\210\345P\306\013\320\252[\0216+\227=`\371P\314\346 V""; ledgerSeq: 16; queryType: qtINDIRECT; ","itype: liBASE; ledgerHash: ""\244c\024\213\t\007`\223\325#\3477\210\345P\306\013\320\252[\0216+\227=`\371P\314\346 V""; ledgerSeq: 16; queryType: qtINDIRECT; "
1750527588449,1750527588449,0,1,4,2,TMGetLedger,"itype: liBASE; ledgerHash: ""\244c\024\213\t\007`\223\325#\3477\210\345P\306\013\320\252[\0216+\227=`\371P\314\346 V""; ","itype: liBASE; ledgerHash: ""\244c\024\213\t\007`\223\325#\3477\210\345P\306\013\320\252[\0216+\227=`\371P\314\346 V""; "
1750527588449,1750527588449,0,1,4,3,TMGetLedger,"itype: liBASE; ledgerHash: ""\244c\024\213\t\007`\223\325#\3477\210\345P\306\013\320\252[\0216+\227=`\371P\314\346 V""; ","itype: liBASE; ledgerHash: ""\244c\024\213\t\007`\223\325#\3477\210\345P\306\013\320\252[\0216+\227=`\371P\314\346 V""; "
1750527588450,1750527588450,0,1,1,2,TMGetLedger,"itype: liBASE; ledgerHash: ""\244c\024\213\t\007`\223\325#\3477\210\345P\306\013\320\252[\0216+\227=`\371P\314\346 V""; ledgerSeq: 16; ","itype: liBASE; ledgerHash: ""\244c\024\213\t\007`\223\325#\3477\210\345P\306\013\320\252[\0216+\227=`\371P\314\346 V""; ledgerSeq: 16; "
1750527588450,1750527588450,0,1,4,1,TMGetLedger,"itype: liBASE; ledgerHash: ""\244c\024\213\t\007`\223\325#\3477\210\345P\306\013\320\252[\0216+\227=`\371P\314\346 V""; ","itype: liBASE; ledgerHash: ""\244c\024\213\t\007`\223\325#\3477\210\345P\306\013\320\252[\0216+\227=`\371P\314\346 V""; "
1750527588450,1750527588450,0,1,4,0,TMGetLedger,"itype: liBASE; ledgerHash: ""\244c\024\213\t\007`\223\325#\3477\210\345P\306\013\320\252[\0216+\227=`\371P\314\346 V""; ","itype: liBASE; ledgerHash: ""\244c\024\213\t\007`\223\325#\3477\210\345P\306\013\320\252[\0216+\227=`\371P\314\346 V""; "
1750527588451,1750527588451,0,1,4,1,TMGetLedger,"itype: liBASE; ledgerHash: ""\244c\024\213\t\007`\223\325#\3477\210\345P\306\013\320\252[\0216+\227=`\371P\314\346 V""; queryType: qtINDIRECT; ","itype: liBASE; ledgerHash: ""\244c\024\213\t\007`\223\325#\3477\210\345P\306\013\320\252[\0216+\227=`\371P\314\346 V""; queryType: qtINDIRECT; "
1750527588451,1750527588451,0,1,4,0,TMGetLedger,"itype: liBASE; ledgerHash: ""\244c\024\213\t\007`\223\325#\3477\210\345P\306\013\320\252[\0216+\227=`\371P\314\346 V""; queryType: qtINDIRECT; ","itype: liBASE; ledgerHash: ""\244c\024\213\t\007`\223\325#\3477\210\345P\306\013\320\252[\0216+\227=`\371P\314\346 V""; queryType: qtINDIRECT; "
1750527588452,1750527588452,0,1,4,2,TMGetLedger,"itype: liBASE; ledgerHash: ""\244c\024\213\t\007`\223\325#\3477\210\345P\306\013\320\252[\0216+\227=`\371P\314\346 V""; queryType: qtINDIRECT; ","itype: liBASE; ledgerHash: ""\244c\024\213\t\007`\223\325#\3477\210\345P\306\013\320\252[\0216+\227=`\371P\314\346 V""; queryType: qtINDIRECT; "
1750527588452,1750527588452,0,1,4,3,TMGetLedger,"itype: liBASE; ledgerHash: ""\244c\024\213\t\007`\223\325#\3477\210\345P\306\013\320\252[\0216+\227=`\371P\314\346 V""; queryType: qtINDIRECT; ","itype: liBASE; ledgerHash: ""\244c\024\213\t\007`\223\325#\3477\210\345P\306\013\320\252[\0216+\227=`\371P\314\346 V""; queryType: qtINDIRECT; "
1750527588452,1750527588452,0,1,3,2,TMLedgerData,"ledgerHash: ""\244c\024\213\t\007`\223\325#\3477\210\345P\306\013\320\252[\0216+\227=`\371P\314\346 V""; ledgerSeq: 16; type: liBASE; nodes {;   nodedata: ""\000\000\000\020\001cEx]\211\377\330\231>\331\263H\214\324\030A\225\301o\346pkSF\004\241\213w9\223=\250\262*+\255\351r\265\000\000\000\000\000\000\000\000\000\000\000\000\000\000\000\000\000\000\000\000\000\000\000\000\000\000\000\000\000\000\000\000AG\325\312\355\241\241Z\021*+4\326\221\372\266\336\337\253\033g\265\330J\014\372\356\370\005\004\3609/\351\252\336/\351\252\346\n\000""; }; nodes {;   nodedata: ""\323C\344\327\264{\312-\017:\006{\177\344N\002\326bO\260\220\006\033\362\345\005U\221DzJ0\001\301\025%1L\307\t\261\262z\374\222T\301\274V\236\223\262\270Ct\362\337b\356\024*\324\320\351\317\002k\336\234\027v\351\217\260\303\360\233ZPZWr\246$w\313\313\r\243r\232\2234\373\3539:N\004Q\245\272D\312D\300\300\t\323\0257\345e\271\na\215{\226\255x%T\257\037\333\004\344_/R\006E\344\037@\210\363\010\336T\226\247'\204_{\261\370""1\235\2445\343\033Y!\212\201\341\272\225'\007""P\215\247\272\225\341k$@\365\t\274\027\200\3103\370\257d\255\254\212Qu\260""5\213t\016\013\003""; }; ","ledgerHash: ""\244c\024\213\t\007`\223\325#\3477\210\345P\306\013\320\252[\0216+\227=`\371P\314\346 V""; ledgerSeq: 16; type: liBASE; nodes {;   nodedata: ""\000\000\000\020\001cEx]\211\377\330\231>\331\263H\214\324\030A\225\301o\346pkSF\004\241\213w9\223=\250\262*+\255\351r\265\000\000\000\000\000\000\000\000\000\000\000\000\000\000\000\000\000\000\000\000\000\000\000\000\000\000\000\000\000\000\000\000AG\325\312\355\241\241Z\021*+4\326\221\372\266\336\337\253\033g\265\330J\014\372\356\370\005\004\3609/\351\252\336/\351\252\346\n\000""; }; nodes {;   nodedata: ""\323C\344\327\264{\312-\017:\006{\177\344N\002\326bO\260\220\006\033\362\345\005U\221DzJ0\001\301\025%1L\307\t\261\262z\374\222T\301\274V\236\223\262\270Ct\362\337b\356\024*\324\320\351\317\002k\336\234\027v\351\217\260\303\360\233ZPZWr\246$w\313\313\r\243r\232\2234\373\3539:N\004Q\245\272D\312D\300\300\t\323\0257\345e\271\na\215{\226\255x%T\257\037\333\004\344_/R\006E\344\037@\210\363\010\336T\226\247'\204_{\261\370""1\235\2445\343\033Y!\212\201\341\272\225'\007""P\215\247\272\225\341k$@\365\t\274\027\200\3103\370\257d\255\254\212Qu\260""5\213t\016\013\003""; }; "
1750527588453,1750527588453,0,1,1,2,TMValidation,"validation: """"\200\000\000\001&\000\000\000\020)/\351\252\344:p\210\265\307-\212\200\004Q\244c\024\213\t\007`\223\325#\3477\210\345P\306\013\320\252[\0216+\227=`\371P\314\346 VP\027\000\000\000\000\000\000\000\000\000\000\000\000\000\000\000\000\000\000\000\000\000\000\000\000\000\000\000\000\000\000\000\000P\031\231>\331\263H\214\324\030A\225\301o\346pkSF\004\241\213w9\223=\250\262*+\255\351r\265s!\002\364d\217\366\217|\316F\232\231\241\n\261\333`\312O\367\235\025DD\336e\367\n\312\326\221\037\025\230vF0D\002 \003\365\370\002\033'\237D\227\277\003B\257$\361\314\300<(&Q8\315\\264\305\306\r\275$\314\022\002 P\022\256?$\234\342\035\343\204$\364\341\326\3443\241\217\nr\2502\356\001\274\3626\324_\r^\247""; ","validation: """"\200\000\000\001&\000\000\000\020)/\351\252\344:p\210\265\307-\212\200\004Q\244c\024\213\t\007`\223\325#\3477\210\345P\306\013\320\252[\0216+\227=`\371P\314\346 VP\027\000\000\000\000\000\000\000\000\000\000\000\000\000\000\000\000\000\000\000\000\000\000\000\000\000\000\000\000\000\000\000\000P\031\231>\331\263H\214\324\030A\225\301o\346pkSF\004\241\213w9\223=\250\262*+\255\351r\265s!\002\364d\217\366\217|\316F\232\231\241\n\261\333`\312O\367\235\025DD\336e\367\n\312\326\221\037\025\230vF0D\002 \003\365\370\002\033'\237D\227\277\003B\257$\361\314\300<(&Q8\315\\264\305\306\r\275$\314\022\002 P\022\256?$\234\342\035\343\204$\364\341\326\3443\241\217\nr\2502\356\001\274\3626\324_\r^\247""; "
1750527588453,1750527588453,0,1,1,2,TMGetLedger,"itype: liBASE; ledgerHash: ""\244c\024\213\t\007`\223\325#\3477\210\345P\306\013\320\252[\0216+\227=`\371P\314\346 V""; ledgerSeq: 16; queryType: qtINDIRECT; ","itype: liBASE; ledgerHash: ""\244c\024\213\t\007`\223\325#\3477\210\345P\306\013\320\252[\0216+\227=`\371P\314\346 V""; ledgerSeq: 16; queryType: qtINDIRECT; "
1750527588453,1750527588453,0,1,3,2,TMLedgerData,"ledgerHash: ""\244c\024\213\t\007`\223\325#\3477\210\345P\306\013\320\252[\0216+\227=`\371P\314\346 V""; ledgerSeq: 16; type: liBASE; nodes {;   nodedata: ""\000\000\000\020\001cEx]\211\377\330\231>\331\263H\214\324\030A\225\301o\346pkSF\004\241\213w9\223=\250\262*+\255\351r\265\000\000\000\000\000\000\000\000\000\000\000\000\000\000\000\000\000\000\000\000\000\000\000\000\000\000\000\000\000\000\000\000AG\325\312\355\241\241Z\021*+4\326\221\372\266\336\337\253\033g\265\330J\014\372\356\370\005\004\3609/\351\252\336/\351\252\346\n\000""; }; nodes {;   nodedata: ""\323C\344\327\264{\312-\017:\006{\177\344N\002\326bO\260\220\006\033\362\345\005U\221DzJ0\001\301\025%1L\307\t\261\262z\374\222T\301\274V\236\223\262\270Ct\362\337b\356\024*\324\320\351\317\002k\336\234\027v\351\217\260\303\360\233ZPZWr\246$w\313\313\r\243r\232\2234\373\3539:N\004Q\245\272D\312D\300\300\t\323\0257\345e\271\na\215{\226\255x%T\257\037\333\004\344_/R\006E\344\037@\210\363\010\336T\226\247'\204_{\261\370""1\235\2445\343\033Y!\212\201\341\272\225'\007""P\215\247\272\225\341k$@\365\t\274\027\200\3103\370\257d\255\254\212Qu\260""5\213t\016\013\003""; }; ","ledgerHash: ""\244c\024\213\t\007`\223\325#\3477\210\345P\306\013\320\252[\0216+\227=`\371P\314\346 V""; ledgerSeq: 16; type: liBASE; nodes {;   nodedata: ""\000\000\000\020\001cEx]\211\377\330\231>\331\263H\214\324\030A\225\301o\346pkSF\004\241\213w9\223=\250\262*+\255\351r\265\000\000\000\000\000\000\000\000\000\000\000\000\000\000\000\000\000\000\000\000\000\000\000\000\000\000\000\000\000\000\000\000AG\325\312\355\241\241Z\021*+4\326\221\372\266\336\337\253\033g\265\330J\014\372\356\370\005\004\3609/\351\252\336/\351\252\346\n\000""; }; nodes {;   nodedata: ""\323C\344\327\264{\312-\017:\006{\177\344N\002\326bO\260\220\006\033\362\345\005U\221DzJ0\001\301\025%1L\307\t\261\262z\374\222T\301\274V\236\223\262\270Ct\362\337b\356\024*\324\320\351\317\002k\336\234\027v\351\217\260\303\360\233ZPZWr\246$w\313\313\r\243r\232\2234\373\3539:N\004Q\245\272D\312D\300\300\t\323\0257\345e\271\na\215{\226\255x%T\257\037\333\004\344_/R\006E\344\037@\210\363\010\336T\226\247'\204_{\261\370""1\235\2445\343\033Y!\212\201\341\272\225'\007""P\215\247\272\225\341k$@\365\t\274\027\200\3103\370\257d\255\254\212Qu\260""5\213t\016\013\003""; }; "
1750527588454,1750527588454,0,1,0,3,TMGetLedger,"itype: liBASE; ledgerHash: ""\244c\024\213\t\007`\223\325#\3477\210\345P\306\013\320\252[\0216+\227=`\371P\314\346 V""; ledgerSeq: 16; requestCookie: 3; queryType: qtINDIRECT; ","itype: liBASE; ledgerHash: ""\244c\024\213\t\007`\223\325#\3477\210\345P\306\013\320\252[\0216+\227=`\371P\314\346 V""; ledgerSeq: 16; requestCookie: 3; queryType: qtINDIRECT; "
1750527588454,1750527588454,0,1,1,0,TMGetLedger,"itype: liBASE; ledgerHash: ""\244c\024\213\t\007`\223\325#\3477\210\345P\306\013\320\252[\0216+\227=`\371P\314\346 V""; ledgerSeq: 16; queryType: qtINDIRECT; ","itype: liBASE; ledgerHash: ""\244c\024\213\t\007`\223\325#\3477\210\345P\306\013\320\252[\0216+\227=`\371P\314\346 V""; ledgerSeq: 16; queryType: qtINDIRECT; "
1750527588454,1750527588454,0,1,1,0,TMValidation,"validation: """"\200\000\000\001&\000\000\000\020)/\351\252\344:p\210\265\307-\212\200\004Q\244c\024\213\t\007`\223\325#\3477\210\345P\306\013\320\252[\0216+\227=`\371P\314\346 VP\027\000\000\000\000\000\000\000\000\000\000\000\000\000\000\000\000\000\000\000\000\000\000\000\000\000\000\000\000\000\000\000\000P\031\231>\331\263H\214\324\030A\225\301o\346pkSF\004\241\213w9\223=\250\262*+\255\351r\265s!\002\364d\217\366\217|\316F\232\231\241\n\261\333`\312O\367\235\025DD\336e\367\n\312\326\221\037\025\230vF0D\002 \003\365\370\002\033'\237D\227\277\003B\257$\361\314\300<(&Q8\315\\264\305\306\r\275$\314\022\002 P\022\256?$\234\342\035\343\204$\364\341\326\3443\241\217\nr\2502\356\001\274\3626\324_\r^\247""; ","validation: """"\200\000\000\001&\000\000\000\020)/\351\252\344:p\210\265\307-\212\200\004Q\244c\024\213\t\007`\223\325#\3477\210\345P\306\013\320\252[\0216+\227=`\371P\314\346 VP\027\000\000\000\000\000\000\000\000\000\000\000\000\000\000\000\000\000\000\000\000\000\000\000\000\000\000\000\000\000\000\000\000P\031\231>\331\263H\214\324\030A\225\301o\346pkSF\004\241\213w9\223=\250\262*+\255\351r\265s!\002\364d\217\366\217|\316F\232\231\241\n\261\333`\312O\367\235\025DD\336e\367\n\312\326\221\037\025\230vF0D\002 \003\365\370\002\033'\237D\227\277\003B\257$\361\314\300<(&Q8\315\\264\305\306\r\275$\314\022\002 P\022\256?$\234\342\035\343\204$\364\341\326\3443\241\217\nr\2502\356\001\274\3626\324_\r^\247""; "
1750527588455,1750527588455,0,1,3,0,TMLedgerData,"ledgerHash: ""\244c\024\213\t\007`\223\325#\3477\210\345P\306\013\320\252[\0216+\227=`\371P\314\346 V""; ledgerSeq: 16; type: liBASE; nodes {;   nodedata: ""\000\000\000\020\001cEx]\211\377\330\231>\331\263H\214\324\030A\225\301o\346pkSF\004\241\213w9\223=\250\262*+\255\351r\265\000\000\000\000\000\000\000\000\000\000\000\000\000\000\000\000\000\000\000\000\000\000\000\000\000\000\000\000\000\000\000\000AG\325\312\355\241\241Z\021*+4\326\221\372\266\336\337\253\033g\265\330J\014\372\356\370\005\004\3609/\351\252\336/\351\252\346\n\000""; }; nodes {;   nodedata: ""\323C\344\327\264{\312-\017:\006{\177\344N\002\326bO\260\220\006\033\362\345\005U\221DzJ0\001\301\025%1L\307\t\261\262z\374\222T\301\274V\236\223\262\270Ct\362\337b\356\024*\324\320\351\317\002k\336\234\027v\351\217\260\303\360\233ZPZWr\246$w\313\313\r\243r\232\2234\373\3539:N\004Q\245\272D\312D\300\300\t\323\0257\345e\271\na\215{\226\255x%T\257\037\333\004\344_/R\006E\344\037@\210\363\010\336T\226\247'\204_{\261\370""1\235\2445\343\033Y!\212\201\341\272\225'\007""P\215\247\272\225\341k$@\365\t\274\027\200\3103\370\257d\255\254\212Qu\260""5\213t\016\013\003""; }; ","ledgerHash: ""\244c\024\213\t\007`\223\325#\3477\210\345P\306\013\320\252[\0216+\227=`\371P\314\346 V""; ledgerSeq: 16; type: liBASE; nodes {;   nodedata: ""\000\000\000\020\001cEx]\211\377\330\231>\331\263H\214\324\030A\225\301o\346pkSF\004\241\213w9\223=\250\262*+\255\351r\265\000\000\000\000\000\000\000\000\000\000\000\000\000\000\000\000\000\000\000\000\000\000\000\000\000\000\000\000\000\000\000\000AG\325\312\355\241\241Z\021*+4\326\221\372\266\336\337\253\033g\265\330J\014\372\356\370\005\004\3609/\351\252\336/\351\252\346\n\000""; }; nodes {;   nodedata: ""\323C\344\327\264{\312-\017:\006{\177\344N\002\326bO\260\220\006\033\362\345\005U\221DzJ0\001\301\025%1L\307\t\261\262z\374\222T\301\274V\236\223\262\270Ct\362\337b\356\024*\324\320\351\317\002k\336\234\027v\351\217\260\303\360\233ZPZWr\246$w\313\313\r\243r\232\2234\373\3539:N\004Q\245\272D\312D\300\300\t\323\0257\345e\271\na\215{\226\255x%T\257\037\333\004\344_/R\006E\344\037@\210\363\010\336T\226\247'\204_{\261\370""1\235\2445\343\033Y!\212\201\341\272\225'\007""P\215\247\272\225\341k$@\365\t\274\027\200\3103\370\257d\255\254\212Qu\260""5\213t\016\013\003""; }; "
1750527588455,1750527588455,0,1,2,4,TMGetLedger,"itype: liBASE; ledgerHash: ""\244c\024\213\t\007`\223\325#\3477\210\345P\306\013\320\252[\0216+\227=`\371P\314\346 V""; ledgerSeq: 16; queryType: qtINDIRECT; ","itype: liBASE; ledgerHash: ""\244c\024\213\t\007`\223\325#\3477\210\345P\306\013\320\252[\0216+\227=`\371P\314\346 V""; ledgerSeq: 16; queryType: qtINDIRECT; "
1750527588455,1750527588455,0,1,2,4,TMValidation,"validation: """"\200\000\000\001&\000\000\000\020)/\351\252\344:p\210\265\307-\212\200\004Q\244c\024\213\t\007`\223\325#\3477\210\345P\306\013\320\252[\0216+\227=`\371P\314\346 VP\027\000\000\000\000\000\000\000\000\000\000\000\000\000\000\000\000\000\000\000\000\000\000\000\000\000\000\000\000\000\000\000\000P\031\231>\331\263H\214\324\030A\225\301o\346pkSF\004\241\213w9\223=\250\262*+\255\351r\265s!\002\364d\217\366\217|\316F\232\231\241\n\261\333`\312O\367\235\025DD\336e\367\n\312\326\221\037\025\230vF0D\002 \003\365\370\002\033'\237D\227\277\003B\257$\361\314\300<(&Q8\315\\264\305\306\r\275$\314\022\002 P\022\256?$\234\342\035\343\204$\364\341\326\3443\241\217\nr\2502\356\001\274\3626\324_\r^\247""; ","validation: """"\200\000\000\001&\000\000\000\020)/\351\252\344:p\210\265\307-\212\200\004Q\244c\024\213\t\007`\223\325#\3477\210\345P\306\013\320\252[\0216+\227=`\371P\314\346 VP\027\000\000\000\000\000\000\000\000\000\000\000\000\000\000\000\000\000\000\000\000\000\000\000\000\000\000\000\000\000\000\000\000P\031\231>\331\263H\214\324\030A\225\301o\346pkSF\004\241\213w9\223=\250\262*+\255\351r\265s!\002\364d\217\366\217|\316F\232\231\241\n\261\333`\312O\367\235\025DD\336e\367\n\312\326\221\037\025\230vF0D\002 \003\365\370\002\033'\237D\227\277\003B\257$\361\314\300<(&Q8\315\\264\305\306\r\275$\314\022\002 P\022\256?$\234\342\035\343\204$\364\341\326\3443\241\217\nr\2502\356\001\274\3626\324_\r^\247""; "
1750527588456,1750527588456,0,1,1,4,TMGetLedger,"itype: liBASE; ledgerHash: ""\244c\024\213\t\007`\223\325#\3477\210\345P\306\013\320\252[\0216+\227=`\371P\314\346 V""; ledgerSeq: 16; queryType: qtINDIRECT; ","itype: liBASE; ledgerHash: ""\244c\024\213\t\007`\223\325#\3477\210\345P\306\013\320\252[\0216+\227=`\371P\314\346 V""; ledgerSeq: 16; queryType: qtINDIRECT; "
1750527588456,1750527588456,0,1,1,4,TMValidation,"validation: """"\200\000\000\001&\000\000\000\020)/\351\252\344:p\210\265\307-\212\200\004Q\244c\024\213\t\007`\223\325#\3477\210\345P\306\013\320\252[\0216+\227=`\371P\314\346 VP\027\000\000\000\000\000\000\000\000\000\000\000\000\000\000\000\000\000\000\000\000\000\000\000\000\000\000\000\000\000\000\000\000P\031\231>\331\263H\214\324\030A\225\301o\346pkSF\004\241\213w9\223=\250\262*+\255\351r\265s!\002\364d\217\366\217|\316F\232\231\241\n\261\333`\312O\367\235\025DD\336e\367\n\312\326\221\037\025\230vF0D\002 \003\365\370\002\033'\237D\227\277\003B\257$\361\314\300<(&Q8\315\\264\305\306\r\275$\314\022\002 P\022\256?$\234\342\035\343\204$\364\341\326\3443\241\217\nr\2502\356\001\274\3626\324_\r^\247""; ","validation: """"\200\000\000\001&\000\000\000\020)/\351\252\344:p\210\265\307-\212\200\004Q\244c\024\213\t\007`\223\325#\3477\210\345P\306\013\320\252[\0216+\227=`\371P\314\346 VP\027\000\000\000\000\000\000\000\000\000\000\000\000\000\000\000\000\000\000\000\000\000\000\000\000\000\000\000\000\000\000\000\000P\031\231>\331\263H\214\324\030A\225\301o\346pkSF\004\241\213w9\223=\250\262*+\255\351r\265s!\002\364d\217\366\217|\316F\232\231\241\n\261\333`\312O\367\235\025DD\336e\367\n\312\326\221\037\025\230vF0D\002 \003\365\370\002\033'\237D\227\277\003B\257$\361\314\300<(&Q8\315\\264\305\306\r\275$\314\022\002 P\022\256?$\234\342\035\343\204$\364\341\326\3443\241\217\nr\2502\356\001\274\3626\324_\r^\247""; "
1750527588457,1750527588457,0,1,3,1,TMLedgerData,"ledgerHash: ""\244c\024\213\t\007`\223\325#\3477\210\345P\306\013\320\252[\0216+\227=`\371P\314\346 V""; ledgerSeq: 16; type: liBASE; nodes {;   nodedata: ""\000\000\000\020\001cEx]\211\377\330\231>\331\263H\214\324\030A\225\301o\346pkSF\004\241\213w9\223=\250\262*+\255\351r\265\000\000\000\000\000\000\000\000\000\000\000\000\000\000\000\000\000\000\000\000\000\000\000\000\000\000\000\000\000\000\000\000AG\325\312\355\241\241Z\021*+4\326\221\372\266\336\337\253\033g\265\330J\014\372\356\370\005\004\3609/\351\252\336/\351\252\346\n\000""; }; nodes {;   nodedata: ""\323C\344\327\264{\312-\017:\006{\177\344N\002\326bO\260\220\006\033\362\345\005U\221DzJ0\001\301\025%1L\307\t\261\262z\374\222T\301\274V\236\223\262\270Ct\362\337b\356\024*\324\320\351\317\002k\336\234\027v\351\217\260\303\360\233ZPZWr\246$w\313\313\r\243r\232\2234\373\3539:N\004Q\245\272D\312D\300\300\t\323\0257\345e\271\na\215{\226\255x%T\257\037\333\004\344_/R\006E\344\037@\210\363\010\336T\226\247'\204_{\261\370""1\235\2445\343\033Y!\212\201\341\272\225'\007""P\215\247\272\225\341k$@\365\t\274\027\200\3103\370\257d\255\254\212Qu\260""5\213t\016\013\003""; }; ","ledgerHash: ""\244c\024\213\t\007`\223\325#\3477\210\345P\306\013\320\252[\0216+\227=`\371P\314\346 V""; ledgerSeq: 16; type: liBASE; nodes {;   nodedata: ""\000\000\000\020\001cEx]\211\377\330\231>\331\263H\214\324\030A\225\301o\346pkSF\004\241\213w9\223=\250\262*+\255\351r\265\000\000\000\000\000\000\000\000\000\000\000\000\000\000\000\000\000\000\000\000\000\000\000\000\000\000\000\000\000\000\000\000AG\325\312\355\241\241Z\021*+4\326\221\372\266\336\337\253\033g\265\330J\014\372\356\370\005\004\3609/\351\252\336/\351\252\346\n\000""; }; nodes {;   nodedata: ""\323C\344\327\264{\312-\017:\006{\177\344N\002\326bO\260\220\006\033\362\345\005U\221DzJ0\001\301\025%1L\307\t\261\262z\374\222T\301\274V\236\223\262\270Ct\362\337b\356\024*\324\320\351\317\002k\336\234\027v\351\217\260\303\360\233ZPZWr\246$w\313\313\r\243r\232\2234\373\3539:N\004Q\245\272D\312D\300\300\t\323\0257\345e\271\na\215{\226\255x%T\257\037\333\004\344_/R\006E\344\037@\210\363\010\336T\226\247'\204_{\261\370""1\235\2445\343\033Y!\212\201\341\272\225'\007""P\215\247\272\225\341k$@\365\t\274\027\200\3103\370\257d\255\254\212Qu\260""5\213t\016\013\003""; }; "
1750527588457,1750527588457,0,1,3,0,TMLedgerData,"ledgerHash: ""\244c\024\213\t\007`\223\325#\3477\210\345P\306\013\320\252[\0216+\227=`\371P\314\346 V""; ledgerSeq: 16; type: liBASE; nodes {;   nodedata: ""\000\000\000\020\001cEx]\211\377\330\231>\331\263H\214\324\030A\225\301o\346pkSF\004\241\213w9\223=\250\262*+\255\351r\265\000\000\000\000\000\000\000\000\000\000\000\000\000\000\000\000\000\000\000\000\000\000\000\000\000\000\000\000\000\000\000\000AG\325\312\355\241\241Z\021*+4\326\221\372\266\336\337\253\033g\265\330J\014\372\356\370\005\004\3609/\351\252\336/\351\252\346\n\000""; }; nodes {;   nodedata: ""\323C\344\327\264{\312-\017:\006{\177\344N\002\326bO\260\220\006\033\362\345\005U\221DzJ0\001\301\025%1L\307\t\261\262z\374\222T\301\274V\236\223\262\270Ct\362\337b\356\024*\324\320\351\317\002k\336\234\027v\351\217\260\303\360\233ZPZWr\246$w\313\313\r\243r\232\2234\373\3539:N\004Q\245\272D\312D\300\300\t\323\0257\345e\271\na\215{\226\255x%T\257\037\333\004\344_/R\006E\344\037@\210\363\010\336T\226\247'\204_{\261\370""1\235\2445\343\033Y!\212\201\341\272\225'\007""P\215\247\272\225\341k$@\365\t\274\027\200\3103\370\257d\255\254\212Qu\260""5\213t\016\013\003""; }; ","ledgerHash: ""\244c\024\213\t\007`\223\325#\3477\210\345P\306\013\320\252[\0216+\227=`\371P\314\346 V""; ledgerSeq: 16; type: liBASE; nodes {;   nodedata: ""\000\000\000\020\001cEx]\211\377\330\231>\331\263H\214\324\030A\225\301o\346pkSF\004\241\213w9\223=\250\262*+\255\351r\265\000\000\000\000\000\000\000\000\000\000\000\000\000\000\000\000\000\000\000\000\000\000\000\000\000\000\000\000\000\000\000\000AG\325\312\355\241\241Z\021*+4\326\221\372\266\336\337\253\033g\265\330J\014\372\356\370\005\004\3609/\351\252\336/\351\252\346\n\000""; }; nodes {;   nodedata: ""\323C\344\327\264{\312-\017:\006{\177\344N\002\326bO\260\220\006\033\362\345\005U\221DzJ0\001\301\025%1L\307\t\261\262z\374\222T\301\274V\236\223\262\270Ct\362\337b\356\024*\324\320\351\317\002k\336\234\027v\351\217\260\303\360\233ZPZWr\246$w\313\313\r\243r\232\2234\373\3539:N\004Q\245\272D\312D\300\300\t\323\0257\345e\271\na\215{\226\255x%T\257\037\333\004\344_/R\006E\344\037@\210\363\010\336T\226\247'\204_{\261\370""1\235\2445\343\033Y!\212\201\341\272\225'\007""P\215\247\272\225\341k$@\365\t\274\027\200\3103\370\257d\255\254\212Qu\260""5\213t\016\013\003""; }; "
1750527588457,1750527588457,0,1,4,3,TMGetLedger,"itype: liBASE; ledgerHash: ""\244c\024\213\t\007`\223\325#\3477\210\345P\306\013\320\252[\0216+\227=`\371P\314\346 V""; ledgerSeq: 16; requestCookie: 1; queryType: qtINDIRECT; ","itype: liBASE; ledgerHash: ""\244c\024\213\t\007`\223\325#\3477\210\345P\306\013\320\252[\0216+\227=`\371P\314\346 V""; ledgerSeq: 16; requestCookie: 1; queryType: qtINDIRECT; "
1750527588458,1750527588458,0,1,2,3,TMGetLedger,"itype: liBASE; ledgerHash: ""\244c\024\213\t\007`\223\325#\3477\210\345P\306\013\320\252[\0216+\227=`\371P\314\346 V""; ledgerSeq: 16; requestCookie: 2; queryType: qtINDIRECT; ","itype: liBASE; ledgerHash: ""\244c\024\213\t\007`\223\325#\3477\210\345P\306\013\320\252[\0216+\227=`\371P\314\346 V""; ledgerSeq: 16; requestCookie: 2; queryType: qtINDIRECT; "
1750527588458,1750527588458,0,1,3,4,TMLedgerData,"ledgerHash: ""\244c\024\213\t\007`\223\325#\3477\210\345P\306\013\320\252[\0216+\227=`\371P\314\346 V""; ledgerSeq: 16; type: liBASE; nodes {;   nodedata: ""\000\000\000\020\001cEx]\211\377\330\231>\331\263H\214\324\030A\225\301o\346pkSF\004\241\213w9\223=\250\262*+\255\351r\265\000\000\000\000\000\000\000\000\000\000\000\000\000\000\000\000\000\000\000\000\000\000\000\000\000\000\000\000\000\000\000\000AG\325\312\355\241\241Z\021*+4\326\221\372\266\336\337\253\033g\265\330J\014\372\356\370\005\004\3609/\351\252\336/\351\252\346\n\000""; }; nodes {;   nodedata: ""\323C\344\327\264{\312-\017:\006{\177\344N\002\326bO\260\220\006\033\362\345\005U\221DzJ0\001\301\025%1L\307\t\261\262z\374\222T\301\274V\236\223\262\270Ct\362\337b\356\024*\324\320\351\317\002k\336\234\027v\351\217\260\303\360\233ZPZWr\246$w\313\313\r\243r\232\2234\373\3539:N\004Q\245\272D\312D\300\300\t\323\0257\345e\271\na\215{\226\255x%T\257\037\333\004\344_/R\006E\344\037@\210\363\010\336T\226\247'\204_{\261\370""1\235\2445\343\033Y!\212\201\341\272\225'\007""P\215\247\272\225\341k$@\365\t\274\027\200\3103\370\257d\255\254\212Qu\260""5\213t\016\013\003""; }; ","ledgerHash: ""\244c\024\213\t\007`\223\325#\3477\210\345P\306\013\320\252[\0216+\227=`\371P\314\346 V""; ledgerSeq: 16; type: liBASE; nodes {;   nodedata: ""\000\000\000\020\001cEx]\211\377\330\231>\331\263H\214\324\030A\225\301o\346pkSF\004\241\213w9\223=\250\262*+\255\351r\265\000\000\000\000\000\000\000\000\000\000\000\000\000\000\000\000\000\000\000\000\000\000\000\000\000\000\000\000\000\000\000\000AG\325\312\355\241\241Z\021*+4\326\221\372\266\336\337\253\033g\265\330J\014\372\356\370\005\004\3609/\351\252\336/\351\252\346\n\000""; }; nodes {;   nodedata: ""\323C\344\327\264{\312-\017:\006{\177\344N\002\326bO\260\220\006\033\362\345\005U\221DzJ0\001\301\025%1L\307\t\261\262z\374\222T\301\274V\236\223\262\270Ct\362\337b\356\024*\324\320\351\317\002k\336\234\027v\351\217\260\303\360\233ZPZWr\246$w\313\313\r\243r\232\2234\373\3539:N\004Q\245\272D\312D\300\300\t\323\0257\345e\271\na\215{\226\255x%T\257\037\333\004\344_/R\006E\344\037@\210\363\010\336T\226\247'\204_{\261\370""1\235\2445\343\033Y!\212\201\341\272\225'\007""P\215\247\272\225\341k$@\365\t\274\027\200\3103\370\257d\255\254\212Qu\260""5\213t\016\013\003""; }; "
1750527588459,1750527588459,0,1,0,3,TMGetLedger,"itype: liBASE; ledgerHash: ""\244c\024\213\t\007`\223\325#\3477\210\345P\306\013\320\252[\0216+\227=`\371P\314\346 V""; requestCookie: 5; queryType: qtINDIRECT; ","itype: liBASE; ledgerHash: ""\244c\024\213\t\007`\223\325#\3477\210\345P\306\013\320\252[\0216+\227=`\371P\314\346 V""; requestCookie: 5; queryType: qtINDIRECT; "
1750527588459,1750527588459,0,1,3,4,TMLedgerData,"ledgerHash: ""\244c\024\213\t\007`\223\325#\3477\210\345P\306\013\320\252[\0216+\227=`\371P\314\346 V""; ledgerSeq: 16; type: liBASE; nodes {;   nodedata: ""\000\000\000\020\001cEx]\211\377\330\231>\331\263H\214\324\030A\225\301o\346pkSF\004\241\213w9\223=\250\262*+\255\351r\265\000\000\000\000\000\000\000\000\000\000\000\000\000\000\000\000\000\000\000\000\000\000\000\000\000\000\000\000\000\000\000\000AG\325\312\355\241\241Z\021*+4\326\221\372\266\336\337\253\033g\265\330J\014\372\356\370\005\004\3609/\351\252\336/\351\252\346\n\000""; }; nodes {;   nodedata: ""\323C\344\327\264{\312-\017:\006{\177\344N\002\326bO\260\220\006\033\362\345\005U\221DzJ0\001\301\025%1L\307\t\261\262z\374\222T\301\274V\236\223\262\270Ct\362\337b\356\024*\324\320\351\317\002k\336\234\027v\351\217\260\303\360\233ZPZWr\246$w\313\313\r\243r\232\2234\373\3539:N\004Q\245\272D\312D\300\300\t\323\0257\345e\271\na\215{\226\255x%T\257\037\333\004\344_/R\006E\344\037@\210\363\010\336T\226\247'\204_{\261\370""1\235\2445\343\033Y!\212\201\341\272\225'\007""P\215\247\272\225\341k$@\365\t\274\027\200\3103\370\257d\255\254\212Qu\260""5\213t\016\013\003""; }; ","ledgerHash: ""\244c\024\213\t\007`\223\325#\3477\210\345P\306\013\320\252[\0216+\227=`\371P\314\346 V""; ledgerSeq: 16; type: liBASE; nodes {;   nodedata: ""\000\000\000\020\001cEx]\211\377\330\231>\331\263H\214\324\030A\225\301o\346pkSF\004\241\213w9\223=\250\262*+\255\351r\265\000\000\000\000\000\000\000\000\000\000\000\000\000\000\000\000\000\000\000\000\000\000\000\000\000\000\000\000\000\000\000\000AG\325\312\355\241\241Z\021*+4\326\221\372\266\336\337\253\033g\265\330J\014\372\356\370\005\004\3609/\351\252\336/\351\252\346\n\000""; }; nodes {;   nodedata: ""\323C\344\327\264{\312-\017:\006{\177\344N\002\326bO\260\220\006\033\362\345\005U\221DzJ0\001\301\025%1L\307\t\261\262z\374\222T\301\274V\236\223\262\270Ct\362\337b\356\024*\324\320\351\317\002k\336\234\027v\351\217\260\303\360\233ZPZWr\246$w\313\313\r\243r\232\2234\373\3539:N\004Q\245\272D\312D\300\300\t\323\0257\345e\271\na\215{\226\255x%T\257\037\333\004\344_/R\006E\344\037@\210\363\010\336T\226\247'\204_{\261\370""1\235\2445\343\033Y!\212\201\341\272\225'\007""P\215\247\272\225\341k$@\365\t\274\027\200\3103\370\257d\255\254\212Qu\260""5\213t\016\013\003""; }; "
1750527588460,1750527588460,0,1,2,3,TMGetLedger,"itype: liBASE; ledgerHash: ""\244c\024\213\t\007`\223\325#\3477\210\345P\306\013\320\252[\0216+\227=`\371P\314\346 V""; requestCookie: 5; queryType: qtINDIRECT; ","itype: liBASE; ledgerHash: ""\244c\024\213\t\007`\223\325#\3477\210\345P\306\013\320\252[\0216+\227=`\371P\314\346 V""; requestCookie: 5; queryType: qtINDIRECT; "
1750527588460,1750527588460,0,1,2,3,TMGetLedger,"itype: liAS_NODE; ledgerHash: ""\244c\024\213\t\007`\223\325#\3477\210\345P\306\013\320\252[\0216+\227=`\371P\314\346 V""; ledgerSeq: 16; nodeIDs: ""\260\000\000\000\000\000\000\000\000\000\000\000\000\000\000\000\000\000\000\000\000\000\000\000\000\000\000\000\000\000\000\000\001""; queryType: qtINDIRECT; queryDepth: 1; ","itype: liAS_NODE; ledgerHash: ""\244c\024\213\t\007`\223\325#\3477\210\345P\306\013\320\252[\0216+\227=`\371P\314\346 V""; ledgerSeq: 16; nodeIDs: ""\260\000\000\000\000\000\000\000\000\000\000\000\000\000\000\000\000\000\000\000\000\000\000\000\000\000\000\000\000\000\000\000\001""; queryType: qtINDIRECT; queryDepth: 1; "
1750527588460,1750527588460,0,1,2,3,TMGetLedger,"itype: liBASE; ledgerHash: ""\244c\024\213\t\007`\223\325#\3477\210\345P\306\013\320\252[\0216+\227=`\371P\314\346 V""; ledgerSeq: 16; requestCookie: 3; queryType: qtINDIRECT; ","itype: liBASE; ledgerHash: ""\244c\024\213\t\007`\223\325#\3477\210\345P\306\013\320\252[\0216+\227=`\371P\314\346 V""; ledgerSeq: 16; requestCookie: 3; queryType: qtINDIRECT; "
1750527588461,1750527588461,0,1,3,0,TMLedgerData,"ledgerHash: ""\244c\024\213\t\007`\223\325#\3477\210\345P\306\013\320\252[\0216+\227=`\371P\314\346 V""; ledgerSeq: 16; type: liBASE; nodes {;   nodedata: ""\000\000\000\020\001cEx]\211\377\330\231>\331\263H\214\324\030A\225\301o\346pkSF\004\241\213w9\223=\250\262*+\255\351r\265\000\000\000\000\000\000\000\000\000\000\000\000\000\000\000\000\000\000\000\000\000\000\000\000\000\000\000\000\000\000\000\000AG\325\312\355\241\241Z\021*+4\326\221\372\266\336\337\253\033g\265\330J\014\372\356\370\005\004\3609/\351\252\336/\351\252\346\n\000""; }; nodes {;   nodedata: ""\323C\344\327\264{\312-\017:\006{\177\344N\002\326bO\260\220\006\033\362\345\005U\221DzJ0\001\301\025%1L\307\t\261\262z\374\222T\301\274V\236\223\262\270Ct\362\337b\356\024*\324\320\351\317\002k\336\234\027v\351\217\260\303\360\233ZPZWr\246$w\313\313\r\243r\232\2234\373\3539:N\004Q\245\272D\312D\300\300\t\323\0257\345e\271\na\215{\226\255x%T\257\037\333\004\344_/R\006E\344\037@\210\363\010\336T\226\247'\204_{\261\370""1\235\2445\343\033Y!\212\201\341\272\225'\007""P\215\247\272\225\341k$@\365\t\274\027\200\3103\370\257d\255\254\212Qu\260""5\213t\016\013\003""; }; requestCookie: 3; ","ledgerHash: ""\244c\024\213\t\007`\223\325#\3477\210\345P\306\013\320\252[\0216+\227=`\371P\314\346 V""; ledgerSeq: 16; type: liBASE; nodes {;   nodedata: ""\000\000\000\020\001cEx]\211\377\330\231>\331\263H\214\324\030A\225\301o\346pkSF\004\241\213w9\223=\250\262*+\255\351r\265\000\000\000\000\000\000\000\000\000\000\000\000\000\000\000\000\000\000\000\000\000\000\000\000\000\000\000\000\000\000\000\000AG\325\312\355\241\241Z\021*+4\326\221\372\266\336\337\253\033g\265\330J\014\372\356\370\005\004\3609/\351\252\336/\351\252\346\n\000""; }; nodes {;   nodedata: ""\323C\344\327\264{\312-\017:\006{\177\344N\002\326bO\260\220\006\033\362\345\005U\221DzJ0\001\301\025%1L\307\t\261\262z\374\222T\301\274V\236\223\262\270Ct\362\337b\356\024*\324\320\351\317\002k\336\234\027v\351\217\260\303\360\233ZPZWr\246$w\313\313\r\243r\232\2234\373\3539:N\004Q\245\272D\312D\300\300\t\323\0257\345e\271\na\215{\226\255x%T\257\037\333\004\344_/R\006E\344\037@\210\363\010\336T\226\247'\204_{\261\370""1\235\2445\343\033Y!\212\201\341\272\225'\007""P\215\247\272\225\341k$@\365\t\274\027\200\3103\370\257d\255\254\212Qu\260""5\213t\016\013\003""; }; requestCookie: 3; "
1750527588461,1750527588461,0,1,0,3,TMGetLedger,"itype: liBASE; ledgerHash: ""\244c\024\213\t\007`\223\325#\3477\210\345P\306\013\320\252[\0216+\227=`\371P\314\346 V""; ledgerSeq: 16; requestCookie: 2; queryType: qtINDIRECT; ","itype: liBASE; ledgerHash: ""\244c\024\213\t\007`\223\325#\3477\210\345P\306\013\320\252[\0216+\227=`\371P\314\346 V""; ledgerSeq: 16; requestCookie: 2; queryType: qtINDIRECT; "
1750527588462,1750527588462,0,1,0,3,TMGetLedger,"itype: liAS_NODE; ledgerHash: ""\244c\024\213\t\007`\223\325#\3477\210\345P\306\013\320\252[\0216+\227=`\371P\314\346 V""; ledgerSeq: 16; nodeIDs: ""\260\000\000\000\000\000\000\000\000\000\000\000\000\000\000\000\000\000\000\000\000\000\000\000\000\000\000\000\000\000\000\000\001""; queryType: qtINDIRECT; queryDepth: 1; ","itype: liAS_NODE; ledgerHash: ""\244c\024\213\t\007`\223\325#\3477\210\345P\306\013\320\252[\0216+\227=`\371P\314\346 V""; ledgerSeq: 16; nodeIDs: ""\260\000\000\000\000\000\000\000\000\000\000\000\000\000\000\000\000\000\000\000\000\000\000\000\000\000\000\000\000\000\000\000\001""; queryType: qtINDIRECT; queryDepth: 1; "
1750527588462,1750527588462,0,1,4,3,TMGetLedger,"itype: liBASE; ledgerHash: ""\244c\024\213\t\007`\223\325#\3477\210\345P\306\013\320\252[\0216+\227=`\371P\314\346 V""; ledgerSeq: 16; requestCookie: 3; queryType: qtINDIRECT; ","itype: liBASE; ledgerHash: ""\244c\024\213\t\007`\223\325#\3477\210\345P\306\013\320\252[\0216+\227=`\371P\314\346 V""; ledgerSeq: 16; requestCookie: 3; queryType: qtINDIRECT; "
1750527588462,1750527588462,0,1,4,3,TMGetLedger,"itype: liBASE; ledgerHash: ""\244c\024\213\t\007`\223\325#\3477\210\345P\306\013\320\252[\0216+\227=`\371P\314\346 V""; ledgerSeq: 16; requestCookie: 2; queryType: qtINDIRECT; ","itype: liBASE; ledgerHash: ""\244c\024\213\t\007`\223\325#\3477\210\345P\306\013\320\252[\0216+\227=`\371P\314\346 V""; ledgerSeq: 16; requestCookie: 2; queryType: qtINDIRECT; "
1750527588462,1750527588463,0,1,1,3,TMGetLedger,"itype: liBASE; ledgerHash: ""\244c\024\213\t\007`\223\325#\3477\210\345P\306\013\320\252[\0216+\227=`\371P\314\346 V""; ledgerSeq: 16; queryType: qtINDIRECT; ","itype: liBASE; ledgerHash: ""\244c\024\213\t\007`\223\325#\3477\210\345P\306\013\320\252[\0216+\227=`\371P\314\346 V""; ledgerSeq: 16; queryType: qtINDIRECT; "
1750527588463,1750527588463,0,1,1,3,TMGetLedger,"itype: liBASE; ledgerHash: ""\244c\024\213\t\007`\223\325#\3477\210\345P\306\013\320\252[\0216+\227=`\371P\314\346 V""; ledgerSeq: 16; requestCookie: 3; queryType: qtINDIRECT; ","itype: liBASE; ledgerHash: ""\244c\024\213\t\007`\223\325#\3477\210\345P\306\013\320\252[\0216+\227=`\371P\314\346 V""; ledgerSeq: 16; requestCookie: 3; queryType: qtINDIRECT; "
1750527588464,1750527588464,0,1,1,3,TMGetLedger,"itype: liBASE; ledgerHash: ""\244c\024\213\t\007`\223\325#\3477\210\345P\306\013\320\252[\0216+\227=`\371P\314\346 V""; requestCookie: 5; queryType: qtINDIRECT; ","itype: liBASE; ledgerHash: ""\244c\024\213\t\007`\223\325#\3477\210\345P\306\013\320\252[\0216+\227=`\371P\314\346 V""; requestCookie: 5; queryType: qtINDIRECT; "
1750527588464,1750527588464,0,1,1,3,TMGetLedger,"itype: liBASE; ledgerHash: ""\244c\024\213\t\007`\223\325#\3477\210\345P\306\013\320\252[\0216+\227=`\371P\314\346 V""; ledgerSeq: 16; requestCookie: 2; queryType: qtINDIRECT; ","itype: liBASE; ledgerHash: ""\244c\024\213\t\007`\223\325#\3477\210\345P\306\013\320\252[\0216+\227=`\371P\314\346 V""; ledgerSeq: 16; requestCookie: 2; queryType: qtINDIRECT; "
1750527588464,1750527588465,0,1,3,4,TMLedgerData,"ledgerHash: ""\244c\024\213\t\007`\223\325#\3477\210\345P\306\013\320\252[\0216+\227=`\371P\314\346 V""; ledgerSeq: 16; type: liBASE; nodes {;   nodedata: ""\000\000\000\020\001cEx]\211\377\330\231>\331\263H\214\324\030A\225\301o\346pkSF\004\241\213w9\223=\250\262*+\255\351r\265\000\000\000\000\000\000\000\000\000\000\000\000\000\000\000\000\000\000\000\000\000\000\000\000\000\000\000\000\000\000\000\000AG\325\312\355\241\241Z\021*+4\326\221\372\266\336\337\253\033g\265\330J\014\372\356\370\005\004\3609/\351\252\336/\351\252\346\n\000""; }; nodes {;   nodedata: ""\323C\344\327\264{\312-\017:\006{\177\344N\002\326bO\260\220\006\033\362\345\005U\221DzJ0\001\301\025%1L\307\t\261\262z\374\222T\301\274V\236\223\262\270Ct\362\337b\356\024*\324\320\351\317\002k\336\234\027v\351\217\260\303\360\233ZPZWr\246$w\313\313\r\243r\232\2234\373\3539:N\004Q\245\272D\312D\300\300\t\323\0257\345e\271\na\215{\226\255x%T\257\037\333\004\344_/R\006E\344\037@\210\363\010\336T\226\247'\204_{\261\370""1\235\2445\343\033Y!\212\201\341\272\225'\007""P\215\247\272\225\341k$@\365\t\274\027\200\3103\370\257d\255\254\212Qu\260""5\213t\016\013\003""; }; requestCookie: 1; ","ledgerHash: ""\244c\024\213\t\007`\223\325#\3477\210\345P\306\013\320\252[\0216+\227=`\371P\314\346 V""; ledgerSeq: 16; type: liBASE; nodes {;   nodedata: ""\000\000\000\020\001cEx]\211\377\330\231>\331\263H\214\324\030A\225\301o\346pkSF\004\241\213w9\223=\250\262*+\255\351r\265\000\000\000\000\000\000\000\000\000\000\000\000\000\000\000\000\000\000\000\000\000\000\000\000\000\000\000\000\000\000\000\000AG\325\312\355\241\241Z\021*+4\326\221\372\266\336\337\253\033g\265\330J\014\372\356\370\005\004\3609/\351\252\336/\351\252\346\n\000""; }; nodes {;   nodedata: ""\323C\344\327\264{\312-\017:\006{\177\344N\002\326bO\260\220\006\033\362\345\005U\221DzJ0\001\301\025%1L\307\t\261\262z\374\222T\301\274V\236\223\262\270Ct\362\337b\356\024*\324\320\351\317\002k\336\234\027v\351\217\260\303\360\233ZPZWr\246$w\313\313\r\243r\232\2234\373\3539:N\004Q\245\272D\312D\300\300\t\323\0257\345e\271\na\215{\226\255x%T\257\037\333\004\344_/R\006E\344\037@\210\363\010\336T\226\247'\204_{\261\370""1\235\2445\343\033Y!\212\201\341\272\225'\007""P\215\247\272\225\341k$@\365\t\274\027\200\3103\370\257d\255\254\212Qu\260""5\213t\016\013\003""; }; requestCookie: 1; "
1750527588465,1750527588465,0,1,3,2,TMLedgerData,"ledgerHash: ""\244c\024\213\t\007`\223\325#\3477\210\345P\306\013\320\252[\0216+\227=`\371P\314\346 V""; ledgerSeq: 16; type: liBASE; nodes {;   nodedata: ""\000\000\000\020\001cEx]\211\377\330\231>\331\263H\214\324\030A\225\301o\346pkSF\004\241\213w9\223=\250\262*+\255\351r\265\000\000\000\000\000\000\000\000\000\000\000\000\000\000\000\000\000\000\000\000\000\000\000\000\000\000\000\000\000\000\000\000AG\325\312\355\241\241Z\021*+4\326\221\372\266\336\337\253\033g\265\330J\014\372\356\370\005\004\3609/\351\252\336/\351\252\346\n\000""; }; nodes {;   nodedata: ""\323C\344\327\264{\312-\017:\006{\177\344N\002\326bO\260\220\006\033\362\345\005U\221DzJ0\001\301\025%1L\307\t\261\262z\374\222T\301\274V\236\223\262\270Ct\362\337b\356\024*\324\320\351\317\002k\336\234\027v\351\217\260\303\360\233ZPZWr\246$w\313\313\r\243r\232\2234\373\3539:N\004Q\245\272D\312D\300\300\t\323\0257\345e\271\na\215{\226\255x%T\257\037\333\004\344_/R\006E\344\037@\210\363\010\336T\226\247'\204_{\261\370""1\235\2445\343\033Y!\212\201\341\272\225'\007""P\215\247\272\225\341k$@\365\t\274\027\200\3103\370\257d\255\254\212Qu\260""5\213t\016\013\003""; }; requestCookie: 2; ","ledgerHash: ""\244c\024\213\t\007`\223\325#\3477\210\345P\306\013\320\252[\0216+\227=`\371P\314\346 V""; ledgerSeq: 16; type: liBASE; nodes {;   nodedata: ""\000\000\000\020\001cEx]\211\377\330\231>\331\263H\214\324\030A\225\301o\346pkSF\004\241\213w9\223=\250\262*+\255\351r\265\000\000\000\000\000\000\000\000\000\000\000\000\000\000\000\000\000\000\000\000\000\000\000\000\000\000\000\000\000\000\000\000AG\325\312\355\241\241Z\021*+4\326\221\372\266\336\337\253\033g\265\330J\014\372\356\370\005\004\3609/\351\252\336/\351\252\346\n\000""; }; nodes {;   nodedata: ""\323C\344\327\264{\312-\017:\006{\177\344N\002\326bO\260\220\006\033\362\345\005U\221DzJ0\001\301\025%1L\307\t\261\262z\374\222T\301\274V\236\223\262\270Ct\362\337b\356\024*\324\320\351\317\002k\336\234\027v\351\217\260\303\360\233ZPZWr\246$w\313\313\r\243r\232\2234\373\3539:N\004Q\245\272D\312D\300\300\t\323\0257\345e\271\na\215{\226\255x%T\257\037\333\004\344_/R\006E\344\037@\210\363\010\336T\226\247'\204_{\261\370""1\235\2445\343\033Y!\212\201\341\272\225'\007""P\215\247\272\225\341k$@\365\t\274\027\200\3103\370\257d\255\254\212Qu\260""5\213t\016\013\003""; }; requestCookie: 2; "
1750527588465,1750527588465,0,1,3,0,TMLedgerData,"ledgerHash: ""\244c\024\213\t\007`\223\325#\3477\210\345P\306\013\320\252[\0216+\227=`\371P\314\346 V""; ledgerSeq: 16; type: liBASE; nodes {;   nodedata: ""\000\000\000\020\001cEx]\211\377\330\231>\331\263H\214\324\030A\225\301o\346pkSF\004\241\213w9\223=\250\262*+\255\351r\265\000\000\000\000\000\000\000\000\000\000\000\000\000\000\000\000\000\000\000\000\000\000\000\000\000\000\000\000\000\000\000\000AG\325\312\355\241\241Z\021*+4\326\221\372\266\336\337\253\033g\265\330J\014\372\356\370\005\004\3609/\351\252\336/\351\252\346\n\000""; }; nodes {;   nodedata: ""\323C\344\327\264{\312-\017:\006{\177\344N\002\326bO\260\220\006\033\362\345\005U\221DzJ0\001\301\025%1L\307\t\261\262z\374\222T\301\274V\236\223\262\270Ct\362\337b\356\024*\324\320\351\317\002k\336\234\027v\351\217\260\303\360\233ZPZWr\246$w\313\313\r\243r\232\2234\373\3539:N\004Q\245\272D\312D\300\300\t\323\0257\345e\271\na\215{\226\255x%T\257\037\333\004\344_/R\006E\344\037@\210\363\010\336T\226\247'\204_{\261\370""1\235\2445\343\033Y!\212\201\341\272\225'\007""P\215\247\272\225\341k$@\365\t\274\027\200\3103\370\257d\255\254\212Qu\260""5\213t\016\013\003""; }; requestCookie: 5; ","ledgerHash: ""\244c\024\213\t\007`\223\325#\3477\210\345P\306\013\320\252[\0216+\227=`\371P\314\346 V""; ledgerSeq: 16; type: liBASE; nodes {;   nodedata: ""\000\000\000\020\001cEx]\211\377\330\231>\331\263H\214\324\030A\225\301o\346pkSF\004\241\213w9\223=\250\262*+\255\351r\265\000\000\000\000\000\000\000\000\000\000\000\000\000\000\000\000\000\000\000\000\000\000\000\000\000\000\000\000\000\000\000\000AG\325\312\355\241\241Z\021*+4\326\221\372\266\336\337\253\033g\265\330J\014\372\356\370\005\004\3609/\351\252\336/\351\252\346\n\000""; }; nodes {;   nodedata: ""\323C\344\327\264{\312-\017:\006{\177\344N\002\326bO\260\220\006\033\362\345\005U\221DzJ0\001\301\025%1L\307\t\261\262z\374\222T\301\274V\236\223\262\270Ct\362\337b\356\024*\324\320\351\317\002k\336\234\027v\351\217\260\303\360\233ZPZWr\246$w\313\313\r\243r\232\2234\373\3539:N\004Q\245\272D\312D\300\300\t\323\0257\345e\271\na\215{\226\255x%T\257\037\333\004\344_/R\006E\344\037@\210\363\010\336T\226\247'\204_{\261\370""1\235\2445\343\033Y!\212\201\341\272\225'\007""P\215\247\272\225\341k$@\365\t\274\027\200\3103\370\257d\255\254\212Qu\260""5\213t\016\013\003""; }; requestCookie: 5; "
1750527588466,1750527588466,0,1,3,2,TMLedgerData,"ledgerHash: ""\244c\024\213\t\007`\223\325#\3477\210\345P\306\013\320\252[\0216+\227=`\371P\314\346 V""; ledgerSeq: 16; type: liBASE; nodes {;   nodedata: ""\000\000\000\020\001cEx]\211\377\330\231>\331\263H\214\324\030A\225\301o\346pkSF\004\241\213w9\223=\250\262*+\255\351r\265\000\000\000\000\000\000\000\000\000\000\000\000\000\000\000\000\000\000\000\000\000\000\000\000\000\000\000\000\000\000\000\000AG\325\312\355\241\241Z\021*+4\326\221\372\266\336\337\253\033g\265\330J\014\372\356\370\005\004\3609/\351\252\336/\351\252\346\n\000""; }; nodes {;   nodedata: ""\323C\344\327\264{\312-\017:\006{\177\344N\002\326bO\260\220\006\033\362\345\005U\221DzJ0\001\301\025%1L\307\t\261\262z\374\222T\301\274V\236\223\262\270Ct\362\337b\356\024*\324\320\351\317\002k\336\234\027v\351\217\260\303\360\233ZPZWr\246$w\313\313\r\243r\232\2234\373\3539:N\004Q\245\272D\312D\300\300\t\323\0257\345e\271\na\215{\226\255x%T\257\037\333\004\344_/R\006E\344\037@\210\363\010\336T\226\247'\204_{\261\370""1\235\2445\343\033Y!\212\201\341\272\225'\007""P\215\247\272\225\341k$@\365\t\274\027\200\3103\370\257d\255\254\212Qu\260""5\213t\016\013\003""; }; requestCookie: 5; ","ledgerHash: ""\244c\024\213\t\007`\223\325#\3477\210\345P\306\013\320\252[\0216+\227=`\371P\314\346 V""; ledgerSeq: 16; type: liBASE; nodes {;   nodedata: ""\000\000\000\020\001cEx]\211\377\330\231>\331\263H\214\324\030A\225\301o\346pkSF\004\241\213w9\223=\250\262*+\255\351r\265\000\000\000\000\000\000\000\000\000\000\000\000\000\000\000\000\000\000\000\000\000\000\000\000\000\000\000\000\000\000\000\000AG\325\312\355\241\241Z\021*+4\326\221\372\266\336\337\253\033g\265\330J\014\372\356\370\005\004\3609/\351\252\336/\351\252\346\n\000""; }; nodes {;   nodedata: ""\323C\344\327\264{\312-\017:\006{\177\344N\002\326bO\260\220\006\033\362\345\005U\221DzJ0\001\301\025%1L\307\t\261\262z\374\222T\301\274V\236\223\262\270Ct\362\337b\356\024*\324\320\351\317\002k\336\234\027v\351\217\260\303\360\233ZPZWr\246$w\313\313\r\243r\232\2234\373\3539:N\004Q\245\272D\312D\300\300\t\323\0257\345e\271\na\215{\226\255x%T\257\037\333\004\344_/R\006E\344\037@\210\363\010\336T\226\247'\204_{\261\370""1\235\2445\343\033Y!\212\201\341\272\225'\007""P\215\247\272\225\341k$@\365\t\274\027\200\3103\370\257d\255\254\212Qu\260""5\213t\016\013\003""; }; requestCookie: 5; "
1750527588466,1750527588466,0,1,4,3,TMGetLedger,"itype: liAS_NODE; ledgerHash: ""\244c\024\213\t\007`\223\325#\3477\210\345P\306\013\320\252[\0216+\227=`\371P\314\346 V""; ledgerSeq: 16; nodeIDs: ""\260\000\000\000\000\000\000\000\000\000\000\000\000\000\000\000\000\000\000\000\000\000\000\000\000\000\000\000\000\000\000\000\001""; queryType: qtINDIRECT; queryDepth: 1; ","itype: liAS_NODE; ledgerHash: ""\244c\024\213\t\007`\223\325#\3477\210\345P\306\013\320\252[\0216+\227=`\371P\314\346 V""; ledgerSeq: 16; nodeIDs: ""\260\000\000\000\000\000\000\000\000\000\000\000\000\000\000\000\000\000\000\000\000\000\000\000\000\000\000\000\000\000\000\000\001""; queryType: qtINDIRECT; queryDepth: 1; "
1750527588467,1750527588467,0,1,3,2,TMLedgerData,"ledgerHash: ""\244c\024\213\t\007`\223\325#\3477\210\345P\306\013\320\252[\0216+\227=`\371P\314\346 V""; ledgerSeq: 16; type: liAS_NODE; nodes {;   nodedata: ""\021\000h""\000\000\000\000 \033\000\000\000\017\002\023\302?\330\356GuH\375\327!\255\371\r\231\262R\256J\034\222\241\355X\265E\241^W\225\304\014\361CX-}\351f\032\255\274\334m\326c\017\014ao[\342\230\003\245\245\3341Hm\326^\017jy\335\261\032Yt\320\244{g\0306\\302\303*\341\215\223\257\364\277o\375\000r\241SOq\221\253\262\005\017\375T\356\014\360o'\030\311-\267\031\257!\031T\006><\315XM\334\324\345\034\000\325\367\240\271\013\265\024\321\362\354\211\250.\234s\225amc\305\035\366\276\037nD\277`\210\223N\3535\033\261\304f\331]\036\237\306o!\223\221\002\324\031\262\240R\177 ,\214\325\Q])\016\2067\277\t\354\010\000\360\215\2502\265\245\310\226\243c\302Ze\306\253#r\020\211\320iG\276\020E\317\035Sf\223F\254\033@\177e\277\016\010u\327\371&\262\312\317Q\2361t\377x\234\001v\003%\030\325_\225g\204\346a=\225\273\331\354\365*U\363\263N\367b\371\244\314-w\363\262\225Z\200\206\235\233\257?sE\2674\254\326mU\377?\177Ek\336\030!\316Aa\225\303\022\377{\210Y\226\271as\354L\035\004\341\361\035\301\024\220m#*\372\032\3178~\374\250\014*\323\342'z69\220\327\256\351G\367\317u\302\207\270b\315\333\333\334\310I\323&\014\352XZnW2.\335\347\202\021\247\362\212e\034\000\001\250\220\305;a\314\265R\310\017\317\331\235\360\262\240:\277\202\266\354\265X""\022\nh\252\352w\204\203\023]\001f\352\277\0031Q]\362\370R\350{\261\202\240\344\215\201\353\276\322p5p\350\354\017>\250r\241c\273\016\301\024\363\242\247\263\231\370\344\nBW\220K\316@3\243\200\036wk\253GSlU\010\360\231>\331\263H\214\324\030A\225\301o\346pkSF\004\241\213w9\223=\250\262*+\255\351r\265\264\227\2326\315\307\363\323\325\303\032N\256*\307\327 \235\332\207u\210\271\257\306g\231i*\260\326k\001"";   nodeid: ""\260\000\000\000\000\000\000\000\000\000\000\000\000\000\000\000\000\000\000\000\000\000\000\000\000\000\000\000\000\000\000\000\001""; }; ","ledgerHash: ""\244c\024\213\t\007`\223\325#\3477\210\345P\306\013\320\252[\0216+\227=`\371P\314\346 V""; ledgerSeq: 16; type: liAS_NODE; nodes {;   nodedata: ""\021\000h""\000\000\000\000 \033\000\000\000\017\002\023\302?\330\356GuH\375\327!\255\371\r\231\262R\256J\034\222\241\355X\265E\241^W\225\304\014\361CX-}\351f\032\255\274\334m\326c\017\014ao[\342\230\003\245\245\3341Hm\326^\017jy\335\261\032Yt\320\244{g\0306\\302\303*\341\215\223\257\364\277o\375\000r\241SOq\221\253\262\005\017\375T\356\014\360o'\030\311-\267\031\257!\031T\006><\315XM\334\324\345\034\000\325\367\240\271\013\265\024\321\362\354\211\250.\234s\225amc\305\035\366\276\037nD\277`\210\223N\3535\033\261\304f\331]\036\237\306o!\223\221\002\324\031\262\240R\177 ,\214\325\Q])\016\2067\277\t\354\010\000\360\215\2502\265\245\310\226\243c\302Ze\306\253#r\020\211\320iG\276\020E\317\035Sf\223F\254\033@\177e\277\016\010u\327\371&\262\312\317Q\2361t\377x\234\001v\003%\030\325_\225g\204\346a=\225\273\331\354\365*U\363\263N\367b\371\244\314-w\363\262\225Z\200\206\235\233\257?sE\2674\254\326mU\377?\177Ek\336\030!\316Aa\225\303\022\377{\210Y\226\271as\354L\035\004\341\361\035\301\024\220m#*\372\032\3178~\374\250\014*\323\342'z69\220\327\256\351G\367\317u\302\207\270b\315\333\333\334\310I\323&\014\352XZnW2.\335\347\202\021\247\362\212e\034\000\001\250\220\305;a\314\265R\310\017\317\331\235\360\262\240:\277\202\266\354\265X""\022\nh\252\352w\204\203\023]\001f\352\277\0031Q]\362\370R\350{\261\202\240\344\215\201\353\276\322p5p\350\354\017>\250r\241c\273\016\301\024\363\242\247\263\231\370\344\nBW\220K\316@3\243\200\036wk\253GSlU\010\360\231>\331\263H\214\324\030A\225\301o\346pkSF\004\241\213w9\223=\250\262*+\255\351r\265\264\227\2326\315\307\363\323\325\303\032N\256*\307\327 \235\332\207u\210\271\257\306g\231i*\260\326k\001"";   nodeid: ""\260\000\000\000\000\000\000\000\000\000\000\000\000\000\000\000\000\000\000\000\000\000\000\000\000\000\000\000\000\000\000\000\001""; }; "
1750527588467,1750527588467,0,1,3,2,TMLedgerData,"ledgerHash: ""\244c\024\213\t\007`\223\325#\3477\210\345P\306\013\320\252[\0216+\227=`\371P\314\346 V""; ledgerSeq: 16; type: liBASE; nodes {;   nodedata: ""\000\000\000\020\001cEx]\211\377\330\231>\331\263H\214\324\030A\225\301o\346pkSF\004\241\213w9\223=\250\262*+\255\351r\265\000\000\000\000\000\000\000\000\000\000\000\000\000\000\000\000\000\000\000\000\000\000\000\000\000\000\000\000\000\000\000\000AG\325\312\355\241\241Z\021*+4\326\221\372\266\336\337\253\033g\265\330J\014\372\356\370\005\004\3609/\351\252\336/\351\252\346\n\000""; }; nodes {;   nodedata: ""\323C\344\327\264{\312-\017:\006{\177\344N\002\326bO\260\220\006\033\362\345\005U\221DzJ0\001\301\025%1L\307\t\261\262z\374\222T\301\274V\236\223\262\270Ct\362\337b\356\024*\324\320\351\317\002k\336\234\027v\351\217\260\303\360\233ZPZWr\246$w\313\313\r\243r\232\2234\373\3539:N\004Q\245\272D\312D\300\300\t\323\0257\345e\271\na\215{\226\255x%T\257\037\333\004\344_/R\006E\344\037@\210\363\010\336T\226\247'\204_{\261\370""1\235\2445\343\033Y!\212\201\341\272\225'\007""P\215\247\272\225\341k$@\365\t\274\027\200\3103\370\257d\255\254\212Qu\260""5\213t\016\013\003""; }; requestCookie: 3; ","ledgerHash: ""\244c\024\213\t\007`\223\325#\3477\210\345P\306\013\320\252[\0216+\227=`\371P\314\346 V""; ledgerSeq: 16; type: liBASE; nodes {;   nodedata: ""\000\000\000\020\001cEx]\211\377\330\231>\331\263H\214\324\030A\225\301o\346pkSF\004\241\213w9\223=\250\262*+\255\351r\265\000\000\000\000\000\000\000\000\000\000\000\000\000\000\000\000\000\000\000\000\000\000\000\000\000\000\000\000\000\000\000\000AG\325\312\355\241\241Z\021*+4\326\221\372\266\336\337\253\033g\265\330J\014\372\356\370\005\004\3609/\351\252\336/\351\252\346\n\000""; }; nodes {;   nodedata: ""\323C\344\327\264{\312-\017:\006{\177\344N\002\326bO\260\220\006\033\362\345\005U\221DzJ0\001\301\025%1L\307\t\261\262z\374\222T\301\274V\236\223\262\270Ct\362\337b\356\024*\324\320\351\317\002k\336\234\027v\351\217\260\303\360\233ZPZWr\246$w\313\313\r\243r\232\2234\373\3539:N\004Q\245\272D\312D\300\300\t\323\0257\345e\271\na\215{\226\255x%T\257\037\333\004\344_/R\006E\344\037@\210\363\010\336T\226\247'\204_{\261\370""1\235\2445\343\033Y!\212\201\341\272\225'\007""P\215\247\272\225\341k$@\365\t\274\027\200\3103\370\257d\255\254\212Qu\260""5\213t\016\013\003""; }; requestCookie: 3; "
1750527588468,1750527588468,0,1,0,2,TMLedgerData,"ledgerHash: ""\244c\024\213\t\007`\223\325#\3477\210\345P\306\013\320\252[\0216+\227=`\371P\314\346 V""; ledgerSeq: 16; type: liBASE; nodes {;   nodedata: ""\000\000\000\020\001cEx]\211\377\330\231>\331\263H\214\324\030A\225\301o\346pkSF\004\241\213w9\223=\250\262*+\255\351r\265\000\000\000\000\000\000\000\000\000\000\000\000\000\000\000\000\000\000\000\000\000\000\000\000\000\000\000\000\000\000\000\000AG\325\312\355\241\241Z\021*+4\326\221\372\266\336\337\253\033g\265\330J\014\372\356\370\005\004\3609/\351\252\336/\351\252\346\n\000""; }; nodes {;   nodedata: ""\323C\344\327\264{\312-\017:\006{\177\344N\002\326bO\260\220\006\033\362\345\005U\221DzJ0\001\301\025%1L\307\t\261\262z\374\222T\301\274V\236\223\262\270Ct\362\337b\356\024*\324\320\351\317\002k\336\234\027v\351\217\260\303\360\233ZPZWr\246$w\313\313\r\243r\232\2234\373\3539:N\004Q\245\272D\312D\300\300\t\323\0257\345e\271\na\215{\226\255x%T\257\037\333\004\344_/R\006E\344\037@\210\363\010\336T\226\247'\204_{\261\370""1\235\2445\343\033Y!\212\201\341\272\225'\007""P\215\247\272\225\341k$@\365\t\274\027\200\3103\370\257d\255\254\212Qu\260""5\213t\016\013\003""; }; ","ledgerHash: ""\244c\024\213\t\007`\223\325#\3477\210\345P\306\013\320\252[\0216+\227=`\371P\314\346 V""; ledgerSeq: 16; type: liBASE; nodes {;   nodedata: ""\000\000\000\020\001cEx]\211\377\330\231>\331\263H\214\324\030A\225\301o\346pkSF\004\241\213w9\223=\250\262*+\255\351r\265\000\000\000\000\000\000\000\000\000\000\000\000\000\000\000\000\000\000\000\000\000\000\000\000\000\000\000\000\000\000\000\000AG\325\312\355\241\241Z\021*+4\326\221\372\266\336\337\253\033g\265\330J\014\372\356\370\005\004\3609/\351\252\336/\351\252\346\n\000""; }; nodes {;   nodedata: ""\323C\344\327\264{\312-\017:\006{\177\344N\002\326bO\260\220\006\033\362\345\005U\221DzJ0\001\301\025%1L\307\t\261\262z\374\222T\301\274V\236\223\262\270Ct\362\337b\356\024*\324\320\351\317\002k\336\234\027v\351\217\260\303\360\233ZPZWr\246$w\313\313\r\243r\232\2234\373\3539:N\004Q\245\272D\312D\300\300\t\323\0257\345e\271\na\215{\226\255x%T\257\037\333\004\344_/R\006E\344\037@\210\363\010\336T\226\247'\204_{\261\370""1\235\2445\343\033Y!\212\201\341\272\225'\007""P\215\247\272\225\341k$@\365\t\274\027\200\3103\370\257d\255\254\212Qu\260""5\213t\016\013\003""; }; "
1750527588469,1750527588469,0,1,3,0,TMLedgerData,"ledgerHash: ""\244c\024\213\t\007`\223\325#\3477\210\345P\306\013\320\252[\0216+\227=`\371P\314\346 V""; ledgerSeq: 16; type: liBASE; nodes {;   nodedata: ""\000\000\000\020\001cEx]\211\377\330\231>\331\263H\214\324\030A\225\301o\346pkSF\004\241\213w9\223=\250\262*+\255\351r\265\000\000\000\000\000\000\000\000\000\000\000\000\000\000\000\000\000\000\000\000\000\000\000\000\000\000\000\000\000\000\000\000AG\325\312\355\241\241Z\021*+4\326\221\372\266\336\337\253\033g\265\330J\014\372\356\370\005\004\3609/\351\252\336/\351\252\346\n\000""; }; nodes {;   nodedata: ""\323C\344\327\264{\312-\017:\006{\177\344N\002\326bO\260\220\006\033\362\345\005U\221DzJ0\001\301\025%1L\307\t\261\262z\374\222T\301\274V\236\223\262\270Ct\362\337b\356\024*\324\320\351\317\002k\336\234\027v\351\217\260\303\360\233ZPZWr\246$w\313\313\r\243r\232\2234\373\3539:N\004Q\245\272D\312D\300\300\t\323\0257\345e\271\na\215{\226\255x%T\257\037\333\004\344_/R\006E\344\037@\210\363\010\336T\226\247'\204_{\261\370""1\235\2445\343\033Y!\212\201\341\272\225'\007""P\215\247\272\225\341k$@\365\t\274\027\200\3103\370\257d\255\254\212Qu\260""5\213t\016\013\003""; }; requestCookie: 2; ","ledgerHash: ""\244c\024\213\t\007`\223\325#\3477\210\345P\306\013\320\252[\0216+\227=`\371P\314\346 V""; ledgerSeq: 16; type: liBASE; nodes {;   nodedata: ""\000\000\000\020\001cEx]\211\377\330\231>\331\263H\214\324\030A\225\301o\346pkSF\004\241\213w9\223=\250\262*+\255\351r\265\000\000\000\000\000\000\000\000\000\000\000\000\000\000\000\000\000\000\000\000\000\000\000\000\000\000\000\000\000\000\000\000AG\325\312\355\241\241Z\021*+4\326\221\372\266\336\337\253\033g\265\330J\014\372\356\370\005\004\3609/\351\252\336/\351\252\346\n\000""; }; nodes {;   nodedata: ""\323C\344\327\264{\312-\017:\006{\177\344N\002\326bO\260\220\006\033\362\345\005U\221DzJ0\001\301\025%1L\307\t\261\262z\374\222T\301\274V\236\223\262\270Ct\362\337b\356\024*\324\320\351\317\002k\336\234\027v\351\217\260\303\360\233ZPZWr\246$w\313\313\r\243r\232\2234\373\3539:N\004Q\245\272D\312D\300\300\t\323\0257\345e\271\na\215{\226\255x%T\257\037\333\004\344_/R\006E\344\037@\210\363\010\336T\226\247'\204_{\261\370""1\235\2445\343\033Y!\212\201\341\272\225'\007""P\215\247\272\225\341k$@\365\t\274\027\200\3103\370\257d\255\254\212Qu\260""5\213t\016\013\003""; }; requestCookie: 2; "
1750527588469,1750527588469,0,1,3,0,TMLedgerData,"ledgerHash: ""\244c\024\213\t\007`\223\325#\3477\210\345P\306\013\320\252[\0216+\227=`\371P\314\346 V""; ledgerSeq: 16; type: liAS_NODE; nodes {;   nodedata: ""\021\000h""\000\000\000\000 \033\000\000\000\017\002\023\302?\330\356GuH\375\327!\255\371\r\231\262R\256J\034\222\241\355X\265E\241^W\225\304\014\361CX-}\351f\032\255\274\334m\326c\017\014ao[\342\230\003\245\245\3341Hm\326^\017jy\335\261\032Yt\320\244{g\0306\\302\303*\341\215\223\257\364\277o\375\000r\241SOq\221\253\262\005\017\375T\356\014\360o'\030\311-\267\031\257!\031T\006><\315XM\334\324\345\034\000\325\367\240\271\013\265\024\321\362\354\211\250.\234s\225amc\305\035\366\276\037nD\277`\210\223N\3535\033\261\304f\331]\036\237\306o!\223\221\002\324\031\262\240R\177 ,\214\325\Q])\016\2067\277\t\354\010\000\360\215\2502\265\245\310\226\243c\302Ze\306\253#r\020\211\320iG\276\020E\317\035Sf\223F\254\033@\177e\277\016\010u\327\371&\262\312\317Q\2361t\377x\234\001v\003%\030\325_\225g\204\346a=\225\273\331\354\365*U\363\263N\367b\371\244\314-w\363\262\225Z\200\206\235\233\257?sE\2674\254\326mU\377?\177Ek\336\030!\316Aa\225\303\022\377{\210Y\226\271as\354L\035\004\341\361\035\301\024\220m#*\372\032\3178~\374\250\014*\323\342'z69\220\327\256\351G\367\317u\302\207\270b\315\333\333\334\310I\323&\014\352XZnW2.\335\347\202\021\247\362\212e\034\000\001\250\220\305;a\314\265R\310\017\317\331\235\360\262\240:\277\202\266\354\265X""\022\nh\252\352w\204\203\023]\001f\352\277\0031Q]\362\370R\350{\261\202\240\344\215\201\353\276\322p5p\350\354\017>\250r\241c\273\016\301\024\363\242\247\263\231\370\344\nBW\220K\316@3\243\200\036wk\253GSlU\010\360\231>\331\263H\214\324\030A\225\301o\346pkSF\004\241\213w9\223=\250\262*+\255\351r\265\264\227\2326\315\307\363\323\325\303\032N\256*\307\327 \235\332\207u\210\271\257\306g\231i*\260\326k\001"";   nodeid: ""\260\000\000\000\000\000\000\000\000\000\000\000\000\000\000\000\000\000\000\000\000\000\000\000\000\000\000\000\000\000\000\000\001""; }; ","ledgerHash: ""\244c\024\213\t\007`\223\325#\3477\210\345P\306\013\320\252[\0216+\227=`\371P\314\346 V""; ledgerSeq: 16; type: liAS_NODE; nodes {;   nodedata: ""\021\000h""\000\000\000\000 \033\000\000\000\017\002\023\302?\330\356GuH\375\327!\255\371\r\231\262R\256J\034\222\241\355X\265E\241^W\225\304\014\361CX-}\351f\032\255\274\334m\326c\017\014ao[\342\230\003\245\245\3341Hm\326^\017jy\335\261\032Yt\320\244{g\0306\\302\303*\341\215\223\257\364\277o\375\000r\241SOq\221\253\262\005\017\375T\356\014\360o'\030\311-\267\031\257!\031T\006><\315XM\334\324\345\034\000\325\367\240\271\013\265\024\321\362\354\211\250.\234s\225amc\305\035\366\276\037nD\277`\210\223N\3535\033\261\304f\331]\036\237\306o!\223\221\002\324\031\262\240R\177 ,\214\325\Q])\016\2067\277\t\354\010\000\360\215\2502\265\245\310\226\243c\302Ze\306\253#r\020\211\320iG\276\020E\317\035Sf\223F\254\033@\177e\277\016\010u\327\371&\262\312\317Q\2361t\377x\234\001v\003%\030\325_\225g\204\346a=\225\273\331\354\365*U\363\263N\367b\371\244\314-w\363\262\225Z\200\206\235\233\257?sE\2674\254\326mU\377?\177Ek\336\030!\316Aa\225\303\022\377{\210Y\226\271as\354L\035\004\341\361\035\301\024\220m#*\372\032\3178~\374\250\014*\323\342'z69\220\327\256\351G\367\317u\302\207\270b\315\333\333\334\310I\323&\014\352XZnW2.\335\347\202\021\247\362\212e\034\000\001\250\220\305;a\314\265R\310\017\317\331\235\360\262\240:\277\202\266\354\265X""\022\nh\252\352w\204\203\023]\001f\352\277\0031Q]\362\370R\350{\261\202\240\344\215\201\353\276\322p5p\350\354\017>\250r\241c\273\016\301\024\363\242\247\263\231\370\344\nBW\220K\316@3\243\200\036wk\253GSlU\010\360\231>\331\263H\214\324\030A\225\301o\346pkSF\004\241\213w9\223=\250\262*+\255\351r\265\264\227\2326\315\307\363\323\325\303\032N\256*\307\327 \235\332\207u\210\271\257\306g\231i*\260\326k\001"";   nodeid: ""\260\000\000\000\000\000\000\000\000\000\000\000\000\000\000\000\000\000\000\000\000\000\000\000\000\000\000\000\000\000\000\000\001""; }; "
1750527588470,1750527588470,0,1,3,4,TMLedgerData,"ledgerHash: ""\244c\024\213\t\007`\223\325#\3477\210\345P\306\013\320\252[\0216+\227=`\371P\314\346 V""; ledgerSeq: 16; type: liBASE; nodes {;   nodedata: ""\000\000\000\020\001cEx]\211\377\330\231>\331\263H\214\324\030A\225\301o\346pkSF\004\241\213w9\223=\250\262*+\255\351r\265\000\000\000\000\000\000\000\000\000\000\000\000\000\000\000\000\000\000\000\000\000\000\000\000\000\000\000\000\000\000\000\000AG\325\312\355\241\241Z\021*+4\326\221\372\266\336\337\253\033g\265\330J\014\372\356\370\005\004\3609/\351\252\336/\351\252\346\n\000""; }; nodes {;   nodedata: ""\323C\344\327\264{\312-\017:\006{\177\344N\002\326bO\260\220\006\033\362\345\005U\221DzJ0\001\301\025%1L\307\t\261\262z\374\222T\301\274V\236\223\262\270Ct\362\337b\356\024*\324\320\351\317\002k\336\234\027v\351\217\260\303\360\233ZPZWr\246$w\313\313\r\243r\232\2234\373\3539:N\004Q\245\272D\312D\300\300\t\323\0257\345e\271\na\215{\226\255x%T\257\037\333\004\344_/R\006E\344\037@\210\363\010\336T\226\247'\204_{\261\370""1\235\2445\343\033Y!\212\201\341\272\225'\007""P\215\247\272\225\341k$@\365\t\274\027\200\3103\370\257d\255\254\212Qu\260""5\213t\016\013\003""; }; requestCookie: 3; ","ledgerHash: ""\244c\024\213\t\007`\223\325#\3477\210\345P\306\013\320\252[\0216+\227=`\371P\314\346 V""; ledgerSeq: 16; type: liBASE; nodes {;   nodedata: ""\000\000\000\020\001cEx]\211\377\330\231>\331\263H\214\324\030A\225\301o\346pkSF\004\241\213w9\223=\250\262*+\255\351r\265\000\000\000\000\000\000\000\000\000\000\000\000\000\000\000\000\000\000\000\000\000\000\000\000\000\000\000\000\000\000\000\000AG\325\312\355\241\241Z\021*+4\326\221\372\266\336\337\253\033g\265\330J\014\372\356\370\005\004\3609/\351\252\336/\351\252\346\n\000""; }; nodes {;   nodedata: ""\323C\344\327\264{\312-\017:\006{\177\344N\002\326bO\260\220\006\033\362\345\005U\221DzJ0\001\301\025%1L\307\t\261\262z\374\222T\301\274V\236\223\262\270Ct\362\337b\356\024*\324\320\351\317\002k\336\234\027v\351\217\260\303\360\233ZPZWr\246$w\313\313\r\243r\232\2234\373\3539:N\004Q\245\272D\312D\300\300\t\323\0257\345e\271\na\215{\226\255x%T\257\037\333\004\344_/R\006E\344\037@\210\363\010\336T\226\247'\204_{\261\370""1\235\2445\343\033Y!\212\201\341\272\225'\007""P\215\247\272\225\341k$@\365\t\274\027\200\3103\370\257d\255\254\212Qu\260""5\213t\016\013\003""; }; requestCookie: 3; "
1750527588470,1750527588470,0,1,3,4,TMLedgerData,"ledgerHash: ""\244c\024\213\t\007`\223\325#\3477\210\345P\306\013\320\252[\0216+\227=`\371P\314\346 V""; ledgerSeq: 16; type: liBASE; nodes {;   nodedata: ""\000\000\000\020\001cEx]\211\377\330\231>\331\263H\214\324\030A\225\301o\346pkSF\004\241\213w9\223=\250\262*+\255\351r\265\000\000\000\000\000\000\000\000\000\000\000\000\000\000\000\000\000\000\000\000\000\000\000\000\000\000\000\000\000\000\000\000AG\325\312\355\241\241Z\021*+4\326\221\372\266\336\337\253\033g\265\330J\014\372\356\370\005\004\3609/\351\252\336/\351\252\346\n\000""; }; nodes {;   nodedata: ""\323C\344\327\264{\312-\017:\006{\177\344N\002\326bO\260\220\006\033\362\345\005U\221DzJ0\001\301\025%1L\307\t\261\262z\374\222T\301\274V\236\223\262\270Ct\362\337b\356\024*\324\320\351\317\002k\336\234\027v\351\217\260\303\360\233ZPZWr\246$w\313\313\r\243r\232\2234\373\3539:N\004Q\245\272D\312D\300\300\t\323\0257\345e\271\na\215{\226\255x%T\257\037\333\004\344_/R\006E\344\037@\210\363\010\336T\226\247'\204_{\261\370""1\235\2445\343\033Y!\212\201\341\272\225'\007""P\215\247\272\225\341k$@\365\t\274\027\200\3103\370\257d\255\254\212Qu\260""5\213t\016\013\003""; }; requestCookie: 2; ","ledgerHash: ""\244c\024\213\t\007`\223\325#\3477\210\345P\306\013\320\252[\0216+\227=`\371P\314\346 V""; ledgerSeq: 16; type: liBASE; nodes {;   nodedata: ""\000\000\000\020\001cEx]\211\377\330\231>\331\263H\214\324\030A\225\301o\346pkSF\004\241\213w9\223=\250\262*+\255\351r\265\000\000\000\000\000\000\000\000\000\000\000\000\000\000\000\000\000\000\000\000\000\000\000\000\000\000\000\000\000\000\000\000AG\325\312\355\241\241Z\021*+4\326\221\372\266\336\337\253\033g\265\330J\014\372\356\370\005\004\3609/\351\252\336/\351\252\346\n\000""; }; nodes {;   nodedata: ""\323C\344\327\264{\312-\017:\006{\177\344N\002\326bO\260\220\006\033\362\345\005U\221DzJ0\001\301\025%1L\307\t\261\262z\374\222T\301\274V\236\223\262\270Ct\362\337b\356\024*\324\320\351\317\002k\336\234\027v\351\217\260\303\360\233ZPZWr\246$w\313\313\r\243r\232\2234\373\3539:N\004Q\245\272D\312D\300\300\t\323\0257\345e\271\na\215{\226\255x%T\257\037\333\004\344_/R\006E\344\037@\210\363\010\336T\226\247'\204_{\261\370""1\235\2445\343\033Y!\212\201\341\272\225'\007""P\215\247\272\225\341k$@\365\t\274\027\200\3103\370\257d\255\254\212Qu\260""5\213t\016\013\003""; }; requestCookie: 2; "
1750527588471,1750527588471,0,1,3,1,TMLedgerData,"ledgerHash: ""\244c\024\213\t\007`\223\325#\3477\210\345P\306\013\320\252[\0216+\227=`\371P\314\346 V""; ledgerSeq: 16; type: liBASE; nodes {;   nodedata: ""\000\000\000\020\001cEx]\211\377\330\231>\331\263H\214\324\030A\225\301o\346pkSF\004\241\213w9\223=\250\262*+\255\351r\265\000\000\000\000\000\000\000\000\000\000\000\000\000\000\000\000\000\000\000\000\000\000\000\000\000\000\000\000\000\000\000\000AG\325\312\355\241\241Z\021*+4\326\221\372\266\336\337\253\033g\265\330J\014\372\356\370\005\004\3609/\351\252\336/\351\252\346\n\000""; }; nodes {;   nodedata: ""\323C\344\327\264{\312-\017:\006{\177\344N\002\326bO\260\220\006\033\362\345\005U\221DzJ0\001\301\025%1L\307\t\261\262z\374\222T\301\274V\236\223\262\270Ct\362\337b\356\024*\324\320\351\317\002k\336\234\027v\351\217\260\303\360\233ZPZWr\246$w\313\313\r\243r\232\2234\373\3539:N\004Q\245\272D\312D\300\300\t\323\0257\345e\271\na\215{\226\255x%T\257\037\333\004\344_/R\006E\344\037@\210\363\010\336T\226\247'\204_{\261\370""1\235\2445\343\033Y!\212\201\341\272\225'\007""P\215\247\272\225\341k$@\365\t\274\027\200\3103\370\257d\255\254\212Qu\260""5\213t\016\013\003""; }; ","ledgerHash: ""\244c\024\213\t\007`\223\325#\3477\210\345P\306\013\320\252[\0216+\227=`\371P\314\346 V""; ledgerSeq: 16; type: liBASE; nodes {;   nodedata: ""\000\000\000\020\001cEx]\211\377\330\231>\331\263H\214\324\030A\225\301o\346pkSF\004\241\213w9\223=\250\262*+\255\351r\265\000\000\000\000\000\000\000\000\000\000\000\000\000\000\000\000\000\000\000\000\000\000\000\000\000\000\000\000\000\000\000\000AG\325\312\355\241\241Z\021*+4\326\221\372\266\336\337\253\033g\265\330J\014\372\356\370\005\004\3609/\351\252\336/\351\252\346\n\000""; }; nodes {;   nodedata: ""\323C\344\327\264{\312-\017:\006{\177\344N\002\326bO\260\220\006\033\362\345\005U\221DzJ0\001\301\025%1L\307\t\261\262z\374\222T\301\274V\236\223\262\270Ct\362\337b\356\024*\324\320\351\317\002k\336\234\027v\351\217\260\303\360\233ZPZWr\246$w\313\313\r\243r\232\2234\373\3539:N\004Q\245\272D\312D\300\300\t\323\0257\345e\271\na\215{\226\255x%T\257\037\333\004\344_/R\006E\344\037@\210\363\010\336T\226\247'\204_{\261\370""1\235\2445\343\033Y!\212\201\341\272\225'\007""P\215\247\272\225\341k$@\365\t\274\027\200\3103\370\257d\255\254\212Qu\260""5\213t\016\013\003""; }; "
1750527588472,1750527588472,0,1,3,1,TMLedgerData,"ledgerHash: ""\244c\024\213\t\007`\223\325#\3477\210\345P\306\013\320\252[\0216+\227=`\371P\314\346 V""; ledgerSeq: 16; type: liBASE; nodes {;   nodedata: ""\000\000\000\020\001cEx]\211\377\330\231>\331\263H\214\324\030A\225\301o\346pkSF\004\241\213w9\223=\250\262*+\255\351r\265\000\000\000\000\000\000\000\000\000\000\000\000\000\000\000\000\000\000\000\000\000\000\000\000\000\000\000\000\000\000\000\000AG\325\312\355\241\241Z\021*+4\326\221\372\266\336\337\253\033g\265\330J\014\372\356\370\005\004\3609/\351\252\336/\351\252\346\n\000""; }; nodes {;   nodedata: ""\323C\344\327\264{\312-\017:\006{\177\344N\002\326bO\260\220\006\033\362\345\005U\221DzJ0\001\301\025%1L\307\t\261\262z\374\222T\301\274V\236\223\262\270Ct\362\337b\356\024*\324\320\351\317\002k\336\234\027v\351\217\260\303\360\233ZPZWr\246$w\313\313\r\243r\232\2234\373\3539:N\004Q\245\272D\312D\300\300\t\323\0257\345e\271\na\215{\226\255x%T\257\037\333\004\344_/R\006E\344\037@\210\363\010\336T\226\247'\204_{\261\370""1\235\2445\343\033Y!\212\201\341\272\225'\007""P\215\247\272\225\341k$@\365\t\274\027\200\3103\370\257d\255\254\212Qu\260""5\213t\016\013\003""; }; requestCookie: 3; ","ledgerHash: ""\244c\024\213\t\007`\223\325#\3477\210\345P\306\013\320\252[\0216+\227=`\371P\314\346 V""; ledgerSeq: 16; type: liBASE; nodes {;   nodedata: ""\000\000\000\020\001cEx]\211\377\330\231>\331\263H\214\324\030A\225\301o\346pkSF\004\241\213w9\223=\250\262*+\255\351r\265\000\000\000\000\000\000\000\000\000\000\000\000\000\000\000\000\000\000\000\000\000\000\000\000\000\000\000\000\000\000\000\000AG\325\312\355\241\241Z\021*+4\326\221\372\266\336\337\253\033g\265\330J\014\372\356\370\005\004\3609/\351\252\336/\351\252\346\n\000""; }; nodes {;   nodedata: ""\323C\344\327\264{\312-\017:\006{\177\344N\002\326bO\260\220\006\033\362\345\005U\221DzJ0\001\301\025%1L\307\t\261\262z\374\222T\301\274V\236\223\262\270Ct\362\337b\356\024*\324\320\351\317\002k\336\234\027v\351\217\260\303\360\233ZPZWr\246$w\313\313\r\243r\232\2234\373\3539:N\004Q\245\272D\312D\300\300\t\323\0257\345e\271\na\215{\226\255x%T\257\037\333\004\344_/R\006E\344\037@\210\363\010\336T\226\247'\204_{\261\370""1\235\2445\343\033Y!\212\201\341\272\225'\007""P\215\247\272\225\341k$@\365\t\274\027\200\3103\370\257d\255\254\212Qu\260""5\213t\016\013\003""; }; requestCookie: 3; "
1750527588472,1750527588472,0,1,3,1,TMLedgerData,"ledgerHash: ""\244c\024\213\t\007`\223\325#\3477\210\345P\306\013\320\252[\0216+\227=`\371P\314\346 V""; ledgerSeq: 16; type: liBASE; nodes {;   nodedata: ""\000\000\000\020\001cEx]\211\377\330\231>\331\263H\214\324\030A\225\301o\346pkSF\004\241\213w9\223=\250\262*+\255\351r\265\000\000\000\000\000\000\000\000\000\000\000\000\000\000\000\000\000\000\000\000\000\000\000\000\000\000\000\000\000\000\000\000AG\325\312\355\241\241Z\021*+4\326\221\372\266\336\337\253\033g\265\330J\014\372\356\370\005\004\3609/\351\252\336/\351\252\346\n\000""; }; nodes {;   nodedata: ""\323C\344\327\264{\312-\017:\006{\177\344N\002\326bO\260\220\006\033\362\345\005U\221DzJ0\001\301\025%1L\307\t\261\262z\374\222T\301\274V\236\223\262\270Ct\362\337b\356\024*\324\320\351\317\002k\336\234\027v\351\217\260\303\360\233ZPZWr\246$w\313\313\r\243r\232\2234\373\3539:N\004Q\245\272D\312D\300\300\t\323\0257\345e\271\na\215{\226\255x%T\257\037\333\004\344_/R\006E\344\037@\210\363\010\336T\226\247'\204_{\261\370""1\235\2445\343\033Y!\212\201\341\272\225'\007""P\215\247\272\225\341k$@\365\t\274\027\200\3103\370\257d\255\254\212Qu\260""5\213t\016\013\003""; }; requestCookie: 5; ","ledgerHash: ""\244c\024\213\t\007`\223\325#\3477\210\345P\306\013\320\252[\0216+\227=`\371P\314\346 V""; ledgerSeq: 16; type: liBASE; nodes {;   nodedata: ""\000\000\000\020\001cEx]\211\377\330\231>\331\263H\214\324\030A\225\301o\346pkSF\004\241\213w9\223=\250\262*+\255\351r\265\000\000\000\000\000\000\000\000\000\000\000\000\000\000\000\000\000\000\000\000\000\000\000\000\000\000\000\000\000\000\000\000AG\325\312\355\241\241Z\021*+4\326\221\372\266\336\337\253\033g\265\330J\014\372\356\370\005\004\3609/\351\252\336/\351\252\346\n\000""; }; nodes {;   nodedata: ""\323C\344\327\264{\312-\017:\006{\177\344N\002\326bO\260\220\006\033\362\345\005U\221DzJ0\001\301\025%1L\307\t\261\262z\374\222T\301\274V\236\223\262\270Ct\362\337b\356\024*\324\320\351\317\002k\336\234\027v\351\217\260\303\360\233ZPZWr\246$w\313\313\r\243r\232\2234\373\3539:N\004Q\245\272D\312D\300\300\t\323\0257\345e\271\na\215{\226\255x%T\257\037\333\004\344_/R\006E\344\037@\210\363\010\336T\226\247'\204_{\261\370""1\235\2445\343\033Y!\212\201\341\272\225'\007""P\215\247\272\225\341k$@\365\t\274\027\200\3103\370\257d\255\254\212Qu\260""5\213t\016\013\003""; }; requestCookie: 5; "
1750527588472,1750527588472,0,1,3,1,TMLedgerData,"ledgerHash: ""\244c\024\213\t\007`\223\325#\3477\210\345P\306\013\320\252[\0216+\227=`\371P\314\346 V""; ledgerSeq: 16; type: liBASE; nodes {;   nodedata: ""\000\000\000\020\001cEx]\211\377\330\231>\331\263H\214\324\030A\225\301o\346pkSF\004\241\213w9\223=\250\262*+\255\351r\265\000\000\000\000\000\000\000\000\000\000\000\000\000\000\000\000\000\000\000\000\000\000\000\000\000\000\000\000\000\000\000\000AG\325\312\355\241\241Z\021*+4\326\221\372\266\336\337\253\033g\265\330J\014\372\356\370\005\004\3609/\351\252\336/\351\252\346\n\000""; }; nodes {;   nodedata: ""\323C\344\327\264{\312-\017:\006{\177\344N\002\326bO\260\220\006\033\362\345\005U\221DzJ0\001\301\025%1L\307\t\261\262z\374\222T\301\274V\236\223\262\270Ct\362\337b\356\024*\324\320\351\317\002k\336\234\027v\351\217\260\303\360\233ZPZWr\246$w\313\313\r\243r\232\2234\373\3539:N\004Q\245\272D\312D\300\300\t\323\0257\345e\271\na\215{\226\255x%T\257\037\333\004\344_/R\006E\344\037@\210\363\010\336T\226\247'\204_{\261\370""1\235\2445\343\033Y!\212\201\341\272\225'\007""P\215\247\272\225\341k$@\365\t\274\027\200\3103\370\257d\255\254\212Qu\260""5\213t\016\013\003""; }; requestCookie: 2; ","ledgerHash: ""\244c\024\213\t\007`\223\325#\3477\210\345P\306\013\320\252[\0216+\227=`\371P\314\346 V""; ledgerSeq: 16; type: liBASE; nodes {;   nodedata: ""\000\000\000\020\001cEx]\211\377\330\231>\331\263H\214\324\030A\225\301o\346pkSF\004\241\213w9\223=\250\262*+\255\351r\265\000\000\000\000\000\000\000\000\000\000\000\000\000\000\000\000\000\000\000\000\000\000\000\000\000\000\000\000\000\000\000\000AG\325\312\355\241\241Z\021*+4\326\221\372\266\336\337\253\033g\265\330J\014\372\356\370\005\004\3609/\351\252\336/\351\252\346\n\000""; }; nodes {;   nodedata: ""\323C\344\327\264{\312-\017:\006{\177\344N\002\326bO\260\220\006\033\362\345\005U\221DzJ0\001\301\025%1L\307\t\261\262z\374\222T\301\274V\236\223\262\270Ct\362\337b\356\024*\324\320\351\317\002k\336\234\027v\351\217\260\303\360\233ZPZWr\246$w\313\313\r\243r\232\2234\373\3539:N\004Q\245\272D\312D\300\300\t\323\0257\345e\271\na\215{\226\255x%T\257\037\333\004\344_/R\006E\344\037@\210\363\010\336T\226\247'\204_{\261\370""1\235\2445\343\033Y!\212\201\341\272\225'\007""P\215\247\272\225\341k$@\365\t\274\027\200\3103\370\257d\255\254\212Qu\260""5\213t\016\013\003""; }; requestCookie: 2; "
1750527588473,1750527588473,0,1,4,0,TMLedgerData,"ledgerHash: ""\244c\024\213\t\007`\223\325#\3477\210\345P\306\013\320\252[\0216+\227=`\371P\314\346 V""; ledgerSeq: 16; type: liBASE; nodes {;   nodedata: ""\000\000\000\020\001cEx]\211\377\330\231>\331\263H\214\324\030A\225\301o\346pkSF\004\241\213w9\223=\250\262*+\255\351r\265\000\000\000\000\000\000\000\000\000\000\000\000\000\000\000\000\000\000\000\000\000\000\000\000\000\000\000\000\000\000\000\000AG\325\312\355\241\241Z\021*+4\326\221\372\266\336\337\253\033g\265\330J\014\372\356\370\005\004\3609/\351\252\336/\351\252\346\n\000""; }; nodes {;   nodedata: ""\323C\344\327\264{\312-\017:\006{\177\344N\002\326bO\260\220\006\033\362\345\005U\221DzJ0\001\301\025%1L\307\t\261\262z\374\222T\301\274V\236\223\262\270Ct\362\337b\356\024*\324\320\351\317\002k\336\234\027v\351\217\260\303\360\233ZPZWr\246$w\313\313\r\243r\232\2234\373\3539:N\004Q\245\272D\312D\300\300\t\323\0257\345e\271\na\215{\226\255x%T\257\037\333\004\344_/R\006E\344\037@\210\363\010\336T\226\247'\204_{\261\370""1\235\2445\343\033Y!\212\201\341\272\225'\007""P\215\247\272\225\341k$@\365\t\274\027\200\3103\370\257d\255\254\212Qu\260""5\213t\016\013\003""; }; ","ledgerHash: ""\244c\024\213\t\007`\223\325#\3477\210\345P\306\013\320\252[\0216+\227=`\371P\314\346 V""; ledgerSeq: 16; type: liBASE; nodes {;   nodedata: ""\000\000\000\020\001cEx]\211\377\330\231>\331\263H\214\324\030A\225\301o\346pkSF\004\241\213w9\223=\250\262*+\255\351r\265\000\000\000\000\000\000\000\000\000\000\000\000\000\000\000\000\000\000\000\000\000\000\000\000\000\000\000\000\000\000\000\000AG\325\312\355\241\241Z\021*+4\326\221\372\266\336\337\253\033g\265\330J\014\372\356\370\005\004\3609/\351\252\336/\351\252\346\n\000""; }; nodes {;   nodedata: ""\323C\344\327\264{\312-\017:\006{\177\344N\002\326bO\260\220\006\033\362\345\005U\221DzJ0\001\301\025%1L\307\t\261\262z\374\222T\301\274V\236\223\262\270Ct\362\337b\356\024*\324\320\351\317\002k\336\234\027v\351\217\260\303\360\233ZPZWr\246$w\313\313\r\243r\232\2234\373\3539:N\004Q\245\272D\312D\300\300\t\323\0257\345e\271\na\215{\226\255x%T\257\037\333\004\344_/R\006E\344\037@\210\363\010\336T\226\247'\204_{\261\370""1\235\2445\343\033Y!\212\201\341\272\225'\007""P\215\247\272\225\341k$@\365\t\274\027\200\3103\370\257d\255\254\212Qu\260""5\213t\016\013\003""; }; "
1750527588473,1750527588474,0,1,2,0,TMLedgerData,"ledgerHash: ""\244c\024\213\t\007`\223\325#\3477\210\345P\306\013\320\252[\0216+\227=`\371P\314\346 V""; ledgerSeq: 16; type: liBASE; nodes {;   nodedata: ""\000\000\000\020\001cEx]\211\377\330\231>\331\263H\214\324\030A\225\301o\346pkSF\004\241\213w9\223=\250\262*+\255\351r\265\000\000\000\000\000\000\000\000\000\000\000\000\000\000\000\000\000\000\000\000\000\000\000\000\000\000\000\000\000\000\000\000AG\325\312\355\241\241Z\021*+4\326\221\372\266\336\337\253\033g\265\330J\014\372\356\370\005\004\3609/\351\252\336/\351\252\346\n\000""; }; nodes {;   nodedata: ""\323C\344\327\264{\312-\017:\006{\177\344N\002\326bO\260\220\006\033\362\345\005U\221DzJ0\001\301\025%1L\307\t\261\262z\374\222T\301\274V\236\223\262\270Ct\362\337b\356\024*\324\320\351\317\002k\336\234\027v\351\217\260\303\360\233ZPZWr\246$w\313\313\r\243r\232\2234\373\3539:N\004Q\245\272D\312D\300\300\t\323\0257\345e\271\na\215{\226\255x%T\257\037\333\004\344_/R\006E\344\037@\210\363\010\336T\226\247'\204_{\261\370""1\235\2445\343\033Y!\212\201\341\272\225'\007""P\215\247\272\225\341k$@\365\t\274\027\200\3103\370\257d\255\254\212Qu\260""5\213t\016\013\003""; }; ","ledgerHash: ""\244c\024\213\t\007`\223\325#\3477\210\345P\306\013\320\252[\0216+\227=`\371P\314\346 V""; ledgerSeq: 16; type: liBASE; nodes {;   nodedata: ""\000\000\000\020\001cEx]\211\377\330\231>\331\263H\214\324\030A\225\301o\346pkSF\004\241\213w9\223=\250\262*+\255\351r\265\000\000\000\000\000\000\000\000\000\000\000\000\000\000\000\000\000\000\000\000\000\000\000\000\000\000\000\000\000\000\000\000AG\325\312\355\241\241Z\021*+4\326\221\372\266\336\337\253\033g\265\330J\014\372\356\370\005\004\3609/\351\252\336/\351\252\346\n\000""; }; nodes {;   nodedata: ""\323C\344\327\264{\312-\017:\006{\177\344N\002\326bO\260\220\006\033\362\345\005U\221DzJ0\001\301\025%1L\307\t\261\262z\374\222T\301\274V\236\223\262\270Ct\362\337b\356\024*\324\320\351\317\002k\336\234\027v\351\217\260\303\360\233ZPZWr\246$w\313\313\r\243r\232\2234\373\3539:N\004Q\245\272D\312D\300\300\t\323\0257\345e\271\na\215{\226\255x%T\257\037\333\004\344_/R\006E\344\037@\210\363\010\336T\226\247'\204_{\261\370""1\235\2445\343\033Y!\212\201\341\272\225'\007""P\215\247\272\225\341k$@\365\t\274\027\200\3103\370\257d\255\254\212Qu\260""5\213t\016\013\003""; }; "
1750527588474,1750527588474,0,1,0,4,TMLedgerData,"ledgerHash: ""\244c\024\213\t\007`\223\325#\3477\210\345P\306\013\320\252[\0216+\227=`\371P\314\346 V""; ledgerSeq: 16; type: liBASE; nodes {;   nodedata: ""\000\000\000\020\001cEx]\211\377\330\231>\331\263H\214\324\030A\225\301o\346pkSF\004\241\213w9\223=\250\262*+\255\351r\265\000\000\000\000\000\000\000\000\000\000\000\000\000\000\000\000\000\000\000\000\000\000\000\000\000\000\000\000\000\000\000\000AG\325\312\355\241\241Z\021*+4\326\221\372\266\336\337\253\033g\265\330J\014\372\356\370\005\004\3609/\351\252\336/\351\252\346\n\000""; }; nodes {;   nodedata: ""\323C\344\327\264{\312-\017:\006{\177\344N\002\326bO\260\220\006\033\362\345\005U\221DzJ0\001\301\025%1L\307\t\261\262z\374\222T\301\274V\236\223\262\270Ct\362\337b\356\024*\324\320\351\317\002k\336\234\027v\351\217\260\303\360\233ZPZWr\246$w\313\313\r\243r\232\2234\373\3539:N\004Q\245\272D\312D\300\300\t\323\0257\345e\271\na\215{\226\255x%T\257\037\333\004\344_/R\006E\344\037@\210\363\010\336T\226\247'\204_{\261\370""1\235\2445\343\033Y!\212\201\341\272\225'\007""P\215\247\272\225\341k$@\365\t\274\027\200\3103\370\257d\255\254\212Qu\260""5\213t\016\013\003""; }; ","ledgerHash: ""\244c\024\213\t\007`\223\325#\3477\210\345P\306\013\320\252[\0216+\227=`\371P\314\346 V""; ledgerSeq: 16; type: liBASE; nodes {;   nodedata: ""\000\000\000\020\001cEx]\211\377\330\231>\331\263H\214\324\030A\225\301o\346pkSF\004\241\213w9\223=\250\262*+\255\351r\265\000\000\000\000\000\000\000\000\000\000\000\000\000\000\000\000\000\000\000\000\000\000\000\000\000\000\000\000\000\000\000\000AG\325\312\355\241\241Z\021*+4\326\221\372\266\336\337\253\033g\265\330J\014\372\356\370\005\004\3609/\351\252\336/\351\252\346\n\000""; }; nodes {;   nodedata: ""\323C\344\327\264{\312-\017:\006{\177\344N\002\326bO\260\220\006\033\362\345\005U\221DzJ0\001\301\025%1L\307\t\261\262z\374\222T\301\274V\236\223\262\270Ct\362\337b\356\024*\324\320\351\317\002k\336\234\027v\351\217\260\303\360\233ZPZWr\246$w\313\313\r\243r\232\2234\373\3539:N\004Q\245\272D\312D\300\300\t\323\0257\345e\271\na\215{\226\255x%T\257\037\333\004\344_/R\006E\344\037@\210\363\010\336T\226\247'\204_{\261\370""1\235\2445\343\033Y!\212\201\341\272\225'\007""P\215\247\272\225\341k$@\365\t\274\027\200\3103\370\257d\255\254\212Qu\260""5\213t\016\013\003""; }; "
1750527588474,1750527588474,0,1,2,4,TMLedgerData,"ledgerHash: ""\244c\024\213\t\007`\223\325#\3477\210\345P\306\013\320\252[\0216+\227=`\371P\314\346 V""; ledgerSeq: 16; type: liBASE; nodes {;   nodedata: ""\000\000\000\020\001cEx]\211\377\330\231>\331\263H\214\324\030A\225\301o\346pkSF\004\241\213w9\223=\250\262*+\255\351r\265\000\000\000\000\000\000\000\000\000\000\000\000\000\000\000\000\000\000\000\000\000\000\000\000\000\000\000\000\000\000\000\000AG\325\312\355\241\241Z\021*+4\326\221\372\266\336\337\253\033g\265\330J\014\372\356\370\005\004\3609/\351\252\336/\351\252\346\n\000""; }; nodes {;   nodedata: ""\323C\344\327\264{\312-\017:\006{\177\344N\002\326bO\260\220\006\033\362\345\005U\221DzJ0\001\301\025%1L\307\t\261\262z\374\222T\301\274V\236\223\262\270Ct\362\337b\356\024*\324\320\351\317\002k\336\234\027v\351\217\260\303\360\233ZPZWr\246$w\313\313\r\243r\232\2234\373\3539:N\004Q\245\272D\312D\300\300\t\323\0257\345e\271\na\215{\226\255x%T\257\037\333\004\344_/R\006E\344\037@\210\363\010\336T\226\247'\204_{\261\370""1\235\2445\343\033Y!\212\201\341\272\225'\007""P\215\247\272\225\341k$@\365\t\274\027\200\3103\370\257d\255\254\212Qu\260""5\213t\016\013\003""; }; ","ledgerHash: ""\244c\024\213\t\007`\223\325#\3477\210\345P\306\013\320\252[\0216+\227=`\371P\314\346 V""; ledgerSeq: 16; type: liBASE; nodes {;   nodedata: ""\000\000\000\020\001cEx]\211\377\330\231>\331\263H\214\324\030A\225\301o\346pkSF\004\241\213w9\223=\250\262*+\255\351r\265\000\000\000\000\000\000\000\000\000\000\000\000\000\000\000\000\000\000\000\000\000\000\000\000\000\000\000\000\000\000\000\000AG\325\312\355\241\241Z\021*+4\326\221\372\266\336\337\253\033g\265\330J\014\372\356\370\005\004\3609/\351\252\336/\351\252\346\n\000""; }; nodes {;   nodedata: ""\323C\344\327\264{\312-\017:\006{\177\344N\002\326bO\260\220\006\033\362\345\005U\221DzJ0\001\301\025%1L\307\t\261\262z\374\222T\301\274V\236\223\262\270Ct\362\337b\356\024*\324\320\351\317\002k\336\234\027v\351\217\260\303\360\233ZPZWr\246$w\313\313\r\243r\232\2234\373\3539:N\004Q\245\272D\312D\300\300\t\323\0257\345e\271\na\215{\226\255x%T\257\037\333\004\344_/R\006E\344\037@\210\363\010\336T\226\247'\204_{\261\370""1\235\2445\343\033Y!\212\201\341\272\225'\007""P\215\247\272\225\341k$@\365\t\274\027\200\3103\370\257d\255\254\212Qu\260""5\213t\016\013\003""; }; "
1750527588475,1750527588475,0,1,3,4,TMLedgerData,"ledgerHash: ""\244c\024\213\t\007`\223\325#\3477\210\345P\306\013\320\252[\0216+\227=`\371P\314\346 V""; ledgerSeq: 16; type: liAS_NODE; nodes {;   nodedata: ""\021\000h""\000\000\000\000 \033\000\000\000\017\002\023\302?\330\356GuH\375\327!\255\371\r\231\262R\256J\034\222\241\355X\265E\241^W\225\304\014\361CX-}\351f\032\255\274\334m\326c\017\014ao[\342\230\003\245\245\3341Hm\326^\017jy\335\261\032Yt\320\244{g\0306\\302\303*\341\215\223\257\364\277o\375\000r\241SOq\221\253\262\005\017\375T\356\014\360o'\030\311-\267\031\257!\031T\006><\315XM\334\324\345\034\000\325\367\240\271\013\265\024\321\362\354\211\250.\234s\225amc\305\035\366\276\037nD\277`\210\223N\3535\033\261\304f\331]\036\237\306o!\223\221\002\324\031\262\240R\177 ,\214\325\Q])\016\2067\277\t\354\010\000\360\215\2502\265\245\310\226\243c\302Ze\306\253#r\020\211\320iG\276\020E\317\035Sf\223F\254\033@\177e\277\016\010u\327\371&\262\312\317Q\2361t\377x\234\001v\003%\030\325_\225g\204\346a=\225\273\331\354\365*U\363\263N\367b\371\244\314-w\363\262\225Z\200\206\235\233\257?sE\2674\254\326mU\377?\177Ek\336\030!\316Aa\225\303\022\377{\210Y\226\271as\354L\035\004\341\361\035\301\024\220m#*\372\032\3178~\374\250\014*\323\342'z69\220\327\256\351G\367\317u\302\207\270b\315\333\333\334\310I\323&\014\352XZnW2.\335\347\202\021\247\362\212e\034\000\001\250\220\305;a\314\265R\310\017\317\331\235\360\262\240:\277\202\266\354\265X""\022\nh\252\352w\204\203\023]\001f\352\277\0031Q]\362\370R\350{\261\202\240\344\215\201\353\276\322p5p\350\354\017>\250r\241c\273\016\301\024\363\242\247\263\231\370\344\nBW\220K\316@3\243\200\036wk\253GSlU\010\360\231>\331\263H\214\324\030A\225\301o\346pkSF\004\241\213w9\223=\250\262*+\255\351r\265\264\227\2326\315\307\363\323\325\303\032N\256*\307\327 \235\332\207u\210\271\257\306g\231i*\260\326k\001"";   nodeid: ""\260\000\000\000\000\000\000\000\000\000\000\000\000\000\000\000\000\000\000\000\000\000\000\000\000\000\000\000\000\000\000\000\001""; }; ","ledgerHash: ""\244c\024\213\t\007`\223\325#\3477\210\345P\306\013\320\252[\0216+\227=`\371P\314\346 V""; ledgerSeq: 16; type: liAS_NODE; nodes {;   nodedata: ""\021\000h""\000\000\000\000 \033\000\000\000\017\002\023\302?\330\356GuH\375\327!\255\371\r\231\262R\256J\034\222\241\355X\265E\241^W\225\304\014\361CX-}\351f\032\255\274\334m\326c\017\014ao[\342\230\003\245\245\3341Hm\326^\017jy\335\261\032Yt\320\244{g\0306\\302\303*\341\215\223\257\364\277o\375\000r\241SOq\221\253\262\005\017\375T\356\014\360o'\030\311-\267\031\257!\031T\006><\315XM\334\324\345\034\000\325\367\240\271\013\265\024\321\362\354\211\250.\234s\225amc\305\035\366\276\037nD\277`\210\223N\3535\033\261\304f\331]\036\237\306o!\223\221\002\324\031\262\240R\177 ,\214\325\Q])\016\2067\277\t\354\010\000\360\215\2502\265\245\310\226\243c\302Ze\306\253#r\020\211\320iG\276\020E\317\035Sf\223F\254\033@\177e\277\016\010u\327\371&\262\312\317Q\2361t\377x\234\001v\003%\030\325_\225g\204\346a=\225\273\331\354\365*U\363\263N\367b\371\244\314-w\363\262\225Z\200\206\235\233\257?sE\2674\254\326mU\377?\177Ek\336\030!\316Aa\225\303\022\377{\210Y\226\271as\354L\035\004\341\361\035\301\024\220m#*\372\032\3178~\374\250\014*\323\342'z69\220\327\256\351G\367\317u\302\207\270b\315\333\333\334\310I\323&\014\352XZnW2.\335\347\202\021\247\362\212e\034\000\001\250\220\305;a\314\265R\310\017\317\331\235\360\262\240:\277\202\266\354\265X""\022\nh\252\352w\204\203\023]\001f\352\277\0031Q]\362\370R\350{\261\202\240\344\215\201\353\276\322p5p\350\354\017>\250r\241c\273\016\301\024\363\242\247\263\231\370\344\nBW\220K\316@3\243\200\036wk\253GSlU\010\360\231>\331\263H\214\324\030A\225\301o\346pkSF\004\241\213w9\223=\250\262*+\255\351r\265\264\227\2326\315\307\363\323\325\303\032N\256*\307\327 \235\332\207u\210\271\257\306g\231i*\260\326k\001"";   nodeid: ""\260\000\000\000\000\000\000\000\000\000\000\000\000\000\000\000\000\000\000\000\000\000\000\000\000\000\000\000\000\000\000\000\001""; }; "
1750527588475,1750527588475,0,1,2,1,TMLedgerData,"ledgerHash: ""\244c\024\213\t\007`\223\325#\3477\210\345P\306\013\320\252[\0216+\227=`\371P\314\346 V""; ledgerSeq: 16; type: liBASE; nodes {;   nodedata: ""\000\000\000\020\001cEx]\211\377\330\231>\331\263H\214\324\030A\225\301o\346pkSF\004\241\213w9\223=\250\262*+\255\351r\265\000\000\000\000\000\000\000\000\000\000\000\000\000\000\000\000\000\000\000\000\000\000\000\000\000\000\000\000\000\000\000\000AG\325\312\355\241\241Z\021*+4\326\221\372\266\336\337\253\033g\265\330J\014\372\356\370\005\004\3609/\351\252\336/\351\252\346\n\000""; }; nodes {;   nodedata: ""\323C\344\327\264{\312-\017:\006{\177\344N\002\326bO\260\220\006\033\362\345\005U\221DzJ0\001\301\025%1L\307\t\261\262z\374\222T\301\274V\236\223\262\270Ct\362\337b\356\024*\324\320\351\317\002k\336\234\027v\351\217\260\303\360\233ZPZWr\246$w\313\313\r\243r\232\2234\373\3539:N\004Q\245\272D\312D\300\300\t\323\0257\345e\271\na\215{\226\255x%T\257\037\333\004\344_/R\006E\344\037@\210\363\010\336T\226\247'\204_{\261\370""1\235\2445\343\033Y!\212\201\341\272\225'\007""P\215\247\272\225\341k$@\365\t\274\027\200\3103\370\257d\255\254\212Qu\260""5\213t\016\013\003""; }; ","ledgerHash: ""\244c\024\213\t\007`\223\325#\3477\210\345P\306\013\320\252[\0216+\227=`\371P\314\346 V""; ledgerSeq: 16; type: liBASE; nodes {;   nodedata: ""\000\000\000\020\001cEx]\211\377\330\231>\331\263H\214\324\030A\225\301o\346pkSF\004\241\213w9\223=\250\262*+\255\351r\265\000\000\000\000\000\000\000\000\000\000\000\000\000\000\000\000\000\000\000\000\000\000\000\000\000\000\000\000\000\000\000\000AG\325\312\355\241\241Z\021*+4\326\221\372\266\336\337\253\033g\265\330J\014\372\356\370\005\004\3609/\351\252\336/\351\252\346\n\000""; }; nodes {;   nodedata: ""\323C\344\327\264{\312-\017:\006{\177\344N\002\326bO\260\220\006\033\362\345\005U\221DzJ0\001\301\025%1L\307\t\261\262z\374\222T\301\274V\236\223\262\270Ct\362\337b\356\024*\324\320\351\317\002k\336\234\027v\351\217\260\303\360\233ZPZWr\246$w\313\313\r\243r\232\2234\373\3539:N\004Q\245\272D\312D\300\300\t\323\0257\345e\271\na\215{\226\255x%T\257\037\333\004\344_/R\006E\344\037@\210\363\010\336T\226\247'\204_{\261\370""1\235\2445\343\033Y!\212\201\341\272\225'\007""P\215\247\272\225\341k$@\365\t\274\027\200\3103\370\257d\255\254\212Qu\260""5\213t\016\013\003""; }; "
1750527588476,1750527588476,0,1,0,1,TMLedgerData,"ledgerHash: ""\244c\024\213\t\007`\223\325#\3477\210\345P\306\013\320\252[\0216+\227=`\371P\314\346 V""; ledgerSeq: 16; type: liBASE; nodes {;   nodedata: ""\000\000\000\020\001cEx]\211\377\330\231>\331\263H\214\324\030A\225\301o\346pkSF\004\241\213w9\223=\250\262*+\255\351r\265\000\000\000\000\000\000\000\000\000\000\000\000\000\000\000\000\000\000\000\000\000\000\000\000\000\000\000\000\000\000\000\000AG\325\312\355\241\241Z\021*+4\326\221\372\266\336\337\253\033g\265\330J\014\372\356\370\005\004\3609/\351\252\336/\351\252\346\n\000""; }; nodes {;   nodedata: ""\323C\344\327\264{\312-\017:\006{\177\344N\002\326bO\260\220\006\033\362\345\005U\221DzJ0\001\301\025%1L\307\t\261\262z\374\222T\301\274V\236\223\262\270Ct\362\337b\356\024*\324\320\351\317\002k\336\234\027v\351\217\260\303\360\233ZPZWr\246$w\313\313\r\243r\232\2234\373\3539:N\004Q\245\272D\312D\300\300\t\323\0257\345e\271\na\215{\226\255x%T\257\037\333\004\344_/R\006E\344\037@\210\363\010\336T\226\247'\204_{\261\370""1\235\2445\343\033Y!\212\201\341\272\225'\007""P\215\247\272\225\341k$@\365\t\274\027\200\3103\370\257d\255\254\212Qu\260""5\213t\016\013\003""; }; ","ledgerHash: ""\244c\024\213\t\007`\223\325#\3477\210\345P\306\013\320\252[\0216+\227=`\371P\314\346 V""; ledgerSeq: 16; type: liBASE; nodes {;   nodedata: ""\000\000\000\020\001cEx]\211\377\330\231>\331\263H\214\324\030A\225\301o\346pkSF\004\241\213w9\223=\250\262*+\255\351r\265\000\000\000\000\000\000\000\000\000\000\000\000\000\000\000\000\000\000\000\000\000\000\000\000\000\000\000\000\000\000\000\000AG\325\312\355\241\241Z\021*+4\326\221\372\266\336\337\253\033g\265\330J\014\372\356\370\005\004\3609/\351\252\336/\351\252\346\n\000""; }; nodes {;   nodedata: ""\323C\344\327\264{\312-\017:\006{\177\344N\002\326bO\260\220\006\033\362\345\005U\221DzJ0\001\301\025%1L\307\t\261\262z\374\222T\301\274V\236\223\262\270Ct\362\337b\356\024*\324\320\351\317\002k\336\234\027v\351\217\260\303\360\233ZPZWr\246$w\313\313\r\243r\232\2234\373\3539:N\004Q\245\272D\312D\300\300\t\323\0257\345e\271\na\215{\226\255x%T\257\037\333\004\344_/R\006E\344\037@\210\363\010\336T\226\247'\204_{\261\370""1\235\2445\343\033Y!\212\201\341\272\225'\007""P\215\247\272\225\341k$@\365\t\274\027\200\3103\370\257d\255\254\212Qu\260""5\213t\016\013\003""; }; "
1750527588476,1750527588476,0,1,4,2,TMLedgerData,"ledgerHash: ""\244c\024\213\t\007`\223\325#\3477\210\345P\306\013\320\252[\0216+\227=`\371P\314\346 V""; ledgerSeq: 16; type: liBASE; nodes {;   nodedata: ""\000\000\000\020\001cEx]\211\377\330\231>\331\263H\214\324\030A\225\301o\346pkSF\004\241\213w9\223=\250\262*+\255\351r\265\000\000\000\000\000\000\000\000\000\000\000\000\000\000\000\000\000\000\000\000\000\000\000\000\000\000\000\000\000\000\000\000AG\325\312\355\241\241Z\021*+4\326\221\372\266\336\337\253\033g\265\330J\014\372\356\370\005\004\3609/\351\252\336/\351\252\346\n\000""; }; nodes {;   nodedata: ""\323C\344\327\264{\312-\017:\006{\177\344N\002\326bO\260\220\006\033\362\345\005U\221DzJ0\001\301\025%1L\307\t\261\262z\374\222T\301\274V\236\223\262\270Ct\362\337b\356\024*\324\320\351\317\002k\336\234\027v\351\217\260\303\360\233ZPZWr\246$w\313\313\r\243r\232\2234\373\3539:N\004Q\245\272D\312D\300\300\t\323\0257\345e\271\na\215{\226\255x%T\257\037\333\004\344_/R\006E\344\037@\210\363\010\336T\226\247'\204_{\261\370""1\235\2445\343\033Y!\212\201\341\272\225'\007""P\215\247\272\225\341k$@\365\t\274\027\200\3103\370\257d\255\254\212Qu\260""5\213t\016\013\003""; }; ","ledgerHash: ""\244c\024\213\t\007`\223\325#\3477\210\345P\306\013\320\252[\0216+\227=`\371P\314\346 V""; ledgerSeq: 16; type: liBASE; nodes {;   nodedata: ""\000\000\000\020\001cEx]\211\377\330\231>\331\263H\214\324\030A\225\301o\346pkSF\004\241\213w9\223=\250\262*+\255\351r\265\000\000\000\000\000\000\000\000\000\000\000\000\000\000\000\000\000\000\000\000\000\000\000\000\000\000\000\000\000\000\000\000AG\325\312\355\241\241Z\021*+4\326\221\372\266\336\337\253\033g\265\330J\014\372\356\370\005\004\3609/\351\252\336/\351\252\346\n\000""; }; nodes {;   nodedata: ""\323C\344\327\264{\312-\017:\006{\177\344N\002\326bO\260\220\006\033\362\345\005U\221DzJ0\001\301\025%1L\307\t\261\262z\374\222T\301\274V\236\223\262\270Ct\362\337b\356\024*\324\320\351\317\002k\336\234\027v\351\217\260\303\360\233ZPZWr\246$w\313\313\r\243r\232\2234\373\3539:N\004Q\245\272D\312D\300\300\t\323\0257\345e\271\na\215{\226\255x%T\257\037\333\004\344_/R\006E\344\037@\210\363\010\336T\226\247'\204_{\261\370""1\235\2445\343\033Y!\212\201\341\272\225'\007""P\215\247\272\225\341k$@\365\t\274\027\200\3103\370\257d\255\254\212Qu\260""5\213t\016\013\003""; }; "
1750527588477,1750527588477,0,1,4,1,TMLedgerData,"ledgerHash: ""\244c\024\213\t\007`\223\325#\3477\210\345P\306\013\320\252[\0216+\227=`\371P\314\346 V""; ledgerSeq: 16; type: liBASE; nodes {;   nodedata: ""\000\000\000\020\001cEx]\211\377\330\231>\331\263H\214\324\030A\225\301o\346pkSF\004\241\213w9\223=\250\262*+\255\351r\265\000\000\000\000\000\000\000\000\000\000\000\000\000\000\000\000\000\000\000\000\000\000\000\000\000\000\000\000\000\000\000\000AG\325\312\355\241\241Z\021*+4\326\221\372\266\336\337\253\033g\265\330J\014\372\356\370\005\004\3609/\351\252\336/\351\252\346\n\000""; }; nodes {;   nodedata: ""\323C\344\327\264{\312-\017:\006{\177\344N\002\326bO\260\220\006\033\362\345\005U\221DzJ0\001\301\025%1L\307\t\261\262z\374\222T\301\274V\236\223\262\270Ct\362\337b\356\024*\324\320\351\317\002k\336\234\027v\351\217\260\303\360\233ZPZWr\246$w\313\313\r\243r\232\2234\373\3539:N\004Q\245\272D\312D\300\300\t\323\0257\345e\271\na\215{\226\255x%T\257\037\333\004\344_/R\006E\344\037@\210\363\010\336T\226\247'\204_{\261\370""1\235\2445\343\033Y!\212\201\341\272\225'\007""P\215\247\272\225\341k$@\365\t\274\027\200\3103\370\257d\255\254\212Qu\260""5\213t\016\013\003""; }; ","ledgerHash: ""\244c\024\213\t\007`\223\325#\3477\210\345P\306\013\320\252[\0216+\227=`\371P\314\346 V""; ledgerSeq: 16; type: liBASE; nodes {;   nodedata: ""\000\000\000\020\001cEx]\211\377\330\231>\331\263H\214\324\030A\225\301o\346pkSF\004\241\213w9\223=\250\262*+\255\351r\265\000\000\000\000\000\000\000\000\000\000\000\000\000\000\000\000\000\000\000\000\000\000\000\000\000\000\000\000\000\000\000\000AG\325\312\355\241\241Z\021*+4\326\221\372\266\336\337\253\033g\265\330J\014\372\356\370\005\004\3609/\351\252\336/\351\252\346\n\000""; }; nodes {;   nodedata: ""\323C\344\327\264{\312-\017:\006{\177\344N\002\326bO\260\220\006\033\362\345\005U\221DzJ0\001\301\025%1L\307\t\261\262z\374\222T\301\274V\236\223\262\270Ct\362\337b\356\024*\324\320\351\317\002k\336\234\027v\351\217\260\303\360\233ZPZWr\246$w\313\313\r\243r\232\2234\373\3539:N\004Q\245\272D\312D\300\300\t\323\0257\345e\271\na\215{\226\255x%T\257\037\333\004\344_/R\006E\344\037@\210\363\010\336T\226\247'\204_{\261\370""1\235\2445\343\033Y!\212\201\341\272\225'\007""P\215\247\272\225\341k$@\365\t\274\027\200\3103\370\257d\255\254\212Qu\260""5\213t\016\013\003""; }; "
1750527588477,1750527588477,0,1,1,3,TMGetLedger,"itype: liAS_NODE; ledgerHash: ""\244c\024\213\t\007`\223\325#\3477\210\345P\306\013\320\252[\0216+\227=`\371P\314\346 V""; ledgerSeq: 16; nodeIDs: ""\260\000\000\000\000\000\000\000\000\000\000\000\000\000\000\000\000\000\000\000\000\000\000\000\000\000\000\000\000\000\000\000\001""; queryType: qtINDIRECT; queryDepth: 1; ","itype: liAS_NODE; ledgerHash: ""\244c\024\213\t\007`\223\325#\3477\210\345P\306\013\320\252[\0216+\227=`\371P\314\346 V""; ledgerSeq: 16; nodeIDs: ""\260\000\000\000\000\000\000\000\000\000\000\000\000\000\000\000\000\000\000\000\000\000\000\000\000\000\000\000\000\000\000\000\001""; queryType: qtINDIRECT; queryDepth: 1; "
1750527588478,1750527588478,0,1,1,2,TMLedgerData,"ledgerHash: ""\244c\024\213\t\007`\223\325#\3477\210\345P\306\013\320\252[\0216+\227=`\371P\314\346 V""; ledgerSeq: 16; type: liBASE; nodes {;   nodedata: ""\000\000\000\020\001cEx]\211\377\330\231>\331\263H\214\324\030A\225\301o\346pkSF\004\241\213w9\223=\250\262*+\255\351r\265\000\000\000\000\000\000\000\000\000\000\000\000\000\000\000\000\000\000\000\000\000\000\000\000\000\000\000\000\000\000\000\000AG\325\312\355\241\241Z\021*+4\326\221\372\266\336\337\253\033g\265\330J\014\372\356\370\005\004\3609/\351\252\336/\351\252\346\n\000""; }; nodes {;   nodedata: ""\323C\344\327\264{\312-\017:\006{\177\344N\002\326bO\260\220\006\033\362\345\005U\221DzJ0\001\301\025%1L\307\t\261\262z\374\222T\301\274V\236\223\262\270Ct\362\337b\356\024*\324\320\351\317\002k\336\234\027v\351\217\260\303\360\233ZPZWr\246$w\313\313\r\243r\232\2234\373\3539:N\004Q\245\272D\312D\300\300\t\323\0257\345e\271\na\215{\226\255x%T\257\037\333\004\344_/R\006E\344\037@\210\363\010\336T\226\247'\204_{\261\370""1\235\2445\343\033Y!\212\201\341\272\225'\007""P\215\247\272\225\341k$@\365\t\274\027\200\3103\370\257d\255\254\212Qu\260""5\213t\016\013\003""; }; ","ledgerHash: ""\244c\024\213\t\007`\223\325#\3477\210\345P\306\013\320\252[\0216+\227=`\371P\314\346 V""; ledgerSeq: 16; type: liBASE; nodes {;   nodedata: ""\000\000\000\020\001cEx]\211\377\330\231>\331\263H\214\324\030A\225\301o\346pkSF\004\241\213w9\223=\250\262*+\255\351r\265\000\000\000\000\000\000\000\000\000\000\000\000\000\000\000\000\000\000\000\000\000\000\000\000\000\000\000\000\000\000\000\000AG\325\312\355\241\241Z\021*+4\326\221\372\266\336\337\253\033g\265\330J\014\372\356\370\005\004\3609/\351\252\336/\351\252\346\n\000""; }; nodes {;   nodedata: ""\323C\344\327\264{\312-\017:\006{\177\344N\002\326bO\260\220\006\033\362\345\005U\221DzJ0\001\301\025%1L\307\t\261\262z\374\222T\301\274V\236\223\262\270Ct\362\337b\356\024*\324\320\351\317\002k\336\234\027v\351\217\260\303\360\233ZPZWr\246$w\313\313\r\243r\232\2234\373\3539:N\004Q\245\272D\312D\300\300\t\323\0257\345e\271\na\215{\226\255x%T\257\037\333\004\344_/R\006E\344\037@\210\363\010\336T\226\247'\204_{\261\370""1\235\2445\343\033Y!\212\201\341\272\225'\007""P\215\247\272\225\341k$@\365\t\274\027\200\3103\370\257d\255\254\212Qu\260""5\213t\016\013\003""; }; "
1750527588478,1750527588478,0,1,1,4,TMLedgerData,"ledgerHash: ""\244c\024\213\t\007`\223\325#\3477\210\345P\306\013\320\252[\0216+\227=`\371P\314\346 V""; ledgerSeq: 16; type: liBASE; nodes {;   nodedata: ""\000\000\000\020\001cEx]\211\377\330\231>\331\263H\214\324\030A\225\301o\346pkSF\004\241\213w9\223=\250\262*+\255\351r\265\000\000\000\000\000\000\000\000\000\000\000\000\000\000\000\000\000\000\000\000\000\000\000\000\000\000\000\000\000\000\000\000AG\325\312\355\241\241Z\021*+4\326\221\372\266\336\337\253\033g\265\330J\014\372\356\370\005\004\3609/\351\252\336/\351\252\346\n\000""; }; nodes {;   nodedata: ""\323C\344\327\264{\312-\017:\006{\177\344N\002\326bO\260\220\006\033\362\345\005U\221DzJ0\001\301\025%1L\307\t\261\262z\374\222T\301\274V\236\223\262\270Ct\362\337b\356\024*\324\320\351\317\002k\336\234\027v\351\217\260\303\360\233ZPZWr\246$w\313\313\r\243r\232\2234\373\3539:N\004Q\245\272D\312D\300\300\t\323\0257\345e\271\na\215{\226\255x%T\257\037\333\004\344_/R\006E\344\037@\210\363\010\336T\226\247'\204_{\261\370""1\235\2445\343\033Y!\212\201\341\272\225'\007""P\215\247\272\225\341k$@\365\t\274\027\200\3103\370\257d\255\254\212Qu\260""5\213t\016\013\003""; }; ","ledgerHash: ""\244c\024\213\t\007`\223\325#\3477\210\345P\306\013\320\252[\0216+\227=`\371P\314\346 V""; ledgerSeq: 16; type: liBASE; nodes {;   nodedata: ""\000\000\000\020\001cEx]\211\377\330\231>\331\263H\214\324\030A\225\301o\346pkSF\004\241\213w9\223=\250\262*+\255\351r\265\000\000\000\000\000\000\000\000\000\000\000\000\000\000\000\000\000\000\000\000\000\000\000\000\000\000\000\000\000\000\000\000AG\325\312\355\241\241Z\021*+4\326\221\372\266\336\337\253\033g\265\330J\014\372\356\370\005\004\3609/\351\252\336/\351\252\346\n\000""; }; nodes {;   nodedata: ""\323C\344\327\264{\312-\017:\006{\177\344N\002\326bO\260\220\006\033\362\345\005U\221DzJ0\001\301\025%1L\307\t\261\262z\374\222T\301\274V\236\223\262\270Ct\362\337b\356\024*\324\320\351\317\002k\336\234\027v\351\217\260\303\360\233ZPZWr\246$w\313\313\r\243r\232\2234\373\3539:N\004Q\245\272D\312D\300\300\t\323\0257\345e\271\na\215{\226\255x%T\257\037\333\004\344_/R\006E\344\037@\210\363\010\336T\226\247'\204_{\261\370""1\235\2445\343\033Y!\212\201\341\272\225'\007""P\215\247\272\225\341k$@\365\t\274\027\200\3103\370\257d\255\254\212Qu\260""5\213t\016\013\003""; }; "
1750527588478,1750527588478,0,1,1,0,TMLedgerData,"ledgerHash: ""\244c\024\213\t\007`\223\325#\3477\210\345P\306\013\320\252[\0216+\227=`\371P\314\346 V""; ledgerSeq: 16; type: liBASE; nodes {;   nodedata: ""\000\000\000\020\001cEx]\211\377\330\231>\331\263H\214\324\030A\225\301o\346pkSF\004\241\213w9\223=\250\262*+\255\351r\265\000\000\000\000\000\000\000\000\000\000\000\000\000\000\000\000\000\000\000\000\000\000\000\000\000\000\000\000\000\000\000\000AG\325\312\355\241\241Z\021*+4\326\221\372\266\336\337\253\033g\265\330J\014\372\356\370\005\004\3609/\351\252\336/\351\252\346\n\000""; }; nodes {;   nodedata: ""\323C\344\327\264{\312-\017:\006{\177\344N\002\326bO\260\220\006\033\362\345\005U\221DzJ0\001\301\025%1L\307\t\261\262z\374\222T\301\274V\236\223\262\270Ct\362\337b\356\024*\324\320\351\317\002k\336\234\027v\351\217\260\303\360\233ZPZWr\246$w\313\313\r\243r\232\2234\373\3539:N\004Q\245\272D\312D\300\300\t\323\0257\345e\271\na\215{\226\255x%T\257\037\333\004\344_/R\006E\344\037@\210\363\010\336T\226\247'\204_{\261\370""1\235\2445\343\033Y!\212\201\341\272\225'\007""P\215\247\272\225\341k$@\365\t\274\027\200\3103\370\257d\255\254\212Qu\260""5\213t\016\013\003""; }; ","ledgerHash: ""\244c\024\213\t\007`\223\325#\3477\210\345P\306\013\320\252[\0216+\227=`\371P\314\346 V""; ledgerSeq: 16; type: liBASE; nodes {;   nodedata: ""\000\000\000\020\001cEx]\211\377\330\231>\331\263H\214\324\030A\225\301o\346pkSF\004\241\213w9\223=\250\262*+\255\351r\265\000\000\000\000\000\000\000\000\000\000\000\000\000\000\000\000\000\000\000\000\000\000\000\000\000\000\000\000\000\000\000\000AG\325\312\355\241\241Z\021*+4\326\221\372\266\336\337\253\033g\265\330J\014\372\356\370\005\004\3609/\351\252\336/\351\252\346\n\000""; }; nodes {;   nodedata: ""\323C\344\327\264{\312-\017:\006{\177\344N\002\326bO\260\220\006\033\362\345\005U\221DzJ0\001\301\025%1L\307\t\261\262z\374\222T\301\274V\236\223\262\270Ct\362\337b\356\024*\324\320\351\317\002k\336\234\027v\351\217\260\303\360\233ZPZWr\246$w\313\313\r\243r\232\2234\373\3539:N\004Q\245\272D\312D\300\300\t\323\0257\345e\271\na\215{\226\255x%T\257\037\333\004\344_/R\006E\344\037@\210\363\010\336T\226\247'\204_{\261\370""1\235\2445\343\033Y!\212\201\341\272\225'\007""P\215\247\272\225\341k$@\365\t\274\027\200\3103\370\257d\255\254\212Qu\260""5\213t\016\013\003""; }; "
1750527588481,1750527588481,0,1,3,1,TMLedgerData,"ledgerHash: ""\244c\024\213\t\007`\223\325#\3477\210\345P\306\013\320\252[\0216+\227=`\371P\314\346 V""; ledgerSeq: 16; type: liAS_NODE; nodes {;   nodedata: ""\021\000h""\000\000\000\000 \033\000\000\000\017\002\023\302?\330\356GuH\375\327!\255\371\r\231\262R\256J\034\222\241\355X\265E\241^W\225\304\014\361CX-}\351f\032\255\274\334m\326c\017\014ao[\342\230\003\245\245\3341Hm\326^\017jy\335\261\032Yt\320\244{g\0306\\302\303*\341\215\223\257\364\277o\375\000r\241SOq\221\253\262\005\017\375T\356\014\360o'\030\311-\267\031\257!\031T\006><\315XM\334\324\345\034\000\325\367\240\271\013\265\024\321\362\354\211\250.\234s\225amc\305\035\366\276\037nD\277`\210\223N\3535\033\261\304f\331]\036\237\306o!\223\221\002\324\031\262\240R\177 ,\214\325\Q])\016\2067\277\t\354\010\000\360\215\2502\265\245\310\226\243c\302Ze\306\253#r\020\211\320iG\276\020E\317\035Sf\223F\254\033@\177e\277\016\010u\327\371&\262\312\317Q\2361t\377x\234\001v\003%\030\325_\225g\204\346a=\225\273\331\354\365*U\363\263N\367b\371\244\314-w\363\262\225Z\200\206\235\233\257?sE\2674\254\326mU\377?\177Ek\336\030!\316Aa\225\303\022\377{\210Y\226\271as\354L\035\004\341\361\035\301\024\220m#*\372\032\3178~\374\250\014*\323\342'z69\220\327\256\351G\367\317u\302\207\270b\315\333\333\334\310I\323&\014\352XZnW2.\335\347\202\021\247\362\212e\034\000\001\250\220\305;a\314\265R\310\017\317\331\235\360\262\240:\277\202\266\354\265X""\022\nh\252\352w\204\203\023]\001f\352\277\0031Q]\362\370R\350{\261\202\240\344\215\201\353\276\322p5p\350\354\017>\250r\241c\273\016\301\024\363\242\247\263\231\370\344\nBW\220K\316@3\243\200\036wk\253GSlU\010\360\231>\331\263H\214\324\030A\225\301o\346pkSF\004\241\213w9\223=\250\262*+\255\351r\265\264\227\2326\315\307\363\323\325\303\032N\256*\307\327 \235\332\207u\210\271\257\306g\231i*\260\326k\001"";   nodeid: ""\260\000\000\000\000\000\000\000\000\000\000\000\000\000\000\000\000\000\000\000\000\000\000\000\000\000\000\000\000\000\000\000\001""; }; ","ledgerHash: ""\244c\024\213\t\007`\223\325#\3477\210\345P\306\013\320\252[\0216+\227=`\371P\314\346 V""; ledgerSeq: 16; type: liAS_NODE; nodes {;   nodedata: ""\021\000h""\000\000\000\000 \033\000\000\000\017\002\023\302?\330\356GuH\375\327!\255\371\r\231\262R\256J\034\222\241\355X\265E\241^W\225\304\014\361CX-}\351f\032\255\274\334m\326c\017\014ao[\342\230\003\245\245\3341Hm\326^\017jy\335\261\032Yt\320\244{g\0306\\302\303*\341\215\223\257\364\277o\375\000r\241SOq\221\253\262\005\017\375T\356\014\360o'\030\311-\267\031\257!\031T\006><\315XM\334\324\345\034\000\325\367\240\271\013\265\024\321\362\354\211\250.\234s\225amc\305\035\366\276\037nD\277`\210\223N\3535\033\261\304f\331]\036\237\306o!\223\221\002\324\031\262\240R\177 ,\214\325\Q])\016\2067\277\t\354\010\000\360\215\2502\265\245\310\226\243c\302Ze\306\253#r\020\211\320iG\276\020E\317\035Sf\223F\254\033@\177e\277\016\010u\327\371&\262\312\317Q\2361t\377x\234\001v\003%\030\325_\225g\204\346a=\225\273\331\354\365*U\363\263N\367b\371\244\314-w\363\262\225Z\200\206\235\233\257?sE\2674\254\326mU\377?\177Ek\336\030!\316Aa\225\303\022\377{\210Y\226\271as\354L\035\004\341\361\035\301\024\220m#*\372\032\3178~\374\250\014*\323\342'z69\220\327\256\351G\367\317u\302\207\270b\315\333\333\334\310I\323&\014\352XZnW2.\335\347\202\021\247\362\212e\034\000\001\250\220\305;a\314\265R\310\017\317\331\235\360\262\240:\277\202\266\354\265X""\022\nh\252\352w\204\203\023]\001f\352\277\0031Q]\362\370R\350{\261\202\240\344\215\201\353\276\322p5p\350\354\017>\250r\241c\273\016\301\024\363\242\247\263\231\370\344\nBW\220K\316@3\243\200\036wk\253GSlU\010\360\231>\331\263H\214\324\030A\225\301o\346pkSF\004\241\213w9\223=\250\262*+\255\351r\265\264\227\2326\315\307\363\323\325\303\032N\256*\307\327 \235\332\207u\210\271\257\306g\231i*\260\326k\001"";   nodeid: ""\260\000\000\000\000\000\000\000\000\000\000\000\000\000\000\000\000\000\000\000\000\000\000\000\000\000\000\000\000\000\000\000\001""; }; "
1750527588594,1750527588594,0,1,4,3,TMStatusChange,"newEvent: neACCEPTED_LEDGER; ledgerSeq: 16; ledgerHash: ""\244c\024\213\t\007`\223\325#\3477\210\345P\306\013\320\252[\0216+\227=`\371P\314\346 V""; ledgerHashPrevious: ""\231>\331\263H\214\324\030A\225\301o\346pkSF\004\241\213w9\223=\250\262*+\255\351r\265""; networkTime: 803842788; firstSeq: 1; lastSeq: 15; ","newEvent: neACCEPTED_LEDGER; ledgerSeq: 16; ledgerHash: ""\244c\024\213\t\007`\223\325#\3477\210\345P\306\013\320\252[\0216+\227=`\371P\314\346 V""; ledgerHashPrevious: ""\231>\331\263H\214\324\030A\225\301o\346pkSF\004\241\213w9\223=\250\262*+\255\351r\265""; networkTime: 803842788; firstSeq: 1; lastSeq: 15; "
1750527588595,1750527588595,0,1,4,1,TMStatusChange,"newEvent: neACCEPTED_LEDGER; ledgerSeq: 16; ledgerHash: ""\244c\024\213\t\007`\223\325#\3477\210\345P\306\013\320\252[\0216+\227=`\371P\314\346 V""; ledgerHashPrevious: ""\231>\331\263H\214\324\030A\225\301o\346pkSF\004\241\213w9\223=\250\262*+\255\351r\265""; networkTime: 803842788; firstSeq: 1; lastSeq: 15; ","newEvent: neACCEPTED_LEDGER; ledgerSeq: 16; ledgerHash: ""\244c\024\213\t\007`\223\325#\3477\210\345P\306\013\320\252[\0216+\227=`\371P\314\346 V""; ledgerHashPrevious: ""\231>\331\263H\214\324\030A\225\301o\346pkSF\004\241\213w9\223=\250\262*+\255\351r\265""; networkTime: 803842788; firstSeq: 1; lastSeq: 15; "
1750527588594,1750527588594,0,1,4,2,TMStatusChange,"newEvent: neACCEPTED_LEDGER; ledgerSeq: 16; ledgerHash: ""\244c\024\213\t\007`\223\325#\3477\210\345P\306\013\320\252[\0216+\227=`\371P\314\346 V""; ledgerHashPrevious: ""\231>\331\263H\214\324\030A\225\301o\346pkSF\004\241\213w9\223=\250\262*+\255\351r\265""; networkTime: 803842788; firstSeq: 1; lastSeq: 15; ","newEvent: neACCEPTED_LEDGER; ledgerSeq: 16; ledgerHash: ""\244c\024\213\t\007`\223\325#\3477\210\345P\306\013\320\252[\0216+\227=`\371P\314\346 V""; ledgerHashPrevious: ""\231>\331\263H\214\324\030A\225\301o\346pkSF\004\241\213w9\223=\250\262*+\255\351r\265""; networkTime: 803842788; firstSeq: 1; lastSeq: 15; "
1750527588595,1750527588595,0,1,4,0,TMStatusChange,"newEvent: neACCEPTED_LEDGER; ledgerSeq: 16; ledgerHash: ""\244c\024\213\t\007`\223\325#\3477\210\345P\306\013\320\252[\0216+\227=`\371P\314\346 V""; ledgerHashPrevious: ""\231>\331\263H\214\324\030A\225\301o\346pkSF\004\241\213w9\223=\250\262*+\255\351r\265""; networkTime: 803842788; firstSeq: 1; lastSeq: 15; ","newEvent: neACCEPTED_LEDGER; ledgerSeq: 16; ledgerHash: ""\244c\024\213\t\007`\223\325#\3477\210\345P\306\013\320\252[\0216+\227=`\371P\314\346 V""; ledgerHashPrevious: ""\231>\331\263H\214\324\030A\225\301o\346pkSF\004\241\213w9\223=\250\262*+\255\351r\265""; networkTime: 803842788; firstSeq: 1; lastSeq: 15; "
1750527588638,1750527588638,0,1,4,2,TMValidation,"validation: """"\200\000\000\001&\000\000\000\020)/\351\252\344:\r\302\353\023?\373\240rQ\244c\024\213\t\007`\223\325#\3477\210\345P\306\013\320\252[\0216+\227=`\371P\314\346 VP\027\000\000\000\000\000\000\000\000\000\000\000\000\000\000\000\000\000\000\000\000\000\000\000\000\000\000\000\000\000\000\000\000P\031\231>\331\263H\214\324\030A\225\301o\346pkSF\004\241\213w9\223=\250\262*+\255\351r\265s!\003R7o\362bV\300hf\266\241;}\200^\374\240\203[:\342Q\225\221\027y\372\255\235\216\323~vF0D\002 \005\334\314\373\264\367,\254\002H\022n\233\017\353\374<-\352x\2121\230k\271\306c(\303\242\302\246\002 @\212\317gD\252'~&nM\375\277\\354x\360;\020\343(-k\257\177\350\237\374\033%u\177""; ","validation: """"\200\000\000\001&\000\000\000\020)/\351\252\344:\r\302\353\023?\373\240rQ\244c\024\213\t\007`\223\325#\3477\210\345P\306\013\320\252[\0216+\227=`\371P\314\346 VP\027\000\000\000\000\000\000\000\000\000\000\000\000\000\000\000\000\000\000\000\000\000\000\000\000\000\000\000\000\000\000\000\000P\031\231>\331\263H\214\324\030A\225\301o\346pkSF\004\241\213w9\223=\250\262*+\255\351r\265s!\003R7o\362bV\300hf\266\241;}\200^\374\240\203[:\342Q\225\221\027y\372\255\235\216\323~vF0D\002 \005\334\314\373\264\367,\254\002H\022n\233\017\353\374<-\352x\2121\230k\271\306c(\303\242\302\246\002 @\212\317gD\252'~&nM\375\277\\354x\360;\020\343(-k\257\177\350\237\374\033%u\177""; "
1750527588639,1750527588639,0,1,4,0,TMValidation,"validation: """"\200\000\000\001&\000\000\000\020)/\351\252\344:\r\302\353\023?\373\240rQ\244c\024\213\t\007`\223\325#\3477\210\345P\306\013\320\252[\0216+\227=`\371P\314\346 VP\027\000\000\000\000\000\000\000\000\000\000\000\000\000\000\000\000\000\000\000\000\000\000\000\000\000\000\000\000\000\000\000\000P\031\231>\331\263H\214\324\030A\225\301o\346pkSF\004\241\213w9\223=\250\262*+\255\351r\265s!\003R7o\362bV\300hf\266\241;}\200^\374\240\203[:\342Q\225\221\027y\372\255\235\216\323~vF0D\002 \005\334\314\373\264\367,\254\002H\022n\233\017\353\374<-\352x\2121\230k\271\306c(\303\242\302\246\002 @\212\317gD\252'~&nM\375\277\\354x\360;\020\343(-k\257\177\350\237\374\033%u\177""; ","validation: """"\200\000\000\001&\000\000\000\020)/\351\252\344:\r\302\353\023?\373\240rQ\244c\024\213\t\007`\223\325#\3477\210\345P\306\013\320\252[\0216+\227=`\371P\314\346 VP\027\000\000\000\000\000\000\000\000\000\000\000\000\000\000\000\000\000\000\000\000\000\000\000\000\000\000\000\000\000\000\000\000P\031\231>\331\263H\214\324\030A\225\301o\346pkSF\004\241\213w9\223=\250\262*+\255\351r\265s!\003R7o\362bV\300hf\266\241;}\200^\374\240\203[:\342Q\225\221\027y\372\255\235\216\323~vF0D\002 \005\334\314\373\264\367,\254\002H\022n\233\017\353\374<-\352x\2121\230k\271\306c(\303\242\302\246\002 @\212\317gD\252'~&nM\375\277\\354x\360;\020\343(-k\257\177\350\237\374\033%u\177""; "
1750527588638,1750527588639,0,1,4,3,TMValidation,"validation: """"\200\000\000\001&\000\000\000\020)/\351\252\344:\r\302\353\023?\373\240rQ\244c\024\213\t\007`\223\325#\3477\210\345P\306\013\320\252[\0216+\227=`\371P\314\346 VP\027\000\000\000\000\000\000\000\000\000\000\000\000\000\000\000\000\000\000\000\000\000\000\000\000\000\000\000\000\000\000\000\000P\031\231>\331\263H\214\324\030A\225\301o\346pkSF\004\241\213w9\223=\250\262*+\255\351r\265s!\003R7o\362bV\300hf\266\241;}\200^\374\240\203[:\342Q\225\221\027y\372\255\235\216\323~vF0D\002 \005\334\314\373\264\367,\254\002H\022n\233\017\353\374<-\352x\2121\230k\271\306c(\303\242\302\246\002 @\212\317gD\252'~&nM\375\277\\354x\360;\020\343(-k\257\177\350\237\374\033%u\177""; ","validation: """"\200\000\000\001&\000\000\000\020)/\351\252\344:\r\302\353\023?\373\240rQ\244c\024\213\t\007`\223\325#\3477\210\345P\306\013\320\252[\0216+\227=`\371P\314\346 VP\027\000\000\000\000\000\000\000\000\000\000\000\000\000\000\000\000\000\000\000\000\000\000\000\000\000\000\000\000\000\000\000\000P\031\231>\331\263H\214\324\030A\225\301o\346pkSF\004\241\213w9\223=\250\262*+\255\351r\265s!\003R7o\362bV\300hf\266\241;}\200^\374\240\203[:\342Q\225\221\027y\372\255\235\216\323~vF0D\002 \005\334\314\373\264\367,\254\002H\022n\233\017\353\374<-\352x\2121\230k\271\306c(\303\242\302\246\002 @\212\317gD\252'~&nM\375\277\\354x\360;\020\343(-k\257\177\350\237\374\033%u\177""; "
1750527588638,1750527588638,0,1,4,1,TMValidation,"validation: """"\200\000\000\001&\000\000\000\020)/\351\252\344:\r\302\353\023?\373\240rQ\244c\024\213\t\007`\223\325#\3477\210\345P\306\013\320\252[\0216+\227=`\371P\314\346 VP\027\000\000\000\000\000\000\000\000\000\000\000\000\000\000\000\000\000\000\000\000\000\000\000\000\000\000\000\000\000\000\000\000P\031\231>\331\263H\214\324\030A\225\301o\346pkSF\004\241\213w9\223=\250\262*+\255\351r\265s!\003R7o\362bV\300hf\266\241;}\200^\374\240\203[:\342Q\225\221\027y\372\255\235\216\323~vF0D\002 \005\334\314\373\264\367,\254\002H\022n\233\017\353\374<-\352x\2121\230k\271\306c(\303\242\302\246\002 @\212\317gD\252'~&nM\375\277\\354x\360;\020\343(-k\257\177\350\237\374\033%u\177""; ","validation: """"\200\000\000\001&\000\000\000\020)/\351\252\344:\r\302\353\023?\373\240rQ\244c\024\213\t\007`\223\325#\3477\210\345P\306\013\320\252[\0216+\227=`\371P\314\346 VP\027\000\000\000\000\000\000\000\000\000\000\000\000\000\000\000\000\000\000\000\000\000\000\000\000\000\000\000\000\000\000\000\000P\031\231>\331\263H\214\324\030A\225\301o\346pkSF\004\241\213w9\223=\250\262*+\255\351r\265s!\003R7o\362bV\300hf\266\241;}\200^\374\240\203[:\342Q\225\221\027y\372\255\235\216\323~vF0D\002 \005\334\314\373\264\367,\254\002H\022n\233\017\353\374<-\352x\2121\230k\271\306c(\303\242\302\246\002 @\212\317gD\252'~&nM\375\277\\354x\360;\020\343(-k\257\177\350\237\374\033%u\177""; "
1750527588640,1750527588640,0,1,2,3,TMValidation,"validation: """"\200\000\000\001&\000\000\000\020)/\351\252\344:\r\302\353\023?\373\240rQ\244c\024\213\t\007`\223\325#\3477\210\345P\306\013\320\252[\0216+\227=`\371P\314\346 VP\027\000\000\000\000\000\000\000\000\000\000\000\000\000\000\000\000\000\000\000\000\000\000\000\000\000\000\000\000\000\000\000\000P\031\231>\331\263H\214\324\030A\225\301o\346pkSF\004\241\213w9\223=\250\262*+\255\351r\265s!\003R7o\362bV\300hf\266\241;}\200^\374\240\203[:\342Q\225\221\027y\372\255\235\216\323~vF0D\002 \005\334\314\373\264\367,\254\002H\022n\233\017\353\374<-\352x\2121\230k\271\306c(\303\242\302\246\002 @\212\317gD\252'~&nM\375\277\\354x\360;\020\343(-k\257\177\350\237\374\033%u\177""; ","validation: """"\200\000\000\001&\000\000\000\020)/\351\252\344:\r\302\353\023?\373\240rQ\244c\024\213\t\007`\223\325#\3477\210\345P\306\013\320\252[\0216+\227=`\371P\314\346 VP\027\000\000\000\000\000\000\000\000\000\000\000\000\000\000\000\000\000\000\000\000\000\000\000\000\000\000\000\000\000\000\000\000P\031\231>\331\263H\214\324\030A\225\301o\346pkSF\004\241\213w9\223=\250\262*+\255\351r\265s!\003R7o\362bV\300hf\266\241;}\200^\374\240\203[:\342Q\225\221\027y\372\255\235\216\323~vF0D\002 \005\334\314\373\264\367,\254\002H\022n\233\017\353\374<-\352x\2121\230k\271\306c(\303\242\302\246\002 @\212\317gD\252'~&nM\375\277\\354x\360;\020\343(-k\257\177\350\237\374\033%u\177""; "
1750527588642,1750527588642,0,1,2,0,TMValidation,"validation: """"\200\000\000\001&\000\000\000\020)/\351\252\344:\r\302\353\023?\373\240rQ\244c\024\213\t\007`\223\325#\3477\210\345P\306\013\320\252[\0216+\227=`\371P\314\346 VP\027\000\000\000\000\000\000\000\000\000\000\000\000\000\000\000\000\000\000\000\000\000\000\000\000\000\000\000\000\000\000\000\000P\031\231>\331\263H\214\324\030A\225\301o\346pkSF\004\241\213w9\223=\250\262*+\255\351r\265s!\003R7o\362bV\300hf\266\241;}\200^\374\240\203[:\342Q\225\221\027y\372\255\235\216\323~vF0D\002 \005\334\314\373\264\367,\254\002H\022n\233\017\353\374<-\352x\2121\230k\271\306c(\303\242\302\246\002 @\212\317gD\252'~&nM\375\277\\354x\360;\020\343(-k\257\177\350\237\374\033%u\177""; ","validation: """"\200\000\000\001&\000\000\000\020)/\351\252\344:\r\302\353\023?\373\240rQ\244c\024\213\t\007`\223\325#\3477\210\345P\306\013\320\252[\0216+\227=`\371P\314\346 VP\027\000\000\000\000\000\000\000\000\000\000\000\000\000\000\000\000\000\000\000\000\000\000\000\000\000\000\000\000\000\000\000\000P\031\231>\331\263H\214\324\030A\225\301o\346pkSF\004\241\213w9\223=\250\262*+\255\351r\265s!\003R7o\362bV\300hf\266\241;}\200^\374\240\203[:\342Q\225\221\027y\372\255\235\216\323~vF0D\002 \005\334\314\373\264\367,\254\002H\022n\233\017\353\374<-\352x\2121\230k\271\306c(\303\242\302\246\002 @\212\317gD\252'~&nM\375\277\\354x\360;\020\343(-k\257\177\350\237\374\033%u\177""; "
1750527588642,1750527588642,0,1,0,1,TMValidation,"validation: """"\200\000\000\001&\000\000\000\020)/\351\252\344:\r\302\353\023?\373\240rQ\244c\024\213\t\007`\223\325#\3477\210\345P\306\013\320\252[\0216+\227=`\371P\314\346 VP\027\000\000\000\000\000\000\000\000\000\000\000\000\000\000\000\000\000\000\000\000\000\000\000\000\000\000\000\000\000\000\000\000P\031\231>\331\263H\214\324\030A\225\301o\346pkSF\004\241\213w9\223=\250\262*+\255\351r\265s!\003R7o\362bV\300hf\266\241;}\200^\374\240\203[:\342Q\225\221\027y\372\255\235\216\323~vF0D\002 \005\334\314\373\264\367,\254\002H\022n\233\017\353\374<-\352x\2121\230k\271\306c(\303\242\302\246\002 @\212\317gD\252'~&nM\375\277\\354x\360;\020\343(-k\257\177\350\237\374\033%u\177""; ","validation: """"\200\000\000\001&\000\000\000\020)/\351\252\344:\r\302\353\023?\373\240rQ\244c\024\213\t\007`\223\325#\3477\210\345P\306\013\320\252[\0216+\227=`\371P\314\346 VP\027\000\000\000\000\000\000\000\000\000\000\000\000\000\000\000\000\000\000\000\000\000\000\000\000\000\000\000\000\000\000\000\000P\031\231>\331\263H\214\324\030A\225\301o\346pkSF\004\241\213w9\223=\250\262*+\255\351r\265s!\003R7o\362bV\300hf\266\241;}\200^\374\240\203[:\342Q\225\221\027y\372\255\235\216\323~vF0D\002 \005\334\314\373\264\367,\254\002H\022n\233\017\353\374<-\352x\2121\230k\271\306c(\303\242\302\246\002 @\212\317gD\252'~&nM\375\277\\354x\360;\020\343(-k\257\177\350\237\374\033%u\177""; "
1750527588641,1750527588641,0,1,2,1,TMValidation,"validation: """"\200\000\000\001&\000\000\000\020)/\351\252\344:\r\302\353\023?\373\240rQ\244c\024\213\t\007`\223\325#\3477\210\345P\306\013\320\252[\0216+\227=`\371P\314\346 VP\027\000\000\000\000\000\000\000\000\000\000\000\000\000\000\000\000\000\000\000\000\000\000\000\000\000\000\000\000\000\000\000\000P\031\231>\331\263H\214\324\030A\225\301o\346pkSF\004\241\213w9\223=\250\262*+\255\351r\265s!\003R7o\362bV\300hf\266\241;}\200^\374\240\203[:\342Q\225\221\027y\372\255\235\216\323~vF0D\002 \005\334\314\373\264\367,\254\002H\022n\233\017\353\374<-\352x\2121\230k\271\306c(\303\242\302\246\002 @\212\317gD\252'~&nM\375\277\\354x\360;\020\343(-k\257\177\350\237\374\033%u\177""; ","validation: """"\200\000\000\001&\000\000\000\020)/\351\252\344:\r\302\353\023?\373\240rQ\244c\024\213\t\007`\223\325#\3477\210\345P\306\013\320\252[\0216+\227=`\371P\314\346 VP\027\000\000\000\000\000\000\000\000\000\000\000\000\000\000\000\000\000\000\000\000\000\000\000\000\000\000\000\000\000\000\000\000P\031\231>\331\263H\214\324\030A\225\301o\346pkSF\004\241\213w9\223=\250\262*+\255\351r\265s!\003R7o\362bV\300hf\266\241;}\200^\374\240\203[:\342Q\225\221\027y\372\255\235\216\323~vF0D\002 \005\334\314\373\264\367,\254\002H\022n\233\017\353\374<-\352x\2121\230k\271\306c(\303\242\302\246\002 @\212\317gD\252'~&nM\375\277\\354x\360;\020\343(-k\257\177\350\237\374\033%u\177""; "
1750527588643,1750527588643,0,1,3,2,TMValidation,"validation: """"\200\000\000\001&\000\000\000\020)/\351\252\344:\r\302\353\023?\373\240rQ\244c\024\213\t\007`\223\325#\3477\210\345P\306\013\320\252[\0216+\227=`\371P\314\346 VP\027\000\000\000\000\000\000\000\000\000\000\000\000\000\000\000\000\000\000\000\000\000\000\000\000\000\000\000\000\000\000\000\000P\031\231>\331\263H\214\324\030A\225\301o\346pkSF\004\241\213w9\223=\250\262*+\255\351r\265s!\003R7o\362bV\300hf\266\241;}\200^\374\240\203[:\342Q\225\221\027y\372\255\235\216\323~vF0D\002 \005\334\314\373\264\367,\254\002H\022n\233\017\353\374<-\352x\2121\230k\271\306c(\303\242\302\246\002 @\212\317gD\252'~&nM\375\277\\354x\360;\020\343(-k\257\177\350\237\374\033%u\177""; ","validation: """"\200\000\000\001&\000\000\000\020)/\351\252\344:\r\302\353\023?\373\240rQ\244c\024\213\t\007`\223\325#\3477\210\345P\306\013\320\252[\0216+\227=`\371P\314\346 VP\027\000\000\000\000\000\000\000\000\000\000\000\000\000\000\000\000\000\000\000\000\000\000\000\000\000\000\000\000\000\000\000\000P\031\231>\331\263H\214\324\030A\225\301o\346pkSF\004\241\213w9\223=\250\262*+\255\351r\265s!\003R7o\362bV\300hf\266\241;}\200^\374\240\203[:\342Q\225\221\027y\372\255\235\216\323~vF0D\002 \005\334\314\373\264\367,\254\002H\022n\233\017\353\374<-\352x\2121\230k\271\306c(\303\242\302\246\002 @\212\317gD\252'~&nM\375\277\\354x\360;\020\343(-k\257\177\350\237\374\033%u\177""; "
1750527588643,1750527588643,0,1,0,2,TMValidation,"validation: """"\200\000\000\001&\000\000\000\020)/\351\252\344:\r\302\353\023?\373\240rQ\244c\024\213\t\007`\223\325#\3477\210\345P\306\013\320\252[\0216+\227=`\371P\314\346 VP\027\000\000\000\000\000\000\000\000\000\000\000\000\000\000\000\000\000\000\000\000\000\000\000\000\000\000\000\000\000\000\000\000P\031\231>\331\263H\214\324\030A\225\301o\346pkSF\004\241\213w9\223=\250\262*+\255\351r\265s!\003R7o\362bV\300hf\266\241;}\200^\374\240\203[:\342Q\225\221\027y\372\255\235\216\323~vF0D\002 \005\334\314\373\264\367,\254\002H\022n\233\017\353\374<-\352x\2121\230k\271\306c(\303\242\302\246\002 @\212\317gD\252'~&nM\375\277\\354x\360;\020\343(-k\257\177\350\237\374\033%u\177""; ","validation: """"\200\000\000\001&\000\000\000\020)/\351\252\344:\r\302\353\023?\373\240rQ\244c\024\213\t\007`\223\325#\3477\210\345P\306\013\320\252[\0216+\227=`\371P\314\346 VP\027\000\000\000\000\000\000\000\000\000\000\000\000\000\000\000\000\000\000\000\000\000\000\000\000\000\000\000\000\000\000\000\000P\031\231>\331\263H\214\324\030A\225\301o\346pkSF\004\241\213w9\223=\250\262*+\255\351r\265s!\003R7o\362bV\300hf\266\241;}\200^\374\240\203[:\342Q\225\221\027y\372\255\235\216\323~vF0D\002 \005\334\314\373\264\367,\254\002H\022n\233\017\353\374<-\352x\2121\230k\271\306c(\303\242\302\246\002 @\212\317gD\252'~&nM\375\277\\354x\360;\020\343(-k\257\177\350\237\374\033%u\177""; "
1750527588643,1750527588643,0,1,0,3,TMValidation,"validation: """"\200\000\000\001&\000\000\000\020)/\351\252\344:\r\302\353\023?\373\240rQ\244c\024\213\t\007`\223\325#\3477\210\345P\306\013\320\252[\0216+\227=`\371P\314\346 VP\027\000\000\000\000\000\000\000\000\000\000\000\000\000\000\000\000\000\000\000\000\000\000\000\000\000\000\000\000\000\000\000\000P\031\231>\331\263H\214\324\030A\225\301o\346pkSF\004\241\213w9\223=\250\262*+\255\351r\265s!\003R7o\362bV\300hf\266\241;}\200^\374\240\203[:\342Q\225\221\027y\372\255\235\216\323~vF0D\002 \005\334\314\373\264\367,\254\002H\022n\233\017\353\374<-\352x\2121\230k\271\306c(\303\242\302\246\002 @\212\317gD\252'~&nM\375\277\\354x\360;\020\343(-k\257\177\350\237\374\033%u\177""; ","validation: """"\200\000\000\001&\000\000\000\020)/\351\252\344:\r\302\353\023?\373\240rQ\244c\024\213\t\007`\223\325#\3477\210\345P\306\013\320\252[\0216+\227=`\371P\314\346 VP\027\000\000\000\000\000\000\000\000\000\000\000\000\000\000\000\000\000\000\000\000\000\000\000\000\000\000\000\000\000\000\000\000P\031\231>\331\263H\214\324\030A\225\301o\346pkSF\004\241\213w9\223=\250\262*+\255\351r\265s!\003R7o\362bV\300hf\266\241;}\200^\374\240\203[:\342Q\225\221\027y\372\255\235\216\323~vF0D\002 \005\334\314\373\264\367,\254\002H\022n\233\017\353\374<-\352x\2121\230k\271\306c(\303\242\302\246\002 @\212\317gD\252'~&nM\375\277\\354x\360;\020\343(-k\257\177\350\237\374\033%u\177""; "
1750527588643,1750527588643,0,1,1,2,TMValidation,"validation: """"\200\000\000\001&\000\000\000\020)/\351\252\344:\r\302\353\023?\373\240rQ\244c\024\213\t\007`\223\325#\3477\210\345P\306\013\320\252[\0216+\227=`\371P\314\346 VP\027\000\000\000\000\000\000\000\000\000\000\000\000\000\000\000\000\000\000\000\000\000\000\000\000\000\000\000\000\000\000\000\000P\031\231>\331\263H\214\324\030A\225\301o\346pkSF\004\241\213w9\223=\250\262*+\255\351r\265s!\003R7o\362bV\300hf\266\241;}\200^\374\240\203[:\342Q\225\221\027y\372\255\235\216\323~vF0D\002 \005\334\314\373\264\367,\254\002H\022n\233\017\353\374<-\352x\2121\230k\271\306c(\303\242\302\246\002 @\212\317gD\252'~&nM\375\277\\354x\360;\020\343(-k\257\177\350\237\374\033%u\177""; ","validation: """"\200\000\000\001&\000\000\000\020)/\351\252\344:\r\302\353\023?\373\240rQ\244c\024\213\t\007`\223\325#\3477\210\345P\306\013\320\252[\0216+\227=`\371P\314\346 VP\027\000\000\000\000\000\000\000\000\000\000\000\000\000\000\000\000\000\000\000\000\000\000\000\000\000\000\000\000\000\000\000\000P\031\231>\331\263H\214\324\030A\225\301o\346pkSF\004\241\213w9\223=\250\262*+\255\351r\265s!\003R7o\362bV\300hf\266\241;}\200^\374\240\203[:\342Q\225\221\027y\372\255\235\216\323~vF0D\002 \005\334\314\373\264\367,\254\002H\022n\233\017\353\374<-\352x\2121\230k\271\306c(\303\242\302\246\002 @\212\317gD\252'~&nM\375\277\\354x\360;\020\343(-k\257\177\350\237\374\033%u\177""; "
1750527588643,1750527588643,0,1,3,1,TMValidation,"validation: """"\200\000\000\001&\000\000\000\020)/\351\252\344:\r\302\353\023?\373\240rQ\244c\024\213\t\007`\223\325#\3477\210\345P\306\013\320\252[\0216+\227=`\371P\314\346 VP\027\000\000\000\000\000\000\000\000\000\000\000\000\000\000\000\000\000\000\000\000\000\000\000\000\000\000\000\000\000\000\000\000P\031\231>\331\263H\214\324\030A\225\301o\346pkSF\004\241\213w9\223=\250\262*+\255\351r\265s!\003R7o\362bV\300hf\266\241;}\200^\374\240\203[:\342Q\225\221\027y\372\255\235\216\323~vF0D\002 \005\334\314\373\264\367,\254\002H\022n\233\017\353\374<-\352x\2121\230k\271\306c(\303\242\302\246\002 @\212\317gD\252'~&nM\375\277\\354x\360;\020\343(-k\257\177\350\237\374\033%u\177""; ","validation: """"\200\000\000\001&\000\000\000\020)/\351\252\344:\r\302\353\023?\373\240rQ\244c\024\213\t\007`\223\325#\3477\210\345P\306\013\320\252[\0216+\227=`\371P\314\346 VP\027\000\000\000\000\000\000\000\000\000\000\000\000\000\000\000\000\000\000\000\000\000\000\000\000\000\000\000\000\000\000\000\000P\031\231>\331\263H\214\324\030A\225\301o\346pkSF\004\241\213w9\223=\250\262*+\255\351r\265s!\003R7o\362bV\300hf\266\241;}\200^\374\240\203[:\342Q\225\221\027y\372\255\235\216\323~vF0D\002 \005\334\314\373\264\367,\254\002H\022n\233\017\353\374<-\352x\2121\230k\271\306c(\303\242\302\246\002 @\212\317gD\252'~&nM\375\277\\354x\360;\020\343(-k\257\177\350\237\374\033%u\177""; "
1750527588644,1750527588644,0,1,3,0,TMValidation,"validation: """"\200\000\000\001&\000\000\000\020)/\351\252\344:\r\302\353\023?\373\240rQ\244c\024\213\t\007`\223\325#\3477\210\345P\306\013\320\252[\0216+\227=`\371P\314\346 VP\027\000\000\000\000\000\000\000\000\000\000\000\000\000\000\000\000\000\000\000\000\000\000\000\000\000\000\000\000\000\000\000\000P\031\231>\331\263H\214\324\030A\225\301o\346pkSF\004\241\213w9\223=\250\262*+\255\351r\265s!\003R7o\362bV\300hf\266\241;}\200^\374\240\203[:\342Q\225\221\027y\372\255\235\216\323~vF0D\002 \005\334\314\373\264\367,\254\002H\022n\233\017\353\374<-\352x\2121\230k\271\306c(\303\242\302\246\002 @\212\317gD\252'~&nM\375\277\\354x\360;\020\343(-k\257\177\350\237\374\033%u\177""; ","validation: """"\200\000\000\001&\000\000\000\020)/\351\252\344:\r\302\353\023?\373\240rQ\244c\024\213\t\007`\223\325#\3477\210\345P\306\013\320\252[\0216+\227=`\371P\314\346 VP\027\000\000\000\000\000\000\000\000\000\000\000\000\000\000\000\000\000\000\000\000\000\000\000\000\000\000\000\000\000\000\000\000P\031\231>\331\263H\214\324\030A\225\301o\346pkSF\004\241\213w9\223=\250\262*+\255\351r\265s!\003R7o\362bV\300hf\266\241;}\200^\374\240\203[:\342Q\225\221\027y\372\255\235\216\323~vF0D\002 \005\334\314\373\264\367,\254\002H\022n\233\017\353\374<-\352x\2121\230k\271\306c(\303\242\302\246\002 @\212\317gD\252'~&nM\375\277\\354x\360;\020\343(-k\257\177\350\237\374\033%u\177""; "
1750527588644,1750527588644,0,1,1,0,TMValidation,"validation: """"\200\000\000\001&\000\000\000\020)/\351\252\344:\r\302\353\023?\373\240rQ\244c\024\213\t\007`\223\325#\3477\210\345P\306\013\320\252[\0216+\227=`\371P\314\346 VP\027\000\000\000\000\000\000\000\000\000\000\000\000\000\000\000\000\000\000\000\000\000\000\000\000\000\000\000\000\000\000\000\000P\031\231>\331\263H\214\324\030A\225\301o\346pkSF\004\241\213w9\223=\250\262*+\255\351r\265s!\003R7o\362bV\300hf\266\241;}\200^\374\240\203[:\342Q\225\221\027y\372\255\235\216\323~vF0D\002 \005\334\314\373\264\367,\254\002H\022n\233\017\353\374<-\352x\2121\230k\271\306c(\303\242\302\246\002 @\212\317gD\252'~&nM\375\277\\354x\360;\020\343(-k\257\177\350\237\374\033%u\177""; ","validation: """"\200\000\000\001&\000\000\000\020)/\351\252\344:\r\302\353\023?\373\240rQ\244c\024\213\t\007`\223\325#\3477\210\345P\306\013\320\252[\0216+\227=`\371P\314\346 VP\027\000\000\000\000\000\000\000\000\000\000\000\000\000\000\000\000\000\000\000\000\000\000\000\000\000\000\000\000\000\000\000\000P\031\231>\331\263H\214\324\030A\225\301o\346pkSF\004\241\213w9\223=\250\262*+\255\351r\265s!\003R7o\362bV\300hf\266\241;}\200^\374\240\203[:\342Q\225\221\027y\372\255\235\216\323~vF0D\002 \005\334\314\373\264\367,\254\002H\022n\233\017\353\374<-\352x\2121\230k\271\306c(\303\242\302\246\002 @\212\317gD\252'~&nM\375\277\\354x\360;\020\343(-k\257\177\350\237\374\033%u\177""; "
1750527588644,1750527588644,0,1,1,3,TMValidation,"validation: """"\200\000\000\001&\000\000\000\020)/\351\252\344:\r\302\353\023?\373\240rQ\244c\024\213\t\007`\223\325#\3477\210\345P\306\013\320\252[\0216+\227=`\371P\314\346 VP\027\000\000\000\000\000\000\000\000\000\000\000\000\000\000\000\000\000\000\000\000\000\000\000\000\000\000\000\000\000\000\000\000P\031\231>\331\263H\214\324\030A\225\301o\346pkSF\004\241\213w9\223=\250\262*+\255\351r\265s!\003R7o\362bV\300hf\266\241;}\200^\374\240\203[:\342Q\225\221\027y\372\255\235\216\323~vF0D\002 \005\334\314\373\264\367,\254\002H\022n\233\017\353\374<-\352x\2121\230k\271\306c(\303\242\302\246\002 @\212\317gD\252'~&nM\375\277\\354x\360;\020\343(-k\257\177\350\237\374\033%u\177""; ","validation: """"\200\000\000\001&\000\000\000\020)/\351\252\344:\r\302\353\023?\373\240rQ\244c\024\213\t\007`\223\325#\3477\210\345P\306\013\320\252[\0216+\227=`\371P\314\346 VP\027\000\000\000\000\000\000\000\000\000\000\000\000\000\000\000\000\000\000\000\000\000\000\000\000\000\000\000\000\000\000\000\000P\031\231>\331\263H\214\324\030A\225\301o\346pkSF\004\241\213w9\223=\250\262*+\255\351r\265s!\003R7o\362bV\300hf\266\241;}\200^\374\240\203[:\342Q\225\221\027y\372\255\235\216\323~vF0D\002 \005\334\314\373\264\367,\254\002H\022n\233\017\353\374<-\352x\2121\230k\271\306c(\303\242\302\246\002 @\212\317gD\252'~&nM\375\277\\354x\360;\020\343(-k\257\177\350\237\374\033%u\177""; "
1750527589430,1750527589430,0,1,3,4,TMProposeSet,"proposeSeq: 0; currentTxHash: ""\000\000\000\000\000\000\000\000\000\000\000\000\000\000\000\000\000\000\000\000\000\000\000\000\000\000\000\000\000\000\000\000""; nodePubKey: ""\002\364d\217\366\217|\316F\232\231\241\n\261\333`\312O\367\235\025DD\336e\367\n\312\326\221\037\025\230""; closeTime: 803842789; signature: ""0D\002 C\gg\256?D~\306\321\356\177\245\304\355\223\375dr\306\256.\034\364\340\031\365\2715\230\240\245\002 }\273\003\3138O\302<4&\324\377K&\307\237a\352\005\314\373n\221\013\365\217\350\311my\213\201""; previousledger: ""\244c\024\213\t\007`\223\325#\3477\210\345P\306\013\320\252[\0216+\227=`\371P\314\346 V""; ","proposeSeq: 0; currentTxHash: ""\000\000\000\000\000\000\000\000\000\000\000\000\000\000\000\000\000\000\000\000\000\000\000\000\000\000\000\000\000\000\000\000""; nodePubKey: ""\002\364d\217\366\217|\316F\232\231\241\n\261\333`\312O\367\235\025DD\336e\367\n\312\326\221\037\025\230""; closeTime: 803842789; signature: ""0D\002 C\gg\256?D~\306\321\356\177\245\304\355\223\375dr\306\256.\034\364\340\031\365\2715\230\240\245\002 }\273\003\3138O\302<4&\324\377K&\307\237a\352\005\314\373n\221\013\365\217\350\311my\213\201""; previousledger: ""\244c\024\213\t\007`\223\325#\3477\210\345P\306\013\320\252[\0216+\227=`\371P\314\346 V""; "
1750527589432,1750527589432,0,1,4,0,TMProposeSet,"proposeSeq: 0; currentTxHash: ""\000\000\000\000\000\000\000\000\000\000\000\000\000\000\000\000\000\000\000\000\000\000\000\000\000\000\000\000\000\000\000\000""; nodePubKey: ""\002\364d\217\366\217|\316F\232\231\241\n\261\333`\312O\367\235\025DD\336e\367\n\312\326\221\037\025\230""; closeTime: 803842789; signature: ""0D\002 C\gg\256?D~\306\321\356\177\245\304\355\223\375dr\306\256.\034\364\340\031\365\2715\230\240\245\002 }\273\003\3138O\302<4&\324\377K&\307\237a\352\005\314\373n\221\013\365\217\350\311my\213\201""; previousledger: ""\244c\024\213\t\007`\223\325#\3477\210\345P\306\013\320\252[\0216+\227=`\371P\314\346 V""; ","proposeSeq: 0; currentTxHash: ""\000\000\000\000\000\000\000\000\000\000\000\000\000\000\000\000\000\000\000\000\000\000\000\000\000\000\000\000\000\000\000\000""; nodePubKey: ""\002\364d\217\366\217|\316F\232\231\241\n\261\333`\312O\367\235\025DD\336e\367\n\312\326\221\037\025\230""; closeTime: 803842789; signature: ""0D\002 C\gg\256?D~\306\321\356\177\245\304\355\223\375dr\306\256.\034\364\340\031\365\2715\230\240\245\002 }\273\003\3138O\302<4&\324\377K&\307\237a\352\005\314\373n\221\013\365\217\350\311my\213\201""; previousledger: ""\244c\024\213\t\007`\223\325#\3477\210\345P\306\013\320\252[\0216+\227=`\371P\314\346 V""; "
1750527589432,1750527589432,0,1,4,2,TMProposeSet,"proposeSeq: 0; currentTxHash: ""\000\000\000\000\000\000\000\000\000\000\000\000\000\000\000\000\000\000\000\000\000\000\000\000\000\000\000\000\000\000\000\000""; nodePubKey: ""\002\364d\217\366\217|\316F\232\231\241\n\261\333`\312O\367\235\025DD\336e\367\n\312\326\221\037\025\230""; closeTime: 803842789; signature: ""0D\002 C\gg\256?D~\306\321\356\177\245\304\355\223\375dr\306\256.\034\364\340\031\365\2715\230\240\245\002 }\273\003\3138O\302<4&\324\377K&\307\237a\352\005\314\373n\221\013\365\217\350\311my\213\201""; previousledger: ""\244c\024\213\t\007`\223\325#\3477\210\345P\306\013\320\252[\0216+\227=`\371P\314\346 V""; ","proposeSeq: 0; currentTxHash: ""\000\000\000\000\000\000\000\000\000\000\000\000\000\000\000\000\000\000\000\000\000\000\000\000\000\000\000\000\000\000\000\000""; nodePubKey: ""\002\364d\217\366\217|\316F\232\231\241\n\261\333`\312O\367\235\025DD\336e\367\n\312\326\221\037\025\230""; closeTime: 803842789; signature: ""0D\002 C\gg\256?D~\306\321\356\177\245\304\355\223\375dr\306\256.\034\364\340\031\365\2715\230\240\245\002 }\273\003\3138O\302<4&\324\377K&\307\237a\352\005\314\373n\221\013\365\217\350\311my\213\201""; previousledger: ""\244c\024\213\t\007`\223\325#\3477\210\345P\306\013\320\252[\0216+\227=`\371P\314\346 V""; "
1750527589432,1750527589432,0,1,4,1,TMProposeSet,"proposeSeq: 0; currentTxHash: ""\000\000\000\000\000\000\000\000\000\000\000\000\000\000\000\000\000\000\000\000\000\000\000\000\000\000\000\000\000\000\000\000""; nodePubKey: ""\002\364d\217\366\217|\316F\232\231\241\n\261\333`\312O\367\235\025DD\336e\367\n\312\326\221\037\025\230""; closeTime: 803842789; signature: ""0D\002 C\gg\256?D~\306\321\356\177\245\304\355\223\375dr\306\256.\034\364\340\031\365\2715\230\240\245\002 }\273\003\3138O\302<4&\324\377K&\307\237a\352\005\314\373n\221\013\365\217\350\311my\213\201""; previousledger: ""\244c\024\213\t\007`\223\325#\3477\210\345P\306\013\320\252[\0216+\227=`\371P\314\346 V""; ","proposeSeq: 0; currentTxHash: ""\000\000\000\000\000\000\000\000\000\000\000\000\000\000\000\000\000\000\000\000\000\000\000\000\000\000\000\000\000\000\000\000""; nodePubKey: ""\002\364d\217\366\217|\316F\232\231\241\n\261\333`\312O\367\235\025DD\336e\367\n\312\326\221\037\025\230""; closeTime: 803842789; signature: ""0D\002 C\gg\256?D~\306\321\356\177\245\304\355\223\375dr\306\256.\034\364\340\031\365\2715\230\240\245\002 }\273\003\3138O\302<4&\324\377K&\307\237a\352\005\314\373n\221\013\365\217\350\311my\213\201""; previousledger: ""\244c\024\213\t\007`\223\325#\3477\210\345P\306\013\320\252[\0216+\227=`\371P\314\346 V""; "
1750527589430,1750527589469,0,1,3,2,TMStatusChange,"newEvent: neCLOSING_LEDGER; ledgerSeq: 16; ledgerHash: ""\244c\024\213\t\007`\223\325#\3477\210\345P\306\013\320\252[\0216+\227=`\371P\314\346 V""; ledgerHashPrevious: ""\231>\331\263H\214\324\030A\225\301o\346pkSF\004\241\213w9\223=\250\262*+\255\351r\265""; networkTime: 803842789; firstSeq: 1; lastSeq: 16; ","newEvent: neCLOSING_LEDGER; ledgerSeq: 16; ledgerHash: ""\244c\024\213\t\007`\223\325#\3477\210\345P\306\013\320\252[\0216+\227=`\371P\314\346 V""; ledgerHashPrevious: ""\231>\331\263H\214\324\030A\225\301o\346pkSF\004\241\213w9\223=\250\262*+\255\351r\265""; networkTime: 803842789; firstSeq: 1; lastSeq: 16; "
1750527589430,1750527589469,0,1,3,4,TMStatusChange,"newEvent: neCLOSING_LEDGER; ledgerSeq: 16; ledgerHash: ""\244c\024\213\t\007`\223\325#\3477\210\345P\306\013\320\252[\0216+\227=`\371P\314\346 V""; ledgerHashPrevious: ""\231>\331\263H\214\324\030A\225\301o\346pkSF\004\241\213w9\223=\250\262*+\255\351r\265""; networkTime: 803842789; firstSeq: 1; lastSeq: 16; ","newEvent: neCLOSING_LEDGER; ledgerSeq: 16; ledgerHash: ""\244c\024\213\t\007`\223\325#\3477\210\345P\306\013\320\252[\0216+\227=`\371P\314\346 V""; ledgerHashPrevious: ""\231>\331\263H\214\324\030A\225\301o\346pkSF\004\241\213w9\223=\250\262*+\255\351r\265""; networkTime: 803842789; firstSeq: 1; lastSeq: 16; "
1750527589431,1750527589470,0,1,3,0,TMStatusChange,"newEvent: neCLOSING_LEDGER; ledgerSeq: 16; ledgerHash: ""\244c\024\213\t\007`\223\325#\3477\210\345P\306\013\320\252[\0216+\227=`\371P\314\346 V""; ledgerHashPrevious: ""\231>\331\263H\214\324\030A\225\301o\346pkSF\004\241\213w9\223=\250\262*+\255\351r\265""; networkTime: 803842789; firstSeq: 1; lastSeq: 16; ","newEvent: neCLOSING_LEDGER; ledgerSeq: 16; ledgerHash: ""\244c\024\213\t\007`\223\325#\3477\210\345P\306\013\320\252[\0216+\227=`\371P\314\346 V""; ledgerHashPrevious: ""\231>\331\263H\214\324\030A\225\301o\346pkSF\004\241\213w9\223=\250\262*+\255\351r\265""; networkTime: 803842789; firstSeq: 1; lastSeq: 16; "
1750527589431,1750527589470,0,1,3,1,TMStatusChange,"newEvent: neCLOSING_LEDGER; ledgerSeq: 16; ledgerHash: ""\244c\024\213\t\007`\223\325#\3477\210\345P\306\013\320\252[\0216+\227=`\371P\314\346 V""; ledgerHashPrevious: ""\231>\331\263H\214\324\030A\225\301o\346pkSF\004\241\213w9\223=\250\262*+\255\351r\265""; networkTime: 803842789; firstSeq: 1; lastSeq: 16; ","newEvent: neCLOSING_LEDGER; ledgerSeq: 16; ledgerHash: ""\244c\024\213\t\007`\223\325#\3477\210\345P\306\013\320\252[\0216+\227=`\371P\314\346 V""; ledgerHashPrevious: ""\231>\331\263H\214\324\030A\225\301o\346pkSF\004\241\213w9\223=\250\262*+\255\351r\265""; networkTime: 803842789; firstSeq: 1; lastSeq: 16; "
1750527589472,1750527589472,0,1,3,1,TMProposeSet,"proposeSeq: 0; currentTxHash: ""\000\000\000\000\000\000\000\000\000\000\000\000\000\000\000\000\000\000\000\000\000\000\000\000\000\000\000\000\000\000\000\000""; nodePubKey: ""\002\364d\217\366\217|\316F\232\231\241\n\261\333`\312O\367\235\025DD\336e\367\n\312\326\221\037\025\230""; closeTime: 803842789; signature: ""0D\002 C\gg\256?D~\306\321\356\177\245\304\355\223\375dr\306\256.\034\364\340\031\365\2715\230\240\245\002 }\273\003\3138O\302<4&\324\377K&\307\237a\352\005\314\373n\221\013\365\217\350\311my\213\201""; previousledger: ""\244c\024\213\t\007`\223\325#\3477\210\345P\306\013\320\252[\0216+\227=`\371P\314\346 V""; ","proposeSeq: 0; currentTxHash: ""\000\000\000\000\000\000\000\000\000\000\000\000\000\000\000\000\000\000\000\000\000\000\000\000\000\000\000\000\000\000\000\000""; nodePubKey: ""\002\364d\217\366\217|\316F\232\231\241\n\261\333`\312O\367\235\025DD\336e\367\n\312\326\221\037\025\230""; closeTime: 803842789; signature: ""0D\002 C\gg\256?D~\306\321\356\177\245\304\355\223\375dr\306\256.\034\364\340\031\365\2715\230\240\245\002 }\273\003\3138O\302<4&\324\377K&\307\237a\352\005\314\373n\221\013\365\217\350\311my\213\201""; previousledger: ""\244c\024\213\t\007`\223\325#\3477\210\345P\306\013\320\252[\0216+\227=`\371P\314\346 V""; "
1750527589472,1750527589472,0,1,3,0,TMProposeSet,"proposeSeq: 0; currentTxHash: ""\000\000\000\000\000\000\000\000\000\000\000\000\000\000\000\000\000\000\000\000\000\000\000\000\000\000\000\000\000\000\000\000""; nodePubKey: ""\002\364d\217\366\217|\316F\232\231\241\n\261\333`\312O\367\235\025DD\336e\367\n\312\326\221\037\025\230""; closeTime: 803842789; signature: ""0D\002 C\gg\256?D~\306\321\356\177\245\304\355\223\375dr\306\256.\034\364\340\031\365\2715\230\240\245\002 }\273\003\3138O\302<4&\324\377K&\307\237a\352\005\314\373n\221\013\365\217\350\311my\213\201""; previousledger: ""\244c\024\213\t\007`\223\325#\3477\210\345P\306\013\320\252[\0216+\227=`\371P\314\346 V""; ","proposeSeq: 0; currentTxHash: ""\000\000\000\000\000\000\000\000\000\000\000\000\000\000\000\000\000\000\000\000\000\000\000\000\000\000\000\000\000\000\000\000""; nodePubKey: ""\002\364d\217\366\217|\316F\232\231\241\n\261\333`\312O\367\235\025DD\336e\367\n\312\326\221\037\025\230""; closeTime: 803842789; signature: ""0D\002 C\gg\256?D~\306\321\356\177\245\304\355\223\375dr\306\256.\034\364\340\031\365\2715\230\240\245\002 }\273\003\3138O\302<4&\324\377K&\307\237a\352\005\314\373n\221\013\365\217\350\311my\213\201""; previousledger: ""\244c\024\213\t\007`\223\325#\3477\210\345P\306\013\320\252[\0216+\227=`\371P\314\346 V""; "
1750527589472,1750527589472,0,1,3,2,TMProposeSet,"proposeSeq: 0; currentTxHash: ""\000\000\000\000\000\000\000\000\000\000\000\000\000\000\000\000\000\000\000\000\000\000\000\000\000\000\000\000\000\000\000\000""; nodePubKey: ""\002\364d\217\366\217|\316F\232\231\241\n\261\333`\312O\367\235\025DD\336e\367\n\312\326\221\037\025\230""; closeTime: 803842789; signature: ""0D\002 C\gg\256?D~\306\321\356\177\245\304\355\223\375dr\306\256.\034\364\340\031\365\2715\230\240\245\002 }\273\003\3138O\302<4&\324\377K&\307\237a\352\005\314\373n\221\013\365\217\350\311my\213\201""; previousledger: ""\244c\024\213\t\007`\223\325#\3477\210\345P\306\013\320\252[\0216+\227=`\371P\314\346 V""; ","proposeSeq: 0; currentTxHash: ""\000\000\000\000\000\000\000\000\000\000\000\000\000\000\000\000\000\000\000\000\000\000\000\000\000\000\000\000\000\000\000\000""; nodePubKey: ""\002\364d\217\366\217|\316F\232\231\241\n\261\333`\312O\367\235\025DD\336e\367\n\312\326\221\037\025\230""; closeTime: 803842789; signature: ""0D\002 C\gg\256?D~\306\321\356\177\245\304\355\223\375dr\306\256.\034\364\340\031\365\2715\230\240\245\002 }\273\003\3138O\302<4&\324\377K&\307\237a\352\005\314\373n\221\013\365\217\350\311my\213\201""; previousledger: ""\244c\024\213\t\007`\223\325#\3477\210\345P\306\013\320\252[\0216+\227=`\371P\314\346 V""; "
1750527589596,1750527589596,0,1,4,2,TMProposeSet,"proposeSeq: 0; currentTxHash: ""\000\000\000\000\000\000\000\000\000\000\000\000\000\000\000\000\000\000\000\000\000\000\000\000\000\000\000\000\000\000\000\000""; nodePubKey: ""\003R7o\362bV\300hf\266\241;}\200^\374\240\203[:\342Q\225\221\027y\372\255\235\216\323~""; closeTime: 803842789; signature: ""0E\002!\000\311I\036\265\025He\344\262Z1t>\364N\250\224f,x\221\232\235\351\357\264^C \351""G\002 h\315<\337\370&\032\303o\204U\020\245|J\335\266\272\232W\036C\311\331\020-\210\305\216\231I\222""; previousledger: ""\244c\024\213\t\007`\223\325#\3477\210\345P\306\013\320\252[\0216+\227=`\371P\314\346 V""; ","proposeSeq: 0; currentTxHash: ""\000\000\000\000\000\000\000\000\000\000\000\000\000\000\000\000\000\000\000\000\000\000\000\000\000\000\000\000\000\000\000\000""; nodePubKey: ""\003R7o\362bV\300hf\266\241;}\200^\374\240\203[:\342Q\225\221\027y\372\255\235\216\323~""; closeTime: 803842789; signature: ""0E\002!\000\311I\036\265\025He\344\262Z1t>\364N\250\224f,x\221\232\235\351\357\264^C \351""G\002 h\315<\337\370&\032\303o\204U\020\245|J\335\266\272\232W\036C\311\331\020-\210\305\216\231I\222""; previousledger: ""\244c\024\213\t\007`\223\325#\3477\210\345P\306\013\320\252[\0216+\227=`\371P\314\346 V""; "
1750527589597,1750527589597,0,1,4,3,TMProposeSet,"proposeSeq: 0; currentTxHash: ""\000\000\000\000\000\000\000\000\000\000\000\000\000\000\000\000\000\000\000\000\000\000\000\000\000\000\000\000\000\000\000\000""; nodePubKey: ""\003R7o\362bV\300hf\266\241;}\200^\374\240\203[:\342Q\225\221\027y\372\255\235\216\323~""; closeTime: 803842789; signature: ""0E\002!\000\311I\036\265\025He\344\262Z1t>\364N\250\224f,x\221\232\235\351\357\264^C \351""G\002 h\315<\337\370&\032\303o\204U\020\245|J\335\266\272\232W\036C\311\331\020-\210\305\216\231I\222""; previousledger: ""\244c\024\213\t\007`\223\325#\3477\210\345P\306\013\320\252[\0216+\227=`\371P\314\346 V""; ","proposeSeq: 0; currentTxHash: ""\000\000\000\000\000\000\000\000\000\000\000\000\000\000\000\000\000\000\000\000\000\000\000\000\000\000\000\000\000\000\000\000""; nodePubKey: ""\003R7o\362bV\300hf\266\241;}\200^\374\240\203[:\342Q\225\221\027y\372\255\235\216\323~""; closeTime: 803842789; signature: ""0E\002!\000\311I\036\265\025He\344\262Z1t>\364N\250\224f,x\221\232\235\351\357\264^C \351""G\002 h\315<\337\370&\032\303o\204U\020\245|J\335\266\272\232W\036C\311\331\020-\210\305\216\231I\222""; previousledger: ""\244c\024\213\t\007`\223\325#\3477\210\345P\306\013\320\252[\0216+\227=`\371P\314\346 V""; "
1750527589597,1750527589597,0,1,4,1,TMProposeSet,"proposeSeq: 0; currentTxHash: ""\000\000\000\000\000\000\000\000\000\000\000\000\000\000\000\000\000\000\000\000\000\000\000\000\000\000\000\000\000\000\000\000""; nodePubKey: ""\003R7o\362bV\300hf\266\241;}\200^\374\240\203[:\342Q\225\221\027y\372\255\235\216\323~""; closeTime: 803842789; signature: ""0E\002!\000\311I\036\265\025He\344\262Z1t>\364N\250\224f,x\221\232\235\351\357\264^C \351""G\002 h\315<\337\370&\032\303o\204U\020\245|J\335\266\272\232W\036C\311\331\020-\210\305\216\231I\222""; previousledger: ""\244c\024\213\t\007`\223\325#\3477\210\345P\306\013\320\252[\0216+\227=`\371P\314\346 V""; ","proposeSeq: 0; currentTxHash: ""\000\000\000\000\000\000\000\000\000\000\000\000\000\000\000\000\000\000\000\000\000\000\000\000\000\000\000\000\000\000\000\000""; nodePubKey: ""\003R7o\362bV\300hf\266\241;}\200^\374\240\203[:\342Q\225\221\027y\372\255\235\216\323~""; closeTime: 803842789; signature: ""0E\002!\000\311I\036\265\025He\344\262Z1t>\364N\250\224f,x\221\232\235\351\357\264^C \351""G\002 h\315<\337\370&\032\303o\204U\020\245|J\335\266\272\232W\036C\311\331\020-\210\305\216\231I\222""; previousledger: ""\244c\024\213\t\007`\223\325#\3477\210\345P\306\013\320\252[\0216+\227=`\371P\314\346 V""; "
1750527589597,1750527589597,0,1,4,0,TMProposeSet,"proposeSeq: 0; currentTxHash: ""\000\000\000\000\000\000\000\000\000\000\000\000\000\000\000\000\000\000\000\000\000\000\000\000\000\000\000\000\000\000\000\000""; nodePubKey: ""\003R7o\362bV\300hf\266\241;}\200^\374\240\203[:\342Q\225\221\027y\372\255\235\216\323~""; closeTime: 803842789; signature: ""0E\002!\000\311I\036\265\025He\344\262Z1t>\364N\250\224f,x\221\232\235\351\357\264^C \351""G\002 h\315<\337\370&\032\303o\204U\020\245|J\335\266\272\232W\036C\311\331\020-\210\305\216\231I\222""; previousledger: ""\244c\024\213\t\007`\223\325#\3477\210\345P\306\013\320\252[\0216+\227=`\371P\314\346 V""; ","proposeSeq: 0; currentTxHash: ""\000\000\000\000\000\000\000\000\000\000\000\000\000\000\000\000\000\000\000\000\000\000\000\000\000\000\000\000\000\000\000\000""; nodePubKey: ""\003R7o\362bV\300hf\266\241;}\200^\374\240\203[:\342Q\225\221\027y\372\255\235\216\323~""; closeTime: 803842789; signature: ""0E\002!\000\311I\036\265\025He\344\262Z1t>\364N\250\224f,x\221\232\235\351\357\264^C \351""G\002 h\315<\337\370&\032\303o\204U\020\245|J\335\266\272\232W\036C\311\331\020-\210\305\216\231I\222""; previousledger: ""\244c\024\213\t\007`\223\325#\3477\210\345P\306\013\320\252[\0216+\227=`\371P\314\346 V""; "
1750527589599,1750527589599,0,1,3,2,TMProposeSet,"proposeSeq: 0; currentTxHash: ""\000\000\000\000\000\000\000\000\000\000\000\000\000\000\000\000\000\000\000\000\000\000\000\000\000\000\000\000\000\000\000\000""; nodePubKey: ""\003R7o\362bV\300hf\266\241;}\200^\374\240\203[:\342Q\225\221\027y\372\255\235\216\323~""; closeTime: 803842789; signature: ""0E\002!\000\311I\036\265\025He\344\262Z1t>\364N\250\224f,x\221\232\235\351\357\264^C \351""G\002 h\315<\337\370&\032\303o\204U\020\245|J\335\266\272\232W\036C\311\331\020-\210\305\216\231I\222""; previousledger: ""\244c\024\213\t\007`\223\325#\3477\210\345P\306\013\320\252[\0216+\227=`\371P\314\346 V""; ","proposeSeq: 0; currentTxHash: ""\000\000\000\000\000\000\000\000\000\000\000\000\000\000\000\000\000\000\000\000\000\000\000\000\000\000\000\000\000\000\000\000""; nodePubKey: ""\003R7o\362bV\300hf\266\241;}\200^\374\240\203[:\342Q\225\221\027y\372\255\235\216\323~""; closeTime: 803842789; signature: ""0E\002!\000\311I\036\265\025He\344\262Z1t>\364N\250\224f,x\221\232\235\351\357\264^C \351""G\002 h\315<\337\370&\032\303o\204U\020\245|J\335\266\272\232W\036C\311\331\020-\210\305\216\231I\222""; previousledger: ""\244c\024\213\t\007`\223\325#\3477\210\345P\306\013\320\252[\0216+\227=`\371P\314\346 V""; "
1750527589599,1750527589599,0,1,3,0,TMProposeSet,"proposeSeq: 0; currentTxHash: ""\000\000\000\000\000\000\000\000\000\000\000\000\000\000\000\000\000\000\000\000\000\000\000\000\000\000\000\000\000\000\000\000""; nodePubKey: ""\003R7o\362bV\300hf\266\241;}\200^\374\240\203[:\342Q\225\221\027y\372\255\235\216\323~""; closeTime: 803842789; signature: ""0E\002!\000\311I\036\265\025He\344\262Z1t>\364N\250\224f,x\221\232\235\351\357\264^C \351""G\002 h\315<\337\370&\032\303o\204U\020\245|J\335\266\272\232W\036C\311\331\020-\210\305\216\231I\222""; previousledger: ""\244c\024\213\t\007`\223\325#\3477\210\345P\306\013\320\252[\0216+\227=`\371P\314\346 V""; ","proposeSeq: 0; currentTxHash: ""\000\000\000\000\000\000\000\000\000\000\000\000\000\000\000\000\000\000\000\000\000\000\000\000\000\000\000\000\000\000\000\000""; nodePubKey: ""\003R7o\362bV\300hf\266\241;}\200^\374\240\203[:\342Q\225\221\027y\372\255\235\216\323~""; closeTime: 803842789; signature: ""0E\002!\000\311I\036\265\025He\344\262Z1t>\364N\250\224f,x\221\232\235\351\357\264^C \351""G\002 h\315<\337\370&\032\303o\204U\020\245|J\335\266\272\232W\036C\311\331\020-\210\305\216\231I\222""; previousledger: ""\244c\024\213\t\007`\223\325#\3477\210\345P\306\013\320\252[\0216+\227=`\371P\314\346 V""; "
1750527589599,1750527589599,0,1,3,1,TMProposeSet,"proposeSeq: 0; currentTxHash: ""\000\000\000\000\000\000\000\000\000\000\000\000\000\000\000\000\000\000\000\000\000\000\000\000\000\000\000\000\000\000\000\000""; nodePubKey: ""\003R7o\362bV\300hf\266\241;}\200^\374\240\203[:\342Q\225\221\027y\372\255\235\216\323~""; closeTime: 803842789; signature: ""0E\002!\000\311I\036\265\025He\344\262Z1t>\364N\250\224f,x\221\232\235\351\357\264^C \351""G\002 h\315<\337\370&\032\303o\204U\020\245|J\335\266\272\232W\036C\311\331\020-\210\305\216\231I\222""; previousledger: ""\244c\024\213\t\007`\223\325#\3477\210\345P\306\013\320\252[\0216+\227=`\371P\314\346 V""; ","proposeSeq: 0; currentTxHash: ""\000\000\000\000\000\000\000\000\000\000\000\000\000\000\000\000\000\000\000\000\000\000\000\000\000\000\000\000\000\000\000\000""; nodePubKey: ""\003R7o\362bV\300hf\266\241;}\200^\374\240\203[:\342Q\225\221\027y\372\255\235\216\323~""; closeTime: 803842789; signature: ""0E\002!\000\311I\036\265\025He\344\262Z1t>\364N\250\224f,x\221\232\235\351\357\264^C \351""G\002 h\315<\337\370&\032\303o\204U\020\245|J\335\266\272\232W\036C\311\331\020-\210\305\216\231I\222""; previousledger: ""\244c\024\213\t\007`\223\325#\3477\210\345P\306\013\320\252[\0216+\227=`\371P\314\346 V""; "
1750527589595,1750527589634,0,1,4,2,TMStatusChange,"newEvent: neCLOSING_LEDGER; ledgerSeq: 16; ledgerHash: ""\244c\024\213\t\007`\223\325#\3477\210\345P\306\013\320\252[\0216+\227=`\371P\314\346 V""; ledgerHashPrevious: ""\231>\331\263H\214\324\030A\225\301o\346pkSF\004\241\213w9\223=\250\262*+\255\351r\265""; networkTime: 803842789; firstSeq: 1; lastSeq: 16; ","newEvent: neCLOSING_LEDGER; ledgerSeq: 16; ledgerHash: ""\244c\024\213\t\007`\223\325#\3477\210\345P\306\013\320\252[\0216+\227=`\371P\314\346 V""; ledgerHashPrevious: ""\231>\331\263H\214\324\030A\225\301o\346pkSF\004\241\213w9\223=\250\262*+\255\351r\265""; networkTime: 803842789; firstSeq: 1; lastSeq: 16; "
1750527589596,1750527589634,0,1,4,1,TMStatusChange,"newEvent: neCLOSING_LEDGER; ledgerSeq: 16; ledgerHash: ""\244c\024\213\t\007`\223\325#\3477\210\345P\306\013\320\252[\0216+\227=`\371P\314\346 V""; ledgerHashPrevious: ""\231>\331\263H\214\324\030A\225\301o\346pkSF\004\241\213w9\223=\250\262*+\255\351r\265""; networkTime: 803842789; firstSeq: 1; lastSeq: 16; ","newEvent: neCLOSING_LEDGER; ledgerSeq: 16; ledgerHash: ""\244c\024\213\t\007`\223\325#\3477\210\345P\306\013\320\252[\0216+\227=`\371P\314\346 V""; ledgerHashPrevious: ""\231>\331\263H\214\324\030A\225\301o\346pkSF\004\241\213w9\223=\250\262*+\255\351r\265""; networkTime: 803842789; firstSeq: 1; lastSeq: 16; "
1750527589597,1750527589634,0,1,4,3,TMStatusChange,"newEvent: neCLOSING_LEDGER; ledgerSeq: 16; ledgerHash: ""\244c\024\213\t\007`\223\325#\3477\210\345P\306\013\320\252[\0216+\227=`\371P\314\346 V""; ledgerHashPrevious: ""\231>\331\263H\214\324\030A\225\301o\346pkSF\004\241\213w9\223=\250\262*+\255\351r\265""; networkTime: 803842789; firstSeq: 1; lastSeq: 16; ","newEvent: neCLOSING_LEDGER; ledgerSeq: 16; ledgerHash: ""\244c\024\213\t\007`\223\325#\3477\210\345P\306\013\320\252[\0216+\227=`\371P\314\346 V""; ledgerHashPrevious: ""\231>\331\263H\214\324\030A\225\301o\346pkSF\004\241\213w9\223=\250\262*+\255\351r\265""; networkTime: 803842789; firstSeq: 1; lastSeq: 16; "
1750527589597,1750527589635,0,1,4,0,TMStatusChange,"newEvent: neCLOSING_LEDGER; ledgerSeq: 16; ledgerHash: ""\244c\024\213\t\007`\223\325#\3477\210\345P\306\013\320\252[\0216+\227=`\371P\314\346 V""; ledgerHashPrevious: ""\231>\331\263H\214\324\030A\225\301o\346pkSF\004\241\213w9\223=\250\262*+\255\351r\265""; networkTime: 803842789; firstSeq: 1; lastSeq: 16; ","newEvent: neCLOSING_LEDGER; ledgerSeq: 16; ledgerHash: ""\244c\024\213\t\007`\223\325#\3477\210\345P\306\013\320\252[\0216+\227=`\371P\314\346 V""; ledgerHashPrevious: ""\231>\331\263H\214\324\030A\225\301o\346pkSF\004\241\213w9\223=\250\262*+\255\351r\265""; networkTime: 803842789; firstSeq: 1; lastSeq: 16; "
1750527590562,1750527590562,0,1,0,4,TMProposeSet,"proposeSeq: 0; currentTxHash: ""\000\000\000\000\000\000\000\000\000\000\000\000\000\000\000\000\000\000\000\000\000\000\000\000\000\000\000\000\000\000\000\000""; nodePubKey: ""\002\225aM\037\203M\271C\224]$\245\215\334\264;{{\365%Z\2443U\201\242\320iUc\207\367""; closeTime: 803842790; signature: ""0E\002!\000\200\014\247\037\332\333D\303\377K\200]\362\371\004\347\316\362'\2250\225\000\342\313\232\357\365\373\315gX\002 \032e\370\235vck\232PK\354\321\303\345\246\371\351Z\240\275\223w\332\264b\306M\362[\010Z;""; previousledger: ""c\021W4\027y\320\003\222Bm\314(t\277ZO\216""""\240\036\343;t\272\036\216\317aR\344""; ","proposeSeq: 0; currentTxHash: ""\000\000\000\000\000\000\000\000\000\000\000\000\000\000\000\000\000\000\000\000\000\000\000\000\000\000\000\000\000\000\000\000""; nodePubKey: ""\002\225aM\037\203M\271C\224]$\245\215\334\264;{{\365%Z\2443U\201\242\320iUc\207\367""; closeTime: 803842790; signature: ""0E\002!\000\200\014\247\037\332\333D\303\377K\200]\362\371\004\347\316\362'\2250\225\000\342\313\232\357\365\373\315gX\002 \032e\370\235vck\232PK\354\321\303\345\246\371\351Z\240\275\223w\332\264b\306M\362[\010Z;""; previousledger: ""c\021W4\027y\320\003\222Bm\314(t\277ZO\216""""\240\036\343;t\272\036\216\317aR\344""; "
1750527590563,1750527590563,0,1,0,3,TMProposeSet,"proposeSeq: 0; currentTxHash: ""\000\000\000\000\000\000\000\000\000\000\000\000\000\000\000\000\000\000\000\000\000\000\000\000\000\000\000\000\000\000\000\000""; nodePubKey: ""\002\225aM\037\203M\271C\224]$\245\215\334\264;{{\365%Z\2443U\201\242\320iUc\207\367""; closeTime: 803842790; signature: ""0E\002!\000\200\014\247\037\332\333D\303\377K\200]\362\371\004\347\316\362'\2250\225\000\342\313\232\357\365\373\315gX\002 \032e\370\235vck\232PK\354\321\303\345\246\371\351Z\240\275\223w\332\264b\306M\362[\010Z;""; previousledger: ""c\021W4\027y\320\003\222Bm\314(t\277ZO\216""""\240\036\343;t\272\036\216\317aR\344""; ","proposeSeq: 0; currentTxHash: ""\000\000\000\000\000\000\000\000\000\000\000\000\000\000\000\000\000\000\000\000\000\000\000\000\000\000\000\000\000\000\000\000""; nodePubKey: ""\002\225aM\037\203M\271C\224]$\245\215\334\264;{{\365%Z\2443U\201\242\320iUc\207\367""; closeTime: 803842790; signature: ""0E\002!\000\200\014\247\037\332\333D\303\377K\200]\362\371\004\347\316\362'\2250\225\000\342\313\232\357\365\373\315gX\002 \032e\370\235vck\232PK\354\321\303\345\246\371\351Z\240\275\223w\332\264b\306M\362[\010Z;""; previousledger: ""c\021W4\027y\320\003\222Bm\314(t\277ZO\216""""\240\036\343;t\272\036\216\317aR\344""; "
1750527590562,1750527590562,0,1,0,2,TMProposeSet,"proposeSeq: 0; currentTxHash: ""\000\000\000\000\000\000\000\000\000\000\000\000\000\000\000\000\000\000\000\000\000\000\000\000\000\000\000\000\000\000\000\000""; nodePubKey: ""\002\225aM\037\203M\271C\224]$\245\215\334\264;{{\365%Z\2443U\201\242\320iUc\207\367""; closeTime: 803842790; signature: ""0E\002!\000\200\014\247\037\332\333D\303\377K\200]\362\371\004\347\316\362'\2250\225\000\342\313\232\357\365\373\315gX\002 \032e\370\235vck\232PK\354\321\303\345\246\371\351Z\240\275\223w\332\264b\306M\362[\010Z;""; previousledger: ""c\021W4\027y\320\003\222Bm\314(t\277ZO\216""""\240\036\343;t\272\036\216\317aR\344""; ","proposeSeq: 0; currentTxHash: ""\000\000\000\000\000\000\000\000\000\000\000\000\000\000\000\000\000\000\000\000\000\000\000\000\000\000\000\000\000\000\000\000""; nodePubKey: ""\002\225aM\037\203M\271C\224]$\245\215\334\264;{{\365%Z\2443U\201\242\320iUc\207\367""; closeTime: 803842790; signature: ""0E\002!\000\200\014\247\037\332\333D\303\377K\200]\362\371\004\347\316\362'\2250\225\000\342\313\232\357\365\373\315gX\002 \032e\370\235vck\232PK\354\321\303\345\246\371\351Z\240\275\223w\332\264b\306M\362[\010Z;""; previousledger: ""c\021W4\027y\320\003\222Bm\314(t\277ZO\216""""\240\036\343;t\272\036\216\317aR\344""; "
1750527590563,1750527590563,0,1,0,1,TMProposeSet,"proposeSeq: 0; currentTxHash: ""\000\000\000\000\000\000\000\000\000\000\000\000\000\000\000\000\000\000\000\000\000\000\000\000\000\000\000\000\000\000\000\000""; nodePubKey: ""\002\225aM\037\203M\271C\224]$\245\215\334\264;{{\365%Z\2443U\201\242\320iUc\207\367""; closeTime: 803842790; signature: ""0E\002!\000\200\014\247\037\332\333D\303\377K\200]\362\371\004\347\316\362'\2250\225\000\342\313\232\357\365\373\315gX\002 \032e\370\235vck\232PK\354\321\303\345\246\371\351Z\240\275\223w\332\264b\306M\362[\010Z;""; previousledger: ""c\021W4\027y\320\003\222Bm\314(t\277ZO\216""""\240\036\343;t\272\036\216\317aR\344""; ","proposeSeq: 0; currentTxHash: ""\000\000\000\000\000\000\000\000\000\000\000\000\000\000\000\000\000\000\000\000\000\000\000\000\000\000\000\000\000\000\000\000""; nodePubKey: ""\002\225aM\037\203M\271C\224]$\245\215\334\264;{{\365%Z\2443U\201\242\320iUc\207\367""; closeTime: 803842790; signature: ""0E\002!\000\200\014\247\037\332\333D\303\377K\200]\362\371\004\347\316\362'\2250\225\000\342\313\232\357\365\373\315gX\002 \032e\370\235vck\232PK\354\321\303\345\246\371\351Z\240\275\223w\332\264b\306M\362[\010Z;""; previousledger: ""c\021W4\027y\320\003\222Bm\314(t\277ZO\216""""\240\036\343;t\272\036\216\317aR\344""; "
1750527590520,1750527590581,0,1,0,4,TMStatusChange,"newEvent: neCLOSING_LEDGER; ledgerSeq: 9; ledgerHash: ""c\021W4\027y\320\003\222Bm\314(t\277ZO\216""""\240\036\343;t\272\036\216\317aR\344""; ledgerHashPrevious: ""\325\371\316>\336\364\361`\021\nV\271\333\031\320\244t\024/\346+\231\223\334h\037s\322=Z\307\242""; networkTime: 803842790; firstSeq: 1; lastSeq: 16; ","newEvent: neCLOSING_LEDGER; ledgerSeq: 9; ledgerHash: ""c\021W4\027y\320\003\222Bm\314(t\277ZO\216""""\240\036\343;t\272\036\216\317aR\344""; ledgerHashPrevious: ""\325\371\316>\336\364\361`\021\nV\271\333\031\320\244t\024/\346+\231\223\334h\037s\322=Z\307\242""; networkTime: 803842790; firstSeq: 1; lastSeq: 16; "
1750527590521,1750527590581,0,1,0,2,TMStatusChange,"newEvent: neCLOSING_LEDGER; ledgerSeq: 9; ledgerHash: ""c\021W4\027y\320\003\222Bm\314(t\277ZO\216""""\240\036\343;t\272\036\216\317aR\344""; ledgerHashPrevious: ""\325\371\316>\336\364\361`\021\nV\271\333\031\320\244t\024/\346+\231\223\334h\037s\322=Z\307\242""; networkTime: 803842790; firstSeq: 1; lastSeq: 16; ","newEvent: neCLOSING_LEDGER; ledgerSeq: 9; ledgerHash: ""c\021W4\027y\320\003\222Bm\314(t\277ZO\216""""\240\036\343;t\272\036\216\317aR\344""; ledgerHashPrevious: ""\325\371\316>\336\364\361`\021\nV\271\333\031\320\244t\024/\346+\231\223\334h\037s\322=Z\307\242""; networkTime: 803842790; firstSeq: 1; lastSeq: 16; "
1750527590521,1750527590582,0,1,0,3,TMStatusChange,"newEvent: neCLOSING_LEDGER; ledgerSeq: 9; ledgerHash: ""c\021W4\027y\320\003\222Bm\314(t\277ZO\216""""\240\036\343;t\272\036\216\317aR\344""; ledgerHashPrevious: ""\325\371\316>\336\364\361`\021\nV\271\333\031\320\244t\024/\346+\231\223\334h\037s\322=Z\307\242""; networkTime: 803842790; firstSeq: 1; lastSeq: 16; ","newEvent: neCLOSING_LEDGER; ledgerSeq: 9; ledgerHash: ""c\021W4\027y\320\003\222Bm\314(t\277ZO\216""""\240\036\343;t\272\036\216\317aR\344""; ledgerHashPrevious: ""\325\371\316>\336\364\361`\021\nV\271\333\031\320\244t\024/\346+\231\223\334h\037s\322=Z\307\242""; networkTime: 803842790; firstSeq: 1; lastSeq: 16; "
1750527590521,1750527590581,0,1,0,1,TMStatusChange,"newEvent: neCLOSING_LEDGER; ledgerSeq: 9; ledgerHash: ""c\021W4\027y\320\003\222Bm\314(t\277ZO\216""""\240\036\343;t\272\036\216\317aR\344""; ledgerHashPrevious: ""\325\371\316>\336\364\361`\021\nV\271\333\031\320\244t\024/\346+\231\223\334h\037s\322=Z\307\242""; networkTime: 803842790; firstSeq: 1; lastSeq: 16; ","newEvent: neCLOSING_LEDGER; ledgerSeq: 9; ledgerHash: ""c\021W4\027y\320\003\222Bm\314(t\277ZO\216""""\240\036\343;t\272\036\216\317aR\344""; ledgerHashPrevious: ""\325\371\316>\336\364\361`\021\nV\271\333\031\320\244t\024/\346+\231\223\334h\037s\322=Z\307\242""; networkTime: 803842790; firstSeq: 1; lastSeq: 16; "
1750527590654,1750527590654,0,1,2,3,TMProposeSet,"proposeSeq: 0; currentTxHash: ""\000\000\000\000\000\000\000\000\000\000\000\000\000\000\000\000\000\000\000\000\000\000\000\000\000\000\000\000\000\000\000\000""; nodePubKey: ""\003\255\225A\213\332\224ehh\024BDq\224\250\335`\355\353{\357\266\335<\021\032\265\177\206\356&\215""; closeTime: 803842790; signature: ""0D\002 o\272\031\272N\035\327a\304$\336\037\233{v\367\224\344\264\360\226\272\023\313\033o\217\277\354\367\242\377\002 '\304\213F\2031\223\377\374\304\226L\204\004\006\214w\210\347:\320\204.\373\314V\265.q\243F'""; previousledger: ""\254\016Y2T\325\302;\374(S\200\340k\2629</\343\247r\307\330\025\371\201[\232\275\310G\326""; ","proposeSeq: 0; currentTxHash: ""\000\000\000\000\000\000\000\000\000\000\000\000\000\000\000\000\000\000\000\000\000\000\000\000\000\000\000\000\000\000\000\000""; nodePubKey: ""\003\255\225A\213\332\224ehh\024BDq\224\250\335`\355\353{\357\266\335<\021\032\265\177\206\356&\215""; closeTime: 803842790; signature: ""0D\002 o\272\031\272N\035\327a\304$\336\037\233{v\367\224\344\264\360\226\272\023\313\033o\217\277\354\367\242\377\002 '\304\213F\2031\223\377\374\304\226L\204\004\006\214w\210\347:\320\204.\373\314V\265.q\243F'""; previousledger: ""\254\016Y2T\325\302;\374(S\200\340k\2629</\343\247r\307\330\025\371\201[\232\275\310G\326""; "
1750527590655,1750527590655,0,1,2,4,TMProposeSet,"proposeSeq: 0; currentTxHash: ""\000\000\000\000\000\000\000\000\000\000\000\000\000\000\000\000\000\000\000\000\000\000\000\000\000\000\000\000\000\000\000\000""; nodePubKey: ""\003\255\225A\213\332\224ehh\024BDq\224\250\335`\355\353{\357\266\335<\021\032\265\177\206\356&\215""; closeTime: 803842790; signature: ""0D\002 o\272\031\272N\035\327a\304$\336\037\233{v\367\224\344\264\360\226\272\023\313\033o\217\277\354\367\242\377\002 '\304\213F\2031\223\377\374\304\226L\204\004\006\214w\210\347:\320\204.\373\314V\265.q\243F'""; previousledger: ""\254\016Y2T\325\302;\374(S\200\340k\2629</\343\247r\307\330\025\371\201[\232\275\310G\326""; ","proposeSeq: 0; currentTxHash: ""\000\000\000\000\000\000\000\000\000\000\000\000\000\000\000\000\000\000\000\000\000\000\000\000\000\000\000\000\000\000\000\000""; nodePubKey: ""\003\255\225A\213\332\224ehh\024BDq\224\250\335`\355\353{\357\266\335<\021\032\265\177\206\356&\215""; closeTime: 803842790; signature: ""0D\002 o\272\031\272N\035\327a\304$\336\037\233{v\367\224\344\264\360\226\272\023\313\033o\217\277\354\367\242\377\002 '\304\213F\2031\223\377\374\304\226L\204\004\006\214w\210\347:\320\204.\373\314V\265.q\243F'""; previousledger: ""\254\016Y2T\325\302;\374(S\200\340k\2629</\343\247r\307\330\025\371\201[\232\275\310G\326""; "
1750527590655,1750527590655,0,1,2,0,TMProposeSet,"proposeSeq: 0; currentTxHash: ""\000\000\000\000\000\000\000\000\000\000\000\000\000\000\000\000\000\000\000\000\000\000\000\000\000\000\000\000\000\000\000\000""; nodePubKey: ""\003\255\225A\213\332\224ehh\024BDq\224\250\335`\355\353{\357\266\335<\021\032\265\177\206\356&\215""; closeTime: 803842790; signature: ""0D\002 o\272\031\272N\035\327a\304$\336\037\233{v\367\224\344\264\360\226\272\023\313\033o\217\277\354\367\242\377\002 '\304\213F\2031\223\377\374\304\226L\204\004\006\214w\210\347:\320\204.\373\314V\265.q\243F'""; previousledger: ""\254\016Y2T\325\302;\374(S\200\340k\2629</\343\247r\307\330\025\371\201[\232\275\310G\326""; ","proposeSeq: 0; currentTxHash: ""\000\000\000\000\000\000\000\000\000\000\000\000\000\000\000\000\000\000\000\000\000\000\000\000\000\000\000\000\000\000\000\000""; nodePubKey: ""\003\255\225A\213\332\224ehh\024BDq\224\250\335`\355\353{\357\266\335<\021\032\265\177\206\356&\215""; closeTime: 803842790; signature: ""0D\002 o\272\031\272N\035\327a\304$\336\037\233{v\367\224\344\264\360\226\272\023\313\033o\217\277\354\367\242\377\002 '\304\213F\2031\223\377\374\304\226L\204\004\006\214w\210\347:\320\204.\373\314V\265.q\243F'""; previousledger: ""\254\016Y2T\325\302;\374(S\200\340k\2629</\343\247r\307\330\025\371\201[\232\275\310G\326""; "
1750527590655,1750527590655,0,1,2,1,TMProposeSet,"proposeSeq: 0; currentTxHash: ""\000\000\000\000\000\000\000\000\000\000\000\000\000\000\000\000\000\000\000\000\000\000\000\000\000\000\000\000\000\000\000\000""; nodePubKey: ""\003\255\225A\213\332\224ehh\024BDq\224\250\335`\355\353{\357\266\335<\021\032\265\177\206\356&\215""; closeTime: 803842790; signature: ""0D\002 o\272\031\272N\035\327a\304$\336\037\233{v\367\224\344\264\360\226\272\023\313\033o\217\277\354\367\242\377\002 '\304\213F\2031\223\377\374\304\226L\204\004\006\214w\210\347:\320\204.\373\314V\265.q\243F'""; previousledger: ""\254\016Y2T\325\302;\374(S\200\340k\2629</\343\247r\307\330\025\371\201[\232\275\310G\326""; ","proposeSeq: 0; currentTxHash: ""\000\000\000\000\000\000\000\000\000\000\000\000\000\000\000\000\000\000\000\000\000\000\000\000\000\000\000\000\000\000\000\000""; nodePubKey: ""\003\255\225A\213\332\224ehh\024BDq\224\250\335`\355\353{\357\266\335<\021\032\265\177\206\356&\215""; closeTime: 803842790; signature: ""0D\002 o\272\031\272N\035\327a\304$\336\037\233{v\367\224\344\264\360\226\272\023\313\033o\217\277\354\367\242\377\002 '\304\213F\2031\223\377\374\304\226L\204\004\006\214w\210\347:\320\204.\373\314V\265.q\243F'""; previousledger: ""\254\016Y2T\325\302;\374(S\200\340k\2629</\343\247r\307\330\025\371\201[\232\275\310G\326""; "
1750527590611,1750527590672,0,1,2,4,TMStatusChange,"newEvent: neCLOSING_LEDGER; ledgerSeq: 9; ledgerHash: ""\254\016Y2T\325\302;\374(S\200\340k\2629</\343\247r\307\330\025\371\201[\232\275\310G\326""; ledgerHashPrevious: ""7\204MVwQh?\333Yw{\177u\266\2666\032#""\022\3206\266\023\027\356\2244\025`\301""; networkTime: 803842790; firstSeq: 1; lastSeq: 16; ","newEvent: neCLOSING_LEDGER; ledgerSeq: 9; ledgerHash: ""\254\016Y2T\325\302;\374(S\200\340k\2629</\343\247r\307\330\025\371\201[\232\275\310G\326""; ledgerHashPrevious: ""7\204MVwQh?\333Yw{\177u\266\2666\032#""\022\3206\266\023\027\356\2244\025`\301""; networkTime: 803842790; firstSeq: 1; lastSeq: 16; "
1750527590612,1750527590673,0,1,2,1,TMStatusChange,"newEvent: neCLOSING_LEDGER; ledgerSeq: 9; ledgerHash: ""\254\016Y2T\325\302;\374(S\200\340k\2629</\343\247r\307\330\025\371\201[\232\275\310G\326""; ledgerHashPrevious: ""7\204MVwQh?\333Yw{\177u\266\2666\032#""\022\3206\266\023\027\356\2244\025`\301""; networkTime: 803842790; firstSeq: 1; lastSeq: 16; ","newEvent: neCLOSING_LEDGER; ledgerSeq: 9; ledgerHash: ""\254\016Y2T\325\302;\374(S\200\340k\2629</\343\247r\307\330\025\371\201[\232\275\310G\326""; ledgerHashPrevious: ""7\204MVwQh?\333Yw{\177u\266\2666\032#""\022\3206\266\023\027\356\2244\025`\301""; networkTime: 803842790; firstSeq: 1; lastSeq: 16; "
1750527590612,1750527590672,0,1,2,0,TMStatusChange,"newEvent: neCLOSING_LEDGER; ledgerSeq: 9; ledgerHash: ""\254\016Y2T\325\302;\374(S\200\340k\2629</\343\247r\307\330\025\371\201[\232\275\310G\326""; ledgerHashPrevious: ""7\204MVwQh?\333Yw{\177u\266\2666\032#""\022\3206\266\023\027\356\2244\025`\301""; networkTime: 803842790; firstSeq: 1; lastSeq: 16; ","newEvent: neCLOSING_LEDGER; ledgerSeq: 9; ledgerHash: ""\254\016Y2T\325\302;\374(S\200\340k\2629</\343\247r\307\330\025\371\201[\232\275\310G\326""; ledgerHashPrevious: ""7\204MVwQh?\333Yw{\177u\266\2666\032#""\022\3206\266\023\027\356\2244\025`\301""; networkTime: 803842790; firstSeq: 1; lastSeq: 16; "
1750527590612,1750527590673,0,1,2,3,TMStatusChange,"newEvent: neCLOSING_LEDGER; ledgerSeq: 9; ledgerHash: ""\254\016Y2T\325\302;\374(S\200\340k\2629</\343\247r\307\330\025\371\201[\232\275\310G\326""; ledgerHashPrevious: ""7\204MVwQh?\333Yw{\177u\266\2666\032#""\022\3206\266\023\027\356\2244\025`\301""; networkTime: 803842790; firstSeq: 1; lastSeq: 16; ","newEvent: neCLOSING_LEDGER; ledgerSeq: 9; ledgerHash: ""\254\016Y2T\325\302;\374(S\200\340k\2629</\343\247r\307\330\025\371\201[\232\275\310G\326""; ledgerHashPrevious: ""7\204MVwQh?\333Yw{\177u\266\2666\032#""\022\3206\266\023\027\356\2244\025`\301""; networkTime: 803842790; firstSeq: 1; lastSeq: 16; "
1750527591432,1750527591432,0,1,3,2,TMStatusChange,"newEvent: neACCEPTED_LEDGER; ledgerSeq: 17; ledgerHash: ""7\271[~\n\237\274|\347\352@K\253~&\260\032\024\004B\200\255h\351\013\361\031:nG\211\005""; ledgerHashPrevious: ""\244c\024\213\t\007`\223\325#\3477\210\345P\306\013\320\252[\0216+\227=`\371P\314\346 V""; networkTime: 803842791; firstSeq: 1; lastSeq: 16; ","newEvent: neACCEPTED_LEDGER; ledgerSeq: 17; ledgerHash: ""7\271[~\n\237\274|\347\352@K\253~&\260\032\024\004B\200\255h\351\013\361\031:nG\211\005""; ledgerHashPrevious: ""\244c\024\213\t\007`\223\325#\3477\210\345P\306\013\320\252[\0216+\227=`\371P\314\346 V""; networkTime: 803842791; firstSeq: 1; lastSeq: 16; "
1750527591433,1750527591433,0,1,3,1,TMStatusChange,"newEvent: neACCEPTED_LEDGER; ledgerSeq: 17; ledgerHash: ""7\271[~\n\237\274|\347\352@K\253~&\260\032\024\004B\200\255h\351\013\361\031:nG\211\005""; ledgerHashPrevious: ""\244c\024\213\t\007`\223\325#\3477\210\345P\306\013\320\252[\0216+\227=`\371P\314\346 V""; networkTime: 803842791; firstSeq: 1; lastSeq: 16; ","newEvent: neACCEPTED_LEDGER; ledgerSeq: 17; ledgerHash: ""7\271[~\n\237\274|\347\352@K\253~&\260\032\024\004B\200\255h\351\013\361\031:nG\211\005""; ledgerHashPrevious: ""\244c\024\213\t\007`\223\325#\3477\210\345P\306\013\320\252[\0216+\227=`\371P\314\346 V""; networkTime: 803842791; firstSeq: 1; lastSeq: 16; "
1750527591434,1750527591434,0,1,3,2,TMValidation,"validation: """"\200\000\000\001&\000\000\000\021)/\351\252\347:p\210\265\307-\212\200\004Q7\271[~\n\237\274|\347\352@K\253~&\260\032\024\004B\200\255h\351\013\361\031:nG\211\005P\027\000\000\000\000\000\000\000\000\000\000\000\000\000\000\000\000\000\000\000\000\000\000\000\000\000\000\000\000\000\000\000\000P\031\244c\024\213\t\007`\223\325#\3477\210\345P\306\013\320\252[\0216+\227=`\371P\314\346 Vs!\002\364d\217\366\217|\316F\232\231\241\n\261\333`\312O\367\235\025DD\336e\367\n\312\326\221\037\025\230vF0D\002 ;cz&\364\257\205\361\346\307=\0252\3654\025\022\037\177\257\2375\273+CCs\355\270\252\232\352\002 \030\255\277\212\322\361|Z\250F\234\342\002\277\357\243\220\232\232\313\205\253G\241\252Y\231?Z\321t\027""; ","validation: """"\200\000\000\001&\000\000\000\021)/\351\252\347:p\210\265\307-\212\200\004Q7\271[~\n\237\274|\347\352@K\253~&\260\032\024\004B\200\255h\351\013\361\031:nG\211\005P\027\000\000\000\000\000\000\000\000\000\000\000\000\000\000\000\000\000\000\000\000\000\000\000\000\000\000\000\000\000\000\000\000P\031\244c\024\213\t\007`\223\325#\3477\210\345P\306\013\320\252[\0216+\227=`\371P\314\346 Vs!\002\364d\217\366\217|\316F\232\231\241\n\261\333`\312O\367\235\025DD\336e\367\n\312\326\221\037\025\230vF0D\002 ;cz&\364\257\205\361\346\307=\0252\3654\025\022\037\177\257\2375\273+CCs\355\270\252\232\352\002 \030\255\277\212\322\361|Z\250F\234\342\002\277\357\243\220\232\232\313\205\253G\241\252Y\231?Z\321t\027""; "
1750527591434,1750527591434,0,1,3,4,TMValidation,"validation: """"\200\000\000\001&\000\000\000\021)/\351\252\347:p\210\265\307-\212\200\004Q7\271[~\n\237\274|\347\352@K\253~&\260\032\024\004B\200\255h\351\013\361\031:nG\211\005P\027\000\000\000\000\000\000\000\000\000\000\000\000\000\000\000\000\000\000\000\000\000\000\000\000\000\000\000\000\000\000\000\000P\031\244c\024\213\t\007`\223\325#\3477\210\345P\306\013\320\252[\0216+\227=`\371P\314\346 Vs!\002\364d\217\366\217|\316F\232\231\241\n\261\333`\312O\367\235\025DD\336e\367\n\312\326\221\037\025\230vF0D\002 ;cz&\364\257\205\361\346\307=\0252\3654\025\022\037\177\257\2375\273+CCs\355\270\252\232\352\002 \030\255\277\212\322\361|Z\250F\234\342\002\277\357\243\220\232\232\313\205\253G\241\252Y\231?Z\321t\027""; ","validation: """"\200\000\000\001&\000\000\000\021)/\351\252\347:p\210\265\307-\212\200\004Q7\271[~\n\237\274|\347\352@K\253~&\260\032\024\004B\200\255h\351\013\361\031:nG\211\005P\027\000\000\000\000\000\000\000\000\000\000\000\000\000\000\000\000\000\000\000\000\000\000\000\000\000\000\000\000\000\000\000\000P\031\244c\024\213\t\007`\223\325#\3477\210\345P\306\013\320\252[\0216+\227=`\371P\314\346 Vs!\002\364d\217\366\217|\316F\232\231\241\n\261\333`\312O\367\235\025DD\336e\367\n\312\326\221\037\025\230vF0D\002 ;cz&\364\257\205\361\346\307=\0252\3654\025\022\037\177\257\2375\273+CCs\355\270\252\232\352\002 \030\255\277\212\322\361|Z\250F\234\342\002\277\357\243\220\232\232\313\205\253G\241\252Y\231?Z\321t\027""; "
1750527591433,1750527591433,0,1,3,4,TMStatusChange,"newEvent: neACCEPTED_LEDGER; ledgerSeq: 17; ledgerHash: ""7\271[~\n\237\274|\347\352@K\253~&\260\032\024\004B\200\255h\351\013\361\031:nG\211\005""; ledgerHashPrevious: ""\244c\024\213\t\007`\223\325#\3477\210\345P\306\013\320\252[\0216+\227=`\371P\314\346 V""; networkTime: 803842791; firstSeq: 1; lastSeq: 16; ","newEvent: neACCEPTED_LEDGER; ledgerSeq: 17; ledgerHash: ""7\271[~\n\237\274|\347\352@K\253~&\260\032\024\004B\200\255h\351\013\361\031:nG\211\005""; ledgerHashPrevious: ""\244c\024\213\t\007`\223\325#\3477\210\345P\306\013\320\252[\0216+\227=`\371P\314\346 V""; networkTime: 803842791; firstSeq: 1; lastSeq: 16; "
1750527591434,1750527591434,0,1,3,1,TMValidation,"validation: """"\200\000\000\001&\000\000\000\021)/\351\252\347:p\210\265\307-\212\200\004Q7\271[~\n\237\274|\347\352@K\253~&\260\032\024\004B\200\255h\351\013\361\031:nG\211\005P\027\000\000\000\000\000\000\000\000\000\000\000\000\000\000\000\000\000\000\000\000\000\000\000\000\000\000\000\000\000\000\000\000P\031\244c\024\213\t\007`\223\325#\3477\210\345P\306\013\320\252[\0216+\227=`\371P\314\346 Vs!\002\364d\217\366\217|\316F\232\231\241\n\261\333`\312O\367\235\025DD\336e\367\n\312\326\221\037\025\230vF0D\002 ;cz&\364\257\205\361\346\307=\0252\3654\025\022\037\177\257\2375\273+CCs\355\270\252\232\352\002 \030\255\277\212\322\361|Z\250F\234\342\002\277\357\243\220\232\232\313\205\253G\241\252Y\231?Z\321t\027""; ","validation: """"\200\000\000\001&\000\000\000\021)/\351\252\347:p\210\265\307-\212\200\004Q7\271[~\n\237\274|\347\352@K\253~&\260\032\024\004B\200\255h\351\013\361\031:nG\211\005P\027\000\000\000\000\000\000\000\000\000\000\000\000\000\000\000\000\000\000\000\000\000\000\000\000\000\000\000\000\000\000\000\000P\031\244c\024\213\t\007`\223\325#\3477\210\345P\306\013\320\252[\0216+\227=`\371P\314\346 Vs!\002\364d\217\366\217|\316F\232\231\241\n\261\333`\312O\367\235\025DD\336e\367\n\312\326\221\037\025\230vF0D\002 ;cz&\364\257\205\361\346\307=\0252\3654\025\022\037\177\257\2375\273+CCs\355\270\252\232\352\002 \030\255\277\212\322\361|Z\250F\234\342\002\277\357\243\220\232\232\313\205\253G\241\252Y\231?Z\321t\027""; "
1750527591434,1750527591435,0,1,3,0,TMStatusChange,"newEvent: neACCEPTED_LEDGER; ledgerSeq: 17; ledgerHash: ""7\271[~\n\237\274|\347\352@K\253~&\260\032\024\004B\200\255h\351\013\361\031:nG\211\005""; ledgerHashPrevious: ""\244c\024\213\t\007`\223\325#\3477\210\345P\306\013\320\252[\0216+\227=`\371P\314\346 V""; networkTime: 803842791; firstSeq: 1; lastSeq: 16; ","newEvent: neACCEPTED_LEDGER; ledgerSeq: 17; ledgerHash: ""7\271[~\n\237\274|\347\352@K\253~&\260\032\024\004B\200\255h\351\013\361\031:nG\211\005""; ledgerHashPrevious: ""\244c\024\213\t\007`\223\325#\3477\210\345P\306\013\320\252[\0216+\227=`\371P\314\346 V""; networkTime: 803842791; firstSeq: 1; lastSeq: 16; "
1750527591435,1750527591435,0,1,3,0,TMValidation,"validation: """"\200\000\000\001&\000\000\000\021)/\351\252\347:p\210\265\307-\212\200\004Q7\271[~\n\237\274|\347\352@K\253~&\260\032\024\004B\200\255h\351\013\361\031:nG\211\005P\027\000\000\000\000\000\000\000\000\000\000\000\000\000\000\000\000\000\000\000\000\000\000\000\000\000\000\000\000\000\000\000\000P\031\244c\024\213\t\007`\223\325#\3477\210\345P\306\013\320\252[\0216+\227=`\371P\314\346 Vs!\002\364d\217\366\217|\316F\232\231\241\n\261\333`\312O\367\235\025DD\336e\367\n\312\326\221\037\025\230vF0D\002 ;cz&\364\257\205\361\346\307=\0252\3654\025\022\037\177\257\2375\273+CCs\355\270\252\232\352\002 \030\255\277\212\322\361|Z\250F\234\342\002\277\357\243\220\232\232\313\205\253G\241\252Y\231?Z\321t\027""; ","validation: """"\200\000\000\001&\000\000\000\021)/\351\252\347:p\210\265\307-\212\200\004Q7\271[~\n\237\274|\347\352@K\253~&\260\032\024\004B\200\255h\351\013\361\031:nG\211\005P\027\000\000\000\000\000\000\000\000\000\000\000\000\000\000\000\000\000\000\000\000\000\000\000\000\000\000\000\000\000\000\000\000P\031\244c\024\213\t\007`\223\325#\3477\210\345P\306\013\320\252[\0216+\227=`\371P\314\346 Vs!\002\364d\217\366\217|\316F\232\231\241\n\261\333`\312O\367\235\025DD\336e\367\n\312\326\221\037\025\230vF0D\002 ;cz&\364\257\205\361\346\307=\0252\3654\025\022\037\177\257\2375\273+CCs\355\270\252\232\352\002 \030\255\277\212\322\361|Z\250F\234\342\002\277\357\243\220\232\232\313\205\253G\241\252Y\231?Z\321t\027""; "
1750527591438,1750527591438,0,1,2,3,TMGetLedger,"itype: liBASE; ledgerHash: ""7\271[~\n\237\274|\347\352@K\253~&\260\032\024\004B\200\255h\351\013\361\031:nG\211\005""; ledgerSeq: 17; ","itype: liBASE; ledgerHash: ""7\271[~\n\237\274|\347\352@K\253~&\260\032\024\004B\200\255h\351\013\361\031:nG\211\005""; ledgerSeq: 17; "
1750527591438,1750527591438,0,1,2,1,TMGetLedger,"itype: liBASE; ledgerHash: ""7\271[~\n\237\274|\347\352@K\253~&\260\032\024\004B\200\255h\351\013\361\031:nG\211\005""; ledgerSeq: 17; ","itype: liBASE; ledgerHash: ""7\271[~\n\237\274|\347\352@K\253~&\260\032\024\004B\200\255h\351\013\361\031:nG\211\005""; ledgerSeq: 17; "
1750527591439,1750527591439,0,1,2,1,TMValidation,"validation: """"\200\000\000\001&\000\000\000\021)/\351\252\347:p\210\265\307-\212\200\004Q7\271[~\n\237\274|\347\352@K\253~&\260\032\024\004B\200\255h\351\013\361\031:nG\211\005P\027\000\000\000\000\000\000\000\000\000\000\000\000\000\000\000\000\000\000\000\000\000\000\000\000\000\000\000\000\000\000\000\000P\031\244c\024\213\t\007`\223\325#\3477\210\345P\306\013\320\252[\0216+\227=`\371P\314\346 Vs!\002\364d\217\366\217|\316F\232\231\241\n\261\333`\312O\367\235\025DD\336e\367\n\312\326\221\037\025\230vF0D\002 ;cz&\364\257\205\361\346\307=\0252\3654\025\022\037\177\257\2375\273+CCs\355\270\252\232\352\002 \030\255\277\212\322\361|Z\250F\234\342\002\277\357\243\220\232\232\313\205\253G\241\252Y\231?Z\321t\027""; ","validation: """"\200\000\000\001&\000\000\000\021)/\351\252\347:p\210\265\307-\212\200\004Q7\271[~\n\237\274|\347\352@K\253~&\260\032\024\004B\200\255h\351\013\361\031:nG\211\005P\027\000\000\000\000\000\000\000\000\000\000\000\000\000\000\000\000\000\000\000\000\000\000\000\000\000\000\000\000\000\000\000\000P\031\244c\024\213\t\007`\223\325#\3477\210\345P\306\013\320\252[\0216+\227=`\371P\314\346 Vs!\002\364d\217\366\217|\316F\232\231\241\n\261\333`\312O\367\235\025DD\336e\367\n\312\326\221\037\025\230vF0D\002 ;cz&\364\257\205\361\346\307=\0252\3654\025\022\037\177\257\2375\273+CCs\355\270\252\232\352\002 \030\255\277\212\322\361|Z\250F\234\342\002\277\357\243\220\232\232\313\205\253G\241\252Y\231?Z\321t\027""; "
1750527591440,1750527591440,0,1,2,0,TMGetLedger,"itype: liBASE; ledgerHash: ""7\271[~\n\237\274|\347\352@K\253~&\260\032\024\004B\200\255h\351\013\361\031:nG\211\005""; ledgerSeq: 17; ","itype: liBASE; ledgerHash: ""7\271[~\n\237\274|\347\352@K\253~&\260\032\024\004B\200\255h\351\013\361\031:nG\211\005""; ledgerSeq: 17; "
1750527591440,1750527591440,0,1,2,0,TMValidation,"validation: """"\200\000\000\001&\000\000\000\021)/\351\252\347:p\210\265\307-\212\200\004Q7\271[~\n\237\274|\347\352@K\253~&\260\032\024\004B\200\255h\351\013\361\031:nG\211\005P\027\000\000\000\000\000\000\000\000\000\000\000\000\000\000\000\000\000\000\000\000\000\000\000\000\000\000\000\000\000\000\000\000P\031\244c\024\213\t\007`\223\325#\3477\210\345P\306\013\320\252[\0216+\227=`\371P\314\346 Vs!\002\364d\217\366\217|\316F\232\231\241\n\261\333`\312O\367\235\025DD\336e\367\n\312\326\221\037\025\230vF0D\002 ;cz&\364\257\205\361\346\307=\0252\3654\025\022\037\177\257\2375\273+CCs\355\270\252\232\352\002 \030\255\277\212\322\361|Z\250F\234\342\002\277\357\243\220\232\232\313\205\253G\241\252Y\231?Z\321t\027""; ","validation: """"\200\000\000\001&\000\000\000\021)/\351\252\347:p\210\265\307-\212\200\004Q7\271[~\n\237\274|\347\352@K\253~&\260\032\024\004B\200\255h\351\013\361\031:nG\211\005P\027\000\000\000\000\000\000\000\000\000\000\000\000\000\000\000\000\000\000\000\000\000\000\000\000\000\000\000\000\000\000\000\000P\031\244c\024\213\t\007`\223\325#\3477\210\345P\306\013\320\252[\0216+\227=`\371P\314\346 Vs!\002\364d\217\366\217|\316F\232\231\241\n\261\333`\312O\367\235\025DD\336e\367\n\312\326\221\037\025\230vF0D\002 ;cz&\364\257\205\361\346\307=\0252\3654\025\022\037\177\257\2375\273+CCs\355\270\252\232\352\002 \030\255\277\212\322\361|Z\250F\234\342\002\277\357\243\220\232\232\313\205\253G\241\252Y\231?Z\321t\027""; "
1750527591441,1750527591441,0,1,2,4,TMGetLedger,"itype: liBASE; ledgerHash: ""7\271[~\n\237\274|\347\352@K\253~&\260\032\024\004B\200\255h\351\013\361\031:nG\211\005""; ledgerSeq: 17; ","itype: liBASE; ledgerHash: ""7\271[~\n\237\274|\347\352@K\253~&\260\032\024\004B\200\255h\351\013\361\031:nG\211\005""; ledgerSeq: 17; "
1750527591442,1750527591442,0,1,2,4,TMValidation,"validation: """"\200\000\000\001&\000\000\000\021)/\351\252\347:p\210\265\307-\212\200\004Q7\271[~\n\237\274|\347\352@K\253~&\260\032\024\004B\200\255h\351\013\361\031:nG\211\005P\027\000\000\000\000\000\000\000\000\000\000\000\000\000\000\000\000\000\000\000\000\000\000\000\000\000\000\000\000\000\000\000\000P\031\244c\024\213\t\007`\223\325#\3477\210\345P\306\013\320\252[\0216+\227=`\371P\314\346 Vs!\002\364d\217\366\217|\316F\232\231\241\n\261\333`\312O\367\235\025DD\336e\367\n\312\326\221\037\025\230vF0D\002 ;cz&\364\257\205\361\346\307=\0252\3654\025\022\037\177\257\2375\273+CCs\355\270\252\232\352\002 \030\255\277\212\322\361|Z\250F\234\342\002\277\357\243\220\232\232\313\205\253G\241\252Y\231?Z\321t\027""; ","validation: """"\200\000\000\001&\000\000\000\021)/\351\252\347:p\210\265\307-\212\200\004Q7\271[~\n\237\274|\347\352@K\253~&\260\032\024\004B\200\255h\351\013\361\031:nG\211\005P\027\000\000\000\000\000\000\000\000\000\000\000\000\000\000\000\000\000\000\000\000\000\000\000\000\000\000\000\000\000\000\000\000P\031\244c\024\213\t\007`\223\325#\3477\210\345P\306\013\320\252[\0216+\227=`\371P\314\346 Vs!\002\364d\217\366\217|\316F\232\231\241\n\261\333`\312O\367\235\025DD\336e\367\n\312\326\221\037\025\230vF0D\002 ;cz&\364\257\205\361\346\307=\0252\3654\025\022\037\177\257\2375\273+CCs\355\270\252\232\352\002 \030\255\277\212\322\361|Z\250F\234\342\002\277\357\243\220\232\232\313\205\253G\241\252Y\231?Z\321t\027""; "
1750527591442,1750527591442,0,1,4,2,TMValidation,"validation: """"\200\000\000\001&\000\000\000\021)/\351\252\347:p\210\265\307-\212\200\004Q7\271[~\n\237\274|\347\352@K\253~&\260\032\024\004B\200\255h\351\013\361\031:nG\211\005P\027\000\000\000\000\000\000\000\000\000\000\000\000\000\000\000\000\000\000\000\000\000\000\000\000\000\000\000\000\000\000\000\000P\031\244c\024\213\t\007`\223\325#\3477\210\345P\306\013\320\252[\0216+\227=`\371P\314\346 Vs!\002\364d\217\366\217|\316F\232\231\241\n\261\333`\312O\367\235\025DD\336e\367\n\312\326\221\037\025\230vF0D\002 ;cz&\364\257\205\361\346\307=\0252\3654\025\022\037\177\257\2375\273+CCs\355\270\252\232\352\002 \030\255\277\212\322\361|Z\250F\234\342\002\277\357\243\220\232\232\313\205\253G\241\252Y\231?Z\321t\027""; ","validation: """"\200\000\000\001&\000\000\000\021)/\351\252\347:p\210\265\307-\212\200\004Q7\271[~\n\237\274|\347\352@K\253~&\260\032\024\004B\200\255h\351\013\361\031:nG\211\005P\027\000\000\000\000\000\000\000\000\000\000\000\000\000\000\000\000\000\000\000\000\000\000\000\000\000\000\000\000\000\000\000\000P\031\244c\024\213\t\007`\223\325#\3477\210\345P\306\013\320\252[\0216+\227=`\371P\314\346 Vs!\002\364d\217\366\217|\316F\232\231\241\n\261\333`\312O\367\235\025DD\336e\367\n\312\326\221\037\025\230vF0D\002 ;cz&\364\257\205\361\346\307=\0252\3654\025\022\037\177\257\2375\273+CCs\355\270\252\232\352\002 \030\255\277\212\322\361|Z\250F\234\342\002\277\357\243\220\232\232\313\205\253G\241\252Y\231?Z\321t\027""; "
1750527591443,1750527591443,0,1,4,1,TMValidation,"validation: """"\200\000\000\001&\000\000\000\021)/\351\252\347:p\210\265\307-\212\200\004Q7\271[~\n\237\274|\347\352@K\253~&\260\032\024\004B\200\255h\351\013\361\031:nG\211\005P\027\000\000\000\000\000\000\000\000\000\000\000\000\000\000\000\000\000\000\000\000\000\000\000\000\000\000\000\000\000\000\000\000P\031\244c\024\213\t\007`\223\325#\3477\210\345P\306\013\320\252[\0216+\227=`\371P\314\346 Vs!\002\364d\217\366\217|\316F\232\231\241\n\261\333`\312O\367\235\025DD\336e\367\n\312\326\221\037\025\230vF0D\002 ;cz&\364\257\205\361\346\307=\0252\3654\025\022\037\177\257\2375\273+CCs\355\270\252\232\352\002 \030\255\277\212\322\361|Z\250F\234\342\002\277\357\243\220\232\232\313\205\253G\241\252Y\231?Z\321t\027""; ","validation: """"\200\000\000\001&\000\000\000\021)/\351\252\347:p\210\265\307-\212\200\004Q7\271[~\n\237\274|\347\352@K\253~&\260\032\024\004B\200\255h\351\013\361\031:nG\211\005P\027\000\000\000\000\000\000\000\000\000\000\000\000\000\000\000\000\000\000\000\000\000\000\000\000\000\000\000\000\000\000\000\000P\031\244c\024\213\t\007`\223\325#\3477\210\345P\306\013\320\252[\0216+\227=`\371P\314\346 Vs!\002\364d\217\366\217|\316F\232\231\241\n\261\333`\312O\367\235\025DD\336e\367\n\312\326\221\037\025\230vF0D\002 ;cz&\364\257\205\361\346\307=\0252\3654\025\022\037\177\257\2375\273+CCs\355\270\252\232\352\002 \030\255\277\212\322\361|Z\250F\234\342\002\277\357\243\220\232\232\313\205\253G\241\252Y\231?Z\321t\027""; "
1750527591443,1750527591443,0,1,4,3,TMGetLedger,"itype: liBASE; ledgerHash: ""7\271[~\n\237\274|\347\352@K\253~&\260\032\024\004B\200\255h\351\013\361\031:nG\211\005""; ","itype: liBASE; ledgerHash: ""7\271[~\n\237\274|\347\352@K\253~&\260\032\024\004B\200\255h\351\013\361\031:nG\211\005""; "
1750527591443,1750527591443,0,1,4,0,TMGetLedger,"itype: liBASE; ledgerHash: ""7\271[~\n\237\274|\347\352@K\253~&\260\032\024\004B\200\255h\351\013\361\031:nG\211\005""; ","itype: liBASE; ledgerHash: ""7\271[~\n\237\274|\347\352@K\253~&\260\032\024\004B\200\255h\351\013\361\031:nG\211\005""; "
1750527591443,1750527591444,0,1,4,0,TMValidation,"validation: """"\200\000\000\001&\000\000\000\021)/\351\252\347:p\210\265\307-\212\200\004Q7\271[~\n\237\274|\347\352@K\253~&\260\032\024\004B\200\255h\351\013\361\031:nG\211\005P\027\000\000\000\000\000\000\000\000\000\000\000\000\000\000\000\000\000\000\000\000\000\000\000\000\000\000\000\000\000\000\000\000P\031\244c\024\213\t\007`\223\325#\3477\210\345P\306\013\320\252[\0216+\227=`\371P\314\346 Vs!\002\364d\217\366\217|\316F\232\231\241\n\261\333`\312O\367\235\025DD\336e\367\n\312\326\221\037\025\230vF0D\002 ;cz&\364\257\205\361\346\307=\0252\3654\025\022\037\177\257\2375\273+CCs\355\270\252\232\352\002 \030\255\277\212\322\361|Z\250F\234\342\002\277\357\243\220\232\232\313\205\253G\241\252Y\231?Z\321t\027""; ","validation: """"\200\000\000\001&\000\000\000\021)/\351\252\347:p\210\265\307-\212\200\004Q7\271[~\n\237\274|\347\352@K\253~&\260\032\024\004B\200\255h\351\013\361\031:nG\211\005P\027\000\000\000\000\000\000\000\000\000\000\000\000\000\000\000\000\000\000\000\000\000\000\000\000\000\000\000\000\000\000\000\000P\031\244c\024\213\t\007`\223\325#\3477\210\345P\306\013\320\252[\0216+\227=`\371P\314\346 Vs!\002\364d\217\366\217|\316F\232\231\241\n\261\333`\312O\367\235\025DD\336e\367\n\312\326\221\037\025\230vF0D\002 ;cz&\364\257\205\361\346\307=\0252\3654\025\022\037\177\257\2375\273+CCs\355\270\252\232\352\002 \030\255\277\212\322\361|Z\250F\234\342\002\277\357\243\220\232\232\313\205\253G\241\252Y\231?Z\321t\027""; "
1750527591444,1750527591444,0,1,2,3,TMGetLedger,"itype: liBASE; ledgerHash: ""7\271[~\n\237\274|\347\352@K\253~&\260\032\024\004B\200\255h\351\013\361\031:nG\211\005""; ledgerSeq: 17; queryType: qtINDIRECT; ","itype: liBASE; ledgerHash: ""7\271[~\n\237\274|\347\352@K\253~&\260\032\024\004B\200\255h\351\013\361\031:nG\211\005""; ledgerSeq: 17; queryType: qtINDIRECT; "
1750527591445,1750527591446,0,1,2,1,TMGetLedger,"itype: liBASE; ledgerHash: ""7\271[~\n\237\274|\347\352@K\253~&\260\032\024\004B\200\255h\351\013\361\031:nG\211\005""; ledgerSeq: 17; queryType: qtINDIRECT; ","itype: liBASE; ledgerHash: ""7\271[~\n\237\274|\347\352@K\253~&\260\032\024\004B\200\255h\351\013\361\031:nG\211\005""; ledgerSeq: 17; queryType: qtINDIRECT; "
1750527591446,1750527591446,0,1,2,4,TMGetLedger,"itype: liBASE; ledgerHash: ""7\271[~\n\237\274|\347\352@K\253~&\260\032\024\004B\200\255h\351\013\361\031:nG\211\005""; ledgerSeq: 17; queryType: qtINDIRECT; ","itype: liBASE; ledgerHash: ""7\271[~\n\237\274|\347\352@K\253~&\260\032\024\004B\200\255h\351\013\361\031:nG\211\005""; ledgerSeq: 17; queryType: qtINDIRECT; "
1750527591446,1750527591447,0,1,4,1,TMGetLedger,"itype: liBASE; ledgerHash: ""7\271[~\n\237\274|\347\352@K\253~&\260\032\024\004B\200\255h\351\013\361\031:nG\211\005""; ","itype: liBASE; ledgerHash: ""7\271[~\n\237\274|\347\352@K\253~&\260\032\024\004B\200\255h\351\013\361\031:nG\211\005""; "
1750527591455,1750527591455,0,1,4,1,TMGetLedger,"itype: liBASE; ledgerHash: ""7\271[~\n\237\274|\347\352@K\253~&\260\032\024\004B\200\255h\351\013\361\031:nG\211\005""; queryType: qtINDIRECT; ","itype: liBASE; ledgerHash: ""7\271[~\n\237\274|\347\352@K\253~&\260\032\024\004B\200\255h\351\013\361\031:nG\211\005""; queryType: qtINDIRECT; "
1750527591455,1750527591456,0,1,2,0,TMGetLedger,"itype: liBASE; ledgerHash: ""7\271[~\n\237\274|\347\352@K\253~&\260\032\024\004B\200\255h\351\013\361\031:nG\211\005""; ledgerSeq: 17; queryType: qtINDIRECT; ","itype: liBASE; ledgerHash: ""7\271[~\n\237\274|\347\352@K\253~&\260\032\024\004B\200\255h\351\013\361\031:nG\211\005""; ledgerSeq: 17; queryType: qtINDIRECT; "
1750527591456,1750527591456,0,1,4,2,TMGetLedger,"itype: liBASE; ledgerHash: ""7\271[~\n\237\274|\347\352@K\253~&\260\032\024\004B\200\255h\351\013\361\031:nG\211\005""; ","itype: liBASE; ledgerHash: ""7\271[~\n\237\274|\347\352@K\253~&\260\032\024\004B\200\255h\351\013\361\031:nG\211\005""; "
1750527591456,1750527591456,0,1,4,2,TMGetLedger,"itype: liBASE; ledgerHash: ""7\271[~\n\237\274|\347\352@K\253~&\260\032\024\004B\200\255h\351\013\361\031:nG\211\005""; queryType: qtINDIRECT; ","itype: liBASE; ledgerHash: ""7\271[~\n\237\274|\347\352@K\253~&\260\032\024\004B\200\255h\351\013\361\031:nG\211\005""; queryType: qtINDIRECT; "
1750527591457,1750527591457,0,1,4,0,TMGetLedger,"itype: liBASE; ledgerHash: ""7\271[~\n\237\274|\347\352@K\253~&\260\032\024\004B\200\255h\351\013\361\031:nG\211\005""; queryType: qtINDIRECT; ","itype: liBASE; ledgerHash: ""7\271[~\n\237\274|\347\352@K\253~&\260\032\024\004B\200\255h\351\013\361\031:nG\211\005""; queryType: qtINDIRECT; "
1750527591458,1750527591458,0,1,4,3,TMGetLedger,"itype: liBASE; ledgerHash: ""7\271[~\n\237\274|\347\352@K\253~&\260\032\024\004B\200\255h\351\013\361\031:nG\211\005""; queryType: qtINDIRECT; ","itype: liBASE; ledgerHash: ""7\271[~\n\237\274|\347\352@K\253~&\260\032\024\004B\200\255h\351\013\361\031:nG\211\005""; queryType: qtINDIRECT; "
1750527591458,1750527591458,0,1,1,3,TMGetLedger,"itype: liBASE; ledgerHash: ""7\271[~\n\237\274|\347\352@K\253~&\260\032\024\004B\200\255h\351\013\361\031:nG\211\005""; ledgerSeq: 17; ","itype: liBASE; ledgerHash: ""7\271[~\n\237\274|\347\352@K\253~&\260\032\024\004B\200\255h\351\013\361\031:nG\211\005""; ledgerSeq: 17; "
1750527591459,1750527591459,0,1,1,0,TMGetLedger,"itype: liBASE; ledgerHash: ""7\271[~\n\237\274|\347\352@K\253~&\260\032\024\004B\200\255h\351\013\361\031:nG\211\005""; ledgerSeq: 17; ","itype: liBASE; ledgerHash: ""7\271[~\n\237\274|\347\352@K\253~&\260\032\024\004B\200\255h\351\013\361\031:nG\211\005""; ledgerSeq: 17; "
1750527591459,1750527591459,0,1,1,4,TMGetLedger,"itype: liBASE; ledgerHash: ""7\271[~\n\237\274|\347\352@K\253~&\260\032\024\004B\200\255h\351\013\361\031:nG\211\005""; ledgerSeq: 17; ","itype: liBASE; ledgerHash: ""7\271[~\n\237\274|\347\352@K\253~&\260\032\024\004B\200\255h\351\013\361\031:nG\211\005""; ledgerSeq: 17; "
1750527591460,1750527591461,0,1,1,2,TMGetLedger,"itype: liBASE; ledgerHash: ""7\271[~\n\237\274|\347\352@K\253~&\260\032\024\004B\200\255h\351\013\361\031:nG\211\005""; ledgerSeq: 17; ","itype: liBASE; ledgerHash: ""7\271[~\n\237\274|\347\352@K\253~&\260\032\024\004B\200\255h\351\013\361\031:nG\211\005""; ledgerSeq: 17; "
1750527591461,1750527591461,0,1,0,3,TMGetLedger,"itype: liBASE; ledgerHash: ""7\271[~\n\237\274|\347\352@K\253~&\260\032\024\004B\200\255h\351\013\361\031:nG\211\005""; ledgerSeq: 17; ","itype: liBASE; ledgerHash: ""7\271[~\n\237\274|\347\352@K\253~&\260\032\024\004B\200\255h\351\013\361\031:nG\211\005""; ledgerSeq: 17; "
1750527591461,1750527591462,0,1,0,1,TMGetLedger,"itype: liBASE; ledgerHash: ""7\271[~\n\237\274|\347\352@K\253~&\260\032\024\004B\200\255h\351\013\361\031:nG\211\005""; ledgerSeq: 17; ","itype: liBASE; ledgerHash: ""7\271[~\n\237\274|\347\352@K\253~&\260\032\024\004B\200\255h\351\013\361\031:nG\211\005""; ledgerSeq: 17; "
1750527591462,1750527591462,0,1,0,2,TMGetLedger,"itype: liBASE; ledgerHash: ""7\271[~\n\237\274|\347\352@K\253~&\260\032\024\004B\200\255h\351\013\361\031:nG\211\005""; ledgerSeq: 17; ","itype: liBASE; ledgerHash: ""7\271[~\n\237\274|\347\352@K\253~&\260\032\024\004B\200\255h\351\013\361\031:nG\211\005""; ledgerSeq: 17; "
1750527591462,1750527591462,0,1,0,4,TMGetLedger,"itype: liBASE; ledgerHash: ""7\271[~\n\237\274|\347\352@K\253~&\260\032\024\004B\200\255h\351\013\361\031:nG\211\005""; ledgerSeq: 17; ","itype: liBASE; ledgerHash: ""7\271[~\n\237\274|\347\352@K\253~&\260\032\024\004B\200\255h\351\013\361\031:nG\211\005""; ledgerSeq: 17; "
1750527591463,1750527591463,0,1,0,4,TMValidation,"validation: """"\200\000\000\001&\000\000\000\021)/\351\252\347:p\210\265\307-\212\200\004Q7\271[~\n\237\274|\347\352@K\253~&\260\032\024\004B\200\255h\351\013\361\031:nG\211\005P\027\000\000\000\000\000\000\000\000\000\000\000\000\000\000\000\000\000\000\000\000\000\000\000\000\000\000\000\000\000\000\000\000P\031\244c\024\213\t\007`\223\325#\3477\210\345P\306\013\320\252[\0216+\227=`\371P\314\346 Vs!\002\364d\217\366\217|\316F\232\231\241\n\261\333`\312O\367\235\025DD\336e\367\n\312\326\221\037\025\230vF0D\002 ;cz&\364\257\205\361\346\307=\0252\3654\025\022\037\177\257\2375\273+CCs\355\270\252\232\352\002 \030\255\277\212\322\361|Z\250F\234\342\002\277\357\243\220\232\232\313\205\253G\241\252Y\231?Z\321t\027""; ","validation: """"\200\000\000\001&\000\000\000\021)/\351\252\347:p\210\265\307-\212\200\004Q7\271[~\n\237\274|\347\352@K\253~&\260\032\024\004B\200\255h\351\013\361\031:nG\211\005P\027\000\000\000\000\000\000\000\000\000\000\000\000\000\000\000\000\000\000\000\000\000\000\000\000\000\000\000\000\000\000\000\000P\031\244c\024\213\t\007`\223\325#\3477\210\345P\306\013\320\252[\0216+\227=`\371P\314\346 Vs!\002\364d\217\366\217|\316F\232\231\241\n\261\333`\312O\367\235\025DD\336e\367\n\312\326\221\037\025\230vF0D\002 ;cz&\364\257\205\361\346\307=\0252\3654\025\022\037\177\257\2375\273+CCs\355\270\252\232\352\002 \030\255\277\212\322\361|Z\250F\234\342\002\277\357\243\220\232\232\313\205\253G\241\252Y\231?Z\321t\027""; "
1750527591463,1750527591463,0,1,0,1,TMValidation,"validation: """"\200\000\000\001&\000\000\000\021)/\351\252\347:p\210\265\307-\212\200\004Q7\271[~\n\237\274|\347\352@K\253~&\260\032\024\004B\200\255h\351\013\361\031:nG\211\005P\027\000\000\000\000\000\000\000\000\000\000\000\000\000\000\000\000\000\000\000\000\000\000\000\000\000\000\000\000\000\000\000\000P\031\244c\024\213\t\007`\223\325#\3477\210\345P\306\013\320\252[\0216+\227=`\371P\314\346 Vs!\002\364d\217\366\217|\316F\232\231\241\n\261\333`\312O\367\235\025DD\336e\367\n\312\326\221\037\025\230vF0D\002 ;cz&\364\257\205\361\346\307=\0252\3654\025\022\037\177\257\2375\273+CCs\355\270\252\232\352\002 \030\255\277\212\322\361|Z\250F\234\342\002\277\357\243\220\232\232\313\205\253G\241\252Y\231?Z\321t\027""; ","validation: """"\200\000\000\001&\000\000\000\021)/\351\252\347:p\210\265\307-\212\200\004Q7\271[~\n\237\274|\347\352@K\253~&\260\032\024\004B\200\255h\351\013\361\031:nG\211\005P\027\000\000\000\000\000\000\000\000\000\000\000\000\000\000\000\000\000\000\000\000\000\000\000\000\000\000\000\000\000\000\000\000P\031\244c\024\213\t\007`\223\325#\3477\210\345P\306\013\320\252[\0216+\227=`\371P\314\346 Vs!\002\364d\217\366\217|\316F\232\231\241\n\261\333`\312O\367\235\025DD\336e\367\n\312\326\221\037\025\230vF0D\002 ;cz&\364\257\205\361\346\307=\0252\3654\025\022\037\177\257\2375\273+CCs\355\270\252\232\352\002 \030\255\277\212\322\361|Z\250F\234\342\002\277\357\243\220\232\232\313\205\253G\241\252Y\231?Z\321t\027""; "
1750527591464,1750527591464,0,1,0,2,TMValidation,"validation: """"\200\000\000\001&\000\000\000\021)/\351\252\347:p\210\265\307-\212\200\004Q7\271[~\n\237\274|\347\352@K\253~&\260\032\024\004B\200\255h\351\013\361\031:nG\211\005P\027\000\000\000\000\000\000\000\000\000\000\000\000\000\000\000\000\000\000\000\000\000\000\000\000\000\000\000\000\000\000\000\000P\031\244c\024\213\t\007`\223\325#\3477\210\345P\306\013\320\252[\0216+\227=`\371P\314\346 Vs!\002\364d\217\366\217|\316F\232\231\241\n\261\333`\312O\367\235\025DD\336e\367\n\312\326\221\037\025\230vF0D\002 ;cz&\364\257\205\361\346\307=\0252\3654\025\022\037\177\257\2375\273+CCs\355\270\252\232\352\002 \030\255\277\212\322\361|Z\250F\234\342\002\277\357\243\220\232\232\313\205\253G\241\252Y\231?Z\321t\027""; ","validation: """"\200\000\000\001&\000\000\000\021)/\351\252\347:p\210\265\307-\212\200\004Q7\271[~\n\237\274|\347\352@K\253~&\260\032\024\004B\200\255h\351\013\361\031:nG\211\005P\027\000\000\000\000\000\000\000\000\000\000\000\000\000\000\000\000\000\000\000\000\000\000\000\000\000\000\000\000\000\000\000\000P\031\244c\024\213\t\007`\223\325#\3477\210\345P\306\013\320\252[\0216+\227=`\371P\314\346 Vs!\002\364d\217\366\217|\316F\232\231\241\n\261\333`\312O\367\235\025DD\336e\367\n\312\326\221\037\025\230vF0D\002 ;cz&\364\257\205\361\346\307=\0252\3654\025\022\037\177\257\2375\273+CCs\355\270\252\232\352\002 \030\255\277\212\322\361|Z\250F\234\342\002\277\357\243\220\232\232\313\205\253G\241\252Y\231?Z\321t\027""; "
1750527591464,1750527591464,0,1,0,1,TMGetLedger,"itype: liBASE; ledgerHash: ""7\271[~\n\237\274|\347\352@K\253~&\260\032\024\004B\200\255h\351\013\361\031:nG\211\005""; ledgerSeq: 17; queryType: qtINDIRECT; ","itype: liBASE; ledgerHash: ""7\271[~\n\237\274|\347\352@K\253~&\260\032\024\004B\200\255h\351\013\361\031:nG\211\005""; ledgerSeq: 17; queryType: qtINDIRECT; "
1750527591465,1750527591465,0,1,0,2,TMGetLedger,"itype: liBASE; ledgerHash: ""7\271[~\n\237\274|\347\352@K\253~&\260\032\024\004B\200\255h\351\013\361\031:nG\211\005""; ledgerSeq: 17; queryType: qtINDIRECT; ","itype: liBASE; ledgerHash: ""7\271[~\n\237\274|\347\352@K\253~&\260\032\024\004B\200\255h\351\013\361\031:nG\211\005""; ledgerSeq: 17; queryType: qtINDIRECT; "
1750527591465,1750527591465,0,1,0,4,TMGetLedger,"itype: liBASE; ledgerHash: ""7\271[~\n\237\274|\347\352@K\253~&\260\032\024\004B\200\255h\351\013\361\031:nG\211\005""; ledgerSeq: 17; queryType: qtINDIRECT; ","itype: liBASE; ledgerHash: ""7\271[~\n\237\274|\347\352@K\253~&\260\032\024\004B\200\255h\351\013\361\031:nG\211\005""; ledgerSeq: 17; queryType: qtINDIRECT; "
1750527591466,1750527591466,0,1,0,3,TMGetLedger,"itype: liBASE; ledgerHash: ""7\271[~\n\237\274|\347\352@K\253~&\260\032\024\004B\200\255h\351\013\361\031:nG\211\005""; ledgerSeq: 17; queryType: qtINDIRECT; ","itype: liBASE; ledgerHash: ""7\271[~\n\237\274|\347\352@K\253~&\260\032\024\004B\200\255h\351\013\361\031:nG\211\005""; ledgerSeq: 17; queryType: qtINDIRECT; "
1750527591466,1750527591466,0,1,3,2,TMLedgerData,"ledgerHash: ""7\271[~\n\237\274|\347\352@K\253~&\260\032\024\004B\200\255h\351\013\361\031:nG\211\005""; ledgerSeq: 17; type: liBASE; nodes {;   nodedata: ""\000\000\000\021\001cEx]\211\377\330\244c\024\213\t\007`\223\325#\3477\210\345P\306\013\320\252[\0216+\227=`\371P\314\346 V\000\000\000\000\000\000\000\000\000\000\000\000\000\000\000\000\000\000\000\000\000\000\000\000\000\000\000\000\000\000\000\000\031\234b\317\317`\233\010\322G\204,\320\251h0d\257S\313\225\031\233\264\307\265\252\323\020eag/\351\252\346/\351\252\347\n\000""; }; nodes {;   nodedata: ""\323C\344\327\264{\312-\017:\006{\177\344N\002\326bO\260\220\006\033\362\345\005U\221DzJ0\001\301\025%1L\307\t\261\262z\374\222T\301\274V\236\223\262\270Ct\362\337b\356\024*\324\320\351\317\002k\336\234\027v\351\217\260\303\360\233ZPZWr\246$w\313\313\r\243r\232\2234\373\3539:N\004Q\245\272D\312D\300\300\t\323\0257\345e\271\na\215{\226\255x%T\257\037\333\004\344_/R\006E\344\037@\210\363\010\336T\226\247'\204_{\261\370""1\235\2445\343\033Y!\212\201\341\272\225'\007\004\032\231\005P_X-c/e\362\021Y\220^\025\236\343l\240\215\254\367\\251eF\035\001D\003\013\003""; }; ","ledgerHash: ""7\271[~\n\237\274|\347\352@K\253~&\260\032\024\004B\200\255h\351\013\361\031:nG\211\005""; ledgerSeq: 17; type: liBASE; nodes {;   nodedata: ""\000\000\000\021\001cEx]\211\377\330\244c\024\213\t\007`\223\325#\3477\210\345P\306\013\320\252[\0216+\227=`\371P\314\346 V\000\000\000\000\000\000\000\000\000\000\000\000\000\000\000\000\000\000\000\000\000\000\000\000\000\000\000\000\000\000\000\000\031\234b\317\317`\233\010\322G\204,\320\251h0d\257S\313\225\031\233\264\307\265\252\323\020eag/\351\252\346/\351\252\347\n\000""; }; nodes {;   nodedata: ""\323C\344\327\264{\312-\017:\006{\177\344N\002\326bO\260\220\006\033\362\345\005U\221DzJ0\001\301\025%1L\307\t\261\262z\374\222T\301\274V\236\223\262\270Ct\362\337b\356\024*\324\320\351\317\002k\336\234\027v\351\217\260\303\360\233ZPZWr\246$w\313\313\r\243r\232\2234\373\3539:N\004Q\245\272D\312D\300\300\t\323\0257\345e\271\na\215{\226\255x%T\257\037\333\004\344_/R\006E\344\037@\210\363\010\336T\226\247'\204_{\261\370""1\235\2445\343\033Y!\212\201\341\272\225'\007\004\032\231\005P_X-c/e\362\021Y\220^\025\236\343l\240\215\254\367\\251eF\035\001D\003\013\003""; }; "
1750527591467,1750527591467,0,1,1,2,TMValidation,"validation: """"\200\000\000\001&\000\000\000\021)/\351\252\347:p\210\265\307-\212\200\004Q7\271[~\n\237\274|\347\352@K\253~&\260\032\024\004B\200\255h\351\013\361\031:nG\211\005P\027\000\000\000\000\000\000\000\000\000\000\000\000\000\000\000\000\000\000\000\000\000\000\000\000\000\000\000\000\000\000\000\000P\031\244c\024\213\t\007`\223\325#\3477\210\345P\306\013\320\252[\0216+\227=`\371P\314\346 Vs!\002\364d\217\366\217|\316F\232\231\241\n\261\333`\312O\367\235\025DD\336e\367\n\312\326\221\037\025\230vF0D\002 ;cz&\364\257\205\361\346\307=\0252\3654\025\022\037\177\257\2375\273+CCs\355\270\252\232\352\002 \030\255\277\212\322\361|Z\250F\234\342\002\277\357\243\220\232\232\313\205\253G\241\252Y\231?Z\321t\027""; ","validation: """"\200\000\000\001&\000\000\000\021)/\351\252\347:p\210\265\307-\212\200\004Q7\271[~\n\237\274|\347\352@K\253~&\260\032\024\004B\200\255h\351\013\361\031:nG\211\005P\027\000\000\000\000\000\000\000\000\000\000\000\000\000\000\000\000\000\000\000\000\000\000\000\000\000\000\000\000\000\000\000\000P\031\244c\024\213\t\007`\223\325#\3477\210\345P\306\013\320\252[\0216+\227=`\371P\314\346 Vs!\002\364d\217\366\217|\316F\232\231\241\n\261\333`\312O\367\235\025DD\336e\367\n\312\326\221\037\025\230vF0D\002 ;cz&\364\257\205\361\346\307=\0252\3654\025\022\037\177\257\2375\273+CCs\355\270\252\232\352\002 \030\255\277\212\322\361|Z\250F\234\342\002\277\357\243\220\232\232\313\205\253G\241\252Y\231?Z\321t\027""; "
1750527591467,1750527591467,0,1,1,2,TMGetLedger,"itype: liBASE; ledgerHash: ""7\271[~\n\237\274|\347\352@K\253~&\260\032\024\004B\200\255h\351\013\361\031:nG\211\005""; ledgerSeq: 17; queryType: qtINDIRECT; ","itype: liBASE; ledgerHash: ""7\271[~\n\237\274|\347\352@K\253~&\260\032\024\004B\200\255h\351\013\361\031:nG\211\005""; ledgerSeq: 17; queryType: qtINDIRECT; "
1750527591468,1750527591468,0,1,1,4,TMGetLedger,"itype: liBASE; ledgerHash: ""7\271[~\n\237\274|\347\352@K\253~&\260\032\024\004B\200\255h\351\013\361\031:nG\211\005""; ledgerSeq: 17; queryType: qtINDIRECT; ","itype: liBASE; ledgerHash: ""7\271[~\n\237\274|\347\352@K\253~&\260\032\024\004B\200\255h\351\013\361\031:nG\211\005""; ledgerSeq: 17; queryType: qtINDIRECT; "
1750527591469,1750527591469,0,1,3,4,TMLedgerData,"ledgerHash: ""7\271[~\n\237\274|\347\352@K\253~&\260\032\024\004B\200\255h\351\013\361\031:nG\211\005""; ledgerSeq: 17; type: liBASE; nodes {;   nodedata: ""\000\000\000\021\001cEx]\211\377\330\244c\024\213\t\007`\223\325#\3477\210\345P\306\013\320\252[\0216+\227=`\371P\314\346 V\000\000\000\000\000\000\000\000\000\000\000\000\000\000\000\000\000\000\000\000\000\000\000\000\000\000\000\000\000\000\000\000\031\234b\317\317`\233\010\322G\204,\320\251h0d\257S\313\225\031\233\264\307\265\252\323\020eag/\351\252\346/\351\252\347\n\000""; }; nodes {;   nodedata: ""\323C\344\327\264{\312-\017:\006{\177\344N\002\326bO\260\220\006\033\362\345\005U\221DzJ0\001\301\025%1L\307\t\261\262z\374\222T\301\274V\236\223\262\270Ct\362\337b\356\024*\324\320\351\317\002k\336\234\027v\351\217\260\303\360\233ZPZWr\246$w\313\313\r\243r\232\2234\373\3539:N\004Q\245\272D\312D\300\300\t\323\0257\345e\271\na\215{\226\255x%T\257\037\333\004\344_/R\006E\344\037@\210\363\010\336T\226\247'\204_{\261\370""1\235\2445\343\033Y!\212\201\341\272\225'\007\004\032\231\005P_X-c/e\362\021Y\220^\025\236\343l\240\215\254\367\\251eF\035\001D\003\013\003""; }; ","ledgerHash: ""7\271[~\n\237\274|\347\352@K\253~&\260\032\024\004B\200\255h\351\013\361\031:nG\211\005""; ledgerSeq: 17; type: liBASE; nodes {;   nodedata: ""\000\000\000\021\001cEx]\211\377\330\244c\024\213\t\007`\223\325#\3477\210\345P\306\013\320\252[\0216+\227=`\371P\314\346 V\000\000\000\000\000\000\000\000\000\000\000\000\000\000\000\000\000\000\000\000\000\000\000\000\000\000\000\000\000\000\000\000\031\234b\317\317`\233\010\322G\204,\320\251h0d\257S\313\225\031\233\264\307\265\252\323\020eag/\351\252\346/\351\252\347\n\000""; }; nodes {;   nodedata: ""\323C\344\327\264{\312-\017:\006{\177\344N\002\326bO\260\220\006\033\362\345\005U\221DzJ0\001\301\025%1L\307\t\261\262z\374\222T\301\274V\236\223\262\270Ct\362\337b\356\024*\324\320\351\317\002k\336\234\027v\351\217\260\303\360\233ZPZWr\246$w\313\313\r\243r\232\2234\373\3539:N\004Q\245\272D\312D\300\300\t\323\0257\345e\271\na\215{\226\255x%T\257\037\333\004\344_/R\006E\344\037@\210\363\010\336T\226\247'\204_{\261\370""1\235\2445\343\033Y!\212\201\341\272\225'\007\004\032\231\005P_X-c/e\362\021Y\220^\025\236\343l\240\215\254\367\\251eF\035\001D\003\013\003""; }; "
1750527591469,1750527591469,0,1,1,4,TMValidation,"validation: """"\200\000\000\001&\000\000\000\021)/\351\252\347:p\210\265\307-\212\200\004Q7\271[~\n\237\274|\347\352@K\253~&\260\032\024\004B\200\255h\351\013\361\031:nG\211\005P\027\000\000\000\000\000\000\000\000\000\000\000\000\000\000\000\000\000\000\000\000\000\000\000\000\000\000\000\000\000\000\000\000P\031\244c\024\213\t\007`\223\325#\3477\210\345P\306\013\320\252[\0216+\227=`\371P\314\346 Vs!\002\364d\217\366\217|\316F\232\231\241\n\261\333`\312O\367\235\025DD\336e\367\n\312\326\221\037\025\230vF0D\002 ;cz&\364\257\205\361\346\307=\0252\3654\025\022\037\177\257\2375\273+CCs\355\270\252\232\352\002 \030\255\277\212\322\361|Z\250F\234\342\002\277\357\243\220\232\232\313\205\253G\241\252Y\231?Z\321t\027""; ","validation: """"\200\000\000\001&\000\000\000\021)/\351\252\347:p\210\265\307-\212\200\004Q7\271[~\n\237\274|\347\352@K\253~&\260\032\024\004B\200\255h\351\013\361\031:nG\211\005P\027\000\000\000\000\000\000\000\000\000\000\000\000\000\000\000\000\000\000\000\000\000\000\000\000\000\000\000\000\000\000\000\000P\031\244c\024\213\t\007`\223\325#\3477\210\345P\306\013\320\252[\0216+\227=`\371P\314\346 Vs!\002\364d\217\366\217|\316F\232\231\241\n\261\333`\312O\367\235\025DD\336e\367\n\312\326\221\037\025\230vF0D\002 ;cz&\364\257\205\361\346\307=\0252\3654\025\022\037\177\257\2375\273+CCs\355\270\252\232\352\002 \030\255\277\212\322\361|Z\250F\234\342\002\277\357\243\220\232\232\313\205\253G\241\252Y\231?Z\321t\027""; "
1750527591469,1750527591470,0,1,3,2,TMLedgerData,"ledgerHash: ""7\271[~\n\237\274|\347\352@K\253~&\260\032\024\004B\200\255h\351\013\361\031:nG\211\005""; ledgerSeq: 17; type: liBASE; nodes {;   nodedata: ""\000\000\000\021\001cEx]\211\377\330\244c\024\213\t\007`\223\325#\3477\210\345P\306\013\320\252[\0216+\227=`\371P\314\346 V\000\000\000\000\000\000\000\000\000\000\000\000\000\000\000\000\000\000\000\000\000\000\000\000\000\000\000\000\000\000\000\000\031\234b\317\317`\233\010\322G\204,\320\251h0d\257S\313\225\031\233\264\307\265\252\323\020eag/\351\252\346/\351\252\347\n\000""; }; nodes {;   nodedata: ""\323C\344\327\264{\312-\017:\006{\177\344N\002\326bO\260\220\006\033\362\345\005U\221DzJ0\001\301\025%1L\307\t\261\262z\374\222T\301\274V\236\223\262\270Ct\362\337b\356\024*\324\320\351\317\002k\336\234\027v\351\217\260\303\360\233ZPZWr\246$w\313\313\r\243r\232\2234\373\3539:N\004Q\245\272D\312D\300\300\t\323\0257\345e\271\na\215{\226\255x%T\257\037\333\004\344_/R\006E\344\037@\210\363\010\336T\226\247'\204_{\261\370""1\235\2445\343\033Y!\212\201\341\272\225'\007\004\032\231\005P_X-c/e\362\021Y\220^\025\236\343l\240\215\254\367\\251eF\035\001D\003\013\003""; }; ","ledgerHash: ""7\271[~\n\237\274|\347\352@K\253~&\260\032\024\004B\200\255h\351\013\361\031:nG\211\005""; ledgerSeq: 17; type: liBASE; nodes {;   nodedata: ""\000\000\000\021\001cEx]\211\377\330\244c\024\213\t\007`\223\325#\3477\210\345P\306\013\320\252[\0216+\227=`\371P\314\346 V\000\000\000\000\000\000\000\000\000\000\000\000\000\000\000\000\000\000\000\000\000\000\000\000\000\000\000\000\000\000\000\000\031\234b\317\317`\233\010\322G\204,\320\251h0d\257S\313\225\031\233\264\307\265\252\323\020eag/\351\252\346/\351\252\347\n\000""; }; nodes {;   nodedata: ""\323C\344\327\264{\312-\017:\006{\177\344N\002\326bO\260\220\006\033\362\345\005U\221DzJ0\001\301\025%1L\307\t\261\262z\374\222T\301\274V\236\223\262\270Ct\362\337b\356\024*\324\320\351\317\002k\336\234\027v\351\217\260\303\360\233ZPZWr\246$w\313\313\r\243r\232\2234\373\3539:N\004Q\245\272D\312D\300\300\t\323\0257\345e\271\na\215{\226\255x%T\257\037\333\004\344_/R\006E\344\037@\210\363\010\336T\226\247'\204_{\261\370""1\235\2445\343\033Y!\212\201\341\272\225'\007\004\032\231\005P_X-c/e\362\021Y\220^\025\236\343l\240\215\254\367\\251eF\035\001D\003\013\003""; }; "
1750527591470,1750527591470,0,1,4,3,TMGetLedger,"itype: liBASE; ledgerHash: ""7\271[~\n\237\274|\347\352@K\253~&\260\032\024\004B\200\255h\351\013\361\031:nG\211\005""; ledgerSeq: 17; requestCookie: 3; queryType: qtINDIRECT; ","itype: liBASE; ledgerHash: ""7\271[~\n\237\274|\347\352@K\253~&\260\032\024\004B\200\255h\351\013\361\031:nG\211\005""; ledgerSeq: 17; requestCookie: 3; queryType: qtINDIRECT; "
1750527591471,1750527591471,0,1,2,3,TMGetLedger,"itype: liBASE; ledgerHash: ""7\271[~\n\237\274|\347\352@K\253~&\260\032\024\004B\200\255h\351\013\361\031:nG\211\005""; requestCookie: 5; queryType: qtINDIRECT; ","itype: liBASE; ledgerHash: ""7\271[~\n\237\274|\347\352@K\253~&\260\032\024\004B\200\255h\351\013\361\031:nG\211\005""; requestCookie: 5; queryType: qtINDIRECT; "
1750527591471,1750527591471,0,1,0,3,TMGetLedger,"itype: liBASE; ledgerHash: ""7\271[~\n\237\274|\347\352@K\253~&\260\032\024\004B\200\255h\351\013\361\031:nG\211\005""; ledgerSeq: 17; requestCookie: 3; queryType: qtINDIRECT; ","itype: liBASE; ledgerHash: ""7\271[~\n\237\274|\347\352@K\253~&\260\032\024\004B\200\255h\351\013\361\031:nG\211\005""; ledgerSeq: 17; requestCookie: 3; queryType: qtINDIRECT; "
1750527591472,1750527591472,0,1,0,3,TMGetLedger,"itype: liBASE; ledgerHash: ""7\271[~\n\237\274|\347\352@K\253~&\260\032\024\004B\200\255h\351\013\361\031:nG\211\005""; requestCookie: 5; queryType: qtINDIRECT; ","itype: liBASE; ledgerHash: ""7\271[~\n\237\274|\347\352@K\253~&\260\032\024\004B\200\255h\351\013\361\031:nG\211\005""; requestCookie: 5; queryType: qtINDIRECT; "
1750527591472,1750527591472,0,1,3,4,TMLedgerData,"ledgerHash: ""7\271[~\n\237\274|\347\352@K\253~&\260\032\024\004B\200\255h\351\013\361\031:nG\211\005""; ledgerSeq: 17; type: liBASE; nodes {;   nodedata: ""\000\000\000\021\001cEx]\211\377\330\244c\024\213\t\007`\223\325#\3477\210\345P\306\013\320\252[\0216+\227=`\371P\314\346 V\000\000\000\000\000\000\000\000\000\000\000\000\000\000\000\000\000\000\000\000\000\000\000\000\000\000\000\000\000\000\000\000\031\234b\317\317`\233\010\322G\204,\320\251h0d\257S\313\225\031\233\264\307\265\252\323\020eag/\351\252\346/\351\252\347\n\000""; }; nodes {;   nodedata: ""\323C\344\327\264{\312-\017:\006{\177\344N\002\326bO\260\220\006\033\362\345\005U\221DzJ0\001\301\025%1L\307\t\261\262z\374\222T\301\274V\236\223\262\270Ct\362\337b\356\024*\324\320\351\317\002k\336\234\027v\351\217\260\303\360\233ZPZWr\246$w\313\313\r\243r\232\2234\373\3539:N\004Q\245\272D\312D\300\300\t\323\0257\345e\271\na\215{\226\255x%T\257\037\333\004\344_/R\006E\344\037@\210\363\010\336T\226\247'\204_{\261\370""1\235\2445\343\033Y!\212\201\341\272\225'\007\004\032\231\005P_X-c/e\362\021Y\220^\025\236\343l\240\215\254\367\\251eF\035\001D\003\013\003""; }; ","ledgerHash: ""7\271[~\n\237\274|\347\352@K\253~&\260\032\024\004B\200\255h\351\013\361\031:nG\211\005""; ledgerSeq: 17; type: liBASE; nodes {;   nodedata: ""\000\000\000\021\001cEx]\211\377\330\244c\024\213\t\007`\223\325#\3477\210\345P\306\013\320\252[\0216+\227=`\371P\314\346 V\000\000\000\000\000\000\000\000\000\000\000\000\000\000\000\000\000\000\000\000\000\000\000\000\000\000\000\000\000\000\000\000\031\234b\317\317`\233\010\322G\204,\320\251h0d\257S\313\225\031\233\264\307\265\252\323\020eag/\351\252\346/\351\252\347\n\000""; }; nodes {;   nodedata: ""\323C\344\327\264{\312-\017:\006{\177\344N\002\326bO\260\220\006\033\362\345\005U\221DzJ0\001\301\025%1L\307\t\261\262z\374\222T\301\274V\236\223\262\270Ct\362\337b\356\024*\324\320\351\317\002k\336\234\027v\351\217\260\303\360\233ZPZWr\246$w\313\313\r\243r\232\2234\373\3539:N\004Q\245\272D\312D\300\300\t\323\0257\345e\271\na\215{\226\255x%T\257\037\333\004\344_/R\006E\344\037@\210\363\010\336T\226\247'\204_{\261\370""1\235\2445\343\033Y!\212\201\341\272\225'\007\004\032\231\005P_X-c/e\362\021Y\220^\025\236\343l\240\215\254\367\\251eF\035\001D\003\013\003""; }; "
1750527591473,1750527591473,0,1,3,1,TMLedgerData,"ledgerHash: ""7\271[~\n\237\274|\347\352@K\253~&\260\032\024\004B\200\255h\351\013\361\031:nG\211\005""; ledgerSeq: 17; type: liBASE; nodes {;   nodedata: ""\000\000\000\021\001cEx]\211\377\330\244c\024\213\t\007`\223\325#\3477\210\345P\306\013\320\252[\0216+\227=`\371P\314\346 V\000\000\000\000\000\000\000\000\000\000\000\000\000\000\000\000\000\000\000\000\000\000\000\000\000\000\000\000\000\000\000\000\031\234b\317\317`\233\010\322G\204,\320\251h0d\257S\313\225\031\233\264\307\265\252\323\020eag/\351\252\346/\351\252\347\n\000""; }; nodes {;   nodedata: ""\323C\344\327\264{\312-\017:\006{\177\344N\002\326bO\260\220\006\033\362\345\005U\221DzJ0\001\301\025%1L\307\t\261\262z\374\222T\301\274V\236\223\262\270Ct\362\337b\356\024*\324\320\351\317\002k\336\234\027v\351\217\260\303\360\233ZPZWr\246$w\313\313\r\243r\232\2234\373\3539:N\004Q\245\272D\312D\300\300\t\323\0257\345e\271\na\215{\226\255x%T\257\037\333\004\344_/R\006E\344\037@\210\363\010\336T\226\247'\204_{\261\370""1\235\2445\343\033Y!\212\201\341\272\225'\007\004\032\231\005P_X-c/e\362\021Y\220^\025\236\343l\240\215\254\367\\251eF\035\001D\003\013\003""; }; ","ledgerHash: ""7\271[~\n\237\274|\347\352@K\253~&\260\032\024\004B\200\255h\351\013\361\031:nG\211\005""; ledgerSeq: 17; type: liBASE; nodes {;   nodedata: ""\000\000\000\021\001cEx]\211\377\330\244c\024\213\t\007`\223\325#\3477\210\345P\306\013\320\252[\0216+\227=`\371P\314\346 V\000\000\000\000\000\000\000\000\000\000\000\000\000\000\000\000\000\000\000\000\000\000\000\000\000\000\000\000\000\000\000\000\031\234b\317\317`\233\010\322G\204,\320\251h0d\257S\313\225\031\233\264\307\265\252\323\020eag/\351\252\346/\351\252\347\n\000""; }; nodes {;   nodedata: ""\323C\344\327\264{\312-\017:\006{\177\344N\002\326bO\260\220\006\033\362\345\005U\221DzJ0\001\301\025%1L\307\t\261\262z\374\222T\301\274V\236\223\262\270Ct\362\337b\356\024*\324\320\351\317\002k\336\234\027v\351\217\260\303\360\233ZPZWr\246$w\313\313\r\243r\232\2234\373\3539:N\004Q\245\272D\312D\300\300\t\323\0257\345e\271\na\215{\226\255x%T\257\037\333\004\344_/R\006E\344\037@\210\363\010\336T\226\247'\204_{\261\370""1\235\2445\343\033Y!\212\201\341\272\225'\007\004\032\231\005P_X-c/e\362\021Y\220^\025\236\343l\240\215\254\367\\251eF\035\001D\003\013\003""; }; "
1750527591473,1750527591473,0,1,3,0,TMLedgerData,"ledgerHash: ""7\271[~\n\237\274|\347\352@K\253~&\260\032\024\004B\200\255h\351\013\361\031:nG\211\005""; ledgerSeq: 17; type: liBASE; nodes {;   nodedata: ""\000\000\000\021\001cEx]\211\377\330\244c\024\213\t\007`\223\325#\3477\210\345P\306\013\320\252[\0216+\227=`\371P\314\346 V\000\000\000\000\000\000\000\000\000\000\000\000\000\000\000\000\000\000\000\000\000\000\000\000\000\000\000\000\000\000\000\000\031\234b\317\317`\233\010\322G\204,\320\251h0d\257S\313\225\031\233\264\307\265\252\323\020eag/\351\252\346/\351\252\347\n\000""; }; nodes {;   nodedata: ""\323C\344\327\264{\312-\017:\006{\177\344N\002\326bO\260\220\006\033\362\345\005U\221DzJ0\001\301\025%1L\307\t\261\262z\374\222T\301\274V\236\223\262\270Ct\362\337b\356\024*\324\320\351\317\002k\336\234\027v\351\217\260\303\360\233ZPZWr\246$w\313\313\r\243r\232\2234\373\3539:N\004Q\245\272D\312D\300\300\t\323\0257\345e\271\na\215{\226\255x%T\257\037\333\004\344_/R\006E\344\037@\210\363\010\336T\226\247'\204_{\261\370""1\235\2445\343\033Y!\212\201\341\272\225'\007\004\032\231\005P_X-c/e\362\021Y\220^\025\236\343l\240\215\254\367\\251eF\035\001D\003\013\003""; }; ","ledgerHash: ""7\271[~\n\237\274|\347\352@K\253~&\260\032\024\004B\200\255h\351\013\361\031:nG\211\005""; ledgerSeq: 17; type: liBASE; nodes {;   nodedata: ""\000\000\000\021\001cEx]\211\377\330\244c\024\213\t\007`\223\325#\3477\210\345P\306\013\320\252[\0216+\227=`\371P\314\346 V\000\000\000\000\000\000\000\000\000\000\000\000\000\000\000\000\000\000\000\000\000\000\000\000\000\000\000\000\000\000\000\000\031\234b\317\317`\233\010\322G\204,\320\251h0d\257S\313\225\031\233\264\307\265\252\323\020eag/\351\252\346/\351\252\347\n\000""; }; nodes {;   nodedata: ""\323C\344\327\264{\312-\017:\006{\177\344N\002\326bO\260\220\006\033\362\345\005U\221DzJ0\001\301\025%1L\307\t\261\262z\374\222T\301\274V\236\223\262\270Ct\362\337b\356\024*\324\320\351\317\002k\336\234\027v\351\217\260\303\360\233ZPZWr\246$w\313\313\r\243r\232\2234\373\3539:N\004Q\245\272D\312D\300\300\t\323\0257\345e\271\na\215{\226\255x%T\257\037\333\004\344_/R\006E\344\037@\210\363\010\336T\226\247'\204_{\261\370""1\235\2445\343\033Y!\212\201\341\272\225'\007\004\032\231\005P_X-c/e\362\021Y\220^\025\236\343l\240\215\254\367\\251eF\035\001D\003\013\003""; }; "
1750527591474,1750527591474,0,1,1,0,TMValidation,"validation: """"\200\000\000\001&\000\000\000\021)/\351\252\347:p\210\265\307-\212\200\004Q7\271[~\n\237\274|\347\352@K\253~&\260\032\024\004B\200\255h\351\013\361\031:nG\211\005P\027\000\000\000\000\000\000\000\000\000\000\000\000\000\000\000\000\000\000\000\000\000\000\000\000\000\000\000\000\000\000\000\000P\031\244c\024\213\t\007`\223\325#\3477\210\345P\306\013\320\252[\0216+\227=`\371P\314\346 Vs!\002\364d\217\366\217|\316F\232\231\241\n\261\333`\312O\367\235\025DD\336e\367\n\312\326\221\037\025\230vF0D\002 ;cz&\364\257\205\361\346\307=\0252\3654\025\022\037\177\257\2375\273+CCs\355\270\252\232\352\002 \030\255\277\212\322\361|Z\250F\234\342\002\277\357\243\220\232\232\313\205\253G\241\252Y\231?Z\321t\027""; ","validation: """"\200\000\000\001&\000\000\000\021)/\351\252\347:p\210\265\307-\212\200\004Q7\271[~\n\237\274|\347\352@K\253~&\260\032\024\004B\200\255h\351\013\361\031:nG\211\005P\027\000\000\000\000\000\000\000\000\000\000\000\000\000\000\000\000\000\000\000\000\000\000\000\000\000\000\000\000\000\000\000\000P\031\244c\024\213\t\007`\223\325#\3477\210\345P\306\013\320\252[\0216+\227=`\371P\314\346 Vs!\002\364d\217\366\217|\316F\232\231\241\n\261\333`\312O\367\235\025DD\336e\367\n\312\326\221\037\025\230vF0D\002 ;cz&\364\257\205\361\346\307=\0252\3654\025\022\037\177\257\2375\273+CCs\355\270\252\232\352\002 \030\255\277\212\322\361|Z\250F\234\342\002\277\357\243\220\232\232\313\205\253G\241\252Y\231?Z\321t\027""; "
1750527591474,1750527591474,0,1,1,0,TMGetLedger,"itype: liBASE; ledgerHash: ""7\271[~\n\237\274|\347\352@K\253~&\260\032\024\004B\200\255h\351\013\361\031:nG\211\005""; ledgerSeq: 17; queryType: qtINDIRECT; ","itype: liBASE; ledgerHash: ""7\271[~\n\237\274|\347\352@K\253~&\260\032\024\004B\200\255h\351\013\361\031:nG\211\005""; ledgerSeq: 17; queryType: qtINDIRECT; "
1750527591475,1750527591475,0,1,2,3,TMGetLedger,"itype: liBASE; ledgerHash: ""7\271[~\n\237\274|\347\352@K\253~&\260\032\024\004B\200\255h\351\013\361\031:nG\211\005""; ledgerSeq: 17; requestCookie: 2; queryType: qtINDIRECT; ","itype: liBASE; ledgerHash: ""7\271[~\n\237\274|\347\352@K\253~&\260\032\024\004B\200\255h\351\013\361\031:nG\211\005""; ledgerSeq: 17; requestCookie: 2; queryType: qtINDIRECT; "
1750527591475,1750527591475,0,1,3,0,TMLedgerData,"ledgerHash: ""7\271[~\n\237\274|\347\352@K\253~&\260\032\024\004B\200\255h\351\013\361\031:nG\211\005""; ledgerSeq: 17; type: liBASE; nodes {;   nodedata: ""\000\000\000\021\001cEx]\211\377\330\244c\024\213\t\007`\223\325#\3477\210\345P\306\013\320\252[\0216+\227=`\371P\314\346 V\000\000\000\000\000\000\000\000\000\000\000\000\000\000\000\000\000\000\000\000\000\000\000\000\000\000\000\000\000\000\000\000\031\234b\317\317`\233\010\322G\204,\320\251h0d\257S\313\225\031\233\264\307\265\252\323\020eag/\351\252\346/\351\252\347\n\000""; }; nodes {;   nodedata: ""\323C\344\327\264{\312-\017:\006{\177\344N\002\326bO\260\220\006\033\362\345\005U\221DzJ0\001\301\025%1L\307\t\261\262z\374\222T\301\274V\236\223\262\270Ct\362\337b\356\024*\324\320\351\317\002k\336\234\027v\351\217\260\303\360\233ZPZWr\246$w\313\313\r\243r\232\2234\373\3539:N\004Q\245\272D\312D\300\300\t\323\0257\345e\271\na\215{\226\255x%T\257\037\333\004\344_/R\006E\344\037@\210\363\010\336T\226\247'\204_{\261\370""1\235\2445\343\033Y!\212\201\341\272\225'\007\004\032\231\005P_X-c/e\362\021Y\220^\025\236\343l\240\215\254\367\\251eF\035\001D\003\013\003""; }; ","ledgerHash: ""7\271[~\n\237\274|\347\352@K\253~&\260\032\024\004B\200\255h\351\013\361\031:nG\211\005""; ledgerSeq: 17; type: liBASE; nodes {;   nodedata: ""\000\000\000\021\001cEx]\211\377\330\244c\024\213\t\007`\223\325#\3477\210\345P\306\013\320\252[\0216+\227=`\371P\314\346 V\000\000\000\000\000\000\000\000\000\000\000\000\000\000\000\000\000\000\000\000\000\000\000\000\000\000\000\000\000\000\000\000\031\234b\317\317`\233\010\322G\204,\320\251h0d\257S\313\225\031\233\264\307\265\252\323\020eag/\351\252\346/\351\252\347\n\000""; }; nodes {;   nodedata: ""\323C\344\327\264{\312-\017:\006{\177\344N\002\326bO\260\220\006\033\362\345\005U\221DzJ0\001\301\025%1L\307\t\261\262z\374\222T\301\274V\236\223\262\270Ct\362\337b\356\024*\324\320\351\317\002k\336\234\027v\351\217\260\303\360\233ZPZWr\246$w\313\313\r\243r\232\2234\373\3539:N\004Q\245\272D\312D\300\300\t\323\0257\345e\271\na\215{\226\255x%T\257\037\333\004\344_/R\006E\344\037@\210\363\010\336T\226\247'\204_{\261\370""1\235\2445\343\033Y!\212\201\341\272\225'\007\004\032\231\005P_X-c/e\362\021Y\220^\025\236\343l\240\215\254\367\\251eF\035\001D\003\013\003""; }; "
1750527591476,1750527591476,0,1,4,3,TMGetLedger,"itype: liBASE; ledgerHash: ""7\271[~\n\237\274|\347\352@K\253~&\260\032\024\004B\200\255h\351\013\361\031:nG\211\005""; ledgerSeq: 17; requestCookie: 1; queryType: qtINDIRECT; ","itype: liBASE; ledgerHash: ""7\271[~\n\237\274|\347\352@K\253~&\260\032\024\004B\200\255h\351\013\361\031:nG\211\005""; ledgerSeq: 17; requestCookie: 1; queryType: qtINDIRECT; "
1750527591476,1750527591476,0,1,2,3,TMGetLedger,"itype: liAS_NODE; ledgerHash: ""7\271[~\n\237\274|\347\352@K\253~&\260\032\024\004B\200\255h\351\013\361\031:nG\211\005""; ledgerSeq: 17; nodeIDs: ""\260\000\000\000\000\000\000\000\000\000\000\000\000\000\000\000\000\000\000\000\000\000\000\000\000\000\000\000\000\000\000\000\001""; queryType: qtINDIRECT; queryDepth: 1; ","itype: liAS_NODE; ledgerHash: ""7\271[~\n\237\274|\347\352@K\253~&\260\032\024\004B\200\255h\351\013\361\031:nG\211\005""; ledgerSeq: 17; nodeIDs: ""\260\000\000\000\000\000\000\000\000\000\000\000\000\000\000\000\000\000\000\000\000\000\000\000\000\000\000\000\000\000\000\000\001""; queryType: qtINDIRECT; queryDepth: 1; "
1750527591477,1750527591477,0,1,4,3,TMGetLedger,"itype: liBASE; ledgerHash: ""7\271[~\n\237\274|\347\352@K\253~&\260\032\024\004B\200\255h\351\013\361\031:nG\211\005""; ledgerSeq: 17; requestCookie: 2; queryType: qtINDIRECT; ","itype: liBASE; ledgerHash: ""7\271[~\n\237\274|\347\352@K\253~&\260\032\024\004B\200\255h\351\013\361\031:nG\211\005""; ledgerSeq: 17; requestCookie: 2; queryType: qtINDIRECT; "
1750527591477,1750527591477,0,1,4,3,TMGetLedger,"itype: liAS_NODE; ledgerHash: ""7\271[~\n\237\274|\347\352@K\253~&\260\032\024\004B\200\255h\351\013\361\031:nG\211\005""; ledgerSeq: 17; nodeIDs: ""\260\000\000\000\000\000\000\000\000\000\000\000\000\000\000\000\000\000\000\000\000\000\000\000\000\000\000\000\000\000\000\000\001""; queryType: qtINDIRECT; queryDepth: 1; ","itype: liAS_NODE; ledgerHash: ""7\271[~\n\237\274|\347\352@K\253~&\260\032\024\004B\200\255h\351\013\361\031:nG\211\005""; ledgerSeq: 17; nodeIDs: ""\260\000\000\000\000\000\000\000\000\000\000\000\000\000\000\000\000\000\000\000\000\000\000\000\000\000\000\000\000\000\000\000\001""; queryType: qtINDIRECT; queryDepth: 1; "
1750527591478,1750527591478,0,1,2,3,TMGetLedger,"itype: liBASE; ledgerHash: ""7\271[~\n\237\274|\347\352@K\253~&\260\032\024\004B\200\255h\351\013\361\031:nG\211\005""; ledgerSeq: 17; requestCookie: 3; queryType: qtINDIRECT; ","itype: liBASE; ledgerHash: ""7\271[~\n\237\274|\347\352@K\253~&\260\032\024\004B\200\255h\351\013\361\031:nG\211\005""; ledgerSeq: 17; requestCookie: 3; queryType: qtINDIRECT; "
1750527591478,1750527591478,0,1,3,4,TMLedgerData,"ledgerHash: ""7\271[~\n\237\274|\347\352@K\253~&\260\032\024\004B\200\255h\351\013\361\031:nG\211\005""; ledgerSeq: 17; type: liBASE; nodes {;   nodedata: ""\000\000\000\021\001cEx]\211\377\330\244c\024\213\t\007`\223\325#\3477\210\345P\306\013\320\252[\0216+\227=`\371P\314\346 V\000\000\000\000\000\000\000\000\000\000\000\000\000\000\000\000\000\000\000\000\000\000\000\000\000\000\000\000\000\000\000\000\031\234b\317\317`\233\010\322G\204,\320\251h0d\257S\313\225\031\233\264\307\265\252\323\020eag/\351\252\346/\351\252\347\n\000""; }; nodes {;   nodedata: ""\323C\344\327\264{\312-\017:\006{\177\344N\002\326bO\260\220\006\033\362\345\005U\221DzJ0\001\301\025%1L\307\t\261\262z\374\222T\301\274V\236\223\262\270Ct\362\337b\356\024*\324\320\351\317\002k\336\234\027v\351\217\260\303\360\233ZPZWr\246$w\313\313\r\243r\232\2234\373\3539:N\004Q\245\272D\312D\300\300\t\323\0257\345e\271\na\215{\226\255x%T\257\037\333\004\344_/R\006E\344\037@\210\363\010\336T\226\247'\204_{\261\370""1\235\2445\343\033Y!\212\201\341\272\225'\007\004\032\231\005P_X-c/e\362\021Y\220^\025\236\343l\240\215\254\367\\251eF\035\001D\003\013\003""; }; requestCookie: 3; ","ledgerHash: ""7\271[~\n\237\274|\347\352@K\253~&\260\032\024\004B\200\255h\351\013\361\031:nG\211\005""; ledgerSeq: 17; type: liBASE; nodes {;   nodedata: ""\000\000\000\021\001cEx]\211\377\330\244c\024\213\t\007`\223\325#\3477\210\345P\306\013\320\252[\0216+\227=`\371P\314\346 V\000\000\000\000\000\000\000\000\000\000\000\000\000\000\000\000\000\000\000\000\000\000\000\000\000\000\000\000\000\000\000\000\031\234b\317\317`\233\010\322G\204,\320\251h0d\257S\313\225\031\233\264\307\265\252\323\020eag/\351\252\346/\351\252\347\n\000""; }; nodes {;   nodedata: ""\323C\344\327\264{\312-\017:\006{\177\344N\002\326bO\260\220\006\033\362\345\005U\221DzJ0\001\301\025%1L\307\t\261\262z\374\222T\301\274V\236\223\262\270Ct\362\337b\356\024*\324\320\351\317\002k\336\234\027v\351\217\260\303\360\233ZPZWr\246$w\313\313\r\243r\232\2234\373\3539:N\004Q\245\272D\312D\300\300\t\323\0257\345e\271\na\215{\226\255x%T\257\037\333\004\344_/R\006E\344\037@\210\363\010\336T\226\247'\204_{\261\370""1\235\2445\343\033Y!\212\201\341\272\225'\007\004\032\231\005P_X-c/e\362\021Y\220^\025\236\343l\240\215\254\367\\251eF\035\001D\003\013\003""; }; requestCookie: 3; "
1750527591479,1750527591479,0,1,3,2,TMLedgerData,"ledgerHash: ""7\271[~\n\237\274|\347\352@K\253~&\260\032\024\004B\200\255h\351\013\361\031:nG\211\005""; ledgerSeq: 17; type: liBASE; nodes {;   nodedata: ""\000\000\000\021\001cEx]\211\377\330\244c\024\213\t\007`\223\325#\3477\210\345P\306\013\320\252[\0216+\227=`\371P\314\346 V\000\000\000\000\000\000\000\000\000\000\000\000\000\000\000\000\000\000\000\000\000\000\000\000\000\000\000\000\000\000\000\000\031\234b\317\317`\233\010\322G\204,\320\251h0d\257S\313\225\031\233\264\307\265\252\323\020eag/\351\252\346/\351\252\347\n\000""; }; nodes {;   nodedata: ""\323C\344\327\264{\312-\017:\006{\177\344N\002\326bO\260\220\006\033\362\345\005U\221DzJ0\001\301\025%1L\307\t\261\262z\374\222T\301\274V\236\223\262\270Ct\362\337b\356\024*\324\320\351\317\002k\336\234\027v\351\217\260\303\360\233ZPZWr\246$w\313\313\r\243r\232\2234\373\3539:N\004Q\245\272D\312D\300\300\t\323\0257\345e\271\na\215{\226\255x%T\257\037\333\004\344_/R\006E\344\037@\210\363\010\336T\226\247'\204_{\261\370""1\235\2445\343\033Y!\212\201\341\272\225'\007\004\032\231\005P_X-c/e\362\021Y\220^\025\236\343l\240\215\254\367\\251eF\035\001D\003\013\003""; }; requestCookie: 5; ","ledgerHash: ""7\271[~\n\237\274|\347\352@K\253~&\260\032\024\004B\200\255h\351\013\361\031:nG\211\005""; ledgerSeq: 17; type: liBASE; nodes {;   nodedata: ""\000\000\000\021\001cEx]\211\377\330\244c\024\213\t\007`\223\325#\3477\210\345P\306\013\320\252[\0216+\227=`\371P\314\346 V\000\000\000\000\000\000\000\000\000\000\000\000\000\000\000\000\000\000\000\000\000\000\000\000\000\000\000\000\000\000\000\000\031\234b\317\317`\233\010\322G\204,\320\251h0d\257S\313\225\031\233\264\307\265\252\323\020eag/\351\252\346/\351\252\347\n\000""; }; nodes {;   nodedata: ""\323C\344\327\264{\312-\017:\006{\177\344N\002\326bO\260\220\006\033\362\345\005U\221DzJ0\001\301\025%1L\307\t\261\262z\374\222T\301\274V\236\223\262\270Ct\362\337b\356\024*\324\320\351\317\002k\336\234\027v\351\217\260\303\360\233ZPZWr\246$w\313\313\r\243r\232\2234\373\3539:N\004Q\245\272D\312D\300\300\t\323\0257\345e\271\na\215{\226\255x%T\257\037\333\004\344_/R\006E\344\037@\210\363\010\336T\226\247'\204_{\261\370""1\235\2445\343\033Y!\212\201\341\272\225'\007\004\032\231\005P_X-c/e\362\021Y\220^\025\236\343l\240\215\254\367\\251eF\035\001D\003\013\003""; }; requestCookie: 5; "
1750527591479,1750527591479,0,1,3,0,TMLedgerData,"ledgerHash: ""7\271[~\n\237\274|\347\352@K\253~&\260\032\024\004B\200\255h\351\013\361\031:nG\211\005""; ledgerSeq: 17; type: liBASE; nodes {;   nodedata: ""\000\000\000\021\001cEx]\211\377\330\244c\024\213\t\007`\223\325#\3477\210\345P\306\013\320\252[\0216+\227=`\371P\314\346 V\000\000\000\000\000\000\000\000\000\000\000\000\000\000\000\000\000\000\000\000\000\000\000\000\000\000\000\000\000\000\000\000\031\234b\317\317`\233\010\322G\204,\320\251h0d\257S\313\225\031\233\264\307\265\252\323\020eag/\351\252\346/\351\252\347\n\000""; }; nodes {;   nodedata: ""\323C\344\327\264{\312-\017:\006{\177\344N\002\326bO\260\220\006\033\362\345\005U\221DzJ0\001\301\025%1L\307\t\261\262z\374\222T\301\274V\236\223\262\270Ct\362\337b\356\024*\324\320\351\317\002k\336\234\027v\351\217\260\303\360\233ZPZWr\246$w\313\313\r\243r\232\2234\373\3539:N\004Q\245\272D\312D\300\300\t\323\0257\345e\271\na\215{\226\255x%T\257\037\333\004\344_/R\006E\344\037@\210\363\010\336T\226\247'\204_{\261\370""1\235\2445\343\033Y!\212\201\341\272\225'\007\004\032\231\005P_X-c/e\362\021Y\220^\025\236\343l\240\215\254\367\\251eF\035\001D\003\013\003""; }; requestCookie: 3; ","ledgerHash: ""7\271[~\n\237\274|\347\352@K\253~&\260\032\024\004B\200\255h\351\013\361\031:nG\211\005""; ledgerSeq: 17; type: liBASE; nodes {;   nodedata: ""\000\000\000\021\001cEx]\211\377\330\244c\024\213\t\007`\223\325#\3477\210\345P\306\013\320\252[\0216+\227=`\371P\314\346 V\000\000\000\000\000\000\000\000\000\000\000\000\000\000\000\000\000\000\000\000\000\000\000\000\000\000\000\000\000\000\000\000\031\234b\317\317`\233\010\322G\204,\320\251h0d\257S\313\225\031\233\264\307\265\252\323\020eag/\351\252\346/\351\252\347\n\000""; }; nodes {;   nodedata: ""\323C\344\327\264{\312-\017:\006{\177\344N\002\326bO\260\220\006\033\362\345\005U\221DzJ0\001\301\025%1L\307\t\261\262z\374\222T\301\274V\236\223\262\270Ct\362\337b\356\024*\324\320\351\317\002k\336\234\027v\351\217\260\303\360\233ZPZWr\246$w\313\313\r\243r\232\2234\373\3539:N\004Q\245\272D\312D\300\300\t\323\0257\345e\271\na\215{\226\255x%T\257\037\333\004\344_/R\006E\344\037@\210\363\010\336T\226\247'\204_{\261\370""1\235\2445\343\033Y!\212\201\341\272\225'\007\004\032\231\005P_X-c/e\362\021Y\220^\025\236\343l\240\215\254\367\\251eF\035\001D\003\013\003""; }; requestCookie: 3; "
1750527591480,1750527591481,0,1,3,0,TMLedgerData,"ledgerHash: ""7\271[~\n\237\274|\347\352@K\253~&\260\032\024\004B\200\255h\351\013\361\031:nG\211\005""; ledgerSeq: 17; type: liBASE; nodes {;   nodedata: ""\000\000\000\021\001cEx]\211\377\330\244c\024\213\t\007`\223\325#\3477\210\345P\306\013\320\252[\0216+\227=`\371P\314\346 V\000\000\000\000\000\000\000\000\000\000\000\000\000\000\000\000\000\000\000\000\000\000\000\000\000\000\000\000\000\000\000\000\031\234b\317\317`\233\010\322G\204,\320\251h0d\257S\313\225\031\233\264\307\265\252\323\020eag/\351\252\346/\351\252\347\n\000""; }; nodes {;   nodedata: ""\323C\344\327\264{\312-\017:\006{\177\344N\002\326bO\260\220\006\033\362\345\005U\221DzJ0\001\301\025%1L\307\t\261\262z\374\222T\301\274V\236\223\262\270Ct\362\337b\356\024*\324\320\351\317\002k\336\234\027v\351\217\260\303\360\233ZPZWr\246$w\313\313\r\243r\232\2234\373\3539:N\004Q\245\272D\312D\300\300\t\323\0257\345e\271\na\215{\226\255x%T\257\037\333\004\344_/R\006E\344\037@\210\363\010\336T\226\247'\204_{\261\370""1\235\2445\343\033Y!\212\201\341\272\225'\007\004\032\231\005P_X-c/e\362\021Y\220^\025\236\343l\240\215\254\367\\251eF\035\001D\003\013\003""; }; requestCookie: 5; ","ledgerHash: ""7\271[~\n\237\274|\347\352@K\253~&\260\032\024\004B\200\255h\351\013\361\031:nG\211\005""; ledgerSeq: 17; type: liBASE; nodes {;   nodedata: ""\000\000\000\021\001cEx]\211\377\330\244c\024\213\t\007`\223\325#\3477\210\345P\306\013\320\252[\0216+\227=`\371P\314\346 V\000\000\000\000\000\000\000\000\000\000\000\000\000\000\000\000\000\000\000\000\000\000\000\000\000\000\000\000\000\000\000\000\031\234b\317\317`\233\010\322G\204,\320\251h0d\257S\313\225\031\233\264\307\265\252\323\020eag/\351\252\346/\351\252\347\n\000""; }; nodes {;   nodedata: ""\323C\344\327\264{\312-\017:\006{\177\344N\002\326bO\260\220\006\033\362\345\005U\221DzJ0\001\301\025%1L\307\t\261\262z\374\222T\301\274V\236\223\262\270Ct\362\337b\356\024*\324\320\351\317\002k\336\234\027v\351\217\260\303\360\233ZPZWr\246$w\313\313\r\243r\232\2234\373\3539:N\004Q\245\272D\312D\300\300\t\323\0257\345e\271\na\215{\226\255x%T\257\037\333\004\344_/R\006E\344\037@\210\363\010\336T\226\247'\204_{\261\370""1\235\2445\343\033Y!\212\201\341\272\225'\007\004\032\231\005P_X-c/e\362\021Y\220^\025\236\343l\240\215\254\367\\251eF\035\001D\003\013\003""; }; requestCookie: 5; "
1750527591481,1750527591481,0,1,1,3,TMGetLedger,"itype: liBASE; ledgerHash: ""7\271[~\n\237\274|\347\352@K\253~&\260\032\024\004B\200\255h\351\013\361\031:nG\211\005""; ledgerSeq: 17; queryType: qtINDIRECT; ","itype: liBASE; ledgerHash: ""7\271[~\n\237\274|\347\352@K\253~&\260\032\024\004B\200\255h\351\013\361\031:nG\211\005""; ledgerSeq: 17; queryType: qtINDIRECT; "
1750527591481,1750527591481,0,1,1,3,TMGetLedger,"itype: liBASE; ledgerHash: ""7\271[~\n\237\274|\347\352@K\253~&\260\032\024\004B\200\255h\351\013\361\031:nG\211\005""; ledgerSeq: 17; requestCookie: 3; queryType: qtINDIRECT; ","itype: liBASE; ledgerHash: ""7\271[~\n\237\274|\347\352@K\253~&\260\032\024\004B\200\255h\351\013\361\031:nG\211\005""; ledgerSeq: 17; requestCookie: 3; queryType: qtINDIRECT; "
1750527591482,1750527591482,0,1,1,3,TMGetLedger,"itype: liBASE; ledgerHash: ""7\271[~\n\237\274|\347\352@K\253~&\260\032\024\004B\200\255h\351\013\361\031:nG\211\005""; ledgerSeq: 17; requestCookie: 2; queryType: qtINDIRECT; ","itype: liBASE; ledgerHash: ""7\271[~\n\237\274|\347\352@K\253~&\260\032\024\004B\200\255h\351\013\361\031:nG\211\005""; ledgerSeq: 17; requestCookie: 2; queryType: qtINDIRECT; "
1750527591482,1750527591482,0,1,1,3,TMGetLedger,"itype: liBASE; ledgerHash: ""7\271[~\n\237\274|\347\352@K\253~&\260\032\024\004B\200\255h\351\013\361\031:nG\211\005""; requestCookie: 5; queryType: qtINDIRECT; ","itype: liBASE; ledgerHash: ""7\271[~\n\237\274|\347\352@K\253~&\260\032\024\004B\200\255h\351\013\361\031:nG\211\005""; requestCookie: 5; queryType: qtINDIRECT; "
1750527591483,1750527591483,0,1,0,3,TMGetLedger,"itype: liAS_NODE; ledgerHash: ""7\271[~\n\237\274|\347\352@K\253~&\260\032\024\004B\200\255h\351\013\361\031:nG\211\005""; ledgerSeq: 17; nodeIDs: ""\260\000\000\000\000\000\000\000\000\000\000\000\000\000\000\000\000\000\000\000\000\000\000\000\000\000\000\000\000\000\000\000\001""; queryType: qtINDIRECT; queryDepth: 1; ","itype: liAS_NODE; ledgerHash: ""7\271[~\n\237\274|\347\352@K\253~&\260\032\024\004B\200\255h\351\013\361\031:nG\211\005""; ledgerSeq: 17; nodeIDs: ""\260\000\000\000\000\000\000\000\000\000\000\000\000\000\000\000\000\000\000\000\000\000\000\000\000\000\000\000\000\000\000\000\001""; queryType: qtINDIRECT; queryDepth: 1; "
1750527591483,1750527591483,0,1,3,2,TMLedgerData,"ledgerHash: ""7\271[~\n\237\274|\347\352@K\253~&\260\032\024\004B\200\255h\351\013\361\031:nG\211\005""; ledgerSeq: 17; type: liBASE; nodes {;   nodedata: ""\000\000\000\021\001cEx]\211\377\330\244c\024\213\t\007`\223\325#\3477\210\345P\306\013\320\252[\0216+\227=`\371P\314\346 V\000\000\000\000\000\000\000\000\000\000\000\000\000\000\000\000\000\000\000\000\000\000\000\000\000\000\000\000\000\000\000\000\031\234b\317\317`\233\010\322G\204,\320\251h0d\257S\313\225\031\233\264\307\265\252\323\020eag/\351\252\346/\351\252\347\n\000""; }; nodes {;   nodedata: ""\323C\344\327\264{\312-\017:\006{\177\344N\002\326bO\260\220\006\033\362\345\005U\221DzJ0\001\301\025%1L\307\t\261\262z\374\222T\301\274V\236\223\262\270Ct\362\337b\356\024*\324\320\351\317\002k\336\234\027v\351\217\260\303\360\233ZPZWr\246$w\313\313\r\243r\232\2234\373\3539:N\004Q\245\272D\312D\300\300\t\323\0257\345e\271\na\215{\226\255x%T\257\037\333\004\344_/R\006E\344\037@\210\363\010\336T\226\247'\204_{\261\370""1\235\2445\343\033Y!\212\201\341\272\225'\007\004\032\231\005P_X-c/e\362\021Y\220^\025\236\343l\240\215\254\367\\251eF\035\001D\003\013\003""; }; requestCookie: 2; ","ledgerHash: ""7\271[~\n\237\274|\347\352@K\253~&\260\032\024\004B\200\255h\351\013\361\031:nG\211\005""; ledgerSeq: 17; type: liBASE; nodes {;   nodedata: ""\000\000\000\021\001cEx]\211\377\330\244c\024\213\t\007`\223\325#\3477\210\345P\306\013\320\252[\0216+\227=`\371P\314\346 V\000\000\000\000\000\000\000\000\000\000\000\000\000\000\000\000\000\000\000\000\000\000\000\000\000\000\000\000\000\000\000\000\031\234b\317\317`\233\010\322G\204,\320\251h0d\257S\313\225\031\233\264\307\265\252\323\020eag/\351\252\346/\351\252\347\n\000""; }; nodes {;   nodedata: ""\323C\344\327\264{\312-\017:\006{\177\344N\002\326bO\260\220\006\033\362\345\005U\221DzJ0\001\301\025%1L\307\t\261\262z\374\222T\301\274V\236\223\262\270Ct\362\337b\356\024*\324\320\351\317\002k\336\234\027v\351\217\260\303\360\233ZPZWr\246$w\313\313\r\243r\232\2234\373\3539:N\004Q\245\272D\312D\300\300\t\323\0257\345e\271\na\215{\226\255x%T\257\037\333\004\344_/R\006E\344\037@\210\363\010\336T\226\247'\204_{\261\370""1\235\2445\343\033Y!\212\201\341\272\225'\007\004\032\231\005P_X-c/e\362\021Y\220^\025\236\343l\240\215\254\367\\251eF\035\001D\003\013\003""; }; requestCookie: 2; "
1750527591484,1750527591484,0,1,0,3,TMGetLedger,"itype: liBASE; ledgerHash: ""7\271[~\n\237\274|\347\352@K\253~&\260\032\024\004B\200\255h\351\013\361\031:nG\211\005""; ledgerSeq: 17; requestCookie: 2; queryType: qtINDIRECT; ","itype: liBASE; ledgerHash: ""7\271[~\n\237\274|\347\352@K\253~&\260\032\024\004B\200\255h\351\013\361\031:nG\211\005""; ledgerSeq: 17; requestCookie: 2; queryType: qtINDIRECT; "
1750527591484,1750527591484,0,1,3,4,TMLedgerData,"ledgerHash: ""7\271[~\n\237\274|\347\352@K\253~&\260\032\024\004B\200\255h\351\013\361\031:nG\211\005""; ledgerSeq: 17; type: liBASE; nodes {;   nodedata: ""\000\000\000\021\001cEx]\211\377\330\244c\024\213\t\007`\223\325#\3477\210\345P\306\013\320\252[\0216+\227=`\371P\314\346 V\000\000\000\000\000\000\000\000\000\000\000\000\000\000\000\000\000\000\000\000\000\000\000\000\000\000\000\000\000\000\000\000\031\234b\317\317`\233\010\322G\204,\320\251h0d\257S\313\225\031\233\264\307\265\252\323\020eag/\351\252\346/\351\252\347\n\000""; }; nodes {;   nodedata: ""\323C\344\327\264{\312-\017:\006{\177\344N\002\326bO\260\220\006\033\362\345\005U\221DzJ0\001\301\025%1L\307\t\261\262z\374\222T\301\274V\236\223\262\270Ct\362\337b\356\024*\324\320\351\317\002k\336\234\027v\351\217\260\303\360\233ZPZWr\246$w\313\313\r\243r\232\2234\373\3539:N\004Q\245\272D\312D\300\300\t\323\0257\345e\271\na\215{\226\255x%T\257\037\333\004\344_/R\006E\344\037@\210\363\010\336T\226\247'\204_{\261\370""1\235\2445\343\033Y!\212\201\341\272\225'\007\004\032\231\005P_X-c/e\362\021Y\220^\025\236\343l\240\215\254\367\\251eF\035\001D\003\013\003""; }; requestCookie: 1; ","ledgerHash: ""7\271[~\n\237\274|\347\352@K\253~&\260\032\024\004B\200\255h\351\013\361\031:nG\211\005""; ledgerSeq: 17; type: liBASE; nodes {;   nodedata: ""\000\000\000\021\001cEx]\211\377\330\244c\024\213\t\007`\223\325#\3477\210\345P\306\013\320\252[\0216+\227=`\371P\314\346 V\000\000\000\000\000\000\000\000\000\000\000\000\000\000\000\000\000\000\000\000\000\000\000\000\000\000\000\000\000\000\000\000\031\234b\317\317`\233\010\322G\204,\320\251h0d\257S\313\225\031\233\264\307\265\252\323\020eag/\351\252\346/\351\252\347\n\000""; }; nodes {;   nodedata: ""\323C\344\327\264{\312-\017:\006{\177\344N\002\326bO\260\220\006\033\362\345\005U\221DzJ0\001\301\025%1L\307\t\261\262z\374\222T\301\274V\236\223\262\270Ct\362\337b\356\024*\324\320\351\317\002k\336\234\027v\351\217\260\303\360\233ZPZWr\246$w\313\313\r\243r\232\2234\373\3539:N\004Q\245\272D\312D\300\300\t\323\0257\345e\271\na\215{\226\255x%T\257\037\333\004\344_/R\006E\344\037@\210\363\010\336T\226\247'\204_{\261\370""1\235\2445\343\033Y!\212\201\341\272\225'\007\004\032\231\005P_X-c/e\362\021Y\220^\025\236\343l\240\215\254\367\\251eF\035\001D\003\013\003""; }; requestCookie: 1; "
1750527591485,1750527591485,0,1,3,2,TMLedgerData,"ledgerHash: ""7\271[~\n\237\274|\347\352@K\253~&\260\032\024\004B\200\255h\351\013\361\031:nG\211\005""; ledgerSeq: 17; type: liAS_NODE; nodes {;   nodedata: ""\021\000h""\000\000\000\000 \033\000\000\000\020\002\023\302_\330\356GuH\375\327!\255\371\r\231\262R\256J\034\222\241\355X\265E\241^W\225\304\014\361CX-}\351f\032\255\274\334m\326c\017\014ao[\342\230\003\245\245\3341Hm\326^\017jy\335\261\032Yt\320\244{g\0306\\302\303*\341\215\223\257\364\277o\375\000r\241SOq\221\253\262\005\017\375T\356\014\360o'\030\311-\267\031\257!\031T\006><\315XM\334\324\345\034\000\325\367\240\271\013\265\024\321\362\354\211\250.\234s\225amc\305\035\366\276\037nD\277`\210\223N\3535\033\261\304f\331]\036\237\306o!\223\221\002\324\031\262\240R\177 ,\214\325\Q])\016\2067\277\t\354\010\000\360\215\2502\265\245\310\226\243c\302Ze\306\253#r\020\211\320iG\276\020E\317\035Sf\223F\254\033@\177e\277\016\010u\327\371&\262\312\317Q\2361t\377x\234\001v\003%\030\325_\225g\204\346a=\225\273\331\354\365*U\363\263N\367b\371\244\314-w\363\262\225Z\200\206\235\233\257?sE\2674\254\326mU\377?\177Ek\336\030!\316Aa\225\303\022\377{\210Y\226\271as\354L\035\004\341\361\035\301\024\220m#*\372\032\3178~\374\250\014*\323\342'z69\220\327\256\351G\367\317u\302\207\270b\315\333\333\334\310I\323&\014\352XZnW2.\335\347\202\021\247\362\212e\034\000\001\250\220\305;a\314\265R\310\017\317\331\235\360\262\240:\277\202\266\354\265X""\022\nh\252\352w\204\203\023]\001f\352\277\0031Q]\362\370R\350{\261\202\240\344\215\201\353\276\322p5p\350\354\017>\250r\241c\273\016\301\024\363\242\247\263\231\370\344\nBW\220K\316@3\243\200\036wk\253GSlU\010\360\231>\331\263H\214\324\030A\225\301o\346pkSF\004\241\213w9\223=\250\262*+\255\351r\265\244c\024\213\t\007`\223\325#\3477\210\345P\306\013\320\252[\0216+\227=`\371P\314\346 V\264\227\2326\315\307\363\323\325\303\032N\256*\307\327 \235\332\207u\210\271\257\306g\231i*\260\326k\001"";   nodeid: ""\260\000\000\000\000\000\000\000\000\000\000\000\000\000\000\000\000\000\000\000\000\000\000\000\000\000\000\000\000\000\000\000\001""; }; ","ledgerHash: ""7\271[~\n\237\274|\347\352@K\253~&\260\032\024\004B\200\255h\351\013\361\031:nG\211\005""; ledgerSeq: 17; type: liAS_NODE; nodes {;   nodedata: ""\021\000h""\000\000\000\000 \033\000\000\000\020\002\023\302_\330\356GuH\375\327!\255\371\r\231\262R\256J\034\222\241\355X\265E\241^W\225\304\014\361CX-}\351f\032\255\274\334m\326c\017\014ao[\342\230\003\245\245\3341Hm\326^\017jy\335\261\032Yt\320\244{g\0306\\302\303*\341\215\223\257\364\277o\375\000r\241SOq\221\253\262\005\017\375T\356\014\360o'\030\311-\267\031\257!\031T\006><\315XM\334\324\345\034\000\325\367\240\271\013\265\024\321\362\354\211\250.\234s\225amc\305\035\366\276\037nD\277`\210\223N\3535\033\261\304f\331]\036\237\306o!\223\221\002\324\031\262\240R\177 ,\214\325\Q])\016\2067\277\t\354\010\000\360\215\2502\265\245\310\226\243c\302Ze\306\253#r\020\211\320iG\276\020E\317\035Sf\223F\254\033@\177e\277\016\010u\327\371&\262\312\317Q\2361t\377x\234\001v\003%\030\325_\225g\204\346a=\225\273\331\354\365*U\363\263N\367b\371\244\314-w\363\262\225Z\200\206\235\233\257?sE\2674\254\326mU\377?\177Ek\336\030!\316Aa\225\303\022\377{\210Y\226\271as\354L\035\004\341\361\035\301\024\220m#*\372\032\3178~\374\250\014*\323\342'z69\220\327\256\351G\367\317u\302\207\270b\315\333\333\334\310I\323&\014\352XZnW2.\335\347\202\021\247\362\212e\034\000\001\250\220\305;a\314\265R\310\017\317\331\235\360\262\240:\277\202\266\354\265X""\022\nh\252\352w\204\203\023]\001f\352\277\0031Q]\362\370R\350{\261\202\240\344\215\201\353\276\322p5p\350\354\017>\250r\241c\273\016\301\024\363\242\247\263\231\370\344\nBW\220K\316@3\243\200\036wk\253GSlU\010\360\231>\331\263H\214\324\030A\225\301o\346pkSF\004\241\213w9\223=\250\262*+\255\351r\265\244c\024\213\t\007`\223\325#\3477\210\345P\306\013\320\252[\0216+\227=`\371P\314\346 V\264\227\2326\315\307\363\323\325\303\032N\256*\307\327 \235\332\207u\210\271\257\306g\231i*\260\326k\001"";   nodeid: ""\260\000\000\000\000\000\000\000\000\000\000\000\000\000\000\000\000\000\000\000\000\000\000\000\000\000\000\000\000\000\000\000\001""; }; "
1750527591486,1750527591486,0,1,3,4,TMLedgerData,"ledgerHash: ""7\271[~\n\237\274|\347\352@K\253~&\260\032\024\004B\200\255h\351\013\361\031:nG\211\005""; ledgerSeq: 17; type: liBASE; nodes {;   nodedata: ""\000\000\000\021\001cEx]\211\377\330\244c\024\213\t\007`\223\325#\3477\210\345P\306\013\320\252[\0216+\227=`\371P\314\346 V\000\000\000\000\000\000\000\000\000\000\000\000\000\000\000\000\000\000\000\000\000\000\000\000\000\000\000\000\000\000\000\000\031\234b\317\317`\233\010\322G\204,\320\251h0d\257S\313\225\031\233\264\307\265\252\323\020eag/\351\252\346/\351\252\347\n\000""; }; nodes {;   nodedata: ""\323C\344\327\264{\312-\017:\006{\177\344N\002\326bO\260\220\006\033\362\345\005U\221DzJ0\001\301\025%1L\307\t\261\262z\374\222T\301\274V\236\223\262\270Ct\362\337b\356\024*\324\320\351\317\002k\336\234\027v\351\217\260\303\360\233ZPZWr\246$w\313\313\r\243r\232\2234\373\3539:N\004Q\245\272D\312D\300\300\t\323\0257\345e\271\na\215{\226\255x%T\257\037\333\004\344_/R\006E\344\037@\210\363\010\336T\226\247'\204_{\261\370""1\235\2445\343\033Y!\212\201\341\272\225'\007\004\032\231\005P_X-c/e\362\021Y\220^\025\236\343l\240\215\254\367\\251eF\035\001D\003\013\003""; }; requestCookie: 2; ","ledgerHash: ""7\271[~\n\237\274|\347\352@K\253~&\260\032\024\004B\200\255h\351\013\361\031:nG\211\005""; ledgerSeq: 17; type: liBASE; nodes {;   nodedata: ""\000\000\000\021\001cEx]\211\377\330\244c\024\213\t\007`\223\325#\3477\210\345P\306\013\320\252[\0216+\227=`\371P\314\346 V\000\000\000\000\000\000\000\000\000\000\000\000\000\000\000\000\000\000\000\000\000\000\000\000\000\000\000\000\000\000\000\000\031\234b\317\317`\233\010\322G\204,\320\251h0d\257S\313\225\031\233\264\307\265\252\323\020eag/\351\252\346/\351\252\347\n\000""; }; nodes {;   nodedata: ""\323C\344\327\264{\312-\017:\006{\177\344N\002\326bO\260\220\006\033\362\345\005U\221DzJ0\001\301\025%1L\307\t\261\262z\374\222T\301\274V\236\223\262\270Ct\362\337b\356\024*\324\320\351\317\002k\336\234\027v\351\217\260\303\360\233ZPZWr\246$w\313\313\r\243r\232\2234\373\3539:N\004Q\245\272D\312D\300\300\t\323\0257\345e\271\na\215{\226\255x%T\257\037\333\004\344_/R\006E\344\037@\210\363\010\336T\226\247'\204_{\261\370""1\235\2445\343\033Y!\212\201\341\272\225'\007\004\032\231\005P_X-c/e\362\021Y\220^\025\236\343l\240\215\254\367\\251eF\035\001D\003\013\003""; }; requestCookie: 2; "
1750527591487,1750527591487,0,1,3,4,TMLedgerData,"ledgerHash: ""7\271[~\n\237\274|\347\352@K\253~&\260\032\024\004B\200\255h\351\013\361\031:nG\211\005""; ledgerSeq: 17; type: liAS_NODE; nodes {;   nodedata: ""\021\000h""\000\000\000\000 \033\000\000\000\020\002\023\302_\330\356GuH\375\327!\255\371\r\231\262R\256J\034\222\241\355X\265E\241^W\225\304\014\361CX-}\351f\032\255\274\334m\326c\017\014ao[\342\230\003\245\245\3341Hm\326^\017jy\335\261\032Yt\320\244{g\0306\\302\303*\341\215\223\257\364\277o\375\000r\241SOq\221\253\262\005\017\375T\356\014\360o'\030\311-\267\031\257!\031T\006><\315XM\334\324\345\034\000\325\367\240\271\013\265\024\321\362\354\211\250.\234s\225amc\305\035\366\276\037nD\277`\210\223N\3535\033\261\304f\331]\036\237\306o!\223\221\002\324\031\262\240R\177 ,\214\325\Q])\016\2067\277\t\354\010\000\360\215\2502\265\245\310\226\243c\302Ze\306\253#r\020\211\320iG\276\020E\317\035Sf\223F\254\033@\177e\277\016\010u\327\371&\262\312\317Q\2361t\377x\234\001v\003%\030\325_\225g\204\346a=\225\273\331\354\365*U\363\263N\367b\371\244\314-w\363\262\225Z\200\206\235\233\257?sE\2674\254\326mU\377?\177Ek\336\030!\316Aa\225\303\022\377{\210Y\226\271as\354L\035\004\341\361\035\301\024\220m#*\372\032\3178~\374\250\014*\323\342'z69\220\327\256\351G\367\317u\302\207\270b\315\333\333\334\310I\323&\014\352XZnW2.\335\347\202\021\247\362\212e\034\000\001\250\220\305;a\314\265R\310\017\317\331\235\360\262\240:\277\202\266\354\265X""\022\nh\252\352w\204\203\023]\001f\352\277\0031Q]\362\370R\350{\261\202\240\344\215\201\353\276\322p5p\350\354\017>\250r\241c\273\016\301\024\363\242\247\263\231\370\344\nBW\220K\316@3\243\200\036wk\253GSlU\010\360\231>\331\263H\214\324\030A\225\301o\346pkSF\004\241\213w9\223=\250\262*+\255\351r\265\244c\024\213\t\007`\223\325#\3477\210\345P\306\013\320\252[\0216+\227=`\371P\314\346 V\264\227\2326\315\307\363\323\325\303\032N\256*\307\327 \235\332\207u\210\271\257\306g\231i*\260\326k\001"";   nodeid: ""\260\000\000\000\000\000\000\000\000\000\000\000\000\000\000\000\000\000\000\000\000\000\000\000\000\000\000\000\000\000\000\000\001""; }; ","ledgerHash: ""7\271[~\n\237\274|\347\352@K\253~&\260\032\024\004B\200\255h\351\013\361\031:nG\211\005""; ledgerSeq: 17; type: liAS_NODE; nodes {;   nodedata: ""\021\000h""\000\000\000\000 \033\000\000\000\020\002\023\302_\330\356GuH\375\327!\255\371\r\231\262R\256J\034\222\241\355X\265E\241^W\225\304\014\361CX-}\351f\032\255\274\334m\326c\017\014ao[\342\230\003\245\245\3341Hm\326^\017jy\335\261\032Yt\320\244{g\0306\\302\303*\341\215\223\257\364\277o\375\000r\241SOq\221\253\262\005\017\375T\356\014\360o'\030\311-\267\031\257!\031T\006><\315XM\334\324\345\034\000\325\367\240\271\013\265\024\321\362\354\211\250.\234s\225amc\305\035\366\276\037nD\277`\210\223N\3535\033\261\304f\331]\036\237\306o!\223\221\002\324\031\262\240R\177 ,\214\325\Q])\016\2067\277\t\354\010\000\360\215\2502\265\245\310\226\243c\302Ze\306\253#r\020\211\320iG\276\020E\317\035Sf\223F\254\033@\177e\277\016\010u\327\371&\262\312\317Q\2361t\377x\234\001v\003%\030\325_\225g\204\346a=\225\273\331\354\365*U\363\263N\367b\371\244\314-w\363\262\225Z\200\206\235\233\257?sE\2674\254\326mU\377?\177Ek\336\030!\316Aa\225\303\022\377{\210Y\226\271as\354L\035\004\341\361\035\301\024\220m#*\372\032\3178~\374\250\014*\323\342'z69\220\327\256\351G\367\317u\302\207\270b\315\333\333\334\310I\323&\014\352XZnW2.\335\347\202\021\247\362\212e\034\000\001\250\220\305;a\314\265R\310\017\317\331\235\360\262\240:\277\202\266\354\265X""\022\nh\252\352w\204\203\023]\001f\352\277\0031Q]\362\370R\350{\261\202\240\344\215\201\353\276\322p5p\350\354\017>\250r\241c\273\016\301\024\363\242\247\263\231\370\344\nBW\220K\316@3\243\200\036wk\253GSlU\010\360\231>\331\263H\214\324\030A\225\301o\346pkSF\004\241\213w9\223=\250\262*+\255\351r\265\244c\024\213\t\007`\223\325#\3477\210\345P\306\013\320\252[\0216+\227=`\371P\314\346 V\264\227\2326\315\307\363\323\325\303\032N\256*\307\327 \235\332\207u\210\271\257\306g\231i*\260\326k\001"";   nodeid: ""\260\000\000\000\000\000\000\000\000\000\000\000\000\000\000\000\000\000\000\000\000\000\000\000\000\000\000\000\000\000\000\000\001""; }; "
1750527591487,1750527591487,0,1,3,2,TMLedgerData,"ledgerHash: ""7\271[~\n\237\274|\347\352@K\253~&\260\032\024\004B\200\255h\351\013\361\031:nG\211\005""; ledgerSeq: 17; type: liBASE; nodes {;   nodedata: ""\000\000\000\021\001cEx]\211\377\330\244c\024\213\t\007`\223\325#\3477\210\345P\306\013\320\252[\0216+\227=`\371P\314\346 V\000\000\000\000\000\000\000\000\000\000\000\000\000\000\000\000\000\000\000\000\000\000\000\000\000\000\000\000\000\000\000\000\031\234b\317\317`\233\010\322G\204,\320\251h0d\257S\313\225\031\233\264\307\265\252\323\020eag/\351\252\346/\351\252\347\n\000""; }; nodes {;   nodedata: ""\323C\344\327\264{\312-\017:\006{\177\344N\002\326bO\260\220\006\033\362\345\005U\221DzJ0\001\301\025%1L\307\t\261\262z\374\222T\301\274V\236\223\262\270Ct\362\337b\356\024*\324\320\351\317\002k\336\234\027v\351\217\260\303\360\233ZPZWr\246$w\313\313\r\243r\232\2234\373\3539:N\004Q\245\272D\312D\300\300\t\323\0257\345e\271\na\215{\226\255x%T\257\037\333\004\344_/R\006E\344\037@\210\363\010\336T\226\247'\204_{\261\370""1\235\2445\343\033Y!\212\201\341\272\225'\007\004\032\231\005P_X-c/e\362\021Y\220^\025\236\343l\240\215\254\367\\251eF\035\001D\003\013\003""; }; requestCookie: 3; ","ledgerHash: ""7\271[~\n\237\274|\347\352@K\253~&\260\032\024\004B\200\255h\351\013\361\031:nG\211\005""; ledgerSeq: 17; type: liBASE; nodes {;   nodedata: ""\000\000\000\021\001cEx]\211\377\330\244c\024\213\t\007`\223\325#\3477\210\345P\306\013\320\252[\0216+\227=`\371P\314\346 V\000\000\000\000\000\000\000\000\000\000\000\000\000\000\000\000\000\000\000\000\000\000\000\000\000\000\000\000\000\000\000\000\031\234b\317\317`\233\010\322G\204,\320\251h0d\257S\313\225\031\233\264\307\265\252\323\020eag/\351\252\346/\351\252\347\n\000""; }; nodes {;   nodedata: ""\323C\344\327\264{\312-\017:\006{\177\344N\002\326bO\260\220\006\033\362\345\005U\221DzJ0\001\301\025%1L\307\t\261\262z\374\222T\301\274V\236\223\262\270Ct\362\337b\356\024*\324\320\351\317\002k\336\234\027v\351\217\260\303\360\233ZPZWr\246$w\313\313\r\243r\232\2234\373\3539:N\004Q\245\272D\312D\300\300\t\323\0257\345e\271\na\215{\226\255x%T\257\037\333\004\344_/R\006E\344\037@\210\363\010\336T\226\247'\204_{\261\370""1\235\2445\343\033Y!\212\201\341\272\225'\007\004\032\231\005P_X-c/e\362\021Y\220^\025\236\343l\240\215\254\367\\251eF\035\001D\003\013\003""; }; requestCookie: 3; "
1750527591488,1750527591488,0,1,4,2,TMLedgerData,"ledgerHash: ""7\271[~\n\237\274|\347\352@K\253~&\260\032\024\004B\200\255h\351\013\361\031:nG\211\005""; ledgerSeq: 17; type: liBASE; nodes {;   nodedata: ""\000\000\000\021\001cEx]\211\377\330\244c\024\213\t\007`\223\325#\3477\210\345P\306\013\320\252[\0216+\227=`\371P\314\346 V\000\000\000\000\000\000\000\000\000\000\000\000\000\000\000\000\000\000\000\000\000\000\000\000\000\000\000\000\000\000\000\000\031\234b\317\317`\233\010\322G\204,\320\251h0d\257S\313\225\031\233\264\307\265\252\323\020eag/\351\252\346/\351\252\347\n\000""; }; nodes {;   nodedata: ""\323C\344\327\264{\312-\017:\006{\177\344N\002\326bO\260\220\006\033\362\345\005U\221DzJ0\001\301\025%1L\307\t\261\262z\374\222T\301\274V\236\223\262\270Ct\362\337b\356\024*\324\320\351\317\002k\336\234\027v\351\217\260\303\360\233ZPZWr\246$w\313\313\r\243r\232\2234\373\3539:N\004Q\245\272D\312D\300\300\t\323\0257\345e\271\na\215{\226\255x%T\257\037\333\004\344_/R\006E\344\037@\210\363\010\336T\226\247'\204_{\261\370""1\235\2445\343\033Y!\212\201\341\272\225'\007\004\032\231\005P_X-c/e\362\021Y\220^\025\236\343l\240\215\254\367\\251eF\035\001D\003\013\003""; }; ","ledgerHash: ""7\271[~\n\237\274|\347\352@K\253~&\260\032\024\004B\200\255h\351\013\361\031:nG\211\005""; ledgerSeq: 17; type: liBASE; nodes {;   nodedata: ""\000\000\000\021\001cEx]\211\377\330\244c\024\213\t\007`\223\325#\3477\210\345P\306\013\320\252[\0216+\227=`\371P\314\346 V\000\000\000\000\000\000\000\000\000\000\000\000\000\000\000\000\000\000\000\000\000\000\000\000\000\000\000\000\000\000\000\000\031\234b\317\317`\233\010\322G\204,\320\251h0d\257S\313\225\031\233\264\307\265\252\323\020eag/\351\252\346/\351\252\347\n\000""; }; nodes {;   nodedata: ""\323C\344\327\264{\312-\017:\006{\177\344N\002\326bO\260\220\006\033\362\345\005U\221DzJ0\001\301\025%1L\307\t\261\262z\374\222T\301\274V\236\223\262\270Ct\362\337b\356\024*\324\320\351\317\002k\336\234\027v\351\217\260\303\360\233ZPZWr\246$w\313\313\r\243r\232\2234\373\3539:N\004Q\245\272D\312D\300\300\t\323\0257\345e\271\na\215{\226\255x%T\257\037\333\004\344_/R\006E\344\037@\210\363\010\336T\226\247'\204_{\261\370""1\235\2445\343\033Y!\212\201\341\272\225'\007\004\032\231\005P_X-c/e\362\021Y\220^\025\236\343l\240\215\254\367\\251eF\035\001D\003\013\003""; }; "
1750527591489,1750527591489,0,1,2,4,TMLedgerData,"ledgerHash: ""7\271[~\n\237\274|\347\352@K\253~&\260\032\024\004B\200\255h\351\013\361\031:nG\211\005""; ledgerSeq: 17; type: liBASE; nodes {;   nodedata: ""\000\000\000\021\001cEx]\211\377\330\244c\024\213\t\007`\223\325#\3477\210\345P\306\013\320\252[\0216+\227=`\371P\314\346 V\000\000\000\000\000\000\000\000\000\000\000\000\000\000\000\000\000\000\000\000\000\000\000\000\000\000\000\000\000\000\000\000\031\234b\317\317`\233\010\322G\204,\320\251h0d\257S\313\225\031\233\264\307\265\252\323\020eag/\351\252\346/\351\252\347\n\000""; }; nodes {;   nodedata: ""\323C\344\327\264{\312-\017:\006{\177\344N\002\326bO\260\220\006\033\362\345\005U\221DzJ0\001\301\025%1L\307\t\261\262z\374\222T\301\274V\236\223\262\270Ct\362\337b\356\024*\324\320\351\317\002k\336\234\027v\351\217\260\303\360\233ZPZWr\246$w\313\313\r\243r\232\2234\373\3539:N\004Q\245\272D\312D\300\300\t\323\0257\345e\271\na\215{\226\255x%T\257\037\333\004\344_/R\006E\344\037@\210\363\010\336T\226\247'\204_{\261\370""1\235\2445\343\033Y!\212\201\341\272\225'\007\004\032\231\005P_X-c/e\362\021Y\220^\025\236\343l\240\215\254\367\\251eF\035\001D\003\013\003""; }; ","ledgerHash: ""7\271[~\n\237\274|\347\352@K\253~&\260\032\024\004B\200\255h\351\013\361\031:nG\211\005""; ledgerSeq: 17; type: liBASE; nodes {;   nodedata: ""\000\000\000\021\001cEx]\211\377\330\244c\024\213\t\007`\223\325#\3477\210\345P\306\013\320\252[\0216+\227=`\371P\314\346 V\000\000\000\000\000\000\000\000\000\000\000\000\000\000\000\000\000\000\000\000\000\000\000\000\000\000\000\000\000\000\000\000\031\234b\317\317`\233\010\322G\204,\320\251h0d\257S\313\225\031\233\264\307\265\252\323\020eag/\351\252\346/\351\252\347\n\000""; }; nodes {;   nodedata: ""\323C\344\327\264{\312-\017:\006{\177\344N\002\326bO\260\220\006\033\362\345\005U\221DzJ0\001\301\025%1L\307\t\261\262z\374\222T\301\274V\236\223\262\270Ct\362\337b\356\024*\324\320\351\317\002k\336\234\027v\351\217\260\303\360\233ZPZWr\246$w\313\313\r\243r\232\2234\373\3539:N\004Q\245\272D\312D\300\300\t\323\0257\345e\271\na\215{\226\255x%T\257\037\333\004\344_/R\006E\344\037@\210\363\010\336T\226\247'\204_{\261\370""1\235\2445\343\033Y!\212\201\341\272\225'\007\004\032\231\005P_X-c/e\362\021Y\220^\025\236\343l\240\215\254\367\\251eF\035\001D\003\013\003""; }; "
1750527591489,1750527591489,0,1,0,2,TMLedgerData,"ledgerHash: ""7\271[~\n\237\274|\347\352@K\253~&\260\032\024\004B\200\255h\351\013\361\031:nG\211\005""; ledgerSeq: 17; type: liBASE; nodes {;   nodedata: ""\000\000\000\021\001cEx]\211\377\330\244c\024\213\t\007`\223\325#\3477\210\345P\306\013\320\252[\0216+\227=`\371P\314\346 V\000\000\000\000\000\000\000\000\000\000\000\000\000\000\000\000\000\000\000\000\000\000\000\000\000\000\000\000\000\000\000\000\031\234b\317\317`\233\010\322G\204,\320\251h0d\257S\313\225\031\233\264\307\265\252\323\020eag/\351\252\346/\351\252\347\n\000""; }; nodes {;   nodedata: ""\323C\344\327\264{\312-\017:\006{\177\344N\002\326bO\260\220\006\033\362\345\005U\221DzJ0\001\301\025%1L\307\t\261\262z\374\222T\301\274V\236\223\262\270Ct\362\337b\356\024*\324\320\351\317\002k\336\234\027v\351\217\260\303\360\233ZPZWr\246$w\313\313\r\243r\232\2234\373\3539:N\004Q\245\272D\312D\300\300\t\323\0257\345e\271\na\215{\226\255x%T\257\037\333\004\344_/R\006E\344\037@\210\363\010\336T\226\247'\204_{\261\370""1\235\2445\343\033Y!\212\201\341\272\225'\007\004\032\231\005P_X-c/e\362\021Y\220^\025\236\343l\240\215\254\367\\251eF\035\001D\003\013\003""; }; ","ledgerHash: ""7\271[~\n\237\274|\347\352@K\253~&\260\032\024\004B\200\255h\351\013\361\031:nG\211\005""; ledgerSeq: 17; type: liBASE; nodes {;   nodedata: ""\000\000\000\021\001cEx]\211\377\330\244c\024\213\t\007`\223\325#\3477\210\345P\306\013\320\252[\0216+\227=`\371P\314\346 V\000\000\000\000\000\000\000\000\000\000\000\000\000\000\000\000\000\000\000\000\000\000\000\000\000\000\000\000\000\000\000\000\031\234b\317\317`\233\010\322G\204,\320\251h0d\257S\313\225\031\233\264\307\265\252\323\020eag/\351\252\346/\351\252\347\n\000""; }; nodes {;   nodedata: ""\323C\344\327\264{\312-\017:\006{\177\344N\002\326bO\260\220\006\033\362\345\005U\221DzJ0\001\301\025%1L\307\t\261\262z\374\222T\301\274V\236\223\262\270Ct\362\337b\356\024*\324\320\351\317\002k\336\234\027v\351\217\260\303\360\233ZPZWr\246$w\313\313\r\243r\232\2234\373\3539:N\004Q\245\272D\312D\300\300\t\323\0257\345e\271\na\215{\226\255x%T\257\037\333\004\344_/R\006E\344\037@\210\363\010\336T\226\247'\204_{\261\370""1\235\2445\343\033Y!\212\201\341\272\225'\007\004\032\231\005P_X-c/e\362\021Y\220^\025\236\343l\240\215\254\367\\251eF\035\001D\003\013\003""; }; "
1750527591489,1750527591489,0,1,0,4,TMLedgerData,"ledgerHash: ""7\271[~\n\237\274|\347\352@K\253~&\260\032\024\004B\200\255h\351\013\361\031:nG\211\005""; ledgerSeq: 17; type: liBASE; nodes {;   nodedata: ""\000\000\000\021\001cEx]\211\377\330\244c\024\213\t\007`\223\325#\3477\210\345P\306\013\320\252[\0216+\227=`\371P\314\346 V\000\000\000\000\000\000\000\000\000\000\000\000\000\000\000\000\000\000\000\000\000\000\000\000\000\000\000\000\000\000\000\000\031\234b\317\317`\233\010\322G\204,\320\251h0d\257S\313\225\031\233\264\307\265\252\323\020eag/\351\252\346/\351\252\347\n\000""; }; nodes {;   nodedata: ""\323C\344\327\264{\312-\017:\006{\177\344N\002\326bO\260\220\006\033\362\345\005U\221DzJ0\001\301\025%1L\307\t\261\262z\374\222T\301\274V\236\223\262\270Ct\362\337b\356\024*\324\320\351\317\002k\336\234\027v\351\217\260\303\360\233ZPZWr\246$w\313\313\r\243r\232\2234\373\3539:N\004Q\245\272D\312D\300\300\t\323\0257\345e\271\na\215{\226\255x%T\257\037\333\004\344_/R\006E\344\037@\210\363\010\336T\226\247'\204_{\261\370""1\235\2445\343\033Y!\212\201\341\272\225'\007\004\032\231\005P_X-c/e\362\021Y\220^\025\236\343l\240\215\254\367\\251eF\035\001D\003\013\003""; }; ","ledgerHash: ""7\271[~\n\237\274|\347\352@K\253~&\260\032\024\004B\200\255h\351\013\361\031:nG\211\005""; ledgerSeq: 17; type: liBASE; nodes {;   nodedata: ""\000\000\000\021\001cEx]\211\377\330\244c\024\213\t\007`\223\325#\3477\210\345P\306\013\320\252[\0216+\227=`\371P\314\346 V\000\000\000\000\000\000\000\000\000\000\000\000\000\000\000\000\000\000\000\000\000\000\000\000\000\000\000\000\000\000\000\000\031\234b\317\317`\233\010\322G\204,\320\251h0d\257S\313\225\031\233\264\307\265\252\323\020eag/\351\252\346/\351\252\347\n\000""; }; nodes {;   nodedata: ""\323C\344\327\264{\312-\017:\006{\177\344N\002\326bO\260\220\006\033\362\345\005U\221DzJ0\001\301\025%1L\307\t\261\262z\374\222T\301\274V\236\223\262\270Ct\362\337b\356\024*\324\320\351\317\002k\336\234\027v\351\217\260\303\360\233ZPZWr\246$w\313\313\r\243r\232\2234\373\3539:N\004Q\245\272D\312D\300\300\t\323\0257\345e\271\na\215{\226\255x%T\257\037\333\004\344_/R\006E\344\037@\210\363\010\336T\226\247'\204_{\261\370""1\235\2445\343\033Y!\212\201\341\272\225'\007\004\032\231\005P_X-c/e\362\021Y\220^\025\236\343l\240\215\254\367\\251eF\035\001D\003\013\003""; }; "
1750527591490,1750527591490,0,1,3,1,TMLedgerData,"ledgerHash: ""7\271[~\n\237\274|\347\352@K\253~&\260\032\024\004B\200\255h\351\013\361\031:nG\211\005""; ledgerSeq: 17; type: liBASE; nodes {;   nodedata: ""\000\000\000\021\001cEx]\211\377\330\244c\024\213\t\007`\223\325#\3477\210\345P\306\013\320\252[\0216+\227=`\371P\314\346 V\000\000\000\000\000\000\000\000\000\000\000\000\000\000\000\000\000\000\000\000\000\000\000\000\000\000\000\000\000\000\000\000\031\234b\317\317`\233\010\322G\204,\320\251h0d\257S\313\225\031\233\264\307\265\252\323\020eag/\351\252\346/\351\252\347\n\000""; }; nodes {;   nodedata: ""\323C\344\327\264{\312-\017:\006{\177\344N\002\326bO\260\220\006\033\362\345\005U\221DzJ0\001\301\025%1L\307\t\261\262z\374\222T\301\274V\236\223\262\270Ct\362\337b\356\024*\324\320\351\317\002k\336\234\027v\351\217\260\303\360\233ZPZWr\246$w\313\313\r\243r\232\2234\373\3539:N\004Q\245\272D\312D\300\300\t\323\0257\345e\271\na\215{\226\255x%T\257\037\333\004\344_/R\006E\344\037@\210\363\010\336T\226\247'\204_{\261\370""1\235\2445\343\033Y!\212\201\341\272\225'\007\004\032\231\005P_X-c/e\362\021Y\220^\025\236\343l\240\215\254\367\\251eF\035\001D\003\013\003""; }; ","ledgerHash: ""7\271[~\n\237\274|\347\352@K\253~&\260\032\024\004B\200\255h\351\013\361\031:nG\211\005""; ledgerSeq: 17; type: liBASE; nodes {;   nodedata: ""\000\000\000\021\001cEx]\211\377\330\244c\024\213\t\007`\223\325#\3477\210\345P\306\013\320\252[\0216+\227=`\371P\314\346 V\000\000\000\000\000\000\000\000\000\000\000\000\000\000\000\000\000\000\000\000\000\000\000\000\000\000\000\000\000\000\000\000\031\234b\317\317`\233\010\322G\204,\320\251h0d\257S\313\225\031\233\264\307\265\252\323\020eag/\351\252\346/\351\252\347\n\000""; }; nodes {;   nodedata: ""\323C\344\327\264{\312-\017:\006{\177\344N\002\326bO\260\220\006\033\362\345\005U\221DzJ0\001\301\025%1L\307\t\261\262z\374\222T\301\274V\236\223\262\270Ct\362\337b\356\024*\324\320\351\317\002k\336\234\027v\351\217\260\303\360\233ZPZWr\246$w\313\313\r\243r\232\2234\373\3539:N\004Q\245\272D\312D\300\300\t\323\0257\345e\271\na\215{\226\255x%T\257\037\333\004\344_/R\006E\344\037@\210\363\010\336T\226\247'\204_{\261\370""1\235\2445\343\033Y!\212\201\341\272\225'\007\004\032\231\005P_X-c/e\362\021Y\220^\025\236\343l\240\215\254\367\\251eF\035\001D\003\013\003""; }; "
1750527591490,1750527591490,0,1,3,1,TMLedgerData,"ledgerHash: ""7\271[~\n\237\274|\347\352@K\253~&\260\032\024\004B\200\255h\351\013\361\031:nG\211\005""; ledgerSeq: 17; type: liBASE; nodes {;   nodedata: ""\000\000\000\021\001cEx]\211\377\330\244c\024\213\t\007`\223\325#\3477\210\345P\306\013\320\252[\0216+\227=`\371P\314\346 V\000\000\000\000\000\000\000\000\000\000\000\000\000\000\000\000\000\000\000\000\000\000\000\000\000\000\000\000\000\000\000\000\031\234b\317\317`\233\010\322G\204,\320\251h0d\257S\313\225\031\233\264\307\265\252\323\020eag/\351\252\346/\351\252\347\n\000""; }; nodes {;   nodedata: ""\323C\344\327\264{\312-\017:\006{\177\344N\002\326bO\260\220\006\033\362\345\005U\221DzJ0\001\301\025%1L\307\t\261\262z\374\222T\301\274V\236\223\262\270Ct\362\337b\356\024*\324\320\351\317\002k\336\234\027v\351\217\260\303\360\233ZPZWr\246$w\313\313\r\243r\232\2234\373\3539:N\004Q\245\272D\312D\300\300\t\323\0257\345e\271\na\215{\226\255x%T\257\037\333\004\344_/R\006E\344\037@\210\363\010\336T\226\247'\204_{\261\370""1\235\2445\343\033Y!\212\201\341\272\225'\007\004\032\231\005P_X-c/e\362\021Y\220^\025\236\343l\240\215\254\367\\251eF\035\001D\003\013\003""; }; requestCookie: 3; ","ledgerHash: ""7\271[~\n\237\274|\347\352@K\253~&\260\032\024\004B\200\255h\351\013\361\031:nG\211\005""; ledgerSeq: 17; type: liBASE; nodes {;   nodedata: ""\000\000\000\021\001cEx]\211\377\330\244c\024\213\t\007`\223\325#\3477\210\345P\306\013\320\252[\0216+\227=`\371P\314\346 V\000\000\000\000\000\000\000\000\000\000\000\000\000\000\000\000\000\000\000\000\000\000\000\000\000\000\000\000\000\000\000\000\031\234b\317\317`\233\010\322G\204,\320\251h0d\257S\313\225\031\233\264\307\265\252\323\020eag/\351\252\346/\351\252\347\n\000""; }; nodes {;   nodedata: ""\323C\344\327\264{\312-\017:\006{\177\344N\002\326bO\260\220\006\033\362\345\005U\221DzJ0\001\301\025%1L\307\t\261\262z\374\222T\301\274V\236\223\262\270Ct\362\337b\356\024*\324\320\351\317\002k\336\234\027v\351\217\260\303\360\233ZPZWr\246$w\313\313\r\243r\232\2234\373\3539:N\004Q\245\272D\312D\300\300\t\323\0257\345e\271\na\215{\226\255x%T\257\037\333\004\344_/R\006E\344\037@\210\363\010\336T\226\247'\204_{\261\370""1\235\2445\343\033Y!\212\201\341\272\225'\007\004\032\231\005P_X-c/e\362\021Y\220^\025\236\343l\240\215\254\367\\251eF\035\001D\003\013\003""; }; requestCookie: 3; "
1750527591491,1750527591491,0,1,3,1,TMLedgerData,"ledgerHash: ""7\271[~\n\237\274|\347\352@K\253~&\260\032\024\004B\200\255h\351\013\361\031:nG\211\005""; ledgerSeq: 17; type: liBASE; nodes {;   nodedata: ""\000\000\000\021\001cEx]\211\377\330\244c\024\213\t\007`\223\325#\3477\210\345P\306\013\320\252[\0216+\227=`\371P\314\346 V\000\000\000\000\000\000\000\000\000\000\000\000\000\000\000\000\000\000\000\000\000\000\000\000\000\000\000\000\000\000\000\000\031\234b\317\317`\233\010\322G\204,\320\251h0d\257S\313\225\031\233\264\307\265\252\323\020eag/\351\252\346/\351\252\347\n\000""; }; nodes {;   nodedata: ""\323C\344\327\264{\312-\017:\006{\177\344N\002\326bO\260\220\006\033\362\345\005U\221DzJ0\001\301\025%1L\307\t\261\262z\374\222T\301\274V\236\223\262\270Ct\362\337b\356\024*\324\320\351\317\002k\336\234\027v\351\217\260\303\360\233ZPZWr\246$w\313\313\r\243r\232\2234\373\3539:N\004Q\245\272D\312D\300\300\t\323\0257\345e\271\na\215{\226\255x%T\257\037\333\004\344_/R\006E\344\037@\210\363\010\336T\226\247'\204_{\261\370""1\235\2445\343\033Y!\212\201\341\272\225'\007\004\032\231\005P_X-c/e\362\021Y\220^\025\236\343l\240\215\254\367\\251eF\035\001D\003\013\003""; }; requestCookie: 2; ","ledgerHash: ""7\271[~\n\237\274|\347\352@K\253~&\260\032\024\004B\200\255h\351\013\361\031:nG\211\005""; ledgerSeq: 17; type: liBASE; nodes {;   nodedata: ""\000\000\000\021\001cEx]\211\377\330\244c\024\213\t\007`\223\325#\3477\210\345P\306\013\320\252[\0216+\227=`\371P\314\346 V\000\000\000\000\000\000\000\000\000\000\000\000\000\000\000\000\000\000\000\000\000\000\000\000\000\000\000\000\000\000\000\000\031\234b\317\317`\233\010\322G\204,\320\251h0d\257S\313\225\031\233\264\307\265\252\323\020eag/\351\252\346/\351\252\347\n\000""; }; nodes {;   nodedata: ""\323C\344\327\264{\312-\017:\006{\177\344N\002\326bO\260\220\006\033\362\345\005U\221DzJ0\001\301\025%1L\307\t\261\262z\374\222T\301\274V\236\223\262\270Ct\362\337b\356\024*\324\320\351\317\002k\336\234\027v\351\217\260\303\360\233ZPZWr\246$w\313\313\r\243r\232\2234\373\3539:N\004Q\245\272D\312D\300\300\t\323\0257\345e\271\na\215{\226\255x%T\257\037\333\004\344_/R\006E\344\037@\210\363\010\336T\226\247'\204_{\261\370""1\235\2445\343\033Y!\212\201\341\272\225'\007\004\032\231\005P_X-c/e\362\021Y\220^\025\236\343l\240\215\254\367\\251eF\035\001D\003\013\003""; }; requestCookie: 2; "
1750527591492,1750527591492,0,1,3,0,TMLedgerData,"ledgerHash: ""7\271[~\n\237\274|\347\352@K\253~&\260\032\024\004B\200\255h\351\013\361\031:nG\211\005""; ledgerSeq: 17; type: liAS_NODE; nodes {;   nodedata: ""\021\000h""\000\000\000\000 \033\000\000\000\020\002\023\302_\330\356GuH\375\327!\255\371\r\231\262R\256J\034\222\241\355X\265E\241^W\225\304\014\361CX-}\351f\032\255\274\334m\326c\017\014ao[\342\230\003\245\245\3341Hm\326^\017jy\335\261\032Yt\320\244{g\0306\\302\303*\341\215\223\257\364\277o\375\000r\241SOq\221\253\262\005\017\375T\356\014\360o'\030\311-\267\031\257!\031T\006><\315XM\334\324\345\034\000\325\367\240\271\013\265\024\321\362\354\211\250.\234s\225amc\305\035\366\276\037nD\277`\210\223N\3535\033\261\304f\331]\036\237\306o!\223\221\002\324\031\262\240R\177 ,\214\325\Q])\016\2067\277\t\354\010\000\360\215\2502\265\245\310\226\243c\302Ze\306\253#r\020\211\320iG\276\020E\317\035Sf\223F\254\033@\177e\277\016\010u\327\371&\262\312\317Q\2361t\377x\234\001v\003%\030\325_\225g\204\346a=\225\273\331\354\365*U\363\263N\367b\371\244\314-w\363\262\225Z\200\206\235\233\257?sE\2674\254\326mU\377?\177Ek\336\030!\316Aa\225\303\022\377{\210Y\226\271as\354L\035\004\341\361\035\301\024\220m#*\372\032\3178~\374\250\014*\323\342'z69\220\327\256\351G\367\317u\302\207\270b\315\333\333\334\310I\323&\014\352XZnW2.\335\347\202\021\247\362\212e\034\000\001\250\220\305;a\314\265R\310\017\317\331\235\360\262\240:\277\202\266\354\265X""\022\nh\252\352w\204\203\023]\001f\352\277\0031Q]\362\370R\350{\261\202\240\344\215\201\353\276\322p5p\350\354\017>\250r\241c\273\016\301\024\363\242\247\263\231\370\344\nBW\220K\316@3\243\200\036wk\253GSlU\010\360\231>\331\263H\214\324\030A\225\301o\346pkSF\004\241\213w9\223=\250\262*+\255\351r\265\244c\024\213\t\007`\223\325#\3477\210\345P\306\013\320\252[\0216+\227=`\371P\314\346 V\264\227\2326\315\307\363\323\325\303\032N\256*\307\327 \235\332\207u\210\271\257\306g\231i*\260\326k\001"";   nodeid: ""\260\000\000\000\000\000\000\000\000\000\000\000\000\000\000\000\000\000\000\000\000\000\000\000\000\000\000\000\000\000\000\000\001""; }; ","ledgerHash: ""7\271[~\n\237\274|\347\352@K\253~&\260\032\024\004B\200\255h\351\013\361\031:nG\211\005""; ledgerSeq: 17; type: liAS_NODE; nodes {;   nodedata: ""\021\000h""\000\000\000\000 \033\000\000\000\020\002\023\302_\330\356GuH\375\327!\255\371\r\231\262R\256J\034\222\241\355X\265E\241^W\225\304\014\361CX-}\351f\032\255\274\334m\326c\017\014ao[\342\230\003\245\245\3341Hm\326^\017jy\335\261\032Yt\320\244{g\0306\\302\303*\341\215\223\257\364\277o\375\000r\241SOq\221\253\262\005\017\375T\356\014\360o'\030\311-\267\031\257!\031T\006><\315XM\334\324\345\034\000\325\367\240\271\013\265\024\321\362\354\211\250.\234s\225amc\305\035\366\276\037nD\277`\210\223N\3535\033\261\304f\331]\036\237\306o!\223\221\002\324\031\262\240R\177 ,\214\325\Q])\016\2067\277\t\354\010\000\360\215\2502\265\245\310\226\243c\302Ze\306\253#r\020\211\320iG\276\020E\317\035Sf\223F\254\033@\177e\277\016\010u\327\371&\262\312\317Q\2361t\377x\234\001v\003%\030\325_\225g\204\346a=\225\273\331\354\365*U\363\263N\367b\371\244\314-w\363\262\225Z\200\206\235\233\257?sE\2674\254\326mU\377?\177Ek\336\030!\316Aa\225\303\022\377{\210Y\226\271as\354L\035\004\341\361\035\301\024\220m#*\372\032\3178~\374\250\014*\323\342'z69\220\327\256\351G\367\317u\302\207\270b\315\333\333\334\310I\323&\014\352XZnW2.\335\347\202\021\247\362\212e\034\000\001\250\220\305;a\314\265R\310\017\317\331\235\360\262\240:\277\202\266\354\265X""\022\nh\252\352w\204\203\023]\001f\352\277\0031Q]\362\370R\350{\261\202\240\344\215\201\353\276\322p5p\350\354\017>\250r\241c\273\016\301\024\363\242\247\263\231\370\344\nBW\220K\316@3\243\200\036wk\253GSlU\010\360\231>\331\263H\214\324\030A\225\301o\346pkSF\004\241\213w9\223=\250\262*+\255\351r\265\244c\024\213\t\007`\223\325#\3477\210\345P\306\013\320\252[\0216+\227=`\371P\314\346 V\264\227\2326\315\307\363\323\325\303\032N\256*\307\327 \235\332\207u\210\271\257\306g\231i*\260\326k\001"";   nodeid: ""\260\000\000\000\000\000\000\000\000\000\000\000\000\000\000\000\000\000\000\000\000\000\000\000\000\000\000\000\000\000\000\000\001""; }; "
1750527591493,1750527591493,0,1,2,0,TMLedgerData,"ledgerHash: ""7\271[~\n\237\274|\347\352@K\253~&\260\032\024\004B\200\255h\351\013\361\031:nG\211\005""; ledgerSeq: 17; type: liBASE; nodes {;   nodedata: ""\000\000\000\021\001cEx]\211\377\330\244c\024\213\t\007`\223\325#\3477\210\345P\306\013\320\252[\0216+\227=`\371P\314\346 V\000\000\000\000\000\000\000\000\000\000\000\000\000\000\000\000\000\000\000\000\000\000\000\000\000\000\000\000\000\000\000\000\031\234b\317\317`\233\010\322G\204,\320\251h0d\257S\313\225\031\233\264\307\265\252\323\020eag/\351\252\346/\351\252\347\n\000""; }; nodes {;   nodedata: ""\323C\344\327\264{\312-\017:\006{\177\344N\002\326bO\260\220\006\033\362\345\005U\221DzJ0\001\301\025%1L\307\t\261\262z\374\222T\301\274V\236\223\262\270Ct\362\337b\356\024*\324\320\351\317\002k\336\234\027v\351\217\260\303\360\233ZPZWr\246$w\313\313\r\243r\232\2234\373\3539:N\004Q\245\272D\312D\300\300\t\323\0257\345e\271\na\215{\226\255x%T\257\037\333\004\344_/R\006E\344\037@\210\363\010\336T\226\247'\204_{\261\370""1\235\2445\343\033Y!\212\201\341\272\225'\007\004\032\231\005P_X-c/e\362\021Y\220^\025\236\343l\240\215\254\367\\251eF\035\001D\003\013\003""; }; ","ledgerHash: ""7\271[~\n\237\274|\347\352@K\253~&\260\032\024\004B\200\255h\351\013\361\031:nG\211\005""; ledgerSeq: 17; type: liBASE; nodes {;   nodedata: ""\000\000\000\021\001cEx]\211\377\330\244c\024\213\t\007`\223\325#\3477\210\345P\306\013\320\252[\0216+\227=`\371P\314\346 V\000\000\000\000\000\000\000\000\000\000\000\000\000\000\000\000\000\000\000\000\000\000\000\000\000\000\000\000\000\000\000\000\031\234b\317\317`\233\010\322G\204,\320\251h0d\257S\313\225\031\233\264\307\265\252\323\020eag/\351\252\346/\351\252\347\n\000""; }; nodes {;   nodedata: ""\323C\344\327\264{\312-\017:\006{\177\344N\002\326bO\260\220\006\033\362\345\005U\221DzJ0\001\301\025%1L\307\t\261\262z\374\222T\301\274V\236\223\262\270Ct\362\337b\356\024*\324\320\351\317\002k\336\234\027v\351\217\260\303\360\233ZPZWr\246$w\313\313\r\243r\232\2234\373\3539:N\004Q\245\272D\312D\300\300\t\323\0257\345e\271\na\215{\226\255x%T\257\037\333\004\344_/R\006E\344\037@\210\363\010\336T\226\247'\204_{\261\370""1\235\2445\343\033Y!\212\201\341\272\225'\007\004\032\231\005P_X-c/e\362\021Y\220^\025\236\343l\240\215\254\367\\251eF\035\001D\003\013\003""; }; "
1750527591493,1750527591494,0,1,3,0,TMLedgerData,"ledgerHash: ""7\271[~\n\237\274|\347\352@K\253~&\260\032\024\004B\200\255h\351\013\361\031:nG\211\005""; ledgerSeq: 17; type: liBASE; nodes {;   nodedata: ""\000\000\000\021\001cEx]\211\377\330\244c\024\213\t\007`\223\325#\3477\210\345P\306\013\320\252[\0216+\227=`\371P\314\346 V\000\000\000\000\000\000\000\000\000\000\000\000\000\000\000\000\000\000\000\000\000\000\000\000\000\000\000\000\000\000\000\000\031\234b\317\317`\233\010\322G\204,\320\251h0d\257S\313\225\031\233\264\307\265\252\323\020eag/\351\252\346/\351\252\347\n\000""; }; nodes {;   nodedata: ""\323C\344\327\264{\312-\017:\006{\177\344N\002\326bO\260\220\006\033\362\345\005U\221DzJ0\001\301\025%1L\307\t\261\262z\374\222T\301\274V\236\223\262\270Ct\362\337b\356\024*\324\320\351\317\002k\336\234\027v\351\217\260\303\360\233ZPZWr\246$w\313\313\r\243r\232\2234\373\3539:N\004Q\245\272D\312D\300\300\t\323\0257\345e\271\na\215{\226\255x%T\257\037\333\004\344_/R\006E\344\037@\210\363\010\336T\226\247'\204_{\261\370""1\235\2445\343\033Y!\212\201\341\272\225'\007\004\032\231\005P_X-c/e\362\021Y\220^\025\236\343l\240\215\254\367\\251eF\035\001D\003\013\003""; }; requestCookie: 2; ","ledgerHash: ""7\271[~\n\237\274|\347\352@K\253~&\260\032\024\004B\200\255h\351\013\361\031:nG\211\005""; ledgerSeq: 17; type: liBASE; nodes {;   nodedata: ""\000\000\000\021\001cEx]\211\377\330\244c\024\213\t\007`\223\325#\3477\210\345P\306\013\320\252[\0216+\227=`\371P\314\346 V\000\000\000\000\000\000\000\000\000\000\000\000\000\000\000\000\000\000\000\000\000\000\000\000\000\000\000\000\000\000\000\000\031\234b\317\317`\233\010\322G\204,\320\251h0d\257S\313\225\031\233\264\307\265\252\323\020eag/\351\252\346/\351\252\347\n\000""; }; nodes {;   nodedata: ""\323C\344\327\264{\312-\017:\006{\177\344N\002\326bO\260\220\006\033\362\345\005U\221DzJ0\001\301\025%1L\307\t\261\262z\374\222T\301\274V\236\223\262\270Ct\362\337b\356\024*\324\320\351\317\002k\336\234\027v\351\217\260\303\360\233ZPZWr\246$w\313\313\r\243r\232\2234\373\3539:N\004Q\245\272D\312D\300\300\t\323\0257\345e\271\na\215{\226\255x%T\257\037\333\004\344_/R\006E\344\037@\210\363\010\336T\226\247'\204_{\261\370""1\235\2445\343\033Y!\212\201\341\272\225'\007\004\032\231\005P_X-c/e\362\021Y\220^\025\236\343l\240\215\254\367\\251eF\035\001D\003\013\003""; }; requestCookie: 2; "
1750527591494,1750527591494,0,1,4,0,TMLedgerData,"ledgerHash: ""7\271[~\n\237\274|\347\352@K\253~&\260\032\024\004B\200\255h\351\013\361\031:nG\211\005""; ledgerSeq: 17; type: liBASE; nodes {;   nodedata: ""\000\000\000\021\001cEx]\211\377\330\244c\024\213\t\007`\223\325#\3477\210\345P\306\013\320\252[\0216+\227=`\371P\314\346 V\000\000\000\000\000\000\000\000\000\000\000\000\000\000\000\000\000\000\000\000\000\000\000\000\000\000\000\000\000\000\000\000\031\234b\317\317`\233\010\322G\204,\320\251h0d\257S\313\225\031\233\264\307\265\252\323\020eag/\351\252\346/\351\252\347\n\000""; }; nodes {;   nodedata: ""\323C\344\327\264{\312-\017:\006{\177\344N\002\326bO\260\220\006\033\362\345\005U\221DzJ0\001\301\025%1L\307\t\261\262z\374\222T\301\274V\236\223\262\270Ct\362\337b\356\024*\324\320\351\317\002k\336\234\027v\351\217\260\303\360\233ZPZWr\246$w\313\313\r\243r\232\2234\373\3539:N\004Q\245\272D\312D\300\300\t\323\0257\345e\271\na\215{\226\255x%T\257\037\333\004\344_/R\006E\344\037@\210\363\010\336T\226\247'\204_{\261\370""1\235\2445\343\033Y!\212\201\341\272\225'\007\004\032\231\005P_X-c/e\362\021Y\220^\025\236\343l\240\215\254\367\\251eF\035\001D\003\013\003""; }; ","ledgerHash: ""7\271[~\n\237\274|\347\352@K\253~&\260\032\024\004B\200\255h\351\013\361\031:nG\211\005""; ledgerSeq: 17; type: liBASE; nodes {;   nodedata: ""\000\000\000\021\001cEx]\211\377\330\244c\024\213\t\007`\223\325#\3477\210\345P\306\013\320\252[\0216+\227=`\371P\314\346 V\000\000\000\000\000\000\000\000\000\000\000\000\000\000\000\000\000\000\000\000\000\000\000\000\000\000\000\000\000\000\000\000\031\234b\317\317`\233\010\322G\204,\320\251h0d\257S\313\225\031\233\264\307\265\252\323\020eag/\351\252\346/\351\252\347\n\000""; }; nodes {;   nodedata: ""\323C\344\327\264{\312-\017:\006{\177\344N\002\326bO\260\220\006\033\362\345\005U\221DzJ0\001\301\025%1L\307\t\261\262z\374\222T\301\274V\236\223\262\270Ct\362\337b\356\024*\324\320\351\317\002k\336\234\027v\351\217\260\303\360\233ZPZWr\246$w\313\313\r\243r\232\2234\373\3539:N\004Q\245\272D\312D\300\300\t\323\0257\345e\271\na\215{\226\255x%T\257\037\333\004\344_/R\006E\344\037@\210\363\010\336T\226\247'\204_{\261\370""1\235\2445\343\033Y!\212\201\341\272\225'\007\004\032\231\005P_X-c/e\362\021Y\220^\025\236\343l\240\215\254\367\\251eF\035\001D\003\013\003""; }; "
1750527591495,1750527591495,0,1,4,1,TMLedgerData,"ledgerHash: ""7\271[~\n\237\274|\347\352@K\253~&\260\032\024\004B\200\255h\351\013\361\031:nG\211\005""; ledgerSeq: 17; type: liBASE; nodes {;   nodedata: ""\000\000\000\021\001cEx]\211\377\330\244c\024\213\t\007`\223\325#\3477\210\345P\306\013\320\252[\0216+\227=`\371P\314\346 V\000\000\000\000\000\000\000\000\000\000\000\000\000\000\000\000\000\000\000\000\000\000\000\000\000\000\000\000\000\000\000\000\031\234b\317\317`\233\010\322G\204,\320\251h0d\257S\313\225\031\233\264\307\265\252\323\020eag/\351\252\346/\351\252\347\n\000""; }; nodes {;   nodedata: ""\323C\344\327\264{\312-\017:\006{\177\344N\002\326bO\260\220\006\033\362\345\005U\221DzJ0\001\301\025%1L\307\t\261\262z\374\222T\301\274V\236\223\262\270Ct\362\337b\356\024*\324\320\351\317\002k\336\234\027v\351\217\260\303\360\233ZPZWr\246$w\313\313\r\243r\232\2234\373\3539:N\004Q\245\272D\312D\300\300\t\323\0257\345e\271\na\215{\226\255x%T\257\037\333\004\344_/R\006E\344\037@\210\363\010\336T\226\247'\204_{\261\370""1\235\2445\343\033Y!\212\201\341\272\225'\007\004\032\231\005P_X-c/e\362\021Y\220^\025\236\343l\240\215\254\367\\251eF\035\001D\003\013\003""; }; ","ledgerHash: ""7\271[~\n\237\274|\347\352@K\253~&\260\032\024\004B\200\255h\351\013\361\031:nG\211\005""; ledgerSeq: 17; type: liBASE; nodes {;   nodedata: ""\000\000\000\021\001cEx]\211\377\330\244c\024\213\t\007`\223\325#\3477\210\345P\306\013\320\252[\0216+\227=`\371P\314\346 V\000\000\000\000\000\000\000\000\000\000\000\000\000\000\000\000\000\000\000\000\000\000\000\000\000\000\000\000\000\000\000\000\031\234b\317\317`\233\010\322G\204,\320\251h0d\257S\313\225\031\233\264\307\265\252\323\020eag/\351\252\346/\351\252\347\n\000""; }; nodes {;   nodedata: ""\323C\344\327\264{\312-\017:\006{\177\344N\002\326bO\260\220\006\033\362\345\005U\221DzJ0\001\301\025%1L\307\t\261\262z\374\222T\301\274V\236\223\262\270Ct\362\337b\356\024*\324\320\351\317\002k\336\234\027v\351\217\260\303\360\233ZPZWr\246$w\313\313\r\243r\232\2234\373\3539:N\004Q\245\272D\312D\300\300\t\323\0257\345e\271\na\215{\226\255x%T\257\037\333\004\344_/R\006E\344\037@\210\363\010\336T\226\247'\204_{\261\370""1\235\2445\343\033Y!\212\201\341\272\225'\007\004\032\231\005P_X-c/e\362\021Y\220^\025\236\343l\240\215\254\367\\251eF\035\001D\003\013\003""; }; "
1750527591495,1750527591495,0,1,2,1,TMLedgerData,"ledgerHash: ""7\271[~\n\237\274|\347\352@K\253~&\260\032\024\004B\200\255h\351\013\361\031:nG\211\005""; ledgerSeq: 17; type: liBASE; nodes {;   nodedata: ""\000\000\000\021\001cEx]\211\377\330\244c\024\213\t\007`\223\325#\3477\210\345P\306\013\320\252[\0216+\227=`\371P\314\346 V\000\000\000\000\000\000\000\000\000\000\000\000\000\000\000\000\000\000\000\000\000\000\000\000\000\000\000\000\000\000\000\000\031\234b\317\317`\233\010\322G\204,\320\251h0d\257S\313\225\031\233\264\307\265\252\323\020eag/\351\252\346/\351\252\347\n\000""; }; nodes {;   nodedata: ""\323C\344\327\264{\312-\017:\006{\177\344N\002\326bO\260\220\006\033\362\345\005U\221DzJ0\001\301\025%1L\307\t\261\262z\374\222T\301\274V\236\223\262\270Ct\362\337b\356\024*\324\320\351\317\002k\336\234\027v\351\217\260\303\360\233ZPZWr\246$w\313\313\r\243r\232\2234\373\3539:N\004Q\245\272D\312D\300\300\t\323\0257\345e\271\na\215{\226\255x%T\257\037\333\004\344_/R\006E\344\037@\210\363\010\336T\226\247'\204_{\261\370""1\235\2445\343\033Y!\212\201\341\272\225'\007\004\032\231\005P_X-c/e\362\021Y\220^\025\236\343l\240\215\254\367\\251eF\035\001D\003\013\003""; }; ","ledgerHash: ""7\271[~\n\237\274|\347\352@K\253~&\260\032\024\004B\200\255h\351\013\361\031:nG\211\005""; ledgerSeq: 17; type: liBASE; nodes {;   nodedata: ""\000\000\000\021\001cEx]\211\377\330\244c\024\213\t\007`\223\325#\3477\210\345P\306\013\320\252[\0216+\227=`\371P\314\346 V\000\000\000\000\000\000\000\000\000\000\000\000\000\000\000\000\000\000\000\000\000\000\000\000\000\000\000\000\000\000\000\000\031\234b\317\317`\233\010\322G\204,\320\251h0d\257S\313\225\031\233\264\307\265\252\323\020eag/\351\252\346/\351\252\347\n\000""; }; nodes {;   nodedata: ""\323C\344\327\264{\312-\017:\006{\177\344N\002\326bO\260\220\006\033\362\345\005U\221DzJ0\001\301\025%1L\307\t\261\262z\374\222T\301\274V\236\223\262\270Ct\362\337b\356\024*\324\320\351\317\002k\336\234\027v\351\217\260\303\360\233ZPZWr\246$w\313\313\r\243r\232\2234\373\3539:N\004Q\245\272D\312D\300\300\t\323\0257\345e\271\na\215{\226\255x%T\257\037\333\004\344_/R\006E\344\037@\210\363\010\336T\226\247'\204_{\261\370""1\235\2445\343\033Y!\212\201\341\272\225'\007\004\032\231\005P_X-c/e\362\021Y\220^\025\236\343l\240\215\254\367\\251eF\035\001D\003\013\003""; }; "
1750527591497,1750527591497,0,1,1,3,TMGetLedger,"itype: liAS_NODE; ledgerHash: ""7\271[~\n\237\274|\347\352@K\253~&\260\032\024\004B\200\255h\351\013\361\031:nG\211\005""; ledgerSeq: 17; nodeIDs: ""\260\000\000\000\000\000\000\000\000\000\000\000\000\000\000\000\000\000\000\000\000\000\000\000\000\000\000\000\000\000\000\000\001""; queryType: qtINDIRECT; queryDepth: 1; ","itype: liAS_NODE; ledgerHash: ""7\271[~\n\237\274|\347\352@K\253~&\260\032\024\004B\200\255h\351\013\361\031:nG\211\005""; ledgerSeq: 17; nodeIDs: ""\260\000\000\000\000\000\000\000\000\000\000\000\000\000\000\000\000\000\000\000\000\000\000\000\000\000\000\000\000\000\000\000\001""; queryType: qtINDIRECT; queryDepth: 1; "
1750527591497,1750527591497,0,1,1,0,TMLedgerData,"ledgerHash: ""7\271[~\n\237\274|\347\352@K\253~&\260\032\024\004B\200\255h\351\013\361\031:nG\211\005""; ledgerSeq: 17; type: liBASE; nodes {;   nodedata: ""\000\000\000\021\001cEx]\211\377\330\244c\024\213\t\007`\223\325#\3477\210\345P\306\013\320\252[\0216+\227=`\371P\314\346 V\000\000\000\000\000\000\000\000\000\000\000\000\000\000\000\000\000\000\000\000\000\000\000\000\000\000\000\000\000\000\000\000\031\234b\317\317`\233\010\322G\204,\320\251h0d\257S\313\225\031\233\264\307\265\252\323\020eag/\351\252\346/\351\252\347\n\000""; }; nodes {;   nodedata: ""\323C\344\327\264{\312-\017:\006{\177\344N\002\326bO\260\220\006\033\362\345\005U\221DzJ0\001\301\025%1L\307\t\261\262z\374\222T\301\274V\236\223\262\270Ct\362\337b\356\024*\324\320\351\317\002k\336\234\027v\351\217\260\303\360\233ZPZWr\246$w\313\313\r\243r\232\2234\373\3539:N\004Q\245\272D\312D\300\300\t\323\0257\345e\271\na\215{\226\255x%T\257\037\333\004\344_/R\006E\344\037@\210\363\010\336T\226\247'\204_{\261\370""1\235\2445\343\033Y!\212\201\341\272\225'\007\004\032\231\005P_X-c/e\362\021Y\220^\025\236\343l\240\215\254\367\\251eF\035\001D\003\013\003""; }; ","ledgerHash: ""7\271[~\n\237\274|\347\352@K\253~&\260\032\024\004B\200\255h\351\013\361\031:nG\211\005""; ledgerSeq: 17; type: liBASE; nodes {;   nodedata: ""\000\000\000\021\001cEx]\211\377\330\244c\024\213\t\007`\223\325#\3477\210\345P\306\013\320\252[\0216+\227=`\371P\314\346 V\000\000\000\000\000\000\000\000\000\000\000\000\000\000\000\000\000\000\000\000\000\000\000\000\000\000\000\000\000\000\000\000\031\234b\317\317`\233\010\322G\204,\320\251h0d\257S\313\225\031\233\264\307\265\252\323\020eag/\351\252\346/\351\252\347\n\000""; }; nodes {;   nodedata: ""\323C\344\327\264{\312-\017:\006{\177\344N\002\326bO\260\220\006\033\362\345\005U\221DzJ0\001\301\025%1L\307\t\261\262z\374\222T\301\274V\236\223\262\270Ct\362\337b\356\024*\324\320\351\317\002k\336\234\027v\351\217\260\303\360\233ZPZWr\246$w\313\313\r\243r\232\2234\373\3539:N\004Q\245\272D\312D\300\300\t\323\0257\345e\271\na\215{\226\255x%T\257\037\333\004\344_/R\006E\344\037@\210\363\010\336T\226\247'\204_{\261\370""1\235\2445\343\033Y!\212\201\341\272\225'\007\004\032\231\005P_X-c/e\362\021Y\220^\025\236\343l\240\215\254\367\\251eF\035\001D\003\013\003""; }; "
1750527591497,1750527591498,0,1,1,2,TMLedgerData,"ledgerHash: ""7\271[~\n\237\274|\347\352@K\253~&\260\032\024\004B\200\255h\351\013\361\031:nG\211\005""; ledgerSeq: 17; type: liBASE; nodes {;   nodedata: ""\000\000\000\021\001cEx]\211\377\330\244c\024\213\t\007`\223\325#\3477\210\345P\306\013\320\252[\0216+\227=`\371P\314\346 V\000\000\000\000\000\000\000\000\000\000\000\000\000\000\000\000\000\000\000\000\000\000\000\000\000\000\000\000\000\000\000\000\031\234b\317\317`\233\010\322G\204,\320\251h0d\257S\313\225\031\233\264\307\265\252\323\020eag/\351\252\346/\351\252\347\n\000""; }; nodes {;   nodedata: ""\323C\344\327\264{\312-\017:\006{\177\344N\002\326bO\260\220\006\033\362\345\005U\221DzJ0\001\301\025%1L\307\t\261\262z\374\222T\301\274V\236\223\262\270Ct\362\337b\356\024*\324\320\351\317\002k\336\234\027v\351\217\260\303\360\233ZPZWr\246$w\313\313\r\243r\232\2234\373\3539:N\004Q\245\272D\312D\300\300\t\323\0257\345e\271\na\215{\226\255x%T\257\037\333\004\344_/R\006E\344\037@\210\363\010\336T\226\247'\204_{\261\370""1\235\2445\343\033Y!\212\201\341\272\225'\007\004\032\231\005P_X-c/e\362\021Y\220^\025\236\343l\240\215\254\367\\251eF\035\001D\003\013\003""; }; ","ledgerHash: ""7\271[~\n\237\274|\347\352@K\253~&\260\032\024\004B\200\255h\351\013\361\031:nG\211\005""; ledgerSeq: 17; type: liBASE; nodes {;   nodedata: ""\000\000\000\021\001cEx]\211\377\330\244c\024\213\t\007`\223\325#\3477\210\345P\306\013\320\252[\0216+\227=`\371P\314\346 V\000\000\000\000\000\000\000\000\000\000\000\000\000\000\000\000\000\000\000\000\000\000\000\000\000\000\000\000\000\000\000\000\031\234b\317\317`\233\010\322G\204,\320\251h0d\257S\313\225\031\233\264\307\265\252\323\020eag/\351\252\346/\351\252\347\n\000""; }; nodes {;   nodedata: ""\323C\344\327\264{\312-\017:\006{\177\344N\002\326bO\260\220\006\033\362\345\005U\221DzJ0\001\301\025%1L\307\t\261\262z\374\222T\301\274V\236\223\262\270Ct\362\337b\356\024*\324\320\351\317\002k\336\234\027v\351\217\260\303\360\233ZPZWr\246$w\313\313\r\243r\232\2234\373\3539:N\004Q\245\272D\312D\300\300\t\323\0257\345e\271\na\215{\226\255x%T\257\037\333\004\344_/R\006E\344\037@\210\363\010\336T\226\247'\204_{\261\370""1\235\2445\343\033Y!\212\201\341\272\225'\007\004\032\231\005P_X-c/e\362\021Y\220^\025\236\343l\240\215\254\367\\251eF\035\001D\003\013\003""; }; "
1750527591500,1750527591500,0,1,0,1,TMLedgerData,"ledgerHash: ""7\271[~\n\237\274|\347\352@K\253~&\260\032\024\004B\200\255h\351\013\361\031:nG\211\005""; ledgerSeq: 17; type: liBASE; nodes {;   nodedata: ""\000\000\000\021\001cEx]\211\377\330\244c\024\213\t\007`\223\325#\3477\210\345P\306\013\320\252[\0216+\227=`\371P\314\346 V\000\000\000\000\000\000\000\000\000\000\000\000\000\000\000\000\000\000\000\000\000\000\000\000\000\000\000\000\000\000\000\000\031\234b\317\317`\233\010\322G\204,\320\251h0d\257S\313\225\031\233\264\307\265\252\323\020eag/\351\252\346/\351\252\347\n\000""; }; nodes {;   nodedata: ""\323C\344\327\264{\312-\017:\006{\177\344N\002\326bO\260\220\006\033\362\345\005U\221DzJ0\001\301\025%1L\307\t\261\262z\374\222T\301\274V\236\223\262\270Ct\362\337b\356\024*\324\320\351\317\002k\336\234\027v\351\217\260\303\360\233ZPZWr\246$w\313\313\r\243r\232\2234\373\3539:N\004Q\245\272D\312D\300\300\t\323\0257\345e\271\na\215{\226\255x%T\257\037\333\004\344_/R\006E\344\037@\210\363\010\336T\226\247'\204_{\261\370""1\235\2445\343\033Y!\212\201\341\272\225'\007\004\032\231\005P_X-c/e\362\021Y\220^\025\236\343l\240\215\254\367\\251eF\035\001D\003\013\003""; }; ","ledgerHash: ""7\271[~\n\237\274|\347\352@K\253~&\260\032\024\004B\200\255h\351\013\361\031:nG\211\005""; ledgerSeq: 17; type: liBASE; nodes {;   nodedata: ""\000\000\000\021\001cEx]\211\377\330\244c\024\213\t\007`\223\325#\3477\210\345P\306\013\320\252[\0216+\227=`\371P\314\346 V\000\000\000\000\000\000\000\000\000\000\000\000\000\000\000\000\000\000\000\000\000\000\000\000\000\000\000\000\000\000\000\000\031\234b\317\317`\233\010\322G\204,\320\251h0d\257S\313\225\031\233\264\307\265\252\323\020eag/\351\252\346/\351\252\347\n\000""; }; nodes {;   nodedata: ""\323C\344\327\264{\312-\017:\006{\177\344N\002\326bO\260\220\006\033\362\345\005U\221DzJ0\001\301\025%1L\307\t\261\262z\374\222T\301\274V\236\223\262\270Ct\362\337b\356\024*\324\320\351\317\002k\336\234\027v\351\217\260\303\360\233ZPZWr\246$w\313\313\r\243r\232\2234\373\3539:N\004Q\245\272D\312D\300\300\t\323\0257\345e\271\na\215{\226\255x%T\257\037\333\004\344_/R\006E\344\037@\210\363\010\336T\226\247'\204_{\261\370""1\235\2445\343\033Y!\212\201\341\272\225'\007\004\032\231\005P_X-c/e\362\021Y\220^\025\236\343l\240\215\254\367\\251eF\035\001D\003\013\003""; }; "
1750527591501,1750527591501,0,1,3,1,TMLedgerData,"ledgerHash: ""7\271[~\n\237\274|\347\352@K\253~&\260\032\024\004B\200\255h\351\013\361\031:nG\211\005""; ledgerSeq: 17; type: liBASE; nodes {;   nodedata: ""\000\000\000\021\001cEx]\211\377\330\244c\024\213\t\007`\223\325#\3477\210\345P\306\013\320\252[\0216+\227=`\371P\314\346 V\000\000\000\000\000\000\000\000\000\000\000\000\000\000\000\000\000\000\000\000\000\000\000\000\000\000\000\000\000\000\000\000\031\234b\317\317`\233\010\322G\204,\320\251h0d\257S\313\225\031\233\264\307\265\252\323\020eag/\351\252\346/\351\252\347\n\000""; }; nodes {;   nodedata: ""\323C\344\327\264{\312-\017:\006{\177\344N\002\326bO\260\220\006\033\362\345\005U\221DzJ0\001\301\025%1L\307\t\261\262z\374\222T\301\274V\236\223\262\270Ct\362\337b\356\024*\324\320\351\317\002k\336\234\027v\351\217\260\303\360\233ZPZWr\246$w\313\313\r\243r\232\2234\373\3539:N\004Q\245\272D\312D\300\300\t\323\0257\345e\271\na\215{\226\255x%T\257\037\333\004\344_/R\006E\344\037@\210\363\010\336T\226\247'\204_{\261\370""1\235\2445\343\033Y!\212\201\341\272\225'\007\004\032\231\005P_X-c/e\362\021Y\220^\025\236\343l\240\215\254\367\\251eF\035\001D\003\013\003""; }; requestCookie: 5; ","ledgerHash: ""7\271[~\n\237\274|\347\352@K\253~&\260\032\024\004B\200\255h\351\013\361\031:nG\211\005""; ledgerSeq: 17; type: liBASE; nodes {;   nodedata: ""\000\000\000\021\001cEx]\211\377\330\244c\024\213\t\007`\223\325#\3477\210\345P\306\013\320\252[\0216+\227=`\371P\314\346 V\000\000\000\000\000\000\000\000\000\000\000\000\000\000\000\000\000\000\000\000\000\000\000\000\000\000\000\000\000\000\000\000\031\234b\317\317`\233\010\322G\204,\320\251h0d\257S\313\225\031\233\264\307\265\252\323\020eag/\351\252\346/\351\252\347\n\000""; }; nodes {;   nodedata: ""\323C\344\327\264{\312-\017:\006{\177\344N\002\326bO\260\220\006\033\362\345\005U\221DzJ0\001\301\025%1L\307\t\261\262z\374\222T\301\274V\236\223\262\270Ct\362\337b\356\024*\324\320\351\317\002k\336\234\027v\351\217\260\303\360\233ZPZWr\246$w\313\313\r\243r\232\2234\373\3539:N\004Q\245\272D\312D\300\300\t\323\0257\345e\271\na\215{\226\255x%T\257\037\333\004\344_/R\006E\344\037@\210\363\010\336T\226\247'\204_{\261\370""1\235\2445\343\033Y!\212\201\341\272\225'\007\004\032\231\005P_X-c/e\362\021Y\220^\025\236\343l\240\215\254\367\\251eF\035\001D\003\013\003""; }; requestCookie: 5; "
1750527591503,1750527591503,0,1,1,4,TMLedgerData,"ledgerHash: ""7\271[~\n\237\274|\347\352@K\253~&\260\032\024\004B\200\255h\351\013\361\031:nG\211\005""; ledgerSeq: 17; type: liBASE; nodes {;   nodedata: ""\000\000\000\021\001cEx]\211\377\330\244c\024\213\t\007`\223\325#\3477\210\345P\306\013\320\252[\0216+\227=`\371P\314\346 V\000\000\000\000\000\000\000\000\000\000\000\000\000\000\000\000\000\000\000\000\000\000\000\000\000\000\000\000\000\000\000\000\031\234b\317\317`\233\010\322G\204,\320\251h0d\257S\313\225\031\233\264\307\265\252\323\020eag/\351\252\346/\351\252\347\n\000""; }; nodes {;   nodedata: ""\323C\344\327\264{\312-\017:\006{\177\344N\002\326bO\260\220\006\033\362\345\005U\221DzJ0\001\301\025%1L\307\t\261\262z\374\222T\301\274V\236\223\262\270Ct\362\337b\356\024*\324\320\351\317\002k\336\234\027v\351\217\260\303\360\233ZPZWr\246$w\313\313\r\243r\232\2234\373\3539:N\004Q\245\272D\312D\300\300\t\323\0257\345e\271\na\215{\226\255x%T\257\037\333\004\344_/R\006E\344\037@\210\363\010\336T\226\247'\204_{\261\370""1\235\2445\343\033Y!\212\201\341\272\225'\007\004\032\231\005P_X-c/e\362\021Y\220^\025\236\343l\240\215\254\367\\251eF\035\001D\003\013\003""; }; ","ledgerHash: ""7\271[~\n\237\274|\347\352@K\253~&\260\032\024\004B\200\255h\351\013\361\031:nG\211\005""; ledgerSeq: 17; type: liBASE; nodes {;   nodedata: ""\000\000\000\021\001cEx]\211\377\330\244c\024\213\t\007`\223\325#\3477\210\345P\306\013\320\252[\0216+\227=`\371P\314\346 V\000\000\000\000\000\000\000\000\000\000\000\000\000\000\000\000\000\000\000\000\000\000\000\000\000\000\000\000\000\000\000\000\031\234b\317\317`\233\010\322G\204,\320\251h0d\257S\313\225\031\233\264\307\265\252\323\020eag/\351\252\346/\351\252\347\n\000""; }; nodes {;   nodedata: ""\323C\344\327\264{\312-\017:\006{\177\344N\002\326bO\260\220\006\033\362\345\005U\221DzJ0\001\301\025%1L\307\t\261\262z\374\222T\301\274V\236\223\262\270Ct\362\337b\356\024*\324\320\351\317\002k\336\234\027v\351\217\260\303\360\233ZPZWr\246$w\313\313\r\243r\232\2234\373\3539:N\004Q\245\272D\312D\300\300\t\323\0257\345e\271\na\215{\226\255x%T\257\037\333\004\344_/R\006E\344\037@\210\363\010\336T\226\247'\204_{\261\370""1\235\2445\343\033Y!\212\201\341\272\225'\007\004\032\231\005P_X-c/e\362\021Y\220^\025\236\343l\240\215\254\367\\251eF\035\001D\003\013\003""; }; "
1750527591546,1750527591546,0,1,3,1,TMLedgerData,"ledgerHash: ""7\271[~\n\237\274|\347\352@K\253~&\260\032\024\004B\200\255h\351\013\361\031:nG\211\005""; ledgerSeq: 17; type: liAS_NODE; nodes {;   nodedata: ""\021\000h""\000\000\000\000 \033\000\000\000\020\002\023\302_\330\356GuH\375\327!\255\371\r\231\262R\256J\034\222\241\355X\265E\241^W\225\304\014\361CX-}\351f\032\255\274\334m\326c\017\014ao[\342\230\003\245\245\3341Hm\326^\017jy\335\261\032Yt\320\244{g\0306\\302\303*\341\215\223\257\364\277o\375\000r\241SOq\221\253\262\005\017\375T\356\014\360o'\030\311-\267\031\257!\031T\006><\315XM\334\324\345\034\000\325\367\240\271\013\265\024\321\362\354\211\250.\234s\225amc\305\035\366\276\037nD\277`\210\223N\3535\033\261\304f\331]\036\237\306o!\223\221\002\324\031\262\240R\177 ,\214\325\Q])\016\2067\277\t\354\010\000\360\215\2502\265\245\310\226\243c\302Ze\306\253#r\020\211\320iG\276\020E\317\035Sf\223F\254\033@\177e\277\016\010u\327\371&\262\312\317Q\2361t\377x\234\001v\003%\030\325_\225g\204\346a=\225\273\331\354\365*U\363\263N\367b\371\244\314-w\363\262\225Z\200\206\235\233\257?sE\2674\254\326mU\377?\177Ek\336\030!\316Aa\225\303\022\377{\210Y\226\271as\354L\035\004\341\361\035\301\024\220m#*\372\032\3178~\374\250\014*\323\342'z69\220\327\256\351G\367\317u\302\207\270b\315\333\333\334\310I\323&\014\352XZnW2.\335\347\202\021\247\362\212e\034\000\001\250\220\305;a\314\265R\310\017\317\331\235\360\262\240:\277\202\266\354\265X""\022\nh\252\352w\204\203\023]\001f\352\277\0031Q]\362\370R\350{\261\202\240\344\215\201\353\276\322p5p\350\354\017>\250r\241c\273\016\301\024\363\242\247\263\231\370\344\nBW\220K\316@3\243\200\036wk\253GSlU\010\360\231>\331\263H\214\324\030A\225\301o\346pkSF\004\241\213w9\223=\250\262*+\255\351r\265\244c\024\213\t\007`\223\325#\3477\210\345P\306\013\320\252[\0216+\227=`\371P\314\346 V\264\227\2326\315\307\363\323\325\303\032N\256*\307\327 \235\332\207u\210\271\257\306g\231i*\260\326k\001"";   nodeid: ""\260\000\000\000\000\000\000\000\000\000\000\000\000\000\000\000\000\000\000\000\000\000\000\000\000\000\000\000\000\000\000\000\001""; }; ","ledgerHash: ""7\271[~\n\237\274|\347\352@K\253~&\260\032\024\004B\200\255h\351\013\361\031:nG\211\005""; ledgerSeq: 17; type: liAS_NODE; nodes {;   nodedata: ""\021\000h""\000\000\000\000 \033\000\000\000\020\002\023\302_\330\356GuH\375\327!\255\371\r\231\262R\256J\034\222\241\355X\265E\241^W\225\304\014\361CX-}\351f\032\255\274\334m\326c\017\014ao[\342\230\003\245\245\3341Hm\326^\017jy\335\261\032Yt\320\244{g\0306\\302\303*\341\215\223\257\364\277o\375\000r\241SOq\221\253\262\005\017\375T\356\014\360o'\030\311-\267\031\257!\031T\006><\315XM\334\324\345\034\000\325\367\240\271\013\265\024\321\362\354\211\250.\234s\225amc\305\035\366\276\037nD\277`\210\223N\3535\033\261\304f\331]\036\237\306o!\223\221\002\324\031\262\240R\177 ,\214\325\Q])\016\2067\277\t\354\010\000\360\215\2502\265\245\310\226\243c\302Ze\306\253#r\020\211\320iG\276\020E\317\035Sf\223F\254\033@\177e\277\016\010u\327\371&\262\312\317Q\2361t\377x\234\001v\003%\030\325_\225g\204\346a=\225\273\331\354\365*U\363\263N\367b\371\244\314-w\363\262\225Z\200\206\235\233\257?sE\2674\254\326mU\377?\177Ek\336\030!\316Aa\225\303\022\377{\210Y\226\271as\354L\035\004\341\361\035\301\024\220m#*\372\032\3178~\374\250\014*\323\342'z69\220\327\256\351G\367\317u\302\207\270b\315\333\333\334\310I\323&\014\352XZnW2.\335\347\202\021\247\362\212e\034\000\001\250\220\305;a\314\265R\310\017\317\331\235\360\262\240:\277\202\266\354\265X""\022\nh\252\352w\204\203\023]\001f\352\277\0031Q]\362\370R\350{\261\202\240\344\215\201\353\276\322p5p\350\354\017>\250r\241c\273\016\301\024\363\242\247\263\231\370\344\nBW\220K\316@3\243\200\036wk\253GSlU\010\360\231>\331\263H\214\324\030A\225\301o\346pkSF\004\241\213w9\223=\250\262*+\255\351r\265\244c\024\213\t\007`\223\325#\3477\210\345P\306\013\320\252[\0216+\227=`\371P\314\346 V\264\227\2326\315\307\363\323\325\303\032N\256*\307\327 \235\332\207u\210\271\257\306g\231i*\260\326k\001"";   nodeid: ""\260\000\000\000\000\000\000\000\000\000\000\000\000\000\000\000\000\000\000\000\000\000\000\000\000\000\000\000\000\000\000\000\001""; }; "
1750527591596,1750527591596,0,1,4,0,TMStatusChange,"newEvent: neACCEPTED_LEDGER; ledgerSeq: 17; ledgerHash: ""7\271[~\n\237\274|\347\352@K\253~&\260\032\024\004B\200\255h\351\013\361\031:nG\211\005""; ledgerHashPrevious: ""\244c\024\213\t\007`\223\325#\3477\210\345P\306\013\320\252[\0216+\227=`\371P\314\346 V""; networkTime: 803842791; firstSeq: 1; lastSeq: 16; ","newEvent: neACCEPTED_LEDGER; ledgerSeq: 17; ledgerHash: ""7\271[~\n\237\274|\347\352@K\253~&\260\032\024\004B\200\255h\351\013\361\031:nG\211\005""; ledgerHashPrevious: ""\244c\024\213\t\007`\223\325#\3477\210\345P\306\013\320\252[\0216+\227=`\371P\314\346 V""; networkTime: 803842791; firstSeq: 1; lastSeq: 16; "
1750527591596,1750527591596,0,1,4,2,TMStatusChange,"newEvent: neACCEPTED_LEDGER; ledgerSeq: 17; ledgerHash: ""7\271[~\n\237\274|\347\352@K\253~&\260\032\024\004B\200\255h\351\013\361\031:nG\211\005""; ledgerHashPrevious: ""\244c\024\213\t\007`\223\325#\3477\210\345P\306\013\320\252[\0216+\227=`\371P\314\346 V""; networkTime: 803842791; firstSeq: 1; lastSeq: 16; ","newEvent: neACCEPTED_LEDGER; ledgerSeq: 17; ledgerHash: ""7\271[~\n\237\274|\347\352@K\253~&\260\032\024\004B\200\255h\351\013\361\031:nG\211\005""; ledgerHashPrevious: ""\244c\024\213\t\007`\223\325#\3477\210\345P\306\013\320\252[\0216+\227=`\371P\314\346 V""; networkTime: 803842791; firstSeq: 1; lastSeq: 16; "
1750527591596,1750527591596,0,1,4,3,TMStatusChange,"newEvent: neACCEPTED_LEDGER; ledgerSeq: 17; ledgerHash: ""7\271[~\n\237\274|\347\352@K\253~&\260\032\024\004B\200\255h\351\013\361\031:nG\211\005""; ledgerHashPrevious: ""\244c\024\213\t\007`\223\325#\3477\210\345P\306\013\320\252[\0216+\227=`\371P\314\346 V""; networkTime: 803842791; firstSeq: 1; lastSeq: 16; ","newEvent: neACCEPTED_LEDGER; ledgerSeq: 17; ledgerHash: ""7\271[~\n\237\274|\347\352@K\253~&\260\032\024\004B\200\255h\351\013\361\031:nG\211\005""; ledgerHashPrevious: ""\244c\024\213\t\007`\223\325#\3477\210\345P\306\013\320\252[\0216+\227=`\371P\314\346 V""; networkTime: 803842791; firstSeq: 1; lastSeq: 16; "
1750527591596,1750527591597,0,1,4,1,TMStatusChange,"newEvent: neACCEPTED_LEDGER; ledgerSeq: 17; ledgerHash: ""7\271[~\n\237\274|\347\352@K\253~&\260\032\024\004B\200\255h\351\013\361\031:nG\211\005""; ledgerHashPrevious: ""\244c\024\213\t\007`\223\325#\3477\210\345P\306\013\320\252[\0216+\227=`\371P\314\346 V""; networkTime: 803842791; firstSeq: 1; lastSeq: 16; ","newEvent: neACCEPTED_LEDGER; ledgerSeq: 17; ledgerHash: ""7\271[~\n\237\274|\347\352@K\253~&\260\032\024\004B\200\255h\351\013\361\031:nG\211\005""; ledgerHashPrevious: ""\244c\024\213\t\007`\223\325#\3477\210\345P\306\013\320\252[\0216+\227=`\371P\314\346 V""; networkTime: 803842791; firstSeq: 1; lastSeq: 16; "
1750527591638,1750527591638,0,1,4,2,TMValidation,"validation: """"\200\000\000\001&\000\000\000\021)/\351\252\347:\r\302\353\023?\373\240rQ7\271[~\n\237\274|\347\352@K\253~&\260\032\024\004B\200\255h\351\013\361\031:nG\211\005P\027\000\000\000\000\000\000\000\000\000\000\000\000\000\000\000\000\000\000\000\000\000\000\000\000\000\000\000\000\000\000\000\000P\031\244c\024\213\t\007`\223\325#\3477\210\345P\306\013\320\252[\0216+\227=`\371P\314\346 Vs!\003R7o\362bV\300hf\266\241;}\200^\374\240\203[:\342Q\225\221\027y\372\255\235\216\323~vG0E\002!\000\253\004H\177\236;8\331\310[\222yU\031\014M\317\177$Z\245*\241""\2323a\020\351\\212\364\002 DCX\226\243FZh\215\315_q\275yN\350\264\006\221\226\024\321\235j\374\273\2600\226\365\016\222""; ","validation: """"\200\000\000\001&\000\000\000\021)/\351\252\347:\r\302\353\023?\373\240rQ7\271[~\n\237\274|\347\352@K\253~&\260\032\024\004B\200\255h\351\013\361\031:nG\211\005P\027\000\000\000\000\000\000\000\000\000\000\000\000\000\000\000\000\000\000\000\000\000\000\000\000\000\000\000\000\000\000\000\000P\031\244c\024\213\t\007`\223\325#\3477\210\345P\306\013\320\252[\0216+\227=`\371P\314\346 Vs!\003R7o\362bV\300hf\266\241;}\200^\374\240\203[:\342Q\225\221\027y\372\255\235\216\323~vG0E\002!\000\253\004H\177\236;8\331\310[\222yU\031\014M\317\177$Z\245*\241""\2323a\020\351\\212\364\002 DCX\226\243FZh\215\315_q\275yN\350\264\006\221\226\024\321\235j\374\273\2600\226\365\016\222""; "
1750527591638,1750527591638,0,1,4,3,TMValidation,"validation: """"\200\000\000\001&\000\000\000\021)/\351\252\347:\r\302\353\023?\373\240rQ7\271[~\n\237\274|\347\352@K\253~&\260\032\024\004B\200\255h\351\013\361\031:nG\211\005P\027\000\000\000\000\000\000\000\000\000\000\000\000\000\000\000\000\000\000\000\000\000\000\000\000\000\000\000\000\000\000\000\000P\031\244c\024\213\t\007`\223\325#\3477\210\345P\306\013\320\252[\0216+\227=`\371P\314\346 Vs!\003R7o\362bV\300hf\266\241;}\200^\374\240\203[:\342Q\225\221\027y\372\255\235\216\323~vG0E\002!\000\253\004H\177\236;8\331\310[\222yU\031\014M\317\177$Z\245*\241""\2323a\020\351\\212\364\002 DCX\226\243FZh\215\315_q\275yN\350\264\006\221\226\024\321\235j\374\273\2600\226\365\016\222""; ","validation: """"\200\000\000\001&\000\000\000\021)/\351\252\347:\r\302\353\023?\373\240rQ7\271[~\n\237\274|\347\352@K\253~&\260\032\024\004B\200\255h\351\013\361\031:nG\211\005P\027\000\000\000\000\000\000\000\000\000\000\000\000\000\000\000\000\000\000\000\000\000\000\000\000\000\000\000\000\000\000\000\000P\031\244c\024\213\t\007`\223\325#\3477\210\345P\306\013\320\252[\0216+\227=`\371P\314\346 Vs!\003R7o\362bV\300hf\266\241;}\200^\374\240\203[:\342Q\225\221\027y\372\255\235\216\323~vG0E\002!\000\253\004H\177\236;8\331\310[\222yU\031\014M\317\177$Z\245*\241""\2323a\020\351\\212\364\002 DCX\226\243FZh\215\315_q\275yN\350\264\006\221\226\024\321\235j\374\273\2600\226\365\016\222""; "
1750527591639,1750527591639,0,1,4,0,TMValidation,"validation: """"\200\000\000\001&\000\000\000\021)/\351\252\347:\r\302\353\023?\373\240rQ7\271[~\n\237\274|\347\352@K\253~&\260\032\024\004B\200\255h\351\013\361\031:nG\211\005P\027\000\000\000\000\000\000\000\000\000\000\000\000\000\000\000\000\000\000\000\000\000\000\000\000\000\000\000\000\000\000\000\000P\031\244c\024\213\t\007`\223\325#\3477\210\345P\306\013\320\252[\0216+\227=`\371P\314\346 Vs!\003R7o\362bV\300hf\266\241;}\200^\374\240\203[:\342Q\225\221\027y\372\255\235\216\323~vG0E\002!\000\253\004H\177\236;8\331\310[\222yU\031\014M\317\177$Z\245*\241""\2323a\020\351\\212\364\002 DCX\226\243FZh\215\315_q\275yN\350\264\006\221\226\024\321\235j\374\273\2600\226\365\016\222""; ","validation: """"\200\000\000\001&\000\000\000\021)/\351\252\347:\r\302\353\023?\373\240rQ7\271[~\n\237\274|\347\352@K\253~&\260\032\024\004B\200\255h\351\013\361\031:nG\211\005P\027\000\000\000\000\000\000\000\000\000\000\000\000\000\000\000\000\000\000\000\000\000\000\000\000\000\000\000\000\000\000\000\000P\031\244c\024\213\t\007`\223\325#\3477\210\345P\306\013\320\252[\0216+\227=`\371P\314\346 Vs!\003R7o\362bV\300hf\266\241;}\200^\374\240\203[:\342Q\225\221\027y\372\255\235\216\323~vG0E\002!\000\253\004H\177\236;8\331\310[\222yU\031\014M\317\177$Z\245*\241""\2323a\020\351\\212\364\002 DCX\226\243FZh\215\315_q\275yN\350\264\006\221\226\024\321\235j\374\273\2600\226\365\016\222""; "
1750527591639,1750527591639,0,1,4,1,TMValidation,"validation: """"\200\000\000\001&\000\000\000\021)/\351\252\347:\r\302\353\023?\373\240rQ7\271[~\n\237\274|\347\352@K\253~&\260\032\024\004B\200\255h\351\013\361\031:nG\211\005P\027\000\000\000\000\000\000\000\000\000\000\000\000\000\000\000\000\000\000\000\000\000\000\000\000\000\000\000\000\000\000\000\000P\031\244c\024\213\t\007`\223\325#\3477\210\345P\306\013\320\252[\0216+\227=`\371P\314\346 Vs!\003R7o\362bV\300hf\266\241;}\200^\374\240\203[:\342Q\225\221\027y\372\255\235\216\323~vG0E\002!\000\253\004H\177\236;8\331\310[\222yU\031\014M\317\177$Z\245*\241""\2323a\020\351\\212\364\002 DCX\226\243FZh\215\315_q\275yN\350\264\006\221\226\024\321\235j\374\273\2600\226\365\016\222""; ","validation: """"\200\000\000\001&\000\000\000\021)/\351\252\347:\r\302\353\023?\373\240rQ7\271[~\n\237\274|\347\352@K\253~&\260\032\024\004B\200\255h\351\013\361\031:nG\211\005P\027\000\000\000\000\000\000\000\000\000\000\000\000\000\000\000\000\000\000\000\000\000\000\000\000\000\000\000\000\000\000\000\000P\031\244c\024\213\t\007`\223\325#\3477\210\345P\306\013\320\252[\0216+\227=`\371P\314\346 Vs!\003R7o\362bV\300hf\266\241;}\200^\374\240\203[:\342Q\225\221\027y\372\255\235\216\323~vG0E\002!\000\253\004H\177\236;8\331\310[\222yU\031\014M\317\177$Z\245*\241""\2323a\020\351\\212\364\002 DCX\226\243FZh\215\315_q\275yN\350\264\006\221\226\024\321\235j\374\273\2600\226\365\016\222""; "
1750527591641,1750527591641,0,1,2,0,TMValidation,"validation: """"\200\000\000\001&\000\000\000\021)/\351\252\347:\r\302\353\023?\373\240rQ7\271[~\n\237\274|\347\352@K\253~&\260\032\024\004B\200\255h\351\013\361\031:nG\211\005P\027\000\000\000\000\000\000\000\000\000\000\000\000\000\000\000\000\000\000\000\000\000\000\000\000\000\000\000\000\000\000\000\000P\031\244c\024\213\t\007`\223\325#\3477\210\345P\306\013\320\252[\0216+\227=`\371P\314\346 Vs!\003R7o\362bV\300hf\266\241;}\200^\374\240\203[:\342Q\225\221\027y\372\255\235\216\323~vG0E\002!\000\253\004H\177\236;8\331\310[\222yU\031\014M\317\177$Z\245*\241""\2323a\020\351\\212\364\002 DCX\226\243FZh\215\315_q\275yN\350\264\006\221\226\024\321\235j\374\273\2600\226\365\016\222""; ","validation: """"\200\000\000\001&\000\000\000\021)/\351\252\347:\r\302\353\023?\373\240rQ7\271[~\n\237\274|\347\352@K\253~&\260\032\024\004B\200\255h\351\013\361\031:nG\211\005P\027\000\000\000\000\000\000\000\000\000\000\000\000\000\000\000\000\000\000\000\000\000\000\000\000\000\000\000\000\000\000\000\000P\031\244c\024\213\t\007`\223\325#\3477\210\345P\306\013\320\252[\0216+\227=`\371P\314\346 Vs!\003R7o\362bV\300hf\266\241;}\200^\374\240\203[:\342Q\225\221\027y\372\255\235\216\323~vG0E\002!\000\253\004H\177\236;8\331\310[\222yU\031\014M\317\177$Z\245*\241""\2323a\020\351\\212\364\002 DCX\226\243FZh\215\315_q\275yN\350\264\006\221\226\024\321\235j\374\273\2600\226\365\016\222""; "
1750527591641,1750527591641,0,1,2,3,TMValidation,"validation: """"\200\000\000\001&\000\000\000\021)/\351\252\347:\r\302\353\023?\373\240rQ7\271[~\n\237\274|\347\352@K\253~&\260\032\024\004B\200\255h\351\013\361\031:nG\211\005P\027\000\000\000\000\000\000\000\000\000\000\000\000\000\000\000\000\000\000\000\000\000\000\000\000\000\000\000\000\000\000\000\000P\031\244c\024\213\t\007`\223\325#\3477\210\345P\306\013\320\252[\0216+\227=`\371P\314\346 Vs!\003R7o\362bV\300hf\266\241;}\200^\374\240\203[:\342Q\225\221\027y\372\255\235\216\323~vG0E\002!\000\253\004H\177\236;8\331\310[\222yU\031\014M\317\177$Z\245*\241""\2323a\020\351\\212\364\002 DCX\226\243FZh\215\315_q\275yN\350\264\006\221\226\024\321\235j\374\273\2600\226\365\016\222""; ","validation: """"\200\000\000\001&\000\000\000\021)/\351\252\347:\r\302\353\023?\373\240rQ7\271[~\n\237\274|\347\352@K\253~&\260\032\024\004B\200\255h\351\013\361\031:nG\211\005P\027\000\000\000\000\000\000\000\000\000\000\000\000\000\000\000\000\000\000\000\000\000\000\000\000\000\000\000\000\000\000\000\000P\031\244c\024\213\t\007`\223\325#\3477\210\345P\306\013\320\252[\0216+\227=`\371P\314\346 Vs!\003R7o\362bV\300hf\266\241;}\200^\374\240\203[:\342Q\225\221\027y\372\255\235\216\323~vG0E\002!\000\253\004H\177\236;8\331\310[\222yU\031\014M\317\177$Z\245*\241""\2323a\020\351\\212\364\002 DCX\226\243FZh\215\315_q\275yN\350\264\006\221\226\024\321\235j\374\273\2600\226\365\016\222""; "
1750527591643,1750527591643,0,1,3,2,TMValidation,"validation: """"\200\000\000\001&\000\000\000\021)/\351\252\347:\r\302\353\023?\373\240rQ7\271[~\n\237\274|\347\352@K\253~&\260\032\024\004B\200\255h\351\013\361\031:nG\211\005P\027\000\000\000\000\000\000\000\000\000\000\000\000\000\000\000\000\000\000\000\000\000\000\000\000\000\000\000\000\000\000\000\000P\031\244c\024\213\t\007`\223\325#\3477\210\345P\306\013\320\252[\0216+\227=`\371P\314\346 Vs!\003R7o\362bV\300hf\266\241;}\200^\374\240\203[:\342Q\225\221\027y\372\255\235\216\323~vG0E\002!\000\253\004H\177\236;8\331\310[\222yU\031\014M\317\177$Z\245*\241""\2323a\020\351\\212\364\002 DCX\226\243FZh\215\315_q\275yN\350\264\006\221\226\024\321\235j\374\273\2600\226\365\016\222""; ","validation: """"\200\000\000\001&\000\000\000\021)/\351\252\347:\r\302\353\023?\373\240rQ7\271[~\n\237\274|\347\352@K\253~&\260\032\024\004B\200\255h\351\013\361\031:nG\211\005P\027\000\000\000\000\000\000\000\000\000\000\000\000\000\000\000\000\000\000\000\000\000\000\000\000\000\000\000\000\000\000\000\000P\031\244c\024\213\t\007`\223\325#\3477\210\345P\306\013\320\252[\0216+\227=`\371P\314\346 Vs!\003R7o\362bV\300hf\266\241;}\200^\374\240\203[:\342Q\225\221\027y\372\255\235\216\323~vG0E\002!\000\253\004H\177\236;8\331\310[\222yU\031\014M\317\177$Z\245*\241""\2323a\020\351\\212\364\002 DCX\226\243FZh\215\315_q\275yN\350\264\006\221\226\024\321\235j\374\273\2600\226\365\016\222""; "
1750527591643,1750527591643,0,1,3,0,TMValidation,"validation: """"\200\000\000\001&\000\000\000\021)/\351\252\347:\r\302\353\023?\373\240rQ7\271[~\n\237\274|\347\352@K\253~&\260\032\024\004B\200\255h\351\013\361\031:nG\211\005P\027\000\000\000\000\000\000\000\000\000\000\000\000\000\000\000\000\000\000\000\000\000\000\000\000\000\000\000\000\000\000\000\000P\031\244c\024\213\t\007`\223\325#\3477\210\345P\306\013\320\252[\0216+\227=`\371P\314\346 Vs!\003R7o\362bV\300hf\266\241;}\200^\374\240\203[:\342Q\225\221\027y\372\255\235\216\323~vG0E\002!\000\253\004H\177\236;8\331\310[\222yU\031\014M\317\177$Z\245*\241""\2323a\020\351\\212\364\002 DCX\226\243FZh\215\315_q\275yN\350\264\006\221\226\024\321\235j\374\273\2600\226\365\016\222""; ","validation: """"\200\000\000\001&\000\000\000\021)/\351\252\347:\r\302\353\023?\373\240rQ7\271[~\n\237\274|\347\352@K\253~&\260\032\024\004B\200\255h\351\013\361\031:nG\211\005P\027\000\000\000\000\000\000\000\000\000\000\000\000\000\000\000\000\000\000\000\000\000\000\000\000\000\000\000\000\000\000\000\000P\031\244c\024\213\t\007`\223\325#\3477\210\345P\306\013\320\252[\0216+\227=`\371P\314\346 Vs!\003R7o\362bV\300hf\266\241;}\200^\374\240\203[:\342Q\225\221\027y\372\255\235\216\323~vG0E\002!\000\253\004H\177\236;8\331\310[\222yU\031\014M\317\177$Z\245*\241""\2323a\020\351\\212\364\002 DCX\226\243FZh\215\315_q\275yN\350\264\006\221\226\024\321\235j\374\273\2600\226\365\016\222""; "
1750527591643,1750527591643,0,1,3,1,TMValidation,"validation: """"\200\000\000\001&\000\000\000\021)/\351\252\347:\r\302\353\023?\373\240rQ7\271[~\n\237\274|\347\352@K\253~&\260\032\024\004B\200\255h\351\013\361\031:nG\211\005P\027\000\000\000\000\000\000\000\000\000\000\000\000\000\000\000\000\000\000\000\000\000\000\000\000\000\000\000\000\000\000\000\000P\031\244c\024\213\t\007`\223\325#\3477\210\345P\306\013\320\252[\0216+\227=`\371P\314\346 Vs!\003R7o\362bV\300hf\266\241;}\200^\374\240\203[:\342Q\225\221\027y\372\255\235\216\323~vG0E\002!\000\253\004H\177\236;8\331\310[\222yU\031\014M\317\177$Z\245*\241""\2323a\020\351\\212\364\002 DCX\226\243FZh\215\315_q\275yN\350\264\006\221\226\024\321\235j\374\273\2600\226\365\016\222""; ","validation: """"\200\000\000\001&\000\000\000\021)/\351\252\347:\r\302\353\023?\373\240rQ7\271[~\n\237\274|\347\352@K\253~&\260\032\024\004B\200\255h\351\013\361\031:nG\211\005P\027\000\000\000\000\000\000\000\000\000\000\000\000\000\000\000\000\000\000\000\000\000\000\000\000\000\000\000\000\000\000\000\000P\031\244c\024\213\t\007`\223\325#\3477\210\345P\306\013\320\252[\0216+\227=`\371P\314\346 Vs!\003R7o\362bV\300hf\266\241;}\200^\374\240\203[:\342Q\225\221\027y\372\255\235\216\323~vG0E\002!\000\253\004H\177\236;8\331\310[\222yU\031\014M\317\177$Z\245*\241""\2323a\020\351\\212\364\002 DCX\226\243FZh\215\315_q\275yN\350\264\006\221\226\024\321\235j\374\273\2600\226\365\016\222""; "
1750527591642,1750527591642,0,1,2,1,TMValidation,"validation: """"\200\000\000\001&\000\000\000\021)/\351\252\347:\r\302\353\023?\373\240rQ7\271[~\n\237\274|\347\352@K\253~&\260\032\024\004B\200\255h\351\013\361\031:nG\211\005P\027\000\000\000\000\000\000\000\000\000\000\000\000\000\000\000\000\000\000\000\000\000\000\000\000\000\000\000\000\000\000\000\000P\031\244c\024\213\t\007`\223\325#\3477\210\345P\306\013\320\252[\0216+\227=`\371P\314\346 Vs!\003R7o\362bV\300hf\266\241;}\200^\374\240\203[:\342Q\225\221\027y\372\255\235\216\323~vG0E\002!\000\253\004H\177\236;8\331\310[\222yU\031\014M\317\177$Z\245*\241""\2323a\020\351\\212\364\002 DCX\226\243FZh\215\315_q\275yN\350\264\006\221\226\024\321\235j\374\273\2600\226\365\016\222""; ","validation: """"\200\000\000\001&\000\000\000\021)/\351\252\347:\r\302\353\023?\373\240rQ7\271[~\n\237\274|\347\352@K\253~&\260\032\024\004B\200\255h\351\013\361\031:nG\211\005P\027\000\000\000\000\000\000\000\000\000\000\000\000\000\000\000\000\000\000\000\000\000\000\000\000\000\000\000\000\000\000\000\000P\031\244c\024\213\t\007`\223\325#\3477\210\345P\306\013\320\252[\0216+\227=`\371P\314\346 Vs!\003R7o\362bV\300hf\266\241;}\200^\374\240\203[:\342Q\225\221\027y\372\255\235\216\323~vG0E\002!\000\253\004H\177\236;8\331\310[\222yU\031\014M\317\177$Z\245*\241""\2323a\020\351\\212\364\002 DCX\226\243FZh\215\315_q\275yN\350\264\006\221\226\024\321\235j\374\273\2600\226\365\016\222""; "
1750527591644,1750527591644,0,1,0,3,TMValidation,"validation: """"\200\000\000\001&\000\000\000\021)/\351\252\347:\r\302\353\023?\373\240rQ7\271[~\n\237\274|\347\352@K\253~&\260\032\024\004B\200\255h\351\013\361\031:nG\211\005P\027\000\000\000\000\000\000\000\000\000\000\000\000\000\000\000\000\000\000\000\000\000\000\000\000\000\000\000\000\000\000\000\000P\031\244c\024\213\t\007`\223\325#\3477\210\345P\306\013\320\252[\0216+\227=`\371P\314\346 Vs!\003R7o\362bV\300hf\266\241;}\200^\374\240\203[:\342Q\225\221\027y\372\255\235\216\323~vG0E\002!\000\253\004H\177\236;8\331\310[\222yU\031\014M\317\177$Z\245*\241""\2323a\020\351\\212\364\002 DCX\226\243FZh\215\315_q\275yN\350\264\006\221\226\024\321\235j\374\273\2600\226\365\016\222""; ","validation: """"\200\000\000\001&\000\000\000\021)/\351\252\347:\r\302\353\023?\373\240rQ7\271[~\n\237\274|\347\352@K\253~&\260\032\024\004B\200\255h\351\013\361\031:nG\211\005P\027\000\000\000\000\000\000\000\000\000\000\000\000\000\000\000\000\000\000\000\000\000\000\000\000\000\000\000\000\000\000\000\000P\031\244c\024\213\t\007`\223\325#\3477\210\345P\306\013\320\252[\0216+\227=`\371P\314\346 Vs!\003R7o\362bV\300hf\266\241;}\200^\374\240\203[:\342Q\225\221\027y\372\255\235\216\323~vG0E\002!\000\253\004H\177\236;8\331\310[\222yU\031\014M\317\177$Z\245*\241""\2323a\020\351\\212\364\002 DCX\226\243FZh\215\315_q\275yN\350\264\006\221\226\024\321\235j\374\273\2600\226\365\016\222""; "
1750527591644,1750527591645,0,1,0,2,TMValidation,"validation: """"\200\000\000\001&\000\000\000\021)/\351\252\347:\r\302\353\023?\373\240rQ7\271[~\n\237\274|\347\352@K\253~&\260\032\024\004B\200\255h\351\013\361\031:nG\211\005P\027\000\000\000\000\000\000\000\000\000\000\000\000\000\000\000\000\000\000\000\000\000\000\000\000\000\000\000\000\000\000\000\000P\031\244c\024\213\t\007`\223\325#\3477\210\345P\306\013\320\252[\0216+\227=`\371P\314\346 Vs!\003R7o\362bV\300hf\266\241;}\200^\374\240\203[:\342Q\225\221\027y\372\255\235\216\323~vG0E\002!\000\253\004H\177\236;8\331\310[\222yU\031\014M\317\177$Z\245*\241""\2323a\020\351\\212\364\002 DCX\226\243FZh\215\315_q\275yN\350\264\006\221\226\024\321\235j\374\273\2600\226\365\016\222""; ","validation: """"\200\000\000\001&\000\000\000\021)/\351\252\347:\r\302\353\023?\373\240rQ7\271[~\n\237\274|\347\352@K\253~&\260\032\024\004B\200\255h\351\013\361\031:nG\211\005P\027\000\000\000\000\000\000\000\000\000\000\000\000\000\000\000\000\000\000\000\000\000\000\000\000\000\000\000\000\000\000\000\000P\031\244c\024\213\t\007`\223\325#\3477\210\345P\306\013\320\252[\0216+\227=`\371P\314\346 Vs!\003R7o\362bV\300hf\266\241;}\200^\374\240\203[:\342Q\225\221\027y\372\255\235\216\323~vG0E\002!\000\253\004H\177\236;8\331\310[\222yU\031\014M\317\177$Z\245*\241""\2323a\020\351\\212\364\002 DCX\226\243FZh\215\315_q\275yN\350\264\006\221\226\024\321\235j\374\273\2600\226\365\016\222""; "
1750527591645,1750527591645,0,1,0,1,TMValidation,"validation: """"\200\000\000\001&\000\000\000\021)/\351\252\347:\r\302\353\023?\373\240rQ7\271[~\n\237\274|\347\352@K\253~&\260\032\024\004B\200\255h\351\013\361\031:nG\211\005P\027\000\000\000\000\000\000\000\000\000\000\000\000\000\000\000\000\000\000\000\000\000\000\000\000\000\000\000\000\000\000\000\000P\031\244c\024\213\t\007`\223\325#\3477\210\345P\306\013\320\252[\0216+\227=`\371P\314\346 Vs!\003R7o\362bV\300hf\266\241;}\200^\374\240\203[:\342Q\225\221\027y\372\255\235\216\323~vG0E\002!\000\253\004H\177\236;8\331\310[\222yU\031\014M\317\177$Z\245*\241""\2323a\020\351\\212\364\002 DCX\226\243FZh\215\315_q\275yN\350\264\006\221\226\024\321\235j\374\273\2600\226\365\016\222""; ","validation: """"\200\000\000\001&\000\000\000\021)/\351\252\347:\r\302\353\023?\373\240rQ7\271[~\n\237\274|\347\352@K\253~&\260\032\024\004B\200\255h\351\013\361\031:nG\211\005P\027\000\000\000\000\000\000\000\000\000\000\000\000\000\000\000\000\000\000\000\000\000\000\000\000\000\000\000\000\000\000\000\000P\031\244c\024\213\t\007`\223\325#\3477\210\345P\306\013\320\252[\0216+\227=`\371P\314\346 Vs!\003R7o\362bV\300hf\266\241;}\200^\374\240\203[:\342Q\225\221\027y\372\255\235\216\323~vG0E\002!\000\253\004H\177\236;8\331\310[\222yU\031\014M\317\177$Z\245*\241""\2323a\020\351\\212\364\002 DCX\226\243FZh\215\315_q\275yN\350\264\006\221\226\024\321\235j\374\273\2600\226\365\016\222""; "
1750527591645,1750527591645,0,1,1,2,TMValidation,"validation: """"\200\000\000\001&\000\000\000\021)/\351\252\347:\r\302\353\023?\373\240rQ7\271[~\n\237\274|\347\352@K\253~&\260\032\024\004B\200\255h\351\013\361\031:nG\211\005P\027\000\000\000\000\000\000\000\000\000\000\000\000\000\000\000\000\000\000\000\000\000\000\000\000\000\000\000\000\000\000\000\000P\031\244c\024\213\t\007`\223\325#\3477\210\345P\306\013\320\252[\0216+\227=`\371P\314\346 Vs!\003R7o\362bV\300hf\266\241;}\200^\374\240\203[:\342Q\225\221\027y\372\255\235\216\323~vG0E\002!\000\253\004H\177\236;8\331\310[\222yU\031\014M\317\177$Z\245*\241""\2323a\020\351\\212\364\002 DCX\226\243FZh\215\315_q\275yN\350\264\006\221\226\024\321\235j\374\273\2600\226\365\016\222""; ","validation: """"\200\000\000\001&\000\000\000\021)/\351\252\347:\r\302\353\023?\373\240rQ7\271[~\n\237\274|\347\352@K\253~&\260\032\024\004B\200\255h\351\013\361\031:nG\211\005P\027\000\000\000\000\000\000\000\000\000\000\000\000\000\000\000\000\000\000\000\000\000\000\000\000\000\000\000\000\000\000\000\000P\031\244c\024\213\t\007`\223\325#\3477\210\345P\306\013\320\252[\0216+\227=`\371P\314\346 Vs!\003R7o\362bV\300hf\266\241;}\200^\374\240\203[:\342Q\225\221\027y\372\255\235\216\323~vG0E\002!\000\253\004H\177\236;8\331\310[\222yU\031\014M\317\177$Z\245*\241""\2323a\020\351\\212\364\002 DCX\226\243FZh\215\315_q\275yN\350\264\006\221\226\024\321\235j\374\273\2600\226\365\016\222""; "
1750527591646,1750527591646,0,1,1,0,TMValidation,"validation: """"\200\000\000\001&\000\000\000\021)/\351\252\347:\r\302\353\023?\373\240rQ7\271[~\n\237\274|\347\352@K\253~&\260\032\024\004B\200\255h\351\013\361\031:nG\211\005P\027\000\000\000\000\000\000\000\000\000\000\000\000\000\000\000\000\000\000\000\000\000\000\000\000\000\000\000\000\000\000\000\000P\031\244c\024\213\t\007`\223\325#\3477\210\345P\306\013\320\252[\0216+\227=`\371P\314\346 Vs!\003R7o\362bV\300hf\266\241;}\200^\374\240\203[:\342Q\225\221\027y\372\255\235\216\323~vG0E\002!\000\253\004H\177\236;8\331\310[\222yU\031\014M\317\177$Z\245*\241""\2323a\020\351\\212\364\002 DCX\226\243FZh\215\315_q\275yN\350\264\006\221\226\024\321\235j\374\273\2600\226\365\016\222""; ","validation: """"\200\000\000\001&\000\000\000\021)/\351\252\347:\r\302\353\023?\373\240rQ7\271[~\n\237\274|\347\352@K\253~&\260\032\024\004B\200\255h\351\013\361\031:nG\211\005P\027\000\000\000\000\000\000\000\000\000\000\000\000\000\000\000\000\000\000\000\000\000\000\000\000\000\000\000\000\000\000\000\000P\031\244c\024\213\t\007`\223\325#\3477\210\345P\306\013\320\252[\0216+\227=`\371P\314\346 Vs!\003R7o\362bV\300hf\266\241;}\200^\374\240\203[:\342Q\225\221\027y\372\255\235\216\323~vG0E\002!\000\253\004H\177\236;8\331\310[\222yU\031\014M\317\177$Z\245*\241""\2323a\020\351\\212\364\002 DCX\226\243FZh\215\315_q\275yN\350\264\006\221\226\024\321\235j\374\273\2600\226\365\016\222""; "
1750527591646,1750527591646,0,1,1,3,TMValidation,"validation: """"\200\000\000\001&\000\000\000\021)/\351\252\347:\r\302\353\023?\373\240rQ7\271[~\n\237\274|\347\352@K\253~&\260\032\024\004B\200\255h\351\013\361\031:nG\211\005P\027\000\000\000\000\000\000\000\000\000\000\000\000\000\000\000\000\000\000\000\000\000\000\000\000\000\000\000\000\000\000\000\000P\031\244c\024\213\t\007`\223\325#\3477\210\345P\306\013\320\252[\0216+\227=`\371P\314\346 Vs!\003R7o\362bV\300hf\266\241;}\200^\374\240\203[:\342Q\225\221\027y\372\255\235\216\323~vG0E\002!\000\253\004H\177\236;8\331\310[\222yU\031\014M\317\177$Z\245*\241""\2323a\020\351\\212\364\002 DCX\226\243FZh\215\315_q\275yN\350\264\006\221\226\024\321\235j\374\273\2600\226\365\016\222""; ","validation: """"\200\000\000\001&\000\000\000\021)/\351\252\347:\r\302\353\023?\373\240rQ7\271[~\n\237\274|\347\352@K\253~&\260\032\024\004B\200\255h\351\013\361\031:nG\211\005P\027\000\000\000\000\000\000\000\000\000\000\000\000\000\000\000\000\000\000\000\000\000\000\000\000\000\000\000\000\000\000\000\000P\031\244c\024\213\t\007`\223\325#\3477\210\345P\306\013\320\252[\0216+\227=`\371P\314\346 Vs!\003R7o\362bV\300hf\266\241;}\200^\374\240\203[:\342Q\225\221\027y\372\255\235\216\323~vG0E\002!\000\253\004H\177\236;8\331\310[\222yU\031\014M\317\177$Z\245*\241""\2323a\020\351\\212\364\002 DCX\226\243FZh\215\315_q\275yN\350\264\006\221\226\024\321\235j\374\273\2600\226\365\016\222""; "
1750527592432,1750527592432,0,1,3,4,TMProposeSet,"proposeSeq: 0; currentTxHash: ""\000\000\000\000\000\000\000\000\000\000\000\000\000\000\000\000\000\000\000\000\000\000\000\000\000\000\000\000\000\000\000\000""; nodePubKey: ""\002\364d\217\366\217|\316F\232\231\241\n\261\333`\312O\367\235\025DD\336e\367\n\312\326\221\037\025\230""; closeTime: 803842792; signature: ""0D\002 1\244a)JF\010y\241Ta\252]phD\272s\350\177f\227 Li\226\016\211\362kFF\002 d\230\223|\016\017M:\315@\256\376<T\n\3435\013S]\005\344\223\263\325i\265X)-\000M""; previousledger: ""7\271[~\n\237\274|\347\352@K\253~&\260\032\024\004B\200\255h\351\013\361\031:nG\211\005""; ","proposeSeq: 0; currentTxHash: ""\000\000\000\000\000\000\000\000\000\000\000\000\000\000\000\000\000\000\000\000\000\000\000\000\000\000\000\000\000\000\000\000""; nodePubKey: ""\002\364d\217\366\217|\316F\232\231\241\n\261\333`\312O\367\235\025DD\336e\367\n\312\326\221\037\025\230""; closeTime: 803842792; signature: ""0D\002 1\244a)JF\010y\241Ta\252]phD\272s\350\177f\227 Li\226\016\211\362kFF\002 d\230\223|\016\017M:\315@\256\376<T\n\3435\013S]\005\344\223\263\325i\265X)-\000M""; previousledger: ""7\271[~\n\237\274|\347\352@K\253~&\260\032\024\004B\200\255h\351\013\361\031:nG\211\005""; "
1750527592435,1750527592435,0,1,4,0,TMProposeSet,"proposeSeq: 0; currentTxHash: ""\000\000\000\000\000\000\000\000\000\000\000\000\000\000\000\000\000\000\000\000\000\000\000\000\000\000\000\000\000\000\000\000""; nodePubKey: ""\002\364d\217\366\217|\316F\232\231\241\n\261\333`\312O\367\235\025DD\336e\367\n\312\326\221\037\025\230""; closeTime: 803842792; signature: ""0D\002 1\244a)JF\010y\241Ta\252]phD\272s\350\177f\227 Li\226\016\211\362kFF\002 d\230\223|\016\017M:\315@\256\376<T\n\3435\013S]\005\344\223\263\325i\265X)-\000M""; previousledger: ""7\271[~\n\237\274|\347\352@K\253~&\260\032\024\004B\200\255h\351\013\361\031:nG\211\005""; ","proposeSeq: 0; currentTxHash: ""\000\000\000\000\000\000\000\000\000\000\000\000\000\000\000\000\000\000\000\000\000\000\000\000\000\000\000\000\000\000\000\000""; nodePubKey: ""\002\364d\217\366\217|\316F\232\231\241\n\261\333`\312O\367\235\025DD\336e\367\n\312\326\221\037\025\230""; closeTime: 803842792; signature: ""0D\002 1\244a)JF\010y\241Ta\252]phD\272s\350\177f\227 Li\226\016\211\362kFF\002 d\230\223|\016\017M:\315@\256\376<T\n\3435\013S]\005\344\223\263\325i\265X)-\000M""; previousledger: ""7\271[~\n\237\274|\347\352@K\253~&\260\032\024\004B\200\255h\351\013\361\031:nG\211\005""; "
1750527592435,1750527592435,0,1,4,1,TMProposeSet,"proposeSeq: 0; currentTxHash: ""\000\000\000\000\000\000\000\000\000\000\000\000\000\000\000\000\000\000\000\000\000\000\000\000\000\000\000\000\000\000\000\000""; nodePubKey: ""\002\364d\217\366\217|\316F\232\231\241\n\261\333`\312O\367\235\025DD\336e\367\n\312\326\221\037\025\230""; closeTime: 803842792; signature: ""0D\002 1\244a)JF\010y\241Ta\252]phD\272s\350\177f\227 Li\226\016\211\362kFF\002 d\230\223|\016\017M:\315@\256\376<T\n\3435\013S]\005\344\223\263\325i\265X)-\000M""; previousledger: ""7\271[~\n\237\274|\347\352@K\253~&\260\032\024\004B\200\255h\351\013\361\031:nG\211\005""; ","proposeSeq: 0; currentTxHash: ""\000\000\000\000\000\000\000\000\000\000\000\000\000\000\000\000\000\000\000\000\000\000\000\000\000\000\000\000\000\000\000\000""; nodePubKey: ""\002\364d\217\366\217|\316F\232\231\241\n\261\333`\312O\367\235\025DD\336e\367\n\312\326\221\037\025\230""; closeTime: 803842792; signature: ""0D\002 1\244a)JF\010y\241Ta\252]phD\272s\350\177f\227 Li\226\016\211\362kFF\002 d\230\223|\016\017M:\315@\256\376<T\n\3435\013S]\005\344\223\263\325i\265X)-\000M""; previousledger: ""7\271[~\n\237\274|\347\352@K\253~&\260\032\024\004B\200\255h\351\013\361\031:nG\211\005""; "
1750527592435,1750527592436,0,1,4,2,TMProposeSet,"proposeSeq: 0; currentTxHash: ""\000\000\000\000\000\000\000\000\000\000\000\000\000\000\000\000\000\000\000\000\000\000\000\000\000\000\000\000\000\000\000\000""; nodePubKey: ""\002\364d\217\366\217|\316F\232\231\241\n\261\333`\312O\367\235\025DD\336e\367\n\312\326\221\037\025\230""; closeTime: 803842792; signature: ""0D\002 1\244a)JF\010y\241Ta\252]phD\272s\350\177f\227 Li\226\016\211\362kFF\002 d\230\223|\016\017M:\315@\256\376<T\n\3435\013S]\005\344\223\263\325i\265X)-\000M""; previousledger: ""7\271[~\n\237\274|\347\352@K\253~&\260\032\024\004B\200\255h\351\013\361\031:nG\211\005""; ","proposeSeq: 0; currentTxHash: ""\000\000\000\000\000\000\000\000\000\000\000\000\000\000\000\000\000\000\000\000\000\000\000\000\000\000\000\000\000\000\000\000""; nodePubKey: ""\002\364d\217\366\217|\316F\232\231\241\n\261\333`\312O\367\235\025DD\336e\367\n\312\326\221\037\025\230""; closeTime: 803842792; signature: ""0D\002 1\244a)JF\010y\241Ta\252]phD\272s\350\177f\227 Li\226\016\211\362kFF\002 d\230\223|\016\017M:\315@\256\376<T\n\3435\013S]\005\344\223\263\325i\265X)-\000M""; previousledger: ""7\271[~\n\237\274|\347\352@K\253~&\260\032\024\004B\200\255h\351\013\361\031:nG\211\005""; "
1750527592474,1750527592474,0,1,3,0,TMProposeSet,"proposeSeq: 0; currentTxHash: ""\000\000\000\000\000\000\000\000\000\000\000\000\000\000\000\000\000\000\000\000\000\000\000\000\000\000\000\000\000\000\000\000""; nodePubKey: ""\002\364d\217\366\217|\316F\232\231\241\n\261\333`\312O\367\235\025DD\336e\367\n\312\326\221\037\025\230""; closeTime: 803842792; signature: ""0D\002 1\244a)JF\010y\241Ta\252]phD\272s\350\177f\227 Li\226\016\211\362kFF\002 d\230\223|\016\017M:\315@\256\376<T\n\3435\013S]\005\344\223\263\325i\265X)-\000M""; previousledger: ""7\271[~\n\237\274|\347\352@K\253~&\260\032\024\004B\200\255h\351\013\361\031:nG\211\005""; ","proposeSeq: 0; currentTxHash: ""\000\000\000\000\000\000\000\000\000\000\000\000\000\000\000\000\000\000\000\000\000\000\000\000\000\000\000\000\000\000\000\000""; nodePubKey: ""\002\364d\217\366\217|\316F\232\231\241\n\261\333`\312O\367\235\025DD\336e\367\n\312\326\221\037\025\230""; closeTime: 803842792; signature: ""0D\002 1\244a)JF\010y\241Ta\252]phD\272s\350\177f\227 Li\226\016\211\362kFF\002 d\230\223|\016\017M:\315@\256\376<T\n\3435\013S]\005\344\223\263\325i\265X)-\000M""; previousledger: ""7\271[~\n\237\274|\347\352@K\253~&\260\032\024\004B\200\255h\351\013\361\031:nG\211\005""; "
1750527592474,1750527592474,0,1,3,1,TMProposeSet,"proposeSeq: 0; currentTxHash: ""\000\000\000\000\000\000\000\000\000\000\000\000\000\000\000\000\000\000\000\000\000\000\000\000\000\000\000\000\000\000\000\000""; nodePubKey: ""\002\364d\217\366\217|\316F\232\231\241\n\261\333`\312O\367\235\025DD\336e\367\n\312\326\221\037\025\230""; closeTime: 803842792; signature: ""0D\002 1\244a)JF\010y\241Ta\252]phD\272s\350\177f\227 Li\226\016\211\362kFF\002 d\230\223|\016\017M:\315@\256\376<T\n\3435\013S]\005\344\223\263\325i\265X)-\000M""; previousledger: ""7\271[~\n\237\274|\347\352@K\253~&\260\032\024\004B\200\255h\351\013\361\031:nG\211\005""; ","proposeSeq: 0; currentTxHash: ""\000\000\000\000\000\000\000\000\000\000\000\000\000\000\000\000\000\000\000\000\000\000\000\000\000\000\000\000\000\000\000\000""; nodePubKey: ""\002\364d\217\366\217|\316F\232\231\241\n\261\333`\312O\367\235\025DD\336e\367\n\312\326\221\037\025\230""; closeTime: 803842792; signature: ""0D\002 1\244a)JF\010y\241Ta\252]phD\272s\350\177f\227 Li\226\016\211\362kFF\002 d\230\223|\016\017M:\315@\256\376<T\n\3435\013S]\005\344\223\263\325i\265X)-\000M""; previousledger: ""7\271[~\n\237\274|\347\352@K\253~&\260\032\024\004B\200\255h\351\013\361\031:nG\211\005""; "
1750527592475,1750527592475,0,1,3,2,TMProposeSet,"proposeSeq: 0; currentTxHash: ""\000\000\000\000\000\000\000\000\000\000\000\000\000\000\000\000\000\000\000\000\000\000\000\000\000\000\000\000\000\000\000\000""; nodePubKey: ""\002\364d\217\366\217|\316F\232\231\241\n\261\333`\312O\367\235\025DD\336e\367\n\312\326\221\037\025\230""; closeTime: 803842792; signature: ""0D\002 1\244a)JF\010y\241Ta\252]phD\272s\350\177f\227 Li\226\016\211\362kFF\002 d\230\223|\016\017M:\315@\256\376<T\n\3435\013S]\005\344\223\263\325i\265X)-\000M""; previousledger: ""7\271[~\n\237\274|\347\352@K\253~&\260\032\024\004B\200\255h\351\013\361\031:nG\211\005""; ","proposeSeq: 0; currentTxHash: ""\000\000\000\000\000\000\000\000\000\000\000\000\000\000\000\000\000\000\000\000\000\000\000\000\000\000\000\000\000\000\000\000""; nodePubKey: ""\002\364d\217\366\217|\316F\232\231\241\n\261\333`\312O\367\235\025DD\336e\367\n\312\326\221\037\025\230""; closeTime: 803842792; signature: ""0D\002 1\244a)JF\010y\241Ta\252]phD\272s\350\177f\227 Li\226\016\211\362kFF\002 d\230\223|\016\017M:\315@\256\376<T\n\3435\013S]\005\344\223\263\325i\265X)-\000M""; previousledger: ""7\271[~\n\237\274|\347\352@K\253~&\260\032\024\004B\200\255h\351\013\361\031:nG\211\005""; "
1750527592431,1750527592505,0,1,3,2,TMStatusChange,"newEvent: neCLOSING_LEDGER; ledgerSeq: 17; ledgerHash: ""7\271[~\n\237\274|\347\352@K\253~&\260\032\024\004B\200\255h\351\013\361\031:nG\211\005""; ledgerHashPrevious: ""\244c\024\213\t\007`\223\325#\3477\210\345P\306\013\320\252[\0216+\227=`\371P\314\346 V""; networkTime: 803842792; firstSeq: 1; lastSeq: 17; ","newEvent: neCLOSING_LEDGER; ledgerSeq: 17; ledgerHash: ""7\271[~\n\237\274|\347\352@K\253~&\260\032\024\004B\200\255h\351\013\361\031:nG\211\005""; ledgerHashPrevious: ""\244c\024\213\t\007`\223\325#\3477\210\345P\306\013\320\252[\0216+\227=`\371P\314\346 V""; networkTime: 803842792; firstSeq: 1; lastSeq: 17; "
1750527592432,1750527592505,0,1,3,0,TMStatusChange,"newEvent: neCLOSING_LEDGER; ledgerSeq: 17; ledgerHash: ""7\271[~\n\237\274|\347\352@K\253~&\260\032\024\004B\200\255h\351\013\361\031:nG\211\005""; ledgerHashPrevious: ""\244c\024\213\t\007`\223\325#\3477\210\345P\306\013\320\252[\0216+\227=`\371P\314\346 V""; networkTime: 803842792; firstSeq: 1; lastSeq: 17; ","newEvent: neCLOSING_LEDGER; ledgerSeq: 17; ledgerHash: ""7\271[~\n\237\274|\347\352@K\253~&\260\032\024\004B\200\255h\351\013\361\031:nG\211\005""; ledgerHashPrevious: ""\244c\024\213\t\007`\223\325#\3477\210\345P\306\013\320\252[\0216+\227=`\371P\314\346 V""; networkTime: 803842792; firstSeq: 1; lastSeq: 17; "
1750527592433,1750527592505,0,1,3,1,TMStatusChange,"newEvent: neCLOSING_LEDGER; ledgerSeq: 17; ledgerHash: ""7\271[~\n\237\274|\347\352@K\253~&\260\032\024\004B\200\255h\351\013\361\031:nG\211\005""; ledgerHashPrevious: ""\244c\024\213\t\007`\223\325#\3477\210\345P\306\013\320\252[\0216+\227=`\371P\314\346 V""; networkTime: 803842792; firstSeq: 1; lastSeq: 17; ","newEvent: neCLOSING_LEDGER; ledgerSeq: 17; ledgerHash: ""7\271[~\n\237\274|\347\352@K\253~&\260\032\024\004B\200\255h\351\013\361\031:nG\211\005""; ledgerHashPrevious: ""\244c\024\213\t\007`\223\325#\3477\210\345P\306\013\320\252[\0216+\227=`\371P\314\346 V""; networkTime: 803842792; firstSeq: 1; lastSeq: 17; "
1750527592433,1750527592506,0,1,3,4,TMStatusChange,"newEvent: neCLOSING_LEDGER; ledgerSeq: 17; ledgerHash: ""7\271[~\n\237\274|\347\352@K\253~&\260\032\024\004B\200\255h\351\013\361\031:nG\211\005""; ledgerHashPrevious: ""\244c\024\213\t\007`\223\325#\3477\210\345P\306\013\320\252[\0216+\227=`\371P\314\346 V""; networkTime: 803842792; firstSeq: 1; lastSeq: 17; ","newEvent: neCLOSING_LEDGER; ledgerSeq: 17; ledgerHash: ""7\271[~\n\237\274|\347\352@K\253~&\260\032\024\004B\200\255h\351\013\361\031:nG\211\005""; ledgerHashPrevious: ""\244c\024\213\t\007`\223\325#\3477\210\345P\306\013\320\252[\0216+\227=`\371P\314\346 V""; networkTime: 803842792; firstSeq: 1; lastSeq: 17; "
1750527592596,1750527592596,0,1,4,3,TMProposeSet,"proposeSeq: 0; currentTxHash: ""\000\000\000\000\000\000\000\000\000\000\000\000\000\000\000\000\000\000\000\000\000\000\000\000\000\000\000\000\000\000\000\000""; nodePubKey: ""\003R7o\362bV\300hf\266\241;}\200^\374\240\203[:\342Q\225\221\027y\372\255\235\216\323~""; closeTime: 803842792; signature: ""0D\002 2\257\225\035HY\303\005\n\225\314\t\301QGc\010\220#-o\033\265\336\216\034\035\330|c\233$\002 F\316P\366\255\236\351/\363\242\355\t\036\025J\333\363\241\014\376h\354q\253AG\255\026pg\271\320""; previousledger: ""7\271[~\n\237\274|\347\352@K\253~&\260\032\024\004B\200\255h\351\013\361\031:nG\211\005""; ","proposeSeq: 0; currentTxHash: ""\000\000\000\000\000\000\000\000\000\000\000\000\000\000\000\000\000\000\000\000\000\000\000\000\000\000\000\000\000\000\000\000""; nodePubKey: ""\003R7o\362bV\300hf\266\241;}\200^\374\240\203[:\342Q\225\221\027y\372\255\235\216\323~""; closeTime: 803842792; signature: ""0D\002 2\257\225\035HY\303\005\n\225\314\t\301QGc\010\220#-o\033\265\336\216\034\035\330|c\233$\002 F\316P\366\255\236\351/\363\242\355\t\036\025J\333\363\241\014\376h\354q\253AG\255\026pg\271\320""; previousledger: ""7\271[~\n\237\274|\347\352@K\253~&\260\032\024\004B\200\255h\351\013\361\031:nG\211\005""; "
1750527592596,1750527592596,0,1,4,2,TMProposeSet,"proposeSeq: 0; currentTxHash: ""\000\000\000\000\000\000\000\000\000\000\000\000\000\000\000\000\000\000\000\000\000\000\000\000\000\000\000\000\000\000\000\000""; nodePubKey: ""\003R7o\362bV\300hf\266\241;}\200^\374\240\203[:\342Q\225\221\027y\372\255\235\216\323~""; closeTime: 803842792; signature: ""0D\002 2\257\225\035HY\303\005\n\225\314\t\301QGc\010\220#-o\033\265\336\216\034\035\330|c\233$\002 F\316P\366\255\236\351/\363\242\355\t\036\025J\333\363\241\014\376h\354q\253AG\255\026pg\271\320""; previousledger: ""7\271[~\n\237\274|\347\352@K\253~&\260\032\024\004B\200\255h\351\013\361\031:nG\211\005""; ","proposeSeq: 0; currentTxHash: ""\000\000\000\000\000\000\000\000\000\000\000\000\000\000\000\000\000\000\000\000\000\000\000\000\000\000\000\000\000\000\000\000""; nodePubKey: ""\003R7o\362bV\300hf\266\241;}\200^\374\240\203[:\342Q\225\221\027y\372\255\235\216\323~""; closeTime: 803842792; signature: ""0D\002 2\257\225\035HY\303\005\n\225\314\t\301QGc\010\220#-o\033\265\336\216\034\035\330|c\233$\002 F\316P\366\255\236\351/\363\242\355\t\036\025J\333\363\241\014\376h\354q\253AG\255\026pg\271\320""; previousledger: ""7\271[~\n\237\274|\347\352@K\253~&\260\032\024\004B\200\255h\351\013\361\031:nG\211\005""; "
1750527592598,1750527592598,0,1,4,0,TMProposeSet,"proposeSeq: 0; currentTxHash: ""\000\000\000\000\000\000\000\000\000\000\000\000\000\000\000\000\000\000\000\000\000\000\000\000\000\000\000\000\000\000\000\000""; nodePubKey: ""\003R7o\362bV\300hf\266\241;}\200^\374\240\203[:\342Q\225\221\027y\372\255\235\216\323~""; closeTime: 803842792; signature: ""0D\002 2\257\225\035HY\303\005\n\225\314\t\301QGc\010\220#-o\033\265\336\216\034\035\330|c\233$\002 F\316P\366\255\236\351/\363\242\355\t\036\025J\333\363\241\014\376h\354q\253AG\255\026pg\271\320""; previousledger: ""7\271[~\n\237\274|\347\352@K\253~&\260\032\024\004B\200\255h\351\013\361\031:nG\211\005""; ","proposeSeq: 0; currentTxHash: ""\000\000\000\000\000\000\000\000\000\000\000\000\000\000\000\000\000\000\000\000\000\000\000\000\000\000\000\000\000\000\000\000""; nodePubKey: ""\003R7o\362bV\300hf\266\241;}\200^\374\240\203[:\342Q\225\221\027y\372\255\235\216\323~""; closeTime: 803842792; signature: ""0D\002 2\257\225\035HY\303\005\n\225\314\t\301QGc\010\220#-o\033\265\336\216\034\035\330|c\233$\002 F\316P\366\255\236\351/\363\242\355\t\036\025J\333\363\241\014\376h\354q\253AG\255\026pg\271\320""; previousledger: ""7\271[~\n\237\274|\347\352@K\253~&\260\032\024\004B\200\255h\351\013\361\031:nG\211\005""; "
1750527592599,1750527592599,0,1,4,1,TMProposeSet,"proposeSeq: 0; currentTxHash: ""\000\000\000\000\000\000\000\000\000\000\000\000\000\000\000\000\000\000\000\000\000\000\000\000\000\000\000\000\000\000\000\000""; nodePubKey: ""\003R7o\362bV\300hf\266\241;}\200^\374\240\203[:\342Q\225\221\027y\372\255\235\216\323~""; closeTime: 803842792; signature: ""0D\002 2\257\225\035HY\303\005\n\225\314\t\301QGc\010\220#-o\033\265\336\216\034\035\330|c\233$\002 F\316P\366\255\236\351/\363\242\355\t\036\025J\333\363\241\014\376h\354q\253AG\255\026pg\271\320""; previousledger: ""7\271[~\n\237\274|\347\352@K\253~&\260\032\024\004B\200\255h\351\013\361\031:nG\211\005""; ","proposeSeq: 0; currentTxHash: ""\000\000\000\000\000\000\000\000\000\000\000\000\000\000\000\000\000\000\000\000\000\000\000\000\000\000\000\000\000\000\000\000""; nodePubKey: ""\003R7o\362bV\300hf\266\241;}\200^\374\240\203[:\342Q\225\221\027y\372\255\235\216\323~""; closeTime: 803842792; signature: ""0D\002 2\257\225\035HY\303\005\n\225\314\t\301QGc\010\220#-o\033\265\336\216\034\035\330|c\233$\002 F\316P\366\255\236\351/\363\242\355\t\036\025J\333\363\241\014\376h\354q\253AG\255\026pg\271\320""; previousledger: ""7\271[~\n\237\274|\347\352@K\253~&\260\032\024\004B\200\255h\351\013\361\031:nG\211\005""; "
1750527592600,1750527592600,0,1,3,2,TMProposeSet,"proposeSeq: 0; currentTxHash: ""\000\000\000\000\000\000\000\000\000\000\000\000\000\000\000\000\000\000\000\000\000\000\000\000\000\000\000\000\000\000\000\000""; nodePubKey: ""\003R7o\362bV\300hf\266\241;}\200^\374\240\203[:\342Q\225\221\027y\372\255\235\216\323~""; closeTime: 803842792; signature: ""0D\002 2\257\225\035HY\303\005\n\225\314\t\301QGc\010\220#-o\033\265\336\216\034\035\330|c\233$\002 F\316P\366\255\236\351/\363\242\355\t\036\025J\333\363\241\014\376h\354q\253AG\255\026pg\271\320""; previousledger: ""7\271[~\n\237\274|\347\352@K\253~&\260\032\024\004B\200\255h\351\013\361\031:nG\211\005""; ","proposeSeq: 0; currentTxHash: ""\000\000\000\000\000\000\000\000\000\000\000\000\000\000\000\000\000\000\000\000\000\000\000\000\000\000\000\000\000\000\000\000""; nodePubKey: ""\003R7o\362bV\300hf\266\241;}\200^\374\240\203[:\342Q\225\221\027y\372\255\235\216\323~""; closeTime: 803842792; signature: ""0D\002 2\257\225\035HY\303\005\n\225\314\t\301QGc\010\220#-o\033\265\336\216\034\035\330|c\233$\002 F\316P\366\255\236\351/\363\242\355\t\036\025J\333\363\241\014\376h\354q\253AG\255\026pg\271\320""; previousledger: ""7\271[~\n\237\274|\347\352@K\253~&\260\032\024\004B\200\255h\351\013\361\031:nG\211\005""; "
1750527592600,1750527592600,0,1,3,0,TMProposeSet,"proposeSeq: 0; currentTxHash: ""\000\000\000\000\000\000\000\000\000\000\000\000\000\000\000\000\000\000\000\000\000\000\000\000\000\000\000\000\000\000\000\000""; nodePubKey: ""\003R7o\362bV\300hf\266\241;}\200^\374\240\203[:\342Q\225\221\027y\372\255\235\216\323~""; closeTime: 803842792; signature: ""0D\002 2\257\225\035HY\303\005\n\225\314\t\301QGc\010\220#-o\033\265\336\216\034\035\330|c\233$\002 F\316P\366\255\236\351/\363\242\355\t\036\025J\333\363\241\014\376h\354q\253AG\255\026pg\271\320""; previousledger: ""7\271[~\n\237\274|\347\352@K\253~&\260\032\024\004B\200\255h\351\013\361\031:nG\211\005""; ","proposeSeq: 0; currentTxHash: ""\000\000\000\000\000\000\000\000\000\000\000\000\000\000\000\000\000\000\000\000\000\000\000\000\000\000\000\000\000\000\000\000""; nodePubKey: ""\003R7o\362bV\300hf\266\241;}\200^\374\240\203[:\342Q\225\221\027y\372\255\235\216\323~""; closeTime: 803842792; signature: ""0D\002 2\257\225\035HY\303\005\n\225\314\t\301QGc\010\220#-o\033\265\336\216\034\035\330|c\233$\002 F\316P\366\255\236\351/\363\242\355\t\036\025J\333\363\241\014\376h\354q\253AG\255\026pg\271\320""; previousledger: ""7\271[~\n\237\274|\347\352@K\253~&\260\032\024\004B\200\255h\351\013\361\031:nG\211\005""; "
1750527592600,1750527592600,0,1,3,1,TMProposeSet,"proposeSeq: 0; currentTxHash: ""\000\000\000\000\000\000\000\000\000\000\000\000\000\000\000\000\000\000\000\000\000\000\000\000\000\000\000\000\000\000\000\000""; nodePubKey: ""\003R7o\362bV\300hf\266\241;}\200^\374\240\203[:\342Q\225\221\027y\372\255\235\216\323~""; closeTime: 803842792; signature: ""0D\002 2\257\225\035HY\303\005\n\225\314\t\301QGc\010\220#-o\033\265\336\216\034\035\330|c\233$\002 F\316P\366\255\236\351/\363\242\355\t\036\025J\333\363\241\014\376h\354q\253AG\255\026pg\271\320""; previousledger: ""7\271[~\n\237\274|\347\352@K\253~&\260\032\024\004B\200\255h\351\013\361\031:nG\211\005""; ","proposeSeq: 0; currentTxHash: ""\000\000\000\000\000\000\000\000\000\000\000\000\000\000\000\000\000\000\000\000\000\000\000\000\000\000\000\000\000\000\000\000""; nodePubKey: ""\003R7o\362bV\300hf\266\241;}\200^\374\240\203[:\342Q\225\221\027y\372\255\235\216\323~""; closeTime: 803842792; signature: ""0D\002 2\257\225\035HY\303\005\n\225\314\t\301QGc\010\220#-o\033\265\336\216\034\035\330|c\233$\002 F\316P\366\255\236\351/\363\242\355\t\036\025J\333\363\241\014\376h\354q\253AG\255\026pg\271\320""; previousledger: ""7\271[~\n\237\274|\347\352@K\253~&\260\032\024\004B\200\255h\351\013\361\031:nG\211\005""; "
1750527592596,1750527592669,0,1,4,3,TMStatusChange,"newEvent: neCLOSING_LEDGER; ledgerSeq: 17; ledgerHash: ""7\271[~\n\237\274|\347\352@K\253~&\260\032\024\004B\200\255h\351\013\361\031:nG\211\005""; ledgerHashPrevious: ""\244c\024\213\t\007`\223\325#\3477\210\345P\306\013\320\252[\0216+\227=`\371P\314\346 V""; networkTime: 803842792; firstSeq: 1; lastSeq: 17; ","newEvent: neCLOSING_LEDGER; ledgerSeq: 17; ledgerHash: ""7\271[~\n\237\274|\347\352@K\253~&\260\032\024\004B\200\255h\351\013\361\031:nG\211\005""; ledgerHashPrevious: ""\244c\024\213\t\007`\223\325#\3477\210\345P\306\013\320\252[\0216+\227=`\371P\314\346 V""; networkTime: 803842792; firstSeq: 1; lastSeq: 17; "
1750527592598,1750527592670,0,1,4,2,TMStatusChange,"newEvent: neCLOSING_LEDGER; ledgerSeq: 17; ledgerHash: ""7\271[~\n\237\274|\347\352@K\253~&\260\032\024\004B\200\255h\351\013\361\031:nG\211\005""; ledgerHashPrevious: ""\244c\024\213\t\007`\223\325#\3477\210\345P\306\013\320\252[\0216+\227=`\371P\314\346 V""; networkTime: 803842792; firstSeq: 1; lastSeq: 17; ","newEvent: neCLOSING_LEDGER; ledgerSeq: 17; ledgerHash: ""7\271[~\n\237\274|\347\352@K\253~&\260\032\024\004B\200\255h\351\013\361\031:nG\211\005""; ledgerHashPrevious: ""\244c\024\213\t\007`\223\325#\3477\210\345P\306\013\320\252[\0216+\227=`\371P\314\346 V""; networkTime: 803842792; firstSeq: 1; lastSeq: 17; "
1750527592671,1750527592671,0,1,1,4,TMProposeSet,"proposeSeq: 1; currentTxHash: ""\000\000\000\000\000\000\000\000\000\000\000\000\000\000\000\000\000\000\000\000\000\000\000\000\000\000\000\000\000\000\000\000""; nodePubKey: ""\002\266\377\271\344:\030\221i\267\257\215\237M\014\3345f\014\273|\207\367\334\337F\325\004cxB\211L""; closeTime: 803842780; signature: ""0E\002!\000\227&\211\334@5;^U\270\343~!\306\316c\211\224\021\360\257\250\225^\313\300\347\246\216\227\275\260\002 32\272\200\301\337\302n\203\242\374\202\nh\026\303\227s\246\250\217c\257k\002\200\207\323g\335\263\230""; previousledger: ""jJ\0073\322w\263\2705Q\201j\360\025W\030~)ml\365\027\305\033\225;Y6g>*1""; ","proposeSeq: 1; currentTxHash: ""\000\000\000\000\000\000\000\000\000\000\000\000\000\000\000\000\000\000\000\000\000\000\000\000\000\000\000\000\000\000\000\000""; nodePubKey: ""\002\266\377\271\344:\030\221i\267\257\215\237M\014\3345f\014\273|\207\367\334\337F\325\004cxB\211L""; closeTime: 803842780; signature: ""0E\002!\000\227&\211\334@5;^U\270\343~!\306\316c\211\224\021\360\257\250\225^\313\300\347\246\216\227\275\260\002 32\272\200\301\337\302n\203\242\374\202\nh\026\303\227s\246\250\217c\257k\002\200\207\323g\335\263\230""; previousledger: ""jJ\0073\322w\263\2705Q\201j\360\025W\030~)ml\365\027\305\033\225;Y6g>*1""; "
1750527592671,1750527592671,0,1,1,0,TMProposeSet,"proposeSeq: 1; currentTxHash: ""\000\000\000\000\000\000\000\000\000\000\000\000\000\000\000\000\000\000\000\000\000\000\000\000\000\000\000\000\000\000\000\000""; nodePubKey: ""\002\266\377\271\344:\030\221i\267\257\215\237M\014\3345f\014\273|\207\367\334\337F\325\004cxB\211L""; closeTime: 803842780; signature: ""0E\002!\000\227&\211\334@5;^U\270\343~!\306\316c\211\224\021\360\257\250\225^\313\300\347\246\216\227\275\260\002 32\272\200\301\337\302n\203\242\374\202\nh\026\303\227s\246\250\217c\257k\002\200\207\323g\335\263\230""; previousledger: ""jJ\0073\322w\263\2705Q\201j\360\025W\030~)ml\365\027\305\033\225;Y6g>*1""; ","proposeSeq: 1; currentTxHash: ""\000\000\000\000\000\000\000\000\000\000\000\000\000\000\000\000\000\000\000\000\000\000\000\000\000\000\000\000\000\000\000\000""; nodePubKey: ""\002\266\377\271\344:\030\221i\267\257\215\237M\014\3345f\014\273|\207\367\334\337F\325\004cxB\211L""; closeTime: 803842780; signature: ""0E\002!\000\227&\211\334@5;^U\270\343~!\306\316c\211\224\021\360\257\250\225^\313\300\347\246\216\227\275\260\002 32\272\200\301\337\302n\203\242\374\202\nh\026\303\227s\246\250\217c\257k\002\200\207\323g\335\263\230""; previousledger: ""jJ\0073\322w\263\2705Q\201j\360\025W\030~)ml\365\027\305\033\225;Y6g>*1""; "
1750527592598,1750527592671,0,1,4,0,TMStatusChange,"newEvent: neCLOSING_LEDGER; ledgerSeq: 17; ledgerHash: ""7\271[~\n\237\274|\347\352@K\253~&\260\032\024\004B\200\255h\351\013\361\031:nG\211\005""; ledgerHashPrevious: ""\244c\024\213\t\007`\223\325#\3477\210\345P\306\013\320\252[\0216+\227=`\371P\314\346 V""; networkTime: 803842792; firstSeq: 1; lastSeq: 17; ","newEvent: neCLOSING_LEDGER; ledgerSeq: 17; ledgerHash: ""7\271[~\n\237\274|\347\352@K\253~&\260\032\024\004B\200\255h\351\013\361\031:nG\211\005""; ledgerHashPrevious: ""\244c\024\213\t\007`\223\325#\3477\210\345P\306\013\320\252[\0216+\227=`\371P\314\346 V""; networkTime: 803842792; firstSeq: 1; lastSeq: 17; "
1750527592598,1750527592672,0,1,4,1,TMStatusChange,"newEvent: neCLOSING_LEDGER; ledgerSeq: 17; ledgerHash: ""7\271[~\n\237\274|\347\352@K\253~&\260\032\024\004B\200\255h\351\013\361\031:nG\211\005""; ledgerHashPrevious: ""\244c\024\213\t\007`\223\325#\3477\210\345P\306\013\320\252[\0216+\227=`\371P\314\346 V""; networkTime: 803842792; firstSeq: 1; lastSeq: 17; ","newEvent: neCLOSING_LEDGER; ledgerSeq: 17; ledgerHash: ""7\271[~\n\237\274|\347\352@K\253~&\260\032\024\004B\200\255h\351\013\361\031:nG\211\005""; ledgerHashPrevious: ""\244c\024\213\t\007`\223\325#\3477\210\345P\306\013\320\252[\0216+\227=`\371P\314\346 V""; networkTime: 803842792; firstSeq: 1; lastSeq: 17; "
1750527592672,1750527592672,0,1,1,3,TMProposeSet,"proposeSeq: 1; currentTxHash: ""\000\000\000\000\000\000\000\000\000\000\000\000\000\000\000\000\000\000\000\000\000\000\000\000\000\000\000\000\000\000\000\000""; nodePubKey: ""\002\266\377\271\344:\030\221i\267\257\215\237M\014\3345f\014\273|\207\367\334\337F\325\004cxB\211L""; closeTime: 803842780; signature: ""0E\002!\000\227&\211\334@5;^U\270\343~!\306\316c\211\224\021\360\257\250\225^\313\300\347\246\216\227\275\260\002 32\272\200\301\337\302n\203\242\374\202\nh\026\303\227s\246\250\217c\257k\002\200\207\323g\335\263\230""; previousledger: ""jJ\0073\322w\263\2705Q\201j\360\025W\030~)ml\365\027\305\033\225;Y6g>*1""; ","proposeSeq: 1; currentTxHash: ""\000\000\000\000\000\000\000\000\000\000\000\000\000\000\000\000\000\000\000\000\000\000\000\000\000\000\000\000\000\000\000\000""; nodePubKey: ""\002\266\377\271\344:\030\221i\267\257\215\237M\014\3345f\014\273|\207\367\334\337F\325\004cxB\211L""; closeTime: 803842780; signature: ""0E\002!\000\227&\211\334@5;^U\270\343~!\306\316c\211\224\021\360\257\250\225^\313\300\347\246\216\227\275\260\002 32\272\200\301\337\302n\203\242\374\202\nh\026\303\227s\246\250\217c\257k\002\200\207\323g\335\263\230""; previousledger: ""jJ\0073\322w\263\2705Q\201j\360\025W\030~)ml\365\027\305\033\225;Y6g>*1""; "
1750527592673,1750527592673,0,1,1,2,TMProposeSet,"proposeSeq: 1; currentTxHash: ""\000\000\000\000\000\000\000\000\000\000\000\000\000\000\000\000\000\000\000\000\000\000\000\000\000\000\000\000\000\000\000\000""; nodePubKey: ""\002\266\377\271\344:\030\221i\267\257\215\237M\014\3345f\014\273|\207\367\334\337F\325\004cxB\211L""; closeTime: 803842780; signature: ""0E\002!\000\227&\211\334@5;^U\270\343~!\306\316c\211\224\021\360\257\250\225^\313\300\347\246\216\227\275\260\002 32\272\200\301\337\302n\203\242\374\202\nh\026\303\227s\246\250\217c\257k\002\200\207\323g\335\263\230""; previousledger: ""jJ\0073\322w\263\2705Q\201j\360\025W\030~)ml\365\027\305\033\225;Y6g>*1""; ","proposeSeq: 1; currentTxHash: ""\000\000\000\000\000\000\000\000\000\000\000\000\000\000\000\000\000\000\000\000\000\000\000\000\000\000\000\000\000\000\000\000""; nodePubKey: ""\002\266\377\271\344:\030\221i\267\257\215\237M\014\3345f\014\273|\207\367\334\337F\325\004cxB\211L""; closeTime: 803842780; signature: ""0E\002!\000\227&\211\334@5;^U\270\343~!\306\316c\211\224\021\360\257\250\225^\313\300\347\246\216\227\275\260\002 32\272\200\301\337\302n\203\242\374\202\nh\026\303\227s\246\250\217c\257k\002\200\207\323g\335\263\230""; previousledger: ""jJ\0073\322w\263\2705Q\201j\360\025W\030~)ml\365\027\305\033\225;Y6g>*1""; "
1750527594438,1750527594438,0,1,3,4,TMStatusChange,"newEvent: neACCEPTED_LEDGER; ledgerSeq: 18; ledgerHash: ""|\2003\266\274\251,W\006u\344\335d\003\306\212\313,\340\350bG\n\030Z\2732-\246\312\255\030""; ledgerHashPrevious: ""7\271[~\n\237\274|\347\352@K\253~&\260\032\024\004B\200\255h\351\013\361\031:nG\211\005""; networkTime: 803842794; firstSeq: 1; lastSeq: 17; ","newEvent: neACCEPTED_LEDGER; ledgerSeq: 18; ledgerHash: ""|\2003\266\274\251,W\006u\344\335d\003\306\212\313,\340\350bG\n\030Z\2732-\246\312\255\030""; ledgerHashPrevious: ""7\271[~\n\237\274|\347\352@K\253~&\260\032\024\004B\200\255h\351\013\361\031:nG\211\005""; networkTime: 803842794; firstSeq: 1; lastSeq: 17; "
1750527594439,1750527594439,0,1,3,2,TMStatusChange,"newEvent: neACCEPTED_LEDGER; ledgerSeq: 18; ledgerHash: ""|\2003\266\274\251,W\006u\344\335d\003\306\212\313,\340\350bG\n\030Z\2732-\246\312\255\030""; ledgerHashPrevious: ""7\271[~\n\237\274|\347\352@K\253~&\260\032\024\004B\200\255h\351\013\361\031:nG\211\005""; networkTime: 803842794; firstSeq: 1; lastSeq: 17; ","newEvent: neACCEPTED_LEDGER; ledgerSeq: 18; ledgerHash: ""|\2003\266\274\251,W\006u\344\335d\003\306\212\313,\340\350bG\n\030Z\2732-\246\312\255\030""; ledgerHashPrevious: ""7\271[~\n\237\274|\347\352@K\253~&\260\032\024\004B\200\255h\351\013\361\031:nG\211\005""; networkTime: 803842794; firstSeq: 1; lastSeq: 17; "
1750527594439,1750527594439,0,1,3,0,TMStatusChange,"newEvent: neACCEPTED_LEDGER; ledgerSeq: 18; ledgerHash: ""|\2003\266\274\251,W\006u\344\335d\003\306\212\313,\340\350bG\n\030Z\2732-\246\312\255\030""; ledgerHashPrevious: ""7\271[~\n\237\274|\347\352@K\253~&\260\032\024\004B\200\255h\351\013\361\031:nG\211\005""; networkTime: 803842794; firstSeq: 1; lastSeq: 17; ","newEvent: neACCEPTED_LEDGER; ledgerSeq: 18; ledgerHash: ""|\2003\266\274\251,W\006u\344\335d\003\306\212\313,\340\350bG\n\030Z\2732-\246\312\255\030""; ledgerHashPrevious: ""7\271[~\n\237\274|\347\352@K\253~&\260\032\024\004B\200\255h\351\013\361\031:nG\211\005""; networkTime: 803842794; firstSeq: 1; lastSeq: 17; "
1750527594439,1750527594439,0,1,3,2,TMValidation,"validation: """"\200\000\000\001&\000\000\000\022)/\351\252\352:p\210\265\307-\212\200\004Q|\2003\266\274\251,W\006u\344\335d\003\306\212\313,\340\350bG\n\030Z\2732-\246\312\255\030P\027\000\000\000\000\000\000\000\000\000\000\000\000\000\000\000\000\000\000\000\000\000\000\000\000\000\000\000\000\000\000\000\000P\0317\271[~\n\237\274|\347\352@K\253~&\260\032\024\004B\200\255h\351\013\361\031:nG\211\005s!\002\364d\217\366\217|\316F\232\231\241\n\261\333`\312O\367\235\025DD\336e\367\n\312\326\221\037\025\230vF0D\002 ~Y\365\372\337\302u\001\206\325}B\002x\n\003\331&A\020K\366zx2Zw\360\033\212\372\376\002 >\351\256\024\237\231\317\244\367\013\327\242)\336]\370\332\270\233\240\377\223%\002\006\333\367\376\334Vh!""; ","validation: """"\200\000\000\001&\000\000\000\022)/\351\252\352:p\210\265\307-\212\200\004Q|\2003\266\274\251,W\006u\344\335d\003\306\212\313,\340\350bG\n\030Z\2732-\246\312\255\030P\027\000\000\000\000\000\000\000\000\000\000\000\000\000\000\000\000\000\000\000\000\000\000\000\000\000\000\000\000\000\000\000\000P\0317\271[~\n\237\274|\347\352@K\253~&\260\032\024\004B\200\255h\351\013\361\031:nG\211\005s!\002\364d\217\366\217|\316F\232\231\241\n\261\333`\312O\367\235\025DD\336e\367\n\312\326\221\037\025\230vF0D\002 ~Y\365\372\337\302u\001\206\325}B\002x\n\003\331&A\020K\366zx2Zw\360\033\212\372\376\002 >\351\256\024\237\231\317\244\367\013\327\242)\336]\370\332\270\233\240\377\223%\002\006\333\367\376\334Vh!""; "
1750527594440,1750527594440,0,1,3,1,TMValidation,"validation: """"\200\000\000\001&\000\000\000\022)/\351\252\352:p\210\265\307-\212\200\004Q|\2003\266\274\251,W\006u\344\335d\003\306\212\313,\340\350bG\n\030Z\2732-\246\312\255\030P\027\000\000\000\000\000\000\000\000\000\000\000\000\000\000\000\000\000\000\000\000\000\000\000\000\000\000\000\000\000\000\000\000P\0317\271[~\n\237\274|\347\352@K\253~&\260\032\024\004B\200\255h\351\013\361\031:nG\211\005s!\002\364d\217\366\217|\316F\232\231\241\n\261\333`\312O\367\235\025DD\336e\367\n\312\326\221\037\025\230vF0D\002 ~Y\365\372\337\302u\001\206\325}B\002x\n\003\331&A\020K\366zx2Zw\360\033\212\372\376\002 >\351\256\024\237\231\317\244\367\013\327\242)\336]\370\332\270\233\240\377\223%\002\006\333\367\376\334Vh!""; ","validation: """"\200\000\000\001&\000\000\000\022)/\351\252\352:p\210\265\307-\212\200\004Q|\2003\266\274\251,W\006u\344\335d\003\306\212\313,\340\350bG\n\030Z\2732-\246\312\255\030P\027\000\000\000\000\000\000\000\000\000\000\000\000\000\000\000\000\000\000\000\000\000\000\000\000\000\000\000\000\000\000\000\000P\0317\271[~\n\237\274|\347\352@K\253~&\260\032\024\004B\200\255h\351\013\361\031:nG\211\005s!\002\364d\217\366\217|\316F\232\231\241\n\261\333`\312O\367\235\025DD\336e\367\n\312\326\221\037\025\230vF0D\002 ~Y\365\372\337\302u\001\206\325}B\002x\n\003\331&A\020K\366zx2Zw\360\033\212\372\376\002 >\351\256\024\237\231\317\244\367\013\327\242)\336]\370\332\270\233\240\377\223%\002\006\333\367\376\334Vh!""; "
1750527594440,1750527594440,0,1,3,1,TMStatusChange,"newEvent: neACCEPTED_LEDGER; ledgerSeq: 18; ledgerHash: ""|\2003\266\274\251,W\006u\344\335d\003\306\212\313,\340\350bG\n\030Z\2732-\246\312\255\030""; ledgerHashPrevious: ""7\271[~\n\237\274|\347\352@K\253~&\260\032\024\004B\200\255h\351\013\361\031:nG\211\005""; networkTime: 803842794; firstSeq: 1; lastSeq: 17; ","newEvent: neACCEPTED_LEDGER; ledgerSeq: 18; ledgerHash: ""|\2003\266\274\251,W\006u\344\335d\003\306\212\313,\340\350bG\n\030Z\2732-\246\312\255\030""; ledgerHashPrevious: ""7\271[~\n\237\274|\347\352@K\253~&\260\032\024\004B\200\255h\351\013\361\031:nG\211\005""; networkTime: 803842794; firstSeq: 1; lastSeq: 17; "
1750527594440,1750527594440,0,1,3,4,TMValidation,"validation: """"\200\000\000\001&\000\000\000\022)/\351\252\352:p\210\265\307-\212\200\004Q|\2003\266\274\251,W\006u\344\335d\003\306\212\313,\340\350bG\n\030Z\2732-\246\312\255\030P\027\000\000\000\000\000\000\000\000\000\000\000\000\000\000\000\000\000\000\000\000\000\000\000\000\000\000\000\000\000\000\000\000P\0317\271[~\n\237\274|\347\352@K\253~&\260\032\024\004B\200\255h\351\013\361\031:nG\211\005s!\002\364d\217\366\217|\316F\232\231\241\n\261\333`\312O\367\235\025DD\336e\367\n\312\326\221\037\025\230vF0D\002 ~Y\365\372\337\302u\001\206\325}B\002x\n\003\331&A\020K\366zx2Zw\360\033\212\372\376\002 >\351\256\024\237\231\317\244\367\013\327\242)\336]\370\332\270\233\240\377\223%\002\006\333\367\376\334Vh!""; ","validation: """"\200\000\000\001&\000\000\000\022)/\351\252\352:p\210\265\307-\212\200\004Q|\2003\266\274\251,W\006u\344\335d\003\306\212\313,\340\350bG\n\030Z\2732-\246\312\255\030P\027\000\000\000\000\000\000\000\000\000\000\000\000\000\000\000\000\000\000\000\000\000\000\000\000\000\000\000\000\000\000\000\000P\0317\271[~\n\237\274|\347\352@K\253~&\260\032\024\004B\200\255h\351\013\361\031:nG\211\005s!\002\364d\217\366\217|\316F\232\231\241\n\261\333`\312O\367\235\025DD\336e\367\n\312\326\221\037\025\230vF0D\002 ~Y\365\372\337\302u\001\206\325}B\002x\n\003\331&A\020K\366zx2Zw\360\033\212\372\376\002 >\351\256\024\237\231\317\244\367\013\327\242)\336]\370\332\270\233\240\377\223%\002\006\333\367\376\334Vh!""; "
1750527594440,1750527594441,0,1,3,0,TMValidation,"validation: """"\200\000\000\001&\000\000\000\022)/\351\252\352:p\210\265\307-\212\200\004Q|\2003\266\274\251,W\006u\344\335d\003\306\212\313,\340\350bG\n\030Z\2732-\246\312\255\030P\027\000\000\000\000\000\000\000\000\000\000\000\000\000\000\000\000\000\000\000\000\000\000\000\000\000\000\000\000\000\000\000\000P\0317\271[~\n\237\274|\347\352@K\253~&\260\032\024\004B\200\255h\351\013\361\031:nG\211\005s!\002\364d\217\366\217|\316F\232\231\241\n\261\333`\312O\367\235\025DD\336e\367\n\312\326\221\037\025\230vF0D\002 ~Y\365\372\337\302u\001\206\325}B\002x\n\003\331&A\020K\366zx2Zw\360\033\212\372\376\002 >\351\256\024\237\231\317\244\367\013\327\242)\336]\370\332\270\233\240\377\223%\002\006\333\367\376\334Vh!""; ","validation: """"\200\000\000\001&\000\000\000\022)/\351\252\352:p\210\265\307-\212\200\004Q|\2003\266\274\251,W\006u\344\335d\003\306\212\313,\340\350bG\n\030Z\2732-\246\312\255\030P\027\000\000\000\000\000\000\000\000\000\000\000\000\000\000\000\000\000\000\000\000\000\000\000\000\000\000\000\000\000\000\000\000P\0317\271[~\n\237\274|\347\352@K\253~&\260\032\024\004B\200\255h\351\013\361\031:nG\211\005s!\002\364d\217\366\217|\316F\232\231\241\n\261\333`\312O\367\235\025DD\336e\367\n\312\326\221\037\025\230vF0D\002 ~Y\365\372\337\302u\001\206\325}B\002x\n\003\331&A\020K\366zx2Zw\360\033\212\372\376\002 >\351\256\024\237\231\317\244\367\013\327\242)\336]\370\332\270\233\240\377\223%\002\006\333\367\376\334Vh!""; "
1750527594443,1750527594443,0,1,1,3,TMGetLedger,"itype: liBASE; ledgerHash: ""|\2003\266\274\251,W\006u\344\335d\003\306\212\313,\340\350bG\n\030Z\2732-\246\312\255\030""; ","itype: liBASE; ledgerHash: ""|\2003\266\274\251,W\006u\344\335d\003\306\212\313,\340\350bG\n\030Z\2732-\246\312\255\030""; "
1750527594445,1750527594445,0,1,2,0,TMGetLedger,"itype: liBASE; ledgerHash: ""|\2003\266\274\251,W\006u\344\335d\003\306\212\313,\340\350bG\n\030Z\2732-\246\312\255\030""; ledgerSeq: 18; ","itype: liBASE; ledgerHash: ""|\2003\266\274\251,W\006u\344\335d\003\306\212\313,\340\350bG\n\030Z\2732-\246\312\255\030""; ledgerSeq: 18; "
1750527594444,1750527594444,0,1,1,0,TMGetLedger,"itype: liBASE; ledgerHash: ""|\2003\266\274\251,W\006u\344\335d\003\306\212\313,\340\350bG\n\030Z\2732-\246\312\255\030""; ","itype: liBASE; ledgerHash: ""|\2003\266\274\251,W\006u\344\335d\003\306\212\313,\340\350bG\n\030Z\2732-\246\312\255\030""; "
1750527594444,1750527594444,0,1,2,3,TMGetLedger,"itype: liBASE; ledgerHash: ""|\2003\266\274\251,W\006u\344\335d\003\306\212\313,\340\350bG\n\030Z\2732-\246\312\255\030""; ledgerSeq: 18; ","itype: liBASE; ledgerHash: ""|\2003\266\274\251,W\006u\344\335d\003\306\212\313,\340\350bG\n\030Z\2732-\246\312\255\030""; ledgerSeq: 18; "
1750527594444,1750527594445,0,1,2,4,TMGetLedger,"itype: liBASE; ledgerHash: ""|\2003\266\274\251,W\006u\344\335d\003\306\212\313,\340\350bG\n\030Z\2732-\246\312\255\030""; ledgerSeq: 18; ","itype: liBASE; ledgerHash: ""|\2003\266\274\251,W\006u\344\335d\003\306\212\313,\340\350bG\n\030Z\2732-\246\312\255\030""; ledgerSeq: 18; "
1750527594444,1750527594444,0,1,2,1,TMGetLedger,"itype: liBASE; ledgerHash: ""|\2003\266\274\251,W\006u\344\335d\003\306\212\313,\340\350bG\n\030Z\2732-\246\312\255\030""; ledgerSeq: 18; ","itype: liBASE; ledgerHash: ""|\2003\266\274\251,W\006u\344\335d\003\306\212\313,\340\350bG\n\030Z\2732-\246\312\255\030""; ledgerSeq: 18; "
1750527594446,1750527594446,0,1,1,4,TMGetLedger,"itype: liBASE; ledgerHash: ""|\2003\266\274\251,W\006u\344\335d\003\306\212\313,\340\350bG\n\030Z\2732-\246\312\255\030""; ","itype: liBASE; ledgerHash: ""|\2003\266\274\251,W\006u\344\335d\003\306\212\313,\340\350bG\n\030Z\2732-\246\312\255\030""; "
1750527594446,1750527594446,0,1,1,3,TMGetLedger,"itype: liBASE; ledgerHash: ""|\2003\266\274\251,W\006u\344\335d\003\306\212\313,\340\350bG\n\030Z\2732-\246\312\255\030""; queryType: qtINDIRECT; ","itype: liBASE; ledgerHash: ""|\2003\266\274\251,W\006u\344\335d\003\306\212\313,\340\350bG\n\030Z\2732-\246\312\255\030""; queryType: qtINDIRECT; "
1750527594447,1750527594447,0,1,1,2,TMValidation,"validation: """"\200\000\000\001&\000\000\000\022)/\351\252\352:p\210\265\307-\212\200\004Q|\2003\266\274\251,W\006u\344\335d\003\306\212\313,\340\350bG\n\030Z\2732-\246\312\255\030P\027\000\000\000\000\000\000\000\000\000\000\000\000\000\000\000\000\000\000\000\000\000\000\000\000\000\000\000\000\000\000\000\000P\0317\271[~\n\237\274|\347\352@K\253~&\260\032\024\004B\200\255h\351\013\361\031:nG\211\005s!\002\364d\217\366\217|\316F\232\231\241\n\261\333`\312O\367\235\025DD\336e\367\n\312\326\221\037\025\230vF0D\002 ~Y\365\372\337\302u\001\206\325}B\002x\n\003\331&A\020K\366zx2Zw\360\033\212\372\376\002 >\351\256\024\237\231\317\244\367\013\327\242)\336]\370\332\270\233\240\377\223%\002\006\333\367\376\334Vh!""; ","validation: """"\200\000\000\001&\000\000\000\022)/\351\252\352:p\210\265\307-\212\200\004Q|\2003\266\274\251,W\006u\344\335d\003\306\212\313,\340\350bG\n\030Z\2732-\246\312\255\030P\027\000\000\000\000\000\000\000\000\000\000\000\000\000\000\000\000\000\000\000\000\000\000\000\000\000\000\000\000\000\000\000\000P\0317\271[~\n\237\274|\347\352@K\253~&\260\032\024\004B\200\255h\351\013\361\031:nG\211\005s!\002\364d\217\366\217|\316F\232\231\241\n\261\333`\312O\367\235\025DD\336e\367\n\312\326\221\037\025\230vF0D\002 ~Y\365\372\337\302u\001\206\325}B\002x\n\003\331&A\020K\366zx2Zw\360\033\212\372\376\002 >\351\256\024\237\231\317\244\367\013\327\242)\336]\370\332\270\233\240\377\223%\002\006\333\367\376\334Vh!""; "
1750527594447,1750527594447,0,1,1,2,TMGetLedger,"itype: liBASE; ledgerHash: ""|\2003\266\274\251,W\006u\344\335d\003\306\212\313,\340\350bG\n\030Z\2732-\246\312\255\030""; queryType: qtINDIRECT; ","itype: liBASE; ledgerHash: ""|\2003\266\274\251,W\006u\344\335d\003\306\212\313,\340\350bG\n\030Z\2732-\246\312\255\030""; queryType: qtINDIRECT; "
1750527594448,1750527594448,0,1,1,0,TMValidation,"validation: """"\200\000\000\001&\000\000\000\022)/\351\252\352:p\210\265\307-\212\200\004Q|\2003\266\274\251,W\006u\344\335d\003\306\212\313,\340\350bG\n\030Z\2732-\246\312\255\030P\027\000\000\000\000\000\000\000\000\000\000\000\000\000\000\000\000\000\000\000\000\000\000\000\000\000\000\000\000\000\000\000\000P\0317\271[~\n\237\274|\347\352@K\253~&\260\032\024\004B\200\255h\351\013\361\031:nG\211\005s!\002\364d\217\366\217|\316F\232\231\241\n\261\333`\312O\367\235\025DD\336e\367\n\312\326\221\037\025\230vF0D\002 ~Y\365\372\337\302u\001\206\325}B\002x\n\003\331&A\020K\366zx2Zw\360\033\212\372\376\002 >\351\256\024\237\231\317\244\367\013\327\242)\336]\370\332\270\233\240\377\223%\002\006\333\367\376\334Vh!""; ","validation: """"\200\000\000\001&\000\000\000\022)/\351\252\352:p\210\265\307-\212\200\004Q|\2003\266\274\251,W\006u\344\335d\003\306\212\313,\340\350bG\n\030Z\2732-\246\312\255\030P\027\000\000\000\000\000\000\000\000\000\000\000\000\000\000\000\000\000\000\000\000\000\000\000\000\000\000\000\000\000\000\000\000P\0317\271[~\n\237\274|\347\352@K\253~&\260\032\024\004B\200\255h\351\013\361\031:nG\211\005s!\002\364d\217\366\217|\316F\232\231\241\n\261\333`\312O\367\235\025DD\336e\367\n\312\326\221\037\025\230vF0D\002 ~Y\365\372\337\302u\001\206\325}B\002x\n\003\331&A\020K\366zx2Zw\360\033\212\372\376\002 >\351\256\024\237\231\317\244\367\013\327\242)\336]\370\332\270\233\240\377\223%\002\006\333\367\376\334Vh!""; "
1750527594448,1750527594448,0,1,1,0,TMGetLedger,"itype: liBASE; ledgerHash: ""|\2003\266\274\251,W\006u\344\335d\003\306\212\313,\340\350bG\n\030Z\2732-\246\312\255\030""; queryType: qtINDIRECT; ","itype: liBASE; ledgerHash: ""|\2003\266\274\251,W\006u\344\335d\003\306\212\313,\340\350bG\n\030Z\2732-\246\312\255\030""; queryType: qtINDIRECT; "
1750527594449,1750527594449,0,1,1,2,TMGetLedger,"itype: liBASE; ledgerHash: ""|\2003\266\274\251,W\006u\344\335d\003\306\212\313,\340\350bG\n\030Z\2732-\246\312\255\030""; ","itype: liBASE; ledgerHash: ""|\2003\266\274\251,W\006u\344\335d\003\306\212\313,\340\350bG\n\030Z\2732-\246\312\255\030""; "
1750527594449,1750527594449,0,1,4,2,TMValidation,"validation: """"\200\000\000\001&\000\000\000\022)/\351\252\352:p\210\265\307-\212\200\004Q|\2003\266\274\251,W\006u\344\335d\003\306\212\313,\340\350bG\n\030Z\2732-\246\312\255\030P\027\000\000\000\000\000\000\000\000\000\000\000\000\000\000\000\000\000\000\000\000\000\000\000\000\000\000\000\000\000\000\000\000P\0317\271[~\n\237\274|\347\352@K\253~&\260\032\024\004B\200\255h\351\013\361\031:nG\211\005s!\002\364d\217\366\217|\316F\232\231\241\n\261\333`\312O\367\235\025DD\336e\367\n\312\326\221\037\025\230vF0D\002 ~Y\365\372\337\302u\001\206\325}B\002x\n\003\331&A\020K\366zx2Zw\360\033\212\372\376\002 >\351\256\024\237\231\317\244\367\013\327\242)\336]\370\332\270\233\240\377\223%\002\006\333\367\376\334Vh!""; ","validation: """"\200\000\000\001&\000\000\000\022)/\351\252\352:p\210\265\307-\212\200\004Q|\2003\266\274\251,W\006u\344\335d\003\306\212\313,\340\350bG\n\030Z\2732-\246\312\255\030P\027\000\000\000\000\000\000\000\000\000\000\000\000\000\000\000\000\000\000\000\000\000\000\000\000\000\000\000\000\000\000\000\000P\0317\271[~\n\237\274|\347\352@K\253~&\260\032\024\004B\200\255h\351\013\361\031:nG\211\005s!\002\364d\217\366\217|\316F\232\231\241\n\261\333`\312O\367\235\025DD\336e\367\n\312\326\221\037\025\230vF0D\002 ~Y\365\372\337\302u\001\206\325}B\002x\n\003\331&A\020K\366zx2Zw\360\033\212\372\376\002 >\351\256\024\237\231\317\244\367\013\327\242)\336]\370\332\270\233\240\377\223%\002\006\333\367\376\334Vh!""; "
1750527594450,1750527594450,0,1,4,1,TMValidation,"validation: """"\200\000\000\001&\000\000\000\022)/\351\252\352:p\210\265\307-\212\200\004Q|\2003\266\274\251,W\006u\344\335d\003\306\212\313,\340\350bG\n\030Z\2732-\246\312\255\030P\027\000\000\000\000\000\000\000\000\000\000\000\000\000\000\000\000\000\000\000\000\000\000\000\000\000\000\000\000\000\000\000\000P\0317\271[~\n\237\274|\347\352@K\253~&\260\032\024\004B\200\255h\351\013\361\031:nG\211\005s!\002\364d\217\366\217|\316F\232\231\241\n\261\333`\312O\367\235\025DD\336e\367\n\312\326\221\037\025\230vF0D\002 ~Y\365\372\337\302u\001\206\325}B\002x\n\003\331&A\020K\366zx2Zw\360\033\212\372\376\002 >\351\256\024\237\231\317\244\367\013\327\242)\336]\370\332\270\233\240\377\223%\002\006\333\367\376\334Vh!""; ","validation: """"\200\000\000\001&\000\000\000\022)/\351\252\352:p\210\265\307-\212\200\004Q|\2003\266\274\251,W\006u\344\335d\003\306\212\313,\340\350bG\n\030Z\2732-\246\312\255\030P\027\000\000\000\000\000\000\000\000\000\000\000\000\000\000\000\000\000\000\000\000\000\000\000\000\000\000\000\000\000\000\000\000P\0317\271[~\n\237\274|\347\352@K\253~&\260\032\024\004B\200\255h\351\013\361\031:nG\211\005s!\002\364d\217\366\217|\316F\232\231\241\n\261\333`\312O\367\235\025DD\336e\367\n\312\326\221\037\025\230vF0D\002 ~Y\365\372\337\302u\001\206\325}B\002x\n\003\331&A\020K\366zx2Zw\360\033\212\372\376\002 >\351\256\024\237\231\317\244\367\013\327\242)\336]\370\332\270\233\240\377\223%\002\006\333\367\376\334Vh!""; "
1750527594451,1750527594451,0,1,4,0,TMValidation,"validation: """"\200\000\000\001&\000\000\000\022)/\351\252\352:p\210\265\307-\212\200\004Q|\2003\266\274\251,W\006u\344\335d\003\306\212\313,\340\350bG\n\030Z\2732-\246\312\255\030P\027\000\000\000\000\000\000\000\000\000\000\000\000\000\000\000\000\000\000\000\000\000\000\000\000\000\000\000\000\000\000\000\000P\0317\271[~\n\237\274|\347\352@K\253~&\260\032\024\004B\200\255h\351\013\361\031:nG\211\005s!\002\364d\217\366\217|\316F\232\231\241\n\261\333`\312O\367\235\025DD\336e\367\n\312\326\221\037\025\230vF0D\002 ~Y\365\372\337\302u\001\206\325}B\002x\n\003\331&A\020K\366zx2Zw\360\033\212\372\376\002 >\351\256\024\237\231\317\244\367\013\327\242)\336]\370\332\270\233\240\377\223%\002\006\333\367\376\334Vh!""; ","validation: """"\200\000\000\001&\000\000\000\022)/\351\252\352:p\210\265\307-\212\200\004Q|\2003\266\274\251,W\006u\344\335d\003\306\212\313,\340\350bG\n\030Z\2732-\246\312\255\030P\027\000\000\000\000\000\000\000\000\000\000\000\000\000\000\000\000\000\000\000\000\000\000\000\000\000\000\000\000\000\000\000\000P\0317\271[~\n\237\274|\347\352@K\253~&\260\032\024\004B\200\255h\351\013\361\031:nG\211\005s!\002\364d\217\366\217|\316F\232\231\241\n\261\333`\312O\367\235\025DD\336e\367\n\312\326\221\037\025\230vF0D\002 ~Y\365\372\337\302u\001\206\325}B\002x\n\003\331&A\020K\366zx2Zw\360\033\212\372\376\002 >\351\256\024\237\231\317\244\367\013\327\242)\336]\370\332\270\233\240\377\223%\002\006\333\367\376\334Vh!""; "
1750527594452,1750527594452,0,1,4,3,TMGetLedger,"itype: liBASE; ledgerHash: ""|\2003\266\274\251,W\006u\344\335d\003\306\212\313,\340\350bG\n\030Z\2732-\246\312\255\030""; ","itype: liBASE; ledgerHash: ""|\2003\266\274\251,W\006u\344\335d\003\306\212\313,\340\350bG\n\030Z\2732-\246\312\255\030""; "
1750527594453,1750527594453,0,1,4,2,TMGetLedger,"itype: liBASE; ledgerHash: ""|\2003\266\274\251,W\006u\344\335d\003\306\212\313,\340\350bG\n\030Z\2732-\246\312\255\030""; ","itype: liBASE; ledgerHash: ""|\2003\266\274\251,W\006u\344\335d\003\306\212\313,\340\350bG\n\030Z\2732-\246\312\255\030""; "
1750527594453,1750527594453,0,1,4,1,TMGetLedger,"itype: liBASE; ledgerHash: ""|\2003\266\274\251,W\006u\344\335d\003\306\212\313,\340\350bG\n\030Z\2732-\246\312\255\030""; ","itype: liBASE; ledgerHash: ""|\2003\266\274\251,W\006u\344\335d\003\306\212\313,\340\350bG\n\030Z\2732-\246\312\255\030""; "
1750527594455,1750527594455,0,1,0,3,TMGetLedger,"itype: liBASE; ledgerHash: ""|\2003\266\274\251,W\006u\344\335d\003\306\212\313,\340\350bG\n\030Z\2732-\246\312\255\030""; ledgerSeq: 18; ","itype: liBASE; ledgerHash: ""|\2003\266\274\251,W\006u\344\335d\003\306\212\313,\340\350bG\n\030Z\2732-\246\312\255\030""; ledgerSeq: 18; "
1750527594455,1750527594455,0,1,4,0,TMGetLedger,"itype: liBASE; ledgerHash: ""|\2003\266\274\251,W\006u\344\335d\003\306\212\313,\340\350bG\n\030Z\2732-\246\312\255\030""; ","itype: liBASE; ledgerHash: ""|\2003\266\274\251,W\006u\344\335d\003\306\212\313,\340\350bG\n\030Z\2732-\246\312\255\030""; "
1750527594455,1750527594455,0,1,0,1,TMGetLedger,"itype: liBASE; ledgerHash: ""|\2003\266\274\251,W\006u\344\335d\003\306\212\313,\340\350bG\n\030Z\2732-\246\312\255\030""; ledgerSeq: 18; ","itype: liBASE; ledgerHash: ""|\2003\266\274\251,W\006u\344\335d\003\306\212\313,\340\350bG\n\030Z\2732-\246\312\255\030""; ledgerSeq: 18; "
1750527594455,1750527594456,0,1,0,2,TMGetLedger,"itype: liBASE; ledgerHash: ""|\2003\266\274\251,W\006u\344\335d\003\306\212\313,\340\350bG\n\030Z\2732-\246\312\255\030""; ledgerSeq: 18; ","itype: liBASE; ledgerHash: ""|\2003\266\274\251,W\006u\344\335d\003\306\212\313,\340\350bG\n\030Z\2732-\246\312\255\030""; ledgerSeq: 18; "
1750527594456,1750527594456,0,1,0,4,TMGetLedger,"itype: liBASE; ledgerHash: ""|\2003\266\274\251,W\006u\344\335d\003\306\212\313,\340\350bG\n\030Z\2732-\246\312\255\030""; ledgerSeq: 18; ","itype: liBASE; ledgerHash: ""|\2003\266\274\251,W\006u\344\335d\003\306\212\313,\340\350bG\n\030Z\2732-\246\312\255\030""; ledgerSeq: 18; "
1750527594457,1750527594457,0,1,4,3,TMGetLedger,"itype: liBASE; ledgerHash: ""|\2003\266\274\251,W\006u\344\335d\003\306\212\313,\340\350bG\n\030Z\2732-\246\312\255\030""; queryType: qtINDIRECT; ","itype: liBASE; ledgerHash: ""|\2003\266\274\251,W\006u\344\335d\003\306\212\313,\340\350bG\n\030Z\2732-\246\312\255\030""; queryType: qtINDIRECT; "
1750527594457,1750527594457,0,1,4,0,TMGetLedger,"itype: liBASE; ledgerHash: ""|\2003\266\274\251,W\006u\344\335d\003\306\212\313,\340\350bG\n\030Z\2732-\246\312\255\030""; queryType: qtINDIRECT; ","itype: liBASE; ledgerHash: ""|\2003\266\274\251,W\006u\344\335d\003\306\212\313,\340\350bG\n\030Z\2732-\246\312\255\030""; queryType: qtINDIRECT; "
1750527594458,1750527594458,0,1,4,2,TMGetLedger,"itype: liBASE; ledgerHash: ""|\2003\266\274\251,W\006u\344\335d\003\306\212\313,\340\350bG\n\030Z\2732-\246\312\255\030""; queryType: qtINDIRECT; ","itype: liBASE; ledgerHash: ""|\2003\266\274\251,W\006u\344\335d\003\306\212\313,\340\350bG\n\030Z\2732-\246\312\255\030""; queryType: qtINDIRECT; "
1750527594458,1750527594458,0,1,4,1,TMGetLedger,"itype: liBASE; ledgerHash: ""|\2003\266\274\251,W\006u\344\335d\003\306\212\313,\340\350bG\n\030Z\2732-\246\312\255\030""; queryType: qtINDIRECT; ","itype: liBASE; ledgerHash: ""|\2003\266\274\251,W\006u\344\335d\003\306\212\313,\340\350bG\n\030Z\2732-\246\312\255\030""; queryType: qtINDIRECT; "
1750527594459,1750527594459,0,1,3,1,TMLedgerData,"ledgerHash: ""|\2003\266\274\251,W\006u\344\335d\003\306\212\313,\340\350bG\n\030Z\2732-\246\312\255\030""; ledgerSeq: 18; type: liBASE; nodes {;   nodedata: ""\000\000\000\022\001cEx]\211\377\3307\271[~\n\237\274|\347\352@K\253~&\260\032\024\004B\200\255h\351\013\361\031:nG\211\005\000\000\000\000\000\000\000\000\000\000\000\000\000\000\000\000\000\000\000\000\000\000\000\000\000\000\000\000\000\000\000\000\037Z\336L{\362\346\374\246\274\024\373\254\256\235\3645C\234\003\306\341\243\013\342%\017!\352r\332d/\351\252\347/\351\252\350\n\000""; }; nodes {;   nodedata: ""\323C\344\327\264{\312-\017:\006{\177\344N\002\326bO\260\220\006\033\362\345\005U\221DzJ0\001\301\025%1L\307\t\261\262z\374\222T\301\274V\236\223\262\270Ct\362\337b\356\024*\324\320\351\317\002k\336\234\027v\351\217\260\303\360\233ZPZWr\246$w\313\313\r\243r\232\2234\373\3539:N\004Q\245\272D\312D\300\300\t\323\0257\345e\271\na\215{\226\255x%T\257\037\333\004\344_/R\006E\344\037@\210\363\010\336T\226\247'\204_{\261\370""1\235\2445\343\033Y!\212\201\341\272\225'\007\305\274d9\325y\365\204A\257x|\017-=n\364\364\371\303\367lk\034\250\247\023\346`M\2240\013\003""; }; ","ledgerHash: ""|\2003\266\274\251,W\006u\344\335d\003\306\212\313,\340\350bG\n\030Z\2732-\246\312\255\030""; ledgerSeq: 18; type: liBASE; nodes {;   nodedata: ""\000\000\000\022\001cEx]\211\377\3307\271[~\n\237\274|\347\352@K\253~&\260\032\024\004B\200\255h\351\013\361\031:nG\211\005\000\000\000\000\000\000\000\000\000\000\000\000\000\000\000\000\000\000\000\000\000\000\000\000\000\000\000\000\000\000\000\000\037Z\336L{\362\346\374\246\274\024\373\254\256\235\3645C\234\003\306\341\243\013\342%\017!\352r\332d/\351\252\347/\351\252\350\n\000""; }; nodes {;   nodedata: ""\323C\344\327\264{\312-\017:\006{\177\344N\002\326bO\260\220\006\033\362\345\005U\221DzJ0\001\301\025%1L\307\t\261\262z\374\222T\301\274V\236\223\262\270Ct\362\337b\356\024*\324\320\351\317\002k\336\234\027v\351\217\260\303\360\233ZPZWr\246$w\313\313\r\243r\232\2234\373\3539:N\004Q\245\272D\312D\300\300\t\323\0257\345e\271\na\215{\226\255x%T\257\037\333\004\344_/R\006E\344\037@\210\363\010\336T\226\247'\204_{\261\370""1\235\2445\343\033Y!\212\201\341\272\225'\007\305\274d9\325y\365\204A\257x|\017-=n\364\364\371\303\367lk\034\250\247\023\346`M\2240\013\003""; }; "
1750527594460,1750527594460,0,1,0,2,TMValidation,"validation: """"\200\000\000\001&\000\000\000\022)/\351\252\352:p\210\265\307-\212\200\004Q|\2003\266\274\251,W\006u\344\335d\003\306\212\313,\340\350bG\n\030Z\2732-\246\312\255\030P\027\000\000\000\000\000\000\000\000\000\000\000\000\000\000\000\000\000\000\000\000\000\000\000\000\000\000\000\000\000\000\000\000P\0317\271[~\n\237\274|\347\352@K\253~&\260\032\024\004B\200\255h\351\013\361\031:nG\211\005s!\002\364d\217\366\217|\316F\232\231\241\n\261\333`\312O\367\235\025DD\336e\367\n\312\326\221\037\025\230vF0D\002 ~Y\365\372\337\302u\001\206\325}B\002x\n\003\331&A\020K\366zx2Zw\360\033\212\372\376\002 >\351\256\024\237\231\317\244\367\013\327\242)\336]\370\332\270\233\240\377\223%\002\006\333\367\376\334Vh!""; ","validation: """"\200\000\000\001&\000\000\000\022)/\351\252\352:p\210\265\307-\212\200\004Q|\2003\266\274\251,W\006u\344\335d\003\306\212\313,\340\350bG\n\030Z\2732-\246\312\255\030P\027\000\000\000\000\000\000\000\000\000\000\000\000\000\000\000\000\000\000\000\000\000\000\000\000\000\000\000\000\000\000\000\000P\0317\271[~\n\237\274|\347\352@K\253~&\260\032\024\004B\200\255h\351\013\361\031:nG\211\005s!\002\364d\217\366\217|\316F\232\231\241\n\261\333`\312O\367\235\025DD\336e\367\n\312\326\221\037\025\230vF0D\002 ~Y\365\372\337\302u\001\206\325}B\002x\n\003\331&A\020K\366zx2Zw\360\033\212\372\376\002 >\351\256\024\237\231\317\244\367\013\327\242)\336]\370\332\270\233\240\377\223%\002\006\333\367\376\334Vh!""; "
1750527594460,1750527594460,0,1,0,2,TMGetLedger,"itype: liBASE; ledgerHash: ""|\2003\266\274\251,W\006u\344\335d\003\306\212\313,\340\350bG\n\030Z\2732-\246\312\255\030""; ledgerSeq: 18; queryType: qtINDIRECT; ","itype: liBASE; ledgerHash: ""|\2003\266\274\251,W\006u\344\335d\003\306\212\313,\340\350bG\n\030Z\2732-\246\312\255\030""; ledgerSeq: 18; queryType: qtINDIRECT; "
1750527594460,1750527594460,0,1,0,1,TMGetLedger,"itype: liBASE; ledgerHash: ""|\2003\266\274\251,W\006u\344\335d\003\306\212\313,\340\350bG\n\030Z\2732-\246\312\255\030""; ledgerSeq: 18; queryType: qtINDIRECT; ","itype: liBASE; ledgerHash: ""|\2003\266\274\251,W\006u\344\335d\003\306\212\313,\340\350bG\n\030Z\2732-\246\312\255\030""; ledgerSeq: 18; queryType: qtINDIRECT; "
1750527594461,1750527594461,0,1,0,1,TMValidation,"validation: """"\200\000\000\001&\000\000\000\022)/\351\252\352:p\210\265\307-\212\200\004Q|\2003\266\274\251,W\006u\344\335d\003\306\212\313,\340\350bG\n\030Z\2732-\246\312\255\030P\027\000\000\000\000\000\000\000\000\000\000\000\000\000\000\000\000\000\000\000\000\000\000\000\000\000\000\000\000\000\000\000\000P\0317\271[~\n\237\274|\347\352@K\253~&\260\032\024\004B\200\255h\351\013\361\031:nG\211\005s!\002\364d\217\366\217|\316F\232\231\241\n\261\333`\312O\367\235\025DD\336e\367\n\312\326\221\037\025\230vF0D\002 ~Y\365\372\337\302u\001\206\325}B\002x\n\003\331&A\020K\366zx2Zw\360\033\212\372\376\002 >\351\256\024\237\231\317\244\367\013\327\242)\336]\370\332\270\233\240\377\223%\002\006\333\367\376\334Vh!""; ","validation: """"\200\000\000\001&\000\000\000\022)/\351\252\352:p\210\265\307-\212\200\004Q|\2003\266\274\251,W\006u\344\335d\003\306\212\313,\340\350bG\n\030Z\2732-\246\312\255\030P\027\000\000\000\000\000\000\000\000\000\000\000\000\000\000\000\000\000\000\000\000\000\000\000\000\000\000\000\000\000\000\000\000P\0317\271[~\n\237\274|\347\352@K\253~&\260\032\024\004B\200\255h\351\013\361\031:nG\211\005s!\002\364d\217\366\217|\316F\232\231\241\n\261\333`\312O\367\235\025DD\336e\367\n\312\326\221\037\025\230vF0D\002 ~Y\365\372\337\302u\001\206\325}B\002x\n\003\331&A\020K\366zx2Zw\360\033\212\372\376\002 >\351\256\024\237\231\317\244\367\013\327\242)\336]\370\332\270\233\240\377\223%\002\006\333\367\376\334Vh!""; "
1750527594461,1750527594461,0,1,3,2,TMLedgerData,"ledgerHash: ""|\2003\266\274\251,W\006u\344\335d\003\306\212\313,\340\350bG\n\030Z\2732-\246\312\255\030""; ledgerSeq: 18; type: liBASE; nodes {;   nodedata: ""\000\000\000\022\001cEx]\211\377\3307\271[~\n\237\274|\347\352@K\253~&\260\032\024\004B\200\255h\351\013\361\031:nG\211\005\000\000\000\000\000\000\000\000\000\000\000\000\000\000\000\000\000\000\000\000\000\000\000\000\000\000\000\000\000\000\000\000\037Z\336L{\362\346\374\246\274\024\373\254\256\235\3645C\234\003\306\341\243\013\342%\017!\352r\332d/\351\252\347/\351\252\350\n\000""; }; nodes {;   nodedata: ""\323C\344\327\264{\312-\017:\006{\177\344N\002\326bO\260\220\006\033\362\345\005U\221DzJ0\001\301\025%1L\307\t\261\262z\374\222T\301\274V\236\223\262\270Ct\362\337b\356\024*\324\320\351\317\002k\336\234\027v\351\217\260\303\360\233ZPZWr\246$w\313\313\r\243r\232\2234\373\3539:N\004Q\245\272D\312D\300\300\t\323\0257\345e\271\na\215{\226\255x%T\257\037\333\004\344_/R\006E\344\037@\210\363\010\336T\226\247'\204_{\261\370""1\235\2445\343\033Y!\212\201\341\272\225'\007\305\274d9\325y\365\204A\257x|\017-=n\364\364\371\303\367lk\034\250\247\023\346`M\2240\013\003""; }; ","ledgerHash: ""|\2003\266\274\251,W\006u\344\335d\003\306\212\313,\340\350bG\n\030Z\2732-\246\312\255\030""; ledgerSeq: 18; type: liBASE; nodes {;   nodedata: ""\000\000\000\022\001cEx]\211\377\3307\271[~\n\237\274|\347\352@K\253~&\260\032\024\004B\200\255h\351\013\361\031:nG\211\005\000\000\000\000\000\000\000\000\000\000\000\000\000\000\000\000\000\000\000\000\000\000\000\000\000\000\000\000\000\000\000\000\037Z\336L{\362\346\374\246\274\024\373\254\256\235\3645C\234\003\306\341\243\013\342%\017!\352r\332d/\351\252\347/\351\252\350\n\000""; }; nodes {;   nodedata: ""\323C\344\327\264{\312-\017:\006{\177\344N\002\326bO\260\220\006\033\362\345\005U\221DzJ0\001\301\025%1L\307\t\261\262z\374\222T\301\274V\236\223\262\270Ct\362\337b\356\024*\324\320\351\317\002k\336\234\027v\351\217\260\303\360\233ZPZWr\246$w\313\313\r\243r\232\2234\373\3539:N\004Q\245\272D\312D\300\300\t\323\0257\345e\271\na\215{\226\255x%T\257\037\333\004\344_/R\006E\344\037@\210\363\010\336T\226\247'\204_{\261\370""1\235\2445\343\033Y!\212\201\341\272\225'\007\305\274d9\325y\365\204A\257x|\017-=n\364\364\371\303\367lk\034\250\247\023\346`M\2240\013\003""; }; "
1750527594462,1750527594462,0,1,3,1,TMLedgerData,"ledgerHash: ""|\2003\266\274\251,W\006u\344\335d\003\306\212\313,\340\350bG\n\030Z\2732-\246\312\255\030""; ledgerSeq: 18; type: liBASE; nodes {;   nodedata: ""\000\000\000\022\001cEx]\211\377\3307\271[~\n\237\274|\347\352@K\253~&\260\032\024\004B\200\255h\351\013\361\031:nG\211\005\000\000\000\000\000\000\000\000\000\000\000\000\000\000\000\000\000\000\000\000\000\000\000\000\000\000\000\000\000\000\000\000\037Z\336L{\362\346\374\246\274\024\373\254\256\235\3645C\234\003\306\341\243\013\342%\017!\352r\332d/\351\252\347/\351\252\350\n\000""; }; nodes {;   nodedata: ""\323C\344\327\264{\312-\017:\006{\177\344N\002\326bO\260\220\006\033\362\345\005U\221DzJ0\001\301\025%1L\307\t\261\262z\374\222T\301\274V\236\223\262\270Ct\362\337b\356\024*\324\320\351\317\002k\336\234\027v\351\217\260\303\360\233ZPZWr\246$w\313\313\r\243r\232\2234\373\3539:N\004Q\245\272D\312D\300\300\t\323\0257\345e\271\na\215{\226\255x%T\257\037\333\004\344_/R\006E\344\037@\210\363\010\336T\226\247'\204_{\261\370""1\235\2445\343\033Y!\212\201\341\272\225'\007\305\274d9\325y\365\204A\257x|\017-=n\364\364\371\303\367lk\034\250\247\023\346`M\2240\013\003""; }; ","ledgerHash: ""|\2003\266\274\251,W\006u\344\335d\003\306\212\313,\340\350bG\n\030Z\2732-\246\312\255\030""; ledgerSeq: 18; type: liBASE; nodes {;   nodedata: ""\000\000\000\022\001cEx]\211\377\3307\271[~\n\237\274|\347\352@K\253~&\260\032\024\004B\200\255h\351\013\361\031:nG\211\005\000\000\000\000\000\000\000\000\000\000\000\000\000\000\000\000\000\000\000\000\000\000\000\000\000\000\000\000\000\000\000\000\037Z\336L{\362\346\374\246\274\024\373\254\256\235\3645C\234\003\306\341\243\013\342%\017!\352r\332d/\351\252\347/\351\252\350\n\000""; }; nodes {;   nodedata: ""\323C\344\327\264{\312-\017:\006{\177\344N\002\326bO\260\220\006\033\362\345\005U\221DzJ0\001\301\025%1L\307\t\261\262z\374\222T\301\274V\236\223\262\270Ct\362\337b\356\024*\324\320\351\317\002k\336\234\027v\351\217\260\303\360\233ZPZWr\246$w\313\313\r\243r\232\2234\373\3539:N\004Q\245\272D\312D\300\300\t\323\0257\345e\271\na\215{\226\255x%T\257\037\333\004\344_/R\006E\344\037@\210\363\010\336T\226\247'\204_{\261\370""1\235\2445\343\033Y!\212\201\341\272\225'\007\305\274d9\325y\365\204A\257x|\017-=n\364\364\371\303\367lk\034\250\247\023\346`M\2240\013\003""; }; "
1750527594463,1750527594463,0,1,2,1,TMGetLedger,"itype: liBASE; ledgerHash: ""|\2003\266\274\251,W\006u\344\335d\003\306\212\313,\340\350bG\n\030Z\2732-\246\312\255\030""; ledgerSeq: 18; queryType: qtINDIRECT; ","itype: liBASE; ledgerHash: ""|\2003\266\274\251,W\006u\344\335d\003\306\212\313,\340\350bG\n\030Z\2732-\246\312\255\030""; ledgerSeq: 18; queryType: qtINDIRECT; "
1750527594463,1750527594463,0,1,2,1,TMValidation,"validation: """"\200\000\000\001&\000\000\000\022)/\351\252\352:p\210\265\307-\212\200\004Q|\2003\266\274\251,W\006u\344\335d\003\306\212\313,\340\350bG\n\030Z\2732-\246\312\255\030P\027\000\000\000\000\000\000\000\000\000\000\000\000\000\000\000\000\000\000\000\000\000\000\000\000\000\000\000\000\000\000\000\000P\0317\271[~\n\237\274|\347\352@K\253~&\260\032\024\004B\200\255h\351\013\361\031:nG\211\005s!\002\364d\217\366\217|\316F\232\231\241\n\261\333`\312O\367\235\025DD\336e\367\n\312\326\221\037\025\230vF0D\002 ~Y\365\372\337\302u\001\206\325}B\002x\n\003\331&A\020K\366zx2Zw\360\033\212\372\376\002 >\351\256\024\237\231\317\244\367\013\327\242)\336]\370\332\270\233\240\377\223%\002\006\333\367\376\334Vh!""; ","validation: """"\200\000\000\001&\000\000\000\022)/\351\252\352:p\210\265\307-\212\200\004Q|\2003\266\274\251,W\006u\344\335d\003\306\212\313,\340\350bG\n\030Z\2732-\246\312\255\030P\027\000\000\000\000\000\000\000\000\000\000\000\000\000\000\000\000\000\000\000\000\000\000\000\000\000\000\000\000\000\000\000\000P\0317\271[~\n\237\274|\347\352@K\253~&\260\032\024\004B\200\255h\351\013\361\031:nG\211\005s!\002\364d\217\366\217|\316F\232\231\241\n\261\333`\312O\367\235\025DD\336e\367\n\312\326\221\037\025\230vF0D\002 ~Y\365\372\337\302u\001\206\325}B\002x\n\003\331&A\020K\366zx2Zw\360\033\212\372\376\002 >\351\256\024\237\231\317\244\367\013\327\242)\336]\370\332\270\233\240\377\223%\002\006\333\367\376\334Vh!""; "
1750527594464,1750527594464,0,1,2,4,TMGetLedger,"itype: liBASE; ledgerHash: ""|\2003\266\274\251,W\006u\344\335d\003\306\212\313,\340\350bG\n\030Z\2732-\246\312\255\030""; ledgerSeq: 18; queryType: qtINDIRECT; ","itype: liBASE; ledgerHash: ""|\2003\266\274\251,W\006u\344\335d\003\306\212\313,\340\350bG\n\030Z\2732-\246\312\255\030""; ledgerSeq: 18; queryType: qtINDIRECT; "
1750527594464,1750527594464,0,1,2,4,TMValidation,"validation: """"\200\000\000\001&\000\000\000\022)/\351\252\352:p\210\265\307-\212\200\004Q|\2003\266\274\251,W\006u\344\335d\003\306\212\313,\340\350bG\n\030Z\2732-\246\312\255\030P\027\000\000\000\000\000\000\000\000\000\000\000\000\000\000\000\000\000\000\000\000\000\000\000\000\000\000\000\000\000\000\000\000P\0317\271[~\n\237\274|\347\352@K\253~&\260\032\024\004B\200\255h\351\013\361\031:nG\211\005s!\002\364d\217\366\217|\316F\232\231\241\n\261\333`\312O\367\235\025DD\336e\367\n\312\326\221\037\025\230vF0D\002 ~Y\365\372\337\302u\001\206\325}B\002x\n\003\331&A\020K\366zx2Zw\360\033\212\372\376\002 >\351\256\024\237\231\317\244\367\013\327\242)\336]\370\332\270\233\240\377\223%\002\006\333\367\376\334Vh!""; ","validation: """"\200\000\000\001&\000\000\000\022)/\351\252\352:p\210\265\307-\212\200\004Q|\2003\266\274\251,W\006u\344\335d\003\306\212\313,\340\350bG\n\030Z\2732-\246\312\255\030P\027\000\000\000\000\000\000\000\000\000\000\000\000\000\000\000\000\000\000\000\000\000\000\000\000\000\000\000\000\000\000\000\000P\0317\271[~\n\237\274|\347\352@K\253~&\260\032\024\004B\200\255h\351\013\361\031:nG\211\005s!\002\364d\217\366\217|\316F\232\231\241\n\261\333`\312O\367\235\025DD\336e\367\n\312\326\221\037\025\230vF0D\002 ~Y\365\372\337\302u\001\206\325}B\002x\n\003\331&A\020K\366zx2Zw\360\033\212\372\376\002 >\351\256\024\237\231\317\244\367\013\327\242)\336]\370\332\270\233\240\377\223%\002\006\333\367\376\334Vh!""; "
1750527594465,1750527594465,0,1,1,4,TMValidation,"validation: """"\200\000\000\001&\000\000\000\022)/\351\252\352:p\210\265\307-\212\200\004Q|\2003\266\274\251,W\006u\344\335d\003\306\212\313,\340\350bG\n\030Z\2732-\246\312\255\030P\027\000\000\000\000\000\000\000\000\000\000\000\000\000\000\000\000\000\000\000\000\000\000\000\000\000\000\000\000\000\000\000\000P\0317\271[~\n\237\274|\347\352@K\253~&\260\032\024\004B\200\255h\351\013\361\031:nG\211\005s!\002\364d\217\366\217|\316F\232\231\241\n\261\333`\312O\367\235\025DD\336e\367\n\312\326\221\037\025\230vF0D\002 ~Y\365\372\337\302u\001\206\325}B\002x\n\003\331&A\020K\366zx2Zw\360\033\212\372\376\002 >\351\256\024\237\231\317\244\367\013\327\242)\336]\370\332\270\233\240\377\223%\002\006\333\367\376\334Vh!""; ","validation: """"\200\000\000\001&\000\000\000\022)/\351\252\352:p\210\265\307-\212\200\004Q|\2003\266\274\251,W\006u\344\335d\003\306\212\313,\340\350bG\n\030Z\2732-\246\312\255\030P\027\000\000\000\000\000\000\000\000\000\000\000\000\000\000\000\000\000\000\000\000\000\000\000\000\000\000\000\000\000\000\000\000P\0317\271[~\n\237\274|\347\352@K\253~&\260\032\024\004B\200\255h\351\013\361\031:nG\211\005s!\002\364d\217\366\217|\316F\232\231\241\n\261\333`\312O\367\235\025DD\336e\367\n\312\326\221\037\025\230vF0D\002 ~Y\365\372\337\302u\001\206\325}B\002x\n\003\331&A\020K\366zx2Zw\360\033\212\372\376\002 >\351\256\024\237\231\317\244\367\013\327\242)\336]\370\332\270\233\240\377\223%\002\006\333\367\376\334Vh!""; "
1750527594466,1750527594466,0,1,1,4,TMGetLedger,"itype: liBASE; ledgerHash: ""|\2003\266\274\251,W\006u\344\335d\003\306\212\313,\340\350bG\n\030Z\2732-\246\312\255\030""; queryType: qtINDIRECT; ","itype: liBASE; ledgerHash: ""|\2003\266\274\251,W\006u\344\335d\003\306\212\313,\340\350bG\n\030Z\2732-\246\312\255\030""; queryType: qtINDIRECT; "
1750527594466,1750527594466,0,1,0,4,TMGetLedger,"itype: liBASE; ledgerHash: ""|\2003\266\274\251,W\006u\344\335d\003\306\212\313,\340\350bG\n\030Z\2732-\246\312\255\030""; ledgerSeq: 18; queryType: qtINDIRECT; ","itype: liBASE; ledgerHash: ""|\2003\266\274\251,W\006u\344\335d\003\306\212\313,\340\350bG\n\030Z\2732-\246\312\255\030""; ledgerSeq: 18; queryType: qtINDIRECT; "
1750527594466,1750527594467,0,1,0,4,TMValidation,"validation: """"\200\000\000\001&\000\000\000\022)/\351\252\352:p\210\265\307-\212\200\004Q|\2003\266\274\251,W\006u\344\335d\003\306\212\313,\340\350bG\n\030Z\2732-\246\312\255\030P\027\000\000\000\000\000\000\000\000\000\000\000\000\000\000\000\000\000\000\000\000\000\000\000\000\000\000\000\000\000\000\000\000P\0317\271[~\n\237\274|\347\352@K\253~&\260\032\024\004B\200\255h\351\013\361\031:nG\211\005s!\002\364d\217\366\217|\316F\232\231\241\n\261\333`\312O\367\235\025DD\336e\367\n\312\326\221\037\025\230vF0D\002 ~Y\365\372\337\302u\001\206\325}B\002x\n\003\331&A\020K\366zx2Zw\360\033\212\372\376\002 >\351\256\024\237\231\317\244\367\013\327\242)\336]\370\332\270\233\240\377\223%\002\006\333\367\376\334Vh!""; ","validation: """"\200\000\000\001&\000\000\000\022)/\351\252\352:p\210\265\307-\212\200\004Q|\2003\266\274\251,W\006u\344\335d\003\306\212\313,\340\350bG\n\030Z\2732-\246\312\255\030P\027\000\000\000\000\000\000\000\000\000\000\000\000\000\000\000\000\000\000\000\000\000\000\000\000\000\000\000\000\000\000\000\000P\0317\271[~\n\237\274|\347\352@K\253~&\260\032\024\004B\200\255h\351\013\361\031:nG\211\005s!\002\364d\217\366\217|\316F\232\231\241\n\261\333`\312O\367\235\025DD\336e\367\n\312\326\221\037\025\230vF0D\002 ~Y\365\372\337\302u\001\206\325}B\002x\n\003\331&A\020K\366zx2Zw\360\033\212\372\376\002 >\351\256\024\237\231\317\244\367\013\327\242)\336]\370\332\270\233\240\377\223%\002\006\333\367\376\334Vh!""; "
1750527594467,1750527594467,0,1,3,4,TMLedgerData,"ledgerHash: ""|\2003\266\274\251,W\006u\344\335d\003\306\212\313,\340\350bG\n\030Z\2732-\246\312\255\030""; ledgerSeq: 18; type: liBASE; nodes {;   nodedata: ""\000\000\000\022\001cEx]\211\377\3307\271[~\n\237\274|\347\352@K\253~&\260\032\024\004B\200\255h\351\013\361\031:nG\211\005\000\000\000\000\000\000\000\000\000\000\000\000\000\000\000\000\000\000\000\000\000\000\000\000\000\000\000\000\000\000\000\000\037Z\336L{\362\346\374\246\274\024\373\254\256\235\3645C\234\003\306\341\243\013\342%\017!\352r\332d/\351\252\347/\351\252\350\n\000""; }; nodes {;   nodedata: ""\323C\344\327\264{\312-\017:\006{\177\344N\002\326bO\260\220\006\033\362\345\005U\221DzJ0\001\301\025%1L\307\t\261\262z\374\222T\301\274V\236\223\262\270Ct\362\337b\356\024*\324\320\351\317\002k\336\234\027v\351\217\260\303\360\233ZPZWr\246$w\313\313\r\243r\232\2234\373\3539:N\004Q\245\272D\312D\300\300\t\323\0257\345e\271\na\215{\226\255x%T\257\037\333\004\344_/R\006E\344\037@\210\363\010\336T\226\247'\204_{\261\370""1\235\2445\343\033Y!\212\201\341\272\225'\007\305\274d9\325y\365\204A\257x|\017-=n\364\364\371\303\367lk\034\250\247\023\346`M\2240\013\003""; }; ","ledgerHash: ""|\2003\266\274\251,W\006u\344\335d\003\306\212\313,\340\350bG\n\030Z\2732-\246\312\255\030""; ledgerSeq: 18; type: liBASE; nodes {;   nodedata: ""\000\000\000\022\001cEx]\211\377\3307\271[~\n\237\274|\347\352@K\253~&\260\032\024\004B\200\255h\351\013\361\031:nG\211\005\000\000\000\000\000\000\000\000\000\000\000\000\000\000\000\000\000\000\000\000\000\000\000\000\000\000\000\000\000\000\000\000\037Z\336L{\362\346\374\246\274\024\373\254\256\235\3645C\234\003\306\341\243\013\342%\017!\352r\332d/\351\252\347/\351\252\350\n\000""; }; nodes {;   nodedata: ""\323C\344\327\264{\312-\017:\006{\177\344N\002\326bO\260\220\006\033\362\345\005U\221DzJ0\001\301\025%1L\307\t\261\262z\374\222T\301\274V\236\223\262\270Ct\362\337b\356\024*\324\320\351\317\002k\336\234\027v\351\217\260\303\360\233ZPZWr\246$w\313\313\r\243r\232\2234\373\3539:N\004Q\245\272D\312D\300\300\t\323\0257\345e\271\na\215{\226\255x%T\257\037\333\004\344_/R\006E\344\037@\210\363\010\336T\226\247'\204_{\261\370""1\235\2445\343\033Y!\212\201\341\272\225'\007\305\274d9\325y\365\204A\257x|\017-=n\364\364\371\303\367lk\034\250\247\023\346`M\2240\013\003""; }; "
1750527594468,1750527594468,0,1,3,0,TMLedgerData,"ledgerHash: ""|\2003\266\274\251,W\006u\344\335d\003\306\212\313,\340\350bG\n\030Z\2732-\246\312\255\030""; ledgerSeq: 18; type: liBASE; nodes {;   nodedata: ""\000\000\000\022\001cEx]\211\377\3307\271[~\n\237\274|\347\352@K\253~&\260\032\024\004B\200\255h\351\013\361\031:nG\211\005\000\000\000\000\000\000\000\000\000\000\000\000\000\000\000\000\000\000\000\000\000\000\000\000\000\000\000\000\000\000\000\000\037Z\336L{\362\346\374\246\274\024\373\254\256\235\3645C\234\003\306\341\243\013\342%\017!\352r\332d/\351\252\347/\351\252\350\n\000""; }; nodes {;   nodedata: ""\323C\344\327\264{\312-\017:\006{\177\344N\002\326bO\260\220\006\033\362\345\005U\221DzJ0\001\301\025%1L\307\t\261\262z\374\222T\301\274V\236\223\262\270Ct\362\337b\356\024*\324\320\351\317\002k\336\234\027v\351\217\260\303\360\233ZPZWr\246$w\313\313\r\243r\232\2234\373\3539:N\004Q\245\272D\312D\300\300\t\323\0257\345e\271\na\215{\226\255x%T\257\037\333\004\344_/R\006E\344\037@\210\363\010\336T\226\247'\204_{\261\370""1\235\2445\343\033Y!\212\201\341\272\225'\007\305\274d9\325y\365\204A\257x|\017-=n\364\364\371\303\367lk\034\250\247\023\346`M\2240\013\003""; }; ","ledgerHash: ""|\2003\266\274\251,W\006u\344\335d\003\306\212\313,\340\350bG\n\030Z\2732-\246\312\255\030""; ledgerSeq: 18; type: liBASE; nodes {;   nodedata: ""\000\000\000\022\001cEx]\211\377\3307\271[~\n\237\274|\347\352@K\253~&\260\032\024\004B\200\255h\351\013\361\031:nG\211\005\000\000\000\000\000\000\000\000\000\000\000\000\000\000\000\000\000\000\000\000\000\000\000\000\000\000\000\000\000\000\000\000\037Z\336L{\362\346\374\246\274\024\373\254\256\235\3645C\234\003\306\341\243\013\342%\017!\352r\332d/\351\252\347/\351\252\350\n\000""; }; nodes {;   nodedata: ""\323C\344\327\264{\312-\017:\006{\177\344N\002\326bO\260\220\006\033\362\345\005U\221DzJ0\001\301\025%1L\307\t\261\262z\374\222T\301\274V\236\223\262\270Ct\362\337b\356\024*\324\320\351\317\002k\336\234\027v\351\217\260\303\360\233ZPZWr\246$w\313\313\r\243r\232\2234\373\3539:N\004Q\245\272D\312D\300\300\t\323\0257\345e\271\na\215{\226\255x%T\257\037\333\004\344_/R\006E\344\037@\210\363\010\336T\226\247'\204_{\261\370""1\235\2445\343\033Y!\212\201\341\272\225'\007\305\274d9\325y\365\204A\257x|\017-=n\364\364\371\303\367lk\034\250\247\023\346`M\2240\013\003""; }; "
1750527594469,1750527594469,0,1,2,0,TMGetLedger,"itype: liBASE; ledgerHash: ""|\2003\266\274\251,W\006u\344\335d\003\306\212\313,\340\350bG\n\030Z\2732-\246\312\255\030""; ledgerSeq: 18; queryType: qtINDIRECT; ","itype: liBASE; ledgerHash: ""|\2003\266\274\251,W\006u\344\335d\003\306\212\313,\340\350bG\n\030Z\2732-\246\312\255\030""; ledgerSeq: 18; queryType: qtINDIRECT; "
1750527594470,1750527594470,0,1,3,4,TMLedgerData,"ledgerHash: ""|\2003\266\274\251,W\006u\344\335d\003\306\212\313,\340\350bG\n\030Z\2732-\246\312\255\030""; ledgerSeq: 18; type: liBASE; nodes {;   nodedata: ""\000\000\000\022\001cEx]\211\377\3307\271[~\n\237\274|\347\352@K\253~&\260\032\024\004B\200\255h\351\013\361\031:nG\211\005\000\000\000\000\000\000\000\000\000\000\000\000\000\000\000\000\000\000\000\000\000\000\000\000\000\000\000\000\000\000\000\000\037Z\336L{\362\346\374\246\274\024\373\254\256\235\3645C\234\003\306\341\243\013\342%\017!\352r\332d/\351\252\347/\351\252\350\n\000""; }; nodes {;   nodedata: ""\323C\344\327\264{\312-\017:\006{\177\344N\002\326bO\260\220\006\033\362\345\005U\221DzJ0\001\301\025%1L\307\t\261\262z\374\222T\301\274V\236\223\262\270Ct\362\337b\356\024*\324\320\351\317\002k\336\234\027v\351\217\260\303\360\233ZPZWr\246$w\313\313\r\243r\232\2234\373\3539:N\004Q\245\272D\312D\300\300\t\323\0257\345e\271\na\215{\226\255x%T\257\037\333\004\344_/R\006E\344\037@\210\363\010\336T\226\247'\204_{\261\370""1\235\2445\343\033Y!\212\201\341\272\225'\007\305\274d9\325y\365\204A\257x|\017-=n\364\364\371\303\367lk\034\250\247\023\346`M\2240\013\003""; }; ","ledgerHash: ""|\2003\266\274\251,W\006u\344\335d\003\306\212\313,\340\350bG\n\030Z\2732-\246\312\255\030""; ledgerSeq: 18; type: liBASE; nodes {;   nodedata: ""\000\000\000\022\001cEx]\211\377\3307\271[~\n\237\274|\347\352@K\253~&\260\032\024\004B\200\255h\351\013\361\031:nG\211\005\000\000\000\000\000\000\000\000\000\000\000\000\000\000\000\000\000\000\000\000\000\000\000\000\000\000\000\000\000\000\000\000\037Z\336L{\362\346\374\246\274\024\373\254\256\235\3645C\234\003\306\341\243\013\342%\017!\352r\332d/\351\252\347/\351\252\350\n\000""; }; nodes {;   nodedata: ""\323C\344\327\264{\312-\017:\006{\177\344N\002\326bO\260\220\006\033\362\345\005U\221DzJ0\001\301\025%1L\307\t\261\262z\374\222T\301\274V\236\223\262\270Ct\362\337b\356\024*\324\320\351\317\002k\336\234\027v\351\217\260\303\360\233ZPZWr\246$w\313\313\r\243r\232\2234\373\3539:N\004Q\245\272D\312D\300\300\t\323\0257\345e\271\na\215{\226\255x%T\257\037\333\004\344_/R\006E\344\037@\210\363\010\336T\226\247'\204_{\261\370""1\235\2445\343\033Y!\212\201\341\272\225'\007\305\274d9\325y\365\204A\257x|\017-=n\364\364\371\303\367lk\034\250\247\023\346`M\2240\013\003""; }; "
1750527594470,1750527594470,0,1,2,0,TMValidation,"validation: """"\200\000\000\001&\000\000\000\022)/\351\252\352:p\210\265\307-\212\200\004Q|\2003\266\274\251,W\006u\344\335d\003\306\212\313,\340\350bG\n\030Z\2732-\246\312\255\030P\027\000\000\000\000\000\000\000\000\000\000\000\000\000\000\000\000\000\000\000\000\000\000\000\000\000\000\000\000\000\000\000\000P\0317\271[~\n\237\274|\347\352@K\253~&\260\032\024\004B\200\255h\351\013\361\031:nG\211\005s!\002\364d\217\366\217|\316F\232\231\241\n\261\333`\312O\367\235\025DD\336e\367\n\312\326\221\037\025\230vF0D\002 ~Y\365\372\337\302u\001\206\325}B\002x\n\003\331&A\020K\366zx2Zw\360\033\212\372\376\002 >\351\256\024\237\231\317\244\367\013\327\242)\336]\370\332\270\233\240\377\223%\002\006\333\367\376\334Vh!""; ","validation: """"\200\000\000\001&\000\000\000\022)/\351\252\352:p\210\265\307-\212\200\004Q|\2003\266\274\251,W\006u\344\335d\003\306\212\313,\340\350bG\n\030Z\2732-\246\312\255\030P\027\000\000\000\000\000\000\000\000\000\000\000\000\000\000\000\000\000\000\000\000\000\000\000\000\000\000\000\000\000\000\000\000P\0317\271[~\n\237\274|\347\352@K\253~&\260\032\024\004B\200\255h\351\013\361\031:nG\211\005s!\002\364d\217\366\217|\316F\232\231\241\n\261\333`\312O\367\235\025DD\336e\367\n\312\326\221\037\025\230vF0D\002 ~Y\365\372\337\302u\001\206\325}B\002x\n\003\331&A\020K\366zx2Zw\360\033\212\372\376\002 >\351\256\024\237\231\317\244\367\013\327\242)\336]\370\332\270\233\240\377\223%\002\006\333\367\376\334Vh!""; "
1750527594470,1750527594470,0,1,1,3,TMGetLedger,"itype: liBASE; ledgerHash: ""|\2003\266\274\251,W\006u\344\335d\003\306\212\313,\340\350bG\n\030Z\2732-\246\312\255\030""; requestCookie: 5; queryType: qtINDIRECT; ","itype: liBASE; ledgerHash: ""|\2003\266\274\251,W\006u\344\335d\003\306\212\313,\340\350bG\n\030Z\2732-\246\312\255\030""; requestCookie: 5; queryType: qtINDIRECT; "
1750527594471,1750527594471,0,1,1,3,TMGetLedger,"itype: liAS_NODE; ledgerHash: ""|\2003\266\274\251,W\006u\344\335d\003\306\212\313,\340\350bG\n\030Z\2732-\246\312\255\030""; ledgerSeq: 18; nodeIDs: ""\260\000\000\000\000\000\000\000\000\000\000\000\000\000\000\000\000\000\000\000\000\000\000\000\000\000\000\000\000\000\000\000\001""; queryType: qtINDIRECT; queryDepth: 1; ","itype: liAS_NODE; ledgerHash: ""|\2003\266\274\251,W\006u\344\335d\003\306\212\313,\340\350bG\n\030Z\2732-\246\312\255\030""; ledgerSeq: 18; nodeIDs: ""\260\000\000\000\000\000\000\000\000\000\000\000\000\000\000\000\000\000\000\000\000\000\000\000\000\000\000\000\000\000\000\000\001""; queryType: qtINDIRECT; queryDepth: 1; "
1750527594471,1750527594471,0,1,2,3,TMGetLedger,"itype: liBASE; ledgerHash: ""|\2003\266\274\251,W\006u\344\335d\003\306\212\313,\340\350bG\n\030Z\2732-\246\312\255\030""; ledgerSeq: 18; queryType: qtINDIRECT; ","itype: liBASE; ledgerHash: ""|\2003\266\274\251,W\006u\344\335d\003\306\212\313,\340\350bG\n\030Z\2732-\246\312\255\030""; ledgerSeq: 18; queryType: qtINDIRECT; "
1750527594472,1750527594472,0,1,2,3,TMGetLedger,"itype: liBASE; ledgerHash: ""|\2003\266\274\251,W\006u\344\335d\003\306\212\313,\340\350bG\n\030Z\2732-\246\312\255\030""; requestCookie: 3; queryType: qtINDIRECT; ","itype: liBASE; ledgerHash: ""|\2003\266\274\251,W\006u\344\335d\003\306\212\313,\340\350bG\n\030Z\2732-\246\312\255\030""; requestCookie: 3; queryType: qtINDIRECT; "
1750527594472,1750527594473,0,1,2,3,TMGetLedger,"itype: liBASE; ledgerHash: ""|\2003\266\274\251,W\006u\344\335d\003\306\212\313,\340\350bG\n\030Z\2732-\246\312\255\030""; requestCookie: 5; queryType: qtINDIRECT; ","itype: liBASE; ledgerHash: ""|\2003\266\274\251,W\006u\344\335d\003\306\212\313,\340\350bG\n\030Z\2732-\246\312\255\030""; requestCookie: 5; queryType: qtINDIRECT; "
1750527594473,1750527594473,0,1,2,3,TMGetLedger,"itype: liBASE; ledgerHash: ""|\2003\266\274\251,W\006u\344\335d\003\306\212\313,\340\350bG\n\030Z\2732-\246\312\255\030""; ledgerSeq: 18; requestCookie: 2; queryType: qtINDIRECT; ","itype: liBASE; ledgerHash: ""|\2003\266\274\251,W\006u\344\335d\003\306\212\313,\340\350bG\n\030Z\2732-\246\312\255\030""; ledgerSeq: 18; requestCookie: 2; queryType: qtINDIRECT; "
1750527594474,1750527594474,0,1,1,3,TMGetLedger,"itype: liBASE; ledgerHash: ""|\2003\266\274\251,W\006u\344\335d\003\306\212\313,\340\350bG\n\030Z\2732-\246\312\255\030""; ledgerSeq: 18; requestCookie: 2; queryType: qtINDIRECT; ","itype: liBASE; ledgerHash: ""|\2003\266\274\251,W\006u\344\335d\003\306\212\313,\340\350bG\n\030Z\2732-\246\312\255\030""; ledgerSeq: 18; requestCookie: 2; queryType: qtINDIRECT; "
1750527594474,1750527594474,0,1,4,3,TMGetLedger,"itype: liBASE; ledgerHash: ""|\2003\266\274\251,W\006u\344\335d\003\306\212\313,\340\350bG\n\030Z\2732-\246\312\255\030""; ledgerSeq: 18; requestCookie: 3; queryType: qtINDIRECT; ","itype: liBASE; ledgerHash: ""|\2003\266\274\251,W\006u\344\335d\003\306\212\313,\340\350bG\n\030Z\2732-\246\312\255\030""; ledgerSeq: 18; requestCookie: 3; queryType: qtINDIRECT; "
1750527594475,1750527594475,0,1,4,3,TMGetLedger,"itype: liBASE; ledgerHash: ""|\2003\266\274\251,W\006u\344\335d\003\306\212\313,\340\350bG\n\030Z\2732-\246\312\255\030""; requestCookie: 2; queryType: qtINDIRECT; ","itype: liBASE; ledgerHash: ""|\2003\266\274\251,W\006u\344\335d\003\306\212\313,\340\350bG\n\030Z\2732-\246\312\255\030""; requestCookie: 2; queryType: qtINDIRECT; "
1750527594475,1750527594475,0,1,4,3,TMGetLedger,"itype: liBASE; ledgerHash: ""|\2003\266\274\251,W\006u\344\335d\003\306\212\313,\340\350bG\n\030Z\2732-\246\312\255\030""; ledgerSeq: 18; requestCookie: 1; queryType: qtINDIRECT; ","itype: liBASE; ledgerHash: ""|\2003\266\274\251,W\006u\344\335d\003\306\212\313,\340\350bG\n\030Z\2732-\246\312\255\030""; ledgerSeq: 18; requestCookie: 1; queryType: qtINDIRECT; "
1750527594475,1750527594476,0,1,4,3,TMGetLedger,"itype: liAS_NODE; ledgerHash: ""|\2003\266\274\251,W\006u\344\335d\003\306\212\313,\340\350bG\n\030Z\2732-\246\312\255\030""; ledgerSeq: 18; nodeIDs: ""\260\000\000\000\000\000\000\000\000\000\000\000\000\000\000\000\000\000\000\000\000\000\000\000\000\000\000\000\000\000\000\000\001""; queryType: qtINDIRECT; queryDepth: 1; ","itype: liAS_NODE; ledgerHash: ""|\2003\266\274\251,W\006u\344\335d\003\306\212\313,\340\350bG\n\030Z\2732-\246\312\255\030""; ledgerSeq: 18; nodeIDs: ""\260\000\000\000\000\000\000\000\000\000\000\000\000\000\000\000\000\000\000\000\000\000\000\000\000\000\000\000\000\000\000\000\001""; queryType: qtINDIRECT; queryDepth: 1; "
1750527594476,1750527594476,0,1,0,3,TMGetLedger,"itype: liBASE; ledgerHash: ""|\2003\266\274\251,W\006u\344\335d\003\306\212\313,\340\350bG\n\030Z\2732-\246\312\255\030""; ledgerSeq: 18; queryType: qtINDIRECT; ","itype: liBASE; ledgerHash: ""|\2003\266\274\251,W\006u\344\335d\003\306\212\313,\340\350bG\n\030Z\2732-\246\312\255\030""; ledgerSeq: 18; queryType: qtINDIRECT; "
1750527594477,1750527594477,0,1,0,3,TMGetLedger,"itype: liBASE; ledgerHash: ""|\2003\266\274\251,W\006u\344\335d\003\306\212\313,\340\350bG\n\030Z\2732-\246\312\255\030""; requestCookie: 2; queryType: qtINDIRECT; ","itype: liBASE; ledgerHash: ""|\2003\266\274\251,W\006u\344\335d\003\306\212\313,\340\350bG\n\030Z\2732-\246\312\255\030""; requestCookie: 2; queryType: qtINDIRECT; "
1750527594478,1750527594478,0,1,3,1,TMLedgerData,"ledgerHash: ""|\2003\266\274\251,W\006u\344\335d\003\306\212\313,\340\350bG\n\030Z\2732-\246\312\255\030""; ledgerSeq: 18; type: liBASE; nodes {;   nodedata: ""\000\000\000\022\001cEx]\211\377\3307\271[~\n\237\274|\347\352@K\253~&\260\032\024\004B\200\255h\351\013\361\031:nG\211\005\000\000\000\000\000\000\000\000\000\000\000\000\000\000\000\000\000\000\000\000\000\000\000\000\000\000\000\000\000\000\000\000\037Z\336L{\362\346\374\246\274\024\373\254\256\235\3645C\234\003\306\341\243\013\342%\017!\352r\332d/\351\252\347/\351\252\350\n\000""; }; nodes {;   nodedata: ""\323C\344\327\264{\312-\017:\006{\177\344N\002\326bO\260\220\006\033\362\345\005U\221DzJ0\001\301\025%1L\307\t\261\262z\374\222T\301\274V\236\223\262\270Ct\362\337b\356\024*\324\320\351\317\002k\336\234\027v\351\217\260\303\360\233ZPZWr\246$w\313\313\r\243r\232\2234\373\3539:N\004Q\245\272D\312D\300\300\t\323\0257\345e\271\na\215{\226\255x%T\257\037\333\004\344_/R\006E\344\037@\210\363\010\336T\226\247'\204_{\261\370""1\235\2445\343\033Y!\212\201\341\272\225'\007\305\274d9\325y\365\204A\257x|\017-=n\364\364\371\303\367lk\034\250\247\023\346`M\2240\013\003""; }; requestCookie: 5; ","ledgerHash: ""|\2003\266\274\251,W\006u\344\335d\003\306\212\313,\340\350bG\n\030Z\2732-\246\312\255\030""; ledgerSeq: 18; type: liBASE; nodes {;   nodedata: ""\000\000\000\022\001cEx]\211\377\3307\271[~\n\237\274|\347\352@K\253~&\260\032\024\004B\200\255h\351\013\361\031:nG\211\005\000\000\000\000\000\000\000\000\000\000\000\000\000\000\000\000\000\000\000\000\000\000\000\000\000\000\000\000\000\000\000\000\037Z\336L{\362\346\374\246\274\024\373\254\256\235\3645C\234\003\306\341\243\013\342%\017!\352r\332d/\351\252\347/\351\252\350\n\000""; }; nodes {;   nodedata: ""\323C\344\327\264{\312-\017:\006{\177\344N\002\326bO\260\220\006\033\362\345\005U\221DzJ0\001\301\025%1L\307\t\261\262z\374\222T\301\274V\236\223\262\270Ct\362\337b\356\024*\324\320\351\317\002k\336\234\027v\351\217\260\303\360\233ZPZWr\246$w\313\313\r\243r\232\2234\373\3539:N\004Q\245\272D\312D\300\300\t\323\0257\345e\271\na\215{\226\255x%T\257\037\333\004\344_/R\006E\344\037@\210\363\010\336T\226\247'\204_{\261\370""1\235\2445\343\033Y!\212\201\341\272\225'\007\305\274d9\325y\365\204A\257x|\017-=n\364\364\371\303\367lk\034\250\247\023\346`M\2240\013\003""; }; requestCookie: 5; "
1750527594478,1750527594478,0,1,0,3,TMGetLedger,"itype: liBASE; ledgerHash: ""|\2003\266\274\251,W\006u\344\335d\003\306\212\313,\340\350bG\n\030Z\2732-\246\312\255\030""; requestCookie: 5; queryType: qtINDIRECT; ","itype: liBASE; ledgerHash: ""|\2003\266\274\251,W\006u\344\335d\003\306\212\313,\340\350bG\n\030Z\2732-\246\312\255\030""; requestCookie: 5; queryType: qtINDIRECT; "
1750527594479,1750527594479,0,1,3,1,TMLedgerData,"ledgerHash: ""|\2003\266\274\251,W\006u\344\335d\003\306\212\313,\340\350bG\n\030Z\2732-\246\312\255\030""; ledgerSeq: 18; type: liAS_NODE; nodes {;   nodedata: ""\021\000h""\000\000\000\000 \033\000\000\000\021\002\023\302\177\330\356GuH\375\327!\255\371\r\231\262R\256J\034\222\241\355X\265E\241^W\225\304\014\361CX-}\351f\032\255\274\334m\326c\017\014ao[\342\230\003\245\245\3341Hm\326^\017jy\335\261\032Yt\320\244{g\0306\\302\303*\341\215\223\257\364\277o\375\000r\241SOq\221\253\262\005\017\375T\356\014\360o'\030\311-\267\031\257!\031T\006><\315XM\334\324\345\034\000\325\367\240\271\013\265\024\321\362\354\211\250.\234s\225amc\305\035\366\276\037nD\277`\210\223N\3535\033\261\304f\331]\036\237\306o!\223\221\002\324\031\262\240R\177 ,\214\325\Q])\016\2067\277\t\354\010\000\360\215\2502\265\245\310\226\243c\302Ze\306\253#r\020\211\320iG\276\020E\317\035Sf\223F\254\033@\177e\277\016\010u\327\371&\262\312\317Q\2361t\377x\234\001v\003%\030\325_\225g\204\346a=\225\273\331\354\365*U\363\263N\367b\371\244\314-w\363\262\225Z\200\206\235\233\257?sE\2674\254\326mU\377?\177Ek\336\030!\316Aa\225\303\022\377{\210Y\226\271as\354L\035\004\341\361\035\301\024\220m#*\372\032\3178~\374\250\014*\323\342'z69\220\327\256\351G\367\317u\302\207\270b\315\333\333\334\310I\323&\014\352XZnW2.\335\347\202\021\247\362\212e\034\000\001\250\220\305;a\314\265R\310\017\317\331\235\360\262\240:\277\202\266\354\265X""\022\nh\252\352w\204\203\023]\001f\352\277\0031Q]\362\370R\350{\261\202\240\344\215\201\353\276\322p5p\350\354\017>\250r\241c\273\016\301\024\363\242\247\263\231\370\344\nBW\220K\316@3\243\200\036wk\253GSlU\010\360\231>\331\263H\214\324\030A\225\301o\346pkSF\004\241\213w9\223=\250\262*+\255\351r\265\244c\024\213\t\007`\223\325#\3477\210\345P\306\013\320\252[\0216+\227=`\371P\314\346 V7\271[~\n\237\274|\347\352@K\253~&\260\032\024\004B\200\255h\351\013\361\031:nG\211\005\264\227\2326\315\307\363\323\325\303\032N\256*\307\327 \235\332\207u\210\271\257\306g\231i*\260\326k\001"";   nodeid: ""\260\000\000\000\000\000\000\000\000\000\000\000\000\000\000\000\000\000\000\000\000\000\000\000\000\000\000\000\000\000\000\000\001""; }; ","ledgerHash: ""|\2003\266\274\251,W\006u\344\335d\003\306\212\313,\340\350bG\n\030Z\2732-\246\312\255\030""; ledgerSeq: 18; type: liAS_NODE; nodes {;   nodedata: ""\021\000h""\000\000\000\000 \033\000\000\000\021\002\023\302\177\330\356GuH\375\327!\255\371\r\231\262R\256J\034\222\241\355X\265E\241^W\225\304\014\361CX-}\351f\032\255\274\334m\326c\017\014ao[\342\230\003\245\245\3341Hm\326^\017jy\335\261\032Yt\320\244{g\0306\\302\303*\341\215\223\257\364\277o\375\000r\241SOq\221\253\262\005\017\375T\356\014\360o'\030\311-\267\031\257!\031T\006><\315XM\334\324\345\034\000\325\367\240\271\013\265\024\321\362\354\211\250.\234s\225amc\305\035\366\276\037nD\277`\210\223N\3535\033\261\304f\331]\036\237\306o!\223\221\002\324\031\262\240R\177 ,\214\325\Q])\016\2067\277\t\354\010\000\360\215\2502\265\245\310\226\243c\302Ze\306\253#r\020\211\320iG\276\020E\317\035Sf\223F\254\033@\177e\277\016\010u\327\371&\262\312\317Q\2361t\377x\234\001v\003%\030\325_\225g\204\346a=\225\273\331\354\365*U\363\263N\367b\371\244\314-w\363\262\225Z\200\206\235\233\257?sE\2674\254\326mU\377?\177Ek\336\030!\316Aa\225\303\022\377{\210Y\226\271as\354L\035\004\341\361\035\301\024\220m#*\372\032\3178~\374\250\014*\323\342'z69\220\327\256\351G\367\317u\302\207\270b\315\333\333\334\310I\323&\014\352XZnW2.\335\347\202\021\247\362\212e\034\000\001\250\220\305;a\314\265R\310\017\317\331\235\360\262\240:\277\202\266\354\265X""\022\nh\252\352w\204\203\023]\001f\352\277\0031Q]\362\370R\350{\261\202\240\344\215\201\353\276\322p5p\350\354\017>\250r\241c\273\016\301\024\363\242\247\263\231\370\344\nBW\220K\316@3\243\200\036wk\253GSlU\010\360\231>\331\263H\214\324\030A\225\301o\346pkSF\004\241\213w9\223=\250\262*+\255\351r\265\244c\024\213\t\007`\223\325#\3477\210\345P\306\013\320\252[\0216+\227=`\371P\314\346 V7\271[~\n\237\274|\347\352@K\253~&\260\032\024\004B\200\255h\351\013\361\031:nG\211\005\264\227\2326\315\307\363\323\325\303\032N\256*\307\327 \235\332\207u\210\271\257\306g\231i*\260\326k\001"";   nodeid: ""\260\000\000\000\000\000\000\000\000\000\000\000\000\000\000\000\000\000\000\000\000\000\000\000\000\000\000\000\000\000\000\000\001""; }; "
1750527594479,1750527594480,0,1,3,2,TMLedgerData,"ledgerHash: ""|\2003\266\274\251,W\006u\344\335d\003\306\212\313,\340\350bG\n\030Z\2732-\246\312\255\030""; ledgerSeq: 18; type: liBASE; nodes {;   nodedata: ""\000\000\000\022\001cEx]\211\377\3307\271[~\n\237\274|\347\352@K\253~&\260\032\024\004B\200\255h\351\013\361\031:nG\211\005\000\000\000\000\000\000\000\000\000\000\000\000\000\000\000\000\000\000\000\000\000\000\000\000\000\000\000\000\000\000\000\000\037Z\336L{\362\346\374\246\274\024\373\254\256\235\3645C\234\003\306\341\243\013\342%\017!\352r\332d/\351\252\347/\351\252\350\n\000""; }; nodes {;   nodedata: ""\323C\344\327\264{\312-\017:\006{\177\344N\002\326bO\260\220\006\033\362\345\005U\221DzJ0\001\301\025%1L\307\t\261\262z\374\222T\301\274V\236\223\262\270Ct\362\337b\356\024*\324\320\351\317\002k\336\234\027v\351\217\260\303\360\233ZPZWr\246$w\313\313\r\243r\232\2234\373\3539:N\004Q\245\272D\312D\300\300\t\323\0257\345e\271\na\215{\226\255x%T\257\037\333\004\344_/R\006E\344\037@\210\363\010\336T\226\247'\204_{\261\370""1\235\2445\343\033Y!\212\201\341\272\225'\007\305\274d9\325y\365\204A\257x|\017-=n\364\364\371\303\367lk\034\250\247\023\346`M\2240\013\003""; }; ","ledgerHash: ""|\2003\266\274\251,W\006u\344\335d\003\306\212\313,\340\350bG\n\030Z\2732-\246\312\255\030""; ledgerSeq: 18; type: liBASE; nodes {;   nodedata: ""\000\000\000\022\001cEx]\211\377\3307\271[~\n\237\274|\347\352@K\253~&\260\032\024\004B\200\255h\351\013\361\031:nG\211\005\000\000\000\000\000\000\000\000\000\000\000\000\000\000\000\000\000\000\000\000\000\000\000\000\000\000\000\000\000\000\000\000\037Z\336L{\362\346\374\246\274\024\373\254\256\235\3645C\234\003\306\341\243\013\342%\017!\352r\332d/\351\252\347/\351\252\350\n\000""; }; nodes {;   nodedata: ""\323C\344\327\264{\312-\017:\006{\177\344N\002\326bO\260\220\006\033\362\345\005U\221DzJ0\001\301\025%1L\307\t\261\262z\374\222T\301\274V\236\223\262\270Ct\362\337b\356\024*\324\320\351\317\002k\336\234\027v\351\217\260\303\360\233ZPZWr\246$w\313\313\r\243r\232\2234\373\3539:N\004Q\245\272D\312D\300\300\t\323\0257\345e\271\na\215{\226\255x%T\257\037\333\004\344_/R\006E\344\037@\210\363\010\336T\226\247'\204_{\261\370""1\235\2445\343\033Y!\212\201\341\272\225'\007\305\274d9\325y\365\204A\257x|\017-=n\364\364\371\303\367lk\034\250\247\023\346`M\2240\013\003""; }; "
1750527594480,1750527594480,0,1,3,2,TMLedgerData,"ledgerHash: ""|\2003\266\274\251,W\006u\344\335d\003\306\212\313,\340\350bG\n\030Z\2732-\246\312\255\030""; ledgerSeq: 18; type: liBASE; nodes {;   nodedata: ""\000\000\000\022\001cEx]\211\377\3307\271[~\n\237\274|\347\352@K\253~&\260\032\024\004B\200\255h\351\013\361\031:nG\211\005\000\000\000\000\000\000\000\000\000\000\000\000\000\000\000\000\000\000\000\000\000\000\000\000\000\000\000\000\000\000\000\000\037Z\336L{\362\346\374\246\274\024\373\254\256\235\3645C\234\003\306\341\243\013\342%\017!\352r\332d/\351\252\347/\351\252\350\n\000""; }; nodes {;   nodedata: ""\323C\344\327\264{\312-\017:\006{\177\344N\002\326bO\260\220\006\033\362\345\005U\221DzJ0\001\301\025%1L\307\t\261\262z\374\222T\301\274V\236\223\262\270Ct\362\337b\356\024*\324\320\351\317\002k\336\234\027v\351\217\260\303\360\233ZPZWr\246$w\313\313\r\243r\232\2234\373\3539:N\004Q\245\272D\312D\300\300\t\323\0257\345e\271\na\215{\226\255x%T\257\037\333\004\344_/R\006E\344\037@\210\363\010\336T\226\247'\204_{\261\370""1\235\2445\343\033Y!\212\201\341\272\225'\007\305\274d9\325y\365\204A\257x|\017-=n\364\364\371\303\367lk\034\250\247\023\346`M\2240\013\003""; }; requestCookie: 3; ","ledgerHash: ""|\2003\266\274\251,W\006u\344\335d\003\306\212\313,\340\350bG\n\030Z\2732-\246\312\255\030""; ledgerSeq: 18; type: liBASE; nodes {;   nodedata: ""\000\000\000\022\001cEx]\211\377\3307\271[~\n\237\274|\347\352@K\253~&\260\032\024\004B\200\255h\351\013\361\031:nG\211\005\000\000\000\000\000\000\000\000\000\000\000\000\000\000\000\000\000\000\000\000\000\000\000\000\000\000\000\000\000\000\000\000\037Z\336L{\362\346\374\246\274\024\373\254\256\235\3645C\234\003\306\341\243\013\342%\017!\352r\332d/\351\252\347/\351\252\350\n\000""; }; nodes {;   nodedata: ""\323C\344\327\264{\312-\017:\006{\177\344N\002\326bO\260\220\006\033\362\345\005U\221DzJ0\001\301\025%1L\307\t\261\262z\374\222T\301\274V\236\223\262\270Ct\362\337b\356\024*\324\320\351\317\002k\336\234\027v\351\217\260\303\360\233ZPZWr\246$w\313\313\r\243r\232\2234\373\3539:N\004Q\245\272D\312D\300\300\t\323\0257\345e\271\na\215{\226\255x%T\257\037\333\004\344_/R\006E\344\037@\210\363\010\336T\226\247'\204_{\261\370""1\235\2445\343\033Y!\212\201\341\272\225'\007\305\274d9\325y\365\204A\257x|\017-=n\364\364\371\303\367lk\034\250\247\023\346`M\2240\013\003""; }; requestCookie: 3; "
1750527594481,1750527594481,0,1,3,2,TMLedgerData,"ledgerHash: ""|\2003\266\274\251,W\006u\344\335d\003\306\212\313,\340\350bG\n\030Z\2732-\246\312\255\030""; ledgerSeq: 18; type: liBASE; nodes {;   nodedata: ""\000\000\000\022\001cEx]\211\377\3307\271[~\n\237\274|\347\352@K\253~&\260\032\024\004B\200\255h\351\013\361\031:nG\211\005\000\000\000\000\000\000\000\000\000\000\000\000\000\000\000\000\000\000\000\000\000\000\000\000\000\000\000\000\000\000\000\000\037Z\336L{\362\346\374\246\274\024\373\254\256\235\3645C\234\003\306\341\243\013\342%\017!\352r\332d/\351\252\347/\351\252\350\n\000""; }; nodes {;   nodedata: ""\323C\344\327\264{\312-\017:\006{\177\344N\002\326bO\260\220\006\033\362\345\005U\221DzJ0\001\301\025%1L\307\t\261\262z\374\222T\301\274V\236\223\262\270Ct\362\337b\356\024*\324\320\351\317\002k\336\234\027v\351\217\260\303\360\233ZPZWr\246$w\313\313\r\243r\232\2234\373\3539:N\004Q\245\272D\312D\300\300\t\323\0257\345e\271\na\215{\226\255x%T\257\037\333\004\344_/R\006E\344\037@\210\363\010\336T\226\247'\204_{\261\370""1\235\2445\343\033Y!\212\201\341\272\225'\007\305\274d9\325y\365\204A\257x|\017-=n\364\364\371\303\367lk\034\250\247\023\346`M\2240\013\003""; }; requestCookie: 5; ","ledgerHash: ""|\2003\266\274\251,W\006u\344\335d\003\306\212\313,\340\350bG\n\030Z\2732-\246\312\255\030""; ledgerSeq: 18; type: liBASE; nodes {;   nodedata: ""\000\000\000\022\001cEx]\211\377\3307\271[~\n\237\274|\347\352@K\253~&\260\032\024\004B\200\255h\351\013\361\031:nG\211\005\000\000\000\000\000\000\000\000\000\000\000\000\000\000\000\000\000\000\000\000\000\000\000\000\000\000\000\000\000\000\000\000\037Z\336L{\362\346\374\246\274\024\373\254\256\235\3645C\234\003\306\341\243\013\342%\017!\352r\332d/\351\252\347/\351\252\350\n\000""; }; nodes {;   nodedata: ""\323C\344\327\264{\312-\017:\006{\177\344N\002\326bO\260\220\006\033\362\345\005U\221DzJ0\001\301\025%1L\307\t\261\262z\374\222T\301\274V\236\223\262\270Ct\362\337b\356\024*\324\320\351\317\002k\336\234\027v\351\217\260\303\360\233ZPZWr\246$w\313\313\r\243r\232\2234\373\3539:N\004Q\245\272D\312D\300\300\t\323\0257\345e\271\na\215{\226\255x%T\257\037\333\004\344_/R\006E\344\037@\210\363\010\336T\226\247'\204_{\261\370""1\235\2445\343\033Y!\212\201\341\272\225'\007\305\274d9\325y\365\204A\257x|\017-=n\364\364\371\303\367lk\034\250\247\023\346`M\2240\013\003""; }; requestCookie: 5; "
1750527594481,1750527594481,0,1,3,2,TMLedgerData,"ledgerHash: ""|\2003\266\274\251,W\006u\344\335d\003\306\212\313,\340\350bG\n\030Z\2732-\246\312\255\030""; ledgerSeq: 18; type: liBASE; nodes {;   nodedata: ""\000\000\000\022\001cEx]\211\377\3307\271[~\n\237\274|\347\352@K\253~&\260\032\024\004B\200\255h\351\013\361\031:nG\211\005\000\000\000\000\000\000\000\000\000\000\000\000\000\000\000\000\000\000\000\000\000\000\000\000\000\000\000\000\000\000\000\000\037Z\336L{\362\346\374\246\274\024\373\254\256\235\3645C\234\003\306\341\243\013\342%\017!\352r\332d/\351\252\347/\351\252\350\n\000""; }; nodes {;   nodedata: ""\323C\344\327\264{\312-\017:\006{\177\344N\002\326bO\260\220\006\033\362\345\005U\221DzJ0\001\301\025%1L\307\t\261\262z\374\222T\301\274V\236\223\262\270Ct\362\337b\356\024*\324\320\351\317\002k\336\234\027v\351\217\260\303\360\233ZPZWr\246$w\313\313\r\243r\232\2234\373\3539:N\004Q\245\272D\312D\300\300\t\323\0257\345e\271\na\215{\226\255x%T\257\037\333\004\344_/R\006E\344\037@\210\363\010\336T\226\247'\204_{\261\370""1\235\2445\343\033Y!\212\201\341\272\225'\007\305\274d9\325y\365\204A\257x|\017-=n\364\364\371\303\367lk\034\250\247\023\346`M\2240\013\003""; }; requestCookie: 2; ","ledgerHash: ""|\2003\266\274\251,W\006u\344\335d\003\306\212\313,\340\350bG\n\030Z\2732-\246\312\255\030""; ledgerSeq: 18; type: liBASE; nodes {;   nodedata: ""\000\000\000\022\001cEx]\211\377\3307\271[~\n\237\274|\347\352@K\253~&\260\032\024\004B\200\255h\351\013\361\031:nG\211\005\000\000\000\000\000\000\000\000\000\000\000\000\000\000\000\000\000\000\000\000\000\000\000\000\000\000\000\000\000\000\000\000\037Z\336L{\362\346\374\246\274\024\373\254\256\235\3645C\234\003\306\341\243\013\342%\017!\352r\332d/\351\252\347/\351\252\350\n\000""; }; nodes {;   nodedata: ""\323C\344\327\264{\312-\017:\006{\177\344N\002\326bO\260\220\006\033\362\345\005U\221DzJ0\001\301\025%1L\307\t\261\262z\374\222T\301\274V\236\223\262\270Ct\362\337b\356\024*\324\320\351\317\002k\336\234\027v\351\217\260\303\360\233ZPZWr\246$w\313\313\r\243r\232\2234\373\3539:N\004Q\245\272D\312D\300\300\t\323\0257\345e\271\na\215{\226\255x%T\257\037\333\004\344_/R\006E\344\037@\210\363\010\336T\226\247'\204_{\261\370""1\235\2445\343\033Y!\212\201\341\272\225'\007\305\274d9\325y\365\204A\257x|\017-=n\364\364\371\303\367lk\034\250\247\023\346`M\2240\013\003""; }; requestCookie: 2; "
1750527594482,1750527594482,0,1,3,1,TMLedgerData,"ledgerHash: ""|\2003\266\274\251,W\006u\344\335d\003\306\212\313,\340\350bG\n\030Z\2732-\246\312\255\030""; ledgerSeq: 18; type: liBASE; nodes {;   nodedata: ""\000\000\000\022\001cEx]\211\377\3307\271[~\n\237\274|\347\352@K\253~&\260\032\024\004B\200\255h\351\013\361\031:nG\211\005\000\000\000\000\000\000\000\000\000\000\000\000\000\000\000\000\000\000\000\000\000\000\000\000\000\000\000\000\000\000\000\000\037Z\336L{\362\346\374\246\274\024\373\254\256\235\3645C\234\003\306\341\243\013\342%\017!\352r\332d/\351\252\347/\351\252\350\n\000""; }; nodes {;   nodedata: ""\323C\344\327\264{\312-\017:\006{\177\344N\002\326bO\260\220\006\033\362\345\005U\221DzJ0\001\301\025%1L\307\t\261\262z\374\222T\301\274V\236\223\262\270Ct\362\337b\356\024*\324\320\351\317\002k\336\234\027v\351\217\260\303\360\233ZPZWr\246$w\313\313\r\243r\232\2234\373\3539:N\004Q\245\272D\312D\300\300\t\323\0257\345e\271\na\215{\226\255x%T\257\037\333\004\344_/R\006E\344\037@\210\363\010\336T\226\247'\204_{\261\370""1\235\2445\343\033Y!\212\201\341\272\225'\007\305\274d9\325y\365\204A\257x|\017-=n\364\364\371\303\367lk\034\250\247\023\346`M\2240\013\003""; }; requestCookie: 2; ","ledgerHash: ""|\2003\266\274\251,W\006u\344\335d\003\306\212\313,\340\350bG\n\030Z\2732-\246\312\255\030""; ledgerSeq: 18; type: liBASE; nodes {;   nodedata: ""\000\000\000\022\001cEx]\211\377\3307\271[~\n\237\274|\347\352@K\253~&\260\032\024\004B\200\255h\351\013\361\031:nG\211\005\000\000\000\000\000\000\000\000\000\000\000\000\000\000\000\000\000\000\000\000\000\000\000\000\000\000\000\000\000\000\000\000\037Z\336L{\362\346\374\246\274\024\373\254\256\235\3645C\234\003\306\341\243\013\342%\017!\352r\332d/\351\252\347/\351\252\350\n\000""; }; nodes {;   nodedata: ""\323C\344\327\264{\312-\017:\006{\177\344N\002\326bO\260\220\006\033\362\345\005U\221DzJ0\001\301\025%1L\307\t\261\262z\374\222T\301\274V\236\223\262\270Ct\362\337b\356\024*\324\320\351\317\002k\336\234\027v\351\217\260\303\360\233ZPZWr\246$w\313\313\r\243r\232\2234\373\3539:N\004Q\245\272D\312D\300\300\t\323\0257\345e\271\na\215{\226\255x%T\257\037\333\004\344_/R\006E\344\037@\210\363\010\336T\226\247'\204_{\261\370""1\235\2445\343\033Y!\212\201\341\272\225'\007\305\274d9\325y\365\204A\257x|\017-=n\364\364\371\303\367lk\034\250\247\023\346`M\2240\013\003""; }; requestCookie: 2; "
1750527594483,1750527594483,0,1,3,4,TMLedgerData,"ledgerHash: ""|\2003\266\274\251,W\006u\344\335d\003\306\212\313,\340\350bG\n\030Z\2732-\246\312\255\030""; ledgerSeq: 18; type: liBASE; nodes {;   nodedata: ""\000\000\000\022\001cEx]\211\377\3307\271[~\n\237\274|\347\352@K\253~&\260\032\024\004B\200\255h\351\013\361\031:nG\211\005\000\000\000\000\000\000\000\000\000\000\000\000\000\000\000\000\000\000\000\000\000\000\000\000\000\000\000\000\000\000\000\000\037Z\336L{\362\346\374\246\274\024\373\254\256\235\3645C\234\003\306\341\243\013\342%\017!\352r\332d/\351\252\347/\351\252\350\n\000""; }; nodes {;   nodedata: ""\323C\344\327\264{\312-\017:\006{\177\344N\002\326bO\260\220\006\033\362\345\005U\221DzJ0\001\301\025%1L\307\t\261\262z\374\222T\301\274V\236\223\262\270Ct\362\337b\356\024*\324\320\351\317\002k\336\234\027v\351\217\260\303\360\233ZPZWr\246$w\313\313\r\243r\232\2234\373\3539:N\004Q\245\272D\312D\300\300\t\323\0257\345e\271\na\215{\226\255x%T\257\037\333\004\344_/R\006E\344\037@\210\363\010\336T\226\247'\204_{\261\370""1\235\2445\343\033Y!\212\201\341\272\225'\007\305\274d9\325y\365\204A\257x|\017-=n\364\364\371\303\367lk\034\250\247\023\346`M\2240\013\003""; }; requestCookie: 3; ","ledgerHash: ""|\2003\266\274\251,W\006u\344\335d\003\306\212\313,\340\350bG\n\030Z\2732-\246\312\255\030""; ledgerSeq: 18; type: liBASE; nodes {;   nodedata: ""\000\000\000\022\001cEx]\211\377\3307\271[~\n\237\274|\347\352@K\253~&\260\032\024\004B\200\255h\351\013\361\031:nG\211\005\000\000\000\000\000\000\000\000\000\000\000\000\000\000\000\000\000\000\000\000\000\000\000\000\000\000\000\000\000\000\000\000\037Z\336L{\362\346\374\246\274\024\373\254\256\235\3645C\234\003\306\341\243\013\342%\017!\352r\332d/\351\252\347/\351\252\350\n\000""; }; nodes {;   nodedata: ""\323C\344\327\264{\312-\017:\006{\177\344N\002\326bO\260\220\006\033\362\345\005U\221DzJ0\001\301\025%1L\307\t\261\262z\374\222T\301\274V\236\223\262\270Ct\362\337b\356\024*\324\320\351\317\002k\336\234\027v\351\217\260\303\360\233ZPZWr\246$w\313\313\r\243r\232\2234\373\3539:N\004Q\245\272D\312D\300\300\t\323\0257\345e\271\na\215{\226\255x%T\257\037\333\004\344_/R\006E\344\037@\210\363\010\336T\226\247'\204_{\261\370""1\235\2445\343\033Y!\212\201\341\272\225'\007\305\274d9\325y\365\204A\257x|\017-=n\364\364\371\303\367lk\034\250\247\023\346`M\2240\013\003""; }; requestCookie: 3; "
1750527594483,1750527594484,0,1,3,4,TMLedgerData,"ledgerHash: ""|\2003\266\274\251,W\006u\344\335d\003\306\212\313,\340\350bG\n\030Z\2732-\246\312\255\030""; ledgerSeq: 18; type: liBASE; nodes {;   nodedata: ""\000\000\000\022\001cEx]\211\377\3307\271[~\n\237\274|\347\352@K\253~&\260\032\024\004B\200\255h\351\013\361\031:nG\211\005\000\000\000\000\000\000\000\000\000\000\000\000\000\000\000\000\000\000\000\000\000\000\000\000\000\000\000\000\000\000\000\000\037Z\336L{\362\346\374\246\274\024\373\254\256\235\3645C\234\003\306\341\243\013\342%\017!\352r\332d/\351\252\347/\351\252\350\n\000""; }; nodes {;   nodedata: ""\323C\344\327\264{\312-\017:\006{\177\344N\002\326bO\260\220\006\033\362\345\005U\221DzJ0\001\301\025%1L\307\t\261\262z\374\222T\301\274V\236\223\262\270Ct\362\337b\356\024*\324\320\351\317\002k\336\234\027v\351\217\260\303\360\233ZPZWr\246$w\313\313\r\243r\232\2234\373\3539:N\004Q\245\272D\312D\300\300\t\323\0257\345e\271\na\215{\226\255x%T\257\037\333\004\344_/R\006E\344\037@\210\363\010\336T\226\247'\204_{\261\370""1\235\2445\343\033Y!\212\201\341\272\225'\007\305\274d9\325y\365\204A\257x|\017-=n\364\364\371\303\367lk\034\250\247\023\346`M\2240\013\003""; }; requestCookie: 2; ","ledgerHash: ""|\2003\266\274\251,W\006u\344\335d\003\306\212\313,\340\350bG\n\030Z\2732-\246\312\255\030""; ledgerSeq: 18; type: liBASE; nodes {;   nodedata: ""\000\000\000\022\001cEx]\211\377\3307\271[~\n\237\274|\347\352@K\253~&\260\032\024\004B\200\255h\351\013\361\031:nG\211\005\000\000\000\000\000\000\000\000\000\000\000\000\000\000\000\000\000\000\000\000\000\000\000\000\000\000\000\000\000\000\000\000\037Z\336L{\362\346\374\246\274\024\373\254\256\235\3645C\234\003\306\341\243\013\342%\017!\352r\332d/\351\252\347/\351\252\350\n\000""; }; nodes {;   nodedata: ""\323C\344\327\264{\312-\017:\006{\177\344N\002\326bO\260\220\006\033\362\345\005U\221DzJ0\001\301\025%1L\307\t\261\262z\374\222T\301\274V\236\223\262\270Ct\362\337b\356\024*\324\320\351\317\002k\336\234\027v\351\217\260\303\360\233ZPZWr\246$w\313\313\r\243r\232\2234\373\3539:N\004Q\245\272D\312D\300\300\t\323\0257\345e\271\na\215{\226\255x%T\257\037\333\004\344_/R\006E\344\037@\210\363\010\336T\226\247'\204_{\261\370""1\235\2445\343\033Y!\212\201\341\272\225'\007\305\274d9\325y\365\204A\257x|\017-=n\364\364\371\303\367lk\034\250\247\023\346`M\2240\013\003""; }; requestCookie: 2; "
1750527594484,1750527594484,0,1,3,4,TMLedgerData,"ledgerHash: ""|\2003\266\274\251,W\006u\344\335d\003\306\212\313,\340\350bG\n\030Z\2732-\246\312\255\030""; ledgerSeq: 18; type: liBASE; nodes {;   nodedata: ""\000\000\000\022\001cEx]\211\377\3307\271[~\n\237\274|\347\352@K\253~&\260\032\024\004B\200\255h\351\013\361\031:nG\211\005\000\000\000\000\000\000\000\000\000\000\000\000\000\000\000\000\000\000\000\000\000\000\000\000\000\000\000\000\000\000\000\000\037Z\336L{\362\346\374\246\274\024\373\254\256\235\3645C\234\003\306\341\243\013\342%\017!\352r\332d/\351\252\347/\351\252\350\n\000""; }; nodes {;   nodedata: ""\323C\344\327\264{\312-\017:\006{\177\344N\002\326bO\260\220\006\033\362\345\005U\221DzJ0\001\301\025%1L\307\t\261\262z\374\222T\301\274V\236\223\262\270Ct\362\337b\356\024*\324\320\351\317\002k\336\234\027v\351\217\260\303\360\233ZPZWr\246$w\313\313\r\243r\232\2234\373\3539:N\004Q\245\272D\312D\300\300\t\323\0257\345e\271\na\215{\226\255x%T\257\037\333\004\344_/R\006E\344\037@\210\363\010\336T\226\247'\204_{\261\370""1\235\2445\343\033Y!\212\201\341\272\225'\007\305\274d9\325y\365\204A\257x|\017-=n\364\364\371\303\367lk\034\250\247\023\346`M\2240\013\003""; }; requestCookie: 1; ","ledgerHash: ""|\2003\266\274\251,W\006u\344\335d\003\306\212\313,\340\350bG\n\030Z\2732-\246\312\255\030""; ledgerSeq: 18; type: liBASE; nodes {;   nodedata: ""\000\000\000\022\001cEx]\211\377\3307\271[~\n\237\274|\347\352@K\253~&\260\032\024\004B\200\255h\351\013\361\031:nG\211\005\000\000\000\000\000\000\000\000\000\000\000\000\000\000\000\000\000\000\000\000\000\000\000\000\000\000\000\000\000\000\000\000\037Z\336L{\362\346\374\246\274\024\373\254\256\235\3645C\234\003\306\341\243\013\342%\017!\352r\332d/\351\252\347/\351\252\350\n\000""; }; nodes {;   nodedata: ""\323C\344\327\264{\312-\017:\006{\177\344N\002\326bO\260\220\006\033\362\345\005U\221DzJ0\001\301\025%1L\307\t\261\262z\374\222T\301\274V\236\223\262\270Ct\362\337b\356\024*\324\320\351\317\002k\336\234\027v\351\217\260\303\360\233ZPZWr\246$w\313\313\r\243r\232\2234\373\3539:N\004Q\245\272D\312D\300\300\t\323\0257\345e\271\na\215{\226\255x%T\257\037\333\004\344_/R\006E\344\037@\210\363\010\336T\226\247'\204_{\261\370""1\235\2445\343\033Y!\212\201\341\272\225'\007\305\274d9\325y\365\204A\257x|\017-=n\364\364\371\303\367lk\034\250\247\023\346`M\2240\013\003""; }; requestCookie: 1; "
1750527594484,1750527594485,0,1,3,4,TMLedgerData,"ledgerHash: ""|\2003\266\274\251,W\006u\344\335d\003\306\212\313,\340\350bG\n\030Z\2732-\246\312\255\030""; ledgerSeq: 18; type: liAS_NODE; nodes {;   nodedata: ""\021\000h""\000\000\000\000 \033\000\000\000\021\002\023\302\177\330\356GuH\375\327!\255\371\r\231\262R\256J\034\222\241\355X\265E\241^W\225\304\014\361CX-}\351f\032\255\274\334m\326c\017\014ao[\342\230\003\245\245\3341Hm\326^\017jy\335\261\032Yt\320\244{g\0306\\302\303*\341\215\223\257\364\277o\375\000r\241SOq\221\253\262\005\017\375T\356\014\360o'\030\311-\267\031\257!\031T\006><\315XM\334\324\345\034\000\325\367\240\271\013\265\024\321\362\354\211\250.\234s\225amc\305\035\366\276\037nD\277`\210\223N\3535\033\261\304f\331]\036\237\306o!\223\221\002\324\031\262\240R\177 ,\214\325\Q])\016\2067\277\t\354\010\000\360\215\2502\265\245\310\226\243c\302Ze\306\253#r\020\211\320iG\276\020E\317\035Sf\223F\254\033@\177e\277\016\010u\327\371&\262\312\317Q\2361t\377x\234\001v\003%\030\325_\225g\204\346a=\225\273\331\354\365*U\363\263N\367b\371\244\314-w\363\262\225Z\200\206\235\233\257?sE\2674\254\326mU\377?\177Ek\336\030!\316Aa\225\303\022\377{\210Y\226\271as\354L\035\004\341\361\035\301\024\220m#*\372\032\3178~\374\250\014*\323\342'z69\220\327\256\351G\367\317u\302\207\270b\315\333\333\334\310I\323&\014\352XZnW2.\335\347\202\021\247\362\212e\034\000\001\250\220\305;a\314\265R\310\017\317\331\235\360\262\240:\277\202\266\354\265X""\022\nh\252\352w\204\203\023]\001f\352\277\0031Q]\362\370R\350{\261\202\240\344\215\201\353\276\322p5p\350\354\017>\250r\241c\273\016\301\024\363\242\247\263\231\370\344\nBW\220K\316@3\243\200\036wk\253GSlU\010\360\231>\331\263H\214\324\030A\225\301o\346pkSF\004\241\213w9\223=\250\262*+\255\351r\265\244c\024\213\t\007`\223\325#\3477\210\345P\306\013\320\252[\0216+\227=`\371P\314\346 V7\271[~\n\237\274|\347\352@K\253~&\260\032\024\004B\200\255h\351\013\361\031:nG\211\005\264\227\2326\315\307\363\323\325\303\032N\256*\307\327 \235\332\207u\210\271\257\306g\231i*\260\326k\001"";   nodeid: ""\260\000\000\000\000\000\000\000\000\000\000\000\000\000\000\000\000\000\000\000\000\000\000\000\000\000\000\000\000\000\000\000\001""; }; ","ledgerHash: ""|\2003\266\274\251,W\006u\344\335d\003\306\212\313,\340\350bG\n\030Z\2732-\246\312\255\030""; ledgerSeq: 18; type: liAS_NODE; nodes {;   nodedata: ""\021\000h""\000\000\000\000 \033\000\000\000\021\002\023\302\177\330\356GuH\375\327!\255\371\r\231\262R\256J\034\222\241\355X\265E\241^W\225\304\014\361CX-}\351f\032\255\274\334m\326c\017\014ao[\342\230\003\245\245\3341Hm\326^\017jy\335\261\032Yt\320\244{g\0306\\302\303*\341\215\223\257\364\277o\375\000r\241SOq\221\253\262\005\017\375T\356\014\360o'\030\311-\267\031\257!\031T\006><\315XM\334\324\345\034\000\325\367\240\271\013\265\024\321\362\354\211\250.\234s\225amc\305\035\366\276\037nD\277`\210\223N\3535\033\261\304f\331]\036\237\306o!\223\221\002\324\031\262\240R\177 ,\214\325\Q])\016\2067\277\t\354\010\000\360\215\2502\265\245\310\226\243c\302Ze\306\253#r\020\211\320iG\276\020E\317\035Sf\223F\254\033@\177e\277\016\010u\327\371&\262\312\317Q\2361t\377x\234\001v\003%\030\325_\225g\204\346a=\225\273\331\354\365*U\363\263N\367b\371\244\314-w\363\262\225Z\200\206\235\233\257?sE\2674\254\326mU\377?\177Ek\336\030!\316Aa\225\303\022\377{\210Y\226\271as\354L\035\004\341\361\035\301\024\220m#*\372\032\3178~\374\250\014*\323\342'z69\220\327\256\351G\367\317u\302\207\270b\315\333\333\334\310I\323&\014\352XZnW2.\335\347\202\021\247\362\212e\034\000\001\250\220\305;a\314\265R\310\017\317\331\235\360\262\240:\277\202\266\354\265X""\022\nh\252\352w\204\203\023]\001f\352\277\0031Q]\362\370R\350{\261\202\240\344\215\201\353\276\322p5p\350\354\017>\250r\241c\273\016\301\024\363\242\247\263\231\370\344\nBW\220K\316@3\243\200\036wk\253GSlU\010\360\231>\331\263H\214\324\030A\225\301o\346pkSF\004\241\213w9\223=\250\262*+\255\351r\265\244c\024\213\t\007`\223\325#\3477\210\345P\306\013\320\252[\0216+\227=`\371P\314\346 V7\271[~\n\237\274|\347\352@K\253~&\260\032\024\004B\200\255h\351\013\361\031:nG\211\005\264\227\2326\315\307\363\323\325\303\032N\256*\307\327 \235\332\207u\210\271\257\306g\231i*\260\326k\001"";   nodeid: ""\260\000\000\000\000\000\000\000\000\000\000\000\000\000\000\000\000\000\000\000\000\000\000\000\000\000\000\000\000\000\000\000\001""; }; "
1750527594485,1750527594486,0,1,3,0,TMLedgerData,"ledgerHash: ""|\2003\266\274\251,W\006u\344\335d\003\306\212\313,\340\350bG\n\030Z\2732-\246\312\255\030""; ledgerSeq: 18; type: liBASE; nodes {;   nodedata: ""\000\000\000\022\001cEx]\211\377\3307\271[~\n\237\274|\347\352@K\253~&\260\032\024\004B\200\255h\351\013\361\031:nG\211\005\000\000\000\000\000\000\000\000\000\000\000\000\000\000\000\000\000\000\000\000\000\000\000\000\000\000\000\000\000\000\000\000\037Z\336L{\362\346\374\246\274\024\373\254\256\235\3645C\234\003\306\341\243\013\342%\017!\352r\332d/\351\252\347/\351\252\350\n\000""; }; nodes {;   nodedata: ""\323C\344\327\264{\312-\017:\006{\177\344N\002\326bO\260\220\006\033\362\345\005U\221DzJ0\001\301\025%1L\307\t\261\262z\374\222T\301\274V\236\223\262\270Ct\362\337b\356\024*\324\320\351\317\002k\336\234\027v\351\217\260\303\360\233ZPZWr\246$w\313\313\r\243r\232\2234\373\3539:N\004Q\245\272D\312D\300\300\t\323\0257\345e\271\na\215{\226\255x%T\257\037\333\004\344_/R\006E\344\037@\210\363\010\336T\226\247'\204_{\261\370""1\235\2445\343\033Y!\212\201\341\272\225'\007\305\274d9\325y\365\204A\257x|\017-=n\364\364\371\303\367lk\034\250\247\023\346`M\2240\013\003""; }; ","ledgerHash: ""|\2003\266\274\251,W\006u\344\335d\003\306\212\313,\340\350bG\n\030Z\2732-\246\312\255\030""; ledgerSeq: 18; type: liBASE; nodes {;   nodedata: ""\000\000\000\022\001cEx]\211\377\3307\271[~\n\237\274|\347\352@K\253~&\260\032\024\004B\200\255h\351\013\361\031:nG\211\005\000\000\000\000\000\000\000\000\000\000\000\000\000\000\000\000\000\000\000\000\000\000\000\000\000\000\000\000\000\000\000\000\037Z\336L{\362\346\374\246\274\024\373\254\256\235\3645C\234\003\306\341\243\013\342%\017!\352r\332d/\351\252\347/\351\252\350\n\000""; }; nodes {;   nodedata: ""\323C\344\327\264{\312-\017:\006{\177\344N\002\326bO\260\220\006\033\362\345\005U\221DzJ0\001\301\025%1L\307\t\261\262z\374\222T\301\274V\236\223\262\270Ct\362\337b\356\024*\324\320\351\317\002k\336\234\027v\351\217\260\303\360\233ZPZWr\246$w\313\313\r\243r\232\2234\373\3539:N\004Q\245\272D\312D\300\300\t\323\0257\345e\271\na\215{\226\255x%T\257\037\333\004\344_/R\006E\344\037@\210\363\010\336T\226\247'\204_{\261\370""1\235\2445\343\033Y!\212\201\341\272\225'\007\305\274d9\325y\365\204A\257x|\017-=n\364\364\371\303\367lk\034\250\247\023\346`M\2240\013\003""; }; "
1750527594486,1750527594486,0,1,1,3,TMGetLedger,"itype: liBASE; ledgerHash: ""|\2003\266\274\251,W\006u\344\335d\003\306\212\313,\340\350bG\n\030Z\2732-\246\312\255\030""; ledgerSeq: 18; requestCookie: 3; queryType: qtINDIRECT; ","itype: liBASE; ledgerHash: ""|\2003\266\274\251,W\006u\344\335d\003\306\212\313,\340\350bG\n\030Z\2732-\246\312\255\030""; ledgerSeq: 18; requestCookie: 3; queryType: qtINDIRECT; "
1750527594486,1750527594487,0,1,3,0,TMLedgerData,"ledgerHash: ""|\2003\266\274\251,W\006u\344\335d\003\306\212\313,\340\350bG\n\030Z\2732-\246\312\255\030""; ledgerSeq: 18; type: liBASE; nodes {;   nodedata: ""\000\000\000\022\001cEx]\211\377\3307\271[~\n\237\274|\347\352@K\253~&\260\032\024\004B\200\255h\351\013\361\031:nG\211\005\000\000\000\000\000\000\000\000\000\000\000\000\000\000\000\000\000\000\000\000\000\000\000\000\000\000\000\000\000\000\000\000\037Z\336L{\362\346\374\246\274\024\373\254\256\235\3645C\234\003\306\341\243\013\342%\017!\352r\332d/\351\252\347/\351\252\350\n\000""; }; nodes {;   nodedata: ""\323C\344\327\264{\312-\017:\006{\177\344N\002\326bO\260\220\006\033\362\345\005U\221DzJ0\001\301\025%1L\307\t\261\262z\374\222T\301\274V\236\223\262\270Ct\362\337b\356\024*\324\320\351\317\002k\336\234\027v\351\217\260\303\360\233ZPZWr\246$w\313\313\r\243r\232\2234\373\3539:N\004Q\245\272D\312D\300\300\t\323\0257\345e\271\na\215{\226\255x%T\257\037\333\004\344_/R\006E\344\037@\210\363\010\336T\226\247'\204_{\261\370""1\235\2445\343\033Y!\212\201\341\272\225'\007\305\274d9\325y\365\204A\257x|\017-=n\364\364\371\303\367lk\034\250\247\023\346`M\2240\013\003""; }; requestCookie: 2; ","ledgerHash: ""|\2003\266\274\251,W\006u\344\335d\003\306\212\313,\340\350bG\n\030Z\2732-\246\312\255\030""; ledgerSeq: 18; type: liBASE; nodes {;   nodedata: ""\000\000\000\022\001cEx]\211\377\3307\271[~\n\237\274|\347\352@K\253~&\260\032\024\004B\200\255h\351\013\361\031:nG\211\005\000\000\000\000\000\000\000\000\000\000\000\000\000\000\000\000\000\000\000\000\000\000\000\000\000\000\000\000\000\000\000\000\037Z\336L{\362\346\374\246\274\024\373\254\256\235\3645C\234\003\306\341\243\013\342%\017!\352r\332d/\351\252\347/\351\252\350\n\000""; }; nodes {;   nodedata: ""\323C\344\327\264{\312-\017:\006{\177\344N\002\326bO\260\220\006\033\362\345\005U\221DzJ0\001\301\025%1L\307\t\261\262z\374\222T\301\274V\236\223\262\270Ct\362\337b\356\024*\324\320\351\317\002k\336\234\027v\351\217\260\303\360\233ZPZWr\246$w\313\313\r\243r\232\2234\373\3539:N\004Q\245\272D\312D\300\300\t\323\0257\345e\271\na\215{\226\255x%T\257\037\333\004\344_/R\006E\344\037@\210\363\010\336T\226\247'\204_{\261\370""1\235\2445\343\033Y!\212\201\341\272\225'\007\305\274d9\325y\365\204A\257x|\017-=n\364\364\371\303\367lk\034\250\247\023\346`M\2240\013\003""; }; requestCookie: 2; "
1750527594488,1750527594488,0,1,1,4,TMLedgerData,"ledgerHash: ""|\2003\266\274\251,W\006u\344\335d\003\306\212\313,\340\350bG\n\030Z\2732-\246\312\255\030""; ledgerSeq: 18; type: liBASE; nodes {;   nodedata: ""\000\000\000\022\001cEx]\211\377\3307\271[~\n\237\274|\347\352@K\253~&\260\032\024\004B\200\255h\351\013\361\031:nG\211\005\000\000\000\000\000\000\000\000\000\000\000\000\000\000\000\000\000\000\000\000\000\000\000\000\000\000\000\000\000\000\000\000\037Z\336L{\362\346\374\246\274\024\373\254\256\235\3645C\234\003\306\341\243\013\342%\017!\352r\332d/\351\252\347/\351\252\350\n\000""; }; nodes {;   nodedata: ""\323C\344\327\264{\312-\017:\006{\177\344N\002\326bO\260\220\006\033\362\345\005U\221DzJ0\001\301\025%1L\307\t\261\262z\374\222T\301\274V\236\223\262\270Ct\362\337b\356\024*\324\320\351\317\002k\336\234\027v\351\217\260\303\360\233ZPZWr\246$w\313\313\r\243r\232\2234\373\3539:N\004Q\245\272D\312D\300\300\t\323\0257\345e\271\na\215{\226\255x%T\257\037\333\004\344_/R\006E\344\037@\210\363\010\336T\226\247'\204_{\261\370""1\235\2445\343\033Y!\212\201\341\272\225'\007\305\274d9\325y\365\204A\257x|\017-=n\364\364\371\303\367lk\034\250\247\023\346`M\2240\013\003""; }; ","ledgerHash: ""|\2003\266\274\251,W\006u\344\335d\003\306\212\313,\340\350bG\n\030Z\2732-\246\312\255\030""; ledgerSeq: 18; type: liBASE; nodes {;   nodedata: ""\000\000\000\022\001cEx]\211\377\3307\271[~\n\237\274|\347\352@K\253~&\260\032\024\004B\200\255h\351\013\361\031:nG\211\005\000\000\000\000\000\000\000\000\000\000\000\000\000\000\000\000\000\000\000\000\000\000\000\000\000\000\000\000\000\000\000\000\037Z\336L{\362\346\374\246\274\024\373\254\256\235\3645C\234\003\306\341\243\013\342%\017!\352r\332d/\351\252\347/\351\252\350\n\000""; }; nodes {;   nodedata: ""\323C\344\327\264{\312-\017:\006{\177\344N\002\326bO\260\220\006\033\362\345\005U\221DzJ0\001\301\025%1L\307\t\261\262z\374\222T\301\274V\236\223\262\270Ct\362\337b\356\024*\324\320\351\317\002k\336\234\027v\351\217\260\303\360\233ZPZWr\246$w\313\313\r\243r\232\2234\373\3539:N\004Q\245\272D\312D\300\300\t\323\0257\345e\271\na\215{\226\255x%T\257\037\333\004\344_/R\006E\344\037@\210\363\010\336T\226\247'\204_{\261\370""1\235\2445\343\033Y!\212\201\341\272\225'\007\305\274d9\325y\365\204A\257x|\017-=n\364\364\371\303\367lk\034\250\247\023\346`M\2240\013\003""; }; "
1750527594488,1750527594489,0,1,3,0,TMLedgerData,"ledgerHash: ""|\2003\266\274\251,W\006u\344\335d\003\306\212\313,\340\350bG\n\030Z\2732-\246\312\255\030""; ledgerSeq: 18; type: liBASE; nodes {;   nodedata: ""\000\000\000\022\001cEx]\211\377\3307\271[~\n\237\274|\347\352@K\253~&\260\032\024\004B\200\255h\351\013\361\031:nG\211\005\000\000\000\000\000\000\000\000\000\000\000\000\000\000\000\000\000\000\000\000\000\000\000\000\000\000\000\000\000\000\000\000\037Z\336L{\362\346\374\246\274\024\373\254\256\235\3645C\234\003\306\341\243\013\342%\017!\352r\332d/\351\252\347/\351\252\350\n\000""; }; nodes {;   nodedata: ""\323C\344\327\264{\312-\017:\006{\177\344N\002\326bO\260\220\006\033\362\345\005U\221DzJ0\001\301\025%1L\307\t\261\262z\374\222T\301\274V\236\223\262\270Ct\362\337b\356\024*\324\320\351\317\002k\336\234\027v\351\217\260\303\360\233ZPZWr\246$w\313\313\r\243r\232\2234\373\3539:N\004Q\245\272D\312D\300\300\t\323\0257\345e\271\na\215{\226\255x%T\257\037\333\004\344_/R\006E\344\037@\210\363\010\336T\226\247'\204_{\261\370""1\235\2445\343\033Y!\212\201\341\272\225'\007\305\274d9\325y\365\204A\257x|\017-=n\364\364\371\303\367lk\034\250\247\023\346`M\2240\013\003""; }; requestCookie: 5; ","ledgerHash: ""|\2003\266\274\251,W\006u\344\335d\003\306\212\313,\340\350bG\n\030Z\2732-\246\312\255\030""; ledgerSeq: 18; type: liBASE; nodes {;   nodedata: ""\000\000\000\022\001cEx]\211\377\3307\271[~\n\237\274|\347\352@K\253~&\260\032\024\004B\200\255h\351\013\361\031:nG\211\005\000\000\000\000\000\000\000\000\000\000\000\000\000\000\000\000\000\000\000\000\000\000\000\000\000\000\000\000\000\000\000\000\037Z\336L{\362\346\374\246\274\024\373\254\256\235\3645C\234\003\306\341\243\013\342%\017!\352r\332d/\351\252\347/\351\252\350\n\000""; }; nodes {;   nodedata: ""\323C\344\327\264{\312-\017:\006{\177\344N\002\326bO\260\220\006\033\362\345\005U\221DzJ0\001\301\025%1L\307\t\261\262z\374\222T\301\274V\236\223\262\270Ct\362\337b\356\024*\324\320\351\317\002k\336\234\027v\351\217\260\303\360\233ZPZWr\246$w\313\313\r\243r\232\2234\373\3539:N\004Q\245\272D\312D\300\300\t\323\0257\345e\271\na\215{\226\255x%T\257\037\333\004\344_/R\006E\344\037@\210\363\010\336T\226\247'\204_{\261\370""1\235\2445\343\033Y!\212\201\341\272\225'\007\305\274d9\325y\365\204A\257x|\017-=n\364\364\371\303\367lk\034\250\247\023\346`M\2240\013\003""; }; requestCookie: 5; "
1750527594489,1750527594489,0,1,2,3,TMGetLedger,"itype: liAS_NODE; ledgerHash: ""|\2003\266\274\251,W\006u\344\335d\003\306\212\313,\340\350bG\n\030Z\2732-\246\312\255\030""; ledgerSeq: 18; nodeIDs: ""\260\000\000\000\000\000\000\000\000\000\000\000\000\000\000\000\000\000\000\000\000\000\000\000\000\000\000\000\000\000\000\000\001""; queryType: qtINDIRECT; queryDepth: 1; ","itype: liAS_NODE; ledgerHash: ""|\2003\266\274\251,W\006u\344\335d\003\306\212\313,\340\350bG\n\030Z\2732-\246\312\255\030""; ledgerSeq: 18; nodeIDs: ""\260\000\000\000\000\000\000\000\000\000\000\000\000\000\000\000\000\000\000\000\000\000\000\000\000\000\000\000\000\000\000\000\001""; queryType: qtINDIRECT; queryDepth: 1; "
1750527594490,1750527594490,0,1,2,1,TMLedgerData,"ledgerHash: ""|\2003\266\274\251,W\006u\344\335d\003\306\212\313,\340\350bG\n\030Z\2732-\246\312\255\030""; ledgerSeq: 18; type: liBASE; nodes {;   nodedata: ""\000\000\000\022\001cEx]\211\377\3307\271[~\n\237\274|\347\352@K\253~&\260\032\024\004B\200\255h\351\013\361\031:nG\211\005\000\000\000\000\000\000\000\000\000\000\000\000\000\000\000\000\000\000\000\000\000\000\000\000\000\000\000\000\000\000\000\000\037Z\336L{\362\346\374\246\274\024\373\254\256\235\3645C\234\003\306\341\243\013\342%\017!\352r\332d/\351\252\347/\351\252\350\n\000""; }; nodes {;   nodedata: ""\323C\344\327\264{\312-\017:\006{\177\344N\002\326bO\260\220\006\033\362\345\005U\221DzJ0\001\301\025%1L\307\t\261\262z\374\222T\301\274V\236\223\262\270Ct\362\337b\356\024*\324\320\351\317\002k\336\234\027v\351\217\260\303\360\233ZPZWr\246$w\313\313\r\243r\232\2234\373\3539:N\004Q\245\272D\312D\300\300\t\323\0257\345e\271\na\215{\226\255x%T\257\037\333\004\344_/R\006E\344\037@\210\363\010\336T\226\247'\204_{\261\370""1\235\2445\343\033Y!\212\201\341\272\225'\007\305\274d9\325y\365\204A\257x|\017-=n\364\364\371\303\367lk\034\250\247\023\346`M\2240\013\003""; }; ","ledgerHash: ""|\2003\266\274\251,W\006u\344\335d\003\306\212\313,\340\350bG\n\030Z\2732-\246\312\255\030""; ledgerSeq: 18; type: liBASE; nodes {;   nodedata: ""\000\000\000\022\001cEx]\211\377\3307\271[~\n\237\274|\347\352@K\253~&\260\032\024\004B\200\255h\351\013\361\031:nG\211\005\000\000\000\000\000\000\000\000\000\000\000\000\000\000\000\000\000\000\000\000\000\000\000\000\000\000\000\000\000\000\000\000\037Z\336L{\362\346\374\246\274\024\373\254\256\235\3645C\234\003\306\341\243\013\342%\017!\352r\332d/\351\252\347/\351\252\350\n\000""; }; nodes {;   nodedata: ""\323C\344\327\264{\312-\017:\006{\177\344N\002\326bO\260\220\006\033\362\345\005U\221DzJ0\001\301\025%1L\307\t\261\262z\374\222T\301\274V\236\223\262\270Ct\362\337b\356\024*\324\320\351\317\002k\336\234\027v\351\217\260\303\360\233ZPZWr\246$w\313\313\r\243r\232\2234\373\3539:N\004Q\245\272D\312D\300\300\t\323\0257\345e\271\na\215{\226\255x%T\257\037\333\004\344_/R\006E\344\037@\210\363\010\336T\226\247'\204_{\261\370""1\235\2445\343\033Y!\212\201\341\272\225'\007\305\274d9\325y\365\204A\257x|\017-=n\364\364\371\303\367lk\034\250\247\023\346`M\2240\013\003""; }; "
1750527594490,1750527594490,0,1,2,4,TMLedgerData,"ledgerHash: ""|\2003\266\274\251,W\006u\344\335d\003\306\212\313,\340\350bG\n\030Z\2732-\246\312\255\030""; ledgerSeq: 18; type: liBASE; nodes {;   nodedata: ""\000\000\000\022\001cEx]\211\377\3307\271[~\n\237\274|\347\352@K\253~&\260\032\024\004B\200\255h\351\013\361\031:nG\211\005\000\000\000\000\000\000\000\000\000\000\000\000\000\000\000\000\000\000\000\000\000\000\000\000\000\000\000\000\000\000\000\000\037Z\336L{\362\346\374\246\274\024\373\254\256\235\3645C\234\003\306\341\243\013\342%\017!\352r\332d/\351\252\347/\351\252\350\n\000""; }; nodes {;   nodedata: ""\323C\344\327\264{\312-\017:\006{\177\344N\002\326bO\260\220\006\033\362\345\005U\221DzJ0\001\301\025%1L\307\t\261\262z\374\222T\301\274V\236\223\262\270Ct\362\337b\356\024*\324\320\351\317\002k\336\234\027v\351\217\260\303\360\233ZPZWr\246$w\313\313\r\243r\232\2234\373\3539:N\004Q\245\272D\312D\300\300\t\323\0257\345e\271\na\215{\226\255x%T\257\037\333\004\344_/R\006E\344\037@\210\363\010\336T\226\247'\204_{\261\370""1\235\2445\343\033Y!\212\201\341\272\225'\007\305\274d9\325y\365\204A\257x|\017-=n\364\364\371\303\367lk\034\250\247\023\346`M\2240\013\003""; }; ","ledgerHash: ""|\2003\266\274\251,W\006u\344\335d\003\306\212\313,\340\350bG\n\030Z\2732-\246\312\255\030""; ledgerSeq: 18; type: liBASE; nodes {;   nodedata: ""\000\000\000\022\001cEx]\211\377\3307\271[~\n\237\274|\347\352@K\253~&\260\032\024\004B\200\255h\351\013\361\031:nG\211\005\000\000\000\000\000\000\000\000\000\000\000\000\000\000\000\000\000\000\000\000\000\000\000\000\000\000\000\000\000\000\000\000\037Z\336L{\362\346\374\246\274\024\373\254\256\235\3645C\234\003\306\341\243\013\342%\017!\352r\332d/\351\252\347/\351\252\350\n\000""; }; nodes {;   nodedata: ""\323C\344\327\264{\312-\017:\006{\177\344N\002\326bO\260\220\006\033\362\345\005U\221DzJ0\001\301\025%1L\307\t\261\262z\374\222T\301\274V\236\223\262\270Ct\362\337b\356\024*\324\320\351\317\002k\336\234\027v\351\217\260\303\360\233ZPZWr\246$w\313\313\r\243r\232\2234\373\3539:N\004Q\245\272D\312D\300\300\t\323\0257\345e\271\na\215{\226\255x%T\257\037\333\004\344_/R\006E\344\037@\210\363\010\336T\226\247'\204_{\261\370""1\235\2445\343\033Y!\212\201\341\272\225'\007\305\274d9\325y\365\204A\257x|\017-=n\364\364\371\303\367lk\034\250\247\023\346`M\2240\013\003""; }; "
1750527594491,1750527594491,0,1,2,0,TMLedgerData,"ledgerHash: ""|\2003\266\274\251,W\006u\344\335d\003\306\212\313,\340\350bG\n\030Z\2732-\246\312\255\030""; ledgerSeq: 18; type: liBASE; nodes {;   nodedata: ""\000\000\000\022\001cEx]\211\377\3307\271[~\n\237\274|\347\352@K\253~&\260\032\024\004B\200\255h\351\013\361\031:nG\211\005\000\000\000\000\000\000\000\000\000\000\000\000\000\000\000\000\000\000\000\000\000\000\000\000\000\000\000\000\000\000\000\000\037Z\336L{\362\346\374\246\274\024\373\254\256\235\3645C\234\003\306\341\243\013\342%\017!\352r\332d/\351\252\347/\351\252\350\n\000""; }; nodes {;   nodedata: ""\323C\344\327\264{\312-\017:\006{\177\344N\002\326bO\260\220\006\033\362\345\005U\221DzJ0\001\301\025%1L\307\t\261\262z\374\222T\301\274V\236\223\262\270Ct\362\337b\356\024*\324\320\351\317\002k\336\234\027v\351\217\260\303\360\233ZPZWr\246$w\313\313\r\243r\232\2234\373\3539:N\004Q\245\272D\312D\300\300\t\323\0257\345e\271\na\215{\226\255x%T\257\037\333\004\344_/R\006E\344\037@\210\363\010\336T\226\247'\204_{\261\370""1\235\2445\343\033Y!\212\201\341\272\225'\007\305\274d9\325y\365\204A\257x|\017-=n\364\364\371\303\367lk\034\250\247\023\346`M\2240\013\003""; }; ","ledgerHash: ""|\2003\266\274\251,W\006u\344\335d\003\306\212\313,\340\350bG\n\030Z\2732-\246\312\255\030""; ledgerSeq: 18; type: liBASE; nodes {;   nodedata: ""\000\000\000\022\001cEx]\211\377\3307\271[~\n\237\274|\347\352@K\253~&\260\032\024\004B\200\255h\351\013\361\031:nG\211\005\000\000\000\000\000\000\000\000\000\000\000\000\000\000\000\000\000\000\000\000\000\000\000\000\000\000\000\000\000\000\000\000\037Z\336L{\362\346\374\246\274\024\373\254\256\235\3645C\234\003\306\341\243\013\342%\017!\352r\332d/\351\252\347/\351\252\350\n\000""; }; nodes {;   nodedata: ""\323C\344\327\264{\312-\017:\006{\177\344N\002\326bO\260\220\006\033\362\345\005U\221DzJ0\001\301\025%1L\307\t\261\262z\374\222T\301\274V\236\223\262\270Ct\362\337b\356\024*\324\320\351\317\002k\336\234\027v\351\217\260\303\360\233ZPZWr\246$w\313\313\r\243r\232\2234\373\3539:N\004Q\245\272D\312D\300\300\t\323\0257\345e\271\na\215{\226\255x%T\257\037\333\004\344_/R\006E\344\037@\210\363\010\336T\226\247'\204_{\261\370""1\235\2445\343\033Y!\212\201\341\272\225'\007\305\274d9\325y\365\204A\257x|\017-=n\364\364\371\303\367lk\034\250\247\023\346`M\2240\013\003""; }; "
1750527594491,1750527594491,0,1,1,0,TMLedgerData,"ledgerHash: ""|\2003\266\274\251,W\006u\344\335d\003\306\212\313,\340\350bG\n\030Z\2732-\246\312\255\030""; ledgerSeq: 18; type: liBASE; nodes {;   nodedata: ""\000\000\000\022\001cEx]\211\377\3307\271[~\n\237\274|\347\352@K\253~&\260\032\024\004B\200\255h\351\013\361\031:nG\211\005\000\000\000\000\000\000\000\000\000\000\000\000\000\000\000\000\000\000\000\000\000\000\000\000\000\000\000\000\000\000\000\000\037Z\336L{\362\346\374\246\274\024\373\254\256\235\3645C\234\003\306\341\243\013\342%\017!\352r\332d/\351\252\347/\351\252\350\n\000""; }; nodes {;   nodedata: ""\323C\344\327\264{\312-\017:\006{\177\344N\002\326bO\260\220\006\033\362\345\005U\221DzJ0\001\301\025%1L\307\t\261\262z\374\222T\301\274V\236\223\262\270Ct\362\337b\356\024*\324\320\351\317\002k\336\234\027v\351\217\260\303\360\233ZPZWr\246$w\313\313\r\243r\232\2234\373\3539:N\004Q\245\272D\312D\300\300\t\323\0257\345e\271\na\215{\226\255x%T\257\037\333\004\344_/R\006E\344\037@\210\363\010\336T\226\247'\204_{\261\370""1\235\2445\343\033Y!\212\201\341\272\225'\007\305\274d9\325y\365\204A\257x|\017-=n\364\364\371\303\367lk\034\250\247\023\346`M\2240\013\003""; }; ","ledgerHash: ""|\2003\266\274\251,W\006u\344\335d\003\306\212\313,\340\350bG\n\030Z\2732-\246\312\255\030""; ledgerSeq: 18; type: liBASE; nodes {;   nodedata: ""\000\000\000\022\001cEx]\211\377\3307\271[~\n\237\274|\347\352@K\253~&\260\032\024\004B\200\255h\351\013\361\031:nG\211\005\000\000\000\000\000\000\000\000\000\000\000\000\000\000\000\000\000\000\000\000\000\000\000\000\000\000\000\000\000\000\000\000\037Z\336L{\362\346\374\246\274\024\373\254\256\235\3645C\234\003\306\341\243\013\342%\017!\352r\332d/\351\252\347/\351\252\350\n\000""; }; nodes {;   nodedata: ""\323C\344\327\264{\312-\017:\006{\177\344N\002\326bO\260\220\006\033\362\345\005U\221DzJ0\001\301\025%1L\307\t\261\262z\374\222T\301\274V\236\223\262\270Ct\362\337b\356\024*\324\320\351\317\002k\336\234\027v\351\217\260\303\360\233ZPZWr\246$w\313\313\r\243r\232\2234\373\3539:N\004Q\245\272D\312D\300\300\t\323\0257\345e\271\na\215{\226\255x%T\257\037\333\004\344_/R\006E\344\037@\210\363\010\336T\226\247'\204_{\261\370""1\235\2445\343\033Y!\212\201\341\272\225'\007\305\274d9\325y\365\204A\257x|\017-=n\364\364\371\303\367lk\034\250\247\023\346`M\2240\013\003""; }; "
1750527594492,1750527594492,0,1,4,2,TMLedgerData,"ledgerHash: ""|\2003\266\274\251,W\006u\344\335d\003\306\212\313,\340\350bG\n\030Z\2732-\246\312\255\030""; ledgerSeq: 18; type: liBASE; nodes {;   nodedata: ""\000\000\000\022\001cEx]\211\377\3307\271[~\n\237\274|\347\352@K\253~&\260\032\024\004B\200\255h\351\013\361\031:nG\211\005\000\000\000\000\000\000\000\000\000\000\000\000\000\000\000\000\000\000\000\000\000\000\000\000\000\000\000\000\000\000\000\000\037Z\336L{\362\346\374\246\274\024\373\254\256\235\3645C\234\003\306\341\243\013\342%\017!\352r\332d/\351\252\347/\351\252\350\n\000""; }; nodes {;   nodedata: ""\323C\344\327\264{\312-\017:\006{\177\344N\002\326bO\260\220\006\033\362\345\005U\221DzJ0\001\301\025%1L\307\t\261\262z\374\222T\301\274V\236\223\262\270Ct\362\337b\356\024*\324\320\351\317\002k\336\234\027v\351\217\260\303\360\233ZPZWr\246$w\313\313\r\243r\232\2234\373\3539:N\004Q\245\272D\312D\300\300\t\323\0257\345e\271\na\215{\226\255x%T\257\037\333\004\344_/R\006E\344\037@\210\363\010\336T\226\247'\204_{\261\370""1\235\2445\343\033Y!\212\201\341\272\225'\007\305\274d9\325y\365\204A\257x|\017-=n\364\364\371\303\367lk\034\250\247\023\346`M\2240\013\003""; }; ","ledgerHash: ""|\2003\266\274\251,W\006u\344\335d\003\306\212\313,\340\350bG\n\030Z\2732-\246\312\255\030""; ledgerSeq: 18; type: liBASE; nodes {;   nodedata: ""\000\000\000\022\001cEx]\211\377\3307\271[~\n\237\274|\347\352@K\253~&\260\032\024\004B\200\255h\351\013\361\031:nG\211\005\000\000\000\000\000\000\000\000\000\000\000\000\000\000\000\000\000\000\000\000\000\000\000\000\000\000\000\000\000\000\000\000\037Z\336L{\362\346\374\246\274\024\373\254\256\235\3645C\234\003\306\341\243\013\342%\017!\352r\332d/\351\252\347/\351\252\350\n\000""; }; nodes {;   nodedata: ""\323C\344\327\264{\312-\017:\006{\177\344N\002\326bO\260\220\006\033\362\345\005U\221DzJ0\001\301\025%1L\307\t\261\262z\374\222T\301\274V\236\223\262\270Ct\362\337b\356\024*\324\320\351\317\002k\336\234\027v\351\217\260\303\360\233ZPZWr\246$w\313\313\r\243r\232\2234\373\3539:N\004Q\245\272D\312D\300\300\t\323\0257\345e\271\na\215{\226\255x%T\257\037\333\004\344_/R\006E\344\037@\210\363\010\336T\226\247'\204_{\261\370""1\235\2445\343\033Y!\212\201\341\272\225'\007\305\274d9\325y\365\204A\257x|\017-=n\364\364\371\303\367lk\034\250\247\023\346`M\2240\013\003""; }; "
1750527594492,1750527594492,0,1,4,1,TMLedgerData,"ledgerHash: ""|\2003\266\274\251,W\006u\344\335d\003\306\212\313,\340\350bG\n\030Z\2732-\246\312\255\030""; ledgerSeq: 18; type: liBASE; nodes {;   nodedata: ""\000\000\000\022\001cEx]\211\377\3307\271[~\n\237\274|\347\352@K\253~&\260\032\024\004B\200\255h\351\013\361\031:nG\211\005\000\000\000\000\000\000\000\000\000\000\000\000\000\000\000\000\000\000\000\000\000\000\000\000\000\000\000\000\000\000\000\000\037Z\336L{\362\346\374\246\274\024\373\254\256\235\3645C\234\003\306\341\243\013\342%\017!\352r\332d/\351\252\347/\351\252\350\n\000""; }; nodes {;   nodedata: ""\323C\344\327\264{\312-\017:\006{\177\344N\002\326bO\260\220\006\033\362\345\005U\221DzJ0\001\301\025%1L\307\t\261\262z\374\222T\301\274V\236\223\262\270Ct\362\337b\356\024*\324\320\351\317\002k\336\234\027v\351\217\260\303\360\233ZPZWr\246$w\313\313\r\243r\232\2234\373\3539:N\004Q\245\272D\312D\300\300\t\323\0257\345e\271\na\215{\226\255x%T\257\037\333\004\344_/R\006E\344\037@\210\363\010\336T\226\247'\204_{\261\370""1\235\2445\343\033Y!\212\201\341\272\225'\007\305\274d9\325y\365\204A\257x|\017-=n\364\364\371\303\367lk\034\250\247\023\346`M\2240\013\003""; }; ","ledgerHash: ""|\2003\266\274\251,W\006u\344\335d\003\306\212\313,\340\350bG\n\030Z\2732-\246\312\255\030""; ledgerSeq: 18; type: liBASE; nodes {;   nodedata: ""\000\000\000\022\001cEx]\211\377\3307\271[~\n\237\274|\347\352@K\253~&\260\032\024\004B\200\255h\351\013\361\031:nG\211\005\000\000\000\000\000\000\000\000\000\000\000\000\000\000\000\000\000\000\000\000\000\000\000\000\000\000\000\000\000\000\000\000\037Z\336L{\362\346\374\246\274\024\373\254\256\235\3645C\234\003\306\341\243\013\342%\017!\352r\332d/\351\252\347/\351\252\350\n\000""; }; nodes {;   nodedata: ""\323C\344\327\264{\312-\017:\006{\177\344N\002\326bO\260\220\006\033\362\345\005U\221DzJ0\001\301\025%1L\307\t\261\262z\374\222T\301\274V\236\223\262\270Ct\362\337b\356\024*\324\320\351\317\002k\336\234\027v\351\217\260\303\360\233ZPZWr\246$w\313\313\r\243r\232\2234\373\3539:N\004Q\245\272D\312D\300\300\t\323\0257\345e\271\na\215{\226\255x%T\257\037\333\004\344_/R\006E\344\037@\210\363\010\336T\226\247'\204_{\261\370""1\235\2445\343\033Y!\212\201\341\272\225'\007\305\274d9\325y\365\204A\257x|\017-=n\364\364\371\303\367lk\034\250\247\023\346`M\2240\013\003""; }; "
1750527594493,1750527594493,0,1,4,0,TMLedgerData,"ledgerHash: ""|\2003\266\274\251,W\006u\344\335d\003\306\212\313,\340\350bG\n\030Z\2732-\246\312\255\030""; ledgerSeq: 18; type: liBASE; nodes {;   nodedata: ""\000\000\000\022\001cEx]\211\377\3307\271[~\n\237\274|\347\352@K\253~&\260\032\024\004B\200\255h\351\013\361\031:nG\211\005\000\000\000\000\000\000\000\000\000\000\000\000\000\000\000\000\000\000\000\000\000\000\000\000\000\000\000\000\000\000\000\000\037Z\336L{\362\346\374\246\274\024\373\254\256\235\3645C\234\003\306\341\243\013\342%\017!\352r\332d/\351\252\347/\351\252\350\n\000""; }; nodes {;   nodedata: ""\323C\344\327\264{\312-\017:\006{\177\344N\002\326bO\260\220\006\033\362\345\005U\221DzJ0\001\301\025%1L\307\t\261\262z\374\222T\301\274V\236\223\262\270Ct\362\337b\356\024*\324\320\351\317\002k\336\234\027v\351\217\260\303\360\233ZPZWr\246$w\313\313\r\243r\232\2234\373\3539:N\004Q\245\272D\312D\300\300\t\323\0257\345e\271\na\215{\226\255x%T\257\037\333\004\344_/R\006E\344\037@\210\363\010\336T\226\247'\204_{\261\370""1\235\2445\343\033Y!\212\201\341\272\225'\007\305\274d9\325y\365\204A\257x|\017-=n\364\364\371\303\367lk\034\250\247\023\346`M\2240\013\003""; }; ","ledgerHash: ""|\2003\266\274\251,W\006u\344\335d\003\306\212\313,\340\350bG\n\030Z\2732-\246\312\255\030""; ledgerSeq: 18; type: liBASE; nodes {;   nodedata: ""\000\000\000\022\001cEx]\211\377\3307\271[~\n\237\274|\347\352@K\253~&\260\032\024\004B\200\255h\351\013\361\031:nG\211\005\000\000\000\000\000\000\000\000\000\000\000\000\000\000\000\000\000\000\000\000\000\000\000\000\000\000\000\000\000\000\000\000\037Z\336L{\362\346\374\246\274\024\373\254\256\235\3645C\234\003\306\341\243\013\342%\017!\352r\332d/\351\252\347/\351\252\350\n\000""; }; nodes {;   nodedata: ""\323C\344\327\264{\312-\017:\006{\177\344N\002\326bO\260\220\006\033\362\345\005U\221DzJ0\001\301\025%1L\307\t\261\262z\374\222T\301\274V\236\223\262\270Ct\362\337b\356\024*\324\320\351\317\002k\336\234\027v\351\217\260\303\360\233ZPZWr\246$w\313\313\r\243r\232\2234\373\3539:N\004Q\245\272D\312D\300\300\t\323\0257\345e\271\na\215{\226\255x%T\257\037\333\004\344_/R\006E\344\037@\210\363\010\336T\226\247'\204_{\261\370""1\235\2445\343\033Y!\212\201\341\272\225'\007\305\274d9\325y\365\204A\257x|\017-=n\364\364\371\303\367lk\034\250\247\023\346`M\2240\013\003""; }; "
1750527594494,1750527594494,0,1,0,3,TMGetLedger,"itype: liBASE; ledgerHash: ""|\2003\266\274\251,W\006u\344\335d\003\306\212\313,\340\350bG\n\030Z\2732-\246\312\255\030""; ledgerSeq: 18; requestCookie: 3; queryType: qtINDIRECT; ","itype: liBASE; ledgerHash: ""|\2003\266\274\251,W\006u\344\335d\003\306\212\313,\340\350bG\n\030Z\2732-\246\312\255\030""; ledgerSeq: 18; requestCookie: 3; queryType: qtINDIRECT; "
1750527594494,1750527594494,0,1,0,3,TMGetLedger,"itype: liAS_NODE; ledgerHash: ""|\2003\266\274\251,W\006u\344\335d\003\306\212\313,\340\350bG\n\030Z\2732-\246\312\255\030""; ledgerSeq: 18; nodeIDs: ""\260\000\000\000\000\000\000\000\000\000\000\000\000\000\000\000\000\000\000\000\000\000\000\000\000\000\000\000\000\000\000\000\001""; queryType: qtINDIRECT; queryDepth: 1; ","itype: liAS_NODE; ledgerHash: ""|\2003\266\274\251,W\006u\344\335d\003\306\212\313,\340\350bG\n\030Z\2732-\246\312\255\030""; ledgerSeq: 18; nodeIDs: ""\260\000\000\000\000\000\000\000\000\000\000\000\000\000\000\000\000\000\000\000\000\000\000\000\000\000\000\000\000\000\000\000\001""; queryType: qtINDIRECT; queryDepth: 1; "
1750527594495,1750527594495,0,1,3,1,TMLedgerData,"ledgerHash: ""|\2003\266\274\251,W\006u\344\335d\003\306\212\313,\340\350bG\n\030Z\2732-\246\312\255\030""; ledgerSeq: 18; type: liBASE; nodes {;   nodedata: ""\000\000\000\022\001cEx]\211\377\3307\271[~\n\237\274|\347\352@K\253~&\260\032\024\004B\200\255h\351\013\361\031:nG\211\005\000\000\000\000\000\000\000\000\000\000\000\000\000\000\000\000\000\000\000\000\000\000\000\000\000\000\000\000\000\000\000\000\037Z\336L{\362\346\374\246\274\024\373\254\256\235\3645C\234\003\306\341\243\013\342%\017!\352r\332d/\351\252\347/\351\252\350\n\000""; }; nodes {;   nodedata: ""\323C\344\327\264{\312-\017:\006{\177\344N\002\326bO\260\220\006\033\362\345\005U\221DzJ0\001\301\025%1L\307\t\261\262z\374\222T\301\274V\236\223\262\270Ct\362\337b\356\024*\324\320\351\317\002k\336\234\027v\351\217\260\303\360\233ZPZWr\246$w\313\313\r\243r\232\2234\373\3539:N\004Q\245\272D\312D\300\300\t\323\0257\345e\271\na\215{\226\255x%T\257\037\333\004\344_/R\006E\344\037@\210\363\010\336T\226\247'\204_{\261\370""1\235\2445\343\033Y!\212\201\341\272\225'\007\305\274d9\325y\365\204A\257x|\017-=n\364\364\371\303\367lk\034\250\247\023\346`M\2240\013\003""; }; requestCookie: 3; ","ledgerHash: ""|\2003\266\274\251,W\006u\344\335d\003\306\212\313,\340\350bG\n\030Z\2732-\246\312\255\030""; ledgerSeq: 18; type: liBASE; nodes {;   nodedata: ""\000\000\000\022\001cEx]\211\377\3307\271[~\n\237\274|\347\352@K\253~&\260\032\024\004B\200\255h\351\013\361\031:nG\211\005\000\000\000\000\000\000\000\000\000\000\000\000\000\000\000\000\000\000\000\000\000\000\000\000\000\000\000\000\000\000\000\000\037Z\336L{\362\346\374\246\274\024\373\254\256\235\3645C\234\003\306\341\243\013\342%\017!\352r\332d/\351\252\347/\351\252\350\n\000""; }; nodes {;   nodedata: ""\323C\344\327\264{\312-\017:\006{\177\344N\002\326bO\260\220\006\033\362\345\005U\221DzJ0\001\301\025%1L\307\t\261\262z\374\222T\301\274V\236\223\262\270Ct\362\337b\356\024*\324\320\351\317\002k\336\234\027v\351\217\260\303\360\233ZPZWr\246$w\313\313\r\243r\232\2234\373\3539:N\004Q\245\272D\312D\300\300\t\323\0257\345e\271\na\215{\226\255x%T\257\037\333\004\344_/R\006E\344\037@\210\363\010\336T\226\247'\204_{\261\370""1\235\2445\343\033Y!\212\201\341\272\225'\007\305\274d9\325y\365\204A\257x|\017-=n\364\364\371\303\367lk\034\250\247\023\346`M\2240\013\003""; }; requestCookie: 3; "
1750527594495,1750527594495,0,1,0,1,TMLedgerData,"ledgerHash: ""|\2003\266\274\251,W\006u\344\335d\003\306\212\313,\340\350bG\n\030Z\2732-\246\312\255\030""; ledgerSeq: 18; type: liBASE; nodes {;   nodedata: ""\000\000\000\022\001cEx]\211\377\3307\271[~\n\237\274|\347\352@K\253~&\260\032\024\004B\200\255h\351\013\361\031:nG\211\005\000\000\000\000\000\000\000\000\000\000\000\000\000\000\000\000\000\000\000\000\000\000\000\000\000\000\000\000\000\000\000\000\037Z\336L{\362\346\374\246\274\024\373\254\256\235\3645C\234\003\306\341\243\013\342%\017!\352r\332d/\351\252\347/\351\252\350\n\000""; }; nodes {;   nodedata: ""\323C\344\327\264{\312-\017:\006{\177\344N\002\326bO\260\220\006\033\362\345\005U\221DzJ0\001\301\025%1L\307\t\261\262z\374\222T\301\274V\236\223\262\270Ct\362\337b\356\024*\324\320\351\317\002k\336\234\027v\351\217\260\303\360\233ZPZWr\246$w\313\313\r\243r\232\2234\373\3539:N\004Q\245\272D\312D\300\300\t\323\0257\345e\271\na\215{\226\255x%T\257\037\333\004\344_/R\006E\344\037@\210\363\010\336T\226\247'\204_{\261\370""1\235\2445\343\033Y!\212\201\341\272\225'\007\305\274d9\325y\365\204A\257x|\017-=n\364\364\371\303\367lk\034\250\247\023\346`M\2240\013\003""; }; ","ledgerHash: ""|\2003\266\274\251,W\006u\344\335d\003\306\212\313,\340\350bG\n\030Z\2732-\246\312\255\030""; ledgerSeq: 18; type: liBASE; nodes {;   nodedata: ""\000\000\000\022\001cEx]\211\377\3307\271[~\n\237\274|\347\352@K\253~&\260\032\024\004B\200\255h\351\013\361\031:nG\211\005\000\000\000\000\000\000\000\000\000\000\000\000\000\000\000\000\000\000\000\000\000\000\000\000\000\000\000\000\000\000\000\000\037Z\336L{\362\346\374\246\274\024\373\254\256\235\3645C\234\003\306\341\243\013\342%\017!\352r\332d/\351\252\347/\351\252\350\n\000""; }; nodes {;   nodedata: ""\323C\344\327\264{\312-\017:\006{\177\344N\002\326bO\260\220\006\033\362\345\005U\221DzJ0\001\301\025%1L\307\t\261\262z\374\222T\301\274V\236\223\262\270Ct\362\337b\356\024*\324\320\351\317\002k\336\234\027v\351\217\260\303\360\233ZPZWr\246$w\313\313\r\243r\232\2234\373\3539:N\004Q\245\272D\312D\300\300\t\323\0257\345e\271\na\215{\226\255x%T\257\037\333\004\344_/R\006E\344\037@\210\363\010\336T\226\247'\204_{\261\370""1\235\2445\343\033Y!\212\201\341\272\225'\007\305\274d9\325y\365\204A\257x|\017-=n\364\364\371\303\367lk\034\250\247\023\346`M\2240\013\003""; }; "
1750527594496,1750527594496,0,1,0,4,TMLedgerData,"ledgerHash: ""|\2003\266\274\251,W\006u\344\335d\003\306\212\313,\340\350bG\n\030Z\2732-\246\312\255\030""; ledgerSeq: 18; type: liBASE; nodes {;   nodedata: ""\000\000\000\022\001cEx]\211\377\3307\271[~\n\237\274|\347\352@K\253~&\260\032\024\004B\200\255h\351\013\361\031:nG\211\005\000\000\000\000\000\000\000\000\000\000\000\000\000\000\000\000\000\000\000\000\000\000\000\000\000\000\000\000\000\000\000\000\037Z\336L{\362\346\374\246\274\024\373\254\256\235\3645C\234\003\306\341\243\013\342%\017!\352r\332d/\351\252\347/\351\252\350\n\000""; }; nodes {;   nodedata: ""\323C\344\327\264{\312-\017:\006{\177\344N\002\326bO\260\220\006\033\362\345\005U\221DzJ0\001\301\025%1L\307\t\261\262z\374\222T\301\274V\236\223\262\270Ct\362\337b\356\024*\324\320\351\317\002k\336\234\027v\351\217\260\303\360\233ZPZWr\246$w\313\313\r\243r\232\2234\373\3539:N\004Q\245\272D\312D\300\300\t\323\0257\345e\271\na\215{\226\255x%T\257\037\333\004\344_/R\006E\344\037@\210\363\010\336T\226\247'\204_{\261\370""1\235\2445\343\033Y!\212\201\341\272\225'\007\305\274d9\325y\365\204A\257x|\017-=n\364\364\371\303\367lk\034\250\247\023\346`M\2240\013\003""; }; ","ledgerHash: ""|\2003\266\274\251,W\006u\344\335d\003\306\212\313,\340\350bG\n\030Z\2732-\246\312\255\030""; ledgerSeq: 18; type: liBASE; nodes {;   nodedata: ""\000\000\000\022\001cEx]\211\377\3307\271[~\n\237\274|\347\352@K\253~&\260\032\024\004B\200\255h\351\013\361\031:nG\211\005\000\000\000\000\000\000\000\000\000\000\000\000\000\000\000\000\000\000\000\000\000\000\000\000\000\000\000\000\000\000\000\000\037Z\336L{\362\346\374\246\274\024\373\254\256\235\3645C\234\003\306\341\243\013\342%\017!\352r\332d/\351\252\347/\351\252\350\n\000""; }; nodes {;   nodedata: ""\323C\344\327\264{\312-\017:\006{\177\344N\002\326bO\260\220\006\033\362\345\005U\221DzJ0\001\301\025%1L\307\t\261\262z\374\222T\301\274V\236\223\262\270Ct\362\337b\356\024*\324\320\351\317\002k\336\234\027v\351\217\260\303\360\233ZPZWr\246$w\313\313\r\243r\232\2234\373\3539:N\004Q\245\272D\312D\300\300\t\323\0257\345e\271\na\215{\226\255x%T\257\037\333\004\344_/R\006E\344\037@\210\363\010\336T\226\247'\204_{\261\370""1\235\2445\343\033Y!\212\201\341\272\225'\007\305\274d9\325y\365\204A\257x|\017-=n\364\364\371\303\367lk\034\250\247\023\346`M\2240\013\003""; }; "
1750527594496,1750527594497,0,1,3,2,TMLedgerData,"ledgerHash: ""|\2003\266\274\251,W\006u\344\335d\003\306\212\313,\340\350bG\n\030Z\2732-\246\312\255\030""; ledgerSeq: 18; type: liAS_NODE; nodes {;   nodedata: ""\021\000h""\000\000\000\000 \033\000\000\000\021\002\023\302\177\330\356GuH\375\327!\255\371\r\231\262R\256J\034\222\241\355X\265E\241^W\225\304\014\361CX-}\351f\032\255\274\334m\326c\017\014ao[\342\230\003\245\245\3341Hm\326^\017jy\335\261\032Yt\320\244{g\0306\\302\303*\341\215\223\257\364\277o\375\000r\241SOq\221\253\262\005\017\375T\356\014\360o'\030\311-\267\031\257!\031T\006><\315XM\334\324\345\034\000\325\367\240\271\013\265\024\321\362\354\211\250.\234s\225amc\305\035\366\276\037nD\277`\210\223N\3535\033\261\304f\331]\036\237\306o!\223\221\002\324\031\262\240R\177 ,\214\325\Q])\016\2067\277\t\354\010\000\360\215\2502\265\245\310\226\243c\302Ze\306\253#r\020\211\320iG\276\020E\317\035Sf\223F\254\033@\177e\277\016\010u\327\371&\262\312\317Q\2361t\377x\234\001v\003%\030\325_\225g\204\346a=\225\273\331\354\365*U\363\263N\367b\371\244\314-w\363\262\225Z\200\206\235\233\257?sE\2674\254\326mU\377?\177Ek\336\030!\316Aa\225\303\022\377{\210Y\226\271as\354L\035\004\341\361\035\301\024\220m#*\372\032\3178~\374\250\014*\323\342'z69\220\327\256\351G\367\317u\302\207\270b\315\333\333\334\310I\323&\014\352XZnW2.\335\347\202\021\247\362\212e\034\000\001\250\220\305;a\314\265R\310\017\317\331\235\360\262\240:\277\202\266\354\265X""\022\nh\252\352w\204\203\023]\001f\352\277\0031Q]\362\370R\350{\261\202\240\344\215\201\353\276\322p5p\350\354\017>\250r\241c\273\016\301\024\363\242\247\263\231\370\344\nBW\220K\316@3\243\200\036wk\253GSlU\010\360\231>\331\263H\214\324\030A\225\301o\346pkSF\004\241\213w9\223=\250\262*+\255\351r\265\244c\024\213\t\007`\223\325#\3477\210\345P\306\013\320\252[\0216+\227=`\371P\314\346 V7\271[~\n\237\274|\347\352@K\253~&\260\032\024\004B\200\255h\351\013\361\031:nG\211\005\264\227\2326\315\307\363\323\325\303\032N\256*\307\327 \235\332\207u\210\271\257\306g\231i*\260\326k\001"";   nodeid: ""\260\000\000\000\000\000\000\000\000\000\000\000\000\000\000\000\000\000\000\000\000\000\000\000\000\000\000\000\000\000\000\000\001""; }; ","ledgerHash: ""|\2003\266\274\251,W\006u\344\335d\003\306\212\313,\340\350bG\n\030Z\2732-\246\312\255\030""; ledgerSeq: 18; type: liAS_NODE; nodes {;   nodedata: ""\021\000h""\000\000\000\000 \033\000\000\000\021\002\023\302\177\330\356GuH\375\327!\255\371\r\231\262R\256J\034\222\241\355X\265E\241^W\225\304\014\361CX-}\351f\032\255\274\334m\326c\017\014ao[\342\230\003\245\245\3341Hm\326^\017jy\335\261\032Yt\320\244{g\0306\\302\303*\341\215\223\257\364\277o\375\000r\241SOq\221\253\262\005\017\375T\356\014\360o'\030\311-\267\031\257!\031T\006><\315XM\334\324\345\034\000\325\367\240\271\013\265\024\321\362\354\211\250.\234s\225amc\305\035\366\276\037nD\277`\210\223N\3535\033\261\304f\331]\036\237\306o!\223\221\002\324\031\262\240R\177 ,\214\325\Q])\016\2067\277\t\354\010\000\360\215\2502\265\245\310\226\243c\302Ze\306\253#r\020\211\320iG\276\020E\317\035Sf\223F\254\033@\177e\277\016\010u\327\371&\262\312\317Q\2361t\377x\234\001v\003%\030\325_\225g\204\346a=\225\273\331\354\365*U\363\263N\367b\371\244\314-w\363\262\225Z\200\206\235\233\257?sE\2674\254\326mU\377?\177Ek\336\030!\316Aa\225\303\022\377{\210Y\226\271as\354L\035\004\341\361\035\301\024\220m#*\372\032\3178~\374\250\014*\323\342'z69\220\327\256\351G\367\317u\302\207\270b\315\333\333\334\310I\323&\014\352XZnW2.\335\347\202\021\247\362\212e\034\000\001\250\220\305;a\314\265R\310\017\317\331\235\360\262\240:\277\202\266\354\265X""\022\nh\252\352w\204\203\023]\001f\352\277\0031Q]\362\370R\350{\261\202\240\344\215\201\353\276\322p5p\350\354\017>\250r\241c\273\016\301\024\363\242\247\263\231\370\344\nBW\220K\316@3\243\200\036wk\253GSlU\010\360\231>\331\263H\214\324\030A\225\301o\346pkSF\004\241\213w9\223=\250\262*+\255\351r\265\244c\024\213\t\007`\223\325#\3477\210\345P\306\013\320\252[\0216+\227=`\371P\314\346 V7\271[~\n\237\274|\347\352@K\253~&\260\032\024\004B\200\255h\351\013\361\031:nG\211\005\264\227\2326\315\307\363\323\325\303\032N\256*\307\327 \235\332\207u\210\271\257\306g\231i*\260\326k\001"";   nodeid: ""\260\000\000\000\000\000\000\000\000\000\000\000\000\000\000\000\000\000\000\000\000\000\000\000\000\000\000\000\000\000\000\000\001""; }; "
1750527594499,1750527594499,0,1,3,0,TMLedgerData,"ledgerHash: ""|\2003\266\274\251,W\006u\344\335d\003\306\212\313,\340\350bG\n\030Z\2732-\246\312\255\030""; ledgerSeq: 18; type: liBASE; nodes {;   nodedata: ""\000\000\000\022\001cEx]\211\377\3307\271[~\n\237\274|\347\352@K\253~&\260\032\024\004B\200\255h\351\013\361\031:nG\211\005\000\000\000\000\000\000\000\000\000\000\000\000\000\000\000\000\000\000\000\000\000\000\000\000\000\000\000\000\000\000\000\000\037Z\336L{\362\346\374\246\274\024\373\254\256\235\3645C\234\003\306\341\243\013\342%\017!\352r\332d/\351\252\347/\351\252\350\n\000""; }; nodes {;   nodedata: ""\323C\344\327\264{\312-\017:\006{\177\344N\002\326bO\260\220\006\033\362\345\005U\221DzJ0\001\301\025%1L\307\t\261\262z\374\222T\301\274V\236\223\262\270Ct\362\337b\356\024*\324\320\351\317\002k\336\234\027v\351\217\260\303\360\233ZPZWr\246$w\313\313\r\243r\232\2234\373\3539:N\004Q\245\272D\312D\300\300\t\323\0257\345e\271\na\215{\226\255x%T\257\037\333\004\344_/R\006E\344\037@\210\363\010\336T\226\247'\204_{\261\370""1\235\2445\343\033Y!\212\201\341\272\225'\007\305\274d9\325y\365\204A\257x|\017-=n\364\364\371\303\367lk\034\250\247\023\346`M\2240\013\003""; }; requestCookie: 3; ","ledgerHash: ""|\2003\266\274\251,W\006u\344\335d\003\306\212\313,\340\350bG\n\030Z\2732-\246\312\255\030""; ledgerSeq: 18; type: liBASE; nodes {;   nodedata: ""\000\000\000\022\001cEx]\211\377\3307\271[~\n\237\274|\347\352@K\253~&\260\032\024\004B\200\255h\351\013\361\031:nG\211\005\000\000\000\000\000\000\000\000\000\000\000\000\000\000\000\000\000\000\000\000\000\000\000\000\000\000\000\000\000\000\000\000\037Z\336L{\362\346\374\246\274\024\373\254\256\235\3645C\234\003\306\341\243\013\342%\017!\352r\332d/\351\252\347/\351\252\350\n\000""; }; nodes {;   nodedata: ""\323C\344\327\264{\312-\017:\006{\177\344N\002\326bO\260\220\006\033\362\345\005U\221DzJ0\001\301\025%1L\307\t\261\262z\374\222T\301\274V\236\223\262\270Ct\362\337b\356\024*\324\320\351\317\002k\336\234\027v\351\217\260\303\360\233ZPZWr\246$w\313\313\r\243r\232\2234\373\3539:N\004Q\245\272D\312D\300\300\t\323\0257\345e\271\na\215{\226\255x%T\257\037\333\004\344_/R\006E\344\037@\210\363\010\336T\226\247'\204_{\261\370""1\235\2445\343\033Y!\212\201\341\272\225'\007\305\274d9\325y\365\204A\257x|\017-=n\364\364\371\303\367lk\034\250\247\023\346`M\2240\013\003""; }; requestCookie: 3; "
1750527594500,1750527594500,0,1,1,2,TMLedgerData,"ledgerHash: ""|\2003\266\274\251,W\006u\344\335d\003\306\212\313,\340\350bG\n\030Z\2732-\246\312\255\030""; ledgerSeq: 18; type: liBASE; nodes {;   nodedata: ""\000\000\000\022\001cEx]\211\377\3307\271[~\n\237\274|\347\352@K\253~&\260\032\024\004B\200\255h\351\013\361\031:nG\211\005\000\000\000\000\000\000\000\000\000\000\000\000\000\000\000\000\000\000\000\000\000\000\000\000\000\000\000\000\000\000\000\000\037Z\336L{\362\346\374\246\274\024\373\254\256\235\3645C\234\003\306\341\243\013\342%\017!\352r\332d/\351\252\347/\351\252\350\n\000""; }; nodes {;   nodedata: ""\323C\344\327\264{\312-\017:\006{\177\344N\002\326bO\260\220\006\033\362\345\005U\221DzJ0\001\301\025%1L\307\t\261\262z\374\222T\301\274V\236\223\262\270Ct\362\337b\356\024*\324\320\351\317\002k\336\234\027v\351\217\260\303\360\233ZPZWr\246$w\313\313\r\243r\232\2234\373\3539:N\004Q\245\272D\312D\300\300\t\323\0257\345e\271\na\215{\226\255x%T\257\037\333\004\344_/R\006E\344\037@\210\363\010\336T\226\247'\204_{\261\370""1\235\2445\343\033Y!\212\201\341\272\225'\007\305\274d9\325y\365\204A\257x|\017-=n\364\364\371\303\367lk\034\250\247\023\346`M\2240\013\003""; }; ","ledgerHash: ""|\2003\266\274\251,W\006u\344\335d\003\306\212\313,\340\350bG\n\030Z\2732-\246\312\255\030""; ledgerSeq: 18; type: liBASE; nodes {;   nodedata: ""\000\000\000\022\001cEx]\211\377\3307\271[~\n\237\274|\347\352@K\253~&\260\032\024\004B\200\255h\351\013\361\031:nG\211\005\000\000\000\000\000\000\000\000\000\000\000\000\000\000\000\000\000\000\000\000\000\000\000\000\000\000\000\000\000\000\000\000\037Z\336L{\362\346\374\246\274\024\373\254\256\235\3645C\234\003\306\341\243\013\342%\017!\352r\332d/\351\252\347/\351\252\350\n\000""; }; nodes {;   nodedata: ""\323C\344\327\264{\312-\017:\006{\177\344N\002\326bO\260\220\006\033\362\345\005U\221DzJ0\001\301\025%1L\307\t\261\262z\374\222T\301\274V\236\223\262\270Ct\362\337b\356\024*\324\320\351\317\002k\336\234\027v\351\217\260\303\360\233ZPZWr\246$w\313\313\r\243r\232\2234\373\3539:N\004Q\245\272D\312D\300\300\t\323\0257\345e\271\na\215{\226\255x%T\257\037\333\004\344_/R\006E\344\037@\210\363\010\336T\226\247'\204_{\261\370""1\235\2445\343\033Y!\212\201\341\272\225'\007\305\274d9\325y\365\204A\257x|\017-=n\364\364\371\303\367lk\034\250\247\023\346`M\2240\013\003""; }; "
1750527594501,1750527594501,0,1,0,2,TMLedgerData,"ledgerHash: ""|\2003\266\274\251,W\006u\344\335d\003\306\212\313,\340\350bG\n\030Z\2732-\246\312\255\030""; ledgerSeq: 18; type: liBASE; nodes {;   nodedata: ""\000\000\000\022\001cEx]\211\377\3307\271[~\n\237\274|\347\352@K\253~&\260\032\024\004B\200\255h\351\013\361\031:nG\211\005\000\000\000\000\000\000\000\000\000\000\000\000\000\000\000\000\000\000\000\000\000\000\000\000\000\000\000\000\000\000\000\000\037Z\336L{\362\346\374\246\274\024\373\254\256\235\3645C\234\003\306\341\243\013\342%\017!\352r\332d/\351\252\347/\351\252\350\n\000""; }; nodes {;   nodedata: ""\323C\344\327\264{\312-\017:\006{\177\344N\002\326bO\260\220\006\033\362\345\005U\221DzJ0\001\301\025%1L\307\t\261\262z\374\222T\301\274V\236\223\262\270Ct\362\337b\356\024*\324\320\351\317\002k\336\234\027v\351\217\260\303\360\233ZPZWr\246$w\313\313\r\243r\232\2234\373\3539:N\004Q\245\272D\312D\300\300\t\323\0257\345e\271\na\215{\226\255x%T\257\037\333\004\344_/R\006E\344\037@\210\363\010\336T\226\247'\204_{\261\370""1\235\2445\343\033Y!\212\201\341\272\225'\007\305\274d9\325y\365\204A\257x|\017-=n\364\364\371\303\367lk\034\250\247\023\346`M\2240\013\003""; }; ","ledgerHash: ""|\2003\266\274\251,W\006u\344\335d\003\306\212\313,\340\350bG\n\030Z\2732-\246\312\255\030""; ledgerSeq: 18; type: liBASE; nodes {;   nodedata: ""\000\000\000\022\001cEx]\211\377\3307\271[~\n\237\274|\347\352@K\253~&\260\032\024\004B\200\255h\351\013\361\031:nG\211\005\000\000\000\000\000\000\000\000\000\000\000\000\000\000\000\000\000\000\000\000\000\000\000\000\000\000\000\000\000\000\000\000\037Z\336L{\362\346\374\246\274\024\373\254\256\235\3645C\234\003\306\341\243\013\342%\017!\352r\332d/\351\252\347/\351\252\350\n\000""; }; nodes {;   nodedata: ""\323C\344\327\264{\312-\017:\006{\177\344N\002\326bO\260\220\006\033\362\345\005U\221DzJ0\001\301\025%1L\307\t\261\262z\374\222T\301\274V\236\223\262\270Ct\362\337b\356\024*\324\320\351\317\002k\336\234\027v\351\217\260\303\360\233ZPZWr\246$w\313\313\r\243r\232\2234\373\3539:N\004Q\245\272D\312D\300\300\t\323\0257\345e\271\na\215{\226\255x%T\257\037\333\004\344_/R\006E\344\037@\210\363\010\336T\226\247'\204_{\261\370""1\235\2445\343\033Y!\212\201\341\272\225'\007\305\274d9\325y\365\204A\257x|\017-=n\364\364\371\303\367lk\034\250\247\023\346`M\2240\013\003""; }; "
1750527594542,1750527594542,0,1,3,0,TMLedgerData,"ledgerHash: ""|\2003\266\274\251,W\006u\344\335d\003\306\212\313,\340\350bG\n\030Z\2732-\246\312\255\030""; ledgerSeq: 18; type: liAS_NODE; nodes {;   nodedata: ""\021\000h""\000\000\000\000 \033\000\000\000\021\002\023\302\177\330\356GuH\375\327!\255\371\r\231\262R\256J\034\222\241\355X\265E\241^W\225\304\014\361CX-}\351f\032\255\274\334m\326c\017\014ao[\342\230\003\245\245\3341Hm\326^\017jy\335\261\032Yt\320\244{g\0306\\302\303*\341\215\223\257\364\277o\375\000r\241SOq\221\253\262\005\017\375T\356\014\360o'\030\311-\267\031\257!\031T\006><\315XM\334\324\345\034\000\325\367\240\271\013\265\024\321\362\354\211\250.\234s\225amc\305\035\366\276\037nD\277`\210\223N\3535\033\261\304f\331]\036\237\306o!\223\221\002\324\031\262\240R\177 ,\214\325\Q])\016\2067\277\t\354\010\000\360\215\2502\265\245\310\226\243c\302Ze\306\253#r\020\211\320iG\276\020E\317\035Sf\223F\254\033@\177e\277\016\010u\327\371&\262\312\317Q\2361t\377x\234\001v\003%\030\325_\225g\204\346a=\225\273\331\354\365*U\363\263N\367b\371\244\314-w\363\262\225Z\200\206\235\233\257?sE\2674\254\326mU\377?\177Ek\336\030!\316Aa\225\303\022\377{\210Y\226\271as\354L\035\004\341\361\035\301\024\220m#*\372\032\3178~\374\250\014*\323\342'z69\220\327\256\351G\367\317u\302\207\270b\315\333\333\334\310I\323&\014\352XZnW2.\335\347\202\021\247\362\212e\034\000\001\250\220\305;a\314\265R\310\017\317\331\235\360\262\240:\277\202\266\354\265X""\022\nh\252\352w\204\203\023]\001f\352\277\0031Q]\362\370R\350{\261\202\240\344\215\201\353\276\322p5p\350\354\017>\250r\241c\273\016\301\024\363\242\247\263\231\370\344\nBW\220K\316@3\243\200\036wk\253GSlU\010\360\231>\331\263H\214\324\030A\225\301o\346pkSF\004\241\213w9\223=\250\262*+\255\351r\265\244c\024\213\t\007`\223\325#\3477\210\345P\306\013\320\252[\0216+\227=`\371P\314\346 V7\271[~\n\237\274|\347\352@K\253~&\260\032\024\004B\200\255h\351\013\361\031:nG\211\005\264\227\2326\315\307\363\323\325\303\032N\256*\307\327 \235\332\207u\210\271\257\306g\231i*\260\326k\001"";   nodeid: ""\260\000\000\000\000\000\000\000\000\000\000\000\000\000\000\000\000\000\000\000\000\000\000\000\000\000\000\000\000\000\000\000\001""; }; ","ledgerHash: ""|\2003\266\274\251,W\006u\344\335d\003\306\212\313,\340\350bG\n\030Z\2732-\246\312\255\030""; ledgerSeq: 18; type: liAS_NODE; nodes {;   nodedata: ""\021\000h""\000\000\000\000 \033\000\000\000\021\002\023\302\177\330\356GuH\375\327!\255\371\r\231\262R\256J\034\222\241\355X\265E\241^W\225\304\014\361CX-}\351f\032\255\274\334m\326c\017\014ao[\342\230\003\245\245\3341Hm\326^\017jy\335\261\032Yt\320\244{g\0306\\302\303*\341\215\223\257\364\277o\375\000r\241SOq\221\253\262\005\017\375T\356\014\360o'\030\311-\267\031\257!\031T\006><\315XM\334\324\345\034\000\325\367\240\271\013\265\024\321\362\354\211\250.\234s\225amc\305\035\366\276\037nD\277`\210\223N\3535\033\261\304f\331]\036\237\306o!\223\221\002\324\031\262\240R\177 ,\214\325\Q])\016\2067\277\t\354\010\000\360\215\2502\265\245\310\226\243c\302Ze\306\253#r\020\211\320iG\276\020E\317\035Sf\223F\254\033@\177e\277\016\010u\327\371&\262\312\317Q\2361t\377x\234\001v\003%\030\325_\225g\204\346a=\225\273\331\354\365*U\363\263N\367b\371\244\314-w\363\262\225Z\200\206\235\233\257?sE\2674\254\326mU\377?\177Ek\336\030!\316Aa\225\303\022\377{\210Y\226\271as\354L\035\004\341\361\035\301\024\220m#*\372\032\3178~\374\250\014*\323\342'z69\220\327\256\351G\367\317u\302\207\270b\315\333\333\334\310I\323&\014\352XZnW2.\335\347\202\021\247\362\212e\034\000\001\250\220\305;a\314\265R\310\017\317\331\235\360\262\240:\277\202\266\354\265X""\022\nh\252\352w\204\203\023]\001f\352\277\0031Q]\362\370R\350{\261\202\240\344\215\201\353\276\322p5p\350\354\017>\250r\241c\273\016\301\024\363\242\247\263\231\370\344\nBW\220K\316@3\243\200\036wk\253GSlU\010\360\231>\331\263H\214\324\030A\225\301o\346pkSF\004\241\213w9\223=\250\262*+\255\351r\265\244c\024\213\t\007`\223\325#\3477\210\345P\306\013\320\252[\0216+\227=`\371P\314\346 V7\271[~\n\237\274|\347\352@K\253~&\260\032\024\004B\200\255h\351\013\361\031:nG\211\005\264\227\2326\315\307\363\323\325\303\032N\256*\307\327 \235\332\207u\210\271\257\306g\231i*\260\326k\001"";   nodeid: ""\260\000\000\000\000\000\000\000\000\000\000\000\000\000\000\000\000\000\000\000\000\000\000\000\000\000\000\000\000\000\000\000\001""; }; "
1750527594597,1750527594597,0,1,4,3,TMStatusChange,"newEvent: neACCEPTED_LEDGER; ledgerSeq: 18; ledgerHash: ""|\2003\266\274\251,W\006u\344\335d\003\306\212\313,\340\350bG\n\030Z\2732-\246\312\255\030""; ledgerHashPrevious: ""7\271[~\n\237\274|\347\352@K\253~&\260\032\024\004B\200\255h\351\013\361\031:nG\211\005""; networkTime: 803842794; firstSeq: 1; lastSeq: 17; ","newEvent: neACCEPTED_LEDGER; ledgerSeq: 18; ledgerHash: ""|\2003\266\274\251,W\006u\344\335d\003\306\212\313,\340\350bG\n\030Z\2732-\246\312\255\030""; ledgerHashPrevious: ""7\271[~\n\237\274|\347\352@K\253~&\260\032\024\004B\200\255h\351\013\361\031:nG\211\005""; networkTime: 803842794; firstSeq: 1; lastSeq: 17; "
1750527594599,1750527594599,0,1,4,0,TMStatusChange,"newEvent: neACCEPTED_LEDGER; ledgerSeq: 18; ledgerHash: ""|\2003\266\274\251,W\006u\344\335d\003\306\212\313,\340\350bG\n\030Z\2732-\246\312\255\030""; ledgerHashPrevious: ""7\271[~\n\237\274|\347\352@K\253~&\260\032\024\004B\200\255h\351\013\361\031:nG\211\005""; networkTime: 803842794; firstSeq: 1; lastSeq: 17; ","newEvent: neACCEPTED_LEDGER; ledgerSeq: 18; ledgerHash: ""|\2003\266\274\251,W\006u\344\335d\003\306\212\313,\340\350bG\n\030Z\2732-\246\312\255\030""; ledgerHashPrevious: ""7\271[~\n\237\274|\347\352@K\253~&\260\032\024\004B\200\255h\351\013\361\031:nG\211\005""; networkTime: 803842794; firstSeq: 1; lastSeq: 17; "
1750527594600,1750527594600,0,1,4,1,TMStatusChange,"newEvent: neACCEPTED_LEDGER; ledgerSeq: 18; ledgerHash: ""|\2003\266\274\251,W\006u\344\335d\003\306\212\313,\340\350bG\n\030Z\2732-\246\312\255\030""; ledgerHashPrevious: ""7\271[~\n\237\274|\347\352@K\253~&\260\032\024\004B\200\255h\351\013\361\031:nG\211\005""; networkTime: 803842794; firstSeq: 1; lastSeq: 17; ","newEvent: neACCEPTED_LEDGER; ledgerSeq: 18; ledgerHash: ""|\2003\266\274\251,W\006u\344\335d\003\306\212\313,\340\350bG\n\030Z\2732-\246\312\255\030""; ledgerHashPrevious: ""7\271[~\n\237\274|\347\352@K\253~&\260\032\024\004B\200\255h\351\013\361\031:nG\211\005""; networkTime: 803842794; firstSeq: 1; lastSeq: 17; "
1750527594600,1750527594600,0,1,4,2,TMStatusChange,"newEvent: neACCEPTED_LEDGER; ledgerSeq: 18; ledgerHash: ""|\2003\266\274\251,W\006u\344\335d\003\306\212\313,\340\350bG\n\030Z\2732-\246\312\255\030""; ledgerHashPrevious: ""7\271[~\n\237\274|\347\352@K\253~&\260\032\024\004B\200\255h\351\013\361\031:nG\211\005""; networkTime: 803842794; firstSeq: 1; lastSeq: 17; ","newEvent: neACCEPTED_LEDGER; ledgerSeq: 18; ledgerHash: ""|\2003\266\274\251,W\006u\344\335d\003\306\212\313,\340\350bG\n\030Z\2732-\246\312\255\030""; ledgerHashPrevious: ""7\271[~\n\237\274|\347\352@K\253~&\260\032\024\004B\200\255h\351\013\361\031:nG\211\005""; networkTime: 803842794; firstSeq: 1; lastSeq: 17; "
1750527594638,1750527594638,0,1,4,1,TMValidation,"validation: """"\200\000\000\001&\000\000\000\022)/\351\252\352:\r\302\353\023?\373\240rQ|\2003\266\274\251,W\006u\344\335d\003\306\212\313,\340\350bG\n\030Z\2732-\246\312\255\030P\027\000\000\000\000\000\000\000\000\000\000\000\000\000\000\000\000\000\000\000\000\000\000\000\000\000\000\000\000\000\000\000\000P\0317\271[~\n\237\274|\347\352@K\253~&\260\032\024\004B\200\255h\351\013\361\031:nG\211\005s!\003R7o\362bV\300hf\266\241;}\200^\374\240\203[:\342Q\225\221\027y\372\255\235\216\323~vF0D\002 r\274\037:\223\232\217I\304\271\032\032\261t\234\344\255\326DBB1\\251J\025\024F\3004F""\002 \n\344W\216\202\347\363\275\201o\327\365\354\214\321!\266\025\222\351\215\256|\234\375P\362\255\210:Uu""; ","validation: """"\200\000\000\001&\000\000\000\022)/\351\252\352:\r\302\353\023?\373\240rQ|\2003\266\274\251,W\006u\344\335d\003\306\212\313,\340\350bG\n\030Z\2732-\246\312\255\030P\027\000\000\000\000\000\000\000\000\000\000\000\000\000\000\000\000\000\000\000\000\000\000\000\000\000\000\000\000\000\000\000\000P\0317\271[~\n\237\274|\347\352@K\253~&\260\032\024\004B\200\255h\351\013\361\031:nG\211\005s!\003R7o\362bV\300hf\266\241;}\200^\374\240\203[:\342Q\225\221\027y\372\255\235\216\323~vF0D\002 r\274\037:\223\232\217I\304\271\032\032\261t\234\344\255\326DBB1\\251J\025\024F\3004F""\002 \n\344W\216\202\347\363\275\201o\327\365\354\214\321!\266\025\222\351\215\256|\234\375P\362\255\210:Uu""; "
1750527594638,1750527594638,0,1,4,0,TMValidation,"validation: """"\200\000\000\001&\000\000\000\022)/\351\252\352:\r\302\353\023?\373\240rQ|\2003\266\274\251,W\006u\344\335d\003\306\212\313,\340\350bG\n\030Z\2732-\246\312\255\030P\027\000\000\000\000\000\000\000\000\000\000\000\000\000\000\000\000\000\000\000\000\000\000\000\000\000\000\000\000\000\000\000\000P\0317\271[~\n\237\274|\347\352@K\253~&\260\032\024\004B\200\255h\351\013\361\031:nG\211\005s!\003R7o\362bV\300hf\266\241;}\200^\374\240\203[:\342Q\225\221\027y\372\255\235\216\323~vF0D\002 r\274\037:\223\232\217I\304\271\032\032\261t\234\344\255\326DBB1\\251J\025\024F\3004F""\002 \n\344W\216\202\347\363\275\201o\327\365\354\214\321!\266\025\222\351\215\256|\234\375P\362\255\210:Uu""; ","validation: """"\200\000\000\001&\000\000\000\022)/\351\252\352:\r\302\353\023?\373\240rQ|\2003\266\274\251,W\006u\344\335d\003\306\212\313,\340\350bG\n\030Z\2732-\246\312\255\030P\027\000\000\000\000\000\000\000\000\000\000\000\000\000\000\000\000\000\000\000\000\000\000\000\000\000\000\000\000\000\000\000\000P\0317\271[~\n\237\274|\347\352@K\253~&\260\032\024\004B\200\255h\351\013\361\031:nG\211\005s!\003R7o\362bV\300hf\266\241;}\200^\374\240\203[:\342Q\225\221\027y\372\255\235\216\323~vF0D\002 r\274\037:\223\232\217I\304\271\032\032\261t\234\344\255\326DBB1\\251J\025\024F\3004F""\002 \n\344W\216\202\347\363\275\201o\327\365\354\214\321!\266\025\222\351\215\256|\234\375P\362\255\210:Uu""; "
1750527594638,1750527594639,0,1,4,2,TMValidation,"validation: """"\200\000\000\001&\000\000\000\022)/\351\252\352:\r\302\353\023?\373\240rQ|\2003\266\274\251,W\006u\344\335d\003\306\212\313,\340\350bG\n\030Z\2732-\246\312\255\030P\027\000\000\000\000\000\000\000\000\000\000\000\000\000\000\000\000\000\000\000\000\000\000\000\000\000\000\000\000\000\000\000\000P\0317\271[~\n\237\274|\347\352@K\253~&\260\032\024\004B\200\255h\351\013\361\031:nG\211\005s!\003R7o\362bV\300hf\266\241;}\200^\374\240\203[:\342Q\225\221\027y\372\255\235\216\323~vF0D\002 r\274\037:\223\232\217I\304\271\032\032\261t\234\344\255\326DBB1\\251J\025\024F\3004F""\002 \n\344W\216\202\347\363\275\201o\327\365\354\214\321!\266\025\222\351\215\256|\234\375P\362\255\210:Uu""; ","validation: """"\200\000\000\001&\000\000\000\022)/\351\252\352:\r\302\353\023?\373\240rQ|\2003\266\274\251,W\006u\344\335d\003\306\212\313,\340\350bG\n\030Z\2732-\246\312\255\030P\027\000\000\000\000\000\000\000\000\000\000\000\000\000\000\000\000\000\000\000\000\000\000\000\000\000\000\000\000\000\000\000\000P\0317\271[~\n\237\274|\347\352@K\253~&\260\032\024\004B\200\255h\351\013\361\031:nG\211\005s!\003R7o\362bV\300hf\266\241;}\200^\374\240\203[:\342Q\225\221\027y\372\255\235\216\323~vF0D\002 r\274\037:\223\232\217I\304\271\032\032\261t\234\344\255\326DBB1\\251J\025\024F\3004F""\002 \n\344W\216\202\347\363\275\201o\327\365\354\214\321!\266\025\222\351\215\256|\234\375P\362\255\210:Uu""; "
1750527594639,1750527594639,0,1,4,3,TMValidation,"validation: """"\200\000\000\001&\000\000\000\022)/\351\252\352:\r\302\353\023?\373\240rQ|\2003\266\274\251,W\006u\344\335d\003\306\212\313,\340\350bG\n\030Z\2732-\246\312\255\030P\027\000\000\000\000\000\000\000\000\000\000\000\000\000\000\000\000\000\000\000\000\000\000\000\000\000\000\000\000\000\000\000\000P\0317\271[~\n\237\274|\347\352@K\253~&\260\032\024\004B\200\255h\351\013\361\031:nG\211\005s!\003R7o\362bV\300hf\266\241;}\200^\374\240\203[:\342Q\225\221\027y\372\255\235\216\323~vF0D\002 r\274\037:\223\232\217I\304\271\032\032\261t\234\344\255\326DBB1\\251J\025\024F\3004F""\002 \n\344W\216\202\347\363\275\201o\327\365\354\214\321!\266\025\222\351\215\256|\234\375P\362\255\210:Uu""; ","validation: """"\200\000\000\001&\000\000\000\022)/\351\252\352:\r\302\353\023?\373\240rQ|\2003\266\274\251,W\006u\344\335d\003\306\212\313,\340\350bG\n\030Z\2732-\246\312\255\030P\027\000\000\000\000\000\000\000\000\000\000\000\000\000\000\000\000\000\000\000\000\000\000\000\000\000\000\000\000\000\000\000\000P\0317\271[~\n\237\274|\347\352@K\253~&\260\032\024\004B\200\255h\351\013\361\031:nG\211\005s!\003R7o\362bV\300hf\266\241;}\200^\374\240\203[:\342Q\225\221\027y\372\255\235\216\323~vF0D\002 r\274\037:\223\232\217I\304\271\032\032\261t\234\344\255\326DBB1\\251J\025\024F\3004F""\002 \n\344W\216\202\347\363\275\201o\327\365\354\214\321!\266\025\222\351\215\256|\234\375P\362\255\210:Uu""; "
1750527594640,1750527594641,0,1,1,3,TMValidation,"validation: """"\200\000\000\001&\000\000\000\022)/\351\252\352:\r\302\353\023?\373\240rQ|\2003\266\274\251,W\006u\344\335d\003\306\212\313,\340\350bG\n\030Z\2732-\246\312\255\030P\027\000\000\000\000\000\000\000\000\000\000\000\000\000\000\000\000\000\000\000\000\000\000\000\000\000\000\000\000\000\000\000\000P\0317\271[~\n\237\274|\347\352@K\253~&\260\032\024\004B\200\255h\351\013\361\031:nG\211\005s!\003R7o\362bV\300hf\266\241;}\200^\374\240\203[:\342Q\225\221\027y\372\255\235\216\323~vF0D\002 r\274\037:\223\232\217I\304\271\032\032\261t\234\344\255\326DBB1\\251J\025\024F\3004F""\002 \n\344W\216\202\347\363\275\201o\327\365\354\214\321!\266\025\222\351\215\256|\234\375P\362\255\210:Uu""; ","validation: """"\200\000\000\001&\000\000\000\022)/\351\252\352:\r\302\353\023?\373\240rQ|\2003\266\274\251,W\006u\344\335d\003\306\212\313,\340\350bG\n\030Z\2732-\246\312\255\030P\027\000\000\000\000\000\000\000\000\000\000\000\000\000\000\000\000\000\000\000\000\000\000\000\000\000\000\000\000\000\000\000\000P\0317\271[~\n\237\274|\347\352@K\253~&\260\032\024\004B\200\255h\351\013\361\031:nG\211\005s!\003R7o\362bV\300hf\266\241;}\200^\374\240\203[:\342Q\225\221\027y\372\255\235\216\323~vF0D\002 r\274\037:\223\232\217I\304\271\032\032\261t\234\344\255\326DBB1\\251J\025\024F\3004F""\002 \n\344W\216\202\347\363\275\201o\327\365\354\214\321!\266\025\222\351\215\256|\234\375P\362\255\210:Uu""; "
1750527594643,1750527594643,0,1,0,2,TMValidation,"validation: """"\200\000\000\001&\000\000\000\022)/\351\252\352:\r\302\353\023?\373\240rQ|\2003\266\274\251,W\006u\344\335d\003\306\212\313,\340\350bG\n\030Z\2732-\246\312\255\030P\027\000\000\000\000\000\000\000\000\000\000\000\000\000\000\000\000\000\000\000\000\000\000\000\000\000\000\000\000\000\000\000\000P\0317\271[~\n\237\274|\347\352@K\253~&\260\032\024\004B\200\255h\351\013\361\031:nG\211\005s!\003R7o\362bV\300hf\266\241;}\200^\374\240\203[:\342Q\225\221\027y\372\255\235\216\323~vF0D\002 r\274\037:\223\232\217I\304\271\032\032\261t\234\344\255\326DBB1\\251J\025\024F\3004F""\002 \n\344W\216\202\347\363\275\201o\327\365\354\214\321!\266\025\222\351\215\256|\234\375P\362\255\210:Uu""; ","validation: """"\200\000\000\001&\000\000\000\022)/\351\252\352:\r\302\353\023?\373\240rQ|\2003\266\274\251,W\006u\344\335d\003\306\212\313,\340\350bG\n\030Z\2732-\246\312\255\030P\027\000\000\000\000\000\000\000\000\000\000\000\000\000\000\000\000\000\000\000\000\000\000\000\000\000\000\000\000\000\000\000\000P\0317\271[~\n\237\274|\347\352@K\253~&\260\032\024\004B\200\255h\351\013\361\031:nG\211\005s!\003R7o\362bV\300hf\266\241;}\200^\374\240\203[:\342Q\225\221\027y\372\255\235\216\323~vF0D\002 r\274\037:\223\232\217I\304\271\032\032\261t\234\344\255\326DBB1\\251J\025\024F\3004F""\002 \n\344W\216\202\347\363\275\201o\327\365\354\214\321!\266\025\222\351\215\256|\234\375P\362\255\210:Uu""; "
1750527594642,1750527594642,0,1,1,2,TMValidation,"validation: """"\200\000\000\001&\000\000\000\022)/\351\252\352:\r\302\353\023?\373\240rQ|\2003\266\274\251,W\006u\344\335d\003\306\212\313,\340\350bG\n\030Z\2732-\246\312\255\030P\027\000\000\000\000\000\000\000\000\000\000\000\000\000\000\000\000\000\000\000\000\000\000\000\000\000\000\000\000\000\000\000\000P\0317\271[~\n\237\274|\347\352@K\253~&\260\032\024\004B\200\255h\351\013\361\031:nG\211\005s!\003R7o\362bV\300hf\266\241;}\200^\374\240\203[:\342Q\225\221\027y\372\255\235\216\323~vF0D\002 r\274\037:\223\232\217I\304\271\032\032\261t\234\344\255\326DBB1\\251J\025\024F\3004F""\002 \n\344W\216\202\347\363\275\201o\327\365\354\214\321!\266\025\222\351\215\256|\234\375P\362\255\210:Uu""; ","validation: """"\200\000\000\001&\000\000\000\022)/\351\252\352:\r\302\353\023?\373\240rQ|\2003\266\274\251,W\006u\344\335d\003\306\212\313,\340\350bG\n\030Z\2732-\246\312\255\030P\027\000\000\000\000\000\000\000\000\000\000\000\000\000\000\000\000\000\000\000\000\000\000\000\000\000\000\000\000\000\000\000\000P\0317\271[~\n\237\274|\347\352@K\253~&\260\032\024\004B\200\255h\351\013\361\031:nG\211\005s!\003R7o\362bV\300hf\266\241;}\200^\374\240\203[:\342Q\225\221\027y\372\255\235\216\323~vF0D\002 r\274\037:\223\232\217I\304\271\032\032\261t\234\344\255\326DBB1\\251J\025\024F\3004F""\002 \n\344W\216\202\347\363\275\201o\327\365\354\214\321!\266\025\222\351\215\256|\234\375P\362\255\210:Uu""; "
1750527594642,1750527594642,0,1,1,0,TMValidation,"validation: """"\200\000\000\001&\000\000\000\022)/\351\252\352:\r\302\353\023?\373\240rQ|\2003\266\274\251,W\006u\344\335d\003\306\212\313,\340\350bG\n\030Z\2732-\246\312\255\030P\027\000\000\000\000\000\000\000\000\000\000\000\000\000\000\000\000\000\000\000\000\000\000\000\000\000\000\000\000\000\000\000\000P\0317\271[~\n\237\274|\347\352@K\253~&\260\032\024\004B\200\255h\351\013\361\031:nG\211\005s!\003R7o\362bV\300hf\266\241;}\200^\374\240\203[:\342Q\225\221\027y\372\255\235\216\323~vF0D\002 r\274\037:\223\232\217I\304\271\032\032\261t\234\344\255\326DBB1\\251J\025\024F\3004F""\002 \n\344W\216\202\347\363\275\201o\327\365\354\214\321!\266\025\222\351\215\256|\234\375P\362\255\210:Uu""; ","validation: """"\200\000\000\001&\000\000\000\022)/\351\252\352:\r\302\353\023?\373\240rQ|\2003\266\274\251,W\006u\344\335d\003\306\212\313,\340\350bG\n\030Z\2732-\246\312\255\030P\027\000\000\000\000\000\000\000\000\000\000\000\000\000\000\000\000\000\000\000\000\000\000\000\000\000\000\000\000\000\000\000\000P\0317\271[~\n\237\274|\347\352@K\253~&\260\032\024\004B\200\255h\351\013\361\031:nG\211\005s!\003R7o\362bV\300hf\266\241;}\200^\374\240\203[:\342Q\225\221\027y\372\255\235\216\323~vF0D\002 r\274\037:\223\232\217I\304\271\032\032\261t\234\344\255\326DBB1\\251J\025\024F\3004F""\002 \n\344W\216\202\347\363\275\201o\327\365\354\214\321!\266\025\222\351\215\256|\234\375P\362\255\210:Uu""; "
1750527594643,1750527594643,0,1,0,1,TMValidation,"validation: """"\200\000\000\001&\000\000\000\022)/\351\252\352:\r\302\353\023?\373\240rQ|\2003\266\274\251,W\006u\344\335d\003\306\212\313,\340\350bG\n\030Z\2732-\246\312\255\030P\027\000\000\000\000\000\000\000\000\000\000\000\000\000\000\000\000\000\000\000\000\000\000\000\000\000\000\000\000\000\000\000\000P\0317\271[~\n\237\274|\347\352@K\253~&\260\032\024\004B\200\255h\351\013\361\031:nG\211\005s!\003R7o\362bV\300hf\266\241;}\200^\374\240\203[:\342Q\225\221\027y\372\255\235\216\323~vF0D\002 r\274\037:\223\232\217I\304\271\032\032\261t\234\344\255\326DBB1\\251J\025\024F\3004F""\002 \n\344W\216\202\347\363\275\201o\327\365\354\214\321!\266\025\222\351\215\256|\234\375P\362\255\210:Uu""; ","validation: """"\200\000\000\001&\000\000\000\022)/\351\252\352:\r\302\353\023?\373\240rQ|\2003\266\274\251,W\006u\344\335d\003\306\212\313,\340\350bG\n\030Z\2732-\246\312\255\030P\027\000\000\000\000\000\000\000\000\000\000\000\000\000\000\000\000\000\000\000\000\000\000\000\000\000\000\000\000\000\000\000\000P\0317\271[~\n\237\274|\347\352@K\253~&\260\032\024\004B\200\255h\351\013\361\031:nG\211\005s!\003R7o\362bV\300hf\266\241;}\200^\374\240\203[:\342Q\225\221\027y\372\255\235\216\323~vF0D\002 r\274\037:\223\232\217I\304\271\032\032\261t\234\344\255\326DBB1\\251J\025\024F\3004F""\002 \n\344W\216\202\347\363\275\201o\327\365\354\214\321!\266\025\222\351\215\256|\234\375P\362\255\210:Uu""; "
1750527594642,1750527594642,0,1,0,3,TMValidation,"validation: """"\200\000\000\001&\000\000\000\022)/\351\252\352:\r\302\353\023?\373\240rQ|\2003\266\274\251,W\006u\344\335d\003\306\212\313,\340\350bG\n\030Z\2732-\246\312\255\030P\027\000\000\000\000\000\000\000\000\000\000\000\000\000\000\000\000\000\000\000\000\000\000\000\000\000\000\000\000\000\000\000\000P\0317\271[~\n\237\274|\347\352@K\253~&\260\032\024\004B\200\255h\351\013\361\031:nG\211\005s!\003R7o\362bV\300hf\266\241;}\200^\374\240\203[:\342Q\225\221\027y\372\255\235\216\323~vF0D\002 r\274\037:\223\232\217I\304\271\032\032\261t\234\344\255\326DBB1\\251J\025\024F\3004F""\002 \n\344W\216\202\347\363\275\201o\327\365\354\214\321!\266\025\222\351\215\256|\234\375P\362\255\210:Uu""; ","validation: """"\200\000\000\001&\000\000\000\022)/\351\252\352:\r\302\353\023?\373\240rQ|\2003\266\274\251,W\006u\344\335d\003\306\212\313,\340\350bG\n\030Z\2732-\246\312\255\030P\027\000\000\000\000\000\000\000\000\000\000\000\000\000\000\000\000\000\000\000\000\000\000\000\000\000\000\000\000\000\000\000\000P\0317\271[~\n\237\274|\347\352@K\253~&\260\032\024\004B\200\255h\351\013\361\031:nG\211\005s!\003R7o\362bV\300hf\266\241;}\200^\374\240\203[:\342Q\225\221\027y\372\255\235\216\323~vF0D\002 r\274\037:\223\232\217I\304\271\032\032\261t\234\344\255\326DBB1\\251J\025\024F\3004F""\002 \n\344W\216\202\347\363\275\201o\327\365\354\214\321!\266\025\222\351\215\256|\234\375P\362\255\210:Uu""; "
1750527594644,1750527594644,0,1,2,1,TMValidation,"validation: """"\200\000\000\001&\000\000\000\022)/\351\252\352:\r\302\353\023?\373\240rQ|\2003\266\274\251,W\006u\344\335d\003\306\212\313,\340\350bG\n\030Z\2732-\246\312\255\030P\027\000\000\000\000\000\000\000\000\000\000\000\000\000\000\000\000\000\000\000\000\000\000\000\000\000\000\000\000\000\000\000\000P\0317\271[~\n\237\274|\347\352@K\253~&\260\032\024\004B\200\255h\351\013\361\031:nG\211\005s!\003R7o\362bV\300hf\266\241;}\200^\374\240\203[:\342Q\225\221\027y\372\255\235\216\323~vF0D\002 r\274\037:\223\232\217I\304\271\032\032\261t\234\344\255\326DBB1\\251J\025\024F\3004F""\002 \n\344W\216\202\347\363\275\201o\327\365\354\214\321!\266\025\222\351\215\256|\234\375P\362\255\210:Uu""; ","validation: """"\200\000\000\001&\000\000\000\022)/\351\252\352:\r\302\353\023?\373\240rQ|\2003\266\274\251,W\006u\344\335d\003\306\212\313,\340\350bG\n\030Z\2732-\246\312\255\030P\027\000\000\000\000\000\000\000\000\000\000\000\000\000\000\000\000\000\000\000\000\000\000\000\000\000\000\000\000\000\000\000\000P\0317\271[~\n\237\274|\347\352@K\253~&\260\032\024\004B\200\255h\351\013\361\031:nG\211\005s!\003R7o\362bV\300hf\266\241;}\200^\374\240\203[:\342Q\225\221\027y\372\255\235\216\323~vF0D\002 r\274\037:\223\232\217I\304\271\032\032\261t\234\344\255\326DBB1\\251J\025\024F\3004F""\002 \n\344W\216\202\347\363\275\201o\327\365\354\214\321!\266\025\222\351\215\256|\234\375P\362\255\210:Uu""; "
1750527594644,1750527594644,0,1,2,3,TMValidation,"validation: """"\200\000\000\001&\000\000\000\022)/\351\252\352:\r\302\353\023?\373\240rQ|\2003\266\274\251,W\006u\344\335d\003\306\212\313,\340\350bG\n\030Z\2732-\246\312\255\030P\027\000\000\000\000\000\000\000\000\000\000\000\000\000\000\000\000\000\000\000\000\000\000\000\000\000\000\000\000\000\000\000\000P\0317\271[~\n\237\274|\347\352@K\253~&\260\032\024\004B\200\255h\351\013\361\031:nG\211\005s!\003R7o\362bV\300hf\266\241;}\200^\374\240\203[:\342Q\225\221\027y\372\255\235\216\323~vF0D\002 r\274\037:\223\232\217I\304\271\032\032\261t\234\344\255\326DBB1\\251J\025\024F\3004F""\002 \n\344W\216\202\347\363\275\201o\327\365\354\214\321!\266\025\222\351\215\256|\234\375P\362\255\210:Uu""; ","validation: """"\200\000\000\001&\000\000\000\022)/\351\252\352:\r\302\353\023?\373\240rQ|\2003\266\274\251,W\006u\344\335d\003\306\212\313,\340\350bG\n\030Z\2732-\246\312\255\030P\027\000\000\000\000\000\000\000\000\000\000\000\000\000\000\000\000\000\000\000\000\000\000\000\000\000\000\000\000\000\000\000\000P\0317\271[~\n\237\274|\347\352@K\253~&\260\032\024\004B\200\255h\351\013\361\031:nG\211\005s!\003R7o\362bV\300hf\266\241;}\200^\374\240\203[:\342Q\225\221\027y\372\255\235\216\323~vF0D\002 r\274\037:\223\232\217I\304\271\032\032\261t\234\344\255\326DBB1\\251J\025\024F\3004F""\002 \n\344W\216\202\347\363\275\201o\327\365\354\214\321!\266\025\222\351\215\256|\234\375P\362\255\210:Uu""; "
1750527594644,1750527594644,0,1,2,0,TMValidation,"validation: """"\200\000\000\001&\000\000\000\022)/\351\252\352:\r\302\353\023?\373\240rQ|\2003\266\274\251,W\006u\344\335d\003\306\212\313,\340\350bG\n\030Z\2732-\246\312\255\030P\027\000\000\000\000\000\000\000\000\000\000\000\000\000\000\000\000\000\000\000\000\000\000\000\000\000\000\000\000\000\000\000\000P\0317\271[~\n\237\274|\347\352@K\253~&\260\032\024\004B\200\255h\351\013\361\031:nG\211\005s!\003R7o\362bV\300hf\266\241;}\200^\374\240\203[:\342Q\225\221\027y\372\255\235\216\323~vF0D\002 r\274\037:\223\232\217I\304\271\032\032\261t\234\344\255\326DBB1\\251J\025\024F\3004F""\002 \n\344W\216\202\347\363\275\201o\327\365\354\214\321!\266\025\222\351\215\256|\234\375P\362\255\210:Uu""; ","validation: """"\200\000\000\001&\000\000\000\022)/\351\252\352:\r\302\353\023?\373\240rQ|\2003\266\274\251,W\006u\344\335d\003\306\212\313,\340\350bG\n\030Z\2732-\246\312\255\030P\027\000\000\000\000\000\000\000\000\000\000\000\000\000\000\000\000\000\000\000\000\000\000\000\000\000\000\000\000\000\000\000\000P\0317\271[~\n\237\274|\347\352@K\253~&\260\032\024\004B\200\255h\351\013\361\031:nG\211\005s!\003R7o\362bV\300hf\266\241;}\200^\374\240\203[:\342Q\225\221\027y\372\255\235\216\323~vF0D\002 r\274\037:\223\232\217I\304\271\032\032\261t\234\344\255\326DBB1\\251J\025\024F\3004F""\002 \n\344W\216\202\347\363\275\201o\327\365\354\214\321!\266\025\222\351\215\256|\234\375P\362\255\210:Uu""; "
1750527594645,1750527594645,0,1,3,2,TMValidation,"validation: """"\200\000\000\001&\000\000\000\022)/\351\252\352:\r\302\353\023?\373\240rQ|\2003\266\274\251,W\006u\344\335d\003\306\212\313,\340\350bG\n\030Z\2732-\246\312\255\030P\027\000\000\000\000\000\000\000\000\000\000\000\000\000\000\000\000\000\000\000\000\000\000\000\000\000\000\000\000\000\000\000\000P\0317\271[~\n\237\274|\347\352@K\253~&\260\032\024\004B\200\255h\351\013\361\031:nG\211\005s!\003R7o\362bV\300hf\266\241;}\200^\374\240\203[:\342Q\225\221\027y\372\255\235\216\323~vF0D\002 r\274\037:\223\232\217I\304\271\032\032\261t\234\344\255\326DBB1\\251J\025\024F\3004F""\002 \n\344W\216\202\347\363\275\201o\327\365\354\214\321!\266\025\222\351\215\256|\234\375P\362\255\210:Uu""; ","validation: """"\200\000\000\001&\000\000\000\022)/\351\252\352:\r\302\353\023?\373\240rQ|\2003\266\274\251,W\006u\344\335d\003\306\212\313,\340\350bG\n\030Z\2732-\246\312\255\030P\027\000\000\000\000\000\000\000\000\000\000\000\000\000\000\000\000\000\000\000\000\000\000\000\000\000\000\000\000\000\000\000\000P\0317\271[~\n\237\274|\347\352@K\253~&\260\032\024\004B\200\255h\351\013\361\031:nG\211\005s!\003R7o\362bV\300hf\266\241;}\200^\374\240\203[:\342Q\225\221\027y\372\255\235\216\323~vF0D\002 r\274\037:\223\232\217I\304\271\032\032\261t\234\344\255\326DBB1\\251J\025\024F\3004F""\002 \n\344W\216\202\347\363\275\201o\327\365\354\214\321!\266\025\222\351\215\256|\234\375P\362\255\210:Uu""; "
1750527594645,1750527594645,0,1,3,1,TMValidation,"validation: """"\200\000\000\001&\000\000\000\022)/\351\252\352:\r\302\353\023?\373\240rQ|\2003\266\274\251,W\006u\344\335d\003\306\212\313,\340\350bG\n\030Z\2732-\246\312\255\030P\027\000\000\000\000\000\000\000\000\000\000\000\000\000\000\000\000\000\000\000\000\000\000\000\000\000\000\000\000\000\000\000\000P\0317\271[~\n\237\274|\347\352@K\253~&\260\032\024\004B\200\255h\351\013\361\031:nG\211\005s!\003R7o\362bV\300hf\266\241;}\200^\374\240\203[:\342Q\225\221\027y\372\255\235\216\323~vF0D\002 r\274\037:\223\232\217I\304\271\032\032\261t\234\344\255\326DBB1\\251J\025\024F\3004F""\002 \n\344W\216\202\347\363\275\201o\327\365\354\214\321!\266\025\222\351\215\256|\234\375P\362\255\210:Uu""; ","validation: """"\200\000\000\001&\000\000\000\022)/\351\252\352:\r\302\353\023?\373\240rQ|\2003\266\274\251,W\006u\344\335d\003\306\212\313,\340\350bG\n\030Z\2732-\246\312\255\030P\027\000\000\000\000\000\000\000\000\000\000\000\000\000\000\000\000\000\000\000\000\000\000\000\000\000\000\000\000\000\000\000\000P\0317\271[~\n\237\274|\347\352@K\253~&\260\032\024\004B\200\255h\351\013\361\031:nG\211\005s!\003R7o\362bV\300hf\266\241;}\200^\374\240\203[:\342Q\225\221\027y\372\255\235\216\323~vF0D\002 r\274\037:\223\232\217I\304\271\032\032\261t\234\344\255\326DBB1\\251J\025\024F\3004F""\002 \n\344W\216\202\347\363\275\201o\327\365\354\214\321!\266\025\222\351\215\256|\234\375P\362\255\210:Uu""; "
1750527594645,1750527594645,0,1,3,0,TMValidation,"validation: """"\200\000\000\001&\000\000\000\022)/\351\252\352:\r\302\353\023?\373\240rQ|\2003\266\274\251,W\006u\344\335d\003\306\212\313,\340\350bG\n\030Z\2732-\246\312\255\030P\027\000\000\000\000\000\000\000\000\000\000\000\000\000\000\000\000\000\000\000\000\000\000\000\000\000\000\000\000\000\000\000\000P\0317\271[~\n\237\274|\347\352@K\253~&\260\032\024\004B\200\255h\351\013\361\031:nG\211\005s!\003R7o\362bV\300hf\266\241;}\200^\374\240\203[:\342Q\225\221\027y\372\255\235\216\323~vF0D\002 r\274\037:\223\232\217I\304\271\032\032\261t\234\344\255\326DBB1\\251J\025\024F\3004F""\002 \n\344W\216\202\347\363\275\201o\327\365\354\214\321!\266\025\222\351\215\256|\234\375P\362\255\210:Uu""; ","validation: """"\200\000\000\001&\000\000\000\022)/\351\252\352:\r\302\353\023?\373\240rQ|\2003\266\274\251,W\006u\344\335d\003\306\212\313,\340\350bG\n\030Z\2732-\246\312\255\030P\027\000\000\000\000\000\000\000\000\000\000\000\000\000\000\000\000\000\000\000\000\000\000\000\000\000\000\000\000\000\000\000\000P\0317\271[~\n\237\274|\347\352@K\253~&\260\032\024\004B\200\255h\351\013\361\031:nG\211\005s!\003R7o\362bV\300hf\266\241;}\200^\374\240\203[:\342Q\225\221\027y\372\255\235\216\323~vF0D\002 r\274\037:\223\232\217I\304\271\032\032\261t\234\344\255\326DBB1\\251J\025\024F\3004F""\002 \n\344W\216\202\347\363\275\201o\327\365\354\214\321!\266\025\222\351\215\256|\234\375P\362\255\210:Uu""; "
1750527595435,1750527595435,0,1,3,4,TMProposeSet,"proposeSeq: 0; currentTxHash: ""\000\000\000\000\000\000\000\000\000\000\000\000\000\000\000\000\000\000\000\000\000\000\000\000\000\000\000\000\000\000\000\000""; nodePubKey: ""\002\364d\217\366\217|\316F\232\231\241\n\261\333`\312O\367\235\025DD\336e\367\n\312\326\221\037\025\230""; closeTime: 803842795; signature: ""0E\002!\000\235^Us\333\202\270\373\342-\252;\277\362\2445\360F\3461\307\357\030\355\013\307X\272\355\360\312P\002 h#\276\200\252\336d\264P+\376\234\234j\026j\003{\353\216\352\365\340><)\210@\177'\343b""; previousledger: ""|\2003\266\274\251,W\006u\344\335d\003\306\212\313,\340\350bG\n\030Z\2732-\246\312\255\030""; ","proposeSeq: 0; currentTxHash: ""\000\000\000\000\000\000\000\000\000\000\000\000\000\000\000\000\000\000\000\000\000\000\000\000\000\000\000\000\000\000\000\000""; nodePubKey: ""\002\364d\217\366\217|\316F\232\231\241\n\261\333`\312O\367\235\025DD\336e\367\n\312\326\221\037\025\230""; closeTime: 803842795; signature: ""0E\002!\000\235^Us\333\202\270\373\342-\252;\277\362\2445\360F\3461\307\357\030\355\013\307X\272\355\360\312P\002 h#\276\200\252\336d\264P+\376\234\234j\026j\003{\353\216\352\365\340><)\210@\177'\343b""; previousledger: ""|\2003\266\274\251,W\006u\344\335d\003\306\212\313,\340\350bG\n\030Z\2732-\246\312\255\030""; "
1750527595437,1750527595437,0,1,4,2,TMProposeSet,"proposeSeq: 0; currentTxHash: ""\000\000\000\000\000\000\000\000\000\000\000\000\000\000\000\000\000\000\000\000\000\000\000\000\000\000\000\000\000\000\000\000""; nodePubKey: ""\002\364d\217\366\217|\316F\232\231\241\n\261\333`\312O\367\235\025DD\336e\367\n\312\326\221\037\025\230""; closeTime: 803842795; signature: ""0E\002!\000\235^Us\333\202\270\373\342-\252;\277\362\2445\360F\3461\307\357\030\355\013\307X\272\355\360\312P\002 h#\276\200\252\336d\264P+\376\234\234j\026j\003{\353\216\352\365\340><)\210@\177'\343b""; previousledger: ""|\2003\266\274\251,W\006u\344\335d\003\306\212\313,\340\350bG\n\030Z\2732-\246\312\255\030""; ","proposeSeq: 0; currentTxHash: ""\000\000\000\000\000\000\000\000\000\000\000\000\000\000\000\000\000\000\000\000\000\000\000\000\000\000\000\000\000\000\000\000""; nodePubKey: ""\002\364d\217\366\217|\316F\232\231\241\n\261\333`\312O\367\235\025DD\336e\367\n\312\326\221\037\025\230""; closeTime: 803842795; signature: ""0E\002!\000\235^Us\333\202\270\373\342-\252;\277\362\2445\360F\3461\307\357\030\355\013\307X\272\355\360\312P\002 h#\276\200\252\336d\264P+\376\234\234j\026j\003{\353\216\352\365\340><)\210@\177'\343b""; previousledger: ""|\2003\266\274\251,W\006u\344\335d\003\306\212\313,\340\350bG\n\030Z\2732-\246\312\255\030""; "
1750527595437,1750527595437,0,1,4,0,TMProposeSet,"proposeSeq: 0; currentTxHash: ""\000\000\000\000\000\000\000\000\000\000\000\000\000\000\000\000\000\000\000\000\000\000\000\000\000\000\000\000\000\000\000\000""; nodePubKey: ""\002\364d\217\366\217|\316F\232\231\241\n\261\333`\312O\367\235\025DD\336e\367\n\312\326\221\037\025\230""; closeTime: 803842795; signature: ""0E\002!\000\235^Us\333\202\270\373\342-\252;\277\362\2445\360F\3461\307\357\030\355\013\307X\272\355\360\312P\002 h#\276\200\252\336d\264P+\376\234\234j\026j\003{\353\216\352\365\340><)\210@\177'\343b""; previousledger: ""|\2003\266\274\251,W\006u\344\335d\003\306\212\313,\340\350bG\n\030Z\2732-\246\312\255\030""; ","proposeSeq: 0; currentTxHash: ""\000\000\000\000\000\000\000\000\000\000\000\000\000\000\000\000\000\000\000\000\000\000\000\000\000\000\000\000\000\000\000\000""; nodePubKey: ""\002\364d\217\366\217|\316F\232\231\241\n\261\333`\312O\367\235\025DD\336e\367\n\312\326\221\037\025\230""; closeTime: 803842795; signature: ""0E\002!\000\235^Us\333\202\270\373\342-\252;\277\362\2445\360F\3461\307\357\030\355\013\307X\272\355\360\312P\002 h#\276\200\252\336d\264P+\376\234\234j\026j\003{\353\216\352\365\340><)\210@\177'\343b""; previousledger: ""|\2003\266\274\251,W\006u\344\335d\003\306\212\313,\340\350bG\n\030Z\2732-\246\312\255\030""; "
1750527595438,1750527595438,0,1,4,1,TMProposeSet,"proposeSeq: 0; currentTxHash: ""\000\000\000\000\000\000\000\000\000\000\000\000\000\000\000\000\000\000\000\000\000\000\000\000\000\000\000\000\000\000\000\000""; nodePubKey: ""\002\364d\217\366\217|\316F\232\231\241\n\261\333`\312O\367\235\025DD\336e\367\n\312\326\221\037\025\230""; closeTime: 803842795; signature: ""0E\002!\000\235^Us\333\202\270\373\342-\252;\277\362\2445\360F\3461\307\357\030\355\013\307X\272\355\360\312P\002 h#\276\200\252\336d\264P+\376\234\234j\026j\003{\353\216\352\365\340><)\210@\177'\343b""; previousledger: ""|\2003\266\274\251,W\006u\344\335d\003\306\212\313,\340\350bG\n\030Z\2732-\246\312\255\030""; ","proposeSeq: 0; currentTxHash: ""\000\000\000\000\000\000\000\000\000\000\000\000\000\000\000\000\000\000\000\000\000\000\000\000\000\000\000\000\000\000\000\000""; nodePubKey: ""\002\364d\217\366\217|\316F\232\231\241\n\261\333`\312O\367\235\025DD\336e\367\n\312\326\221\037\025\230""; closeTime: 803842795; signature: ""0E\002!\000\235^Us\333\202\270\373\342-\252;\277\362\2445\360F\3461\307\357\030\355\013\307X\272\355\360\312P\002 h#\276\200\252\336d\264P+\376\234\234j\026j\003{\353\216\352\365\340><)\210@\177'\343b""; previousledger: ""|\2003\266\274\251,W\006u\344\335d\003\306\212\313,\340\350bG\n\030Z\2732-\246\312\255\030""; "
1750527595433,1750527595473,0,1,3,2,TMStatusChange,"newEvent: neCLOSING_LEDGER; ledgerSeq: 18; ledgerHash: ""|\2003\266\274\251,W\006u\344\335d\003\306\212\313,\340\350bG\n\030Z\2732-\246\312\255\030""; ledgerHashPrevious: ""7\271[~\n\237\274|\347\352@K\253~&\260\032\024\004B\200\255h\351\013\361\031:nG\211\005""; networkTime: 803842795; firstSeq: 1; lastSeq: 18; ","newEvent: neCLOSING_LEDGER; ledgerSeq: 18; ledgerHash: ""|\2003\266\274\251,W\006u\344\335d\003\306\212\313,\340\350bG\n\030Z\2732-\246\312\255\030""; ledgerHashPrevious: ""7\271[~\n\237\274|\347\352@K\253~&\260\032\024\004B\200\255h\351\013\361\031:nG\211\005""; networkTime: 803842795; firstSeq: 1; lastSeq: 18; "
1750527595433,1750527595473,0,1,3,0,TMStatusChange,"newEvent: neCLOSING_LEDGER; ledgerSeq: 18; ledgerHash: ""|\2003\266\274\251,W\006u\344\335d\003\306\212\313,\340\350bG\n\030Z\2732-\246\312\255\030""; ledgerHashPrevious: ""7\271[~\n\237\274|\347\352@K\253~&\260\032\024\004B\200\255h\351\013\361\031:nG\211\005""; networkTime: 803842795; firstSeq: 1; lastSeq: 18; ","newEvent: neCLOSING_LEDGER; ledgerSeq: 18; ledgerHash: ""|\2003\266\274\251,W\006u\344\335d\003\306\212\313,\340\350bG\n\030Z\2732-\246\312\255\030""; ledgerHashPrevious: ""7\271[~\n\237\274|\347\352@K\253~&\260\032\024\004B\200\255h\351\013\361\031:nG\211\005""; networkTime: 803842795; firstSeq: 1; lastSeq: 18; "
1750527595434,1750527595474,0,1,3,4,TMStatusChange,"newEvent: neCLOSING_LEDGER; ledgerSeq: 18; ledgerHash: ""|\2003\266\274\251,W\006u\344\335d\003\306\212\313,\340\350bG\n\030Z\2732-\246\312\255\030""; ledgerHashPrevious: ""7\271[~\n\237\274|\347\352@K\253~&\260\032\024\004B\200\255h\351\013\361\031:nG\211\005""; networkTime: 803842795; firstSeq: 1; lastSeq: 18; ","newEvent: neCLOSING_LEDGER; ledgerSeq: 18; ledgerHash: ""|\2003\266\274\251,W\006u\344\335d\003\306\212\313,\340\350bG\n\030Z\2732-\246\312\255\030""; ledgerHashPrevious: ""7\271[~\n\237\274|\347\352@K\253~&\260\032\024\004B\200\255h\351\013\361\031:nG\211\005""; networkTime: 803842795; firstSeq: 1; lastSeq: 18; "
1750527595434,1750527595475,0,1,3,1,TMStatusChange,"newEvent: neCLOSING_LEDGER; ledgerSeq: 18; ledgerHash: ""|\2003\266\274\251,W\006u\344\335d\003\306\212\313,\340\350bG\n\030Z\2732-\246\312\255\030""; ledgerHashPrevious: ""7\271[~\n\237\274|\347\352@K\253~&\260\032\024\004B\200\255h\351\013\361\031:nG\211\005""; networkTime: 803842795; firstSeq: 1; lastSeq: 18; ","newEvent: neCLOSING_LEDGER; ledgerSeq: 18; ledgerHash: ""|\2003\266\274\251,W\006u\344\335d\003\306\212\313,\340\350bG\n\030Z\2732-\246\312\255\030""; ledgerHashPrevious: ""7\271[~\n\237\274|\347\352@K\253~&\260\032\024\004B\200\255h\351\013\361\031:nG\211\005""; networkTime: 803842795; firstSeq: 1; lastSeq: 18; "
1750527595475,1750527595475,0,1,3,0,TMProposeSet,"proposeSeq: 0; currentTxHash: ""\000\000\000\000\000\000\000\000\000\000\000\000\000\000\000\000\000\000\000\000\000\000\000\000\000\000\000\000\000\000\000\000""; nodePubKey: ""\002\364d\217\366\217|\316F\232\231\241\n\261\333`\312O\367\235\025DD\336e\367\n\312\326\221\037\025\230""; closeTime: 803842795; signature: ""0E\002!\000\235^Us\333\202\270\373\342-\252;\277\362\2445\360F\3461\307\357\030\355\013\307X\272\355\360\312P\002 h#\276\200\252\336d\264P+\376\234\234j\026j\003{\353\216\352\365\340><)\210@\177'\343b""; previousledger: ""|\2003\266\274\251,W\006u\344\335d\003\306\212\313,\340\350bG\n\030Z\2732-\246\312\255\030""; ","proposeSeq: 0; currentTxHash: ""\000\000\000\000\000\000\000\000\000\000\000\000\000\000\000\000\000\000\000\000\000\000\000\000\000\000\000\000\000\000\000\000""; nodePubKey: ""\002\364d\217\366\217|\316F\232\231\241\n\261\333`\312O\367\235\025DD\336e\367\n\312\326\221\037\025\230""; closeTime: 803842795; signature: ""0E\002!\000\235^Us\333\202\270\373\342-\252;\277\362\2445\360F\3461\307\357\030\355\013\307X\272\355\360\312P\002 h#\276\200\252\336d\264P+\376\234\234j\026j\003{\353\216\352\365\340><)\210@\177'\343b""; previousledger: ""|\2003\266\274\251,W\006u\344\335d\003\306\212\313,\340\350bG\n\030Z\2732-\246\312\255\030""; "
1750527595476,1750527595476,0,1,3,1,TMProposeSet,"proposeSeq: 0; currentTxHash: ""\000\000\000\000\000\000\000\000\000\000\000\000\000\000\000\000\000\000\000\000\000\000\000\000\000\000\000\000\000\000\000\000""; nodePubKey: ""\002\364d\217\366\217|\316F\232\231\241\n\261\333`\312O\367\235\025DD\336e\367\n\312\326\221\037\025\230""; closeTime: 803842795; signature: ""0E\002!\000\235^Us\333\202\270\373\342-\252;\277\362\2445\360F\3461\307\357\030\355\013\307X\272\355\360\312P\002 h#\276\200\252\336d\264P+\376\234\234j\026j\003{\353\216\352\365\340><)\210@\177'\343b""; previousledger: ""|\2003\266\274\251,W\006u\344\335d\003\306\212\313,\340\350bG\n\030Z\2732-\246\312\255\030""; ","proposeSeq: 0; currentTxHash: ""\000\000\000\000\000\000\000\000\000\000\000\000\000\000\000\000\000\000\000\000\000\000\000\000\000\000\000\000\000\000\000\000""; nodePubKey: ""\002\364d\217\366\217|\316F\232\231\241\n\261\333`\312O\367\235\025DD\336e\367\n\312\326\221\037\025\230""; closeTime: 803842795; signature: ""0E\002!\000\235^Us\333\202\270\373\342-\252;\277\362\2445\360F\3461\307\357\030\355\013\307X\272\355\360\312P\002 h#\276\200\252\336d\264P+\376\234\234j\026j\003{\353\216\352\365\340><)\210@\177'\343b""; previousledger: ""|\2003\266\274\251,W\006u\344\335d\003\306\212\313,\340\350bG\n\030Z\2732-\246\312\255\030""; "
1750527595477,1750527595477,0,1,3,2,TMProposeSet,"proposeSeq: 0; currentTxHash: ""\000\000\000\000\000\000\000\000\000\000\000\000\000\000\000\000\000\000\000\000\000\000\000\000\000\000\000\000\000\000\000\000""; nodePubKey: ""\002\364d\217\366\217|\316F\232\231\241\n\261\333`\312O\367\235\025DD\336e\367\n\312\326\221\037\025\230""; closeTime: 803842795; signature: ""0E\002!\000\235^Us\333\202\270\373\342-\252;\277\362\2445\360F\3461\307\357\030\355\013\307X\272\355\360\312P\002 h#\276\200\252\336d\264P+\376\234\234j\026j\003{\353\216\352\365\340><)\210@\177'\343b""; previousledger: ""|\2003\266\274\251,W\006u\344\335d\003\306\212\313,\340\350bG\n\030Z\2732-\246\312\255\030""; ","proposeSeq: 0; currentTxHash: ""\000\000\000\000\000\000\000\000\000\000\000\000\000\000\000\000\000\000\000\000\000\000\000\000\000\000\000\000\000\000\000\000""; nodePubKey: ""\002\364d\217\366\217|\316F\232\231\241\n\261\333`\312O\367\235\025DD\336e\367\n\312\326\221\037\025\230""; closeTime: 803842795; signature: ""0E\002!\000\235^Us\333\202\270\373\342-\252;\277\362\2445\360F\3461\307\357\030\355\013\307X\272\355\360\312P\002 h#\276\200\252\336d\264P+\376\234\234j\026j\003{\353\216\352\365\340><)\210@\177'\343b""; previousledger: ""|\2003\266\274\251,W\006u\344\335d\003\306\212\313,\340\350bG\n\030Z\2732-\246\312\255\030""; "
1750527595597,1750527595597,0,1,4,3,TMProposeSet,"proposeSeq: 0; currentTxHash: ""\000\000\000\000\000\000\000\000\000\000\000\000\000\000\000\000\000\000\000\000\000\000\000\000\000\000\000\000\000\000\000\000""; nodePubKey: ""\003R7o\362bV\300hf\266\241;}\200^\374\240\203[:\342Q\225\221\027y\372\255\235\216\323~""; closeTime: 803842795; signature: ""0D\002 MeD\307\243\300f\212:\372L\344\245\220\232\217\373r\330\004\316L\023*\024\033\234\323\322xIg\002 )\377\027\272\303\330b\200H\343j\364K\026JU\202\3522\366q\374w\371\202.H\215\226k\323\245""; previousledger: ""|\2003\266\274\251,W\006u\344\335d\003\306\212\313,\340\350bG\n\030Z\2732-\246\312\255\030""; ","proposeSeq: 0; currentTxHash: ""\000\000\000\000\000\000\000\000\000\000\000\000\000\000\000\000\000\000\000\000\000\000\000\000\000\000\000\000\000\000\000\000""; nodePubKey: ""\003R7o\362bV\300hf\266\241;}\200^\374\240\203[:\342Q\225\221\027y\372\255\235\216\323~""; closeTime: 803842795; signature: ""0D\002 MeD\307\243\300f\212:\372L\344\245\220\232\217\373r\330\004\316L\023*\024\033\234\323\322xIg\002 )\377\027\272\303\330b\200H\343j\364K\026JU\202\3522\366q\374w\371\202.H\215\226k\323\245""; previousledger: ""|\2003\266\274\251,W\006u\344\335d\003\306\212\313,\340\350bG\n\030Z\2732-\246\312\255\030""; "
1750527595600,1750527595600,0,1,4,0,TMProposeSet,"proposeSeq: 0; currentTxHash: ""\000\000\000\000\000\000\000\000\000\000\000\000\000\000\000\000\000\000\000\000\000\000\000\000\000\000\000\000\000\000\000\000""; nodePubKey: ""\003R7o\362bV\300hf\266\241;}\200^\374\240\203[:\342Q\225\221\027y\372\255\235\216\323~""; closeTime: 803842795; signature: ""0D\002 MeD\307\243\300f\212:\372L\344\245\220\232\217\373r\330\004\316L\023*\024\033\234\323\322xIg\002 )\377\027\272\303\330b\200H\343j\364K\026JU\202\3522\366q\374w\371\202.H\215\226k\323\245""; previousledger: ""|\2003\266\274\251,W\006u\344\335d\003\306\212\313,\340\350bG\n\030Z\2732-\246\312\255\030""; ","proposeSeq: 0; currentTxHash: ""\000\000\000\000\000\000\000\000\000\000\000\000\000\000\000\000\000\000\000\000\000\000\000\000\000\000\000\000\000\000\000\000""; nodePubKey: ""\003R7o\362bV\300hf\266\241;}\200^\374\240\203[:\342Q\225\221\027y\372\255\235\216\323~""; closeTime: 803842795; signature: ""0D\002 MeD\307\243\300f\212:\372L\344\245\220\232\217\373r\330\004\316L\023*\024\033\234\323\322xIg\002 )\377\027\272\303\330b\200H\343j\364K\026JU\202\3522\366q\374w\371\202.H\215\226k\323\245""; previousledger: ""|\2003\266\274\251,W\006u\344\335d\003\306\212\313,\340\350bG\n\030Z\2732-\246\312\255\030""; "
1750527595600,1750527595601,0,1,4,1,TMProposeSet,"proposeSeq: 0; currentTxHash: ""\000\000\000\000\000\000\000\000\000\000\000\000\000\000\000\000\000\000\000\000\000\000\000\000\000\000\000\000\000\000\000\000""; nodePubKey: ""\003R7o\362bV\300hf\266\241;}\200^\374\240\203[:\342Q\225\221\027y\372\255\235\216\323~""; closeTime: 803842795; signature: ""0D\002 MeD\307\243\300f\212:\372L\344\245\220\232\217\373r\330\004\316L\023*\024\033\234\323\322xIg\002 )\377\027\272\303\330b\200H\343j\364K\026JU\202\3522\366q\374w\371\202.H\215\226k\323\245""; previousledger: ""|\2003\266\274\251,W\006u\344\335d\003\306\212\313,\340\350bG\n\030Z\2732-\246\312\255\030""; ","proposeSeq: 0; currentTxHash: ""\000\000\000\000\000\000\000\000\000\000\000\000\000\000\000\000\000\000\000\000\000\000\000\000\000\000\000\000\000\000\000\000""; nodePubKey: ""\003R7o\362bV\300hf\266\241;}\200^\374\240\203[:\342Q\225\221\027y\372\255\235\216\323~""; closeTime: 803842795; signature: ""0D\002 MeD\307\243\300f\212:\372L\344\245\220\232\217\373r\330\004\316L\023*\024\033\234\323\322xIg\002 )\377\027\272\303\330b\200H\343j\364K\026JU\202\3522\366q\374w\371\202.H\215\226k\323\245""; previousledger: ""|\2003\266\274\251,W\006u\344\335d\003\306\212\313,\340\350bG\n\030Z\2732-\246\312\255\030""; "
1750527595602,1750527595602,0,1,4,2,TMProposeSet,"proposeSeq: 0; currentTxHash: ""\000\000\000\000\000\000\000\000\000\000\000\000\000\000\000\000\000\000\000\000\000\000\000\000\000\000\000\000\000\000\000\000""; nodePubKey: ""\003R7o\362bV\300hf\266\241;}\200^\374\240\203[:\342Q\225\221\027y\372\255\235\216\323~""; closeTime: 803842795; signature: ""0D\002 MeD\307\243\300f\212:\372L\344\245\220\232\217\373r\330\004\316L\023*\024\033\234\323\322xIg\002 )\377\027\272\303\330b\200H\343j\364K\026JU\202\3522\366q\374w\371\202.H\215\226k\323\245""; previousledger: ""|\2003\266\274\251,W\006u\344\335d\003\306\212\313,\340\350bG\n\030Z\2732-\246\312\255\030""; ","proposeSeq: 0; currentTxHash: ""\000\000\000\000\000\000\000\000\000\000\000\000\000\000\000\000\000\000\000\000\000\000\000\000\000\000\000\000\000\000\000\000""; nodePubKey: ""\003R7o\362bV\300hf\266\241;}\200^\374\240\203[:\342Q\225\221\027y\372\255\235\216\323~""; closeTime: 803842795; signature: ""0D\002 MeD\307\243\300f\212:\372L\344\245\220\232\217\373r\330\004\316L\023*\024\033\234\323\322xIg\002 )\377\027\272\303\330b\200H\343j\364K\026JU\202\3522\366q\374w\371\202.H\215\226k\323\245""; previousledger: ""|\2003\266\274\251,W\006u\344\335d\003\306\212\313,\340\350bG\n\030Z\2732-\246\312\255\030""; "
1750527595603,1750527595603,0,1,3,0,TMProposeSet,"proposeSeq: 0; currentTxHash: ""\000\000\000\000\000\000\000\000\000\000\000\000\000\000\000\000\000\000\000\000\000\000\000\000\000\000\000\000\000\000\000\000""; nodePubKey: ""\003R7o\362bV\300hf\266\241;}\200^\374\240\203[:\342Q\225\221\027y\372\255\235\216\323~""; closeTime: 803842795; signature: ""0D\002 MeD\307\243\300f\212:\372L\344\245\220\232\217\373r\330\004\316L\023*\024\033\234\323\322xIg\002 )\377\027\272\303\330b\200H\343j\364K\026JU\202\3522\366q\374w\371\202.H\215\226k\323\245""; previousledger: ""|\2003\266\274\251,W\006u\344\335d\003\306\212\313,\340\350bG\n\030Z\2732-\246\312\255\030""; ","proposeSeq: 0; currentTxHash: ""\000\000\000\000\000\000\000\000\000\000\000\000\000\000\000\000\000\000\000\000\000\000\000\000\000\000\000\000\000\000\000\000""; nodePubKey: ""\003R7o\362bV\300hf\266\241;}\200^\374\240\203[:\342Q\225\221\027y\372\255\235\216\323~""; closeTime: 803842795; signature: ""0D\002 MeD\307\243\300f\212:\372L\344\245\220\232\217\373r\330\004\316L\023*\024\033\234\323\322xIg\002 )\377\027\272\303\330b\200H\343j\364K\026JU\202\3522\366q\374w\371\202.H\215\226k\323\245""; previousledger: ""|\2003\266\274\251,W\006u\344\335d\003\306\212\313,\340\350bG\n\030Z\2732-\246\312\255\030""; "
1750527595603,1750527595603,0,1,3,1,TMProposeSet,"proposeSeq: 0; currentTxHash: ""\000\000\000\000\000\000\000\000\000\000\000\000\000\000\000\000\000\000\000\000\000\000\000\000\000\000\000\000\000\000\000\000""; nodePubKey: ""\003R7o\362bV\300hf\266\241;}\200^\374\240\203[:\342Q\225\221\027y\372\255\235\216\323~""; closeTime: 803842795; signature: ""0D\002 MeD\307\243\300f\212:\372L\344\245\220\232\217\373r\330\004\316L\023*\024\033\234\323\322xIg\002 )\377\027\272\303\330b\200H\343j\364K\026JU\202\3522\366q\374w\371\202.H\215\226k\323\245""; previousledger: ""|\2003\266\274\251,W\006u\344\335d\003\306\212\313,\340\350bG\n\030Z\2732-\246\312\255\030""; ","proposeSeq: 0; currentTxHash: ""\000\000\000\000\000\000\000\000\000\000\000\000\000\000\000\000\000\000\000\000\000\000\000\000\000\000\000\000\000\000\000\000""; nodePubKey: ""\003R7o\362bV\300hf\266\241;}\200^\374\240\203[:\342Q\225\221\027y\372\255\235\216\323~""; closeTime: 803842795; signature: ""0D\002 MeD\307\243\300f\212:\372L\344\245\220\232\217\373r\330\004\316L\023*\024\033\234\323\322xIg\002 )\377\027\272\303\330b\200H\343j\364K\026JU\202\3522\366q\374w\371\202.H\215\226k\323\245""; previousledger: ""|\2003\266\274\251,W\006u\344\335d\003\306\212\313,\340\350bG\n\030Z\2732-\246\312\255\030""; "
1750527595603,1750527595603,0,1,3,2,TMProposeSet,"proposeSeq: 0; currentTxHash: ""\000\000\000\000\000\000\000\000\000\000\000\000\000\000\000\000\000\000\000\000\000\000\000\000\000\000\000\000\000\000\000\000""; nodePubKey: ""\003R7o\362bV\300hf\266\241;}\200^\374\240\203[:\342Q\225\221\027y\372\255\235\216\323~""; closeTime: 803842795; signature: ""0D\002 MeD\307\243\300f\212:\372L\344\245\220\232\217\373r\330\004\316L\023*\024\033\234\323\322xIg\002 )\377\027\272\303\330b\200H\343j\364K\026JU\202\3522\366q\374w\371\202.H\215\226k\323\245""; previousledger: ""|\2003\266\274\251,W\006u\344\335d\003\306\212\313,\340\350bG\n\030Z\2732-\246\312\255\030""; ","proposeSeq: 0; currentTxHash: ""\000\000\000\000\000\000\000\000\000\000\000\000\000\000\000\000\000\000\000\000\000\000\000\000\000\000\000\000\000\000\000\000""; nodePubKey: ""\003R7o\362bV\300hf\266\241;}\200^\374\240\203[:\342Q\225\221\027y\372\255\235\216\323~""; closeTime: 803842795; signature: ""0D\002 MeD\307\243\300f\212:\372L\344\245\220\232\217\373r\330\004\316L\023*\024\033\234\323\322xIg\002 )\377\027\272\303\330b\200H\343j\364K\026JU\202\3522\366q\374w\371\202.H\215\226k\323\245""; previousledger: ""|\2003\266\274\251,W\006u\344\335d\003\306\212\313,\340\350bG\n\030Z\2732-\246\312\255\030""; "
1750527595597,1750527595669,0,1,4,2,TMStatusChange,"newEvent: neCLOSING_LEDGER; ledgerSeq: 18; ledgerHash: ""|\2003\266\274\251,W\006u\344\335d\003\306\212\313,\340\350bG\n\030Z\2732-\246\312\255\030""; ledgerHashPrevious: ""7\271[~\n\237\274|\347\352@K\253~&\260\032\024\004B\200\255h\351\013\361\031:nG\211\005""; networkTime: 803842795; firstSeq: 1; lastSeq: 18; ","newEvent: neCLOSING_LEDGER; ledgerSeq: 18; ledgerHash: ""|\2003\266\274\251,W\006u\344\335d\003\306\212\313,\340\350bG\n\030Z\2732-\246\312\255\030""; ledgerHashPrevious: ""7\271[~\n\237\274|\347\352@K\253~&\260\032\024\004B\200\255h\351\013\361\031:nG\211\005""; networkTime: 803842795; firstSeq: 1; lastSeq: 18; "
1750527595601,1750527595671,0,1,4,0,TMStatusChange,"newEvent: neCLOSING_LEDGER; ledgerSeq: 18; ledgerHash: ""|\2003\266\274\251,W\006u\344\335d\003\306\212\313,\340\350bG\n\030Z\2732-\246\312\255\030""; ledgerHashPrevious: ""7\271[~\n\237\274|\347\352@K\253~&\260\032\024\004B\200\255h\351\013\361\031:nG\211\005""; networkTime: 803842795; firstSeq: 1; lastSeq: 18; ","newEvent: neCLOSING_LEDGER; ledgerSeq: 18; ledgerHash: ""|\2003\266\274\251,W\006u\344\335d\003\306\212\313,\340\350bG\n\030Z\2732-\246\312\255\030""; ledgerHashPrevious: ""7\271[~\n\237\274|\347\352@K\253~&\260\032\024\004B\200\255h\351\013\361\031:nG\211\005""; networkTime: 803842795; firstSeq: 1; lastSeq: 18; "
1750527595601,1750527595671,0,1,4,3,TMStatusChange,"newEvent: neCLOSING_LEDGER; ledgerSeq: 18; ledgerHash: ""|\2003\266\274\251,W\006u\344\335d\003\306\212\313,\340\350bG\n\030Z\2732-\246\312\255\030""; ledgerHashPrevious: ""7\271[~\n\237\274|\347\352@K\253~&\260\032\024\004B\200\255h\351\013\361\031:nG\211\005""; networkTime: 803842795; firstSeq: 1; lastSeq: 18; ","newEvent: neCLOSING_LEDGER; ledgerSeq: 18; ledgerHash: ""|\2003\266\274\251,W\006u\344\335d\003\306\212\313,\340\350bG\n\030Z\2732-\246\312\255\030""; ledgerHashPrevious: ""7\271[~\n\237\274|\347\352@K\253~&\260\032\024\004B\200\255h\351\013\361\031:nG\211\005""; networkTime: 803842795; firstSeq: 1; lastSeq: 18; "
1750527595599,1750527595670,0,1,4,1,TMStatusChange,"newEvent: neCLOSING_LEDGER; ledgerSeq: 18; ledgerHash: ""|\2003\266\274\251,W\006u\344\335d\003\306\212\313,\340\350bG\n\030Z\2732-\246\312\255\030""; ledgerHashPrevious: ""7\271[~\n\237\274|\347\352@K\253~&\260\032\024\004B\200\255h\351\013\361\031:nG\211\005""; networkTime: 803842795; firstSeq: 1; lastSeq: 18; ","newEvent: neCLOSING_LEDGER; ledgerSeq: 18; ledgerHash: ""|\2003\266\274\251,W\006u\344\335d\003\306\212\313,\340\350bG\n\030Z\2732-\246\312\255\030""; ledgerHashPrevious: ""7\271[~\n\237\274|\347\352@K\253~&\260\032\024\004B\200\255h\351\013\361\031:nG\211\005""; networkTime: 803842795; firstSeq: 1; lastSeq: 18; "
1750527595672,1750527595672,0,1,1,4,TMStatusChange,"newEvent: neACCEPTED_LEDGER; ledgerSeq: 10; ledgerHash: ""\365\236\003\240\370\374\346\010(\376\005\316\217\025\177S\rdM\262\311\333\n\266Ve\363\337\n8\037\207""; ledgerHashPrevious: ""jJ\0073\322w\263\2705Q\201j\360\025W\030~)ml\365\027\305\033\225;Y6g>*1""; networkTime: 803842795; firstSeq: 1; lastSeq: 18; ","newEvent: neACCEPTED_LEDGER; ledgerSeq: 10; ledgerHash: ""\365\236\003\240\370\374\346\010(\376\005\316\217\025\177S\rdM\262\311\333\n\266Ve\363\337\n8\037\207""; ledgerHashPrevious: ""jJ\0073\322w\263\2705Q\201j\360\025W\030~)ml\365\027\305\033\225;Y6g>*1""; networkTime: 803842795; firstSeq: 1; lastSeq: 18; "
1750527595674,1750527595674,0,1,1,3,TMStatusChange,"newEvent: neACCEPTED_LEDGER; ledgerSeq: 10; ledgerHash: ""\365\236\003\240\370\374\346\010(\376\005\316\217\025\177S\rdM\262\311\333\n\266Ve\363\337\n8\037\207""; ledgerHashPrevious: ""jJ\0073\322w\263\2705Q\201j\360\025W\030~)ml\365\027\305\033\225;Y6g>*1""; networkTime: 803842795; firstSeq: 1; lastSeq: 18; ","newEvent: neACCEPTED_LEDGER; ledgerSeq: 10; ledgerHash: ""\365\236\003\240\370\374\346\010(\376\005\316\217\025\177S\rdM\262\311\333\n\266Ve\363\337\n8\037\207""; ledgerHashPrevious: ""jJ\0073\322w\263\2705Q\201j\360\025W\030~)ml\365\027\305\033\225;Y6g>*1""; networkTime: 803842795; firstSeq: 1; lastSeq: 18; "
1750527595676,1750527595677,0,1,1,2,TMStatusChange,"newEvent: neACCEPTED_LEDGER; ledgerSeq: 10; ledgerHash: ""\365\236\003\240\370\374\346\010(\376\005\316\217\025\177S\rdM\262\311\333\n\266Ve\363\337\n8\037\207""; ledgerHashPrevious: ""jJ\0073\322w\263\2705Q\201j\360\025W\030~)ml\365\027\305\033\225;Y6g>*1""; networkTime: 803842795; firstSeq: 1; lastSeq: 18; ","newEvent: neACCEPTED_LEDGER; ledgerSeq: 10; ledgerHash: ""\365\236\003\240\370\374\346\010(\376\005\316\217\025\177S\rdM\262\311\333\n\266Ve\363\337\n8\037\207""; ledgerHashPrevious: ""jJ\0073\322w\263\2705Q\201j\360\025W\030~)ml\365\027\305\033\225;Y6g>*1""; networkTime: 803842795; firstSeq: 1; lastSeq: 18; "
1750527595677,1750527595677,0,1,1,0,TMStatusChange,"newEvent: neACCEPTED_LEDGER; ledgerSeq: 10; ledgerHash: ""\365\236\003\240\370\374\346\010(\376\005\316\217\025\177S\rdM\262\311\333\n\266Ve\363\337\n8\037\207""; ledgerHashPrevious: ""jJ\0073\322w\263\2705Q\201j\360\025W\030~)ml\365\027\305\033\225;Y6g>*1""; networkTime: 803842795; firstSeq: 1; lastSeq: 18; ","newEvent: neACCEPTED_LEDGER; ledgerSeq: 10; ledgerHash: ""\365\236\003\240\370\374\346\010(\376\005\316\217\025\177S\rdM\262\311\333\n\266Ve\363\337\n8\037\207""; ledgerHashPrevious: ""jJ\0073\322w\263\2705Q\201j\360\025W\030~)ml\365\027\305\033\225;Y6g>*1""; networkTime: 803842795; firstSeq: 1; lastSeq: 18; "
1750527597433,1750527597434,0,1,3,4,TMValidation,"validation: """"\200\000\000\001&\000\000\000\023)/\351\252\355:p\210\265\307-\212\200\004Q\003\235207\005}D\260\0261ah\322M\304\216\273m0\271\234\237\007<w$\265C\245\232\033P\027\000\000\000\000\000\000\000\000\000\000\000\000\000\000\000\000\000\000\000\000\000\000\000\000\000\000\000\000\000\000\000\000P\031|\2003\266\274\251,W\006u\344\335d\003\306\212\313,\340\350bG\n\030Z\2732-\246\312\255\030s!\002\364d\217\366\217|\316F\232\231\241\n\261\333`\312O\367\235\025DD\336e\367\n\312\326\221\037\025\230vF0D\002 u\010\024\347l\010H+\223\217\371\020\310\277TF\006\034q\335\004\332g1\353Z,\231\261\tzz\002 MF\033\003\020\340FP\212]\032\270^\312\037\007\306\352\225Zd\230\363c/c\231|\266\305\342A""; ","validation: """"\200\000\000\001&\000\000\000\023)/\351\252\355:p\210\265\307-\212\200\004Q\003\235207\005}D\260\0261ah\322M\304\216\273m0\271\234\237\007<w$\265C\245\232\033P\027\000\000\000\000\000\000\000\000\000\000\000\000\000\000\000\000\000\000\000\000\000\000\000\000\000\000\000\000\000\000\000\000P\031|\2003\266\274\251,W\006u\344\335d\003\306\212\313,\340\350bG\n\030Z\2732-\246\312\255\030s!\002\364d\217\366\217|\316F\232\231\241\n\261\333`\312O\367\235\025DD\336e\367\n\312\326\221\037\025\230vF0D\002 u\010\024\347l\010H+\223\217\371\020\310\277TF\006\034q\335\004\332g1\353Z,\231\261\tzz\002 MF\033\003\020\340FP\212]\032\270^\312\037\007\306\352\225Zd\230\363c/c\231|\266\305\342A""; "
1750527597435,1750527597435,0,1,3,2,TMValidation,"validation: """"\200\000\000\001&\000\000\000\023)/\351\252\355:p\210\265\307-\212\200\004Q\003\235207\005}D\260\0261ah\322M\304\216\273m0\271\234\237\007<w$\265C\245\232\033P\027\000\000\000\000\000\000\000\000\000\000\000\000\000\000\000\000\000\000\000\000\000\000\000\000\000\000\000\000\000\000\000\000P\031|\2003\266\274\251,W\006u\344\335d\003\306\212\313,\340\350bG\n\030Z\2732-\246\312\255\030s!\002\364d\217\366\217|\316F\232\231\241\n\261\333`\312O\367\235\025DD\336e\367\n\312\326\221\037\025\230vF0D\002 u\010\024\347l\010H+\223\217\371\020\310\277TF\006\034q\335\004\332g1\353Z,\231\261\tzz\002 MF\033\003\020\340FP\212]\032\270^\312\037\007\306\352\225Zd\230\363c/c\231|\266\305\342A""; ","validation: """"\200\000\000\001&\000\000\000\023)/\351\252\355:p\210\265\307-\212\200\004Q\003\235207\005}D\260\0261ah\322M\304\216\273m0\271\234\237\007<w$\265C\245\232\033P\027\000\000\000\000\000\000\000\000\000\000\000\000\000\000\000\000\000\000\000\000\000\000\000\000\000\000\000\000\000\000\000\000P\031|\2003\266\274\251,W\006u\344\335d\003\306\212\313,\340\350bG\n\030Z\2732-\246\312\255\030s!\002\364d\217\366\217|\316F\232\231\241\n\261\333`\312O\367\235\025DD\336e\367\n\312\326\221\037\025\230vF0D\002 u\010\024\347l\010H+\223\217\371\020\310\277TF\006\034q\335\004\332g1\353Z,\231\261\tzz\002 MF\033\003\020\340FP\212]\032\270^\312\037\007\306\352\225Zd\230\363c/c\231|\266\305\342A""; "
1750527597434,1750527597434,0,1,3,4,TMStatusChange,"newEvent: neACCEPTED_LEDGER; ledgerSeq: 19; ledgerHash: ""\003\235207\005}D\260\0261ah\322M\304\216\273m0\271\234\237\007<w$\265C\245\232\033""; ledgerHashPrevious: ""|\2003\266\274\251,W\006u\344\335d\003\306\212\313,\340\350bG\n\030Z\2732-\246\312\255\030""; networkTime: 803842797; firstSeq: 1; lastSeq: 18; ","newEvent: neACCEPTED_LEDGER; ledgerSeq: 19; ledgerHash: ""\003\235207\005}D\260\0261ah\322M\304\216\273m0\271\234\237\007<w$\265C\245\232\033""; ledgerHashPrevious: ""|\2003\266\274\251,W\006u\344\335d\003\306\212\313,\340\350bG\n\030Z\2732-\246\312\255\030""; networkTime: 803842797; firstSeq: 1; lastSeq: 18; "
1750527597436,1750527597436,0,1,3,2,TMStatusChange,"newEvent: neACCEPTED_LEDGER; ledgerSeq: 19; ledgerHash: ""\003\235207\005}D\260\0261ah\322M\304\216\273m0\271\234\237\007<w$\265C\245\232\033""; ledgerHashPrevious: ""|\2003\266\274\251,W\006u\344\335d\003\306\212\313,\340\350bG\n\030Z\2732-\246\312\255\030""; networkTime: 803842797; firstSeq: 1; lastSeq: 18; ","newEvent: neACCEPTED_LEDGER; ledgerSeq: 19; ledgerHash: ""\003\235207\005}D\260\0261ah\322M\304\216\273m0\271\234\237\007<w$\265C\245\232\033""; ledgerHashPrevious: ""|\2003\266\274\251,W\006u\344\335d\003\306\212\313,\340\350bG\n\030Z\2732-\246\312\255\030""; networkTime: 803842797; firstSeq: 1; lastSeq: 18; "
1750527597436,1750527597437,0,1,3,1,TMValidation,"validation: """"\200\000\000\001&\000\000\000\023)/\351\252\355:p\210\265\307-\212\200\004Q\003\235207\005}D\260\0261ah\322M\304\216\273m0\271\234\237\007<w$\265C\245\232\033P\027\000\000\000\000\000\000\000\000\000\000\000\000\000\000\000\000\000\000\000\000\000\000\000\000\000\000\000\000\000\000\000\000P\031|\2003\266\274\251,W\006u\344\335d\003\306\212\313,\340\350bG\n\030Z\2732-\246\312\255\030s!\002\364d\217\366\217|\316F\232\231\241\n\261\333`\312O\367\235\025DD\336e\367\n\312\326\221\037\025\230vF0D\002 u\010\024\347l\010H+\223\217\371\020\310\277TF\006\034q\335\004\332g1\353Z,\231\261\tzz\002 MF\033\003\020\340FP\212]\032\270^\312\037\007\306\352\225Zd\230\363c/c\231|\266\305\342A""; ","validation: """"\200\000\000\001&\000\000\000\023)/\351\252\355:p\210\265\307-\212\200\004Q\003\235207\005}D\260\0261ah\322M\304\216\273m0\271\234\237\007<w$\265C\245\232\033P\027\000\000\000\000\000\000\000\000\000\000\000\000\000\000\000\000\000\000\000\000\000\000\000\000\000\000\000\000\000\000\000\000P\031|\2003\266\274\251,W\006u\344\335d\003\306\212\313,\340\350bG\n\030Z\2732-\246\312\255\030s!\002\364d\217\366\217|\316F\232\231\241\n\261\333`\312O\367\235\025DD\336e\367\n\312\326\221\037\025\230vF0D\002 u\010\024\347l\010H+\223\217\371\020\310\277TF\006\034q\335\004\332g1\353Z,\231\261\tzz\002 MF\033\003\020\340FP\212]\032\270^\312\037\007\306\352\225Zd\230\363c/c\231|\266\305\342A""; "
1750527597437,1750527597437,0,1,3,0,TMValidation,"validation: """"\200\000\000\001&\000\000\000\023)/\351\252\355:p\210\265\307-\212\200\004Q\003\235207\005}D\260\0261ah\322M\304\216\273m0\271\234\237\007<w$\265C\245\232\033P\027\000\000\000\000\000\000\000\000\000\000\000\000\000\000\000\000\000\000\000\000\000\000\000\000\000\000\000\000\000\000\000\000P\031|\2003\266\274\251,W\006u\344\335d\003\306\212\313,\340\350bG\n\030Z\2732-\246\312\255\030s!\002\364d\217\366\217|\316F\232\231\241\n\261\333`\312O\367\235\025DD\336e\367\n\312\326\221\037\025\230vF0D\002 u\010\024\347l\010H+\223\217\371\020\310\277TF\006\034q\335\004\332g1\353Z,\231\261\tzz\002 MF\033\003\020\340FP\212]\032\270^\312\037\007\306\352\225Zd\230\363c/c\231|\266\305\342A""; ","validation: """"\200\000\000\001&\000\000\000\023)/\351\252\355:p\210\265\307-\212\200\004Q\003\235207\005}D\260\0261ah\322M\304\216\273m0\271\234\237\007<w$\265C\245\232\033P\027\000\000\000\000\000\000\000\000\000\000\000\000\000\000\000\000\000\000\000\000\000\000\000\000\000\000\000\000\000\000\000\000P\031|\2003\266\274\251,W\006u\344\335d\003\306\212\313,\340\350bG\n\030Z\2732-\246\312\255\030s!\002\364d\217\366\217|\316F\232\231\241\n\261\333`\312O\367\235\025DD\336e\367\n\312\326\221\037\025\230vF0D\002 u\010\024\347l\010H+\223\217\371\020\310\277TF\006\034q\335\004\332g1\353Z,\231\261\tzz\002 MF\033\003\020\340FP\212]\032\270^\312\037\007\306\352\225Zd\230\363c/c\231|\266\305\342A""; "
1750527597438,1750527597438,0,1,3,1,TMStatusChange,"newEvent: neACCEPTED_LEDGER; ledgerSeq: 19; ledgerHash: ""\003\235207\005}D\260\0261ah\322M\304\216\273m0\271\234\237\007<w$\265C\245\232\033""; ledgerHashPrevious: ""|\2003\266\274\251,W\006u\344\335d\003\306\212\313,\340\350bG\n\030Z\2732-\246\312\255\030""; networkTime: 803842797; firstSeq: 1; lastSeq: 18; ","newEvent: neACCEPTED_LEDGER; ledgerSeq: 19; ledgerHash: ""\003\235207\005}D\260\0261ah\322M\304\216\273m0\271\234\237\007<w$\265C\245\232\033""; ledgerHashPrevious: ""|\2003\266\274\251,W\006u\344\335d\003\306\212\313,\340\350bG\n\030Z\2732-\246\312\255\030""; networkTime: 803842797; firstSeq: 1; lastSeq: 18; "
1750527597439,1750527597439,0,1,3,0,TMStatusChange,"newEvent: neACCEPTED_LEDGER; ledgerSeq: 19; ledgerHash: ""\003\235207\005}D\260\0261ah\322M\304\216\273m0\271\234\237\007<w$\265C\245\232\033""; ledgerHashPrevious: ""|\2003\266\274\251,W\006u\344\335d\003\306\212\313,\340\350bG\n\030Z\2732-\246\312\255\030""; networkTime: 803842797; firstSeq: 1; lastSeq: 18; ","newEvent: neACCEPTED_LEDGER; ledgerSeq: 19; ledgerHash: ""\003\235207\005}D\260\0261ah\322M\304\216\273m0\271\234\237\007<w$\265C\245\232\033""; ledgerHashPrevious: ""|\2003\266\274\251,W\006u\344\335d\003\306\212\313,\340\350bG\n\030Z\2732-\246\312\255\030""; networkTime: 803842797; firstSeq: 1; lastSeq: 18; "
1750527597439,1750527597439,0,1,4,2,TMValidation,"validation: """"\200\000\000\001&\000\000\000\023)/\351\252\355:p\210\265\307-\212\200\004Q\003\235207\005}D\260\0261ah\322M\304\216\273m0\271\234\237\007<w$\265C\245\232\033P\027\000\000\000\000\000\000\000\000\000\000\000\000\000\000\000\000\000\000\000\000\000\000\000\000\000\000\000\000\000\000\000\000P\031|\2003\266\274\251,W\006u\344\335d\003\306\212\313,\340\350bG\n\030Z\2732-\246\312\255\030s!\002\364d\217\366\217|\316F\232\231\241\n\261\333`\312O\367\235\025DD\336e\367\n\312\326\221\037\025\230vF0D\002 u\010\024\347l\010H+\223\217\371\020\310\277TF\006\034q\335\004\332g1\353Z,\231\261\tzz\002 MF\033\003\020\340FP\212]\032\270^\312\037\007\306\352\225Zd\230\363c/c\231|\266\305\342A""; ","validation: """"\200\000\000\001&\000\000\000\023)/\351\252\355:p\210\265\307-\212\200\004Q\003\235207\005}D\260\0261ah\322M\304\216\273m0\271\234\237\007<w$\265C\245\232\033P\027\000\000\000\000\000\000\000\000\000\000\000\000\000\000\000\000\000\000\000\000\000\000\000\000\000\000\000\000\000\000\000\000P\031|\2003\266\274\251,W\006u\344\335d\003\306\212\313,\340\350bG\n\030Z\2732-\246\312\255\030s!\002\364d\217\366\217|\316F\232\231\241\n\261\333`\312O\367\235\025DD\336e\367\n\312\326\221\037\025\230vF0D\002 u\010\024\347l\010H+\223\217\371\020\310\277TF\006\034q\335\004\332g1\353Z,\231\261\tzz\002 MF\033\003\020\340FP\212]\032\270^\312\037\007\306\352\225Zd\230\363c/c\231|\266\305\342A""; "
1750527597440,1750527597440,0,1,4,3,TMGetLedger,"itype: liBASE; ledgerHash: ""\003\235207\005}D\260\0261ah\322M\304\216\273m0\271\234\237\007<w$\265C\245\232\033""; ","itype: liBASE; ledgerHash: ""\003\235207\005}D\260\0261ah\322M\304\216\273m0\271\234\237\007<w$\265C\245\232\033""; "
1750527597441,1750527597441,0,1,4,1,TMGetLedger,"itype: liBASE; ledgerHash: ""\003\235207\005}D\260\0261ah\322M\304\216\273m0\271\234\237\007<w$\265C\245\232\033""; ","itype: liBASE; ledgerHash: ""\003\235207\005}D\260\0261ah\322M\304\216\273m0\271\234\237\007<w$\265C\245\232\033""; "
1750527597441,1750527597441,0,1,4,1,TMValidation,"validation: """"\200\000\000\001&\000\000\000\023)/\351\252\355:p\210\265\307-\212\200\004Q\003\235207\005}D\260\0261ah\322M\304\216\273m0\271\234\237\007<w$\265C\245\232\033P\027\000\000\000\000\000\000\000\000\000\000\000\000\000\000\000\000\000\000\000\000\000\000\000\000\000\000\000\000\000\000\000\000P\031|\2003\266\274\251,W\006u\344\335d\003\306\212\313,\340\350bG\n\030Z\2732-\246\312\255\030s!\002\364d\217\366\217|\316F\232\231\241\n\261\333`\312O\367\235\025DD\336e\367\n\312\326\221\037\025\230vF0D\002 u\010\024\347l\010H+\223\217\371\020\310\277TF\006\034q\335\004\332g1\353Z,\231\261\tzz\002 MF\033\003\020\340FP\212]\032\270^\312\037\007\306\352\225Zd\230\363c/c\231|\266\305\342A""; ","validation: """"\200\000\000\001&\000\000\000\023)/\351\252\355:p\210\265\307-\212\200\004Q\003\235207\005}D\260\0261ah\322M\304\216\273m0\271\234\237\007<w$\265C\245\232\033P\027\000\000\000\000\000\000\000\000\000\000\000\000\000\000\000\000\000\000\000\000\000\000\000\000\000\000\000\000\000\000\000\000P\031|\2003\266\274\251,W\006u\344\335d\003\306\212\313,\340\350bG\n\030Z\2732-\246\312\255\030s!\002\364d\217\366\217|\316F\232\231\241\n\261\333`\312O\367\235\025DD\336e\367\n\312\326\221\037\025\230vF0D\002 u\010\024\347l\010H+\223\217\371\020\310\277TF\006\034q\335\004\332g1\353Z,\231\261\tzz\002 MF\033\003\020\340FP\212]\032\270^\312\037\007\306\352\225Zd\230\363c/c\231|\266\305\342A""; "
1750527597442,1750527597442,0,1,4,0,TMGetLedger,"itype: liBASE; ledgerHash: ""\003\235207\005}D\260\0261ah\322M\304\216\273m0\271\234\237\007<w$\265C\245\232\033""; ","itype: liBASE; ledgerHash: ""\003\235207\005}D\260\0261ah\322M\304\216\273m0\271\234\237\007<w$\265C\245\232\033""; "
1750527597443,1750527597443,0,1,4,0,TMValidation,"validation: """"\200\000\000\001&\000\000\000\023)/\351\252\355:p\210\265\307-\212\200\004Q\003\235207\005}D\260\0261ah\322M\304\216\273m0\271\234\237\007<w$\265C\245\232\033P\027\000\000\000\000\000\000\000\000\000\000\000\000\000\000\000\000\000\000\000\000\000\000\000\000\000\000\000\000\000\000\000\000P\031|\2003\266\274\251,W\006u\344\335d\003\306\212\313,\340\350bG\n\030Z\2732-\246\312\255\030s!\002\364d\217\366\217|\316F\232\231\241\n\261\333`\312O\367\235\025DD\336e\367\n\312\326\221\037\025\230vF0D\002 u\010\024\347l\010H+\223\217\371\020\310\277TF\006\034q\335\004\332g1\353Z,\231\261\tzz\002 MF\033\003\020\340FP\212]\032\270^\312\037\007\306\352\225Zd\230\363c/c\231|\266\305\342A""; ","validation: """"\200\000\000\001&\000\000\000\023)/\351\252\355:p\210\265\307-\212\200\004Q\003\235207\005}D\260\0261ah\322M\304\216\273m0\271\234\237\007<w$\265C\245\232\033P\027\000\000\000\000\000\000\000\000\000\000\000\000\000\000\000\000\000\000\000\000\000\000\000\000\000\000\000\000\000\000\000\000P\031|\2003\266\274\251,W\006u\344\335d\003\306\212\313,\340\350bG\n\030Z\2732-\246\312\255\030s!\002\364d\217\366\217|\316F\232\231\241\n\261\333`\312O\367\235\025DD\336e\367\n\312\326\221\037\025\230vF0D\002 u\010\024\347l\010H+\223\217\371\020\310\277TF\006\034q\335\004\332g1\353Z,\231\261\tzz\002 MF\033\003\020\340FP\212]\032\270^\312\037\007\306\352\225Zd\230\363c/c\231|\266\305\342A""; "
1750527597443,1750527597444,0,1,4,2,TMGetLedger,"itype: liBASE; ledgerHash: ""\003\235207\005}D\260\0261ah\322M\304\216\273m0\271\234\237\007<w$\265C\245\232\033""; ","itype: liBASE; ledgerHash: ""\003\235207\005}D\260\0261ah\322M\304\216\273m0\271\234\237\007<w$\265C\245\232\033""; "
1750527597444,1750527597444,0,1,4,0,TMGetLedger,"itype: liBASE; ledgerHash: ""\003\235207\005}D\260\0261ah\322M\304\216\273m0\271\234\237\007<w$\265C\245\232\033""; queryType: qtINDIRECT; ","itype: liBASE; ledgerHash: ""\003\235207\005}D\260\0261ah\322M\304\216\273m0\271\234\237\007<w$\265C\245\232\033""; queryType: qtINDIRECT; "
1750527597445,1750527597445,0,1,4,1,TMGetLedger,"itype: liBASE; ledgerHash: ""\003\235207\005}D\260\0261ah\322M\304\216\273m0\271\234\237\007<w$\265C\245\232\033""; queryType: qtINDIRECT; ","itype: liBASE; ledgerHash: ""\003\235207\005}D\260\0261ah\322M\304\216\273m0\271\234\237\007<w$\265C\245\232\033""; queryType: qtINDIRECT; "
1750527597446,1750527597447,0,1,4,2,TMGetLedger,"itype: liBASE; ledgerHash: ""\003\235207\005}D\260\0261ah\322M\304\216\273m0\271\234\237\007<w$\265C\245\232\033""; queryType: qtINDIRECT; ","itype: liBASE; ledgerHash: ""\003\235207\005}D\260\0261ah\322M\304\216\273m0\271\234\237\007<w$\265C\245\232\033""; queryType: qtINDIRECT; "
1750527597447,1750527597447,0,1,4,3,TMGetLedger,"itype: liBASE; ledgerHash: ""\003\235207\005}D\260\0261ah\322M\304\216\273m0\271\234\237\007<w$\265C\245\232\033""; queryType: qtINDIRECT; ","itype: liBASE; ledgerHash: ""\003\235207\005}D\260\0261ah\322M\304\216\273m0\271\234\237\007<w$\265C\245\232\033""; queryType: qtINDIRECT; "
1750527597448,1750527597448,0,1,2,0,TMGetLedger,"itype: liBASE; ledgerHash: ""\003\235207\005}D\260\0261ah\322M\304\216\273m0\271\234\237\007<w$\265C\245\232\033""; ","itype: liBASE; ledgerHash: ""\003\235207\005}D\260\0261ah\322M\304\216\273m0\271\234\237\007<w$\265C\245\232\033""; "
1750527597449,1750527597449,0,1,2,4,TMGetLedger,"itype: liBASE; ledgerHash: ""\003\235207\005}D\260\0261ah\322M\304\216\273m0\271\234\237\007<w$\265C\245\232\033""; ","itype: liBASE; ledgerHash: ""\003\235207\005}D\260\0261ah\322M\304\216\273m0\271\234\237\007<w$\265C\245\232\033""; "
1750527597449,1750527597449,0,1,2,1,TMGetLedger,"itype: liBASE; ledgerHash: ""\003\235207\005}D\260\0261ah\322M\304\216\273m0\271\234\237\007<w$\265C\245\232\033""; ","itype: liBASE; ledgerHash: ""\003\235207\005}D\260\0261ah\322M\304\216\273m0\271\234\237\007<w$\265C\245\232\033""; "
1750527597459,1750527597459,0,1,2,3,TMGetLedger,"itype: liBASE; ledgerHash: ""\003\235207\005}D\260\0261ah\322M\304\216\273m0\271\234\237\007<w$\265C\245\232\033""; ","itype: liBASE; ledgerHash: ""\003\235207\005}D\260\0261ah\322M\304\216\273m0\271\234\237\007<w$\265C\245\232\033""; "
1750527597460,1750527597460,0,1,2,3,TMGetLedger,"itype: liBASE; ledgerHash: ""\003\235207\005}D\260\0261ah\322M\304\216\273m0\271\234\237\007<w$\265C\245\232\033""; queryType: qtINDIRECT; ","itype: liBASE; ledgerHash: ""\003\235207\005}D\260\0261ah\322M\304\216\273m0\271\234\237\007<w$\265C\245\232\033""; queryType: qtINDIRECT; "
1750527597461,1750527597461,0,1,1,0,TMGetLedger,"itype: liBASE; ledgerHash: ""\003\235207\005}D\260\0261ah\322M\304\216\273m0\271\234\237\007<w$\265C\245\232\033""; ledgerSeq: 19; ","itype: liBASE; ledgerHash: ""\003\235207\005}D\260\0261ah\322M\304\216\273m0\271\234\237\007<w$\265C\245\232\033""; ledgerSeq: 19; "
1750527597461,1750527597461,0,1,1,3,TMGetLedger,"itype: liBASE; ledgerHash: ""\003\235207\005}D\260\0261ah\322M\304\216\273m0\271\234\237\007<w$\265C\245\232\033""; ledgerSeq: 19; ","itype: liBASE; ledgerHash: ""\003\235207\005}D\260\0261ah\322M\304\216\273m0\271\234\237\007<w$\265C\245\232\033""; ledgerSeq: 19; "
1750527597463,1750527597463,0,1,1,2,TMGetLedger,"itype: liBASE; ledgerHash: ""\003\235207\005}D\260\0261ah\322M\304\216\273m0\271\234\237\007<w$\265C\245\232\033""; ledgerSeq: 19; ","itype: liBASE; ledgerHash: ""\003\235207\005}D\260\0261ah\322M\304\216\273m0\271\234\237\007<w$\265C\245\232\033""; ledgerSeq: 19; "
1750527597463,1750527597463,0,1,1,4,TMGetLedger,"itype: liBASE; ledgerHash: ""\003\235207\005}D\260\0261ah\322M\304\216\273m0\271\234\237\007<w$\265C\245\232\033""; ledgerSeq: 19; ","itype: liBASE; ledgerHash: ""\003\235207\005}D\260\0261ah\322M\304\216\273m0\271\234\237\007<w$\265C\245\232\033""; ledgerSeq: 19; "
1750527597464,1750527597464,0,1,1,2,TMValidation,"validation: """"\200\000\000\001&\000\000\000\023)/\351\252\355:p\210\265\307-\212\200\004Q\003\235207\005}D\260\0261ah\322M\304\216\273m0\271\234\237\007<w$\265C\245\232\033P\027\000\000\000\000\000\000\000\000\000\000\000\000\000\000\000\000\000\000\000\000\000\000\000\000\000\000\000\000\000\000\000\000P\031|\2003\266\274\251,W\006u\344\335d\003\306\212\313,\340\350bG\n\030Z\2732-\246\312\255\030s!\002\364d\217\366\217|\316F\232\231\241\n\261\333`\312O\367\235\025DD\336e\367\n\312\326\221\037\025\230vF0D\002 u\010\024\347l\010H+\223\217\371\020\310\277TF\006\034q\335\004\332g1\353Z,\231\261\tzz\002 MF\033\003\020\340FP\212]\032\270^\312\037\007\306\352\225Zd\230\363c/c\231|\266\305\342A""; ","validation: """"\200\000\000\001&\000\000\000\023)/\351\252\355:p\210\265\307-\212\200\004Q\003\235207\005}D\260\0261ah\322M\304\216\273m0\271\234\237\007<w$\265C\245\232\033P\027\000\000\000\000\000\000\000\000\000\000\000\000\000\000\000\000\000\000\000\000\000\000\000\000\000\000\000\000\000\000\000\000P\031|\2003\266\274\251,W\006u\344\335d\003\306\212\313,\340\350bG\n\030Z\2732-\246\312\255\030s!\002\364d\217\366\217|\316F\232\231\241\n\261\333`\312O\367\235\025DD\336e\367\n\312\326\221\037\025\230vF0D\002 u\010\024\347l\010H+\223\217\371\020\310\277TF\006\034q\335\004\332g1\353Z,\231\261\tzz\002 MF\033\003\020\340FP\212]\032\270^\312\037\007\306\352\225Zd\230\363c/c\231|\266\305\342A""; "
1750527597464,1750527597464,0,1,1,2,TMGetLedger,"itype: liBASE; ledgerHash: ""\003\235207\005}D\260\0261ah\322M\304\216\273m0\271\234\237\007<w$\265C\245\232\033""; ledgerSeq: 19; queryType: qtINDIRECT; ","itype: liBASE; ledgerHash: ""\003\235207\005}D\260\0261ah\322M\304\216\273m0\271\234\237\007<w$\265C\245\232\033""; ledgerSeq: 19; queryType: qtINDIRECT; "
1750527597465,1750527597465,0,1,1,0,TMValidation,"validation: """"\200\000\000\001&\000\000\000\023)/\351\252\355:p\210\265\307-\212\200\004Q\003\235207\005}D\260\0261ah\322M\304\216\273m0\271\234\237\007<w$\265C\245\232\033P\027\000\000\000\000\000\000\000\000\000\000\000\000\000\000\000\000\000\000\000\000\000\000\000\000\000\000\000\000\000\000\000\000P\031|\2003\266\274\251,W\006u\344\335d\003\306\212\313,\340\350bG\n\030Z\2732-\246\312\255\030s!\002\364d\217\366\217|\316F\232\231\241\n\261\333`\312O\367\235\025DD\336e\367\n\312\326\221\037\025\230vF0D\002 u\010\024\347l\010H+\223\217\371\020\310\277TF\006\034q\335\004\332g1\353Z,\231\261\tzz\002 MF\033\003\020\340FP\212]\032\270^\312\037\007\306\352\225Zd\230\363c/c\231|\266\305\342A""; ","validation: """"\200\000\000\001&\000\000\000\023)/\351\252\355:p\210\265\307-\212\200\004Q\003\235207\005}D\260\0261ah\322M\304\216\273m0\271\234\237\007<w$\265C\245\232\033P\027\000\000\000\000\000\000\000\000\000\000\000\000\000\000\000\000\000\000\000\000\000\000\000\000\000\000\000\000\000\000\000\000P\031|\2003\266\274\251,W\006u\344\335d\003\306\212\313,\340\350bG\n\030Z\2732-\246\312\255\030s!\002\364d\217\366\217|\316F\232\231\241\n\261\333`\312O\367\235\025DD\336e\367\n\312\326\221\037\025\230vF0D\002 u\010\024\347l\010H+\223\217\371\020\310\277TF\006\034q\335\004\332g1\353Z,\231\261\tzz\002 MF\033\003\020\340FP\212]\032\270^\312\037\007\306\352\225Zd\230\363c/c\231|\266\305\342A""; "
1750527597465,1750527597466,0,1,1,3,TMGetLedger,"itype: liBASE; ledgerHash: ""\003\235207\005}D\260\0261ah\322M\304\216\273m0\271\234\237\007<w$\265C\245\232\033""; ledgerSeq: 19; queryType: qtINDIRECT; ","itype: liBASE; ledgerHash: ""\003\235207\005}D\260\0261ah\322M\304\216\273m0\271\234\237\007<w$\265C\245\232\033""; ledgerSeq: 19; queryType: qtINDIRECT; "
1750527597466,1750527597466,0,1,1,0,TMGetLedger,"itype: liBASE; ledgerHash: ""\003\235207\005}D\260\0261ah\322M\304\216\273m0\271\234\237\007<w$\265C\245\232\033""; ledgerSeq: 19; queryType: qtINDIRECT; ","itype: liBASE; ledgerHash: ""\003\235207\005}D\260\0261ah\322M\304\216\273m0\271\234\237\007<w$\265C\245\232\033""; ledgerSeq: 19; queryType: qtINDIRECT; "
1750527597467,1750527597467,0,1,0,4,TMGetLedger,"itype: liBASE; ledgerHash: ""\003\235207\005}D\260\0261ah\322M\304\216\273m0\271\234\237\007<w$\265C\245\232\033""; ","itype: liBASE; ledgerHash: ""\003\235207\005}D\260\0261ah\322M\304\216\273m0\271\234\237\007<w$\265C\245\232\033""; "
1750527597467,1750527597467,0,1,0,1,TMGetLedger,"itype: liBASE; ledgerHash: ""\003\235207\005}D\260\0261ah\322M\304\216\273m0\271\234\237\007<w$\265C\245\232\033""; ","itype: liBASE; ledgerHash: ""\003\235207\005}D\260\0261ah\322M\304\216\273m0\271\234\237\007<w$\265C\245\232\033""; "
1750527597468,1750527597468,0,1,0,2,TMGetLedger,"itype: liBASE; ledgerHash: ""\003\235207\005}D\260\0261ah\322M\304\216\273m0\271\234\237\007<w$\265C\245\232\033""; ","itype: liBASE; ledgerHash: ""\003\235207\005}D\260\0261ah\322M\304\216\273m0\271\234\237\007<w$\265C\245\232\033""; "
1750527597469,1750527597469,0,1,0,3,TMGetLedger,"itype: liBASE; ledgerHash: ""\003\235207\005}D\260\0261ah\322M\304\216\273m0\271\234\237\007<w$\265C\245\232\033""; ","itype: liBASE; ledgerHash: ""\003\235207\005}D\260\0261ah\322M\304\216\273m0\271\234\237\007<w$\265C\245\232\033""; "
1750527597469,1750527597469,0,1,0,3,TMGetLedger,"itype: liBASE; ledgerHash: ""\003\235207\005}D\260\0261ah\322M\304\216\273m0\271\234\237\007<w$\265C\245\232\033""; queryType: qtINDIRECT; ","itype: liBASE; ledgerHash: ""\003\235207\005}D\260\0261ah\322M\304\216\273m0\271\234\237\007<w$\265C\245\232\033""; queryType: qtINDIRECT; "
1750527597470,1750527597470,0,1,2,4,TMGetLedger,"itype: liBASE; ledgerHash: ""\003\235207\005}D\260\0261ah\322M\304\216\273m0\271\234\237\007<w$\265C\245\232\033""; queryType: qtINDIRECT; ","itype: liBASE; ledgerHash: ""\003\235207\005}D\260\0261ah\322M\304\216\273m0\271\234\237\007<w$\265C\245\232\033""; queryType: qtINDIRECT; "
1750527597470,1750527597471,0,1,2,4,TMValidation,"validation: """"\200\000\000\001&\000\000\000\023)/\351\252\355:p\210\265\307-\212\200\004Q\003\235207\005}D\260\0261ah\322M\304\216\273m0\271\234\237\007<w$\265C\245\232\033P\027\000\000\000\000\000\000\000\000\000\000\000\000\000\000\000\000\000\000\000\000\000\000\000\000\000\000\000\000\000\000\000\000P\031|\2003\266\274\251,W\006u\344\335d\003\306\212\313,\340\350bG\n\030Z\2732-\246\312\255\030s!\002\364d\217\366\217|\316F\232\231\241\n\261\333`\312O\367\235\025DD\336e\367\n\312\326\221\037\025\230vF0D\002 u\010\024\347l\010H+\223\217\371\020\310\277TF\006\034q\335\004\332g1\353Z,\231\261\tzz\002 MF\033\003\020\340FP\212]\032\270^\312\037\007\306\352\225Zd\230\363c/c\231|\266\305\342A""; ","validation: """"\200\000\000\001&\000\000\000\023)/\351\252\355:p\210\265\307-\212\200\004Q\003\235207\005}D\260\0261ah\322M\304\216\273m0\271\234\237\007<w$\265C\245\232\033P\027\000\000\000\000\000\000\000\000\000\000\000\000\000\000\000\000\000\000\000\000\000\000\000\000\000\000\000\000\000\000\000\000P\031|\2003\266\274\251,W\006u\344\335d\003\306\212\313,\340\350bG\n\030Z\2732-\246\312\255\030s!\002\364d\217\366\217|\316F\232\231\241\n\261\333`\312O\367\235\025DD\336e\367\n\312\326\221\037\025\230vF0D\002 u\010\024\347l\010H+\223\217\371\020\310\277TF\006\034q\335\004\332g1\353Z,\231\261\tzz\002 MF\033\003\020\340FP\212]\032\270^\312\037\007\306\352\225Zd\230\363c/c\231|\266\305\342A""; "
1750527597471,1750527597472,0,1,3,4,TMLedgerData,"ledgerHash: ""\003\235207\005}D\260\0261ah\322M\304\216\273m0\271\234\237\007<w$\265C\245\232\033""; ledgerSeq: 19; type: liBASE; nodes {;   nodedata: ""\000\000\000\023\001cEx]\211\377\330|\2003\266\274\251,W\006u\344\335d\003\306\212\313,\340\350bG\n\030Z\2732-\246\312\255\030\000\000\000\000\000\000\000\000\000\000\000\000\000\000\000\000\000\000\000\000\000\000\000\000\000\000\000\000\000\000\000\0002\033\323\372\322CsAt\3575\020 \236hz\005q\255\334\221\372\377i\247\203\024\007G!\357\255/\351\252\350/\351\252\360\n\000""; }; nodes {;   nodedata: ""\323C\344\327\264{\312-\017:\006{\177\344N\002\326bO\260\220\006\033\362\345\005U\221DzJ0\001\301\025%1L\307\t\261\262z\374\222T\301\274V\236\223\262\270Ct\362\337b\356\024*\324\320\351\317\002k\336\234\027v\351\217\260\303\360\233ZPZWr\246$w\313\313\r\243r\232\2234\373\3539:N\004Q\245\272D\312D\300\300\t\323\0257\345e\271\na\215{\226\255x%T\257\037\333\004\344_/R\006E\344\037@\210\363\010\336T\226\247'\204_{\261\370""1\235\2445\343\033Y!\212\201\341\272\225'\007\362\221\033?d\207\347\304d\377\317>V8\004!\2317\320\331r\231yPKw\215\036\306\275\222\273\013\003""; }; ","ledgerHash: ""\003\235207\005}D\260\0261ah\322M\304\216\273m0\271\234\237\007<w$\265C\245\232\033""; ledgerSeq: 19; type: liBASE; nodes {;   nodedata: ""\000\000\000\023\001cEx]\211\377\330|\2003\266\274\251,W\006u\344\335d\003\306\212\313,\340\350bG\n\030Z\2732-\246\312\255\030\000\000\000\000\000\000\000\000\000\000\000\000\000\000\000\000\000\000\000\000\000\000\000\000\000\000\000\000\000\000\000\0002\033\323\372\322CsAt\3575\020 \236hz\005q\255\334\221\372\377i\247\203\024\007G!\357\255/\351\252\350/\351\252\360\n\000""; }; nodes {;   nodedata: ""\323C\344\327\264{\312-\017:\006{\177\344N\002\326bO\260\220\006\033\362\345\005U\221DzJ0\001\301\025%1L\307\t\261\262z\374\222T\301\274V\236\223\262\270Ct\362\337b\356\024*\324\320\351\317\002k\336\234\027v\351\217\260\303\360\233ZPZWr\246$w\313\313\r\243r\232\2234\373\3539:N\004Q\245\272D\312D\300\300\t\323\0257\345e\271\na\215{\226\255x%T\257\037\333\004\344_/R\006E\344\037@\210\363\010\336T\226\247'\204_{\261\370""1\235\2445\343\033Y!\212\201\341\272\225'\007\362\221\033?d\207\347\304d\377\317>V8\004!\2317\320\331r\231yPKw\215\036\306\275\222\273\013\003""; }; "
1750527597472,1750527597472,0,1,1,4,TMGetLedger,"itype: liBASE; ledgerHash: ""\003\235207\005}D\260\0261ah\322M\304\216\273m0\271\234\237\007<w$\265C\245\232\033""; ledgerSeq: 19; queryType: qtINDIRECT; ","itype: liBASE; ledgerHash: ""\003\235207\005}D\260\0261ah\322M\304\216\273m0\271\234\237\007<w$\265C\245\232\033""; ledgerSeq: 19; queryType: qtINDIRECT; "
1750527597473,1750527597473,0,1,1,4,TMValidation,"validation: """"\200\000\000\001&\000\000\000\023)/\351\252\355:p\210\265\307-\212\200\004Q\003\235207\005}D\260\0261ah\322M\304\216\273m0\271\234\237\007<w$\265C\245\232\033P\027\000\000\000\000\000\000\000\000\000\000\000\000\000\000\000\000\000\000\000\000\000\000\000\000\000\000\000\000\000\000\000\000P\031|\2003\266\274\251,W\006u\344\335d\003\306\212\313,\340\350bG\n\030Z\2732-\246\312\255\030s!\002\364d\217\366\217|\316F\232\231\241\n\261\333`\312O\367\235\025DD\336e\367\n\312\326\221\037\025\230vF0D\002 u\010\024\347l\010H+\223\217\371\020\310\277TF\006\034q\335\004\332g1\353Z,\231\261\tzz\002 MF\033\003\020\340FP\212]\032\270^\312\037\007\306\352\225Zd\230\363c/c\231|\266\305\342A""; ","validation: """"\200\000\000\001&\000\000\000\023)/\351\252\355:p\210\265\307-\212\200\004Q\003\235207\005}D\260\0261ah\322M\304\216\273m0\271\234\237\007<w$\265C\245\232\033P\027\000\000\000\000\000\000\000\000\000\000\000\000\000\000\000\000\000\000\000\000\000\000\000\000\000\000\000\000\000\000\000\000P\031|\2003\266\274\251,W\006u\344\335d\003\306\212\313,\340\350bG\n\030Z\2732-\246\312\255\030s!\002\364d\217\366\217|\316F\232\231\241\n\261\333`\312O\367\235\025DD\336e\367\n\312\326\221\037\025\230vF0D\002 u\010\024\347l\010H+\223\217\371\020\310\277TF\006\034q\335\004\332g1\353Z,\231\261\tzz\002 MF\033\003\020\340FP\212]\032\270^\312\037\007\306\352\225Zd\230\363c/c\231|\266\305\342A""; "
1750527597473,1750527597473,0,1,0,4,TMValidation,"validation: """"\200\000\000\001&\000\000\000\023)/\351\252\355:p\210\265\307-\212\200\004Q\003\235207\005}D\260\0261ah\322M\304\216\273m0\271\234\237\007<w$\265C\245\232\033P\027\000\000\000\000\000\000\000\000\000\000\000\000\000\000\000\000\000\000\000\000\000\000\000\000\000\000\000\000\000\000\000\000P\031|\2003\266\274\251,W\006u\344\335d\003\306\212\313,\340\350bG\n\030Z\2732-\246\312\255\030s!\002\364d\217\366\217|\316F\232\231\241\n\261\333`\312O\367\235\025DD\336e\367\n\312\326\221\037\025\230vF0D\002 u\010\024\347l\010H+\223\217\371\020\310\277TF\006\034q\335\004\332g1\353Z,\231\261\tzz\002 MF\033\003\020\340FP\212]\032\270^\312\037\007\306\352\225Zd\230\363c/c\231|\266\305\342A""; ","validation: """"\200\000\000\001&\000\000\000\023)/\351\252\355:p\210\265\307-\212\200\004Q\003\235207\005}D\260\0261ah\322M\304\216\273m0\271\234\237\007<w$\265C\245\232\033P\027\000\000\000\000\000\000\000\000\000\000\000\000\000\000\000\000\000\000\000\000\000\000\000\000\000\000\000\000\000\000\000\000P\031|\2003\266\274\251,W\006u\344\335d\003\306\212\313,\340\350bG\n\030Z\2732-\246\312\255\030s!\002\364d\217\366\217|\316F\232\231\241\n\261\333`\312O\367\235\025DD\336e\367\n\312\326\221\037\025\230vF0D\002 u\010\024\347l\010H+\223\217\371\020\310\277TF\006\034q\335\004\332g1\353Z,\231\261\tzz\002 MF\033\003\020\340FP\212]\032\270^\312\037\007\306\352\225Zd\230\363c/c\231|\266\305\342A""; "
1750527597474,1750527597474,0,1,0,4,TMGetLedger,"itype: liBASE; ledgerHash: ""\003\235207\005}D\260\0261ah\322M\304\216\273m0\271\234\237\007<w$\265C\245\232\033""; queryType: qtINDIRECT; ","itype: liBASE; ledgerHash: ""\003\235207\005}D\260\0261ah\322M\304\216\273m0\271\234\237\007<w$\265C\245\232\033""; queryType: qtINDIRECT; "
1750527597474,1750527597474,0,1,1,3,TMGetLedger,"itype: liBASE; ledgerHash: ""\003\235207\005}D\260\0261ah\322M\304\216\273m0\271\234\237\007<w$\265C\245\232\033""; requestCookie: 5; queryType: qtINDIRECT; ","itype: liBASE; ledgerHash: ""\003\235207\005}D\260\0261ah\322M\304\216\273m0\271\234\237\007<w$\265C\245\232\033""; requestCookie: 5; queryType: qtINDIRECT; "
1750527597475,1750527597475,0,1,3,4,TMLedgerData,"ledgerHash: ""\003\235207\005}D\260\0261ah\322M\304\216\273m0\271\234\237\007<w$\265C\245\232\033""; ledgerSeq: 19; type: liBASE; nodes {;   nodedata: ""\000\000\000\023\001cEx]\211\377\330|\2003\266\274\251,W\006u\344\335d\003\306\212\313,\340\350bG\n\030Z\2732-\246\312\255\030\000\000\000\000\000\000\000\000\000\000\000\000\000\000\000\000\000\000\000\000\000\000\000\000\000\000\000\000\000\000\000\0002\033\323\372\322CsAt\3575\020 \236hz\005q\255\334\221\372\377i\247\203\024\007G!\357\255/\351\252\350/\351\252\360\n\000""; }; nodes {;   nodedata: ""\323C\344\327\264{\312-\017:\006{\177\344N\002\326bO\260\220\006\033\362\345\005U\221DzJ0\001\301\025%1L\307\t\261\262z\374\222T\301\274V\236\223\262\270Ct\362\337b\356\024*\324\320\351\317\002k\336\234\027v\351\217\260\303\360\233ZPZWr\246$w\313\313\r\243r\232\2234\373\3539:N\004Q\245\272D\312D\300\300\t\323\0257\345e\271\na\215{\226\255x%T\257\037\333\004\344_/R\006E\344\037@\210\363\010\336T\226\247'\204_{\261\370""1\235\2445\343\033Y!\212\201\341\272\225'\007\362\221\033?d\207\347\304d\377\317>V8\004!\2317\320\331r\231yPKw\215\036\306\275\222\273\013\003""; }; ","ledgerHash: ""\003\235207\005}D\260\0261ah\322M\304\216\273m0\271\234\237\007<w$\265C\245\232\033""; ledgerSeq: 19; type: liBASE; nodes {;   nodedata: ""\000\000\000\023\001cEx]\211\377\330|\2003\266\274\251,W\006u\344\335d\003\306\212\313,\340\350bG\n\030Z\2732-\246\312\255\030\000\000\000\000\000\000\000\000\000\000\000\000\000\000\000\000\000\000\000\000\000\000\000\000\000\000\000\000\000\000\000\0002\033\323\372\322CsAt\3575\020 \236hz\005q\255\334\221\372\377i\247\203\024\007G!\357\255/\351\252\350/\351\252\360\n\000""; }; nodes {;   nodedata: ""\323C\344\327\264{\312-\017:\006{\177\344N\002\326bO\260\220\006\033\362\345\005U\221DzJ0\001\301\025%1L\307\t\261\262z\374\222T\301\274V\236\223\262\270Ct\362\337b\356\024*\324\320\351\317\002k\336\234\027v\351\217\260\303\360\233ZPZWr\246$w\313\313\r\243r\232\2234\373\3539:N\004Q\245\272D\312D\300\300\t\323\0257\345e\271\na\215{\226\255x%T\257\037\333\004\344_/R\006E\344\037@\210\363\010\336T\226\247'\204_{\261\370""1\235\2445\343\033Y!\212\201\341\272\225'\007\362\221\033?d\207\347\304d\377\317>V8\004!\2317\320\331r\231yPKw\215\036\306\275\222\273\013\003""; }; "
1750527597475,1750527597475,0,1,0,2,TMGetLedger,"itype: liBASE; ledgerHash: ""\003\235207\005}D\260\0261ah\322M\304\216\273m0\271\234\237\007<w$\265C\245\232\033""; queryType: qtINDIRECT; ","itype: liBASE; ledgerHash: ""\003\235207\005}D\260\0261ah\322M\304\216\273m0\271\234\237\007<w$\265C\245\232\033""; queryType: qtINDIRECT; "
1750527597476,1750527597476,0,1,0,2,TMValidation,"validation: """"\200\000\000\001&\000\000\000\023)/\351\252\355:p\210\265\307-\212\200\004Q\003\235207\005}D\260\0261ah\322M\304\216\273m0\271\234\237\007<w$\265C\245\232\033P\027\000\000\000\000\000\000\000\000\000\000\000\000\000\000\000\000\000\000\000\000\000\000\000\000\000\000\000\000\000\000\000\000P\031|\2003\266\274\251,W\006u\344\335d\003\306\212\313,\340\350bG\n\030Z\2732-\246\312\255\030s!\002\364d\217\366\217|\316F\232\231\241\n\261\333`\312O\367\235\025DD\336e\367\n\312\326\221\037\025\230vF0D\002 u\010\024\347l\010H+\223\217\371\020\310\277TF\006\034q\335\004\332g1\353Z,\231\261\tzz\002 MF\033\003\020\340FP\212]\032\270^\312\037\007\306\352\225Zd\230\363c/c\231|\266\305\342A""; ","validation: """"\200\000\000\001&\000\000\000\023)/\351\252\355:p\210\265\307-\212\200\004Q\003\235207\005}D\260\0261ah\322M\304\216\273m0\271\234\237\007<w$\265C\245\232\033P\027\000\000\000\000\000\000\000\000\000\000\000\000\000\000\000\000\000\000\000\000\000\000\000\000\000\000\000\000\000\000\000\000P\031|\2003\266\274\251,W\006u\344\335d\003\306\212\313,\340\350bG\n\030Z\2732-\246\312\255\030s!\002\364d\217\366\217|\316F\232\231\241\n\261\333`\312O\367\235\025DD\336e\367\n\312\326\221\037\025\230vF0D\002 u\010\024\347l\010H+\223\217\371\020\310\277TF\006\034q\335\004\332g1\353Z,\231\261\tzz\002 MF\033\003\020\340FP\212]\032\270^\312\037\007\306\352\225Zd\230\363c/c\231|\266\305\342A""; "
1750527597477,1750527597477,0,1,3,2,TMLedgerData,"ledgerHash: ""\003\235207\005}D\260\0261ah\322M\304\216\273m0\271\234\237\007<w$\265C\245\232\033""; ledgerSeq: 19; type: liBASE; nodes {;   nodedata: ""\000\000\000\023\001cEx]\211\377\330|\2003\266\274\251,W\006u\344\335d\003\306\212\313,\340\350bG\n\030Z\2732-\246\312\255\030\000\000\000\000\000\000\000\000\000\000\000\000\000\000\000\000\000\000\000\000\000\000\000\000\000\000\000\000\000\000\000\0002\033\323\372\322CsAt\3575\020 \236hz\005q\255\334\221\372\377i\247\203\024\007G!\357\255/\351\252\350/\351\252\360\n\000""; }; nodes {;   nodedata: ""\323C\344\327\264{\312-\017:\006{\177\344N\002\326bO\260\220\006\033\362\345\005U\221DzJ0\001\301\025%1L\307\t\261\262z\374\222T\301\274V\236\223\262\270Ct\362\337b\356\024*\324\320\351\317\002k\336\234\027v\351\217\260\303\360\233ZPZWr\246$w\313\313\r\243r\232\2234\373\3539:N\004Q\245\272D\312D\300\300\t\323\0257\345e\271\na\215{\226\255x%T\257\037\333\004\344_/R\006E\344\037@\210\363\010\336T\226\247'\204_{\261\370""1\235\2445\343\033Y!\212\201\341\272\225'\007\362\221\033?d\207\347\304d\377\317>V8\004!\2317\320\331r\231yPKw\215\036\306\275\222\273\013\003""; }; ","ledgerHash: ""\003\235207\005}D\260\0261ah\322M\304\216\273m0\271\234\237\007<w$\265C\245\232\033""; ledgerSeq: 19; type: liBASE; nodes {;   nodedata: ""\000\000\000\023\001cEx]\211\377\330|\2003\266\274\251,W\006u\344\335d\003\306\212\313,\340\350bG\n\030Z\2732-\246\312\255\030\000\000\000\000\000\000\000\000\000\000\000\000\000\000\000\000\000\000\000\000\000\000\000\000\000\000\000\000\000\000\000\0002\033\323\372\322CsAt\3575\020 \236hz\005q\255\334\221\372\377i\247\203\024\007G!\357\255/\351\252\350/\351\252\360\n\000""; }; nodes {;   nodedata: ""\323C\344\327\264{\312-\017:\006{\177\344N\002\326bO\260\220\006\033\362\345\005U\221DzJ0\001\301\025%1L\307\t\261\262z\374\222T\301\274V\236\223\262\270Ct\362\337b\356\024*\324\320\351\317\002k\336\234\027v\351\217\260\303\360\233ZPZWr\246$w\313\313\r\243r\232\2234\373\3539:N\004Q\245\272D\312D\300\300\t\323\0257\345e\271\na\215{\226\255x%T\257\037\333\004\344_/R\006E\344\037@\210\363\010\336T\226\247'\204_{\261\370""1\235\2445\343\033Y!\212\201\341\272\225'\007\362\221\033?d\207\347\304d\377\317>V8\004!\2317\320\331r\231yPKw\215\036\306\275\222\273\013\003""; }; "
1750527597477,1750527597478,0,1,3,2,TMLedgerData,"ledgerHash: ""\003\235207\005}D\260\0261ah\322M\304\216\273m0\271\234\237\007<w$\265C\245\232\033""; ledgerSeq: 19; type: liBASE; nodes {;   nodedata: ""\000\000\000\023\001cEx]\211\377\330|\2003\266\274\251,W\006u\344\335d\003\306\212\313,\340\350bG\n\030Z\2732-\246\312\255\030\000\000\000\000\000\000\000\000\000\000\000\000\000\000\000\000\000\000\000\000\000\000\000\000\000\000\000\000\000\000\000\0002\033\323\372\322CsAt\3575\020 \236hz\005q\255\334\221\372\377i\247\203\024\007G!\357\255/\351\252\350/\351\252\360\n\000""; }; nodes {;   nodedata: ""\323C\344\327\264{\312-\017:\006{\177\344N\002\326bO\260\220\006\033\362\345\005U\221DzJ0\001\301\025%1L\307\t\261\262z\374\222T\301\274V\236\223\262\270Ct\362\337b\356\024*\324\320\351\317\002k\336\234\027v\351\217\260\303\360\233ZPZWr\246$w\313\313\r\243r\232\2234\373\3539:N\004Q\245\272D\312D\300\300\t\323\0257\345e\271\na\215{\226\255x%T\257\037\333\004\344_/R\006E\344\037@\210\363\010\336T\226\247'\204_{\261\370""1\235\2445\343\033Y!\212\201\341\272\225'\007\362\221\033?d\207\347\304d\377\317>V8\004!\2317\320\331r\231yPKw\215\036\306\275\222\273\013\003""; }; ","ledgerHash: ""\003\235207\005}D\260\0261ah\322M\304\216\273m0\271\234\237\007<w$\265C\245\232\033""; ledgerSeq: 19; type: liBASE; nodes {;   nodedata: ""\000\000\000\023\001cEx]\211\377\330|\2003\266\274\251,W\006u\344\335d\003\306\212\313,\340\350bG\n\030Z\2732-\246\312\255\030\000\000\000\000\000\000\000\000\000\000\000\000\000\000\000\000\000\000\000\000\000\000\000\000\000\000\000\000\000\000\000\0002\033\323\372\322CsAt\3575\020 \236hz\005q\255\334\221\372\377i\247\203\024\007G!\357\255/\351\252\350/\351\252\360\n\000""; }; nodes {;   nodedata: ""\323C\344\327\264{\312-\017:\006{\177\344N\002\326bO\260\220\006\033\362\345\005U\221DzJ0\001\301\025%1L\307\t\261\262z\374\222T\301\274V\236\223\262\270Ct\362\337b\356\024*\324\320\351\317\002k\336\234\027v\351\217\260\303\360\233ZPZWr\246$w\313\313\r\243r\232\2234\373\3539:N\004Q\245\272D\312D\300\300\t\323\0257\345e\271\na\215{\226\255x%T\257\037\333\004\344_/R\006E\344\037@\210\363\010\336T\226\247'\204_{\261\370""1\235\2445\343\033Y!\212\201\341\272\225'\007\362\221\033?d\207\347\304d\377\317>V8\004!\2317\320\331r\231yPKw\215\036\306\275\222\273\013\003""; }; "
1750527597478,1750527597478,0,1,0,1,TMGetLedger,"itype: liBASE; ledgerHash: ""\003\235207\005}D\260\0261ah\322M\304\216\273m0\271\234\237\007<w$\265C\245\232\033""; queryType: qtINDIRECT; ","itype: liBASE; ledgerHash: ""\003\235207\005}D\260\0261ah\322M\304\216\273m0\271\234\237\007<w$\265C\245\232\033""; queryType: qtINDIRECT; "
1750527597479,1750527597479,0,1,0,1,TMValidation,"validation: """"\200\000\000\001&\000\000\000\023)/\351\252\355:p\210\265\307-\212\200\004Q\003\235207\005}D\260\0261ah\322M\304\216\273m0\271\234\237\007<w$\265C\245\232\033P\027\000\000\000\000\000\000\000\000\000\000\000\000\000\000\000\000\000\000\000\000\000\000\000\000\000\000\000\000\000\000\000\000P\031|\2003\266\274\251,W\006u\344\335d\003\306\212\313,\340\350bG\n\030Z\2732-\246\312\255\030s!\002\364d\217\366\217|\316F\232\231\241\n\261\333`\312O\367\235\025DD\336e\367\n\312\326\221\037\025\230vF0D\002 u\010\024\347l\010H+\223\217\371\020\310\277TF\006\034q\335\004\332g1\353Z,\231\261\tzz\002 MF\033\003\020\340FP\212]\032\270^\312\037\007\306\352\225Zd\230\363c/c\231|\266\305\342A""; ","validation: """"\200\000\000\001&\000\000\000\023)/\351\252\355:p\210\265\307-\212\200\004Q\003\235207\005}D\260\0261ah\322M\304\216\273m0\271\234\237\007<w$\265C\245\232\033P\027\000\000\000\000\000\000\000\000\000\000\000\000\000\000\000\000\000\000\000\000\000\000\000\000\000\000\000\000\000\000\000\000P\031|\2003\266\274\251,W\006u\344\335d\003\306\212\313,\340\350bG\n\030Z\2732-\246\312\255\030s!\002\364d\217\366\217|\316F\232\231\241\n\261\333`\312O\367\235\025DD\336e\367\n\312\326\221\037\025\230vF0D\002 u\010\024\347l\010H+\223\217\371\020\310\277TF\006\034q\335\004\332g1\353Z,\231\261\tzz\002 MF\033\003\020\340FP\212]\032\270^\312\037\007\306\352\225Zd\230\363c/c\231|\266\305\342A""; "
1750527597480,1750527597480,0,1,3,1,TMLedgerData,"ledgerHash: ""\003\235207\005}D\260\0261ah\322M\304\216\273m0\271\234\237\007<w$\265C\245\232\033""; ledgerSeq: 19; type: liBASE; nodes {;   nodedata: ""\000\000\000\023\001cEx]\211\377\330|\2003\266\274\251,W\006u\344\335d\003\306\212\313,\340\350bG\n\030Z\2732-\246\312\255\030\000\000\000\000\000\000\000\000\000\000\000\000\000\000\000\000\000\000\000\000\000\000\000\000\000\000\000\000\000\000\000\0002\033\323\372\322CsAt\3575\020 \236hz\005q\255\334\221\372\377i\247\203\024\007G!\357\255/\351\252\350/\351\252\360\n\000""; }; nodes {;   nodedata: ""\323C\344\327\264{\312-\017:\006{\177\344N\002\326bO\260\220\006\033\362\345\005U\221DzJ0\001\301\025%1L\307\t\261\262z\374\222T\301\274V\236\223\262\270Ct\362\337b\356\024*\324\320\351\317\002k\336\234\027v\351\217\260\303\360\233ZPZWr\246$w\313\313\r\243r\232\2234\373\3539:N\004Q\245\272D\312D\300\300\t\323\0257\345e\271\na\215{\226\255x%T\257\037\333\004\344_/R\006E\344\037@\210\363\010\336T\226\247'\204_{\261\370""1\235\2445\343\033Y!\212\201\341\272\225'\007\362\221\033?d\207\347\304d\377\317>V8\004!\2317\320\331r\231yPKw\215\036\306\275\222\273\013\003""; }; ","ledgerHash: ""\003\235207\005}D\260\0261ah\322M\304\216\273m0\271\234\237\007<w$\265C\245\232\033""; ledgerSeq: 19; type: liBASE; nodes {;   nodedata: ""\000\000\000\023\001cEx]\211\377\330|\2003\266\274\251,W\006u\344\335d\003\306\212\313,\340\350bG\n\030Z\2732-\246\312\255\030\000\000\000\000\000\000\000\000\000\000\000\000\000\000\000\000\000\000\000\000\000\000\000\000\000\000\000\000\000\000\000\0002\033\323\372\322CsAt\3575\020 \236hz\005q\255\334\221\372\377i\247\203\024\007G!\357\255/\351\252\350/\351\252\360\n\000""; }; nodes {;   nodedata: ""\323C\344\327\264{\312-\017:\006{\177\344N\002\326bO\260\220\006\033\362\345\005U\221DzJ0\001\301\025%1L\307\t\261\262z\374\222T\301\274V\236\223\262\270Ct\362\337b\356\024*\324\320\351\317\002k\336\234\027v\351\217\260\303\360\233ZPZWr\246$w\313\313\r\243r\232\2234\373\3539:N\004Q\245\272D\312D\300\300\t\323\0257\345e\271\na\215{\226\255x%T\257\037\333\004\344_/R\006E\344\037@\210\363\010\336T\226\247'\204_{\261\370""1\235\2445\343\033Y!\212\201\341\272\225'\007\362\221\033?d\207\347\304d\377\317>V8\004!\2317\320\331r\231yPKw\215\036\306\275\222\273\013\003""; }; "
1750527597480,1750527597480,0,1,2,1,TMGetLedger,"itype: liBASE; ledgerHash: ""\003\235207\005}D\260\0261ah\322M\304\216\273m0\271\234\237\007<w$\265C\245\232\033""; queryType: qtINDIRECT; ","itype: liBASE; ledgerHash: ""\003\235207\005}D\260\0261ah\322M\304\216\273m0\271\234\237\007<w$\265C\245\232\033""; queryType: qtINDIRECT; "
1750527597481,1750527597481,0,1,2,1,TMValidation,"validation: """"\200\000\000\001&\000\000\000\023)/\351\252\355:p\210\265\307-\212\200\004Q\003\235207\005}D\260\0261ah\322M\304\216\273m0\271\234\237\007<w$\265C\245\232\033P\027\000\000\000\000\000\000\000\000\000\000\000\000\000\000\000\000\000\000\000\000\000\000\000\000\000\000\000\000\000\000\000\000P\031|\2003\266\274\251,W\006u\344\335d\003\306\212\313,\340\350bG\n\030Z\2732-\246\312\255\030s!\002\364d\217\366\217|\316F\232\231\241\n\261\333`\312O\367\235\025DD\336e\367\n\312\326\221\037\025\230vF0D\002 u\010\024\347l\010H+\223\217\371\020\310\277TF\006\034q\335\004\332g1\353Z,\231\261\tzz\002 MF\033\003\020\340FP\212]\032\270^\312\037\007\306\352\225Zd\230\363c/c\231|\266\305\342A""; ","validation: """"\200\000\000\001&\000\000\000\023)/\351\252\355:p\210\265\307-\212\200\004Q\003\235207\005}D\260\0261ah\322M\304\216\273m0\271\234\237\007<w$\265C\245\232\033P\027\000\000\000\000\000\000\000\000\000\000\000\000\000\000\000\000\000\000\000\000\000\000\000\000\000\000\000\000\000\000\000\000P\031|\2003\266\274\251,W\006u\344\335d\003\306\212\313,\340\350bG\n\030Z\2732-\246\312\255\030s!\002\364d\217\366\217|\316F\232\231\241\n\261\333`\312O\367\235\025DD\336e\367\n\312\326\221\037\025\230vF0D\002 u\010\024\347l\010H+\223\217\371\020\310\277TF\006\034q\335\004\332g1\353Z,\231\261\tzz\002 MF\033\003\020\340FP\212]\032\270^\312\037\007\306\352\225Zd\230\363c/c\231|\266\305\342A""; "
1750527597481,1750527597481,0,1,3,1,TMLedgerData,"ledgerHash: ""\003\235207\005}D\260\0261ah\322M\304\216\273m0\271\234\237\007<w$\265C\245\232\033""; ledgerSeq: 19; type: liBASE; nodes {;   nodedata: ""\000\000\000\023\001cEx]\211\377\330|\2003\266\274\251,W\006u\344\335d\003\306\212\313,\340\350bG\n\030Z\2732-\246\312\255\030\000\000\000\000\000\000\000\000\000\000\000\000\000\000\000\000\000\000\000\000\000\000\000\000\000\000\000\000\000\000\000\0002\033\323\372\322CsAt\3575\020 \236hz\005q\255\334\221\372\377i\247\203\024\007G!\357\255/\351\252\350/\351\252\360\n\000""; }; nodes {;   nodedata: ""\323C\344\327\264{\312-\017:\006{\177\344N\002\326bO\260\220\006\033\362\345\005U\221DzJ0\001\301\025%1L\307\t\261\262z\374\222T\301\274V\236\223\262\270Ct\362\337b\356\024*\324\320\351\317\002k\336\234\027v\351\217\260\303\360\233ZPZWr\246$w\313\313\r\243r\232\2234\373\3539:N\004Q\245\272D\312D\300\300\t\323\0257\345e\271\na\215{\226\255x%T\257\037\333\004\344_/R\006E\344\037@\210\363\010\336T\226\247'\204_{\261\370""1\235\2445\343\033Y!\212\201\341\272\225'\007\362\221\033?d\207\347\304d\377\317>V8\004!\2317\320\331r\231yPKw\215\036\306\275\222\273\013\003""; }; ","ledgerHash: ""\003\235207\005}D\260\0261ah\322M\304\216\273m0\271\234\237\007<w$\265C\245\232\033""; ledgerSeq: 19; type: liBASE; nodes {;   nodedata: ""\000\000\000\023\001cEx]\211\377\330|\2003\266\274\251,W\006u\344\335d\003\306\212\313,\340\350bG\n\030Z\2732-\246\312\255\030\000\000\000\000\000\000\000\000\000\000\000\000\000\000\000\000\000\000\000\000\000\000\000\000\000\000\000\000\000\000\000\0002\033\323\372\322CsAt\3575\020 \236hz\005q\255\334\221\372\377i\247\203\024\007G!\357\255/\351\252\350/\351\252\360\n\000""; }; nodes {;   nodedata: ""\323C\344\327\264{\312-\017:\006{\177\344N\002\326bO\260\220\006\033\362\345\005U\221DzJ0\001\301\025%1L\307\t\261\262z\374\222T\301\274V\236\223\262\270Ct\362\337b\356\024*\324\320\351\317\002k\336\234\027v\351\217\260\303\360\233ZPZWr\246$w\313\313\r\243r\232\2234\373\3539:N\004Q\245\272D\312D\300\300\t\323\0257\345e\271\na\215{\226\255x%T\257\037\333\004\344_/R\006E\344\037@\210\363\010\336T\226\247'\204_{\261\370""1\235\2445\343\033Y!\212\201\341\272\225'\007\362\221\033?d\207\347\304d\377\317>V8\004!\2317\320\331r\231yPKw\215\036\306\275\222\273\013\003""; }; "
1750527597482,1750527597482,0,1,2,0,TMGetLedger,"itype: liBASE; ledgerHash: ""\003\235207\005}D\260\0261ah\322M\304\216\273m0\271\234\237\007<w$\265C\245\232\033""; queryType: qtINDIRECT; ","itype: liBASE; ledgerHash: ""\003\235207\005}D\260\0261ah\322M\304\216\273m0\271\234\237\007<w$\265C\245\232\033""; queryType: qtINDIRECT; "
1750527597482,1750527597482,0,1,2,0,TMValidation,"validation: """"\200\000\000\001&\000\000\000\023)/\351\252\355:p\210\265\307-\212\200\004Q\003\235207\005}D\260\0261ah\322M\304\216\273m0\271\234\237\007<w$\265C\245\232\033P\027\000\000\000\000\000\000\000\000\000\000\000\000\000\000\000\000\000\000\000\000\000\000\000\000\000\000\000\000\000\000\000\000P\031|\2003\266\274\251,W\006u\344\335d\003\306\212\313,\340\350bG\n\030Z\2732-\246\312\255\030s!\002\364d\217\366\217|\316F\232\231\241\n\261\333`\312O\367\235\025DD\336e\367\n\312\326\221\037\025\230vF0D\002 u\010\024\347l\010H+\223\217\371\020\310\277TF\006\034q\335\004\332g1\353Z,\231\261\tzz\002 MF\033\003\020\340FP\212]\032\270^\312\037\007\306\352\225Zd\230\363c/c\231|\266\305\342A""; ","validation: """"\200\000\000\001&\000\000\000\023)/\351\252\355:p\210\265\307-\212\200\004Q\003\235207\005}D\260\0261ah\322M\304\216\273m0\271\234\237\007<w$\265C\245\232\033P\027\000\000\000\000\000\000\000\000\000\000\000\000\000\000\000\000\000\000\000\000\000\000\000\000\000\000\000\000\000\000\000\000P\031|\2003\266\274\251,W\006u\344\335d\003\306\212\313,\340\350bG\n\030Z\2732-\246\312\255\030s!\002\364d\217\366\217|\316F\232\231\241\n\261\333`\312O\367\235\025DD\336e\367\n\312\326\221\037\025\230vF0D\002 u\010\024\347l\010H+\223\217\371\020\310\277TF\006\034q\335\004\332g1\353Z,\231\261\tzz\002 MF\033\003\020\340FP\212]\032\270^\312\037\007\306\352\225Zd\230\363c/c\231|\266\305\342A""; "
1750527597483,1750527597484,0,1,3,0,TMLedgerData,"ledgerHash: ""\003\235207\005}D\260\0261ah\322M\304\216\273m0\271\234\237\007<w$\265C\245\232\033""; ledgerSeq: 19; type: liBASE; nodes {;   nodedata: ""\000\000\000\023\001cEx]\211\377\330|\2003\266\274\251,W\006u\344\335d\003\306\212\313,\340\350bG\n\030Z\2732-\246\312\255\030\000\000\000\000\000\000\000\000\000\000\000\000\000\000\000\000\000\000\000\000\000\000\000\000\000\000\000\000\000\000\000\0002\033\323\372\322CsAt\3575\020 \236hz\005q\255\334\221\372\377i\247\203\024\007G!\357\255/\351\252\350/\351\252\360\n\000""; }; nodes {;   nodedata: ""\323C\344\327\264{\312-\017:\006{\177\344N\002\326bO\260\220\006\033\362\345\005U\221DzJ0\001\301\025%1L\307\t\261\262z\374\222T\301\274V\236\223\262\270Ct\362\337b\356\024*\324\320\351\317\002k\336\234\027v\351\217\260\303\360\233ZPZWr\246$w\313\313\r\243r\232\2234\373\3539:N\004Q\245\272D\312D\300\300\t\323\0257\345e\271\na\215{\226\255x%T\257\037\333\004\344_/R\006E\344\037@\210\363\010\336T\226\247'\204_{\261\370""1\235\2445\343\033Y!\212\201\341\272\225'\007\362\221\033?d\207\347\304d\377\317>V8\004!\2317\320\331r\231yPKw\215\036\306\275\222\273\013\003""; }; ","ledgerHash: ""\003\235207\005}D\260\0261ah\322M\304\216\273m0\271\234\237\007<w$\265C\245\232\033""; ledgerSeq: 19; type: liBASE; nodes {;   nodedata: ""\000\000\000\023\001cEx]\211\377\330|\2003\266\274\251,W\006u\344\335d\003\306\212\313,\340\350bG\n\030Z\2732-\246\312\255\030\000\000\000\000\000\000\000\000\000\000\000\000\000\000\000\000\000\000\000\000\000\000\000\000\000\000\000\000\000\000\000\0002\033\323\372\322CsAt\3575\020 \236hz\005q\255\334\221\372\377i\247\203\024\007G!\357\255/\351\252\350/\351\252\360\n\000""; }; nodes {;   nodedata: ""\323C\344\327\264{\312-\017:\006{\177\344N\002\326bO\260\220\006\033\362\345\005U\221DzJ0\001\301\025%1L\307\t\261\262z\374\222T\301\274V\236\223\262\270Ct\362\337b\356\024*\324\320\351\317\002k\336\234\027v\351\217\260\303\360\233ZPZWr\246$w\313\313\r\243r\232\2234\373\3539:N\004Q\245\272D\312D\300\300\t\323\0257\345e\271\na\215{\226\255x%T\257\037\333\004\344_/R\006E\344\037@\210\363\010\336T\226\247'\204_{\261\370""1\235\2445\343\033Y!\212\201\341\272\225'\007\362\221\033?d\207\347\304d\377\317>V8\004!\2317\320\331r\231yPKw\215\036\306\275\222\273\013\003""; }; "
1750527597484,1750527597484,0,1,3,0,TMLedgerData,"ledgerHash: ""\003\235207\005}D\260\0261ah\322M\304\216\273m0\271\234\237\007<w$\265C\245\232\033""; ledgerSeq: 19; type: liBASE; nodes {;   nodedata: ""\000\000\000\023\001cEx]\211\377\330|\2003\266\274\251,W\006u\344\335d\003\306\212\313,\340\350bG\n\030Z\2732-\246\312\255\030\000\000\000\000\000\000\000\000\000\000\000\000\000\000\000\000\000\000\000\000\000\000\000\000\000\000\000\000\000\000\000\0002\033\323\372\322CsAt\3575\020 \236hz\005q\255\334\221\372\377i\247\203\024\007G!\357\255/\351\252\350/\351\252\360\n\000""; }; nodes {;   nodedata: ""\323C\344\327\264{\312-\017:\006{\177\344N\002\326bO\260\220\006\033\362\345\005U\221DzJ0\001\301\025%1L\307\t\261\262z\374\222T\301\274V\236\223\262\270Ct\362\337b\356\024*\324\320\351\317\002k\336\234\027v\351\217\260\303\360\233ZPZWr\246$w\313\313\r\243r\232\2234\373\3539:N\004Q\245\272D\312D\300\300\t\323\0257\345e\271\na\215{\226\255x%T\257\037\333\004\344_/R\006E\344\037@\210\363\010\336T\226\247'\204_{\261\370""1\235\2445\343\033Y!\212\201\341\272\225'\007\362\221\033?d\207\347\304d\377\317>V8\004!\2317\320\331r\231yPKw\215\036\306\275\222\273\013\003""; }; ","ledgerHash: ""\003\235207\005}D\260\0261ah\322M\304\216\273m0\271\234\237\007<w$\265C\245\232\033""; ledgerSeq: 19; type: liBASE; nodes {;   nodedata: ""\000\000\000\023\001cEx]\211\377\330|\2003\266\274\251,W\006u\344\335d\003\306\212\313,\340\350bG\n\030Z\2732-\246\312\255\030\000\000\000\000\000\000\000\000\000\000\000\000\000\000\000\000\000\000\000\000\000\000\000\000\000\000\000\000\000\000\000\0002\033\323\372\322CsAt\3575\020 \236hz\005q\255\334\221\372\377i\247\203\024\007G!\357\255/\351\252\350/\351\252\360\n\000""; }; nodes {;   nodedata: ""\323C\344\327\264{\312-\017:\006{\177\344N\002\326bO\260\220\006\033\362\345\005U\221DzJ0\001\301\025%1L\307\t\261\262z\374\222T\301\274V\236\223\262\270Ct\362\337b\356\024*\324\320\351\317\002k\336\234\027v\351\217\260\303\360\233ZPZWr\246$w\313\313\r\243r\232\2234\373\3539:N\004Q\245\272D\312D\300\300\t\323\0257\345e\271\na\215{\226\255x%T\257\037\333\004\344_/R\006E\344\037@\210\363\010\336T\226\247'\204_{\261\370""1\235\2445\343\033Y!\212\201\341\272\225'\007\362\221\033?d\207\347\304d\377\317>V8\004!\2317\320\331r\231yPKw\215\036\306\275\222\273\013\003""; }; "
1750527597485,1750527597485,0,1,4,3,TMGetLedger,"itype: liBASE; ledgerHash: ""\003\235207\005}D\260\0261ah\322M\304\216\273m0\271\234\237\007<w$\265C\245\232\033""; requestCookie: 3; queryType: qtINDIRECT; ","itype: liBASE; ledgerHash: ""\003\235207\005}D\260\0261ah\322M\304\216\273m0\271\234\237\007<w$\265C\245\232\033""; requestCookie: 3; queryType: qtINDIRECT; "
1750527597485,1750527597486,0,1,4,3,TMGetLedger,"itype: liAS_NODE; ledgerHash: ""\003\235207\005}D\260\0261ah\322M\304\216\273m0\271\234\237\007<w$\265C\245\232\033""; ledgerSeq: 19; nodeIDs: ""\260\000\000\000\000\000\000\000\000\000\000\000\000\000\000\000\000\000\000\000\000\000\000\000\000\000\000\000\000\000\000\000\001""; queryType: qtINDIRECT; queryDepth: 1; ","itype: liAS_NODE; ledgerHash: ""\003\235207\005}D\260\0261ah\322M\304\216\273m0\271\234\237\007<w$\265C\245\232\033""; ledgerSeq: 19; nodeIDs: ""\260\000\000\000\000\000\000\000\000\000\000\000\000\000\000\000\000\000\000\000\000\000\000\000\000\000\000\000\000\000\000\000\001""; queryType: qtINDIRECT; queryDepth: 1; "
1750527597486,1750527597486,0,1,3,1,TMLedgerData,"ledgerHash: ""\003\235207\005}D\260\0261ah\322M\304\216\273m0\271\234\237\007<w$\265C\245\232\033""; ledgerSeq: 19; type: liBASE; nodes {;   nodedata: ""\000\000\000\023\001cEx]\211\377\330|\2003\266\274\251,W\006u\344\335d\003\306\212\313,\340\350bG\n\030Z\2732-\246\312\255\030\000\000\000\000\000\000\000\000\000\000\000\000\000\000\000\000\000\000\000\000\000\000\000\000\000\000\000\000\000\000\000\0002\033\323\372\322CsAt\3575\020 \236hz\005q\255\334\221\372\377i\247\203\024\007G!\357\255/\351\252\350/\351\252\360\n\000""; }; nodes {;   nodedata: ""\323C\344\327\264{\312-\017:\006{\177\344N\002\326bO\260\220\006\033\362\345\005U\221DzJ0\001\301\025%1L\307\t\261\262z\374\222T\301\274V\236\223\262\270Ct\362\337b\356\024*\324\320\351\317\002k\336\234\027v\351\217\260\303\360\233ZPZWr\246$w\313\313\r\243r\232\2234\373\3539:N\004Q\245\272D\312D\300\300\t\323\0257\345e\271\na\215{\226\255x%T\257\037\333\004\344_/R\006E\344\037@\210\363\010\336T\226\247'\204_{\261\370""1\235\2445\343\033Y!\212\201\341\272\225'\007\362\221\033?d\207\347\304d\377\317>V8\004!\2317\320\331r\231yPKw\215\036\306\275\222\273\013\003""; }; requestCookie: 5; ","ledgerHash: ""\003\235207\005}D\260\0261ah\322M\304\216\273m0\271\234\237\007<w$\265C\245\232\033""; ledgerSeq: 19; type: liBASE; nodes {;   nodedata: ""\000\000\000\023\001cEx]\211\377\330|\2003\266\274\251,W\006u\344\335d\003\306\212\313,\340\350bG\n\030Z\2732-\246\312\255\030\000\000\000\000\000\000\000\000\000\000\000\000\000\000\000\000\000\000\000\000\000\000\000\000\000\000\000\000\000\000\000\0002\033\323\372\322CsAt\3575\020 \236hz\005q\255\334\221\372\377i\247\203\024\007G!\357\255/\351\252\350/\351\252\360\n\000""; }; nodes {;   nodedata: ""\323C\344\327\264{\312-\017:\006{\177\344N\002\326bO\260\220\006\033\362\345\005U\221DzJ0\001\301\025%1L\307\t\261\262z\374\222T\301\274V\236\223\262\270Ct\362\337b\356\024*\324\320\351\317\002k\336\234\027v\351\217\260\303\360\233ZPZWr\246$w\313\313\r\243r\232\2234\373\3539:N\004Q\245\272D\312D\300\300\t\323\0257\345e\271\na\215{\226\255x%T\257\037\333\004\344_/R\006E\344\037@\210\363\010\336T\226\247'\204_{\261\370""1\235\2445\343\033Y!\212\201\341\272\225'\007\362\221\033?d\207\347\304d\377\317>V8\004!\2317\320\331r\231yPKw\215\036\306\275\222\273\013\003""; }; requestCookie: 5; "
1750527597491,1750527597491,0,1,4,3,TMGetLedger,"itype: liBASE; ledgerHash: ""\003\235207\005}D\260\0261ah\322M\304\216\273m0\271\234\237\007<w$\265C\245\232\033""; requestCookie: 1; queryType: qtINDIRECT; ","itype: liBASE; ledgerHash: ""\003\235207\005}D\260\0261ah\322M\304\216\273m0\271\234\237\007<w$\265C\245\232\033""; requestCookie: 1; queryType: qtINDIRECT; "
1750527597492,1750527597492,0,1,4,3,TMGetLedger,"itype: liBASE; ledgerHash: ""\003\235207\005}D\260\0261ah\322M\304\216\273m0\271\234\237\007<w$\265C\245\232\033""; ledgerSeq: 19; requestCookie: 2; queryType: qtINDIRECT; ","itype: liBASE; ledgerHash: ""\003\235207\005}D\260\0261ah\322M\304\216\273m0\271\234\237\007<w$\265C\245\232\033""; ledgerSeq: 19; requestCookie: 2; queryType: qtINDIRECT; "
1750527597493,1750527597493,0,1,2,3,TMGetLedger,"itype: liBASE; ledgerHash: ""\003\235207\005}D\260\0261ah\322M\304\216\273m0\271\234\237\007<w$\265C\245\232\033""; requestCookie: 5; queryType: qtINDIRECT; ","itype: liBASE; ledgerHash: ""\003\235207\005}D\260\0261ah\322M\304\216\273m0\271\234\237\007<w$\265C\245\232\033""; requestCookie: 5; queryType: qtINDIRECT; "
1750527597493,1750527597493,0,1,2,3,TMGetLedger,"itype: liBASE; ledgerHash: ""\003\235207\005}D\260\0261ah\322M\304\216\273m0\271\234\237\007<w$\265C\245\232\033""; ledgerSeq: 19; requestCookie: 3; queryType: qtINDIRECT; ","itype: liBASE; ledgerHash: ""\003\235207\005}D\260\0261ah\322M\304\216\273m0\271\234\237\007<w$\265C\245\232\033""; ledgerSeq: 19; requestCookie: 3; queryType: qtINDIRECT; "
1750527597494,1750527597494,0,1,2,3,TMGetLedger,"itype: liBASE; ledgerHash: ""\003\235207\005}D\260\0261ah\322M\304\216\273m0\271\234\237\007<w$\265C\245\232\033""; requestCookie: 2; queryType: qtINDIRECT; ","itype: liBASE; ledgerHash: ""\003\235207\005}D\260\0261ah\322M\304\216\273m0\271\234\237\007<w$\265C\245\232\033""; requestCookie: 2; queryType: qtINDIRECT; "
1750527597495,1750527597495,0,1,2,3,TMGetLedger,"itype: liAS_NODE; ledgerHash: ""\003\235207\005}D\260\0261ah\322M\304\216\273m0\271\234\237\007<w$\265C\245\232\033""; ledgerSeq: 19; nodeIDs: ""\260\000\000\000\000\000\000\000\000\000\000\000\000\000\000\000\000\000\000\000\000\000\000\000\000\000\000\000\000\000\000\000\001""; queryType: qtINDIRECT; queryDepth: 1; ","itype: liAS_NODE; ledgerHash: ""\003\235207\005}D\260\0261ah\322M\304\216\273m0\271\234\237\007<w$\265C\245\232\033""; ledgerSeq: 19; nodeIDs: ""\260\000\000\000\000\000\000\000\000\000\000\000\000\000\000\000\000\000\000\000\000\000\000\000\000\000\000\000\000\000\000\000\001""; queryType: qtINDIRECT; queryDepth: 1; "
1750527597495,1750527597495,0,1,1,3,TMGetLedger,"itype: liBASE; ledgerHash: ""\003\235207\005}D\260\0261ah\322M\304\216\273m0\271\234\237\007<w$\265C\245\232\033""; requestCookie: 2; queryType: qtINDIRECT; ","itype: liBASE; ledgerHash: ""\003\235207\005}D\260\0261ah\322M\304\216\273m0\271\234\237\007<w$\265C\245\232\033""; requestCookie: 2; queryType: qtINDIRECT; "
1750527597495,1750527597495,0,1,0,3,TMGetLedger,"itype: liBASE; ledgerHash: ""\003\235207\005}D\260\0261ah\322M\304\216\273m0\271\234\237\007<w$\265C\245\232\033""; requestCookie: 5; queryType: qtINDIRECT; ","itype: liBASE; ledgerHash: ""\003\235207\005}D\260\0261ah\322M\304\216\273m0\271\234\237\007<w$\265C\245\232\033""; requestCookie: 5; queryType: qtINDIRECT; "
1750527597496,1750527597496,0,1,0,3,TMGetLedger,"itype: liBASE; ledgerHash: ""\003\235207\005}D\260\0261ah\322M\304\216\273m0\271\234\237\007<w$\265C\245\232\033""; ledgerSeq: 19; requestCookie: 2; queryType: qtINDIRECT; ","itype: liBASE; ledgerHash: ""\003\235207\005}D\260\0261ah\322M\304\216\273m0\271\234\237\007<w$\265C\245\232\033""; ledgerSeq: 19; requestCookie: 2; queryType: qtINDIRECT; "
1750527597497,1750527597497,0,1,1,3,TMGetLedger,"itype: liBASE; ledgerHash: ""\003\235207\005}D\260\0261ah\322M\304\216\273m0\271\234\237\007<w$\265C\245\232\033""; requestCookie: 3; queryType: qtINDIRECT; ","itype: liBASE; ledgerHash: ""\003\235207\005}D\260\0261ah\322M\304\216\273m0\271\234\237\007<w$\265C\245\232\033""; requestCookie: 3; queryType: qtINDIRECT; "
1750527597498,1750527597498,0,1,1,3,TMGetLedger,"itype: liAS_NODE; ledgerHash: ""\003\235207\005}D\260\0261ah\322M\304\216\273m0\271\234\237\007<w$\265C\245\232\033""; ledgerSeq: 19; nodeIDs: ""\260\000\000\000\000\000\000\000\000\000\000\000\000\000\000\000\000\000\000\000\000\000\000\000\000\000\000\000\000\000\000\000\001""; queryType: qtINDIRECT; queryDepth: 1; ","itype: liAS_NODE; ledgerHash: ""\003\235207\005}D\260\0261ah\322M\304\216\273m0\271\234\237\007<w$\265C\245\232\033""; ledgerSeq: 19; nodeIDs: ""\260\000\000\000\000\000\000\000\000\000\000\000\000\000\000\000\000\000\000\000\000\000\000\000\000\000\000\000\000\000\000\000\001""; queryType: qtINDIRECT; queryDepth: 1; "
1750527597499,1750527597499,0,1,0,3,TMGetLedger,"itype: liBASE; ledgerHash: ""\003\235207\005}D\260\0261ah\322M\304\216\273m0\271\234\237\007<w$\265C\245\232\033""; requestCookie: 3; queryType: qtINDIRECT; ","itype: liBASE; ledgerHash: ""\003\235207\005}D\260\0261ah\322M\304\216\273m0\271\234\237\007<w$\265C\245\232\033""; requestCookie: 3; queryType: qtINDIRECT; "
1750527597499,1750527597499,0,1,0,3,TMGetLedger,"itype: liAS_NODE; ledgerHash: ""\003\235207\005}D\260\0261ah\322M\304\216\273m0\271\234\237\007<w$\265C\245\232\033""; ledgerSeq: 19; nodeIDs: ""\260\000\000\000\000\000\000\000\000\000\000\000\000\000\000\000\000\000\000\000\000\000\000\000\000\000\000\000\000\000\000\000\001""; queryType: qtINDIRECT; queryDepth: 1; ","itype: liAS_NODE; ledgerHash: ""\003\235207\005}D\260\0261ah\322M\304\216\273m0\271\234\237\007<w$\265C\245\232\033""; ledgerSeq: 19; nodeIDs: ""\260\000\000\000\000\000\000\000\000\000\000\000\000\000\000\000\000\000\000\000\000\000\000\000\000\000\000\000\000\000\000\000\001""; queryType: qtINDIRECT; queryDepth: 1; "
1750527597500,1750527597500,0,1,3,4,TMLedgerData,"ledgerHash: ""\003\235207\005}D\260\0261ah\322M\304\216\273m0\271\234\237\007<w$\265C\245\232\033""; ledgerSeq: 19; type: liAS_NODE; nodes {;   nodedata: ""\021\000h""\000\000\000\000 \033\000\000\000\022\002\023\302\237\330\356GuH\375\327!\255\371\r\231\262R\256J\034\222\241\355X\265E\241^W\225\304\014\361CX-}\351f\032\255\274\334m\326c\017\014ao[\342\230\003\245\245\3341Hm\326^\017jy\335\261\032Yt\320\244{g\0306\\302\303*\341\215\223\257\364\277o\375\000r\241SOq\221\253\262\005\017\375T\356\014\360o'\030\311-\267\031\257!\031T\006><\315XM\334\324\345\034\000\325\367\240\271\013\265\024\321\362\354\211\250.\234s\225amc\305\035\366\276\037nD\277`\210\223N\3535\033\261\304f\331]\036\237\306o!\223\221\002\324\031\262\240R\177 ,\214\325\Q])\016\2067\277\t\354\010\000\360\215\2502\265\245\310\226\243c\302Ze\306\253#r\020\211\320iG\276\020E\317\035Sf\223F\254\033@\177e\277\016\010u\327\371&\262\312\317Q\2361t\377x\234\001v\003%\030\325_\225g\204\346a=\225\273\331\354\365*U\363\263N\367b\371\244\314-w\363\262\225Z\200\206\235\233\257?sE\2674\254\326mU\377?\177Ek\336\030!\316Aa\225\303\022\377{\210Y\226\271as\354L\035\004\341\361\035\301\024\220m#*\372\032\3178~\374\250\014*\323\342'z69\220\327\256\351G\367\317u\302\207\270b\315\333\333\334\310I\323&\014\352XZnW2.\335\347\202\021\247\362\212e\034\000\001\250\220\305;a\314\265R\310\017\317\331\235\360\262\240:\277\202\266\354\265X""\022\nh\252\352w\204\203\023]\001f\352\277\0031Q]\362\370R\350{\261\202\240\344\215\201\353\276\322p5p\350\354\017>\250r\241c\273\016\301\024\363\242\247\263\231\370\344\nBW\220K\316@3\243\200\036wk\253GSlU\010\360\231>\331\263H\214\324\030A\225\301o\346pkSF\004\241\213w9\223=\250\262*+\255\351r\265\244c\024\213\t\007`\223\325#\3477\210\345P\306\013\320\252[\0216+\227=`\371P\314\346 V7\271[~\n\237\274|\347\352@K\253~&\260\032\024\004B\200\255h\351\013\361\031:nG\211\005|\2003\266\274\251,W\006u\344\335d\003\306\212\313,\340\350bG\n\030Z\2732-\246\312\255\030\264\227\2326\315\307\363\323\325\303\032N\256*\307\327 \235\332\207u\210\271\257\306g\231i*\260\326k\001"";   nodeid: ""\260\000\000\000\000\000\000\000\000\000\000\000\000\000\000\000\000\000\000\000\000\000\000\000\000\000\000\000\000\000\000\000\001""; }; ","ledgerHash: ""\003\235207\005}D\260\0261ah\322M\304\216\273m0\271\234\237\007<w$\265C\245\232\033""; ledgerSeq: 19; type: liAS_NODE; nodes {;   nodedata: ""\021\000h""\000\000\000\000 \033\000\000\000\022\002\023\302\237\330\356GuH\375\327!\255\371\r\231\262R\256J\034\222\241\355X\265E\241^W\225\304\014\361CX-}\351f\032\255\274\334m\326c\017\014ao[\342\230\003\245\245\3341Hm\326^\017jy\335\261\032Yt\320\244{g\0306\\302\303*\341\215\223\257\364\277o\375\000r\241SOq\221\253\262\005\017\375T\356\014\360o'\030\311-\267\031\257!\031T\006><\315XM\334\324\345\034\000\325\367\240\271\013\265\024\321\362\354\211\250.\234s\225amc\305\035\366\276\037nD\277`\210\223N\3535\033\261\304f\331]\036\237\306o!\223\221\002\324\031\262\240R\177 ,\214\325\Q])\016\2067\277\t\354\010\000\360\215\2502\265\245\310\226\243c\302Ze\306\253#r\020\211\320iG\276\020E\317\035Sf\223F\254\033@\177e\277\016\010u\327\371&\262\312\317Q\2361t\377x\234\001v\003%\030\325_\225g\204\346a=\225\273\331\354\365*U\363\263N\367b\371\244\314-w\363\262\225Z\200\206\235\233\257?sE\2674\254\326mU\377?\177Ek\336\030!\316Aa\225\303\022\377{\210Y\226\271as\354L\035\004\341\361\035\301\024\220m#*\372\032\3178~\374\250\014*\323\342'z69\220\327\256\351G\367\317u\302\207\270b\315\333\333\334\310I\323&\014\352XZnW2.\335\347\202\021\247\362\212e\034\000\001\250\220\305;a\314\265R\310\017\317\331\235\360\262\240:\277\202\266\354\265X""\022\nh\252\352w\204\203\023]\001f\352\277\0031Q]\362\370R\350{\261\202\240\344\215\201\353\276\322p5p\350\354\017>\250r\241c\273\016\301\024\363\242\247\263\231\370\344\nBW\220K\316@3\243\200\036wk\253GSlU\010\360\231>\331\263H\214\324\030A\225\301o\346pkSF\004\241\213w9\223=\250\262*+\255\351r\265\244c\024\213\t\007`\223\325#\3477\210\345P\306\013\320\252[\0216+\227=`\371P\314\346 V7\271[~\n\237\274|\347\352@K\253~&\260\032\024\004B\200\255h\351\013\361\031:nG\211\005|\2003\266\274\251,W\006u\344\335d\003\306\212\313,\340\350bG\n\030Z\2732-\246\312\255\030\264\227\2326\315\307\363\323\325\303\032N\256*\307\327 \235\332\207u\210\271\257\306g\231i*\260\326k\001"";   nodeid: ""\260\000\000\000\000\000\000\000\000\000\000\000\000\000\000\000\000\000\000\000\000\000\000\000\000\000\000\000\000\000\000\000\001""; }; "
1750527597500,1750527597501,0,1,3,4,TMLedgerData,"ledgerHash: ""\003\235207\005}D\260\0261ah\322M\304\216\273m0\271\234\237\007<w$\265C\245\232\033""; ledgerSeq: 19; type: liBASE; nodes {;   nodedata: ""\000\000\000\023\001cEx]\211\377\330|\2003\266\274\251,W\006u\344\335d\003\306\212\313,\340\350bG\n\030Z\2732-\246\312\255\030\000\000\000\000\000\000\000\000\000\000\000\000\000\000\000\000\000\000\000\000\000\000\000\000\000\000\000\000\000\000\000\0002\033\323\372\322CsAt\3575\020 \236hz\005q\255\334\221\372\377i\247\203\024\007G!\357\255/\351\252\350/\351\252\360\n\000""; }; nodes {;   nodedata: ""\323C\344\327\264{\312-\017:\006{\177\344N\002\326bO\260\220\006\033\362\345\005U\221DzJ0\001\301\025%1L\307\t\261\262z\374\222T\301\274V\236\223\262\270Ct\362\337b\356\024*\324\320\351\317\002k\336\234\027v\351\217\260\303\360\233ZPZWr\246$w\313\313\r\243r\232\2234\373\3539:N\004Q\245\272D\312D\300\300\t\323\0257\345e\271\na\215{\226\255x%T\257\037\333\004\344_/R\006E\344\037@\210\363\010\336T\226\247'\204_{\261\370""1\235\2445\343\033Y!\212\201\341\272\225'\007\362\221\033?d\207\347\304d\377\317>V8\004!\2317\320\331r\231yPKw\215\036\306\275\222\273\013\003""; }; requestCookie: 3; ","ledgerHash: ""\003\235207\005}D\260\0261ah\322M\304\216\273m0\271\234\237\007<w$\265C\245\232\033""; ledgerSeq: 19; type: liBASE; nodes {;   nodedata: ""\000\000\000\023\001cEx]\211\377\330|\2003\266\274\251,W\006u\344\335d\003\306\212\313,\340\350bG\n\030Z\2732-\246\312\255\030\000\000\000\000\000\000\000\000\000\000\000\000\000\000\000\000\000\000\000\000\000\000\000\000\000\000\000\000\000\000\000\0002\033\323\372\322CsAt\3575\020 \236hz\005q\255\334\221\372\377i\247\203\024\007G!\357\255/\351\252\350/\351\252\360\n\000""; }; nodes {;   nodedata: ""\323C\344\327\264{\312-\017:\006{\177\344N\002\326bO\260\220\006\033\362\345\005U\221DzJ0\001\301\025%1L\307\t\261\262z\374\222T\301\274V\236\223\262\270Ct\362\337b\356\024*\324\320\351\317\002k\336\234\027v\351\217\260\303\360\233ZPZWr\246$w\313\313\r\243r\232\2234\373\3539:N\004Q\245\272D\312D\300\300\t\323\0257\345e\271\na\215{\226\255x%T\257\037\333\004\344_/R\006E\344\037@\210\363\010\336T\226\247'\204_{\261\370""1\235\2445\343\033Y!\212\201\341\272\225'\007\362\221\033?d\207\347\304d\377\317>V8\004!\2317\320\331r\231yPKw\215\036\306\275\222\273\013\003""; }; requestCookie: 3; "
1750527597501,1750527597501,0,1,1,4,TMLedgerData,"ledgerHash: ""\003\235207\005}D\260\0261ah\322M\304\216\273m0\271\234\237\007<w$\265C\245\232\033""; ledgerSeq: 19; type: liBASE; nodes {;   nodedata: ""\000\000\000\023\001cEx]\211\377\330|\2003\266\274\251,W\006u\344\335d\003\306\212\313,\340\350bG\n\030Z\2732-\246\312\255\030\000\000\000\000\000\000\000\000\000\000\000\000\000\000\000\000\000\000\000\000\000\000\000\000\000\000\000\000\000\000\000\0002\033\323\372\322CsAt\3575\020 \236hz\005q\255\334\221\372\377i\247\203\024\007G!\357\255/\351\252\350/\351\252\360\n\000""; }; nodes {;   nodedata: ""\323C\344\327\264{\312-\017:\006{\177\344N\002\326bO\260\220\006\033\362\345\005U\221DzJ0\001\301\025%1L\307\t\261\262z\374\222T\301\274V\236\223\262\270Ct\362\337b\356\024*\324\320\351\317\002k\336\234\027v\351\217\260\303\360\233ZPZWr\246$w\313\313\r\243r\232\2234\373\3539:N\004Q\245\272D\312D\300\300\t\323\0257\345e\271\na\215{\226\255x%T\257\037\333\004\344_/R\006E\344\037@\210\363\010\336T\226\247'\204_{\261\370""1\235\2445\343\033Y!\212\201\341\272\225'\007\362\221\033?d\207\347\304d\377\317>V8\004!\2317\320\331r\231yPKw\215\036\306\275\222\273\013\003""; }; ","ledgerHash: ""\003\235207\005}D\260\0261ah\322M\304\216\273m0\271\234\237\007<w$\265C\245\232\033""; ledgerSeq: 19; type: liBASE; nodes {;   nodedata: ""\000\000\000\023\001cEx]\211\377\330|\2003\266\274\251,W\006u\344\335d\003\306\212\313,\340\350bG\n\030Z\2732-\246\312\255\030\000\000\000\000\000\000\000\000\000\000\000\000\000\000\000\000\000\000\000\000\000\000\000\000\000\000\000\000\000\000\000\0002\033\323\372\322CsAt\3575\020 \236hz\005q\255\334\221\372\377i\247\203\024\007G!\357\255/\351\252\350/\351\252\360\n\000""; }; nodes {;   nodedata: ""\323C\344\327\264{\312-\017:\006{\177\344N\002\326bO\260\220\006\033\362\345\005U\221DzJ0\001\301\025%1L\307\t\261\262z\374\222T\301\274V\236\223\262\270Ct\362\337b\356\024*\324\320\351\317\002k\336\234\027v\351\217\260\303\360\233ZPZWr\246$w\313\313\r\243r\232\2234\373\3539:N\004Q\245\272D\312D\300\300\t\323\0257\345e\271\na\215{\226\255x%T\257\037\333\004\344_/R\006E\344\037@\210\363\010\336T\226\247'\204_{\261\370""1\235\2445\343\033Y!\212\201\341\272\225'\007\362\221\033?d\207\347\304d\377\317>V8\004!\2317\320\331r\231yPKw\215\036\306\275\222\273\013\003""; }; "
1750527597502,1750527597502,0,1,3,4,TMLedgerData,"ledgerHash: ""\003\235207\005}D\260\0261ah\322M\304\216\273m0\271\234\237\007<w$\265C\245\232\033""; ledgerSeq: 19; type: liBASE; nodes {;   nodedata: ""\000\000\000\023\001cEx]\211\377\330|\2003\266\274\251,W\006u\344\335d\003\306\212\313,\340\350bG\n\030Z\2732-\246\312\255\030\000\000\000\000\000\000\000\000\000\000\000\000\000\000\000\000\000\000\000\000\000\000\000\000\000\000\000\000\000\000\000\0002\033\323\372\322CsAt\3575\020 \236hz\005q\255\334\221\372\377i\247\203\024\007G!\357\255/\351\252\350/\351\252\360\n\000""; }; nodes {;   nodedata: ""\323C\344\327\264{\312-\017:\006{\177\344N\002\326bO\260\220\006\033\362\345\005U\221DzJ0\001\301\025%1L\307\t\261\262z\374\222T\301\274V\236\223\262\270Ct\362\337b\356\024*\324\320\351\317\002k\336\234\027v\351\217\260\303\360\233ZPZWr\246$w\313\313\r\243r\232\2234\373\3539:N\004Q\245\272D\312D\300\300\t\323\0257\345e\271\na\215{\226\255x%T\257\037\333\004\344_/R\006E\344\037@\210\363\010\336T\226\247'\204_{\261\370""1\235\2445\343\033Y!\212\201\341\272\225'\007\362\221\033?d\207\347\304d\377\317>V8\004!\2317\320\331r\231yPKw\215\036\306\275\222\273\013\003""; }; requestCookie: 1; ","ledgerHash: ""\003\235207\005}D\260\0261ah\322M\304\216\273m0\271\234\237\007<w$\265C\245\232\033""; ledgerSeq: 19; type: liBASE; nodes {;   nodedata: ""\000\000\000\023\001cEx]\211\377\330|\2003\266\274\251,W\006u\344\335d\003\306\212\313,\340\350bG\n\030Z\2732-\246\312\255\030\000\000\000\000\000\000\000\000\000\000\000\000\000\000\000\000\000\000\000\000\000\000\000\000\000\000\000\000\000\000\000\0002\033\323\372\322CsAt\3575\020 \236hz\005q\255\334\221\372\377i\247\203\024\007G!\357\255/\351\252\350/\351\252\360\n\000""; }; nodes {;   nodedata: ""\323C\344\327\264{\312-\017:\006{\177\344N\002\326bO\260\220\006\033\362\345\005U\221DzJ0\001\301\025%1L\307\t\261\262z\374\222T\301\274V\236\223\262\270Ct\362\337b\356\024*\324\320\351\317\002k\336\234\027v\351\217\260\303\360\233ZPZWr\246$w\313\313\r\243r\232\2234\373\3539:N\004Q\245\272D\312D\300\300\t\323\0257\345e\271\na\215{\226\255x%T\257\037\333\004\344_/R\006E\344\037@\210\363\010\336T\226\247'\204_{\261\370""1\235\2445\343\033Y!\212\201\341\272\225'\007\362\221\033?d\207\347\304d\377\317>V8\004!\2317\320\331r\231yPKw\215\036\306\275\222\273\013\003""; }; requestCookie: 1; "
1750527597502,1750527597503,0,1,3,4,TMLedgerData,"ledgerHash: ""\003\235207\005}D\260\0261ah\322M\304\216\273m0\271\234\237\007<w$\265C\245\232\033""; ledgerSeq: 19; type: liBASE; nodes {;   nodedata: ""\000\000\000\023\001cEx]\211\377\330|\2003\266\274\251,W\006u\344\335d\003\306\212\313,\340\350bG\n\030Z\2732-\246\312\255\030\000\000\000\000\000\000\000\000\000\000\000\000\000\000\000\000\000\000\000\000\000\000\000\000\000\000\000\000\000\000\000\0002\033\323\372\322CsAt\3575\020 \236hz\005q\255\334\221\372\377i\247\203\024\007G!\357\255/\351\252\350/\351\252\360\n\000""; }; nodes {;   nodedata: ""\323C\344\327\264{\312-\017:\006{\177\344N\002\326bO\260\220\006\033\362\345\005U\221DzJ0\001\301\025%1L\307\t\261\262z\374\222T\301\274V\236\223\262\270Ct\362\337b\356\024*\324\320\351\317\002k\336\234\027v\351\217\260\303\360\233ZPZWr\246$w\313\313\r\243r\232\2234\373\3539:N\004Q\245\272D\312D\300\300\t\323\0257\345e\271\na\215{\226\255x%T\257\037\333\004\344_/R\006E\344\037@\210\363\010\336T\226\247'\204_{\261\370""1\235\2445\343\033Y!\212\201\341\272\225'\007\362\221\033?d\207\347\304d\377\317>V8\004!\2317\320\331r\231yPKw\215\036\306\275\222\273\013\003""; }; requestCookie: 2; ","ledgerHash: ""\003\235207\005}D\260\0261ah\322M\304\216\273m0\271\234\237\007<w$\265C\245\232\033""; ledgerSeq: 19; type: liBASE; nodes {;   nodedata: ""\000\000\000\023\001cEx]\211\377\330|\2003\266\274\251,W\006u\344\335d\003\306\212\313,\340\350bG\n\030Z\2732-\246\312\255\030\000\000\000\000\000\000\000\000\000\000\000\000\000\000\000\000\000\000\000\000\000\000\000\000\000\000\000\000\000\000\000\0002\033\323\372\322CsAt\3575\020 \236hz\005q\255\334\221\372\377i\247\203\024\007G!\357\255/\351\252\350/\351\252\360\n\000""; }; nodes {;   nodedata: ""\323C\344\327\264{\312-\017:\006{\177\344N\002\326bO\260\220\006\033\362\345\005U\221DzJ0\001\301\025%1L\307\t\261\262z\374\222T\301\274V\236\223\262\270Ct\362\337b\356\024*\324\320\351\317\002k\336\234\027v\351\217\260\303\360\233ZPZWr\246$w\313\313\r\243r\232\2234\373\3539:N\004Q\245\272D\312D\300\300\t\323\0257\345e\271\na\215{\226\255x%T\257\037\333\004\344_/R\006E\344\037@\210\363\010\336T\226\247'\204_{\261\370""1\235\2445\343\033Y!\212\201\341\272\225'\007\362\221\033?d\207\347\304d\377\317>V8\004!\2317\320\331r\231yPKw\215\036\306\275\222\273\013\003""; }; requestCookie: 2; "
1750527597503,1750527597503,0,1,3,2,TMLedgerData,"ledgerHash: ""\003\235207\005}D\260\0261ah\322M\304\216\273m0\271\234\237\007<w$\265C\245\232\033""; ledgerSeq: 19; type: liBASE; nodes {;   nodedata: ""\000\000\000\023\001cEx]\211\377\330|\2003\266\274\251,W\006u\344\335d\003\306\212\313,\340\350bG\n\030Z\2732-\246\312\255\030\000\000\000\000\000\000\000\000\000\000\000\000\000\000\000\000\000\000\000\000\000\000\000\000\000\000\000\000\000\000\000\0002\033\323\372\322CsAt\3575\020 \236hz\005q\255\334\221\372\377i\247\203\024\007G!\357\255/\351\252\350/\351\252\360\n\000""; }; nodes {;   nodedata: ""\323C\344\327\264{\312-\017:\006{\177\344N\002\326bO\260\220\006\033\362\345\005U\221DzJ0\001\301\025%1L\307\t\261\262z\374\222T\301\274V\236\223\262\270Ct\362\337b\356\024*\324\320\351\317\002k\336\234\027v\351\217\260\303\360\233ZPZWr\246$w\313\313\r\243r\232\2234\373\3539:N\004Q\245\272D\312D\300\300\t\323\0257\345e\271\na\215{\226\255x%T\257\037\333\004\344_/R\006E\344\037@\210\363\010\336T\226\247'\204_{\261\370""1\235\2445\343\033Y!\212\201\341\272\225'\007\362\221\033?d\207\347\304d\377\317>V8\004!\2317\320\331r\231yPKw\215\036\306\275\222\273\013\003""; }; requestCookie: 5; ","ledgerHash: ""\003\235207\005}D\260\0261ah\322M\304\216\273m0\271\234\237\007<w$\265C\245\232\033""; ledgerSeq: 19; type: liBASE; nodes {;   nodedata: ""\000\000\000\023\001cEx]\211\377\330|\2003\266\274\251,W\006u\344\335d\003\306\212\313,\340\350bG\n\030Z\2732-\246\312\255\030\000\000\000\000\000\000\000\000\000\000\000\000\000\000\000\000\000\000\000\000\000\000\000\000\000\000\000\000\000\000\000\0002\033\323\372\322CsAt\3575\020 \236hz\005q\255\334\221\372\377i\247\203\024\007G!\357\255/\351\252\350/\351\252\360\n\000""; }; nodes {;   nodedata: ""\323C\344\327\264{\312-\017:\006{\177\344N\002\326bO\260\220\006\033\362\345\005U\221DzJ0\001\301\025%1L\307\t\261\262z\374\222T\301\274V\236\223\262\270Ct\362\337b\356\024*\324\320\351\317\002k\336\234\027v\351\217\260\303\360\233ZPZWr\246$w\313\313\r\243r\232\2234\373\3539:N\004Q\245\272D\312D\300\300\t\323\0257\345e\271\na\215{\226\255x%T\257\037\333\004\344_/R\006E\344\037@\210\363\010\336T\226\247'\204_{\261\370""1\235\2445\343\033Y!\212\201\341\272\225'\007\362\221\033?d\207\347\304d\377\317>V8\004!\2317\320\331r\231yPKw\215\036\306\275\222\273\013\003""; }; requestCookie: 5; "
1750527597504,1750527597504,0,1,3,2,TMLedgerData,"ledgerHash: ""\003\235207\005}D\260\0261ah\322M\304\216\273m0\271\234\237\007<w$\265C\245\232\033""; ledgerSeq: 19; type: liBASE; nodes {;   nodedata: ""\000\000\000\023\001cEx]\211\377\330|\2003\266\274\251,W\006u\344\335d\003\306\212\313,\340\350bG\n\030Z\2732-\246\312\255\030\000\000\000\000\000\000\000\000\000\000\000\000\000\000\000\000\000\000\000\000\000\000\000\000\000\000\000\000\000\000\000\0002\033\323\372\322CsAt\3575\020 \236hz\005q\255\334\221\372\377i\247\203\024\007G!\357\255/\351\252\350/\351\252\360\n\000""; }; nodes {;   nodedata: ""\323C\344\327\264{\312-\017:\006{\177\344N\002\326bO\260\220\006\033\362\345\005U\221DzJ0\001\301\025%1L\307\t\261\262z\374\222T\301\274V\236\223\262\270Ct\362\337b\356\024*\324\320\351\317\002k\336\234\027v\351\217\260\303\360\233ZPZWr\246$w\313\313\r\243r\232\2234\373\3539:N\004Q\245\272D\312D\300\300\t\323\0257\345e\271\na\215{\226\255x%T\257\037\333\004\344_/R\006E\344\037@\210\363\010\336T\226\247'\204_{\261\370""1\235\2445\343\033Y!\212\201\341\272\225'\007\362\221\033?d\207\347\304d\377\317>V8\004!\2317\320\331r\231yPKw\215\036\306\275\222\273\013\003""; }; requestCookie: 3; ","ledgerHash: ""\003\235207\005}D\260\0261ah\322M\304\216\273m0\271\234\237\007<w$\265C\245\232\033""; ledgerSeq: 19; type: liBASE; nodes {;   nodedata: ""\000\000\000\023\001cEx]\211\377\330|\2003\266\274\251,W\006u\344\335d\003\306\212\313,\340\350bG\n\030Z\2732-\246\312\255\030\000\000\000\000\000\000\000\000\000\000\000\000\000\000\000\000\000\000\000\000\000\000\000\000\000\000\000\000\000\000\000\0002\033\323\372\322CsAt\3575\020 \236hz\005q\255\334\221\372\377i\247\203\024\007G!\357\255/\351\252\350/\351\252\360\n\000""; }; nodes {;   nodedata: ""\323C\344\327\264{\312-\017:\006{\177\344N\002\326bO\260\220\006\033\362\345\005U\221DzJ0\001\301\025%1L\307\t\261\262z\374\222T\301\274V\236\223\262\270Ct\362\337b\356\024*\324\320\351\317\002k\336\234\027v\351\217\260\303\360\233ZPZWr\246$w\313\313\r\243r\232\2234\373\3539:N\004Q\245\272D\312D\300\300\t\323\0257\345e\271\na\215{\226\255x%T\257\037\333\004\344_/R\006E\344\037@\210\363\010\336T\226\247'\204_{\261\370""1\235\2445\343\033Y!\212\201\341\272\225'\007\362\221\033?d\207\347\304d\377\317>V8\004!\2317\320\331r\231yPKw\215\036\306\275\222\273\013\003""; }; requestCookie: 3; "
1750527597505,1750527597506,0,1,3,2,TMLedgerData,"ledgerHash: ""\003\235207\005}D\260\0261ah\322M\304\216\273m0\271\234\237\007<w$\265C\245\232\033""; ledgerSeq: 19; type: liBASE; nodes {;   nodedata: ""\000\000\000\023\001cEx]\211\377\330|\2003\266\274\251,W\006u\344\335d\003\306\212\313,\340\350bG\n\030Z\2732-\246\312\255\030\000\000\000\000\000\000\000\000\000\000\000\000\000\000\000\000\000\000\000\000\000\000\000\000\000\000\000\000\000\000\000\0002\033\323\372\322CsAt\3575\020 \236hz\005q\255\334\221\372\377i\247\203\024\007G!\357\255/\351\252\350/\351\252\360\n\000""; }; nodes {;   nodedata: ""\323C\344\327\264{\312-\017:\006{\177\344N\002\326bO\260\220\006\033\362\345\005U\221DzJ0\001\301\025%1L\307\t\261\262z\374\222T\301\274V\236\223\262\270Ct\362\337b\356\024*\324\320\351\317\002k\336\234\027v\351\217\260\303\360\233ZPZWr\246$w\313\313\r\243r\232\2234\373\3539:N\004Q\245\272D\312D\300\300\t\323\0257\345e\271\na\215{\226\255x%T\257\037\333\004\344_/R\006E\344\037@\210\363\010\336T\226\247'\204_{\261\370""1\235\2445\343\033Y!\212\201\341\272\225'\007\362\221\033?d\207\347\304d\377\317>V8\004!\2317\320\331r\231yPKw\215\036\306\275\222\273\013\003""; }; requestCookie: 2; ","ledgerHash: ""\003\235207\005}D\260\0261ah\322M\304\216\273m0\271\234\237\007<w$\265C\245\232\033""; ledgerSeq: 19; type: liBASE; nodes {;   nodedata: ""\000\000\000\023\001cEx]\211\377\330|\2003\266\274\251,W\006u\344\335d\003\306\212\313,\340\350bG\n\030Z\2732-\246\312\255\030\000\000\000\000\000\000\000\000\000\000\000\000\000\000\000\000\000\000\000\000\000\000\000\000\000\000\000\000\000\000\000\0002\033\323\372\322CsAt\3575\020 \236hz\005q\255\334\221\372\377i\247\203\024\007G!\357\255/\351\252\350/\351\252\360\n\000""; }; nodes {;   nodedata: ""\323C\344\327\264{\312-\017:\006{\177\344N\002\326bO\260\220\006\033\362\345\005U\221DzJ0\001\301\025%1L\307\t\261\262z\374\222T\301\274V\236\223\262\270Ct\362\337b\356\024*\324\320\351\317\002k\336\234\027v\351\217\260\303\360\233ZPZWr\246$w\313\313\r\243r\232\2234\373\3539:N\004Q\245\272D\312D\300\300\t\323\0257\345e\271\na\215{\226\255x%T\257\037\333\004\344_/R\006E\344\037@\210\363\010\336T\226\247'\204_{\261\370""1\235\2445\343\033Y!\212\201\341\272\225'\007\362\221\033?d\207\347\304d\377\317>V8\004!\2317\320\331r\231yPKw\215\036\306\275\222\273\013\003""; }; requestCookie: 2; "
1750527597506,1750527597506,0,1,3,1,TMLedgerData,"ledgerHash: ""\003\235207\005}D\260\0261ah\322M\304\216\273m0\271\234\237\007<w$\265C\245\232\033""; ledgerSeq: 19; type: liBASE; nodes {;   nodedata: ""\000\000\000\023\001cEx]\211\377\330|\2003\266\274\251,W\006u\344\335d\003\306\212\313,\340\350bG\n\030Z\2732-\246\312\255\030\000\000\000\000\000\000\000\000\000\000\000\000\000\000\000\000\000\000\000\000\000\000\000\000\000\000\000\000\000\000\000\0002\033\323\372\322CsAt\3575\020 \236hz\005q\255\334\221\372\377i\247\203\024\007G!\357\255/\351\252\350/\351\252\360\n\000""; }; nodes {;   nodedata: ""\323C\344\327\264{\312-\017:\006{\177\344N\002\326bO\260\220\006\033\362\345\005U\221DzJ0\001\301\025%1L\307\t\261\262z\374\222T\301\274V\236\223\262\270Ct\362\337b\356\024*\324\320\351\317\002k\336\234\027v\351\217\260\303\360\233ZPZWr\246$w\313\313\r\243r\232\2234\373\3539:N\004Q\245\272D\312D\300\300\t\323\0257\345e\271\na\215{\226\255x%T\257\037\333\004\344_/R\006E\344\037@\210\363\010\336T\226\247'\204_{\261\370""1\235\2445\343\033Y!\212\201\341\272\225'\007\362\221\033?d\207\347\304d\377\317>V8\004!\2317\320\331r\231yPKw\215\036\306\275\222\273\013\003""; }; requestCookie: 2; ","ledgerHash: ""\003\235207\005}D\260\0261ah\322M\304\216\273m0\271\234\237\007<w$\265C\245\232\033""; ledgerSeq: 19; type: liBASE; nodes {;   nodedata: ""\000\000\000\023\001cEx]\211\377\330|\2003\266\274\251,W\006u\344\335d\003\306\212\313,\340\350bG\n\030Z\2732-\246\312\255\030\000\000\000\000\000\000\000\000\000\000\000\000\000\000\000\000\000\000\000\000\000\000\000\000\000\000\000\000\000\000\000\0002\033\323\372\322CsAt\3575\020 \236hz\005q\255\334\221\372\377i\247\203\024\007G!\357\255/\351\252\350/\351\252\360\n\000""; }; nodes {;   nodedata: ""\323C\344\327\264{\312-\017:\006{\177\344N\002\326bO\260\220\006\033\362\345\005U\221DzJ0\001\301\025%1L\307\t\261\262z\374\222T\301\274V\236\223\262\270Ct\362\337b\356\024*\324\320\351\317\002k\336\234\027v\351\217\260\303\360\233ZPZWr\246$w\313\313\r\243r\232\2234\373\3539:N\004Q\245\272D\312D\300\300\t\323\0257\345e\271\na\215{\226\255x%T\257\037\333\004\344_/R\006E\344\037@\210\363\010\336T\226\247'\204_{\261\370""1\235\2445\343\033Y!\212\201\341\272\225'\007\362\221\033?d\207\347\304d\377\317>V8\004!\2317\320\331r\231yPKw\215\036\306\275\222\273\013\003""; }; requestCookie: 2; "
1750527597506,1750527597507,0,1,3,0,TMLedgerData,"ledgerHash: ""\003\235207\005}D\260\0261ah\322M\304\216\273m0\271\234\237\007<w$\265C\245\232\033""; ledgerSeq: 19; type: liBASE; nodes {;   nodedata: ""\000\000\000\023\001cEx]\211\377\330|\2003\266\274\251,W\006u\344\335d\003\306\212\313,\340\350bG\n\030Z\2732-\246\312\255\030\000\000\000\000\000\000\000\000\000\000\000\000\000\000\000\000\000\000\000\000\000\000\000\000\000\000\000\000\000\000\000\0002\033\323\372\322CsAt\3575\020 \236hz\005q\255\334\221\372\377i\247\203\024\007G!\357\255/\351\252\350/\351\252\360\n\000""; }; nodes {;   nodedata: ""\323C\344\327\264{\312-\017:\006{\177\344N\002\326bO\260\220\006\033\362\345\005U\221DzJ0\001\301\025%1L\307\t\261\262z\374\222T\301\274V\236\223\262\270Ct\362\337b\356\024*\324\320\351\317\002k\336\234\027v\351\217\260\303\360\233ZPZWr\246$w\313\313\r\243r\232\2234\373\3539:N\004Q\245\272D\312D\300\300\t\323\0257\345e\271\na\215{\226\255x%T\257\037\333\004\344_/R\006E\344\037@\210\363\010\336T\226\247'\204_{\261\370""1\235\2445\343\033Y!\212\201\341\272\225'\007\362\221\033?d\207\347\304d\377\317>V8\004!\2317\320\331r\231yPKw\215\036\306\275\222\273\013\003""; }; requestCookie: 5; ","ledgerHash: ""\003\235207\005}D\260\0261ah\322M\304\216\273m0\271\234\237\007<w$\265C\245\232\033""; ledgerSeq: 19; type: liBASE; nodes {;   nodedata: ""\000\000\000\023\001cEx]\211\377\330|\2003\266\274\251,W\006u\344\335d\003\306\212\313,\340\350bG\n\030Z\2732-\246\312\255\030\000\000\000\000\000\000\000\000\000\000\000\000\000\000\000\000\000\000\000\000\000\000\000\000\000\000\000\000\000\000\000\0002\033\323\372\322CsAt\3575\020 \236hz\005q\255\334\221\372\377i\247\203\024\007G!\357\255/\351\252\350/\351\252\360\n\000""; }; nodes {;   nodedata: ""\323C\344\327\264{\312-\017:\006{\177\344N\002\326bO\260\220\006\033\362\345\005U\221DzJ0\001\301\025%1L\307\t\261\262z\374\222T\301\274V\236\223\262\270Ct\362\337b\356\024*\324\320\351\317\002k\336\234\027v\351\217\260\303\360\233ZPZWr\246$w\313\313\r\243r\232\2234\373\3539:N\004Q\245\272D\312D\300\300\t\323\0257\345e\271\na\215{\226\255x%T\257\037\333\004\344_/R\006E\344\037@\210\363\010\336T\226\247'\204_{\261\370""1\235\2445\343\033Y!\212\201\341\272\225'\007\362\221\033?d\207\347\304d\377\317>V8\004!\2317\320\331r\231yPKw\215\036\306\275\222\273\013\003""; }; requestCookie: 5; "
1750527597507,1750527597507,0,1,3,0,TMLedgerData,"ledgerHash: ""\003\235207\005}D\260\0261ah\322M\304\216\273m0\271\234\237\007<w$\265C\245\232\033""; ledgerSeq: 19; type: liBASE; nodes {;   nodedata: ""\000\000\000\023\001cEx]\211\377\330|\2003\266\274\251,W\006u\344\335d\003\306\212\313,\340\350bG\n\030Z\2732-\246\312\255\030\000\000\000\000\000\000\000\000\000\000\000\000\000\000\000\000\000\000\000\000\000\000\000\000\000\000\000\000\000\000\000\0002\033\323\372\322CsAt\3575\020 \236hz\005q\255\334\221\372\377i\247\203\024\007G!\357\255/\351\252\350/\351\252\360\n\000""; }; nodes {;   nodedata: ""\323C\344\327\264{\312-\017:\006{\177\344N\002\326bO\260\220\006\033\362\345\005U\221DzJ0\001\301\025%1L\307\t\261\262z\374\222T\301\274V\236\223\262\270Ct\362\337b\356\024*\324\320\351\317\002k\336\234\027v\351\217\260\303\360\233ZPZWr\246$w\313\313\r\243r\232\2234\373\3539:N\004Q\245\272D\312D\300\300\t\323\0257\345e\271\na\215{\226\255x%T\257\037\333\004\344_/R\006E\344\037@\210\363\010\336T\226\247'\204_{\261\370""1\235\2445\343\033Y!\212\201\341\272\225'\007\362\221\033?d\207\347\304d\377\317>V8\004!\2317\320\331r\231yPKw\215\036\306\275\222\273\013\003""; }; requestCookie: 2; ","ledgerHash: ""\003\235207\005}D\260\0261ah\322M\304\216\273m0\271\234\237\007<w$\265C\245\232\033""; ledgerSeq: 19; type: liBASE; nodes {;   nodedata: ""\000\000\000\023\001cEx]\211\377\330|\2003\266\274\251,W\006u\344\335d\003\306\212\313,\340\350bG\n\030Z\2732-\246\312\255\030\000\000\000\000\000\000\000\000\000\000\000\000\000\000\000\000\000\000\000\000\000\000\000\000\000\000\000\000\000\000\000\0002\033\323\372\322CsAt\3575\020 \236hz\005q\255\334\221\372\377i\247\203\024\007G!\357\255/\351\252\350/\351\252\360\n\000""; }; nodes {;   nodedata: ""\323C\344\327\264{\312-\017:\006{\177\344N\002\326bO\260\220\006\033\362\345\005U\221DzJ0\001\301\025%1L\307\t\261\262z\374\222T\301\274V\236\223\262\270Ct\362\337b\356\024*\324\320\351\317\002k\336\234\027v\351\217\260\303\360\233ZPZWr\246$w\313\313\r\243r\232\2234\373\3539:N\004Q\245\272D\312D\300\300\t\323\0257\345e\271\na\215{\226\255x%T\257\037\333\004\344_/R\006E\344\037@\210\363\010\336T\226\247'\204_{\261\370""1\235\2445\343\033Y!\212\201\341\272\225'\007\362\221\033?d\207\347\304d\377\317>V8\004!\2317\320\331r\231yPKw\215\036\306\275\222\273\013\003""; }; requestCookie: 2; "
1750527597508,1750527597508,0,1,3,1,TMLedgerData,"ledgerHash: ""\003\235207\005}D\260\0261ah\322M\304\216\273m0\271\234\237\007<w$\265C\245\232\033""; ledgerSeq: 19; type: liBASE; nodes {;   nodedata: ""\000\000\000\023\001cEx]\211\377\330|\2003\266\274\251,W\006u\344\335d\003\306\212\313,\340\350bG\n\030Z\2732-\246\312\255\030\000\000\000\000\000\000\000\000\000\000\000\000\000\000\000\000\000\000\000\000\000\000\000\000\000\000\000\000\000\000\000\0002\033\323\372\322CsAt\3575\020 \236hz\005q\255\334\221\372\377i\247\203\024\007G!\357\255/\351\252\350/\351\252\360\n\000""; }; nodes {;   nodedata: ""\323C\344\327\264{\312-\017:\006{\177\344N\002\326bO\260\220\006\033\362\345\005U\221DzJ0\001\301\025%1L\307\t\261\262z\374\222T\301\274V\236\223\262\270Ct\362\337b\356\024*\324\320\351\317\002k\336\234\027v\351\217\260\303\360\233ZPZWr\246$w\313\313\r\243r\232\2234\373\3539:N\004Q\245\272D\312D\300\300\t\323\0257\345e\271\na\215{\226\255x%T\257\037\333\004\344_/R\006E\344\037@\210\363\010\336T\226\247'\204_{\261\370""1\235\2445\343\033Y!\212\201\341\272\225'\007\362\221\033?d\207\347\304d\377\317>V8\004!\2317\320\331r\231yPKw\215\036\306\275\222\273\013\003""; }; requestCookie: 3; ","ledgerHash: ""\003\235207\005}D\260\0261ah\322M\304\216\273m0\271\234\237\007<w$\265C\245\232\033""; ledgerSeq: 19; type: liBASE; nodes {;   nodedata: ""\000\000\000\023\001cEx]\211\377\330|\2003\266\274\251,W\006u\344\335d\003\306\212\313,\340\350bG\n\030Z\2732-\246\312\255\030\000\000\000\000\000\000\000\000\000\000\000\000\000\000\000\000\000\000\000\000\000\000\000\000\000\000\000\000\000\000\000\0002\033\323\372\322CsAt\3575\020 \236hz\005q\255\334\221\372\377i\247\203\024\007G!\357\255/\351\252\350/\351\252\360\n\000""; }; nodes {;   nodedata: ""\323C\344\327\264{\312-\017:\006{\177\344N\002\326bO\260\220\006\033\362\345\005U\221DzJ0\001\301\025%1L\307\t\261\262z\374\222T\301\274V\236\223\262\270Ct\362\337b\356\024*\324\320\351\317\002k\336\234\027v\351\217\260\303\360\233ZPZWr\246$w\313\313\r\243r\232\2234\373\3539:N\004Q\245\272D\312D\300\300\t\323\0257\345e\271\na\215{\226\255x%T\257\037\333\004\344_/R\006E\344\037@\210\363\010\336T\226\247'\204_{\261\370""1\235\2445\343\033Y!\212\201\341\272\225'\007\362\221\033?d\207\347\304d\377\317>V8\004!\2317\320\331r\231yPKw\215\036\306\275\222\273\013\003""; }; requestCookie: 3; "
1750527597508,1750527597509,0,1,3,1,TMLedgerData,"ledgerHash: ""\003\235207\005}D\260\0261ah\322M\304\216\273m0\271\234\237\007<w$\265C\245\232\033""; ledgerSeq: 19; type: liAS_NODE; nodes {;   nodedata: ""\021\000h""\000\000\000\000 \033\000\000\000\022\002\023\302\237\330\356GuH\375\327!\255\371\r\231\262R\256J\034\222\241\355X\265E\241^W\225\304\014\361CX-}\351f\032\255\274\334m\326c\017\014ao[\342\230\003\245\245\3341Hm\326^\017jy\335\261\032Yt\320\244{g\0306\\302\303*\341\215\223\257\364\277o\375\000r\241SOq\221\253\262\005\017\375T\356\014\360o'\030\311-\267\031\257!\031T\006><\315XM\334\324\345\034\000\325\367\240\271\013\265\024\321\362\354\211\250.\234s\225amc\305\035\366\276\037nD\277`\210\223N\3535\033\261\304f\331]\036\237\306o!\223\221\002\324\031\262\240R\177 ,\214\325\Q])\016\2067\277\t\354\010\000\360\215\2502\265\245\310\226\243c\302Ze\306\253#r\020\211\320iG\276\020E\317\035Sf\223F\254\033@\177e\277\016\010u\327\371&\262\312\317Q\2361t\377x\234\001v\003%\030\325_\225g\204\346a=\225\273\331\354\365*U\363\263N\367b\371\244\314-w\363\262\225Z\200\206\235\233\257?sE\2674\254\326mU\377?\177Ek\336\030!\316Aa\225\303\022\377{\210Y\226\271as\354L\035\004\341\361\035\301\024\220m#*\372\032\3178~\374\250\014*\323\342'z69\220\327\256\351G\367\317u\302\207\270b\315\333\333\334\310I\323&\014\352XZnW2.\335\347\202\021\247\362\212e\034\000\001\250\220\305;a\314\265R\310\017\317\331\235\360\262\240:\277\202\266\354\265X""\022\nh\252\352w\204\203\023]\001f\352\277\0031Q]\362\370R\350{\261\202\240\344\215\201\353\276\322p5p\350\354\017>\250r\241c\273\016\301\024\363\242\247\263\231\370\344\nBW\220K\316@3\243\200\036wk\253GSlU\010\360\231>\331\263H\214\324\030A\225\301o\346pkSF\004\241\213w9\223=\250\262*+\255\351r\265\244c\024\213\t\007`\223\325#\3477\210\345P\306\013\320\252[\0216+\227=`\371P\314\346 V7\271[~\n\237\274|\347\352@K\253~&\260\032\024\004B\200\255h\351\013\361\031:nG\211\005|\2003\266\274\251,W\006u\344\335d\003\306\212\313,\340\350bG\n\030Z\2732-\246\312\255\030\264\227\2326\315\307\363\323\325\303\032N\256*\307\327 \235\332\207u\210\271\257\306g\231i*\260\326k\001"";   nodeid: ""\260\000\000\000\000\000\000\000\000\000\000\000\000\000\000\000\000\000\000\000\000\000\000\000\000\000\000\000\000\000\000\000\001""; }; ","ledgerHash: ""\003\235207\005}D\260\0261ah\322M\304\216\273m0\271\234\237\007<w$\265C\245\232\033""; ledgerSeq: 19; type: liAS_NODE; nodes {;   nodedata: ""\021\000h""\000\000\000\000 \033\000\000\000\022\002\023\302\237\330\356GuH\375\327!\255\371\r\231\262R\256J\034\222\241\355X\265E\241^W\225\304\014\361CX-}\351f\032\255\274\334m\326c\017\014ao[\342\230\003\245\245\3341Hm\326^\017jy\335\261\032Yt\320\244{g\0306\\302\303*\341\215\223\257\364\277o\375\000r\241SOq\221\253\262\005\017\375T\356\014\360o'\030\311-\267\031\257!\031T\006><\315XM\334\324\345\034\000\325\367\240\271\013\265\024\321\362\354\211\250.\234s\225amc\305\035\366\276\037nD\277`\210\223N\3535\033\261\304f\331]\036\237\306o!\223\221\002\324\031\262\240R\177 ,\214\325\Q])\016\2067\277\t\354\010\000\360\215\2502\265\245\310\226\243c\302Ze\306\253#r\020\211\320iG\276\020E\317\035Sf\223F\254\033@\177e\277\016\010u\327\371&\262\312\317Q\2361t\377x\234\001v\003%\030\325_\225g\204\346a=\225\273\331\354\365*U\363\263N\367b\371\244\314-w\363\262\225Z\200\206\235\233\257?sE\2674\254\326mU\377?\177Ek\336\030!\316Aa\225\303\022\377{\210Y\226\271as\354L\035\004\341\361\035\301\024\220m#*\372\032\3178~\374\250\014*\323\342'z69\220\327\256\351G\367\317u\302\207\270b\315\333\333\334\310I\323&\014\352XZnW2.\335\347\202\021\247\362\212e\034\000\001\250\220\305;a\314\265R\310\017\317\331\235\360\262\240:\277\202\266\354\265X""\022\nh\252\352w\204\203\023]\001f\352\277\0031Q]\362\370R\350{\261\202\240\344\215\201\353\276\322p5p\350\354\017>\250r\241c\273\016\301\024\363\242\247\263\231\370\344\nBW\220K\316@3\243\200\036wk\253GSlU\010\360\231>\331\263H\214\324\030A\225\301o\346pkSF\004\241\213w9\223=\250\262*+\255\351r\265\244c\024\213\t\007`\223\325#\3477\210\345P\306\013\320\252[\0216+\227=`\371P\314\346 V7\271[~\n\237\274|\347\352@K\253~&\260\032\024\004B\200\255h\351\013\361\031:nG\211\005|\2003\266\274\251,W\006u\344\335d\003\306\212\313,\340\350bG\n\030Z\2732-\246\312\255\030\264\227\2326\315\307\363\323\325\303\032N\256*\307\327 \235\332\207u\210\271\257\306g\231i*\260\326k\001"";   nodeid: ""\260\000\000\000\000\000\000\000\000\000\000\000\000\000\000\000\000\000\000\000\000\000\000\000\000\000\000\000\000\000\000\000\001""; }; "
1750527597509,1750527597510,0,1,3,0,TMLedgerData,"ledgerHash: ""\003\235207\005}D\260\0261ah\322M\304\216\273m0\271\234\237\007<w$\265C\245\232\033""; ledgerSeq: 19; type: liBASE; nodes {;   nodedata: ""\000\000\000\023\001cEx]\211\377\330|\2003\266\274\251,W\006u\344\335d\003\306\212\313,\340\350bG\n\030Z\2732-\246\312\255\030\000\000\000\000\000\000\000\000\000\000\000\000\000\000\000\000\000\000\000\000\000\000\000\000\000\000\000\000\000\000\000\0002\033\323\372\322CsAt\3575\020 \236hz\005q\255\334\221\372\377i\247\203\024\007G!\357\255/\351\252\350/\351\252\360\n\000""; }; nodes {;   nodedata: ""\323C\344\327\264{\312-\017:\006{\177\344N\002\326bO\260\220\006\033\362\345\005U\221DzJ0\001\301\025%1L\307\t\261\262z\374\222T\301\274V\236\223\262\270Ct\362\337b\356\024*\324\320\351\317\002k\336\234\027v\351\217\260\303\360\233ZPZWr\246$w\313\313\r\243r\232\2234\373\3539:N\004Q\245\272D\312D\300\300\t\323\0257\345e\271\na\215{\226\255x%T\257\037\333\004\344_/R\006E\344\037@\210\363\010\336T\226\247'\204_{\261\370""1\235\2445\343\033Y!\212\201\341\272\225'\007\362\221\033?d\207\347\304d\377\317>V8\004!\2317\320\331r\231yPKw\215\036\306\275\222\273\013\003""; }; requestCookie: 3; ","ledgerHash: ""\003\235207\005}D\260\0261ah\322M\304\216\273m0\271\234\237\007<w$\265C\245\232\033""; ledgerSeq: 19; type: liBASE; nodes {;   nodedata: ""\000\000\000\023\001cEx]\211\377\330|\2003\266\274\251,W\006u\344\335d\003\306\212\313,\340\350bG\n\030Z\2732-\246\312\255\030\000\000\000\000\000\000\000\000\000\000\000\000\000\000\000\000\000\000\000\000\000\000\000\000\000\000\000\000\000\000\000\0002\033\323\372\322CsAt\3575\020 \236hz\005q\255\334\221\372\377i\247\203\024\007G!\357\255/\351\252\350/\351\252\360\n\000""; }; nodes {;   nodedata: ""\323C\344\327\264{\312-\017:\006{\177\344N\002\326bO\260\220\006\033\362\345\005U\221DzJ0\001\301\025%1L\307\t\261\262z\374\222T\301\274V\236\223\262\270Ct\362\337b\356\024*\324\320\351\317\002k\336\234\027v\351\217\260\303\360\233ZPZWr\246$w\313\313\r\243r\232\2234\373\3539:N\004Q\245\272D\312D\300\300\t\323\0257\345e\271\na\215{\226\255x%T\257\037\333\004\344_/R\006E\344\037@\210\363\010\336T\226\247'\204_{\261\370""1\235\2445\343\033Y!\212\201\341\272\225'\007\362\221\033?d\207\347\304d\377\317>V8\004!\2317\320\331r\231yPKw\215\036\306\275\222\273\013\003""; }; requestCookie: 3; "
1750527597510,1750527597510,0,1,3,0,TMLedgerData,"ledgerHash: ""\003\235207\005}D\260\0261ah\322M\304\216\273m0\271\234\237\007<w$\265C\245\232\033""; ledgerSeq: 19; type: liAS_NODE; nodes {;   nodedata: ""\021\000h""\000\000\000\000 \033\000\000\000\022\002\023\302\237\330\356GuH\375\327!\255\371\r\231\262R\256J\034\222\241\355X\265E\241^W\225\304\014\361CX-}\351f\032\255\274\334m\326c\017\014ao[\342\230\003\245\245\3341Hm\326^\017jy\335\261\032Yt\320\244{g\0306\\302\303*\341\215\223\257\364\277o\375\000r\241SOq\221\253\262\005\017\375T\356\014\360o'\030\311-\267\031\257!\031T\006><\315XM\334\324\345\034\000\325\367\240\271\013\265\024\321\362\354\211\250.\234s\225amc\305\035\366\276\037nD\277`\210\223N\3535\033\261\304f\331]\036\237\306o!\223\221\002\324\031\262\240R\177 ,\214\325\Q])\016\2067\277\t\354\010\000\360\215\2502\265\245\310\226\243c\302Ze\306\253#r\020\211\320iG\276\020E\317\035Sf\223F\254\033@\177e\277\016\010u\327\371&\262\312\317Q\2361t\377x\234\001v\003%\030\325_\225g\204\346a=\225\273\331\354\365*U\363\263N\367b\371\244\314-w\363\262\225Z\200\206\235\233\257?sE\2674\254\326mU\377?\177Ek\336\030!\316Aa\225\303\022\377{\210Y\226\271as\354L\035\004\341\361\035\301\024\220m#*\372\032\3178~\374\250\014*\323\342'z69\220\327\256\351G\367\317u\302\207\270b\315\333\333\334\310I\323&\014\352XZnW2.\335\347\202\021\247\362\212e\034\000\001\250\220\305;a\314\265R\310\017\317\331\235\360\262\240:\277\202\266\354\265X""\022\nh\252\352w\204\203\023]\001f\352\277\0031Q]\362\370R\350{\261\202\240\344\215\201\353\276\322p5p\350\354\017>\250r\241c\273\016\301\024\363\242\247\263\231\370\344\nBW\220K\316@3\243\200\036wk\253GSlU\010\360\231>\331\263H\214\324\030A\225\301o\346pkSF\004\241\213w9\223=\250\262*+\255\351r\265\244c\024\213\t\007`\223\325#\3477\210\345P\306\013\320\252[\0216+\227=`\371P\314\346 V7\271[~\n\237\274|\347\352@K\253~&\260\032\024\004B\200\255h\351\013\361\031:nG\211\005|\2003\266\274\251,W\006u\344\335d\003\306\212\313,\340\350bG\n\030Z\2732-\246\312\255\030\264\227\2326\315\307\363\323\325\303\032N\256*\307\327 \235\332\207u\210\271\257\306g\231i*\260\326k\001"";   nodeid: ""\260\000\000\000\000\000\000\000\000\000\000\000\000\000\000\000\000\000\000\000\000\000\000\000\000\000\000\000\000\000\000\000\001""; }; ","ledgerHash: ""\003\235207\005}D\260\0261ah\322M\304\216\273m0\271\234\237\007<w$\265C\245\232\033""; ledgerSeq: 19; type: liAS_NODE; nodes {;   nodedata: ""\021\000h""\000\000\000\000 \033\000\000\000\022\002\023\302\237\330\356GuH\375\327!\255\371\r\231\262R\256J\034\222\241\355X\265E\241^W\225\304\014\361CX-}\351f\032\255\274\334m\326c\017\014ao[\342\230\003\245\245\3341Hm\326^\017jy\335\261\032Yt\320\244{g\0306\\302\303*\341\215\223\257\364\277o\375\000r\241SOq\221\253\262\005\017\375T\356\014\360o'\030\311-\267\031\257!\031T\006><\315XM\334\324\345\034\000\325\367\240\271\013\265\024\321\362\354\211\250.\234s\225amc\305\035\366\276\037nD\277`\210\223N\3535\033\261\304f\331]\036\237\306o!\223\221\002\324\031\262\240R\177 ,\214\325\Q])\016\2067\277\t\354\010\000\360\215\2502\265\245\310\226\243c\302Ze\306\253#r\020\211\320iG\276\020E\317\035Sf\223F\254\033@\177e\277\016\010u\327\371&\262\312\317Q\2361t\377x\234\001v\003%\030\325_\225g\204\346a=\225\273\331\354\365*U\363\263N\367b\371\244\314-w\363\262\225Z\200\206\235\233\257?sE\2674\254\326mU\377?\177Ek\336\030!\316Aa\225\303\022\377{\210Y\226\271as\354L\035\004\341\361\035\301\024\220m#*\372\032\3178~\374\250\014*\323\342'z69\220\327\256\351G\367\317u\302\207\270b\315\333\333\334\310I\323&\014\352XZnW2.\335\347\202\021\247\362\212e\034\000\001\250\220\305;a\314\265R\310\017\317\331\235\360\262\240:\277\202\266\354\265X""\022\nh\252\352w\204\203\023]\001f\352\277\0031Q]\362\370R\350{\261\202\240\344\215\201\353\276\322p5p\350\354\017>\250r\241c\273\016\301\024\363\242\247\263\231\370\344\nBW\220K\316@3\243\200\036wk\253GSlU\010\360\231>\331\263H\214\324\030A\225\301o\346pkSF\004\241\213w9\223=\250\262*+\255\351r\265\244c\024\213\t\007`\223\325#\3477\210\345P\306\013\320\252[\0216+\227=`\371P\314\346 V7\271[~\n\237\274|\347\352@K\253~&\260\032\024\004B\200\255h\351\013\361\031:nG\211\005|\2003\266\274\251,W\006u\344\335d\003\306\212\313,\340\350bG\n\030Z\2732-\246\312\255\030\264\227\2326\315\307\363\323\325\303\032N\256*\307\327 \235\332\207u\210\271\257\306g\231i*\260\326k\001"";   nodeid: ""\260\000\000\000\000\000\000\000\000\000\000\000\000\000\000\000\000\000\000\000\000\000\000\000\000\000\000\000\000\000\000\000\001""; }; "
1750527597511,1750527597511,0,1,4,2,TMLedgerData,"ledgerHash: ""\003\235207\005}D\260\0261ah\322M\304\216\273m0\271\234\237\007<w$\265C\245\232\033""; ledgerSeq: 19; type: liBASE; nodes {;   nodedata: ""\000\000\000\023\001cEx]\211\377\330|\2003\266\274\251,W\006u\344\335d\003\306\212\313,\340\350bG\n\030Z\2732-\246\312\255\030\000\000\000\000\000\000\000\000\000\000\000\000\000\000\000\000\000\000\000\000\000\000\000\000\000\000\000\000\000\000\000\0002\033\323\372\322CsAt\3575\020 \236hz\005q\255\334\221\372\377i\247\203\024\007G!\357\255/\351\252\350/\351\252\360\n\000""; }; nodes {;   nodedata: ""\323C\344\327\264{\312-\017:\006{\177\344N\002\326bO\260\220\006\033\362\345\005U\221DzJ0\001\301\025%1L\307\t\261\262z\374\222T\301\274V\236\223\262\270Ct\362\337b\356\024*\324\320\351\317\002k\336\234\027v\351\217\260\303\360\233ZPZWr\246$w\313\313\r\243r\232\2234\373\3539:N\004Q\245\272D\312D\300\300\t\323\0257\345e\271\na\215{\226\255x%T\257\037\333\004\344_/R\006E\344\037@\210\363\010\336T\226\247'\204_{\261\370""1\235\2445\343\033Y!\212\201\341\272\225'\007\362\221\033?d\207\347\304d\377\317>V8\004!\2317\320\331r\231yPKw\215\036\306\275\222\273\013\003""; }; ","ledgerHash: ""\003\235207\005}D\260\0261ah\322M\304\216\273m0\271\234\237\007<w$\265C\245\232\033""; ledgerSeq: 19; type: liBASE; nodes {;   nodedata: ""\000\000\000\023\001cEx]\211\377\330|\2003\266\274\251,W\006u\344\335d\003\306\212\313,\340\350bG\n\030Z\2732-\246\312\255\030\000\000\000\000\000\000\000\000\000\000\000\000\000\000\000\000\000\000\000\000\000\000\000\000\000\000\000\000\000\000\000\0002\033\323\372\322CsAt\3575\020 \236hz\005q\255\334\221\372\377i\247\203\024\007G!\357\255/\351\252\350/\351\252\360\n\000""; }; nodes {;   nodedata: ""\323C\344\327\264{\312-\017:\006{\177\344N\002\326bO\260\220\006\033\362\345\005U\221DzJ0\001\301\025%1L\307\t\261\262z\374\222T\301\274V\236\223\262\270Ct\362\337b\356\024*\324\320\351\317\002k\336\234\027v\351\217\260\303\360\233ZPZWr\246$w\313\313\r\243r\232\2234\373\3539:N\004Q\245\272D\312D\300\300\t\323\0257\345e\271\na\215{\226\255x%T\257\037\333\004\344_/R\006E\344\037@\210\363\010\336T\226\247'\204_{\261\370""1\235\2445\343\033Y!\212\201\341\272\225'\007\362\221\033?d\207\347\304d\377\317>V8\004!\2317\320\331r\231yPKw\215\036\306\275\222\273\013\003""; }; "
1750527597511,1750527597512,0,1,4,0,TMLedgerData,"ledgerHash: ""\003\235207\005}D\260\0261ah\322M\304\216\273m0\271\234\237\007<w$\265C\245\232\033""; ledgerSeq: 19; type: liBASE; nodes {;   nodedata: ""\000\000\000\023\001cEx]\211\377\330|\2003\266\274\251,W\006u\344\335d\003\306\212\313,\340\350bG\n\030Z\2732-\246\312\255\030\000\000\000\000\000\000\000\000\000\000\000\000\000\000\000\000\000\000\000\000\000\000\000\000\000\000\000\000\000\000\000\0002\033\323\372\322CsAt\3575\020 \236hz\005q\255\334\221\372\377i\247\203\024\007G!\357\255/\351\252\350/\351\252\360\n\000""; }; nodes {;   nodedata: ""\323C\344\327\264{\312-\017:\006{\177\344N\002\326bO\260\220\006\033\362\345\005U\221DzJ0\001\301\025%1L\307\t\261\262z\374\222T\301\274V\236\223\262\270Ct\362\337b\356\024*\324\320\351\317\002k\336\234\027v\351\217\260\303\360\233ZPZWr\246$w\313\313\r\243r\232\2234\373\3539:N\004Q\245\272D\312D\300\300\t\323\0257\345e\271\na\215{\226\255x%T\257\037\333\004\344_/R\006E\344\037@\210\363\010\336T\226\247'\204_{\261\370""1\235\2445\343\033Y!\212\201\341\272\225'\007\362\221\033?d\207\347\304d\377\317>V8\004!\2317\320\331r\231yPKw\215\036\306\275\222\273\013\003""; }; ","ledgerHash: ""\003\235207\005}D\260\0261ah\322M\304\216\273m0\271\234\237\007<w$\265C\245\232\033""; ledgerSeq: 19; type: liBASE; nodes {;   nodedata: ""\000\000\000\023\001cEx]\211\377\330|\2003\266\274\251,W\006u\344\335d\003\306\212\313,\340\350bG\n\030Z\2732-\246\312\255\030\000\000\000\000\000\000\000\000\000\000\000\000\000\000\000\000\000\000\000\000\000\000\000\000\000\000\000\000\000\000\000\0002\033\323\372\322CsAt\3575\020 \236hz\005q\255\334\221\372\377i\247\203\024\007G!\357\255/\351\252\350/\351\252\360\n\000""; }; nodes {;   nodedata: ""\323C\344\327\264{\312-\017:\006{\177\344N\002\326bO\260\220\006\033\362\345\005U\221DzJ0\001\301\025%1L\307\t\261\262z\374\222T\301\274V\236\223\262\270Ct\362\337b\356\024*\324\320\351\317\002k\336\234\027v\351\217\260\303\360\233ZPZWr\246$w\313\313\r\243r\232\2234\373\3539:N\004Q\245\272D\312D\300\300\t\323\0257\345e\271\na\215{\226\255x%T\257\037\333\004\344_/R\006E\344\037@\210\363\010\336T\226\247'\204_{\261\370""1\235\2445\343\033Y!\212\201\341\272\225'\007\362\221\033?d\207\347\304d\377\317>V8\004!\2317\320\331r\231yPKw\215\036\306\275\222\273\013\003""; }; "
1750527597513,1750527597513,0,1,2,4,TMLedgerData,"ledgerHash: ""\003\235207\005}D\260\0261ah\322M\304\216\273m0\271\234\237\007<w$\265C\245\232\033""; ledgerSeq: 19; type: liBASE; nodes {;   nodedata: ""\000\000\000\023\001cEx]\211\377\330|\2003\266\274\251,W\006u\344\335d\003\306\212\313,\340\350bG\n\030Z\2732-\246\312\255\030\000\000\000\000\000\000\000\000\000\000\000\000\000\000\000\000\000\000\000\000\000\000\000\000\000\000\000\000\000\000\000\0002\033\323\372\322CsAt\3575\020 \236hz\005q\255\334\221\372\377i\247\203\024\007G!\357\255/\351\252\350/\351\252\360\n\000""; }; nodes {;   nodedata: ""\323C\344\327\264{\312-\017:\006{\177\344N\002\326bO\260\220\006\033\362\345\005U\221DzJ0\001\301\025%1L\307\t\261\262z\374\222T\301\274V\236\223\262\270Ct\362\337b\356\024*\324\320\351\317\002k\336\234\027v\351\217\260\303\360\233ZPZWr\246$w\313\313\r\243r\232\2234\373\3539:N\004Q\245\272D\312D\300\300\t\323\0257\345e\271\na\215{\226\255x%T\257\037\333\004\344_/R\006E\344\037@\210\363\010\336T\226\247'\204_{\261\370""1\235\2445\343\033Y!\212\201\341\272\225'\007\362\221\033?d\207\347\304d\377\317>V8\004!\2317\320\331r\231yPKw\215\036\306\275\222\273\013\003""; }; ","ledgerHash: ""\003\235207\005}D\260\0261ah\322M\304\216\273m0\271\234\237\007<w$\265C\245\232\033""; ledgerSeq: 19; type: liBASE; nodes {;   nodedata: ""\000\000\000\023\001cEx]\211\377\330|\2003\266\274\251,W\006u\344\335d\003\306\212\313,\340\350bG\n\030Z\2732-\246\312\255\030\000\000\000\000\000\000\000\000\000\000\000\000\000\000\000\000\000\000\000\000\000\000\000\000\000\000\000\000\000\000\000\0002\033\323\372\322CsAt\3575\020 \236hz\005q\255\334\221\372\377i\247\203\024\007G!\357\255/\351\252\350/\351\252\360\n\000""; }; nodes {;   nodedata: ""\323C\344\327\264{\312-\017:\006{\177\344N\002\326bO\260\220\006\033\362\345\005U\221DzJ0\001\301\025%1L\307\t\261\262z\374\222T\301\274V\236\223\262\270Ct\362\337b\356\024*\324\320\351\317\002k\336\234\027v\351\217\260\303\360\233ZPZWr\246$w\313\313\r\243r\232\2234\373\3539:N\004Q\245\272D\312D\300\300\t\323\0257\345e\271\na\215{\226\255x%T\257\037\333\004\344_/R\006E\344\037@\210\363\010\336T\226\247'\204_{\261\370""1\235\2445\343\033Y!\212\201\341\272\225'\007\362\221\033?d\207\347\304d\377\317>V8\004!\2317\320\331r\231yPKw\215\036\306\275\222\273\013\003""; }; "
1750527597513,1750527597513,0,1,4,1,TMLedgerData,"ledgerHash: ""\003\235207\005}D\260\0261ah\322M\304\216\273m0\271\234\237\007<w$\265C\245\232\033""; ledgerSeq: 19; type: liBASE; nodes {;   nodedata: ""\000\000\000\023\001cEx]\211\377\330|\2003\266\274\251,W\006u\344\335d\003\306\212\313,\340\350bG\n\030Z\2732-\246\312\255\030\000\000\000\000\000\000\000\000\000\000\000\000\000\000\000\000\000\000\000\000\000\000\000\000\000\000\000\000\000\000\000\0002\033\323\372\322CsAt\3575\020 \236hz\005q\255\334\221\372\377i\247\203\024\007G!\357\255/\351\252\350/\351\252\360\n\000""; }; nodes {;   nodedata: ""\323C\344\327\264{\312-\017:\006{\177\344N\002\326bO\260\220\006\033\362\345\005U\221DzJ0\001\301\025%1L\307\t\261\262z\374\222T\301\274V\236\223\262\270Ct\362\337b\356\024*\324\320\351\317\002k\336\234\027v\351\217\260\303\360\233ZPZWr\246$w\313\313\r\243r\232\2234\373\3539:N\004Q\245\272D\312D\300\300\t\323\0257\345e\271\na\215{\226\255x%T\257\037\333\004\344_/R\006E\344\037@\210\363\010\336T\226\247'\204_{\261\370""1\235\2445\343\033Y!\212\201\341\272\225'\007\362\221\033?d\207\347\304d\377\317>V8\004!\2317\320\331r\231yPKw\215\036\306\275\222\273\013\003""; }; ","ledgerHash: ""\003\235207\005}D\260\0261ah\322M\304\216\273m0\271\234\237\007<w$\265C\245\232\033""; ledgerSeq: 19; type: liBASE; nodes {;   nodedata: ""\000\000\000\023\001cEx]\211\377\330|\2003\266\274\251,W\006u\344\335d\003\306\212\313,\340\350bG\n\030Z\2732-\246\312\255\030\000\000\000\000\000\000\000\000\000\000\000\000\000\000\000\000\000\000\000\000\000\000\000\000\000\000\000\000\000\000\000\0002\033\323\372\322CsAt\3575\020 \236hz\005q\255\334\221\372\377i\247\203\024\007G!\357\255/\351\252\350/\351\252\360\n\000""; }; nodes {;   nodedata: ""\323C\344\327\264{\312-\017:\006{\177\344N\002\326bO\260\220\006\033\362\345\005U\221DzJ0\001\301\025%1L\307\t\261\262z\374\222T\301\274V\236\223\262\270Ct\362\337b\356\024*\324\320\351\317\002k\336\234\027v\351\217\260\303\360\233ZPZWr\246$w\313\313\r\243r\232\2234\373\3539:N\004Q\245\272D\312D\300\300\t\323\0257\345e\271\na\215{\226\255x%T\257\037\333\004\344_/R\006E\344\037@\210\363\010\336T\226\247'\204_{\261\370""1\235\2445\343\033Y!\212\201\341\272\225'\007\362\221\033?d\207\347\304d\377\317>V8\004!\2317\320\331r\231yPKw\215\036\306\275\222\273\013\003""; }; "
1750527597514,1750527597515,0,1,2,1,TMLedgerData,"ledgerHash: ""\003\235207\005}D\260\0261ah\322M\304\216\273m0\271\234\237\007<w$\265C\245\232\033""; ledgerSeq: 19; type: liBASE; nodes {;   nodedata: ""\000\000\000\023\001cEx]\211\377\330|\2003\266\274\251,W\006u\344\335d\003\306\212\313,\340\350bG\n\030Z\2732-\246\312\255\030\000\000\000\000\000\000\000\000\000\000\000\000\000\000\000\000\000\000\000\000\000\000\000\000\000\000\000\000\000\000\000\0002\033\323\372\322CsAt\3575\020 \236hz\005q\255\334\221\372\377i\247\203\024\007G!\357\255/\351\252\350/\351\252\360\n\000""; }; nodes {;   nodedata: ""\323C\344\327\264{\312-\017:\006{\177\344N\002\326bO\260\220\006\033\362\345\005U\221DzJ0\001\301\025%1L\307\t\261\262z\374\222T\301\274V\236\223\262\270Ct\362\337b\356\024*\324\320\351\317\002k\336\234\027v\351\217\260\303\360\233ZPZWr\246$w\313\313\r\243r\232\2234\373\3539:N\004Q\245\272D\312D\300\300\t\323\0257\345e\271\na\215{\226\255x%T\257\037\333\004\344_/R\006E\344\037@\210\363\010\336T\226\247'\204_{\261\370""1\235\2445\343\033Y!\212\201\341\272\225'\007\362\221\033?d\207\347\304d\377\317>V8\004!\2317\320\331r\231yPKw\215\036\306\275\222\273\013\003""; }; ","ledgerHash: ""\003\235207\005}D\260\0261ah\322M\304\216\273m0\271\234\237\007<w$\265C\245\232\033""; ledgerSeq: 19; type: liBASE; nodes {;   nodedata: ""\000\000\000\023\001cEx]\211\377\330|\2003\266\274\251,W\006u\344\335d\003\306\212\313,\340\350bG\n\030Z\2732-\246\312\255\030\000\000\000\000\000\000\000\000\000\000\000\000\000\000\000\000\000\000\000\000\000\000\000\000\000\000\000\000\000\000\000\0002\033\323\372\322CsAt\3575\020 \236hz\005q\255\334\221\372\377i\247\203\024\007G!\357\255/\351\252\350/\351\252\360\n\000""; }; nodes {;   nodedata: ""\323C\344\327\264{\312-\017:\006{\177\344N\002\326bO\260\220\006\033\362\345\005U\221DzJ0\001\301\025%1L\307\t\261\262z\374\222T\301\274V\236\223\262\270Ct\362\337b\356\024*\324\320\351\317\002k\336\234\027v\351\217\260\303\360\233ZPZWr\246$w\313\313\r\243r\232\2234\373\3539:N\004Q\245\272D\312D\300\300\t\323\0257\345e\271\na\215{\226\255x%T\257\037\333\004\344_/R\006E\344\037@\210\363\010\336T\226\247'\204_{\261\370""1\235\2445\343\033Y!\212\201\341\272\225'\007\362\221\033?d\207\347\304d\377\317>V8\004!\2317\320\331r\231yPKw\215\036\306\275\222\273\013\003""; }; "
1750527597515,1750527597515,0,1,2,0,TMLedgerData,"ledgerHash: ""\003\235207\005}D\260\0261ah\322M\304\216\273m0\271\234\237\007<w$\265C\245\232\033""; ledgerSeq: 19; type: liBASE; nodes {;   nodedata: ""\000\000\000\023\001cEx]\211\377\330|\2003\266\274\251,W\006u\344\335d\003\306\212\313,\340\350bG\n\030Z\2732-\246\312\255\030\000\000\000\000\000\000\000\000\000\000\000\000\000\000\000\000\000\000\000\000\000\000\000\000\000\000\000\000\000\000\000\0002\033\323\372\322CsAt\3575\020 \236hz\005q\255\334\221\372\377i\247\203\024\007G!\357\255/\351\252\350/\351\252\360\n\000""; }; nodes {;   nodedata: ""\323C\344\327\264{\312-\017:\006{\177\344N\002\326bO\260\220\006\033\362\345\005U\221DzJ0\001\301\025%1L\307\t\261\262z\374\222T\301\274V\236\223\262\270Ct\362\337b\356\024*\324\320\351\317\002k\336\234\027v\351\217\260\303\360\233ZPZWr\246$w\313\313\r\243r\232\2234\373\3539:N\004Q\245\272D\312D\300\300\t\323\0257\345e\271\na\215{\226\255x%T\257\037\333\004\344_/R\006E\344\037@\210\363\010\336T\226\247'\204_{\261\370""1\235\2445\343\033Y!\212\201\341\272\225'\007\362\221\033?d\207\347\304d\377\317>V8\004!\2317\320\331r\231yPKw\215\036\306\275\222\273\013\003""; }; ","ledgerHash: ""\003\235207\005}D\260\0261ah\322M\304\216\273m0\271\234\237\007<w$\265C\245\232\033""; ledgerSeq: 19; type: liBASE; nodes {;   nodedata: ""\000\000\000\023\001cEx]\211\377\330|\2003\266\274\251,W\006u\344\335d\003\306\212\313,\340\350bG\n\030Z\2732-\246\312\255\030\000\000\000\000\000\000\000\000\000\000\000\000\000\000\000\000\000\000\000\000\000\000\000\000\000\000\000\000\000\000\000\0002\033\323\372\322CsAt\3575\020 \236hz\005q\255\334\221\372\377i\247\203\024\007G!\357\255/\351\252\350/\351\252\360\n\000""; }; nodes {;   nodedata: ""\323C\344\327\264{\312-\017:\006{\177\344N\002\326bO\260\220\006\033\362\345\005U\221DzJ0\001\301\025%1L\307\t\261\262z\374\222T\301\274V\236\223\262\270Ct\362\337b\356\024*\324\320\351\317\002k\336\234\027v\351\217\260\303\360\233ZPZWr\246$w\313\313\r\243r\232\2234\373\3539:N\004Q\245\272D\312D\300\300\t\323\0257\345e\271\na\215{\226\255x%T\257\037\333\004\344_/R\006E\344\037@\210\363\010\336T\226\247'\204_{\261\370""1\235\2445\343\033Y!\212\201\341\272\225'\007\362\221\033?d\207\347\304d\377\317>V8\004!\2317\320\331r\231yPKw\215\036\306\275\222\273\013\003""; }; "
1750527597516,1750527597516,0,1,1,0,TMLedgerData,"ledgerHash: ""\003\235207\005}D\260\0261ah\322M\304\216\273m0\271\234\237\007<w$\265C\245\232\033""; ledgerSeq: 19; type: liBASE; nodes {;   nodedata: ""\000\000\000\023\001cEx]\211\377\330|\2003\266\274\251,W\006u\344\335d\003\306\212\313,\340\350bG\n\030Z\2732-\246\312\255\030\000\000\000\000\000\000\000\000\000\000\000\000\000\000\000\000\000\000\000\000\000\000\000\000\000\000\000\000\000\000\000\0002\033\323\372\322CsAt\3575\020 \236hz\005q\255\334\221\372\377i\247\203\024\007G!\357\255/\351\252\350/\351\252\360\n\000""; }; nodes {;   nodedata: ""\323C\344\327\264{\312-\017:\006{\177\344N\002\326bO\260\220\006\033\362\345\005U\221DzJ0\001\301\025%1L\307\t\261\262z\374\222T\301\274V\236\223\262\270Ct\362\337b\356\024*\324\320\351\317\002k\336\234\027v\351\217\260\303\360\233ZPZWr\246$w\313\313\r\243r\232\2234\373\3539:N\004Q\245\272D\312D\300\300\t\323\0257\345e\271\na\215{\226\255x%T\257\037\333\004\344_/R\006E\344\037@\210\363\010\336T\226\247'\204_{\261\370""1\235\2445\343\033Y!\212\201\341\272\225'\007\362\221\033?d\207\347\304d\377\317>V8\004!\2317\320\331r\231yPKw\215\036\306\275\222\273\013\003""; }; ","ledgerHash: ""\003\235207\005}D\260\0261ah\322M\304\216\273m0\271\234\237\007<w$\265C\245\232\033""; ledgerSeq: 19; type: liBASE; nodes {;   nodedata: ""\000\000\000\023\001cEx]\211\377\330|\2003\266\274\251,W\006u\344\335d\003\306\212\313,\340\350bG\n\030Z\2732-\246\312\255\030\000\000\000\000\000\000\000\000\000\000\000\000\000\000\000\000\000\000\000\000\000\000\000\000\000\000\000\000\000\000\000\0002\033\323\372\322CsAt\3575\020 \236hz\005q\255\334\221\372\377i\247\203\024\007G!\357\255/\351\252\350/\351\252\360\n\000""; }; nodes {;   nodedata: ""\323C\344\327\264{\312-\017:\006{\177\344N\002\326bO\260\220\006\033\362\345\005U\221DzJ0\001\301\025%1L\307\t\261\262z\374\222T\301\274V\236\223\262\270Ct\362\337b\356\024*\324\320\351\317\002k\336\234\027v\351\217\260\303\360\233ZPZWr\246$w\313\313\r\243r\232\2234\373\3539:N\004Q\245\272D\312D\300\300\t\323\0257\345e\271\na\215{\226\255x%T\257\037\333\004\344_/R\006E\344\037@\210\363\010\336T\226\247'\204_{\261\370""1\235\2445\343\033Y!\212\201\341\272\225'\007\362\221\033?d\207\347\304d\377\317>V8\004!\2317\320\331r\231yPKw\215\036\306\275\222\273\013\003""; }; "
1750527597516,1750527597517,0,1,0,4,TMLedgerData,"ledgerHash: ""\003\235207\005}D\260\0261ah\322M\304\216\273m0\271\234\237\007<w$\265C\245\232\033""; ledgerSeq: 19; type: liBASE; nodes {;   nodedata: ""\000\000\000\023\001cEx]\211\377\330|\2003\266\274\251,W\006u\344\335d\003\306\212\313,\340\350bG\n\030Z\2732-\246\312\255\030\000\000\000\000\000\000\000\000\000\000\000\000\000\000\000\000\000\000\000\000\000\000\000\000\000\000\000\000\000\000\000\0002\033\323\372\322CsAt\3575\020 \236hz\005q\255\334\221\372\377i\247\203\024\007G!\357\255/\351\252\350/\351\252\360\n\000""; }; nodes {;   nodedata: ""\323C\344\327\264{\312-\017:\006{\177\344N\002\326bO\260\220\006\033\362\345\005U\221DzJ0\001\301\025%1L\307\t\261\262z\374\222T\301\274V\236\223\262\270Ct\362\337b\356\024*\324\320\351\317\002k\336\234\027v\351\217\260\303\360\233ZPZWr\246$w\313\313\r\243r\232\2234\373\3539:N\004Q\245\272D\312D\300\300\t\323\0257\345e\271\na\215{\226\255x%T\257\037\333\004\344_/R\006E\344\037@\210\363\010\336T\226\247'\204_{\261\370""1\235\2445\343\033Y!\212\201\341\272\225'\007\362\221\033?d\207\347\304d\377\317>V8\004!\2317\320\331r\231yPKw\215\036\306\275\222\273\013\003""; }; ","ledgerHash: ""\003\235207\005}D\260\0261ah\322M\304\216\273m0\271\234\237\007<w$\265C\245\232\033""; ledgerSeq: 19; type: liBASE; nodes {;   nodedata: ""\000\000\000\023\001cEx]\211\377\330|\2003\266\274\251,W\006u\344\335d\003\306\212\313,\340\350bG\n\030Z\2732-\246\312\255\030\000\000\000\000\000\000\000\000\000\000\000\000\000\000\000\000\000\000\000\000\000\000\000\000\000\000\000\000\000\000\000\0002\033\323\372\322CsAt\3575\020 \236hz\005q\255\334\221\372\377i\247\203\024\007G!\357\255/\351\252\350/\351\252\360\n\000""; }; nodes {;   nodedata: ""\323C\344\327\264{\312-\017:\006{\177\344N\002\326bO\260\220\006\033\362\345\005U\221DzJ0\001\301\025%1L\307\t\261\262z\374\222T\301\274V\236\223\262\270Ct\362\337b\356\024*\324\320\351\317\002k\336\234\027v\351\217\260\303\360\233ZPZWr\246$w\313\313\r\243r\232\2234\373\3539:N\004Q\245\272D\312D\300\300\t\323\0257\345e\271\na\215{\226\255x%T\257\037\333\004\344_/R\006E\344\037@\210\363\010\336T\226\247'\204_{\261\370""1\235\2445\343\033Y!\212\201\341\272\225'\007\362\221\033?d\207\347\304d\377\317>V8\004!\2317\320\331r\231yPKw\215\036\306\275\222\273\013\003""; }; "
1750527597518,1750527597518,0,1,0,1,TMLedgerData,"ledgerHash: ""\003\235207\005}D\260\0261ah\322M\304\216\273m0\271\234\237\007<w$\265C\245\232\033""; ledgerSeq: 19; type: liBASE; nodes {;   nodedata: ""\000\000\000\023\001cEx]\211\377\330|\2003\266\274\251,W\006u\344\335d\003\306\212\313,\340\350bG\n\030Z\2732-\246\312\255\030\000\000\000\000\000\000\000\000\000\000\000\000\000\000\000\000\000\000\000\000\000\000\000\000\000\000\000\000\000\000\000\0002\033\323\372\322CsAt\3575\020 \236hz\005q\255\334\221\372\377i\247\203\024\007G!\357\255/\351\252\350/\351\252\360\n\000""; }; nodes {;   nodedata: ""\323C\344\327\264{\312-\017:\006{\177\344N\002\326bO\260\220\006\033\362\345\005U\221DzJ0\001\301\025%1L\307\t\261\262z\374\222T\301\274V\236\223\262\270Ct\362\337b\356\024*\324\320\351\317\002k\336\234\027v\351\217\260\303\360\233ZPZWr\246$w\313\313\r\243r\232\2234\373\3539:N\004Q\245\272D\312D\300\300\t\323\0257\345e\271\na\215{\226\255x%T\257\037\333\004\344_/R\006E\344\037@\210\363\010\336T\226\247'\204_{\261\370""1\235\2445\343\033Y!\212\201\341\272\225'\007\362\221\033?d\207\347\304d\377\317>V8\004!\2317\320\331r\231yPKw\215\036\306\275\222\273\013\003""; }; ","ledgerHash: ""\003\235207\005}D\260\0261ah\322M\304\216\273m0\271\234\237\007<w$\265C\245\232\033""; ledgerSeq: 19; type: liBASE; nodes {;   nodedata: ""\000\000\000\023\001cEx]\211\377\330|\2003\266\274\251,W\006u\344\335d\003\306\212\313,\340\350bG\n\030Z\2732-\246\312\255\030\000\000\000\000\000\000\000\000\000\000\000\000\000\000\000\000\000\000\000\000\000\000\000\000\000\000\000\000\000\000\000\0002\033\323\372\322CsAt\3575\020 \236hz\005q\255\334\221\372\377i\247\203\024\007G!\357\255/\351\252\350/\351\252\360\n\000""; }; nodes {;   nodedata: ""\323C\344\327\264{\312-\017:\006{\177\344N\002\326bO\260\220\006\033\362\345\005U\221DzJ0\001\301\025%1L\307\t\261\262z\374\222T\301\274V\236\223\262\270Ct\362\337b\356\024*\324\320\351\317\002k\336\234\027v\351\217\260\303\360\233ZPZWr\246$w\313\313\r\243r\232\2234\373\3539:N\004Q\245\272D\312D\300\300\t\323\0257\345e\271\na\215{\226\255x%T\257\037\333\004\344_/R\006E\344\037@\210\363\010\336T\226\247'\204_{\261\370""1\235\2445\343\033Y!\212\201\341\272\225'\007\362\221\033?d\207\347\304d\377\317>V8\004!\2317\320\331r\231yPKw\215\036\306\275\222\273\013\003""; }; "
1750527597518,1750527597518,0,1,1,2,TMLedgerData,"ledgerHash: ""\003\235207\005}D\260\0261ah\322M\304\216\273m0\271\234\237\007<w$\265C\245\232\033""; ledgerSeq: 19; type: liBASE; nodes {;   nodedata: ""\000\000\000\023\001cEx]\211\377\330|\2003\266\274\251,W\006u\344\335d\003\306\212\313,\340\350bG\n\030Z\2732-\246\312\255\030\000\000\000\000\000\000\000\000\000\000\000\000\000\000\000\000\000\000\000\000\000\000\000\000\000\000\000\000\000\000\000\0002\033\323\372\322CsAt\3575\020 \236hz\005q\255\334\221\372\377i\247\203\024\007G!\357\255/\351\252\350/\351\252\360\n\000""; }; nodes {;   nodedata: ""\323C\344\327\264{\312-\017:\006{\177\344N\002\326bO\260\220\006\033\362\345\005U\221DzJ0\001\301\025%1L\307\t\261\262z\374\222T\301\274V\236\223\262\270Ct\362\337b\356\024*\324\320\351\317\002k\336\234\027v\351\217\260\303\360\233ZPZWr\246$w\313\313\r\243r\232\2234\373\3539:N\004Q\245\272D\312D\300\300\t\323\0257\345e\271\na\215{\226\255x%T\257\037\333\004\344_/R\006E\344\037@\210\363\010\336T\226\247'\204_{\261\370""1\235\2445\343\033Y!\212\201\341\272\225'\007\362\221\033?d\207\347\304d\377\317>V8\004!\2317\320\331r\231yPKw\215\036\306\275\222\273\013\003""; }; ","ledgerHash: ""\003\235207\005}D\260\0261ah\322M\304\216\273m0\271\234\237\007<w$\265C\245\232\033""; ledgerSeq: 19; type: liBASE; nodes {;   nodedata: ""\000\000\000\023\001cEx]\211\377\330|\2003\266\274\251,W\006u\344\335d\003\306\212\313,\340\350bG\n\030Z\2732-\246\312\255\030\000\000\000\000\000\000\000\000\000\000\000\000\000\000\000\000\000\000\000\000\000\000\000\000\000\000\000\000\000\000\000\0002\033\323\372\322CsAt\3575\020 \236hz\005q\255\334\221\372\377i\247\203\024\007G!\357\255/\351\252\350/\351\252\360\n\000""; }; nodes {;   nodedata: ""\323C\344\327\264{\312-\017:\006{\177\344N\002\326bO\260\220\006\033\362\345\005U\221DzJ0\001\301\025%1L\307\t\261\262z\374\222T\301\274V\236\223\262\270Ct\362\337b\356\024*\324\320\351\317\002k\336\234\027v\351\217\260\303\360\233ZPZWr\246$w\313\313\r\243r\232\2234\373\3539:N\004Q\245\272D\312D\300\300\t\323\0257\345e\271\na\215{\226\255x%T\257\037\333\004\344_/R\006E\344\037@\210\363\010\336T\226\247'\204_{\261\370""1\235\2445\343\033Y!\212\201\341\272\225'\007\362\221\033?d\207\347\304d\377\317>V8\004!\2317\320\331r\231yPKw\215\036\306\275\222\273\013\003""; }; "
1750527597519,1750527597520,0,1,0,2,TMLedgerData,"ledgerHash: ""\003\235207\005}D\260\0261ah\322M\304\216\273m0\271\234\237\007<w$\265C\245\232\033""; ledgerSeq: 19; type: liBASE; nodes {;   nodedata: ""\000\000\000\023\001cEx]\211\377\330|\2003\266\274\251,W\006u\344\335d\003\306\212\313,\340\350bG\n\030Z\2732-\246\312\255\030\000\000\000\000\000\000\000\000\000\000\000\000\000\000\000\000\000\000\000\000\000\000\000\000\000\000\000\000\000\000\000\0002\033\323\372\322CsAt\3575\020 \236hz\005q\255\334\221\372\377i\247\203\024\007G!\357\255/\351\252\350/\351\252\360\n\000""; }; nodes {;   nodedata: ""\323C\344\327\264{\312-\017:\006{\177\344N\002\326bO\260\220\006\033\362\345\005U\221DzJ0\001\301\025%1L\307\t\261\262z\374\222T\301\274V\236\223\262\270Ct\362\337b\356\024*\324\320\351\317\002k\336\234\027v\351\217\260\303\360\233ZPZWr\246$w\313\313\r\243r\232\2234\373\3539:N\004Q\245\272D\312D\300\300\t\323\0257\345e\271\na\215{\226\255x%T\257\037\333\004\344_/R\006E\344\037@\210\363\010\336T\226\247'\204_{\261\370""1\235\2445\343\033Y!\212\201\341\272\225'\007\362\221\033?d\207\347\304d\377\317>V8\004!\2317\320\331r\231yPKw\215\036\306\275\222\273\013\003""; }; ","ledgerHash: ""\003\235207\005}D\260\0261ah\322M\304\216\273m0\271\234\237\007<w$\265C\245\232\033""; ledgerSeq: 19; type: liBASE; nodes {;   nodedata: ""\000\000\000\023\001cEx]\211\377\330|\2003\266\274\251,W\006u\344\335d\003\306\212\313,\340\350bG\n\030Z\2732-\246\312\255\030\000\000\000\000\000\000\000\000\000\000\000\000\000\000\000\000\000\000\000\000\000\000\000\000\000\000\000\000\000\000\000\0002\033\323\372\322CsAt\3575\020 \236hz\005q\255\334\221\372\377i\247\203\024\007G!\357\255/\351\252\350/\351\252\360\n\000""; }; nodes {;   nodedata: ""\323C\344\327\264{\312-\017:\006{\177\344N\002\326bO\260\220\006\033\362\345\005U\221DzJ0\001\301\025%1L\307\t\261\262z\374\222T\301\274V\236\223\262\270Ct\362\337b\356\024*\324\320\351\317\002k\336\234\027v\351\217\260\303\360\233ZPZWr\246$w\313\313\r\243r\232\2234\373\3539:N\004Q\245\272D\312D\300\300\t\323\0257\345e\271\na\215{\226\255x%T\257\037\333\004\344_/R\006E\344\037@\210\363\010\336T\226\247'\204_{\261\370""1\235\2445\343\033Y!\212\201\341\272\225'\007\362\221\033?d\207\347\304d\377\317>V8\004!\2317\320\331r\231yPKw\215\036\306\275\222\273\013\003""; }; "
1750527597542,1750527597542,0,1,3,2,TMLedgerData,"ledgerHash: ""\003\235207\005}D\260\0261ah\322M\304\216\273m0\271\234\237\007<w$\265C\245\232\033""; ledgerSeq: 19; type: liAS_NODE; nodes {;   nodedata: ""\021\000h""\000\000\000\000 \033\000\000\000\022\002\023\302\237\330\356GuH\375\327!\255\371\r\231\262R\256J\034\222\241\355X\265E\241^W\225\304\014\361CX-}\351f\032\255\274\334m\326c\017\014ao[\342\230\003\245\245\3341Hm\326^\017jy\335\261\032Yt\320\244{g\0306\\302\303*\341\215\223\257\364\277o\375\000r\241SOq\221\253\262\005\017\375T\356\014\360o'\030\311-\267\031\257!\031T\006><\315XM\334\324\345\034\000\325\367\240\271\013\265\024\321\362\354\211\250.\234s\225amc\305\035\366\276\037nD\277`\210\223N\3535\033\261\304f\331]\036\237\306o!\223\221\002\324\031\262\240R\177 ,\214\325\Q])\016\2067\277\t\354\010\000\360\215\2502\265\245\310\226\243c\302Ze\306\253#r\020\211\320iG\276\020E\317\035Sf\223F\254\033@\177e\277\016\010u\327\371&\262\312\317Q\2361t\377x\234\001v\003%\030\325_\225g\204\346a=\225\273\331\354\365*U\363\263N\367b\371\244\314-w\363\262\225Z\200\206\235\233\257?sE\2674\254\326mU\377?\177Ek\336\030!\316Aa\225\303\022\377{\210Y\226\271as\354L\035\004\341\361\035\301\024\220m#*\372\032\3178~\374\250\014*\323\342'z69\220\327\256\351G\367\317u\302\207\270b\315\333\333\334\310I\323&\014\352XZnW2.\335\347\202\021\247\362\212e\034\000\001\250\220\305;a\314\265R\310\017\317\331\235\360\262\240:\277\202\266\354\265X""\022\nh\252\352w\204\203\023]\001f\352\277\0031Q]\362\370R\350{\261\202\240\344\215\201\353\276\322p5p\350\354\017>\250r\241c\273\016\301\024\363\242\247\263\231\370\344\nBW\220K\316@3\243\200\036wk\253GSlU\010\360\231>\331\263H\214\324\030A\225\301o\346pkSF\004\241\213w9\223=\250\262*+\255\351r\265\244c\024\213\t\007`\223\325#\3477\210\345P\306\013\320\252[\0216+\227=`\371P\314\346 V7\271[~\n\237\274|\347\352@K\253~&\260\032\024\004B\200\255h\351\013\361\031:nG\211\005|\2003\266\274\251,W\006u\344\335d\003\306\212\313,\340\350bG\n\030Z\2732-\246\312\255\030\264\227\2326\315\307\363\323\325\303\032N\256*\307\327 \235\332\207u\210\271\257\306g\231i*\260\326k\001"";   nodeid: ""\260\000\000\000\000\000\000\000\000\000\000\000\000\000\000\000\000\000\000\000\000\000\000\000\000\000\000\000\000\000\000\000\001""; }; ","ledgerHash: ""\003\235207\005}D\260\0261ah\322M\304\216\273m0\271\234\237\007<w$\265C\245\232\033""; ledgerSeq: 19; type: liAS_NODE; nodes {;   nodedata: ""\021\000h""\000\000\000\000 \033\000\000\000\022\002\023\302\237\330\356GuH\375\327!\255\371\r\231\262R\256J\034\222\241\355X\265E\241^W\225\304\014\361CX-}\351f\032\255\274\334m\326c\017\014ao[\342\230\003\245\245\3341Hm\326^\017jy\335\261\032Yt\320\244{g\0306\\302\303*\341\215\223\257\364\277o\375\000r\241SOq\221\253\262\005\017\375T\356\014\360o'\030\311-\267\031\257!\031T\006><\315XM\334\324\345\034\000\325\367\240\271\013\265\024\321\362\354\211\250.\234s\225amc\305\035\366\276\037nD\277`\210\223N\3535\033\261\304f\331]\036\237\306o!\223\221\002\324\031\262\240R\177 ,\214\325\Q])\016\2067\277\t\354\010\000\360\215\2502\265\245\310\226\243c\302Ze\306\253#r\020\211\320iG\276\020E\317\035Sf\223F\254\033@\177e\277\016\010u\327\371&\262\312\317Q\2361t\377x\234\001v\003%\030\325_\225g\204\346a=\225\273\331\354\365*U\363\263N\367b\371\244\314-w\363\262\225Z\200\206\235\233\257?sE\2674\254\326mU\377?\177Ek\336\030!\316Aa\225\303\022\377{\210Y\226\271as\354L\035\004\341\361\035\301\024\220m#*\372\032\3178~\374\250\014*\323\342'z69\220\327\256\351G\367\317u\302\207\270b\315\333\333\334\310I\323&\014\352XZnW2.\335\347\202\021\247\362\212e\034\000\001\250\220\305;a\314\265R\310\017\317\331\235\360\262\240:\277\202\266\354\265X""\022\nh\252\352w\204\203\023]\001f\352\277\0031Q]\362\370R\350{\261\202\240\344\215\201\353\276\322p5p\350\354\017>\250r\241c\273\016\301\024\363\242\247\263\231\370\344\nBW\220K\316@3\243\200\036wk\253GSlU\010\360\231>\331\263H\214\324\030A\225\301o\346pkSF\004\241\213w9\223=\250\262*+\255\351r\265\244c\024\213\t\007`\223\325#\3477\210\345P\306\013\320\252[\0216+\227=`\371P\314\346 V7\271[~\n\237\274|\347\352@K\253~&\260\032\024\004B\200\255h\351\013\361\031:nG\211\005|\2003\266\274\251,W\006u\344\335d\003\306\212\313,\340\350bG\n\030Z\2732-\246\312\255\030\264\227\2326\315\307\363\323\325\303\032N\256*\307\327 \235\332\207u\210\271\257\306g\231i*\260\326k\001"";   nodeid: ""\260\000\000\000\000\000\000\000\000\000\000\000\000\000\000\000\000\000\000\000\000\000\000\000\000\000\000\000\000\000\000\000\001""; }; "
1750527597598,1750527597598,0,1,4,3,TMStatusChange,"newEvent: neACCEPTED_LEDGER; ledgerSeq: 19; ledgerHash: ""\003\235207\005}D\260\0261ah\322M\304\216\273m0\271\234\237\007<w$\265C\245\232\033""; ledgerHashPrevious: ""|\2003\266\274\251,W\006u\344\335d\003\306\212\313,\340\350bG\n\030Z\2732-\246\312\255\030""; networkTime: 803842797; firstSeq: 1; lastSeq: 18; ","newEvent: neACCEPTED_LEDGER; ledgerSeq: 19; ledgerHash: ""\003\235207\005}D\260\0261ah\322M\304\216\273m0\271\234\237\007<w$\265C\245\232\033""; ledgerHashPrevious: ""|\2003\266\274\251,W\006u\344\335d\003\306\212\313,\340\350bG\n\030Z\2732-\246\312\255\030""; networkTime: 803842797; firstSeq: 1; lastSeq: 18; "
1750527597599,1750527597599,0,1,4,0,TMStatusChange,"newEvent: neACCEPTED_LEDGER; ledgerSeq: 19; ledgerHash: ""\003\235207\005}D\260\0261ah\322M\304\216\273m0\271\234\237\007<w$\265C\245\232\033""; ledgerHashPrevious: ""|\2003\266\274\251,W\006u\344\335d\003\306\212\313,\340\350bG\n\030Z\2732-\246\312\255\030""; networkTime: 803842797; firstSeq: 1; lastSeq: 18; ","newEvent: neACCEPTED_LEDGER; ledgerSeq: 19; ledgerHash: ""\003\235207\005}D\260\0261ah\322M\304\216\273m0\271\234\237\007<w$\265C\245\232\033""; ledgerHashPrevious: ""|\2003\266\274\251,W\006u\344\335d\003\306\212\313,\340\350bG\n\030Z\2732-\246\312\255\030""; networkTime: 803842797; firstSeq: 1; lastSeq: 18; "
1750527597599,1750527597599,0,1,4,2,TMStatusChange,"newEvent: neACCEPTED_LEDGER; ledgerSeq: 19; ledgerHash: ""\003\235207\005}D\260\0261ah\322M\304\216\273m0\271\234\237\007<w$\265C\245\232\033""; ledgerHashPrevious: ""|\2003\266\274\251,W\006u\344\335d\003\306\212\313,\340\350bG\n\030Z\2732-\246\312\255\030""; networkTime: 803842797; firstSeq: 1; lastSeq: 18; ","newEvent: neACCEPTED_LEDGER; ledgerSeq: 19; ledgerHash: ""\003\235207\005}D\260\0261ah\322M\304\216\273m0\271\234\237\007<w$\265C\245\232\033""; ledgerHashPrevious: ""|\2003\266\274\251,W\006u\344\335d\003\306\212\313,\340\350bG\n\030Z\2732-\246\312\255\030""; networkTime: 803842797; firstSeq: 1; lastSeq: 18; "
1750527597600,1750527597600,0,1,4,1,TMValidation,"validation: """"\200\000\000\001&\000\000\000\023)/\351\252\355:\r\302\353\023?\373\240rQ\003\235207\005}D\260\0261ah\322M\304\216\273m0\271\234\237\007<w$\265C\245\232\033P\027\000\000\000\000\000\000\000\000\000\000\000\000\000\000\000\000\000\000\000\000\000\000\000\000\000\000\000\000\000\000\000\000P\031|\2003\266\274\251,W\006u\344\335d\003\306\212\313,\340\350bG\n\030Z\2732-\246\312\255\030s!\003R7o\362bV\300hf\266\241;}\200^\374\240\203[:\342Q\225\221\027y\372\255\235\216\323~vG0E\002!\000\233\005K\262V\311\034\237<\267%\351\003\036\356\254\316\357x\211\233\323\217\326\321\221\377\026o\275\337L\002 \tx\322\263kUV\371I\356\351\367\350\025`\315\331\267v\27689\307\037y\367\344Bnt\323*""; ","validation: """"\200\000\000\001&\000\000\000\023)/\351\252\355:\r\302\353\023?\373\240rQ\003\235207\005}D\260\0261ah\322M\304\216\273m0\271\234\237\007<w$\265C\245\232\033P\027\000\000\000\000\000\000\000\000\000\000\000\000\000\000\000\000\000\000\000\000\000\000\000\000\000\000\000\000\000\000\000\000P\031|\2003\266\274\251,W\006u\344\335d\003\306\212\313,\340\350bG\n\030Z\2732-\246\312\255\030s!\003R7o\362bV\300hf\266\241;}\200^\374\240\203[:\342Q\225\221\027y\372\255\235\216\323~vG0E\002!\000\233\005K\262V\311\034\237<\267%\351\003\036\356\254\316\357x\211\233\323\217\326\321\221\377\026o\275\337L\002 \tx\322\263kUV\371I\356\351\367\350\025`\315\331\267v\27689\307\037y\367\344Bnt\323*""; "
1750527597600,1750527597600,0,1,4,1,TMStatusChange,"newEvent: neACCEPTED_LEDGER; ledgerSeq: 19; ledgerHash: ""\003\235207\005}D\260\0261ah\322M\304\216\273m0\271\234\237\007<w$\265C\245\232\033""; ledgerHashPrevious: ""|\2003\266\274\251,W\006u\344\335d\003\306\212\313,\340\350bG\n\030Z\2732-\246\312\255\030""; networkTime: 803842797; firstSeq: 1; lastSeq: 18; ","newEvent: neACCEPTED_LEDGER; ledgerSeq: 19; ledgerHash: ""\003\235207\005}D\260\0261ah\322M\304\216\273m0\271\234\237\007<w$\265C\245\232\033""; ledgerHashPrevious: ""|\2003\266\274\251,W\006u\344\335d\003\306\212\313,\340\350bG\n\030Z\2732-\246\312\255\030""; networkTime: 803842797; firstSeq: 1; lastSeq: 18; "
1750527597603,1750527597603,0,1,1,2,TMValidation,"validation: """"\200\000\000\001&\000\000\000\023)/\351\252\355:\r\302\353\023?\373\240rQ\003\235207\005}D\260\0261ah\322M\304\216\273m0\271\234\237\007<w$\265C\245\232\033P\027\000\000\000\000\000\000\000\000\000\000\000\000\000\000\000\000\000\000\000\000\000\000\000\000\000\000\000\000\000\000\000\000P\031|\2003\266\274\251,W\006u\344\335d\003\306\212\313,\340\350bG\n\030Z\2732-\246\312\255\030s!\003R7o\362bV\300hf\266\241;}\200^\374\240\203[:\342Q\225\221\027y\372\255\235\216\323~vG0E\002!\000\233\005K\262V\311\034\237<\267%\351\003\036\356\254\316\357x\211\233\323\217\326\321\221\377\026o\275\337L\002 \tx\322\263kUV\371I\356\351\367\350\025`\315\331\267v\27689\307\037y\367\344Bnt\323*""; ","validation: """"\200\000\000\001&\000\000\000\023)/\351\252\355:\r\302\353\023?\373\240rQ\003\235207\005}D\260\0261ah\322M\304\216\273m0\271\234\237\007<w$\265C\245\232\033P\027\000\000\000\000\000\000\000\000\000\000\000\000\000\000\000\000\000\000\000\000\000\000\000\000\000\000\000\000\000\000\000\000P\031|\2003\266\274\251,W\006u\344\335d\003\306\212\313,\340\350bG\n\030Z\2732-\246\312\255\030s!\003R7o\362bV\300hf\266\241;}\200^\374\240\203[:\342Q\225\221\027y\372\255\235\216\323~vG0E\002!\000\233\005K\262V\311\034\237<\267%\351\003\036\356\254\316\357x\211\233\323\217\326\321\221\377\026o\275\337L\002 \tx\322\263kUV\371I\356\351\367\350\025`\315\331\267v\27689\307\037y\367\344Bnt\323*""; "
1750527597603,1750527597603,0,1,1,3,TMValidation,"validation: """"\200\000\000\001&\000\000\000\023)/\351\252\355:\r\302\353\023?\373\240rQ\003\235207\005}D\260\0261ah\322M\304\216\273m0\271\234\237\007<w$\265C\245\232\033P\027\000\000\000\000\000\000\000\000\000\000\000\000\000\000\000\000\000\000\000\000\000\000\000\000\000\000\000\000\000\000\000\000P\031|\2003\266\274\251,W\006u\344\335d\003\306\212\313,\340\350bG\n\030Z\2732-\246\312\255\030s!\003R7o\362bV\300hf\266\241;}\200^\374\240\203[:\342Q\225\221\027y\372\255\235\216\323~vG0E\002!\000\233\005K\262V\311\034\237<\267%\351\003\036\356\254\316\357x\211\233\323\217\326\321\221\377\026o\275\337L\002 \tx\322\263kUV\371I\356\351\367\350\025`\315\331\267v\27689\307\037y\367\344Bnt\323*""; ","validation: """"\200\000\000\001&\000\000\000\023)/\351\252\355:\r\302\353\023?\373\240rQ\003\235207\005}D\260\0261ah\322M\304\216\273m0\271\234\237\007<w$\265C\245\232\033P\027\000\000\000\000\000\000\000\000\000\000\000\000\000\000\000\000\000\000\000\000\000\000\000\000\000\000\000\000\000\000\000\000P\031|\2003\266\274\251,W\006u\344\335d\003\306\212\313,\340\350bG\n\030Z\2732-\246\312\255\030s!\003R7o\362bV\300hf\266\241;}\200^\374\240\203[:\342Q\225\221\027y\372\255\235\216\323~vG0E\002!\000\233\005K\262V\311\034\237<\267%\351\003\036\356\254\316\357x\211\233\323\217\326\321\221\377\026o\275\337L\002 \tx\322\263kUV\371I\356\351\367\350\025`\315\331\267v\27689\307\037y\367\344Bnt\323*""; "
1750527597604,1750527597604,0,1,1,0,TMValidation,"validation: """"\200\000\000\001&\000\000\000\023)/\351\252\355:\r\302\353\023?\373\240rQ\003\235207\005}D\260\0261ah\322M\304\216\273m0\271\234\237\007<w$\265C\245\232\033P\027\000\000\000\000\000\000\000\000\000\000\000\000\000\000\000\000\000\000\000\000\000\000\000\000\000\000\000\000\000\000\000\000P\031|\2003\266\274\251,W\006u\344\335d\003\306\212\313,\340\350bG\n\030Z\2732-\246\312\255\030s!\003R7o\362bV\300hf\266\241;}\200^\374\240\203[:\342Q\225\221\027y\372\255\235\216\323~vG0E\002!\000\233\005K\262V\311\034\237<\267%\351\003\036\356\254\316\357x\211\233\323\217\326\321\221\377\026o\275\337L\002 \tx\322\263kUV\371I\356\351\367\350\025`\315\331\267v\27689\307\037y\367\344Bnt\323*""; ","validation: """"\200\000\000\001&\000\000\000\023)/\351\252\355:\r\302\353\023?\373\240rQ\003\235207\005}D\260\0261ah\322M\304\216\273m0\271\234\237\007<w$\265C\245\232\033P\027\000\000\000\000\000\000\000\000\000\000\000\000\000\000\000\000\000\000\000\000\000\000\000\000\000\000\000\000\000\000\000\000P\031|\2003\266\274\251,W\006u\344\335d\003\306\212\313,\340\350bG\n\030Z\2732-\246\312\255\030s!\003R7o\362bV\300hf\266\241;}\200^\374\240\203[:\342Q\225\221\027y\372\255\235\216\323~vG0E\002!\000\233\005K\262V\311\034\237<\267%\351\003\036\356\254\316\357x\211\233\323\217\326\321\221\377\026o\275\337L\002 \tx\322\263kUV\371I\356\351\367\350\025`\315\331\267v\27689\307\037y\367\344Bnt\323*""; "
1750527597606,1750527597606,0,1,2,4,TMValidation,"validation: """"\200\000\000\001&\000\000\000\023)/\351\252\355:\r\302\353\023?\373\240rQ\003\235207\005}D\260\0261ah\322M\304\216\273m0\271\234\237\007<w$\265C\245\232\033P\027\000\000\000\000\000\000\000\000\000\000\000\000\000\000\000\000\000\000\000\000\000\000\000\000\000\000\000\000\000\000\000\000P\031|\2003\266\274\251,W\006u\344\335d\003\306\212\313,\340\350bG\n\030Z\2732-\246\312\255\030s!\003R7o\362bV\300hf\266\241;}\200^\374\240\203[:\342Q\225\221\027y\372\255\235\216\323~vG0E\002!\000\233\005K\262V\311\034\237<\267%\351\003\036\356\254\316\357x\211\233\323\217\326\321\221\377\026o\275\337L\002 \tx\322\263kUV\371I\356\351\367\350\025`\315\331\267v\27689\307\037y\367\344Bnt\323*""; ","validation: """"\200\000\000\001&\000\000\000\023)/\351\252\355:\r\302\353\023?\373\240rQ\003\235207\005}D\260\0261ah\322M\304\216\273m0\271\234\237\007<w$\265C\245\232\033P\027\000\000\000\000\000\000\000\000\000\000\000\000\000\000\000\000\000\000\000\000\000\000\000\000\000\000\000\000\000\000\000\000P\031|\2003\266\274\251,W\006u\344\335d\003\306\212\313,\340\350bG\n\030Z\2732-\246\312\255\030s!\003R7o\362bV\300hf\266\241;}\200^\374\240\203[:\342Q\225\221\027y\372\255\235\216\323~vG0E\002!\000\233\005K\262V\311\034\237<\267%\351\003\036\356\254\316\357x\211\233\323\217\326\321\221\377\026o\275\337L\002 \tx\322\263kUV\371I\356\351\367\350\025`\315\331\267v\27689\307\037y\367\344Bnt\323*""; "
1750527597606,1750527597606,0,1,2,3,TMValidation,"validation: """"\200\000\000\001&\000\000\000\023)/\351\252\355:\r\302\353\023?\373\240rQ\003\235207\005}D\260\0261ah\322M\304\216\273m0\271\234\237\007<w$\265C\245\232\033P\027\000\000\000\000\000\000\000\000\000\000\000\000\000\000\000\000\000\000\000\000\000\000\000\000\000\000\000\000\000\000\000\000P\031|\2003\266\274\251,W\006u\344\335d\003\306\212\313,\340\350bG\n\030Z\2732-\246\312\255\030s!\003R7o\362bV\300hf\266\241;}\200^\374\240\203[:\342Q\225\221\027y\372\255\235\216\323~vG0E\002!\000\233\005K\262V\311\034\237<\267%\351\003\036\356\254\316\357x\211\233\323\217\326\321\221\377\026o\275\337L\002 \tx\322\263kUV\371I\356\351\367\350\025`\315\331\267v\27689\307\037y\367\344Bnt\323*""; ","validation: """"\200\000\000\001&\000\000\000\023)/\351\252\355:\r\302\353\023?\373\240rQ\003\235207\005}D\260\0261ah\322M\304\216\273m0\271\234\237\007<w$\265C\245\232\033P\027\000\000\000\000\000\000\000\000\000\000\000\000\000\000\000\000\000\000\000\000\000\000\000\000\000\000\000\000\000\000\000\000P\031|\2003\266\274\251,W\006u\344\335d\003\306\212\313,\340\350bG\n\030Z\2732-\246\312\255\030s!\003R7o\362bV\300hf\266\241;}\200^\374\240\203[:\342Q\225\221\027y\372\255\235\216\323~vG0E\002!\000\233\005K\262V\311\034\237<\267%\351\003\036\356\254\316\357x\211\233\323\217\326\321\221\377\026o\275\337L\002 \tx\322\263kUV\371I\356\351\367\350\025`\315\331\267v\27689\307\037y\367\344Bnt\323*""; "
1750527597607,1750527597607,0,1,2,0,TMValidation,"validation: """"\200\000\000\001&\000\000\000\023)/\351\252\355:\r\302\353\023?\373\240rQ\003\235207\005}D\260\0261ah\322M\304\216\273m0\271\234\237\007<w$\265C\245\232\033P\027\000\000\000\000\000\000\000\000\000\000\000\000\000\000\000\000\000\000\000\000\000\000\000\000\000\000\000\000\000\000\000\000P\031|\2003\266\274\251,W\006u\344\335d\003\306\212\313,\340\350bG\n\030Z\2732-\246\312\255\030s!\003R7o\362bV\300hf\266\241;}\200^\374\240\203[:\342Q\225\221\027y\372\255\235\216\323~vG0E\002!\000\233\005K\262V\311\034\237<\267%\351\003\036\356\254\316\357x\211\233\323\217\326\321\221\377\026o\275\337L\002 \tx\322\263kUV\371I\356\351\367\350\025`\315\331\267v\27689\307\037y\367\344Bnt\323*""; ","validation: """"\200\000\000\001&\000\000\000\023)/\351\252\355:\r\302\353\023?\373\240rQ\003\235207\005}D\260\0261ah\322M\304\216\273m0\271\234\237\007<w$\265C\245\232\033P\027\000\000\000\000\000\000\000\000\000\000\000\000\000\000\000\000\000\000\000\000\000\000\000\000\000\000\000\000\000\000\000\000P\031|\2003\266\274\251,W\006u\344\335d\003\306\212\313,\340\350bG\n\030Z\2732-\246\312\255\030s!\003R7o\362bV\300hf\266\241;}\200^\374\240\203[:\342Q\225\221\027y\372\255\235\216\323~vG0E\002!\000\233\005K\262V\311\034\237<\267%\351\003\036\356\254\316\357x\211\233\323\217\326\321\221\377\026o\275\337L\002 \tx\322\263kUV\371I\356\351\367\350\025`\315\331\267v\27689\307\037y\367\344Bnt\323*""; "
1750527597607,1750527597607,0,1,3,2,TMValidation,"validation: """"\200\000\000\001&\000\000\000\023)/\351\252\355:\r\302\353\023?\373\240rQ\003\235207\005}D\260\0261ah\322M\304\216\273m0\271\234\237\007<w$\265C\245\232\033P\027\000\000\000\000\000\000\000\000\000\000\000\000\000\000\000\000\000\000\000\000\000\000\000\000\000\000\000\000\000\000\000\000P\031|\2003\266\274\251,W\006u\344\335d\003\306\212\313,\340\350bG\n\030Z\2732-\246\312\255\030s!\003R7o\362bV\300hf\266\241;}\200^\374\240\203[:\342Q\225\221\027y\372\255\235\216\323~vG0E\002!\000\233\005K\262V\311\034\237<\267%\351\003\036\356\254\316\357x\211\233\323\217\326\321\221\377\026o\275\337L\002 \tx\322\263kUV\371I\356\351\367\350\025`\315\331\267v\27689\307\037y\367\344Bnt\323*""; ","validation: """"\200\000\000\001&\000\000\000\023)/\351\252\355:\r\302\353\023?\373\240rQ\003\235207\005}D\260\0261ah\322M\304\216\273m0\271\234\237\007<w$\265C\245\232\033P\027\000\000\000\000\000\000\000\000\000\000\000\000\000\000\000\000\000\000\000\000\000\000\000\000\000\000\000\000\000\000\000\000P\031|\2003\266\274\251,W\006u\344\335d\003\306\212\313,\340\350bG\n\030Z\2732-\246\312\255\030s!\003R7o\362bV\300hf\266\241;}\200^\374\240\203[:\342Q\225\221\027y\372\255\235\216\323~vG0E\002!\000\233\005K\262V\311\034\237<\267%\351\003\036\356\254\316\357x\211\233\323\217\326\321\221\377\026o\275\337L\002 \tx\322\263kUV\371I\356\351\367\350\025`\315\331\267v\27689\307\037y\367\344Bnt\323*""; "
1750527597608,1750527597608,0,1,3,4,TMValidation,"validation: """"\200\000\000\001&\000\000\000\023)/\351\252\355:\r\302\353\023?\373\240rQ\003\235207\005}D\260\0261ah\322M\304\216\273m0\271\234\237\007<w$\265C\245\232\033P\027\000\000\000\000\000\000\000\000\000\000\000\000\000\000\000\000\000\000\000\000\000\000\000\000\000\000\000\000\000\000\000\000P\031|\2003\266\274\251,W\006u\344\335d\003\306\212\313,\340\350bG\n\030Z\2732-\246\312\255\030s!\003R7o\362bV\300hf\266\241;}\200^\374\240\203[:\342Q\225\221\027y\372\255\235\216\323~vG0E\002!\000\233\005K\262V\311\034\237<\267%\351\003\036\356\254\316\357x\211\233\323\217\326\321\221\377\026o\275\337L\002 \tx\322\263kUV\371I\356\351\367\350\025`\315\331\267v\27689\307\037y\367\344Bnt\323*""; ","validation: """"\200\000\000\001&\000\000\000\023)/\351\252\355:\r\302\353\023?\373\240rQ\003\235207\005}D\260\0261ah\322M\304\216\273m0\271\234\237\007<w$\265C\245\232\033P\027\000\000\000\000\000\000\000\000\000\000\000\000\000\000\000\000\000\000\000\000\000\000\000\000\000\000\000\000\000\000\000\000P\031|\2003\266\274\251,W\006u\344\335d\003\306\212\313,\340\350bG\n\030Z\2732-\246\312\255\030s!\003R7o\362bV\300hf\266\241;}\200^\374\240\203[:\342Q\225\221\027y\372\255\235\216\323~vG0E\002!\000\233\005K\262V\311\034\237<\267%\351\003\036\356\254\316\357x\211\233\323\217\326\321\221\377\026o\275\337L\002 \tx\322\263kUV\371I\356\351\367\350\025`\315\331\267v\27689\307\037y\367\344Bnt\323*""; "
1750527597609,1750527597609,0,1,0,4,TMValidation,"validation: """"\200\000\000\001&\000\000\000\023)/\351\252\355:\r\302\353\023?\373\240rQ\003\235207\005}D\260\0261ah\322M\304\216\273m0\271\234\237\007<w$\265C\245\232\033P\027\000\000\000\000\000\000\000\000\000\000\000\000\000\000\000\000\000\000\000\000\000\000\000\000\000\000\000\000\000\000\000\000P\031|\2003\266\274\251,W\006u\344\335d\003\306\212\313,\340\350bG\n\030Z\2732-\246\312\255\030s!\003R7o\362bV\300hf\266\241;}\200^\374\240\203[:\342Q\225\221\027y\372\255\235\216\323~vG0E\002!\000\233\005K\262V\311\034\237<\267%\351\003\036\356\254\316\357x\211\233\323\217\326\321\221\377\026o\275\337L\002 \tx\322\263kUV\371I\356\351\367\350\025`\315\331\267v\27689\307\037y\367\344Bnt\323*""; ","validation: """"\200\000\000\001&\000\000\000\023)/\351\252\355:\r\302\353\023?\373\240rQ\003\235207\005}D\260\0261ah\322M\304\216\273m0\271\234\237\007<w$\265C\245\232\033P\027\000\000\000\000\000\000\000\000\000\000\000\000\000\000\000\000\000\000\000\000\000\000\000\000\000\000\000\000\000\000\000\000P\031|\2003\266\274\251,W\006u\344\335d\003\306\212\313,\340\350bG\n\030Z\2732-\246\312\255\030s!\003R7o\362bV\300hf\266\241;}\200^\374\240\203[:\342Q\225\221\027y\372\255\235\216\323~vG0E\002!\000\233\005K\262V\311\034\237<\267%\351\003\036\356\254\316\357x\211\233\323\217\326\321\221\377\026o\275\337L\002 \tx\322\263kUV\371I\356\351\367\350\025`\315\331\267v\27689\307\037y\367\344Bnt\323*""; "
1750527597609,1750527597610,0,1,0,3,TMValidation,"validation: """"\200\000\000\001&\000\000\000\023)/\351\252\355:\r\302\353\023?\373\240rQ\003\235207\005}D\260\0261ah\322M\304\216\273m0\271\234\237\007<w$\265C\245\232\033P\027\000\000\000\000\000\000\000\000\000\000\000\000\000\000\000\000\000\000\000\000\000\000\000\000\000\000\000\000\000\000\000\000P\031|\2003\266\274\251,W\006u\344\335d\003\306\212\313,\340\350bG\n\030Z\2732-\246\312\255\030s!\003R7o\362bV\300hf\266\241;}\200^\374\240\203[:\342Q\225\221\027y\372\255\235\216\323~vG0E\002!\000\233\005K\262V\311\034\237<\267%\351\003\036\356\254\316\357x\211\233\323\217\326\321\221\377\026o\275\337L\002 \tx\322\263kUV\371I\356\351\367\350\025`\315\331\267v\27689\307\037y\367\344Bnt\323*""; ","validation: """"\200\000\000\001&\000\000\000\023)/\351\252\355:\r\302\353\023?\373\240rQ\003\235207\005}D\260\0261ah\322M\304\216\273m0\271\234\237\007<w$\265C\245\232\033P\027\000\000\000\000\000\000\000\000\000\000\000\000\000\000\000\000\000\000\000\000\000\000\000\000\000\000\000\000\000\000\000\000P\031|\2003\266\274\251,W\006u\344\335d\003\306\212\313,\340\350bG\n\030Z\2732-\246\312\255\030s!\003R7o\362bV\300hf\266\241;}\200^\374\240\203[:\342Q\225\221\027y\372\255\235\216\323~vG0E\002!\000\233\005K\262V\311\034\237<\267%\351\003\036\356\254\316\357x\211\233\323\217\326\321\221\377\026o\275\337L\002 \tx\322\263kUV\371I\356\351\367\350\025`\315\331\267v\27689\307\037y\367\344Bnt\323*""; "
1750527597610,1750527597610,0,1,3,0,TMValidation,"validation: """"\200\000\000\001&\000\000\000\023)/\351\252\355:\r\302\353\023?\373\240rQ\003\235207\005}D\260\0261ah\322M\304\216\273m0\271\234\237\007<w$\265C\245\232\033P\027\000\000\000\000\000\000\000\000\000\000\000\000\000\000\000\000\000\000\000\000\000\000\000\000\000\000\000\000\000\000\000\000P\031|\2003\266\274\251,W\006u\344\335d\003\306\212\313,\340\350bG\n\030Z\2732-\246\312\255\030s!\003R7o\362bV\300hf\266\241;}\200^\374\240\203[:\342Q\225\221\027y\372\255\235\216\323~vG0E\002!\000\233\005K\262V\311\034\237<\267%\351\003\036\356\254\316\357x\211\233\323\217\326\321\221\377\026o\275\337L\002 \tx\322\263kUV\371I\356\351\367\350\025`\315\331\267v\27689\307\037y\367\344Bnt\323*""; ","validation: """"\200\000\000\001&\000\000\000\023)/\351\252\355:\r\302\353\023?\373\240rQ\003\235207\005}D\260\0261ah\322M\304\216\273m0\271\234\237\007<w$\265C\245\232\033P\027\000\000\000\000\000\000\000\000\000\000\000\000\000\000\000\000\000\000\000\000\000\000\000\000\000\000\000\000\000\000\000\000P\031|\2003\266\274\251,W\006u\344\335d\003\306\212\313,\340\350bG\n\030Z\2732-\246\312\255\030s!\003R7o\362bV\300hf\266\241;}\200^\374\240\203[:\342Q\225\221\027y\372\255\235\216\323~vG0E\002!\000\233\005K\262V\311\034\237<\267%\351\003\036\356\254\316\357x\211\233\323\217\326\321\221\377\026o\275\337L\002 \tx\322\263kUV\371I\356\351\367\350\025`\315\331\267v\27689\307\037y\367\344Bnt\323*""; "
1750527597610,1750527597610,0,1,0,2,TMValidation,"validation: """"\200\000\000\001&\000\000\000\023)/\351\252\355:\r\302\353\023?\373\240rQ\003\235207\005}D\260\0261ah\322M\304\216\273m0\271\234\237\007<w$\265C\245\232\033P\027\000\000\000\000\000\000\000\000\000\000\000\000\000\000\000\000\000\000\000\000\000\000\000\000\000\000\000\000\000\000\000\000P\031|\2003\266\274\251,W\006u\344\335d\003\306\212\313,\340\350bG\n\030Z\2732-\246\312\255\030s!\003R7o\362bV\300hf\266\241;}\200^\374\240\203[:\342Q\225\221\027y\372\255\235\216\323~vG0E\002!\000\233\005K\262V\311\034\237<\267%\351\003\036\356\254\316\357x\211\233\323\217\326\321\221\377\026o\275\337L\002 \tx\322\263kUV\371I\356\351\367\350\025`\315\331\267v\27689\307\037y\367\344Bnt\323*""; ","validation: """"\200\000\000\001&\000\000\000\023)/\351\252\355:\r\302\353\023?\373\240rQ\003\235207\005}D\260\0261ah\322M\304\216\273m0\271\234\237\007<w$\265C\245\232\033P\027\000\000\000\000\000\000\000\000\000\000\000\000\000\000\000\000\000\000\000\000\000\000\000\000\000\000\000\000\000\000\000\000P\031|\2003\266\274\251,W\006u\344\335d\003\306\212\313,\340\350bG\n\030Z\2732-\246\312\255\030s!\003R7o\362bV\300hf\266\241;}\200^\374\240\203[:\342Q\225\221\027y\372\255\235\216\323~vG0E\002!\000\233\005K\262V\311\034\237<\267%\351\003\036\356\254\316\357x\211\233\323\217\326\321\221\377\026o\275\337L\002 \tx\322\263kUV\371I\356\351\367\350\025`\315\331\267v\27689\307\037y\367\344Bnt\323*""; "
1750527597611,1750527597611,0,1,4,2,TMValidation,"validation: """"\200\000\000\001&\000\000\000\023)/\351\252\355:\r\302\353\023?\373\240rQ\003\235207\005}D\260\0261ah\322M\304\216\273m0\271\234\237\007<w$\265C\245\232\033P\027\000\000\000\000\000\000\000\000\000\000\000\000\000\000\000\000\000\000\000\000\000\000\000\000\000\000\000\000\000\000\000\000P\031|\2003\266\274\251,W\006u\344\335d\003\306\212\313,\340\350bG\n\030Z\2732-\246\312\255\030s!\003R7o\362bV\300hf\266\241;}\200^\374\240\203[:\342Q\225\221\027y\372\255\235\216\323~vG0E\002!\000\233\005K\262V\311\034\237<\267%\351\003\036\356\254\316\357x\211\233\323\217\326\321\221\377\026o\275\337L\002 \tx\322\263kUV\371I\356\351\367\350\025`\315\331\267v\27689\307\037y\367\344Bnt\323*""; ","validation: """"\200\000\000\001&\000\000\000\023)/\351\252\355:\r\302\353\023?\373\240rQ\003\235207\005}D\260\0261ah\322M\304\216\273m0\271\234\237\007<w$\265C\245\232\033P\027\000\000\000\000\000\000\000\000\000\000\000\000\000\000\000\000\000\000\000\000\000\000\000\000\000\000\000\000\000\000\000\000P\031|\2003\266\274\251,W\006u\344\335d\003\306\212\313,\340\350bG\n\030Z\2732-\246\312\255\030s!\003R7o\362bV\300hf\266\241;}\200^\374\240\203[:\342Q\225\221\027y\372\255\235\216\323~vG0E\002!\000\233\005K\262V\311\034\237<\267%\351\003\036\356\254\316\357x\211\233\323\217\326\321\221\377\026o\275\337L\002 \tx\322\263kUV\371I\356\351\367\350\025`\315\331\267v\27689\307\037y\367\344Bnt\323*""; "
1750527597613,1750527597613,0,1,4,3,TMValidation,"validation: """"\200\000\000\001&\000\000\000\023)/\351\252\355:\r\302\353\023?\373\240rQ\003\235207\005}D\260\0261ah\322M\304\216\273m0\271\234\237\007<w$\265C\245\232\033P\027\000\000\000\000\000\000\000\000\000\000\000\000\000\000\000\000\000\000\000\000\000\000\000\000\000\000\000\000\000\000\000\000P\031|\2003\266\274\251,W\006u\344\335d\003\306\212\313,\340\350bG\n\030Z\2732-\246\312\255\030s!\003R7o\362bV\300hf\266\241;}\200^\374\240\203[:\342Q\225\221\027y\372\255\235\216\323~vG0E\002!\000\233\005K\262V\311\034\237<\267%\351\003\036\356\254\316\357x\211\233\323\217\326\321\221\377\026o\275\337L\002 \tx\322\263kUV\371I\356\351\367\350\025`\315\331\267v\27689\307\037y\367\344Bnt\323*""; ","validation: """"\200\000\000\001&\000\000\000\023)/\351\252\355:\r\302\353\023?\373\240rQ\003\235207\005}D\260\0261ah\322M\304\216\273m0\271\234\237\007<w$\265C\245\232\033P\027\000\000\000\000\000\000\000\000\000\000\000\000\000\000\000\000\000\000\000\000\000\000\000\000\000\000\000\000\000\000\000\000P\031|\2003\266\274\251,W\006u\344\335d\003\306\212\313,\340\350bG\n\030Z\2732-\246\312\255\030s!\003R7o\362bV\300hf\266\241;}\200^\374\240\203[:\342Q\225\221\027y\372\255\235\216\323~vG0E\002!\000\233\005K\262V\311\034\237<\267%\351\003\036\356\254\316\357x\211\233\323\217\326\321\221\377\026o\275\337L\002 \tx\322\263kUV\371I\356\351\367\350\025`\315\331\267v\27689\307\037y\367\344Bnt\323*""; "
1750527597613,1750527597613,0,1,4,0,TMValidation,"validation: """"\200\000\000\001&\000\000\000\023)/\351\252\355:\r\302\353\023?\373\240rQ\003\235207\005}D\260\0261ah\322M\304\216\273m0\271\234\237\007<w$\265C\245\232\033P\027\000\000\000\000\000\000\000\000\000\000\000\000\000\000\000\000\000\000\000\000\000\000\000\000\000\000\000\000\000\000\000\000P\031|\2003\266\274\251,W\006u\344\335d\003\306\212\313,\340\350bG\n\030Z\2732-\246\312\255\030s!\003R7o\362bV\300hf\266\241;}\200^\374\240\203[:\342Q\225\221\027y\372\255\235\216\323~vG0E\002!\000\233\005K\262V\311\034\237<\267%\351\003\036\356\254\316\357x\211\233\323\217\326\321\221\377\026o\275\337L\002 \tx\322\263kUV\371I\356\351\367\350\025`\315\331\267v\27689\307\037y\367\344Bnt\323*""; ","validation: """"\200\000\000\001&\000\000\000\023)/\351\252\355:\r\302\353\023?\373\240rQ\003\235207\005}D\260\0261ah\322M\304\216\273m0\271\234\237\007<w$\265C\245\232\033P\027\000\000\000\000\000\000\000\000\000\000\000\000\000\000\000\000\000\000\000\000\000\000\000\000\000\000\000\000\000\000\000\000P\031|\2003\266\274\251,W\006u\344\335d\003\306\212\313,\340\350bG\n\030Z\2732-\246\312\255\030s!\003R7o\362bV\300hf\266\241;}\200^\374\240\203[:\342Q\225\221\027y\372\255\235\216\323~vG0E\002!\000\233\005K\262V\311\034\237<\267%\351\003\036\356\254\316\357x\211\233\323\217\326\321\221\377\026o\275\337L\002 \tx\322\263kUV\371I\356\351\367\350\025`\315\331\267v\27689\307\037y\367\344Bnt\323*""; "
1750527598435,1750527598435,0,1,3,1,TMProposeSet,"proposeSeq: 0; currentTxHash: ""\000\000\000\000\000\000\000\000\000\000\000\000\000\000\000\000\000\000\000\000\000\000\000\000\000\000\000\000\000\000\000\000""; nodePubKey: ""\002\364d\217\366\217|\316F\232\231\241\n\261\333`\312O\367\235\025DD\336e\367\n\312\326\221\037\025\230""; closeTime: 803842798; signature: ""0D\002 \021$\032UF\262*\264\306f\276\365\351\227\343\3337V\365\223\261\244\207\001?\360\370\366\227kLd\002 t\0051_ye\364.\345\037\273\374\272L\nB\033\246\330\343\211aP\256\375^=Ef_\372\r""; previousledger: ""\003\235207\005}D\260\0261ah\322M\304\216\273m0\271\234\237\007<w$\265C\245\232\033""; ","proposeSeq: 0; currentTxHash: ""\000\000\000\000\000\000\000\000\000\000\000\000\000\000\000\000\000\000\000\000\000\000\000\000\000\000\000\000\000\000\000\000""; nodePubKey: ""\002\364d\217\366\217|\316F\232\231\241\n\261\333`\312O\367\235\025DD\336e\367\n\312\326\221\037\025\230""; closeTime: 803842798; signature: ""0D\002 \021$\032UF\262*\264\306f\276\365\351\227\343\3337V\365\223\261\244\207\001?\360\370\366\227kLd\002 t\0051_ye\364.\345\037\273\374\272L\nB\033\246\330\343\211aP\256\375^=Ef_\372\r""; previousledger: ""\003\235207\005}D\260\0261ah\322M\304\216\273m0\271\234\237\007<w$\265C\245\232\033""; "
1750527598474,1750527598474,0,1,3,0,TMProposeSet,"proposeSeq: 0; currentTxHash: ""\000\000\000\000\000\000\000\000\000\000\000\000\000\000\000\000\000\000\000\000\000\000\000\000\000\000\000\000\000\000\000\000""; nodePubKey: ""\002\364d\217\366\217|\316F\232\231\241\n\261\333`\312O\367\235\025DD\336e\367\n\312\326\221\037\025\230""; closeTime: 803842798; signature: ""0D\002 \021$\032UF\262*\264\306f\276\365\351\227\343\3337V\365\223\261\244\207\001?\360\370\366\227kLd\002 t\0051_ye\364.\345\037\273\374\272L\nB\033\246\330\343\211aP\256\375^=Ef_\372\r""; previousledger: ""\003\235207\005}D\260\0261ah\322M\304\216\273m0\271\234\237\007<w$\265C\245\232\033""; ","proposeSeq: 0; currentTxHash: ""\000\000\000\000\000\000\000\000\000\000\000\000\000\000\000\000\000\000\000\000\000\000\000\000\000\000\000\000\000\000\000\000""; nodePubKey: ""\002\364d\217\366\217|\316F\232\231\241\n\261\333`\312O\367\235\025DD\336e\367\n\312\326\221\037\025\230""; closeTime: 803842798; signature: ""0D\002 \021$\032UF\262*\264\306f\276\365\351\227\343\3337V\365\223\261\244\207\001?\360\370\366\227kLd\002 t\0051_ye\364.\345\037\273\374\272L\nB\033\246\330\343\211aP\256\375^=Ef_\372\r""; previousledger: ""\003\235207\005}D\260\0261ah\322M\304\216\273m0\271\234\237\007<w$\265C\245\232\033""; "
1750527598474,1750527598475,0,1,3,2,TMProposeSet,"proposeSeq: 0; currentTxHash: ""\000\000\000\000\000\000\000\000\000\000\000\000\000\000\000\000\000\000\000\000\000\000\000\000\000\000\000\000\000\000\000\000""; nodePubKey: ""\002\364d\217\366\217|\316F\232\231\241\n\261\333`\312O\367\235\025DD\336e\367\n\312\326\221\037\025\230""; closeTime: 803842798; signature: ""0D\002 \021$\032UF\262*\264\306f\276\365\351\227\343\3337V\365\223\261\244\207\001?\360\370\366\227kLd\002 t\0051_ye\364.\345\037\273\374\272L\nB\033\246\330\343\211aP\256\375^=Ef_\372\r""; previousledger: ""\003\235207\005}D\260\0261ah\322M\304\216\273m0\271\234\237\007<w$\265C\245\232\033""; ","proposeSeq: 0; currentTxHash: ""\000\000\000\000\000\000\000\000\000\000\000\000\000\000\000\000\000\000\000\000\000\000\000\000\000\000\000\000\000\000\000\000""; nodePubKey: ""\002\364d\217\366\217|\316F\232\231\241\n\261\333`\312O\367\235\025DD\336e\367\n\312\326\221\037\025\230""; closeTime: 803842798; signature: ""0D\002 \021$\032UF\262*\264\306f\276\365\351\227\343\3337V\365\223\261\244\207\001?\360\370\366\227kLd\002 t\0051_ye\364.\345\037\273\374\272L\nB\033\246\330\343\211aP\256\375^=Ef_\372\r""; previousledger: ""\003\235207\005}D\260\0261ah\322M\304\216\273m0\271\234\237\007<w$\265C\245\232\033""; "
1750527598475,1750527598475,0,1,3,4,TMProposeSet,"proposeSeq: 0; currentTxHash: ""\000\000\000\000\000\000\000\000\000\000\000\000\000\000\000\000\000\000\000\000\000\000\000\000\000\000\000\000\000\000\000\000""; nodePubKey: ""\002\364d\217\366\217|\316F\232\231\241\n\261\333`\312O\367\235\025DD\336e\367\n\312\326\221\037\025\230""; closeTime: 803842798; signature: ""0D\002 \021$\032UF\262*\264\306f\276\365\351\227\343\3337V\365\223\261\244\207\001?\360\370\366\227kLd\002 t\0051_ye\364.\345\037\273\374\272L\nB\033\246\330\343\211aP\256\375^=Ef_\372\r""; previousledger: ""\003\235207\005}D\260\0261ah\322M\304\216\273m0\271\234\237\007<w$\265C\245\232\033""; ","proposeSeq: 0; currentTxHash: ""\000\000\000\000\000\000\000\000\000\000\000\000\000\000\000\000\000\000\000\000\000\000\000\000\000\000\000\000\000\000\000\000""; nodePubKey: ""\002\364d\217\366\217|\316F\232\231\241\n\261\333`\312O\367\235\025DD\336e\367\n\312\326\221\037\025\230""; closeTime: 803842798; signature: ""0D\002 \021$\032UF\262*\264\306f\276\365\351\227\343\3337V\365\223\261\244\207\001?\360\370\366\227kLd\002 t\0051_ye\364.\345\037\273\374\272L\nB\033\246\330\343\211aP\256\375^=Ef_\372\r""; previousledger: ""\003\235207\005}D\260\0261ah\322M\304\216\273m0\271\234\237\007<w$\265C\245\232\033""; "
1750527598477,1750527598477,0,1,4,2,TMProposeSet,"proposeSeq: 0; currentTxHash: ""\000\000\000\000\000\000\000\000\000\000\000\000\000\000\000\000\000\000\000\000\000\000\000\000\000\000\000\000\000\000\000\000""; nodePubKey: ""\002\364d\217\366\217|\316F\232\231\241\n\261\333`\312O\367\235\025DD\336e\367\n\312\326\221\037\025\230""; closeTime: 803842798; signature: ""0D\002 \021$\032UF\262*\264\306f\276\365\351\227\343\3337V\365\223\261\244\207\001?\360\370\366\227kLd\002 t\0051_ye\364.\345\037\273\374\272L\nB\033\246\330\343\211aP\256\375^=Ef_\372\r""; previousledger: ""\003\235207\005}D\260\0261ah\322M\304\216\273m0\271\234\237\007<w$\265C\245\232\033""; ","proposeSeq: 0; currentTxHash: ""\000\000\000\000\000\000\000\000\000\000\000\000\000\000\000\000\000\000\000\000\000\000\000\000\000\000\000\000\000\000\000\000""; nodePubKey: ""\002\364d\217\366\217|\316F\232\231\241\n\261\333`\312O\367\235\025DD\336e\367\n\312\326\221\037\025\230""; closeTime: 803842798; signature: ""0D\002 \021$\032UF\262*\264\306f\276\365\351\227\343\3337V\365\223\261\244\207\001?\360\370\366\227kLd\002 t\0051_ye\364.\345\037\273\374\272L\nB\033\246\330\343\211aP\256\375^=Ef_\372\r""; previousledger: ""\003\235207\005}D\260\0261ah\322M\304\216\273m0\271\234\237\007<w$\265C\245\232\033""; "
1750527598477,1750527598477,0,1,4,1,TMProposeSet,"proposeSeq: 0; currentTxHash: ""\000\000\000\000\000\000\000\000\000\000\000\000\000\000\000\000\000\000\000\000\000\000\000\000\000\000\000\000\000\000\000\000""; nodePubKey: ""\002\364d\217\366\217|\316F\232\231\241\n\261\333`\312O\367\235\025DD\336e\367\n\312\326\221\037\025\230""; closeTime: 803842798; signature: ""0D\002 \021$\032UF\262*\264\306f\276\365\351\227\343\3337V\365\223\261\244\207\001?\360\370\366\227kLd\002 t\0051_ye\364.\345\037\273\374\272L\nB\033\246\330\343\211aP\256\375^=Ef_\372\r""; previousledger: ""\003\235207\005}D\260\0261ah\322M\304\216\273m0\271\234\237\007<w$\265C\245\232\033""; ","proposeSeq: 0; currentTxHash: ""\000\000\000\000\000\000\000\000\000\000\000\000\000\000\000\000\000\000\000\000\000\000\000\000\000\000\000\000\000\000\000\000""; nodePubKey: ""\002\364d\217\366\217|\316F\232\231\241\n\261\333`\312O\367\235\025DD\336e\367\n\312\326\221\037\025\230""; closeTime: 803842798; signature: ""0D\002 \021$\032UF\262*\264\306f\276\365\351\227\343\3337V\365\223\261\244\207\001?\360\370\366\227kLd\002 t\0051_ye\364.\345\037\273\374\272L\nB\033\246\330\343\211aP\256\375^=Ef_\372\r""; previousledger: ""\003\235207\005}D\260\0261ah\322M\304\216\273m0\271\234\237\007<w$\265C\245\232\033""; "
1750527598478,1750527598478,0,1,4,0,TMProposeSet,"proposeSeq: 0; currentTxHash: ""\000\000\000\000\000\000\000\000\000\000\000\000\000\000\000\000\000\000\000\000\000\000\000\000\000\000\000\000\000\000\000\000""; nodePubKey: ""\002\364d\217\366\217|\316F\232\231\241\n\261\333`\312O\367\235\025DD\336e\367\n\312\326\221\037\025\230""; closeTime: 803842798; signature: ""0D\002 \021$\032UF\262*\264\306f\276\365\351\227\343\3337V\365\223\261\244\207\001?\360\370\366\227kLd\002 t\0051_ye\364.\345\037\273\374\272L\nB\033\246\330\343\211aP\256\375^=Ef_\372\r""; previousledger: ""\003\235207\005}D\260\0261ah\322M\304\216\273m0\271\234\237\007<w$\265C\245\232\033""; ","proposeSeq: 0; currentTxHash: ""\000\000\000\000\000\000\000\000\000\000\000\000\000\000\000\000\000\000\000\000\000\000\000\000\000\000\000\000\000\000\000\000""; nodePubKey: ""\002\364d\217\366\217|\316F\232\231\241\n\261\333`\312O\367\235\025DD\336e\367\n\312\326\221\037\025\230""; closeTime: 803842798; signature: ""0D\002 \021$\032UF\262*\264\306f\276\365\351\227\343\3337V\365\223\261\244\207\001?\360\370\366\227kLd\002 t\0051_ye\364.\345\037\273\374\272L\nB\033\246\330\343\211aP\256\375^=Ef_\372\r""; previousledger: ""\003\235207\005}D\260\0261ah\322M\304\216\273m0\271\234\237\007<w$\265C\245\232\033""; "
1750527598433,1750527598508,0,1,3,4,TMStatusChange,"newEvent: neCLOSING_LEDGER; ledgerSeq: 19; ledgerHash: ""\003\235207\005}D\260\0261ah\322M\304\216\273m0\271\234\237\007<w$\265C\245\232\033""; ledgerHashPrevious: ""|\2003\266\274\251,W\006u\344\335d\003\306\212\313,\340\350bG\n\030Z\2732-\246\312\255\030""; networkTime: 803842798; firstSeq: 1; lastSeq: 19; ","newEvent: neCLOSING_LEDGER; ledgerSeq: 19; ledgerHash: ""\003\235207\005}D\260\0261ah\322M\304\216\273m0\271\234\237\007<w$\265C\245\232\033""; ledgerHashPrevious: ""|\2003\266\274\251,W\006u\344\335d\003\306\212\313,\340\350bG\n\030Z\2732-\246\312\255\030""; networkTime: 803842798; firstSeq: 1; lastSeq: 19; "
1750527598435,1750527598508,0,1,3,0,TMStatusChange,"newEvent: neCLOSING_LEDGER; ledgerSeq: 19; ledgerHash: ""\003\235207\005}D\260\0261ah\322M\304\216\273m0\271\234\237\007<w$\265C\245\232\033""; ledgerHashPrevious: ""|\2003\266\274\251,W\006u\344\335d\003\306\212\313,\340\350bG\n\030Z\2732-\246\312\255\030""; networkTime: 803842798; firstSeq: 1; lastSeq: 19; ","newEvent: neCLOSING_LEDGER; ledgerSeq: 19; ledgerHash: ""\003\235207\005}D\260\0261ah\322M\304\216\273m0\271\234\237\007<w$\265C\245\232\033""; ledgerHashPrevious: ""|\2003\266\274\251,W\006u\344\335d\003\306\212\313,\340\350bG\n\030Z\2732-\246\312\255\030""; networkTime: 803842798; firstSeq: 1; lastSeq: 19; "
1750527598434,1750527598508,0,1,3,2,TMStatusChange,"newEvent: neCLOSING_LEDGER; ledgerSeq: 19; ledgerHash: ""\003\235207\005}D\260\0261ah\322M\304\216\273m0\271\234\237\007<w$\265C\245\232\033""; ledgerHashPrevious: ""|\2003\266\274\251,W\006u\344\335d\003\306\212\313,\340\350bG\n\030Z\2732-\246\312\255\030""; networkTime: 803842798; firstSeq: 1; lastSeq: 19; ","newEvent: neCLOSING_LEDGER; ledgerSeq: 19; ledgerHash: ""\003\235207\005}D\260\0261ah\322M\304\216\273m0\271\234\237\007<w$\265C\245\232\033""; ledgerHashPrevious: ""|\2003\266\274\251,W\006u\344\335d\003\306\212\313,\340\350bG\n\030Z\2732-\246\312\255\030""; networkTime: 803842798; firstSeq: 1; lastSeq: 19; "
1750527598435,1750527598509,0,1,3,1,TMStatusChange,"newEvent: neCLOSING_LEDGER; ledgerSeq: 19; ledgerHash: ""\003\235207\005}D\260\0261ah\322M\304\216\273m0\271\234\237\007<w$\265C\245\232\033""; ledgerHashPrevious: ""|\2003\266\274\251,W\006u\344\335d\003\306\212\313,\340\350bG\n\030Z\2732-\246\312\255\030""; networkTime: 803842798; firstSeq: 1; lastSeq: 19; ","newEvent: neCLOSING_LEDGER; ledgerSeq: 19; ledgerHash: ""\003\235207\005}D\260\0261ah\322M\304\216\273m0\271\234\237\007<w$\265C\245\232\033""; ledgerHashPrevious: ""|\2003\266\274\251,W\006u\344\335d\003\306\212\313,\340\350bG\n\030Z\2732-\246\312\255\030""; networkTime: 803842798; firstSeq: 1; lastSeq: 19; "
1750527598598,1750527598599,0,1,4,3,TMProposeSet,"proposeSeq: 0; currentTxHash: ""\000\000\000\000\000\000\000\000\000\000\000\000\000\000\000\000\000\000\000\000\000\000\000\000\000\000\000\000\000\000\000\000""; nodePubKey: ""\003R7o\362bV\300hf\266\241;}\200^\374\240\203[:\342Q\225\221\027y\372\255\235\216\323~""; closeTime: 803842798; signature: ""0E\002!\000\275t\271KQ\343\330\337\002\270\304\325\013\203\320\307\275\212KO\274\021\323V\203\273\252\002\226\005\000\322\002 C6\334]\327\350E\332\310\275\316)\233\266\203\024\311\371\037\016\253\313\277#\276\243\344\226b\356\330\002""; previousledger: ""\003\235207\005}D\260\0261ah\322M\304\216\273m0\271\234\237\007<w$\265C\245\232\033""; ","proposeSeq: 0; currentTxHash: ""\000\000\000\000\000\000\000\000\000\000\000\000\000\000\000\000\000\000\000\000\000\000\000\000\000\000\000\000\000\000\000\000""; nodePubKey: ""\003R7o\362bV\300hf\266\241;}\200^\374\240\203[:\342Q\225\221\027y\372\255\235\216\323~""; closeTime: 803842798; signature: ""0E\002!\000\275t\271KQ\343\330\337\002\270\304\325\013\203\320\307\275\212KO\274\021\323V\203\273\252\002\226\005\000\322\002 C6\334]\327\350E\332\310\275\316)\233\266\203\024\311\371\037\016\253\313\277#\276\243\344\226b\356\330\002""; previousledger: ""\003\235207\005}D\260\0261ah\322M\304\216\273m0\271\234\237\007<w$\265C\245\232\033""; "
1750527598600,1750527598600,0,1,4,2,TMProposeSet,"proposeSeq: 0; currentTxHash: ""\000\000\000\000\000\000\000\000\000\000\000\000\000\000\000\000\000\000\000\000\000\000\000\000\000\000\000\000\000\000\000\000""; nodePubKey: ""\003R7o\362bV\300hf\266\241;}\200^\374\240\203[:\342Q\225\221\027y\372\255\235\216\323~""; closeTime: 803842798; signature: ""0E\002!\000\275t\271KQ\343\330\337\002\270\304\325\013\203\320\307\275\212KO\274\021\323V\203\273\252\002\226\005\000\322\002 C6\334]\327\350E\332\310\275\316)\233\266\203\024\311\371\037\016\253\313\277#\276\243\344\226b\356\330\002""; previousledger: ""\003\235207\005}D\260\0261ah\322M\304\216\273m0\271\234\237\007<w$\265C\245\232\033""; ","proposeSeq: 0; currentTxHash: ""\000\000\000\000\000\000\000\000\000\000\000\000\000\000\000\000\000\000\000\000\000\000\000\000\000\000\000\000\000\000\000\000""; nodePubKey: ""\003R7o\362bV\300hf\266\241;}\200^\374\240\203[:\342Q\225\221\027y\372\255\235\216\323~""; closeTime: 803842798; signature: ""0E\002!\000\275t\271KQ\343\330\337\002\270\304\325\013\203\320\307\275\212KO\274\021\323V\203\273\252\002\226\005\000\322\002 C6\334]\327\350E\332\310\275\316)\233\266\203\024\311\371\037\016\253\313\277#\276\243\344\226b\356\330\002""; previousledger: ""\003\235207\005}D\260\0261ah\322M\304\216\273m0\271\234\237\007<w$\265C\245\232\033""; "
1750527598602,1750527598602,0,1,4,0,TMProposeSet,"proposeSeq: 0; currentTxHash: ""\000\000\000\000\000\000\000\000\000\000\000\000\000\000\000\000\000\000\000\000\000\000\000\000\000\000\000\000\000\000\000\000""; nodePubKey: ""\003R7o\362bV\300hf\266\241;}\200^\374\240\203[:\342Q\225\221\027y\372\255\235\216\323~""; closeTime: 803842798; signature: ""0E\002!\000\275t\271KQ\343\330\337\002\270\304\325\013\203\320\307\275\212KO\274\021\323V\203\273\252\002\226\005\000\322\002 C6\334]\327\350E\332\310\275\316)\233\266\203\024\311\371\037\016\253\313\277#\276\243\344\226b\356\330\002""; previousledger: ""\003\235207\005}D\260\0261ah\322M\304\216\273m0\271\234\237\007<w$\265C\245\232\033""; ","proposeSeq: 0; currentTxHash: ""\000\000\000\000\000\000\000\000\000\000\000\000\000\000\000\000\000\000\000\000\000\000\000\000\000\000\000\000\000\000\000\000""; nodePubKey: ""\003R7o\362bV\300hf\266\241;}\200^\374\240\203[:\342Q\225\221\027y\372\255\235\216\323~""; closeTime: 803842798; signature: ""0E\002!\000\275t\271KQ\343\330\337\002\270\304\325\013\203\320\307\275\212KO\274\021\323V\203\273\252\002\226\005\000\322\002 C6\334]\327\350E\332\310\275\316)\233\266\203\024\311\371\037\016\253\313\277#\276\243\344\226b\356\330\002""; previousledger: ""\003\235207\005}D\260\0261ah\322M\304\216\273m0\271\234\237\007<w$\265C\245\232\033""; "
1750527598603,1750527598604,0,1,3,0,TMProposeSet,"proposeSeq: 0; currentTxHash: ""\000\000\000\000\000\000\000\000\000\000\000\000\000\000\000\000\000\000\000\000\000\000\000\000\000\000\000\000\000\000\000\000""; nodePubKey: ""\003R7o\362bV\300hf\266\241;}\200^\374\240\203[:\342Q\225\221\027y\372\255\235\216\323~""; closeTime: 803842798; signature: ""0E\002!\000\275t\271KQ\343\330\337\002\270\304\325\013\203\320\307\275\212KO\274\021\323V\203\273\252\002\226\005\000\322\002 C6\334]\327\350E\332\310\275\316)\233\266\203\024\311\371\037\016\253\313\277#\276\243\344\226b\356\330\002""; previousledger: ""\003\235207\005}D\260\0261ah\322M\304\216\273m0\271\234\237\007<w$\265C\245\232\033""; ","proposeSeq: 0; currentTxHash: ""\000\000\000\000\000\000\000\000\000\000\000\000\000\000\000\000\000\000\000\000\000\000\000\000\000\000\000\000\000\000\000\000""; nodePubKey: ""\003R7o\362bV\300hf\266\241;}\200^\374\240\203[:\342Q\225\221\027y\372\255\235\216\323~""; closeTime: 803842798; signature: ""0E\002!\000\275t\271KQ\343\330\337\002\270\304\325\013\203\320\307\275\212KO\274\021\323V\203\273\252\002\226\005\000\322\002 C6\334]\327\350E\332\310\275\316)\233\266\203\024\311\371\037\016\253\313\277#\276\243\344\226b\356\330\002""; previousledger: ""\003\235207\005}D\260\0261ah\322M\304\216\273m0\271\234\237\007<w$\265C\245\232\033""; "
1750527598602,1750527598602,0,1,4,1,TMProposeSet,"proposeSeq: 0; currentTxHash: ""\000\000\000\000\000\000\000\000\000\000\000\000\000\000\000\000\000\000\000\000\000\000\000\000\000\000\000\000\000\000\000\000""; nodePubKey: ""\003R7o\362bV\300hf\266\241;}\200^\374\240\203[:\342Q\225\221\027y\372\255\235\216\323~""; closeTime: 803842798; signature: ""0E\002!\000\275t\271KQ\343\330\337\002\270\304\325\013\203\320\307\275\212KO\274\021\323V\203\273\252\002\226\005\000\322\002 C6\334]\327\350E\332\310\275\316)\233\266\203\024\311\371\037\016\253\313\277#\276\243\344\226b\356\330\002""; previousledger: ""\003\235207\005}D\260\0261ah\322M\304\216\273m0\271\234\237\007<w$\265C\245\232\033""; ","proposeSeq: 0; currentTxHash: ""\000\000\000\000\000\000\000\000\000\000\000\000\000\000\000\000\000\000\000\000\000\000\000\000\000\000\000\000\000\000\000\000""; nodePubKey: ""\003R7o\362bV\300hf\266\241;}\200^\374\240\203[:\342Q\225\221\027y\372\255\235\216\323~""; closeTime: 803842798; signature: ""0E\002!\000\275t\271KQ\343\330\337\002\270\304\325\013\203\320\307\275\212KO\274\021\323V\203\273\252\002\226\005\000\322\002 C6\334]\327\350E\332\310\275\316)\233\266\203\024\311\371\037\016\253\313\277#\276\243\344\226b\356\330\002""; previousledger: ""\003\235207\005}D\260\0261ah\322M\304\216\273m0\271\234\237\007<w$\265C\245\232\033""; "
1750527598604,1750527598604,0,1,3,1,TMProposeSet,"proposeSeq: 0; currentTxHash: ""\000\000\000\000\000\000\000\000\000\000\000\000\000\000\000\000\000\000\000\000\000\000\000\000\000\000\000\000\000\000\000\000""; nodePubKey: ""\003R7o\362bV\300hf\266\241;}\200^\374\240\203[:\342Q\225\221\027y\372\255\235\216\323~""; closeTime: 803842798; signature: ""0E\002!\000\275t\271KQ\343\330\337\002\270\304\325\013\203\320\307\275\212KO\274\021\323V\203\273\252\002\226\005\000\322\002 C6\334]\327\350E\332\310\275\316)\233\266\203\024\311\371\037\016\253\313\277#\276\243\344\226b\356\330\002""; previousledger: ""\003\235207\005}D\260\0261ah\322M\304\216\273m0\271\234\237\007<w$\265C\245\232\033""; ","proposeSeq: 0; currentTxHash: ""\000\000\000\000\000\000\000\000\000\000\000\000\000\000\000\000\000\000\000\000\000\000\000\000\000\000\000\000\000\000\000\000""; nodePubKey: ""\003R7o\362bV\300hf\266\241;}\200^\374\240\203[:\342Q\225\221\027y\372\255\235\216\323~""; closeTime: 803842798; signature: ""0E\002!\000\275t\271KQ\343\330\337\002\270\304\325\013\203\320\307\275\212KO\274\021\323V\203\273\252\002\226\005\000\322\002 C6\334]\327\350E\332\310\275\316)\233\266\203\024\311\371\037\016\253\313\277#\276\243\344\226b\356\330\002""; previousledger: ""\003\235207\005}D\260\0261ah\322M\304\216\273m0\271\234\237\007<w$\265C\245\232\033""; "
1750527598604,1750527598604,0,1,3,2,TMProposeSet,"proposeSeq: 0; currentTxHash: ""\000\000\000\000\000\000\000\000\000\000\000\000\000\000\000\000\000\000\000\000\000\000\000\000\000\000\000\000\000\000\000\000""; nodePubKey: ""\003R7o\362bV\300hf\266\241;}\200^\374\240\203[:\342Q\225\221\027y\372\255\235\216\323~""; closeTime: 803842798; signature: ""0E\002!\000\275t\271KQ\343\330\337\002\270\304\325\013\203\320\307\275\212KO\274\021\323V\203\273\252\002\226\005\000\322\002 C6\334]\327\350E\332\310\275\316)\233\266\203\024\311\371\037\016\253\313\277#\276\243\344\226b\356\330\002""; previousledger: ""\003\235207\005}D\260\0261ah\322M\304\216\273m0\271\234\237\007<w$\265C\245\232\033""; ","proposeSeq: 0; currentTxHash: ""\000\000\000\000\000\000\000\000\000\000\000\000\000\000\000\000\000\000\000\000\000\000\000\000\000\000\000\000\000\000\000\000""; nodePubKey: ""\003R7o\362bV\300hf\266\241;}\200^\374\240\203[:\342Q\225\221\027y\372\255\235\216\323~""; closeTime: 803842798; signature: ""0E\002!\000\275t\271KQ\343\330\337\002\270\304\325\013\203\320\307\275\212KO\274\021\323V\203\273\252\002\226\005\000\322\002 C6\334]\327\350E\332\310\275\316)\233\266\203\024\311\371\037\016\253\313\277#\276\243\344\226b\356\330\002""; previousledger: ""\003\235207\005}D\260\0261ah\322M\304\216\273m0\271\234\237\007<w$\265C\245\232\033""; "
1750527598599,1750527598660,0,1,4,3,TMStatusChange,"newEvent: neCLOSING_LEDGER; ledgerSeq: 19; ledgerHash: ""\003\235207\005}D\260\0261ah\322M\304\216\273m0\271\234\237\007<w$\265C\245\232\033""; ledgerHashPrevious: ""|\2003\266\274\251,W\006u\344\335d\003\306\212\313,\340\350bG\n\030Z\2732-\246\312\255\030""; networkTime: 803842798; firstSeq: 1; lastSeq: 19; ","newEvent: neCLOSING_LEDGER; ledgerSeq: 19; ledgerHash: ""\003\235207\005}D\260\0261ah\322M\304\216\273m0\271\234\237\007<w$\265C\245\232\033""; ledgerHashPrevious: ""|\2003\266\274\251,W\006u\344\335d\003\306\212\313,\340\350bG\n\030Z\2732-\246\312\255\030""; networkTime: 803842798; firstSeq: 1; lastSeq: 19; "
1750527598600,1750527598660,0,1,4,2,TMStatusChange,"newEvent: neCLOSING_LEDGER; ledgerSeq: 19; ledgerHash: ""\003\235207\005}D\260\0261ah\322M\304\216\273m0\271\234\237\007<w$\265C\245\232\033""; ledgerHashPrevious: ""|\2003\266\274\251,W\006u\344\335d\003\306\212\313,\340\350bG\n\030Z\2732-\246\312\255\030""; networkTime: 803842798; firstSeq: 1; lastSeq: 19; ","newEvent: neCLOSING_LEDGER; ledgerSeq: 19; ledgerHash: ""\003\235207\005}D\260\0261ah\322M\304\216\273m0\271\234\237\007<w$\265C\245\232\033""; ledgerHashPrevious: ""|\2003\266\274\251,W\006u\344\335d\003\306\212\313,\340\350bG\n\030Z\2732-\246\312\255\030""; networkTime: 803842798; firstSeq: 1; lastSeq: 19; "
1750527598601,1750527598661,0,1,4,0,TMStatusChange,"newEvent: neCLOSING_LEDGER; ledgerSeq: 19; ledgerHash: ""\003\235207\005}D\260\0261ah\322M\304\216\273m0\271\234\237\007<w$\265C\245\232\033""; ledgerHashPrevious: ""|\2003\266\274\251,W\006u\344\335d\003\306\212\313,\340\350bG\n\030Z\2732-\246\312\255\030""; networkTime: 803842798; firstSeq: 1; lastSeq: 19; ","newEvent: neCLOSING_LEDGER; ledgerSeq: 19; ledgerHash: ""\003\235207\005}D\260\0261ah\322M\304\216\273m0\271\234\237\007<w$\265C\245\232\033""; ledgerHashPrevious: ""|\2003\266\274\251,W\006u\344\335d\003\306\212\313,\340\350bG\n\030Z\2732-\246\312\255\030""; networkTime: 803842798; firstSeq: 1; lastSeq: 19; "
1750527598602,1750527598661,0,1,4,1,TMStatusChange,"newEvent: neCLOSING_LEDGER; ledgerSeq: 19; ledgerHash: ""\003\235207\005}D\260\0261ah\322M\304\216\273m0\271\234\237\007<w$\265C\245\232\033""; ledgerHashPrevious: ""|\2003\266\274\251,W\006u\344\335d\003\306\212\313,\340\350bG\n\030Z\2732-\246\312\255\030""; networkTime: 803842798; firstSeq: 1; lastSeq: 19; ","newEvent: neCLOSING_LEDGER; ledgerSeq: 19; ledgerHash: ""\003\235207\005}D\260\0261ah\322M\304\216\273m0\271\234\237\007<w$\265C\245\232\033""; ledgerHashPrevious: ""|\2003\266\274\251,W\006u\344\335d\003\306\212\313,\340\350bG\n\030Z\2732-\246\312\255\030""; networkTime: 803842798; firstSeq: 1; lastSeq: 19; "
1750527600435,1750527600435,0,1,3,2,TMValidation,"validation: """"\200\000\000\001&\000\000\000\024)/\351\252\360:p\210\265\307-\212\200\004Q\023\313c\321B\032l\301h\005\320\252\301\361(\330[\343\357\343{\235\n\266g\272>\177\317\347\261qP\027\000\000\000\000\000\000\000\000\000\000\000\000\000\000\000\000\000\000\000\000\000\000\000\000\000\000\000\000\000\000\000\000P\031\003\235207\005}D\260\0261ah\322M\304\216\273m0\271\234\237\007<w$\265C\245\232\033s!\002\364d\217\366\217|\316F\232\231\241\n\261\333`\312O\367\235\025DD\336e\367\n\312\326\221\037\025\230vG0E\002!\000\327\373P\026\336\313\372\355=\330\306\267\275\337!\020\362@\2166\340\346\350%\217\0320\216\271 \211\320\002 `\204\370\037\026-\343\036L\303Qs\022\252\306\002\316\222\002\n3\363F\240\261\013\003\236\372\2456\356""; ","validation: """"\200\000\000\001&\000\000\000\024)/\351\252\360:p\210\265\307-\212\200\004Q\023\313c\321B\032l\301h\005\320\252\301\361(\330[\343\357\343{\235\n\266g\272>\177\317\347\261qP\027\000\000\000\000\000\000\000\000\000\000\000\000\000\000\000\000\000\000\000\000\000\000\000\000\000\000\000\000\000\000\000\000P\031\003\235207\005}D\260\0261ah\322M\304\216\273m0\271\234\237\007<w$\265C\245\232\033s!\002\364d\217\366\217|\316F\232\231\241\n\261\333`\312O\367\235\025DD\336e\367\n\312\326\221\037\025\230vG0E\002!\000\327\373P\026\336\313\372\355=\330\306\267\275\337!\020\362@\2166\340\346\350%\217\0320\216\271 \211\320\002 `\204\370\037\026-\343\036L\303Qs\022\252\306\002\316\222\002\n3\363F\240\261\013\003\236\372\2456\356""; "
1750527600437,1750527600437,0,1,3,0,TMValidation,"validation: """"\200\000\000\001&\000\000\000\024)/\351\252\360:p\210\265\307-\212\200\004Q\023\313c\321B\032l\301h\005\320\252\301\361(\330[\343\357\343{\235\n\266g\272>\177\317\347\261qP\027\000\000\000\000\000\000\000\000\000\000\000\000\000\000\000\000\000\000\000\000\000\000\000\000\000\000\000\000\000\000\000\000P\031\003\235207\005}D\260\0261ah\322M\304\216\273m0\271\234\237\007<w$\265C\245\232\033s!\002\364d\217\366\217|\316F\232\231\241\n\261\333`\312O\367\235\025DD\336e\367\n\312\326\221\037\025\230vG0E\002!\000\327\373P\026\336\313\372\355=\330\306\267\275\337!\020\362@\2166\340\346\350%\217\0320\216\271 \211\320\002 `\204\370\037\026-\343\036L\303Qs\022\252\306\002\316\222\002\n3\363F\240\261\013\003\236\372\2456\356""; ","validation: """"\200\000\000\001&\000\000\000\024)/\351\252\360:p\210\265\307-\212\200\004Q\023\313c\321B\032l\301h\005\320\252\301\361(\330[\343\357\343{\235\n\266g\272>\177\317\347\261qP\027\000\000\000\000\000\000\000\000\000\000\000\000\000\000\000\000\000\000\000\000\000\000\000\000\000\000\000\000\000\000\000\000P\031\003\235207\005}D\260\0261ah\322M\304\216\273m0\271\234\237\007<w$\265C\245\232\033s!\002\364d\217\366\217|\316F\232\231\241\n\261\333`\312O\367\235\025DD\336e\367\n\312\326\221\037\025\230vG0E\002!\000\327\373P\026\336\313\372\355=\330\306\267\275\337!\020\362@\2166\340\346\350%\217\0320\216\271 \211\320\002 `\204\370\037\026-\343\036L\303Qs\022\252\306\002\316\222\002\n3\363F\240\261\013\003\236\372\2456\356""; "
1750527600437,1750527600437,0,1,3,4,TMStatusChange,"newEvent: neACCEPTED_LEDGER; ledgerSeq: 20; ledgerHash: ""\023\313c\321B\032l\301h\005\320\252\301\361(\330[\343\357\343{\235\n\266g\272>\177\317\347\261q""; ledgerHashPrevious: ""\003\235207\005}D\260\0261ah\322M\304\216\273m0\271\234\237\007<w$\265C\245\232\033""; networkTime: 803842800; firstSeq: 1; lastSeq: 19; ","newEvent: neACCEPTED_LEDGER; ledgerSeq: 20; ledgerHash: ""\023\313c\321B\032l\301h\005\320\252\301\361(\330[\343\357\343{\235\n\266g\272>\177\317\347\261q""; ledgerHashPrevious: ""\003\235207\005}D\260\0261ah\322M\304\216\273m0\271\234\237\007<w$\265C\245\232\033""; networkTime: 803842800; firstSeq: 1; lastSeq: 19; "
1750527600438,1750527600438,0,1,3,0,TMStatusChange,"newEvent: neACCEPTED_LEDGER; ledgerSeq: 20; ledgerHash: ""\023\313c\321B\032l\301h\005\320\252\301\361(\330[\343\357\343{\235\n\266g\272>\177\317\347\261q""; ledgerHashPrevious: ""\003\235207\005}D\260\0261ah\322M\304\216\273m0\271\234\237\007<w$\265C\245\232\033""; networkTime: 803842800; firstSeq: 1; lastSeq: 19; ","newEvent: neACCEPTED_LEDGER; ledgerSeq: 20; ledgerHash: ""\023\313c\321B\032l\301h\005\320\252\301\361(\330[\343\357\343{\235\n\266g\272>\177\317\347\261q""; ledgerHashPrevious: ""\003\235207\005}D\260\0261ah\322M\304\216\273m0\271\234\237\007<w$\265C\245\232\033""; networkTime: 803842800; firstSeq: 1; lastSeq: 19; "
1750527600438,1750527600439,0,1,3,1,TMValidation,"validation: """"\200\000\000\001&\000\000\000\024)/\351\252\360:p\210\265\307-\212\200\004Q\023\313c\321B\032l\301h\005\320\252\301\361(\330[\343\357\343{\235\n\266g\272>\177\317\347\261qP\027\000\000\000\000\000\000\000\000\000\000\000\000\000\000\000\000\000\000\000\000\000\000\000\000\000\000\000\000\000\000\000\000P\031\003\235207\005}D\260\0261ah\322M\304\216\273m0\271\234\237\007<w$\265C\245\232\033s!\002\364d\217\366\217|\316F\232\231\241\n\261\333`\312O\367\235\025DD\336e\367\n\312\326\221\037\025\230vG0E\002!\000\327\373P\026\336\313\372\355=\330\306\267\275\337!\020\362@\2166\340\346\350%\217\0320\216\271 \211\320\002 `\204\370\037\026-\343\036L\303Qs\022\252\306\002\316\222\002\n3\363F\240\261\013\003\236\372\2456\356""; ","validation: """"\200\000\000\001&\000\000\000\024)/\351\252\360:p\210\265\307-\212\200\004Q\023\313c\321B\032l\301h\005\320\252\301\361(\330[\343\357\343{\235\n\266g\272>\177\317\347\261qP\027\000\000\000\000\000\000\000\000\000\000\000\000\000\000\000\000\000\000\000\000\000\000\000\000\000\000\000\000\000\000\000\000P\031\003\235207\005}D\260\0261ah\322M\304\216\273m0\271\234\237\007<w$\265C\245\232\033s!\002\364d\217\366\217|\316F\232\231\241\n\261\333`\312O\367\235\025DD\336e\367\n\312\326\221\037\025\230vG0E\002!\000\327\373P\026\336\313\372\355=\330\306\267\275\337!\020\362@\2166\340\346\350%\217\0320\216\271 \211\320\002 `\204\370\037\026-\343\036L\303Qs\022\252\306\002\316\222\002\n3\363F\240\261\013\003\236\372\2456\356""; "
1750527600439,1750527600439,0,1,3,4,TMValidation,"validation: """"\200\000\000\001&\000\000\000\024)/\351\252\360:p\210\265\307-\212\200\004Q\023\313c\321B\032l\301h\005\320\252\301\361(\330[\343\357\343{\235\n\266g\272>\177\317\347\261qP\027\000\000\000\000\000\000\000\000\000\000\000\000\000\000\000\000\000\000\000\000\000\000\000\000\000\000\000\000\000\000\000\000P\031\003\235207\005}D\260\0261ah\322M\304\216\273m0\271\234\237\007<w$\265C\245\232\033s!\002\364d\217\366\217|\316F\232\231\241\n\261\333`\312O\367\235\025DD\336e\367\n\312\326\221\037\025\230vG0E\002!\000\327\373P\026\336\313\372\355=\330\306\267\275\337!\020\362@\2166\340\346\350%\217\0320\216\271 \211\320\002 `\204\370\037\026-\343\036L\303Qs\022\252\306\002\316\222\002\n3\363F\240\261\013\003\236\372\2456\356""; ","validation: """"\200\000\000\001&\000\000\000\024)/\351\252\360:p\210\265\307-\212\200\004Q\023\313c\321B\032l\301h\005\320\252\301\361(\330[\343\357\343{\235\n\266g\272>\177\317\347\261qP\027\000\000\000\000\000\000\000\000\000\000\000\000\000\000\000\000\000\000\000\000\000\000\000\000\000\000\000\000\000\000\000\000P\031\003\235207\005}D\260\0261ah\322M\304\216\273m0\271\234\237\007<w$\265C\245\232\033s!\002\364d\217\366\217|\316F\232\231\241\n\261\333`\312O\367\235\025DD\336e\367\n\312\326\221\037\025\230vG0E\002!\000\327\373P\026\336\313\372\355=\330\306\267\275\337!\020\362@\2166\340\346\350%\217\0320\216\271 \211\320\002 `\204\370\037\026-\343\036L\303Qs\022\252\306\002\316\222\002\n3\363F\240\261\013\003\236\372\2456\356""; "
1750527600439,1750527600440,0,1,3,1,TMStatusChange,"newEvent: neACCEPTED_LEDGER; ledgerSeq: 20; ledgerHash: ""\023\313c\321B\032l\301h\005\320\252\301\361(\330[\343\357\343{\235\n\266g\272>\177\317\347\261q""; ledgerHashPrevious: ""\003\235207\005}D\260\0261ah\322M\304\216\273m0\271\234\237\007<w$\265C\245\232\033""; networkTime: 803842800; firstSeq: 1; lastSeq: 19; ","newEvent: neACCEPTED_LEDGER; ledgerSeq: 20; ledgerHash: ""\023\313c\321B\032l\301h\005\320\252\301\361(\330[\343\357\343{\235\n\266g\272>\177\317\347\261q""; ledgerHashPrevious: ""\003\235207\005}D\260\0261ah\322M\304\216\273m0\271\234\237\007<w$\265C\245\232\033""; networkTime: 803842800; firstSeq: 1; lastSeq: 19; "
1750527600440,1750527600440,0,1,3,2,TMStatusChange,"newEvent: neACCEPTED_LEDGER; ledgerSeq: 20; ledgerHash: ""\023\313c\321B\032l\301h\005\320\252\301\361(\330[\343\357\343{\235\n\266g\272>\177\317\347\261q""; ledgerHashPrevious: ""\003\235207\005}D\260\0261ah\322M\304\216\273m0\271\234\237\007<w$\265C\245\232\033""; networkTime: 803842800; firstSeq: 1; lastSeq: 19; ","newEvent: neACCEPTED_LEDGER; ledgerSeq: 20; ledgerHash: ""\023\313c\321B\032l\301h\005\320\252\301\361(\330[\343\357\343{\235\n\266g\272>\177\317\347\261q""; ledgerHashPrevious: ""\003\235207\005}D\260\0261ah\322M\304\216\273m0\271\234\237\007<w$\265C\245\232\033""; networkTime: 803842800; firstSeq: 1; lastSeq: 19; "
1750527600441,1750527600441,0,1,2,4,TMGetLedger,"itype: liBASE; ledgerHash: ""\023\313c\321B\032l\301h\005\320\252\301\361(\330[\343\357\343{\235\n\266g\272>\177\317\347\261q""; ledgerSeq: 20; ","itype: liBASE; ledgerHash: ""\023\313c\321B\032l\301h\005\320\252\301\361(\330[\343\357\343{\235\n\266g\272>\177\317\347\261q""; ledgerSeq: 20; "
1750527600442,1750527600442,0,1,2,0,TMGetLedger,"itype: liBASE; ledgerHash: ""\023\313c\321B\032l\301h\005\320\252\301\361(\330[\343\357\343{\235\n\266g\272>\177\317\347\261q""; ledgerSeq: 20; ","itype: liBASE; ledgerHash: ""\023\313c\321B\032l\301h\005\320\252\301\361(\330[\343\357\343{\235\n\266g\272>\177\317\347\261q""; ledgerSeq: 20; "
1750527600442,1750527600442,0,1,2,3,TMGetLedger,"itype: liBASE; ledgerHash: ""\023\313c\321B\032l\301h\005\320\252\301\361(\330[\343\357\343{\235\n\266g\272>\177\317\347\261q""; ledgerSeq: 20; ","itype: liBASE; ledgerHash: ""\023\313c\321B\032l\301h\005\320\252\301\361(\330[\343\357\343{\235\n\266g\272>\177\317\347\261q""; ledgerSeq: 20; "
1750527600443,1750527600443,0,1,2,1,TMGetLedger,"itype: liBASE; ledgerHash: ""\023\313c\321B\032l\301h\005\320\252\301\361(\330[\343\357\343{\235\n\266g\272>\177\317\347\261q""; ledgerSeq: 20; ","itype: liBASE; ledgerHash: ""\023\313c\321B\032l\301h\005\320\252\301\361(\330[\343\357\343{\235\n\266g\272>\177\317\347\261q""; ledgerSeq: 20; "
1750527600444,1750527600444,0,1,0,3,TMGetLedger,"itype: liBASE; ledgerHash: ""\023\313c\321B\032l\301h\005\320\252\301\361(\330[\343\357\343{\235\n\266g\272>\177\317\347\261q""; ledgerSeq: 20; ","itype: liBASE; ledgerHash: ""\023\313c\321B\032l\301h\005\320\252\301\361(\330[\343\357\343{\235\n\266g\272>\177\317\347\261q""; ledgerSeq: 20; "
1750527600445,1750527600445,0,1,0,1,TMGetLedger,"itype: liBASE; ledgerHash: ""\023\313c\321B\032l\301h\005\320\252\301\361(\330[\343\357\343{\235\n\266g\272>\177\317\347\261q""; ledgerSeq: 20; ","itype: liBASE; ledgerHash: ""\023\313c\321B\032l\301h\005\320\252\301\361(\330[\343\357\343{\235\n\266g\272>\177\317\347\261q""; ledgerSeq: 20; "
1750527600445,1750527600446,0,1,0,4,TMGetLedger,"itype: liBASE; ledgerHash: ""\023\313c\321B\032l\301h\005\320\252\301\361(\330[\343\357\343{\235\n\266g\272>\177\317\347\261q""; ledgerSeq: 20; ","itype: liBASE; ledgerHash: ""\023\313c\321B\032l\301h\005\320\252\301\361(\330[\343\357\343{\235\n\266g\272>\177\317\347\261q""; ledgerSeq: 20; "
1750527600446,1750527600446,0,1,0,2,TMGetLedger,"itype: liBASE; ledgerHash: ""\023\313c\321B\032l\301h\005\320\252\301\361(\330[\343\357\343{\235\n\266g\272>\177\317\347\261q""; ledgerSeq: 20; ","itype: liBASE; ledgerHash: ""\023\313c\321B\032l\301h\005\320\252\301\361(\330[\343\357\343{\235\n\266g\272>\177\317\347\261q""; ledgerSeq: 20; "
1750527600447,1750527600447,0,1,0,3,TMGetLedger,"itype: liBASE; ledgerHash: ""\023\313c\321B\032l\301h\005\320\252\301\361(\330[\343\357\343{\235\n\266g\272>\177\317\347\261q""; ledgerSeq: 20; queryType: qtINDIRECT; ","itype: liBASE; ledgerHash: ""\023\313c\321B\032l\301h\005\320\252\301\361(\330[\343\357\343{\235\n\266g\272>\177\317\347\261q""; ledgerSeq: 20; queryType: qtINDIRECT; "
1750527600447,1750527600447,0,1,1,2,TMGetLedger,"itype: liBASE; ledgerHash: ""\023\313c\321B\032l\301h\005\320\252\301\361(\330[\343\357\343{\235\n\266g\272>\177\317\347\261q""; ledgerSeq: 20; ","itype: liBASE; ledgerHash: ""\023\313c\321B\032l\301h\005\320\252\301\361(\330[\343\357\343{\235\n\266g\272>\177\317\347\261q""; ledgerSeq: 20; "
1750527600448,1750527600448,0,1,1,4,TMGetLedger,"itype: liBASE; ledgerHash: ""\023\313c\321B\032l\301h\005\320\252\301\361(\330[\343\357\343{\235\n\266g\272>\177\317\347\261q""; ledgerSeq: 20; ","itype: liBASE; ledgerHash: ""\023\313c\321B\032l\301h\005\320\252\301\361(\330[\343\357\343{\235\n\266g\272>\177\317\347\261q""; ledgerSeq: 20; "
1750527600449,1750527600449,0,1,1,3,TMGetLedger,"itype: liBASE; ledgerHash: ""\023\313c\321B\032l\301h\005\320\252\301\361(\330[\343\357\343{\235\n\266g\272>\177\317\347\261q""; ledgerSeq: 20; ","itype: liBASE; ledgerHash: ""\023\313c\321B\032l\301h\005\320\252\301\361(\330[\343\357\343{\235\n\266g\272>\177\317\347\261q""; ledgerSeq: 20; "
1750527600451,1750527600451,0,1,1,0,TMGetLedger,"itype: liBASE; ledgerHash: ""\023\313c\321B\032l\301h\005\320\252\301\361(\330[\343\357\343{\235\n\266g\272>\177\317\347\261q""; ledgerSeq: 20; ","itype: liBASE; ledgerHash: ""\023\313c\321B\032l\301h\005\320\252\301\361(\330[\343\357\343{\235\n\266g\272>\177\317\347\261q""; ledgerSeq: 20; "
1750527600451,1750527600452,0,1,1,2,TMValidation,"validation: """"\200\000\000\001&\000\000\000\024)/\351\252\360:p\210\265\307-\212\200\004Q\023\313c\321B\032l\301h\005\320\252\301\361(\330[\343\357\343{\235\n\266g\272>\177\317\347\261qP\027\000\000\000\000\000\000\000\000\000\000\000\000\000\000\000\000\000\000\000\000\000\000\000\000\000\000\000\000\000\000\000\000P\031\003\235207\005}D\260\0261ah\322M\304\216\273m0\271\234\237\007<w$\265C\245\232\033s!\002\364d\217\366\217|\316F\232\231\241\n\261\333`\312O\367\235\025DD\336e\367\n\312\326\221\037\025\230vG0E\002!\000\327\373P\026\336\313\372\355=\330\306\267\275\337!\020\362@\2166\340\346\350%\217\0320\216\271 \211\320\002 `\204\370\037\026-\343\036L\303Qs\022\252\306\002\316\222\002\n3\363F\240\261\013\003\236\372\2456\356""; ","validation: """"\200\000\000\001&\000\000\000\024)/\351\252\360:p\210\265\307-\212\200\004Q\023\313c\321B\032l\301h\005\320\252\301\361(\330[\343\357\343{\235\n\266g\272>\177\317\347\261qP\027\000\000\000\000\000\000\000\000\000\000\000\000\000\000\000\000\000\000\000\000\000\000\000\000\000\000\000\000\000\000\000\000P\031\003\235207\005}D\260\0261ah\322M\304\216\273m0\271\234\237\007<w$\265C\245\232\033s!\002\364d\217\366\217|\316F\232\231\241\n\261\333`\312O\367\235\025DD\336e\367\n\312\326\221\037\025\230vG0E\002!\000\327\373P\026\336\313\372\355=\330\306\267\275\337!\020\362@\2166\340\346\350%\217\0320\216\271 \211\320\002 `\204\370\037\026-\343\036L\303Qs\022\252\306\002\316\222\002\n3\363F\240\261\013\003\236\372\2456\356""; "
1750527600453,1750527600453,0,1,1,2,TMGetLedger,"itype: liBASE; ledgerHash: ""\023\313c\321B\032l\301h\005\320\252\301\361(\330[\343\357\343{\235\n\266g\272>\177\317\347\261q""; ledgerSeq: 20; queryType: qtINDIRECT; ","itype: liBASE; ledgerHash: ""\023\313c\321B\032l\301h\005\320\252\301\361(\330[\343\357\343{\235\n\266g\272>\177\317\347\261q""; ledgerSeq: 20; queryType: qtINDIRECT; "
1750527600453,1750527600453,0,1,1,0,TMGetLedger,"itype: liBASE; ledgerHash: ""\023\313c\321B\032l\301h\005\320\252\301\361(\330[\343\357\343{\235\n\266g\272>\177\317\347\261q""; ledgerSeq: 20; queryType: qtINDIRECT; ","itype: liBASE; ledgerHash: ""\023\313c\321B\032l\301h\005\320\252\301\361(\330[\343\357\343{\235\n\266g\272>\177\317\347\261q""; ledgerSeq: 20; queryType: qtINDIRECT; "
1750527600454,1750527600454,0,1,1,0,TMValidation,"validation: """"\200\000\000\001&\000\000\000\024)/\351\252\360:p\210\265\307-\212\200\004Q\023\313c\321B\032l\301h\005\320\252\301\361(\330[\343\357\343{\235\n\266g\272>\177\317\347\261qP\027\000\000\000\000\000\000\000\000\000\000\000\000\000\000\000\000\000\000\000\000\000\000\000\000\000\000\000\000\000\000\000\000P\031\003\235207\005}D\260\0261ah\322M\304\216\273m0\271\234\237\007<w$\265C\245\232\033s!\002\364d\217\366\217|\316F\232\231\241\n\261\333`\312O\367\235\025DD\336e\367\n\312\326\221\037\025\230vG0E\002!\000\327\373P\026\336\313\372\355=\330\306\267\275\337!\020\362@\2166\340\346\350%\217\0320\216\271 \211\320\002 `\204\370\037\026-\343\036L\303Qs\022\252\306\002\316\222\002\n3\363F\240\261\013\003\236\372\2456\356""; ","validation: """"\200\000\000\001&\000\000\000\024)/\351\252\360:p\210\265\307-\212\200\004Q\023\313c\321B\032l\301h\005\320\252\301\361(\330[\343\357\343{\235\n\266g\272>\177\317\347\261qP\027\000\000\000\000\000\000\000\000\000\000\000\000\000\000\000\000\000\000\000\000\000\000\000\000\000\000\000\000\000\000\000\000P\031\003\235207\005}D\260\0261ah\322M\304\216\273m0\271\234\237\007<w$\265C\245\232\033s!\002\364d\217\366\217|\316F\232\231\241\n\261\333`\312O\367\235\025DD\336e\367\n\312\326\221\037\025\230vG0E\002!\000\327\373P\026\336\313\372\355=\330\306\267\275\337!\020\362@\2166\340\346\350%\217\0320\216\271 \211\320\002 `\204\370\037\026-\343\036L\303Qs\022\252\306\002\316\222\002\n3\363F\240\261\013\003\236\372\2456\356""; "
1750527600454,1750527600455,0,1,1,3,TMGetLedger,"itype: liBASE; ledgerHash: ""\023\313c\321B\032l\301h\005\320\252\301\361(\330[\343\357\343{\235\n\266g\272>\177\317\347\261q""; ledgerSeq: 20; queryType: qtINDIRECT; ","itype: liBASE; ledgerHash: ""\023\313c\321B\032l\301h\005\320\252\301\361(\330[\343\357\343{\235\n\266g\272>\177\317\347\261q""; ledgerSeq: 20; queryType: qtINDIRECT; "
1750527600455,1750527600455,0,1,4,2,TMValidation,"validation: """"\200\000\000\001&\000\000\000\024)/\351\252\360:p\210\265\307-\212\200\004Q\023\313c\321B\032l\301h\005\320\252\301\361(\330[\343\357\343{\235\n\266g\272>\177\317\347\261qP\027\000\000\000\000\000\000\000\000\000\000\000\000\000\000\000\000\000\000\000\000\000\000\000\000\000\000\000\000\000\000\000\000P\031\003\235207\005}D\260\0261ah\322M\304\216\273m0\271\234\237\007<w$\265C\245\232\033s!\002\364d\217\366\217|\316F\232\231\241\n\261\333`\312O\367\235\025DD\336e\367\n\312\326\221\037\025\230vG0E\002!\000\327\373P\026\336\313\372\355=\330\306\267\275\337!\020\362@\2166\340\346\350%\217\0320\216\271 \211\320\002 `\204\370\037\026-\343\036L\303Qs\022\252\306\002\316\222\002\n3\363F\240\261\013\003\236\372\2456\356""; ","validation: """"\200\000\000\001&\000\000\000\024)/\351\252\360:p\210\265\307-\212\200\004Q\023\313c\321B\032l\301h\005\320\252\301\361(\330[\343\357\343{\235\n\266g\272>\177\317\347\261qP\027\000\000\000\000\000\000\000\000\000\000\000\000\000\000\000\000\000\000\000\000\000\000\000\000\000\000\000\000\000\000\000\000P\031\003\235207\005}D\260\0261ah\322M\304\216\273m0\271\234\237\007<w$\265C\245\232\033s!\002\364d\217\366\217|\316F\232\231\241\n\261\333`\312O\367\235\025DD\336e\367\n\312\326\221\037\025\230vG0E\002!\000\327\373P\026\336\313\372\355=\330\306\267\275\337!\020\362@\2166\340\346\350%\217\0320\216\271 \211\320\002 `\204\370\037\026-\343\036L\303Qs\022\252\306\002\316\222\002\n3\363F\240\261\013\003\236\372\2456\356""; "
1750527600456,1750527600456,0,1,4,1,TMValidation,"validation: """"\200\000\000\001&\000\000\000\024)/\351\252\360:p\210\265\307-\212\200\004Q\023\313c\321B\032l\301h\005\320\252\301\361(\330[\343\357\343{\235\n\266g\272>\177\317\347\261qP\027\000\000\000\000\000\000\000\000\000\000\000\000\000\000\000\000\000\000\000\000\000\000\000\000\000\000\000\000\000\000\000\000P\031\003\235207\005}D\260\0261ah\322M\304\216\273m0\271\234\237\007<w$\265C\245\232\033s!\002\364d\217\366\217|\316F\232\231\241\n\261\333`\312O\367\235\025DD\336e\367\n\312\326\221\037\025\230vG0E\002!\000\327\373P\026\336\313\372\355=\330\306\267\275\337!\020\362@\2166\340\346\350%\217\0320\216\271 \211\320\002 `\204\370\037\026-\343\036L\303Qs\022\252\306\002\316\222\002\n3\363F\240\261\013\003\236\372\2456\356""; ","validation: """"\200\000\000\001&\000\000\000\024)/\351\252\360:p\210\265\307-\212\200\004Q\023\313c\321B\032l\301h\005\320\252\301\361(\330[\343\357\343{\235\n\266g\272>\177\317\347\261qP\027\000\000\000\000\000\000\000\000\000\000\000\000\000\000\000\000\000\000\000\000\000\000\000\000\000\000\000\000\000\000\000\000P\031\003\235207\005}D\260\0261ah\322M\304\216\273m0\271\234\237\007<w$\265C\245\232\033s!\002\364d\217\366\217|\316F\232\231\241\n\261\333`\312O\367\235\025DD\336e\367\n\312\326\221\037\025\230vG0E\002!\000\327\373P\026\336\313\372\355=\330\306\267\275\337!\020\362@\2166\340\346\350%\217\0320\216\271 \211\320\002 `\204\370\037\026-\343\036L\303Qs\022\252\306\002\316\222\002\n3\363F\240\261\013\003\236\372\2456\356""; "
1750527600456,1750527600457,0,1,4,3,TMGetLedger,"itype: liBASE; ledgerHash: ""\023\313c\321B\032l\301h\005\320\252\301\361(\330[\343\357\343{\235\n\266g\272>\177\317\347\261q""; ","itype: liBASE; ledgerHash: ""\023\313c\321B\032l\301h\005\320\252\301\361(\330[\343\357\343{\235\n\266g\272>\177\317\347\261q""; "
1750527600457,1750527600457,0,1,4,0,TMValidation,"validation: """"\200\000\000\001&\000\000\000\024)/\351\252\360:p\210\265\307-\212\200\004Q\023\313c\321B\032l\301h\005\320\252\301\361(\330[\343\357\343{\235\n\266g\272>\177\317\347\261qP\027\000\000\000\000\000\000\000\000\000\000\000\000\000\000\000\000\000\000\000\000\000\000\000\000\000\000\000\000\000\000\000\000P\031\003\235207\005}D\260\0261ah\322M\304\216\273m0\271\234\237\007<w$\265C\245\232\033s!\002\364d\217\366\217|\316F\232\231\241\n\261\333`\312O\367\235\025DD\336e\367\n\312\326\221\037\025\230vG0E\002!\000\327\373P\026\336\313\372\355=\330\306\267\275\337!\020\362@\2166\340\346\350%\217\0320\216\271 \211\320\002 `\204\370\037\026-\343\036L\303Qs\022\252\306\002\316\222\002\n3\363F\240\261\013\003\236\372\2456\356""; ","validation: """"\200\000\000\001&\000\000\000\024)/\351\252\360:p\210\265\307-\212\200\004Q\023\313c\321B\032l\301h\005\320\252\301\361(\330[\343\357\343{\235\n\266g\272>\177\317\347\261qP\027\000\000\000\000\000\000\000\000\000\000\000\000\000\000\000\000\000\000\000\000\000\000\000\000\000\000\000\000\000\000\000\000P\031\003\235207\005}D\260\0261ah\322M\304\216\273m0\271\234\237\007<w$\265C\245\232\033s!\002\364d\217\366\217|\316F\232\231\241\n\261\333`\312O\367\235\025DD\336e\367\n\312\326\221\037\025\230vG0E\002!\000\327\373P\026\336\313\372\355=\330\306\267\275\337!\020\362@\2166\340\346\350%\217\0320\216\271 \211\320\002 `\204\370\037\026-\343\036L\303Qs\022\252\306\002\316\222\002\n3\363F\240\261\013\003\236\372\2456\356""; "
1750527600458,1750527600458,0,1,4,1,TMGetLedger,"itype: liBASE; ledgerHash: ""\023\313c\321B\032l\301h\005\320\252\301\361(\330[\343\357\343{\235\n\266g\272>\177\317\347\261q""; ","itype: liBASE; ledgerHash: ""\023\313c\321B\032l\301h\005\320\252\301\361(\330[\343\357\343{\235\n\266g\272>\177\317\347\261q""; "
1750527600458,1750527600458,0,1,4,0,TMGetLedger,"itype: liBASE; ledgerHash: ""\023\313c\321B\032l\301h\005\320\252\301\361(\330[\343\357\343{\235\n\266g\272>\177\317\347\261q""; ","itype: liBASE; ledgerHash: ""\023\313c\321B\032l\301h\005\320\252\301\361(\330[\343\357\343{\235\n\266g\272>\177\317\347\261q""; "
1750527600459,1750527600459,0,1,4,2,TMGetLedger,"itype: liBASE; ledgerHash: ""\023\313c\321B\032l\301h\005\320\252\301\361(\330[\343\357\343{\235\n\266g\272>\177\317\347\261q""; ","itype: liBASE; ledgerHash: ""\023\313c\321B\032l\301h\005\320\252\301\361(\330[\343\357\343{\235\n\266g\272>\177\317\347\261q""; "
1750527600460,1750527600460,0,1,4,0,TMGetLedger,"itype: liBASE; ledgerHash: ""\023\313c\321B\032l\301h\005\320\252\301\361(\330[\343\357\343{\235\n\266g\272>\177\317\347\261q""; queryType: qtINDIRECT; ","itype: liBASE; ledgerHash: ""\023\313c\321B\032l\301h\005\320\252\301\361(\330[\343\357\343{\235\n\266g\272>\177\317\347\261q""; queryType: qtINDIRECT; "
1750527600460,1750527600460,0,1,4,1,TMGetLedger,"itype: liBASE; ledgerHash: ""\023\313c\321B\032l\301h\005\320\252\301\361(\330[\343\357\343{\235\n\266g\272>\177\317\347\261q""; queryType: qtINDIRECT; ","itype: liBASE; ledgerHash: ""\023\313c\321B\032l\301h\005\320\252\301\361(\330[\343\357\343{\235\n\266g\272>\177\317\347\261q""; queryType: qtINDIRECT; "
1750527600461,1750527600461,0,1,4,3,TMGetLedger,"itype: liBASE; ledgerHash: ""\023\313c\321B\032l\301h\005\320\252\301\361(\330[\343\357\343{\235\n\266g\272>\177\317\347\261q""; queryType: qtINDIRECT; ","itype: liBASE; ledgerHash: ""\023\313c\321B\032l\301h\005\320\252\301\361(\330[\343\357\343{\235\n\266g\272>\177\317\347\261q""; queryType: qtINDIRECT; "
1750527600462,1750527600462,0,1,4,2,TMGetLedger,"itype: liBASE; ledgerHash: ""\023\313c\321B\032l\301h\005\320\252\301\361(\330[\343\357\343{\235\n\266g\272>\177\317\347\261q""; queryType: qtINDIRECT; ","itype: liBASE; ledgerHash: ""\023\313c\321B\032l\301h\005\320\252\301\361(\330[\343\357\343{\235\n\266g\272>\177\317\347\261q""; queryType: qtINDIRECT; "
1750527600462,1750527600462,0,1,2,3,TMGetLedger,"itype: liBASE; ledgerHash: ""\023\313c\321B\032l\301h\005\320\252\301\361(\330[\343\357\343{\235\n\266g\272>\177\317\347\261q""; ledgerSeq: 20; queryType: qtINDIRECT; ","itype: liBASE; ledgerHash: ""\023\313c\321B\032l\301h\005\320\252\301\361(\330[\343\357\343{\235\n\266g\272>\177\317\347\261q""; ledgerSeq: 20; queryType: qtINDIRECT; "
1750527600463,1750527600463,0,1,0,2,TMValidation,"validation: """"\200\000\000\001&\000\000\000\024)/\351\252\360:p\210\265\307-\212\200\004Q\023\313c\321B\032l\301h\005\320\252\301\361(\330[\343\357\343{\235\n\266g\272>\177\317\347\261qP\027\000\000\000\000\000\000\000\000\000\000\000\000\000\000\000\000\000\000\000\000\000\000\000\000\000\000\000\000\000\000\000\000P\031\003\235207\005}D\260\0261ah\322M\304\216\273m0\271\234\237\007<w$\265C\245\232\033s!\002\364d\217\366\217|\316F\232\231\241\n\261\333`\312O\367\235\025DD\336e\367\n\312\326\221\037\025\230vG0E\002!\000\327\373P\026\336\313\372\355=\330\306\267\275\337!\020\362@\2166\340\346\350%\217\0320\216\271 \211\320\002 `\204\370\037\026-\343\036L\303Qs\022\252\306\002\316\222\002\n3\363F\240\261\013\003\236\372\2456\356""; ","validation: """"\200\000\000\001&\000\000\000\024)/\351\252\360:p\210\265\307-\212\200\004Q\023\313c\321B\032l\301h\005\320\252\301\361(\330[\343\357\343{\235\n\266g\272>\177\317\347\261qP\027\000\000\000\000\000\000\000\000\000\000\000\000\000\000\000\000\000\000\000\000\000\000\000\000\000\000\000\000\000\000\000\000P\031\003\235207\005}D\260\0261ah\322M\304\216\273m0\271\234\237\007<w$\265C\245\232\033s!\002\364d\217\366\217|\316F\232\231\241\n\261\333`\312O\367\235\025DD\336e\367\n\312\326\221\037\025\230vG0E\002!\000\327\373P\026\336\313\372\355=\330\306\267\275\337!\020\362@\2166\340\346\350%\217\0320\216\271 \211\320\002 `\204\370\037\026-\343\036L\303Qs\022\252\306\002\316\222\002\n3\363F\240\261\013\003\236\372\2456\356""; "
1750527600464,1750527600464,0,1,0,2,TMGetLedger,"itype: liBASE; ledgerHash: ""\023\313c\321B\032l\301h\005\320\252\301\361(\330[\343\357\343{\235\n\266g\272>\177\317\347\261q""; ledgerSeq: 20; queryType: qtINDIRECT; ","itype: liBASE; ledgerHash: ""\023\313c\321B\032l\301h\005\320\252\301\361(\330[\343\357\343{\235\n\266g\272>\177\317\347\261q""; ledgerSeq: 20; queryType: qtINDIRECT; "
1750527600465,1750527600465,0,1,3,2,TMLedgerData,"ledgerHash: ""\023\313c\321B\032l\301h\005\320\252\301\361(\330[\343\357\343{\235\n\266g\272>\177\317\347\261q""; ledgerSeq: 20; type: liBASE; nodes {;   nodedata: ""\000\000\000\024\001cEx]\211\377\330\003\235207\005}D\260\0261ah\322M\304\216\273m0\271\234\237\007<w$\265C\245\232\033\000\000\000\000\000\000\000\000\000\000\000\000\000\000\000\000\000\000\000\000\000\000\000\000\000\000\000\000\000\000\000\000\n\363\301h\306\005\306\004R\354\274\221\321N_\017\366\212\257Bp\371\362\016\274\342@}\343]\305\351/\351\252\360/\351\252\361\n\000""; }; nodes {;   nodedata: ""\323C\344\327\264{\312-\017:\006{\177\344N\002\326bO\260\220\006\033\362\345\005U\221DzJ0\001\301\025%1L\307\t\261\262z\374\222T\301\274V\236\223\262\270Ct\362\337b\356\024*\324\320\351\317\002k\336\234\027v\351\217\260\303\360\233ZPZWr\246$w\313\313\r\243r\232\2234\373\3539:N\004Q\245\272D\312D\300\300\t\323\0257\345e\271\na\215{\226\255x%T\257\037\333\004\344_/R\006E\344\037@\210\363\010\336T\226\247'\204_{\261\370""1\235\2445\343\033Y!\212\201\341\272\225'\007w"":^(\016)\247J\356\260\016_\312\334|\014t\325c#\270A\364\256elImg-\343\013\003""; }; ","ledgerHash: ""\023\313c\321B\032l\301h\005\320\252\301\361(\330[\343\357\343{\235\n\266g\272>\177\317\347\261q""; ledgerSeq: 20; type: liBASE; nodes {;   nodedata: ""\000\000\000\024\001cEx]\211\377\330\003\235207\005}D\260\0261ah\322M\304\216\273m0\271\234\237\007<w$\265C\245\232\033\000\000\000\000\000\000\000\000\000\000\000\000\000\000\000\000\000\000\000\000\000\000\000\000\000\000\000\000\000\000\000\000\n\363\301h\306\005\306\004R\354\274\221\321N_\017\366\212\257Bp\371\362\016\274\342@}\343]\305\351/\351\252\360/\351\252\361\n\000""; }; nodes {;   nodedata: ""\323C\344\327\264{\312-\017:\006{\177\344N\002\326bO\260\220\006\033\362\345\005U\221DzJ0\001\301\025%1L\307\t\261\262z\374\222T\301\274V\236\223\262\270Ct\362\337b\356\024*\324\320\351\317\002k\336\234\027v\351\217\260\303\360\233ZPZWr\246$w\313\313\r\243r\232\2234\373\3539:N\004Q\245\272D\312D\300\300\t\323\0257\345e\271\na\215{\226\255x%T\257\037\333\004\344_/R\006E\344\037@\210\363\010\336T\226\247'\204_{\261\370""1\235\2445\343\033Y!\212\201\341\272\225'\007w"":^(\016)\247J\356\260\016_\312\334|\014t\325c#\270A\364\256elImg-\343\013\003""; }; "
1750527600466,1750527600466,0,1,3,0,TMLedgerData,"ledgerHash: ""\023\313c\321B\032l\301h\005\320\252\301\361(\330[\343\357\343{\235\n\266g\272>\177\317\347\261q""; ledgerSeq: 20; type: liBASE; nodes {;   nodedata: ""\000\000\000\024\001cEx]\211\377\330\003\235207\005}D\260\0261ah\322M\304\216\273m0\271\234\237\007<w$\265C\245\232\033\000\000\000\000\000\000\000\000\000\000\000\000\000\000\000\000\000\000\000\000\000\000\000\000\000\000\000\000\000\000\000\000\n\363\301h\306\005\306\004R\354\274\221\321N_\017\366\212\257Bp\371\362\016\274\342@}\343]\305\351/\351\252\360/\351\252\361\n\000""; }; nodes {;   nodedata: ""\323C\344\327\264{\312-\017:\006{\177\344N\002\326bO\260\220\006\033\362\345\005U\221DzJ0\001\301\025%1L\307\t\261\262z\374\222T\301\274V\236\223\262\270Ct\362\337b\356\024*\324\320\351\317\002k\336\234\027v\351\217\260\303\360\233ZPZWr\246$w\313\313\r\243r\232\2234\373\3539:N\004Q\245\272D\312D\300\300\t\323\0257\345e\271\na\215{\226\255x%T\257\037\333\004\344_/R\006E\344\037@\210\363\010\336T\226\247'\204_{\261\370""1\235\2445\343\033Y!\212\201\341\272\225'\007w"":^(\016)\247J\356\260\016_\312\334|\014t\325c#\270A\364\256elImg-\343\013\003""; }; ","ledgerHash: ""\023\313c\321B\032l\301h\005\320\252\301\361(\330[\343\357\343{\235\n\266g\272>\177\317\347\261q""; ledgerSeq: 20; type: liBASE; nodes {;   nodedata: ""\000\000\000\024\001cEx]\211\377\330\003\235207\005}D\260\0261ah\322M\304\216\273m0\271\234\237\007<w$\265C\245\232\033\000\000\000\000\000\000\000\000\000\000\000\000\000\000\000\000\000\000\000\000\000\000\000\000\000\000\000\000\000\000\000\000\n\363\301h\306\005\306\004R\354\274\221\321N_\017\366\212\257Bp\371\362\016\274\342@}\343]\305\351/\351\252\360/\351\252\361\n\000""; }; nodes {;   nodedata: ""\323C\344\327\264{\312-\017:\006{\177\344N\002\326bO\260\220\006\033\362\345\005U\221DzJ0\001\301\025%1L\307\t\261\262z\374\222T\301\274V\236\223\262\270Ct\362\337b\356\024*\324\320\351\317\002k\336\234\027v\351\217\260\303\360\233ZPZWr\246$w\313\313\r\243r\232\2234\373\3539:N\004Q\245\272D\312D\300\300\t\323\0257\345e\271\na\215{\226\255x%T\257\037\333\004\344_/R\006E\344\037@\210\363\010\336T\226\247'\204_{\261\370""1\235\2445\343\033Y!\212\201\341\272\225'\007w"":^(\016)\247J\356\260\016_\312\334|\014t\325c#\270A\364\256elImg-\343\013\003""; }; "
1750527600467,1750527600467,0,1,2,0,TMGetLedger,"itype: liBASE; ledgerHash: ""\023\313c\321B\032l\301h\005\320\252\301\361(\330[\343\357\343{\235\n\266g\272>\177\317\347\261q""; ledgerSeq: 20; queryType: qtINDIRECT; ","itype: liBASE; ledgerHash: ""\023\313c\321B\032l\301h\005\320\252\301\361(\330[\343\357\343{\235\n\266g\272>\177\317\347\261q""; ledgerSeq: 20; queryType: qtINDIRECT; "
1750527600467,1750527600468,0,1,2,0,TMValidation,"validation: """"\200\000\000\001&\000\000\000\024)/\351\252\360:p\210\265\307-\212\200\004Q\023\313c\321B\032l\301h\005\320\252\301\361(\330[\343\357\343{\235\n\266g\272>\177\317\347\261qP\027\000\000\000\000\000\000\000\000\000\000\000\000\000\000\000\000\000\000\000\000\000\000\000\000\000\000\000\000\000\000\000\000P\031\003\235207\005}D\260\0261ah\322M\304\216\273m0\271\234\237\007<w$\265C\245\232\033s!\002\364d\217\366\217|\316F\232\231\241\n\261\333`\312O\367\235\025DD\336e\367\n\312\326\221\037\025\230vG0E\002!\000\327\373P\026\336\313\372\355=\330\306\267\275\337!\020\362@\2166\340\346\350%\217\0320\216\271 \211\320\002 `\204\370\037\026-\343\036L\303Qs\022\252\306\002\316\222\002\n3\363F\240\261\013\003\236\372\2456\356""; ","validation: """"\200\000\000\001&\000\000\000\024)/\351\252\360:p\210\265\307-\212\200\004Q\023\313c\321B\032l\301h\005\320\252\301\361(\330[\343\357\343{\235\n\266g\272>\177\317\347\261qP\027\000\000\000\000\000\000\000\000\000\000\000\000\000\000\000\000\000\000\000\000\000\000\000\000\000\000\000\000\000\000\000\000P\031\003\235207\005}D\260\0261ah\322M\304\216\273m0\271\234\237\007<w$\265C\245\232\033s!\002\364d\217\366\217|\316F\232\231\241\n\261\333`\312O\367\235\025DD\336e\367\n\312\326\221\037\025\230vG0E\002!\000\327\373P\026\336\313\372\355=\330\306\267\275\337!\020\362@\2166\340\346\350%\217\0320\216\271 \211\320\002 `\204\370\037\026-\343\036L\303Qs\022\252\306\002\316\222\002\n3\363F\240\261\013\003\236\372\2456\356""; "
1750527600468,1750527600468,0,1,3,0,TMLedgerData,"ledgerHash: ""\023\313c\321B\032l\301h\005\320\252\301\361(\330[\343\357\343{\235\n\266g\272>\177\317\347\261q""; ledgerSeq: 20; type: liBASE; nodes {;   nodedata: ""\000\000\000\024\001cEx]\211\377\330\003\235207\005}D\260\0261ah\322M\304\216\273m0\271\234\237\007<w$\265C\245\232\033\000\000\000\000\000\000\000\000\000\000\000\000\000\000\000\000\000\000\000\000\000\000\000\000\000\000\000\000\000\000\000\000\n\363\301h\306\005\306\004R\354\274\221\321N_\017\366\212\257Bp\371\362\016\274\342@}\343]\305\351/\351\252\360/\351\252\361\n\000""; }; nodes {;   nodedata: ""\323C\344\327\264{\312-\017:\006{\177\344N\002\326bO\260\220\006\033\362\345\005U\221DzJ0\001\301\025%1L\307\t\261\262z\374\222T\301\274V\236\223\262\270Ct\362\337b\356\024*\324\320\351\317\002k\336\234\027v\351\217\260\303\360\233ZPZWr\246$w\313\313\r\243r\232\2234\373\3539:N\004Q\245\272D\312D\300\300\t\323\0257\345e\271\na\215{\226\255x%T\257\037\333\004\344_/R\006E\344\037@\210\363\010\336T\226\247'\204_{\261\370""1\235\2445\343\033Y!\212\201\341\272\225'\007w"":^(\016)\247J\356\260\016_\312\334|\014t\325c#\270A\364\256elImg-\343\013\003""; }; ","ledgerHash: ""\023\313c\321B\032l\301h\005\320\252\301\361(\330[\343\357\343{\235\n\266g\272>\177\317\347\261q""; ledgerSeq: 20; type: liBASE; nodes {;   nodedata: ""\000\000\000\024\001cEx]\211\377\330\003\235207\005}D\260\0261ah\322M\304\216\273m0\271\234\237\007<w$\265C\245\232\033\000\000\000\000\000\000\000\000\000\000\000\000\000\000\000\000\000\000\000\000\000\000\000\000\000\000\000\000\000\000\000\000\n\363\301h\306\005\306\004R\354\274\221\321N_\017\366\212\257Bp\371\362\016\274\342@}\343]\305\351/\351\252\360/\351\252\361\n\000""; }; nodes {;   nodedata: ""\323C\344\327\264{\312-\017:\006{\177\344N\002\326bO\260\220\006\033\362\345\005U\221DzJ0\001\301\025%1L\307\t\261\262z\374\222T\301\274V\236\223\262\270Ct\362\337b\356\024*\324\320\351\317\002k\336\234\027v\351\217\260\303\360\233ZPZWr\246$w\313\313\r\243r\232\2234\373\3539:N\004Q\245\272D\312D\300\300\t\323\0257\345e\271\na\215{\226\255x%T\257\037\333\004\344_/R\006E\344\037@\210\363\010\336T\226\247'\204_{\261\370""1\235\2445\343\033Y!\212\201\341\272\225'\007w"":^(\016)\247J\356\260\016_\312\334|\014t\325c#\270A\364\256elImg-\343\013\003""; }; "
1750527600469,1750527600469,0,1,2,1,TMGetLedger,"itype: liBASE; ledgerHash: ""\023\313c\321B\032l\301h\005\320\252\301\361(\330[\343\357\343{\235\n\266g\272>\177\317\347\261q""; ledgerSeq: 20; queryType: qtINDIRECT; ","itype: liBASE; ledgerHash: ""\023\313c\321B\032l\301h\005\320\252\301\361(\330[\343\357\343{\235\n\266g\272>\177\317\347\261q""; ledgerSeq: 20; queryType: qtINDIRECT; "
1750527600470,1750527600470,0,1,2,1,TMValidation,"validation: """"\200\000\000\001&\000\000\000\024)/\351\252\360:p\210\265\307-\212\200\004Q\023\313c\321B\032l\301h\005\320\252\301\361(\330[\343\357\343{\235\n\266g\272>\177\317\347\261qP\027\000\000\000\000\000\000\000\000\000\000\000\000\000\000\000\000\000\000\000\000\000\000\000\000\000\000\000\000\000\000\000\000P\031\003\235207\005}D\260\0261ah\322M\304\216\273m0\271\234\237\007<w$\265C\245\232\033s!\002\364d\217\366\217|\316F\232\231\241\n\261\333`\312O\367\235\025DD\336e\367\n\312\326\221\037\025\230vG0E\002!\000\327\373P\026\336\313\372\355=\330\306\267\275\337!\020\362@\2166\340\346\350%\217\0320\216\271 \211\320\002 `\204\370\037\026-\343\036L\303Qs\022\252\306\002\316\222\002\n3\363F\240\261\013\003\236\372\2456\356""; ","validation: """"\200\000\000\001&\000\000\000\024)/\351\252\360:p\210\265\307-\212\200\004Q\023\313c\321B\032l\301h\005\320\252\301\361(\330[\343\357\343{\235\n\266g\272>\177\317\347\261qP\027\000\000\000\000\000\000\000\000\000\000\000\000\000\000\000\000\000\000\000\000\000\000\000\000\000\000\000\000\000\000\000\000P\031\003\235207\005}D\260\0261ah\322M\304\216\273m0\271\234\237\007<w$\265C\245\232\033s!\002\364d\217\366\217|\316F\232\231\241\n\261\333`\312O\367\235\025DD\336e\367\n\312\326\221\037\025\230vG0E\002!\000\327\373P\026\336\313\372\355=\330\306\267\275\337!\020\362@\2166\340\346\350%\217\0320\216\271 \211\320\002 `\204\370\037\026-\343\036L\303Qs\022\252\306\002\316\222\002\n3\363F\240\261\013\003\236\372\2456\356""; "
1750527600471,1750527600471,0,1,3,1,TMLedgerData,"ledgerHash: ""\023\313c\321B\032l\301h\005\320\252\301\361(\330[\343\357\343{\235\n\266g\272>\177\317\347\261q""; ledgerSeq: 20; type: liBASE; nodes {;   nodedata: ""\000\000\000\024\001cEx]\211\377\330\003\235207\005}D\260\0261ah\322M\304\216\273m0\271\234\237\007<w$\265C\245\232\033\000\000\000\000\000\000\000\000\000\000\000\000\000\000\000\000\000\000\000\000\000\000\000\000\000\000\000\000\000\000\000\000\n\363\301h\306\005\306\004R\354\274\221\321N_\017\366\212\257Bp\371\362\016\274\342@}\343]\305\351/\351\252\360/\351\252\361\n\000""; }; nodes {;   nodedata: ""\323C\344\327\264{\312-\017:\006{\177\344N\002\326bO\260\220\006\033\362\345\005U\221DzJ0\001\301\025%1L\307\t\261\262z\374\222T\301\274V\236\223\262\270Ct\362\337b\356\024*\324\320\351\317\002k\336\234\027v\351\217\260\303\360\233ZPZWr\246$w\313\313\r\243r\232\2234\373\3539:N\004Q\245\272D\312D\300\300\t\323\0257\345e\271\na\215{\226\255x%T\257\037\333\004\344_/R\006E\344\037@\210\363\010\336T\226\247'\204_{\261\370""1\235\2445\343\033Y!\212\201\341\272\225'\007w"":^(\016)\247J\356\260\016_\312\334|\014t\325c#\270A\364\256elImg-\343\013\003""; }; ","ledgerHash: ""\023\313c\321B\032l\301h\005\320\252\301\361(\330[\343\357\343{\235\n\266g\272>\177\317\347\261q""; ledgerSeq: 20; type: liBASE; nodes {;   nodedata: ""\000\000\000\024\001cEx]\211\377\330\003\235207\005}D\260\0261ah\322M\304\216\273m0\271\234\237\007<w$\265C\245\232\033\000\000\000\000\000\000\000\000\000\000\000\000\000\000\000\000\000\000\000\000\000\000\000\000\000\000\000\000\000\000\000\000\n\363\301h\306\005\306\004R\354\274\221\321N_\017\366\212\257Bp\371\362\016\274\342@}\343]\305\351/\351\252\360/\351\252\361\n\000""; }; nodes {;   nodedata: ""\323C\344\327\264{\312-\017:\006{\177\344N\002\326bO\260\220\006\033\362\345\005U\221DzJ0\001\301\025%1L\307\t\261\262z\374\222T\301\274V\236\223\262\270Ct\362\337b\356\024*\324\320\351\317\002k\336\234\027v\351\217\260\303\360\233ZPZWr\246$w\313\313\r\243r\232\2234\373\3539:N\004Q\245\272D\312D\300\300\t\323\0257\345e\271\na\215{\226\255x%T\257\037\333\004\344_/R\006E\344\037@\210\363\010\336T\226\247'\204_{\261\370""1\235\2445\343\033Y!\212\201\341\272\225'\007w"":^(\016)\247J\356\260\016_\312\334|\014t\325c#\270A\364\256elImg-\343\013\003""; }; "
1750527600471,1750527600471,0,1,0,1,TMValidation,"validation: """"\200\000\000\001&\000\000\000\024)/\351\252\360:p\210\265\307-\212\200\004Q\023\313c\321B\032l\301h\005\320\252\301\361(\330[\343\357\343{\235\n\266g\272>\177\317\347\261qP\027\000\000\000\000\000\000\000\000\000\000\000\000\000\000\000\000\000\000\000\000\000\000\000\000\000\000\000\000\000\000\000\000P\031\003\235207\005}D\260\0261ah\322M\304\216\273m0\271\234\237\007<w$\265C\245\232\033s!\002\364d\217\366\217|\316F\232\231\241\n\261\333`\312O\367\235\025DD\336e\367\n\312\326\221\037\025\230vG0E\002!\000\327\373P\026\336\313\372\355=\330\306\267\275\337!\020\362@\2166\340\346\350%\217\0320\216\271 \211\320\002 `\204\370\037\026-\343\036L\303Qs\022\252\306\002\316\222\002\n3\363F\240\261\013\003\236\372\2456\356""; ","validation: """"\200\000\000\001&\000\000\000\024)/\351\252\360:p\210\265\307-\212\200\004Q\023\313c\321B\032l\301h\005\320\252\301\361(\330[\343\357\343{\235\n\266g\272>\177\317\347\261qP\027\000\000\000\000\000\000\000\000\000\000\000\000\000\000\000\000\000\000\000\000\000\000\000\000\000\000\000\000\000\000\000\000P\031\003\235207\005}D\260\0261ah\322M\304\216\273m0\271\234\237\007<w$\265C\245\232\033s!\002\364d\217\366\217|\316F\232\231\241\n\261\333`\312O\367\235\025DD\336e\367\n\312\326\221\037\025\230vG0E\002!\000\327\373P\026\336\313\372\355=\330\306\267\275\337!\020\362@\2166\340\346\350%\217\0320\216\271 \211\320\002 `\204\370\037\026-\343\036L\303Qs\022\252\306\002\316\222\002\n3\363F\240\261\013\003\236\372\2456\356""; "
1750527600472,1750527600472,0,1,0,1,TMGetLedger,"itype: liBASE; ledgerHash: ""\023\313c\321B\032l\301h\005\320\252\301\361(\330[\343\357\343{\235\n\266g\272>\177\317\347\261q""; ledgerSeq: 20; queryType: qtINDIRECT; ","itype: liBASE; ledgerHash: ""\023\313c\321B\032l\301h\005\320\252\301\361(\330[\343\357\343{\235\n\266g\272>\177\317\347\261q""; ledgerSeq: 20; queryType: qtINDIRECT; "
1750527600473,1750527600473,0,1,3,1,TMLedgerData,"ledgerHash: ""\023\313c\321B\032l\301h\005\320\252\301\361(\330[\343\357\343{\235\n\266g\272>\177\317\347\261q""; ledgerSeq: 20; type: liBASE; nodes {;   nodedata: ""\000\000\000\024\001cEx]\211\377\330\003\235207\005}D\260\0261ah\322M\304\216\273m0\271\234\237\007<w$\265C\245\232\033\000\000\000\000\000\000\000\000\000\000\000\000\000\000\000\000\000\000\000\000\000\000\000\000\000\000\000\000\000\000\000\000\n\363\301h\306\005\306\004R\354\274\221\321N_\017\366\212\257Bp\371\362\016\274\342@}\343]\305\351/\351\252\360/\351\252\361\n\000""; }; nodes {;   nodedata: ""\323C\344\327\264{\312-\017:\006{\177\344N\002\326bO\260\220\006\033\362\345\005U\221DzJ0\001\301\025%1L\307\t\261\262z\374\222T\301\274V\236\223\262\270Ct\362\337b\356\024*\324\320\351\317\002k\336\234\027v\351\217\260\303\360\233ZPZWr\246$w\313\313\r\243r\232\2234\373\3539:N\004Q\245\272D\312D\300\300\t\323\0257\345e\271\na\215{\226\255x%T\257\037\333\004\344_/R\006E\344\037@\210\363\010\336T\226\247'\204_{\261\370""1\235\2445\343\033Y!\212\201\341\272\225'\007w"":^(\016)\247J\356\260\016_\312\334|\014t\325c#\270A\364\256elImg-\343\013\003""; }; ","ledgerHash: ""\023\313c\321B\032l\301h\005\320\252\301\361(\330[\343\357\343{\235\n\266g\272>\177\317\347\261q""; ledgerSeq: 20; type: liBASE; nodes {;   nodedata: ""\000\000\000\024\001cEx]\211\377\330\003\235207\005}D\260\0261ah\322M\304\216\273m0\271\234\237\007<w$\265C\245\232\033\000\000\000\000\000\000\000\000\000\000\000\000\000\000\000\000\000\000\000\000\000\000\000\000\000\000\000\000\000\000\000\000\n\363\301h\306\005\306\004R\354\274\221\321N_\017\366\212\257Bp\371\362\016\274\342@}\343]\305\351/\351\252\360/\351\252\361\n\000""; }; nodes {;   nodedata: ""\323C\344\327\264{\312-\017:\006{\177\344N\002\326bO\260\220\006\033\362\345\005U\221DzJ0\001\301\025%1L\307\t\261\262z\374\222T\301\274V\236\223\262\270Ct\362\337b\356\024*\324\320\351\317\002k\336\234\027v\351\217\260\303\360\233ZPZWr\246$w\313\313\r\243r\232\2234\373\3539:N\004Q\245\272D\312D\300\300\t\323\0257\345e\271\na\215{\226\255x%T\257\037\333\004\344_/R\006E\344\037@\210\363\010\336T\226\247'\204_{\261\370""1\235\2445\343\033Y!\212\201\341\272\225'\007w"":^(\016)\247J\356\260\016_\312\334|\014t\325c#\270A\364\256elImg-\343\013\003""; }; "
1750527600474,1750527600474,0,1,2,4,TMGetLedger,"itype: liBASE; ledgerHash: ""\023\313c\321B\032l\301h\005\320\252\301\361(\330[\343\357\343{\235\n\266g\272>\177\317\347\261q""; ledgerSeq: 20; queryType: qtINDIRECT; ","itype: liBASE; ledgerHash: ""\023\313c\321B\032l\301h\005\320\252\301\361(\330[\343\357\343{\235\n\266g\272>\177\317\347\261q""; ledgerSeq: 20; queryType: qtINDIRECT; "
1750527600475,1750527600475,0,1,2,4,TMValidation,"validation: """"\200\000\000\001&\000\000\000\024)/\351\252\360:p\210\265\307-\212\200\004Q\023\313c\321B\032l\301h\005\320\252\301\361(\330[\343\357\343{\235\n\266g\272>\177\317\347\261qP\027\000\000\000\000\000\000\000\000\000\000\000\000\000\000\000\000\000\000\000\000\000\000\000\000\000\000\000\000\000\000\000\000P\031\003\235207\005}D\260\0261ah\322M\304\216\273m0\271\234\237\007<w$\265C\245\232\033s!\002\364d\217\366\217|\316F\232\231\241\n\261\333`\312O\367\235\025DD\336e\367\n\312\326\221\037\025\230vG0E\002!\000\327\373P\026\336\313\372\355=\330\306\267\275\337!\020\362@\2166\340\346\350%\217\0320\216\271 \211\320\002 `\204\370\037\026-\343\036L\303Qs\022\252\306\002\316\222\002\n3\363F\240\261\013\003\236\372\2456\356""; ","validation: """"\200\000\000\001&\000\000\000\024)/\351\252\360:p\210\265\307-\212\200\004Q\023\313c\321B\032l\301h\005\320\252\301\361(\330[\343\357\343{\235\n\266g\272>\177\317\347\261qP\027\000\000\000\000\000\000\000\000\000\000\000\000\000\000\000\000\000\000\000\000\000\000\000\000\000\000\000\000\000\000\000\000P\031\003\235207\005}D\260\0261ah\322M\304\216\273m0\271\234\237\007<w$\265C\245\232\033s!\002\364d\217\366\217|\316F\232\231\241\n\261\333`\312O\367\235\025DD\336e\367\n\312\326\221\037\025\230vG0E\002!\000\327\373P\026\336\313\372\355=\330\306\267\275\337!\020\362@\2166\340\346\350%\217\0320\216\271 \211\320\002 `\204\370\037\026-\343\036L\303Qs\022\252\306\002\316\222\002\n3\363F\240\261\013\003\236\372\2456\356""; "
1750527600475,1750527600476,0,1,1,4,TMGetLedger,"itype: liBASE; ledgerHash: ""\023\313c\321B\032l\301h\005\320\252\301\361(\330[\343\357\343{\235\n\266g\272>\177\317\347\261q""; ledgerSeq: 20; queryType: qtINDIRECT; ","itype: liBASE; ledgerHash: ""\023\313c\321B\032l\301h\005\320\252\301\361(\330[\343\357\343{\235\n\266g\272>\177\317\347\261q""; ledgerSeq: 20; queryType: qtINDIRECT; "
1750527600476,1750527600476,0,1,1,4,TMValidation,"validation: """"\200\000\000\001&\000\000\000\024)/\351\252\360:p\210\265\307-\212\200\004Q\023\313c\321B\032l\301h\005\320\252\301\361(\330[\343\357\343{\235\n\266g\272>\177\317\347\261qP\027\000\000\000\000\000\000\000\000\000\000\000\000\000\000\000\000\000\000\000\000\000\000\000\000\000\000\000\000\000\000\000\000P\031\003\235207\005}D\260\0261ah\322M\304\216\273m0\271\234\237\007<w$\265C\245\232\033s!\002\364d\217\366\217|\316F\232\231\241\n\261\333`\312O\367\235\025DD\336e\367\n\312\326\221\037\025\230vG0E\002!\000\327\373P\026\336\313\372\355=\330\306\267\275\337!\020\362@\2166\340\346\350%\217\0320\216\271 \211\320\002 `\204\370\037\026-\343\036L\303Qs\022\252\306\002\316\222\002\n3\363F\240\261\013\003\236\372\2456\356""; ","validation: """"\200\000\000\001&\000\000\000\024)/\351\252\360:p\210\265\307-\212\200\004Q\023\313c\321B\032l\301h\005\320\252\301\361(\330[\343\357\343{\235\n\266g\272>\177\317\347\261qP\027\000\000\000\000\000\000\000\000\000\000\000\000\000\000\000\000\000\000\000\000\000\000\000\000\000\000\000\000\000\000\000\000P\031\003\235207\005}D\260\0261ah\322M\304\216\273m0\271\234\237\007<w$\265C\245\232\033s!\002\364d\217\366\217|\316F\232\231\241\n\261\333`\312O\367\235\025DD\336e\367\n\312\326\221\037\025\230vG0E\002!\000\327\373P\026\336\313\372\355=\330\306\267\275\337!\020\362@\2166\340\346\350%\217\0320\216\271 \211\320\002 `\204\370\037\026-\343\036L\303Qs\022\252\306\002\316\222\002\n3\363F\240\261\013\003\236\372\2456\356""; "
1750527600477,1750527600477,0,1,3,4,TMLedgerData,"ledgerHash: ""\023\313c\321B\032l\301h\005\320\252\301\361(\330[\343\357\343{\235\n\266g\272>\177\317\347\261q""; ledgerSeq: 20; type: liBASE; nodes {;   nodedata: ""\000\000\000\024\001cEx]\211\377\330\003\235207\005}D\260\0261ah\322M\304\216\273m0\271\234\237\007<w$\265C\245\232\033\000\000\000\000\000\000\000\000\000\000\000\000\000\000\000\000\000\000\000\000\000\000\000\000\000\000\000\000\000\000\000\000\n\363\301h\306\005\306\004R\354\274\221\321N_\017\366\212\257Bp\371\362\016\274\342@}\343]\305\351/\351\252\360/\351\252\361\n\000""; }; nodes {;   nodedata: ""\323C\344\327\264{\312-\017:\006{\177\344N\002\326bO\260\220\006\033\362\345\005U\221DzJ0\001\301\025%1L\307\t\261\262z\374\222T\301\274V\236\223\262\270Ct\362\337b\356\024*\324\320\351\317\002k\336\234\027v\351\217\260\303\360\233ZPZWr\246$w\313\313\r\243r\232\2234\373\3539:N\004Q\245\272D\312D\300\300\t\323\0257\345e\271\na\215{\226\255x%T\257\037\333\004\344_/R\006E\344\037@\210\363\010\336T\226\247'\204_{\261\370""1\235\2445\343\033Y!\212\201\341\272\225'\007w"":^(\016)\247J\356\260\016_\312\334|\014t\325c#\270A\364\256elImg-\343\013\003""; }; ","ledgerHash: ""\023\313c\321B\032l\301h\005\320\252\301\361(\330[\343\357\343{\235\n\266g\272>\177\317\347\261q""; ledgerSeq: 20; type: liBASE; nodes {;   nodedata: ""\000\000\000\024\001cEx]\211\377\330\003\235207\005}D\260\0261ah\322M\304\216\273m0\271\234\237\007<w$\265C\245\232\033\000\000\000\000\000\000\000\000\000\000\000\000\000\000\000\000\000\000\000\000\000\000\000\000\000\000\000\000\000\000\000\000\n\363\301h\306\005\306\004R\354\274\221\321N_\017\366\212\257Bp\371\362\016\274\342@}\343]\305\351/\351\252\360/\351\252\361\n\000""; }; nodes {;   nodedata: ""\323C\344\327\264{\312-\017:\006{\177\344N\002\326bO\260\220\006\033\362\345\005U\221DzJ0\001\301\025%1L\307\t\261\262z\374\222T\301\274V\236\223\262\270Ct\362\337b\356\024*\324\320\351\317\002k\336\234\027v\351\217\260\303\360\233ZPZWr\246$w\313\313\r\243r\232\2234\373\3539:N\004Q\245\272D\312D\300\300\t\323\0257\345e\271\na\215{\226\255x%T\257\037\333\004\344_/R\006E\344\037@\210\363\010\336T\226\247'\204_{\261\370""1\235\2445\343\033Y!\212\201\341\272\225'\007w"":^(\016)\247J\356\260\016_\312\334|\014t\325c#\270A\364\256elImg-\343\013\003""; }; "
1750527600478,1750527600478,0,1,0,4,TMValidation,"validation: """"\200\000\000\001&\000\000\000\024)/\351\252\360:p\210\265\307-\212\200\004Q\023\313c\321B\032l\301h\005\320\252\301\361(\330[\343\357\343{\235\n\266g\272>\177\317\347\261qP\027\000\000\000\000\000\000\000\000\000\000\000\000\000\000\000\000\000\000\000\000\000\000\000\000\000\000\000\000\000\000\000\000P\031\003\235207\005}D\260\0261ah\322M\304\216\273m0\271\234\237\007<w$\265C\245\232\033s!\002\364d\217\366\217|\316F\232\231\241\n\261\333`\312O\367\235\025DD\336e\367\n\312\326\221\037\025\230vG0E\002!\000\327\373P\026\336\313\372\355=\330\306\267\275\337!\020\362@\2166\340\346\350%\217\0320\216\271 \211\320\002 `\204\370\037\026-\343\036L\303Qs\022\252\306\002\316\222\002\n3\363F\240\261\013\003\236\372\2456\356""; ","validation: """"\200\000\000\001&\000\000\000\024)/\351\252\360:p\210\265\307-\212\200\004Q\023\313c\321B\032l\301h\005\320\252\301\361(\330[\343\357\343{\235\n\266g\272>\177\317\347\261qP\027\000\000\000\000\000\000\000\000\000\000\000\000\000\000\000\000\000\000\000\000\000\000\000\000\000\000\000\000\000\000\000\000P\031\003\235207\005}D\260\0261ah\322M\304\216\273m0\271\234\237\007<w$\265C\245\232\033s!\002\364d\217\366\217|\316F\232\231\241\n\261\333`\312O\367\235\025DD\336e\367\n\312\326\221\037\025\230vG0E\002!\000\327\373P\026\336\313\372\355=\330\306\267\275\337!\020\362@\2166\340\346\350%\217\0320\216\271 \211\320\002 `\204\370\037\026-\343\036L\303Qs\022\252\306\002\316\222\002\n3\363F\240\261\013\003\236\372\2456\356""; "
1750527600479,1750527600479,0,1,0,4,TMGetLedger,"itype: liBASE; ledgerHash: ""\023\313c\321B\032l\301h\005\320\252\301\361(\330[\343\357\343{\235\n\266g\272>\177\317\347\261q""; ledgerSeq: 20; queryType: qtINDIRECT; ","itype: liBASE; ledgerHash: ""\023\313c\321B\032l\301h\005\320\252\301\361(\330[\343\357\343{\235\n\266g\272>\177\317\347\261q""; ledgerSeq: 20; queryType: qtINDIRECT; "
1750527600479,1750527600479,0,1,1,3,TMGetLedger,"itype: liBASE; ledgerHash: ""\023\313c\321B\032l\301h\005\320\252\301\361(\330[\343\357\343{\235\n\266g\272>\177\317\347\261q""; requestCookie: 5; queryType: qtINDIRECT; ","itype: liBASE; ledgerHash: ""\023\313c\321B\032l\301h\005\320\252\301\361(\330[\343\357\343{\235\n\266g\272>\177\317\347\261q""; requestCookie: 5; queryType: qtINDIRECT; "
1750527600480,1750527600480,0,1,3,4,TMLedgerData,"ledgerHash: ""\023\313c\321B\032l\301h\005\320\252\301\361(\330[\343\357\343{\235\n\266g\272>\177\317\347\261q""; ledgerSeq: 20; type: liBASE; nodes {;   nodedata: ""\000\000\000\024\001cEx]\211\377\330\003\235207\005}D\260\0261ah\322M\304\216\273m0\271\234\237\007<w$\265C\245\232\033\000\000\000\000\000\000\000\000\000\000\000\000\000\000\000\000\000\000\000\000\000\000\000\000\000\000\000\000\000\000\000\000\n\363\301h\306\005\306\004R\354\274\221\321N_\017\366\212\257Bp\371\362\016\274\342@}\343]\305\351/\351\252\360/\351\252\361\n\000""; }; nodes {;   nodedata: ""\323C\344\327\264{\312-\017:\006{\177\344N\002\326bO\260\220\006\033\362\345\005U\221DzJ0\001\301\025%1L\307\t\261\262z\374\222T\301\274V\236\223\262\270Ct\362\337b\356\024*\324\320\351\317\002k\336\234\027v\351\217\260\303\360\233ZPZWr\246$w\313\313\r\243r\232\2234\373\3539:N\004Q\245\272D\312D\300\300\t\323\0257\345e\271\na\215{\226\255x%T\257\037\333\004\344_/R\006E\344\037@\210\363\010\336T\226\247'\204_{\261\370""1\235\2445\343\033Y!\212\201\341\272\225'\007w"":^(\016)\247J\356\260\016_\312\334|\014t\325c#\270A\364\256elImg-\343\013\003""; }; ","ledgerHash: ""\023\313c\321B\032l\301h\005\320\252\301\361(\330[\343\357\343{\235\n\266g\272>\177\317\347\261q""; ledgerSeq: 20; type: liBASE; nodes {;   nodedata: ""\000\000\000\024\001cEx]\211\377\330\003\235207\005}D\260\0261ah\322M\304\216\273m0\271\234\237\007<w$\265C\245\232\033\000\000\000\000\000\000\000\000\000\000\000\000\000\000\000\000\000\000\000\000\000\000\000\000\000\000\000\000\000\000\000\000\n\363\301h\306\005\306\004R\354\274\221\321N_\017\366\212\257Bp\371\362\016\274\342@}\343]\305\351/\351\252\360/\351\252\361\n\000""; }; nodes {;   nodedata: ""\323C\344\327\264{\312-\017:\006{\177\344N\002\326bO\260\220\006\033\362\345\005U\221DzJ0\001\301\025%1L\307\t\261\262z\374\222T\301\274V\236\223\262\270Ct\362\337b\356\024*\324\320\351\317\002k\336\234\027v\351\217\260\303\360\233ZPZWr\246$w\313\313\r\243r\232\2234\373\3539:N\004Q\245\272D\312D\300\300\t\323\0257\345e\271\na\215{\226\255x%T\257\037\333\004\344_/R\006E\344\037@\210\363\010\336T\226\247'\204_{\261\370""1\235\2445\343\033Y!\212\201\341\272\225'\007w"":^(\016)\247J\356\260\016_\312\334|\014t\325c#\270A\364\256elImg-\343\013\003""; }; "
1750527600480,1750527600481,0,1,3,2,TMLedgerData,"ledgerHash: ""\023\313c\321B\032l\301h\005\320\252\301\361(\330[\343\357\343{\235\n\266g\272>\177\317\347\261q""; ledgerSeq: 20; type: liBASE; nodes {;   nodedata: ""\000\000\000\024\001cEx]\211\377\330\003\235207\005}D\260\0261ah\322M\304\216\273m0\271\234\237\007<w$\265C\245\232\033\000\000\000\000\000\000\000\000\000\000\000\000\000\000\000\000\000\000\000\000\000\000\000\000\000\000\000\000\000\000\000\000\n\363\301h\306\005\306\004R\354\274\221\321N_\017\366\212\257Bp\371\362\016\274\342@}\343]\305\351/\351\252\360/\351\252\361\n\000""; }; nodes {;   nodedata: ""\323C\344\327\264{\312-\017:\006{\177\344N\002\326bO\260\220\006\033\362\345\005U\221DzJ0\001\301\025%1L\307\t\261\262z\374\222T\301\274V\236\223\262\270Ct\362\337b\356\024*\324\320\351\317\002k\336\234\027v\351\217\260\303\360\233ZPZWr\246$w\313\313\r\243r\232\2234\373\3539:N\004Q\245\272D\312D\300\300\t\323\0257\345e\271\na\215{\226\255x%T\257\037\333\004\344_/R\006E\344\037@\210\363\010\336T\226\247'\204_{\261\370""1\235\2445\343\033Y!\212\201\341\272\225'\007w"":^(\016)\247J\356\260\016_\312\334|\014t\325c#\270A\364\256elImg-\343\013\003""; }; ","ledgerHash: ""\023\313c\321B\032l\301h\005\320\252\301\361(\330[\343\357\343{\235\n\266g\272>\177\317\347\261q""; ledgerSeq: 20; type: liBASE; nodes {;   nodedata: ""\000\000\000\024\001cEx]\211\377\330\003\235207\005}D\260\0261ah\322M\304\216\273m0\271\234\237\007<w$\265C\245\232\033\000\000\000\000\000\000\000\000\000\000\000\000\000\000\000\000\000\000\000\000\000\000\000\000\000\000\000\000\000\000\000\000\n\363\301h\306\005\306\004R\354\274\221\321N_\017\366\212\257Bp\371\362\016\274\342@}\343]\305\351/\351\252\360/\351\252\361\n\000""; }; nodes {;   nodedata: ""\323C\344\327\264{\312-\017:\006{\177\344N\002\326bO\260\220\006\033\362\345\005U\221DzJ0\001\301\025%1L\307\t\261\262z\374\222T\301\274V\236\223\262\270Ct\362\337b\356\024*\324\320\351\317\002k\336\234\027v\351\217\260\303\360\233ZPZWr\246$w\313\313\r\243r\232\2234\373\3539:N\004Q\245\272D\312D\300\300\t\323\0257\345e\271\na\215{\226\255x%T\257\037\333\004\344_/R\006E\344\037@\210\363\010\336T\226\247'\204_{\261\370""1\235\2445\343\033Y!\212\201\341\272\225'\007w"":^(\016)\247J\356\260\016_\312\334|\014t\325c#\270A\364\256elImg-\343\013\003""; }; "
1750527600482,1750527600482,0,1,2,3,TMGetLedger,"itype: liBASE; ledgerHash: ""\023\313c\321B\032l\301h\005\320\252\301\361(\330[\343\357\343{\235\n\266g\272>\177\317\347\261q""; ledgerSeq: 20; requestCookie: 3; queryType: qtINDIRECT; ","itype: liBASE; ledgerHash: ""\023\313c\321B\032l\301h\005\320\252\301\361(\330[\343\357\343{\235\n\266g\272>\177\317\347\261q""; ledgerSeq: 20; requestCookie: 3; queryType: qtINDIRECT; "
1750527600482,1750527600482,0,1,2,3,TMGetLedger,"itype: liBASE; ledgerHash: ""\023\313c\321B\032l\301h\005\320\252\301\361(\330[\343\357\343{\235\n\266g\272>\177\317\347\261q""; ledgerSeq: 20; requestCookie: 2; queryType: qtINDIRECT; ","itype: liBASE; ledgerHash: ""\023\313c\321B\032l\301h\005\320\252\301\361(\330[\343\357\343{\235\n\266g\272>\177\317\347\261q""; ledgerSeq: 20; requestCookie: 2; queryType: qtINDIRECT; "
1750527600483,1750527600483,0,1,2,3,TMGetLedger,"itype: liBASE; ledgerHash: ""\023\313c\321B\032l\301h\005\320\252\301\361(\330[\343\357\343{\235\n\266g\272>\177\317\347\261q""; requestCookie: 5; queryType: qtINDIRECT; ","itype: liBASE; ledgerHash: ""\023\313c\321B\032l\301h\005\320\252\301\361(\330[\343\357\343{\235\n\266g\272>\177\317\347\261q""; requestCookie: 5; queryType: qtINDIRECT; "
1750527600483,1750527600483,0,1,0,3,TMGetLedger,"itype: liBASE; ledgerHash: ""\023\313c\321B\032l\301h\005\320\252\301\361(\330[\343\357\343{\235\n\266g\272>\177\317\347\261q""; requestCookie: 5; queryType: qtINDIRECT; ","itype: liBASE; ledgerHash: ""\023\313c\321B\032l\301h\005\320\252\301\361(\330[\343\357\343{\235\n\266g\272>\177\317\347\261q""; requestCookie: 5; queryType: qtINDIRECT; "
1750527600484,1750527600484,0,1,0,3,TMGetLedger,"itype: liBASE; ledgerHash: ""\023\313c\321B\032l\301h\005\320\252\301\361(\330[\343\357\343{\235\n\266g\272>\177\317\347\261q""; ledgerSeq: 20; requestCookie: 2; queryType: qtINDIRECT; ","itype: liBASE; ledgerHash: ""\023\313c\321B\032l\301h\005\320\252\301\361(\330[\343\357\343{\235\n\266g\272>\177\317\347\261q""; ledgerSeq: 20; requestCookie: 2; queryType: qtINDIRECT; "
1750527600485,1750527600485,0,1,0,3,TMGetLedger,"itype: liBASE; ledgerHash: ""\023\313c\321B\032l\301h\005\320\252\301\361(\330[\343\357\343{\235\n\266g\272>\177\317\347\261q""; ledgerSeq: 20; requestCookie: 3; queryType: qtINDIRECT; ","itype: liBASE; ledgerHash: ""\023\313c\321B\032l\301h\005\320\252\301\361(\330[\343\357\343{\235\n\266g\272>\177\317\347\261q""; ledgerSeq: 20; requestCookie: 3; queryType: qtINDIRECT; "
1750527600485,1750527600486,0,1,0,3,TMGetLedger,"itype: liAS_NODE; ledgerHash: ""\023\313c\321B\032l\301h\005\320\252\301\361(\330[\343\357\343{\235\n\266g\272>\177\317\347\261q""; ledgerSeq: 20; nodeIDs: ""\260\000\000\000\000\000\000\000\000\000\000\000\000\000\000\000\000\000\000\000\000\000\000\000\000\000\000\000\000\000\000\000\001""; queryType: qtINDIRECT; queryDepth: 1; ","itype: liAS_NODE; ledgerHash: ""\023\313c\321B\032l\301h\005\320\252\301\361(\330[\343\357\343{\235\n\266g\272>\177\317\347\261q""; ledgerSeq: 20; nodeIDs: ""\260\000\000\000\000\000\000\000\000\000\000\000\000\000\000\000\000\000\000\000\000\000\000\000\000\000\000\000\000\000\000\000\001""; queryType: qtINDIRECT; queryDepth: 1; "
1750527600486,1750527600486,0,1,1,3,TMGetLedger,"itype: liBASE; ledgerHash: ""\023\313c\321B\032l\301h\005\320\252\301\361(\330[\343\357\343{\235\n\266g\272>\177\317\347\261q""; ledgerSeq: 20; requestCookie: 3; queryType: qtINDIRECT; ","itype: liBASE; ledgerHash: ""\023\313c\321B\032l\301h\005\320\252\301\361(\330[\343\357\343{\235\n\266g\272>\177\317\347\261q""; ledgerSeq: 20; requestCookie: 3; queryType: qtINDIRECT; "
1750527600487,1750527600487,0,1,1,3,TMGetLedger,"itype: liBASE; ledgerHash: ""\023\313c\321B\032l\301h\005\320\252\301\361(\330[\343\357\343{\235\n\266g\272>\177\317\347\261q""; ledgerSeq: 20; requestCookie: 2; queryType: qtINDIRECT; ","itype: liBASE; ledgerHash: ""\023\313c\321B\032l\301h\005\320\252\301\361(\330[\343\357\343{\235\n\266g\272>\177\317\347\261q""; ledgerSeq: 20; requestCookie: 2; queryType: qtINDIRECT; "
1750527600487,1750527600487,0,1,1,3,TMGetLedger,"itype: liAS_NODE; ledgerHash: ""\023\313c\321B\032l\301h\005\320\252\301\361(\330[\343\357\343{\235\n\266g\272>\177\317\347\261q""; ledgerSeq: 20; nodeIDs: ""\260\000\000\000\000\000\000\000\000\000\000\000\000\000\000\000\000\000\000\000\000\000\000\000\000\000\000\000\000\000\000\000\001""; queryType: qtINDIRECT; queryDepth: 1; ","itype: liAS_NODE; ledgerHash: ""\023\313c\321B\032l\301h\005\320\252\301\361(\330[\343\357\343{\235\n\266g\272>\177\317\347\261q""; ledgerSeq: 20; nodeIDs: ""\260\000\000\000\000\000\000\000\000\000\000\000\000\000\000\000\000\000\000\000\000\000\000\000\000\000\000\000\000\000\000\000\001""; queryType: qtINDIRECT; queryDepth: 1; "
1750527600488,1750527600488,0,1,4,3,TMGetLedger,"itype: liBASE; ledgerHash: ""\023\313c\321B\032l\301h\005\320\252\301\361(\330[\343\357\343{\235\n\266g\272>\177\317\347\261q""; ledgerSeq: 20; requestCookie: 3; queryType: qtINDIRECT; ","itype: liBASE; ledgerHash: ""\023\313c\321B\032l\301h\005\320\252\301\361(\330[\343\357\343{\235\n\266g\272>\177\317\347\261q""; ledgerSeq: 20; requestCookie: 3; queryType: qtINDIRECT; "
1750527600489,1750527600489,0,1,4,3,TMGetLedger,"itype: liBASE; ledgerHash: ""\023\313c\321B\032l\301h\005\320\252\301\361(\330[\343\357\343{\235\n\266g\272>\177\317\347\261q""; ledgerSeq: 20; requestCookie: 2; queryType: qtINDIRECT; ","itype: liBASE; ledgerHash: ""\023\313c\321B\032l\301h\005\320\252\301\361(\330[\343\357\343{\235\n\266g\272>\177\317\347\261q""; ledgerSeq: 20; requestCookie: 2; queryType: qtINDIRECT; "
1750527600489,1750527600489,0,1,4,3,TMGetLedger,"itype: liAS_NODE; ledgerHash: ""\023\313c\321B\032l\301h\005\320\252\301\361(\330[\343\357\343{\235\n\266g\272>\177\317\347\261q""; ledgerSeq: 20; nodeIDs: ""\260\000\000\000\000\000\000\000\000\000\000\000\000\000\000\000\000\000\000\000\000\000\000\000\000\000\000\000\000\000\000\000\001""; queryType: qtINDIRECT; queryDepth: 1; ","itype: liAS_NODE; ledgerHash: ""\023\313c\321B\032l\301h\005\320\252\301\361(\330[\343\357\343{\235\n\266g\272>\177\317\347\261q""; ledgerSeq: 20; nodeIDs: ""\260\000\000\000\000\000\000\000\000\000\000\000\000\000\000\000\000\000\000\000\000\000\000\000\000\000\000\000\000\000\000\000\001""; queryType: qtINDIRECT; queryDepth: 1; "
1750527600490,1750527600491,0,1,3,1,TMLedgerData,"ledgerHash: ""\023\313c\321B\032l\301h\005\320\252\301\361(\330[\343\357\343{\235\n\266g\272>\177\317\347\261q""; ledgerSeq: 20; type: liBASE; nodes {;   nodedata: ""\000\000\000\024\001cEx]\211\377\330\003\235207\005}D\260\0261ah\322M\304\216\273m0\271\234\237\007<w$\265C\245\232\033\000\000\000\000\000\000\000\000\000\000\000\000\000\000\000\000\000\000\000\000\000\000\000\000\000\000\000\000\000\000\000\000\n\363\301h\306\005\306\004R\354\274\221\321N_\017\366\212\257Bp\371\362\016\274\342@}\343]\305\351/\351\252\360/\351\252\361\n\000""; }; nodes {;   nodedata: ""\323C\344\327\264{\312-\017:\006{\177\344N\002\326bO\260\220\006\033\362\345\005U\221DzJ0\001\301\025%1L\307\t\261\262z\374\222T\301\274V\236\223\262\270Ct\362\337b\356\024*\324\320\351\317\002k\336\234\027v\351\217\260\303\360\233ZPZWr\246$w\313\313\r\243r\232\2234\373\3539:N\004Q\245\272D\312D\300\300\t\323\0257\345e\271\na\215{\226\255x%T\257\037\333\004\344_/R\006E\344\037@\210\363\010\336T\226\247'\204_{\261\370""1\235\2445\343\033Y!\212\201\341\272\225'\007w"":^(\016)\247J\356\260\016_\312\334|\014t\325c#\270A\364\256elImg-\343\013\003""; }; requestCookie: 5; ","ledgerHash: ""\023\313c\321B\032l\301h\005\320\252\301\361(\330[\343\357\343{\235\n\266g\272>\177\317\347\261q""; ledgerSeq: 20; type: liBASE; nodes {;   nodedata: ""\000\000\000\024\001cEx]\211\377\330\003\235207\005}D\260\0261ah\322M\304\216\273m0\271\234\237\007<w$\265C\245\232\033\000\000\000\000\000\000\000\000\000\000\000\000\000\000\000\000\000\000\000\000\000\000\000\000\000\000\000\000\000\000\000\000\n\363\301h\306\005\306\004R\354\274\221\321N_\017\366\212\257Bp\371\362\016\274\342@}\343]\305\351/\351\252\360/\351\252\361\n\000""; }; nodes {;   nodedata: ""\323C\344\327\264{\312-\017:\006{\177\344N\002\326bO\260\220\006\033\362\345\005U\221DzJ0\001\301\025%1L\307\t\261\262z\374\222T\301\274V\236\223\262\270Ct\362\337b\356\024*\324\320\351\317\002k\336\234\027v\351\217\260\303\360\233ZPZWr\246$w\313\313\r\243r\232\2234\373\3539:N\004Q\245\272D\312D\300\300\t\323\0257\345e\271\na\215{\226\255x%T\257\037\333\004\344_/R\006E\344\037@\210\363\010\336T\226\247'\204_{\261\370""1\235\2445\343\033Y!\212\201\341\272\225'\007w"":^(\016)\247J\356\260\016_\312\334|\014t\325c#\270A\364\256elImg-\343\013\003""; }; requestCookie: 5; "
1750527600491,1750527600491,0,1,2,3,TMGetLedger,"itype: liAS_NODE; ledgerHash: ""\023\313c\321B\032l\301h\005\320\252\301\361(\330[\343\357\343{\235\n\266g\272>\177\317\347\261q""; ledgerSeq: 20; nodeIDs: ""\260\000\000\000\000\000\000\000\000\000\000\000\000\000\000\000\000\000\000\000\000\000\000\000\000\000\000\000\000\000\000\000\001""; queryType: qtINDIRECT; queryDepth: 1; ","itype: liAS_NODE; ledgerHash: ""\023\313c\321B\032l\301h\005\320\252\301\361(\330[\343\357\343{\235\n\266g\272>\177\317\347\261q""; ledgerSeq: 20; nodeIDs: ""\260\000\000\000\000\000\000\000\000\000\000\000\000\000\000\000\000\000\000\000\000\000\000\000\000\000\000\000\000\000\000\000\001""; queryType: qtINDIRECT; queryDepth: 1; "
1750527600491,1750527600492,0,1,3,2,TMLedgerData,"ledgerHash: ""\023\313c\321B\032l\301h\005\320\252\301\361(\330[\343\357\343{\235\n\266g\272>\177\317\347\261q""; ledgerSeq: 20; type: liBASE; nodes {;   nodedata: ""\000\000\000\024\001cEx]\211\377\330\003\235207\005}D\260\0261ah\322M\304\216\273m0\271\234\237\007<w$\265C\245\232\033\000\000\000\000\000\000\000\000\000\000\000\000\000\000\000\000\000\000\000\000\000\000\000\000\000\000\000\000\000\000\000\000\n\363\301h\306\005\306\004R\354\274\221\321N_\017\366\212\257Bp\371\362\016\274\342@}\343]\305\351/\351\252\360/\351\252\361\n\000""; }; nodes {;   nodedata: ""\323C\344\327\264{\312-\017:\006{\177\344N\002\326bO\260\220\006\033\362\345\005U\221DzJ0\001\301\025%1L\307\t\261\262z\374\222T\301\274V\236\223\262\270Ct\362\337b\356\024*\324\320\351\317\002k\336\234\027v\351\217\260\303\360\233ZPZWr\246$w\313\313\r\243r\232\2234\373\3539:N\004Q\245\272D\312D\300\300\t\323\0257\345e\271\na\215{\226\255x%T\257\037\333\004\344_/R\006E\344\037@\210\363\010\336T\226\247'\204_{\261\370""1\235\2445\343\033Y!\212\201\341\272\225'\007w"":^(\016)\247J\356\260\016_\312\334|\014t\325c#\270A\364\256elImg-\343\013\003""; }; requestCookie: 3; ","ledgerHash: ""\023\313c\321B\032l\301h\005\320\252\301\361(\330[\343\357\343{\235\n\266g\272>\177\317\347\261q""; ledgerSeq: 20; type: liBASE; nodes {;   nodedata: ""\000\000\000\024\001cEx]\211\377\330\003\235207\005}D\260\0261ah\322M\304\216\273m0\271\234\237\007<w$\265C\245\232\033\000\000\000\000\000\000\000\000\000\000\000\000\000\000\000\000\000\000\000\000\000\000\000\000\000\000\000\000\000\000\000\000\n\363\301h\306\005\306\004R\354\274\221\321N_\017\366\212\257Bp\371\362\016\274\342@}\343]\305\351/\351\252\360/\351\252\361\n\000""; }; nodes {;   nodedata: ""\323C\344\327\264{\312-\017:\006{\177\344N\002\326bO\260\220\006\033\362\345\005U\221DzJ0\001\301\025%1L\307\t\261\262z\374\222T\301\274V\236\223\262\270Ct\362\337b\356\024*\324\320\351\317\002k\336\234\027v\351\217\260\303\360\233ZPZWr\246$w\313\313\r\243r\232\2234\373\3539:N\004Q\245\272D\312D\300\300\t\323\0257\345e\271\na\215{\226\255x%T\257\037\333\004\344_/R\006E\344\037@\210\363\010\336T\226\247'\204_{\261\370""1\235\2445\343\033Y!\212\201\341\272\225'\007w"":^(\016)\247J\356\260\016_\312\334|\014t\325c#\270A\364\256elImg-\343\013\003""; }; requestCookie: 3; "
1750527600492,1750527600492,0,1,3,2,TMLedgerData,"ledgerHash: ""\023\313c\321B\032l\301h\005\320\252\301\361(\330[\343\357\343{\235\n\266g\272>\177\317\347\261q""; ledgerSeq: 20; type: liBASE; nodes {;   nodedata: ""\000\000\000\024\001cEx]\211\377\330\003\235207\005}D\260\0261ah\322M\304\216\273m0\271\234\237\007<w$\265C\245\232\033\000\000\000\000\000\000\000\000\000\000\000\000\000\000\000\000\000\000\000\000\000\000\000\000\000\000\000\000\000\000\000\000\n\363\301h\306\005\306\004R\354\274\221\321N_\017\366\212\257Bp\371\362\016\274\342@}\343]\305\351/\351\252\360/\351\252\361\n\000""; }; nodes {;   nodedata: ""\323C\344\327\264{\312-\017:\006{\177\344N\002\326bO\260\220\006\033\362\345\005U\221DzJ0\001\301\025%1L\307\t\261\262z\374\222T\301\274V\236\223\262\270Ct\362\337b\356\024*\324\320\351\317\002k\336\234\027v\351\217\260\303\360\233ZPZWr\246$w\313\313\r\243r\232\2234\373\3539:N\004Q\245\272D\312D\300\300\t\323\0257\345e\271\na\215{\226\255x%T\257\037\333\004\344_/R\006E\344\037@\210\363\010\336T\226\247'\204_{\261\370""1\235\2445\343\033Y!\212\201\341\272\225'\007w"":^(\016)\247J\356\260\016_\312\334|\014t\325c#\270A\364\256elImg-\343\013\003""; }; requestCookie: 2; ","ledgerHash: ""\023\313c\321B\032l\301h\005\320\252\301\361(\330[\343\357\343{\235\n\266g\272>\177\317\347\261q""; ledgerSeq: 20; type: liBASE; nodes {;   nodedata: ""\000\000\000\024\001cEx]\211\377\330\003\235207\005}D\260\0261ah\322M\304\216\273m0\271\234\237\007<w$\265C\245\232\033\000\000\000\000\000\000\000\000\000\000\000\000\000\000\000\000\000\000\000\000\000\000\000\000\000\000\000\000\000\000\000\000\n\363\301h\306\005\306\004R\354\274\221\321N_\017\366\212\257Bp\371\362\016\274\342@}\343]\305\351/\351\252\360/\351\252\361\n\000""; }; nodes {;   nodedata: ""\323C\344\327\264{\312-\017:\006{\177\344N\002\326bO\260\220\006\033\362\345\005U\221DzJ0\001\301\025%1L\307\t\261\262z\374\222T\301\274V\236\223\262\270Ct\362\337b\356\024*\324\320\351\317\002k\336\234\027v\351\217\260\303\360\233ZPZWr\246$w\313\313\r\243r\232\2234\373\3539:N\004Q\245\272D\312D\300\300\t\323\0257\345e\271\na\215{\226\255x%T\257\037\333\004\344_/R\006E\344\037@\210\363\010\336T\226\247'\204_{\261\370""1\235\2445\343\033Y!\212\201\341\272\225'\007w"":^(\016)\247J\356\260\016_\312\334|\014t\325c#\270A\364\256elImg-\343\013\003""; }; requestCookie: 2; "
1750527600493,1750527600494,0,1,3,2,TMLedgerData,"ledgerHash: ""\023\313c\321B\032l\301h\005\320\252\301\361(\330[\343\357\343{\235\n\266g\272>\177\317\347\261q""; ledgerSeq: 20; type: liBASE; nodes {;   nodedata: ""\000\000\000\024\001cEx]\211\377\330\003\235207\005}D\260\0261ah\322M\304\216\273m0\271\234\237\007<w$\265C\245\232\033\000\000\000\000\000\000\000\000\000\000\000\000\000\000\000\000\000\000\000\000\000\000\000\000\000\000\000\000\000\000\000\000\n\363\301h\306\005\306\004R\354\274\221\321N_\017\366\212\257Bp\371\362\016\274\342@}\343]\305\351/\351\252\360/\351\252\361\n\000""; }; nodes {;   nodedata: ""\323C\344\327\264{\312-\017:\006{\177\344N\002\326bO\260\220\006\033\362\345\005U\221DzJ0\001\301\025%1L\307\t\261\262z\374\222T\301\274V\236\223\262\270Ct\362\337b\356\024*\324\320\351\317\002k\336\234\027v\351\217\260\303\360\233ZPZWr\246$w\313\313\r\243r\232\2234\373\3539:N\004Q\245\272D\312D\300\300\t\323\0257\345e\271\na\215{\226\255x%T\257\037\333\004\344_/R\006E\344\037@\210\363\010\336T\226\247'\204_{\261\370""1\235\2445\343\033Y!\212\201\341\272\225'\007w"":^(\016)\247J\356\260\016_\312\334|\014t\325c#\270A\364\256elImg-\343\013\003""; }; requestCookie: 5; ","ledgerHash: ""\023\313c\321B\032l\301h\005\320\252\301\361(\330[\343\357\343{\235\n\266g\272>\177\317\347\261q""; ledgerSeq: 20; type: liBASE; nodes {;   nodedata: ""\000\000\000\024\001cEx]\211\377\330\003\235207\005}D\260\0261ah\322M\304\216\273m0\271\234\237\007<w$\265C\245\232\033\000\000\000\000\000\000\000\000\000\000\000\000\000\000\000\000\000\000\000\000\000\000\000\000\000\000\000\000\000\000\000\000\n\363\301h\306\005\306\004R\354\274\221\321N_\017\366\212\257Bp\371\362\016\274\342@}\343]\305\351/\351\252\360/\351\252\361\n\000""; }; nodes {;   nodedata: ""\323C\344\327\264{\312-\017:\006{\177\344N\002\326bO\260\220\006\033\362\345\005U\221DzJ0\001\301\025%1L\307\t\261\262z\374\222T\301\274V\236\223\262\270Ct\362\337b\356\024*\324\320\351\317\002k\336\234\027v\351\217\260\303\360\233ZPZWr\246$w\313\313\r\243r\232\2234\373\3539:N\004Q\245\272D\312D\300\300\t\323\0257\345e\271\na\215{\226\255x%T\257\037\333\004\344_/R\006E\344\037@\210\363\010\336T\226\247'\204_{\261\370""1\235\2445\343\033Y!\212\201\341\272\225'\007w"":^(\016)\247J\356\260\016_\312\334|\014t\325c#\270A\364\256elImg-\343\013\003""; }; requestCookie: 5; "
1750527600494,1750527600494,0,1,3,0,TMLedgerData,"ledgerHash: ""\023\313c\321B\032l\301h\005\320\252\301\361(\330[\343\357\343{\235\n\266g\272>\177\317\347\261q""; ledgerSeq: 20; type: liBASE; nodes {;   nodedata: ""\000\000\000\024\001cEx]\211\377\330\003\235207\005}D\260\0261ah\322M\304\216\273m0\271\234\237\007<w$\265C\245\232\033\000\000\000\000\000\000\000\000\000\000\000\000\000\000\000\000\000\000\000\000\000\000\000\000\000\000\000\000\000\000\000\000\n\363\301h\306\005\306\004R\354\274\221\321N_\017\366\212\257Bp\371\362\016\274\342@}\343]\305\351/\351\252\360/\351\252\361\n\000""; }; nodes {;   nodedata: ""\323C\344\327\264{\312-\017:\006{\177\344N\002\326bO\260\220\006\033\362\345\005U\221DzJ0\001\301\025%1L\307\t\261\262z\374\222T\301\274V\236\223\262\270Ct\362\337b\356\024*\324\320\351\317\002k\336\234\027v\351\217\260\303\360\233ZPZWr\246$w\313\313\r\243r\232\2234\373\3539:N\004Q\245\272D\312D\300\300\t\323\0257\345e\271\na\215{\226\255x%T\257\037\333\004\344_/R\006E\344\037@\210\363\010\336T\226\247'\204_{\261\370""1\235\2445\343\033Y!\212\201\341\272\225'\007w"":^(\016)\247J\356\260\016_\312\334|\014t\325c#\270A\364\256elImg-\343\013\003""; }; requestCookie: 5; ","ledgerHash: ""\023\313c\321B\032l\301h\005\320\252\301\361(\330[\343\357\343{\235\n\266g\272>\177\317\347\261q""; ledgerSeq: 20; type: liBASE; nodes {;   nodedata: ""\000\000\000\024\001cEx]\211\377\330\003\235207\005}D\260\0261ah\322M\304\216\273m0\271\234\237\007<w$\265C\245\232\033\000\000\000\000\000\000\000\000\000\000\000\000\000\000\000\000\000\000\000\000\000\000\000\000\000\000\000\000\000\000\000\000\n\363\301h\306\005\306\004R\354\274\221\321N_\017\366\212\257Bp\371\362\016\274\342@}\343]\305\351/\351\252\360/\351\252\361\n\000""; }; nodes {;   nodedata: ""\323C\344\327\264{\312-\017:\006{\177\344N\002\326bO\260\220\006\033\362\345\005U\221DzJ0\001\301\025%1L\307\t\261\262z\374\222T\301\274V\236\223\262\270Ct\362\337b\356\024*\324\320\351\317\002k\336\234\027v\351\217\260\303\360\233ZPZWr\246$w\313\313\r\243r\232\2234\373\3539:N\004Q\245\272D\312D\300\300\t\323\0257\345e\271\na\215{\226\255x%T\257\037\333\004\344_/R\006E\344\037@\210\363\010\336T\226\247'\204_{\261\370""1\235\2445\343\033Y!\212\201\341\272\225'\007w"":^(\016)\247J\356\260\016_\312\334|\014t\325c#\270A\364\256elImg-\343\013\003""; }; requestCookie: 5; "
1750527600495,1750527600495,0,1,3,0,TMLedgerData,"ledgerHash: ""\023\313c\321B\032l\301h\005\320\252\301\361(\330[\343\357\343{\235\n\266g\272>\177\317\347\261q""; ledgerSeq: 20; type: liBASE; nodes {;   nodedata: ""\000\000\000\024\001cEx]\211\377\330\003\235207\005}D\260\0261ah\322M\304\216\273m0\271\234\237\007<w$\265C\245\232\033\000\000\000\000\000\000\000\000\000\000\000\000\000\000\000\000\000\000\000\000\000\000\000\000\000\000\000\000\000\000\000\000\n\363\301h\306\005\306\004R\354\274\221\321N_\017\366\212\257Bp\371\362\016\274\342@}\343]\305\351/\351\252\360/\351\252\361\n\000""; }; nodes {;   nodedata: ""\323C\344\327\264{\312-\017:\006{\177\344N\002\326bO\260\220\006\033\362\345\005U\221DzJ0\001\301\025%1L\307\t\261\262z\374\222T\301\274V\236\223\262\270Ct\362\337b\356\024*\324\320\351\317\002k\336\234\027v\351\217\260\303\360\233ZPZWr\246$w\313\313\r\243r\232\2234\373\3539:N\004Q\245\272D\312D\300\300\t\323\0257\345e\271\na\215{\226\255x%T\257\037\333\004\344_/R\006E\344\037@\210\363\010\336T\226\247'\204_{\261\370""1\235\2445\343\033Y!\212\201\341\272\225'\007w"":^(\016)\247J\356\260\016_\312\334|\014t\325c#\270A\364\256elImg-\343\013\003""; }; requestCookie: 2; ","ledgerHash: ""\023\313c\321B\032l\301h\005\320\252\301\361(\330[\343\357\343{\235\n\266g\272>\177\317\347\261q""; ledgerSeq: 20; type: liBASE; nodes {;   nodedata: ""\000\000\000\024\001cEx]\211\377\330\003\235207\005}D\260\0261ah\322M\304\216\273m0\271\234\237\007<w$\265C\245\232\033\000\000\000\000\000\000\000\000\000\000\000\000\000\000\000\000\000\000\000\000\000\000\000\000\000\000\000\000\000\000\000\000\n\363\301h\306\005\306\004R\354\274\221\321N_\017\366\212\257Bp\371\362\016\274\342@}\343]\305\351/\351\252\360/\351\252\361\n\000""; }; nodes {;   nodedata: ""\323C\344\327\264{\312-\017:\006{\177\344N\002\326bO\260\220\006\033\362\345\005U\221DzJ0\001\301\025%1L\307\t\261\262z\374\222T\301\274V\236\223\262\270Ct\362\337b\356\024*\324\320\351\317\002k\336\234\027v\351\217\260\303\360\233ZPZWr\246$w\313\313\r\243r\232\2234\373\3539:N\004Q\245\272D\312D\300\300\t\323\0257\345e\271\na\215{\226\255x%T\257\037\333\004\344_/R\006E\344\037@\210\363\010\336T\226\247'\204_{\261\370""1\235\2445\343\033Y!\212\201\341\272\225'\007w"":^(\016)\247J\356\260\016_\312\334|\014t\325c#\270A\364\256elImg-\343\013\003""; }; requestCookie: 2; "
1750527600496,1750527600496,0,1,3,0,TMLedgerData,"ledgerHash: ""\023\313c\321B\032l\301h\005\320\252\301\361(\330[\343\357\343{\235\n\266g\272>\177\317\347\261q""; ledgerSeq: 20; type: liBASE; nodes {;   nodedata: ""\000\000\000\024\001cEx]\211\377\330\003\235207\005}D\260\0261ah\322M\304\216\273m0\271\234\237\007<w$\265C\245\232\033\000\000\000\000\000\000\000\000\000\000\000\000\000\000\000\000\000\000\000\000\000\000\000\000\000\000\000\000\000\000\000\000\n\363\301h\306\005\306\004R\354\274\221\321N_\017\366\212\257Bp\371\362\016\274\342@}\343]\305\351/\351\252\360/\351\252\361\n\000""; }; nodes {;   nodedata: ""\323C\344\327\264{\312-\017:\006{\177\344N\002\326bO\260\220\006\033\362\345\005U\221DzJ0\001\301\025%1L\307\t\261\262z\374\222T\301\274V\236\223\262\270Ct\362\337b\356\024*\324\320\351\317\002k\336\234\027v\351\217\260\303\360\233ZPZWr\246$w\313\313\r\243r\232\2234\373\3539:N\004Q\245\272D\312D\300\300\t\323\0257\345e\271\na\215{\226\255x%T\257\037\333\004\344_/R\006E\344\037@\210\363\010\336T\226\247'\204_{\261\370""1\235\2445\343\033Y!\212\201\341\272\225'\007w"":^(\016)\247J\356\260\016_\312\334|\014t\325c#\270A\364\256elImg-\343\013\003""; }; requestCookie: 3; ","ledgerHash: ""\023\313c\321B\032l\301h\005\320\252\301\361(\330[\343\357\343{\235\n\266g\272>\177\317\347\261q""; ledgerSeq: 20; type: liBASE; nodes {;   nodedata: ""\000\000\000\024\001cEx]\211\377\330\003\235207\005}D\260\0261ah\322M\304\216\273m0\271\234\237\007<w$\265C\245\232\033\000\000\000\000\000\000\000\000\000\000\000\000\000\000\000\000\000\000\000\000\000\000\000\000\000\000\000\000\000\000\000\000\n\363\301h\306\005\306\004R\354\274\221\321N_\017\366\212\257Bp\371\362\016\274\342@}\343]\305\351/\351\252\360/\351\252\361\n\000""; }; nodes {;   nodedata: ""\323C\344\327\264{\312-\017:\006{\177\344N\002\326bO\260\220\006\033\362\345\005U\221DzJ0\001\301\025%1L\307\t\261\262z\374\222T\301\274V\236\223\262\270Ct\362\337b\356\024*\324\320\351\317\002k\336\234\027v\351\217\260\303\360\233ZPZWr\246$w\313\313\r\243r\232\2234\373\3539:N\004Q\245\272D\312D\300\300\t\323\0257\345e\271\na\215{\226\255x%T\257\037\333\004\344_/R\006E\344\037@\210\363\010\336T\226\247'\204_{\261\370""1\235\2445\343\033Y!\212\201\341\272\225'\007w"":^(\016)\247J\356\260\016_\312\334|\014t\325c#\270A\364\256elImg-\343\013\003""; }; requestCookie: 3; "
1750527600497,1750527600497,0,1,3,1,TMLedgerData,"ledgerHash: ""\023\313c\321B\032l\301h\005\320\252\301\361(\330[\343\357\343{\235\n\266g\272>\177\317\347\261q""; ledgerSeq: 20; type: liBASE; nodes {;   nodedata: ""\000\000\000\024\001cEx]\211\377\330\003\235207\005}D\260\0261ah\322M\304\216\273m0\271\234\237\007<w$\265C\245\232\033\000\000\000\000\000\000\000\000\000\000\000\000\000\000\000\000\000\000\000\000\000\000\000\000\000\000\000\000\000\000\000\000\n\363\301h\306\005\306\004R\354\274\221\321N_\017\366\212\257Bp\371\362\016\274\342@}\343]\305\351/\351\252\360/\351\252\361\n\000""; }; nodes {;   nodedata: ""\323C\344\327\264{\312-\017:\006{\177\344N\002\326bO\260\220\006\033\362\345\005U\221DzJ0\001\301\025%1L\307\t\261\262z\374\222T\301\274V\236\223\262\270Ct\362\337b\356\024*\324\320\351\317\002k\336\234\027v\351\217\260\303\360\233ZPZWr\246$w\313\313\r\243r\232\2234\373\3539:N\004Q\245\272D\312D\300\300\t\323\0257\345e\271\na\215{\226\255x%T\257\037\333\004\344_/R\006E\344\037@\210\363\010\336T\226\247'\204_{\261\370""1\235\2445\343\033Y!\212\201\341\272\225'\007w"":^(\016)\247J\356\260\016_\312\334|\014t\325c#\270A\364\256elImg-\343\013\003""; }; requestCookie: 3; ","ledgerHash: ""\023\313c\321B\032l\301h\005\320\252\301\361(\330[\343\357\343{\235\n\266g\272>\177\317\347\261q""; ledgerSeq: 20; type: liBASE; nodes {;   nodedata: ""\000\000\000\024\001cEx]\211\377\330\003\235207\005}D\260\0261ah\322M\304\216\273m0\271\234\237\007<w$\265C\245\232\033\000\000\000\000\000\000\000\000\000\000\000\000\000\000\000\000\000\000\000\000\000\000\000\000\000\000\000\000\000\000\000\000\n\363\301h\306\005\306\004R\354\274\221\321N_\017\366\212\257Bp\371\362\016\274\342@}\343]\305\351/\351\252\360/\351\252\361\n\000""; }; nodes {;   nodedata: ""\323C\344\327\264{\312-\017:\006{\177\344N\002\326bO\260\220\006\033\362\345\005U\221DzJ0\001\301\025%1L\307\t\261\262z\374\222T\301\274V\236\223\262\270Ct\362\337b\356\024*\324\320\351\317\002k\336\234\027v\351\217\260\303\360\233ZPZWr\246$w\313\313\r\243r\232\2234\373\3539:N\004Q\245\272D\312D\300\300\t\323\0257\345e\271\na\215{\226\255x%T\257\037\333\004\344_/R\006E\344\037@\210\363\010\336T\226\247'\204_{\261\370""1\235\2445\343\033Y!\212\201\341\272\225'\007w"":^(\016)\247J\356\260\016_\312\334|\014t\325c#\270A\364\256elImg-\343\013\003""; }; requestCookie: 3; "
1750527600498,1750527600498,0,1,3,1,TMLedgerData,"ledgerHash: ""\023\313c\321B\032l\301h\005\320\252\301\361(\330[\343\357\343{\235\n\266g\272>\177\317\347\261q""; ledgerSeq: 20; type: liBASE; nodes {;   nodedata: ""\000\000\000\024\001cEx]\211\377\330\003\235207\005}D\260\0261ah\322M\304\216\273m0\271\234\237\007<w$\265C\245\232\033\000\000\000\000\000\000\000\000\000\000\000\000\000\000\000\000\000\000\000\000\000\000\000\000\000\000\000\000\000\000\000\000\n\363\301h\306\005\306\004R\354\274\221\321N_\017\366\212\257Bp\371\362\016\274\342@}\343]\305\351/\351\252\360/\351\252\361\n\000""; }; nodes {;   nodedata: ""\323C\344\327\264{\312-\017:\006{\177\344N\002\326bO\260\220\006\033\362\345\005U\221DzJ0\001\301\025%1L\307\t\261\262z\374\222T\301\274V\236\223\262\270Ct\362\337b\356\024*\324\320\351\317\002k\336\234\027v\351\217\260\303\360\233ZPZWr\246$w\313\313\r\243r\232\2234\373\3539:N\004Q\245\272D\312D\300\300\t\323\0257\345e\271\na\215{\226\255x%T\257\037\333\004\344_/R\006E\344\037@\210\363\010\336T\226\247'\204_{\261\370""1\235\2445\343\033Y!\212\201\341\272\225'\007w"":^(\016)\247J\356\260\016_\312\334|\014t\325c#\270A\364\256elImg-\343\013\003""; }; requestCookie: 2; ","ledgerHash: ""\023\313c\321B\032l\301h\005\320\252\301\361(\330[\343\357\343{\235\n\266g\272>\177\317\347\261q""; ledgerSeq: 20; type: liBASE; nodes {;   nodedata: ""\000\000\000\024\001cEx]\211\377\330\003\235207\005}D\260\0261ah\322M\304\216\273m0\271\234\237\007<w$\265C\245\232\033\000\000\000\000\000\000\000\000\000\000\000\000\000\000\000\000\000\000\000\000\000\000\000\000\000\000\000\000\000\000\000\000\n\363\301h\306\005\306\004R\354\274\221\321N_\017\366\212\257Bp\371\362\016\274\342@}\343]\305\351/\351\252\360/\351\252\361\n\000""; }; nodes {;   nodedata: ""\323C\344\327\264{\312-\017:\006{\177\344N\002\326bO\260\220\006\033\362\345\005U\221DzJ0\001\301\025%1L\307\t\261\262z\374\222T\301\274V\236\223\262\270Ct\362\337b\356\024*\324\320\351\317\002k\336\234\027v\351\217\260\303\360\233ZPZWr\246$w\313\313\r\243r\232\2234\373\3539:N\004Q\245\272D\312D\300\300\t\323\0257\345e\271\na\215{\226\255x%T\257\037\333\004\344_/R\006E\344\037@\210\363\010\336T\226\247'\204_{\261\370""1\235\2445\343\033Y!\212\201\341\272\225'\007w"":^(\016)\247J\356\260\016_\312\334|\014t\325c#\270A\364\256elImg-\343\013\003""; }; requestCookie: 2; "
1750527600498,1750527600498,0,1,4,3,TMGetLedger,"itype: liBASE; ledgerHash: ""\023\313c\321B\032l\301h\005\320\252\301\361(\330[\343\357\343{\235\n\266g\272>\177\317\347\261q""; ledgerSeq: 20; requestCookie: 1; queryType: qtINDIRECT; ","itype: liBASE; ledgerHash: ""\023\313c\321B\032l\301h\005\320\252\301\361(\330[\343\357\343{\235\n\266g\272>\177\317\347\261q""; ledgerSeq: 20; requestCookie: 1; queryType: qtINDIRECT; "
1750527600499,1750527600499,0,1,3,1,TMLedgerData,"ledgerHash: ""\023\313c\321B\032l\301h\005\320\252\301\361(\330[\343\357\343{\235\n\266g\272>\177\317\347\261q""; ledgerSeq: 20; type: liAS_NODE; nodes {;   nodedata: ""\021\000h""\000\000\000\000 \033\000\000\000\023\002\023\302\277\330\356GuH\375\327!\255\371\r\231\262R\256J\034\222\241\355X\265E\241^W\225\304\014\361CX-}\351f\032\255\274\334m\326c\017\014ao[\342\230\003\245\245\3341Hm\326^\017jy\335\261\032Yt\320\244{g\0306\\302\303*\341\215\223\257\364\277o\375\000r\241SOq\221\253\262\005\017\375T\356\014\360o'\030\311-\267\031\257!\031T\006><\315XM\334\324\345\034\000\325\367\240\271\013\265\024\321\362\354\211\250.\234s\225amc\305\035\366\276\037nD\277`\210\223N\3535\033\261\304f\331]\036\237\306o!\223\221\002\324\031\262\240R\177 ,\214\325\Q])\016\2067\277\t\354\010\000\360\215\2502\265\245\310\226\243c\302Ze\306\253#r\020\211\320iG\276\020E\317\035Sf\223F\254\033@\177e\277\016\010u\327\371&\262\312\317Q\2361t\377x\234\001v\003%\030\325_\225g\204\346a=\225\273\331\354\365*U\363\263N\367b\371\244\314-w\363\262\225Z\200\206\235\233\257?sE\2674\254\326mU\377?\177Ek\336\030!\316Aa\225\303\022\377{\210Y\226\271as\354L\035\004\341\361\035\301\024\220m#*\372\032\3178~\374\250\014*\323\342'z69\220\327\256\351G\367\317u\302\207\270b\315\333\333\334\310I\323&\014\352XZnW2.\335\347\202\021\247\362\212e\034\000\001\250\220\305;a\314\265R\310\017\317\331\235\360\262\240:\277\202\266\354\265X""\022\nh\252\352w\204\203\023]\001f\352\277\0031Q]\362\370R\350{\261\202\240\344\215\201\353\276\322p5p\350\354\017>\250r\241c\273\016\301\024\363\242\247\263\231\370\344\nBW\220K\316@3\243\200\036wk\253GSlU\010\360\231>\331\263H\214\324\030A\225\301o\346pkSF\004\241\213w9\223=\250\262*+\255\351r\265\244c\024\213\t\007`\223\325#\3477\210\345P\306\013\320\252[\0216+\227=`\371P\314\346 V7\271[~\n\237\274|\347\352@K\253~&\260\032\024\004B\200\255h\351\013\361\031:nG\211\005|\2003\266\274\251,W\006u\344\335d\003\306\212\313,\340\350bG\n\030Z\2732-\246\312\255\030\003\235207\005}D\260\0261ah\322M\304\216\273m0\271\234\237\007<w$\265C\245\232\033\264\227\2326\315\307\363\323\325\303\032N\256*\307\327 \235\332\207u\210\271\257\306g\231i*\260\326k\001"";   nodeid: ""\260\000\000\000\000\000\000\000\000\000\000\000\000\000\000\000\000\000\000\000\000\000\000\000\000\000\000\000\000\000\000\000\001""; }; ","ledgerHash: ""\023\313c\321B\032l\301h\005\320\252\301\361(\330[\343\357\343{\235\n\266g\272>\177\317\347\261q""; ledgerSeq: 20; type: liAS_NODE; nodes {;   nodedata: ""\021\000h""\000\000\000\000 \033\000\000\000\023\002\023\302\277\330\356GuH\375\327!\255\371\r\231\262R\256J\034\222\241\355X\265E\241^W\225\304\014\361CX-}\351f\032\255\274\334m\326c\017\014ao[\342\230\003\245\245\3341Hm\326^\017jy\335\261\032Yt\320\244{g\0306\\302\303*\341\215\223\257\364\277o\375\000r\241SOq\221\253\262\005\017\375T\356\014\360o'\030\311-\267\031\257!\031T\006><\315XM\334\324\345\034\000\325\367\240\271\013\265\024\321\362\354\211\250.\234s\225amc\305\035\366\276\037nD\277`\210\223N\3535\033\261\304f\331]\036\237\306o!\223\221\002\324\031\262\240R\177 ,\214\325\Q])\016\2067\277\t\354\010\000\360\215\2502\265\245\310\226\243c\302Ze\306\253#r\020\211\320iG\276\020E\317\035Sf\223F\254\033@\177e\277\016\010u\327\371&\262\312\317Q\2361t\377x\234\001v\003%\030\325_\225g\204\346a=\225\273\331\354\365*U\363\263N\367b\371\244\314-w\363\262\225Z\200\206\235\233\257?sE\2674\254\326mU\377?\177Ek\336\030!\316Aa\225\303\022\377{\210Y\226\271as\354L\035\004\341\361\035\301\024\220m#*\372\032\3178~\374\250\014*\323\342'z69\220\327\256\351G\367\317u\302\207\270b\315\333\333\334\310I\323&\014\352XZnW2.\335\347\202\021\247\362\212e\034\000\001\250\220\305;a\314\265R\310\017\317\331\235\360\262\240:\277\202\266\354\265X""\022\nh\252\352w\204\203\023]\001f\352\277\0031Q]\362\370R\350{\261\202\240\344\215\201\353\276\322p5p\350\354\017>\250r\241c\273\016\301\024\363\242\247\263\231\370\344\nBW\220K\316@3\243\200\036wk\253GSlU\010\360\231>\331\263H\214\324\030A\225\301o\346pkSF\004\241\213w9\223=\250\262*+\255\351r\265\244c\024\213\t\007`\223\325#\3477\210\345P\306\013\320\252[\0216+\227=`\371P\314\346 V7\271[~\n\237\274|\347\352@K\253~&\260\032\024\004B\200\255h\351\013\361\031:nG\211\005|\2003\266\274\251,W\006u\344\335d\003\306\212\313,\340\350bG\n\030Z\2732-\246\312\255\030\003\235207\005}D\260\0261ah\322M\304\216\273m0\271\234\237\007<w$\265C\245\232\033\264\227\2326\315\307\363\323\325\303\032N\256*\307\327 \235\332\207u\210\271\257\306g\231i*\260\326k\001"";   nodeid: ""\260\000\000\000\000\000\000\000\000\000\000\000\000\000\000\000\000\000\000\000\000\000\000\000\000\000\000\000\000\000\000\000\001""; }; "
1750527600500,1750527600501,0,1,3,4,TMLedgerData,"ledgerHash: ""\023\313c\321B\032l\301h\005\320\252\301\361(\330[\343\357\343{\235\n\266g\272>\177\317\347\261q""; ledgerSeq: 20; type: liBASE; nodes {;   nodedata: ""\000\000\000\024\001cEx]\211\377\330\003\235207\005}D\260\0261ah\322M\304\216\273m0\271\234\237\007<w$\265C\245\232\033\000\000\000\000\000\000\000\000\000\000\000\000\000\000\000\000\000\000\000\000\000\000\000\000\000\000\000\000\000\000\000\000\n\363\301h\306\005\306\004R\354\274\221\321N_\017\366\212\257Bp\371\362\016\274\342@}\343]\305\351/\351\252\360/\351\252\361\n\000""; }; nodes {;   nodedata: ""\323C\344\327\264{\312-\017:\006{\177\344N\002\326bO\260\220\006\033\362\345\005U\221DzJ0\001\301\025%1L\307\t\261\262z\374\222T\301\274V\236\223\262\270Ct\362\337b\356\024*\324\320\351\317\002k\336\234\027v\351\217\260\303\360\233ZPZWr\246$w\313\313\r\243r\232\2234\373\3539:N\004Q\245\272D\312D\300\300\t\323\0257\345e\271\na\215{\226\255x%T\257\037\333\004\344_/R\006E\344\037@\210\363\010\336T\226\247'\204_{\261\370""1\235\2445\343\033Y!\212\201\341\272\225'\007w"":^(\016)\247J\356\260\016_\312\334|\014t\325c#\270A\364\256elImg-\343\013\003""; }; requestCookie: 3; ","ledgerHash: ""\023\313c\321B\032l\301h\005\320\252\301\361(\330[\343\357\343{\235\n\266g\272>\177\317\347\261q""; ledgerSeq: 20; type: liBASE; nodes {;   nodedata: ""\000\000\000\024\001cEx]\211\377\330\003\235207\005}D\260\0261ah\322M\304\216\273m0\271\234\237\007<w$\265C\245\232\033\000\000\000\000\000\000\000\000\000\000\000\000\000\000\000\000\000\000\000\000\000\000\000\000\000\000\000\000\000\000\000\000\n\363\301h\306\005\306\004R\354\274\221\321N_\017\366\212\257Bp\371\362\016\274\342@}\343]\305\351/\351\252\360/\351\252\361\n\000""; }; nodes {;   nodedata: ""\323C\344\327\264{\312-\017:\006{\177\344N\002\326bO\260\220\006\033\362\345\005U\221DzJ0\001\301\025%1L\307\t\261\262z\374\222T\301\274V\236\223\262\270Ct\362\337b\356\024*\324\320\351\317\002k\336\234\027v\351\217\260\303\360\233ZPZWr\246$w\313\313\r\243r\232\2234\373\3539:N\004Q\245\272D\312D\300\300\t\323\0257\345e\271\na\215{\226\255x%T\257\037\333\004\344_/R\006E\344\037@\210\363\010\336T\226\247'\204_{\261\370""1\235\2445\343\033Y!\212\201\341\272\225'\007w"":^(\016)\247J\356\260\016_\312\334|\014t\325c#\270A\364\256elImg-\343\013\003""; }; requestCookie: 3; "
1750527600501,1750527600501,0,1,3,4,TMLedgerData,"ledgerHash: ""\023\313c\321B\032l\301h\005\320\252\301\361(\330[\343\357\343{\235\n\266g\272>\177\317\347\261q""; ledgerSeq: 20; type: liBASE; nodes {;   nodedata: ""\000\000\000\024\001cEx]\211\377\330\003\235207\005}D\260\0261ah\322M\304\216\273m0\271\234\237\007<w$\265C\245\232\033\000\000\000\000\000\000\000\000\000\000\000\000\000\000\000\000\000\000\000\000\000\000\000\000\000\000\000\000\000\000\000\000\n\363\301h\306\005\306\004R\354\274\221\321N_\017\366\212\257Bp\371\362\016\274\342@}\343]\305\351/\351\252\360/\351\252\361\n\000""; }; nodes {;   nodedata: ""\323C\344\327\264{\312-\017:\006{\177\344N\002\326bO\260\220\006\033\362\345\005U\221DzJ0\001\301\025%1L\307\t\261\262z\374\222T\301\274V\236\223\262\270Ct\362\337b\356\024*\324\320\351\317\002k\336\234\027v\351\217\260\303\360\233ZPZWr\246$w\313\313\r\243r\232\2234\373\3539:N\004Q\245\272D\312D\300\300\t\323\0257\345e\271\na\215{\226\255x%T\257\037\333\004\344_/R\006E\344\037@\210\363\010\336T\226\247'\204_{\261\370""1\235\2445\343\033Y!\212\201\341\272\225'\007w"":^(\016)\247J\356\260\016_\312\334|\014t\325c#\270A\364\256elImg-\343\013\003""; }; requestCookie: 2; ","ledgerHash: ""\023\313c\321B\032l\301h\005\320\252\301\361(\330[\343\357\343{\235\n\266g\272>\177\317\347\261q""; ledgerSeq: 20; type: liBASE; nodes {;   nodedata: ""\000\000\000\024\001cEx]\211\377\330\003\235207\005}D\260\0261ah\322M\304\216\273m0\271\234\237\007<w$\265C\245\232\033\000\000\000\000\000\000\000\000\000\000\000\000\000\000\000\000\000\000\000\000\000\000\000\000\000\000\000\000\000\000\000\000\n\363\301h\306\005\306\004R\354\274\221\321N_\017\366\212\257Bp\371\362\016\274\342@}\343]\305\351/\351\252\360/\351\252\361\n\000""; }; nodes {;   nodedata: ""\323C\344\327\264{\312-\017:\006{\177\344N\002\326bO\260\220\006\033\362\345\005U\221DzJ0\001\301\025%1L\307\t\261\262z\374\222T\301\274V\236\223\262\270Ct\362\337b\356\024*\324\320\351\317\002k\336\234\027v\351\217\260\303\360\233ZPZWr\246$w\313\313\r\243r\232\2234\373\3539:N\004Q\245\272D\312D\300\300\t\323\0257\345e\271\na\215{\226\255x%T\257\037\333\004\344_/R\006E\344\037@\210\363\010\336T\226\247'\204_{\261\370""1\235\2445\343\033Y!\212\201\341\272\225'\007w"":^(\016)\247J\356\260\016_\312\334|\014t\325c#\270A\364\256elImg-\343\013\003""; }; requestCookie: 2; "
1750527600502,1750527600503,0,1,3,4,TMLedgerData,"ledgerHash: ""\023\313c\321B\032l\301h\005\320\252\301\361(\330[\343\357\343{\235\n\266g\272>\177\317\347\261q""; ledgerSeq: 20; type: liAS_NODE; nodes {;   nodedata: ""\021\000h""\000\000\000\000 \033\000\000\000\023\002\023\302\277\330\356GuH\375\327!\255\371\r\231\262R\256J\034\222\241\355X\265E\241^W\225\304\014\361CX-}\351f\032\255\274\334m\326c\017\014ao[\342\230\003\245\245\3341Hm\326^\017jy\335\261\032Yt\320\244{g\0306\\302\303*\341\215\223\257\364\277o\375\000r\241SOq\221\253\262\005\017\375T\356\014\360o'\030\311-\267\031\257!\031T\006><\315XM\334\324\345\034\000\325\367\240\271\013\265\024\321\362\354\211\250.\234s\225amc\305\035\366\276\037nD\277`\210\223N\3535\033\261\304f\331]\036\237\306o!\223\221\002\324\031\262\240R\177 ,\214\325\Q])\016\2067\277\t\354\010\000\360\215\2502\265\245\310\226\243c\302Ze\306\253#r\020\211\320iG\276\020E\317\035Sf\223F\254\033@\177e\277\016\010u\327\371&\262\312\317Q\2361t\377x\234\001v\003%\030\325_\225g\204\346a=\225\273\331\354\365*U\363\263N\367b\371\244\314-w\363\262\225Z\200\206\235\233\257?sE\2674\254\326mU\377?\177Ek\336\030!\316Aa\225\303\022\377{\210Y\226\271as\354L\035\004\341\361\035\301\024\220m#*\372\032\3178~\374\250\014*\323\342'z69\220\327\256\351G\367\317u\302\207\270b\315\333\333\334\310I\323&\014\352XZnW2.\335\347\202\021\247\362\212e\034\000\001\250\220\305;a\314\265R\310\017\317\331\235\360\262\240:\277\202\266\354\265X""\022\nh\252\352w\204\203\023]\001f\352\277\0031Q]\362\370R\350{\261\202\240\344\215\201\353\276\322p5p\350\354\017>\250r\241c\273\016\301\024\363\242\247\263\231\370\344\nBW\220K\316@3\243\200\036wk\253GSlU\010\360\231>\331\263H\214\324\030A\225\301o\346pkSF\004\241\213w9\223=\250\262*+\255\351r\265\244c\024\213\t\007`\223\325#\3477\210\345P\306\013\320\252[\0216+\227=`\371P\314\346 V7\271[~\n\237\274|\347\352@K\253~&\260\032\024\004B\200\255h\351\013\361\031:nG\211\005|\2003\266\274\251,W\006u\344\335d\003\306\212\313,\340\350bG\n\030Z\2732-\246\312\255\030\003\235207\005}D\260\0261ah\322M\304\216\273m0\271\234\237\007<w$\265C\245\232\033\264\227\2326\315\307\363\323\325\303\032N\256*\307\327 \235\332\207u\210\271\257\306g\231i*\260\326k\001"";   nodeid: ""\260\000\000\000\000\000\000\000\000\000\000\000\000\000\000\000\000\000\000\000\000\000\000\000\000\000\000\000\000\000\000\000\001""; }; ","ledgerHash: ""\023\313c\321B\032l\301h\005\320\252\301\361(\330[\343\357\343{\235\n\266g\272>\177\317\347\261q""; ledgerSeq: 20; type: liAS_NODE; nodes {;   nodedata: ""\021\000h""\000\000\000\000 \033\000\000\000\023\002\023\302\277\330\356GuH\375\327!\255\371\r\231\262R\256J\034\222\241\355X\265E\241^W\225\304\014\361CX-}\351f\032\255\274\334m\326c\017\014ao[\342\230\003\245\245\3341Hm\326^\017jy\335\261\032Yt\320\244{g\0306\\302\303*\341\215\223\257\364\277o\375\000r\241SOq\221\253\262\005\017\375T\356\014\360o'\030\311-\267\031\257!\031T\006><\315XM\334\324\345\034\000\325\367\240\271\013\265\024\321\362\354\211\250.\234s\225amc\305\035\366\276\037nD\277`\210\223N\3535\033\261\304f\331]\036\237\306o!\223\221\002\324\031\262\240R\177 ,\214\325\Q])\016\2067\277\t\354\010\000\360\215\2502\265\245\310\226\243c\302Ze\306\253#r\020\211\320iG\276\020E\317\035Sf\223F\254\033@\177e\277\016\010u\327\371&\262\312\317Q\2361t\377x\234\001v\003%\030\325_\225g\204\346a=\225\273\331\354\365*U\363\263N\367b\371\244\314-w\363\262\225Z\200\206\235\233\257?sE\2674\254\326mU\377?\177Ek\336\030!\316Aa\225\303\022\377{\210Y\226\271as\354L\035\004\341\361\035\301\024\220m#*\372\032\3178~\374\250\014*\323\342'z69\220\327\256\351G\367\317u\302\207\270b\315\333\333\334\310I\323&\014\352XZnW2.\335\347\202\021\247\362\212e\034\000\001\250\220\305;a\314\265R\310\017\317\331\235\360\262\240:\277\202\266\354\265X""\022\nh\252\352w\204\203\023]\001f\352\277\0031Q]\362\370R\350{\261\202\240\344\215\201\353\276\322p5p\350\354\017>\250r\241c\273\016\301\024\363\242\247\263\231\370\344\nBW\220K\316@3\243\200\036wk\253GSlU\010\360\231>\331\263H\214\324\030A\225\301o\346pkSF\004\241\213w9\223=\250\262*+\255\351r\265\244c\024\213\t\007`\223\325#\3477\210\345P\306\013\320\252[\0216+\227=`\371P\314\346 V7\271[~\n\237\274|\347\352@K\253~&\260\032\024\004B\200\255h\351\013\361\031:nG\211\005|\2003\266\274\251,W\006u\344\335d\003\306\212\313,\340\350bG\n\030Z\2732-\246\312\255\030\003\235207\005}D\260\0261ah\322M\304\216\273m0\271\234\237\007<w$\265C\245\232\033\264\227\2326\315\307\363\323\325\303\032N\256*\307\327 \235\332\207u\210\271\257\306g\231i*\260\326k\001"";   nodeid: ""\260\000\000\000\000\000\000\000\000\000\000\000\000\000\000\000\000\000\000\000\000\000\000\000\000\000\000\000\000\000\000\000\001""; }; "
1750527600503,1750527600503,0,1,1,4,TMLedgerData,"ledgerHash: ""\023\313c\321B\032l\301h\005\320\252\301\361(\330[\343\357\343{\235\n\266g\272>\177\317\347\261q""; ledgerSeq: 20; type: liBASE; nodes {;   nodedata: ""\000\000\000\024\001cEx]\211\377\330\003\235207\005}D\260\0261ah\322M\304\216\273m0\271\234\237\007<w$\265C\245\232\033\000\000\000\000\000\000\000\000\000\000\000\000\000\000\000\000\000\000\000\000\000\000\000\000\000\000\000\000\000\000\000\000\n\363\301h\306\005\306\004R\354\274\221\321N_\017\366\212\257Bp\371\362\016\274\342@}\343]\305\351/\351\252\360/\351\252\361\n\000""; }; nodes {;   nodedata: ""\323C\344\327\264{\312-\017:\006{\177\344N\002\326bO\260\220\006\033\362\345\005U\221DzJ0\001\301\025%1L\307\t\261\262z\374\222T\301\274V\236\223\262\270Ct\362\337b\356\024*\324\320\351\317\002k\336\234\027v\351\217\260\303\360\233ZPZWr\246$w\313\313\r\243r\232\2234\373\3539:N\004Q\245\272D\312D\300\300\t\323\0257\345e\271\na\215{\226\255x%T\257\037\333\004\344_/R\006E\344\037@\210\363\010\336T\226\247'\204_{\261\370""1\235\2445\343\033Y!\212\201\341\272\225'\007w"":^(\016)\247J\356\260\016_\312\334|\014t\325c#\270A\364\256elImg-\343\013\003""; }; ","ledgerHash: ""\023\313c\321B\032l\301h\005\320\252\301\361(\330[\343\357\343{\235\n\266g\272>\177\317\347\261q""; ledgerSeq: 20; type: liBASE; nodes {;   nodedata: ""\000\000\000\024\001cEx]\211\377\330\003\235207\005}D\260\0261ah\322M\304\216\273m0\271\234\237\007<w$\265C\245\232\033\000\000\000\000\000\000\000\000\000\000\000\000\000\000\000\000\000\000\000\000\000\000\000\000\000\000\000\000\000\000\000\000\n\363\301h\306\005\306\004R\354\274\221\321N_\017\366\212\257Bp\371\362\016\274\342@}\343]\305\351/\351\252\360/\351\252\361\n\000""; }; nodes {;   nodedata: ""\323C\344\327\264{\312-\017:\006{\177\344N\002\326bO\260\220\006\033\362\345\005U\221DzJ0\001\301\025%1L\307\t\261\262z\374\222T\301\274V\236\223\262\270Ct\362\337b\356\024*\324\320\351\317\002k\336\234\027v\351\217\260\303\360\233ZPZWr\246$w\313\313\r\243r\232\2234\373\3539:N\004Q\245\272D\312D\300\300\t\323\0257\345e\271\na\215{\226\255x%T\257\037\333\004\344_/R\006E\344\037@\210\363\010\336T\226\247'\204_{\261\370""1\235\2445\343\033Y!\212\201\341\272\225'\007w"":^(\016)\247J\356\260\016_\312\334|\014t\325c#\270A\364\256elImg-\343\013\003""; }; "
1750527600504,1750527600504,0,1,3,2,TMLedgerData,"ledgerHash: ""\023\313c\321B\032l\301h\005\320\252\301\361(\330[\343\357\343{\235\n\266g\272>\177\317\347\261q""; ledgerSeq: 20; type: liAS_NODE; nodes {;   nodedata: ""\021\000h""\000\000\000\000 \033\000\000\000\023\002\023\302\277\330\356GuH\375\327!\255\371\r\231\262R\256J\034\222\241\355X\265E\241^W\225\304\014\361CX-}\351f\032\255\274\334m\326c\017\014ao[\342\230\003\245\245\3341Hm\326^\017jy\335\261\032Yt\320\244{g\0306\\302\303*\341\215\223\257\364\277o\375\000r\241SOq\221\253\262\005\017\375T\356\014\360o'\030\311-\267\031\257!\031T\006><\315XM\334\324\345\034\000\325\367\240\271\013\265\024\321\362\354\211\250.\234s\225amc\305\035\366\276\037nD\277`\210\223N\3535\033\261\304f\331]\036\237\306o!\223\221\002\324\031\262\240R\177 ,\214\325\Q])\016\2067\277\t\354\010\000\360\215\2502\265\245\310\226\243c\302Ze\306\253#r\020\211\320iG\276\020E\317\035Sf\223F\254\033@\177e\277\016\010u\327\371&\262\312\317Q\2361t\377x\234\001v\003%\030\325_\225g\204\346a=\225\273\331\354\365*U\363\263N\367b\371\244\314-w\363\262\225Z\200\206\235\233\257?sE\2674\254\326mU\377?\177Ek\336\030!\316Aa\225\303\022\377{\210Y\226\271as\354L\035\004\341\361\035\301\024\220m#*\372\032\3178~\374\250\014*\323\342'z69\220\327\256\351G\367\317u\302\207\270b\315\333\333\334\310I\323&\014\352XZnW2.\335\347\202\021\247\362\212e\034\000\001\250\220\305;a\314\265R\310\017\317\331\235\360\262\240:\277\202\266\354\265X""\022\nh\252\352w\204\203\023]\001f\352\277\0031Q]\362\370R\350{\261\202\240\344\215\201\353\276\322p5p\350\354\017>\250r\241c\273\016\301\024\363\242\247\263\231\370\344\nBW\220K\316@3\243\200\036wk\253GSlU\010\360\231>\331\263H\214\324\030A\225\301o\346pkSF\004\241\213w9\223=\250\262*+\255\351r\265\244c\024\213\t\007`\223\325#\3477\210\345P\306\013\320\252[\0216+\227=`\371P\314\346 V7\271[~\n\237\274|\347\352@K\253~&\260\032\024\004B\200\255h\351\013\361\031:nG\211\005|\2003\266\274\251,W\006u\344\335d\003\306\212\313,\340\350bG\n\030Z\2732-\246\312\255\030\003\235207\005}D\260\0261ah\322M\304\216\273m0\271\234\237\007<w$\265C\245\232\033\264\227\2326\315\307\363\323\325\303\032N\256*\307\327 \235\332\207u\210\271\257\306g\231i*\260\326k\001"";   nodeid: ""\260\000\000\000\000\000\000\000\000\000\000\000\000\000\000\000\000\000\000\000\000\000\000\000\000\000\000\000\000\000\000\000\001""; }; ","ledgerHash: ""\023\313c\321B\032l\301h\005\320\252\301\361(\330[\343\357\343{\235\n\266g\272>\177\317\347\261q""; ledgerSeq: 20; type: liAS_NODE; nodes {;   nodedata: ""\021\000h""\000\000\000\000 \033\000\000\000\023\002\023\302\277\330\356GuH\375\327!\255\371\r\231\262R\256J\034\222\241\355X\265E\241^W\225\304\014\361CX-}\351f\032\255\274\334m\326c\017\014ao[\342\230\003\245\245\3341Hm\326^\017jy\335\261\032Yt\320\244{g\0306\\302\303*\341\215\223\257\364\277o\375\000r\241SOq\221\253\262\005\017\375T\356\014\360o'\030\311-\267\031\257!\031T\006><\315XM\334\324\345\034\000\325\367\240\271\013\265\024\321\362\354\211\250.\234s\225amc\305\035\366\276\037nD\277`\210\223N\3535\033\261\304f\331]\036\237\306o!\223\221\002\324\031\262\240R\177 ,\214\325\Q])\016\2067\277\t\354\010\000\360\215\2502\265\245\310\226\243c\302Ze\306\253#r\020\211\320iG\276\020E\317\035Sf\223F\254\033@\177e\277\016\010u\327\371&\262\312\317Q\2361t\377x\234\001v\003%\030\325_\225g\204\346a=\225\273\331\354\365*U\363\263N\367b\371\244\314-w\363\262\225Z\200\206\235\233\257?sE\2674\254\326mU\377?\177Ek\336\030!\316Aa\225\303\022\377{\210Y\226\271as\354L\035\004\341\361\035\301\024\220m#*\372\032\3178~\374\250\014*\323\342'z69\220\327\256\351G\367\317u\302\207\270b\315\333\333\334\310I\323&\014\352XZnW2.\335\347\202\021\247\362\212e\034\000\001\250\220\305;a\314\265R\310\017\317\331\235\360\262\240:\277\202\266\354\265X""\022\nh\252\352w\204\203\023]\001f\352\277\0031Q]\362\370R\350{\261\202\240\344\215\201\353\276\322p5p\350\354\017>\250r\241c\273\016\301\024\363\242\247\263\231\370\344\nBW\220K\316@3\243\200\036wk\253GSlU\010\360\231>\331\263H\214\324\030A\225\301o\346pkSF\004\241\213w9\223=\250\262*+\255\351r\265\244c\024\213\t\007`\223\325#\3477\210\345P\306\013\320\252[\0216+\227=`\371P\314\346 V7\271[~\n\237\274|\347\352@K\253~&\260\032\024\004B\200\255h\351\013\361\031:nG\211\005|\2003\266\274\251,W\006u\344\335d\003\306\212\313,\340\350bG\n\030Z\2732-\246\312\255\030\003\235207\005}D\260\0261ah\322M\304\216\273m0\271\234\237\007<w$\265C\245\232\033\264\227\2326\315\307\363\323\325\303\032N\256*\307\327 \235\332\207u\210\271\257\306g\231i*\260\326k\001"";   nodeid: ""\260\000\000\000\000\000\000\000\000\000\000\000\000\000\000\000\000\000\000\000\000\000\000\000\000\000\000\000\000\000\000\000\001""; }; "
1750527600505,1750527600505,0,1,2,1,TMLedgerData,"ledgerHash: ""\023\313c\321B\032l\301h\005\320\252\301\361(\330[\343\357\343{\235\n\266g\272>\177\317\347\261q""; ledgerSeq: 20; type: liBASE; nodes {;   nodedata: ""\000\000\000\024\001cEx]\211\377\330\003\235207\005}D\260\0261ah\322M\304\216\273m0\271\234\237\007<w$\265C\245\232\033\000\000\000\000\000\000\000\000\000\000\000\000\000\000\000\000\000\000\000\000\000\000\000\000\000\000\000\000\000\000\000\000\n\363\301h\306\005\306\004R\354\274\221\321N_\017\366\212\257Bp\371\362\016\274\342@}\343]\305\351/\351\252\360/\351\252\361\n\000""; }; nodes {;   nodedata: ""\323C\344\327\264{\312-\017:\006{\177\344N\002\326bO\260\220\006\033\362\345\005U\221DzJ0\001\301\025%1L\307\t\261\262z\374\222T\301\274V\236\223\262\270Ct\362\337b\356\024*\324\320\351\317\002k\336\234\027v\351\217\260\303\360\233ZPZWr\246$w\313\313\r\243r\232\2234\373\3539:N\004Q\245\272D\312D\300\300\t\323\0257\345e\271\na\215{\226\255x%T\257\037\333\004\344_/R\006E\344\037@\210\363\010\336T\226\247'\204_{\261\370""1\235\2445\343\033Y!\212\201\341\272\225'\007w"":^(\016)\247J\356\260\016_\312\334|\014t\325c#\270A\364\256elImg-\343\013\003""; }; ","ledgerHash: ""\023\313c\321B\032l\301h\005\320\252\301\361(\330[\343\357\343{\235\n\266g\272>\177\317\347\261q""; ledgerSeq: 20; type: liBASE; nodes {;   nodedata: ""\000\000\000\024\001cEx]\211\377\330\003\235207\005}D\260\0261ah\322M\304\216\273m0\271\234\237\007<w$\265C\245\232\033\000\000\000\000\000\000\000\000\000\000\000\000\000\000\000\000\000\000\000\000\000\000\000\000\000\000\000\000\000\000\000\000\n\363\301h\306\005\306\004R\354\274\221\321N_\017\366\212\257Bp\371\362\016\274\342@}\343]\305\351/\351\252\360/\351\252\361\n\000""; }; nodes {;   nodedata: ""\323C\344\327\264{\312-\017:\006{\177\344N\002\326bO\260\220\006\033\362\345\005U\221DzJ0\001\301\025%1L\307\t\261\262z\374\222T\301\274V\236\223\262\270Ct\362\337b\356\024*\324\320\351\317\002k\336\234\027v\351\217\260\303\360\233ZPZWr\246$w\313\313\r\243r\232\2234\373\3539:N\004Q\245\272D\312D\300\300\t\323\0257\345e\271\na\215{\226\255x%T\257\037\333\004\344_/R\006E\344\037@\210\363\010\336T\226\247'\204_{\261\370""1\235\2445\343\033Y!\212\201\341\272\225'\007w"":^(\016)\247J\356\260\016_\312\334|\014t\325c#\270A\364\256elImg-\343\013\003""; }; "
1750527600506,1750527600506,0,1,2,0,TMLedgerData,"ledgerHash: ""\023\313c\321B\032l\301h\005\320\252\301\361(\330[\343\357\343{\235\n\266g\272>\177\317\347\261q""; ledgerSeq: 20; type: liBASE; nodes {;   nodedata: ""\000\000\000\024\001cEx]\211\377\330\003\235207\005}D\260\0261ah\322M\304\216\273m0\271\234\237\007<w$\265C\245\232\033\000\000\000\000\000\000\000\000\000\000\000\000\000\000\000\000\000\000\000\000\000\000\000\000\000\000\000\000\000\000\000\000\n\363\301h\306\005\306\004R\354\274\221\321N_\017\366\212\257Bp\371\362\016\274\342@}\343]\305\351/\351\252\360/\351\252\361\n\000""; }; nodes {;   nodedata: ""\323C\344\327\264{\312-\017:\006{\177\344N\002\326bO\260\220\006\033\362\345\005U\221DzJ0\001\301\025%1L\307\t\261\262z\374\222T\301\274V\236\223\262\270Ct\362\337b\356\024*\324\320\351\317\002k\336\234\027v\351\217\260\303\360\233ZPZWr\246$w\313\313\r\243r\232\2234\373\3539:N\004Q\245\272D\312D\300\300\t\323\0257\345e\271\na\215{\226\255x%T\257\037\333\004\344_/R\006E\344\037@\210\363\010\336T\226\247'\204_{\261\370""1\235\2445\343\033Y!\212\201\341\272\225'\007w"":^(\016)\247J\356\260\016_\312\334|\014t\325c#\270A\364\256elImg-\343\013\003""; }; ","ledgerHash: ""\023\313c\321B\032l\301h\005\320\252\301\361(\330[\343\357\343{\235\n\266g\272>\177\317\347\261q""; ledgerSeq: 20; type: liBASE; nodes {;   nodedata: ""\000\000\000\024\001cEx]\211\377\330\003\235207\005}D\260\0261ah\322M\304\216\273m0\271\234\237\007<w$\265C\245\232\033\000\000\000\000\000\000\000\000\000\000\000\000\000\000\000\000\000\000\000\000\000\000\000\000\000\000\000\000\000\000\000\000\n\363\301h\306\005\306\004R\354\274\221\321N_\017\366\212\257Bp\371\362\016\274\342@}\343]\305\351/\351\252\360/\351\252\361\n\000""; }; nodes {;   nodedata: ""\323C\344\327\264{\312-\017:\006{\177\344N\002\326bO\260\220\006\033\362\345\005U\221DzJ0\001\301\025%1L\307\t\261\262z\374\222T\301\274V\236\223\262\270Ct\362\337b\356\024*\324\320\351\317\002k\336\234\027v\351\217\260\303\360\233ZPZWr\246$w\313\313\r\243r\232\2234\373\3539:N\004Q\245\272D\312D\300\300\t\323\0257\345e\271\na\215{\226\255x%T\257\037\333\004\344_/R\006E\344\037@\210\363\010\336T\226\247'\204_{\261\370""1\235\2445\343\033Y!\212\201\341\272\225'\007w"":^(\016)\247J\356\260\016_\312\334|\014t\325c#\270A\364\256elImg-\343\013\003""; }; "
1750527600506,1750527600507,0,1,2,4,TMLedgerData,"ledgerHash: ""\023\313c\321B\032l\301h\005\320\252\301\361(\330[\343\357\343{\235\n\266g\272>\177\317\347\261q""; ledgerSeq: 20; type: liBASE; nodes {;   nodedata: ""\000\000\000\024\001cEx]\211\377\330\003\235207\005}D\260\0261ah\322M\304\216\273m0\271\234\237\007<w$\265C\245\232\033\000\000\000\000\000\000\000\000\000\000\000\000\000\000\000\000\000\000\000\000\000\000\000\000\000\000\000\000\000\000\000\000\n\363\301h\306\005\306\004R\354\274\221\321N_\017\366\212\257Bp\371\362\016\274\342@}\343]\305\351/\351\252\360/\351\252\361\n\000""; }; nodes {;   nodedata: ""\323C\344\327\264{\312-\017:\006{\177\344N\002\326bO\260\220\006\033\362\345\005U\221DzJ0\001\301\025%1L\307\t\261\262z\374\222T\301\274V\236\223\262\270Ct\362\337b\356\024*\324\320\351\317\002k\336\234\027v\351\217\260\303\360\233ZPZWr\246$w\313\313\r\243r\232\2234\373\3539:N\004Q\245\272D\312D\300\300\t\323\0257\345e\271\na\215{\226\255x%T\257\037\333\004\344_/R\006E\344\037@\210\363\010\336T\226\247'\204_{\261\370""1\235\2445\343\033Y!\212\201\341\272\225'\007w"":^(\016)\247J\356\260\016_\312\334|\014t\325c#\270A\364\256elImg-\343\013\003""; }; ","ledgerHash: ""\023\313c\321B\032l\301h\005\320\252\301\361(\330[\343\357\343{\235\n\266g\272>\177\317\347\261q""; ledgerSeq: 20; type: liBASE; nodes {;   nodedata: ""\000\000\000\024\001cEx]\211\377\330\003\235207\005}D\260\0261ah\322M\304\216\273m0\271\234\237\007<w$\265C\245\232\033\000\000\000\000\000\000\000\000\000\000\000\000\000\000\000\000\000\000\000\000\000\000\000\000\000\000\000\000\000\000\000\000\n\363\301h\306\005\306\004R\354\274\221\321N_\017\366\212\257Bp\371\362\016\274\342@}\343]\305\351/\351\252\360/\351\252\361\n\000""; }; nodes {;   nodedata: ""\323C\344\327\264{\312-\017:\006{\177\344N\002\326bO\260\220\006\033\362\345\005U\221DzJ0\001\301\025%1L\307\t\261\262z\374\222T\301\274V\236\223\262\270Ct\362\337b\356\024*\324\320\351\317\002k\336\234\027v\351\217\260\303\360\233ZPZWr\246$w\313\313\r\243r\232\2234\373\3539:N\004Q\245\272D\312D\300\300\t\323\0257\345e\271\na\215{\226\255x%T\257\037\333\004\344_/R\006E\344\037@\210\363\010\336T\226\247'\204_{\261\370""1\235\2445\343\033Y!\212\201\341\272\225'\007w"":^(\016)\247J\356\260\016_\312\334|\014t\325c#\270A\364\256elImg-\343\013\003""; }; "
1750527600508,1750527600508,0,1,0,4,TMLedgerData,"ledgerHash: ""\023\313c\321B\032l\301h\005\320\252\301\361(\330[\343\357\343{\235\n\266g\272>\177\317\347\261q""; ledgerSeq: 20; type: liBASE; nodes {;   nodedata: ""\000\000\000\024\001cEx]\211\377\330\003\235207\005}D\260\0261ah\322M\304\216\273m0\271\234\237\007<w$\265C\245\232\033\000\000\000\000\000\000\000\000\000\000\000\000\000\000\000\000\000\000\000\000\000\000\000\000\000\000\000\000\000\000\000\000\n\363\301h\306\005\306\004R\354\274\221\321N_\017\366\212\257Bp\371\362\016\274\342@}\343]\305\351/\351\252\360/\351\252\361\n\000""; }; nodes {;   nodedata: ""\323C\344\327\264{\312-\017:\006{\177\344N\002\326bO\260\220\006\033\362\345\005U\221DzJ0\001\301\025%1L\307\t\261\262z\374\222T\301\274V\236\223\262\270Ct\362\337b\356\024*\324\320\351\317\002k\336\234\027v\351\217\260\303\360\233ZPZWr\246$w\313\313\r\243r\232\2234\373\3539:N\004Q\245\272D\312D\300\300\t\323\0257\345e\271\na\215{\226\255x%T\257\037\333\004\344_/R\006E\344\037@\210\363\010\336T\226\247'\204_{\261\370""1\235\2445\343\033Y!\212\201\341\272\225'\007w"":^(\016)\247J\356\260\016_\312\334|\014t\325c#\270A\364\256elImg-\343\013\003""; }; ","ledgerHash: ""\023\313c\321B\032l\301h\005\320\252\301\361(\330[\343\357\343{\235\n\266g\272>\177\317\347\261q""; ledgerSeq: 20; type: liBASE; nodes {;   nodedata: ""\000\000\000\024\001cEx]\211\377\330\003\235207\005}D\260\0261ah\322M\304\216\273m0\271\234\237\007<w$\265C\245\232\033\000\000\000\000\000\000\000\000\000\000\000\000\000\000\000\000\000\000\000\000\000\000\000\000\000\000\000\000\000\000\000\000\n\363\301h\306\005\306\004R\354\274\221\321N_\017\366\212\257Bp\371\362\016\274\342@}\343]\305\351/\351\252\360/\351\252\361\n\000""; }; nodes {;   nodedata: ""\323C\344\327\264{\312-\017:\006{\177\344N\002\326bO\260\220\006\033\362\345\005U\221DzJ0\001\301\025%1L\307\t\261\262z\374\222T\301\274V\236\223\262\270Ct\362\337b\356\024*\324\320\351\317\002k\336\234\027v\351\217\260\303\360\233ZPZWr\246$w\313\313\r\243r\232\2234\373\3539:N\004Q\245\272D\312D\300\300\t\323\0257\345e\271\na\215{\226\255x%T\257\037\333\004\344_/R\006E\344\037@\210\363\010\336T\226\247'\204_{\261\370""1\235\2445\343\033Y!\212\201\341\272\225'\007w"":^(\016)\247J\356\260\016_\312\334|\014t\325c#\270A\364\256elImg-\343\013\003""; }; "
1750527600508,1750527600508,0,1,0,1,TMLedgerData,"ledgerHash: ""\023\313c\321B\032l\301h\005\320\252\301\361(\330[\343\357\343{\235\n\266g\272>\177\317\347\261q""; ledgerSeq: 20; type: liBASE; nodes {;   nodedata: ""\000\000\000\024\001cEx]\211\377\330\003\235207\005}D\260\0261ah\322M\304\216\273m0\271\234\237\007<w$\265C\245\232\033\000\000\000\000\000\000\000\000\000\000\000\000\000\000\000\000\000\000\000\000\000\000\000\000\000\000\000\000\000\000\000\000\n\363\301h\306\005\306\004R\354\274\221\321N_\017\366\212\257Bp\371\362\016\274\342@}\343]\305\351/\351\252\360/\351\252\361\n\000""; }; nodes {;   nodedata: ""\323C\344\327\264{\312-\017:\006{\177\344N\002\326bO\260\220\006\033\362\345\005U\221DzJ0\001\301\025%1L\307\t\261\262z\374\222T\301\274V\236\223\262\270Ct\362\337b\356\024*\324\320\351\317\002k\336\234\027v\351\217\260\303\360\233ZPZWr\246$w\313\313\r\243r\232\2234\373\3539:N\004Q\245\272D\312D\300\300\t\323\0257\345e\271\na\215{\226\255x%T\257\037\333\004\344_/R\006E\344\037@\210\363\010\336T\226\247'\204_{\261\370""1\235\2445\343\033Y!\212\201\341\272\225'\007w"":^(\016)\247J\356\260\016_\312\334|\014t\325c#\270A\364\256elImg-\343\013\003""; }; ","ledgerHash: ""\023\313c\321B\032l\301h\005\320\252\301\361(\330[\343\357\343{\235\n\266g\272>\177\317\347\261q""; ledgerSeq: 20; type: liBASE; nodes {;   nodedata: ""\000\000\000\024\001cEx]\211\377\330\003\235207\005}D\260\0261ah\322M\304\216\273m0\271\234\237\007<w$\265C\245\232\033\000\000\000\000\000\000\000\000\000\000\000\000\000\000\000\000\000\000\000\000\000\000\000\000\000\000\000\000\000\000\000\000\n\363\301h\306\005\306\004R\354\274\221\321N_\017\366\212\257Bp\371\362\016\274\342@}\343]\305\351/\351\252\360/\351\252\361\n\000""; }; nodes {;   nodedata: ""\323C\344\327\264{\312-\017:\006{\177\344N\002\326bO\260\220\006\033\362\345\005U\221DzJ0\001\301\025%1L\307\t\261\262z\374\222T\301\274V\236\223\262\270Ct\362\337b\356\024*\324\320\351\317\002k\336\234\027v\351\217\260\303\360\233ZPZWr\246$w\313\313\r\243r\232\2234\373\3539:N\004Q\245\272D\312D\300\300\t\323\0257\345e\271\na\215{\226\255x%T\257\037\333\004\344_/R\006E\344\037@\210\363\010\336T\226\247'\204_{\261\370""1\235\2445\343\033Y!\212\201\341\272\225'\007w"":^(\016)\247J\356\260\016_\312\334|\014t\325c#\270A\364\256elImg-\343\013\003""; }; "
1750527600509,1750527600509,0,1,0,2,TMLedgerData,"ledgerHash: ""\023\313c\321B\032l\301h\005\320\252\301\361(\330[\343\357\343{\235\n\266g\272>\177\317\347\261q""; ledgerSeq: 20; type: liBASE; nodes {;   nodedata: ""\000\000\000\024\001cEx]\211\377\330\003\235207\005}D\260\0261ah\322M\304\216\273m0\271\234\237\007<w$\265C\245\232\033\000\000\000\000\000\000\000\000\000\000\000\000\000\000\000\000\000\000\000\000\000\000\000\000\000\000\000\000\000\000\000\000\n\363\301h\306\005\306\004R\354\274\221\321N_\017\366\212\257Bp\371\362\016\274\342@}\343]\305\351/\351\252\360/\351\252\361\n\000""; }; nodes {;   nodedata: ""\323C\344\327\264{\312-\017:\006{\177\344N\002\326bO\260\220\006\033\362\345\005U\221DzJ0\001\301\025%1L\307\t\261\262z\374\222T\301\274V\236\223\262\270Ct\362\337b\356\024*\324\320\351\317\002k\336\234\027v\351\217\260\303\360\233ZPZWr\246$w\313\313\r\243r\232\2234\373\3539:N\004Q\245\272D\312D\300\300\t\323\0257\345e\271\na\215{\226\255x%T\257\037\333\004\344_/R\006E\344\037@\210\363\010\336T\226\247'\204_{\261\370""1\235\2445\343\033Y!\212\201\341\272\225'\007w"":^(\016)\247J\356\260\016_\312\334|\014t\325c#\270A\364\256elImg-\343\013\003""; }; ","ledgerHash: ""\023\313c\321B\032l\301h\005\320\252\301\361(\330[\343\357\343{\235\n\266g\272>\177\317\347\261q""; ledgerSeq: 20; type: liBASE; nodes {;   nodedata: ""\000\000\000\024\001cEx]\211\377\330\003\235207\005}D\260\0261ah\322M\304\216\273m0\271\234\237\007<w$\265C\245\232\033\000\000\000\000\000\000\000\000\000\000\000\000\000\000\000\000\000\000\000\000\000\000\000\000\000\000\000\000\000\000\000\000\n\363\301h\306\005\306\004R\354\274\221\321N_\017\366\212\257Bp\371\362\016\274\342@}\343]\305\351/\351\252\360/\351\252\361\n\000""; }; nodes {;   nodedata: ""\323C\344\327\264{\312-\017:\006{\177\344N\002\326bO\260\220\006\033\362\345\005U\221DzJ0\001\301\025%1L\307\t\261\262z\374\222T\301\274V\236\223\262\270Ct\362\337b\356\024*\324\320\351\317\002k\336\234\027v\351\217\260\303\360\233ZPZWr\246$w\313\313\r\243r\232\2234\373\3539:N\004Q\245\272D\312D\300\300\t\323\0257\345e\271\na\215{\226\255x%T\257\037\333\004\344_/R\006E\344\037@\210\363\010\336T\226\247'\204_{\261\370""1\235\2445\343\033Y!\212\201\341\272\225'\007w"":^(\016)\247J\356\260\016_\312\334|\014t\325c#\270A\364\256elImg-\343\013\003""; }; "
1750527600510,1750527600510,0,1,1,2,TMLedgerData,"ledgerHash: ""\023\313c\321B\032l\301h\005\320\252\301\361(\330[\343\357\343{\235\n\266g\272>\177\317\347\261q""; ledgerSeq: 20; type: liBASE; nodes {;   nodedata: ""\000\000\000\024\001cEx]\211\377\330\003\235207\005}D\260\0261ah\322M\304\216\273m0\271\234\237\007<w$\265C\245\232\033\000\000\000\000\000\000\000\000\000\000\000\000\000\000\000\000\000\000\000\000\000\000\000\000\000\000\000\000\000\000\000\000\n\363\301h\306\005\306\004R\354\274\221\321N_\017\366\212\257Bp\371\362\016\274\342@}\343]\305\351/\351\252\360/\351\252\361\n\000""; }; nodes {;   nodedata: ""\323C\344\327\264{\312-\017:\006{\177\344N\002\326bO\260\220\006\033\362\345\005U\221DzJ0\001\301\025%1L\307\t\261\262z\374\222T\301\274V\236\223\262\270Ct\362\337b\356\024*\324\320\351\317\002k\336\234\027v\351\217\260\303\360\233ZPZWr\246$w\313\313\r\243r\232\2234\373\3539:N\004Q\245\272D\312D\300\300\t\323\0257\345e\271\na\215{\226\255x%T\257\037\333\004\344_/R\006E\344\037@\210\363\010\336T\226\247'\204_{\261\370""1\235\2445\343\033Y!\212\201\341\272\225'\007w"":^(\016)\247J\356\260\016_\312\334|\014t\325c#\270A\364\256elImg-\343\013\003""; }; ","ledgerHash: ""\023\313c\321B\032l\301h\005\320\252\301\361(\330[\343\357\343{\235\n\266g\272>\177\317\347\261q""; ledgerSeq: 20; type: liBASE; nodes {;   nodedata: ""\000\000\000\024\001cEx]\211\377\330\003\235207\005}D\260\0261ah\322M\304\216\273m0\271\234\237\007<w$\265C\245\232\033\000\000\000\000\000\000\000\000\000\000\000\000\000\000\000\000\000\000\000\000\000\000\000\000\000\000\000\000\000\000\000\000\n\363\301h\306\005\306\004R\354\274\221\321N_\017\366\212\257Bp\371\362\016\274\342@}\343]\305\351/\351\252\360/\351\252\361\n\000""; }; nodes {;   nodedata: ""\323C\344\327\264{\312-\017:\006{\177\344N\002\326bO\260\220\006\033\362\345\005U\221DzJ0\001\301\025%1L\307\t\261\262z\374\222T\301\274V\236\223\262\270Ct\362\337b\356\024*\324\320\351\317\002k\336\234\027v\351\217\260\303\360\233ZPZWr\246$w\313\313\r\243r\232\2234\373\3539:N\004Q\245\272D\312D\300\300\t\323\0257\345e\271\na\215{\226\255x%T\257\037\333\004\344_/R\006E\344\037@\210\363\010\336T\226\247'\204_{\261\370""1\235\2445\343\033Y!\212\201\341\272\225'\007w"":^(\016)\247J\356\260\016_\312\334|\014t\325c#\270A\364\256elImg-\343\013\003""; }; "
1750527600511,1750527600511,0,1,1,0,TMLedgerData,"ledgerHash: ""\023\313c\321B\032l\301h\005\320\252\301\361(\330[\343\357\343{\235\n\266g\272>\177\317\347\261q""; ledgerSeq: 20; type: liBASE; nodes {;   nodedata: ""\000\000\000\024\001cEx]\211\377\330\003\235207\005}D\260\0261ah\322M\304\216\273m0\271\234\237\007<w$\265C\245\232\033\000\000\000\000\000\000\000\000\000\000\000\000\000\000\000\000\000\000\000\000\000\000\000\000\000\000\000\000\000\000\000\000\n\363\301h\306\005\306\004R\354\274\221\321N_\017\366\212\257Bp\371\362\016\274\342@}\343]\305\351/\351\252\360/\351\252\361\n\000""; }; nodes {;   nodedata: ""\323C\344\327\264{\312-\017:\006{\177\344N\002\326bO\260\220\006\033\362\345\005U\221DzJ0\001\301\025%1L\307\t\261\262z\374\222T\301\274V\236\223\262\270Ct\362\337b\356\024*\324\320\351\317\002k\336\234\027v\351\217\260\303\360\233ZPZWr\246$w\313\313\r\243r\232\2234\373\3539:N\004Q\245\272D\312D\300\300\t\323\0257\345e\271\na\215{\226\255x%T\257\037\333\004\344_/R\006E\344\037@\210\363\010\336T\226\247'\204_{\261\370""1\235\2445\343\033Y!\212\201\341\272\225'\007w"":^(\016)\247J\356\260\016_\312\334|\014t\325c#\270A\364\256elImg-\343\013\003""; }; ","ledgerHash: ""\023\313c\321B\032l\301h\005\320\252\301\361(\330[\343\357\343{\235\n\266g\272>\177\317\347\261q""; ledgerSeq: 20; type: liBASE; nodes {;   nodedata: ""\000\000\000\024\001cEx]\211\377\330\003\235207\005}D\260\0261ah\322M\304\216\273m0\271\234\237\007<w$\265C\245\232\033\000\000\000\000\000\000\000\000\000\000\000\000\000\000\000\000\000\000\000\000\000\000\000\000\000\000\000\000\000\000\000\000\n\363\301h\306\005\306\004R\354\274\221\321N_\017\366\212\257Bp\371\362\016\274\342@}\343]\305\351/\351\252\360/\351\252\361\n\000""; }; nodes {;   nodedata: ""\323C\344\327\264{\312-\017:\006{\177\344N\002\326bO\260\220\006\033\362\345\005U\221DzJ0\001\301\025%1L\307\t\261\262z\374\222T\301\274V\236\223\262\270Ct\362\337b\356\024*\324\320\351\317\002k\336\234\027v\351\217\260\303\360\233ZPZWr\246$w\313\313\r\243r\232\2234\373\3539:N\004Q\245\272D\312D\300\300\t\323\0257\345e\271\na\215{\226\255x%T\257\037\333\004\344_/R\006E\344\037@\210\363\010\336T\226\247'\204_{\261\370""1\235\2445\343\033Y!\212\201\341\272\225'\007w"":^(\016)\247J\356\260\016_\312\334|\014t\325c#\270A\364\256elImg-\343\013\003""; }; "
1750527600511,1750527600512,0,1,3,4,TMLedgerData,"ledgerHash: ""\023\313c\321B\032l\301h\005\320\252\301\361(\330[\343\357\343{\235\n\266g\272>\177\317\347\261q""; ledgerSeq: 20; type: liBASE; nodes {;   nodedata: ""\000\000\000\024\001cEx]\211\377\330\003\235207\005}D\260\0261ah\322M\304\216\273m0\271\234\237\007<w$\265C\245\232\033\000\000\000\000\000\000\000\000\000\000\000\000\000\000\000\000\000\000\000\000\000\000\000\000\000\000\000\000\000\000\000\000\n\363\301h\306\005\306\004R\354\274\221\321N_\017\366\212\257Bp\371\362\016\274\342@}\343]\305\351/\351\252\360/\351\252\361\n\000""; }; nodes {;   nodedata: ""\323C\344\327\264{\312-\017:\006{\177\344N\002\326bO\260\220\006\033\362\345\005U\221DzJ0\001\301\025%1L\307\t\261\262z\374\222T\301\274V\236\223\262\270Ct\362\337b\356\024*\324\320\351\317\002k\336\234\027v\351\217\260\303\360\233ZPZWr\246$w\313\313\r\243r\232\2234\373\3539:N\004Q\245\272D\312D\300\300\t\323\0257\345e\271\na\215{\226\255x%T\257\037\333\004\344_/R\006E\344\037@\210\363\010\336T\226\247'\204_{\261\370""1\235\2445\343\033Y!\212\201\341\272\225'\007w"":^(\016)\247J\356\260\016_\312\334|\014t\325c#\270A\364\256elImg-\343\013\003""; }; requestCookie: 1; ","ledgerHash: ""\023\313c\321B\032l\301h\005\320\252\301\361(\330[\343\357\343{\235\n\266g\272>\177\317\347\261q""; ledgerSeq: 20; type: liBASE; nodes {;   nodedata: ""\000\000\000\024\001cEx]\211\377\330\003\235207\005}D\260\0261ah\322M\304\216\273m0\271\234\237\007<w$\265C\245\232\033\000\000\000\000\000\000\000\000\000\000\000\000\000\000\000\000\000\000\000\000\000\000\000\000\000\000\000\000\000\000\000\000\n\363\301h\306\005\306\004R\354\274\221\321N_\017\366\212\257Bp\371\362\016\274\342@}\343]\305\351/\351\252\360/\351\252\361\n\000""; }; nodes {;   nodedata: ""\323C\344\327\264{\312-\017:\006{\177\344N\002\326bO\260\220\006\033\362\345\005U\221DzJ0\001\301\025%1L\307\t\261\262z\374\222T\301\274V\236\223\262\270Ct\362\337b\356\024*\324\320\351\317\002k\336\234\027v\351\217\260\303\360\233ZPZWr\246$w\313\313\r\243r\232\2234\373\3539:N\004Q\245\272D\312D\300\300\t\323\0257\345e\271\na\215{\226\255x%T\257\037\333\004\344_/R\006E\344\037@\210\363\010\336T\226\247'\204_{\261\370""1\235\2445\343\033Y!\212\201\341\272\225'\007w"":^(\016)\247J\356\260\016_\312\334|\014t\325c#\270A\364\256elImg-\343\013\003""; }; requestCookie: 1; "
1750527600512,1750527600513,0,1,4,2,TMLedgerData,"ledgerHash: ""\023\313c\321B\032l\301h\005\320\252\301\361(\330[\343\357\343{\235\n\266g\272>\177\317\347\261q""; ledgerSeq: 20; type: liBASE; nodes {;   nodedata: ""\000\000\000\024\001cEx]\211\377\330\003\235207\005}D\260\0261ah\322M\304\216\273m0\271\234\237\007<w$\265C\245\232\033\000\000\000\000\000\000\000\000\000\000\000\000\000\000\000\000\000\000\000\000\000\000\000\000\000\000\000\000\000\000\000\000\n\363\301h\306\005\306\004R\354\274\221\321N_\017\366\212\257Bp\371\362\016\274\342@}\343]\305\351/\351\252\360/\351\252\361\n\000""; }; nodes {;   nodedata: ""\323C\344\327\264{\312-\017:\006{\177\344N\002\326bO\260\220\006\033\362\345\005U\221DzJ0\001\301\025%1L\307\t\261\262z\374\222T\301\274V\236\223\262\270Ct\362\337b\356\024*\324\320\351\317\002k\336\234\027v\351\217\260\303\360\233ZPZWr\246$w\313\313\r\243r\232\2234\373\3539:N\004Q\245\272D\312D\300\300\t\323\0257\345e\271\na\215{\226\255x%T\257\037\333\004\344_/R\006E\344\037@\210\363\010\336T\226\247'\204_{\261\370""1\235\2445\343\033Y!\212\201\341\272\225'\007w"":^(\016)\247J\356\260\016_\312\334|\014t\325c#\270A\364\256elImg-\343\013\003""; }; ","ledgerHash: ""\023\313c\321B\032l\301h\005\320\252\301\361(\330[\343\357\343{\235\n\266g\272>\177\317\347\261q""; ledgerSeq: 20; type: liBASE; nodes {;   nodedata: ""\000\000\000\024\001cEx]\211\377\330\003\235207\005}D\260\0261ah\322M\304\216\273m0\271\234\237\007<w$\265C\245\232\033\000\000\000\000\000\000\000\000\000\000\000\000\000\000\000\000\000\000\000\000\000\000\000\000\000\000\000\000\000\000\000\000\n\363\301h\306\005\306\004R\354\274\221\321N_\017\366\212\257Bp\371\362\016\274\342@}\343]\305\351/\351\252\360/\351\252\361\n\000""; }; nodes {;   nodedata: ""\323C\344\327\264{\312-\017:\006{\177\344N\002\326bO\260\220\006\033\362\345\005U\221DzJ0\001\301\025%1L\307\t\261\262z\374\222T\301\274V\236\223\262\270Ct\362\337b\356\024*\324\320\351\317\002k\336\234\027v\351\217\260\303\360\233ZPZWr\246$w\313\313\r\243r\232\2234\373\3539:N\004Q\245\272D\312D\300\300\t\323\0257\345e\271\na\215{\226\255x%T\257\037\333\004\344_/R\006E\344\037@\210\363\010\336T\226\247'\204_{\261\370""1\235\2445\343\033Y!\212\201\341\272\225'\007w"":^(\016)\247J\356\260\016_\312\334|\014t\325c#\270A\364\256elImg-\343\013\003""; }; "
1750527600513,1750527600513,0,1,4,1,TMLedgerData,"ledgerHash: ""\023\313c\321B\032l\301h\005\320\252\301\361(\330[\343\357\343{\235\n\266g\272>\177\317\347\261q""; ledgerSeq: 20; type: liBASE; nodes {;   nodedata: ""\000\000\000\024\001cEx]\211\377\330\003\235207\005}D\260\0261ah\322M\304\216\273m0\271\234\237\007<w$\265C\245\232\033\000\000\000\000\000\000\000\000\000\000\000\000\000\000\000\000\000\000\000\000\000\000\000\000\000\000\000\000\000\000\000\000\n\363\301h\306\005\306\004R\354\274\221\321N_\017\366\212\257Bp\371\362\016\274\342@}\343]\305\351/\351\252\360/\351\252\361\n\000""; }; nodes {;   nodedata: ""\323C\344\327\264{\312-\017:\006{\177\344N\002\326bO\260\220\006\033\362\345\005U\221DzJ0\001\301\025%1L\307\t\261\262z\374\222T\301\274V\236\223\262\270Ct\362\337b\356\024*\324\320\351\317\002k\336\234\027v\351\217\260\303\360\233ZPZWr\246$w\313\313\r\243r\232\2234\373\3539:N\004Q\245\272D\312D\300\300\t\323\0257\345e\271\na\215{\226\255x%T\257\037\333\004\344_/R\006E\344\037@\210\363\010\336T\226\247'\204_{\261\370""1\235\2445\343\033Y!\212\201\341\272\225'\007w"":^(\016)\247J\356\260\016_\312\334|\014t\325c#\270A\364\256elImg-\343\013\003""; }; ","ledgerHash: ""\023\313c\321B\032l\301h\005\320\252\301\361(\330[\343\357\343{\235\n\266g\272>\177\317\347\261q""; ledgerSeq: 20; type: liBASE; nodes {;   nodedata: ""\000\000\000\024\001cEx]\211\377\330\003\235207\005}D\260\0261ah\322M\304\216\273m0\271\234\237\007<w$\265C\245\232\033\000\000\000\000\000\000\000\000\000\000\000\000\000\000\000\000\000\000\000\000\000\000\000\000\000\000\000\000\000\000\000\000\n\363\301h\306\005\306\004R\354\274\221\321N_\017\366\212\257Bp\371\362\016\274\342@}\343]\305\351/\351\252\360/\351\252\361\n\000""; }; nodes {;   nodedata: ""\323C\344\327\264{\312-\017:\006{\177\344N\002\326bO\260\220\006\033\362\345\005U\221DzJ0\001\301\025%1L\307\t\261\262z\374\222T\301\274V\236\223\262\270Ct\362\337b\356\024*\324\320\351\317\002k\336\234\027v\351\217\260\303\360\233ZPZWr\246$w\313\313\r\243r\232\2234\373\3539:N\004Q\245\272D\312D\300\300\t\323\0257\345e\271\na\215{\226\255x%T\257\037\333\004\344_/R\006E\344\037@\210\363\010\336T\226\247'\204_{\261\370""1\235\2445\343\033Y!\212\201\341\272\225'\007w"":^(\016)\247J\356\260\016_\312\334|\014t\325c#\270A\364\256elImg-\343\013\003""; }; "
1750527600517,1750527600517,0,1,4,0,TMLedgerData,"ledgerHash: ""\023\313c\321B\032l\301h\005\320\252\301\361(\330[\343\357\343{\235\n\266g\272>\177\317\347\261q""; ledgerSeq: 20; type: liBASE; nodes {;   nodedata: ""\000\000\000\024\001cEx]\211\377\330\003\235207\005}D\260\0261ah\322M\304\216\273m0\271\234\237\007<w$\265C\245\232\033\000\000\000\000\000\000\000\000\000\000\000\000\000\000\000\000\000\000\000\000\000\000\000\000\000\000\000\000\000\000\000\000\n\363\301h\306\005\306\004R\354\274\221\321N_\017\366\212\257Bp\371\362\016\274\342@}\343]\305\351/\351\252\360/\351\252\361\n\000""; }; nodes {;   nodedata: ""\323C\344\327\264{\312-\017:\006{\177\344N\002\326bO\260\220\006\033\362\345\005U\221DzJ0\001\301\025%1L\307\t\261\262z\374\222T\301\274V\236\223\262\270Ct\362\337b\356\024*\324\320\351\317\002k\336\234\027v\351\217\260\303\360\233ZPZWr\246$w\313\313\r\243r\232\2234\373\3539:N\004Q\245\272D\312D\300\300\t\323\0257\345e\271\na\215{\226\255x%T\257\037\333\004\344_/R\006E\344\037@\210\363\010\336T\226\247'\204_{\261\370""1\235\2445\343\033Y!\212\201\341\272\225'\007w"":^(\016)\247J\356\260\016_\312\334|\014t\325c#\270A\364\256elImg-\343\013\003""; }; ","ledgerHash: ""\023\313c\321B\032l\301h\005\320\252\301\361(\330[\343\357\343{\235\n\266g\272>\177\317\347\261q""; ledgerSeq: 20; type: liBASE; nodes {;   nodedata: ""\000\000\000\024\001cEx]\211\377\330\003\235207\005}D\260\0261ah\322M\304\216\273m0\271\234\237\007<w$\265C\245\232\033\000\000\000\000\000\000\000\000\000\000\000\000\000\000\000\000\000\000\000\000\000\000\000\000\000\000\000\000\000\000\000\000\n\363\301h\306\005\306\004R\354\274\221\321N_\017\366\212\257Bp\371\362\016\274\342@}\343]\305\351/\351\252\360/\351\252\361\n\000""; }; nodes {;   nodedata: ""\323C\344\327\264{\312-\017:\006{\177\344N\002\326bO\260\220\006\033\362\345\005U\221DzJ0\001\301\025%1L\307\t\261\262z\374\222T\301\274V\236\223\262\270Ct\362\337b\356\024*\324\320\351\317\002k\336\234\027v\351\217\260\303\360\233ZPZWr\246$w\313\313\r\243r\232\2234\373\3539:N\004Q\245\272D\312D\300\300\t\323\0257\345e\271\na\215{\226\255x%T\257\037\333\004\344_/R\006E\344\037@\210\363\010\336T\226\247'\204_{\261\370""1\235\2445\343\033Y!\212\201\341\272\225'\007w"":^(\016)\247J\356\260\016_\312\334|\014t\325c#\270A\364\256elImg-\343\013\003""; }; "
1750527600534,1750527600534,0,1,3,0,TMLedgerData,"ledgerHash: ""\023\313c\321B\032l\301h\005\320\252\301\361(\330[\343\357\343{\235\n\266g\272>\177\317\347\261q""; ledgerSeq: 20; type: liAS_NODE; nodes {;   nodedata: ""\021\000h""\000\000\000\000 \033\000\000\000\023\002\023\302\277\330\356GuH\375\327!\255\371\r\231\262R\256J\034\222\241\355X\265E\241^W\225\304\014\361CX-}\351f\032\255\274\334m\326c\017\014ao[\342\230\003\245\245\3341Hm\326^\017jy\335\261\032Yt\320\244{g\0306\\302\303*\341\215\223\257\364\277o\375\000r\241SOq\221\253\262\005\017\375T\356\014\360o'\030\311-\267\031\257!\031T\006><\315XM\334\324\345\034\000\325\367\240\271\013\265\024\321\362\354\211\250.\234s\225amc\305\035\366\276\037nD\277`\210\223N\3535\033\261\304f\331]\036\237\306o!\223\221\002\324\031\262\240R\177 ,\214\325\Q])\016\2067\277\t\354\010\000\360\215\2502\265\245\310\226\243c\302Ze\306\253#r\020\211\320iG\276\020E\317\035Sf\223F\254\033@\177e\277\016\010u\327\371&\262\312\317Q\2361t\377x\234\001v\003%\030\325_\225g\204\346a=\225\273\331\354\365*U\363\263N\367b\371\244\314-w\363\262\225Z\200\206\235\233\257?sE\2674\254\326mU\377?\177Ek\336\030!\316Aa\225\303\022\377{\210Y\226\271as\354L\035\004\341\361\035\301\024\220m#*\372\032\3178~\374\250\014*\323\342'z69\220\327\256\351G\367\317u\302\207\270b\315\333\333\334\310I\323&\014\352XZnW2.\335\347\202\021\247\362\212e\034\000\001\250\220\305;a\314\265R\310\017\317\331\235\360\262\240:\277\202\266\354\265X""\022\nh\252\352w\204\203\023]\001f\352\277\0031Q]\362\370R\350{\261\202\240\344\215\201\353\276\322p5p\350\354\017>\250r\241c\273\016\301\024\363\242\247\263\231\370\344\nBW\220K\316@3\243\200\036wk\253GSlU\010\360\231>\331\263H\214\324\030A\225\301o\346pkSF\004\241\213w9\223=\250\262*+\255\351r\265\244c\024\213\t\007`\223\325#\3477\210\345P\306\013\320\252[\0216+\227=`\371P\314\346 V7\271[~\n\237\274|\347\352@K\253~&\260\032\024\004B\200\255h\351\013\361\031:nG\211\005|\2003\266\274\251,W\006u\344\335d\003\306\212\313,\340\350bG\n\030Z\2732-\246\312\255\030\003\235207\005}D\260\0261ah\322M\304\216\273m0\271\234\237\007<w$\265C\245\232\033\264\227\2326\315\307\363\323\325\303\032N\256*\307\327 \235\332\207u\210\271\257\306g\231i*\260\326k\001"";   nodeid: ""\260\000\000\000\000\000\000\000\000\000\000\000\000\000\000\000\000\000\000\000\000\000\000\000\000\000\000\000\000\000\000\000\001""; }; ","ledgerHash: ""\023\313c\321B\032l\301h\005\320\252\301\361(\330[\343\357\343{\235\n\266g\272>\177\317\347\261q""; ledgerSeq: 20; type: liAS_NODE; nodes {;   nodedata: ""\021\000h""\000\000\000\000 \033\000\000\000\023\002\023\302\277\330\356GuH\375\327!\255\371\r\231\262R\256J\034\222\241\355X\265E\241^W\225\304\014\361CX-}\351f\032\255\274\334m\326c\017\014ao[\342\230\003\245\245\3341Hm\326^\017jy\335\261\032Yt\320\244{g\0306\\302\303*\341\215\223\257\364\277o\375\000r\241SOq\221\253\262\005\017\375T\356\014\360o'\030\311-\267\031\257!\031T\006><\315XM\334\324\345\034\000\325\367\240\271\013\265\024\321\362\354\211\250.\234s\225amc\305\035\366\276\037nD\277`\210\223N\3535\033\261\304f\331]\036\237\306o!\223\221\002\324\031\262\240R\177 ,\214\325\Q])\016\2067\277\t\354\010\000\360\215\2502\265\245\310\226\243c\302Ze\306\253#r\020\211\320iG\276\020E\317\035Sf\223F\254\033@\177e\277\016\010u\327\371&\262\312\317Q\2361t\377x\234\001v\003%\030\325_\225g\204\346a=\225\273\331\354\365*U\363\263N\367b\371\244\314-w\363\262\225Z\200\206\235\233\257?sE\2674\254\326mU\377?\177Ek\336\030!\316Aa\225\303\022\377{\210Y\226\271as\354L\035\004\341\361\035\301\024\220m#*\372\032\3178~\374\250\014*\323\342'z69\220\327\256\351G\367\317u\302\207\270b\315\333\333\334\310I\323&\014\352XZnW2.\335\347\202\021\247\362\212e\034\000\001\250\220\305;a\314\265R\310\017\317\331\235\360\262\240:\277\202\266\354\265X""\022\nh\252\352w\204\203\023]\001f\352\277\0031Q]\362\370R\350{\261\202\240\344\215\201\353\276\322p5p\350\354\017>\250r\241c\273\016\301\024\363\242\247\263\231\370\344\nBW\220K\316@3\243\200\036wk\253GSlU\010\360\231>\331\263H\214\324\030A\225\301o\346pkSF\004\241\213w9\223=\250\262*+\255\351r\265\244c\024\213\t\007`\223\325#\3477\210\345P\306\013\320\252[\0216+\227=`\371P\314\346 V7\271[~\n\237\274|\347\352@K\253~&\260\032\024\004B\200\255h\351\013\361\031:nG\211\005|\2003\266\274\251,W\006u\344\335d\003\306\212\313,\340\350bG\n\030Z\2732-\246\312\255\030\003\235207\005}D\260\0261ah\322M\304\216\273m0\271\234\237\007<w$\265C\245\232\033\264\227\2326\315\307\363\323\325\303\032N\256*\307\327 \235\332\207u\210\271\257\306g\231i*\260\326k\001"";   nodeid: ""\260\000\000\000\000\000\000\000\000\000\000\000\000\000\000\000\000\000\000\000\000\000\000\000\000\000\000\000\000\000\000\000\001""; }; "
1750527600599,1750527600599,0,1,4,3,TMStatusChange,"newEvent: neACCEPTED_LEDGER; ledgerSeq: 20; ledgerHash: ""\023\313c\321B\032l\301h\005\320\252\301\361(\330[\343\357\343{\235\n\266g\272>\177\317\347\261q""; ledgerHashPrevious: ""\003\235207\005}D\260\0261ah\322M\304\216\273m0\271\234\237\007<w$\265C\245\232\033""; networkTime: 803842800; firstSeq: 1; lastSeq: 19; ","newEvent: neACCEPTED_LEDGER; ledgerSeq: 20; ledgerHash: ""\023\313c\321B\032l\301h\005\320\252\301\361(\330[\343\357\343{\235\n\266g\272>\177\317\347\261q""; ledgerHashPrevious: ""\003\235207\005}D\260\0261ah\322M\304\216\273m0\271\234\237\007<w$\265C\245\232\033""; networkTime: 803842800; firstSeq: 1; lastSeq: 19; "
1750527600600,1750527600600,0,1,4,1,TMStatusChange,"newEvent: neACCEPTED_LEDGER; ledgerSeq: 20; ledgerHash: ""\023\313c\321B\032l\301h\005\320\252\301\361(\330[\343\357\343{\235\n\266g\272>\177\317\347\261q""; ledgerHashPrevious: ""\003\235207\005}D\260\0261ah\322M\304\216\273m0\271\234\237\007<w$\265C\245\232\033""; networkTime: 803842800; firstSeq: 1; lastSeq: 19; ","newEvent: neACCEPTED_LEDGER; ledgerSeq: 20; ledgerHash: ""\023\313c\321B\032l\301h\005\320\252\301\361(\330[\343\357\343{\235\n\266g\272>\177\317\347\261q""; ledgerHashPrevious: ""\003\235207\005}D\260\0261ah\322M\304\216\273m0\271\234\237\007<w$\265C\245\232\033""; networkTime: 803842800; firstSeq: 1; lastSeq: 19; "
1750527600600,1750527600600,0,1,4,2,TMStatusChange,"newEvent: neACCEPTED_LEDGER; ledgerSeq: 20; ledgerHash: ""\023\313c\321B\032l\301h\005\320\252\301\361(\330[\343\357\343{\235\n\266g\272>\177\317\347\261q""; ledgerHashPrevious: ""\003\235207\005}D\260\0261ah\322M\304\216\273m0\271\234\237\007<w$\265C\245\232\033""; networkTime: 803842800; firstSeq: 1; lastSeq: 19; ","newEvent: neACCEPTED_LEDGER; ledgerSeq: 20; ledgerHash: ""\023\313c\321B\032l\301h\005\320\252\301\361(\330[\343\357\343{\235\n\266g\272>\177\317\347\261q""; ledgerHashPrevious: ""\003\235207\005}D\260\0261ah\322M\304\216\273m0\271\234\237\007<w$\265C\245\232\033""; networkTime: 803842800; firstSeq: 1; lastSeq: 19; "
1750527600600,1750527600600,0,1,4,0,TMStatusChange,"newEvent: neACCEPTED_LEDGER; ledgerSeq: 20; ledgerHash: ""\023\313c\321B\032l\301h\005\320\252\301\361(\330[\343\357\343{\235\n\266g\272>\177\317\347\261q""; ledgerHashPrevious: ""\003\235207\005}D\260\0261ah\322M\304\216\273m0\271\234\237\007<w$\265C\245\232\033""; networkTime: 803842800; firstSeq: 1; lastSeq: 19; ","newEvent: neACCEPTED_LEDGER; ledgerSeq: 20; ledgerHash: ""\023\313c\321B\032l\301h\005\320\252\301\361(\330[\343\357\343{\235\n\266g\272>\177\317\347\261q""; ledgerHashPrevious: ""\003\235207\005}D\260\0261ah\322M\304\216\273m0\271\234\237\007<w$\265C\245\232\033""; networkTime: 803842800; firstSeq: 1; lastSeq: 19; "
1750527600601,1750527600601,0,1,4,0,TMValidation,"validation: """"\200\000\000\001&\000\000\000\024)/\351\252\360:\r\302\353\023?\373\240rQ\023\313c\321B\032l\301h\005\320\252\301\361(\330[\343\357\343{\235\n\266g\272>\177\317\347\261qP\027\000\000\000\000\000\000\000\000\000\000\000\000\000\000\000\000\000\000\000\000\000\000\000\000\000\000\000\000\000\000\000\000P\031\003\235207\005}D\260\0261ah\322M\304\216\273m0\271\234\237\007<w$\265C\245\232\033s!\003R7o\362bV\300hf\266\241;}\200^\374\240\203[:\342Q\225\221\027y\372\255\235\216\323~vF0D\002 2Y\242\347\332r\007\006;\021\367\034\3716-t\221\177\035\027""X\003y\306\260\270\331U`\255\247\002 \\312\344\t\316*1Ng:\321s0\347\373\305\350Ggc\002j/2\343\036\266E\241\305\277U""; ","validation: """"\200\000\000\001&\000\000\000\024)/\351\252\360:\r\302\353\023?\373\240rQ\023\313c\321B\032l\301h\005\320\252\301\361(\330[\343\357\343{\235\n\266g\272>\177\317\347\261qP\027\000\000\000\000\000\000\000\000\000\000\000\000\000\000\000\000\000\000\000\000\000\000\000\000\000\000\000\000\000\000\000\000P\031\003\235207\005}D\260\0261ah\322M\304\216\273m0\271\234\237\007<w$\265C\245\232\033s!\003R7o\362bV\300hf\266\241;}\200^\374\240\203[:\342Q\225\221\027y\372\255\235\216\323~vF0D\002 2Y\242\347\332r\007\006;\021\367\034\3716-t\221\177\035\027""X\003y\306\260\270\331U`\255\247\002 \\312\344\t\316*1Ng:\321s0\347\373\305\350Ggc\002j/2\343\036\266E\241\305\277U""; "
1750527600603,1750527600604,0,1,0,2,TMValidation,"validation: """"\200\000\000\001&\000\000\000\024)/\351\252\360:\r\302\353\023?\373\240rQ\023\313c\321B\032l\301h\005\320\252\301\361(\330[\343\357\343{\235\n\266g\272>\177\317\347\261qP\027\000\000\000\000\000\000\000\000\000\000\000\000\000\000\000\000\000\000\000\000\000\000\000\000\000\000\000\000\000\000\000\000P\031\003\235207\005}D\260\0261ah\322M\304\216\273m0\271\234\237\007<w$\265C\245\232\033s!\003R7o\362bV\300hf\266\241;}\200^\374\240\203[:\342Q\225\221\027y\372\255\235\216\323~vF0D\002 2Y\242\347\332r\007\006;\021\367\034\3716-t\221\177\035\027""X\003y\306\260\270\331U`\255\247\002 \\312\344\t\316*1Ng:\321s0\347\373\305\350Ggc\002j/2\343\036\266E\241\305\277U""; ","validation: """"\200\000\000\001&\000\000\000\024)/\351\252\360:\r\302\353\023?\373\240rQ\023\313c\321B\032l\301h\005\320\252\301\361(\330[\343\357\343{\235\n\266g\272>\177\317\347\261qP\027\000\000\000\000\000\000\000\000\000\000\000\000\000\000\000\000\000\000\000\000\000\000\000\000\000\000\000\000\000\000\000\000P\031\003\235207\005}D\260\0261ah\322M\304\216\273m0\271\234\237\007<w$\265C\245\232\033s!\003R7o\362bV\300hf\266\241;}\200^\374\240\203[:\342Q\225\221\027y\372\255\235\216\323~vF0D\002 2Y\242\347\332r\007\006;\021\367\034\3716-t\221\177\035\027""X\003y\306\260\270\331U`\255\247\002 \\312\344\t\316*1Ng:\321s0\347\373\305\350Ggc\002j/2\343\036\266E\241\305\277U""; "
1750527600604,1750527600604,0,1,0,3,TMValidation,"validation: """"\200\000\000\001&\000\000\000\024)/\351\252\360:\r\302\353\023?\373\240rQ\023\313c\321B\032l\301h\005\320\252\301\361(\330[\343\357\343{\235\n\266g\272>\177\317\347\261qP\027\000\000\000\000\000\000\000\000\000\000\000\000\000\000\000\000\000\000\000\000\000\000\000\000\000\000\000\000\000\000\000\000P\031\003\235207\005}D\260\0261ah\322M\304\216\273m0\271\234\237\007<w$\265C\245\232\033s!\003R7o\362bV\300hf\266\241;}\200^\374\240\203[:\342Q\225\221\027y\372\255\235\216\323~vF0D\002 2Y\242\347\332r\007\006;\021\367\034\3716-t\221\177\035\027""X\003y\306\260\270\331U`\255\247\002 \\312\344\t\316*1Ng:\321s0\347\373\305\350Ggc\002j/2\343\036\266E\241\305\277U""; ","validation: """"\200\000\000\001&\000\000\000\024)/\351\252\360:\r\302\353\023?\373\240rQ\023\313c\321B\032l\301h\005\320\252\301\361(\330[\343\357\343{\235\n\266g\272>\177\317\347\261qP\027\000\000\000\000\000\000\000\000\000\000\000\000\000\000\000\000\000\000\000\000\000\000\000\000\000\000\000\000\000\000\000\000P\031\003\235207\005}D\260\0261ah\322M\304\216\273m0\271\234\237\007<w$\265C\245\232\033s!\003R7o\362bV\300hf\266\241;}\200^\374\240\203[:\342Q\225\221\027y\372\255\235\216\323~vF0D\002 2Y\242\347\332r\007\006;\021\367\034\3716-t\221\177\035\027""X\003y\306\260\270\331U`\255\247\002 \\312\344\t\316*1Ng:\321s0\347\373\305\350Ggc\002j/2\343\036\266E\241\305\277U""; "
1750527600604,1750527600605,0,1,0,1,TMValidation,"validation: """"\200\000\000\001&\000\000\000\024)/\351\252\360:\r\302\353\023?\373\240rQ\023\313c\321B\032l\301h\005\320\252\301\361(\330[\343\357\343{\235\n\266g\272>\177\317\347\261qP\027\000\000\000\000\000\000\000\000\000\000\000\000\000\000\000\000\000\000\000\000\000\000\000\000\000\000\000\000\000\000\000\000P\031\003\235207\005}D\260\0261ah\322M\304\216\273m0\271\234\237\007<w$\265C\245\232\033s!\003R7o\362bV\300hf\266\241;}\200^\374\240\203[:\342Q\225\221\027y\372\255\235\216\323~vF0D\002 2Y\242\347\332r\007\006;\021\367\034\3716-t\221\177\035\027""X\003y\306\260\270\331U`\255\247\002 \\312\344\t\316*1Ng:\321s0\347\373\305\350Ggc\002j/2\343\036\266E\241\305\277U""; ","validation: """"\200\000\000\001&\000\000\000\024)/\351\252\360:\r\302\353\023?\373\240rQ\023\313c\321B\032l\301h\005\320\252\301\361(\330[\343\357\343{\235\n\266g\272>\177\317\347\261qP\027\000\000\000\000\000\000\000\000\000\000\000\000\000\000\000\000\000\000\000\000\000\000\000\000\000\000\000\000\000\000\000\000P\031\003\235207\005}D\260\0261ah\322M\304\216\273m0\271\234\237\007<w$\265C\245\232\033s!\003R7o\362bV\300hf\266\241;}\200^\374\240\203[:\342Q\225\221\027y\372\255\235\216\323~vF0D\002 2Y\242\347\332r\007\006;\021\367\034\3716-t\221\177\035\027""X\003y\306\260\270\331U`\255\247\002 \\312\344\t\316*1Ng:\321s0\347\373\305\350Ggc\002j/2\343\036\266E\241\305\277U""; "
1750527600606,1750527600606,0,1,2,4,TMValidation,"validation: """"\200\000\000\001&\000\000\000\024)/\351\252\360:\r\302\353\023?\373\240rQ\023\313c\321B\032l\301h\005\320\252\301\361(\330[\343\357\343{\235\n\266g\272>\177\317\347\261qP\027\000\000\000\000\000\000\000\000\000\000\000\000\000\000\000\000\000\000\000\000\000\000\000\000\000\000\000\000\000\000\000\000P\031\003\235207\005}D\260\0261ah\322M\304\216\273m0\271\234\237\007<w$\265C\245\232\033s!\003R7o\362bV\300hf\266\241;}\200^\374\240\203[:\342Q\225\221\027y\372\255\235\216\323~vF0D\002 2Y\242\347\332r\007\006;\021\367\034\3716-t\221\177\035\027""X\003y\306\260\270\331U`\255\247\002 \\312\344\t\316*1Ng:\321s0\347\373\305\350Ggc\002j/2\343\036\266E\241\305\277U""; ","validation: """"\200\000\000\001&\000\000\000\024)/\351\252\360:\r\302\353\023?\373\240rQ\023\313c\321B\032l\301h\005\320\252\301\361(\330[\343\357\343{\235\n\266g\272>\177\317\347\261qP\027\000\000\000\000\000\000\000\000\000\000\000\000\000\000\000\000\000\000\000\000\000\000\000\000\000\000\000\000\000\000\000\000P\031\003\235207\005}D\260\0261ah\322M\304\216\273m0\271\234\237\007<w$\265C\245\232\033s!\003R7o\362bV\300hf\266\241;}\200^\374\240\203[:\342Q\225\221\027y\372\255\235\216\323~vF0D\002 2Y\242\347\332r\007\006;\021\367\034\3716-t\221\177\035\027""X\003y\306\260\270\331U`\255\247\002 \\312\344\t\316*1Ng:\321s0\347\373\305\350Ggc\002j/2\343\036\266E\241\305\277U""; "
1750527600607,1750527600607,0,1,2,1,TMValidation,"validation: """"\200\000\000\001&\000\000\000\024)/\351\252\360:\r\302\353\023?\373\240rQ\023\313c\321B\032l\301h\005\320\252\301\361(\330[\343\357\343{\235\n\266g\272>\177\317\347\261qP\027\000\000\000\000\000\000\000\000\000\000\000\000\000\000\000\000\000\000\000\000\000\000\000\000\000\000\000\000\000\000\000\000P\031\003\235207\005}D\260\0261ah\322M\304\216\273m0\271\234\237\007<w$\265C\245\232\033s!\003R7o\362bV\300hf\266\241;}\200^\374\240\203[:\342Q\225\221\027y\372\255\235\216\323~vF0D\002 2Y\242\347\332r\007\006;\021\367\034\3716-t\221\177\035\027""X\003y\306\260\270\331U`\255\247\002 \\312\344\t\316*1Ng:\321s0\347\373\305\350Ggc\002j/2\343\036\266E\241\305\277U""; ","validation: """"\200\000\000\001&\000\000\000\024)/\351\252\360:\r\302\353\023?\373\240rQ\023\313c\321B\032l\301h\005\320\252\301\361(\330[\343\357\343{\235\n\266g\272>\177\317\347\261qP\027\000\000\000\000\000\000\000\000\000\000\000\000\000\000\000\000\000\000\000\000\000\000\000\000\000\000\000\000\000\000\000\000P\031\003\235207\005}D\260\0261ah\322M\304\216\273m0\271\234\237\007<w$\265C\245\232\033s!\003R7o\362bV\300hf\266\241;}\200^\374\240\203[:\342Q\225\221\027y\372\255\235\216\323~vF0D\002 2Y\242\347\332r\007\006;\021\367\034\3716-t\221\177\035\027""X\003y\306\260\270\331U`\255\247\002 \\312\344\t\316*1Ng:\321s0\347\373\305\350Ggc\002j/2\343\036\266E\241\305\277U""; "
1750527600607,1750527600607,0,1,2,3,TMValidation,"validation: """"\200\000\000\001&\000\000\000\024)/\351\252\360:\r\302\353\023?\373\240rQ\023\313c\321B\032l\301h\005\320\252\301\361(\330[\343\357\343{\235\n\266g\272>\177\317\347\261qP\027\000\000\000\000\000\000\000\000\000\000\000\000\000\000\000\000\000\000\000\000\000\000\000\000\000\000\000\000\000\000\000\000P\031\003\235207\005}D\260\0261ah\322M\304\216\273m0\271\234\237\007<w$\265C\245\232\033s!\003R7o\362bV\300hf\266\241;}\200^\374\240\203[:\342Q\225\221\027y\372\255\235\216\323~vF0D\002 2Y\242\347\332r\007\006;\021\367\034\3716-t\221\177\035\027""X\003y\306\260\270\331U`\255\247\002 \\312\344\t\316*1Ng:\321s0\347\373\305\350Ggc\002j/2\343\036\266E\241\305\277U""; ","validation: """"\200\000\000\001&\000\000\000\024)/\351\252\360:\r\302\353\023?\373\240rQ\023\313c\321B\032l\301h\005\320\252\301\361(\330[\343\357\343{\235\n\266g\272>\177\317\347\261qP\027\000\000\000\000\000\000\000\000\000\000\000\000\000\000\000\000\000\000\000\000\000\000\000\000\000\000\000\000\000\000\000\000P\031\003\235207\005}D\260\0261ah\322M\304\216\273m0\271\234\237\007<w$\265C\245\232\033s!\003R7o\362bV\300hf\266\241;}\200^\374\240\203[:\342Q\225\221\027y\372\255\235\216\323~vF0D\002 2Y\242\347\332r\007\006;\021\367\034\3716-t\221\177\035\027""X\003y\306\260\270\331U`\255\247\002 \\312\344\t\316*1Ng:\321s0\347\373\305\350Ggc\002j/2\343\036\266E\241\305\277U""; "
1750527600607,1750527600607,0,1,3,4,TMValidation,"validation: """"\200\000\000\001&\000\000\000\024)/\351\252\360:\r\302\353\023?\373\240rQ\023\313c\321B\032l\301h\005\320\252\301\361(\330[\343\357\343{\235\n\266g\272>\177\317\347\261qP\027\000\000\000\000\000\000\000\000\000\000\000\000\000\000\000\000\000\000\000\000\000\000\000\000\000\000\000\000\000\000\000\000P\031\003\235207\005}D\260\0261ah\322M\304\216\273m0\271\234\237\007<w$\265C\245\232\033s!\003R7o\362bV\300hf\266\241;}\200^\374\240\203[:\342Q\225\221\027y\372\255\235\216\323~vF0D\002 2Y\242\347\332r\007\006;\021\367\034\3716-t\221\177\035\027""X\003y\306\260\270\331U`\255\247\002 \\312\344\t\316*1Ng:\321s0\347\373\305\350Ggc\002j/2\343\036\266E\241\305\277U""; ","validation: """"\200\000\000\001&\000\000\000\024)/\351\252\360:\r\302\353\023?\373\240rQ\023\313c\321B\032l\301h\005\320\252\301\361(\330[\343\357\343{\235\n\266g\272>\177\317\347\261qP\027\000\000\000\000\000\000\000\000\000\000\000\000\000\000\000\000\000\000\000\000\000\000\000\000\000\000\000\000\000\000\000\000P\031\003\235207\005}D\260\0261ah\322M\304\216\273m0\271\234\237\007<w$\265C\245\232\033s!\003R7o\362bV\300hf\266\241;}\200^\374\240\203[:\342Q\225\221\027y\372\255\235\216\323~vF0D\002 2Y\242\347\332r\007\006;\021\367\034\3716-t\221\177\035\027""X\003y\306\260\270\331U`\255\247\002 \\312\344\t\316*1Ng:\321s0\347\373\305\350Ggc\002j/2\343\036\266E\241\305\277U""; "
1750527600609,1750527600609,0,1,1,2,TMValidation,"validation: """"\200\000\000\001&\000\000\000\024)/\351\252\360:\r\302\353\023?\373\240rQ\023\313c\321B\032l\301h\005\320\252\301\361(\330[\343\357\343{\235\n\266g\272>\177\317\347\261qP\027\000\000\000\000\000\000\000\000\000\000\000\000\000\000\000\000\000\000\000\000\000\000\000\000\000\000\000\000\000\000\000\000P\031\003\235207\005}D\260\0261ah\322M\304\216\273m0\271\234\237\007<w$\265C\245\232\033s!\003R7o\362bV\300hf\266\241;}\200^\374\240\203[:\342Q\225\221\027y\372\255\235\216\323~vF0D\002 2Y\242\347\332r\007\006;\021\367\034\3716-t\221\177\035\027""X\003y\306\260\270\331U`\255\247\002 \\312\344\t\316*1Ng:\321s0\347\373\305\350Ggc\002j/2\343\036\266E\241\305\277U""; ","validation: """"\200\000\000\001&\000\000\000\024)/\351\252\360:\r\302\353\023?\373\240rQ\023\313c\321B\032l\301h\005\320\252\301\361(\330[\343\357\343{\235\n\266g\272>\177\317\347\261qP\027\000\000\000\000\000\000\000\000\000\000\000\000\000\000\000\000\000\000\000\000\000\000\000\000\000\000\000\000\000\000\000\000P\031\003\235207\005}D\260\0261ah\322M\304\216\273m0\271\234\237\007<w$\265C\245\232\033s!\003R7o\362bV\300hf\266\241;}\200^\374\240\203[:\342Q\225\221\027y\372\255\235\216\323~vF0D\002 2Y\242\347\332r\007\006;\021\367\034\3716-t\221\177\035\027""X\003y\306\260\270\331U`\255\247\002 \\312\344\t\316*1Ng:\321s0\347\373\305\350Ggc\002j/2\343\036\266E\241\305\277U""; "
1750527600609,1750527600609,0,1,3,1,TMValidation,"validation: """"\200\000\000\001&\000\000\000\024)/\351\252\360:\r\302\353\023?\373\240rQ\023\313c\321B\032l\301h\005\320\252\301\361(\330[\343\357\343{\235\n\266g\272>\177\317\347\261qP\027\000\000\000\000\000\000\000\000\000\000\000\000\000\000\000\000\000\000\000\000\000\000\000\000\000\000\000\000\000\000\000\000P\031\003\235207\005}D\260\0261ah\322M\304\216\273m0\271\234\237\007<w$\265C\245\232\033s!\003R7o\362bV\300hf\266\241;}\200^\374\240\203[:\342Q\225\221\027y\372\255\235\216\323~vF0D\002 2Y\242\347\332r\007\006;\021\367\034\3716-t\221\177\035\027""X\003y\306\260\270\331U`\255\247\002 \\312\344\t\316*1Ng:\321s0\347\373\305\350Ggc\002j/2\343\036\266E\241\305\277U""; ","validation: """"\200\000\000\001&\000\000\000\024)/\351\252\360:\r\302\353\023?\373\240rQ\023\313c\321B\032l\301h\005\320\252\301\361(\330[\343\357\343{\235\n\266g\272>\177\317\347\261qP\027\000\000\000\000\000\000\000\000\000\000\000\000\000\000\000\000\000\000\000\000\000\000\000\000\000\000\000\000\000\000\000\000P\031\003\235207\005}D\260\0261ah\322M\304\216\273m0\271\234\237\007<w$\265C\245\232\033s!\003R7o\362bV\300hf\266\241;}\200^\374\240\203[:\342Q\225\221\027y\372\255\235\216\323~vF0D\002 2Y\242\347\332r\007\006;\021\367\034\3716-t\221\177\035\027""X\003y\306\260\270\331U`\255\247\002 \\312\344\t\316*1Ng:\321s0\347\373\305\350Ggc\002j/2\343\036\266E\241\305\277U""; "
1750527600609,1750527600609,0,1,3,2,TMValidation,"validation: """"\200\000\000\001&\000\000\000\024)/\351\252\360:\r\302\353\023?\373\240rQ\023\313c\321B\032l\301h\005\320\252\301\361(\330[\343\357\343{\235\n\266g\272>\177\317\347\261qP\027\000\000\000\000\000\000\000\000\000\000\000\000\000\000\000\000\000\000\000\000\000\000\000\000\000\000\000\000\000\000\000\000P\031\003\235207\005}D\260\0261ah\322M\304\216\273m0\271\234\237\007<w$\265C\245\232\033s!\003R7o\362bV\300hf\266\241;}\200^\374\240\203[:\342Q\225\221\027y\372\255\235\216\323~vF0D\002 2Y\242\347\332r\007\006;\021\367\034\3716-t\221\177\035\027""X\003y\306\260\270\331U`\255\247\002 \\312\344\t\316*1Ng:\321s0\347\373\305\350Ggc\002j/2\343\036\266E\241\305\277U""; ","validation: """"\200\000\000\001&\000\000\000\024)/\351\252\360:\r\302\353\023?\373\240rQ\023\313c\321B\032l\301h\005\320\252\301\361(\330[\343\357\343{\235\n\266g\272>\177\317\347\261qP\027\000\000\000\000\000\000\000\000\000\000\000\000\000\000\000\000\000\000\000\000\000\000\000\000\000\000\000\000\000\000\000\000P\031\003\235207\005}D\260\0261ah\322M\304\216\273m0\271\234\237\007<w$\265C\245\232\033s!\003R7o\362bV\300hf\266\241;}\200^\374\240\203[:\342Q\225\221\027y\372\255\235\216\323~vF0D\002 2Y\242\347\332r\007\006;\021\367\034\3716-t\221\177\035\027""X\003y\306\260\270\331U`\255\247\002 \\312\344\t\316*1Ng:\321s0\347\373\305\350Ggc\002j/2\343\036\266E\241\305\277U""; "
1750527600610,1750527600610,0,1,1,3,TMValidation,"validation: """"\200\000\000\001&\000\000\000\024)/\351\252\360:\r\302\353\023?\373\240rQ\023\313c\321B\032l\301h\005\320\252\301\361(\330[\343\357\343{\235\n\266g\272>\177\317\347\261qP\027\000\000\000\000\000\000\000\000\000\000\000\000\000\000\000\000\000\000\000\000\000\000\000\000\000\000\000\000\000\000\000\000P\031\003\235207\005}D\260\0261ah\322M\304\216\273m0\271\234\237\007<w$\265C\245\232\033s!\003R7o\362bV\300hf\266\241;}\200^\374\240\203[:\342Q\225\221\027y\372\255\235\216\323~vF0D\002 2Y\242\347\332r\007\006;\021\367\034\3716-t\221\177\035\027""X\003y\306\260\270\331U`\255\247\002 \\312\344\t\316*1Ng:\321s0\347\373\305\350Ggc\002j/2\343\036\266E\241\305\277U""; ","validation: """"\200\000\000\001&\000\000\000\024)/\351\252\360:\r\302\353\023?\373\240rQ\023\313c\321B\032l\301h\005\320\252\301\361(\330[\343\357\343{\235\n\266g\272>\177\317\347\261qP\027\000\000\000\000\000\000\000\000\000\000\000\000\000\000\000\000\000\000\000\000\000\000\000\000\000\000\000\000\000\000\000\000P\031\003\235207\005}D\260\0261ah\322M\304\216\273m0\271\234\237\007<w$\265C\245\232\033s!\003R7o\362bV\300hf\266\241;}\200^\374\240\203[:\342Q\225\221\027y\372\255\235\216\323~vF0D\002 2Y\242\347\332r\007\006;\021\367\034\3716-t\221\177\035\027""X\003y\306\260\270\331U`\255\247\002 \\312\344\t\316*1Ng:\321s0\347\373\305\350Ggc\002j/2\343\036\266E\241\305\277U""; "
1750527600610,1750527600610,0,1,1,4,TMValidation,"validation: """"\200\000\000\001&\000\000\000\024)/\351\252\360:\r\302\353\023?\373\240rQ\023\313c\321B\032l\301h\005\320\252\301\361(\330[\343\357\343{\235\n\266g\272>\177\317\347\261qP\027\000\000\000\000\000\000\000\000\000\000\000\000\000\000\000\000\000\000\000\000\000\000\000\000\000\000\000\000\000\000\000\000P\031\003\235207\005}D\260\0261ah\322M\304\216\273m0\271\234\237\007<w$\265C\245\232\033s!\003R7o\362bV\300hf\266\241;}\200^\374\240\203[:\342Q\225\221\027y\372\255\235\216\323~vF0D\002 2Y\242\347\332r\007\006;\021\367\034\3716-t\221\177\035\027""X\003y\306\260\270\331U`\255\247\002 \\312\344\t\316*1Ng:\321s0\347\373\305\350Ggc\002j/2\343\036\266E\241\305\277U""; ","validation: """"\200\000\000\001&\000\000\000\024)/\351\252\360:\r\302\353\023?\373\240rQ\023\313c\321B\032l\301h\005\320\252\301\361(\330[\343\357\343{\235\n\266g\272>\177\317\347\261qP\027\000\000\000\000\000\000\000\000\000\000\000\000\000\000\000\000\000\000\000\000\000\000\000\000\000\000\000\000\000\000\000\000P\031\003\235207\005}D\260\0261ah\322M\304\216\273m0\271\234\237\007<w$\265C\245\232\033s!\003R7o\362bV\300hf\266\241;}\200^\374\240\203[:\342Q\225\221\027y\372\255\235\216\323~vF0D\002 2Y\242\347\332r\007\006;\021\367\034\3716-t\221\177\035\027""X\003y\306\260\270\331U`\255\247\002 \\312\344\t\316*1Ng:\321s0\347\373\305\350Ggc\002j/2\343\036\266E\241\305\277U""; "
1750527600610,1750527600610,0,1,4,2,TMValidation,"validation: """"\200\000\000\001&\000\000\000\024)/\351\252\360:\r\302\353\023?\373\240rQ\023\313c\321B\032l\301h\005\320\252\301\361(\330[\343\357\343{\235\n\266g\272>\177\317\347\261qP\027\000\000\000\000\000\000\000\000\000\000\000\000\000\000\000\000\000\000\000\000\000\000\000\000\000\000\000\000\000\000\000\000P\031\003\235207\005}D\260\0261ah\322M\304\216\273m0\271\234\237\007<w$\265C\245\232\033s!\003R7o\362bV\300hf\266\241;}\200^\374\240\203[:\342Q\225\221\027y\372\255\235\216\323~vF0D\002 2Y\242\347\332r\007\006;\021\367\034\3716-t\221\177\035\027""X\003y\306\260\270\331U`\255\247\002 \\312\344\t\316*1Ng:\321s0\347\373\305\350Ggc\002j/2\343\036\266E\241\305\277U""; ","validation: """"\200\000\000\001&\000\000\000\024)/\351\252\360:\r\302\353\023?\373\240rQ\023\313c\321B\032l\301h\005\320\252\301\361(\330[\343\357\343{\235\n\266g\272>\177\317\347\261qP\027\000\000\000\000\000\000\000\000\000\000\000\000\000\000\000\000\000\000\000\000\000\000\000\000\000\000\000\000\000\000\000\000P\031\003\235207\005}D\260\0261ah\322M\304\216\273m0\271\234\237\007<w$\265C\245\232\033s!\003R7o\362bV\300hf\266\241;}\200^\374\240\203[:\342Q\225\221\027y\372\255\235\216\323~vF0D\002 2Y\242\347\332r\007\006;\021\367\034\3716-t\221\177\035\027""X\003y\306\260\270\331U`\255\247\002 \\312\344\t\316*1Ng:\321s0\347\373\305\350Ggc\002j/2\343\036\266E\241\305\277U""; "
1750527600612,1750527600612,0,1,4,3,TMValidation,"validation: """"\200\000\000\001&\000\000\000\024)/\351\252\360:\r\302\353\023?\373\240rQ\023\313c\321B\032l\301h\005\320\252\301\361(\330[\343\357\343{\235\n\266g\272>\177\317\347\261qP\027\000\000\000\000\000\000\000\000\000\000\000\000\000\000\000\000\000\000\000\000\000\000\000\000\000\000\000\000\000\000\000\000P\031\003\235207\005}D\260\0261ah\322M\304\216\273m0\271\234\237\007<w$\265C\245\232\033s!\003R7o\362bV\300hf\266\241;}\200^\374\240\203[:\342Q\225\221\027y\372\255\235\216\323~vF0D\002 2Y\242\347\332r\007\006;\021\367\034\3716-t\221\177\035\027""X\003y\306\260\270\331U`\255\247\002 \\312\344\t\316*1Ng:\321s0\347\373\305\350Ggc\002j/2\343\036\266E\241\305\277U""; ","validation: """"\200\000\000\001&\000\000\000\024)/\351\252\360:\r\302\353\023?\373\240rQ\023\313c\321B\032l\301h\005\320\252\301\361(\330[\343\357\343{\235\n\266g\272>\177\317\347\261qP\027\000\000\000\000\000\000\000\000\000\000\000\000\000\000\000\000\000\000\000\000\000\000\000\000\000\000\000\000\000\000\000\000P\031\003\235207\005}D\260\0261ah\322M\304\216\273m0\271\234\237\007<w$\265C\245\232\033s!\003R7o\362bV\300hf\266\241;}\200^\374\240\203[:\342Q\225\221\027y\372\255\235\216\323~vF0D\002 2Y\242\347\332r\007\006;\021\367\034\3716-t\221\177\035\027""X\003y\306\260\270\331U`\255\247\002 \\312\344\t\316*1Ng:\321s0\347\373\305\350Ggc\002j/2\343\036\266E\241\305\277U""; "
1750527600613,1750527600613,0,1,4,1,TMValidation,"validation: """"\200\000\000\001&\000\000\000\024)/\351\252\360:\r\302\353\023?\373\240rQ\023\313c\321B\032l\301h\005\320\252\301\361(\330[\343\357\343{\235\n\266g\272>\177\317\347\261qP\027\000\000\000\000\000\000\000\000\000\000\000\000\000\000\000\000\000\000\000\000\000\000\000\000\000\000\000\000\000\000\000\000P\031\003\235207\005}D\260\0261ah\322M\304\216\273m0\271\234\237\007<w$\265C\245\232\033s!\003R7o\362bV\300hf\266\241;}\200^\374\240\203[:\342Q\225\221\027y\372\255\235\216\323~vF0D\002 2Y\242\347\332r\007\006;\021\367\034\3716-t\221\177\035\027""X\003y\306\260\270\331U`\255\247\002 \\312\344\t\316*1Ng:\321s0\347\373\305\350Ggc\002j/2\343\036\266E\241\305\277U""; ","validation: """"\200\000\000\001&\000\000\000\024)/\351\252\360:\r\302\353\023?\373\240rQ\023\313c\321B\032l\301h\005\320\252\301\361(\330[\343\357\343{\235\n\266g\272>\177\317\347\261qP\027\000\000\000\000\000\000\000\000\000\000\000\000\000\000\000\000\000\000\000\000\000\000\000\000\000\000\000\000\000\000\000\000P\031\003\235207\005}D\260\0261ah\322M\304\216\273m0\271\234\237\007<w$\265C\245\232\033s!\003R7o\362bV\300hf\266\241;}\200^\374\240\203[:\342Q\225\221\027y\372\255\235\216\323~vF0D\002 2Y\242\347\332r\007\006;\021\367\034\3716-t\221\177\035\027""X\003y\306\260\270\331U`\255\247\002 \\312\344\t\316*1Ng:\321s0\347\373\305\350Ggc\002j/2\343\036\266E\241\305\277U""; "
1750527600714,1750527600714,0,1,1,3,TMProposeSet,"proposeSeq: 0; currentTxHash: ""\000\000\000\000\000\000\000\000\000\000\000\000\000\000\000\000\000\000\000\000\000\000\000\000\000\000\000\000\000\000\000\000""; nodePubKey: ""\002\266\377\271\344:\030\221i\267\257\215\237M\014\3345f\014\273|\207\367\334\337F\325\004cxB\211L""; closeTime: 803842800; signature: ""0D\002 \022\316\362\235\302o\351\252\240\315\010\370#\234\267\211\222u\341\270\2259v\313\365\r\200!4\3472\300\002 M\013yi\005$,{\036EN\014\303\373&`c\313\345#\323\316\177\227\303z\276.l\206\372\232""; previousledger: ""\365\236\003\240\370\374\346\010(\376\005\316\217\025\177S\rdM\262\311\333\n\266Ve\363\337\n8\037\207""; ","proposeSeq: 0; currentTxHash: ""\000\000\000\000\000\000\000\000\000\000\000\000\000\000\000\000\000\000\000\000\000\000\000\000\000\000\000\000\000\000\000\000""; nodePubKey: ""\002\266\377\271\344:\030\221i\267\257\215\237M\014\3345f\014\273|\207\367\334\337F\325\004cxB\211L""; closeTime: 803842800; signature: ""0D\002 \022\316\362\235\302o\351\252\240\315\010\370#\234\267\211\222u\341\270\2259v\313\365\r\200!4\3472\300\002 M\013yi\005$,{\036EN\014\303\373&`c\313\345#\323\316\177\227\303z\276.l\206\372\232""; previousledger: ""\365\236\003\240\370\374\346\010(\376\005\316\217\025\177S\rdM\262\311\333\n\266Ve\363\337\n8\037\207""; "
1750527600715,1750527600715,0,1,1,2,TMProposeSet,"proposeSeq: 0; currentTxHash: ""\000\000\000\000\000\000\000\000\000\000\000\000\000\000\000\000\000\000\000\000\000\000\000\000\000\000\000\000\000\000\000\000""; nodePubKey: ""\002\266\377\271\344:\030\221i\267\257\215\237M\014\3345f\014\273|\207\367\334\337F\325\004cxB\211L""; closeTime: 803842800; signature: ""0D\002 \022\316\362\235\302o\351\252\240\315\010\370#\234\267\211\222u\341\270\2259v\313\365\r\200!4\3472\300\002 M\013yi\005$,{\036EN\014\303\373&`c\313\345#\323\316\177\227\303z\276.l\206\372\232""; previousledger: ""\365\236\003\240\370\374\346\010(\376\005\316\217\025\177S\rdM\262\311\333\n\266Ve\363\337\n8\037\207""; ","proposeSeq: 0; currentTxHash: ""\000\000\000\000\000\000\000\000\000\000\000\000\000\000\000\000\000\000\000\000\000\000\000\000\000\000\000\000\000\000\000\000""; nodePubKey: ""\002\266\377\271\344:\030\221i\267\257\215\237M\014\3345f\014\273|\207\367\334\337F\325\004cxB\211L""; closeTime: 803842800; signature: ""0D\002 \022\316\362\235\302o\351\252\240\315\010\370#\234\267\211\222u\341\270\2259v\313\365\r\200!4\3472\300\002 M\013yi\005$,{\036EN\014\303\373&`c\313\345#\323\316\177\227\303z\276.l\206\372\232""; previousledger: ""\365\236\003\240\370\374\346\010(\376\005\316\217\025\177S\rdM\262\311\333\n\266Ve\363\337\n8\037\207""; "
1750527600714,1750527600714,0,1,1,0,TMProposeSet,"proposeSeq: 0; currentTxHash: ""\000\000\000\000\000\000\000\000\000\000\000\000\000\000\000\000\000\000\000\000\000\000\000\000\000\000\000\000\000\000\000\000""; nodePubKey: ""\002\266\377\271\344:\030\221i\267\257\215\237M\014\3345f\014\273|\207\367\334\337F\325\004cxB\211L""; closeTime: 803842800; signature: ""0D\002 \022\316\362\235\302o\351\252\240\315\010\370#\234\267\211\222u\341\270\2259v\313\365\r\200!4\3472\300\002 M\013yi\005$,{\036EN\014\303\373&`c\313\345#\323\316\177\227\303z\276.l\206\372\232""; previousledger: ""\365\236\003\240\370\374\346\010(\376\005\316\217\025\177S\rdM\262\311\333\n\266Ve\363\337\n8\037\207""; ","proposeSeq: 0; currentTxHash: ""\000\000\000\000\000\000\000\000\000\000\000\000\000\000\000\000\000\000\000\000\000\000\000\000\000\000\000\000\000\000\000\000""; nodePubKey: ""\002\266\377\271\344:\030\221i\267\257\215\237M\014\3345f\014\273|\207\367\334\337F\325\004cxB\211L""; closeTime: 803842800; signature: ""0D\002 \022\316\362\235\302o\351\252\240\315\010\370#\234\267\211\222u\341\270\2259v\313\365\r\200!4\3472\300\002 M\013yi\005$,{\036EN\014\303\373&`c\313\345#\323\316\177\227\303z\276.l\206\372\232""; previousledger: ""\365\236\003\240\370\374\346\010(\376\005\316\217\025\177S\rdM\262\311\333\n\266Ve\363\337\n8\037\207""; "
1750527600715,1750527600715,0,1,1,4,TMProposeSet,"proposeSeq: 0; currentTxHash: ""\000\000\000\000\000\000\000\000\000\000\000\000\000\000\000\000\000\000\000\000\000\000\000\000\000\000\000\000\000\000\000\000""; nodePubKey: ""\002\266\377\271\344:\030\221i\267\257\215\237M\014\3345f\014\273|\207\367\334\337F\325\004cxB\211L""; closeTime: 803842800; signature: ""0D\002 \022\316\362\235\302o\351\252\240\315\010\370#\234\267\211\222u\341\270\2259v\313\365\r\200!4\3472\300\002 M\013yi\005$,{\036EN\014\303\373&`c\313\345#\323\316\177\227\303z\276.l\206\372\232""; previousledger: ""\365\236\003\240\370\374\346\010(\376\005\316\217\025\177S\rdM\262\311\333\n\266Ve\363\337\n8\037\207""; ","proposeSeq: 0; currentTxHash: ""\000\000\000\000\000\000\000\000\000\000\000\000\000\000\000\000\000\000\000\000\000\000\000\000\000\000\000\000\000\000\000\000""; nodePubKey: ""\002\266\377\271\344:\030\221i\267\257\215\237M\014\3345f\014\273|\207\367\334\337F\325\004cxB\211L""; closeTime: 803842800; signature: ""0D\002 \022\316\362\235\302o\351\252\240\315\010\370#\234\267\211\222u\341\270\2259v\313\365\r\200!4\3472\300\002 M\013yi\005$,{\036EN\014\303\373&`c\313\345#\323\316\177\227\303z\276.l\206\372\232""; previousledger: ""\365\236\003\240\370\374\346\010(\376\005\316\217\025\177S\rdM\262\311\333\n\266Ve\363\337\n8\037\207""; "
1750527600671,1750527600733,0,1,1,4,TMStatusChange,"newEvent: neCLOSING_LEDGER; ledgerSeq: 10; ledgerHash: ""\365\236\003\240\370\374\346\010(\376\005\316\217\025\177S\rdM\262\311\333\n\266Ve\363\337\n8\037\207""; ledgerHashPrevious: ""jJ\0073\322w\263\2705Q\201j\360\025W\030~)ml\365\027\305\033\225;Y6g>*1""; networkTime: 803842800; firstSeq: 1; lastSeq: 20; ","newEvent: neCLOSING_LEDGER; ledgerSeq: 10; ledgerHash: ""\365\236\003\240\370\374\346\010(\376\005\316\217\025\177S\rdM\262\311\333\n\266Ve\363\337\n8\037\207""; ledgerHashPrevious: ""jJ\0073\322w\263\2705Q\201j\360\025W\030~)ml\365\027\305\033\225;Y6g>*1""; networkTime: 803842800; firstSeq: 1; lastSeq: 20; "
1750527600672,1750527600733,0,1,1,3,TMStatusChange,"newEvent: neCLOSING_LEDGER; ledgerSeq: 10; ledgerHash: ""\365\236\003\240\370\374\346\010(\376\005\316\217\025\177S\rdM\262\311\333\n\266Ve\363\337\n8\037\207""; ledgerHashPrevious: ""jJ\0073\322w\263\2705Q\201j\360\025W\030~)ml\365\027\305\033\225;Y6g>*1""; networkTime: 803842800; firstSeq: 1; lastSeq: 20; ","newEvent: neCLOSING_LEDGER; ledgerSeq: 10; ledgerHash: ""\365\236\003\240\370\374\346\010(\376\005\316\217\025\177S\rdM\262\311\333\n\266Ve\363\337\n8\037\207""; ledgerHashPrevious: ""jJ\0073\322w\263\2705Q\201j\360\025W\030~)ml\365\027\305\033\225;Y6g>*1""; networkTime: 803842800; firstSeq: 1; lastSeq: 20; "
1750527600672,1750527600733,0,1,1,0,TMStatusChange,"newEvent: neCLOSING_LEDGER; ledgerSeq: 10; ledgerHash: ""\365\236\003\240\370\374\346\010(\376\005\316\217\025\177S\rdM\262\311\333\n\266Ve\363\337\n8\037\207""; ledgerHashPrevious: ""jJ\0073\322w\263\2705Q\201j\360\025W\030~)ml\365\027\305\033\225;Y6g>*1""; networkTime: 803842800; firstSeq: 1; lastSeq: 20; ","newEvent: neCLOSING_LEDGER; ledgerSeq: 10; ledgerHash: ""\365\236\003\240\370\374\346\010(\376\005\316\217\025\177S\rdM\262\311\333\n\266Ve\363\337\n8\037\207""; ledgerHashPrevious: ""jJ\0073\322w\263\2705Q\201j\360\025W\030~)ml\365\027\305\033\225;Y6g>*1""; networkTime: 803842800; firstSeq: 1; lastSeq: 20; "
1750527600672,1750527600734,0,1,1,2,TMStatusChange,"newEvent: neCLOSING_LEDGER; ledgerSeq: 10; ledgerHash: ""\365\236\003\240\370\374\346\010(\376\005\316\217\025\177S\rdM\262\311\333\n\266Ve\363\337\n8\037\207""; ledgerHashPrevious: ""jJ\0073\322w\263\2705Q\201j\360\025W\030~)ml\365\027\305\033\225;Y6g>*1""; networkTime: 803842800; firstSeq: 1; lastSeq: 20; ","newEvent: neCLOSING_LEDGER; ledgerSeq: 10; ledgerHash: ""\365\236\003\240\370\374\346\010(\376\005\316\217\025\177S\rdM\262\311\333\n\266Ve\363\337\n8\037\207""; ledgerHashPrevious: ""jJ\0073\322w\263\2705Q\201j\360\025W\030~)ml\365\027\305\033\225;Y6g>*1""; networkTime: 803842800; firstSeq: 1; lastSeq: 20; "
1750527601435,1750527601435,0,1,3,0,TMProposeSet,"proposeSeq: 0; currentTxHash: ""\000\000\000\000\000\000\000\000\000\000\000\000\000\000\000\000\000\000\000\000\000\000\000\000\000\000\000\000\000\000\000\000""; nodePubKey: ""\002\364d\217\366\217|\316F\232\231\241\n\261\333`\312O\367\235\025DD\336e\367\n\312\326\221\037\025\230""; closeTime: 803842801; signature: ""0E\002!\000\271w\026\340e\025\330\256\366\312\233\270{\202\321^\033\202@\2361R\232\254\033(\226\004\351OM\313\002 \002\276\242l\260\332\32256Q\304b\014\230\036\362\025\252\253\027 \331\314V)w\007.\261.\0015""; previousledger: ""\023\313c\321B\032l\301h\005\320\252\301\361(\330[\343\357\343{\235\n\266g\272>\177\317\347\261q""; ","proposeSeq: 0; currentTxHash: ""\000\000\000\000\000\000\000\000\000\000\000\000\000\000\000\000\000\000\000\000\000\000\000\000\000\000\000\000\000\000\000\000""; nodePubKey: ""\002\364d\217\366\217|\316F\232\231\241\n\261\333`\312O\367\235\025DD\336e\367\n\312\326\221\037\025\230""; closeTime: 803842801; signature: ""0E\002!\000\271w\026\340e\025\330\256\366\312\233\270{\202\321^\033\202@\2361R\232\254\033(\226\004\351OM\313\002 \002\276\242l\260\332\32256Q\304b\014\230\036\362\025\252\253\027 \331\314V)w\007.\261.\0015""; previousledger: ""\023\313c\321B\032l\301h\005\320\252\301\361(\330[\343\357\343{\235\n\266g\272>\177\317\347\261q""; "
1750527601478,1750527601478,0,1,3,4,TMProposeSet,"proposeSeq: 0; currentTxHash: ""\000\000\000\000\000\000\000\000\000\000\000\000\000\000\000\000\000\000\000\000\000\000\000\000\000\000\000\000\000\000\000\000""; nodePubKey: ""\002\364d\217\366\217|\316F\232\231\241\n\261\333`\312O\367\235\025DD\336e\367\n\312\326\221\037\025\230""; closeTime: 803842801; signature: ""0E\002!\000\271w\026\340e\025\330\256\366\312\233\270{\202\321^\033\202@\2361R\232\254\033(\226\004\351OM\313\002 \002\276\242l\260\332\32256Q\304b\014\230\036\362\025\252\253\027 \331\314V)w\007.\261.\0015""; previousledger: ""\023\313c\321B\032l\301h\005\320\252\301\361(\330[\343\357\343{\235\n\266g\272>\177\317\347\261q""; ","proposeSeq: 0; currentTxHash: ""\000\000\000\000\000\000\000\000\000\000\000\000\000\000\000\000\000\000\000\000\000\000\000\000\000\000\000\000\000\000\000\000""; nodePubKey: ""\002\364d\217\366\217|\316F\232\231\241\n\261\333`\312O\367\235\025DD\336e\367\n\312\326\221\037\025\230""; closeTime: 803842801; signature: ""0E\002!\000\271w\026\340e\025\330\256\366\312\233\270{\202\321^\033\202@\2361R\232\254\033(\226\004\351OM\313\002 \002\276\242l\260\332\32256Q\304b\014\230\036\362\025\252\253\027 \331\314V)w\007.\261.\0015""; previousledger: ""\023\313c\321B\032l\301h\005\320\252\301\361(\330[\343\357\343{\235\n\266g\272>\177\317\347\261q""; "
1750527601479,1750527601479,0,1,3,2,TMProposeSet,"proposeSeq: 0; currentTxHash: ""\000\000\000\000\000\000\000\000\000\000\000\000\000\000\000\000\000\000\000\000\000\000\000\000\000\000\000\000\000\000\000\000""; nodePubKey: ""\002\364d\217\366\217|\316F\232\231\241\n\261\333`\312O\367\235\025DD\336e\367\n\312\326\221\037\025\230""; closeTime: 803842801; signature: ""0E\002!\000\271w\026\340e\025\330\256\366\312\233\270{\202\321^\033\202@\2361R\232\254\033(\226\004\351OM\313\002 \002\276\242l\260\332\32256Q\304b\014\230\036\362\025\252\253\027 \331\314V)w\007.\261.\0015""; previousledger: ""\023\313c\321B\032l\301h\005\320\252\301\361(\330[\343\357\343{\235\n\266g\272>\177\317\347\261q""; ","proposeSeq: 0; currentTxHash: ""\000\000\000\000\000\000\000\000\000\000\000\000\000\000\000\000\000\000\000\000\000\000\000\000\000\000\000\000\000\000\000\000""; nodePubKey: ""\002\364d\217\366\217|\316F\232\231\241\n\261\333`\312O\367\235\025DD\336e\367\n\312\326\221\037\025\230""; closeTime: 803842801; signature: ""0E\002!\000\271w\026\340e\025\330\256\366\312\233\270{\202\321^\033\202@\2361R\232\254\033(\226\004\351OM\313\002 \002\276\242l\260\332\32256Q\304b\014\230\036\362\025\252\253\027 \331\314V)w\007.\261.\0015""; previousledger: ""\023\313c\321B\032l\301h\005\320\252\301\361(\330[\343\357\343{\235\n\266g\272>\177\317\347\261q""; "
1750527601479,1750527601479,0,1,3,1,TMProposeSet,"proposeSeq: 0; currentTxHash: ""\000\000\000\000\000\000\000\000\000\000\000\000\000\000\000\000\000\000\000\000\000\000\000\000\000\000\000\000\000\000\000\000""; nodePubKey: ""\002\364d\217\366\217|\316F\232\231\241\n\261\333`\312O\367\235\025DD\336e\367\n\312\326\221\037\025\230""; closeTime: 803842801; signature: ""0E\002!\000\271w\026\340e\025\330\256\366\312\233\270{\202\321^\033\202@\2361R\232\254\033(\226\004\351OM\313\002 \002\276\242l\260\332\32256Q\304b\014\230\036\362\025\252\253\027 \331\314V)w\007.\261.\0015""; previousledger: ""\023\313c\321B\032l\301h\005\320\252\301\361(\330[\343\357\343{\235\n\266g\272>\177\317\347\261q""; ","proposeSeq: 0; currentTxHash: ""\000\000\000\000\000\000\000\000\000\000\000\000\000\000\000\000\000\000\000\000\000\000\000\000\000\000\000\000\000\000\000\000""; nodePubKey: ""\002\364d\217\366\217|\316F\232\231\241\n\261\333`\312O\367\235\025DD\336e\367\n\312\326\221\037\025\230""; closeTime: 803842801; signature: ""0E\002!\000\271w\026\340e\025\330\256\366\312\233\270{\202\321^\033\202@\2361R\232\254\033(\226\004\351OM\313\002 \002\276\242l\260\332\32256Q\304b\014\230\036\362\025\252\253\027 \331\314V)w\007.\261.\0015""; previousledger: ""\023\313c\321B\032l\301h\005\320\252\301\361(\330[\343\357\343{\235\n\266g\272>\177\317\347\261q""; "
1750527601481,1750527601481,0,1,4,1,TMProposeSet,"proposeSeq: 0; currentTxHash: ""\000\000\000\000\000\000\000\000\000\000\000\000\000\000\000\000\000\000\000\000\000\000\000\000\000\000\000\000\000\000\000\000""; nodePubKey: ""\002\364d\217\366\217|\316F\232\231\241\n\261\333`\312O\367\235\025DD\336e\367\n\312\326\221\037\025\230""; closeTime: 803842801; signature: ""0E\002!\000\271w\026\340e\025\330\256\366\312\233\270{\202\321^\033\202@\2361R\232\254\033(\226\004\351OM\313\002 \002\276\242l\260\332\32256Q\304b\014\230\036\362\025\252\253\027 \331\314V)w\007.\261.\0015""; previousledger: ""\023\313c\321B\032l\301h\005\320\252\301\361(\330[\343\357\343{\235\n\266g\272>\177\317\347\261q""; ","proposeSeq: 0; currentTxHash: ""\000\000\000\000\000\000\000\000\000\000\000\000\000\000\000\000\000\000\000\000\000\000\000\000\000\000\000\000\000\000\000\000""; nodePubKey: ""\002\364d\217\366\217|\316F\232\231\241\n\261\333`\312O\367\235\025DD\336e\367\n\312\326\221\037\025\230""; closeTime: 803842801; signature: ""0E\002!\000\271w\026\340e\025\330\256\366\312\233\270{\202\321^\033\202@\2361R\232\254\033(\226\004\351OM\313\002 \002\276\242l\260\332\32256Q\304b\014\230\036\362\025\252\253\027 \331\314V)w\007.\261.\0015""; previousledger: ""\023\313c\321B\032l\301h\005\320\252\301\361(\330[\343\357\343{\235\n\266g\272>\177\317\347\261q""; "
1750527601482,1750527601482,0,1,4,0,TMProposeSet,"proposeSeq: 0; currentTxHash: ""\000\000\000\000\000\000\000\000\000\000\000\000\000\000\000\000\000\000\000\000\000\000\000\000\000\000\000\000\000\000\000\000""; nodePubKey: ""\002\364d\217\366\217|\316F\232\231\241\n\261\333`\312O\367\235\025DD\336e\367\n\312\326\221\037\025\230""; closeTime: 803842801; signature: ""0E\002!\000\271w\026\340e\025\330\256\366\312\233\270{\202\321^\033\202@\2361R\232\254\033(\226\004\351OM\313\002 \002\276\242l\260\332\32256Q\304b\014\230\036\362\025\252\253\027 \331\314V)w\007.\261.\0015""; previousledger: ""\023\313c\321B\032l\301h\005\320\252\301\361(\330[\343\357\343{\235\n\266g\272>\177\317\347\261q""; ","proposeSeq: 0; currentTxHash: ""\000\000\000\000\000\000\000\000\000\000\000\000\000\000\000\000\000\000\000\000\000\000\000\000\000\000\000\000\000\000\000\000""; nodePubKey: ""\002\364d\217\366\217|\316F\232\231\241\n\261\333`\312O\367\235\025DD\336e\367\n\312\326\221\037\025\230""; closeTime: 803842801; signature: ""0E\002!\000\271w\026\340e\025\330\256\366\312\233\270{\202\321^\033\202@\2361R\232\254\033(\226\004\351OM\313\002 \002\276\242l\260\332\32256Q\304b\014\230\036\362\025\252\253\027 \331\314V)w\007.\261.\0015""; previousledger: ""\023\313c\321B\032l\301h\005\320\252\301\361(\330[\343\357\343{\235\n\266g\272>\177\317\347\261q""; "
1750527601482,1750527601482,0,1,4,2,TMProposeSet,"proposeSeq: 0; currentTxHash: ""\000\000\000\000\000\000\000\000\000\000\000\000\000\000\000\000\000\000\000\000\000\000\000\000\000\000\000\000\000\000\000\000""; nodePubKey: ""\002\364d\217\366\217|\316F\232\231\241\n\261\333`\312O\367\235\025DD\336e\367\n\312\326\221\037\025\230""; closeTime: 803842801; signature: ""0E\002!\000\271w\026\340e\025\330\256\366\312\233\270{\202\321^\033\202@\2361R\232\254\033(\226\004\351OM\313\002 \002\276\242l\260\332\32256Q\304b\014\230\036\362\025\252\253\027 \331\314V)w\007.\261.\0015""; previousledger: ""\023\313c\321B\032l\301h\005\320\252\301\361(\330[\343\357\343{\235\n\266g\272>\177\317\347\261q""; ","proposeSeq: 0; currentTxHash: ""\000\000\000\000\000\000\000\000\000\000\000\000\000\000\000\000\000\000\000\000\000\000\000\000\000\000\000\000\000\000\000\000""; nodePubKey: ""\002\364d\217\366\217|\316F\232\231\241\n\261\333`\312O\367\235\025DD\336e\367\n\312\326\221\037\025\230""; closeTime: 803842801; signature: ""0E\002!\000\271w\026\340e\025\330\256\366\312\233\270{\202\321^\033\202@\2361R\232\254\033(\226\004\351OM\313\002 \002\276\242l\260\332\32256Q\304b\014\230\036\362\025\252\253\027 \331\314V)w\007.\261.\0015""; previousledger: ""\023\313c\321B\032l\301h\005\320\252\301\361(\330[\343\357\343{\235\n\266g\272>\177\317\347\261q""; "
1750527601436,1750527601511,0,1,3,2,TMStatusChange,"newEvent: neCLOSING_LEDGER; ledgerSeq: 20; ledgerHash: ""\023\313c\321B\032l\301h\005\320\252\301\361(\330[\343\357\343{\235\n\266g\272>\177\317\347\261q""; ledgerHashPrevious: ""\003\235207\005}D\260\0261ah\322M\304\216\273m0\271\234\237\007<w$\265C\245\232\033""; networkTime: 803842801; firstSeq: 1; lastSeq: 20; ","newEvent: neCLOSING_LEDGER; ledgerSeq: 20; ledgerHash: ""\023\313c\321B\032l\301h\005\320\252\301\361(\330[\343\357\343{\235\n\266g\272>\177\317\347\261q""; ledgerHashPrevious: ""\003\235207\005}D\260\0261ah\322M\304\216\273m0\271\234\237\007<w$\265C\245\232\033""; networkTime: 803842801; firstSeq: 1; lastSeq: 20; "
1750527601437,1750527601512,0,1,3,1,TMStatusChange,"newEvent: neCLOSING_LEDGER; ledgerSeq: 20; ledgerHash: ""\023\313c\321B\032l\301h\005\320\252\301\361(\330[\343\357\343{\235\n\266g\272>\177\317\347\261q""; ledgerHashPrevious: ""\003\235207\005}D\260\0261ah\322M\304\216\273m0\271\234\237\007<w$\265C\245\232\033""; networkTime: 803842801; firstSeq: 1; lastSeq: 20; ","newEvent: neCLOSING_LEDGER; ledgerSeq: 20; ledgerHash: ""\023\313c\321B\032l\301h\005\320\252\301\361(\330[\343\357\343{\235\n\266g\272>\177\317\347\261q""; ledgerHashPrevious: ""\003\235207\005}D\260\0261ah\322M\304\216\273m0\271\234\237\007<w$\265C\245\232\033""; networkTime: 803842801; firstSeq: 1; lastSeq: 20; "
1750527601437,1750527601513,0,1,3,0,TMStatusChange,"newEvent: neCLOSING_LEDGER; ledgerSeq: 20; ledgerHash: ""\023\313c\321B\032l\301h\005\320\252\301\361(\330[\343\357\343{\235\n\266g\272>\177\317\347\261q""; ledgerHashPrevious: ""\003\235207\005}D\260\0261ah\322M\304\216\273m0\271\234\237\007<w$\265C\245\232\033""; networkTime: 803842801; firstSeq: 1; lastSeq: 20; ","newEvent: neCLOSING_LEDGER; ledgerSeq: 20; ledgerHash: ""\023\313c\321B\032l\301h\005\320\252\301\361(\330[\343\357\343{\235\n\266g\272>\177\317\347\261q""; ledgerHashPrevious: ""\003\235207\005}D\260\0261ah\322M\304\216\273m0\271\234\237\007<w$\265C\245\232\033""; networkTime: 803842801; firstSeq: 1; lastSeq: 20; "
1750527601437,1750527601513,0,1,3,4,TMStatusChange,"newEvent: neCLOSING_LEDGER; ledgerSeq: 20; ledgerHash: ""\023\313c\321B\032l\301h\005\320\252\301\361(\330[\343\357\343{\235\n\266g\272>\177\317\347\261q""; ledgerHashPrevious: ""\003\235207\005}D\260\0261ah\322M\304\216\273m0\271\234\237\007<w$\265C\245\232\033""; networkTime: 803842801; firstSeq: 1; lastSeq: 20; ","newEvent: neCLOSING_LEDGER; ledgerSeq: 20; ledgerHash: ""\023\313c\321B\032l\301h\005\320\252\301\361(\330[\343\357\343{\235\n\266g\272>\177\317\347\261q""; ledgerHashPrevious: ""\003\235207\005}D\260\0261ah\322M\304\216\273m0\271\234\237\007<w$\265C\245\232\033""; networkTime: 803842801; firstSeq: 1; lastSeq: 20; "
1750527601599,1750527601599,0,1,4,2,TMProposeSet,"proposeSeq: 0; currentTxHash: ""\000\000\000\000\000\000\000\000\000\000\000\000\000\000\000\000\000\000\000\000\000\000\000\000\000\000\000\000\000\000\000\000""; nodePubKey: ""\003R7o\362bV\300hf\266\241;}\200^\374\240\203[:\342Q\225\221\027y\372\255\235\216\323~""; closeTime: 803842801; signature: ""0D\002 t0\375\331\177L\023_\366a\267\343\253&\\223A\272\351:\035\266\200\244<}/\230[\327LK\002 )\244\346Nl\367?ip}p\253=d\ns\377l5\006\214\244K\353\026W~\265\tYX\211""; previousledger: ""\023\313c\321B\032l\301h\005\320\252\301\361(\330[\343\357\343{\235\n\266g\272>\177\317\347\261q""; ","proposeSeq: 0; currentTxHash: ""\000\000\000\000\000\000\000\000\000\000\000\000\000\000\000\000\000\000\000\000\000\000\000\000\000\000\000\000\000\000\000\000""; nodePubKey: ""\003R7o\362bV\300hf\266\241;}\200^\374\240\203[:\342Q\225\221\027y\372\255\235\216\323~""; closeTime: 803842801; signature: ""0D\002 t0\375\331\177L\023_\366a\267\343\253&\\223A\272\351:\035\266\200\244<}/\230[\327LK\002 )\244\346Nl\367?ip}p\253=d\ns\377l5\006\214\244K\353\026W~\265\tYX\211""; previousledger: ""\023\313c\321B\032l\301h\005\320\252\301\361(\330[\343\357\343{\235\n\266g\272>\177\317\347\261q""; "
1750527601601,1750527601601,0,1,4,1,TMProposeSet,"proposeSeq: 0; currentTxHash: ""\000\000\000\000\000\000\000\000\000\000\000\000\000\000\000\000\000\000\000\000\000\000\000\000\000\000\000\000\000\000\000\000""; nodePubKey: ""\003R7o\362bV\300hf\266\241;}\200^\374\240\203[:\342Q\225\221\027y\372\255\235\216\323~""; closeTime: 803842801; signature: ""0D\002 t0\375\331\177L\023_\366a\267\343\253&\\223A\272\351:\035\266\200\244<}/\230[\327LK\002 )\244\346Nl\367?ip}p\253=d\ns\377l5\006\214\244K\353\026W~\265\tYX\211""; previousledger: ""\023\313c\321B\032l\301h\005\320\252\301\361(\330[\343\357\343{\235\n\266g\272>\177\317\347\261q""; ","proposeSeq: 0; currentTxHash: ""\000\000\000\000\000\000\000\000\000\000\000\000\000\000\000\000\000\000\000\000\000\000\000\000\000\000\000\000\000\000\000\000""; nodePubKey: ""\003R7o\362bV\300hf\266\241;}\200^\374\240\203[:\342Q\225\221\027y\372\255\235\216\323~""; closeTime: 803842801; signature: ""0D\002 t0\375\331\177L\023_\366a\267\343\253&\\223A\272\351:\035\266\200\244<}/\230[\327LK\002 )\244\346Nl\367?ip}p\253=d\ns\377l5\006\214\244K\353\026W~\265\tYX\211""; previousledger: ""\023\313c\321B\032l\301h\005\320\252\301\361(\330[\343\357\343{\235\n\266g\272>\177\317\347\261q""; "
1750527601601,1750527601601,0,1,4,3,TMProposeSet,"proposeSeq: 0; currentTxHash: ""\000\000\000\000\000\000\000\000\000\000\000\000\000\000\000\000\000\000\000\000\000\000\000\000\000\000\000\000\000\000\000\000""; nodePubKey: ""\003R7o\362bV\300hf\266\241;}\200^\374\240\203[:\342Q\225\221\027y\372\255\235\216\323~""; closeTime: 803842801; signature: ""0D\002 t0\375\331\177L\023_\366a\267\343\253&\\223A\272\351:\035\266\200\244<}/\230[\327LK\002 )\244\346Nl\367?ip}p\253=d\ns\377l5\006\214\244K\353\026W~\265\tYX\211""; previousledger: ""\023\313c\321B\032l\301h\005\320\252\301\361(\330[\343\357\343{\235\n\266g\272>\177\317\347\261q""; ","proposeSeq: 0; currentTxHash: ""\000\000\000\000\000\000\000\000\000\000\000\000\000\000\000\000\000\000\000\000\000\000\000\000\000\000\000\000\000\000\000\000""; nodePubKey: ""\003R7o\362bV\300hf\266\241;}\200^\374\240\203[:\342Q\225\221\027y\372\255\235\216\323~""; closeTime: 803842801; signature: ""0D\002 t0\375\331\177L\023_\366a\267\343\253&\\223A\272\351:\035\266\200\244<}/\230[\327LK\002 )\244\346Nl\367?ip}p\253=d\ns\377l5\006\214\244K\353\026W~\265\tYX\211""; previousledger: ""\023\313c\321B\032l\301h\005\320\252\301\361(\330[\343\357\343{\235\n\266g\272>\177\317\347\261q""; "
1750527601603,1750527601603,0,1,4,0,TMProposeSet,"proposeSeq: 0; currentTxHash: ""\000\000\000\000\000\000\000\000\000\000\000\000\000\000\000\000\000\000\000\000\000\000\000\000\000\000\000\000\000\000\000\000""; nodePubKey: ""\003R7o\362bV\300hf\266\241;}\200^\374\240\203[:\342Q\225\221\027y\372\255\235\216\323~""; closeTime: 803842801; signature: ""0D\002 t0\375\331\177L\023_\366a\267\343\253&\\223A\272\351:\035\266\200\244<}/\230[\327LK\002 )\244\346Nl\367?ip}p\253=d\ns\377l5\006\214\244K\353\026W~\265\tYX\211""; previousledger: ""\023\313c\321B\032l\301h\005\320\252\301\361(\330[\343\357\343{\235\n\266g\272>\177\317\347\261q""; ","proposeSeq: 0; currentTxHash: ""\000\000\000\000\000\000\000\000\000\000\000\000\000\000\000\000\000\000\000\000\000\000\000\000\000\000\000\000\000\000\000\000""; nodePubKey: ""\003R7o\362bV\300hf\266\241;}\200^\374\240\203[:\342Q\225\221\027y\372\255\235\216\323~""; closeTime: 803842801; signature: ""0D\002 t0\375\331\177L\023_\366a\267\343\253&\\223A\272\351:\035\266\200\244<}/\230[\327LK\002 )\244\346Nl\367?ip}p\253=d\ns\377l5\006\214\244K\353\026W~\265\tYX\211""; previousledger: ""\023\313c\321B\032l\301h\005\320\252\301\361(\330[\343\357\343{\235\n\266g\272>\177\317\347\261q""; "
1750527601605,1750527601606,0,1,3,0,TMProposeSet,"proposeSeq: 0; currentTxHash: ""\000\000\000\000\000\000\000\000\000\000\000\000\000\000\000\000\000\000\000\000\000\000\000\000\000\000\000\000\000\000\000\000""; nodePubKey: ""\003R7o\362bV\300hf\266\241;}\200^\374\240\203[:\342Q\225\221\027y\372\255\235\216\323~""; closeTime: 803842801; signature: ""0D\002 t0\375\331\177L\023_\366a\267\343\253&\\223A\272\351:\035\266\200\244<}/\230[\327LK\002 )\244\346Nl\367?ip}p\253=d\ns\377l5\006\214\244K\353\026W~\265\tYX\211""; previousledger: ""\023\313c\321B\032l\301h\005\320\252\301\361(\330[\343\357\343{\235\n\266g\272>\177\317\347\261q""; ","proposeSeq: 0; currentTxHash: ""\000\000\000\000\000\000\000\000\000\000\000\000\000\000\000\000\000\000\000\000\000\000\000\000\000\000\000\000\000\000\000\000""; nodePubKey: ""\003R7o\362bV\300hf\266\241;}\200^\374\240\203[:\342Q\225\221\027y\372\255\235\216\323~""; closeTime: 803842801; signature: ""0D\002 t0\375\331\177L\023_\366a\267\343\253&\\223A\272\351:\035\266\200\244<}/\230[\327LK\002 )\244\346Nl\367?ip}p\253=d\ns\377l5\006\214\244K\353\026W~\265\tYX\211""; previousledger: ""\023\313c\321B\032l\301h\005\320\252\301\361(\330[\343\357\343{\235\n\266g\272>\177\317\347\261q""; "
1750527601606,1750527601606,0,1,3,2,TMProposeSet,"proposeSeq: 0; currentTxHash: ""\000\000\000\000\000\000\000\000\000\000\000\000\000\000\000\000\000\000\000\000\000\000\000\000\000\000\000\000\000\000\000\000""; nodePubKey: ""\003R7o\362bV\300hf\266\241;}\200^\374\240\203[:\342Q\225\221\027y\372\255\235\216\323~""; closeTime: 803842801; signature: ""0D\002 t0\375\331\177L\023_\366a\267\343\253&\\223A\272\351:\035\266\200\244<}/\230[\327LK\002 )\244\346Nl\367?ip}p\253=d\ns\377l5\006\214\244K\353\026W~\265\tYX\211""; previousledger: ""\023\313c\321B\032l\301h\005\320\252\301\361(\330[\343\357\343{\235\n\266g\272>\177\317\347\261q""; ","proposeSeq: 0; currentTxHash: ""\000\000\000\000\000\000\000\000\000\000\000\000\000\000\000\000\000\000\000\000\000\000\000\000\000\000\000\000\000\000\000\000""; nodePubKey: ""\003R7o\362bV\300hf\266\241;}\200^\374\240\203[:\342Q\225\221\027y\372\255\235\216\323~""; closeTime: 803842801; signature: ""0D\002 t0\375\331\177L\023_\366a\267\343\253&\\223A\272\351:\035\266\200\244<}/\230[\327LK\002 )\244\346Nl\367?ip}p\253=d\ns\377l5\006\214\244K\353\026W~\265\tYX\211""; previousledger: ""\023\313c\321B\032l\301h\005\320\252\301\361(\330[\343\357\343{\235\n\266g\272>\177\317\347\261q""; "
1750527601606,1750527601606,0,1,3,1,TMProposeSet,"proposeSeq: 0; currentTxHash: ""\000\000\000\000\000\000\000\000\000\000\000\000\000\000\000\000\000\000\000\000\000\000\000\000\000\000\000\000\000\000\000\000""; nodePubKey: ""\003R7o\362bV\300hf\266\241;}\200^\374\240\203[:\342Q\225\221\027y\372\255\235\216\323~""; closeTime: 803842801; signature: ""0D\002 t0\375\331\177L\023_\366a\267\343\253&\\223A\272\351:\035\266\200\244<}/\230[\327LK\002 )\244\346Nl\367?ip}p\253=d\ns\377l5\006\214\244K\353\026W~\265\tYX\211""; previousledger: ""\023\313c\321B\032l\301h\005\320\252\301\361(\330[\343\357\343{\235\n\266g\272>\177\317\347\261q""; ","proposeSeq: 0; currentTxHash: ""\000\000\000\000\000\000\000\000\000\000\000\000\000\000\000\000\000\000\000\000\000\000\000\000\000\000\000\000\000\000\000\000""; nodePubKey: ""\003R7o\362bV\300hf\266\241;}\200^\374\240\203[:\342Q\225\221\027y\372\255\235\216\323~""; closeTime: 803842801; signature: ""0D\002 t0\375\331\177L\023_\366a\267\343\253&\\223A\272\351:\035\266\200\244<}/\230[\327LK\002 )\244\346Nl\367?ip}p\253=d\ns\377l5\006\214\244K\353\026W~\265\tYX\211""; previousledger: ""\023\313c\321B\032l\301h\005\320\252\301\361(\330[\343\357\343{\235\n\266g\272>\177\317\347\261q""; "
1750527601599,1750527601675,0,1,4,3,TMStatusChange,"newEvent: neCLOSING_LEDGER; ledgerSeq: 20; ledgerHash: ""\023\313c\321B\032l\301h\005\320\252\301\361(\330[\343\357\343{\235\n\266g\272>\177\317\347\261q""; ledgerHashPrevious: ""\003\235207\005}D\260\0261ah\322M\304\216\273m0\271\234\237\007<w$\265C\245\232\033""; networkTime: 803842801; firstSeq: 1; lastSeq: 20; ","newEvent: neCLOSING_LEDGER; ledgerSeq: 20; ledgerHash: ""\023\313c\321B\032l\301h\005\320\252\301\361(\330[\343\357\343{\235\n\266g\272>\177\317\347\261q""; ledgerHashPrevious: ""\003\235207\005}D\260\0261ah\322M\304\216\273m0\271\234\237\007<w$\265C\245\232\033""; networkTime: 803842801; firstSeq: 1; lastSeq: 20; "
1750527601601,1750527601676,0,1,4,1,TMStatusChange,"newEvent: neCLOSING_LEDGER; ledgerSeq: 20; ledgerHash: ""\023\313c\321B\032l\301h\005\320\252\301\361(\330[\343\357\343{\235\n\266g\272>\177\317\347\261q""; ledgerHashPrevious: ""\003\235207\005}D\260\0261ah\322M\304\216\273m0\271\234\237\007<w$\265C\245\232\033""; networkTime: 803842801; firstSeq: 1; lastSeq: 20; ","newEvent: neCLOSING_LEDGER; ledgerSeq: 20; ledgerHash: ""\023\313c\321B\032l\301h\005\320\252\301\361(\330[\343\357\343{\235\n\266g\272>\177\317\347\261q""; ledgerHashPrevious: ""\003\235207\005}D\260\0261ah\322M\304\216\273m0\271\234\237\007<w$\265C\245\232\033""; networkTime: 803842801; firstSeq: 1; lastSeq: 20; "
1750527601601,1750527601676,0,1,4,2,TMStatusChange,"newEvent: neCLOSING_LEDGER; ledgerSeq: 20; ledgerHash: ""\023\313c\321B\032l\301h\005\320\252\301\361(\330[\343\357\343{\235\n\266g\272>\177\317\347\261q""; ledgerHashPrevious: ""\003\235207\005}D\260\0261ah\322M\304\216\273m0\271\234\237\007<w$\265C\245\232\033""; networkTime: 803842801; firstSeq: 1; lastSeq: 20; ","newEvent: neCLOSING_LEDGER; ledgerSeq: 20; ledgerHash: ""\023\313c\321B\032l\301h\005\320\252\301\361(\330[\343\357\343{\235\n\266g\272>\177\317\347\261q""; ledgerHashPrevious: ""\003\235207\005}D\260\0261ah\322M\304\216\273m0\271\234\237\007<w$\265C\245\232\033""; networkTime: 803842801; firstSeq: 1; lastSeq: 20; "
1750527601603,1750527601677,0,1,4,0,TMStatusChange,"newEvent: neCLOSING_LEDGER; ledgerSeq: 20; ledgerHash: ""\023\313c\321B\032l\301h\005\320\252\301\361(\330[\343\357\343{\235\n\266g\272>\177\317\347\261q""; ledgerHashPrevious: ""\003\235207\005}D\260\0261ah\322M\304\216\273m0\271\234\237\007<w$\265C\245\232\033""; networkTime: 803842801; firstSeq: 1; lastSeq: 20; ","newEvent: neCLOSING_LEDGER; ledgerSeq: 20; ledgerHash: ""\023\313c\321B\032l\301h\005\320\252\301\361(\330[\343\357\343{\235\n\266g\272>\177\317\347\261q""; ledgerHashPrevious: ""\003\235207\005}D\260\0261ah\322M\304\216\273m0\271\234\237\007<w$\265C\245\232\033""; networkTime: 803842801; firstSeq: 1; lastSeq: 20; "
1750527602526,1750527602526,0,1,0,3,TMProposeSet,"proposeSeq: 1; currentTxHash: ""\000\000\000\000\000\000\000\000\000\000\000\000\000\000\000\000\000\000\000\000\000\000\000\000\000\000\000\000\000\000\000\000""; nodePubKey: ""\002\225aM\037\203M\271C\224]$\245\215\334\264;{{\365%Z\2443U\201\242\320iUc\207\367""; closeTime: 803842790; signature: ""0E\002!\000\373\250:]\361Z\330Y]ax\270\340P\245\037\210>=J\001\251qn\253;\307\224\202`,\254\002 \036#\027\177\261\366\274\264R}\255\036X\256\211C\223\234B\t\366\370\315yu\036\372aH\221\244\220""; previousledger: ""c\021W4\027y\320\003\222Bm\314(t\277ZO\216""""\240\036\343;t\272\036\216\317aR\344""; ","proposeSeq: 1; currentTxHash: ""\000\000\000\000\000\000\000\000\000\000\000\000\000\000\000\000\000\000\000\000\000\000\000\000\000\000\000\000\000\000\000\000""; nodePubKey: ""\002\225aM\037\203M\271C\224]$\245\215\334\264;{{\365%Z\2443U\201\242\320iUc\207\367""; closeTime: 803842790; signature: ""0E\002!\000\373\250:]\361Z\330Y]ax\270\340P\245\037\210>=J\001\251qn\253;\307\224\202`,\254\002 \036#\027\177\261\366\274\264R}\255\036X\256\211C\223\234B\t\366\370\315yu\036\372aH\221\244\220""; previousledger: ""c\021W4\027y\320\003\222Bm\314(t\277ZO\216""""\240\036\343;t\272\036\216\317aR\344""; "
1750527602527,1750527602527,0,1,0,1,TMProposeSet,"proposeSeq: 1; currentTxHash: ""\000\000\000\000\000\000\000\000\000\000\000\000\000\000\000\000\000\000\000\000\000\000\000\000\000\000\000\000\000\000\000\000""; nodePubKey: ""\002\225aM\037\203M\271C\224]$\245\215\334\264;{{\365%Z\2443U\201\242\320iUc\207\367""; closeTime: 803842790; signature: ""0E\002!\000\373\250:]\361Z\330Y]ax\270\340P\245\037\210>=J\001\251qn\253;\307\224\202`,\254\002 \036#\027\177\261\366\274\264R}\255\036X\256\211C\223\234B\t\366\370\315yu\036\372aH\221\244\220""; previousledger: ""c\021W4\027y\320\003\222Bm\314(t\277ZO\216""""\240\036\343;t\272\036\216\317aR\344""; ","proposeSeq: 1; currentTxHash: ""\000\000\000\000\000\000\000\000\000\000\000\000\000\000\000\000\000\000\000\000\000\000\000\000\000\000\000\000\000\000\000\000""; nodePubKey: ""\002\225aM\037\203M\271C\224]$\245\215\334\264;{{\365%Z\2443U\201\242\320iUc\207\367""; closeTime: 803842790; signature: ""0E\002!\000\373\250:]\361Z\330Y]ax\270\340P\245\037\210>=J\001\251qn\253;\307\224\202`,\254\002 \036#\027\177\261\366\274\264R}\255\036X\256\211C\223\234B\t\366\370\315yu\036\372aH\221\244\220""; previousledger: ""c\021W4\027y\320\003\222Bm\314(t\277ZO\216""""\240\036\343;t\272\036\216\317aR\344""; "
1750527602527,1750527602527,0,1,0,2,TMProposeSet,"proposeSeq: 1; currentTxHash: ""\000\000\000\000\000\000\000\000\000\000\000\000\000\000\000\000\000\000\000\000\000\000\000\000\000\000\000\000\000\000\000\000""; nodePubKey: ""\002\225aM\037\203M\271C\224]$\245\215\334\264;{{\365%Z\2443U\201\242\320iUc\207\367""; closeTime: 803842790; signature: ""0E\002!\000\373\250:]\361Z\330Y]ax\270\340P\245\037\210>=J\001\251qn\253;\307\224\202`,\254\002 \036#\027\177\261\366\274\264R}\255\036X\256\211C\223\234B\t\366\370\315yu\036\372aH\221\244\220""; previousledger: ""c\021W4\027y\320\003\222Bm\314(t\277ZO\216""""\240\036\343;t\272\036\216\317aR\344""; ","proposeSeq: 1; currentTxHash: ""\000\000\000\000\000\000\000\000\000\000\000\000\000\000\000\000\000\000\000\000\000\000\000\000\000\000\000\000\000\000\000\000""; nodePubKey: ""\002\225aM\037\203M\271C\224]$\245\215\334\264;{{\365%Z\2443U\201\242\320iUc\207\367""; closeTime: 803842790; signature: ""0E\002!\000\373\250:]\361Z\330Y]ax\270\340P\245\037\210>=J\001\251qn\253;\307\224\202`,\254\002 \036#\027\177\261\366\274\264R}\255\036X\256\211C\223\234B\t\366\370\315yu\036\372aH\221\244\220""; previousledger: ""c\021W4\027y\320\003\222Bm\314(t\277ZO\216""""\240\036\343;t\272\036\216\317aR\344""; "
1750527602527,1750527602527,0,1,0,4,TMProposeSet,"proposeSeq: 1; currentTxHash: ""\000\000\000\000\000\000\000\000\000\000\000\000\000\000\000\000\000\000\000\000\000\000\000\000\000\000\000\000\000\000\000\000""; nodePubKey: ""\002\225aM\037\203M\271C\224]$\245\215\334\264;{{\365%Z\2443U\201\242\320iUc\207\367""; closeTime: 803842790; signature: ""0E\002!\000\373\250:]\361Z\330Y]ax\270\340P\245\037\210>=J\001\251qn\253;\307\224\202`,\254\002 \036#\027\177\261\366\274\264R}\255\036X\256\211C\223\234B\t\366\370\315yu\036\372aH\221\244\220""; previousledger: ""c\021W4\027y\320\003\222Bm\314(t\277ZO\216""""\240\036\343;t\272\036\216\317aR\344""; ","proposeSeq: 1; currentTxHash: ""\000\000\000\000\000\000\000\000\000\000\000\000\000\000\000\000\000\000\000\000\000\000\000\000\000\000\000\000\000\000\000\000""; nodePubKey: ""\002\225aM\037\203M\271C\224]$\245\215\334\264;{{\365%Z\2443U\201\242\320iUc\207\367""; closeTime: 803842790; signature: ""0E\002!\000\373\250:]\361Z\330Y]ax\270\340P\245\037\210>=J\001\251qn\253;\307\224\202`,\254\002 \036#\027\177\261\366\274\264R}\255\036X\256\211C\223\234B\t\366\370\315yu\036\372aH\221\244\220""; previousledger: ""c\021W4\027y\320\003\222Bm\314(t\277ZO\216""""\240\036\343;t\272\036\216\317aR\344""; "
1750527602616,1750527602616,0,1,2,0,TMProposeSet,"proposeSeq: 1; currentTxHash: ""\000\000\000\000\000\000\000\000\000\000\000\000\000\000\000\000\000\000\000\000\000\000\000\000\000\000\000\000\000\000\000\000""; nodePubKey: ""\003\255\225A\213\332\224ehh\024BDq\224\250\335`\355\353{\357\266\335<\021\032\265\177\206\356&\215""; closeTime: 803842790; signature: ""0D\002 /\370`\323A\005$bdbM\031\271LQS\t\333\\256\031>\367[\n\367\034F\033\203\243\373\002 3\327\304b\332\036#\332g\237\371Iq\362\250\365\251\246\035!\204\323%:*\243W$5\230f9""; previousledger: ""\254\016Y2T\325\302;\374(S\200\340k\2629</\343\247r\307\330\025\371\201[\232\275\310G\326""; ","proposeSeq: 1; currentTxHash: ""\000\000\000\000\000\000\000\000\000\000\000\000\000\000\000\000\000\000\000\000\000\000\000\000\000\000\000\000\000\000\000\000""; nodePubKey: ""\003\255\225A\213\332\224ehh\024BDq\224\250\335`\355\353{\357\266\335<\021\032\265\177\206\356&\215""; closeTime: 803842790; signature: ""0D\002 /\370`\323A\005$bdbM\031\271LQS\t\333\\256\031>\367[\n\367\034F\033\203\243\373\002 3\327\304b\332\036#\332g\237\371Iq\362\250\365\251\246\035!\204\323%:*\243W$5\230f9""; previousledger: ""\254\016Y2T\325\302;\374(S\200\340k\2629</\343\247r\307\330\025\371\201[\232\275\310G\326""; "
1750527602616,1750527602616,0,1,2,3,TMProposeSet,"proposeSeq: 1; currentTxHash: ""\000\000\000\000\000\000\000\000\000\000\000\000\000\000\000\000\000\000\000\000\000\000\000\000\000\000\000\000\000\000\000\000""; nodePubKey: ""\003\255\225A\213\332\224ehh\024BDq\224\250\335`\355\353{\357\266\335<\021\032\265\177\206\356&\215""; closeTime: 803842790; signature: ""0D\002 /\370`\323A\005$bdbM\031\271LQS\t\333\\256\031>\367[\n\367\034F\033\203\243\373\002 3\327\304b\332\036#\332g\237\371Iq\362\250\365\251\246\035!\204\323%:*\243W$5\230f9""; previousledger: ""\254\016Y2T\325\302;\374(S\200\340k\2629</\343\247r\307\330\025\371\201[\232\275\310G\326""; ","proposeSeq: 1; currentTxHash: ""\000\000\000\000\000\000\000\000\000\000\000\000\000\000\000\000\000\000\000\000\000\000\000\000\000\000\000\000\000\000\000\000""; nodePubKey: ""\003\255\225A\213\332\224ehh\024BDq\224\250\335`\355\353{\357\266\335<\021\032\265\177\206\356&\215""; closeTime: 803842790; signature: ""0D\002 /\370`\323A\005$bdbM\031\271LQS\t\333\\256\031>\367[\n\367\034F\033\203\243\373\002 3\327\304b\332\036#\332g\237\371Iq\362\250\365\251\246\035!\204\323%:*\243W$5\230f9""; previousledger: ""\254\016Y2T\325\302;\374(S\200\340k\2629</\343\247r\307\330\025\371\201[\232\275\310G\326""; "
1750527602617,1750527602617,0,1,2,4,TMProposeSet,"proposeSeq: 1; currentTxHash: ""\000\000\000\000\000\000\000\000\000\000\000\000\000\000\000\000\000\000\000\000\000\000\000\000\000\000\000\000\000\000\000\000""; nodePubKey: ""\003\255\225A\213\332\224ehh\024BDq\224\250\335`\355\353{\357\266\335<\021\032\265\177\206\356&\215""; closeTime: 803842790; signature: ""0D\002 /\370`\323A\005$bdbM\031\271LQS\t\333\\256\031>\367[\n\367\034F\033\203\243\373\002 3\327\304b\332\036#\332g\237\371Iq\362\250\365\251\246\035!\204\323%:*\243W$5\230f9""; previousledger: ""\254\016Y2T\325\302;\374(S\200\340k\2629</\343\247r\307\330\025\371\201[\232\275\310G\326""; ","proposeSeq: 1; currentTxHash: ""\000\000\000\000\000\000\000\000\000\000\000\000\000\000\000\000\000\000\000\000\000\000\000\000\000\000\000\000\000\000\000\000""; nodePubKey: ""\003\255\225A\213\332\224ehh\024BDq\224\250\335`\355\353{\357\266\335<\021\032\265\177\206\356&\215""; closeTime: 803842790; signature: ""0D\002 /\370`\323A\005$bdbM\031\271LQS\t\333\\256\031>\367[\n\367\034F\033\203\243\373\002 3\327\304b\332\036#\332g\237\371Iq\362\250\365\251\246\035!\204\323%:*\243W$5\230f9""; previousledger: ""\254\016Y2T\325\302;\374(S\200\340k\2629</\343\247r\307\330\025\371\201[\232\275\310G\326""; "
1750527602618,1750527602618,0,1,2,1,TMProposeSet,"proposeSeq: 1; currentTxHash: ""\000\000\000\000\000\000\000\000\000\000\000\000\000\000\000\000\000\000\000\000\000\000\000\000\000\000\000\000\000\000\000\000""; nodePubKey: ""\003\255\225A\213\332\224ehh\024BDq\224\250\335`\355\353{\357\266\335<\021\032\265\177\206\356&\215""; closeTime: 803842790; signature: ""0D\002 /\370`\323A\005$bdbM\031\271LQS\t\333\\256\031>\367[\n\367\034F\033\203\243\373\002 3\327\304b\332\036#\332g\237\371Iq\362\250\365\251\246\035!\204\323%:*\243W$5\230f9""; previousledger: ""\254\016Y2T\325\302;\374(S\200\340k\2629</\343\247r\307\330\025\371\201[\232\275\310G\326""; ","proposeSeq: 1; currentTxHash: ""\000\000\000\000\000\000\000\000\000\000\000\000\000\000\000\000\000\000\000\000\000\000\000\000\000\000\000\000\000\000\000\000""; nodePubKey: ""\003\255\225A\213\332\224ehh\024BDq\224\250\335`\355\353{\357\266\335<\021\032\265\177\206\356&\215""; closeTime: 803842790; signature: ""0D\002 /\370`\323A\005$bdbM\031\271LQS\t\333\\256\031>\367[\n\367\034F\033\203\243\373\002 3\327\304b\332\036#\332g\237\371Iq\362\250\365\251\246\035!\204\323%:*\243W$5\230f9""; previousledger: ""\254\016Y2T\325\302;\374(S\200\340k\2629</\343\247r\307\330\025\371\201[\232\275\310G\326""; "
1750527603437,1750527603437,0,1,3,4,TMValidation,"validation: """"\200\000\000\001&\000\000\000\025)/\351\252\363:p\210\265\307-\212\200\004Qb&\270&\346ju\200\363N\320\307\004\034\001n\317\361\2653\254\2503\247\305\372\316W\022O\253xP\027\000\000\000\000\000\000\000\000\000\000\000\000\000\000\000\000\000\000\000\000\000\000\000\000\000\000\000\000\000\000\000\000P\031\023\313c\321B\032l\301h\005\320\252\301\361(\330[\343\357\343{\235\n\266g\272>\177\317\347\261qs!\002\364d\217\366\217|\316F\232\231\241\n\261\333`\312O\367\235\025DD\336e\367\n\312\326\221\037\025\230vG0E\002!\000\352\330\353*\177X\257\201.\212\321\345\207P\266s\315\324\355\000\034Hw\252,g\267\240OB\266\025\002 )y\005l\366\321\250>f\326\005\361\360h?\026\312\\255\261k\374\324\206\253\222\334\350 y6\200""; ","validation: """"\200\000\000\001&\000\000\000\025)/\351\252\363:p\210\265\307-\212\200\004Qb&\270&\346ju\200\363N\320\307\004\034\001n\317\361\2653\254\2503\247\305\372\316W\022O\253xP\027\000\000\000\000\000\000\000\000\000\000\000\000\000\000\000\000\000\000\000\000\000\000\000\000\000\000\000\000\000\000\000\000P\031\023\313c\321B\032l\301h\005\320\252\301\361(\330[\343\357\343{\235\n\266g\272>\177\317\347\261qs!\002\364d\217\366\217|\316F\232\231\241\n\261\333`\312O\367\235\025DD\336e\367\n\312\326\221\037\025\230vG0E\002!\000\352\330\353*\177X\257\201.\212\321\345\207P\266s\315\324\355\000\034Hw\252,g\267\240OB\266\025\002 )y\005l\366\321\250>f\326\005\361\360h?\026\312\\255\261k\374\324\206\253\222\334\350 y6\200""; "
1750527603438,1750527603438,0,1,3,0,TMValidation,"validation: """"\200\000\000\001&\000\000\000\025)/\351\252\363:p\210\265\307-\212\200\004Qb&\270&\346ju\200\363N\320\307\004\034\001n\317\361\2653\254\2503\247\305\372\316W\022O\253xP\027\000\000\000\000\000\000\000\000\000\000\000\000\000\000\000\000\000\000\000\000\000\000\000\000\000\000\000\000\000\000\000\000P\031\023\313c\321B\032l\301h\005\320\252\301\361(\330[\343\357\343{\235\n\266g\272>\177\317\347\261qs!\002\364d\217\366\217|\316F\232\231\241\n\261\333`\312O\367\235\025DD\336e\367\n\312\326\221\037\025\230vG0E\002!\000\352\330\353*\177X\257\201.\212\321\345\207P\266s\315\324\355\000\034Hw\252,g\267\240OB\266\025\002 )y\005l\366\321\250>f\326\005\361\360h?\026\312\\255\261k\374\324\206\253\222\334\350 y6\200""; ","validation: """"\200\000\000\001&\000\000\000\025)/\351\252\363:p\210\265\307-\212\200\004Qb&\270&\346ju\200\363N\320\307\004\034\001n\317\361\2653\254\2503\247\305\372\316W\022O\253xP\027\000\000\000\000\000\000\000\000\000\000\000\000\000\000\000\000\000\000\000\000\000\000\000\000\000\000\000\000\000\000\000\000P\031\023\313c\321B\032l\301h\005\320\252\301\361(\330[\343\357\343{\235\n\266g\272>\177\317\347\261qs!\002\364d\217\366\217|\316F\232\231\241\n\261\333`\312O\367\235\025DD\336e\367\n\312\326\221\037\025\230vG0E\002!\000\352\330\353*\177X\257\201.\212\321\345\207P\266s\315\324\355\000\034Hw\252,g\267\240OB\266\025\002 )y\005l\366\321\250>f\326\005\361\360h?\026\312\\255\261k\374\324\206\253\222\334\350 y6\200""; "
1750527603438,1750527603438,0,1,3,4,TMStatusChange,"newEvent: neACCEPTED_LEDGER; ledgerSeq: 21; ledgerHash: ""b&\270&\346ju\200\363N\320\307\004\034\001n\317\361\2653\254\2503\247\305\372\316W\022O\253x""; ledgerHashPrevious: ""\023\313c\321B\032l\301h\005\320\252\301\361(\330[\343\357\343{\235\n\266g\272>\177\317\347\261q""; networkTime: 803842803; firstSeq: 1; lastSeq: 20; ","newEvent: neACCEPTED_LEDGER; ledgerSeq: 21; ledgerHash: ""b&\270&\346ju\200\363N\320\307\004\034\001n\317\361\2653\254\2503\247\305\372\316W\022O\253x""; ledgerHashPrevious: ""\023\313c\321B\032l\301h\005\320\252\301\361(\330[\343\357\343{\235\n\266g\272>\177\317\347\261q""; networkTime: 803842803; firstSeq: 1; lastSeq: 20; "
1750527603439,1750527603439,0,1,3,0,TMStatusChange,"newEvent: neACCEPTED_LEDGER; ledgerSeq: 21; ledgerHash: ""b&\270&\346ju\200\363N\320\307\004\034\001n\317\361\2653\254\2503\247\305\372\316W\022O\253x""; ledgerHashPrevious: ""\023\313c\321B\032l\301h\005\320\252\301\361(\330[\343\357\343{\235\n\266g\272>\177\317\347\261q""; networkTime: 803842803; firstSeq: 1; lastSeq: 20; ","newEvent: neACCEPTED_LEDGER; ledgerSeq: 21; ledgerHash: ""b&\270&\346ju\200\363N\320\307\004\034\001n\317\361\2653\254\2503\247\305\372\316W\022O\253x""; ledgerHashPrevious: ""\023\313c\321B\032l\301h\005\320\252\301\361(\330[\343\357\343{\235\n\266g\272>\177\317\347\261q""; networkTime: 803842803; firstSeq: 1; lastSeq: 20; "
1750527603439,1750527603439,0,1,3,2,TMStatusChange,"newEvent: neACCEPTED_LEDGER; ledgerSeq: 21; ledgerHash: ""b&\270&\346ju\200\363N\320\307\004\034\001n\317\361\2653\254\2503\247\305\372\316W\022O\253x""; ledgerHashPrevious: ""\023\313c\321B\032l\301h\005\320\252\301\361(\330[\343\357\343{\235\n\266g\272>\177\317\347\261q""; networkTime: 803842803; firstSeq: 1; lastSeq: 20; ","newEvent: neACCEPTED_LEDGER; ledgerSeq: 21; ledgerHash: ""b&\270&\346ju\200\363N\320\307\004\034\001n\317\361\2653\254\2503\247\305\372\316W\022O\253x""; ledgerHashPrevious: ""\023\313c\321B\032l\301h\005\320\252\301\361(\330[\343\357\343{\235\n\266g\272>\177\317\347\261q""; networkTime: 803842803; firstSeq: 1; lastSeq: 20; "
1750527603440,1750527603440,0,1,3,1,TMValidation,"validation: """"\200\000\000\001&\000\000\000\025)/\351\252\363:p\210\265\307-\212\200\004Qb&\270&\346ju\200\363N\320\307\004\034\001n\317\361\2653\254\2503\247\305\372\316W\022O\253xP\027\000\000\000\000\000\000\000\000\000\000\000\000\000\000\000\000\000\000\000\000\000\000\000\000\000\000\000\000\000\000\000\000P\031\023\313c\321B\032l\301h\005\320\252\301\361(\330[\343\357\343{\235\n\266g\272>\177\317\347\261qs!\002\364d\217\366\217|\316F\232\231\241\n\261\333`\312O\367\235\025DD\336e\367\n\312\326\221\037\025\230vG0E\002!\000\352\330\353*\177X\257\201.\212\321\345\207P\266s\315\324\355\000\034Hw\252,g\267\240OB\266\025\002 )y\005l\366\321\250>f\326\005\361\360h?\026\312\\255\261k\374\324\206\253\222\334\350 y6\200""; ","validation: """"\200\000\000\001&\000\000\000\025)/\351\252\363:p\210\265\307-\212\200\004Qb&\270&\346ju\200\363N\320\307\004\034\001n\317\361\2653\254\2503\247\305\372\316W\022O\253xP\027\000\000\000\000\000\000\000\000\000\000\000\000\000\000\000\000\000\000\000\000\000\000\000\000\000\000\000\000\000\000\000\000P\031\023\313c\321B\032l\301h\005\320\252\301\361(\330[\343\357\343{\235\n\266g\272>\177\317\347\261qs!\002\364d\217\366\217|\316F\232\231\241\n\261\333`\312O\367\235\025DD\336e\367\n\312\326\221\037\025\230vG0E\002!\000\352\330\353*\177X\257\201.\212\321\345\207P\266s\315\324\355\000\034Hw\252,g\267\240OB\266\025\002 )y\005l\366\321\250>f\326\005\361\360h?\026\312\\255\261k\374\324\206\253\222\334\350 y6\200""; "
1750527603441,1750527603442,0,1,3,2,TMValidation,"validation: """"\200\000\000\001&\000\000\000\025)/\351\252\363:p\210\265\307-\212\200\004Qb&\270&\346ju\200\363N\320\307\004\034\001n\317\361\2653\254\2503\247\305\372\316W\022O\253xP\027\000\000\000\000\000\000\000\000\000\000\000\000\000\000\000\000\000\000\000\000\000\000\000\000\000\000\000\000\000\000\000\000P\031\023\313c\321B\032l\301h\005\320\252\301\361(\330[\343\357\343{\235\n\266g\272>\177\317\347\261qs!\002\364d\217\366\217|\316F\232\231\241\n\261\333`\312O\367\235\025DD\336e\367\n\312\326\221\037\025\230vG0E\002!\000\352\330\353*\177X\257\201.\212\321\345\207P\266s\315\324\355\000\034Hw\252,g\267\240OB\266\025\002 )y\005l\366\321\250>f\326\005\361\360h?\026\312\\255\261k\374\324\206\253\222\334\350 y6\200""; ","validation: """"\200\000\000\001&\000\000\000\025)/\351\252\363:p\210\265\307-\212\200\004Qb&\270&\346ju\200\363N\320\307\004\034\001n\317\361\2653\254\2503\247\305\372\316W\022O\253xP\027\000\000\000\000\000\000\000\000\000\000\000\000\000\000\000\000\000\000\000\000\000\000\000\000\000\000\000\000\000\000\000\000P\031\023\313c\321B\032l\301h\005\320\252\301\361(\330[\343\357\343{\235\n\266g\272>\177\317\347\261qs!\002\364d\217\366\217|\316F\232\231\241\n\261\333`\312O\367\235\025DD\336e\367\n\312\326\221\037\025\230vG0E\002!\000\352\330\353*\177X\257\201.\212\321\345\207P\266s\315\324\355\000\034Hw\252,g\267\240OB\266\025\002 )y\005l\366\321\250>f\326\005\361\360h?\026\312\\255\261k\374\324\206\253\222\334\350 y6\200""; "
1750527603442,1750527603442,0,1,3,1,TMStatusChange,"newEvent: neACCEPTED_LEDGER; ledgerSeq: 21; ledgerHash: ""b&\270&\346ju\200\363N\320\307\004\034\001n\317\361\2653\254\2503\247\305\372\316W\022O\253x""; ledgerHashPrevious: ""\023\313c\321B\032l\301h\005\320\252\301\361(\330[\343\357\343{\235\n\266g\272>\177\317\347\261q""; networkTime: 803842803; firstSeq: 1; lastSeq: 20; ","newEvent: neACCEPTED_LEDGER; ledgerSeq: 21; ledgerHash: ""b&\270&\346ju\200\363N\320\307\004\034\001n\317\361\2653\254\2503\247\305\372\316W\022O\253x""; ledgerHashPrevious: ""\023\313c\321B\032l\301h\005\320\252\301\361(\330[\343\357\343{\235\n\266g\272>\177\317\347\261q""; networkTime: 803842803; firstSeq: 1; lastSeq: 20; "
1750527603442,1750527603442,0,1,4,0,TMGetLedger,"itype: liBASE; ledgerHash: ""b&\270&\346ju\200\363N\320\307\004\034\001n\317\361\2653\254\2503\247\305\372\316W\022O\253x""; ","itype: liBASE; ledgerHash: ""b&\270&\346ju\200\363N\320\307\004\034\001n\317\361\2653\254\2503\247\305\372\316W\022O\253x""; "
1750527603443,1750527603443,0,1,4,0,TMValidation,"validation: """"\200\000\000\001&\000\000\000\025)/\351\252\363:p\210\265\307-\212\200\004Qb&\270&\346ju\200\363N\320\307\004\034\001n\317\361\2653\254\2503\247\305\372\316W\022O\253xP\027\000\000\000\000\000\000\000\000\000\000\000\000\000\000\000\000\000\000\000\000\000\000\000\000\000\000\000\000\000\000\000\000P\031\023\313c\321B\032l\301h\005\320\252\301\361(\330[\343\357\343{\235\n\266g\272>\177\317\347\261qs!\002\364d\217\366\217|\316F\232\231\241\n\261\333`\312O\367\235\025DD\336e\367\n\312\326\221\037\025\230vG0E\002!\000\352\330\353*\177X\257\201.\212\321\345\207P\266s\315\324\355\000\034Hw\252,g\267\240OB\266\025\002 )y\005l\366\321\250>f\326\005\361\360h?\026\312\\255\261k\374\324\206\253\222\334\350 y6\200""; ","validation: """"\200\000\000\001&\000\000\000\025)/\351\252\363:p\210\265\307-\212\200\004Qb&\270&\346ju\200\363N\320\307\004\034\001n\317\361\2653\254\2503\247\305\372\316W\022O\253xP\027\000\000\000\000\000\000\000\000\000\000\000\000\000\000\000\000\000\000\000\000\000\000\000\000\000\000\000\000\000\000\000\000P\031\023\313c\321B\032l\301h\005\320\252\301\361(\330[\343\357\343{\235\n\266g\272>\177\317\347\261qs!\002\364d\217\366\217|\316F\232\231\241\n\261\333`\312O\367\235\025DD\336e\367\n\312\326\221\037\025\230vG0E\002!\000\352\330\353*\177X\257\201.\212\321\345\207P\266s\315\324\355\000\034Hw\252,g\267\240OB\266\025\002 )y\005l\366\321\250>f\326\005\361\360h?\026\312\\255\261k\374\324\206\253\222\334\350 y6\200""; "
1750527603443,1750527603443,0,1,4,2,TMValidation,"validation: """"\200\000\000\001&\000\000\000\025)/\351\252\363:p\210\265\307-\212\200\004Qb&\270&\346ju\200\363N\320\307\004\034\001n\317\361\2653\254\2503\247\305\372\316W\022O\253xP\027\000\000\000\000\000\000\000\000\000\000\000\000\000\000\000\000\000\000\000\000\000\000\000\000\000\000\000\000\000\000\000\000P\031\023\313c\321B\032l\301h\005\320\252\301\361(\330[\343\357\343{\235\n\266g\272>\177\317\347\261qs!\002\364d\217\366\217|\316F\232\231\241\n\261\333`\312O\367\235\025DD\336e\367\n\312\326\221\037\025\230vG0E\002!\000\352\330\353*\177X\257\201.\212\321\345\207P\266s\315\324\355\000\034Hw\252,g\267\240OB\266\025\002 )y\005l\366\321\250>f\326\005\361\360h?\026\312\\255\261k\374\324\206\253\222\334\350 y6\200""; ","validation: """"\200\000\000\001&\000\000\000\025)/\351\252\363:p\210\265\307-\212\200\004Qb&\270&\346ju\200\363N\320\307\004\034\001n\317\361\2653\254\2503\247\305\372\316W\022O\253xP\027\000\000\000\000\000\000\000\000\000\000\000\000\000\000\000\000\000\000\000\000\000\000\000\000\000\000\000\000\000\000\000\000P\031\023\313c\321B\032l\301h\005\320\252\301\361(\330[\343\357\343{\235\n\266g\272>\177\317\347\261qs!\002\364d\217\366\217|\316F\232\231\241\n\261\333`\312O\367\235\025DD\336e\367\n\312\326\221\037\025\230vG0E\002!\000\352\330\353*\177X\257\201.\212\321\345\207P\266s\315\324\355\000\034Hw\252,g\267\240OB\266\025\002 )y\005l\366\321\250>f\326\005\361\360h?\026\312\\255\261k\374\324\206\253\222\334\350 y6\200""; "
1750527603444,1750527603444,0,1,4,1,TMGetLedger,"itype: liBASE; ledgerHash: ""b&\270&\346ju\200\363N\320\307\004\034\001n\317\361\2653\254\2503\247\305\372\316W\022O\253x""; ","itype: liBASE; ledgerHash: ""b&\270&\346ju\200\363N\320\307\004\034\001n\317\361\2653\254\2503\247\305\372\316W\022O\253x""; "
1750527603445,1750527603445,0,1,4,3,TMGetLedger,"itype: liBASE; ledgerHash: ""b&\270&\346ju\200\363N\320\307\004\034\001n\317\361\2653\254\2503\247\305\372\316W\022O\253x""; ","itype: liBASE; ledgerHash: ""b&\270&\346ju\200\363N\320\307\004\034\001n\317\361\2653\254\2503\247\305\372\316W\022O\253x""; "
1750527603445,1750527603445,0,1,4,1,TMGetLedger,"itype: liBASE; ledgerHash: ""b&\270&\346ju\200\363N\320\307\004\034\001n\317\361\2653\254\2503\247\305\372\316W\022O\253x""; queryType: qtINDIRECT; ","itype: liBASE; ledgerHash: ""b&\270&\346ju\200\363N\320\307\004\034\001n\317\361\2653\254\2503\247\305\372\316W\022O\253x""; queryType: qtINDIRECT; "
1750527603445,1750527603445,0,1,4,1,TMValidation,"validation: """"\200\000\000\001&\000\000\000\025)/\351\252\363:p\210\265\307-\212\200\004Qb&\270&\346ju\200\363N\320\307\004\034\001n\317\361\2653\254\2503\247\305\372\316W\022O\253xP\027\000\000\000\000\000\000\000\000\000\000\000\000\000\000\000\000\000\000\000\000\000\000\000\000\000\000\000\000\000\000\000\000P\031\023\313c\321B\032l\301h\005\320\252\301\361(\330[\343\357\343{\235\n\266g\272>\177\317\347\261qs!\002\364d\217\366\217|\316F\232\231\241\n\261\333`\312O\367\235\025DD\336e\367\n\312\326\221\037\025\230vG0E\002!\000\352\330\353*\177X\257\201.\212\321\345\207P\266s\315\324\355\000\034Hw\252,g\267\240OB\266\025\002 )y\005l\366\321\250>f\326\005\361\360h?\026\312\\255\261k\374\324\206\253\222\334\350 y6\200""; ","validation: """"\200\000\000\001&\000\000\000\025)/\351\252\363:p\210\265\307-\212\200\004Qb&\270&\346ju\200\363N\320\307\004\034\001n\317\361\2653\254\2503\247\305\372\316W\022O\253xP\027\000\000\000\000\000\000\000\000\000\000\000\000\000\000\000\000\000\000\000\000\000\000\000\000\000\000\000\000\000\000\000\000P\031\023\313c\321B\032l\301h\005\320\252\301\361(\330[\343\357\343{\235\n\266g\272>\177\317\347\261qs!\002\364d\217\366\217|\316F\232\231\241\n\261\333`\312O\367\235\025DD\336e\367\n\312\326\221\037\025\230vG0E\002!\000\352\330\353*\177X\257\201.\212\321\345\207P\266s\315\324\355\000\034Hw\252,g\267\240OB\266\025\002 )y\005l\366\321\250>f\326\005\361\360h?\026\312\\255\261k\374\324\206\253\222\334\350 y6\200""; "
1750527603446,1750527603446,0,1,4,2,TMGetLedger,"itype: liBASE; ledgerHash: ""b&\270&\346ju\200\363N\320\307\004\034\001n\317\361\2653\254\2503\247\305\372\316W\022O\253x""; ","itype: liBASE; ledgerHash: ""b&\270&\346ju\200\363N\320\307\004\034\001n\317\361\2653\254\2503\247\305\372\316W\022O\253x""; "
1750527603455,1750527603456,0,1,4,0,TMGetLedger,"itype: liBASE; ledgerHash: ""b&\270&\346ju\200\363N\320\307\004\034\001n\317\361\2653\254\2503\247\305\372\316W\022O\253x""; queryType: qtINDIRECT; ","itype: liBASE; ledgerHash: ""b&\270&\346ju\200\363N\320\307\004\034\001n\317\361\2653\254\2503\247\305\372\316W\022O\253x""; queryType: qtINDIRECT; "
1750527603457,1750527603457,0,1,4,3,TMGetLedger,"itype: liBASE; ledgerHash: ""b&\270&\346ju\200\363N\320\307\004\034\001n\317\361\2653\254\2503\247\305\372\316W\022O\253x""; queryType: qtINDIRECT; ","itype: liBASE; ledgerHash: ""b&\270&\346ju\200\363N\320\307\004\034\001n\317\361\2653\254\2503\247\305\372\316W\022O\253x""; queryType: qtINDIRECT; "
1750527603457,1750527603457,0,1,4,2,TMGetLedger,"itype: liBASE; ledgerHash: ""b&\270&\346ju\200\363N\320\307\004\034\001n\317\361\2653\254\2503\247\305\372\316W\022O\253x""; queryType: qtINDIRECT; ","itype: liBASE; ledgerHash: ""b&\270&\346ju\200\363N\320\307\004\034\001n\317\361\2653\254\2503\247\305\372\316W\022O\253x""; queryType: qtINDIRECT; "
1750527603459,1750527603459,0,1,0,4,TMGetLedger,"itype: liBASE; ledgerHash: ""b&\270&\346ju\200\363N\320\307\004\034\001n\317\361\2653\254\2503\247\305\372\316W\022O\253x""; ledgerSeq: 21; ","itype: liBASE; ledgerHash: ""b&\270&\346ju\200\363N\320\307\004\034\001n\317\361\2653\254\2503\247\305\372\316W\022O\253x""; ledgerSeq: 21; "
1750527603461,1750527603461,0,1,0,2,TMGetLedger,"itype: liBASE; ledgerHash: ""b&\270&\346ju\200\363N\320\307\004\034\001n\317\361\2653\254\2503\247\305\372\316W\022O\253x""; ledgerSeq: 21; ","itype: liBASE; ledgerHash: ""b&\270&\346ju\200\363N\320\307\004\034\001n\317\361\2653\254\2503\247\305\372\316W\022O\253x""; ledgerSeq: 21; "
1750527603461,1750527603461,0,1,0,3,TMGetLedger,"itype: liBASE; ledgerHash: ""b&\270&\346ju\200\363N\320\307\004\034\001n\317\361\2653\254\2503\247\305\372\316W\022O\253x""; ledgerSeq: 21; ","itype: liBASE; ledgerHash: ""b&\270&\346ju\200\363N\320\307\004\034\001n\317\361\2653\254\2503\247\305\372\316W\022O\253x""; ledgerSeq: 21; "
1750527603463,1750527603463,0,1,0,1,TMValidation,"validation: """"\200\000\000\001&\000\000\000\025)/\351\252\363:p\210\265\307-\212\200\004Qb&\270&\346ju\200\363N\320\307\004\034\001n\317\361\2653\254\2503\247\305\372\316W\022O\253xP\027\000\000\000\000\000\000\000\000\000\000\000\000\000\000\000\000\000\000\000\000\000\000\000\000\000\000\000\000\000\000\000\000P\031\023\313c\321B\032l\301h\005\320\252\301\361(\330[\343\357\343{\235\n\266g\272>\177\317\347\261qs!\002\364d\217\366\217|\316F\232\231\241\n\261\333`\312O\367\235\025DD\336e\367\n\312\326\221\037\025\230vG0E\002!\000\352\330\353*\177X\257\201.\212\321\345\207P\266s\315\324\355\000\034Hw\252,g\267\240OB\266\025\002 )y\005l\366\321\250>f\326\005\361\360h?\026\312\\255\261k\374\324\206\253\222\334\350 y6\200""; ","validation: """"\200\000\000\001&\000\000\000\025)/\351\252\363:p\210\265\307-\212\200\004Qb&\270&\346ju\200\363N\320\307\004\034\001n\317\361\2653\254\2503\247\305\372\316W\022O\253xP\027\000\000\000\000\000\000\000\000\000\000\000\000\000\000\000\000\000\000\000\000\000\000\000\000\000\000\000\000\000\000\000\000P\031\023\313c\321B\032l\301h\005\320\252\301\361(\330[\343\357\343{\235\n\266g\272>\177\317\347\261qs!\002\364d\217\366\217|\316F\232\231\241\n\261\333`\312O\367\235\025DD\336e\367\n\312\326\221\037\025\230vG0E\002!\000\352\330\353*\177X\257\201.\212\321\345\207P\266s\315\324\355\000\034Hw\252,g\267\240OB\266\025\002 )y\005l\366\321\250>f\326\005\361\360h?\026\312\\255\261k\374\324\206\253\222\334\350 y6\200""; "
1750527603463,1750527603463,0,1,0,1,TMGetLedger,"itype: liBASE; ledgerHash: ""b&\270&\346ju\200\363N\320\307\004\034\001n\317\361\2653\254\2503\247\305\372\316W\022O\253x""; ledgerSeq: 21; ","itype: liBASE; ledgerHash: ""b&\270&\346ju\200\363N\320\307\004\034\001n\317\361\2653\254\2503\247\305\372\316W\022O\253x""; ledgerSeq: 21; "
1750527603464,1750527603464,0,1,0,2,TMValidation,"validation: """"\200\000\000\001&\000\000\000\025)/\351\252\363:p\210\265\307-\212\200\004Qb&\270&\346ju\200\363N\320\307\004\034\001n\317\361\2653\254\2503\247\305\372\316W\022O\253xP\027\000\000\000\000\000\000\000\000\000\000\000\000\000\000\000\000\000\000\000\000\000\000\000\000\000\000\000\000\000\000\000\000P\031\023\313c\321B\032l\301h\005\320\252\301\361(\330[\343\357\343{\235\n\266g\272>\177\317\347\261qs!\002\364d\217\366\217|\316F\232\231\241\n\261\333`\312O\367\235\025DD\336e\367\n\312\326\221\037\025\230vG0E\002!\000\352\330\353*\177X\257\201.\212\321\345\207P\266s\315\324\355\000\034Hw\252,g\267\240OB\266\025\002 )y\005l\366\321\250>f\326\005\361\360h?\026\312\\255\261k\374\324\206\253\222\334\350 y6\200""; ","validation: """"\200\000\000\001&\000\000\000\025)/\351\252\363:p\210\265\307-\212\200\004Qb&\270&\346ju\200\363N\320\307\004\034\001n\317\361\2653\254\2503\247\305\372\316W\022O\253xP\027\000\000\000\000\000\000\000\000\000\000\000\000\000\000\000\000\000\000\000\000\000\000\000\000\000\000\000\000\000\000\000\000P\031\023\313c\321B\032l\301h\005\320\252\301\361(\330[\343\357\343{\235\n\266g\272>\177\317\347\261qs!\002\364d\217\366\217|\316F\232\231\241\n\261\333`\312O\367\235\025DD\336e\367\n\312\326\221\037\025\230vG0E\002!\000\352\330\353*\177X\257\201.\212\321\345\207P\266s\315\324\355\000\034Hw\252,g\267\240OB\266\025\002 )y\005l\366\321\250>f\326\005\361\360h?\026\312\\255\261k\374\324\206\253\222\334\350 y6\200""; "
1750527603465,1750527603465,0,1,0,4,TMValidation,"validation: """"\200\000\000\001&\000\000\000\025)/\351\252\363:p\210\265\307-\212\200\004Qb&\270&\346ju\200\363N\320\307\004\034\001n\317\361\2653\254\2503\247\305\372\316W\022O\253xP\027\000\000\000\000\000\000\000\000\000\000\000\000\000\000\000\000\000\000\000\000\000\000\000\000\000\000\000\000\000\000\000\000P\031\023\313c\321B\032l\301h\005\320\252\301\361(\330[\343\357\343{\235\n\266g\272>\177\317\347\261qs!\002\364d\217\366\217|\316F\232\231\241\n\261\333`\312O\367\235\025DD\336e\367\n\312\326\221\037\025\230vG0E\002!\000\352\330\353*\177X\257\201.\212\321\345\207P\266s\315\324\355\000\034Hw\252,g\267\240OB\266\025\002 )y\005l\366\321\250>f\326\005\361\360h?\026\312\\255\261k\374\324\206\253\222\334\350 y6\200""; ","validation: """"\200\000\000\001&\000\000\000\025)/\351\252\363:p\210\265\307-\212\200\004Qb&\270&\346ju\200\363N\320\307\004\034\001n\317\361\2653\254\2503\247\305\372\316W\022O\253xP\027\000\000\000\000\000\000\000\000\000\000\000\000\000\000\000\000\000\000\000\000\000\000\000\000\000\000\000\000\000\000\000\000P\031\023\313c\321B\032l\301h\005\320\252\301\361(\330[\343\357\343{\235\n\266g\272>\177\317\347\261qs!\002\364d\217\366\217|\316F\232\231\241\n\261\333`\312O\367\235\025DD\336e\367\n\312\326\221\037\025\230vG0E\002!\000\352\330\353*\177X\257\201.\212\321\345\207P\266s\315\324\355\000\034Hw\252,g\267\240OB\266\025\002 )y\005l\366\321\250>f\326\005\361\360h?\026\312\\255\261k\374\324\206\253\222\334\350 y6\200""; "
1750527603466,1750527603466,0,1,0,3,TMGetLedger,"itype: liBASE; ledgerHash: ""b&\270&\346ju\200\363N\320\307\004\034\001n\317\361\2653\254\2503\247\305\372\316W\022O\253x""; ledgerSeq: 21; queryType: qtINDIRECT; ","itype: liBASE; ledgerHash: ""b&\270&\346ju\200\363N\320\307\004\034\001n\317\361\2653\254\2503\247\305\372\316W\022O\253x""; ledgerSeq: 21; queryType: qtINDIRECT; "
1750527603466,1750527603466,0,1,0,1,TMGetLedger,"itype: liBASE; ledgerHash: ""b&\270&\346ju\200\363N\320\307\004\034\001n\317\361\2653\254\2503\247\305\372\316W\022O\253x""; ledgerSeq: 21; queryType: qtINDIRECT; ","itype: liBASE; ledgerHash: ""b&\270&\346ju\200\363N\320\307\004\034\001n\317\361\2653\254\2503\247\305\372\316W\022O\253x""; ledgerSeq: 21; queryType: qtINDIRECT; "
1750527603467,1750527603467,0,1,0,4,TMGetLedger,"itype: liBASE; ledgerHash: ""b&\270&\346ju\200\363N\320\307\004\034\001n\317\361\2653\254\2503\247\305\372\316W\022O\253x""; ledgerSeq: 21; queryType: qtINDIRECT; ","itype: liBASE; ledgerHash: ""b&\270&\346ju\200\363N\320\307\004\034\001n\317\361\2653\254\2503\247\305\372\316W\022O\253x""; ledgerSeq: 21; queryType: qtINDIRECT; "
1750527603468,1750527603468,0,1,0,2,TMGetLedger,"itype: liBASE; ledgerHash: ""b&\270&\346ju\200\363N\320\307\004\034\001n\317\361\2653\254\2503\247\305\372\316W\022O\253x""; ledgerSeq: 21; queryType: qtINDIRECT; ","itype: liBASE; ledgerHash: ""b&\270&\346ju\200\363N\320\307\004\034\001n\317\361\2653\254\2503\247\305\372\316W\022O\253x""; ledgerSeq: 21; queryType: qtINDIRECT; "
1750527603468,1750527603468,0,1,1,2,TMGetLedger,"itype: liBASE; ledgerHash: ""b&\270&\346ju\200\363N\320\307\004\034\001n\317\361\2653\254\2503\247\305\372\316W\022O\253x""; ledgerSeq: 21; ","itype: liBASE; ledgerHash: ""b&\270&\346ju\200\363N\320\307\004\034\001n\317\361\2653\254\2503\247\305\372\316W\022O\253x""; ledgerSeq: 21; "
1750527603469,1750527603469,0,1,1,3,TMGetLedger,"itype: liBASE; ledgerHash: ""b&\270&\346ju\200\363N\320\307\004\034\001n\317\361\2653\254\2503\247\305\372\316W\022O\253x""; ledgerSeq: 21; ","itype: liBASE; ledgerHash: ""b&\270&\346ju\200\363N\320\307\004\034\001n\317\361\2653\254\2503\247\305\372\316W\022O\253x""; ledgerSeq: 21; "
1750527603469,1750527603469,0,1,1,4,TMValidation,"validation: """"\200\000\000\001&\000\000\000\025)/\351\252\363:p\210\265\307-\212\200\004Qb&\270&\346ju\200\363N\320\307\004\034\001n\317\361\2653\254\2503\247\305\372\316W\022O\253xP\027\000\000\000\000\000\000\000\000\000\000\000\000\000\000\000\000\000\000\000\000\000\000\000\000\000\000\000\000\000\000\000\000P\031\023\313c\321B\032l\301h\005\320\252\301\361(\330[\343\357\343{\235\n\266g\272>\177\317\347\261qs!\002\364d\217\366\217|\316F\232\231\241\n\261\333`\312O\367\235\025DD\336e\367\n\312\326\221\037\025\230vG0E\002!\000\352\330\353*\177X\257\201.\212\321\345\207P\266s\315\324\355\000\034Hw\252,g\267\240OB\266\025\002 )y\005l\366\321\250>f\326\005\361\360h?\026\312\\255\261k\374\324\206\253\222\334\350 y6\200""; ","validation: """"\200\000\000\001&\000\000\000\025)/\351\252\363:p\210\265\307-\212\200\004Qb&\270&\346ju\200\363N\320\307\004\034\001n\317\361\2653\254\2503\247\305\372\316W\022O\253xP\027\000\000\000\000\000\000\000\000\000\000\000\000\000\000\000\000\000\000\000\000\000\000\000\000\000\000\000\000\000\000\000\000P\031\023\313c\321B\032l\301h\005\320\252\301\361(\330[\343\357\343{\235\n\266g\272>\177\317\347\261qs!\002\364d\217\366\217|\316F\232\231\241\n\261\333`\312O\367\235\025DD\336e\367\n\312\326\221\037\025\230vG0E\002!\000\352\330\353*\177X\257\201.\212\321\345\207P\266s\315\324\355\000\034Hw\252,g\267\240OB\266\025\002 )y\005l\366\321\250>f\326\005\361\360h?\026\312\\255\261k\374\324\206\253\222\334\350 y6\200""; "
1750527603470,1750527603470,0,1,1,0,TMValidation,"validation: """"\200\000\000\001&\000\000\000\025)/\351\252\363:p\210\265\307-\212\200\004Qb&\270&\346ju\200\363N\320\307\004\034\001n\317\361\2653\254\2503\247\305\372\316W\022O\253xP\027\000\000\000\000\000\000\000\000\000\000\000\000\000\000\000\000\000\000\000\000\000\000\000\000\000\000\000\000\000\000\000\000P\031\023\313c\321B\032l\301h\005\320\252\301\361(\330[\343\357\343{\235\n\266g\272>\177\317\347\261qs!\002\364d\217\366\217|\316F\232\231\241\n\261\333`\312O\367\235\025DD\336e\367\n\312\326\221\037\025\230vG0E\002!\000\352\330\353*\177X\257\201.\212\321\345\207P\266s\315\324\355\000\034Hw\252,g\267\240OB\266\025\002 )y\005l\366\321\250>f\326\005\361\360h?\026\312\\255\261k\374\324\206\253\222\334\350 y6\200""; ","validation: """"\200\000\000\001&\000\000\000\025)/\351\252\363:p\210\265\307-\212\200\004Qb&\270&\346ju\200\363N\320\307\004\034\001n\317\361\2653\254\2503\247\305\372\316W\022O\253xP\027\000\000\000\000\000\000\000\000\000\000\000\000\000\000\000\000\000\000\000\000\000\000\000\000\000\000\000\000\000\000\000\000P\031\023\313c\321B\032l\301h\005\320\252\301\361(\330[\343\357\343{\235\n\266g\272>\177\317\347\261qs!\002\364d\217\366\217|\316F\232\231\241\n\261\333`\312O\367\235\025DD\336e\367\n\312\326\221\037\025\230vG0E\002!\000\352\330\353*\177X\257\201.\212\321\345\207P\266s\315\324\355\000\034Hw\252,g\267\240OB\266\025\002 )y\005l\366\321\250>f\326\005\361\360h?\026\312\\255\261k\374\324\206\253\222\334\350 y6\200""; "
1750527603471,1750527603471,0,1,1,4,TMGetLedger,"itype: liBASE; ledgerHash: ""b&\270&\346ju\200\363N\320\307\004\034\001n\317\361\2653\254\2503\247\305\372\316W\022O\253x""; ledgerSeq: 21; ","itype: liBASE; ledgerHash: ""b&\270&\346ju\200\363N\320\307\004\034\001n\317\361\2653\254\2503\247\305\372\316W\022O\253x""; ledgerSeq: 21; "
1750527603471,1750527603472,0,1,1,0,TMGetLedger,"itype: liBASE; ledgerHash: ""b&\270&\346ju\200\363N\320\307\004\034\001n\317\361\2653\254\2503\247\305\372\316W\022O\253x""; ledgerSeq: 21; ","itype: liBASE; ledgerHash: ""b&\270&\346ju\200\363N\320\307\004\034\001n\317\361\2653\254\2503\247\305\372\316W\022O\253x""; ledgerSeq: 21; "
1750527603472,1750527603472,0,1,1,2,TMValidation,"validation: """"\200\000\000\001&\000\000\000\025)/\351\252\363:p\210\265\307-\212\200\004Qb&\270&\346ju\200\363N\320\307\004\034\001n\317\361\2653\254\2503\247\305\372\316W\022O\253xP\027\000\000\000\000\000\000\000\000\000\000\000\000\000\000\000\000\000\000\000\000\000\000\000\000\000\000\000\000\000\000\000\000P\031\023\313c\321B\032l\301h\005\320\252\301\361(\330[\343\357\343{\235\n\266g\272>\177\317\347\261qs!\002\364d\217\366\217|\316F\232\231\241\n\261\333`\312O\367\235\025DD\336e\367\n\312\326\221\037\025\230vG0E\002!\000\352\330\353*\177X\257\201.\212\321\345\207P\266s\315\324\355\000\034Hw\252,g\267\240OB\266\025\002 )y\005l\366\321\250>f\326\005\361\360h?\026\312\\255\261k\374\324\206\253\222\334\350 y6\200""; ","validation: """"\200\000\000\001&\000\000\000\025)/\351\252\363:p\210\265\307-\212\200\004Qb&\270&\346ju\200\363N\320\307\004\034\001n\317\361\2653\254\2503\247\305\372\316W\022O\253xP\027\000\000\000\000\000\000\000\000\000\000\000\000\000\000\000\000\000\000\000\000\000\000\000\000\000\000\000\000\000\000\000\000P\031\023\313c\321B\032l\301h\005\320\252\301\361(\330[\343\357\343{\235\n\266g\272>\177\317\347\261qs!\002\364d\217\366\217|\316F\232\231\241\n\261\333`\312O\367\235\025DD\336e\367\n\312\326\221\037\025\230vG0E\002!\000\352\330\353*\177X\257\201.\212\321\345\207P\266s\315\324\355\000\034Hw\252,g\267\240OB\266\025\002 )y\005l\366\321\250>f\326\005\361\360h?\026\312\\255\261k\374\324\206\253\222\334\350 y6\200""; "
1750527603473,1750527603473,0,1,1,0,TMGetLedger,"itype: liBASE; ledgerHash: ""b&\270&\346ju\200\363N\320\307\004\034\001n\317\361\2653\254\2503\247\305\372\316W\022O\253x""; ledgerSeq: 21; queryType: qtINDIRECT; ","itype: liBASE; ledgerHash: ""b&\270&\346ju\200\363N\320\307\004\034\001n\317\361\2653\254\2503\247\305\372\316W\022O\253x""; ledgerSeq: 21; queryType: qtINDIRECT; "
1750527603473,1750527603473,0,1,1,2,TMGetLedger,"itype: liBASE; ledgerHash: ""b&\270&\346ju\200\363N\320\307\004\034\001n\317\361\2653\254\2503\247\305\372\316W\022O\253x""; ledgerSeq: 21; queryType: qtINDIRECT; ","itype: liBASE; ledgerHash: ""b&\270&\346ju\200\363N\320\307\004\034\001n\317\361\2653\254\2503\247\305\372\316W\022O\253x""; ledgerSeq: 21; queryType: qtINDIRECT; "
1750527603473,1750527603473,0,1,1,3,TMGetLedger,"itype: liBASE; ledgerHash: ""b&\270&\346ju\200\363N\320\307\004\034\001n\317\361\2653\254\2503\247\305\372\316W\022O\253x""; ledgerSeq: 21; queryType: qtINDIRECT; ","itype: liBASE; ledgerHash: ""b&\270&\346ju\200\363N\320\307\004\034\001n\317\361\2653\254\2503\247\305\372\316W\022O\253x""; ledgerSeq: 21; queryType: qtINDIRECT; "
1750527603474,1750527603474,0,1,1,4,TMGetLedger,"itype: liBASE; ledgerHash: ""b&\270&\346ju\200\363N\320\307\004\034\001n\317\361\2653\254\2503\247\305\372\316W\022O\253x""; ledgerSeq: 21; queryType: qtINDIRECT; ","itype: liBASE; ledgerHash: ""b&\270&\346ju\200\363N\320\307\004\034\001n\317\361\2653\254\2503\247\305\372\316W\022O\253x""; ledgerSeq: 21; queryType: qtINDIRECT; "
1750527603474,1750527603474,0,1,2,3,TMGetLedger,"itype: liBASE; ledgerHash: ""b&\270&\346ju\200\363N\320\307\004\034\001n\317\361\2653\254\2503\247\305\372\316W\022O\253x""; ledgerSeq: 21; ","itype: liBASE; ledgerHash: ""b&\270&\346ju\200\363N\320\307\004\034\001n\317\361\2653\254\2503\247\305\372\316W\022O\253x""; ledgerSeq: 21; "
1750527603475,1750527603475,0,1,2,0,TMValidation,"validation: """"\200\000\000\001&\000\000\000\025)/\351\252\363:p\210\265\307-\212\200\004Qb&\270&\346ju\200\363N\320\307\004\034\001n\317\361\2653\254\2503\247\305\372\316W\022O\253xP\027\000\000\000\000\000\000\000\000\000\000\000\000\000\000\000\000\000\000\000\000\000\000\000\000\000\000\000\000\000\000\000\000P\031\023\313c\321B\032l\301h\005\320\252\301\361(\330[\343\357\343{\235\n\266g\272>\177\317\347\261qs!\002\364d\217\366\217|\316F\232\231\241\n\261\333`\312O\367\235\025DD\336e\367\n\312\326\221\037\025\230vG0E\002!\000\352\330\353*\177X\257\201.\212\321\345\207P\266s\315\324\355\000\034Hw\252,g\267\240OB\266\025\002 )y\005l\366\321\250>f\326\005\361\360h?\026\312\\255\261k\374\324\206\253\222\334\350 y6\200""; ","validation: """"\200\000\000\001&\000\000\000\025)/\351\252\363:p\210\265\307-\212\200\004Qb&\270&\346ju\200\363N\320\307\004\034\001n\317\361\2653\254\2503\247\305\372\316W\022O\253xP\027\000\000\000\000\000\000\000\000\000\000\000\000\000\000\000\000\000\000\000\000\000\000\000\000\000\000\000\000\000\000\000\000P\031\023\313c\321B\032l\301h\005\320\252\301\361(\330[\343\357\343{\235\n\266g\272>\177\317\347\261qs!\002\364d\217\366\217|\316F\232\231\241\n\261\333`\312O\367\235\025DD\336e\367\n\312\326\221\037\025\230vG0E\002!\000\352\330\353*\177X\257\201.\212\321\345\207P\266s\315\324\355\000\034Hw\252,g\267\240OB\266\025\002 )y\005l\366\321\250>f\326\005\361\360h?\026\312\\255\261k\374\324\206\253\222\334\350 y6\200""; "
1750527603475,1750527603475,0,1,2,0,TMGetLedger,"itype: liBASE; ledgerHash: ""b&\270&\346ju\200\363N\320\307\004\034\001n\317\361\2653\254\2503\247\305\372\316W\022O\253x""; ledgerSeq: 21; ","itype: liBASE; ledgerHash: ""b&\270&\346ju\200\363N\320\307\004\034\001n\317\361\2653\254\2503\247\305\372\316W\022O\253x""; ledgerSeq: 21; "
1750527603476,1750527603476,0,1,2,4,TMGetLedger,"itype: liBASE; ledgerHash: ""b&\270&\346ju\200\363N\320\307\004\034\001n\317\361\2653\254\2503\247\305\372\316W\022O\253x""; ledgerSeq: 21; ","itype: liBASE; ledgerHash: ""b&\270&\346ju\200\363N\320\307\004\034\001n\317\361\2653\254\2503\247\305\372\316W\022O\253x""; ledgerSeq: 21; "
1750527603476,1750527603476,0,1,2,4,TMValidation,"validation: """"\200\000\000\001&\000\000\000\025)/\351\252\363:p\210\265\307-\212\200\004Qb&\270&\346ju\200\363N\320\307\004\034\001n\317\361\2653\254\2503\247\305\372\316W\022O\253xP\027\000\000\000\000\000\000\000\000\000\000\000\000\000\000\000\000\000\000\000\000\000\000\000\000\000\000\000\000\000\000\000\000P\031\023\313c\321B\032l\301h\005\320\252\301\361(\330[\343\357\343{\235\n\266g\272>\177\317\347\261qs!\002\364d\217\366\217|\316F\232\231\241\n\261\333`\312O\367\235\025DD\336e\367\n\312\326\221\037\025\230vG0E\002!\000\352\330\353*\177X\257\201.\212\321\345\207P\266s\315\324\355\000\034Hw\252,g\267\240OB\266\025\002 )y\005l\366\321\250>f\326\005\361\360h?\026\312\\255\261k\374\324\206\253\222\334\350 y6\200""; ","validation: """"\200\000\000\001&\000\000\000\025)/\351\252\363:p\210\265\307-\212\200\004Qb&\270&\346ju\200\363N\320\307\004\034\001n\317\361\2653\254\2503\247\305\372\316W\022O\253xP\027\000\000\000\000\000\000\000\000\000\000\000\000\000\000\000\000\000\000\000\000\000\000\000\000\000\000\000\000\000\000\000\000P\031\023\313c\321B\032l\301h\005\320\252\301\361(\330[\343\357\343{\235\n\266g\272>\177\317\347\261qs!\002\364d\217\366\217|\316F\232\231\241\n\261\333`\312O\367\235\025DD\336e\367\n\312\326\221\037\025\230vG0E\002!\000\352\330\353*\177X\257\201.\212\321\345\207P\266s\315\324\355\000\034Hw\252,g\267\240OB\266\025\002 )y\005l\366\321\250>f\326\005\361\360h?\026\312\\255\261k\374\324\206\253\222\334\350 y6\200""; "
1750527603477,1750527603477,0,1,2,4,TMGetLedger,"itype: liBASE; ledgerHash: ""b&\270&\346ju\200\363N\320\307\004\034\001n\317\361\2653\254\2503\247\305\372\316W\022O\253x""; ledgerSeq: 21; queryType: qtINDIRECT; ","itype: liBASE; ledgerHash: ""b&\270&\346ju\200\363N\320\307\004\034\001n\317\361\2653\254\2503\247\305\372\316W\022O\253x""; ledgerSeq: 21; queryType: qtINDIRECT; "
1750527603477,1750527603477,0,1,2,1,TMGetLedger,"itype: liBASE; ledgerHash: ""b&\270&\346ju\200\363N\320\307\004\034\001n\317\361\2653\254\2503\247\305\372\316W\022O\253x""; ledgerSeq: 21; ","itype: liBASE; ledgerHash: ""b&\270&\346ju\200\363N\320\307\004\034\001n\317\361\2653\254\2503\247\305\372\316W\022O\253x""; ledgerSeq: 21; "
1750527603478,1750527603478,0,1,2,3,TMGetLedger,"itype: liBASE; ledgerHash: ""b&\270&\346ju\200\363N\320\307\004\034\001n\317\361\2653\254\2503\247\305\372\316W\022O\253x""; ledgerSeq: 21; queryType: qtINDIRECT; ","itype: liBASE; ledgerHash: ""b&\270&\346ju\200\363N\320\307\004\034\001n\317\361\2653\254\2503\247\305\372\316W\022O\253x""; ledgerSeq: 21; queryType: qtINDIRECT; "
1750527603478,1750527603479,0,1,2,0,TMGetLedger,"itype: liBASE; ledgerHash: ""b&\270&\346ju\200\363N\320\307\004\034\001n\317\361\2653\254\2503\247\305\372\316W\022O\253x""; ledgerSeq: 21; queryType: qtINDIRECT; ","itype: liBASE; ledgerHash: ""b&\270&\346ju\200\363N\320\307\004\034\001n\317\361\2653\254\2503\247\305\372\316W\022O\253x""; ledgerSeq: 21; queryType: qtINDIRECT; "
1750527603479,1750527603479,0,1,2,1,TMGetLedger,"itype: liBASE; ledgerHash: ""b&\270&\346ju\200\363N\320\307\004\034\001n\317\361\2653\254\2503\247\305\372\316W\022O\253x""; ledgerSeq: 21; queryType: qtINDIRECT; ","itype: liBASE; ledgerHash: ""b&\270&\346ju\200\363N\320\307\004\034\001n\317\361\2653\254\2503\247\305\372\316W\022O\253x""; ledgerSeq: 21; queryType: qtINDIRECT; "
1750527603480,1750527603480,0,1,2,1,TMValidation,"validation: """"\200\000\000\001&\000\000\000\025)/\351\252\363:p\210\265\307-\212\200\004Qb&\270&\346ju\200\363N\320\307\004\034\001n\317\361\2653\254\2503\247\305\372\316W\022O\253xP\027\000\000\000\000\000\000\000\000\000\000\000\000\000\000\000\000\000\000\000\000\000\000\000\000\000\000\000\000\000\000\000\000P\031\023\313c\321B\032l\301h\005\320\252\301\361(\330[\343\357\343{\235\n\266g\272>\177\317\347\261qs!\002\364d\217\366\217|\316F\232\231\241\n\261\333`\312O\367\235\025DD\336e\367\n\312\326\221\037\025\230vG0E\002!\000\352\330\353*\177X\257\201.\212\321\345\207P\266s\315\324\355\000\034Hw\252,g\267\240OB\266\025\002 )y\005l\366\321\250>f\326\005\361\360h?\026\312\\255\261k\374\324\206\253\222\334\350 y6\200""; ","validation: """"\200\000\000\001&\000\000\000\025)/\351\252\363:p\210\265\307-\212\200\004Qb&\270&\346ju\200\363N\320\307\004\034\001n\317\361\2653\254\2503\247\305\372\316W\022O\253xP\027\000\000\000\000\000\000\000\000\000\000\000\000\000\000\000\000\000\000\000\000\000\000\000\000\000\000\000\000\000\000\000\000P\031\023\313c\321B\032l\301h\005\320\252\301\361(\330[\343\357\343{\235\n\266g\272>\177\317\347\261qs!\002\364d\217\366\217|\316F\232\231\241\n\261\333`\312O\367\235\025DD\336e\367\n\312\326\221\037\025\230vG0E\002!\000\352\330\353*\177X\257\201.\212\321\345\207P\266s\315\324\355\000\034Hw\252,g\267\240OB\266\025\002 )y\005l\366\321\250>f\326\005\361\360h?\026\312\\255\261k\374\324\206\253\222\334\350 y6\200""; "
1750527603481,1750527603481,0,1,3,4,TMLedgerData,"ledgerHash: ""b&\270&\346ju\200\363N\320\307\004\034\001n\317\361\2653\254\2503\247\305\372\316W\022O\253x""; ledgerSeq: 21; type: liBASE; nodes {;   nodedata: ""\000\000\000\025\001cEx]\211\377\330\023\313c\321B\032l\301h\005\320\252\301\361(\330[\343\357\343{\235\n\266g\272>\177\317\347\261q\000\000\000\000\000\000\000\000\000\000\000\000\000\000\000\000\000\000\000\000\000\000\000\000\000\000\000\000\000\000\000\000(i\212\236j)\374D9\340\353\031\222M\035'v(\204\003\025\212a\354\264\021\277K\233\006\262\311/\351\252\361/\351\252\362\n\000""; }; nodes {;   nodedata: ""\323C\344\327\264{\312-\017:\006{\177\344N\002\326bO\260\220\006\033\362\345\005U\221DzJ0\001\301\025%1L\307\t\261\262z\374\222T\301\274V\236\223\262\270Ct\362\337b\356\024*\324\320\351\317\002k\336\234\027v\351\217\260\303\360\233ZPZWr\246$w\313\313\r\243r\232\2234\373\3539:N\004Q\245\272D\312D\300\300\t\323\0257\345e\271\na\215{\226\255x%T\257\037\333\004\344_/R\006E\344\037@\210\363\010\336T\226\247'\204_{\261\370""1\235\2445\343\033Y!\212\201\341\272\225'\007\263B!Z\320\306\241\353=A\363\232(\373<\353U\340xI\247\020)pW\021R\030+\003\254\303\013\003""; }; ","ledgerHash: ""b&\270&\346ju\200\363N\320\307\004\034\001n\317\361\2653\254\2503\247\305\372\316W\022O\253x""; ledgerSeq: 21; type: liBASE; nodes {;   nodedata: ""\000\000\000\025\001cEx]\211\377\330\023\313c\321B\032l\301h\005\320\252\301\361(\330[\343\357\343{\235\n\266g\272>\177\317\347\261q\000\000\000\000\000\000\000\000\000\000\000\000\000\000\000\000\000\000\000\000\000\000\000\000\000\000\000\000\000\000\000\000(i\212\236j)\374D9\340\353\031\222M\035'v(\204\003\025\212a\354\264\021\277K\233\006\262\311/\351\252\361/\351\252\362\n\000""; }; nodes {;   nodedata: ""\323C\344\327\264{\312-\017:\006{\177\344N\002\326bO\260\220\006\033\362\345\005U\221DzJ0\001\301\025%1L\307\t\261\262z\374\222T\301\274V\236\223\262\270Ct\362\337b\356\024*\324\320\351\317\002k\336\234\027v\351\217\260\303\360\233ZPZWr\246$w\313\313\r\243r\232\2234\373\3539:N\004Q\245\272D\312D\300\300\t\323\0257\345e\271\na\215{\226\255x%T\257\037\333\004\344_/R\006E\344\037@\210\363\010\336T\226\247'\204_{\261\370""1\235\2445\343\033Y!\212\201\341\272\225'\007\263B!Z\320\306\241\353=A\363\232(\373<\353U\340xI\247\020)pW\021R\030+\003\254\303\013\003""; }; "
1750527603481,1750527603481,0,1,1,3,TMGetLedger,"itype: liBASE; ledgerHash: ""b&\270&\346ju\200\363N\320\307\004\034\001n\317\361\2653\254\2503\247\305\372\316W\022O\253x""; requestCookie: 5; queryType: qtINDIRECT; ","itype: liBASE; ledgerHash: ""b&\270&\346ju\200\363N\320\307\004\034\001n\317\361\2653\254\2503\247\305\372\316W\022O\253x""; requestCookie: 5; queryType: qtINDIRECT; "
1750527603481,1750527603482,0,1,3,4,TMLedgerData,"ledgerHash: ""b&\270&\346ju\200\363N\320\307\004\034\001n\317\361\2653\254\2503\247\305\372\316W\022O\253x""; ledgerSeq: 21; type: liBASE; nodes {;   nodedata: ""\000\000\000\025\001cEx]\211\377\330\023\313c\321B\032l\301h\005\320\252\301\361(\330[\343\357\343{\235\n\266g\272>\177\317\347\261q\000\000\000\000\000\000\000\000\000\000\000\000\000\000\000\000\000\000\000\000\000\000\000\000\000\000\000\000\000\000\000\000(i\212\236j)\374D9\340\353\031\222M\035'v(\204\003\025\212a\354\264\021\277K\233\006\262\311/\351\252\361/\351\252\362\n\000""; }; nodes {;   nodedata: ""\323C\344\327\264{\312-\017:\006{\177\344N\002\326bO\260\220\006\033\362\345\005U\221DzJ0\001\301\025%1L\307\t\261\262z\374\222T\301\274V\236\223\262\270Ct\362\337b\356\024*\324\320\351\317\002k\336\234\027v\351\217\260\303\360\233ZPZWr\246$w\313\313\r\243r\232\2234\373\3539:N\004Q\245\272D\312D\300\300\t\323\0257\345e\271\na\215{\226\255x%T\257\037\333\004\344_/R\006E\344\037@\210\363\010\336T\226\247'\204_{\261\370""1\235\2445\343\033Y!\212\201\341\272\225'\007\263B!Z\320\306\241\353=A\363\232(\373<\353U\340xI\247\020)pW\021R\030+\003\254\303\013\003""; }; ","ledgerHash: ""b&\270&\346ju\200\363N\320\307\004\034\001n\317\361\2653\254\2503\247\305\372\316W\022O\253x""; ledgerSeq: 21; type: liBASE; nodes {;   nodedata: ""\000\000\000\025\001cEx]\211\377\330\023\313c\321B\032l\301h\005\320\252\301\361(\330[\343\357\343{\235\n\266g\272>\177\317\347\261q\000\000\000\000\000\000\000\000\000\000\000\000\000\000\000\000\000\000\000\000\000\000\000\000\000\000\000\000\000\000\000\000(i\212\236j)\374D9\340\353\031\222M\035'v(\204\003\025\212a\354\264\021\277K\233\006\262\311/\351\252\361/\351\252\362\n\000""; }; nodes {;   nodedata: ""\323C\344\327\264{\312-\017:\006{\177\344N\002\326bO\260\220\006\033\362\345\005U\221DzJ0\001\301\025%1L\307\t\261\262z\374\222T\301\274V\236\223\262\270Ct\362\337b\356\024*\324\320\351\317\002k\336\234\027v\351\217\260\303\360\233ZPZWr\246$w\313\313\r\243r\232\2234\373\3539:N\004Q\245\272D\312D\300\300\t\323\0257\345e\271\na\215{\226\255x%T\257\037\333\004\344_/R\006E\344\037@\210\363\010\336T\226\247'\204_{\261\370""1\235\2445\343\033Y!\212\201\341\272\225'\007\263B!Z\320\306\241\353=A\363\232(\373<\353U\340xI\247\020)pW\021R\030+\003\254\303\013\003""; }; "
1750527603482,1750527603482,0,1,2,3,TMGetLedger,"itype: liBASE; ledgerHash: ""b&\270&\346ju\200\363N\320\307\004\034\001n\317\361\2653\254\2503\247\305\372\316W\022O\253x""; requestCookie: 5; queryType: qtINDIRECT; ","itype: liBASE; ledgerHash: ""b&\270&\346ju\200\363N\320\307\004\034\001n\317\361\2653\254\2503\247\305\372\316W\022O\253x""; requestCookie: 5; queryType: qtINDIRECT; "
1750527603483,1750527603483,0,1,3,0,TMLedgerData,"ledgerHash: ""b&\270&\346ju\200\363N\320\307\004\034\001n\317\361\2653\254\2503\247\305\372\316W\022O\253x""; ledgerSeq: 21; type: liBASE; nodes {;   nodedata: ""\000\000\000\025\001cEx]\211\377\330\023\313c\321B\032l\301h\005\320\252\301\361(\330[\343\357\343{\235\n\266g\272>\177\317\347\261q\000\000\000\000\000\000\000\000\000\000\000\000\000\000\000\000\000\000\000\000\000\000\000\000\000\000\000\000\000\000\000\000(i\212\236j)\374D9\340\353\031\222M\035'v(\204\003\025\212a\354\264\021\277K\233\006\262\311/\351\252\361/\351\252\362\n\000""; }; nodes {;   nodedata: ""\323C\344\327\264{\312-\017:\006{\177\344N\002\326bO\260\220\006\033\362\345\005U\221DzJ0\001\301\025%1L\307\t\261\262z\374\222T\301\274V\236\223\262\270Ct\362\337b\356\024*\324\320\351\317\002k\336\234\027v\351\217\260\303\360\233ZPZWr\246$w\313\313\r\243r\232\2234\373\3539:N\004Q\245\272D\312D\300\300\t\323\0257\345e\271\na\215{\226\255x%T\257\037\333\004\344_/R\006E\344\037@\210\363\010\336T\226\247'\204_{\261\370""1\235\2445\343\033Y!\212\201\341\272\225'\007\263B!Z\320\306\241\353=A\363\232(\373<\353U\340xI\247\020)pW\021R\030+\003\254\303\013\003""; }; ","ledgerHash: ""b&\270&\346ju\200\363N\320\307\004\034\001n\317\361\2653\254\2503\247\305\372\316W\022O\253x""; ledgerSeq: 21; type: liBASE; nodes {;   nodedata: ""\000\000\000\025\001cEx]\211\377\330\023\313c\321B\032l\301h\005\320\252\301\361(\330[\343\357\343{\235\n\266g\272>\177\317\347\261q\000\000\000\000\000\000\000\000\000\000\000\000\000\000\000\000\000\000\000\000\000\000\000\000\000\000\000\000\000\000\000\000(i\212\236j)\374D9\340\353\031\222M\035'v(\204\003\025\212a\354\264\021\277K\233\006\262\311/\351\252\361/\351\252\362\n\000""; }; nodes {;   nodedata: ""\323C\344\327\264{\312-\017:\006{\177\344N\002\326bO\260\220\006\033\362\345\005U\221DzJ0\001\301\025%1L\307\t\261\262z\374\222T\301\274V\236\223\262\270Ct\362\337b\356\024*\324\320\351\317\002k\336\234\027v\351\217\260\303\360\233ZPZWr\246$w\313\313\r\243r\232\2234\373\3539:N\004Q\245\272D\312D\300\300\t\323\0257\345e\271\na\215{\226\255x%T\257\037\333\004\344_/R\006E\344\037@\210\363\010\336T\226\247'\204_{\261\370""1\235\2445\343\033Y!\212\201\341\272\225'\007\263B!Z\320\306\241\353=A\363\232(\373<\353U\340xI\247\020)pW\021R\030+\003\254\303\013\003""; }; "
1750527603483,1750527603484,0,1,3,0,TMLedgerData,"ledgerHash: ""b&\270&\346ju\200\363N\320\307\004\034\001n\317\361\2653\254\2503\247\305\372\316W\022O\253x""; ledgerSeq: 21; type: liBASE; nodes {;   nodedata: ""\000\000\000\025\001cEx]\211\377\330\023\313c\321B\032l\301h\005\320\252\301\361(\330[\343\357\343{\235\n\266g\272>\177\317\347\261q\000\000\000\000\000\000\000\000\000\000\000\000\000\000\000\000\000\000\000\000\000\000\000\000\000\000\000\000\000\000\000\000(i\212\236j)\374D9\340\353\031\222M\035'v(\204\003\025\212a\354\264\021\277K\233\006\262\311/\351\252\361/\351\252\362\n\000""; }; nodes {;   nodedata: ""\323C\344\327\264{\312-\017:\006{\177\344N\002\326bO\260\220\006\033\362\345\005U\221DzJ0\001\301\025%1L\307\t\261\262z\374\222T\301\274V\236\223\262\270Ct\362\337b\356\024*\324\320\351\317\002k\336\234\027v\351\217\260\303\360\233ZPZWr\246$w\313\313\r\243r\232\2234\373\3539:N\004Q\245\272D\312D\300\300\t\323\0257\345e\271\na\215{\226\255x%T\257\037\333\004\344_/R\006E\344\037@\210\363\010\336T\226\247'\204_{\261\370""1\235\2445\343\033Y!\212\201\341\272\225'\007\263B!Z\320\306\241\353=A\363\232(\373<\353U\340xI\247\020)pW\021R\030+\003\254\303\013\003""; }; ","ledgerHash: ""b&\270&\346ju\200\363N\320\307\004\034\001n\317\361\2653\254\2503\247\305\372\316W\022O\253x""; ledgerSeq: 21; type: liBASE; nodes {;   nodedata: ""\000\000\000\025\001cEx]\211\377\330\023\313c\321B\032l\301h\005\320\252\301\361(\330[\343\357\343{\235\n\266g\272>\177\317\347\261q\000\000\000\000\000\000\000\000\000\000\000\000\000\000\000\000\000\000\000\000\000\000\000\000\000\000\000\000\000\000\000\000(i\212\236j)\374D9\340\353\031\222M\035'v(\204\003\025\212a\354\264\021\277K\233\006\262\311/\351\252\361/\351\252\362\n\000""; }; nodes {;   nodedata: ""\323C\344\327\264{\312-\017:\006{\177\344N\002\326bO\260\220\006\033\362\345\005U\221DzJ0\001\301\025%1L\307\t\261\262z\374\222T\301\274V\236\223\262\270Ct\362\337b\356\024*\324\320\351\317\002k\336\234\027v\351\217\260\303\360\233ZPZWr\246$w\313\313\r\243r\232\2234\373\3539:N\004Q\245\272D\312D\300\300\t\323\0257\345e\271\na\215{\226\255x%T\257\037\333\004\344_/R\006E\344\037@\210\363\010\336T\226\247'\204_{\261\370""1\235\2445\343\033Y!\212\201\341\272\225'\007\263B!Z\320\306\241\353=A\363\232(\373<\353U\340xI\247\020)pW\021R\030+\003\254\303\013\003""; }; "
1750527603484,1750527603484,0,1,4,3,TMGetLedger,"itype: liBASE; ledgerHash: ""b&\270&\346ju\200\363N\320\307\004\034\001n\317\361\2653\254\2503\247\305\372\316W\022O\253x""; ledgerSeq: 21; requestCookie: 1; queryType: qtINDIRECT; ","itype: liBASE; ledgerHash: ""b&\270&\346ju\200\363N\320\307\004\034\001n\317\361\2653\254\2503\247\305\372\316W\022O\253x""; ledgerSeq: 21; requestCookie: 1; queryType: qtINDIRECT; "
1750527603485,1750527603485,0,1,2,3,TMGetLedger,"itype: liBASE; ledgerHash: ""b&\270&\346ju\200\363N\320\307\004\034\001n\317\361\2653\254\2503\247\305\372\316W\022O\253x""; ledgerSeq: 21; requestCookie: 2; queryType: qtINDIRECT; ","itype: liBASE; ledgerHash: ""b&\270&\346ju\200\363N\320\307\004\034\001n\317\361\2653\254\2503\247\305\372\316W\022O\253x""; ledgerSeq: 21; requestCookie: 2; queryType: qtINDIRECT; "
1750527603485,1750527603485,0,1,3,1,TMLedgerData,"ledgerHash: ""b&\270&\346ju\200\363N\320\307\004\034\001n\317\361\2653\254\2503\247\305\372\316W\022O\253x""; ledgerSeq: 21; type: liBASE; nodes {;   nodedata: ""\000\000\000\025\001cEx]\211\377\330\023\313c\321B\032l\301h\005\320\252\301\361(\330[\343\357\343{\235\n\266g\272>\177\317\347\261q\000\000\000\000\000\000\000\000\000\000\000\000\000\000\000\000\000\000\000\000\000\000\000\000\000\000\000\000\000\000\000\000(i\212\236j)\374D9\340\353\031\222M\035'v(\204\003\025\212a\354\264\021\277K\233\006\262\311/\351\252\361/\351\252\362\n\000""; }; nodes {;   nodedata: ""\323C\344\327\264{\312-\017:\006{\177\344N\002\326bO\260\220\006\033\362\345\005U\221DzJ0\001\301\025%1L\307\t\261\262z\374\222T\301\274V\236\223\262\270Ct\362\337b\356\024*\324\320\351\317\002k\336\234\027v\351\217\260\303\360\233ZPZWr\246$w\313\313\r\243r\232\2234\373\3539:N\004Q\245\272D\312D\300\300\t\323\0257\345e\271\na\215{\226\255x%T\257\037\333\004\344_/R\006E\344\037@\210\363\010\336T\226\247'\204_{\261\370""1\235\2445\343\033Y!\212\201\341\272\225'\007\263B!Z\320\306\241\353=A\363\232(\373<\353U\340xI\247\020)pW\021R\030+\003\254\303\013\003""; }; ","ledgerHash: ""b&\270&\346ju\200\363N\320\307\004\034\001n\317\361\2653\254\2503\247\305\372\316W\022O\253x""; ledgerSeq: 21; type: liBASE; nodes {;   nodedata: ""\000\000\000\025\001cEx]\211\377\330\023\313c\321B\032l\301h\005\320\252\301\361(\330[\343\357\343{\235\n\266g\272>\177\317\347\261q\000\000\000\000\000\000\000\000\000\000\000\000\000\000\000\000\000\000\000\000\000\000\000\000\000\000\000\000\000\000\000\000(i\212\236j)\374D9\340\353\031\222M\035'v(\204\003\025\212a\354\264\021\277K\233\006\262\311/\351\252\361/\351\252\362\n\000""; }; nodes {;   nodedata: ""\323C\344\327\264{\312-\017:\006{\177\344N\002\326bO\260\220\006\033\362\345\005U\221DzJ0\001\301\025%1L\307\t\261\262z\374\222T\301\274V\236\223\262\270Ct\362\337b\356\024*\324\320\351\317\002k\336\234\027v\351\217\260\303\360\233ZPZWr\246$w\313\313\r\243r\232\2234\373\3539:N\004Q\245\272D\312D\300\300\t\323\0257\345e\271\na\215{\226\255x%T\257\037\333\004\344_/R\006E\344\037@\210\363\010\336T\226\247'\204_{\261\370""1\235\2445\343\033Y!\212\201\341\272\225'\007\263B!Z\320\306\241\353=A\363\232(\373<\353U\340xI\247\020)pW\021R\030+\003\254\303\013\003""; }; "
1750527603486,1750527603486,0,1,2,3,TMGetLedger,"itype: liBASE; ledgerHash: ""b&\270&\346ju\200\363N\320\307\004\034\001n\317\361\2653\254\2503\247\305\372\316W\022O\253x""; ledgerSeq: 21; requestCookie: 3; queryType: qtINDIRECT; ","itype: liBASE; ledgerHash: ""b&\270&\346ju\200\363N\320\307\004\034\001n\317\361\2653\254\2503\247\305\372\316W\022O\253x""; ledgerSeq: 21; requestCookie: 3; queryType: qtINDIRECT; "
1750527603487,1750527603487,0,1,3,1,TMLedgerData,"ledgerHash: ""b&\270&\346ju\200\363N\320\307\004\034\001n\317\361\2653\254\2503\247\305\372\316W\022O\253x""; ledgerSeq: 21; type: liBASE; nodes {;   nodedata: ""\000\000\000\025\001cEx]\211\377\330\023\313c\321B\032l\301h\005\320\252\301\361(\330[\343\357\343{\235\n\266g\272>\177\317\347\261q\000\000\000\000\000\000\000\000\000\000\000\000\000\000\000\000\000\000\000\000\000\000\000\000\000\000\000\000\000\000\000\000(i\212\236j)\374D9\340\353\031\222M\035'v(\204\003\025\212a\354\264\021\277K\233\006\262\311/\351\252\361/\351\252\362\n\000""; }; nodes {;   nodedata: ""\323C\344\327\264{\312-\017:\006{\177\344N\002\326bO\260\220\006\033\362\345\005U\221DzJ0\001\301\025%1L\307\t\261\262z\374\222T\301\274V\236\223\262\270Ct\362\337b\356\024*\324\320\351\317\002k\336\234\027v\351\217\260\303\360\233ZPZWr\246$w\313\313\r\243r\232\2234\373\3539:N\004Q\245\272D\312D\300\300\t\323\0257\345e\271\na\215{\226\255x%T\257\037\333\004\344_/R\006E\344\037@\210\363\010\336T\226\247'\204_{\261\370""1\235\2445\343\033Y!\212\201\341\272\225'\007\263B!Z\320\306\241\353=A\363\232(\373<\353U\340xI\247\020)pW\021R\030+\003\254\303\013\003""; }; ","ledgerHash: ""b&\270&\346ju\200\363N\320\307\004\034\001n\317\361\2653\254\2503\247\305\372\316W\022O\253x""; ledgerSeq: 21; type: liBASE; nodes {;   nodedata: ""\000\000\000\025\001cEx]\211\377\330\023\313c\321B\032l\301h\005\320\252\301\361(\330[\343\357\343{\235\n\266g\272>\177\317\347\261q\000\000\000\000\000\000\000\000\000\000\000\000\000\000\000\000\000\000\000\000\000\000\000\000\000\000\000\000\000\000\000\000(i\212\236j)\374D9\340\353\031\222M\035'v(\204\003\025\212a\354\264\021\277K\233\006\262\311/\351\252\361/\351\252\362\n\000""; }; nodes {;   nodedata: ""\323C\344\327\264{\312-\017:\006{\177\344N\002\326bO\260\220\006\033\362\345\005U\221DzJ0\001\301\025%1L\307\t\261\262z\374\222T\301\274V\236\223\262\270Ct\362\337b\356\024*\324\320\351\317\002k\336\234\027v\351\217\260\303\360\233ZPZWr\246$w\313\313\r\243r\232\2234\373\3539:N\004Q\245\272D\312D\300\300\t\323\0257\345e\271\na\215{\226\255x%T\257\037\333\004\344_/R\006E\344\037@\210\363\010\336T\226\247'\204_{\261\370""1\235\2445\343\033Y!\212\201\341\272\225'\007\263B!Z\320\306\241\353=A\363\232(\373<\353U\340xI\247\020)pW\021R\030+\003\254\303\013\003""; }; "
1750527603487,1750527603487,0,1,3,2,TMLedgerData,"ledgerHash: ""b&\270&\346ju\200\363N\320\307\004\034\001n\317\361\2653\254\2503\247\305\372\316W\022O\253x""; ledgerSeq: 21; type: liBASE; nodes {;   nodedata: ""\000\000\000\025\001cEx]\211\377\330\023\313c\321B\032l\301h\005\320\252\301\361(\330[\343\357\343{\235\n\266g\272>\177\317\347\261q\000\000\000\000\000\000\000\000\000\000\000\000\000\000\000\000\000\000\000\000\000\000\000\000\000\000\000\000\000\000\000\000(i\212\236j)\374D9\340\353\031\222M\035'v(\204\003\025\212a\354\264\021\277K\233\006\262\311/\351\252\361/\351\252\362\n\000""; }; nodes {;   nodedata: ""\323C\344\327\264{\312-\017:\006{\177\344N\002\326bO\260\220\006\033\362\345\005U\221DzJ0\001\301\025%1L\307\t\261\262z\374\222T\301\274V\236\223\262\270Ct\362\337b\356\024*\324\320\351\317\002k\336\234\027v\351\217\260\303\360\233ZPZWr\246$w\313\313\r\243r\232\2234\373\3539:N\004Q\245\272D\312D\300\300\t\323\0257\345e\271\na\215{\226\255x%T\257\037\333\004\344_/R\006E\344\037@\210\363\010\336T\226\247'\204_{\261\370""1\235\2445\343\033Y!\212\201\341\272\225'\007\263B!Z\320\306\241\353=A\363\232(\373<\353U\340xI\247\020)pW\021R\030+\003\254\303\013\003""; }; ","ledgerHash: ""b&\270&\346ju\200\363N\320\307\004\034\001n\317\361\2653\254\2503\247\305\372\316W\022O\253x""; ledgerSeq: 21; type: liBASE; nodes {;   nodedata: ""\000\000\000\025\001cEx]\211\377\330\023\313c\321B\032l\301h\005\320\252\301\361(\330[\343\357\343{\235\n\266g\272>\177\317\347\261q\000\000\000\000\000\000\000\000\000\000\000\000\000\000\000\000\000\000\000\000\000\000\000\000\000\000\000\000\000\000\000\000(i\212\236j)\374D9\340\353\031\222M\035'v(\204\003\025\212a\354\264\021\277K\233\006\262\311/\351\252\361/\351\252\362\n\000""; }; nodes {;   nodedata: ""\323C\344\327\264{\312-\017:\006{\177\344N\002\326bO\260\220\006\033\362\345\005U\221DzJ0\001\301\025%1L\307\t\261\262z\374\222T\301\274V\236\223\262\270Ct\362\337b\356\024*\324\320\351\317\002k\336\234\027v\351\217\260\303\360\233ZPZWr\246$w\313\313\r\243r\232\2234\373\3539:N\004Q\245\272D\312D\300\300\t\323\0257\345e\271\na\215{\226\255x%T\257\037\333\004\344_/R\006E\344\037@\210\363\010\336T\226\247'\204_{\261\370""1\235\2445\343\033Y!\212\201\341\272\225'\007\263B!Z\320\306\241\353=A\363\232(\373<\353U\340xI\247\020)pW\021R\030+\003\254\303\013\003""; }; "
1750527603489,1750527603489,0,1,0,3,TMGetLedger,"itype: liBASE; ledgerHash: ""b&\270&\346ju\200\363N\320\307\004\034\001n\317\361\2653\254\2503\247\305\372\316W\022O\253x""; ledgerSeq: 21; requestCookie: 2; queryType: qtINDIRECT; ","itype: liBASE; ledgerHash: ""b&\270&\346ju\200\363N\320\307\004\034\001n\317\361\2653\254\2503\247\305\372\316W\022O\253x""; ledgerSeq: 21; requestCookie: 2; queryType: qtINDIRECT; "
1750527603489,1750527603489,0,1,0,3,TMGetLedger,"itype: liBASE; ledgerHash: ""b&\270&\346ju\200\363N\320\307\004\034\001n\317\361\2653\254\2503\247\305\372\316W\022O\253x""; requestCookie: 5; queryType: qtINDIRECT; ","itype: liBASE; ledgerHash: ""b&\270&\346ju\200\363N\320\307\004\034\001n\317\361\2653\254\2503\247\305\372\316W\022O\253x""; requestCookie: 5; queryType: qtINDIRECT; "
1750527603490,1750527603490,0,1,3,2,TMLedgerData,"ledgerHash: ""b&\270&\346ju\200\363N\320\307\004\034\001n\317\361\2653\254\2503\247\305\372\316W\022O\253x""; ledgerSeq: 21; type: liBASE; nodes {;   nodedata: ""\000\000\000\025\001cEx]\211\377\330\023\313c\321B\032l\301h\005\320\252\301\361(\330[\343\357\343{\235\n\266g\272>\177\317\347\261q\000\000\000\000\000\000\000\000\000\000\000\000\000\000\000\000\000\000\000\000\000\000\000\000\000\000\000\000\000\000\000\000(i\212\236j)\374D9\340\353\031\222M\035'v(\204\003\025\212a\354\264\021\277K\233\006\262\311/\351\252\361/\351\252\362\n\000""; }; nodes {;   nodedata: ""\323C\344\327\264{\312-\017:\006{\177\344N\002\326bO\260\220\006\033\362\345\005U\221DzJ0\001\301\025%1L\307\t\261\262z\374\222T\301\274V\236\223\262\270Ct\362\337b\356\024*\324\320\351\317\002k\336\234\027v\351\217\260\303\360\233ZPZWr\246$w\313\313\r\243r\232\2234\373\3539:N\004Q\245\272D\312D\300\300\t\323\0257\345e\271\na\215{\226\255x%T\257\037\333\004\344_/R\006E\344\037@\210\363\010\336T\226\247'\204_{\261\370""1\235\2445\343\033Y!\212\201\341\272\225'\007\263B!Z\320\306\241\353=A\363\232(\373<\353U\340xI\247\020)pW\021R\030+\003\254\303\013\003""; }; ","ledgerHash: ""b&\270&\346ju\200\363N\320\307\004\034\001n\317\361\2653\254\2503\247\305\372\316W\022O\253x""; ledgerSeq: 21; type: liBASE; nodes {;   nodedata: ""\000\000\000\025\001cEx]\211\377\330\023\313c\321B\032l\301h\005\320\252\301\361(\330[\343\357\343{\235\n\266g\272>\177\317\347\261q\000\000\000\000\000\000\000\000\000\000\000\000\000\000\000\000\000\000\000\000\000\000\000\000\000\000\000\000\000\000\000\000(i\212\236j)\374D9\340\353\031\222M\035'v(\204\003\025\212a\354\264\021\277K\233\006\262\311/\351\252\361/\351\252\362\n\000""; }; nodes {;   nodedata: ""\323C\344\327\264{\312-\017:\006{\177\344N\002\326bO\260\220\006\033\362\345\005U\221DzJ0\001\301\025%1L\307\t\261\262z\374\222T\301\274V\236\223\262\270Ct\362\337b\356\024*\324\320\351\317\002k\336\234\027v\351\217\260\303\360\233ZPZWr\246$w\313\313\r\243r\232\2234\373\3539:N\004Q\245\272D\312D\300\300\t\323\0257\345e\271\na\215{\226\255x%T\257\037\333\004\344_/R\006E\344\037@\210\363\010\336T\226\247'\204_{\261\370""1\235\2445\343\033Y!\212\201\341\272\225'\007\263B!Z\320\306\241\353=A\363\232(\373<\353U\340xI\247\020)pW\021R\030+\003\254\303\013\003""; }; "
1750527603491,1750527603491,0,1,0,3,TMGetLedger,"itype: liBASE; ledgerHash: ""b&\270&\346ju\200\363N\320\307\004\034\001n\317\361\2653\254\2503\247\305\372\316W\022O\253x""; ledgerSeq: 21; requestCookie: 3; queryType: qtINDIRECT; ","itype: liBASE; ledgerHash: ""b&\270&\346ju\200\363N\320\307\004\034\001n\317\361\2653\254\2503\247\305\372\316W\022O\253x""; ledgerSeq: 21; requestCookie: 3; queryType: qtINDIRECT; "
1750527603491,1750527603491,0,1,4,3,TMGetLedger,"itype: liBASE; ledgerHash: ""b&\270&\346ju\200\363N\320\307\004\034\001n\317\361\2653\254\2503\247\305\372\316W\022O\253x""; ledgerSeq: 21; requestCookie: 2; queryType: qtINDIRECT; ","itype: liBASE; ledgerHash: ""b&\270&\346ju\200\363N\320\307\004\034\001n\317\361\2653\254\2503\247\305\372\316W\022O\253x""; ledgerSeq: 21; requestCookie: 2; queryType: qtINDIRECT; "
1750527603492,1750527603492,0,1,4,3,TMGetLedger,"itype: liBASE; ledgerHash: ""b&\270&\346ju\200\363N\320\307\004\034\001n\317\361\2653\254\2503\247\305\372\316W\022O\253x""; ledgerSeq: 21; requestCookie: 3; queryType: qtINDIRECT; ","itype: liBASE; ledgerHash: ""b&\270&\346ju\200\363N\320\307\004\034\001n\317\361\2653\254\2503\247\305\372\316W\022O\253x""; ledgerSeq: 21; requestCookie: 3; queryType: qtINDIRECT; "
1750527603493,1750527603493,0,1,3,1,TMLedgerData,"ledgerHash: ""b&\270&\346ju\200\363N\320\307\004\034\001n\317\361\2653\254\2503\247\305\372\316W\022O\253x""; ledgerSeq: 21; type: liBASE; nodes {;   nodedata: ""\000\000\000\025\001cEx]\211\377\330\023\313c\321B\032l\301h\005\320\252\301\361(\330[\343\357\343{\235\n\266g\272>\177\317\347\261q\000\000\000\000\000\000\000\000\000\000\000\000\000\000\000\000\000\000\000\000\000\000\000\000\000\000\000\000\000\000\000\000(i\212\236j)\374D9\340\353\031\222M\035'v(\204\003\025\212a\354\264\021\277K\233\006\262\311/\351\252\361/\351\252\362\n\000""; }; nodes {;   nodedata: ""\323C\344\327\264{\312-\017:\006{\177\344N\002\326bO\260\220\006\033\362\345\005U\221DzJ0\001\301\025%1L\307\t\261\262z\374\222T\301\274V\236\223\262\270Ct\362\337b\356\024*\324\320\351\317\002k\336\234\027v\351\217\260\303\360\233ZPZWr\246$w\313\313\r\243r\232\2234\373\3539:N\004Q\245\272D\312D\300\300\t\323\0257\345e\271\na\215{\226\255x%T\257\037\333\004\344_/R\006E\344\037@\210\363\010\336T\226\247'\204_{\261\370""1\235\2445\343\033Y!\212\201\341\272\225'\007\263B!Z\320\306\241\353=A\363\232(\373<\353U\340xI\247\020)pW\021R\030+\003\254\303\013\003""; }; requestCookie: 5; ","ledgerHash: ""b&\270&\346ju\200\363N\320\307\004\034\001n\317\361\2653\254\2503\247\305\372\316W\022O\253x""; ledgerSeq: 21; type: liBASE; nodes {;   nodedata: ""\000\000\000\025\001cEx]\211\377\330\023\313c\321B\032l\301h\005\320\252\301\361(\330[\343\357\343{\235\n\266g\272>\177\317\347\261q\000\000\000\000\000\000\000\000\000\000\000\000\000\000\000\000\000\000\000\000\000\000\000\000\000\000\000\000\000\000\000\000(i\212\236j)\374D9\340\353\031\222M\035'v(\204\003\025\212a\354\264\021\277K\233\006\262\311/\351\252\361/\351\252\362\n\000""; }; nodes {;   nodedata: ""\323C\344\327\264{\312-\017:\006{\177\344N\002\326bO\260\220\006\033\362\345\005U\221DzJ0\001\301\025%1L\307\t\261\262z\374\222T\301\274V\236\223\262\270Ct\362\337b\356\024*\324\320\351\317\002k\336\234\027v\351\217\260\303\360\233ZPZWr\246$w\313\313\r\243r\232\2234\373\3539:N\004Q\245\272D\312D\300\300\t\323\0257\345e\271\na\215{\226\255x%T\257\037\333\004\344_/R\006E\344\037@\210\363\010\336T\226\247'\204_{\261\370""1\235\2445\343\033Y!\212\201\341\272\225'\007\263B!Z\320\306\241\353=A\363\232(\373<\353U\340xI\247\020)pW\021R\030+\003\254\303\013\003""; }; requestCookie: 5; "
1750527603494,1750527603494,0,1,4,3,TMGetLedger,"itype: liAS_NODE; ledgerHash: ""b&\270&\346ju\200\363N\320\307\004\034\001n\317\361\2653\254\2503\247\305\372\316W\022O\253x""; ledgerSeq: 21; nodeIDs: ""\260\000\000\000\000\000\000\000\000\000\000\000\000\000\000\000\000\000\000\000\000\000\000\000\000\000\000\000\000\000\000\000\001""; queryType: qtINDIRECT; queryDepth: 1; ","itype: liAS_NODE; ledgerHash: ""b&\270&\346ju\200\363N\320\307\004\034\001n\317\361\2653\254\2503\247\305\372\316W\022O\253x""; ledgerSeq: 21; nodeIDs: ""\260\000\000\000\000\000\000\000\000\000\000\000\000\000\000\000\000\000\000\000\000\000\000\000\000\000\000\000\000\000\000\000\001""; queryType: qtINDIRECT; queryDepth: 1; "
1750527603495,1750527603495,0,1,3,2,TMLedgerData,"ledgerHash: ""b&\270&\346ju\200\363N\320\307\004\034\001n\317\361\2653\254\2503\247\305\372\316W\022O\253x""; ledgerSeq: 21; type: liBASE; nodes {;   nodedata: ""\000\000\000\025\001cEx]\211\377\330\023\313c\321B\032l\301h\005\320\252\301\361(\330[\343\357\343{\235\n\266g\272>\177\317\347\261q\000\000\000\000\000\000\000\000\000\000\000\000\000\000\000\000\000\000\000\000\000\000\000\000\000\000\000\000\000\000\000\000(i\212\236j)\374D9\340\353\031\222M\035'v(\204\003\025\212a\354\264\021\277K\233\006\262\311/\351\252\361/\351\252\362\n\000""; }; nodes {;   nodedata: ""\323C\344\327\264{\312-\017:\006{\177\344N\002\326bO\260\220\006\033\362\345\005U\221DzJ0\001\301\025%1L\307\t\261\262z\374\222T\301\274V\236\223\262\270Ct\362\337b\356\024*\324\320\351\317\002k\336\234\027v\351\217\260\303\360\233ZPZWr\246$w\313\313\r\243r\232\2234\373\3539:N\004Q\245\272D\312D\300\300\t\323\0257\345e\271\na\215{\226\255x%T\257\037\333\004\344_/R\006E\344\037@\210\363\010\336T\226\247'\204_{\261\370""1\235\2445\343\033Y!\212\201\341\272\225'\007\263B!Z\320\306\241\353=A\363\232(\373<\353U\340xI\247\020)pW\021R\030+\003\254\303\013\003""; }; requestCookie: 5; ","ledgerHash: ""b&\270&\346ju\200\363N\320\307\004\034\001n\317\361\2653\254\2503\247\305\372\316W\022O\253x""; ledgerSeq: 21; type: liBASE; nodes {;   nodedata: ""\000\000\000\025\001cEx]\211\377\330\023\313c\321B\032l\301h\005\320\252\301\361(\330[\343\357\343{\235\n\266g\272>\177\317\347\261q\000\000\000\000\000\000\000\000\000\000\000\000\000\000\000\000\000\000\000\000\000\000\000\000\000\000\000\000\000\000\000\000(i\212\236j)\374D9\340\353\031\222M\035'v(\204\003\025\212a\354\264\021\277K\233\006\262\311/\351\252\361/\351\252\362\n\000""; }; nodes {;   nodedata: ""\323C\344\327\264{\312-\017:\006{\177\344N\002\326bO\260\220\006\033\362\345\005U\221DzJ0\001\301\025%1L\307\t\261\262z\374\222T\301\274V\236\223\262\270Ct\362\337b\356\024*\324\320\351\317\002k\336\234\027v\351\217\260\303\360\233ZPZWr\246$w\313\313\r\243r\232\2234\373\3539:N\004Q\245\272D\312D\300\300\t\323\0257\345e\271\na\215{\226\255x%T\257\037\333\004\344_/R\006E\344\037@\210\363\010\336T\226\247'\204_{\261\370""1\235\2445\343\033Y!\212\201\341\272\225'\007\263B!Z\320\306\241\353=A\363\232(\373<\353U\340xI\247\020)pW\021R\030+\003\254\303\013\003""; }; requestCookie: 5; "
1750527603495,1750527603495,0,1,0,3,TMGetLedger,"itype: liAS_NODE; ledgerHash: ""b&\270&\346ju\200\363N\320\307\004\034\001n\317\361\2653\254\2503\247\305\372\316W\022O\253x""; ledgerSeq: 21; nodeIDs: ""\260\000\000\000\000\000\000\000\000\000\000\000\000\000\000\000\000\000\000\000\000\000\000\000\000\000\000\000\000\000\000\000\001""; queryType: qtINDIRECT; queryDepth: 1; ","itype: liAS_NODE; ledgerHash: ""b&\270&\346ju\200\363N\320\307\004\034\001n\317\361\2653\254\2503\247\305\372\316W\022O\253x""; ledgerSeq: 21; nodeIDs: ""\260\000\000\000\000\000\000\000\000\000\000\000\000\000\000\000\000\000\000\000\000\000\000\000\000\000\000\000\000\000\000\000\001""; queryType: qtINDIRECT; queryDepth: 1; "
1750527603496,1750527603496,0,1,3,4,TMLedgerData,"ledgerHash: ""b&\270&\346ju\200\363N\320\307\004\034\001n\317\361\2653\254\2503\247\305\372\316W\022O\253x""; ledgerSeq: 21; type: liBASE; nodes {;   nodedata: ""\000\000\000\025\001cEx]\211\377\330\023\313c\321B\032l\301h\005\320\252\301\361(\330[\343\357\343{\235\n\266g\272>\177\317\347\261q\000\000\000\000\000\000\000\000\000\000\000\000\000\000\000\000\000\000\000\000\000\000\000\000\000\000\000\000\000\000\000\000(i\212\236j)\374D9\340\353\031\222M\035'v(\204\003\025\212a\354\264\021\277K\233\006\262\311/\351\252\361/\351\252\362\n\000""; }; nodes {;   nodedata: ""\323C\344\327\264{\312-\017:\006{\177\344N\002\326bO\260\220\006\033\362\345\005U\221DzJ0\001\301\025%1L\307\t\261\262z\374\222T\301\274V\236\223\262\270Ct\362\337b\356\024*\324\320\351\317\002k\336\234\027v\351\217\260\303\360\233ZPZWr\246$w\313\313\r\243r\232\2234\373\3539:N\004Q\245\272D\312D\300\300\t\323\0257\345e\271\na\215{\226\255x%T\257\037\333\004\344_/R\006E\344\037@\210\363\010\336T\226\247'\204_{\261\370""1\235\2445\343\033Y!\212\201\341\272\225'\007\263B!Z\320\306\241\353=A\363\232(\373<\353U\340xI\247\020)pW\021R\030+\003\254\303\013\003""; }; requestCookie: 1; ","ledgerHash: ""b&\270&\346ju\200\363N\320\307\004\034\001n\317\361\2653\254\2503\247\305\372\316W\022O\253x""; ledgerSeq: 21; type: liBASE; nodes {;   nodedata: ""\000\000\000\025\001cEx]\211\377\330\023\313c\321B\032l\301h\005\320\252\301\361(\330[\343\357\343{\235\n\266g\272>\177\317\347\261q\000\000\000\000\000\000\000\000\000\000\000\000\000\000\000\000\000\000\000\000\000\000\000\000\000\000\000\000\000\000\000\000(i\212\236j)\374D9\340\353\031\222M\035'v(\204\003\025\212a\354\264\021\277K\233\006\262\311/\351\252\361/\351\252\362\n\000""; }; nodes {;   nodedata: ""\323C\344\327\264{\312-\017:\006{\177\344N\002\326bO\260\220\006\033\362\345\005U\221DzJ0\001\301\025%1L\307\t\261\262z\374\222T\301\274V\236\223\262\270Ct\362\337b\356\024*\324\320\351\317\002k\336\234\027v\351\217\260\303\360\233ZPZWr\246$w\313\313\r\243r\232\2234\373\3539:N\004Q\245\272D\312D\300\300\t\323\0257\345e\271\na\215{\226\255x%T\257\037\333\004\344_/R\006E\344\037@\210\363\010\336T\226\247'\204_{\261\370""1\235\2445\343\033Y!\212\201\341\272\225'\007\263B!Z\320\306\241\353=A\363\232(\373<\353U\340xI\247\020)pW\021R\030+\003\254\303\013\003""; }; requestCookie: 1; "
1750527603497,1750527603497,0,1,3,2,TMLedgerData,"ledgerHash: ""b&\270&\346ju\200\363N\320\307\004\034\001n\317\361\2653\254\2503\247\305\372\316W\022O\253x""; ledgerSeq: 21; type: liBASE; nodes {;   nodedata: ""\000\000\000\025\001cEx]\211\377\330\023\313c\321B\032l\301h\005\320\252\301\361(\330[\343\357\343{\235\n\266g\272>\177\317\347\261q\000\000\000\000\000\000\000\000\000\000\000\000\000\000\000\000\000\000\000\000\000\000\000\000\000\000\000\000\000\000\000\000(i\212\236j)\374D9\340\353\031\222M\035'v(\204\003\025\212a\354\264\021\277K\233\006\262\311/\351\252\361/\351\252\362\n\000""; }; nodes {;   nodedata: ""\323C\344\327\264{\312-\017:\006{\177\344N\002\326bO\260\220\006\033\362\345\005U\221DzJ0\001\301\025%1L\307\t\261\262z\374\222T\301\274V\236\223\262\270Ct\362\337b\356\024*\324\320\351\317\002k\336\234\027v\351\217\260\303\360\233ZPZWr\246$w\313\313\r\243r\232\2234\373\3539:N\004Q\245\272D\312D\300\300\t\323\0257\345e\271\na\215{\226\255x%T\257\037\333\004\344_/R\006E\344\037@\210\363\010\336T\226\247'\204_{\261\370""1\235\2445\343\033Y!\212\201\341\272\225'\007\263B!Z\320\306\241\353=A\363\232(\373<\353U\340xI\247\020)pW\021R\030+\003\254\303\013\003""; }; requestCookie: 2; ","ledgerHash: ""b&\270&\346ju\200\363N\320\307\004\034\001n\317\361\2653\254\2503\247\305\372\316W\022O\253x""; ledgerSeq: 21; type: liBASE; nodes {;   nodedata: ""\000\000\000\025\001cEx]\211\377\330\023\313c\321B\032l\301h\005\320\252\301\361(\330[\343\357\343{\235\n\266g\272>\177\317\347\261q\000\000\000\000\000\000\000\000\000\000\000\000\000\000\000\000\000\000\000\000\000\000\000\000\000\000\000\000\000\000\000\000(i\212\236j)\374D9\340\353\031\222M\035'v(\204\003\025\212a\354\264\021\277K\233\006\262\311/\351\252\361/\351\252\362\n\000""; }; nodes {;   nodedata: ""\323C\344\327\264{\312-\017:\006{\177\344N\002\326bO\260\220\006\033\362\345\005U\221DzJ0\001\301\025%1L\307\t\261\262z\374\222T\301\274V\236\223\262\270Ct\362\337b\356\024*\324\320\351\317\002k\336\234\027v\351\217\260\303\360\233ZPZWr\246$w\313\313\r\243r\232\2234\373\3539:N\004Q\245\272D\312D\300\300\t\323\0257\345e\271\na\215{\226\255x%T\257\037\333\004\344_/R\006E\344\037@\210\363\010\336T\226\247'\204_{\261\370""1\235\2445\343\033Y!\212\201\341\272\225'\007\263B!Z\320\306\241\353=A\363\232(\373<\353U\340xI\247\020)pW\021R\030+\003\254\303\013\003""; }; requestCookie: 2; "
1750527603497,1750527603498,0,1,1,3,TMGetLedger,"itype: liBASE; ledgerHash: ""b&\270&\346ju\200\363N\320\307\004\034\001n\317\361\2653\254\2503\247\305\372\316W\022O\253x""; ledgerSeq: 21; requestCookie: 3; queryType: qtINDIRECT; ","itype: liBASE; ledgerHash: ""b&\270&\346ju\200\363N\320\307\004\034\001n\317\361\2653\254\2503\247\305\372\316W\022O\253x""; ledgerSeq: 21; requestCookie: 3; queryType: qtINDIRECT; "
1750527603498,1750527603498,0,1,1,3,TMGetLedger,"itype: liBASE; ledgerHash: ""b&\270&\346ju\200\363N\320\307\004\034\001n\317\361\2653\254\2503\247\305\372\316W\022O\253x""; ledgerSeq: 21; requestCookie: 2; queryType: qtINDIRECT; ","itype: liBASE; ledgerHash: ""b&\270&\346ju\200\363N\320\307\004\034\001n\317\361\2653\254\2503\247\305\372\316W\022O\253x""; ledgerSeq: 21; requestCookie: 2; queryType: qtINDIRECT; "
1750527603499,1750527603499,0,1,1,3,TMGetLedger,"itype: liAS_NODE; ledgerHash: ""b&\270&\346ju\200\363N\320\307\004\034\001n\317\361\2653\254\2503\247\305\372\316W\022O\253x""; ledgerSeq: 21; nodeIDs: ""\260\000\000\000\000\000\000\000\000\000\000\000\000\000\000\000\000\000\000\000\000\000\000\000\000\000\000\000\000\000\000\000\001""; queryType: qtINDIRECT; queryDepth: 1; ","itype: liAS_NODE; ledgerHash: ""b&\270&\346ju\200\363N\320\307\004\034\001n\317\361\2653\254\2503\247\305\372\316W\022O\253x""; ledgerSeq: 21; nodeIDs: ""\260\000\000\000\000\000\000\000\000\000\000\000\000\000\000\000\000\000\000\000\000\000\000\000\000\000\000\000\000\000\000\000\001""; queryType: qtINDIRECT; queryDepth: 1; "
1750527603499,1750527603499,0,1,3,2,TMLedgerData,"ledgerHash: ""b&\270&\346ju\200\363N\320\307\004\034\001n\317\361\2653\254\2503\247\305\372\316W\022O\253x""; ledgerSeq: 21; type: liBASE; nodes {;   nodedata: ""\000\000\000\025\001cEx]\211\377\330\023\313c\321B\032l\301h\005\320\252\301\361(\330[\343\357\343{\235\n\266g\272>\177\317\347\261q\000\000\000\000\000\000\000\000\000\000\000\000\000\000\000\000\000\000\000\000\000\000\000\000\000\000\000\000\000\000\000\000(i\212\236j)\374D9\340\353\031\222M\035'v(\204\003\025\212a\354\264\021\277K\233\006\262\311/\351\252\361/\351\252\362\n\000""; }; nodes {;   nodedata: ""\323C\344\327\264{\312-\017:\006{\177\344N\002\326bO\260\220\006\033\362\345\005U\221DzJ0\001\301\025%1L\307\t\261\262z\374\222T\301\274V\236\223\262\270Ct\362\337b\356\024*\324\320\351\317\002k\336\234\027v\351\217\260\303\360\233ZPZWr\246$w\313\313\r\243r\232\2234\373\3539:N\004Q\245\272D\312D\300\300\t\323\0257\345e\271\na\215{\226\255x%T\257\037\333\004\344_/R\006E\344\037@\210\363\010\336T\226\247'\204_{\261\370""1\235\2445\343\033Y!\212\201\341\272\225'\007\263B!Z\320\306\241\353=A\363\232(\373<\353U\340xI\247\020)pW\021R\030+\003\254\303\013\003""; }; requestCookie: 3; ","ledgerHash: ""b&\270&\346ju\200\363N\320\307\004\034\001n\317\361\2653\254\2503\247\305\372\316W\022O\253x""; ledgerSeq: 21; type: liBASE; nodes {;   nodedata: ""\000\000\000\025\001cEx]\211\377\330\023\313c\321B\032l\301h\005\320\252\301\361(\330[\343\357\343{\235\n\266g\272>\177\317\347\261q\000\000\000\000\000\000\000\000\000\000\000\000\000\000\000\000\000\000\000\000\000\000\000\000\000\000\000\000\000\000\000\000(i\212\236j)\374D9\340\353\031\222M\035'v(\204\003\025\212a\354\264\021\277K\233\006\262\311/\351\252\361/\351\252\362\n\000""; }; nodes {;   nodedata: ""\323C\344\327\264{\312-\017:\006{\177\344N\002\326bO\260\220\006\033\362\345\005U\221DzJ0\001\301\025%1L\307\t\261\262z\374\222T\301\274V\236\223\262\270Ct\362\337b\356\024*\324\320\351\317\002k\336\234\027v\351\217\260\303\360\233ZPZWr\246$w\313\313\r\243r\232\2234\373\3539:N\004Q\245\272D\312D\300\300\t\323\0257\345e\271\na\215{\226\255x%T\257\037\333\004\344_/R\006E\344\037@\210\363\010\336T\226\247'\204_{\261\370""1\235\2445\343\033Y!\212\201\341\272\225'\007\263B!Z\320\306\241\353=A\363\232(\373<\353U\340xI\247\020)pW\021R\030+\003\254\303\013\003""; }; requestCookie: 3; "
1750527603500,1750527603500,0,1,2,3,TMGetLedger,"itype: liAS_NODE; ledgerHash: ""b&\270&\346ju\200\363N\320\307\004\034\001n\317\361\2653\254\2503\247\305\372\316W\022O\253x""; ledgerSeq: 21; nodeIDs: ""\260\000\000\000\000\000\000\000\000\000\000\000\000\000\000\000\000\000\000\000\000\000\000\000\000\000\000\000\000\000\000\000\001""; queryType: qtINDIRECT; queryDepth: 1; ","itype: liAS_NODE; ledgerHash: ""b&\270&\346ju\200\363N\320\307\004\034\001n\317\361\2653\254\2503\247\305\372\316W\022O\253x""; ledgerSeq: 21; nodeIDs: ""\260\000\000\000\000\000\000\000\000\000\000\000\000\000\000\000\000\000\000\000\000\000\000\000\000\000\000\000\000\000\000\000\001""; queryType: qtINDIRECT; queryDepth: 1; "
1750527603501,1750527603501,0,1,3,0,TMLedgerData,"ledgerHash: ""b&\270&\346ju\200\363N\320\307\004\034\001n\317\361\2653\254\2503\247\305\372\316W\022O\253x""; ledgerSeq: 21; type: liBASE; nodes {;   nodedata: ""\000\000\000\025\001cEx]\211\377\330\023\313c\321B\032l\301h\005\320\252\301\361(\330[\343\357\343{\235\n\266g\272>\177\317\347\261q\000\000\000\000\000\000\000\000\000\000\000\000\000\000\000\000\000\000\000\000\000\000\000\000\000\000\000\000\000\000\000\000(i\212\236j)\374D9\340\353\031\222M\035'v(\204\003\025\212a\354\264\021\277K\233\006\262\311/\351\252\361/\351\252\362\n\000""; }; nodes {;   nodedata: ""\323C\344\327\264{\312-\017:\006{\177\344N\002\326bO\260\220\006\033\362\345\005U\221DzJ0\001\301\025%1L\307\t\261\262z\374\222T\301\274V\236\223\262\270Ct\362\337b\356\024*\324\320\351\317\002k\336\234\027v\351\217\260\303\360\233ZPZWr\246$w\313\313\r\243r\232\2234\373\3539:N\004Q\245\272D\312D\300\300\t\323\0257\345e\271\na\215{\226\255x%T\257\037\333\004\344_/R\006E\344\037@\210\363\010\336T\226\247'\204_{\261\370""1\235\2445\343\033Y!\212\201\341\272\225'\007\263B!Z\320\306\241\353=A\363\232(\373<\353U\340xI\247\020)pW\021R\030+\003\254\303\013\003""; }; requestCookie: 2; ","ledgerHash: ""b&\270&\346ju\200\363N\320\307\004\034\001n\317\361\2653\254\2503\247\305\372\316W\022O\253x""; ledgerSeq: 21; type: liBASE; nodes {;   nodedata: ""\000\000\000\025\001cEx]\211\377\330\023\313c\321B\032l\301h\005\320\252\301\361(\330[\343\357\343{\235\n\266g\272>\177\317\347\261q\000\000\000\000\000\000\000\000\000\000\000\000\000\000\000\000\000\000\000\000\000\000\000\000\000\000\000\000\000\000\000\000(i\212\236j)\374D9\340\353\031\222M\035'v(\204\003\025\212a\354\264\021\277K\233\006\262\311/\351\252\361/\351\252\362\n\000""; }; nodes {;   nodedata: ""\323C\344\327\264{\312-\017:\006{\177\344N\002\326bO\260\220\006\033\362\345\005U\221DzJ0\001\301\025%1L\307\t\261\262z\374\222T\301\274V\236\223\262\270Ct\362\337b\356\024*\324\320\351\317\002k\336\234\027v\351\217\260\303\360\233ZPZWr\246$w\313\313\r\243r\232\2234\373\3539:N\004Q\245\272D\312D\300\300\t\323\0257\345e\271\na\215{\226\255x%T\257\037\333\004\344_/R\006E\344\037@\210\363\010\336T\226\247'\204_{\261\370""1\235\2445\343\033Y!\212\201\341\272\225'\007\263B!Z\320\306\241\353=A\363\232(\373<\353U\340xI\247\020)pW\021R\030+\003\254\303\013\003""; }; requestCookie: 2; "
1750527603502,1750527603502,0,1,3,0,TMLedgerData,"ledgerHash: ""b&\270&\346ju\200\363N\320\307\004\034\001n\317\361\2653\254\2503\247\305\372\316W\022O\253x""; ledgerSeq: 21; type: liBASE; nodes {;   nodedata: ""\000\000\000\025\001cEx]\211\377\330\023\313c\321B\032l\301h\005\320\252\301\361(\330[\343\357\343{\235\n\266g\272>\177\317\347\261q\000\000\000\000\000\000\000\000\000\000\000\000\000\000\000\000\000\000\000\000\000\000\000\000\000\000\000\000\000\000\000\000(i\212\236j)\374D9\340\353\031\222M\035'v(\204\003\025\212a\354\264\021\277K\233\006\262\311/\351\252\361/\351\252\362\n\000""; }; nodes {;   nodedata: ""\323C\344\327\264{\312-\017:\006{\177\344N\002\326bO\260\220\006\033\362\345\005U\221DzJ0\001\301\025%1L\307\t\261\262z\374\222T\301\274V\236\223\262\270Ct\362\337b\356\024*\324\320\351\317\002k\336\234\027v\351\217\260\303\360\233ZPZWr\246$w\313\313\r\243r\232\2234\373\3539:N\004Q\245\272D\312D\300\300\t\323\0257\345e\271\na\215{\226\255x%T\257\037\333\004\344_/R\006E\344\037@\210\363\010\336T\226\247'\204_{\261\370""1\235\2445\343\033Y!\212\201\341\272\225'\007\263B!Z\320\306\241\353=A\363\232(\373<\353U\340xI\247\020)pW\021R\030+\003\254\303\013\003""; }; requestCookie: 5; ","ledgerHash: ""b&\270&\346ju\200\363N\320\307\004\034\001n\317\361\2653\254\2503\247\305\372\316W\022O\253x""; ledgerSeq: 21; type: liBASE; nodes {;   nodedata: ""\000\000\000\025\001cEx]\211\377\330\023\313c\321B\032l\301h\005\320\252\301\361(\330[\343\357\343{\235\n\266g\272>\177\317\347\261q\000\000\000\000\000\000\000\000\000\000\000\000\000\000\000\000\000\000\000\000\000\000\000\000\000\000\000\000\000\000\000\000(i\212\236j)\374D9\340\353\031\222M\035'v(\204\003\025\212a\354\264\021\277K\233\006\262\311/\351\252\361/\351\252\362\n\000""; }; nodes {;   nodedata: ""\323C\344\327\264{\312-\017:\006{\177\344N\002\326bO\260\220\006\033\362\345\005U\221DzJ0\001\301\025%1L\307\t\261\262z\374\222T\301\274V\236\223\262\270Ct\362\337b\356\024*\324\320\351\317\002k\336\234\027v\351\217\260\303\360\233ZPZWr\246$w\313\313\r\243r\232\2234\373\3539:N\004Q\245\272D\312D\300\300\t\323\0257\345e\271\na\215{\226\255x%T\257\037\333\004\344_/R\006E\344\037@\210\363\010\336T\226\247'\204_{\261\370""1\235\2445\343\033Y!\212\201\341\272\225'\007\263B!Z\320\306\241\353=A\363\232(\373<\353U\340xI\247\020)pW\021R\030+\003\254\303\013\003""; }; requestCookie: 5; "
1750527603503,1750527603503,0,1,3,0,TMLedgerData,"ledgerHash: ""b&\270&\346ju\200\363N\320\307\004\034\001n\317\361\2653\254\2503\247\305\372\316W\022O\253x""; ledgerSeq: 21; type: liBASE; nodes {;   nodedata: ""\000\000\000\025\001cEx]\211\377\330\023\313c\321B\032l\301h\005\320\252\301\361(\330[\343\357\343{\235\n\266g\272>\177\317\347\261q\000\000\000\000\000\000\000\000\000\000\000\000\000\000\000\000\000\000\000\000\000\000\000\000\000\000\000\000\000\000\000\000(i\212\236j)\374D9\340\353\031\222M\035'v(\204\003\025\212a\354\264\021\277K\233\006\262\311/\351\252\361/\351\252\362\n\000""; }; nodes {;   nodedata: ""\323C\344\327\264{\312-\017:\006{\177\344N\002\326bO\260\220\006\033\362\345\005U\221DzJ0\001\301\025%1L\307\t\261\262z\374\222T\301\274V\236\223\262\270Ct\362\337b\356\024*\324\320\351\317\002k\336\234\027v\351\217\260\303\360\233ZPZWr\246$w\313\313\r\243r\232\2234\373\3539:N\004Q\245\272D\312D\300\300\t\323\0257\345e\271\na\215{\226\255x%T\257\037\333\004\344_/R\006E\344\037@\210\363\010\336T\226\247'\204_{\261\370""1\235\2445\343\033Y!\212\201\341\272\225'\007\263B!Z\320\306\241\353=A\363\232(\373<\353U\340xI\247\020)pW\021R\030+\003\254\303\013\003""; }; requestCookie: 3; ","ledgerHash: ""b&\270&\346ju\200\363N\320\307\004\034\001n\317\361\2653\254\2503\247\305\372\316W\022O\253x""; ledgerSeq: 21; type: liBASE; nodes {;   nodedata: ""\000\000\000\025\001cEx]\211\377\330\023\313c\321B\032l\301h\005\320\252\301\361(\330[\343\357\343{\235\n\266g\272>\177\317\347\261q\000\000\000\000\000\000\000\000\000\000\000\000\000\000\000\000\000\000\000\000\000\000\000\000\000\000\000\000\000\000\000\000(i\212\236j)\374D9\340\353\031\222M\035'v(\204\003\025\212a\354\264\021\277K\233\006\262\311/\351\252\361/\351\252\362\n\000""; }; nodes {;   nodedata: ""\323C\344\327\264{\312-\017:\006{\177\344N\002\326bO\260\220\006\033\362\345\005U\221DzJ0\001\301\025%1L\307\t\261\262z\374\222T\301\274V\236\223\262\270Ct\362\337b\356\024*\324\320\351\317\002k\336\234\027v\351\217\260\303\360\233ZPZWr\246$w\313\313\r\243r\232\2234\373\3539:N\004Q\245\272D\312D\300\300\t\323\0257\345e\271\na\215{\226\255x%T\257\037\333\004\344_/R\006E\344\037@\210\363\010\336T\226\247'\204_{\261\370""1\235\2445\343\033Y!\212\201\341\272\225'\007\263B!Z\320\306\241\353=A\363\232(\373<\353U\340xI\247\020)pW\021R\030+\003\254\303\013\003""; }; requestCookie: 3; "
1750527603503,1750527603503,0,1,3,4,TMLedgerData,"ledgerHash: ""b&\270&\346ju\200\363N\320\307\004\034\001n\317\361\2653\254\2503\247\305\372\316W\022O\253x""; ledgerSeq: 21; type: liBASE; nodes {;   nodedata: ""\000\000\000\025\001cEx]\211\377\330\023\313c\321B\032l\301h\005\320\252\301\361(\330[\343\357\343{\235\n\266g\272>\177\317\347\261q\000\000\000\000\000\000\000\000\000\000\000\000\000\000\000\000\000\000\000\000\000\000\000\000\000\000\000\000\000\000\000\000(i\212\236j)\374D9\340\353\031\222M\035'v(\204\003\025\212a\354\264\021\277K\233\006\262\311/\351\252\361/\351\252\362\n\000""; }; nodes {;   nodedata: ""\323C\344\327\264{\312-\017:\006{\177\344N\002\326bO\260\220\006\033\362\345\005U\221DzJ0\001\301\025%1L\307\t\261\262z\374\222T\301\274V\236\223\262\270Ct\362\337b\356\024*\324\320\351\317\002k\336\234\027v\351\217\260\303\360\233ZPZWr\246$w\313\313\r\243r\232\2234\373\3539:N\004Q\245\272D\312D\300\300\t\323\0257\345e\271\na\215{\226\255x%T\257\037\333\004\344_/R\006E\344\037@\210\363\010\336T\226\247'\204_{\261\370""1\235\2445\343\033Y!\212\201\341\272\225'\007\263B!Z\320\306\241\353=A\363\232(\373<\353U\340xI\247\020)pW\021R\030+\003\254\303\013\003""; }; requestCookie: 2; ","ledgerHash: ""b&\270&\346ju\200\363N\320\307\004\034\001n\317\361\2653\254\2503\247\305\372\316W\022O\253x""; ledgerSeq: 21; type: liBASE; nodes {;   nodedata: ""\000\000\000\025\001cEx]\211\377\330\023\313c\321B\032l\301h\005\320\252\301\361(\330[\343\357\343{\235\n\266g\272>\177\317\347\261q\000\000\000\000\000\000\000\000\000\000\000\000\000\000\000\000\000\000\000\000\000\000\000\000\000\000\000\000\000\000\000\000(i\212\236j)\374D9\340\353\031\222M\035'v(\204\003\025\212a\354\264\021\277K\233\006\262\311/\351\252\361/\351\252\362\n\000""; }; nodes {;   nodedata: ""\323C\344\327\264{\312-\017:\006{\177\344N\002\326bO\260\220\006\033\362\345\005U\221DzJ0\001\301\025%1L\307\t\261\262z\374\222T\301\274V\236\223\262\270Ct\362\337b\356\024*\324\320\351\317\002k\336\234\027v\351\217\260\303\360\233ZPZWr\246$w\313\313\r\243r\232\2234\373\3539:N\004Q\245\272D\312D\300\300\t\323\0257\345e\271\na\215{\226\255x%T\257\037\333\004\344_/R\006E\344\037@\210\363\010\336T\226\247'\204_{\261\370""1\235\2445\343\033Y!\212\201\341\272\225'\007\263B!Z\320\306\241\353=A\363\232(\373<\353U\340xI\247\020)pW\021R\030+\003\254\303\013\003""; }; requestCookie: 2; "
1750527603504,1750527603504,0,1,1,4,TMLedgerData,"ledgerHash: ""b&\270&\346ju\200\363N\320\307\004\034\001n\317\361\2653\254\2503\247\305\372\316W\022O\253x""; ledgerSeq: 21; type: liBASE; nodes {;   nodedata: ""\000\000\000\025\001cEx]\211\377\330\023\313c\321B\032l\301h\005\320\252\301\361(\330[\343\357\343{\235\n\266g\272>\177\317\347\261q\000\000\000\000\000\000\000\000\000\000\000\000\000\000\000\000\000\000\000\000\000\000\000\000\000\000\000\000\000\000\000\000(i\212\236j)\374D9\340\353\031\222M\035'v(\204\003\025\212a\354\264\021\277K\233\006\262\311/\351\252\361/\351\252\362\n\000""; }; nodes {;   nodedata: ""\323C\344\327\264{\312-\017:\006{\177\344N\002\326bO\260\220\006\033\362\345\005U\221DzJ0\001\301\025%1L\307\t\261\262z\374\222T\301\274V\236\223\262\270Ct\362\337b\356\024*\324\320\351\317\002k\336\234\027v\351\217\260\303\360\233ZPZWr\246$w\313\313\r\243r\232\2234\373\3539:N\004Q\245\272D\312D\300\300\t\323\0257\345e\271\na\215{\226\255x%T\257\037\333\004\344_/R\006E\344\037@\210\363\010\336T\226\247'\204_{\261\370""1\235\2445\343\033Y!\212\201\341\272\225'\007\263B!Z\320\306\241\353=A\363\232(\373<\353U\340xI\247\020)pW\021R\030+\003\254\303\013\003""; }; ","ledgerHash: ""b&\270&\346ju\200\363N\320\307\004\034\001n\317\361\2653\254\2503\247\305\372\316W\022O\253x""; ledgerSeq: 21; type: liBASE; nodes {;   nodedata: ""\000\000\000\025\001cEx]\211\377\330\023\313c\321B\032l\301h\005\320\252\301\361(\330[\343\357\343{\235\n\266g\272>\177\317\347\261q\000\000\000\000\000\000\000\000\000\000\000\000\000\000\000\000\000\000\000\000\000\000\000\000\000\000\000\000\000\000\000\000(i\212\236j)\374D9\340\353\031\222M\035'v(\204\003\025\212a\354\264\021\277K\233\006\262\311/\351\252\361/\351\252\362\n\000""; }; nodes {;   nodedata: ""\323C\344\327\264{\312-\017:\006{\177\344N\002\326bO\260\220\006\033\362\345\005U\221DzJ0\001\301\025%1L\307\t\261\262z\374\222T\301\274V\236\223\262\270Ct\362\337b\356\024*\324\320\351\317\002k\336\234\027v\351\217\260\303\360\233ZPZWr\246$w\313\313\r\243r\232\2234\373\3539:N\004Q\245\272D\312D\300\300\t\323\0257\345e\271\na\215{\226\255x%T\257\037\333\004\344_/R\006E\344\037@\210\363\010\336T\226\247'\204_{\261\370""1\235\2445\343\033Y!\212\201\341\272\225'\007\263B!Z\320\306\241\353=A\363\232(\373<\353U\340xI\247\020)pW\021R\030+\003\254\303\013\003""; }; "
1750527603505,1750527603505,0,1,3,4,TMLedgerData,"ledgerHash: ""b&\270&\346ju\200\363N\320\307\004\034\001n\317\361\2653\254\2503\247\305\372\316W\022O\253x""; ledgerSeq: 21; type: liBASE; nodes {;   nodedata: ""\000\000\000\025\001cEx]\211\377\330\023\313c\321B\032l\301h\005\320\252\301\361(\330[\343\357\343{\235\n\266g\272>\177\317\347\261q\000\000\000\000\000\000\000\000\000\000\000\000\000\000\000\000\000\000\000\000\000\000\000\000\000\000\000\000\000\000\000\000(i\212\236j)\374D9\340\353\031\222M\035'v(\204\003\025\212a\354\264\021\277K\233\006\262\311/\351\252\361/\351\252\362\n\000""; }; nodes {;   nodedata: ""\323C\344\327\264{\312-\017:\006{\177\344N\002\326bO\260\220\006\033\362\345\005U\221DzJ0\001\301\025%1L\307\t\261\262z\374\222T\301\274V\236\223\262\270Ct\362\337b\356\024*\324\320\351\317\002k\336\234\027v\351\217\260\303\360\233ZPZWr\246$w\313\313\r\243r\232\2234\373\3539:N\004Q\245\272D\312D\300\300\t\323\0257\345e\271\na\215{\226\255x%T\257\037\333\004\344_/R\006E\344\037@\210\363\010\336T\226\247'\204_{\261\370""1\235\2445\343\033Y!\212\201\341\272\225'\007\263B!Z\320\306\241\353=A\363\232(\373<\353U\340xI\247\020)pW\021R\030+\003\254\303\013\003""; }; requestCookie: 3; ","ledgerHash: ""b&\270&\346ju\200\363N\320\307\004\034\001n\317\361\2653\254\2503\247\305\372\316W\022O\253x""; ledgerSeq: 21; type: liBASE; nodes {;   nodedata: ""\000\000\000\025\001cEx]\211\377\330\023\313c\321B\032l\301h\005\320\252\301\361(\330[\343\357\343{\235\n\266g\272>\177\317\347\261q\000\000\000\000\000\000\000\000\000\000\000\000\000\000\000\000\000\000\000\000\000\000\000\000\000\000\000\000\000\000\000\000(i\212\236j)\374D9\340\353\031\222M\035'v(\204\003\025\212a\354\264\021\277K\233\006\262\311/\351\252\361/\351\252\362\n\000""; }; nodes {;   nodedata: ""\323C\344\327\264{\312-\017:\006{\177\344N\002\326bO\260\220\006\033\362\345\005U\221DzJ0\001\301\025%1L\307\t\261\262z\374\222T\301\274V\236\223\262\270Ct\362\337b\356\024*\324\320\351\317\002k\336\234\027v\351\217\260\303\360\233ZPZWr\246$w\313\313\r\243r\232\2234\373\3539:N\004Q\245\272D\312D\300\300\t\323\0257\345e\271\na\215{\226\255x%T\257\037\333\004\344_/R\006E\344\037@\210\363\010\336T\226\247'\204_{\261\370""1\235\2445\343\033Y!\212\201\341\272\225'\007\263B!Z\320\306\241\353=A\363\232(\373<\353U\340xI\247\020)pW\021R\030+\003\254\303\013\003""; }; requestCookie: 3; "
1750527603506,1750527603506,0,1,2,4,TMLedgerData,"ledgerHash: ""b&\270&\346ju\200\363N\320\307\004\034\001n\317\361\2653\254\2503\247\305\372\316W\022O\253x""; ledgerSeq: 21; type: liBASE; nodes {;   nodedata: ""\000\000\000\025\001cEx]\211\377\330\023\313c\321B\032l\301h\005\320\252\301\361(\330[\343\357\343{\235\n\266g\272>\177\317\347\261q\000\000\000\000\000\000\000\000\000\000\000\000\000\000\000\000\000\000\000\000\000\000\000\000\000\000\000\000\000\000\000\000(i\212\236j)\374D9\340\353\031\222M\035'v(\204\003\025\212a\354\264\021\277K\233\006\262\311/\351\252\361/\351\252\362\n\000""; }; nodes {;   nodedata: ""\323C\344\327\264{\312-\017:\006{\177\344N\002\326bO\260\220\006\033\362\345\005U\221DzJ0\001\301\025%1L\307\t\261\262z\374\222T\301\274V\236\223\262\270Ct\362\337b\356\024*\324\320\351\317\002k\336\234\027v\351\217\260\303\360\233ZPZWr\246$w\313\313\r\243r\232\2234\373\3539:N\004Q\245\272D\312D\300\300\t\323\0257\345e\271\na\215{\226\255x%T\257\037\333\004\344_/R\006E\344\037@\210\363\010\336T\226\247'\204_{\261\370""1\235\2445\343\033Y!\212\201\341\272\225'\007\263B!Z\320\306\241\353=A\363\232(\373<\353U\340xI\247\020)pW\021R\030+\003\254\303\013\003""; }; ","ledgerHash: ""b&\270&\346ju\200\363N\320\307\004\034\001n\317\361\2653\254\2503\247\305\372\316W\022O\253x""; ledgerSeq: 21; type: liBASE; nodes {;   nodedata: ""\000\000\000\025\001cEx]\211\377\330\023\313c\321B\032l\301h\005\320\252\301\361(\330[\343\357\343{\235\n\266g\272>\177\317\347\261q\000\000\000\000\000\000\000\000\000\000\000\000\000\000\000\000\000\000\000\000\000\000\000\000\000\000\000\000\000\000\000\000(i\212\236j)\374D9\340\353\031\222M\035'v(\204\003\025\212a\354\264\021\277K\233\006\262\311/\351\252\361/\351\252\362\n\000""; }; nodes {;   nodedata: ""\323C\344\327\264{\312-\017:\006{\177\344N\002\326bO\260\220\006\033\362\345\005U\221DzJ0\001\301\025%1L\307\t\261\262z\374\222T\301\274V\236\223\262\270Ct\362\337b\356\024*\324\320\351\317\002k\336\234\027v\351\217\260\303\360\233ZPZWr\246$w\313\313\r\243r\232\2234\373\3539:N\004Q\245\272D\312D\300\300\t\323\0257\345e\271\na\215{\226\255x%T\257\037\333\004\344_/R\006E\344\037@\210\363\010\336T\226\247'\204_{\261\370""1\235\2445\343\033Y!\212\201\341\272\225'\007\263B!Z\320\306\241\353=A\363\232(\373<\353U\340xI\247\020)pW\021R\030+\003\254\303\013\003""; }; "
1750527603507,1750527603507,0,1,3,0,TMLedgerData,"ledgerHash: ""b&\270&\346ju\200\363N\320\307\004\034\001n\317\361\2653\254\2503\247\305\372\316W\022O\253x""; ledgerSeq: 21; type: liAS_NODE; nodes {;   nodedata: ""\021\000h""\000\000\000\000 \033\000\000\000\024\002\023\302\337\330\356GuH\375\327!\255\371\r\231\262R\256J\034\222\241\355X\265E\241^W\225\304\014\361CX-}\351f\032\255\274\334m\326c\017\014ao[\342\230\003\245\245\3341Hm\326^\017jy\335\261\032Yt\320\244{g\0306\\302\303*\341\215\223\257\364\277o\375\000r\241SOq\221\253\262\005\017\375T\356\014\360o'\030\311-\267\031\257!\031T\006><\315XM\334\324\345\034\000\325\367\240\271\013\265\024\321\362\354\211\250.\234s\225amc\305\035\366\276\037nD\277`\210\223N\3535\033\261\304f\331]\036\237\306o!\223\221\002\324\031\262\240R\177 ,\214\325\Q])\016\2067\277\t\354\010\000\360\215\2502\265\245\310\226\243c\302Ze\306\253#r\020\211\320iG\276\020E\317\035Sf\223F\254\033@\177e\277\016\010u\327\371&\262\312\317Q\2361t\377x\234\001v\003%\030\325_\225g\204\346a=\225\273\331\354\365*U\363\263N\367b\371\244\314-w\363\262\225Z\200\206\235\233\257?sE\2674\254\326mU\377?\177Ek\336\030!\316Aa\225\303\022\377{\210Y\226\271as\354L\035\004\341\361\035\301\024\220m#*\372\032\3178~\374\250\014*\323\342'z69\220\327\256\351G\367\317u\302\207\270b\315\333\333\334\310I\323&\014\352XZnW2.\335\347\202\021\247\362\212e\034\000\001\250\220\305;a\314\265R\310\017\317\331\235\360\262\240:\277\202\266\354\265X""\022\nh\252\352w\204\203\023]\001f\352\277\0031Q]\362\370R\350{\261\202\240\344\215\201\353\276\322p5p\350\354\017>\250r\241c\273\016\301\024\363\242\247\263\231\370\344\nBW\220K\316@3\243\200\036wk\253GSlU\010\360\231>\331\263H\214\324\030A\225\301o\346pkSF\004\241\213w9\223=\250\262*+\255\351r\265\244c\024\213\t\007`\223\325#\3477\210\345P\306\013\320\252[\0216+\227=`\371P\314\346 V7\271[~\n\237\274|\347\352@K\253~&\260\032\024\004B\200\255h\351\013\361\031:nG\211\005|\2003\266\274\251,W\006u\344\335d\003\306\212\313,\340\350bG\n\030Z\2732-\246\312\255\030\003\235207\005}D\260\0261ah\322M\304\216\273m0\271\234\237\007<w$\265C\245\232\033\023\313c\321B\032l\301h\005\320\252\301\361(\330[\343\357\343{\235\n\266g\272>\177\317\347\261q\264\227\2326\315\307\363\323\325\303\032N\256*\307\327 \235\332\207u\210\271\257\306g\231i*\260\326k\001"";   nodeid: ""\260\000\000\000\000\000\000\000\000\000\000\000\000\000\000\000\000\000\000\000\000\000\000\000\000\000\000\000\000\000\000\000\001""; }; ","ledgerHash: ""b&\270&\346ju\200\363N\320\307\004\034\001n\317\361\2653\254\2503\247\305\372\316W\022O\253x""; ledgerSeq: 21; type: liAS_NODE; nodes {;   nodedata: ""\021\000h""\000\000\000\000 \033\000\000\000\024\002\023\302\337\330\356GuH\375\327!\255\371\r\231\262R\256J\034\222\241\355X\265E\241^W\225\304\014\361CX-}\351f\032\255\274\334m\326c\017\014ao[\342\230\003\245\245\3341Hm\326^\017jy\335\261\032Yt\320\244{g\0306\\302\303*\341\215\223\257\364\277o\375\000r\241SOq\221\253\262\005\017\375T\356\014\360o'\030\311-\267\031\257!\031T\006><\315XM\334\324\345\034\000\325\367\240\271\013\265\024\321\362\354\211\250.\234s\225amc\305\035\366\276\037nD\277`\210\223N\3535\033\261\304f\331]\036\237\306o!\223\221\002\324\031\262\240R\177 ,\214\325\Q])\016\2067\277\t\354\010\000\360\215\2502\265\245\310\226\243c\302Ze\306\253#r\020\211\320iG\276\020E\317\035Sf\223F\254\033@\177e\277\016\010u\327\371&\262\312\317Q\2361t\377x\234\001v\003%\030\325_\225g\204\346a=\225\273\331\354\365*U\363\263N\367b\371\244\314-w\363\262\225Z\200\206\235\233\257?sE\2674\254\326mU\377?\177Ek\336\030!\316Aa\225\303\022\377{\210Y\226\271as\354L\035\004\341\361\035\301\024\220m#*\372\032\3178~\374\250\014*\323\342'z69\220\327\256\351G\367\317u\302\207\270b\315\333\333\334\310I\323&\014\352XZnW2.\335\347\202\021\247\362\212e\034\000\001\250\220\305;a\314\265R\310\017\317\331\235\360\262\240:\277\202\266\354\265X""\022\nh\252\352w\204\203\023]\001f\352\277\0031Q]\362\370R\350{\261\202\240\344\215\201\353\276\322p5p\350\354\017>\250r\241c\273\016\301\024\363\242\247\263\231\370\344\nBW\220K\316@3\243\200\036wk\253GSlU\010\360\231>\331\263H\214\324\030A\225\301o\346pkSF\004\241\213w9\223=\250\262*+\255\351r\265\244c\024\213\t\007`\223\325#\3477\210\345P\306\013\320\252[\0216+\227=`\371P\314\346 V7\271[~\n\237\274|\347\352@K\253~&\260\032\024\004B\200\255h\351\013\361\031:nG\211\005|\2003\266\274\251,W\006u\344\335d\003\306\212\313,\340\350bG\n\030Z\2732-\246\312\255\030\003\235207\005}D\260\0261ah\322M\304\216\273m0\271\234\237\007<w$\265C\245\232\033\023\313c\321B\032l\301h\005\320\252\301\361(\330[\343\357\343{\235\n\266g\272>\177\317\347\261q\264\227\2326\315\307\363\323\325\303\032N\256*\307\327 \235\332\207u\210\271\257\306g\231i*\260\326k\001"";   nodeid: ""\260\000\000\000\000\000\000\000\000\000\000\000\000\000\000\000\000\000\000\000\000\000\000\000\000\000\000\000\000\000\000\000\001""; }; "
1750527603507,1750527603507,0,1,4,0,TMLedgerData,"ledgerHash: ""b&\270&\346ju\200\363N\320\307\004\034\001n\317\361\2653\254\2503\247\305\372\316W\022O\253x""; ledgerSeq: 21; type: liBASE; nodes {;   nodedata: ""\000\000\000\025\001cEx]\211\377\330\023\313c\321B\032l\301h\005\320\252\301\361(\330[\343\357\343{\235\n\266g\272>\177\317\347\261q\000\000\000\000\000\000\000\000\000\000\000\000\000\000\000\000\000\000\000\000\000\000\000\000\000\000\000\000\000\000\000\000(i\212\236j)\374D9\340\353\031\222M\035'v(\204\003\025\212a\354\264\021\277K\233\006\262\311/\351\252\361/\351\252\362\n\000""; }; nodes {;   nodedata: ""\323C\344\327\264{\312-\017:\006{\177\344N\002\326bO\260\220\006\033\362\345\005U\221DzJ0\001\301\025%1L\307\t\261\262z\374\222T\301\274V\236\223\262\270Ct\362\337b\356\024*\324\320\351\317\002k\336\234\027v\351\217\260\303\360\233ZPZWr\246$w\313\313\r\243r\232\2234\373\3539:N\004Q\245\272D\312D\300\300\t\323\0257\345e\271\na\215{\226\255x%T\257\037\333\004\344_/R\006E\344\037@\210\363\010\336T\226\247'\204_{\261\370""1\235\2445\343\033Y!\212\201\341\272\225'\007\263B!Z\320\306\241\353=A\363\232(\373<\353U\340xI\247\020)pW\021R\030+\003\254\303\013\003""; }; ","ledgerHash: ""b&\270&\346ju\200\363N\320\307\004\034\001n\317\361\2653\254\2503\247\305\372\316W\022O\253x""; ledgerSeq: 21; type: liBASE; nodes {;   nodedata: ""\000\000\000\025\001cEx]\211\377\330\023\313c\321B\032l\301h\005\320\252\301\361(\330[\343\357\343{\235\n\266g\272>\177\317\347\261q\000\000\000\000\000\000\000\000\000\000\000\000\000\000\000\000\000\000\000\000\000\000\000\000\000\000\000\000\000\000\000\000(i\212\236j)\374D9\340\353\031\222M\035'v(\204\003\025\212a\354\264\021\277K\233\006\262\311/\351\252\361/\351\252\362\n\000""; }; nodes {;   nodedata: ""\323C\344\327\264{\312-\017:\006{\177\344N\002\326bO\260\220\006\033\362\345\005U\221DzJ0\001\301\025%1L\307\t\261\262z\374\222T\301\274V\236\223\262\270Ct\362\337b\356\024*\324\320\351\317\002k\336\234\027v\351\217\260\303\360\233ZPZWr\246$w\313\313\r\243r\232\2234\373\3539:N\004Q\245\272D\312D\300\300\t\323\0257\345e\271\na\215{\226\255x%T\257\037\333\004\344_/R\006E\344\037@\210\363\010\336T\226\247'\204_{\261\370""1\235\2445\343\033Y!\212\201\341\272\225'\007\263B!Z\320\306\241\353=A\363\232(\373<\353U\340xI\247\020)pW\021R\030+\003\254\303\013\003""; }; "
1750527603508,1750527603509,0,1,2,0,TMLedgerData,"ledgerHash: ""b&\270&\346ju\200\363N\320\307\004\034\001n\317\361\2653\254\2503\247\305\372\316W\022O\253x""; ledgerSeq: 21; type: liBASE; nodes {;   nodedata: ""\000\000\000\025\001cEx]\211\377\330\023\313c\321B\032l\301h\005\320\252\301\361(\330[\343\357\343{\235\n\266g\272>\177\317\347\261q\000\000\000\000\000\000\000\000\000\000\000\000\000\000\000\000\000\000\000\000\000\000\000\000\000\000\000\000\000\000\000\000(i\212\236j)\374D9\340\353\031\222M\035'v(\204\003\025\212a\354\264\021\277K\233\006\262\311/\351\252\361/\351\252\362\n\000""; }; nodes {;   nodedata: ""\323C\344\327\264{\312-\017:\006{\177\344N\002\326bO\260\220\006\033\362\345\005U\221DzJ0\001\301\025%1L\307\t\261\262z\374\222T\301\274V\236\223\262\270Ct\362\337b\356\024*\324\320\351\317\002k\336\234\027v\351\217\260\303\360\233ZPZWr\246$w\313\313\r\243r\232\2234\373\3539:N\004Q\245\272D\312D\300\300\t\323\0257\345e\271\na\215{\226\255x%T\257\037\333\004\344_/R\006E\344\037@\210\363\010\336T\226\247'\204_{\261\370""1\235\2445\343\033Y!\212\201\341\272\225'\007\263B!Z\320\306\241\353=A\363\232(\373<\353U\340xI\247\020)pW\021R\030+\003\254\303\013\003""; }; ","ledgerHash: ""b&\270&\346ju\200\363N\320\307\004\034\001n\317\361\2653\254\2503\247\305\372\316W\022O\253x""; ledgerSeq: 21; type: liBASE; nodes {;   nodedata: ""\000\000\000\025\001cEx]\211\377\330\023\313c\321B\032l\301h\005\320\252\301\361(\330[\343\357\343{\235\n\266g\272>\177\317\347\261q\000\000\000\000\000\000\000\000\000\000\000\000\000\000\000\000\000\000\000\000\000\000\000\000\000\000\000\000\000\000\000\000(i\212\236j)\374D9\340\353\031\222M\035'v(\204\003\025\212a\354\264\021\277K\233\006\262\311/\351\252\361/\351\252\362\n\000""; }; nodes {;   nodedata: ""\323C\344\327\264{\312-\017:\006{\177\344N\002\326bO\260\220\006\033\362\345\005U\221DzJ0\001\301\025%1L\307\t\261\262z\374\222T\301\274V\236\223\262\270Ct\362\337b\356\024*\324\320\351\317\002k\336\234\027v\351\217\260\303\360\233ZPZWr\246$w\313\313\r\243r\232\2234\373\3539:N\004Q\245\272D\312D\300\300\t\323\0257\345e\271\na\215{\226\255x%T\257\037\333\004\344_/R\006E\344\037@\210\363\010\336T\226\247'\204_{\261\370""1\235\2445\343\033Y!\212\201\341\272\225'\007\263B!Z\320\306\241\353=A\363\232(\373<\353U\340xI\247\020)pW\021R\030+\003\254\303\013\003""; }; "
1750527603510,1750527603510,0,1,3,1,TMLedgerData,"ledgerHash: ""b&\270&\346ju\200\363N\320\307\004\034\001n\317\361\2653\254\2503\247\305\372\316W\022O\253x""; ledgerSeq: 21; type: liBASE; nodes {;   nodedata: ""\000\000\000\025\001cEx]\211\377\330\023\313c\321B\032l\301h\005\320\252\301\361(\330[\343\357\343{\235\n\266g\272>\177\317\347\261q\000\000\000\000\000\000\000\000\000\000\000\000\000\000\000\000\000\000\000\000\000\000\000\000\000\000\000\000\000\000\000\000(i\212\236j)\374D9\340\353\031\222M\035'v(\204\003\025\212a\354\264\021\277K\233\006\262\311/\351\252\361/\351\252\362\n\000""; }; nodes {;   nodedata: ""\323C\344\327\264{\312-\017:\006{\177\344N\002\326bO\260\220\006\033\362\345\005U\221DzJ0\001\301\025%1L\307\t\261\262z\374\222T\301\274V\236\223\262\270Ct\362\337b\356\024*\324\320\351\317\002k\336\234\027v\351\217\260\303\360\233ZPZWr\246$w\313\313\r\243r\232\2234\373\3539:N\004Q\245\272D\312D\300\300\t\323\0257\345e\271\na\215{\226\255x%T\257\037\333\004\344_/R\006E\344\037@\210\363\010\336T\226\247'\204_{\261\370""1\235\2445\343\033Y!\212\201\341\272\225'\007\263B!Z\320\306\241\353=A\363\232(\373<\353U\340xI\247\020)pW\021R\030+\003\254\303\013\003""; }; requestCookie: 3; ","ledgerHash: ""b&\270&\346ju\200\363N\320\307\004\034\001n\317\361\2653\254\2503\247\305\372\316W\022O\253x""; ledgerSeq: 21; type: liBASE; nodes {;   nodedata: ""\000\000\000\025\001cEx]\211\377\330\023\313c\321B\032l\301h\005\320\252\301\361(\330[\343\357\343{\235\n\266g\272>\177\317\347\261q\000\000\000\000\000\000\000\000\000\000\000\000\000\000\000\000\000\000\000\000\000\000\000\000\000\000\000\000\000\000\000\000(i\212\236j)\374D9\340\353\031\222M\035'v(\204\003\025\212a\354\264\021\277K\233\006\262\311/\351\252\361/\351\252\362\n\000""; }; nodes {;   nodedata: ""\323C\344\327\264{\312-\017:\006{\177\344N\002\326bO\260\220\006\033\362\345\005U\221DzJ0\001\301\025%1L\307\t\261\262z\374\222T\301\274V\236\223\262\270Ct\362\337b\356\024*\324\320\351\317\002k\336\234\027v\351\217\260\303\360\233ZPZWr\246$w\313\313\r\243r\232\2234\373\3539:N\004Q\245\272D\312D\300\300\t\323\0257\345e\271\na\215{\226\255x%T\257\037\333\004\344_/R\006E\344\037@\210\363\010\336T\226\247'\204_{\261\370""1\235\2445\343\033Y!\212\201\341\272\225'\007\263B!Z\320\306\241\353=A\363\232(\373<\353U\340xI\247\020)pW\021R\030+\003\254\303\013\003""; }; requestCookie: 3; "
1750527603510,1750527603511,0,1,3,1,TMLedgerData,"ledgerHash: ""b&\270&\346ju\200\363N\320\307\004\034\001n\317\361\2653\254\2503\247\305\372\316W\022O\253x""; ledgerSeq: 21; type: liBASE; nodes {;   nodedata: ""\000\000\000\025\001cEx]\211\377\330\023\313c\321B\032l\301h\005\320\252\301\361(\330[\343\357\343{\235\n\266g\272>\177\317\347\261q\000\000\000\000\000\000\000\000\000\000\000\000\000\000\000\000\000\000\000\000\000\000\000\000\000\000\000\000\000\000\000\000(i\212\236j)\374D9\340\353\031\222M\035'v(\204\003\025\212a\354\264\021\277K\233\006\262\311/\351\252\361/\351\252\362\n\000""; }; nodes {;   nodedata: ""\323C\344\327\264{\312-\017:\006{\177\344N\002\326bO\260\220\006\033\362\345\005U\221DzJ0\001\301\025%1L\307\t\261\262z\374\222T\301\274V\236\223\262\270Ct\362\337b\356\024*\324\320\351\317\002k\336\234\027v\351\217\260\303\360\233ZPZWr\246$w\313\313\r\243r\232\2234\373\3539:N\004Q\245\272D\312D\300\300\t\323\0257\345e\271\na\215{\226\255x%T\257\037\333\004\344_/R\006E\344\037@\210\363\010\336T\226\247'\204_{\261\370""1\235\2445\343\033Y!\212\201\341\272\225'\007\263B!Z\320\306\241\353=A\363\232(\373<\353U\340xI\247\020)pW\021R\030+\003\254\303\013\003""; }; requestCookie: 2; ","ledgerHash: ""b&\270&\346ju\200\363N\320\307\004\034\001n\317\361\2653\254\2503\247\305\372\316W\022O\253x""; ledgerSeq: 21; type: liBASE; nodes {;   nodedata: ""\000\000\000\025\001cEx]\211\377\330\023\313c\321B\032l\301h\005\320\252\301\361(\330[\343\357\343{\235\n\266g\272>\177\317\347\261q\000\000\000\000\000\000\000\000\000\000\000\000\000\000\000\000\000\000\000\000\000\000\000\000\000\000\000\000\000\000\000\000(i\212\236j)\374D9\340\353\031\222M\035'v(\204\003\025\212a\354\264\021\277K\233\006\262\311/\351\252\361/\351\252\362\n\000""; }; nodes {;   nodedata: ""\323C\344\327\264{\312-\017:\006{\177\344N\002\326bO\260\220\006\033\362\345\005U\221DzJ0\001\301\025%1L\307\t\261\262z\374\222T\301\274V\236\223\262\270Ct\362\337b\356\024*\324\320\351\317\002k\336\234\027v\351\217\260\303\360\233ZPZWr\246$w\313\313\r\243r\232\2234\373\3539:N\004Q\245\272D\312D\300\300\t\323\0257\345e\271\na\215{\226\255x%T\257\037\333\004\344_/R\006E\344\037@\210\363\010\336T\226\247'\204_{\261\370""1\235\2445\343\033Y!\212\201\341\272\225'\007\263B!Z\320\306\241\353=A\363\232(\373<\353U\340xI\247\020)pW\021R\030+\003\254\303\013\003""; }; requestCookie: 2; "
1750527603511,1750527603512,0,1,3,1,TMLedgerData,"ledgerHash: ""b&\270&\346ju\200\363N\320\307\004\034\001n\317\361\2653\254\2503\247\305\372\316W\022O\253x""; ledgerSeq: 21; type: liAS_NODE; nodes {;   nodedata: ""\021\000h""\000\000\000\000 \033\000\000\000\024\002\023\302\337\330\356GuH\375\327!\255\371\r\231\262R\256J\034\222\241\355X\265E\241^W\225\304\014\361CX-}\351f\032\255\274\334m\326c\017\014ao[\342\230\003\245\245\3341Hm\326^\017jy\335\261\032Yt\320\244{g\0306\\302\303*\341\215\223\257\364\277o\375\000r\241SOq\221\253\262\005\017\375T\356\014\360o'\030\311-\267\031\257!\031T\006><\315XM\334\324\345\034\000\325\367\240\271\013\265\024\321\362\354\211\250.\234s\225amc\305\035\366\276\037nD\277`\210\223N\3535\033\261\304f\331]\036\237\306o!\223\221\002\324\031\262\240R\177 ,\214\325\Q])\016\2067\277\t\354\010\000\360\215\2502\265\245\310\226\243c\302Ze\306\253#r\020\211\320iG\276\020E\317\035Sf\223F\254\033@\177e\277\016\010u\327\371&\262\312\317Q\2361t\377x\234\001v\003%\030\325_\225g\204\346a=\225\273\331\354\365*U\363\263N\367b\371\244\314-w\363\262\225Z\200\206\235\233\257?sE\2674\254\326mU\377?\177Ek\336\030!\316Aa\225\303\022\377{\210Y\226\271as\354L\035\004\341\361\035\301\024\220m#*\372\032\3178~\374\250\014*\323\342'z69\220\327\256\351G\367\317u\302\207\270b\315\333\333\334\310I\323&\014\352XZnW2.\335\347\202\021\247\362\212e\034\000\001\250\220\305;a\314\265R\310\017\317\331\235\360\262\240:\277\202\266\354\265X""\022\nh\252\352w\204\203\023]\001f\352\277\0031Q]\362\370R\350{\261\202\240\344\215\201\353\276\322p5p\350\354\017>\250r\241c\273\016\301\024\363\242\247\263\231\370\344\nBW\220K\316@3\243\200\036wk\253GSlU\010\360\231>\331\263H\214\324\030A\225\301o\346pkSF\004\241\213w9\223=\250\262*+\255\351r\265\244c\024\213\t\007`\223\325#\3477\210\345P\306\013\320\252[\0216+\227=`\371P\314\346 V7\271[~\n\237\274|\347\352@K\253~&\260\032\024\004B\200\255h\351\013\361\031:nG\211\005|\2003\266\274\251,W\006u\344\335d\003\306\212\313,\340\350bG\n\030Z\2732-\246\312\255\030\003\235207\005}D\260\0261ah\322M\304\216\273m0\271\234\237\007<w$\265C\245\232\033\023\313c\321B\032l\301h\005\320\252\301\361(\330[\343\357\343{\235\n\266g\272>\177\317\347\261q\264\227\2326\315\307\363\323\325\303\032N\256*\307\327 \235\332\207u\210\271\257\306g\231i*\260\326k\001"";   nodeid: ""\260\000\000\000\000\000\000\000\000\000\000\000\000\000\000\000\000\000\000\000\000\000\000\000\000\000\000\000\000\000\000\000\001""; }; ","ledgerHash: ""b&\270&\346ju\200\363N\320\307\004\034\001n\317\361\2653\254\2503\247\305\372\316W\022O\253x""; ledgerSeq: 21; type: liAS_NODE; nodes {;   nodedata: ""\021\000h""\000\000\000\000 \033\000\000\000\024\002\023\302\337\330\356GuH\375\327!\255\371\r\231\262R\256J\034\222\241\355X\265E\241^W\225\304\014\361CX-}\351f\032\255\274\334m\326c\017\014ao[\342\230\003\245\245\3341Hm\326^\017jy\335\261\032Yt\320\244{g\0306\\302\303*\341\215\223\257\364\277o\375\000r\241SOq\221\253\262\005\017\375T\356\014\360o'\030\311-\267\031\257!\031T\006><\315XM\334\324\345\034\000\325\367\240\271\013\265\024\321\362\354\211\250.\234s\225amc\305\035\366\276\037nD\277`\210\223N\3535\033\261\304f\331]\036\237\306o!\223\221\002\324\031\262\240R\177 ,\214\325\Q])\016\2067\277\t\354\010\000\360\215\2502\265\245\310\226\243c\302Ze\306\253#r\020\211\320iG\276\020E\317\035Sf\223F\254\033@\177e\277\016\010u\327\371&\262\312\317Q\2361t\377x\234\001v\003%\030\325_\225g\204\346a=\225\273\331\354\365*U\363\263N\367b\371\244\314-w\363\262\225Z\200\206\235\233\257?sE\2674\254\326mU\377?\177Ek\336\030!\316Aa\225\303\022\377{\210Y\226\271as\354L\035\004\341\361\035\301\024\220m#*\372\032\3178~\374\250\014*\323\342'z69\220\327\256\351G\367\317u\302\207\270b\315\333\333\334\310I\323&\014\352XZnW2.\335\347\202\021\247\362\212e\034\000\001\250\220\305;a\314\265R\310\017\317\331\235\360\262\240:\277\202\266\354\265X""\022\nh\252\352w\204\203\023]\001f\352\277\0031Q]\362\370R\350{\261\202\240\344\215\201\353\276\322p5p\350\354\017>\250r\241c\273\016\301\024\363\242\247\263\231\370\344\nBW\220K\316@3\243\200\036wk\253GSlU\010\360\231>\331\263H\214\324\030A\225\301o\346pkSF\004\241\213w9\223=\250\262*+\255\351r\265\244c\024\213\t\007`\223\325#\3477\210\345P\306\013\320\252[\0216+\227=`\371P\314\346 V7\271[~\n\237\274|\347\352@K\253~&\260\032\024\004B\200\255h\351\013\361\031:nG\211\005|\2003\266\274\251,W\006u\344\335d\003\306\212\313,\340\350bG\n\030Z\2732-\246\312\255\030\003\235207\005}D\260\0261ah\322M\304\216\273m0\271\234\237\007<w$\265C\245\232\033\023\313c\321B\032l\301h\005\320\252\301\361(\330[\343\357\343{\235\n\266g\272>\177\317\347\261q\264\227\2326\315\307\363\323\325\303\032N\256*\307\327 \235\332\207u\210\271\257\306g\231i*\260\326k\001"";   nodeid: ""\260\000\000\000\000\000\000\000\000\000\000\000\000\000\000\000\000\000\000\000\000\000\000\000\000\000\000\000\000\000\000\000\001""; }; "
1750527603513,1750527603513,0,1,2,1,TMLedgerData,"ledgerHash: ""b&\270&\346ju\200\363N\320\307\004\034\001n\317\361\2653\254\2503\247\305\372\316W\022O\253x""; ledgerSeq: 21; type: liBASE; nodes {;   nodedata: ""\000\000\000\025\001cEx]\211\377\330\023\313c\321B\032l\301h\005\320\252\301\361(\330[\343\357\343{\235\n\266g\272>\177\317\347\261q\000\000\000\000\000\000\000\000\000\000\000\000\000\000\000\000\000\000\000\000\000\000\000\000\000\000\000\000\000\000\000\000(i\212\236j)\374D9\340\353\031\222M\035'v(\204\003\025\212a\354\264\021\277K\233\006\262\311/\351\252\361/\351\252\362\n\000""; }; nodes {;   nodedata: ""\323C\344\327\264{\312-\017:\006{\177\344N\002\326bO\260\220\006\033\362\345\005U\221DzJ0\001\301\025%1L\307\t\261\262z\374\222T\301\274V\236\223\262\270Ct\362\337b\356\024*\324\320\351\317\002k\336\234\027v\351\217\260\303\360\233ZPZWr\246$w\313\313\r\243r\232\2234\373\3539:N\004Q\245\272D\312D\300\300\t\323\0257\345e\271\na\215{\226\255x%T\257\037\333\004\344_/R\006E\344\037@\210\363\010\336T\226\247'\204_{\261\370""1\235\2445\343\033Y!\212\201\341\272\225'\007\263B!Z\320\306\241\353=A\363\232(\373<\353U\340xI\247\020)pW\021R\030+\003\254\303\013\003""; }; ","ledgerHash: ""b&\270&\346ju\200\363N\320\307\004\034\001n\317\361\2653\254\2503\247\305\372\316W\022O\253x""; ledgerSeq: 21; type: liBASE; nodes {;   nodedata: ""\000\000\000\025\001cEx]\211\377\330\023\313c\321B\032l\301h\005\320\252\301\361(\330[\343\357\343{\235\n\266g\272>\177\317\347\261q\000\000\000\000\000\000\000\000\000\000\000\000\000\000\000\000\000\000\000\000\000\000\000\000\000\000\000\000\000\000\000\000(i\212\236j)\374D9\340\353\031\222M\035'v(\204\003\025\212a\354\264\021\277K\233\006\262\311/\351\252\361/\351\252\362\n\000""; }; nodes {;   nodedata: ""\323C\344\327\264{\312-\017:\006{\177\344N\002\326bO\260\220\006\033\362\345\005U\221DzJ0\001\301\025%1L\307\t\261\262z\374\222T\301\274V\236\223\262\270Ct\362\337b\356\024*\324\320\351\317\002k\336\234\027v\351\217\260\303\360\233ZPZWr\246$w\313\313\r\243r\232\2234\373\3539:N\004Q\245\272D\312D\300\300\t\323\0257\345e\271\na\215{\226\255x%T\257\037\333\004\344_/R\006E\344\037@\210\363\010\336T\226\247'\204_{\261\370""1\235\2445\343\033Y!\212\201\341\272\225'\007\263B!Z\320\306\241\353=A\363\232(\373<\353U\340xI\247\020)pW\021R\030+\003\254\303\013\003""; }; "
1750527603513,1750527603513,0,1,3,2,TMLedgerData,"ledgerHash: ""b&\270&\346ju\200\363N\320\307\004\034\001n\317\361\2653\254\2503\247\305\372\316W\022O\253x""; ledgerSeq: 21; type: liAS_NODE; nodes {;   nodedata: ""\021\000h""\000\000\000\000 \033\000\000\000\024\002\023\302\337\330\356GuH\375\327!\255\371\r\231\262R\256J\034\222\241\355X\265E\241^W\225\304\014\361CX-}\351f\032\255\274\334m\326c\017\014ao[\342\230\003\245\245\3341Hm\326^\017jy\335\261\032Yt\320\244{g\0306\\302\303*\341\215\223\257\364\277o\375\000r\241SOq\221\253\262\005\017\375T\356\014\360o'\030\311-\267\031\257!\031T\006><\315XM\334\324\345\034\000\325\367\240\271\013\265\024\321\362\354\211\250.\234s\225amc\305\035\366\276\037nD\277`\210\223N\3535\033\261\304f\331]\036\237\306o!\223\221\002\324\031\262\240R\177 ,\214\325\Q])\016\2067\277\t\354\010\000\360\215\2502\265\245\310\226\243c\302Ze\306\253#r\020\211\320iG\276\020E\317\035Sf\223F\254\033@\177e\277\016\010u\327\371&\262\312\317Q\2361t\377x\234\001v\003%\030\325_\225g\204\346a=\225\273\331\354\365*U\363\263N\367b\371\244\314-w\363\262\225Z\200\206\235\233\257?sE\2674\254\326mU\377?\177Ek\336\030!\316Aa\225\303\022\377{\210Y\226\271as\354L\035\004\341\361\035\301\024\220m#*\372\032\3178~\374\250\014*\323\342'z69\220\327\256\351G\367\317u\302\207\270b\315\333\333\334\310I\323&\014\352XZnW2.\335\347\202\021\247\362\212e\034\000\001\250\220\305;a\314\265R\310\017\317\331\235\360\262\240:\277\202\266\354\265X""\022\nh\252\352w\204\203\023]\001f\352\277\0031Q]\362\370R\350{\261\202\240\344\215\201\353\276\322p5p\350\354\017>\250r\241c\273\016\301\024\363\242\247\263\231\370\344\nBW\220K\316@3\243\200\036wk\253GSlU\010\360\231>\331\263H\214\324\030A\225\301o\346pkSF\004\241\213w9\223=\250\262*+\255\351r\265\244c\024\213\t\007`\223\325#\3477\210\345P\306\013\320\252[\0216+\227=`\371P\314\346 V7\271[~\n\237\274|\347\352@K\253~&\260\032\024\004B\200\255h\351\013\361\031:nG\211\005|\2003\266\274\251,W\006u\344\335d\003\306\212\313,\340\350bG\n\030Z\2732-\246\312\255\030\003\235207\005}D\260\0261ah\322M\304\216\273m0\271\234\237\007<w$\265C\245\232\033\023\313c\321B\032l\301h\005\320\252\301\361(\330[\343\357\343{\235\n\266g\272>\177\317\347\261q\264\227\2326\315\307\363\323\325\303\032N\256*\307\327 \235\332\207u\210\271\257\306g\231i*\260\326k\001"";   nodeid: ""\260\000\000\000\000\000\000\000\000\000\000\000\000\000\000\000\000\000\000\000\000\000\000\000\000\000\000\000\000\000\000\000\001""; }; ","ledgerHash: ""b&\270&\346ju\200\363N\320\307\004\034\001n\317\361\2653\254\2503\247\305\372\316W\022O\253x""; ledgerSeq: 21; type: liAS_NODE; nodes {;   nodedata: ""\021\000h""\000\000\000\000 \033\000\000\000\024\002\023\302\337\330\356GuH\375\327!\255\371\r\231\262R\256J\034\222\241\355X\265E\241^W\225\304\014\361CX-}\351f\032\255\274\334m\326c\017\014ao[\342\230\003\245\245\3341Hm\326^\017jy\335\261\032Yt\320\244{g\0306\\302\303*\341\215\223\257\364\277o\375\000r\241SOq\221\253\262\005\017\375T\356\014\360o'\030\311-\267\031\257!\031T\006><\315XM\334\324\345\034\000\325\367\240\271\013\265\024\321\362\354\211\250.\234s\225amc\305\035\366\276\037nD\277`\210\223N\3535\033\261\304f\331]\036\237\306o!\223\221\002\324\031\262\240R\177 ,\214\325\Q])\016\2067\277\t\354\010\000\360\215\2502\265\245\310\226\243c\302Ze\306\253#r\020\211\320iG\276\020E\317\035Sf\223F\254\033@\177e\277\016\010u\327\371&\262\312\317Q\2361t\377x\234\001v\003%\030\325_\225g\204\346a=\225\273\331\354\365*U\363\263N\367b\371\244\314-w\363\262\225Z\200\206\235\233\257?sE\2674\254\326mU\377?\177Ek\336\030!\316Aa\225\303\022\377{\210Y\226\271as\354L\035\004\341\361\035\301\024\220m#*\372\032\3178~\374\250\014*\323\342'z69\220\327\256\351G\367\317u\302\207\270b\315\333\333\334\310I\323&\014\352XZnW2.\335\347\202\021\247\362\212e\034\000\001\250\220\305;a\314\265R\310\017\317\331\235\360\262\240:\277\202\266\354\265X""\022\nh\252\352w\204\203\023]\001f\352\277\0031Q]\362\370R\350{\261\202\240\344\215\201\353\276\322p5p\350\354\017>\250r\241c\273\016\301\024\363\242\247\263\231\370\344\nBW\220K\316@3\243\200\036wk\253GSlU\010\360\231>\331\263H\214\324\030A\225\301o\346pkSF\004\241\213w9\223=\250\262*+\255\351r\265\244c\024\213\t\007`\223\325#\3477\210\345P\306\013\320\252[\0216+\227=`\371P\314\346 V7\271[~\n\237\274|\347\352@K\253~&\260\032\024\004B\200\255h\351\013\361\031:nG\211\005|\2003\266\274\251,W\006u\344\335d\003\306\212\313,\340\350bG\n\030Z\2732-\246\312\255\030\003\235207\005}D\260\0261ah\322M\304\216\273m0\271\234\237\007<w$\265C\245\232\033\023\313c\321B\032l\301h\005\320\252\301\361(\330[\343\357\343{\235\n\266g\272>\177\317\347\261q\264\227\2326\315\307\363\323\325\303\032N\256*\307\327 \235\332\207u\210\271\257\306g\231i*\260\326k\001"";   nodeid: ""\260\000\000\000\000\000\000\000\000\000\000\000\000\000\000\000\000\000\000\000\000\000\000\000\000\000\000\000\000\000\000\000\001""; }; "
1750527603514,1750527603514,0,1,0,1,TMLedgerData,"ledgerHash: ""b&\270&\346ju\200\363N\320\307\004\034\001n\317\361\2653\254\2503\247\305\372\316W\022O\253x""; ledgerSeq: 21; type: liBASE; nodes {;   nodedata: ""\000\000\000\025\001cEx]\211\377\330\023\313c\321B\032l\301h\005\320\252\301\361(\330[\343\357\343{\235\n\266g\272>\177\317\347\261q\000\000\000\000\000\000\000\000\000\000\000\000\000\000\000\000\000\000\000\000\000\000\000\000\000\000\000\000\000\000\000\000(i\212\236j)\374D9\340\353\031\222M\035'v(\204\003\025\212a\354\264\021\277K\233\006\262\311/\351\252\361/\351\252\362\n\000""; }; nodes {;   nodedata: ""\323C\344\327\264{\312-\017:\006{\177\344N\002\326bO\260\220\006\033\362\345\005U\221DzJ0\001\301\025%1L\307\t\261\262z\374\222T\301\274V\236\223\262\270Ct\362\337b\356\024*\324\320\351\317\002k\336\234\027v\351\217\260\303\360\233ZPZWr\246$w\313\313\r\243r\232\2234\373\3539:N\004Q\245\272D\312D\300\300\t\323\0257\345e\271\na\215{\226\255x%T\257\037\333\004\344_/R\006E\344\037@\210\363\010\336T\226\247'\204_{\261\370""1\235\2445\343\033Y!\212\201\341\272\225'\007\263B!Z\320\306\241\353=A\363\232(\373<\353U\340xI\247\020)pW\021R\030+\003\254\303\013\003""; }; ","ledgerHash: ""b&\270&\346ju\200\363N\320\307\004\034\001n\317\361\2653\254\2503\247\305\372\316W\022O\253x""; ledgerSeq: 21; type: liBASE; nodes {;   nodedata: ""\000\000\000\025\001cEx]\211\377\330\023\313c\321B\032l\301h\005\320\252\301\361(\330[\343\357\343{\235\n\266g\272>\177\317\347\261q\000\000\000\000\000\000\000\000\000\000\000\000\000\000\000\000\000\000\000\000\000\000\000\000\000\000\000\000\000\000\000\000(i\212\236j)\374D9\340\353\031\222M\035'v(\204\003\025\212a\354\264\021\277K\233\006\262\311/\351\252\361/\351\252\362\n\000""; }; nodes {;   nodedata: ""\323C\344\327\264{\312-\017:\006{\177\344N\002\326bO\260\220\006\033\362\345\005U\221DzJ0\001\301\025%1L\307\t\261\262z\374\222T\301\274V\236\223\262\270Ct\362\337b\356\024*\324\320\351\317\002k\336\234\027v\351\217\260\303\360\233ZPZWr\246$w\313\313\r\243r\232\2234\373\3539:N\004Q\245\272D\312D\300\300\t\323\0257\345e\271\na\215{\226\255x%T\257\037\333\004\344_/R\006E\344\037@\210\363\010\336T\226\247'\204_{\261\370""1\235\2445\343\033Y!\212\201\341\272\225'\007\263B!Z\320\306\241\353=A\363\232(\373<\353U\340xI\247\020)pW\021R\030+\003\254\303\013\003""; }; "
1750527603514,1750527603515,0,1,0,4,TMLedgerData,"ledgerHash: ""b&\270&\346ju\200\363N\320\307\004\034\001n\317\361\2653\254\2503\247\305\372\316W\022O\253x""; ledgerSeq: 21; type: liBASE; nodes {;   nodedata: ""\000\000\000\025\001cEx]\211\377\330\023\313c\321B\032l\301h\005\320\252\301\361(\330[\343\357\343{\235\n\266g\272>\177\317\347\261q\000\000\000\000\000\000\000\000\000\000\000\000\000\000\000\000\000\000\000\000\000\000\000\000\000\000\000\000\000\000\000\000(i\212\236j)\374D9\340\353\031\222M\035'v(\204\003\025\212a\354\264\021\277K\233\006\262\311/\351\252\361/\351\252\362\n\000""; }; nodes {;   nodedata: ""\323C\344\327\264{\312-\017:\006{\177\344N\002\326bO\260\220\006\033\362\345\005U\221DzJ0\001\301\025%1L\307\t\261\262z\374\222T\301\274V\236\223\262\270Ct\362\337b\356\024*\324\320\351\317\002k\336\234\027v\351\217\260\303\360\233ZPZWr\246$w\313\313\r\243r\232\2234\373\3539:N\004Q\245\272D\312D\300\300\t\323\0257\345e\271\na\215{\226\255x%T\257\037\333\004\344_/R\006E\344\037@\210\363\010\336T\226\247'\204_{\261\370""1\235\2445\343\033Y!\212\201\341\272\225'\007\263B!Z\320\306\241\353=A\363\232(\373<\353U\340xI\247\020)pW\021R\030+\003\254\303\013\003""; }; ","ledgerHash: ""b&\270&\346ju\200\363N\320\307\004\034\001n\317\361\2653\254\2503\247\305\372\316W\022O\253x""; ledgerSeq: 21; type: liBASE; nodes {;   nodedata: ""\000\000\000\025\001cEx]\211\377\330\023\313c\321B\032l\301h\005\320\252\301\361(\330[\343\357\343{\235\n\266g\272>\177\317\347\261q\000\000\000\000\000\000\000\000\000\000\000\000\000\000\000\000\000\000\000\000\000\000\000\000\000\000\000\000\000\000\000\000(i\212\236j)\374D9\340\353\031\222M\035'v(\204\003\025\212a\354\264\021\277K\233\006\262\311/\351\252\361/\351\252\362\n\000""; }; nodes {;   nodedata: ""\323C\344\327\264{\312-\017:\006{\177\344N\002\326bO\260\220\006\033\362\345\005U\221DzJ0\001\301\025%1L\307\t\261\262z\374\222T\301\274V\236\223\262\270Ct\362\337b\356\024*\324\320\351\317\002k\336\234\027v\351\217\260\303\360\233ZPZWr\246$w\313\313\r\243r\232\2234\373\3539:N\004Q\245\272D\312D\300\300\t\323\0257\345e\271\na\215{\226\255x%T\257\037\333\004\344_/R\006E\344\037@\210\363\010\336T\226\247'\204_{\261\370""1\235\2445\343\033Y!\212\201\341\272\225'\007\263B!Z\320\306\241\353=A\363\232(\373<\353U\340xI\247\020)pW\021R\030+\003\254\303\013\003""; }; "
1750527603515,1750527603516,0,1,0,2,TMLedgerData,"ledgerHash: ""b&\270&\346ju\200\363N\320\307\004\034\001n\317\361\2653\254\2503\247\305\372\316W\022O\253x""; ledgerSeq: 21; type: liBASE; nodes {;   nodedata: ""\000\000\000\025\001cEx]\211\377\330\023\313c\321B\032l\301h\005\320\252\301\361(\330[\343\357\343{\235\n\266g\272>\177\317\347\261q\000\000\000\000\000\000\000\000\000\000\000\000\000\000\000\000\000\000\000\000\000\000\000\000\000\000\000\000\000\000\000\000(i\212\236j)\374D9\340\353\031\222M\035'v(\204\003\025\212a\354\264\021\277K\233\006\262\311/\351\252\361/\351\252\362\n\000""; }; nodes {;   nodedata: ""\323C\344\327\264{\312-\017:\006{\177\344N\002\326bO\260\220\006\033\362\345\005U\221DzJ0\001\301\025%1L\307\t\261\262z\374\222T\301\274V\236\223\262\270Ct\362\337b\356\024*\324\320\351\317\002k\336\234\027v\351\217\260\303\360\233ZPZWr\246$w\313\313\r\243r\232\2234\373\3539:N\004Q\245\272D\312D\300\300\t\323\0257\345e\271\na\215{\226\255x%T\257\037\333\004\344_/R\006E\344\037@\210\363\010\336T\226\247'\204_{\261\370""1\235\2445\343\033Y!\212\201\341\272\225'\007\263B!Z\320\306\241\353=A\363\232(\373<\353U\340xI\247\020)pW\021R\030+\003\254\303\013\003""; }; ","ledgerHash: ""b&\270&\346ju\200\363N\320\307\004\034\001n\317\361\2653\254\2503\247\305\372\316W\022O\253x""; ledgerSeq: 21; type: liBASE; nodes {;   nodedata: ""\000\000\000\025\001cEx]\211\377\330\023\313c\321B\032l\301h\005\320\252\301\361(\330[\343\357\343{\235\n\266g\272>\177\317\347\261q\000\000\000\000\000\000\000\000\000\000\000\000\000\000\000\000\000\000\000\000\000\000\000\000\000\000\000\000\000\000\000\000(i\212\236j)\374D9\340\353\031\222M\035'v(\204\003\025\212a\354\264\021\277K\233\006\262\311/\351\252\361/\351\252\362\n\000""; }; nodes {;   nodedata: ""\323C\344\327\264{\312-\017:\006{\177\344N\002\326bO\260\220\006\033\362\345\005U\221DzJ0\001\301\025%1L\307\t\261\262z\374\222T\301\274V\236\223\262\270Ct\362\337b\356\024*\324\320\351\317\002k\336\234\027v\351\217\260\303\360\233ZPZWr\246$w\313\313\r\243r\232\2234\373\3539:N\004Q\245\272D\312D\300\300\t\323\0257\345e\271\na\215{\226\255x%T\257\037\333\004\344_/R\006E\344\037@\210\363\010\336T\226\247'\204_{\261\370""1\235\2445\343\033Y!\212\201\341\272\225'\007\263B!Z\320\306\241\353=A\363\232(\373<\353U\340xI\247\020)pW\021R\030+\003\254\303\013\003""; }; "
1750527603516,1750527603516,0,1,4,1,TMLedgerData,"ledgerHash: ""b&\270&\346ju\200\363N\320\307\004\034\001n\317\361\2653\254\2503\247\305\372\316W\022O\253x""; ledgerSeq: 21; type: liBASE; nodes {;   nodedata: ""\000\000\000\025\001cEx]\211\377\330\023\313c\321B\032l\301h\005\320\252\301\361(\330[\343\357\343{\235\n\266g\272>\177\317\347\261q\000\000\000\000\000\000\000\000\000\000\000\000\000\000\000\000\000\000\000\000\000\000\000\000\000\000\000\000\000\000\000\000(i\212\236j)\374D9\340\353\031\222M\035'v(\204\003\025\212a\354\264\021\277K\233\006\262\311/\351\252\361/\351\252\362\n\000""; }; nodes {;   nodedata: ""\323C\344\327\264{\312-\017:\006{\177\344N\002\326bO\260\220\006\033\362\345\005U\221DzJ0\001\301\025%1L\307\t\261\262z\374\222T\301\274V\236\223\262\270Ct\362\337b\356\024*\324\320\351\317\002k\336\234\027v\351\217\260\303\360\233ZPZWr\246$w\313\313\r\243r\232\2234\373\3539:N\004Q\245\272D\312D\300\300\t\323\0257\345e\271\na\215{\226\255x%T\257\037\333\004\344_/R\006E\344\037@\210\363\010\336T\226\247'\204_{\261\370""1\235\2445\343\033Y!\212\201\341\272\225'\007\263B!Z\320\306\241\353=A\363\232(\373<\353U\340xI\247\020)pW\021R\030+\003\254\303\013\003""; }; ","ledgerHash: ""b&\270&\346ju\200\363N\320\307\004\034\001n\317\361\2653\254\2503\247\305\372\316W\022O\253x""; ledgerSeq: 21; type: liBASE; nodes {;   nodedata: ""\000\000\000\025\001cEx]\211\377\330\023\313c\321B\032l\301h\005\320\252\301\361(\330[\343\357\343{\235\n\266g\272>\177\317\347\261q\000\000\000\000\000\000\000\000\000\000\000\000\000\000\000\000\000\000\000\000\000\000\000\000\000\000\000\000\000\000\000\000(i\212\236j)\374D9\340\353\031\222M\035'v(\204\003\025\212a\354\264\021\277K\233\006\262\311/\351\252\361/\351\252\362\n\000""; }; nodes {;   nodedata: ""\323C\344\327\264{\312-\017:\006{\177\344N\002\326bO\260\220\006\033\362\345\005U\221DzJ0\001\301\025%1L\307\t\261\262z\374\222T\301\274V\236\223\262\270Ct\362\337b\356\024*\324\320\351\317\002k\336\234\027v\351\217\260\303\360\233ZPZWr\246$w\313\313\r\243r\232\2234\373\3539:N\004Q\245\272D\312D\300\300\t\323\0257\345e\271\na\215{\226\255x%T\257\037\333\004\344_/R\006E\344\037@\210\363\010\336T\226\247'\204_{\261\370""1\235\2445\343\033Y!\212\201\341\272\225'\007\263B!Z\320\306\241\353=A\363\232(\373<\353U\340xI\247\020)pW\021R\030+\003\254\303\013\003""; }; "
1750527603517,1750527603517,0,1,4,2,TMLedgerData,"ledgerHash: ""b&\270&\346ju\200\363N\320\307\004\034\001n\317\361\2653\254\2503\247\305\372\316W\022O\253x""; ledgerSeq: 21; type: liBASE; nodes {;   nodedata: ""\000\000\000\025\001cEx]\211\377\330\023\313c\321B\032l\301h\005\320\252\301\361(\330[\343\357\343{\235\n\266g\272>\177\317\347\261q\000\000\000\000\000\000\000\000\000\000\000\000\000\000\000\000\000\000\000\000\000\000\000\000\000\000\000\000\000\000\000\000(i\212\236j)\374D9\340\353\031\222M\035'v(\204\003\025\212a\354\264\021\277K\233\006\262\311/\351\252\361/\351\252\362\n\000""; }; nodes {;   nodedata: ""\323C\344\327\264{\312-\017:\006{\177\344N\002\326bO\260\220\006\033\362\345\005U\221DzJ0\001\301\025%1L\307\t\261\262z\374\222T\301\274V\236\223\262\270Ct\362\337b\356\024*\324\320\351\317\002k\336\234\027v\351\217\260\303\360\233ZPZWr\246$w\313\313\r\243r\232\2234\373\3539:N\004Q\245\272D\312D\300\300\t\323\0257\345e\271\na\215{\226\255x%T\257\037\333\004\344_/R\006E\344\037@\210\363\010\336T\226\247'\204_{\261\370""1\235\2445\343\033Y!\212\201\341\272\225'\007\263B!Z\320\306\241\353=A\363\232(\373<\353U\340xI\247\020)pW\021R\030+\003\254\303\013\003""; }; ","ledgerHash: ""b&\270&\346ju\200\363N\320\307\004\034\001n\317\361\2653\254\2503\247\305\372\316W\022O\253x""; ledgerSeq: 21; type: liBASE; nodes {;   nodedata: ""\000\000\000\025\001cEx]\211\377\330\023\313c\321B\032l\301h\005\320\252\301\361(\330[\343\357\343{\235\n\266g\272>\177\317\347\261q\000\000\000\000\000\000\000\000\000\000\000\000\000\000\000\000\000\000\000\000\000\000\000\000\000\000\000\000\000\000\000\000(i\212\236j)\374D9\340\353\031\222M\035'v(\204\003\025\212a\354\264\021\277K\233\006\262\311/\351\252\361/\351\252\362\n\000""; }; nodes {;   nodedata: ""\323C\344\327\264{\312-\017:\006{\177\344N\002\326bO\260\220\006\033\362\345\005U\221DzJ0\001\301\025%1L\307\t\261\262z\374\222T\301\274V\236\223\262\270Ct\362\337b\356\024*\324\320\351\317\002k\336\234\027v\351\217\260\303\360\233ZPZWr\246$w\313\313\r\243r\232\2234\373\3539:N\004Q\245\272D\312D\300\300\t\323\0257\345e\271\na\215{\226\255x%T\257\037\333\004\344_/R\006E\344\037@\210\363\010\336T\226\247'\204_{\261\370""1\235\2445\343\033Y!\212\201\341\272\225'\007\263B!Z\320\306\241\353=A\363\232(\373<\353U\340xI\247\020)pW\021R\030+\003\254\303\013\003""; }; "
1750527603519,1750527603519,0,1,1,2,TMLedgerData,"ledgerHash: ""b&\270&\346ju\200\363N\320\307\004\034\001n\317\361\2653\254\2503\247\305\372\316W\022O\253x""; ledgerSeq: 21; type: liBASE; nodes {;   nodedata: ""\000\000\000\025\001cEx]\211\377\330\023\313c\321B\032l\301h\005\320\252\301\361(\330[\343\357\343{\235\n\266g\272>\177\317\347\261q\000\000\000\000\000\000\000\000\000\000\000\000\000\000\000\000\000\000\000\000\000\000\000\000\000\000\000\000\000\000\000\000(i\212\236j)\374D9\340\353\031\222M\035'v(\204\003\025\212a\354\264\021\277K\233\006\262\311/\351\252\361/\351\252\362\n\000""; }; nodes {;   nodedata: ""\323C\344\327\264{\312-\017:\006{\177\344N\002\326bO\260\220\006\033\362\345\005U\221DzJ0\001\301\025%1L\307\t\261\262z\374\222T\301\274V\236\223\262\270Ct\362\337b\356\024*\324\320\351\317\002k\336\234\027v\351\217\260\303\360\233ZPZWr\246$w\313\313\r\243r\232\2234\373\3539:N\004Q\245\272D\312D\300\300\t\323\0257\345e\271\na\215{\226\255x%T\257\037\333\004\344_/R\006E\344\037@\210\363\010\336T\226\247'\204_{\261\370""1\235\2445\343\033Y!\212\201\341\272\225'\007\263B!Z\320\306\241\353=A\363\232(\373<\353U\340xI\247\020)pW\021R\030+\003\254\303\013\003""; }; ","ledgerHash: ""b&\270&\346ju\200\363N\320\307\004\034\001n\317\361\2653\254\2503\247\305\372\316W\022O\253x""; ledgerSeq: 21; type: liBASE; nodes {;   nodedata: ""\000\000\000\025\001cEx]\211\377\330\023\313c\321B\032l\301h\005\320\252\301\361(\330[\343\357\343{\235\n\266g\272>\177\317\347\261q\000\000\000\000\000\000\000\000\000\000\000\000\000\000\000\000\000\000\000\000\000\000\000\000\000\000\000\000\000\000\000\000(i\212\236j)\374D9\340\353\031\222M\035'v(\204\003\025\212a\354\264\021\277K\233\006\262\311/\351\252\361/\351\252\362\n\000""; }; nodes {;   nodedata: ""\323C\344\327\264{\312-\017:\006{\177\344N\002\326bO\260\220\006\033\362\345\005U\221DzJ0\001\301\025%1L\307\t\261\262z\374\222T\301\274V\236\223\262\270Ct\362\337b\356\024*\324\320\351\317\002k\336\234\027v\351\217\260\303\360\233ZPZWr\246$w\313\313\r\243r\232\2234\373\3539:N\004Q\245\272D\312D\300\300\t\323\0257\345e\271\na\215{\226\255x%T\257\037\333\004\344_/R\006E\344\037@\210\363\010\336T\226\247'\204_{\261\370""1\235\2445\343\033Y!\212\201\341\272\225'\007\263B!Z\320\306\241\353=A\363\232(\373<\353U\340xI\247\020)pW\021R\030+\003\254\303\013\003""; }; "
1750527603519,1750527603520,0,1,1,0,TMLedgerData,"ledgerHash: ""b&\270&\346ju\200\363N\320\307\004\034\001n\317\361\2653\254\2503\247\305\372\316W\022O\253x""; ledgerSeq: 21; type: liBASE; nodes {;   nodedata: ""\000\000\000\025\001cEx]\211\377\330\023\313c\321B\032l\301h\005\320\252\301\361(\330[\343\357\343{\235\n\266g\272>\177\317\347\261q\000\000\000\000\000\000\000\000\000\000\000\000\000\000\000\000\000\000\000\000\000\000\000\000\000\000\000\000\000\000\000\000(i\212\236j)\374D9\340\353\031\222M\035'v(\204\003\025\212a\354\264\021\277K\233\006\262\311/\351\252\361/\351\252\362\n\000""; }; nodes {;   nodedata: ""\323C\344\327\264{\312-\017:\006{\177\344N\002\326bO\260\220\006\033\362\345\005U\221DzJ0\001\301\025%1L\307\t\261\262z\374\222T\301\274V\236\223\262\270Ct\362\337b\356\024*\324\320\351\317\002k\336\234\027v\351\217\260\303\360\233ZPZWr\246$w\313\313\r\243r\232\2234\373\3539:N\004Q\245\272D\312D\300\300\t\323\0257\345e\271\na\215{\226\255x%T\257\037\333\004\344_/R\006E\344\037@\210\363\010\336T\226\247'\204_{\261\370""1\235\2445\343\033Y!\212\201\341\272\225'\007\263B!Z\320\306\241\353=A\363\232(\373<\353U\340xI\247\020)pW\021R\030+\003\254\303\013\003""; }; ","ledgerHash: ""b&\270&\346ju\200\363N\320\307\004\034\001n\317\361\2653\254\2503\247\305\372\316W\022O\253x""; ledgerSeq: 21; type: liBASE; nodes {;   nodedata: ""\000\000\000\025\001cEx]\211\377\330\023\313c\321B\032l\301h\005\320\252\301\361(\330[\343\357\343{\235\n\266g\272>\177\317\347\261q\000\000\000\000\000\000\000\000\000\000\000\000\000\000\000\000\000\000\000\000\000\000\000\000\000\000\000\000\000\000\000\000(i\212\236j)\374D9\340\353\031\222M\035'v(\204\003\025\212a\354\264\021\277K\233\006\262\311/\351\252\361/\351\252\362\n\000""; }; nodes {;   nodedata: ""\323C\344\327\264{\312-\017:\006{\177\344N\002\326bO\260\220\006\033\362\345\005U\221DzJ0\001\301\025%1L\307\t\261\262z\374\222T\301\274V\236\223\262\270Ct\362\337b\356\024*\324\320\351\317\002k\336\234\027v\351\217\260\303\360\233ZPZWr\246$w\313\313\r\243r\232\2234\373\3539:N\004Q\245\272D\312D\300\300\t\323\0257\345e\271\na\215{\226\255x%T\257\037\333\004\344_/R\006E\344\037@\210\363\010\336T\226\247'\204_{\261\370""1\235\2445\343\033Y!\212\201\341\272\225'\007\263B!Z\320\306\241\353=A\363\232(\373<\353U\340xI\247\020)pW\021R\030+\003\254\303\013\003""; }; "
1750527603542,1750527603542,0,1,3,4,TMLedgerData,"ledgerHash: ""b&\270&\346ju\200\363N\320\307\004\034\001n\317\361\2653\254\2503\247\305\372\316W\022O\253x""; ledgerSeq: 21; type: liAS_NODE; nodes {;   nodedata: ""\021\000h""\000\000\000\000 \033\000\000\000\024\002\023\302\337\330\356GuH\375\327!\255\371\r\231\262R\256J\034\222\241\355X\265E\241^W\225\304\014\361CX-}\351f\032\255\274\334m\326c\017\014ao[\342\230\003\245\245\3341Hm\326^\017jy\335\261\032Yt\320\244{g\0306\\302\303*\341\215\223\257\364\277o\375\000r\241SOq\221\253\262\005\017\375T\356\014\360o'\030\311-\267\031\257!\031T\006><\315XM\334\324\345\034\000\325\367\240\271\013\265\024\321\362\354\211\250.\234s\225amc\305\035\366\276\037nD\277`\210\223N\3535\033\261\304f\331]\036\237\306o!\223\221\002\324\031\262\240R\177 ,\214\325\Q])\016\2067\277\t\354\010\000\360\215\2502\265\245\310\226\243c\302Ze\306\253#r\020\211\320iG\276\020E\317\035Sf\223F\254\033@\177e\277\016\010u\327\371&\262\312\317Q\2361t\377x\234\001v\003%\030\325_\225g\204\346a=\225\273\331\354\365*U\363\263N\367b\371\244\314-w\363\262\225Z\200\206\235\233\257?sE\2674\254\326mU\377?\177Ek\336\030!\316Aa\225\303\022\377{\210Y\226\271as\354L\035\004\341\361\035\301\024\220m#*\372\032\3178~\374\250\014*\323\342'z69\220\327\256\351G\367\317u\302\207\270b\315\333\333\334\310I\323&\014\352XZnW2.\335\347\202\021\247\362\212e\034\000\001\250\220\305;a\314\265R\310\017\317\331\235\360\262\240:\277\202\266\354\265X""\022\nh\252\352w\204\203\023]\001f\352\277\0031Q]\362\370R\350{\261\202\240\344\215\201\353\276\322p5p\350\354\017>\250r\241c\273\016\301\024\363\242\247\263\231\370\344\nBW\220K\316@3\243\200\036wk\253GSlU\010\360\231>\331\263H\214\324\030A\225\301o\346pkSF\004\241\213w9\223=\250\262*+\255\351r\265\244c\024\213\t\007`\223\325#\3477\210\345P\306\013\320\252[\0216+\227=`\371P\314\346 V7\271[~\n\237\274|\347\352@K\253~&\260\032\024\004B\200\255h\351\013\361\031:nG\211\005|\2003\266\274\251,W\006u\344\335d\003\306\212\313,\340\350bG\n\030Z\2732-\246\312\255\030\003\235207\005}D\260\0261ah\322M\304\216\273m0\271\234\237\007<w$\265C\245\232\033\023\313c\321B\032l\301h\005\320\252\301\361(\330[\343\357\343{\235\n\266g\272>\177\317\347\261q\264\227\2326\315\307\363\323\325\303\032N\256*\307\327 \235\332\207u\210\271\257\306g\231i*\260\326k\001"";   nodeid: ""\260\000\000\000\000\000\000\000\000\000\000\000\000\000\000\000\000\000\000\000\000\000\000\000\000\000\000\000\000\000\000\000\001""; }; ","ledgerHash: ""b&\270&\346ju\200\363N\320\307\004\034\001n\317\361\2653\254\2503\247\305\372\316W\022O\253x""; ledgerSeq: 21; type: liAS_NODE; nodes {;   nodedata: ""\021\000h""\000\000\000\000 \033\000\000\000\024\002\023\302\337\330\356GuH\375\327!\255\371\r\231\262R\256J\034\222\241\355X\265E\241^W\225\304\014\361CX-}\351f\032\255\274\334m\326c\017\014ao[\342\230\003\245\245\3341Hm\326^\017jy\335\261\032Yt\320\244{g\0306\\302\303*\341\215\223\257\364\277o\375\000r\241SOq\221\253\262\005\017\375T\356\014\360o'\030\311-\267\031\257!\031T\006><\315XM\334\324\345\034\000\325\367\240\271\013\265\024\321\362\354\211\250.\234s\225amc\305\035\366\276\037nD\277`\210\223N\3535\033\261\304f\331]\036\237\306o!\223\221\002\324\031\262\240R\177 ,\214\325\Q])\016\2067\277\t\354\010\000\360\215\2502\265\245\310\226\243c\302Ze\306\253#r\020\211\320iG\276\020E\317\035Sf\223F\254\033@\177e\277\016\010u\327\371&\262\312\317Q\2361t\377x\234\001v\003%\030\325_\225g\204\346a=\225\273\331\354\365*U\363\263N\367b\371\244\314-w\363\262\225Z\200\206\235\233\257?sE\2674\254\326mU\377?\177Ek\336\030!\316Aa\225\303\022\377{\210Y\226\271as\354L\035\004\341\361\035\301\024\220m#*\372\032\3178~\374\250\014*\323\342'z69\220\327\256\351G\367\317u\302\207\270b\315\333\333\334\310I\323&\014\352XZnW2.\335\347\202\021\247\362\212e\034\000\001\250\220\305;a\314\265R\310\017\317\331\235\360\262\240:\277\202\266\354\265X""\022\nh\252\352w\204\203\023]\001f\352\277\0031Q]\362\370R\350{\261\202\240\344\215\201\353\276\322p5p\350\354\017>\250r\241c\273\016\301\024\363\242\247\263\231\370\344\nBW\220K\316@3\243\200\036wk\253GSlU\010\360\231>\331\263H\214\324\030A\225\301o\346pkSF\004\241\213w9\223=\250\262*+\255\351r\265\244c\024\213\t\007`\223\325#\3477\210\345P\306\013\320\252[\0216+\227=`\371P\314\346 V7\271[~\n\237\274|\347\352@K\253~&\260\032\024\004B\200\255h\351\013\361\031:nG\211\005|\2003\266\274\251,W\006u\344\335d\003\306\212\313,\340\350bG\n\030Z\2732-\246\312\255\030\003\235207\005}D\260\0261ah\322M\304\216\273m0\271\234\237\007<w$\265C\245\232\033\023\313c\321B\032l\301h\005\320\252\301\361(\330[\343\357\343{\235\n\266g\272>\177\317\347\261q\264\227\2326\315\307\363\323\325\303\032N\256*\307\327 \235\332\207u\210\271\257\306g\231i*\260\326k\001"";   nodeid: ""\260\000\000\000\000\000\000\000\000\000\000\000\000\000\000\000\000\000\000\000\000\000\000\000\000\000\000\000\000\000\000\000\001""; }; "
1750527603601,1750527603601,0,1,4,3,TMStatusChange,"newEvent: neACCEPTED_LEDGER; ledgerSeq: 21; ledgerHash: ""b&\270&\346ju\200\363N\320\307\004\034\001n\317\361\2653\254\2503\247\305\372\316W\022O\253x""; ledgerHashPrevious: ""\023\313c\321B\032l\301h\005\320\252\301\361(\330[\343\357\343{\235\n\266g\272>\177\317\347\261q""; networkTime: 803842803; firstSeq: 1; lastSeq: 20; ","newEvent: neACCEPTED_LEDGER; ledgerSeq: 21; ledgerHash: ""b&\270&\346ju\200\363N\320\307\004\034\001n\317\361\2653\254\2503\247\305\372\316W\022O\253x""; ledgerHashPrevious: ""\023\313c\321B\032l\301h\005\320\252\301\361(\330[\343\357\343{\235\n\266g\272>\177\317\347\261q""; networkTime: 803842803; firstSeq: 1; lastSeq: 20; "
1750527603602,1750527603602,0,1,4,0,TMStatusChange,"newEvent: neACCEPTED_LEDGER; ledgerSeq: 21; ledgerHash: ""b&\270&\346ju\200\363N\320\307\004\034\001n\317\361\2653\254\2503\247\305\372\316W\022O\253x""; ledgerHashPrevious: ""\023\313c\321B\032l\301h\005\320\252\301\361(\330[\343\357\343{\235\n\266g\272>\177\317\347\261q""; networkTime: 803842803; firstSeq: 1; lastSeq: 20; ","newEvent: neACCEPTED_LEDGER; ledgerSeq: 21; ledgerHash: ""b&\270&\346ju\200\363N\320\307\004\034\001n\317\361\2653\254\2503\247\305\372\316W\022O\253x""; ledgerHashPrevious: ""\023\313c\321B\032l\301h\005\320\252\301\361(\330[\343\357\343{\235\n\266g\272>\177\317\347\261q""; networkTime: 803842803; firstSeq: 1; lastSeq: 20; "
1750527603601,1750527603601,0,1,4,2,TMStatusChange,"newEvent: neACCEPTED_LEDGER; ledgerSeq: 21; ledgerHash: ""b&\270&\346ju\200\363N\320\307\004\034\001n\317\361\2653\254\2503\247\305\372\316W\022O\253x""; ledgerHashPrevious: ""\023\313c\321B\032l\301h\005\320\252\301\361(\330[\343\357\343{\235\n\266g\272>\177\317\347\261q""; networkTime: 803842803; firstSeq: 1; lastSeq: 20; ","newEvent: neACCEPTED_LEDGER; ledgerSeq: 21; ledgerHash: ""b&\270&\346ju\200\363N\320\307\004\034\001n\317\361\2653\254\2503\247\305\372\316W\022O\253x""; ledgerHashPrevious: ""\023\313c\321B\032l\301h\005\320\252\301\361(\330[\343\357\343{\235\n\266g\272>\177\317\347\261q""; networkTime: 803842803; firstSeq: 1; lastSeq: 20; "
1750527603602,1750527603602,0,1,4,1,TMStatusChange,"newEvent: neACCEPTED_LEDGER; ledgerSeq: 21; ledgerHash: ""b&\270&\346ju\200\363N\320\307\004\034\001n\317\361\2653\254\2503\247\305\372\316W\022O\253x""; ledgerHashPrevious: ""\023\313c\321B\032l\301h\005\320\252\301\361(\330[\343\357\343{\235\n\266g\272>\177\317\347\261q""; networkTime: 803842803; firstSeq: 1; lastSeq: 20; ","newEvent: neACCEPTED_LEDGER; ledgerSeq: 21; ledgerHash: ""b&\270&\346ju\200\363N\320\307\004\034\001n\317\361\2653\254\2503\247\305\372\316W\022O\253x""; ledgerHashPrevious: ""\023\313c\321B\032l\301h\005\320\252\301\361(\330[\343\357\343{\235\n\266g\272>\177\317\347\261q""; networkTime: 803842803; firstSeq: 1; lastSeq: 20; "
1750527603642,1750527603642,0,1,4,2,TMValidation,"validation: """"\200\000\000\001&\000\000\000\025)/\351\252\363:\r\302\353\023?\373\240rQb&\270&\346ju\200\363N\320\307\004\034\001n\317\361\2653\254\2503\247\305\372\316W\022O\253xP\027\000\000\000\000\000\000\000\000\000\000\000\000\000\000\000\000\000\000\000\000\000\000\000\000\000\000\000\000\000\000\000\000P\031\023\313c\321B\032l\301h\005\320\252\301\361(\330[\343\357\343{\235\n\266g\272>\177\317\347\261qs!\003R7o\362bV\300hf\266\241;}\200^\374\240\203[:\342Q\225\221\027y\372\255\235\216\323~vF0D\002 \177\232\343\321\020\326B;\007\263\325\246\256\373\321UW\223cB\270\32376\237\352\2444q(\3163\002 k\370,\004\322\271#^\321|(\010D\r\325[q\376\314\364\220\372`\330\213\252\204\332\001\324\273\332""; ","validation: """"\200\000\000\001&\000\000\000\025)/\351\252\363:\r\302\353\023?\373\240rQb&\270&\346ju\200\363N\320\307\004\034\001n\317\361\2653\254\2503\247\305\372\316W\022O\253xP\027\000\000\000\000\000\000\000\000\000\000\000\000\000\000\000\000\000\000\000\000\000\000\000\000\000\000\000\000\000\000\000\000P\031\023\313c\321B\032l\301h\005\320\252\301\361(\330[\343\357\343{\235\n\266g\272>\177\317\347\261qs!\003R7o\362bV\300hf\266\241;}\200^\374\240\203[:\342Q\225\221\027y\372\255\235\216\323~vF0D\002 \177\232\343\321\020\326B;\007\263\325\246\256\373\321UW\223cB\270\32376\237\352\2444q(\3163\002 k\370,\004\322\271#^\321|(\010D\r\325[q\376\314\364\220\372`\330\213\252\204\332\001\324\273\332""; "
1750527603642,1750527603642,0,1,4,0,TMValidation,"validation: """"\200\000\000\001&\000\000\000\025)/\351\252\363:\r\302\353\023?\373\240rQb&\270&\346ju\200\363N\320\307\004\034\001n\317\361\2653\254\2503\247\305\372\316W\022O\253xP\027\000\000\000\000\000\000\000\000\000\000\000\000\000\000\000\000\000\000\000\000\000\000\000\000\000\000\000\000\000\000\000\000P\031\023\313c\321B\032l\301h\005\320\252\301\361(\330[\343\357\343{\235\n\266g\272>\177\317\347\261qs!\003R7o\362bV\300hf\266\241;}\200^\374\240\203[:\342Q\225\221\027y\372\255\235\216\323~vF0D\002 \177\232\343\321\020\326B;\007\263\325\246\256\373\321UW\223cB\270\32376\237\352\2444q(\3163\002 k\370,\004\322\271#^\321|(\010D\r\325[q\376\314\364\220\372`\330\213\252\204\332\001\324\273\332""; ","validation: """"\200\000\000\001&\000\000\000\025)/\351\252\363:\r\302\353\023?\373\240rQb&\270&\346ju\200\363N\320\307\004\034\001n\317\361\2653\254\2503\247\305\372\316W\022O\253xP\027\000\000\000\000\000\000\000\000\000\000\000\000\000\000\000\000\000\000\000\000\000\000\000\000\000\000\000\000\000\000\000\000P\031\023\313c\321B\032l\301h\005\320\252\301\361(\330[\343\357\343{\235\n\266g\272>\177\317\347\261qs!\003R7o\362bV\300hf\266\241;}\200^\374\240\203[:\342Q\225\221\027y\372\255\235\216\323~vF0D\002 \177\232\343\321\020\326B;\007\263\325\246\256\373\321UW\223cB\270\32376\237\352\2444q(\3163\002 k\370,\004\322\271#^\321|(\010D\r\325[q\376\314\364\220\372`\330\213\252\204\332\001\324\273\332""; "
1750527603644,1750527603645,0,1,0,3,TMValidation,"validation: """"\200\000\000\001&\000\000\000\025)/\351\252\363:\r\302\353\023?\373\240rQb&\270&\346ju\200\363N\320\307\004\034\001n\317\361\2653\254\2503\247\305\372\316W\022O\253xP\027\000\000\000\000\000\000\000\000\000\000\000\000\000\000\000\000\000\000\000\000\000\000\000\000\000\000\000\000\000\000\000\000P\031\023\313c\321B\032l\301h\005\320\252\301\361(\330[\343\357\343{\235\n\266g\272>\177\317\347\261qs!\003R7o\362bV\300hf\266\241;}\200^\374\240\203[:\342Q\225\221\027y\372\255\235\216\323~vF0D\002 \177\232\343\321\020\326B;\007\263\325\246\256\373\321UW\223cB\270\32376\237\352\2444q(\3163\002 k\370,\004\322\271#^\321|(\010D\r\325[q\376\314\364\220\372`\330\213\252\204\332\001\324\273\332""; ","validation: """"\200\000\000\001&\000\000\000\025)/\351\252\363:\r\302\353\023?\373\240rQb&\270&\346ju\200\363N\320\307\004\034\001n\317\361\2653\254\2503\247\305\372\316W\022O\253xP\027\000\000\000\000\000\000\000\000\000\000\000\000\000\000\000\000\000\000\000\000\000\000\000\000\000\000\000\000\000\000\000\000P\031\023\313c\321B\032l\301h\005\320\252\301\361(\330[\343\357\343{\235\n\266g\272>\177\317\347\261qs!\003R7o\362bV\300hf\266\241;}\200^\374\240\203[:\342Q\225\221\027y\372\255\235\216\323~vF0D\002 \177\232\343\321\020\326B;\007\263\325\246\256\373\321UW\223cB\270\32376\237\352\2444q(\3163\002 k\370,\004\322\271#^\321|(\010D\r\325[q\376\314\364\220\372`\330\213\252\204\332\001\324\273\332""; "
1750527603647,1750527603647,0,1,2,1,TMValidation,"validation: """"\200\000\000\001&\000\000\000\025)/\351\252\363:\r\302\353\023?\373\240rQb&\270&\346ju\200\363N\320\307\004\034\001n\317\361\2653\254\2503\247\305\372\316W\022O\253xP\027\000\000\000\000\000\000\000\000\000\000\000\000\000\000\000\000\000\000\000\000\000\000\000\000\000\000\000\000\000\000\000\000P\031\023\313c\321B\032l\301h\005\320\252\301\361(\330[\343\357\343{\235\n\266g\272>\177\317\347\261qs!\003R7o\362bV\300hf\266\241;}\200^\374\240\203[:\342Q\225\221\027y\372\255\235\216\323~vF0D\002 \177\232\343\321\020\326B;\007\263\325\246\256\373\321UW\223cB\270\32376\237\352\2444q(\3163\002 k\370,\004\322\271#^\321|(\010D\r\325[q\376\314\364\220\372`\330\213\252\204\332\001\324\273\332""; ","validation: """"\200\000\000\001&\000\000\000\025)/\351\252\363:\r\302\353\023?\373\240rQb&\270&\346ju\200\363N\320\307\004\034\001n\317\361\2653\254\2503\247\305\372\316W\022O\253xP\027\000\000\000\000\000\000\000\000\000\000\000\000\000\000\000\000\000\000\000\000\000\000\000\000\000\000\000\000\000\000\000\000P\031\023\313c\321B\032l\301h\005\320\252\301\361(\330[\343\357\343{\235\n\266g\272>\177\317\347\261qs!\003R7o\362bV\300hf\266\241;}\200^\374\240\203[:\342Q\225\221\027y\372\255\235\216\323~vF0D\002 \177\232\343\321\020\326B;\007\263\325\246\256\373\321UW\223cB\270\32376\237\352\2444q(\3163\002 k\370,\004\322\271#^\321|(\010D\r\325[q\376\314\364\220\372`\330\213\252\204\332\001\324\273\332""; "
1750527603648,1750527603648,0,1,0,2,TMValidation,"validation: """"\200\000\000\001&\000\000\000\025)/\351\252\363:\r\302\353\023?\373\240rQb&\270&\346ju\200\363N\320\307\004\034\001n\317\361\2653\254\2503\247\305\372\316W\022O\253xP\027\000\000\000\000\000\000\000\000\000\000\000\000\000\000\000\000\000\000\000\000\000\000\000\000\000\000\000\000\000\000\000\000P\031\023\313c\321B\032l\301h\005\320\252\301\361(\330[\343\357\343{\235\n\266g\272>\177\317\347\261qs!\003R7o\362bV\300hf\266\241;}\200^\374\240\203[:\342Q\225\221\027y\372\255\235\216\323~vF0D\002 \177\232\343\321\020\326B;\007\263\325\246\256\373\321UW\223cB\270\32376\237\352\2444q(\3163\002 k\370,\004\322\271#^\321|(\010D\r\325[q\376\314\364\220\372`\330\213\252\204\332\001\324\273\332""; ","validation: """"\200\000\000\001&\000\000\000\025)/\351\252\363:\r\302\353\023?\373\240rQb&\270&\346ju\200\363N\320\307\004\034\001n\317\361\2653\254\2503\247\305\372\316W\022O\253xP\027\000\000\000\000\000\000\000\000\000\000\000\000\000\000\000\000\000\000\000\000\000\000\000\000\000\000\000\000\000\000\000\000P\031\023\313c\321B\032l\301h\005\320\252\301\361(\330[\343\357\343{\235\n\266g\272>\177\317\347\261qs!\003R7o\362bV\300hf\266\241;}\200^\374\240\203[:\342Q\225\221\027y\372\255\235\216\323~vF0D\002 \177\232\343\321\020\326B;\007\263\325\246\256\373\321UW\223cB\270\32376\237\352\2444q(\3163\002 k\370,\004\322\271#^\321|(\010D\r\325[q\376\314\364\220\372`\330\213\252\204\332\001\324\273\332""; "
1750527603648,1750527603649,0,1,2,3,TMValidation,"validation: """"\200\000\000\001&\000\000\000\025)/\351\252\363:\r\302\353\023?\373\240rQb&\270&\346ju\200\363N\320\307\004\034\001n\317\361\2653\254\2503\247\305\372\316W\022O\253xP\027\000\000\000\000\000\000\000\000\000\000\000\000\000\000\000\000\000\000\000\000\000\000\000\000\000\000\000\000\000\000\000\000P\031\023\313c\321B\032l\301h\005\320\252\301\361(\330[\343\357\343{\235\n\266g\272>\177\317\347\261qs!\003R7o\362bV\300hf\266\241;}\200^\374\240\203[:\342Q\225\221\027y\372\255\235\216\323~vF0D\002 \177\232\343\321\020\326B;\007\263\325\246\256\373\321UW\223cB\270\32376\237\352\2444q(\3163\002 k\370,\004\322\271#^\321|(\010D\r\325[q\376\314\364\220\372`\330\213\252\204\332\001\324\273\332""; ","validation: """"\200\000\000\001&\000\000\000\025)/\351\252\363:\r\302\353\023?\373\240rQb&\270&\346ju\200\363N\320\307\004\034\001n\317\361\2653\254\2503\247\305\372\316W\022O\253xP\027\000\000\000\000\000\000\000\000\000\000\000\000\000\000\000\000\000\000\000\000\000\000\000\000\000\000\000\000\000\000\000\000P\031\023\313c\321B\032l\301h\005\320\252\301\361(\330[\343\357\343{\235\n\266g\272>\177\317\347\261qs!\003R7o\362bV\300hf\266\241;}\200^\374\240\203[:\342Q\225\221\027y\372\255\235\216\323~vF0D\002 \177\232\343\321\020\326B;\007\263\325\246\256\373\321UW\223cB\270\32376\237\352\2444q(\3163\002 k\370,\004\322\271#^\321|(\010D\r\325[q\376\314\364\220\372`\330\213\252\204\332\001\324\273\332""; "
1750527603649,1750527603649,0,1,0,1,TMValidation,"validation: """"\200\000\000\001&\000\000\000\025)/\351\252\363:\r\302\353\023?\373\240rQb&\270&\346ju\200\363N\320\307\004\034\001n\317\361\2653\254\2503\247\305\372\316W\022O\253xP\027\000\000\000\000\000\000\000\000\000\000\000\000\000\000\000\000\000\000\000\000\000\000\000\000\000\000\000\000\000\000\000\000P\031\023\313c\321B\032l\301h\005\320\252\301\361(\330[\343\357\343{\235\n\266g\272>\177\317\347\261qs!\003R7o\362bV\300hf\266\241;}\200^\374\240\203[:\342Q\225\221\027y\372\255\235\216\323~vF0D\002 \177\232\343\321\020\326B;\007\263\325\246\256\373\321UW\223cB\270\32376\237\352\2444q(\3163\002 k\370,\004\322\271#^\321|(\010D\r\325[q\376\314\364\220\372`\330\213\252\204\332\001\324\273\332""; ","validation: """"\200\000\000\001&\000\000\000\025)/\351\252\363:\r\302\353\023?\373\240rQb&\270&\346ju\200\363N\320\307\004\034\001n\317\361\2653\254\2503\247\305\372\316W\022O\253xP\027\000\000\000\000\000\000\000\000\000\000\000\000\000\000\000\000\000\000\000\000\000\000\000\000\000\000\000\000\000\000\000\000P\031\023\313c\321B\032l\301h\005\320\252\301\361(\330[\343\357\343{\235\n\266g\272>\177\317\347\261qs!\003R7o\362bV\300hf\266\241;}\200^\374\240\203[:\342Q\225\221\027y\372\255\235\216\323~vF0D\002 \177\232\343\321\020\326B;\007\263\325\246\256\373\321UW\223cB\270\32376\237\352\2444q(\3163\002 k\370,\004\322\271#^\321|(\010D\r\325[q\376\314\364\220\372`\330\213\252\204\332\001\324\273\332""; "
1750527603649,1750527603649,0,1,2,0,TMValidation,"validation: """"\200\000\000\001&\000\000\000\025)/\351\252\363:\r\302\353\023?\373\240rQb&\270&\346ju\200\363N\320\307\004\034\001n\317\361\2653\254\2503\247\305\372\316W\022O\253xP\027\000\000\000\000\000\000\000\000\000\000\000\000\000\000\000\000\000\000\000\000\000\000\000\000\000\000\000\000\000\000\000\000P\031\023\313c\321B\032l\301h\005\320\252\301\361(\330[\343\357\343{\235\n\266g\272>\177\317\347\261qs!\003R7o\362bV\300hf\266\241;}\200^\374\240\203[:\342Q\225\221\027y\372\255\235\216\323~vF0D\002 \177\232\343\321\020\326B;\007\263\325\246\256\373\321UW\223cB\270\32376\237\352\2444q(\3163\002 k\370,\004\322\271#^\321|(\010D\r\325[q\376\314\364\220\372`\330\213\252\204\332\001\324\273\332""; ","validation: """"\200\000\000\001&\000\000\000\025)/\351\252\363:\r\302\353\023?\373\240rQb&\270&\346ju\200\363N\320\307\004\034\001n\317\361\2653\254\2503\247\305\372\316W\022O\253xP\027\000\000\000\000\000\000\000\000\000\000\000\000\000\000\000\000\000\000\000\000\000\000\000\000\000\000\000\000\000\000\000\000P\031\023\313c\321B\032l\301h\005\320\252\301\361(\330[\343\357\343{\235\n\266g\272>\177\317\347\261qs!\003R7o\362bV\300hf\266\241;}\200^\374\240\203[:\342Q\225\221\027y\372\255\235\216\323~vF0D\002 \177\232\343\321\020\326B;\007\263\325\246\256\373\321UW\223cB\270\32376\237\352\2444q(\3163\002 k\370,\004\322\271#^\321|(\010D\r\325[q\376\314\364\220\372`\330\213\252\204\332\001\324\273\332""; "
1750527603650,1750527603650,0,1,4,3,TMValidation,"validation: """"\200\000\000\001&\000\000\000\025)/\351\252\363:\r\302\353\023?\373\240rQb&\270&\346ju\200\363N\320\307\004\034\001n\317\361\2653\254\2503\247\305\372\316W\022O\253xP\027\000\000\000\000\000\000\000\000\000\000\000\000\000\000\000\000\000\000\000\000\000\000\000\000\000\000\000\000\000\000\000\000P\031\023\313c\321B\032l\301h\005\320\252\301\361(\330[\343\357\343{\235\n\266g\272>\177\317\347\261qs!\003R7o\362bV\300hf\266\241;}\200^\374\240\203[:\342Q\225\221\027y\372\255\235\216\323~vF0D\002 \177\232\343\321\020\326B;\007\263\325\246\256\373\321UW\223cB\270\32376\237\352\2444q(\3163\002 k\370,\004\322\271#^\321|(\010D\r\325[q\376\314\364\220\372`\330\213\252\204\332\001\324\273\332""; ","validation: """"\200\000\000\001&\000\000\000\025)/\351\252\363:\r\302\353\023?\373\240rQb&\270&\346ju\200\363N\320\307\004\034\001n\317\361\2653\254\2503\247\305\372\316W\022O\253xP\027\000\000\000\000\000\000\000\000\000\000\000\000\000\000\000\000\000\000\000\000\000\000\000\000\000\000\000\000\000\000\000\000P\031\023\313c\321B\032l\301h\005\320\252\301\361(\330[\343\357\343{\235\n\266g\272>\177\317\347\261qs!\003R7o\362bV\300hf\266\241;}\200^\374\240\203[:\342Q\225\221\027y\372\255\235\216\323~vF0D\002 \177\232\343\321\020\326B;\007\263\325\246\256\373\321UW\223cB\270\32376\237\352\2444q(\3163\002 k\370,\004\322\271#^\321|(\010D\r\325[q\376\314\364\220\372`\330\213\252\204\332\001\324\273\332""; "
1750527603650,1750527603650,0,1,4,1,TMValidation,"validation: """"\200\000\000\001&\000\000\000\025)/\351\252\363:\r\302\353\023?\373\240rQb&\270&\346ju\200\363N\320\307\004\034\001n\317\361\2653\254\2503\247\305\372\316W\022O\253xP\027\000\000\000\000\000\000\000\000\000\000\000\000\000\000\000\000\000\000\000\000\000\000\000\000\000\000\000\000\000\000\000\000P\031\023\313c\321B\032l\301h\005\320\252\301\361(\330[\343\357\343{\235\n\266g\272>\177\317\347\261qs!\003R7o\362bV\300hf\266\241;}\200^\374\240\203[:\342Q\225\221\027y\372\255\235\216\323~vF0D\002 \177\232\343\321\020\326B;\007\263\325\246\256\373\321UW\223cB\270\32376\237\352\2444q(\3163\002 k\370,\004\322\271#^\321|(\010D\r\325[q\376\314\364\220\372`\330\213\252\204\332\001\324\273\332""; ","validation: """"\200\000\000\001&\000\000\000\025)/\351\252\363:\r\302\353\023?\373\240rQb&\270&\346ju\200\363N\320\307\004\034\001n\317\361\2653\254\2503\247\305\372\316W\022O\253xP\027\000\000\000\000\000\000\000\000\000\000\000\000\000\000\000\000\000\000\000\000\000\000\000\000\000\000\000\000\000\000\000\000P\031\023\313c\321B\032l\301h\005\320\252\301\361(\330[\343\357\343{\235\n\266g\272>\177\317\347\261qs!\003R7o\362bV\300hf\266\241;}\200^\374\240\203[:\342Q\225\221\027y\372\255\235\216\323~vF0D\002 \177\232\343\321\020\326B;\007\263\325\246\256\373\321UW\223cB\270\32376\237\352\2444q(\3163\002 k\370,\004\322\271#^\321|(\010D\r\325[q\376\314\364\220\372`\330\213\252\204\332\001\324\273\332""; "
1750527603651,1750527603651,0,1,3,2,TMValidation,"validation: """"\200\000\000\001&\000\000\000\025)/\351\252\363:\r\302\353\023?\373\240rQb&\270&\346ju\200\363N\320\307\004\034\001n\317\361\2653\254\2503\247\305\372\316W\022O\253xP\027\000\000\000\000\000\000\000\000\000\000\000\000\000\000\000\000\000\000\000\000\000\000\000\000\000\000\000\000\000\000\000\000P\031\023\313c\321B\032l\301h\005\320\252\301\361(\330[\343\357\343{\235\n\266g\272>\177\317\347\261qs!\003R7o\362bV\300hf\266\241;}\200^\374\240\203[:\342Q\225\221\027y\372\255\235\216\323~vF0D\002 \177\232\343\321\020\326B;\007\263\325\246\256\373\321UW\223cB\270\32376\237\352\2444q(\3163\002 k\370,\004\322\271#^\321|(\010D\r\325[q\376\314\364\220\372`\330\213\252\204\332\001\324\273\332""; ","validation: """"\200\000\000\001&\000\000\000\025)/\351\252\363:\r\302\353\023?\373\240rQb&\270&\346ju\200\363N\320\307\004\034\001n\317\361\2653\254\2503\247\305\372\316W\022O\253xP\027\000\000\000\000\000\000\000\000\000\000\000\000\000\000\000\000\000\000\000\000\000\000\000\000\000\000\000\000\000\000\000\000P\031\023\313c\321B\032l\301h\005\320\252\301\361(\330[\343\357\343{\235\n\266g\272>\177\317\347\261qs!\003R7o\362bV\300hf\266\241;}\200^\374\240\203[:\342Q\225\221\027y\372\255\235\216\323~vF0D\002 \177\232\343\321\020\326B;\007\263\325\246\256\373\321UW\223cB\270\32376\237\352\2444q(\3163\002 k\370,\004\322\271#^\321|(\010D\r\325[q\376\314\364\220\372`\330\213\252\204\332\001\324\273\332""; "
1750527603651,1750527603652,0,1,3,4,TMValidation,"validation: """"\200\000\000\001&\000\000\000\025)/\351\252\363:\r\302\353\023?\373\240rQb&\270&\346ju\200\363N\320\307\004\034\001n\317\361\2653\254\2503\247\305\372\316W\022O\253xP\027\000\000\000\000\000\000\000\000\000\000\000\000\000\000\000\000\000\000\000\000\000\000\000\000\000\000\000\000\000\000\000\000P\031\023\313c\321B\032l\301h\005\320\252\301\361(\330[\343\357\343{\235\n\266g\272>\177\317\347\261qs!\003R7o\362bV\300hf\266\241;}\200^\374\240\203[:\342Q\225\221\027y\372\255\235\216\323~vF0D\002 \177\232\343\321\020\326B;\007\263\325\246\256\373\321UW\223cB\270\32376\237\352\2444q(\3163\002 k\370,\004\322\271#^\321|(\010D\r\325[q\376\314\364\220\372`\330\213\252\204\332\001\324\273\332""; ","validation: """"\200\000\000\001&\000\000\000\025)/\351\252\363:\r\302\353\023?\373\240rQb&\270&\346ju\200\363N\320\307\004\034\001n\317\361\2653\254\2503\247\305\372\316W\022O\253xP\027\000\000\000\000\000\000\000\000\000\000\000\000\000\000\000\000\000\000\000\000\000\000\000\000\000\000\000\000\000\000\000\000P\031\023\313c\321B\032l\301h\005\320\252\301\361(\330[\343\357\343{\235\n\266g\272>\177\317\347\261qs!\003R7o\362bV\300hf\266\241;}\200^\374\240\203[:\342Q\225\221\027y\372\255\235\216\323~vF0D\002 \177\232\343\321\020\326B;\007\263\325\246\256\373\321UW\223cB\270\32376\237\352\2444q(\3163\002 k\370,\004\322\271#^\321|(\010D\r\325[q\376\314\364\220\372`\330\213\252\204\332\001\324\273\332""; "
1750527603652,1750527603652,0,1,3,1,TMValidation,"validation: """"\200\000\000\001&\000\000\000\025)/\351\252\363:\r\302\353\023?\373\240rQb&\270&\346ju\200\363N\320\307\004\034\001n\317\361\2653\254\2503\247\305\372\316W\022O\253xP\027\000\000\000\000\000\000\000\000\000\000\000\000\000\000\000\000\000\000\000\000\000\000\000\000\000\000\000\000\000\000\000\000P\031\023\313c\321B\032l\301h\005\320\252\301\361(\330[\343\357\343{\235\n\266g\272>\177\317\347\261qs!\003R7o\362bV\300hf\266\241;}\200^\374\240\203[:\342Q\225\221\027y\372\255\235\216\323~vF0D\002 \177\232\343\321\020\326B;\007\263\325\246\256\373\321UW\223cB\270\32376\237\352\2444q(\3163\002 k\370,\004\322\271#^\321|(\010D\r\325[q\376\314\364\220\372`\330\213\252\204\332\001\324\273\332""; ","validation: """"\200\000\000\001&\000\000\000\025)/\351\252\363:\r\302\353\023?\373\240rQb&\270&\346ju\200\363N\320\307\004\034\001n\317\361\2653\254\2503\247\305\372\316W\022O\253xP\027\000\000\000\000\000\000\000\000\000\000\000\000\000\000\000\000\000\000\000\000\000\000\000\000\000\000\000\000\000\000\000\000P\031\023\313c\321B\032l\301h\005\320\252\301\361(\330[\343\357\343{\235\n\266g\272>\177\317\347\261qs!\003R7o\362bV\300hf\266\241;}\200^\374\240\203[:\342Q\225\221\027y\372\255\235\216\323~vF0D\002 \177\232\343\321\020\326B;\007\263\325\246\256\373\321UW\223cB\270\32376\237\352\2444q(\3163\002 k\370,\004\322\271#^\321|(\010D\r\325[q\376\314\364\220\372`\330\213\252\204\332\001\324\273\332""; "
1750527603653,1750527603653,0,1,1,3,TMValidation,"validation: """"\200\000\000\001&\000\000\000\025)/\351\252\363:\r\302\353\023?\373\240rQb&\270&\346ju\200\363N\320\307\004\034\001n\317\361\2653\254\2503\247\305\372\316W\022O\253xP\027\000\000\000\000\000\000\000\000\000\000\000\000\000\000\000\000\000\000\000\000\000\000\000\000\000\000\000\000\000\000\000\000P\031\023\313c\321B\032l\301h\005\320\252\301\361(\330[\343\357\343{\235\n\266g\272>\177\317\347\261qs!\003R7o\362bV\300hf\266\241;}\200^\374\240\203[:\342Q\225\221\027y\372\255\235\216\323~vF0D\002 \177\232\343\321\020\326B;\007\263\325\246\256\373\321UW\223cB\270\32376\237\352\2444q(\3163\002 k\370,\004\322\271#^\321|(\010D\r\325[q\376\314\364\220\372`\330\213\252\204\332\001\324\273\332""; ","validation: """"\200\000\000\001&\000\000\000\025)/\351\252\363:\r\302\353\023?\373\240rQb&\270&\346ju\200\363N\320\307\004\034\001n\317\361\2653\254\2503\247\305\372\316W\022O\253xP\027\000\000\000\000\000\000\000\000\000\000\000\000\000\000\000\000\000\000\000\000\000\000\000\000\000\000\000\000\000\000\000\000P\031\023\313c\321B\032l\301h\005\320\252\301\361(\330[\343\357\343{\235\n\266g\272>\177\317\347\261qs!\003R7o\362bV\300hf\266\241;}\200^\374\240\203[:\342Q\225\221\027y\372\255\235\216\323~vF0D\002 \177\232\343\321\020\326B;\007\263\325\246\256\373\321UW\223cB\270\32376\237\352\2444q(\3163\002 k\370,\004\322\271#^\321|(\010D\r\325[q\376\314\364\220\372`\330\213\252\204\332\001\324\273\332""; "
1750527603654,1750527603654,0,1,1,4,TMValidation,"validation: """"\200\000\000\001&\000\000\000\025)/\351\252\363:\r\302\353\023?\373\240rQb&\270&\346ju\200\363N\320\307\004\034\001n\317\361\2653\254\2503\247\305\372\316W\022O\253xP\027\000\000\000\000\000\000\000\000\000\000\000\000\000\000\000\000\000\000\000\000\000\000\000\000\000\000\000\000\000\000\000\000P\031\023\313c\321B\032l\301h\005\320\252\301\361(\330[\343\357\343{\235\n\266g\272>\177\317\347\261qs!\003R7o\362bV\300hf\266\241;}\200^\374\240\203[:\342Q\225\221\027y\372\255\235\216\323~vF0D\002 \177\232\343\321\020\326B;\007\263\325\246\256\373\321UW\223cB\270\32376\237\352\2444q(\3163\002 k\370,\004\322\271#^\321|(\010D\r\325[q\376\314\364\220\372`\330\213\252\204\332\001\324\273\332""; ","validation: """"\200\000\000\001&\000\000\000\025)/\351\252\363:\r\302\353\023?\373\240rQb&\270&\346ju\200\363N\320\307\004\034\001n\317\361\2653\254\2503\247\305\372\316W\022O\253xP\027\000\000\000\000\000\000\000\000\000\000\000\000\000\000\000\000\000\000\000\000\000\000\000\000\000\000\000\000\000\000\000\000P\031\023\313c\321B\032l\301h\005\320\252\301\361(\330[\343\357\343{\235\n\266g\272>\177\317\347\261qs!\003R7o\362bV\300hf\266\241;}\200^\374\240\203[:\342Q\225\221\027y\372\255\235\216\323~vF0D\002 \177\232\343\321\020\326B;\007\263\325\246\256\373\321UW\223cB\270\32376\237\352\2444q(\3163\002 k\370,\004\322\271#^\321|(\010D\r\325[q\376\314\364\220\372`\330\213\252\204\332\001\324\273\332""; "
1750527603654,1750527603654,0,1,1,0,TMValidation,"validation: """"\200\000\000\001&\000\000\000\025)/\351\252\363:\r\302\353\023?\373\240rQb&\270&\346ju\200\363N\320\307\004\034\001n\317\361\2653\254\2503\247\305\372\316W\022O\253xP\027\000\000\000\000\000\000\000\000\000\000\000\000\000\000\000\000\000\000\000\000\000\000\000\000\000\000\000\000\000\000\000\000P\031\023\313c\321B\032l\301h\005\320\252\301\361(\330[\343\357\343{\235\n\266g\272>\177\317\347\261qs!\003R7o\362bV\300hf\266\241;}\200^\374\240\203[:\342Q\225\221\027y\372\255\235\216\323~vF0D\002 \177\232\343\321\020\326B;\007\263\325\246\256\373\321UW\223cB\270\32376\237\352\2444q(\3163\002 k\370,\004\322\271#^\321|(\010D\r\325[q\376\314\364\220\372`\330\213\252\204\332\001\324\273\332""; ","validation: """"\200\000\000\001&\000\000\000\025)/\351\252\363:\r\302\353\023?\373\240rQb&\270&\346ju\200\363N\320\307\004\034\001n\317\361\2653\254\2503\247\305\372\316W\022O\253xP\027\000\000\000\000\000\000\000\000\000\000\000\000\000\000\000\000\000\000\000\000\000\000\000\000\000\000\000\000\000\000\000\000P\031\023\313c\321B\032l\301h\005\320\252\301\361(\330[\343\357\343{\235\n\266g\272>\177\317\347\261qs!\003R7o\362bV\300hf\266\241;}\200^\374\240\203[:\342Q\225\221\027y\372\255\235\216\323~vF0D\002 \177\232\343\321\020\326B;\007\263\325\246\256\373\321UW\223cB\270\32376\237\352\2444q(\3163\002 k\370,\004\322\271#^\321|(\010D\r\325[q\376\314\364\220\372`\330\213\252\204\332\001\324\273\332""; "
1750527604440,1750527604440,0,1,3,0,TMProposeSet,"proposeSeq: 0; currentTxHash: ""\000\000\000\000\000\000\000\000\000\000\000\000\000\000\000\000\000\000\000\000\000\000\000\000\000\000\000\000\000\000\000\000""; nodePubKey: ""\002\364d\217\366\217|\316F\232\231\241\n\261\333`\312O\367\235\025DD\336e\367\n\312\326\221\037\025\230""; closeTime: 803842804; signature: ""0D\002 UM\337\364\336\220R\263|\3131\372\255\263\327K{\034\340U\303\251H\023\213\256\030\323\263\325\372\224\002 *\302C\3403\246\315b>\203\2024'\003\016\010\234\023\214\2549\372\274\035i~\013h\314\367\320&""; previousledger: ""b&\270&\346ju\200\363N\320\307\004\034\001n\317\361\2653\254\2503\247\305\372\316W\022O\253x""; ","proposeSeq: 0; currentTxHash: ""\000\000\000\000\000\000\000\000\000\000\000\000\000\000\000\000\000\000\000\000\000\000\000\000\000\000\000\000\000\000\000\000""; nodePubKey: ""\002\364d\217\366\217|\316F\232\231\241\n\261\333`\312O\367\235\025DD\336e\367\n\312\326\221\037\025\230""; closeTime: 803842804; signature: ""0D\002 UM\337\364\336\220R\263|\3131\372\255\263\327K{\034\340U\303\251H\023\213\256\030\323\263\325\372\224\002 *\302C\3403\246\315b>\203\2024'\003\016\010\234\023\214\2549\372\274\035i~\013h\314\367\320&""; previousledger: ""b&\270&\346ju\200\363N\320\307\004\034\001n\317\361\2653\254\2503\247\305\372\316W\022O\253x""; "
1750527604478,1750527604478,0,1,3,2,TMProposeSet,"proposeSeq: 0; currentTxHash: ""\000\000\000\000\000\000\000\000\000\000\000\000\000\000\000\000\000\000\000\000\000\000\000\000\000\000\000\000\000\000\000\000""; nodePubKey: ""\002\364d\217\366\217|\316F\232\231\241\n\261\333`\312O\367\235\025DD\336e\367\n\312\326\221\037\025\230""; closeTime: 803842804; signature: ""0D\002 UM\337\364\336\220R\263|\3131\372\255\263\327K{\034\340U\303\251H\023\213\256\030\323\263\325\372\224\002 *\302C\3403\246\315b>\203\2024'\003\016\010\234\023\214\2549\372\274\035i~\013h\314\367\320&""; previousledger: ""b&\270&\346ju\200\363N\320\307\004\034\001n\317\361\2653\254\2503\247\305\372\316W\022O\253x""; ","proposeSeq: 0; currentTxHash: ""\000\000\000\000\000\000\000\000\000\000\000\000\000\000\000\000\000\000\000\000\000\000\000\000\000\000\000\000\000\000\000\000""; nodePubKey: ""\002\364d\217\366\217|\316F\232\231\241\n\261\333`\312O\367\235\025DD\336e\367\n\312\326\221\037\025\230""; closeTime: 803842804; signature: ""0D\002 UM\337\364\336\220R\263|\3131\372\255\263\327K{\034\340U\303\251H\023\213\256\030\323\263\325\372\224\002 *\302C\3403\246\315b>\203\2024'\003\016\010\234\023\214\2549\372\274\035i~\013h\314\367\320&""; previousledger: ""b&\270&\346ju\200\363N\320\307\004\034\001n\317\361\2653\254\2503\247\305\372\316W\022O\253x""; "
1750527604479,1750527604479,0,1,3,1,TMProposeSet,"proposeSeq: 0; currentTxHash: ""\000\000\000\000\000\000\000\000\000\000\000\000\000\000\000\000\000\000\000\000\000\000\000\000\000\000\000\000\000\000\000\000""; nodePubKey: ""\002\364d\217\366\217|\316F\232\231\241\n\261\333`\312O\367\235\025DD\336e\367\n\312\326\221\037\025\230""; closeTime: 803842804; signature: ""0D\002 UM\337\364\336\220R\263|\3131\372\255\263\327K{\034\340U\303\251H\023\213\256\030\323\263\325\372\224\002 *\302C\3403\246\315b>\203\2024'\003\016\010\234\023\214\2549\372\274\035i~\013h\314\367\320&""; previousledger: ""b&\270&\346ju\200\363N\320\307\004\034\001n\317\361\2653\254\2503\247\305\372\316W\022O\253x""; ","proposeSeq: 0; currentTxHash: ""\000\000\000\000\000\000\000\000\000\000\000\000\000\000\000\000\000\000\000\000\000\000\000\000\000\000\000\000\000\000\000\000""; nodePubKey: ""\002\364d\217\366\217|\316F\232\231\241\n\261\333`\312O\367\235\025DD\336e\367\n\312\326\221\037\025\230""; closeTime: 803842804; signature: ""0D\002 UM\337\364\336\220R\263|\3131\372\255\263\327K{\034\340U\303\251H\023\213\256\030\323\263\325\372\224\002 *\302C\3403\246\315b>\203\2024'\003\016\010\234\023\214\2549\372\274\035i~\013h\314\367\320&""; previousledger: ""b&\270&\346ju\200\363N\320\307\004\034\001n\317\361\2653\254\2503\247\305\372\316W\022O\253x""; "
1750527604479,1750527604479,0,1,3,4,TMProposeSet,"proposeSeq: 0; currentTxHash: ""\000\000\000\000\000\000\000\000\000\000\000\000\000\000\000\000\000\000\000\000\000\000\000\000\000\000\000\000\000\000\000\000""; nodePubKey: ""\002\364d\217\366\217|\316F\232\231\241\n\261\333`\312O\367\235\025DD\336e\367\n\312\326\221\037\025\230""; closeTime: 803842804; signature: ""0D\002 UM\337\364\336\220R\263|\3131\372\255\263\327K{\034\340U\303\251H\023\213\256\030\323\263\325\372\224\002 *\302C\3403\246\315b>\203\2024'\003\016\010\234\023\214\2549\372\274\035i~\013h\314\367\320&""; previousledger: ""b&\270&\346ju\200\363N\320\307\004\034\001n\317\361\2653\254\2503\247\305\372\316W\022O\253x""; ","proposeSeq: 0; currentTxHash: ""\000\000\000\000\000\000\000\000\000\000\000\000\000\000\000\000\000\000\000\000\000\000\000\000\000\000\000\000\000\000\000\000""; nodePubKey: ""\002\364d\217\366\217|\316F\232\231\241\n\261\333`\312O\367\235\025DD\336e\367\n\312\326\221\037\025\230""; closeTime: 803842804; signature: ""0D\002 UM\337\364\336\220R\263|\3131\372\255\263\327K{\034\340U\303\251H\023\213\256\030\323\263\325\372\224\002 *\302C\3403\246\315b>\203\2024'\003\016\010\234\023\214\2549\372\274\035i~\013h\314\367\320&""; previousledger: ""b&\270&\346ju\200\363N\320\307\004\034\001n\317\361\2653\254\2503\247\305\372\316W\022O\253x""; "
1750527604481,1750527604481,0,1,4,1,TMProposeSet,"proposeSeq: 0; currentTxHash: ""\000\000\000\000\000\000\000\000\000\000\000\000\000\000\000\000\000\000\000\000\000\000\000\000\000\000\000\000\000\000\000\000""; nodePubKey: ""\002\364d\217\366\217|\316F\232\231\241\n\261\333`\312O\367\235\025DD\336e\367\n\312\326\221\037\025\230""; closeTime: 803842804; signature: ""0D\002 UM\337\364\336\220R\263|\3131\372\255\263\327K{\034\340U\303\251H\023\213\256\030\323\263\325\372\224\002 *\302C\3403\246\315b>\203\2024'\003\016\010\234\023\214\2549\372\274\035i~\013h\314\367\320&""; previousledger: ""b&\270&\346ju\200\363N\320\307\004\034\001n\317\361\2653\254\2503\247\305\372\316W\022O\253x""; ","proposeSeq: 0; currentTxHash: ""\000\000\000\000\000\000\000\000\000\000\000\000\000\000\000\000\000\000\000\000\000\000\000\000\000\000\000\000\000\000\000\000""; nodePubKey: ""\002\364d\217\366\217|\316F\232\231\241\n\261\333`\312O\367\235\025DD\336e\367\n\312\326\221\037\025\230""; closeTime: 803842804; signature: ""0D\002 UM\337\364\336\220R\263|\3131\372\255\263\327K{\034\340U\303\251H\023\213\256\030\323\263\325\372\224\002 *\302C\3403\246\315b>\203\2024'\003\016\010\234\023\214\2549\372\274\035i~\013h\314\367\320&""; previousledger: ""b&\270&\346ju\200\363N\320\307\004\034\001n\317\361\2653\254\2503\247\305\372\316W\022O\253x""; "
1750527604482,1750527604482,0,1,4,2,TMProposeSet,"proposeSeq: 0; currentTxHash: ""\000\000\000\000\000\000\000\000\000\000\000\000\000\000\000\000\000\000\000\000\000\000\000\000\000\000\000\000\000\000\000\000""; nodePubKey: ""\002\364d\217\366\217|\316F\232\231\241\n\261\333`\312O\367\235\025DD\336e\367\n\312\326\221\037\025\230""; closeTime: 803842804; signature: ""0D\002 UM\337\364\336\220R\263|\3131\372\255\263\327K{\034\340U\303\251H\023\213\256\030\323\263\325\372\224\002 *\302C\3403\246\315b>\203\2024'\003\016\010\234\023\214\2549\372\274\035i~\013h\314\367\320&""; previousledger: ""b&\270&\346ju\200\363N\320\307\004\034\001n\317\361\2653\254\2503\247\305\372\316W\022O\253x""; ","proposeSeq: 0; currentTxHash: ""\000\000\000\000\000\000\000\000\000\000\000\000\000\000\000\000\000\000\000\000\000\000\000\000\000\000\000\000\000\000\000\000""; nodePubKey: ""\002\364d\217\366\217|\316F\232\231\241\n\261\333`\312O\367\235\025DD\336e\367\n\312\326\221\037\025\230""; closeTime: 803842804; signature: ""0D\002 UM\337\364\336\220R\263|\3131\372\255\263\327K{\034\340U\303\251H\023\213\256\030\323\263\325\372\224\002 *\302C\3403\246\315b>\203\2024'\003\016\010\234\023\214\2549\372\274\035i~\013h\314\367\320&""; previousledger: ""b&\270&\346ju\200\363N\320\307\004\034\001n\317\361\2653\254\2503\247\305\372\316W\022O\253x""; "
1750527604482,1750527604482,0,1,4,0,TMProposeSet,"proposeSeq: 0; currentTxHash: ""\000\000\000\000\000\000\000\000\000\000\000\000\000\000\000\000\000\000\000\000\000\000\000\000\000\000\000\000\000\000\000\000""; nodePubKey: ""\002\364d\217\366\217|\316F\232\231\241\n\261\333`\312O\367\235\025DD\336e\367\n\312\326\221\037\025\230""; closeTime: 803842804; signature: ""0D\002 UM\337\364\336\220R\263|\3131\372\255\263\327K{\034\340U\303\251H\023\213\256\030\323\263\325\372\224\002 *\302C\3403\246\315b>\203\2024'\003\016\010\234\023\214\2549\372\274\035i~\013h\314\367\320&""; previousledger: ""b&\270&\346ju\200\363N\320\307\004\034\001n\317\361\2653\254\2503\247\305\372\316W\022O\253x""; ","proposeSeq: 0; currentTxHash: ""\000\000\000\000\000\000\000\000\000\000\000\000\000\000\000\000\000\000\000\000\000\000\000\000\000\000\000\000\000\000\000\000""; nodePubKey: ""\002\364d\217\366\217|\316F\232\231\241\n\261\333`\312O\367\235\025DD\336e\367\n\312\326\221\037\025\230""; closeTime: 803842804; signature: ""0D\002 UM\337\364\336\220R\263|\3131\372\255\263\327K{\034\340U\303\251H\023\213\256\030\323\263\325\372\224\002 *\302C\3403\246\315b>\203\2024'\003\016\010\234\023\214\2549\372\274\035i~\013h\314\367\320&""; previousledger: ""b&\270&\346ju\200\363N\320\307\004\034\001n\317\361\2653\254\2503\247\305\372\316W\022O\253x""; "
1750527604436,1750527604512,0,1,3,4,TMStatusChange,"newEvent: neCLOSING_LEDGER; ledgerSeq: 21; ledgerHash: ""b&\270&\346ju\200\363N\320\307\004\034\001n\317\361\2653\254\2503\247\305\372\316W\022O\253x""; ledgerHashPrevious: ""\023\313c\321B\032l\301h\005\320\252\301\361(\330[\343\357\343{\235\n\266g\272>\177\317\347\261q""; networkTime: 803842804; firstSeq: 1; lastSeq: 21; ","newEvent: neCLOSING_LEDGER; ledgerSeq: 21; ledgerHash: ""b&\270&\346ju\200\363N\320\307\004\034\001n\317\361\2653\254\2503\247\305\372\316W\022O\253x""; ledgerHashPrevious: ""\023\313c\321B\032l\301h\005\320\252\301\361(\330[\343\357\343{\235\n\266g\272>\177\317\347\261q""; networkTime: 803842804; firstSeq: 1; lastSeq: 21; "
1750527604439,1750527604512,0,1,3,1,TMStatusChange,"newEvent: neCLOSING_LEDGER; ledgerSeq: 21; ledgerHash: ""b&\270&\346ju\200\363N\320\307\004\034\001n\317\361\2653\254\2503\247\305\372\316W\022O\253x""; ledgerHashPrevious: ""\023\313c\321B\032l\301h\005\320\252\301\361(\330[\343\357\343{\235\n\266g\272>\177\317\347\261q""; networkTime: 803842804; firstSeq: 1; lastSeq: 21; ","newEvent: neCLOSING_LEDGER; ledgerSeq: 21; ledgerHash: ""b&\270&\346ju\200\363N\320\307\004\034\001n\317\361\2653\254\2503\247\305\372\316W\022O\253x""; ledgerHashPrevious: ""\023\313c\321B\032l\301h\005\320\252\301\361(\330[\343\357\343{\235\n\266g\272>\177\317\347\261q""; networkTime: 803842804; firstSeq: 1; lastSeq: 21; "
1750527604439,1750527604512,0,1,3,2,TMStatusChange,"newEvent: neCLOSING_LEDGER; ledgerSeq: 21; ledgerHash: ""b&\270&\346ju\200\363N\320\307\004\034\001n\317\361\2653\254\2503\247\305\372\316W\022O\253x""; ledgerHashPrevious: ""\023\313c\321B\032l\301h\005\320\252\301\361(\330[\343\357\343{\235\n\266g\272>\177\317\347\261q""; networkTime: 803842804; firstSeq: 1; lastSeq: 21; ","newEvent: neCLOSING_LEDGER; ledgerSeq: 21; ledgerHash: ""b&\270&\346ju\200\363N\320\307\004\034\001n\317\361\2653\254\2503\247\305\372\316W\022O\253x""; ledgerHashPrevious: ""\023\313c\321B\032l\301h\005\320\252\301\361(\330[\343\357\343{\235\n\266g\272>\177\317\347\261q""; networkTime: 803842804; firstSeq: 1; lastSeq: 21; "
1750527604440,1750527604512,0,1,3,0,TMStatusChange,"newEvent: neCLOSING_LEDGER; ledgerSeq: 21; ledgerHash: ""b&\270&\346ju\200\363N\320\307\004\034\001n\317\361\2653\254\2503\247\305\372\316W\022O\253x""; ledgerHashPrevious: ""\023\313c\321B\032l\301h\005\320\252\301\361(\330[\343\357\343{\235\n\266g\272>\177\317\347\261q""; networkTime: 803842804; firstSeq: 1; lastSeq: 21; ","newEvent: neCLOSING_LEDGER; ledgerSeq: 21; ledgerHash: ""b&\270&\346ju\200\363N\320\307\004\034\001n\317\361\2653\254\2503\247\305\372\316W\022O\253x""; ledgerHashPrevious: ""\023\313c\321B\032l\301h\005\320\252\301\361(\330[\343\357\343{\235\n\266g\272>\177\317\347\261q""; networkTime: 803842804; firstSeq: 1; lastSeq: 21; "
1750527604601,1750527604601,0,1,4,2,TMProposeSet,"proposeSeq: 0; currentTxHash: ""\000\000\000\000\000\000\000\000\000\000\000\000\000\000\000\000\000\000\000\000\000\000\000\000\000\000\000\000\000\000\000\000""; nodePubKey: ""\003R7o\362bV\300hf\266\241;}\200^\374\240\203[:\342Q\225\221\027y\372\255\235\216\323~""; closeTime: 803842804; signature: ""0D\002 Q\302\203;9q\'\324\202q\257L\314\246\265r\306%\236\252:\240\306\036\231\244\226l%\205!\002 F\373\220\3250p\343\222b\246\205\322G\321n\347\234\207\031~\214\353B\321\232Hk_\324\250\372\351""; previousledger: ""b&\270&\346ju\200\363N\320\307\004\034\001n\317\361\2653\254\2503\247\305\372\316W\022O\253x""; ","proposeSeq: 0; currentTxHash: ""\000\000\000\000\000\000\000\000\000\000\000\000\000\000\000\000\000\000\000\000\000\000\000\000\000\000\000\000\000\000\000\000""; nodePubKey: ""\003R7o\362bV\300hf\266\241;}\200^\374\240\203[:\342Q\225\221\027y\372\255\235\216\323~""; closeTime: 803842804; signature: ""0D\002 Q\302\203;9q\'\324\202q\257L\314\246\265r\306%\236\252:\240\306\036\231\244\226l%\205!\002 F\373\220\3250p\343\222b\246\205\322G\321n\347\234\207\031~\214\353B\321\232Hk_\324\250\372\351""; previousledger: ""b&\270&\346ju\200\363N\320\307\004\034\001n\317\361\2653\254\2503\247\305\372\316W\022O\253x""; "
1750527604601,1750527604602,0,1,4,1,TMProposeSet,"proposeSeq: 0; currentTxHash: ""\000\000\000\000\000\000\000\000\000\000\000\000\000\000\000\000\000\000\000\000\000\000\000\000\000\000\000\000\000\000\000\000""; nodePubKey: ""\003R7o\362bV\300hf\266\241;}\200^\374\240\203[:\342Q\225\221\027y\372\255\235\216\323~""; closeTime: 803842804; signature: ""0D\002 Q\302\203;9q\'\324\202q\257L\314\246\265r\306%\236\252:\240\306\036\231\244\226l%\205!\002 F\373\220\3250p\343\222b\246\205\322G\321n\347\234\207\031~\214\353B\321\232Hk_\324\250\372\351""; previousledger: ""b&\270&\346ju\200\363N\320\307\004\034\001n\317\361\2653\254\2503\247\305\372\316W\022O\253x""; ","proposeSeq: 0; currentTxHash: ""\000\000\000\000\000\000\000\000\000\000\000\000\000\000\000\000\000\000\000\000\000\000\000\000\000\000\000\000\000\000\000\000""; nodePubKey: ""\003R7o\362bV\300hf\266\241;}\200^\374\240\203[:\342Q\225\221\027y\372\255\235\216\323~""; closeTime: 803842804; signature: ""0D\002 Q\302\203;9q\'\324\202q\257L\314\246\265r\306%\236\252:\240\306\036\231\244\226l%\205!\002 F\373\220\3250p\343\222b\246\205\322G\321n\347\234\207\031~\214\353B\321\232Hk_\324\250\372\351""; previousledger: ""b&\270&\346ju\200\363N\320\307\004\034\001n\317\361\2653\254\2503\247\305\372\316W\022O\253x""; "
1750527604603,1750527604603,0,1,4,0,TMProposeSet,"proposeSeq: 0; currentTxHash: ""\000\000\000\000\000\000\000\000\000\000\000\000\000\000\000\000\000\000\000\000\000\000\000\000\000\000\000\000\000\000\000\000""; nodePubKey: ""\003R7o\362bV\300hf\266\241;}\200^\374\240\203[:\342Q\225\221\027y\372\255\235\216\323~""; closeTime: 803842804; signature: ""0D\002 Q\302\203;9q\'\324\202q\257L\314\246\265r\306%\236\252:\240\306\036\231\244\226l%\205!\002 F\373\220\3250p\343\222b\246\205\322G\321n\347\234\207\031~\214\353B\321\232Hk_\324\250\372\351""; previousledger: ""b&\270&\346ju\200\363N\320\307\004\034\001n\317\361\2653\254\2503\247\305\372\316W\022O\253x""; ","proposeSeq: 0; currentTxHash: ""\000\000\000\000\000\000\000\000\000\000\000\000\000\000\000\000\000\000\000\000\000\000\000\000\000\000\000\000\000\000\000\000""; nodePubKey: ""\003R7o\362bV\300hf\266\241;}\200^\374\240\203[:\342Q\225\221\027y\372\255\235\216\323~""; closeTime: 803842804; signature: ""0D\002 Q\302\203;9q\'\324\202q\257L\314\246\265r\306%\236\252:\240\306\036\231\244\226l%\205!\002 F\373\220\3250p\343\222b\246\205\322G\321n\347\234\207\031~\214\353B\321\232Hk_\324\250\372\351""; previousledger: ""b&\270&\346ju\200\363N\320\307\004\034\001n\317\361\2653\254\2503\247\305\372\316W\022O\253x""; "
1750527604600,1750527604639,0,1,4,3,TMStatusChange,"newEvent: neCLOSING_LEDGER; ledgerSeq: 21; ledgerHash: ""b&\270&\346ju\200\363N\320\307\004\034\001n\317\361\2653\254\2503\247\305\372\316W\022O\253x""; ledgerHashPrevious: ""\023\313c\321B\032l\301h\005\320\252\301\361(\330[\343\357\343{\235\n\266g\272>\177\317\347\261q""; networkTime: 803842804; firstSeq: 1; lastSeq: 21; ","newEvent: neCLOSING_LEDGER; ledgerSeq: 21; ledgerHash: ""b&\270&\346ju\200\363N\320\307\004\034\001n\317\361\2653\254\2503\247\305\372\316W\022O\253x""; ledgerHashPrevious: ""\023\313c\321B\032l\301h\005\320\252\301\361(\330[\343\357\343{\235\n\266g\272>\177\317\347\261q""; networkTime: 803842804; firstSeq: 1; lastSeq: 21; "
1750527604604,1750527604640,0,1,4,0,TMStatusChange,"newEvent: neCLOSING_LEDGER; ledgerSeq: 21; ledgerHash: ""b&\270&\346ju\200\363N\320\307\004\034\001n\317\361\2653\254\2503\247\305\372\316W\022O\253x""; ledgerHashPrevious: ""\023\313c\321B\032l\301h\005\320\252\301\361(\330[\343\357\343{\235\n\266g\272>\177\317\347\261q""; networkTime: 803842804; firstSeq: 1; lastSeq: 21; ","newEvent: neCLOSING_LEDGER; ledgerSeq: 21; ledgerHash: ""b&\270&\346ju\200\363N\320\307\004\034\001n\317\361\2653\254\2503\247\305\372\316W\022O\253x""; ledgerHashPrevious: ""\023\313c\321B\032l\301h\005\320\252\301\361(\330[\343\357\343{\235\n\266g\272>\177\317\347\261q""; networkTime: 803842804; firstSeq: 1; lastSeq: 21; "
1750527604603,1750527604639,0,1,4,2,TMStatusChange,"newEvent: neCLOSING_LEDGER; ledgerSeq: 21; ledgerHash: ""b&\270&\346ju\200\363N\320\307\004\034\001n\317\361\2653\254\2503\247\305\372\316W\022O\253x""; ledgerHashPrevious: ""\023\313c\321B\032l\301h\005\320\252\301\361(\330[\343\357\343{\235\n\266g\272>\177\317\347\261q""; networkTime: 803842804; firstSeq: 1; lastSeq: 21; ","newEvent: neCLOSING_LEDGER; ledgerSeq: 21; ledgerHash: ""b&\270&\346ju\200\363N\320\307\004\034\001n\317\361\2653\254\2503\247\305\372\316W\022O\253x""; ledgerHashPrevious: ""\023\313c\321B\032l\301h\005\320\252\301\361(\330[\343\357\343{\235\n\266g\272>\177\317\347\261q""; networkTime: 803842804; firstSeq: 1; lastSeq: 21; "
1750527604603,1750527604639,0,1,4,1,TMStatusChange,"newEvent: neCLOSING_LEDGER; ledgerSeq: 21; ledgerHash: ""b&\270&\346ju\200\363N\320\307\004\034\001n\317\361\2653\254\2503\247\305\372\316W\022O\253x""; ledgerHashPrevious: ""\023\313c\321B\032l\301h\005\320\252\301\361(\330[\343\357\343{\235\n\266g\272>\177\317\347\261q""; networkTime: 803842804; firstSeq: 1; lastSeq: 21; ","newEvent: neCLOSING_LEDGER; ledgerSeq: 21; ledgerHash: ""b&\270&\346ju\200\363N\320\307\004\034\001n\317\361\2653\254\2503\247\305\372\316W\022O\253x""; ledgerHashPrevious: ""\023\313c\321B\032l\301h\005\320\252\301\361(\330[\343\357\343{\235\n\266g\272>\177\317\347\261q""; networkTime: 803842804; firstSeq: 1; lastSeq: 21; "
1750527604642,1750527604642,0,1,4,3,TMProposeSet,"proposeSeq: 0; currentTxHash: ""\000\000\000\000\000\000\000\000\000\000\000\000\000\000\000\000\000\000\000\000\000\000\000\000\000\000\000\000\000\000\000\000""; nodePubKey: ""\003R7o\362bV\300hf\266\241;}\200^\374\240\203[:\342Q\225\221\027y\372\255\235\216\323~""; closeTime: 803842804; signature: ""0D\002 Q\302\203;9q\'\324\202q\257L\314\246\265r\306%\236\252:\240\306\036\231\244\226l%\205!\002 F\373\220\3250p\343\222b\246\205\322G\321n\347\234\207\031~\214\353B\321\232Hk_\324\250\372\351""; previousledger: ""b&\270&\346ju\200\363N\320\307\004\034\001n\317\361\2653\254\2503\247\305\372\316W\022O\253x""; ","proposeSeq: 0; currentTxHash: ""\000\000\000\000\000\000\000\000\000\000\000\000\000\000\000\000\000\000\000\000\000\000\000\000\000\000\000\000\000\000\000\000""; nodePubKey: ""\003R7o\362bV\300hf\266\241;}\200^\374\240\203[:\342Q\225\221\027y\372\255\235\216\323~""; closeTime: 803842804; signature: ""0D\002 Q\302\203;9q\'\324\202q\257L\314\246\265r\306%\236\252:\240\306\036\231\244\226l%\205!\002 F\373\220\3250p\343\222b\246\205\322G\321n\347\234\207\031~\214\353B\321\232Hk_\324\250\372\351""; previousledger: ""b&\270&\346ju\200\363N\320\307\004\034\001n\317\361\2653\254\2503\247\305\372\316W\022O\253x""; "
1750527604645,1750527604645,0,1,3,2,TMProposeSet,"proposeSeq: 0; currentTxHash: ""\000\000\000\000\000\000\000\000\000\000\000\000\000\000\000\000\000\000\000\000\000\000\000\000\000\000\000\000\000\000\000\000""; nodePubKey: ""\003R7o\362bV\300hf\266\241;}\200^\374\240\203[:\342Q\225\221\027y\372\255\235\216\323~""; closeTime: 803842804; signature: ""0D\002 Q\302\203;9q\'\324\202q\257L\314\246\265r\306%\236\252:\240\306\036\231\244\226l%\205!\002 F\373\220\3250p\343\222b\246\205\322G\321n\347\234\207\031~\214\353B\321\232Hk_\324\250\372\351""; previousledger: ""b&\270&\346ju\200\363N\320\307\004\034\001n\317\361\2653\254\2503\247\305\372\316W\022O\253x""; ","proposeSeq: 0; currentTxHash: ""\000\000\000\000\000\000\000\000\000\000\000\000\000\000\000\000\000\000\000\000\000\000\000\000\000\000\000\000\000\000\000\000""; nodePubKey: ""\003R7o\362bV\300hf\266\241;}\200^\374\240\203[:\342Q\225\221\027y\372\255\235\216\323~""; closeTime: 803842804; signature: ""0D\002 Q\302\203;9q\'\324\202q\257L\314\246\265r\306%\236\252:\240\306\036\231\244\226l%\205!\002 F\373\220\3250p\343\222b\246\205\322G\321n\347\234\207\031~\214\353B\321\232Hk_\324\250\372\351""; previousledger: ""b&\270&\346ju\200\363N\320\307\004\034\001n\317\361\2653\254\2503\247\305\372\316W\022O\253x""; "
1750527604646,1750527604646,0,1,3,0,TMProposeSet,"proposeSeq: 0; currentTxHash: ""\000\000\000\000\000\000\000\000\000\000\000\000\000\000\000\000\000\000\000\000\000\000\000\000\000\000\000\000\000\000\000\000""; nodePubKey: ""\003R7o\362bV\300hf\266\241;}\200^\374\240\203[:\342Q\225\221\027y\372\255\235\216\323~""; closeTime: 803842804; signature: ""0D\002 Q\302\203;9q\'\324\202q\257L\314\246\265r\306%\236\252:\240\306\036\231\244\226l%\205!\002 F\373\220\3250p\343\222b\246\205\322G\321n\347\234\207\031~\214\353B\321\232Hk_\324\250\372\351""; previousledger: ""b&\270&\346ju\200\363N\320\307\004\034\001n\317\361\2653\254\2503\247\305\372\316W\022O\253x""; ","proposeSeq: 0; currentTxHash: ""\000\000\000\000\000\000\000\000\000\000\000\000\000\000\000\000\000\000\000\000\000\000\000\000\000\000\000\000\000\000\000\000""; nodePubKey: ""\003R7o\362bV\300hf\266\241;}\200^\374\240\203[:\342Q\225\221\027y\372\255\235\216\323~""; closeTime: 803842804; signature: ""0D\002 Q\302\203;9q\'\324\202q\257L\314\246\265r\306%\236\252:\240\306\036\231\244\226l%\205!\002 F\373\220\3250p\343\222b\246\205\322G\321n\347\234\207\031~\214\353B\321\232Hk_\324\250\372\351""; previousledger: ""b&\270&\346ju\200\363N\320\307\004\034\001n\317\361\2653\254\2503\247\305\372\316W\022O\253x""; "
1750527604647,1750527604647,0,1,3,1,TMProposeSet,"proposeSeq: 0; currentTxHash: ""\000\000\000\000\000\000\000\000\000\000\000\000\000\000\000\000\000\000\000\000\000\000\000\000\000\000\000\000\000\000\000\000""; nodePubKey: ""\003R7o\362bV\300hf\266\241;}\200^\374\240\203[:\342Q\225\221\027y\372\255\235\216\323~""; closeTime: 803842804; signature: ""0D\002 Q\302\203;9q\'\324\202q\257L\314\246\265r\306%\236\252:\240\306\036\231\244\226l%\205!\002 F\373\220\3250p\343\222b\246\205\322G\321n\347\234\207\031~\214\353B\321\232Hk_\324\250\372\351""; previousledger: ""b&\270&\346ju\200\363N\320\307\004\034\001n\317\361\2653\254\2503\247\305\372\316W\022O\253x""; ","proposeSeq: 0; currentTxHash: ""\000\000\000\000\000\000\000\000\000\000\000\000\000\000\000\000\000\000\000\000\000\000\000\000\000\000\000\000\000\000\000\000""; nodePubKey: ""\003R7o\362bV\300hf\266\241;}\200^\374\240\203[:\342Q\225\221\027y\372\255\235\216\323~""; closeTime: 803842804; signature: ""0D\002 Q\302\203;9q\'\324\202q\257L\314\246\265r\306%\236\252:\240\306\036\231\244\226l%\205!\002 F\373\220\3250p\343\222b\246\205\322G\321n\347\234\207\031~\214\353B\321\232Hk_\324\250\372\351""; previousledger: ""b&\270&\346ju\200\363N\320\307\004\034\001n\317\361\2653\254\2503\247\305\372\316W\022O\253x""; "
1750527605527,1750527605527,0,1,0,3,TMStatusChange,"newEvent: neACCEPTED_LEDGER; ledgerSeq: 10; ledgerHash: ""\036\317\362\371k?\n\305\313\241\300z\276#\260\203\303\374nE\315\340\371\036\277S\310Y\215\205\271\037""; ledgerHashPrevious: ""c\021W4\027y\320\003\222Bm\314(t\277ZO\216""""\240\036\343;t\272\036\216\317aR\344""; networkTime: 803842805; firstSeq: 1; lastSeq: 21; ","newEvent: neACCEPTED_LEDGER; ledgerSeq: 10; ledgerHash: ""\036\317\362\371k?\n\305\313\241\300z\276#\260\203\303\374nE\315\340\371\036\277S\310Y\215\205\271\037""; ledgerHashPrevious: ""c\021W4\027y\320\003\222Bm\314(t\277ZO\216""""\240\036\343;t\272\036\216\317aR\344""; networkTime: 803842805; firstSeq: 1; lastSeq: 21; "
1750527605528,1750527605529,0,1,0,1,TMStatusChange,"newEvent: neACCEPTED_LEDGER; ledgerSeq: 10; ledgerHash: ""\036\317\362\371k?\n\305\313\241\300z\276#\260\203\303\374nE\315\340\371\036\277S\310Y\215\205\271\037""; ledgerHashPrevious: ""c\021W4\027y\320\003\222Bm\314(t\277ZO\216""""\240\036\343;t\272\036\216\317aR\344""; networkTime: 803842805; firstSeq: 1; lastSeq: 21; ","newEvent: neACCEPTED_LEDGER; ledgerSeq: 10; ledgerHash: ""\036\317\362\371k?\n\305\313\241\300z\276#\260\203\303\374nE\315\340\371\036\277S\310Y\215\205\271\037""; ledgerHashPrevious: ""c\021W4\027y\320\003\222Bm\314(t\277ZO\216""""\240\036\343;t\272\036\216\317aR\344""; networkTime: 803842805; firstSeq: 1; lastSeq: 21; "
1750527605528,1750527605528,0,1,0,4,TMStatusChange,"newEvent: neACCEPTED_LEDGER; ledgerSeq: 10; ledgerHash: ""\036\317\362\371k?\n\305\313\241\300z\276#\260\203\303\374nE\315\340\371\036\277S\310Y\215\205\271\037""; ledgerHashPrevious: ""c\021W4\027y\320\003\222Bm\314(t\277ZO\216""""\240\036\343;t\272\036\216\317aR\344""; networkTime: 803842805; firstSeq: 1; lastSeq: 21; ","newEvent: neACCEPTED_LEDGER; ledgerSeq: 10; ledgerHash: ""\036\317\362\371k?\n\305\313\241\300z\276#\260\203\303\374nE\315\340\371\036\277S\310Y\215\205\271\037""; ledgerHashPrevious: ""c\021W4\027y\320\003\222Bm\314(t\277ZO\216""""\240\036\343;t\272\036\216\317aR\344""; networkTime: 803842805; firstSeq: 1; lastSeq: 21; "
1750527605528,1750527605528,0,1,0,2,TMStatusChange,"newEvent: neACCEPTED_LEDGER; ledgerSeq: 10; ledgerHash: ""\036\317\362\371k?\n\305\313\241\300z\276#\260\203\303\374nE\315\340\371\036\277S\310Y\215\205\271\037""; ledgerHashPrevious: ""c\021W4\027y\320\003\222Bm\314(t\277ZO\216""""\240\036\343;t\272\036\216\317aR\344""; networkTime: 803842805; firstSeq: 1; lastSeq: 21; ","newEvent: neACCEPTED_LEDGER; ledgerSeq: 10; ledgerHash: ""\036\317\362\371k?\n\305\313\241\300z\276#\260\203\303\374nE\315\340\371\036\277S\310Y\215\205\271\037""; ledgerHashPrevious: ""c\021W4\027y\320\003\222Bm\314(t\277ZO\216""""\240\036\343;t\272\036\216\317aR\344""; networkTime: 803842805; firstSeq: 1; lastSeq: 21; "
1750527605618,1750527605618,0,1,2,3,TMStatusChange,"newEvent: neACCEPTED_LEDGER; ledgerSeq: 10; ledgerHash: ""Q\027L\376}m\030\320\337\2266^+\340\370P\272\314\232\3371\327\027Ejgq<\303\367\244\236""; ledgerHashPrevious: ""\254\016Y2T\325\302;\374(S\200\340k\2629</\343\247r\307\330\025\371\201[\232\275\310G\326""; networkTime: 803842805; firstSeq: 1; lastSeq: 21; ","newEvent: neACCEPTED_LEDGER; ledgerSeq: 10; ledgerHash: ""Q\027L\376}m\030\320\337\2266^+\340\370P\272\314\232\3371\327\027Ejgq<\303\367\244\236""; ledgerHashPrevious: ""\254\016Y2T\325\302;\374(S\200\340k\2629</\343\247r\307\330\025\371\201[\232\275\310G\326""; networkTime: 803842805; firstSeq: 1; lastSeq: 21; "
1750527605618,1750527605619,0,1,2,1,TMStatusChange,"newEvent: neACCEPTED_LEDGER; ledgerSeq: 10; ledgerHash: ""Q\027L\376}m\030\320\337\2266^+\340\370P\272\314\232\3371\327\027Ejgq<\303\367\244\236""; ledgerHashPrevious: ""\254\016Y2T\325\302;\374(S\200\340k\2629</\343\247r\307\330\025\371\201[\232\275\310G\326""; networkTime: 803842805; firstSeq: 1; lastSeq: 21; ","newEvent: neACCEPTED_LEDGER; ledgerSeq: 10; ledgerHash: ""Q\027L\376}m\030\320\337\2266^+\340\370P\272\314\232\3371\327\027Ejgq<\303\367\244\236""; ledgerHashPrevious: ""\254\016Y2T\325\302;\374(S\200\340k\2629</\343\247r\307\330\025\371\201[\232\275\310G\326""; networkTime: 803842805; firstSeq: 1; lastSeq: 21; "
1750527605619,1750527605619,0,1,2,0,TMStatusChange,"newEvent: neACCEPTED_LEDGER; ledgerSeq: 10; ledgerHash: ""Q\027L\376}m\030\320\337\2266^+\340\370P\272\314\232\3371\327\027Ejgq<\303\367\244\236""; ledgerHashPrevious: ""\254\016Y2T\325\302;\374(S\200\340k\2629</\343\247r\307\330\025\371\201[\232\275\310G\326""; networkTime: 803842805; firstSeq: 1; lastSeq: 21; ","newEvent: neACCEPTED_LEDGER; ledgerSeq: 10; ledgerHash: ""Q\027L\376}m\030\320\337\2266^+\340\370P\272\314\232\3371\327\027Ejgq<\303\367\244\236""; ledgerHashPrevious: ""\254\016Y2T\325\302;\374(S\200\340k\2629</\343\247r\307\330\025\371\201[\232\275\310G\326""; networkTime: 803842805; firstSeq: 1; lastSeq: 21; "
1750527605619,1750527605619,0,1,2,4,TMStatusChange,"newEvent: neACCEPTED_LEDGER; ledgerSeq: 10; ledgerHash: ""Q\027L\376}m\030\320\337\2266^+\340\370P\272\314\232\3371\327\027Ejgq<\303\367\244\236""; ledgerHashPrevious: ""\254\016Y2T\325\302;\374(S\200\340k\2629</\343\247r\307\330\025\371\201[\232\275\310G\326""; networkTime: 803842805; firstSeq: 1; lastSeq: 21; ","newEvent: neACCEPTED_LEDGER; ledgerSeq: 10; ledgerHash: ""Q\027L\376}m\030\320\337\2266^+\340\370P\272\314\232\3371\327\027Ejgq<\303\367\244\236""; ledgerHashPrevious: ""\254\016Y2T\325\302;\374(S\200\340k\2629</\343\247r\307\330\025\371\201[\232\275\310G\326""; networkTime: 803842805; firstSeq: 1; lastSeq: 21; "
1750527606438,1750527606438,0,1,3,4,TMStatusChange,"newEvent: neACCEPTED_LEDGER; ledgerSeq: 22; ledgerHash: ""\250\025\373\247\354Tc\304\263\243^\352Gv\\264\261\r\035\226\306\2411\351\233\203\215\200$\231\300f""; ledgerHashPrevious: ""b&\270&\346ju\200\363N\320\307\004\034\001n\317\361\2653\254\2503\247\305\372\316W\022O\253x""; networkTime: 803842806; firstSeq: 1; lastSeq: 21; ","newEvent: neACCEPTED_LEDGER; ledgerSeq: 22; ledgerHash: ""\250\025\373\247\354Tc\304\263\243^\352Gv\\264\261\r\035\226\306\2411\351\233\203\215\200$\231\300f""; ledgerHashPrevious: ""b&\270&\346ju\200\363N\320\307\004\034\001n\317\361\2653\254\2503\247\305\372\316W\022O\253x""; networkTime: 803842806; firstSeq: 1; lastSeq: 21; "
1750527606438,1750527606439,0,1,3,2,TMValidation,"validation: """"\200\000\000\001&\000\000\000\026)/\351\252\366:p\210\265\307-\212\200\004Q\250\025\373\247\354Tc\304\263\243^\352Gv\\264\261\r\035\226\306\2411\351\233\203\215\200$\231\300fP\027\000\000\000\000\000\000\000\000\000\000\000\000\000\000\000\000\000\000\000\000\000\000\000\000\000\000\000\000\000\000\000\000P\031b&\270&\346ju\200\363N\320\307\004\034\001n\317\361\2653\254\2503\247\305\372\316W\022O\253xs!\002\364d\217\366\217|\316F\232\231\241\n\261\333`\312O\367\235\025DD\336e\367\n\312\326\221\037\025\230vG0E\002!\000\373wg\325\206k\227\212\034\336\330\372S\313w\004\365\327}\020\001\035\332\261\334h\t.\377\347\n\327\002 2\201\020\353D\315y\207\022\000\2300=\213^\000\234\007<\361\037\345\234j\375\267\210\256n\306\030g""; ","validation: """"\200\000\000\001&\000\000\000\026)/\351\252\366:p\210\265\307-\212\200\004Q\250\025\373\247\354Tc\304\263\243^\352Gv\\264\261\r\035\226\306\2411\351\233\203\215\200$\231\300fP\027\000\000\000\000\000\000\000\000\000\000\000\000\000\000\000\000\000\000\000\000\000\000\000\000\000\000\000\000\000\000\000\000P\031b&\270&\346ju\200\363N\320\307\004\034\001n\317\361\2653\254\2503\247\305\372\316W\022O\253xs!\002\364d\217\366\217|\316F\232\231\241\n\261\333`\312O\367\235\025DD\336e\367\n\312\326\221\037\025\230vG0E\002!\000\373wg\325\206k\227\212\034\336\330\372S\313w\004\365\327}\020\001\035\332\261\334h\t.\377\347\n\327\002 2\201\020\353D\315y\207\022\000\2300=\213^\000\234\007<\361\037\345\234j\375\267\210\256n\306\030g""; "
1750527606439,1750527606439,0,1,3,4,TMValidation,"validation: """"\200\000\000\001&\000\000\000\026)/\351\252\366:p\210\265\307-\212\200\004Q\250\025\373\247\354Tc\304\263\243^\352Gv\\264\261\r\035\226\306\2411\351\233\203\215\200$\231\300fP\027\000\000\000\000\000\000\000\000\000\000\000\000\000\000\000\000\000\000\000\000\000\000\000\000\000\000\000\000\000\000\000\000P\031b&\270&\346ju\200\363N\320\307\004\034\001n\317\361\2653\254\2503\247\305\372\316W\022O\253xs!\002\364d\217\366\217|\316F\232\231\241\n\261\333`\312O\367\235\025DD\336e\367\n\312\326\221\037\025\230vG0E\002!\000\373wg\325\206k\227\212\034\336\330\372S\313w\004\365\327}\020\001\035\332\261\334h\t.\377\347\n\327\002 2\201\020\353D\315y\207\022\000\2300=\213^\000\234\007<\361\037\345\234j\375\267\210\256n\306\030g""; ","validation: """"\200\000\000\001&\000\000\000\026)/\351\252\366:p\210\265\307-\212\200\004Q\250\025\373\247\354Tc\304\263\243^\352Gv\\264\261\r\035\226\306\2411\351\233\203\215\200$\231\300fP\027\000\000\000\000\000\000\000\000\000\000\000\000\000\000\000\000\000\000\000\000\000\000\000\000\000\000\000\000\000\000\000\000P\031b&\270&\346ju\200\363N\320\307\004\034\001n\317\361\2653\254\2503\247\305\372\316W\022O\253xs!\002\364d\217\366\217|\316F\232\231\241\n\261\333`\312O\367\235\025DD\336e\367\n\312\326\221\037\025\230vG0E\002!\000\373wg\325\206k\227\212\034\336\330\372S\313w\004\365\327}\020\001\035\332\261\334h\t.\377\347\n\327\002 2\201\020\353D\315y\207\022\000\2300=\213^\000\234\007<\361\037\345\234j\375\267\210\256n\306\030g""; "
1750527606440,1750527606440,0,1,3,0,TMStatusChange,"newEvent: neACCEPTED_LEDGER; ledgerSeq: 22; ledgerHash: ""\250\025\373\247\354Tc\304\263\243^\352Gv\\264\261\r\035\226\306\2411\351\233\203\215\200$\231\300f""; ledgerHashPrevious: ""b&\270&\346ju\200\363N\320\307\004\034\001n\317\361\2653\254\2503\247\305\372\316W\022O\253x""; networkTime: 803842806; firstSeq: 1; lastSeq: 21; ","newEvent: neACCEPTED_LEDGER; ledgerSeq: 22; ledgerHash: ""\250\025\373\247\354Tc\304\263\243^\352Gv\\264\261\r\035\226\306\2411\351\233\203\215\200$\231\300f""; ledgerHashPrevious: ""b&\270&\346ju\200\363N\320\307\004\034\001n\317\361\2653\254\2503\247\305\372\316W\022O\253x""; networkTime: 803842806; firstSeq: 1; lastSeq: 21; "
1750527606440,1750527606440,0,1,3,0,TMValidation,"validation: """"\200\000\000\001&\000\000\000\026)/\351\252\366:p\210\265\307-\212\200\004Q\250\025\373\247\354Tc\304\263\243^\352Gv\\264\261\r\035\226\306\2411\351\233\203\215\200$\231\300fP\027\000\000\000\000\000\000\000\000\000\000\000\000\000\000\000\000\000\000\000\000\000\000\000\000\000\000\000\000\000\000\000\000P\031b&\270&\346ju\200\363N\320\307\004\034\001n\317\361\2653\254\2503\247\305\372\316W\022O\253xs!\002\364d\217\366\217|\316F\232\231\241\n\261\333`\312O\367\235\025DD\336e\367\n\312\326\221\037\025\230vG0E\002!\000\373wg\325\206k\227\212\034\336\330\372S\313w\004\365\327}\020\001\035\332\261\334h\t.\377\347\n\327\002 2\201\020\353D\315y\207\022\000\2300=\213^\000\234\007<\361\037\345\234j\375\267\210\256n\306\030g""; ","validation: """"\200\000\000\001&\000\000\000\026)/\351\252\366:p\210\265\307-\212\200\004Q\250\025\373\247\354Tc\304\263\243^\352Gv\\264\261\r\035\226\306\2411\351\233\203\215\200$\231\300fP\027\000\000\000\000\000\000\000\000\000\000\000\000\000\000\000\000\000\000\000\000\000\000\000\000\000\000\000\000\000\000\000\000P\031b&\270&\346ju\200\363N\320\307\004\034\001n\317\361\2653\254\2503\247\305\372\316W\022O\253xs!\002\364d\217\366\217|\316F\232\231\241\n\261\333`\312O\367\235\025DD\336e\367\n\312\326\221\037\025\230vG0E\002!\000\373wg\325\206k\227\212\034\336\330\372S\313w\004\365\327}\020\001\035\332\261\334h\t.\377\347\n\327\002 2\201\020\353D\315y\207\022\000\2300=\213^\000\234\007<\361\037\345\234j\375\267\210\256n\306\030g""; "
1750527606440,1750527606440,0,1,3,2,TMStatusChange,"newEvent: neACCEPTED_LEDGER; ledgerSeq: 22; ledgerHash: ""\250\025\373\247\354Tc\304\263\243^\352Gv\\264\261\r\035\226\306\2411\351\233\203\215\200$\231\300f""; ledgerHashPrevious: ""b&\270&\346ju\200\363N\320\307\004\034\001n\317\361\2653\254\2503\247\305\372\316W\022O\253x""; networkTime: 803842806; firstSeq: 1; lastSeq: 21; ","newEvent: neACCEPTED_LEDGER; ledgerSeq: 22; ledgerHash: ""\250\025\373\247\354Tc\304\263\243^\352Gv\\264\261\r\035\226\306\2411\351\233\203\215\200$\231\300f""; ledgerHashPrevious: ""b&\270&\346ju\200\363N\320\307\004\034\001n\317\361\2653\254\2503\247\305\372\316W\022O\253x""; networkTime: 803842806; firstSeq: 1; lastSeq: 21; "
1750527606440,1750527606440,0,1,3,1,TMValidation,"validation: """"\200\000\000\001&\000\000\000\026)/\351\252\366:p\210\265\307-\212\200\004Q\250\025\373\247\354Tc\304\263\243^\352Gv\\264\261\r\035\226\306\2411\351\233\203\215\200$\231\300fP\027\000\000\000\000\000\000\000\000\000\000\000\000\000\000\000\000\000\000\000\000\000\000\000\000\000\000\000\000\000\000\000\000P\031b&\270&\346ju\200\363N\320\307\004\034\001n\317\361\2653\254\2503\247\305\372\316W\022O\253xs!\002\364d\217\366\217|\316F\232\231\241\n\261\333`\312O\367\235\025DD\336e\367\n\312\326\221\037\025\230vG0E\002!\000\373wg\325\206k\227\212\034\336\330\372S\313w\004\365\327}\020\001\035\332\261\334h\t.\377\347\n\327\002 2\201\020\353D\315y\207\022\000\2300=\213^\000\234\007<\361\037\345\234j\375\267\210\256n\306\030g""; ","validation: """"\200\000\000\001&\000\000\000\026)/\351\252\366:p\210\265\307-\212\200\004Q\250\025\373\247\354Tc\304\263\243^\352Gv\\264\261\r\035\226\306\2411\351\233\203\215\200$\231\300fP\027\000\000\000\000\000\000\000\000\000\000\000\000\000\000\000\000\000\000\000\000\000\000\000\000\000\000\000\000\000\000\000\000P\031b&\270&\346ju\200\363N\320\307\004\034\001n\317\361\2653\254\2503\247\305\372\316W\022O\253xs!\002\364d\217\366\217|\316F\232\231\241\n\261\333`\312O\367\235\025DD\336e\367\n\312\326\221\037\025\230vG0E\002!\000\373wg\325\206k\227\212\034\336\330\372S\313w\004\365\327}\020\001\035\332\261\334h\t.\377\347\n\327\002 2\201\020\353D\315y\207\022\000\2300=\213^\000\234\007<\361\037\345\234j\375\267\210\256n\306\030g""; "
1750527606441,1750527606441,0,1,3,1,TMStatusChange,"newEvent: neACCEPTED_LEDGER; ledgerSeq: 22; ledgerHash: ""\250\025\373\247\354Tc\304\263\243^\352Gv\\264\261\r\035\226\306\2411\351\233\203\215\200$\231\300f""; ledgerHashPrevious: ""b&\270&\346ju\200\363N\320\307\004\034\001n\317\361\2653\254\2503\247\305\372\316W\022O\253x""; networkTime: 803842806; firstSeq: 1; lastSeq: 21; ","newEvent: neACCEPTED_LEDGER; ledgerSeq: 22; ledgerHash: ""\250\025\373\247\354Tc\304\263\243^\352Gv\\264\261\r\035\226\306\2411\351\233\203\215\200$\231\300f""; ledgerHashPrevious: ""b&\270&\346ju\200\363N\320\307\004\034\001n\317\361\2653\254\2503\247\305\372\316W\022O\253x""; networkTime: 803842806; firstSeq: 1; lastSeq: 21; "
1750527606444,1750527606444,0,1,2,3,TMGetLedger,"itype: liBASE; ledgerHash: ""\250\025\373\247\354Tc\304\263\243^\352Gv\\264\261\r\035\226\306\2411\351\233\203\215\200$\231\300f""; ledgerSeq: 22; ","itype: liBASE; ledgerHash: ""\250\025\373\247\354Tc\304\263\243^\352Gv\\264\261\r\035\226\306\2411\351\233\203\215\200$\231\300f""; ledgerSeq: 22; "
1750527606444,1750527606444,0,1,4,0,TMValidation,"validation: """"\200\000\000\001&\000\000\000\026)/\351\252\366:p\210\265\307-\212\200\004Q\250\025\373\247\354Tc\304\263\243^\352Gv\\264\261\r\035\226\306\2411\351\233\203\215\200$\231\300fP\027\000\000\000\000\000\000\000\000\000\000\000\000\000\000\000\000\000\000\000\000\000\000\000\000\000\000\000\000\000\000\000\000P\031b&\270&\346ju\200\363N\320\307\004\034\001n\317\361\2653\254\2503\247\305\372\316W\022O\253xs!\002\364d\217\366\217|\316F\232\231\241\n\261\333`\312O\367\235\025DD\336e\367\n\312\326\221\037\025\230vG0E\002!\000\373wg\325\206k\227\212\034\336\330\372S\313w\004\365\327}\020\001\035\332\261\334h\t.\377\347\n\327\002 2\201\020\353D\315y\207\022\000\2300=\213^\000\234\007<\361\037\345\234j\375\267\210\256n\306\030g""; ","validation: """"\200\000\000\001&\000\000\000\026)/\351\252\366:p\210\265\307-\212\200\004Q\250\025\373\247\354Tc\304\263\243^\352Gv\\264\261\r\035\226\306\2411\351\233\203\215\200$\231\300fP\027\000\000\000\000\000\000\000\000\000\000\000\000\000\000\000\000\000\000\000\000\000\000\000\000\000\000\000\000\000\000\000\000P\031b&\270&\346ju\200\363N\320\307\004\034\001n\317\361\2653\254\2503\247\305\372\316W\022O\253xs!\002\364d\217\366\217|\316F\232\231\241\n\261\333`\312O\367\235\025DD\336e\367\n\312\326\221\037\025\230vG0E\002!\000\373wg\325\206k\227\212\034\336\330\372S\313w\004\365\327}\020\001\035\332\261\334h\t.\377\347\n\327\002 2\201\020\353D\315y\207\022\000\2300=\213^\000\234\007<\361\037\345\234j\375\267\210\256n\306\030g""; "
1750527606444,1750527606444,0,1,2,1,TMGetLedger,"itype: liBASE; ledgerHash: ""\250\025\373\247\354Tc\304\263\243^\352Gv\\264\261\r\035\226\306\2411\351\233\203\215\200$\231\300f""; ledgerSeq: 22; ","itype: liBASE; ledgerHash: ""\250\025\373\247\354Tc\304\263\243^\352Gv\\264\261\r\035\226\306\2411\351\233\203\215\200$\231\300f""; ledgerSeq: 22; "
1750527606445,1750527606446,0,1,4,1,TMValidation,"validation: """"\200\000\000\001&\000\000\000\026)/\351\252\366:p\210\265\307-\212\200\004Q\250\025\373\247\354Tc\304\263\243^\352Gv\\264\261\r\035\226\306\2411\351\233\203\215\200$\231\300fP\027\000\000\000\000\000\000\000\000\000\000\000\000\000\000\000\000\000\000\000\000\000\000\000\000\000\000\000\000\000\000\000\000P\031b&\270&\346ju\200\363N\320\307\004\034\001n\317\361\2653\254\2503\247\305\372\316W\022O\253xs!\002\364d\217\366\217|\316F\232\231\241\n\261\333`\312O\367\235\025DD\336e\367\n\312\326\221\037\025\230vG0E\002!\000\373wg\325\206k\227\212\034\336\330\372S\313w\004\365\327}\020\001\035\332\261\334h\t.\377\347\n\327\002 2\201\020\353D\315y\207\022\000\2300=\213^\000\234\007<\361\037\345\234j\375\267\210\256n\306\030g""; ","validation: """"\200\000\000\001&\000\000\000\026)/\351\252\366:p\210\265\307-\212\200\004Q\250\025\373\247\354Tc\304\263\243^\352Gv\\264\261\r\035\226\306\2411\351\233\203\215\200$\231\300fP\027\000\000\000\000\000\000\000\000\000\000\000\000\000\000\000\000\000\000\000\000\000\000\000\000\000\000\000\000\000\000\000\000P\031b&\270&\346ju\200\363N\320\307\004\034\001n\317\361\2653\254\2503\247\305\372\316W\022O\253xs!\002\364d\217\366\217|\316F\232\231\241\n\261\333`\312O\367\235\025DD\336e\367\n\312\326\221\037\025\230vG0E\002!\000\373wg\325\206k\227\212\034\336\330\372S\313w\004\365\327}\020\001\035\332\261\334h\t.\377\347\n\327\002 2\201\020\353D\315y\207\022\000\2300=\213^\000\234\007<\361\037\345\234j\375\267\210\256n\306\030g""; "
1750527606446,1750527606446,0,1,4,0,TMGetLedger,"itype: liBASE; ledgerHash: ""\250\025\373\247\354Tc\304\263\243^\352Gv\\264\261\r\035\226\306\2411\351\233\203\215\200$\231\300f""; ","itype: liBASE; ledgerHash: ""\250\025\373\247\354Tc\304\263\243^\352Gv\\264\261\r\035\226\306\2411\351\233\203\215\200$\231\300f""; "
1750527606446,1750527606446,0,1,4,0,TMGetLedger,"itype: liBASE; ledgerHash: ""\250\025\373\247\354Tc\304\263\243^\352Gv\\264\261\r\035\226\306\2411\351\233\203\215\200$\231\300f""; queryType: qtINDIRECT; ","itype: liBASE; ledgerHash: ""\250\025\373\247\354Tc\304\263\243^\352Gv\\264\261\r\035\226\306\2411\351\233\203\215\200$\231\300f""; queryType: qtINDIRECT; "
1750527606446,1750527606446,0,1,4,1,TMGetLedger,"itype: liBASE; ledgerHash: ""\250\025\373\247\354Tc\304\263\243^\352Gv\\264\261\r\035\226\306\2411\351\233\203\215\200$\231\300f""; queryType: qtINDIRECT; ","itype: liBASE; ledgerHash: ""\250\025\373\247\354Tc\304\263\243^\352Gv\\264\261\r\035\226\306\2411\351\233\203\215\200$\231\300f""; queryType: qtINDIRECT; "
1750527606446,1750527606446,0,1,4,3,TMGetLedger,"itype: liBASE; ledgerHash: ""\250\025\373\247\354Tc\304\263\243^\352Gv\\264\261\r\035\226\306\2411\351\233\203\215\200$\231\300f""; ","itype: liBASE; ledgerHash: ""\250\025\373\247\354Tc\304\263\243^\352Gv\\264\261\r\035\226\306\2411\351\233\203\215\200$\231\300f""; "
1750527606447,1750527606447,0,1,4,1,TMGetLedger,"itype: liBASE; ledgerHash: ""\250\025\373\247\354Tc\304\263\243^\352Gv\\264\261\r\035\226\306\2411\351\233\203\215\200$\231\300f""; ","itype: liBASE; ledgerHash: ""\250\025\373\247\354Tc\304\263\243^\352Gv\\264\261\r\035\226\306\2411\351\233\203\215\200$\231\300f""; "
1750527606447,1750527606448,0,1,4,2,TMGetLedger,"itype: liBASE; ledgerHash: ""\250\025\373\247\354Tc\304\263\243^\352Gv\\264\261\r\035\226\306\2411\351\233\203\215\200$\231\300f""; ","itype: liBASE; ledgerHash: ""\250\025\373\247\354Tc\304\263\243^\352Gv\\264\261\r\035\226\306\2411\351\233\203\215\200$\231\300f""; "
1750527606448,1750527606448,0,1,4,2,TMValidation,"validation: """"\200\000\000\001&\000\000\000\026)/\351\252\366:p\210\265\307-\212\200\004Q\250\025\373\247\354Tc\304\263\243^\352Gv\\264\261\r\035\226\306\2411\351\233\203\215\200$\231\300fP\027\000\000\000\000\000\000\000\000\000\000\000\000\000\000\000\000\000\000\000\000\000\000\000\000\000\000\000\000\000\000\000\000P\031b&\270&\346ju\200\363N\320\307\004\034\001n\317\361\2653\254\2503\247\305\372\316W\022O\253xs!\002\364d\217\366\217|\316F\232\231\241\n\261\333`\312O\367\235\025DD\336e\367\n\312\326\221\037\025\230vG0E\002!\000\373wg\325\206k\227\212\034\336\330\372S\313w\004\365\327}\020\001\035\332\261\334h\t.\377\347\n\327\002 2\201\020\353D\315y\207\022\000\2300=\213^\000\234\007<\361\037\345\234j\375\267\210\256n\306\030g""; ","validation: """"\200\000\000\001&\000\000\000\026)/\351\252\366:p\210\265\307-\212\200\004Q\250\025\373\247\354Tc\304\263\243^\352Gv\\264\261\r\035\226\306\2411\351\233\203\215\200$\231\300fP\027\000\000\000\000\000\000\000\000\000\000\000\000\000\000\000\000\000\000\000\000\000\000\000\000\000\000\000\000\000\000\000\000P\031b&\270&\346ju\200\363N\320\307\004\034\001n\317\361\2653\254\2503\247\305\372\316W\022O\253xs!\002\364d\217\366\217|\316F\232\231\241\n\261\333`\312O\367\235\025DD\336e\367\n\312\326\221\037\025\230vG0E\002!\000\373wg\325\206k\227\212\034\336\330\372S\313w\004\365\327}\020\001\035\332\261\334h\t.\377\347\n\327\002 2\201\020\353D\315y\207\022\000\2300=\213^\000\234\007<\361\037\345\234j\375\267\210\256n\306\030g""; "
1750527606448,1750527606448,0,1,4,2,TMGetLedger,"itype: liBASE; ledgerHash: ""\250\025\373\247\354Tc\304\263\243^\352Gv\\264\261\r\035\226\306\2411\351\233\203\215\200$\231\300f""; queryType: qtINDIRECT; ","itype: liBASE; ledgerHash: ""\250\025\373\247\354Tc\304\263\243^\352Gv\\264\261\r\035\226\306\2411\351\233\203\215\200$\231\300f""; queryType: qtINDIRECT; "
1750527606450,1750527606450,0,1,4,3,TMGetLedger,"itype: liBASE; ledgerHash: ""\250\025\373\247\354Tc\304\263\243^\352Gv\\264\261\r\035\226\306\2411\351\233\203\215\200$\231\300f""; queryType: qtINDIRECT; ","itype: liBASE; ledgerHash: ""\250\025\373\247\354Tc\304\263\243^\352Gv\\264\261\r\035\226\306\2411\351\233\203\215\200$\231\300f""; queryType: qtINDIRECT; "
1750527606450,1750527606450,0,1,2,0,TMValidation,"validation: """"\200\000\000\001&\000\000\000\026)/\351\252\366:p\210\265\307-\212\200\004Q\250\025\373\247\354Tc\304\263\243^\352Gv\\264\261\r\035\226\306\2411\351\233\203\215\200$\231\300fP\027\000\000\000\000\000\000\000\000\000\000\000\000\000\000\000\000\000\000\000\000\000\000\000\000\000\000\000\000\000\000\000\000P\031b&\270&\346ju\200\363N\320\307\004\034\001n\317\361\2653\254\2503\247\305\372\316W\022O\253xs!\002\364d\217\366\217|\316F\232\231\241\n\261\333`\312O\367\235\025DD\336e\367\n\312\326\221\037\025\230vG0E\002!\000\373wg\325\206k\227\212\034\336\330\372S\313w\004\365\327}\020\001\035\332\261\334h\t.\377\347\n\327\002 2\201\020\353D\315y\207\022\000\2300=\213^\000\234\007<\361\037\345\234j\375\267\210\256n\306\030g""; ","validation: """"\200\000\000\001&\000\000\000\026)/\351\252\366:p\210\265\307-\212\200\004Q\250\025\373\247\354Tc\304\263\243^\352Gv\\264\261\r\035\226\306\2411\351\233\203\215\200$\231\300fP\027\000\000\000\000\000\000\000\000\000\000\000\000\000\000\000\000\000\000\000\000\000\000\000\000\000\000\000\000\000\000\000\000P\031b&\270&\346ju\200\363N\320\307\004\034\001n\317\361\2653\254\2503\247\305\372\316W\022O\253xs!\002\364d\217\366\217|\316F\232\231\241\n\261\333`\312O\367\235\025DD\336e\367\n\312\326\221\037\025\230vG0E\002!\000\373wg\325\206k\227\212\034\336\330\372S\313w\004\365\327}\020\001\035\332\261\334h\t.\377\347\n\327\002 2\201\020\353D\315y\207\022\000\2300=\213^\000\234\007<\361\037\345\234j\375\267\210\256n\306\030g""; "
1750527606451,1750527606451,0,1,2,0,TMGetLedger,"itype: liBASE; ledgerHash: ""\250\025\373\247\354Tc\304\263\243^\352Gv\\264\261\r\035\226\306\2411\351\233\203\215\200$\231\300f""; ledgerSeq: 22; ","itype: liBASE; ledgerHash: ""\250\025\373\247\354Tc\304\263\243^\352Gv\\264\261\r\035\226\306\2411\351\233\203\215\200$\231\300f""; ledgerSeq: 22; "
1750527606452,1750527606452,0,1,2,1,TMGetLedger,"itype: liBASE; ledgerHash: ""\250\025\373\247\354Tc\304\263\243^\352Gv\\264\261\r\035\226\306\2411\351\233\203\215\200$\231\300f""; ledgerSeq: 22; queryType: qtINDIRECT; ","itype: liBASE; ledgerHash: ""\250\025\373\247\354Tc\304\263\243^\352Gv\\264\261\r\035\226\306\2411\351\233\203\215\200$\231\300f""; ledgerSeq: 22; queryType: qtINDIRECT; "
1750527606452,1750527606452,0,1,2,1,TMValidation,"validation: """"\200\000\000\001&\000\000\000\026)/\351\252\366:p\210\265\307-\212\200\004Q\250\025\373\247\354Tc\304\263\243^\352Gv\\264\261\r\035\226\306\2411\351\233\203\215\200$\231\300fP\027\000\000\000\000\000\000\000\000\000\000\000\000\000\000\000\000\000\000\000\000\000\000\000\000\000\000\000\000\000\000\000\000P\031b&\270&\346ju\200\363N\320\307\004\034\001n\317\361\2653\254\2503\247\305\372\316W\022O\253xs!\002\364d\217\366\217|\316F\232\231\241\n\261\333`\312O\367\235\025DD\336e\367\n\312\326\221\037\025\230vG0E\002!\000\373wg\325\206k\227\212\034\336\330\372S\313w\004\365\327}\020\001\035\332\261\334h\t.\377\347\n\327\002 2\201\020\353D\315y\207\022\000\2300=\213^\000\234\007<\361\037\345\234j\375\267\210\256n\306\030g""; ","validation: """"\200\000\000\001&\000\000\000\026)/\351\252\366:p\210\265\307-\212\200\004Q\250\025\373\247\354Tc\304\263\243^\352Gv\\264\261\r\035\226\306\2411\351\233\203\215\200$\231\300fP\027\000\000\000\000\000\000\000\000\000\000\000\000\000\000\000\000\000\000\000\000\000\000\000\000\000\000\000\000\000\000\000\000P\031b&\270&\346ju\200\363N\320\307\004\034\001n\317\361\2653\254\2503\247\305\372\316W\022O\253xs!\002\364d\217\366\217|\316F\232\231\241\n\261\333`\312O\367\235\025DD\336e\367\n\312\326\221\037\025\230vG0E\002!\000\373wg\325\206k\227\212\034\336\330\372S\313w\004\365\327}\020\001\035\332\261\334h\t.\377\347\n\327\002 2\201\020\353D\315y\207\022\000\2300=\213^\000\234\007<\361\037\345\234j\375\267\210\256n\306\030g""; "
1750527606453,1750527606453,0,1,2,4,TMGetLedger,"itype: liBASE; ledgerHash: ""\250\025\373\247\354Tc\304\263\243^\352Gv\\264\261\r\035\226\306\2411\351\233\203\215\200$\231\300f""; ledgerSeq: 22; ","itype: liBASE; ledgerHash: ""\250\025\373\247\354Tc\304\263\243^\352Gv\\264\261\r\035\226\306\2411\351\233\203\215\200$\231\300f""; ledgerSeq: 22; "
1750527606453,1750527606453,0,1,2,4,TMValidation,"validation: """"\200\000\000\001&\000\000\000\026)/\351\252\366:p\210\265\307-\212\200\004Q\250\025\373\247\354Tc\304\263\243^\352Gv\\264\261\r\035\226\306\2411\351\233\203\215\200$\231\300fP\027\000\000\000\000\000\000\000\000\000\000\000\000\000\000\000\000\000\000\000\000\000\000\000\000\000\000\000\000\000\000\000\000P\031b&\270&\346ju\200\363N\320\307\004\034\001n\317\361\2653\254\2503\247\305\372\316W\022O\253xs!\002\364d\217\366\217|\316F\232\231\241\n\261\333`\312O\367\235\025DD\336e\367\n\312\326\221\037\025\230vG0E\002!\000\373wg\325\206k\227\212\034\336\330\372S\313w\004\365\327}\020\001\035\332\261\334h\t.\377\347\n\327\002 2\201\020\353D\315y\207\022\000\2300=\213^\000\234\007<\361\037\345\234j\375\267\210\256n\306\030g""; ","validation: """"\200\000\000\001&\000\000\000\026)/\351\252\366:p\210\265\307-\212\200\004Q\250\025\373\247\354Tc\304\263\243^\352Gv\\264\261\r\035\226\306\2411\351\233\203\215\200$\231\300fP\027\000\000\000\000\000\000\000\000\000\000\000\000\000\000\000\000\000\000\000\000\000\000\000\000\000\000\000\000\000\000\000\000P\031b&\270&\346ju\200\363N\320\307\004\034\001n\317\361\2653\254\2503\247\305\372\316W\022O\253xs!\002\364d\217\366\217|\316F\232\231\241\n\261\333`\312O\367\235\025DD\336e\367\n\312\326\221\037\025\230vG0E\002!\000\373wg\325\206k\227\212\034\336\330\372S\313w\004\365\327}\020\001\035\332\261\334h\t.\377\347\n\327\002 2\201\020\353D\315y\207\022\000\2300=\213^\000\234\007<\361\037\345\234j\375\267\210\256n\306\030g""; "
1750527606454,1750527606454,0,1,2,0,TMGetLedger,"itype: liBASE; ledgerHash: ""\250\025\373\247\354Tc\304\263\243^\352Gv\\264\261\r\035\226\306\2411\351\233\203\215\200$\231\300f""; ledgerSeq: 22; queryType: qtINDIRECT; ","itype: liBASE; ledgerHash: ""\250\025\373\247\354Tc\304\263\243^\352Gv\\264\261\r\035\226\306\2411\351\233\203\215\200$\231\300f""; ledgerSeq: 22; queryType: qtINDIRECT; "
1750527606454,1750527606454,0,1,2,4,TMGetLedger,"itype: liBASE; ledgerHash: ""\250\025\373\247\354Tc\304\263\243^\352Gv\\264\261\r\035\226\306\2411\351\233\203\215\200$\231\300f""; ledgerSeq: 22; queryType: qtINDIRECT; ","itype: liBASE; ledgerHash: ""\250\025\373\247\354Tc\304\263\243^\352Gv\\264\261\r\035\226\306\2411\351\233\203\215\200$\231\300f""; ledgerSeq: 22; queryType: qtINDIRECT; "
1750527606455,1750527606455,0,1,2,3,TMGetLedger,"itype: liBASE; ledgerHash: ""\250\025\373\247\354Tc\304\263\243^\352Gv\\264\261\r\035\226\306\2411\351\233\203\215\200$\231\300f""; ledgerSeq: 22; queryType: qtINDIRECT; ","itype: liBASE; ledgerHash: ""\250\025\373\247\354Tc\304\263\243^\352Gv\\264\261\r\035\226\306\2411\351\233\203\215\200$\231\300f""; ledgerSeq: 22; queryType: qtINDIRECT; "
1750527606456,1750527606456,0,1,0,1,TMGetLedger,"itype: liBASE; ledgerHash: ""\250\025\373\247\354Tc\304\263\243^\352Gv\\264\261\r\035\226\306\2411\351\233\203\215\200$\231\300f""; ledgerSeq: 22; ","itype: liBASE; ledgerHash: ""\250\025\373\247\354Tc\304\263\243^\352Gv\\264\261\r\035\226\306\2411\351\233\203\215\200$\231\300f""; ledgerSeq: 22; "
1750527606456,1750527606456,0,1,0,3,TMGetLedger,"itype: liBASE; ledgerHash: ""\250\025\373\247\354Tc\304\263\243^\352Gv\\264\261\r\035\226\306\2411\351\233\203\215\200$\231\300f""; ledgerSeq: 22; ","itype: liBASE; ledgerHash: ""\250\025\373\247\354Tc\304\263\243^\352Gv\\264\261\r\035\226\306\2411\351\233\203\215\200$\231\300f""; ledgerSeq: 22; "
1750527606456,1750527606456,0,1,0,2,TMGetLedger,"itype: liBASE; ledgerHash: ""\250\025\373\247\354Tc\304\263\243^\352Gv\\264\261\r\035\226\306\2411\351\233\203\215\200$\231\300f""; ledgerSeq: 22; ","itype: liBASE; ledgerHash: ""\250\025\373\247\354Tc\304\263\243^\352Gv\\264\261\r\035\226\306\2411\351\233\203\215\200$\231\300f""; ledgerSeq: 22; "
1750527606456,1750527606456,0,1,0,4,TMGetLedger,"itype: liBASE; ledgerHash: ""\250\025\373\247\354Tc\304\263\243^\352Gv\\264\261\r\035\226\306\2411\351\233\203\215\200$\231\300f""; ledgerSeq: 22; ","itype: liBASE; ledgerHash: ""\250\025\373\247\354Tc\304\263\243^\352Gv\\264\261\r\035\226\306\2411\351\233\203\215\200$\231\300f""; ledgerSeq: 22; "
1750527606457,1750527606457,0,1,0,2,TMValidation,"validation: """"\200\000\000\001&\000\000\000\026)/\351\252\366:p\210\265\307-\212\200\004Q\250\025\373\247\354Tc\304\263\243^\352Gv\\264\261\r\035\226\306\2411\351\233\203\215\200$\231\300fP\027\000\000\000\000\000\000\000\000\000\000\000\000\000\000\000\000\000\000\000\000\000\000\000\000\000\000\000\000\000\000\000\000P\031b&\270&\346ju\200\363N\320\307\004\034\001n\317\361\2653\254\2503\247\305\372\316W\022O\253xs!\002\364d\217\366\217|\316F\232\231\241\n\261\333`\312O\367\235\025DD\336e\367\n\312\326\221\037\025\230vG0E\002!\000\373wg\325\206k\227\212\034\336\330\372S\313w\004\365\327}\020\001\035\332\261\334h\t.\377\347\n\327\002 2\201\020\353D\315y\207\022\000\2300=\213^\000\234\007<\361\037\345\234j\375\267\210\256n\306\030g""; ","validation: """"\200\000\000\001&\000\000\000\026)/\351\252\366:p\210\265\307-\212\200\004Q\250\025\373\247\354Tc\304\263\243^\352Gv\\264\261\r\035\226\306\2411\351\233\203\215\200$\231\300fP\027\000\000\000\000\000\000\000\000\000\000\000\000\000\000\000\000\000\000\000\000\000\000\000\000\000\000\000\000\000\000\000\000P\031b&\270&\346ju\200\363N\320\307\004\034\001n\317\361\2653\254\2503\247\305\372\316W\022O\253xs!\002\364d\217\366\217|\316F\232\231\241\n\261\333`\312O\367\235\025DD\336e\367\n\312\326\221\037\025\230vG0E\002!\000\373wg\325\206k\227\212\034\336\330\372S\313w\004\365\327}\020\001\035\332\261\334h\t.\377\347\n\327\002 2\201\020\353D\315y\207\022\000\2300=\213^\000\234\007<\361\037\345\234j\375\267\210\256n\306\030g""; "
1750527606457,1750527606457,0,1,0,4,TMValidation,"validation: """"\200\000\000\001&\000\000\000\026)/\351\252\366:p\210\265\307-\212\200\004Q\250\025\373\247\354Tc\304\263\243^\352Gv\\264\261\r\035\226\306\2411\351\233\203\215\200$\231\300fP\027\000\000\000\000\000\000\000\000\000\000\000\000\000\000\000\000\000\000\000\000\000\000\000\000\000\000\000\000\000\000\000\000P\031b&\270&\346ju\200\363N\320\307\004\034\001n\317\361\2653\254\2503\247\305\372\316W\022O\253xs!\002\364d\217\366\217|\316F\232\231\241\n\261\333`\312O\367\235\025DD\336e\367\n\312\326\221\037\025\230vG0E\002!\000\373wg\325\206k\227\212\034\336\330\372S\313w\004\365\327}\020\001\035\332\261\334h\t.\377\347\n\327\002 2\201\020\353D\315y\207\022\000\2300=\213^\000\234\007<\361\037\345\234j\375\267\210\256n\306\030g""; ","validation: """"\200\000\000\001&\000\000\000\026)/\351\252\366:p\210\265\307-\212\200\004Q\250\025\373\247\354Tc\304\263\243^\352Gv\\264\261\r\035\226\306\2411\351\233\203\215\200$\231\300fP\027\000\000\000\000\000\000\000\000\000\000\000\000\000\000\000\000\000\000\000\000\000\000\000\000\000\000\000\000\000\000\000\000P\031b&\270&\346ju\200\363N\320\307\004\034\001n\317\361\2653\254\2503\247\305\372\316W\022O\253xs!\002\364d\217\366\217|\316F\232\231\241\n\261\333`\312O\367\235\025DD\336e\367\n\312\326\221\037\025\230vG0E\002!\000\373wg\325\206k\227\212\034\336\330\372S\313w\004\365\327}\020\001\035\332\261\334h\t.\377\347\n\327\002 2\201\020\353D\315y\207\022\000\2300=\213^\000\234\007<\361\037\345\234j\375\267\210\256n\306\030g""; "
1750527606458,1750527606458,0,1,0,1,TMGetLedger,"itype: liBASE; ledgerHash: ""\250\025\373\247\354Tc\304\263\243^\352Gv\\264\261\r\035\226\306\2411\351\233\203\215\200$\231\300f""; ledgerSeq: 22; queryType: qtINDIRECT; ","itype: liBASE; ledgerHash: ""\250\025\373\247\354Tc\304\263\243^\352Gv\\264\261\r\035\226\306\2411\351\233\203\215\200$\231\300f""; ledgerSeq: 22; queryType: qtINDIRECT; "
1750527606459,1750527606459,0,1,0,1,TMValidation,"validation: """"\200\000\000\001&\000\000\000\026)/\351\252\366:p\210\265\307-\212\200\004Q\250\025\373\247\354Tc\304\263\243^\352Gv\\264\261\r\035\226\306\2411\351\233\203\215\200$\231\300fP\027\000\000\000\000\000\000\000\000\000\000\000\000\000\000\000\000\000\000\000\000\000\000\000\000\000\000\000\000\000\000\000\000P\031b&\270&\346ju\200\363N\320\307\004\034\001n\317\361\2653\254\2503\247\305\372\316W\022O\253xs!\002\364d\217\366\217|\316F\232\231\241\n\261\333`\312O\367\235\025DD\336e\367\n\312\326\221\037\025\230vG0E\002!\000\373wg\325\206k\227\212\034\336\330\372S\313w\004\365\327}\020\001\035\332\261\334h\t.\377\347\n\327\002 2\201\020\353D\315y\207\022\000\2300=\213^\000\234\007<\361\037\345\234j\375\267\210\256n\306\030g""; ","validation: """"\200\000\000\001&\000\000\000\026)/\351\252\366:p\210\265\307-\212\200\004Q\250\025\373\247\354Tc\304\263\243^\352Gv\\264\261\r\035\226\306\2411\351\233\203\215\200$\231\300fP\027\000\000\000\000\000\000\000\000\000\000\000\000\000\000\000\000\000\000\000\000\000\000\000\000\000\000\000\000\000\000\000\000P\031b&\270&\346ju\200\363N\320\307\004\034\001n\317\361\2653\254\2503\247\305\372\316W\022O\253xs!\002\364d\217\366\217|\316F\232\231\241\n\261\333`\312O\367\235\025DD\336e\367\n\312\326\221\037\025\230vG0E\002!\000\373wg\325\206k\227\212\034\336\330\372S\313w\004\365\327}\020\001\035\332\261\334h\t.\377\347\n\327\002 2\201\020\353D\315y\207\022\000\2300=\213^\000\234\007<\361\037\345\234j\375\267\210\256n\306\030g""; "
1750527606459,1750527606459,0,1,0,4,TMGetLedger,"itype: liBASE; ledgerHash: ""\250\025\373\247\354Tc\304\263\243^\352Gv\\264\261\r\035\226\306\2411\351\233\203\215\200$\231\300f""; ledgerSeq: 22; queryType: qtINDIRECT; ","itype: liBASE; ledgerHash: ""\250\025\373\247\354Tc\304\263\243^\352Gv\\264\261\r\035\226\306\2411\351\233\203\215\200$\231\300f""; ledgerSeq: 22; queryType: qtINDIRECT; "
1750527606459,1750527606459,0,1,0,2,TMGetLedger,"itype: liBASE; ledgerHash: ""\250\025\373\247\354Tc\304\263\243^\352Gv\\264\261\r\035\226\306\2411\351\233\203\215\200$\231\300f""; ledgerSeq: 22; queryType: qtINDIRECT; ","itype: liBASE; ledgerHash: ""\250\025\373\247\354Tc\304\263\243^\352Gv\\264\261\r\035\226\306\2411\351\233\203\215\200$\231\300f""; ledgerSeq: 22; queryType: qtINDIRECT; "
1750527606460,1750527606460,0,1,0,3,TMGetLedger,"itype: liBASE; ledgerHash: ""\250\025\373\247\354Tc\304\263\243^\352Gv\\264\261\r\035\226\306\2411\351\233\203\215\200$\231\300f""; ledgerSeq: 22; queryType: qtINDIRECT; ","itype: liBASE; ledgerHash: ""\250\025\373\247\354Tc\304\263\243^\352Gv\\264\261\r\035\226\306\2411\351\233\203\215\200$\231\300f""; ledgerSeq: 22; queryType: qtINDIRECT; "
1750527606460,1750527606460,0,1,1,0,TMGetLedger,"itype: liBASE; ledgerHash: ""\250\025\373\247\354Tc\304\263\243^\352Gv\\264\261\r\035\226\306\2411\351\233\203\215\200$\231\300f""; ","itype: liBASE; ledgerHash: ""\250\025\373\247\354Tc\304\263\243^\352Gv\\264\261\r\035\226\306\2411\351\233\203\215\200$\231\300f""; "
1750527606461,1750527606461,0,1,1,3,TMGetLedger,"itype: liBASE; ledgerHash: ""\250\025\373\247\354Tc\304\263\243^\352Gv\\264\261\r\035\226\306\2411\351\233\203\215\200$\231\300f""; ","itype: liBASE; ledgerHash: ""\250\025\373\247\354Tc\304\263\243^\352Gv\\264\261\r\035\226\306\2411\351\233\203\215\200$\231\300f""; "
1750527606461,1750527606461,0,1,1,2,TMGetLedger,"itype: liBASE; ledgerHash: ""\250\025\373\247\354Tc\304\263\243^\352Gv\\264\261\r\035\226\306\2411\351\233\203\215\200$\231\300f""; ","itype: liBASE; ledgerHash: ""\250\025\373\247\354Tc\304\263\243^\352Gv\\264\261\r\035\226\306\2411\351\233\203\215\200$\231\300f""; "
1750527606462,1750527606462,0,1,3,2,TMLedgerData,"ledgerHash: ""\250\025\373\247\354Tc\304\263\243^\352Gv\\264\261\r\035\226\306\2411\351\233\203\215\200$\231\300f""; ledgerSeq: 22; type: liBASE; nodes {;   nodedata: ""\000\000\000\026\001cEx]\211\377\330b&\270&\346ju\200\363N\320\307\004\034\001n\317\361\2653\254\2503\247\305\372\316W\022O\253x\000\000\000\000\000\000\000\000\000\000\000\000\000\000\000\000\000\000\000\000\000\000\000\000\000\000\000\000\000\000\000\000\227\364/D\211?\306|.x\036\2361\206\204\221h\344j\022\230\325Vu/\363\225\312\030%\303\214/\351\252\362/\351\252\363\n\000""; }; nodes {;   nodedata: ""\323C\344\327\264{\312-\017:\006{\177\344N\002\326bO\260\220\006\033\362\345\005U\221DzJ0\001\301\025%1L\307\t\261\262z\374\222T\301\274V\236\223\262\270Ct\362\337b\356\024*\324\320\351\317\002k\336\234\027v\351\217\260\303\360\233ZPZWr\246$w\313\313\r\243r\232\2234\373\3539:N\004Q\245\272D\312D\300\300\t\323\0257\345e\271\na\215{\226\255x%T\257\037\333\004\344_/R\006E\344\037@\210\363\010\336T\226\247'\204_{\261\370""1\235\2445\343\033Y!\212\201\341\272\225'\007_q\320\313\310\314;\375_\237\ne\264\364-\247\027\321\021\250\333\036\353\312}\320\231ucH\233\260\013\003""; }; ","ledgerHash: ""\250\025\373\247\354Tc\304\263\243^\352Gv\\264\261\r\035\226\306\2411\351\233\203\215\200$\231\300f""; ledgerSeq: 22; type: liBASE; nodes {;   nodedata: ""\000\000\000\026\001cEx]\211\377\330b&\270&\346ju\200\363N\320\307\004\034\001n\317\361\2653\254\2503\247\305\372\316W\022O\253x\000\000\000\000\000\000\000\000\000\000\000\000\000\000\000\000\000\000\000\000\000\000\000\000\000\000\000\000\000\000\000\000\227\364/D\211?\306|.x\036\2361\206\204\221h\344j\022\230\325Vu/\363\225\312\030%\303\214/\351\252\362/\351\252\363\n\000""; }; nodes {;   nodedata: ""\323C\344\327\264{\312-\017:\006{\177\344N\002\326bO\260\220\006\033\362\345\005U\221DzJ0\001\301\025%1L\307\t\261\262z\374\222T\301\274V\236\223\262\270Ct\362\337b\356\024*\324\320\351\317\002k\336\234\027v\351\217\260\303\360\233ZPZWr\246$w\313\313\r\243r\232\2234\373\3539:N\004Q\245\272D\312D\300\300\t\323\0257\345e\271\na\215{\226\255x%T\257\037\333\004\344_/R\006E\344\037@\210\363\010\336T\226\247'\204_{\261\370""1\235\2445\343\033Y!\212\201\341\272\225'\007_q\320\313\310\314;\375_\237\ne\264\364-\247\027\321\021\250\333\036\353\312}\320\231ucH\233\260\013\003""; }; "
1750527606462,1750527606462,0,1,1,4,TMGetLedger,"itype: liBASE; ledgerHash: ""\250\025\373\247\354Tc\304\263\243^\352Gv\\264\261\r\035\226\306\2411\351\233\203\215\200$\231\300f""; ","itype: liBASE; ledgerHash: ""\250\025\373\247\354Tc\304\263\243^\352Gv\\264\261\r\035\226\306\2411\351\233\203\215\200$\231\300f""; "
1750527606463,1750527606463,0,1,1,2,TMGetLedger,"itype: liBASE; ledgerHash: ""\250\025\373\247\354Tc\304\263\243^\352Gv\\264\261\r\035\226\306\2411\351\233\203\215\200$\231\300f""; ledgerSeq: 22; queryType: qtINDIRECT; ","itype: liBASE; ledgerHash: ""\250\025\373\247\354Tc\304\263\243^\352Gv\\264\261\r\035\226\306\2411\351\233\203\215\200$\231\300f""; ledgerSeq: 22; queryType: qtINDIRECT; "
1750527606463,1750527606463,0,1,1,2,TMValidation,"validation: """"\200\000\000\001&\000\000\000\026)/\351\252\366:p\210\265\307-\212\200\004Q\250\025\373\247\354Tc\304\263\243^\352Gv\\264\261\r\035\226\306\2411\351\233\203\215\200$\231\300fP\027\000\000\000\000\000\000\000\000\000\000\000\000\000\000\000\000\000\000\000\000\000\000\000\000\000\000\000\000\000\000\000\000P\031b&\270&\346ju\200\363N\320\307\004\034\001n\317\361\2653\254\2503\247\305\372\316W\022O\253xs!\002\364d\217\366\217|\316F\232\231\241\n\261\333`\312O\367\235\025DD\336e\367\n\312\326\221\037\025\230vG0E\002!\000\373wg\325\206k\227\212\034\336\330\372S\313w\004\365\327}\020\001\035\332\261\334h\t.\377\347\n\327\002 2\201\020\353D\315y\207\022\000\2300=\213^\000\234\007<\361\037\345\234j\375\267\210\256n\306\030g""; ","validation: """"\200\000\000\001&\000\000\000\026)/\351\252\366:p\210\265\307-\212\200\004Q\250\025\373\247\354Tc\304\263\243^\352Gv\\264\261\r\035\226\306\2411\351\233\203\215\200$\231\300fP\027\000\000\000\000\000\000\000\000\000\000\000\000\000\000\000\000\000\000\000\000\000\000\000\000\000\000\000\000\000\000\000\000P\031b&\270&\346ju\200\363N\320\307\004\034\001n\317\361\2653\254\2503\247\305\372\316W\022O\253xs!\002\364d\217\366\217|\316F\232\231\241\n\261\333`\312O\367\235\025DD\336e\367\n\312\326\221\037\025\230vG0E\002!\000\373wg\325\206k\227\212\034\336\330\372S\313w\004\365\327}\020\001\035\332\261\334h\t.\377\347\n\327\002 2\201\020\353D\315y\207\022\000\2300=\213^\000\234\007<\361\037\345\234j\375\267\210\256n\306\030g""; "
1750527606464,1750527606464,0,1,1,4,TMGetLedger,"itype: liBASE; ledgerHash: ""\250\025\373\247\354Tc\304\263\243^\352Gv\\264\261\r\035\226\306\2411\351\233\203\215\200$\231\300f""; ledgerSeq: 22; queryType: qtINDIRECT; ","itype: liBASE; ledgerHash: ""\250\025\373\247\354Tc\304\263\243^\352Gv\\264\261\r\035\226\306\2411\351\233\203\215\200$\231\300f""; ledgerSeq: 22; queryType: qtINDIRECT; "
1750527606464,1750527606464,0,1,1,4,TMValidation,"validation: """"\200\000\000\001&\000\000\000\026)/\351\252\366:p\210\265\307-\212\200\004Q\250\025\373\247\354Tc\304\263\243^\352Gv\\264\261\r\035\226\306\2411\351\233\203\215\200$\231\300fP\027\000\000\000\000\000\000\000\000\000\000\000\000\000\000\000\000\000\000\000\000\000\000\000\000\000\000\000\000\000\000\000\000P\031b&\270&\346ju\200\363N\320\307\004\034\001n\317\361\2653\254\2503\247\305\372\316W\022O\253xs!\002\364d\217\366\217|\316F\232\231\241\n\261\333`\312O\367\235\025DD\336e\367\n\312\326\221\037\025\230vG0E\002!\000\373wg\325\206k\227\212\034\336\330\372S\313w\004\365\327}\020\001\035\332\261\334h\t.\377\347\n\327\002 2\201\020\353D\315y\207\022\000\2300=\213^\000\234\007<\361\037\345\234j\375\267\210\256n\306\030g""; ","validation: """"\200\000\000\001&\000\000\000\026)/\351\252\366:p\210\265\307-\212\200\004Q\250\025\373\247\354Tc\304\263\243^\352Gv\\264\261\r\035\226\306\2411\351\233\203\215\200$\231\300fP\027\000\000\000\000\000\000\000\000\000\000\000\000\000\000\000\000\000\000\000\000\000\000\000\000\000\000\000\000\000\000\000\000P\031b&\270&\346ju\200\363N\320\307\004\034\001n\317\361\2653\254\2503\247\305\372\316W\022O\253xs!\002\364d\217\366\217|\316F\232\231\241\n\261\333`\312O\367\235\025DD\336e\367\n\312\326\221\037\025\230vG0E\002!\000\373wg\325\206k\227\212\034\336\330\372S\313w\004\365\327}\020\001\035\332\261\334h\t.\377\347\n\327\002 2\201\020\353D\315y\207\022\000\2300=\213^\000\234\007<\361\037\345\234j\375\267\210\256n\306\030g""; "
1750527606464,1750527606465,0,1,0,3,TMGetLedger,"itype: liBASE; ledgerHash: ""\250\025\373\247\354Tc\304\263\243^\352Gv\\264\261\r\035\226\306\2411\351\233\203\215\200$\231\300f""; requestCookie: 5; queryType: qtINDIRECT; ","itype: liBASE; ledgerHash: ""\250\025\373\247\354Tc\304\263\243^\352Gv\\264\261\r\035\226\306\2411\351\233\203\215\200$\231\300f""; requestCookie: 5; queryType: qtINDIRECT; "
1750527606465,1750527606465,0,1,3,4,TMLedgerData,"ledgerHash: ""\250\025\373\247\354Tc\304\263\243^\352Gv\\264\261\r\035\226\306\2411\351\233\203\215\200$\231\300f""; ledgerSeq: 22; type: liBASE; nodes {;   nodedata: ""\000\000\000\026\001cEx]\211\377\330b&\270&\346ju\200\363N\320\307\004\034\001n\317\361\2653\254\2503\247\305\372\316W\022O\253x\000\000\000\000\000\000\000\000\000\000\000\000\000\000\000\000\000\000\000\000\000\000\000\000\000\000\000\000\000\000\000\000\227\364/D\211?\306|.x\036\2361\206\204\221h\344j\022\230\325Vu/\363\225\312\030%\303\214/\351\252\362/\351\252\363\n\000""; }; nodes {;   nodedata: ""\323C\344\327\264{\312-\017:\006{\177\344N\002\326bO\260\220\006\033\362\345\005U\221DzJ0\001\301\025%1L\307\t\261\262z\374\222T\301\274V\236\223\262\270Ct\362\337b\356\024*\324\320\351\317\002k\336\234\027v\351\217\260\303\360\233ZPZWr\246$w\313\313\r\243r\232\2234\373\3539:N\004Q\245\272D\312D\300\300\t\323\0257\345e\271\na\215{\226\255x%T\257\037\333\004\344_/R\006E\344\037@\210\363\010\336T\226\247'\204_{\261\370""1\235\2445\343\033Y!\212\201\341\272\225'\007_q\320\313\310\314;\375_\237\ne\264\364-\247\027\321\021\250\333\036\353\312}\320\231ucH\233\260\013\003""; }; ","ledgerHash: ""\250\025\373\247\354Tc\304\263\243^\352Gv\\264\261\r\035\226\306\2411\351\233\203\215\200$\231\300f""; ledgerSeq: 22; type: liBASE; nodes {;   nodedata: ""\000\000\000\026\001cEx]\211\377\330b&\270&\346ju\200\363N\320\307\004\034\001n\317\361\2653\254\2503\247\305\372\316W\022O\253x\000\000\000\000\000\000\000\000\000\000\000\000\000\000\000\000\000\000\000\000\000\000\000\000\000\000\000\000\000\000\000\000\227\364/D\211?\306|.x\036\2361\206\204\221h\344j\022\230\325Vu/\363\225\312\030%\303\214/\351\252\362/\351\252\363\n\000""; }; nodes {;   nodedata: ""\323C\344\327\264{\312-\017:\006{\177\344N\002\326bO\260\220\006\033\362\345\005U\221DzJ0\001\301\025%1L\307\t\261\262z\374\222T\301\274V\236\223\262\270Ct\362\337b\356\024*\324\320\351\317\002k\336\234\027v\351\217\260\303\360\233ZPZWr\246$w\313\313\r\243r\232\2234\373\3539:N\004Q\245\272D\312D\300\300\t\323\0257\345e\271\na\215{\226\255x%T\257\037\333\004\344_/R\006E\344\037@\210\363\010\336T\226\247'\204_{\261\370""1\235\2445\343\033Y!\212\201\341\272\225'\007_q\320\313\310\314;\375_\237\ne\264\364-\247\027\321\021\250\333\036\353\312}\320\231ucH\233\260\013\003""; }; "
1750527606465,1750527606466,0,1,3,4,TMLedgerData,"ledgerHash: ""\250\025\373\247\354Tc\304\263\243^\352Gv\\264\261\r\035\226\306\2411\351\233\203\215\200$\231\300f""; ledgerSeq: 22; type: liBASE; nodes {;   nodedata: ""\000\000\000\026\001cEx]\211\377\330b&\270&\346ju\200\363N\320\307\004\034\001n\317\361\2653\254\2503\247\305\372\316W\022O\253x\000\000\000\000\000\000\000\000\000\000\000\000\000\000\000\000\000\000\000\000\000\000\000\000\000\000\000\000\000\000\000\000\227\364/D\211?\306|.x\036\2361\206\204\221h\344j\022\230\325Vu/\363\225\312\030%\303\214/\351\252\362/\351\252\363\n\000""; }; nodes {;   nodedata: ""\323C\344\327\264{\312-\017:\006{\177\344N\002\326bO\260\220\006\033\362\345\005U\221DzJ0\001\301\025%1L\307\t\261\262z\374\222T\301\274V\236\223\262\270Ct\362\337b\356\024*\324\320\351\317\002k\336\234\027v\351\217\260\303\360\233ZPZWr\246$w\313\313\r\243r\232\2234\373\3539:N\004Q\245\272D\312D\300\300\t\323\0257\345e\271\na\215{\226\255x%T\257\037\333\004\344_/R\006E\344\037@\210\363\010\336T\226\247'\204_{\261\370""1\235\2445\343\033Y!\212\201\341\272\225'\007_q\320\313\310\314;\375_\237\ne\264\364-\247\027\321\021\250\333\036\353\312}\320\231ucH\233\260\013\003""; }; ","ledgerHash: ""\250\025\373\247\354Tc\304\263\243^\352Gv\\264\261\r\035\226\306\2411\351\233\203\215\200$\231\300f""; ledgerSeq: 22; type: liBASE; nodes {;   nodedata: ""\000\000\000\026\001cEx]\211\377\330b&\270&\346ju\200\363N\320\307\004\034\001n\317\361\2653\254\2503\247\305\372\316W\022O\253x\000\000\000\000\000\000\000\000\000\000\000\000\000\000\000\000\000\000\000\000\000\000\000\000\000\000\000\000\000\000\000\000\227\364/D\211?\306|.x\036\2361\206\204\221h\344j\022\230\325Vu/\363\225\312\030%\303\214/\351\252\362/\351\252\363\n\000""; }; nodes {;   nodedata: ""\323C\344\327\264{\312-\017:\006{\177\344N\002\326bO\260\220\006\033\362\345\005U\221DzJ0\001\301\025%1L\307\t\261\262z\374\222T\301\274V\236\223\262\270Ct\362\337b\356\024*\324\320\351\317\002k\336\234\027v\351\217\260\303\360\233ZPZWr\246$w\313\313\r\243r\232\2234\373\3539:N\004Q\245\272D\312D\300\300\t\323\0257\345e\271\na\215{\226\255x%T\257\037\333\004\344_/R\006E\344\037@\210\363\010\336T\226\247'\204_{\261\370""1\235\2445\343\033Y!\212\201\341\272\225'\007_q\320\313\310\314;\375_\237\ne\264\364-\247\027\321\021\250\333\036\353\312}\320\231ucH\233\260\013\003""; }; "
1750527606466,1750527606466,0,1,0,3,TMGetLedger,"itype: liBASE; ledgerHash: ""\250\025\373\247\354Tc\304\263\243^\352Gv\\264\261\r\035\226\306\2411\351\233\203\215\200$\231\300f""; ledgerSeq: 22; requestCookie: 3; queryType: qtINDIRECT; ","itype: liBASE; ledgerHash: ""\250\025\373\247\354Tc\304\263\243^\352Gv\\264\261\r\035\226\306\2411\351\233\203\215\200$\231\300f""; ledgerSeq: 22; requestCookie: 3; queryType: qtINDIRECT; "
1750527606467,1750527606467,0,1,4,3,TMGetLedger,"itype: liBASE; ledgerHash: ""\250\025\373\247\354Tc\304\263\243^\352Gv\\264\261\r\035\226\306\2411\351\233\203\215\200$\231\300f""; ledgerSeq: 22; requestCookie: 3; queryType: qtINDIRECT; ","itype: liBASE; ledgerHash: ""\250\025\373\247\354Tc\304\263\243^\352Gv\\264\261\r\035\226\306\2411\351\233\203\215\200$\231\300f""; ledgerSeq: 22; requestCookie: 3; queryType: qtINDIRECT; "
1750527606467,1750527606467,0,1,3,2,TMLedgerData,"ledgerHash: ""\250\025\373\247\354Tc\304\263\243^\352Gv\\264\261\r\035\226\306\2411\351\233\203\215\200$\231\300f""; ledgerSeq: 22; type: liBASE; nodes {;   nodedata: ""\000\000\000\026\001cEx]\211\377\330b&\270&\346ju\200\363N\320\307\004\034\001n\317\361\2653\254\2503\247\305\372\316W\022O\253x\000\000\000\000\000\000\000\000\000\000\000\000\000\000\000\000\000\000\000\000\000\000\000\000\000\000\000\000\000\000\000\000\227\364/D\211?\306|.x\036\2361\206\204\221h\344j\022\230\325Vu/\363\225\312\030%\303\214/\351\252\362/\351\252\363\n\000""; }; nodes {;   nodedata: ""\323C\344\327\264{\312-\017:\006{\177\344N\002\326bO\260\220\006\033\362\345\005U\221DzJ0\001\301\025%1L\307\t\261\262z\374\222T\301\274V\236\223\262\270Ct\362\337b\356\024*\324\320\351\317\002k\336\234\027v\351\217\260\303\360\233ZPZWr\246$w\313\313\r\243r\232\2234\373\3539:N\004Q\245\272D\312D\300\300\t\323\0257\345e\271\na\215{\226\255x%T\257\037\333\004\344_/R\006E\344\037@\210\363\010\336T\226\247'\204_{\261\370""1\235\2445\343\033Y!\212\201\341\272\225'\007_q\320\313\310\314;\375_\237\ne\264\364-\247\027\321\021\250\333\036\353\312}\320\231ucH\233\260\013\003""; }; ","ledgerHash: ""\250\025\373\247\354Tc\304\263\243^\352Gv\\264\261\r\035\226\306\2411\351\233\203\215\200$\231\300f""; ledgerSeq: 22; type: liBASE; nodes {;   nodedata: ""\000\000\000\026\001cEx]\211\377\330b&\270&\346ju\200\363N\320\307\004\034\001n\317\361\2653\254\2503\247\305\372\316W\022O\253x\000\000\000\000\000\000\000\000\000\000\000\000\000\000\000\000\000\000\000\000\000\000\000\000\000\000\000\000\000\000\000\000\227\364/D\211?\306|.x\036\2361\206\204\221h\344j\022\230\325Vu/\363\225\312\030%\303\214/\351\252\362/\351\252\363\n\000""; }; nodes {;   nodedata: ""\323C\344\327\264{\312-\017:\006{\177\344N\002\326bO\260\220\006\033\362\345\005U\221DzJ0\001\301\025%1L\307\t\261\262z\374\222T\301\274V\236\223\262\270Ct\362\337b\356\024*\324\320\351\317\002k\336\234\027v\351\217\260\303\360\233ZPZWr\246$w\313\313\r\243r\232\2234\373\3539:N\004Q\245\272D\312D\300\300\t\323\0257\345e\271\na\215{\226\255x%T\257\037\333\004\344_/R\006E\344\037@\210\363\010\336T\226\247'\204_{\261\370""1\235\2445\343\033Y!\212\201\341\272\225'\007_q\320\313\310\314;\375_\237\ne\264\364-\247\027\321\021\250\333\036\353\312}\320\231ucH\233\260\013\003""; }; "
1750527606468,1750527606468,0,1,1,0,TMGetLedger,"itype: liBASE; ledgerHash: ""\250\025\373\247\354Tc\304\263\243^\352Gv\\264\261\r\035\226\306\2411\351\233\203\215\200$\231\300f""; ledgerSeq: 22; queryType: qtINDIRECT; ","itype: liBASE; ledgerHash: ""\250\025\373\247\354Tc\304\263\243^\352Gv\\264\261\r\035\226\306\2411\351\233\203\215\200$\231\300f""; ledgerSeq: 22; queryType: qtINDIRECT; "
1750527606468,1750527606468,0,1,1,0,TMValidation,"validation: """"\200\000\000\001&\000\000\000\026)/\351\252\366:p\210\265\307-\212\200\004Q\250\025\373\247\354Tc\304\263\243^\352Gv\\264\261\r\035\226\306\2411\351\233\203\215\200$\231\300fP\027\000\000\000\000\000\000\000\000\000\000\000\000\000\000\000\000\000\000\000\000\000\000\000\000\000\000\000\000\000\000\000\000P\031b&\270&\346ju\200\363N\320\307\004\034\001n\317\361\2653\254\2503\247\305\372\316W\022O\253xs!\002\364d\217\366\217|\316F\232\231\241\n\261\333`\312O\367\235\025DD\336e\367\n\312\326\221\037\025\230vG0E\002!\000\373wg\325\206k\227\212\034\336\330\372S\313w\004\365\327}\020\001\035\332\261\334h\t.\377\347\n\327\002 2\201\020\353D\315y\207\022\000\2300=\213^\000\234\007<\361\037\345\234j\375\267\210\256n\306\030g""; ","validation: """"\200\000\000\001&\000\000\000\026)/\351\252\366:p\210\265\307-\212\200\004Q\250\025\373\247\354Tc\304\263\243^\352Gv\\264\261\r\035\226\306\2411\351\233\203\215\200$\231\300fP\027\000\000\000\000\000\000\000\000\000\000\000\000\000\000\000\000\000\000\000\000\000\000\000\000\000\000\000\000\000\000\000\000P\031b&\270&\346ju\200\363N\320\307\004\034\001n\317\361\2653\254\2503\247\305\372\316W\022O\253xs!\002\364d\217\366\217|\316F\232\231\241\n\261\333`\312O\367\235\025DD\336e\367\n\312\326\221\037\025\230vG0E\002!\000\373wg\325\206k\227\212\034\336\330\372S\313w\004\365\327}\020\001\035\332\261\334h\t.\377\347\n\327\002 2\201\020\353D\315y\207\022\000\2300=\213^\000\234\007<\361\037\345\234j\375\267\210\256n\306\030g""; "
1750527606469,1750527606469,0,1,3,0,TMLedgerData,"ledgerHash: ""\250\025\373\247\354Tc\304\263\243^\352Gv\\264\261\r\035\226\306\2411\351\233\203\215\200$\231\300f""; ledgerSeq: 22; type: liBASE; nodes {;   nodedata: ""\000\000\000\026\001cEx]\211\377\330b&\270&\346ju\200\363N\320\307\004\034\001n\317\361\2653\254\2503\247\305\372\316W\022O\253x\000\000\000\000\000\000\000\000\000\000\000\000\000\000\000\000\000\000\000\000\000\000\000\000\000\000\000\000\000\000\000\000\227\364/D\211?\306|.x\036\2361\206\204\221h\344j\022\230\325Vu/\363\225\312\030%\303\214/\351\252\362/\351\252\363\n\000""; }; nodes {;   nodedata: ""\323C\344\327\264{\312-\017:\006{\177\344N\002\326bO\260\220\006\033\362\345\005U\221DzJ0\001\301\025%1L\307\t\261\262z\374\222T\301\274V\236\223\262\270Ct\362\337b\356\024*\324\320\351\317\002k\336\234\027v\351\217\260\303\360\233ZPZWr\246$w\313\313\r\243r\232\2234\373\3539:N\004Q\245\272D\312D\300\300\t\323\0257\345e\271\na\215{\226\255x%T\257\037\333\004\344_/R\006E\344\037@\210\363\010\336T\226\247'\204_{\261\370""1\235\2445\343\033Y!\212\201\341\272\225'\007_q\320\313\310\314;\375_\237\ne\264\364-\247\027\321\021\250\333\036\353\312}\320\231ucH\233\260\013\003""; }; ","ledgerHash: ""\250\025\373\247\354Tc\304\263\243^\352Gv\\264\261\r\035\226\306\2411\351\233\203\215\200$\231\300f""; ledgerSeq: 22; type: liBASE; nodes {;   nodedata: ""\000\000\000\026\001cEx]\211\377\330b&\270&\346ju\200\363N\320\307\004\034\001n\317\361\2653\254\2503\247\305\372\316W\022O\253x\000\000\000\000\000\000\000\000\000\000\000\000\000\000\000\000\000\000\000\000\000\000\000\000\000\000\000\000\000\000\000\000\227\364/D\211?\306|.x\036\2361\206\204\221h\344j\022\230\325Vu/\363\225\312\030%\303\214/\351\252\362/\351\252\363\n\000""; }; nodes {;   nodedata: ""\323C\344\327\264{\312-\017:\006{\177\344N\002\326bO\260\220\006\033\362\345\005U\221DzJ0\001\301\025%1L\307\t\261\262z\374\222T\301\274V\236\223\262\270Ct\362\337b\356\024*\324\320\351\317\002k\336\234\027v\351\217\260\303\360\233ZPZWr\246$w\313\313\r\243r\232\2234\373\3539:N\004Q\245\272D\312D\300\300\t\323\0257\345e\271\na\215{\226\255x%T\257\037\333\004\344_/R\006E\344\037@\210\363\010\336T\226\247'\204_{\261\370""1\235\2445\343\033Y!\212\201\341\272\225'\007_q\320\313\310\314;\375_\237\ne\264\364-\247\027\321\021\250\333\036\353\312}\320\231ucH\233\260\013\003""; }; "
1750527606469,1750527606469,0,1,4,3,TMGetLedger,"itype: liBASE; ledgerHash: ""\250\025\373\247\354Tc\304\263\243^\352Gv\\264\261\r\035\226\306\2411\351\233\203\215\200$\231\300f""; ledgerSeq: 22; requestCookie: 1; queryType: qtINDIRECT; ","itype: liBASE; ledgerHash: ""\250\025\373\247\354Tc\304\263\243^\352Gv\\264\261\r\035\226\306\2411\351\233\203\215\200$\231\300f""; ledgerSeq: 22; requestCookie: 1; queryType: qtINDIRECT; "
1750527606470,1750527606470,0,1,3,0,TMLedgerData,"ledgerHash: ""\250\025\373\247\354Tc\304\263\243^\352Gv\\264\261\r\035\226\306\2411\351\233\203\215\200$\231\300f""; ledgerSeq: 22; type: liBASE; nodes {;   nodedata: ""\000\000\000\026\001cEx]\211\377\330b&\270&\346ju\200\363N\320\307\004\034\001n\317\361\2653\254\2503\247\305\372\316W\022O\253x\000\000\000\000\000\000\000\000\000\000\000\000\000\000\000\000\000\000\000\000\000\000\000\000\000\000\000\000\000\000\000\000\227\364/D\211?\306|.x\036\2361\206\204\221h\344j\022\230\325Vu/\363\225\312\030%\303\214/\351\252\362/\351\252\363\n\000""; }; nodes {;   nodedata: ""\323C\344\327\264{\312-\017:\006{\177\344N\002\326bO\260\220\006\033\362\345\005U\221DzJ0\001\301\025%1L\307\t\261\262z\374\222T\301\274V\236\223\262\270Ct\362\337b\356\024*\324\320\351\317\002k\336\234\027v\351\217\260\303\360\233ZPZWr\246$w\313\313\r\243r\232\2234\373\3539:N\004Q\245\272D\312D\300\300\t\323\0257\345e\271\na\215{\226\255x%T\257\037\333\004\344_/R\006E\344\037@\210\363\010\336T\226\247'\204_{\261\370""1\235\2445\343\033Y!\212\201\341\272\225'\007_q\320\313\310\314;\375_\237\ne\264\364-\247\027\321\021\250\333\036\353\312}\320\231ucH\233\260\013\003""; }; ","ledgerHash: ""\250\025\373\247\354Tc\304\263\243^\352Gv\\264\261\r\035\226\306\2411\351\233\203\215\200$\231\300f""; ledgerSeq: 22; type: liBASE; nodes {;   nodedata: ""\000\000\000\026\001cEx]\211\377\330b&\270&\346ju\200\363N\320\307\004\034\001n\317\361\2653\254\2503\247\305\372\316W\022O\253x\000\000\000\000\000\000\000\000\000\000\000\000\000\000\000\000\000\000\000\000\000\000\000\000\000\000\000\000\000\000\000\000\227\364/D\211?\306|.x\036\2361\206\204\221h\344j\022\230\325Vu/\363\225\312\030%\303\214/\351\252\362/\351\252\363\n\000""; }; nodes {;   nodedata: ""\323C\344\327\264{\312-\017:\006{\177\344N\002\326bO\260\220\006\033\362\345\005U\221DzJ0\001\301\025%1L\307\t\261\262z\374\222T\301\274V\236\223\262\270Ct\362\337b\356\024*\324\320\351\317\002k\336\234\027v\351\217\260\303\360\233ZPZWr\246$w\313\313\r\243r\232\2234\373\3539:N\004Q\245\272D\312D\300\300\t\323\0257\345e\271\na\215{\226\255x%T\257\037\333\004\344_/R\006E\344\037@\210\363\010\336T\226\247'\204_{\261\370""1\235\2445\343\033Y!\212\201\341\272\225'\007_q\320\313\310\314;\375_\237\ne\264\364-\247\027\321\021\250\333\036\353\312}\320\231ucH\233\260\013\003""; }; "
1750527606470,1750527606470,0,1,3,1,TMLedgerData,"ledgerHash: ""\250\025\373\247\354Tc\304\263\243^\352Gv\\264\261\r\035\226\306\2411\351\233\203\215\200$\231\300f""; ledgerSeq: 22; type: liBASE; nodes {;   nodedata: ""\000\000\000\026\001cEx]\211\377\330b&\270&\346ju\200\363N\320\307\004\034\001n\317\361\2653\254\2503\247\305\372\316W\022O\253x\000\000\000\000\000\000\000\000\000\000\000\000\000\000\000\000\000\000\000\000\000\000\000\000\000\000\000\000\000\000\000\000\227\364/D\211?\306|.x\036\2361\206\204\221h\344j\022\230\325Vu/\363\225\312\030%\303\214/\351\252\362/\351\252\363\n\000""; }; nodes {;   nodedata: ""\323C\344\327\264{\312-\017:\006{\177\344N\002\326bO\260\220\006\033\362\345\005U\221DzJ0\001\301\025%1L\307\t\261\262z\374\222T\301\274V\236\223\262\270Ct\362\337b\356\024*\324\320\351\317\002k\336\234\027v\351\217\260\303\360\233ZPZWr\246$w\313\313\r\243r\232\2234\373\3539:N\004Q\245\272D\312D\300\300\t\323\0257\345e\271\na\215{\226\255x%T\257\037\333\004\344_/R\006E\344\037@\210\363\010\336T\226\247'\204_{\261\370""1\235\2445\343\033Y!\212\201\341\272\225'\007_q\320\313\310\314;\375_\237\ne\264\364-\247\027\321\021\250\333\036\353\312}\320\231ucH\233\260\013\003""; }; ","ledgerHash: ""\250\025\373\247\354Tc\304\263\243^\352Gv\\264\261\r\035\226\306\2411\351\233\203\215\200$\231\300f""; ledgerSeq: 22; type: liBASE; nodes {;   nodedata: ""\000\000\000\026\001cEx]\211\377\330b&\270&\346ju\200\363N\320\307\004\034\001n\317\361\2653\254\2503\247\305\372\316W\022O\253x\000\000\000\000\000\000\000\000\000\000\000\000\000\000\000\000\000\000\000\000\000\000\000\000\000\000\000\000\000\000\000\000\227\364/D\211?\306|.x\036\2361\206\204\221h\344j\022\230\325Vu/\363\225\312\030%\303\214/\351\252\362/\351\252\363\n\000""; }; nodes {;   nodedata: ""\323C\344\327\264{\312-\017:\006{\177\344N\002\326bO\260\220\006\033\362\345\005U\221DzJ0\001\301\025%1L\307\t\261\262z\374\222T\301\274V\236\223\262\270Ct\362\337b\356\024*\324\320\351\317\002k\336\234\027v\351\217\260\303\360\233ZPZWr\246$w\313\313\r\243r\232\2234\373\3539:N\004Q\245\272D\312D\300\300\t\323\0257\345e\271\na\215{\226\255x%T\257\037\333\004\344_/R\006E\344\037@\210\363\010\336T\226\247'\204_{\261\370""1\235\2445\343\033Y!\212\201\341\272\225'\007_q\320\313\310\314;\375_\237\ne\264\364-\247\027\321\021\250\333\036\353\312}\320\231ucH\233\260\013\003""; }; "
1750527606471,1750527606471,0,1,2,3,TMGetLedger,"itype: liBASE; ledgerHash: ""\250\025\373\247\354Tc\304\263\243^\352Gv\\264\261\r\035\226\306\2411\351\233\203\215\200$\231\300f""; ledgerSeq: 22; requestCookie: 2; queryType: qtINDIRECT; ","itype: liBASE; ledgerHash: ""\250\025\373\247\354Tc\304\263\243^\352Gv\\264\261\r\035\226\306\2411\351\233\203\215\200$\231\300f""; ledgerSeq: 22; requestCookie: 2; queryType: qtINDIRECT; "
1750527606471,1750527606471,0,1,2,3,TMGetLedger,"itype: liBASE; ledgerHash: ""\250\025\373\247\354Tc\304\263\243^\352Gv\\264\261\r\035\226\306\2411\351\233\203\215\200$\231\300f""; requestCookie: 5; queryType: qtINDIRECT; ","itype: liBASE; ledgerHash: ""\250\025\373\247\354Tc\304\263\243^\352Gv\\264\261\r\035\226\306\2411\351\233\203\215\200$\231\300f""; requestCookie: 5; queryType: qtINDIRECT; "
1750527606472,1750527606472,0,1,4,3,TMGetLedger,"itype: liBASE; ledgerHash: ""\250\025\373\247\354Tc\304\263\243^\352Gv\\264\261\r\035\226\306\2411\351\233\203\215\200$\231\300f""; ledgerSeq: 22; requestCookie: 2; queryType: qtINDIRECT; ","itype: liBASE; ledgerHash: ""\250\025\373\247\354Tc\304\263\243^\352Gv\\264\261\r\035\226\306\2411\351\233\203\215\200$\231\300f""; ledgerSeq: 22; requestCookie: 2; queryType: qtINDIRECT; "
1750527606472,1750527606473,0,1,3,0,TMLedgerData,"ledgerHash: ""\250\025\373\247\354Tc\304\263\243^\352Gv\\264\261\r\035\226\306\2411\351\233\203\215\200$\231\300f""; ledgerSeq: 22; type: liBASE; nodes {;   nodedata: ""\000\000\000\026\001cEx]\211\377\330b&\270&\346ju\200\363N\320\307\004\034\001n\317\361\2653\254\2503\247\305\372\316W\022O\253x\000\000\000\000\000\000\000\000\000\000\000\000\000\000\000\000\000\000\000\000\000\000\000\000\000\000\000\000\000\000\000\000\227\364/D\211?\306|.x\036\2361\206\204\221h\344j\022\230\325Vu/\363\225\312\030%\303\214/\351\252\362/\351\252\363\n\000""; }; nodes {;   nodedata: ""\323C\344\327\264{\312-\017:\006{\177\344N\002\326bO\260\220\006\033\362\345\005U\221DzJ0\001\301\025%1L\307\t\261\262z\374\222T\301\274V\236\223\262\270Ct\362\337b\356\024*\324\320\351\317\002k\336\234\027v\351\217\260\303\360\233ZPZWr\246$w\313\313\r\243r\232\2234\373\3539:N\004Q\245\272D\312D\300\300\t\323\0257\345e\271\na\215{\226\255x%T\257\037\333\004\344_/R\006E\344\037@\210\363\010\336T\226\247'\204_{\261\370""1\235\2445\343\033Y!\212\201\341\272\225'\007_q\320\313\310\314;\375_\237\ne\264\364-\247\027\321\021\250\333\036\353\312}\320\231ucH\233\260\013\003""; }; requestCookie: 5; ","ledgerHash: ""\250\025\373\247\354Tc\304\263\243^\352Gv\\264\261\r\035\226\306\2411\351\233\203\215\200$\231\300f""; ledgerSeq: 22; type: liBASE; nodes {;   nodedata: ""\000\000\000\026\001cEx]\211\377\330b&\270&\346ju\200\363N\320\307\004\034\001n\317\361\2653\254\2503\247\305\372\316W\022O\253x\000\000\000\000\000\000\000\000\000\000\000\000\000\000\000\000\000\000\000\000\000\000\000\000\000\000\000\000\000\000\000\000\227\364/D\211?\306|.x\036\2361\206\204\221h\344j\022\230\325Vu/\363\225\312\030%\303\214/\351\252\362/\351\252\363\n\000""; }; nodes {;   nodedata: ""\323C\344\327\264{\312-\017:\006{\177\344N\002\326bO\260\220\006\033\362\345\005U\221DzJ0\001\301\025%1L\307\t\261\262z\374\222T\301\274V\236\223\262\270Ct\362\337b\356\024*\324\320\351\317\002k\336\234\027v\351\217\260\303\360\233ZPZWr\246$w\313\313\r\243r\232\2234\373\3539:N\004Q\245\272D\312D\300\300\t\323\0257\345e\271\na\215{\226\255x%T\257\037\333\004\344_/R\006E\344\037@\210\363\010\336T\226\247'\204_{\261\370""1\235\2445\343\033Y!\212\201\341\272\225'\007_q\320\313\310\314;\375_\237\ne\264\364-\247\027\321\021\250\333\036\353\312}\320\231ucH\233\260\013\003""; }; requestCookie: 5; "
1750527606473,1750527606473,0,1,4,3,TMGetLedger,"itype: liAS_NODE; ledgerHash: ""\250\025\373\247\354Tc\304\263\243^\352Gv\\264\261\r\035\226\306\2411\351\233\203\215\200$\231\300f""; ledgerSeq: 22; nodeIDs: ""\260\000\000\000\000\000\000\000\000\000\000\000\000\000\000\000\000\000\000\000\000\000\000\000\000\000\000\000\000\000\000\000\001""; queryType: qtINDIRECT; queryDepth: 1; ","itype: liAS_NODE; ledgerHash: ""\250\025\373\247\354Tc\304\263\243^\352Gv\\264\261\r\035\226\306\2411\351\233\203\215\200$\231\300f""; ledgerSeq: 22; nodeIDs: ""\260\000\000\000\000\000\000\000\000\000\000\000\000\000\000\000\000\000\000\000\000\000\000\000\000\000\000\000\000\000\000\000\001""; queryType: qtINDIRECT; queryDepth: 1; "
1750527606474,1750527606474,0,1,3,0,TMLedgerData,"ledgerHash: ""\250\025\373\247\354Tc\304\263\243^\352Gv\\264\261\r\035\226\306\2411\351\233\203\215\200$\231\300f""; ledgerSeq: 22; type: liBASE; nodes {;   nodedata: ""\000\000\000\026\001cEx]\211\377\330b&\270&\346ju\200\363N\320\307\004\034\001n\317\361\2653\254\2503\247\305\372\316W\022O\253x\000\000\000\000\000\000\000\000\000\000\000\000\000\000\000\000\000\000\000\000\000\000\000\000\000\000\000\000\000\000\000\000\227\364/D\211?\306|.x\036\2361\206\204\221h\344j\022\230\325Vu/\363\225\312\030%\303\214/\351\252\362/\351\252\363\n\000""; }; nodes {;   nodedata: ""\323C\344\327\264{\312-\017:\006{\177\344N\002\326bO\260\220\006\033\362\345\005U\221DzJ0\001\301\025%1L\307\t\261\262z\374\222T\301\274V\236\223\262\270Ct\362\337b\356\024*\324\320\351\317\002k\336\234\027v\351\217\260\303\360\233ZPZWr\246$w\313\313\r\243r\232\2234\373\3539:N\004Q\245\272D\312D\300\300\t\323\0257\345e\271\na\215{\226\255x%T\257\037\333\004\344_/R\006E\344\037@\210\363\010\336T\226\247'\204_{\261\370""1\235\2445\343\033Y!\212\201\341\272\225'\007_q\320\313\310\314;\375_\237\ne\264\364-\247\027\321\021\250\333\036\353\312}\320\231ucH\233\260\013\003""; }; requestCookie: 3; ","ledgerHash: ""\250\025\373\247\354Tc\304\263\243^\352Gv\\264\261\r\035\226\306\2411\351\233\203\215\200$\231\300f""; ledgerSeq: 22; type: liBASE; nodes {;   nodedata: ""\000\000\000\026\001cEx]\211\377\330b&\270&\346ju\200\363N\320\307\004\034\001n\317\361\2653\254\2503\247\305\372\316W\022O\253x\000\000\000\000\000\000\000\000\000\000\000\000\000\000\000\000\000\000\000\000\000\000\000\000\000\000\000\000\000\000\000\000\227\364/D\211?\306|.x\036\2361\206\204\221h\344j\022\230\325Vu/\363\225\312\030%\303\214/\351\252\362/\351\252\363\n\000""; }; nodes {;   nodedata: ""\323C\344\327\264{\312-\017:\006{\177\344N\002\326bO\260\220\006\033\362\345\005U\221DzJ0\001\301\025%1L\307\t\261\262z\374\222T\301\274V\236\223\262\270Ct\362\337b\356\024*\324\320\351\317\002k\336\234\027v\351\217\260\303\360\233ZPZWr\246$w\313\313\r\243r\232\2234\373\3539:N\004Q\245\272D\312D\300\300\t\323\0257\345e\271\na\215{\226\255x%T\257\037\333\004\344_/R\006E\344\037@\210\363\010\336T\226\247'\204_{\261\370""1\235\2445\343\033Y!\212\201\341\272\225'\007_q\320\313\310\314;\375_\237\ne\264\364-\247\027\321\021\250\333\036\353\312}\320\231ucH\233\260\013\003""; }; requestCookie: 3; "
1750527606474,1750527606475,0,1,3,4,TMLedgerData,"ledgerHash: ""\250\025\373\247\354Tc\304\263\243^\352Gv\\264\261\r\035\226\306\2411\351\233\203\215\200$\231\300f""; ledgerSeq: 22; type: liBASE; nodes {;   nodedata: ""\000\000\000\026\001cEx]\211\377\330b&\270&\346ju\200\363N\320\307\004\034\001n\317\361\2653\254\2503\247\305\372\316W\022O\253x\000\000\000\000\000\000\000\000\000\000\000\000\000\000\000\000\000\000\000\000\000\000\000\000\000\000\000\000\000\000\000\000\227\364/D\211?\306|.x\036\2361\206\204\221h\344j\022\230\325Vu/\363\225\312\030%\303\214/\351\252\362/\351\252\363\n\000""; }; nodes {;   nodedata: ""\323C\344\327\264{\312-\017:\006{\177\344N\002\326bO\260\220\006\033\362\345\005U\221DzJ0\001\301\025%1L\307\t\261\262z\374\222T\301\274V\236\223\262\270Ct\362\337b\356\024*\324\320\351\317\002k\336\234\027v\351\217\260\303\360\233ZPZWr\246$w\313\313\r\243r\232\2234\373\3539:N\004Q\245\272D\312D\300\300\t\323\0257\345e\271\na\215{\226\255x%T\257\037\333\004\344_/R\006E\344\037@\210\363\010\336T\226\247'\204_{\261\370""1\235\2445\343\033Y!\212\201\341\272\225'\007_q\320\313\310\314;\375_\237\ne\264\364-\247\027\321\021\250\333\036\353\312}\320\231ucH\233\260\013\003""; }; requestCookie: 3; ","ledgerHash: ""\250\025\373\247\354Tc\304\263\243^\352Gv\\264\261\r\035\226\306\2411\351\233\203\215\200$\231\300f""; ledgerSeq: 22; type: liBASE; nodes {;   nodedata: ""\000\000\000\026\001cEx]\211\377\330b&\270&\346ju\200\363N\320\307\004\034\001n\317\361\2653\254\2503\247\305\372\316W\022O\253x\000\000\000\000\000\000\000\000\000\000\000\000\000\000\000\000\000\000\000\000\000\000\000\000\000\000\000\000\000\000\000\000\227\364/D\211?\306|.x\036\2361\206\204\221h\344j\022\230\325Vu/\363\225\312\030%\303\214/\351\252\362/\351\252\363\n\000""; }; nodes {;   nodedata: ""\323C\344\327\264{\312-\017:\006{\177\344N\002\326bO\260\220\006\033\362\345\005U\221DzJ0\001\301\025%1L\307\t\261\262z\374\222T\301\274V\236\223\262\270Ct\362\337b\356\024*\324\320\351\317\002k\336\234\027v\351\217\260\303\360\233ZPZWr\246$w\313\313\r\243r\232\2234\373\3539:N\004Q\245\272D\312D\300\300\t\323\0257\345e\271\na\215{\226\255x%T\257\037\333\004\344_/R\006E\344\037@\210\363\010\336T\226\247'\204_{\261\370""1\235\2445\343\033Y!\212\201\341\272\225'\007_q\320\313\310\314;\375_\237\ne\264\364-\247\027\321\021\250\333\036\353\312}\320\231ucH\233\260\013\003""; }; requestCookie: 3; "
1750527606475,1750527606475,0,1,2,3,TMGetLedger,"itype: liBASE; ledgerHash: ""\250\025\373\247\354Tc\304\263\243^\352Gv\\264\261\r\035\226\306\2411\351\233\203\215\200$\231\300f""; ledgerSeq: 22; requestCookie: 3; queryType: qtINDIRECT; ","itype: liBASE; ledgerHash: ""\250\025\373\247\354Tc\304\263\243^\352Gv\\264\261\r\035\226\306\2411\351\233\203\215\200$\231\300f""; ledgerSeq: 22; requestCookie: 3; queryType: qtINDIRECT; "
1750527606476,1750527606476,0,1,2,3,TMGetLedger,"itype: liAS_NODE; ledgerHash: ""\250\025\373\247\354Tc\304\263\243^\352Gv\\264\261\r\035\226\306\2411\351\233\203\215\200$\231\300f""; ledgerSeq: 22; nodeIDs: ""\260\000\000\000\000\000\000\000\000\000\000\000\000\000\000\000\000\000\000\000\000\000\000\000\000\000\000\000\000\000\000\000\001""; queryType: qtINDIRECT; queryDepth: 1; ","itype: liAS_NODE; ledgerHash: ""\250\025\373\247\354Tc\304\263\243^\352Gv\\264\261\r\035\226\306\2411\351\233\203\215\200$\231\300f""; ledgerSeq: 22; nodeIDs: ""\260\000\000\000\000\000\000\000\000\000\000\000\000\000\000\000\000\000\000\000\000\000\000\000\000\000\000\000\000\000\000\000\001""; queryType: qtINDIRECT; queryDepth: 1; "
1750527606476,1750527606476,0,1,0,3,TMGetLedger,"itype: liBASE; ledgerHash: ""\250\025\373\247\354Tc\304\263\243^\352Gv\\264\261\r\035\226\306\2411\351\233\203\215\200$\231\300f""; ledgerSeq: 22; requestCookie: 2; queryType: qtINDIRECT; ","itype: liBASE; ledgerHash: ""\250\025\373\247\354Tc\304\263\243^\352Gv\\264\261\r\035\226\306\2411\351\233\203\215\200$\231\300f""; ledgerSeq: 22; requestCookie: 2; queryType: qtINDIRECT; "
1750527606477,1750527606477,0,1,0,3,TMGetLedger,"itype: liAS_NODE; ledgerHash: ""\250\025\373\247\354Tc\304\263\243^\352Gv\\264\261\r\035\226\306\2411\351\233\203\215\200$\231\300f""; ledgerSeq: 22; nodeIDs: ""\260\000\000\000\000\000\000\000\000\000\000\000\000\000\000\000\000\000\000\000\000\000\000\000\000\000\000\000\000\000\000\000\001""; queryType: qtINDIRECT; queryDepth: 1; ","itype: liAS_NODE; ledgerHash: ""\250\025\373\247\354Tc\304\263\243^\352Gv\\264\261\r\035\226\306\2411\351\233\203\215\200$\231\300f""; ledgerSeq: 22; nodeIDs: ""\260\000\000\000\000\000\000\000\000\000\000\000\000\000\000\000\000\000\000\000\000\000\000\000\000\000\000\000\000\000\000\000\001""; queryType: qtINDIRECT; queryDepth: 1; "
1750527606477,1750527606477,0,1,3,4,TMLedgerData,"ledgerHash: ""\250\025\373\247\354Tc\304\263\243^\352Gv\\264\261\r\035\226\306\2411\351\233\203\215\200$\231\300f""; ledgerSeq: 22; type: liBASE; nodes {;   nodedata: ""\000\000\000\026\001cEx]\211\377\330b&\270&\346ju\200\363N\320\307\004\034\001n\317\361\2653\254\2503\247\305\372\316W\022O\253x\000\000\000\000\000\000\000\000\000\000\000\000\000\000\000\000\000\000\000\000\000\000\000\000\000\000\000\000\000\000\000\000\227\364/D\211?\306|.x\036\2361\206\204\221h\344j\022\230\325Vu/\363\225\312\030%\303\214/\351\252\362/\351\252\363\n\000""; }; nodes {;   nodedata: ""\323C\344\327\264{\312-\017:\006{\177\344N\002\326bO\260\220\006\033\362\345\005U\221DzJ0\001\301\025%1L\307\t\261\262z\374\222T\301\274V\236\223\262\270Ct\362\337b\356\024*\324\320\351\317\002k\336\234\027v\351\217\260\303\360\233ZPZWr\246$w\313\313\r\243r\232\2234\373\3539:N\004Q\245\272D\312D\300\300\t\323\0257\345e\271\na\215{\226\255x%T\257\037\333\004\344_/R\006E\344\037@\210\363\010\336T\226\247'\204_{\261\370""1\235\2445\343\033Y!\212\201\341\272\225'\007_q\320\313\310\314;\375_\237\ne\264\364-\247\027\321\021\250\333\036\353\312}\320\231ucH\233\260\013\003""; }; requestCookie: 1; ","ledgerHash: ""\250\025\373\247\354Tc\304\263\243^\352Gv\\264\261\r\035\226\306\2411\351\233\203\215\200$\231\300f""; ledgerSeq: 22; type: liBASE; nodes {;   nodedata: ""\000\000\000\026\001cEx]\211\377\330b&\270&\346ju\200\363N\320\307\004\034\001n\317\361\2653\254\2503\247\305\372\316W\022O\253x\000\000\000\000\000\000\000\000\000\000\000\000\000\000\000\000\000\000\000\000\000\000\000\000\000\000\000\000\000\000\000\000\227\364/D\211?\306|.x\036\2361\206\204\221h\344j\022\230\325Vu/\363\225\312\030%\303\214/\351\252\362/\351\252\363\n\000""; }; nodes {;   nodedata: ""\323C\344\327\264{\312-\017:\006{\177\344N\002\326bO\260\220\006\033\362\345\005U\221DzJ0\001\301\025%1L\307\t\261\262z\374\222T\301\274V\236\223\262\270Ct\362\337b\356\024*\324\320\351\317\002k\336\234\027v\351\217\260\303\360\233ZPZWr\246$w\313\313\r\243r\232\2234\373\3539:N\004Q\245\272D\312D\300\300\t\323\0257\345e\271\na\215{\226\255x%T\257\037\333\004\344_/R\006E\344\037@\210\363\010\336T\226\247'\204_{\261\370""1\235\2445\343\033Y!\212\201\341\272\225'\007_q\320\313\310\314;\375_\237\ne\264\364-\247\027\321\021\250\333\036\353\312}\320\231ucH\233\260\013\003""; }; requestCookie: 1; "
1750527606478,1750527606478,0,1,1,3,TMGetLedger,"itype: liBASE; ledgerHash: ""\250\025\373\247\354Tc\304\263\243^\352Gv\\264\261\r\035\226\306\2411\351\233\203\215\200$\231\300f""; ledgerSeq: 22; queryType: qtINDIRECT; ","itype: liBASE; ledgerHash: ""\250\025\373\247\354Tc\304\263\243^\352Gv\\264\261\r\035\226\306\2411\351\233\203\215\200$\231\300f""; ledgerSeq: 22; queryType: qtINDIRECT; "
1750527606478,1750527606479,0,1,1,3,TMGetLedger,"itype: liBASE; ledgerHash: ""\250\025\373\247\354Tc\304\263\243^\352Gv\\264\261\r\035\226\306\2411\351\233\203\215\200$\231\300f""; requestCookie: 5; queryType: qtINDIRECT; ","itype: liBASE; ledgerHash: ""\250\025\373\247\354Tc\304\263\243^\352Gv\\264\261\r\035\226\306\2411\351\233\203\215\200$\231\300f""; requestCookie: 5; queryType: qtINDIRECT; "
1750527606479,1750527606479,0,1,1,3,TMGetLedger,"itype: liBASE; ledgerHash: ""\250\025\373\247\354Tc\304\263\243^\352Gv\\264\261\r\035\226\306\2411\351\233\203\215\200$\231\300f""; ledgerSeq: 22; requestCookie: 2; queryType: qtINDIRECT; ","itype: liBASE; ledgerHash: ""\250\025\373\247\354Tc\304\263\243^\352Gv\\264\261\r\035\226\306\2411\351\233\203\215\200$\231\300f""; ledgerSeq: 22; requestCookie: 2; queryType: qtINDIRECT; "
1750527606479,1750527606479,0,1,1,3,TMGetLedger,"itype: liBASE; ledgerHash: ""\250\025\373\247\354Tc\304\263\243^\352Gv\\264\261\r\035\226\306\2411\351\233\203\215\200$\231\300f""; ledgerSeq: 22; requestCookie: 3; queryType: qtINDIRECT; ","itype: liBASE; ledgerHash: ""\250\025\373\247\354Tc\304\263\243^\352Gv\\264\261\r\035\226\306\2411\351\233\203\215\200$\231\300f""; ledgerSeq: 22; requestCookie: 3; queryType: qtINDIRECT; "
1750527606480,1750527606480,0,1,3,2,TMLedgerData,"ledgerHash: ""\250\025\373\247\354Tc\304\263\243^\352Gv\\264\261\r\035\226\306\2411\351\233\203\215\200$\231\300f""; ledgerSeq: 22; type: liBASE; nodes {;   nodedata: ""\000\000\000\026\001cEx]\211\377\330b&\270&\346ju\200\363N\320\307\004\034\001n\317\361\2653\254\2503\247\305\372\316W\022O\253x\000\000\000\000\000\000\000\000\000\000\000\000\000\000\000\000\000\000\000\000\000\000\000\000\000\000\000\000\000\000\000\000\227\364/D\211?\306|.x\036\2361\206\204\221h\344j\022\230\325Vu/\363\225\312\030%\303\214/\351\252\362/\351\252\363\n\000""; }; nodes {;   nodedata: ""\323C\344\327\264{\312-\017:\006{\177\344N\002\326bO\260\220\006\033\362\345\005U\221DzJ0\001\301\025%1L\307\t\261\262z\374\222T\301\274V\236\223\262\270Ct\362\337b\356\024*\324\320\351\317\002k\336\234\027v\351\217\260\303\360\233ZPZWr\246$w\313\313\r\243r\232\2234\373\3539:N\004Q\245\272D\312D\300\300\t\323\0257\345e\271\na\215{\226\255x%T\257\037\333\004\344_/R\006E\344\037@\210\363\010\336T\226\247'\204_{\261\370""1\235\2445\343\033Y!\212\201\341\272\225'\007_q\320\313\310\314;\375_\237\ne\264\364-\247\027\321\021\250\333\036\353\312}\320\231ucH\233\260\013\003""; }; requestCookie: 2; ","ledgerHash: ""\250\025\373\247\354Tc\304\263\243^\352Gv\\264\261\r\035\226\306\2411\351\233\203\215\200$\231\300f""; ledgerSeq: 22; type: liBASE; nodes {;   nodedata: ""\000\000\000\026\001cEx]\211\377\330b&\270&\346ju\200\363N\320\307\004\034\001n\317\361\2653\254\2503\247\305\372\316W\022O\253x\000\000\000\000\000\000\000\000\000\000\000\000\000\000\000\000\000\000\000\000\000\000\000\000\000\000\000\000\000\000\000\000\227\364/D\211?\306|.x\036\2361\206\204\221h\344j\022\230\325Vu/\363\225\312\030%\303\214/\351\252\362/\351\252\363\n\000""; }; nodes {;   nodedata: ""\323C\344\327\264{\312-\017:\006{\177\344N\002\326bO\260\220\006\033\362\345\005U\221DzJ0\001\301\025%1L\307\t\261\262z\374\222T\301\274V\236\223\262\270Ct\362\337b\356\024*\324\320\351\317\002k\336\234\027v\351\217\260\303\360\233ZPZWr\246$w\313\313\r\243r\232\2234\373\3539:N\004Q\245\272D\312D\300\300\t\323\0257\345e\271\na\215{\226\255x%T\257\037\333\004\344_/R\006E\344\037@\210\363\010\336T\226\247'\204_{\261\370""1\235\2445\343\033Y!\212\201\341\272\225'\007_q\320\313\310\314;\375_\237\ne\264\364-\247\027\321\021\250\333\036\353\312}\320\231ucH\233\260\013\003""; }; requestCookie: 2; "
1750527606480,1750527606481,0,1,3,2,TMLedgerData,"ledgerHash: ""\250\025\373\247\354Tc\304\263\243^\352Gv\\264\261\r\035\226\306\2411\351\233\203\215\200$\231\300f""; ledgerSeq: 22; type: liBASE; nodes {;   nodedata: ""\000\000\000\026\001cEx]\211\377\330b&\270&\346ju\200\363N\320\307\004\034\001n\317\361\2653\254\2503\247\305\372\316W\022O\253x\000\000\000\000\000\000\000\000\000\000\000\000\000\000\000\000\000\000\000\000\000\000\000\000\000\000\000\000\000\000\000\000\227\364/D\211?\306|.x\036\2361\206\204\221h\344j\022\230\325Vu/\363\225\312\030%\303\214/\351\252\362/\351\252\363\n\000""; }; nodes {;   nodedata: ""\323C\344\327\264{\312-\017:\006{\177\344N\002\326bO\260\220\006\033\362\345\005U\221DzJ0\001\301\025%1L\307\t\261\262z\374\222T\301\274V\236\223\262\270Ct\362\337b\356\024*\324\320\351\317\002k\336\234\027v\351\217\260\303\360\233ZPZWr\246$w\313\313\r\243r\232\2234\373\3539:N\004Q\245\272D\312D\300\300\t\323\0257\345e\271\na\215{\226\255x%T\257\037\333\004\344_/R\006E\344\037@\210\363\010\336T\226\247'\204_{\261\370""1\235\2445\343\033Y!\212\201\341\272\225'\007_q\320\313\310\314;\375_\237\ne\264\364-\247\027\321\021\250\333\036\353\312}\320\231ucH\233\260\013\003""; }; requestCookie: 5; ","ledgerHash: ""\250\025\373\247\354Tc\304\263\243^\352Gv\\264\261\r\035\226\306\2411\351\233\203\215\200$\231\300f""; ledgerSeq: 22; type: liBASE; nodes {;   nodedata: ""\000\000\000\026\001cEx]\211\377\330b&\270&\346ju\200\363N\320\307\004\034\001n\317\361\2653\254\2503\247\305\372\316W\022O\253x\000\000\000\000\000\000\000\000\000\000\000\000\000\000\000\000\000\000\000\000\000\000\000\000\000\000\000\000\000\000\000\000\227\364/D\211?\306|.x\036\2361\206\204\221h\344j\022\230\325Vu/\363\225\312\030%\303\214/\351\252\362/\351\252\363\n\000""; }; nodes {;   nodedata: ""\323C\344\327\264{\312-\017:\006{\177\344N\002\326bO\260\220\006\033\362\345\005U\221DzJ0\001\301\025%1L\307\t\261\262z\374\222T\301\274V\236\223\262\270Ct\362\337b\356\024*\324\320\351\317\002k\336\234\027v\351\217\260\303\360\233ZPZWr\246$w\313\313\r\243r\232\2234\373\3539:N\004Q\245\272D\312D\300\300\t\323\0257\345e\271\na\215{\226\255x%T\257\037\333\004\344_/R\006E\344\037@\210\363\010\336T\226\247'\204_{\261\370""1\235\2445\343\033Y!\212\201\341\272\225'\007_q\320\313\310\314;\375_\237\ne\264\364-\247\027\321\021\250\333\036\353\312}\320\231ucH\233\260\013\003""; }; requestCookie: 5; "
1750527606481,1750527606482,0,1,3,4,TMLedgerData,"ledgerHash: ""\250\025\373\247\354Tc\304\263\243^\352Gv\\264\261\r\035\226\306\2411\351\233\203\215\200$\231\300f""; ledgerSeq: 22; type: liBASE; nodes {;   nodedata: ""\000\000\000\026\001cEx]\211\377\330b&\270&\346ju\200\363N\320\307\004\034\001n\317\361\2653\254\2503\247\305\372\316W\022O\253x\000\000\000\000\000\000\000\000\000\000\000\000\000\000\000\000\000\000\000\000\000\000\000\000\000\000\000\000\000\000\000\000\227\364/D\211?\306|.x\036\2361\206\204\221h\344j\022\230\325Vu/\363\225\312\030%\303\214/\351\252\362/\351\252\363\n\000""; }; nodes {;   nodedata: ""\323C\344\327\264{\312-\017:\006{\177\344N\002\326bO\260\220\006\033\362\345\005U\221DzJ0\001\301\025%1L\307\t\261\262z\374\222T\301\274V\236\223\262\270Ct\362\337b\356\024*\324\320\351\317\002k\336\234\027v\351\217\260\303\360\233ZPZWr\246$w\313\313\r\243r\232\2234\373\3539:N\004Q\245\272D\312D\300\300\t\323\0257\345e\271\na\215{\226\255x%T\257\037\333\004\344_/R\006E\344\037@\210\363\010\336T\226\247'\204_{\261\370""1\235\2445\343\033Y!\212\201\341\272\225'\007_q\320\313\310\314;\375_\237\ne\264\364-\247\027\321\021\250\333\036\353\312}\320\231ucH\233\260\013\003""; }; requestCookie: 2; ","ledgerHash: ""\250\025\373\247\354Tc\304\263\243^\352Gv\\264\261\r\035\226\306\2411\351\233\203\215\200$\231\300f""; ledgerSeq: 22; type: liBASE; nodes {;   nodedata: ""\000\000\000\026\001cEx]\211\377\330b&\270&\346ju\200\363N\320\307\004\034\001n\317\361\2653\254\2503\247\305\372\316W\022O\253x\000\000\000\000\000\000\000\000\000\000\000\000\000\000\000\000\000\000\000\000\000\000\000\000\000\000\000\000\000\000\000\000\227\364/D\211?\306|.x\036\2361\206\204\221h\344j\022\230\325Vu/\363\225\312\030%\303\214/\351\252\362/\351\252\363\n\000""; }; nodes {;   nodedata: ""\323C\344\327\264{\312-\017:\006{\177\344N\002\326bO\260\220\006\033\362\345\005U\221DzJ0\001\301\025%1L\307\t\261\262z\374\222T\301\274V\236\223\262\270Ct\362\337b\356\024*\324\320\351\317\002k\336\234\027v\351\217\260\303\360\233ZPZWr\246$w\313\313\r\243r\232\2234\373\3539:N\004Q\245\272D\312D\300\300\t\323\0257\345e\271\na\215{\226\255x%T\257\037\333\004\344_/R\006E\344\037@\210\363\010\336T\226\247'\204_{\261\370""1\235\2445\343\033Y!\212\201\341\272\225'\007_q\320\313\310\314;\375_\237\ne\264\364-\247\027\321\021\250\333\036\353\312}\320\231ucH\233\260\013\003""; }; requestCookie: 2; "
1750527606482,1750527606482,0,1,0,4,TMLedgerData,"ledgerHash: ""\250\025\373\247\354Tc\304\263\243^\352Gv\\264\261\r\035\226\306\2411\351\233\203\215\200$\231\300f""; ledgerSeq: 22; type: liBASE; nodes {;   nodedata: ""\000\000\000\026\001cEx]\211\377\330b&\270&\346ju\200\363N\320\307\004\034\001n\317\361\2653\254\2503\247\305\372\316W\022O\253x\000\000\000\000\000\000\000\000\000\000\000\000\000\000\000\000\000\000\000\000\000\000\000\000\000\000\000\000\000\000\000\000\227\364/D\211?\306|.x\036\2361\206\204\221h\344j\022\230\325Vu/\363\225\312\030%\303\214/\351\252\362/\351\252\363\n\000""; }; nodes {;   nodedata: ""\323C\344\327\264{\312-\017:\006{\177\344N\002\326bO\260\220\006\033\362\345\005U\221DzJ0\001\301\025%1L\307\t\261\262z\374\222T\301\274V\236\223\262\270Ct\362\337b\356\024*\324\320\351\317\002k\336\234\027v\351\217\260\303\360\233ZPZWr\246$w\313\313\r\243r\232\2234\373\3539:N\004Q\245\272D\312D\300\300\t\323\0257\345e\271\na\215{\226\255x%T\257\037\333\004\344_/R\006E\344\037@\210\363\010\336T\226\247'\204_{\261\370""1\235\2445\343\033Y!\212\201\341\272\225'\007_q\320\313\310\314;\375_\237\ne\264\364-\247\027\321\021\250\333\036\353\312}\320\231ucH\233\260\013\003""; }; ","ledgerHash: ""\250\025\373\247\354Tc\304\263\243^\352Gv\\264\261\r\035\226\306\2411\351\233\203\215\200$\231\300f""; ledgerSeq: 22; type: liBASE; nodes {;   nodedata: ""\000\000\000\026\001cEx]\211\377\330b&\270&\346ju\200\363N\320\307\004\034\001n\317\361\2653\254\2503\247\305\372\316W\022O\253x\000\000\000\000\000\000\000\000\000\000\000\000\000\000\000\000\000\000\000\000\000\000\000\000\000\000\000\000\000\000\000\000\227\364/D\211?\306|.x\036\2361\206\204\221h\344j\022\230\325Vu/\363\225\312\030%\303\214/\351\252\362/\351\252\363\n\000""; }; nodes {;   nodedata: ""\323C\344\327\264{\312-\017:\006{\177\344N\002\326bO\260\220\006\033\362\345\005U\221DzJ0\001\301\025%1L\307\t\261\262z\374\222T\301\274V\236\223\262\270Ct\362\337b\356\024*\324\320\351\317\002k\336\234\027v\351\217\260\303\360\233ZPZWr\246$w\313\313\r\243r\232\2234\373\3539:N\004Q\245\272D\312D\300\300\t\323\0257\345e\271\na\215{\226\255x%T\257\037\333\004\344_/R\006E\344\037@\210\363\010\336T\226\247'\204_{\261\370""1\235\2445\343\033Y!\212\201\341\272\225'\007_q\320\313\310\314;\375_\237\ne\264\364-\247\027\321\021\250\333\036\353\312}\320\231ucH\233\260\013\003""; }; "
1750527606482,1750527606483,0,1,3,4,TMLedgerData,"ledgerHash: ""\250\025\373\247\354Tc\304\263\243^\352Gv\\264\261\r\035\226\306\2411\351\233\203\215\200$\231\300f""; ledgerSeq: 22; type: liAS_NODE; nodes {;   nodedata: ""\021\000h""\000\000\000\000 \033\000\000\000\025\002\023\302\377\330\356GuH\375\327!\255\371\r\231\262R\256J\034\222\241\355X\265E\241^W\225\304\014\361CX-}\351f\032\255\274\334m\326c\017\014ao[\342\230\003\245\245\3341Hm\326^\017jy\335\261\032Yt\320\244{g\0306\\302\303*\341\215\223\257\364\277o\375\000r\241SOq\221\253\262\005\017\375T\356\014\360o'\030\311-\267\031\257!\031T\006><\315XM\334\324\345\034\000\325\367\240\271\013\265\024\321\362\354\211\250.\234s\225amc\305\035\366\276\037nD\277`\210\223N\3535\033\261\304f\331]\036\237\306o!\223\221\002\324\031\262\240R\177 ,\214\325\Q])\016\2067\277\t\354\010\000\360\215\2502\265\245\310\226\243c\302Ze\306\253#r\020\211\320iG\276\020E\317\035Sf\223F\254\033@\177e\277\016\010u\327\371&\262\312\317Q\2361t\377x\234\001v\003%\030\325_\225g\204\346a=\225\273\331\354\365*U\363\263N\367b\371\244\314-w\363\262\225Z\200\206\235\233\257?sE\2674\254\326mU\377?\177Ek\336\030!\316Aa\225\303\022\377{\210Y\226\271as\354L\035\004\341\361\035\301\024\220m#*\372\032\3178~\374\250\014*\323\342'z69\220\327\256\351G\367\317u\302\207\270b\315\333\333\334\310I\323&\014\352XZnW2.\335\347\202\021\247\362\212e\034\000\001\250\220\305;a\314\265R\310\017\317\331\235\360\262\240:\277\202\266\354\265X""\022\nh\252\352w\204\203\023]\001f\352\277\0031Q]\362\370R\350{\261\202\240\344\215\201\353\276\322p5p\350\354\017>\250r\241c\273\016\301\024\363\242\247\263\231\370\344\nBW\220K\316@3\243\200\036wk\253GSlU\010\360\231>\331\263H\214\324\030A\225\301o\346pkSF\004\241\213w9\223=\250\262*+\255\351r\265\244c\024\213\t\007`\223\325#\3477\210\345P\306\013\320\252[\0216+\227=`\371P\314\346 V7\271[~\n\237\274|\347\352@K\253~&\260\032\024\004B\200\255h\351\013\361\031:nG\211\005|\2003\266\274\251,W\006u\344\335d\003\306\212\313,\340\350bG\n\030Z\2732-\246\312\255\030\003\235207\005}D\260\0261ah\322M\304\216\273m0\271\234\237\007<w$\265C\245\232\033\023\313c\321B\032l\301h\005\320\252\301\361(\330[\343\357\343{\235\n\266g\272>\177\317\347\261qb&\270&\346ju\200\363N\320\307\004\034\001n\317\361\2653\254\2503\247\305\372\316W\022O\253x\264\227\2326\315\307\363\323\325\303\032N\256*\307\327 \235\332\207u\210\271\257\306g\231i*\260\326k\001"";   nodeid: ""\260\000\000\000\000\000\000\000\000\000\000\000\000\000\000\000\000\000\000\000\000\000\000\000\000\000\000\000\000\000\000\000\001""; }; ","ledgerHash: ""\250\025\373\247\354Tc\304\263\243^\352Gv\\264\261\r\035\226\306\2411\351\233\203\215\200$\231\300f""; ledgerSeq: 22; type: liAS_NODE; nodes {;   nodedata: ""\021\000h""\000\000\000\000 \033\000\000\000\025\002\023\302\377\330\356GuH\375\327!\255\371\r\231\262R\256J\034\222\241\355X\265E\241^W\225\304\014\361CX-}\351f\032\255\274\334m\326c\017\014ao[\342\230\003\245\245\3341Hm\326^\017jy\335\261\032Yt\320\244{g\0306\\302\303*\341\215\223\257\364\277o\375\000r\241SOq\221\253\262\005\017\375T\356\014\360o'\030\311-\267\031\257!\031T\006><\315XM\334\324\345\034\000\325\367\240\271\013\265\024\321\362\354\211\250.\234s\225amc\305\035\366\276\037nD\277`\210\223N\3535\033\261\304f\331]\036\237\306o!\223\221\002\324\031\262\240R\177 ,\214\325\Q])\016\2067\277\t\354\010\000\360\215\2502\265\245\310\226\243c\302Ze\306\253#r\020\211\320iG\276\020E\317\035Sf\223F\254\033@\177e\277\016\010u\327\371&\262\312\317Q\2361t\377x\234\001v\003%\030\325_\225g\204\346a=\225\273\331\354\365*U\363\263N\367b\371\244\314-w\363\262\225Z\200\206\235\233\257?sE\2674\254\326mU\377?\177Ek\336\030!\316Aa\225\303\022\377{\210Y\226\271as\354L\035\004\341\361\035\301\024\220m#*\372\032\3178~\374\250\014*\323\342'z69\220\327\256\351G\367\317u\302\207\270b\315\333\333\334\310I\323&\014\352XZnW2.\335\347\202\021\247\362\212e\034\000\001\250\220\305;a\314\265R\310\017\317\331\235\360\262\240:\277\202\266\354\265X""\022\nh\252\352w\204\203\023]\001f\352\277\0031Q]\362\370R\350{\261\202\240\344\215\201\353\276\322p5p\350\354\017>\250r\241c\273\016\301\024\363\242\247\263\231\370\344\nBW\220K\316@3\243\200\036wk\253GSlU\010\360\231>\331\263H\214\324\030A\225\301o\346pkSF\004\241\213w9\223=\250\262*+\255\351r\265\244c\024\213\t\007`\223\325#\3477\210\345P\306\013\320\252[\0216+\227=`\371P\314\346 V7\271[~\n\237\274|\347\352@K\253~&\260\032\024\004B\200\255h\351\013\361\031:nG\211\005|\2003\266\274\251,W\006u\344\335d\003\306\212\313,\340\350bG\n\030Z\2732-\246\312\255\030\003\235207\005}D\260\0261ah\322M\304\216\273m0\271\234\237\007<w$\265C\245\232\033\023\313c\321B\032l\301h\005\320\252\301\361(\330[\343\357\343{\235\n\266g\272>\177\317\347\261qb&\270&\346ju\200\363N\320\307\004\034\001n\317\361\2653\254\2503\247\305\372\316W\022O\253x\264\227\2326\315\307\363\323\325\303\032N\256*\307\327 \235\332\207u\210\271\257\306g\231i*\260\326k\001"";   nodeid: ""\260\000\000\000\000\000\000\000\000\000\000\000\000\000\000\000\000\000\000\000\000\000\000\000\000\000\000\000\000\000\000\000\001""; }; "
1750527606483,1750527606483,0,1,0,2,TMLedgerData,"ledgerHash: ""\250\025\373\247\354Tc\304\263\243^\352Gv\\264\261\r\035\226\306\2411\351\233\203\215\200$\231\300f""; ledgerSeq: 22; type: liBASE; nodes {;   nodedata: ""\000\000\000\026\001cEx]\211\377\330b&\270&\346ju\200\363N\320\307\004\034\001n\317\361\2653\254\2503\247\305\372\316W\022O\253x\000\000\000\000\000\000\000\000\000\000\000\000\000\000\000\000\000\000\000\000\000\000\000\000\000\000\000\000\000\000\000\000\227\364/D\211?\306|.x\036\2361\206\204\221h\344j\022\230\325Vu/\363\225\312\030%\303\214/\351\252\362/\351\252\363\n\000""; }; nodes {;   nodedata: ""\323C\344\327\264{\312-\017:\006{\177\344N\002\326bO\260\220\006\033\362\345\005U\221DzJ0\001\301\025%1L\307\t\261\262z\374\222T\301\274V\236\223\262\270Ct\362\337b\356\024*\324\320\351\317\002k\336\234\027v\351\217\260\303\360\233ZPZWr\246$w\313\313\r\243r\232\2234\373\3539:N\004Q\245\272D\312D\300\300\t\323\0257\345e\271\na\215{\226\255x%T\257\037\333\004\344_/R\006E\344\037@\210\363\010\336T\226\247'\204_{\261\370""1\235\2445\343\033Y!\212\201\341\272\225'\007_q\320\313\310\314;\375_\237\ne\264\364-\247\027\321\021\250\333\036\353\312}\320\231ucH\233\260\013\003""; }; ","ledgerHash: ""\250\025\373\247\354Tc\304\263\243^\352Gv\\264\261\r\035\226\306\2411\351\233\203\215\200$\231\300f""; ledgerSeq: 22; type: liBASE; nodes {;   nodedata: ""\000\000\000\026\001cEx]\211\377\330b&\270&\346ju\200\363N\320\307\004\034\001n\317\361\2653\254\2503\247\305\372\316W\022O\253x\000\000\000\000\000\000\000\000\000\000\000\000\000\000\000\000\000\000\000\000\000\000\000\000\000\000\000\000\000\000\000\000\227\364/D\211?\306|.x\036\2361\206\204\221h\344j\022\230\325Vu/\363\225\312\030%\303\214/\351\252\362/\351\252\363\n\000""; }; nodes {;   nodedata: ""\323C\344\327\264{\312-\017:\006{\177\344N\002\326bO\260\220\006\033\362\345\005U\221DzJ0\001\301\025%1L\307\t\261\262z\374\222T\301\274V\236\223\262\270Ct\362\337b\356\024*\324\320\351\317\002k\336\234\027v\351\217\260\303\360\233ZPZWr\246$w\313\313\r\243r\232\2234\373\3539:N\004Q\245\272D\312D\300\300\t\323\0257\345e\271\na\215{\226\255x%T\257\037\333\004\344_/R\006E\344\037@\210\363\010\336T\226\247'\204_{\261\370""1\235\2445\343\033Y!\212\201\341\272\225'\007_q\320\313\310\314;\375_\237\ne\264\364-\247\027\321\021\250\333\036\353\312}\320\231ucH\233\260\013\003""; }; "
1750527606484,1750527606484,0,1,3,2,TMLedgerData,"ledgerHash: ""\250\025\373\247\354Tc\304\263\243^\352Gv\\264\261\r\035\226\306\2411\351\233\203\215\200$\231\300f""; ledgerSeq: 22; type: liBASE; nodes {;   nodedata: ""\000\000\000\026\001cEx]\211\377\330b&\270&\346ju\200\363N\320\307\004\034\001n\317\361\2653\254\2503\247\305\372\316W\022O\253x\000\000\000\000\000\000\000\000\000\000\000\000\000\000\000\000\000\000\000\000\000\000\000\000\000\000\000\000\000\000\000\000\227\364/D\211?\306|.x\036\2361\206\204\221h\344j\022\230\325Vu/\363\225\312\030%\303\214/\351\252\362/\351\252\363\n\000""; }; nodes {;   nodedata: ""\323C\344\327\264{\312-\017:\006{\177\344N\002\326bO\260\220\006\033\362\345\005U\221DzJ0\001\301\025%1L\307\t\261\262z\374\222T\301\274V\236\223\262\270Ct\362\337b\356\024*\324\320\351\317\002k\336\234\027v\351\217\260\303\360\233ZPZWr\246$w\313\313\r\243r\232\2234\373\3539:N\004Q\245\272D\312D\300\300\t\323\0257\345e\271\na\215{\226\255x%T\257\037\333\004\344_/R\006E\344\037@\210\363\010\336T\226\247'\204_{\261\370""1\235\2445\343\033Y!\212\201\341\272\225'\007_q\320\313\310\314;\375_\237\ne\264\364-\247\027\321\021\250\333\036\353\312}\320\231ucH\233\260\013\003""; }; requestCookie: 3; ","ledgerHash: ""\250\025\373\247\354Tc\304\263\243^\352Gv\\264\261\r\035\226\306\2411\351\233\203\215\200$\231\300f""; ledgerSeq: 22; type: liBASE; nodes {;   nodedata: ""\000\000\000\026\001cEx]\211\377\330b&\270&\346ju\200\363N\320\307\004\034\001n\317\361\2653\254\2503\247\305\372\316W\022O\253x\000\000\000\000\000\000\000\000\000\000\000\000\000\000\000\000\000\000\000\000\000\000\000\000\000\000\000\000\000\000\000\000\227\364/D\211?\306|.x\036\2361\206\204\221h\344j\022\230\325Vu/\363\225\312\030%\303\214/\351\252\362/\351\252\363\n\000""; }; nodes {;   nodedata: ""\323C\344\327\264{\312-\017:\006{\177\344N\002\326bO\260\220\006\033\362\345\005U\221DzJ0\001\301\025%1L\307\t\261\262z\374\222T\301\274V\236\223\262\270Ct\362\337b\356\024*\324\320\351\317\002k\336\234\027v\351\217\260\303\360\233ZPZWr\246$w\313\313\r\243r\232\2234\373\3539:N\004Q\245\272D\312D\300\300\t\323\0257\345e\271\na\215{\226\255x%T\257\037\333\004\344_/R\006E\344\037@\210\363\010\336T\226\247'\204_{\261\370""1\235\2445\343\033Y!\212\201\341\272\225'\007_q\320\313\310\314;\375_\237\ne\264\364-\247\027\321\021\250\333\036\353\312}\320\231ucH\233\260\013\003""; }; requestCookie: 3; "
1750527606484,1750527606485,0,1,4,2,TMLedgerData,"ledgerHash: ""\250\025\373\247\354Tc\304\263\243^\352Gv\\264\261\r\035\226\306\2411\351\233\203\215\200$\231\300f""; ledgerSeq: 22; type: liBASE; nodes {;   nodedata: ""\000\000\000\026\001cEx]\211\377\330b&\270&\346ju\200\363N\320\307\004\034\001n\317\361\2653\254\2503\247\305\372\316W\022O\253x\000\000\000\000\000\000\000\000\000\000\000\000\000\000\000\000\000\000\000\000\000\000\000\000\000\000\000\000\000\000\000\000\227\364/D\211?\306|.x\036\2361\206\204\221h\344j\022\230\325Vu/\363\225\312\030%\303\214/\351\252\362/\351\252\363\n\000""; }; nodes {;   nodedata: ""\323C\344\327\264{\312-\017:\006{\177\344N\002\326bO\260\220\006\033\362\345\005U\221DzJ0\001\301\025%1L\307\t\261\262z\374\222T\301\274V\236\223\262\270Ct\362\337b\356\024*\324\320\351\317\002k\336\234\027v\351\217\260\303\360\233ZPZWr\246$w\313\313\r\243r\232\2234\373\3539:N\004Q\245\272D\312D\300\300\t\323\0257\345e\271\na\215{\226\255x%T\257\037\333\004\344_/R\006E\344\037@\210\363\010\336T\226\247'\204_{\261\370""1\235\2445\343\033Y!\212\201\341\272\225'\007_q\320\313\310\314;\375_\237\ne\264\364-\247\027\321\021\250\333\036\353\312}\320\231ucH\233\260\013\003""; }; ","ledgerHash: ""\250\025\373\247\354Tc\304\263\243^\352Gv\\264\261\r\035\226\306\2411\351\233\203\215\200$\231\300f""; ledgerSeq: 22; type: liBASE; nodes {;   nodedata: ""\000\000\000\026\001cEx]\211\377\330b&\270&\346ju\200\363N\320\307\004\034\001n\317\361\2653\254\2503\247\305\372\316W\022O\253x\000\000\000\000\000\000\000\000\000\000\000\000\000\000\000\000\000\000\000\000\000\000\000\000\000\000\000\000\000\000\000\000\227\364/D\211?\306|.x\036\2361\206\204\221h\344j\022\230\325Vu/\363\225\312\030%\303\214/\351\252\362/\351\252\363\n\000""; }; nodes {;   nodedata: ""\323C\344\327\264{\312-\017:\006{\177\344N\002\326bO\260\220\006\033\362\345\005U\221DzJ0\001\301\025%1L\307\t\261\262z\374\222T\301\274V\236\223\262\270Ct\362\337b\356\024*\324\320\351\317\002k\336\234\027v\351\217\260\303\360\233ZPZWr\246$w\313\313\r\243r\232\2234\373\3539:N\004Q\245\272D\312D\300\300\t\323\0257\345e\271\na\215{\226\255x%T\257\037\333\004\344_/R\006E\344\037@\210\363\010\336T\226\247'\204_{\261\370""1\235\2445\343\033Y!\212\201\341\272\225'\007_q\320\313\310\314;\375_\237\ne\264\364-\247\027\321\021\250\333\036\353\312}\320\231ucH\233\260\013\003""; }; "
1750527606485,1750527606485,0,1,3,2,TMLedgerData,"ledgerHash: ""\250\025\373\247\354Tc\304\263\243^\352Gv\\264\261\r\035\226\306\2411\351\233\203\215\200$\231\300f""; ledgerSeq: 22; type: liAS_NODE; nodes {;   nodedata: ""\021\000h""\000\000\000\000 \033\000\000\000\025\002\023\302\377\330\356GuH\375\327!\255\371\r\231\262R\256J\034\222\241\355X\265E\241^W\225\304\014\361CX-}\351f\032\255\274\334m\326c\017\014ao[\342\230\003\245\245\3341Hm\326^\017jy\335\261\032Yt\320\244{g\0306\\302\303*\341\215\223\257\364\277o\375\000r\241SOq\221\253\262\005\017\375T\356\014\360o'\030\311-\267\031\257!\031T\006><\315XM\334\324\345\034\000\325\367\240\271\013\265\024\321\362\354\211\250.\234s\225amc\305\035\366\276\037nD\277`\210\223N\3535\033\261\304f\331]\036\237\306o!\223\221\002\324\031\262\240R\177 ,\214\325\Q])\016\2067\277\t\354\010\000\360\215\2502\265\245\310\226\243c\302Ze\306\253#r\020\211\320iG\276\020E\317\035Sf\223F\254\033@\177e\277\016\010u\327\371&\262\312\317Q\2361t\377x\234\001v\003%\030\325_\225g\204\346a=\225\273\331\354\365*U\363\263N\367b\371\244\314-w\363\262\225Z\200\206\235\233\257?sE\2674\254\326mU\377?\177Ek\336\030!\316Aa\225\303\022\377{\210Y\226\271as\354L\035\004\341\361\035\301\024\220m#*\372\032\3178~\374\250\014*\323\342'z69\220\327\256\351G\367\317u\302\207\270b\315\333\333\334\310I\323&\014\352XZnW2.\335\347\202\021\247\362\212e\034\000\001\250\220\305;a\314\265R\310\017\317\331\235\360\262\240:\277\202\266\354\265X""\022\nh\252\352w\204\203\023]\001f\352\277\0031Q]\362\370R\350{\261\202\240\344\215\201\353\276\322p5p\350\354\017>\250r\241c\273\016\301\024\363\242\247\263\231\370\344\nBW\220K\316@3\243\200\036wk\253GSlU\010\360\231>\331\263H\214\324\030A\225\301o\346pkSF\004\241\213w9\223=\250\262*+\255\351r\265\244c\024\213\t\007`\223\325#\3477\210\345P\306\013\320\252[\0216+\227=`\371P\314\346 V7\271[~\n\237\274|\347\352@K\253~&\260\032\024\004B\200\255h\351\013\361\031:nG\211\005|\2003\266\274\251,W\006u\344\335d\003\306\212\313,\340\350bG\n\030Z\2732-\246\312\255\030\003\235207\005}D\260\0261ah\322M\304\216\273m0\271\234\237\007<w$\265C\245\232\033\023\313c\321B\032l\301h\005\320\252\301\361(\330[\343\357\343{\235\n\266g\272>\177\317\347\261qb&\270&\346ju\200\363N\320\307\004\034\001n\317\361\2653\254\2503\247\305\372\316W\022O\253x\264\227\2326\315\307\363\323\325\303\032N\256*\307\327 \235\332\207u\210\271\257\306g\231i*\260\326k\001"";   nodeid: ""\260\000\000\000\000\000\000\000\000\000\000\000\000\000\000\000\000\000\000\000\000\000\000\000\000\000\000\000\000\000\000\000\001""; }; ","ledgerHash: ""\250\025\373\247\354Tc\304\263\243^\352Gv\\264\261\r\035\226\306\2411\351\233\203\215\200$\231\300f""; ledgerSeq: 22; type: liAS_NODE; nodes {;   nodedata: ""\021\000h""\000\000\000\000 \033\000\000\000\025\002\023\302\377\330\356GuH\375\327!\255\371\r\231\262R\256J\034\222\241\355X\265E\241^W\225\304\014\361CX-}\351f\032\255\274\334m\326c\017\014ao[\342\230\003\245\245\3341Hm\326^\017jy\335\261\032Yt\320\244{g\0306\\302\303*\341\215\223\257\364\277o\375\000r\241SOq\221\253\262\005\017\375T\356\014\360o'\030\311-\267\031\257!\031T\006><\315XM\334\324\345\034\000\325\367\240\271\013\265\024\321\362\354\211\250.\234s\225amc\305\035\366\276\037nD\277`\210\223N\3535\033\261\304f\331]\036\237\306o!\223\221\002\324\031\262\240R\177 ,\214\325\Q])\016\2067\277\t\354\010\000\360\215\2502\265\245\310\226\243c\302Ze\306\253#r\020\211\320iG\276\020E\317\035Sf\223F\254\033@\177e\277\016\010u\327\371&\262\312\317Q\2361t\377x\234\001v\003%\030\325_\225g\204\346a=\225\273\331\354\365*U\363\263N\367b\371\244\314-w\363\262\225Z\200\206\235\233\257?sE\2674\254\326mU\377?\177Ek\336\030!\316Aa\225\303\022\377{\210Y\226\271as\354L\035\004\341\361\035\301\024\220m#*\372\032\3178~\374\250\014*\323\342'z69\220\327\256\351G\367\317u\302\207\270b\315\333\333\334\310I\323&\014\352XZnW2.\335\347\202\021\247\362\212e\034\000\001\250\220\305;a\314\265R\310\017\317\331\235\360\262\240:\277\202\266\354\265X""\022\nh\252\352w\204\203\023]\001f\352\277\0031Q]\362\370R\350{\261\202\240\344\215\201\353\276\322p5p\350\354\017>\250r\241c\273\016\301\024\363\242\247\263\231\370\344\nBW\220K\316@3\243\200\036wk\253GSlU\010\360\231>\331\263H\214\324\030A\225\301o\346pkSF\004\241\213w9\223=\250\262*+\255\351r\265\244c\024\213\t\007`\223\325#\3477\210\345P\306\013\320\252[\0216+\227=`\371P\314\346 V7\271[~\n\237\274|\347\352@K\253~&\260\032\024\004B\200\255h\351\013\361\031:nG\211\005|\2003\266\274\251,W\006u\344\335d\003\306\212\313,\340\350bG\n\030Z\2732-\246\312\255\030\003\235207\005}D\260\0261ah\322M\304\216\273m0\271\234\237\007<w$\265C\245\232\033\023\313c\321B\032l\301h\005\320\252\301\361(\330[\343\357\343{\235\n\266g\272>\177\317\347\261qb&\270&\346ju\200\363N\320\307\004\034\001n\317\361\2653\254\2503\247\305\372\316W\022O\253x\264\227\2326\315\307\363\323\325\303\032N\256*\307\327 \235\332\207u\210\271\257\306g\231i*\260\326k\001"";   nodeid: ""\260\000\000\000\000\000\000\000\000\000\000\000\000\000\000\000\000\000\000\000\000\000\000\000\000\000\000\000\000\000\000\000\001""; }; "
1750527606486,1750527606486,0,1,3,0,TMLedgerData,"ledgerHash: ""\250\025\373\247\354Tc\304\263\243^\352Gv\\264\261\r\035\226\306\2411\351\233\203\215\200$\231\300f""; ledgerSeq: 22; type: liBASE; nodes {;   nodedata: ""\000\000\000\026\001cEx]\211\377\330b&\270&\346ju\200\363N\320\307\004\034\001n\317\361\2653\254\2503\247\305\372\316W\022O\253x\000\000\000\000\000\000\000\000\000\000\000\000\000\000\000\000\000\000\000\000\000\000\000\000\000\000\000\000\000\000\000\000\227\364/D\211?\306|.x\036\2361\206\204\221h\344j\022\230\325Vu/\363\225\312\030%\303\214/\351\252\362/\351\252\363\n\000""; }; nodes {;   nodedata: ""\323C\344\327\264{\312-\017:\006{\177\344N\002\326bO\260\220\006\033\362\345\005U\221DzJ0\001\301\025%1L\307\t\261\262z\374\222T\301\274V\236\223\262\270Ct\362\337b\356\024*\324\320\351\317\002k\336\234\027v\351\217\260\303\360\233ZPZWr\246$w\313\313\r\243r\232\2234\373\3539:N\004Q\245\272D\312D\300\300\t\323\0257\345e\271\na\215{\226\255x%T\257\037\333\004\344_/R\006E\344\037@\210\363\010\336T\226\247'\204_{\261\370""1\235\2445\343\033Y!\212\201\341\272\225'\007_q\320\313\310\314;\375_\237\ne\264\364-\247\027\321\021\250\333\036\353\312}\320\231ucH\233\260\013\003""; }; requestCookie: 2; ","ledgerHash: ""\250\025\373\247\354Tc\304\263\243^\352Gv\\264\261\r\035\226\306\2411\351\233\203\215\200$\231\300f""; ledgerSeq: 22; type: liBASE; nodes {;   nodedata: ""\000\000\000\026\001cEx]\211\377\330b&\270&\346ju\200\363N\320\307\004\034\001n\317\361\2653\254\2503\247\305\372\316W\022O\253x\000\000\000\000\000\000\000\000\000\000\000\000\000\000\000\000\000\000\000\000\000\000\000\000\000\000\000\000\000\000\000\000\227\364/D\211?\306|.x\036\2361\206\204\221h\344j\022\230\325Vu/\363\225\312\030%\303\214/\351\252\362/\351\252\363\n\000""; }; nodes {;   nodedata: ""\323C\344\327\264{\312-\017:\006{\177\344N\002\326bO\260\220\006\033\362\345\005U\221DzJ0\001\301\025%1L\307\t\261\262z\374\222T\301\274V\236\223\262\270Ct\362\337b\356\024*\324\320\351\317\002k\336\234\027v\351\217\260\303\360\233ZPZWr\246$w\313\313\r\243r\232\2234\373\3539:N\004Q\245\272D\312D\300\300\t\323\0257\345e\271\na\215{\226\255x%T\257\037\333\004\344_/R\006E\344\037@\210\363\010\336T\226\247'\204_{\261\370""1\235\2445\343\033Y!\212\201\341\272\225'\007_q\320\313\310\314;\375_\237\ne\264\364-\247\027\321\021\250\333\036\353\312}\320\231ucH\233\260\013\003""; }; requestCookie: 2; "
1750527606486,1750527606486,0,1,3,0,TMLedgerData,"ledgerHash: ""\250\025\373\247\354Tc\304\263\243^\352Gv\\264\261\r\035\226\306\2411\351\233\203\215\200$\231\300f""; ledgerSeq: 22; type: liAS_NODE; nodes {;   nodedata: ""\021\000h""\000\000\000\000 \033\000\000\000\025\002\023\302\377\330\356GuH\375\327!\255\371\r\231\262R\256J\034\222\241\355X\265E\241^W\225\304\014\361CX-}\351f\032\255\274\334m\326c\017\014ao[\342\230\003\245\245\3341Hm\326^\017jy\335\261\032Yt\320\244{g\0306\\302\303*\341\215\223\257\364\277o\375\000r\241SOq\221\253\262\005\017\375T\356\014\360o'\030\311-\267\031\257!\031T\006><\315XM\334\324\345\034\000\325\367\240\271\013\265\024\321\362\354\211\250.\234s\225amc\305\035\366\276\037nD\277`\210\223N\3535\033\261\304f\331]\036\237\306o!\223\221\002\324\031\262\240R\177 ,\214\325\Q])\016\2067\277\t\354\010\000\360\215\2502\265\245\310\226\243c\302Ze\306\253#r\020\211\320iG\276\020E\317\035Sf\223F\254\033@\177e\277\016\010u\327\371&\262\312\317Q\2361t\377x\234\001v\003%\030\325_\225g\204\346a=\225\273\331\354\365*U\363\263N\367b\371\244\314-w\363\262\225Z\200\206\235\233\257?sE\2674\254\326mU\377?\177Ek\336\030!\316Aa\225\303\022\377{\210Y\226\271as\354L\035\004\341\361\035\301\024\220m#*\372\032\3178~\374\250\014*\323\342'z69\220\327\256\351G\367\317u\302\207\270b\315\333\333\334\310I\323&\014\352XZnW2.\335\347\202\021\247\362\212e\034\000\001\250\220\305;a\314\265R\310\017\317\331\235\360\262\240:\277\202\266\354\265X""\022\nh\252\352w\204\203\023]\001f\352\277\0031Q]\362\370R\350{\261\202\240\344\215\201\353\276\322p5p\350\354\017>\250r\241c\273\016\301\024\363\242\247\263\231\370\344\nBW\220K\316@3\243\200\036wk\253GSlU\010\360\231>\331\263H\214\324\030A\225\301o\346pkSF\004\241\213w9\223=\250\262*+\255\351r\265\244c\024\213\t\007`\223\325#\3477\210\345P\306\013\320\252[\0216+\227=`\371P\314\346 V7\271[~\n\237\274|\347\352@K\253~&\260\032\024\004B\200\255h\351\013\361\031:nG\211\005|\2003\266\274\251,W\006u\344\335d\003\306\212\313,\340\350bG\n\030Z\2732-\246\312\255\030\003\235207\005}D\260\0261ah\322M\304\216\273m0\271\234\237\007<w$\265C\245\232\033\023\313c\321B\032l\301h\005\320\252\301\361(\330[\343\357\343{\235\n\266g\272>\177\317\347\261qb&\270&\346ju\200\363N\320\307\004\034\001n\317\361\2653\254\2503\247\305\372\316W\022O\253x\264\227\2326\315\307\363\323\325\303\032N\256*\307\327 \235\332\207u\210\271\257\306g\231i*\260\326k\001"";   nodeid: ""\260\000\000\000\000\000\000\000\000\000\000\000\000\000\000\000\000\000\000\000\000\000\000\000\000\000\000\000\000\000\000\000\001""; }; ","ledgerHash: ""\250\025\373\247\354Tc\304\263\243^\352Gv\\264\261\r\035\226\306\2411\351\233\203\215\200$\231\300f""; ledgerSeq: 22; type: liAS_NODE; nodes {;   nodedata: ""\021\000h""\000\000\000\000 \033\000\000\000\025\002\023\302\377\330\356GuH\375\327!\255\371\r\231\262R\256J\034\222\241\355X\265E\241^W\225\304\014\361CX-}\351f\032\255\274\334m\326c\017\014ao[\342\230\003\245\245\3341Hm\326^\017jy\335\261\032Yt\320\244{g\0306\\302\303*\341\215\223\257\364\277o\375\000r\241SOq\221\253\262\005\017\375T\356\014\360o'\030\311-\267\031\257!\031T\006><\315XM\334\324\345\034\000\325\367\240\271\013\265\024\321\362\354\211\250.\234s\225amc\305\035\366\276\037nD\277`\210\223N\3535\033\261\304f\331]\036\237\306o!\223\221\002\324\031\262\240R\177 ,\214\325\Q])\016\2067\277\t\354\010\000\360\215\2502\265\245\310\226\243c\302Ze\306\253#r\020\211\320iG\276\020E\317\035Sf\223F\254\033@\177e\277\016\010u\327\371&\262\312\317Q\2361t\377x\234\001v\003%\030\325_\225g\204\346a=\225\273\331\354\365*U\363\263N\367b\371\244\314-w\363\262\225Z\200\206\235\233\257?sE\2674\254\326mU\377?\177Ek\336\030!\316Aa\225\303\022\377{\210Y\226\271as\354L\035\004\341\361\035\301\024\220m#*\372\032\3178~\374\250\014*\323\342'z69\220\327\256\351G\367\317u\302\207\270b\315\333\333\334\310I\323&\014\352XZnW2.\335\347\202\021\247\362\212e\034\000\001\250\220\305;a\314\265R\310\017\317\331\235\360\262\240:\277\202\266\354\265X""\022\nh\252\352w\204\203\023]\001f\352\277\0031Q]\362\370R\350{\261\202\240\344\215\201\353\276\322p5p\350\354\017>\250r\241c\273\016\301\024\363\242\247\263\231\370\344\nBW\220K\316@3\243\200\036wk\253GSlU\010\360\231>\331\263H\214\324\030A\225\301o\346pkSF\004\241\213w9\223=\250\262*+\255\351r\265\244c\024\213\t\007`\223\325#\3477\210\345P\306\013\320\252[\0216+\227=`\371P\314\346 V7\271[~\n\237\274|\347\352@K\253~&\260\032\024\004B\200\255h\351\013\361\031:nG\211\005|\2003\266\274\251,W\006u\344\335d\003\306\212\313,\340\350bG\n\030Z\2732-\246\312\255\030\003\235207\005}D\260\0261ah\322M\304\216\273m0\271\234\237\007<w$\265C\245\232\033\023\313c\321B\032l\301h\005\320\252\301\361(\330[\343\357\343{\235\n\266g\272>\177\317\347\261qb&\270&\346ju\200\363N\320\307\004\034\001n\317\361\2653\254\2503\247\305\372\316W\022O\253x\264\227\2326\315\307\363\323\325\303\032N\256*\307\327 \235\332\207u\210\271\257\306g\231i*\260\326k\001"";   nodeid: ""\260\000\000\000\000\000\000\000\000\000\000\000\000\000\000\000\000\000\000\000\000\000\000\000\000\000\000\000\000\000\000\000\001""; }; "
1750527606487,1750527606487,0,1,4,0,TMLedgerData,"ledgerHash: ""\250\025\373\247\354Tc\304\263\243^\352Gv\\264\261\r\035\226\306\2411\351\233\203\215\200$\231\300f""; ledgerSeq: 22; type: liBASE; nodes {;   nodedata: ""\000\000\000\026\001cEx]\211\377\330b&\270&\346ju\200\363N\320\307\004\034\001n\317\361\2653\254\2503\247\305\372\316W\022O\253x\000\000\000\000\000\000\000\000\000\000\000\000\000\000\000\000\000\000\000\000\000\000\000\000\000\000\000\000\000\000\000\000\227\364/D\211?\306|.x\036\2361\206\204\221h\344j\022\230\325Vu/\363\225\312\030%\303\214/\351\252\362/\351\252\363\n\000""; }; nodes {;   nodedata: ""\323C\344\327\264{\312-\017:\006{\177\344N\002\326bO\260\220\006\033\362\345\005U\221DzJ0\001\301\025%1L\307\t\261\262z\374\222T\301\274V\236\223\262\270Ct\362\337b\356\024*\324\320\351\317\002k\336\234\027v\351\217\260\303\360\233ZPZWr\246$w\313\313\r\243r\232\2234\373\3539:N\004Q\245\272D\312D\300\300\t\323\0257\345e\271\na\215{\226\255x%T\257\037\333\004\344_/R\006E\344\037@\210\363\010\336T\226\247'\204_{\261\370""1\235\2445\343\033Y!\212\201\341\272\225'\007_q\320\313\310\314;\375_\237\ne\264\364-\247\027\321\021\250\333\036\353\312}\320\231ucH\233\260\013\003""; }; ","ledgerHash: ""\250\025\373\247\354Tc\304\263\243^\352Gv\\264\261\r\035\226\306\2411\351\233\203\215\200$\231\300f""; ledgerSeq: 22; type: liBASE; nodes {;   nodedata: ""\000\000\000\026\001cEx]\211\377\330b&\270&\346ju\200\363N\320\307\004\034\001n\317\361\2653\254\2503\247\305\372\316W\022O\253x\000\000\000\000\000\000\000\000\000\000\000\000\000\000\000\000\000\000\000\000\000\000\000\000\000\000\000\000\000\000\000\000\227\364/D\211?\306|.x\036\2361\206\204\221h\344j\022\230\325Vu/\363\225\312\030%\303\214/\351\252\362/\351\252\363\n\000""; }; nodes {;   nodedata: ""\323C\344\327\264{\312-\017:\006{\177\344N\002\326bO\260\220\006\033\362\345\005U\221DzJ0\001\301\025%1L\307\t\261\262z\374\222T\301\274V\236\223\262\270Ct\362\337b\356\024*\324\320\351\317\002k\336\234\027v\351\217\260\303\360\233ZPZWr\246$w\313\313\r\243r\232\2234\373\3539:N\004Q\245\272D\312D\300\300\t\323\0257\345e\271\na\215{\226\255x%T\257\037\333\004\344_/R\006E\344\037@\210\363\010\336T\226\247'\204_{\261\370""1\235\2445\343\033Y!\212\201\341\272\225'\007_q\320\313\310\314;\375_\237\ne\264\364-\247\027\321\021\250\333\036\353\312}\320\231ucH\233\260\013\003""; }; "
1750527606488,1750527606488,0,1,3,1,TMLedgerData,"ledgerHash: ""\250\025\373\247\354Tc\304\263\243^\352Gv\\264\261\r\035\226\306\2411\351\233\203\215\200$\231\300f""; ledgerSeq: 22; type: liBASE; nodes {;   nodedata: ""\000\000\000\026\001cEx]\211\377\330b&\270&\346ju\200\363N\320\307\004\034\001n\317\361\2653\254\2503\247\305\372\316W\022O\253x\000\000\000\000\000\000\000\000\000\000\000\000\000\000\000\000\000\000\000\000\000\000\000\000\000\000\000\000\000\000\000\000\227\364/D\211?\306|.x\036\2361\206\204\221h\344j\022\230\325Vu/\363\225\312\030%\303\214/\351\252\362/\351\252\363\n\000""; }; nodes {;   nodedata: ""\323C\344\327\264{\312-\017:\006{\177\344N\002\326bO\260\220\006\033\362\345\005U\221DzJ0\001\301\025%1L\307\t\261\262z\374\222T\301\274V\236\223\262\270Ct\362\337b\356\024*\324\320\351\317\002k\336\234\027v\351\217\260\303\360\233ZPZWr\246$w\313\313\r\243r\232\2234\373\3539:N\004Q\245\272D\312D\300\300\t\323\0257\345e\271\na\215{\226\255x%T\257\037\333\004\344_/R\006E\344\037@\210\363\010\336T\226\247'\204_{\261\370""1\235\2445\343\033Y!\212\201\341\272\225'\007_q\320\313\310\314;\375_\237\ne\264\364-\247\027\321\021\250\333\036\353\312}\320\231ucH\233\260\013\003""; }; ","ledgerHash: ""\250\025\373\247\354Tc\304\263\243^\352Gv\\264\261\r\035\226\306\2411\351\233\203\215\200$\231\300f""; ledgerSeq: 22; type: liBASE; nodes {;   nodedata: ""\000\000\000\026\001cEx]\211\377\330b&\270&\346ju\200\363N\320\307\004\034\001n\317\361\2653\254\2503\247\305\372\316W\022O\253x\000\000\000\000\000\000\000\000\000\000\000\000\000\000\000\000\000\000\000\000\000\000\000\000\000\000\000\000\000\000\000\000\227\364/D\211?\306|.x\036\2361\206\204\221h\344j\022\230\325Vu/\363\225\312\030%\303\214/\351\252\362/\351\252\363\n\000""; }; nodes {;   nodedata: ""\323C\344\327\264{\312-\017:\006{\177\344N\002\326bO\260\220\006\033\362\345\005U\221DzJ0\001\301\025%1L\307\t\261\262z\374\222T\301\274V\236\223\262\270Ct\362\337b\356\024*\324\320\351\317\002k\336\234\027v\351\217\260\303\360\233ZPZWr\246$w\313\313\r\243r\232\2234\373\3539:N\004Q\245\272D\312D\300\300\t\323\0257\345e\271\na\215{\226\255x%T\257\037\333\004\344_/R\006E\344\037@\210\363\010\336T\226\247'\204_{\261\370""1\235\2445\343\033Y!\212\201\341\272\225'\007_q\320\313\310\314;\375_\237\ne\264\364-\247\027\321\021\250\333\036\353\312}\320\231ucH\233\260\013\003""; }; "
1750527606488,1750527606488,0,1,3,1,TMLedgerData,"ledgerHash: ""\250\025\373\247\354Tc\304\263\243^\352Gv\\264\261\r\035\226\306\2411\351\233\203\215\200$\231\300f""; ledgerSeq: 22; type: liBASE; nodes {;   nodedata: ""\000\000\000\026\001cEx]\211\377\330b&\270&\346ju\200\363N\320\307\004\034\001n\317\361\2653\254\2503\247\305\372\316W\022O\253x\000\000\000\000\000\000\000\000\000\000\000\000\000\000\000\000\000\000\000\000\000\000\000\000\000\000\000\000\000\000\000\000\227\364/D\211?\306|.x\036\2361\206\204\221h\344j\022\230\325Vu/\363\225\312\030%\303\214/\351\252\362/\351\252\363\n\000""; }; nodes {;   nodedata: ""\323C\344\327\264{\312-\017:\006{\177\344N\002\326bO\260\220\006\033\362\345\005U\221DzJ0\001\301\025%1L\307\t\261\262z\374\222T\301\274V\236\223\262\270Ct\362\337b\356\024*\324\320\351\317\002k\336\234\027v\351\217\260\303\360\233ZPZWr\246$w\313\313\r\243r\232\2234\373\3539:N\004Q\245\272D\312D\300\300\t\323\0257\345e\271\na\215{\226\255x%T\257\037\333\004\344_/R\006E\344\037@\210\363\010\336T\226\247'\204_{\261\370""1\235\2445\343\033Y!\212\201\341\272\225'\007_q\320\313\310\314;\375_\237\ne\264\364-\247\027\321\021\250\333\036\353\312}\320\231ucH\233\260\013\003""; }; requestCookie: 5; ","ledgerHash: ""\250\025\373\247\354Tc\304\263\243^\352Gv\\264\261\r\035\226\306\2411\351\233\203\215\200$\231\300f""; ledgerSeq: 22; type: liBASE; nodes {;   nodedata: ""\000\000\000\026\001cEx]\211\377\330b&\270&\346ju\200\363N\320\307\004\034\001n\317\361\2653\254\2503\247\305\372\316W\022O\253x\000\000\000\000\000\000\000\000\000\000\000\000\000\000\000\000\000\000\000\000\000\000\000\000\000\000\000\000\000\000\000\000\227\364/D\211?\306|.x\036\2361\206\204\221h\344j\022\230\325Vu/\363\225\312\030%\303\214/\351\252\362/\351\252\363\n\000""; }; nodes {;   nodedata: ""\323C\344\327\264{\312-\017:\006{\177\344N\002\326bO\260\220\006\033\362\345\005U\221DzJ0\001\301\025%1L\307\t\261\262z\374\222T\301\274V\236\223\262\270Ct\362\337b\356\024*\324\320\351\317\002k\336\234\027v\351\217\260\303\360\233ZPZWr\246$w\313\313\r\243r\232\2234\373\3539:N\004Q\245\272D\312D\300\300\t\323\0257\345e\271\na\215{\226\255x%T\257\037\333\004\344_/R\006E\344\037@\210\363\010\336T\226\247'\204_{\261\370""1\235\2445\343\033Y!\212\201\341\272\225'\007_q\320\313\310\314;\375_\237\ne\264\364-\247\027\321\021\250\333\036\353\312}\320\231ucH\233\260\013\003""; }; requestCookie: 5; "
1750527606489,1750527606489,0,1,3,1,TMLedgerData,"ledgerHash: ""\250\025\373\247\354Tc\304\263\243^\352Gv\\264\261\r\035\226\306\2411\351\233\203\215\200$\231\300f""; ledgerSeq: 22; type: liBASE; nodes {;   nodedata: ""\000\000\000\026\001cEx]\211\377\330b&\270&\346ju\200\363N\320\307\004\034\001n\317\361\2653\254\2503\247\305\372\316W\022O\253x\000\000\000\000\000\000\000\000\000\000\000\000\000\000\000\000\000\000\000\000\000\000\000\000\000\000\000\000\000\000\000\000\227\364/D\211?\306|.x\036\2361\206\204\221h\344j\022\230\325Vu/\363\225\312\030%\303\214/\351\252\362/\351\252\363\n\000""; }; nodes {;   nodedata: ""\323C\344\327\264{\312-\017:\006{\177\344N\002\326bO\260\220\006\033\362\345\005U\221DzJ0\001\301\025%1L\307\t\261\262z\374\222T\301\274V\236\223\262\270Ct\362\337b\356\024*\324\320\351\317\002k\336\234\027v\351\217\260\303\360\233ZPZWr\246$w\313\313\r\243r\232\2234\373\3539:N\004Q\245\272D\312D\300\300\t\323\0257\345e\271\na\215{\226\255x%T\257\037\333\004\344_/R\006E\344\037@\210\363\010\336T\226\247'\204_{\261\370""1\235\2445\343\033Y!\212\201\341\272\225'\007_q\320\313\310\314;\375_\237\ne\264\364-\247\027\321\021\250\333\036\353\312}\320\231ucH\233\260\013\003""; }; requestCookie: 2; ","ledgerHash: ""\250\025\373\247\354Tc\304\263\243^\352Gv\\264\261\r\035\226\306\2411\351\233\203\215\200$\231\300f""; ledgerSeq: 22; type: liBASE; nodes {;   nodedata: ""\000\000\000\026\001cEx]\211\377\330b&\270&\346ju\200\363N\320\307\004\034\001n\317\361\2653\254\2503\247\305\372\316W\022O\253x\000\000\000\000\000\000\000\000\000\000\000\000\000\000\000\000\000\000\000\000\000\000\000\000\000\000\000\000\000\000\000\000\227\364/D\211?\306|.x\036\2361\206\204\221h\344j\022\230\325Vu/\363\225\312\030%\303\214/\351\252\362/\351\252\363\n\000""; }; nodes {;   nodedata: ""\323C\344\327\264{\312-\017:\006{\177\344N\002\326bO\260\220\006\033\362\345\005U\221DzJ0\001\301\025%1L\307\t\261\262z\374\222T\301\274V\236\223\262\270Ct\362\337b\356\024*\324\320\351\317\002k\336\234\027v\351\217\260\303\360\233ZPZWr\246$w\313\313\r\243r\232\2234\373\3539:N\004Q\245\272D\312D\300\300\t\323\0257\345e\271\na\215{\226\255x%T\257\037\333\004\344_/R\006E\344\037@\210\363\010\336T\226\247'\204_{\261\370""1\235\2445\343\033Y!\212\201\341\272\225'\007_q\320\313\310\314;\375_\237\ne\264\364-\247\027\321\021\250\333\036\353\312}\320\231ucH\233\260\013\003""; }; requestCookie: 2; "
1750527606489,1750527606489,0,1,2,0,TMLedgerData,"ledgerHash: ""\250\025\373\247\354Tc\304\263\243^\352Gv\\264\261\r\035\226\306\2411\351\233\203\215\200$\231\300f""; ledgerSeq: 22; type: liBASE; nodes {;   nodedata: ""\000\000\000\026\001cEx]\211\377\330b&\270&\346ju\200\363N\320\307\004\034\001n\317\361\2653\254\2503\247\305\372\316W\022O\253x\000\000\000\000\000\000\000\000\000\000\000\000\000\000\000\000\000\000\000\000\000\000\000\000\000\000\000\000\000\000\000\000\227\364/D\211?\306|.x\036\2361\206\204\221h\344j\022\230\325Vu/\363\225\312\030%\303\214/\351\252\362/\351\252\363\n\000""; }; nodes {;   nodedata: ""\323C\344\327\264{\312-\017:\006{\177\344N\002\326bO\260\220\006\033\362\345\005U\221DzJ0\001\301\025%1L\307\t\261\262z\374\222T\301\274V\236\223\262\270Ct\362\337b\356\024*\324\320\351\317\002k\336\234\027v\351\217\260\303\360\233ZPZWr\246$w\313\313\r\243r\232\2234\373\3539:N\004Q\245\272D\312D\300\300\t\323\0257\345e\271\na\215{\226\255x%T\257\037\333\004\344_/R\006E\344\037@\210\363\010\336T\226\247'\204_{\261\370""1\235\2445\343\033Y!\212\201\341\272\225'\007_q\320\313\310\314;\375_\237\ne\264\364-\247\027\321\021\250\333\036\353\312}\320\231ucH\233\260\013\003""; }; ","ledgerHash: ""\250\025\373\247\354Tc\304\263\243^\352Gv\\264\261\r\035\226\306\2411\351\233\203\215\200$\231\300f""; ledgerSeq: 22; type: liBASE; nodes {;   nodedata: ""\000\000\000\026\001cEx]\211\377\330b&\270&\346ju\200\363N\320\307\004\034\001n\317\361\2653\254\2503\247\305\372\316W\022O\253x\000\000\000\000\000\000\000\000\000\000\000\000\000\000\000\000\000\000\000\000\000\000\000\000\000\000\000\000\000\000\000\000\227\364/D\211?\306|.x\036\2361\206\204\221h\344j\022\230\325Vu/\363\225\312\030%\303\214/\351\252\362/\351\252\363\n\000""; }; nodes {;   nodedata: ""\323C\344\327\264{\312-\017:\006{\177\344N\002\326bO\260\220\006\033\362\345\005U\221DzJ0\001\301\025%1L\307\t\261\262z\374\222T\301\274V\236\223\262\270Ct\362\337b\356\024*\324\320\351\317\002k\336\234\027v\351\217\260\303\360\233ZPZWr\246$w\313\313\r\243r\232\2234\373\3539:N\004Q\245\272D\312D\300\300\t\323\0257\345e\271\na\215{\226\255x%T\257\037\333\004\344_/R\006E\344\037@\210\363\010\336T\226\247'\204_{\261\370""1\235\2445\343\033Y!\212\201\341\272\225'\007_q\320\313\310\314;\375_\237\ne\264\364-\247\027\321\021\250\333\036\353\312}\320\231ucH\233\260\013\003""; }; "
1750527606490,1750527606490,0,1,2,4,TMLedgerData,"ledgerHash: ""\250\025\373\247\354Tc\304\263\243^\352Gv\\264\261\r\035\226\306\2411\351\233\203\215\200$\231\300f""; ledgerSeq: 22; type: liBASE; nodes {;   nodedata: ""\000\000\000\026\001cEx]\211\377\330b&\270&\346ju\200\363N\320\307\004\034\001n\317\361\2653\254\2503\247\305\372\316W\022O\253x\000\000\000\000\000\000\000\000\000\000\000\000\000\000\000\000\000\000\000\000\000\000\000\000\000\000\000\000\000\000\000\000\227\364/D\211?\306|.x\036\2361\206\204\221h\344j\022\230\325Vu/\363\225\312\030%\303\214/\351\252\362/\351\252\363\n\000""; }; nodes {;   nodedata: ""\323C\344\327\264{\312-\017:\006{\177\344N\002\326bO\260\220\006\033\362\345\005U\221DzJ0\001\301\025%1L\307\t\261\262z\374\222T\301\274V\236\223\262\270Ct\362\337b\356\024*\324\320\351\317\002k\336\234\027v\351\217\260\303\360\233ZPZWr\246$w\313\313\r\243r\232\2234\373\3539:N\004Q\245\272D\312D\300\300\t\323\0257\345e\271\na\215{\226\255x%T\257\037\333\004\344_/R\006E\344\037@\210\363\010\336T\226\247'\204_{\261\370""1\235\2445\343\033Y!\212\201\341\272\225'\007_q\320\313\310\314;\375_\237\ne\264\364-\247\027\321\021\250\333\036\353\312}\320\231ucH\233\260\013\003""; }; ","ledgerHash: ""\250\025\373\247\354Tc\304\263\243^\352Gv\\264\261\r\035\226\306\2411\351\233\203\215\200$\231\300f""; ledgerSeq: 22; type: liBASE; nodes {;   nodedata: ""\000\000\000\026\001cEx]\211\377\330b&\270&\346ju\200\363N\320\307\004\034\001n\317\361\2653\254\2503\247\305\372\316W\022O\253x\000\000\000\000\000\000\000\000\000\000\000\000\000\000\000\000\000\000\000\000\000\000\000\000\000\000\000\000\000\000\000\000\227\364/D\211?\306|.x\036\2361\206\204\221h\344j\022\230\325Vu/\363\225\312\030%\303\214/\351\252\362/\351\252\363\n\000""; }; nodes {;   nodedata: ""\323C\344\327\264{\312-\017:\006{\177\344N\002\326bO\260\220\006\033\362\345\005U\221DzJ0\001\301\025%1L\307\t\261\262z\374\222T\301\274V\236\223\262\270Ct\362\337b\356\024*\324\320\351\317\002k\336\234\027v\351\217\260\303\360\233ZPZWr\246$w\313\313\r\243r\232\2234\373\3539:N\004Q\245\272D\312D\300\300\t\323\0257\345e\271\na\215{\226\255x%T\257\037\333\004\344_/R\006E\344\037@\210\363\010\336T\226\247'\204_{\261\370""1\235\2445\343\033Y!\212\201\341\272\225'\007_q\320\313\310\314;\375_\237\ne\264\364-\247\027\321\021\250\333\036\353\312}\320\231ucH\233\260\013\003""; }; "
1750527606491,1750527606491,0,1,4,1,TMLedgerData,"ledgerHash: ""\250\025\373\247\354Tc\304\263\243^\352Gv\\264\261\r\035\226\306\2411\351\233\203\215\200$\231\300f""; ledgerSeq: 22; type: liBASE; nodes {;   nodedata: ""\000\000\000\026\001cEx]\211\377\330b&\270&\346ju\200\363N\320\307\004\034\001n\317\361\2653\254\2503\247\305\372\316W\022O\253x\000\000\000\000\000\000\000\000\000\000\000\000\000\000\000\000\000\000\000\000\000\000\000\000\000\000\000\000\000\000\000\000\227\364/D\211?\306|.x\036\2361\206\204\221h\344j\022\230\325Vu/\363\225\312\030%\303\214/\351\252\362/\351\252\363\n\000""; }; nodes {;   nodedata: ""\323C\344\327\264{\312-\017:\006{\177\344N\002\326bO\260\220\006\033\362\345\005U\221DzJ0\001\301\025%1L\307\t\261\262z\374\222T\301\274V\236\223\262\270Ct\362\337b\356\024*\324\320\351\317\002k\336\234\027v\351\217\260\303\360\233ZPZWr\246$w\313\313\r\243r\232\2234\373\3539:N\004Q\245\272D\312D\300\300\t\323\0257\345e\271\na\215{\226\255x%T\257\037\333\004\344_/R\006E\344\037@\210\363\010\336T\226\247'\204_{\261\370""1\235\2445\343\033Y!\212\201\341\272\225'\007_q\320\313\310\314;\375_\237\ne\264\364-\247\027\321\021\250\333\036\353\312}\320\231ucH\233\260\013\003""; }; ","ledgerHash: ""\250\025\373\247\354Tc\304\263\243^\352Gv\\264\261\r\035\226\306\2411\351\233\203\215\200$\231\300f""; ledgerSeq: 22; type: liBASE; nodes {;   nodedata: ""\000\000\000\026\001cEx]\211\377\330b&\270&\346ju\200\363N\320\307\004\034\001n\317\361\2653\254\2503\247\305\372\316W\022O\253x\000\000\000\000\000\000\000\000\000\000\000\000\000\000\000\000\000\000\000\000\000\000\000\000\000\000\000\000\000\000\000\000\227\364/D\211?\306|.x\036\2361\206\204\221h\344j\022\230\325Vu/\363\225\312\030%\303\214/\351\252\362/\351\252\363\n\000""; }; nodes {;   nodedata: ""\323C\344\327\264{\312-\017:\006{\177\344N\002\326bO\260\220\006\033\362\345\005U\221DzJ0\001\301\025%1L\307\t\261\262z\374\222T\301\274V\236\223\262\270Ct\362\337b\356\024*\324\320\351\317\002k\336\234\027v\351\217\260\303\360\233ZPZWr\246$w\313\313\r\243r\232\2234\373\3539:N\004Q\245\272D\312D\300\300\t\323\0257\345e\271\na\215{\226\255x%T\257\037\333\004\344_/R\006E\344\037@\210\363\010\336T\226\247'\204_{\261\370""1\235\2445\343\033Y!\212\201\341\272\225'\007_q\320\313\310\314;\375_\237\ne\264\364-\247\027\321\021\250\333\036\353\312}\320\231ucH\233\260\013\003""; }; "
1750527606491,1750527606491,0,1,2,1,TMLedgerData,"ledgerHash: ""\250\025\373\247\354Tc\304\263\243^\352Gv\\264\261\r\035\226\306\2411\351\233\203\215\200$\231\300f""; ledgerSeq: 22; type: liBASE; nodes {;   nodedata: ""\000\000\000\026\001cEx]\211\377\330b&\270&\346ju\200\363N\320\307\004\034\001n\317\361\2653\254\2503\247\305\372\316W\022O\253x\000\000\000\000\000\000\000\000\000\000\000\000\000\000\000\000\000\000\000\000\000\000\000\000\000\000\000\000\000\000\000\000\227\364/D\211?\306|.x\036\2361\206\204\221h\344j\022\230\325Vu/\363\225\312\030%\303\214/\351\252\362/\351\252\363\n\000""; }; nodes {;   nodedata: ""\323C\344\327\264{\312-\017:\006{\177\344N\002\326bO\260\220\006\033\362\345\005U\221DzJ0\001\301\025%1L\307\t\261\262z\374\222T\301\274V\236\223\262\270Ct\362\337b\356\024*\324\320\351\317\002k\336\234\027v\351\217\260\303\360\233ZPZWr\246$w\313\313\r\243r\232\2234\373\3539:N\004Q\245\272D\312D\300\300\t\323\0257\345e\271\na\215{\226\255x%T\257\037\333\004\344_/R\006E\344\037@\210\363\010\336T\226\247'\204_{\261\370""1\235\2445\343\033Y!\212\201\341\272\225'\007_q\320\313\310\314;\375_\237\ne\264\364-\247\027\321\021\250\333\036\353\312}\320\231ucH\233\260\013\003""; }; ","ledgerHash: ""\250\025\373\247\354Tc\304\263\243^\352Gv\\264\261\r\035\226\306\2411\351\233\203\215\200$\231\300f""; ledgerSeq: 22; type: liBASE; nodes {;   nodedata: ""\000\000\000\026\001cEx]\211\377\330b&\270&\346ju\200\363N\320\307\004\034\001n\317\361\2653\254\2503\247\305\372\316W\022O\253x\000\000\000\000\000\000\000\000\000\000\000\000\000\000\000\000\000\000\000\000\000\000\000\000\000\000\000\000\000\000\000\000\227\364/D\211?\306|.x\036\2361\206\204\221h\344j\022\230\325Vu/\363\225\312\030%\303\214/\351\252\362/\351\252\363\n\000""; }; nodes {;   nodedata: ""\323C\344\327\264{\312-\017:\006{\177\344N\002\326bO\260\220\006\033\362\345\005U\221DzJ0\001\301\025%1L\307\t\261\262z\374\222T\301\274V\236\223\262\270Ct\362\337b\356\024*\324\320\351\317\002k\336\234\027v\351\217\260\303\360\233ZPZWr\246$w\313\313\r\243r\232\2234\373\3539:N\004Q\245\272D\312D\300\300\t\323\0257\345e\271\na\215{\226\255x%T\257\037\333\004\344_/R\006E\344\037@\210\363\010\336T\226\247'\204_{\261\370""1\235\2445\343\033Y!\212\201\341\272\225'\007_q\320\313\310\314;\375_\237\ne\264\364-\247\027\321\021\250\333\036\353\312}\320\231ucH\233\260\013\003""; }; "
1750527606492,1750527606493,0,1,0,1,TMLedgerData,"ledgerHash: ""\250\025\373\247\354Tc\304\263\243^\352Gv\\264\261\r\035\226\306\2411\351\233\203\215\200$\231\300f""; ledgerSeq: 22; type: liBASE; nodes {;   nodedata: ""\000\000\000\026\001cEx]\211\377\330b&\270&\346ju\200\363N\320\307\004\034\001n\317\361\2653\254\2503\247\305\372\316W\022O\253x\000\000\000\000\000\000\000\000\000\000\000\000\000\000\000\000\000\000\000\000\000\000\000\000\000\000\000\000\000\000\000\000\227\364/D\211?\306|.x\036\2361\206\204\221h\344j\022\230\325Vu/\363\225\312\030%\303\214/\351\252\362/\351\252\363\n\000""; }; nodes {;   nodedata: ""\323C\344\327\264{\312-\017:\006{\177\344N\002\326bO\260\220\006\033\362\345\005U\221DzJ0\001\301\025%1L\307\t\261\262z\374\222T\301\274V\236\223\262\270Ct\362\337b\356\024*\324\320\351\317\002k\336\234\027v\351\217\260\303\360\233ZPZWr\246$w\313\313\r\243r\232\2234\373\3539:N\004Q\245\272D\312D\300\300\t\323\0257\345e\271\na\215{\226\255x%T\257\037\333\004\344_/R\006E\344\037@\210\363\010\336T\226\247'\204_{\261\370""1\235\2445\343\033Y!\212\201\341\272\225'\007_q\320\313\310\314;\375_\237\ne\264\364-\247\027\321\021\250\333\036\353\312}\320\231ucH\233\260\013\003""; }; ","ledgerHash: ""\250\025\373\247\354Tc\304\263\243^\352Gv\\264\261\r\035\226\306\2411\351\233\203\215\200$\231\300f""; ledgerSeq: 22; type: liBASE; nodes {;   nodedata: ""\000\000\000\026\001cEx]\211\377\330b&\270&\346ju\200\363N\320\307\004\034\001n\317\361\2653\254\2503\247\305\372\316W\022O\253x\000\000\000\000\000\000\000\000\000\000\000\000\000\000\000\000\000\000\000\000\000\000\000\000\000\000\000\000\000\000\000\000\227\364/D\211?\306|.x\036\2361\206\204\221h\344j\022\230\325Vu/\363\225\312\030%\303\214/\351\252\362/\351\252\363\n\000""; }; nodes {;   nodedata: ""\323C\344\327\264{\312-\017:\006{\177\344N\002\326bO\260\220\006\033\362\345\005U\221DzJ0\001\301\025%1L\307\t\261\262z\374\222T\301\274V\236\223\262\270Ct\362\337b\356\024*\324\320\351\317\002k\336\234\027v\351\217\260\303\360\233ZPZWr\246$w\313\313\r\243r\232\2234\373\3539:N\004Q\245\272D\312D\300\300\t\323\0257\345e\271\na\215{\226\255x%T\257\037\333\004\344_/R\006E\344\037@\210\363\010\336T\226\247'\204_{\261\370""1\235\2445\343\033Y!\212\201\341\272\225'\007_q\320\313\310\314;\375_\237\ne\264\364-\247\027\321\021\250\333\036\353\312}\320\231ucH\233\260\013\003""; }; "
1750527606494,1750527606494,0,1,1,3,TMGetLedger,"itype: liAS_NODE; ledgerHash: ""\250\025\373\247\354Tc\304\263\243^\352Gv\\264\261\r\035\226\306\2411\351\233\203\215\200$\231\300f""; ledgerSeq: 22; nodeIDs: ""\260\000\000\000\000\000\000\000\000\000\000\000\000\000\000\000\000\000\000\000\000\000\000\000\000\000\000\000\000\000\000\000\001""; queryType: qtINDIRECT; queryDepth: 1; ","itype: liAS_NODE; ledgerHash: ""\250\025\373\247\354Tc\304\263\243^\352Gv\\264\261\r\035\226\306\2411\351\233\203\215\200$\231\300f""; ledgerSeq: 22; nodeIDs: ""\260\000\000\000\000\000\000\000\000\000\000\000\000\000\000\000\000\000\000\000\000\000\000\000\000\000\000\000\000\000\000\000\001""; queryType: qtINDIRECT; queryDepth: 1; "
1750527606494,1750527606494,0,1,1,4,TMLedgerData,"ledgerHash: ""\250\025\373\247\354Tc\304\263\243^\352Gv\\264\261\r\035\226\306\2411\351\233\203\215\200$\231\300f""; ledgerSeq: 22; type: liBASE; nodes {;   nodedata: ""\000\000\000\026\001cEx]\211\377\330b&\270&\346ju\200\363N\320\307\004\034\001n\317\361\2653\254\2503\247\305\372\316W\022O\253x\000\000\000\000\000\000\000\000\000\000\000\000\000\000\000\000\000\000\000\000\000\000\000\000\000\000\000\000\000\000\000\000\227\364/D\211?\306|.x\036\2361\206\204\221h\344j\022\230\325Vu/\363\225\312\030%\303\214/\351\252\362/\351\252\363\n\000""; }; nodes {;   nodedata: ""\323C\344\327\264{\312-\017:\006{\177\344N\002\326bO\260\220\006\033\362\345\005U\221DzJ0\001\301\025%1L\307\t\261\262z\374\222T\301\274V\236\223\262\270Ct\362\337b\356\024*\324\320\351\317\002k\336\234\027v\351\217\260\303\360\233ZPZWr\246$w\313\313\r\243r\232\2234\373\3539:N\004Q\245\272D\312D\300\300\t\323\0257\345e\271\na\215{\226\255x%T\257\037\333\004\344_/R\006E\344\037@\210\363\010\336T\226\247'\204_{\261\370""1\235\2445\343\033Y!\212\201\341\272\225'\007_q\320\313\310\314;\375_\237\ne\264\364-\247\027\321\021\250\333\036\353\312}\320\231ucH\233\260\013\003""; }; ","ledgerHash: ""\250\025\373\247\354Tc\304\263\243^\352Gv\\264\261\r\035\226\306\2411\351\233\203\215\200$\231\300f""; ledgerSeq: 22; type: liBASE; nodes {;   nodedata: ""\000\000\000\026\001cEx]\211\377\330b&\270&\346ju\200\363N\320\307\004\034\001n\317\361\2653\254\2503\247\305\372\316W\022O\253x\000\000\000\000\000\000\000\000\000\000\000\000\000\000\000\000\000\000\000\000\000\000\000\000\000\000\000\000\000\000\000\000\227\364/D\211?\306|.x\036\2361\206\204\221h\344j\022\230\325Vu/\363\225\312\030%\303\214/\351\252\362/\351\252\363\n\000""; }; nodes {;   nodedata: ""\323C\344\327\264{\312-\017:\006{\177\344N\002\326bO\260\220\006\033\362\345\005U\221DzJ0\001\301\025%1L\307\t\261\262z\374\222T\301\274V\236\223\262\270Ct\362\337b\356\024*\324\320\351\317\002k\336\234\027v\351\217\260\303\360\233ZPZWr\246$w\313\313\r\243r\232\2234\373\3539:N\004Q\245\272D\312D\300\300\t\323\0257\345e\271\na\215{\226\255x%T\257\037\333\004\344_/R\006E\344\037@\210\363\010\336T\226\247'\204_{\261\370""1\235\2445\343\033Y!\212\201\341\272\225'\007_q\320\313\310\314;\375_\237\ne\264\364-\247\027\321\021\250\333\036\353\312}\320\231ucH\233\260\013\003""; }; "
1750527606495,1750527606495,0,1,1,0,TMLedgerData,"ledgerHash: ""\250\025\373\247\354Tc\304\263\243^\352Gv\\264\261\r\035\226\306\2411\351\233\203\215\200$\231\300f""; ledgerSeq: 22; type: liBASE; nodes {;   nodedata: ""\000\000\000\026\001cEx]\211\377\330b&\270&\346ju\200\363N\320\307\004\034\001n\317\361\2653\254\2503\247\305\372\316W\022O\253x\000\000\000\000\000\000\000\000\000\000\000\000\000\000\000\000\000\000\000\000\000\000\000\000\000\000\000\000\000\000\000\000\227\364/D\211?\306|.x\036\2361\206\204\221h\344j\022\230\325Vu/\363\225\312\030%\303\214/\351\252\362/\351\252\363\n\000""; }; nodes {;   nodedata: ""\323C\344\327\264{\312-\017:\006{\177\344N\002\326bO\260\220\006\033\362\345\005U\221DzJ0\001\301\025%1L\307\t\261\262z\374\222T\301\274V\236\223\262\270Ct\362\337b\356\024*\324\320\351\317\002k\336\234\027v\351\217\260\303\360\233ZPZWr\246$w\313\313\r\243r\232\2234\373\3539:N\004Q\245\272D\312D\300\300\t\323\0257\345e\271\na\215{\226\255x%T\257\037\333\004\344_/R\006E\344\037@\210\363\010\336T\226\247'\204_{\261\370""1\235\2445\343\033Y!\212\201\341\272\225'\007_q\320\313\310\314;\375_\237\ne\264\364-\247\027\321\021\250\333\036\353\312}\320\231ucH\233\260\013\003""; }; ","ledgerHash: ""\250\025\373\247\354Tc\304\263\243^\352Gv\\264\261\r\035\226\306\2411\351\233\203\215\200$\231\300f""; ledgerSeq: 22; type: liBASE; nodes {;   nodedata: ""\000\000\000\026\001cEx]\211\377\330b&\270&\346ju\200\363N\320\307\004\034\001n\317\361\2653\254\2503\247\305\372\316W\022O\253x\000\000\000\000\000\000\000\000\000\000\000\000\000\000\000\000\000\000\000\000\000\000\000\000\000\000\000\000\000\000\000\000\227\364/D\211?\306|.x\036\2361\206\204\221h\344j\022\230\325Vu/\363\225\312\030%\303\214/\351\252\362/\351\252\363\n\000""; }; nodes {;   nodedata: ""\323C\344\327\264{\312-\017:\006{\177\344N\002\326bO\260\220\006\033\362\345\005U\221DzJ0\001\301\025%1L\307\t\261\262z\374\222T\301\274V\236\223\262\270Ct\362\337b\356\024*\324\320\351\317\002k\336\234\027v\351\217\260\303\360\233ZPZWr\246$w\313\313\r\243r\232\2234\373\3539:N\004Q\245\272D\312D\300\300\t\323\0257\345e\271\na\215{\226\255x%T\257\037\333\004\344_/R\006E\344\037@\210\363\010\336T\226\247'\204_{\261\370""1\235\2445\343\033Y!\212\201\341\272\225'\007_q\320\313\310\314;\375_\237\ne\264\364-\247\027\321\021\250\333\036\353\312}\320\231ucH\233\260\013\003""; }; "
1750527606497,1750527606497,0,1,3,1,TMLedgerData,"ledgerHash: ""\250\025\373\247\354Tc\304\263\243^\352Gv\\264\261\r\035\226\306\2411\351\233\203\215\200$\231\300f""; ledgerSeq: 22; type: liBASE; nodes {;   nodedata: ""\000\000\000\026\001cEx]\211\377\330b&\270&\346ju\200\363N\320\307\004\034\001n\317\361\2653\254\2503\247\305\372\316W\022O\253x\000\000\000\000\000\000\000\000\000\000\000\000\000\000\000\000\000\000\000\000\000\000\000\000\000\000\000\000\000\000\000\000\227\364/D\211?\306|.x\036\2361\206\204\221h\344j\022\230\325Vu/\363\225\312\030%\303\214/\351\252\362/\351\252\363\n\000""; }; nodes {;   nodedata: ""\323C\344\327\264{\312-\017:\006{\177\344N\002\326bO\260\220\006\033\362\345\005U\221DzJ0\001\301\025%1L\307\t\261\262z\374\222T\301\274V\236\223\262\270Ct\362\337b\356\024*\324\320\351\317\002k\336\234\027v\351\217\260\303\360\233ZPZWr\246$w\313\313\r\243r\232\2234\373\3539:N\004Q\245\272D\312D\300\300\t\323\0257\345e\271\na\215{\226\255x%T\257\037\333\004\344_/R\006E\344\037@\210\363\010\336T\226\247'\204_{\261\370""1\235\2445\343\033Y!\212\201\341\272\225'\007_q\320\313\310\314;\375_\237\ne\264\364-\247\027\321\021\250\333\036\353\312}\320\231ucH\233\260\013\003""; }; requestCookie: 3; ","ledgerHash: ""\250\025\373\247\354Tc\304\263\243^\352Gv\\264\261\r\035\226\306\2411\351\233\203\215\200$\231\300f""; ledgerSeq: 22; type: liBASE; nodes {;   nodedata: ""\000\000\000\026\001cEx]\211\377\330b&\270&\346ju\200\363N\320\307\004\034\001n\317\361\2653\254\2503\247\305\372\316W\022O\253x\000\000\000\000\000\000\000\000\000\000\000\000\000\000\000\000\000\000\000\000\000\000\000\000\000\000\000\000\000\000\000\000\227\364/D\211?\306|.x\036\2361\206\204\221h\344j\022\230\325Vu/\363\225\312\030%\303\214/\351\252\362/\351\252\363\n\000""; }; nodes {;   nodedata: ""\323C\344\327\264{\312-\017:\006{\177\344N\002\326bO\260\220\006\033\362\345\005U\221DzJ0\001\301\025%1L\307\t\261\262z\374\222T\301\274V\236\223\262\270Ct\362\337b\356\024*\324\320\351\317\002k\336\234\027v\351\217\260\303\360\233ZPZWr\246$w\313\313\r\243r\232\2234\373\3539:N\004Q\245\272D\312D\300\300\t\323\0257\345e\271\na\215{\226\255x%T\257\037\333\004\344_/R\006E\344\037@\210\363\010\336T\226\247'\204_{\261\370""1\235\2445\343\033Y!\212\201\341\272\225'\007_q\320\313\310\314;\375_\237\ne\264\364-\247\027\321\021\250\333\036\353\312}\320\231ucH\233\260\013\003""; }; requestCookie: 3; "
1750527606498,1750527606498,0,1,1,2,TMLedgerData,"ledgerHash: ""\250\025\373\247\354Tc\304\263\243^\352Gv\\264\261\r\035\226\306\2411\351\233\203\215\200$\231\300f""; ledgerSeq: 22; type: liBASE; nodes {;   nodedata: ""\000\000\000\026\001cEx]\211\377\330b&\270&\346ju\200\363N\320\307\004\034\001n\317\361\2653\254\2503\247\305\372\316W\022O\253x\000\000\000\000\000\000\000\000\000\000\000\000\000\000\000\000\000\000\000\000\000\000\000\000\000\000\000\000\000\000\000\000\227\364/D\211?\306|.x\036\2361\206\204\221h\344j\022\230\325Vu/\363\225\312\030%\303\214/\351\252\362/\351\252\363\n\000""; }; nodes {;   nodedata: ""\323C\344\327\264{\312-\017:\006{\177\344N\002\326bO\260\220\006\033\362\345\005U\221DzJ0\001\301\025%1L\307\t\261\262z\374\222T\301\274V\236\223\262\270Ct\362\337b\356\024*\324\320\351\317\002k\336\234\027v\351\217\260\303\360\233ZPZWr\246$w\313\313\r\243r\232\2234\373\3539:N\004Q\245\272D\312D\300\300\t\323\0257\345e\271\na\215{\226\255x%T\257\037\333\004\344_/R\006E\344\037@\210\363\010\336T\226\247'\204_{\261\370""1\235\2445\343\033Y!\212\201\341\272\225'\007_q\320\313\310\314;\375_\237\ne\264\364-\247\027\321\021\250\333\036\353\312}\320\231ucH\233\260\013\003""; }; ","ledgerHash: ""\250\025\373\247\354Tc\304\263\243^\352Gv\\264\261\r\035\226\306\2411\351\233\203\215\200$\231\300f""; ledgerSeq: 22; type: liBASE; nodes {;   nodedata: ""\000\000\000\026\001cEx]\211\377\330b&\270&\346ju\200\363N\320\307\004\034\001n\317\361\2653\254\2503\247\305\372\316W\022O\253x\000\000\000\000\000\000\000\000\000\000\000\000\000\000\000\000\000\000\000\000\000\000\000\000\000\000\000\000\000\000\000\000\227\364/D\211?\306|.x\036\2361\206\204\221h\344j\022\230\325Vu/\363\225\312\030%\303\214/\351\252\362/\351\252\363\n\000""; }; nodes {;   nodedata: ""\323C\344\327\264{\312-\017:\006{\177\344N\002\326bO\260\220\006\033\362\345\005U\221DzJ0\001\301\025%1L\307\t\261\262z\374\222T\301\274V\236\223\262\270Ct\362\337b\356\024*\324\320\351\317\002k\336\234\027v\351\217\260\303\360\233ZPZWr\246$w\313\313\r\243r\232\2234\373\3539:N\004Q\245\272D\312D\300\300\t\323\0257\345e\271\na\215{\226\255x%T\257\037\333\004\344_/R\006E\344\037@\210\363\010\336T\226\247'\204_{\261\370""1\235\2445\343\033Y!\212\201\341\272\225'\007_q\320\313\310\314;\375_\237\ne\264\364-\247\027\321\021\250\333\036\353\312}\320\231ucH\233\260\013\003""; }; "
1750527606537,1750527606538,0,1,3,1,TMLedgerData,"ledgerHash: ""\250\025\373\247\354Tc\304\263\243^\352Gv\\264\261\r\035\226\306\2411\351\233\203\215\200$\231\300f""; ledgerSeq: 22; type: liAS_NODE; nodes {;   nodedata: ""\021\000h""\000\000\000\000 \033\000\000\000\025\002\023\302\377\330\356GuH\375\327!\255\371\r\231\262R\256J\034\222\241\355X\265E\241^W\225\304\014\361CX-}\351f\032\255\274\334m\326c\017\014ao[\342\230\003\245\245\3341Hm\326^\017jy\335\261\032Yt\320\244{g\0306\\302\303*\341\215\223\257\364\277o\375\000r\241SOq\221\253\262\005\017\375T\356\014\360o'\030\311-\267\031\257!\031T\006><\315XM\334\324\345\034\000\325\367\240\271\013\265\024\321\362\354\211\250.\234s\225amc\305\035\366\276\037nD\277`\210\223N\3535\033\261\304f\331]\036\237\306o!\223\221\002\324\031\262\240R\177 ,\214\325\Q])\016\2067\277\t\354\010\000\360\215\2502\265\245\310\226\243c\302Ze\306\253#r\020\211\320iG\276\020E\317\035Sf\223F\254\033@\177e\277\016\010u\327\371&\262\312\317Q\2361t\377x\234\001v\003%\030\325_\225g\204\346a=\225\273\331\354\365*U\363\263N\367b\371\244\314-w\363\262\225Z\200\206\235\233\257?sE\2674\254\326mU\377?\177Ek\336\030!\316Aa\225\303\022\377{\210Y\226\271as\354L\035\004\341\361\035\301\024\220m#*\372\032\3178~\374\250\014*\323\342'z69\220\327\256\351G\367\317u\302\207\270b\315\333\333\334\310I\323&\014\352XZnW2.\335\347\202\021\247\362\212e\034\000\001\250\220\305;a\314\265R\310\017\317\331\235\360\262\240:\277\202\266\354\265X""\022\nh\252\352w\204\203\023]\001f\352\277\0031Q]\362\370R\350{\261\202\240\344\215\201\353\276\322p5p\350\354\017>\250r\241c\273\016\301\024\363\242\247\263\231\370\344\nBW\220K\316@3\243\200\036wk\253GSlU\010\360\231>\331\263H\214\324\030A\225\301o\346pkSF\004\241\213w9\223=\250\262*+\255\351r\265\244c\024\213\t\007`\223\325#\3477\210\345P\306\013\320\252[\0216+\227=`\371P\314\346 V7\271[~\n\237\274|\347\352@K\253~&\260\032\024\004B\200\255h\351\013\361\031:nG\211\005|\2003\266\274\251,W\006u\344\335d\003\306\212\313,\340\350bG\n\030Z\2732-\246\312\255\030\003\235207\005}D\260\0261ah\322M\304\216\273m0\271\234\237\007<w$\265C\245\232\033\023\313c\321B\032l\301h\005\320\252\301\361(\330[\343\357\343{\235\n\266g\272>\177\317\347\261qb&\270&\346ju\200\363N\320\307\004\034\001n\317\361\2653\254\2503\247\305\372\316W\022O\253x\264\227\2326\315\307\363\323\325\303\032N\256*\307\327 \235\332\207u\210\271\257\306g\231i*\260\326k\001"";   nodeid: ""\260\000\000\000\000\000\000\000\000\000\000\000\000\000\000\000\000\000\000\000\000\000\000\000\000\000\000\000\000\000\000\000\001""; }; ","ledgerHash: ""\250\025\373\247\354Tc\304\263\243^\352Gv\\264\261\r\035\226\306\2411\351\233\203\215\200$\231\300f""; ledgerSeq: 22; type: liAS_NODE; nodes {;   nodedata: ""\021\000h""\000\000\000\000 \033\000\000\000\025\002\023\302\377\330\356GuH\375\327!\255\371\r\231\262R\256J\034\222\241\355X\265E\241^W\225\304\014\361CX-}\351f\032\255\274\334m\326c\017\014ao[\342\230\003\245\245\3341Hm\326^\017jy\335\261\032Yt\320\244{g\0306\\302\303*\341\215\223\257\364\277o\375\000r\241SOq\221\253\262\005\017\375T\356\014\360o'\030\311-\267\031\257!\031T\006><\315XM\334\324\345\034\000\325\367\240\271\013\265\024\321\362\354\211\250.\234s\225amc\305\035\366\276\037nD\277`\210\223N\3535\033\261\304f\331]\036\237\306o!\223\221\002\324\031\262\240R\177 ,\214\325\Q])\016\2067\277\t\354\010\000\360\215\2502\265\245\310\226\243c\302Ze\306\253#r\020\211\320iG\276\020E\317\035Sf\223F\254\033@\177e\277\016\010u\327\371&\262\312\317Q\2361t\377x\234\001v\003%\030\325_\225g\204\346a=\225\273\331\354\365*U\363\263N\367b\371\244\314-w\363\262\225Z\200\206\235\233\257?sE\2674\254\326mU\377?\177Ek\336\030!\316Aa\225\303\022\377{\210Y\226\271as\354L\035\004\341\361\035\301\024\220m#*\372\032\3178~\374\250\014*\323\342'z69\220\327\256\351G\367\317u\302\207\270b\315\333\333\334\310I\323&\014\352XZnW2.\335\347\202\021\247\362\212e\034\000\001\250\220\305;a\314\265R\310\017\317\331\235\360\262\240:\277\202\266\354\265X""\022\nh\252\352w\204\203\023]\001f\352\277\0031Q]\362\370R\350{\261\202\240\344\215\201\353\276\322p5p\350\354\017>\250r\241c\273\016\301\024\363\242\247\263\231\370\344\nBW\220K\316@3\243\200\036wk\253GSlU\010\360\231>\331\263H\214\324\030A\225\301o\346pkSF\004\241\213w9\223=\250\262*+\255\351r\265\244c\024\213\t\007`\223\325#\3477\210\345P\306\013\320\252[\0216+\227=`\371P\314\346 V7\271[~\n\237\274|\347\352@K\253~&\260\032\024\004B\200\255h\351\013\361\031:nG\211\005|\2003\266\274\251,W\006u\344\335d\003\306\212\313,\340\350bG\n\030Z\2732-\246\312\255\030\003\235207\005}D\260\0261ah\322M\304\216\273m0\271\234\237\007<w$\265C\245\232\033\023\313c\321B\032l\301h\005\320\252\301\361(\330[\343\357\343{\235\n\266g\272>\177\317\347\261qb&\270&\346ju\200\363N\320\307\004\034\001n\317\361\2653\254\2503\247\305\372\316W\022O\253x\264\227\2326\315\307\363\323\325\303\032N\256*\307\327 \235\332\207u\210\271\257\306g\231i*\260\326k\001"";   nodeid: ""\260\000\000\000\000\000\000\000\000\000\000\000\000\000\000\000\000\000\000\000\000\000\000\000\000\000\000\000\000\000\000\000\001""; }; "
1750527606602,1750527606602,0,1,4,2,TMStatusChange,"newEvent: neACCEPTED_LEDGER; ledgerSeq: 22; ledgerHash: ""\250\025\373\247\354Tc\304\263\243^\352Gv\\264\261\r\035\226\306\2411\351\233\203\215\200$\231\300f""; ledgerHashPrevious: ""b&\270&\346ju\200\363N\320\307\004\034\001n\317\361\2653\254\2503\247\305\372\316W\022O\253x""; networkTime: 803842806; firstSeq: 1; lastSeq: 21; ","newEvent: neACCEPTED_LEDGER; ledgerSeq: 22; ledgerHash: ""\250\025\373\247\354Tc\304\263\243^\352Gv\\264\261\r\035\226\306\2411\351\233\203\215\200$\231\300f""; ledgerHashPrevious: ""b&\270&\346ju\200\363N\320\307\004\034\001n\317\361\2653\254\2503\247\305\372\316W\022O\253x""; networkTime: 803842806; firstSeq: 1; lastSeq: 21; "
1750527606602,1750527606602,0,1,4,3,TMStatusChange,"newEvent: neACCEPTED_LEDGER; ledgerSeq: 22; ledgerHash: ""\250\025\373\247\354Tc\304\263\243^\352Gv\\264\261\r\035\226\306\2411\351\233\203\215\200$\231\300f""; ledgerHashPrevious: ""b&\270&\346ju\200\363N\320\307\004\034\001n\317\361\2653\254\2503\247\305\372\316W\022O\253x""; networkTime: 803842806; firstSeq: 1; lastSeq: 21; ","newEvent: neACCEPTED_LEDGER; ledgerSeq: 22; ledgerHash: ""\250\025\373\247\354Tc\304\263\243^\352Gv\\264\261\r\035\226\306\2411\351\233\203\215\200$\231\300f""; ledgerHashPrevious: ""b&\270&\346ju\200\363N\320\307\004\034\001n\317\361\2653\254\2503\247\305\372\316W\022O\253x""; networkTime: 803842806; firstSeq: 1; lastSeq: 21; "
1750527606603,1750527606603,0,1,4,0,TMStatusChange,"newEvent: neACCEPTED_LEDGER; ledgerSeq: 22; ledgerHash: ""\250\025\373\247\354Tc\304\263\243^\352Gv\\264\261\r\035\226\306\2411\351\233\203\215\200$\231\300f""; ledgerHashPrevious: ""b&\270&\346ju\200\363N\320\307\004\034\001n\317\361\2653\254\2503\247\305\372\316W\022O\253x""; networkTime: 803842806; firstSeq: 1; lastSeq: 21; ","newEvent: neACCEPTED_LEDGER; ledgerSeq: 22; ledgerHash: ""\250\025\373\247\354Tc\304\263\243^\352Gv\\264\261\r\035\226\306\2411\351\233\203\215\200$\231\300f""; ledgerHashPrevious: ""b&\270&\346ju\200\363N\320\307\004\034\001n\317\361\2653\254\2503\247\305\372\316W\022O\253x""; networkTime: 803842806; firstSeq: 1; lastSeq: 21; "
1750527606603,1750527606603,0,1,4,1,TMStatusChange,"newEvent: neACCEPTED_LEDGER; ledgerSeq: 22; ledgerHash: ""\250\025\373\247\354Tc\304\263\243^\352Gv\\264\261\r\035\226\306\2411\351\233\203\215\200$\231\300f""; ledgerHashPrevious: ""b&\270&\346ju\200\363N\320\307\004\034\001n\317\361\2653\254\2503\247\305\372\316W\022O\253x""; networkTime: 803842806; firstSeq: 1; lastSeq: 21; ","newEvent: neACCEPTED_LEDGER; ledgerSeq: 22; ledgerHash: ""\250\025\373\247\354Tc\304\263\243^\352Gv\\264\261\r\035\226\306\2411\351\233\203\215\200$\231\300f""; ledgerHashPrevious: ""b&\270&\346ju\200\363N\320\307\004\034\001n\317\361\2653\254\2503\247\305\372\316W\022O\253x""; networkTime: 803842806; firstSeq: 1; lastSeq: 21; "
1750527606642,1750527606642,0,1,4,3,TMValidation,"validation: """"\200\000\000\001&\000\000\000\026)/\351\252\366:\r\302\353\023?\373\240rQ\250\025\373\247\354Tc\304\263\243^\352Gv\\264\261\r\035\226\306\2411\351\233\203\215\200$\231\300fP\027\000\000\000\000\000\000\000\000\000\000\000\000\000\000\000\000\000\000\000\000\000\000\000\000\000\000\000\000\000\000\000\000P\031b&\270&\346ju\200\363N\320\307\004\034\001n\317\361\2653\254\2503\247\305\372\316W\022O\253xs!\003R7o\362bV\300hf\266\241;}\200^\374\240\203[:\342Q\225\221\027y\372\255\235\216\323~vF0D\002 b\006)\264\036\357/d\326\245\033y\317Z|\003B\312z\312\301j\251L&\013Z\325j\217\361\377\002  \312\007\303\007\374\336\315W9\357\022B|\244\207\312\2226\341#IbQ\nI\252\037\345\360@:""; ","validation: """"\200\000\000\001&\000\000\000\026)/\351\252\366:\r\302\353\023?\373\240rQ\250\025\373\247\354Tc\304\263\243^\352Gv\\264\261\r\035\226\306\2411\351\233\203\215\200$\231\300fP\027\000\000\000\000\000\000\000\000\000\000\000\000\000\000\000\000\000\000\000\000\000\000\000\000\000\000\000\000\000\000\000\000P\031b&\270&\346ju\200\363N\320\307\004\034\001n\317\361\2653\254\2503\247\305\372\316W\022O\253xs!\003R7o\362bV\300hf\266\241;}\200^\374\240\203[:\342Q\225\221\027y\372\255\235\216\323~vF0D\002 b\006)\264\036\357/d\326\245\033y\317Z|\003B\312z\312\301j\251L&\013Z\325j\217\361\377\002  \312\007\303\007\374\336\315W9\357\022B|\244\207\312\2226\341#IbQ\nI\252\037\345\360@:""; "
1750527606643,1750527606643,0,1,4,1,TMValidation,"validation: """"\200\000\000\001&\000\000\000\026)/\351\252\366:\r\302\353\023?\373\240rQ\250\025\373\247\354Tc\304\263\243^\352Gv\\264\261\r\035\226\306\2411\351\233\203\215\200$\231\300fP\027\000\000\000\000\000\000\000\000\000\000\000\000\000\000\000\000\000\000\000\000\000\000\000\000\000\000\000\000\000\000\000\000P\031b&\270&\346ju\200\363N\320\307\004\034\001n\317\361\2653\254\2503\247\305\372\316W\022O\253xs!\003R7o\362bV\300hf\266\241;}\200^\374\240\203[:\342Q\225\221\027y\372\255\235\216\323~vF0D\002 b\006)\264\036\357/d\326\245\033y\317Z|\003B\312z\312\301j\251L&\013Z\325j\217\361\377\002  \312\007\303\007\374\336\315W9\357\022B|\244\207\312\2226\341#IbQ\nI\252\037\345\360@:""; ","validation: """"\200\000\000\001&\000\000\000\026)/\351\252\366:\r\302\353\023?\373\240rQ\250\025\373\247\354Tc\304\263\243^\352Gv\\264\261\r\035\226\306\2411\351\233\203\215\200$\231\300fP\027\000\000\000\000\000\000\000\000\000\000\000\000\000\000\000\000\000\000\000\000\000\000\000\000\000\000\000\000\000\000\000\000P\031b&\270&\346ju\200\363N\320\307\004\034\001n\317\361\2653\254\2503\247\305\372\316W\022O\253xs!\003R7o\362bV\300hf\266\241;}\200^\374\240\203[:\342Q\225\221\027y\372\255\235\216\323~vF0D\002 b\006)\264\036\357/d\326\245\033y\317Z|\003B\312z\312\301j\251L&\013Z\325j\217\361\377\002  \312\007\303\007\374\336\315W9\357\022B|\244\207\312\2226\341#IbQ\nI\252\037\345\360@:""; "
1750527606643,1750527606643,0,1,4,0,TMValidation,"validation: """"\200\000\000\001&\000\000\000\026)/\351\252\366:\r\302\353\023?\373\240rQ\250\025\373\247\354Tc\304\263\243^\352Gv\\264\261\r\035\226\306\2411\351\233\203\215\200$\231\300fP\027\000\000\000\000\000\000\000\000\000\000\000\000\000\000\000\000\000\000\000\000\000\000\000\000\000\000\000\000\000\000\000\000P\031b&\270&\346ju\200\363N\320\307\004\034\001n\317\361\2653\254\2503\247\305\372\316W\022O\253xs!\003R7o\362bV\300hf\266\241;}\200^\374\240\203[:\342Q\225\221\027y\372\255\235\216\323~vF0D\002 b\006)\264\036\357/d\326\245\033y\317Z|\003B\312z\312\301j\251L&\013Z\325j\217\361\377\002  \312\007\303\007\374\336\315W9\357\022B|\244\207\312\2226\341#IbQ\nI\252\037\345\360@:""; ","validation: """"\200\000\000\001&\000\000\000\026)/\351\252\366:\r\302\353\023?\373\240rQ\250\025\373\247\354Tc\304\263\243^\352Gv\\264\261\r\035\226\306\2411\351\233\203\215\200$\231\300fP\027\000\000\000\000\000\000\000\000\000\000\000\000\000\000\000\000\000\000\000\000\000\000\000\000\000\000\000\000\000\000\000\000P\031b&\270&\346ju\200\363N\320\307\004\034\001n\317\361\2653\254\2503\247\305\372\316W\022O\253xs!\003R7o\362bV\300hf\266\241;}\200^\374\240\203[:\342Q\225\221\027y\372\255\235\216\323~vF0D\002 b\006)\264\036\357/d\326\245\033y\317Z|\003B\312z\312\301j\251L&\013Z\325j\217\361\377\002  \312\007\303\007\374\336\315W9\357\022B|\244\207\312\2226\341#IbQ\nI\252\037\345\360@:""; "
1750527606644,1750527606644,0,1,4,2,TMValidation,"validation: """"\200\000\000\001&\000\000\000\026)/\351\252\366:\r\302\353\023?\373\240rQ\250\025\373\247\354Tc\304\263\243^\352Gv\\264\261\r\035\226\306\2411\351\233\203\215\200$\231\300fP\027\000\000\000\000\000\000\000\000\000\000\000\000\000\000\000\000\000\000\000\000\000\000\000\000\000\000\000\000\000\000\000\000P\031b&\270&\346ju\200\363N\320\307\004\034\001n\317\361\2653\254\2503\247\305\372\316W\022O\253xs!\003R7o\362bV\300hf\266\241;}\200^\374\240\203[:\342Q\225\221\027y\372\255\235\216\323~vF0D\002 b\006)\264\036\357/d\326\245\033y\317Z|\003B\312z\312\301j\251L&\013Z\325j\217\361\377\002  \312\007\303\007\374\336\315W9\357\022B|\244\207\312\2226\341#IbQ\nI\252\037\345\360@:""; ","validation: """"\200\000\000\001&\000\000\000\026)/\351\252\366:\r\302\353\023?\373\240rQ\250\025\373\247\354Tc\304\263\243^\352Gv\\264\261\r\035\226\306\2411\351\233\203\215\200$\231\300fP\027\000\000\000\000\000\000\000\000\000\000\000\000\000\000\000\000\000\000\000\000\000\000\000\000\000\000\000\000\000\000\000\000P\031b&\270&\346ju\200\363N\320\307\004\034\001n\317\361\2653\254\2503\247\305\372\316W\022O\253xs!\003R7o\362bV\300hf\266\241;}\200^\374\240\203[:\342Q\225\221\027y\372\255\235\216\323~vF0D\002 b\006)\264\036\357/d\326\245\033y\317Z|\003B\312z\312\301j\251L&\013Z\325j\217\361\377\002  \312\007\303\007\374\336\315W9\357\022B|\244\207\312\2226\341#IbQ\nI\252\037\345\360@:""; "
1750527606645,1750527606645,0,1,3,1,TMValidation,"validation: """"\200\000\000\001&\000\000\000\026)/\351\252\366:\r\302\353\023?\373\240rQ\250\025\373\247\354Tc\304\263\243^\352Gv\\264\261\r\035\226\306\2411\351\233\203\215\200$\231\300fP\027\000\000\000\000\000\000\000\000\000\000\000\000\000\000\000\000\000\000\000\000\000\000\000\000\000\000\000\000\000\000\000\000P\031b&\270&\346ju\200\363N\320\307\004\034\001n\317\361\2653\254\2503\247\305\372\316W\022O\253xs!\003R7o\362bV\300hf\266\241;}\200^\374\240\203[:\342Q\225\221\027y\372\255\235\216\323~vF0D\002 b\006)\264\036\357/d\326\245\033y\317Z|\003B\312z\312\301j\251L&\013Z\325j\217\361\377\002  \312\007\303\007\374\336\315W9\357\022B|\244\207\312\2226\341#IbQ\nI\252\037\345\360@:""; ","validation: """"\200\000\000\001&\000\000\000\026)/\351\252\366:\r\302\353\023?\373\240rQ\250\025\373\247\354Tc\304\263\243^\352Gv\\264\261\r\035\226\306\2411\351\233\203\215\200$\231\300fP\027\000\000\000\000\000\000\000\000\000\000\000\000\000\000\000\000\000\000\000\000\000\000\000\000\000\000\000\000\000\000\000\000P\031b&\270&\346ju\200\363N\320\307\004\034\001n\317\361\2653\254\2503\247\305\372\316W\022O\253xs!\003R7o\362bV\300hf\266\241;}\200^\374\240\203[:\342Q\225\221\027y\372\255\235\216\323~vF0D\002 b\006)\264\036\357/d\326\245\033y\317Z|\003B\312z\312\301j\251L&\013Z\325j\217\361\377\002  \312\007\303\007\374\336\315W9\357\022B|\244\207\312\2226\341#IbQ\nI\252\037\345\360@:""; "
1750527606646,1750527606646,0,1,3,2,TMValidation,"validation: """"\200\000\000\001&\000\000\000\026)/\351\252\366:\r\302\353\023?\373\240rQ\250\025\373\247\354Tc\304\263\243^\352Gv\\264\261\r\035\226\306\2411\351\233\203\215\200$\231\300fP\027\000\000\000\000\000\000\000\000\000\000\000\000\000\000\000\000\000\000\000\000\000\000\000\000\000\000\000\000\000\000\000\000P\031b&\270&\346ju\200\363N\320\307\004\034\001n\317\361\2653\254\2503\247\305\372\316W\022O\253xs!\003R7o\362bV\300hf\266\241;}\200^\374\240\203[:\342Q\225\221\027y\372\255\235\216\323~vF0D\002 b\006)\264\036\357/d\326\245\033y\317Z|\003B\312z\312\301j\251L&\013Z\325j\217\361\377\002  \312\007\303\007\374\336\315W9\357\022B|\244\207\312\2226\341#IbQ\nI\252\037\345\360@:""; ","validation: """"\200\000\000\001&\000\000\000\026)/\351\252\366:\r\302\353\023?\373\240rQ\250\025\373\247\354Tc\304\263\243^\352Gv\\264\261\r\035\226\306\2411\351\233\203\215\200$\231\300fP\027\000\000\000\000\000\000\000\000\000\000\000\000\000\000\000\000\000\000\000\000\000\000\000\000\000\000\000\000\000\000\000\000P\031b&\270&\346ju\200\363N\320\307\004\034\001n\317\361\2653\254\2503\247\305\372\316W\022O\253xs!\003R7o\362bV\300hf\266\241;}\200^\374\240\203[:\342Q\225\221\027y\372\255\235\216\323~vF0D\002 b\006)\264\036\357/d\326\245\033y\317Z|\003B\312z\312\301j\251L&\013Z\325j\217\361\377\002  \312\007\303\007\374\336\315W9\357\022B|\244\207\312\2226\341#IbQ\nI\252\037\345\360@:""; "
1750527606646,1750527606646,0,1,3,0,TMValidation,"validation: """"\200\000\000\001&\000\000\000\026)/\351\252\366:\r\302\353\023?\373\240rQ\250\025\373\247\354Tc\304\263\243^\352Gv\\264\261\r\035\226\306\2411\351\233\203\215\200$\231\300fP\027\000\000\000\000\000\000\000\000\000\000\000\000\000\000\000\000\000\000\000\000\000\000\000\000\000\000\000\000\000\000\000\000P\031b&\270&\346ju\200\363N\320\307\004\034\001n\317\361\2653\254\2503\247\305\372\316W\022O\253xs!\003R7o\362bV\300hf\266\241;}\200^\374\240\203[:\342Q\225\221\027y\372\255\235\216\323~vF0D\002 b\006)\264\036\357/d\326\245\033y\317Z|\003B\312z\312\301j\251L&\013Z\325j\217\361\377\002  \312\007\303\007\374\336\315W9\357\022B|\244\207\312\2226\341#IbQ\nI\252\037\345\360@:""; ","validation: """"\200\000\000\001&\000\000\000\026)/\351\252\366:\r\302\353\023?\373\240rQ\250\025\373\247\354Tc\304\263\243^\352Gv\\264\261\r\035\226\306\2411\351\233\203\215\200$\231\300fP\027\000\000\000\000\000\000\000\000\000\000\000\000\000\000\000\000\000\000\000\000\000\000\000\000\000\000\000\000\000\000\000\000P\031b&\270&\346ju\200\363N\320\307\004\034\001n\317\361\2653\254\2503\247\305\372\316W\022O\253xs!\003R7o\362bV\300hf\266\241;}\200^\374\240\203[:\342Q\225\221\027y\372\255\235\216\323~vF0D\002 b\006)\264\036\357/d\326\245\033y\317Z|\003B\312z\312\301j\251L&\013Z\325j\217\361\377\002  \312\007\303\007\374\336\315W9\357\022B|\244\207\312\2226\341#IbQ\nI\252\037\345\360@:""; "
1750527606647,1750527606647,0,1,1,3,TMValidation,"validation: """"\200\000\000\001&\000\000\000\026)/\351\252\366:\r\302\353\023?\373\240rQ\250\025\373\247\354Tc\304\263\243^\352Gv\\264\261\r\035\226\306\2411\351\233\203\215\200$\231\300fP\027\000\000\000\000\000\000\000\000\000\000\000\000\000\000\000\000\000\000\000\000\000\000\000\000\000\000\000\000\000\000\000\000P\031b&\270&\346ju\200\363N\320\307\004\034\001n\317\361\2653\254\2503\247\305\372\316W\022O\253xs!\003R7o\362bV\300hf\266\241;}\200^\374\240\203[:\342Q\225\221\027y\372\255\235\216\323~vF0D\002 b\006)\264\036\357/d\326\245\033y\317Z|\003B\312z\312\301j\251L&\013Z\325j\217\361\377\002  \312\007\303\007\374\336\315W9\357\022B|\244\207\312\2226\341#IbQ\nI\252\037\345\360@:""; ","validation: """"\200\000\000\001&\000\000\000\026)/\351\252\366:\r\302\353\023?\373\240rQ\250\025\373\247\354Tc\304\263\243^\352Gv\\264\261\r\035\226\306\2411\351\233\203\215\200$\231\300fP\027\000\000\000\000\000\000\000\000\000\000\000\000\000\000\000\000\000\000\000\000\000\000\000\000\000\000\000\000\000\000\000\000P\031b&\270&\346ju\200\363N\320\307\004\034\001n\317\361\2653\254\2503\247\305\372\316W\022O\253xs!\003R7o\362bV\300hf\266\241;}\200^\374\240\203[:\342Q\225\221\027y\372\255\235\216\323~vF0D\002 b\006)\264\036\357/d\326\245\033y\317Z|\003B\312z\312\301j\251L&\013Z\325j\217\361\377\002  \312\007\303\007\374\336\315W9\357\022B|\244\207\312\2226\341#IbQ\nI\252\037\345\360@:""; "
1750527606647,1750527606648,0,1,1,0,TMValidation,"validation: """"\200\000\000\001&\000\000\000\026)/\351\252\366:\r\302\353\023?\373\240rQ\250\025\373\247\354Tc\304\263\243^\352Gv\\264\261\r\035\226\306\2411\351\233\203\215\200$\231\300fP\027\000\000\000\000\000\000\000\000\000\000\000\000\000\000\000\000\000\000\000\000\000\000\000\000\000\000\000\000\000\000\000\000P\031b&\270&\346ju\200\363N\320\307\004\034\001n\317\361\2653\254\2503\247\305\372\316W\022O\253xs!\003R7o\362bV\300hf\266\241;}\200^\374\240\203[:\342Q\225\221\027y\372\255\235\216\323~vF0D\002 b\006)\264\036\357/d\326\245\033y\317Z|\003B\312z\312\301j\251L&\013Z\325j\217\361\377\002  \312\007\303\007\374\336\315W9\357\022B|\244\207\312\2226\341#IbQ\nI\252\037\345\360@:""; ","validation: """"\200\000\000\001&\000\000\000\026)/\351\252\366:\r\302\353\023?\373\240rQ\250\025\373\247\354Tc\304\263\243^\352Gv\\264\261\r\035\226\306\2411\351\233\203\215\200$\231\300fP\027\000\000\000\000\000\000\000\000\000\000\000\000\000\000\000\000\000\000\000\000\000\000\000\000\000\000\000\000\000\000\000\000P\031b&\270&\346ju\200\363N\320\307\004\034\001n\317\361\2653\254\2503\247\305\372\316W\022O\253xs!\003R7o\362bV\300hf\266\241;}\200^\374\240\203[:\342Q\225\221\027y\372\255\235\216\323~vF0D\002 b\006)\264\036\357/d\326\245\033y\317Z|\003B\312z\312\301j\251L&\013Z\325j\217\361\377\002  \312\007\303\007\374\336\315W9\357\022B|\244\207\312\2226\341#IbQ\nI\252\037\345\360@:""; "
1750527606648,1750527606648,0,1,1,2,TMValidation,"validation: """"\200\000\000\001&\000\000\000\026)/\351\252\366:\r\302\353\023?\373\240rQ\250\025\373\247\354Tc\304\263\243^\352Gv\\264\261\r\035\226\306\2411\351\233\203\215\200$\231\300fP\027\000\000\000\000\000\000\000\000\000\000\000\000\000\000\000\000\000\000\000\000\000\000\000\000\000\000\000\000\000\000\000\000P\031b&\270&\346ju\200\363N\320\307\004\034\001n\317\361\2653\254\2503\247\305\372\316W\022O\253xs!\003R7o\362bV\300hf\266\241;}\200^\374\240\203[:\342Q\225\221\027y\372\255\235\216\323~vF0D\002 b\006)\264\036\357/d\326\245\033y\317Z|\003B\312z\312\301j\251L&\013Z\325j\217\361\377\002  \312\007\303\007\374\336\315W9\357\022B|\244\207\312\2226\341#IbQ\nI\252\037\345\360@:""; ","validation: """"\200\000\000\001&\000\000\000\026)/\351\252\366:\r\302\353\023?\373\240rQ\250\025\373\247\354Tc\304\263\243^\352Gv\\264\261\r\035\226\306\2411\351\233\203\215\200$\231\300fP\027\000\000\000\000\000\000\000\000\000\000\000\000\000\000\000\000\000\000\000\000\000\000\000\000\000\000\000\000\000\000\000\000P\031b&\270&\346ju\200\363N\320\307\004\034\001n\317\361\2653\254\2503\247\305\372\316W\022O\253xs!\003R7o\362bV\300hf\266\241;}\200^\374\240\203[:\342Q\225\221\027y\372\255\235\216\323~vF0D\002 b\006)\264\036\357/d\326\245\033y\317Z|\003B\312z\312\301j\251L&\013Z\325j\217\361\377\002  \312\007\303\007\374\336\315W9\357\022B|\244\207\312\2226\341#IbQ\nI\252\037\345\360@:""; "
1750527606649,1750527606649,0,1,0,1,TMValidation,"validation: """"\200\000\000\001&\000\000\000\026)/\351\252\366:\r\302\353\023?\373\240rQ\250\025\373\247\354Tc\304\263\243^\352Gv\\264\261\r\035\226\306\2411\351\233\203\215\200$\231\300fP\027\000\000\000\000\000\000\000\000\000\000\000\000\000\000\000\000\000\000\000\000\000\000\000\000\000\000\000\000\000\000\000\000P\031b&\270&\346ju\200\363N\320\307\004\034\001n\317\361\2653\254\2503\247\305\372\316W\022O\253xs!\003R7o\362bV\300hf\266\241;}\200^\374\240\203[:\342Q\225\221\027y\372\255\235\216\323~vF0D\002 b\006)\264\036\357/d\326\245\033y\317Z|\003B\312z\312\301j\251L&\013Z\325j\217\361\377\002  \312\007\303\007\374\336\315W9\357\022B|\244\207\312\2226\341#IbQ\nI\252\037\345\360@:""; ","validation: """"\200\000\000\001&\000\000\000\026)/\351\252\366:\r\302\353\023?\373\240rQ\250\025\373\247\354Tc\304\263\243^\352Gv\\264\261\r\035\226\306\2411\351\233\203\215\200$\231\300fP\027\000\000\000\000\000\000\000\000\000\000\000\000\000\000\000\000\000\000\000\000\000\000\000\000\000\000\000\000\000\000\000\000P\031b&\270&\346ju\200\363N\320\307\004\034\001n\317\361\2653\254\2503\247\305\372\316W\022O\253xs!\003R7o\362bV\300hf\266\241;}\200^\374\240\203[:\342Q\225\221\027y\372\255\235\216\323~vF0D\002 b\006)\264\036\357/d\326\245\033y\317Z|\003B\312z\312\301j\251L&\013Z\325j\217\361\377\002  \312\007\303\007\374\336\315W9\357\022B|\244\207\312\2226\341#IbQ\nI\252\037\345\360@:""; "
1750527606650,1750527606650,0,1,0,3,TMValidation,"validation: """"\200\000\000\001&\000\000\000\026)/\351\252\366:\r\302\353\023?\373\240rQ\250\025\373\247\354Tc\304\263\243^\352Gv\\264\261\r\035\226\306\2411\351\233\203\215\200$\231\300fP\027\000\000\000\000\000\000\000\000\000\000\000\000\000\000\000\000\000\000\000\000\000\000\000\000\000\000\000\000\000\000\000\000P\031b&\270&\346ju\200\363N\320\307\004\034\001n\317\361\2653\254\2503\247\305\372\316W\022O\253xs!\003R7o\362bV\300hf\266\241;}\200^\374\240\203[:\342Q\225\221\027y\372\255\235\216\323~vF0D\002 b\006)\264\036\357/d\326\245\033y\317Z|\003B\312z\312\301j\251L&\013Z\325j\217\361\377\002  \312\007\303\007\374\336\315W9\357\022B|\244\207\312\2226\341#IbQ\nI\252\037\345\360@:""; ","validation: """"\200\000\000\001&\000\000\000\026)/\351\252\366:\r\302\353\023?\373\240rQ\250\025\373\247\354Tc\304\263\243^\352Gv\\264\261\r\035\226\306\2411\351\233\203\215\200$\231\300fP\027\000\000\000\000\000\000\000\000\000\000\000\000\000\000\000\000\000\000\000\000\000\000\000\000\000\000\000\000\000\000\000\000P\031b&\270&\346ju\200\363N\320\307\004\034\001n\317\361\2653\254\2503\247\305\372\316W\022O\253xs!\003R7o\362bV\300hf\266\241;}\200^\374\240\203[:\342Q\225\221\027y\372\255\235\216\323~vF0D\002 b\006)\264\036\357/d\326\245\033y\317Z|\003B\312z\312\301j\251L&\013Z\325j\217\361\377\002  \312\007\303\007\374\336\315W9\357\022B|\244\207\312\2226\341#IbQ\nI\252\037\345\360@:""; "
1750527606650,1750527606650,0,1,0,2,TMValidation,"validation: """"\200\000\000\001&\000\000\000\026)/\351\252\366:\r\302\353\023?\373\240rQ\250\025\373\247\354Tc\304\263\243^\352Gv\\264\261\r\035\226\306\2411\351\233\203\215\200$\231\300fP\027\000\000\000\000\000\000\000\000\000\000\000\000\000\000\000\000\000\000\000\000\000\000\000\000\000\000\000\000\000\000\000\000P\031b&\270&\346ju\200\363N\320\307\004\034\001n\317\361\2653\254\2503\247\305\372\316W\022O\253xs!\003R7o\362bV\300hf\266\241;}\200^\374\240\203[:\342Q\225\221\027y\372\255\235\216\323~vF0D\002 b\006)\264\036\357/d\326\245\033y\317Z|\003B\312z\312\301j\251L&\013Z\325j\217\361\377\002  \312\007\303\007\374\336\315W9\357\022B|\244\207\312\2226\341#IbQ\nI\252\037\345\360@:""; ","validation: """"\200\000\000\001&\000\000\000\026)/\351\252\366:\r\302\353\023?\373\240rQ\250\025\373\247\354Tc\304\263\243^\352Gv\\264\261\r\035\226\306\2411\351\233\203\215\200$\231\300fP\027\000\000\000\000\000\000\000\000\000\000\000\000\000\000\000\000\000\000\000\000\000\000\000\000\000\000\000\000\000\000\000\000P\031b&\270&\346ju\200\363N\320\307\004\034\001n\317\361\2653\254\2503\247\305\372\316W\022O\253xs!\003R7o\362bV\300hf\266\241;}\200^\374\240\203[:\342Q\225\221\027y\372\255\235\216\323~vF0D\002 b\006)\264\036\357/d\326\245\033y\317Z|\003B\312z\312\301j\251L&\013Z\325j\217\361\377\002  \312\007\303\007\374\336\315W9\357\022B|\244\207\312\2226\341#IbQ\nI\252\037\345\360@:""; "
1750527606650,1750527606650,0,1,2,3,TMValidation,"validation: """"\200\000\000\001&\000\000\000\026)/\351\252\366:\r\302\353\023?\373\240rQ\250\025\373\247\354Tc\304\263\243^\352Gv\\264\261\r\035\226\306\2411\351\233\203\215\200$\231\300fP\027\000\000\000\000\000\000\000\000\000\000\000\000\000\000\000\000\000\000\000\000\000\000\000\000\000\000\000\000\000\000\000\000P\031b&\270&\346ju\200\363N\320\307\004\034\001n\317\361\2653\254\2503\247\305\372\316W\022O\253xs!\003R7o\362bV\300hf\266\241;}\200^\374\240\203[:\342Q\225\221\027y\372\255\235\216\323~vF0D\002 b\006)\264\036\357/d\326\245\033y\317Z|\003B\312z\312\301j\251L&\013Z\325j\217\361\377\002  \312\007\303\007\374\336\315W9\357\022B|\244\207\312\2226\341#IbQ\nI\252\037\345\360@:""; ","validation: """"\200\000\000\001&\000\000\000\026)/\351\252\366:\r\302\353\023?\373\240rQ\250\025\373\247\354Tc\304\263\243^\352Gv\\264\261\r\035\226\306\2411\351\233\203\215\200$\231\300fP\027\000\000\000\000\000\000\000\000\000\000\000\000\000\000\000\000\000\000\000\000\000\000\000\000\000\000\000\000\000\000\000\000P\031b&\270&\346ju\200\363N\320\307\004\034\001n\317\361\2653\254\2503\247\305\372\316W\022O\253xs!\003R7o\362bV\300hf\266\241;}\200^\374\240\203[:\342Q\225\221\027y\372\255\235\216\323~vF0D\002 b\006)\264\036\357/d\326\245\033y\317Z|\003B\312z\312\301j\251L&\013Z\325j\217\361\377\002  \312\007\303\007\374\336\315W9\357\022B|\244\207\312\2226\341#IbQ\nI\252\037\345\360@:""; "
1750527606650,1750527606650,0,1,2,0,TMValidation,"validation: """"\200\000\000\001&\000\000\000\026)/\351\252\366:\r\302\353\023?\373\240rQ\250\025\373\247\354Tc\304\263\243^\352Gv\\264\261\r\035\226\306\2411\351\233\203\215\200$\231\300fP\027\000\000\000\000\000\000\000\000\000\000\000\000\000\000\000\000\000\000\000\000\000\000\000\000\000\000\000\000\000\000\000\000P\031b&\270&\346ju\200\363N\320\307\004\034\001n\317\361\2653\254\2503\247\305\372\316W\022O\253xs!\003R7o\362bV\300hf\266\241;}\200^\374\240\203[:\342Q\225\221\027y\372\255\235\216\323~vF0D\002 b\006)\264\036\357/d\326\245\033y\317Z|\003B\312z\312\301j\251L&\013Z\325j\217\361\377\002  \312\007\303\007\374\336\315W9\357\022B|\244\207\312\2226\341#IbQ\nI\252\037\345\360@:""; ","validation: """"\200\000\000\001&\000\000\000\026)/\351\252\366:\r\302\353\023?\373\240rQ\250\025\373\247\354Tc\304\263\243^\352Gv\\264\261\r\035\226\306\2411\351\233\203\215\200$\231\300fP\027\000\000\000\000\000\000\000\000\000\000\000\000\000\000\000\000\000\000\000\000\000\000\000\000\000\000\000\000\000\000\000\000P\031b&\270&\346ju\200\363N\320\307\004\034\001n\317\361\2653\254\2503\247\305\372\316W\022O\253xs!\003R7o\362bV\300hf\266\241;}\200^\374\240\203[:\342Q\225\221\027y\372\255\235\216\323~vF0D\002 b\006)\264\036\357/d\326\245\033y\317Z|\003B\312z\312\301j\251L&\013Z\325j\217\361\377\002  \312\007\303\007\374\336\315W9\357\022B|\244\207\312\2226\341#IbQ\nI\252\037\345\360@:""; "
1750527606650,1750527606651,0,1,2,1,TMValidation,"validation: """"\200\000\000\001&\000\000\000\026)/\351\252\366:\r\302\353\023?\373\240rQ\250\025\373\247\354Tc\304\263\243^\352Gv\\264\261\r\035\226\306\2411\351\233\203\215\200$\231\300fP\027\000\000\000\000\000\000\000\000\000\000\000\000\000\000\000\000\000\000\000\000\000\000\000\000\000\000\000\000\000\000\000\000P\031b&\270&\346ju\200\363N\320\307\004\034\001n\317\361\2653\254\2503\247\305\372\316W\022O\253xs!\003R7o\362bV\300hf\266\241;}\200^\374\240\203[:\342Q\225\221\027y\372\255\235\216\323~vF0D\002 b\006)\264\036\357/d\326\245\033y\317Z|\003B\312z\312\301j\251L&\013Z\325j\217\361\377\002  \312\007\303\007\374\336\315W9\357\022B|\244\207\312\2226\341#IbQ\nI\252\037\345\360@:""; ","validation: """"\200\000\000\001&\000\000\000\026)/\351\252\366:\r\302\353\023?\373\240rQ\250\025\373\247\354Tc\304\263\243^\352Gv\\264\261\r\035\226\306\2411\351\233\203\215\200$\231\300fP\027\000\000\000\000\000\000\000\000\000\000\000\000\000\000\000\000\000\000\000\000\000\000\000\000\000\000\000\000\000\000\000\000P\031b&\270&\346ju\200\363N\320\307\004\034\001n\317\361\2653\254\2503\247\305\372\316W\022O\253xs!\003R7o\362bV\300hf\266\241;}\200^\374\240\203[:\342Q\225\221\027y\372\255\235\216\323~vF0D\002 b\006)\264\036\357/d\326\245\033y\317Z|\003B\312z\312\301j\251L&\013Z\325j\217\361\377\002  \312\007\303\007\374\336\315W9\357\022B|\244\207\312\2226\341#IbQ\nI\252\037\345\360@:""; "
1750527607439,1750527607439,0,1,3,4,TMProposeSet,"proposeSeq: 0; currentTxHash: ""\000\000\000\000\000\000\000\000\000\000\000\000\000\000\000\000\000\000\000\000\000\000\000\000\000\000\000\000\000\000\000\000""; nodePubKey: ""\002\364d\217\366\217|\316F\232\231\241\n\261\333`\312O\367\235\025DD\336e\367\n\312\326\221\037\025\230""; closeTime: 803842807; signature: ""0E\002!\000\375@\036\312\350fd\371\030\331\017\224\317u\017\343\356\333\006\306\r\243\363iM\205\362\201\270t\263\r\002 +\227\323\260\030\240\002l\005\004\240\370\223a\3630\205\265\272g\242\263\206\321\322\357\275Du\036\302\253""; previousledger: ""\250\025\373\247\354Tc\304\263\243^\352Gv\\264\261\r\035\226\306\2411\351\233\203\215\200$\231\300f""; ","proposeSeq: 0; currentTxHash: ""\000\000\000\000\000\000\000\000\000\000\000\000\000\000\000\000\000\000\000\000\000\000\000\000\000\000\000\000\000\000\000\000""; nodePubKey: ""\002\364d\217\366\217|\316F\232\231\241\n\261\333`\312O\367\235\025DD\336e\367\n\312\326\221\037\025\230""; closeTime: 803842807; signature: ""0E\002!\000\375@\036\312\350fd\371\030\331\017\224\317u\017\343\356\333\006\306\r\243\363iM\205\362\201\270t\263\r\002 +\227\323\260\030\240\002l\005\004\240\370\223a\3630\205\265\272g\242\263\206\321\322\357\275Du\036\302\253""; previousledger: ""\250\025\373\247\354Tc\304\263\243^\352Gv\\264\261\r\035\226\306\2411\351\233\203\215\200$\231\300f""; "
1750527607442,1750527607442,0,1,4,2,TMProposeSet,"proposeSeq: 0; currentTxHash: ""\000\000\000\000\000\000\000\000\000\000\000\000\000\000\000\000\000\000\000\000\000\000\000\000\000\000\000\000\000\000\000\000""; nodePubKey: ""\002\364d\217\366\217|\316F\232\231\241\n\261\333`\312O\367\235\025DD\336e\367\n\312\326\221\037\025\230""; closeTime: 803842807; signature: ""0E\002!\000\375@\036\312\350fd\371\030\331\017\224\317u\017\343\356\333\006\306\r\243\363iM\205\362\201\270t\263\r\002 +\227\323\260\030\240\002l\005\004\240\370\223a\3630\205\265\272g\242\263\206\321\322\357\275Du\036\302\253""; previousledger: ""\250\025\373\247\354Tc\304\263\243^\352Gv\\264\261\r\035\226\306\2411\351\233\203\215\200$\231\300f""; ","proposeSeq: 0; currentTxHash: ""\000\000\000\000\000\000\000\000\000\000\000\000\000\000\000\000\000\000\000\000\000\000\000\000\000\000\000\000\000\000\000\000""; nodePubKey: ""\002\364d\217\366\217|\316F\232\231\241\n\261\333`\312O\367\235\025DD\336e\367\n\312\326\221\037\025\230""; closeTime: 803842807; signature: ""0E\002!\000\375@\036\312\350fd\371\030\331\017\224\317u\017\343\356\333\006\306\r\243\363iM\205\362\201\270t\263\r\002 +\227\323\260\030\240\002l\005\004\240\370\223a\3630\205\265\272g\242\263\206\321\322\357\275Du\036\302\253""; previousledger: ""\250\025\373\247\354Tc\304\263\243^\352Gv\\264\261\r\035\226\306\2411\351\233\203\215\200$\231\300f""; "
1750527607443,1750527607443,0,1,4,1,TMProposeSet,"proposeSeq: 0; currentTxHash: ""\000\000\000\000\000\000\000\000\000\000\000\000\000\000\000\000\000\000\000\000\000\000\000\000\000\000\000\000\000\000\000\000""; nodePubKey: ""\002\364d\217\366\217|\316F\232\231\241\n\261\333`\312O\367\235\025DD\336e\367\n\312\326\221\037\025\230""; closeTime: 803842807; signature: ""0E\002!\000\375@\036\312\350fd\371\030\331\017\224\317u\017\343\356\333\006\306\r\243\363iM\205\362\201\270t\263\r\002 +\227\323\260\030\240\002l\005\004\240\370\223a\3630\205\265\272g\242\263\206\321\322\357\275Du\036\302\253""; previousledger: ""\250\025\373\247\354Tc\304\263\243^\352Gv\\264\261\r\035\226\306\2411\351\233\203\215\200$\231\300f""; ","proposeSeq: 0; currentTxHash: ""\000\000\000\000\000\000\000\000\000\000\000\000\000\000\000\000\000\000\000\000\000\000\000\000\000\000\000\000\000\000\000\000""; nodePubKey: ""\002\364d\217\366\217|\316F\232\231\241\n\261\333`\312O\367\235\025DD\336e\367\n\312\326\221\037\025\230""; closeTime: 803842807; signature: ""0E\002!\000\375@\036\312\350fd\371\030\331\017\224\317u\017\343\356\333\006\306\r\243\363iM\205\362\201\270t\263\r\002 +\227\323\260\030\240\002l\005\004\240\370\223a\3630\205\265\272g\242\263\206\321\322\357\275Du\036\302\253""; previousledger: ""\250\025\373\247\354Tc\304\263\243^\352Gv\\264\261\r\035\226\306\2411\351\233\203\215\200$\231\300f""; "
1750527607443,1750527607443,0,1,4,0,TMProposeSet,"proposeSeq: 0; currentTxHash: ""\000\000\000\000\000\000\000\000\000\000\000\000\000\000\000\000\000\000\000\000\000\000\000\000\000\000\000\000\000\000\000\000""; nodePubKey: ""\002\364d\217\366\217|\316F\232\231\241\n\261\333`\312O\367\235\025DD\336e\367\n\312\326\221\037\025\230""; closeTime: 803842807; signature: ""0E\002!\000\375@\036\312\350fd\371\030\331\017\224\317u\017\343\356\333\006\306\r\243\363iM\205\362\201\270t\263\r\002 +\227\323\260\030\240\002l\005\004\240\370\223a\3630\205\265\272g\242\263\206\321\322\357\275Du\036\302\253""; previousledger: ""\250\025\373\247\354Tc\304\263\243^\352Gv\\264\261\r\035\226\306\2411\351\233\203\215\200$\231\300f""; ","proposeSeq: 0; currentTxHash: ""\000\000\000\000\000\000\000\000\000\000\000\000\000\000\000\000\000\000\000\000\000\000\000\000\000\000\000\000\000\000\000\000""; nodePubKey: ""\002\364d\217\366\217|\316F\232\231\241\n\261\333`\312O\367\235\025DD\336e\367\n\312\326\221\037\025\230""; closeTime: 803842807; signature: ""0E\002!\000\375@\036\312\350fd\371\030\331\017\224\317u\017\343\356\333\006\306\r\243\363iM\205\362\201\270t\263\r\002 +\227\323\260\030\240\002l\005\004\240\370\223a\3630\205\265\272g\242\263\206\321\322\357\275Du\036\302\253""; previousledger: ""\250\025\373\247\354Tc\304\263\243^\352Gv\\264\261\r\035\226\306\2411\351\233\203\215\200$\231\300f""; "
1750527607478,1750527607478,0,1,3,2,TMProposeSet,"proposeSeq: 0; currentTxHash: ""\000\000\000\000\000\000\000\000\000\000\000\000\000\000\000\000\000\000\000\000\000\000\000\000\000\000\000\000\000\000\000\000""; nodePubKey: ""\002\364d\217\366\217|\316F\232\231\241\n\261\333`\312O\367\235\025DD\336e\367\n\312\326\221\037\025\230""; closeTime: 803842807; signature: ""0E\002!\000\375@\036\312\350fd\371\030\331\017\224\317u\017\343\356\333\006\306\r\243\363iM\205\362\201\270t\263\r\002 +\227\323\260\030\240\002l\005\004\240\370\223a\3630\205\265\272g\242\263\206\321\322\357\275Du\036\302\253""; previousledger: ""\250\025\373\247\354Tc\304\263\243^\352Gv\\264\261\r\035\226\306\2411\351\233\203\215\200$\231\300f""; ","proposeSeq: 0; currentTxHash: ""\000\000\000\000\000\000\000\000\000\000\000\000\000\000\000\000\000\000\000\000\000\000\000\000\000\000\000\000\000\000\000\000""; nodePubKey: ""\002\364d\217\366\217|\316F\232\231\241\n\261\333`\312O\367\235\025DD\336e\367\n\312\326\221\037\025\230""; closeTime: 803842807; signature: ""0E\002!\000\375@\036\312\350fd\371\030\331\017\224\317u\017\343\356\333\006\306\r\243\363iM\205\362\201\270t\263\r\002 +\227\323\260\030\240\002l\005\004\240\370\223a\3630\205\265\272g\242\263\206\321\322\357\275Du\036\302\253""; previousledger: ""\250\025\373\247\354Tc\304\263\243^\352Gv\\264\261\r\035\226\306\2411\351\233\203\215\200$\231\300f""; "
1750527607479,1750527607479,0,1,3,0,TMProposeSet,"proposeSeq: 0; currentTxHash: ""\000\000\000\000\000\000\000\000\000\000\000\000\000\000\000\000\000\000\000\000\000\000\000\000\000\000\000\000\000\000\000\000""; nodePubKey: ""\002\364d\217\366\217|\316F\232\231\241\n\261\333`\312O\367\235\025DD\336e\367\n\312\326\221\037\025\230""; closeTime: 803842807; signature: ""0E\002!\000\375@\036\312\350fd\371\030\331\017\224\317u\017\343\356\333\006\306\r\243\363iM\205\362\201\270t\263\r\002 +\227\323\260\030\240\002l\005\004\240\370\223a\3630\205\265\272g\242\263\206\321\322\357\275Du\036\302\253""; previousledger: ""\250\025\373\247\354Tc\304\263\243^\352Gv\\264\261\r\035\226\306\2411\351\233\203\215\200$\231\300f""; ","proposeSeq: 0; currentTxHash: ""\000\000\000\000\000\000\000\000\000\000\000\000\000\000\000\000\000\000\000\000\000\000\000\000\000\000\000\000\000\000\000\000""; nodePubKey: ""\002\364d\217\366\217|\316F\232\231\241\n\261\333`\312O\367\235\025DD\336e\367\n\312\326\221\037\025\230""; closeTime: 803842807; signature: ""0E\002!\000\375@\036\312\350fd\371\030\331\017\224\317u\017\343\356\333\006\306\r\243\363iM\205\362\201\270t\263\r\002 +\227\323\260\030\240\002l\005\004\240\370\223a\3630\205\265\272g\242\263\206\321\322\357\275Du\036\302\253""; previousledger: ""\250\025\373\247\354Tc\304\263\243^\352Gv\\264\261\r\035\226\306\2411\351\233\203\215\200$\231\300f""; "
1750527607479,1750527607479,0,1,3,1,TMProposeSet,"proposeSeq: 0; currentTxHash: ""\000\000\000\000\000\000\000\000\000\000\000\000\000\000\000\000\000\000\000\000\000\000\000\000\000\000\000\000\000\000\000\000""; nodePubKey: ""\002\364d\217\366\217|\316F\232\231\241\n\261\333`\312O\367\235\025DD\336e\367\n\312\326\221\037\025\230""; closeTime: 803842807; signature: ""0E\002!\000\375@\036\312\350fd\371\030\331\017\224\317u\017\343\356\333\006\306\r\243\363iM\205\362\201\270t\263\r\002 +\227\323\260\030\240\002l\005\004\240\370\223a\3630\205\265\272g\242\263\206\321\322\357\275Du\036\302\253""; previousledger: ""\250\025\373\247\354Tc\304\263\243^\352Gv\\264\261\r\035\226\306\2411\351\233\203\215\200$\231\300f""; ","proposeSeq: 0; currentTxHash: ""\000\000\000\000\000\000\000\000\000\000\000\000\000\000\000\000\000\000\000\000\000\000\000\000\000\000\000\000\000\000\000\000""; nodePubKey: ""\002\364d\217\366\217|\316F\232\231\241\n\261\333`\312O\367\235\025DD\336e\367\n\312\326\221\037\025\230""; closeTime: 803842807; signature: ""0E\002!\000\375@\036\312\350fd\371\030\331\017\224\317u\017\343\356\333\006\306\r\243\363iM\205\362\201\270t\263\r\002 +\227\323\260\030\240\002l\005\004\240\370\223a\3630\205\265\272g\242\263\206\321\322\357\275Du\036\302\253""; previousledger: ""\250\025\373\247\354Tc\304\263\243^\352Gv\\264\261\r\035\226\306\2411\351\233\203\215\200$\231\300f""; "
1750527607438,1750527607511,0,1,3,2,TMStatusChange,"newEvent: neCLOSING_LEDGER; ledgerSeq: 22; ledgerHash: ""\250\025\373\247\354Tc\304\263\243^\352Gv\\264\261\r\035\226\306\2411\351\233\203\215\200$\231\300f""; ledgerHashPrevious: ""b&\270&\346ju\200\363N\320\307\004\034\001n\317\361\2653\254\2503\247\305\372\316W\022O\253x""; networkTime: 803842807; firstSeq: 1; lastSeq: 22; ","newEvent: neCLOSING_LEDGER; ledgerSeq: 22; ledgerHash: ""\250\025\373\247\354Tc\304\263\243^\352Gv\\264\261\r\035\226\306\2411\351\233\203\215\200$\231\300f""; ledgerHashPrevious: ""b&\270&\346ju\200\363N\320\307\004\034\001n\317\361\2653\254\2503\247\305\372\316W\022O\253x""; networkTime: 803842807; firstSeq: 1; lastSeq: 22; "
1750527607440,1750527607512,0,1,3,0,TMStatusChange,"newEvent: neCLOSING_LEDGER; ledgerSeq: 22; ledgerHash: ""\250\025\373\247\354Tc\304\263\243^\352Gv\\264\261\r\035\226\306\2411\351\233\203\215\200$\231\300f""; ledgerHashPrevious: ""b&\270&\346ju\200\363N\320\307\004\034\001n\317\361\2653\254\2503\247\305\372\316W\022O\253x""; networkTime: 803842807; firstSeq: 1; lastSeq: 22; ","newEvent: neCLOSING_LEDGER; ledgerSeq: 22; ledgerHash: ""\250\025\373\247\354Tc\304\263\243^\352Gv\\264\261\r\035\226\306\2411\351\233\203\215\200$\231\300f""; ledgerHashPrevious: ""b&\270&\346ju\200\363N\320\307\004\034\001n\317\361\2653\254\2503\247\305\372\316W\022O\253x""; networkTime: 803842807; firstSeq: 1; lastSeq: 22; "
1750527607440,1750527607512,0,1,3,1,TMStatusChange,"newEvent: neCLOSING_LEDGER; ledgerSeq: 22; ledgerHash: ""\250\025\373\247\354Tc\304\263\243^\352Gv\\264\261\r\035\226\306\2411\351\233\203\215\200$\231\300f""; ledgerHashPrevious: ""b&\270&\346ju\200\363N\320\307\004\034\001n\317\361\2653\254\2503\247\305\372\316W\022O\253x""; networkTime: 803842807; firstSeq: 1; lastSeq: 22; ","newEvent: neCLOSING_LEDGER; ledgerSeq: 22; ledgerHash: ""\250\025\373\247\354Tc\304\263\243^\352Gv\\264\261\r\035\226\306\2411\351\233\203\215\200$\231\300f""; ledgerHashPrevious: ""b&\270&\346ju\200\363N\320\307\004\034\001n\317\361\2653\254\2503\247\305\372\316W\022O\253x""; networkTime: 803842807; firstSeq: 1; lastSeq: 22; "
1750527607439,1750527607512,0,1,3,4,TMStatusChange,"newEvent: neCLOSING_LEDGER; ledgerSeq: 22; ledgerHash: ""\250\025\373\247\354Tc\304\263\243^\352Gv\\264\261\r\035\226\306\2411\351\233\203\215\200$\231\300f""; ledgerHashPrevious: ""b&\270&\346ju\200\363N\320\307\004\034\001n\317\361\2653\254\2503\247\305\372\316W\022O\253x""; networkTime: 803842807; firstSeq: 1; lastSeq: 22; ","newEvent: neCLOSING_LEDGER; ledgerSeq: 22; ledgerHash: ""\250\025\373\247\354Tc\304\263\243^\352Gv\\264\261\r\035\226\306\2411\351\233\203\215\200$\231\300f""; ledgerHashPrevious: ""b&\270&\346ju\200\363N\320\307\004\034\001n\317\361\2653\254\2503\247\305\372\316W\022O\253x""; networkTime: 803842807; firstSeq: 1; lastSeq: 22; "
1750527607603,1750527607603,0,1,4,3,TMProposeSet,"proposeSeq: 0; currentTxHash: ""\000\000\000\000\000\000\000\000\000\000\000\000\000\000\000\000\000\000\000\000\000\000\000\000\000\000\000\000\000\000\000\000""; nodePubKey: ""\003R7o\362bV\300hf\266\241;}\200^\374\240\203[:\342Q\225\221\027y\372\255\235\216\323~""; closeTime: 803842807; signature: ""0D\002 w\374\001F\303\330\330\370n3\005{AQ\n\310Cl\027\244\352\271\023\352\007\227\217c\346\247\333\324\002 hw>\204#\020\246}!)\202\204g_\034;\362\211\006-'LZ\202\245\316\211\357\206oR\214""; previousledger: ""\250\025\373\247\354Tc\304\263\243^\352Gv\\264\261\r\035\226\306\2411\351\233\203\215\200$\231\300f""; ","proposeSeq: 0; currentTxHash: ""\000\000\000\000\000\000\000\000\000\000\000\000\000\000\000\000\000\000\000\000\000\000\000\000\000\000\000\000\000\000\000\000""; nodePubKey: ""\003R7o\362bV\300hf\266\241;}\200^\374\240\203[:\342Q\225\221\027y\372\255\235\216\323~""; closeTime: 803842807; signature: ""0D\002 w\374\001F\303\330\330\370n3\005{AQ\n\310Cl\027\244\352\271\023\352\007\227\217c\346\247\333\324\002 hw>\204#\020\246}!)\202\204g_\034;\362\211\006-'LZ\202\245\316\211\357\206oR\214""; previousledger: ""\250\025\373\247\354Tc\304\263\243^\352Gv\\264\261\r\035\226\306\2411\351\233\203\215\200$\231\300f""; "
1750527607603,1750527607603,0,1,4,1,TMProposeSet,"proposeSeq: 0; currentTxHash: ""\000\000\000\000\000\000\000\000\000\000\000\000\000\000\000\000\000\000\000\000\000\000\000\000\000\000\000\000\000\000\000\000""; nodePubKey: ""\003R7o\362bV\300hf\266\241;}\200^\374\240\203[:\342Q\225\221\027y\372\255\235\216\323~""; closeTime: 803842807; signature: ""0D\002 w\374\001F\303\330\330\370n3\005{AQ\n\310Cl\027\244\352\271\023\352\007\227\217c\346\247\333\324\002 hw>\204#\020\246}!)\202\204g_\034;\362\211\006-'LZ\202\245\316\211\357\206oR\214""; previousledger: ""\250\025\373\247\354Tc\304\263\243^\352Gv\\264\261\r\035\226\306\2411\351\233\203\215\200$\231\300f""; ","proposeSeq: 0; currentTxHash: ""\000\000\000\000\000\000\000\000\000\000\000\000\000\000\000\000\000\000\000\000\000\000\000\000\000\000\000\000\000\000\000\000""; nodePubKey: ""\003R7o\362bV\300hf\266\241;}\200^\374\240\203[:\342Q\225\221\027y\372\255\235\216\323~""; closeTime: 803842807; signature: ""0D\002 w\374\001F\303\330\330\370n3\005{AQ\n\310Cl\027\244\352\271\023\352\007\227\217c\346\247\333\324\002 hw>\204#\020\246}!)\202\204g_\034;\362\211\006-'LZ\202\245\316\211\357\206oR\214""; previousledger: ""\250\025\373\247\354Tc\304\263\243^\352Gv\\264\261\r\035\226\306\2411\351\233\203\215\200$\231\300f""; "
1750527607605,1750527607605,0,1,4,2,TMProposeSet,"proposeSeq: 0; currentTxHash: ""\000\000\000\000\000\000\000\000\000\000\000\000\000\000\000\000\000\000\000\000\000\000\000\000\000\000\000\000\000\000\000\000""; nodePubKey: ""\003R7o\362bV\300hf\266\241;}\200^\374\240\203[:\342Q\225\221\027y\372\255\235\216\323~""; closeTime: 803842807; signature: ""0D\002 w\374\001F\303\330\330\370n3\005{AQ\n\310Cl\027\244\352\271\023\352\007\227\217c\346\247\333\324\002 hw>\204#\020\246}!)\202\204g_\034;\362\211\006-'LZ\202\245\316\211\357\206oR\214""; previousledger: ""\250\025\373\247\354Tc\304\263\243^\352Gv\\264\261\r\035\226\306\2411\351\233\203\215\200$\231\300f""; ","proposeSeq: 0; currentTxHash: ""\000\000\000\000\000\000\000\000\000\000\000\000\000\000\000\000\000\000\000\000\000\000\000\000\000\000\000\000\000\000\000\000""; nodePubKey: ""\003R7o\362bV\300hf\266\241;}\200^\374\240\203[:\342Q\225\221\027y\372\255\235\216\323~""; closeTime: 803842807; signature: ""0D\002 w\374\001F\303\330\330\370n3\005{AQ\n\310Cl\027\244\352\271\023\352\007\227\217c\346\247\333\324\002 hw>\204#\020\246}!)\202\204g_\034;\362\211\006-'LZ\202\245\316\211\357\206oR\214""; previousledger: ""\250\025\373\247\354Tc\304\263\243^\352Gv\\264\261\r\035\226\306\2411\351\233\203\215\200$\231\300f""; "
1750527607605,1750527607605,0,1,4,0,TMProposeSet,"proposeSeq: 0; currentTxHash: ""\000\000\000\000\000\000\000\000\000\000\000\000\000\000\000\000\000\000\000\000\000\000\000\000\000\000\000\000\000\000\000\000""; nodePubKey: ""\003R7o\362bV\300hf\266\241;}\200^\374\240\203[:\342Q\225\221\027y\372\255\235\216\323~""; closeTime: 803842807; signature: ""0D\002 w\374\001F\303\330\330\370n3\005{AQ\n\310Cl\027\244\352\271\023\352\007\227\217c\346\247\333\324\002 hw>\204#\020\246}!)\202\204g_\034;\362\211\006-'LZ\202\245\316\211\357\206oR\214""; previousledger: ""\250\025\373\247\354Tc\304\263\243^\352Gv\\264\261\r\035\226\306\2411\351\233\203\215\200$\231\300f""; ","proposeSeq: 0; currentTxHash: ""\000\000\000\000\000\000\000\000\000\000\000\000\000\000\000\000\000\000\000\000\000\000\000\000\000\000\000\000\000\000\000\000""; nodePubKey: ""\003R7o\362bV\300hf\266\241;}\200^\374\240\203[:\342Q\225\221\027y\372\255\235\216\323~""; closeTime: 803842807; signature: ""0D\002 w\374\001F\303\330\330\370n3\005{AQ\n\310Cl\027\244\352\271\023\352\007\227\217c\346\247\333\324\002 hw>\204#\020\246}!)\202\204g_\034;\362\211\006-'LZ\202\245\316\211\357\206oR\214""; previousledger: ""\250\025\373\247\354Tc\304\263\243^\352Gv\\264\261\r\035\226\306\2411\351\233\203\215\200$\231\300f""; "
1750527607606,1750527607606,0,1,3,1,TMProposeSet,"proposeSeq: 0; currentTxHash: ""\000\000\000\000\000\000\000\000\000\000\000\000\000\000\000\000\000\000\000\000\000\000\000\000\000\000\000\000\000\000\000\000""; nodePubKey: ""\003R7o\362bV\300hf\266\241;}\200^\374\240\203[:\342Q\225\221\027y\372\255\235\216\323~""; closeTime: 803842807; signature: ""0D\002 w\374\001F\303\330\330\370n3\005{AQ\n\310Cl\027\244\352\271\023\352\007\227\217c\346\247\333\324\002 hw>\204#\020\246}!)\202\204g_\034;\362\211\006-'LZ\202\245\316\211\357\206oR\214""; previousledger: ""\250\025\373\247\354Tc\304\263\243^\352Gv\\264\261\r\035\226\306\2411\351\233\203\215\200$\231\300f""; ","proposeSeq: 0; currentTxHash: ""\000\000\000\000\000\000\000\000\000\000\000\000\000\000\000\000\000\000\000\000\000\000\000\000\000\000\000\000\000\000\000\000""; nodePubKey: ""\003R7o\362bV\300hf\266\241;}\200^\374\240\203[:\342Q\225\221\027y\372\255\235\216\323~""; closeTime: 803842807; signature: ""0D\002 w\374\001F\303\330\330\370n3\005{AQ\n\310Cl\027\244\352\271\023\352\007\227\217c\346\247\333\324\002 hw>\204#\020\246}!)\202\204g_\034;\362\211\006-'LZ\202\245\316\211\357\206oR\214""; previousledger: ""\250\025\373\247\354Tc\304\263\243^\352Gv\\264\261\r\035\226\306\2411\351\233\203\215\200$\231\300f""; "
1750527607606,1750527607607,0,1,3,2,TMProposeSet,"proposeSeq: 0; currentTxHash: ""\000\000\000\000\000\000\000\000\000\000\000\000\000\000\000\000\000\000\000\000\000\000\000\000\000\000\000\000\000\000\000\000""; nodePubKey: ""\003R7o\362bV\300hf\266\241;}\200^\374\240\203[:\342Q\225\221\027y\372\255\235\216\323~""; closeTime: 803842807; signature: ""0D\002 w\374\001F\303\330\330\370n3\005{AQ\n\310Cl\027\244\352\271\023\352\007\227\217c\346\247\333\324\002 hw>\204#\020\246}!)\202\204g_\034;\362\211\006-'LZ\202\245\316\211\357\206oR\214""; previousledger: ""\250\025\373\247\354Tc\304\263\243^\352Gv\\264\261\r\035\226\306\2411\351\233\203\215\200$\231\300f""; ","proposeSeq: 0; currentTxHash: ""\000\000\000\000\000\000\000\000\000\000\000\000\000\000\000\000\000\000\000\000\000\000\000\000\000\000\000\000\000\000\000\000""; nodePubKey: ""\003R7o\362bV\300hf\266\241;}\200^\374\240\203[:\342Q\225\221\027y\372\255\235\216\323~""; closeTime: 803842807; signature: ""0D\002 w\374\001F\303\330\330\370n3\005{AQ\n\310Cl\027\244\352\271\023\352\007\227\217c\346\247\333\324\002 hw>\204#\020\246}!)\202\204g_\034;\362\211\006-'LZ\202\245\316\211\357\206oR\214""; previousledger: ""\250\025\373\247\354Tc\304\263\243^\352Gv\\264\261\r\035\226\306\2411\351\233\203\215\200$\231\300f""; "
1750527607607,1750527607607,0,1,3,0,TMProposeSet,"proposeSeq: 0; currentTxHash: ""\000\000\000\000\000\000\000\000\000\000\000\000\000\000\000\000\000\000\000\000\000\000\000\000\000\000\000\000\000\000\000\000""; nodePubKey: ""\003R7o\362bV\300hf\266\241;}\200^\374\240\203[:\342Q\225\221\027y\372\255\235\216\323~""; closeTime: 803842807; signature: ""0D\002 w\374\001F\303\330\330\370n3\005{AQ\n\310Cl\027\244\352\271\023\352\007\227\217c\346\247\333\324\002 hw>\204#\020\246}!)\202\204g_\034;\362\211\006-'LZ\202\245\316\211\357\206oR\214""; previousledger: ""\250\025\373\247\354Tc\304\263\243^\352Gv\\264\261\r\035\226\306\2411\351\233\203\215\200$\231\300f""; ","proposeSeq: 0; currentTxHash: ""\000\000\000\000\000\000\000\000\000\000\000\000\000\000\000\000\000\000\000\000\000\000\000\000\000\000\000\000\000\000\000\000""; nodePubKey: ""\003R7o\362bV\300hf\266\241;}\200^\374\240\203[:\342Q\225\221\027y\372\255\235\216\323~""; closeTime: 803842807; signature: ""0D\002 w\374\001F\303\330\330\370n3\005{AQ\n\310Cl\027\244\352\271\023\352\007\227\217c\346\247\333\324\002 hw>\204#\020\246}!)\202\204g_\034;\362\211\006-'LZ\202\245\316\211\357\206oR\214""; previousledger: ""\250\025\373\247\354Tc\304\263\243^\352Gv\\264\261\r\035\226\306\2411\351\233\203\215\200$\231\300f""; "
1750527607602,1750527607641,0,1,4,3,TMStatusChange,"newEvent: neCLOSING_LEDGER; ledgerSeq: 22; ledgerHash: ""\250\025\373\247\354Tc\304\263\243^\352Gv\\264\261\r\035\226\306\2411\351\233\203\215\200$\231\300f""; ledgerHashPrevious: ""b&\270&\346ju\200\363N\320\307\004\034\001n\317\361\2653\254\2503\247\305\372\316W\022O\253x""; networkTime: 803842807; firstSeq: 1; lastSeq: 22; ","newEvent: neCLOSING_LEDGER; ledgerSeq: 22; ledgerHash: ""\250\025\373\247\354Tc\304\263\243^\352Gv\\264\261\r\035\226\306\2411\351\233\203\215\200$\231\300f""; ledgerHashPrevious: ""b&\270&\346ju\200\363N\320\307\004\034\001n\317\361\2653\254\2503\247\305\372\316W\022O\253x""; networkTime: 803842807; firstSeq: 1; lastSeq: 22; "
1750527607605,1750527607641,0,1,4,2,TMStatusChange,"newEvent: neCLOSING_LEDGER; ledgerSeq: 22; ledgerHash: ""\250\025\373\247\354Tc\304\263\243^\352Gv\\264\261\r\035\226\306\2411\351\233\203\215\200$\231\300f""; ledgerHashPrevious: ""b&\270&\346ju\200\363N\320\307\004\034\001n\317\361\2653\254\2503\247\305\372\316W\022O\253x""; networkTime: 803842807; firstSeq: 1; lastSeq: 22; ","newEvent: neCLOSING_LEDGER; ledgerSeq: 22; ledgerHash: ""\250\025\373\247\354Tc\304\263\243^\352Gv\\264\261\r\035\226\306\2411\351\233\203\215\200$\231\300f""; ledgerHashPrevious: ""b&\270&\346ju\200\363N\320\307\004\034\001n\317\361\2653\254\2503\247\305\372\316W\022O\253x""; networkTime: 803842807; firstSeq: 1; lastSeq: 22; "
1750527607604,1750527607641,0,1,4,1,TMStatusChange,"newEvent: neCLOSING_LEDGER; ledgerSeq: 22; ledgerHash: ""\250\025\373\247\354Tc\304\263\243^\352Gv\\264\261\r\035\226\306\2411\351\233\203\215\200$\231\300f""; ledgerHashPrevious: ""b&\270&\346ju\200\363N\320\307\004\034\001n\317\361\2653\254\2503\247\305\372\316W\022O\253x""; networkTime: 803842807; firstSeq: 1; lastSeq: 22; ","newEvent: neCLOSING_LEDGER; ledgerSeq: 22; ledgerHash: ""\250\025\373\247\354Tc\304\263\243^\352Gv\\264\261\r\035\226\306\2411\351\233\203\215\200$\231\300f""; ledgerHashPrevious: ""b&\270&\346ju\200\363N\320\307\004\034\001n\317\361\2653\254\2503\247\305\372\316W\022O\253x""; networkTime: 803842807; firstSeq: 1; lastSeq: 22; "
1750527607604,1750527607641,0,1,4,0,TMStatusChange,"newEvent: neCLOSING_LEDGER; ledgerSeq: 22; ledgerHash: ""\250\025\373\247\354Tc\304\263\243^\352Gv\\264\261\r\035\226\306\2411\351\233\203\215\200$\231\300f""; ledgerHashPrevious: ""b&\270&\346ju\200\363N\320\307\004\034\001n\317\361\2653\254\2503\247\305\372\316W\022O\253x""; networkTime: 803842807; firstSeq: 1; lastSeq: 22; ","newEvent: neCLOSING_LEDGER; ledgerSeq: 22; ledgerHash: ""\250\025\373\247\354Tc\304\263\243^\352Gv\\264\261\r\035\226\306\2411\351\233\203\215\200$\231\300f""; ledgerHashPrevious: ""b&\270&\346ju\200\363N\320\307\004\034\001n\317\361\2653\254\2503\247\305\372\316W\022O\253x""; networkTime: 803842807; firstSeq: 1; lastSeq: 22; "
1750527609440,1750527609440,0,1,3,4,TMStatusChange,"newEvent: neACCEPTED_LEDGER; ledgerSeq: 23; ledgerHash: ""\220\371c@\017\254\363\\371\340\340VaR\205~^\226\342t\360\022\204d\231\205)\272\364?\361!""; ledgerHashPrevious: ""\250\025\373\247\354Tc\304\263\243^\352Gv\\264\261\r\035\226\306\2411\351\233\203\215\200$\231\300f""; networkTime: 803842809; firstSeq: 1; lastSeq: 22; ","newEvent: neACCEPTED_LEDGER; ledgerSeq: 23; ledgerHash: ""\220\371c@\017\254\363\\371\340\340VaR\205~^\226\342t\360\022\204d\231\205)\272\364?\361!""; ledgerHashPrevious: ""\250\025\373\247\354Tc\304\263\243^\352Gv\\264\261\r\035\226\306\2411\351\233\203\215\200$\231\300f""; networkTime: 803842809; firstSeq: 1; lastSeq: 22; "
1750527609440,1750527609440,0,1,3,4,TMValidation,"validation: """"\200\000\000\001&\000\000\000\027)/\351\252\371:p\210\265\307-\212\200\004Q\220\371c@\017\254\363\\371\340\340VaR\205~^\226\342t\360\022\204d\231\205)\272\364?\361!P\027\000\000\000\000\000\000\000\000\000\000\000\000\000\000\000\000\000\000\000\000\000\000\000\000\000\000\000\000\000\000\000\000P\031\250\025\373\247\354Tc\304\263\243^\352Gv\\264\261\r\035\226\306\2411\351\233\203\215\200$\231\300fs!\002\364d\217\366\217|\316F\232\231\241\n\261\333`\312O\367\235\025DD\336e\367\n\312\326\221\037\025\230vF0D\002 C\003\213;i\262\010\276\252\205\375;\031\004\241_\312G\033M]w\352\371\357\026\253\373\266L:\323\002 =\333\232\222w\n\350#L\211\033\204\320w\230\335w\347>\275{VZ\024#\306V\377\226Vf\271""; ","validation: """"\200\000\000\001&\000\000\000\027)/\351\252\371:p\210\265\307-\212\200\004Q\220\371c@\017\254\363\\371\340\340VaR\205~^\226\342t\360\022\204d\231\205)\272\364?\361!P\027\000\000\000\000\000\000\000\000\000\000\000\000\000\000\000\000\000\000\000\000\000\000\000\000\000\000\000\000\000\000\000\000P\031\250\025\373\247\354Tc\304\263\243^\352Gv\\264\261\r\035\226\306\2411\351\233\203\215\200$\231\300fs!\002\364d\217\366\217|\316F\232\231\241\n\261\333`\312O\367\235\025DD\336e\367\n\312\326\221\037\025\230vF0D\002 C\003\213;i\262\010\276\252\205\375;\031\004\241_\312G\033M]w\352\371\357\026\253\373\266L:\323\002 =\333\232\222w\n\350#L\211\033\204\320w\230\335w\347>\275{VZ\024#\306V\377\226Vf\271""; "
1750527609441,1750527609441,0,1,3,0,TMValidation,"validation: """"\200\000\000\001&\000\000\000\027)/\351\252\371:p\210\265\307-\212\200\004Q\220\371c@\017\254\363\\371\340\340VaR\205~^\226\342t\360\022\204d\231\205)\272\364?\361!P\027\000\000\000\000\000\000\000\000\000\000\000\000\000\000\000\000\000\000\000\000\000\000\000\000\000\000\000\000\000\000\000\000P\031\250\025\373\247\354Tc\304\263\243^\352Gv\\264\261\r\035\226\306\2411\351\233\203\215\200$\231\300fs!\002\364d\217\366\217|\316F\232\231\241\n\261\333`\312O\367\235\025DD\336e\367\n\312\326\221\037\025\230vF0D\002 C\003\213;i\262\010\276\252\205\375;\031\004\241_\312G\033M]w\352\371\357\026\253\373\266L:\323\002 =\333\232\222w\n\350#L\211\033\204\320w\230\335w\347>\275{VZ\024#\306V\377\226Vf\271""; ","validation: """"\200\000\000\001&\000\000\000\027)/\351\252\371:p\210\265\307-\212\200\004Q\220\371c@\017\254\363\\371\340\340VaR\205~^\226\342t\360\022\204d\231\205)\272\364?\361!P\027\000\000\000\000\000\000\000\000\000\000\000\000\000\000\000\000\000\000\000\000\000\000\000\000\000\000\000\000\000\000\000\000P\031\250\025\373\247\354Tc\304\263\243^\352Gv\\264\261\r\035\226\306\2411\351\233\203\215\200$\231\300fs!\002\364d\217\366\217|\316F\232\231\241\n\261\333`\312O\367\235\025DD\336e\367\n\312\326\221\037\025\230vF0D\002 C\003\213;i\262\010\276\252\205\375;\031\004\241_\312G\033M]w\352\371\357\026\253\373\266L:\323\002 =\333\232\222w\n\350#L\211\033\204\320w\230\335w\347>\275{VZ\024#\306V\377\226Vf\271""; "
1750527609441,1750527609441,0,1,3,0,TMStatusChange,"newEvent: neACCEPTED_LEDGER; ledgerSeq: 23; ledgerHash: ""\220\371c@\017\254\363\\371\340\340VaR\205~^\226\342t\360\022\204d\231\205)\272\364?\361!""; ledgerHashPrevious: ""\250\025\373\247\354Tc\304\263\243^\352Gv\\264\261\r\035\226\306\2411\351\233\203\215\200$\231\300f""; networkTime: 803842809; firstSeq: 1; lastSeq: 22; ","newEvent: neACCEPTED_LEDGER; ledgerSeq: 23; ledgerHash: ""\220\371c@\017\254\363\\371\340\340VaR\205~^\226\342t\360\022\204d\231\205)\272\364?\361!""; ledgerHashPrevious: ""\250\025\373\247\354Tc\304\263\243^\352Gv\\264\261\r\035\226\306\2411\351\233\203\215\200$\231\300f""; networkTime: 803842809; firstSeq: 1; lastSeq: 22; "
1750527609442,1750527609442,0,1,3,2,TMValidation,"validation: """"\200\000\000\001&\000\000\000\027)/\351\252\371:p\210\265\307-\212\200\004Q\220\371c@\017\254\363\\371\340\340VaR\205~^\226\342t\360\022\204d\231\205)\272\364?\361!P\027\000\000\000\000\000\000\000\000\000\000\000\000\000\000\000\000\000\000\000\000\000\000\000\000\000\000\000\000\000\000\000\000P\031\250\025\373\247\354Tc\304\263\243^\352Gv\\264\261\r\035\226\306\2411\351\233\203\215\200$\231\300fs!\002\364d\217\366\217|\316F\232\231\241\n\261\333`\312O\367\235\025DD\336e\367\n\312\326\221\037\025\230vF0D\002 C\003\213;i\262\010\276\252\205\375;\031\004\241_\312G\033M]w\352\371\357\026\253\373\266L:\323\002 =\333\232\222w\n\350#L\211\033\204\320w\230\335w\347>\275{VZ\024#\306V\377\226Vf\271""; ","validation: """"\200\000\000\001&\000\000\000\027)/\351\252\371:p\210\265\307-\212\200\004Q\220\371c@\017\254\363\\371\340\340VaR\205~^\226\342t\360\022\204d\231\205)\272\364?\361!P\027\000\000\000\000\000\000\000\000\000\000\000\000\000\000\000\000\000\000\000\000\000\000\000\000\000\000\000\000\000\000\000\000P\031\250\025\373\247\354Tc\304\263\243^\352Gv\\264\261\r\035\226\306\2411\351\233\203\215\200$\231\300fs!\002\364d\217\366\217|\316F\232\231\241\n\261\333`\312O\367\235\025DD\336e\367\n\312\326\221\037\025\230vF0D\002 C\003\213;i\262\010\276\252\205\375;\031\004\241_\312G\033M]w\352\371\357\026\253\373\266L:\323\002 =\333\232\222w\n\350#L\211\033\204\320w\230\335w\347>\275{VZ\024#\306V\377\226Vf\271""; "
1750527609442,1750527609442,0,1,3,1,TMStatusChange,"newEvent: neACCEPTED_LEDGER; ledgerSeq: 23; ledgerHash: ""\220\371c@\017\254\363\\371\340\340VaR\205~^\226\342t\360\022\204d\231\205)\272\364?\361!""; ledgerHashPrevious: ""\250\025\373\247\354Tc\304\263\243^\352Gv\\264\261\r\035\226\306\2411\351\233\203\215\200$\231\300f""; networkTime: 803842809; firstSeq: 1; lastSeq: 22; ","newEvent: neACCEPTED_LEDGER; ledgerSeq: 23; ledgerHash: ""\220\371c@\017\254\363\\371\340\340VaR\205~^\226\342t\360\022\204d\231\205)\272\364?\361!""; ledgerHashPrevious: ""\250\025\373\247\354Tc\304\263\243^\352Gv\\264\261\r\035\226\306\2411\351\233\203\215\200$\231\300f""; networkTime: 803842809; firstSeq: 1; lastSeq: 22; "
1750527609443,1750527609443,0,1,3,2,TMStatusChange,"newEvent: neACCEPTED_LEDGER; ledgerSeq: 23; ledgerHash: ""\220\371c@\017\254\363\\371\340\340VaR\205~^\226\342t\360\022\204d\231\205)\272\364?\361!""; ledgerHashPrevious: ""\250\025\373\247\354Tc\304\263\243^\352Gv\\264\261\r\035\226\306\2411\351\233\203\215\200$\231\300f""; networkTime: 803842809; firstSeq: 1; lastSeq: 22; ","newEvent: neACCEPTED_LEDGER; ledgerSeq: 23; ledgerHash: ""\220\371c@\017\254\363\\371\340\340VaR\205~^\226\342t\360\022\204d\231\205)\272\364?\361!""; ledgerHashPrevious: ""\250\025\373\247\354Tc\304\263\243^\352Gv\\264\261\r\035\226\306\2411\351\233\203\215\200$\231\300f""; networkTime: 803842809; firstSeq: 1; lastSeq: 22; "
1750527609443,1750527609443,0,1,3,1,TMValidation,"validation: """"\200\000\000\001&\000\000\000\027)/\351\252\371:p\210\265\307-\212\200\004Q\220\371c@\017\254\363\\371\340\340VaR\205~^\226\342t\360\022\204d\231\205)\272\364?\361!P\027\000\000\000\000\000\000\000\000\000\000\000\000\000\000\000\000\000\000\000\000\000\000\000\000\000\000\000\000\000\000\000\000P\031\250\025\373\247\354Tc\304\263\243^\352Gv\\264\261\r\035\226\306\2411\351\233\203\215\200$\231\300fs!\002\364d\217\366\217|\316F\232\231\241\n\261\333`\312O\367\235\025DD\336e\367\n\312\326\221\037\025\230vF0D\002 C\003\213;i\262\010\276\252\205\375;\031\004\241_\312G\033M]w\352\371\357\026\253\373\266L:\323\002 =\333\232\222w\n\350#L\211\033\204\320w\230\335w\347>\275{VZ\024#\306V\377\226Vf\271""; ","validation: """"\200\000\000\001&\000\000\000\027)/\351\252\371:p\210\265\307-\212\200\004Q\220\371c@\017\254\363\\371\340\340VaR\205~^\226\342t\360\022\204d\231\205)\272\364?\361!P\027\000\000\000\000\000\000\000\000\000\000\000\000\000\000\000\000\000\000\000\000\000\000\000\000\000\000\000\000\000\000\000\000P\031\250\025\373\247\354Tc\304\263\243^\352Gv\\264\261\r\035\226\306\2411\351\233\203\215\200$\231\300fs!\002\364d\217\366\217|\316F\232\231\241\n\261\333`\312O\367\235\025DD\336e\367\n\312\326\221\037\025\230vF0D\002 C\003\213;i\262\010\276\252\205\375;\031\004\241_\312G\033M]w\352\371\357\026\253\373\266L:\323\002 =\333\232\222w\n\350#L\211\033\204\320w\230\335w\347>\275{VZ\024#\306V\377\226Vf\271""; "
1750527609446,1750527609446,0,1,4,1,TMValidation,"validation: """"\200\000\000\001&\000\000\000\027)/\351\252\371:p\210\265\307-\212\200\004Q\220\371c@\017\254\363\\371\340\340VaR\205~^\226\342t\360\022\204d\231\205)\272\364?\361!P\027\000\000\000\000\000\000\000\000\000\000\000\000\000\000\000\000\000\000\000\000\000\000\000\000\000\000\000\000\000\000\000\000P\031\250\025\373\247\354Tc\304\263\243^\352Gv\\264\261\r\035\226\306\2411\351\233\203\215\200$\231\300fs!\002\364d\217\366\217|\316F\232\231\241\n\261\333`\312O\367\235\025DD\336e\367\n\312\326\221\037\025\230vF0D\002 C\003\213;i\262\010\276\252\205\375;\031\004\241_\312G\033M]w\352\371\357\026\253\373\266L:\323\002 =\333\232\222w\n\350#L\211\033\204\320w\230\335w\347>\275{VZ\024#\306V\377\226Vf\271""; ","validation: """"\200\000\000\001&\000\000\000\027)/\351\252\371:p\210\265\307-\212\200\004Q\220\371c@\017\254\363\\371\340\340VaR\205~^\226\342t\360\022\204d\231\205)\272\364?\361!P\027\000\000\000\000\000\000\000\000\000\000\000\000\000\000\000\000\000\000\000\000\000\000\000\000\000\000\000\000\000\000\000\000P\031\250\025\373\247\354Tc\304\263\243^\352Gv\\264\261\r\035\226\306\2411\351\233\203\215\200$\231\300fs!\002\364d\217\366\217|\316F\232\231\241\n\261\333`\312O\367\235\025DD\336e\367\n\312\326\221\037\025\230vF0D\002 C\003\213;i\262\010\276\252\205\375;\031\004\241_\312G\033M]w\352\371\357\026\253\373\266L:\323\002 =\333\232\222w\n\350#L\211\033\204\320w\230\335w\347>\275{VZ\024#\306V\377\226Vf\271""; "
1750527609447,1750527609447,0,1,4,0,TMGetLedger,"itype: liBASE; ledgerHash: ""\220\371c@\017\254\363\\371\340\340VaR\205~^\226\342t\360\022\204d\231\205)\272\364?\361!""; ","itype: liBASE; ledgerHash: ""\220\371c@\017\254\363\\371\340\340VaR\205~^\226\342t\360\022\204d\231\205)\272\364?\361!""; "
1750527609447,1750527609447,0,1,4,0,TMValidation,"validation: """"\200\000\000\001&\000\000\000\027)/\351\252\371:p\210\265\307-\212\200\004Q\220\371c@\017\254\363\\371\340\340VaR\205~^\226\342t\360\022\204d\231\205)\272\364?\361!P\027\000\000\000\000\000\000\000\000\000\000\000\000\000\000\000\000\000\000\000\000\000\000\000\000\000\000\000\000\000\000\000\000P\031\250\025\373\247\354Tc\304\263\243^\352Gv\\264\261\r\035\226\306\2411\351\233\203\215\200$\231\300fs!\002\364d\217\366\217|\316F\232\231\241\n\261\333`\312O\367\235\025DD\336e\367\n\312\326\221\037\025\230vF0D\002 C\003\213;i\262\010\276\252\205\375;\031\004\241_\312G\033M]w\352\371\357\026\253\373\266L:\323\002 =\333\232\222w\n\350#L\211\033\204\320w\230\335w\347>\275{VZ\024#\306V\377\226Vf\271""; ","validation: """"\200\000\000\001&\000\000\000\027)/\351\252\371:p\210\265\307-\212\200\004Q\220\371c@\017\254\363\\371\340\340VaR\205~^\226\342t\360\022\204d\231\205)\272\364?\361!P\027\000\000\000\000\000\000\000\000\000\000\000\000\000\000\000\000\000\000\000\000\000\000\000\000\000\000\000\000\000\000\000\000P\031\250\025\373\247\354Tc\304\263\243^\352Gv\\264\261\r\035\226\306\2411\351\233\203\215\200$\231\300fs!\002\364d\217\366\217|\316F\232\231\241\n\261\333`\312O\367\235\025DD\336e\367\n\312\326\221\037\025\230vF0D\002 C\003\213;i\262\010\276\252\205\375;\031\004\241_\312G\033M]w\352\371\357\026\253\373\266L:\323\002 =\333\232\222w\n\350#L\211\033\204\320w\230\335w\347>\275{VZ\024#\306V\377\226Vf\271""; "
1750527609448,1750527609449,0,1,4,3,TMGetLedger,"itype: liBASE; ledgerHash: ""\220\371c@\017\254\363\\371\340\340VaR\205~^\226\342t\360\022\204d\231\205)\272\364?\361!""; ","itype: liBASE; ledgerHash: ""\220\371c@\017\254\363\\371\340\340VaR\205~^\226\342t\360\022\204d\231\205)\272\364?\361!""; "
1750527609449,1750527609449,0,1,4,2,TMValidation,"validation: """"\200\000\000\001&\000\000\000\027)/\351\252\371:p\210\265\307-\212\200\004Q\220\371c@\017\254\363\\371\340\340VaR\205~^\226\342t\360\022\204d\231\205)\272\364?\361!P\027\000\000\000\000\000\000\000\000\000\000\000\000\000\000\000\000\000\000\000\000\000\000\000\000\000\000\000\000\000\000\000\000P\031\250\025\373\247\354Tc\304\263\243^\352Gv\\264\261\r\035\226\306\2411\351\233\203\215\200$\231\300fs!\002\364d\217\366\217|\316F\232\231\241\n\261\333`\312O\367\235\025DD\336e\367\n\312\326\221\037\025\230vF0D\002 C\003\213;i\262\010\276\252\205\375;\031\004\241_\312G\033M]w\352\371\357\026\253\373\266L:\323\002 =\333\232\222w\n\350#L\211\033\204\320w\230\335w\347>\275{VZ\024#\306V\377\226Vf\271""; ","validation: """"\200\000\000\001&\000\000\000\027)/\351\252\371:p\210\265\307-\212\200\004Q\220\371c@\017\254\363\\371\340\340VaR\205~^\226\342t\360\022\204d\231\205)\272\364?\361!P\027\000\000\000\000\000\000\000\000\000\000\000\000\000\000\000\000\000\000\000\000\000\000\000\000\000\000\000\000\000\000\000\000P\031\250\025\373\247\354Tc\304\263\243^\352Gv\\264\261\r\035\226\306\2411\351\233\203\215\200$\231\300fs!\002\364d\217\366\217|\316F\232\231\241\n\261\333`\312O\367\235\025DD\336e\367\n\312\326\221\037\025\230vF0D\002 C\003\213;i\262\010\276\252\205\375;\031\004\241_\312G\033M]w\352\371\357\026\253\373\266L:\323\002 =\333\232\222w\n\350#L\211\033\204\320w\230\335w\347>\275{VZ\024#\306V\377\226Vf\271""; "
1750527609449,1750527609449,0,1,4,1,TMGetLedger,"itype: liBASE; ledgerHash: ""\220\371c@\017\254\363\\371\340\340VaR\205~^\226\342t\360\022\204d\231\205)\272\364?\361!""; ","itype: liBASE; ledgerHash: ""\220\371c@\017\254\363\\371\340\340VaR\205~^\226\342t\360\022\204d\231\205)\272\364?\361!""; "
1750527609450,1750527609450,0,1,4,2,TMGetLedger,"itype: liBASE; ledgerHash: ""\220\371c@\017\254\363\\371\340\340VaR\205~^\226\342t\360\022\204d\231\205)\272\364?\361!""; ","itype: liBASE; ledgerHash: ""\220\371c@\017\254\363\\371\340\340VaR\205~^\226\342t\360\022\204d\231\205)\272\364?\361!""; "
1750527609450,1750527609451,0,1,4,1,TMGetLedger,"itype: liBASE; ledgerHash: ""\220\371c@\017\254\363\\371\340\340VaR\205~^\226\342t\360\022\204d\231\205)\272\364?\361!""; queryType: qtINDIRECT; ","itype: liBASE; ledgerHash: ""\220\371c@\017\254\363\\371\340\340VaR\205~^\226\342t\360\022\204d\231\205)\272\364?\361!""; queryType: qtINDIRECT; "
1750527609451,1750527609451,0,1,4,0,TMGetLedger,"itype: liBASE; ledgerHash: ""\220\371c@\017\254\363\\371\340\340VaR\205~^\226\342t\360\022\204d\231\205)\272\364?\361!""; queryType: qtINDIRECT; ","itype: liBASE; ledgerHash: ""\220\371c@\017\254\363\\371\340\340VaR\205~^\226\342t\360\022\204d\231\205)\272\364?\361!""; queryType: qtINDIRECT; "
1750527609451,1750527609452,0,1,4,3,TMGetLedger,"itype: liBASE; ledgerHash: ""\220\371c@\017\254\363\\371\340\340VaR\205~^\226\342t\360\022\204d\231\205)\272\364?\361!""; queryType: qtINDIRECT; ","itype: liBASE; ledgerHash: ""\220\371c@\017\254\363\\371\340\340VaR\205~^\226\342t\360\022\204d\231\205)\272\364?\361!""; queryType: qtINDIRECT; "
1750527609452,1750527609452,0,1,4,2,TMGetLedger,"itype: liBASE; ledgerHash: ""\220\371c@\017\254\363\\371\340\340VaR\205~^\226\342t\360\022\204d\231\205)\272\364?\361!""; queryType: qtINDIRECT; ","itype: liBASE; ledgerHash: ""\220\371c@\017\254\363\\371\340\340VaR\205~^\226\342t\360\022\204d\231\205)\272\364?\361!""; queryType: qtINDIRECT; "
1750527609453,1750527609453,0,1,0,3,TMGetLedger,"itype: liBASE; ledgerHash: ""\220\371c@\017\254\363\\371\340\340VaR\205~^\226\342t\360\022\204d\231\205)\272\364?\361!""; ","itype: liBASE; ledgerHash: ""\220\371c@\017\254\363\\371\340\340VaR\205~^\226\342t\360\022\204d\231\205)\272\364?\361!""; "
1750527609454,1750527609454,0,1,0,1,TMGetLedger,"itype: liBASE; ledgerHash: ""\220\371c@\017\254\363\\371\340\340VaR\205~^\226\342t\360\022\204d\231\205)\272\364?\361!""; ","itype: liBASE; ledgerHash: ""\220\371c@\017\254\363\\371\340\340VaR\205~^\226\342t\360\022\204d\231\205)\272\364?\361!""; "
1750527609454,1750527609454,0,1,0,2,TMGetLedger,"itype: liBASE; ledgerHash: ""\220\371c@\017\254\363\\371\340\340VaR\205~^\226\342t\360\022\204d\231\205)\272\364?\361!""; ","itype: liBASE; ledgerHash: ""\220\371c@\017\254\363\\371\340\340VaR\205~^\226\342t\360\022\204d\231\205)\272\364?\361!""; "
1750527609455,1750527609455,0,1,0,4,TMGetLedger,"itype: liBASE; ledgerHash: ""\220\371c@\017\254\363\\371\340\340VaR\205~^\226\342t\360\022\204d\231\205)\272\364?\361!""; ","itype: liBASE; ledgerHash: ""\220\371c@\017\254\363\\371\340\340VaR\205~^\226\342t\360\022\204d\231\205)\272\364?\361!""; "
1750527609455,1750527609455,0,1,2,0,TMGetLedger,"itype: liBASE; ledgerHash: ""\220\371c@\017\254\363\\371\340\340VaR\205~^\226\342t\360\022\204d\231\205)\272\364?\361!""; ledgerSeq: 23; ","itype: liBASE; ledgerHash: ""\220\371c@\017\254\363\\371\340\340VaR\205~^\226\342t\360\022\204d\231\205)\272\364?\361!""; ledgerSeq: 23; "
1750527609456,1750527609456,0,1,2,3,TMGetLedger,"itype: liBASE; ledgerHash: ""\220\371c@\017\254\363\\371\340\340VaR\205~^\226\342t\360\022\204d\231\205)\272\364?\361!""; ledgerSeq: 23; ","itype: liBASE; ledgerHash: ""\220\371c@\017\254\363\\371\340\340VaR\205~^\226\342t\360\022\204d\231\205)\272\364?\361!""; ledgerSeq: 23; "
1750527609457,1750527609457,0,1,2,1,TMGetLedger,"itype: liBASE; ledgerHash: ""\220\371c@\017\254\363\\371\340\340VaR\205~^\226\342t\360\022\204d\231\205)\272\364?\361!""; ledgerSeq: 23; ","itype: liBASE; ledgerHash: ""\220\371c@\017\254\363\\371\340\340VaR\205~^\226\342t\360\022\204d\231\205)\272\364?\361!""; ledgerSeq: 23; "
1750527609457,1750527609458,0,1,2,4,TMGetLedger,"itype: liBASE; ledgerHash: ""\220\371c@\017\254\363\\371\340\340VaR\205~^\226\342t\360\022\204d\231\205)\272\364?\361!""; ledgerSeq: 23; ","itype: liBASE; ledgerHash: ""\220\371c@\017\254\363\\371\340\340VaR\205~^\226\342t\360\022\204d\231\205)\272\364?\361!""; ledgerSeq: 23; "
1750527609458,1750527609458,0,1,2,3,TMGetLedger,"itype: liBASE; ledgerHash: ""\220\371c@\017\254\363\\371\340\340VaR\205~^\226\342t\360\022\204d\231\205)\272\364?\361!""; ledgerSeq: 23; queryType: qtINDIRECT; ","itype: liBASE; ledgerHash: ""\220\371c@\017\254\363\\371\340\340VaR\205~^\226\342t\360\022\204d\231\205)\272\364?\361!""; ledgerSeq: 23; queryType: qtINDIRECT; "
1750527609459,1750527609459,0,1,1,3,TMGetLedger,"itype: liBASE; ledgerHash: ""\220\371c@\017\254\363\\371\340\340VaR\205~^\226\342t\360\022\204d\231\205)\272\364?\361!""; ledgerSeq: 23; ","itype: liBASE; ledgerHash: ""\220\371c@\017\254\363\\371\340\340VaR\205~^\226\342t\360\022\204d\231\205)\272\364?\361!""; ledgerSeq: 23; "
1750527609460,1750527609460,0,1,1,4,TMGetLedger,"itype: liBASE; ledgerHash: ""\220\371c@\017\254\363\\371\340\340VaR\205~^\226\342t\360\022\204d\231\205)\272\364?\361!""; ledgerSeq: 23; ","itype: liBASE; ledgerHash: ""\220\371c@\017\254\363\\371\340\340VaR\205~^\226\342t\360\022\204d\231\205)\272\364?\361!""; ledgerSeq: 23; "
1750527609460,1750527609460,0,1,1,0,TMGetLedger,"itype: liBASE; ledgerHash: ""\220\371c@\017\254\363\\371\340\340VaR\205~^\226\342t\360\022\204d\231\205)\272\364?\361!""; ledgerSeq: 23; ","itype: liBASE; ledgerHash: ""\220\371c@\017\254\363\\371\340\340VaR\205~^\226\342t\360\022\204d\231\205)\272\364?\361!""; ledgerSeq: 23; "
1750527609460,1750527609460,0,1,1,2,TMGetLedger,"itype: liBASE; ledgerHash: ""\220\371c@\017\254\363\\371\340\340VaR\205~^\226\342t\360\022\204d\231\205)\272\364?\361!""; ledgerSeq: 23; ","itype: liBASE; ledgerHash: ""\220\371c@\017\254\363\\371\340\340VaR\205~^\226\342t\360\022\204d\231\205)\272\364?\361!""; ledgerSeq: 23; "
1750527609461,1750527609461,0,1,0,4,TMValidation,"validation: """"\200\000\000\001&\000\000\000\027)/\351\252\371:p\210\265\307-\212\200\004Q\220\371c@\017\254\363\\371\340\340VaR\205~^\226\342t\360\022\204d\231\205)\272\364?\361!P\027\000\000\000\000\000\000\000\000\000\000\000\000\000\000\000\000\000\000\000\000\000\000\000\000\000\000\000\000\000\000\000\000P\031\250\025\373\247\354Tc\304\263\243^\352Gv\\264\261\r\035\226\306\2411\351\233\203\215\200$\231\300fs!\002\364d\217\366\217|\316F\232\231\241\n\261\333`\312O\367\235\025DD\336e\367\n\312\326\221\037\025\230vF0D\002 C\003\213;i\262\010\276\252\205\375;\031\004\241_\312G\033M]w\352\371\357\026\253\373\266L:\323\002 =\333\232\222w\n\350#L\211\033\204\320w\230\335w\347>\275{VZ\024#\306V\377\226Vf\271""; ","validation: """"\200\000\000\001&\000\000\000\027)/\351\252\371:p\210\265\307-\212\200\004Q\220\371c@\017\254\363\\371\340\340VaR\205~^\226\342t\360\022\204d\231\205)\272\364?\361!P\027\000\000\000\000\000\000\000\000\000\000\000\000\000\000\000\000\000\000\000\000\000\000\000\000\000\000\000\000\000\000\000\000P\031\250\025\373\247\354Tc\304\263\243^\352Gv\\264\261\r\035\226\306\2411\351\233\203\215\200$\231\300fs!\002\364d\217\366\217|\316F\232\231\241\n\261\333`\312O\367\235\025DD\336e\367\n\312\326\221\037\025\230vF0D\002 C\003\213;i\262\010\276\252\205\375;\031\004\241_\312G\033M]w\352\371\357\026\253\373\266L:\323\002 =\333\232\222w\n\350#L\211\033\204\320w\230\335w\347>\275{VZ\024#\306V\377\226Vf\271""; "
1750527609462,1750527609462,0,1,0,4,TMGetLedger,"itype: liBASE; ledgerHash: ""\220\371c@\017\254\363\\371\340\340VaR\205~^\226\342t\360\022\204d\231\205)\272\364?\361!""; queryType: qtINDIRECT; ","itype: liBASE; ledgerHash: ""\220\371c@\017\254\363\\371\340\340VaR\205~^\226\342t\360\022\204d\231\205)\272\364?\361!""; queryType: qtINDIRECT; "
1750527609462,1750527609463,0,1,3,4,TMLedgerData,"ledgerHash: ""\220\371c@\017\254\363\\371\340\340VaR\205~^\226\342t\360\022\204d\231\205)\272\364?\361!""; ledgerSeq: 23; type: liBASE; nodes {;   nodedata: ""\000\000\000\027\001cEx]\211\377\330\250\025\373\247\354Tc\304\263\243^\352Gv\\264\261\r\035\226\306\2411\351\233\203\215\200$\231\300f\000\000\000\000\000\000\000\000\000\000\000\000\000\000\000\000\000\000\000\000\000\000\000\000\000\000\000\000\000\000\000\000_\370!\007\363\314>\031~|\272`\265\372\237(\337E\000n\345:""\307\335\033m\310\330P=0/\351\252\363/\351\252\372\n\000""; }; nodes {;   nodedata: ""\323C\344\327\264{\312-\017:\006{\177\344N\002\326bO\260\220\006\033\362\345\005U\221DzJ0\001\301\025%1L\307\t\261\262z\374\222T\301\274V\236\223\262\270Ct\362\337b\356\024*\324\320\351\317\002k\336\234\027v\351\217\260\303\360\233ZPZWr\246$w\313\313\r\243r\232\2234\373\3539:N\004Q\245\272D\312D\300\300\t\323\0257\345e\271\na\215{\226\255x%T\257\037\333\004\344_/R\006E\344\037@\210\363\010\336T\226\247'\204_{\261\370""1\235\2445\343\033Y!\212\201\341\272\225'\007#@\031wqq^\350N\330=\364\365K?&\!\313\305\236~=2\250!,v\255\334\223\000\013\003""; }; ","ledgerHash: ""\220\371c@\017\254\363\\371\340\340VaR\205~^\226\342t\360\022\204d\231\205)\272\364?\361!""; ledgerSeq: 23; type: liBASE; nodes {;   nodedata: ""\000\000\000\027\001cEx]\211\377\330\250\025\373\247\354Tc\304\263\243^\352Gv\\264\261\r\035\226\306\2411\351\233\203\215\200$\231\300f\000\000\000\000\000\000\000\000\000\000\000\000\000\000\000\000\000\000\000\000\000\000\000\000\000\000\000\000\000\000\000\000_\370!\007\363\314>\031~|\272`\265\372\237(\337E\000n\345:""\307\335\033m\310\330P=0/\351\252\363/\351\252\372\n\000""; }; nodes {;   nodedata: ""\323C\344\327\264{\312-\017:\006{\177\344N\002\326bO\260\220\006\033\362\345\005U\221DzJ0\001\301\025%1L\307\t\261\262z\374\222T\301\274V\236\223\262\270Ct\362\337b\356\024*\324\320\351\317\002k\336\234\027v\351\217\260\303\360\233ZPZWr\246$w\313\313\r\243r\232\2234\373\3539:N\004Q\245\272D\312D\300\300\t\323\0257\345e\271\na\215{\226\255x%T\257\037\333\004\344_/R\006E\344\037@\210\363\010\336T\226\247'\204_{\261\370""1\235\2445\343\033Y!\212\201\341\272\225'\007#@\031wqq^\350N\330=\364\365K?&\!\313\305\236~=2\250!,v\255\334\223\000\013\003""; }; "
1750527609463,1750527609463,0,1,2,4,TMGetLedger,"itype: liBASE; ledgerHash: ""\220\371c@\017\254\363\\371\340\340VaR\205~^\226\342t\360\022\204d\231\205)\272\364?\361!""; ledgerSeq: 23; queryType: qtINDIRECT; ","itype: liBASE; ledgerHash: ""\220\371c@\017\254\363\\371\340\340VaR\205~^\226\342t\360\022\204d\231\205)\272\364?\361!""; ledgerSeq: 23; queryType: qtINDIRECT; "
1750527609464,1750527609464,0,1,2,4,TMValidation,"validation: """"\200\000\000\001&\000\000\000\027)/\351\252\371:p\210\265\307-\212\200\004Q\220\371c@\017\254\363\\371\340\340VaR\205~^\226\342t\360\022\204d\231\205)\272\364?\361!P\027\000\000\000\000\000\000\000\000\000\000\000\000\000\000\000\000\000\000\000\000\000\000\000\000\000\000\000\000\000\000\000\000P\031\250\025\373\247\354Tc\304\263\243^\352Gv\\264\261\r\035\226\306\2411\351\233\203\215\200$\231\300fs!\002\364d\217\366\217|\316F\232\231\241\n\261\333`\312O\367\235\025DD\336e\367\n\312\326\221\037\025\230vF0D\002 C\003\213;i\262\010\276\252\205\375;\031\004\241_\312G\033M]w\352\371\357\026\253\373\266L:\323\002 =\333\232\222w\n\350#L\211\033\204\320w\230\335w\347>\275{VZ\024#\306V\377\226Vf\271""; ","validation: """"\200\000\000\001&\000\000\000\027)/\351\252\371:p\210\265\307-\212\200\004Q\220\371c@\017\254\363\\371\340\340VaR\205~^\226\342t\360\022\204d\231\205)\272\364?\361!P\027\000\000\000\000\000\000\000\000\000\000\000\000\000\000\000\000\000\000\000\000\000\000\000\000\000\000\000\000\000\000\000\000P\031\250\025\373\247\354Tc\304\263\243^\352Gv\\264\261\r\035\226\306\2411\351\233\203\215\200$\231\300fs!\002\364d\217\366\217|\316F\232\231\241\n\261\333`\312O\367\235\025DD\336e\367\n\312\326\221\037\025\230vF0D\002 C\003\213;i\262\010\276\252\205\375;\031\004\241_\312G\033M]w\352\371\357\026\253\373\266L:\323\002 =\333\232\222w\n\350#L\211\033\204\320w\230\335w\347>\275{VZ\024#\306V\377\226Vf\271""; "
1750527609465,1750527609465,0,1,1,4,TMGetLedger,"itype: liBASE; ledgerHash: ""\220\371c@\017\254\363\\371\340\340VaR\205~^\226\342t\360\022\204d\231\205)\272\364?\361!""; ledgerSeq: 23; queryType: qtINDIRECT; ","itype: liBASE; ledgerHash: ""\220\371c@\017\254\363\\371\340\340VaR\205~^\226\342t\360\022\204d\231\205)\272\364?\361!""; ledgerSeq: 23; queryType: qtINDIRECT; "
1750527609466,1750527609466,0,1,1,4,TMValidation,"validation: """"\200\000\000\001&\000\000\000\027)/\351\252\371:p\210\265\307-\212\200\004Q\220\371c@\017\254\363\\371\340\340VaR\205~^\226\342t\360\022\204d\231\205)\272\364?\361!P\027\000\000\000\000\000\000\000\000\000\000\000\000\000\000\000\000\000\000\000\000\000\000\000\000\000\000\000\000\000\000\000\000P\031\250\025\373\247\354Tc\304\263\243^\352Gv\\264\261\r\035\226\306\2411\351\233\203\215\200$\231\300fs!\002\364d\217\366\217|\316F\232\231\241\n\261\333`\312O\367\235\025DD\336e\367\n\312\326\221\037\025\230vF0D\002 C\003\213;i\262\010\276\252\205\375;\031\004\241_\312G\033M]w\352\371\357\026\253\373\266L:\323\002 =\333\232\222w\n\350#L\211\033\204\320w\230\335w\347>\275{VZ\024#\306V\377\226Vf\271""; ","validation: """"\200\000\000\001&\000\000\000\027)/\351\252\371:p\210\265\307-\212\200\004Q\220\371c@\017\254\363\\371\340\340VaR\205~^\226\342t\360\022\204d\231\205)\272\364?\361!P\027\000\000\000\000\000\000\000\000\000\000\000\000\000\000\000\000\000\000\000\000\000\000\000\000\000\000\000\000\000\000\000\000P\031\250\025\373\247\354Tc\304\263\243^\352Gv\\264\261\r\035\226\306\2411\351\233\203\215\200$\231\300fs!\002\364d\217\366\217|\316F\232\231\241\n\261\333`\312O\367\235\025DD\336e\367\n\312\326\221\037\025\230vF0D\002 C\003\213;i\262\010\276\252\205\375;\031\004\241_\312G\033M]w\352\371\357\026\253\373\266L:\323\002 =\333\232\222w\n\350#L\211\033\204\320w\230\335w\347>\275{VZ\024#\306V\377\226Vf\271""; "
1750527609466,1750527609466,0,1,3,4,TMLedgerData,"ledgerHash: ""\220\371c@\017\254\363\\371\340\340VaR\205~^\226\342t\360\022\204d\231\205)\272\364?\361!""; ledgerSeq: 23; type: liBASE; nodes {;   nodedata: ""\000\000\000\027\001cEx]\211\377\330\250\025\373\247\354Tc\304\263\243^\352Gv\\264\261\r\035\226\306\2411\351\233\203\215\200$\231\300f\000\000\000\000\000\000\000\000\000\000\000\000\000\000\000\000\000\000\000\000\000\000\000\000\000\000\000\000\000\000\000\000_\370!\007\363\314>\031~|\272`\265\372\237(\337E\000n\345:""\307\335\033m\310\330P=0/\351\252\363/\351\252\372\n\000""; }; nodes {;   nodedata: ""\323C\344\327\264{\312-\017:\006{\177\344N\002\326bO\260\220\006\033\362\345\005U\221DzJ0\001\301\025%1L\307\t\261\262z\374\222T\301\274V\236\223\262\270Ct\362\337b\356\024*\324\320\351\317\002k\336\234\027v\351\217\260\303\360\233ZPZWr\246$w\313\313\r\243r\232\2234\373\3539:N\004Q\245\272D\312D\300\300\t\323\0257\345e\271\na\215{\226\255x%T\257\037\333\004\344_/R\006E\344\037@\210\363\010\336T\226\247'\204_{\261\370""1\235\2445\343\033Y!\212\201\341\272\225'\007#@\031wqq^\350N\330=\364\365K?&\!\313\305\236~=2\250!,v\255\334\223\000\013\003""; }; ","ledgerHash: ""\220\371c@\017\254\363\\371\340\340VaR\205~^\226\342t\360\022\204d\231\205)\272\364?\361!""; ledgerSeq: 23; type: liBASE; nodes {;   nodedata: ""\000\000\000\027\001cEx]\211\377\330\250\025\373\247\354Tc\304\263\243^\352Gv\\264\261\r\035\226\306\2411\351\233\203\215\200$\231\300f\000\000\000\000\000\000\000\000\000\000\000\000\000\000\000\000\000\000\000\000\000\000\000\000\000\000\000\000\000\000\000\000_\370!\007\363\314>\031~|\272`\265\372\237(\337E\000n\345:""\307\335\033m\310\330P=0/\351\252\363/\351\252\372\n\000""; }; nodes {;   nodedata: ""\323C\344\327\264{\312-\017:\006{\177\344N\002\326bO\260\220\006\033\362\345\005U\221DzJ0\001\301\025%1L\307\t\261\262z\374\222T\301\274V\236\223\262\270Ct\362\337b\356\024*\324\320\351\317\002k\336\234\027v\351\217\260\303\360\233ZPZWr\246$w\313\313\r\243r\232\2234\373\3539:N\004Q\245\272D\312D\300\300\t\323\0257\345e\271\na\215{\226\255x%T\257\037\333\004\344_/R\006E\344\037@\210\363\010\336T\226\247'\204_{\261\370""1\235\2445\343\033Y!\212\201\341\272\225'\007#@\031wqq^\350N\330=\364\365K?&\!\313\305\236~=2\250!,v\255\334\223\000\013\003""; }; "
1750527609467,1750527609467,0,1,3,0,TMLedgerData,"ledgerHash: ""\220\371c@\017\254\363\\371\340\340VaR\205~^\226\342t\360\022\204d\231\205)\272\364?\361!""; ledgerSeq: 23; type: liBASE; nodes {;   nodedata: ""\000\000\000\027\001cEx]\211\377\330\250\025\373\247\354Tc\304\263\243^\352Gv\\264\261\r\035\226\306\2411\351\233\203\215\200$\231\300f\000\000\000\000\000\000\000\000\000\000\000\000\000\000\000\000\000\000\000\000\000\000\000\000\000\000\000\000\000\000\000\000_\370!\007\363\314>\031~|\272`\265\372\237(\337E\000n\345:""\307\335\033m\310\330P=0/\351\252\363/\351\252\372\n\000""; }; nodes {;   nodedata: ""\323C\344\327\264{\312-\017:\006{\177\344N\002\326bO\260\220\006\033\362\345\005U\221DzJ0\001\301\025%1L\307\t\261\262z\374\222T\301\274V\236\223\262\270Ct\362\337b\356\024*\324\320\351\317\002k\336\234\027v\351\217\260\303\360\233ZPZWr\246$w\313\313\r\243r\232\2234\373\3539:N\004Q\245\272D\312D\300\300\t\323\0257\345e\271\na\215{\226\255x%T\257\037\333\004\344_/R\006E\344\037@\210\363\010\336T\226\247'\204_{\261\370""1\235\2445\343\033Y!\212\201\341\272\225'\007#@\031wqq^\350N\330=\364\365K?&\!\313\305\236~=2\250!,v\255\334\223\000\013\003""; }; ","ledgerHash: ""\220\371c@\017\254\363\\371\340\340VaR\205~^\226\342t\360\022\204d\231\205)\272\364?\361!""; ledgerSeq: 23; type: liBASE; nodes {;   nodedata: ""\000\000\000\027\001cEx]\211\377\330\250\025\373\247\354Tc\304\263\243^\352Gv\\264\261\r\035\226\306\2411\351\233\203\215\200$\231\300f\000\000\000\000\000\000\000\000\000\000\000\000\000\000\000\000\000\000\000\000\000\000\000\000\000\000\000\000\000\000\000\000_\370!\007\363\314>\031~|\272`\265\372\237(\337E\000n\345:""\307\335\033m\310\330P=0/\351\252\363/\351\252\372\n\000""; }; nodes {;   nodedata: ""\323C\344\327\264{\312-\017:\006{\177\344N\002\326bO\260\220\006\033\362\345\005U\221DzJ0\001\301\025%1L\307\t\261\262z\374\222T\301\274V\236\223\262\270Ct\362\337b\356\024*\324\320\351\317\002k\336\234\027v\351\217\260\303\360\233ZPZWr\246$w\313\313\r\243r\232\2234\373\3539:N\004Q\245\272D\312D\300\300\t\323\0257\345e\271\na\215{\226\255x%T\257\037\333\004\344_/R\006E\344\037@\210\363\010\336T\226\247'\204_{\261\370""1\235\2445\343\033Y!\212\201\341\272\225'\007#@\031wqq^\350N\330=\364\365K?&\!\313\305\236~=2\250!,v\255\334\223\000\013\003""; }; "
1750527609467,1750527609467,0,1,1,0,TMGetLedger,"itype: liBASE; ledgerHash: ""\220\371c@\017\254\363\\371\340\340VaR\205~^\226\342t\360\022\204d\231\205)\272\364?\361!""; ledgerSeq: 23; queryType: qtINDIRECT; ","itype: liBASE; ledgerHash: ""\220\371c@\017\254\363\\371\340\340VaR\205~^\226\342t\360\022\204d\231\205)\272\364?\361!""; ledgerSeq: 23; queryType: qtINDIRECT; "
1750527609469,1750527609469,0,1,1,0,TMValidation,"validation: """"\200\000\000\001&\000\000\000\027)/\351\252\371:p\210\265\307-\212\200\004Q\220\371c@\017\254\363\\371\340\340VaR\205~^\226\342t\360\022\204d\231\205)\272\364?\361!P\027\000\000\000\000\000\000\000\000\000\000\000\000\000\000\000\000\000\000\000\000\000\000\000\000\000\000\000\000\000\000\000\000P\031\250\025\373\247\354Tc\304\263\243^\352Gv\\264\261\r\035\226\306\2411\351\233\203\215\200$\231\300fs!\002\364d\217\366\217|\316F\232\231\241\n\261\333`\312O\367\235\025DD\336e\367\n\312\326\221\037\025\230vF0D\002 C\003\213;i\262\010\276\252\205\375;\031\004\241_\312G\033M]w\352\371\357\026\253\373\266L:\323\002 =\333\232\222w\n\350#L\211\033\204\320w\230\335w\347>\275{VZ\024#\306V\377\226Vf\271""; ","validation: """"\200\000\000\001&\000\000\000\027)/\351\252\371:p\210\265\307-\212\200\004Q\220\371c@\017\254\363\\371\340\340VaR\205~^\226\342t\360\022\204d\231\205)\272\364?\361!P\027\000\000\000\000\000\000\000\000\000\000\000\000\000\000\000\000\000\000\000\000\000\000\000\000\000\000\000\000\000\000\000\000P\031\250\025\373\247\354Tc\304\263\243^\352Gv\\264\261\r\035\226\306\2411\351\233\203\215\200$\231\300fs!\002\364d\217\366\217|\316F\232\231\241\n\261\333`\312O\367\235\025DD\336e\367\n\312\326\221\037\025\230vF0D\002 C\003\213;i\262\010\276\252\205\375;\031\004\241_\312G\033M]w\352\371\357\026\253\373\266L:\323\002 =\333\232\222w\n\350#L\211\033\204\320w\230\335w\347>\275{VZ\024#\306V\377\226Vf\271""; "
1750527609469,1750527609469,0,1,2,0,TMGetLedger,"itype: liBASE; ledgerHash: ""\220\371c@\017\254\363\\371\340\340VaR\205~^\226\342t\360\022\204d\231\205)\272\364?\361!""; ledgerSeq: 23; queryType: qtINDIRECT; ","itype: liBASE; ledgerHash: ""\220\371c@\017\254\363\\371\340\340VaR\205~^\226\342t\360\022\204d\231\205)\272\364?\361!""; ledgerSeq: 23; queryType: qtINDIRECT; "
1750527609470,1750527609470,0,1,2,0,TMValidation,"validation: """"\200\000\000\001&\000\000\000\027)/\351\252\371:p\210\265\307-\212\200\004Q\220\371c@\017\254\363\\371\340\340VaR\205~^\226\342t\360\022\204d\231\205)\272\364?\361!P\027\000\000\000\000\000\000\000\000\000\000\000\000\000\000\000\000\000\000\000\000\000\000\000\000\000\000\000\000\000\000\000\000P\031\250\025\373\247\354Tc\304\263\243^\352Gv\\264\261\r\035\226\306\2411\351\233\203\215\200$\231\300fs!\002\364d\217\366\217|\316F\232\231\241\n\261\333`\312O\367\235\025DD\336e\367\n\312\326\221\037\025\230vF0D\002 C\003\213;i\262\010\276\252\205\375;\031\004\241_\312G\033M]w\352\371\357\026\253\373\266L:\323\002 =\333\232\222w\n\350#L\211\033\204\320w\230\335w\347>\275{VZ\024#\306V\377\226Vf\271""; ","validation: """"\200\000\000\001&\000\000\000\027)/\351\252\371:p\210\265\307-\212\200\004Q\220\371c@\017\254\363\\371\340\340VaR\205~^\226\342t\360\022\204d\231\205)\272\364?\361!P\027\000\000\000\000\000\000\000\000\000\000\000\000\000\000\000\000\000\000\000\000\000\000\000\000\000\000\000\000\000\000\000\000P\031\250\025\373\247\354Tc\304\263\243^\352Gv\\264\261\r\035\226\306\2411\351\233\203\215\200$\231\300fs!\002\364d\217\366\217|\316F\232\231\241\n\261\333`\312O\367\235\025DD\336e\367\n\312\326\221\037\025\230vF0D\002 C\003\213;i\262\010\276\252\205\375;\031\004\241_\312G\033M]w\352\371\357\026\253\373\266L:\323\002 =\333\232\222w\n\350#L\211\033\204\320w\230\335w\347>\275{VZ\024#\306V\377\226Vf\271""; "
1750527609471,1750527609471,0,1,0,2,TMGetLedger,"itype: liBASE; ledgerHash: ""\220\371c@\017\254\363\\371\340\340VaR\205~^\226\342t\360\022\204d\231\205)\272\364?\361!""; queryType: qtINDIRECT; ","itype: liBASE; ledgerHash: ""\220\371c@\017\254\363\\371\340\340VaR\205~^\226\342t\360\022\204d\231\205)\272\364?\361!""; queryType: qtINDIRECT; "
1750527609471,1750527609471,0,1,0,2,TMValidation,"validation: """"\200\000\000\001&\000\000\000\027)/\351\252\371:p\210\265\307-\212\200\004Q\220\371c@\017\254\363\\371\340\340VaR\205~^\226\342t\360\022\204d\231\205)\272\364?\361!P\027\000\000\000\000\000\000\000\000\000\000\000\000\000\000\000\000\000\000\000\000\000\000\000\000\000\000\000\000\000\000\000\000P\031\250\025\373\247\354Tc\304\263\243^\352Gv\\264\261\r\035\226\306\2411\351\233\203\215\200$\231\300fs!\002\364d\217\366\217|\316F\232\231\241\n\261\333`\312O\367\235\025DD\336e\367\n\312\326\221\037\025\230vF0D\002 C\003\213;i\262\010\276\252\205\375;\031\004\241_\312G\033M]w\352\371\357\026\253\373\266L:\323\002 =\333\232\222w\n\350#L\211\033\204\320w\230\335w\347>\275{VZ\024#\306V\377\226Vf\271""; ","validation: """"\200\000\000\001&\000\000\000\027)/\351\252\371:p\210\265\307-\212\200\004Q\220\371c@\017\254\363\\371\340\340VaR\205~^\226\342t\360\022\204d\231\205)\272\364?\361!P\027\000\000\000\000\000\000\000\000\000\000\000\000\000\000\000\000\000\000\000\000\000\000\000\000\000\000\000\000\000\000\000\000P\031\250\025\373\247\354Tc\304\263\243^\352Gv\\264\261\r\035\226\306\2411\351\233\203\215\200$\231\300fs!\002\364d\217\366\217|\316F\232\231\241\n\261\333`\312O\367\235\025DD\336e\367\n\312\326\221\037\025\230vF0D\002 C\003\213;i\262\010\276\252\205\375;\031\004\241_\312G\033M]w\352\371\357\026\253\373\266L:\323\002 =\333\232\222w\n\350#L\211\033\204\320w\230\335w\347>\275{VZ\024#\306V\377\226Vf\271""; "
1750527609472,1750527609472,0,1,3,2,TMLedgerData,"ledgerHash: ""\220\371c@\017\254\363\\371\340\340VaR\205~^\226\342t\360\022\204d\231\205)\272\364?\361!""; ledgerSeq: 23; type: liBASE; nodes {;   nodedata: ""\000\000\000\027\001cEx]\211\377\330\250\025\373\247\354Tc\304\263\243^\352Gv\\264\261\r\035\226\306\2411\351\233\203\215\200$\231\300f\000\000\000\000\000\000\000\000\000\000\000\000\000\000\000\000\000\000\000\000\000\000\000\000\000\000\000\000\000\000\000\000_\370!\007\363\314>\031~|\272`\265\372\237(\337E\000n\345:""\307\335\033m\310\330P=0/\351\252\363/\351\252\372\n\000""; }; nodes {;   nodedata: ""\323C\344\327\264{\312-\017:\006{\177\344N\002\326bO\260\220\006\033\362\345\005U\221DzJ0\001\301\025%1L\307\t\261\262z\374\222T\301\274V\236\223\262\270Ct\362\337b\356\024*\324\320\351\317\002k\336\234\027v\351\217\260\303\360\233ZPZWr\246$w\313\313\r\243r\232\2234\373\3539:N\004Q\245\272D\312D\300\300\t\323\0257\345e\271\na\215{\226\255x%T\257\037\333\004\344_/R\006E\344\037@\210\363\010\336T\226\247'\204_{\261\370""1\235\2445\343\033Y!\212\201\341\272\225'\007#@\031wqq^\350N\330=\364\365K?&\!\313\305\236~=2\250!,v\255\334\223\000\013\003""; }; ","ledgerHash: ""\220\371c@\017\254\363\\371\340\340VaR\205~^\226\342t\360\022\204d\231\205)\272\364?\361!""; ledgerSeq: 23; type: liBASE; nodes {;   nodedata: ""\000\000\000\027\001cEx]\211\377\330\250\025\373\247\354Tc\304\263\243^\352Gv\\264\261\r\035\226\306\2411\351\233\203\215\200$\231\300f\000\000\000\000\000\000\000\000\000\000\000\000\000\000\000\000\000\000\000\000\000\000\000\000\000\000\000\000\000\000\000\000_\370!\007\363\314>\031~|\272`\265\372\237(\337E\000n\345:""\307\335\033m\310\330P=0/\351\252\363/\351\252\372\n\000""; }; nodes {;   nodedata: ""\323C\344\327\264{\312-\017:\006{\177\344N\002\326bO\260\220\006\033\362\345\005U\221DzJ0\001\301\025%1L\307\t\261\262z\374\222T\301\274V\236\223\262\270Ct\362\337b\356\024*\324\320\351\317\002k\336\234\027v\351\217\260\303\360\233ZPZWr\246$w\313\313\r\243r\232\2234\373\3539:N\004Q\245\272D\312D\300\300\t\323\0257\345e\271\na\215{\226\255x%T\257\037\333\004\344_/R\006E\344\037@\210\363\010\336T\226\247'\204_{\261\370""1\235\2445\343\033Y!\212\201\341\272\225'\007#@\031wqq^\350N\330=\364\365K?&\!\313\305\236~=2\250!,v\255\334\223\000\013\003""; }; "
1750527609473,1750527609473,0,1,1,2,TMGetLedger,"itype: liBASE; ledgerHash: ""\220\371c@\017\254\363\\371\340\340VaR\205~^\226\342t\360\022\204d\231\205)\272\364?\361!""; ledgerSeq: 23; queryType: qtINDIRECT; ","itype: liBASE; ledgerHash: ""\220\371c@\017\254\363\\371\340\340VaR\205~^\226\342t\360\022\204d\231\205)\272\364?\361!""; ledgerSeq: 23; queryType: qtINDIRECT; "
1750527609473,1750527609473,0,1,1,2,TMValidation,"validation: """"\200\000\000\001&\000\000\000\027)/\351\252\371:p\210\265\307-\212\200\004Q\220\371c@\017\254\363\\371\340\340VaR\205~^\226\342t\360\022\204d\231\205)\272\364?\361!P\027\000\000\000\000\000\000\000\000\000\000\000\000\000\000\000\000\000\000\000\000\000\000\000\000\000\000\000\000\000\000\000\000P\031\250\025\373\247\354Tc\304\263\243^\352Gv\\264\261\r\035\226\306\2411\351\233\203\215\200$\231\300fs!\002\364d\217\366\217|\316F\232\231\241\n\261\333`\312O\367\235\025DD\336e\367\n\312\326\221\037\025\230vF0D\002 C\003\213;i\262\010\276\252\205\375;\031\004\241_\312G\033M]w\352\371\357\026\253\373\266L:\323\002 =\333\232\222w\n\350#L\211\033\204\320w\230\335w\347>\275{VZ\024#\306V\377\226Vf\271""; ","validation: """"\200\000\000\001&\000\000\000\027)/\351\252\371:p\210\265\307-\212\200\004Q\220\371c@\017\254\363\\371\340\340VaR\205~^\226\342t\360\022\204d\231\205)\272\364?\361!P\027\000\000\000\000\000\000\000\000\000\000\000\000\000\000\000\000\000\000\000\000\000\000\000\000\000\000\000\000\000\000\000\000P\031\250\025\373\247\354Tc\304\263\243^\352Gv\\264\261\r\035\226\306\2411\351\233\203\215\200$\231\300fs!\002\364d\217\366\217|\316F\232\231\241\n\261\333`\312O\367\235\025DD\336e\367\n\312\326\221\037\025\230vF0D\002 C\003\213;i\262\010\276\252\205\375;\031\004\241_\312G\033M]w\352\371\357\026\253\373\266L:\323\002 =\333\232\222w\n\350#L\211\033\204\320w\230\335w\347>\275{VZ\024#\306V\377\226Vf\271""; "
1750527609474,1750527609474,0,1,3,2,TMLedgerData,"ledgerHash: ""\220\371c@\017\254\363\\371\340\340VaR\205~^\226\342t\360\022\204d\231\205)\272\364?\361!""; ledgerSeq: 23; type: liBASE; nodes {;   nodedata: ""\000\000\000\027\001cEx]\211\377\330\250\025\373\247\354Tc\304\263\243^\352Gv\\264\261\r\035\226\306\2411\351\233\203\215\200$\231\300f\000\000\000\000\000\000\000\000\000\000\000\000\000\000\000\000\000\000\000\000\000\000\000\000\000\000\000\000\000\000\000\000_\370!\007\363\314>\031~|\272`\265\372\237(\337E\000n\345:""\307\335\033m\310\330P=0/\351\252\363/\351\252\372\n\000""; }; nodes {;   nodedata: ""\323C\344\327\264{\312-\017:\006{\177\344N\002\326bO\260\220\006\033\362\345\005U\221DzJ0\001\301\025%1L\307\t\261\262z\374\222T\301\274V\236\223\262\270Ct\362\337b\356\024*\324\320\351\317\002k\336\234\027v\351\217\260\303\360\233ZPZWr\246$w\313\313\r\243r\232\2234\373\3539:N\004Q\245\272D\312D\300\300\t\323\0257\345e\271\na\215{\226\255x%T\257\037\333\004\344_/R\006E\344\037@\210\363\010\336T\226\247'\204_{\261\370""1\235\2445\343\033Y!\212\201\341\272\225'\007#@\031wqq^\350N\330=\364\365K?&\!\313\305\236~=2\250!,v\255\334\223\000\013\003""; }; ","ledgerHash: ""\220\371c@\017\254\363\\371\340\340VaR\205~^\226\342t\360\022\204d\231\205)\272\364?\361!""; ledgerSeq: 23; type: liBASE; nodes {;   nodedata: ""\000\000\000\027\001cEx]\211\377\330\250\025\373\247\354Tc\304\263\243^\352Gv\\264\261\r\035\226\306\2411\351\233\203\215\200$\231\300f\000\000\000\000\000\000\000\000\000\000\000\000\000\000\000\000\000\000\000\000\000\000\000\000\000\000\000\000\000\000\000\000_\370!\007\363\314>\031~|\272`\265\372\237(\337E\000n\345:""\307\335\033m\310\330P=0/\351\252\363/\351\252\372\n\000""; }; nodes {;   nodedata: ""\323C\344\327\264{\312-\017:\006{\177\344N\002\326bO\260\220\006\033\362\345\005U\221DzJ0\001\301\025%1L\307\t\261\262z\374\222T\301\274V\236\223\262\270Ct\362\337b\356\024*\324\320\351\317\002k\336\234\027v\351\217\260\303\360\233ZPZWr\246$w\313\313\r\243r\232\2234\373\3539:N\004Q\245\272D\312D\300\300\t\323\0257\345e\271\na\215{\226\255x%T\257\037\333\004\344_/R\006E\344\037@\210\363\010\336T\226\247'\204_{\261\370""1\235\2445\343\033Y!\212\201\341\272\225'\007#@\031wqq^\350N\330=\364\365K?&\!\313\305\236~=2\250!,v\255\334\223\000\013\003""; }; "
1750527609475,1750527609475,0,1,3,1,TMLedgerData,"ledgerHash: ""\220\371c@\017\254\363\\371\340\340VaR\205~^\226\342t\360\022\204d\231\205)\272\364?\361!""; ledgerSeq: 23; type: liBASE; nodes {;   nodedata: ""\000\000\000\027\001cEx]\211\377\330\250\025\373\247\354Tc\304\263\243^\352Gv\\264\261\r\035\226\306\2411\351\233\203\215\200$\231\300f\000\000\000\000\000\000\000\000\000\000\000\000\000\000\000\000\000\000\000\000\000\000\000\000\000\000\000\000\000\000\000\000_\370!\007\363\314>\031~|\272`\265\372\237(\337E\000n\345:""\307\335\033m\310\330P=0/\351\252\363/\351\252\372\n\000""; }; nodes {;   nodedata: ""\323C\344\327\264{\312-\017:\006{\177\344N\002\326bO\260\220\006\033\362\345\005U\221DzJ0\001\301\025%1L\307\t\261\262z\374\222T\301\274V\236\223\262\270Ct\362\337b\356\024*\324\320\351\317\002k\336\234\027v\351\217\260\303\360\233ZPZWr\246$w\313\313\r\243r\232\2234\373\3539:N\004Q\245\272D\312D\300\300\t\323\0257\345e\271\na\215{\226\255x%T\257\037\333\004\344_/R\006E\344\037@\210\363\010\336T\226\247'\204_{\261\370""1\235\2445\343\033Y!\212\201\341\272\225'\007#@\031wqq^\350N\330=\364\365K?&\!\313\305\236~=2\250!,v\255\334\223\000\013\003""; }; ","ledgerHash: ""\220\371c@\017\254\363\\371\340\340VaR\205~^\226\342t\360\022\204d\231\205)\272\364?\361!""; ledgerSeq: 23; type: liBASE; nodes {;   nodedata: ""\000\000\000\027\001cEx]\211\377\330\250\025\373\247\354Tc\304\263\243^\352Gv\\264\261\r\035\226\306\2411\351\233\203\215\200$\231\300f\000\000\000\000\000\000\000\000\000\000\000\000\000\000\000\000\000\000\000\000\000\000\000\000\000\000\000\000\000\000\000\000_\370!\007\363\314>\031~|\272`\265\372\237(\337E\000n\345:""\307\335\033m\310\330P=0/\351\252\363/\351\252\372\n\000""; }; nodes {;   nodedata: ""\323C\344\327\264{\312-\017:\006{\177\344N\002\326bO\260\220\006\033\362\345\005U\221DzJ0\001\301\025%1L\307\t\261\262z\374\222T\301\274V\236\223\262\270Ct\362\337b\356\024*\324\320\351\317\002k\336\234\027v\351\217\260\303\360\233ZPZWr\246$w\313\313\r\243r\232\2234\373\3539:N\004Q\245\272D\312D\300\300\t\323\0257\345e\271\na\215{\226\255x%T\257\037\333\004\344_/R\006E\344\037@\210\363\010\336T\226\247'\204_{\261\370""1\235\2445\343\033Y!\212\201\341\272\225'\007#@\031wqq^\350N\330=\364\365K?&\!\313\305\236~=2\250!,v\255\334\223\000\013\003""; }; "
1750527609476,1750527609476,0,1,0,1,TMGetLedger,"itype: liBASE; ledgerHash: ""\220\371c@\017\254\363\\371\340\340VaR\205~^\226\342t\360\022\204d\231\205)\272\364?\361!""; queryType: qtINDIRECT; ","itype: liBASE; ledgerHash: ""\220\371c@\017\254\363\\371\340\340VaR\205~^\226\342t\360\022\204d\231\205)\272\364?\361!""; queryType: qtINDIRECT; "
1750527609476,1750527609476,0,1,0,1,TMValidation,"validation: """"\200\000\000\001&\000\000\000\027)/\351\252\371:p\210\265\307-\212\200\004Q\220\371c@\017\254\363\\371\340\340VaR\205~^\226\342t\360\022\204d\231\205)\272\364?\361!P\027\000\000\000\000\000\000\000\000\000\000\000\000\000\000\000\000\000\000\000\000\000\000\000\000\000\000\000\000\000\000\000\000P\031\250\025\373\247\354Tc\304\263\243^\352Gv\\264\261\r\035\226\306\2411\351\233\203\215\200$\231\300fs!\002\364d\217\366\217|\316F\232\231\241\n\261\333`\312O\367\235\025DD\336e\367\n\312\326\221\037\025\230vF0D\002 C\003\213;i\262\010\276\252\205\375;\031\004\241_\312G\033M]w\352\371\357\026\253\373\266L:\323\002 =\333\232\222w\n\350#L\211\033\204\320w\230\335w\347>\275{VZ\024#\306V\377\226Vf\271""; ","validation: """"\200\000\000\001&\000\000\000\027)/\351\252\371:p\210\265\307-\212\200\004Q\220\371c@\017\254\363\\371\340\340VaR\205~^\226\342t\360\022\204d\231\205)\272\364?\361!P\027\000\000\000\000\000\000\000\000\000\000\000\000\000\000\000\000\000\000\000\000\000\000\000\000\000\000\000\000\000\000\000\000P\031\250\025\373\247\354Tc\304\263\243^\352Gv\\264\261\r\035\226\306\2411\351\233\203\215\200$\231\300fs!\002\364d\217\366\217|\316F\232\231\241\n\261\333`\312O\367\235\025DD\336e\367\n\312\326\221\037\025\230vF0D\002 C\003\213;i\262\010\276\252\205\375;\031\004\241_\312G\033M]w\352\371\357\026\253\373\266L:\323\002 =\333\232\222w\n\350#L\211\033\204\320w\230\335w\347>\275{VZ\024#\306V\377\226Vf\271""; "
1750527609476,1750527609476,0,1,2,1,TMGetLedger,"itype: liBASE; ledgerHash: ""\220\371c@\017\254\363\\371\340\340VaR\205~^\226\342t\360\022\204d\231\205)\272\364?\361!""; ledgerSeq: 23; queryType: qtINDIRECT; ","itype: liBASE; ledgerHash: ""\220\371c@\017\254\363\\371\340\340VaR\205~^\226\342t\360\022\204d\231\205)\272\364?\361!""; ledgerSeq: 23; queryType: qtINDIRECT; "
1750527609477,1750527609477,0,1,2,1,TMValidation,"validation: """"\200\000\000\001&\000\000\000\027)/\351\252\371:p\210\265\307-\212\200\004Q\220\371c@\017\254\363\\371\340\340VaR\205~^\226\342t\360\022\204d\231\205)\272\364?\361!P\027\000\000\000\000\000\000\000\000\000\000\000\000\000\000\000\000\000\000\000\000\000\000\000\000\000\000\000\000\000\000\000\000P\031\250\025\373\247\354Tc\304\263\243^\352Gv\\264\261\r\035\226\306\2411\351\233\203\215\200$\231\300fs!\002\364d\217\366\217|\316F\232\231\241\n\261\333`\312O\367\235\025DD\336e\367\n\312\326\221\037\025\230vF0D\002 C\003\213;i\262\010\276\252\205\375;\031\004\241_\312G\033M]w\352\371\357\026\253\373\266L:\323\002 =\333\232\222w\n\350#L\211\033\204\320w\230\335w\347>\275{VZ\024#\306V\377\226Vf\271""; ","validation: """"\200\000\000\001&\000\000\000\027)/\351\252\371:p\210\265\307-\212\200\004Q\220\371c@\017\254\363\\371\340\340VaR\205~^\226\342t\360\022\204d\231\205)\272\364?\361!P\027\000\000\000\000\000\000\000\000\000\000\000\000\000\000\000\000\000\000\000\000\000\000\000\000\000\000\000\000\000\000\000\000P\031\250\025\373\247\354Tc\304\263\243^\352Gv\\264\261\r\035\226\306\2411\351\233\203\215\200$\231\300fs!\002\364d\217\366\217|\316F\232\231\241\n\261\333`\312O\367\235\025DD\336e\367\n\312\326\221\037\025\230vF0D\002 C\003\213;i\262\010\276\252\205\375;\031\004\241_\312G\033M]w\352\371\357\026\253\373\266L:\323\002 =\333\232\222w\n\350#L\211\033\204\320w\230\335w\347>\275{VZ\024#\306V\377\226Vf\271""; "
1750527609477,1750527609478,0,1,4,3,TMGetLedger,"itype: liBASE; ledgerHash: ""\220\371c@\017\254\363\\371\340\340VaR\205~^\226\342t\360\022\204d\231\205)\272\364?\361!""; requestCookie: 1; queryType: qtINDIRECT; ","itype: liBASE; ledgerHash: ""\220\371c@\017\254\363\\371\340\340VaR\205~^\226\342t\360\022\204d\231\205)\272\364?\361!""; requestCookie: 1; queryType: qtINDIRECT; "
1750527609478,1750527609478,0,1,4,3,TMGetLedger,"itype: liAS_NODE; ledgerHash: ""\220\371c@\017\254\363\\371\340\340VaR\205~^\226\342t\360\022\204d\231\205)\272\364?\361!""; ledgerSeq: 23; nodeIDs: ""\260\000\000\000\000\000\000\000\000\000\000\000\000\000\000\000\000\000\000\000\000\000\000\000\000\000\000\000\000\000\000\000\001""; queryType: qtINDIRECT; queryDepth: 1; ","itype: liAS_NODE; ledgerHash: ""\220\371c@\017\254\363\\371\340\340VaR\205~^\226\342t\360\022\204d\231\205)\272\364?\361!""; ledgerSeq: 23; nodeIDs: ""\260\000\000\000\000\000\000\000\000\000\000\000\000\000\000\000\000\000\000\000\000\000\000\000\000\000\000\000\000\000\000\000\001""; queryType: qtINDIRECT; queryDepth: 1; "
1750527609479,1750527609479,0,1,4,3,TMGetLedger,"itype: liBASE; ledgerHash: ""\220\371c@\017\254\363\\371\340\340VaR\205~^\226\342t\360\022\204d\231\205)\272\364?\361!""; ledgerSeq: 23; requestCookie: 3; queryType: qtINDIRECT; ","itype: liBASE; ledgerHash: ""\220\371c@\017\254\363\\371\340\340VaR\205~^\226\342t\360\022\204d\231\205)\272\364?\361!""; ledgerSeq: 23; requestCookie: 3; queryType: qtINDIRECT; "
1750527609479,1750527609479,0,1,4,3,TMGetLedger,"itype: liBASE; ledgerHash: ""\220\371c@\017\254\363\\371\340\340VaR\205~^\226\342t\360\022\204d\231\205)\272\364?\361!""; ledgerSeq: 23; requestCookie: 2; queryType: qtINDIRECT; ","itype: liBASE; ledgerHash: ""\220\371c@\017\254\363\\371\340\340VaR\205~^\226\342t\360\022\204d\231\205)\272\364?\361!""; ledgerSeq: 23; requestCookie: 2; queryType: qtINDIRECT; "
1750527609480,1750527609480,0,1,0,3,TMGetLedger,"itype: liBASE; ledgerHash: ""\220\371c@\017\254\363\\371\340\340VaR\205~^\226\342t\360\022\204d\231\205)\272\364?\361!""; queryType: qtINDIRECT; ","itype: liBASE; ledgerHash: ""\220\371c@\017\254\363\\371\340\340VaR\205~^\226\342t\360\022\204d\231\205)\272\364?\361!""; queryType: qtINDIRECT; "
1750527609481,1750527609481,0,1,0,3,TMGetLedger,"itype: liBASE; ledgerHash: ""\220\371c@\017\254\363\\371\340\340VaR\205~^\226\342t\360\022\204d\231\205)\272\364?\361!""; requestCookie: 5; queryType: qtINDIRECT; ","itype: liBASE; ledgerHash: ""\220\371c@\017\254\363\\371\340\340VaR\205~^\226\342t\360\022\204d\231\205)\272\364?\361!""; requestCookie: 5; queryType: qtINDIRECT; "
1750527609482,1750527609482,0,1,2,3,TMGetLedger,"itype: liBASE; ledgerHash: ""\220\371c@\017\254\363\\371\340\340VaR\205~^\226\342t\360\022\204d\231\205)\272\364?\361!""; requestCookie: 5; queryType: qtINDIRECT; ","itype: liBASE; ledgerHash: ""\220\371c@\017\254\363\\371\340\340VaR\205~^\226\342t\360\022\204d\231\205)\272\364?\361!""; requestCookie: 5; queryType: qtINDIRECT; "
1750527609482,1750527609482,0,1,2,3,TMGetLedger,"itype: liBASE; ledgerHash: ""\220\371c@\017\254\363\\371\340\340VaR\205~^\226\342t\360\022\204d\231\205)\272\364?\361!""; requestCookie: 2; queryType: qtINDIRECT; ","itype: liBASE; ledgerHash: ""\220\371c@\017\254\363\\371\340\340VaR\205~^\226\342t\360\022\204d\231\205)\272\364?\361!""; requestCookie: 2; queryType: qtINDIRECT; "
1750527609483,1750527609483,0,1,2,3,TMGetLedger,"itype: liBASE; ledgerHash: ""\220\371c@\017\254\363\\371\340\340VaR\205~^\226\342t\360\022\204d\231\205)\272\364?\361!""; ledgerSeq: 23; requestCookie: 3; queryType: qtINDIRECT; ","itype: liBASE; ledgerHash: ""\220\371c@\017\254\363\\371\340\340VaR\205~^\226\342t\360\022\204d\231\205)\272\364?\361!""; ledgerSeq: 23; requestCookie: 3; queryType: qtINDIRECT; "
1750527609483,1750527609483,0,1,2,3,TMGetLedger,"itype: liAS_NODE; ledgerHash: ""\220\371c@\017\254\363\\371\340\340VaR\205~^\226\342t\360\022\204d\231\205)\272\364?\361!""; ledgerSeq: 23; nodeIDs: ""\260\000\000\000\000\000\000\000\000\000\000\000\000\000\000\000\000\000\000\000\000\000\000\000\000\000\000\000\000\000\000\000\001""; queryType: qtINDIRECT; queryDepth: 1; ","itype: liAS_NODE; ledgerHash: ""\220\371c@\017\254\363\\371\340\340VaR\205~^\226\342t\360\022\204d\231\205)\272\364?\361!""; ledgerSeq: 23; nodeIDs: ""\260\000\000\000\000\000\000\000\000\000\000\000\000\000\000\000\000\000\000\000\000\000\000\000\000\000\000\000\000\000\000\000\001""; queryType: qtINDIRECT; queryDepth: 1; "
1750527609484,1750527609484,0,1,1,3,TMGetLedger,"itype: liBASE; ledgerHash: ""\220\371c@\017\254\363\\371\340\340VaR\205~^\226\342t\360\022\204d\231\205)\272\364?\361!""; requestCookie: 5; queryType: qtINDIRECT; ","itype: liBASE; ledgerHash: ""\220\371c@\017\254\363\\371\340\340VaR\205~^\226\342t\360\022\204d\231\205)\272\364?\361!""; requestCookie: 5; queryType: qtINDIRECT; "
1750527609484,1750527609484,0,1,1,3,TMGetLedger,"itype: liBASE; ledgerHash: ""\220\371c@\017\254\363\\371\340\340VaR\205~^\226\342t\360\022\204d\231\205)\272\364?\361!""; ledgerSeq: 23; queryType: qtINDIRECT; ","itype: liBASE; ledgerHash: ""\220\371c@\017\254\363\\371\340\340VaR\205~^\226\342t\360\022\204d\231\205)\272\364?\361!""; ledgerSeq: 23; queryType: qtINDIRECT; "
1750527609485,1750527609485,0,1,3,4,TMLedgerData,"ledgerHash: ""\220\371c@\017\254\363\\371\340\340VaR\205~^\226\342t\360\022\204d\231\205)\272\364?\361!""; ledgerSeq: 23; type: liBASE; nodes {;   nodedata: ""\000\000\000\027\001cEx]\211\377\330\250\025\373\247\354Tc\304\263\243^\352Gv\\264\261\r\035\226\306\2411\351\233\203\215\200$\231\300f\000\000\000\000\000\000\000\000\000\000\000\000\000\000\000\000\000\000\000\000\000\000\000\000\000\000\000\000\000\000\000\000_\370!\007\363\314>\031~|\272`\265\372\237(\337E\000n\345:""\307\335\033m\310\330P=0/\351\252\363/\351\252\372\n\000""; }; nodes {;   nodedata: ""\323C\344\327\264{\312-\017:\006{\177\344N\002\326bO\260\220\006\033\362\345\005U\221DzJ0\001\301\025%1L\307\t\261\262z\374\222T\301\274V\236\223\262\270Ct\362\337b\356\024*\324\320\351\317\002k\336\234\027v\351\217\260\303\360\233ZPZWr\246$w\313\313\r\243r\232\2234\373\3539:N\004Q\245\272D\312D\300\300\t\323\0257\345e\271\na\215{\226\255x%T\257\037\333\004\344_/R\006E\344\037@\210\363\010\336T\226\247'\204_{\261\370""1\235\2445\343\033Y!\212\201\341\272\225'\007#@\031wqq^\350N\330=\364\365K?&\!\313\305\236~=2\250!,v\255\334\223\000\013\003""; }; requestCookie: 1; ","ledgerHash: ""\220\371c@\017\254\363\\371\340\340VaR\205~^\226\342t\360\022\204d\231\205)\272\364?\361!""; ledgerSeq: 23; type: liBASE; nodes {;   nodedata: ""\000\000\000\027\001cEx]\211\377\330\250\025\373\247\354Tc\304\263\243^\352Gv\\264\261\r\035\226\306\2411\351\233\203\215\200$\231\300f\000\000\000\000\000\000\000\000\000\000\000\000\000\000\000\000\000\000\000\000\000\000\000\000\000\000\000\000\000\000\000\000_\370!\007\363\314>\031~|\272`\265\372\237(\337E\000n\345:""\307\335\033m\310\330P=0/\351\252\363/\351\252\372\n\000""; }; nodes {;   nodedata: ""\323C\344\327\264{\312-\017:\006{\177\344N\002\326bO\260\220\006\033\362\345\005U\221DzJ0\001\301\025%1L\307\t\261\262z\374\222T\301\274V\236\223\262\270Ct\362\337b\356\024*\324\320\351\317\002k\336\234\027v\351\217\260\303\360\233ZPZWr\246$w\313\313\r\243r\232\2234\373\3539:N\004Q\245\272D\312D\300\300\t\323\0257\345e\271\na\215{\226\255x%T\257\037\333\004\344_/R\006E\344\037@\210\363\010\336T\226\247'\204_{\261\370""1\235\2445\343\033Y!\212\201\341\272\225'\007#@\031wqq^\350N\330=\364\365K?&\!\313\305\236~=2\250!,v\255\334\223\000\013\003""; }; requestCookie: 1; "
1750527609486,1750527609486,0,1,3,4,TMLedgerData,"ledgerHash: ""\220\371c@\017\254\363\\371\340\340VaR\205~^\226\342t\360\022\204d\231\205)\272\364?\361!""; ledgerSeq: 23; type: liAS_NODE; nodes {;   nodedata: ""\021\000h""\000\000\000\000 \033\000\000\000\026\002\023\303\037\330\356GuH\375\327!\255\371\r\231\262R\256J\034\222\241\355X\265E\241^W\225\304\014\361CX-}\351f\032\255\274\334m\326c\017\014ao[\342\230\003\245\245\3341Hm\326^\017jy\335\261\032Yt\320\244{g\0306\\302\303*\341\215\223\257\364\277o\375\000r\241SOq\221\253\262\005\017\375T\356\014\360o'\030\311-\267\031\257!\031T\006><\315XM\334\324\345\034\000\325\367\240\271\013\265\024\321\362\354\211\250.\234s\225amc\305\035\366\276\037nD\277`\210\223N\3535\033\261\304f\331]\036\237\306o!\223\221\002\324\031\262\240R\177 ,\214\325\Q])\016\2067\277\t\354\010\000\360\215\2502\265\245\310\226\243c\302Ze\306\253#r\020\211\320iG\276\020E\317\035Sf\223F\254\033@\177e\277\016\010u\327\371&\262\312\317Q\2361t\377x\234\001v\003%\030\325_\225g\204\346a=\225\273\331\354\365*U\363\263N\367b\371\244\314-w\363\262\225Z\200\206\235\233\257?sE\2674\254\326mU\377?\177Ek\336\030!\316Aa\225\303\022\377{\210Y\226\271as\354L\035\004\341\361\035\301\024\220m#*\372\032\3178~\374\250\014*\323\342'z69\220\327\256\351G\367\317u\302\207\270b\315\333\333\334\310I\323&\014\352XZnW2.\335\347\202\021\247\362\212e\034\000\001\250\220\305;a\314\265R\310\017\317\331\235\360\262\240:\277\202\266\354\265X""\022\nh\252\352w\204\203\023]\001f\352\277\0031Q]\362\370R\350{\261\202\240\344\215\201\353\276\322p5p\350\354\017>\250r\241c\273\016\301\024\363\242\247\263\231\370\344\nBW\220K\316@3\243\200\036wk\253GSlU\010\360\231>\331\263H\214\324\030A\225\301o\346pkSF\004\241\213w9\223=\250\262*+\255\351r\265\244c\024\213\t\007`\223\325#\3477\210\345P\306\013\320\252[\0216+\227=`\371P\314\346 V7\271[~\n\237\274|\347\352@K\253~&\260\032\024\004B\200\255h\351\013\361\031:nG\211\005|\2003\266\274\251,W\006u\344\335d\003\306\212\313,\340\350bG\n\030Z\2732-\246\312\255\030\003\235207\005}D\260\0261ah\322M\304\216\273m0\271\234\237\007<w$\265C\245\232\033\023\313c\321B\032l\301h\005\320\252\301\361(\330[\343\357\343{\235\n\266g\272>\177\317\347\261qb&\270&\346ju\200\363N\320\307\004\034\001n\317\361\2653\254\2503\247\305\372\316W\022O\253x\250\025\373\247\354Tc\304\263\243^\352Gv\\264\261\r\035\226\306\2411\351\233\203\215\200$\231\300f\264\227\2326\315\307\363\323\325\303\032N\256*\307\327 \235\332\207u\210\271\257\306g\231i*\260\326k\001"";   nodeid: ""\260\000\000\000\000\000\000\000\000\000\000\000\000\000\000\000\000\000\000\000\000\000\000\000\000\000\000\000\000\000\000\000\001""; }; ","ledgerHash: ""\220\371c@\017\254\363\\371\340\340VaR\205~^\226\342t\360\022\204d\231\205)\272\364?\361!""; ledgerSeq: 23; type: liAS_NODE; nodes {;   nodedata: ""\021\000h""\000\000\000\000 \033\000\000\000\026\002\023\303\037\330\356GuH\375\327!\255\371\r\231\262R\256J\034\222\241\355X\265E\241^W\225\304\014\361CX-}\351f\032\255\274\334m\326c\017\014ao[\342\230\003\245\245\3341Hm\326^\017jy\335\261\032Yt\320\244{g\0306\\302\303*\341\215\223\257\364\277o\375\000r\241SOq\221\253\262\005\017\375T\356\014\360o'\030\311-\267\031\257!\031T\006><\315XM\334\324\345\034\000\325\367\240\271\013\265\024\321\362\354\211\250.\234s\225amc\305\035\366\276\037nD\277`\210\223N\3535\033\261\304f\331]\036\237\306o!\223\221\002\324\031\262\240R\177 ,\214\325\Q])\016\2067\277\t\354\010\000\360\215\2502\265\245\310\226\243c\302Ze\306\253#r\020\211\320iG\276\020E\317\035Sf\223F\254\033@\177e\277\016\010u\327\371&\262\312\317Q\2361t\377x\234\001v\003%\030\325_\225g\204\346a=\225\273\331\354\365*U\363\263N\367b\371\244\314-w\363\262\225Z\200\206\235\233\257?sE\2674\254\326mU\377?\177Ek\336\030!\316Aa\225\303\022\377{\210Y\226\271as\354L\035\004\341\361\035\301\024\220m#*\372\032\3178~\374\250\014*\323\342'z69\220\327\256\351G\367\317u\302\207\270b\315\333\333\334\310I\323&\014\352XZnW2.\335\347\202\021\247\362\212e\034\000\001\250\220\305;a\314\265R\310\017\317\331\235\360\262\240:\277\202\266\354\265X""\022\nh\252\352w\204\203\023]\001f\352\277\0031Q]\362\370R\350{\261\202\240\344\215\201\353\276\322p5p\350\354\017>\250r\241c\273\016\301\024\363\242\247\263\231\370\344\nBW\220K\316@3\243\200\036wk\253GSlU\010\360\231>\331\263H\214\324\030A\225\301o\346pkSF\004\241\213w9\223=\250\262*+\255\351r\265\244c\024\213\t\007`\223\325#\3477\210\345P\306\013\320\252[\0216+\227=`\371P\314\346 V7\271[~\n\237\274|\347\352@K\253~&\260\032\024\004B\200\255h\351\013\361\031:nG\211\005|\2003\266\274\251,W\006u\344\335d\003\306\212\313,\340\350bG\n\030Z\2732-\246\312\255\030\003\235207\005}D\260\0261ah\322M\304\216\273m0\271\234\237\007<w$\265C\245\232\033\023\313c\321B\032l\301h\005\320\252\301\361(\330[\343\357\343{\235\n\266g\272>\177\317\347\261qb&\270&\346ju\200\363N\320\307\004\034\001n\317\361\2653\254\2503\247\305\372\316W\022O\253x\250\025\373\247\354Tc\304\263\243^\352Gv\\264\261\r\035\226\306\2411\351\233\203\215\200$\231\300f\264\227\2326\315\307\363\323\325\303\032N\256*\307\327 \235\332\207u\210\271\257\306g\231i*\260\326k\001"";   nodeid: ""\260\000\000\000\000\000\000\000\000\000\000\000\000\000\000\000\000\000\000\000\000\000\000\000\000\000\000\000\000\000\000\000\001""; }; "
1750527609486,1750527609486,0,1,3,4,TMLedgerData,"ledgerHash: ""\220\371c@\017\254\363\\371\340\340VaR\205~^\226\342t\360\022\204d\231\205)\272\364?\361!""; ledgerSeq: 23; type: liBASE; nodes {;   nodedata: ""\000\000\000\027\001cEx]\211\377\330\250\025\373\247\354Tc\304\263\243^\352Gv\\264\261\r\035\226\306\2411\351\233\203\215\200$\231\300f\000\000\000\000\000\000\000\000\000\000\000\000\000\000\000\000\000\000\000\000\000\000\000\000\000\000\000\000\000\000\000\000_\370!\007\363\314>\031~|\272`\265\372\237(\337E\000n\345:""\307\335\033m\310\330P=0/\351\252\363/\351\252\372\n\000""; }; nodes {;   nodedata: ""\323C\344\327\264{\312-\017:\006{\177\344N\002\326bO\260\220\006\033\362\345\005U\221DzJ0\001\301\025%1L\307\t\261\262z\374\222T\301\274V\236\223\262\270Ct\362\337b\356\024*\324\320\351\317\002k\336\234\027v\351\217\260\303\360\233ZPZWr\246$w\313\313\r\243r\232\2234\373\3539:N\004Q\245\272D\312D\300\300\t\323\0257\345e\271\na\215{\226\255x%T\257\037\333\004\344_/R\006E\344\037@\210\363\010\336T\226\247'\204_{\261\370""1\235\2445\343\033Y!\212\201\341\272\225'\007#@\031wqq^\350N\330=\364\365K?&\!\313\305\236~=2\250!,v\255\334\223\000\013\003""; }; requestCookie: 3; ","ledgerHash: ""\220\371c@\017\254\363\\371\340\340VaR\205~^\226\342t\360\022\204d\231\205)\272\364?\361!""; ledgerSeq: 23; type: liBASE; nodes {;   nodedata: ""\000\000\000\027\001cEx]\211\377\330\250\025\373\247\354Tc\304\263\243^\352Gv\\264\261\r\035\226\306\2411\351\233\203\215\200$\231\300f\000\000\000\000\000\000\000\000\000\000\000\000\000\000\000\000\000\000\000\000\000\000\000\000\000\000\000\000\000\000\000\000_\370!\007\363\314>\031~|\272`\265\372\237(\337E\000n\345:""\307\335\033m\310\330P=0/\351\252\363/\351\252\372\n\000""; }; nodes {;   nodedata: ""\323C\344\327\264{\312-\017:\006{\177\344N\002\326bO\260\220\006\033\362\345\005U\221DzJ0\001\301\025%1L\307\t\261\262z\374\222T\301\274V\236\223\262\270Ct\362\337b\356\024*\324\320\351\317\002k\336\234\027v\351\217\260\303\360\233ZPZWr\246$w\313\313\r\243r\232\2234\373\3539:N\004Q\245\272D\312D\300\300\t\323\0257\345e\271\na\215{\226\255x%T\257\037\333\004\344_/R\006E\344\037@\210\363\010\336T\226\247'\204_{\261\370""1\235\2445\343\033Y!\212\201\341\272\225'\007#@\031wqq^\350N\330=\364\365K?&\!\313\305\236~=2\250!,v\255\334\223\000\013\003""; }; requestCookie: 3; "
1750527609487,1750527609487,0,1,3,0,TMLedgerData,"ledgerHash: ""\220\371c@\017\254\363\\371\340\340VaR\205~^\226\342t\360\022\204d\231\205)\272\364?\361!""; ledgerSeq: 23; type: liBASE; nodes {;   nodedata: ""\000\000\000\027\001cEx]\211\377\330\250\025\373\247\354Tc\304\263\243^\352Gv\\264\261\r\035\226\306\2411\351\233\203\215\200$\231\300f\000\000\000\000\000\000\000\000\000\000\000\000\000\000\000\000\000\000\000\000\000\000\000\000\000\000\000\000\000\000\000\000_\370!\007\363\314>\031~|\272`\265\372\237(\337E\000n\345:""\307\335\033m\310\330P=0/\351\252\363/\351\252\372\n\000""; }; nodes {;   nodedata: ""\323C\344\327\264{\312-\017:\006{\177\344N\002\326bO\260\220\006\033\362\345\005U\221DzJ0\001\301\025%1L\307\t\261\262z\374\222T\301\274V\236\223\262\270Ct\362\337b\356\024*\324\320\351\317\002k\336\234\027v\351\217\260\303\360\233ZPZWr\246$w\313\313\r\243r\232\2234\373\3539:N\004Q\245\272D\312D\300\300\t\323\0257\345e\271\na\215{\226\255x%T\257\037\333\004\344_/R\006E\344\037@\210\363\010\336T\226\247'\204_{\261\370""1\235\2445\343\033Y!\212\201\341\272\225'\007#@\031wqq^\350N\330=\364\365K?&\!\313\305\236~=2\250!,v\255\334\223\000\013\003""; }; ","ledgerHash: ""\220\371c@\017\254\363\\371\340\340VaR\205~^\226\342t\360\022\204d\231\205)\272\364?\361!""; ledgerSeq: 23; type: liBASE; nodes {;   nodedata: ""\000\000\000\027\001cEx]\211\377\330\250\025\373\247\354Tc\304\263\243^\352Gv\\264\261\r\035\226\306\2411\351\233\203\215\200$\231\300f\000\000\000\000\000\000\000\000\000\000\000\000\000\000\000\000\000\000\000\000\000\000\000\000\000\000\000\000\000\000\000\000_\370!\007\363\314>\031~|\272`\265\372\237(\337E\000n\345:""\307\335\033m\310\330P=0/\351\252\363/\351\252\372\n\000""; }; nodes {;   nodedata: ""\323C\344\327\264{\312-\017:\006{\177\344N\002\326bO\260\220\006\033\362\345\005U\221DzJ0\001\301\025%1L\307\t\261\262z\374\222T\301\274V\236\223\262\270Ct\362\337b\356\024*\324\320\351\317\002k\336\234\027v\351\217\260\303\360\233ZPZWr\246$w\313\313\r\243r\232\2234\373\3539:N\004Q\245\272D\312D\300\300\t\323\0257\345e\271\na\215{\226\255x%T\257\037\333\004\344_/R\006E\344\037@\210\363\010\336T\226\247'\204_{\261\370""1\235\2445\343\033Y!\212\201\341\272\225'\007#@\031wqq^\350N\330=\364\365K?&\!\313\305\236~=2\250!,v\255\334\223\000\013\003""; }; "
1750527609488,1750527609488,0,1,3,0,TMLedgerData,"ledgerHash: ""\220\371c@\017\254\363\\371\340\340VaR\205~^\226\342t\360\022\204d\231\205)\272\364?\361!""; ledgerSeq: 23; type: liBASE; nodes {;   nodedata: ""\000\000\000\027\001cEx]\211\377\330\250\025\373\247\354Tc\304\263\243^\352Gv\\264\261\r\035\226\306\2411\351\233\203\215\200$\231\300f\000\000\000\000\000\000\000\000\000\000\000\000\000\000\000\000\000\000\000\000\000\000\000\000\000\000\000\000\000\000\000\000_\370!\007\363\314>\031~|\272`\265\372\237(\337E\000n\345:""\307\335\033m\310\330P=0/\351\252\363/\351\252\372\n\000""; }; nodes {;   nodedata: ""\323C\344\327\264{\312-\017:\006{\177\344N\002\326bO\260\220\006\033\362\345\005U\221DzJ0\001\301\025%1L\307\t\261\262z\374\222T\301\274V\236\223\262\270Ct\362\337b\356\024*\324\320\351\317\002k\336\234\027v\351\217\260\303\360\233ZPZWr\246$w\313\313\r\243r\232\2234\373\3539:N\004Q\245\272D\312D\300\300\t\323\0257\345e\271\na\215{\226\255x%T\257\037\333\004\344_/R\006E\344\037@\210\363\010\336T\226\247'\204_{\261\370""1\235\2445\343\033Y!\212\201\341\272\225'\007#@\031wqq^\350N\330=\364\365K?&\!\313\305\236~=2\250!,v\255\334\223\000\013\003""; }; requestCookie: 5; ","ledgerHash: ""\220\371c@\017\254\363\\371\340\340VaR\205~^\226\342t\360\022\204d\231\205)\272\364?\361!""; ledgerSeq: 23; type: liBASE; nodes {;   nodedata: ""\000\000\000\027\001cEx]\211\377\330\250\025\373\247\354Tc\304\263\243^\352Gv\\264\261\r\035\226\306\2411\351\233\203\215\200$\231\300f\000\000\000\000\000\000\000\000\000\000\000\000\000\000\000\000\000\000\000\000\000\000\000\000\000\000\000\000\000\000\000\000_\370!\007\363\314>\031~|\272`\265\372\237(\337E\000n\345:""\307\335\033m\310\330P=0/\351\252\363/\351\252\372\n\000""; }; nodes {;   nodedata: ""\323C\344\327\264{\312-\017:\006{\177\344N\002\326bO\260\220\006\033\362\345\005U\221DzJ0\001\301\025%1L\307\t\261\262z\374\222T\301\274V\236\223\262\270Ct\362\337b\356\024*\324\320\351\317\002k\336\234\027v\351\217\260\303\360\233ZPZWr\246$w\313\313\r\243r\232\2234\373\3539:N\004Q\245\272D\312D\300\300\t\323\0257\345e\271\na\215{\226\255x%T\257\037\333\004\344_/R\006E\344\037@\210\363\010\336T\226\247'\204_{\261\370""1\235\2445\343\033Y!\212\201\341\272\225'\007#@\031wqq^\350N\330=\364\365K?&\!\313\305\236~=2\250!,v\255\334\223\000\013\003""; }; requestCookie: 5; "
1750527609489,1750527609489,0,1,3,2,TMLedgerData,"ledgerHash: ""\220\371c@\017\254\363\\371\340\340VaR\205~^\226\342t\360\022\204d\231\205)\272\364?\361!""; ledgerSeq: 23; type: liBASE; nodes {;   nodedata: ""\000\000\000\027\001cEx]\211\377\330\250\025\373\247\354Tc\304\263\243^\352Gv\\264\261\r\035\226\306\2411\351\233\203\215\200$\231\300f\000\000\000\000\000\000\000\000\000\000\000\000\000\000\000\000\000\000\000\000\000\000\000\000\000\000\000\000\000\000\000\000_\370!\007\363\314>\031~|\272`\265\372\237(\337E\000n\345:""\307\335\033m\310\330P=0/\351\252\363/\351\252\372\n\000""; }; nodes {;   nodedata: ""\323C\344\327\264{\312-\017:\006{\177\344N\002\326bO\260\220\006\033\362\345\005U\221DzJ0\001\301\025%1L\307\t\261\262z\374\222T\301\274V\236\223\262\270Ct\362\337b\356\024*\324\320\351\317\002k\336\234\027v\351\217\260\303\360\233ZPZWr\246$w\313\313\r\243r\232\2234\373\3539:N\004Q\245\272D\312D\300\300\t\323\0257\345e\271\na\215{\226\255x%T\257\037\333\004\344_/R\006E\344\037@\210\363\010\336T\226\247'\204_{\261\370""1\235\2445\343\033Y!\212\201\341\272\225'\007#@\031wqq^\350N\330=\364\365K?&\!\313\305\236~=2\250!,v\255\334\223\000\013\003""; }; requestCookie: 5; ","ledgerHash: ""\220\371c@\017\254\363\\371\340\340VaR\205~^\226\342t\360\022\204d\231\205)\272\364?\361!""; ledgerSeq: 23; type: liBASE; nodes {;   nodedata: ""\000\000\000\027\001cEx]\211\377\330\250\025\373\247\354Tc\304\263\243^\352Gv\\264\261\r\035\226\306\2411\351\233\203\215\200$\231\300f\000\000\000\000\000\000\000\000\000\000\000\000\000\000\000\000\000\000\000\000\000\000\000\000\000\000\000\000\000\000\000\000_\370!\007\363\314>\031~|\272`\265\372\237(\337E\000n\345:""\307\335\033m\310\330P=0/\351\252\363/\351\252\372\n\000""; }; nodes {;   nodedata: ""\323C\344\327\264{\312-\017:\006{\177\344N\002\326bO\260\220\006\033\362\345\005U\221DzJ0\001\301\025%1L\307\t\261\262z\374\222T\301\274V\236\223\262\270Ct\362\337b\356\024*\324\320\351\317\002k\336\234\027v\351\217\260\303\360\233ZPZWr\246$w\313\313\r\243r\232\2234\373\3539:N\004Q\245\272D\312D\300\300\t\323\0257\345e\271\na\215{\226\255x%T\257\037\333\004\344_/R\006E\344\037@\210\363\010\336T\226\247'\204_{\261\370""1\235\2445\343\033Y!\212\201\341\272\225'\007#@\031wqq^\350N\330=\364\365K?&\!\313\305\236~=2\250!,v\255\334\223\000\013\003""; }; requestCookie: 5; "
1750527609490,1750527609490,0,1,3,2,TMLedgerData,"ledgerHash: ""\220\371c@\017\254\363\\371\340\340VaR\205~^\226\342t\360\022\204d\231\205)\272\364?\361!""; ledgerSeq: 23; type: liBASE; nodes {;   nodedata: ""\000\000\000\027\001cEx]\211\377\330\250\025\373\247\354Tc\304\263\243^\352Gv\\264\261\r\035\226\306\2411\351\233\203\215\200$\231\300f\000\000\000\000\000\000\000\000\000\000\000\000\000\000\000\000\000\000\000\000\000\000\000\000\000\000\000\000\000\000\000\000_\370!\007\363\314>\031~|\272`\265\372\237(\337E\000n\345:""\307\335\033m\310\330P=0/\351\252\363/\351\252\372\n\000""; }; nodes {;   nodedata: ""\323C\344\327\264{\312-\017:\006{\177\344N\002\326bO\260\220\006\033\362\345\005U\221DzJ0\001\301\025%1L\307\t\261\262z\374\222T\301\274V\236\223\262\270Ct\362\337b\356\024*\324\320\351\317\002k\336\234\027v\351\217\260\303\360\233ZPZWr\246$w\313\313\r\243r\232\2234\373\3539:N\004Q\245\272D\312D\300\300\t\323\0257\345e\271\na\215{\226\255x%T\257\037\333\004\344_/R\006E\344\037@\210\363\010\336T\226\247'\204_{\261\370""1\235\2445\343\033Y!\212\201\341\272\225'\007#@\031wqq^\350N\330=\364\365K?&\!\313\305\236~=2\250!,v\255\334\223\000\013\003""; }; requestCookie: 2; ","ledgerHash: ""\220\371c@\017\254\363\\371\340\340VaR\205~^\226\342t\360\022\204d\231\205)\272\364?\361!""; ledgerSeq: 23; type: liBASE; nodes {;   nodedata: ""\000\000\000\027\001cEx]\211\377\330\250\025\373\247\354Tc\304\263\243^\352Gv\\264\261\r\035\226\306\2411\351\233\203\215\200$\231\300f\000\000\000\000\000\000\000\000\000\000\000\000\000\000\000\000\000\000\000\000\000\000\000\000\000\000\000\000\000\000\000\000_\370!\007\363\314>\031~|\272`\265\372\237(\337E\000n\345:""\307\335\033m\310\330P=0/\351\252\363/\351\252\372\n\000""; }; nodes {;   nodedata: ""\323C\344\327\264{\312-\017:\006{\177\344N\002\326bO\260\220\006\033\362\345\005U\221DzJ0\001\301\025%1L\307\t\261\262z\374\222T\301\274V\236\223\262\270Ct\362\337b\356\024*\324\320\351\317\002k\336\234\027v\351\217\260\303\360\233ZPZWr\246$w\313\313\r\243r\232\2234\373\3539:N\004Q\245\272D\312D\300\300\t\323\0257\345e\271\na\215{\226\255x%T\257\037\333\004\344_/R\006E\344\037@\210\363\010\336T\226\247'\204_{\261\370""1\235\2445\343\033Y!\212\201\341\272\225'\007#@\031wqq^\350N\330=\364\365K?&\!\313\305\236~=2\250!,v\255\334\223\000\013\003""; }; requestCookie: 2; "
1750527609491,1750527609491,0,1,3,2,TMLedgerData,"ledgerHash: ""\220\371c@\017\254\363\\371\340\340VaR\205~^\226\342t\360\022\204d\231\205)\272\364?\361!""; ledgerSeq: 23; type: liBASE; nodes {;   nodedata: ""\000\000\000\027\001cEx]\211\377\330\250\025\373\247\354Tc\304\263\243^\352Gv\\264\261\r\035\226\306\2411\351\233\203\215\200$\231\300f\000\000\000\000\000\000\000\000\000\000\000\000\000\000\000\000\000\000\000\000\000\000\000\000\000\000\000\000\000\000\000\000_\370!\007\363\314>\031~|\272`\265\372\237(\337E\000n\345:""\307\335\033m\310\330P=0/\351\252\363/\351\252\372\n\000""; }; nodes {;   nodedata: ""\323C\344\327\264{\312-\017:\006{\177\344N\002\326bO\260\220\006\033\362\345\005U\221DzJ0\001\301\025%1L\307\t\261\262z\374\222T\301\274V\236\223\262\270Ct\362\337b\356\024*\324\320\351\317\002k\336\234\027v\351\217\260\303\360\233ZPZWr\246$w\313\313\r\243r\232\2234\373\3539:N\004Q\245\272D\312D\300\300\t\323\0257\345e\271\na\215{\226\255x%T\257\037\333\004\344_/R\006E\344\037@\210\363\010\336T\226\247'\204_{\261\370""1\235\2445\343\033Y!\212\201\341\272\225'\007#@\031wqq^\350N\330=\364\365K?&\!\313\305\236~=2\250!,v\255\334\223\000\013\003""; }; requestCookie: 3; ","ledgerHash: ""\220\371c@\017\254\363\\371\340\340VaR\205~^\226\342t\360\022\204d\231\205)\272\364?\361!""; ledgerSeq: 23; type: liBASE; nodes {;   nodedata: ""\000\000\000\027\001cEx]\211\377\330\250\025\373\247\354Tc\304\263\243^\352Gv\\264\261\r\035\226\306\2411\351\233\203\215\200$\231\300f\000\000\000\000\000\000\000\000\000\000\000\000\000\000\000\000\000\000\000\000\000\000\000\000\000\000\000\000\000\000\000\000_\370!\007\363\314>\031~|\272`\265\372\237(\337E\000n\345:""\307\335\033m\310\330P=0/\351\252\363/\351\252\372\n\000""; }; nodes {;   nodedata: ""\323C\344\327\264{\312-\017:\006{\177\344N\002\326bO\260\220\006\033\362\345\005U\221DzJ0\001\301\025%1L\307\t\261\262z\374\222T\301\274V\236\223\262\270Ct\362\337b\356\024*\324\320\351\317\002k\336\234\027v\351\217\260\303\360\233ZPZWr\246$w\313\313\r\243r\232\2234\373\3539:N\004Q\245\272D\312D\300\300\t\323\0257\345e\271\na\215{\226\255x%T\257\037\333\004\344_/R\006E\344\037@\210\363\010\336T\226\247'\204_{\261\370""1\235\2445\343\033Y!\212\201\341\272\225'\007#@\031wqq^\350N\330=\364\365K?&\!\313\305\236~=2\250!,v\255\334\223\000\013\003""; }; requestCookie: 3; "
1750527609492,1750527609493,0,1,3,1,TMLedgerData,"ledgerHash: ""\220\371c@\017\254\363\\371\340\340VaR\205~^\226\342t\360\022\204d\231\205)\272\364?\361!""; ledgerSeq: 23; type: liBASE; nodes {;   nodedata: ""\000\000\000\027\001cEx]\211\377\330\250\025\373\247\354Tc\304\263\243^\352Gv\\264\261\r\035\226\306\2411\351\233\203\215\200$\231\300f\000\000\000\000\000\000\000\000\000\000\000\000\000\000\000\000\000\000\000\000\000\000\000\000\000\000\000\000\000\000\000\000_\370!\007\363\314>\031~|\272`\265\372\237(\337E\000n\345:""\307\335\033m\310\330P=0/\351\252\363/\351\252\372\n\000""; }; nodes {;   nodedata: ""\323C\344\327\264{\312-\017:\006{\177\344N\002\326bO\260\220\006\033\362\345\005U\221DzJ0\001\301\025%1L\307\t\261\262z\374\222T\301\274V\236\223\262\270Ct\362\337b\356\024*\324\320\351\317\002k\336\234\027v\351\217\260\303\360\233ZPZWr\246$w\313\313\r\243r\232\2234\373\3539:N\004Q\245\272D\312D\300\300\t\323\0257\345e\271\na\215{\226\255x%T\257\037\333\004\344_/R\006E\344\037@\210\363\010\336T\226\247'\204_{\261\370""1\235\2445\343\033Y!\212\201\341\272\225'\007#@\031wqq^\350N\330=\364\365K?&\!\313\305\236~=2\250!,v\255\334\223\000\013\003""; }; requestCookie: 5; ","ledgerHash: ""\220\371c@\017\254\363\\371\340\340VaR\205~^\226\342t\360\022\204d\231\205)\272\364?\361!""; ledgerSeq: 23; type: liBASE; nodes {;   nodedata: ""\000\000\000\027\001cEx]\211\377\330\250\025\373\247\354Tc\304\263\243^\352Gv\\264\261\r\035\226\306\2411\351\233\203\215\200$\231\300f\000\000\000\000\000\000\000\000\000\000\000\000\000\000\000\000\000\000\000\000\000\000\000\000\000\000\000\000\000\000\000\000_\370!\007\363\314>\031~|\272`\265\372\237(\337E\000n\345:""\307\335\033m\310\330P=0/\351\252\363/\351\252\372\n\000""; }; nodes {;   nodedata: ""\323C\344\327\264{\312-\017:\006{\177\344N\002\326bO\260\220\006\033\362\345\005U\221DzJ0\001\301\025%1L\307\t\261\262z\374\222T\301\274V\236\223\262\270Ct\362\337b\356\024*\324\320\351\317\002k\336\234\027v\351\217\260\303\360\233ZPZWr\246$w\313\313\r\243r\232\2234\373\3539:N\004Q\245\272D\312D\300\300\t\323\0257\345e\271\na\215{\226\255x%T\257\037\333\004\344_/R\006E\344\037@\210\363\010\336T\226\247'\204_{\261\370""1\235\2445\343\033Y!\212\201\341\272\225'\007#@\031wqq^\350N\330=\364\365K?&\!\313\305\236~=2\250!,v\255\334\223\000\013\003""; }; requestCookie: 5; "
1750527609493,1750527609493,0,1,3,1,TMLedgerData,"ledgerHash: ""\220\371c@\017\254\363\\371\340\340VaR\205~^\226\342t\360\022\204d\231\205)\272\364?\361!""; ledgerSeq: 23; type: liBASE; nodes {;   nodedata: ""\000\000\000\027\001cEx]\211\377\330\250\025\373\247\354Tc\304\263\243^\352Gv\\264\261\r\035\226\306\2411\351\233\203\215\200$\231\300f\000\000\000\000\000\000\000\000\000\000\000\000\000\000\000\000\000\000\000\000\000\000\000\000\000\000\000\000\000\000\000\000_\370!\007\363\314>\031~|\272`\265\372\237(\337E\000n\345:""\307\335\033m\310\330P=0/\351\252\363/\351\252\372\n\000""; }; nodes {;   nodedata: ""\323C\344\327\264{\312-\017:\006{\177\344N\002\326bO\260\220\006\033\362\345\005U\221DzJ0\001\301\025%1L\307\t\261\262z\374\222T\301\274V\236\223\262\270Ct\362\337b\356\024*\324\320\351\317\002k\336\234\027v\351\217\260\303\360\233ZPZWr\246$w\313\313\r\243r\232\2234\373\3539:N\004Q\245\272D\312D\300\300\t\323\0257\345e\271\na\215{\226\255x%T\257\037\333\004\344_/R\006E\344\037@\210\363\010\336T\226\247'\204_{\261\370""1\235\2445\343\033Y!\212\201\341\272\225'\007#@\031wqq^\350N\330=\364\365K?&\!\313\305\236~=2\250!,v\255\334\223\000\013\003""; }; ","ledgerHash: ""\220\371c@\017\254\363\\371\340\340VaR\205~^\226\342t\360\022\204d\231\205)\272\364?\361!""; ledgerSeq: 23; type: liBASE; nodes {;   nodedata: ""\000\000\000\027\001cEx]\211\377\330\250\025\373\247\354Tc\304\263\243^\352Gv\\264\261\r\035\226\306\2411\351\233\203\215\200$\231\300f\000\000\000\000\000\000\000\000\000\000\000\000\000\000\000\000\000\000\000\000\000\000\000\000\000\000\000\000\000\000\000\000_\370!\007\363\314>\031~|\272`\265\372\237(\337E\000n\345:""\307\335\033m\310\330P=0/\351\252\363/\351\252\372\n\000""; }; nodes {;   nodedata: ""\323C\344\327\264{\312-\017:\006{\177\344N\002\326bO\260\220\006\033\362\345\005U\221DzJ0\001\301\025%1L\307\t\261\262z\374\222T\301\274V\236\223\262\270Ct\362\337b\356\024*\324\320\351\317\002k\336\234\027v\351\217\260\303\360\233ZPZWr\246$w\313\313\r\243r\232\2234\373\3539:N\004Q\245\272D\312D\300\300\t\323\0257\345e\271\na\215{\226\255x%T\257\037\333\004\344_/R\006E\344\037@\210\363\010\336T\226\247'\204_{\261\370""1\235\2445\343\033Y!\212\201\341\272\225'\007#@\031wqq^\350N\330=\364\365K?&\!\313\305\236~=2\250!,v\255\334\223\000\013\003""; }; "
1750527609494,1750527609494,0,1,4,0,TMLedgerData,"ledgerHash: ""\220\371c@\017\254\363\\371\340\340VaR\205~^\226\342t\360\022\204d\231\205)\272\364?\361!""; ledgerSeq: 23; type: liBASE; nodes {;   nodedata: ""\000\000\000\027\001cEx]\211\377\330\250\025\373\247\354Tc\304\263\243^\352Gv\\264\261\r\035\226\306\2411\351\233\203\215\200$\231\300f\000\000\000\000\000\000\000\000\000\000\000\000\000\000\000\000\000\000\000\000\000\000\000\000\000\000\000\000\000\000\000\000_\370!\007\363\314>\031~|\272`\265\372\237(\337E\000n\345:""\307\335\033m\310\330P=0/\351\252\363/\351\252\372\n\000""; }; nodes {;   nodedata: ""\323C\344\327\264{\312-\017:\006{\177\344N\002\326bO\260\220\006\033\362\345\005U\221DzJ0\001\301\025%1L\307\t\261\262z\374\222T\301\274V\236\223\262\270Ct\362\337b\356\024*\324\320\351\317\002k\336\234\027v\351\217\260\303\360\233ZPZWr\246$w\313\313\r\243r\232\2234\373\3539:N\004Q\245\272D\312D\300\300\t\323\0257\345e\271\na\215{\226\255x%T\257\037\333\004\344_/R\006E\344\037@\210\363\010\336T\226\247'\204_{\261\370""1\235\2445\343\033Y!\212\201\341\272\225'\007#@\031wqq^\350N\330=\364\365K?&\!\313\305\236~=2\250!,v\255\334\223\000\013\003""; }; ","ledgerHash: ""\220\371c@\017\254\363\\371\340\340VaR\205~^\226\342t\360\022\204d\231\205)\272\364?\361!""; ledgerSeq: 23; type: liBASE; nodes {;   nodedata: ""\000\000\000\027\001cEx]\211\377\330\250\025\373\247\354Tc\304\263\243^\352Gv\\264\261\r\035\226\306\2411\351\233\203\215\200$\231\300f\000\000\000\000\000\000\000\000\000\000\000\000\000\000\000\000\000\000\000\000\000\000\000\000\000\000\000\000\000\000\000\000_\370!\007\363\314>\031~|\272`\265\372\237(\337E\000n\345:""\307\335\033m\310\330P=0/\351\252\363/\351\252\372\n\000""; }; nodes {;   nodedata: ""\323C\344\327\264{\312-\017:\006{\177\344N\002\326bO\260\220\006\033\362\345\005U\221DzJ0\001\301\025%1L\307\t\261\262z\374\222T\301\274V\236\223\262\270Ct\362\337b\356\024*\324\320\351\317\002k\336\234\027v\351\217\260\303\360\233ZPZWr\246$w\313\313\r\243r\232\2234\373\3539:N\004Q\245\272D\312D\300\300\t\323\0257\345e\271\na\215{\226\255x%T\257\037\333\004\344_/R\006E\344\037@\210\363\010\336T\226\247'\204_{\261\370""1\235\2445\343\033Y!\212\201\341\272\225'\007#@\031wqq^\350N\330=\364\365K?&\!\313\305\236~=2\250!,v\255\334\223\000\013\003""; }; "
1750527609495,1750527609496,0,1,4,2,TMLedgerData,"ledgerHash: ""\220\371c@\017\254\363\\371\340\340VaR\205~^\226\342t\360\022\204d\231\205)\272\364?\361!""; ledgerSeq: 23; type: liBASE; nodes {;   nodedata: ""\000\000\000\027\001cEx]\211\377\330\250\025\373\247\354Tc\304\263\243^\352Gv\\264\261\r\035\226\306\2411\351\233\203\215\200$\231\300f\000\000\000\000\000\000\000\000\000\000\000\000\000\000\000\000\000\000\000\000\000\000\000\000\000\000\000\000\000\000\000\000_\370!\007\363\314>\031~|\272`\265\372\237(\337E\000n\345:""\307\335\033m\310\330P=0/\351\252\363/\351\252\372\n\000""; }; nodes {;   nodedata: ""\323C\344\327\264{\312-\017:\006{\177\344N\002\326bO\260\220\006\033\362\345\005U\221DzJ0\001\301\025%1L\307\t\261\262z\374\222T\301\274V\236\223\262\270Ct\362\337b\356\024*\324\320\351\317\002k\336\234\027v\351\217\260\303\360\233ZPZWr\246$w\313\313\r\243r\232\2234\373\3539:N\004Q\245\272D\312D\300\300\t\323\0257\345e\271\na\215{\226\255x%T\257\037\333\004\344_/R\006E\344\037@\210\363\010\336T\226\247'\204_{\261\370""1\235\2445\343\033Y!\212\201\341\272\225'\007#@\031wqq^\350N\330=\364\365K?&\!\313\305\236~=2\250!,v\255\334\223\000\013\003""; }; ","ledgerHash: ""\220\371c@\017\254\363\\371\340\340VaR\205~^\226\342t\360\022\204d\231\205)\272\364?\361!""; ledgerSeq: 23; type: liBASE; nodes {;   nodedata: ""\000\000\000\027\001cEx]\211\377\330\250\025\373\247\354Tc\304\263\243^\352Gv\\264\261\r\035\226\306\2411\351\233\203\215\200$\231\300f\000\000\000\000\000\000\000\000\000\000\000\000\000\000\000\000\000\000\000\000\000\000\000\000\000\000\000\000\000\000\000\000_\370!\007\363\314>\031~|\272`\265\372\237(\337E\000n\345:""\307\335\033m\310\330P=0/\351\252\363/\351\252\372\n\000""; }; nodes {;   nodedata: ""\323C\344\327\264{\312-\017:\006{\177\344N\002\326bO\260\220\006\033\362\345\005U\221DzJ0\001\301\025%1L\307\t\261\262z\374\222T\301\274V\236\223\262\270Ct\362\337b\356\024*\324\320\351\317\002k\336\234\027v\351\217\260\303\360\233ZPZWr\246$w\313\313\r\243r\232\2234\373\3539:N\004Q\245\272D\312D\300\300\t\323\0257\345e\271\na\215{\226\255x%T\257\037\333\004\344_/R\006E\344\037@\210\363\010\336T\226\247'\204_{\261\370""1\235\2445\343\033Y!\212\201\341\272\225'\007#@\031wqq^\350N\330=\364\365K?&\!\313\305\236~=2\250!,v\255\334\223\000\013\003""; }; "
1750527609496,1750527609496,0,1,0,3,TMGetLedger,"itype: liAS_NODE; ledgerHash: ""\220\371c@\017\254\363\\371\340\340VaR\205~^\226\342t\360\022\204d\231\205)\272\364?\361!""; ledgerSeq: 23; nodeIDs: ""\260\000\000\000\000\000\000\000\000\000\000\000\000\000\000\000\000\000\000\000\000\000\000\000\000\000\000\000\000\000\000\000\001""; queryType: qtINDIRECT; queryDepth: 1; ","itype: liAS_NODE; ledgerHash: ""\220\371c@\017\254\363\\371\340\340VaR\205~^\226\342t\360\022\204d\231\205)\272\364?\361!""; ledgerSeq: 23; nodeIDs: ""\260\000\000\000\000\000\000\000\000\000\000\000\000\000\000\000\000\000\000\000\000\000\000\000\000\000\000\000\000\000\000\000\001""; queryType: qtINDIRECT; queryDepth: 1; "
1750527609497,1750527609497,0,1,0,3,TMGetLedger,"itype: liBASE; ledgerHash: ""\220\371c@\017\254\363\\371\340\340VaR\205~^\226\342t\360\022\204d\231\205)\272\364?\361!""; ledgerSeq: 23; requestCookie: 2; queryType: qtINDIRECT; ","itype: liBASE; ledgerHash: ""\220\371c@\017\254\363\\371\340\340VaR\205~^\226\342t\360\022\204d\231\205)\272\364?\361!""; ledgerSeq: 23; requestCookie: 2; queryType: qtINDIRECT; "
1750527609497,1750527609498,0,1,0,3,TMGetLedger,"itype: liBASE; ledgerHash: ""\220\371c@\017\254\363\\371\340\340VaR\205~^\226\342t\360\022\204d\231\205)\272\364?\361!""; ledgerSeq: 23; requestCookie: 3; queryType: qtINDIRECT; ","itype: liBASE; ledgerHash: ""\220\371c@\017\254\363\\371\340\340VaR\205~^\226\342t\360\022\204d\231\205)\272\364?\361!""; ledgerSeq: 23; requestCookie: 3; queryType: qtINDIRECT; "
1750527609498,1750527609498,0,1,0,4,TMLedgerData,"ledgerHash: ""\220\371c@\017\254\363\\371\340\340VaR\205~^\226\342t\360\022\204d\231\205)\272\364?\361!""; ledgerSeq: 23; type: liBASE; nodes {;   nodedata: ""\000\000\000\027\001cEx]\211\377\330\250\025\373\247\354Tc\304\263\243^\352Gv\\264\261\r\035\226\306\2411\351\233\203\215\200$\231\300f\000\000\000\000\000\000\000\000\000\000\000\000\000\000\000\000\000\000\000\000\000\000\000\000\000\000\000\000\000\000\000\000_\370!\007\363\314>\031~|\272`\265\372\237(\337E\000n\345:""\307\335\033m\310\330P=0/\351\252\363/\351\252\372\n\000""; }; nodes {;   nodedata: ""\323C\344\327\264{\312-\017:\006{\177\344N\002\326bO\260\220\006\033\362\345\005U\221DzJ0\001\301\025%1L\307\t\261\262z\374\222T\301\274V\236\223\262\270Ct\362\337b\356\024*\324\320\351\317\002k\336\234\027v\351\217\260\303\360\233ZPZWr\246$w\313\313\r\243r\232\2234\373\3539:N\004Q\245\272D\312D\300\300\t\323\0257\345e\271\na\215{\226\255x%T\257\037\333\004\344_/R\006E\344\037@\210\363\010\336T\226\247'\204_{\261\370""1\235\2445\343\033Y!\212\201\341\272\225'\007#@\031wqq^\350N\330=\364\365K?&\!\313\305\236~=2\250!,v\255\334\223\000\013\003""; }; ","ledgerHash: ""\220\371c@\017\254\363\\371\340\340VaR\205~^\226\342t\360\022\204d\231\205)\272\364?\361!""; ledgerSeq: 23; type: liBASE; nodes {;   nodedata: ""\000\000\000\027\001cEx]\211\377\330\250\025\373\247\354Tc\304\263\243^\352Gv\\264\261\r\035\226\306\2411\351\233\203\215\200$\231\300f\000\000\000\000\000\000\000\000\000\000\000\000\000\000\000\000\000\000\000\000\000\000\000\000\000\000\000\000\000\000\000\000_\370!\007\363\314>\031~|\272`\265\372\237(\337E\000n\345:""\307\335\033m\310\330P=0/\351\252\363/\351\252\372\n\000""; }; nodes {;   nodedata: ""\323C\344\327\264{\312-\017:\006{\177\344N\002\326bO\260\220\006\033\362\345\005U\221DzJ0\001\301\025%1L\307\t\261\262z\374\222T\301\274V\236\223\262\270Ct\362\337b\356\024*\324\320\351\317\002k\336\234\027v\351\217\260\303\360\233ZPZWr\246$w\313\313\r\243r\232\2234\373\3539:N\004Q\245\272D\312D\300\300\t\323\0257\345e\271\na\215{\226\255x%T\257\037\333\004\344_/R\006E\344\037@\210\363\010\336T\226\247'\204_{\261\370""1\235\2445\343\033Y!\212\201\341\272\225'\007#@\031wqq^\350N\330=\364\365K?&\!\313\305\236~=2\250!,v\255\334\223\000\013\003""; }; "
1750527609498,1750527609498,0,1,2,4,TMLedgerData,"ledgerHash: ""\220\371c@\017\254\363\\371\340\340VaR\205~^\226\342t\360\022\204d\231\205)\272\364?\361!""; ledgerSeq: 23; type: liBASE; nodes {;   nodedata: ""\000\000\000\027\001cEx]\211\377\330\250\025\373\247\354Tc\304\263\243^\352Gv\\264\261\r\035\226\306\2411\351\233\203\215\200$\231\300f\000\000\000\000\000\000\000\000\000\000\000\000\000\000\000\000\000\000\000\000\000\000\000\000\000\000\000\000\000\000\000\000_\370!\007\363\314>\031~|\272`\265\372\237(\337E\000n\345:""\307\335\033m\310\330P=0/\351\252\363/\351\252\372\n\000""; }; nodes {;   nodedata: ""\323C\344\327\264{\312-\017:\006{\177\344N\002\326bO\260\220\006\033\362\345\005U\221DzJ0\001\301\025%1L\307\t\261\262z\374\222T\301\274V\236\223\262\270Ct\362\337b\356\024*\324\320\351\317\002k\336\234\027v\351\217\260\303\360\233ZPZWr\246$w\313\313\r\243r\232\2234\373\3539:N\004Q\245\272D\312D\300\300\t\323\0257\345e\271\na\215{\226\255x%T\257\037\333\004\344_/R\006E\344\037@\210\363\010\336T\226\247'\204_{\261\370""1\235\2445\343\033Y!\212\201\341\272\225'\007#@\031wqq^\350N\330=\364\365K?&\!\313\305\236~=2\250!,v\255\334\223\000\013\003""; }; ","ledgerHash: ""\220\371c@\017\254\363\\371\340\340VaR\205~^\226\342t\360\022\204d\231\205)\272\364?\361!""; ledgerSeq: 23; type: liBASE; nodes {;   nodedata: ""\000\000\000\027\001cEx]\211\377\330\250\025\373\247\354Tc\304\263\243^\352Gv\\264\261\r\035\226\306\2411\351\233\203\215\200$\231\300f\000\000\000\000\000\000\000\000\000\000\000\000\000\000\000\000\000\000\000\000\000\000\000\000\000\000\000\000\000\000\000\000_\370!\007\363\314>\031~|\272`\265\372\237(\337E\000n\345:""\307\335\033m\310\330P=0/\351\252\363/\351\252\372\n\000""; }; nodes {;   nodedata: ""\323C\344\327\264{\312-\017:\006{\177\344N\002\326bO\260\220\006\033\362\345\005U\221DzJ0\001\301\025%1L\307\t\261\262z\374\222T\301\274V\236\223\262\270Ct\362\337b\356\024*\324\320\351\317\002k\336\234\027v\351\217\260\303\360\233ZPZWr\246$w\313\313\r\243r\232\2234\373\3539:N\004Q\245\272D\312D\300\300\t\323\0257\345e\271\na\215{\226\255x%T\257\037\333\004\344_/R\006E\344\037@\210\363\010\336T\226\247'\204_{\261\370""1\235\2445\343\033Y!\212\201\341\272\225'\007#@\031wqq^\350N\330=\364\365K?&\!\313\305\236~=2\250!,v\255\334\223\000\013\003""; }; "
1750527609499,1750527609500,0,1,2,0,TMLedgerData,"ledgerHash: ""\220\371c@\017\254\363\\371\340\340VaR\205~^\226\342t\360\022\204d\231\205)\272\364?\361!""; ledgerSeq: 23; type: liBASE; nodes {;   nodedata: ""\000\000\000\027\001cEx]\211\377\330\250\025\373\247\354Tc\304\263\243^\352Gv\\264\261\r\035\226\306\2411\351\233\203\215\200$\231\300f\000\000\000\000\000\000\000\000\000\000\000\000\000\000\000\000\000\000\000\000\000\000\000\000\000\000\000\000\000\000\000\000_\370!\007\363\314>\031~|\272`\265\372\237(\337E\000n\345:""\307\335\033m\310\330P=0/\351\252\363/\351\252\372\n\000""; }; nodes {;   nodedata: ""\323C\344\327\264{\312-\017:\006{\177\344N\002\326bO\260\220\006\033\362\345\005U\221DzJ0\001\301\025%1L\307\t\261\262z\374\222T\301\274V\236\223\262\270Ct\362\337b\356\024*\324\320\351\317\002k\336\234\027v\351\217\260\303\360\233ZPZWr\246$w\313\313\r\243r\232\2234\373\3539:N\004Q\245\272D\312D\300\300\t\323\0257\345e\271\na\215{\226\255x%T\257\037\333\004\344_/R\006E\344\037@\210\363\010\336T\226\247'\204_{\261\370""1\235\2445\343\033Y!\212\201\341\272\225'\007#@\031wqq^\350N\330=\364\365K?&\!\313\305\236~=2\250!,v\255\334\223\000\013\003""; }; ","ledgerHash: ""\220\371c@\017\254\363\\371\340\340VaR\205~^\226\342t\360\022\204d\231\205)\272\364?\361!""; ledgerSeq: 23; type: liBASE; nodes {;   nodedata: ""\000\000\000\027\001cEx]\211\377\330\250\025\373\247\354Tc\304\263\243^\352Gv\\264\261\r\035\226\306\2411\351\233\203\215\200$\231\300f\000\000\000\000\000\000\000\000\000\000\000\000\000\000\000\000\000\000\000\000\000\000\000\000\000\000\000\000\000\000\000\000_\370!\007\363\314>\031~|\272`\265\372\237(\337E\000n\345:""\307\335\033m\310\330P=0/\351\252\363/\351\252\372\n\000""; }; nodes {;   nodedata: ""\323C\344\327\264{\312-\017:\006{\177\344N\002\326bO\260\220\006\033\362\345\005U\221DzJ0\001\301\025%1L\307\t\261\262z\374\222T\301\274V\236\223\262\270Ct\362\337b\356\024*\324\320\351\317\002k\336\234\027v\351\217\260\303\360\233ZPZWr\246$w\313\313\r\243r\232\2234\373\3539:N\004Q\245\272D\312D\300\300\t\323\0257\345e\271\na\215{\226\255x%T\257\037\333\004\344_/R\006E\344\037@\210\363\010\336T\226\247'\204_{\261\370""1\235\2445\343\033Y!\212\201\341\272\225'\007#@\031wqq^\350N\330=\364\365K?&\!\313\305\236~=2\250!,v\255\334\223\000\013\003""; }; "
1750527609500,1750527609501,0,1,2,1,TMLedgerData,"ledgerHash: ""\220\371c@\017\254\363\\371\340\340VaR\205~^\226\342t\360\022\204d\231\205)\272\364?\361!""; ledgerSeq: 23; type: liBASE; nodes {;   nodedata: ""\000\000\000\027\001cEx]\211\377\330\250\025\373\247\354Tc\304\263\243^\352Gv\\264\261\r\035\226\306\2411\351\233\203\215\200$\231\300f\000\000\000\000\000\000\000\000\000\000\000\000\000\000\000\000\000\000\000\000\000\000\000\000\000\000\000\000\000\000\000\000_\370!\007\363\314>\031~|\272`\265\372\237(\337E\000n\345:""\307\335\033m\310\330P=0/\351\252\363/\351\252\372\n\000""; }; nodes {;   nodedata: ""\323C\344\327\264{\312-\017:\006{\177\344N\002\326bO\260\220\006\033\362\345\005U\221DzJ0\001\301\025%1L\307\t\261\262z\374\222T\301\274V\236\223\262\270Ct\362\337b\356\024*\324\320\351\317\002k\336\234\027v\351\217\260\303\360\233ZPZWr\246$w\313\313\r\243r\232\2234\373\3539:N\004Q\245\272D\312D\300\300\t\323\0257\345e\271\na\215{\226\255x%T\257\037\333\004\344_/R\006E\344\037@\210\363\010\336T\226\247'\204_{\261\370""1\235\2445\343\033Y!\212\201\341\272\225'\007#@\031wqq^\350N\330=\364\365K?&\!\313\305\236~=2\250!,v\255\334\223\000\013\003""; }; ","ledgerHash: ""\220\371c@\017\254\363\\371\340\340VaR\205~^\226\342t\360\022\204d\231\205)\272\364?\361!""; ledgerSeq: 23; type: liBASE; nodes {;   nodedata: ""\000\000\000\027\001cEx]\211\377\330\250\025\373\247\354Tc\304\263\243^\352Gv\\264\261\r\035\226\306\2411\351\233\203\215\200$\231\300f\000\000\000\000\000\000\000\000\000\000\000\000\000\000\000\000\000\000\000\000\000\000\000\000\000\000\000\000\000\000\000\000_\370!\007\363\314>\031~|\272`\265\372\237(\337E\000n\345:""\307\335\033m\310\330P=0/\351\252\363/\351\252\372\n\000""; }; nodes {;   nodedata: ""\323C\344\327\264{\312-\017:\006{\177\344N\002\326bO\260\220\006\033\362\345\005U\221DzJ0\001\301\025%1L\307\t\261\262z\374\222T\301\274V\236\223\262\270Ct\362\337b\356\024*\324\320\351\317\002k\336\234\027v\351\217\260\303\360\233ZPZWr\246$w\313\313\r\243r\232\2234\373\3539:N\004Q\245\272D\312D\300\300\t\323\0257\345e\271\na\215{\226\255x%T\257\037\333\004\344_/R\006E\344\037@\210\363\010\336T\226\247'\204_{\261\370""1\235\2445\343\033Y!\212\201\341\272\225'\007#@\031wqq^\350N\330=\364\365K?&\!\313\305\236~=2\250!,v\255\334\223\000\013\003""; }; "
1750527609502,1750527609502,0,1,1,3,TMGetLedger,"itype: liAS_NODE; ledgerHash: ""\220\371c@\017\254\363\\371\340\340VaR\205~^\226\342t\360\022\204d\231\205)\272\364?\361!""; ledgerSeq: 23; nodeIDs: ""\260\000\000\000\000\000\000\000\000\000\000\000\000\000\000\000\000\000\000\000\000\000\000\000\000\000\000\000\000\000\000\000\001""; queryType: qtINDIRECT; queryDepth: 1; ","itype: liAS_NODE; ledgerHash: ""\220\371c@\017\254\363\\371\340\340VaR\205~^\226\342t\360\022\204d\231\205)\272\364?\361!""; ledgerSeq: 23; nodeIDs: ""\260\000\000\000\000\000\000\000\000\000\000\000\000\000\000\000\000\000\000\000\000\000\000\000\000\000\000\000\000\000\000\000\001""; queryType: qtINDIRECT; queryDepth: 1; "
1750527609502,1750527609502,0,1,1,3,TMGetLedger,"itype: liBASE; ledgerHash: ""\220\371c@\017\254\363\\371\340\340VaR\205~^\226\342t\360\022\204d\231\205)\272\364?\361!""; ledgerSeq: 23; requestCookie: 3; queryType: qtINDIRECT; ","itype: liBASE; ledgerHash: ""\220\371c@\017\254\363\\371\340\340VaR\205~^\226\342t\360\022\204d\231\205)\272\364?\361!""; ledgerSeq: 23; requestCookie: 3; queryType: qtINDIRECT; "
1750527609503,1750527609503,0,1,1,3,TMGetLedger,"itype: liBASE; ledgerHash: ""\220\371c@\017\254\363\\371\340\340VaR\205~^\226\342t\360\022\204d\231\205)\272\364?\361!""; requestCookie: 2; queryType: qtINDIRECT; ","itype: liBASE; ledgerHash: ""\220\371c@\017\254\363\\371\340\340VaR\205~^\226\342t\360\022\204d\231\205)\272\364?\361!""; requestCookie: 2; queryType: qtINDIRECT; "
1750527609503,1750527609503,0,1,1,4,TMLedgerData,"ledgerHash: ""\220\371c@\017\254\363\\371\340\340VaR\205~^\226\342t\360\022\204d\231\205)\272\364?\361!""; ledgerSeq: 23; type: liBASE; nodes {;   nodedata: ""\000\000\000\027\001cEx]\211\377\330\250\025\373\247\354Tc\304\263\243^\352Gv\\264\261\r\035\226\306\2411\351\233\203\215\200$\231\300f\000\000\000\000\000\000\000\000\000\000\000\000\000\000\000\000\000\000\000\000\000\000\000\000\000\000\000\000\000\000\000\000_\370!\007\363\314>\031~|\272`\265\372\237(\337E\000n\345:""\307\335\033m\310\330P=0/\351\252\363/\351\252\372\n\000""; }; nodes {;   nodedata: ""\323C\344\327\264{\312-\017:\006{\177\344N\002\326bO\260\220\006\033\362\345\005U\221DzJ0\001\301\025%1L\307\t\261\262z\374\222T\301\274V\236\223\262\270Ct\362\337b\356\024*\324\320\351\317\002k\336\234\027v\351\217\260\303\360\233ZPZWr\246$w\313\313\r\243r\232\2234\373\3539:N\004Q\245\272D\312D\300\300\t\323\0257\345e\271\na\215{\226\255x%T\257\037\333\004\344_/R\006E\344\037@\210\363\010\336T\226\247'\204_{\261\370""1\235\2445\343\033Y!\212\201\341\272\225'\007#@\031wqq^\350N\330=\364\365K?&\!\313\305\236~=2\250!,v\255\334\223\000\013\003""; }; ","ledgerHash: ""\220\371c@\017\254\363\\371\340\340VaR\205~^\226\342t\360\022\204d\231\205)\272\364?\361!""; ledgerSeq: 23; type: liBASE; nodes {;   nodedata: ""\000\000\000\027\001cEx]\211\377\330\250\025\373\247\354Tc\304\263\243^\352Gv\\264\261\r\035\226\306\2411\351\233\203\215\200$\231\300f\000\000\000\000\000\000\000\000\000\000\000\000\000\000\000\000\000\000\000\000\000\000\000\000\000\000\000\000\000\000\000\000_\370!\007\363\314>\031~|\272`\265\372\237(\337E\000n\345:""\307\335\033m\310\330P=0/\351\252\363/\351\252\372\n\000""; }; nodes {;   nodedata: ""\323C\344\327\264{\312-\017:\006{\177\344N\002\326bO\260\220\006\033\362\345\005U\221DzJ0\001\301\025%1L\307\t\261\262z\374\222T\301\274V\236\223\262\270Ct\362\337b\356\024*\324\320\351\317\002k\336\234\027v\351\217\260\303\360\233ZPZWr\246$w\313\313\r\243r\232\2234\373\3539:N\004Q\245\272D\312D\300\300\t\323\0257\345e\271\na\215{\226\255x%T\257\037\333\004\344_/R\006E\344\037@\210\363\010\336T\226\247'\204_{\261\370""1\235\2445\343\033Y!\212\201\341\272\225'\007#@\031wqq^\350N\330=\364\365K?&\!\313\305\236~=2\250!,v\255\334\223\000\013\003""; }; "
1750527609504,1750527609505,0,1,3,0,TMLedgerData,"ledgerHash: ""\220\371c@\017\254\363\\371\340\340VaR\205~^\226\342t\360\022\204d\231\205)\272\364?\361!""; ledgerSeq: 23; type: liAS_NODE; nodes {;   nodedata: ""\021\000h""\000\000\000\000 \033\000\000\000\026\002\023\303\037\330\356GuH\375\327!\255\371\r\231\262R\256J\034\222\241\355X\265E\241^W\225\304\014\361CX-}\351f\032\255\274\334m\326c\017\014ao[\342\230\003\245\245\3341Hm\326^\017jy\335\261\032Yt\320\244{g\0306\\302\303*\341\215\223\257\364\277o\375\000r\241SOq\221\253\262\005\017\375T\356\014\360o'\030\311-\267\031\257!\031T\006><\315XM\334\324\345\034\000\325\367\240\271\013\265\024\321\362\354\211\250.\234s\225amc\305\035\366\276\037nD\277`\210\223N\3535\033\261\304f\331]\036\237\306o!\223\221\002\324\031\262\240R\177 ,\214\325\Q])\016\2067\277\t\354\010\000\360\215\2502\265\245\310\226\243c\302Ze\306\253#r\020\211\320iG\276\020E\317\035Sf\223F\254\033@\177e\277\016\010u\327\371&\262\312\317Q\2361t\377x\234\001v\003%\030\325_\225g\204\346a=\225\273\331\354\365*U\363\263N\367b\371\244\314-w\363\262\225Z\200\206\235\233\257?sE\2674\254\326mU\377?\177Ek\336\030!\316Aa\225\303\022\377{\210Y\226\271as\354L\035\004\341\361\035\301\024\220m#*\372\032\3178~\374\250\014*\323\342'z69\220\327\256\351G\367\317u\302\207\270b\315\333\333\334\310I\323&\014\352XZnW2.\335\347\202\021\247\362\212e\034\000\001\250\220\305;a\314\265R\310\017\317\331\235\360\262\240:\277\202\266\354\265X""\022\nh\252\352w\204\203\023]\001f\352\277\0031Q]\362\370R\350{\261\202\240\344\215\201\353\276\322p5p\350\354\017>\250r\241c\273\016\301\024\363\242\247\263\231\370\344\nBW\220K\316@3\243\200\036wk\253GSlU\010\360\231>\331\263H\214\324\030A\225\301o\346pkSF\004\241\213w9\223=\250\262*+\255\351r\265\244c\024\213\t\007`\223\325#\3477\210\345P\306\013\320\252[\0216+\227=`\371P\314\346 V7\271[~\n\237\274|\347\352@K\253~&\260\032\024\004B\200\255h\351\013\361\031:nG\211\005|\2003\266\274\251,W\006u\344\335d\003\306\212\313,\340\350bG\n\030Z\2732-\246\312\255\030\003\235207\005}D\260\0261ah\322M\304\216\273m0\271\234\237\007<w$\265C\245\232\033\023\313c\321B\032l\301h\005\320\252\301\361(\330[\343\357\343{\235\n\266g\272>\177\317\347\261qb&\270&\346ju\200\363N\320\307\004\034\001n\317\361\2653\254\2503\247\305\372\316W\022O\253x\250\025\373\247\354Tc\304\263\243^\352Gv\\264\261\r\035\226\306\2411\351\233\203\215\200$\231\300f\264\227\2326\315\307\363\323\325\303\032N\256*\307\327 \235\332\207u\210\271\257\306g\231i*\260\326k\001"";   nodeid: ""\260\000\000\000\000\000\000\000\000\000\000\000\000\000\000\000\000\000\000\000\000\000\000\000\000\000\000\000\000\000\000\000\001""; }; ","ledgerHash: ""\220\371c@\017\254\363\\371\340\340VaR\205~^\226\342t\360\022\204d\231\205)\272\364?\361!""; ledgerSeq: 23; type: liAS_NODE; nodes {;   nodedata: ""\021\000h""\000\000\000\000 \033\000\000\000\026\002\023\303\037\330\356GuH\375\327!\255\371\r\231\262R\256J\034\222\241\355X\265E\241^W\225\304\014\361CX-}\351f\032\255\274\334m\326c\017\014ao[\342\230\003\245\245\3341Hm\326^\017jy\335\261\032Yt\320\244{g\0306\\302\303*\341\215\223\257\364\277o\375\000r\241SOq\221\253\262\005\017\375T\356\014\360o'\030\311-\267\031\257!\031T\006><\315XM\334\324\345\034\000\325\367\240\271\013\265\024\321\362\354\211\250.\234s\225amc\305\035\366\276\037nD\277`\210\223N\3535\033\261\304f\331]\036\237\306o!\223\221\002\324\031\262\240R\177 ,\214\325\Q])\016\2067\277\t\354\010\000\360\215\2502\265\245\310\226\243c\302Ze\306\253#r\020\211\320iG\276\020E\317\035Sf\223F\254\033@\177e\277\016\010u\327\371&\262\312\317Q\2361t\377x\234\001v\003%\030\325_\225g\204\346a=\225\273\331\354\365*U\363\263N\367b\371\244\314-w\363\262\225Z\200\206\235\233\257?sE\2674\254\326mU\377?\177Ek\336\030!\316Aa\225\303\022\377{\210Y\226\271as\354L\035\004\341\361\035\301\024\220m#*\372\032\3178~\374\250\014*\323\342'z69\220\327\256\351G\367\317u\302\207\270b\315\333\333\334\310I\323&\014\352XZnW2.\335\347\202\021\247\362\212e\034\000\001\250\220\305;a\314\265R\310\017\317\331\235\360\262\240:\277\202\266\354\265X""\022\nh\252\352w\204\203\023]\001f\352\277\0031Q]\362\370R\350{\261\202\240\344\215\201\353\276\322p5p\350\354\017>\250r\241c\273\016\301\024\363\242\247\263\231\370\344\nBW\220K\316@3\243\200\036wk\253GSlU\010\360\231>\331\263H\214\324\030A\225\301o\346pkSF\004\241\213w9\223=\250\262*+\255\351r\265\244c\024\213\t\007`\223\325#\3477\210\345P\306\013\320\252[\0216+\227=`\371P\314\346 V7\271[~\n\237\274|\347\352@K\253~&\260\032\024\004B\200\255h\351\013\361\031:nG\211\005|\2003\266\274\251,W\006u\344\335d\003\306\212\313,\340\350bG\n\030Z\2732-\246\312\255\030\003\235207\005}D\260\0261ah\322M\304\216\273m0\271\234\237\007<w$\265C\245\232\033\023\313c\321B\032l\301h\005\320\252\301\361(\330[\343\357\343{\235\n\266g\272>\177\317\347\261qb&\270&\346ju\200\363N\320\307\004\034\001n\317\361\2653\254\2503\247\305\372\316W\022O\253x\250\025\373\247\354Tc\304\263\243^\352Gv\\264\261\r\035\226\306\2411\351\233\203\215\200$\231\300f\264\227\2326\315\307\363\323\325\303\032N\256*\307\327 \235\332\207u\210\271\257\306g\231i*\260\326k\001"";   nodeid: ""\260\000\000\000\000\000\000\000\000\000\000\000\000\000\000\000\000\000\000\000\000\000\000\000\000\000\000\000\000\000\000\000\001""; }; "
1750527609505,1750527609506,0,1,3,0,TMLedgerData,"ledgerHash: ""\220\371c@\017\254\363\\371\340\340VaR\205~^\226\342t\360\022\204d\231\205)\272\364?\361!""; ledgerSeq: 23; type: liBASE; nodes {;   nodedata: ""\000\000\000\027\001cEx]\211\377\330\250\025\373\247\354Tc\304\263\243^\352Gv\\264\261\r\035\226\306\2411\351\233\203\215\200$\231\300f\000\000\000\000\000\000\000\000\000\000\000\000\000\000\000\000\000\000\000\000\000\000\000\000\000\000\000\000\000\000\000\000_\370!\007\363\314>\031~|\272`\265\372\237(\337E\000n\345:""\307\335\033m\310\330P=0/\351\252\363/\351\252\372\n\000""; }; nodes {;   nodedata: ""\323C\344\327\264{\312-\017:\006{\177\344N\002\326bO\260\220\006\033\362\345\005U\221DzJ0\001\301\025%1L\307\t\261\262z\374\222T\301\274V\236\223\262\270Ct\362\337b\356\024*\324\320\351\317\002k\336\234\027v\351\217\260\303\360\233ZPZWr\246$w\313\313\r\243r\232\2234\373\3539:N\004Q\245\272D\312D\300\300\t\323\0257\345e\271\na\215{\226\255x%T\257\037\333\004\344_/R\006E\344\037@\210\363\010\336T\226\247'\204_{\261\370""1\235\2445\343\033Y!\212\201\341\272\225'\007#@\031wqq^\350N\330=\364\365K?&\!\313\305\236~=2\250!,v\255\334\223\000\013\003""; }; requestCookie: 2; ","ledgerHash: ""\220\371c@\017\254\363\\371\340\340VaR\205~^\226\342t\360\022\204d\231\205)\272\364?\361!""; ledgerSeq: 23; type: liBASE; nodes {;   nodedata: ""\000\000\000\027\001cEx]\211\377\330\250\025\373\247\354Tc\304\263\243^\352Gv\\264\261\r\035\226\306\2411\351\233\203\215\200$\231\300f\000\000\000\000\000\000\000\000\000\000\000\000\000\000\000\000\000\000\000\000\000\000\000\000\000\000\000\000\000\000\000\000_\370!\007\363\314>\031~|\272`\265\372\237(\337E\000n\345:""\307\335\033m\310\330P=0/\351\252\363/\351\252\372\n\000""; }; nodes {;   nodedata: ""\323C\344\327\264{\312-\017:\006{\177\344N\002\326bO\260\220\006\033\362\345\005U\221DzJ0\001\301\025%1L\307\t\261\262z\374\222T\301\274V\236\223\262\270Ct\362\337b\356\024*\324\320\351\317\002k\336\234\027v\351\217\260\303\360\233ZPZWr\246$w\313\313\r\243r\232\2234\373\3539:N\004Q\245\272D\312D\300\300\t\323\0257\345e\271\na\215{\226\255x%T\257\037\333\004\344_/R\006E\344\037@\210\363\010\336T\226\247'\204_{\261\370""1\235\2445\343\033Y!\212\201\341\272\225'\007#@\031wqq^\350N\330=\364\365K?&\!\313\305\236~=2\250!,v\255\334\223\000\013\003""; }; requestCookie: 2; "
1750527609508,1750527609508,0,1,3,1,TMLedgerData,"ledgerHash: ""\220\371c@\017\254\363\\371\340\340VaR\205~^\226\342t\360\022\204d\231\205)\272\364?\361!""; ledgerSeq: 23; type: liAS_NODE; nodes {;   nodedata: ""\021\000h""\000\000\000\000 \033\000\000\000\026\002\023\303\037\330\356GuH\375\327!\255\371\r\231\262R\256J\034\222\241\355X\265E\241^W\225\304\014\361CX-}\351f\032\255\274\334m\326c\017\014ao[\342\230\003\245\245\3341Hm\326^\017jy\335\261\032Yt\320\244{g\0306\\302\303*\341\215\223\257\364\277o\375\000r\241SOq\221\253\262\005\017\375T\356\014\360o'\030\311-\267\031\257!\031T\006><\315XM\334\324\345\034\000\325\367\240\271\013\265\024\321\362\354\211\250.\234s\225amc\305\035\366\276\037nD\277`\210\223N\3535\033\261\304f\331]\036\237\306o!\223\221\002\324\031\262\240R\177 ,\214\325\Q])\016\2067\277\t\354\010\000\360\215\2502\265\245\310\226\243c\302Ze\306\253#r\020\211\320iG\276\020E\317\035Sf\223F\254\033@\177e\277\016\010u\327\371&\262\312\317Q\2361t\377x\234\001v\003%\030\325_\225g\204\346a=\225\273\331\354\365*U\363\263N\367b\371\244\314-w\363\262\225Z\200\206\235\233\257?sE\2674\254\326mU\377?\177Ek\336\030!\316Aa\225\303\022\377{\210Y\226\271as\354L\035\004\341\361\035\301\024\220m#*\372\032\3178~\374\250\014*\323\342'z69\220\327\256\351G\367\317u\302\207\270b\315\333\333\334\310I\323&\014\352XZnW2.\335\347\202\021\247\362\212e\034\000\001\250\220\305;a\314\265R\310\017\317\331\235\360\262\240:\277\202\266\354\265X""\022\nh\252\352w\204\203\023]\001f\352\277\0031Q]\362\370R\350{\261\202\240\344\215\201\353\276\322p5p\350\354\017>\250r\241c\273\016\301\024\363\242\247\263\231\370\344\nBW\220K\316@3\243\200\036wk\253GSlU\010\360\231>\331\263H\214\324\030A\225\301o\346pkSF\004\241\213w9\223=\250\262*+\255\351r\265\244c\024\213\t\007`\223\325#\3477\210\345P\306\013\320\252[\0216+\227=`\371P\314\346 V7\271[~\n\237\274|\347\352@K\253~&\260\032\024\004B\200\255h\351\013\361\031:nG\211\005|\2003\266\274\251,W\006u\344\335d\003\306\212\313,\340\350bG\n\030Z\2732-\246\312\255\030\003\235207\005}D\260\0261ah\322M\304\216\273m0\271\234\237\007<w$\265C\245\232\033\023\313c\321B\032l\301h\005\320\252\301\361(\330[\343\357\343{\235\n\266g\272>\177\317\347\261qb&\270&\346ju\200\363N\320\307\004\034\001n\317\361\2653\254\2503\247\305\372\316W\022O\253x\250\025\373\247\354Tc\304\263\243^\352Gv\\264\261\r\035\226\306\2411\351\233\203\215\200$\231\300f\264\227\2326\315\307\363\323\325\303\032N\256*\307\327 \235\332\207u\210\271\257\306g\231i*\260\326k\001"";   nodeid: ""\260\000\000\000\000\000\000\000\000\000\000\000\000\000\000\000\000\000\000\000\000\000\000\000\000\000\000\000\000\000\000\000\001""; }; ","ledgerHash: ""\220\371c@\017\254\363\\371\340\340VaR\205~^\226\342t\360\022\204d\231\205)\272\364?\361!""; ledgerSeq: 23; type: liAS_NODE; nodes {;   nodedata: ""\021\000h""\000\000\000\000 \033\000\000\000\026\002\023\303\037\330\356GuH\375\327!\255\371\r\231\262R\256J\034\222\241\355X\265E\241^W\225\304\014\361CX-}\351f\032\255\274\334m\326c\017\014ao[\342\230\003\245\245\3341Hm\326^\017jy\335\261\032Yt\320\244{g\0306\\302\303*\341\215\223\257\364\277o\375\000r\241SOq\221\253\262\005\017\375T\356\014\360o'\030\311-\267\031\257!\031T\006><\315XM\334\324\345\034\000\325\367\240\271\013\265\024\321\362\354\211\250.\234s\225amc\305\035\366\276\037nD\277`\210\223N\3535\033\261\304f\331]\036\237\306o!\223\221\002\324\031\262\240R\177 ,\214\325\Q])\016\2067\277\t\354\010\000\360\215\2502\265\245\310\226\243c\302Ze\306\253#r\020\211\320iG\276\020E\317\035Sf\223F\254\033@\177e\277\016\010u\327\371&\262\312\317Q\2361t\377x\234\001v\003%\030\325_\225g\204\346a=\225\273\331\354\365*U\363\263N\367b\371\244\314-w\363\262\225Z\200\206\235\233\257?sE\2674\254\326mU\377?\177Ek\336\030!\316Aa\225\303\022\377{\210Y\226\271as\354L\035\004\341\361\035\301\024\220m#*\372\032\3178~\374\250\014*\323\342'z69\220\327\256\351G\367\317u\302\207\270b\315\333\333\334\310I\323&\014\352XZnW2.\335\347\202\021\247\362\212e\034\000\001\250\220\305;a\314\265R\310\017\317\331\235\360\262\240:\277\202\266\354\265X""\022\nh\252\352w\204\203\023]\001f\352\277\0031Q]\362\370R\350{\261\202\240\344\215\201\353\276\322p5p\350\354\017>\250r\241c\273\016\301\024\363\242\247\263\231\370\344\nBW\220K\316@3\243\200\036wk\253GSlU\010\360\231>\331\263H\214\324\030A\225\301o\346pkSF\004\241\213w9\223=\250\262*+\255\351r\265\244c\024\213\t\007`\223\325#\3477\210\345P\306\013\320\252[\0216+\227=`\371P\314\346 V7\271[~\n\237\274|\347\352@K\253~&\260\032\024\004B\200\255h\351\013\361\031:nG\211\005|\2003\266\274\251,W\006u\344\335d\003\306\212\313,\340\350bG\n\030Z\2732-\246\312\255\030\003\235207\005}D\260\0261ah\322M\304\216\273m0\271\234\237\007<w$\265C\245\232\033\023\313c\321B\032l\301h\005\320\252\301\361(\330[\343\357\343{\235\n\266g\272>\177\317\347\261qb&\270&\346ju\200\363N\320\307\004\034\001n\317\361\2653\254\2503\247\305\372\316W\022O\253x\250\025\373\247\354Tc\304\263\243^\352Gv\\264\261\r\035\226\306\2411\351\233\203\215\200$\231\300f\264\227\2326\315\307\363\323\325\303\032N\256*\307\327 \235\332\207u\210\271\257\306g\231i*\260\326k\001"";   nodeid: ""\260\000\000\000\000\000\000\000\000\000\000\000\000\000\000\000\000\000\000\000\000\000\000\000\000\000\000\000\000\000\000\000\001""; }; "
1750527609510,1750527609510,0,1,3,1,TMLedgerData,"ledgerHash: ""\220\371c@\017\254\363\\371\340\340VaR\205~^\226\342t\360\022\204d\231\205)\272\364?\361!""; ledgerSeq: 23; type: liBASE; nodes {;   nodedata: ""\000\000\000\027\001cEx]\211\377\330\250\025\373\247\354Tc\304\263\243^\352Gv\\264\261\r\035\226\306\2411\351\233\203\215\200$\231\300f\000\000\000\000\000\000\000\000\000\000\000\000\000\000\000\000\000\000\000\000\000\000\000\000\000\000\000\000\000\000\000\000_\370!\007\363\314>\031~|\272`\265\372\237(\337E\000n\345:""\307\335\033m\310\330P=0/\351\252\363/\351\252\372\n\000""; }; nodes {;   nodedata: ""\323C\344\327\264{\312-\017:\006{\177\344N\002\326bO\260\220\006\033\362\345\005U\221DzJ0\001\301\025%1L\307\t\261\262z\374\222T\301\274V\236\223\262\270Ct\362\337b\356\024*\324\320\351\317\002k\336\234\027v\351\217\260\303\360\233ZPZWr\246$w\313\313\r\243r\232\2234\373\3539:N\004Q\245\272D\312D\300\300\t\323\0257\345e\271\na\215{\226\255x%T\257\037\333\004\344_/R\006E\344\037@\210\363\010\336T\226\247'\204_{\261\370""1\235\2445\343\033Y!\212\201\341\272\225'\007#@\031wqq^\350N\330=\364\365K?&\!\313\305\236~=2\250!,v\255\334\223\000\013\003""; }; requestCookie: 2; ","ledgerHash: ""\220\371c@\017\254\363\\371\340\340VaR\205~^\226\342t\360\022\204d\231\205)\272\364?\361!""; ledgerSeq: 23; type: liBASE; nodes {;   nodedata: ""\000\000\000\027\001cEx]\211\377\330\250\025\373\247\354Tc\304\263\243^\352Gv\\264\261\r\035\226\306\2411\351\233\203\215\200$\231\300f\000\000\000\000\000\000\000\000\000\000\000\000\000\000\000\000\000\000\000\000\000\000\000\000\000\000\000\000\000\000\000\000_\370!\007\363\314>\031~|\272`\265\372\237(\337E\000n\345:""\307\335\033m\310\330P=0/\351\252\363/\351\252\372\n\000""; }; nodes {;   nodedata: ""\323C\344\327\264{\312-\017:\006{\177\344N\002\326bO\260\220\006\033\362\345\005U\221DzJ0\001\301\025%1L\307\t\261\262z\374\222T\301\274V\236\223\262\270Ct\362\337b\356\024*\324\320\351\317\002k\336\234\027v\351\217\260\303\360\233ZPZWr\246$w\313\313\r\243r\232\2234\373\3539:N\004Q\245\272D\312D\300\300\t\323\0257\345e\271\na\215{\226\255x%T\257\037\333\004\344_/R\006E\344\037@\210\363\010\336T\226\247'\204_{\261\370""1\235\2445\343\033Y!\212\201\341\272\225'\007#@\031wqq^\350N\330=\364\365K?&\!\313\305\236~=2\250!,v\255\334\223\000\013\003""; }; requestCookie: 2; "
1750527609510,1750527609510,0,1,3,1,TMLedgerData,"ledgerHash: ""\220\371c@\017\254\363\\371\340\340VaR\205~^\226\342t\360\022\204d\231\205)\272\364?\361!""; ledgerSeq: 23; type: liBASE; nodes {;   nodedata: ""\000\000\000\027\001cEx]\211\377\330\250\025\373\247\354Tc\304\263\243^\352Gv\\264\261\r\035\226\306\2411\351\233\203\215\200$\231\300f\000\000\000\000\000\000\000\000\000\000\000\000\000\000\000\000\000\000\000\000\000\000\000\000\000\000\000\000\000\000\000\000_\370!\007\363\314>\031~|\272`\265\372\237(\337E\000n\345:""\307\335\033m\310\330P=0/\351\252\363/\351\252\372\n\000""; }; nodes {;   nodedata: ""\323C\344\327\264{\312-\017:\006{\177\344N\002\326bO\260\220\006\033\362\345\005U\221DzJ0\001\301\025%1L\307\t\261\262z\374\222T\301\274V\236\223\262\270Ct\362\337b\356\024*\324\320\351\317\002k\336\234\027v\351\217\260\303\360\233ZPZWr\246$w\313\313\r\243r\232\2234\373\3539:N\004Q\245\272D\312D\300\300\t\323\0257\345e\271\na\215{\226\255x%T\257\037\333\004\344_/R\006E\344\037@\210\363\010\336T\226\247'\204_{\261\370""1\235\2445\343\033Y!\212\201\341\272\225'\007#@\031wqq^\350N\330=\364\365K?&\!\313\305\236~=2\250!,v\255\334\223\000\013\003""; }; requestCookie: 3; ","ledgerHash: ""\220\371c@\017\254\363\\371\340\340VaR\205~^\226\342t\360\022\204d\231\205)\272\364?\361!""; ledgerSeq: 23; type: liBASE; nodes {;   nodedata: ""\000\000\000\027\001cEx]\211\377\330\250\025\373\247\354Tc\304\263\243^\352Gv\\264\261\r\035\226\306\2411\351\233\203\215\200$\231\300f\000\000\000\000\000\000\000\000\000\000\000\000\000\000\000\000\000\000\000\000\000\000\000\000\000\000\000\000\000\000\000\000_\370!\007\363\314>\031~|\272`\265\372\237(\337E\000n\345:""\307\335\033m\310\330P=0/\351\252\363/\351\252\372\n\000""; }; nodes {;   nodedata: ""\323C\344\327\264{\312-\017:\006{\177\344N\002\326bO\260\220\006\033\362\345\005U\221DzJ0\001\301\025%1L\307\t\261\262z\374\222T\301\274V\236\223\262\270Ct\362\337b\356\024*\324\320\351\317\002k\336\234\027v\351\217\260\303\360\233ZPZWr\246$w\313\313\r\243r\232\2234\373\3539:N\004Q\245\272D\312D\300\300\t\323\0257\345e\271\na\215{\226\255x%T\257\037\333\004\344_/R\006E\344\037@\210\363\010\336T\226\247'\204_{\261\370""1\235\2445\343\033Y!\212\201\341\272\225'\007#@\031wqq^\350N\330=\364\365K?&\!\313\305\236~=2\250!,v\255\334\223\000\013\003""; }; requestCookie: 3; "
1750527609512,1750527609512,0,1,0,1,TMLedgerData,"ledgerHash: ""\220\371c@\017\254\363\\371\340\340VaR\205~^\226\342t\360\022\204d\231\205)\272\364?\361!""; ledgerSeq: 23; type: liBASE; nodes {;   nodedata: ""\000\000\000\027\001cEx]\211\377\330\250\025\373\247\354Tc\304\263\243^\352Gv\\264\261\r\035\226\306\2411\351\233\203\215\200$\231\300f\000\000\000\000\000\000\000\000\000\000\000\000\000\000\000\000\000\000\000\000\000\000\000\000\000\000\000\000\000\000\000\000_\370!\007\363\314>\031~|\272`\265\372\237(\337E\000n\345:""\307\335\033m\310\330P=0/\351\252\363/\351\252\372\n\000""; }; nodes {;   nodedata: ""\323C\344\327\264{\312-\017:\006{\177\344N\002\326bO\260\220\006\033\362\345\005U\221DzJ0\001\301\025%1L\307\t\261\262z\374\222T\301\274V\236\223\262\270Ct\362\337b\356\024*\324\320\351\317\002k\336\234\027v\351\217\260\303\360\233ZPZWr\246$w\313\313\r\243r\232\2234\373\3539:N\004Q\245\272D\312D\300\300\t\323\0257\345e\271\na\215{\226\255x%T\257\037\333\004\344_/R\006E\344\037@\210\363\010\336T\226\247'\204_{\261\370""1\235\2445\343\033Y!\212\201\341\272\225'\007#@\031wqq^\350N\330=\364\365K?&\!\313\305\236~=2\250!,v\255\334\223\000\013\003""; }; ","ledgerHash: ""\220\371c@\017\254\363\\371\340\340VaR\205~^\226\342t\360\022\204d\231\205)\272\364?\361!""; ledgerSeq: 23; type: liBASE; nodes {;   nodedata: ""\000\000\000\027\001cEx]\211\377\330\250\025\373\247\354Tc\304\263\243^\352Gv\\264\261\r\035\226\306\2411\351\233\203\215\200$\231\300f\000\000\000\000\000\000\000\000\000\000\000\000\000\000\000\000\000\000\000\000\000\000\000\000\000\000\000\000\000\000\000\000_\370!\007\363\314>\031~|\272`\265\372\237(\337E\000n\345:""\307\335\033m\310\330P=0/\351\252\363/\351\252\372\n\000""; }; nodes {;   nodedata: ""\323C\344\327\264{\312-\017:\006{\177\344N\002\326bO\260\220\006\033\362\345\005U\221DzJ0\001\301\025%1L\307\t\261\262z\374\222T\301\274V\236\223\262\270Ct\362\337b\356\024*\324\320\351\317\002k\336\234\027v\351\217\260\303\360\233ZPZWr\246$w\313\313\r\243r\232\2234\373\3539:N\004Q\245\272D\312D\300\300\t\323\0257\345e\271\na\215{\226\255x%T\257\037\333\004\344_/R\006E\344\037@\210\363\010\336T\226\247'\204_{\261\370""1\235\2445\343\033Y!\212\201\341\272\225'\007#@\031wqq^\350N\330=\364\365K?&\!\313\305\236~=2\250!,v\255\334\223\000\013\003""; }; "
1750527609513,1750527609513,0,1,1,0,TMLedgerData,"ledgerHash: ""\220\371c@\017\254\363\\371\340\340VaR\205~^\226\342t\360\022\204d\231\205)\272\364?\361!""; ledgerSeq: 23; type: liBASE; nodes {;   nodedata: ""\000\000\000\027\001cEx]\211\377\330\250\025\373\247\354Tc\304\263\243^\352Gv\\264\261\r\035\226\306\2411\351\233\203\215\200$\231\300f\000\000\000\000\000\000\000\000\000\000\000\000\000\000\000\000\000\000\000\000\000\000\000\000\000\000\000\000\000\000\000\000_\370!\007\363\314>\031~|\272`\265\372\237(\337E\000n\345:""\307\335\033m\310\330P=0/\351\252\363/\351\252\372\n\000""; }; nodes {;   nodedata: ""\323C\344\327\264{\312-\017:\006{\177\344N\002\326bO\260\220\006\033\362\345\005U\221DzJ0\001\301\025%1L\307\t\261\262z\374\222T\301\274V\236\223\262\270Ct\362\337b\356\024*\324\320\351\317\002k\336\234\027v\351\217\260\303\360\233ZPZWr\246$w\313\313\r\243r\232\2234\373\3539:N\004Q\245\272D\312D\300\300\t\323\0257\345e\271\na\215{\226\255x%T\257\037\333\004\344_/R\006E\344\037@\210\363\010\336T\226\247'\204_{\261\370""1\235\2445\343\033Y!\212\201\341\272\225'\007#@\031wqq^\350N\330=\364\365K?&\!\313\305\236~=2\250!,v\255\334\223\000\013\003""; }; ","ledgerHash: ""\220\371c@\017\254\363\\371\340\340VaR\205~^\226\342t\360\022\204d\231\205)\272\364?\361!""; ledgerSeq: 23; type: liBASE; nodes {;   nodedata: ""\000\000\000\027\001cEx]\211\377\330\250\025\373\247\354Tc\304\263\243^\352Gv\\264\261\r\035\226\306\2411\351\233\203\215\200$\231\300f\000\000\000\000\000\000\000\000\000\000\000\000\000\000\000\000\000\000\000\000\000\000\000\000\000\000\000\000\000\000\000\000_\370!\007\363\314>\031~|\272`\265\372\237(\337E\000n\345:""\307\335\033m\310\330P=0/\351\252\363/\351\252\372\n\000""; }; nodes {;   nodedata: ""\323C\344\327\264{\312-\017:\006{\177\344N\002\326bO\260\220\006\033\362\345\005U\221DzJ0\001\301\025%1L\307\t\261\262z\374\222T\301\274V\236\223\262\270Ct\362\337b\356\024*\324\320\351\317\002k\336\234\027v\351\217\260\303\360\233ZPZWr\246$w\313\313\r\243r\232\2234\373\3539:N\004Q\245\272D\312D\300\300\t\323\0257\345e\271\na\215{\226\255x%T\257\037\333\004\344_/R\006E\344\037@\210\363\010\336T\226\247'\204_{\261\370""1\235\2445\343\033Y!\212\201\341\272\225'\007#@\031wqq^\350N\330=\364\365K?&\!\313\305\236~=2\250!,v\255\334\223\000\013\003""; }; "
1750527609514,1750527609514,0,1,1,2,TMLedgerData,"ledgerHash: ""\220\371c@\017\254\363\\371\340\340VaR\205~^\226\342t\360\022\204d\231\205)\272\364?\361!""; ledgerSeq: 23; type: liBASE; nodes {;   nodedata: ""\000\000\000\027\001cEx]\211\377\330\250\025\373\247\354Tc\304\263\243^\352Gv\\264\261\r\035\226\306\2411\351\233\203\215\200$\231\300f\000\000\000\000\000\000\000\000\000\000\000\000\000\000\000\000\000\000\000\000\000\000\000\000\000\000\000\000\000\000\000\000_\370!\007\363\314>\031~|\272`\265\372\237(\337E\000n\345:""\307\335\033m\310\330P=0/\351\252\363/\351\252\372\n\000""; }; nodes {;   nodedata: ""\323C\344\327\264{\312-\017:\006{\177\344N\002\326bO\260\220\006\033\362\345\005U\221DzJ0\001\301\025%1L\307\t\261\262z\374\222T\301\274V\236\223\262\270Ct\362\337b\356\024*\324\320\351\317\002k\336\234\027v\351\217\260\303\360\233ZPZWr\246$w\313\313\r\243r\232\2234\373\3539:N\004Q\245\272D\312D\300\300\t\323\0257\345e\271\na\215{\226\255x%T\257\037\333\004\344_/R\006E\344\037@\210\363\010\336T\226\247'\204_{\261\370""1\235\2445\343\033Y!\212\201\341\272\225'\007#@\031wqq^\350N\330=\364\365K?&\!\313\305\236~=2\250!,v\255\334\223\000\013\003""; }; ","ledgerHash: ""\220\371c@\017\254\363\\371\340\340VaR\205~^\226\342t\360\022\204d\231\205)\272\364?\361!""; ledgerSeq: 23; type: liBASE; nodes {;   nodedata: ""\000\000\000\027\001cEx]\211\377\330\250\025\373\247\354Tc\304\263\243^\352Gv\\264\261\r\035\226\306\2411\351\233\203\215\200$\231\300f\000\000\000\000\000\000\000\000\000\000\000\000\000\000\000\000\000\000\000\000\000\000\000\000\000\000\000\000\000\000\000\000_\370!\007\363\314>\031~|\272`\265\372\237(\337E\000n\345:""\307\335\033m\310\330P=0/\351\252\363/\351\252\372\n\000""; }; nodes {;   nodedata: ""\323C\344\327\264{\312-\017:\006{\177\344N\002\326bO\260\220\006\033\362\345\005U\221DzJ0\001\301\025%1L\307\t\261\262z\374\222T\301\274V\236\223\262\270Ct\362\337b\356\024*\324\320\351\317\002k\336\234\027v\351\217\260\303\360\233ZPZWr\246$w\313\313\r\243r\232\2234\373\3539:N\004Q\245\272D\312D\300\300\t\323\0257\345e\271\na\215{\226\255x%T\257\037\333\004\344_/R\006E\344\037@\210\363\010\336T\226\247'\204_{\261\370""1\235\2445\343\033Y!\212\201\341\272\225'\007#@\031wqq^\350N\330=\364\365K?&\!\313\305\236~=2\250!,v\255\334\223\000\013\003""; }; "
1750527609530,1750527609530,0,1,3,4,TMLedgerData,"ledgerHash: ""\220\371c@\017\254\363\\371\340\340VaR\205~^\226\342t\360\022\204d\231\205)\272\364?\361!""; ledgerSeq: 23; type: liBASE; nodes {;   nodedata: ""\000\000\000\027\001cEx]\211\377\330\250\025\373\247\354Tc\304\263\243^\352Gv\\264\261\r\035\226\306\2411\351\233\203\215\200$\231\300f\000\000\000\000\000\000\000\000\000\000\000\000\000\000\000\000\000\000\000\000\000\000\000\000\000\000\000\000\000\000\000\000_\370!\007\363\314>\031~|\272`\265\372\237(\337E\000n\345:""\307\335\033m\310\330P=0/\351\252\363/\351\252\372\n\000""; }; nodes {;   nodedata: ""\323C\344\327\264{\312-\017:\006{\177\344N\002\326bO\260\220\006\033\362\345\005U\221DzJ0\001\301\025%1L\307\t\261\262z\374\222T\301\274V\236\223\262\270Ct\362\337b\356\024*\324\320\351\317\002k\336\234\027v\351\217\260\303\360\233ZPZWr\246$w\313\313\r\243r\232\2234\373\3539:N\004Q\245\272D\312D\300\300\t\323\0257\345e\271\na\215{\226\255x%T\257\037\333\004\344_/R\006E\344\037@\210\363\010\336T\226\247'\204_{\261\370""1\235\2445\343\033Y!\212\201\341\272\225'\007#@\031wqq^\350N\330=\364\365K?&\!\313\305\236~=2\250!,v\255\334\223\000\013\003""; }; requestCookie: 2; ","ledgerHash: ""\220\371c@\017\254\363\\371\340\340VaR\205~^\226\342t\360\022\204d\231\205)\272\364?\361!""; ledgerSeq: 23; type: liBASE; nodes {;   nodedata: ""\000\000\000\027\001cEx]\211\377\330\250\025\373\247\354Tc\304\263\243^\352Gv\\264\261\r\035\226\306\2411\351\233\203\215\200$\231\300f\000\000\000\000\000\000\000\000\000\000\000\000\000\000\000\000\000\000\000\000\000\000\000\000\000\000\000\000\000\000\000\000_\370!\007\363\314>\031~|\272`\265\372\237(\337E\000n\345:""\307\335\033m\310\330P=0/\351\252\363/\351\252\372\n\000""; }; nodes {;   nodedata: ""\323C\344\327\264{\312-\017:\006{\177\344N\002\326bO\260\220\006\033\362\345\005U\221DzJ0\001\301\025%1L\307\t\261\262z\374\222T\301\274V\236\223\262\270Ct\362\337b\356\024*\324\320\351\317\002k\336\234\027v\351\217\260\303\360\233ZPZWr\246$w\313\313\r\243r\232\2234\373\3539:N\004Q\245\272D\312D\300\300\t\323\0257\345e\271\na\215{\226\255x%T\257\037\333\004\344_/R\006E\344\037@\210\363\010\336T\226\247'\204_{\261\370""1\235\2445\343\033Y!\212\201\341\272\225'\007#@\031wqq^\350N\330=\364\365K?&\!\313\305\236~=2\250!,v\255\334\223\000\013\003""; }; requestCookie: 2; "
1750527609534,1750527609535,0,1,4,1,TMLedgerData,"ledgerHash: ""\220\371c@\017\254\363\\371\340\340VaR\205~^\226\342t\360\022\204d\231\205)\272\364?\361!""; ledgerSeq: 23; type: liBASE; nodes {;   nodedata: ""\000\000\000\027\001cEx]\211\377\330\250\025\373\247\354Tc\304\263\243^\352Gv\\264\261\r\035\226\306\2411\351\233\203\215\200$\231\300f\000\000\000\000\000\000\000\000\000\000\000\000\000\000\000\000\000\000\000\000\000\000\000\000\000\000\000\000\000\000\000\000_\370!\007\363\314>\031~|\272`\265\372\237(\337E\000n\345:""\307\335\033m\310\330P=0/\351\252\363/\351\252\372\n\000""; }; nodes {;   nodedata: ""\323C\344\327\264{\312-\017:\006{\177\344N\002\326bO\260\220\006\033\362\345\005U\221DzJ0\001\301\025%1L\307\t\261\262z\374\222T\301\274V\236\223\262\270Ct\362\337b\356\024*\324\320\351\317\002k\336\234\027v\351\217\260\303\360\233ZPZWr\246$w\313\313\r\243r\232\2234\373\3539:N\004Q\245\272D\312D\300\300\t\323\0257\345e\271\na\215{\226\255x%T\257\037\333\004\344_/R\006E\344\037@\210\363\010\336T\226\247'\204_{\261\370""1\235\2445\343\033Y!\212\201\341\272\225'\007#@\031wqq^\350N\330=\364\365K?&\!\313\305\236~=2\250!,v\255\334\223\000\013\003""; }; ","ledgerHash: ""\220\371c@\017\254\363\\371\340\340VaR\205~^\226\342t\360\022\204d\231\205)\272\364?\361!""; ledgerSeq: 23; type: liBASE; nodes {;   nodedata: ""\000\000\000\027\001cEx]\211\377\330\250\025\373\247\354Tc\304\263\243^\352Gv\\264\261\r\035\226\306\2411\351\233\203\215\200$\231\300f\000\000\000\000\000\000\000\000\000\000\000\000\000\000\000\000\000\000\000\000\000\000\000\000\000\000\000\000\000\000\000\000_\370!\007\363\314>\031~|\272`\265\372\237(\337E\000n\345:""\307\335\033m\310\330P=0/\351\252\363/\351\252\372\n\000""; }; nodes {;   nodedata: ""\323C\344\327\264{\312-\017:\006{\177\344N\002\326bO\260\220\006\033\362\345\005U\221DzJ0\001\301\025%1L\307\t\261\262z\374\222T\301\274V\236\223\262\270Ct\362\337b\356\024*\324\320\351\317\002k\336\234\027v\351\217\260\303\360\233ZPZWr\246$w\313\313\r\243r\232\2234\373\3539:N\004Q\245\272D\312D\300\300\t\323\0257\345e\271\na\215{\226\255x%T\257\037\333\004\344_/R\006E\344\037@\210\363\010\336T\226\247'\204_{\261\370""1\235\2445\343\033Y!\212\201\341\272\225'\007#@\031wqq^\350N\330=\364\365K?&\!\313\305\236~=2\250!,v\255\334\223\000\013\003""; }; "
1750527609536,1750527609536,0,1,3,2,TMLedgerData,"ledgerHash: ""\220\371c@\017\254\363\\371\340\340VaR\205~^\226\342t\360\022\204d\231\205)\272\364?\361!""; ledgerSeq: 23; type: liAS_NODE; nodes {;   nodedata: ""\021\000h""\000\000\000\000 \033\000\000\000\026\002\023\303\037\330\356GuH\375\327!\255\371\r\231\262R\256J\034\222\241\355X\265E\241^W\225\304\014\361CX-}\351f\032\255\274\334m\326c\017\014ao[\342\230\003\245\245\3341Hm\326^\017jy\335\261\032Yt\320\244{g\0306\\302\303*\341\215\223\257\364\277o\375\000r\241SOq\221\253\262\005\017\375T\356\014\360o'\030\311-\267\031\257!\031T\006><\315XM\334\324\345\034\000\325\367\240\271\013\265\024\321\362\354\211\250.\234s\225amc\305\035\366\276\037nD\277`\210\223N\3535\033\261\304f\331]\036\237\306o!\223\221\002\324\031\262\240R\177 ,\214\325\Q])\016\2067\277\t\354\010\000\360\215\2502\265\245\310\226\243c\302Ze\306\253#r\020\211\320iG\276\020E\317\035Sf\223F\254\033@\177e\277\016\010u\327\371&\262\312\317Q\2361t\377x\234\001v\003%\030\325_\225g\204\346a=\225\273\331\354\365*U\363\263N\367b\371\244\314-w\363\262\225Z\200\206\235\233\257?sE\2674\254\326mU\377?\177Ek\336\030!\316Aa\225\303\022\377{\210Y\226\271as\354L\035\004\341\361\035\301\024\220m#*\372\032\3178~\374\250\014*\323\342'z69\220\327\256\351G\367\317u\302\207\270b\315\333\333\334\310I\323&\014\352XZnW2.\335\347\202\021\247\362\212e\034\000\001\250\220\305;a\314\265R\310\017\317\331\235\360\262\240:\277\202\266\354\265X""\022\nh\252\352w\204\203\023]\001f\352\277\0031Q]\362\370R\350{\261\202\240\344\215\201\353\276\322p5p\350\354\017>\250r\241c\273\016\301\024\363\242\247\263\231\370\344\nBW\220K\316@3\243\200\036wk\253GSlU\010\360\231>\331\263H\214\324\030A\225\301o\346pkSF\004\241\213w9\223=\250\262*+\255\351r\265\244c\024\213\t\007`\223\325#\3477\210\345P\306\013\320\252[\0216+\227=`\371P\314\346 V7\271[~\n\237\274|\347\352@K\253~&\260\032\024\004B\200\255h\351\013\361\031:nG\211\005|\2003\266\274\251,W\006u\344\335d\003\306\212\313,\340\350bG\n\030Z\2732-\246\312\255\030\003\235207\005}D\260\0261ah\322M\304\216\273m0\271\234\237\007<w$\265C\245\232\033\023\313c\321B\032l\301h\005\320\252\301\361(\330[\343\357\343{\235\n\266g\272>\177\317\347\261qb&\270&\346ju\200\363N\320\307\004\034\001n\317\361\2653\254\2503\247\305\372\316W\022O\253x\250\025\373\247\354Tc\304\263\243^\352Gv\\264\261\r\035\226\306\2411\351\233\203\215\200$\231\300f\264\227\2326\315\307\363\323\325\303\032N\256*\307\327 \235\332\207u\210\271\257\306g\231i*\260\326k\001"";   nodeid: ""\260\000\000\000\000\000\000\000\000\000\000\000\000\000\000\000\000\000\000\000\000\000\000\000\000\000\000\000\000\000\000\000\001""; }; ","ledgerHash: ""\220\371c@\017\254\363\\371\340\340VaR\205~^\226\342t\360\022\204d\231\205)\272\364?\361!""; ledgerSeq: 23; type: liAS_NODE; nodes {;   nodedata: ""\021\000h""\000\000\000\000 \033\000\000\000\026\002\023\303\037\330\356GuH\375\327!\255\371\r\231\262R\256J\034\222\241\355X\265E\241^W\225\304\014\361CX-}\351f\032\255\274\334m\326c\017\014ao[\342\230\003\245\245\3341Hm\326^\017jy\335\261\032Yt\320\244{g\0306\\302\303*\341\215\223\257\364\277o\375\000r\241SOq\221\253\262\005\017\375T\356\014\360o'\030\311-\267\031\257!\031T\006><\315XM\334\324\345\034\000\325\367\240\271\013\265\024\321\362\354\211\250.\234s\225amc\305\035\366\276\037nD\277`\210\223N\3535\033\261\304f\331]\036\237\306o!\223\221\002\324\031\262\240R\177 ,\214\325\Q])\016\2067\277\t\354\010\000\360\215\2502\265\245\310\226\243c\302Ze\306\253#r\020\211\320iG\276\020E\317\035Sf\223F\254\033@\177e\277\016\010u\327\371&\262\312\317Q\2361t\377x\234\001v\003%\030\325_\225g\204\346a=\225\273\331\354\365*U\363\263N\367b\371\244\314-w\363\262\225Z\200\206\235\233\257?sE\2674\254\326mU\377?\177Ek\336\030!\316Aa\225\303\022\377{\210Y\226\271as\354L\035\004\341\361\035\301\024\220m#*\372\032\3178~\374\250\014*\323\342'z69\220\327\256\351G\367\317u\302\207\270b\315\333\333\334\310I\323&\014\352XZnW2.\335\347\202\021\247\362\212e\034\000\001\250\220\305;a\314\265R\310\017\317\331\235\360\262\240:\277\202\266\354\265X""\022\nh\252\352w\204\203\023]\001f\352\277\0031Q]\362\370R\350{\261\202\240\344\215\201\353\276\322p5p\350\354\017>\250r\241c\273\016\301\024\363\242\247\263\231\370\344\nBW\220K\316@3\243\200\036wk\253GSlU\010\360\231>\331\263H\214\324\030A\225\301o\346pkSF\004\241\213w9\223=\250\262*+\255\351r\265\244c\024\213\t\007`\223\325#\3477\210\345P\306\013\320\252[\0216+\227=`\371P\314\346 V7\271[~\n\237\274|\347\352@K\253~&\260\032\024\004B\200\255h\351\013\361\031:nG\211\005|\2003\266\274\251,W\006u\344\335d\003\306\212\313,\340\350bG\n\030Z\2732-\246\312\255\030\003\235207\005}D\260\0261ah\322M\304\216\273m0\271\234\237\007<w$\265C\245\232\033\023\313c\321B\032l\301h\005\320\252\301\361(\330[\343\357\343{\235\n\266g\272>\177\317\347\261qb&\270&\346ju\200\363N\320\307\004\034\001n\317\361\2653\254\2503\247\305\372\316W\022O\253x\250\025\373\247\354Tc\304\263\243^\352Gv\\264\261\r\035\226\306\2411\351\233\203\215\200$\231\300f\264\227\2326\315\307\363\323\325\303\032N\256*\307\327 \235\332\207u\210\271\257\306g\231i*\260\326k\001"";   nodeid: ""\260\000\000\000\000\000\000\000\000\000\000\000\000\000\000\000\000\000\000\000\000\000\000\000\000\000\000\000\000\000\000\000\001""; }; "
1750527609576,1750527609577,0,1,3,0,TMLedgerData,"ledgerHash: ""\220\371c@\017\254\363\\371\340\340VaR\205~^\226\342t\360\022\204d\231\205)\272\364?\361!""; ledgerSeq: 23; type: liBASE; nodes {;   nodedata: ""\000\000\000\027\001cEx]\211\377\330\250\025\373\247\354Tc\304\263\243^\352Gv\\264\261\r\035\226\306\2411\351\233\203\215\200$\231\300f\000\000\000\000\000\000\000\000\000\000\000\000\000\000\000\000\000\000\000\000\000\000\000\000\000\000\000\000\000\000\000\000_\370!\007\363\314>\031~|\272`\265\372\237(\337E\000n\345:""\307\335\033m\310\330P=0/\351\252\363/\351\252\372\n\000""; }; nodes {;   nodedata: ""\323C\344\327\264{\312-\017:\006{\177\344N\002\326bO\260\220\006\033\362\345\005U\221DzJ0\001\301\025%1L\307\t\261\262z\374\222T\301\274V\236\223\262\270Ct\362\337b\356\024*\324\320\351\317\002k\336\234\027v\351\217\260\303\360\233ZPZWr\246$w\313\313\r\243r\232\2234\373\3539:N\004Q\245\272D\312D\300\300\t\323\0257\345e\271\na\215{\226\255x%T\257\037\333\004\344_/R\006E\344\037@\210\363\010\336T\226\247'\204_{\261\370""1\235\2445\343\033Y!\212\201\341\272\225'\007#@\031wqq^\350N\330=\364\365K?&\!\313\305\236~=2\250!,v\255\334\223\000\013\003""; }; requestCookie: 3; ","ledgerHash: ""\220\371c@\017\254\363\\371\340\340VaR\205~^\226\342t\360\022\204d\231\205)\272\364?\361!""; ledgerSeq: 23; type: liBASE; nodes {;   nodedata: ""\000\000\000\027\001cEx]\211\377\330\250\025\373\247\354Tc\304\263\243^\352Gv\\264\261\r\035\226\306\2411\351\233\203\215\200$\231\300f\000\000\000\000\000\000\000\000\000\000\000\000\000\000\000\000\000\000\000\000\000\000\000\000\000\000\000\000\000\000\000\000_\370!\007\363\314>\031~|\272`\265\372\237(\337E\000n\345:""\307\335\033m\310\330P=0/\351\252\363/\351\252\372\n\000""; }; nodes {;   nodedata: ""\323C\344\327\264{\312-\017:\006{\177\344N\002\326bO\260\220\006\033\362\345\005U\221DzJ0\001\301\025%1L\307\t\261\262z\374\222T\301\274V\236\223\262\270Ct\362\337b\356\024*\324\320\351\317\002k\336\234\027v\351\217\260\303\360\233ZPZWr\246$w\313\313\r\243r\232\2234\373\3539:N\004Q\245\272D\312D\300\300\t\323\0257\345e\271\na\215{\226\255x%T\257\037\333\004\344_/R\006E\344\037@\210\363\010\336T\226\247'\204_{\261\370""1\235\2445\343\033Y!\212\201\341\272\225'\007#@\031wqq^\350N\330=\364\365K?&\!\313\305\236~=2\250!,v\255\334\223\000\013\003""; }; requestCookie: 3; "
1750527609578,1750527609579,0,1,0,2,TMLedgerData,"ledgerHash: ""\220\371c@\017\254\363\\371\340\340VaR\205~^\226\342t\360\022\204d\231\205)\272\364?\361!""; ledgerSeq: 23; type: liBASE; nodes {;   nodedata: ""\000\000\000\027\001cEx]\211\377\330\250\025\373\247\354Tc\304\263\243^\352Gv\\264\261\r\035\226\306\2411\351\233\203\215\200$\231\300f\000\000\000\000\000\000\000\000\000\000\000\000\000\000\000\000\000\000\000\000\000\000\000\000\000\000\000\000\000\000\000\000_\370!\007\363\314>\031~|\272`\265\372\237(\337E\000n\345:""\307\335\033m\310\330P=0/\351\252\363/\351\252\372\n\000""; }; nodes {;   nodedata: ""\323C\344\327\264{\312-\017:\006{\177\344N\002\326bO\260\220\006\033\362\345\005U\221DzJ0\001\301\025%1L\307\t\261\262z\374\222T\301\274V\236\223\262\270Ct\362\337b\356\024*\324\320\351\317\002k\336\234\027v\351\217\260\303\360\233ZPZWr\246$w\313\313\r\243r\232\2234\373\3539:N\004Q\245\272D\312D\300\300\t\323\0257\345e\271\na\215{\226\255x%T\257\037\333\004\344_/R\006E\344\037@\210\363\010\336T\226\247'\204_{\261\370""1\235\2445\343\033Y!\212\201\341\272\225'\007#@\031wqq^\350N\330=\364\365K?&\!\313\305\236~=2\250!,v\255\334\223\000\013\003""; }; ","ledgerHash: ""\220\371c@\017\254\363\\371\340\340VaR\205~^\226\342t\360\022\204d\231\205)\272\364?\361!""; ledgerSeq: 23; type: liBASE; nodes {;   nodedata: ""\000\000\000\027\001cEx]\211\377\330\250\025\373\247\354Tc\304\263\243^\352Gv\\264\261\r\035\226\306\2411\351\233\203\215\200$\231\300f\000\000\000\000\000\000\000\000\000\000\000\000\000\000\000\000\000\000\000\000\000\000\000\000\000\000\000\000\000\000\000\000_\370!\007\363\314>\031~|\272`\265\372\237(\337E\000n\345:""\307\335\033m\310\330P=0/\351\252\363/\351\252\372\n\000""; }; nodes {;   nodedata: ""\323C\344\327\264{\312-\017:\006{\177\344N\002\326bO\260\220\006\033\362\345\005U\221DzJ0\001\301\025%1L\307\t\261\262z\374\222T\301\274V\236\223\262\270Ct\362\337b\356\024*\324\320\351\317\002k\336\234\027v\351\217\260\303\360\233ZPZWr\246$w\313\313\r\243r\232\2234\373\3539:N\004Q\245\272D\312D\300\300\t\323\0257\345e\271\na\215{\226\255x%T\257\037\333\004\344_/R\006E\344\037@\210\363\010\336T\226\247'\204_{\261\370""1\235\2445\343\033Y!\212\201\341\272\225'\007#@\031wqq^\350N\330=\364\365K?&\!\313\305\236~=2\250!,v\255\334\223\000\013\003""; }; "
1750527609604,1750527609604,0,1,4,0,TMStatusChange,"newEvent: neACCEPTED_LEDGER; ledgerSeq: 23; ledgerHash: ""\220\371c@\017\254\363\\371\340\340VaR\205~^\226\342t\360\022\204d\231\205)\272\364?\361!""; ledgerHashPrevious: ""\250\025\373\247\354Tc\304\263\243^\352Gv\\264\261\r\035\226\306\2411\351\233\203\215\200$\231\300f""; networkTime: 803842809; firstSeq: 1; lastSeq: 22; ","newEvent: neACCEPTED_LEDGER; ledgerSeq: 23; ledgerHash: ""\220\371c@\017\254\363\\371\340\340VaR\205~^\226\342t\360\022\204d\231\205)\272\364?\361!""; ledgerHashPrevious: ""\250\025\373\247\354Tc\304\263\243^\352Gv\\264\261\r\035\226\306\2411\351\233\203\215\200$\231\300f""; networkTime: 803842809; firstSeq: 1; lastSeq: 22; "
1750527609604,1750527609604,0,1,4,2,TMStatusChange,"newEvent: neACCEPTED_LEDGER; ledgerSeq: 23; ledgerHash: ""\220\371c@\017\254\363\\371\340\340VaR\205~^\226\342t\360\022\204d\231\205)\272\364?\361!""; ledgerHashPrevious: ""\250\025\373\247\354Tc\304\263\243^\352Gv\\264\261\r\035\226\306\2411\351\233\203\215\200$\231\300f""; networkTime: 803842809; firstSeq: 1; lastSeq: 22; ","newEvent: neACCEPTED_LEDGER; ledgerSeq: 23; ledgerHash: ""\220\371c@\017\254\363\\371\340\340VaR\205~^\226\342t\360\022\204d\231\205)\272\364?\361!""; ledgerHashPrevious: ""\250\025\373\247\354Tc\304\263\243^\352Gv\\264\261\r\035\226\306\2411\351\233\203\215\200$\231\300f""; networkTime: 803842809; firstSeq: 1; lastSeq: 22; "
1750527609604,1750527609604,0,1,4,1,TMStatusChange,"newEvent: neACCEPTED_LEDGER; ledgerSeq: 23; ledgerHash: ""\220\371c@\017\254\363\\371\340\340VaR\205~^\226\342t\360\022\204d\231\205)\272\364?\361!""; ledgerHashPrevious: ""\250\025\373\247\354Tc\304\263\243^\352Gv\\264\261\r\035\226\306\2411\351\233\203\215\200$\231\300f""; networkTime: 803842809; firstSeq: 1; lastSeq: 22; ","newEvent: neACCEPTED_LEDGER; ledgerSeq: 23; ledgerHash: ""\220\371c@\017\254\363\\371\340\340VaR\205~^\226\342t\360\022\204d\231\205)\272\364?\361!""; ledgerHashPrevious: ""\250\025\373\247\354Tc\304\263\243^\352Gv\\264\261\r\035\226\306\2411\351\233\203\215\200$\231\300f""; networkTime: 803842809; firstSeq: 1; lastSeq: 22; "
1750527609604,1750527609604,0,1,4,1,TMValidation,"validation: """"\200\000\000\001&\000\000\000\027)/\351\252\371:\r\302\353\023?\373\240rQ\220\371c@\017\254\363\\371\340\340VaR\205~^\226\342t\360\022\204d\231\205)\272\364?\361!P\027\000\000\000\000\000\000\000\000\000\000\000\000\000\000\000\000\000\000\000\000\000\000\000\000\000\000\000\000\000\000\000\000P\031\250\025\373\247\354Tc\304\263\243^\352Gv\\264\261\r\035\226\306\2411\351\233\203\215\200$\231\300fs!\003R7o\362bV\300hf\266\241;}\200^\374\240\203[:\342Q\225\221\027y\372\255\235\216\323~vG0E\002!\000\374\2418\211\021\360\374\311J\212\007d\262Y\231:\317\201s\024\r\270\273n\277S\340\347\034\372Oi\002 i\263\010\307\335C\243\314V\253\331\306\343\314Vv\200\341\246\206\330""N\333\206\246(\306\n\243\266c""; ","validation: """"\200\000\000\001&\000\000\000\027)/\351\252\371:\r\302\353\023?\373\240rQ\220\371c@\017\254\363\\371\340\340VaR\205~^\226\342t\360\022\204d\231\205)\272\364?\361!P\027\000\000\000\000\000\000\000\000\000\000\000\000\000\000\000\000\000\000\000\000\000\000\000\000\000\000\000\000\000\000\000\000P\031\250\025\373\247\354Tc\304\263\243^\352Gv\\264\261\r\035\226\306\2411\351\233\203\215\200$\231\300fs!\003R7o\362bV\300hf\266\241;}\200^\374\240\203[:\342Q\225\221\027y\372\255\235\216\323~vG0E\002!\000\374\2418\211\021\360\374\311J\212\007d\262Y\231:\317\201s\024\r\270\273n\277S\340\347\034\372Oi\002 i\263\010\307\335C\243\314V\253\331\306\343\314Vv\200\341\246\206\330""N\333\206\246(\306\n\243\266c""; "
1750527609607,1750527609607,0,1,1,2,TMValidation,"validation: """"\200\000\000\001&\000\000\000\027)/\351\252\371:\r\302\353\023?\373\240rQ\220\371c@\017\254\363\\371\340\340VaR\205~^\226\342t\360\022\204d\231\205)\272\364?\361!P\027\000\000\000\000\000\000\000\000\000\000\000\000\000\000\000\000\000\000\000\000\000\000\000\000\000\000\000\000\000\000\000\000P\031\250\025\373\247\354Tc\304\263\243^\352Gv\\264\261\r\035\226\306\2411\351\233\203\215\200$\231\300fs!\003R7o\362bV\300hf\266\241;}\200^\374\240\203[:\342Q\225\221\027y\372\255\235\216\323~vG0E\002!\000\374\2418\211\021\360\374\311J\212\007d\262Y\231:\317\201s\024\r\270\273n\277S\340\347\034\372Oi\002 i\263\010\307\335C\243\314V\253\331\306\343\314Vv\200\341\246\206\330""N\333\206\246(\306\n\243\266c""; ","validation: """"\200\000\000\001&\000\000\000\027)/\351\252\371:\r\302\353\023?\373\240rQ\220\371c@\017\254\363\\371\340\340VaR\205~^\226\342t\360\022\204d\231\205)\272\364?\361!P\027\000\000\000\000\000\000\000\000\000\000\000\000\000\000\000\000\000\000\000\000\000\000\000\000\000\000\000\000\000\000\000\000P\031\250\025\373\247\354Tc\304\263\243^\352Gv\\264\261\r\035\226\306\2411\351\233\203\215\200$\231\300fs!\003R7o\362bV\300hf\266\241;}\200^\374\240\203[:\342Q\225\221\027y\372\255\235\216\323~vG0E\002!\000\374\2418\211\021\360\374\311J\212\007d\262Y\231:\317\201s\024\r\270\273n\277S\340\347\034\372Oi\002 i\263\010\307\335C\243\314V\253\331\306\343\314Vv\200\341\246\206\330""N\333\206\246(\306\n\243\266c""; "
1750527609607,1750527609607,0,1,1,3,TMValidation,"validation: """"\200\000\000\001&\000\000\000\027)/\351\252\371:\r\302\353\023?\373\240rQ\220\371c@\017\254\363\\371\340\340VaR\205~^\226\342t\360\022\204d\231\205)\272\364?\361!P\027\000\000\000\000\000\000\000\000\000\000\000\000\000\000\000\000\000\000\000\000\000\000\000\000\000\000\000\000\000\000\000\000P\031\250\025\373\247\354Tc\304\263\243^\352Gv\\264\261\r\035\226\306\2411\351\233\203\215\200$\231\300fs!\003R7o\362bV\300hf\266\241;}\200^\374\240\203[:\342Q\225\221\027y\372\255\235\216\323~vG0E\002!\000\374\2418\211\021\360\374\311J\212\007d\262Y\231:\317\201s\024\r\270\273n\277S\340\347\034\372Oi\002 i\263\010\307\335C\243\314V\253\331\306\343\314Vv\200\341\246\206\330""N\333\206\246(\306\n\243\266c""; ","validation: """"\200\000\000\001&\000\000\000\027)/\351\252\371:\r\302\353\023?\373\240rQ\220\371c@\017\254\363\\371\340\340VaR\205~^\226\342t\360\022\204d\231\205)\272\364?\361!P\027\000\000\000\000\000\000\000\000\000\000\000\000\000\000\000\000\000\000\000\000\000\000\000\000\000\000\000\000\000\000\000\000P\031\250\025\373\247\354Tc\304\263\243^\352Gv\\264\261\r\035\226\306\2411\351\233\203\215\200$\231\300fs!\003R7o\362bV\300hf\266\241;}\200^\374\240\203[:\342Q\225\221\027y\372\255\235\216\323~vG0E\002!\000\374\2418\211\021\360\374\311J\212\007d\262Y\231:\317\201s\024\r\270\273n\277S\340\347\034\372Oi\002 i\263\010\307\335C\243\314V\253\331\306\343\314Vv\200\341\246\206\330""N\333\206\246(\306\n\243\266c""; "
1750527609607,1750527609608,0,1,1,0,TMValidation,"validation: """"\200\000\000\001&\000\000\000\027)/\351\252\371:\r\302\353\023?\373\240rQ\220\371c@\017\254\363\\371\340\340VaR\205~^\226\342t\360\022\204d\231\205)\272\364?\361!P\027\000\000\000\000\000\000\000\000\000\000\000\000\000\000\000\000\000\000\000\000\000\000\000\000\000\000\000\000\000\000\000\000P\031\250\025\373\247\354Tc\304\263\243^\352Gv\\264\261\r\035\226\306\2411\351\233\203\215\200$\231\300fs!\003R7o\362bV\300hf\266\241;}\200^\374\240\203[:\342Q\225\221\027y\372\255\235\216\323~vG0E\002!\000\374\2418\211\021\360\374\311J\212\007d\262Y\231:\317\201s\024\r\270\273n\277S\340\347\034\372Oi\002 i\263\010\307\335C\243\314V\253\331\306\343\314Vv\200\341\246\206\330""N\333\206\246(\306\n\243\266c""; ","validation: """"\200\000\000\001&\000\000\000\027)/\351\252\371:\r\302\353\023?\373\240rQ\220\371c@\017\254\363\\371\340\340VaR\205~^\226\342t\360\022\204d\231\205)\272\364?\361!P\027\000\000\000\000\000\000\000\000\000\000\000\000\000\000\000\000\000\000\000\000\000\000\000\000\000\000\000\000\000\000\000\000P\031\250\025\373\247\354Tc\304\263\243^\352Gv\\264\261\r\035\226\306\2411\351\233\203\215\200$\231\300fs!\003R7o\362bV\300hf\266\241;}\200^\374\240\203[:\342Q\225\221\027y\372\255\235\216\323~vG0E\002!\000\374\2418\211\021\360\374\311J\212\007d\262Y\231:\317\201s\024\r\270\273n\277S\340\347\034\372Oi\002 i\263\010\307\335C\243\314V\253\331\306\343\314Vv\200\341\246\206\330""N\333\206\246(\306\n\243\266c""; "
1750527609609,1750527609609,0,1,2,4,TMValidation,"validation: """"\200\000\000\001&\000\000\000\027)/\351\252\371:\r\302\353\023?\373\240rQ\220\371c@\017\254\363\\371\340\340VaR\205~^\226\342t\360\022\204d\231\205)\272\364?\361!P\027\000\000\000\000\000\000\000\000\000\000\000\000\000\000\000\000\000\000\000\000\000\000\000\000\000\000\000\000\000\000\000\000P\031\250\025\373\247\354Tc\304\263\243^\352Gv\\264\261\r\035\226\306\2411\351\233\203\215\200$\231\300fs!\003R7o\362bV\300hf\266\241;}\200^\374\240\203[:\342Q\225\221\027y\372\255\235\216\323~vG0E\002!\000\374\2418\211\021\360\374\311J\212\007d\262Y\231:\317\201s\024\r\270\273n\277S\340\347\034\372Oi\002 i\263\010\307\335C\243\314V\253\331\306\343\314Vv\200\341\246\206\330""N\333\206\246(\306\n\243\266c""; ","validation: """"\200\000\000\001&\000\000\000\027)/\351\252\371:\r\302\353\023?\373\240rQ\220\371c@\017\254\363\\371\340\340VaR\205~^\226\342t\360\022\204d\231\205)\272\364?\361!P\027\000\000\000\000\000\000\000\000\000\000\000\000\000\000\000\000\000\000\000\000\000\000\000\000\000\000\000\000\000\000\000\000P\031\250\025\373\247\354Tc\304\263\243^\352Gv\\264\261\r\035\226\306\2411\351\233\203\215\200$\231\300fs!\003R7o\362bV\300hf\266\241;}\200^\374\240\203[:\342Q\225\221\027y\372\255\235\216\323~vG0E\002!\000\374\2418\211\021\360\374\311J\212\007d\262Y\231:\317\201s\024\r\270\273n\277S\340\347\034\372Oi\002 i\263\010\307\335C\243\314V\253\331\306\343\314Vv\200\341\246\206\330""N\333\206\246(\306\n\243\266c""; "
1750527609609,1750527609610,0,1,2,3,TMValidation,"validation: """"\200\000\000\001&\000\000\000\027)/\351\252\371:\r\302\353\023?\373\240rQ\220\371c@\017\254\363\\371\340\340VaR\205~^\226\342t\360\022\204d\231\205)\272\364?\361!P\027\000\000\000\000\000\000\000\000\000\000\000\000\000\000\000\000\000\000\000\000\000\000\000\000\000\000\000\000\000\000\000\000P\031\250\025\373\247\354Tc\304\263\243^\352Gv\\264\261\r\035\226\306\2411\351\233\203\215\200$\231\300fs!\003R7o\362bV\300hf\266\241;}\200^\374\240\203[:\342Q\225\221\027y\372\255\235\216\323~vG0E\002!\000\374\2418\211\021\360\374\311J\212\007d\262Y\231:\317\201s\024\r\270\273n\277S\340\347\034\372Oi\002 i\263\010\307\335C\243\314V\253\331\306\343\314Vv\200\341\246\206\330""N\333\206\246(\306\n\243\266c""; ","validation: """"\200\000\000\001&\000\000\000\027)/\351\252\371:\r\302\353\023?\373\240rQ\220\371c@\017\254\363\\371\340\340VaR\205~^\226\342t\360\022\204d\231\205)\272\364?\361!P\027\000\000\000\000\000\000\000\000\000\000\000\000\000\000\000\000\000\000\000\000\000\000\000\000\000\000\000\000\000\000\000\000P\031\250\025\373\247\354Tc\304\263\243^\352Gv\\264\261\r\035\226\306\2411\351\233\203\215\200$\231\300fs!\003R7o\362bV\300hf\266\241;}\200^\374\240\203[:\342Q\225\221\027y\372\255\235\216\323~vG0E\002!\000\374\2418\211\021\360\374\311J\212\007d\262Y\231:\317\201s\024\r\270\273n\277S\340\347\034\372Oi\002 i\263\010\307\335C\243\314V\253\331\306\343\314Vv\200\341\246\206\330""N\333\206\246(\306\n\243\266c""; "
1750527609610,1750527609610,0,1,2,0,TMValidation,"validation: """"\200\000\000\001&\000\000\000\027)/\351\252\371:\r\302\353\023?\373\240rQ\220\371c@\017\254\363\\371\340\340VaR\205~^\226\342t\360\022\204d\231\205)\272\364?\361!P\027\000\000\000\000\000\000\000\000\000\000\000\000\000\000\000\000\000\000\000\000\000\000\000\000\000\000\000\000\000\000\000\000P\031\250\025\373\247\354Tc\304\263\243^\352Gv\\264\261\r\035\226\306\2411\351\233\203\215\200$\231\300fs!\003R7o\362bV\300hf\266\241;}\200^\374\240\203[:\342Q\225\221\027y\372\255\235\216\323~vG0E\002!\000\374\2418\211\021\360\374\311J\212\007d\262Y\231:\317\201s\024\r\270\273n\277S\340\347\034\372Oi\002 i\263\010\307\335C\243\314V\253\331\306\343\314Vv\200\341\246\206\330""N\333\206\246(\306\n\243\266c""; ","validation: """"\200\000\000\001&\000\000\000\027)/\351\252\371:\r\302\353\023?\373\240rQ\220\371c@\017\254\363\\371\340\340VaR\205~^\226\342t\360\022\204d\231\205)\272\364?\361!P\027\000\000\000\000\000\000\000\000\000\000\000\000\000\000\000\000\000\000\000\000\000\000\000\000\000\000\000\000\000\000\000\000P\031\250\025\373\247\354Tc\304\263\243^\352Gv\\264\261\r\035\226\306\2411\351\233\203\215\200$\231\300fs!\003R7o\362bV\300hf\266\241;}\200^\374\240\203[:\342Q\225\221\027y\372\255\235\216\323~vG0E\002!\000\374\2418\211\021\360\374\311J\212\007d\262Y\231:\317\201s\024\r\270\273n\277S\340\347\034\372Oi\002 i\263\010\307\335C\243\314V\253\331\306\343\314Vv\200\341\246\206\330""N\333\206\246(\306\n\243\266c""; "
1750527609611,1750527609611,0,1,3,0,TMValidation,"validation: """"\200\000\000\001&\000\000\000\027)/\351\252\371:\r\302\353\023?\373\240rQ\220\371c@\017\254\363\\371\340\340VaR\205~^\226\342t\360\022\204d\231\205)\272\364?\361!P\027\000\000\000\000\000\000\000\000\000\000\000\000\000\000\000\000\000\000\000\000\000\000\000\000\000\000\000\000\000\000\000\000P\031\250\025\373\247\354Tc\304\263\243^\352Gv\\264\261\r\035\226\306\2411\351\233\203\215\200$\231\300fs!\003R7o\362bV\300hf\266\241;}\200^\374\240\203[:\342Q\225\221\027y\372\255\235\216\323~vG0E\002!\000\374\2418\211\021\360\374\311J\212\007d\262Y\231:\317\201s\024\r\270\273n\277S\340\347\034\372Oi\002 i\263\010\307\335C\243\314V\253\331\306\343\314Vv\200\341\246\206\330""N\333\206\246(\306\n\243\266c""; ","validation: """"\200\000\000\001&\000\000\000\027)/\351\252\371:\r\302\353\023?\373\240rQ\220\371c@\017\254\363\\371\340\340VaR\205~^\226\342t\360\022\204d\231\205)\272\364?\361!P\027\000\000\000\000\000\000\000\000\000\000\000\000\000\000\000\000\000\000\000\000\000\000\000\000\000\000\000\000\000\000\000\000P\031\250\025\373\247\354Tc\304\263\243^\352Gv\\264\261\r\035\226\306\2411\351\233\203\215\200$\231\300fs!\003R7o\362bV\300hf\266\241;}\200^\374\240\203[:\342Q\225\221\027y\372\255\235\216\323~vG0E\002!\000\374\2418\211\021\360\374\311J\212\007d\262Y\231:\317\201s\024\r\270\273n\277S\340\347\034\372Oi\002 i\263\010\307\335C\243\314V\253\331\306\343\314Vv\200\341\246\206\330""N\333\206\246(\306\n\243\266c""; "
1750527609611,1750527609611,0,1,3,2,TMValidation,"validation: """"\200\000\000\001&\000\000\000\027)/\351\252\371:\r\302\353\023?\373\240rQ\220\371c@\017\254\363\\371\340\340VaR\205~^\226\342t\360\022\204d\231\205)\272\364?\361!P\027\000\000\000\000\000\000\000\000\000\000\000\000\000\000\000\000\000\000\000\000\000\000\000\000\000\000\000\000\000\000\000\000P\031\250\025\373\247\354Tc\304\263\243^\352Gv\\264\261\r\035\226\306\2411\351\233\203\215\200$\231\300fs!\003R7o\362bV\300hf\266\241;}\200^\374\240\203[:\342Q\225\221\027y\372\255\235\216\323~vG0E\002!\000\374\2418\211\021\360\374\311J\212\007d\262Y\231:\317\201s\024\r\270\273n\277S\340\347\034\372Oi\002 i\263\010\307\335C\243\314V\253\331\306\343\314Vv\200\341\246\206\330""N\333\206\246(\306\n\243\266c""; ","validation: """"\200\000\000\001&\000\000\000\027)/\351\252\371:\r\302\353\023?\373\240rQ\220\371c@\017\254\363\\371\340\340VaR\205~^\226\342t\360\022\204d\231\205)\272\364?\361!P\027\000\000\000\000\000\000\000\000\000\000\000\000\000\000\000\000\000\000\000\000\000\000\000\000\000\000\000\000\000\000\000\000P\031\250\025\373\247\354Tc\304\263\243^\352Gv\\264\261\r\035\226\306\2411\351\233\203\215\200$\231\300fs!\003R7o\362bV\300hf\266\241;}\200^\374\240\203[:\342Q\225\221\027y\372\255\235\216\323~vG0E\002!\000\374\2418\211\021\360\374\311J\212\007d\262Y\231:\317\201s\024\r\270\273n\277S\340\347\034\372Oi\002 i\263\010\307\335C\243\314V\253\331\306\343\314Vv\200\341\246\206\330""N\333\206\246(\306\n\243\266c""; "
1750527609611,1750527609611,0,1,3,4,TMValidation,"validation: """"\200\000\000\001&\000\000\000\027)/\351\252\371:\r\302\353\023?\373\240rQ\220\371c@\017\254\363\\371\340\340VaR\205~^\226\342t\360\022\204d\231\205)\272\364?\361!P\027\000\000\000\000\000\000\000\000\000\000\000\000\000\000\000\000\000\000\000\000\000\000\000\000\000\000\000\000\000\000\000\000P\031\250\025\373\247\354Tc\304\263\243^\352Gv\\264\261\r\035\226\306\2411\351\233\203\215\200$\231\300fs!\003R7o\362bV\300hf\266\241;}\200^\374\240\203[:\342Q\225\221\027y\372\255\235\216\323~vG0E\002!\000\374\2418\211\021\360\374\311J\212\007d\262Y\231:\317\201s\024\r\270\273n\277S\340\347\034\372Oi\002 i\263\010\307\335C\243\314V\253\331\306\343\314Vv\200\341\246\206\330""N\333\206\246(\306\n\243\266c""; ","validation: """"\200\000\000\001&\000\000\000\027)/\351\252\371:\r\302\353\023?\373\240rQ\220\371c@\017\254\363\\371\340\340VaR\205~^\226\342t\360\022\204d\231\205)\272\364?\361!P\027\000\000\000\000\000\000\000\000\000\000\000\000\000\000\000\000\000\000\000\000\000\000\000\000\000\000\000\000\000\000\000\000P\031\250\025\373\247\354Tc\304\263\243^\352Gv\\264\261\r\035\226\306\2411\351\233\203\215\200$\231\300fs!\003R7o\362bV\300hf\266\241;}\200^\374\240\203[:\342Q\225\221\027y\372\255\235\216\323~vG0E\002!\000\374\2418\211\021\360\374\311J\212\007d\262Y\231:\317\201s\024\r\270\273n\277S\340\347\034\372Oi\002 i\263\010\307\335C\243\314V\253\331\306\343\314Vv\200\341\246\206\330""N\333\206\246(\306\n\243\266c""; "
1750527609611,1750527609611,0,1,0,3,TMValidation,"validation: """"\200\000\000\001&\000\000\000\027)/\351\252\371:\r\302\353\023?\373\240rQ\220\371c@\017\254\363\\371\340\340VaR\205~^\226\342t\360\022\204d\231\205)\272\364?\361!P\027\000\000\000\000\000\000\000\000\000\000\000\000\000\000\000\000\000\000\000\000\000\000\000\000\000\000\000\000\000\000\000\000P\031\250\025\373\247\354Tc\304\263\243^\352Gv\\264\261\r\035\226\306\2411\351\233\203\215\200$\231\300fs!\003R7o\362bV\300hf\266\241;}\200^\374\240\203[:\342Q\225\221\027y\372\255\235\216\323~vG0E\002!\000\374\2418\211\021\360\374\311J\212\007d\262Y\231:\317\201s\024\r\270\273n\277S\340\347\034\372Oi\002 i\263\010\307\335C\243\314V\253\331\306\343\314Vv\200\341\246\206\330""N\333\206\246(\306\n\243\266c""; ","validation: """"\200\000\000\001&\000\000\000\027)/\351\252\371:\r\302\353\023?\373\240rQ\220\371c@\017\254\363\\371\340\340VaR\205~^\226\342t\360\022\204d\231\205)\272\364?\361!P\027\000\000\000\000\000\000\000\000\000\000\000\000\000\000\000\000\000\000\000\000\000\000\000\000\000\000\000\000\000\000\000\000P\031\250\025\373\247\354Tc\304\263\243^\352Gv\\264\261\r\035\226\306\2411\351\233\203\215\200$\231\300fs!\003R7o\362bV\300hf\266\241;}\200^\374\240\203[:\342Q\225\221\027y\372\255\235\216\323~vG0E\002!\000\374\2418\211\021\360\374\311J\212\007d\262Y\231:\317\201s\024\r\270\273n\277S\340\347\034\372Oi\002 i\263\010\307\335C\243\314V\253\331\306\343\314Vv\200\341\246\206\330""N\333\206\246(\306\n\243\266c""; "
1750527609611,1750527609611,0,1,0,4,TMValidation,"validation: """"\200\000\000\001&\000\000\000\027)/\351\252\371:\r\302\353\023?\373\240rQ\220\371c@\017\254\363\\371\340\340VaR\205~^\226\342t\360\022\204d\231\205)\272\364?\361!P\027\000\000\000\000\000\000\000\000\000\000\000\000\000\000\000\000\000\000\000\000\000\000\000\000\000\000\000\000\000\000\000\000P\031\250\025\373\247\354Tc\304\263\243^\352Gv\\264\261\r\035\226\306\2411\351\233\203\215\200$\231\300fs!\003R7o\362bV\300hf\266\241;}\200^\374\240\203[:\342Q\225\221\027y\372\255\235\216\323~vG0E\002!\000\374\2418\211\021\360\374\311J\212\007d\262Y\231:\317\201s\024\r\270\273n\277S\340\347\034\372Oi\002 i\263\010\307\335C\243\314V\253\331\306\343\314Vv\200\341\246\206\330""N\333\206\246(\306\n\243\266c""; ","validation: """"\200\000\000\001&\000\000\000\027)/\351\252\371:\r\302\353\023?\373\240rQ\220\371c@\017\254\363\\371\340\340VaR\205~^\226\342t\360\022\204d\231\205)\272\364?\361!P\027\000\000\000\000\000\000\000\000\000\000\000\000\000\000\000\000\000\000\000\000\000\000\000\000\000\000\000\000\000\000\000\000P\031\250\025\373\247\354Tc\304\263\243^\352Gv\\264\261\r\035\226\306\2411\351\233\203\215\200$\231\300fs!\003R7o\362bV\300hf\266\241;}\200^\374\240\203[:\342Q\225\221\027y\372\255\235\216\323~vG0E\002!\000\374\2418\211\021\360\374\311J\212\007d\262Y\231:\317\201s\024\r\270\273n\277S\340\347\034\372Oi\002 i\263\010\307\335C\243\314V\253\331\306\343\314Vv\200\341\246\206\330""N\333\206\246(\306\n\243\266c""; "
1750527609612,1750527609612,0,1,4,2,TMValidation,"validation: """"\200\000\000\001&\000\000\000\027)/\351\252\371:\r\302\353\023?\373\240rQ\220\371c@\017\254\363\\371\340\340VaR\205~^\226\342t\360\022\204d\231\205)\272\364?\361!P\027\000\000\000\000\000\000\000\000\000\000\000\000\000\000\000\000\000\000\000\000\000\000\000\000\000\000\000\000\000\000\000\000P\031\250\025\373\247\354Tc\304\263\243^\352Gv\\264\261\r\035\226\306\2411\351\233\203\215\200$\231\300fs!\003R7o\362bV\300hf\266\241;}\200^\374\240\203[:\342Q\225\221\027y\372\255\235\216\323~vG0E\002!\000\374\2418\211\021\360\374\311J\212\007d\262Y\231:\317\201s\024\r\270\273n\277S\340\347\034\372Oi\002 i\263\010\307\335C\243\314V\253\331\306\343\314Vv\200\341\246\206\330""N\333\206\246(\306\n\243\266c""; ","validation: """"\200\000\000\001&\000\000\000\027)/\351\252\371:\r\302\353\023?\373\240rQ\220\371c@\017\254\363\\371\340\340VaR\205~^\226\342t\360\022\204d\231\205)\272\364?\361!P\027\000\000\000\000\000\000\000\000\000\000\000\000\000\000\000\000\000\000\000\000\000\000\000\000\000\000\000\000\000\000\000\000P\031\250\025\373\247\354Tc\304\263\243^\352Gv\\264\261\r\035\226\306\2411\351\233\203\215\200$\231\300fs!\003R7o\362bV\300hf\266\241;}\200^\374\240\203[:\342Q\225\221\027y\372\255\235\216\323~vG0E\002!\000\374\2418\211\021\360\374\311J\212\007d\262Y\231:\317\201s\024\r\270\273n\277S\340\347\034\372Oi\002 i\263\010\307\335C\243\314V\253\331\306\343\314Vv\200\341\246\206\330""N\333\206\246(\306\n\243\266c""; "
1750527609613,1750527609613,0,1,0,2,TMValidation,"validation: """"\200\000\000\001&\000\000\000\027)/\351\252\371:\r\302\353\023?\373\240rQ\220\371c@\017\254\363\\371\340\340VaR\205~^\226\342t\360\022\204d\231\205)\272\364?\361!P\027\000\000\000\000\000\000\000\000\000\000\000\000\000\000\000\000\000\000\000\000\000\000\000\000\000\000\000\000\000\000\000\000P\031\250\025\373\247\354Tc\304\263\243^\352Gv\\264\261\r\035\226\306\2411\351\233\203\215\200$\231\300fs!\003R7o\362bV\300hf\266\241;}\200^\374\240\203[:\342Q\225\221\027y\372\255\235\216\323~vG0E\002!\000\374\2418\211\021\360\374\311J\212\007d\262Y\231:\317\201s\024\r\270\273n\277S\340\347\034\372Oi\002 i\263\010\307\335C\243\314V\253\331\306\343\314Vv\200\341\246\206\330""N\333\206\246(\306\n\243\266c""; ","validation: """"\200\000\000\001&\000\000\000\027)/\351\252\371:\r\302\353\023?\373\240rQ\220\371c@\017\254\363\\371\340\340VaR\205~^\226\342t\360\022\204d\231\205)\272\364?\361!P\027\000\000\000\000\000\000\000\000\000\000\000\000\000\000\000\000\000\000\000\000\000\000\000\000\000\000\000\000\000\000\000\000P\031\250\025\373\247\354Tc\304\263\243^\352Gv\\264\261\r\035\226\306\2411\351\233\203\215\200$\231\300fs!\003R7o\362bV\300hf\266\241;}\200^\374\240\203[:\342Q\225\221\027y\372\255\235\216\323~vG0E\002!\000\374\2418\211\021\360\374\311J\212\007d\262Y\231:\317\201s\024\r\270\273n\277S\340\347\034\372Oi\002 i\263\010\307\335C\243\314V\253\331\306\343\314Vv\200\341\246\206\330""N\333\206\246(\306\n\243\266c""; "
1750527609614,1750527609614,0,1,4,3,TMValidation,"validation: """"\200\000\000\001&\000\000\000\027)/\351\252\371:\r\302\353\023?\373\240rQ\220\371c@\017\254\363\\371\340\340VaR\205~^\226\342t\360\022\204d\231\205)\272\364?\361!P\027\000\000\000\000\000\000\000\000\000\000\000\000\000\000\000\000\000\000\000\000\000\000\000\000\000\000\000\000\000\000\000\000P\031\250\025\373\247\354Tc\304\263\243^\352Gv\\264\261\r\035\226\306\2411\351\233\203\215\200$\231\300fs!\003R7o\362bV\300hf\266\241;}\200^\374\240\203[:\342Q\225\221\027y\372\255\235\216\323~vG0E\002!\000\374\2418\211\021\360\374\311J\212\007d\262Y\231:\317\201s\024\r\270\273n\277S\340\347\034\372Oi\002 i\263\010\307\335C\243\314V\253\331\306\343\314Vv\200\341\246\206\330""N\333\206\246(\306\n\243\266c""; ","validation: """"\200\000\000\001&\000\000\000\027)/\351\252\371:\r\302\353\023?\373\240rQ\220\371c@\017\254\363\\371\340\340VaR\205~^\226\342t\360\022\204d\231\205)\272\364?\361!P\027\000\000\000\000\000\000\000\000\000\000\000\000\000\000\000\000\000\000\000\000\000\000\000\000\000\000\000\000\000\000\000\000P\031\250\025\373\247\354Tc\304\263\243^\352Gv\\264\261\r\035\226\306\2411\351\233\203\215\200$\231\300fs!\003R7o\362bV\300hf\266\241;}\200^\374\240\203[:\342Q\225\221\027y\372\255\235\216\323~vG0E\002!\000\374\2418\211\021\360\374\311J\212\007d\262Y\231:\317\201s\024\r\270\273n\277S\340\347\034\372Oi\002 i\263\010\307\335C\243\314V\253\331\306\343\314Vv\200\341\246\206\330""N\333\206\246(\306\n\243\266c""; "
1750527609615,1750527609615,0,1,4,3,TMStatusChange,"newEvent: neACCEPTED_LEDGER; ledgerSeq: 23; ledgerHash: ""\220\371c@\017\254\363\\371\340\340VaR\205~^\226\342t\360\022\204d\231\205)\272\364?\361!""; ledgerHashPrevious: ""\250\025\373\247\354Tc\304\263\243^\352Gv\\264\261\r\035\226\306\2411\351\233\203\215\200$\231\300f""; networkTime: 803842809; firstSeq: 1; lastSeq: 22; ","newEvent: neACCEPTED_LEDGER; ledgerSeq: 23; ledgerHash: ""\220\371c@\017\254\363\\371\340\340VaR\205~^\226\342t\360\022\204d\231\205)\272\364?\361!""; ledgerHashPrevious: ""\250\025\373\247\354Tc\304\263\243^\352Gv\\264\261\r\035\226\306\2411\351\233\203\215\200$\231\300f""; networkTime: 803842809; firstSeq: 1; lastSeq: 22; "
1750527609616,1750527609616,0,1,4,0,TMValidation,"validation: """"\200\000\000\001&\000\000\000\027)/\351\252\371:\r\302\353\023?\373\240rQ\220\371c@\017\254\363\\371\340\340VaR\205~^\226\342t\360\022\204d\231\205)\272\364?\361!P\027\000\000\000\000\000\000\000\000\000\000\000\000\000\000\000\000\000\000\000\000\000\000\000\000\000\000\000\000\000\000\000\000P\031\250\025\373\247\354Tc\304\263\243^\352Gv\\264\261\r\035\226\306\2411\351\233\203\215\200$\231\300fs!\003R7o\362bV\300hf\266\241;}\200^\374\240\203[:\342Q\225\221\027y\372\255\235\216\323~vG0E\002!\000\374\2418\211\021\360\374\311J\212\007d\262Y\231:\317\201s\024\r\270\273n\277S\340\347\034\372Oi\002 i\263\010\307\335C\243\314V\253\331\306\343\314Vv\200\341\246\206\330""N\333\206\246(\306\n\243\266c""; ","validation: """"\200\000\000\001&\000\000\000\027)/\351\252\371:\r\302\353\023?\373\240rQ\220\371c@\017\254\363\\371\340\340VaR\205~^\226\342t\360\022\204d\231\205)\272\364?\361!P\027\000\000\000\000\000\000\000\000\000\000\000\000\000\000\000\000\000\000\000\000\000\000\000\000\000\000\000\000\000\000\000\000P\031\250\025\373\247\354Tc\304\263\243^\352Gv\\264\261\r\035\226\306\2411\351\233\203\215\200$\231\300fs!\003R7o\362bV\300hf\266\241;}\200^\374\240\203[:\342Q\225\221\027y\372\255\235\216\323~vG0E\002!\000\374\2418\211\021\360\374\311J\212\007d\262Y\231:\317\201s\024\r\270\273n\277S\340\347\034\372Oi\002 i\263\010\307\335C\243\314V\253\331\306\343\314Vv\200\341\246\206\330""N\333\206\246(\306\n\243\266c""; "
1750527610441,1750527610441,0,1,3,1,TMProposeSet,"proposeSeq: 0; currentTxHash: ""\000\000\000\000\000\000\000\000\000\000\000\000\000\000\000\000\000\000\000\000\000\000\000\000\000\000\000\000\000\000\000\000""; nodePubKey: ""\002\364d\217\366\217|\316F\232\231\241\n\261\333`\312O\367\235\025DD\336e\367\n\312\326\221\037\025\230""; closeTime: 803842810; signature: ""0D\002 W\343\365y\267\207\241\262\2545\223d\235-\215\306\300\003\n\217\235\361\000\372\274\361KY\211,\035o\002 G\207j\260-\357\223\241i\244Sx\256~\177&\224\274\245]\000\311\335tMm\343k}`?\202""; previousledger: ""\220\371c@\017\254\363\\371\340\340VaR\205~^\226\342t\360\022\204d\231\205)\272\364?\361!""; ","proposeSeq: 0; currentTxHash: ""\000\000\000\000\000\000\000\000\000\000\000\000\000\000\000\000\000\000\000\000\000\000\000\000\000\000\000\000\000\000\000\000""; nodePubKey: ""\002\364d\217\366\217|\316F\232\231\241\n\261\333`\312O\367\235\025DD\336e\367\n\312\326\221\037\025\230""; closeTime: 803842810; signature: ""0D\002 W\343\365y\267\207\241\262\2545\223d\235-\215\306\300\003\n\217\235\361\000\372\274\361KY\211,\035o\002 G\207j\260-\357\223\241i\244Sx\256~\177&\224\274\245]\000\311\335tMm\343k}`?\202""; previousledger: ""\220\371c@\017\254\363\\371\340\340VaR\205~^\226\342t\360\022\204d\231\205)\272\364?\361!""; "
1750527610482,1750527610482,0,1,3,4,TMProposeSet,"proposeSeq: 0; currentTxHash: ""\000\000\000\000\000\000\000\000\000\000\000\000\000\000\000\000\000\000\000\000\000\000\000\000\000\000\000\000\000\000\000\000""; nodePubKey: ""\002\364d\217\366\217|\316F\232\231\241\n\261\333`\312O\367\235\025DD\336e\367\n\312\326\221\037\025\230""; closeTime: 803842810; signature: ""0D\002 W\343\365y\267\207\241\262\2545\223d\235-\215\306\300\003\n\217\235\361\000\372\274\361KY\211,\035o\002 G\207j\260-\357\223\241i\244Sx\256~\177&\224\274\245]\000\311\335tMm\343k}`?\202""; previousledger: ""\220\371c@\017\254\363\\371\340\340VaR\205~^\226\342t\360\022\204d\231\205)\272\364?\361!""; ","proposeSeq: 0; currentTxHash: ""\000\000\000\000\000\000\000\000\000\000\000\000\000\000\000\000\000\000\000\000\000\000\000\000\000\000\000\000\000\000\000\000""; nodePubKey: ""\002\364d\217\366\217|\316F\232\231\241\n\261\333`\312O\367\235\025DD\336e\367\n\312\326\221\037\025\230""; closeTime: 803842810; signature: ""0D\002 W\343\365y\267\207\241\262\2545\223d\235-\215\306\300\003\n\217\235\361\000\372\274\361KY\211,\035o\002 G\207j\260-\357\223\241i\244Sx\256~\177&\224\274\245]\000\311\335tMm\343k}`?\202""; previousledger: ""\220\371c@\017\254\363\\371\340\340VaR\205~^\226\342t\360\022\204d\231\205)\272\364?\361!""; "
1750527610482,1750527610482,0,1,3,0,TMProposeSet,"proposeSeq: 0; currentTxHash: ""\000\000\000\000\000\000\000\000\000\000\000\000\000\000\000\000\000\000\000\000\000\000\000\000\000\000\000\000\000\000\000\000""; nodePubKey: ""\002\364d\217\366\217|\316F\232\231\241\n\261\333`\312O\367\235\025DD\336e\367\n\312\326\221\037\025\230""; closeTime: 803842810; signature: ""0D\002 W\343\365y\267\207\241\262\2545\223d\235-\215\306\300\003\n\217\235\361\000\372\274\361KY\211,\035o\002 G\207j\260-\357\223\241i\244Sx\256~\177&\224\274\245]\000\311\335tMm\343k}`?\202""; previousledger: ""\220\371c@\017\254\363\\371\340\340VaR\205~^\226\342t\360\022\204d\231\205)\272\364?\361!""; ","proposeSeq: 0; currentTxHash: ""\000\000\000\000\000\000\000\000\000\000\000\000\000\000\000\000\000\000\000\000\000\000\000\000\000\000\000\000\000\000\000\000""; nodePubKey: ""\002\364d\217\366\217|\316F\232\231\241\n\261\333`\312O\367\235\025DD\336e\367\n\312\326\221\037\025\230""; closeTime: 803842810; signature: ""0D\002 W\343\365y\267\207\241\262\2545\223d\235-\215\306\300\003\n\217\235\361\000\372\274\361KY\211,\035o\002 G\207j\260-\357\223\241i\244Sx\256~\177&\224\274\245]\000\311\335tMm\343k}`?\202""; previousledger: ""\220\371c@\017\254\363\\371\340\340VaR\205~^\226\342t\360\022\204d\231\205)\272\364?\361!""; "
1750527610483,1750527610483,0,1,3,2,TMProposeSet,"proposeSeq: 0; currentTxHash: ""\000\000\000\000\000\000\000\000\000\000\000\000\000\000\000\000\000\000\000\000\000\000\000\000\000\000\000\000\000\000\000\000""; nodePubKey: ""\002\364d\217\366\217|\316F\232\231\241\n\261\333`\312O\367\235\025DD\336e\367\n\312\326\221\037\025\230""; closeTime: 803842810; signature: ""0D\002 W\343\365y\267\207\241\262\2545\223d\235-\215\306\300\003\n\217\235\361\000\372\274\361KY\211,\035o\002 G\207j\260-\357\223\241i\244Sx\256~\177&\224\274\245]\000\311\335tMm\343k}`?\202""; previousledger: ""\220\371c@\017\254\363\\371\340\340VaR\205~^\226\342t\360\022\204d\231\205)\272\364?\361!""; ","proposeSeq: 0; currentTxHash: ""\000\000\000\000\000\000\000\000\000\000\000\000\000\000\000\000\000\000\000\000\000\000\000\000\000\000\000\000\000\000\000\000""; nodePubKey: ""\002\364d\217\366\217|\316F\232\231\241\n\261\333`\312O\367\235\025DD\336e\367\n\312\326\221\037\025\230""; closeTime: 803842810; signature: ""0D\002 W\343\365y\267\207\241\262\2545\223d\235-\215\306\300\003\n\217\235\361\000\372\274\361KY\211,\035o\002 G\207j\260-\357\223\241i\244Sx\256~\177&\224\274\245]\000\311\335tMm\343k}`?\202""; previousledger: ""\220\371c@\017\254\363\\371\340\340VaR\205~^\226\342t\360\022\204d\231\205)\272\364?\361!""; "
1750527610485,1750527610485,0,1,4,1,TMProposeSet,"proposeSeq: 0; currentTxHash: ""\000\000\000\000\000\000\000\000\000\000\000\000\000\000\000\000\000\000\000\000\000\000\000\000\000\000\000\000\000\000\000\000""; nodePubKey: ""\002\364d\217\366\217|\316F\232\231\241\n\261\333`\312O\367\235\025DD\336e\367\n\312\326\221\037\025\230""; closeTime: 803842810; signature: ""0D\002 W\343\365y\267\207\241\262\2545\223d\235-\215\306\300\003\n\217\235\361\000\372\274\361KY\211,\035o\002 G\207j\260-\357\223\241i\244Sx\256~\177&\224\274\245]\000\311\335tMm\343k}`?\202""; previousledger: ""\220\371c@\017\254\363\\371\340\340VaR\205~^\226\342t\360\022\204d\231\205)\272\364?\361!""; ","proposeSeq: 0; currentTxHash: ""\000\000\000\000\000\000\000\000\000\000\000\000\000\000\000\000\000\000\000\000\000\000\000\000\000\000\000\000\000\000\000\000""; nodePubKey: ""\002\364d\217\366\217|\316F\232\231\241\n\261\333`\312O\367\235\025DD\336e\367\n\312\326\221\037\025\230""; closeTime: 803842810; signature: ""0D\002 W\343\365y\267\207\241\262\2545\223d\235-\215\306\300\003\n\217\235\361\000\372\274\361KY\211,\035o\002 G\207j\260-\357\223\241i\244Sx\256~\177&\224\274\245]\000\311\335tMm\343k}`?\202""; previousledger: ""\220\371c@\017\254\363\\371\340\340VaR\205~^\226\342t\360\022\204d\231\205)\272\364?\361!""; "
1750527610485,1750527610485,0,1,4,2,TMProposeSet,"proposeSeq: 0; currentTxHash: ""\000\000\000\000\000\000\000\000\000\000\000\000\000\000\000\000\000\000\000\000\000\000\000\000\000\000\000\000\000\000\000\000""; nodePubKey: ""\002\364d\217\366\217|\316F\232\231\241\n\261\333`\312O\367\235\025DD\336e\367\n\312\326\221\037\025\230""; closeTime: 803842810; signature: ""0D\002 W\343\365y\267\207\241\262\2545\223d\235-\215\306\300\003\n\217\235\361\000\372\274\361KY\211,\035o\002 G\207j\260-\357\223\241i\244Sx\256~\177&\224\274\245]\000\311\335tMm\343k}`?\202""; previousledger: ""\220\371c@\017\254\363\\371\340\340VaR\205~^\226\342t\360\022\204d\231\205)\272\364?\361!""; ","proposeSeq: 0; currentTxHash: ""\000\000\000\000\000\000\000\000\000\000\000\000\000\000\000\000\000\000\000\000\000\000\000\000\000\000\000\000\000\000\000\000""; nodePubKey: ""\002\364d\217\366\217|\316F\232\231\241\n\261\333`\312O\367\235\025DD\336e\367\n\312\326\221\037\025\230""; closeTime: 803842810; signature: ""0D\002 W\343\365y\267\207\241\262\2545\223d\235-\215\306\300\003\n\217\235\361\000\372\274\361KY\211,\035o\002 G\207j\260-\357\223\241i\244Sx\256~\177&\224\274\245]\000\311\335tMm\343k}`?\202""; previousledger: ""\220\371c@\017\254\363\\371\340\340VaR\205~^\226\342t\360\022\204d\231\205)\272\364?\361!""; "
1750527610485,1750527610485,0,1,4,0,TMProposeSet,"proposeSeq: 0; currentTxHash: ""\000\000\000\000\000\000\000\000\000\000\000\000\000\000\000\000\000\000\000\000\000\000\000\000\000\000\000\000\000\000\000\000""; nodePubKey: ""\002\364d\217\366\217|\316F\232\231\241\n\261\333`\312O\367\235\025DD\336e\367\n\312\326\221\037\025\230""; closeTime: 803842810; signature: ""0D\002 W\343\365y\267\207\241\262\2545\223d\235-\215\306\300\003\n\217\235\361\000\372\274\361KY\211,\035o\002 G\207j\260-\357\223\241i\244Sx\256~\177&\224\274\245]\000\311\335tMm\343k}`?\202""; previousledger: ""\220\371c@\017\254\363\\371\340\340VaR\205~^\226\342t\360\022\204d\231\205)\272\364?\361!""; ","proposeSeq: 0; currentTxHash: ""\000\000\000\000\000\000\000\000\000\000\000\000\000\000\000\000\000\000\000\000\000\000\000\000\000\000\000\000\000\000\000\000""; nodePubKey: ""\002\364d\217\366\217|\316F\232\231\241\n\261\333`\312O\367\235\025DD\336e\367\n\312\326\221\037\025\230""; closeTime: 803842810; signature: ""0D\002 W\343\365y\267\207\241\262\2545\223d\235-\215\306\300\003\n\217\235\361\000\372\274\361KY\211,\035o\002 G\207j\260-\357\223\241i\244Sx\256~\177&\224\274\245]\000\311\335tMm\343k}`?\202""; previousledger: ""\220\371c@\017\254\363\\371\340\340VaR\205~^\226\342t\360\022\204d\231\205)\272\364?\361!""; "
1750527610439,1750527610499,0,1,3,4,TMStatusChange,"newEvent: neCLOSING_LEDGER; ledgerSeq: 23; ledgerHash: ""\220\371c@\017\254\363\\371\340\340VaR\205~^\226\342t\360\022\204d\231\205)\272\364?\361!""; ledgerHashPrevious: ""\250\025\373\247\354Tc\304\263\243^\352Gv\\264\261\r\035\226\306\2411\351\233\203\215\200$\231\300f""; networkTime: 803842810; firstSeq: 1; lastSeq: 23; ","newEvent: neCLOSING_LEDGER; ledgerSeq: 23; ledgerHash: ""\220\371c@\017\254\363\\371\340\340VaR\205~^\226\342t\360\022\204d\231\205)\272\364?\361!""; ledgerHashPrevious: ""\250\025\373\247\354Tc\304\263\243^\352Gv\\264\261\r\035\226\306\2411\351\233\203\215\200$\231\300f""; networkTime: 803842810; firstSeq: 1; lastSeq: 23; "
1750527610440,1750527610499,0,1,3,2,TMStatusChange,"newEvent: neCLOSING_LEDGER; ledgerSeq: 23; ledgerHash: ""\220\371c@\017\254\363\\371\340\340VaR\205~^\226\342t\360\022\204d\231\205)\272\364?\361!""; ledgerHashPrevious: ""\250\025\373\247\354Tc\304\263\243^\352Gv\\264\261\r\035\226\306\2411\351\233\203\215\200$\231\300f""; networkTime: 803842810; firstSeq: 1; lastSeq: 23; ","newEvent: neCLOSING_LEDGER; ledgerSeq: 23; ledgerHash: ""\220\371c@\017\254\363\\371\340\340VaR\205~^\226\342t\360\022\204d\231\205)\272\364?\361!""; ledgerHashPrevious: ""\250\025\373\247\354Tc\304\263\243^\352Gv\\264\261\r\035\226\306\2411\351\233\203\215\200$\231\300f""; networkTime: 803842810; firstSeq: 1; lastSeq: 23; "
1750527610440,1750527610499,0,1,3,1,TMStatusChange,"newEvent: neCLOSING_LEDGER; ledgerSeq: 23; ledgerHash: ""\220\371c@\017\254\363\\371\340\340VaR\205~^\226\342t\360\022\204d\231\205)\272\364?\361!""; ledgerHashPrevious: ""\250\025\373\247\354Tc\304\263\243^\352Gv\\264\261\r\035\226\306\2411\351\233\203\215\200$\231\300f""; networkTime: 803842810; firstSeq: 1; lastSeq: 23; ","newEvent: neCLOSING_LEDGER; ledgerSeq: 23; ledgerHash: ""\220\371c@\017\254\363\\371\340\340VaR\205~^\226\342t\360\022\204d\231\205)\272\364?\361!""; ledgerHashPrevious: ""\250\025\373\247\354Tc\304\263\243^\352Gv\\264\261\r\035\226\306\2411\351\233\203\215\200$\231\300f""; networkTime: 803842810; firstSeq: 1; lastSeq: 23; "
1750527610441,1750527610499,0,1,3,0,TMStatusChange,"newEvent: neCLOSING_LEDGER; ledgerSeq: 23; ledgerHash: ""\220\371c@\017\254\363\\371\340\340VaR\205~^\226\342t\360\022\204d\231\205)\272\364?\361!""; ledgerHashPrevious: ""\250\025\373\247\354Tc\304\263\243^\352Gv\\264\261\r\035\226\306\2411\351\233\203\215\200$\231\300f""; networkTime: 803842810; firstSeq: 1; lastSeq: 23; ","newEvent: neCLOSING_LEDGER; ledgerSeq: 23; ledgerHash: ""\220\371c@\017\254\363\\371\340\340VaR\205~^\226\342t\360\022\204d\231\205)\272\364?\361!""; ledgerHashPrevious: ""\250\025\373\247\354Tc\304\263\243^\352Gv\\264\261\r\035\226\306\2411\351\233\203\215\200$\231\300f""; networkTime: 803842810; firstSeq: 1; lastSeq: 23; "
1750527610532,1750527610532,0,1,0,2,TMProposeSet,"proposeSeq: 0; currentTxHash: ""\000\000\000\000\000\000\000\000\000\000\000\000\000\000\000\000\000\000\000\000\000\000\000\000\000\000\000\000\000\000\000\000""; nodePubKey: ""\002\225aM\037\203M\271C\224]$\245\215\334\264;{{\365%Z\2443U\201\242\320iUc\207\367""; closeTime: 803842810; signature: ""0E\002!\000\366\370Kr\251<\262\205'\372xX!QE\335\326\347*\267\331\221\035\266\364\347/F\212VS\327\002 \013\300\253\007\231\334r`Tl\230)\264\314o>%w0&\003\221\347\267\244F\371A\375\376\335\364""; previousledger: ""\036\317\362\371k?\n\305\313\241\300z\276#\260\203\303\374nE\315\340\371\036\277S\310Y\215\205\271\037""; ","proposeSeq: 0; currentTxHash: ""\000\000\000\000\000\000\000\000\000\000\000\000\000\000\000\000\000\000\000\000\000\000\000\000\000\000\000\000\000\000\000\000""; nodePubKey: ""\002\225aM\037\203M\271C\224]$\245\215\334\264;{{\365%Z\2443U\201\242\320iUc\207\367""; closeTime: 803842810; signature: ""0E\002!\000\366\370Kr\251<\262\205'\372xX!QE\335\326\347*\267\331\221\035\266\364\347/F\212VS\327\002 \013\300\253\007\231\334r`Tl\230)\264\314o>%w0&\003\221\347\267\244F\371A\375\376\335\364""; previousledger: ""\036\317\362\371k?\n\305\313\241\300z\276#\260\203\303\374nE\315\340\371\036\277S\310Y\215\205\271\037""; "
1750527610530,1750527610569,0,1,0,4,TMStatusChange,"newEvent: neCLOSING_LEDGER; ledgerSeq: 10; ledgerHash: ""\036\317\362\371k?\n\305\313\241\300z\276#\260\203\303\374nE\315\340\371\036\277S\310Y\215\205\271\037""; ledgerHashPrevious: ""c\021W4\027y\320\003\222Bm\314(t\277ZO\216""""\240\036\343;t\272\036\216\317aR\344""; networkTime: 803842810; firstSeq: 1; lastSeq: 23; ","newEvent: neCLOSING_LEDGER; ledgerSeq: 10; ledgerHash: ""\036\317\362\371k?\n\305\313\241\300z\276#\260\203\303\374nE\315\340\371\036\277S\310Y\215\205\271\037""; ledgerHashPrevious: ""c\021W4\027y\320\003\222Bm\314(t\277ZO\216""""\240\036\343;t\272\036\216\317aR\344""; networkTime: 803842810; firstSeq: 1; lastSeq: 23; "
1750527610531,1750527610570,0,1,0,1,TMStatusChange,"newEvent: neCLOSING_LEDGER; ledgerSeq: 10; ledgerHash: ""\036\317\362\371k?\n\305\313\241\300z\276#\260\203\303\374nE\315\340\371\036\277S\310Y\215\205\271\037""; ledgerHashPrevious: ""c\021W4\027y\320\003\222Bm\314(t\277ZO\216""""\240\036\343;t\272\036\216\317aR\344""; networkTime: 803842810; firstSeq: 1; lastSeq: 23; ","newEvent: neCLOSING_LEDGER; ledgerSeq: 10; ledgerHash: ""\036\317\362\371k?\n\305\313\241\300z\276#\260\203\303\374nE\315\340\371\036\277S\310Y\215\205\271\037""; ledgerHashPrevious: ""c\021W4\027y\320\003\222Bm\314(t\277ZO\216""""\240\036\343;t\272\036\216\317aR\344""; networkTime: 803842810; firstSeq: 1; lastSeq: 23; "
1750527610532,1750527610572,0,1,0,3,TMStatusChange,"newEvent: neCLOSING_LEDGER; ledgerSeq: 10; ledgerHash: ""\036\317\362\371k?\n\305\313\241\300z\276#\260\203\303\374nE\315\340\371\036\277S\310Y\215\205\271\037""; ledgerHashPrevious: ""c\021W4\027y\320\003\222Bm\314(t\277ZO\216""""\240\036\343;t\272\036\216\317aR\344""; networkTime: 803842810; firstSeq: 1; lastSeq: 23; ","newEvent: neCLOSING_LEDGER; ledgerSeq: 10; ledgerHash: ""\036\317\362\371k?\n\305\313\241\300z\276#\260\203\303\374nE\315\340\371\036\277S\310Y\215\205\271\037""; ledgerHashPrevious: ""c\021W4\027y\320\003\222Bm\314(t\277ZO\216""""\240\036\343;t\272\036\216\317aR\344""; networkTime: 803842810; firstSeq: 1; lastSeq: 23; "
1750527610532,1750527610572,0,1,0,2,TMStatusChange,"newEvent: neCLOSING_LEDGER; ledgerSeq: 10; ledgerHash: ""\036\317\362\371k?\n\305\313\241\300z\276#\260\203\303\374nE\315\340\371\036\277S\310Y\215\205\271\037""; ledgerHashPrevious: ""c\021W4\027y\320\003\222Bm\314(t\277ZO\216""""\240\036\343;t\272\036\216\317aR\344""; networkTime: 803842810; firstSeq: 1; lastSeq: 23; ","newEvent: neCLOSING_LEDGER; ledgerSeq: 10; ledgerHash: ""\036\317\362\371k?\n\305\313\241\300z\276#\260\203\303\374nE\315\340\371\036\277S\310Y\215\205\271\037""; ledgerHashPrevious: ""c\021W4\027y\320\003\222Bm\314(t\277ZO\216""""\240\036\343;t\272\036\216\317aR\344""; networkTime: 803842810; firstSeq: 1; lastSeq: 23; "
1750527610575,1750527610575,0,1,0,4,TMProposeSet,"proposeSeq: 0; currentTxHash: ""\000\000\000\000\000\000\000\000\000\000\000\000\000\000\000\000\000\000\000\000\000\000\000\000\000\000\000\000\000\000\000\000""; nodePubKey: ""\002\225aM\037\203M\271C\224]$\245\215\334\264;{{\365%Z\2443U\201\242\320iUc\207\367""; closeTime: 803842810; signature: ""0E\002!\000\366\370Kr\251<\262\205'\372xX!QE\335\326\347*\267\331\221\035\266\364\347/F\212VS\327\002 \013\300\253\007\231\334r`Tl\230)\264\314o>%w0&\003\221\347\267\244F\371A\375\376\335\364""; previousledger: ""\036\317\362\371k?\n\305\313\241\300z\276#\260\203\303\374nE\315\340\371\036\277S\310Y\215\205\271\037""; ","proposeSeq: 0; currentTxHash: ""\000\000\000\000\000\000\000\000\000\000\000\000\000\000\000\000\000\000\000\000\000\000\000\000\000\000\000\000\000\000\000\000""; nodePubKey: ""\002\225aM\037\203M\271C\224]$\245\215\334\264;{{\365%Z\2443U\201\242\320iUc\207\367""; closeTime: 803842810; signature: ""0E\002!\000\366\370Kr\251<\262\205'\372xX!QE\335\326\347*\267\331\221\035\266\364\347/F\212VS\327\002 \013\300\253\007\231\334r`Tl\230)\264\314o>%w0&\003\221\347\267\244F\371A\375\376\335\364""; previousledger: ""\036\317\362\371k?\n\305\313\241\300z\276#\260\203\303\374nE\315\340\371\036\277S\310Y\215\205\271\037""; "
1750527610575,1750527610575,0,1,0,3,TMProposeSet,"proposeSeq: 0; currentTxHash: ""\000\000\000\000\000\000\000\000\000\000\000\000\000\000\000\000\000\000\000\000\000\000\000\000\000\000\000\000\000\000\000\000""; nodePubKey: ""\002\225aM\037\203M\271C\224]$\245\215\334\264;{{\365%Z\2443U\201\242\320iUc\207\367""; closeTime: 803842810; signature: ""0E\002!\000\366\370Kr\251<\262\205'\372xX!QE\335\326\347*\267\331\221\035\266\364\347/F\212VS\327\002 \013\300\253\007\231\334r`Tl\230)\264\314o>%w0&\003\221\347\267\244F\371A\375\376\335\364""; previousledger: ""\036\317\362\371k?\n\305\313\241\300z\276#\260\203\303\374nE\315\340\371\036\277S\310Y\215\205\271\037""; ","proposeSeq: 0; currentTxHash: ""\000\000\000\000\000\000\000\000\000\000\000\000\000\000\000\000\000\000\000\000\000\000\000\000\000\000\000\000\000\000\000\000""; nodePubKey: ""\002\225aM\037\203M\271C\224]$\245\215\334\264;{{\365%Z\2443U\201\242\320iUc\207\367""; closeTime: 803842810; signature: ""0E\002!\000\366\370Kr\251<\262\205'\372xX!QE\335\326\347*\267\331\221\035\266\364\347/F\212VS\327\002 \013\300\253\007\231\334r`Tl\230)\264\314o>%w0&\003\221\347\267\244F\371A\375\376\335\364""; previousledger: ""\036\317\362\371k?\n\305\313\241\300z\276#\260\203\303\374nE\315\340\371\036\277S\310Y\215\205\271\037""; "
1750527610576,1750527610576,0,1,0,1,TMProposeSet,"proposeSeq: 0; currentTxHash: ""\000\000\000\000\000\000\000\000\000\000\000\000\000\000\000\000\000\000\000\000\000\000\000\000\000\000\000\000\000\000\000\000""; nodePubKey: ""\002\225aM\037\203M\271C\224]$\245\215\334\264;{{\365%Z\2443U\201\242\320iUc\207\367""; closeTime: 803842810; signature: ""0E\002!\000\366\370Kr\251<\262\205'\372xX!QE\335\326\347*\267\331\221\035\266\364\347/F\212VS\327\002 \013\300\253\007\231\334r`Tl\230)\264\314o>%w0&\003\221\347\267\244F\371A\375\376\335\364""; previousledger: ""\036\317\362\371k?\n\305\313\241\300z\276#\260\203\303\374nE\315\340\371\036\277S\310Y\215\205\271\037""; ","proposeSeq: 0; currentTxHash: ""\000\000\000\000\000\000\000\000\000\000\000\000\000\000\000\000\000\000\000\000\000\000\000\000\000\000\000\000\000\000\000\000""; nodePubKey: ""\002\225aM\037\203M\271C\224]$\245\215\334\264;{{\365%Z\2443U\201\242\320iUc\207\367""; closeTime: 803842810; signature: ""0E\002!\000\366\370Kr\251<\262\205'\372xX!QE\335\326\347*\267\331\221\035\266\364\347/F\212VS\327\002 \013\300\253\007\231\334r`Tl\230)\264\314o>%w0&\003\221\347\267\244F\371A\375\376\335\364""; previousledger: ""\036\317\362\371k?\n\305\313\241\300z\276#\260\203\303\374nE\315\340\371\036\277S\310Y\215\205\271\037""; "
1750527610603,1750527610603,0,1,4,2,TMProposeSet,"proposeSeq: 0; currentTxHash: ""\000\000\000\000\000\000\000\000\000\000\000\000\000\000\000\000\000\000\000\000\000\000\000\000\000\000\000\000\000\000\000\000""; nodePubKey: ""\003R7o\362bV\300hf\266\241;}\200^\374\240\203[:\342Q\225\221\027y\372\255\235\216\323~""; closeTime: 803842810; signature: ""0D\002 g'\202\325l\213\226\2266\313""\271\004\244~\016\213\034]\3779\250?\235\220A\324i\233\241\353=\002 s]\367+0\024&M\256\3106|#\220\020\2371\236\242\317\\273XZ\333\244y\231\206uZ\326""; previousledger: ""\220\371c@\017\254\363\\371\340\340VaR\205~^\226\342t\360\022\204d\231\205)\272\364?\361!""; ","proposeSeq: 0; currentTxHash: ""\000\000\000\000\000\000\000\000\000\000\000\000\000\000\000\000\000\000\000\000\000\000\000\000\000\000\000\000\000\000\000\000""; nodePubKey: ""\003R7o\362bV\300hf\266\241;}\200^\374\240\203[:\342Q\225\221\027y\372\255\235\216\323~""; closeTime: 803842810; signature: ""0D\002 g'\202\325l\213\226\2266\313""\271\004\244~\016\213\034]\3779\250?\235\220A\324i\233\241\353=\002 s]\367+0\024&M\256\3106|#\220\020\2371\236\242\317\\273XZ\333\244y\231\206uZ\326""; previousledger: ""\220\371c@\017\254\363\\371\340\340VaR\205~^\226\342t\360\022\204d\231\205)\272\364?\361!""; "
1750527610605,1750527610605,0,1,4,3,TMProposeSet,"proposeSeq: 0; currentTxHash: ""\000\000\000\000\000\000\000\000\000\000\000\000\000\000\000\000\000\000\000\000\000\000\000\000\000\000\000\000\000\000\000\000""; nodePubKey: ""\003R7o\362bV\300hf\266\241;}\200^\374\240\203[:\342Q\225\221\027y\372\255\235\216\323~""; closeTime: 803842810; signature: ""0D\002 g'\202\325l\213\226\2266\313""\271\004\244~\016\213\034]\3779\250?\235\220A\324i\233\241\353=\002 s]\367+0\024&M\256\3106|#\220\020\2371\236\242\317\\273XZ\333\244y\231\206uZ\326""; previousledger: ""\220\371c@\017\254\363\\371\340\340VaR\205~^\226\342t\360\022\204d\231\205)\272\364?\361!""; ","proposeSeq: 0; currentTxHash: ""\000\000\000\000\000\000\000\000\000\000\000\000\000\000\000\000\000\000\000\000\000\000\000\000\000\000\000\000\000\000\000\000""; nodePubKey: ""\003R7o\362bV\300hf\266\241;}\200^\374\240\203[:\342Q\225\221\027y\372\255\235\216\323~""; closeTime: 803842810; signature: ""0D\002 g'\202\325l\213\226\2266\313""\271\004\244~\016\213\034]\3779\250?\235\220A\324i\233\241\353=\002 s]\367+0\024&M\256\3106|#\220\020\2371\236\242\317\\273XZ\333\244y\231\206uZ\326""; previousledger: ""\220\371c@\017\254\363\\371\340\340VaR\205~^\226\342t\360\022\204d\231\205)\272\364?\361!""; "
1750527610605,1750527610605,0,1,4,0,TMProposeSet,"proposeSeq: 0; currentTxHash: ""\000\000\000\000\000\000\000\000\000\000\000\000\000\000\000\000\000\000\000\000\000\000\000\000\000\000\000\000\000\000\000\000""; nodePubKey: ""\003R7o\362bV\300hf\266\241;}\200^\374\240\203[:\342Q\225\221\027y\372\255\235\216\323~""; closeTime: 803842810; signature: ""0D\002 g'\202\325l\213\226\2266\313""\271\004\244~\016\213\034]\3779\250?\235\220A\324i\233\241\353=\002 s]\367+0\024&M\256\3106|#\220\020\2371\236\242\317\\273XZ\333\244y\231\206uZ\326""; previousledger: ""\220\371c@\017\254\363\\371\340\340VaR\205~^\226\342t\360\022\204d\231\205)\272\364?\361!""; ","proposeSeq: 0; currentTxHash: ""\000\000\000\000\000\000\000\000\000\000\000\000\000\000\000\000\000\000\000\000\000\000\000\000\000\000\000\000\000\000\000\000""; nodePubKey: ""\003R7o\362bV\300hf\266\241;}\200^\374\240\203[:\342Q\225\221\027y\372\255\235\216\323~""; closeTime: 803842810; signature: ""0D\002 g'\202\325l\213\226\2266\313""\271\004\244~\016\213\034]\3779\250?\235\220A\324i\233\241\353=\002 s]\367+0\024&M\256\3106|#\220\020\2371\236\242\317\\273XZ\333\244y\231\206uZ\326""; previousledger: ""\220\371c@\017\254\363\\371\340\340VaR\205~^\226\342t\360\022\204d\231\205)\272\364?\361!""; "
1750527610608,1750527610608,0,1,3,1,TMProposeSet,"proposeSeq: 0; currentTxHash: ""\000\000\000\000\000\000\000\000\000\000\000\000\000\000\000\000\000\000\000\000\000\000\000\000\000\000\000\000\000\000\000\000""; nodePubKey: ""\003R7o\362bV\300hf\266\241;}\200^\374\240\203[:\342Q\225\221\027y\372\255\235\216\323~""; closeTime: 803842810; signature: ""0D\002 g'\202\325l\213\226\2266\313""\271\004\244~\016\213\034]\3779\250?\235\220A\324i\233\241\353=\002 s]\367+0\024&M\256\3106|#\220\020\2371\236\242\317\\273XZ\333\244y\231\206uZ\326""; previousledger: ""\220\371c@\017\254\363\\371\340\340VaR\205~^\226\342t\360\022\204d\231\205)\272\364?\361!""; ","proposeSeq: 0; currentTxHash: ""\000\000\000\000\000\000\000\000\000\000\000\000\000\000\000\000\000\000\000\000\000\000\000\000\000\000\000\000\000\000\000\000""; nodePubKey: ""\003R7o\362bV\300hf\266\241;}\200^\374\240\203[:\342Q\225\221\027y\372\255\235\216\323~""; closeTime: 803842810; signature: ""0D\002 g'\202\325l\213\226\2266\313""\271\004\244~\016\213\034]\3779\250?\235\220A\324i\233\241\353=\002 s]\367+0\024&M\256\3106|#\220\020\2371\236\242\317\\273XZ\333\244y\231\206uZ\326""; previousledger: ""\220\371c@\017\254\363\\371\340\340VaR\205~^\226\342t\360\022\204d\231\205)\272\364?\361!""; "
1750527610609,1750527610609,0,1,3,0,TMProposeSet,"proposeSeq: 0; currentTxHash: ""\000\000\000\000\000\000\000\000\000\000\000\000\000\000\000\000\000\000\000\000\000\000\000\000\000\000\000\000\000\000\000\000""; nodePubKey: ""\003R7o\362bV\300hf\266\241;}\200^\374\240\203[:\342Q\225\221\027y\372\255\235\216\323~""; closeTime: 803842810; signature: ""0D\002 g'\202\325l\213\226\2266\313""\271\004\244~\016\213\034]\3779\250?\235\220A\324i\233\241\353=\002 s]\367+0\024&M\256\3106|#\220\020\2371\236\242\317\\273XZ\333\244y\231\206uZ\326""; previousledger: ""\220\371c@\017\254\363\\371\340\340VaR\205~^\226\342t\360\022\204d\231\205)\272\364?\361!""; ","proposeSeq: 0; currentTxHash: ""\000\000\000\000\000\000\000\000\000\000\000\000\000\000\000\000\000\000\000\000\000\000\000\000\000\000\000\000\000\000\000\000""; nodePubKey: ""\003R7o\362bV\300hf\266\241;}\200^\374\240\203[:\342Q\225\221\027y\372\255\235\216\323~""; closeTime: 803842810; signature: ""0D\002 g'\202\325l\213\226\2266\313""\271\004\244~\016\213\034]\3779\250?\235\220A\324i\233\241\353=\002 s]\367+0\024&M\256\3106|#\220\020\2371\236\242\317\\273XZ\333\244y\231\206uZ\326""; previousledger: ""\220\371c@\017\254\363\\371\340\340VaR\205~^\226\342t\360\022\204d\231\205)\272\364?\361!""; "
1750527610607,1750527610607,0,1,4,1,TMProposeSet,"proposeSeq: 0; currentTxHash: ""\000\000\000\000\000\000\000\000\000\000\000\000\000\000\000\000\000\000\000\000\000\000\000\000\000\000\000\000\000\000\000\000""; nodePubKey: ""\003R7o\362bV\300hf\266\241;}\200^\374\240\203[:\342Q\225\221\027y\372\255\235\216\323~""; closeTime: 803842810; signature: ""0D\002 g'\202\325l\213\226\2266\313""\271\004\244~\016\213\034]\3779\250?\235\220A\324i\233\241\353=\002 s]\367+0\024&M\256\3106|#\220\020\2371\236\242\317\\273XZ\333\244y\231\206uZ\326""; previousledger: ""\220\371c@\017\254\363\\371\340\340VaR\205~^\226\342t\360\022\204d\231\205)\272\364?\361!""; ","proposeSeq: 0; currentTxHash: ""\000\000\000\000\000\000\000\000\000\000\000\000\000\000\000\000\000\000\000\000\000\000\000\000\000\000\000\000\000\000\000\000""; nodePubKey: ""\003R7o\362bV\300hf\266\241;}\200^\374\240\203[:\342Q\225\221\027y\372\255\235\216\323~""; closeTime: 803842810; signature: ""0D\002 g'\202\325l\213\226\2266\313""\271\004\244~\016\213\034]\3779\250?\235\220A\324i\233\241\353=\002 s]\367+0\024&M\256\3106|#\220\020\2371\236\242\317\\273XZ\333\244y\231\206uZ\326""; previousledger: ""\220\371c@\017\254\363\\371\340\340VaR\205~^\226\342t\360\022\204d\231\205)\272\364?\361!""; "
1750527610608,1750527610608,0,1,3,2,TMProposeSet,"proposeSeq: 0; currentTxHash: ""\000\000\000\000\000\000\000\000\000\000\000\000\000\000\000\000\000\000\000\000\000\000\000\000\000\000\000\000\000\000\000\000""; nodePubKey: ""\003R7o\362bV\300hf\266\241;}\200^\374\240\203[:\342Q\225\221\027y\372\255\235\216\323~""; closeTime: 803842810; signature: ""0D\002 g'\202\325l\213\226\2266\313""\271\004\244~\016\213\034]\3779\250?\235\220A\324i\233\241\353=\002 s]\367+0\024&M\256\3106|#\220\020\2371\236\242\317\\273XZ\333\244y\231\206uZ\326""; previousledger: ""\220\371c@\017\254\363\\371\340\340VaR\205~^\226\342t\360\022\204d\231\205)\272\364?\361!""; ","proposeSeq: 0; currentTxHash: ""\000\000\000\000\000\000\000\000\000\000\000\000\000\000\000\000\000\000\000\000\000\000\000\000\000\000\000\000\000\000\000\000""; nodePubKey: ""\003R7o\362bV\300hf\266\241;}\200^\374\240\203[:\342Q\225\221\027y\372\255\235\216\323~""; closeTime: 803842810; signature: ""0D\002 g'\202\325l\213\226\2266\313""\271\004\244~\016\213\034]\3779\250?\235\220A\324i\233\241\353=\002 s]\367+0\024&M\256\3106|#\220\020\2371\236\242\317\\273XZ\333\244y\231\206uZ\326""; previousledger: ""\220\371c@\017\254\363\\371\340\340VaR\205~^\226\342t\360\022\204d\231\205)\272\364?\361!""; "
1750527610604,1750527610643,0,1,4,2,TMStatusChange,"newEvent: neCLOSING_LEDGER; ledgerSeq: 23; ledgerHash: ""\220\371c@\017\254\363\\371\340\340VaR\205~^\226\342t\360\022\204d\231\205)\272\364?\361!""; ledgerHashPrevious: ""\250\025\373\247\354Tc\304\263\243^\352Gv\\264\261\r\035\226\306\2411\351\233\203\215\200$\231\300f""; networkTime: 803842810; firstSeq: 1; lastSeq: 23; ","newEvent: neCLOSING_LEDGER; ledgerSeq: 23; ledgerHash: ""\220\371c@\017\254\363\\371\340\340VaR\205~^\226\342t\360\022\204d\231\205)\272\364?\361!""; ledgerHashPrevious: ""\250\025\373\247\354Tc\304\263\243^\352Gv\\264\261\r\035\226\306\2411\351\233\203\215\200$\231\300f""; networkTime: 803842810; firstSeq: 1; lastSeq: 23; "
1750527610605,1750527610644,0,1,4,3,TMStatusChange,"newEvent: neCLOSING_LEDGER; ledgerSeq: 23; ledgerHash: ""\220\371c@\017\254\363\\371\340\340VaR\205~^\226\342t\360\022\204d\231\205)\272\364?\361!""; ledgerHashPrevious: ""\250\025\373\247\354Tc\304\263\243^\352Gv\\264\261\r\035\226\306\2411\351\233\203\215\200$\231\300f""; networkTime: 803842810; firstSeq: 1; lastSeq: 23; ","newEvent: neCLOSING_LEDGER; ledgerSeq: 23; ledgerHash: ""\220\371c@\017\254\363\\371\340\340VaR\205~^\226\342t\360\022\204d\231\205)\272\364?\361!""; ledgerHashPrevious: ""\250\025\373\247\354Tc\304\263\243^\352Gv\\264\261\r\035\226\306\2411\351\233\203\215\200$\231\300f""; networkTime: 803842810; firstSeq: 1; lastSeq: 23; "
1750527610606,1750527610645,0,1,4,0,TMStatusChange,"newEvent: neCLOSING_LEDGER; ledgerSeq: 23; ledgerHash: ""\220\371c@\017\254\363\\371\340\340VaR\205~^\226\342t\360\022\204d\231\205)\272\364?\361!""; ledgerHashPrevious: ""\250\025\373\247\354Tc\304\263\243^\352Gv\\264\261\r\035\226\306\2411\351\233\203\215\200$\231\300f""; networkTime: 803842810; firstSeq: 1; lastSeq: 23; ","newEvent: neCLOSING_LEDGER; ledgerSeq: 23; ledgerHash: ""\220\371c@\017\254\363\\371\340\340VaR\205~^\226\342t\360\022\204d\231\205)\272\364?\361!""; ledgerHashPrevious: ""\250\025\373\247\354Tc\304\263\243^\352Gv\\264\261\r\035\226\306\2411\351\233\203\215\200$\231\300f""; networkTime: 803842810; firstSeq: 1; lastSeq: 23; "
1750527610607,1750527610645,0,1,4,1,TMStatusChange,"newEvent: neCLOSING_LEDGER; ledgerSeq: 23; ledgerHash: ""\220\371c@\017\254\363\\371\340\340VaR\205~^\226\342t\360\022\204d\231\205)\272\364?\361!""; ledgerHashPrevious: ""\250\025\373\247\354Tc\304\263\243^\352Gv\\264\261\r\035\226\306\2411\351\233\203\215\200$\231\300f""; networkTime: 803842810; firstSeq: 1; lastSeq: 23; ","newEvent: neCLOSING_LEDGER; ledgerSeq: 23; ledgerHash: ""\220\371c@\017\254\363\\371\340\340VaR\205~^\226\342t\360\022\204d\231\205)\272\364?\361!""; ledgerHashPrevious: ""\250\025\373\247\354Tc\304\263\243^\352Gv\\264\261\r\035\226\306\2411\351\233\203\215\200$\231\300f""; networkTime: 803842810; firstSeq: 1; lastSeq: 23; "
1750527610646,1750527610646,0,1,2,4,TMProposeSet,"proposeSeq: 0; currentTxHash: ""\000\000\000\000\000\000\000\000\000\000\000\000\000\000\000\000\000\000\000\000\000\000\000\000\000\000\000\000\000\000\000\000""; nodePubKey: ""\003\255\225A\213\332\224ehh\024BDq\224\250\335`\355\353{\357\266\335<\021\032\265\177\206\356&\215""; closeTime: 803842810; signature: ""0E\002!\000\2206\303:$lR\007\340h\345\013\233+\177\016\023\273\216\004\330\024\.\027\243\345\254\355\013iV\002 u\207d#3$ \375m/\351]\254\/)\0301""\036J\023\010 \2434\247\305I}\202\346""; previousledger: ""Q\027L\376}m\030\320\337\2266^+\340\370P\272\314\232\3371\327\027Ejgq<\303\367\244\236""; ","proposeSeq: 0; currentTxHash: ""\000\000\000\000\000\000\000\000\000\000\000\000\000\000\000\000\000\000\000\000\000\000\000\000\000\000\000\000\000\000\000\000""; nodePubKey: ""\003\255\225A\213\332\224ehh\024BDq\224\250\335`\355\353{\357\266\335<\021\032\265\177\206\356&\215""; closeTime: 803842810; signature: ""0E\002!\000\2206\303:$lR\007\340h\345\013\233+\177\016\023\273\216\004\330\024\.\027\243\345\254\355\013iV\002 u\207d#3$ \375m/\351]\254\/)\0301""\036J\023\010 \2434\247\305I}\202\346""; previousledger: ""Q\027L\376}m\030\320\337\2266^+\340\370P\272\314\232\3371\327\027Ejgq<\303\367\244\236""; "
1750527610662,1750527610662,0,1,2,3,TMProposeSet,"proposeSeq: 0; currentTxHash: ""\000\000\000\000\000\000\000\000\000\000\000\000\000\000\000\000\000\000\000\000\000\000\000\000\000\000\000\000\000\000\000\000""; nodePubKey: ""\003\255\225A\213\332\224ehh\024BDq\224\250\335`\355\353{\357\266\335<\021\032\265\177\206\356&\215""; closeTime: 803842810; signature: ""0E\002!\000\2206\303:$lR\007\340h\345\013\233+\177\016\023\273\216\004\330\024\.\027\243\345\254\355\013iV\002 u\207d#3$ \375m/\351]\254\/)\0301""\036J\023\010 \2434\247\305I}\202\346""; previousledger: ""Q\027L\376}m\030\320\337\2266^+\340\370P\272\314\232\3371\327\027Ejgq<\303\367\244\236""; ","proposeSeq: 0; currentTxHash: ""\000\000\000\000\000\000\000\000\000\000\000\000\000\000\000\000\000\000\000\000\000\000\000\000\000\000\000\000\000\000\000\000""; nodePubKey: ""\003\255\225A\213\332\224ehh\024BDq\224\250\335`\355\353{\357\266\335<\021\032\265\177\206\356&\215""; closeTime: 803842810; signature: ""0E\002!\000\2206\303:$lR\007\340h\345\013\233+\177\016\023\273\216\004\330\024\.\027\243\345\254\355\013iV\002 u\207d#3$ \375m/\351]\254\/)\0301""\036J\023\010 \2434\247\305I}\202\346""; previousledger: ""Q\027L\376}m\030\320\337\2266^+\340\370P\272\314\232\3371\327\027Ejgq<\303\367\244\236""; "
1750527610663,1750527610663,0,1,2,0,TMProposeSet,"proposeSeq: 0; currentTxHash: ""\000\000\000\000\000\000\000\000\000\000\000\000\000\000\000\000\000\000\000\000\000\000\000\000\000\000\000\000\000\000\000\000""; nodePubKey: ""\003\255\225A\213\332\224ehh\024BDq\224\250\335`\355\353{\357\266\335<\021\032\265\177\206\356&\215""; closeTime: 803842810; signature: ""0E\002!\000\2206\303:$lR\007\340h\345\013\233+\177\016\023\273\216\004\330\024\.\027\243\345\254\355\013iV\002 u\207d#3$ \375m/\351]\254\/)\0301""\036J\023\010 \2434\247\305I}\202\346""; previousledger: ""Q\027L\376}m\030\320\337\2266^+\340\370P\272\314\232\3371\327\027Ejgq<\303\367\244\236""; ","proposeSeq: 0; currentTxHash: ""\000\000\000\000\000\000\000\000\000\000\000\000\000\000\000\000\000\000\000\000\000\000\000\000\000\000\000\000\000\000\000\000""; nodePubKey: ""\003\255\225A\213\332\224ehh\024BDq\224\250\335`\355\353{\357\266\335<\021\032\265\177\206\356&\215""; closeTime: 803842810; signature: ""0E\002!\000\2206\303:$lR\007\340h\345\013\233+\177\016\023\273\216\004\330\024\.\027\243\345\254\355\013iV\002 u\207d#3$ \375m/\351]\254\/)\0301""\036J\023\010 \2434\247\305I}\202\346""; previousledger: ""Q\027L\376}m\030\320\337\2266^+\340\370P\272\314\232\3371\327\027Ejgq<\303\367\244\236""; "
1750527610663,1750527610663,0,1,2,1,TMProposeSet,"proposeSeq: 0; currentTxHash: ""\000\000\000\000\000\000\000\000\000\000\000\000\000\000\000\000\000\000\000\000\000\000\000\000\000\000\000\000\000\000\000\000""; nodePubKey: ""\003\255\225A\213\332\224ehh\024BDq\224\250\335`\355\353{\357\266\335<\021\032\265\177\206\356&\215""; closeTime: 803842810; signature: ""0E\002!\000\2206\303:$lR\007\340h\345\013\233+\177\016\023\273\216\004\330\024\.\027\243\345\254\355\013iV\002 u\207d#3$ \375m/\351]\254\/)\0301""\036J\023\010 \2434\247\305I}\202\346""; previousledger: ""Q\027L\376}m\030\320\337\2266^+\340\370P\272\314\232\3371\327\027Ejgq<\303\367\244\236""; ","proposeSeq: 0; currentTxHash: ""\000\000\000\000\000\000\000\000\000\000\000\000\000\000\000\000\000\000\000\000\000\000\000\000\000\000\000\000\000\000\000\000""; nodePubKey: ""\003\255\225A\213\332\224ehh\024BDq\224\250\335`\355\353{\357\266\335<\021\032\265\177\206\356&\215""; closeTime: 803842810; signature: ""0E\002!\000\2206\303:$lR\007\340h\345\013\233+\177\016\023\273\216\004\330\024\.\027\243\345\254\355\013iV\002 u\207d#3$ \375m/\351]\254\/)\0301""\036J\023\010 \2434\247\305I}\202\346""; previousledger: ""Q\027L\376}m\030\320\337\2266^+\340\370P\272\314\232\3371\327\027Ejgq<\303\367\244\236""; "
1750527610619,1750527610720,0,1,2,4,TMStatusChange,"newEvent: neCLOSING_LEDGER; ledgerSeq: 10; ledgerHash: ""Q\027L\376}m\030\320\337\2266^+\340\370P\272\314\232\3371\327\027Ejgq<\303\367\244\236""; ledgerHashPrevious: ""\254\016Y2T\325\302;\374(S\200\340k\2629</\343\247r\307\330\025\371\201[\232\275\310G\326""; networkTime: 803842810; firstSeq: 1; lastSeq: 23; ","newEvent: neCLOSING_LEDGER; ledgerSeq: 10; ledgerHash: ""Q\027L\376}m\030\320\337\2266^+\340\370P\272\314\232\3371\327\027Ejgq<\303\367\244\236""; ledgerHashPrevious: ""\254\016Y2T\325\302;\374(S\200\340k\2629</\343\247r\307\330\025\371\201[\232\275\310G\326""; networkTime: 803842810; firstSeq: 1; lastSeq: 23; "
1750527610619,1750527610721,0,1,2,3,TMStatusChange,"newEvent: neCLOSING_LEDGER; ledgerSeq: 10; ledgerHash: ""Q\027L\376}m\030\320\337\2266^+\340\370P\272\314\232\3371\327\027Ejgq<\303\367\244\236""; ledgerHashPrevious: ""\254\016Y2T\325\302;\374(S\200\340k\2629</\343\247r\307\330\025\371\201[\232\275\310G\326""; networkTime: 803842810; firstSeq: 1; lastSeq: 23; ","newEvent: neCLOSING_LEDGER; ledgerSeq: 10; ledgerHash: ""Q\027L\376}m\030\320\337\2266^+\340\370P\272\314\232\3371\327\027Ejgq<\303\367\244\236""; ledgerHashPrevious: ""\254\016Y2T\325\302;\374(S\200\340k\2629</\343\247r\307\330\025\371\201[\232\275\310G\326""; networkTime: 803842810; firstSeq: 1; lastSeq: 23; "
1750527610619,1750527610720,0,1,2,0,TMStatusChange,"newEvent: neCLOSING_LEDGER; ledgerSeq: 10; ledgerHash: ""Q\027L\376}m\030\320\337\2266^+\340\370P\272\314\232\3371\327\027Ejgq<\303\367\244\236""; ledgerHashPrevious: ""\254\016Y2T\325\302;\374(S\200\340k\2629</\343\247r\307\330\025\371\201[\232\275\310G\326""; networkTime: 803842810; firstSeq: 1; lastSeq: 23; ","newEvent: neCLOSING_LEDGER; ledgerSeq: 10; ledgerHash: ""Q\027L\376}m\030\320\337\2266^+\340\370P\272\314\232\3371\327\027Ejgq<\303\367\244\236""; ledgerHashPrevious: ""\254\016Y2T\325\302;\374(S\200\340k\2629</\343\247r\307\330\025\371\201[\232\275\310G\326""; networkTime: 803842810; firstSeq: 1; lastSeq: 23; "
1750527610619,1750527610720,0,1,2,1,TMStatusChange,"newEvent: neCLOSING_LEDGER; ledgerSeq: 10; ledgerHash: ""Q\027L\376}m\030\320\337\2266^+\340\370P\272\314\232\3371\327\027Ejgq<\303\367\244\236""; ledgerHashPrevious: ""\254\016Y2T\325\302;\374(S\200\340k\2629</\343\247r\307\330\025\371\201[\232\275\310G\326""; networkTime: 803842810; firstSeq: 1; lastSeq: 23; ","newEvent: neCLOSING_LEDGER; ledgerSeq: 10; ledgerHash: ""Q\027L\376}m\030\320\337\2266^+\340\370P\272\314\232\3371\327\027Ejgq<\303\367\244\236""; ledgerHashPrevious: ""\254\016Y2T\325\302;\374(S\200\340k\2629</\343\247r\307\330\025\371\201[\232\275\310G\326""; networkTime: 803842810; firstSeq: 1; lastSeq: 23; "
1750527612450,1750527612450,0,1,3,2,TMValidation,"validation: """"\200\000\000\001&\000\000\000\030)/\351\252\374:p\210\265\307-\212\200\004Q\334\331\315\254\230\rBG\314\023\246\244=\351\177\254\302b&\276+H;0\312\021&\275\036\237\350RP\027\000\000\000\000\000\000\000\000\000\000\000\000\000\000\000\000\000\000\000\000\000\000\000\000\000\000\000\000\000\000\000\000P\031\220\371c@\017\254\363\\371\340\340VaR\205~^\226\342t\360\022\204d\231\205)\272\364?\361!s!\002\364d\217\366\217|\316F\232\231\241\n\261\333`\312O\367\235\025DD\336e\367\n\312\326\221\037\025\230vF0D\002 ~y8A\272\201?\327\341\3171\215\370\245\353.M\310\005\031\005OJd0\375p\235\203U\371\232\002 s\201\325<\307\014E g_%HZ|\256#\341\257\346\307=\320C\343.\312|\276\007\212\334/""; ","validation: """"\200\000\000\001&\000\000\000\030)/\351\252\374:p\210\265\307-\212\200\004Q\334\331\315\254\230\rBG\314\023\246\244=\351\177\254\302b&\276+H;0\312\021&\275\036\237\350RP\027\000\000\000\000\000\000\000\000\000\000\000\000\000\000\000\000\000\000\000\000\000\000\000\000\000\000\000\000\000\000\000\000P\031\220\371c@\017\254\363\\371\340\340VaR\205~^\226\342t\360\022\204d\231\205)\272\364?\361!s!\002\364d\217\366\217|\316F\232\231\241\n\261\333`\312O\367\235\025DD\336e\367\n\312\326\221\037\025\230vF0D\002 ~y8A\272\201?\327\341\3171\215\370\245\353.M\310\005\031\005OJd0\375p\235\203U\371\232\002 s\201\325<\307\014E g_%HZ|\256#\341\257\346\307=\320C\343.\312|\276\007\212\334/""; "
1750527612452,1750527612452,0,1,3,0,TMValidation,"validation: """"\200\000\000\001&\000\000\000\030)/\351\252\374:p\210\265\307-\212\200\004Q\334\331\315\254\230\rBG\314\023\246\244=\351\177\254\302b&\276+H;0\312\021&\275\036\237\350RP\027\000\000\000\000\000\000\000\000\000\000\000\000\000\000\000\000\000\000\000\000\000\000\000\000\000\000\000\000\000\000\000\000P\031\220\371c@\017\254\363\\371\340\340VaR\205~^\226\342t\360\022\204d\231\205)\272\364?\361!s!\002\364d\217\366\217|\316F\232\231\241\n\261\333`\312O\367\235\025DD\336e\367\n\312\326\221\037\025\230vF0D\002 ~y8A\272\201?\327\341\3171\215\370\245\353.M\310\005\031\005OJd0\375p\235\203U\371\232\002 s\201\325<\307\014E g_%HZ|\256#\341\257\346\307=\320C\343.\312|\276\007\212\334/""; ","validation: """"\200\000\000\001&\000\000\000\030)/\351\252\374:p\210\265\307-\212\200\004Q\334\331\315\254\230\rBG\314\023\246\244=\351\177\254\302b&\276+H;0\312\021&\275\036\237\350RP\027\000\000\000\000\000\000\000\000\000\000\000\000\000\000\000\000\000\000\000\000\000\000\000\000\000\000\000\000\000\000\000\000P\031\220\371c@\017\254\363\\371\340\340VaR\205~^\226\342t\360\022\204d\231\205)\272\364?\361!s!\002\364d\217\366\217|\316F\232\231\241\n\261\333`\312O\367\235\025DD\336e\367\n\312\326\221\037\025\230vF0D\002 ~y8A\272\201?\327\341\3171\215\370\245\353.M\310\005\031\005OJd0\375p\235\203U\371\232\002 s\201\325<\307\014E g_%HZ|\256#\341\257\346\307=\320C\343.\312|\276\007\212\334/""; "
1750527612452,1750527612453,0,1,3,0,TMStatusChange,"newEvent: neACCEPTED_LEDGER; ledgerSeq: 24; ledgerHash: ""\334\331\315\254\230\rBG\314\023\246\244=\351\177\254\302b&\276+H;0\312\021&\275\036\237\350R""; ledgerHashPrevious: ""\220\371c@\017\254\363\\371\340\340VaR\205~^\226\342t\360\022\204d\231\205)\272\364?\361!""; networkTime: 803842812; firstSeq: 1; lastSeq: 23; ","newEvent: neACCEPTED_LEDGER; ledgerSeq: 24; ledgerHash: ""\334\331\315\254\230\rBG\314\023\246\244=\351\177\254\302b&\276+H;0\312\021&\275\036\237\350R""; ledgerHashPrevious: ""\220\371c@\017\254\363\\371\340\340VaR\205~^\226\342t\360\022\204d\231\205)\272\364?\361!""; networkTime: 803842812; firstSeq: 1; lastSeq: 23; "
1750527612453,1750527612453,0,1,3,1,TMStatusChange,"newEvent: neACCEPTED_LEDGER; ledgerSeq: 24; ledgerHash: ""\334\331\315\254\230\rBG\314\023\246\244=\351\177\254\302b&\276+H;0\312\021&\275\036\237\350R""; ledgerHashPrevious: ""\220\371c@\017\254\363\\371\340\340VaR\205~^\226\342t\360\022\204d\231\205)\272\364?\361!""; networkTime: 803842812; firstSeq: 1; lastSeq: 23; ","newEvent: neACCEPTED_LEDGER; ledgerSeq: 24; ledgerHash: ""\334\331\315\254\230\rBG\314\023\246\244=\351\177\254\302b&\276+H;0\312\021&\275\036\237\350R""; ledgerHashPrevious: ""\220\371c@\017\254\363\\371\340\340VaR\205~^\226\342t\360\022\204d\231\205)\272\364?\361!""; networkTime: 803842812; firstSeq: 1; lastSeq: 23; "
1750527612453,1750527612453,0,1,3,2,TMStatusChange,"newEvent: neACCEPTED_LEDGER; ledgerSeq: 24; ledgerHash: ""\334\331\315\254\230\rBG\314\023\246\244=\351\177\254\302b&\276+H;0\312\021&\275\036\237\350R""; ledgerHashPrevious: ""\220\371c@\017\254\363\\371\340\340VaR\205~^\226\342t\360\022\204d\231\205)\272\364?\361!""; networkTime: 803842812; firstSeq: 1; lastSeq: 23; ","newEvent: neACCEPTED_LEDGER; ledgerSeq: 24; ledgerHash: ""\334\331\315\254\230\rBG\314\023\246\244=\351\177\254\302b&\276+H;0\312\021&\275\036\237\350R""; ledgerHashPrevious: ""\220\371c@\017\254\363\\371\340\340VaR\205~^\226\342t\360\022\204d\231\205)\272\364?\361!""; networkTime: 803842812; firstSeq: 1; lastSeq: 23; "
1750527612453,1750527612453,0,1,3,4,TMValidation,"validation: """"\200\000\000\001&\000\000\000\030)/\351\252\374:p\210\265\307-\212\200\004Q\334\331\315\254\230\rBG\314\023\246\244=\351\177\254\302b&\276+H;0\312\021&\275\036\237\350RP\027\000\000\000\000\000\000\000\000\000\000\000\000\000\000\000\000\000\000\000\000\000\000\000\000\000\000\000\000\000\000\000\000P\031\220\371c@\017\254\363\\371\340\340VaR\205~^\226\342t\360\022\204d\231\205)\272\364?\361!s!\002\364d\217\366\217|\316F\232\231\241\n\261\333`\312O\367\235\025DD\336e\367\n\312\326\221\037\025\230vF0D\002 ~y8A\272\201?\327\341\3171\215\370\245\353.M\310\005\031\005OJd0\375p\235\203U\371\232\002 s\201\325<\307\014E g_%HZ|\256#\341\257\346\307=\320C\343.\312|\276\007\212\334/""; ","validation: """"\200\000\000\001&\000\000\000\030)/\351\252\374:p\210\265\307-\212\200\004Q\334\331\315\254\230\rBG\314\023\246\244=\351\177\254\302b&\276+H;0\312\021&\275\036\237\350RP\027\000\000\000\000\000\000\000\000\000\000\000\000\000\000\000\000\000\000\000\000\000\000\000\000\000\000\000\000\000\000\000\000P\031\220\371c@\017\254\363\\371\340\340VaR\205~^\226\342t\360\022\204d\231\205)\272\364?\361!s!\002\364d\217\366\217|\316F\232\231\241\n\261\333`\312O\367\235\025DD\336e\367\n\312\326\221\037\025\230vF0D\002 ~y8A\272\201?\327\341\3171\215\370\245\353.M\310\005\031\005OJd0\375p\235\203U\371\232\002 s\201\325<\307\014E g_%HZ|\256#\341\257\346\307=\320C\343.\312|\276\007\212\334/""; "
1750527612454,1750527612454,0,1,3,1,TMValidation,"validation: """"\200\000\000\001&\000\000\000\030)/\351\252\374:p\210\265\307-\212\200\004Q\334\331\315\254\230\rBG\314\023\246\244=\351\177\254\302b&\276+H;0\312\021&\275\036\237\350RP\027\000\000\000\000\000\000\000\000\000\000\000\000\000\000\000\000\000\000\000\000\000\000\000\000\000\000\000\000\000\000\000\000P\031\220\371c@\017\254\363\\371\340\340VaR\205~^\226\342t\360\022\204d\231\205)\272\364?\361!s!\002\364d\217\366\217|\316F\232\231\241\n\261\333`\312O\367\235\025DD\336e\367\n\312\326\221\037\025\230vF0D\002 ~y8A\272\201?\327\341\3171\215\370\245\353.M\310\005\031\005OJd0\375p\235\203U\371\232\002 s\201\325<\307\014E g_%HZ|\256#\341\257\346\307=\320C\343.\312|\276\007\212\334/""; ","validation: """"\200\000\000\001&\000\000\000\030)/\351\252\374:p\210\265\307-\212\200\004Q\334\331\315\254\230\rBG\314\023\246\244=\351\177\254\302b&\276+H;0\312\021&\275\036\237\350RP\027\000\000\000\000\000\000\000\000\000\000\000\000\000\000\000\000\000\000\000\000\000\000\000\000\000\000\000\000\000\000\000\000P\031\220\371c@\017\254\363\\371\340\340VaR\205~^\226\342t\360\022\204d\231\205)\272\364?\361!s!\002\364d\217\366\217|\316F\232\231\241\n\261\333`\312O\367\235\025DD\336e\367\n\312\326\221\037\025\230vF0D\002 ~y8A\272\201?\327\341\3171\215\370\245\353.M\310\005\031\005OJd0\375p\235\203U\371\232\002 s\201\325<\307\014E g_%HZ|\256#\341\257\346\307=\320C\343.\312|\276\007\212\334/""; "
1750527612454,1750527612454,0,1,3,4,TMStatusChange,"newEvent: neACCEPTED_LEDGER; ledgerSeq: 24; ledgerHash: ""\334\331\315\254\230\rBG\314\023\246\244=\351\177\254\302b&\276+H;0\312\021&\275\036\237\350R""; ledgerHashPrevious: ""\220\371c@\017\254\363\\371\340\340VaR\205~^\226\342t\360\022\204d\231\205)\272\364?\361!""; networkTime: 803842812; firstSeq: 1; lastSeq: 23; ","newEvent: neACCEPTED_LEDGER; ledgerSeq: 24; ledgerHash: ""\334\331\315\254\230\rBG\314\023\246\244=\351\177\254\302b&\276+H;0\312\021&\275\036\237\350R""; ledgerHashPrevious: ""\220\371c@\017\254\363\\371\340\340VaR\205~^\226\342t\360\022\204d\231\205)\272\364?\361!""; networkTime: 803842812; firstSeq: 1; lastSeq: 23; "
1750527612457,1750527612458,0,1,2,0,TMGetLedger,"itype: liBASE; ledgerHash: ""\334\331\315\254\230\rBG\314\023\246\244=\351\177\254\302b&\276+H;0\312\021&\275\036\237\350R""; ledgerSeq: 24; ","itype: liBASE; ledgerHash: ""\334\331\315\254\230\rBG\314\023\246\244=\351\177\254\302b&\276+H;0\312\021&\275\036\237\350R""; ledgerSeq: 24; "
1750527612458,1750527612458,0,1,2,0,TMValidation,"validation: """"\200\000\000\001&\000\000\000\030)/\351\252\374:p\210\265\307-\212\200\004Q\334\331\315\254\230\rBG\314\023\246\244=\351\177\254\302b&\276+H;0\312\021&\275\036\237\350RP\027\000\000\000\000\000\000\000\000\000\000\000\000\000\000\000\000\000\000\000\000\000\000\000\000\000\000\000\000\000\000\000\000P\031\220\371c@\017\254\363\\371\340\340VaR\205~^\226\342t\360\022\204d\231\205)\272\364?\361!s!\002\364d\217\366\217|\316F\232\231\241\n\261\333`\312O\367\235\025DD\336e\367\n\312\326\221\037\025\230vF0D\002 ~y8A\272\201?\327\341\3171\215\370\245\353.M\310\005\031\005OJd0\375p\235\203U\371\232\002 s\201\325<\307\014E g_%HZ|\256#\341\257\346\307=\320C\343.\312|\276\007\212\334/""; ","validation: """"\200\000\000\001&\000\000\000\030)/\351\252\374:p\210\265\307-\212\200\004Q\334\331\315\254\230\rBG\314\023\246\244=\351\177\254\302b&\276+H;0\312\021&\275\036\237\350RP\027\000\000\000\000\000\000\000\000\000\000\000\000\000\000\000\000\000\000\000\000\000\000\000\000\000\000\000\000\000\000\000\000P\031\220\371c@\017\254\363\\371\340\340VaR\205~^\226\342t\360\022\204d\231\205)\272\364?\361!s!\002\364d\217\366\217|\316F\232\231\241\n\261\333`\312O\367\235\025DD\336e\367\n\312\326\221\037\025\230vF0D\002 ~y8A\272\201?\327\341\3171\215\370\245\353.M\310\005\031\005OJd0\375p\235\203U\371\232\002 s\201\325<\307\014E g_%HZ|\256#\341\257\346\307=\320C\343.\312|\276\007\212\334/""; "
1750527612458,1750527612458,0,1,2,3,TMGetLedger,"itype: liBASE; ledgerHash: ""\334\331\315\254\230\rBG\314\023\246\244=\351\177\254\302b&\276+H;0\312\021&\275\036\237\350R""; ledgerSeq: 24; ","itype: liBASE; ledgerHash: ""\334\331\315\254\230\rBG\314\023\246\244=\351\177\254\302b&\276+H;0\312\021&\275\036\237\350R""; ledgerSeq: 24; "
1750527612458,1750527612459,0,1,2,1,TMGetLedger,"itype: liBASE; ledgerHash: ""\334\331\315\254\230\rBG\314\023\246\244=\351\177\254\302b&\276+H;0\312\021&\275\036\237\350R""; ledgerSeq: 24; ","itype: liBASE; ledgerHash: ""\334\331\315\254\230\rBG\314\023\246\244=\351\177\254\302b&\276+H;0\312\021&\275\036\237\350R""; ledgerSeq: 24; "
1750527612460,1750527612460,0,1,2,4,TMGetLedger,"itype: liBASE; ledgerHash: ""\334\331\315\254\230\rBG\314\023\246\244=\351\177\254\302b&\276+H;0\312\021&\275\036\237\350R""; ledgerSeq: 24; ","itype: liBASE; ledgerHash: ""\334\331\315\254\230\rBG\314\023\246\244=\351\177\254\302b&\276+H;0\312\021&\275\036\237\350R""; ledgerSeq: 24; "
1750527612460,1750527612460,0,1,2,1,TMValidation,"validation: """"\200\000\000\001&\000\000\000\030)/\351\252\374:p\210\265\307-\212\200\004Q\334\331\315\254\230\rBG\314\023\246\244=\351\177\254\302b&\276+H;0\312\021&\275\036\237\350RP\027\000\000\000\000\000\000\000\000\000\000\000\000\000\000\000\000\000\000\000\000\000\000\000\000\000\000\000\000\000\000\000\000P\031\220\371c@\017\254\363\\371\340\340VaR\205~^\226\342t\360\022\204d\231\205)\272\364?\361!s!\002\364d\217\366\217|\316F\232\231\241\n\261\333`\312O\367\235\025DD\336e\367\n\312\326\221\037\025\230vF0D\002 ~y8A\272\201?\327\341\3171\215\370\245\353.M\310\005\031\005OJd0\375p\235\203U\371\232\002 s\201\325<\307\014E g_%HZ|\256#\341\257\346\307=\320C\343.\312|\276\007\212\334/""; ","validation: """"\200\000\000\001&\000\000\000\030)/\351\252\374:p\210\265\307-\212\200\004Q\334\331\315\254\230\rBG\314\023\246\244=\351\177\254\302b&\276+H;0\312\021&\275\036\237\350RP\027\000\000\000\000\000\000\000\000\000\000\000\000\000\000\000\000\000\000\000\000\000\000\000\000\000\000\000\000\000\000\000\000P\031\220\371c@\017\254\363\\371\340\340VaR\205~^\226\342t\360\022\204d\231\205)\272\364?\361!s!\002\364d\217\366\217|\316F\232\231\241\n\261\333`\312O\367\235\025DD\336e\367\n\312\326\221\037\025\230vF0D\002 ~y8A\272\201?\327\341\3171\215\370\245\353.M\310\005\031\005OJd0\375p\235\203U\371\232\002 s\201\325<\307\014E g_%HZ|\256#\341\257\346\307=\320C\343.\312|\276\007\212\334/""; "
1750527612461,1750527612461,0,1,2,4,TMValidation,"validation: """"\200\000\000\001&\000\000\000\030)/\351\252\374:p\210\265\307-\212\200\004Q\334\331\315\254\230\rBG\314\023\246\244=\351\177\254\302b&\276+H;0\312\021&\275\036\237\350RP\027\000\000\000\000\000\000\000\000\000\000\000\000\000\000\000\000\000\000\000\000\000\000\000\000\000\000\000\000\000\000\000\000P\031\220\371c@\017\254\363\\371\340\340VaR\205~^\226\342t\360\022\204d\231\205)\272\364?\361!s!\002\364d\217\366\217|\316F\232\231\241\n\261\333`\312O\367\235\025DD\336e\367\n\312\326\221\037\025\230vF0D\002 ~y8A\272\201?\327\341\3171\215\370\245\353.M\310\005\031\005OJd0\375p\235\203U\371\232\002 s\201\325<\307\014E g_%HZ|\256#\341\257\346\307=\320C\343.\312|\276\007\212\334/""; ","validation: """"\200\000\000\001&\000\000\000\030)/\351\252\374:p\210\265\307-\212\200\004Q\334\331\315\254\230\rBG\314\023\246\244=\351\177\254\302b&\276+H;0\312\021&\275\036\237\350RP\027\000\000\000\000\000\000\000\000\000\000\000\000\000\000\000\000\000\000\000\000\000\000\000\000\000\000\000\000\000\000\000\000P\031\220\371c@\017\254\363\\371\340\340VaR\205~^\226\342t\360\022\204d\231\205)\272\364?\361!s!\002\364d\217\366\217|\316F\232\231\241\n\261\333`\312O\367\235\025DD\336e\367\n\312\326\221\037\025\230vF0D\002 ~y8A\272\201?\327\341\3171\215\370\245\353.M\310\005\031\005OJd0\375p\235\203U\371\232\002 s\201\325<\307\014E g_%HZ|\256#\341\257\346\307=\320C\343.\312|\276\007\212\334/""; "
1750527612462,1750527612462,0,1,0,3,TMGetLedger,"itype: liBASE; ledgerHash: ""\334\331\315\254\230\rBG\314\023\246\244=\351\177\254\302b&\276+H;0\312\021&\275\036\237\350R""; ledgerSeq: 24; ","itype: liBASE; ledgerHash: ""\334\331\315\254\230\rBG\314\023\246\244=\351\177\254\302b&\276+H;0\312\021&\275\036\237\350R""; ledgerSeq: 24; "
1750527612462,1750527612462,0,1,2,3,TMGetLedger,"itype: liBASE; ledgerHash: ""\334\331\315\254\230\rBG\314\023\246\244=\351\177\254\302b&\276+H;0\312\021&\275\036\237\350R""; ledgerSeq: 24; queryType: qtINDIRECT; ","itype: liBASE; ledgerHash: ""\334\331\315\254\230\rBG\314\023\246\244=\351\177\254\302b&\276+H;0\312\021&\275\036\237\350R""; ledgerSeq: 24; queryType: qtINDIRECT; "
1750527612463,1750527612463,0,1,0,4,TMGetLedger,"itype: liBASE; ledgerHash: ""\334\331\315\254\230\rBG\314\023\246\244=\351\177\254\302b&\276+H;0\312\021&\275\036\237\350R""; ledgerSeq: 24; ","itype: liBASE; ledgerHash: ""\334\331\315\254\230\rBG\314\023\246\244=\351\177\254\302b&\276+H;0\312\021&\275\036\237\350R""; ledgerSeq: 24; "
1750527612463,1750527612463,0,1,2,0,TMGetLedger,"itype: liBASE; ledgerHash: ""\334\331\315\254\230\rBG\314\023\246\244=\351\177\254\302b&\276+H;0\312\021&\275\036\237\350R""; ledgerSeq: 24; queryType: qtINDIRECT; ","itype: liBASE; ledgerHash: ""\334\331\315\254\230\rBG\314\023\246\244=\351\177\254\302b&\276+H;0\312\021&\275\036\237\350R""; ledgerSeq: 24; queryType: qtINDIRECT; "
1750527612464,1750527612464,0,1,2,4,TMGetLedger,"itype: liBASE; ledgerHash: ""\334\331\315\254\230\rBG\314\023\246\244=\351\177\254\302b&\276+H;0\312\021&\275\036\237\350R""; ledgerSeq: 24; queryType: qtINDIRECT; ","itype: liBASE; ledgerHash: ""\334\331\315\254\230\rBG\314\023\246\244=\351\177\254\302b&\276+H;0\312\021&\275\036\237\350R""; ledgerSeq: 24; queryType: qtINDIRECT; "
1750527612464,1750527612464,0,1,0,2,TMGetLedger,"itype: liBASE; ledgerHash: ""\334\331\315\254\230\rBG\314\023\246\244=\351\177\254\302b&\276+H;0\312\021&\275\036\237\350R""; ledgerSeq: 24; ","itype: liBASE; ledgerHash: ""\334\331\315\254\230\rBG\314\023\246\244=\351\177\254\302b&\276+H;0\312\021&\275\036\237\350R""; ledgerSeq: 24; "
1750527612473,1750527612473,0,1,0,2,TMGetLedger,"itype: liBASE; ledgerHash: ""\334\331\315\254\230\rBG\314\023\246\244=\351\177\254\302b&\276+H;0\312\021&\275\036\237\350R""; ledgerSeq: 24; queryType: qtINDIRECT; ","itype: liBASE; ledgerHash: ""\334\331\315\254\230\rBG\314\023\246\244=\351\177\254\302b&\276+H;0\312\021&\275\036\237\350R""; ledgerSeq: 24; queryType: qtINDIRECT; "
1750527612473,1750527612473,0,1,0,1,TMGetLedger,"itype: liBASE; ledgerHash: ""\334\331\315\254\230\rBG\314\023\246\244=\351\177\254\302b&\276+H;0\312\021&\275\036\237\350R""; ledgerSeq: 24; ","itype: liBASE; ledgerHash: ""\334\331\315\254\230\rBG\314\023\246\244=\351\177\254\302b&\276+H;0\312\021&\275\036\237\350R""; ledgerSeq: 24; "
1750527612477,1750527612477,0,1,0,2,TMValidation,"validation: """"\200\000\000\001&\000\000\000\030)/\351\252\374:p\210\265\307-\212\200\004Q\334\331\315\254\230\rBG\314\023\246\244=\351\177\254\302b&\276+H;0\312\021&\275\036\237\350RP\027\000\000\000\000\000\000\000\000\000\000\000\000\000\000\000\000\000\000\000\000\000\000\000\000\000\000\000\000\000\000\000\000P\031\220\371c@\017\254\363\\371\340\340VaR\205~^\226\342t\360\022\204d\231\205)\272\364?\361!s!\002\364d\217\366\217|\316F\232\231\241\n\261\333`\312O\367\235\025DD\336e\367\n\312\326\221\037\025\230vF0D\002 ~y8A\272\201?\327\341\3171\215\370\245\353.M\310\005\031\005OJd0\375p\235\203U\371\232\002 s\201\325<\307\014E g_%HZ|\256#\341\257\346\307=\320C\343.\312|\276\007\212\334/""; ","validation: """"\200\000\000\001&\000\000\000\030)/\351\252\374:p\210\265\307-\212\200\004Q\334\331\315\254\230\rBG\314\023\246\244=\351\177\254\302b&\276+H;0\312\021&\275\036\237\350RP\027\000\000\000\000\000\000\000\000\000\000\000\000\000\000\000\000\000\000\000\000\000\000\000\000\000\000\000\000\000\000\000\000P\031\220\371c@\017\254\363\\371\340\340VaR\205~^\226\342t\360\022\204d\231\205)\272\364?\361!s!\002\364d\217\366\217|\316F\232\231\241\n\261\333`\312O\367\235\025DD\336e\367\n\312\326\221\037\025\230vF0D\002 ~y8A\272\201?\327\341\3171\215\370\245\353.M\310\005\031\005OJd0\375p\235\203U\371\232\002 s\201\325<\307\014E g_%HZ|\256#\341\257\346\307=\320C\343.\312|\276\007\212\334/""; "
1750527612477,1750527612477,0,1,2,1,TMGetLedger,"itype: liBASE; ledgerHash: ""\334\331\315\254\230\rBG\314\023\246\244=\351\177\254\302b&\276+H;0\312\021&\275\036\237\350R""; ledgerSeq: 24; queryType: qtINDIRECT; ","itype: liBASE; ledgerHash: ""\334\331\315\254\230\rBG\314\023\246\244=\351\177\254\302b&\276+H;0\312\021&\275\036\237\350R""; ledgerSeq: 24; queryType: qtINDIRECT; "
1750527612480,1750527612480,0,1,0,1,TMValidation,"validation: """"\200\000\000\001&\000\000\000\030)/\351\252\374:p\210\265\307-\212\200\004Q\334\331\315\254\230\rBG\314\023\246\244=\351\177\254\302b&\276+H;0\312\021&\275\036\237\350RP\027\000\000\000\000\000\000\000\000\000\000\000\000\000\000\000\000\000\000\000\000\000\000\000\000\000\000\000\000\000\000\000\000P\031\220\371c@\017\254\363\\371\340\340VaR\205~^\226\342t\360\022\204d\231\205)\272\364?\361!s!\002\364d\217\366\217|\316F\232\231\241\n\261\333`\312O\367\235\025DD\336e\367\n\312\326\221\037\025\230vF0D\002 ~y8A\272\201?\327\341\3171\215\370\245\353.M\310\005\031\005OJd0\375p\235\203U\371\232\002 s\201\325<\307\014E g_%HZ|\256#\341\257\346\307=\320C\343.\312|\276\007\212\334/""; ","validation: """"\200\000\000\001&\000\000\000\030)/\351\252\374:p\210\265\307-\212\200\004Q\334\331\315\254\230\rBG\314\023\246\244=\351\177\254\302b&\276+H;0\312\021&\275\036\237\350RP\027\000\000\000\000\000\000\000\000\000\000\000\000\000\000\000\000\000\000\000\000\000\000\000\000\000\000\000\000\000\000\000\000P\031\220\371c@\017\254\363\\371\340\340VaR\205~^\226\342t\360\022\204d\231\205)\272\364?\361!s!\002\364d\217\366\217|\316F\232\231\241\n\261\333`\312O\367\235\025DD\336e\367\n\312\326\221\037\025\230vF0D\002 ~y8A\272\201?\327\341\3171\215\370\245\353.M\310\005\031\005OJd0\375p\235\203U\371\232\002 s\201\325<\307\014E g_%HZ|\256#\341\257\346\307=\320C\343.\312|\276\007\212\334/""; "
1750527612480,1750527612480,0,1,0,1,TMGetLedger,"itype: liBASE; ledgerHash: ""\334\331\315\254\230\rBG\314\023\246\244=\351\177\254\302b&\276+H;0\312\021&\275\036\237\350R""; ledgerSeq: 24; queryType: qtINDIRECT; ","itype: liBASE; ledgerHash: ""\334\331\315\254\230\rBG\314\023\246\244=\351\177\254\302b&\276+H;0\312\021&\275\036\237\350R""; ledgerSeq: 24; queryType: qtINDIRECT; "
1750527612482,1750527612482,0,1,4,1,TMValidation,"validation: """"\200\000\000\001&\000\000\000\030)/\351\252\374:p\210\265\307-\212\200\004Q\334\331\315\254\230\rBG\314\023\246\244=\351\177\254\302b&\276+H;0\312\021&\275\036\237\350RP\027\000\000\000\000\000\000\000\000\000\000\000\000\000\000\000\000\000\000\000\000\000\000\000\000\000\000\000\000\000\000\000\000P\031\220\371c@\017\254\363\\371\340\340VaR\205~^\226\342t\360\022\204d\231\205)\272\364?\361!s!\002\364d\217\366\217|\316F\232\231\241\n\261\333`\312O\367\235\025DD\336e\367\n\312\326\221\037\025\230vF0D\002 ~y8A\272\201?\327\341\3171\215\370\245\353.M\310\005\031\005OJd0\375p\235\203U\371\232\002 s\201\325<\307\014E g_%HZ|\256#\341\257\346\307=\320C\343.\312|\276\007\212\334/""; ","validation: """"\200\000\000\001&\000\000\000\030)/\351\252\374:p\210\265\307-\212\200\004Q\334\331\315\254\230\rBG\314\023\246\244=\351\177\254\302b&\276+H;0\312\021&\275\036\237\350RP\027\000\000\000\000\000\000\000\000\000\000\000\000\000\000\000\000\000\000\000\000\000\000\000\000\000\000\000\000\000\000\000\000P\031\220\371c@\017\254\363\\371\340\340VaR\205~^\226\342t\360\022\204d\231\205)\272\364?\361!s!\002\364d\217\366\217|\316F\232\231\241\n\261\333`\312O\367\235\025DD\336e\367\n\312\326\221\037\025\230vF0D\002 ~y8A\272\201?\327\341\3171\215\370\245\353.M\310\005\031\005OJd0\375p\235\203U\371\232\002 s\201\325<\307\014E g_%HZ|\256#\341\257\346\307=\320C\343.\312|\276\007\212\334/""; "
1750527612483,1750527612483,0,1,4,2,TMGetLedger,"itype: liBASE; ledgerHash: ""\334\331\315\254\230\rBG\314\023\246\244=\351\177\254\302b&\276+H;0\312\021&\275\036\237\350R""; ","itype: liBASE; ledgerHash: ""\334\331\315\254\230\rBG\314\023\246\244=\351\177\254\302b&\276+H;0\312\021&\275\036\237\350R""; "
1750527612483,1750527612483,0,1,4,2,TMValidation,"validation: """"\200\000\000\001&\000\000\000\030)/\351\252\374:p\210\265\307-\212\200\004Q\334\331\315\254\230\rBG\314\023\246\244=\351\177\254\302b&\276+H;0\312\021&\275\036\237\350RP\027\000\000\000\000\000\000\000\000\000\000\000\000\000\000\000\000\000\000\000\000\000\000\000\000\000\000\000\000\000\000\000\000P\031\220\371c@\017\254\363\\371\340\340VaR\205~^\226\342t\360\022\204d\231\205)\272\364?\361!s!\002\364d\217\366\217|\316F\232\231\241\n\261\333`\312O\367\235\025DD\336e\367\n\312\326\221\037\025\230vF0D\002 ~y8A\272\201?\327\341\3171\215\370\245\353.M\310\005\031\005OJd0\375p\235\203U\371\232\002 s\201\325<\307\014E g_%HZ|\256#\341\257\346\307=\320C\343.\312|\276\007\212\334/""; ","validation: """"\200\000\000\001&\000\000\000\030)/\351\252\374:p\210\265\307-\212\200\004Q\334\331\315\254\230\rBG\314\023\246\244=\351\177\254\302b&\276+H;0\312\021&\275\036\237\350RP\027\000\000\000\000\000\000\000\000\000\000\000\000\000\000\000\000\000\000\000\000\000\000\000\000\000\000\000\000\000\000\000\000P\031\220\371c@\017\254\363\\371\340\340VaR\205~^\226\342t\360\022\204d\231\205)\272\364?\361!s!\002\364d\217\366\217|\316F\232\231\241\n\261\333`\312O\367\235\025DD\336e\367\n\312\326\221\037\025\230vF0D\002 ~y8A\272\201?\327\341\3171\215\370\245\353.M\310\005\031\005OJd0\375p\235\203U\371\232\002 s\201\325<\307\014E g_%HZ|\256#\341\257\346\307=\320C\343.\312|\276\007\212\334/""; "
1750527612485,1750527612485,0,1,4,1,TMGetLedger,"itype: liBASE; ledgerHash: ""\334\331\315\254\230\rBG\314\023\246\244=\351\177\254\302b&\276+H;0\312\021&\275\036\237\350R""; ","itype: liBASE; ledgerHash: ""\334\331\315\254\230\rBG\314\023\246\244=\351\177\254\302b&\276+H;0\312\021&\275\036\237\350R""; "
1750527612485,1750527612485,0,1,4,0,TMValidation,"validation: """"\200\000\000\001&\000\000\000\030)/\351\252\374:p\210\265\307-\212\200\004Q\334\331\315\254\230\rBG\314\023\246\244=\351\177\254\302b&\276+H;0\312\021&\275\036\237\350RP\027\000\000\000\000\000\000\000\000\000\000\000\000\000\000\000\000\000\000\000\000\000\000\000\000\000\000\000\000\000\000\000\000P\031\220\371c@\017\254\363\\371\340\340VaR\205~^\226\342t\360\022\204d\231\205)\272\364?\361!s!\002\364d\217\366\217|\316F\232\231\241\n\261\333`\312O\367\235\025DD\336e\367\n\312\326\221\037\025\230vF0D\002 ~y8A\272\201?\327\341\3171\215\370\245\353.M\310\005\031\005OJd0\375p\235\203U\371\232\002 s\201\325<\307\014E g_%HZ|\256#\341\257\346\307=\320C\343.\312|\276\007\212\334/""; ","validation: """"\200\000\000\001&\000\000\000\030)/\351\252\374:p\210\265\307-\212\200\004Q\334\331\315\254\230\rBG\314\023\246\244=\351\177\254\302b&\276+H;0\312\021&\275\036\237\350RP\027\000\000\000\000\000\000\000\000\000\000\000\000\000\000\000\000\000\000\000\000\000\000\000\000\000\000\000\000\000\000\000\000P\031\220\371c@\017\254\363\\371\340\340VaR\205~^\226\342t\360\022\204d\231\205)\272\364?\361!s!\002\364d\217\366\217|\316F\232\231\241\n\261\333`\312O\367\235\025DD\336e\367\n\312\326\221\037\025\230vF0D\002 ~y8A\272\201?\327\341\3171\215\370\245\353.M\310\005\031\005OJd0\375p\235\203U\371\232\002 s\201\325<\307\014E g_%HZ|\256#\341\257\346\307=\320C\343.\312|\276\007\212\334/""; "
1750527612486,1750527612486,0,1,4,0,TMGetLedger,"itype: liBASE; ledgerHash: ""\334\331\315\254\230\rBG\314\023\246\244=\351\177\254\302b&\276+H;0\312\021&\275\036\237\350R""; ","itype: liBASE; ledgerHash: ""\334\331\315\254\230\rBG\314\023\246\244=\351\177\254\302b&\276+H;0\312\021&\275\036\237\350R""; "
1750527612486,1750527612486,0,1,4,3,TMGetLedger,"itype: liBASE; ledgerHash: ""\334\331\315\254\230\rBG\314\023\246\244=\351\177\254\302b&\276+H;0\312\021&\275\036\237\350R""; ","itype: liBASE; ledgerHash: ""\334\331\315\254\230\rBG\314\023\246\244=\351\177\254\302b&\276+H;0\312\021&\275\036\237\350R""; "
1750527612487,1750527612487,0,1,4,0,TMGetLedger,"itype: liBASE; ledgerHash: ""\334\331\315\254\230\rBG\314\023\246\244=\351\177\254\302b&\276+H;0\312\021&\275\036\237\350R""; queryType: qtINDIRECT; ","itype: liBASE; ledgerHash: ""\334\331\315\254\230\rBG\314\023\246\244=\351\177\254\302b&\276+H;0\312\021&\275\036\237\350R""; queryType: qtINDIRECT; "
1750527612487,1750527612487,0,1,4,2,TMGetLedger,"itype: liBASE; ledgerHash: ""\334\331\315\254\230\rBG\314\023\246\244=\351\177\254\302b&\276+H;0\312\021&\275\036\237\350R""; queryType: qtINDIRECT; ","itype: liBASE; ledgerHash: ""\334\331\315\254\230\rBG\314\023\246\244=\351\177\254\302b&\276+H;0\312\021&\275\036\237\350R""; queryType: qtINDIRECT; "
1750527612488,1750527612488,0,1,4,1,TMGetLedger,"itype: liBASE; ledgerHash: ""\334\331\315\254\230\rBG\314\023\246\244=\351\177\254\302b&\276+H;0\312\021&\275\036\237\350R""; queryType: qtINDIRECT; ","itype: liBASE; ledgerHash: ""\334\331\315\254\230\rBG\314\023\246\244=\351\177\254\302b&\276+H;0\312\021&\275\036\237\350R""; queryType: qtINDIRECT; "
1750527612488,1750527612488,0,1,4,3,TMGetLedger,"itype: liBASE; ledgerHash: ""\334\331\315\254\230\rBG\314\023\246\244=\351\177\254\302b&\276+H;0\312\021&\275\036\237\350R""; queryType: qtINDIRECT; ","itype: liBASE; ledgerHash: ""\334\331\315\254\230\rBG\314\023\246\244=\351\177\254\302b&\276+H;0\312\021&\275\036\237\350R""; queryType: qtINDIRECT; "
1750527612489,1750527612489,0,1,1,3,TMGetLedger,"itype: liBASE; ledgerHash: ""\334\331\315\254\230\rBG\314\023\246\244=\351\177\254\302b&\276+H;0\312\021&\275\036\237\350R""; ledgerSeq: 24; ","itype: liBASE; ledgerHash: ""\334\331\315\254\230\rBG\314\023\246\244=\351\177\254\302b&\276+H;0\312\021&\275\036\237\350R""; ledgerSeq: 24; "
1750527612489,1750527612489,0,1,1,4,TMGetLedger,"itype: liBASE; ledgerHash: ""\334\331\315\254\230\rBG\314\023\246\244=\351\177\254\302b&\276+H;0\312\021&\275\036\237\350R""; ledgerSeq: 24; ","itype: liBASE; ledgerHash: ""\334\331\315\254\230\rBG\314\023\246\244=\351\177\254\302b&\276+H;0\312\021&\275\036\237\350R""; ledgerSeq: 24; "
1750527612490,1750527612490,0,1,1,0,TMValidation,"validation: """"\200\000\000\001&\000\000\000\030)/\351\252\374:p\210\265\307-\212\200\004Q\334\331\315\254\230\rBG\314\023\246\244=\351\177\254\302b&\276+H;0\312\021&\275\036\237\350RP\027\000\000\000\000\000\000\000\000\000\000\000\000\000\000\000\000\000\000\000\000\000\000\000\000\000\000\000\000\000\000\000\000P\031\220\371c@\017\254\363\\371\340\340VaR\205~^\226\342t\360\022\204d\231\205)\272\364?\361!s!\002\364d\217\366\217|\316F\232\231\241\n\261\333`\312O\367\235\025DD\336e\367\n\312\326\221\037\025\230vF0D\002 ~y8A\272\201?\327\341\3171\215\370\245\353.M\310\005\031\005OJd0\375p\235\203U\371\232\002 s\201\325<\307\014E g_%HZ|\256#\341\257\346\307=\320C\343.\312|\276\007\212\334/""; ","validation: """"\200\000\000\001&\000\000\000\030)/\351\252\374:p\210\265\307-\212\200\004Q\334\331\315\254\230\rBG\314\023\246\244=\351\177\254\302b&\276+H;0\312\021&\275\036\237\350RP\027\000\000\000\000\000\000\000\000\000\000\000\000\000\000\000\000\000\000\000\000\000\000\000\000\000\000\000\000\000\000\000\000P\031\220\371c@\017\254\363\\371\340\340VaR\205~^\226\342t\360\022\204d\231\205)\272\364?\361!s!\002\364d\217\366\217|\316F\232\231\241\n\261\333`\312O\367\235\025DD\336e\367\n\312\326\221\037\025\230vF0D\002 ~y8A\272\201?\327\341\3171\215\370\245\353.M\310\005\031\005OJd0\375p\235\203U\371\232\002 s\201\325<\307\014E g_%HZ|\256#\341\257\346\307=\320C\343.\312|\276\007\212\334/""; "
1750527612490,1750527612490,0,1,1,0,TMGetLedger,"itype: liBASE; ledgerHash: ""\334\331\315\254\230\rBG\314\023\246\244=\351\177\254\302b&\276+H;0\312\021&\275\036\237\350R""; ledgerSeq: 24; ","itype: liBASE; ledgerHash: ""\334\331\315\254\230\rBG\314\023\246\244=\351\177\254\302b&\276+H;0\312\021&\275\036\237\350R""; ledgerSeq: 24; "
1750527612491,1750527612491,0,1,1,2,TMGetLedger,"itype: liBASE; ledgerHash: ""\334\331\315\254\230\rBG\314\023\246\244=\351\177\254\302b&\276+H;0\312\021&\275\036\237\350R""; ledgerSeq: 24; ","itype: liBASE; ledgerHash: ""\334\331\315\254\230\rBG\314\023\246\244=\351\177\254\302b&\276+H;0\312\021&\275\036\237\350R""; ledgerSeq: 24; "
1750527612491,1750527612491,0,1,1,3,TMGetLedger,"itype: liBASE; ledgerHash: ""\334\331\315\254\230\rBG\314\023\246\244=\351\177\254\302b&\276+H;0\312\021&\275\036\237\350R""; ledgerSeq: 24; queryType: qtINDIRECT; ","itype: liBASE; ledgerHash: ""\334\331\315\254\230\rBG\314\023\246\244=\351\177\254\302b&\276+H;0\312\021&\275\036\237\350R""; ledgerSeq: 24; queryType: qtINDIRECT; "
1750527612492,1750527612492,0,1,1,2,TMValidation,"validation: """"\200\000\000\001&\000\000\000\030)/\351\252\374:p\210\265\307-\212\200\004Q\334\331\315\254\230\rBG\314\023\246\244=\351\177\254\302b&\276+H;0\312\021&\275\036\237\350RP\027\000\000\000\000\000\000\000\000\000\000\000\000\000\000\000\000\000\000\000\000\000\000\000\000\000\000\000\000\000\000\000\000P\031\220\371c@\017\254\363\\371\340\340VaR\205~^\226\342t\360\022\204d\231\205)\272\364?\361!s!\002\364d\217\366\217|\316F\232\231\241\n\261\333`\312O\367\235\025DD\336e\367\n\312\326\221\037\025\230vF0D\002 ~y8A\272\201?\327\341\3171\215\370\245\353.M\310\005\031\005OJd0\375p\235\203U\371\232\002 s\201\325<\307\014E g_%HZ|\256#\341\257\346\307=\320C\343.\312|\276\007\212\334/""; ","validation: """"\200\000\000\001&\000\000\000\030)/\351\252\374:p\210\265\307-\212\200\004Q\334\331\315\254\230\rBG\314\023\246\244=\351\177\254\302b&\276+H;0\312\021&\275\036\237\350RP\027\000\000\000\000\000\000\000\000\000\000\000\000\000\000\000\000\000\000\000\000\000\000\000\000\000\000\000\000\000\000\000\000P\031\220\371c@\017\254\363\\371\340\340VaR\205~^\226\342t\360\022\204d\231\205)\272\364?\361!s!\002\364d\217\366\217|\316F\232\231\241\n\261\333`\312O\367\235\025DD\336e\367\n\312\326\221\037\025\230vF0D\002 ~y8A\272\201?\327\341\3171\215\370\245\353.M\310\005\031\005OJd0\375p\235\203U\371\232\002 s\201\325<\307\014E g_%HZ|\256#\341\257\346\307=\320C\343.\312|\276\007\212\334/""; "
1750527612492,1750527612492,0,1,1,2,TMGetLedger,"itype: liBASE; ledgerHash: ""\334\331\315\254\230\rBG\314\023\246\244=\351\177\254\302b&\276+H;0\312\021&\275\036\237\350R""; ledgerSeq: 24; queryType: qtINDIRECT; ","itype: liBASE; ledgerHash: ""\334\331\315\254\230\rBG\314\023\246\244=\351\177\254\302b&\276+H;0\312\021&\275\036\237\350R""; ledgerSeq: 24; queryType: qtINDIRECT; "
1750527612493,1750527612493,0,1,1,0,TMGetLedger,"itype: liBASE; ledgerHash: ""\334\331\315\254\230\rBG\314\023\246\244=\351\177\254\302b&\276+H;0\312\021&\275\036\237\350R""; ledgerSeq: 24; queryType: qtINDIRECT; ","itype: liBASE; ledgerHash: ""\334\331\315\254\230\rBG\314\023\246\244=\351\177\254\302b&\276+H;0\312\021&\275\036\237\350R""; ledgerSeq: 24; queryType: qtINDIRECT; "
1750527612493,1750527612494,0,1,3,2,TMLedgerData,"ledgerHash: ""\334\331\315\254\230\rBG\314\023\246\244=\351\177\254\302b&\276+H;0\312\021&\275\036\237\350R""; ledgerSeq: 24; type: liBASE; nodes {;   nodedata: ""\000\000\000\030\001cEx]\211\377\330\220\371c@\017\254\363\\371\340\340VaR\205~^\226\342t\360\022\204d\231\205)\272\364?\361!\000\000\000\000\000\000\000\000\000\000\000\000\000\000\000\000\000\000\000\000\000\000\000\000\000\000\000\000\000\000\000\000\251\257S\2005\226\263\004Wf\0312`B\267\376\270\020\346\336{x\241\360\232 x'\212P#\200/\351\252\372/\351\252\373\n\000""; }; nodes {;   nodedata: ""\323C\344\327\264{\312-\017:\006{\177\344N\002\326bO\260\220\006\033\362\345\005U\221DzJ0\001\301\025%1L\307\t\261\262z\374\222T\301\274V\236\223\262\270Ct\362\337b\356\024*\324\320\351\317\002k\336\234\027v\351\217\260\303\360\233ZPZWr\246$w\313\313\r\243r\232\2234\373\3539:N\004Q\245\272D\312D\300\300\t\323\0257\345e\271\na\215{\226\255x%T\257\037\333\004\344_/R\006E\344\037@\210\363\010\336T\226\247'\204_{\261\370""1\235\2445\343\033Y!\212\201\341\272\225'\007\217\244n\264XP^/wEDy\374\307L\036C3\267\264\324\217?\347\177D\247\242\304\247\226\017\013\003""; }; ","ledgerHash: ""\334\331\315\254\230\rBG\314\023\246\244=\351\177\254\302b&\276+H;0\312\021&\275\036\237\350R""; ledgerSeq: 24; type: liBASE; nodes {;   nodedata: ""\000\000\000\030\001cEx]\211\377\330\220\371c@\017\254\363\\371\340\340VaR\205~^\226\342t\360\022\204d\231\205)\272\364?\361!\000\000\000\000\000\000\000\000\000\000\000\000\000\000\000\000\000\000\000\000\000\000\000\000\000\000\000\000\000\000\000\000\251\257S\2005\226\263\004Wf\0312`B\267\376\270\020\346\336{x\241\360\232 x'\212P#\200/\351\252\372/\351\252\373\n\000""; }; nodes {;   nodedata: ""\323C\344\327\264{\312-\017:\006{\177\344N\002\326bO\260\220\006\033\362\345\005U\221DzJ0\001\301\025%1L\307\t\261\262z\374\222T\301\274V\236\223\262\270Ct\362\337b\356\024*\324\320\351\317\002k\336\234\027v\351\217\260\303\360\233ZPZWr\246$w\313\313\r\243r\232\2234\373\3539:N\004Q\245\272D\312D\300\300\t\323\0257\345e\271\na\215{\226\255x%T\257\037\333\004\344_/R\006E\344\037@\210\363\010\336T\226\247'\204_{\261\370""1\235\2445\343\033Y!\212\201\341\272\225'\007\217\244n\264XP^/wEDy\374\307L\036C3\267\264\324\217?\347\177D\247\242\304\247\226\017\013\003""; }; "
1750527612494,1750527612494,0,1,3,0,TMLedgerData,"ledgerHash: ""\334\331\315\254\230\rBG\314\023\246\244=\351\177\254\302b&\276+H;0\312\021&\275\036\237\350R""; ledgerSeq: 24; type: liBASE; nodes {;   nodedata: ""\000\000\000\030\001cEx]\211\377\330\220\371c@\017\254\363\\371\340\340VaR\205~^\226\342t\360\022\204d\231\205)\272\364?\361!\000\000\000\000\000\000\000\000\000\000\000\000\000\000\000\000\000\000\000\000\000\000\000\000\000\000\000\000\000\000\000\000\251\257S\2005\226\263\004Wf\0312`B\267\376\270\020\346\336{x\241\360\232 x'\212P#\200/\351\252\372/\351\252\373\n\000""; }; nodes {;   nodedata: ""\323C\344\327\264{\312-\017:\006{\177\344N\002\326bO\260\220\006\033\362\345\005U\221DzJ0\001\301\025%1L\307\t\261\262z\374\222T\301\274V\236\223\262\270Ct\362\337b\356\024*\324\320\351\317\002k\336\234\027v\351\217\260\303\360\233ZPZWr\246$w\313\313\r\243r\232\2234\373\3539:N\004Q\245\272D\312D\300\300\t\323\0257\345e\271\na\215{\226\255x%T\257\037\333\004\344_/R\006E\344\037@\210\363\010\336T\226\247'\204_{\261\370""1\235\2445\343\033Y!\212\201\341\272\225'\007\217\244n\264XP^/wEDy\374\307L\036C3\267\264\324\217?\347\177D\247\242\304\247\226\017\013\003""; }; ","ledgerHash: ""\334\331\315\254\230\rBG\314\023\246\244=\351\177\254\302b&\276+H;0\312\021&\275\036\237\350R""; ledgerSeq: 24; type: liBASE; nodes {;   nodedata: ""\000\000\000\030\001cEx]\211\377\330\220\371c@\017\254\363\\371\340\340VaR\205~^\226\342t\360\022\204d\231\205)\272\364?\361!\000\000\000\000\000\000\000\000\000\000\000\000\000\000\000\000\000\000\000\000\000\000\000\000\000\000\000\000\000\000\000\000\251\257S\2005\226\263\004Wf\0312`B\267\376\270\020\346\336{x\241\360\232 x'\212P#\200/\351\252\372/\351\252\373\n\000""; }; nodes {;   nodedata: ""\323C\344\327\264{\312-\017:\006{\177\344N\002\326bO\260\220\006\033\362\345\005U\221DzJ0\001\301\025%1L\307\t\261\262z\374\222T\301\274V\236\223\262\270Ct\362\337b\356\024*\324\320\351\317\002k\336\234\027v\351\217\260\303\360\233ZPZWr\246$w\313\313\r\243r\232\2234\373\3539:N\004Q\245\272D\312D\300\300\t\323\0257\345e\271\na\215{\226\255x%T\257\037\333\004\344_/R\006E\344\037@\210\363\010\336T\226\247'\204_{\261\370""1\235\2445\343\033Y!\212\201\341\272\225'\007\217\244n\264XP^/wEDy\374\307L\036C3\267\264\324\217?\347\177D\247\242\304\247\226\017\013\003""; }; "
1750527612495,1750527612495,0,1,3,2,TMLedgerData,"ledgerHash: ""\334\331\315\254\230\rBG\314\023\246\244=\351\177\254\302b&\276+H;0\312\021&\275\036\237\350R""; ledgerSeq: 24; type: liBASE; nodes {;   nodedata: ""\000\000\000\030\001cEx]\211\377\330\220\371c@\017\254\363\\371\340\340VaR\205~^\226\342t\360\022\204d\231\205)\272\364?\361!\000\000\000\000\000\000\000\000\000\000\000\000\000\000\000\000\000\000\000\000\000\000\000\000\000\000\000\000\000\000\000\000\251\257S\2005\226\263\004Wf\0312`B\267\376\270\020\346\336{x\241\360\232 x'\212P#\200/\351\252\372/\351\252\373\n\000""; }; nodes {;   nodedata: ""\323C\344\327\264{\312-\017:\006{\177\344N\002\326bO\260\220\006\033\362\345\005U\221DzJ0\001\301\025%1L\307\t\261\262z\374\222T\301\274V\236\223\262\270Ct\362\337b\356\024*\324\320\351\317\002k\336\234\027v\351\217\260\303\360\233ZPZWr\246$w\313\313\r\243r\232\2234\373\3539:N\004Q\245\272D\312D\300\300\t\323\0257\345e\271\na\215{\226\255x%T\257\037\333\004\344_/R\006E\344\037@\210\363\010\336T\226\247'\204_{\261\370""1\235\2445\343\033Y!\212\201\341\272\225'\007\217\244n\264XP^/wEDy\374\307L\036C3\267\264\324\217?\347\177D\247\242\304\247\226\017\013\003""; }; ","ledgerHash: ""\334\331\315\254\230\rBG\314\023\246\244=\351\177\254\302b&\276+H;0\312\021&\275\036\237\350R""; ledgerSeq: 24; type: liBASE; nodes {;   nodedata: ""\000\000\000\030\001cEx]\211\377\330\220\371c@\017\254\363\\371\340\340VaR\205~^\226\342t\360\022\204d\231\205)\272\364?\361!\000\000\000\000\000\000\000\000\000\000\000\000\000\000\000\000\000\000\000\000\000\000\000\000\000\000\000\000\000\000\000\000\251\257S\2005\226\263\004Wf\0312`B\267\376\270\020\346\336{x\241\360\232 x'\212P#\200/\351\252\372/\351\252\373\n\000""; }; nodes {;   nodedata: ""\323C\344\327\264{\312-\017:\006{\177\344N\002\326bO\260\220\006\033\362\345\005U\221DzJ0\001\301\025%1L\307\t\261\262z\374\222T\301\274V\236\223\262\270Ct\362\337b\356\024*\324\320\351\317\002k\336\234\027v\351\217\260\303\360\233ZPZWr\246$w\313\313\r\243r\232\2234\373\3539:N\004Q\245\272D\312D\300\300\t\323\0257\345e\271\na\215{\226\255x%T\257\037\333\004\344_/R\006E\344\037@\210\363\010\336T\226\247'\204_{\261\370""1\235\2445\343\033Y!\212\201\341\272\225'\007\217\244n\264XP^/wEDy\374\307L\036C3\267\264\324\217?\347\177D\247\242\304\247\226\017\013\003""; }; "
1750527612495,1750527612496,0,1,4,3,TMGetLedger,"itype: liBASE; ledgerHash: ""\334\331\315\254\230\rBG\314\023\246\244=\351\177\254\302b&\276+H;0\312\021&\275\036\237\350R""; ledgerSeq: 24; requestCookie: 3; queryType: qtINDIRECT; ","itype: liBASE; ledgerHash: ""\334\331\315\254\230\rBG\314\023\246\244=\351\177\254\302b&\276+H;0\312\021&\275\036\237\350R""; ledgerSeq: 24; requestCookie: 3; queryType: qtINDIRECT; "
1750527612496,1750527612496,0,1,2,3,TMGetLedger,"itype: liBASE; ledgerHash: ""\334\331\315\254\230\rBG\314\023\246\244=\351\177\254\302b&\276+H;0\312\021&\275\036\237\350R""; ledgerSeq: 24; requestCookie: 2; queryType: qtINDIRECT; ","itype: liBASE; ledgerHash: ""\334\331\315\254\230\rBG\314\023\246\244=\351\177\254\302b&\276+H;0\312\021&\275\036\237\350R""; ledgerSeq: 24; requestCookie: 2; queryType: qtINDIRECT; "
1750527612496,1750527612496,0,1,1,3,TMGetLedger,"itype: liBASE; ledgerHash: ""\334\331\315\254\230\rBG\314\023\246\244=\351\177\254\302b&\276+H;0\312\021&\275\036\237\350R""; ledgerSeq: 24; requestCookie: 3; queryType: qtINDIRECT; ","itype: liBASE; ledgerHash: ""\334\331\315\254\230\rBG\314\023\246\244=\351\177\254\302b&\276+H;0\312\021&\275\036\237\350R""; ledgerSeq: 24; requestCookie: 3; queryType: qtINDIRECT; "
1750527612497,1750527612497,0,1,1,4,TMGetLedger,"itype: liBASE; ledgerHash: ""\334\331\315\254\230\rBG\314\023\246\244=\351\177\254\302b&\276+H;0\312\021&\275\036\237\350R""; ledgerSeq: 24; queryType: qtINDIRECT; ","itype: liBASE; ledgerHash: ""\334\331\315\254\230\rBG\314\023\246\244=\351\177\254\302b&\276+H;0\312\021&\275\036\237\350R""; ledgerSeq: 24; queryType: qtINDIRECT; "
1750527612497,1750527612497,0,1,1,4,TMValidation,"validation: """"\200\000\000\001&\000\000\000\030)/\351\252\374:p\210\265\307-\212\200\004Q\334\331\315\254\230\rBG\314\023\246\244=\351\177\254\302b&\276+H;0\312\021&\275\036\237\350RP\027\000\000\000\000\000\000\000\000\000\000\000\000\000\000\000\000\000\000\000\000\000\000\000\000\000\000\000\000\000\000\000\000P\031\220\371c@\017\254\363\\371\340\340VaR\205~^\226\342t\360\022\204d\231\205)\272\364?\361!s!\002\364d\217\366\217|\316F\232\231\241\n\261\333`\312O\367\235\025DD\336e\367\n\312\326\221\037\025\230vF0D\002 ~y8A\272\201?\327\341\3171\215\370\245\353.M\310\005\031\005OJd0\375p\235\203U\371\232\002 s\201\325<\307\014E g_%HZ|\256#\341\257\346\307=\320C\343.\312|\276\007\212\334/""; ","validation: """"\200\000\000\001&\000\000\000\030)/\351\252\374:p\210\265\307-\212\200\004Q\334\331\315\254\230\rBG\314\023\246\244=\351\177\254\302b&\276+H;0\312\021&\275\036\237\350RP\027\000\000\000\000\000\000\000\000\000\000\000\000\000\000\000\000\000\000\000\000\000\000\000\000\000\000\000\000\000\000\000\000P\031\220\371c@\017\254\363\\371\340\340VaR\205~^\226\342t\360\022\204d\231\205)\272\364?\361!s!\002\364d\217\366\217|\316F\232\231\241\n\261\333`\312O\367\235\025DD\336e\367\n\312\326\221\037\025\230vF0D\002 ~y8A\272\201?\327\341\3171\215\370\245\353.M\310\005\031\005OJd0\375p\235\203U\371\232\002 s\201\325<\307\014E g_%HZ|\256#\341\257\346\307=\320C\343.\312|\276\007\212\334/""; "
1750527612497,1750527612498,0,1,1,3,TMGetLedger,"itype: liBASE; ledgerHash: ""\334\331\315\254\230\rBG\314\023\246\244=\351\177\254\302b&\276+H;0\312\021&\275\036\237\350R""; ledgerSeq: 24; requestCookie: 2; queryType: qtINDIRECT; ","itype: liBASE; ledgerHash: ""\334\331\315\254\230\rBG\314\023\246\244=\351\177\254\302b&\276+H;0\312\021&\275\036\237\350R""; ledgerSeq: 24; requestCookie: 2; queryType: qtINDIRECT; "
1750527612498,1750527612498,0,1,0,4,TMGetLedger,"itype: liBASE; ledgerHash: ""\334\331\315\254\230\rBG\314\023\246\244=\351\177\254\302b&\276+H;0\312\021&\275\036\237\350R""; ledgerSeq: 24; queryType: qtINDIRECT; ","itype: liBASE; ledgerHash: ""\334\331\315\254\230\rBG\314\023\246\244=\351\177\254\302b&\276+H;0\312\021&\275\036\237\350R""; ledgerSeq: 24; queryType: qtINDIRECT; "
1750527612499,1750527612499,0,1,0,4,TMValidation,"validation: """"\200\000\000\001&\000\000\000\030)/\351\252\374:p\210\265\307-\212\200\004Q\334\331\315\254\230\rBG\314\023\246\244=\351\177\254\302b&\276+H;0\312\021&\275\036\237\350RP\027\000\000\000\000\000\000\000\000\000\000\000\000\000\000\000\000\000\000\000\000\000\000\000\000\000\000\000\000\000\000\000\000P\031\220\371c@\017\254\363\\371\340\340VaR\205~^\226\342t\360\022\204d\231\205)\272\364?\361!s!\002\364d\217\366\217|\316F\232\231\241\n\261\333`\312O\367\235\025DD\336e\367\n\312\326\221\037\025\230vF0D\002 ~y8A\272\201?\327\341\3171\215\370\245\353.M\310\005\031\005OJd0\375p\235\203U\371\232\002 s\201\325<\307\014E g_%HZ|\256#\341\257\346\307=\320C\343.\312|\276\007\212\334/""; ","validation: """"\200\000\000\001&\000\000\000\030)/\351\252\374:p\210\265\307-\212\200\004Q\334\331\315\254\230\rBG\314\023\246\244=\351\177\254\302b&\276+H;0\312\021&\275\036\237\350RP\027\000\000\000\000\000\000\000\000\000\000\000\000\000\000\000\000\000\000\000\000\000\000\000\000\000\000\000\000\000\000\000\000P\031\220\371c@\017\254\363\\371\340\340VaR\205~^\226\342t\360\022\204d\231\205)\272\364?\361!s!\002\364d\217\366\217|\316F\232\231\241\n\261\333`\312O\367\235\025DD\336e\367\n\312\326\221\037\025\230vF0D\002 ~y8A\272\201?\327\341\3171\215\370\245\353.M\310\005\031\005OJd0\375p\235\203U\371\232\002 s\201\325<\307\014E g_%HZ|\256#\341\257\346\307=\320C\343.\312|\276\007\212\334/""; "
1750527612499,1750527612500,0,1,3,4,TMLedgerData,"ledgerHash: ""\334\331\315\254\230\rBG\314\023\246\244=\351\177\254\302b&\276+H;0\312\021&\275\036\237\350R""; ledgerSeq: 24; type: liBASE; nodes {;   nodedata: ""\000\000\000\030\001cEx]\211\377\330\220\371c@\017\254\363\\371\340\340VaR\205~^\226\342t\360\022\204d\231\205)\272\364?\361!\000\000\000\000\000\000\000\000\000\000\000\000\000\000\000\000\000\000\000\000\000\000\000\000\000\000\000\000\000\000\000\000\251\257S\2005\226\263\004Wf\0312`B\267\376\270\020\346\336{x\241\360\232 x'\212P#\200/\351\252\372/\351\252\373\n\000""; }; nodes {;   nodedata: ""\323C\344\327\264{\312-\017:\006{\177\344N\002\326bO\260\220\006\033\362\345\005U\221DzJ0\001\301\025%1L\307\t\261\262z\374\222T\301\274V\236\223\262\270Ct\362\337b\356\024*\324\320\351\317\002k\336\234\027v\351\217\260\303\360\233ZPZWr\246$w\313\313\r\243r\232\2234\373\3539:N\004Q\245\272D\312D\300\300\t\323\0257\345e\271\na\215{\226\255x%T\257\037\333\004\344_/R\006E\344\037@\210\363\010\336T\226\247'\204_{\261\370""1\235\2445\343\033Y!\212\201\341\272\225'\007\217\244n\264XP^/wEDy\374\307L\036C3\267\264\324\217?\347\177D\247\242\304\247\226\017\013\003""; }; ","ledgerHash: ""\334\331\315\254\230\rBG\314\023\246\244=\351\177\254\302b&\276+H;0\312\021&\275\036\237\350R""; ledgerSeq: 24; type: liBASE; nodes {;   nodedata: ""\000\000\000\030\001cEx]\211\377\330\220\371c@\017\254\363\\371\340\340VaR\205~^\226\342t\360\022\204d\231\205)\272\364?\361!\000\000\000\000\000\000\000\000\000\000\000\000\000\000\000\000\000\000\000\000\000\000\000\000\000\000\000\000\000\000\000\000\251\257S\2005\226\263\004Wf\0312`B\267\376\270\020\346\336{x\241\360\232 x'\212P#\200/\351\252\372/\351\252\373\n\000""; }; nodes {;   nodedata: ""\323C\344\327\264{\312-\017:\006{\177\344N\002\326bO\260\220\006\033\362\345\005U\221DzJ0\001\301\025%1L\307\t\261\262z\374\222T\301\274V\236\223\262\270Ct\362\337b\356\024*\324\320\351\317\002k\336\234\027v\351\217\260\303\360\233ZPZWr\246$w\313\313\r\243r\232\2234\373\3539:N\004Q\245\272D\312D\300\300\t\323\0257\345e\271\na\215{\226\255x%T\257\037\333\004\344_/R\006E\344\037@\210\363\010\336T\226\247'\204_{\261\370""1\235\2445\343\033Y!\212\201\341\272\225'\007\217\244n\264XP^/wEDy\374\307L\036C3\267\264\324\217?\347\177D\247\242\304\247\226\017\013\003""; }; "
1750527612500,1750527612500,0,1,1,3,TMGetLedger,"itype: liBASE; ledgerHash: ""\334\331\315\254\230\rBG\314\023\246\244=\351\177\254\302b&\276+H;0\312\021&\275\036\237\350R""; requestCookie: 5; queryType: qtINDIRECT; ","itype: liBASE; ledgerHash: ""\334\331\315\254\230\rBG\314\023\246\244=\351\177\254\302b&\276+H;0\312\021&\275\036\237\350R""; requestCookie: 5; queryType: qtINDIRECT; "
1750527612501,1750527612501,0,1,3,4,TMLedgerData,"ledgerHash: ""\334\331\315\254\230\rBG\314\023\246\244=\351\177\254\302b&\276+H;0\312\021&\275\036\237\350R""; ledgerSeq: 24; type: liBASE; nodes {;   nodedata: ""\000\000\000\030\001cEx]\211\377\330\220\371c@\017\254\363\\371\340\340VaR\205~^\226\342t\360\022\204d\231\205)\272\364?\361!\000\000\000\000\000\000\000\000\000\000\000\000\000\000\000\000\000\000\000\000\000\000\000\000\000\000\000\000\000\000\000\000\251\257S\2005\226\263\004Wf\0312`B\267\376\270\020\346\336{x\241\360\232 x'\212P#\200/\351\252\372/\351\252\373\n\000""; }; nodes {;   nodedata: ""\323C\344\327\264{\312-\017:\006{\177\344N\002\326bO\260\220\006\033\362\345\005U\221DzJ0\001\301\025%1L\307\t\261\262z\374\222T\301\274V\236\223\262\270Ct\362\337b\356\024*\324\320\351\317\002k\336\234\027v\351\217\260\303\360\233ZPZWr\246$w\313\313\r\243r\232\2234\373\3539:N\004Q\245\272D\312D\300\300\t\323\0257\345e\271\na\215{\226\255x%T\257\037\333\004\344_/R\006E\344\037@\210\363\010\336T\226\247'\204_{\261\370""1\235\2445\343\033Y!\212\201\341\272\225'\007\217\244n\264XP^/wEDy\374\307L\036C3\267\264\324\217?\347\177D\247\242\304\247\226\017\013\003""; }; ","ledgerHash: ""\334\331\315\254\230\rBG\314\023\246\244=\351\177\254\302b&\276+H;0\312\021&\275\036\237\350R""; ledgerSeq: 24; type: liBASE; nodes {;   nodedata: ""\000\000\000\030\001cEx]\211\377\330\220\371c@\017\254\363\\371\340\340VaR\205~^\226\342t\360\022\204d\231\205)\272\364?\361!\000\000\000\000\000\000\000\000\000\000\000\000\000\000\000\000\000\000\000\000\000\000\000\000\000\000\000\000\000\000\000\000\251\257S\2005\226\263\004Wf\0312`B\267\376\270\020\346\336{x\241\360\232 x'\212P#\200/\351\252\372/\351\252\373\n\000""; }; nodes {;   nodedata: ""\323C\344\327\264{\312-\017:\006{\177\344N\002\326bO\260\220\006\033\362\345\005U\221DzJ0\001\301\025%1L\307\t\261\262z\374\222T\301\274V\236\223\262\270Ct\362\337b\356\024*\324\320\351\317\002k\336\234\027v\351\217\260\303\360\233ZPZWr\246$w\313\313\r\243r\232\2234\373\3539:N\004Q\245\272D\312D\300\300\t\323\0257\345e\271\na\215{\226\255x%T\257\037\333\004\344_/R\006E\344\037@\210\363\010\336T\226\247'\204_{\261\370""1\235\2445\343\033Y!\212\201\341\272\225'\007\217\244n\264XP^/wEDy\374\307L\036C3\267\264\324\217?\347\177D\247\242\304\247\226\017\013\003""; }; "
1750527612501,1750527612502,0,1,3,1,TMLedgerData,"ledgerHash: ""\334\331\315\254\230\rBG\314\023\246\244=\351\177\254\302b&\276+H;0\312\021&\275\036\237\350R""; ledgerSeq: 24; type: liBASE; nodes {;   nodedata: ""\000\000\000\030\001cEx]\211\377\330\220\371c@\017\254\363\\371\340\340VaR\205~^\226\342t\360\022\204d\231\205)\272\364?\361!\000\000\000\000\000\000\000\000\000\000\000\000\000\000\000\000\000\000\000\000\000\000\000\000\000\000\000\000\000\000\000\000\251\257S\2005\226\263\004Wf\0312`B\267\376\270\020\346\336{x\241\360\232 x'\212P#\200/\351\252\372/\351\252\373\n\000""; }; nodes {;   nodedata: ""\323C\344\327\264{\312-\017:\006{\177\344N\002\326bO\260\220\006\033\362\345\005U\221DzJ0\001\301\025%1L\307\t\261\262z\374\222T\301\274V\236\223\262\270Ct\362\337b\356\024*\324\320\351\317\002k\336\234\027v\351\217\260\303\360\233ZPZWr\246$w\313\313\r\243r\232\2234\373\3539:N\004Q\245\272D\312D\300\300\t\323\0257\345e\271\na\215{\226\255x%T\257\037\333\004\344_/R\006E\344\037@\210\363\010\336T\226\247'\204_{\261\370""1\235\2445\343\033Y!\212\201\341\272\225'\007\217\244n\264XP^/wEDy\374\307L\036C3\267\264\324\217?\347\177D\247\242\304\247\226\017\013\003""; }; ","ledgerHash: ""\334\331\315\254\230\rBG\314\023\246\244=\351\177\254\302b&\276+H;0\312\021&\275\036\237\350R""; ledgerSeq: 24; type: liBASE; nodes {;   nodedata: ""\000\000\000\030\001cEx]\211\377\330\220\371c@\017\254\363\\371\340\340VaR\205~^\226\342t\360\022\204d\231\205)\272\364?\361!\000\000\000\000\000\000\000\000\000\000\000\000\000\000\000\000\000\000\000\000\000\000\000\000\000\000\000\000\000\000\000\000\251\257S\2005\226\263\004Wf\0312`B\267\376\270\020\346\336{x\241\360\232 x'\212P#\200/\351\252\372/\351\252\373\n\000""; }; nodes {;   nodedata: ""\323C\344\327\264{\312-\017:\006{\177\344N\002\326bO\260\220\006\033\362\345\005U\221DzJ0\001\301\025%1L\307\t\261\262z\374\222T\301\274V\236\223\262\270Ct\362\337b\356\024*\324\320\351\317\002k\336\234\027v\351\217\260\303\360\233ZPZWr\246$w\313\313\r\243r\232\2234\373\3539:N\004Q\245\272D\312D\300\300\t\323\0257\345e\271\na\215{\226\255x%T\257\037\333\004\344_/R\006E\344\037@\210\363\010\336T\226\247'\204_{\261\370""1\235\2445\343\033Y!\212\201\341\272\225'\007\217\244n\264XP^/wEDy\374\307L\036C3\267\264\324\217?\347\177D\247\242\304\247\226\017\013\003""; }; "
1750527612502,1750527612502,0,1,3,1,TMLedgerData,"ledgerHash: ""\334\331\315\254\230\rBG\314\023\246\244=\351\177\254\302b&\276+H;0\312\021&\275\036\237\350R""; ledgerSeq: 24; type: liBASE; nodes {;   nodedata: ""\000\000\000\030\001cEx]\211\377\330\220\371c@\017\254\363\\371\340\340VaR\205~^\226\342t\360\022\204d\231\205)\272\364?\361!\000\000\000\000\000\000\000\000\000\000\000\000\000\000\000\000\000\000\000\000\000\000\000\000\000\000\000\000\000\000\000\000\251\257S\2005\226\263\004Wf\0312`B\267\376\270\020\346\336{x\241\360\232 x'\212P#\200/\351\252\372/\351\252\373\n\000""; }; nodes {;   nodedata: ""\323C\344\327\264{\312-\017:\006{\177\344N\002\326bO\260\220\006\033\362\345\005U\221DzJ0\001\301\025%1L\307\t\261\262z\374\222T\301\274V\236\223\262\270Ct\362\337b\356\024*\324\320\351\317\002k\336\234\027v\351\217\260\303\360\233ZPZWr\246$w\313\313\r\243r\232\2234\373\3539:N\004Q\245\272D\312D\300\300\t\323\0257\345e\271\na\215{\226\255x%T\257\037\333\004\344_/R\006E\344\037@\210\363\010\336T\226\247'\204_{\261\370""1\235\2445\343\033Y!\212\201\341\272\225'\007\217\244n\264XP^/wEDy\374\307L\036C3\267\264\324\217?\347\177D\247\242\304\247\226\017\013\003""; }; ","ledgerHash: ""\334\331\315\254\230\rBG\314\023\246\244=\351\177\254\302b&\276+H;0\312\021&\275\036\237\350R""; ledgerSeq: 24; type: liBASE; nodes {;   nodedata: ""\000\000\000\030\001cEx]\211\377\330\220\371c@\017\254\363\\371\340\340VaR\205~^\226\342t\360\022\204d\231\205)\272\364?\361!\000\000\000\000\000\000\000\000\000\000\000\000\000\000\000\000\000\000\000\000\000\000\000\000\000\000\000\000\000\000\000\000\251\257S\2005\226\263\004Wf\0312`B\267\376\270\020\346\336{x\241\360\232 x'\212P#\200/\351\252\372/\351\252\373\n\000""; }; nodes {;   nodedata: ""\323C\344\327\264{\312-\017:\006{\177\344N\002\326bO\260\220\006\033\362\345\005U\221DzJ0\001\301\025%1L\307\t\261\262z\374\222T\301\274V\236\223\262\270Ct\362\337b\356\024*\324\320\351\317\002k\336\234\027v\351\217\260\303\360\233ZPZWr\246$w\313\313\r\243r\232\2234\373\3539:N\004Q\245\272D\312D\300\300\t\323\0257\345e\271\na\215{\226\255x%T\257\037\333\004\344_/R\006E\344\037@\210\363\010\336T\226\247'\204_{\261\370""1\235\2445\343\033Y!\212\201\341\272\225'\007\217\244n\264XP^/wEDy\374\307L\036C3\267\264\324\217?\347\177D\247\242\304\247\226\017\013\003""; }; "
1750527612503,1750527612503,0,1,0,3,TMGetLedger,"itype: liBASE; ledgerHash: ""\334\331\315\254\230\rBG\314\023\246\244=\351\177\254\302b&\276+H;0\312\021&\275\036\237\350R""; requestCookie: 5; queryType: qtINDIRECT; ","itype: liBASE; ledgerHash: ""\334\331\315\254\230\rBG\314\023\246\244=\351\177\254\302b&\276+H;0\312\021&\275\036\237\350R""; requestCookie: 5; queryType: qtINDIRECT; "
1750527612503,1750527612503,0,1,0,3,TMGetLedger,"itype: liBASE; ledgerHash: ""\334\331\315\254\230\rBG\314\023\246\244=\351\177\254\302b&\276+H;0\312\021&\275\036\237\350R""; ledgerSeq: 24; queryType: qtINDIRECT; ","itype: liBASE; ledgerHash: ""\334\331\315\254\230\rBG\314\023\246\244=\351\177\254\302b&\276+H;0\312\021&\275\036\237\350R""; ledgerSeq: 24; queryType: qtINDIRECT; "
1750527612503,1750527612503,0,1,0,3,TMGetLedger,"itype: liBASE; ledgerHash: ""\334\331\315\254\230\rBG\314\023\246\244=\351\177\254\302b&\276+H;0\312\021&\275\036\237\350R""; ledgerSeq: 24; requestCookie: 3; queryType: qtINDIRECT; ","itype: liBASE; ledgerHash: ""\334\331\315\254\230\rBG\314\023\246\244=\351\177\254\302b&\276+H;0\312\021&\275\036\237\350R""; ledgerSeq: 24; requestCookie: 3; queryType: qtINDIRECT; "
1750527612504,1750527612504,0,1,0,3,TMGetLedger,"itype: liBASE; ledgerHash: ""\334\331\315\254\230\rBG\314\023\246\244=\351\177\254\302b&\276+H;0\312\021&\275\036\237\350R""; ledgerSeq: 24; requestCookie: 2; queryType: qtINDIRECT; ","itype: liBASE; ledgerHash: ""\334\331\315\254\230\rBG\314\023\246\244=\351\177\254\302b&\276+H;0\312\021&\275\036\237\350R""; ledgerSeq: 24; requestCookie: 2; queryType: qtINDIRECT; "
1750527612505,1750527612505,0,1,2,3,TMGetLedger,"itype: liBASE; ledgerHash: ""\334\331\315\254\230\rBG\314\023\246\244=\351\177\254\302b&\276+H;0\312\021&\275\036\237\350R""; requestCookie: 5; queryType: qtINDIRECT; ","itype: liBASE; ledgerHash: ""\334\331\315\254\230\rBG\314\023\246\244=\351\177\254\302b&\276+H;0\312\021&\275\036\237\350R""; requestCookie: 5; queryType: qtINDIRECT; "
1750527612505,1750527612505,0,1,2,3,TMGetLedger,"itype: liBASE; ledgerHash: ""\334\331\315\254\230\rBG\314\023\246\244=\351\177\254\302b&\276+H;0\312\021&\275\036\237\350R""; ledgerSeq: 24; requestCookie: 3; queryType: qtINDIRECT; ","itype: liBASE; ledgerHash: ""\334\331\315\254\230\rBG\314\023\246\244=\351\177\254\302b&\276+H;0\312\021&\275\036\237\350R""; ledgerSeq: 24; requestCookie: 3; queryType: qtINDIRECT; "
1750527612506,1750527612506,0,1,0,3,TMGetLedger,"itype: liAS_NODE; ledgerHash: ""\334\331\315\254\230\rBG\314\023\246\244=\351\177\254\302b&\276+H;0\312\021&\275\036\237\350R""; ledgerSeq: 24; nodeIDs: ""\260\000\000\000\000\000\000\000\000\000\000\000\000\000\000\000\000\000\000\000\000\000\000\000\000\000\000\000\000\000\000\000\001""; queryType: qtINDIRECT; queryDepth: 1; ","itype: liAS_NODE; ledgerHash: ""\334\331\315\254\230\rBG\314\023\246\244=\351\177\254\302b&\276+H;0\312\021&\275\036\237\350R""; ledgerSeq: 24; nodeIDs: ""\260\000\000\000\000\000\000\000\000\000\000\000\000\000\000\000\000\000\000\000\000\000\000\000\000\000\000\000\000\000\000\000\001""; queryType: qtINDIRECT; queryDepth: 1; "
1750527612506,1750527612506,0,1,3,4,TMLedgerData,"ledgerHash: ""\334\331\315\254\230\rBG\314\023\246\244=\351\177\254\302b&\276+H;0\312\021&\275\036\237\350R""; ledgerSeq: 24; type: liBASE; nodes {;   nodedata: ""\000\000\000\030\001cEx]\211\377\330\220\371c@\017\254\363\\371\340\340VaR\205~^\226\342t\360\022\204d\231\205)\272\364?\361!\000\000\000\000\000\000\000\000\000\000\000\000\000\000\000\000\000\000\000\000\000\000\000\000\000\000\000\000\000\000\000\000\251\257S\2005\226\263\004Wf\0312`B\267\376\270\020\346\336{x\241\360\232 x'\212P#\200/\351\252\372/\351\252\373\n\000""; }; nodes {;   nodedata: ""\323C\344\327\264{\312-\017:\006{\177\344N\002\326bO\260\220\006\033\362\345\005U\221DzJ0\001\301\025%1L\307\t\261\262z\374\222T\301\274V\236\223\262\270Ct\362\337b\356\024*\324\320\351\317\002k\336\234\027v\351\217\260\303\360\233ZPZWr\246$w\313\313\r\243r\232\2234\373\3539:N\004Q\245\272D\312D\300\300\t\323\0257\345e\271\na\215{\226\255x%T\257\037\333\004\344_/R\006E\344\037@\210\363\010\336T\226\247'\204_{\261\370""1\235\2445\343\033Y!\212\201\341\272\225'\007\217\244n\264XP^/wEDy\374\307L\036C3\267\264\324\217?\347\177D\247\242\304\247\226\017\013\003""; }; requestCookie: 3; ","ledgerHash: ""\334\331\315\254\230\rBG\314\023\246\244=\351\177\254\302b&\276+H;0\312\021&\275\036\237\350R""; ledgerSeq: 24; type: liBASE; nodes {;   nodedata: ""\000\000\000\030\001cEx]\211\377\330\220\371c@\017\254\363\\371\340\340VaR\205~^\226\342t\360\022\204d\231\205)\272\364?\361!\000\000\000\000\000\000\000\000\000\000\000\000\000\000\000\000\000\000\000\000\000\000\000\000\000\000\000\000\000\000\000\000\251\257S\2005\226\263\004Wf\0312`B\267\376\270\020\346\336{x\241\360\232 x'\212P#\200/\351\252\372/\351\252\373\n\000""; }; nodes {;   nodedata: ""\323C\344\327\264{\312-\017:\006{\177\344N\002\326bO\260\220\006\033\362\345\005U\221DzJ0\001\301\025%1L\307\t\261\262z\374\222T\301\274V\236\223\262\270Ct\362\337b\356\024*\324\320\351\317\002k\336\234\027v\351\217\260\303\360\233ZPZWr\246$w\313\313\r\243r\232\2234\373\3539:N\004Q\245\272D\312D\300\300\t\323\0257\345e\271\na\215{\226\255x%T\257\037\333\004\344_/R\006E\344\037@\210\363\010\336T\226\247'\204_{\261\370""1\235\2445\343\033Y!\212\201\341\272\225'\007\217\244n\264XP^/wEDy\374\307L\036C3\267\264\324\217?\347\177D\247\242\304\247\226\017\013\003""; }; requestCookie: 3; "
1750527612506,1750527612506,0,1,3,2,TMLedgerData,"ledgerHash: ""\334\331\315\254\230\rBG\314\023\246\244=\351\177\254\302b&\276+H;0\312\021&\275\036\237\350R""; ledgerSeq: 24; type: liBASE; nodes {;   nodedata: ""\000\000\000\030\001cEx]\211\377\330\220\371c@\017\254\363\\371\340\340VaR\205~^\226\342t\360\022\204d\231\205)\272\364?\361!\000\000\000\000\000\000\000\000\000\000\000\000\000\000\000\000\000\000\000\000\000\000\000\000\000\000\000\000\000\000\000\000\251\257S\2005\226\263\004Wf\0312`B\267\376\270\020\346\336{x\241\360\232 x'\212P#\200/\351\252\372/\351\252\373\n\000""; }; nodes {;   nodedata: ""\323C\344\327\264{\312-\017:\006{\177\344N\002\326bO\260\220\006\033\362\345\005U\221DzJ0\001\301\025%1L\307\t\261\262z\374\222T\301\274V\236\223\262\270Ct\362\337b\356\024*\324\320\351\317\002k\336\234\027v\351\217\260\303\360\233ZPZWr\246$w\313\313\r\243r\232\2234\373\3539:N\004Q\245\272D\312D\300\300\t\323\0257\345e\271\na\215{\226\255x%T\257\037\333\004\344_/R\006E\344\037@\210\363\010\336T\226\247'\204_{\261\370""1\235\2445\343\033Y!\212\201\341\272\225'\007\217\244n\264XP^/wEDy\374\307L\036C3\267\264\324\217?\347\177D\247\242\304\247\226\017\013\003""; }; requestCookie: 2; ","ledgerHash: ""\334\331\315\254\230\rBG\314\023\246\244=\351\177\254\302b&\276+H;0\312\021&\275\036\237\350R""; ledgerSeq: 24; type: liBASE; nodes {;   nodedata: ""\000\000\000\030\001cEx]\211\377\330\220\371c@\017\254\363\\371\340\340VaR\205~^\226\342t\360\022\204d\231\205)\272\364?\361!\000\000\000\000\000\000\000\000\000\000\000\000\000\000\000\000\000\000\000\000\000\000\000\000\000\000\000\000\000\000\000\000\251\257S\2005\226\263\004Wf\0312`B\267\376\270\020\346\336{x\241\360\232 x'\212P#\200/\351\252\372/\351\252\373\n\000""; }; nodes {;   nodedata: ""\323C\344\327\264{\312-\017:\006{\177\344N\002\326bO\260\220\006\033\362\345\005U\221DzJ0\001\301\025%1L\307\t\261\262z\374\222T\301\274V\236\223\262\270Ct\362\337b\356\024*\324\320\351\317\002k\336\234\027v\351\217\260\303\360\233ZPZWr\246$w\313\313\r\243r\232\2234\373\3539:N\004Q\245\272D\312D\300\300\t\323\0257\345e\271\na\215{\226\255x%T\257\037\333\004\344_/R\006E\344\037@\210\363\010\336T\226\247'\204_{\261\370""1\235\2445\343\033Y!\212\201\341\272\225'\007\217\244n\264XP^/wEDy\374\307L\036C3\267\264\324\217?\347\177D\247\242\304\247\226\017\013\003""; }; requestCookie: 2; "
1750527612507,1750527612507,0,1,3,1,TMLedgerData,"ledgerHash: ""\334\331\315\254\230\rBG\314\023\246\244=\351\177\254\302b&\276+H;0\312\021&\275\036\237\350R""; ledgerSeq: 24; type: liBASE; nodes {;   nodedata: ""\000\000\000\030\001cEx]\211\377\330\220\371c@\017\254\363\\371\340\340VaR\205~^\226\342t\360\022\204d\231\205)\272\364?\361!\000\000\000\000\000\000\000\000\000\000\000\000\000\000\000\000\000\000\000\000\000\000\000\000\000\000\000\000\000\000\000\000\251\257S\2005\226\263\004Wf\0312`B\267\376\270\020\346\336{x\241\360\232 x'\212P#\200/\351\252\372/\351\252\373\n\000""; }; nodes {;   nodedata: ""\323C\344\327\264{\312-\017:\006{\177\344N\002\326bO\260\220\006\033\362\345\005U\221DzJ0\001\301\025%1L\307\t\261\262z\374\222T\301\274V\236\223\262\270Ct\362\337b\356\024*\324\320\351\317\002k\336\234\027v\351\217\260\303\360\233ZPZWr\246$w\313\313\r\243r\232\2234\373\3539:N\004Q\245\272D\312D\300\300\t\323\0257\345e\271\na\215{\226\255x%T\257\037\333\004\344_/R\006E\344\037@\210\363\010\336T\226\247'\204_{\261\370""1\235\2445\343\033Y!\212\201\341\272\225'\007\217\244n\264XP^/wEDy\374\307L\036C3\267\264\324\217?\347\177D\247\242\304\247\226\017\013\003""; }; requestCookie: 3; ","ledgerHash: ""\334\331\315\254\230\rBG\314\023\246\244=\351\177\254\302b&\276+H;0\312\021&\275\036\237\350R""; ledgerSeq: 24; type: liBASE; nodes {;   nodedata: ""\000\000\000\030\001cEx]\211\377\330\220\371c@\017\254\363\\371\340\340VaR\205~^\226\342t\360\022\204d\231\205)\272\364?\361!\000\000\000\000\000\000\000\000\000\000\000\000\000\000\000\000\000\000\000\000\000\000\000\000\000\000\000\000\000\000\000\000\251\257S\2005\226\263\004Wf\0312`B\267\376\270\020\346\336{x\241\360\232 x'\212P#\200/\351\252\372/\351\252\373\n\000""; }; nodes {;   nodedata: ""\323C\344\327\264{\312-\017:\006{\177\344N\002\326bO\260\220\006\033\362\345\005U\221DzJ0\001\301\025%1L\307\t\261\262z\374\222T\301\274V\236\223\262\270Ct\362\337b\356\024*\324\320\351\317\002k\336\234\027v\351\217\260\303\360\233ZPZWr\246$w\313\313\r\243r\232\2234\373\3539:N\004Q\245\272D\312D\300\300\t\323\0257\345e\271\na\215{\226\255x%T\257\037\333\004\344_/R\006E\344\037@\210\363\010\336T\226\247'\204_{\261\370""1\235\2445\343\033Y!\212\201\341\272\225'\007\217\244n\264XP^/wEDy\374\307L\036C3\267\264\324\217?\347\177D\247\242\304\247\226\017\013\003""; }; requestCookie: 3; "
1750527612507,1750527612508,0,1,3,1,TMLedgerData,"ledgerHash: ""\334\331\315\254\230\rBG\314\023\246\244=\351\177\254\302b&\276+H;0\312\021&\275\036\237\350R""; ledgerSeq: 24; type: liBASE; nodes {;   nodedata: ""\000\000\000\030\001cEx]\211\377\330\220\371c@\017\254\363\\371\340\340VaR\205~^\226\342t\360\022\204d\231\205)\272\364?\361!\000\000\000\000\000\000\000\000\000\000\000\000\000\000\000\000\000\000\000\000\000\000\000\000\000\000\000\000\000\000\000\000\251\257S\2005\226\263\004Wf\0312`B\267\376\270\020\346\336{x\241\360\232 x'\212P#\200/\351\252\372/\351\252\373\n\000""; }; nodes {;   nodedata: ""\323C\344\327\264{\312-\017:\006{\177\344N\002\326bO\260\220\006\033\362\345\005U\221DzJ0\001\301\025%1L\307\t\261\262z\374\222T\301\274V\236\223\262\270Ct\362\337b\356\024*\324\320\351\317\002k\336\234\027v\351\217\260\303\360\233ZPZWr\246$w\313\313\r\243r\232\2234\373\3539:N\004Q\245\272D\312D\300\300\t\323\0257\345e\271\na\215{\226\255x%T\257\037\333\004\344_/R\006E\344\037@\210\363\010\336T\226\247'\204_{\261\370""1\235\2445\343\033Y!\212\201\341\272\225'\007\217\244n\264XP^/wEDy\374\307L\036C3\267\264\324\217?\347\177D\247\242\304\247\226\017\013\003""; }; requestCookie: 2; ","ledgerHash: ""\334\331\315\254\230\rBG\314\023\246\244=\351\177\254\302b&\276+H;0\312\021&\275\036\237\350R""; ledgerSeq: 24; type: liBASE; nodes {;   nodedata: ""\000\000\000\030\001cEx]\211\377\330\220\371c@\017\254\363\\371\340\340VaR\205~^\226\342t\360\022\204d\231\205)\272\364?\361!\000\000\000\000\000\000\000\000\000\000\000\000\000\000\000\000\000\000\000\000\000\000\000\000\000\000\000\000\000\000\000\000\251\257S\2005\226\263\004Wf\0312`B\267\376\270\020\346\336{x\241\360\232 x'\212P#\200/\351\252\372/\351\252\373\n\000""; }; nodes {;   nodedata: ""\323C\344\327\264{\312-\017:\006{\177\344N\002\326bO\260\220\006\033\362\345\005U\221DzJ0\001\301\025%1L\307\t\261\262z\374\222T\301\274V\236\223\262\270Ct\362\337b\356\024*\324\320\351\317\002k\336\234\027v\351\217\260\303\360\233ZPZWr\246$w\313\313\r\243r\232\2234\373\3539:N\004Q\245\272D\312D\300\300\t\323\0257\345e\271\na\215{\226\255x%T\257\037\333\004\344_/R\006E\344\037@\210\363\010\336T\226\247'\204_{\261\370""1\235\2445\343\033Y!\212\201\341\272\225'\007\217\244n\264XP^/wEDy\374\307L\036C3\267\264\324\217?\347\177D\247\242\304\247\226\017\013\003""; }; requestCookie: 2; "
1750527612508,1750527612508,0,1,4,3,TMGetLedger,"itype: liBASE; ledgerHash: ""\334\331\315\254\230\rBG\314\023\246\244=\351\177\254\302b&\276+H;0\312\021&\275\036\237\350R""; ledgerSeq: 24; requestCookie: 1; queryType: qtINDIRECT; ","itype: liBASE; ledgerHash: ""\334\331\315\254\230\rBG\314\023\246\244=\351\177\254\302b&\276+H;0\312\021&\275\036\237\350R""; ledgerSeq: 24; requestCookie: 1; queryType: qtINDIRECT; "
1750527612509,1750527612509,0,1,4,3,TMGetLedger,"itype: liBASE; ledgerHash: ""\334\331\315\254\230\rBG\314\023\246\244=\351\177\254\302b&\276+H;0\312\021&\275\036\237\350R""; ledgerSeq: 24; requestCookie: 2; queryType: qtINDIRECT; ","itype: liBASE; ledgerHash: ""\334\331\315\254\230\rBG\314\023\246\244=\351\177\254\302b&\276+H;0\312\021&\275\036\237\350R""; ledgerSeq: 24; requestCookie: 2; queryType: qtINDIRECT; "
1750527612509,1750527612510,0,1,3,1,TMLedgerData,"ledgerHash: ""\334\331\315\254\230\rBG\314\023\246\244=\351\177\254\302b&\276+H;0\312\021&\275\036\237\350R""; ledgerSeq: 24; type: liBASE; nodes {;   nodedata: ""\000\000\000\030\001cEx]\211\377\330\220\371c@\017\254\363\\371\340\340VaR\205~^\226\342t\360\022\204d\231\205)\272\364?\361!\000\000\000\000\000\000\000\000\000\000\000\000\000\000\000\000\000\000\000\000\000\000\000\000\000\000\000\000\000\000\000\000\251\257S\2005\226\263\004Wf\0312`B\267\376\270\020\346\336{x\241\360\232 x'\212P#\200/\351\252\372/\351\252\373\n\000""; }; nodes {;   nodedata: ""\323C\344\327\264{\312-\017:\006{\177\344N\002\326bO\260\220\006\033\362\345\005U\221DzJ0\001\301\025%1L\307\t\261\262z\374\222T\301\274V\236\223\262\270Ct\362\337b\356\024*\324\320\351\317\002k\336\234\027v\351\217\260\303\360\233ZPZWr\246$w\313\313\r\243r\232\2234\373\3539:N\004Q\245\272D\312D\300\300\t\323\0257\345e\271\na\215{\226\255x%T\257\037\333\004\344_/R\006E\344\037@\210\363\010\336T\226\247'\204_{\261\370""1\235\2445\343\033Y!\212\201\341\272\225'\007\217\244n\264XP^/wEDy\374\307L\036C3\267\264\324\217?\347\177D\247\242\304\247\226\017\013\003""; }; requestCookie: 5; ","ledgerHash: ""\334\331\315\254\230\rBG\314\023\246\244=\351\177\254\302b&\276+H;0\312\021&\275\036\237\350R""; ledgerSeq: 24; type: liBASE; nodes {;   nodedata: ""\000\000\000\030\001cEx]\211\377\330\220\371c@\017\254\363\\371\340\340VaR\205~^\226\342t\360\022\204d\231\205)\272\364?\361!\000\000\000\000\000\000\000\000\000\000\000\000\000\000\000\000\000\000\000\000\000\000\000\000\000\000\000\000\000\000\000\000\251\257S\2005\226\263\004Wf\0312`B\267\376\270\020\346\336{x\241\360\232 x'\212P#\200/\351\252\372/\351\252\373\n\000""; }; nodes {;   nodedata: ""\323C\344\327\264{\312-\017:\006{\177\344N\002\326bO\260\220\006\033\362\345\005U\221DzJ0\001\301\025%1L\307\t\261\262z\374\222T\301\274V\236\223\262\270Ct\362\337b\356\024*\324\320\351\317\002k\336\234\027v\351\217\260\303\360\233ZPZWr\246$w\313\313\r\243r\232\2234\373\3539:N\004Q\245\272D\312D\300\300\t\323\0257\345e\271\na\215{\226\255x%T\257\037\333\004\344_/R\006E\344\037@\210\363\010\336T\226\247'\204_{\261\370""1\235\2445\343\033Y!\212\201\341\272\225'\007\217\244n\264XP^/wEDy\374\307L\036C3\267\264\324\217?\347\177D\247\242\304\247\226\017\013\003""; }; requestCookie: 5; "
1750527612510,1750527612510,0,1,4,3,TMGetLedger,"itype: liAS_NODE; ledgerHash: ""\334\331\315\254\230\rBG\314\023\246\244=\351\177\254\302b&\276+H;0\312\021&\275\036\237\350R""; ledgerSeq: 24; nodeIDs: ""\260\000\000\000\000\000\000\000\000\000\000\000\000\000\000\000\000\000\000\000\000\000\000\000\000\000\000\000\000\000\000\000\001""; queryType: qtINDIRECT; queryDepth: 1; ","itype: liAS_NODE; ledgerHash: ""\334\331\315\254\230\rBG\314\023\246\244=\351\177\254\302b&\276+H;0\312\021&\275\036\237\350R""; ledgerSeq: 24; nodeIDs: ""\260\000\000\000\000\000\000\000\000\000\000\000\000\000\000\000\000\000\000\000\000\000\000\000\000\000\000\000\000\000\000\000\001""; queryType: qtINDIRECT; queryDepth: 1; "
1750527612511,1750527612511,0,1,1,3,TMGetLedger,"itype: liAS_NODE; ledgerHash: ""\334\331\315\254\230\rBG\314\023\246\244=\351\177\254\302b&\276+H;0\312\021&\275\036\237\350R""; ledgerSeq: 24; nodeIDs: ""\260\000\000\000\000\000\000\000\000\000\000\000\000\000\000\000\000\000\000\000\000\000\000\000\000\000\000\000\000\000\000\000\001""; queryType: qtINDIRECT; queryDepth: 1; ","itype: liAS_NODE; ledgerHash: ""\334\331\315\254\230\rBG\314\023\246\244=\351\177\254\302b&\276+H;0\312\021&\275\036\237\350R""; ledgerSeq: 24; nodeIDs: ""\260\000\000\000\000\000\000\000\000\000\000\000\000\000\000\000\000\000\000\000\000\000\000\000\000\000\000\000\000\000\000\000\001""; queryType: qtINDIRECT; queryDepth: 1; "
1750527612511,1750527612512,0,1,2,3,TMGetLedger,"itype: liAS_NODE; ledgerHash: ""\334\331\315\254\230\rBG\314\023\246\244=\351\177\254\302b&\276+H;0\312\021&\275\036\237\350R""; ledgerSeq: 24; nodeIDs: ""\260\000\000\000\000\000\000\000\000\000\000\000\000\000\000\000\000\000\000\000\000\000\000\000\000\000\000\000\000\000\000\000\001""; queryType: qtINDIRECT; queryDepth: 1; ","itype: liAS_NODE; ledgerHash: ""\334\331\315\254\230\rBG\314\023\246\244=\351\177\254\302b&\276+H;0\312\021&\275\036\237\350R""; ledgerSeq: 24; nodeIDs: ""\260\000\000\000\000\000\000\000\000\000\000\000\000\000\000\000\000\000\000\000\000\000\000\000\000\000\000\000\000\000\000\000\001""; queryType: qtINDIRECT; queryDepth: 1; "
1750527612512,1750527612512,0,1,3,0,TMLedgerData,"ledgerHash: ""\334\331\315\254\230\rBG\314\023\246\244=\351\177\254\302b&\276+H;0\312\021&\275\036\237\350R""; ledgerSeq: 24; type: liBASE; nodes {;   nodedata: ""\000\000\000\030\001cEx]\211\377\330\220\371c@\017\254\363\\371\340\340VaR\205~^\226\342t\360\022\204d\231\205)\272\364?\361!\000\000\000\000\000\000\000\000\000\000\000\000\000\000\000\000\000\000\000\000\000\000\000\000\000\000\000\000\000\000\000\000\251\257S\2005\226\263\004Wf\0312`B\267\376\270\020\346\336{x\241\360\232 x'\212P#\200/\351\252\372/\351\252\373\n\000""; }; nodes {;   nodedata: ""\323C\344\327\264{\312-\017:\006{\177\344N\002\326bO\260\220\006\033\362\345\005U\221DzJ0\001\301\025%1L\307\t\261\262z\374\222T\301\274V\236\223\262\270Ct\362\337b\356\024*\324\320\351\317\002k\336\234\027v\351\217\260\303\360\233ZPZWr\246$w\313\313\r\243r\232\2234\373\3539:N\004Q\245\272D\312D\300\300\t\323\0257\345e\271\na\215{\226\255x%T\257\037\333\004\344_/R\006E\344\037@\210\363\010\336T\226\247'\204_{\261\370""1\235\2445\343\033Y!\212\201\341\272\225'\007\217\244n\264XP^/wEDy\374\307L\036C3\267\264\324\217?\347\177D\247\242\304\247\226\017\013\003""; }; requestCookie: 5; ","ledgerHash: ""\334\331\315\254\230\rBG\314\023\246\244=\351\177\254\302b&\276+H;0\312\021&\275\036\237\350R""; ledgerSeq: 24; type: liBASE; nodes {;   nodedata: ""\000\000\000\030\001cEx]\211\377\330\220\371c@\017\254\363\\371\340\340VaR\205~^\226\342t\360\022\204d\231\205)\272\364?\361!\000\000\000\000\000\000\000\000\000\000\000\000\000\000\000\000\000\000\000\000\000\000\000\000\000\000\000\000\000\000\000\000\251\257S\2005\226\263\004Wf\0312`B\267\376\270\020\346\336{x\241\360\232 x'\212P#\200/\351\252\372/\351\252\373\n\000""; }; nodes {;   nodedata: ""\323C\344\327\264{\312-\017:\006{\177\344N\002\326bO\260\220\006\033\362\345\005U\221DzJ0\001\301\025%1L\307\t\261\262z\374\222T\301\274V\236\223\262\270Ct\362\337b\356\024*\324\320\351\317\002k\336\234\027v\351\217\260\303\360\233ZPZWr\246$w\313\313\r\243r\232\2234\373\3539:N\004Q\245\272D\312D\300\300\t\323\0257\345e\271\na\215{\226\255x%T\257\037\333\004\344_/R\006E\344\037@\210\363\010\336T\226\247'\204_{\261\370""1\235\2445\343\033Y!\212\201\341\272\225'\007\217\244n\264XP^/wEDy\374\307L\036C3\267\264\324\217?\347\177D\247\242\304\247\226\017\013\003""; }; requestCookie: 5; "
1750527612512,1750527612512,0,1,3,0,TMLedgerData,"ledgerHash: ""\334\331\315\254\230\rBG\314\023\246\244=\351\177\254\302b&\276+H;0\312\021&\275\036\237\350R""; ledgerSeq: 24; type: liBASE; nodes {;   nodedata: ""\000\000\000\030\001cEx]\211\377\330\220\371c@\017\254\363\\371\340\340VaR\205~^\226\342t\360\022\204d\231\205)\272\364?\361!\000\000\000\000\000\000\000\000\000\000\000\000\000\000\000\000\000\000\000\000\000\000\000\000\000\000\000\000\000\000\000\000\251\257S\2005\226\263\004Wf\0312`B\267\376\270\020\346\336{x\241\360\232 x'\212P#\200/\351\252\372/\351\252\373\n\000""; }; nodes {;   nodedata: ""\323C\344\327\264{\312-\017:\006{\177\344N\002\326bO\260\220\006\033\362\345\005U\221DzJ0\001\301\025%1L\307\t\261\262z\374\222T\301\274V\236\223\262\270Ct\362\337b\356\024*\324\320\351\317\002k\336\234\027v\351\217\260\303\360\233ZPZWr\246$w\313\313\r\243r\232\2234\373\3539:N\004Q\245\272D\312D\300\300\t\323\0257\345e\271\na\215{\226\255x%T\257\037\333\004\344_/R\006E\344\037@\210\363\010\336T\226\247'\204_{\261\370""1\235\2445\343\033Y!\212\201\341\272\225'\007\217\244n\264XP^/wEDy\374\307L\036C3\267\264\324\217?\347\177D\247\242\304\247\226\017\013\003""; }; ","ledgerHash: ""\334\331\315\254\230\rBG\314\023\246\244=\351\177\254\302b&\276+H;0\312\021&\275\036\237\350R""; ledgerSeq: 24; type: liBASE; nodes {;   nodedata: ""\000\000\000\030\001cEx]\211\377\330\220\371c@\017\254\363\\371\340\340VaR\205~^\226\342t\360\022\204d\231\205)\272\364?\361!\000\000\000\000\000\000\000\000\000\000\000\000\000\000\000\000\000\000\000\000\000\000\000\000\000\000\000\000\000\000\000\000\251\257S\2005\226\263\004Wf\0312`B\267\376\270\020\346\336{x\241\360\232 x'\212P#\200/\351\252\372/\351\252\373\n\000""; }; nodes {;   nodedata: ""\323C\344\327\264{\312-\017:\006{\177\344N\002\326bO\260\220\006\033\362\345\005U\221DzJ0\001\301\025%1L\307\t\261\262z\374\222T\301\274V\236\223\262\270Ct\362\337b\356\024*\324\320\351\317\002k\336\234\027v\351\217\260\303\360\233ZPZWr\246$w\313\313\r\243r\232\2234\373\3539:N\004Q\245\272D\312D\300\300\t\323\0257\345e\271\na\215{\226\255x%T\257\037\333\004\344_/R\006E\344\037@\210\363\010\336T\226\247'\204_{\261\370""1\235\2445\343\033Y!\212\201\341\272\225'\007\217\244n\264XP^/wEDy\374\307L\036C3\267\264\324\217?\347\177D\247\242\304\247\226\017\013\003""; }; "
1750527612513,1750527612513,0,1,3,0,TMLedgerData,"ledgerHash: ""\334\331\315\254\230\rBG\314\023\246\244=\351\177\254\302b&\276+H;0\312\021&\275\036\237\350R""; ledgerSeq: 24; type: liBASE; nodes {;   nodedata: ""\000\000\000\030\001cEx]\211\377\330\220\371c@\017\254\363\\371\340\340VaR\205~^\226\342t\360\022\204d\231\205)\272\364?\361!\000\000\000\000\000\000\000\000\000\000\000\000\000\000\000\000\000\000\000\000\000\000\000\000\000\000\000\000\000\000\000\000\251\257S\2005\226\263\004Wf\0312`B\267\376\270\020\346\336{x\241\360\232 x'\212P#\200/\351\252\372/\351\252\373\n\000""; }; nodes {;   nodedata: ""\323C\344\327\264{\312-\017:\006{\177\344N\002\326bO\260\220\006\033\362\345\005U\221DzJ0\001\301\025%1L\307\t\261\262z\374\222T\301\274V\236\223\262\270Ct\362\337b\356\024*\324\320\351\317\002k\336\234\027v\351\217\260\303\360\233ZPZWr\246$w\313\313\r\243r\232\2234\373\3539:N\004Q\245\272D\312D\300\300\t\323\0257\345e\271\na\215{\226\255x%T\257\037\333\004\344_/R\006E\344\037@\210\363\010\336T\226\247'\204_{\261\370""1\235\2445\343\033Y!\212\201\341\272\225'\007\217\244n\264XP^/wEDy\374\307L\036C3\267\264\324\217?\347\177D\247\242\304\247\226\017\013\003""; }; requestCookie: 3; ","ledgerHash: ""\334\331\315\254\230\rBG\314\023\246\244=\351\177\254\302b&\276+H;0\312\021&\275\036\237\350R""; ledgerSeq: 24; type: liBASE; nodes {;   nodedata: ""\000\000\000\030\001cEx]\211\377\330\220\371c@\017\254\363\\371\340\340VaR\205~^\226\342t\360\022\204d\231\205)\272\364?\361!\000\000\000\000\000\000\000\000\000\000\000\000\000\000\000\000\000\000\000\000\000\000\000\000\000\000\000\000\000\000\000\000\251\257S\2005\226\263\004Wf\0312`B\267\376\270\020\346\336{x\241\360\232 x'\212P#\200/\351\252\372/\351\252\373\n\000""; }; nodes {;   nodedata: ""\323C\344\327\264{\312-\017:\006{\177\344N\002\326bO\260\220\006\033\362\345\005U\221DzJ0\001\301\025%1L\307\t\261\262z\374\222T\301\274V\236\223\262\270Ct\362\337b\356\024*\324\320\351\317\002k\336\234\027v\351\217\260\303\360\233ZPZWr\246$w\313\313\r\243r\232\2234\373\3539:N\004Q\245\272D\312D\300\300\t\323\0257\345e\271\na\215{\226\255x%T\257\037\333\004\344_/R\006E\344\037@\210\363\010\336T\226\247'\204_{\261\370""1\235\2445\343\033Y!\212\201\341\272\225'\007\217\244n\264XP^/wEDy\374\307L\036C3\267\264\324\217?\347\177D\247\242\304\247\226\017\013\003""; }; requestCookie: 3; "
1750527612514,1750527612514,0,1,3,0,TMLedgerData,"ledgerHash: ""\334\331\315\254\230\rBG\314\023\246\244=\351\177\254\302b&\276+H;0\312\021&\275\036\237\350R""; ledgerSeq: 24; type: liBASE; nodes {;   nodedata: ""\000\000\000\030\001cEx]\211\377\330\220\371c@\017\254\363\\371\340\340VaR\205~^\226\342t\360\022\204d\231\205)\272\364?\361!\000\000\000\000\000\000\000\000\000\000\000\000\000\000\000\000\000\000\000\000\000\000\000\000\000\000\000\000\000\000\000\000\251\257S\2005\226\263\004Wf\0312`B\267\376\270\020\346\336{x\241\360\232 x'\212P#\200/\351\252\372/\351\252\373\n\000""; }; nodes {;   nodedata: ""\323C\344\327\264{\312-\017:\006{\177\344N\002\326bO\260\220\006\033\362\345\005U\221DzJ0\001\301\025%1L\307\t\261\262z\374\222T\301\274V\236\223\262\270Ct\362\337b\356\024*\324\320\351\317\002k\336\234\027v\351\217\260\303\360\233ZPZWr\246$w\313\313\r\243r\232\2234\373\3539:N\004Q\245\272D\312D\300\300\t\323\0257\345e\271\na\215{\226\255x%T\257\037\333\004\344_/R\006E\344\037@\210\363\010\336T\226\247'\204_{\261\370""1\235\2445\343\033Y!\212\201\341\272\225'\007\217\244n\264XP^/wEDy\374\307L\036C3\267\264\324\217?\347\177D\247\242\304\247\226\017\013\003""; }; requestCookie: 2; ","ledgerHash: ""\334\331\315\254\230\rBG\314\023\246\244=\351\177\254\302b&\276+H;0\312\021&\275\036\237\350R""; ledgerSeq: 24; type: liBASE; nodes {;   nodedata: ""\000\000\000\030\001cEx]\211\377\330\220\371c@\017\254\363\\371\340\340VaR\205~^\226\342t\360\022\204d\231\205)\272\364?\361!\000\000\000\000\000\000\000\000\000\000\000\000\000\000\000\000\000\000\000\000\000\000\000\000\000\000\000\000\000\000\000\000\251\257S\2005\226\263\004Wf\0312`B\267\376\270\020\346\336{x\241\360\232 x'\212P#\200/\351\252\372/\351\252\373\n\000""; }; nodes {;   nodedata: ""\323C\344\327\264{\312-\017:\006{\177\344N\002\326bO\260\220\006\033\362\345\005U\221DzJ0\001\301\025%1L\307\t\261\262z\374\222T\301\274V\236\223\262\270Ct\362\337b\356\024*\324\320\351\317\002k\336\234\027v\351\217\260\303\360\233ZPZWr\246$w\313\313\r\243r\232\2234\373\3539:N\004Q\245\272D\312D\300\300\t\323\0257\345e\271\na\215{\226\255x%T\257\037\333\004\344_/R\006E\344\037@\210\363\010\336T\226\247'\204_{\261\370""1\235\2445\343\033Y!\212\201\341\272\225'\007\217\244n\264XP^/wEDy\374\307L\036C3\267\264\324\217?\347\177D\247\242\304\247\226\017\013\003""; }; requestCookie: 2; "
1750527612514,1750527612514,0,1,3,2,TMLedgerData,"ledgerHash: ""\334\331\315\254\230\rBG\314\023\246\244=\351\177\254\302b&\276+H;0\312\021&\275\036\237\350R""; ledgerSeq: 24; type: liBASE; nodes {;   nodedata: ""\000\000\000\030\001cEx]\211\377\330\220\371c@\017\254\363\\371\340\340VaR\205~^\226\342t\360\022\204d\231\205)\272\364?\361!\000\000\000\000\000\000\000\000\000\000\000\000\000\000\000\000\000\000\000\000\000\000\000\000\000\000\000\000\000\000\000\000\251\257S\2005\226\263\004Wf\0312`B\267\376\270\020\346\336{x\241\360\232 x'\212P#\200/\351\252\372/\351\252\373\n\000""; }; nodes {;   nodedata: ""\323C\344\327\264{\312-\017:\006{\177\344N\002\326bO\260\220\006\033\362\345\005U\221DzJ0\001\301\025%1L\307\t\261\262z\374\222T\301\274V\236\223\262\270Ct\362\337b\356\024*\324\320\351\317\002k\336\234\027v\351\217\260\303\360\233ZPZWr\246$w\313\313\r\243r\232\2234\373\3539:N\004Q\245\272D\312D\300\300\t\323\0257\345e\271\na\215{\226\255x%T\257\037\333\004\344_/R\006E\344\037@\210\363\010\336T\226\247'\204_{\261\370""1\235\2445\343\033Y!\212\201\341\272\225'\007\217\244n\264XP^/wEDy\374\307L\036C3\267\264\324\217?\347\177D\247\242\304\247\226\017\013\003""; }; requestCookie: 5; ","ledgerHash: ""\334\331\315\254\230\rBG\314\023\246\244=\351\177\254\302b&\276+H;0\312\021&\275\036\237\350R""; ledgerSeq: 24; type: liBASE; nodes {;   nodedata: ""\000\000\000\030\001cEx]\211\377\330\220\371c@\017\254\363\\371\340\340VaR\205~^\226\342t\360\022\204d\231\205)\272\364?\361!\000\000\000\000\000\000\000\000\000\000\000\000\000\000\000\000\000\000\000\000\000\000\000\000\000\000\000\000\000\000\000\000\251\257S\2005\226\263\004Wf\0312`B\267\376\270\020\346\336{x\241\360\232 x'\212P#\200/\351\252\372/\351\252\373\n\000""; }; nodes {;   nodedata: ""\323C\344\327\264{\312-\017:\006{\177\344N\002\326bO\260\220\006\033\362\345\005U\221DzJ0\001\301\025%1L\307\t\261\262z\374\222T\301\274V\236\223\262\270Ct\362\337b\356\024*\324\320\351\317\002k\336\234\027v\351\217\260\303\360\233ZPZWr\246$w\313\313\r\243r\232\2234\373\3539:N\004Q\245\272D\312D\300\300\t\323\0257\345e\271\na\215{\226\255x%T\257\037\333\004\344_/R\006E\344\037@\210\363\010\336T\226\247'\204_{\261\370""1\235\2445\343\033Y!\212\201\341\272\225'\007\217\244n\264XP^/wEDy\374\307L\036C3\267\264\324\217?\347\177D\247\242\304\247\226\017\013\003""; }; requestCookie: 5; "
1750527612515,1750527612515,0,1,3,2,TMLedgerData,"ledgerHash: ""\334\331\315\254\230\rBG\314\023\246\244=\351\177\254\302b&\276+H;0\312\021&\275\036\237\350R""; ledgerSeq: 24; type: liBASE; nodes {;   nodedata: ""\000\000\000\030\001cEx]\211\377\330\220\371c@\017\254\363\\371\340\340VaR\205~^\226\342t\360\022\204d\231\205)\272\364?\361!\000\000\000\000\000\000\000\000\000\000\000\000\000\000\000\000\000\000\000\000\000\000\000\000\000\000\000\000\000\000\000\000\251\257S\2005\226\263\004Wf\0312`B\267\376\270\020\346\336{x\241\360\232 x'\212P#\200/\351\252\372/\351\252\373\n\000""; }; nodes {;   nodedata: ""\323C\344\327\264{\312-\017:\006{\177\344N\002\326bO\260\220\006\033\362\345\005U\221DzJ0\001\301\025%1L\307\t\261\262z\374\222T\301\274V\236\223\262\270Ct\362\337b\356\024*\324\320\351\317\002k\336\234\027v\351\217\260\303\360\233ZPZWr\246$w\313\313\r\243r\232\2234\373\3539:N\004Q\245\272D\312D\300\300\t\323\0257\345e\271\na\215{\226\255x%T\257\037\333\004\344_/R\006E\344\037@\210\363\010\336T\226\247'\204_{\261\370""1\235\2445\343\033Y!\212\201\341\272\225'\007\217\244n\264XP^/wEDy\374\307L\036C3\267\264\324\217?\347\177D\247\242\304\247\226\017\013\003""; }; requestCookie: 3; ","ledgerHash: ""\334\331\315\254\230\rBG\314\023\246\244=\351\177\254\302b&\276+H;0\312\021&\275\036\237\350R""; ledgerSeq: 24; type: liBASE; nodes {;   nodedata: ""\000\000\000\030\001cEx]\211\377\330\220\371c@\017\254\363\\371\340\340VaR\205~^\226\342t\360\022\204d\231\205)\272\364?\361!\000\000\000\000\000\000\000\000\000\000\000\000\000\000\000\000\000\000\000\000\000\000\000\000\000\000\000\000\000\000\000\000\251\257S\2005\226\263\004Wf\0312`B\267\376\270\020\346\336{x\241\360\232 x'\212P#\200/\351\252\372/\351\252\373\n\000""; }; nodes {;   nodedata: ""\323C\344\327\264{\312-\017:\006{\177\344N\002\326bO\260\220\006\033\362\345\005U\221DzJ0\001\301\025%1L\307\t\261\262z\374\222T\301\274V\236\223\262\270Ct\362\337b\356\024*\324\320\351\317\002k\336\234\027v\351\217\260\303\360\233ZPZWr\246$w\313\313\r\243r\232\2234\373\3539:N\004Q\245\272D\312D\300\300\t\323\0257\345e\271\na\215{\226\255x%T\257\037\333\004\344_/R\006E\344\037@\210\363\010\336T\226\247'\204_{\261\370""1\235\2445\343\033Y!\212\201\341\272\225'\007\217\244n\264XP^/wEDy\374\307L\036C3\267\264\324\217?\347\177D\247\242\304\247\226\017\013\003""; }; requestCookie: 3; "
1750527612515,1750527612516,0,1,3,0,TMLedgerData,"ledgerHash: ""\334\331\315\254\230\rBG\314\023\246\244=\351\177\254\302b&\276+H;0\312\021&\275\036\237\350R""; ledgerSeq: 24; type: liAS_NODE; nodes {;   nodedata: ""\021\000h""\000\000\000\000 \033\000\000\000\027\002\023\303?\330\356GuH\375\327!\255\371\r\231\262R\256J\034\222\241\355X\265E\241^W\225\304\014\361CX-}\351f\032\255\274\334m\326c\017\014ao[\342\230\003\245\245\3341Hm\326^\017jy\335\261\032Yt\320\244{g\0306\\302\303*\341\215\223\257\364\277o\375\000r\241SOq\221\253\262\005\017\375T\356\014\360o'\030\311-\267\031\257!\031T\006><\315XM\334\324\345\034\000\325\367\240\271\013\265\024\321\362\354\211\250.\234s\225amc\305\035\366\276\037nD\277`\210\223N\3535\033\261\304f\331]\036\237\306o!\223\221\002\324\031\262\240R\177 ,\214\325\Q])\016\2067\277\t\354\010\000\360\215\2502\265\245\310\226\243c\302Ze\306\253#r\020\211\320iG\276\020E\317\035Sf\223F\254\033@\177e\277\016\010u\327\371&\262\312\317Q\2361t\377x\234\001v\003%\030\325_\225g\204\346a=\225\273\331\354\365*U\363\263N\367b\371\244\314-w\363\262\225Z\200\206\235\233\257?sE\2674\254\326mU\377?\177Ek\336\030!\316Aa\225\303\022\377{\210Y\226\271as\354L\035\004\341\361\035\301\024\220m#*\372\032\3178~\374\250\014*\323\342'z69\220\327\256\351G\367\317u\302\207\270b\315\333\333\334\310I\323&\014\352XZnW2.\335\347\202\021\247\362\212e\034\000\001\250\220\305;a\314\265R\310\017\317\331\235\360\262\240:\277\202\266\354\265X""\022\nh\252\352w\204\203\023]\001f\352\277\0031Q]\362\370R\350{\261\202\240\344\215\201\353\276\322p5p\350\354\017>\250r\241c\273\016\301\024\363\242\247\263\231\370\344\nBW\220K\316@3\243\200\036wk\253GSlU\010\360\231>\331\263H\214\324\030A\225\301o\346pkSF\004\241\213w9\223=\250\262*+\255\351r\265\244c\024\213\t\007`\223\325#\3477\210\345P\306\013\320\252[\0216+\227=`\371P\314\346 V7\271[~\n\237\274|\347\352@K\253~&\260\032\024\004B\200\255h\351\013\361\031:nG\211\005|\2003\266\274\251,W\006u\344\335d\003\306\212\313,\340\350bG\n\030Z\2732-\246\312\255\030\003\235207\005}D\260\0261ah\322M\304\216\273m0\271\234\237\007<w$\265C\245\232\033\023\313c\321B\032l\301h\005\320\252\301\361(\330[\343\357\343{\235\n\266g\272>\177\317\347\261qb&\270&\346ju\200\363N\320\307\004\034\001n\317\361\2653\254\2503\247\305\372\316W\022O\253x\250\025\373\247\354Tc\304\263\243^\352Gv\\264\261\r\035\226\306\2411\351\233\203\215\200$\231\300f\220\371c@\017\254\363\\371\340\340VaR\205~^\226\342t\360\022\204d\231\205)\272\364?\361!\264\227\2326\315\307\363\323\325\303\032N\256*\307\327 \235\332\207u\210\271\257\306g\231i*\260\326k\001"";   nodeid: ""\260\000\000\000\000\000\000\000\000\000\000\000\000\000\000\000\000\000\000\000\000\000\000\000\000\000\000\000\000\000\000\000\001""; }; ","ledgerHash: ""\334\331\315\254\230\rBG\314\023\246\244=\351\177\254\302b&\276+H;0\312\021&\275\036\237\350R""; ledgerSeq: 24; type: liAS_NODE; nodes {;   nodedata: ""\021\000h""\000\000\000\000 \033\000\000\000\027\002\023\303?\330\356GuH\375\327!\255\371\r\231\262R\256J\034\222\241\355X\265E\241^W\225\304\014\361CX-}\351f\032\255\274\334m\326c\017\014ao[\342\230\003\245\245\3341Hm\326^\017jy\335\261\032Yt\320\244{g\0306\\302\303*\341\215\223\257\364\277o\375\000r\241SOq\221\253\262\005\017\375T\356\014\360o'\030\311-\267\031\257!\031T\006><\315XM\334\324\345\034\000\325\367\240\271\013\265\024\321\362\354\211\250.\234s\225amc\305\035\366\276\037nD\277`\210\223N\3535\033\261\304f\331]\036\237\306o!\223\221\002\324\031\262\240R\177 ,\214\325\Q])\016\2067\277\t\354\010\000\360\215\2502\265\245\310\226\243c\302Ze\306\253#r\020\211\320iG\276\020E\317\035Sf\223F\254\033@\177e\277\016\010u\327\371&\262\312\317Q\2361t\377x\234\001v\003%\030\325_\225g\204\346a=\225\273\331\354\365*U\363\263N\367b\371\244\314-w\363\262\225Z\200\206\235\233\257?sE\2674\254\326mU\377?\177Ek\336\030!\316Aa\225\303\022\377{\210Y\226\271as\354L\035\004\341\361\035\301\024\220m#*\372\032\3178~\374\250\014*\323\342'z69\220\327\256\351G\367\317u\302\207\270b\315\333\333\334\310I\323&\014\352XZnW2.\335\347\202\021\247\362\212e\034\000\001\250\220\305;a\314\265R\310\017\317\331\235\360\262\240:\277\202\266\354\265X""\022\nh\252\352w\204\203\023]\001f\352\277\0031Q]\362\370R\350{\261\202\240\344\215\201\353\276\322p5p\350\354\017>\250r\241c\273\016\301\024\363\242\247\263\231\370\344\nBW\220K\316@3\243\200\036wk\253GSlU\010\360\231>\331\263H\214\324\030A\225\301o\346pkSF\004\241\213w9\223=\250\262*+\255\351r\265\244c\024\213\t\007`\223\325#\3477\210\345P\306\013\320\252[\0216+\227=`\371P\314\346 V7\271[~\n\237\274|\347\352@K\253~&\260\032\024\004B\200\255h\351\013\361\031:nG\211\005|\2003\266\274\251,W\006u\344\335d\003\306\212\313,\340\350bG\n\030Z\2732-\246\312\255\030\003\235207\005}D\260\0261ah\322M\304\216\273m0\271\234\237\007<w$\265C\245\232\033\023\313c\321B\032l\301h\005\320\252\301\361(\330[\343\357\343{\235\n\266g\272>\177\317\347\261qb&\270&\346ju\200\363N\320\307\004\034\001n\317\361\2653\254\2503\247\305\372\316W\022O\253x\250\025\373\247\354Tc\304\263\243^\352Gv\\264\261\r\035\226\306\2411\351\233\203\215\200$\231\300f\220\371c@\017\254\363\\371\340\340VaR\205~^\226\342t\360\022\204d\231\205)\272\364?\361!\264\227\2326\315\307\363\323\325\303\032N\256*\307\327 \235\332\207u\210\271\257\306g\231i*\260\326k\001"";   nodeid: ""\260\000\000\000\000\000\000\000\000\000\000\000\000\000\000\000\000\000\000\000\000\000\000\000\000\000\000\000\000\000\000\000\001""; }; "
1750527612517,1750527612517,0,1,4,2,TMLedgerData,"ledgerHash: ""\334\331\315\254\230\rBG\314\023\246\244=\351\177\254\302b&\276+H;0\312\021&\275\036\237\350R""; ledgerSeq: 24; type: liBASE; nodes {;   nodedata: ""\000\000\000\030\001cEx]\211\377\330\220\371c@\017\254\363\\371\340\340VaR\205~^\226\342t\360\022\204d\231\205)\272\364?\361!\000\000\000\000\000\000\000\000\000\000\000\000\000\000\000\000\000\000\000\000\000\000\000\000\000\000\000\000\000\000\000\000\251\257S\2005\226\263\004Wf\0312`B\267\376\270\020\346\336{x\241\360\232 x'\212P#\200/\351\252\372/\351\252\373\n\000""; }; nodes {;   nodedata: ""\323C\344\327\264{\312-\017:\006{\177\344N\002\326bO\260\220\006\033\362\345\005U\221DzJ0\001\301\025%1L\307\t\261\262z\374\222T\301\274V\236\223\262\270Ct\362\337b\356\024*\324\320\351\317\002k\336\234\027v\351\217\260\303\360\233ZPZWr\246$w\313\313\r\243r\232\2234\373\3539:N\004Q\245\272D\312D\300\300\t\323\0257\345e\271\na\215{\226\255x%T\257\037\333\004\344_/R\006E\344\037@\210\363\010\336T\226\247'\204_{\261\370""1\235\2445\343\033Y!\212\201\341\272\225'\007\217\244n\264XP^/wEDy\374\307L\036C3\267\264\324\217?\347\177D\247\242\304\247\226\017\013\003""; }; ","ledgerHash: ""\334\331\315\254\230\rBG\314\023\246\244=\351\177\254\302b&\276+H;0\312\021&\275\036\237\350R""; ledgerSeq: 24; type: liBASE; nodes {;   nodedata: ""\000\000\000\030\001cEx]\211\377\330\220\371c@\017\254\363\\371\340\340VaR\205~^\226\342t\360\022\204d\231\205)\272\364?\361!\000\000\000\000\000\000\000\000\000\000\000\000\000\000\000\000\000\000\000\000\000\000\000\000\000\000\000\000\000\000\000\000\251\257S\2005\226\263\004Wf\0312`B\267\376\270\020\346\336{x\241\360\232 x'\212P#\200/\351\252\372/\351\252\373\n\000""; }; nodes {;   nodedata: ""\323C\344\327\264{\312-\017:\006{\177\344N\002\326bO\260\220\006\033\362\345\005U\221DzJ0\001\301\025%1L\307\t\261\262z\374\222T\301\274V\236\223\262\270Ct\362\337b\356\024*\324\320\351\317\002k\336\234\027v\351\217\260\303\360\233ZPZWr\246$w\313\313\r\243r\232\2234\373\3539:N\004Q\245\272D\312D\300\300\t\323\0257\345e\271\na\215{\226\255x%T\257\037\333\004\344_/R\006E\344\037@\210\363\010\336T\226\247'\204_{\261\370""1\235\2445\343\033Y!\212\201\341\272\225'\007\217\244n\264XP^/wEDy\374\307L\036C3\267\264\324\217?\347\177D\247\242\304\247\226\017\013\003""; }; "
1750527612517,1750527612517,0,1,2,0,TMLedgerData,"ledgerHash: ""\334\331\315\254\230\rBG\314\023\246\244=\351\177\254\302b&\276+H;0\312\021&\275\036\237\350R""; ledgerSeq: 24; type: liBASE; nodes {;   nodedata: ""\000\000\000\030\001cEx]\211\377\330\220\371c@\017\254\363\\371\340\340VaR\205~^\226\342t\360\022\204d\231\205)\272\364?\361!\000\000\000\000\000\000\000\000\000\000\000\000\000\000\000\000\000\000\000\000\000\000\000\000\000\000\000\000\000\000\000\000\251\257S\2005\226\263\004Wf\0312`B\267\376\270\020\346\336{x\241\360\232 x'\212P#\200/\351\252\372/\351\252\373\n\000""; }; nodes {;   nodedata: ""\323C\344\327\264{\312-\017:\006{\177\344N\002\326bO\260\220\006\033\362\345\005U\221DzJ0\001\301\025%1L\307\t\261\262z\374\222T\301\274V\236\223\262\270Ct\362\337b\356\024*\324\320\351\317\002k\336\234\027v\351\217\260\303\360\233ZPZWr\246$w\313\313\r\243r\232\2234\373\3539:N\004Q\245\272D\312D\300\300\t\323\0257\345e\271\na\215{\226\255x%T\257\037\333\004\344_/R\006E\344\037@\210\363\010\336T\226\247'\204_{\261\370""1\235\2445\343\033Y!\212\201\341\272\225'\007\217\244n\264XP^/wEDy\374\307L\036C3\267\264\324\217?\347\177D\247\242\304\247\226\017\013\003""; }; ","ledgerHash: ""\334\331\315\254\230\rBG\314\023\246\244=\351\177\254\302b&\276+H;0\312\021&\275\036\237\350R""; ledgerSeq: 24; type: liBASE; nodes {;   nodedata: ""\000\000\000\030\001cEx]\211\377\330\220\371c@\017\254\363\\371\340\340VaR\205~^\226\342t\360\022\204d\231\205)\272\364?\361!\000\000\000\000\000\000\000\000\000\000\000\000\000\000\000\000\000\000\000\000\000\000\000\000\000\000\000\000\000\000\000\000\251\257S\2005\226\263\004Wf\0312`B\267\376\270\020\346\336{x\241\360\232 x'\212P#\200/\351\252\372/\351\252\373\n\000""; }; nodes {;   nodedata: ""\323C\344\327\264{\312-\017:\006{\177\344N\002\326bO\260\220\006\033\362\345\005U\221DzJ0\001\301\025%1L\307\t\261\262z\374\222T\301\274V\236\223\262\270Ct\362\337b\356\024*\324\320\351\317\002k\336\234\027v\351\217\260\303\360\233ZPZWr\246$w\313\313\r\243r\232\2234\373\3539:N\004Q\245\272D\312D\300\300\t\323\0257\345e\271\na\215{\226\255x%T\257\037\333\004\344_/R\006E\344\037@\210\363\010\336T\226\247'\204_{\261\370""1\235\2445\343\033Y!\212\201\341\272\225'\007\217\244n\264XP^/wEDy\374\307L\036C3\267\264\324\217?\347\177D\247\242\304\247\226\017\013\003""; }; "
1750527612518,1750527612518,0,1,1,2,TMLedgerData,"ledgerHash: ""\334\331\315\254\230\rBG\314\023\246\244=\351\177\254\302b&\276+H;0\312\021&\275\036\237\350R""; ledgerSeq: 24; type: liBASE; nodes {;   nodedata: ""\000\000\000\030\001cEx]\211\377\330\220\371c@\017\254\363\\371\340\340VaR\205~^\226\342t\360\022\204d\231\205)\272\364?\361!\000\000\000\000\000\000\000\000\000\000\000\000\000\000\000\000\000\000\000\000\000\000\000\000\000\000\000\000\000\000\000\000\251\257S\2005\226\263\004Wf\0312`B\267\376\270\020\346\336{x\241\360\232 x'\212P#\200/\351\252\372/\351\252\373\n\000""; }; nodes {;   nodedata: ""\323C\344\327\264{\312-\017:\006{\177\344N\002\326bO\260\220\006\033\362\345\005U\221DzJ0\001\301\025%1L\307\t\261\262z\374\222T\301\274V\236\223\262\270Ct\362\337b\356\024*\324\320\351\317\002k\336\234\027v\351\217\260\303\360\233ZPZWr\246$w\313\313\r\243r\232\2234\373\3539:N\004Q\245\272D\312D\300\300\t\323\0257\345e\271\na\215{\226\255x%T\257\037\333\004\344_/R\006E\344\037@\210\363\010\336T\226\247'\204_{\261\370""1\235\2445\343\033Y!\212\201\341\272\225'\007\217\244n\264XP^/wEDy\374\307L\036C3\267\264\324\217?\347\177D\247\242\304\247\226\017\013\003""; }; ","ledgerHash: ""\334\331\315\254\230\rBG\314\023\246\244=\351\177\254\302b&\276+H;0\312\021&\275\036\237\350R""; ledgerSeq: 24; type: liBASE; nodes {;   nodedata: ""\000\000\000\030\001cEx]\211\377\330\220\371c@\017\254\363\\371\340\340VaR\205~^\226\342t\360\022\204d\231\205)\272\364?\361!\000\000\000\000\000\000\000\000\000\000\000\000\000\000\000\000\000\000\000\000\000\000\000\000\000\000\000\000\000\000\000\000\251\257S\2005\226\263\004Wf\0312`B\267\376\270\020\346\336{x\241\360\232 x'\212P#\200/\351\252\372/\351\252\373\n\000""; }; nodes {;   nodedata: ""\323C\344\327\264{\312-\017:\006{\177\344N\002\326bO\260\220\006\033\362\345\005U\221DzJ0\001\301\025%1L\307\t\261\262z\374\222T\301\274V\236\223\262\270Ct\362\337b\356\024*\324\320\351\317\002k\336\234\027v\351\217\260\303\360\233ZPZWr\246$w\313\313\r\243r\232\2234\373\3539:N\004Q\245\272D\312D\300\300\t\323\0257\345e\271\na\215{\226\255x%T\257\037\333\004\344_/R\006E\344\037@\210\363\010\336T\226\247'\204_{\261\370""1\235\2445\343\033Y!\212\201\341\272\225'\007\217\244n\264XP^/wEDy\374\307L\036C3\267\264\324\217?\347\177D\247\242\304\247\226\017\013\003""; }; "
1750527612519,1750527612519,0,1,1,0,TMLedgerData,"ledgerHash: ""\334\331\315\254\230\rBG\314\023\246\244=\351\177\254\302b&\276+H;0\312\021&\275\036\237\350R""; ledgerSeq: 24; type: liBASE; nodes {;   nodedata: ""\000\000\000\030\001cEx]\211\377\330\220\371c@\017\254\363\\371\340\340VaR\205~^\226\342t\360\022\204d\231\205)\272\364?\361!\000\000\000\000\000\000\000\000\000\000\000\000\000\000\000\000\000\000\000\000\000\000\000\000\000\000\000\000\000\000\000\000\251\257S\2005\226\263\004Wf\0312`B\267\376\270\020\346\336{x\241\360\232 x'\212P#\200/\351\252\372/\351\252\373\n\000""; }; nodes {;   nodedata: ""\323C\344\327\264{\312-\017:\006{\177\344N\002\326bO\260\220\006\033\362\345\005U\221DzJ0\001\301\025%1L\307\t\261\262z\374\222T\301\274V\236\223\262\270Ct\362\337b\356\024*\324\320\351\317\002k\336\234\027v\351\217\260\303\360\233ZPZWr\246$w\313\313\r\243r\232\2234\373\3539:N\004Q\245\272D\312D\300\300\t\323\0257\345e\271\na\215{\226\255x%T\257\037\333\004\344_/R\006E\344\037@\210\363\010\336T\226\247'\204_{\261\370""1\235\2445\343\033Y!\212\201\341\272\225'\007\217\244n\264XP^/wEDy\374\307L\036C3\267\264\324\217?\347\177D\247\242\304\247\226\017\013\003""; }; ","ledgerHash: ""\334\331\315\254\230\rBG\314\023\246\244=\351\177\254\302b&\276+H;0\312\021&\275\036\237\350R""; ledgerSeq: 24; type: liBASE; nodes {;   nodedata: ""\000\000\000\030\001cEx]\211\377\330\220\371c@\017\254\363\\371\340\340VaR\205~^\226\342t\360\022\204d\231\205)\272\364?\361!\000\000\000\000\000\000\000\000\000\000\000\000\000\000\000\000\000\000\000\000\000\000\000\000\000\000\000\000\000\000\000\000\251\257S\2005\226\263\004Wf\0312`B\267\376\270\020\346\336{x\241\360\232 x'\212P#\200/\351\252\372/\351\252\373\n\000""; }; nodes {;   nodedata: ""\323C\344\327\264{\312-\017:\006{\177\344N\002\326bO\260\220\006\033\362\345\005U\221DzJ0\001\301\025%1L\307\t\261\262z\374\222T\301\274V\236\223\262\270Ct\362\337b\356\024*\324\320\351\317\002k\336\234\027v\351\217\260\303\360\233ZPZWr\246$w\313\313\r\243r\232\2234\373\3539:N\004Q\245\272D\312D\300\300\t\323\0257\345e\271\na\215{\226\255x%T\257\037\333\004\344_/R\006E\344\037@\210\363\010\336T\226\247'\204_{\261\370""1\235\2445\343\033Y!\212\201\341\272\225'\007\217\244n\264XP^/wEDy\374\307L\036C3\267\264\324\217?\347\177D\247\242\304\247\226\017\013\003""; }; "
1750527612519,1750527612519,0,1,3,4,TMLedgerData,"ledgerHash: ""\334\331\315\254\230\rBG\314\023\246\244=\351\177\254\302b&\276+H;0\312\021&\275\036\237\350R""; ledgerSeq: 24; type: liBASE; nodes {;   nodedata: ""\000\000\000\030\001cEx]\211\377\330\220\371c@\017\254\363\\371\340\340VaR\205~^\226\342t\360\022\204d\231\205)\272\364?\361!\000\000\000\000\000\000\000\000\000\000\000\000\000\000\000\000\000\000\000\000\000\000\000\000\000\000\000\000\000\000\000\000\251\257S\2005\226\263\004Wf\0312`B\267\376\270\020\346\336{x\241\360\232 x'\212P#\200/\351\252\372/\351\252\373\n\000""; }; nodes {;   nodedata: ""\323C\344\327\264{\312-\017:\006{\177\344N\002\326bO\260\220\006\033\362\345\005U\221DzJ0\001\301\025%1L\307\t\261\262z\374\222T\301\274V\236\223\262\270Ct\362\337b\356\024*\324\320\351\317\002k\336\234\027v\351\217\260\303\360\233ZPZWr\246$w\313\313\r\243r\232\2234\373\3539:N\004Q\245\272D\312D\300\300\t\323\0257\345e\271\na\215{\226\255x%T\257\037\333\004\344_/R\006E\344\037@\210\363\010\336T\226\247'\204_{\261\370""1\235\2445\343\033Y!\212\201\341\272\225'\007\217\244n\264XP^/wEDy\374\307L\036C3\267\264\324\217?\347\177D\247\242\304\247\226\017\013\003""; }; requestCookie: 1; ","ledgerHash: ""\334\331\315\254\230\rBG\314\023\246\244=\351\177\254\302b&\276+H;0\312\021&\275\036\237\350R""; ledgerSeq: 24; type: liBASE; nodes {;   nodedata: ""\000\000\000\030\001cEx]\211\377\330\220\371c@\017\254\363\\371\340\340VaR\205~^\226\342t\360\022\204d\231\205)\272\364?\361!\000\000\000\000\000\000\000\000\000\000\000\000\000\000\000\000\000\000\000\000\000\000\000\000\000\000\000\000\000\000\000\000\251\257S\2005\226\263\004Wf\0312`B\267\376\270\020\346\336{x\241\360\232 x'\212P#\200/\351\252\372/\351\252\373\n\000""; }; nodes {;   nodedata: ""\323C\344\327\264{\312-\017:\006{\177\344N\002\326bO\260\220\006\033\362\345\005U\221DzJ0\001\301\025%1L\307\t\261\262z\374\222T\301\274V\236\223\262\270Ct\362\337b\356\024*\324\320\351\317\002k\336\234\027v\351\217\260\303\360\233ZPZWr\246$w\313\313\r\243r\232\2234\373\3539:N\004Q\245\272D\312D\300\300\t\323\0257\345e\271\na\215{\226\255x%T\257\037\333\004\344_/R\006E\344\037@\210\363\010\336T\226\247'\204_{\261\370""1\235\2445\343\033Y!\212\201\341\272\225'\007\217\244n\264XP^/wEDy\374\307L\036C3\267\264\324\217?\347\177D\247\242\304\247\226\017\013\003""; }; requestCookie: 1; "
1750527612520,1750527612520,0,1,3,4,TMLedgerData,"ledgerHash: ""\334\331\315\254\230\rBG\314\023\246\244=\351\177\254\302b&\276+H;0\312\021&\275\036\237\350R""; ledgerSeq: 24; type: liBASE; nodes {;   nodedata: ""\000\000\000\030\001cEx]\211\377\330\220\371c@\017\254\363\\371\340\340VaR\205~^\226\342t\360\022\204d\231\205)\272\364?\361!\000\000\000\000\000\000\000\000\000\000\000\000\000\000\000\000\000\000\000\000\000\000\000\000\000\000\000\000\000\000\000\000\251\257S\2005\226\263\004Wf\0312`B\267\376\270\020\346\336{x\241\360\232 x'\212P#\200/\351\252\372/\351\252\373\n\000""; }; nodes {;   nodedata: ""\323C\344\327\264{\312-\017:\006{\177\344N\002\326bO\260\220\006\033\362\345\005U\221DzJ0\001\301\025%1L\307\t\261\262z\374\222T\301\274V\236\223\262\270Ct\362\337b\356\024*\324\320\351\317\002k\336\234\027v\351\217\260\303\360\233ZPZWr\246$w\313\313\r\243r\232\2234\373\3539:N\004Q\245\272D\312D\300\300\t\323\0257\345e\271\na\215{\226\255x%T\257\037\333\004\344_/R\006E\344\037@\210\363\010\336T\226\247'\204_{\261\370""1\235\2445\343\033Y!\212\201\341\272\225'\007\217\244n\264XP^/wEDy\374\307L\036C3\267\264\324\217?\347\177D\247\242\304\247\226\017\013\003""; }; requestCookie: 2; ","ledgerHash: ""\334\331\315\254\230\rBG\314\023\246\244=\351\177\254\302b&\276+H;0\312\021&\275\036\237\350R""; ledgerSeq: 24; type: liBASE; nodes {;   nodedata: ""\000\000\000\030\001cEx]\211\377\330\220\371c@\017\254\363\\371\340\340VaR\205~^\226\342t\360\022\204d\231\205)\272\364?\361!\000\000\000\000\000\000\000\000\000\000\000\000\000\000\000\000\000\000\000\000\000\000\000\000\000\000\000\000\000\000\000\000\251\257S\2005\226\263\004Wf\0312`B\267\376\270\020\346\336{x\241\360\232 x'\212P#\200/\351\252\372/\351\252\373\n\000""; }; nodes {;   nodedata: ""\323C\344\327\264{\312-\017:\006{\177\344N\002\326bO\260\220\006\033\362\345\005U\221DzJ0\001\301\025%1L\307\t\261\262z\374\222T\301\274V\236\223\262\270Ct\362\337b\356\024*\324\320\351\317\002k\336\234\027v\351\217\260\303\360\233ZPZWr\246$w\313\313\r\243r\232\2234\373\3539:N\004Q\245\272D\312D\300\300\t\323\0257\345e\271\na\215{\226\255x%T\257\037\333\004\344_/R\006E\344\037@\210\363\010\336T\226\247'\204_{\261\370""1\235\2445\343\033Y!\212\201\341\272\225'\007\217\244n\264XP^/wEDy\374\307L\036C3\267\264\324\217?\347\177D\247\242\304\247\226\017\013\003""; }; requestCookie: 2; "
1750527612521,1750527612521,0,1,1,4,TMLedgerData,"ledgerHash: ""\334\331\315\254\230\rBG\314\023\246\244=\351\177\254\302b&\276+H;0\312\021&\275\036\237\350R""; ledgerSeq: 24; type: liBASE; nodes {;   nodedata: ""\000\000\000\030\001cEx]\211\377\330\220\371c@\017\254\363\\371\340\340VaR\205~^\226\342t\360\022\204d\231\205)\272\364?\361!\000\000\000\000\000\000\000\000\000\000\000\000\000\000\000\000\000\000\000\000\000\000\000\000\000\000\000\000\000\000\000\000\251\257S\2005\226\263\004Wf\0312`B\267\376\270\020\346\336{x\241\360\232 x'\212P#\200/\351\252\372/\351\252\373\n\000""; }; nodes {;   nodedata: ""\323C\344\327\264{\312-\017:\006{\177\344N\002\326bO\260\220\006\033\362\345\005U\221DzJ0\001\301\025%1L\307\t\261\262z\374\222T\301\274V\236\223\262\270Ct\362\337b\356\024*\324\320\351\317\002k\336\234\027v\351\217\260\303\360\233ZPZWr\246$w\313\313\r\243r\232\2234\373\3539:N\004Q\245\272D\312D\300\300\t\323\0257\345e\271\na\215{\226\255x%T\257\037\333\004\344_/R\006E\344\037@\210\363\010\336T\226\247'\204_{\261\370""1\235\2445\343\033Y!\212\201\341\272\225'\007\217\244n\264XP^/wEDy\374\307L\036C3\267\264\324\217?\347\177D\247\242\304\247\226\017\013\003""; }; ","ledgerHash: ""\334\331\315\254\230\rBG\314\023\246\244=\351\177\254\302b&\276+H;0\312\021&\275\036\237\350R""; ledgerSeq: 24; type: liBASE; nodes {;   nodedata: ""\000\000\000\030\001cEx]\211\377\330\220\371c@\017\254\363\\371\340\340VaR\205~^\226\342t\360\022\204d\231\205)\272\364?\361!\000\000\000\000\000\000\000\000\000\000\000\000\000\000\000\000\000\000\000\000\000\000\000\000\000\000\000\000\000\000\000\000\251\257S\2005\226\263\004Wf\0312`B\267\376\270\020\346\336{x\241\360\232 x'\212P#\200/\351\252\372/\351\252\373\n\000""; }; nodes {;   nodedata: ""\323C\344\327\264{\312-\017:\006{\177\344N\002\326bO\260\220\006\033\362\345\005U\221DzJ0\001\301\025%1L\307\t\261\262z\374\222T\301\274V\236\223\262\270Ct\362\337b\356\024*\324\320\351\317\002k\336\234\027v\351\217\260\303\360\233ZPZWr\246$w\313\313\r\243r\232\2234\373\3539:N\004Q\245\272D\312D\300\300\t\323\0257\345e\271\na\215{\226\255x%T\257\037\333\004\344_/R\006E\344\037@\210\363\010\336T\226\247'\204_{\261\370""1\235\2445\343\033Y!\212\201\341\272\225'\007\217\244n\264XP^/wEDy\374\307L\036C3\267\264\324\217?\347\177D\247\242\304\247\226\017\013\003""; }; "
1750527612522,1750527612522,0,1,3,4,TMLedgerData,"ledgerHash: ""\334\331\315\254\230\rBG\314\023\246\244=\351\177\254\302b&\276+H;0\312\021&\275\036\237\350R""; ledgerSeq: 24; type: liAS_NODE; nodes {;   nodedata: ""\021\000h""\000\000\000\000 \033\000\000\000\027\002\023\303?\330\356GuH\375\327!\255\371\r\231\262R\256J\034\222\241\355X\265E\241^W\225\304\014\361CX-}\351f\032\255\274\334m\326c\017\014ao[\342\230\003\245\245\3341Hm\326^\017jy\335\261\032Yt\320\244{g\0306\\302\303*\341\215\223\257\364\277o\375\000r\241SOq\221\253\262\005\017\375T\356\014\360o'\030\311-\267\031\257!\031T\006><\315XM\334\324\345\034\000\325\367\240\271\013\265\024\321\362\354\211\250.\234s\225amc\305\035\366\276\037nD\277`\210\223N\3535\033\261\304f\331]\036\237\306o!\223\221\002\324\031\262\240R\177 ,\214\325\Q])\016\2067\277\t\354\010\000\360\215\2502\265\245\310\226\243c\302Ze\306\253#r\020\211\320iG\276\020E\317\035Sf\223F\254\033@\177e\277\016\010u\327\371&\262\312\317Q\2361t\377x\234\001v\003%\030\325_\225g\204\346a=\225\273\331\354\365*U\363\263N\367b\371\244\314-w\363\262\225Z\200\206\235\233\257?sE\2674\254\326mU\377?\177Ek\336\030!\316Aa\225\303\022\377{\210Y\226\271as\354L\035\004\341\361\035\301\024\220m#*\372\032\3178~\374\250\014*\323\342'z69\220\327\256\351G\367\317u\302\207\270b\315\333\333\334\310I\323&\014\352XZnW2.\335\347\202\021\247\362\212e\034\000\001\250\220\305;a\314\265R\310\017\317\331\235\360\262\240:\277\202\266\354\265X""\022\nh\252\352w\204\203\023]\001f\352\277\0031Q]\362\370R\350{\261\202\240\344\215\201\353\276\322p5p\350\354\017>\250r\241c\273\016\301\024\363\242\247\263\231\370\344\nBW\220K\316@3\243\200\036wk\253GSlU\010\360\231>\331\263H\214\324\030A\225\301o\346pkSF\004\241\213w9\223=\250\262*+\255\351r\265\244c\024\213\t\007`\223\325#\3477\210\345P\306\013\320\252[\0216+\227=`\371P\314\346 V7\271[~\n\237\274|\347\352@K\253~&\260\032\024\004B\200\255h\351\013\361\031:nG\211\005|\2003\266\274\251,W\006u\344\335d\003\306\212\313,\340\350bG\n\030Z\2732-\246\312\255\030\003\235207\005}D\260\0261ah\322M\304\216\273m0\271\234\237\007<w$\265C\245\232\033\023\313c\321B\032l\301h\005\320\252\301\361(\330[\343\357\343{\235\n\266g\272>\177\317\347\261qb&\270&\346ju\200\363N\320\307\004\034\001n\317\361\2653\254\2503\247\305\372\316W\022O\253x\250\025\373\247\354Tc\304\263\243^\352Gv\\264\261\r\035\226\306\2411\351\233\203\215\200$\231\300f\220\371c@\017\254\363\\371\340\340VaR\205~^\226\342t\360\022\204d\231\205)\272\364?\361!\264\227\2326\315\307\363\323\325\303\032N\256*\307\327 \235\332\207u\210\271\257\306g\231i*\260\326k\001"";   nodeid: ""\260\000\000\000\000\000\000\000\000\000\000\000\000\000\000\000\000\000\000\000\000\000\000\000\000\000\000\000\000\000\000\000\001""; }; ","ledgerHash: ""\334\331\315\254\230\rBG\314\023\246\244=\351\177\254\302b&\276+H;0\312\021&\275\036\237\350R""; ledgerSeq: 24; type: liAS_NODE; nodes {;   nodedata: ""\021\000h""\000\000\000\000 \033\000\000\000\027\002\023\303?\330\356GuH\375\327!\255\371\r\231\262R\256J\034\222\241\355X\265E\241^W\225\304\014\361CX-}\351f\032\255\274\334m\326c\017\014ao[\342\230\003\245\245\3341Hm\326^\017jy\335\261\032Yt\320\244{g\0306\\302\303*\341\215\223\257\364\277o\375\000r\241SOq\221\253\262\005\017\375T\356\014\360o'\030\311-\267\031\257!\031T\006><\315XM\334\324\345\034\000\325\367\240\271\013\265\024\321\362\354\211\250.\234s\225amc\305\035\366\276\037nD\277`\210\223N\3535\033\261\304f\331]\036\237\306o!\223\221\002\324\031\262\240R\177 ,\214\325\Q])\016\2067\277\t\354\010\000\360\215\2502\265\245\310\226\243c\302Ze\306\253#r\020\211\320iG\276\020E\317\035Sf\223F\254\033@\177e\277\016\010u\327\371&\262\312\317Q\2361t\377x\234\001v\003%\030\325_\225g\204\346a=\225\273\331\354\365*U\363\263N\367b\371\244\314-w\363\262\225Z\200\206\235\233\257?sE\2674\254\326mU\377?\177Ek\336\030!\316Aa\225\303\022\377{\210Y\226\271as\354L\035\004\341\361\035\301\024\220m#*\372\032\3178~\374\250\014*\323\342'z69\220\327\256\351G\367\317u\302\207\270b\315\333\333\334\310I\323&\014\352XZnW2.\335\347\202\021\247\362\212e\034\000\001\250\220\305;a\314\265R\310\017\317\331\235\360\262\240:\277\202\266\354\265X""\022\nh\252\352w\204\203\023]\001f\352\277\0031Q]\362\370R\350{\261\202\240\344\215\201\353\276\322p5p\350\354\017>\250r\241c\273\016\301\024\363\242\247\263\231\370\344\nBW\220K\316@3\243\200\036wk\253GSlU\010\360\231>\331\263H\214\324\030A\225\301o\346pkSF\004\241\213w9\223=\250\262*+\255\351r\265\244c\024\213\t\007`\223\325#\3477\210\345P\306\013\320\252[\0216+\227=`\371P\314\346 V7\271[~\n\237\274|\347\352@K\253~&\260\032\024\004B\200\255h\351\013\361\031:nG\211\005|\2003\266\274\251,W\006u\344\335d\003\306\212\313,\340\350bG\n\030Z\2732-\246\312\255\030\003\235207\005}D\260\0261ah\322M\304\216\273m0\271\234\237\007<w$\265C\245\232\033\023\313c\321B\032l\301h\005\320\252\301\361(\330[\343\357\343{\235\n\266g\272>\177\317\347\261qb&\270&\346ju\200\363N\320\307\004\034\001n\317\361\2653\254\2503\247\305\372\316W\022O\253x\250\025\373\247\354Tc\304\263\243^\352Gv\\264\261\r\035\226\306\2411\351\233\203\215\200$\231\300f\220\371c@\017\254\363\\371\340\340VaR\205~^\226\342t\360\022\204d\231\205)\272\364?\361!\264\227\2326\315\307\363\323\325\303\032N\256*\307\327 \235\332\207u\210\271\257\306g\231i*\260\326k\001"";   nodeid: ""\260\000\000\000\000\000\000\000\000\000\000\000\000\000\000\000\000\000\000\000\000\000\000\000\000\000\000\000\000\000\000\000\001""; }; "
1750527612522,1750527612523,0,1,3,1,TMLedgerData,"ledgerHash: ""\334\331\315\254\230\rBG\314\023\246\244=\351\177\254\302b&\276+H;0\312\021&\275\036\237\350R""; ledgerSeq: 24; type: liAS_NODE; nodes {;   nodedata: ""\021\000h""\000\000\000\000 \033\000\000\000\027\002\023\303?\330\356GuH\375\327!\255\371\r\231\262R\256J\034\222\241\355X\265E\241^W\225\304\014\361CX-}\351f\032\255\274\334m\326c\017\014ao[\342\230\003\245\245\3341Hm\326^\017jy\335\261\032Yt\320\244{g\0306\\302\303*\341\215\223\257\364\277o\375\000r\241SOq\221\253\262\005\017\375T\356\014\360o'\030\311-\267\031\257!\031T\006><\315XM\334\324\345\034\000\325\367\240\271\013\265\024\321\362\354\211\250.\234s\225amc\305\035\366\276\037nD\277`\210\223N\3535\033\261\304f\331]\036\237\306o!\223\221\002\324\031\262\240R\177 ,\214\325\Q])\016\2067\277\t\354\010\000\360\215\2502\265\245\310\226\243c\302Ze\306\253#r\020\211\320iG\276\020E\317\035Sf\223F\254\033@\177e\277\016\010u\327\371&\262\312\317Q\2361t\377x\234\001v\003%\030\325_\225g\204\346a=\225\273\331\354\365*U\363\263N\367b\371\244\314-w\363\262\225Z\200\206\235\233\257?sE\2674\254\326mU\377?\177Ek\336\030!\316Aa\225\303\022\377{\210Y\226\271as\354L\035\004\341\361\035\301\024\220m#*\372\032\3178~\374\250\014*\323\342'z69\220\327\256\351G\367\317u\302\207\270b\315\333\333\334\310I\323&\014\352XZnW2.\335\347\202\021\247\362\212e\034\000\001\250\220\305;a\314\265R\310\017\317\331\235\360\262\240:\277\202\266\354\265X""\022\nh\252\352w\204\203\023]\001f\352\277\0031Q]\362\370R\350{\261\202\240\344\215\201\353\276\322p5p\350\354\017>\250r\241c\273\016\301\024\363\242\247\263\231\370\344\nBW\220K\316@3\243\200\036wk\253GSlU\010\360\231>\331\263H\214\324\030A\225\301o\346pkSF\004\241\213w9\223=\250\262*+\255\351r\265\244c\024\213\t\007`\223\325#\3477\210\345P\306\013\320\252[\0216+\227=`\371P\314\346 V7\271[~\n\237\274|\347\352@K\253~&\260\032\024\004B\200\255h\351\013\361\031:nG\211\005|\2003\266\274\251,W\006u\344\335d\003\306\212\313,\340\350bG\n\030Z\2732-\246\312\255\030\003\235207\005}D\260\0261ah\322M\304\216\273m0\271\234\237\007<w$\265C\245\232\033\023\313c\321B\032l\301h\005\320\252\301\361(\330[\343\357\343{\235\n\266g\272>\177\317\347\261qb&\270&\346ju\200\363N\320\307\004\034\001n\317\361\2653\254\2503\247\305\372\316W\022O\253x\250\025\373\247\354Tc\304\263\243^\352Gv\\264\261\r\035\226\306\2411\351\233\203\215\200$\231\300f\220\371c@\017\254\363\\371\340\340VaR\205~^\226\342t\360\022\204d\231\205)\272\364?\361!\264\227\2326\315\307\363\323\325\303\032N\256*\307\327 \235\332\207u\210\271\257\306g\231i*\260\326k\001"";   nodeid: ""\260\000\000\000\000\000\000\000\000\000\000\000\000\000\000\000\000\000\000\000\000\000\000\000\000\000\000\000\000\000\000\000\001""; }; ","ledgerHash: ""\334\331\315\254\230\rBG\314\023\246\244=\351\177\254\302b&\276+H;0\312\021&\275\036\237\350R""; ledgerSeq: 24; type: liAS_NODE; nodes {;   nodedata: ""\021\000h""\000\000\000\000 \033\000\000\000\027\002\023\303?\330\356GuH\375\327!\255\371\r\231\262R\256J\034\222\241\355X\265E\241^W\225\304\014\361CX-}\351f\032\255\274\334m\326c\017\014ao[\342\230\003\245\245\3341Hm\326^\017jy\335\261\032Yt\320\244{g\0306\\302\303*\341\215\223\257\364\277o\375\000r\241SOq\221\253\262\005\017\375T\356\014\360o'\030\311-\267\031\257!\031T\006><\315XM\334\324\345\034\000\325\367\240\271\013\265\024\321\362\354\211\250.\234s\225amc\305\035\366\276\037nD\277`\210\223N\3535\033\261\304f\331]\036\237\306o!\223\221\002\324\031\262\240R\177 ,\214\325\Q])\016\2067\277\t\354\010\000\360\215\2502\265\245\310\226\243c\302Ze\306\253#r\020\211\320iG\276\020E\317\035Sf\223F\254\033@\177e\277\016\010u\327\371&\262\312\317Q\2361t\377x\234\001v\003%\030\325_\225g\204\346a=\225\273\331\354\365*U\363\263N\367b\371\244\314-w\363\262\225Z\200\206\235\233\257?sE\2674\254\326mU\377?\177Ek\336\030!\316Aa\225\303\022\377{\210Y\226\271as\354L\035\004\341\361\035\301\024\220m#*\372\032\3178~\374\250\014*\323\342'z69\220\327\256\351G\367\317u\302\207\270b\315\333\333\334\310I\323&\014\352XZnW2.\335\347\202\021\247\362\212e\034\000\001\250\220\305;a\314\265R\310\017\317\331\235\360\262\240:\277\202\266\354\265X""\022\nh\252\352w\204\203\023]\001f\352\277\0031Q]\362\370R\350{\261\202\240\344\215\201\353\276\322p5p\350\354\017>\250r\241c\273\016\301\024\363\242\247\263\231\370\344\nBW\220K\316@3\243\200\036wk\253GSlU\010\360\231>\331\263H\214\324\030A\225\301o\346pkSF\004\241\213w9\223=\250\262*+\255\351r\265\244c\024\213\t\007`\223\325#\3477\210\345P\306\013\320\252[\0216+\227=`\371P\314\346 V7\271[~\n\237\274|\347\352@K\253~&\260\032\024\004B\200\255h\351\013\361\031:nG\211\005|\2003\266\274\251,W\006u\344\335d\003\306\212\313,\340\350bG\n\030Z\2732-\246\312\255\030\003\235207\005}D\260\0261ah\322M\304\216\273m0\271\234\237\007<w$\265C\245\232\033\023\313c\321B\032l\301h\005\320\252\301\361(\330[\343\357\343{\235\n\266g\272>\177\317\347\261qb&\270&\346ju\200\363N\320\307\004\034\001n\317\361\2653\254\2503\247\305\372\316W\022O\253x\250\025\373\247\354Tc\304\263\243^\352Gv\\264\261\r\035\226\306\2411\351\233\203\215\200$\231\300f\220\371c@\017\254\363\\371\340\340VaR\205~^\226\342t\360\022\204d\231\205)\272\364?\361!\264\227\2326\315\307\363\323\325\303\032N\256*\307\327 \235\332\207u\210\271\257\306g\231i*\260\326k\001"";   nodeid: ""\260\000\000\000\000\000\000\000\000\000\000\000\000\000\000\000\000\000\000\000\000\000\000\000\000\000\000\000\000\000\000\000\001""; }; "
1750527612524,1750527612524,0,1,0,4,TMLedgerData,"ledgerHash: ""\334\331\315\254\230\rBG\314\023\246\244=\351\177\254\302b&\276+H;0\312\021&\275\036\237\350R""; ledgerSeq: 24; type: liBASE; nodes {;   nodedata: ""\000\000\000\030\001cEx]\211\377\330\220\371c@\017\254\363\\371\340\340VaR\205~^\226\342t\360\022\204d\231\205)\272\364?\361!\000\000\000\000\000\000\000\000\000\000\000\000\000\000\000\000\000\000\000\000\000\000\000\000\000\000\000\000\000\000\000\000\251\257S\2005\226\263\004Wf\0312`B\267\376\270\020\346\336{x\241\360\232 x'\212P#\200/\351\252\372/\351\252\373\n\000""; }; nodes {;   nodedata: ""\323C\344\327\264{\312-\017:\006{\177\344N\002\326bO\260\220\006\033\362\345\005U\221DzJ0\001\301\025%1L\307\t\261\262z\374\222T\301\274V\236\223\262\270Ct\362\337b\356\024*\324\320\351\317\002k\336\234\027v\351\217\260\303\360\233ZPZWr\246$w\313\313\r\243r\232\2234\373\3539:N\004Q\245\272D\312D\300\300\t\323\0257\345e\271\na\215{\226\255x%T\257\037\333\004\344_/R\006E\344\037@\210\363\010\336T\226\247'\204_{\261\370""1\235\2445\343\033Y!\212\201\341\272\225'\007\217\244n\264XP^/wEDy\374\307L\036C3\267\264\324\217?\347\177D\247\242\304\247\226\017\013\003""; }; ","ledgerHash: ""\334\331\315\254\230\rBG\314\023\246\244=\351\177\254\302b&\276+H;0\312\021&\275\036\237\350R""; ledgerSeq: 24; type: liBASE; nodes {;   nodedata: ""\000\000\000\030\001cEx]\211\377\330\220\371c@\017\254\363\\371\340\340VaR\205~^\226\342t\360\022\204d\231\205)\272\364?\361!\000\000\000\000\000\000\000\000\000\000\000\000\000\000\000\000\000\000\000\000\000\000\000\000\000\000\000\000\000\000\000\000\251\257S\2005\226\263\004Wf\0312`B\267\376\270\020\346\336{x\241\360\232 x'\212P#\200/\351\252\372/\351\252\373\n\000""; }; nodes {;   nodedata: ""\323C\344\327\264{\312-\017:\006{\177\344N\002\326bO\260\220\006\033\362\345\005U\221DzJ0\001\301\025%1L\307\t\261\262z\374\222T\301\274V\236\223\262\270Ct\362\337b\356\024*\324\320\351\317\002k\336\234\027v\351\217\260\303\360\233ZPZWr\246$w\313\313\r\243r\232\2234\373\3539:N\004Q\245\272D\312D\300\300\t\323\0257\345e\271\na\215{\226\255x%T\257\037\333\004\344_/R\006E\344\037@\210\363\010\336T\226\247'\204_{\261\370""1\235\2445\343\033Y!\212\201\341\272\225'\007\217\244n\264XP^/wEDy\374\307L\036C3\267\264\324\217?\347\177D\247\242\304\247\226\017\013\003""; }; "
1750527612524,1750527612524,0,1,3,2,TMLedgerData,"ledgerHash: ""\334\331\315\254\230\rBG\314\023\246\244=\351\177\254\302b&\276+H;0\312\021&\275\036\237\350R""; ledgerSeq: 24; type: liAS_NODE; nodes {;   nodedata: ""\021\000h""\000\000\000\000 \033\000\000\000\027\002\023\303?\330\356GuH\375\327!\255\371\r\231\262R\256J\034\222\241\355X\265E\241^W\225\304\014\361CX-}\351f\032\255\274\334m\326c\017\014ao[\342\230\003\245\245\3341Hm\326^\017jy\335\261\032Yt\320\244{g\0306\\302\303*\341\215\223\257\364\277o\375\000r\241SOq\221\253\262\005\017\375T\356\014\360o'\030\311-\267\031\257!\031T\006><\315XM\334\324\345\034\000\325\367\240\271\013\265\024\321\362\354\211\250.\234s\225amc\305\035\366\276\037nD\277`\210\223N\3535\033\261\304f\331]\036\237\306o!\223\221\002\324\031\262\240R\177 ,\214\325\Q])\016\2067\277\t\354\010\000\360\215\2502\265\245\310\226\243c\302Ze\306\253#r\020\211\320iG\276\020E\317\035Sf\223F\254\033@\177e\277\016\010u\327\371&\262\312\317Q\2361t\377x\234\001v\003%\030\325_\225g\204\346a=\225\273\331\354\365*U\363\263N\367b\371\244\314-w\363\262\225Z\200\206\235\233\257?sE\2674\254\326mU\377?\177Ek\336\030!\316Aa\225\303\022\377{\210Y\226\271as\354L\035\004\341\361\035\301\024\220m#*\372\032\3178~\374\250\014*\323\342'z69\220\327\256\351G\367\317u\302\207\270b\315\333\333\334\310I\323&\014\352XZnW2.\335\347\202\021\247\362\212e\034\000\001\250\220\305;a\314\265R\310\017\317\331\235\360\262\240:\277\202\266\354\265X""\022\nh\252\352w\204\203\023]\001f\352\277\0031Q]\362\370R\350{\261\202\240\344\215\201\353\276\322p5p\350\354\017>\250r\241c\273\016\301\024\363\242\247\263\231\370\344\nBW\220K\316@3\243\200\036wk\253GSlU\010\360\231>\331\263H\214\324\030A\225\301o\346pkSF\004\241\213w9\223=\250\262*+\255\351r\265\244c\024\213\t\007`\223\325#\3477\210\345P\306\013\320\252[\0216+\227=`\371P\314\346 V7\271[~\n\237\274|\347\352@K\253~&\260\032\024\004B\200\255h\351\013\361\031:nG\211\005|\2003\266\274\251,W\006u\344\335d\003\306\212\313,\340\350bG\n\030Z\2732-\246\312\255\030\003\235207\005}D\260\0261ah\322M\304\216\273m0\271\234\237\007<w$\265C\245\232\033\023\313c\321B\032l\301h\005\320\252\301\361(\330[\343\357\343{\235\n\266g\272>\177\317\347\261qb&\270&\346ju\200\363N\320\307\004\034\001n\317\361\2653\254\2503\247\305\372\316W\022O\253x\250\025\373\247\354Tc\304\263\243^\352Gv\\264\261\r\035\226\306\2411\351\233\203\215\200$\231\300f\220\371c@\017\254\363\\371\340\340VaR\205~^\226\342t\360\022\204d\231\205)\272\364?\361!\264\227\2326\315\307\363\323\325\303\032N\256*\307\327 \235\332\207u\210\271\257\306g\231i*\260\326k\001"";   nodeid: ""\260\000\000\000\000\000\000\000\000\000\000\000\000\000\000\000\000\000\000\000\000\000\000\000\000\000\000\000\000\000\000\000\001""; }; ","ledgerHash: ""\334\331\315\254\230\rBG\314\023\246\244=\351\177\254\302b&\276+H;0\312\021&\275\036\237\350R""; ledgerSeq: 24; type: liAS_NODE; nodes {;   nodedata: ""\021\000h""\000\000\000\000 \033\000\000\000\027\002\023\303?\330\356GuH\375\327!\255\371\r\231\262R\256J\034\222\241\355X\265E\241^W\225\304\014\361CX-}\351f\032\255\274\334m\326c\017\014ao[\342\230\003\245\245\3341Hm\326^\017jy\335\261\032Yt\320\244{g\0306\\302\303*\341\215\223\257\364\277o\375\000r\241SOq\221\253\262\005\017\375T\356\014\360o'\030\311-\267\031\257!\031T\006><\315XM\334\324\345\034\000\325\367\240\271\013\265\024\321\362\354\211\250.\234s\225amc\305\035\366\276\037nD\277`\210\223N\3535\033\261\304f\331]\036\237\306o!\223\221\002\324\031\262\240R\177 ,\214\325\Q])\016\2067\277\t\354\010\000\360\215\2502\265\245\310\226\243c\302Ze\306\253#r\020\211\320iG\276\020E\317\035Sf\223F\254\033@\177e\277\016\010u\327\371&\262\312\317Q\2361t\377x\234\001v\003%\030\325_\225g\204\346a=\225\273\331\354\365*U\363\263N\367b\371\244\314-w\363\262\225Z\200\206\235\233\257?sE\2674\254\326mU\377?\177Ek\336\030!\316Aa\225\303\022\377{\210Y\226\271as\354L\035\004\341\361\035\301\024\220m#*\372\032\3178~\374\250\014*\323\342'z69\220\327\256\351G\367\317u\302\207\270b\315\333\333\334\310I\323&\014\352XZnW2.\335\347\202\021\247\362\212e\034\000\001\250\220\305;a\314\265R\310\017\317\331\235\360\262\240:\277\202\266\354\265X""\022\nh\252\352w\204\203\023]\001f\352\277\0031Q]\362\370R\350{\261\202\240\344\215\201\353\276\322p5p\350\354\017>\250r\241c\273\016\301\024\363\242\247\263\231\370\344\nBW\220K\316@3\243\200\036wk\253GSlU\010\360\231>\331\263H\214\324\030A\225\301o\346pkSF\004\241\213w9\223=\250\262*+\255\351r\265\244c\024\213\t\007`\223\325#\3477\210\345P\306\013\320\252[\0216+\227=`\371P\314\346 V7\271[~\n\237\274|\347\352@K\253~&\260\032\024\004B\200\255h\351\013\361\031:nG\211\005|\2003\266\274\251,W\006u\344\335d\003\306\212\313,\340\350bG\n\030Z\2732-\246\312\255\030\003\235207\005}D\260\0261ah\322M\304\216\273m0\271\234\237\007<w$\265C\245\232\033\023\313c\321B\032l\301h\005\320\252\301\361(\330[\343\357\343{\235\n\266g\272>\177\317\347\261qb&\270&\346ju\200\363N\320\307\004\034\001n\317\361\2653\254\2503\247\305\372\316W\022O\253x\250\025\373\247\354Tc\304\263\243^\352Gv\\264\261\r\035\226\306\2411\351\233\203\215\200$\231\300f\220\371c@\017\254\363\\371\340\340VaR\205~^\226\342t\360\022\204d\231\205)\272\364?\361!\264\227\2326\315\307\363\323\325\303\032N\256*\307\327 \235\332\207u\210\271\257\306g\231i*\260\326k\001"";   nodeid: ""\260\000\000\000\000\000\000\000\000\000\000\000\000\000\000\000\000\000\000\000\000\000\000\000\000\000\000\000\000\000\000\000\001""; }; "
1750527612525,1750527612525,0,1,0,2,TMLedgerData,"ledgerHash: ""\334\331\315\254\230\rBG\314\023\246\244=\351\177\254\302b&\276+H;0\312\021&\275\036\237\350R""; ledgerSeq: 24; type: liBASE; nodes {;   nodedata: ""\000\000\000\030\001cEx]\211\377\330\220\371c@\017\254\363\\371\340\340VaR\205~^\226\342t\360\022\204d\231\205)\272\364?\361!\000\000\000\000\000\000\000\000\000\000\000\000\000\000\000\000\000\000\000\000\000\000\000\000\000\000\000\000\000\000\000\000\251\257S\2005\226\263\004Wf\0312`B\267\376\270\020\346\336{x\241\360\232 x'\212P#\200/\351\252\372/\351\252\373\n\000""; }; nodes {;   nodedata: ""\323C\344\327\264{\312-\017:\006{\177\344N\002\326bO\260\220\006\033\362\345\005U\221DzJ0\001\301\025%1L\307\t\261\262z\374\222T\301\274V\236\223\262\270Ct\362\337b\356\024*\324\320\351\317\002k\336\234\027v\351\217\260\303\360\233ZPZWr\246$w\313\313\r\243r\232\2234\373\3539:N\004Q\245\272D\312D\300\300\t\323\0257\345e\271\na\215{\226\255x%T\257\037\333\004\344_/R\006E\344\037@\210\363\010\336T\226\247'\204_{\261\370""1\235\2445\343\033Y!\212\201\341\272\225'\007\217\244n\264XP^/wEDy\374\307L\036C3\267\264\324\217?\347\177D\247\242\304\247\226\017\013\003""; }; ","ledgerHash: ""\334\331\315\254\230\rBG\314\023\246\244=\351\177\254\302b&\276+H;0\312\021&\275\036\237\350R""; ledgerSeq: 24; type: liBASE; nodes {;   nodedata: ""\000\000\000\030\001cEx]\211\377\330\220\371c@\017\254\363\\371\340\340VaR\205~^\226\342t\360\022\204d\231\205)\272\364?\361!\000\000\000\000\000\000\000\000\000\000\000\000\000\000\000\000\000\000\000\000\000\000\000\000\000\000\000\000\000\000\000\000\251\257S\2005\226\263\004Wf\0312`B\267\376\270\020\346\336{x\241\360\232 x'\212P#\200/\351\252\372/\351\252\373\n\000""; }; nodes {;   nodedata: ""\323C\344\327\264{\312-\017:\006{\177\344N\002\326bO\260\220\006\033\362\345\005U\221DzJ0\001\301\025%1L\307\t\261\262z\374\222T\301\274V\236\223\262\270Ct\362\337b\356\024*\324\320\351\317\002k\336\234\027v\351\217\260\303\360\233ZPZWr\246$w\313\313\r\243r\232\2234\373\3539:N\004Q\245\272D\312D\300\300\t\323\0257\345e\271\na\215{\226\255x%T\257\037\333\004\344_/R\006E\344\037@\210\363\010\336T\226\247'\204_{\261\370""1\235\2445\343\033Y!\212\201\341\272\225'\007\217\244n\264XP^/wEDy\374\307L\036C3\267\264\324\217?\347\177D\247\242\304\247\226\017\013\003""; }; "
1750527612525,1750527612526,0,1,0,1,TMLedgerData,"ledgerHash: ""\334\331\315\254\230\rBG\314\023\246\244=\351\177\254\302b&\276+H;0\312\021&\275\036\237\350R""; ledgerSeq: 24; type: liBASE; nodes {;   nodedata: ""\000\000\000\030\001cEx]\211\377\330\220\371c@\017\254\363\\371\340\340VaR\205~^\226\342t\360\022\204d\231\205)\272\364?\361!\000\000\000\000\000\000\000\000\000\000\000\000\000\000\000\000\000\000\000\000\000\000\000\000\000\000\000\000\000\000\000\000\251\257S\2005\226\263\004Wf\0312`B\267\376\270\020\346\336{x\241\360\232 x'\212P#\200/\351\252\372/\351\252\373\n\000""; }; nodes {;   nodedata: ""\323C\344\327\264{\312-\017:\006{\177\344N\002\326bO\260\220\006\033\362\345\005U\221DzJ0\001\301\025%1L\307\t\261\262z\374\222T\301\274V\236\223\262\270Ct\362\337b\356\024*\324\320\351\317\002k\336\234\027v\351\217\260\303\360\233ZPZWr\246$w\313\313\r\243r\232\2234\373\3539:N\004Q\245\272D\312D\300\300\t\323\0257\345e\271\na\215{\226\255x%T\257\037\333\004\344_/R\006E\344\037@\210\363\010\336T\226\247'\204_{\261\370""1\235\2445\343\033Y!\212\201\341\272\225'\007\217\244n\264XP^/wEDy\374\307L\036C3\267\264\324\217?\347\177D\247\242\304\247\226\017\013\003""; }; ","ledgerHash: ""\334\331\315\254\230\rBG\314\023\246\244=\351\177\254\302b&\276+H;0\312\021&\275\036\237\350R""; ledgerSeq: 24; type: liBASE; nodes {;   nodedata: ""\000\000\000\030\001cEx]\211\377\330\220\371c@\017\254\363\\371\340\340VaR\205~^\226\342t\360\022\204d\231\205)\272\364?\361!\000\000\000\000\000\000\000\000\000\000\000\000\000\000\000\000\000\000\000\000\000\000\000\000\000\000\000\000\000\000\000\000\251\257S\2005\226\263\004Wf\0312`B\267\376\270\020\346\336{x\241\360\232 x'\212P#\200/\351\252\372/\351\252\373\n\000""; }; nodes {;   nodedata: ""\323C\344\327\264{\312-\017:\006{\177\344N\002\326bO\260\220\006\033\362\345\005U\221DzJ0\001\301\025%1L\307\t\261\262z\374\222T\301\274V\236\223\262\270Ct\362\337b\356\024*\324\320\351\317\002k\336\234\027v\351\217\260\303\360\233ZPZWr\246$w\313\313\r\243r\232\2234\373\3539:N\004Q\245\272D\312D\300\300\t\323\0257\345e\271\na\215{\226\255x%T\257\037\333\004\344_/R\006E\344\037@\210\363\010\336T\226\247'\204_{\261\370""1\235\2445\343\033Y!\212\201\341\272\225'\007\217\244n\264XP^/wEDy\374\307L\036C3\267\264\324\217?\347\177D\247\242\304\247\226\017\013\003""; }; "
1750527612526,1750527612526,0,1,2,4,TMLedgerData,"ledgerHash: ""\334\331\315\254\230\rBG\314\023\246\244=\351\177\254\302b&\276+H;0\312\021&\275\036\237\350R""; ledgerSeq: 24; type: liBASE; nodes {;   nodedata: ""\000\000\000\030\001cEx]\211\377\330\220\371c@\017\254\363\\371\340\340VaR\205~^\226\342t\360\022\204d\231\205)\272\364?\361!\000\000\000\000\000\000\000\000\000\000\000\000\000\000\000\000\000\000\000\000\000\000\000\000\000\000\000\000\000\000\000\000\251\257S\2005\226\263\004Wf\0312`B\267\376\270\020\346\336{x\241\360\232 x'\212P#\200/\351\252\372/\351\252\373\n\000""; }; nodes {;   nodedata: ""\323C\344\327\264{\312-\017:\006{\177\344N\002\326bO\260\220\006\033\362\345\005U\221DzJ0\001\301\025%1L\307\t\261\262z\374\222T\301\274V\236\223\262\270Ct\362\337b\356\024*\324\320\351\317\002k\336\234\027v\351\217\260\303\360\233ZPZWr\246$w\313\313\r\243r\232\2234\373\3539:N\004Q\245\272D\312D\300\300\t\323\0257\345e\271\na\215{\226\255x%T\257\037\333\004\344_/R\006E\344\037@\210\363\010\336T\226\247'\204_{\261\370""1\235\2445\343\033Y!\212\201\341\272\225'\007\217\244n\264XP^/wEDy\374\307L\036C3\267\264\324\217?\347\177D\247\242\304\247\226\017\013\003""; }; ","ledgerHash: ""\334\331\315\254\230\rBG\314\023\246\244=\351\177\254\302b&\276+H;0\312\021&\275\036\237\350R""; ledgerSeq: 24; type: liBASE; nodes {;   nodedata: ""\000\000\000\030\001cEx]\211\377\330\220\371c@\017\254\363\\371\340\340VaR\205~^\226\342t\360\022\204d\231\205)\272\364?\361!\000\000\000\000\000\000\000\000\000\000\000\000\000\000\000\000\000\000\000\000\000\000\000\000\000\000\000\000\000\000\000\000\251\257S\2005\226\263\004Wf\0312`B\267\376\270\020\346\336{x\241\360\232 x'\212P#\200/\351\252\372/\351\252\373\n\000""; }; nodes {;   nodedata: ""\323C\344\327\264{\312-\017:\006{\177\344N\002\326bO\260\220\006\033\362\345\005U\221DzJ0\001\301\025%1L\307\t\261\262z\374\222T\301\274V\236\223\262\270Ct\362\337b\356\024*\324\320\351\317\002k\336\234\027v\351\217\260\303\360\233ZPZWr\246$w\313\313\r\243r\232\2234\373\3539:N\004Q\245\272D\312D\300\300\t\323\0257\345e\271\na\215{\226\255x%T\257\037\333\004\344_/R\006E\344\037@\210\363\010\336T\226\247'\204_{\261\370""1\235\2445\343\033Y!\212\201\341\272\225'\007\217\244n\264XP^/wEDy\374\307L\036C3\267\264\324\217?\347\177D\247\242\304\247\226\017\013\003""; }; "
1750527612527,1750527612527,0,1,2,1,TMLedgerData,"ledgerHash: ""\334\331\315\254\230\rBG\314\023\246\244=\351\177\254\302b&\276+H;0\312\021&\275\036\237\350R""; ledgerSeq: 24; type: liBASE; nodes {;   nodedata: ""\000\000\000\030\001cEx]\211\377\330\220\371c@\017\254\363\\371\340\340VaR\205~^\226\342t\360\022\204d\231\205)\272\364?\361!\000\000\000\000\000\000\000\000\000\000\000\000\000\000\000\000\000\000\000\000\000\000\000\000\000\000\000\000\000\000\000\000\251\257S\2005\226\263\004Wf\0312`B\267\376\270\020\346\336{x\241\360\232 x'\212P#\200/\351\252\372/\351\252\373\n\000""; }; nodes {;   nodedata: ""\323C\344\327\264{\312-\017:\006{\177\344N\002\326bO\260\220\006\033\362\345\005U\221DzJ0\001\301\025%1L\307\t\261\262z\374\222T\301\274V\236\223\262\270Ct\362\337b\356\024*\324\320\351\317\002k\336\234\027v\351\217\260\303\360\233ZPZWr\246$w\313\313\r\243r\232\2234\373\3539:N\004Q\245\272D\312D\300\300\t\323\0257\345e\271\na\215{\226\255x%T\257\037\333\004\344_/R\006E\344\037@\210\363\010\336T\226\247'\204_{\261\370""1\235\2445\343\033Y!\212\201\341\272\225'\007\217\244n\264XP^/wEDy\374\307L\036C3\267\264\324\217?\347\177D\247\242\304\247\226\017\013\003""; }; ","ledgerHash: ""\334\331\315\254\230\rBG\314\023\246\244=\351\177\254\302b&\276+H;0\312\021&\275\036\237\350R""; ledgerSeq: 24; type: liBASE; nodes {;   nodedata: ""\000\000\000\030\001cEx]\211\377\330\220\371c@\017\254\363\\371\340\340VaR\205~^\226\342t\360\022\204d\231\205)\272\364?\361!\000\000\000\000\000\000\000\000\000\000\000\000\000\000\000\000\000\000\000\000\000\000\000\000\000\000\000\000\000\000\000\000\251\257S\2005\226\263\004Wf\0312`B\267\376\270\020\346\336{x\241\360\232 x'\212P#\200/\351\252\372/\351\252\373\n\000""; }; nodes {;   nodedata: ""\323C\344\327\264{\312-\017:\006{\177\344N\002\326bO\260\220\006\033\362\345\005U\221DzJ0\001\301\025%1L\307\t\261\262z\374\222T\301\274V\236\223\262\270Ct\362\337b\356\024*\324\320\351\317\002k\336\234\027v\351\217\260\303\360\233ZPZWr\246$w\313\313\r\243r\232\2234\373\3539:N\004Q\245\272D\312D\300\300\t\323\0257\345e\271\na\215{\226\255x%T\257\037\333\004\344_/R\006E\344\037@\210\363\010\336T\226\247'\204_{\261\370""1\235\2445\343\033Y!\212\201\341\272\225'\007\217\244n\264XP^/wEDy\374\307L\036C3\267\264\324\217?\347\177D\247\242\304\247\226\017\013\003""; }; "
1750527612527,1750527612527,0,1,4,0,TMLedgerData,"ledgerHash: ""\334\331\315\254\230\rBG\314\023\246\244=\351\177\254\302b&\276+H;0\312\021&\275\036\237\350R""; ledgerSeq: 24; type: liBASE; nodes {;   nodedata: ""\000\000\000\030\001cEx]\211\377\330\220\371c@\017\254\363\\371\340\340VaR\205~^\226\342t\360\022\204d\231\205)\272\364?\361!\000\000\000\000\000\000\000\000\000\000\000\000\000\000\000\000\000\000\000\000\000\000\000\000\000\000\000\000\000\000\000\000\251\257S\2005\226\263\004Wf\0312`B\267\376\270\020\346\336{x\241\360\232 x'\212P#\200/\351\252\372/\351\252\373\n\000""; }; nodes {;   nodedata: ""\323C\344\327\264{\312-\017:\006{\177\344N\002\326bO\260\220\006\033\362\345\005U\221DzJ0\001\301\025%1L\307\t\261\262z\374\222T\301\274V\236\223\262\270Ct\362\337b\356\024*\324\320\351\317\002k\336\234\027v\351\217\260\303\360\233ZPZWr\246$w\313\313\r\243r\232\2234\373\3539:N\004Q\245\272D\312D\300\300\t\323\0257\345e\271\na\215{\226\255x%T\257\037\333\004\344_/R\006E\344\037@\210\363\010\336T\226\247'\204_{\261\370""1\235\2445\343\033Y!\212\201\341\272\225'\007\217\244n\264XP^/wEDy\374\307L\036C3\267\264\324\217?\347\177D\247\242\304\247\226\017\013\003""; }; ","ledgerHash: ""\334\331\315\254\230\rBG\314\023\246\244=\351\177\254\302b&\276+H;0\312\021&\275\036\237\350R""; ledgerSeq: 24; type: liBASE; nodes {;   nodedata: ""\000\000\000\030\001cEx]\211\377\330\220\371c@\017\254\363\\371\340\340VaR\205~^\226\342t\360\022\204d\231\205)\272\364?\361!\000\000\000\000\000\000\000\000\000\000\000\000\000\000\000\000\000\000\000\000\000\000\000\000\000\000\000\000\000\000\000\000\251\257S\2005\226\263\004Wf\0312`B\267\376\270\020\346\336{x\241\360\232 x'\212P#\200/\351\252\372/\351\252\373\n\000""; }; nodes {;   nodedata: ""\323C\344\327\264{\312-\017:\006{\177\344N\002\326bO\260\220\006\033\362\345\005U\221DzJ0\001\301\025%1L\307\t\261\262z\374\222T\301\274V\236\223\262\270Ct\362\337b\356\024*\324\320\351\317\002k\336\234\027v\351\217\260\303\360\233ZPZWr\246$w\313\313\r\243r\232\2234\373\3539:N\004Q\245\272D\312D\300\300\t\323\0257\345e\271\na\215{\226\255x%T\257\037\333\004\344_/R\006E\344\037@\210\363\010\336T\226\247'\204_{\261\370""1\235\2445\343\033Y!\212\201\341\272\225'\007\217\244n\264XP^/wEDy\374\307L\036C3\267\264\324\217?\347\177D\247\242\304\247\226\017\013\003""; }; "
1750527612528,1750527612528,0,1,4,1,TMLedgerData,"ledgerHash: ""\334\331\315\254\230\rBG\314\023\246\244=\351\177\254\302b&\276+H;0\312\021&\275\036\237\350R""; ledgerSeq: 24; type: liBASE; nodes {;   nodedata: ""\000\000\000\030\001cEx]\211\377\330\220\371c@\017\254\363\\371\340\340VaR\205~^\226\342t\360\022\204d\231\205)\272\364?\361!\000\000\000\000\000\000\000\000\000\000\000\000\000\000\000\000\000\000\000\000\000\000\000\000\000\000\000\000\000\000\000\000\251\257S\2005\226\263\004Wf\0312`B\267\376\270\020\346\336{x\241\360\232 x'\212P#\200/\351\252\372/\351\252\373\n\000""; }; nodes {;   nodedata: ""\323C\344\327\264{\312-\017:\006{\177\344N\002\326bO\260\220\006\033\362\345\005U\221DzJ0\001\301\025%1L\307\t\261\262z\374\222T\301\274V\236\223\262\270Ct\362\337b\356\024*\324\320\351\317\002k\336\234\027v\351\217\260\303\360\233ZPZWr\246$w\313\313\r\243r\232\2234\373\3539:N\004Q\245\272D\312D\300\300\t\323\0257\345e\271\na\215{\226\255x%T\257\037\333\004\344_/R\006E\344\037@\210\363\010\336T\226\247'\204_{\261\370""1\235\2445\343\033Y!\212\201\341\272\225'\007\217\244n\264XP^/wEDy\374\307L\036C3\267\264\324\217?\347\177D\247\242\304\247\226\017\013\003""; }; ","ledgerHash: ""\334\331\315\254\230\rBG\314\023\246\244=\351\177\254\302b&\276+H;0\312\021&\275\036\237\350R""; ledgerSeq: 24; type: liBASE; nodes {;   nodedata: ""\000\000\000\030\001cEx]\211\377\330\220\371c@\017\254\363\\371\340\340VaR\205~^\226\342t\360\022\204d\231\205)\272\364?\361!\000\000\000\000\000\000\000\000\000\000\000\000\000\000\000\000\000\000\000\000\000\000\000\000\000\000\000\000\000\000\000\000\251\257S\2005\226\263\004Wf\0312`B\267\376\270\020\346\336{x\241\360\232 x'\212P#\200/\351\252\372/\351\252\373\n\000""; }; nodes {;   nodedata: ""\323C\344\327\264{\312-\017:\006{\177\344N\002\326bO\260\220\006\033\362\345\005U\221DzJ0\001\301\025%1L\307\t\261\262z\374\222T\301\274V\236\223\262\270Ct\362\337b\356\024*\324\320\351\317\002k\336\234\027v\351\217\260\303\360\233ZPZWr\246$w\313\313\r\243r\232\2234\373\3539:N\004Q\245\272D\312D\300\300\t\323\0257\345e\271\na\215{\226\255x%T\257\037\333\004\344_/R\006E\344\037@\210\363\010\336T\226\247'\204_{\261\370""1\235\2445\343\033Y!\212\201\341\272\225'\007\217\244n\264XP^/wEDy\374\307L\036C3\267\264\324\217?\347\177D\247\242\304\247\226\017\013\003""; }; "
1750527612604,1750527612604,0,1,4,2,TMStatusChange,"newEvent: neACCEPTED_LEDGER; ledgerSeq: 24; ledgerHash: ""\334\331\315\254\230\rBG\314\023\246\244=\351\177\254\302b&\276+H;0\312\021&\275\036\237\350R""; ledgerHashPrevious: ""\220\371c@\017\254\363\\371\340\340VaR\205~^\226\342t\360\022\204d\231\205)\272\364?\361!""; networkTime: 803842812; firstSeq: 1; lastSeq: 23; ","newEvent: neACCEPTED_LEDGER; ledgerSeq: 24; ledgerHash: ""\334\331\315\254\230\rBG\314\023\246\244=\351\177\254\302b&\276+H;0\312\021&\275\036\237\350R""; ledgerHashPrevious: ""\220\371c@\017\254\363\\371\340\340VaR\205~^\226\342t\360\022\204d\231\205)\272\364?\361!""; networkTime: 803842812; firstSeq: 1; lastSeq: 23; "
1750527612606,1750527612606,0,1,4,3,TMStatusChange,"newEvent: neACCEPTED_LEDGER; ledgerSeq: 24; ledgerHash: ""\334\331\315\254\230\rBG\314\023\246\244=\351\177\254\302b&\276+H;0\312\021&\275\036\237\350R""; ledgerHashPrevious: ""\220\371c@\017\254\363\\371\340\340VaR\205~^\226\342t\360\022\204d\231\205)\272\364?\361!""; networkTime: 803842812; firstSeq: 1; lastSeq: 23; ","newEvent: neACCEPTED_LEDGER; ledgerSeq: 24; ledgerHash: ""\334\331\315\254\230\rBG\314\023\246\244=\351\177\254\302b&\276+H;0\312\021&\275\036\237\350R""; ledgerHashPrevious: ""\220\371c@\017\254\363\\371\340\340VaR\205~^\226\342t\360\022\204d\231\205)\272\364?\361!""; networkTime: 803842812; firstSeq: 1; lastSeq: 23; "
1750527612605,1750527612605,0,1,4,0,TMStatusChange,"newEvent: neACCEPTED_LEDGER; ledgerSeq: 24; ledgerHash: ""\334\331\315\254\230\rBG\314\023\246\244=\351\177\254\302b&\276+H;0\312\021&\275\036\237\350R""; ledgerHashPrevious: ""\220\371c@\017\254\363\\371\340\340VaR\205~^\226\342t\360\022\204d\231\205)\272\364?\361!""; networkTime: 803842812; firstSeq: 1; lastSeq: 23; ","newEvent: neACCEPTED_LEDGER; ledgerSeq: 24; ledgerHash: ""\334\331\315\254\230\rBG\314\023\246\244=\351\177\254\302b&\276+H;0\312\021&\275\036\237\350R""; ledgerHashPrevious: ""\220\371c@\017\254\363\\371\340\340VaR\205~^\226\342t\360\022\204d\231\205)\272\364?\361!""; networkTime: 803842812; firstSeq: 1; lastSeq: 23; "
1750527612605,1750527612605,0,1,4,1,TMStatusChange,"newEvent: neACCEPTED_LEDGER; ledgerSeq: 24; ledgerHash: ""\334\331\315\254\230\rBG\314\023\246\244=\351\177\254\302b&\276+H;0\312\021&\275\036\237\350R""; ledgerHashPrevious: ""\220\371c@\017\254\363\\371\340\340VaR\205~^\226\342t\360\022\204d\231\205)\272\364?\361!""; networkTime: 803842812; firstSeq: 1; lastSeq: 23; ","newEvent: neACCEPTED_LEDGER; ledgerSeq: 24; ledgerHash: ""\334\331\315\254\230\rBG\314\023\246\244=\351\177\254\302b&\276+H;0\312\021&\275\036\237\350R""; ledgerHashPrevious: ""\220\371c@\017\254\363\\371\340\340VaR\205~^\226\342t\360\022\204d\231\205)\272\364?\361!""; networkTime: 803842812; firstSeq: 1; lastSeq: 23; "
1750527612646,1750527612646,0,1,4,2,TMValidation,"validation: """"\200\000\000\001&\000\000\000\030)/\351\252\374:\r\302\353\023?\373\240rQ\334\331\315\254\230\rBG\314\023\246\244=\351\177\254\302b&\276+H;0\312\021&\275\036\237\350RP\027\000\000\000\000\000\000\000\000\000\000\000\000\000\000\000\000\000\000\000\000\000\000\000\000\000\000\000\000\000\000\000\000P\031\220\371c@\017\254\363\\371\340\340VaR\205~^\226\342t\360\022\204d\231\205)\272\364?\361!s!\003R7o\362bV\300hf\266\241;}\200^\374\240\203[:\342Q\225\221\027y\372\255\235\216\323~vF0D\002 \020\351\374\360\356\2612\002\246\303\333>:z\275\214\213x\270\315\266\312\345p\322z\210\356\037nry\002 \t\257\267\343\225\003#\256\233\310\314\000J\033\243\324\266\274b|\323w\307\016\032tK\204\014Z\301)""; ","validation: """"\200\000\000\001&\000\000\000\030)/\351\252\374:\r\302\353\023?\373\240rQ\334\331\315\254\230\rBG\314\023\246\244=\351\177\254\302b&\276+H;0\312\021&\275\036\237\350RP\027\000\000\000\000\000\000\000\000\000\000\000\000\000\000\000\000\000\000\000\000\000\000\000\000\000\000\000\000\000\000\000\000P\031\220\371c@\017\254\363\\371\340\340VaR\205~^\226\342t\360\022\204d\231\205)\272\364?\361!s!\003R7o\362bV\300hf\266\241;}\200^\374\240\203[:\342Q\225\221\027y\372\255\235\216\323~vF0D\002 \020\351\374\360\356\2612\002\246\303\333>:z\275\214\213x\270\315\266\312\345p\322z\210\356\037nry\002 \t\257\267\343\225\003#\256\233\310\314\000J\033\243\324\266\274b|\323w\307\016\032tK\204\014Z\301)""; "
1750527612646,1750527612647,0,1,4,3,TMValidation,"validation: """"\200\000\000\001&\000\000\000\030)/\351\252\374:\r\302\353\023?\373\240rQ\334\331\315\254\230\rBG\314\023\246\244=\351\177\254\302b&\276+H;0\312\021&\275\036\237\350RP\027\000\000\000\000\000\000\000\000\000\000\000\000\000\000\000\000\000\000\000\000\000\000\000\000\000\000\000\000\000\000\000\000P\031\220\371c@\017\254\363\\371\340\340VaR\205~^\226\342t\360\022\204d\231\205)\272\364?\361!s!\003R7o\362bV\300hf\266\241;}\200^\374\240\203[:\342Q\225\221\027y\372\255\235\216\323~vF0D\002 \020\351\374\360\356\2612\002\246\303\333>:z\275\214\213x\270\315\266\312\345p\322z\210\356\037nry\002 \t\257\267\343\225\003#\256\233\310\314\000J\033\243\324\266\274b|\323w\307\016\032tK\204\014Z\301)""; ","validation: """"\200\000\000\001&\000\000\000\030)/\351\252\374:\r\302\353\023?\373\240rQ\334\331\315\254\230\rBG\314\023\246\244=\351\177\254\302b&\276+H;0\312\021&\275\036\237\350RP\027\000\000\000\000\000\000\000\000\000\000\000\000\000\000\000\000\000\000\000\000\000\000\000\000\000\000\000\000\000\000\000\000P\031\220\371c@\017\254\363\\371\340\340VaR\205~^\226\342t\360\022\204d\231\205)\272\364?\361!s!\003R7o\362bV\300hf\266\241;}\200^\374\240\203[:\342Q\225\221\027y\372\255\235\216\323~vF0D\002 \020\351\374\360\356\2612\002\246\303\333>:z\275\214\213x\270\315\266\312\345p\322z\210\356\037nry\002 \t\257\267\343\225\003#\256\233\310\314\000J\033\243\324\266\274b|\323w\307\016\032tK\204\014Z\301)""; "
1750527612647,1750527612647,0,1,4,1,TMValidation,"validation: """"\200\000\000\001&\000\000\000\030)/\351\252\374:\r\302\353\023?\373\240rQ\334\331\315\254\230\rBG\314\023\246\244=\351\177\254\302b&\276+H;0\312\021&\275\036\237\350RP\027\000\000\000\000\000\000\000\000\000\000\000\000\000\000\000\000\000\000\000\000\000\000\000\000\000\000\000\000\000\000\000\000P\031\220\371c@\017\254\363\\371\340\340VaR\205~^\226\342t\360\022\204d\231\205)\272\364?\361!s!\003R7o\362bV\300hf\266\241;}\200^\374\240\203[:\342Q\225\221\027y\372\255\235\216\323~vF0D\002 \020\351\374\360\356\2612\002\246\303\333>:z\275\214\213x\270\315\266\312\345p\322z\210\356\037nry\002 \t\257\267\343\225\003#\256\233\310\314\000J\033\243\324\266\274b|\323w\307\016\032tK\204\014Z\301)""; ","validation: """"\200\000\000\001&\000\000\000\030)/\351\252\374:\r\302\353\023?\373\240rQ\334\331\315\254\230\rBG\314\023\246\244=\351\177\254\302b&\276+H;0\312\021&\275\036\237\350RP\027\000\000\000\000\000\000\000\000\000\000\000\000\000\000\000\000\000\000\000\000\000\000\000\000\000\000\000\000\000\000\000\000P\031\220\371c@\017\254\363\\371\340\340VaR\205~^\226\342t\360\022\204d\231\205)\272\364?\361!s!\003R7o\362bV\300hf\266\241;}\200^\374\240\203[:\342Q\225\221\027y\372\255\235\216\323~vF0D\002 \020\351\374\360\356\2612\002\246\303\333>:z\275\214\213x\270\315\266\312\345p\322z\210\356\037nry\002 \t\257\267\343\225\003#\256\233\310\314\000J\033\243\324\266\274b|\323w\307\016\032tK\204\014Z\301)""; "
1750527612646,1750527612646,0,1,4,0,TMValidation,"validation: """"\200\000\000\001&\000\000\000\030)/\351\252\374:\r\302\353\023?\373\240rQ\334\331\315\254\230\rBG\314\023\246\244=\351\177\254\302b&\276+H;0\312\021&\275\036\237\350RP\027\000\000\000\000\000\000\000\000\000\000\000\000\000\000\000\000\000\000\000\000\000\000\000\000\000\000\000\000\000\000\000\000P\031\220\371c@\017\254\363\\371\340\340VaR\205~^\226\342t\360\022\204d\231\205)\272\364?\361!s!\003R7o\362bV\300hf\266\241;}\200^\374\240\203[:\342Q\225\221\027y\372\255\235\216\323~vF0D\002 \020\351\374\360\356\2612\002\246\303\333>:z\275\214\213x\270\315\266\312\345p\322z\210\356\037nry\002 \t\257\267\343\225\003#\256\233\310\314\000J\033\243\324\266\274b|\323w\307\016\032tK\204\014Z\301)""; ","validation: """"\200\000\000\001&\000\000\000\030)/\351\252\374:\r\302\353\023?\373\240rQ\334\331\315\254\230\rBG\314\023\246\244=\351\177\254\302b&\276+H;0\312\021&\275\036\237\350RP\027\000\000\000\000\000\000\000\000\000\000\000\000\000\000\000\000\000\000\000\000\000\000\000\000\000\000\000\000\000\000\000\000P\031\220\371c@\017\254\363\\371\340\340VaR\205~^\226\342t\360\022\204d\231\205)\272\364?\361!s!\003R7o\362bV\300hf\266\241;}\200^\374\240\203[:\342Q\225\221\027y\372\255\235\216\323~vF0D\002 \020\351\374\360\356\2612\002\246\303\333>:z\275\214\213x\270\315\266\312\345p\322z\210\356\037nry\002 \t\257\267\343\225\003#\256\233\310\314\000J\033\243\324\266\274b|\323w\307\016\032tK\204\014Z\301)""; "
1750527612648,1750527612648,0,1,2,3,TMValidation,"validation: """"\200\000\000\001&\000\000\000\030)/\351\252\374:\r\302\353\023?\373\240rQ\334\331\315\254\230\rBG\314\023\246\244=\351\177\254\302b&\276+H;0\312\021&\275\036\237\350RP\027\000\000\000\000\000\000\000\000\000\000\000\000\000\000\000\000\000\000\000\000\000\000\000\000\000\000\000\000\000\000\000\000P\031\220\371c@\017\254\363\\371\340\340VaR\205~^\226\342t\360\022\204d\231\205)\272\364?\361!s!\003R7o\362bV\300hf\266\241;}\200^\374\240\203[:\342Q\225\221\027y\372\255\235\216\323~vF0D\002 \020\351\374\360\356\2612\002\246\303\333>:z\275\214\213x\270\315\266\312\345p\322z\210\356\037nry\002 \t\257\267\343\225\003#\256\233\310\314\000J\033\243\324\266\274b|\323w\307\016\032tK\204\014Z\301)""; ","validation: """"\200\000\000\001&\000\000\000\030)/\351\252\374:\r\302\353\023?\373\240rQ\334\331\315\254\230\rBG\314\023\246\244=\351\177\254\302b&\276+H;0\312\021&\275\036\237\350RP\027\000\000\000\000\000\000\000\000\000\000\000\000\000\000\000\000\000\000\000\000\000\000\000\000\000\000\000\000\000\000\000\000P\031\220\371c@\017\254\363\\371\340\340VaR\205~^\226\342t\360\022\204d\231\205)\272\364?\361!s!\003R7o\362bV\300hf\266\241;}\200^\374\240\203[:\342Q\225\221\027y\372\255\235\216\323~vF0D\002 \020\351\374\360\356\2612\002\246\303\333>:z\275\214\213x\270\315\266\312\345p\322z\210\356\037nry\002 \t\257\267\343\225\003#\256\233\310\314\000J\033\243\324\266\274b|\323w\307\016\032tK\204\014Z\301)""; "
1750527612649,1750527612649,0,1,2,0,TMValidation,"validation: """"\200\000\000\001&\000\000\000\030)/\351\252\374:\r\302\353\023?\373\240rQ\334\331\315\254\230\rBG\314\023\246\244=\351\177\254\302b&\276+H;0\312\021&\275\036\237\350RP\027\000\000\000\000\000\000\000\000\000\000\000\000\000\000\000\000\000\000\000\000\000\000\000\000\000\000\000\000\000\000\000\000P\031\220\371c@\017\254\363\\371\340\340VaR\205~^\226\342t\360\022\204d\231\205)\272\364?\361!s!\003R7o\362bV\300hf\266\241;}\200^\374\240\203[:\342Q\225\221\027y\372\255\235\216\323~vF0D\002 \020\351\374\360\356\2612\002\246\303\333>:z\275\214\213x\270\315\266\312\345p\322z\210\356\037nry\002 \t\257\267\343\225\003#\256\233\310\314\000J\033\243\324\266\274b|\323w\307\016\032tK\204\014Z\301)""; ","validation: """"\200\000\000\001&\000\000\000\030)/\351\252\374:\r\302\353\023?\373\240rQ\334\331\315\254\230\rBG\314\023\246\244=\351\177\254\302b&\276+H;0\312\021&\275\036\237\350RP\027\000\000\000\000\000\000\000\000\000\000\000\000\000\000\000\000\000\000\000\000\000\000\000\000\000\000\000\000\000\000\000\000P\031\220\371c@\017\254\363\\371\340\340VaR\205~^\226\342t\360\022\204d\231\205)\272\364?\361!s!\003R7o\362bV\300hf\266\241;}\200^\374\240\203[:\342Q\225\221\027y\372\255\235\216\323~vF0D\002 \020\351\374\360\356\2612\002\246\303\333>:z\275\214\213x\270\315\266\312\345p\322z\210\356\037nry\002 \t\257\267\343\225\003#\256\233\310\314\000J\033\243\324\266\274b|\323w\307\016\032tK\204\014Z\301)""; "
1750527612648,1750527612648,0,1,2,1,TMValidation,"validation: """"\200\000\000\001&\000\000\000\030)/\351\252\374:\r\302\353\023?\373\240rQ\334\331\315\254\230\rBG\314\023\246\244=\351\177\254\302b&\276+H;0\312\021&\275\036\237\350RP\027\000\000\000\000\000\000\000\000\000\000\000\000\000\000\000\000\000\000\000\000\000\000\000\000\000\000\000\000\000\000\000\000P\031\220\371c@\017\254\363\\371\340\340VaR\205~^\226\342t\360\022\204d\231\205)\272\364?\361!s!\003R7o\362bV\300hf\266\241;}\200^\374\240\203[:\342Q\225\221\027y\372\255\235\216\323~vF0D\002 \020\351\374\360\356\2612\002\246\303\333>:z\275\214\213x\270\315\266\312\345p\322z\210\356\037nry\002 \t\257\267\343\225\003#\256\233\310\314\000J\033\243\324\266\274b|\323w\307\016\032tK\204\014Z\301)""; ","validation: """"\200\000\000\001&\000\000\000\030)/\351\252\374:\r\302\353\023?\373\240rQ\334\331\315\254\230\rBG\314\023\246\244=\351\177\254\302b&\276+H;0\312\021&\275\036\237\350RP\027\000\000\000\000\000\000\000\000\000\000\000\000\000\000\000\000\000\000\000\000\000\000\000\000\000\000\000\000\000\000\000\000P\031\220\371c@\017\254\363\\371\340\340VaR\205~^\226\342t\360\022\204d\231\205)\272\364?\361!s!\003R7o\362bV\300hf\266\241;}\200^\374\240\203[:\342Q\225\221\027y\372\255\235\216\323~vF0D\002 \020\351\374\360\356\2612\002\246\303\333>:z\275\214\213x\270\315\266\312\345p\322z\210\356\037nry\002 \t\257\267\343\225\003#\256\233\310\314\000J\033\243\324\266\274b|\323w\307\016\032tK\204\014Z\301)""; "
1750527612649,1750527612649,0,1,3,2,TMValidation,"validation: """"\200\000\000\001&\000\000\000\030)/\351\252\374:\r\302\353\023?\373\240rQ\334\331\315\254\230\rBG\314\023\246\244=\351\177\254\302b&\276+H;0\312\021&\275\036\237\350RP\027\000\000\000\000\000\000\000\000\000\000\000\000\000\000\000\000\000\000\000\000\000\000\000\000\000\000\000\000\000\000\000\000P\031\220\371c@\017\254\363\\371\340\340VaR\205~^\226\342t\360\022\204d\231\205)\272\364?\361!s!\003R7o\362bV\300hf\266\241;}\200^\374\240\203[:\342Q\225\221\027y\372\255\235\216\323~vF0D\002 \020\351\374\360\356\2612\002\246\303\333>:z\275\214\213x\270\315\266\312\345p\322z\210\356\037nry\002 \t\257\267\343\225\003#\256\233\310\314\000J\033\243\324\266\274b|\323w\307\016\032tK\204\014Z\301)""; ","validation: """"\200\000\000\001&\000\000\000\030)/\351\252\374:\r\302\353\023?\373\240rQ\334\331\315\254\230\rBG\314\023\246\244=\351\177\254\302b&\276+H;0\312\021&\275\036\237\350RP\027\000\000\000\000\000\000\000\000\000\000\000\000\000\000\000\000\000\000\000\000\000\000\000\000\000\000\000\000\000\000\000\000P\031\220\371c@\017\254\363\\371\340\340VaR\205~^\226\342t\360\022\204d\231\205)\272\364?\361!s!\003R7o\362bV\300hf\266\241;}\200^\374\240\203[:\342Q\225\221\027y\372\255\235\216\323~vF0D\002 \020\351\374\360\356\2612\002\246\303\333>:z\275\214\213x\270\315\266\312\345p\322z\210\356\037nry\002 \t\257\267\343\225\003#\256\233\310\314\000J\033\243\324\266\274b|\323w\307\016\032tK\204\014Z\301)""; "
1750527612649,1750527612650,0,1,3,0,TMValidation,"validation: """"\200\000\000\001&\000\000\000\030)/\351\252\374:\r\302\353\023?\373\240rQ\334\331\315\254\230\rBG\314\023\246\244=\351\177\254\302b&\276+H;0\312\021&\275\036\237\350RP\027\000\000\000\000\000\000\000\000\000\000\000\000\000\000\000\000\000\000\000\000\000\000\000\000\000\000\000\000\000\000\000\000P\031\220\371c@\017\254\363\\371\340\340VaR\205~^\226\342t\360\022\204d\231\205)\272\364?\361!s!\003R7o\362bV\300hf\266\241;}\200^\374\240\203[:\342Q\225\221\027y\372\255\235\216\323~vF0D\002 \020\351\374\360\356\2612\002\246\303\333>:z\275\214\213x\270\315\266\312\345p\322z\210\356\037nry\002 \t\257\267\343\225\003#\256\233\310\314\000J\033\243\324\266\274b|\323w\307\016\032tK\204\014Z\301)""; ","validation: """"\200\000\000\001&\000\000\000\030)/\351\252\374:\r\302\353\023?\373\240rQ\334\331\315\254\230\rBG\314\023\246\244=\351\177\254\302b&\276+H;0\312\021&\275\036\237\350RP\027\000\000\000\000\000\000\000\000\000\000\000\000\000\000\000\000\000\000\000\000\000\000\000\000\000\000\000\000\000\000\000\000P\031\220\371c@\017\254\363\\371\340\340VaR\205~^\226\342t\360\022\204d\231\205)\272\364?\361!s!\003R7o\362bV\300hf\266\241;}\200^\374\240\203[:\342Q\225\221\027y\372\255\235\216\323~vF0D\002 \020\351\374\360\356\2612\002\246\303\333>:z\275\214\213x\270\315\266\312\345p\322z\210\356\037nry\002 \t\257\267\343\225\003#\256\233\310\314\000J\033\243\324\266\274b|\323w\307\016\032tK\204\014Z\301)""; "
1750527612650,1750527612651,0,1,1,0,TMValidation,"validation: """"\200\000\000\001&\000\000\000\030)/\351\252\374:\r\302\353\023?\373\240rQ\334\331\315\254\230\rBG\314\023\246\244=\351\177\254\302b&\276+H;0\312\021&\275\036\237\350RP\027\000\000\000\000\000\000\000\000\000\000\000\000\000\000\000\000\000\000\000\000\000\000\000\000\000\000\000\000\000\000\000\000P\031\220\371c@\017\254\363\\371\340\340VaR\205~^\226\342t\360\022\204d\231\205)\272\364?\361!s!\003R7o\362bV\300hf\266\241;}\200^\374\240\203[:\342Q\225\221\027y\372\255\235\216\323~vF0D\002 \020\351\374\360\356\2612\002\246\303\333>:z\275\214\213x\270\315\266\312\345p\322z\210\356\037nry\002 \t\257\267\343\225\003#\256\233\310\314\000J\033\243\324\266\274b|\323w\307\016\032tK\204\014Z\301)""; ","validation: """"\200\000\000\001&\000\000\000\030)/\351\252\374:\r\302\353\023?\373\240rQ\334\331\315\254\230\rBG\314\023\246\244=\351\177\254\302b&\276+H;0\312\021&\275\036\237\350RP\027\000\000\000\000\000\000\000\000\000\000\000\000\000\000\000\000\000\000\000\000\000\000\000\000\000\000\000\000\000\000\000\000P\031\220\371c@\017\254\363\\371\340\340VaR\205~^\226\342t\360\022\204d\231\205)\272\364?\361!s!\003R7o\362bV\300hf\266\241;}\200^\374\240\203[:\342Q\225\221\027y\372\255\235\216\323~vF0D\002 \020\351\374\360\356\2612\002\246\303\333>:z\275\214\213x\270\315\266\312\345p\322z\210\356\037nry\002 \t\257\267\343\225\003#\256\233\310\314\000J\033\243\324\266\274b|\323w\307\016\032tK\204\014Z\301)""; "
1750527612651,1750527612651,0,1,1,2,TMValidation,"validation: """"\200\000\000\001&\000\000\000\030)/\351\252\374:\r\302\353\023?\373\240rQ\334\331\315\254\230\rBG\314\023\246\244=\351\177\254\302b&\276+H;0\312\021&\275\036\237\350RP\027\000\000\000\000\000\000\000\000\000\000\000\000\000\000\000\000\000\000\000\000\000\000\000\000\000\000\000\000\000\000\000\000P\031\220\371c@\017\254\363\\371\340\340VaR\205~^\226\342t\360\022\204d\231\205)\272\364?\361!s!\003R7o\362bV\300hf\266\241;}\200^\374\240\203[:\342Q\225\221\027y\372\255\235\216\323~vF0D\002 \020\351\374\360\356\2612\002\246\303\333>:z\275\214\213x\270\315\266\312\345p\322z\210\356\037nry\002 \t\257\267\343\225\003#\256\233\310\314\000J\033\243\324\266\274b|\323w\307\016\032tK\204\014Z\301)""; ","validation: """"\200\000\000\001&\000\000\000\030)/\351\252\374:\r\302\353\023?\373\240rQ\334\331\315\254\230\rBG\314\023\246\244=\351\177\254\302b&\276+H;0\312\021&\275\036\237\350RP\027\000\000\000\000\000\000\000\000\000\000\000\000\000\000\000\000\000\000\000\000\000\000\000\000\000\000\000\000\000\000\000\000P\031\220\371c@\017\254\363\\371\340\340VaR\205~^\226\342t\360\022\204d\231\205)\272\364?\361!s!\003R7o\362bV\300hf\266\241;}\200^\374\240\203[:\342Q\225\221\027y\372\255\235\216\323~vF0D\002 \020\351\374\360\356\2612\002\246\303\333>:z\275\214\213x\270\315\266\312\345p\322z\210\356\037nry\002 \t\257\267\343\225\003#\256\233\310\314\000J\033\243\324\266\274b|\323w\307\016\032tK\204\014Z\301)""; "
1750527612651,1750527612651,0,1,1,3,TMValidation,"validation: """"\200\000\000\001&\000\000\000\030)/\351\252\374:\r\302\353\023?\373\240rQ\334\331\315\254\230\rBG\314\023\246\244=\351\177\254\302b&\276+H;0\312\021&\275\036\237\350RP\027\000\000\000\000\000\000\000\000\000\000\000\000\000\000\000\000\000\000\000\000\000\000\000\000\000\000\000\000\000\000\000\000P\031\220\371c@\017\254\363\\371\340\340VaR\205~^\226\342t\360\022\204d\231\205)\272\364?\361!s!\003R7o\362bV\300hf\266\241;}\200^\374\240\203[:\342Q\225\221\027y\372\255\235\216\323~vF0D\002 \020\351\374\360\356\2612\002\246\303\333>:z\275\214\213x\270\315\266\312\345p\322z\210\356\037nry\002 \t\257\267\343\225\003#\256\233\310\314\000J\033\243\324\266\274b|\323w\307\016\032tK\204\014Z\301)""; ","validation: """"\200\000\000\001&\000\000\000\030)/\351\252\374:\r\302\353\023?\373\240rQ\334\331\315\254\230\rBG\314\023\246\244=\351\177\254\302b&\276+H;0\312\021&\275\036\237\350RP\027\000\000\000\000\000\000\000\000\000\000\000\000\000\000\000\000\000\000\000\000\000\000\000\000\000\000\000\000\000\000\000\000P\031\220\371c@\017\254\363\\371\340\340VaR\205~^\226\342t\360\022\204d\231\205)\272\364?\361!s!\003R7o\362bV\300hf\266\241;}\200^\374\240\203[:\342Q\225\221\027y\372\255\235\216\323~vF0D\002 \020\351\374\360\356\2612\002\246\303\333>:z\275\214\213x\270\315\266\312\345p\322z\210\356\037nry\002 \t\257\267\343\225\003#\256\233\310\314\000J\033\243\324\266\274b|\323w\307\016\032tK\204\014Z\301)""; "
1750527612651,1750527612651,0,1,3,1,TMValidation,"validation: """"\200\000\000\001&\000\000\000\030)/\351\252\374:\r\302\353\023?\373\240rQ\334\331\315\254\230\rBG\314\023\246\244=\351\177\254\302b&\276+H;0\312\021&\275\036\237\350RP\027\000\000\000\000\000\000\000\000\000\000\000\000\000\000\000\000\000\000\000\000\000\000\000\000\000\000\000\000\000\000\000\000P\031\220\371c@\017\254\363\\371\340\340VaR\205~^\226\342t\360\022\204d\231\205)\272\364?\361!s!\003R7o\362bV\300hf\266\241;}\200^\374\240\203[:\342Q\225\221\027y\372\255\235\216\323~vF0D\002 \020\351\374\360\356\2612\002\246\303\333>:z\275\214\213x\270\315\266\312\345p\322z\210\356\037nry\002 \t\257\267\343\225\003#\256\233\310\314\000J\033\243\324\266\274b|\323w\307\016\032tK\204\014Z\301)""; ","validation: """"\200\000\000\001&\000\000\000\030)/\351\252\374:\r\302\353\023?\373\240rQ\334\331\315\254\230\rBG\314\023\246\244=\351\177\254\302b&\276+H;0\312\021&\275\036\237\350RP\027\000\000\000\000\000\000\000\000\000\000\000\000\000\000\000\000\000\000\000\000\000\000\000\000\000\000\000\000\000\000\000\000P\031\220\371c@\017\254\363\\371\340\340VaR\205~^\226\342t\360\022\204d\231\205)\272\364?\361!s!\003R7o\362bV\300hf\266\241;}\200^\374\240\203[:\342Q\225\221\027y\372\255\235\216\323~vF0D\002 \020\351\374\360\356\2612\002\246\303\333>:z\275\214\213x\270\315\266\312\345p\322z\210\356\037nry\002 \t\257\267\343\225\003#\256\233\310\314\000J\033\243\324\266\274b|\323w\307\016\032tK\204\014Z\301)""; "
1750527612651,1750527612651,0,1,0,2,TMValidation,"validation: """"\200\000\000\001&\000\000\000\030)/\351\252\374:\r\302\353\023?\373\240rQ\334\331\315\254\230\rBG\314\023\246\244=\351\177\254\302b&\276+H;0\312\021&\275\036\237\350RP\027\000\000\000\000\000\000\000\000\000\000\000\000\000\000\000\000\000\000\000\000\000\000\000\000\000\000\000\000\000\000\000\000P\031\220\371c@\017\254\363\\371\340\340VaR\205~^\226\342t\360\022\204d\231\205)\272\364?\361!s!\003R7o\362bV\300hf\266\241;}\200^\374\240\203[:\342Q\225\221\027y\372\255\235\216\323~vF0D\002 \020\351\374\360\356\2612\002\246\303\333>:z\275\214\213x\270\315\266\312\345p\322z\210\356\037nry\002 \t\257\267\343\225\003#\256\233\310\314\000J\033\243\324\266\274b|\323w\307\016\032tK\204\014Z\301)""; ","validation: """"\200\000\000\001&\000\000\000\030)/\351\252\374:\r\302\353\023?\373\240rQ\334\331\315\254\230\rBG\314\023\246\244=\351\177\254\302b&\276+H;0\312\021&\275\036\237\350RP\027\000\000\000\000\000\000\000\000\000\000\000\000\000\000\000\000\000\000\000\000\000\000\000\000\000\000\000\000\000\000\000\000P\031\220\371c@\017\254\363\\371\340\340VaR\205~^\226\342t\360\022\204d\231\205)\272\364?\361!s!\003R7o\362bV\300hf\266\241;}\200^\374\240\203[:\342Q\225\221\027y\372\255\235\216\323~vF0D\002 \020\351\374\360\356\2612\002\246\303\333>:z\275\214\213x\270\315\266\312\345p\322z\210\356\037nry\002 \t\257\267\343\225\003#\256\233\310\314\000J\033\243\324\266\274b|\323w\307\016\032tK\204\014Z\301)""; "
1750527612651,1750527612651,0,1,0,3,TMValidation,"validation: """"\200\000\000\001&\000\000\000\030)/\351\252\374:\r\302\353\023?\373\240rQ\334\331\315\254\230\rBG\314\023\246\244=\351\177\254\302b&\276+H;0\312\021&\275\036\237\350RP\027\000\000\000\000\000\000\000\000\000\000\000\000\000\000\000\000\000\000\000\000\000\000\000\000\000\000\000\000\000\000\000\000P\031\220\371c@\017\254\363\\371\340\340VaR\205~^\226\342t\360\022\204d\231\205)\272\364?\361!s!\003R7o\362bV\300hf\266\241;}\200^\374\240\203[:\342Q\225\221\027y\372\255\235\216\323~vF0D\002 \020\351\374\360\356\2612\002\246\303\333>:z\275\214\213x\270\315\266\312\345p\322z\210\356\037nry\002 \t\257\267\343\225\003#\256\233\310\314\000J\033\243\324\266\274b|\323w\307\016\032tK\204\014Z\301)""; ","validation: """"\200\000\000\001&\000\000\000\030)/\351\252\374:\r\302\353\023?\373\240rQ\334\331\315\254\230\rBG\314\023\246\244=\351\177\254\302b&\276+H;0\312\021&\275\036\237\350RP\027\000\000\000\000\000\000\000\000\000\000\000\000\000\000\000\000\000\000\000\000\000\000\000\000\000\000\000\000\000\000\000\000P\031\220\371c@\017\254\363\\371\340\340VaR\205~^\226\342t\360\022\204d\231\205)\272\364?\361!s!\003R7o\362bV\300hf\266\241;}\200^\374\240\203[:\342Q\225\221\027y\372\255\235\216\323~vF0D\002 \020\351\374\360\356\2612\002\246\303\333>:z\275\214\213x\270\315\266\312\345p\322z\210\356\037nry\002 \t\257\267\343\225\003#\256\233\310\314\000J\033\243\324\266\274b|\323w\307\016\032tK\204\014Z\301)""; "
1750527612651,1750527612651,0,1,0,1,TMValidation,"validation: """"\200\000\000\001&\000\000\000\030)/\351\252\374:\r\302\353\023?\373\240rQ\334\331\315\254\230\rBG\314\023\246\244=\351\177\254\302b&\276+H;0\312\021&\275\036\237\350RP\027\000\000\000\000\000\000\000\000\000\000\000\000\000\000\000\000\000\000\000\000\000\000\000\000\000\000\000\000\000\000\000\000P\031\220\371c@\017\254\363\\371\340\340VaR\205~^\226\342t\360\022\204d\231\205)\272\364?\361!s!\003R7o\362bV\300hf\266\241;}\200^\374\240\203[:\342Q\225\221\027y\372\255\235\216\323~vF0D\002 \020\351\374\360\356\2612\002\246\303\333>:z\275\214\213x\270\315\266\312\345p\322z\210\356\037nry\002 \t\257\267\343\225\003#\256\233\310\314\000J\033\243\324\266\274b|\323w\307\016\032tK\204\014Z\301)""; ","validation: """"\200\000\000\001&\000\000\000\030)/\351\252\374:\r\302\353\023?\373\240rQ\334\331\315\254\230\rBG\314\023\246\244=\351\177\254\302b&\276+H;0\312\021&\275\036\237\350RP\027\000\000\000\000\000\000\000\000\000\000\000\000\000\000\000\000\000\000\000\000\000\000\000\000\000\000\000\000\000\000\000\000P\031\220\371c@\017\254\363\\371\340\340VaR\205~^\226\342t\360\022\204d\231\205)\272\364?\361!s!\003R7o\362bV\300hf\266\241;}\200^\374\240\203[:\342Q\225\221\027y\372\255\235\216\323~vF0D\002 \020\351\374\360\356\2612\002\246\303\333>:z\275\214\213x\270\315\266\312\345p\322z\210\356\037nry\002 \t\257\267\343\225\003#\256\233\310\314\000J\033\243\324\266\274b|\323w\307\016\032tK\204\014Z\301)""; "
1750527612675,1750527612675,0,1,1,3,TMProposeSet,"proposeSeq: 1; currentTxHash: ""\000\000\000\000\000\000\000\000\000\000\000\000\000\000\000\000\000\000\000\000\000\000\000\000\000\000\000\000\000\000\000\000""; nodePubKey: ""\002\266\377\271\344:\030\221i\267\257\215\237M\014\3345f\014\273|\207\367\334\337F\325\004cxB\211L""; closeTime: 803842800; signature: ""0E\002!\000\362\222\367\002\245\010\375\200\347<+F\222G[\004\305J\206Y\034\024\253\024\252 \274\314\361'X\010\002 6\217!\\301l\307\331\276m\0209\000\005\250\210\361+\240\263\266\367f{\032\000I\036\340\365\271Z""; previousledger: ""\365\236\003\240\370\374\346\010(\376\005\316\217\025\177S\rdM\262\311\333\n\266Ve\363\337\n8\037\207""; ","proposeSeq: 1; currentTxHash: ""\000\000\000\000\000\000\000\000\000\000\000\000\000\000\000\000\000\000\000\000\000\000\000\000\000\000\000\000\000\000\000\000""; nodePubKey: ""\002\266\377\271\344:\030\221i\267\257\215\237M\014\3345f\014\273|\207\367\334\337F\325\004cxB\211L""; closeTime: 803842800; signature: ""0E\002!\000\362\222\367\002\245\010\375\200\347<+F\222G[\004\305J\206Y\034\024\253\024\252 \274\314\361'X\010\002 6\217!\\301l\307\331\276m\0209\000\005\250\210\361+\240\263\266\367f{\032\000I\036\340\365\271Z""; previousledger: ""\365\236\003\240\370\374\346\010(\376\005\316\217\025\177S\rdM\262\311\333\n\266Ve\363\337\n8\037\207""; "
1750527612675,1750527612675,0,1,1,2,TMProposeSet,"proposeSeq: 1; currentTxHash: ""\000\000\000\000\000\000\000\000\000\000\000\000\000\000\000\000\000\000\000\000\000\000\000\000\000\000\000\000\000\000\000\000""; nodePubKey: ""\002\266\377\271\344:\030\221i\267\257\215\237M\014\3345f\014\273|\207\367\334\337F\325\004cxB\211L""; closeTime: 803842800; signature: ""0E\002!\000\362\222\367\002\245\010\375\200\347<+F\222G[\004\305J\206Y\034\024\253\024\252 \274\314\361'X\010\002 6\217!\\301l\307\331\276m\0209\000\005\250\210\361+\240\263\266\367f{\032\000I\036\340\365\271Z""; previousledger: ""\365\236\003\240\370\374\346\010(\376\005\316\217\025\177S\rdM\262\311\333\n\266Ve\363\337\n8\037\207""; ","proposeSeq: 1; currentTxHash: ""\000\000\000\000\000\000\000\000\000\000\000\000\000\000\000\000\000\000\000\000\000\000\000\000\000\000\000\000\000\000\000\000""; nodePubKey: ""\002\266\377\271\344:\030\221i\267\257\215\237M\014\3345f\014\273|\207\367\334\337F\325\004cxB\211L""; closeTime: 803842800; signature: ""0E\002!\000\362\222\367\002\245\010\375\200\347<+F\222G[\004\305J\206Y\034\024\253\024\252 \274\314\361'X\010\002 6\217!\\301l\307\331\276m\0209\000\005\250\210\361+\240\263\266\367f{\032\000I\036\340\365\271Z""; previousledger: ""\365\236\003\240\370\374\346\010(\376\005\316\217\025\177S\rdM\262\311\333\n\266Ve\363\337\n8\037\207""; "
1750527612675,1750527612676,0,1,1,0,TMProposeSet,"proposeSeq: 1; currentTxHash: ""\000\000\000\000\000\000\000\000\000\000\000\000\000\000\000\000\000\000\000\000\000\000\000\000\000\000\000\000\000\000\000\000""; nodePubKey: ""\002\266\377\271\344:\030\221i\267\257\215\237M\014\3345f\014\273|\207\367\334\337F\325\004cxB\211L""; closeTime: 803842800; signature: ""0E\002!\000\362\222\367\002\245\010\375\200\347<+F\222G[\004\305J\206Y\034\024\253\024\252 \274\314\361'X\010\002 6\217!\\301l\307\331\276m\0209\000\005\250\210\361+\240\263\266\367f{\032\000I\036\340\365\271Z""; previousledger: ""\365\236\003\240\370\374\346\010(\376\005\316\217\025\177S\rdM\262\311\333\n\266Ve\363\337\n8\037\207""; ","proposeSeq: 1; currentTxHash: ""\000\000\000\000\000\000\000\000\000\000\000\000\000\000\000\000\000\000\000\000\000\000\000\000\000\000\000\000\000\000\000\000""; nodePubKey: ""\002\266\377\271\344:\030\221i\267\257\215\237M\014\3345f\014\273|\207\367\334\337F\325\004cxB\211L""; closeTime: 803842800; signature: ""0E\002!\000\362\222\367\002\245\010\375\200\347<+F\222G[\004\305J\206Y\034\024\253\024\252 \274\314\361'X\010\002 6\217!\\301l\307\331\276m\0209\000\005\250\210\361+\240\263\266\367f{\032\000I\036\340\365\271Z""; previousledger: ""\365\236\003\240\370\374\346\010(\376\005\316\217\025\177S\rdM\262\311\333\n\266Ve\363\337\n8\037\207""; "
1750527612676,1750527612676,0,1,1,4,TMProposeSet,"proposeSeq: 1; currentTxHash: ""\000\000\000\000\000\000\000\000\000\000\000\000\000\000\000\000\000\000\000\000\000\000\000\000\000\000\000\000\000\000\000\000""; nodePubKey: ""\002\266\377\271\344:\030\221i\267\257\215\237M\014\3345f\014\273|\207\367\334\337F\325\004cxB\211L""; closeTime: 803842800; signature: ""0E\002!\000\362\222\367\002\245\010\375\200\347<+F\222G[\004\305J\206Y\034\024\253\024\252 \274\314\361'X\010\002 6\217!\\301l\307\331\276m\0209\000\005\250\210\361+\240\263\266\367f{\032\000I\036\340\365\271Z""; previousledger: ""\365\236\003\240\370\374\346\010(\376\005\316\217\025\177S\rdM\262\311\333\n\266Ve\363\337\n8\037\207""; ","proposeSeq: 1; currentTxHash: ""\000\000\000\000\000\000\000\000\000\000\000\000\000\000\000\000\000\000\000\000\000\000\000\000\000\000\000\000\000\000\000\000""; nodePubKey: ""\002\266\377\271\344:\030\221i\267\257\215\237M\014\3345f\014\273|\207\367\334\337F\325\004cxB\211L""; closeTime: 803842800; signature: ""0E\002!\000\362\222\367\002\245\010\375\200\347<+F\222G[\004\305J\206Y\034\024\253\024\252 \274\314\361'X\010\002 6\217!\\301l\307\331\276m\0209\000\005\250\210\361+\240\263\266\367f{\032\000I\036\340\365\271Z""; previousledger: ""\365\236\003\240\370\374\346\010(\376\005\316\217\025\177S\rdM\262\311\333\n\266Ve\363\337\n8\037\207""; "
1750527613440,1750527613440,0,1,3,4,TMProposeSet,"proposeSeq: 0; currentTxHash: ""\000\000\000\000\000\000\000\000\000\000\000\000\000\000\000\000\000\000\000\000\000\000\000\000\000\000\000\000\000\000\000\000""; nodePubKey: ""\002\364d\217\366\217|\316F\232\231\241\n\261\333`\312O\367\235\025DD\336e\367\n\312\326\221\037\025\230""; closeTime: 803842813; signature: ""0C\002 \000\255\342\350Zm\315\314\217\253\300\351f\2369U\364L [Y\300\251\003A\375\376\355\376\024kU\002\037\007\343\271\260-$\365w\332\214\330dV\254\313@\266\260\222\377K\035Q\220\242\237\002\267\257\360]""; previousledger: ""\334\331\315\254\230\rBG\314\023\246\244=\351\177\254\302b&\276+H;0\312\021&\275\036\237\350R""; ","proposeSeq: 0; currentTxHash: ""\000\000\000\000\000\000\000\000\000\000\000\000\000\000\000\000\000\000\000\000\000\000\000\000\000\000\000\000\000\000\000\000""; nodePubKey: ""\002\364d\217\366\217|\316F\232\231\241\n\261\333`\312O\367\235\025DD\336e\367\n\312\326\221\037\025\230""; closeTime: 803842813; signature: ""0C\002 \000\255\342\350Zm\315\314\217\253\300\351f\2369U\364L [Y\300\251\003A\375\376\355\376\024kU\002\037\007\343\271\260-$\365w\332\214\330dV\254\313@\266\260\222\377K\035Q\220\242\237\002\267\257\360]""; previousledger: ""\334\331\315\254\230\rBG\314\023\246\244=\351\177\254\302b&\276+H;0\312\021&\275\036\237\350R""; "
1750527613443,1750527613443,0,1,4,2,TMProposeSet,"proposeSeq: 0; currentTxHash: ""\000\000\000\000\000\000\000\000\000\000\000\000\000\000\000\000\000\000\000\000\000\000\000\000\000\000\000\000\000\000\000\000""; nodePubKey: ""\002\364d\217\366\217|\316F\232\231\241\n\261\333`\312O\367\235\025DD\336e\367\n\312\326\221\037\025\230""; closeTime: 803842813; signature: ""0C\002 \000\255\342\350Zm\315\314\217\253\300\351f\2369U\364L [Y\300\251\003A\375\376\355\376\024kU\002\037\007\343\271\260-$\365w\332\214\330dV\254\313@\266\260\222\377K\035Q\220\242\237\002\267\257\360]""; previousledger: ""\334\331\315\254\230\rBG\314\023\246\244=\351\177\254\302b&\276+H;0\312\021&\275\036\237\350R""; ","proposeSeq: 0; currentTxHash: ""\000\000\000\000\000\000\000\000\000\000\000\000\000\000\000\000\000\000\000\000\000\000\000\000\000\000\000\000\000\000\000\000""; nodePubKey: ""\002\364d\217\366\217|\316F\232\231\241\n\261\333`\312O\367\235\025DD\336e\367\n\312\326\221\037\025\230""; closeTime: 803842813; signature: ""0C\002 \000\255\342\350Zm\315\314\217\253\300\351f\2369U\364L [Y\300\251\003A\375\376\355\376\024kU\002\037\007\343\271\260-$\365w\332\214\330dV\254\313@\266\260\222\377K\035Q\220\242\237\002\267\257\360]""; previousledger: ""\334\331\315\254\230\rBG\314\023\246\244=\351\177\254\302b&\276+H;0\312\021&\275\036\237\350R""; "
1750527613443,1750527613443,0,1,4,0,TMProposeSet,"proposeSeq: 0; currentTxHash: ""\000\000\000\000\000\000\000\000\000\000\000\000\000\000\000\000\000\000\000\000\000\000\000\000\000\000\000\000\000\000\000\000""; nodePubKey: ""\002\364d\217\366\217|\316F\232\231\241\n\261\333`\312O\367\235\025DD\336e\367\n\312\326\221\037\025\230""; closeTime: 803842813; signature: ""0C\002 \000\255\342\350Zm\315\314\217\253\300\351f\2369U\364L [Y\300\251\003A\375\376\355\376\024kU\002\037\007\343\271\260-$\365w\332\214\330dV\254\313@\266\260\222\377K\035Q\220\242\237\002\267\257\360]""; previousledger: ""\334\331\315\254\230\rBG\314\023\246\244=\351\177\254\302b&\276+H;0\312\021&\275\036\237\350R""; ","proposeSeq: 0; currentTxHash: ""\000\000\000\000\000\000\000\000\000\000\000\000\000\000\000\000\000\000\000\000\000\000\000\000\000\000\000\000\000\000\000\000""; nodePubKey: ""\002\364d\217\366\217|\316F\232\231\241\n\261\333`\312O\367\235\025DD\336e\367\n\312\326\221\037\025\230""; closeTime: 803842813; signature: ""0C\002 \000\255\342\350Zm\315\314\217\253\300\351f\2369U\364L [Y\300\251\003A\375\376\355\376\024kU\002\037\007\343\271\260-$\365w\332\214\330dV\254\313@\266\260\222\377K\035Q\220\242\237\002\267\257\360]""; previousledger: ""\334\331\315\254\230\rBG\314\023\246\244=\351\177\254\302b&\276+H;0\312\021&\275\036\237\350R""; "
1750527613444,1750527613444,0,1,4,1,TMProposeSet,"proposeSeq: 0; currentTxHash: ""\000\000\000\000\000\000\000\000\000\000\000\000\000\000\000\000\000\000\000\000\000\000\000\000\000\000\000\000\000\000\000\000""; nodePubKey: ""\002\364d\217\366\217|\316F\232\231\241\n\261\333`\312O\367\235\025DD\336e\367\n\312\326\221\037\025\230""; closeTime: 803842813; signature: ""0C\002 \000\255\342\350Zm\315\314\217\253\300\351f\2369U\364L [Y\300\251\003A\375\376\355\376\024kU\002\037\007\343\271\260-$\365w\332\214\330dV\254\313@\266\260\222\377K\035Q\220\242\237\002\267\257\360]""; previousledger: ""\334\331\315\254\230\rBG\314\023\246\244=\351\177\254\302b&\276+H;0\312\021&\275\036\237\350R""; ","proposeSeq: 0; currentTxHash: ""\000\000\000\000\000\000\000\000\000\000\000\000\000\000\000\000\000\000\000\000\000\000\000\000\000\000\000\000\000\000\000\000""; nodePubKey: ""\002\364d\217\366\217|\316F\232\231\241\n\261\333`\312O\367\235\025DD\336e\367\n\312\326\221\037\025\230""; closeTime: 803842813; signature: ""0C\002 \000\255\342\350Zm\315\314\217\253\300\351f\2369U\364L [Y\300\251\003A\375\376\355\376\024kU\002\037\007\343\271\260-$\365w\332\214\330dV\254\313@\266\260\222\377K\035Q\220\242\237\002\267\257\360]""; previousledger: ""\334\331\315\254\230\rBG\314\023\246\244=\351\177\254\302b&\276+H;0\312\021&\275\036\237\350R""; "
1750527613482,1750527613482,0,1,3,1,TMProposeSet,"proposeSeq: 0; currentTxHash: ""\000\000\000\000\000\000\000\000\000\000\000\000\000\000\000\000\000\000\000\000\000\000\000\000\000\000\000\000\000\000\000\000""; nodePubKey: ""\002\364d\217\366\217|\316F\232\231\241\n\261\333`\312O\367\235\025DD\336e\367\n\312\326\221\037\025\230""; closeTime: 803842813; signature: ""0C\002 \000\255\342\350Zm\315\314\217\253\300\351f\2369U\364L [Y\300\251\003A\375\376\355\376\024kU\002\037\007\343\271\260-$\365w\332\214\330dV\254\313@\266\260\222\377K\035Q\220\242\237\002\267\257\360]""; previousledger: ""\334\331\315\254\230\rBG\314\023\246\244=\351\177\254\302b&\276+H;0\312\021&\275\036\237\350R""; ","proposeSeq: 0; currentTxHash: ""\000\000\000\000\000\000\000\000\000\000\000\000\000\000\000\000\000\000\000\000\000\000\000\000\000\000\000\000\000\000\000\000""; nodePubKey: ""\002\364d\217\366\217|\316F\232\231\241\n\261\333`\312O\367\235\025DD\336e\367\n\312\326\221\037\025\230""; closeTime: 803842813; signature: ""0C\002 \000\255\342\350Zm\315\314\217\253\300\351f\2369U\364L [Y\300\251\003A\375\376\355\376\024kU\002\037\007\343\271\260-$\365w\332\214\330dV\254\313@\266\260\222\377K\035Q\220\242\237\002\267\257\360]""; previousledger: ""\334\331\315\254\230\rBG\314\023\246\244=\351\177\254\302b&\276+H;0\312\021&\275\036\237\350R""; "
1750527613482,1750527613483,0,1,3,2,TMProposeSet,"proposeSeq: 0; currentTxHash: ""\000\000\000\000\000\000\000\000\000\000\000\000\000\000\000\000\000\000\000\000\000\000\000\000\000\000\000\000\000\000\000\000""; nodePubKey: ""\002\364d\217\366\217|\316F\232\231\241\n\261\333`\312O\367\235\025DD\336e\367\n\312\326\221\037\025\230""; closeTime: 803842813; signature: ""0C\002 \000\255\342\350Zm\315\314\217\253\300\351f\2369U\364L [Y\300\251\003A\375\376\355\376\024kU\002\037\007\343\271\260-$\365w\332\214\330dV\254\313@\266\260\222\377K\035Q\220\242\237\002\267\257\360]""; previousledger: ""\334\331\315\254\230\rBG\314\023\246\244=\351\177\254\302b&\276+H;0\312\021&\275\036\237\350R""; ","proposeSeq: 0; currentTxHash: ""\000\000\000\000\000\000\000\000\000\000\000\000\000\000\000\000\000\000\000\000\000\000\000\000\000\000\000\000\000\000\000\000""; nodePubKey: ""\002\364d\217\366\217|\316F\232\231\241\n\261\333`\312O\367\235\025DD\336e\367\n\312\326\221\037\025\230""; closeTime: 803842813; signature: ""0C\002 \000\255\342\350Zm\315\314\217\253\300\351f\2369U\364L [Y\300\251\003A\375\376\355\376\024kU\002\037\007\343\271\260-$\365w\332\214\330dV\254\313@\266\260\222\377K\035Q\220\242\237\002\267\257\360]""; previousledger: ""\334\331\315\254\230\rBG\314\023\246\244=\351\177\254\302b&\276+H;0\312\021&\275\036\237\350R""; "
1750527613483,1750527613483,0,1,3,0,TMProposeSet,"proposeSeq: 0; currentTxHash: ""\000\000\000\000\000\000\000\000\000\000\000\000\000\000\000\000\000\000\000\000\000\000\000\000\000\000\000\000\000\000\000\000""; nodePubKey: ""\002\364d\217\366\217|\316F\232\231\241\n\261\333`\312O\367\235\025DD\336e\367\n\312\326\221\037\025\230""; closeTime: 803842813; signature: ""0C\002 \000\255\342\350Zm\315\314\217\253\300\351f\2369U\364L [Y\300\251\003A\375\376\355\376\024kU\002\037\007\343\271\260-$\365w\332\214\330dV\254\313@\266\260\222\377K\035Q\220\242\237\002\267\257\360]""; previousledger: ""\334\331\315\254\230\rBG\314\023\246\244=\351\177\254\302b&\276+H;0\312\021&\275\036\237\350R""; ","proposeSeq: 0; currentTxHash: ""\000\000\000\000\000\000\000\000\000\000\000\000\000\000\000\000\000\000\000\000\000\000\000\000\000\000\000\000\000\000\000\000""; nodePubKey: ""\002\364d\217\366\217|\316F\232\231\241\n\261\333`\312O\367\235\025DD\336e\367\n\312\326\221\037\025\230""; closeTime: 803842813; signature: ""0C\002 \000\255\342\350Zm\315\314\217\253\300\351f\2369U\364L [Y\300\251\003A\375\376\355\376\024kU\002\037\007\343\271\260-$\365w\332\214\330dV\254\313@\266\260\222\377K\035Q\220\242\237\002\267\257\360]""; previousledger: ""\334\331\315\254\230\rBG\314\023\246\244=\351\177\254\302b&\276+H;0\312\021&\275\036\237\350R""; "
1750527613441,1750527613499,0,1,3,4,TMStatusChange,"newEvent: neCLOSING_LEDGER; ledgerSeq: 24; ledgerHash: ""\334\331\315\254\230\rBG\314\023\246\244=\351\177\254\302b&\276+H;0\312\021&\275\036\237\350R""; ledgerHashPrevious: ""\220\371c@\017\254\363\\371\340\340VaR\205~^\226\342t\360\022\204d\231\205)\272\364?\361!""; networkTime: 803842813; firstSeq: 1; lastSeq: 24; ","newEvent: neCLOSING_LEDGER; ledgerSeq: 24; ledgerHash: ""\334\331\315\254\230\rBG\314\023\246\244=\351\177\254\302b&\276+H;0\312\021&\275\036\237\350R""; ledgerHashPrevious: ""\220\371c@\017\254\363\\371\340\340VaR\205~^\226\342t\360\022\204d\231\205)\272\364?\361!""; networkTime: 803842813; firstSeq: 1; lastSeq: 24; "
1750527613441,1750527613500,0,1,3,2,TMStatusChange,"newEvent: neCLOSING_LEDGER; ledgerSeq: 24; ledgerHash: ""\334\331\315\254\230\rBG\314\023\246\244=\351\177\254\302b&\276+H;0\312\021&\275\036\237\350R""; ledgerHashPrevious: ""\220\371c@\017\254\363\\371\340\340VaR\205~^\226\342t\360\022\204d\231\205)\272\364?\361!""; networkTime: 803842813; firstSeq: 1; lastSeq: 24; ","newEvent: neCLOSING_LEDGER; ledgerSeq: 24; ledgerHash: ""\334\331\315\254\230\rBG\314\023\246\244=\351\177\254\302b&\276+H;0\312\021&\275\036\237\350R""; ledgerHashPrevious: ""\220\371c@\017\254\363\\371\340\340VaR\205~^\226\342t\360\022\204d\231\205)\272\364?\361!""; networkTime: 803842813; firstSeq: 1; lastSeq: 24; "
1750527613441,1750527613499,0,1,3,0,TMStatusChange,"newEvent: neCLOSING_LEDGER; ledgerSeq: 24; ledgerHash: ""\334\331\315\254\230\rBG\314\023\246\244=\351\177\254\302b&\276+H;0\312\021&\275\036\237\350R""; ledgerHashPrevious: ""\220\371c@\017\254\363\\371\340\340VaR\205~^\226\342t\360\022\204d\231\205)\272\364?\361!""; networkTime: 803842813; firstSeq: 1; lastSeq: 24; ","newEvent: neCLOSING_LEDGER; ledgerSeq: 24; ledgerHash: ""\334\331\315\254\230\rBG\314\023\246\244=\351\177\254\302b&\276+H;0\312\021&\275\036\237\350R""; ledgerHashPrevious: ""\220\371c@\017\254\363\\371\340\340VaR\205~^\226\342t\360\022\204d\231\205)\272\364?\361!""; networkTime: 803842813; firstSeq: 1; lastSeq: 24; "
1750527613442,1750527613500,0,1,3,1,TMStatusChange,"newEvent: neCLOSING_LEDGER; ledgerSeq: 24; ledgerHash: ""\334\331\315\254\230\rBG\314\023\246\244=\351\177\254\302b&\276+H;0\312\021&\275\036\237\350R""; ledgerHashPrevious: ""\220\371c@\017\254\363\\371\340\340VaR\205~^\226\342t\360\022\204d\231\205)\272\364?\361!""; networkTime: 803842813; firstSeq: 1; lastSeq: 24; ","newEvent: neCLOSING_LEDGER; ledgerSeq: 24; ledgerHash: ""\334\331\315\254\230\rBG\314\023\246\244=\351\177\254\302b&\276+H;0\312\021&\275\036\237\350R""; ledgerHashPrevious: ""\220\371c@\017\254\363\\371\340\340VaR\205~^\226\342t\360\022\204d\231\205)\272\364?\361!""; networkTime: 803842813; firstSeq: 1; lastSeq: 24; "
1750527613605,1750527613605,0,1,4,2,TMProposeSet,"proposeSeq: 0; currentTxHash: ""\000\000\000\000\000\000\000\000\000\000\000\000\000\000\000\000\000\000\000\000\000\000\000\000\000\000\000\000\000\000\000\000""; nodePubKey: ""\003R7o\362bV\300hf\266\241;}\200^\374\240\203[:\342Q\225\221\027y\372\255\235\216\323~""; closeTime: 803842813; signature: ""0E\002!\000\361t\r\336\333\013\016\355\341\203\235i\373\324\263!\232\246\315^\24409R\2162Gj\016\303lP\002 u^\022\277\3450\346\316!\035\335\305~\304\246Y\363I\362\226\326\302\t\022*\177\313\307\240\017\330g""; previousledger: ""\334\331\315\254\230\rBG\314\023\246\244=\351\177\254\302b&\276+H;0\312\021&\275\036\237\350R""; ","proposeSeq: 0; currentTxHash: ""\000\000\000\000\000\000\000\000\000\000\000\000\000\000\000\000\000\000\000\000\000\000\000\000\000\000\000\000\000\000\000\000""; nodePubKey: ""\003R7o\362bV\300hf\266\241;}\200^\374\240\203[:\342Q\225\221\027y\372\255\235\216\323~""; closeTime: 803842813; signature: ""0E\002!\000\361t\r\336\333\013\016\355\341\203\235i\373\324\263!\232\246\315^\24409R\2162Gj\016\303lP\002 u^\022\277\3450\346\316!\035\335\305~\304\246Y\363I\362\226\326\302\t\022*\177\313\307\240\017\330g""; previousledger: ""\334\331\315\254\230\rBG\314\023\246\244=\351\177\254\302b&\276+H;0\312\021&\275\036\237\350R""; "
1750527613605,1750527613605,0,1,4,3,TMProposeSet,"proposeSeq: 0; currentTxHash: ""\000\000\000\000\000\000\000\000\000\000\000\000\000\000\000\000\000\000\000\000\000\000\000\000\000\000\000\000\000\000\000\000""; nodePubKey: ""\003R7o\362bV\300hf\266\241;}\200^\374\240\203[:\342Q\225\221\027y\372\255\235\216\323~""; closeTime: 803842813; signature: ""0E\002!\000\361t\r\336\333\013\016\355\341\203\235i\373\324\263!\232\246\315^\24409R\2162Gj\016\303lP\002 u^\022\277\3450\346\316!\035\335\305~\304\246Y\363I\362\226\326\302\t\022*\177\313\307\240\017\330g""; previousledger: ""\334\331\315\254\230\rBG\314\023\246\244=\351\177\254\302b&\276+H;0\312\021&\275\036\237\350R""; ","proposeSeq: 0; currentTxHash: ""\000\000\000\000\000\000\000\000\000\000\000\000\000\000\000\000\000\000\000\000\000\000\000\000\000\000\000\000\000\000\000\000""; nodePubKey: ""\003R7o\362bV\300hf\266\241;}\200^\374\240\203[:\342Q\225\221\027y\372\255\235\216\323~""; closeTime: 803842813; signature: ""0E\002!\000\361t\r\336\333\013\016\355\341\203\235i\373\324\263!\232\246\315^\24409R\2162Gj\016\303lP\002 u^\022\277\3450\346\316!\035\335\305~\304\246Y\363I\362\226\326\302\t\022*\177\313\307\240\017\330g""; previousledger: ""\334\331\315\254\230\rBG\314\023\246\244=\351\177\254\302b&\276+H;0\312\021&\275\036\237\350R""; "
1750527613606,1750527613606,0,1,4,1,TMProposeSet,"proposeSeq: 0; currentTxHash: ""\000\000\000\000\000\000\000\000\000\000\000\000\000\000\000\000\000\000\000\000\000\000\000\000\000\000\000\000\000\000\000\000""; nodePubKey: ""\003R7o\362bV\300hf\266\241;}\200^\374\240\203[:\342Q\225\221\027y\372\255\235\216\323~""; closeTime: 803842813; signature: ""0E\002!\000\361t\r\336\333\013\016\355\341\203\235i\373\324\263!\232\246\315^\24409R\2162Gj\016\303lP\002 u^\022\277\3450\346\316!\035\335\305~\304\246Y\363I\362\226\326\302\t\022*\177\313\307\240\017\330g""; previousledger: ""\334\331\315\254\230\rBG\314\023\246\244=\351\177\254\302b&\276+H;0\312\021&\275\036\237\350R""; ","proposeSeq: 0; currentTxHash: ""\000\000\000\000\000\000\000\000\000\000\000\000\000\000\000\000\000\000\000\000\000\000\000\000\000\000\000\000\000\000\000\000""; nodePubKey: ""\003R7o\362bV\300hf\266\241;}\200^\374\240\203[:\342Q\225\221\027y\372\255\235\216\323~""; closeTime: 803842813; signature: ""0E\002!\000\361t\r\336\333\013\016\355\341\203\235i\373\324\263!\232\246\315^\24409R\2162Gj\016\303lP\002 u^\022\277\3450\346\316!\035\335\305~\304\246Y\363I\362\226\326\302\t\022*\177\313\307\240\017\330g""; previousledger: ""\334\331\315\254\230\rBG\314\023\246\244=\351\177\254\302b&\276+H;0\312\021&\275\036\237\350R""; "
1750527613607,1750527613607,0,1,4,0,TMProposeSet,"proposeSeq: 0; currentTxHash: ""\000\000\000\000\000\000\000\000\000\000\000\000\000\000\000\000\000\000\000\000\000\000\000\000\000\000\000\000\000\000\000\000""; nodePubKey: ""\003R7o\362bV\300hf\266\241;}\200^\374\240\203[:\342Q\225\221\027y\372\255\235\216\323~""; closeTime: 803842813; signature: ""0E\002!\000\361t\r\336\333\013\016\355\341\203\235i\373\324\263!\232\246\315^\24409R\2162Gj\016\303lP\002 u^\022\277\3450\346\316!\035\335\305~\304\246Y\363I\362\226\326\302\t\022*\177\313\307\240\017\330g""; previousledger: ""\334\331\315\254\230\rBG\314\023\246\244=\351\177\254\302b&\276+H;0\312\021&\275\036\237\350R""; ","proposeSeq: 0; currentTxHash: ""\000\000\000\000\000\000\000\000\000\000\000\000\000\000\000\000\000\000\000\000\000\000\000\000\000\000\000\000\000\000\000\000""; nodePubKey: ""\003R7o\362bV\300hf\266\241;}\200^\374\240\203[:\342Q\225\221\027y\372\255\235\216\323~""; closeTime: 803842813; signature: ""0E\002!\000\361t\r\336\333\013\016\355\341\203\235i\373\324\263!\232\246\315^\24409R\2162Gj\016\303lP\002 u^\022\277\3450\346\316!\035\335\305~\304\246Y\363I\362\226\326\302\t\022*\177\313\307\240\017\330g""; previousledger: ""\334\331\315\254\230\rBG\314\023\246\244=\351\177\254\302b&\276+H;0\312\021&\275\036\237\350R""; "
1750527613608,1750527613608,0,1,3,2,TMProposeSet,"proposeSeq: 0; currentTxHash: ""\000\000\000\000\000\000\000\000\000\000\000\000\000\000\000\000\000\000\000\000\000\000\000\000\000\000\000\000\000\000\000\000""; nodePubKey: ""\003R7o\362bV\300hf\266\241;}\200^\374\240\203[:\342Q\225\221\027y\372\255\235\216\323~""; closeTime: 803842813; signature: ""0E\002!\000\361t\r\336\333\013\016\355\341\203\235i\373\324\263!\232\246\315^\24409R\2162Gj\016\303lP\002 u^\022\277\3450\346\316!\035\335\305~\304\246Y\363I\362\226\326\302\t\022*\177\313\307\240\017\330g""; previousledger: ""\334\331\315\254\230\rBG\314\023\246\244=\351\177\254\302b&\276+H;0\312\021&\275\036\237\350R""; ","proposeSeq: 0; currentTxHash: ""\000\000\000\000\000\000\000\000\000\000\000\000\000\000\000\000\000\000\000\000\000\000\000\000\000\000\000\000\000\000\000\000""; nodePubKey: ""\003R7o\362bV\300hf\266\241;}\200^\374\240\203[:\342Q\225\221\027y\372\255\235\216\323~""; closeTime: 803842813; signature: ""0E\002!\000\361t\r\336\333\013\016\355\341\203\235i\373\324\263!\232\246\315^\24409R\2162Gj\016\303lP\002 u^\022\277\3450\346\316!\035\335\305~\304\246Y\363I\362\226\326\302\t\022*\177\313\307\240\017\330g""; previousledger: ""\334\331\315\254\230\rBG\314\023\246\244=\351\177\254\302b&\276+H;0\312\021&\275\036\237\350R""; "
1750527613608,1750527613609,0,1,3,0,TMProposeSet,"proposeSeq: 0; currentTxHash: ""\000\000\000\000\000\000\000\000\000\000\000\000\000\000\000\000\000\000\000\000\000\000\000\000\000\000\000\000\000\000\000\000""; nodePubKey: ""\003R7o\362bV\300hf\266\241;}\200^\374\240\203[:\342Q\225\221\027y\372\255\235\216\323~""; closeTime: 803842813; signature: ""0E\002!\000\361t\r\336\333\013\016\355\341\203\235i\373\324\263!\232\246\315^\24409R\2162Gj\016\303lP\002 u^\022\277\3450\346\316!\035\335\305~\304\246Y\363I\362\226\326\302\t\022*\177\313\307\240\017\330g""; previousledger: ""\334\331\315\254\230\rBG\314\023\246\244=\351\177\254\302b&\276+H;0\312\021&\275\036\237\350R""; ","proposeSeq: 0; currentTxHash: ""\000\000\000\000\000\000\000\000\000\000\000\000\000\000\000\000\000\000\000\000\000\000\000\000\000\000\000\000\000\000\000\000""; nodePubKey: ""\003R7o\362bV\300hf\266\241;}\200^\374\240\203[:\342Q\225\221\027y\372\255\235\216\323~""; closeTime: 803842813; signature: ""0E\002!\000\361t\r\336\333\013\016\355\341\203\235i\373\324\263!\232\246\315^\24409R\2162Gj\016\303lP\002 u^\022\277\3450\346\316!\035\335\305~\304\246Y\363I\362\226\326\302\t\022*\177\313\307\240\017\330g""; previousledger: ""\334\331\315\254\230\rBG\314\023\246\244=\351\177\254\302b&\276+H;0\312\021&\275\036\237\350R""; "
1750527613609,1750527613609,0,1,3,1,TMProposeSet,"proposeSeq: 0; currentTxHash: ""\000\000\000\000\000\000\000\000\000\000\000\000\000\000\000\000\000\000\000\000\000\000\000\000\000\000\000\000\000\000\000\000""; nodePubKey: ""\003R7o\362bV\300hf\266\241;}\200^\374\240\203[:\342Q\225\221\027y\372\255\235\216\323~""; closeTime: 803842813; signature: ""0E\002!\000\361t\r\336\333\013\016\355\341\203\235i\373\324\263!\232\246\315^\24409R\2162Gj\016\303lP\002 u^\022\277\3450\346\316!\035\335\305~\304\246Y\363I\362\226\326\302\t\022*\177\313\307\240\017\330g""; previousledger: ""\334\331\315\254\230\rBG\314\023\246\244=\351\177\254\302b&\276+H;0\312\021&\275\036\237\350R""; ","proposeSeq: 0; currentTxHash: ""\000\000\000\000\000\000\000\000\000\000\000\000\000\000\000\000\000\000\000\000\000\000\000\000\000\000\000\000\000\000\000\000""; nodePubKey: ""\003R7o\362bV\300hf\266\241;}\200^\374\240\203[:\342Q\225\221\027y\372\255\235\216\323~""; closeTime: 803842813; signature: ""0E\002!\000\361t\r\336\333\013\016\355\341\203\235i\373\324\263!\232\246\315^\24409R\2162Gj\016\303lP\002 u^\022\277\3450\346\316!\035\335\305~\304\246Y\363I\362\226\326\302\t\022*\177\313\307\240\017\330g""; previousledger: ""\334\331\315\254\230\rBG\314\023\246\244=\351\177\254\302b&\276+H;0\312\021&\275\036\237\350R""; "
1750527613604,1750527613664,0,1,4,2,TMStatusChange,"newEvent: neCLOSING_LEDGER; ledgerSeq: 24; ledgerHash: ""\334\331\315\254\230\rBG\314\023\246\244=\351\177\254\302b&\276+H;0\312\021&\275\036\237\350R""; ledgerHashPrevious: ""\220\371c@\017\254\363\\371\340\340VaR\205~^\226\342t\360\022\204d\231\205)\272\364?\361!""; networkTime: 803842813; firstSeq: 1; lastSeq: 24; ","newEvent: neCLOSING_LEDGER; ledgerSeq: 24; ledgerHash: ""\334\331\315\254\230\rBG\314\023\246\244=\351\177\254\302b&\276+H;0\312\021&\275\036\237\350R""; ledgerHashPrevious: ""\220\371c@\017\254\363\\371\340\340VaR\205~^\226\342t\360\022\204d\231\205)\272\364?\361!""; networkTime: 803842813; firstSeq: 1; lastSeq: 24; "
1750527613606,1750527613664,0,1,4,1,TMStatusChange,"newEvent: neCLOSING_LEDGER; ledgerSeq: 24; ledgerHash: ""\334\331\315\254\230\rBG\314\023\246\244=\351\177\254\302b&\276+H;0\312\021&\275\036\237\350R""; ledgerHashPrevious: ""\220\371c@\017\254\363\\371\340\340VaR\205~^\226\342t\360\022\204d\231\205)\272\364?\361!""; networkTime: 803842813; firstSeq: 1; lastSeq: 24; ","newEvent: neCLOSING_LEDGER; ledgerSeq: 24; ledgerHash: ""\334\331\315\254\230\rBG\314\023\246\244=\351\177\254\302b&\276+H;0\312\021&\275\036\237\350R""; ledgerHashPrevious: ""\220\371c@\017\254\363\\371\340\340VaR\205~^\226\342t\360\022\204d\231\205)\272\364?\361!""; networkTime: 803842813; firstSeq: 1; lastSeq: 24; "
1750527613606,1750527613664,0,1,4,3,TMStatusChange,"newEvent: neCLOSING_LEDGER; ledgerSeq: 24; ledgerHash: ""\334\331\315\254\230\rBG\314\023\246\244=\351\177\254\302b&\276+H;0\312\021&\275\036\237\350R""; ledgerHashPrevious: ""\220\371c@\017\254\363\\371\340\340VaR\205~^\226\342t\360\022\204d\231\205)\272\364?\361!""; networkTime: 803842813; firstSeq: 1; lastSeq: 24; ","newEvent: neCLOSING_LEDGER; ledgerSeq: 24; ledgerHash: ""\334\331\315\254\230\rBG\314\023\246\244=\351\177\254\302b&\276+H;0\312\021&\275\036\237\350R""; ledgerHashPrevious: ""\220\371c@\017\254\363\\371\340\340VaR\205~^\226\342t\360\022\204d\231\205)\272\364?\361!""; networkTime: 803842813; firstSeq: 1; lastSeq: 24; "
1750527613607,1750527613665,0,1,4,0,TMStatusChange,"newEvent: neCLOSING_LEDGER; ledgerSeq: 24; ledgerHash: ""\334\331\315\254\230\rBG\314\023\246\244=\351\177\254\302b&\276+H;0\312\021&\275\036\237\350R""; ledgerHashPrevious: ""\220\371c@\017\254\363\\371\340\340VaR\205~^\226\342t\360\022\204d\231\205)\272\364?\361!""; networkTime: 803842813; firstSeq: 1; lastSeq: 24; ","newEvent: neCLOSING_LEDGER; ledgerSeq: 24; ledgerHash: ""\334\331\315\254\230\rBG\314\023\246\244=\351\177\254\302b&\276+H;0\312\021&\275\036\237\350R""; ledgerHashPrevious: ""\220\371c@\017\254\363\\371\340\340VaR\205~^\226\342t\360\022\204d\231\205)\272\364?\361!""; networkTime: 803842813; firstSeq: 1; lastSeq: 24; "
1750527615441,1750527615441,0,1,3,2,TMStatusChange,"newEvent: neACCEPTED_LEDGER; ledgerSeq: 25; ledgerHash: ""\313\206R\331\304k\323u\263t\221\213yC\241\217A\242\027g\322\241'\212.E?B_\316\327\217""; ledgerHashPrevious: ""\334\331\315\254\230\rBG\314\023\246\244=\351\177\254\302b&\276+H;0\312\021&\275\036\237\350R""; networkTime: 803842815; firstSeq: 1; lastSeq: 24; ","newEvent: neACCEPTED_LEDGER; ledgerSeq: 25; ledgerHash: ""\313\206R\331\304k\323u\263t\221\213yC\241\217A\242\027g\322\241'\212.E?B_\316\327\217""; ledgerHashPrevious: ""\334\331\315\254\230\rBG\314\023\246\244=\351\177\254\302b&\276+H;0\312\021&\275\036\237\350R""; networkTime: 803842815; firstSeq: 1; lastSeq: 24; "
1750527615442,1750527615442,0,1,3,0,TMStatusChange,"newEvent: neACCEPTED_LEDGER; ledgerSeq: 25; ledgerHash: ""\313\206R\331\304k\323u\263t\221\213yC\241\217A\242\027g\322\241'\212.E?B_\316\327\217""; ledgerHashPrevious: ""\334\331\315\254\230\rBG\314\023\246\244=\351\177\254\302b&\276+H;0\312\021&\275\036\237\350R""; networkTime: 803842815; firstSeq: 1; lastSeq: 24; ","newEvent: neACCEPTED_LEDGER; ledgerSeq: 25; ledgerHash: ""\313\206R\331\304k\323u\263t\221\213yC\241\217A\242\027g\322\241'\212.E?B_\316\327\217""; ledgerHashPrevious: ""\334\331\315\254\230\rBG\314\023\246\244=\351\177\254\302b&\276+H;0\312\021&\275\036\237\350R""; networkTime: 803842815; firstSeq: 1; lastSeq: 24; "
1750527615442,1750527615442,0,1,3,4,TMStatusChange,"newEvent: neACCEPTED_LEDGER; ledgerSeq: 25; ledgerHash: ""\313\206R\331\304k\323u\263t\221\213yC\241\217A\242\027g\322\241'\212.E?B_\316\327\217""; ledgerHashPrevious: ""\334\331\315\254\230\rBG\314\023\246\244=\351\177\254\302b&\276+H;0\312\021&\275\036\237\350R""; networkTime: 803842815; firstSeq: 1; lastSeq: 24; ","newEvent: neACCEPTED_LEDGER; ledgerSeq: 25; ledgerHash: ""\313\206R\331\304k\323u\263t\221\213yC\241\217A\242\027g\322\241'\212.E?B_\316\327\217""; ledgerHashPrevious: ""\334\331\315\254\230\rBG\314\023\246\244=\351\177\254\302b&\276+H;0\312\021&\275\036\237\350R""; networkTime: 803842815; firstSeq: 1; lastSeq: 24; "
1750527615441,1750527615441,0,1,3,2,TMValidation,"validation: """"\200\000\000\001&\000\000\000\031)/\351\252\377:p\210\265\307-\212\200\004Q\313\206R\331\304k\323u\263t\221\213yC\241\217A\242\027g\322\241'\212.E?B_\316\327\217P\027\000\000\000\000\000\000\000\000\000\000\000\000\000\000\000\000\000\000\000\000\000\000\000\000\000\000\000\000\000\000\000\000P\031\334\331\315\254\230\rBG\314\023\246\244=\351\177\254\302b&\276+H;0\312\021&\275\036\237\350Rs!\002\364d\217\366\217|\316F\232\231\241\n\261\333`\312O\367\235\025DD\336e\367\n\312\326\221\037\025\230vF0D\002 P\273\262\374\227\255\355\203Ld\313\272\275\314\326.0\036\307\261\337\265'&\375E\021d\037\351\214\020\002 wF\373\353\030\240\276\207\344U$z{\215\035q[\257R}\217H\3356\310\247\260\276\205\324\237\005""; ","validation: """"\200\000\000\001&\000\000\000\031)/\351\252\377:p\210\265\307-\212\200\004Q\313\206R\331\304k\323u\263t\221\213yC\241\217A\242\027g\322\241'\212.E?B_\316\327\217P\027\000\000\000\000\000\000\000\000\000\000\000\000\000\000\000\000\000\000\000\000\000\000\000\000\000\000\000\000\000\000\000\000P\031\334\331\315\254\230\rBG\314\023\246\244=\351\177\254\302b&\276+H;0\312\021&\275\036\237\350Rs!\002\364d\217\366\217|\316F\232\231\241\n\261\333`\312O\367\235\025DD\336e\367\n\312\326\221\037\025\230vF0D\002 P\273\262\374\227\255\355\203Ld\313\272\275\314\326.0\036\307\261\337\265'&\375E\021d\037\351\214\020\002 wF\373\353\030\240\276\207\344U$z{\215\035q[\257R}\217H\3356\310\247\260\276\205\324\237\005""; "
1750527615442,1750527615442,0,1,3,4,TMValidation,"validation: """"\200\000\000\001&\000\000\000\031)/\351\252\377:p\210\265\307-\212\200\004Q\313\206R\331\304k\323u\263t\221\213yC\241\217A\242\027g\322\241'\212.E?B_\316\327\217P\027\000\000\000\000\000\000\000\000\000\000\000\000\000\000\000\000\000\000\000\000\000\000\000\000\000\000\000\000\000\000\000\000P\031\334\331\315\254\230\rBG\314\023\246\244=\351\177\254\302b&\276+H;0\312\021&\275\036\237\350Rs!\002\364d\217\366\217|\316F\232\231\241\n\261\333`\312O\367\235\025DD\336e\367\n\312\326\221\037\025\230vF0D\002 P\273\262\374\227\255\355\203Ld\313\272\275\314\326.0\036\307\261\337\265'&\375E\021d\037\351\214\020\002 wF\373\353\030\240\276\207\344U$z{\215\035q[\257R}\217H\3356\310\247\260\276\205\324\237\005""; ","validation: """"\200\000\000\001&\000\000\000\031)/\351\252\377:p\210\265\307-\212\200\004Q\313\206R\331\304k\323u\263t\221\213yC\241\217A\242\027g\322\241'\212.E?B_\316\327\217P\027\000\000\000\000\000\000\000\000\000\000\000\000\000\000\000\000\000\000\000\000\000\000\000\000\000\000\000\000\000\000\000\000P\031\334\331\315\254\230\rBG\314\023\246\244=\351\177\254\302b&\276+H;0\312\021&\275\036\237\350Rs!\002\364d\217\366\217|\316F\232\231\241\n\261\333`\312O\367\235\025DD\336e\367\n\312\326\221\037\025\230vF0D\002 P\273\262\374\227\255\355\203Ld\313\272\275\314\326.0\036\307\261\337\265'&\375E\021d\037\351\214\020\002 wF\373\353\030\240\276\207\344U$z{\215\035q[\257R}\217H\3356\310\247\260\276\205\324\237\005""; "
1750527615442,1750527615442,0,1,3,0,TMValidation,"validation: """"\200\000\000\001&\000\000\000\031)/\351\252\377:p\210\265\307-\212\200\004Q\313\206R\331\304k\323u\263t\221\213yC\241\217A\242\027g\322\241'\212.E?B_\316\327\217P\027\000\000\000\000\000\000\000\000\000\000\000\000\000\000\000\000\000\000\000\000\000\000\000\000\000\000\000\000\000\000\000\000P\031\334\331\315\254\230\rBG\314\023\246\244=\351\177\254\302b&\276+H;0\312\021&\275\036\237\350Rs!\002\364d\217\366\217|\316F\232\231\241\n\261\333`\312O\367\235\025DD\336e\367\n\312\326\221\037\025\230vF0D\002 P\273\262\374\227\255\355\203Ld\313\272\275\314\326.0\036\307\261\337\265'&\375E\021d\037\351\214\020\002 wF\373\353\030\240\276\207\344U$z{\215\035q[\257R}\217H\3356\310\247\260\276\205\324\237\005""; ","validation: """"\200\000\000\001&\000\000\000\031)/\351\252\377:p\210\265\307-\212\200\004Q\313\206R\331\304k\323u\263t\221\213yC\241\217A\242\027g\322\241'\212.E?B_\316\327\217P\027\000\000\000\000\000\000\000\000\000\000\000\000\000\000\000\000\000\000\000\000\000\000\000\000\000\000\000\000\000\000\000\000P\031\334\331\315\254\230\rBG\314\023\246\244=\351\177\254\302b&\276+H;0\312\021&\275\036\237\350Rs!\002\364d\217\366\217|\316F\232\231\241\n\261\333`\312O\367\235\025DD\336e\367\n\312\326\221\037\025\230vF0D\002 P\273\262\374\227\255\355\203Ld\313\272\275\314\326.0\036\307\261\337\265'&\375E\021d\037\351\214\020\002 wF\373\353\030\240\276\207\344U$z{\215\035q[\257R}\217H\3356\310\247\260\276\205\324\237\005""; "
1750527615443,1750527615443,0,1,3,1,TMStatusChange,"newEvent: neACCEPTED_LEDGER; ledgerSeq: 25; ledgerHash: ""\313\206R\331\304k\323u\263t\221\213yC\241\217A\242\027g\322\241'\212.E?B_\316\327\217""; ledgerHashPrevious: ""\334\331\315\254\230\rBG\314\023\246\244=\351\177\254\302b&\276+H;0\312\021&\275\036\237\350R""; networkTime: 803842815; firstSeq: 1; lastSeq: 24; ","newEvent: neACCEPTED_LEDGER; ledgerSeq: 25; ledgerHash: ""\313\206R\331\304k\323u\263t\221\213yC\241\217A\242\027g\322\241'\212.E?B_\316\327\217""; ledgerHashPrevious: ""\334\331\315\254\230\rBG\314\023\246\244=\351\177\254\302b&\276+H;0\312\021&\275\036\237\350R""; networkTime: 803842815; firstSeq: 1; lastSeq: 24; "
1750527615443,1750527615443,0,1,3,1,TMValidation,"validation: """"\200\000\000\001&\000\000\000\031)/\351\252\377:p\210\265\307-\212\200\004Q\313\206R\331\304k\323u\263t\221\213yC\241\217A\242\027g\322\241'\212.E?B_\316\327\217P\027\000\000\000\000\000\000\000\000\000\000\000\000\000\000\000\000\000\000\000\000\000\000\000\000\000\000\000\000\000\000\000\000P\031\334\331\315\254\230\rBG\314\023\246\244=\351\177\254\302b&\276+H;0\312\021&\275\036\237\350Rs!\002\364d\217\366\217|\316F\232\231\241\n\261\333`\312O\367\235\025DD\336e\367\n\312\326\221\037\025\230vF0D\002 P\273\262\374\227\255\355\203Ld\313\272\275\314\326.0\036\307\261\337\265'&\375E\021d\037\351\214\020\002 wF\373\353\030\240\276\207\344U$z{\215\035q[\257R}\217H\3356\310\247\260\276\205\324\237\005""; ","validation: """"\200\000\000\001&\000\000\000\031)/\351\252\377:p\210\265\307-\212\200\004Q\313\206R\331\304k\323u\263t\221\213yC\241\217A\242\027g\322\241'\212.E?B_\316\327\217P\027\000\000\000\000\000\000\000\000\000\000\000\000\000\000\000\000\000\000\000\000\000\000\000\000\000\000\000\000\000\000\000\000P\031\334\331\315\254\230\rBG\314\023\246\244=\351\177\254\302b&\276+H;0\312\021&\275\036\237\350Rs!\002\364d\217\366\217|\316F\232\231\241\n\261\333`\312O\367\235\025DD\336e\367\n\312\326\221\037\025\230vF0D\002 P\273\262\374\227\255\355\203Ld\313\272\275\314\326.0\036\307\261\337\265'&\375E\021d\037\351\214\020\002 wF\373\353\030\240\276\207\344U$z{\215\035q[\257R}\217H\3356\310\247\260\276\205\324\237\005""; "
1750527615445,1750527615445,0,1,2,3,TMGetLedger,"itype: liBASE; ledgerHash: ""\313\206R\331\304k\323u\263t\221\213yC\241\217A\242\027g\322\241'\212.E?B_\316\327\217""; ledgerSeq: 25; ","itype: liBASE; ledgerHash: ""\313\206R\331\304k\323u\263t\221\213yC\241\217A\242\027g\322\241'\212.E?B_\316\327\217""; ledgerSeq: 25; "
1750527615446,1750527615446,0,1,2,4,TMGetLedger,"itype: liBASE; ledgerHash: ""\313\206R\331\304k\323u\263t\221\213yC\241\217A\242\027g\322\241'\212.E?B_\316\327\217""; ledgerSeq: 25; ","itype: liBASE; ledgerHash: ""\313\206R\331\304k\323u\263t\221\213yC\241\217A\242\027g\322\241'\212.E?B_\316\327\217""; ledgerSeq: 25; "
1750527615446,1750527615446,0,1,4,1,TMValidation,"validation: """"\200\000\000\001&\000\000\000\031)/\351\252\377:p\210\265\307-\212\200\004Q\313\206R\331\304k\323u\263t\221\213yC\241\217A\242\027g\322\241'\212.E?B_\316\327\217P\027\000\000\000\000\000\000\000\000\000\000\000\000\000\000\000\000\000\000\000\000\000\000\000\000\000\000\000\000\000\000\000\000P\031\334\331\315\254\230\rBG\314\023\246\244=\351\177\254\302b&\276+H;0\312\021&\275\036\237\350Rs!\002\364d\217\366\217|\316F\232\231\241\n\261\333`\312O\367\235\025DD\336e\367\n\312\326\221\037\025\230vF0D\002 P\273\262\374\227\255\355\203Ld\313\272\275\314\326.0\036\307\261\337\265'&\375E\021d\037\351\214\020\002 wF\373\353\030\240\276\207\344U$z{\215\035q[\257R}\217H\3356\310\247\260\276\205\324\237\005""; ","validation: """"\200\000\000\001&\000\000\000\031)/\351\252\377:p\210\265\307-\212\200\004Q\313\206R\331\304k\323u\263t\221\213yC\241\217A\242\027g\322\241'\212.E?B_\316\327\217P\027\000\000\000\000\000\000\000\000\000\000\000\000\000\000\000\000\000\000\000\000\000\000\000\000\000\000\000\000\000\000\000\000P\031\334\331\315\254\230\rBG\314\023\246\244=\351\177\254\302b&\276+H;0\312\021&\275\036\237\350Rs!\002\364d\217\366\217|\316F\232\231\241\n\261\333`\312O\367\235\025DD\336e\367\n\312\326\221\037\025\230vF0D\002 P\273\262\374\227\255\355\203Ld\313\272\275\314\326.0\036\307\261\337\265'&\375E\021d\037\351\214\020\002 wF\373\353\030\240\276\207\344U$z{\215\035q[\257R}\217H\3356\310\247\260\276\205\324\237\005""; "
1750527615446,1750527615446,0,1,4,2,TMValidation,"validation: """"\200\000\000\001&\000\000\000\031)/\351\252\377:p\210\265\307-\212\200\004Q\313\206R\331\304k\323u\263t\221\213yC\241\217A\242\027g\322\241'\212.E?B_\316\327\217P\027\000\000\000\000\000\000\000\000\000\000\000\000\000\000\000\000\000\000\000\000\000\000\000\000\000\000\000\000\000\000\000\000P\031\334\331\315\254\230\rBG\314\023\246\244=\351\177\254\302b&\276+H;0\312\021&\275\036\237\350Rs!\002\364d\217\366\217|\316F\232\231\241\n\261\333`\312O\367\235\025DD\336e\367\n\312\326\221\037\025\230vF0D\002 P\273\262\374\227\255\355\203Ld\313\272\275\314\326.0\036\307\261\337\265'&\375E\021d\037\351\214\020\002 wF\373\353\030\240\276\207\344U$z{\215\035q[\257R}\217H\3356\310\247\260\276\205\324\237\005""; ","validation: """"\200\000\000\001&\000\000\000\031)/\351\252\377:p\210\265\307-\212\200\004Q\313\206R\331\304k\323u\263t\221\213yC\241\217A\242\027g\322\241'\212.E?B_\316\327\217P\027\000\000\000\000\000\000\000\000\000\000\000\000\000\000\000\000\000\000\000\000\000\000\000\000\000\000\000\000\000\000\000\000P\031\334\331\315\254\230\rBG\314\023\246\244=\351\177\254\302b&\276+H;0\312\021&\275\036\237\350Rs!\002\364d\217\366\217|\316F\232\231\241\n\261\333`\312O\367\235\025DD\336e\367\n\312\326\221\037\025\230vF0D\002 P\273\262\374\227\255\355\203Ld\313\272\275\314\326.0\036\307\261\337\265'&\375E\021d\037\351\214\020\002 wF\373\353\030\240\276\207\344U$z{\215\035q[\257R}\217H\3356\310\247\260\276\205\324\237\005""; "
1750527615446,1750527615446,0,1,2,0,TMGetLedger,"itype: liBASE; ledgerHash: ""\313\206R\331\304k\323u\263t\221\213yC\241\217A\242\027g\322\241'\212.E?B_\316\327\217""; ledgerSeq: 25; ","itype: liBASE; ledgerHash: ""\313\206R\331\304k\323u\263t\221\213yC\241\217A\242\027g\322\241'\212.E?B_\316\327\217""; ledgerSeq: 25; "
1750527615447,1750527615447,0,1,2,1,TMGetLedger,"itype: liBASE; ledgerHash: ""\313\206R\331\304k\323u\263t\221\213yC\241\217A\242\027g\322\241'\212.E?B_\316\327\217""; ledgerSeq: 25; ","itype: liBASE; ledgerHash: ""\313\206R\331\304k\323u\263t\221\213yC\241\217A\242\027g\322\241'\212.E?B_\316\327\217""; ledgerSeq: 25; "
1750527615447,1750527615447,0,1,4,0,TMValidation,"validation: """"\200\000\000\001&\000\000\000\031)/\351\252\377:p\210\265\307-\212\200\004Q\313\206R\331\304k\323u\263t\221\213yC\241\217A\242\027g\322\241'\212.E?B_\316\327\217P\027\000\000\000\000\000\000\000\000\000\000\000\000\000\000\000\000\000\000\000\000\000\000\000\000\000\000\000\000\000\000\000\000P\031\334\331\315\254\230\rBG\314\023\246\244=\351\177\254\302b&\276+H;0\312\021&\275\036\237\350Rs!\002\364d\217\366\217|\316F\232\231\241\n\261\333`\312O\367\235\025DD\336e\367\n\312\326\221\037\025\230vF0D\002 P\273\262\374\227\255\355\203Ld\313\272\275\314\326.0\036\307\261\337\265'&\375E\021d\037\351\214\020\002 wF\373\353\030\240\276\207\344U$z{\215\035q[\257R}\217H\3356\310\247\260\276\205\324\237\005""; ","validation: """"\200\000\000\001&\000\000\000\031)/\351\252\377:p\210\265\307-\212\200\004Q\313\206R\331\304k\323u\263t\221\213yC\241\217A\242\027g\322\241'\212.E?B_\316\327\217P\027\000\000\000\000\000\000\000\000\000\000\000\000\000\000\000\000\000\000\000\000\000\000\000\000\000\000\000\000\000\000\000\000P\031\334\331\315\254\230\rBG\314\023\246\244=\351\177\254\302b&\276+H;0\312\021&\275\036\237\350Rs!\002\364d\217\366\217|\316F\232\231\241\n\261\333`\312O\367\235\025DD\336e\367\n\312\326\221\037\025\230vF0D\002 P\273\262\374\227\255\355\203Ld\313\272\275\314\326.0\036\307\261\337\265'&\375E\021d\037\351\214\020\002 wF\373\353\030\240\276\207\344U$z{\215\035q[\257R}\217H\3356\310\247\260\276\205\324\237\005""; "
1750527615447,1750527615447,0,1,4,3,TMGetLedger,"itype: liBASE; ledgerHash: ""\313\206R\331\304k\323u\263t\221\213yC\241\217A\242\027g\322\241'\212.E?B_\316\327\217""; ","itype: liBASE; ledgerHash: ""\313\206R\331\304k\323u\263t\221\213yC\241\217A\242\027g\322\241'\212.E?B_\316\327\217""; "
1750527615447,1750527615447,0,1,4,0,TMGetLedger,"itype: liBASE; ledgerHash: ""\313\206R\331\304k\323u\263t\221\213yC\241\217A\242\027g\322\241'\212.E?B_\316\327\217""; ","itype: liBASE; ledgerHash: ""\313\206R\331\304k\323u\263t\221\213yC\241\217A\242\027g\322\241'\212.E?B_\316\327\217""; "
1750527615448,1750527615448,0,1,0,3,TMGetLedger,"itype: liBASE; ledgerHash: ""\313\206R\331\304k\323u\263t\221\213yC\241\217A\242\027g\322\241'\212.E?B_\316\327\217""; ledgerSeq: 25; ","itype: liBASE; ledgerHash: ""\313\206R\331\304k\323u\263t\221\213yC\241\217A\242\027g\322\241'\212.E?B_\316\327\217""; ledgerSeq: 25; "
1750527615448,1750527615448,0,1,4,2,TMGetLedger,"itype: liBASE; ledgerHash: ""\313\206R\331\304k\323u\263t\221\213yC\241\217A\242\027g\322\241'\212.E?B_\316\327\217""; ","itype: liBASE; ledgerHash: ""\313\206R\331\304k\323u\263t\221\213yC\241\217A\242\027g\322\241'\212.E?B_\316\327\217""; "
1750527615448,1750527615449,0,1,4,1,TMGetLedger,"itype: liBASE; ledgerHash: ""\313\206R\331\304k\323u\263t\221\213yC\241\217A\242\027g\322\241'\212.E?B_\316\327\217""; ","itype: liBASE; ledgerHash: ""\313\206R\331\304k\323u\263t\221\213yC\241\217A\242\027g\322\241'\212.E?B_\316\327\217""; "
1750527615449,1750527615449,0,1,0,4,TMGetLedger,"itype: liBASE; ledgerHash: ""\313\206R\331\304k\323u\263t\221\213yC\241\217A\242\027g\322\241'\212.E?B_\316\327\217""; ledgerSeq: 25; ","itype: liBASE; ledgerHash: ""\313\206R\331\304k\323u\263t\221\213yC\241\217A\242\027g\322\241'\212.E?B_\316\327\217""; ledgerSeq: 25; "
1750527615449,1750527615449,0,1,0,2,TMGetLedger,"itype: liBASE; ledgerHash: ""\313\206R\331\304k\323u\263t\221\213yC\241\217A\242\027g\322\241'\212.E?B_\316\327\217""; ledgerSeq: 25; ","itype: liBASE; ledgerHash: ""\313\206R\331\304k\323u\263t\221\213yC\241\217A\242\027g\322\241'\212.E?B_\316\327\217""; ledgerSeq: 25; "
1750527615450,1750527615450,0,1,4,0,TMGetLedger,"itype: liBASE; ledgerHash: ""\313\206R\331\304k\323u\263t\221\213yC\241\217A\242\027g\322\241'\212.E?B_\316\327\217""; queryType: qtINDIRECT; ","itype: liBASE; ledgerHash: ""\313\206R\331\304k\323u\263t\221\213yC\241\217A\242\027g\322\241'\212.E?B_\316\327\217""; queryType: qtINDIRECT; "
1750527615450,1750527615450,0,1,4,1,TMGetLedger,"itype: liBASE; ledgerHash: ""\313\206R\331\304k\323u\263t\221\213yC\241\217A\242\027g\322\241'\212.E?B_\316\327\217""; queryType: qtINDIRECT; ","itype: liBASE; ledgerHash: ""\313\206R\331\304k\323u\263t\221\213yC\241\217A\242\027g\322\241'\212.E?B_\316\327\217""; queryType: qtINDIRECT; "
1750527615450,1750527615450,0,1,0,1,TMGetLedger,"itype: liBASE; ledgerHash: ""\313\206R\331\304k\323u\263t\221\213yC\241\217A\242\027g\322\241'\212.E?B_\316\327\217""; ledgerSeq: 25; ","itype: liBASE; ledgerHash: ""\313\206R\331\304k\323u\263t\221\213yC\241\217A\242\027g\322\241'\212.E?B_\316\327\217""; ledgerSeq: 25; "
1750527615451,1750527615451,0,1,4,2,TMGetLedger,"itype: liBASE; ledgerHash: ""\313\206R\331\304k\323u\263t\221\213yC\241\217A\242\027g\322\241'\212.E?B_\316\327\217""; queryType: qtINDIRECT; ","itype: liBASE; ledgerHash: ""\313\206R\331\304k\323u\263t\221\213yC\241\217A\242\027g\322\241'\212.E?B_\316\327\217""; queryType: qtINDIRECT; "
1750527615451,1750527615451,0,1,4,3,TMGetLedger,"itype: liBASE; ledgerHash: ""\313\206R\331\304k\323u\263t\221\213yC\241\217A\242\027g\322\241'\212.E?B_\316\327\217""; queryType: qtINDIRECT; ","itype: liBASE; ledgerHash: ""\313\206R\331\304k\323u\263t\221\213yC\241\217A\242\027g\322\241'\212.E?B_\316\327\217""; queryType: qtINDIRECT; "
1750527615451,1750527615452,0,1,1,3,TMGetLedger,"itype: liBASE; ledgerHash: ""\313\206R\331\304k\323u\263t\221\213yC\241\217A\242\027g\322\241'\212.E?B_\316\327\217""; ledgerSeq: 25; ","itype: liBASE; ledgerHash: ""\313\206R\331\304k\323u\263t\221\213yC\241\217A\242\027g\322\241'\212.E?B_\316\327\217""; ledgerSeq: 25; "
1750527615452,1750527615452,0,1,1,0,TMGetLedger,"itype: liBASE; ledgerHash: ""\313\206R\331\304k\323u\263t\221\213yC\241\217A\242\027g\322\241'\212.E?B_\316\327\217""; ledgerSeq: 25; ","itype: liBASE; ledgerHash: ""\313\206R\331\304k\323u\263t\221\213yC\241\217A\242\027g\322\241'\212.E?B_\316\327\217""; ledgerSeq: 25; "
1750527615453,1750527615453,0,1,1,4,TMGetLedger,"itype: liBASE; ledgerHash: ""\313\206R\331\304k\323u\263t\221\213yC\241\217A\242\027g\322\241'\212.E?B_\316\327\217""; ledgerSeq: 25; ","itype: liBASE; ledgerHash: ""\313\206R\331\304k\323u\263t\221\213yC\241\217A\242\027g\322\241'\212.E?B_\316\327\217""; ledgerSeq: 25; "
1750527615453,1750527615453,0,1,1,2,TMGetLedger,"itype: liBASE; ledgerHash: ""\313\206R\331\304k\323u\263t\221\213yC\241\217A\242\027g\322\241'\212.E?B_\316\327\217""; ledgerSeq: 25; ","itype: liBASE; ledgerHash: ""\313\206R\331\304k\323u\263t\221\213yC\241\217A\242\027g\322\241'\212.E?B_\316\327\217""; ledgerSeq: 25; "
1750527615453,1750527615453,0,1,1,4,TMValidation,"validation: """"\200\000\000\001&\000\000\000\031)/\351\252\377:p\210\265\307-\212\200\004Q\313\206R\331\304k\323u\263t\221\213yC\241\217A\242\027g\322\241'\212.E?B_\316\327\217P\027\000\000\000\000\000\000\000\000\000\000\000\000\000\000\000\000\000\000\000\000\000\000\000\000\000\000\000\000\000\000\000\000P\031\334\331\315\254\230\rBG\314\023\246\244=\351\177\254\302b&\276+H;0\312\021&\275\036\237\350Rs!\002\364d\217\366\217|\316F\232\231\241\n\261\333`\312O\367\235\025DD\336e\367\n\312\326\221\037\025\230vF0D\002 P\273\262\374\227\255\355\203Ld\313\272\275\314\326.0\036\307\261\337\265'&\375E\021d\037\351\214\020\002 wF\373\353\030\240\276\207\344U$z{\215\035q[\257R}\217H\3356\310\247\260\276\205\324\237\005""; ","validation: """"\200\000\000\001&\000\000\000\031)/\351\252\377:p\210\265\307-\212\200\004Q\313\206R\331\304k\323u\263t\221\213yC\241\217A\242\027g\322\241'\212.E?B_\316\327\217P\027\000\000\000\000\000\000\000\000\000\000\000\000\000\000\000\000\000\000\000\000\000\000\000\000\000\000\000\000\000\000\000\000P\031\334\331\315\254\230\rBG\314\023\246\244=\351\177\254\302b&\276+H;0\312\021&\275\036\237\350Rs!\002\364d\217\366\217|\316F\232\231\241\n\261\333`\312O\367\235\025DD\336e\367\n\312\326\221\037\025\230vF0D\002 P\273\262\374\227\255\355\203Ld\313\272\275\314\326.0\036\307\261\337\265'&\375E\021d\037\351\214\020\002 wF\373\353\030\240\276\207\344U$z{\215\035q[\257R}\217H\3356\310\247\260\276\205\324\237\005""; "
1750527615453,1750527615454,0,1,1,2,TMValidation,"validation: """"\200\000\000\001&\000\000\000\031)/\351\252\377:p\210\265\307-\212\200\004Q\313\206R\331\304k\323u\263t\221\213yC\241\217A\242\027g\322\241'\212.E?B_\316\327\217P\027\000\000\000\000\000\000\000\000\000\000\000\000\000\000\000\000\000\000\000\000\000\000\000\000\000\000\000\000\000\000\000\000P\031\334\331\315\254\230\rBG\314\023\246\244=\351\177\254\302b&\276+H;0\312\021&\275\036\237\350Rs!\002\364d\217\366\217|\316F\232\231\241\n\261\333`\312O\367\235\025DD\336e\367\n\312\326\221\037\025\230vF0D\002 P\273\262\374\227\255\355\203Ld\313\272\275\314\326.0\036\307\261\337\265'&\375E\021d\037\351\214\020\002 wF\373\353\030\240\276\207\344U$z{\215\035q[\257R}\217H\3356\310\247\260\276\205\324\237\005""; ","validation: """"\200\000\000\001&\000\000\000\031)/\351\252\377:p\210\265\307-\212\200\004Q\313\206R\331\304k\323u\263t\221\213yC\241\217A\242\027g\322\241'\212.E?B_\316\327\217P\027\000\000\000\000\000\000\000\000\000\000\000\000\000\000\000\000\000\000\000\000\000\000\000\000\000\000\000\000\000\000\000\000P\031\334\331\315\254\230\rBG\314\023\246\244=\351\177\254\302b&\276+H;0\312\021&\275\036\237\350Rs!\002\364d\217\366\217|\316F\232\231\241\n\261\333`\312O\367\235\025DD\336e\367\n\312\326\221\037\025\230vF0D\002 P\273\262\374\227\255\355\203Ld\313\272\275\314\326.0\036\307\261\337\265'&\375E\021d\037\351\214\020\002 wF\373\353\030\240\276\207\344U$z{\215\035q[\257R}\217H\3356\310\247\260\276\205\324\237\005""; "
1750527615454,1750527615454,0,1,1,0,TMValidation,"validation: """"\200\000\000\001&\000\000\000\031)/\351\252\377:p\210\265\307-\212\200\004Q\313\206R\331\304k\323u\263t\221\213yC\241\217A\242\027g\322\241'\212.E?B_\316\327\217P\027\000\000\000\000\000\000\000\000\000\000\000\000\000\000\000\000\000\000\000\000\000\000\000\000\000\000\000\000\000\000\000\000P\031\334\331\315\254\230\rBG\314\023\246\244=\351\177\254\302b&\276+H;0\312\021&\275\036\237\350Rs!\002\364d\217\366\217|\316F\232\231\241\n\261\333`\312O\367\235\025DD\336e\367\n\312\326\221\037\025\230vF0D\002 P\273\262\374\227\255\355\203Ld\313\272\275\314\326.0\036\307\261\337\265'&\375E\021d\037\351\214\020\002 wF\373\353\030\240\276\207\344U$z{\215\035q[\257R}\217H\3356\310\247\260\276\205\324\237\005""; ","validation: """"\200\000\000\001&\000\000\000\031)/\351\252\377:p\210\265\307-\212\200\004Q\313\206R\331\304k\323u\263t\221\213yC\241\217A\242\027g\322\241'\212.E?B_\316\327\217P\027\000\000\000\000\000\000\000\000\000\000\000\000\000\000\000\000\000\000\000\000\000\000\000\000\000\000\000\000\000\000\000\000P\031\334\331\315\254\230\rBG\314\023\246\244=\351\177\254\302b&\276+H;0\312\021&\275\036\237\350Rs!\002\364d\217\366\217|\316F\232\231\241\n\261\333`\312O\367\235\025DD\336e\367\n\312\326\221\037\025\230vF0D\002 P\273\262\374\227\255\355\203Ld\313\272\275\314\326.0\036\307\261\337\265'&\375E\021d\037\351\214\020\002 wF\373\353\030\240\276\207\344U$z{\215\035q[\257R}\217H\3356\310\247\260\276\205\324\237\005""; "
1750527615454,1750527615454,0,1,1,0,TMGetLedger,"itype: liBASE; ledgerHash: ""\313\206R\331\304k\323u\263t\221\213yC\241\217A\242\027g\322\241'\212.E?B_\316\327\217""; ledgerSeq: 25; queryType: qtINDIRECT; ","itype: liBASE; ledgerHash: ""\313\206R\331\304k\323u\263t\221\213yC\241\217A\242\027g\322\241'\212.E?B_\316\327\217""; ledgerSeq: 25; queryType: qtINDIRECT; "
1750527615454,1750527615454,0,1,1,3,TMGetLedger,"itype: liBASE; ledgerHash: ""\313\206R\331\304k\323u\263t\221\213yC\241\217A\242\027g\322\241'\212.E?B_\316\327\217""; ledgerSeq: 25; queryType: qtINDIRECT; ","itype: liBASE; ledgerHash: ""\313\206R\331\304k\323u\263t\221\213yC\241\217A\242\027g\322\241'\212.E?B_\316\327\217""; ledgerSeq: 25; queryType: qtINDIRECT; "
1750527615455,1750527615455,0,1,1,2,TMGetLedger,"itype: liBASE; ledgerHash: ""\313\206R\331\304k\323u\263t\221\213yC\241\217A\242\027g\322\241'\212.E?B_\316\327\217""; ledgerSeq: 25; queryType: qtINDIRECT; ","itype: liBASE; ledgerHash: ""\313\206R\331\304k\323u\263t\221\213yC\241\217A\242\027g\322\241'\212.E?B_\316\327\217""; ledgerSeq: 25; queryType: qtINDIRECT; "
1750527615455,1750527615455,0,1,1,4,TMGetLedger,"itype: liBASE; ledgerHash: ""\313\206R\331\304k\323u\263t\221\213yC\241\217A\242\027g\322\241'\212.E?B_\316\327\217""; ledgerSeq: 25; queryType: qtINDIRECT; ","itype: liBASE; ledgerHash: ""\313\206R\331\304k\323u\263t\221\213yC\241\217A\242\027g\322\241'\212.E?B_\316\327\217""; ledgerSeq: 25; queryType: qtINDIRECT; "
1750527615456,1750527615456,0,1,3,2,TMLedgerData,"ledgerHash: ""\313\206R\331\304k\323u\263t\221\213yC\241\217A\242\027g\322\241'\212.E?B_\316\327\217""; ledgerSeq: 25; type: liBASE; nodes {;   nodedata: ""\000\000\000\031\001cEx]\211\377\330\334\331\315\254\230\rBG\314\023\246\244=\351\177\254\302b&\276+H;0\312\021&\275\036\237\350R\000\000\000\000\000\000\000\000\000\000\000\000\000\000\000\000\000\000\000\000\000\000\000\000\000\000\000\000\000\000\000\000\353\233y\005\275""\330aW\324\000\240\002\261\223J\2077\255!\344\024G\340G\352M\235\266H\222i/\351\252\373/\351\252\374\n\000""; }; nodes {;   nodedata: ""\323C\344\327\264{\312-\017:\006{\177\344N\002\326bO\260\220\006\033\362\345\005U\221DzJ0\001\301\025%1L\307\t\261\262z\374\222T\301\274V\236\223\262\270Ct\362\337b\356\024*\324\320\351\317\002k\336\234\027v\351\217\260\303\360\233ZPZWr\246$w\313\313\r\243r\232\2234\373\3539:N\004Q\245\272D\312D\300\300\t\323\0257\345e\271\na\215{\226\255x%T\257\037\333\004\344_/R\006E\344\037@\210\363\010\336T\226\247'\204_{\261\370""1\235\2445\343\033Y!\212\201\341\272\225'\007\201\031\245\030\314?\231l\302x\372@-\225\016\373\310\030\337u\341\265j'2F#>\245\360\3359\013\003""; }; ","ledgerHash: ""\313\206R\331\304k\323u\263t\221\213yC\241\217A\242\027g\322\241'\212.E?B_\316\327\217""; ledgerSeq: 25; type: liBASE; nodes {;   nodedata: ""\000\000\000\031\001cEx]\211\377\330\334\331\315\254\230\rBG\314\023\246\244=\351\177\254\302b&\276+H;0\312\021&\275\036\237\350R\000\000\000\000\000\000\000\000\000\000\000\000\000\000\000\000\000\000\000\000\000\000\000\000\000\000\000\000\000\000\000\000\353\233y\005\275""\330aW\324\000\240\002\261\223J\2077\255!\344\024G\340G\352M\235\266H\222i/\351\252\373/\351\252\374\n\000""; }; nodes {;   nodedata: ""\323C\344\327\264{\312-\017:\006{\177\344N\002\326bO\260\220\006\033\362\345\005U\221DzJ0\001\301\025%1L\307\t\261\262z\374\222T\301\274V\236\223\262\270Ct\362\337b\356\024*\324\320\351\317\002k\336\234\027v\351\217\260\303\360\233ZPZWr\246$w\313\313\r\243r\232\2234\373\3539:N\004Q\245\272D\312D\300\300\t\323\0257\345e\271\na\215{\226\255x%T\257\037\333\004\344_/R\006E\344\037@\210\363\010\336T\226\247'\204_{\261\370""1\235\2445\343\033Y!\212\201\341\272\225'\007\201\031\245\030\314?\231l\302x\372@-\225\016\373\310\030\337u\341\265j'2F#>\245\360\3359\013\003""; }; "
1750527615456,1750527615456,0,1,2,4,TMGetLedger,"itype: liBASE; ledgerHash: ""\313\206R\331\304k\323u\263t\221\213yC\241\217A\242\027g\322\241'\212.E?B_\316\327\217""; ledgerSeq: 25; queryType: qtINDIRECT; ","itype: liBASE; ledgerHash: ""\313\206R\331\304k\323u\263t\221\213yC\241\217A\242\027g\322\241'\212.E?B_\316\327\217""; ledgerSeq: 25; queryType: qtINDIRECT; "
1750527615457,1750527615457,0,1,0,2,TMGetLedger,"itype: liBASE; ledgerHash: ""\313\206R\331\304k\323u\263t\221\213yC\241\217A\242\027g\322\241'\212.E?B_\316\327\217""; ledgerSeq: 25; queryType: qtINDIRECT; ","itype: liBASE; ledgerHash: ""\313\206R\331\304k\323u\263t\221\213yC\241\217A\242\027g\322\241'\212.E?B_\316\327\217""; ledgerSeq: 25; queryType: qtINDIRECT; "
1750527615457,1750527615457,0,1,2,4,TMValidation,"validation: """"\200\000\000\001&\000\000\000\031)/\351\252\377:p\210\265\307-\212\200\004Q\313\206R\331\304k\323u\263t\221\213yC\241\217A\242\027g\322\241'\212.E?B_\316\327\217P\027\000\000\000\000\000\000\000\000\000\000\000\000\000\000\000\000\000\000\000\000\000\000\000\000\000\000\000\000\000\000\000\000P\031\334\331\315\254\230\rBG\314\023\246\244=\351\177\254\302b&\276+H;0\312\021&\275\036\237\350Rs!\002\364d\217\366\217|\316F\232\231\241\n\261\333`\312O\367\235\025DD\336e\367\n\312\326\221\037\025\230vF0D\002 P\273\262\374\227\255\355\203Ld\313\272\275\314\326.0\036\307\261\337\265'&\375E\021d\037\351\214\020\002 wF\373\353\030\240\276\207\344U$z{\215\035q[\257R}\217H\3356\310\247\260\276\205\324\237\005""; ","validation: """"\200\000\000\001&\000\000\000\031)/\351\252\377:p\210\265\307-\212\200\004Q\313\206R\331\304k\323u\263t\221\213yC\241\217A\242\027g\322\241'\212.E?B_\316\327\217P\027\000\000\000\000\000\000\000\000\000\000\000\000\000\000\000\000\000\000\000\000\000\000\000\000\000\000\000\000\000\000\000\000P\031\334\331\315\254\230\rBG\314\023\246\244=\351\177\254\302b&\276+H;0\312\021&\275\036\237\350Rs!\002\364d\217\366\217|\316F\232\231\241\n\261\333`\312O\367\235\025DD\336e\367\n\312\326\221\037\025\230vF0D\002 P\273\262\374\227\255\355\203Ld\313\272\275\314\326.0\036\307\261\337\265'&\375E\021d\037\351\214\020\002 wF\373\353\030\240\276\207\344U$z{\215\035q[\257R}\217H\3356\310\247\260\276\205\324\237\005""; "
1750527615457,1750527615457,0,1,0,2,TMValidation,"validation: """"\200\000\000\001&\000\000\000\031)/\351\252\377:p\210\265\307-\212\200\004Q\313\206R\331\304k\323u\263t\221\213yC\241\217A\242\027g\322\241'\212.E?B_\316\327\217P\027\000\000\000\000\000\000\000\000\000\000\000\000\000\000\000\000\000\000\000\000\000\000\000\000\000\000\000\000\000\000\000\000P\031\334\331\315\254\230\rBG\314\023\246\244=\351\177\254\302b&\276+H;0\312\021&\275\036\237\350Rs!\002\364d\217\366\217|\316F\232\231\241\n\261\333`\312O\367\235\025DD\336e\367\n\312\326\221\037\025\230vF0D\002 P\273\262\374\227\255\355\203Ld\313\272\275\314\326.0\036\307\261\337\265'&\375E\021d\037\351\214\020\002 wF\373\353\030\240\276\207\344U$z{\215\035q[\257R}\217H\3356\310\247\260\276\205\324\237\005""; ","validation: """"\200\000\000\001&\000\000\000\031)/\351\252\377:p\210\265\307-\212\200\004Q\313\206R\331\304k\323u\263t\221\213yC\241\217A\242\027g\322\241'\212.E?B_\316\327\217P\027\000\000\000\000\000\000\000\000\000\000\000\000\000\000\000\000\000\000\000\000\000\000\000\000\000\000\000\000\000\000\000\000P\031\334\331\315\254\230\rBG\314\023\246\244=\351\177\254\302b&\276+H;0\312\021&\275\036\237\350Rs!\002\364d\217\366\217|\316F\232\231\241\n\261\333`\312O\367\235\025DD\336e\367\n\312\326\221\037\025\230vF0D\002 P\273\262\374\227\255\355\203Ld\313\272\275\314\326.0\036\307\261\337\265'&\375E\021d\037\351\214\020\002 wF\373\353\030\240\276\207\344U$z{\215\035q[\257R}\217H\3356\310\247\260\276\205\324\237\005""; "
1750527615458,1750527615458,0,1,0,4,TMValidation,"validation: """"\200\000\000\001&\000\000\000\031)/\351\252\377:p\210\265\307-\212\200\004Q\313\206R\331\304k\323u\263t\221\213yC\241\217A\242\027g\322\241'\212.E?B_\316\327\217P\027\000\000\000\000\000\000\000\000\000\000\000\000\000\000\000\000\000\000\000\000\000\000\000\000\000\000\000\000\000\000\000\000P\031\334\331\315\254\230\rBG\314\023\246\244=\351\177\254\302b&\276+H;0\312\021&\275\036\237\350Rs!\002\364d\217\366\217|\316F\232\231\241\n\261\333`\312O\367\235\025DD\336e\367\n\312\326\221\037\025\230vF0D\002 P\273\262\374\227\255\355\203Ld\313\272\275\314\326.0\036\307\261\337\265'&\375E\021d\037\351\214\020\002 wF\373\353\030\240\276\207\344U$z{\215\035q[\257R}\217H\3356\310\247\260\276\205\324\237\005""; ","validation: """"\200\000\000\001&\000\000\000\031)/\351\252\377:p\210\265\307-\212\200\004Q\313\206R\331\304k\323u\263t\221\213yC\241\217A\242\027g\322\241'\212.E?B_\316\327\217P\027\000\000\000\000\000\000\000\000\000\000\000\000\000\000\000\000\000\000\000\000\000\000\000\000\000\000\000\000\000\000\000\000P\031\334\331\315\254\230\rBG\314\023\246\244=\351\177\254\302b&\276+H;0\312\021&\275\036\237\350Rs!\002\364d\217\366\217|\316F\232\231\241\n\261\333`\312O\367\235\025DD\336e\367\n\312\326\221\037\025\230vF0D\002 P\273\262\374\227\255\355\203Ld\313\272\275\314\326.0\036\307\261\337\265'&\375E\021d\037\351\214\020\002 wF\373\353\030\240\276\207\344U$z{\215\035q[\257R}\217H\3356\310\247\260\276\205\324\237\005""; "
1750527615458,1750527615458,0,1,0,4,TMGetLedger,"itype: liBASE; ledgerHash: ""\313\206R\331\304k\323u\263t\221\213yC\241\217A\242\027g\322\241'\212.E?B_\316\327\217""; ledgerSeq: 25; queryType: qtINDIRECT; ","itype: liBASE; ledgerHash: ""\313\206R\331\304k\323u\263t\221\213yC\241\217A\242\027g\322\241'\212.E?B_\316\327\217""; ledgerSeq: 25; queryType: qtINDIRECT; "
1750527615458,1750527615458,0,1,3,4,TMLedgerData,"ledgerHash: ""\313\206R\331\304k\323u\263t\221\213yC\241\217A\242\027g\322\241'\212.E?B_\316\327\217""; ledgerSeq: 25; type: liBASE; nodes {;   nodedata: ""\000\000\000\031\001cEx]\211\377\330\334\331\315\254\230\rBG\314\023\246\244=\351\177\254\302b&\276+H;0\312\021&\275\036\237\350R\000\000\000\000\000\000\000\000\000\000\000\000\000\000\000\000\000\000\000\000\000\000\000\000\000\000\000\000\000\000\000\000\353\233y\005\275""\330aW\324\000\240\002\261\223J\2077\255!\344\024G\340G\352M\235\266H\222i/\351\252\373/\351\252\374\n\000""; }; nodes {;   nodedata: ""\323C\344\327\264{\312-\017:\006{\177\344N\002\326bO\260\220\006\033\362\345\005U\221DzJ0\001\301\025%1L\307\t\261\262z\374\222T\301\274V\236\223\262\270Ct\362\337b\356\024*\324\320\351\317\002k\336\234\027v\351\217\260\303\360\233ZPZWr\246$w\313\313\r\243r\232\2234\373\3539:N\004Q\245\272D\312D\300\300\t\323\0257\345e\271\na\215{\226\255x%T\257\037\333\004\344_/R\006E\344\037@\210\363\010\336T\226\247'\204_{\261\370""1\235\2445\343\033Y!\212\201\341\272\225'\007\201\031\245\030\314?\231l\302x\372@-\225\016\373\310\030\337u\341\265j'2F#>\245\360\3359\013\003""; }; ","ledgerHash: ""\313\206R\331\304k\323u\263t\221\213yC\241\217A\242\027g\322\241'\212.E?B_\316\327\217""; ledgerSeq: 25; type: liBASE; nodes {;   nodedata: ""\000\000\000\031\001cEx]\211\377\330\334\331\315\254\230\rBG\314\023\246\244=\351\177\254\302b&\276+H;0\312\021&\275\036\237\350R\000\000\000\000\000\000\000\000\000\000\000\000\000\000\000\000\000\000\000\000\000\000\000\000\000\000\000\000\000\000\000\000\353\233y\005\275""\330aW\324\000\240\002\261\223J\2077\255!\344\024G\340G\352M\235\266H\222i/\351\252\373/\351\252\374\n\000""; }; nodes {;   nodedata: ""\323C\344\327\264{\312-\017:\006{\177\344N\002\326bO\260\220\006\033\362\345\005U\221DzJ0\001\301\025%1L\307\t\261\262z\374\222T\301\274V\236\223\262\270Ct\362\337b\356\024*\324\320\351\317\002k\336\234\027v\351\217\260\303\360\233ZPZWr\246$w\313\313\r\243r\232\2234\373\3539:N\004Q\245\272D\312D\300\300\t\323\0257\345e\271\na\215{\226\255x%T\257\037\333\004\344_/R\006E\344\037@\210\363\010\336T\226\247'\204_{\261\370""1\235\2445\343\033Y!\212\201\341\272\225'\007\201\031\245\030\314?\231l\302x\372@-\225\016\373\310\030\337u\341\265j'2F#>\245\360\3359\013\003""; }; "
1750527615458,1750527615458,0,1,3,0,TMLedgerData,"ledgerHash: ""\313\206R\331\304k\323u\263t\221\213yC\241\217A\242\027g\322\241'\212.E?B_\316\327\217""; ledgerSeq: 25; type: liBASE; nodes {;   nodedata: ""\000\000\000\031\001cEx]\211\377\330\334\331\315\254\230\rBG\314\023\246\244=\351\177\254\302b&\276+H;0\312\021&\275\036\237\350R\000\000\000\000\000\000\000\000\000\000\000\000\000\000\000\000\000\000\000\000\000\000\000\000\000\000\000\000\000\000\000\000\353\233y\005\275""\330aW\324\000\240\002\261\223J\2077\255!\344\024G\340G\352M\235\266H\222i/\351\252\373/\351\252\374\n\000""; }; nodes {;   nodedata: ""\323C\344\327\264{\312-\017:\006{\177\344N\002\326bO\260\220\006\033\362\345\005U\221DzJ0\001\301\025%1L\307\t\261\262z\374\222T\301\274V\236\223\262\270Ct\362\337b\356\024*\324\320\351\317\002k\336\234\027v\351\217\260\303\360\233ZPZWr\246$w\313\313\r\243r\232\2234\373\3539:N\004Q\245\272D\312D\300\300\t\323\0257\345e\271\na\215{\226\255x%T\257\037\333\004\344_/R\006E\344\037@\210\363\010\336T\226\247'\204_{\261\370""1\235\2445\343\033Y!\212\201\341\272\225'\007\201\031\245\030\314?\231l\302x\372@-\225\016\373\310\030\337u\341\265j'2F#>\245\360\3359\013\003""; }; ","ledgerHash: ""\313\206R\331\304k\323u\263t\221\213yC\241\217A\242\027g\322\241'\212.E?B_\316\327\217""; ledgerSeq: 25; type: liBASE; nodes {;   nodedata: ""\000\000\000\031\001cEx]\211\377\330\334\331\315\254\230\rBG\314\023\246\244=\351\177\254\302b&\276+H;0\312\021&\275\036\237\350R\000\000\000\000\000\000\000\000\000\000\000\000\000\000\000\000\000\000\000\000\000\000\000\000\000\000\000\000\000\000\000\000\353\233y\005\275""\330aW\324\000\240\002\261\223J\2077\255!\344\024G\340G\352M\235\266H\222i/\351\252\373/\351\252\374\n\000""; }; nodes {;   nodedata: ""\323C\344\327\264{\312-\017:\006{\177\344N\002\326bO\260\220\006\033\362\345\005U\221DzJ0\001\301\025%1L\307\t\261\262z\374\222T\301\274V\236\223\262\270Ct\362\337b\356\024*\324\320\351\317\002k\336\234\027v\351\217\260\303\360\233ZPZWr\246$w\313\313\r\243r\232\2234\373\3539:N\004Q\245\272D\312D\300\300\t\323\0257\345e\271\na\215{\226\255x%T\257\037\333\004\344_/R\006E\344\037@\210\363\010\336T\226\247'\204_{\261\370""1\235\2445\343\033Y!\212\201\341\272\225'\007\201\031\245\030\314?\231l\302x\372@-\225\016\373\310\030\337u\341\265j'2F#>\245\360\3359\013\003""; }; "
1750527615459,1750527615459,0,1,2,0,TMGetLedger,"itype: liBASE; ledgerHash: ""\313\206R\331\304k\323u\263t\221\213yC\241\217A\242\027g\322\241'\212.E?B_\316\327\217""; ledgerSeq: 25; queryType: qtINDIRECT; ","itype: liBASE; ledgerHash: ""\313\206R\331\304k\323u\263t\221\213yC\241\217A\242\027g\322\241'\212.E?B_\316\327\217""; ledgerSeq: 25; queryType: qtINDIRECT; "
1750527615460,1750527615460,0,1,2,0,TMValidation,"validation: """"\200\000\000\001&\000\000\000\031)/\351\252\377:p\210\265\307-\212\200\004Q\313\206R\331\304k\323u\263t\221\213yC\241\217A\242\027g\322\241'\212.E?B_\316\327\217P\027\000\000\000\000\000\000\000\000\000\000\000\000\000\000\000\000\000\000\000\000\000\000\000\000\000\000\000\000\000\000\000\000P\031\334\331\315\254\230\rBG\314\023\246\244=\351\177\254\302b&\276+H;0\312\021&\275\036\237\350Rs!\002\364d\217\366\217|\316F\232\231\241\n\261\333`\312O\367\235\025DD\336e\367\n\312\326\221\037\025\230vF0D\002 P\273\262\374\227\255\355\203Ld\313\272\275\314\326.0\036\307\261\337\265'&\375E\021d\037\351\214\020\002 wF\373\353\030\240\276\207\344U$z{\215\035q[\257R}\217H\3356\310\247\260\276\205\324\237\005""; ","validation: """"\200\000\000\001&\000\000\000\031)/\351\252\377:p\210\265\307-\212\200\004Q\313\206R\331\304k\323u\263t\221\213yC\241\217A\242\027g\322\241'\212.E?B_\316\327\217P\027\000\000\000\000\000\000\000\000\000\000\000\000\000\000\000\000\000\000\000\000\000\000\000\000\000\000\000\000\000\000\000\000P\031\334\331\315\254\230\rBG\314\023\246\244=\351\177\254\302b&\276+H;0\312\021&\275\036\237\350Rs!\002\364d\217\366\217|\316F\232\231\241\n\261\333`\312O\367\235\025DD\336e\367\n\312\326\221\037\025\230vF0D\002 P\273\262\374\227\255\355\203Ld\313\272\275\314\326.0\036\307\261\337\265'&\375E\021d\037\351\214\020\002 wF\373\353\030\240\276\207\344U$z{\215\035q[\257R}\217H\3356\310\247\260\276\205\324\237\005""; "
1750527615460,1750527615460,0,1,1,3,TMGetLedger,"itype: liBASE; ledgerHash: ""\313\206R\331\304k\323u\263t\221\213yC\241\217A\242\027g\322\241'\212.E?B_\316\327\217""; requestCookie: 5; queryType: qtINDIRECT; ","itype: liBASE; ledgerHash: ""\313\206R\331\304k\323u\263t\221\213yC\241\217A\242\027g\322\241'\212.E?B_\316\327\217""; requestCookie: 5; queryType: qtINDIRECT; "
1750527615460,1750527615460,0,1,3,4,TMLedgerData,"ledgerHash: ""\313\206R\331\304k\323u\263t\221\213yC\241\217A\242\027g\322\241'\212.E?B_\316\327\217""; ledgerSeq: 25; type: liBASE; nodes {;   nodedata: ""\000\000\000\031\001cEx]\211\377\330\334\331\315\254\230\rBG\314\023\246\244=\351\177\254\302b&\276+H;0\312\021&\275\036\237\350R\000\000\000\000\000\000\000\000\000\000\000\000\000\000\000\000\000\000\000\000\000\000\000\000\000\000\000\000\000\000\000\000\353\233y\005\275""\330aW\324\000\240\002\261\223J\2077\255!\344\024G\340G\352M\235\266H\222i/\351\252\373/\351\252\374\n\000""; }; nodes {;   nodedata: ""\323C\344\327\264{\312-\017:\006{\177\344N\002\326bO\260\220\006\033\362\345\005U\221DzJ0\001\301\025%1L\307\t\261\262z\374\222T\301\274V\236\223\262\270Ct\362\337b\356\024*\324\320\351\317\002k\336\234\027v\351\217\260\303\360\233ZPZWr\246$w\313\313\r\243r\232\2234\373\3539:N\004Q\245\272D\312D\300\300\t\323\0257\345e\271\na\215{\226\255x%T\257\037\333\004\344_/R\006E\344\037@\210\363\010\336T\226\247'\204_{\261\370""1\235\2445\343\033Y!\212\201\341\272\225'\007\201\031\245\030\314?\231l\302x\372@-\225\016\373\310\030\337u\341\265j'2F#>\245\360\3359\013\003""; }; ","ledgerHash: ""\313\206R\331\304k\323u\263t\221\213yC\241\217A\242\027g\322\241'\212.E?B_\316\327\217""; ledgerSeq: 25; type: liBASE; nodes {;   nodedata: ""\000\000\000\031\001cEx]\211\377\330\334\331\315\254\230\rBG\314\023\246\244=\351\177\254\302b&\276+H;0\312\021&\275\036\237\350R\000\000\000\000\000\000\000\000\000\000\000\000\000\000\000\000\000\000\000\000\000\000\000\000\000\000\000\000\000\000\000\000\353\233y\005\275""\330aW\324\000\240\002\261\223J\2077\255!\344\024G\340G\352M\235\266H\222i/\351\252\373/\351\252\374\n\000""; }; nodes {;   nodedata: ""\323C\344\327\264{\312-\017:\006{\177\344N\002\326bO\260\220\006\033\362\345\005U\221DzJ0\001\301\025%1L\307\t\261\262z\374\222T\301\274V\236\223\262\270Ct\362\337b\356\024*\324\320\351\317\002k\336\234\027v\351\217\260\303\360\233ZPZWr\246$w\313\313\r\243r\232\2234\373\3539:N\004Q\245\272D\312D\300\300\t\323\0257\345e\271\na\215{\226\255x%T\257\037\333\004\344_/R\006E\344\037@\210\363\010\336T\226\247'\204_{\261\370""1\235\2445\343\033Y!\212\201\341\272\225'\007\201\031\245\030\314?\231l\302x\372@-\225\016\373\310\030\337u\341\265j'2F#>\245\360\3359\013\003""; }; "
1750527615461,1750527615461,0,1,3,1,TMLedgerData,"ledgerHash: ""\313\206R\331\304k\323u\263t\221\213yC\241\217A\242\027g\322\241'\212.E?B_\316\327\217""; ledgerSeq: 25; type: liBASE; nodes {;   nodedata: ""\000\000\000\031\001cEx]\211\377\330\334\331\315\254\230\rBG\314\023\246\244=\351\177\254\302b&\276+H;0\312\021&\275\036\237\350R\000\000\000\000\000\000\000\000\000\000\000\000\000\000\000\000\000\000\000\000\000\000\000\000\000\000\000\000\000\000\000\000\353\233y\005\275""\330aW\324\000\240\002\261\223J\2077\255!\344\024G\340G\352M\235\266H\222i/\351\252\373/\351\252\374\n\000""; }; nodes {;   nodedata: ""\323C\344\327\264{\312-\017:\006{\177\344N\002\326bO\260\220\006\033\362\345\005U\221DzJ0\001\301\025%1L\307\t\261\262z\374\222T\301\274V\236\223\262\270Ct\362\337b\356\024*\324\320\351\317\002k\336\234\027v\351\217\260\303\360\233ZPZWr\246$w\313\313\r\243r\232\2234\373\3539:N\004Q\245\272D\312D\300\300\t\323\0257\345e\271\na\215{\226\255x%T\257\037\333\004\344_/R\006E\344\037@\210\363\010\336T\226\247'\204_{\261\370""1\235\2445\343\033Y!\212\201\341\272\225'\007\201\031\245\030\314?\231l\302x\372@-\225\016\373\310\030\337u\341\265j'2F#>\245\360\3359\013\003""; }; ","ledgerHash: ""\313\206R\331\304k\323u\263t\221\213yC\241\217A\242\027g\322\241'\212.E?B_\316\327\217""; ledgerSeq: 25; type: liBASE; nodes {;   nodedata: ""\000\000\000\031\001cEx]\211\377\330\334\331\315\254\230\rBG\314\023\246\244=\351\177\254\302b&\276+H;0\312\021&\275\036\237\350R\000\000\000\000\000\000\000\000\000\000\000\000\000\000\000\000\000\000\000\000\000\000\000\000\000\000\000\000\000\000\000\000\353\233y\005\275""\330aW\324\000\240\002\261\223J\2077\255!\344\024G\340G\352M\235\266H\222i/\351\252\373/\351\252\374\n\000""; }; nodes {;   nodedata: ""\323C\344\327\264{\312-\017:\006{\177\344N\002\326bO\260\220\006\033\362\345\005U\221DzJ0\001\301\025%1L\307\t\261\262z\374\222T\301\274V\236\223\262\270Ct\362\337b\356\024*\324\320\351\317\002k\336\234\027v\351\217\260\303\360\233ZPZWr\246$w\313\313\r\243r\232\2234\373\3539:N\004Q\245\272D\312D\300\300\t\323\0257\345e\271\na\215{\226\255x%T\257\037\333\004\344_/R\006E\344\037@\210\363\010\336T\226\247'\204_{\261\370""1\235\2445\343\033Y!\212\201\341\272\225'\007\201\031\245\030\314?\231l\302x\372@-\225\016\373\310\030\337u\341\265j'2F#>\245\360\3359\013\003""; }; "
1750527615461,1750527615461,0,1,0,1,TMGetLedger,"itype: liBASE; ledgerHash: ""\313\206R\331\304k\323u\263t\221\213yC\241\217A\242\027g\322\241'\212.E?B_\316\327\217""; ledgerSeq: 25; queryType: qtINDIRECT; ","itype: liBASE; ledgerHash: ""\313\206R\331\304k\323u\263t\221\213yC\241\217A\242\027g\322\241'\212.E?B_\316\327\217""; ledgerSeq: 25; queryType: qtINDIRECT; "
1750527615461,1750527615461,0,1,0,1,TMValidation,"validation: """"\200\000\000\001&\000\000\000\031)/\351\252\377:p\210\265\307-\212\200\004Q\313\206R\331\304k\323u\263t\221\213yC\241\217A\242\027g\322\241'\212.E?B_\316\327\217P\027\000\000\000\000\000\000\000\000\000\000\000\000\000\000\000\000\000\000\000\000\000\000\000\000\000\000\000\000\000\000\000\000P\031\334\331\315\254\230\rBG\314\023\246\244=\351\177\254\302b&\276+H;0\312\021&\275\036\237\350Rs!\002\364d\217\366\217|\316F\232\231\241\n\261\333`\312O\367\235\025DD\336e\367\n\312\326\221\037\025\230vF0D\002 P\273\262\374\227\255\355\203Ld\313\272\275\314\326.0\036\307\261\337\265'&\375E\021d\037\351\214\020\002 wF\373\353\030\240\276\207\344U$z{\215\035q[\257R}\217H\3356\310\247\260\276\205\324\237\005""; ","validation: """"\200\000\000\001&\000\000\000\031)/\351\252\377:p\210\265\307-\212\200\004Q\313\206R\331\304k\323u\263t\221\213yC\241\217A\242\027g\322\241'\212.E?B_\316\327\217P\027\000\000\000\000\000\000\000\000\000\000\000\000\000\000\000\000\000\000\000\000\000\000\000\000\000\000\000\000\000\000\000\000P\031\334\331\315\254\230\rBG\314\023\246\244=\351\177\254\302b&\276+H;0\312\021&\275\036\237\350Rs!\002\364d\217\366\217|\316F\232\231\241\n\261\333`\312O\367\235\025DD\336e\367\n\312\326\221\037\025\230vF0D\002 P\273\262\374\227\255\355\203Ld\313\272\275\314\326.0\036\307\261\337\265'&\375E\021d\037\351\214\020\002 wF\373\353\030\240\276\207\344U$z{\215\035q[\257R}\217H\3356\310\247\260\276\205\324\237\005""; "
1750527615462,1750527615462,0,1,2,1,TMValidation,"validation: """"\200\000\000\001&\000\000\000\031)/\351\252\377:p\210\265\307-\212\200\004Q\313\206R\331\304k\323u\263t\221\213yC\241\217A\242\027g\322\241'\212.E?B_\316\327\217P\027\000\000\000\000\000\000\000\000\000\000\000\000\000\000\000\000\000\000\000\000\000\000\000\000\000\000\000\000\000\000\000\000P\031\334\331\315\254\230\rBG\314\023\246\244=\351\177\254\302b&\276+H;0\312\021&\275\036\237\350Rs!\002\364d\217\366\217|\316F\232\231\241\n\261\333`\312O\367\235\025DD\336e\367\n\312\326\221\037\025\230vF0D\002 P\273\262\374\227\255\355\203Ld\313\272\275\314\326.0\036\307\261\337\265'&\375E\021d\037\351\214\020\002 wF\373\353\030\240\276\207\344U$z{\215\035q[\257R}\217H\3356\310\247\260\276\205\324\237\005""; ","validation: """"\200\000\000\001&\000\000\000\031)/\351\252\377:p\210\265\307-\212\200\004Q\313\206R\331\304k\323u\263t\221\213yC\241\217A\242\027g\322\241'\212.E?B_\316\327\217P\027\000\000\000\000\000\000\000\000\000\000\000\000\000\000\000\000\000\000\000\000\000\000\000\000\000\000\000\000\000\000\000\000P\031\334\331\315\254\230\rBG\314\023\246\244=\351\177\254\302b&\276+H;0\312\021&\275\036\237\350Rs!\002\364d\217\366\217|\316F\232\231\241\n\261\333`\312O\367\235\025DD\336e\367\n\312\326\221\037\025\230vF0D\002 P\273\262\374\227\255\355\203Ld\313\272\275\314\326.0\036\307\261\337\265'&\375E\021d\037\351\214\020\002 wF\373\353\030\240\276\207\344U$z{\215\035q[\257R}\217H\3356\310\247\260\276\205\324\237\005""; "
1750527615462,1750527615462,0,1,2,1,TMGetLedger,"itype: liBASE; ledgerHash: ""\313\206R\331\304k\323u\263t\221\213yC\241\217A\242\027g\322\241'\212.E?B_\316\327\217""; ledgerSeq: 25; queryType: qtINDIRECT; ","itype: liBASE; ledgerHash: ""\313\206R\331\304k\323u\263t\221\213yC\241\217A\242\027g\322\241'\212.E?B_\316\327\217""; ledgerSeq: 25; queryType: qtINDIRECT; "
1750527615462,1750527615462,0,1,3,1,TMLedgerData,"ledgerHash: ""\313\206R\331\304k\323u\263t\221\213yC\241\217A\242\027g\322\241'\212.E?B_\316\327\217""; ledgerSeq: 25; type: liBASE; nodes {;   nodedata: ""\000\000\000\031\001cEx]\211\377\330\334\331\315\254\230\rBG\314\023\246\244=\351\177\254\302b&\276+H;0\312\021&\275\036\237\350R\000\000\000\000\000\000\000\000\000\000\000\000\000\000\000\000\000\000\000\000\000\000\000\000\000\000\000\000\000\000\000\000\353\233y\005\275""\330aW\324\000\240\002\261\223J\2077\255!\344\024G\340G\352M\235\266H\222i/\351\252\373/\351\252\374\n\000""; }; nodes {;   nodedata: ""\323C\344\327\264{\312-\017:\006{\177\344N\002\326bO\260\220\006\033\362\345\005U\221DzJ0\001\301\025%1L\307\t\261\262z\374\222T\301\274V\236\223\262\270Ct\362\337b\356\024*\324\320\351\317\002k\336\234\027v\351\217\260\303\360\233ZPZWr\246$w\313\313\r\243r\232\2234\373\3539:N\004Q\245\272D\312D\300\300\t\323\0257\345e\271\na\215{\226\255x%T\257\037\333\004\344_/R\006E\344\037@\210\363\010\336T\226\247'\204_{\261\370""1\235\2445\343\033Y!\212\201\341\272\225'\007\201\031\245\030\314?\231l\302x\372@-\225\016\373\310\030\337u\341\265j'2F#>\245\360\3359\013\003""; }; ","ledgerHash: ""\313\206R\331\304k\323u\263t\221\213yC\241\217A\242\027g\322\241'\212.E?B_\316\327\217""; ledgerSeq: 25; type: liBASE; nodes {;   nodedata: ""\000\000\000\031\001cEx]\211\377\330\334\331\315\254\230\rBG\314\023\246\244=\351\177\254\302b&\276+H;0\312\021&\275\036\237\350R\000\000\000\000\000\000\000\000\000\000\000\000\000\000\000\000\000\000\000\000\000\000\000\000\000\000\000\000\000\000\000\000\353\233y\005\275""\330aW\324\000\240\002\261\223J\2077\255!\344\024G\340G\352M\235\266H\222i/\351\252\373/\351\252\374\n\000""; }; nodes {;   nodedata: ""\323C\344\327\264{\312-\017:\006{\177\344N\002\326bO\260\220\006\033\362\345\005U\221DzJ0\001\301\025%1L\307\t\261\262z\374\222T\301\274V\236\223\262\270Ct\362\337b\356\024*\324\320\351\317\002k\336\234\027v\351\217\260\303\360\233ZPZWr\246$w\313\313\r\243r\232\2234\373\3539:N\004Q\245\272D\312D\300\300\t\323\0257\345e\271\na\215{\226\255x%T\257\037\333\004\344_/R\006E\344\037@\210\363\010\336T\226\247'\204_{\261\370""1\235\2445\343\033Y!\212\201\341\272\225'\007\201\031\245\030\314?\231l\302x\372@-\225\016\373\310\030\337u\341\265j'2F#>\245\360\3359\013\003""; }; "
1750527615463,1750527615463,0,1,4,3,TMGetLedger,"itype: liBASE; ledgerHash: ""\313\206R\331\304k\323u\263t\221\213yC\241\217A\242\027g\322\241'\212.E?B_\316\327\217""; ledgerSeq: 25; requestCookie: 2; queryType: qtINDIRECT; ","itype: liBASE; ledgerHash: ""\313\206R\331\304k\323u\263t\221\213yC\241\217A\242\027g\322\241'\212.E?B_\316\327\217""; ledgerSeq: 25; requestCookie: 2; queryType: qtINDIRECT; "
1750527615463,1750527615463,0,1,2,3,TMGetLedger,"itype: liBASE; ledgerHash: ""\313\206R\331\304k\323u\263t\221\213yC\241\217A\242\027g\322\241'\212.E?B_\316\327\217""; ledgerSeq: 25; requestCookie: 3; queryType: qtINDIRECT; ","itype: liBASE; ledgerHash: ""\313\206R\331\304k\323u\263t\221\213yC\241\217A\242\027g\322\241'\212.E?B_\316\327\217""; ledgerSeq: 25; requestCookie: 3; queryType: qtINDIRECT; "
1750527615464,1750527615464,0,1,2,3,TMGetLedger,"itype: liBASE; ledgerHash: ""\313\206R\331\304k\323u\263t\221\213yC\241\217A\242\027g\322\241'\212.E?B_\316\327\217""; ledgerSeq: 25; queryType: qtINDIRECT; ","itype: liBASE; ledgerHash: ""\313\206R\331\304k\323u\263t\221\213yC\241\217A\242\027g\322\241'\212.E?B_\316\327\217""; ledgerSeq: 25; queryType: qtINDIRECT; "
1750527615464,1750527615464,0,1,2,3,TMGetLedger,"itype: liBASE; ledgerHash: ""\313\206R\331\304k\323u\263t\221\213yC\241\217A\242\027g\322\241'\212.E?B_\316\327\217""; requestCookie: 5; queryType: qtINDIRECT; ","itype: liBASE; ledgerHash: ""\313\206R\331\304k\323u\263t\221\213yC\241\217A\242\027g\322\241'\212.E?B_\316\327\217""; requestCookie: 5; queryType: qtINDIRECT; "
1750527615465,1750527615465,0,1,4,3,TMGetLedger,"itype: liBASE; ledgerHash: ""\313\206R\331\304k\323u\263t\221\213yC\241\217A\242\027g\322\241'\212.E?B_\316\327\217""; ledgerSeq: 25; requestCookie: 3; queryType: qtINDIRECT; ","itype: liBASE; ledgerHash: ""\313\206R\331\304k\323u\263t\221\213yC\241\217A\242\027g\322\241'\212.E?B_\316\327\217""; ledgerSeq: 25; requestCookie: 3; queryType: qtINDIRECT; "
1750527615465,1750527615465,0,1,4,3,TMGetLedger,"itype: liBASE; ledgerHash: ""\313\206R\331\304k\323u\263t\221\213yC\241\217A\242\027g\322\241'\212.E?B_\316\327\217""; ledgerSeq: 25; requestCookie: 1; queryType: qtINDIRECT; ","itype: liBASE; ledgerHash: ""\313\206R\331\304k\323u\263t\221\213yC\241\217A\242\027g\322\241'\212.E?B_\316\327\217""; ledgerSeq: 25; requestCookie: 1; queryType: qtINDIRECT; "
1750527615465,1750527615465,0,1,0,3,TMGetLedger,"itype: liBASE; ledgerHash: ""\313\206R\331\304k\323u\263t\221\213yC\241\217A\242\027g\322\241'\212.E?B_\316\327\217""; ledgerSeq: 25; queryType: qtINDIRECT; ","itype: liBASE; ledgerHash: ""\313\206R\331\304k\323u\263t\221\213yC\241\217A\242\027g\322\241'\212.E?B_\316\327\217""; ledgerSeq: 25; queryType: qtINDIRECT; "
1750527615466,1750527615466,0,1,0,3,TMGetLedger,"itype: liBASE; ledgerHash: ""\313\206R\331\304k\323u\263t\221\213yC\241\217A\242\027g\322\241'\212.E?B_\316\327\217""; requestCookie: 5; queryType: qtINDIRECT; ","itype: liBASE; ledgerHash: ""\313\206R\331\304k\323u\263t\221\213yC\241\217A\242\027g\322\241'\212.E?B_\316\327\217""; requestCookie: 5; queryType: qtINDIRECT; "
1750527615466,1750527615466,0,1,0,3,TMGetLedger,"itype: liBASE; ledgerHash: ""\313\206R\331\304k\323u\263t\221\213yC\241\217A\242\027g\322\241'\212.E?B_\316\327\217""; ledgerSeq: 25; requestCookie: 2; queryType: qtINDIRECT; ","itype: liBASE; ledgerHash: ""\313\206R\331\304k\323u\263t\221\213yC\241\217A\242\027g\322\241'\212.E?B_\316\327\217""; ledgerSeq: 25; requestCookie: 2; queryType: qtINDIRECT; "
1750527615466,1750527615466,0,1,4,3,TMGetLedger,"itype: liAS_NODE; ledgerHash: ""\313\206R\331\304k\323u\263t\221\213yC\241\217A\242\027g\322\241'\212.E?B_\316\327\217""; ledgerSeq: 25; nodeIDs: ""\260\000\000\000\000\000\000\000\000\000\000\000\000\000\000\000\000\000\000\000\000\000\000\000\000\000\000\000\000\000\000\000\001""; queryType: qtINDIRECT; queryDepth: 1; ","itype: liAS_NODE; ledgerHash: ""\313\206R\331\304k\323u\263t\221\213yC\241\217A\242\027g\322\241'\212.E?B_\316\327\217""; ledgerSeq: 25; nodeIDs: ""\260\000\000\000\000\000\000\000\000\000\000\000\000\000\000\000\000\000\000\000\000\000\000\000\000\000\000\000\000\000\000\000\001""; queryType: qtINDIRECT; queryDepth: 1; "
1750527615467,1750527615467,0,1,3,1,TMLedgerData,"ledgerHash: ""\313\206R\331\304k\323u\263t\221\213yC\241\217A\242\027g\322\241'\212.E?B_\316\327\217""; ledgerSeq: 25; type: liBASE; nodes {;   nodedata: ""\000\000\000\031\001cEx]\211\377\330\334\331\315\254\230\rBG\314\023\246\244=\351\177\254\302b&\276+H;0\312\021&\275\036\237\350R\000\000\000\000\000\000\000\000\000\000\000\000\000\000\000\000\000\000\000\000\000\000\000\000\000\000\000\000\000\000\000\000\353\233y\005\275""\330aW\324\000\240\002\261\223J\2077\255!\344\024G\340G\352M\235\266H\222i/\351\252\373/\351\252\374\n\000""; }; nodes {;   nodedata: ""\323C\344\327\264{\312-\017:\006{\177\344N\002\326bO\260\220\006\033\362\345\005U\221DzJ0\001\301\025%1L\307\t\261\262z\374\222T\301\274V\236\223\262\270Ct\362\337b\356\024*\324\320\351\317\002k\336\234\027v\351\217\260\303\360\233ZPZWr\246$w\313\313\r\243r\232\2234\373\3539:N\004Q\245\272D\312D\300\300\t\323\0257\345e\271\na\215{\226\255x%T\257\037\333\004\344_/R\006E\344\037@\210\363\010\336T\226\247'\204_{\261\370""1\235\2445\343\033Y!\212\201\341\272\225'\007\201\031\245\030\314?\231l\302x\372@-\225\016\373\310\030\337u\341\265j'2F#>\245\360\3359\013\003""; }; requestCookie: 5; ","ledgerHash: ""\313\206R\331\304k\323u\263t\221\213yC\241\217A\242\027g\322\241'\212.E?B_\316\327\217""; ledgerSeq: 25; type: liBASE; nodes {;   nodedata: ""\000\000\000\031\001cEx]\211\377\330\334\331\315\254\230\rBG\314\023\246\244=\351\177\254\302b&\276+H;0\312\021&\275\036\237\350R\000\000\000\000\000\000\000\000\000\000\000\000\000\000\000\000\000\000\000\000\000\000\000\000\000\000\000\000\000\000\000\000\353\233y\005\275""\330aW\324\000\240\002\261\223J\2077\255!\344\024G\340G\352M\235\266H\222i/\351\252\373/\351\252\374\n\000""; }; nodes {;   nodedata: ""\323C\344\327\264{\312-\017:\006{\177\344N\002\326bO\260\220\006\033\362\345\005U\221DzJ0\001\301\025%1L\307\t\261\262z\374\222T\301\274V\236\223\262\270Ct\362\337b\356\024*\324\320\351\317\002k\336\234\027v\351\217\260\303\360\233ZPZWr\246$w\313\313\r\243r\232\2234\373\3539:N\004Q\245\272D\312D\300\300\t\323\0257\345e\271\na\215{\226\255x%T\257\037\333\004\344_/R\006E\344\037@\210\363\010\336T\226\247'\204_{\261\370""1\235\2445\343\033Y!\212\201\341\272\225'\007\201\031\245\030\314?\231l\302x\372@-\225\016\373\310\030\337u\341\265j'2F#>\245\360\3359\013\003""; }; requestCookie: 5; "
1750527615467,1750527615467,0,1,1,3,TMGetLedger,"itype: liBASE; ledgerHash: ""\313\206R\331\304k\323u\263t\221\213yC\241\217A\242\027g\322\241'\212.E?B_\316\327\217""; ledgerSeq: 25; requestCookie: 2; queryType: qtINDIRECT; ","itype: liBASE; ledgerHash: ""\313\206R\331\304k\323u\263t\221\213yC\241\217A\242\027g\322\241'\212.E?B_\316\327\217""; ledgerSeq: 25; requestCookie: 2; queryType: qtINDIRECT; "
1750527615468,1750527615468,0,1,3,4,TMLedgerData,"ledgerHash: ""\313\206R\331\304k\323u\263t\221\213yC\241\217A\242\027g\322\241'\212.E?B_\316\327\217""; ledgerSeq: 25; type: liBASE; nodes {;   nodedata: ""\000\000\000\031\001cEx]\211\377\330\334\331\315\254\230\rBG\314\023\246\244=\351\177\254\302b&\276+H;0\312\021&\275\036\237\350R\000\000\000\000\000\000\000\000\000\000\000\000\000\000\000\000\000\000\000\000\000\000\000\000\000\000\000\000\000\000\000\000\353\233y\005\275""\330aW\324\000\240\002\261\223J\2077\255!\344\024G\340G\352M\235\266H\222i/\351\252\373/\351\252\374\n\000""; }; nodes {;   nodedata: ""\323C\344\327\264{\312-\017:\006{\177\344N\002\326bO\260\220\006\033\362\345\005U\221DzJ0\001\301\025%1L\307\t\261\262z\374\222T\301\274V\236\223\262\270Ct\362\337b\356\024*\324\320\351\317\002k\336\234\027v\351\217\260\303\360\233ZPZWr\246$w\313\313\r\243r\232\2234\373\3539:N\004Q\245\272D\312D\300\300\t\323\0257\345e\271\na\215{\226\255x%T\257\037\333\004\344_/R\006E\344\037@\210\363\010\336T\226\247'\204_{\261\370""1\235\2445\343\033Y!\212\201\341\272\225'\007\201\031\245\030\314?\231l\302x\372@-\225\016\373\310\030\337u\341\265j'2F#>\245\360\3359\013\003""; }; requestCookie: 2; ","ledgerHash: ""\313\206R\331\304k\323u\263t\221\213yC\241\217A\242\027g\322\241'\212.E?B_\316\327\217""; ledgerSeq: 25; type: liBASE; nodes {;   nodedata: ""\000\000\000\031\001cEx]\211\377\330\334\331\315\254\230\rBG\314\023\246\244=\351\177\254\302b&\276+H;0\312\021&\275\036\237\350R\000\000\000\000\000\000\000\000\000\000\000\000\000\000\000\000\000\000\000\000\000\000\000\000\000\000\000\000\000\000\000\000\353\233y\005\275""\330aW\324\000\240\002\261\223J\2077\255!\344\024G\340G\352M\235\266H\222i/\351\252\373/\351\252\374\n\000""; }; nodes {;   nodedata: ""\323C\344\327\264{\312-\017:\006{\177\344N\002\326bO\260\220\006\033\362\345\005U\221DzJ0\001\301\025%1L\307\t\261\262z\374\222T\301\274V\236\223\262\270Ct\362\337b\356\024*\324\320\351\317\002k\336\234\027v\351\217\260\303\360\233ZPZWr\246$w\313\313\r\243r\232\2234\373\3539:N\004Q\245\272D\312D\300\300\t\323\0257\345e\271\na\215{\226\255x%T\257\037\333\004\344_/R\006E\344\037@\210\363\010\336T\226\247'\204_{\261\370""1\235\2445\343\033Y!\212\201\341\272\225'\007\201\031\245\030\314?\231l\302x\372@-\225\016\373\310\030\337u\341\265j'2F#>\245\360\3359\013\003""; }; requestCookie: 2; "
1750527615468,1750527615468,0,1,1,3,TMGetLedger,"itype: liAS_NODE; ledgerHash: ""\313\206R\331\304k\323u\263t\221\213yC\241\217A\242\027g\322\241'\212.E?B_\316\327\217""; ledgerSeq: 25; nodeIDs: ""\260\000\000\000\000\000\000\000\000\000\000\000\000\000\000\000\000\000\000\000\000\000\000\000\000\000\000\000\000\000\000\000\001""; queryType: qtINDIRECT; queryDepth: 1; ","itype: liAS_NODE; ledgerHash: ""\313\206R\331\304k\323u\263t\221\213yC\241\217A\242\027g\322\241'\212.E?B_\316\327\217""; ledgerSeq: 25; nodeIDs: ""\260\000\000\000\000\000\000\000\000\000\000\000\000\000\000\000\000\000\000\000\000\000\000\000\000\000\000\000\000\000\000\000\001""; queryType: qtINDIRECT; queryDepth: 1; "
1750527615469,1750527615469,0,1,3,2,TMLedgerData,"ledgerHash: ""\313\206R\331\304k\323u\263t\221\213yC\241\217A\242\027g\322\241'\212.E?B_\316\327\217""; ledgerSeq: 25; type: liBASE; nodes {;   nodedata: ""\000\000\000\031\001cEx]\211\377\330\334\331\315\254\230\rBG\314\023\246\244=\351\177\254\302b&\276+H;0\312\021&\275\036\237\350R\000\000\000\000\000\000\000\000\000\000\000\000\000\000\000\000\000\000\000\000\000\000\000\000\000\000\000\000\000\000\000\000\353\233y\005\275""\330aW\324\000\240\002\261\223J\2077\255!\344\024G\340G\352M\235\266H\222i/\351\252\373/\351\252\374\n\000""; }; nodes {;   nodedata: ""\323C\344\327\264{\312-\017:\006{\177\344N\002\326bO\260\220\006\033\362\345\005U\221DzJ0\001\301\025%1L\307\t\261\262z\374\222T\301\274V\236\223\262\270Ct\362\337b\356\024*\324\320\351\317\002k\336\234\027v\351\217\260\303\360\233ZPZWr\246$w\313\313\r\243r\232\2234\373\3539:N\004Q\245\272D\312D\300\300\t\323\0257\345e\271\na\215{\226\255x%T\257\037\333\004\344_/R\006E\344\037@\210\363\010\336T\226\247'\204_{\261\370""1\235\2445\343\033Y!\212\201\341\272\225'\007\201\031\245\030\314?\231l\302x\372@-\225\016\373\310\030\337u\341\265j'2F#>\245\360\3359\013\003""; }; requestCookie: 3; ","ledgerHash: ""\313\206R\331\304k\323u\263t\221\213yC\241\217A\242\027g\322\241'\212.E?B_\316\327\217""; ledgerSeq: 25; type: liBASE; nodes {;   nodedata: ""\000\000\000\031\001cEx]\211\377\330\334\331\315\254\230\rBG\314\023\246\244=\351\177\254\302b&\276+H;0\312\021&\275\036\237\350R\000\000\000\000\000\000\000\000\000\000\000\000\000\000\000\000\000\000\000\000\000\000\000\000\000\000\000\000\000\000\000\000\353\233y\005\275""\330aW\324\000\240\002\261\223J\2077\255!\344\024G\340G\352M\235\266H\222i/\351\252\373/\351\252\374\n\000""; }; nodes {;   nodedata: ""\323C\344\327\264{\312-\017:\006{\177\344N\002\326bO\260\220\006\033\362\345\005U\221DzJ0\001\301\025%1L\307\t\261\262z\374\222T\301\274V\236\223\262\270Ct\362\337b\356\024*\324\320\351\317\002k\336\234\027v\351\217\260\303\360\233ZPZWr\246$w\313\313\r\243r\232\2234\373\3539:N\004Q\245\272D\312D\300\300\t\323\0257\345e\271\na\215{\226\255x%T\257\037\333\004\344_/R\006E\344\037@\210\363\010\336T\226\247'\204_{\261\370""1\235\2445\343\033Y!\212\201\341\272\225'\007\201\031\245\030\314?\231l\302x\372@-\225\016\373\310\030\337u\341\265j'2F#>\245\360\3359\013\003""; }; requestCookie: 3; "
1750527615469,1750527615469,0,1,3,2,TMLedgerData,"ledgerHash: ""\313\206R\331\304k\323u\263t\221\213yC\241\217A\242\027g\322\241'\212.E?B_\316\327\217""; ledgerSeq: 25; type: liBASE; nodes {;   nodedata: ""\000\000\000\031\001cEx]\211\377\330\334\331\315\254\230\rBG\314\023\246\244=\351\177\254\302b&\276+H;0\312\021&\275\036\237\350R\000\000\000\000\000\000\000\000\000\000\000\000\000\000\000\000\000\000\000\000\000\000\000\000\000\000\000\000\000\000\000\000\353\233y\005\275""\330aW\324\000\240\002\261\223J\2077\255!\344\024G\340G\352M\235\266H\222i/\351\252\373/\351\252\374\n\000""; }; nodes {;   nodedata: ""\323C\344\327\264{\312-\017:\006{\177\344N\002\326bO\260\220\006\033\362\345\005U\221DzJ0\001\301\025%1L\307\t\261\262z\374\222T\301\274V\236\223\262\270Ct\362\337b\356\024*\324\320\351\317\002k\336\234\027v\351\217\260\303\360\233ZPZWr\246$w\313\313\r\243r\232\2234\373\3539:N\004Q\245\272D\312D\300\300\t\323\0257\345e\271\na\215{\226\255x%T\257\037\333\004\344_/R\006E\344\037@\210\363\010\336T\226\247'\204_{\261\370""1\235\2445\343\033Y!\212\201\341\272\225'\007\201\031\245\030\314?\231l\302x\372@-\225\016\373\310\030\337u\341\265j'2F#>\245\360\3359\013\003""; }; ","ledgerHash: ""\313\206R\331\304k\323u\263t\221\213yC\241\217A\242\027g\322\241'\212.E?B_\316\327\217""; ledgerSeq: 25; type: liBASE; nodes {;   nodedata: ""\000\000\000\031\001cEx]\211\377\330\334\331\315\254\230\rBG\314\023\246\244=\351\177\254\302b&\276+H;0\312\021&\275\036\237\350R\000\000\000\000\000\000\000\000\000\000\000\000\000\000\000\000\000\000\000\000\000\000\000\000\000\000\000\000\000\000\000\000\353\233y\005\275""\330aW\324\000\240\002\261\223J\2077\255!\344\024G\340G\352M\235\266H\222i/\351\252\373/\351\252\374\n\000""; }; nodes {;   nodedata: ""\323C\344\327\264{\312-\017:\006{\177\344N\002\326bO\260\220\006\033\362\345\005U\221DzJ0\001\301\025%1L\307\t\261\262z\374\222T\301\274V\236\223\262\270Ct\362\337b\356\024*\324\320\351\317\002k\336\234\027v\351\217\260\303\360\233ZPZWr\246$w\313\313\r\243r\232\2234\373\3539:N\004Q\245\272D\312D\300\300\t\323\0257\345e\271\na\215{\226\255x%T\257\037\333\004\344_/R\006E\344\037@\210\363\010\336T\226\247'\204_{\261\370""1\235\2445\343\033Y!\212\201\341\272\225'\007\201\031\245\030\314?\231l\302x\372@-\225\016\373\310\030\337u\341\265j'2F#>\245\360\3359\013\003""; }; "
1750527615470,1750527615470,0,1,3,4,TMLedgerData,"ledgerHash: ""\313\206R\331\304k\323u\263t\221\213yC\241\217A\242\027g\322\241'\212.E?B_\316\327\217""; ledgerSeq: 25; type: liBASE; nodes {;   nodedata: ""\000\000\000\031\001cEx]\211\377\330\334\331\315\254\230\rBG\314\023\246\244=\351\177\254\302b&\276+H;0\312\021&\275\036\237\350R\000\000\000\000\000\000\000\000\000\000\000\000\000\000\000\000\000\000\000\000\000\000\000\000\000\000\000\000\000\000\000\000\353\233y\005\275""\330aW\324\000\240\002\261\223J\2077\255!\344\024G\340G\352M\235\266H\222i/\351\252\373/\351\252\374\n\000""; }; nodes {;   nodedata: ""\323C\344\327\264{\312-\017:\006{\177\344N\002\326bO\260\220\006\033\362\345\005U\221DzJ0\001\301\025%1L\307\t\261\262z\374\222T\301\274V\236\223\262\270Ct\362\337b\356\024*\324\320\351\317\002k\336\234\027v\351\217\260\303\360\233ZPZWr\246$w\313\313\r\243r\232\2234\373\3539:N\004Q\245\272D\312D\300\300\t\323\0257\345e\271\na\215{\226\255x%T\257\037\333\004\344_/R\006E\344\037@\210\363\010\336T\226\247'\204_{\261\370""1\235\2445\343\033Y!\212\201\341\272\225'\007\201\031\245\030\314?\231l\302x\372@-\225\016\373\310\030\337u\341\265j'2F#>\245\360\3359\013\003""; }; requestCookie: 3; ","ledgerHash: ""\313\206R\331\304k\323u\263t\221\213yC\241\217A\242\027g\322\241'\212.E?B_\316\327\217""; ledgerSeq: 25; type: liBASE; nodes {;   nodedata: ""\000\000\000\031\001cEx]\211\377\330\334\331\315\254\230\rBG\314\023\246\244=\351\177\254\302b&\276+H;0\312\021&\275\036\237\350R\000\000\000\000\000\000\000\000\000\000\000\000\000\000\000\000\000\000\000\000\000\000\000\000\000\000\000\000\000\000\000\000\353\233y\005\275""\330aW\324\000\240\002\261\223J\2077\255!\344\024G\340G\352M\235\266H\222i/\351\252\373/\351\252\374\n\000""; }; nodes {;   nodedata: ""\323C\344\327\264{\312-\017:\006{\177\344N\002\326bO\260\220\006\033\362\345\005U\221DzJ0\001\301\025%1L\307\t\261\262z\374\222T\301\274V\236\223\262\270Ct\362\337b\356\024*\324\320\351\317\002k\336\234\027v\351\217\260\303\360\233ZPZWr\246$w\313\313\r\243r\232\2234\373\3539:N\004Q\245\272D\312D\300\300\t\323\0257\345e\271\na\215{\226\255x%T\257\037\333\004\344_/R\006E\344\037@\210\363\010\336T\226\247'\204_{\261\370""1\235\2445\343\033Y!\212\201\341\272\225'\007\201\031\245\030\314?\231l\302x\372@-\225\016\373\310\030\337u\341\265j'2F#>\245\360\3359\013\003""; }; requestCookie: 3; "
1750527615470,1750527615470,0,1,3,0,TMLedgerData,"ledgerHash: ""\313\206R\331\304k\323u\263t\221\213yC\241\217A\242\027g\322\241'\212.E?B_\316\327\217""; ledgerSeq: 25; type: liBASE; nodes {;   nodedata: ""\000\000\000\031\001cEx]\211\377\330\334\331\315\254\230\rBG\314\023\246\244=\351\177\254\302b&\276+H;0\312\021&\275\036\237\350R\000\000\000\000\000\000\000\000\000\000\000\000\000\000\000\000\000\000\000\000\000\000\000\000\000\000\000\000\000\000\000\000\353\233y\005\275""\330aW\324\000\240\002\261\223J\2077\255!\344\024G\340G\352M\235\266H\222i/\351\252\373/\351\252\374\n\000""; }; nodes {;   nodedata: ""\323C\344\327\264{\312-\017:\006{\177\344N\002\326bO\260\220\006\033\362\345\005U\221DzJ0\001\301\025%1L\307\t\261\262z\374\222T\301\274V\236\223\262\270Ct\362\337b\356\024*\324\320\351\317\002k\336\234\027v\351\217\260\303\360\233ZPZWr\246$w\313\313\r\243r\232\2234\373\3539:N\004Q\245\272D\312D\300\300\t\323\0257\345e\271\na\215{\226\255x%T\257\037\333\004\344_/R\006E\344\037@\210\363\010\336T\226\247'\204_{\261\370""1\235\2445\343\033Y!\212\201\341\272\225'\007\201\031\245\030\314?\231l\302x\372@-\225\016\373\310\030\337u\341\265j'2F#>\245\360\3359\013\003""; }; ","ledgerHash: ""\313\206R\331\304k\323u\263t\221\213yC\241\217A\242\027g\322\241'\212.E?B_\316\327\217""; ledgerSeq: 25; type: liBASE; nodes {;   nodedata: ""\000\000\000\031\001cEx]\211\377\330\334\331\315\254\230\rBG\314\023\246\244=\351\177\254\302b&\276+H;0\312\021&\275\036\237\350R\000\000\000\000\000\000\000\000\000\000\000\000\000\000\000\000\000\000\000\000\000\000\000\000\000\000\000\000\000\000\000\000\353\233y\005\275""\330aW\324\000\240\002\261\223J\2077\255!\344\024G\340G\352M\235\266H\222i/\351\252\373/\351\252\374\n\000""; }; nodes {;   nodedata: ""\323C\344\327\264{\312-\017:\006{\177\344N\002\326bO\260\220\006\033\362\345\005U\221DzJ0\001\301\025%1L\307\t\261\262z\374\222T\301\274V\236\223\262\270Ct\362\337b\356\024*\324\320\351\317\002k\336\234\027v\351\217\260\303\360\233ZPZWr\246$w\313\313\r\243r\232\2234\373\3539:N\004Q\245\272D\312D\300\300\t\323\0257\345e\271\na\215{\226\255x%T\257\037\333\004\344_/R\006E\344\037@\210\363\010\336T\226\247'\204_{\261\370""1\235\2445\343\033Y!\212\201\341\272\225'\007\201\031\245\030\314?\231l\302x\372@-\225\016\373\310\030\337u\341\265j'2F#>\245\360\3359\013\003""; }; "
1750527615471,1750527615471,0,1,3,0,TMLedgerData,"ledgerHash: ""\313\206R\331\304k\323u\263t\221\213yC\241\217A\242\027g\322\241'\212.E?B_\316\327\217""; ledgerSeq: 25; type: liBASE; nodes {;   nodedata: ""\000\000\000\031\001cEx]\211\377\330\334\331\315\254\230\rBG\314\023\246\244=\351\177\254\302b&\276+H;0\312\021&\275\036\237\350R\000\000\000\000\000\000\000\000\000\000\000\000\000\000\000\000\000\000\000\000\000\000\000\000\000\000\000\000\000\000\000\000\353\233y\005\275""\330aW\324\000\240\002\261\223J\2077\255!\344\024G\340G\352M\235\266H\222i/\351\252\373/\351\252\374\n\000""; }; nodes {;   nodedata: ""\323C\344\327\264{\312-\017:\006{\177\344N\002\326bO\260\220\006\033\362\345\005U\221DzJ0\001\301\025%1L\307\t\261\262z\374\222T\301\274V\236\223\262\270Ct\362\337b\356\024*\324\320\351\317\002k\336\234\027v\351\217\260\303\360\233ZPZWr\246$w\313\313\r\243r\232\2234\373\3539:N\004Q\245\272D\312D\300\300\t\323\0257\345e\271\na\215{\226\255x%T\257\037\333\004\344_/R\006E\344\037@\210\363\010\336T\226\247'\204_{\261\370""1\235\2445\343\033Y!\212\201\341\272\225'\007\201\031\245\030\314?\231l\302x\372@-\225\016\373\310\030\337u\341\265j'2F#>\245\360\3359\013\003""; }; requestCookie: 5; ","ledgerHash: ""\313\206R\331\304k\323u\263t\221\213yC\241\217A\242\027g\322\241'\212.E?B_\316\327\217""; ledgerSeq: 25; type: liBASE; nodes {;   nodedata: ""\000\000\000\031\001cEx]\211\377\330\334\331\315\254\230\rBG\314\023\246\244=\351\177\254\302b&\276+H;0\312\021&\275\036\237\350R\000\000\000\000\000\000\000\000\000\000\000\000\000\000\000\000\000\000\000\000\000\000\000\000\000\000\000\000\000\000\000\000\353\233y\005\275""\330aW\324\000\240\002\261\223J\2077\255!\344\024G\340G\352M\235\266H\222i/\351\252\373/\351\252\374\n\000""; }; nodes {;   nodedata: ""\323C\344\327\264{\312-\017:\006{\177\344N\002\326bO\260\220\006\033\362\345\005U\221DzJ0\001\301\025%1L\307\t\261\262z\374\222T\301\274V\236\223\262\270Ct\362\337b\356\024*\324\320\351\317\002k\336\234\027v\351\217\260\303\360\233ZPZWr\246$w\313\313\r\243r\232\2234\373\3539:N\004Q\245\272D\312D\300\300\t\323\0257\345e\271\na\215{\226\255x%T\257\037\333\004\344_/R\006E\344\037@\210\363\010\336T\226\247'\204_{\261\370""1\235\2445\343\033Y!\212\201\341\272\225'\007\201\031\245\030\314?\231l\302x\372@-\225\016\373\310\030\337u\341\265j'2F#>\245\360\3359\013\003""; }; requestCookie: 5; "
1750527615471,1750527615471,0,1,3,0,TMLedgerData,"ledgerHash: ""\313\206R\331\304k\323u\263t\221\213yC\241\217A\242\027g\322\241'\212.E?B_\316\327\217""; ledgerSeq: 25; type: liBASE; nodes {;   nodedata: ""\000\000\000\031\001cEx]\211\377\330\334\331\315\254\230\rBG\314\023\246\244=\351\177\254\302b&\276+H;0\312\021&\275\036\237\350R\000\000\000\000\000\000\000\000\000\000\000\000\000\000\000\000\000\000\000\000\000\000\000\000\000\000\000\000\000\000\000\000\353\233y\005\275""\330aW\324\000\240\002\261\223J\2077\255!\344\024G\340G\352M\235\266H\222i/\351\252\373/\351\252\374\n\000""; }; nodes {;   nodedata: ""\323C\344\327\264{\312-\017:\006{\177\344N\002\326bO\260\220\006\033\362\345\005U\221DzJ0\001\301\025%1L\307\t\261\262z\374\222T\301\274V\236\223\262\270Ct\362\337b\356\024*\324\320\351\317\002k\336\234\027v\351\217\260\303\360\233ZPZWr\246$w\313\313\r\243r\232\2234\373\3539:N\004Q\245\272D\312D\300\300\t\323\0257\345e\271\na\215{\226\255x%T\257\037\333\004\344_/R\006E\344\037@\210\363\010\336T\226\247'\204_{\261\370""1\235\2445\343\033Y!\212\201\341\272\225'\007\201\031\245\030\314?\231l\302x\372@-\225\016\373\310\030\337u\341\265j'2F#>\245\360\3359\013\003""; }; requestCookie: 2; ","ledgerHash: ""\313\206R\331\304k\323u\263t\221\213yC\241\217A\242\027g\322\241'\212.E?B_\316\327\217""; ledgerSeq: 25; type: liBASE; nodes {;   nodedata: ""\000\000\000\031\001cEx]\211\377\330\334\331\315\254\230\rBG\314\023\246\244=\351\177\254\302b&\276+H;0\312\021&\275\036\237\350R\000\000\000\000\000\000\000\000\000\000\000\000\000\000\000\000\000\000\000\000\000\000\000\000\000\000\000\000\000\000\000\000\353\233y\005\275""\330aW\324\000\240\002\261\223J\2077\255!\344\024G\340G\352M\235\266H\222i/\351\252\373/\351\252\374\n\000""; }; nodes {;   nodedata: ""\323C\344\327\264{\312-\017:\006{\177\344N\002\326bO\260\220\006\033\362\345\005U\221DzJ0\001\301\025%1L\307\t\261\262z\374\222T\301\274V\236\223\262\270Ct\362\337b\356\024*\324\320\351\317\002k\336\234\027v\351\217\260\303\360\233ZPZWr\246$w\313\313\r\243r\232\2234\373\3539:N\004Q\245\272D\312D\300\300\t\323\0257\345e\271\na\215{\226\255x%T\257\037\333\004\344_/R\006E\344\037@\210\363\010\336T\226\247'\204_{\261\370""1\235\2445\343\033Y!\212\201\341\272\225'\007\201\031\245\030\314?\231l\302x\372@-\225\016\373\310\030\337u\341\265j'2F#>\245\360\3359\013\003""; }; requestCookie: 2; "
1750527615471,1750527615472,0,1,3,4,TMLedgerData,"ledgerHash: ""\313\206R\331\304k\323u\263t\221\213yC\241\217A\242\027g\322\241'\212.E?B_\316\327\217""; ledgerSeq: 25; type: liBASE; nodes {;   nodedata: ""\000\000\000\031\001cEx]\211\377\330\334\331\315\254\230\rBG\314\023\246\244=\351\177\254\302b&\276+H;0\312\021&\275\036\237\350R\000\000\000\000\000\000\000\000\000\000\000\000\000\000\000\000\000\000\000\000\000\000\000\000\000\000\000\000\000\000\000\000\353\233y\005\275""\330aW\324\000\240\002\261\223J\2077\255!\344\024G\340G\352M\235\266H\222i/\351\252\373/\351\252\374\n\000""; }; nodes {;   nodedata: ""\323C\344\327\264{\312-\017:\006{\177\344N\002\326bO\260\220\006\033\362\345\005U\221DzJ0\001\301\025%1L\307\t\261\262z\374\222T\301\274V\236\223\262\270Ct\362\337b\356\024*\324\320\351\317\002k\336\234\027v\351\217\260\303\360\233ZPZWr\246$w\313\313\r\243r\232\2234\373\3539:N\004Q\245\272D\312D\300\300\t\323\0257\345e\271\na\215{\226\255x%T\257\037\333\004\344_/R\006E\344\037@\210\363\010\336T\226\247'\204_{\261\370""1\235\2445\343\033Y!\212\201\341\272\225'\007\201\031\245\030\314?\231l\302x\372@-\225\016\373\310\030\337u\341\265j'2F#>\245\360\3359\013\003""; }; requestCookie: 1; ","ledgerHash: ""\313\206R\331\304k\323u\263t\221\213yC\241\217A\242\027g\322\241'\212.E?B_\316\327\217""; ledgerSeq: 25; type: liBASE; nodes {;   nodedata: ""\000\000\000\031\001cEx]\211\377\330\334\331\315\254\230\rBG\314\023\246\244=\351\177\254\302b&\276+H;0\312\021&\275\036\237\350R\000\000\000\000\000\000\000\000\000\000\000\000\000\000\000\000\000\000\000\000\000\000\000\000\000\000\000\000\000\000\000\000\353\233y\005\275""\330aW\324\000\240\002\261\223J\2077\255!\344\024G\340G\352M\235\266H\222i/\351\252\373/\351\252\374\n\000""; }; nodes {;   nodedata: ""\323C\344\327\264{\312-\017:\006{\177\344N\002\326bO\260\220\006\033\362\345\005U\221DzJ0\001\301\025%1L\307\t\261\262z\374\222T\301\274V\236\223\262\270Ct\362\337b\356\024*\324\320\351\317\002k\336\234\027v\351\217\260\303\360\233ZPZWr\246$w\313\313\r\243r\232\2234\373\3539:N\004Q\245\272D\312D\300\300\t\323\0257\345e\271\na\215{\226\255x%T\257\037\333\004\344_/R\006E\344\037@\210\363\010\336T\226\247'\204_{\261\370""1\235\2445\343\033Y!\212\201\341\272\225'\007\201\031\245\030\314?\231l\302x\372@-\225\016\373\310\030\337u\341\265j'2F#>\245\360\3359\013\003""; }; requestCookie: 1; "
1750527615472,1750527615472,0,1,1,3,TMGetLedger,"itype: liBASE; ledgerHash: ""\313\206R\331\304k\323u\263t\221\213yC\241\217A\242\027g\322\241'\212.E?B_\316\327\217""; ledgerSeq: 25; requestCookie: 3; queryType: qtINDIRECT; ","itype: liBASE; ledgerHash: ""\313\206R\331\304k\323u\263t\221\213yC\241\217A\242\027g\322\241'\212.E?B_\316\327\217""; ledgerSeq: 25; requestCookie: 3; queryType: qtINDIRECT; "
1750527615472,1750527615473,0,1,1,4,TMLedgerData,"ledgerHash: ""\313\206R\331\304k\323u\263t\221\213yC\241\217A\242\027g\322\241'\212.E?B_\316\327\217""; ledgerSeq: 25; type: liBASE; nodes {;   nodedata: ""\000\000\000\031\001cEx]\211\377\330\334\331\315\254\230\rBG\314\023\246\244=\351\177\254\302b&\276+H;0\312\021&\275\036\237\350R\000\000\000\000\000\000\000\000\000\000\000\000\000\000\000\000\000\000\000\000\000\000\000\000\000\000\000\000\000\000\000\000\353\233y\005\275""\330aW\324\000\240\002\261\223J\2077\255!\344\024G\340G\352M\235\266H\222i/\351\252\373/\351\252\374\n\000""; }; nodes {;   nodedata: ""\323C\344\327\264{\312-\017:\006{\177\344N\002\326bO\260\220\006\033\362\345\005U\221DzJ0\001\301\025%1L\307\t\261\262z\374\222T\301\274V\236\223\262\270Ct\362\337b\356\024*\324\320\351\317\002k\336\234\027v\351\217\260\303\360\233ZPZWr\246$w\313\313\r\243r\232\2234\373\3539:N\004Q\245\272D\312D\300\300\t\323\0257\345e\271\na\215{\226\255x%T\257\037\333\004\344_/R\006E\344\037@\210\363\010\336T\226\247'\204_{\261\370""1\235\2445\343\033Y!\212\201\341\272\225'\007\201\031\245\030\314?\231l\302x\372@-\225\016\373\310\030\337u\341\265j'2F#>\245\360\3359\013\003""; }; ","ledgerHash: ""\313\206R\331\304k\323u\263t\221\213yC\241\217A\242\027g\322\241'\212.E?B_\316\327\217""; ledgerSeq: 25; type: liBASE; nodes {;   nodedata: ""\000\000\000\031\001cEx]\211\377\330\334\331\315\254\230\rBG\314\023\246\244=\351\177\254\302b&\276+H;0\312\021&\275\036\237\350R\000\000\000\000\000\000\000\000\000\000\000\000\000\000\000\000\000\000\000\000\000\000\000\000\000\000\000\000\000\000\000\000\353\233y\005\275""\330aW\324\000\240\002\261\223J\2077\255!\344\024G\340G\352M\235\266H\222i/\351\252\373/\351\252\374\n\000""; }; nodes {;   nodedata: ""\323C\344\327\264{\312-\017:\006{\177\344N\002\326bO\260\220\006\033\362\345\005U\221DzJ0\001\301\025%1L\307\t\261\262z\374\222T\301\274V\236\223\262\270Ct\362\337b\356\024*\324\320\351\317\002k\336\234\027v\351\217\260\303\360\233ZPZWr\246$w\313\313\r\243r\232\2234\373\3539:N\004Q\245\272D\312D\300\300\t\323\0257\345e\271\na\215{\226\255x%T\257\037\333\004\344_/R\006E\344\037@\210\363\010\336T\226\247'\204_{\261\370""1\235\2445\343\033Y!\212\201\341\272\225'\007\201\031\245\030\314?\231l\302x\372@-\225\016\373\310\030\337u\341\265j'2F#>\245\360\3359\013\003""; }; "
1750527615473,1750527615474,0,1,3,1,TMLedgerData,"ledgerHash: ""\313\206R\331\304k\323u\263t\221\213yC\241\217A\242\027g\322\241'\212.E?B_\316\327\217""; ledgerSeq: 25; type: liBASE; nodes {;   nodedata: ""\000\000\000\031\001cEx]\211\377\330\334\331\315\254\230\rBG\314\023\246\244=\351\177\254\302b&\276+H;0\312\021&\275\036\237\350R\000\000\000\000\000\000\000\000\000\000\000\000\000\000\000\000\000\000\000\000\000\000\000\000\000\000\000\000\000\000\000\000\353\233y\005\275""\330aW\324\000\240\002\261\223J\2077\255!\344\024G\340G\352M\235\266H\222i/\351\252\373/\351\252\374\n\000""; }; nodes {;   nodedata: ""\323C\344\327\264{\312-\017:\006{\177\344N\002\326bO\260\220\006\033\362\345\005U\221DzJ0\001\301\025%1L\307\t\261\262z\374\222T\301\274V\236\223\262\270Ct\362\337b\356\024*\324\320\351\317\002k\336\234\027v\351\217\260\303\360\233ZPZWr\246$w\313\313\r\243r\232\2234\373\3539:N\004Q\245\272D\312D\300\300\t\323\0257\345e\271\na\215{\226\255x%T\257\037\333\004\344_/R\006E\344\037@\210\363\010\336T\226\247'\204_{\261\370""1\235\2445\343\033Y!\212\201\341\272\225'\007\201\031\245\030\314?\231l\302x\372@-\225\016\373\310\030\337u\341\265j'2F#>\245\360\3359\013\003""; }; requestCookie: 2; ","ledgerHash: ""\313\206R\331\304k\323u\263t\221\213yC\241\217A\242\027g\322\241'\212.E?B_\316\327\217""; ledgerSeq: 25; type: liBASE; nodes {;   nodedata: ""\000\000\000\031\001cEx]\211\377\330\334\331\315\254\230\rBG\314\023\246\244=\351\177\254\302b&\276+H;0\312\021&\275\036\237\350R\000\000\000\000\000\000\000\000\000\000\000\000\000\000\000\000\000\000\000\000\000\000\000\000\000\000\000\000\000\000\000\000\353\233y\005\275""\330aW\324\000\240\002\261\223J\2077\255!\344\024G\340G\352M\235\266H\222i/\351\252\373/\351\252\374\n\000""; }; nodes {;   nodedata: ""\323C\344\327\264{\312-\017:\006{\177\344N\002\326bO\260\220\006\033\362\345\005U\221DzJ0\001\301\025%1L\307\t\261\262z\374\222T\301\274V\236\223\262\270Ct\362\337b\356\024*\324\320\351\317\002k\336\234\027v\351\217\260\303\360\233ZPZWr\246$w\313\313\r\243r\232\2234\373\3539:N\004Q\245\272D\312D\300\300\t\323\0257\345e\271\na\215{\226\255x%T\257\037\333\004\344_/R\006E\344\037@\210\363\010\336T\226\247'\204_{\261\370""1\235\2445\343\033Y!\212\201\341\272\225'\007\201\031\245\030\314?\231l\302x\372@-\225\016\373\310\030\337u\341\265j'2F#>\245\360\3359\013\003""; }; requestCookie: 2; "
1750527615474,1750527615474,0,1,4,1,TMLedgerData,"ledgerHash: ""\313\206R\331\304k\323u\263t\221\213yC\241\217A\242\027g\322\241'\212.E?B_\316\327\217""; ledgerSeq: 25; type: liBASE; nodes {;   nodedata: ""\000\000\000\031\001cEx]\211\377\330\334\331\315\254\230\rBG\314\023\246\244=\351\177\254\302b&\276+H;0\312\021&\275\036\237\350R\000\000\000\000\000\000\000\000\000\000\000\000\000\000\000\000\000\000\000\000\000\000\000\000\000\000\000\000\000\000\000\000\353\233y\005\275""\330aW\324\000\240\002\261\223J\2077\255!\344\024G\340G\352M\235\266H\222i/\351\252\373/\351\252\374\n\000""; }; nodes {;   nodedata: ""\323C\344\327\264{\312-\017:\006{\177\344N\002\326bO\260\220\006\033\362\345\005U\221DzJ0\001\301\025%1L\307\t\261\262z\374\222T\301\274V\236\223\262\270Ct\362\337b\356\024*\324\320\351\317\002k\336\234\027v\351\217\260\303\360\233ZPZWr\246$w\313\313\r\243r\232\2234\373\3539:N\004Q\245\272D\312D\300\300\t\323\0257\345e\271\na\215{\226\255x%T\257\037\333\004\344_/R\006E\344\037@\210\363\010\336T\226\247'\204_{\261\370""1\235\2445\343\033Y!\212\201\341\272\225'\007\201\031\245\030\314?\231l\302x\372@-\225\016\373\310\030\337u\341\265j'2F#>\245\360\3359\013\003""; }; ","ledgerHash: ""\313\206R\331\304k\323u\263t\221\213yC\241\217A\242\027g\322\241'\212.E?B_\316\327\217""; ledgerSeq: 25; type: liBASE; nodes {;   nodedata: ""\000\000\000\031\001cEx]\211\377\330\334\331\315\254\230\rBG\314\023\246\244=\351\177\254\302b&\276+H;0\312\021&\275\036\237\350R\000\000\000\000\000\000\000\000\000\000\000\000\000\000\000\000\000\000\000\000\000\000\000\000\000\000\000\000\000\000\000\000\353\233y\005\275""\330aW\324\000\240\002\261\223J\2077\255!\344\024G\340G\352M\235\266H\222i/\351\252\373/\351\252\374\n\000""; }; nodes {;   nodedata: ""\323C\344\327\264{\312-\017:\006{\177\344N\002\326bO\260\220\006\033\362\345\005U\221DzJ0\001\301\025%1L\307\t\261\262z\374\222T\301\274V\236\223\262\270Ct\362\337b\356\024*\324\320\351\317\002k\336\234\027v\351\217\260\303\360\233ZPZWr\246$w\313\313\r\243r\232\2234\373\3539:N\004Q\245\272D\312D\300\300\t\323\0257\345e\271\na\215{\226\255x%T\257\037\333\004\344_/R\006E\344\037@\210\363\010\336T\226\247'\204_{\261\370""1\235\2445\343\033Y!\212\201\341\272\225'\007\201\031\245\030\314?\231l\302x\372@-\225\016\373\310\030\337u\341\265j'2F#>\245\360\3359\013\003""; }; "
1750527615475,1750527615475,0,1,3,1,TMLedgerData,"ledgerHash: ""\313\206R\331\304k\323u\263t\221\213yC\241\217A\242\027g\322\241'\212.E?B_\316\327\217""; ledgerSeq: 25; type: liAS_NODE; nodes {;   nodedata: ""\021\000h""\000\000\000\000 \033\000\000\000\030\002\023\303_\330\356GuH\375\327!\255\371\r\231\262R\256J\034\222\241\355X\265E\241^W\225\304\014\361CX-}\351f\032\255\274\334m\326c\017\014ao[\342\230\003\245\245\3341Hm\326^\017jy\335\261\032Yt\320\244{g\0306\\302\303*\341\215\223\257\364\277o\375\000r\241SOq\221\253\262\005\017\375T\356\014\360o'\030\311-\267\031\257!\031T\006><\315XM\334\324\345\034\000\325\367\240\271\013\265\024\321\362\354\211\250.\234s\225amc\305\035\366\276\037nD\277`\210\223N\3535\033\261\304f\331]\036\237\306o!\223\221\002\324\031\262\240R\177 ,\214\325\Q])\016\2067\277\t\354\010\000\360\215\2502\265\245\310\226\243c\302Ze\306\253#r\020\211\320iG\276\020E\317\035Sf\223F\254\033@\177e\277\016\010u\327\371&\262\312\317Q\2361t\377x\234\001v\003%\030\325_\225g\204\346a=\225\273\331\354\365*U\363\263N\367b\371\244\314-w\363\262\225Z\200\206\235\233\257?sE\2674\254\326mU\377?\177Ek\336\030!\316Aa\225\303\022\377{\210Y\226\271as\354L\035\004\341\361\035\301\024\220m#*\372\032\3178~\374\250\014*\323\342'z69\220\327\256\351G\367\317u\302\207\270b\315\333\333\334\310I\323&\014\352XZnW2.\335\347\202\021\247\362\212e\034\000\001\250\220\305;a\314\265R\310\017\317\331\235\360\262\240:\277\202\266\354\265X""\022\nh\252\352w\204\203\023]\001f\352\277\0031Q]\362\370R\350{\261\202\240\344\215\201\353\276\322p5p\350\354\017>\250r\241c\273\016\301\024\363\242\247\263\231\370\344\nBW\220K\316@3\243\200\036wk\253GSlU\010\360\231>\331\263H\214\324\030A\225\301o\346pkSF\004\241\213w9\223=\250\262*+\255\351r\265\244c\024\213\t\007`\223\325#\3477\210\345P\306\013\320\252[\0216+\227=`\371P\314\346 V7\271[~\n\237\274|\347\352@K\253~&\260\032\024\004B\200\255h\351\013\361\031:nG\211\005|\2003\266\274\251,W\006u\344\335d\003\306\212\313,\340\350bG\n\030Z\2732-\246\312\255\030\003\235207\005}D\260\0261ah\322M\304\216\273m0\271\234\237\007<w$\265C\245\232\033\023\313c\321B\032l\301h\005\320\252\301\361(\330[\343\357\343{\235\n\266g\272>\177\317\347\261qb&\270&\346ju\200\363N\320\307\004\034\001n\317\361\2653\254\2503\247\305\372\316W\022O\253x\250\025\373\247\354Tc\304\263\243^\352Gv\\264\261\r\035\226\306\2411\351\233\203\215\200$\231\300f\220\371c@\017\254\363\\371\340\340VaR\205~^\226\342t\360\022\204d\231\205)\272\364?\361!\334\331\315\254\230\rBG\314\023\246\244=\351\177\254\302b&\276+H;0\312\021&\275\036\237\350R\264\227\2326\315\307\363\323\325\303\032N\256*\307\327 \235\332\207u\210\271\257\306g\231i*\260\326k\001"";   nodeid: ""\260\000\000\000\000\000\000\000\000\000\000\000\000\000\000\000\000\000\000\000\000\000\000\000\000\000\000\000\000\000\000\000\001""; }; ","ledgerHash: ""\313\206R\331\304k\323u\263t\221\213yC\241\217A\242\027g\322\241'\212.E?B_\316\327\217""; ledgerSeq: 25; type: liAS_NODE; nodes {;   nodedata: ""\021\000h""\000\000\000\000 \033\000\000\000\030\002\023\303_\330\356GuH\375\327!\255\371\r\231\262R\256J\034\222\241\355X\265E\241^W\225\304\014\361CX-}\351f\032\255\274\334m\326c\017\014ao[\342\230\003\245\245\3341Hm\326^\017jy\335\261\032Yt\320\244{g\0306\\302\303*\341\215\223\257\364\277o\375\000r\241SOq\221\253\262\005\017\375T\356\014\360o'\030\311-\267\031\257!\031T\006><\315XM\334\324\345\034\000\325\367\240\271\013\265\024\321\362\354\211\250.\234s\225amc\305\035\366\276\037nD\277`\210\223N\3535\033\261\304f\331]\036\237\306o!\223\221\002\324\031\262\240R\177 ,\214\325\Q])\016\2067\277\t\354\010\000\360\215\2502\265\245\310\226\243c\302Ze\306\253#r\020\211\320iG\276\020E\317\035Sf\223F\254\033@\177e\277\016\010u\327\371&\262\312\317Q\2361t\377x\234\001v\003%\030\325_\225g\204\346a=\225\273\331\354\365*U\363\263N\367b\371\244\314-w\363\262\225Z\200\206\235\233\257?sE\2674\254\326mU\377?\177Ek\336\030!\316Aa\225\303\022\377{\210Y\226\271as\354L\035\004\341\361\035\301\024\220m#*\372\032\3178~\374\250\014*\323\342'z69\220\327\256\351G\367\317u\302\207\270b\315\333\333\334\310I\323&\014\352XZnW2.\335\347\202\021\247\362\212e\034\000\001\250\220\305;a\314\265R\310\017\317\331\235\360\262\240:\277\202\266\354\265X""\022\nh\252\352w\204\203\023]\001f\352\277\0031Q]\362\370R\350{\261\202\240\344\215\201\353\276\322p5p\350\354\017>\250r\241c\273\016\301\024\363\242\247\263\231\370\344\nBW\220K\316@3\243\200\036wk\253GSlU\010\360\231>\331\263H\214\324\030A\225\301o\346pkSF\004\241\213w9\223=\250\262*+\255\351r\265\244c\024\213\t\007`\223\325#\3477\210\345P\306\013\320\252[\0216+\227=`\371P\314\346 V7\271[~\n\237\274|\347\352@K\253~&\260\032\024\004B\200\255h\351\013\361\031:nG\211\005|\2003\266\274\251,W\006u\344\335d\003\306\212\313,\340\350bG\n\030Z\2732-\246\312\255\030\003\235207\005}D\260\0261ah\322M\304\216\273m0\271\234\237\007<w$\265C\245\232\033\023\313c\321B\032l\301h\005\320\252\301\361(\330[\343\357\343{\235\n\266g\272>\177\317\347\261qb&\270&\346ju\200\363N\320\307\004\034\001n\317\361\2653\254\2503\247\305\372\316W\022O\253x\250\025\373\247\354Tc\304\263\243^\352Gv\\264\261\r\035\226\306\2411\351\233\203\215\200$\231\300f\220\371c@\017\254\363\\371\340\340VaR\205~^\226\342t\360\022\204d\231\205)\272\364?\361!\334\331\315\254\230\rBG\314\023\246\244=\351\177\254\302b&\276+H;0\312\021&\275\036\237\350R\264\227\2326\315\307\363\323\325\303\032N\256*\307\327 \235\332\207u\210\271\257\306g\231i*\260\326k\001"";   nodeid: ""\260\000\000\000\000\000\000\000\000\000\000\000\000\000\000\000\000\000\000\000\000\000\000\000\000\000\000\000\000\000\000\000\001""; }; "
1750527615475,1750527615475,0,1,2,3,TMGetLedger,"itype: liBASE; ledgerHash: ""\313\206R\331\304k\323u\263t\221\213yC\241\217A\242\027g\322\241'\212.E?B_\316\327\217""; ledgerSeq: 25; requestCookie: 2; queryType: qtINDIRECT; ","itype: liBASE; ledgerHash: ""\313\206R\331\304k\323u\263t\221\213yC\241\217A\242\027g\322\241'\212.E?B_\316\327\217""; ledgerSeq: 25; requestCookie: 2; queryType: qtINDIRECT; "
1750527615476,1750527615476,0,1,2,3,TMGetLedger,"itype: liAS_NODE; ledgerHash: ""\313\206R\331\304k\323u\263t\221\213yC\241\217A\242\027g\322\241'\212.E?B_\316\327\217""; ledgerSeq: 25; nodeIDs: ""\260\000\000\000\000\000\000\000\000\000\000\000\000\000\000\000\000\000\000\000\000\000\000\000\000\000\000\000\000\000\000\000\001""; queryType: qtINDIRECT; queryDepth: 1; ","itype: liAS_NODE; ledgerHash: ""\313\206R\331\304k\323u\263t\221\213yC\241\217A\242\027g\322\241'\212.E?B_\316\327\217""; ledgerSeq: 25; nodeIDs: ""\260\000\000\000\000\000\000\000\000\000\000\000\000\000\000\000\000\000\000\000\000\000\000\000\000\000\000\000\000\000\000\000\001""; queryType: qtINDIRECT; queryDepth: 1; "
1750527615476,1750527615476,0,1,2,1,TMLedgerData,"ledgerHash: ""\313\206R\331\304k\323u\263t\221\213yC\241\217A\242\027g\322\241'\212.E?B_\316\327\217""; ledgerSeq: 25; type: liBASE; nodes {;   nodedata: ""\000\000\000\031\001cEx]\211\377\330\334\331\315\254\230\rBG\314\023\246\244=\351\177\254\302b&\276+H;0\312\021&\275\036\237\350R\000\000\000\000\000\000\000\000\000\000\000\000\000\000\000\000\000\000\000\000\000\000\000\000\000\000\000\000\000\000\000\000\353\233y\005\275""\330aW\324\000\240\002\261\223J\2077\255!\344\024G\340G\352M\235\266H\222i/\351\252\373/\351\252\374\n\000""; }; nodes {;   nodedata: ""\323C\344\327\264{\312-\017:\006{\177\344N\002\326bO\260\220\006\033\362\345\005U\221DzJ0\001\301\025%1L\307\t\261\262z\374\222T\301\274V\236\223\262\270Ct\362\337b\356\024*\324\320\351\317\002k\336\234\027v\351\217\260\303\360\233ZPZWr\246$w\313\313\r\243r\232\2234\373\3539:N\004Q\245\272D\312D\300\300\t\323\0257\345e\271\na\215{\226\255x%T\257\037\333\004\344_/R\006E\344\037@\210\363\010\336T\226\247'\204_{\261\370""1\235\2445\343\033Y!\212\201\341\272\225'\007\201\031\245\030\314?\231l\302x\372@-\225\016\373\310\030\337u\341\265j'2F#>\245\360\3359\013\003""; }; ","ledgerHash: ""\313\206R\331\304k\323u\263t\221\213yC\241\217A\242\027g\322\241'\212.E?B_\316\327\217""; ledgerSeq: 25; type: liBASE; nodes {;   nodedata: ""\000\000\000\031\001cEx]\211\377\330\334\331\315\254\230\rBG\314\023\246\244=\351\177\254\302b&\276+H;0\312\021&\275\036\237\350R\000\000\000\000\000\000\000\000\000\000\000\000\000\000\000\000\000\000\000\000\000\000\000\000\000\000\000\000\000\000\000\000\353\233y\005\275""\330aW\324\000\240\002\261\223J\2077\255!\344\024G\340G\352M\235\266H\222i/\351\252\373/\351\252\374\n\000""; }; nodes {;   nodedata: ""\323C\344\327\264{\312-\017:\006{\177\344N\002\326bO\260\220\006\033\362\345\005U\221DzJ0\001\301\025%1L\307\t\261\262z\374\222T\301\274V\236\223\262\270Ct\362\337b\356\024*\324\320\351\317\002k\336\234\027v\351\217\260\303\360\233ZPZWr\246$w\313\313\r\243r\232\2234\373\3539:N\004Q\245\272D\312D\300\300\t\323\0257\345e\271\na\215{\226\255x%T\257\037\333\004\344_/R\006E\344\037@\210\363\010\336T\226\247'\204_{\261\370""1\235\2445\343\033Y!\212\201\341\272\225'\007\201\031\245\030\314?\231l\302x\372@-\225\016\373\310\030\337u\341\265j'2F#>\245\360\3359\013\003""; }; "
1750527615477,1750527615477,0,1,4,2,TMLedgerData,"ledgerHash: ""\313\206R\331\304k\323u\263t\221\213yC\241\217A\242\027g\322\241'\212.E?B_\316\327\217""; ledgerSeq: 25; type: liBASE; nodes {;   nodedata: ""\000\000\000\031\001cEx]\211\377\330\334\331\315\254\230\rBG\314\023\246\244=\351\177\254\302b&\276+H;0\312\021&\275\036\237\350R\000\000\000\000\000\000\000\000\000\000\000\000\000\000\000\000\000\000\000\000\000\000\000\000\000\000\000\000\000\000\000\000\353\233y\005\275""\330aW\324\000\240\002\261\223J\2077\255!\344\024G\340G\352M\235\266H\222i/\351\252\373/\351\252\374\n\000""; }; nodes {;   nodedata: ""\323C\344\327\264{\312-\017:\006{\177\344N\002\326bO\260\220\006\033\362\345\005U\221DzJ0\001\301\025%1L\307\t\261\262z\374\222T\301\274V\236\223\262\270Ct\362\337b\356\024*\324\320\351\317\002k\336\234\027v\351\217\260\303\360\233ZPZWr\246$w\313\313\r\243r\232\2234\373\3539:N\004Q\245\272D\312D\300\300\t\323\0257\345e\271\na\215{\226\255x%T\257\037\333\004\344_/R\006E\344\037@\210\363\010\336T\226\247'\204_{\261\370""1\235\2445\343\033Y!\212\201\341\272\225'\007\201\031\245\030\314?\231l\302x\372@-\225\016\373\310\030\337u\341\265j'2F#>\245\360\3359\013\003""; }; ","ledgerHash: ""\313\206R\331\304k\323u\263t\221\213yC\241\217A\242\027g\322\241'\212.E?B_\316\327\217""; ledgerSeq: 25; type: liBASE; nodes {;   nodedata: ""\000\000\000\031\001cEx]\211\377\330\334\331\315\254\230\rBG\314\023\246\244=\351\177\254\302b&\276+H;0\312\021&\275\036\237\350R\000\000\000\000\000\000\000\000\000\000\000\000\000\000\000\000\000\000\000\000\000\000\000\000\000\000\000\000\000\000\000\000\353\233y\005\275""\330aW\324\000\240\002\261\223J\2077\255!\344\024G\340G\352M\235\266H\222i/\351\252\373/\351\252\374\n\000""; }; nodes {;   nodedata: ""\323C\344\327\264{\312-\017:\006{\177\344N\002\326bO\260\220\006\033\362\345\005U\221DzJ0\001\301\025%1L\307\t\261\262z\374\222T\301\274V\236\223\262\270Ct\362\337b\356\024*\324\320\351\317\002k\336\234\027v\351\217\260\303\360\233ZPZWr\246$w\313\313\r\243r\232\2234\373\3539:N\004Q\245\272D\312D\300\300\t\323\0257\345e\271\na\215{\226\255x%T\257\037\333\004\344_/R\006E\344\037@\210\363\010\336T\226\247'\204_{\261\370""1\235\2445\343\033Y!\212\201\341\272\225'\007\201\031\245\030\314?\231l\302x\372@-\225\016\373\310\030\337u\341\265j'2F#>\245\360\3359\013\003""; }; "
1750527615477,1750527615477,0,1,0,3,TMGetLedger,"itype: liBASE; ledgerHash: ""\313\206R\331\304k\323u\263t\221\213yC\241\217A\242\027g\322\241'\212.E?B_\316\327\217""; ledgerSeq: 25; requestCookie: 3; queryType: qtINDIRECT; ","itype: liBASE; ledgerHash: ""\313\206R\331\304k\323u\263t\221\213yC\241\217A\242\027g\322\241'\212.E?B_\316\327\217""; ledgerSeq: 25; requestCookie: 3; queryType: qtINDIRECT; "
1750527615477,1750527615477,0,1,0,3,TMGetLedger,"itype: liAS_NODE; ledgerHash: ""\313\206R\331\304k\323u\263t\221\213yC\241\217A\242\027g\322\241'\212.E?B_\316\327\217""; ledgerSeq: 25; nodeIDs: ""\260\000\000\000\000\000\000\000\000\000\000\000\000\000\000\000\000\000\000\000\000\000\000\000\000\000\000\000\000\000\000\000\001""; queryType: qtINDIRECT; queryDepth: 1; ","itype: liAS_NODE; ledgerHash: ""\313\206R\331\304k\323u\263t\221\213yC\241\217A\242\027g\322\241'\212.E?B_\316\327\217""; ledgerSeq: 25; nodeIDs: ""\260\000\000\000\000\000\000\000\000\000\000\000\000\000\000\000\000\000\000\000\000\000\000\000\000\000\000\000\000\000\000\000\001""; queryType: qtINDIRECT; queryDepth: 1; "
1750527615478,1750527615478,0,1,0,4,TMLedgerData,"ledgerHash: ""\313\206R\331\304k\323u\263t\221\213yC\241\217A\242\027g\322\241'\212.E?B_\316\327\217""; ledgerSeq: 25; type: liBASE; nodes {;   nodedata: ""\000\000\000\031\001cEx]\211\377\330\334\331\315\254\230\rBG\314\023\246\244=\351\177\254\302b&\276+H;0\312\021&\275\036\237\350R\000\000\000\000\000\000\000\000\000\000\000\000\000\000\000\000\000\000\000\000\000\000\000\000\000\000\000\000\000\000\000\000\353\233y\005\275""\330aW\324\000\240\002\261\223J\2077\255!\344\024G\340G\352M\235\266H\222i/\351\252\373/\351\252\374\n\000""; }; nodes {;   nodedata: ""\323C\344\327\264{\312-\017:\006{\177\344N\002\326bO\260\220\006\033\362\345\005U\221DzJ0\001\301\025%1L\307\t\261\262z\374\222T\301\274V\236\223\262\270Ct\362\337b\356\024*\324\320\351\317\002k\336\234\027v\351\217\260\303\360\233ZPZWr\246$w\313\313\r\243r\232\2234\373\3539:N\004Q\245\272D\312D\300\300\t\323\0257\345e\271\na\215{\226\255x%T\257\037\333\004\344_/R\006E\344\037@\210\363\010\336T\226\247'\204_{\261\370""1\235\2445\343\033Y!\212\201\341\272\225'\007\201\031\245\030\314?\231l\302x\372@-\225\016\373\310\030\337u\341\265j'2F#>\245\360\3359\013\003""; }; ","ledgerHash: ""\313\206R\331\304k\323u\263t\221\213yC\241\217A\242\027g\322\241'\212.E?B_\316\327\217""; ledgerSeq: 25; type: liBASE; nodes {;   nodedata: ""\000\000\000\031\001cEx]\211\377\330\334\331\315\254\230\rBG\314\023\246\244=\351\177\254\302b&\276+H;0\312\021&\275\036\237\350R\000\000\000\000\000\000\000\000\000\000\000\000\000\000\000\000\000\000\000\000\000\000\000\000\000\000\000\000\000\000\000\000\353\233y\005\275""\330aW\324\000\240\002\261\223J\2077\255!\344\024G\340G\352M\235\266H\222i/\351\252\373/\351\252\374\n\000""; }; nodes {;   nodedata: ""\323C\344\327\264{\312-\017:\006{\177\344N\002\326bO\260\220\006\033\362\345\005U\221DzJ0\001\301\025%1L\307\t\261\262z\374\222T\301\274V\236\223\262\270Ct\362\337b\356\024*\324\320\351\317\002k\336\234\027v\351\217\260\303\360\233ZPZWr\246$w\313\313\r\243r\232\2234\373\3539:N\004Q\245\272D\312D\300\300\t\323\0257\345e\271\na\215{\226\255x%T\257\037\333\004\344_/R\006E\344\037@\210\363\010\336T\226\247'\204_{\261\370""1\235\2445\343\033Y!\212\201\341\272\225'\007\201\031\245\030\314?\231l\302x\372@-\225\016\373\310\030\337u\341\265j'2F#>\245\360\3359\013\003""; }; "
1750527615478,1750527615479,0,1,0,1,TMLedgerData,"ledgerHash: ""\313\206R\331\304k\323u\263t\221\213yC\241\217A\242\027g\322\241'\212.E?B_\316\327\217""; ledgerSeq: 25; type: liBASE; nodes {;   nodedata: ""\000\000\000\031\001cEx]\211\377\330\334\331\315\254\230\rBG\314\023\246\244=\351\177\254\302b&\276+H;0\312\021&\275\036\237\350R\000\000\000\000\000\000\000\000\000\000\000\000\000\000\000\000\000\000\000\000\000\000\000\000\000\000\000\000\000\000\000\000\353\233y\005\275""\330aW\324\000\240\002\261\223J\2077\255!\344\024G\340G\352M\235\266H\222i/\351\252\373/\351\252\374\n\000""; }; nodes {;   nodedata: ""\323C\344\327\264{\312-\017:\006{\177\344N\002\326bO\260\220\006\033\362\345\005U\221DzJ0\001\301\025%1L\307\t\261\262z\374\222T\301\274V\236\223\262\270Ct\362\337b\356\024*\324\320\351\317\002k\336\234\027v\351\217\260\303\360\233ZPZWr\246$w\313\313\r\243r\232\2234\373\3539:N\004Q\245\272D\312D\300\300\t\323\0257\345e\271\na\215{\226\255x%T\257\037\333\004\344_/R\006E\344\037@\210\363\010\336T\226\247'\204_{\261\370""1\235\2445\343\033Y!\212\201\341\272\225'\007\201\031\245\030\314?\231l\302x\372@-\225\016\373\310\030\337u\341\265j'2F#>\245\360\3359\013\003""; }; ","ledgerHash: ""\313\206R\331\304k\323u\263t\221\213yC\241\217A\242\027g\322\241'\212.E?B_\316\327\217""; ledgerSeq: 25; type: liBASE; nodes {;   nodedata: ""\000\000\000\031\001cEx]\211\377\330\334\331\315\254\230\rBG\314\023\246\244=\351\177\254\302b&\276+H;0\312\021&\275\036\237\350R\000\000\000\000\000\000\000\000\000\000\000\000\000\000\000\000\000\000\000\000\000\000\000\000\000\000\000\000\000\000\000\000\353\233y\005\275""\330aW\324\000\240\002\261\223J\2077\255!\344\024G\340G\352M\235\266H\222i/\351\252\373/\351\252\374\n\000""; }; nodes {;   nodedata: ""\323C\344\327\264{\312-\017:\006{\177\344N\002\326bO\260\220\006\033\362\345\005U\221DzJ0\001\301\025%1L\307\t\261\262z\374\222T\301\274V\236\223\262\270Ct\362\337b\356\024*\324\320\351\317\002k\336\234\027v\351\217\260\303\360\233ZPZWr\246$w\313\313\r\243r\232\2234\373\3539:N\004Q\245\272D\312D\300\300\t\323\0257\345e\271\na\215{\226\255x%T\257\037\333\004\344_/R\006E\344\037@\210\363\010\336T\226\247'\204_{\261\370""1\235\2445\343\033Y!\212\201\341\272\225'\007\201\031\245\030\314?\231l\302x\372@-\225\016\373\310\030\337u\341\265j'2F#>\245\360\3359\013\003""; }; "
1750527615479,1750527615479,0,1,4,0,TMLedgerData,"ledgerHash: ""\313\206R\331\304k\323u\263t\221\213yC\241\217A\242\027g\322\241'\212.E?B_\316\327\217""; ledgerSeq: 25; type: liBASE; nodes {;   nodedata: ""\000\000\000\031\001cEx]\211\377\330\334\331\315\254\230\rBG\314\023\246\244=\351\177\254\302b&\276+H;0\312\021&\275\036\237\350R\000\000\000\000\000\000\000\000\000\000\000\000\000\000\000\000\000\000\000\000\000\000\000\000\000\000\000\000\000\000\000\000\353\233y\005\275""\330aW\324\000\240\002\261\223J\2077\255!\344\024G\340G\352M\235\266H\222i/\351\252\373/\351\252\374\n\000""; }; nodes {;   nodedata: ""\323C\344\327\264{\312-\017:\006{\177\344N\002\326bO\260\220\006\033\362\345\005U\221DzJ0\001\301\025%1L\307\t\261\262z\374\222T\301\274V\236\223\262\270Ct\362\337b\356\024*\324\320\351\317\002k\336\234\027v\351\217\260\303\360\233ZPZWr\246$w\313\313\r\243r\232\2234\373\3539:N\004Q\245\272D\312D\300\300\t\323\0257\345e\271\na\215{\226\255x%T\257\037\333\004\344_/R\006E\344\037@\210\363\010\336T\226\247'\204_{\261\370""1\235\2445\343\033Y!\212\201\341\272\225'\007\201\031\245\030\314?\231l\302x\372@-\225\016\373\310\030\337u\341\265j'2F#>\245\360\3359\013\003""; }; ","ledgerHash: ""\313\206R\331\304k\323u\263t\221\213yC\241\217A\242\027g\322\241'\212.E?B_\316\327\217""; ledgerSeq: 25; type: liBASE; nodes {;   nodedata: ""\000\000\000\031\001cEx]\211\377\330\334\331\315\254\230\rBG\314\023\246\244=\351\177\254\302b&\276+H;0\312\021&\275\036\237\350R\000\000\000\000\000\000\000\000\000\000\000\000\000\000\000\000\000\000\000\000\000\000\000\000\000\000\000\000\000\000\000\000\353\233y\005\275""\330aW\324\000\240\002\261\223J\2077\255!\344\024G\340G\352M\235\266H\222i/\351\252\373/\351\252\374\n\000""; }; nodes {;   nodedata: ""\323C\344\327\264{\312-\017:\006{\177\344N\002\326bO\260\220\006\033\362\345\005U\221DzJ0\001\301\025%1L\307\t\261\262z\374\222T\301\274V\236\223\262\270Ct\362\337b\356\024*\324\320\351\317\002k\336\234\027v\351\217\260\303\360\233ZPZWr\246$w\313\313\r\243r\232\2234\373\3539:N\004Q\245\272D\312D\300\300\t\323\0257\345e\271\na\215{\226\255x%T\257\037\333\004\344_/R\006E\344\037@\210\363\010\336T\226\247'\204_{\261\370""1\235\2445\343\033Y!\212\201\341\272\225'\007\201\031\245\030\314?\231l\302x\372@-\225\016\373\310\030\337u\341\265j'2F#>\245\360\3359\013\003""; }; "
1750527615479,1750527615480,0,1,3,1,TMLedgerData,"ledgerHash: ""\313\206R\331\304k\323u\263t\221\213yC\241\217A\242\027g\322\241'\212.E?B_\316\327\217""; ledgerSeq: 25; type: liBASE; nodes {;   nodedata: ""\000\000\000\031\001cEx]\211\377\330\334\331\315\254\230\rBG\314\023\246\244=\351\177\254\302b&\276+H;0\312\021&\275\036\237\350R\000\000\000\000\000\000\000\000\000\000\000\000\000\000\000\000\000\000\000\000\000\000\000\000\000\000\000\000\000\000\000\000\353\233y\005\275""\330aW\324\000\240\002\261\223J\2077\255!\344\024G\340G\352M\235\266H\222i/\351\252\373/\351\252\374\n\000""; }; nodes {;   nodedata: ""\323C\344\327\264{\312-\017:\006{\177\344N\002\326bO\260\220\006\033\362\345\005U\221DzJ0\001\301\025%1L\307\t\261\262z\374\222T\301\274V\236\223\262\270Ct\362\337b\356\024*\324\320\351\317\002k\336\234\027v\351\217\260\303\360\233ZPZWr\246$w\313\313\r\243r\232\2234\373\3539:N\004Q\245\272D\312D\300\300\t\323\0257\345e\271\na\215{\226\255x%T\257\037\333\004\344_/R\006E\344\037@\210\363\010\336T\226\247'\204_{\261\370""1\235\2445\343\033Y!\212\201\341\272\225'\007\201\031\245\030\314?\231l\302x\372@-\225\016\373\310\030\337u\341\265j'2F#>\245\360\3359\013\003""; }; requestCookie: 3; ","ledgerHash: ""\313\206R\331\304k\323u\263t\221\213yC\241\217A\242\027g\322\241'\212.E?B_\316\327\217""; ledgerSeq: 25; type: liBASE; nodes {;   nodedata: ""\000\000\000\031\001cEx]\211\377\330\334\331\315\254\230\rBG\314\023\246\244=\351\177\254\302b&\276+H;0\312\021&\275\036\237\350R\000\000\000\000\000\000\000\000\000\000\000\000\000\000\000\000\000\000\000\000\000\000\000\000\000\000\000\000\000\000\000\000\353\233y\005\275""\330aW\324\000\240\002\261\223J\2077\255!\344\024G\340G\352M\235\266H\222i/\351\252\373/\351\252\374\n\000""; }; nodes {;   nodedata: ""\323C\344\327\264{\312-\017:\006{\177\344N\002\326bO\260\220\006\033\362\345\005U\221DzJ0\001\301\025%1L\307\t\261\262z\374\222T\301\274V\236\223\262\270Ct\362\337b\356\024*\324\320\351\317\002k\336\234\027v\351\217\260\303\360\233ZPZWr\246$w\313\313\r\243r\232\2234\373\3539:N\004Q\245\272D\312D\300\300\t\323\0257\345e\271\na\215{\226\255x%T\257\037\333\004\344_/R\006E\344\037@\210\363\010\336T\226\247'\204_{\261\370""1\235\2445\343\033Y!\212\201\341\272\225'\007\201\031\245\030\314?\231l\302x\372@-\225\016\373\310\030\337u\341\265j'2F#>\245\360\3359\013\003""; }; requestCookie: 3; "
1750527615480,1750527615480,0,1,1,0,TMLedgerData,"ledgerHash: ""\313\206R\331\304k\323u\263t\221\213yC\241\217A\242\027g\322\241'\212.E?B_\316\327\217""; ledgerSeq: 25; type: liBASE; nodes {;   nodedata: ""\000\000\000\031\001cEx]\211\377\330\334\331\315\254\230\rBG\314\023\246\244=\351\177\254\302b&\276+H;0\312\021&\275\036\237\350R\000\000\000\000\000\000\000\000\000\000\000\000\000\000\000\000\000\000\000\000\000\000\000\000\000\000\000\000\000\000\000\000\353\233y\005\275""\330aW\324\000\240\002\261\223J\2077\255!\344\024G\340G\352M\235\266H\222i/\351\252\373/\351\252\374\n\000""; }; nodes {;   nodedata: ""\323C\344\327\264{\312-\017:\006{\177\344N\002\326bO\260\220\006\033\362\345\005U\221DzJ0\001\301\025%1L\307\t\261\262z\374\222T\301\274V\236\223\262\270Ct\362\337b\356\024*\324\320\351\317\002k\336\234\027v\351\217\260\303\360\233ZPZWr\246$w\313\313\r\243r\232\2234\373\3539:N\004Q\245\272D\312D\300\300\t\323\0257\345e\271\na\215{\226\255x%T\257\037\333\004\344_/R\006E\344\037@\210\363\010\336T\226\247'\204_{\261\370""1\235\2445\343\033Y!\212\201\341\272\225'\007\201\031\245\030\314?\231l\302x\372@-\225\016\373\310\030\337u\341\265j'2F#>\245\360\3359\013\003""; }; ","ledgerHash: ""\313\206R\331\304k\323u\263t\221\213yC\241\217A\242\027g\322\241'\212.E?B_\316\327\217""; ledgerSeq: 25; type: liBASE; nodes {;   nodedata: ""\000\000\000\031\001cEx]\211\377\330\334\331\315\254\230\rBG\314\023\246\244=\351\177\254\302b&\276+H;0\312\021&\275\036\237\350R\000\000\000\000\000\000\000\000\000\000\000\000\000\000\000\000\000\000\000\000\000\000\000\000\000\000\000\000\000\000\000\000\353\233y\005\275""\330aW\324\000\240\002\261\223J\2077\255!\344\024G\340G\352M\235\266H\222i/\351\252\373/\351\252\374\n\000""; }; nodes {;   nodedata: ""\323C\344\327\264{\312-\017:\006{\177\344N\002\326bO\260\220\006\033\362\345\005U\221DzJ0\001\301\025%1L\307\t\261\262z\374\222T\301\274V\236\223\262\270Ct\362\337b\356\024*\324\320\351\317\002k\336\234\027v\351\217\260\303\360\233ZPZWr\246$w\313\313\r\243r\232\2234\373\3539:N\004Q\245\272D\312D\300\300\t\323\0257\345e\271\na\215{\226\255x%T\257\037\333\004\344_/R\006E\344\037@\210\363\010\336T\226\247'\204_{\261\370""1\235\2445\343\033Y!\212\201\341\272\225'\007\201\031\245\030\314?\231l\302x\372@-\225\016\373\310\030\337u\341\265j'2F#>\245\360\3359\013\003""; }; "
1750527615480,1750527615480,0,1,3,2,TMLedgerData,"ledgerHash: ""\313\206R\331\304k\323u\263t\221\213yC\241\217A\242\027g\322\241'\212.E?B_\316\327\217""; ledgerSeq: 25; type: liBASE; nodes {;   nodedata: ""\000\000\000\031\001cEx]\211\377\330\334\331\315\254\230\rBG\314\023\246\244=\351\177\254\302b&\276+H;0\312\021&\275\036\237\350R\000\000\000\000\000\000\000\000\000\000\000\000\000\000\000\000\000\000\000\000\000\000\000\000\000\000\000\000\000\000\000\000\353\233y\005\275""\330aW\324\000\240\002\261\223J\2077\255!\344\024G\340G\352M\235\266H\222i/\351\252\373/\351\252\374\n\000""; }; nodes {;   nodedata: ""\323C\344\327\264{\312-\017:\006{\177\344N\002\326bO\260\220\006\033\362\345\005U\221DzJ0\001\301\025%1L\307\t\261\262z\374\222T\301\274V\236\223\262\270Ct\362\337b\356\024*\324\320\351\317\002k\336\234\027v\351\217\260\303\360\233ZPZWr\246$w\313\313\r\243r\232\2234\373\3539:N\004Q\245\272D\312D\300\300\t\323\0257\345e\271\na\215{\226\255x%T\257\037\333\004\344_/R\006E\344\037@\210\363\010\336T\226\247'\204_{\261\370""1\235\2445\343\033Y!\212\201\341\272\225'\007\201\031\245\030\314?\231l\302x\372@-\225\016\373\310\030\337u\341\265j'2F#>\245\360\3359\013\003""; }; requestCookie: 5; ","ledgerHash: ""\313\206R\331\304k\323u\263t\221\213yC\241\217A\242\027g\322\241'\212.E?B_\316\327\217""; ledgerSeq: 25; type: liBASE; nodes {;   nodedata: ""\000\000\000\031\001cEx]\211\377\330\334\331\315\254\230\rBG\314\023\246\244=\351\177\254\302b&\276+H;0\312\021&\275\036\237\350R\000\000\000\000\000\000\000\000\000\000\000\000\000\000\000\000\000\000\000\000\000\000\000\000\000\000\000\000\000\000\000\000\353\233y\005\275""\330aW\324\000\240\002\261\223J\2077\255!\344\024G\340G\352M\235\266H\222i/\351\252\373/\351\252\374\n\000""; }; nodes {;   nodedata: ""\323C\344\327\264{\312-\017:\006{\177\344N\002\326bO\260\220\006\033\362\345\005U\221DzJ0\001\301\025%1L\307\t\261\262z\374\222T\301\274V\236\223\262\270Ct\362\337b\356\024*\324\320\351\317\002k\336\234\027v\351\217\260\303\360\233ZPZWr\246$w\313\313\r\243r\232\2234\373\3539:N\004Q\245\272D\312D\300\300\t\323\0257\345e\271\na\215{\226\255x%T\257\037\333\004\344_/R\006E\344\037@\210\363\010\336T\226\247'\204_{\261\370""1\235\2445\343\033Y!\212\201\341\272\225'\007\201\031\245\030\314?\231l\302x\372@-\225\016\373\310\030\337u\341\265j'2F#>\245\360\3359\013\003""; }; requestCookie: 5; "
1750527615481,1750527615481,0,1,3,2,TMLedgerData,"ledgerHash: ""\313\206R\331\304k\323u\263t\221\213yC\241\217A\242\027g\322\241'\212.E?B_\316\327\217""; ledgerSeq: 25; type: liBASE; nodes {;   nodedata: ""\000\000\000\031\001cEx]\211\377\330\334\331\315\254\230\rBG\314\023\246\244=\351\177\254\302b&\276+H;0\312\021&\275\036\237\350R\000\000\000\000\000\000\000\000\000\000\000\000\000\000\000\000\000\000\000\000\000\000\000\000\000\000\000\000\000\000\000\000\353\233y\005\275""\330aW\324\000\240\002\261\223J\2077\255!\344\024G\340G\352M\235\266H\222i/\351\252\373/\351\252\374\n\000""; }; nodes {;   nodedata: ""\323C\344\327\264{\312-\017:\006{\177\344N\002\326bO\260\220\006\033\362\345\005U\221DzJ0\001\301\025%1L\307\t\261\262z\374\222T\301\274V\236\223\262\270Ct\362\337b\356\024*\324\320\351\317\002k\336\234\027v\351\217\260\303\360\233ZPZWr\246$w\313\313\r\243r\232\2234\373\3539:N\004Q\245\272D\312D\300\300\t\323\0257\345e\271\na\215{\226\255x%T\257\037\333\004\344_/R\006E\344\037@\210\363\010\336T\226\247'\204_{\261\370""1\235\2445\343\033Y!\212\201\341\272\225'\007\201\031\245\030\314?\231l\302x\372@-\225\016\373\310\030\337u\341\265j'2F#>\245\360\3359\013\003""; }; requestCookie: 2; ","ledgerHash: ""\313\206R\331\304k\323u\263t\221\213yC\241\217A\242\027g\322\241'\212.E?B_\316\327\217""; ledgerSeq: 25; type: liBASE; nodes {;   nodedata: ""\000\000\000\031\001cEx]\211\377\330\334\331\315\254\230\rBG\314\023\246\244=\351\177\254\302b&\276+H;0\312\021&\275\036\237\350R\000\000\000\000\000\000\000\000\000\000\000\000\000\000\000\000\000\000\000\000\000\000\000\000\000\000\000\000\000\000\000\000\353\233y\005\275""\330aW\324\000\240\002\261\223J\2077\255!\344\024G\340G\352M\235\266H\222i/\351\252\373/\351\252\374\n\000""; }; nodes {;   nodedata: ""\323C\344\327\264{\312-\017:\006{\177\344N\002\326bO\260\220\006\033\362\345\005U\221DzJ0\001\301\025%1L\307\t\261\262z\374\222T\301\274V\236\223\262\270Ct\362\337b\356\024*\324\320\351\317\002k\336\234\027v\351\217\260\303\360\233ZPZWr\246$w\313\313\r\243r\232\2234\373\3539:N\004Q\245\272D\312D\300\300\t\323\0257\345e\271\na\215{\226\255x%T\257\037\333\004\344_/R\006E\344\037@\210\363\010\336T\226\247'\204_{\261\370""1\235\2445\343\033Y!\212\201\341\272\225'\007\201\031\245\030\314?\231l\302x\372@-\225\016\373\310\030\337u\341\265j'2F#>\245\360\3359\013\003""; }; requestCookie: 2; "
1750527615482,1750527615482,0,1,3,0,TMLedgerData,"ledgerHash: ""\313\206R\331\304k\323u\263t\221\213yC\241\217A\242\027g\322\241'\212.E?B_\316\327\217""; ledgerSeq: 25; type: liBASE; nodes {;   nodedata: ""\000\000\000\031\001cEx]\211\377\330\334\331\315\254\230\rBG\314\023\246\244=\351\177\254\302b&\276+H;0\312\021&\275\036\237\350R\000\000\000\000\000\000\000\000\000\000\000\000\000\000\000\000\000\000\000\000\000\000\000\000\000\000\000\000\000\000\000\000\353\233y\005\275""\330aW\324\000\240\002\261\223J\2077\255!\344\024G\340G\352M\235\266H\222i/\351\252\373/\351\252\374\n\000""; }; nodes {;   nodedata: ""\323C\344\327\264{\312-\017:\006{\177\344N\002\326bO\260\220\006\033\362\345\005U\221DzJ0\001\301\025%1L\307\t\261\262z\374\222T\301\274V\236\223\262\270Ct\362\337b\356\024*\324\320\351\317\002k\336\234\027v\351\217\260\303\360\233ZPZWr\246$w\313\313\r\243r\232\2234\373\3539:N\004Q\245\272D\312D\300\300\t\323\0257\345e\271\na\215{\226\255x%T\257\037\333\004\344_/R\006E\344\037@\210\363\010\336T\226\247'\204_{\261\370""1\235\2445\343\033Y!\212\201\341\272\225'\007\201\031\245\030\314?\231l\302x\372@-\225\016\373\310\030\337u\341\265j'2F#>\245\360\3359\013\003""; }; requestCookie: 3; ","ledgerHash: ""\313\206R\331\304k\323u\263t\221\213yC\241\217A\242\027g\322\241'\212.E?B_\316\327\217""; ledgerSeq: 25; type: liBASE; nodes {;   nodedata: ""\000\000\000\031\001cEx]\211\377\330\334\331\315\254\230\rBG\314\023\246\244=\351\177\254\302b&\276+H;0\312\021&\275\036\237\350R\000\000\000\000\000\000\000\000\000\000\000\000\000\000\000\000\000\000\000\000\000\000\000\000\000\000\000\000\000\000\000\000\353\233y\005\275""\330aW\324\000\240\002\261\223J\2077\255!\344\024G\340G\352M\235\266H\222i/\351\252\373/\351\252\374\n\000""; }; nodes {;   nodedata: ""\323C\344\327\264{\312-\017:\006{\177\344N\002\326bO\260\220\006\033\362\345\005U\221DzJ0\001\301\025%1L\307\t\261\262z\374\222T\301\274V\236\223\262\270Ct\362\337b\356\024*\324\320\351\317\002k\336\234\027v\351\217\260\303\360\233ZPZWr\246$w\313\313\r\243r\232\2234\373\3539:N\004Q\245\272D\312D\300\300\t\323\0257\345e\271\na\215{\226\255x%T\257\037\333\004\344_/R\006E\344\037@\210\363\010\336T\226\247'\204_{\261\370""1\235\2445\343\033Y!\212\201\341\272\225'\007\201\031\245\030\314?\231l\302x\372@-\225\016\373\310\030\337u\341\265j'2F#>\245\360\3359\013\003""; }; requestCookie: 3; "
1750527615483,1750527615483,0,1,3,0,TMLedgerData,"ledgerHash: ""\313\206R\331\304k\323u\263t\221\213yC\241\217A\242\027g\322\241'\212.E?B_\316\327\217""; ledgerSeq: 25; type: liAS_NODE; nodes {;   nodedata: ""\021\000h""\000\000\000\000 \033\000\000\000\030\002\023\303_\330\356GuH\375\327!\255\371\r\231\262R\256J\034\222\241\355X\265E\241^W\225\304\014\361CX-}\351f\032\255\274\334m\326c\017\014ao[\342\230\003\245\245\3341Hm\326^\017jy\335\261\032Yt\320\244{g\0306\\302\303*\341\215\223\257\364\277o\375\000r\241SOq\221\253\262\005\017\375T\356\014\360o'\030\311-\267\031\257!\031T\006><\315XM\334\324\345\034\000\325\367\240\271\013\265\024\321\362\354\211\250.\234s\225amc\305\035\366\276\037nD\277`\210\223N\3535\033\261\304f\331]\036\237\306o!\223\221\002\324\031\262\240R\177 ,\214\325\Q])\016\2067\277\t\354\010\000\360\215\2502\265\245\310\226\243c\302Ze\306\253#r\020\211\320iG\276\020E\317\035Sf\223F\254\033@\177e\277\016\010u\327\371&\262\312\317Q\2361t\377x\234\001v\003%\030\325_\225g\204\346a=\225\273\331\354\365*U\363\263N\367b\371\244\314-w\363\262\225Z\200\206\235\233\257?sE\2674\254\326mU\377?\177Ek\336\030!\316Aa\225\303\022\377{\210Y\226\271as\354L\035\004\341\361\035\301\024\220m#*\372\032\3178~\374\250\014*\323\342'z69\220\327\256\351G\367\317u\302\207\270b\315\333\333\334\310I\323&\014\352XZnW2.\335\347\202\021\247\362\212e\034\000\001\250\220\305;a\314\265R\310\017\317\331\235\360\262\240:\277\202\266\354\265X""\022\nh\252\352w\204\203\023]\001f\352\277\0031Q]\362\370R\350{\261\202\240\344\215\201\353\276\322p5p\350\354\017>\250r\241c\273\016\301\024\363\242\247\263\231\370\344\nBW\220K\316@3\243\200\036wk\253GSlU\010\360\231>\331\263H\214\324\030A\225\301o\346pkSF\004\241\213w9\223=\250\262*+\255\351r\265\244c\024\213\t\007`\223\325#\3477\210\345P\306\013\320\252[\0216+\227=`\371P\314\346 V7\271[~\n\237\274|\347\352@K\253~&\260\032\024\004B\200\255h\351\013\361\031:nG\211\005|\2003\266\274\251,W\006u\344\335d\003\306\212\313,\340\350bG\n\030Z\2732-\246\312\255\030\003\235207\005}D\260\0261ah\322M\304\216\273m0\271\234\237\007<w$\265C\245\232\033\023\313c\321B\032l\301h\005\320\252\301\361(\330[\343\357\343{\235\n\266g\272>\177\317\347\261qb&\270&\346ju\200\363N\320\307\004\034\001n\317\361\2653\254\2503\247\305\372\316W\022O\253x\250\025\373\247\354Tc\304\263\243^\352Gv\\264\261\r\035\226\306\2411\351\233\203\215\200$\231\300f\220\371c@\017\254\363\\371\340\340VaR\205~^\226\342t\360\022\204d\231\205)\272\364?\361!\334\331\315\254\230\rBG\314\023\246\244=\351\177\254\302b&\276+H;0\312\021&\275\036\237\350R\264\227\2326\315\307\363\323\325\303\032N\256*\307\327 \235\332\207u\210\271\257\306g\231i*\260\326k\001"";   nodeid: ""\260\000\000\000\000\000\000\000\000\000\000\000\000\000\000\000\000\000\000\000\000\000\000\000\000\000\000\000\000\000\000\000\001""; }; ","ledgerHash: ""\313\206R\331\304k\323u\263t\221\213yC\241\217A\242\027g\322\241'\212.E?B_\316\327\217""; ledgerSeq: 25; type: liAS_NODE; nodes {;   nodedata: ""\021\000h""\000\000\000\000 \033\000\000\000\030\002\023\303_\330\356GuH\375\327!\255\371\r\231\262R\256J\034\222\241\355X\265E\241^W\225\304\014\361CX-}\351f\032\255\274\334m\326c\017\014ao[\342\230\003\245\245\3341Hm\326^\017jy\335\261\032Yt\320\244{g\0306\\302\303*\341\215\223\257\364\277o\375\000r\241SOq\221\253\262\005\017\375T\356\014\360o'\030\311-\267\031\257!\031T\006><\315XM\334\324\345\034\000\325\367\240\271\013\265\024\321\362\354\211\250.\234s\225amc\305\035\366\276\037nD\277`\210\223N\3535\033\261\304f\331]\036\237\306o!\223\221\002\324\031\262\240R\177 ,\214\325\Q])\016\2067\277\t\354\010\000\360\215\2502\265\245\310\226\243c\302Ze\306\253#r\020\211\320iG\276\020E\317\035Sf\223F\254\033@\177e\277\016\010u\327\371&\262\312\317Q\2361t\377x\234\001v\003%\030\325_\225g\204\346a=\225\273\331\354\365*U\363\263N\367b\371\244\314-w\363\262\225Z\200\206\235\233\257?sE\2674\254\326mU\377?\177Ek\336\030!\316Aa\225\303\022\377{\210Y\226\271as\354L\035\004\341\361\035\301\024\220m#*\372\032\3178~\374\250\014*\323\342'z69\220\327\256\351G\367\317u\302\207\270b\315\333\333\334\310I\323&\014\352XZnW2.\335\347\202\021\247\362\212e\034\000\001\250\220\305;a\314\265R\310\017\317\331\235\360\262\240:\277\202\266\354\265X""\022\nh\252\352w\204\203\023]\001f\352\277\0031Q]\362\370R\350{\261\202\240\344\215\201\353\276\322p5p\350\354\017>\250r\241c\273\016\301\024\363\242\247\263\231\370\344\nBW\220K\316@3\243\200\036wk\253GSlU\010\360\231>\331\263H\214\324\030A\225\301o\346pkSF\004\241\213w9\223=\250\262*+\255\351r\265\244c\024\213\t\007`\223\325#\3477\210\345P\306\013\320\252[\0216+\227=`\371P\314\346 V7\271[~\n\237\274|\347\352@K\253~&\260\032\024\004B\200\255h\351\013\361\031:nG\211\005|\2003\266\274\251,W\006u\344\335d\003\306\212\313,\340\350bG\n\030Z\2732-\246\312\255\030\003\235207\005}D\260\0261ah\322M\304\216\273m0\271\234\237\007<w$\265C\245\232\033\023\313c\321B\032l\301h\005\320\252\301\361(\330[\343\357\343{\235\n\266g\272>\177\317\347\261qb&\270&\346ju\200\363N\320\307\004\034\001n\317\361\2653\254\2503\247\305\372\316W\022O\253x\250\025\373\247\354Tc\304\263\243^\352Gv\\264\261\r\035\226\306\2411\351\233\203\215\200$\231\300f\220\371c@\017\254\363\\371\340\340VaR\205~^\226\342t\360\022\204d\231\205)\272\364?\361!\334\331\315\254\230\rBG\314\023\246\244=\351\177\254\302b&\276+H;0\312\021&\275\036\237\350R\264\227\2326\315\307\363\323\325\303\032N\256*\307\327 \235\332\207u\210\271\257\306g\231i*\260\326k\001"";   nodeid: ""\260\000\000\000\000\000\000\000\000\000\000\000\000\000\000\000\000\000\000\000\000\000\000\000\000\000\000\000\000\000\000\000\001""; }; "
1750527615484,1750527615484,0,1,1,2,TMLedgerData,"ledgerHash: ""\313\206R\331\304k\323u\263t\221\213yC\241\217A\242\027g\322\241'\212.E?B_\316\327\217""; ledgerSeq: 25; type: liBASE; nodes {;   nodedata: ""\000\000\000\031\001cEx]\211\377\330\334\331\315\254\230\rBG\314\023\246\244=\351\177\254\302b&\276+H;0\312\021&\275\036\237\350R\000\000\000\000\000\000\000\000\000\000\000\000\000\000\000\000\000\000\000\000\000\000\000\000\000\000\000\000\000\000\000\000\353\233y\005\275""\330aW\324\000\240\002\261\223J\2077\255!\344\024G\340G\352M\235\266H\222i/\351\252\373/\351\252\374\n\000""; }; nodes {;   nodedata: ""\323C\344\327\264{\312-\017:\006{\177\344N\002\326bO\260\220\006\033\362\345\005U\221DzJ0\001\301\025%1L\307\t\261\262z\374\222T\301\274V\236\223\262\270Ct\362\337b\356\024*\324\320\351\317\002k\336\234\027v\351\217\260\303\360\233ZPZWr\246$w\313\313\r\243r\232\2234\373\3539:N\004Q\245\272D\312D\300\300\t\323\0257\345e\271\na\215{\226\255x%T\257\037\333\004\344_/R\006E\344\037@\210\363\010\336T\226\247'\204_{\261\370""1\235\2445\343\033Y!\212\201\341\272\225'\007\201\031\245\030\314?\231l\302x\372@-\225\016\373\310\030\337u\341\265j'2F#>\245\360\3359\013\003""; }; ","ledgerHash: ""\313\206R\331\304k\323u\263t\221\213yC\241\217A\242\027g\322\241'\212.E?B_\316\327\217""; ledgerSeq: 25; type: liBASE; nodes {;   nodedata: ""\000\000\000\031\001cEx]\211\377\330\334\331\315\254\230\rBG\314\023\246\244=\351\177\254\302b&\276+H;0\312\021&\275\036\237\350R\000\000\000\000\000\000\000\000\000\000\000\000\000\000\000\000\000\000\000\000\000\000\000\000\000\000\000\000\000\000\000\000\353\233y\005\275""\330aW\324\000\240\002\261\223J\2077\255!\344\024G\340G\352M\235\266H\222i/\351\252\373/\351\252\374\n\000""; }; nodes {;   nodedata: ""\323C\344\327\264{\312-\017:\006{\177\344N\002\326bO\260\220\006\033\362\345\005U\221DzJ0\001\301\025%1L\307\t\261\262z\374\222T\301\274V\236\223\262\270Ct\362\337b\356\024*\324\320\351\317\002k\336\234\027v\351\217\260\303\360\233ZPZWr\246$w\313\313\r\243r\232\2234\373\3539:N\004Q\245\272D\312D\300\300\t\323\0257\345e\271\na\215{\226\255x%T\257\037\333\004\344_/R\006E\344\037@\210\363\010\336T\226\247'\204_{\261\370""1\235\2445\343\033Y!\212\201\341\272\225'\007\201\031\245\030\314?\231l\302x\372@-\225\016\373\310\030\337u\341\265j'2F#>\245\360\3359\013\003""; }; "
1750527615485,1750527615485,0,1,2,4,TMLedgerData,"ledgerHash: ""\313\206R\331\304k\323u\263t\221\213yC\241\217A\242\027g\322\241'\212.E?B_\316\327\217""; ledgerSeq: 25; type: liBASE; nodes {;   nodedata: ""\000\000\000\031\001cEx]\211\377\330\334\331\315\254\230\rBG\314\023\246\244=\351\177\254\302b&\276+H;0\312\021&\275\036\237\350R\000\000\000\000\000\000\000\000\000\000\000\000\000\000\000\000\000\000\000\000\000\000\000\000\000\000\000\000\000\000\000\000\353\233y\005\275""\330aW\324\000\240\002\261\223J\2077\255!\344\024G\340G\352M\235\266H\222i/\351\252\373/\351\252\374\n\000""; }; nodes {;   nodedata: ""\323C\344\327\264{\312-\017:\006{\177\344N\002\326bO\260\220\006\033\362\345\005U\221DzJ0\001\301\025%1L\307\t\261\262z\374\222T\301\274V\236\223\262\270Ct\362\337b\356\024*\324\320\351\317\002k\336\234\027v\351\217\260\303\360\233ZPZWr\246$w\313\313\r\243r\232\2234\373\3539:N\004Q\245\272D\312D\300\300\t\323\0257\345e\271\na\215{\226\255x%T\257\037\333\004\344_/R\006E\344\037@\210\363\010\336T\226\247'\204_{\261\370""1\235\2445\343\033Y!\212\201\341\272\225'\007\201\031\245\030\314?\231l\302x\372@-\225\016\373\310\030\337u\341\265j'2F#>\245\360\3359\013\003""; }; ","ledgerHash: ""\313\206R\331\304k\323u\263t\221\213yC\241\217A\242\027g\322\241'\212.E?B_\316\327\217""; ledgerSeq: 25; type: liBASE; nodes {;   nodedata: ""\000\000\000\031\001cEx]\211\377\330\334\331\315\254\230\rBG\314\023\246\244=\351\177\254\302b&\276+H;0\312\021&\275\036\237\350R\000\000\000\000\000\000\000\000\000\000\000\000\000\000\000\000\000\000\000\000\000\000\000\000\000\000\000\000\000\000\000\000\353\233y\005\275""\330aW\324\000\240\002\261\223J\2077\255!\344\024G\340G\352M\235\266H\222i/\351\252\373/\351\252\374\n\000""; }; nodes {;   nodedata: ""\323C\344\327\264{\312-\017:\006{\177\344N\002\326bO\260\220\006\033\362\345\005U\221DzJ0\001\301\025%1L\307\t\261\262z\374\222T\301\274V\236\223\262\270Ct\362\337b\356\024*\324\320\351\317\002k\336\234\027v\351\217\260\303\360\233ZPZWr\246$w\313\313\r\243r\232\2234\373\3539:N\004Q\245\272D\312D\300\300\t\323\0257\345e\271\na\215{\226\255x%T\257\037\333\004\344_/R\006E\344\037@\210\363\010\336T\226\247'\204_{\261\370""1\235\2445\343\033Y!\212\201\341\272\225'\007\201\031\245\030\314?\231l\302x\372@-\225\016\373\310\030\337u\341\265j'2F#>\245\360\3359\013\003""; }; "
1750527615485,1750527615485,0,1,2,0,TMLedgerData,"ledgerHash: ""\313\206R\331\304k\323u\263t\221\213yC\241\217A\242\027g\322\241'\212.E?B_\316\327\217""; ledgerSeq: 25; type: liBASE; nodes {;   nodedata: ""\000\000\000\031\001cEx]\211\377\330\334\331\315\254\230\rBG\314\023\246\244=\351\177\254\302b&\276+H;0\312\021&\275\036\237\350R\000\000\000\000\000\000\000\000\000\000\000\000\000\000\000\000\000\000\000\000\000\000\000\000\000\000\000\000\000\000\000\000\353\233y\005\275""\330aW\324\000\240\002\261\223J\2077\255!\344\024G\340G\352M\235\266H\222i/\351\252\373/\351\252\374\n\000""; }; nodes {;   nodedata: ""\323C\344\327\264{\312-\017:\006{\177\344N\002\326bO\260\220\006\033\362\345\005U\221DzJ0\001\301\025%1L\307\t\261\262z\374\222T\301\274V\236\223\262\270Ct\362\337b\356\024*\324\320\351\317\002k\336\234\027v\351\217\260\303\360\233ZPZWr\246$w\313\313\r\243r\232\2234\373\3539:N\004Q\245\272D\312D\300\300\t\323\0257\345e\271\na\215{\226\255x%T\257\037\333\004\344_/R\006E\344\037@\210\363\010\336T\226\247'\204_{\261\370""1\235\2445\343\033Y!\212\201\341\272\225'\007\201\031\245\030\314?\231l\302x\372@-\225\016\373\310\030\337u\341\265j'2F#>\245\360\3359\013\003""; }; ","ledgerHash: ""\313\206R\331\304k\323u\263t\221\213yC\241\217A\242\027g\322\241'\212.E?B_\316\327\217""; ledgerSeq: 25; type: liBASE; nodes {;   nodedata: ""\000\000\000\031\001cEx]\211\377\330\334\331\315\254\230\rBG\314\023\246\244=\351\177\254\302b&\276+H;0\312\021&\275\036\237\350R\000\000\000\000\000\000\000\000\000\000\000\000\000\000\000\000\000\000\000\000\000\000\000\000\000\000\000\000\000\000\000\000\353\233y\005\275""\330aW\324\000\240\002\261\223J\2077\255!\344\024G\340G\352M\235\266H\222i/\351\252\373/\351\252\374\n\000""; }; nodes {;   nodedata: ""\323C\344\327\264{\312-\017:\006{\177\344N\002\326bO\260\220\006\033\362\345\005U\221DzJ0\001\301\025%1L\307\t\261\262z\374\222T\301\274V\236\223\262\270Ct\362\337b\356\024*\324\320\351\317\002k\336\234\027v\351\217\260\303\360\233ZPZWr\246$w\313\313\r\243r\232\2234\373\3539:N\004Q\245\272D\312D\300\300\t\323\0257\345e\271\na\215{\226\255x%T\257\037\333\004\344_/R\006E\344\037@\210\363\010\336T\226\247'\204_{\261\370""1\235\2445\343\033Y!\212\201\341\272\225'\007\201\031\245\030\314?\231l\302x\372@-\225\016\373\310\030\337u\341\265j'2F#>\245\360\3359\013\003""; }; "
1750527615486,1750527615486,0,1,0,2,TMLedgerData,"ledgerHash: ""\313\206R\331\304k\323u\263t\221\213yC\241\217A\242\027g\322\241'\212.E?B_\316\327\217""; ledgerSeq: 25; type: liBASE; nodes {;   nodedata: ""\000\000\000\031\001cEx]\211\377\330\334\331\315\254\230\rBG\314\023\246\244=\351\177\254\302b&\276+H;0\312\021&\275\036\237\350R\000\000\000\000\000\000\000\000\000\000\000\000\000\000\000\000\000\000\000\000\000\000\000\000\000\000\000\000\000\000\000\000\353\233y\005\275""\330aW\324\000\240\002\261\223J\2077\255!\344\024G\340G\352M\235\266H\222i/\351\252\373/\351\252\374\n\000""; }; nodes {;   nodedata: ""\323C\344\327\264{\312-\017:\006{\177\344N\002\326bO\260\220\006\033\362\345\005U\221DzJ0\001\301\025%1L\307\t\261\262z\374\222T\301\274V\236\223\262\270Ct\362\337b\356\024*\324\320\351\317\002k\336\234\027v\351\217\260\303\360\233ZPZWr\246$w\313\313\r\243r\232\2234\373\3539:N\004Q\245\272D\312D\300\300\t\323\0257\345e\271\na\215{\226\255x%T\257\037\333\004\344_/R\006E\344\037@\210\363\010\336T\226\247'\204_{\261\370""1\235\2445\343\033Y!\212\201\341\272\225'\007\201\031\245\030\314?\231l\302x\372@-\225\016\373\310\030\337u\341\265j'2F#>\245\360\3359\013\003""; }; ","ledgerHash: ""\313\206R\331\304k\323u\263t\221\213yC\241\217A\242\027g\322\241'\212.E?B_\316\327\217""; ledgerSeq: 25; type: liBASE; nodes {;   nodedata: ""\000\000\000\031\001cEx]\211\377\330\334\331\315\254\230\rBG\314\023\246\244=\351\177\254\302b&\276+H;0\312\021&\275\036\237\350R\000\000\000\000\000\000\000\000\000\000\000\000\000\000\000\000\000\000\000\000\000\000\000\000\000\000\000\000\000\000\000\000\353\233y\005\275""\330aW\324\000\240\002\261\223J\2077\255!\344\024G\340G\352M\235\266H\222i/\351\252\373/\351\252\374\n\000""; }; nodes {;   nodedata: ""\323C\344\327\264{\312-\017:\006{\177\344N\002\326bO\260\220\006\033\362\345\005U\221DzJ0\001\301\025%1L\307\t\261\262z\374\222T\301\274V\236\223\262\270Ct\362\337b\356\024*\324\320\351\317\002k\336\234\027v\351\217\260\303\360\233ZPZWr\246$w\313\313\r\243r\232\2234\373\3539:N\004Q\245\272D\312D\300\300\t\323\0257\345e\271\na\215{\226\255x%T\257\037\333\004\344_/R\006E\344\037@\210\363\010\336T\226\247'\204_{\261\370""1\235\2445\343\033Y!\212\201\341\272\225'\007\201\031\245\030\314?\231l\302x\372@-\225\016\373\310\030\337u\341\265j'2F#>\245\360\3359\013\003""; }; "
1750527615518,1750527615518,0,1,3,4,TMLedgerData,"ledgerHash: ""\313\206R\331\304k\323u\263t\221\213yC\241\217A\242\027g\322\241'\212.E?B_\316\327\217""; ledgerSeq: 25; type: liAS_NODE; nodes {;   nodedata: ""\021\000h""\000\000\000\000 \033\000\000\000\030\002\023\303_\330\356GuH\375\327!\255\371\r\231\262R\256J\034\222\241\355X\265E\241^W\225\304\014\361CX-}\351f\032\255\274\334m\326c\017\014ao[\342\230\003\245\245\3341Hm\326^\017jy\335\261\032Yt\320\244{g\0306\\302\303*\341\215\223\257\364\277o\375\000r\241SOq\221\253\262\005\017\375T\356\014\360o'\030\311-\267\031\257!\031T\006><\315XM\334\324\345\034\000\325\367\240\271\013\265\024\321\362\354\211\250.\234s\225amc\305\035\366\276\037nD\277`\210\223N\3535\033\261\304f\331]\036\237\306o!\223\221\002\324\031\262\240R\177 ,\214\325\Q])\016\2067\277\t\354\010\000\360\215\2502\265\245\310\226\243c\302Ze\306\253#r\020\211\320iG\276\020E\317\035Sf\223F\254\033@\177e\277\016\010u\327\371&\262\312\317Q\2361t\377x\234\001v\003%\030\325_\225g\204\346a=\225\273\331\354\365*U\363\263N\367b\371\244\314-w\363\262\225Z\200\206\235\233\257?sE\2674\254\326mU\377?\177Ek\336\030!\316Aa\225\303\022\377{\210Y\226\271as\354L\035\004\341\361\035\301\024\220m#*\372\032\3178~\374\250\014*\323\342'z69\220\327\256\351G\367\317u\302\207\270b\315\333\333\334\310I\323&\014\352XZnW2.\335\347\202\021\247\362\212e\034\000\001\250\220\305;a\314\265R\310\017\317\331\235\360\262\240:\277\202\266\354\265X""\022\nh\252\352w\204\203\023]\001f\352\277\0031Q]\362\370R\350{\261\202\240\344\215\201\353\276\322p5p\350\354\017>\250r\241c\273\016\301\024\363\242\247\263\231\370\344\nBW\220K\316@3\243\200\036wk\253GSlU\010\360\231>\331\263H\214\324\030A\225\301o\346pkSF\004\241\213w9\223=\250\262*+\255\351r\265\244c\024\213\t\007`\223\325#\3477\210\345P\306\013\320\252[\0216+\227=`\371P\314\346 V7\271[~\n\237\274|\347\352@K\253~&\260\032\024\004B\200\255h\351\013\361\031:nG\211\005|\2003\266\274\251,W\006u\344\335d\003\306\212\313,\340\350bG\n\030Z\2732-\246\312\255\030\003\235207\005}D\260\0261ah\322M\304\216\273m0\271\234\237\007<w$\265C\245\232\033\023\313c\321B\032l\301h\005\320\252\301\361(\330[\343\357\343{\235\n\266g\272>\177\317\347\261qb&\270&\346ju\200\363N\320\307\004\034\001n\317\361\2653\254\2503\247\305\372\316W\022O\253x\250\025\373\247\354Tc\304\263\243^\352Gv\\264\261\r\035\226\306\2411\351\233\203\215\200$\231\300f\220\371c@\017\254\363\\371\340\340VaR\205~^\226\342t\360\022\204d\231\205)\272\364?\361!\334\331\315\254\230\rBG\314\023\246\244=\351\177\254\302b&\276+H;0\312\021&\275\036\237\350R\264\227\2326\315\307\363\323\325\303\032N\256*\307\327 \235\332\207u\210\271\257\306g\231i*\260\326k\001"";   nodeid: ""\260\000\000\000\000\000\000\000\000\000\000\000\000\000\000\000\000\000\000\000\000\000\000\000\000\000\000\000\000\000\000\000\001""; }; ","ledgerHash: ""\313\206R\331\304k\323u\263t\221\213yC\241\217A\242\027g\322\241'\212.E?B_\316\327\217""; ledgerSeq: 25; type: liAS_NODE; nodes {;   nodedata: ""\021\000h""\000\000\000\000 \033\000\000\000\030\002\023\303_\330\356GuH\375\327!\255\371\r\231\262R\256J\034\222\241\355X\265E\241^W\225\304\014\361CX-}\351f\032\255\274\334m\326c\017\014ao[\342\230\003\245\245\3341Hm\326^\017jy\335\261\032Yt\320\244{g\0306\\302\303*\341\215\223\257\364\277o\375\000r\241SOq\221\253\262\005\017\375T\356\014\360o'\030\311-\267\031\257!\031T\006><\315XM\334\324\345\034\000\325\367\240\271\013\265\024\321\362\354\211\250.\234s\225amc\305\035\366\276\037nD\277`\210\223N\3535\033\261\304f\331]\036\237\306o!\223\221\002\324\031\262\240R\177 ,\214\325\Q])\016\2067\277\t\354\010\000\360\215\2502\265\245\310\226\243c\302Ze\306\253#r\020\211\320iG\276\020E\317\035Sf\223F\254\033@\177e\277\016\010u\327\371&\262\312\317Q\2361t\377x\234\001v\003%\030\325_\225g\204\346a=\225\273\331\354\365*U\363\263N\367b\371\244\314-w\363\262\225Z\200\206\235\233\257?sE\2674\254\326mU\377?\177Ek\336\030!\316Aa\225\303\022\377{\210Y\226\271as\354L\035\004\341\361\035\301\024\220m#*\372\032\3178~\374\250\014*\323\342'z69\220\327\256\351G\367\317u\302\207\270b\315\333\333\334\310I\323&\014\352XZnW2.\335\347\202\021\247\362\212e\034\000\001\250\220\305;a\314\265R\310\017\317\331\235\360\262\240:\277\202\266\354\265X""\022\nh\252\352w\204\203\023]\001f\352\277\0031Q]\362\370R\350{\261\202\240\344\215\201\353\276\322p5p\350\354\017>\250r\241c\273\016\301\024\363\242\247\263\231\370\344\nBW\220K\316@3\243\200\036wk\253GSlU\010\360\231>\331\263H\214\324\030A\225\301o\346pkSF\004\241\213w9\223=\250\262*+\255\351r\265\244c\024\213\t\007`\223\325#\3477\210\345P\306\013\320\252[\0216+\227=`\371P\314\346 V7\271[~\n\237\274|\347\352@K\253~&\260\032\024\004B\200\255h\351\013\361\031:nG\211\005|\2003\266\274\251,W\006u\344\335d\003\306\212\313,\340\350bG\n\030Z\2732-\246\312\255\030\003\235207\005}D\260\0261ah\322M\304\216\273m0\271\234\237\007<w$\265C\245\232\033\023\313c\321B\032l\301h\005\320\252\301\361(\330[\343\357\343{\235\n\266g\272>\177\317\347\261qb&\270&\346ju\200\363N\320\307\004\034\001n\317\361\2653\254\2503\247\305\372\316W\022O\253x\250\025\373\247\354Tc\304\263\243^\352Gv\\264\261\r\035\226\306\2411\351\233\203\215\200$\231\300f\220\371c@\017\254\363\\371\340\340VaR\205~^\226\342t\360\022\204d\231\205)\272\364?\361!\334\331\315\254\230\rBG\314\023\246\244=\351\177\254\302b&\276+H;0\312\021&\275\036\237\350R\264\227\2326\315\307\363\323\325\303\032N\256*\307\327 \235\332\207u\210\271\257\306g\231i*\260\326k\001"";   nodeid: ""\260\000\000\000\000\000\000\000\000\000\000\000\000\000\000\000\000\000\000\000\000\000\000\000\000\000\000\000\000\000\000\000\001""; }; "
1750527615522,1750527615522,0,1,3,2,TMLedgerData,"ledgerHash: ""\313\206R\331\304k\323u\263t\221\213yC\241\217A\242\027g\322\241'\212.E?B_\316\327\217""; ledgerSeq: 25; type: liAS_NODE; nodes {;   nodedata: ""\021\000h""\000\000\000\000 \033\000\000\000\030\002\023\303_\330\356GuH\375\327!\255\371\r\231\262R\256J\034\222\241\355X\265E\241^W\225\304\014\361CX-}\351f\032\255\274\334m\326c\017\014ao[\342\230\003\245\245\3341Hm\326^\017jy\335\261\032Yt\320\244{g\0306\\302\303*\341\215\223\257\364\277o\375\000r\241SOq\221\253\262\005\017\375T\356\014\360o'\030\311-\267\031\257!\031T\006><\315XM\334\324\345\034\000\325\367\240\271\013\265\024\321\362\354\211\250.\234s\225amc\305\035\366\276\037nD\277`\210\223N\3535\033\261\304f\331]\036\237\306o!\223\221\002\324\031\262\240R\177 ,\214\325\Q])\016\2067\277\t\354\010\000\360\215\2502\265\245\310\226\243c\302Ze\306\253#r\020\211\320iG\276\020E\317\035Sf\223F\254\033@\177e\277\016\010u\327\371&\262\312\317Q\2361t\377x\234\001v\003%\030\325_\225g\204\346a=\225\273\331\354\365*U\363\263N\367b\371\244\314-w\363\262\225Z\200\206\235\233\257?sE\2674\254\326mU\377?\177Ek\336\030!\316Aa\225\303\022\377{\210Y\226\271as\354L\035\004\341\361\035\301\024\220m#*\372\032\3178~\374\250\014*\323\342'z69\220\327\256\351G\367\317u\302\207\270b\315\333\333\334\310I\323&\014\352XZnW2.\335\347\202\021\247\362\212e\034\000\001\250\220\305;a\314\265R\310\017\317\331\235\360\262\240:\277\202\266\354\265X""\022\nh\252\352w\204\203\023]\001f\352\277\0031Q]\362\370R\350{\261\202\240\344\215\201\353\276\322p5p\350\354\017>\250r\241c\273\016\301\024\363\242\247\263\231\370\344\nBW\220K\316@3\243\200\036wk\253GSlU\010\360\231>\331\263H\214\324\030A\225\301o\346pkSF\004\241\213w9\223=\250\262*+\255\351r\265\244c\024\213\t\007`\223\325#\3477\210\345P\306\013\320\252[\0216+\227=`\371P\314\346 V7\271[~\n\237\274|\347\352@K\253~&\260\032\024\004B\200\255h\351\013\361\031:nG\211\005|\2003\266\274\251,W\006u\344\335d\003\306\212\313,\340\350bG\n\030Z\2732-\246\312\255\030\003\235207\005}D\260\0261ah\322M\304\216\273m0\271\234\237\007<w$\265C\245\232\033\023\313c\321B\032l\301h\005\320\252\301\361(\330[\343\357\343{\235\n\266g\272>\177\317\347\261qb&\270&\346ju\200\363N\320\307\004\034\001n\317\361\2653\254\2503\247\305\372\316W\022O\253x\250\025\373\247\354Tc\304\263\243^\352Gv\\264\261\r\035\226\306\2411\351\233\203\215\200$\231\300f\220\371c@\017\254\363\\371\340\340VaR\205~^\226\342t\360\022\204d\231\205)\272\364?\361!\334\331\315\254\230\rBG\314\023\246\244=\351\177\254\302b&\276+H;0\312\021&\275\036\237\350R\264\227\2326\315\307\363\323\325\303\032N\256*\307\327 \235\332\207u\210\271\257\306g\231i*\260\326k\001"";   nodeid: ""\260\000\000\000\000\000\000\000\000\000\000\000\000\000\000\000\000\000\000\000\000\000\000\000\000\000\000\000\000\000\000\000\001""; }; ","ledgerHash: ""\313\206R\331\304k\323u\263t\221\213yC\241\217A\242\027g\322\241'\212.E?B_\316\327\217""; ledgerSeq: 25; type: liAS_NODE; nodes {;   nodedata: ""\021\000h""\000\000\000\000 \033\000\000\000\030\002\023\303_\330\356GuH\375\327!\255\371\r\231\262R\256J\034\222\241\355X\265E\241^W\225\304\014\361CX-}\351f\032\255\274\334m\326c\017\014ao[\342\230\003\245\245\3341Hm\326^\017jy\335\261\032Yt\320\244{g\0306\\302\303*\341\215\223\257\364\277o\375\000r\241SOq\221\253\262\005\017\375T\356\014\360o'\030\311-\267\031\257!\031T\006><\315XM\334\324\345\034\000\325\367\240\271\013\265\024\321\362\354\211\250.\234s\225amc\305\035\366\276\037nD\277`\210\223N\3535\033\261\304f\331]\036\237\306o!\223\221\002\324\031\262\240R\177 ,\214\325\Q])\016\2067\277\t\354\010\000\360\215\2502\265\245\310\226\243c\302Ze\306\253#r\020\211\320iG\276\020E\317\035Sf\223F\254\033@\177e\277\016\010u\327\371&\262\312\317Q\2361t\377x\234\001v\003%\030\325_\225g\204\346a=\225\273\331\354\365*U\363\263N\367b\371\244\314-w\363\262\225Z\200\206\235\233\257?sE\2674\254\326mU\377?\177Ek\336\030!\316Aa\225\303\022\377{\210Y\226\271as\354L\035\004\341\361\035\301\024\220m#*\372\032\3178~\374\250\014*\323\342'z69\220\327\256\351G\367\317u\302\207\270b\315\333\333\334\310I\323&\014\352XZnW2.\335\347\202\021\247\362\212e\034\000\001\250\220\305;a\314\265R\310\017\317\331\235\360\262\240:\277\202\266\354\265X""\022\nh\252\352w\204\203\023]\001f\352\277\0031Q]\362\370R\350{\261\202\240\344\215\201\353\276\322p5p\350\354\017>\250r\241c\273\016\301\024\363\242\247\263\231\370\344\nBW\220K\316@3\243\200\036wk\253GSlU\010\360\231>\331\263H\214\324\030A\225\301o\346pkSF\004\241\213w9\223=\250\262*+\255\351r\265\244c\024\213\t\007`\223\325#\3477\210\345P\306\013\320\252[\0216+\227=`\371P\314\346 V7\271[~\n\237\274|\347\352@K\253~&\260\032\024\004B\200\255h\351\013\361\031:nG\211\005|\2003\266\274\251,W\006u\344\335d\003\306\212\313,\340\350bG\n\030Z\2732-\246\312\255\030\003\235207\005}D\260\0261ah\322M\304\216\273m0\271\234\237\007<w$\265C\245\232\033\023\313c\321B\032l\301h\005\320\252\301\361(\330[\343\357\343{\235\n\266g\272>\177\317\347\261qb&\270&\346ju\200\363N\320\307\004\034\001n\317\361\2653\254\2503\247\305\372\316W\022O\253x\250\025\373\247\354Tc\304\263\243^\352Gv\\264\261\r\035\226\306\2411\351\233\203\215\200$\231\300f\220\371c@\017\254\363\\371\340\340VaR\205~^\226\342t\360\022\204d\231\205)\272\364?\361!\334\331\315\254\230\rBG\314\023\246\244=\351\177\254\302b&\276+H;0\312\021&\275\036\237\350R\264\227\2326\315\307\363\323\325\303\032N\256*\307\327 \235\332\207u\210\271\257\306g\231i*\260\326k\001"";   nodeid: ""\260\000\000\000\000\000\000\000\000\000\000\000\000\000\000\000\000\000\000\000\000\000\000\000\000\000\000\000\000\000\000\000\001""; }; "
1750527615605,1750527615605,0,1,4,3,TMStatusChange,"newEvent: neACCEPTED_LEDGER; ledgerSeq: 25; ledgerHash: ""\313\206R\331\304k\323u\263t\221\213yC\241\217A\242\027g\322\241'\212.E?B_\316\327\217""; ledgerHashPrevious: ""\334\331\315\254\230\rBG\314\023\246\244=\351\177\254\302b&\276+H;0\312\021&\275\036\237\350R""; networkTime: 803842815; firstSeq: 1; lastSeq: 24; ","newEvent: neACCEPTED_LEDGER; ledgerSeq: 25; ledgerHash: ""\313\206R\331\304k\323u\263t\221\213yC\241\217A\242\027g\322\241'\212.E?B_\316\327\217""; ledgerHashPrevious: ""\334\331\315\254\230\rBG\314\023\246\244=\351\177\254\302b&\276+H;0\312\021&\275\036\237\350R""; networkTime: 803842815; firstSeq: 1; lastSeq: 24; "
1750527615606,1750527615606,0,1,4,1,TMStatusChange,"newEvent: neACCEPTED_LEDGER; ledgerSeq: 25; ledgerHash: ""\313\206R\331\304k\323u\263t\221\213yC\241\217A\242\027g\322\241'\212.E?B_\316\327\217""; ledgerHashPrevious: ""\334\331\315\254\230\rBG\314\023\246\244=\351\177\254\302b&\276+H;0\312\021&\275\036\237\350R""; networkTime: 803842815; firstSeq: 1; lastSeq: 24; ","newEvent: neACCEPTED_LEDGER; ledgerSeq: 25; ledgerHash: ""\313\206R\331\304k\323u\263t\221\213yC\241\217A\242\027g\322\241'\212.E?B_\316\327\217""; ledgerHashPrevious: ""\334\331\315\254\230\rBG\314\023\246\244=\351\177\254\302b&\276+H;0\312\021&\275\036\237\350R""; networkTime: 803842815; firstSeq: 1; lastSeq: 24; "
1750527615606,1750527615606,0,1,4,0,TMStatusChange,"newEvent: neACCEPTED_LEDGER; ledgerSeq: 25; ledgerHash: ""\313\206R\331\304k\323u\263t\221\213yC\241\217A\242\027g\322\241'\212.E?B_\316\327\217""; ledgerHashPrevious: ""\334\331\315\254\230\rBG\314\023\246\244=\351\177\254\302b&\276+H;0\312\021&\275\036\237\350R""; networkTime: 803842815; firstSeq: 1; lastSeq: 24; ","newEvent: neACCEPTED_LEDGER; ledgerSeq: 25; ledgerHash: ""\313\206R\331\304k\323u\263t\221\213yC\241\217A\242\027g\322\241'\212.E?B_\316\327\217""; ledgerHashPrevious: ""\334\331\315\254\230\rBG\314\023\246\244=\351\177\254\302b&\276+H;0\312\021&\275\036\237\350R""; networkTime: 803842815; firstSeq: 1; lastSeq: 24; "
1750527615606,1750527615606,0,1,4,2,TMStatusChange,"newEvent: neACCEPTED_LEDGER; ledgerSeq: 25; ledgerHash: ""\313\206R\331\304k\323u\263t\221\213yC\241\217A\242\027g\322\241'\212.E?B_\316\327\217""; ledgerHashPrevious: ""\334\331\315\254\230\rBG\314\023\246\244=\351\177\254\302b&\276+H;0\312\021&\275\036\237\350R""; networkTime: 803842815; firstSeq: 1; lastSeq: 24; ","newEvent: neACCEPTED_LEDGER; ledgerSeq: 25; ledgerHash: ""\313\206R\331\304k\323u\263t\221\213yC\241\217A\242\027g\322\241'\212.E?B_\316\327\217""; ledgerHashPrevious: ""\334\331\315\254\230\rBG\314\023\246\244=\351\177\254\302b&\276+H;0\312\021&\275\036\237\350R""; networkTime: 803842815; firstSeq: 1; lastSeq: 24; "
1750527615646,1750527615646,0,1,4,1,TMValidation,"validation: """"\200\000\000\001&\000\000\000\031)/\351\252\377:\r\302\353\023?\373\240rQ\313\206R\331\304k\323u\263t\221\213yC\241\217A\242\027g\322\241'\212.E?B_\316\327\217P\027\000\000\000\000\000\000\000\000\000\000\000\000\000\000\000\000\000\000\000\000\000\000\000\000\000\000\000\000\000\000\000\000P\031\334\331\315\254\230\rBG\314\023\246\244=\351\177\254\302b&\276+H;0\312\021&\275\036\237\350Rs!\003R7o\362bV\300hf\266\241;}\200^\374\240\203[:\342Q\225\221\027y\372\255\235\216\323~vG0E\002!\000\341\260\270\253\024\312\305\036\340\305\000\2229-\364\rF\3473\316A\303bi\204lK\305\325\336\333\020\002 z\3614D\315\206\335\344\253\375G\223\367\266\207\267\034\337}\005t\013T\036C\373\016\353\254~\274\324""; ","validation: """"\200\000\000\001&\000\000\000\031)/\351\252\377:\r\302\353\023?\373\240rQ\313\206R\331\304k\323u\263t\221\213yC\241\217A\242\027g\322\241'\212.E?B_\316\327\217P\027\000\000\000\000\000\000\000\000\000\000\000\000\000\000\000\000\000\000\000\000\000\000\000\000\000\000\000\000\000\000\000\000P\031\334\331\315\254\230\rBG\314\023\246\244=\351\177\254\302b&\276+H;0\312\021&\275\036\237\350Rs!\003R7o\362bV\300hf\266\241;}\200^\374\240\203[:\342Q\225\221\027y\372\255\235\216\323~vG0E\002!\000\341\260\270\253\024\312\305\036\340\305\000\2229-\364\rF\3473\316A\303bi\204lK\305\325\336\333\020\002 z\3614D\315\206\335\344\253\375G\223\367\266\207\267\034\337}\005t\013T\036C\373\016\353\254~\274\324""; "
1750527615646,1750527615646,0,1,4,3,TMValidation,"validation: """"\200\000\000\001&\000\000\000\031)/\351\252\377:\r\302\353\023?\373\240rQ\313\206R\331\304k\323u\263t\221\213yC\241\217A\242\027g\322\241'\212.E?B_\316\327\217P\027\000\000\000\000\000\000\000\000\000\000\000\000\000\000\000\000\000\000\000\000\000\000\000\000\000\000\000\000\000\000\000\000P\031\334\331\315\254\230\rBG\314\023\246\244=\351\177\254\302b&\276+H;0\312\021&\275\036\237\350Rs!\003R7o\362bV\300hf\266\241;}\200^\374\240\203[:\342Q\225\221\027y\372\255\235\216\323~vG0E\002!\000\341\260\270\253\024\312\305\036\340\305\000\2229-\364\rF\3473\316A\303bi\204lK\305\325\336\333\020\002 z\3614D\315\206\335\344\253\375G\223\367\266\207\267\034\337}\005t\013T\036C\373\016\353\254~\274\324""; ","validation: """"\200\000\000\001&\000\000\000\031)/\351\252\377:\r\302\353\023?\373\240rQ\313\206R\331\304k\323u\263t\221\213yC\241\217A\242\027g\322\241'\212.E?B_\316\327\217P\027\000\000\000\000\000\000\000\000\000\000\000\000\000\000\000\000\000\000\000\000\000\000\000\000\000\000\000\000\000\000\000\000P\031\334\331\315\254\230\rBG\314\023\246\244=\351\177\254\302b&\276+H;0\312\021&\275\036\237\350Rs!\003R7o\362bV\300hf\266\241;}\200^\374\240\203[:\342Q\225\221\027y\372\255\235\216\323~vG0E\002!\000\341\260\270\253\024\312\305\036\340\305\000\2229-\364\rF\3473\316A\303bi\204lK\305\325\336\333\020\002 z\3614D\315\206\335\344\253\375G\223\367\266\207\267\034\337}\005t\013T\036C\373\016\353\254~\274\324""; "
1750527615646,1750527615647,0,1,4,0,TMValidation,"validation: """"\200\000\000\001&\000\000\000\031)/\351\252\377:\r\302\353\023?\373\240rQ\313\206R\331\304k\323u\263t\221\213yC\241\217A\242\027g\322\241'\212.E?B_\316\327\217P\027\000\000\000\000\000\000\000\000\000\000\000\000\000\000\000\000\000\000\000\000\000\000\000\000\000\000\000\000\000\000\000\000P\031\334\331\315\254\230\rBG\314\023\246\244=\351\177\254\302b&\276+H;0\312\021&\275\036\237\350Rs!\003R7o\362bV\300hf\266\241;}\200^\374\240\203[:\342Q\225\221\027y\372\255\235\216\323~vG0E\002!\000\341\260\270\253\024\312\305\036\340\305\000\2229-\364\rF\3473\316A\303bi\204lK\305\325\336\333\020\002 z\3614D\315\206\335\344\253\375G\223\367\266\207\267\034\337}\005t\013T\036C\373\016\353\254~\274\324""; ","validation: """"\200\000\000\001&\000\000\000\031)/\351\252\377:\r\302\353\023?\373\240rQ\313\206R\331\304k\323u\263t\221\213yC\241\217A\242\027g\322\241'\212.E?B_\316\327\217P\027\000\000\000\000\000\000\000\000\000\000\000\000\000\000\000\000\000\000\000\000\000\000\000\000\000\000\000\000\000\000\000\000P\031\334\331\315\254\230\rBG\314\023\246\244=\351\177\254\302b&\276+H;0\312\021&\275\036\237\350Rs!\003R7o\362bV\300hf\266\241;}\200^\374\240\203[:\342Q\225\221\027y\372\255\235\216\323~vG0E\002!\000\341\260\270\253\024\312\305\036\340\305\000\2229-\364\rF\3473\316A\303bi\204lK\305\325\336\333\020\002 z\3614D\315\206\335\344\253\375G\223\367\266\207\267\034\337}\005t\013T\036C\373\016\353\254~\274\324""; "
1750527615647,1750527615648,0,1,1,3,TMValidation,"validation: """"\200\000\000\001&\000\000\000\031)/\351\252\377:\r\302\353\023?\373\240rQ\313\206R\331\304k\323u\263t\221\213yC\241\217A\242\027g\322\241'\212.E?B_\316\327\217P\027\000\000\000\000\000\000\000\000\000\000\000\000\000\000\000\000\000\000\000\000\000\000\000\000\000\000\000\000\000\000\000\000P\031\334\331\315\254\230\rBG\314\023\246\244=\351\177\254\302b&\276+H;0\312\021&\275\036\237\350Rs!\003R7o\362bV\300hf\266\241;}\200^\374\240\203[:\342Q\225\221\027y\372\255\235\216\323~vG0E\002!\000\341\260\270\253\024\312\305\036\340\305\000\2229-\364\rF\3473\316A\303bi\204lK\305\325\336\333\020\002 z\3614D\315\206\335\344\253\375G\223\367\266\207\267\034\337}\005t\013T\036C\373\016\353\254~\274\324""; ","validation: """"\200\000\000\001&\000\000\000\031)/\351\252\377:\r\302\353\023?\373\240rQ\313\206R\331\304k\323u\263t\221\213yC\241\217A\242\027g\322\241'\212.E?B_\316\327\217P\027\000\000\000\000\000\000\000\000\000\000\000\000\000\000\000\000\000\000\000\000\000\000\000\000\000\000\000\000\000\000\000\000P\031\334\331\315\254\230\rBG\314\023\246\244=\351\177\254\302b&\276+H;0\312\021&\275\036\237\350Rs!\003R7o\362bV\300hf\266\241;}\200^\374\240\203[:\342Q\225\221\027y\372\255\235\216\323~vG0E\002!\000\341\260\270\253\024\312\305\036\340\305\000\2229-\364\rF\3473\316A\303bi\204lK\305\325\336\333\020\002 z\3614D\315\206\335\344\253\375G\223\367\266\207\267\034\337}\005t\013T\036C\373\016\353\254~\274\324""; "
1750527615648,1750527615648,0,1,1,0,TMValidation,"validation: """"\200\000\000\001&\000\000\000\031)/\351\252\377:\r\302\353\023?\373\240rQ\313\206R\331\304k\323u\263t\221\213yC\241\217A\242\027g\322\241'\212.E?B_\316\327\217P\027\000\000\000\000\000\000\000\000\000\000\000\000\000\000\000\000\000\000\000\000\000\000\000\000\000\000\000\000\000\000\000\000P\031\334\331\315\254\230\rBG\314\023\246\244=\351\177\254\302b&\276+H;0\312\021&\275\036\237\350Rs!\003R7o\362bV\300hf\266\241;}\200^\374\240\203[:\342Q\225\221\027y\372\255\235\216\323~vG0E\002!\000\341\260\270\253\024\312\305\036\340\305\000\2229-\364\rF\3473\316A\303bi\204lK\305\325\336\333\020\002 z\3614D\315\206\335\344\253\375G\223\367\266\207\267\034\337}\005t\013T\036C\373\016\353\254~\274\324""; ","validation: """"\200\000\000\001&\000\000\000\031)/\351\252\377:\r\302\353\023?\373\240rQ\313\206R\331\304k\323u\263t\221\213yC\241\217A\242\027g\322\241'\212.E?B_\316\327\217P\027\000\000\000\000\000\000\000\000\000\000\000\000\000\000\000\000\000\000\000\000\000\000\000\000\000\000\000\000\000\000\000\000P\031\334\331\315\254\230\rBG\314\023\246\244=\351\177\254\302b&\276+H;0\312\021&\275\036\237\350Rs!\003R7o\362bV\300hf\266\241;}\200^\374\240\203[:\342Q\225\221\027y\372\255\235\216\323~vG0E\002!\000\341\260\270\253\024\312\305\036\340\305\000\2229-\364\rF\3473\316A\303bi\204lK\305\325\336\333\020\002 z\3614D\315\206\335\344\253\375G\223\367\266\207\267\034\337}\005t\013T\036C\373\016\353\254~\274\324""; "
1750527615647,1750527615647,0,1,4,2,TMValidation,"validation: """"\200\000\000\001&\000\000\000\031)/\351\252\377:\r\302\353\023?\373\240rQ\313\206R\331\304k\323u\263t\221\213yC\241\217A\242\027g\322\241'\212.E?B_\316\327\217P\027\000\000\000\000\000\000\000\000\000\000\000\000\000\000\000\000\000\000\000\000\000\000\000\000\000\000\000\000\000\000\000\000P\031\334\331\315\254\230\rBG\314\023\246\244=\351\177\254\302b&\276+H;0\312\021&\275\036\237\350Rs!\003R7o\362bV\300hf\266\241;}\200^\374\240\203[:\342Q\225\221\027y\372\255\235\216\323~vG0E\002!\000\341\260\270\253\024\312\305\036\340\305\000\2229-\364\rF\3473\316A\303bi\204lK\305\325\336\333\020\002 z\3614D\315\206\335\344\253\375G\223\367\266\207\267\034\337}\005t\013T\036C\373\016\353\254~\274\324""; ","validation: """"\200\000\000\001&\000\000\000\031)/\351\252\377:\r\302\353\023?\373\240rQ\313\206R\331\304k\323u\263t\221\213yC\241\217A\242\027g\322\241'\212.E?B_\316\327\217P\027\000\000\000\000\000\000\000\000\000\000\000\000\000\000\000\000\000\000\000\000\000\000\000\000\000\000\000\000\000\000\000\000P\031\334\331\315\254\230\rBG\314\023\246\244=\351\177\254\302b&\276+H;0\312\021&\275\036\237\350Rs!\003R7o\362bV\300hf\266\241;}\200^\374\240\203[:\342Q\225\221\027y\372\255\235\216\323~vG0E\002!\000\341\260\270\253\024\312\305\036\340\305\000\2229-\364\rF\3473\316A\303bi\204lK\305\325\336\333\020\002 z\3614D\315\206\335\344\253\375G\223\367\266\207\267\034\337}\005t\013T\036C\373\016\353\254~\274\324""; "
1750527615648,1750527615648,0,1,1,2,TMValidation,"validation: """"\200\000\000\001&\000\000\000\031)/\351\252\377:\r\302\353\023?\373\240rQ\313\206R\331\304k\323u\263t\221\213yC\241\217A\242\027g\322\241'\212.E?B_\316\327\217P\027\000\000\000\000\000\000\000\000\000\000\000\000\000\000\000\000\000\000\000\000\000\000\000\000\000\000\000\000\000\000\000\000P\031\334\331\315\254\230\rBG\314\023\246\244=\351\177\254\302b&\276+H;0\312\021&\275\036\237\350Rs!\003R7o\362bV\300hf\266\241;}\200^\374\240\203[:\342Q\225\221\027y\372\255\235\216\323~vG0E\002!\000\341\260\270\253\024\312\305\036\340\305\000\2229-\364\rF\3473\316A\303bi\204lK\305\325\336\333\020\002 z\3614D\315\206\335\344\253\375G\223\367\266\207\267\034\337}\005t\013T\036C\373\016\353\254~\274\324""; ","validation: """"\200\000\000\001&\000\000\000\031)/\351\252\377:\r\302\353\023?\373\240rQ\313\206R\331\304k\323u\263t\221\213yC\241\217A\242\027g\322\241'\212.E?B_\316\327\217P\027\000\000\000\000\000\000\000\000\000\000\000\000\000\000\000\000\000\000\000\000\000\000\000\000\000\000\000\000\000\000\000\000P\031\334\331\315\254\230\rBG\314\023\246\244=\351\177\254\302b&\276+H;0\312\021&\275\036\237\350Rs!\003R7o\362bV\300hf\266\241;}\200^\374\240\203[:\342Q\225\221\027y\372\255\235\216\323~vG0E\002!\000\341\260\270\253\024\312\305\036\340\305\000\2229-\364\rF\3473\316A\303bi\204lK\305\325\336\333\020\002 z\3614D\315\206\335\344\253\375G\223\367\266\207\267\034\337}\005t\013T\036C\373\016\353\254~\274\324""; "
1750527615649,1750527615649,0,1,3,1,TMValidation,"validation: """"\200\000\000\001&\000\000\000\031)/\351\252\377:\r\302\353\023?\373\240rQ\313\206R\331\304k\323u\263t\221\213yC\241\217A\242\027g\322\241'\212.E?B_\316\327\217P\027\000\000\000\000\000\000\000\000\000\000\000\000\000\000\000\000\000\000\000\000\000\000\000\000\000\000\000\000\000\000\000\000P\031\334\331\315\254\230\rBG\314\023\246\244=\351\177\254\302b&\276+H;0\312\021&\275\036\237\350Rs!\003R7o\362bV\300hf\266\241;}\200^\374\240\203[:\342Q\225\221\027y\372\255\235\216\323~vG0E\002!\000\341\260\270\253\024\312\305\036\340\305\000\2229-\364\rF\3473\316A\303bi\204lK\305\325\336\333\020\002 z\3614D\315\206\335\344\253\375G\223\367\266\207\267\034\337}\005t\013T\036C\373\016\353\254~\274\324""; ","validation: """"\200\000\000\001&\000\000\000\031)/\351\252\377:\r\302\353\023?\373\240rQ\313\206R\331\304k\323u\263t\221\213yC\241\217A\242\027g\322\241'\212.E?B_\316\327\217P\027\000\000\000\000\000\000\000\000\000\000\000\000\000\000\000\000\000\000\000\000\000\000\000\000\000\000\000\000\000\000\000\000P\031\334\331\315\254\230\rBG\314\023\246\244=\351\177\254\302b&\276+H;0\312\021&\275\036\237\350Rs!\003R7o\362bV\300hf\266\241;}\200^\374\240\203[:\342Q\225\221\027y\372\255\235\216\323~vG0E\002!\000\341\260\270\253\024\312\305\036\340\305\000\2229-\364\rF\3473\316A\303bi\204lK\305\325\336\333\020\002 z\3614D\315\206\335\344\253\375G\223\367\266\207\267\034\337}\005t\013T\036C\373\016\353\254~\274\324""; "
1750527615650,1750527615650,0,1,3,2,TMValidation,"validation: """"\200\000\000\001&\000\000\000\031)/\351\252\377:\r\302\353\023?\373\240rQ\313\206R\331\304k\323u\263t\221\213yC\241\217A\242\027g\322\241'\212.E?B_\316\327\217P\027\000\000\000\000\000\000\000\000\000\000\000\000\000\000\000\000\000\000\000\000\000\000\000\000\000\000\000\000\000\000\000\000P\031\334\331\315\254\230\rBG\314\023\246\244=\351\177\254\302b&\276+H;0\312\021&\275\036\237\350Rs!\003R7o\362bV\300hf\266\241;}\200^\374\240\203[:\342Q\225\221\027y\372\255\235\216\323~vG0E\002!\000\341\260\270\253\024\312\305\036\340\305\000\2229-\364\rF\3473\316A\303bi\204lK\305\325\336\333\020\002 z\3614D\315\206\335\344\253\375G\223\367\266\207\267\034\337}\005t\013T\036C\373\016\353\254~\274\324""; ","validation: """"\200\000\000\001&\000\000\000\031)/\351\252\377:\r\302\353\023?\373\240rQ\313\206R\331\304k\323u\263t\221\213yC\241\217A\242\027g\322\241'\212.E?B_\316\327\217P\027\000\000\000\000\000\000\000\000\000\000\000\000\000\000\000\000\000\000\000\000\000\000\000\000\000\000\000\000\000\000\000\000P\031\334\331\315\254\230\rBG\314\023\246\244=\351\177\254\302b&\276+H;0\312\021&\275\036\237\350Rs!\003R7o\362bV\300hf\266\241;}\200^\374\240\203[:\342Q\225\221\027y\372\255\235\216\323~vG0E\002!\000\341\260\270\253\024\312\305\036\340\305\000\2229-\364\rF\3473\316A\303bi\204lK\305\325\336\333\020\002 z\3614D\315\206\335\344\253\375G\223\367\266\207\267\034\337}\005t\013T\036C\373\016\353\254~\274\324""; "
1750527615650,1750527615650,0,1,3,0,TMValidation,"validation: """"\200\000\000\001&\000\000\000\031)/\351\252\377:\r\302\353\023?\373\240rQ\313\206R\331\304k\323u\263t\221\213yC\241\217A\242\027g\322\241'\212.E?B_\316\327\217P\027\000\000\000\000\000\000\000\000\000\000\000\000\000\000\000\000\000\000\000\000\000\000\000\000\000\000\000\000\000\000\000\000P\031\334\331\315\254\230\rBG\314\023\246\244=\351\177\254\302b&\276+H;0\312\021&\275\036\237\350Rs!\003R7o\362bV\300hf\266\241;}\200^\374\240\203[:\342Q\225\221\027y\372\255\235\216\323~vG0E\002!\000\341\260\270\253\024\312\305\036\340\305\000\2229-\364\rF\3473\316A\303bi\204lK\305\325\336\333\020\002 z\3614D\315\206\335\344\253\375G\223\367\266\207\267\034\337}\005t\013T\036C\373\016\353\254~\274\324""; ","validation: """"\200\000\000\001&\000\000\000\031)/\351\252\377:\r\302\353\023?\373\240rQ\313\206R\331\304k\323u\263t\221\213yC\241\217A\242\027g\322\241'\212.E?B_\316\327\217P\027\000\000\000\000\000\000\000\000\000\000\000\000\000\000\000\000\000\000\000\000\000\000\000\000\000\000\000\000\000\000\000\000P\031\334\331\315\254\230\rBG\314\023\246\244=\351\177\254\302b&\276+H;0\312\021&\275\036\237\350Rs!\003R7o\362bV\300hf\266\241;}\200^\374\240\203[:\342Q\225\221\027y\372\255\235\216\323~vG0E\002!\000\341\260\270\253\024\312\305\036\340\305\000\2229-\364\rF\3473\316A\303bi\204lK\305\325\336\333\020\002 z\3614D\315\206\335\344\253\375G\223\367\266\207\267\034\337}\005t\013T\036C\373\016\353\254~\274\324""; "
1750527615650,1750527615650,0,1,0,3,TMValidation,"validation: """"\200\000\000\001&\000\000\000\031)/\351\252\377:\r\302\353\023?\373\240rQ\313\206R\331\304k\323u\263t\221\213yC\241\217A\242\027g\322\241'\212.E?B_\316\327\217P\027\000\000\000\000\000\000\000\000\000\000\000\000\000\000\000\000\000\000\000\000\000\000\000\000\000\000\000\000\000\000\000\000P\031\334\331\315\254\230\rBG\314\023\246\244=\351\177\254\302b&\276+H;0\312\021&\275\036\237\350Rs!\003R7o\362bV\300hf\266\241;}\200^\374\240\203[:\342Q\225\221\027y\372\255\235\216\323~vG0E\002!\000\341\260\270\253\024\312\305\036\340\305\000\2229-\364\rF\3473\316A\303bi\204lK\305\325\336\333\020\002 z\3614D\315\206\335\344\253\375G\223\367\266\207\267\034\337}\005t\013T\036C\373\016\353\254~\274\324""; ","validation: """"\200\000\000\001&\000\000\000\031)/\351\252\377:\r\302\353\023?\373\240rQ\313\206R\331\304k\323u\263t\221\213yC\241\217A\242\027g\322\241'\212.E?B_\316\327\217P\027\000\000\000\000\000\000\000\000\000\000\000\000\000\000\000\000\000\000\000\000\000\000\000\000\000\000\000\000\000\000\000\000P\031\334\331\315\254\230\rBG\314\023\246\244=\351\177\254\302b&\276+H;0\312\021&\275\036\237\350Rs!\003R7o\362bV\300hf\266\241;}\200^\374\240\203[:\342Q\225\221\027y\372\255\235\216\323~vG0E\002!\000\341\260\270\253\024\312\305\036\340\305\000\2229-\364\rF\3473\316A\303bi\204lK\305\325\336\333\020\002 z\3614D\315\206\335\344\253\375G\223\367\266\207\267\034\337}\005t\013T\036C\373\016\353\254~\274\324""; "
1750527615651,1750527615651,0,1,0,2,TMValidation,"validation: """"\200\000\000\001&\000\000\000\031)/\351\252\377:\r\302\353\023?\373\240rQ\313\206R\331\304k\323u\263t\221\213yC\241\217A\242\027g\322\241'\212.E?B_\316\327\217P\027\000\000\000\000\000\000\000\000\000\000\000\000\000\000\000\000\000\000\000\000\000\000\000\000\000\000\000\000\000\000\000\000P\031\334\331\315\254\230\rBG\314\023\246\244=\351\177\254\302b&\276+H;0\312\021&\275\036\237\350Rs!\003R7o\362bV\300hf\266\241;}\200^\374\240\203[:\342Q\225\221\027y\372\255\235\216\323~vG0E\002!\000\341\260\270\253\024\312\305\036\340\305\000\2229-\364\rF\3473\316A\303bi\204lK\305\325\336\333\020\002 z\3614D\315\206\335\344\253\375G\223\367\266\207\267\034\337}\005t\013T\036C\373\016\353\254~\274\324""; ","validation: """"\200\000\000\001&\000\000\000\031)/\351\252\377:\r\302\353\023?\373\240rQ\313\206R\331\304k\323u\263t\221\213yC\241\217A\242\027g\322\241'\212.E?B_\316\327\217P\027\000\000\000\000\000\000\000\000\000\000\000\000\000\000\000\000\000\000\000\000\000\000\000\000\000\000\000\000\000\000\000\000P\031\334\331\315\254\230\rBG\314\023\246\244=\351\177\254\302b&\276+H;0\312\021&\275\036\237\350Rs!\003R7o\362bV\300hf\266\241;}\200^\374\240\203[:\342Q\225\221\027y\372\255\235\216\323~vG0E\002!\000\341\260\270\253\024\312\305\036\340\305\000\2229-\364\rF\3473\316A\303bi\204lK\305\325\336\333\020\002 z\3614D\315\206\335\344\253\375G\223\367\266\207\267\034\337}\005t\013T\036C\373\016\353\254~\274\324""; "
1750527615651,1750527615651,0,1,0,1,TMValidation,"validation: """"\200\000\000\001&\000\000\000\031)/\351\252\377:\r\302\353\023?\373\240rQ\313\206R\331\304k\323u\263t\221\213yC\241\217A\242\027g\322\241'\212.E?B_\316\327\217P\027\000\000\000\000\000\000\000\000\000\000\000\000\000\000\000\000\000\000\000\000\000\000\000\000\000\000\000\000\000\000\000\000P\031\334\331\315\254\230\rBG\314\023\246\244=\351\177\254\302b&\276+H;0\312\021&\275\036\237\350Rs!\003R7o\362bV\300hf\266\241;}\200^\374\240\203[:\342Q\225\221\027y\372\255\235\216\323~vG0E\002!\000\341\260\270\253\024\312\305\036\340\305\000\2229-\364\rF\3473\316A\303bi\204lK\305\325\336\333\020\002 z\3614D\315\206\335\344\253\375G\223\367\266\207\267\034\337}\005t\013T\036C\373\016\353\254~\274\324""; ","validation: """"\200\000\000\001&\000\000\000\031)/\351\252\377:\r\302\353\023?\373\240rQ\313\206R\331\304k\323u\263t\221\213yC\241\217A\242\027g\322\241'\212.E?B_\316\327\217P\027\000\000\000\000\000\000\000\000\000\000\000\000\000\000\000\000\000\000\000\000\000\000\000\000\000\000\000\000\000\000\000\000P\031\334\331\315\254\230\rBG\314\023\246\244=\351\177\254\302b&\276+H;0\312\021&\275\036\237\350Rs!\003R7o\362bV\300hf\266\241;}\200^\374\240\203[:\342Q\225\221\027y\372\255\235\216\323~vG0E\002!\000\341\260\270\253\024\312\305\036\340\305\000\2229-\364\rF\3473\316A\303bi\204lK\305\325\336\333\020\002 z\3614D\315\206\335\344\253\375G\223\367\266\207\267\034\337}\005t\013T\036C\373\016\353\254~\274\324""; "
1750527615652,1750527615652,0,1,2,3,TMValidation,"validation: """"\200\000\000\001&\000\000\000\031)/\351\252\377:\r\302\353\023?\373\240rQ\313\206R\331\304k\323u\263t\221\213yC\241\217A\242\027g\322\241'\212.E?B_\316\327\217P\027\000\000\000\000\000\000\000\000\000\000\000\000\000\000\000\000\000\000\000\000\000\000\000\000\000\000\000\000\000\000\000\000P\031\334\331\315\254\230\rBG\314\023\246\244=\351\177\254\302b&\276+H;0\312\021&\275\036\237\350Rs!\003R7o\362bV\300hf\266\241;}\200^\374\240\203[:\342Q\225\221\027y\372\255\235\216\323~vG0E\002!\000\341\260\270\253\024\312\305\036\340\305\000\2229-\364\rF\3473\316A\303bi\204lK\305\325\336\333\020\002 z\3614D\315\206\335\344\253\375G\223\367\266\207\267\034\337}\005t\013T\036C\373\016\353\254~\274\324""; ","validation: """"\200\000\000\001&\000\000\000\031)/\351\252\377:\r\302\353\023?\373\240rQ\313\206R\331\304k\323u\263t\221\213yC\241\217A\242\027g\322\241'\212.E?B_\316\327\217P\027\000\000\000\000\000\000\000\000\000\000\000\000\000\000\000\000\000\000\000\000\000\000\000\000\000\000\000\000\000\000\000\000P\031\334\331\315\254\230\rBG\314\023\246\244=\351\177\254\302b&\276+H;0\312\021&\275\036\237\350Rs!\003R7o\362bV\300hf\266\241;}\200^\374\240\203[:\342Q\225\221\027y\372\255\235\216\323~vG0E\002!\000\341\260\270\253\024\312\305\036\340\305\000\2229-\364\rF\3473\316A\303bi\204lK\305\325\336\333\020\002 z\3614D\315\206\335\344\253\375G\223\367\266\207\267\034\337}\005t\013T\036C\373\016\353\254~\274\324""; "
1750527615652,1750527615652,0,1,2,1,TMValidation,"validation: """"\200\000\000\001&\000\000\000\031)/\351\252\377:\r\302\353\023?\373\240rQ\313\206R\331\304k\323u\263t\221\213yC\241\217A\242\027g\322\241'\212.E?B_\316\327\217P\027\000\000\000\000\000\000\000\000\000\000\000\000\000\000\000\000\000\000\000\000\000\000\000\000\000\000\000\000\000\000\000\000P\031\334\331\315\254\230\rBG\314\023\246\244=\351\177\254\302b&\276+H;0\312\021&\275\036\237\350Rs!\003R7o\362bV\300hf\266\241;}\200^\374\240\203[:\342Q\225\221\027y\372\255\235\216\323~vG0E\002!\000\341\260\270\253\024\312\305\036\340\305\000\2229-\364\rF\3473\316A\303bi\204lK\305\325\336\333\020\002 z\3614D\315\206\335\344\253\375G\223\367\266\207\267\034\337}\005t\013T\036C\373\016\353\254~\274\324""; ","validation: """"\200\000\000\001&\000\000\000\031)/\351\252\377:\r\302\353\023?\373\240rQ\313\206R\331\304k\323u\263t\221\213yC\241\217A\242\027g\322\241'\212.E?B_\316\327\217P\027\000\000\000\000\000\000\000\000\000\000\000\000\000\000\000\000\000\000\000\000\000\000\000\000\000\000\000\000\000\000\000\000P\031\334\331\315\254\230\rBG\314\023\246\244=\351\177\254\302b&\276+H;0\312\021&\275\036\237\350Rs!\003R7o\362bV\300hf\266\241;}\200^\374\240\203[:\342Q\225\221\027y\372\255\235\216\323~vG0E\002!\000\341\260\270\253\024\312\305\036\340\305\000\2229-\364\rF\3473\316A\303bi\204lK\305\325\336\333\020\002 z\3614D\315\206\335\344\253\375G\223\367\266\207\267\034\337}\005t\013T\036C\373\016\353\254~\274\324""; "
1750527615652,1750527615653,0,1,2,0,TMValidation,"validation: """"\200\000\000\001&\000\000\000\031)/\351\252\377:\r\302\353\023?\373\240rQ\313\206R\331\304k\323u\263t\221\213yC\241\217A\242\027g\322\241'\212.E?B_\316\327\217P\027\000\000\000\000\000\000\000\000\000\000\000\000\000\000\000\000\000\000\000\000\000\000\000\000\000\000\000\000\000\000\000\000P\031\334\331\315\254\230\rBG\314\023\246\244=\351\177\254\302b&\276+H;0\312\021&\275\036\237\350Rs!\003R7o\362bV\300hf\266\241;}\200^\374\240\203[:\342Q\225\221\027y\372\255\235\216\323~vG0E\002!\000\341\260\270\253\024\312\305\036\340\305\000\2229-\364\rF\3473\316A\303bi\204lK\305\325\336\333\020\002 z\3614D\315\206\335\344\253\375G\223\367\266\207\267\034\337}\005t\013T\036C\373\016\353\254~\274\324""; ","validation: """"\200\000\000\001&\000\000\000\031)/\351\252\377:\r\302\353\023?\373\240rQ\313\206R\331\304k\323u\263t\221\213yC\241\217A\242\027g\322\241'\212.E?B_\316\327\217P\027\000\000\000\000\000\000\000\000\000\000\000\000\000\000\000\000\000\000\000\000\000\000\000\000\000\000\000\000\000\000\000\000P\031\334\331\315\254\230\rBG\314\023\246\244=\351\177\254\302b&\276+H;0\312\021&\275\036\237\350Rs!\003R7o\362bV\300hf\266\241;}\200^\374\240\203[:\342Q\225\221\027y\372\255\235\216\323~vG0E\002!\000\341\260\270\253\024\312\305\036\340\305\000\2229-\364\rF\3473\316A\303bi\204lK\305\325\336\333\020\002 z\3614D\315\206\335\344\253\375G\223\367\266\207\267\034\337}\005t\013T\036C\373\016\353\254~\274\324""; "
1750527615677,1750527615677,0,1,1,4,TMStatusChange,"newEvent: neACCEPTED_LEDGER; ledgerSeq: 11; ledgerHash: ""\217\r\003K\266\305\315C\214\232\253\322f#\037\275` \312Q\313\216Ch\327\007x\320\303\216]p""; ledgerHashPrevious: ""\365\236\003\240\370\374\346\010(\376\005\316\217\025\177S\rdM\262\311\333\n\266Ve\363\337\n8\037\207""; networkTime: 803842815; firstSeq: 1; lastSeq: 25; ","newEvent: neACCEPTED_LEDGER; ledgerSeq: 11; ledgerHash: ""\217\r\003K\266\305\315C\214\232\253\322f#\037\275` \312Q\313\216Ch\327\007x\320\303\216]p""; ledgerHashPrevious: ""\365\236\003\240\370\374\346\010(\376\005\316\217\025\177S\rdM\262\311\333\n\266Ve\363\337\n8\037\207""; networkTime: 803842815; firstSeq: 1; lastSeq: 25; "
1750527615678,1750527615678,0,1,1,3,TMStatusChange,"newEvent: neACCEPTED_LEDGER; ledgerSeq: 11; ledgerHash: ""\217\r\003K\266\305\315C\214\232\253\322f#\037\275` \312Q\313\216Ch\327\007x\320\303\216]p""; ledgerHashPrevious: ""\365\236\003\240\370\374\346\010(\376\005\316\217\025\177S\rdM\262\311\333\n\266Ve\363\337\n8\037\207""; networkTime: 803842815; firstSeq: 1; lastSeq: 25; ","newEvent: neACCEPTED_LEDGER; ledgerSeq: 11; ledgerHash: ""\217\r\003K\266\305\315C\214\232\253\322f#\037\275` \312Q\313\216Ch\327\007x\320\303\216]p""; ledgerHashPrevious: ""\365\236\003\240\370\374\346\010(\376\005\316\217\025\177S\rdM\262\311\333\n\266Ve\363\337\n8\037\207""; networkTime: 803842815; firstSeq: 1; lastSeq: 25; "
1750527615678,1750527615678,0,1,1,0,TMStatusChange,"newEvent: neACCEPTED_LEDGER; ledgerSeq: 11; ledgerHash: ""\217\r\003K\266\305\315C\214\232\253\322f#\037\275` \312Q\313\216Ch\327\007x\320\303\216]p""; ledgerHashPrevious: ""\365\236\003\240\370\374\346\010(\376\005\316\217\025\177S\rdM\262\311\333\n\266Ve\363\337\n8\037\207""; networkTime: 803842815; firstSeq: 1; lastSeq: 25; ","newEvent: neACCEPTED_LEDGER; ledgerSeq: 11; ledgerHash: ""\217\r\003K\266\305\315C\214\232\253\322f#\037\275` \312Q\313\216Ch\327\007x\320\303\216]p""; ledgerHashPrevious: ""\365\236\003\240\370\374\346\010(\376\005\316\217\025\177S\rdM\262\311\333\n\266Ve\363\337\n8\037\207""; networkTime: 803842815; firstSeq: 1; lastSeq: 25; "
1750527615678,1750527615678,0,1,1,2,TMStatusChange,"newEvent: neACCEPTED_LEDGER; ledgerSeq: 11; ledgerHash: ""\217\r\003K\266\305\315C\214\232\253\322f#\037\275` \312Q\313\216Ch\327\007x\320\303\216]p""; ledgerHashPrevious: ""\365\236\003\240\370\374\346\010(\376\005\316\217\025\177S\rdM\262\311\333\n\266Ve\363\337\n8\037\207""; networkTime: 803842815; firstSeq: 1; lastSeq: 25; ","newEvent: neACCEPTED_LEDGER; ledgerSeq: 11; ledgerHash: ""\217\r\003K\266\305\315C\214\232\253\322f#\037\275` \312Q\313\216Ch\327\007x\320\303\216]p""; ledgerHashPrevious: ""\365\236\003\240\370\374\346\010(\376\005\316\217\025\177S\rdM\262\311\333\n\266Ve\363\337\n8\037\207""; networkTime: 803842815; firstSeq: 1; lastSeq: 25; "
1750527616442,1750527616442,0,1,3,4,TMProposeSet,"proposeSeq: 0; currentTxHash: ""\000\000\000\000\000\000\000\000\000\000\000\000\000\000\000\000\000\000\000\000\000\000\000\000\000\000\000\000\000\000\000\000""; nodePubKey: ""\002\364d\217\366\217|\316F\232\231\241\n\261\333`\312O\367\235\025DD\336e\367\n\312\326\221\037\025\230""; closeTime: 803842816; signature: ""0D\002!\000\371;}\224e$\372\206\371\334\tw\006A\306\222\246^\210\230\321\345\204^\257\030\016\241i\022b\233\002\037\027+\342>\307b\274\245-a\337\013\354\255\026\255#\323\224\301\244\330\340\017\246\364\376B\277X=""; previousledger: ""\313\206R\331\304k\323u\263t\221\213yC\241\217A\242\027g\322\241'\212.E?B_\316\327\217""; ","proposeSeq: 0; currentTxHash: ""\000\000\000\000\000\000\000\000\000\000\000\000\000\000\000\000\000\000\000\000\000\000\000\000\000\000\000\000\000\000\000\000""; nodePubKey: ""\002\364d\217\366\217|\316F\232\231\241\n\261\333`\312O\367\235\025DD\336e\367\n\312\326\221\037\025\230""; closeTime: 803842816; signature: ""0D\002!\000\371;}\224e$\372\206\371\334\tw\006A\306\222\246^\210\230\321\345\204^\257\030\016\241i\022b\233\002\037\027+\342>\307b\274\245-a\337\013\354\255\026\255#\323\224\301\244\330\340\017\246\364\376B\277X=""; previousledger: ""\313\206R\331\304k\323u\263t\221\213yC\241\217A\242\027g\322\241'\212.E?B_\316\327\217""; "
1750527616445,1750527616445,0,1,4,0,TMProposeSet,"proposeSeq: 0; currentTxHash: ""\000\000\000\000\000\000\000\000\000\000\000\000\000\000\000\000\000\000\000\000\000\000\000\000\000\000\000\000\000\000\000\000""; nodePubKey: ""\002\364d\217\366\217|\316F\232\231\241\n\261\333`\312O\367\235\025DD\336e\367\n\312\326\221\037\025\230""; closeTime: 803842816; signature: ""0D\002!\000\371;}\224e$\372\206\371\334\tw\006A\306\222\246^\210\230\321\345\204^\257\030\016\241i\022b\233\002\037\027+\342>\307b\274\245-a\337\013\354\255\026\255#\323\224\301\244\330\340\017\246\364\376B\277X=""; previousledger: ""\313\206R\331\304k\323u\263t\221\213yC\241\217A\242\027g\322\241'\212.E?B_\316\327\217""; ","proposeSeq: 0; currentTxHash: ""\000\000\000\000\000\000\000\000\000\000\000\000\000\000\000\000\000\000\000\000\000\000\000\000\000\000\000\000\000\000\000\000""; nodePubKey: ""\002\364d\217\366\217|\316F\232\231\241\n\261\333`\312O\367\235\025DD\336e\367\n\312\326\221\037\025\230""; closeTime: 803842816; signature: ""0D\002!\000\371;}\224e$\372\206\371\334\tw\006A\306\222\246^\210\230\321\345\204^\257\030\016\241i\022b\233\002\037\027+\342>\307b\274\245-a\337\013\354\255\026\255#\323\224\301\244\330\340\017\246\364\376B\277X=""; previousledger: ""\313\206R\331\304k\323u\263t\221\213yC\241\217A\242\027g\322\241'\212.E?B_\316\327\217""; "
1750527616445,1750527616445,0,1,4,2,TMProposeSet,"proposeSeq: 0; currentTxHash: ""\000\000\000\000\000\000\000\000\000\000\000\000\000\000\000\000\000\000\000\000\000\000\000\000\000\000\000\000\000\000\000\000""; nodePubKey: ""\002\364d\217\366\217|\316F\232\231\241\n\261\333`\312O\367\235\025DD\336e\367\n\312\326\221\037\025\230""; closeTime: 803842816; signature: ""0D\002!\000\371;}\224e$\372\206\371\334\tw\006A\306\222\246^\210\230\321\345\204^\257\030\016\241i\022b\233\002\037\027+\342>\307b\274\245-a\337\013\354\255\026\255#\323\224\301\244\330\340\017\246\364\376B\277X=""; previousledger: ""\313\206R\331\304k\323u\263t\221\213yC\241\217A\242\027g\322\241'\212.E?B_\316\327\217""; ","proposeSeq: 0; currentTxHash: ""\000\000\000\000\000\000\000\000\000\000\000\000\000\000\000\000\000\000\000\000\000\000\000\000\000\000\000\000\000\000\000\000""; nodePubKey: ""\002\364d\217\366\217|\316F\232\231\241\n\261\333`\312O\367\235\025DD\336e\367\n\312\326\221\037\025\230""; closeTime: 803842816; signature: ""0D\002!\000\371;}\224e$\372\206\371\334\tw\006A\306\222\246^\210\230\321\345\204^\257\030\016\241i\022b\233\002\037\027+\342>\307b\274\245-a\337\013\354\255\026\255#\323\224\301\244\330\340\017\246\364\376B\277X=""; previousledger: ""\313\206R\331\304k\323u\263t\221\213yC\241\217A\242\027g\322\241'\212.E?B_\316\327\217""; "
1750527616446,1750527616446,0,1,4,1,TMProposeSet,"proposeSeq: 0; currentTxHash: ""\000\000\000\000\000\000\000\000\000\000\000\000\000\000\000\000\000\000\000\000\000\000\000\000\000\000\000\000\000\000\000\000""; nodePubKey: ""\002\364d\217\366\217|\316F\232\231\241\n\261\333`\312O\367\235\025DD\336e\367\n\312\326\221\037\025\230""; closeTime: 803842816; signature: ""0D\002!\000\371;}\224e$\372\206\371\334\tw\006A\306\222\246^\210\230\321\345\204^\257\030\016\241i\022b\233\002\037\027+\342>\307b\274\245-a\337\013\354\255\026\255#\323\224\301\244\330\340\017\246\364\376B\277X=""; previousledger: ""\313\206R\331\304k\323u\263t\221\213yC\241\217A\242\027g\322\241'\212.E?B_\316\327\217""; ","proposeSeq: 0; currentTxHash: ""\000\000\000\000\000\000\000\000\000\000\000\000\000\000\000\000\000\000\000\000\000\000\000\000\000\000\000\000\000\000\000\000""; nodePubKey: ""\002\364d\217\366\217|\316F\232\231\241\n\261\333`\312O\367\235\025DD\336e\367\n\312\326\221\037\025\230""; closeTime: 803842816; signature: ""0D\002!\000\371;}\224e$\372\206\371\334\tw\006A\306\222\246^\210\230\321\345\204^\257\030\016\241i\022b\233\002\037\027+\342>\307b\274\245-a\337\013\354\255\026\255#\323\224\301\244\330\340\017\246\364\376B\277X=""; previousledger: ""\313\206R\331\304k\323u\263t\221\213yC\241\217A\242\027g\322\241'\212.E?B_\316\327\217""; "
1750527616482,1750527616482,0,1,3,0,TMProposeSet,"proposeSeq: 0; currentTxHash: ""\000\000\000\000\000\000\000\000\000\000\000\000\000\000\000\000\000\000\000\000\000\000\000\000\000\000\000\000\000\000\000\000""; nodePubKey: ""\002\364d\217\366\217|\316F\232\231\241\n\261\333`\312O\367\235\025DD\336e\367\n\312\326\221\037\025\230""; closeTime: 803842816; signature: ""0D\002!\000\371;}\224e$\372\206\371\334\tw\006A\306\222\246^\210\230\321\345\204^\257\030\016\241i\022b\233\002\037\027+\342>\307b\274\245-a\337\013\354\255\026\255#\323\224\301\244\330\340\017\246\364\376B\277X=""; previousledger: ""\313\206R\331\304k\323u\263t\221\213yC\241\217A\242\027g\322\241'\212.E?B_\316\327\217""; ","proposeSeq: 0; currentTxHash: ""\000\000\000\000\000\000\000\000\000\000\000\000\000\000\000\000\000\000\000\000\000\000\000\000\000\000\000\000\000\000\000\000""; nodePubKey: ""\002\364d\217\366\217|\316F\232\231\241\n\261\333`\312O\367\235\025DD\336e\367\n\312\326\221\037\025\230""; closeTime: 803842816; signature: ""0D\002!\000\371;}\224e$\372\206\371\334\tw\006A\306\222\246^\210\230\321\345\204^\257\030\016\241i\022b\233\002\037\027+\342>\307b\274\245-a\337\013\354\255\026\255#\323\224\301\244\330\340\017\246\364\376B\277X=""; previousledger: ""\313\206R\331\304k\323u\263t\221\213yC\241\217A\242\027g\322\241'\212.E?B_\316\327\217""; "
1750527616482,1750527616482,0,1,3,2,TMProposeSet,"proposeSeq: 0; currentTxHash: ""\000\000\000\000\000\000\000\000\000\000\000\000\000\000\000\000\000\000\000\000\000\000\000\000\000\000\000\000\000\000\000\000""; nodePubKey: ""\002\364d\217\366\217|\316F\232\231\241\n\261\333`\312O\367\235\025DD\336e\367\n\312\326\221\037\025\230""; closeTime: 803842816; signature: ""0D\002!\000\371;}\224e$\372\206\371\334\tw\006A\306\222\246^\210\230\321\345\204^\257\030\016\241i\022b\233\002\037\027+\342>\307b\274\245-a\337\013\354\255\026\255#\323\224\301\244\330\340\017\246\364\376B\277X=""; previousledger: ""\313\206R\331\304k\323u\263t\221\213yC\241\217A\242\027g\322\241'\212.E?B_\316\327\217""; ","proposeSeq: 0; currentTxHash: ""\000\000\000\000\000\000\000\000\000\000\000\000\000\000\000\000\000\000\000\000\000\000\000\000\000\000\000\000\000\000\000\000""; nodePubKey: ""\002\364d\217\366\217|\316F\232\231\241\n\261\333`\312O\367\235\025DD\336e\367\n\312\326\221\037\025\230""; closeTime: 803842816; signature: ""0D\002!\000\371;}\224e$\372\206\371\334\tw\006A\306\222\246^\210\230\321\345\204^\257\030\016\241i\022b\233\002\037\027+\342>\307b\274\245-a\337\013\354\255\026\255#\323\224\301\244\330\340\017\246\364\376B\277X=""; previousledger: ""\313\206R\331\304k\323u\263t\221\213yC\241\217A\242\027g\322\241'\212.E?B_\316\327\217""; "
1750527616483,1750527616483,0,1,3,1,TMProposeSet,"proposeSeq: 0; currentTxHash: ""\000\000\000\000\000\000\000\000\000\000\000\000\000\000\000\000\000\000\000\000\000\000\000\000\000\000\000\000\000\000\000\000""; nodePubKey: ""\002\364d\217\366\217|\316F\232\231\241\n\261\333`\312O\367\235\025DD\336e\367\n\312\326\221\037\025\230""; closeTime: 803842816; signature: ""0D\002!\000\371;}\224e$\372\206\371\334\tw\006A\306\222\246^\210\230\321\345\204^\257\030\016\241i\022b\233\002\037\027+\342>\307b\274\245-a\337\013\354\255\026\255#\323\224\301\244\330\340\017\246\364\376B\277X=""; previousledger: ""\313\206R\331\304k\323u\263t\221\213yC\241\217A\242\027g\322\241'\212.E?B_\316\327\217""; ","proposeSeq: 0; currentTxHash: ""\000\000\000\000\000\000\000\000\000\000\000\000\000\000\000\000\000\000\000\000\000\000\000\000\000\000\000\000\000\000\000\000""; nodePubKey: ""\002\364d\217\366\217|\316F\232\231\241\n\261\333`\312O\367\235\025DD\336e\367\n\312\326\221\037\025\230""; closeTime: 803842816; signature: ""0D\002!\000\371;}\224e$\372\206\371\334\tw\006A\306\222\246^\210\230\321\345\204^\257\030\016\241i\022b\233\002\037\027+\342>\307b\274\245-a\337\013\354\255\026\255#\323\224\301\244\330\340\017\246\364\376B\277X=""; previousledger: ""\313\206R\331\304k\323u\263t\221\213yC\241\217A\242\027g\322\241'\212.E?B_\316\327\217""; "
1750527616443,1750527616516,0,1,3,2,TMStatusChange,"newEvent: neCLOSING_LEDGER; ledgerSeq: 25; ledgerHash: ""\313\206R\331\304k\323u\263t\221\213yC\241\217A\242\027g\322\241'\212.E?B_\316\327\217""; ledgerHashPrevious: ""\334\331\315\254\230\rBG\314\023\246\244=\351\177\254\302b&\276+H;0\312\021&\275\036\237\350R""; networkTime: 803842816; firstSeq: 1; lastSeq: 25; ","newEvent: neCLOSING_LEDGER; ledgerSeq: 25; ledgerHash: ""\313\206R\331\304k\323u\263t\221\213yC\241\217A\242\027g\322\241'\212.E?B_\316\327\217""; ledgerHashPrevious: ""\334\331\315\254\230\rBG\314\023\246\244=\351\177\254\302b&\276+H;0\312\021&\275\036\237\350R""; networkTime: 803842816; firstSeq: 1; lastSeq: 25; "
1750527616444,1750527616517,0,1,3,1,TMStatusChange,"newEvent: neCLOSING_LEDGER; ledgerSeq: 25; ledgerHash: ""\313\206R\331\304k\323u\263t\221\213yC\241\217A\242\027g\322\241'\212.E?B_\316\327\217""; ledgerHashPrevious: ""\334\331\315\254\230\rBG\314\023\246\244=\351\177\254\302b&\276+H;0\312\021&\275\036\237\350R""; networkTime: 803842816; firstSeq: 1; lastSeq: 25; ","newEvent: neCLOSING_LEDGER; ledgerSeq: 25; ledgerHash: ""\313\206R\331\304k\323u\263t\221\213yC\241\217A\242\027g\322\241'\212.E?B_\316\327\217""; ledgerHashPrevious: ""\334\331\315\254\230\rBG\314\023\246\244=\351\177\254\302b&\276+H;0\312\021&\275\036\237\350R""; networkTime: 803842816; firstSeq: 1; lastSeq: 25; "
1750527616443,1750527616517,0,1,3,0,TMStatusChange,"newEvent: neCLOSING_LEDGER; ledgerSeq: 25; ledgerHash: ""\313\206R\331\304k\323u\263t\221\213yC\241\217A\242\027g\322\241'\212.E?B_\316\327\217""; ledgerHashPrevious: ""\334\331\315\254\230\rBG\314\023\246\244=\351\177\254\302b&\276+H;0\312\021&\275\036\237\350R""; networkTime: 803842816; firstSeq: 1; lastSeq: 25; ","newEvent: neCLOSING_LEDGER; ledgerSeq: 25; ledgerHash: ""\313\206R\331\304k\323u\263t\221\213yC\241\217A\242\027g\322\241'\212.E?B_\316\327\217""; ledgerHashPrevious: ""\334\331\315\254\230\rBG\314\023\246\244=\351\177\254\302b&\276+H;0\312\021&\275\036\237\350R""; networkTime: 803842816; firstSeq: 1; lastSeq: 25; "
1750527616443,1750527616516,0,1,3,4,TMStatusChange,"newEvent: neCLOSING_LEDGER; ledgerSeq: 25; ledgerHash: ""\313\206R\331\304k\323u\263t\221\213yC\241\217A\242\027g\322\241'\212.E?B_\316\327\217""; ledgerHashPrevious: ""\334\331\315\254\230\rBG\314\023\246\244=\351\177\254\302b&\276+H;0\312\021&\275\036\237\350R""; networkTime: 803842816; firstSeq: 1; lastSeq: 25; ","newEvent: neCLOSING_LEDGER; ledgerSeq: 25; ledgerHash: ""\313\206R\331\304k\323u\263t\221\213yC\241\217A\242\027g\322\241'\212.E?B_\316\327\217""; ledgerHashPrevious: ""\334\331\315\254\230\rBG\314\023\246\244=\351\177\254\302b&\276+H;0\312\021&\275\036\237\350R""; networkTime: 803842816; firstSeq: 1; lastSeq: 25; "
1750527616606,1750527616606,0,1,4,2,TMProposeSet,"proposeSeq: 0; currentTxHash: ""\000\000\000\000\000\000\000\000\000\000\000\000\000\000\000\000\000\000\000\000\000\000\000\000\000\000\000\000\000\000\000\000""; nodePubKey: ""\003R7o\362bV\300hf\266\241;}\200^\374\240\203[:\342Q\225\221\027y\372\255\235\216\323~""; closeTime: 803842816; signature: ""0E\002!\000\203\311\311\237\004[\314\223\302m\326Cy\221\2330yR\002e\323\352\212\255?\365\272\202\024\373i}\002 (\230i3\3633\261d\232\3448\331\200;\036\203\211!\030\325\345\266\347\001\303\320*\274""\313\247\305""; previousledger: ""\313\206R\331\304k\323u\263t\221\213yC\241\217A\242\027g\322\241'\212.E?B_\316\327\217""; ","proposeSeq: 0; currentTxHash: ""\000\000\000\000\000\000\000\000\000\000\000\000\000\000\000\000\000\000\000\000\000\000\000\000\000\000\000\000\000\000\000\000""; nodePubKey: ""\003R7o\362bV\300hf\266\241;}\200^\374\240\203[:\342Q\225\221\027y\372\255\235\216\323~""; closeTime: 803842816; signature: ""0E\002!\000\203\311\311\237\004[\314\223\302m\326Cy\221\2330yR\002e\323\352\212\255?\365\272\202\024\373i}\002 (\230i3\3633\261d\232\3448\331\200;\036\203\211!\030\325\345\266\347\001\303\320*\274""\313\247\305""; previousledger: ""\313\206R\331\304k\323u\263t\221\213yC\241\217A\242\027g\322\241'\212.E?B_\316\327\217""; "
1750527616606,1750527616606,0,1,4,3,TMProposeSet,"proposeSeq: 0; currentTxHash: ""\000\000\000\000\000\000\000\000\000\000\000\000\000\000\000\000\000\000\000\000\000\000\000\000\000\000\000\000\000\000\000\000""; nodePubKey: ""\003R7o\362bV\300hf\266\241;}\200^\374\240\203[:\342Q\225\221\027y\372\255\235\216\323~""; closeTime: 803842816; signature: ""0E\002!\000\203\311\311\237\004[\314\223\302m\326Cy\221\2330yR\002e\323\352\212\255?\365\272\202\024\373i}\002 (\230i3\3633\261d\232\3448\331\200;\036\203\211!\030\325\345\266\347\001\303\320*\274""\313\247\305""; previousledger: ""\313\206R\331\304k\323u\263t\221\213yC\241\217A\242\027g\322\241'\212.E?B_\316\327\217""; ","proposeSeq: 0; currentTxHash: ""\000\000\000\000\000\000\000\000\000\000\000\000\000\000\000\000\000\000\000\000\000\000\000\000\000\000\000\000\000\000\000\000""; nodePubKey: ""\003R7o\362bV\300hf\266\241;}\200^\374\240\203[:\342Q\225\221\027y\372\255\235\216\323~""; closeTime: 803842816; signature: ""0E\002!\000\203\311\311\237\004[\314\223\302m\326Cy\221\2330yR\002e\323\352\212\255?\365\272\202\024\373i}\002 (\230i3\3633\261d\232\3448\331\200;\036\203\211!\030\325\345\266\347\001\303\320*\274""\313\247\305""; previousledger: ""\313\206R\331\304k\323u\263t\221\213yC\241\217A\242\027g\322\241'\212.E?B_\316\327\217""; "
1750527616609,1750527616609,0,1,4,0,TMProposeSet,"proposeSeq: 0; currentTxHash: ""\000\000\000\000\000\000\000\000\000\000\000\000\000\000\000\000\000\000\000\000\000\000\000\000\000\000\000\000\000\000\000\000""; nodePubKey: ""\003R7o\362bV\300hf\266\241;}\200^\374\240\203[:\342Q\225\221\027y\372\255\235\216\323~""; closeTime: 803842816; signature: ""0E\002!\000\203\311\311\237\004[\314\223\302m\326Cy\221\2330yR\002e\323\352\212\255?\365\272\202\024\373i}\002 (\230i3\3633\261d\232\3448\331\200;\036\203\211!\030\325\345\266\347\001\303\320*\274""\313\247\305""; previousledger: ""\313\206R\331\304k\323u\263t\221\213yC\241\217A\242\027g\322\241'\212.E?B_\316\327\217""; ","proposeSeq: 0; currentTxHash: ""\000\000\000\000\000\000\000\000\000\000\000\000\000\000\000\000\000\000\000\000\000\000\000\000\000\000\000\000\000\000\000\000""; nodePubKey: ""\003R7o\362bV\300hf\266\241;}\200^\374\240\203[:\342Q\225\221\027y\372\255\235\216\323~""; closeTime: 803842816; signature: ""0E\002!\000\203\311\311\237\004[\314\223\302m\326Cy\221\2330yR\002e\323\352\212\255?\365\272\202\024\373i}\002 (\230i3\3633\261d\232\3448\331\200;\036\203\211!\030\325\345\266\347\001\303\320*\274""\313\247\305""; previousledger: ""\313\206R\331\304k\323u\263t\221\213yC\241\217A\242\027g\322\241'\212.E?B_\316\327\217""; "
1750527616609,1750527616610,0,1,4,1,TMProposeSet,"proposeSeq: 0; currentTxHash: ""\000\000\000\000\000\000\000\000\000\000\000\000\000\000\000\000\000\000\000\000\000\000\000\000\000\000\000\000\000\000\000\000""; nodePubKey: ""\003R7o\362bV\300hf\266\241;}\200^\374\240\203[:\342Q\225\221\027y\372\255\235\216\323~""; closeTime: 803842816; signature: ""0E\002!\000\203\311\311\237\004[\314\223\302m\326Cy\221\2330yR\002e\323\352\212\255?\365\272\202\024\373i}\002 (\230i3\3633\261d\232\3448\331\200;\036\203\211!\030\325\345\266\347\001\303\320*\274""\313\247\305""; previousledger: ""\313\206R\331\304k\323u\263t\221\213yC\241\217A\242\027g\322\241'\212.E?B_\316\327\217""; ","proposeSeq: 0; currentTxHash: ""\000\000\000\000\000\000\000\000\000\000\000\000\000\000\000\000\000\000\000\000\000\000\000\000\000\000\000\000\000\000\000\000""; nodePubKey: ""\003R7o\362bV\300hf\266\241;}\200^\374\240\203[:\342Q\225\221\027y\372\255\235\216\323~""; closeTime: 803842816; signature: ""0E\002!\000\203\311\311\237\004[\314\223\302m\326Cy\221\2330yR\002e\323\352\212\255?\365\272\202\024\373i}\002 (\230i3\3633\261d\232\3448\331\200;\036\203\211!\030\325\345\266\347\001\303\320*\274""\313\247\305""; previousledger: ""\313\206R\331\304k\323u\263t\221\213yC\241\217A\242\027g\322\241'\212.E?B_\316\327\217""; "
1750527616610,1750527616610,0,1,3,2,TMProposeSet,"proposeSeq: 0; currentTxHash: ""\000\000\000\000\000\000\000\000\000\000\000\000\000\000\000\000\000\000\000\000\000\000\000\000\000\000\000\000\000\000\000\000""; nodePubKey: ""\003R7o\362bV\300hf\266\241;}\200^\374\240\203[:\342Q\225\221\027y\372\255\235\216\323~""; closeTime: 803842816; signature: ""0E\002!\000\203\311\311\237\004[\314\223\302m\326Cy\221\2330yR\002e\323\352\212\255?\365\272\202\024\373i}\002 (\230i3\3633\261d\232\3448\331\200;\036\203\211!\030\325\345\266\347\001\303\320*\274""\313\247\305""; previousledger: ""\313\206R\331\304k\323u\263t\221\213yC\241\217A\242\027g\322\241'\212.E?B_\316\327\217""; ","proposeSeq: 0; currentTxHash: ""\000\000\000\000\000\000\000\000\000\000\000\000\000\000\000\000\000\000\000\000\000\000\000\000\000\000\000\000\000\000\000\000""; nodePubKey: ""\003R7o\362bV\300hf\266\241;}\200^\374\240\203[:\342Q\225\221\027y\372\255\235\216\323~""; closeTime: 803842816; signature: ""0E\002!\000\203\311\311\237\004[\314\223\302m\326Cy\221\2330yR\002e\323\352\212\255?\365\272\202\024\373i}\002 (\230i3\3633\261d\232\3448\331\200;\036\203\211!\030\325\345\266\347\001\303\320*\274""\313\247\305""; previousledger: ""\313\206R\331\304k\323u\263t\221\213yC\241\217A\242\027g\322\241'\212.E?B_\316\327\217""; "
1750527616610,1750527616610,0,1,3,1,TMProposeSet,"proposeSeq: 0; currentTxHash: ""\000\000\000\000\000\000\000\000\000\000\000\000\000\000\000\000\000\000\000\000\000\000\000\000\000\000\000\000\000\000\000\000""; nodePubKey: ""\003R7o\362bV\300hf\266\241;}\200^\374\240\203[:\342Q\225\221\027y\372\255\235\216\323~""; closeTime: 803842816; signature: ""0E\002!\000\203\311\311\237\004[\314\223\302m\326Cy\221\2330yR\002e\323\352\212\255?\365\272\202\024\373i}\002 (\230i3\3633\261d\232\3448\331\200;\036\203\211!\030\325\345\266\347\001\303\320*\274""\313\247\305""; previousledger: ""\313\206R\331\304k\323u\263t\221\213yC\241\217A\242\027g\322\241'\212.E?B_\316\327\217""; ","proposeSeq: 0; currentTxHash: ""\000\000\000\000\000\000\000\000\000\000\000\000\000\000\000\000\000\000\000\000\000\000\000\000\000\000\000\000\000\000\000\000""; nodePubKey: ""\003R7o\362bV\300hf\266\241;}\200^\374\240\203[:\342Q\225\221\027y\372\255\235\216\323~""; closeTime: 803842816; signature: ""0E\002!\000\203\311\311\237\004[\314\223\302m\326Cy\221\2330yR\002e\323\352\212\255?\365\272\202\024\373i}\002 (\230i3\3633\261d\232\3448\331\200;\036\203\211!\030\325\345\266\347\001\303\320*\274""\313\247\305""; previousledger: ""\313\206R\331\304k\323u\263t\221\213yC\241\217A\242\027g\322\241'\212.E?B_\316\327\217""; "
1750527616611,1750527616611,0,1,3,0,TMProposeSet,"proposeSeq: 0; currentTxHash: ""\000\000\000\000\000\000\000\000\000\000\000\000\000\000\000\000\000\000\000\000\000\000\000\000\000\000\000\000\000\000\000\000""; nodePubKey: ""\003R7o\362bV\300hf\266\241;}\200^\374\240\203[:\342Q\225\221\027y\372\255\235\216\323~""; closeTime: 803842816; signature: ""0E\002!\000\203\311\311\237\004[\314\223\302m\326Cy\221\2330yR\002e\323\352\212\255?\365\272\202\024\373i}\002 (\230i3\3633\261d\232\3448\331\200;\036\203\211!\030\325\345\266\347\001\303\320*\274""\313\247\305""; previousledger: ""\313\206R\331\304k\323u\263t\221\213yC\241\217A\242\027g\322\241'\212.E?B_\316\327\217""; ","proposeSeq: 0; currentTxHash: ""\000\000\000\000\000\000\000\000\000\000\000\000\000\000\000\000\000\000\000\000\000\000\000\000\000\000\000\000\000\000\000\000""; nodePubKey: ""\003R7o\362bV\300hf\266\241;}\200^\374\240\203[:\342Q\225\221\027y\372\255\235\216\323~""; closeTime: 803842816; signature: ""0E\002!\000\203\311\311\237\004[\314\223\302m\326Cy\221\2330yR\002e\323\352\212\255?\365\272\202\024\373i}\002 (\230i3\3633\261d\232\3448\331\200;\036\203\211!\030\325\345\266\347\001\303\320*\274""\313\247\305""; previousledger: ""\313\206R\331\304k\323u\263t\221\213yC\241\217A\242\027g\322\241'\212.E?B_\316\327\217""; "
1750527616606,1750527616665,0,1,4,2,TMStatusChange,"newEvent: neCLOSING_LEDGER; ledgerSeq: 25; ledgerHash: ""\313\206R\331\304k\323u\263t\221\213yC\241\217A\242\027g\322\241'\212.E?B_\316\327\217""; ledgerHashPrevious: ""\334\331\315\254\230\rBG\314\023\246\244=\351\177\254\302b&\276+H;0\312\021&\275\036\237\350R""; networkTime: 803842816; firstSeq: 1; lastSeq: 25; ","newEvent: neCLOSING_LEDGER; ledgerSeq: 25; ledgerHash: ""\313\206R\331\304k\323u\263t\221\213yC\241\217A\242\027g\322\241'\212.E?B_\316\327\217""; ledgerHashPrevious: ""\334\331\315\254\230\rBG\314\023\246\244=\351\177\254\302b&\276+H;0\312\021&\275\036\237\350R""; networkTime: 803842816; firstSeq: 1; lastSeq: 25; "
1750527616607,1750527616665,0,1,4,3,TMStatusChange,"newEvent: neCLOSING_LEDGER; ledgerSeq: 25; ledgerHash: ""\313\206R\331\304k\323u\263t\221\213yC\241\217A\242\027g\322\241'\212.E?B_\316\327\217""; ledgerHashPrevious: ""\334\331\315\254\230\rBG\314\023\246\244=\351\177\254\302b&\276+H;0\312\021&\275\036\237\350R""; networkTime: 803842816; firstSeq: 1; lastSeq: 25; ","newEvent: neCLOSING_LEDGER; ledgerSeq: 25; ledgerHash: ""\313\206R\331\304k\323u\263t\221\213yC\241\217A\242\027g\322\241'\212.E?B_\316\327\217""; ledgerHashPrevious: ""\334\331\315\254\230\rBG\314\023\246\244=\351\177\254\302b&\276+H;0\312\021&\275\036\237\350R""; networkTime: 803842816; firstSeq: 1; lastSeq: 25; "
1750527616609,1750527616666,0,1,4,0,TMStatusChange,"newEvent: neCLOSING_LEDGER; ledgerSeq: 25; ledgerHash: ""\313\206R\331\304k\323u\263t\221\213yC\241\217A\242\027g\322\241'\212.E?B_\316\327\217""; ledgerHashPrevious: ""\334\331\315\254\230\rBG\314\023\246\244=\351\177\254\302b&\276+H;0\312\021&\275\036\237\350R""; networkTime: 803842816; firstSeq: 1; lastSeq: 25; ","newEvent: neCLOSING_LEDGER; ledgerSeq: 25; ledgerHash: ""\313\206R\331\304k\323u\263t\221\213yC\241\217A\242\027g\322\241'\212.E?B_\316\327\217""; ledgerHashPrevious: ""\334\331\315\254\230\rBG\314\023\246\244=\351\177\254\302b&\276+H;0\312\021&\275\036\237\350R""; networkTime: 803842816; firstSeq: 1; lastSeq: 25; "
1750527616610,1750527616666,0,1,4,1,TMStatusChange,"newEvent: neCLOSING_LEDGER; ledgerSeq: 25; ledgerHash: ""\313\206R\331\304k\323u\263t\221\213yC\241\217A\242\027g\322\241'\212.E?B_\316\327\217""; ledgerHashPrevious: ""\334\331\315\254\230\rBG\314\023\246\244=\351\177\254\302b&\276+H;0\312\021&\275\036\237\350R""; networkTime: 803842816; firstSeq: 1; lastSeq: 25; ","newEvent: neCLOSING_LEDGER; ledgerSeq: 25; ledgerHash: ""\313\206R\331\304k\323u\263t\221\213yC\241\217A\242\027g\322\241'\212.E?B_\316\327\217""; ledgerHashPrevious: ""\334\331\315\254\230\rBG\314\023\246\244=\351\177\254\302b&\276+H;0\312\021&\275\036\237\350R""; networkTime: 803842816; firstSeq: 1; lastSeq: 25; "
1750527618443,1750527618444,0,1,3,4,TMValidation,"validation: """"\200\000\000\001&\000\000\000\032)/\351\253\002:p\210\265\307-\212\200\004QJ +\370\t^b\005\020\003\211\373\247|hC\271Nmk~J\270EU\274\036-\347\240\312FP\027\000\000\000\000\000\000\000\000\000\000\000\000\000\000\000\000\000\000\000\000\000\000\000\000\000\000\000\000\000\000\000\000P\031\313\206R\331\304k\323u\263t\221\213yC\241\217A\242\027g\322\241'\212.E?B_\316\327\217s!\002\364d\217\366\217|\316F\232\231\241\n\261\333`\312O\367\235\025DD\336e\367\n\312\326\221\037\025\230vG0E\002!\000\341\317\353='\241\356\306Q\327k\230\225\177\372\221J\330\220\250u\243t\330;\352\305GMSza\002 \007l\270\347z\341\220n\306e!r?]Z\233\250\017\350/6\344\300\007\ts\225\306\230\330\335M""; ","validation: """"\200\000\000\001&\000\000\000\032)/\351\253\002:p\210\265\307-\212\200\004QJ +\370\t^b\005\020\003\211\373\247|hC\271Nmk~J\270EU\274\036-\347\240\312FP\027\000\000\000\000\000\000\000\000\000\000\000\000\000\000\000\000\000\000\000\000\000\000\000\000\000\000\000\000\000\000\000\000P\031\313\206R\331\304k\323u\263t\221\213yC\241\217A\242\027g\322\241'\212.E?B_\316\327\217s!\002\364d\217\366\217|\316F\232\231\241\n\261\333`\312O\367\235\025DD\336e\367\n\312\326\221\037\025\230vG0E\002!\000\341\317\353='\241\356\306Q\327k\230\225\177\372\221J\330\220\250u\243t\330;\352\305GMSza\002 \007l\270\347z\341\220n\306e!r?]Z\233\250\017\350/6\344\300\007\ts\225\306\230\330\335M""; "
1750527618444,1750527618444,0,1,3,4,TMStatusChange,"newEvent: neACCEPTED_LEDGER; ledgerSeq: 26; ledgerHash: ""J +\370\t^b\005\020\003\211\373\247|hC\271Nmk~J\270EU\274\036-\347\240\312F""; ledgerHashPrevious: ""\313\206R\331\304k\323u\263t\221\213yC\241\217A\242\027g\322\241'\212.E?B_\316\327\217""; networkTime: 803842818; firstSeq: 1; lastSeq: 25; ","newEvent: neACCEPTED_LEDGER; ledgerSeq: 26; ledgerHash: ""J +\370\t^b\005\020\003\211\373\247|hC\271Nmk~J\270EU\274\036-\347\240\312F""; ledgerHashPrevious: ""\313\206R\331\304k\323u\263t\221\213yC\241\217A\242\027g\322\241'\212.E?B_\316\327\217""; networkTime: 803842818; firstSeq: 1; lastSeq: 25; "
1750527618444,1750527618444,0,1,3,0,TMValidation,"validation: """"\200\000\000\001&\000\000\000\032)/\351\253\002:p\210\265\307-\212\200\004QJ +\370\t^b\005\020\003\211\373\247|hC\271Nmk~J\270EU\274\036-\347\240\312FP\027\000\000\000\000\000\000\000\000\000\000\000\000\000\000\000\000\000\000\000\000\000\000\000\000\000\000\000\000\000\000\000\000P\031\313\206R\331\304k\323u\263t\221\213yC\241\217A\242\027g\322\241'\212.E?B_\316\327\217s!\002\364d\217\366\217|\316F\232\231\241\n\261\333`\312O\367\235\025DD\336e\367\n\312\326\221\037\025\230vG0E\002!\000\341\317\353='\241\356\306Q\327k\230\225\177\372\221J\330\220\250u\243t\330;\352\305GMSza\002 \007l\270\347z\341\220n\306e!r?]Z\233\250\017\350/6\344\300\007\ts\225\306\230\330\335M""; ","validation: """"\200\000\000\001&\000\000\000\032)/\351\253\002:p\210\265\307-\212\200\004QJ +\370\t^b\005\020\003\211\373\247|hC\271Nmk~J\270EU\274\036-\347\240\312FP\027\000\000\000\000\000\000\000\000\000\000\000\000\000\000\000\000\000\000\000\000\000\000\000\000\000\000\000\000\000\000\000\000P\031\313\206R\331\304k\323u\263t\221\213yC\241\217A\242\027g\322\241'\212.E?B_\316\327\217s!\002\364d\217\366\217|\316F\232\231\241\n\261\333`\312O\367\235\025DD\336e\367\n\312\326\221\037\025\230vG0E\002!\000\341\317\353='\241\356\306Q\327k\230\225\177\372\221J\330\220\250u\243t\330;\352\305GMSza\002 \007l\270\347z\341\220n\306e!r?]Z\233\250\017\350/6\344\300\007\ts\225\306\230\330\335M""; "
1750527618445,1750527618445,0,1,3,0,TMStatusChange,"newEvent: neACCEPTED_LEDGER; ledgerSeq: 26; ledgerHash: ""J +\370\t^b\005\020\003\211\373\247|hC\271Nmk~J\270EU\274\036-\347\240\312F""; ledgerHashPrevious: ""\313\206R\331\304k\323u\263t\221\213yC\241\217A\242\027g\322\241'\212.E?B_\316\327\217""; networkTime: 803842818; firstSeq: 1; lastSeq: 25; ","newEvent: neACCEPTED_LEDGER; ledgerSeq: 26; ledgerHash: ""J +\370\t^b\005\020\003\211\373\247|hC\271Nmk~J\270EU\274\036-\347\240\312F""; ledgerHashPrevious: ""\313\206R\331\304k\323u\263t\221\213yC\241\217A\242\027g\322\241'\212.E?B_\316\327\217""; networkTime: 803842818; firstSeq: 1; lastSeq: 25; "
1750527618445,1750527618445,0,1,3,1,TMStatusChange,"newEvent: neACCEPTED_LEDGER; ledgerSeq: 26; ledgerHash: ""J +\370\t^b\005\020\003\211\373\247|hC\271Nmk~J\270EU\274\036-\347\240\312F""; ledgerHashPrevious: ""\313\206R\331\304k\323u\263t\221\213yC\241\217A\242\027g\322\241'\212.E?B_\316\327\217""; networkTime: 803842818; firstSeq: 1; lastSeq: 25; ","newEvent: neACCEPTED_LEDGER; ledgerSeq: 26; ledgerHash: ""J +\370\t^b\005\020\003\211\373\247|hC\271Nmk~J\270EU\274\036-\347\240\312F""; ledgerHashPrevious: ""\313\206R\331\304k\323u\263t\221\213yC\241\217A\242\027g\322\241'\212.E?B_\316\327\217""; networkTime: 803842818; firstSeq: 1; lastSeq: 25; "
1750527618446,1750527618446,0,1,3,1,TMValidation,"validation: """"\200\000\000\001&\000\000\000\032)/\351\253\002:p\210\265\307-\212\200\004QJ +\370\t^b\005\020\003\211\373\247|hC\271Nmk~J\270EU\274\036-\347\240\312FP\027\000\000\000\000\000\000\000\000\000\000\000\000\000\000\000\000\000\000\000\000\000\000\000\000\000\000\000\000\000\000\000\000P\031\313\206R\331\304k\323u\263t\221\213yC\241\217A\242\027g\322\241'\212.E?B_\316\327\217s!\002\364d\217\366\217|\316F\232\231\241\n\261\333`\312O\367\235\025DD\336e\367\n\312\326\221\037\025\230vG0E\002!\000\341\317\353='\241\356\306Q\327k\230\225\177\372\221J\330\220\250u\243t\330;\352\305GMSza\002 \007l\270\347z\341\220n\306e!r?]Z\233\250\017\350/6\344\300\007\ts\225\306\230\330\335M""; ","validation: """"\200\000\000\001&\000\000\000\032)/\351\253\002:p\210\265\307-\212\200\004QJ +\370\t^b\005\020\003\211\373\247|hC\271Nmk~J\270EU\274\036-\347\240\312FP\027\000\000\000\000\000\000\000\000\000\000\000\000\000\000\000\000\000\000\000\000\000\000\000\000\000\000\000\000\000\000\000\000P\031\313\206R\331\304k\323u\263t\221\213yC\241\217A\242\027g\322\241'\212.E?B_\316\327\217s!\002\364d\217\366\217|\316F\232\231\241\n\261\333`\312O\367\235\025DD\336e\367\n\312\326\221\037\025\230vG0E\002!\000\341\317\353='\241\356\306Q\327k\230\225\177\372\221J\330\220\250u\243t\330;\352\305GMSza\002 \007l\270\347z\341\220n\306e!r?]Z\233\250\017\350/6\344\300\007\ts\225\306\230\330\335M""; "
1750527618446,1750527618446,0,1,3,2,TMStatusChange,"newEvent: neACCEPTED_LEDGER; ledgerSeq: 26; ledgerHash: ""J +\370\t^b\005\020\003\211\373\247|hC\271Nmk~J\270EU\274\036-\347\240\312F""; ledgerHashPrevious: ""\313\206R\331\304k\323u\263t\221\213yC\241\217A\242\027g\322\241'\212.E?B_\316\327\217""; networkTime: 803842818; firstSeq: 1; lastSeq: 25; ","newEvent: neACCEPTED_LEDGER; ledgerSeq: 26; ledgerHash: ""J +\370\t^b\005\020\003\211\373\247|hC\271Nmk~J\270EU\274\036-\347\240\312F""; ledgerHashPrevious: ""\313\206R\331\304k\323u\263t\221\213yC\241\217A\242\027g\322\241'\212.E?B_\316\327\217""; networkTime: 803842818; firstSeq: 1; lastSeq: 25; "
1750527618446,1750527618447,0,1,3,2,TMValidation,"validation: """"\200\000\000\001&\000\000\000\032)/\351\253\002:p\210\265\307-\212\200\004QJ +\370\t^b\005\020\003\211\373\247|hC\271Nmk~J\270EU\274\036-\347\240\312FP\027\000\000\000\000\000\000\000\000\000\000\000\000\000\000\000\000\000\000\000\000\000\000\000\000\000\000\000\000\000\000\000\000P\031\313\206R\331\304k\323u\263t\221\213yC\241\217A\242\027g\322\241'\212.E?B_\316\327\217s!\002\364d\217\366\217|\316F\232\231\241\n\261\333`\312O\367\235\025DD\336e\367\n\312\326\221\037\025\230vG0E\002!\000\341\317\353='\241\356\306Q\327k\230\225\177\372\221J\330\220\250u\243t\330;\352\305GMSza\002 \007l\270\347z\341\220n\306e!r?]Z\233\250\017\350/6\344\300\007\ts\225\306\230\330\335M""; ","validation: """"\200\000\000\001&\000\000\000\032)/\351\253\002:p\210\265\307-\212\200\004QJ +\370\t^b\005\020\003\211\373\247|hC\271Nmk~J\270EU\274\036-\347\240\312FP\027\000\000\000\000\000\000\000\000\000\000\000\000\000\000\000\000\000\000\000\000\000\000\000\000\000\000\000\000\000\000\000\000P\031\313\206R\331\304k\323u\263t\221\213yC\241\217A\242\027g\322\241'\212.E?B_\316\327\217s!\002\364d\217\366\217|\316F\232\231\241\n\261\333`\312O\367\235\025DD\336e\367\n\312\326\221\037\025\230vG0E\002!\000\341\317\353='\241\356\306Q\327k\230\225\177\372\221J\330\220\250u\243t\330;\352\305GMSza\002 \007l\270\347z\341\220n\306e!r?]Z\233\250\017\350/6\344\300\007\ts\225\306\230\330\335M""; "
1750527618449,1750527618449,0,1,4,3,TMGetLedger,"itype: liBASE; ledgerHash: ""J +\370\t^b\005\020\003\211\373\247|hC\271Nmk~J\270EU\274\036-\347\240\312F""; ","itype: liBASE; ledgerHash: ""J +\370\t^b\005\020\003\211\373\247|hC\271Nmk~J\270EU\274\036-\347\240\312F""; "
1750527618449,1750527618449,0,1,4,0,TMGetLedger,"itype: liBASE; ledgerHash: ""J +\370\t^b\005\020\003\211\373\247|hC\271Nmk~J\270EU\274\036-\347\240\312F""; queryType: qtINDIRECT; ","itype: liBASE; ledgerHash: ""J +\370\t^b\005\020\003\211\373\247|hC\271Nmk~J\270EU\274\036-\347\240\312F""; queryType: qtINDIRECT; "
1750527618449,1750527618449,0,1,4,0,TMValidation,"validation: """"\200\000\000\001&\000\000\000\032)/\351\253\002:p\210\265\307-\212\200\004QJ +\370\t^b\005\020\003\211\373\247|hC\271Nmk~J\270EU\274\036-\347\240\312FP\027\000\000\000\000\000\000\000\000\000\000\000\000\000\000\000\000\000\000\000\000\000\000\000\000\000\000\000\000\000\000\000\000P\031\313\206R\331\304k\323u\263t\221\213yC\241\217A\242\027g\322\241'\212.E?B_\316\327\217s!\002\364d\217\366\217|\316F\232\231\241\n\261\333`\312O\367\235\025DD\336e\367\n\312\326\221\037\025\230vG0E\002!\000\341\317\353='\241\356\306Q\327k\230\225\177\372\221J\330\220\250u\243t\330;\352\305GMSza\002 \007l\270\347z\341\220n\306e!r?]Z\233\250\017\350/6\344\300\007\ts\225\306\230\330\335M""; ","validation: """"\200\000\000\001&\000\000\000\032)/\351\253\002:p\210\265\307-\212\200\004QJ +\370\t^b\005\020\003\211\373\247|hC\271Nmk~J\270EU\274\036-\347\240\312FP\027\000\000\000\000\000\000\000\000\000\000\000\000\000\000\000\000\000\000\000\000\000\000\000\000\000\000\000\000\000\000\000\000P\031\313\206R\331\304k\323u\263t\221\213yC\241\217A\242\027g\322\241'\212.E?B_\316\327\217s!\002\364d\217\366\217|\316F\232\231\241\n\261\333`\312O\367\235\025DD\336e\367\n\312\326\221\037\025\230vG0E\002!\000\341\317\353='\241\356\306Q\327k\230\225\177\372\221J\330\220\250u\243t\330;\352\305GMSza\002 \007l\270\347z\341\220n\306e!r?]Z\233\250\017\350/6\344\300\007\ts\225\306\230\330\335M""; "
1750527618449,1750527618449,0,1,4,2,TMValidation,"validation: """"\200\000\000\001&\000\000\000\032)/\351\253\002:p\210\265\307-\212\200\004QJ +\370\t^b\005\020\003\211\373\247|hC\271Nmk~J\270EU\274\036-\347\240\312FP\027\000\000\000\000\000\000\000\000\000\000\000\000\000\000\000\000\000\000\000\000\000\000\000\000\000\000\000\000\000\000\000\000P\031\313\206R\331\304k\323u\263t\221\213yC\241\217A\242\027g\322\241'\212.E?B_\316\327\217s!\002\364d\217\366\217|\316F\232\231\241\n\261\333`\312O\367\235\025DD\336e\367\n\312\326\221\037\025\230vG0E\002!\000\341\317\353='\241\356\306Q\327k\230\225\177\372\221J\330\220\250u\243t\330;\352\305GMSza\002 \007l\270\347z\341\220n\306e!r?]Z\233\250\017\350/6\344\300\007\ts\225\306\230\330\335M""; ","validation: """"\200\000\000\001&\000\000\000\032)/\351\253\002:p\210\265\307-\212\200\004QJ +\370\t^b\005\020\003\211\373\247|hC\271Nmk~J\270EU\274\036-\347\240\312FP\027\000\000\000\000\000\000\000\000\000\000\000\000\000\000\000\000\000\000\000\000\000\000\000\000\000\000\000\000\000\000\000\000P\031\313\206R\331\304k\323u\263t\221\213yC\241\217A\242\027g\322\241'\212.E?B_\316\327\217s!\002\364d\217\366\217|\316F\232\231\241\n\261\333`\312O\367\235\025DD\336e\367\n\312\326\221\037\025\230vG0E\002!\000\341\317\353='\241\356\306Q\327k\230\225\177\372\221J\330\220\250u\243t\330;\352\305GMSza\002 \007l\270\347z\341\220n\306e!r?]Z\233\250\017\350/6\344\300\007\ts\225\306\230\330\335M""; "
1750527618449,1750527618450,0,1,4,2,TMGetLedger,"itype: liBASE; ledgerHash: ""J +\370\t^b\005\020\003\211\373\247|hC\271Nmk~J\270EU\274\036-\347\240\312F""; ","itype: liBASE; ledgerHash: ""J +\370\t^b\005\020\003\211\373\247|hC\271Nmk~J\270EU\274\036-\347\240\312F""; "
1750527618450,1750527618450,0,1,4,1,TMGetLedger,"itype: liBASE; ledgerHash: ""J +\370\t^b\005\020\003\211\373\247|hC\271Nmk~J\270EU\274\036-\347\240\312F""; queryType: qtINDIRECT; ","itype: liBASE; ledgerHash: ""J +\370\t^b\005\020\003\211\373\247|hC\271Nmk~J\270EU\274\036-\347\240\312F""; queryType: qtINDIRECT; "
1750527618450,1750527618450,0,1,4,0,TMGetLedger,"itype: liBASE; ledgerHash: ""J +\370\t^b\005\020\003\211\373\247|hC\271Nmk~J\270EU\274\036-\347\240\312F""; ","itype: liBASE; ledgerHash: ""J +\370\t^b\005\020\003\211\373\247|hC\271Nmk~J\270EU\274\036-\347\240\312F""; "
1750527618451,1750527618451,0,1,4,1,TMGetLedger,"itype: liBASE; ledgerHash: ""J +\370\t^b\005\020\003\211\373\247|hC\271Nmk~J\270EU\274\036-\347\240\312F""; ","itype: liBASE; ledgerHash: ""J +\370\t^b\005\020\003\211\373\247|hC\271Nmk~J\270EU\274\036-\347\240\312F""; "
1750527618451,1750527618452,0,1,4,1,TMValidation,"validation: """"\200\000\000\001&\000\000\000\032)/\351\253\002:p\210\265\307-\212\200\004QJ +\370\t^b\005\020\003\211\373\247|hC\271Nmk~J\270EU\274\036-\347\240\312FP\027\000\000\000\000\000\000\000\000\000\000\000\000\000\000\000\000\000\000\000\000\000\000\000\000\000\000\000\000\000\000\000\000P\031\313\206R\331\304k\323u\263t\221\213yC\241\217A\242\027g\322\241'\212.E?B_\316\327\217s!\002\364d\217\366\217|\316F\232\231\241\n\261\333`\312O\367\235\025DD\336e\367\n\312\326\221\037\025\230vG0E\002!\000\341\317\353='\241\356\306Q\327k\230\225\177\372\221J\330\220\250u\243t\330;\352\305GMSza\002 \007l\270\347z\341\220n\306e!r?]Z\233\250\017\350/6\344\300\007\ts\225\306\230\330\335M""; ","validation: """"\200\000\000\001&\000\000\000\032)/\351\253\002:p\210\265\307-\212\200\004QJ +\370\t^b\005\020\003\211\373\247|hC\271Nmk~J\270EU\274\036-\347\240\312FP\027\000\000\000\000\000\000\000\000\000\000\000\000\000\000\000\000\000\000\000\000\000\000\000\000\000\000\000\000\000\000\000\000P\031\313\206R\331\304k\323u\263t\221\213yC\241\217A\242\027g\322\241'\212.E?B_\316\327\217s!\002\364d\217\366\217|\316F\232\231\241\n\261\333`\312O\367\235\025DD\336e\367\n\312\326\221\037\025\230vG0E\002!\000\341\317\353='\241\356\306Q\327k\230\225\177\372\221J\330\220\250u\243t\330;\352\305GMSza\002 \007l\270\347z\341\220n\306e!r?]Z\233\250\017\350/6\344\300\007\ts\225\306\230\330\335M""; "
1750527618452,1750527618452,0,1,4,2,TMGetLedger,"itype: liBASE; ledgerHash: ""J +\370\t^b\005\020\003\211\373\247|hC\271Nmk~J\270EU\274\036-\347\240\312F""; queryType: qtINDIRECT; ","itype: liBASE; ledgerHash: ""J +\370\t^b\005\020\003\211\373\247|hC\271Nmk~J\270EU\274\036-\347\240\312F""; queryType: qtINDIRECT; "
1750527618453,1750527618453,0,1,4,3,TMGetLedger,"itype: liBASE; ledgerHash: ""J +\370\t^b\005\020\003\211\373\247|hC\271Nmk~J\270EU\274\036-\347\240\312F""; queryType: qtINDIRECT; ","itype: liBASE; ledgerHash: ""J +\370\t^b\005\020\003\211\373\247|hC\271Nmk~J\270EU\274\036-\347\240\312F""; queryType: qtINDIRECT; "
1750527618453,1750527618454,0,1,0,3,TMGetLedger,"itype: liBASE; ledgerHash: ""J +\370\t^b\005\020\003\211\373\247|hC\271Nmk~J\270EU\274\036-\347\240\312F""; ledgerSeq: 26; ","itype: liBASE; ledgerHash: ""J +\370\t^b\005\020\003\211\373\247|hC\271Nmk~J\270EU\274\036-\347\240\312F""; ledgerSeq: 26; "
1750527618454,1750527618454,0,1,0,4,TMGetLedger,"itype: liBASE; ledgerHash: ""J +\370\t^b\005\020\003\211\373\247|hC\271Nmk~J\270EU\274\036-\347\240\312F""; ledgerSeq: 26; ","itype: liBASE; ledgerHash: ""J +\370\t^b\005\020\003\211\373\247|hC\271Nmk~J\270EU\274\036-\347\240\312F""; ledgerSeq: 26; "
1750527618455,1750527618455,0,1,0,2,TMGetLedger,"itype: liBASE; ledgerHash: ""J +\370\t^b\005\020\003\211\373\247|hC\271Nmk~J\270EU\274\036-\347\240\312F""; ledgerSeq: 26; ","itype: liBASE; ledgerHash: ""J +\370\t^b\005\020\003\211\373\247|hC\271Nmk~J\270EU\274\036-\347\240\312F""; ledgerSeq: 26; "
1750527618455,1750527618455,0,1,0,1,TMGetLedger,"itype: liBASE; ledgerHash: ""J +\370\t^b\005\020\003\211\373\247|hC\271Nmk~J\270EU\274\036-\347\240\312F""; ledgerSeq: 26; ","itype: liBASE; ledgerHash: ""J +\370\t^b\005\020\003\211\373\247|hC\271Nmk~J\270EU\274\036-\347\240\312F""; ledgerSeq: 26; "
1750527618464,1750527618464,0,1,1,2,TMGetLedger,"itype: liBASE; ledgerHash: ""J +\370\t^b\005\020\003\211\373\247|hC\271Nmk~J\270EU\274\036-\347\240\312F""; ledgerSeq: 26; ","itype: liBASE; ledgerHash: ""J +\370\t^b\005\020\003\211\373\247|hC\271Nmk~J\270EU\274\036-\347\240\312F""; ledgerSeq: 26; "
1750527618464,1750527618464,0,1,1,3,TMGetLedger,"itype: liBASE; ledgerHash: ""J +\370\t^b\005\020\003\211\373\247|hC\271Nmk~J\270EU\274\036-\347\240\312F""; ledgerSeq: 26; ","itype: liBASE; ledgerHash: ""J +\370\t^b\005\020\003\211\373\247|hC\271Nmk~J\270EU\274\036-\347\240\312F""; ledgerSeq: 26; "
1750527618465,1750527618465,0,1,1,2,TMValidation,"validation: """"\200\000\000\001&\000\000\000\032)/\351\253\002:p\210\265\307-\212\200\004QJ +\370\t^b\005\020\003\211\373\247|hC\271Nmk~J\270EU\274\036-\347\240\312FP\027\000\000\000\000\000\000\000\000\000\000\000\000\000\000\000\000\000\000\000\000\000\000\000\000\000\000\000\000\000\000\000\000P\031\313\206R\331\304k\323u\263t\221\213yC\241\217A\242\027g\322\241'\212.E?B_\316\327\217s!\002\364d\217\366\217|\316F\232\231\241\n\261\333`\312O\367\235\025DD\336e\367\n\312\326\221\037\025\230vG0E\002!\000\341\317\353='\241\356\306Q\327k\230\225\177\372\221J\330\220\250u\243t\330;\352\305GMSza\002 \007l\270\347z\341\220n\306e!r?]Z\233\250\017\350/6\344\300\007\ts\225\306\230\330\335M""; ","validation: """"\200\000\000\001&\000\000\000\032)/\351\253\002:p\210\265\307-\212\200\004QJ +\370\t^b\005\020\003\211\373\247|hC\271Nmk~J\270EU\274\036-\347\240\312FP\027\000\000\000\000\000\000\000\000\000\000\000\000\000\000\000\000\000\000\000\000\000\000\000\000\000\000\000\000\000\000\000\000P\031\313\206R\331\304k\323u\263t\221\213yC\241\217A\242\027g\322\241'\212.E?B_\316\327\217s!\002\364d\217\366\217|\316F\232\231\241\n\261\333`\312O\367\235\025DD\336e\367\n\312\326\221\037\025\230vG0E\002!\000\341\317\353='\241\356\306Q\327k\230\225\177\372\221J\330\220\250u\243t\330;\352\305GMSza\002 \007l\270\347z\341\220n\306e!r?]Z\233\250\017\350/6\344\300\007\ts\225\306\230\330\335M""; "
1750527618465,1750527618465,0,1,1,4,TMValidation,"validation: """"\200\000\000\001&\000\000\000\032)/\351\253\002:p\210\265\307-\212\200\004QJ +\370\t^b\005\020\003\211\373\247|hC\271Nmk~J\270EU\274\036-\347\240\312FP\027\000\000\000\000\000\000\000\000\000\000\000\000\000\000\000\000\000\000\000\000\000\000\000\000\000\000\000\000\000\000\000\000P\031\313\206R\331\304k\323u\263t\221\213yC\241\217A\242\027g\322\241'\212.E?B_\316\327\217s!\002\364d\217\366\217|\316F\232\231\241\n\261\333`\312O\367\235\025DD\336e\367\n\312\326\221\037\025\230vG0E\002!\000\341\317\353='\241\356\306Q\327k\230\225\177\372\221J\330\220\250u\243t\330;\352\305GMSza\002 \007l\270\347z\341\220n\306e!r?]Z\233\250\017\350/6\344\300\007\ts\225\306\230\330\335M""; ","validation: """"\200\000\000\001&\000\000\000\032)/\351\253\002:p\210\265\307-\212\200\004QJ +\370\t^b\005\020\003\211\373\247|hC\271Nmk~J\270EU\274\036-\347\240\312FP\027\000\000\000\000\000\000\000\000\000\000\000\000\000\000\000\000\000\000\000\000\000\000\000\000\000\000\000\000\000\000\000\000P\031\313\206R\331\304k\323u\263t\221\213yC\241\217A\242\027g\322\241'\212.E?B_\316\327\217s!\002\364d\217\366\217|\316F\232\231\241\n\261\333`\312O\367\235\025DD\336e\367\n\312\326\221\037\025\230vG0E\002!\000\341\317\353='\241\356\306Q\327k\230\225\177\372\221J\330\220\250u\243t\330;\352\305GMSza\002 \007l\270\347z\341\220n\306e!r?]Z\233\250\017\350/6\344\300\007\ts\225\306\230\330\335M""; "
1750527618465,1750527618465,0,1,1,2,TMGetLedger,"itype: liBASE; ledgerHash: ""J +\370\t^b\005\020\003\211\373\247|hC\271Nmk~J\270EU\274\036-\347\240\312F""; ledgerSeq: 26; queryType: qtINDIRECT; ","itype: liBASE; ledgerHash: ""J +\370\t^b\005\020\003\211\373\247|hC\271Nmk~J\270EU\274\036-\347\240\312F""; ledgerSeq: 26; queryType: qtINDIRECT; "
1750527618466,1750527618466,0,1,1,0,TMGetLedger,"itype: liBASE; ledgerHash: ""J +\370\t^b\005\020\003\211\373\247|hC\271Nmk~J\270EU\274\036-\347\240\312F""; ledgerSeq: 26; ","itype: liBASE; ledgerHash: ""J +\370\t^b\005\020\003\211\373\247|hC\271Nmk~J\270EU\274\036-\347\240\312F""; ledgerSeq: 26; "
1750527618467,1750527618467,0,1,1,3,TMGetLedger,"itype: liBASE; ledgerHash: ""J +\370\t^b\005\020\003\211\373\247|hC\271Nmk~J\270EU\274\036-\347\240\312F""; ledgerSeq: 26; queryType: qtINDIRECT; ","itype: liBASE; ledgerHash: ""J +\370\t^b\005\020\003\211\373\247|hC\271Nmk~J\270EU\274\036-\347\240\312F""; ledgerSeq: 26; queryType: qtINDIRECT; "
1750527618467,1750527618467,0,1,1,4,TMGetLedger,"itype: liBASE; ledgerHash: ""J +\370\t^b\005\020\003\211\373\247|hC\271Nmk~J\270EU\274\036-\347\240\312F""; ledgerSeq: 26; ","itype: liBASE; ledgerHash: ""J +\370\t^b\005\020\003\211\373\247|hC\271Nmk~J\270EU\274\036-\347\240\312F""; ledgerSeq: 26; "
1750527618468,1750527618468,0,1,1,4,TMGetLedger,"itype: liBASE; ledgerHash: ""J +\370\t^b\005\020\003\211\373\247|hC\271Nmk~J\270EU\274\036-\347\240\312F""; ledgerSeq: 26; queryType: qtINDIRECT; ","itype: liBASE; ledgerHash: ""J +\370\t^b\005\020\003\211\373\247|hC\271Nmk~J\270EU\274\036-\347\240\312F""; ledgerSeq: 26; queryType: qtINDIRECT; "
1750527618468,1750527618468,0,1,1,0,TMValidation,"validation: """"\200\000\000\001&\000\000\000\032)/\351\253\002:p\210\265\307-\212\200\004QJ +\370\t^b\005\020\003\211\373\247|hC\271Nmk~J\270EU\274\036-\347\240\312FP\027\000\000\000\000\000\000\000\000\000\000\000\000\000\000\000\000\000\000\000\000\000\000\000\000\000\000\000\000\000\000\000\000P\031\313\206R\331\304k\323u\263t\221\213yC\241\217A\242\027g\322\241'\212.E?B_\316\327\217s!\002\364d\217\366\217|\316F\232\231\241\n\261\333`\312O\367\235\025DD\336e\367\n\312\326\221\037\025\230vG0E\002!\000\341\317\353='\241\356\306Q\327k\230\225\177\372\221J\330\220\250u\243t\330;\352\305GMSza\002 \007l\270\347z\341\220n\306e!r?]Z\233\250\017\350/6\344\300\007\ts\225\306\230\330\335M""; ","validation: """"\200\000\000\001&\000\000\000\032)/\351\253\002:p\210\265\307-\212\200\004QJ +\370\t^b\005\020\003\211\373\247|hC\271Nmk~J\270EU\274\036-\347\240\312FP\027\000\000\000\000\000\000\000\000\000\000\000\000\000\000\000\000\000\000\000\000\000\000\000\000\000\000\000\000\000\000\000\000P\031\313\206R\331\304k\323u\263t\221\213yC\241\217A\242\027g\322\241'\212.E?B_\316\327\217s!\002\364d\217\366\217|\316F\232\231\241\n\261\333`\312O\367\235\025DD\336e\367\n\312\326\221\037\025\230vG0E\002!\000\341\317\353='\241\356\306Q\327k\230\225\177\372\221J\330\220\250u\243t\330;\352\305GMSza\002 \007l\270\347z\341\220n\306e!r?]Z\233\250\017\350/6\344\300\007\ts\225\306\230\330\335M""; "
1750527618469,1750527618469,0,1,1,0,TMGetLedger,"itype: liBASE; ledgerHash: ""J +\370\t^b\005\020\003\211\373\247|hC\271Nmk~J\270EU\274\036-\347\240\312F""; ledgerSeq: 26; queryType: qtINDIRECT; ","itype: liBASE; ledgerHash: ""J +\370\t^b\005\020\003\211\373\247|hC\271Nmk~J\270EU\274\036-\347\240\312F""; ledgerSeq: 26; queryType: qtINDIRECT; "
1750527618469,1750527618470,0,1,3,4,TMLedgerData,"ledgerHash: ""J +\370\t^b\005\020\003\211\373\247|hC\271Nmk~J\270EU\274\036-\347\240\312F""; ledgerSeq: 26; type: liBASE; nodes {;   nodedata: ""\000\000\000\032\001cEx]\211\377\330\313\206R\331\304k\323u\263t\221\213yC\241\217A\242\027g\322\241'\212.E?B_\316\327\217\000\000\000\000\000\000\000\000\000\000\000\000\000\000\000\000\000\000\000\000\000\000\000\000\000\000\000\000\000\000\000\000\223\301\026\335Z\35344\325gW\034a\334\364\301\256\336\314\342\313\374\273\266\007\005t\277\200\275+\262/\351\252\374/\351\253\004\n\000""; }; nodes {;   nodedata: ""\323C\344\327\264{\312-\017:\006{\177\344N\002\326bO\260\220\006\033\362\345\005U\221DzJ0\001\301\025%1L\307\t\261\262z\374\222T\301\274V\236\223\262\270Ct\362\337b\356\024*\324\320\351\317\002k\336\234\027v\351\217\260\303\360\233ZPZWr\246$w\313\313\r\243r\232\2234\373\3539:N\004Q\245\272D\312D\300\300\t\323\0257\345e\271\na\215{\226\255x%T\257\037\333\004\344_/R\006E\344\037@\210\363\010\336T\226\247'\204_{\261\370""1\235\2445\343\033Y!\212\201\341\272\225'\007\252\010\220A\221\8\313\335b\274D\353]\316\0342u\240\304\036\360\225\243\221\276\2103^\006\226\276\013\003""; }; ","ledgerHash: ""J +\370\t^b\005\020\003\211\373\247|hC\271Nmk~J\270EU\274\036-\347\240\312F""; ledgerSeq: 26; type: liBASE; nodes {;   nodedata: ""\000\000\000\032\001cEx]\211\377\330\313\206R\331\304k\323u\263t\221\213yC\241\217A\242\027g\322\241'\212.E?B_\316\327\217\000\000\000\000\000\000\000\000\000\000\000\000\000\000\000\000\000\000\000\000\000\000\000\000\000\000\000\000\000\000\000\000\223\301\026\335Z\35344\325gW\034a\334\364\301\256\336\314\342\313\374\273\266\007\005t\277\200\275+\262/\351\252\374/\351\253\004\n\000""; }; nodes {;   nodedata: ""\323C\344\327\264{\312-\017:\006{\177\344N\002\326bO\260\220\006\033\362\345\005U\221DzJ0\001\301\025%1L\307\t\261\262z\374\222T\301\274V\236\223\262\270Ct\362\337b\356\024*\324\320\351\317\002k\336\234\027v\351\217\260\303\360\233ZPZWr\246$w\313\313\r\243r\232\2234\373\3539:N\004Q\245\272D\312D\300\300\t\323\0257\345e\271\na\215{\226\255x%T\257\037\333\004\344_/R\006E\344\037@\210\363\010\336T\226\247'\204_{\261\370""1\235\2445\343\033Y!\212\201\341\272\225'\007\252\010\220A\221\8\313\335b\274D\353]\316\0342u\240\304\036\360\225\243\221\276\2103^\006\226\276\013\003""; }; "
1750527618470,1750527618470,0,1,0,4,TMGetLedger,"itype: liBASE; ledgerHash: ""J +\370\t^b\005\020\003\211\373\247|hC\271Nmk~J\270EU\274\036-\347\240\312F""; ledgerSeq: 26; queryType: qtINDIRECT; ","itype: liBASE; ledgerHash: ""J +\370\t^b\005\020\003\211\373\247|hC\271Nmk~J\270EU\274\036-\347\240\312F""; ledgerSeq: 26; queryType: qtINDIRECT; "
1750527618471,1750527618471,0,1,0,4,TMValidation,"validation: """"\200\000\000\001&\000\000\000\032)/\351\253\002:p\210\265\307-\212\200\004QJ +\370\t^b\005\020\003\211\373\247|hC\271Nmk~J\270EU\274\036-\347\240\312FP\027\000\000\000\000\000\000\000\000\000\000\000\000\000\000\000\000\000\000\000\000\000\000\000\000\000\000\000\000\000\000\000\000P\031\313\206R\331\304k\323u\263t\221\213yC\241\217A\242\027g\322\241'\212.E?B_\316\327\217s!\002\364d\217\366\217|\316F\232\231\241\n\261\333`\312O\367\235\025DD\336e\367\n\312\326\221\037\025\230vG0E\002!\000\341\317\353='\241\356\306Q\327k\230\225\177\372\221J\330\220\250u\243t\330;\352\305GMSza\002 \007l\270\347z\341\220n\306e!r?]Z\233\250\017\350/6\344\300\007\ts\225\306\230\330\335M""; ","validation: """"\200\000\000\001&\000\000\000\032)/\351\253\002:p\210\265\307-\212\200\004QJ +\370\t^b\005\020\003\211\373\247|hC\271Nmk~J\270EU\274\036-\347\240\312FP\027\000\000\000\000\000\000\000\000\000\000\000\000\000\000\000\000\000\000\000\000\000\000\000\000\000\000\000\000\000\000\000\000P\031\313\206R\331\304k\323u\263t\221\213yC\241\217A\242\027g\322\241'\212.E?B_\316\327\217s!\002\364d\217\366\217|\316F\232\231\241\n\261\333`\312O\367\235\025DD\336e\367\n\312\326\221\037\025\230vG0E\002!\000\341\317\353='\241\356\306Q\327k\230\225\177\372\221J\330\220\250u\243t\330;\352\305GMSza\002 \007l\270\347z\341\220n\306e!r?]Z\233\250\017\350/6\344\300\007\ts\225\306\230\330\335M""; "
1750527618471,1750527618471,0,1,2,3,TMGetLedger,"itype: liBASE; ledgerHash: ""J +\370\t^b\005\020\003\211\373\247|hC\271Nmk~J\270EU\274\036-\347\240\312F""; ledgerSeq: 26; ","itype: liBASE; ledgerHash: ""J +\370\t^b\005\020\003\211\373\247|hC\271Nmk~J\270EU\274\036-\347\240\312F""; ledgerSeq: 26; "
1750527618471,1750527618471,0,1,2,1,TMGetLedger,"itype: liBASE; ledgerHash: ""J +\370\t^b\005\020\003\211\373\247|hC\271Nmk~J\270EU\274\036-\347\240\312F""; ledgerSeq: 26; ","itype: liBASE; ledgerHash: ""J +\370\t^b\005\020\003\211\373\247|hC\271Nmk~J\270EU\274\036-\347\240\312F""; ledgerSeq: 26; "
1750527618473,1750527618473,0,1,2,4,TMGetLedger,"itype: liBASE; ledgerHash: ""J +\370\t^b\005\020\003\211\373\247|hC\271Nmk~J\270EU\274\036-\347\240\312F""; ledgerSeq: 26; ","itype: liBASE; ledgerHash: ""J +\370\t^b\005\020\003\211\373\247|hC\271Nmk~J\270EU\274\036-\347\240\312F""; ledgerSeq: 26; "
1750527618473,1750527618473,0,1,2,4,TMGetLedger,"itype: liBASE; ledgerHash: ""J +\370\t^b\005\020\003\211\373\247|hC\271Nmk~J\270EU\274\036-\347\240\312F""; ledgerSeq: 26; queryType: qtINDIRECT; ","itype: liBASE; ledgerHash: ""J +\370\t^b\005\020\003\211\373\247|hC\271Nmk~J\270EU\274\036-\347\240\312F""; ledgerSeq: 26; queryType: qtINDIRECT; "
1750527618473,1750527618473,0,1,2,0,TMGetLedger,"itype: liBASE; ledgerHash: ""J +\370\t^b\005\020\003\211\373\247|hC\271Nmk~J\270EU\274\036-\347\240\312F""; ledgerSeq: 26; ","itype: liBASE; ledgerHash: ""J +\370\t^b\005\020\003\211\373\247|hC\271Nmk~J\270EU\274\036-\347\240\312F""; ledgerSeq: 26; "
1750527618473,1750527618473,0,1,2,4,TMValidation,"validation: """"\200\000\000\001&\000\000\000\032)/\351\253\002:p\210\265\307-\212\200\004QJ +\370\t^b\005\020\003\211\373\247|hC\271Nmk~J\270EU\274\036-\347\240\312FP\027\000\000\000\000\000\000\000\000\000\000\000\000\000\000\000\000\000\000\000\000\000\000\000\000\000\000\000\000\000\000\000\000P\031\313\206R\331\304k\323u\263t\221\213yC\241\217A\242\027g\322\241'\212.E?B_\316\327\217s!\002\364d\217\366\217|\316F\232\231\241\n\261\333`\312O\367\235\025DD\336e\367\n\312\326\221\037\025\230vG0E\002!\000\341\317\353='\241\356\306Q\327k\230\225\177\372\221J\330\220\250u\243t\330;\352\305GMSza\002 \007l\270\347z\341\220n\306e!r?]Z\233\250\017\350/6\344\300\007\ts\225\306\230\330\335M""; ","validation: """"\200\000\000\001&\000\000\000\032)/\351\253\002:p\210\265\307-\212\200\004QJ +\370\t^b\005\020\003\211\373\247|hC\271Nmk~J\270EU\274\036-\347\240\312FP\027\000\000\000\000\000\000\000\000\000\000\000\000\000\000\000\000\000\000\000\000\000\000\000\000\000\000\000\000\000\000\000\000P\031\313\206R\331\304k\323u\263t\221\213yC\241\217A\242\027g\322\241'\212.E?B_\316\327\217s!\002\364d\217\366\217|\316F\232\231\241\n\261\333`\312O\367\235\025DD\336e\367\n\312\326\221\037\025\230vG0E\002!\000\341\317\353='\241\356\306Q\327k\230\225\177\372\221J\330\220\250u\243t\330;\352\305GMSza\002 \007l\270\347z\341\220n\306e!r?]Z\233\250\017\350/6\344\300\007\ts\225\306\230\330\335M""; "
1750527618474,1750527618474,0,1,1,3,TMGetLedger,"itype: liBASE; ledgerHash: ""J +\370\t^b\005\020\003\211\373\247|hC\271Nmk~J\270EU\274\036-\347\240\312F""; requestCookie: 5; queryType: qtINDIRECT; ","itype: liBASE; ledgerHash: ""J +\370\t^b\005\020\003\211\373\247|hC\271Nmk~J\270EU\274\036-\347\240\312F""; requestCookie: 5; queryType: qtINDIRECT; "
1750527618475,1750527618475,0,1,3,4,TMLedgerData,"ledgerHash: ""J +\370\t^b\005\020\003\211\373\247|hC\271Nmk~J\270EU\274\036-\347\240\312F""; ledgerSeq: 26; type: liBASE; nodes {;   nodedata: ""\000\000\000\032\001cEx]\211\377\330\313\206R\331\304k\323u\263t\221\213yC\241\217A\242\027g\322\241'\212.E?B_\316\327\217\000\000\000\000\000\000\000\000\000\000\000\000\000\000\000\000\000\000\000\000\000\000\000\000\000\000\000\000\000\000\000\000\223\301\026\335Z\35344\325gW\034a\334\364\301\256\336\314\342\313\374\273\266\007\005t\277\200\275+\262/\351\252\374/\351\253\004\n\000""; }; nodes {;   nodedata: ""\323C\344\327\264{\312-\017:\006{\177\344N\002\326bO\260\220\006\033\362\345\005U\221DzJ0\001\301\025%1L\307\t\261\262z\374\222T\301\274V\236\223\262\270Ct\362\337b\356\024*\324\320\351\317\002k\336\234\027v\351\217\260\303\360\233ZPZWr\246$w\313\313\r\243r\232\2234\373\3539:N\004Q\245\272D\312D\300\300\t\323\0257\345e\271\na\215{\226\255x%T\257\037\333\004\344_/R\006E\344\037@\210\363\010\336T\226\247'\204_{\261\370""1\235\2445\343\033Y!\212\201\341\272\225'\007\252\010\220A\221\8\313\335b\274D\353]\316\0342u\240\304\036\360\225\243\221\276\2103^\006\226\276\013\003""; }; ","ledgerHash: ""J +\370\t^b\005\020\003\211\373\247|hC\271Nmk~J\270EU\274\036-\347\240\312F""; ledgerSeq: 26; type: liBASE; nodes {;   nodedata: ""\000\000\000\032\001cEx]\211\377\330\313\206R\331\304k\323u\263t\221\213yC\241\217A\242\027g\322\241'\212.E?B_\316\327\217\000\000\000\000\000\000\000\000\000\000\000\000\000\000\000\000\000\000\000\000\000\000\000\000\000\000\000\000\000\000\000\000\223\301\026\335Z\35344\325gW\034a\334\364\301\256\336\314\342\313\374\273\266\007\005t\277\200\275+\262/\351\252\374/\351\253\004\n\000""; }; nodes {;   nodedata: ""\323C\344\327\264{\312-\017:\006{\177\344N\002\326bO\260\220\006\033\362\345\005U\221DzJ0\001\301\025%1L\307\t\261\262z\374\222T\301\274V\236\223\262\270Ct\362\337b\356\024*\324\320\351\317\002k\336\234\027v\351\217\260\303\360\233ZPZWr\246$w\313\313\r\243r\232\2234\373\3539:N\004Q\245\272D\312D\300\300\t\323\0257\345e\271\na\215{\226\255x%T\257\037\333\004\344_/R\006E\344\037@\210\363\010\336T\226\247'\204_{\261\370""1\235\2445\343\033Y!\212\201\341\272\225'\007\252\010\220A\221\8\313\335b\274D\353]\316\0342u\240\304\036\360\225\243\221\276\2103^\006\226\276\013\003""; }; "
1750527618475,1750527618476,0,1,3,0,TMLedgerData,"ledgerHash: ""J +\370\t^b\005\020\003\211\373\247|hC\271Nmk~J\270EU\274\036-\347\240\312F""; ledgerSeq: 26; type: liBASE; nodes {;   nodedata: ""\000\000\000\032\001cEx]\211\377\330\313\206R\331\304k\323u\263t\221\213yC\241\217A\242\027g\322\241'\212.E?B_\316\327\217\000\000\000\000\000\000\000\000\000\000\000\000\000\000\000\000\000\000\000\000\000\000\000\000\000\000\000\000\000\000\000\000\223\301\026\335Z\35344\325gW\034a\334\364\301\256\336\314\342\313\374\273\266\007\005t\277\200\275+\262/\351\252\374/\351\253\004\n\000""; }; nodes {;   nodedata: ""\323C\344\327\264{\312-\017:\006{\177\344N\002\326bO\260\220\006\033\362\345\005U\221DzJ0\001\301\025%1L\307\t\261\262z\374\222T\301\274V\236\223\262\270Ct\362\337b\356\024*\324\320\351\317\002k\336\234\027v\351\217\260\303\360\233ZPZWr\246$w\313\313\r\243r\232\2234\373\3539:N\004Q\245\272D\312D\300\300\t\323\0257\345e\271\na\215{\226\255x%T\257\037\333\004\344_/R\006E\344\037@\210\363\010\336T\226\247'\204_{\261\370""1\235\2445\343\033Y!\212\201\341\272\225'\007\252\010\220A\221\8\313\335b\274D\353]\316\0342u\240\304\036\360\225\243\221\276\2103^\006\226\276\013\003""; }; ","ledgerHash: ""J +\370\t^b\005\020\003\211\373\247|hC\271Nmk~J\270EU\274\036-\347\240\312F""; ledgerSeq: 26; type: liBASE; nodes {;   nodedata: ""\000\000\000\032\001cEx]\211\377\330\313\206R\331\304k\323u\263t\221\213yC\241\217A\242\027g\322\241'\212.E?B_\316\327\217\000\000\000\000\000\000\000\000\000\000\000\000\000\000\000\000\000\000\000\000\000\000\000\000\000\000\000\000\000\000\000\000\223\301\026\335Z\35344\325gW\034a\334\364\301\256\336\314\342\313\374\273\266\007\005t\277\200\275+\262/\351\252\374/\351\253\004\n\000""; }; nodes {;   nodedata: ""\323C\344\327\264{\312-\017:\006{\177\344N\002\326bO\260\220\006\033\362\345\005U\221DzJ0\001\301\025%1L\307\t\261\262z\374\222T\301\274V\236\223\262\270Ct\362\337b\356\024*\324\320\351\317\002k\336\234\027v\351\217\260\303\360\233ZPZWr\246$w\313\313\r\243r\232\2234\373\3539:N\004Q\245\272D\312D\300\300\t\323\0257\345e\271\na\215{\226\255x%T\257\037\333\004\344_/R\006E\344\037@\210\363\010\336T\226\247'\204_{\261\370""1\235\2445\343\033Y!\212\201\341\272\225'\007\252\010\220A\221\8\313\335b\274D\353]\316\0342u\240\304\036\360\225\243\221\276\2103^\006\226\276\013\003""; }; "
1750527618476,1750527618476,0,1,2,0,TMGetLedger,"itype: liBASE; ledgerHash: ""J +\370\t^b\005\020\003\211\373\247|hC\271Nmk~J\270EU\274\036-\347\240\312F""; ledgerSeq: 26; queryType: qtINDIRECT; ","itype: liBASE; ledgerHash: ""J +\370\t^b\005\020\003\211\373\247|hC\271Nmk~J\270EU\274\036-\347\240\312F""; ledgerSeq: 26; queryType: qtINDIRECT; "
1750527618476,1750527618476,0,1,2,0,TMValidation,"validation: """"\200\000\000\001&\000\000\000\032)/\351\253\002:p\210\265\307-\212\200\004QJ +\370\t^b\005\020\003\211\373\247|hC\271Nmk~J\270EU\274\036-\347\240\312FP\027\000\000\000\000\000\000\000\000\000\000\000\000\000\000\000\000\000\000\000\000\000\000\000\000\000\000\000\000\000\000\000\000P\031\313\206R\331\304k\323u\263t\221\213yC\241\217A\242\027g\322\241'\212.E?B_\316\327\217s!\002\364d\217\366\217|\316F\232\231\241\n\261\333`\312O\367\235\025DD\336e\367\n\312\326\221\037\025\230vG0E\002!\000\341\317\353='\241\356\306Q\327k\230\225\177\372\221J\330\220\250u\243t\330;\352\305GMSza\002 \007l\270\347z\341\220n\306e!r?]Z\233\250\017\350/6\344\300\007\ts\225\306\230\330\335M""; ","validation: """"\200\000\000\001&\000\000\000\032)/\351\253\002:p\210\265\307-\212\200\004QJ +\370\t^b\005\020\003\211\373\247|hC\271Nmk~J\270EU\274\036-\347\240\312FP\027\000\000\000\000\000\000\000\000\000\000\000\000\000\000\000\000\000\000\000\000\000\000\000\000\000\000\000\000\000\000\000\000P\031\313\206R\331\304k\323u\263t\221\213yC\241\217A\242\027g\322\241'\212.E?B_\316\327\217s!\002\364d\217\366\217|\316F\232\231\241\n\261\333`\312O\367\235\025DD\336e\367\n\312\326\221\037\025\230vG0E\002!\000\341\317\353='\241\356\306Q\327k\230\225\177\372\221J\330\220\250u\243t\330;\352\305GMSza\002 \007l\270\347z\341\220n\306e!r?]Z\233\250\017\350/6\344\300\007\ts\225\306\230\330\335M""; "
1750527618477,1750527618477,0,1,2,1,TMValidation,"validation: """"\200\000\000\001&\000\000\000\032)/\351\253\002:p\210\265\307-\212\200\004QJ +\370\t^b\005\020\003\211\373\247|hC\271Nmk~J\270EU\274\036-\347\240\312FP\027\000\000\000\000\000\000\000\000\000\000\000\000\000\000\000\000\000\000\000\000\000\000\000\000\000\000\000\000\000\000\000\000P\031\313\206R\331\304k\323u\263t\221\213yC\241\217A\242\027g\322\241'\212.E?B_\316\327\217s!\002\364d\217\366\217|\316F\232\231\241\n\261\333`\312O\367\235\025DD\336e\367\n\312\326\221\037\025\230vG0E\002!\000\341\317\353='\241\356\306Q\327k\230\225\177\372\221J\330\220\250u\243t\330;\352\305GMSza\002 \007l\270\347z\341\220n\306e!r?]Z\233\250\017\350/6\344\300\007\ts\225\306\230\330\335M""; ","validation: """"\200\000\000\001&\000\000\000\032)/\351\253\002:p\210\265\307-\212\200\004QJ +\370\t^b\005\020\003\211\373\247|hC\271Nmk~J\270EU\274\036-\347\240\312FP\027\000\000\000\000\000\000\000\000\000\000\000\000\000\000\000\000\000\000\000\000\000\000\000\000\000\000\000\000\000\000\000\000P\031\313\206R\331\304k\323u\263t\221\213yC\241\217A\242\027g\322\241'\212.E?B_\316\327\217s!\002\364d\217\366\217|\316F\232\231\241\n\261\333`\312O\367\235\025DD\336e\367\n\312\326\221\037\025\230vG0E\002!\000\341\317\353='\241\356\306Q\327k\230\225\177\372\221J\330\220\250u\243t\330;\352\305GMSza\002 \007l\270\347z\341\220n\306e!r?]Z\233\250\017\350/6\344\300\007\ts\225\306\230\330\335M""; "
1750527618477,1750527618477,0,1,2,1,TMGetLedger,"itype: liBASE; ledgerHash: ""J +\370\t^b\005\020\003\211\373\247|hC\271Nmk~J\270EU\274\036-\347\240\312F""; ledgerSeq: 26; queryType: qtINDIRECT; ","itype: liBASE; ledgerHash: ""J +\370\t^b\005\020\003\211\373\247|hC\271Nmk~J\270EU\274\036-\347\240\312F""; ledgerSeq: 26; queryType: qtINDIRECT; "
1750527618478,1750527618478,0,1,3,1,TMLedgerData,"ledgerHash: ""J +\370\t^b\005\020\003\211\373\247|hC\271Nmk~J\270EU\274\036-\347\240\312F""; ledgerSeq: 26; type: liBASE; nodes {;   nodedata: ""\000\000\000\032\001cEx]\211\377\330\313\206R\331\304k\323u\263t\221\213yC\241\217A\242\027g\322\241'\212.E?B_\316\327\217\000\000\000\000\000\000\000\000\000\000\000\000\000\000\000\000\000\000\000\000\000\000\000\000\000\000\000\000\000\000\000\000\223\301\026\335Z\35344\325gW\034a\334\364\301\256\336\314\342\313\374\273\266\007\005t\277\200\275+\262/\351\252\374/\351\253\004\n\000""; }; nodes {;   nodedata: ""\323C\344\327\264{\312-\017:\006{\177\344N\002\326bO\260\220\006\033\362\345\005U\221DzJ0\001\301\025%1L\307\t\261\262z\374\222T\301\274V\236\223\262\270Ct\362\337b\356\024*\324\320\351\317\002k\336\234\027v\351\217\260\303\360\233ZPZWr\246$w\313\313\r\243r\232\2234\373\3539:N\004Q\245\272D\312D\300\300\t\323\0257\345e\271\na\215{\226\255x%T\257\037\333\004\344_/R\006E\344\037@\210\363\010\336T\226\247'\204_{\261\370""1\235\2445\343\033Y!\212\201\341\272\225'\007\252\010\220A\221\8\313\335b\274D\353]\316\0342u\240\304\036\360\225\243\221\276\2103^\006\226\276\013\003""; }; ","ledgerHash: ""J +\370\t^b\005\020\003\211\373\247|hC\271Nmk~J\270EU\274\036-\347\240\312F""; ledgerSeq: 26; type: liBASE; nodes {;   nodedata: ""\000\000\000\032\001cEx]\211\377\330\313\206R\331\304k\323u\263t\221\213yC\241\217A\242\027g\322\241'\212.E?B_\316\327\217\000\000\000\000\000\000\000\000\000\000\000\000\000\000\000\000\000\000\000\000\000\000\000\000\000\000\000\000\000\000\000\000\223\301\026\335Z\35344\325gW\034a\334\364\301\256\336\314\342\313\374\273\266\007\005t\277\200\275+\262/\351\252\374/\351\253\004\n\000""; }; nodes {;   nodedata: ""\323C\344\327\264{\312-\017:\006{\177\344N\002\326bO\260\220\006\033\362\345\005U\221DzJ0\001\301\025%1L\307\t\261\262z\374\222T\301\274V\236\223\262\270Ct\362\337b\356\024*\324\320\351\317\002k\336\234\027v\351\217\260\303\360\233ZPZWr\246$w\313\313\r\243r\232\2234\373\3539:N\004Q\245\272D\312D\300\300\t\323\0257\345e\271\na\215{\226\255x%T\257\037\333\004\344_/R\006E\344\037@\210\363\010\336T\226\247'\204_{\261\370""1\235\2445\343\033Y!\212\201\341\272\225'\007\252\010\220A\221\8\313\335b\274D\353]\316\0342u\240\304\036\360\225\243\221\276\2103^\006\226\276\013\003""; }; "
1750527618478,1750527618478,0,1,0,1,TMGetLedger,"itype: liBASE; ledgerHash: ""J +\370\t^b\005\020\003\211\373\247|hC\271Nmk~J\270EU\274\036-\347\240\312F""; ledgerSeq: 26; queryType: qtINDIRECT; ","itype: liBASE; ledgerHash: ""J +\370\t^b\005\020\003\211\373\247|hC\271Nmk~J\270EU\274\036-\347\240\312F""; ledgerSeq: 26; queryType: qtINDIRECT; "
1750527618479,1750527618479,0,1,0,1,TMValidation,"validation: """"\200\000\000\001&\000\000\000\032)/\351\253\002:p\210\265\307-\212\200\004QJ +\370\t^b\005\020\003\211\373\247|hC\271Nmk~J\270EU\274\036-\347\240\312FP\027\000\000\000\000\000\000\000\000\000\000\000\000\000\000\000\000\000\000\000\000\000\000\000\000\000\000\000\000\000\000\000\000P\031\313\206R\331\304k\323u\263t\221\213yC\241\217A\242\027g\322\241'\212.E?B_\316\327\217s!\002\364d\217\366\217|\316F\232\231\241\n\261\333`\312O\367\235\025DD\336e\367\n\312\326\221\037\025\230vG0E\002!\000\341\317\353='\241\356\306Q\327k\230\225\177\372\221J\330\220\250u\243t\330;\352\305GMSza\002 \007l\270\347z\341\220n\306e!r?]Z\233\250\017\350/6\344\300\007\ts\225\306\230\330\335M""; ","validation: """"\200\000\000\001&\000\000\000\032)/\351\253\002:p\210\265\307-\212\200\004QJ +\370\t^b\005\020\003\211\373\247|hC\271Nmk~J\270EU\274\036-\347\240\312FP\027\000\000\000\000\000\000\000\000\000\000\000\000\000\000\000\000\000\000\000\000\000\000\000\000\000\000\000\000\000\000\000\000P\031\313\206R\331\304k\323u\263t\221\213yC\241\217A\242\027g\322\241'\212.E?B_\316\327\217s!\002\364d\217\366\217|\316F\232\231\241\n\261\333`\312O\367\235\025DD\336e\367\n\312\326\221\037\025\230vG0E\002!\000\341\317\353='\241\356\306Q\327k\230\225\177\372\221J\330\220\250u\243t\330;\352\305GMSza\002 \007l\270\347z\341\220n\306e!r?]Z\233\250\017\350/6\344\300\007\ts\225\306\230\330\335M""; "
1750527618480,1750527618480,0,1,3,1,TMLedgerData,"ledgerHash: ""J +\370\t^b\005\020\003\211\373\247|hC\271Nmk~J\270EU\274\036-\347\240\312F""; ledgerSeq: 26; type: liBASE; nodes {;   nodedata: ""\000\000\000\032\001cEx]\211\377\330\313\206R\331\304k\323u\263t\221\213yC\241\217A\242\027g\322\241'\212.E?B_\316\327\217\000\000\000\000\000\000\000\000\000\000\000\000\000\000\000\000\000\000\000\000\000\000\000\000\000\000\000\000\000\000\000\000\223\301\026\335Z\35344\325gW\034a\334\364\301\256\336\314\342\313\374\273\266\007\005t\277\200\275+\262/\351\252\374/\351\253\004\n\000""; }; nodes {;   nodedata: ""\323C\344\327\264{\312-\017:\006{\177\344N\002\326bO\260\220\006\033\362\345\005U\221DzJ0\001\301\025%1L\307\t\261\262z\374\222T\301\274V\236\223\262\270Ct\362\337b\356\024*\324\320\351\317\002k\336\234\027v\351\217\260\303\360\233ZPZWr\246$w\313\313\r\243r\232\2234\373\3539:N\004Q\245\272D\312D\300\300\t\323\0257\345e\271\na\215{\226\255x%T\257\037\333\004\344_/R\006E\344\037@\210\363\010\336T\226\247'\204_{\261\370""1\235\2445\343\033Y!\212\201\341\272\225'\007\252\010\220A\221\8\313\335b\274D\353]\316\0342u\240\304\036\360\225\243\221\276\2103^\006\226\276\013\003""; }; ","ledgerHash: ""J +\370\t^b\005\020\003\211\373\247|hC\271Nmk~J\270EU\274\036-\347\240\312F""; ledgerSeq: 26; type: liBASE; nodes {;   nodedata: ""\000\000\000\032\001cEx]\211\377\330\313\206R\331\304k\323u\263t\221\213yC\241\217A\242\027g\322\241'\212.E?B_\316\327\217\000\000\000\000\000\000\000\000\000\000\000\000\000\000\000\000\000\000\000\000\000\000\000\000\000\000\000\000\000\000\000\000\223\301\026\335Z\35344\325gW\034a\334\364\301\256\336\314\342\313\374\273\266\007\005t\277\200\275+\262/\351\252\374/\351\253\004\n\000""; }; nodes {;   nodedata: ""\323C\344\327\264{\312-\017:\006{\177\344N\002\326bO\260\220\006\033\362\345\005U\221DzJ0\001\301\025%1L\307\t\261\262z\374\222T\301\274V\236\223\262\270Ct\362\337b\356\024*\324\320\351\317\002k\336\234\027v\351\217\260\303\360\233ZPZWr\246$w\313\313\r\243r\232\2234\373\3539:N\004Q\245\272D\312D\300\300\t\323\0257\345e\271\na\215{\226\255x%T\257\037\333\004\344_/R\006E\344\037@\210\363\010\336T\226\247'\204_{\261\370""1\235\2445\343\033Y!\212\201\341\272\225'\007\252\010\220A\221\8\313\335b\274D\353]\316\0342u\240\304\036\360\225\243\221\276\2103^\006\226\276\013\003""; }; "
1750527618480,1750527618480,0,1,4,3,TMGetLedger,"itype: liBASE; ledgerHash: ""J +\370\t^b\005\020\003\211\373\247|hC\271Nmk~J\270EU\274\036-\347\240\312F""; ledgerSeq: 26; requestCookie: 2; queryType: qtINDIRECT; ","itype: liBASE; ledgerHash: ""J +\370\t^b\005\020\003\211\373\247|hC\271Nmk~J\270EU\274\036-\347\240\312F""; ledgerSeq: 26; requestCookie: 2; queryType: qtINDIRECT; "
1750527618481,1750527618481,0,1,4,3,TMGetLedger,"itype: liAS_NODE; ledgerHash: ""J +\370\t^b\005\020\003\211\373\247|hC\271Nmk~J\270EU\274\036-\347\240\312F""; ledgerSeq: 26; nodeIDs: ""\260\000\000\000\000\000\000\000\000\000\000\000\000\000\000\000\000\000\000\000\000\000\000\000\000\000\000\000\000\000\000\000\001""; queryType: qtINDIRECT; queryDepth: 1; ","itype: liAS_NODE; ledgerHash: ""J +\370\t^b\005\020\003\211\373\247|hC\271Nmk~J\270EU\274\036-\347\240\312F""; ledgerSeq: 26; nodeIDs: ""\260\000\000\000\000\000\000\000\000\000\000\000\000\000\000\000\000\000\000\000\000\000\000\000\000\000\000\000\000\000\000\000\001""; queryType: qtINDIRECT; queryDepth: 1; "
1750527618481,1750527618482,0,1,3,2,TMLedgerData,"ledgerHash: ""J +\370\t^b\005\020\003\211\373\247|hC\271Nmk~J\270EU\274\036-\347\240\312F""; ledgerSeq: 26; type: liBASE; nodes {;   nodedata: ""\000\000\000\032\001cEx]\211\377\330\313\206R\331\304k\323u\263t\221\213yC\241\217A\242\027g\322\241'\212.E?B_\316\327\217\000\000\000\000\000\000\000\000\000\000\000\000\000\000\000\000\000\000\000\000\000\000\000\000\000\000\000\000\000\000\000\000\223\301\026\335Z\35344\325gW\034a\334\364\301\256\336\314\342\313\374\273\266\007\005t\277\200\275+\262/\351\252\374/\351\253\004\n\000""; }; nodes {;   nodedata: ""\323C\344\327\264{\312-\017:\006{\177\344N\002\326bO\260\220\006\033\362\345\005U\221DzJ0\001\301\025%1L\307\t\261\262z\374\222T\301\274V\236\223\262\270Ct\362\337b\356\024*\324\320\351\317\002k\336\234\027v\351\217\260\303\360\233ZPZWr\246$w\313\313\r\243r\232\2234\373\3539:N\004Q\245\272D\312D\300\300\t\323\0257\345e\271\na\215{\226\255x%T\257\037\333\004\344_/R\006E\344\037@\210\363\010\336T\226\247'\204_{\261\370""1\235\2445\343\033Y!\212\201\341\272\225'\007\252\010\220A\221\8\313\335b\274D\353]\316\0342u\240\304\036\360\225\243\221\276\2103^\006\226\276\013\003""; }; ","ledgerHash: ""J +\370\t^b\005\020\003\211\373\247|hC\271Nmk~J\270EU\274\036-\347\240\312F""; ledgerSeq: 26; type: liBASE; nodes {;   nodedata: ""\000\000\000\032\001cEx]\211\377\330\313\206R\331\304k\323u\263t\221\213yC\241\217A\242\027g\322\241'\212.E?B_\316\327\217\000\000\000\000\000\000\000\000\000\000\000\000\000\000\000\000\000\000\000\000\000\000\000\000\000\000\000\000\000\000\000\000\223\301\026\335Z\35344\325gW\034a\334\364\301\256\336\314\342\313\374\273\266\007\005t\277\200\275+\262/\351\252\374/\351\253\004\n\000""; }; nodes {;   nodedata: ""\323C\344\327\264{\312-\017:\006{\177\344N\002\326bO\260\220\006\033\362\345\005U\221DzJ0\001\301\025%1L\307\t\261\262z\374\222T\301\274V\236\223\262\270Ct\362\337b\356\024*\324\320\351\317\002k\336\234\027v\351\217\260\303\360\233ZPZWr\246$w\313\313\r\243r\232\2234\373\3539:N\004Q\245\272D\312D\300\300\t\323\0257\345e\271\na\215{\226\255x%T\257\037\333\004\344_/R\006E\344\037@\210\363\010\336T\226\247'\204_{\261\370""1\235\2445\343\033Y!\212\201\341\272\225'\007\252\010\220A\221\8\313\335b\274D\353]\316\0342u\240\304\036\360\225\243\221\276\2103^\006\226\276\013\003""; }; "
1750527618482,1750527618482,0,1,0,2,TMValidation,"validation: """"\200\000\000\001&\000\000\000\032)/\351\253\002:p\210\265\307-\212\200\004QJ +\370\t^b\005\020\003\211\373\247|hC\271Nmk~J\270EU\274\036-\347\240\312FP\027\000\000\000\000\000\000\000\000\000\000\000\000\000\000\000\000\000\000\000\000\000\000\000\000\000\000\000\000\000\000\000\000P\031\313\206R\331\304k\323u\263t\221\213yC\241\217A\242\027g\322\241'\212.E?B_\316\327\217s!\002\364d\217\366\217|\316F\232\231\241\n\261\333`\312O\367\235\025DD\336e\367\n\312\326\221\037\025\230vG0E\002!\000\341\317\353='\241\356\306Q\327k\230\225\177\372\221J\330\220\250u\243t\330;\352\305GMSza\002 \007l\270\347z\341\220n\306e!r?]Z\233\250\017\350/6\344\300\007\ts\225\306\230\330\335M""; ","validation: """"\200\000\000\001&\000\000\000\032)/\351\253\002:p\210\265\307-\212\200\004QJ +\370\t^b\005\020\003\211\373\247|hC\271Nmk~J\270EU\274\036-\347\240\312FP\027\000\000\000\000\000\000\000\000\000\000\000\000\000\000\000\000\000\000\000\000\000\000\000\000\000\000\000\000\000\000\000\000P\031\313\206R\331\304k\323u\263t\221\213yC\241\217A\242\027g\322\241'\212.E?B_\316\327\217s!\002\364d\217\366\217|\316F\232\231\241\n\261\333`\312O\367\235\025DD\336e\367\n\312\326\221\037\025\230vG0E\002!\000\341\317\353='\241\356\306Q\327k\230\225\177\372\221J\330\220\250u\243t\330;\352\305GMSza\002 \007l\270\347z\341\220n\306e!r?]Z\233\250\017\350/6\344\300\007\ts\225\306\230\330\335M""; "
1750527618483,1750527618483,0,1,0,2,TMGetLedger,"itype: liBASE; ledgerHash: ""J +\370\t^b\005\020\003\211\373\247|hC\271Nmk~J\270EU\274\036-\347\240\312F""; ledgerSeq: 26; queryType: qtINDIRECT; ","itype: liBASE; ledgerHash: ""J +\370\t^b\005\020\003\211\373\247|hC\271Nmk~J\270EU\274\036-\347\240\312F""; ledgerSeq: 26; queryType: qtINDIRECT; "
1750527618483,1750527618483,0,1,3,1,TMLedgerData,"ledgerHash: ""J +\370\t^b\005\020\003\211\373\247|hC\271Nmk~J\270EU\274\036-\347\240\312F""; ledgerSeq: 26; type: liBASE; nodes {;   nodedata: ""\000\000\000\032\001cEx]\211\377\330\313\206R\331\304k\323u\263t\221\213yC\241\217A\242\027g\322\241'\212.E?B_\316\327\217\000\000\000\000\000\000\000\000\000\000\000\000\000\000\000\000\000\000\000\000\000\000\000\000\000\000\000\000\000\000\000\000\223\301\026\335Z\35344\325gW\034a\334\364\301\256\336\314\342\313\374\273\266\007\005t\277\200\275+\262/\351\252\374/\351\253\004\n\000""; }; nodes {;   nodedata: ""\323C\344\327\264{\312-\017:\006{\177\344N\002\326bO\260\220\006\033\362\345\005U\221DzJ0\001\301\025%1L\307\t\261\262z\374\222T\301\274V\236\223\262\270Ct\362\337b\356\024*\324\320\351\317\002k\336\234\027v\351\217\260\303\360\233ZPZWr\246$w\313\313\r\243r\232\2234\373\3539:N\004Q\245\272D\312D\300\300\t\323\0257\345e\271\na\215{\226\255x%T\257\037\333\004\344_/R\006E\344\037@\210\363\010\336T\226\247'\204_{\261\370""1\235\2445\343\033Y!\212\201\341\272\225'\007\252\010\220A\221\8\313\335b\274D\353]\316\0342u\240\304\036\360\225\243\221\276\2103^\006\226\276\013\003""; }; requestCookie: 5; ","ledgerHash: ""J +\370\t^b\005\020\003\211\373\247|hC\271Nmk~J\270EU\274\036-\347\240\312F""; ledgerSeq: 26; type: liBASE; nodes {;   nodedata: ""\000\000\000\032\001cEx]\211\377\330\313\206R\331\304k\323u\263t\221\213yC\241\217A\242\027g\322\241'\212.E?B_\316\327\217\000\000\000\000\000\000\000\000\000\000\000\000\000\000\000\000\000\000\000\000\000\000\000\000\000\000\000\000\000\000\000\000\223\301\026\335Z\35344\325gW\034a\334\364\301\256\336\314\342\313\374\273\266\007\005t\277\200\275+\262/\351\252\374/\351\253\004\n\000""; }; nodes {;   nodedata: ""\323C\344\327\264{\312-\017:\006{\177\344N\002\326bO\260\220\006\033\362\345\005U\221DzJ0\001\301\025%1L\307\t\261\262z\374\222T\301\274V\236\223\262\270Ct\362\337b\356\024*\324\320\351\317\002k\336\234\027v\351\217\260\303\360\233ZPZWr\246$w\313\313\r\243r\232\2234\373\3539:N\004Q\245\272D\312D\300\300\t\323\0257\345e\271\na\215{\226\255x%T\257\037\333\004\344_/R\006E\344\037@\210\363\010\336T\226\247'\204_{\261\370""1\235\2445\343\033Y!\212\201\341\272\225'\007\252\010\220A\221\8\313\335b\274D\353]\316\0342u\240\304\036\360\225\243\221\276\2103^\006\226\276\013\003""; }; requestCookie: 5; "
1750527618483,1750527618483,0,1,4,3,TMGetLedger,"itype: liBASE; ledgerHash: ""J +\370\t^b\005\020\003\211\373\247|hC\271Nmk~J\270EU\274\036-\347\240\312F""; ledgerSeq: 26; requestCookie: 3; queryType: qtINDIRECT; ","itype: liBASE; ledgerHash: ""J +\370\t^b\005\020\003\211\373\247|hC\271Nmk~J\270EU\274\036-\347\240\312F""; ledgerSeq: 26; requestCookie: 3; queryType: qtINDIRECT; "
1750527618489,1750527618489,0,1,4,3,TMGetLedger,"itype: liBASE; ledgerHash: ""J +\370\t^b\005\020\003\211\373\247|hC\271Nmk~J\270EU\274\036-\347\240\312F""; ledgerSeq: 26; requestCookie: 1; queryType: qtINDIRECT; ","itype: liBASE; ledgerHash: ""J +\370\t^b\005\020\003\211\373\247|hC\271Nmk~J\270EU\274\036-\347\240\312F""; ledgerSeq: 26; requestCookie: 1; queryType: qtINDIRECT; "
1750527618490,1750527618490,0,1,0,3,TMGetLedger,"itype: liBASE; ledgerHash: ""J +\370\t^b\005\020\003\211\373\247|hC\271Nmk~J\270EU\274\036-\347\240\312F""; ledgerSeq: 26; queryType: qtINDIRECT; ","itype: liBASE; ledgerHash: ""J +\370\t^b\005\020\003\211\373\247|hC\271Nmk~J\270EU\274\036-\347\240\312F""; ledgerSeq: 26; queryType: qtINDIRECT; "
1750527618490,1750527618490,0,1,0,3,TMGetLedger,"itype: liBASE; ledgerHash: ""J +\370\t^b\005\020\003\211\373\247|hC\271Nmk~J\270EU\274\036-\347\240\312F""; requestCookie: 5; queryType: qtINDIRECT; ","itype: liBASE; ledgerHash: ""J +\370\t^b\005\020\003\211\373\247|hC\271Nmk~J\270EU\274\036-\347\240\312F""; requestCookie: 5; queryType: qtINDIRECT; "
1750527618491,1750527618491,0,1,0,3,TMGetLedger,"itype: liBASE; ledgerHash: ""J +\370\t^b\005\020\003\211\373\247|hC\271Nmk~J\270EU\274\036-\347\240\312F""; ledgerSeq: 26; requestCookie: 2; queryType: qtINDIRECT; ","itype: liBASE; ledgerHash: ""J +\370\t^b\005\020\003\211\373\247|hC\271Nmk~J\270EU\274\036-\347\240\312F""; ledgerSeq: 26; requestCookie: 2; queryType: qtINDIRECT; "
1750527618492,1750527618492,0,1,1,3,TMGetLedger,"itype: liBASE; ledgerHash: ""J +\370\t^b\005\020\003\211\373\247|hC\271Nmk~J\270EU\274\036-\347\240\312F""; ledgerSeq: 26; requestCookie: 3; queryType: qtINDIRECT; ","itype: liBASE; ledgerHash: ""J +\370\t^b\005\020\003\211\373\247|hC\271Nmk~J\270EU\274\036-\347\240\312F""; ledgerSeq: 26; requestCookie: 3; queryType: qtINDIRECT; "
1750527618492,1750527618492,0,1,1,3,TMGetLedger,"itype: liBASE; ledgerHash: ""J +\370\t^b\005\020\003\211\373\247|hC\271Nmk~J\270EU\274\036-\347\240\312F""; ledgerSeq: 26; requestCookie: 2; queryType: qtINDIRECT; ","itype: liBASE; ledgerHash: ""J +\370\t^b\005\020\003\211\373\247|hC\271Nmk~J\270EU\274\036-\347\240\312F""; ledgerSeq: 26; requestCookie: 2; queryType: qtINDIRECT; "
1750527618492,1750527618492,0,1,1,3,TMGetLedger,"itype: liAS_NODE; ledgerHash: ""J +\370\t^b\005\020\003\211\373\247|hC\271Nmk~J\270EU\274\036-\347\240\312F""; ledgerSeq: 26; nodeIDs: ""\260\000\000\000\000\000\000\000\000\000\000\000\000\000\000\000\000\000\000\000\000\000\000\000\000\000\000\000\000\000\000\000\001""; queryType: qtINDIRECT; queryDepth: 1; ","itype: liAS_NODE; ledgerHash: ""J +\370\t^b\005\020\003\211\373\247|hC\271Nmk~J\270EU\274\036-\347\240\312F""; ledgerSeq: 26; nodeIDs: ""\260\000\000\000\000\000\000\000\000\000\000\000\000\000\000\000\000\000\000\000\000\000\000\000\000\000\000\000\000\000\000\000\001""; queryType: qtINDIRECT; queryDepth: 1; "
1750527618493,1750527618493,0,1,3,4,TMLedgerData,"ledgerHash: ""J +\370\t^b\005\020\003\211\373\247|hC\271Nmk~J\270EU\274\036-\347\240\312F""; ledgerSeq: 26; type: liBASE; nodes {;   nodedata: ""\000\000\000\032\001cEx]\211\377\330\313\206R\331\304k\323u\263t\221\213yC\241\217A\242\027g\322\241'\212.E?B_\316\327\217\000\000\000\000\000\000\000\000\000\000\000\000\000\000\000\000\000\000\000\000\000\000\000\000\000\000\000\000\000\000\000\000\223\301\026\335Z\35344\325gW\034a\334\364\301\256\336\314\342\313\374\273\266\007\005t\277\200\275+\262/\351\252\374/\351\253\004\n\000""; }; nodes {;   nodedata: ""\323C\344\327\264{\312-\017:\006{\177\344N\002\326bO\260\220\006\033\362\345\005U\221DzJ0\001\301\025%1L\307\t\261\262z\374\222T\301\274V\236\223\262\270Ct\362\337b\356\024*\324\320\351\317\002k\336\234\027v\351\217\260\303\360\233ZPZWr\246$w\313\313\r\243r\232\2234\373\3539:N\004Q\245\272D\312D\300\300\t\323\0257\345e\271\na\215{\226\255x%T\257\037\333\004\344_/R\006E\344\037@\210\363\010\336T\226\247'\204_{\261\370""1\235\2445\343\033Y!\212\201\341\272\225'\007\252\010\220A\221\8\313\335b\274D\353]\316\0342u\240\304\036\360\225\243\221\276\2103^\006\226\276\013\003""; }; requestCookie: 2; ","ledgerHash: ""J +\370\t^b\005\020\003\211\373\247|hC\271Nmk~J\270EU\274\036-\347\240\312F""; ledgerSeq: 26; type: liBASE; nodes {;   nodedata: ""\000\000\000\032\001cEx]\211\377\330\313\206R\331\304k\323u\263t\221\213yC\241\217A\242\027g\322\241'\212.E?B_\316\327\217\000\000\000\000\000\000\000\000\000\000\000\000\000\000\000\000\000\000\000\000\000\000\000\000\000\000\000\000\000\000\000\000\223\301\026\335Z\35344\325gW\034a\334\364\301\256\336\314\342\313\374\273\266\007\005t\277\200\275+\262/\351\252\374/\351\253\004\n\000""; }; nodes {;   nodedata: ""\323C\344\327\264{\312-\017:\006{\177\344N\002\326bO\260\220\006\033\362\345\005U\221DzJ0\001\301\025%1L\307\t\261\262z\374\222T\301\274V\236\223\262\270Ct\362\337b\356\024*\324\320\351\317\002k\336\234\027v\351\217\260\303\360\233ZPZWr\246$w\313\313\r\243r\232\2234\373\3539:N\004Q\245\272D\312D\300\300\t\323\0257\345e\271\na\215{\226\255x%T\257\037\333\004\344_/R\006E\344\037@\210\363\010\336T\226\247'\204_{\261\370""1\235\2445\343\033Y!\212\201\341\272\225'\007\252\010\220A\221\8\313\335b\274D\353]\316\0342u\240\304\036\360\225\243\221\276\2103^\006\226\276\013\003""; }; requestCookie: 2; "
1750527618494,1750527618494,0,1,3,4,TMLedgerData,"ledgerHash: ""J +\370\t^b\005\020\003\211\373\247|hC\271Nmk~J\270EU\274\036-\347\240\312F""; ledgerSeq: 26; type: liAS_NODE; nodes {;   nodedata: ""\021\000h""\000\000\000\000 \033\000\000\000\031\002\023\303\177\330\356GuH\375\327!\255\371\r\231\262R\256J\034\222\241\355X\265E\241^W\225\304\014\361CX-}\351f\032\255\274\334m\326c\017\014ao[\342\230\003\245\245\3341Hm\326^\017jy\335\261\032Yt\320\244{g\0306\\302\303*\341\215\223\257\364\277o\375\000r\241SOq\221\253\262\005\017\375T\356\014\360o'\030\311-\267\031\257!\031T\006><\315XM\334\324\345\034\000\325\367\240\271\013\265\024\321\362\354\211\250.\234s\225amc\305\035\366\276\037nD\277`\210\223N\3535\033\261\304f\331]\036\237\306o!\223\221\002\324\031\262\240R\177 ,\214\325\Q])\016\2067\277\t\354\010\000\360\215\2502\265\245\310\226\243c\302Ze\306\253#r\020\211\320iG\276\020E\317\035Sf\223F\254\033@\177e\277\016\010u\327\371&\262\312\317Q\2361t\377x\234\001v\003%\030\325_\225g\204\346a=\225\273\331\354\365*U\363\263N\367b\371\244\314-w\363\262\225Z\200\206\235\233\257?sE\2674\254\326mU\377?\177Ek\336\030!\316Aa\225\303\022\377{\210Y\226\271as\354L\035\004\341\361\035\301\024\220m#*\372\032\3178~\374\250\014*\323\342'z69\220\327\256\351G\367\317u\302\207\270b\315\333\333\334\310I\323&\014\352XZnW2.\335\347\202\021\247\362\212e\034\000\001\250\220\305;a\314\265R\310\017\317\331\235\360\262\240:\277\202\266\354\265X""\022\nh\252\352w\204\203\023]\001f\352\277\0031Q]\362\370R\350{\261\202\240\344\215\201\353\276\322p5p\350\354\017>\250r\241c\273\016\301\024\363\242\247\263\231\370\344\nBW\220K\316@3\243\200\036wk\253GSlU\010\360\231>\331\263H\214\324\030A\225\301o\346pkSF\004\241\213w9\223=\250\262*+\255\351r\265\244c\024\213\t\007`\223\325#\3477\210\345P\306\013\320\252[\0216+\227=`\371P\314\346 V7\271[~\n\237\274|\347\352@K\253~&\260\032\024\004B\200\255h\351\013\361\031:nG\211\005|\2003\266\274\251,W\006u\344\335d\003\306\212\313,\340\350bG\n\030Z\2732-\246\312\255\030\003\235207\005}D\260\0261ah\322M\304\216\273m0\271\234\237\007<w$\265C\245\232\033\023\313c\321B\032l\301h\005\320\252\301\361(\330[\343\357\343{\235\n\266g\272>\177\317\347\261qb&\270&\346ju\200\363N\320\307\004\034\001n\317\361\2653\254\2503\247\305\372\316W\022O\253x\250\025\373\247\354Tc\304\263\243^\352Gv\\264\261\r\035\226\306\2411\351\233\203\215\200$\231\300f\220\371c@\017\254\363\\371\340\340VaR\205~^\226\342t\360\022\204d\231\205)\272\364?\361!\334\331\315\254\230\rBG\314\023\246\244=\351\177\254\302b&\276+H;0\312\021&\275\036\237\350R\313\206R\331\304k\323u\263t\221\213yC\241\217A\242\027g\322\241'\212.E?B_\316\327\217\264\227\2326\315\307\363\323\325\303\032N\256*\307\327 \235\332\207u\210\271\257\306g\231i*\260\326k\001"";   nodeid: ""\260\000\000\000\000\000\000\000\000\000\000\000\000\000\000\000\000\000\000\000\000\000\000\000\000\000\000\000\000\000\000\000\001""; }; ","ledgerHash: ""J +\370\t^b\005\020\003\211\373\247|hC\271Nmk~J\270EU\274\036-\347\240\312F""; ledgerSeq: 26; type: liAS_NODE; nodes {;   nodedata: ""\021\000h""\000\000\000\000 \033\000\000\000\031\002\023\303\177\330\356GuH\375\327!\255\371\r\231\262R\256J\034\222\241\355X\265E\241^W\225\304\014\361CX-}\351f\032\255\274\334m\326c\017\014ao[\342\230\003\245\245\3341Hm\326^\017jy\335\261\032Yt\320\244{g\0306\\302\303*\341\215\223\257\364\277o\375\000r\241SOq\221\253\262\005\017\375T\356\014\360o'\030\311-\267\031\257!\031T\006><\315XM\334\324\345\034\000\325\367\240\271\013\265\024\321\362\354\211\250.\234s\225amc\305\035\366\276\037nD\277`\210\223N\3535\033\261\304f\331]\036\237\306o!\223\221\002\324\031\262\240R\177 ,\214\325\Q])\016\2067\277\t\354\010\000\360\215\2502\265\245\310\226\243c\302Ze\306\253#r\020\211\320iG\276\020E\317\035Sf\223F\254\033@\177e\277\016\010u\327\371&\262\312\317Q\2361t\377x\234\001v\003%\030\325_\225g\204\346a=\225\273\331\354\365*U\363\263N\367b\371\244\314-w\363\262\225Z\200\206\235\233\257?sE\2674\254\326mU\377?\177Ek\336\030!\316Aa\225\303\022\377{\210Y\226\271as\354L\035\004\341\361\035\301\024\220m#*\372\032\3178~\374\250\014*\323\342'z69\220\327\256\351G\367\317u\302\207\270b\315\333\333\334\310I\323&\014\352XZnW2.\335\347\202\021\247\362\212e\034\000\001\250\220\305;a\314\265R\310\017\317\331\235\360\262\240:\277\202\266\354\265X""\022\nh\252\352w\204\203\023]\001f\352\277\0031Q]\362\370R\350{\261\202\240\344\215\201\353\276\322p5p\350\354\017>\250r\241c\273\016\301\024\363\242\247\263\231\370\344\nBW\220K\316@3\243\200\036wk\253GSlU\010\360\231>\331\263H\214\324\030A\225\301o\346pkSF\004\241\213w9\223=\250\262*+\255\351r\265\244c\024\213\t\007`\223\325#\3477\210\345P\306\013\320\252[\0216+\227=`\371P\314\346 V7\271[~\n\237\274|\347\352@K\253~&\260\032\024\004B\200\255h\351\013\361\031:nG\211\005|\2003\266\274\251,W\006u\344\335d\003\306\212\313,\340\350bG\n\030Z\2732-\246\312\255\030\003\235207\005}D\260\0261ah\322M\304\216\273m0\271\234\237\007<w$\265C\245\232\033\023\313c\321B\032l\301h\005\320\252\301\361(\330[\343\357\343{\235\n\266g\272>\177\317\347\261qb&\270&\346ju\200\363N\320\307\004\034\001n\317\361\2653\254\2503\247\305\372\316W\022O\253x\250\025\373\247\354Tc\304\263\243^\352Gv\\264\261\r\035\226\306\2411\351\233\203\215\200$\231\300f\220\371c@\017\254\363\\371\340\340VaR\205~^\226\342t\360\022\204d\231\205)\272\364?\361!\334\331\315\254\230\rBG\314\023\246\244=\351\177\254\302b&\276+H;0\312\021&\275\036\237\350R\313\206R\331\304k\323u\263t\221\213yC\241\217A\242\027g\322\241'\212.E?B_\316\327\217\264\227\2326\315\307\363\323\325\303\032N\256*\307\327 \235\332\207u\210\271\257\306g\231i*\260\326k\001"";   nodeid: ""\260\000\000\000\000\000\000\000\000\000\000\000\000\000\000\000\000\000\000\000\000\000\000\000\000\000\000\000\000\000\000\000\001""; }; "
1750527618494,1750527618494,0,1,2,3,TMGetLedger,"itype: liBASE; ledgerHash: ""J +\370\t^b\005\020\003\211\373\247|hC\271Nmk~J\270EU\274\036-\347\240\312F""; requestCookie: 5; queryType: qtINDIRECT; ","itype: liBASE; ledgerHash: ""J +\370\t^b\005\020\003\211\373\247|hC\271Nmk~J\270EU\274\036-\347\240\312F""; requestCookie: 5; queryType: qtINDIRECT; "
1750527618495,1750527618495,0,1,2,3,TMGetLedger,"itype: liBASE; ledgerHash: ""J +\370\t^b\005\020\003\211\373\247|hC\271Nmk~J\270EU\274\036-\347\240\312F""; ledgerSeq: 26; queryType: qtINDIRECT; ","itype: liBASE; ledgerHash: ""J +\370\t^b\005\020\003\211\373\247|hC\271Nmk~J\270EU\274\036-\347\240\312F""; ledgerSeq: 26; queryType: qtINDIRECT; "
1750527618495,1750527618496,0,1,2,3,TMGetLedger,"itype: liBASE; ledgerHash: ""J +\370\t^b\005\020\003\211\373\247|hC\271Nmk~J\270EU\274\036-\347\240\312F""; ledgerSeq: 26; requestCookie: 3; queryType: qtINDIRECT; ","itype: liBASE; ledgerHash: ""J +\370\t^b\005\020\003\211\373\247|hC\271Nmk~J\270EU\274\036-\347\240\312F""; ledgerSeq: 26; requestCookie: 3; queryType: qtINDIRECT; "
1750527618496,1750527618497,0,1,1,4,TMLedgerData,"ledgerHash: ""J +\370\t^b\005\020\003\211\373\247|hC\271Nmk~J\270EU\274\036-\347\240\312F""; ledgerSeq: 26; type: liBASE; nodes {;   nodedata: ""\000\000\000\032\001cEx]\211\377\330\313\206R\331\304k\323u\263t\221\213yC\241\217A\242\027g\322\241'\212.E?B_\316\327\217\000\000\000\000\000\000\000\000\000\000\000\000\000\000\000\000\000\000\000\000\000\000\000\000\000\000\000\000\000\000\000\000\223\301\026\335Z\35344\325gW\034a\334\364\301\256\336\314\342\313\374\273\266\007\005t\277\200\275+\262/\351\252\374/\351\253\004\n\000""; }; nodes {;   nodedata: ""\323C\344\327\264{\312-\017:\006{\177\344N\002\326bO\260\220\006\033\362\345\005U\221DzJ0\001\301\025%1L\307\t\261\262z\374\222T\301\274V\236\223\262\270Ct\362\337b\356\024*\324\320\351\317\002k\336\234\027v\351\217\260\303\360\233ZPZWr\246$w\313\313\r\243r\232\2234\373\3539:N\004Q\245\272D\312D\300\300\t\323\0257\345e\271\na\215{\226\255x%T\257\037\333\004\344_/R\006E\344\037@\210\363\010\336T\226\247'\204_{\261\370""1\235\2445\343\033Y!\212\201\341\272\225'\007\252\010\220A\221\8\313\335b\274D\353]\316\0342u\240\304\036\360\225\243\221\276\2103^\006\226\276\013\003""; }; ","ledgerHash: ""J +\370\t^b\005\020\003\211\373\247|hC\271Nmk~J\270EU\274\036-\347\240\312F""; ledgerSeq: 26; type: liBASE; nodes {;   nodedata: ""\000\000\000\032\001cEx]\211\377\330\313\206R\331\304k\323u\263t\221\213yC\241\217A\242\027g\322\241'\212.E?B_\316\327\217\000\000\000\000\000\000\000\000\000\000\000\000\000\000\000\000\000\000\000\000\000\000\000\000\000\000\000\000\000\000\000\000\223\301\026\335Z\35344\325gW\034a\334\364\301\256\336\314\342\313\374\273\266\007\005t\277\200\275+\262/\351\252\374/\351\253\004\n\000""; }; nodes {;   nodedata: ""\323C\344\327\264{\312-\017:\006{\177\344N\002\326bO\260\220\006\033\362\345\005U\221DzJ0\001\301\025%1L\307\t\261\262z\374\222T\301\274V\236\223\262\270Ct\362\337b\356\024*\324\320\351\317\002k\336\234\027v\351\217\260\303\360\233ZPZWr\246$w\313\313\r\243r\232\2234\373\3539:N\004Q\245\272D\312D\300\300\t\323\0257\345e\271\na\215{\226\255x%T\257\037\333\004\344_/R\006E\344\037@\210\363\010\336T\226\247'\204_{\261\370""1\235\2445\343\033Y!\212\201\341\272\225'\007\252\010\220A\221\8\313\335b\274D\353]\316\0342u\240\304\036\360\225\243\221\276\2103^\006\226\276\013\003""; }; "
1750527618497,1750527618497,0,1,3,4,TMLedgerData,"ledgerHash: ""J +\370\t^b\005\020\003\211\373\247|hC\271Nmk~J\270EU\274\036-\347\240\312F""; ledgerSeq: 26; type: liBASE; nodes {;   nodedata: ""\000\000\000\032\001cEx]\211\377\330\313\206R\331\304k\323u\263t\221\213yC\241\217A\242\027g\322\241'\212.E?B_\316\327\217\000\000\000\000\000\000\000\000\000\000\000\000\000\000\000\000\000\000\000\000\000\000\000\000\000\000\000\000\000\000\000\000\223\301\026\335Z\35344\325gW\034a\334\364\301\256\336\314\342\313\374\273\266\007\005t\277\200\275+\262/\351\252\374/\351\253\004\n\000""; }; nodes {;   nodedata: ""\323C\344\327\264{\312-\017:\006{\177\344N\002\326bO\260\220\006\033\362\345\005U\221DzJ0\001\301\025%1L\307\t\261\262z\374\222T\301\274V\236\223\262\270Ct\362\337b\356\024*\324\320\351\317\002k\336\234\027v\351\217\260\303\360\233ZPZWr\246$w\313\313\r\243r\232\2234\373\3539:N\004Q\245\272D\312D\300\300\t\323\0257\345e\271\na\215{\226\255x%T\257\037\333\004\344_/R\006E\344\037@\210\363\010\336T\226\247'\204_{\261\370""1\235\2445\343\033Y!\212\201\341\272\225'\007\252\010\220A\221\8\313\335b\274D\353]\316\0342u\240\304\036\360\225\243\221\276\2103^\006\226\276\013\003""; }; requestCookie: 3; ","ledgerHash: ""J +\370\t^b\005\020\003\211\373\247|hC\271Nmk~J\270EU\274\036-\347\240\312F""; ledgerSeq: 26; type: liBASE; nodes {;   nodedata: ""\000\000\000\032\001cEx]\211\377\330\313\206R\331\304k\323u\263t\221\213yC\241\217A\242\027g\322\241'\212.E?B_\316\327\217\000\000\000\000\000\000\000\000\000\000\000\000\000\000\000\000\000\000\000\000\000\000\000\000\000\000\000\000\000\000\000\000\223\301\026\335Z\35344\325gW\034a\334\364\301\256\336\314\342\313\374\273\266\007\005t\277\200\275+\262/\351\252\374/\351\253\004\n\000""; }; nodes {;   nodedata: ""\323C\344\327\264{\312-\017:\006{\177\344N\002\326bO\260\220\006\033\362\345\005U\221DzJ0\001\301\025%1L\307\t\261\262z\374\222T\301\274V\236\223\262\270Ct\362\337b\356\024*\324\320\351\317\002k\336\234\027v\351\217\260\303\360\233ZPZWr\246$w\313\313\r\243r\232\2234\373\3539:N\004Q\245\272D\312D\300\300\t\323\0257\345e\271\na\215{\226\255x%T\257\037\333\004\344_/R\006E\344\037@\210\363\010\336T\226\247'\204_{\261\370""1\235\2445\343\033Y!\212\201\341\272\225'\007\252\010\220A\221\8\313\335b\274D\353]\316\0342u\240\304\036\360\225\243\221\276\2103^\006\226\276\013\003""; }; requestCookie: 3; "
1750527618498,1750527618498,0,1,3,4,TMLedgerData,"ledgerHash: ""J +\370\t^b\005\020\003\211\373\247|hC\271Nmk~J\270EU\274\036-\347\240\312F""; ledgerSeq: 26; type: liBASE; nodes {;   nodedata: ""\000\000\000\032\001cEx]\211\377\330\313\206R\331\304k\323u\263t\221\213yC\241\217A\242\027g\322\241'\212.E?B_\316\327\217\000\000\000\000\000\000\000\000\000\000\000\000\000\000\000\000\000\000\000\000\000\000\000\000\000\000\000\000\000\000\000\000\223\301\026\335Z\35344\325gW\034a\334\364\301\256\336\314\342\313\374\273\266\007\005t\277\200\275+\262/\351\252\374/\351\253\004\n\000""; }; nodes {;   nodedata: ""\323C\344\327\264{\312-\017:\006{\177\344N\002\326bO\260\220\006\033\362\345\005U\221DzJ0\001\301\025%1L\307\t\261\262z\374\222T\301\274V\236\223\262\270Ct\362\337b\356\024*\324\320\351\317\002k\336\234\027v\351\217\260\303\360\233ZPZWr\246$w\313\313\r\243r\232\2234\373\3539:N\004Q\245\272D\312D\300\300\t\323\0257\345e\271\na\215{\226\255x%T\257\037\333\004\344_/R\006E\344\037@\210\363\010\336T\226\247'\204_{\261\370""1\235\2445\343\033Y!\212\201\341\272\225'\007\252\010\220A\221\8\313\335b\274D\353]\316\0342u\240\304\036\360\225\243\221\276\2103^\006\226\276\013\003""; }; requestCookie: 1; ","ledgerHash: ""J +\370\t^b\005\020\003\211\373\247|hC\271Nmk~J\270EU\274\036-\347\240\312F""; ledgerSeq: 26; type: liBASE; nodes {;   nodedata: ""\000\000\000\032\001cEx]\211\377\330\313\206R\331\304k\323u\263t\221\213yC\241\217A\242\027g\322\241'\212.E?B_\316\327\217\000\000\000\000\000\000\000\000\000\000\000\000\000\000\000\000\000\000\000\000\000\000\000\000\000\000\000\000\000\000\000\000\223\301\026\335Z\35344\325gW\034a\334\364\301\256\336\314\342\313\374\273\266\007\005t\277\200\275+\262/\351\252\374/\351\253\004\n\000""; }; nodes {;   nodedata: ""\323C\344\327\264{\312-\017:\006{\177\344N\002\326bO\260\220\006\033\362\345\005U\221DzJ0\001\301\025%1L\307\t\261\262z\374\222T\301\274V\236\223\262\270Ct\362\337b\356\024*\324\320\351\317\002k\336\234\027v\351\217\260\303\360\233ZPZWr\246$w\313\313\r\243r\232\2234\373\3539:N\004Q\245\272D\312D\300\300\t\323\0257\345e\271\na\215{\226\255x%T\257\037\333\004\344_/R\006E\344\037@\210\363\010\336T\226\247'\204_{\261\370""1\235\2445\343\033Y!\212\201\341\272\225'\007\252\010\220A\221\8\313\335b\274D\353]\316\0342u\240\304\036\360\225\243\221\276\2103^\006\226\276\013\003""; }; requestCookie: 1; "
1750527618498,1750527618499,0,1,3,0,TMLedgerData,"ledgerHash: ""J +\370\t^b\005\020\003\211\373\247|hC\271Nmk~J\270EU\274\036-\347\240\312F""; ledgerSeq: 26; type: liBASE; nodes {;   nodedata: ""\000\000\000\032\001cEx]\211\377\330\313\206R\331\304k\323u\263t\221\213yC\241\217A\242\027g\322\241'\212.E?B_\316\327\217\000\000\000\000\000\000\000\000\000\000\000\000\000\000\000\000\000\000\000\000\000\000\000\000\000\000\000\000\000\000\000\000\223\301\026\335Z\35344\325gW\034a\334\364\301\256\336\314\342\313\374\273\266\007\005t\277\200\275+\262/\351\252\374/\351\253\004\n\000""; }; nodes {;   nodedata: ""\323C\344\327\264{\312-\017:\006{\177\344N\002\326bO\260\220\006\033\362\345\005U\221DzJ0\001\301\025%1L\307\t\261\262z\374\222T\301\274V\236\223\262\270Ct\362\337b\356\024*\324\320\351\317\002k\336\234\027v\351\217\260\303\360\233ZPZWr\246$w\313\313\r\243r\232\2234\373\3539:N\004Q\245\272D\312D\300\300\t\323\0257\345e\271\na\215{\226\255x%T\257\037\333\004\344_/R\006E\344\037@\210\363\010\336T\226\247'\204_{\261\370""1\235\2445\343\033Y!\212\201\341\272\225'\007\252\010\220A\221\8\313\335b\274D\353]\316\0342u\240\304\036\360\225\243\221\276\2103^\006\226\276\013\003""; }; ","ledgerHash: ""J +\370\t^b\005\020\003\211\373\247|hC\271Nmk~J\270EU\274\036-\347\240\312F""; ledgerSeq: 26; type: liBASE; nodes {;   nodedata: ""\000\000\000\032\001cEx]\211\377\330\313\206R\331\304k\323u\263t\221\213yC\241\217A\242\027g\322\241'\212.E?B_\316\327\217\000\000\000\000\000\000\000\000\000\000\000\000\000\000\000\000\000\000\000\000\000\000\000\000\000\000\000\000\000\000\000\000\223\301\026\335Z\35344\325gW\034a\334\364\301\256\336\314\342\313\374\273\266\007\005t\277\200\275+\262/\351\252\374/\351\253\004\n\000""; }; nodes {;   nodedata: ""\323C\344\327\264{\312-\017:\006{\177\344N\002\326bO\260\220\006\033\362\345\005U\221DzJ0\001\301\025%1L\307\t\261\262z\374\222T\301\274V\236\223\262\270Ct\362\337b\356\024*\324\320\351\317\002k\336\234\027v\351\217\260\303\360\233ZPZWr\246$w\313\313\r\243r\232\2234\373\3539:N\004Q\245\272D\312D\300\300\t\323\0257\345e\271\na\215{\226\255x%T\257\037\333\004\344_/R\006E\344\037@\210\363\010\336T\226\247'\204_{\261\370""1\235\2445\343\033Y!\212\201\341\272\225'\007\252\010\220A\221\8\313\335b\274D\353]\316\0342u\240\304\036\360\225\243\221\276\2103^\006\226\276\013\003""; }; "
1750527618499,1750527618499,0,1,3,0,TMLedgerData,"ledgerHash: ""J +\370\t^b\005\020\003\211\373\247|hC\271Nmk~J\270EU\274\036-\347\240\312F""; ledgerSeq: 26; type: liBASE; nodes {;   nodedata: ""\000\000\000\032\001cEx]\211\377\330\313\206R\331\304k\323u\263t\221\213yC\241\217A\242\027g\322\241'\212.E?B_\316\327\217\000\000\000\000\000\000\000\000\000\000\000\000\000\000\000\000\000\000\000\000\000\000\000\000\000\000\000\000\000\000\000\000\223\301\026\335Z\35344\325gW\034a\334\364\301\256\336\314\342\313\374\273\266\007\005t\277\200\275+\262/\351\252\374/\351\253\004\n\000""; }; nodes {;   nodedata: ""\323C\344\327\264{\312-\017:\006{\177\344N\002\326bO\260\220\006\033\362\345\005U\221DzJ0\001\301\025%1L\307\t\261\262z\374\222T\301\274V\236\223\262\270Ct\362\337b\356\024*\324\320\351\317\002k\336\234\027v\351\217\260\303\360\233ZPZWr\246$w\313\313\r\243r\232\2234\373\3539:N\004Q\245\272D\312D\300\300\t\323\0257\345e\271\na\215{\226\255x%T\257\037\333\004\344_/R\006E\344\037@\210\363\010\336T\226\247'\204_{\261\370""1\235\2445\343\033Y!\212\201\341\272\225'\007\252\010\220A\221\8\313\335b\274D\353]\316\0342u\240\304\036\360\225\243\221\276\2103^\006\226\276\013\003""; }; requestCookie: 5; ","ledgerHash: ""J +\370\t^b\005\020\003\211\373\247|hC\271Nmk~J\270EU\274\036-\347\240\312F""; ledgerSeq: 26; type: liBASE; nodes {;   nodedata: ""\000\000\000\032\001cEx]\211\377\330\313\206R\331\304k\323u\263t\221\213yC\241\217A\242\027g\322\241'\212.E?B_\316\327\217\000\000\000\000\000\000\000\000\000\000\000\000\000\000\000\000\000\000\000\000\000\000\000\000\000\000\000\000\000\000\000\000\223\301\026\335Z\35344\325gW\034a\334\364\301\256\336\314\342\313\374\273\266\007\005t\277\200\275+\262/\351\252\374/\351\253\004\n\000""; }; nodes {;   nodedata: ""\323C\344\327\264{\312-\017:\006{\177\344N\002\326bO\260\220\006\033\362\345\005U\221DzJ0\001\301\025%1L\307\t\261\262z\374\222T\301\274V\236\223\262\270Ct\362\337b\356\024*\324\320\351\317\002k\336\234\027v\351\217\260\303\360\233ZPZWr\246$w\313\313\r\243r\232\2234\373\3539:N\004Q\245\272D\312D\300\300\t\323\0257\345e\271\na\215{\226\255x%T\257\037\333\004\344_/R\006E\344\037@\210\363\010\336T\226\247'\204_{\261\370""1\235\2445\343\033Y!\212\201\341\272\225'\007\252\010\220A\221\8\313\335b\274D\353]\316\0342u\240\304\036\360\225\243\221\276\2103^\006\226\276\013\003""; }; requestCookie: 5; "
1750527618500,1750527618500,0,1,3,0,TMLedgerData,"ledgerHash: ""J +\370\t^b\005\020\003\211\373\247|hC\271Nmk~J\270EU\274\036-\347\240\312F""; ledgerSeq: 26; type: liBASE; nodes {;   nodedata: ""\000\000\000\032\001cEx]\211\377\330\313\206R\331\304k\323u\263t\221\213yC\241\217A\242\027g\322\241'\212.E?B_\316\327\217\000\000\000\000\000\000\000\000\000\000\000\000\000\000\000\000\000\000\000\000\000\000\000\000\000\000\000\000\000\000\000\000\223\301\026\335Z\35344\325gW\034a\334\364\301\256\336\314\342\313\374\273\266\007\005t\277\200\275+\262/\351\252\374/\351\253\004\n\000""; }; nodes {;   nodedata: ""\323C\344\327\264{\312-\017:\006{\177\344N\002\326bO\260\220\006\033\362\345\005U\221DzJ0\001\301\025%1L\307\t\261\262z\374\222T\301\274V\236\223\262\270Ct\362\337b\356\024*\324\320\351\317\002k\336\234\027v\351\217\260\303\360\233ZPZWr\246$w\313\313\r\243r\232\2234\373\3539:N\004Q\245\272D\312D\300\300\t\323\0257\345e\271\na\215{\226\255x%T\257\037\333\004\344_/R\006E\344\037@\210\363\010\336T\226\247'\204_{\261\370""1\235\2445\343\033Y!\212\201\341\272\225'\007\252\010\220A\221\8\313\335b\274D\353]\316\0342u\240\304\036\360\225\243\221\276\2103^\006\226\276\013\003""; }; requestCookie: 2; ","ledgerHash: ""J +\370\t^b\005\020\003\211\373\247|hC\271Nmk~J\270EU\274\036-\347\240\312F""; ledgerSeq: 26; type: liBASE; nodes {;   nodedata: ""\000\000\000\032\001cEx]\211\377\330\313\206R\331\304k\323u\263t\221\213yC\241\217A\242\027g\322\241'\212.E?B_\316\327\217\000\000\000\000\000\000\000\000\000\000\000\000\000\000\000\000\000\000\000\000\000\000\000\000\000\000\000\000\000\000\000\000\223\301\026\335Z\35344\325gW\034a\334\364\301\256\336\314\342\313\374\273\266\007\005t\277\200\275+\262/\351\252\374/\351\253\004\n\000""; }; nodes {;   nodedata: ""\323C\344\327\264{\312-\017:\006{\177\344N\002\326bO\260\220\006\033\362\345\005U\221DzJ0\001\301\025%1L\307\t\261\262z\374\222T\301\274V\236\223\262\270Ct\362\337b\356\024*\324\320\351\317\002k\336\234\027v\351\217\260\303\360\233ZPZWr\246$w\313\313\r\243r\232\2234\373\3539:N\004Q\245\272D\312D\300\300\t\323\0257\345e\271\na\215{\226\255x%T\257\037\333\004\344_/R\006E\344\037@\210\363\010\336T\226\247'\204_{\261\370""1\235\2445\343\033Y!\212\201\341\272\225'\007\252\010\220A\221\8\313\335b\274D\353]\316\0342u\240\304\036\360\225\243\221\276\2103^\006\226\276\013\003""; }; requestCookie: 2; "
1750527618500,1750527618500,0,1,3,1,TMLedgerData,"ledgerHash: ""J +\370\t^b\005\020\003\211\373\247|hC\271Nmk~J\270EU\274\036-\347\240\312F""; ledgerSeq: 26; type: liBASE; nodes {;   nodedata: ""\000\000\000\032\001cEx]\211\377\330\313\206R\331\304k\323u\263t\221\213yC\241\217A\242\027g\322\241'\212.E?B_\316\327\217\000\000\000\000\000\000\000\000\000\000\000\000\000\000\000\000\000\000\000\000\000\000\000\000\000\000\000\000\000\000\000\000\223\301\026\335Z\35344\325gW\034a\334\364\301\256\336\314\342\313\374\273\266\007\005t\277\200\275+\262/\351\252\374/\351\253\004\n\000""; }; nodes {;   nodedata: ""\323C\344\327\264{\312-\017:\006{\177\344N\002\326bO\260\220\006\033\362\345\005U\221DzJ0\001\301\025%1L\307\t\261\262z\374\222T\301\274V\236\223\262\270Ct\362\337b\356\024*\324\320\351\317\002k\336\234\027v\351\217\260\303\360\233ZPZWr\246$w\313\313\r\243r\232\2234\373\3539:N\004Q\245\272D\312D\300\300\t\323\0257\345e\271\na\215{\226\255x%T\257\037\333\004\344_/R\006E\344\037@\210\363\010\336T\226\247'\204_{\261\370""1\235\2445\343\033Y!\212\201\341\272\225'\007\252\010\220A\221\8\313\335b\274D\353]\316\0342u\240\304\036\360\225\243\221\276\2103^\006\226\276\013\003""; }; requestCookie: 3; ","ledgerHash: ""J +\370\t^b\005\020\003\211\373\247|hC\271Nmk~J\270EU\274\036-\347\240\312F""; ledgerSeq: 26; type: liBASE; nodes {;   nodedata: ""\000\000\000\032\001cEx]\211\377\330\313\206R\331\304k\323u\263t\221\213yC\241\217A\242\027g\322\241'\212.E?B_\316\327\217\000\000\000\000\000\000\000\000\000\000\000\000\000\000\000\000\000\000\000\000\000\000\000\000\000\000\000\000\000\000\000\000\223\301\026\335Z\35344\325gW\034a\334\364\301\256\336\314\342\313\374\273\266\007\005t\277\200\275+\262/\351\252\374/\351\253\004\n\000""; }; nodes {;   nodedata: ""\323C\344\327\264{\312-\017:\006{\177\344N\002\326bO\260\220\006\033\362\345\005U\221DzJ0\001\301\025%1L\307\t\261\262z\374\222T\301\274V\236\223\262\270Ct\362\337b\356\024*\324\320\351\317\002k\336\234\027v\351\217\260\303\360\233ZPZWr\246$w\313\313\r\243r\232\2234\373\3539:N\004Q\245\272D\312D\300\300\t\323\0257\345e\271\na\215{\226\255x%T\257\037\333\004\344_/R\006E\344\037@\210\363\010\336T\226\247'\204_{\261\370""1\235\2445\343\033Y!\212\201\341\272\225'\007\252\010\220A\221\8\313\335b\274D\353]\316\0342u\240\304\036\360\225\243\221\276\2103^\006\226\276\013\003""; }; requestCookie: 3; "
1750527618501,1750527618501,0,1,3,1,TMLedgerData,"ledgerHash: ""J +\370\t^b\005\020\003\211\373\247|hC\271Nmk~J\270EU\274\036-\347\240\312F""; ledgerSeq: 26; type: liBASE; nodes {;   nodedata: ""\000\000\000\032\001cEx]\211\377\330\313\206R\331\304k\323u\263t\221\213yC\241\217A\242\027g\322\241'\212.E?B_\316\327\217\000\000\000\000\000\000\000\000\000\000\000\000\000\000\000\000\000\000\000\000\000\000\000\000\000\000\000\000\000\000\000\000\223\301\026\335Z\35344\325gW\034a\334\364\301\256\336\314\342\313\374\273\266\007\005t\277\200\275+\262/\351\252\374/\351\253\004\n\000""; }; nodes {;   nodedata: ""\323C\344\327\264{\312-\017:\006{\177\344N\002\326bO\260\220\006\033\362\345\005U\221DzJ0\001\301\025%1L\307\t\261\262z\374\222T\301\274V\236\223\262\270Ct\362\337b\356\024*\324\320\351\317\002k\336\234\027v\351\217\260\303\360\233ZPZWr\246$w\313\313\r\243r\232\2234\373\3539:N\004Q\245\272D\312D\300\300\t\323\0257\345e\271\na\215{\226\255x%T\257\037\333\004\344_/R\006E\344\037@\210\363\010\336T\226\247'\204_{\261\370""1\235\2445\343\033Y!\212\201\341\272\225'\007\252\010\220A\221\8\313\335b\274D\353]\316\0342u\240\304\036\360\225\243\221\276\2103^\006\226\276\013\003""; }; requestCookie: 2; ","ledgerHash: ""J +\370\t^b\005\020\003\211\373\247|hC\271Nmk~J\270EU\274\036-\347\240\312F""; ledgerSeq: 26; type: liBASE; nodes {;   nodedata: ""\000\000\000\032\001cEx]\211\377\330\313\206R\331\304k\323u\263t\221\213yC\241\217A\242\027g\322\241'\212.E?B_\316\327\217\000\000\000\000\000\000\000\000\000\000\000\000\000\000\000\000\000\000\000\000\000\000\000\000\000\000\000\000\000\000\000\000\223\301\026\335Z\35344\325gW\034a\334\364\301\256\336\314\342\313\374\273\266\007\005t\277\200\275+\262/\351\252\374/\351\253\004\n\000""; }; nodes {;   nodedata: ""\323C\344\327\264{\312-\017:\006{\177\344N\002\326bO\260\220\006\033\362\345\005U\221DzJ0\001\301\025%1L\307\t\261\262z\374\222T\301\274V\236\223\262\270Ct\362\337b\356\024*\324\320\351\317\002k\336\234\027v\351\217\260\303\360\233ZPZWr\246$w\313\313\r\243r\232\2234\373\3539:N\004Q\245\272D\312D\300\300\t\323\0257\345e\271\na\215{\226\255x%T\257\037\333\004\344_/R\006E\344\037@\210\363\010\336T\226\247'\204_{\261\370""1\235\2445\343\033Y!\212\201\341\272\225'\007\252\010\220A\221\8\313\335b\274D\353]\316\0342u\240\304\036\360\225\243\221\276\2103^\006\226\276\013\003""; }; requestCookie: 2; "
1750527618501,1750527618502,0,1,3,1,TMLedgerData,"ledgerHash: ""J +\370\t^b\005\020\003\211\373\247|hC\271Nmk~J\270EU\274\036-\347\240\312F""; ledgerSeq: 26; type: liAS_NODE; nodes {;   nodedata: ""\021\000h""\000\000\000\000 \033\000\000\000\031\002\023\303\177\330\356GuH\375\327!\255\371\r\231\262R\256J\034\222\241\355X\265E\241^W\225\304\014\361CX-}\351f\032\255\274\334m\326c\017\014ao[\342\230\003\245\245\3341Hm\326^\017jy\335\261\032Yt\320\244{g\0306\\302\303*\341\215\223\257\364\277o\375\000r\241SOq\221\253\262\005\017\375T\356\014\360o'\030\311-\267\031\257!\031T\006><\315XM\334\324\345\034\000\325\367\240\271\013\265\024\321\362\354\211\250.\234s\225amc\305\035\366\276\037nD\277`\210\223N\3535\033\261\304f\331]\036\237\306o!\223\221\002\324\031\262\240R\177 ,\214\325\Q])\016\2067\277\t\354\010\000\360\215\2502\265\245\310\226\243c\302Ze\306\253#r\020\211\320iG\276\020E\317\035Sf\223F\254\033@\177e\277\016\010u\327\371&\262\312\317Q\2361t\377x\234\001v\003%\030\325_\225g\204\346a=\225\273\331\354\365*U\363\263N\367b\371\244\314-w\363\262\225Z\200\206\235\233\257?sE\2674\254\326mU\377?\177Ek\336\030!\316Aa\225\303\022\377{\210Y\226\271as\354L\035\004\341\361\035\301\024\220m#*\372\032\3178~\374\250\014*\323\342'z69\220\327\256\351G\367\317u\302\207\270b\315\333\333\334\310I\323&\014\352XZnW2.\335\347\202\021\247\362\212e\034\000\001\250\220\305;a\314\265R\310\017\317\331\235\360\262\240:\277\202\266\354\265X""\022\nh\252\352w\204\203\023]\001f\352\277\0031Q]\362\370R\350{\261\202\240\344\215\201\353\276\322p5p\350\354\017>\250r\241c\273\016\301\024\363\242\247\263\231\370\344\nBW\220K\316@3\243\200\036wk\253GSlU\010\360\231>\331\263H\214\324\030A\225\301o\346pkSF\004\241\213w9\223=\250\262*+\255\351r\265\244c\024\213\t\007`\223\325#\3477\210\345P\306\013\320\252[\0216+\227=`\371P\314\346 V7\271[~\n\237\274|\347\352@K\253~&\260\032\024\004B\200\255h\351\013\361\031:nG\211\005|\2003\266\274\251,W\006u\344\335d\003\306\212\313,\340\350bG\n\030Z\2732-\246\312\255\030\003\235207\005}D\260\0261ah\322M\304\216\273m0\271\234\237\007<w$\265C\245\232\033\023\313c\321B\032l\301h\005\320\252\301\361(\330[\343\357\343{\235\n\266g\272>\177\317\347\261qb&\270&\346ju\200\363N\320\307\004\034\001n\317\361\2653\254\2503\247\305\372\316W\022O\253x\250\025\373\247\354Tc\304\263\243^\352Gv\\264\261\r\035\226\306\2411\351\233\203\215\200$\231\300f\220\371c@\017\254\363\\371\340\340VaR\205~^\226\342t\360\022\204d\231\205)\272\364?\361!\334\331\315\254\230\rBG\314\023\246\244=\351\177\254\302b&\276+H;0\312\021&\275\036\237\350R\313\206R\331\304k\323u\263t\221\213yC\241\217A\242\027g\322\241'\212.E?B_\316\327\217\264\227\2326\315\307\363\323\325\303\032N\256*\307\327 \235\332\207u\210\271\257\306g\231i*\260\326k\001"";   nodeid: ""\260\000\000\000\000\000\000\000\000\000\000\000\000\000\000\000\000\000\000\000\000\000\000\000\000\000\000\000\000\000\000\000\001""; }; ","ledgerHash: ""J +\370\t^b\005\020\003\211\373\247|hC\271Nmk~J\270EU\274\036-\347\240\312F""; ledgerSeq: 26; type: liAS_NODE; nodes {;   nodedata: ""\021\000h""\000\000\000\000 \033\000\000\000\031\002\023\303\177\330\356GuH\375\327!\255\371\r\231\262R\256J\034\222\241\355X\265E\241^W\225\304\014\361CX-}\351f\032\255\274\334m\326c\017\014ao[\342\230\003\245\245\3341Hm\326^\017jy\335\261\032Yt\320\244{g\0306\\302\303*\341\215\223\257\364\277o\375\000r\241SOq\221\253\262\005\017\375T\356\014\360o'\030\311-\267\031\257!\031T\006><\315XM\334\324\345\034\000\325\367\240\271\013\265\024\321\362\354\211\250.\234s\225amc\305\035\366\276\037nD\277`\210\223N\3535\033\261\304f\331]\036\237\306o!\223\221\002\324\031\262\240R\177 ,\214\325\Q])\016\2067\277\t\354\010\000\360\215\2502\265\245\310\226\243c\302Ze\306\253#r\020\211\320iG\276\020E\317\035Sf\223F\254\033@\177e\277\016\010u\327\371&\262\312\317Q\2361t\377x\234\001v\003%\030\325_\225g\204\346a=\225\273\331\354\365*U\363\263N\367b\371\244\314-w\363\262\225Z\200\206\235\233\257?sE\2674\254\326mU\377?\177Ek\336\030!\316Aa\225\303\022\377{\210Y\226\271as\354L\035\004\341\361\035\301\024\220m#*\372\032\3178~\374\250\014*\323\342'z69\220\327\256\351G\367\317u\302\207\270b\315\333\333\334\310I\323&\014\352XZnW2.\335\347\202\021\247\362\212e\034\000\001\250\220\305;a\314\265R\310\017\317\331\235\360\262\240:\277\202\266\354\265X""\022\nh\252\352w\204\203\023]\001f\352\277\0031Q]\362\370R\350{\261\202\240\344\215\201\353\276\322p5p\350\354\017>\250r\241c\273\016\301\024\363\242\247\263\231\370\344\nBW\220K\316@3\243\200\036wk\253GSlU\010\360\231>\331\263H\214\324\030A\225\301o\346pkSF\004\241\213w9\223=\250\262*+\255\351r\265\244c\024\213\t\007`\223\325#\3477\210\345P\306\013\320\252[\0216+\227=`\371P\314\346 V7\271[~\n\237\274|\347\352@K\253~&\260\032\024\004B\200\255h\351\013\361\031:nG\211\005|\2003\266\274\251,W\006u\344\335d\003\306\212\313,\340\350bG\n\030Z\2732-\246\312\255\030\003\235207\005}D\260\0261ah\322M\304\216\273m0\271\234\237\007<w$\265C\245\232\033\023\313c\321B\032l\301h\005\320\252\301\361(\330[\343\357\343{\235\n\266g\272>\177\317\347\261qb&\270&\346ju\200\363N\320\307\004\034\001n\317\361\2653\254\2503\247\305\372\316W\022O\253x\250\025\373\247\354Tc\304\263\243^\352Gv\\264\261\r\035\226\306\2411\351\233\203\215\200$\231\300f\220\371c@\017\254\363\\371\340\340VaR\205~^\226\342t\360\022\204d\231\205)\272\364?\361!\334\331\315\254\230\rBG\314\023\246\244=\351\177\254\302b&\276+H;0\312\021&\275\036\237\350R\313\206R\331\304k\323u\263t\221\213yC\241\217A\242\027g\322\241'\212.E?B_\316\327\217\264\227\2326\315\307\363\323\325\303\032N\256*\307\327 \235\332\207u\210\271\257\306g\231i*\260\326k\001"";   nodeid: ""\260\000\000\000\000\000\000\000\000\000\000\000\000\000\000\000\000\000\000\000\000\000\000\000\000\000\000\000\000\000\000\000\001""; }; "
1750527618503,1750527618503,0,1,4,1,TMLedgerData,"ledgerHash: ""J +\370\t^b\005\020\003\211\373\247|hC\271Nmk~J\270EU\274\036-\347\240\312F""; ledgerSeq: 26; type: liBASE; nodes {;   nodedata: ""\000\000\000\032\001cEx]\211\377\330\313\206R\331\304k\323u\263t\221\213yC\241\217A\242\027g\322\241'\212.E?B_\316\327\217\000\000\000\000\000\000\000\000\000\000\000\000\000\000\000\000\000\000\000\000\000\000\000\000\000\000\000\000\000\000\000\000\223\301\026\335Z\35344\325gW\034a\334\364\301\256\336\314\342\313\374\273\266\007\005t\277\200\275+\262/\351\252\374/\351\253\004\n\000""; }; nodes {;   nodedata: ""\323C\344\327\264{\312-\017:\006{\177\344N\002\326bO\260\220\006\033\362\345\005U\221DzJ0\001\301\025%1L\307\t\261\262z\374\222T\301\274V\236\223\262\270Ct\362\337b\356\024*\324\320\351\317\002k\336\234\027v\351\217\260\303\360\233ZPZWr\246$w\313\313\r\243r\232\2234\373\3539:N\004Q\245\272D\312D\300\300\t\323\0257\345e\271\na\215{\226\255x%T\257\037\333\004\344_/R\006E\344\037@\210\363\010\336T\226\247'\204_{\261\370""1\235\2445\343\033Y!\212\201\341\272\225'\007\252\010\220A\221\8\313\335b\274D\353]\316\0342u\240\304\036\360\225\243\221\276\2103^\006\226\276\013\003""; }; ","ledgerHash: ""J +\370\t^b\005\020\003\211\373\247|hC\271Nmk~J\270EU\274\036-\347\240\312F""; ledgerSeq: 26; type: liBASE; nodes {;   nodedata: ""\000\000\000\032\001cEx]\211\377\330\313\206R\331\304k\323u\263t\221\213yC\241\217A\242\027g\322\241'\212.E?B_\316\327\217\000\000\000\000\000\000\000\000\000\000\000\000\000\000\000\000\000\000\000\000\000\000\000\000\000\000\000\000\000\000\000\000\223\301\026\335Z\35344\325gW\034a\334\364\301\256\336\314\342\313\374\273\266\007\005t\277\200\275+\262/\351\252\374/\351\253\004\n\000""; }; nodes {;   nodedata: ""\323C\344\327\264{\312-\017:\006{\177\344N\002\326bO\260\220\006\033\362\345\005U\221DzJ0\001\301\025%1L\307\t\261\262z\374\222T\301\274V\236\223\262\270Ct\362\337b\356\024*\324\320\351\317\002k\336\234\027v\351\217\260\303\360\233ZPZWr\246$w\313\313\r\243r\232\2234\373\3539:N\004Q\245\272D\312D\300\300\t\323\0257\345e\271\na\215{\226\255x%T\257\037\333\004\344_/R\006E\344\037@\210\363\010\336T\226\247'\204_{\261\370""1\235\2445\343\033Y!\212\201\341\272\225'\007\252\010\220A\221\8\313\335b\274D\353]\316\0342u\240\304\036\360\225\243\221\276\2103^\006\226\276\013\003""; }; "
1750527618503,1750527618504,0,1,3,2,TMLedgerData,"ledgerHash: ""J +\370\t^b\005\020\003\211\373\247|hC\271Nmk~J\270EU\274\036-\347\240\312F""; ledgerSeq: 26; type: liBASE; nodes {;   nodedata: ""\000\000\000\032\001cEx]\211\377\330\313\206R\331\304k\323u\263t\221\213yC\241\217A\242\027g\322\241'\212.E?B_\316\327\217\000\000\000\000\000\000\000\000\000\000\000\000\000\000\000\000\000\000\000\000\000\000\000\000\000\000\000\000\000\000\000\000\223\301\026\335Z\35344\325gW\034a\334\364\301\256\336\314\342\313\374\273\266\007\005t\277\200\275+\262/\351\252\374/\351\253\004\n\000""; }; nodes {;   nodedata: ""\323C\344\327\264{\312-\017:\006{\177\344N\002\326bO\260\220\006\033\362\345\005U\221DzJ0\001\301\025%1L\307\t\261\262z\374\222T\301\274V\236\223\262\270Ct\362\337b\356\024*\324\320\351\317\002k\336\234\027v\351\217\260\303\360\233ZPZWr\246$w\313\313\r\243r\232\2234\373\3539:N\004Q\245\272D\312D\300\300\t\323\0257\345e\271\na\215{\226\255x%T\257\037\333\004\344_/R\006E\344\037@\210\363\010\336T\226\247'\204_{\261\370""1\235\2445\343\033Y!\212\201\341\272\225'\007\252\010\220A\221\8\313\335b\274D\353]\316\0342u\240\304\036\360\225\243\221\276\2103^\006\226\276\013\003""; }; requestCookie: 5; ","ledgerHash: ""J +\370\t^b\005\020\003\211\373\247|hC\271Nmk~J\270EU\274\036-\347\240\312F""; ledgerSeq: 26; type: liBASE; nodes {;   nodedata: ""\000\000\000\032\001cEx]\211\377\330\313\206R\331\304k\323u\263t\221\213yC\241\217A\242\027g\322\241'\212.E?B_\316\327\217\000\000\000\000\000\000\000\000\000\000\000\000\000\000\000\000\000\000\000\000\000\000\000\000\000\000\000\000\000\000\000\000\223\301\026\335Z\35344\325gW\034a\334\364\301\256\336\314\342\313\374\273\266\007\005t\277\200\275+\262/\351\252\374/\351\253\004\n\000""; }; nodes {;   nodedata: ""\323C\344\327\264{\312-\017:\006{\177\344N\002\326bO\260\220\006\033\362\345\005U\221DzJ0\001\301\025%1L\307\t\261\262z\374\222T\301\274V\236\223\262\270Ct\362\337b\356\024*\324\320\351\317\002k\336\234\027v\351\217\260\303\360\233ZPZWr\246$w\313\313\r\243r\232\2234\373\3539:N\004Q\245\272D\312D\300\300\t\323\0257\345e\271\na\215{\226\255x%T\257\037\333\004\344_/R\006E\344\037@\210\363\010\336T\226\247'\204_{\261\370""1\235\2445\343\033Y!\212\201\341\272\225'\007\252\010\220A\221\8\313\335b\274D\353]\316\0342u\240\304\036\360\225\243\221\276\2103^\006\226\276\013\003""; }; requestCookie: 5; "
1750527618504,1750527618504,0,1,3,2,TMLedgerData,"ledgerHash: ""J +\370\t^b\005\020\003\211\373\247|hC\271Nmk~J\270EU\274\036-\347\240\312F""; ledgerSeq: 26; type: liBASE; nodes {;   nodedata: ""\000\000\000\032\001cEx]\211\377\330\313\206R\331\304k\323u\263t\221\213yC\241\217A\242\027g\322\241'\212.E?B_\316\327\217\000\000\000\000\000\000\000\000\000\000\000\000\000\000\000\000\000\000\000\000\000\000\000\000\000\000\000\000\000\000\000\000\223\301\026\335Z\35344\325gW\034a\334\364\301\256\336\314\342\313\374\273\266\007\005t\277\200\275+\262/\351\252\374/\351\253\004\n\000""; }; nodes {;   nodedata: ""\323C\344\327\264{\312-\017:\006{\177\344N\002\326bO\260\220\006\033\362\345\005U\221DzJ0\001\301\025%1L\307\t\261\262z\374\222T\301\274V\236\223\262\270Ct\362\337b\356\024*\324\320\351\317\002k\336\234\027v\351\217\260\303\360\233ZPZWr\246$w\313\313\r\243r\232\2234\373\3539:N\004Q\245\272D\312D\300\300\t\323\0257\345e\271\na\215{\226\255x%T\257\037\333\004\344_/R\006E\344\037@\210\363\010\336T\226\247'\204_{\261\370""1\235\2445\343\033Y!\212\201\341\272\225'\007\252\010\220A\221\8\313\335b\274D\353]\316\0342u\240\304\036\360\225\243\221\276\2103^\006\226\276\013\003""; }; ","ledgerHash: ""J +\370\t^b\005\020\003\211\373\247|hC\271Nmk~J\270EU\274\036-\347\240\312F""; ledgerSeq: 26; type: liBASE; nodes {;   nodedata: ""\000\000\000\032\001cEx]\211\377\330\313\206R\331\304k\323u\263t\221\213yC\241\217A\242\027g\322\241'\212.E?B_\316\327\217\000\000\000\000\000\000\000\000\000\000\000\000\000\000\000\000\000\000\000\000\000\000\000\000\000\000\000\000\000\000\000\000\223\301\026\335Z\35344\325gW\034a\334\364\301\256\336\314\342\313\374\273\266\007\005t\277\200\275+\262/\351\252\374/\351\253\004\n\000""; }; nodes {;   nodedata: ""\323C\344\327\264{\312-\017:\006{\177\344N\002\326bO\260\220\006\033\362\345\005U\221DzJ0\001\301\025%1L\307\t\261\262z\374\222T\301\274V\236\223\262\270Ct\362\337b\356\024*\324\320\351\317\002k\336\234\027v\351\217\260\303\360\233ZPZWr\246$w\313\313\r\243r\232\2234\373\3539:N\004Q\245\272D\312D\300\300\t\323\0257\345e\271\na\215{\226\255x%T\257\037\333\004\344_/R\006E\344\037@\210\363\010\336T\226\247'\204_{\261\370""1\235\2445\343\033Y!\212\201\341\272\225'\007\252\010\220A\221\8\313\335b\274D\353]\316\0342u\240\304\036\360\225\243\221\276\2103^\006\226\276\013\003""; }; "
1750527618505,1750527618505,0,1,3,2,TMLedgerData,"ledgerHash: ""J +\370\t^b\005\020\003\211\373\247|hC\271Nmk~J\270EU\274\036-\347\240\312F""; ledgerSeq: 26; type: liBASE; nodes {;   nodedata: ""\000\000\000\032\001cEx]\211\377\330\313\206R\331\304k\323u\263t\221\213yC\241\217A\242\027g\322\241'\212.E?B_\316\327\217\000\000\000\000\000\000\000\000\000\000\000\000\000\000\000\000\000\000\000\000\000\000\000\000\000\000\000\000\000\000\000\000\223\301\026\335Z\35344\325gW\034a\334\364\301\256\336\314\342\313\374\273\266\007\005t\277\200\275+\262/\351\252\374/\351\253\004\n\000""; }; nodes {;   nodedata: ""\323C\344\327\264{\312-\017:\006{\177\344N\002\326bO\260\220\006\033\362\345\005U\221DzJ0\001\301\025%1L\307\t\261\262z\374\222T\301\274V\236\223\262\270Ct\362\337b\356\024*\324\320\351\317\002k\336\234\027v\351\217\260\303\360\233ZPZWr\246$w\313\313\r\243r\232\2234\373\3539:N\004Q\245\272D\312D\300\300\t\323\0257\345e\271\na\215{\226\255x%T\257\037\333\004\344_/R\006E\344\037@\210\363\010\336T\226\247'\204_{\261\370""1\235\2445\343\033Y!\212\201\341\272\225'\007\252\010\220A\221\8\313\335b\274D\353]\316\0342u\240\304\036\360\225\243\221\276\2103^\006\226\276\013\003""; }; requestCookie: 3; ","ledgerHash: ""J +\370\t^b\005\020\003\211\373\247|hC\271Nmk~J\270EU\274\036-\347\240\312F""; ledgerSeq: 26; type: liBASE; nodes {;   nodedata: ""\000\000\000\032\001cEx]\211\377\330\313\206R\331\304k\323u\263t\221\213yC\241\217A\242\027g\322\241'\212.E?B_\316\327\217\000\000\000\000\000\000\000\000\000\000\000\000\000\000\000\000\000\000\000\000\000\000\000\000\000\000\000\000\000\000\000\000\223\301\026\335Z\35344\325gW\034a\334\364\301\256\336\314\342\313\374\273\266\007\005t\277\200\275+\262/\351\252\374/\351\253\004\n\000""; }; nodes {;   nodedata: ""\323C\344\327\264{\312-\017:\006{\177\344N\002\326bO\260\220\006\033\362\345\005U\221DzJ0\001\301\025%1L\307\t\261\262z\374\222T\301\274V\236\223\262\270Ct\362\337b\356\024*\324\320\351\317\002k\336\234\027v\351\217\260\303\360\233ZPZWr\246$w\313\313\r\243r\232\2234\373\3539:N\004Q\245\272D\312D\300\300\t\323\0257\345e\271\na\215{\226\255x%T\257\037\333\004\344_/R\006E\344\037@\210\363\010\336T\226\247'\204_{\261\370""1\235\2445\343\033Y!\212\201\341\272\225'\007\252\010\220A\221\8\313\335b\274D\353]\316\0342u\240\304\036\360\225\243\221\276\2103^\006\226\276\013\003""; }; requestCookie: 3; "
1750527618506,1750527618506,0,1,4,2,TMLedgerData,"ledgerHash: ""J +\370\t^b\005\020\003\211\373\247|hC\271Nmk~J\270EU\274\036-\347\240\312F""; ledgerSeq: 26; type: liBASE; nodes {;   nodedata: ""\000\000\000\032\001cEx]\211\377\330\313\206R\331\304k\323u\263t\221\213yC\241\217A\242\027g\322\241'\212.E?B_\316\327\217\000\000\000\000\000\000\000\000\000\000\000\000\000\000\000\000\000\000\000\000\000\000\000\000\000\000\000\000\000\000\000\000\223\301\026\335Z\35344\325gW\034a\334\364\301\256\336\314\342\313\374\273\266\007\005t\277\200\275+\262/\351\252\374/\351\253\004\n\000""; }; nodes {;   nodedata: ""\323C\344\327\264{\312-\017:\006{\177\344N\002\326bO\260\220\006\033\362\345\005U\221DzJ0\001\301\025%1L\307\t\261\262z\374\222T\301\274V\236\223\262\270Ct\362\337b\356\024*\324\320\351\317\002k\336\234\027v\351\217\260\303\360\233ZPZWr\246$w\313\313\r\243r\232\2234\373\3539:N\004Q\245\272D\312D\300\300\t\323\0257\345e\271\na\215{\226\255x%T\257\037\333\004\344_/R\006E\344\037@\210\363\010\336T\226\247'\204_{\261\370""1\235\2445\343\033Y!\212\201\341\272\225'\007\252\010\220A\221\8\313\335b\274D\353]\316\0342u\240\304\036\360\225\243\221\276\2103^\006\226\276\013\003""; }; ","ledgerHash: ""J +\370\t^b\005\020\003\211\373\247|hC\271Nmk~J\270EU\274\036-\347\240\312F""; ledgerSeq: 26; type: liBASE; nodes {;   nodedata: ""\000\000\000\032\001cEx]\211\377\330\313\206R\331\304k\323u\263t\221\213yC\241\217A\242\027g\322\241'\212.E?B_\316\327\217\000\000\000\000\000\000\000\000\000\000\000\000\000\000\000\000\000\000\000\000\000\000\000\000\000\000\000\000\000\000\000\000\223\301\026\335Z\35344\325gW\034a\334\364\301\256\336\314\342\313\374\273\266\007\005t\277\200\275+\262/\351\252\374/\351\253\004\n\000""; }; nodes {;   nodedata: ""\323C\344\327\264{\312-\017:\006{\177\344N\002\326bO\260\220\006\033\362\345\005U\221DzJ0\001\301\025%1L\307\t\261\262z\374\222T\301\274V\236\223\262\270Ct\362\337b\356\024*\324\320\351\317\002k\336\234\027v\351\217\260\303\360\233ZPZWr\246$w\313\313\r\243r\232\2234\373\3539:N\004Q\245\272D\312D\300\300\t\323\0257\345e\271\na\215{\226\255x%T\257\037\333\004\344_/R\006E\344\037@\210\363\010\336T\226\247'\204_{\261\370""1\235\2445\343\033Y!\212\201\341\272\225'\007\252\010\220A\221\8\313\335b\274D\353]\316\0342u\240\304\036\360\225\243\221\276\2103^\006\226\276\013\003""; }; "
1750527618507,1750527618507,0,1,4,0,TMLedgerData,"ledgerHash: ""J +\370\t^b\005\020\003\211\373\247|hC\271Nmk~J\270EU\274\036-\347\240\312F""; ledgerSeq: 26; type: liBASE; nodes {;   nodedata: ""\000\000\000\032\001cEx]\211\377\330\313\206R\331\304k\323u\263t\221\213yC\241\217A\242\027g\322\241'\212.E?B_\316\327\217\000\000\000\000\000\000\000\000\000\000\000\000\000\000\000\000\000\000\000\000\000\000\000\000\000\000\000\000\000\000\000\000\223\301\026\335Z\35344\325gW\034a\334\364\301\256\336\314\342\313\374\273\266\007\005t\277\200\275+\262/\351\252\374/\351\253\004\n\000""; }; nodes {;   nodedata: ""\323C\344\327\264{\312-\017:\006{\177\344N\002\326bO\260\220\006\033\362\345\005U\221DzJ0\001\301\025%1L\307\t\261\262z\374\222T\301\274V\236\223\262\270Ct\362\337b\356\024*\324\320\351\317\002k\336\234\027v\351\217\260\303\360\233ZPZWr\246$w\313\313\r\243r\232\2234\373\3539:N\004Q\245\272D\312D\300\300\t\323\0257\345e\271\na\215{\226\255x%T\257\037\333\004\344_/R\006E\344\037@\210\363\010\336T\226\247'\204_{\261\370""1\235\2445\343\033Y!\212\201\341\272\225'\007\252\010\220A\221\8\313\335b\274D\353]\316\0342u\240\304\036\360\225\243\221\276\2103^\006\226\276\013\003""; }; ","ledgerHash: ""J +\370\t^b\005\020\003\211\373\247|hC\271Nmk~J\270EU\274\036-\347\240\312F""; ledgerSeq: 26; type: liBASE; nodes {;   nodedata: ""\000\000\000\032\001cEx]\211\377\330\313\206R\331\304k\323u\263t\221\213yC\241\217A\242\027g\322\241'\212.E?B_\316\327\217\000\000\000\000\000\000\000\000\000\000\000\000\000\000\000\000\000\000\000\000\000\000\000\000\000\000\000\000\000\000\000\000\223\301\026\335Z\35344\325gW\034a\334\364\301\256\336\314\342\313\374\273\266\007\005t\277\200\275+\262/\351\252\374/\351\253\004\n\000""; }; nodes {;   nodedata: ""\323C\344\327\264{\312-\017:\006{\177\344N\002\326bO\260\220\006\033\362\345\005U\221DzJ0\001\301\025%1L\307\t\261\262z\374\222T\301\274V\236\223\262\270Ct\362\337b\356\024*\324\320\351\317\002k\336\234\027v\351\217\260\303\360\233ZPZWr\246$w\313\313\r\243r\232\2234\373\3539:N\004Q\245\272D\312D\300\300\t\323\0257\345e\271\na\215{\226\255x%T\257\037\333\004\344_/R\006E\344\037@\210\363\010\336T\226\247'\204_{\261\370""1\235\2445\343\033Y!\212\201\341\272\225'\007\252\010\220A\221\8\313\335b\274D\353]\316\0342u\240\304\036\360\225\243\221\276\2103^\006\226\276\013\003""; }; "
1750527618507,1750527618507,0,1,0,3,TMGetLedger,"itype: liBASE; ledgerHash: ""J +\370\t^b\005\020\003\211\373\247|hC\271Nmk~J\270EU\274\036-\347\240\312F""; ledgerSeq: 26; requestCookie: 3; queryType: qtINDIRECT; ","itype: liBASE; ledgerHash: ""J +\370\t^b\005\020\003\211\373\247|hC\271Nmk~J\270EU\274\036-\347\240\312F""; ledgerSeq: 26; requestCookie: 3; queryType: qtINDIRECT; "
1750527618508,1750527618508,0,1,0,3,TMGetLedger,"itype: liAS_NODE; ledgerHash: ""J +\370\t^b\005\020\003\211\373\247|hC\271Nmk~J\270EU\274\036-\347\240\312F""; ledgerSeq: 26; nodeIDs: ""\260\000\000\000\000\000\000\000\000\000\000\000\000\000\000\000\000\000\000\000\000\000\000\000\000\000\000\000\000\000\000\000\001""; queryType: qtINDIRECT; queryDepth: 1; ","itype: liAS_NODE; ledgerHash: ""J +\370\t^b\005\020\003\211\373\247|hC\271Nmk~J\270EU\274\036-\347\240\312F""; ledgerSeq: 26; nodeIDs: ""\260\000\000\000\000\000\000\000\000\000\000\000\000\000\000\000\000\000\000\000\000\000\000\000\000\000\000\000\000\000\000\000\001""; queryType: qtINDIRECT; queryDepth: 1; "
1750527618509,1750527618509,0,1,0,4,TMLedgerData,"ledgerHash: ""J +\370\t^b\005\020\003\211\373\247|hC\271Nmk~J\270EU\274\036-\347\240\312F""; ledgerSeq: 26; type: liBASE; nodes {;   nodedata: ""\000\000\000\032\001cEx]\211\377\330\313\206R\331\304k\323u\263t\221\213yC\241\217A\242\027g\322\241'\212.E?B_\316\327\217\000\000\000\000\000\000\000\000\000\000\000\000\000\000\000\000\000\000\000\000\000\000\000\000\000\000\000\000\000\000\000\000\223\301\026\335Z\35344\325gW\034a\334\364\301\256\336\314\342\313\374\273\266\007\005t\277\200\275+\262/\351\252\374/\351\253\004\n\000""; }; nodes {;   nodedata: ""\323C\344\327\264{\312-\017:\006{\177\344N\002\326bO\260\220\006\033\362\345\005U\221DzJ0\001\301\025%1L\307\t\261\262z\374\222T\301\274V\236\223\262\270Ct\362\337b\356\024*\324\320\351\317\002k\336\234\027v\351\217\260\303\360\233ZPZWr\246$w\313\313\r\243r\232\2234\373\3539:N\004Q\245\272D\312D\300\300\t\323\0257\345e\271\na\215{\226\255x%T\257\037\333\004\344_/R\006E\344\037@\210\363\010\336T\226\247'\204_{\261\370""1\235\2445\343\033Y!\212\201\341\272\225'\007\252\010\220A\221\8\313\335b\274D\353]\316\0342u\240\304\036\360\225\243\221\276\2103^\006\226\276\013\003""; }; ","ledgerHash: ""J +\370\t^b\005\020\003\211\373\247|hC\271Nmk~J\270EU\274\036-\347\240\312F""; ledgerSeq: 26; type: liBASE; nodes {;   nodedata: ""\000\000\000\032\001cEx]\211\377\330\313\206R\331\304k\323u\263t\221\213yC\241\217A\242\027g\322\241'\212.E?B_\316\327\217\000\000\000\000\000\000\000\000\000\000\000\000\000\000\000\000\000\000\000\000\000\000\000\000\000\000\000\000\000\000\000\000\223\301\026\335Z\35344\325gW\034a\334\364\301\256\336\314\342\313\374\273\266\007\005t\277\200\275+\262/\351\252\374/\351\253\004\n\000""; }; nodes {;   nodedata: ""\323C\344\327\264{\312-\017:\006{\177\344N\002\326bO\260\220\006\033\362\345\005U\221DzJ0\001\301\025%1L\307\t\261\262z\374\222T\301\274V\236\223\262\270Ct\362\337b\356\024*\324\320\351\317\002k\336\234\027v\351\217\260\303\360\233ZPZWr\246$w\313\313\r\243r\232\2234\373\3539:N\004Q\245\272D\312D\300\300\t\323\0257\345e\271\na\215{\226\255x%T\257\037\333\004\344_/R\006E\344\037@\210\363\010\336T\226\247'\204_{\261\370""1\235\2445\343\033Y!\212\201\341\272\225'\007\252\010\220A\221\8\313\335b\274D\353]\316\0342u\240\304\036\360\225\243\221\276\2103^\006\226\276\013\003""; }; "
1750527618509,1750527618509,0,1,0,1,TMLedgerData,"ledgerHash: ""J +\370\t^b\005\020\003\211\373\247|hC\271Nmk~J\270EU\274\036-\347\240\312F""; ledgerSeq: 26; type: liBASE; nodes {;   nodedata: ""\000\000\000\032\001cEx]\211\377\330\313\206R\331\304k\323u\263t\221\213yC\241\217A\242\027g\322\241'\212.E?B_\316\327\217\000\000\000\000\000\000\000\000\000\000\000\000\000\000\000\000\000\000\000\000\000\000\000\000\000\000\000\000\000\000\000\000\223\301\026\335Z\35344\325gW\034a\334\364\301\256\336\314\342\313\374\273\266\007\005t\277\200\275+\262/\351\252\374/\351\253\004\n\000""; }; nodes {;   nodedata: ""\323C\344\327\264{\312-\017:\006{\177\344N\002\326bO\260\220\006\033\362\345\005U\221DzJ0\001\301\025%1L\307\t\261\262z\374\222T\301\274V\236\223\262\270Ct\362\337b\356\024*\324\320\351\317\002k\336\234\027v\351\217\260\303\360\233ZPZWr\246$w\313\313\r\243r\232\2234\373\3539:N\004Q\245\272D\312D\300\300\t\323\0257\345e\271\na\215{\226\255x%T\257\037\333\004\344_/R\006E\344\037@\210\363\010\336T\226\247'\204_{\261\370""1\235\2445\343\033Y!\212\201\341\272\225'\007\252\010\220A\221\8\313\335b\274D\353]\316\0342u\240\304\036\360\225\243\221\276\2103^\006\226\276\013\003""; }; ","ledgerHash: ""J +\370\t^b\005\020\003\211\373\247|hC\271Nmk~J\270EU\274\036-\347\240\312F""; ledgerSeq: 26; type: liBASE; nodes {;   nodedata: ""\000\000\000\032\001cEx]\211\377\330\313\206R\331\304k\323u\263t\221\213yC\241\217A\242\027g\322\241'\212.E?B_\316\327\217\000\000\000\000\000\000\000\000\000\000\000\000\000\000\000\000\000\000\000\000\000\000\000\000\000\000\000\000\000\000\000\000\223\301\026\335Z\35344\325gW\034a\334\364\301\256\336\314\342\313\374\273\266\007\005t\277\200\275+\262/\351\252\374/\351\253\004\n\000""; }; nodes {;   nodedata: ""\323C\344\327\264{\312-\017:\006{\177\344N\002\326bO\260\220\006\033\362\345\005U\221DzJ0\001\301\025%1L\307\t\261\262z\374\222T\301\274V\236\223\262\270Ct\362\337b\356\024*\324\320\351\317\002k\336\234\027v\351\217\260\303\360\233ZPZWr\246$w\313\313\r\243r\232\2234\373\3539:N\004Q\245\272D\312D\300\300\t\323\0257\345e\271\na\215{\226\255x%T\257\037\333\004\344_/R\006E\344\037@\210\363\010\336T\226\247'\204_{\261\370""1\235\2445\343\033Y!\212\201\341\272\225'\007\252\010\220A\221\8\313\335b\274D\353]\316\0342u\240\304\036\360\225\243\221\276\2103^\006\226\276\013\003""; }; "
1750527618510,1750527618510,0,1,1,2,TMLedgerData,"ledgerHash: ""J +\370\t^b\005\020\003\211\373\247|hC\271Nmk~J\270EU\274\036-\347\240\312F""; ledgerSeq: 26; type: liBASE; nodes {;   nodedata: ""\000\000\000\032\001cEx]\211\377\330\313\206R\331\304k\323u\263t\221\213yC\241\217A\242\027g\322\241'\212.E?B_\316\327\217\000\000\000\000\000\000\000\000\000\000\000\000\000\000\000\000\000\000\000\000\000\000\000\000\000\000\000\000\000\000\000\000\223\301\026\335Z\35344\325gW\034a\334\364\301\256\336\314\342\313\374\273\266\007\005t\277\200\275+\262/\351\252\374/\351\253\004\n\000""; }; nodes {;   nodedata: ""\323C\344\327\264{\312-\017:\006{\177\344N\002\326bO\260\220\006\033\362\345\005U\221DzJ0\001\301\025%1L\307\t\261\262z\374\222T\301\274V\236\223\262\270Ct\362\337b\356\024*\324\320\351\317\002k\336\234\027v\351\217\260\303\360\233ZPZWr\246$w\313\313\r\243r\232\2234\373\3539:N\004Q\245\272D\312D\300\300\t\323\0257\345e\271\na\215{\226\255x%T\257\037\333\004\344_/R\006E\344\037@\210\363\010\336T\226\247'\204_{\261\370""1\235\2445\343\033Y!\212\201\341\272\225'\007\252\010\220A\221\8\313\335b\274D\353]\316\0342u\240\304\036\360\225\243\221\276\2103^\006\226\276\013\003""; }; ","ledgerHash: ""J +\370\t^b\005\020\003\211\373\247|hC\271Nmk~J\270EU\274\036-\347\240\312F""; ledgerSeq: 26; type: liBASE; nodes {;   nodedata: ""\000\000\000\032\001cEx]\211\377\330\313\206R\331\304k\323u\263t\221\213yC\241\217A\242\027g\322\241'\212.E?B_\316\327\217\000\000\000\000\000\000\000\000\000\000\000\000\000\000\000\000\000\000\000\000\000\000\000\000\000\000\000\000\000\000\000\000\223\301\026\335Z\35344\325gW\034a\334\364\301\256\336\314\342\313\374\273\266\007\005t\277\200\275+\262/\351\252\374/\351\253\004\n\000""; }; nodes {;   nodedata: ""\323C\344\327\264{\312-\017:\006{\177\344N\002\326bO\260\220\006\033\362\345\005U\221DzJ0\001\301\025%1L\307\t\261\262z\374\222T\301\274V\236\223\262\270Ct\362\337b\356\024*\324\320\351\317\002k\336\234\027v\351\217\260\303\360\233ZPZWr\246$w\313\313\r\243r\232\2234\373\3539:N\004Q\245\272D\312D\300\300\t\323\0257\345e\271\na\215{\226\255x%T\257\037\333\004\344_/R\006E\344\037@\210\363\010\336T\226\247'\204_{\261\370""1\235\2445\343\033Y!\212\201\341\272\225'\007\252\010\220A\221\8\313\335b\274D\353]\316\0342u\240\304\036\360\225\243\221\276\2103^\006\226\276\013\003""; }; "
1750527618511,1750527618511,0,1,1,0,TMLedgerData,"ledgerHash: ""J +\370\t^b\005\020\003\211\373\247|hC\271Nmk~J\270EU\274\036-\347\240\312F""; ledgerSeq: 26; type: liBASE; nodes {;   nodedata: ""\000\000\000\032\001cEx]\211\377\330\313\206R\331\304k\323u\263t\221\213yC\241\217A\242\027g\322\241'\212.E?B_\316\327\217\000\000\000\000\000\000\000\000\000\000\000\000\000\000\000\000\000\000\000\000\000\000\000\000\000\000\000\000\000\000\000\000\223\301\026\335Z\35344\325gW\034a\334\364\301\256\336\314\342\313\374\273\266\007\005t\277\200\275+\262/\351\252\374/\351\253\004\n\000""; }; nodes {;   nodedata: ""\323C\344\327\264{\312-\017:\006{\177\344N\002\326bO\260\220\006\033\362\345\005U\221DzJ0\001\301\025%1L\307\t\261\262z\374\222T\301\274V\236\223\262\270Ct\362\337b\356\024*\324\320\351\317\002k\336\234\027v\351\217\260\303\360\233ZPZWr\246$w\313\313\r\243r\232\2234\373\3539:N\004Q\245\272D\312D\300\300\t\323\0257\345e\271\na\215{\226\255x%T\257\037\333\004\344_/R\006E\344\037@\210\363\010\336T\226\247'\204_{\261\370""1\235\2445\343\033Y!\212\201\341\272\225'\007\252\010\220A\221\8\313\335b\274D\353]\316\0342u\240\304\036\360\225\243\221\276\2103^\006\226\276\013\003""; }; ","ledgerHash: ""J +\370\t^b\005\020\003\211\373\247|hC\271Nmk~J\270EU\274\036-\347\240\312F""; ledgerSeq: 26; type: liBASE; nodes {;   nodedata: ""\000\000\000\032\001cEx]\211\377\330\313\206R\331\304k\323u\263t\221\213yC\241\217A\242\027g\322\241'\212.E?B_\316\327\217\000\000\000\000\000\000\000\000\000\000\000\000\000\000\000\000\000\000\000\000\000\000\000\000\000\000\000\000\000\000\000\000\223\301\026\335Z\35344\325gW\034a\334\364\301\256\336\314\342\313\374\273\266\007\005t\277\200\275+\262/\351\252\374/\351\253\004\n\000""; }; nodes {;   nodedata: ""\323C\344\327\264{\312-\017:\006{\177\344N\002\326bO\260\220\006\033\362\345\005U\221DzJ0\001\301\025%1L\307\t\261\262z\374\222T\301\274V\236\223\262\270Ct\362\337b\356\024*\324\320\351\317\002k\336\234\027v\351\217\260\303\360\233ZPZWr\246$w\313\313\r\243r\232\2234\373\3539:N\004Q\245\272D\312D\300\300\t\323\0257\345e\271\na\215{\226\255x%T\257\037\333\004\344_/R\006E\344\037@\210\363\010\336T\226\247'\204_{\261\370""1\235\2445\343\033Y!\212\201\341\272\225'\007\252\010\220A\221\8\313\335b\274D\353]\316\0342u\240\304\036\360\225\243\221\276\2103^\006\226\276\013\003""; }; "
1750527618511,1750527618511,0,1,2,3,TMGetLedger,"itype: liBASE; ledgerHash: ""J +\370\t^b\005\020\003\211\373\247|hC\271Nmk~J\270EU\274\036-\347\240\312F""; ledgerSeq: 26; requestCookie: 2; queryType: qtINDIRECT; ","itype: liBASE; ledgerHash: ""J +\370\t^b\005\020\003\211\373\247|hC\271Nmk~J\270EU\274\036-\347\240\312F""; ledgerSeq: 26; requestCookie: 2; queryType: qtINDIRECT; "
1750527618512,1750527618512,0,1,2,3,TMGetLedger,"itype: liAS_NODE; ledgerHash: ""J +\370\t^b\005\020\003\211\373\247|hC\271Nmk~J\270EU\274\036-\347\240\312F""; ledgerSeq: 26; nodeIDs: ""\260\000\000\000\000\000\000\000\000\000\000\000\000\000\000\000\000\000\000\000\000\000\000\000\000\000\000\000\000\000\000\000\001""; queryType: qtINDIRECT; queryDepth: 1; ","itype: liAS_NODE; ledgerHash: ""J +\370\t^b\005\020\003\211\373\247|hC\271Nmk~J\270EU\274\036-\347\240\312F""; ledgerSeq: 26; nodeIDs: ""\260\000\000\000\000\000\000\000\000\000\000\000\000\000\000\000\000\000\000\000\000\000\000\000\000\000\000\000\000\000\000\000\001""; queryType: qtINDIRECT; queryDepth: 1; "
1750527618512,1750527618512,0,1,2,4,TMLedgerData,"ledgerHash: ""J +\370\t^b\005\020\003\211\373\247|hC\271Nmk~J\270EU\274\036-\347\240\312F""; ledgerSeq: 26; type: liBASE; nodes {;   nodedata: ""\000\000\000\032\001cEx]\211\377\330\313\206R\331\304k\323u\263t\221\213yC\241\217A\242\027g\322\241'\212.E?B_\316\327\217\000\000\000\000\000\000\000\000\000\000\000\000\000\000\000\000\000\000\000\000\000\000\000\000\000\000\000\000\000\000\000\000\223\301\026\335Z\35344\325gW\034a\334\364\301\256\336\314\342\313\374\273\266\007\005t\277\200\275+\262/\351\252\374/\351\253\004\n\000""; }; nodes {;   nodedata: ""\323C\344\327\264{\312-\017:\006{\177\344N\002\326bO\260\220\006\033\362\345\005U\221DzJ0\001\301\025%1L\307\t\261\262z\374\222T\301\274V\236\223\262\270Ct\362\337b\356\024*\324\320\351\317\002k\336\234\027v\351\217\260\303\360\233ZPZWr\246$w\313\313\r\243r\232\2234\373\3539:N\004Q\245\272D\312D\300\300\t\323\0257\345e\271\na\215{\226\255x%T\257\037\333\004\344_/R\006E\344\037@\210\363\010\336T\226\247'\204_{\261\370""1\235\2445\343\033Y!\212\201\341\272\225'\007\252\010\220A\221\8\313\335b\274D\353]\316\0342u\240\304\036\360\225\243\221\276\2103^\006\226\276\013\003""; }; ","ledgerHash: ""J +\370\t^b\005\020\003\211\373\247|hC\271Nmk~J\270EU\274\036-\347\240\312F""; ledgerSeq: 26; type: liBASE; nodes {;   nodedata: ""\000\000\000\032\001cEx]\211\377\330\313\206R\331\304k\323u\263t\221\213yC\241\217A\242\027g\322\241'\212.E?B_\316\327\217\000\000\000\000\000\000\000\000\000\000\000\000\000\000\000\000\000\000\000\000\000\000\000\000\000\000\000\000\000\000\000\000\223\301\026\335Z\35344\325gW\034a\334\364\301\256\336\314\342\313\374\273\266\007\005t\277\200\275+\262/\351\252\374/\351\253\004\n\000""; }; nodes {;   nodedata: ""\323C\344\327\264{\312-\017:\006{\177\344N\002\326bO\260\220\006\033\362\345\005U\221DzJ0\001\301\025%1L\307\t\261\262z\374\222T\301\274V\236\223\262\270Ct\362\337b\356\024*\324\320\351\317\002k\336\234\027v\351\217\260\303\360\233ZPZWr\246$w\313\313\r\243r\232\2234\373\3539:N\004Q\245\272D\312D\300\300\t\323\0257\345e\271\na\215{\226\255x%T\257\037\333\004\344_/R\006E\344\037@\210\363\010\336T\226\247'\204_{\261\370""1\235\2445\343\033Y!\212\201\341\272\225'\007\252\010\220A\221\8\313\335b\274D\353]\316\0342u\240\304\036\360\225\243\221\276\2103^\006\226\276\013\003""; }; "
1750527618513,1750527618513,0,1,2,1,TMLedgerData,"ledgerHash: ""J +\370\t^b\005\020\003\211\373\247|hC\271Nmk~J\270EU\274\036-\347\240\312F""; ledgerSeq: 26; type: liBASE; nodes {;   nodedata: ""\000\000\000\032\001cEx]\211\377\330\313\206R\331\304k\323u\263t\221\213yC\241\217A\242\027g\322\241'\212.E?B_\316\327\217\000\000\000\000\000\000\000\000\000\000\000\000\000\000\000\000\000\000\000\000\000\000\000\000\000\000\000\000\000\000\000\000\223\301\026\335Z\35344\325gW\034a\334\364\301\256\336\314\342\313\374\273\266\007\005t\277\200\275+\262/\351\252\374/\351\253\004\n\000""; }; nodes {;   nodedata: ""\323C\344\327\264{\312-\017:\006{\177\344N\002\326bO\260\220\006\033\362\345\005U\221DzJ0\001\301\025%1L\307\t\261\262z\374\222T\301\274V\236\223\262\270Ct\362\337b\356\024*\324\320\351\317\002k\336\234\027v\351\217\260\303\360\233ZPZWr\246$w\313\313\r\243r\232\2234\373\3539:N\004Q\245\272D\312D\300\300\t\323\0257\345e\271\na\215{\226\255x%T\257\037\333\004\344_/R\006E\344\037@\210\363\010\336T\226\247'\204_{\261\370""1\235\2445\343\033Y!\212\201\341\272\225'\007\252\010\220A\221\8\313\335b\274D\353]\316\0342u\240\304\036\360\225\243\221\276\2103^\006\226\276\013\003""; }; ","ledgerHash: ""J +\370\t^b\005\020\003\211\373\247|hC\271Nmk~J\270EU\274\036-\347\240\312F""; ledgerSeq: 26; type: liBASE; nodes {;   nodedata: ""\000\000\000\032\001cEx]\211\377\330\313\206R\331\304k\323u\263t\221\213yC\241\217A\242\027g\322\241'\212.E?B_\316\327\217\000\000\000\000\000\000\000\000\000\000\000\000\000\000\000\000\000\000\000\000\000\000\000\000\000\000\000\000\000\000\000\000\223\301\026\335Z\35344\325gW\034a\334\364\301\256\336\314\342\313\374\273\266\007\005t\277\200\275+\262/\351\252\374/\351\253\004\n\000""; }; nodes {;   nodedata: ""\323C\344\327\264{\312-\017:\006{\177\344N\002\326bO\260\220\006\033\362\345\005U\221DzJ0\001\301\025%1L\307\t\261\262z\374\222T\301\274V\236\223\262\270Ct\362\337b\356\024*\324\320\351\317\002k\336\234\027v\351\217\260\303\360\233ZPZWr\246$w\313\313\r\243r\232\2234\373\3539:N\004Q\245\272D\312D\300\300\t\323\0257\345e\271\na\215{\226\255x%T\257\037\333\004\344_/R\006E\344\037@\210\363\010\336T\226\247'\204_{\261\370""1\235\2445\343\033Y!\212\201\341\272\225'\007\252\010\220A\221\8\313\335b\274D\353]\316\0342u\240\304\036\360\225\243\221\276\2103^\006\226\276\013\003""; }; "
1750527618514,1750527618515,0,1,3,0,TMLedgerData,"ledgerHash: ""J +\370\t^b\005\020\003\211\373\247|hC\271Nmk~J\270EU\274\036-\347\240\312F""; ledgerSeq: 26; type: liBASE; nodes {;   nodedata: ""\000\000\000\032\001cEx]\211\377\330\313\206R\331\304k\323u\263t\221\213yC\241\217A\242\027g\322\241'\212.E?B_\316\327\217\000\000\000\000\000\000\000\000\000\000\000\000\000\000\000\000\000\000\000\000\000\000\000\000\000\000\000\000\000\000\000\000\223\301\026\335Z\35344\325gW\034a\334\364\301\256\336\314\342\313\374\273\266\007\005t\277\200\275+\262/\351\252\374/\351\253\004\n\000""; }; nodes {;   nodedata: ""\323C\344\327\264{\312-\017:\006{\177\344N\002\326bO\260\220\006\033\362\345\005U\221DzJ0\001\301\025%1L\307\t\261\262z\374\222T\301\274V\236\223\262\270Ct\362\337b\356\024*\324\320\351\317\002k\336\234\027v\351\217\260\303\360\233ZPZWr\246$w\313\313\r\243r\232\2234\373\3539:N\004Q\245\272D\312D\300\300\t\323\0257\345e\271\na\215{\226\255x%T\257\037\333\004\344_/R\006E\344\037@\210\363\010\336T\226\247'\204_{\261\370""1\235\2445\343\033Y!\212\201\341\272\225'\007\252\010\220A\221\8\313\335b\274D\353]\316\0342u\240\304\036\360\225\243\221\276\2103^\006\226\276\013\003""; }; requestCookie: 3; ","ledgerHash: ""J +\370\t^b\005\020\003\211\373\247|hC\271Nmk~J\270EU\274\036-\347\240\312F""; ledgerSeq: 26; type: liBASE; nodes {;   nodedata: ""\000\000\000\032\001cEx]\211\377\330\313\206R\331\304k\323u\263t\221\213yC\241\217A\242\027g\322\241'\212.E?B_\316\327\217\000\000\000\000\000\000\000\000\000\000\000\000\000\000\000\000\000\000\000\000\000\000\000\000\000\000\000\000\000\000\000\000\223\301\026\335Z\35344\325gW\034a\334\364\301\256\336\314\342\313\374\273\266\007\005t\277\200\275+\262/\351\252\374/\351\253\004\n\000""; }; nodes {;   nodedata: ""\323C\344\327\264{\312-\017:\006{\177\344N\002\326bO\260\220\006\033\362\345\005U\221DzJ0\001\301\025%1L\307\t\261\262z\374\222T\301\274V\236\223\262\270Ct\362\337b\356\024*\324\320\351\317\002k\336\234\027v\351\217\260\303\360\233ZPZWr\246$w\313\313\r\243r\232\2234\373\3539:N\004Q\245\272D\312D\300\300\t\323\0257\345e\271\na\215{\226\255x%T\257\037\333\004\344_/R\006E\344\037@\210\363\010\336T\226\247'\204_{\261\370""1\235\2445\343\033Y!\212\201\341\272\225'\007\252\010\220A\221\8\313\335b\274D\353]\316\0342u\240\304\036\360\225\243\221\276\2103^\006\226\276\013\003""; }; requestCookie: 3; "
1750527618515,1750527618516,0,1,3,0,TMLedgerData,"ledgerHash: ""J +\370\t^b\005\020\003\211\373\247|hC\271Nmk~J\270EU\274\036-\347\240\312F""; ledgerSeq: 26; type: liAS_NODE; nodes {;   nodedata: ""\021\000h""\000\000\000\000 \033\000\000\000\031\002\023\303\177\330\356GuH\375\327!\255\371\r\231\262R\256J\034\222\241\355X\265E\241^W\225\304\014\361CX-}\351f\032\255\274\334m\326c\017\014ao[\342\230\003\245\245\3341Hm\326^\017jy\335\261\032Yt\320\244{g\0306\\302\303*\341\215\223\257\364\277o\375\000r\241SOq\221\253\262\005\017\375T\356\014\360o'\030\311-\267\031\257!\031T\006><\315XM\334\324\345\034\000\325\367\240\271\013\265\024\321\362\354\211\250.\234s\225amc\305\035\366\276\037nD\277`\210\223N\3535\033\261\304f\331]\036\237\306o!\223\221\002\324\031\262\240R\177 ,\214\325\Q])\016\2067\277\t\354\010\000\360\215\2502\265\245\310\226\243c\302Ze\306\253#r\020\211\320iG\276\020E\317\035Sf\223F\254\033@\177e\277\016\010u\327\371&\262\312\317Q\2361t\377x\234\001v\003%\030\325_\225g\204\346a=\225\273\331\354\365*U\363\263N\367b\371\244\314-w\363\262\225Z\200\206\235\233\257?sE\2674\254\326mU\377?\177Ek\336\030!\316Aa\225\303\022\377{\210Y\226\271as\354L\035\004\341\361\035\301\024\220m#*\372\032\3178~\374\250\014*\323\342'z69\220\327\256\351G\367\317u\302\207\270b\315\333\333\334\310I\323&\014\352XZnW2.\335\347\202\021\247\362\212e\034\000\001\250\220\305;a\314\265R\310\017\317\331\235\360\262\240:\277\202\266\354\265X""\022\nh\252\352w\204\203\023]\001f\352\277\0031Q]\362\370R\350{\261\202\240\344\215\201\353\276\322p5p\350\354\017>\250r\241c\273\016\301\024\363\242\247\263\231\370\344\nBW\220K\316@3\243\200\036wk\253GSlU\010\360\231>\331\263H\214\324\030A\225\301o\346pkSF\004\241\213w9\223=\250\262*+\255\351r\265\244c\024\213\t\007`\223\325#\3477\210\345P\306\013\320\252[\0216+\227=`\371P\314\346 V7\271[~\n\237\274|\347\352@K\253~&\260\032\024\004B\200\255h\351\013\361\031:nG\211\005|\2003\266\274\251,W\006u\344\335d\003\306\212\313,\340\350bG\n\030Z\2732-\246\312\255\030\003\235207\005}D\260\0261ah\322M\304\216\273m0\271\234\237\007<w$\265C\245\232\033\023\313c\321B\032l\301h\005\320\252\301\361(\330[\343\357\343{\235\n\266g\272>\177\317\347\261qb&\270&\346ju\200\363N\320\307\004\034\001n\317\361\2653\254\2503\247\305\372\316W\022O\253x\250\025\373\247\354Tc\304\263\243^\352Gv\\264\261\r\035\226\306\2411\351\233\203\215\200$\231\300f\220\371c@\017\254\363\\371\340\340VaR\205~^\226\342t\360\022\204d\231\205)\272\364?\361!\334\331\315\254\230\rBG\314\023\246\244=\351\177\254\302b&\276+H;0\312\021&\275\036\237\350R\313\206R\331\304k\323u\263t\221\213yC\241\217A\242\027g\322\241'\212.E?B_\316\327\217\264\227\2326\315\307\363\323\325\303\032N\256*\307\327 \235\332\207u\210\271\257\306g\231i*\260\326k\001"";   nodeid: ""\260\000\000\000\000\000\000\000\000\000\000\000\000\000\000\000\000\000\000\000\000\000\000\000\000\000\000\000\000\000\000\000\001""; }; ","ledgerHash: ""J +\370\t^b\005\020\003\211\373\247|hC\271Nmk~J\270EU\274\036-\347\240\312F""; ledgerSeq: 26; type: liAS_NODE; nodes {;   nodedata: ""\021\000h""\000\000\000\000 \033\000\000\000\031\002\023\303\177\330\356GuH\375\327!\255\371\r\231\262R\256J\034\222\241\355X\265E\241^W\225\304\014\361CX-}\351f\032\255\274\334m\326c\017\014ao[\342\230\003\245\245\3341Hm\326^\017jy\335\261\032Yt\320\244{g\0306\\302\303*\341\215\223\257\364\277o\375\000r\241SOq\221\253\262\005\017\375T\356\014\360o'\030\311-\267\031\257!\031T\006><\315XM\334\324\345\034\000\325\367\240\271\013\265\024\321\362\354\211\250.\234s\225amc\305\035\366\276\037nD\277`\210\223N\3535\033\261\304f\331]\036\237\306o!\223\221\002\324\031\262\240R\177 ,\214\325\Q])\016\2067\277\t\354\010\000\360\215\2502\265\245\310\226\243c\302Ze\306\253#r\020\211\320iG\276\020E\317\035Sf\223F\254\033@\177e\277\016\010u\327\371&\262\312\317Q\2361t\377x\234\001v\003%\030\325_\225g\204\346a=\225\273\331\354\365*U\363\263N\367b\371\244\314-w\363\262\225Z\200\206\235\233\257?sE\2674\254\326mU\377?\177Ek\336\030!\316Aa\225\303\022\377{\210Y\226\271as\354L\035\004\341\361\035\301\024\220m#*\372\032\3178~\374\250\014*\323\342'z69\220\327\256\351G\367\317u\302\207\270b\315\333\333\334\310I\323&\014\352XZnW2.\335\347\202\021\247\362\212e\034\000\001\250\220\305;a\314\265R\310\017\317\331\235\360\262\240:\277\202\266\354\265X""\022\nh\252\352w\204\203\023]\001f\352\277\0031Q]\362\370R\350{\261\202\240\344\215\201\353\276\322p5p\350\354\017>\250r\241c\273\016\301\024\363\242\247\263\231\370\344\nBW\220K\316@3\243\200\036wk\253GSlU\010\360\231>\331\263H\214\324\030A\225\301o\346pkSF\004\241\213w9\223=\250\262*+\255\351r\265\244c\024\213\t\007`\223\325#\3477\210\345P\306\013\320\252[\0216+\227=`\371P\314\346 V7\271[~\n\237\274|\347\352@K\253~&\260\032\024\004B\200\255h\351\013\361\031:nG\211\005|\2003\266\274\251,W\006u\344\335d\003\306\212\313,\340\350bG\n\030Z\2732-\246\312\255\030\003\235207\005}D\260\0261ah\322M\304\216\273m0\271\234\237\007<w$\265C\245\232\033\023\313c\321B\032l\301h\005\320\252\301\361(\330[\343\357\343{\235\n\266g\272>\177\317\347\261qb&\270&\346ju\200\363N\320\307\004\034\001n\317\361\2653\254\2503\247\305\372\316W\022O\253x\250\025\373\247\354Tc\304\263\243^\352Gv\\264\261\r\035\226\306\2411\351\233\203\215\200$\231\300f\220\371c@\017\254\363\\371\340\340VaR\205~^\226\342t\360\022\204d\231\205)\272\364?\361!\334\331\315\254\230\rBG\314\023\246\244=\351\177\254\302b&\276+H;0\312\021&\275\036\237\350R\313\206R\331\304k\323u\263t\221\213yC\241\217A\242\027g\322\241'\212.E?B_\316\327\217\264\227\2326\315\307\363\323\325\303\032N\256*\307\327 \235\332\207u\210\271\257\306g\231i*\260\326k\001"";   nodeid: ""\260\000\000\000\000\000\000\000\000\000\000\000\000\000\000\000\000\000\000\000\000\000\000\000\000\000\000\000\000\000\000\000\001""; }; "
1750527618518,1750527618518,0,1,3,2,TMLedgerData,"ledgerHash: ""J +\370\t^b\005\020\003\211\373\247|hC\271Nmk~J\270EU\274\036-\347\240\312F""; ledgerSeq: 26; type: liBASE; nodes {;   nodedata: ""\000\000\000\032\001cEx]\211\377\330\313\206R\331\304k\323u\263t\221\213yC\241\217A\242\027g\322\241'\212.E?B_\316\327\217\000\000\000\000\000\000\000\000\000\000\000\000\000\000\000\000\000\000\000\000\000\000\000\000\000\000\000\000\000\000\000\000\223\301\026\335Z\35344\325gW\034a\334\364\301\256\336\314\342\313\374\273\266\007\005t\277\200\275+\262/\351\252\374/\351\253\004\n\000""; }; nodes {;   nodedata: ""\323C\344\327\264{\312-\017:\006{\177\344N\002\326bO\260\220\006\033\362\345\005U\221DzJ0\001\301\025%1L\307\t\261\262z\374\222T\301\274V\236\223\262\270Ct\362\337b\356\024*\324\320\351\317\002k\336\234\027v\351\217\260\303\360\233ZPZWr\246$w\313\313\r\243r\232\2234\373\3539:N\004Q\245\272D\312D\300\300\t\323\0257\345e\271\na\215{\226\255x%T\257\037\333\004\344_/R\006E\344\037@\210\363\010\336T\226\247'\204_{\261\370""1\235\2445\343\033Y!\212\201\341\272\225'\007\252\010\220A\221\8\313\335b\274D\353]\316\0342u\240\304\036\360\225\243\221\276\2103^\006\226\276\013\003""; }; requestCookie: 2; ","ledgerHash: ""J +\370\t^b\005\020\003\211\373\247|hC\271Nmk~J\270EU\274\036-\347\240\312F""; ledgerSeq: 26; type: liBASE; nodes {;   nodedata: ""\000\000\000\032\001cEx]\211\377\330\313\206R\331\304k\323u\263t\221\213yC\241\217A\242\027g\322\241'\212.E?B_\316\327\217\000\000\000\000\000\000\000\000\000\000\000\000\000\000\000\000\000\000\000\000\000\000\000\000\000\000\000\000\000\000\000\000\223\301\026\335Z\35344\325gW\034a\334\364\301\256\336\314\342\313\374\273\266\007\005t\277\200\275+\262/\351\252\374/\351\253\004\n\000""; }; nodes {;   nodedata: ""\323C\344\327\264{\312-\017:\006{\177\344N\002\326bO\260\220\006\033\362\345\005U\221DzJ0\001\301\025%1L\307\t\261\262z\374\222T\301\274V\236\223\262\270Ct\362\337b\356\024*\324\320\351\317\002k\336\234\027v\351\217\260\303\360\233ZPZWr\246$w\313\313\r\243r\232\2234\373\3539:N\004Q\245\272D\312D\300\300\t\323\0257\345e\271\na\215{\226\255x%T\257\037\333\004\344_/R\006E\344\037@\210\363\010\336T\226\247'\204_{\261\370""1\235\2445\343\033Y!\212\201\341\272\225'\007\252\010\220A\221\8\313\335b\274D\353]\316\0342u\240\304\036\360\225\243\221\276\2103^\006\226\276\013\003""; }; requestCookie: 2; "
1750527618519,1750527618519,0,1,3,2,TMLedgerData,"ledgerHash: ""J +\370\t^b\005\020\003\211\373\247|hC\271Nmk~J\270EU\274\036-\347\240\312F""; ledgerSeq: 26; type: liAS_NODE; nodes {;   nodedata: ""\021\000h""\000\000\000\000 \033\000\000\000\031\002\023\303\177\330\356GuH\375\327!\255\371\r\231\262R\256J\034\222\241\355X\265E\241^W\225\304\014\361CX-}\351f\032\255\274\334m\326c\017\014ao[\342\230\003\245\245\3341Hm\326^\017jy\335\261\032Yt\320\244{g\0306\\302\303*\341\215\223\257\364\277o\375\000r\241SOq\221\253\262\005\017\375T\356\014\360o'\030\311-\267\031\257!\031T\006><\315XM\334\324\345\034\000\325\367\240\271\013\265\024\321\362\354\211\250.\234s\225amc\305\035\366\276\037nD\277`\210\223N\3535\033\261\304f\331]\036\237\306o!\223\221\002\324\031\262\240R\177 ,\214\325\Q])\016\2067\277\t\354\010\000\360\215\2502\265\245\310\226\243c\302Ze\306\253#r\020\211\320iG\276\020E\317\035Sf\223F\254\033@\177e\277\016\010u\327\371&\262\312\317Q\2361t\377x\234\001v\003%\030\325_\225g\204\346a=\225\273\331\354\365*U\363\263N\367b\371\244\314-w\363\262\225Z\200\206\235\233\257?sE\2674\254\326mU\377?\177Ek\336\030!\316Aa\225\303\022\377{\210Y\226\271as\354L\035\004\341\361\035\301\024\220m#*\372\032\3178~\374\250\014*\323\342'z69\220\327\256\351G\367\317u\302\207\270b\315\333\333\334\310I\323&\014\352XZnW2.\335\347\202\021\247\362\212e\034\000\001\250\220\305;a\314\265R\310\017\317\331\235\360\262\240:\277\202\266\354\265X""\022\nh\252\352w\204\203\023]\001f\352\277\0031Q]\362\370R\350{\261\202\240\344\215\201\353\276\322p5p\350\354\017>\250r\241c\273\016\301\024\363\242\247\263\231\370\344\nBW\220K\316@3\243\200\036wk\253GSlU\010\360\231>\331\263H\214\324\030A\225\301o\346pkSF\004\241\213w9\223=\250\262*+\255\351r\265\244c\024\213\t\007`\223\325#\3477\210\345P\306\013\320\252[\0216+\227=`\371P\314\346 V7\271[~\n\237\274|\347\352@K\253~&\260\032\024\004B\200\255h\351\013\361\031:nG\211\005|\2003\266\274\251,W\006u\344\335d\003\306\212\313,\340\350bG\n\030Z\2732-\246\312\255\030\003\235207\005}D\260\0261ah\322M\304\216\273m0\271\234\237\007<w$\265C\245\232\033\023\313c\321B\032l\301h\005\320\252\301\361(\330[\343\357\343{\235\n\266g\272>\177\317\347\261qb&\270&\346ju\200\363N\320\307\004\034\001n\317\361\2653\254\2503\247\305\372\316W\022O\253x\250\025\373\247\354Tc\304\263\243^\352Gv\\264\261\r\035\226\306\2411\351\233\203\215\200$\231\300f\220\371c@\017\254\363\\371\340\340VaR\205~^\226\342t\360\022\204d\231\205)\272\364?\361!\334\331\315\254\230\rBG\314\023\246\244=\351\177\254\302b&\276+H;0\312\021&\275\036\237\350R\313\206R\331\304k\323u\263t\221\213yC\241\217A\242\027g\322\241'\212.E?B_\316\327\217\264\227\2326\315\307\363\323\325\303\032N\256*\307\327 \235\332\207u\210\271\257\306g\231i*\260\326k\001"";   nodeid: ""\260\000\000\000\000\000\000\000\000\000\000\000\000\000\000\000\000\000\000\000\000\000\000\000\000\000\000\000\000\000\000\000\001""; }; ","ledgerHash: ""J +\370\t^b\005\020\003\211\373\247|hC\271Nmk~J\270EU\274\036-\347\240\312F""; ledgerSeq: 26; type: liAS_NODE; nodes {;   nodedata: ""\021\000h""\000\000\000\000 \033\000\000\000\031\002\023\303\177\330\356GuH\375\327!\255\371\r\231\262R\256J\034\222\241\355X\265E\241^W\225\304\014\361CX-}\351f\032\255\274\334m\326c\017\014ao[\342\230\003\245\245\3341Hm\326^\017jy\335\261\032Yt\320\244{g\0306\\302\303*\341\215\223\257\364\277o\375\000r\241SOq\221\253\262\005\017\375T\356\014\360o'\030\311-\267\031\257!\031T\006><\315XM\334\324\345\034\000\325\367\240\271\013\265\024\321\362\354\211\250.\234s\225amc\305\035\366\276\037nD\277`\210\223N\3535\033\261\304f\331]\036\237\306o!\223\221\002\324\031\262\240R\177 ,\214\325\Q])\016\2067\277\t\354\010\000\360\215\2502\265\245\310\226\243c\302Ze\306\253#r\020\211\320iG\276\020E\317\035Sf\223F\254\033@\177e\277\016\010u\327\371&\262\312\317Q\2361t\377x\234\001v\003%\030\325_\225g\204\346a=\225\273\331\354\365*U\363\263N\367b\371\244\314-w\363\262\225Z\200\206\235\233\257?sE\2674\254\326mU\377?\177Ek\336\030!\316Aa\225\303\022\377{\210Y\226\271as\354L\035\004\341\361\035\301\024\220m#*\372\032\3178~\374\250\014*\323\342'z69\220\327\256\351G\367\317u\302\207\270b\315\333\333\334\310I\323&\014\352XZnW2.\335\347\202\021\247\362\212e\034\000\001\250\220\305;a\314\265R\310\017\317\331\235\360\262\240:\277\202\266\354\265X""\022\nh\252\352w\204\203\023]\001f\352\277\0031Q]\362\370R\350{\261\202\240\344\215\201\353\276\322p5p\350\354\017>\250r\241c\273\016\301\024\363\242\247\263\231\370\344\nBW\220K\316@3\243\200\036wk\253GSlU\010\360\231>\331\263H\214\324\030A\225\301o\346pkSF\004\241\213w9\223=\250\262*+\255\351r\265\244c\024\213\t\007`\223\325#\3477\210\345P\306\013\320\252[\0216+\227=`\371P\314\346 V7\271[~\n\237\274|\347\352@K\253~&\260\032\024\004B\200\255h\351\013\361\031:nG\211\005|\2003\266\274\251,W\006u\344\335d\003\306\212\313,\340\350bG\n\030Z\2732-\246\312\255\030\003\235207\005}D\260\0261ah\322M\304\216\273m0\271\234\237\007<w$\265C\245\232\033\023\313c\321B\032l\301h\005\320\252\301\361(\330[\343\357\343{\235\n\266g\272>\177\317\347\261qb&\270&\346ju\200\363N\320\307\004\034\001n\317\361\2653\254\2503\247\305\372\316W\022O\253x\250\025\373\247\354Tc\304\263\243^\352Gv\\264\261\r\035\226\306\2411\351\233\203\215\200$\231\300f\220\371c@\017\254\363\\371\340\340VaR\205~^\226\342t\360\022\204d\231\205)\272\364?\361!\334\331\315\254\230\rBG\314\023\246\244=\351\177\254\302b&\276+H;0\312\021&\275\036\237\350R\313\206R\331\304k\323u\263t\221\213yC\241\217A\242\027g\322\241'\212.E?B_\316\327\217\264\227\2326\315\307\363\323\325\303\032N\256*\307\327 \235\332\207u\210\271\257\306g\231i*\260\326k\001"";   nodeid: ""\260\000\000\000\000\000\000\000\000\000\000\000\000\000\000\000\000\000\000\000\000\000\000\000\000\000\000\000\000\000\000\000\001""; }; "
1750527618520,1750527618520,0,1,0,2,TMLedgerData,"ledgerHash: ""J +\370\t^b\005\020\003\211\373\247|hC\271Nmk~J\270EU\274\036-\347\240\312F""; ledgerSeq: 26; type: liBASE; nodes {;   nodedata: ""\000\000\000\032\001cEx]\211\377\330\313\206R\331\304k\323u\263t\221\213yC\241\217A\242\027g\322\241'\212.E?B_\316\327\217\000\000\000\000\000\000\000\000\000\000\000\000\000\000\000\000\000\000\000\000\000\000\000\000\000\000\000\000\000\000\000\000\223\301\026\335Z\35344\325gW\034a\334\364\301\256\336\314\342\313\374\273\266\007\005t\277\200\275+\262/\351\252\374/\351\253\004\n\000""; }; nodes {;   nodedata: ""\323C\344\327\264{\312-\017:\006{\177\344N\002\326bO\260\220\006\033\362\345\005U\221DzJ0\001\301\025%1L\307\t\261\262z\374\222T\301\274V\236\223\262\270Ct\362\337b\356\024*\324\320\351\317\002k\336\234\027v\351\217\260\303\360\233ZPZWr\246$w\313\313\r\243r\232\2234\373\3539:N\004Q\245\272D\312D\300\300\t\323\0257\345e\271\na\215{\226\255x%T\257\037\333\004\344_/R\006E\344\037@\210\363\010\336T\226\247'\204_{\261\370""1\235\2445\343\033Y!\212\201\341\272\225'\007\252\010\220A\221\8\313\335b\274D\353]\316\0342u\240\304\036\360\225\243\221\276\2103^\006\226\276\013\003""; }; ","ledgerHash: ""J +\370\t^b\005\020\003\211\373\247|hC\271Nmk~J\270EU\274\036-\347\240\312F""; ledgerSeq: 26; type: liBASE; nodes {;   nodedata: ""\000\000\000\032\001cEx]\211\377\330\313\206R\331\304k\323u\263t\221\213yC\241\217A\242\027g\322\241'\212.E?B_\316\327\217\000\000\000\000\000\000\000\000\000\000\000\000\000\000\000\000\000\000\000\000\000\000\000\000\000\000\000\000\000\000\000\000\223\301\026\335Z\35344\325gW\034a\334\364\301\256\336\314\342\313\374\273\266\007\005t\277\200\275+\262/\351\252\374/\351\253\004\n\000""; }; nodes {;   nodedata: ""\323C\344\327\264{\312-\017:\006{\177\344N\002\326bO\260\220\006\033\362\345\005U\221DzJ0\001\301\025%1L\307\t\261\262z\374\222T\301\274V\236\223\262\270Ct\362\337b\356\024*\324\320\351\317\002k\336\234\027v\351\217\260\303\360\233ZPZWr\246$w\313\313\r\243r\232\2234\373\3539:N\004Q\245\272D\312D\300\300\t\323\0257\345e\271\na\215{\226\255x%T\257\037\333\004\344_/R\006E\344\037@\210\363\010\336T\226\247'\204_{\261\370""1\235\2445\343\033Y!\212\201\341\272\225'\007\252\010\220A\221\8\313\335b\274D\353]\316\0342u\240\304\036\360\225\243\221\276\2103^\006\226\276\013\003""; }; "
1750527618521,1750527618522,0,1,2,0,TMLedgerData,"ledgerHash: ""J +\370\t^b\005\020\003\211\373\247|hC\271Nmk~J\270EU\274\036-\347\240\312F""; ledgerSeq: 26; type: liBASE; nodes {;   nodedata: ""\000\000\000\032\001cEx]\211\377\330\313\206R\331\304k\323u\263t\221\213yC\241\217A\242\027g\322\241'\212.E?B_\316\327\217\000\000\000\000\000\000\000\000\000\000\000\000\000\000\000\000\000\000\000\000\000\000\000\000\000\000\000\000\000\000\000\000\223\301\026\335Z\35344\325gW\034a\334\364\301\256\336\314\342\313\374\273\266\007\005t\277\200\275+\262/\351\252\374/\351\253\004\n\000""; }; nodes {;   nodedata: ""\323C\344\327\264{\312-\017:\006{\177\344N\002\326bO\260\220\006\033\362\345\005U\221DzJ0\001\301\025%1L\307\t\261\262z\374\222T\301\274V\236\223\262\270Ct\362\337b\356\024*\324\320\351\317\002k\336\234\027v\351\217\260\303\360\233ZPZWr\246$w\313\313\r\243r\232\2234\373\3539:N\004Q\245\272D\312D\300\300\t\323\0257\345e\271\na\215{\226\255x%T\257\037\333\004\344_/R\006E\344\037@\210\363\010\336T\226\247'\204_{\261\370""1\235\2445\343\033Y!\212\201\341\272\225'\007\252\010\220A\221\8\313\335b\274D\353]\316\0342u\240\304\036\360\225\243\221\276\2103^\006\226\276\013\003""; }; ","ledgerHash: ""J +\370\t^b\005\020\003\211\373\247|hC\271Nmk~J\270EU\274\036-\347\240\312F""; ledgerSeq: 26; type: liBASE; nodes {;   nodedata: ""\000\000\000\032\001cEx]\211\377\330\313\206R\331\304k\323u\263t\221\213yC\241\217A\242\027g\322\241'\212.E?B_\316\327\217\000\000\000\000\000\000\000\000\000\000\000\000\000\000\000\000\000\000\000\000\000\000\000\000\000\000\000\000\000\000\000\000\223\301\026\335Z\35344\325gW\034a\334\364\301\256\336\314\342\313\374\273\266\007\005t\277\200\275+\262/\351\252\374/\351\253\004\n\000""; }; nodes {;   nodedata: ""\323C\344\327\264{\312-\017:\006{\177\344N\002\326bO\260\220\006\033\362\345\005U\221DzJ0\001\301\025%1L\307\t\261\262z\374\222T\301\274V\236\223\262\270Ct\362\337b\356\024*\324\320\351\317\002k\336\234\027v\351\217\260\303\360\233ZPZWr\246$w\313\313\r\243r\232\2234\373\3539:N\004Q\245\272D\312D\300\300\t\323\0257\345e\271\na\215{\226\255x%T\257\037\333\004\344_/R\006E\344\037@\210\363\010\336T\226\247'\204_{\261\370""1\235\2445\343\033Y!\212\201\341\272\225'\007\252\010\220A\221\8\313\335b\274D\353]\316\0342u\240\304\036\360\225\243\221\276\2103^\006\226\276\013\003""; }; "
1750527618606,1750527618606,0,1,4,3,TMStatusChange,"newEvent: neACCEPTED_LEDGER; ledgerSeq: 26; ledgerHash: ""J +\370\t^b\005\020\003\211\373\247|hC\271Nmk~J\270EU\274\036-\347\240\312F""; ledgerHashPrevious: ""\313\206R\331\304k\323u\263t\221\213yC\241\217A\242\027g\322\241'\212.E?B_\316\327\217""; networkTime: 803842818; firstSeq: 1; lastSeq: 25; ","newEvent: neACCEPTED_LEDGER; ledgerSeq: 26; ledgerHash: ""J +\370\t^b\005\020\003\211\373\247|hC\271Nmk~J\270EU\274\036-\347\240\312F""; ledgerHashPrevious: ""\313\206R\331\304k\323u\263t\221\213yC\241\217A\242\027g\322\241'\212.E?B_\316\327\217""; networkTime: 803842818; firstSeq: 1; lastSeq: 25; "
1750527618606,1750527618607,0,1,4,1,TMStatusChange,"newEvent: neACCEPTED_LEDGER; ledgerSeq: 26; ledgerHash: ""J +\370\t^b\005\020\003\211\373\247|hC\271Nmk~J\270EU\274\036-\347\240\312F""; ledgerHashPrevious: ""\313\206R\331\304k\323u\263t\221\213yC\241\217A\242\027g\322\241'\212.E?B_\316\327\217""; networkTime: 803842818; firstSeq: 1; lastSeq: 25; ","newEvent: neACCEPTED_LEDGER; ledgerSeq: 26; ledgerHash: ""J +\370\t^b\005\020\003\211\373\247|hC\271Nmk~J\270EU\274\036-\347\240\312F""; ledgerHashPrevious: ""\313\206R\331\304k\323u\263t\221\213yC\241\217A\242\027g\322\241'\212.E?B_\316\327\217""; networkTime: 803842818; firstSeq: 1; lastSeq: 25; "
1750527618607,1750527618607,0,1,4,2,TMStatusChange,"newEvent: neACCEPTED_LEDGER; ledgerSeq: 26; ledgerHash: ""J +\370\t^b\005\020\003\211\373\247|hC\271Nmk~J\270EU\274\036-\347\240\312F""; ledgerHashPrevious: ""\313\206R\331\304k\323u\263t\221\213yC\241\217A\242\027g\322\241'\212.E?B_\316\327\217""; networkTime: 803842818; firstSeq: 1; lastSeq: 25; ","newEvent: neACCEPTED_LEDGER; ledgerSeq: 26; ledgerHash: ""J +\370\t^b\005\020\003\211\373\247|hC\271Nmk~J\270EU\274\036-\347\240\312F""; ledgerHashPrevious: ""\313\206R\331\304k\323u\263t\221\213yC\241\217A\242\027g\322\241'\212.E?B_\316\327\217""; networkTime: 803842818; firstSeq: 1; lastSeq: 25; "
1750527618607,1750527618607,0,1,4,0,TMStatusChange,"newEvent: neACCEPTED_LEDGER; ledgerSeq: 26; ledgerHash: ""J +\370\t^b\005\020\003\211\373\247|hC\271Nmk~J\270EU\274\036-\347\240\312F""; ledgerHashPrevious: ""\313\206R\331\304k\323u\263t\221\213yC\241\217A\242\027g\322\241'\212.E?B_\316\327\217""; networkTime: 803842818; firstSeq: 1; lastSeq: 25; ","newEvent: neACCEPTED_LEDGER; ledgerSeq: 26; ledgerHash: ""J +\370\t^b\005\020\003\211\373\247|hC\271Nmk~J\270EU\274\036-\347\240\312F""; ledgerHashPrevious: ""\313\206R\331\304k\323u\263t\221\213yC\241\217A\242\027g\322\241'\212.E?B_\316\327\217""; networkTime: 803842818; firstSeq: 1; lastSeq: 25; "
1750527618650,1750527618650,0,1,4,2,TMValidation,"validation: """"\200\000\000\001&\000\000\000\032)/\351\253\002:\r\302\353\023?\373\240rQJ +\370\t^b\005\020\003\211\373\247|hC\271Nmk~J\270EU\274\036-\347\240\312FP\027\000\000\000\000\000\000\000\000\000\000\000\000\000\000\000\000\000\000\000\000\000\000\000\000\000\000\000\000\000\000\000\000P\031\313\206R\331\304k\323u\263t\221\213yC\241\217A\242\027g\322\241'\212.E?B_\316\327\217s!\003R7o\362bV\300hf\266\241;}\200^\374\240\203[:\342Q\225\221\027y\372\255\235\216\323~vG0E\002!\000\237\356\257\230\336\224\230\277\3533\223\036F\227n]\205\237A\224\362\321B\245\013\300Y2V\244>\330\002 x\246QzC\353x\230^\344\272i\332\377\254k*\365F\201\303\r\210\366'\3547y\317R\3134""; ","validation: """"\200\000\000\001&\000\000\000\032)/\351\253\002:\r\302\353\023?\373\240rQJ +\370\t^b\005\020\003\211\373\247|hC\271Nmk~J\270EU\274\036-\347\240\312FP\027\000\000\000\000\000\000\000\000\000\000\000\000\000\000\000\000\000\000\000\000\000\000\000\000\000\000\000\000\000\000\000\000P\031\313\206R\331\304k\323u\263t\221\213yC\241\217A\242\027g\322\241'\212.E?B_\316\327\217s!\003R7o\362bV\300hf\266\241;}\200^\374\240\203[:\342Q\225\221\027y\372\255\235\216\323~vG0E\002!\000\237\356\257\230\336\224\230\277\3533\223\036F\227n]\205\237A\224\362\321B\245\013\300Y2V\244>\330\002 x\246QzC\353x\230^\344\272i\332\377\254k*\365F\201\303\r\210\366'\3547y\317R\3134""; "
1750527618650,1750527618650,0,1,4,3,TMValidation,"validation: """"\200\000\000\001&\000\000\000\032)/\351\253\002:\r\302\353\023?\373\240rQJ +\370\t^b\005\020\003\211\373\247|hC\271Nmk~J\270EU\274\036-\347\240\312FP\027\000\000\000\000\000\000\000\000\000\000\000\000\000\000\000\000\000\000\000\000\000\000\000\000\000\000\000\000\000\000\000\000P\031\313\206R\331\304k\323u\263t\221\213yC\241\217A\242\027g\322\241'\212.E?B_\316\327\217s!\003R7o\362bV\300hf\266\241;}\200^\374\240\203[:\342Q\225\221\027y\372\255\235\216\323~vG0E\002!\000\237\356\257\230\336\224\230\277\3533\223\036F\227n]\205\237A\224\362\321B\245\013\300Y2V\244>\330\002 x\246QzC\353x\230^\344\272i\332\377\254k*\365F\201\303\r\210\366'\3547y\317R\3134""; ","validation: """"\200\000\000\001&\000\000\000\032)/\351\253\002:\r\302\353\023?\373\240rQJ +\370\t^b\005\020\003\211\373\247|hC\271Nmk~J\270EU\274\036-\347\240\312FP\027\000\000\000\000\000\000\000\000\000\000\000\000\000\000\000\000\000\000\000\000\000\000\000\000\000\000\000\000\000\000\000\000P\031\313\206R\331\304k\323u\263t\221\213yC\241\217A\242\027g\322\241'\212.E?B_\316\327\217s!\003R7o\362bV\300hf\266\241;}\200^\374\240\203[:\342Q\225\221\027y\372\255\235\216\323~vG0E\002!\000\237\356\257\230\336\224\230\277\3533\223\036F\227n]\205\237A\224\362\321B\245\013\300Y2V\244>\330\002 x\246QzC\353x\230^\344\272i\332\377\254k*\365F\201\303\r\210\366'\3547y\317R\3134""; "
1750527618651,1750527618651,0,1,4,0,TMValidation,"validation: """"\200\000\000\001&\000\000\000\032)/\351\253\002:\r\302\353\023?\373\240rQJ +\370\t^b\005\020\003\211\373\247|hC\271Nmk~J\270EU\274\036-\347\240\312FP\027\000\000\000\000\000\000\000\000\000\000\000\000\000\000\000\000\000\000\000\000\000\000\000\000\000\000\000\000\000\000\000\000P\031\313\206R\331\304k\323u\263t\221\213yC\241\217A\242\027g\322\241'\212.E?B_\316\327\217s!\003R7o\362bV\300hf\266\241;}\200^\374\240\203[:\342Q\225\221\027y\372\255\235\216\323~vG0E\002!\000\237\356\257\230\336\224\230\277\3533\223\036F\227n]\205\237A\224\362\321B\245\013\300Y2V\244>\330\002 x\246QzC\353x\230^\344\272i\332\377\254k*\365F\201\303\r\210\366'\3547y\317R\3134""; ","validation: """"\200\000\000\001&\000\000\000\032)/\351\253\002:\r\302\353\023?\373\240rQJ +\370\t^b\005\020\003\211\373\247|hC\271Nmk~J\270EU\274\036-\347\240\312FP\027\000\000\000\000\000\000\000\000\000\000\000\000\000\000\000\000\000\000\000\000\000\000\000\000\000\000\000\000\000\000\000\000P\031\313\206R\331\304k\323u\263t\221\213yC\241\217A\242\027g\322\241'\212.E?B_\316\327\217s!\003R7o\362bV\300hf\266\241;}\200^\374\240\203[:\342Q\225\221\027y\372\255\235\216\323~vG0E\002!\000\237\356\257\230\336\224\230\277\3533\223\036F\227n]\205\237A\224\362\321B\245\013\300Y2V\244>\330\002 x\246QzC\353x\230^\344\272i\332\377\254k*\365F\201\303\r\210\366'\3547y\317R\3134""; "
1750527618651,1750527618651,0,1,4,1,TMValidation,"validation: """"\200\000\000\001&\000\000\000\032)/\351\253\002:\r\302\353\023?\373\240rQJ +\370\t^b\005\020\003\211\373\247|hC\271Nmk~J\270EU\274\036-\347\240\312FP\027\000\000\000\000\000\000\000\000\000\000\000\000\000\000\000\000\000\000\000\000\000\000\000\000\000\000\000\000\000\000\000\000P\031\313\206R\331\304k\323u\263t\221\213yC\241\217A\242\027g\322\241'\212.E?B_\316\327\217s!\003R7o\362bV\300hf\266\241;}\200^\374\240\203[:\342Q\225\221\027y\372\255\235\216\323~vG0E\002!\000\237\356\257\230\336\224\230\277\3533\223\036F\227n]\205\237A\224\362\321B\245\013\300Y2V\244>\330\002 x\246QzC\353x\230^\344\272i\332\377\254k*\365F\201\303\r\210\366'\3547y\317R\3134""; ","validation: """"\200\000\000\001&\000\000\000\032)/\351\253\002:\r\302\353\023?\373\240rQJ +\370\t^b\005\020\003\211\373\247|hC\271Nmk~J\270EU\274\036-\347\240\312FP\027\000\000\000\000\000\000\000\000\000\000\000\000\000\000\000\000\000\000\000\000\000\000\000\000\000\000\000\000\000\000\000\000P\031\313\206R\331\304k\323u\263t\221\213yC\241\217A\242\027g\322\241'\212.E?B_\316\327\217s!\003R7o\362bV\300hf\266\241;}\200^\374\240\203[:\342Q\225\221\027y\372\255\235\216\323~vG0E\002!\000\237\356\257\230\336\224\230\277\3533\223\036F\227n]\205\237A\224\362\321B\245\013\300Y2V\244>\330\002 x\246QzC\353x\230^\344\272i\332\377\254k*\365F\201\303\r\210\366'\3547y\317R\3134""; "
1750527618652,1750527618652,0,1,3,2,TMValidation,"validation: """"\200\000\000\001&\000\000\000\032)/\351\253\002:\r\302\353\023?\373\240rQJ +\370\t^b\005\020\003\211\373\247|hC\271Nmk~J\270EU\274\036-\347\240\312FP\027\000\000\000\000\000\000\000\000\000\000\000\000\000\000\000\000\000\000\000\000\000\000\000\000\000\000\000\000\000\000\000\000P\031\313\206R\331\304k\323u\263t\221\213yC\241\217A\242\027g\322\241'\212.E?B_\316\327\217s!\003R7o\362bV\300hf\266\241;}\200^\374\240\203[:\342Q\225\221\027y\372\255\235\216\323~vG0E\002!\000\237\356\257\230\336\224\230\277\3533\223\036F\227n]\205\237A\224\362\321B\245\013\300Y2V\244>\330\002 x\246QzC\353x\230^\344\272i\332\377\254k*\365F\201\303\r\210\366'\3547y\317R\3134""; ","validation: """"\200\000\000\001&\000\000\000\032)/\351\253\002:\r\302\353\023?\373\240rQJ +\370\t^b\005\020\003\211\373\247|hC\271Nmk~J\270EU\274\036-\347\240\312FP\027\000\000\000\000\000\000\000\000\000\000\000\000\000\000\000\000\000\000\000\000\000\000\000\000\000\000\000\000\000\000\000\000P\031\313\206R\331\304k\323u\263t\221\213yC\241\217A\242\027g\322\241'\212.E?B_\316\327\217s!\003R7o\362bV\300hf\266\241;}\200^\374\240\203[:\342Q\225\221\027y\372\255\235\216\323~vG0E\002!\000\237\356\257\230\336\224\230\277\3533\223\036F\227n]\205\237A\224\362\321B\245\013\300Y2V\244>\330\002 x\246QzC\353x\230^\344\272i\332\377\254k*\365F\201\303\r\210\366'\3547y\317R\3134""; "
1750527618654,1750527618654,0,1,3,1,TMValidation,"validation: """"\200\000\000\001&\000\000\000\032)/\351\253\002:\r\302\353\023?\373\240rQJ +\370\t^b\005\020\003\211\373\247|hC\271Nmk~J\270EU\274\036-\347\240\312FP\027\000\000\000\000\000\000\000\000\000\000\000\000\000\000\000\000\000\000\000\000\000\000\000\000\000\000\000\000\000\000\000\000P\031\313\206R\331\304k\323u\263t\221\213yC\241\217A\242\027g\322\241'\212.E?B_\316\327\217s!\003R7o\362bV\300hf\266\241;}\200^\374\240\203[:\342Q\225\221\027y\372\255\235\216\323~vG0E\002!\000\237\356\257\230\336\224\230\277\3533\223\036F\227n]\205\237A\224\362\321B\245\013\300Y2V\244>\330\002 x\246QzC\353x\230^\344\272i\332\377\254k*\365F\201\303\r\210\366'\3547y\317R\3134""; ","validation: """"\200\000\000\001&\000\000\000\032)/\351\253\002:\r\302\353\023?\373\240rQJ +\370\t^b\005\020\003\211\373\247|hC\271Nmk~J\270EU\274\036-\347\240\312FP\027\000\000\000\000\000\000\000\000\000\000\000\000\000\000\000\000\000\000\000\000\000\000\000\000\000\000\000\000\000\000\000\000P\031\313\206R\331\304k\323u\263t\221\213yC\241\217A\242\027g\322\241'\212.E?B_\316\327\217s!\003R7o\362bV\300hf\266\241;}\200^\374\240\203[:\342Q\225\221\027y\372\255\235\216\323~vG0E\002!\000\237\356\257\230\336\224\230\277\3533\223\036F\227n]\205\237A\224\362\321B\245\013\300Y2V\244>\330\002 x\246QzC\353x\230^\344\272i\332\377\254k*\365F\201\303\r\210\366'\3547y\317R\3134""; "
1750527618653,1750527618653,0,1,3,0,TMValidation,"validation: """"\200\000\000\001&\000\000\000\032)/\351\253\002:\r\302\353\023?\373\240rQJ +\370\t^b\005\020\003\211\373\247|hC\271Nmk~J\270EU\274\036-\347\240\312FP\027\000\000\000\000\000\000\000\000\000\000\000\000\000\000\000\000\000\000\000\000\000\000\000\000\000\000\000\000\000\000\000\000P\031\313\206R\331\304k\323u\263t\221\213yC\241\217A\242\027g\322\241'\212.E?B_\316\327\217s!\003R7o\362bV\300hf\266\241;}\200^\374\240\203[:\342Q\225\221\027y\372\255\235\216\323~vG0E\002!\000\237\356\257\230\336\224\230\277\3533\223\036F\227n]\205\237A\224\362\321B\245\013\300Y2V\244>\330\002 x\246QzC\353x\230^\344\272i\332\377\254k*\365F\201\303\r\210\366'\3547y\317R\3134""; ","validation: """"\200\000\000\001&\000\000\000\032)/\351\253\002:\r\302\353\023?\373\240rQJ +\370\t^b\005\020\003\211\373\247|hC\271Nmk~J\270EU\274\036-\347\240\312FP\027\000\000\000\000\000\000\000\000\000\000\000\000\000\000\000\000\000\000\000\000\000\000\000\000\000\000\000\000\000\000\000\000P\031\313\206R\331\304k\323u\263t\221\213yC\241\217A\242\027g\322\241'\212.E?B_\316\327\217s!\003R7o\362bV\300hf\266\241;}\200^\374\240\203[:\342Q\225\221\027y\372\255\235\216\323~vG0E\002!\000\237\356\257\230\336\224\230\277\3533\223\036F\227n]\205\237A\224\362\321B\245\013\300Y2V\244>\330\002 x\246QzC\353x\230^\344\272i\332\377\254k*\365F\201\303\r\210\366'\3547y\317R\3134""; "
1750527618654,1750527618654,0,1,2,3,TMValidation,"validation: """"\200\000\000\001&\000\000\000\032)/\351\253\002:\r\302\353\023?\373\240rQJ +\370\t^b\005\020\003\211\373\247|hC\271Nmk~J\270EU\274\036-\347\240\312FP\027\000\000\000\000\000\000\000\000\000\000\000\000\000\000\000\000\000\000\000\000\000\000\000\000\000\000\000\000\000\000\000\000P\031\313\206R\331\304k\323u\263t\221\213yC\241\217A\242\027g\322\241'\212.E?B_\316\327\217s!\003R7o\362bV\300hf\266\241;}\200^\374\240\203[:\342Q\225\221\027y\372\255\235\216\323~vG0E\002!\000\237\356\257\230\336\224\230\277\3533\223\036F\227n]\205\237A\224\362\321B\245\013\300Y2V\244>\330\002 x\246QzC\353x\230^\344\272i\332\377\254k*\365F\201\303\r\210\366'\3547y\317R\3134""; ","validation: """"\200\000\000\001&\000\000\000\032)/\351\253\002:\r\302\353\023?\373\240rQJ +\370\t^b\005\020\003\211\373\247|hC\271Nmk~J\270EU\274\036-\347\240\312FP\027\000\000\000\000\000\000\000\000\000\000\000\000\000\000\000\000\000\000\000\000\000\000\000\000\000\000\000\000\000\000\000\000P\031\313\206R\331\304k\323u\263t\221\213yC\241\217A\242\027g\322\241'\212.E?B_\316\327\217s!\003R7o\362bV\300hf\266\241;}\200^\374\240\203[:\342Q\225\221\027y\372\255\235\216\323~vG0E\002!\000\237\356\257\230\336\224\230\277\3533\223\036F\227n]\205\237A\224\362\321B\245\013\300Y2V\244>\330\002 x\246QzC\353x\230^\344\272i\332\377\254k*\365F\201\303\r\210\366'\3547y\317R\3134""; "
1750527618653,1750527618653,0,1,2,1,TMValidation,"validation: """"\200\000\000\001&\000\000\000\032)/\351\253\002:\r\302\353\023?\373\240rQJ +\370\t^b\005\020\003\211\373\247|hC\271Nmk~J\270EU\274\036-\347\240\312FP\027\000\000\000\000\000\000\000\000\000\000\000\000\000\000\000\000\000\000\000\000\000\000\000\000\000\000\000\000\000\000\000\000P\031\313\206R\331\304k\323u\263t\221\213yC\241\217A\242\027g\322\241'\212.E?B_\316\327\217s!\003R7o\362bV\300hf\266\241;}\200^\374\240\203[:\342Q\225\221\027y\372\255\235\216\323~vG0E\002!\000\237\356\257\230\336\224\230\277\3533\223\036F\227n]\205\237A\224\362\321B\245\013\300Y2V\244>\330\002 x\246QzC\353x\230^\344\272i\332\377\254k*\365F\201\303\r\210\366'\3547y\317R\3134""; ","validation: """"\200\000\000\001&\000\000\000\032)/\351\253\002:\r\302\353\023?\373\240rQJ +\370\t^b\005\020\003\211\373\247|hC\271Nmk~J\270EU\274\036-\347\240\312FP\027\000\000\000\000\000\000\000\000\000\000\000\000\000\000\000\000\000\000\000\000\000\000\000\000\000\000\000\000\000\000\000\000P\031\313\206R\331\304k\323u\263t\221\213yC\241\217A\242\027g\322\241'\212.E?B_\316\327\217s!\003R7o\362bV\300hf\266\241;}\200^\374\240\203[:\342Q\225\221\027y\372\255\235\216\323~vG0E\002!\000\237\356\257\230\336\224\230\277\3533\223\036F\227n]\205\237A\224\362\321B\245\013\300Y2V\244>\330\002 x\246QzC\353x\230^\344\272i\332\377\254k*\365F\201\303\r\210\366'\3547y\317R\3134""; "
1750527618655,1750527618655,0,1,2,0,TMValidation,"validation: """"\200\000\000\001&\000\000\000\032)/\351\253\002:\r\302\353\023?\373\240rQJ +\370\t^b\005\020\003\211\373\247|hC\271Nmk~J\270EU\274\036-\347\240\312FP\027\000\000\000\000\000\000\000\000\000\000\000\000\000\000\000\000\000\000\000\000\000\000\000\000\000\000\000\000\000\000\000\000P\031\313\206R\331\304k\323u\263t\221\213yC\241\217A\242\027g\322\241'\212.E?B_\316\327\217s!\003R7o\362bV\300hf\266\241;}\200^\374\240\203[:\342Q\225\221\027y\372\255\235\216\323~vG0E\002!\000\237\356\257\230\336\224\230\277\3533\223\036F\227n]\205\237A\224\362\321B\245\013\300Y2V\244>\330\002 x\246QzC\353x\230^\344\272i\332\377\254k*\365F\201\303\r\210\366'\3547y\317R\3134""; ","validation: """"\200\000\000\001&\000\000\000\032)/\351\253\002:\r\302\353\023?\373\240rQJ +\370\t^b\005\020\003\211\373\247|hC\271Nmk~J\270EU\274\036-\347\240\312FP\027\000\000\000\000\000\000\000\000\000\000\000\000\000\000\000\000\000\000\000\000\000\000\000\000\000\000\000\000\000\000\000\000P\031\313\206R\331\304k\323u\263t\221\213yC\241\217A\242\027g\322\241'\212.E?B_\316\327\217s!\003R7o\362bV\300hf\266\241;}\200^\374\240\203[:\342Q\225\221\027y\372\255\235\216\323~vG0E\002!\000\237\356\257\230\336\224\230\277\3533\223\036F\227n]\205\237A\224\362\321B\245\013\300Y2V\244>\330\002 x\246QzC\353x\230^\344\272i\332\377\254k*\365F\201\303\r\210\366'\3547y\317R\3134""; "
1750527618655,1750527618655,0,1,0,3,TMValidation,"validation: """"\200\000\000\001&\000\000\000\032)/\351\253\002:\r\302\353\023?\373\240rQJ +\370\t^b\005\020\003\211\373\247|hC\271Nmk~J\270EU\274\036-\347\240\312FP\027\000\000\000\000\000\000\000\000\000\000\000\000\000\000\000\000\000\000\000\000\000\000\000\000\000\000\000\000\000\000\000\000P\031\313\206R\331\304k\323u\263t\221\213yC\241\217A\242\027g\322\241'\212.E?B_\316\327\217s!\003R7o\362bV\300hf\266\241;}\200^\374\240\203[:\342Q\225\221\027y\372\255\235\216\323~vG0E\002!\000\237\356\257\230\336\224\230\277\3533\223\036F\227n]\205\237A\224\362\321B\245\013\300Y2V\244>\330\002 x\246QzC\353x\230^\344\272i\332\377\254k*\365F\201\303\r\210\366'\3547y\317R\3134""; ","validation: """"\200\000\000\001&\000\000\000\032)/\351\253\002:\r\302\353\023?\373\240rQJ +\370\t^b\005\020\003\211\373\247|hC\271Nmk~J\270EU\274\036-\347\240\312FP\027\000\000\000\000\000\000\000\000\000\000\000\000\000\000\000\000\000\000\000\000\000\000\000\000\000\000\000\000\000\000\000\000P\031\313\206R\331\304k\323u\263t\221\213yC\241\217A\242\027g\322\241'\212.E?B_\316\327\217s!\003R7o\362bV\300hf\266\241;}\200^\374\240\203[:\342Q\225\221\027y\372\255\235\216\323~vG0E\002!\000\237\356\257\230\336\224\230\277\3533\223\036F\227n]\205\237A\224\362\321B\245\013\300Y2V\244>\330\002 x\246QzC\353x\230^\344\272i\332\377\254k*\365F\201\303\r\210\366'\3547y\317R\3134""; "
1750527618655,1750527618655,0,1,0,1,TMValidation,"validation: """"\200\000\000\001&\000\000\000\032)/\351\253\002:\r\302\353\023?\373\240rQJ +\370\t^b\005\020\003\211\373\247|hC\271Nmk~J\270EU\274\036-\347\240\312FP\027\000\000\000\000\000\000\000\000\000\000\000\000\000\000\000\000\000\000\000\000\000\000\000\000\000\000\000\000\000\000\000\000P\031\313\206R\331\304k\323u\263t\221\213yC\241\217A\242\027g\322\241'\212.E?B_\316\327\217s!\003R7o\362bV\300hf\266\241;}\200^\374\240\203[:\342Q\225\221\027y\372\255\235\216\323~vG0E\002!\000\237\356\257\230\336\224\230\277\3533\223\036F\227n]\205\237A\224\362\321B\245\013\300Y2V\244>\330\002 x\246QzC\353x\230^\344\272i\332\377\254k*\365F\201\303\r\210\366'\3547y\317R\3134""; ","validation: """"\200\000\000\001&\000\000\000\032)/\351\253\002:\r\302\353\023?\373\240rQJ +\370\t^b\005\020\003\211\373\247|hC\271Nmk~J\270EU\274\036-\347\240\312FP\027\000\000\000\000\000\000\000\000\000\000\000\000\000\000\000\000\000\000\000\000\000\000\000\000\000\000\000\000\000\000\000\000P\031\313\206R\331\304k\323u\263t\221\213yC\241\217A\242\027g\322\241'\212.E?B_\316\327\217s!\003R7o\362bV\300hf\266\241;}\200^\374\240\203[:\342Q\225\221\027y\372\255\235\216\323~vG0E\002!\000\237\356\257\230\336\224\230\277\3533\223\036F\227n]\205\237A\224\362\321B\245\013\300Y2V\244>\330\002 x\246QzC\353x\230^\344\272i\332\377\254k*\365F\201\303\r\210\366'\3547y\317R\3134""; "
1750527618656,1750527618656,0,1,0,2,TMValidation,"validation: """"\200\000\000\001&\000\000\000\032)/\351\253\002:\r\302\353\023?\373\240rQJ +\370\t^b\005\020\003\211\373\247|hC\271Nmk~J\270EU\274\036-\347\240\312FP\027\000\000\000\000\000\000\000\000\000\000\000\000\000\000\000\000\000\000\000\000\000\000\000\000\000\000\000\000\000\000\000\000P\031\313\206R\331\304k\323u\263t\221\213yC\241\217A\242\027g\322\241'\212.E?B_\316\327\217s!\003R7o\362bV\300hf\266\241;}\200^\374\240\203[:\342Q\225\221\027y\372\255\235\216\323~vG0E\002!\000\237\356\257\230\336\224\230\277\3533\223\036F\227n]\205\237A\224\362\321B\245\013\300Y2V\244>\330\002 x\246QzC\353x\230^\344\272i\332\377\254k*\365F\201\303\r\210\366'\3547y\317R\3134""; ","validation: """"\200\000\000\001&\000\000\000\032)/\351\253\002:\r\302\353\023?\373\240rQJ +\370\t^b\005\020\003\211\373\247|hC\271Nmk~J\270EU\274\036-\347\240\312FP\027\000\000\000\000\000\000\000\000\000\000\000\000\000\000\000\000\000\000\000\000\000\000\000\000\000\000\000\000\000\000\000\000P\031\313\206R\331\304k\323u\263t\221\213yC\241\217A\242\027g\322\241'\212.E?B_\316\327\217s!\003R7o\362bV\300hf\266\241;}\200^\374\240\203[:\342Q\225\221\027y\372\255\235\216\323~vG0E\002!\000\237\356\257\230\336\224\230\277\3533\223\036F\227n]\205\237A\224\362\321B\245\013\300Y2V\244>\330\002 x\246QzC\353x\230^\344\272i\332\377\254k*\365F\201\303\r\210\366'\3547y\317R\3134""; "
1750527618656,1750527618656,0,1,1,0,TMValidation,"validation: """"\200\000\000\001&\000\000\000\032)/\351\253\002:\r\302\353\023?\373\240rQJ +\370\t^b\005\020\003\211\373\247|hC\271Nmk~J\270EU\274\036-\347\240\312FP\027\000\000\000\000\000\000\000\000\000\000\000\000\000\000\000\000\000\000\000\000\000\000\000\000\000\000\000\000\000\000\000\000P\031\313\206R\331\304k\323u\263t\221\213yC\241\217A\242\027g\322\241'\212.E?B_\316\327\217s!\003R7o\362bV\300hf\266\241;}\200^\374\240\203[:\342Q\225\221\027y\372\255\235\216\323~vG0E\002!\000\237\356\257\230\336\224\230\277\3533\223\036F\227n]\205\237A\224\362\321B\245\013\300Y2V\244>\330\002 x\246QzC\353x\230^\344\272i\332\377\254k*\365F\201\303\r\210\366'\3547y\317R\3134""; ","validation: """"\200\000\000\001&\000\000\000\032)/\351\253\002:\r\302\353\023?\373\240rQJ +\370\t^b\005\020\003\211\373\247|hC\271Nmk~J\270EU\274\036-\347\240\312FP\027\000\000\000\000\000\000\000\000\000\000\000\000\000\000\000\000\000\000\000\000\000\000\000\000\000\000\000\000\000\000\000\000P\031\313\206R\331\304k\323u\263t\221\213yC\241\217A\242\027g\322\241'\212.E?B_\316\327\217s!\003R7o\362bV\300hf\266\241;}\200^\374\240\203[:\342Q\225\221\027y\372\255\235\216\323~vG0E\002!\000\237\356\257\230\336\224\230\277\3533\223\036F\227n]\205\237A\224\362\321B\245\013\300Y2V\244>\330\002 x\246QzC\353x\230^\344\272i\332\377\254k*\365F\201\303\r\210\366'\3547y\317R\3134""; "
1750527618657,1750527618657,0,1,1,2,TMValidation,"validation: """"\200\000\000\001&\000\000\000\032)/\351\253\002:\r\302\353\023?\373\240rQJ +\370\t^b\005\020\003\211\373\247|hC\271Nmk~J\270EU\274\036-\347\240\312FP\027\000\000\000\000\000\000\000\000\000\000\000\000\000\000\000\000\000\000\000\000\000\000\000\000\000\000\000\000\000\000\000\000P\031\313\206R\331\304k\323u\263t\221\213yC\241\217A\242\027g\322\241'\212.E?B_\316\327\217s!\003R7o\362bV\300hf\266\241;}\200^\374\240\203[:\342Q\225\221\027y\372\255\235\216\323~vG0E\002!\000\237\356\257\230\336\224\230\277\3533\223\036F\227n]\205\237A\224\362\321B\245\013\300Y2V\244>\330\002 x\246QzC\353x\230^\344\272i\332\377\254k*\365F\201\303\r\210\366'\3547y\317R\3134""; ","validation: """"\200\000\000\001&\000\000\000\032)/\351\253\002:\r\302\353\023?\373\240rQJ +\370\t^b\005\020\003\211\373\247|hC\271Nmk~J\270EU\274\036-\347\240\312FP\027\000\000\000\000\000\000\000\000\000\000\000\000\000\000\000\000\000\000\000\000\000\000\000\000\000\000\000\000\000\000\000\000P\031\313\206R\331\304k\323u\263t\221\213yC\241\217A\242\027g\322\241'\212.E?B_\316\327\217s!\003R7o\362bV\300hf\266\241;}\200^\374\240\203[:\342Q\225\221\027y\372\255\235\216\323~vG0E\002!\000\237\356\257\230\336\224\230\277\3533\223\036F\227n]\205\237A\224\362\321B\245\013\300Y2V\244>\330\002 x\246QzC\353x\230^\344\272i\332\377\254k*\365F\201\303\r\210\366'\3547y\317R\3134""; "
1750527618657,1750527618657,0,1,1,3,TMValidation,"validation: """"\200\000\000\001&\000\000\000\032)/\351\253\002:\r\302\353\023?\373\240rQJ +\370\t^b\005\020\003\211\373\247|hC\271Nmk~J\270EU\274\036-\347\240\312FP\027\000\000\000\000\000\000\000\000\000\000\000\000\000\000\000\000\000\000\000\000\000\000\000\000\000\000\000\000\000\000\000\000P\031\313\206R\331\304k\323u\263t\221\213yC\241\217A\242\027g\322\241'\212.E?B_\316\327\217s!\003R7o\362bV\300hf\266\241;}\200^\374\240\203[:\342Q\225\221\027y\372\255\235\216\323~vG0E\002!\000\237\356\257\230\336\224\230\277\3533\223\036F\227n]\205\237A\224\362\321B\245\013\300Y2V\244>\330\002 x\246QzC\353x\230^\344\272i\332\377\254k*\365F\201\303\r\210\366'\3547y\317R\3134""; ","validation: """"\200\000\000\001&\000\000\000\032)/\351\253\002:\r\302\353\023?\373\240rQJ +\370\t^b\005\020\003\211\373\247|hC\271Nmk~J\270EU\274\036-\347\240\312FP\027\000\000\000\000\000\000\000\000\000\000\000\000\000\000\000\000\000\000\000\000\000\000\000\000\000\000\000\000\000\000\000\000P\031\313\206R\331\304k\323u\263t\221\213yC\241\217A\242\027g\322\241'\212.E?B_\316\327\217s!\003R7o\362bV\300hf\266\241;}\200^\374\240\203[:\342Q\225\221\027y\372\255\235\216\323~vG0E\002!\000\237\356\257\230\336\224\230\277\3533\223\036F\227n]\205\237A\224\362\321B\245\013\300Y2V\244>\330\002 x\246QzC\353x\230^\344\272i\332\377\254k*\365F\201\303\r\210\366'\3547y\317R\3134""; "
1750527619443,1750527619443,0,1,3,4,TMProposeSet,"proposeSeq: 0; currentTxHash: ""\000\000\000\000\000\000\000\000\000\000\000\000\000\000\000\000\000\000\000\000\000\000\000\000\000\000\000\000\000\000\000\000""; nodePubKey: ""\002\364d\217\366\217|\316F\232\231\241\n\261\333`\312O\367\235\025DD\336e\367\n\312\326\221\037\025\230""; closeTime: 803842819; signature: ""0E\002!\000\317l\315\022v\030y\277\024\225\243I6V\317ns\244\211\323\323\t\255@\020\362\224\317\010{\345\363\002 r\362\363\353l\263\013\212T]\310\261\220w\037\222?\321\366@\261~\375,\010\230\231{\221f\3162""; previousledger: ""J +\370\t^b\005\020\003\211\373\247|hC\271Nmk~J\270EU\274\036-\347\240\312F""; ","proposeSeq: 0; currentTxHash: ""\000\000\000\000\000\000\000\000\000\000\000\000\000\000\000\000\000\000\000\000\000\000\000\000\000\000\000\000\000\000\000\000""; nodePubKey: ""\002\364d\217\366\217|\316F\232\231\241\n\261\333`\312O\367\235\025DD\336e\367\n\312\326\221\037\025\230""; closeTime: 803842819; signature: ""0E\002!\000\317l\315\022v\030y\277\024\225\243I6V\317ns\244\211\323\323\t\255@\020\362\224\317\010{\345\363\002 r\362\363\353l\263\013\212T]\310\261\220w\037\222?\321\366@\261~\375,\010\230\231{\221f\3162""; previousledger: ""J +\370\t^b\005\020\003\211\373\247|hC\271Nmk~J\270EU\274\036-\347\240\312F""; "
1750527619446,1750527619446,0,1,4,2,TMProposeSet,"proposeSeq: 0; currentTxHash: ""\000\000\000\000\000\000\000\000\000\000\000\000\000\000\000\000\000\000\000\000\000\000\000\000\000\000\000\000\000\000\000\000""; nodePubKey: ""\002\364d\217\366\217|\316F\232\231\241\n\261\333`\312O\367\235\025DD\336e\367\n\312\326\221\037\025\230""; closeTime: 803842819; signature: ""0E\002!\000\317l\315\022v\030y\277\024\225\243I6V\317ns\244\211\323\323\t\255@\020\362\224\317\010{\345\363\002 r\362\363\353l\263\013\212T]\310\261\220w\037\222?\321\366@\261~\375,\010\230\231{\221f\3162""; previousledger: ""J +\370\t^b\005\020\003\211\373\247|hC\271Nmk~J\270EU\274\036-\347\240\312F""; ","proposeSeq: 0; currentTxHash: ""\000\000\000\000\000\000\000\000\000\000\000\000\000\000\000\000\000\000\000\000\000\000\000\000\000\000\000\000\000\000\000\000""; nodePubKey: ""\002\364d\217\366\217|\316F\232\231\241\n\261\333`\312O\367\235\025DD\336e\367\n\312\326\221\037\025\230""; closeTime: 803842819; signature: ""0E\002!\000\317l\315\022v\030y\277\024\225\243I6V\317ns\244\211\323\323\t\255@\020\362\224\317\010{\345\363\002 r\362\363\353l\263\013\212T]\310\261\220w\037\222?\321\366@\261~\375,\010\230\231{\221f\3162""; previousledger: ""J +\370\t^b\005\020\003\211\373\247|hC\271Nmk~J\270EU\274\036-\347\240\312F""; "
1750527619446,1750527619447,0,1,4,0,TMProposeSet,"proposeSeq: 0; currentTxHash: ""\000\000\000\000\000\000\000\000\000\000\000\000\000\000\000\000\000\000\000\000\000\000\000\000\000\000\000\000\000\000\000\000""; nodePubKey: ""\002\364d\217\366\217|\316F\232\231\241\n\261\333`\312O\367\235\025DD\336e\367\n\312\326\221\037\025\230""; closeTime: 803842819; signature: ""0E\002!\000\317l\315\022v\030y\277\024\225\243I6V\317ns\244\211\323\323\t\255@\020\362\224\317\010{\345\363\002 r\362\363\353l\263\013\212T]\310\261\220w\037\222?\321\366@\261~\375,\010\230\231{\221f\3162""; previousledger: ""J +\370\t^b\005\020\003\211\373\247|hC\271Nmk~J\270EU\274\036-\347\240\312F""; ","proposeSeq: 0; currentTxHash: ""\000\000\000\000\000\000\000\000\000\000\000\000\000\000\000\000\000\000\000\000\000\000\000\000\000\000\000\000\000\000\000\000""; nodePubKey: ""\002\364d\217\366\217|\316F\232\231\241\n\261\333`\312O\367\235\025DD\336e\367\n\312\326\221\037\025\230""; closeTime: 803842819; signature: ""0E\002!\000\317l\315\022v\030y\277\024\225\243I6V\317ns\244\211\323\323\t\255@\020\362\224\317\010{\345\363\002 r\362\363\353l\263\013\212T]\310\261\220w\037\222?\321\366@\261~\375,\010\230\231{\221f\3162""; previousledger: ""J +\370\t^b\005\020\003\211\373\247|hC\271Nmk~J\270EU\274\036-\347\240\312F""; "
1750527619447,1750527619447,0,1,4,1,TMProposeSet,"proposeSeq: 0; currentTxHash: ""\000\000\000\000\000\000\000\000\000\000\000\000\000\000\000\000\000\000\000\000\000\000\000\000\000\000\000\000\000\000\000\000""; nodePubKey: ""\002\364d\217\366\217|\316F\232\231\241\n\261\333`\312O\367\235\025DD\336e\367\n\312\326\221\037\025\230""; closeTime: 803842819; signature: ""0E\002!\000\317l\315\022v\030y\277\024\225\243I6V\317ns\244\211\323\323\t\255@\020\362\224\317\010{\345\363\002 r\362\363\353l\263\013\212T]\310\261\220w\037\222?\321\366@\261~\375,\010\230\231{\221f\3162""; previousledger: ""J +\370\t^b\005\020\003\211\373\247|hC\271Nmk~J\270EU\274\036-\347\240\312F""; ","proposeSeq: 0; currentTxHash: ""\000\000\000\000\000\000\000\000\000\000\000\000\000\000\000\000\000\000\000\000\000\000\000\000\000\000\000\000\000\000\000\000""; nodePubKey: ""\002\364d\217\366\217|\316F\232\231\241\n\261\333`\312O\367\235\025DD\336e\367\n\312\326\221\037\025\230""; closeTime: 803842819; signature: ""0E\002!\000\317l\315\022v\030y\277\024\225\243I6V\317ns\244\211\323\323\t\255@\020\362\224\317\010{\345\363\002 r\362\363\353l\263\013\212T]\310\261\220w\037\222?\321\366@\261~\375,\010\230\231{\221f\3162""; previousledger: ""J +\370\t^b\005\020\003\211\373\247|hC\271Nmk~J\270EU\274\036-\347\240\312F""; "
1750527619486,1750527619486,0,1,3,1,TMProposeSet,"proposeSeq: 0; currentTxHash: ""\000\000\000\000\000\000\000\000\000\000\000\000\000\000\000\000\000\000\000\000\000\000\000\000\000\000\000\000\000\000\000\000""; nodePubKey: ""\002\364d\217\366\217|\316F\232\231\241\n\261\333`\312O\367\235\025DD\336e\367\n\312\326\221\037\025\230""; closeTime: 803842819; signature: ""0E\002!\000\317l\315\022v\030y\277\024\225\243I6V\317ns\244\211\323\323\t\255@\020\362\224\317\010{\345\363\002 r\362\363\353l\263\013\212T]\310\261\220w\037\222?\321\366@\261~\375,\010\230\231{\221f\3162""; previousledger: ""J +\370\t^b\005\020\003\211\373\247|hC\271Nmk~J\270EU\274\036-\347\240\312F""; ","proposeSeq: 0; currentTxHash: ""\000\000\000\000\000\000\000\000\000\000\000\000\000\000\000\000\000\000\000\000\000\000\000\000\000\000\000\000\000\000\000\000""; nodePubKey: ""\002\364d\217\366\217|\316F\232\231\241\n\261\333`\312O\367\235\025DD\336e\367\n\312\326\221\037\025\230""; closeTime: 803842819; signature: ""0E\002!\000\317l\315\022v\030y\277\024\225\243I6V\317ns\244\211\323\323\t\255@\020\362\224\317\010{\345\363\002 r\362\363\353l\263\013\212T]\310\261\220w\037\222?\321\366@\261~\375,\010\230\231{\221f\3162""; previousledger: ""J +\370\t^b\005\020\003\211\373\247|hC\271Nmk~J\270EU\274\036-\347\240\312F""; "
1750527619486,1750527619486,0,1,3,0,TMProposeSet,"proposeSeq: 0; currentTxHash: ""\000\000\000\000\000\000\000\000\000\000\000\000\000\000\000\000\000\000\000\000\000\000\000\000\000\000\000\000\000\000\000\000""; nodePubKey: ""\002\364d\217\366\217|\316F\232\231\241\n\261\333`\312O\367\235\025DD\336e\367\n\312\326\221\037\025\230""; closeTime: 803842819; signature: ""0E\002!\000\317l\315\022v\030y\277\024\225\243I6V\317ns\244\211\323\323\t\255@\020\362\224\317\010{\345\363\002 r\362\363\353l\263\013\212T]\310\261\220w\037\222?\321\366@\261~\375,\010\230\231{\221f\3162""; previousledger: ""J +\370\t^b\005\020\003\211\373\247|hC\271Nmk~J\270EU\274\036-\347\240\312F""; ","proposeSeq: 0; currentTxHash: ""\000\000\000\000\000\000\000\000\000\000\000\000\000\000\000\000\000\000\000\000\000\000\000\000\000\000\000\000\000\000\000\000""; nodePubKey: ""\002\364d\217\366\217|\316F\232\231\241\n\261\333`\312O\367\235\025DD\336e\367\n\312\326\221\037\025\230""; closeTime: 803842819; signature: ""0E\002!\000\317l\315\022v\030y\277\024\225\243I6V\317ns\244\211\323\323\t\255@\020\362\224\317\010{\345\363\002 r\362\363\353l\263\013\212T]\310\261\220w\037\222?\321\366@\261~\375,\010\230\231{\221f\3162""; previousledger: ""J +\370\t^b\005\020\003\211\373\247|hC\271Nmk~J\270EU\274\036-\347\240\312F""; "
1750527619487,1750527619487,0,1,3,2,TMProposeSet,"proposeSeq: 0; currentTxHash: ""\000\000\000\000\000\000\000\000\000\000\000\000\000\000\000\000\000\000\000\000\000\000\000\000\000\000\000\000\000\000\000\000""; nodePubKey: ""\002\364d\217\366\217|\316F\232\231\241\n\261\333`\312O\367\235\025DD\336e\367\n\312\326\221\037\025\230""; closeTime: 803842819; signature: ""0E\002!\000\317l\315\022v\030y\277\024\225\243I6V\317ns\244\211\323\323\t\255@\020\362\224\317\010{\345\363\002 r\362\363\353l\263\013\212T]\310\261\220w\037\222?\321\366@\261~\375,\010\230\231{\221f\3162""; previousledger: ""J +\370\t^b\005\020\003\211\373\247|hC\271Nmk~J\270EU\274\036-\347\240\312F""; ","proposeSeq: 0; currentTxHash: ""\000\000\000\000\000\000\000\000\000\000\000\000\000\000\000\000\000\000\000\000\000\000\000\000\000\000\000\000\000\000\000\000""; nodePubKey: ""\002\364d\217\366\217|\316F\232\231\241\n\261\333`\312O\367\235\025DD\336e\367\n\312\326\221\037\025\230""; closeTime: 803842819; signature: ""0E\002!\000\317l\315\022v\030y\277\024\225\243I6V\317ns\244\211\323\323\t\255@\020\362\224\317\010{\345\363\002 r\362\363\353l\263\013\212T]\310\261\220w\037\222?\321\366@\261~\375,\010\230\231{\221f\3162""; previousledger: ""J +\370\t^b\005\020\003\211\373\247|hC\271Nmk~J\270EU\274\036-\347\240\312F""; "
1750527619442,1750527619517,0,1,3,2,TMStatusChange,"newEvent: neCLOSING_LEDGER; ledgerSeq: 26; ledgerHash: ""J +\370\t^b\005\020\003\211\373\247|hC\271Nmk~J\270EU\274\036-\347\240\312F""; ledgerHashPrevious: ""\313\206R\331\304k\323u\263t\221\213yC\241\217A\242\027g\322\241'\212.E?B_\316\327\217""; networkTime: 803842819; firstSeq: 1; lastSeq: 26; ","newEvent: neCLOSING_LEDGER; ledgerSeq: 26; ledgerHash: ""J +\370\t^b\005\020\003\211\373\247|hC\271Nmk~J\270EU\274\036-\347\240\312F""; ledgerHashPrevious: ""\313\206R\331\304k\323u\263t\221\213yC\241\217A\242\027g\322\241'\212.E?B_\316\327\217""; networkTime: 803842819; firstSeq: 1; lastSeq: 26; "
1750527619444,1750527619517,0,1,3,4,TMStatusChange,"newEvent: neCLOSING_LEDGER; ledgerSeq: 26; ledgerHash: ""J +\370\t^b\005\020\003\211\373\247|hC\271Nmk~J\270EU\274\036-\347\240\312F""; ledgerHashPrevious: ""\313\206R\331\304k\323u\263t\221\213yC\241\217A\242\027g\322\241'\212.E?B_\316\327\217""; networkTime: 803842819; firstSeq: 1; lastSeq: 26; ","newEvent: neCLOSING_LEDGER; ledgerSeq: 26; ledgerHash: ""J +\370\t^b\005\020\003\211\373\247|hC\271Nmk~J\270EU\274\036-\347\240\312F""; ledgerHashPrevious: ""\313\206R\331\304k\323u\263t\221\213yC\241\217A\242\027g\322\241'\212.E?B_\316\327\217""; networkTime: 803842819; firstSeq: 1; lastSeq: 26; "
1750527619445,1750527619518,0,1,3,0,TMStatusChange,"newEvent: neCLOSING_LEDGER; ledgerSeq: 26; ledgerHash: ""J +\370\t^b\005\020\003\211\373\247|hC\271Nmk~J\270EU\274\036-\347\240\312F""; ledgerHashPrevious: ""\313\206R\331\304k\323u\263t\221\213yC\241\217A\242\027g\322\241'\212.E?B_\316\327\217""; networkTime: 803842819; firstSeq: 1; lastSeq: 26; ","newEvent: neCLOSING_LEDGER; ledgerSeq: 26; ledgerHash: ""J +\370\t^b\005\020\003\211\373\247|hC\271Nmk~J\270EU\274\036-\347\240\312F""; ledgerHashPrevious: ""\313\206R\331\304k\323u\263t\221\213yC\241\217A\242\027g\322\241'\212.E?B_\316\327\217""; networkTime: 803842819; firstSeq: 1; lastSeq: 26; "
1750527619445,1750527619518,0,1,3,1,TMStatusChange,"newEvent: neCLOSING_LEDGER; ledgerSeq: 26; ledgerHash: ""J +\370\t^b\005\020\003\211\373\247|hC\271Nmk~J\270EU\274\036-\347\240\312F""; ledgerHashPrevious: ""\313\206R\331\304k\323u\263t\221\213yC\241\217A\242\027g\322\241'\212.E?B_\316\327\217""; networkTime: 803842819; firstSeq: 1; lastSeq: 26; ","newEvent: neCLOSING_LEDGER; ledgerSeq: 26; ledgerHash: ""J +\370\t^b\005\020\003\211\373\247|hC\271Nmk~J\270EU\274\036-\347\240\312F""; ledgerHashPrevious: ""\313\206R\331\304k\323u\263t\221\213yC\241\217A\242\027g\322\241'\212.E?B_\316\327\217""; networkTime: 803842819; firstSeq: 1; lastSeq: 26; "
1750527619607,1750527619607,0,1,4,3,TMProposeSet,"proposeSeq: 0; currentTxHash: ""\000\000\000\000\000\000\000\000\000\000\000\000\000\000\000\000\000\000\000\000\000\000\000\000\000\000\000\000\000\000\000\000""; nodePubKey: ""\003R7o\362bV\300hf\266\241;}\200^\374\240\203[:\342Q\225\221\027y\372\255\235\216\323~""; closeTime: 803842819; signature: ""0E\002!\000\326\034/3_!\037\330\321\231\3655\326\010\250\021\214E\216\034\333O\001\304\035\246\345,\357\017\304\312\002 1v.\267\325f\263\tx\301{\256\351\267Q1\332\326\306\352\002\324\246\220\210/\226\037\251s\320\364""; previousledger: ""J +\370\t^b\005\020\003\211\373\247|hC\271Nmk~J\270EU\274\036-\347\240\312F""; ","proposeSeq: 0; currentTxHash: ""\000\000\000\000\000\000\000\000\000\000\000\000\000\000\000\000\000\000\000\000\000\000\000\000\000\000\000\000\000\000\000\000""; nodePubKey: ""\003R7o\362bV\300hf\266\241;}\200^\374\240\203[:\342Q\225\221\027y\372\255\235\216\323~""; closeTime: 803842819; signature: ""0E\002!\000\326\034/3_!\037\330\321\231\3655\326\010\250\021\214E\216\034\333O\001\304\035\246\345,\357\017\304\312\002 1v.\267\325f\263\tx\301{\256\351\267Q1\332\326\306\352\002\324\246\220\210/\226\037\251s\320\364""; previousledger: ""J +\370\t^b\005\020\003\211\373\247|hC\271Nmk~J\270EU\274\036-\347\240\312F""; "
1750527619608,1750527619608,0,1,4,2,TMProposeSet,"proposeSeq: 0; currentTxHash: ""\000\000\000\000\000\000\000\000\000\000\000\000\000\000\000\000\000\000\000\000\000\000\000\000\000\000\000\000\000\000\000\000""; nodePubKey: ""\003R7o\362bV\300hf\266\241;}\200^\374\240\203[:\342Q\225\221\027y\372\255\235\216\323~""; closeTime: 803842819; signature: ""0E\002!\000\326\034/3_!\037\330\321\231\3655\326\010\250\021\214E\216\034\333O\001\304\035\246\345,\357\017\304\312\002 1v.\267\325f\263\tx\301{\256\351\267Q1\332\326\306\352\002\324\246\220\210/\226\037\251s\320\364""; previousledger: ""J +\370\t^b\005\020\003\211\373\247|hC\271Nmk~J\270EU\274\036-\347\240\312F""; ","proposeSeq: 0; currentTxHash: ""\000\000\000\000\000\000\000\000\000\000\000\000\000\000\000\000\000\000\000\000\000\000\000\000\000\000\000\000\000\000\000\000""; nodePubKey: ""\003R7o\362bV\300hf\266\241;}\200^\374\240\203[:\342Q\225\221\027y\372\255\235\216\323~""; closeTime: 803842819; signature: ""0E\002!\000\326\034/3_!\037\330\321\231\3655\326\010\250\021\214E\216\034\333O\001\304\035\246\345,\357\017\304\312\002 1v.\267\325f\263\tx\301{\256\351\267Q1\332\326\306\352\002\324\246\220\210/\226\037\251s\320\364""; previousledger: ""J +\370\t^b\005\020\003\211\373\247|hC\271Nmk~J\270EU\274\036-\347\240\312F""; "
1750527619610,1750527619610,0,1,4,0,TMProposeSet,"proposeSeq: 0; currentTxHash: ""\000\000\000\000\000\000\000\000\000\000\000\000\000\000\000\000\000\000\000\000\000\000\000\000\000\000\000\000\000\000\000\000""; nodePubKey: ""\003R7o\362bV\300hf\266\241;}\200^\374\240\203[:\342Q\225\221\027y\372\255\235\216\323~""; closeTime: 803842819; signature: ""0E\002!\000\326\034/3_!\037\330\321\231\3655\326\010\250\021\214E\216\034\333O\001\304\035\246\345,\357\017\304\312\002 1v.\267\325f\263\tx\301{\256\351\267Q1\332\326\306\352\002\324\246\220\210/\226\037\251s\320\364""; previousledger: ""J +\370\t^b\005\020\003\211\373\247|hC\271Nmk~J\270EU\274\036-\347\240\312F""; ","proposeSeq: 0; currentTxHash: ""\000\000\000\000\000\000\000\000\000\000\000\000\000\000\000\000\000\000\000\000\000\000\000\000\000\000\000\000\000\000\000\000""; nodePubKey: ""\003R7o\362bV\300hf\266\241;}\200^\374\240\203[:\342Q\225\221\027y\372\255\235\216\323~""; closeTime: 803842819; signature: ""0E\002!\000\326\034/3_!\037\330\321\231\3655\326\010\250\021\214E\216\034\333O\001\304\035\246\345,\357\017\304\312\002 1v.\267\325f\263\tx\301{\256\351\267Q1\332\326\306\352\002\324\246\220\210/\226\037\251s\320\364""; previousledger: ""J +\370\t^b\005\020\003\211\373\247|hC\271Nmk~J\270EU\274\036-\347\240\312F""; "
1750527619609,1750527619609,0,1,4,1,TMProposeSet,"proposeSeq: 0; currentTxHash: ""\000\000\000\000\000\000\000\000\000\000\000\000\000\000\000\000\000\000\000\000\000\000\000\000\000\000\000\000\000\000\000\000""; nodePubKey: ""\003R7o\362bV\300hf\266\241;}\200^\374\240\203[:\342Q\225\221\027y\372\255\235\216\323~""; closeTime: 803842819; signature: ""0E\002!\000\326\034/3_!\037\330\321\231\3655\326\010\250\021\214E\216\034\333O\001\304\035\246\345,\357\017\304\312\002 1v.\267\325f\263\tx\301{\256\351\267Q1\332\326\306\352\002\324\246\220\210/\226\037\251s\320\364""; previousledger: ""J +\370\t^b\005\020\003\211\373\247|hC\271Nmk~J\270EU\274\036-\347\240\312F""; ","proposeSeq: 0; currentTxHash: ""\000\000\000\000\000\000\000\000\000\000\000\000\000\000\000\000\000\000\000\000\000\000\000\000\000\000\000\000\000\000\000\000""; nodePubKey: ""\003R7o\362bV\300hf\266\241;}\200^\374\240\203[:\342Q\225\221\027y\372\255\235\216\323~""; closeTime: 803842819; signature: ""0E\002!\000\326\034/3_!\037\330\321\231\3655\326\010\250\021\214E\216\034\333O\001\304\035\246\345,\357\017\304\312\002 1v.\267\325f\263\tx\301{\256\351\267Q1\332\326\306\352\002\324\246\220\210/\226\037\251s\320\364""; previousledger: ""J +\370\t^b\005\020\003\211\373\247|hC\271Nmk~J\270EU\274\036-\347\240\312F""; "
1750527619611,1750527619611,0,1,3,1,TMProposeSet,"proposeSeq: 0; currentTxHash: ""\000\000\000\000\000\000\000\000\000\000\000\000\000\000\000\000\000\000\000\000\000\000\000\000\000\000\000\000\000\000\000\000""; nodePubKey: ""\003R7o\362bV\300hf\266\241;}\200^\374\240\203[:\342Q\225\221\027y\372\255\235\216\323~""; closeTime: 803842819; signature: ""0E\002!\000\326\034/3_!\037\330\321\231\3655\326\010\250\021\214E\216\034\333O\001\304\035\246\345,\357\017\304\312\002 1v.\267\325f\263\tx\301{\256\351\267Q1\332\326\306\352\002\324\246\220\210/\226\037\251s\320\364""; previousledger: ""J +\370\t^b\005\020\003\211\373\247|hC\271Nmk~J\270EU\274\036-\347\240\312F""; ","proposeSeq: 0; currentTxHash: ""\000\000\000\000\000\000\000\000\000\000\000\000\000\000\000\000\000\000\000\000\000\000\000\000\000\000\000\000\000\000\000\000""; nodePubKey: ""\003R7o\362bV\300hf\266\241;}\200^\374\240\203[:\342Q\225\221\027y\372\255\235\216\323~""; closeTime: 803842819; signature: ""0E\002!\000\326\034/3_!\037\330\321\231\3655\326\010\250\021\214E\216\034\333O\001\304\035\246\345,\357\017\304\312\002 1v.\267\325f\263\tx\301{\256\351\267Q1\332\326\306\352\002\324\246\220\210/\226\037\251s\320\364""; previousledger: ""J +\370\t^b\005\020\003\211\373\247|hC\271Nmk~J\270EU\274\036-\347\240\312F""; "
1750527619612,1750527619612,0,1,3,0,TMProposeSet,"proposeSeq: 0; currentTxHash: ""\000\000\000\000\000\000\000\000\000\000\000\000\000\000\000\000\000\000\000\000\000\000\000\000\000\000\000\000\000\000\000\000""; nodePubKey: ""\003R7o\362bV\300hf\266\241;}\200^\374\240\203[:\342Q\225\221\027y\372\255\235\216\323~""; closeTime: 803842819; signature: ""0E\002!\000\326\034/3_!\037\330\321\231\3655\326\010\250\021\214E\216\034\333O\001\304\035\246\345,\357\017\304\312\002 1v.\267\325f\263\tx\301{\256\351\267Q1\332\326\306\352\002\324\246\220\210/\226\037\251s\320\364""; previousledger: ""J +\370\t^b\005\020\003\211\373\247|hC\271Nmk~J\270EU\274\036-\347\240\312F""; ","proposeSeq: 0; currentTxHash: ""\000\000\000\000\000\000\000\000\000\000\000\000\000\000\000\000\000\000\000\000\000\000\000\000\000\000\000\000\000\000\000\000""; nodePubKey: ""\003R7o\362bV\300hf\266\241;}\200^\374\240\203[:\342Q\225\221\027y\372\255\235\216\323~""; closeTime: 803842819; signature: ""0E\002!\000\326\034/3_!\037\330\321\231\3655\326\010\250\021\214E\216\034\333O\001\304\035\246\345,\357\017\304\312\002 1v.\267\325f\263\tx\301{\256\351\267Q1\332\326\306\352\002\324\246\220\210/\226\037\251s\320\364""; previousledger: ""J +\370\t^b\005\020\003\211\373\247|hC\271Nmk~J\270EU\274\036-\347\240\312F""; "
1750527619612,1750527619612,0,1,3,2,TMProposeSet,"proposeSeq: 0; currentTxHash: ""\000\000\000\000\000\000\000\000\000\000\000\000\000\000\000\000\000\000\000\000\000\000\000\000\000\000\000\000\000\000\000\000""; nodePubKey: ""\003R7o\362bV\300hf\266\241;}\200^\374\240\203[:\342Q\225\221\027y\372\255\235\216\323~""; closeTime: 803842819; signature: ""0E\002!\000\326\034/3_!\037\330\321\231\3655\326\010\250\021\214E\216\034\333O\001\304\035\246\345,\357\017\304\312\002 1v.\267\325f\263\tx\301{\256\351\267Q1\332\326\306\352\002\324\246\220\210/\226\037\251s\320\364""; previousledger: ""J +\370\t^b\005\020\003\211\373\247|hC\271Nmk~J\270EU\274\036-\347\240\312F""; ","proposeSeq: 0; currentTxHash: ""\000\000\000\000\000\000\000\000\000\000\000\000\000\000\000\000\000\000\000\000\000\000\000\000\000\000\000\000\000\000\000\000""; nodePubKey: ""\003R7o\362bV\300hf\266\241;}\200^\374\240\203[:\342Q\225\221\027y\372\255\235\216\323~""; closeTime: 803842819; signature: ""0E\002!\000\326\034/3_!\037\330\321\231\3655\326\010\250\021\214E\216\034\333O\001\304\035\246\345,\357\017\304\312\002 1v.\267\325f\263\tx\301{\256\351\267Q1\332\326\306\352\002\324\246\220\210/\226\037\251s\320\364""; previousledger: ""J +\370\t^b\005\020\003\211\373\247|hC\271Nmk~J\270EU\274\036-\347\240\312F""; "
1750527619606,1750527619681,0,1,4,3,TMStatusChange,"newEvent: neCLOSING_LEDGER; ledgerSeq: 26; ledgerHash: ""J +\370\t^b\005\020\003\211\373\247|hC\271Nmk~J\270EU\274\036-\347\240\312F""; ledgerHashPrevious: ""\313\206R\331\304k\323u\263t\221\213yC\241\217A\242\027g\322\241'\212.E?B_\316\327\217""; networkTime: 803842819; firstSeq: 1; lastSeq: 26; ","newEvent: neCLOSING_LEDGER; ledgerSeq: 26; ledgerHash: ""J +\370\t^b\005\020\003\211\373\247|hC\271Nmk~J\270EU\274\036-\347\240\312F""; ledgerHashPrevious: ""\313\206R\331\304k\323u\263t\221\213yC\241\217A\242\027g\322\241'\212.E?B_\316\327\217""; networkTime: 803842819; firstSeq: 1; lastSeq: 26; "
1750527619608,1750527619681,0,1,4,0,TMStatusChange,"newEvent: neCLOSING_LEDGER; ledgerSeq: 26; ledgerHash: ""J +\370\t^b\005\020\003\211\373\247|hC\271Nmk~J\270EU\274\036-\347\240\312F""; ledgerHashPrevious: ""\313\206R\331\304k\323u\263t\221\213yC\241\217A\242\027g\322\241'\212.E?B_\316\327\217""; networkTime: 803842819; firstSeq: 1; lastSeq: 26; ","newEvent: neCLOSING_LEDGER; ledgerSeq: 26; ledgerHash: ""J +\370\t^b\005\020\003\211\373\247|hC\271Nmk~J\270EU\274\036-\347\240\312F""; ledgerHashPrevious: ""\313\206R\331\304k\323u\263t\221\213yC\241\217A\242\027g\322\241'\212.E?B_\316\327\217""; networkTime: 803842819; firstSeq: 1; lastSeq: 26; "
1750527619609,1750527619681,0,1,4,2,TMStatusChange,"newEvent: neCLOSING_LEDGER; ledgerSeq: 26; ledgerHash: ""J +\370\t^b\005\020\003\211\373\247|hC\271Nmk~J\270EU\274\036-\347\240\312F""; ledgerHashPrevious: ""\313\206R\331\304k\323u\263t\221\213yC\241\217A\242\027g\322\241'\212.E?B_\316\327\217""; networkTime: 803842819; firstSeq: 1; lastSeq: 26; ","newEvent: neCLOSING_LEDGER; ledgerSeq: 26; ledgerHash: ""J +\370\t^b\005\020\003\211\373\247|hC\271Nmk~J\270EU\274\036-\347\240\312F""; ledgerHashPrevious: ""\313\206R\331\304k\323u\263t\221\213yC\241\217A\242\027g\322\241'\212.E?B_\316\327\217""; networkTime: 803842819; firstSeq: 1; lastSeq: 26; "
1750527619610,1750527619682,0,1,4,1,TMStatusChange,"newEvent: neCLOSING_LEDGER; ledgerSeq: 26; ledgerHash: ""J +\370\t^b\005\020\003\211\373\247|hC\271Nmk~J\270EU\274\036-\347\240\312F""; ledgerHashPrevious: ""\313\206R\331\304k\323u\263t\221\213yC\241\217A\242\027g\322\241'\212.E?B_\316\327\217""; networkTime: 803842819; firstSeq: 1; lastSeq: 26; ","newEvent: neCLOSING_LEDGER; ledgerSeq: 26; ledgerHash: ""J +\370\t^b\005\020\003\211\373\247|hC\271Nmk~J\270EU\274\036-\347\240\312F""; ledgerHashPrevious: ""\313\206R\331\304k\323u\263t\221\213yC\241\217A\242\027g\322\241'\212.E?B_\316\327\217""; networkTime: 803842819; firstSeq: 1; lastSeq: 26; "
1750527620722,1750527620722,0,1,1,3,TMProposeSet,"proposeSeq: 0; currentTxHash: ""\000\000\000\000\000\000\000\000\000\000\000\000\000\000\000\000\000\000\000\000\000\000\000\000\000\000\000\000\000\000\000\000""; nodePubKey: ""\002\266\377\271\344:\030\221i\267\257\215\237M\014\3345f\014\273|\207\367\334\337F\325\004cxB\211L""; closeTime: 803842820; signature: ""0E\002!\000\222C\356\r]\375\323\246Y\376J\356\301\335/A\304\244\247\344\213\rC\341\366\266i\252~|?5\002 c\211\353\334qr\264\204\357*\347\274\312\245.\354\2357\310\301\000\023\354\276\000:\242\375\326\343\372\224""; previousledger: ""\217\r\003K\266\305\315C\214\232\253\322f#\037\275` \312Q\313\216Ch\327\007x\320\303\216]p""; ","proposeSeq: 0; currentTxHash: ""\000\000\000\000\000\000\000\000\000\000\000\000\000\000\000\000\000\000\000\000\000\000\000\000\000\000\000\000\000\000\000\000""; nodePubKey: ""\002\266\377\271\344:\030\221i\267\257\215\237M\014\3345f\014\273|\207\367\334\337F\325\004cxB\211L""; closeTime: 803842820; signature: ""0E\002!\000\222C\356\r]\375\323\246Y\376J\356\301\335/A\304\244\247\344\213\rC\341\366\266i\252~|?5\002 c\211\353\334qr\264\204\357*\347\274\312\245.\354\2357\310\301\000\023\354\276\000:\242\375\326\343\372\224""; previousledger: ""\217\r\003K\266\305\315C\214\232\253\322f#\037\275` \312Q\313\216Ch\327\007x\320\303\216]p""; "
1750527620723,1750527620723,0,1,1,2,TMProposeSet,"proposeSeq: 0; currentTxHash: ""\000\000\000\000\000\000\000\000\000\000\000\000\000\000\000\000\000\000\000\000\000\000\000\000\000\000\000\000\000\000\000\000""; nodePubKey: ""\002\266\377\271\344:\030\221i\267\257\215\237M\014\3345f\014\273|\207\367\334\337F\325\004cxB\211L""; closeTime: 803842820; signature: ""0E\002!\000\222C\356\r]\375\323\246Y\376J\356\301\335/A\304\244\247\344\213\rC\341\366\266i\252~|?5\002 c\211\353\334qr\264\204\357*\347\274\312\245.\354\2357\310\301\000\023\354\276\000:\242\375\326\343\372\224""; previousledger: ""\217\r\003K\266\305\315C\214\232\253\322f#\037\275` \312Q\313\216Ch\327\007x\320\303\216]p""; ","proposeSeq: 0; currentTxHash: ""\000\000\000\000\000\000\000\000\000\000\000\000\000\000\000\000\000\000\000\000\000\000\000\000\000\000\000\000\000\000\000\000""; nodePubKey: ""\002\266\377\271\344:\030\221i\267\257\215\237M\014\3345f\014\273|\207\367\334\337F\325\004cxB\211L""; closeTime: 803842820; signature: ""0E\002!\000\222C\356\r]\375\323\246Y\376J\356\301\335/A\304\244\247\344\213\rC\341\366\266i\252~|?5\002 c\211\353\334qr\264\204\357*\347\274\312\245.\354\2357\310\301\000\023\354\276\000:\242\375\326\343\372\224""; previousledger: ""\217\r\003K\266\305\315C\214\232\253\322f#\037\275` \312Q\313\216Ch\327\007x\320\303\216]p""; "
1750527620723,1750527620723,0,1,1,0,TMProposeSet,"proposeSeq: 0; currentTxHash: ""\000\000\000\000\000\000\000\000\000\000\000\000\000\000\000\000\000\000\000\000\000\000\000\000\000\000\000\000\000\000\000\000""; nodePubKey: ""\002\266\377\271\344:\030\221i\267\257\215\237M\014\3345f\014\273|\207\367\334\337F\325\004cxB\211L""; closeTime: 803842820; signature: ""0E\002!\000\222C\356\r]\375\323\246Y\376J\356\301\335/A\304\244\247\344\213\rC\341\366\266i\252~|?5\002 c\211\353\334qr\264\204\357*\347\274\312\245.\354\2357\310\301\000\023\354\276\000:\242\375\326\343\372\224""; previousledger: ""\217\r\003K\266\305\315C\214\232\253\322f#\037\275` \312Q\313\216Ch\327\007x\320\303\216]p""; ","proposeSeq: 0; currentTxHash: ""\000\000\000\000\000\000\000\000\000\000\000\000\000\000\000\000\000\000\000\000\000\000\000\000\000\000\000\000\000\000\000\000""; nodePubKey: ""\002\266\377\271\344:\030\221i\267\257\215\237M\014\3345f\014\273|\207\367\334\337F\325\004cxB\211L""; closeTime: 803842820; signature: ""0E\002!\000\222C\356\r]\375\323\246Y\376J\356\301\335/A\304\244\247\344\213\rC\341\366\266i\252~|?5\002 c\211\353\334qr\264\204\357*\347\274\312\245.\354\2357\310\301\000\023\354\276\000:\242\375\326\343\372\224""; previousledger: ""\217\r\003K\266\305\315C\214\232\253\322f#\037\275` \312Q\313\216Ch\327\007x\320\303\216]p""; "
1750527620723,1750527620723,0,1,1,4,TMProposeSet,"proposeSeq: 0; currentTxHash: ""\000\000\000\000\000\000\000\000\000\000\000\000\000\000\000\000\000\000\000\000\000\000\000\000\000\000\000\000\000\000\000\000""; nodePubKey: ""\002\266\377\271\344:\030\221i\267\257\215\237M\014\3345f\014\273|\207\367\334\337F\325\004cxB\211L""; closeTime: 803842820; signature: ""0E\002!\000\222C\356\r]\375\323\246Y\376J\356\301\335/A\304\244\247\344\213\rC\341\366\266i\252~|?5\002 c\211\353\334qr\264\204\357*\347\274\312\245.\354\2357\310\301\000\023\354\276\000:\242\375\326\343\372\224""; previousledger: ""\217\r\003K\266\305\315C\214\232\253\322f#\037\275` \312Q\313\216Ch\327\007x\320\303\216]p""; ","proposeSeq: 0; currentTxHash: ""\000\000\000\000\000\000\000\000\000\000\000\000\000\000\000\000\000\000\000\000\000\000\000\000\000\000\000\000\000\000\000\000""; nodePubKey: ""\002\266\377\271\344:\030\221i\267\257\215\237M\014\3345f\014\273|\207\367\334\337F\325\004cxB\211L""; closeTime: 803842820; signature: ""0E\002!\000\222C\356\r]\375\323\246Y\376J\356\301\335/A\304\244\247\344\213\rC\341\366\266i\252~|?5\002 c\211\353\334qr\264\204\357*\347\274\312\245.\354\2357\310\301\000\023\354\276\000:\242\375\326\343\372\224""; previousledger: ""\217\r\003K\266\305\315C\214\232\253\322f#\037\275` \312Q\313\216Ch\327\007x\320\303\216]p""; "
1750527620679,1750527620751,0,1,1,3,TMStatusChange,"newEvent: neCLOSING_LEDGER; ledgerSeq: 11; ledgerHash: ""\217\r\003K\266\305\315C\214\232\253\322f#\037\275` \312Q\313\216Ch\327\007x\320\303\216]p""; ledgerHashPrevious: ""\365\236\003\240\370\374\346\010(\376\005\316\217\025\177S\rdM\262\311\333\n\266Ve\363\337\n8\037\207""; networkTime: 803842820; firstSeq: 1; lastSeq: 26; ","newEvent: neCLOSING_LEDGER; ledgerSeq: 11; ledgerHash: ""\217\r\003K\266\305\315C\214\232\253\322f#\037\275` \312Q\313\216Ch\327\007x\320\303\216]p""; ledgerHashPrevious: ""\365\236\003\240\370\374\346\010(\376\005\316\217\025\177S\rdM\262\311\333\n\266Ve\363\337\n8\037\207""; networkTime: 803842820; firstSeq: 1; lastSeq: 26; "
1750527620679,1750527620751,0,1,1,4,TMStatusChange,"newEvent: neCLOSING_LEDGER; ledgerSeq: 11; ledgerHash: ""\217\r\003K\266\305\315C\214\232\253\322f#\037\275` \312Q\313\216Ch\327\007x\320\303\216]p""; ledgerHashPrevious: ""\365\236\003\240\370\374\346\010(\376\005\316\217\025\177S\rdM\262\311\333\n\266Ve\363\337\n8\037\207""; networkTime: 803842820; firstSeq: 1; lastSeq: 26; ","newEvent: neCLOSING_LEDGER; ledgerSeq: 11; ledgerHash: ""\217\r\003K\266\305\315C\214\232\253\322f#\037\275` \312Q\313\216Ch\327\007x\320\303\216]p""; ledgerHashPrevious: ""\365\236\003\240\370\374\346\010(\376\005\316\217\025\177S\rdM\262\311\333\n\266Ve\363\337\n8\037\207""; networkTime: 803842820; firstSeq: 1; lastSeq: 26; "
1750527620680,1750527620752,0,1,1,0,TMStatusChange,"newEvent: neCLOSING_LEDGER; ledgerSeq: 11; ledgerHash: ""\217\r\003K\266\305\315C\214\232\253\322f#\037\275` \312Q\313\216Ch\327\007x\320\303\216]p""; ledgerHashPrevious: ""\365\236\003\240\370\374\346\010(\376\005\316\217\025\177S\rdM\262\311\333\n\266Ve\363\337\n8\037\207""; networkTime: 803842820; firstSeq: 1; lastSeq: 26; ","newEvent: neCLOSING_LEDGER; ledgerSeq: 11; ledgerHash: ""\217\r\003K\266\305\315C\214\232\253\322f#\037\275` \312Q\313\216Ch\327\007x\320\303\216]p""; ledgerHashPrevious: ""\365\236\003\240\370\374\346\010(\376\005\316\217\025\177S\rdM\262\311\333\n\266Ve\363\337\n8\037\207""; networkTime: 803842820; firstSeq: 1; lastSeq: 26; "
1750527620680,1750527620752,0,1,1,2,TMStatusChange,"newEvent: neCLOSING_LEDGER; ledgerSeq: 11; ledgerHash: ""\217\r\003K\266\305\315C\214\232\253\322f#\037\275` \312Q\313\216Ch\327\007x\320\303\216]p""; ledgerHashPrevious: ""\365\236\003\240\370\374\346\010(\376\005\316\217\025\177S\rdM\262\311\333\n\266Ve\363\337\n8\037\207""; networkTime: 803842820; firstSeq: 1; lastSeq: 26; ","newEvent: neCLOSING_LEDGER; ledgerSeq: 11; ledgerHash: ""\217\r\003K\266\305\315C\214\232\253\322f#\037\275` \312Q\313\216Ch\327\007x\320\303\216]p""; ledgerHashPrevious: ""\365\236\003\240\370\374\346\010(\376\005\316\217\025\177S\rdM\262\311\333\n\266Ve\363\337\n8\037\207""; networkTime: 803842820; firstSeq: 1; lastSeq: 26; "
1750527621037,1750527621037,0,1,0,1,TMPing,type: ptPING; seq: 4238362899; ,type: ptPING; seq: 4238362899; 
1750527621039,1750527621039,0,1,1,0,TMPing,type: ptPONG; seq: 4238362899; ,type: ptPONG; seq: 4238362899; 
1750527621085,1750527621085,0,1,1,0,TMPing,type: ptPING; seq: 2321397205; ,type: ptPING; seq: 2321397205; 
1750527621086,1750527621086,0,1,0,1,TMPing,type: ptPONG; seq: 2321397205; ,type: ptPONG; seq: 2321397205; 
1750527621132,1750527621132,0,1,0,2,TMPing,type: ptPING; seq: 1216049524; ,type: ptPING; seq: 1216049524; 
1750527621133,1750527621133,0,1,2,0,TMPing,type: ptPONG; seq: 1216049524; ,type: ptPONG; seq: 1216049524; 
1750527621183,1750527621183,0,1,2,0,TMPing,type: ptPING; seq: 2498123203; ,type: ptPING; seq: 2498123203; 
1750527621184,1750527621184,0,1,0,2,TMPing,type: ptPONG; seq: 2498123203; ,type: ptPONG; seq: 2498123203; 
1750527621235,1750527621235,0,1,0,3,TMPing,type: ptPING; seq: 2915522810; ,type: ptPING; seq: 2915522810; 
1750527621236,1750527621236,0,1,3,0,TMPing,type: ptPONG; seq: 2915522810; ,type: ptPONG; seq: 2915522810; 
1750527621284,1750527621284,0,1,3,0,TMPing,type: ptPING; seq: 704203998; ,type: ptPING; seq: 704203998; 
1750527621285,1750527621285,0,1,0,3,TMPing,type: ptPONG; seq: 704203998; ,type: ptPONG; seq: 704203998; 
1750527621331,1750527621331,0,1,0,4,TMPing,type: ptPING; seq: 3854004319; ,type: ptPING; seq: 3854004319; 
1750527621332,1750527621332,0,1,4,0,TMPing,type: ptPONG; seq: 3854004319; ,type: ptPONG; seq: 3854004319; 
1750527621381,1750527621382,0,1,4,0,TMPing,type: ptPING; seq: 1737560544; ,type: ptPING; seq: 1737560544; 
1750527621384,1750527621384,0,1,0,4,TMPing,type: ptPONG; seq: 1737560544; ,type: ptPONG; seq: 1737560544; 
1750527621429,1750527621429,0,1,1,2,TMPing,type: ptPING; seq: 4136814323; ,type: ptPING; seq: 4136814323; 
1750527621430,1750527621431,0,1,2,1,TMPing,type: ptPONG; seq: 4136814323; ,type: ptPONG; seq: 4136814323; 
1750527621445,1750527621445,0,1,3,4,TMStatusChange,"newEvent: neACCEPTED_LEDGER; ledgerSeq: 27; ledgerHash: ""A\321\341bca\253\025\321\311\317\021\375\317\217\n\272\033o\353G>\275\361H\265\240\232um""\317""; ledgerHashPrevious: ""J +\370\t^b\005\020\003\211\373\247|hC\271Nmk~J\270EU\274\036-\347\240\312F""; networkTime: 803842821; firstSeq: 1; lastSeq: 26; ","newEvent: neACCEPTED_LEDGER; ledgerSeq: 27; ledgerHash: ""A\321\341bca\253\025\321\311\317\021\375\317\217\n\272\033o\353G>\275\361H\265\240\232um""\317""; ledgerHashPrevious: ""J +\370\t^b\005\020\003\211\373\247|hC\271Nmk~J\270EU\274\036-\347\240\312F""; networkTime: 803842821; firstSeq: 1; lastSeq: 26; "
1750527621446,1750527621446,0,1,3,4,TMValidation,"validation: """"\200\000\000\001&\000\000\000\033)/\351\253\005:p\210\265\307-\212\200\004QA\321\341bca\253\025\321\311\317\021\375\317\217\n\272\033o\353G>\275\361H\265\240\232um""\317P\027\000\000\000\000\000\000\000\000\000\000\000\000\000\000\000\000\000\000\000\000\000\000\000\000\000\000\000\000\000\000\000\000P\031J +\370\t^b\005\020\003\211\373\247|hC\271Nmk~J\270EU\274\036-\347\240\312Fs!\002\364d\217\366\217|\316F\232\231\241\n\261\333`\312O\367\235\025DD\336e\367\n\312\326\221\037\025\230vG0E\002!\000\276?\335q\302\001\+c\020s\245g<8\342o\246%\265\306W\223&N\347\\203\236\r\001c\002 p\n\344\021\272\261\0236\353<\245\306\036\276J\374\325\035\244\343h\370V\210\246Ps\211\320\211\021\016""; ","validation: """"\200\000\000\001&\000\000\000\033)/\351\253\005:p\210\265\307-\212\200\004QA\321\341bca\253\025\321\311\317\021\375\317\217\n\272\033o\353G>\275\361H\265\240\232um""\317P\027\000\000\000\000\000\000\000\000\000\000\000\000\000\000\000\000\000\000\000\000\000\000\000\000\000\000\000\000\000\000\000\000P\031J +\370\t^b\005\020\003\211\373\247|hC\271Nmk~J\270EU\274\036-\347\240\312Fs!\002\364d\217\366\217|\316F\232\231\241\n\261\333`\312O\367\235\025DD\336e\367\n\312\326\221\037\025\230vG0E\002!\000\276?\335q\302\001\+c\020s\245g<8\342o\246%\265\306W\223&N\347\\203\236\r\001c\002 p\n\344\021\272\261\0236\353<\245\306\036\276J\374\325\035\244\343h\370V\210\246Ps\211\320\211\021\016""; "
1750527621446,1750527621446,0,1,3,0,TMStatusChange,"newEvent: neACCEPTED_LEDGER; ledgerSeq: 27; ledgerHash: ""A\321\341bca\253\025\321\311\317\021\375\317\217\n\272\033o\353G>\275\361H\265\240\232um""\317""; ledgerHashPrevious: ""J +\370\t^b\005\020\003\211\373\247|hC\271Nmk~J\270EU\274\036-\347\240\312F""; networkTime: 803842821; firstSeq: 1; lastSeq: 26; ","newEvent: neACCEPTED_LEDGER; ledgerSeq: 27; ledgerHash: ""A\321\341bca\253\025\321\311\317\021\375\317\217\n\272\033o\353G>\275\361H\265\240\232um""\317""; ledgerHashPrevious: ""J +\370\t^b\005\020\003\211\373\247|hC\271Nmk~J\270EU\274\036-\347\240\312F""; networkTime: 803842821; firstSeq: 1; lastSeq: 26; "
1750527621447,1750527621447,0,1,3,1,TMValidation,"validation: """"\200\000\000\001&\000\000\000\033)/\351\253\005:p\210\265\307-\212\200\004QA\321\341bca\253\025\321\311\317\021\375\317\217\n\272\033o\353G>\275\361H\265\240\232um""\317P\027\000\000\000\000\000\000\000\000\000\000\000\000\000\000\000\000\000\000\000\000\000\000\000\000\000\000\000\000\000\000\000\000P\031J +\370\t^b\005\020\003\211\373\247|hC\271Nmk~J\270EU\274\036-\347\240\312Fs!\002\364d\217\366\217|\316F\232\231\241\n\261\333`\312O\367\235\025DD\336e\367\n\312\326\221\037\025\230vG0E\002!\000\276?\335q\302\001\+c\020s\245g<8\342o\246%\265\306W\223&N\347\\203\236\r\001c\002 p\n\344\021\272\261\0236\353<\245\306\036\276J\374\325\035\244\343h\370V\210\246Ps\211\320\211\021\016""; ","validation: """"\200\000\000\001&\000\000\000\033)/\351\253\005:p\210\265\307-\212\200\004QA\321\341bca\253\025\321\311\317\021\375\317\217\n\272\033o\353G>\275\361H\265\240\232um""\317P\027\000\000\000\000\000\000\000\000\000\000\000\000\000\000\000\000\000\000\000\000\000\000\000\000\000\000\000\000\000\000\000\000P\031J +\370\t^b\005\020\003\211\373\247|hC\271Nmk~J\270EU\274\036-\347\240\312Fs!\002\364d\217\366\217|\316F\232\231\241\n\261\333`\312O\367\235\025DD\336e\367\n\312\326\221\037\025\230vG0E\002!\000\276?\335q\302\001\+c\020s\245g<8\342o\246%\265\306W\223&N\347\\203\236\r\001c\002 p\n\344\021\272\261\0236\353<\245\306\036\276J\374\325\035\244\343h\370V\210\246Ps\211\320\211\021\016""; "
1750527621449,1750527621449,0,1,3,2,TMStatusChange,"newEvent: neACCEPTED_LEDGER; ledgerSeq: 27; ledgerHash: ""A\321\341bca\253\025\321\311\317\021\375\317\217\n\272\033o\353G>\275\361H\265\240\232um""\317""; ledgerHashPrevious: ""J +\370\t^b\005\020\003\211\373\247|hC\271Nmk~J\270EU\274\036-\347\240\312F""; networkTime: 803842821; firstSeq: 1; lastSeq: 26; ","newEvent: neACCEPTED_LEDGER; ledgerSeq: 27; ledgerHash: ""A\321\341bca\253\025\321\311\317\021\375\317\217\n\272\033o\353G>\275\361H\265\240\232um""\317""; ledgerHashPrevious: ""J +\370\t^b\005\020\003\211\373\247|hC\271Nmk~J\270EU\274\036-\347\240\312F""; networkTime: 803842821; firstSeq: 1; lastSeq: 26; "
1750527621449,1750527621449,0,1,3,1,TMStatusChange,"newEvent: neACCEPTED_LEDGER; ledgerSeq: 27; ledgerHash: ""A\321\341bca\253\025\321\311\317\021\375\317\217\n\272\033o\353G>\275\361H\265\240\232um""\317""; ledgerHashPrevious: ""J +\370\t^b\005\020\003\211\373\247|hC\271Nmk~J\270EU\274\036-\347\240\312F""; networkTime: 803842821; firstSeq: 1; lastSeq: 26; ","newEvent: neACCEPTED_LEDGER; ledgerSeq: 27; ledgerHash: ""A\321\341bca\253\025\321\311\317\021\375\317\217\n\272\033o\353G>\275\361H\265\240\232um""\317""; ledgerHashPrevious: ""J +\370\t^b\005\020\003\211\373\247|hC\271Nmk~J\270EU\274\036-\347\240\312F""; networkTime: 803842821; firstSeq: 1; lastSeq: 26; "
1750527621450,1750527621450,0,1,3,2,TMValidation,"validation: """"\200\000\000\001&\000\000\000\033)/\351\253\005:p\210\265\307-\212\200\004QA\321\341bca\253\025\321\311\317\021\375\317\217\n\272\033o\353G>\275\361H\265\240\232um""\317P\027\000\000\000\000\000\000\000\000\000\000\000\000\000\000\000\000\000\000\000\000\000\000\000\000\000\000\000\000\000\000\000\000P\031J +\370\t^b\005\020\003\211\373\247|hC\271Nmk~J\270EU\274\036-\347\240\312Fs!\002\364d\217\366\217|\316F\232\231\241\n\261\333`\312O\367\235\025DD\336e\367\n\312\326\221\037\025\230vG0E\002!\000\276?\335q\302\001\+c\020s\245g<8\342o\246%\265\306W\223&N\347\\203\236\r\001c\002 p\n\344\021\272\261\0236\353<\245\306\036\276J\374\325\035\244\343h\370V\210\246Ps\211\320\211\021\016""; ","validation: """"\200\000\000\001&\000\000\000\033)/\351\253\005:p\210\265\307-\212\200\004QA\321\341bca\253\025\321\311\317\021\375\317\217\n\272\033o\353G>\275\361H\265\240\232um""\317P\027\000\000\000\000\000\000\000\000\000\000\000\000\000\000\000\000\000\000\000\000\000\000\000\000\000\000\000\000\000\000\000\000P\031J +\370\t^b\005\020\003\211\373\247|hC\271Nmk~J\270EU\274\036-\347\240\312Fs!\002\364d\217\366\217|\316F\232\231\241\n\261\333`\312O\367\235\025DD\336e\367\n\312\326\221\037\025\230vG0E\002!\000\276?\335q\302\001\+c\020s\245g<8\342o\246%\265\306W\223&N\347\\203\236\r\001c\002 p\n\344\021\272\261\0236\353<\245\306\036\276J\374\325\035\244\343h\370V\210\246Ps\211\320\211\021\016""; "
1750527621452,1750527621452,0,1,4,3,TMGetLedger,"itype: liBASE; ledgerHash: ""A\321\341bca\253\025\321\311\317\021\375\317\217\n\272\033o\353G>\275\361H\265\240\232um""\317""; ","itype: liBASE; ledgerHash: ""A\321\341bca\253\025\321\311\317\021\375\317\217\n\272\033o\353G>\275\361H\265\240\232um""\317""; "
1750527621452,1750527621452,0,1,4,1,TMValidation,"validation: """"\200\000\000\001&\000\000\000\033)/\351\253\005:p\210\265\307-\212\200\004QA\321\341bca\253\025\321\311\317\021\375\317\217\n\272\033o\353G>\275\361H\265\240\232um""\317P\027\000\000\000\000\000\000\000\000\000\000\000\000\000\000\000\000\000\000\000\000\000\000\000\000\000\000\000\000\000\000\000\000P\031J +\370\t^b\005\020\003\211\373\247|hC\271Nmk~J\270EU\274\036-\347\240\312Fs!\002\364d\217\366\217|\316F\232\231\241\n\261\333`\312O\367\235\025DD\336e\367\n\312\326\221\037\025\230vG0E\002!\000\276?\335q\302\001\+c\020s\245g<8\342o\246%\265\306W\223&N\347\\203\236\r\001c\002 p\n\344\021\272\261\0236\353<\245\306\036\276J\374\325\035\244\343h\370V\210\246Ps\211\320\211\021\016""; ","validation: """"\200\000\000\001&\000\000\000\033)/\351\253\005:p\210\265\307-\212\200\004QA\321\341bca\253\025\321\311\317\021\375\317\217\n\272\033o\353G>\275\361H\265\240\232um""\317P\027\000\000\000\000\000\000\000\000\000\000\000\000\000\000\000\000\000\000\000\000\000\000\000\000\000\000\000\000\000\000\000\000P\031J +\370\t^b\005\020\003\211\373\247|hC\271Nmk~J\270EU\274\036-\347\240\312Fs!\002\364d\217\366\217|\316F\232\231\241\n\261\333`\312O\367\235\025DD\336e\367\n\312\326\221\037\025\230vG0E\002!\000\276?\335q\302\001\+c\020s\245g<8\342o\246%\265\306W\223&N\347\\203\236\r\001c\002 p\n\344\021\272\261\0236\353<\245\306\036\276J\374\325\035\244\343h\370V\210\246Ps\211\320\211\021\016""; "
1750527621453,1750527621453,0,1,4,0,TMValidation,"validation: """"\200\000\000\001&\000\000\000\033)/\351\253\005:p\210\265\307-\212\200\004QA\321\341bca\253\025\321\311\317\021\375\317\217\n\272\033o\353G>\275\361H\265\240\232um""\317P\027\000\000\000\000\000\000\000\000\000\000\000\000\000\000\000\000\000\000\000\000\000\000\000\000\000\000\000\000\000\000\000\000P\031J +\370\t^b\005\020\003\211\373\247|hC\271Nmk~J\270EU\274\036-\347\240\312Fs!\002\364d\217\366\217|\316F\232\231\241\n\261\333`\312O\367\235\025DD\336e\367\n\312\326\221\037\025\230vG0E\002!\000\276?\335q\302\001\+c\020s\245g<8\342o\246%\265\306W\223&N\347\\203\236\r\001c\002 p\n\344\021\272\261\0236\353<\245\306\036\276J\374\325\035\244\343h\370V\210\246Ps\211\320\211\021\016""; ","validation: """"\200\000\000\001&\000\000\000\033)/\351\253\005:p\210\265\307-\212\200\004QA\321\341bca\253\025\321\311\317\021\375\317\217\n\272\033o\353G>\275\361H\265\240\232um""\317P\027\000\000\000\000\000\000\000\000\000\000\000\000\000\000\000\000\000\000\000\000\000\000\000\000\000\000\000\000\000\000\000\000P\031J +\370\t^b\005\020\003\211\373\247|hC\271Nmk~J\270EU\274\036-\347\240\312Fs!\002\364d\217\366\217|\316F\232\231\241\n\261\333`\312O\367\235\025DD\336e\367\n\312\326\221\037\025\230vG0E\002!\000\276?\335q\302\001\+c\020s\245g<8\342o\246%\265\306W\223&N\347\\203\236\r\001c\002 p\n\344\021\272\261\0236\353<\245\306\036\276J\374\325\035\244\343h\370V\210\246Ps\211\320\211\021\016""; "
1750527621453,1750527621453,0,1,4,2,TMGetLedger,"itype: liBASE; ledgerHash: ""A\321\341bca\253\025\321\311\317\021\375\317\217\n\272\033o\353G>\275\361H\265\240\232um""\317""; ","itype: liBASE; ledgerHash: ""A\321\341bca\253\025\321\311\317\021\375\317\217\n\272\033o\353G>\275\361H\265\240\232um""\317""; "
1750527621454,1750527621454,0,1,4,1,TMGetLedger,"itype: liBASE; ledgerHash: ""A\321\341bca\253\025\321\311\317\021\375\317\217\n\272\033o\353G>\275\361H\265\240\232um""\317""; ","itype: liBASE; ledgerHash: ""A\321\341bca\253\025\321\311\317\021\375\317\217\n\272\033o\353G>\275\361H\265\240\232um""\317""; "
1750527621451,1750527621451,0,1,4,2,TMValidation,"validation: """"\200\000\000\001&\000\000\000\033)/\351\253\005:p\210\265\307-\212\200\004QA\321\341bca\253\025\321\311\317\021\375\317\217\n\272\033o\353G>\275\361H\265\240\232um""\317P\027\000\000\000\000\000\000\000\000\000\000\000\000\000\000\000\000\000\000\000\000\000\000\000\000\000\000\000\000\000\000\000\000P\031J +\370\t^b\005\020\003\211\373\247|hC\271Nmk~J\270EU\274\036-\347\240\312Fs!\002\364d\217\366\217|\316F\232\231\241\n\261\333`\312O\367\235\025DD\336e\367\n\312\326\221\037\025\230vG0E\002!\000\276?\335q\302\001\+c\020s\245g<8\342o\246%\265\306W\223&N\347\\203\236\r\001c\002 p\n\344\021\272\261\0236\353<\245\306\036\276J\374\325\035\244\343h\370V\210\246Ps\211\320\211\021\016""; ","validation: """"\200\000\000\001&\000\000\000\033)/\351\253\005:p\210\265\307-\212\200\004QA\321\341bca\253\025\321\311\317\021\375\317\217\n\272\033o\353G>\275\361H\265\240\232um""\317P\027\000\000\000\000\000\000\000\000\000\000\000\000\000\000\000\000\000\000\000\000\000\000\000\000\000\000\000\000\000\000\000\000P\031J +\370\t^b\005\020\003\211\373\247|hC\271Nmk~J\270EU\274\036-\347\240\312Fs!\002\364d\217\366\217|\316F\232\231\241\n\261\333`\312O\367\235\025DD\336e\367\n\312\326\221\037\025\230vG0E\002!\000\276?\335q\302\001\+c\020s\245g<8\342o\246%\265\306W\223&N\347\\203\236\r\001c\002 p\n\344\021\272\261\0236\353<\245\306\036\276J\374\325\035\244\343h\370V\210\246Ps\211\320\211\021\016""; "
1750527621455,1750527621455,0,1,4,2,TMGetLedger,"itype: liBASE; ledgerHash: ""A\321\341bca\253\025\321\311\317\021\375\317\217\n\272\033o\353G>\275\361H\265\240\232um""\317""; queryType: qtINDIRECT; ","itype: liBASE; ledgerHash: ""A\321\341bca\253\025\321\311\317\021\375\317\217\n\272\033o\353G>\275\361H\265\240\232um""\317""; queryType: qtINDIRECT; "
1750527621455,1750527621455,0,1,4,1,TMGetLedger,"itype: liBASE; ledgerHash: ""A\321\341bca\253\025\321\311\317\021\375\317\217\n\272\033o\353G>\275\361H\265\240\232um""\317""; queryType: qtINDIRECT; ","itype: liBASE; ledgerHash: ""A\321\341bca\253\025\321\311\317\021\375\317\217\n\272\033o\353G>\275\361H\265\240\232um""\317""; queryType: qtINDIRECT; "
1750527621455,1750527621455,0,1,4,3,TMGetLedger,"itype: liBASE; ledgerHash: ""A\321\341bca\253\025\321\311\317\021\375\317\217\n\272\033o\353G>\275\361H\265\240\232um""\317""; queryType: qtINDIRECT; ","itype: liBASE; ledgerHash: ""A\321\341bca\253\025\321\311\317\021\375\317\217\n\272\033o\353G>\275\361H\265\240\232um""\317""; queryType: qtINDIRECT; "
1750527621456,1750527621456,0,1,1,4,TMGetLedger,"itype: liBASE; ledgerHash: ""A\321\341bca\253\025\321\311\317\021\375\317\217\n\272\033o\353G>\275\361H\265\240\232um""\317""; ","itype: liBASE; ledgerHash: ""A\321\341bca\253\025\321\311\317\021\375\317\217\n\272\033o\353G>\275\361H\265\240\232um""\317""; "
1750527621456,1750527621456,0,1,1,2,TMGetLedger,"itype: liBASE; ledgerHash: ""A\321\341bca\253\025\321\311\317\021\375\317\217\n\272\033o\353G>\275\361H\265\240\232um""\317""; ","itype: liBASE; ledgerHash: ""A\321\341bca\253\025\321\311\317\021\375\317\217\n\272\033o\353G>\275\361H\265\240\232um""\317""; "
1750527621457,1750527621457,0,1,1,0,TMGetLedger,"itype: liBASE; ledgerHash: ""A\321\341bca\253\025\321\311\317\021\375\317\217\n\272\033o\353G>\275\361H\265\240\232um""\317""; ","itype: liBASE; ledgerHash: ""A\321\341bca\253\025\321\311\317\021\375\317\217\n\272\033o\353G>\275\361H\265\240\232um""\317""; "
1750527621458,1750527621458,0,1,1,3,TMGetLedger,"itype: liBASE; ledgerHash: ""A\321\341bca\253\025\321\311\317\021\375\317\217\n\272\033o\353G>\275\361H\265\240\232um""\317""; ","itype: liBASE; ledgerHash: ""A\321\341bca\253\025\321\311\317\021\375\317\217\n\272\033o\353G>\275\361H\265\240\232um""\317""; "
1750527621459,1750527621459,0,1,1,3,TMGetLedger,"itype: liBASE; ledgerHash: ""A\321\341bca\253\025\321\311\317\021\375\317\217\n\272\033o\353G>\275\361H\265\240\232um""\317""; queryType: qtINDIRECT; ","itype: liBASE; ledgerHash: ""A\321\341bca\253\025\321\311\317\021\375\317\217\n\272\033o\353G>\275\361H\265\240\232um""\317""; queryType: qtINDIRECT; "
1750527621459,1750527621459,0,1,1,4,TMGetLedger,"itype: liBASE; ledgerHash: ""A\321\341bca\253\025\321\311\317\021\375\317\217\n\272\033o\353G>\275\361H\265\240\232um""\317""; queryType: qtINDIRECT; ","itype: liBASE; ledgerHash: ""A\321\341bca\253\025\321\311\317\021\375\317\217\n\272\033o\353G>\275\361H\265\240\232um""\317""; queryType: qtINDIRECT; "
1750527621459,1750527621460,0,1,1,4,TMValidation,"validation: """"\200\000\000\001&\000\000\000\033)/\351\253\005:p\210\265\307-\212\200\004QA\321\341bca\253\025\321\311\317\021\375\317\217\n\272\033o\353G>\275\361H\265\240\232um""\317P\027\000\000\000\000\000\000\000\000\000\000\000\000\000\000\000\000\000\000\000\000\000\000\000\000\000\000\000\000\000\000\000\000P\031J +\370\t^b\005\020\003\211\373\247|hC\271Nmk~J\270EU\274\036-\347\240\312Fs!\002\364d\217\366\217|\316F\232\231\241\n\261\333`\312O\367\235\025DD\336e\367\n\312\326\221\037\025\230vG0E\002!\000\276?\335q\302\001\+c\020s\245g<8\342o\246%\265\306W\223&N\347\\203\236\r\001c\002 p\n\344\021\272\261\0236\353<\245\306\036\276J\374\325\035\244\343h\370V\210\246Ps\211\320\211\021\016""; ","validation: """"\200\000\000\001&\000\000\000\033)/\351\253\005:p\210\265\307-\212\200\004QA\321\341bca\253\025\321\311\317\021\375\317\217\n\272\033o\353G>\275\361H\265\240\232um""\317P\027\000\000\000\000\000\000\000\000\000\000\000\000\000\000\000\000\000\000\000\000\000\000\000\000\000\000\000\000\000\000\000\000P\031J +\370\t^b\005\020\003\211\373\247|hC\271Nmk~J\270EU\274\036-\347\240\312Fs!\002\364d\217\366\217|\316F\232\231\241\n\261\333`\312O\367\235\025DD\336e\367\n\312\326\221\037\025\230vG0E\002!\000\276?\335q\302\001\+c\020s\245g<8\342o\246%\265\306W\223&N\347\\203\236\r\001c\002 p\n\344\021\272\261\0236\353<\245\306\036\276J\374\325\035\244\343h\370V\210\246Ps\211\320\211\021\016""; "
1750527621460,1750527621460,0,1,2,3,TMGetLedger,"itype: liBASE; ledgerHash: ""A\321\341bca\253\025\321\311\317\021\375\317\217\n\272\033o\353G>\275\361H\265\240\232um""\317""; ledgerSeq: 27; ","itype: liBASE; ledgerHash: ""A\321\341bca\253\025\321\311\317\021\375\317\217\n\272\033o\353G>\275\361H\265\240\232um""\317""; ledgerSeq: 27; "
1750527621461,1750527621461,0,1,2,0,TMGetLedger,"itype: liBASE; ledgerHash: ""A\321\341bca\253\025\321\311\317\021\375\317\217\n\272\033o\353G>\275\361H\265\240\232um""\317""; ledgerSeq: 27; ","itype: liBASE; ledgerHash: ""A\321\341bca\253\025\321\311\317\021\375\317\217\n\272\033o\353G>\275\361H\265\240\232um""\317""; ledgerSeq: 27; "
1750527621463,1750527621463,0,1,2,4,TMGetLedger,"itype: liBASE; ledgerHash: ""A\321\341bca\253\025\321\311\317\021\375\317\217\n\272\033o\353G>\275\361H\265\240\232um""\317""; ledgerSeq: 27; ","itype: liBASE; ledgerHash: ""A\321\341bca\253\025\321\311\317\021\375\317\217\n\272\033o\353G>\275\361H\265\240\232um""\317""; ledgerSeq: 27; "
1750527621463,1750527621463,0,1,3,4,TMLedgerData,"ledgerHash: ""A\321\341bca\253\025\321\311\317\021\375\317\217\n\272\033o\353G>\275\361H\265\240\232um""\317""; ledgerSeq: 27; type: liBASE; nodes {;   nodedata: ""\000\000\000\033\001cEx]\211\377\330J +\370\t^b\005\020\003\211\373\247|hC\271Nmk~J\270EU\274\036-\347\240\312F\000\000\000\000\000\000\000\000\000\000\000\000\000\000\000\000\000\000\000\000\000\000\000\000\000\000\000\000\000\000\000\0009\241\370Sf\224\000\362\311\274\264\2253>\316jTZ\313\207)\3121\312c\262>\3178 \202\326/\351\253\004/\351\253\005\n\000""; }; nodes {;   nodedata: ""\323C\344\327\264{\312-\017:\006{\177\344N\002\326bO\260\220\006\033\362\345\005U\221DzJ0\001\301\025%1L\307\t\261\262z\374\222T\301\274V\236\223\262\270Ct\362\337b\356\024*\324\320\351\317\002k\336\234\027v\351\217\260\303\360\233ZPZWr\246$w\313\313\r\243r\232\2234\373\3539:N\004Q\245\272D\312D\300\300\t\323\0257\345e\271\na\215{\226\255x%T\257\037\333\004\344_/R\006E\344\037@\210\363\010\336T\226\247'\204_{\261\370""1\235\2445\343\033Y!\212\201\341\272\225'\007\263&\227\335t\265j<\344,\262\267\361d\232m\356\244H)8L\356\231&\233p\236\032\212\253[\013\003""; }; ","ledgerHash: ""A\321\341bca\253\025\321\311\317\021\375\317\217\n\272\033o\353G>\275\361H\265\240\232um""\317""; ledgerSeq: 27; type: liBASE; nodes {;   nodedata: ""\000\000\000\033\001cEx]\211\377\330J +\370\t^b\005\020\003\211\373\247|hC\271Nmk~J\270EU\274\036-\347\240\312F\000\000\000\000\000\000\000\000\000\000\000\000\000\000\000\000\000\000\000\000\000\000\000\000\000\000\000\000\000\000\000\0009\241\370Sf\224\000\362\311\274\264\2253>\316jTZ\313\207)\3121\312c\262>\3178 \202\326/\351\253\004/\351\253\005\n\000""; }; nodes {;   nodedata: ""\323C\344\327\264{\312-\017:\006{\177\344N\002\326bO\260\220\006\033\362\345\005U\221DzJ0\001\301\025%1L\307\t\261\262z\374\222T\301\274V\236\223\262\270Ct\362\337b\356\024*\324\320\351\317\002k\336\234\027v\351\217\260\303\360\233ZPZWr\246$w\313\313\r\243r\232\2234\373\3539:N\004Q\245\272D\312D\300\300\t\323\0257\345e\271\na\215{\226\255x%T\257\037\333\004\344_/R\006E\344\037@\210\363\010\336T\226\247'\204_{\261\370""1\235\2445\343\033Y!\212\201\341\272\225'\007\263&\227\335t\265j<\344,\262\267\361d\232m\356\244H)8L\356\231&\233p\236\032\212\253[\013\003""; }; "
1750527621464,1750527621464,0,1,2,4,TMGetLedger,"itype: liBASE; ledgerHash: ""A\321\341bca\253\025\321\311\317\021\375\317\217\n\272\033o\353G>\275\361H\265\240\232um""\317""; ledgerSeq: 27; queryType: qtINDIRECT; ","itype: liBASE; ledgerHash: ""A\321\341bca\253\025\321\311\317\021\375\317\217\n\272\033o\353G>\275\361H\265\240\232um""\317""; ledgerSeq: 27; queryType: qtINDIRECT; "
1750527621465,1750527621465,0,1,2,4,TMValidation,"validation: """"\200\000\000\001&\000\000\000\033)/\351\253\005:p\210\265\307-\212\200\004QA\321\341bca\253\025\321\311\317\021\375\317\217\n\272\033o\353G>\275\361H\265\240\232um""\317P\027\000\000\000\000\000\000\000\000\000\000\000\000\000\000\000\000\000\000\000\000\000\000\000\000\000\000\000\000\000\000\000\000P\031J +\370\t^b\005\020\003\211\373\247|hC\271Nmk~J\270EU\274\036-\347\240\312Fs!\002\364d\217\366\217|\316F\232\231\241\n\261\333`\312O\367\235\025DD\336e\367\n\312\326\221\037\025\230vG0E\002!\000\276?\335q\302\001\+c\020s\245g<8\342o\246%\265\306W\223&N\347\\203\236\r\001c\002 p\n\344\021\272\261\0236\353<\245\306\036\276J\374\325\035\244\343h\370V\210\246Ps\211\320\211\021\016""; ","validation: """"\200\000\000\001&\000\000\000\033)/\351\253\005:p\210\265\307-\212\200\004QA\321\341bca\253\025\321\311\317\021\375\317\217\n\272\033o\353G>\275\361H\265\240\232um""\317P\027\000\000\000\000\000\000\000\000\000\000\000\000\000\000\000\000\000\000\000\000\000\000\000\000\000\000\000\000\000\000\000\000P\031J +\370\t^b\005\020\003\211\373\247|hC\271Nmk~J\270EU\274\036-\347\240\312Fs!\002\364d\217\366\217|\316F\232\231\241\n\261\333`\312O\367\235\025DD\336e\367\n\312\326\221\037\025\230vG0E\002!\000\276?\335q\302\001\+c\020s\245g<8\342o\246%\265\306W\223&N\347\\203\236\r\001c\002 p\n\344\021\272\261\0236\353<\245\306\036\276J\374\325\035\244\343h\370V\210\246Ps\211\320\211\021\016""; "
1750527621466,1750527621466,0,1,0,3,TMGetLedger,"itype: liBASE; ledgerHash: ""A\321\341bca\253\025\321\311\317\021\375\317\217\n\272\033o\353G>\275\361H\265\240\232um""\317""; ledgerSeq: 27; ","itype: liBASE; ledgerHash: ""A\321\341bca\253\025\321\311\317\021\375\317\217\n\272\033o\353G>\275\361H\265\240\232um""\317""; ledgerSeq: 27; "
1750527621466,1750527621466,0,1,0,1,TMValidation,"validation: """"\200\000\000\001&\000\000\000\033)/\351\253\005:p\210\265\307-\212\200\004QA\321\341bca\253\025\321\311\317\021\375\317\217\n\272\033o\353G>\275\361H\265\240\232um""\317P\027\000\000\000\000\000\000\000\000\000\000\000\000\000\000\000\000\000\000\000\000\000\000\000\000\000\000\000\000\000\000\000\000P\031J +\370\t^b\005\020\003\211\373\247|hC\271Nmk~J\270EU\274\036-\347\240\312Fs!\002\364d\217\366\217|\316F\232\231\241\n\261\333`\312O\367\235\025DD\336e\367\n\312\326\221\037\025\230vG0E\002!\000\276?\335q\302\001\+c\020s\245g<8\342o\246%\265\306W\223&N\347\\203\236\r\001c\002 p\n\344\021\272\261\0236\353<\245\306\036\276J\374\325\035\244\343h\370V\210\246Ps\211\320\211\021\016""; ","validation: """"\200\000\000\001&\000\000\000\033)/\351\253\005:p\210\265\307-\212\200\004QA\321\341bca\253\025\321\311\317\021\375\317\217\n\272\033o\353G>\275\361H\265\240\232um""\317P\027\000\000\000\000\000\000\000\000\000\000\000\000\000\000\000\000\000\000\000\000\000\000\000\000\000\000\000\000\000\000\000\000P\031J +\370\t^b\005\020\003\211\373\247|hC\271Nmk~J\270EU\274\036-\347\240\312Fs!\002\364d\217\366\217|\316F\232\231\241\n\261\333`\312O\367\235\025DD\336e\367\n\312\326\221\037\025\230vG0E\002!\000\276?\335q\302\001\+c\020s\245g<8\342o\246%\265\306W\223&N\347\\203\236\r\001c\002 p\n\344\021\272\261\0236\353<\245\306\036\276J\374\325\035\244\343h\370V\210\246Ps\211\320\211\021\016""; "
1750527621466,1750527621466,0,1,0,4,TMGetLedger,"itype: liBASE; ledgerHash: ""A\321\341bca\253\025\321\311\317\021\375\317\217\n\272\033o\353G>\275\361H\265\240\232um""\317""; ledgerSeq: 27; ","itype: liBASE; ledgerHash: ""A\321\341bca\253\025\321\311\317\021\375\317\217\n\272\033o\353G>\275\361H\265\240\232um""\317""; ledgerSeq: 27; "
1750527621467,1750527621467,0,1,0,1,TMGetLedger,"itype: liBASE; ledgerHash: ""A\321\341bca\253\025\321\311\317\021\375\317\217\n\272\033o\353G>\275\361H\265\240\232um""\317""; ledgerSeq: 27; ","itype: liBASE; ledgerHash: ""A\321\341bca\253\025\321\311\317\021\375\317\217\n\272\033o\353G>\275\361H\265\240\232um""\317""; ledgerSeq: 27; "
1750527621468,1750527621468,0,1,0,3,TMValidation,"validation: """"\200\000\000\001&\000\000\000\033)/\351\253\005:p\210\265\307-\212\200\004QA\321\341bca\253\025\321\311\317\021\375\317\217\n\272\033o\353G>\275\361H\265\240\232um""\317P\027\000\000\000\000\000\000\000\000\000\000\000\000\000\000\000\000\000\000\000\000\000\000\000\000\000\000\000\000\000\000\000\000P\031J +\370\t^b\005\020\003\211\373\247|hC\271Nmk~J\270EU\274\036-\347\240\312Fs!\002\364d\217\366\217|\316F\232\231\241\n\261\333`\312O\367\235\025DD\336e\367\n\312\326\221\037\025\230vG0E\002!\000\276?\335q\302\001\+c\020s\245g<8\342o\246%\265\306W\223&N\347\\203\236\r\001c\002 p\n\344\021\272\261\0236\353<\245\306\036\276J\374\325\035\244\343h\370V\210\246Ps\211\320\211\021\016""; ","validation: """"\200\000\000\001&\000\000\000\033)/\351\253\005:p\210\265\307-\212\200\004QA\321\341bca\253\025\321\311\317\021\375\317\217\n\272\033o\353G>\275\361H\265\240\232um""\317P\027\000\000\000\000\000\000\000\000\000\000\000\000\000\000\000\000\000\000\000\000\000\000\000\000\000\000\000\000\000\000\000\000P\031J +\370\t^b\005\020\003\211\373\247|hC\271Nmk~J\270EU\274\036-\347\240\312Fs!\002\364d\217\366\217|\316F\232\231\241\n\261\333`\312O\367\235\025DD\336e\367\n\312\326\221\037\025\230vG0E\002!\000\276?\335q\302\001\+c\020s\245g<8\342o\246%\265\306W\223&N\347\\203\236\r\001c\002 p\n\344\021\272\261\0236\353<\245\306\036\276J\374\325\035\244\343h\370V\210\246Ps\211\320\211\021\016""; "
1750527621468,1750527621468,0,1,0,2,TMGetLedger,"itype: liBASE; ledgerHash: ""A\321\341bca\253\025\321\311\317\021\375\317\217\n\272\033o\353G>\275\361H\265\240\232um""\317""; ledgerSeq: 27; ","itype: liBASE; ledgerHash: ""A\321\341bca\253\025\321\311\317\021\375\317\217\n\272\033o\353G>\275\361H\265\240\232um""\317""; ledgerSeq: 27; "
1750527621469,1750527621469,0,1,0,2,TMGetLedger,"itype: liBASE; ledgerHash: ""A\321\341bca\253\025\321\311\317\021\375\317\217\n\272\033o\353G>\275\361H\265\240\232um""\317""; ledgerSeq: 27; queryType: qtINDIRECT; ","itype: liBASE; ledgerHash: ""A\321\341bca\253\025\321\311\317\021\375\317\217\n\272\033o\353G>\275\361H\265\240\232um""\317""; ledgerSeq: 27; queryType: qtINDIRECT; "
1750527621469,1750527621470,0,1,0,1,TMGetLedger,"itype: liBASE; ledgerHash: ""A\321\341bca\253\025\321\311\317\021\375\317\217\n\272\033o\353G>\275\361H\265\240\232um""\317""; ledgerSeq: 27; queryType: qtINDIRECT; ","itype: liBASE; ledgerHash: ""A\321\341bca\253\025\321\311\317\021\375\317\217\n\272\033o\353G>\275\361H\265\240\232um""\317""; ledgerSeq: 27; queryType: qtINDIRECT; "
1750527621470,1750527621470,0,1,0,2,TMValidation,"validation: """"\200\000\000\001&\000\000\000\033)/\351\253\005:p\210\265\307-\212\200\004QA\321\341bca\253\025\321\311\317\021\375\317\217\n\272\033o\353G>\275\361H\265\240\232um""\317P\027\000\000\000\000\000\000\000\000\000\000\000\000\000\000\000\000\000\000\000\000\000\000\000\000\000\000\000\000\000\000\000\000P\031J +\370\t^b\005\020\003\211\373\247|hC\271Nmk~J\270EU\274\036-\347\240\312Fs!\002\364d\217\366\217|\316F\232\231\241\n\261\333`\312O\367\235\025DD\336e\367\n\312\326\221\037\025\230vG0E\002!\000\276?\335q\302\001\+c\020s\245g<8\342o\246%\265\306W\223&N\347\\203\236\r\001c\002 p\n\344\021\272\261\0236\353<\245\306\036\276J\374\325\035\244\343h\370V\210\246Ps\211\320\211\021\016""; ","validation: """"\200\000\000\001&\000\000\000\033)/\351\253\005:p\210\265\307-\212\200\004QA\321\341bca\253\025\321\311\317\021\375\317\217\n\272\033o\353G>\275\361H\265\240\232um""\317P\027\000\000\000\000\000\000\000\000\000\000\000\000\000\000\000\000\000\000\000\000\000\000\000\000\000\000\000\000\000\000\000\000P\031J +\370\t^b\005\020\003\211\373\247|hC\271Nmk~J\270EU\274\036-\347\240\312Fs!\002\364d\217\366\217|\316F\232\231\241\n\261\333`\312O\367\235\025DD\336e\367\n\312\326\221\037\025\230vG0E\002!\000\276?\335q\302\001\+c\020s\245g<8\342o\246%\265\306W\223&N\347\\203\236\r\001c\002 p\n\344\021\272\261\0236\353<\245\306\036\276J\374\325\035\244\343h\370V\210\246Ps\211\320\211\021\016""; "
1750527621471,1750527621471,0,1,0,3,TMGetLedger,"itype: liBASE; ledgerHash: ""A\321\341bca\253\025\321\311\317\021\375\317\217\n\272\033o\353G>\275\361H\265\240\232um""\317""; ledgerSeq: 27; queryType: qtINDIRECT; ","itype: liBASE; ledgerHash: ""A\321\341bca\253\025\321\311\317\021\375\317\217\n\272\033o\353G>\275\361H\265\240\232um""\317""; ledgerSeq: 27; queryType: qtINDIRECT; "
1750527621471,1750527621471,0,1,0,4,TMGetLedger,"itype: liBASE; ledgerHash: ""A\321\341bca\253\025\321\311\317\021\375\317\217\n\272\033o\353G>\275\361H\265\240\232um""\317""; ledgerSeq: 27; queryType: qtINDIRECT; ","itype: liBASE; ledgerHash: ""A\321\341bca\253\025\321\311\317\021\375\317\217\n\272\033o\353G>\275\361H\265\240\232um""\317""; ledgerSeq: 27; queryType: qtINDIRECT; "
1750527621473,1750527621473,0,1,1,3,TMGetLedger,"itype: liBASE; ledgerHash: ""A\321\341bca\253\025\321\311\317\021\375\317\217\n\272\033o\353G>\275\361H\265\240\232um""\317""; requestCookie: 5; queryType: qtINDIRECT; ","itype: liBASE; ledgerHash: ""A\321\341bca\253\025\321\311\317\021\375\317\217\n\272\033o\353G>\275\361H\265\240\232um""\317""; requestCookie: 5; queryType: qtINDIRECT; "
1750527621473,1750527621473,0,1,3,4,TMLedgerData,"ledgerHash: ""A\321\341bca\253\025\321\311\317\021\375\317\217\n\272\033o\353G>\275\361H\265\240\232um""\317""; ledgerSeq: 27; type: liBASE; nodes {;   nodedata: ""\000\000\000\033\001cEx]\211\377\330J +\370\t^b\005\020\003\211\373\247|hC\271Nmk~J\270EU\274\036-\347\240\312F\000\000\000\000\000\000\000\000\000\000\000\000\000\000\000\000\000\000\000\000\000\000\000\000\000\000\000\000\000\000\000\0009\241\370Sf\224\000\362\311\274\264\2253>\316jTZ\313\207)\3121\312c\262>\3178 \202\326/\351\253\004/\351\253\005\n\000""; }; nodes {;   nodedata: ""\323C\344\327\264{\312-\017:\006{\177\344N\002\326bO\260\220\006\033\362\345\005U\221DzJ0\001\301\025%1L\307\t\261\262z\374\222T\301\274V\236\223\262\270Ct\362\337b\356\024*\324\320\351\317\002k\336\234\027v\351\217\260\303\360\233ZPZWr\246$w\313\313\r\243r\232\2234\373\3539:N\004Q\245\272D\312D\300\300\t\323\0257\345e\271\na\215{\226\255x%T\257\037\333\004\344_/R\006E\344\037@\210\363\010\336T\226\247'\204_{\261\370""1\235\2445\343\033Y!\212\201\341\272\225'\007\263&\227\335t\265j<\344,\262\267\361d\232m\356\244H)8L\356\231&\233p\236\032\212\253[\013\003""; }; ","ledgerHash: ""A\321\341bca\253\025\321\311\317\021\375\317\217\n\272\033o\353G>\275\361H\265\240\232um""\317""; ledgerSeq: 27; type: liBASE; nodes {;   nodedata: ""\000\000\000\033\001cEx]\211\377\330J +\370\t^b\005\020\003\211\373\247|hC\271Nmk~J\270EU\274\036-\347\240\312F\000\000\000\000\000\000\000\000\000\000\000\000\000\000\000\000\000\000\000\000\000\000\000\000\000\000\000\000\000\000\000\0009\241\370Sf\224\000\362\311\274\264\2253>\316jTZ\313\207)\3121\312c\262>\3178 \202\326/\351\253\004/\351\253\005\n\000""; }; nodes {;   nodedata: ""\323C\344\327\264{\312-\017:\006{\177\344N\002\326bO\260\220\006\033\362\345\005U\221DzJ0\001\301\025%1L\307\t\261\262z\374\222T\301\274V\236\223\262\270Ct\362\337b\356\024*\324\320\351\317\002k\336\234\027v\351\217\260\303\360\233ZPZWr\246$w\313\313\r\243r\232\2234\373\3539:N\004Q\245\272D\312D\300\300\t\323\0257\345e\271\na\215{\226\255x%T\257\037\333\004\344_/R\006E\344\037@\210\363\010\336T\226\247'\204_{\261\370""1\235\2445\343\033Y!\212\201\341\272\225'\007\263&\227\335t\265j<\344,\262\267\361d\232m\356\244H)8L\356\231&\233p\236\032\212\253[\013\003""; }; "
1750527621473,1750527621473,0,1,2,1,TMGetLedger,"itype: liBASE; ledgerHash: ""A\321\341bca\253\025\321\311\317\021\375\317\217\n\272\033o\353G>\275\361H\265\240\232um""\317""; ledgerSeq: 27; ","itype: liBASE; ledgerHash: ""A\321\341bca\253\025\321\311\317\021\375\317\217\n\272\033o\353G>\275\361H\265\240\232um""\317""; ledgerSeq: 27; "
1750527621474,1750527621474,0,1,2,1,TMGetLedger,"itype: liBASE; ledgerHash: ""A\321\341bca\253\025\321\311\317\021\375\317\217\n\272\033o\353G>\275\361H\265\240\232um""\317""; ledgerSeq: 27; queryType: qtINDIRECT; ","itype: liBASE; ledgerHash: ""A\321\341bca\253\025\321\311\317\021\375\317\217\n\272\033o\353G>\275\361H\265\240\232um""\317""; ledgerSeq: 27; queryType: qtINDIRECT; "
1750527621475,1750527621475,0,1,2,1,TMValidation,"validation: """"\200\000\000\001&\000\000\000\033)/\351\253\005:p\210\265\307-\212\200\004QA\321\341bca\253\025\321\311\317\021\375\317\217\n\272\033o\353G>\275\361H\265\240\232um""\317P\027\000\000\000\000\000\000\000\000\000\000\000\000\000\000\000\000\000\000\000\000\000\000\000\000\000\000\000\000\000\000\000\000P\031J +\370\t^b\005\020\003\211\373\247|hC\271Nmk~J\270EU\274\036-\347\240\312Fs!\002\364d\217\366\217|\316F\232\231\241\n\261\333`\312O\367\235\025DD\336e\367\n\312\326\221\037\025\230vG0E\002!\000\276?\335q\302\001\+c\020s\245g<8\342o\246%\265\306W\223&N\347\\203\236\r\001c\002 p\n\344\021\272\261\0236\353<\245\306\036\276J\374\325\035\244\343h\370V\210\246Ps\211\320\211\021\016""; ","validation: """"\200\000\000\001&\000\000\000\033)/\351\253\005:p\210\265\307-\212\200\004QA\321\341bca\253\025\321\311\317\021\375\317\217\n\272\033o\353G>\275\361H\265\240\232um""\317P\027\000\000\000\000\000\000\000\000\000\000\000\000\000\000\000\000\000\000\000\000\000\000\000\000\000\000\000\000\000\000\000\000P\031J +\370\t^b\005\020\003\211\373\247|hC\271Nmk~J\270EU\274\036-\347\240\312Fs!\002\364d\217\366\217|\316F\232\231\241\n\261\333`\312O\367\235\025DD\336e\367\n\312\326\221\037\025\230vG0E\002!\000\276?\335q\302\001\+c\020s\245g<8\342o\246%\265\306W\223&N\347\\203\236\r\001c\002 p\n\344\021\272\261\0236\353<\245\306\036\276J\374\325\035\244\343h\370V\210\246Ps\211\320\211\021\016""; "
1750527621475,1750527621475,0,1,3,1,TMLedgerData,"ledgerHash: ""A\321\341bca\253\025\321\311\317\021\375\317\217\n\272\033o\353G>\275\361H\265\240\232um""\317""; ledgerSeq: 27; type: liBASE; nodes {;   nodedata: ""\000\000\000\033\001cEx]\211\377\330J +\370\t^b\005\020\003\211\373\247|hC\271Nmk~J\270EU\274\036-\347\240\312F\000\000\000\000\000\000\000\000\000\000\000\000\000\000\000\000\000\000\000\000\000\000\000\000\000\000\000\000\000\000\000\0009\241\370Sf\224\000\362\311\274\264\2253>\316jTZ\313\207)\3121\312c\262>\3178 \202\326/\351\253\004/\351\253\005\n\000""; }; nodes {;   nodedata: ""\323C\344\327\264{\312-\017:\006{\177\344N\002\326bO\260\220\006\033\362\345\005U\221DzJ0\001\301\025%1L\307\t\261\262z\374\222T\301\274V\236\223\262\270Ct\362\337b\356\024*\324\320\351\317\002k\336\234\027v\351\217\260\303\360\233ZPZWr\246$w\313\313\r\243r\232\2234\373\3539:N\004Q\245\272D\312D\300\300\t\323\0257\345e\271\na\215{\226\255x%T\257\037\333\004\344_/R\006E\344\037@\210\363\010\336T\226\247'\204_{\261\370""1\235\2445\343\033Y!\212\201\341\272\225'\007\263&\227\335t\265j<\344,\262\267\361d\232m\356\244H)8L\356\231&\233p\236\032\212\253[\013\003""; }; ","ledgerHash: ""A\321\341bca\253\025\321\311\317\021\375\317\217\n\272\033o\353G>\275\361H\265\240\232um""\317""; ledgerSeq: 27; type: liBASE; nodes {;   nodedata: ""\000\000\000\033\001cEx]\211\377\330J +\370\t^b\005\020\003\211\373\247|hC\271Nmk~J\270EU\274\036-\347\240\312F\000\000\000\000\000\000\000\000\000\000\000\000\000\000\000\000\000\000\000\000\000\000\000\000\000\000\000\000\000\000\000\0009\241\370Sf\224\000\362\311\274\264\2253>\316jTZ\313\207)\3121\312c\262>\3178 \202\326/\351\253\004/\351\253\005\n\000""; }; nodes {;   nodedata: ""\323C\344\327\264{\312-\017:\006{\177\344N\002\326bO\260\220\006\033\362\345\005U\221DzJ0\001\301\025%1L\307\t\261\262z\374\222T\301\274V\236\223\262\270Ct\362\337b\356\024*\324\320\351\317\002k\336\234\027v\351\217\260\303\360\233ZPZWr\246$w\313\313\r\243r\232\2234\373\3539:N\004Q\245\272D\312D\300\300\t\323\0257\345e\271\na\215{\226\255x%T\257\037\333\004\344_/R\006E\344\037@\210\363\010\336T\226\247'\204_{\261\370""1\235\2445\343\033Y!\212\201\341\272\225'\007\263&\227\335t\265j<\344,\262\267\361d\232m\356\244H)8L\356\231&\233p\236\032\212\253[\013\003""; }; "
1750527621476,1750527621476,0,1,4,3,TMGetLedger,"itype: liBASE; ledgerHash: ""A\321\341bca\253\025\321\311\317\021\375\317\217\n\272\033o\353G>\275\361H\265\240\232um""\317""; requestCookie: 2; queryType: qtINDIRECT; ","itype: liBASE; ledgerHash: ""A\321\341bca\253\025\321\311\317\021\375\317\217\n\272\033o\353G>\275\361H\265\240\232um""\317""; requestCookie: 2; queryType: qtINDIRECT; "
1750527621477,1750527621477,0,1,3,2,TMLedgerData,"ledgerHash: ""A\321\341bca\253\025\321\311\317\021\375\317\217\n\272\033o\353G>\275\361H\265\240\232um""\317""; ledgerSeq: 27; type: liBASE; nodes {;   nodedata: ""\000\000\000\033\001cEx]\211\377\330J +\370\t^b\005\020\003\211\373\247|hC\271Nmk~J\270EU\274\036-\347\240\312F\000\000\000\000\000\000\000\000\000\000\000\000\000\000\000\000\000\000\000\000\000\000\000\000\000\000\000\000\000\000\000\0009\241\370Sf\224\000\362\311\274\264\2253>\316jTZ\313\207)\3121\312c\262>\3178 \202\326/\351\253\004/\351\253\005\n\000""; }; nodes {;   nodedata: ""\323C\344\327\264{\312-\017:\006{\177\344N\002\326bO\260\220\006\033\362\345\005U\221DzJ0\001\301\025%1L\307\t\261\262z\374\222T\301\274V\236\223\262\270Ct\362\337b\356\024*\324\320\351\317\002k\336\234\027v\351\217\260\303\360\233ZPZWr\246$w\313\313\r\243r\232\2234\373\3539:N\004Q\245\272D\312D\300\300\t\323\0257\345e\271\na\215{\226\255x%T\257\037\333\004\344_/R\006E\344\037@\210\363\010\336T\226\247'\204_{\261\370""1\235\2445\343\033Y!\212\201\341\272\225'\007\263&\227\335t\265j<\344,\262\267\361d\232m\356\244H)8L\356\231&\233p\236\032\212\253[\013\003""; }; ","ledgerHash: ""A\321\341bca\253\025\321\311\317\021\375\317\217\n\272\033o\353G>\275\361H\265\240\232um""\317""; ledgerSeq: 27; type: liBASE; nodes {;   nodedata: ""\000\000\000\033\001cEx]\211\377\330J +\370\t^b\005\020\003\211\373\247|hC\271Nmk~J\270EU\274\036-\347\240\312F\000\000\000\000\000\000\000\000\000\000\000\000\000\000\000\000\000\000\000\000\000\000\000\000\000\000\000\000\000\000\000\0009\241\370Sf\224\000\362\311\274\264\2253>\316jTZ\313\207)\3121\312c\262>\3178 \202\326/\351\253\004/\351\253\005\n\000""; }; nodes {;   nodedata: ""\323C\344\327\264{\312-\017:\006{\177\344N\002\326bO\260\220\006\033\362\345\005U\221DzJ0\001\301\025%1L\307\t\261\262z\374\222T\301\274V\236\223\262\270Ct\362\337b\356\024*\324\320\351\317\002k\336\234\027v\351\217\260\303\360\233ZPZWr\246$w\313\313\r\243r\232\2234\373\3539:N\004Q\245\272D\312D\300\300\t\323\0257\345e\271\na\215{\226\255x%T\257\037\333\004\344_/R\006E\344\037@\210\363\010\336T\226\247'\204_{\261\370""1\235\2445\343\033Y!\212\201\341\272\225'\007\263&\227\335t\265j<\344,\262\267\361d\232m\356\244H)8L\356\231&\233p\236\032\212\253[\013\003""; }; "
1750527621478,1750527621478,0,1,4,3,TMGetLedger,"itype: liAS_NODE; ledgerHash: ""A\321\341bca\253\025\321\311\317\021\375\317\217\n\272\033o\353G>\275\361H\265\240\232um""\317""; ledgerSeq: 27; nodeIDs: ""\260\000\000\000\000\000\000\000\000\000\000\000\000\000\000\000\000\000\000\000\000\000\000\000\000\000\000\000\000\000\000\000\001""; queryType: qtINDIRECT; queryDepth: 1; ","itype: liAS_NODE; ledgerHash: ""A\321\341bca\253\025\321\311\317\021\375\317\217\n\272\033o\353G>\275\361H\265\240\232um""\317""; ledgerSeq: 27; nodeIDs: ""\260\000\000\000\000\000\000\000\000\000\000\000\000\000\000\000\000\000\000\000\000\000\000\000\000\000\000\000\000\000\000\000\001""; queryType: qtINDIRECT; queryDepth: 1; "
1750527621478,1750527621478,0,1,3,0,TMValidation,"validation: """"\200\000\000\001&\000\000\000\033)/\351\253\005:p\210\265\307-\212\200\004QA\321\341bca\253\025\321\311\317\021\375\317\217\n\272\033o\353G>\275\361H\265\240\232um""\317P\027\000\000\000\000\000\000\000\000\000\000\000\000\000\000\000\000\000\000\000\000\000\000\000\000\000\000\000\000\000\000\000\000P\031J +\370\t^b\005\020\003\211\373\247|hC\271Nmk~J\270EU\274\036-\347\240\312Fs!\002\364d\217\366\217|\316F\232\231\241\n\261\333`\312O\367\235\025DD\336e\367\n\312\326\221\037\025\230vG0E\002!\000\276?\335q\302\001\+c\020s\245g<8\342o\246%\265\306W\223&N\347\\203\236\r\001c\002 p\n\344\021\272\261\0236\353<\245\306\036\276J\374\325\035\244\343h\370V\210\246Ps\211\320\211\021\016""; ","validation: """"\200\000\000\001&\000\000\000\033)/\351\253\005:p\210\265\307-\212\200\004QA\321\341bca\253\025\321\311\317\021\375\317\217\n\272\033o\353G>\275\361H\265\240\232um""\317P\027\000\000\000\000\000\000\000\000\000\000\000\000\000\000\000\000\000\000\000\000\000\000\000\000\000\000\000\000\000\000\000\000P\031J +\370\t^b\005\020\003\211\373\247|hC\271Nmk~J\270EU\274\036-\347\240\312Fs!\002\364d\217\366\217|\316F\232\231\241\n\261\333`\312O\367\235\025DD\336e\367\n\312\326\221\037\025\230vG0E\002!\000\276?\335q\302\001\+c\020s\245g<8\342o\246%\265\306W\223&N\347\\203\236\r\001c\002 p\n\344\021\272\261\0236\353<\245\306\036\276J\374\325\035\244\343h\370V\210\246Ps\211\320\211\021\016""; "
1750527621479,1750527621479,0,1,1,0,TMValidation,"validation: """"\200\000\000\001&\000\000\000\033)/\351\253\005:p\210\265\307-\212\200\004QA\321\341bca\253\025\321\311\317\021\375\317\217\n\272\033o\353G>\275\361H\265\240\232um""\317P\027\000\000\000\000\000\000\000\000\000\000\000\000\000\000\000\000\000\000\000\000\000\000\000\000\000\000\000\000\000\000\000\000P\031J +\370\t^b\005\020\003\211\373\247|hC\271Nmk~J\270EU\274\036-\347\240\312Fs!\002\364d\217\366\217|\316F\232\231\241\n\261\333`\312O\367\235\025DD\336e\367\n\312\326\221\037\025\230vG0E\002!\000\276?\335q\302\001\+c\020s\245g<8\342o\246%\265\306W\223&N\347\\203\236\r\001c\002 p\n\344\021\272\261\0236\353<\245\306\036\276J\374\325\035\244\343h\370V\210\246Ps\211\320\211\021\016""; ","validation: """"\200\000\000\001&\000\000\000\033)/\351\253\005:p\210\265\307-\212\200\004QA\321\341bca\253\025\321\311\317\021\375\317\217\n\272\033o\353G>\275\361H\265\240\232um""\317P\027\000\000\000\000\000\000\000\000\000\000\000\000\000\000\000\000\000\000\000\000\000\000\000\000\000\000\000\000\000\000\000\000P\031J +\370\t^b\005\020\003\211\373\247|hC\271Nmk~J\270EU\274\036-\347\240\312Fs!\002\364d\217\366\217|\316F\232\231\241\n\261\333`\312O\367\235\025DD\336e\367\n\312\326\221\037\025\230vG0E\002!\000\276?\335q\302\001\+c\020s\245g<8\342o\246%\265\306W\223&N\347\\203\236\r\001c\002 p\n\344\021\272\261\0236\353<\245\306\036\276J\374\325\035\244\343h\370V\210\246Ps\211\320\211\021\016""; "
1750527621479,1750527621479,0,1,1,0,TMGetLedger,"itype: liBASE; ledgerHash: ""A\321\341bca\253\025\321\311\317\021\375\317\217\n\272\033o\353G>\275\361H\265\240\232um""\317""; queryType: qtINDIRECT; ","itype: liBASE; ledgerHash: ""A\321\341bca\253\025\321\311\317\021\375\317\217\n\272\033o\353G>\275\361H\265\240\232um""\317""; queryType: qtINDIRECT; "
1750527621480,1750527621480,0,1,4,0,TMGetLedger,"itype: liBASE; ledgerHash: ""A\321\341bca\253\025\321\311\317\021\375\317\217\n\272\033o\353G>\275\361H\265\240\232um""\317""; queryType: qtINDIRECT; ","itype: liBASE; ledgerHash: ""A\321\341bca\253\025\321\311\317\021\375\317\217\n\272\033o\353G>\275\361H\265\240\232um""\317""; queryType: qtINDIRECT; "
1750527621480,1750527621480,0,1,4,0,TMGetLedger,"itype: liBASE; ledgerHash: ""A\321\341bca\253\025\321\311\317\021\375\317\217\n\272\033o\353G>\275\361H\265\240\232um""\317""; ","itype: liBASE; ledgerHash: ""A\321\341bca\253\025\321\311\317\021\375\317\217\n\272\033o\353G>\275\361H\265\240\232um""\317""; "
1750527621481,1750527621482,0,1,3,0,TMLedgerData,"ledgerHash: ""A\321\341bca\253\025\321\311\317\021\375\317\217\n\272\033o\353G>\275\361H\265\240\232um""\317""; ledgerSeq: 27; type: liBASE; nodes {;   nodedata: ""\000\000\000\033\001cEx]\211\377\330J +\370\t^b\005\020\003\211\373\247|hC\271Nmk~J\270EU\274\036-\347\240\312F\000\000\000\000\000\000\000\000\000\000\000\000\000\000\000\000\000\000\000\000\000\000\000\000\000\000\000\000\000\000\000\0009\241\370Sf\224\000\362\311\274\264\2253>\316jTZ\313\207)\3121\312c\262>\3178 \202\326/\351\253\004/\351\253\005\n\000""; }; nodes {;   nodedata: ""\323C\344\327\264{\312-\017:\006{\177\344N\002\326bO\260\220\006\033\362\345\005U\221DzJ0\001\301\025%1L\307\t\261\262z\374\222T\301\274V\236\223\262\270Ct\362\337b\356\024*\324\320\351\317\002k\336\234\027v\351\217\260\303\360\233ZPZWr\246$w\313\313\r\243r\232\2234\373\3539:N\004Q\245\272D\312D\300\300\t\323\0257\345e\271\na\215{\226\255x%T\257\037\333\004\344_/R\006E\344\037@\210\363\010\336T\226\247'\204_{\261\370""1\235\2445\343\033Y!\212\201\341\272\225'\007\263&\227\335t\265j<\344,\262\267\361d\232m\356\244H)8L\356\231&\233p\236\032\212\253[\013\003""; }; ","ledgerHash: ""A\321\341bca\253\025\321\311\317\021\375\317\217\n\272\033o\353G>\275\361H\265\240\232um""\317""; ledgerSeq: 27; type: liBASE; nodes {;   nodedata: ""\000\000\000\033\001cEx]\211\377\330J +\370\t^b\005\020\003\211\373\247|hC\271Nmk~J\270EU\274\036-\347\240\312F\000\000\000\000\000\000\000\000\000\000\000\000\000\000\000\000\000\000\000\000\000\000\000\000\000\000\000\000\000\000\000\0009\241\370Sf\224\000\362\311\274\264\2253>\316jTZ\313\207)\3121\312c\262>\3178 \202\326/\351\253\004/\351\253\005\n\000""; }; nodes {;   nodedata: ""\323C\344\327\264{\312-\017:\006{\177\344N\002\326bO\260\220\006\033\362\345\005U\221DzJ0\001\301\025%1L\307\t\261\262z\374\222T\301\274V\236\223\262\270Ct\362\337b\356\024*\324\320\351\317\002k\336\234\027v\351\217\260\303\360\233ZPZWr\246$w\313\313\r\243r\232\2234\373\3539:N\004Q\245\272D\312D\300\300\t\323\0257\345e\271\na\215{\226\255x%T\257\037\333\004\344_/R\006E\344\037@\210\363\010\336T\226\247'\204_{\261\370""1\235\2445\343\033Y!\212\201\341\272\225'\007\263&\227\335t\265j<\344,\262\267\361d\232m\356\244H)8L\356\231&\233p\236\032\212\253[\013\003""; }; "
1750527621482,1750527621482,0,1,2,0,TMGetLedger,"itype: liBASE; ledgerHash: ""A\321\341bca\253\025\321\311\317\021\375\317\217\n\272\033o\353G>\275\361H\265\240\232um""\317""; ledgerSeq: 27; queryType: qtINDIRECT; ","itype: liBASE; ledgerHash: ""A\321\341bca\253\025\321\311\317\021\375\317\217\n\272\033o\353G>\275\361H\265\240\232um""\317""; ledgerSeq: 27; queryType: qtINDIRECT; "
1750527621483,1750527621483,0,1,2,0,TMValidation,"validation: """"\200\000\000\001&\000\000\000\033)/\351\253\005:p\210\265\307-\212\200\004QA\321\341bca\253\025\321\311\317\021\375\317\217\n\272\033o\353G>\275\361H\265\240\232um""\317P\027\000\000\000\000\000\000\000\000\000\000\000\000\000\000\000\000\000\000\000\000\000\000\000\000\000\000\000\000\000\000\000\000P\031J +\370\t^b\005\020\003\211\373\247|hC\271Nmk~J\270EU\274\036-\347\240\312Fs!\002\364d\217\366\217|\316F\232\231\241\n\261\333`\312O\367\235\025DD\336e\367\n\312\326\221\037\025\230vG0E\002!\000\276?\335q\302\001\+c\020s\245g<8\342o\246%\265\306W\223&N\347\\203\236\r\001c\002 p\n\344\021\272\261\0236\353<\245\306\036\276J\374\325\035\244\343h\370V\210\246Ps\211\320\211\021\016""; ","validation: """"\200\000\000\001&\000\000\000\033)/\351\253\005:p\210\265\307-\212\200\004QA\321\341bca\253\025\321\311\317\021\375\317\217\n\272\033o\353G>\275\361H\265\240\232um""\317P\027\000\000\000\000\000\000\000\000\000\000\000\000\000\000\000\000\000\000\000\000\000\000\000\000\000\000\000\000\000\000\000\000P\031J +\370\t^b\005\020\003\211\373\247|hC\271Nmk~J\270EU\274\036-\347\240\312Fs!\002\364d\217\366\217|\316F\232\231\241\n\261\333`\312O\367\235\025DD\336e\367\n\312\326\221\037\025\230vG0E\002!\000\276?\335q\302\001\+c\020s\245g<8\342o\246%\265\306W\223&N\347\\203\236\r\001c\002 p\n\344\021\272\261\0236\353<\245\306\036\276J\374\325\035\244\343h\370V\210\246Ps\211\320\211\021\016""; "
1750527621484,1750527621484,0,1,3,0,TMLedgerData,"ledgerHash: ""A\321\341bca\253\025\321\311\317\021\375\317\217\n\272\033o\353G>\275\361H\265\240\232um""\317""; ledgerSeq: 27; type: liBASE; nodes {;   nodedata: ""\000\000\000\033\001cEx]\211\377\330J +\370\t^b\005\020\003\211\373\247|hC\271Nmk~J\270EU\274\036-\347\240\312F\000\000\000\000\000\000\000\000\000\000\000\000\000\000\000\000\000\000\000\000\000\000\000\000\000\000\000\000\000\000\000\0009\241\370Sf\224\000\362\311\274\264\2253>\316jTZ\313\207)\3121\312c\262>\3178 \202\326/\351\253\004/\351\253\005\n\000""; }; nodes {;   nodedata: ""\323C\344\327\264{\312-\017:\006{\177\344N\002\326bO\260\220\006\033\362\345\005U\221DzJ0\001\301\025%1L\307\t\261\262z\374\222T\301\274V\236\223\262\270Ct\362\337b\356\024*\324\320\351\317\002k\336\234\027v\351\217\260\303\360\233ZPZWr\246$w\313\313\r\243r\232\2234\373\3539:N\004Q\245\272D\312D\300\300\t\323\0257\345e\271\na\215{\226\255x%T\257\037\333\004\344_/R\006E\344\037@\210\363\010\336T\226\247'\204_{\261\370""1\235\2445\343\033Y!\212\201\341\272\225'\007\263&\227\335t\265j<\344,\262\267\361d\232m\356\244H)8L\356\231&\233p\236\032\212\253[\013\003""; }; ","ledgerHash: ""A\321\341bca\253\025\321\311\317\021\375\317\217\n\272\033o\353G>\275\361H\265\240\232um""\317""; ledgerSeq: 27; type: liBASE; nodes {;   nodedata: ""\000\000\000\033\001cEx]\211\377\330J +\370\t^b\005\020\003\211\373\247|hC\271Nmk~J\270EU\274\036-\347\240\312F\000\000\000\000\000\000\000\000\000\000\000\000\000\000\000\000\000\000\000\000\000\000\000\000\000\000\000\000\000\000\000\0009\241\370Sf\224\000\362\311\274\264\2253>\316jTZ\313\207)\3121\312c\262>\3178 \202\326/\351\253\004/\351\253\005\n\000""; }; nodes {;   nodedata: ""\323C\344\327\264{\312-\017:\006{\177\344N\002\326bO\260\220\006\033\362\345\005U\221DzJ0\001\301\025%1L\307\t\261\262z\374\222T\301\274V\236\223\262\270Ct\362\337b\356\024*\324\320\351\317\002k\336\234\027v\351\217\260\303\360\233ZPZWr\246$w\313\313\r\243r\232\2234\373\3539:N\004Q\245\272D\312D\300\300\t\323\0257\345e\271\na\215{\226\255x%T\257\037\333\004\344_/R\006E\344\037@\210\363\010\336T\226\247'\204_{\261\370""1\235\2445\343\033Y!\212\201\341\272\225'\007\263&\227\335t\265j<\344,\262\267\361d\232m\356\244H)8L\356\231&\233p\236\032\212\253[\013\003""; }; "
1750527621485,1750527621485,0,1,3,1,TMLedgerData,"ledgerHash: ""A\321\341bca\253\025\321\311\317\021\375\317\217\n\272\033o\353G>\275\361H\265\240\232um""\317""; ledgerSeq: 27; type: liBASE; nodes {;   nodedata: ""\000\000\000\033\001cEx]\211\377\330J +\370\t^b\005\020\003\211\373\247|hC\271Nmk~J\270EU\274\036-\347\240\312F\000\000\000\000\000\000\000\000\000\000\000\000\000\000\000\000\000\000\000\000\000\000\000\000\000\000\000\000\000\000\000\0009\241\370Sf\224\000\362\311\274\264\2253>\316jTZ\313\207)\3121\312c\262>\3178 \202\326/\351\253\004/\351\253\005\n\000""; }; nodes {;   nodedata: ""\323C\344\327\264{\312-\017:\006{\177\344N\002\326bO\260\220\006\033\362\345\005U\221DzJ0\001\301\025%1L\307\t\261\262z\374\222T\301\274V\236\223\262\270Ct\362\337b\356\024*\324\320\351\317\002k\336\234\027v\351\217\260\303\360\233ZPZWr\246$w\313\313\r\243r\232\2234\373\3539:N\004Q\245\272D\312D\300\300\t\323\0257\345e\271\na\215{\226\255x%T\257\037\333\004\344_/R\006E\344\037@\210\363\010\336T\226\247'\204_{\261\370""1\235\2445\343\033Y!\212\201\341\272\225'\007\263&\227\335t\265j<\344,\262\267\361d\232m\356\244H)8L\356\231&\233p\236\032\212\253[\013\003""; }; ","ledgerHash: ""A\321\341bca\253\025\321\311\317\021\375\317\217\n\272\033o\353G>\275\361H\265\240\232um""\317""; ledgerSeq: 27; type: liBASE; nodes {;   nodedata: ""\000\000\000\033\001cEx]\211\377\330J +\370\t^b\005\020\003\211\373\247|hC\271Nmk~J\270EU\274\036-\347\240\312F\000\000\000\000\000\000\000\000\000\000\000\000\000\000\000\000\000\000\000\000\000\000\000\000\000\000\000\000\000\000\000\0009\241\370Sf\224\000\362\311\274\264\2253>\316jTZ\313\207)\3121\312c\262>\3178 \202\326/\351\253\004/\351\253\005\n\000""; }; nodes {;   nodedata: ""\323C\344\327\264{\312-\017:\006{\177\344N\002\326bO\260\220\006\033\362\345\005U\221DzJ0\001\301\025%1L\307\t\261\262z\374\222T\301\274V\236\223\262\270Ct\362\337b\356\024*\324\320\351\317\002k\336\234\027v\351\217\260\303\360\233ZPZWr\246$w\313\313\r\243r\232\2234\373\3539:N\004Q\245\272D\312D\300\300\t\323\0257\345e\271\na\215{\226\255x%T\257\037\333\004\344_/R\006E\344\037@\210\363\010\336T\226\247'\204_{\261\370""1\235\2445\343\033Y!\212\201\341\272\225'\007\263&\227\335t\265j<\344,\262\267\361d\232m\356\244H)8L\356\231&\233p\236\032\212\253[\013\003""; }; "
1750527621486,1750527621486,0,1,4,3,TMGetLedger,"itype: liBASE; ledgerHash: ""A\321\341bca\253\025\321\311\317\021\375\317\217\n\272\033o\353G>\275\361H\265\240\232um""\317""; ledgerSeq: 27; requestCookie: 1; queryType: qtINDIRECT; ","itype: liBASE; ledgerHash: ""A\321\341bca\253\025\321\311\317\021\375\317\217\n\272\033o\353G>\275\361H\265\240\232um""\317""; ledgerSeq: 27; requestCookie: 1; queryType: qtINDIRECT; "
1750527621487,1750527621487,0,1,4,3,TMGetLedger,"itype: liBASE; ledgerHash: ""A\321\341bca\253\025\321\311\317\021\375\317\217\n\272\033o\353G>\275\361H\265\240\232um""\317""; ledgerSeq: 27; requestCookie: 3; queryType: qtINDIRECT; ","itype: liBASE; ledgerHash: ""A\321\341bca\253\025\321\311\317\021\375\317\217\n\272\033o\353G>\275\361H\265\240\232um""\317""; ledgerSeq: 27; requestCookie: 3; queryType: qtINDIRECT; "
1750527621487,1750527621488,0,1,1,2,TMValidation,"validation: """"\200\000\000\001&\000\000\000\033)/\351\253\005:p\210\265\307-\212\200\004QA\321\341bca\253\025\321\311\317\021\375\317\217\n\272\033o\353G>\275\361H\265\240\232um""\317P\027\000\000\000\000\000\000\000\000\000\000\000\000\000\000\000\000\000\000\000\000\000\000\000\000\000\000\000\000\000\000\000\000P\031J +\370\t^b\005\020\003\211\373\247|hC\271Nmk~J\270EU\274\036-\347\240\312Fs!\002\364d\217\366\217|\316F\232\231\241\n\261\333`\312O\367\235\025DD\336e\367\n\312\326\221\037\025\230vG0E\002!\000\276?\335q\302\001\+c\020s\245g<8\342o\246%\265\306W\223&N\347\\203\236\r\001c\002 p\n\344\021\272\261\0236\353<\245\306\036\276J\374\325\035\244\343h\370V\210\246Ps\211\320\211\021\016""; ","validation: """"\200\000\000\001&\000\000\000\033)/\351\253\005:p\210\265\307-\212\200\004QA\321\341bca\253\025\321\311\317\021\375\317\217\n\272\033o\353G>\275\361H\265\240\232um""\317P\027\000\000\000\000\000\000\000\000\000\000\000\000\000\000\000\000\000\000\000\000\000\000\000\000\000\000\000\000\000\000\000\000P\031J +\370\t^b\005\020\003\211\373\247|hC\271Nmk~J\270EU\274\036-\347\240\312Fs!\002\364d\217\366\217|\316F\232\231\241\n\261\333`\312O\367\235\025DD\336e\367\n\312\326\221\037\025\230vG0E\002!\000\276?\335q\302\001\+c\020s\245g<8\342o\246%\265\306W\223&N\347\\203\236\r\001c\002 p\n\344\021\272\261\0236\353<\245\306\036\276J\374\325\035\244\343h\370V\210\246Ps\211\320\211\021\016""; "
1750527621488,1750527621488,0,1,1,2,TMGetLedger,"itype: liBASE; ledgerHash: ""A\321\341bca\253\025\321\311\317\021\375\317\217\n\272\033o\353G>\275\361H\265\240\232um""\317""; queryType: qtINDIRECT; ","itype: liBASE; ledgerHash: ""A\321\341bca\253\025\321\311\317\021\375\317\217\n\272\033o\353G>\275\361H\265\240\232um""\317""; queryType: qtINDIRECT; "
1750527621488,1750527621488,0,1,1,3,TMGetLedger,"itype: liBASE; ledgerHash: ""A\321\341bca\253\025\321\311\317\021\375\317\217\n\272\033o\353G>\275\361H\265\240\232um""\317""; ledgerSeq: 27; requestCookie: 2; queryType: qtINDIRECT; ","itype: liBASE; ledgerHash: ""A\321\341bca\253\025\321\311\317\021\375\317\217\n\272\033o\353G>\275\361H\265\240\232um""\317""; ledgerSeq: 27; requestCookie: 2; queryType: qtINDIRECT; "
1750527621489,1750527621489,0,1,1,3,TMPing,type: ptPING; seq: 3596423553; ,type: ptPING; seq: 3596423553; 
1750527621490,1750527621490,0,1,1,3,TMGetLedger,"itype: liBASE; ledgerHash: ""A\321\341bca\253\025\321\311\317\021\375\317\217\n\272\033o\353G>\275\361H\265\240\232um""\317""; ledgerSeq: 27; requestCookie: 3; queryType: qtINDIRECT; ","itype: liBASE; ledgerHash: ""A\321\341bca\253\025\321\311\317\021\375\317\217\n\272\033o\353G>\275\361H\265\240\232um""\317""; ledgerSeq: 27; requestCookie: 3; queryType: qtINDIRECT; "
1750527621491,1750527621491,0,1,3,4,TMLedgerData,"ledgerHash: ""A\321\341bca\253\025\321\311\317\021\375\317\217\n\272\033o\353G>\275\361H\265\240\232um""\317""; ledgerSeq: 27; type: liBASE; nodes {;   nodedata: ""\000\000\000\033\001cEx]\211\377\330J +\370\t^b\005\020\003\211\373\247|hC\271Nmk~J\270EU\274\036-\347\240\312F\000\000\000\000\000\000\000\000\000\000\000\000\000\000\000\000\000\000\000\000\000\000\000\000\000\000\000\000\000\000\000\0009\241\370Sf\224\000\362\311\274\264\2253>\316jTZ\313\207)\3121\312c\262>\3178 \202\326/\351\253\004/\351\253\005\n\000""; }; nodes {;   nodedata: ""\323C\344\327\264{\312-\017:\006{\177\344N\002\326bO\260\220\006\033\362\345\005U\221DzJ0\001\301\025%1L\307\t\261\262z\374\222T\301\274V\236\223\262\270Ct\362\337b\356\024*\324\320\351\317\002k\336\234\027v\351\217\260\303\360\233ZPZWr\246$w\313\313\r\243r\232\2234\373\3539:N\004Q\245\272D\312D\300\300\t\323\0257\345e\271\na\215{\226\255x%T\257\037\333\004\344_/R\006E\344\037@\210\363\010\336T\226\247'\204_{\261\370""1\235\2445\343\033Y!\212\201\341\272\225'\007\263&\227\335t\265j<\344,\262\267\361d\232m\356\244H)8L\356\231&\233p\236\032\212\253[\013\003""; }; requestCookie: 2; ","ledgerHash: ""A\321\341bca\253\025\321\311\317\021\375\317\217\n\272\033o\353G>\275\361H\265\240\232um""\317""; ledgerSeq: 27; type: liBASE; nodes {;   nodedata: ""\000\000\000\033\001cEx]\211\377\330J +\370\t^b\005\020\003\211\373\247|hC\271Nmk~J\270EU\274\036-\347\240\312F\000\000\000\000\000\000\000\000\000\000\000\000\000\000\000\000\000\000\000\000\000\000\000\000\000\000\000\000\000\000\000\0009\241\370Sf\224\000\362\311\274\264\2253>\316jTZ\313\207)\3121\312c\262>\3178 \202\326/\351\253\004/\351\253\005\n\000""; }; nodes {;   nodedata: ""\323C\344\327\264{\312-\017:\006{\177\344N\002\326bO\260\220\006\033\362\345\005U\221DzJ0\001\301\025%1L\307\t\261\262z\374\222T\301\274V\236\223\262\270Ct\362\337b\356\024*\324\320\351\317\002k\336\234\027v\351\217\260\303\360\233ZPZWr\246$w\313\313\r\243r\232\2234\373\3539:N\004Q\245\272D\312D\300\300\t\323\0257\345e\271\na\215{\226\255x%T\257\037\333\004\344_/R\006E\344\037@\210\363\010\336T\226\247'\204_{\261\370""1\235\2445\343\033Y!\212\201\341\272\225'\007\263&\227\335t\265j<\344,\262\267\361d\232m\356\244H)8L\356\231&\233p\236\032\212\253[\013\003""; }; requestCookie: 2; "
1750527621491,1750527621491,0,1,2,3,TMGetLedger,"itype: liBASE; ledgerHash: ""A\321\341bca\253\025\321\311\317\021\375\317\217\n\272\033o\353G>\275\361H\265\240\232um""\317""; ledgerSeq: 27; queryType: qtINDIRECT; ","itype: liBASE; ledgerHash: ""A\321\341bca\253\025\321\311\317\021\375\317\217\n\272\033o\353G>\275\361H\265\240\232um""\317""; ledgerSeq: 27; queryType: qtINDIRECT; "
1750527621492,1750527621492,0,1,2,3,TMGetLedger,"itype: liBASE; ledgerHash: ""A\321\341bca\253\025\321\311\317\021\375\317\217\n\272\033o\353G>\275\361H\265\240\232um""\317""; requestCookie: 5; queryType: qtINDIRECT; ","itype: liBASE; ledgerHash: ""A\321\341bca\253\025\321\311\317\021\375\317\217\n\272\033o\353G>\275\361H\265\240\232um""\317""; requestCookie: 5; queryType: qtINDIRECT; "
1750527621493,1750527621493,0,1,3,4,TMLedgerData,"ledgerHash: ""A\321\341bca\253\025\321\311\317\021\375\317\217\n\272\033o\353G>\275\361H\265\240\232um""\317""; ledgerSeq: 27; type: liAS_NODE; nodes {;   nodedata: ""\021\000h""\000\000\000\000 \033\000\000\000\032\002\023\303\237\330\356GuH\375\327!\255\371\r\231\262R\256J\034\222\241\355X\265E\241^W\225\304\014\361CX-}\351f\032\255\274\334m\326c\017\014ao[\342\230\003\245\245\3341Hm\326^\017jy\335\261\032Yt\320\244{g\0306\\302\303*\341\215\223\257\364\277o\375\000r\241SOq\221\253\262\005\017\375T\356\014\360o'\030\311-\267\031\257!\031T\006><\315XM\334\324\345\034\000\325\367\240\271\013\265\024\321\362\354\211\250.\234s\225amc\305\035\366\276\037nD\277`\210\223N\3535\033\261\304f\331]\036\237\306o!\223\221\002\324\031\262\240R\177 ,\214\325\Q])\016\2067\277\t\354\010\000\360\215\2502\265\245\310\226\243c\302Ze\306\253#r\020\211\320iG\276\020E\317\035Sf\223F\254\033@\177e\277\016\010u\327\371&\262\312\317Q\2361t\377x\234\001v\003%\030\325_\225g\204\346a=\225\273\331\354\365*U\363\263N\367b\371\244\314-w\363\262\225Z\200\206\235\233\257?sE\2674\254\326mU\377?\177Ek\336\030!\316Aa\225\303\022\377{\210Y\226\271as\354L\035\004\341\361\035\301\024\220m#*\372\032\3178~\374\250\014*\323\342'z69\220\327\256\351G\367\317u\302\207\270b\315\333\333\334\310I\323&\014\352XZnW2.\335\347\202\021\247\362\212e\034\000\001\250\220\305;a\314\265R\310\017\317\331\235\360\262\240:\277\202\266\354\265X""\022\nh\252\352w\204\203\023]\001f\352\277\0031Q]\362\370R\350{\261\202\240\344\215\201\353\276\322p5p\350\354\017>\250r\241c\273\016\301\024\363\242\247\263\231\370\344\nBW\220K\316@3\243\200\036wk\253GSlU\010\360\231>\331\263H\214\324\030A\225\301o\346pkSF\004\241\213w9\223=\250\262*+\255\351r\265\244c\024\213\t\007`\223\325#\3477\210\345P\306\013\320\252[\0216+\227=`\371P\314\346 V7\271[~\n\237\274|\347\352@K\253~&\260\032\024\004B\200\255h\351\013\361\031:nG\211\005|\2003\266\274\251,W\006u\344\335d\003\306\212\313,\340\350bG\n\030Z\2732-\246\312\255\030\003\235207\005}D\260\0261ah\322M\304\216\273m0\271\234\237\007<w$\265C\245\232\033\023\313c\321B\032l\301h\005\320\252\301\361(\330[\343\357\343{\235\n\266g\272>\177\317\347\261qb&\270&\346ju\200\363N\320\307\004\034\001n\317\361\2653\254\2503\247\305\372\316W\022O\253x\250\025\373\247\354Tc\304\263\243^\352Gv\\264\261\r\035\226\306\2411\351\233\203\215\200$\231\300f\220\371c@\017\254\363\\371\340\340VaR\205~^\226\342t\360\022\204d\231\205)\272\364?\361!\334\331\315\254\230\rBG\314\023\246\244=\351\177\254\302b&\276+H;0\312\021&\275\036\237\350R\313\206R\331\304k\323u\263t\221\213yC\241\217A\242\027g\322\241'\212.E?B_\316\327\217J +\370\t^b\005\020\003\211\373\247|hC\271Nmk~J\270EU\274\036-\347\240\312F\264\227\2326\315\307\363\323\325\303\032N\256*\307\327 \235\332\207u\210\271\257\306g\231i*\260\326k\001"";   nodeid: ""\260\000\000\000\000\000\000\000\000\000\000\000\000\000\000\000\000\000\000\000\000\000\000\000\000\000\000\000\000\000\000\000\001""; }; ","ledgerHash: ""A\321\341bca\253\025\321\311\317\021\375\317\217\n\272\033o\353G>\275\361H\265\240\232um""\317""; ledgerSeq: 27; type: liAS_NODE; nodes {;   nodedata: ""\021\000h""\000\000\000\000 \033\000\000\000\032\002\023\303\237\330\356GuH\375\327!\255\371\r\231\262R\256J\034\222\241\355X\265E\241^W\225\304\014\361CX-}\351f\032\255\274\334m\326c\017\014ao[\342\230\003\245\245\3341Hm\326^\017jy\335\261\032Yt\320\244{g\0306\\302\303*\341\215\223\257\364\277o\375\000r\241SOq\221\253\262\005\017\375T\356\014\360o'\030\311-\267\031\257!\031T\006><\315XM\334\324\345\034\000\325\367\240\271\013\265\024\321\362\354\211\250.\234s\225amc\305\035\366\276\037nD\277`\210\223N\3535\033\261\304f\331]\036\237\306o!\223\221\002\324\031\262\240R\177 ,\214\325\Q])\016\2067\277\t\354\010\000\360\215\2502\265\245\310\226\243c\302Ze\306\253#r\020\211\320iG\276\020E\317\035Sf\223F\254\033@\177e\277\016\010u\327\371&\262\312\317Q\2361t\377x\234\001v\003%\030\325_\225g\204\346a=\225\273\331\354\365*U\363\263N\367b\371\244\314-w\363\262\225Z\200\206\235\233\257?sE\2674\254\326mU\377?\177Ek\336\030!\316Aa\225\303\022\377{\210Y\226\271as\354L\035\004\341\361\035\301\024\220m#*\372\032\3178~\374\250\014*\323\342'z69\220\327\256\351G\367\317u\302\207\270b\315\333\333\334\310I\323&\014\352XZnW2.\335\347\202\021\247\362\212e\034\000\001\250\220\305;a\314\265R\310\017\317\331\235\360\262\240:\277\202\266\354\265X""\022\nh\252\352w\204\203\023]\001f\352\277\0031Q]\362\370R\350{\261\202\240\344\215\201\353\276\322p5p\350\354\017>\250r\241c\273\016\301\024\363\242\247\263\231\370\344\nBW\220K\316@3\243\200\036wk\253GSlU\010\360\231>\331\263H\214\324\030A\225\301o\346pkSF\004\241\213w9\223=\250\262*+\255\351r\265\244c\024\213\t\007`\223\325#\3477\210\345P\306\013\320\252[\0216+\227=`\371P\314\346 V7\271[~\n\237\274|\347\352@K\253~&\260\032\024\004B\200\255h\351\013\361\031:nG\211\005|\2003\266\274\251,W\006u\344\335d\003\306\212\313,\340\350bG\n\030Z\2732-\246\312\255\030\003\235207\005}D\260\0261ah\322M\304\216\273m0\271\234\237\007<w$\265C\245\232\033\023\313c\321B\032l\301h\005\320\252\301\361(\330[\343\357\343{\235\n\266g\272>\177\317\347\261qb&\270&\346ju\200\363N\320\307\004\034\001n\317\361\2653\254\2503\247\305\372\316W\022O\253x\250\025\373\247\354Tc\304\263\243^\352Gv\\264\261\r\035\226\306\2411\351\233\203\215\200$\231\300f\220\371c@\017\254\363\\371\340\340VaR\205~^\226\342t\360\022\204d\231\205)\272\364?\361!\334\331\315\254\230\rBG\314\023\246\244=\351\177\254\302b&\276+H;0\312\021&\275\036\237\350R\313\206R\331\304k\323u\263t\221\213yC\241\217A\242\027g\322\241'\212.E?B_\316\327\217J +\370\t^b\005\020\003\211\373\247|hC\271Nmk~J\270EU\274\036-\347\240\312F\264\227\2326\315\307\363\323\325\303\032N\256*\307\327 \235\332\207u\210\271\257\306g\231i*\260\326k\001"";   nodeid: ""\260\000\000\000\000\000\000\000\000\000\000\000\000\000\000\000\000\000\000\000\000\000\000\000\000\000\000\000\000\000\000\000\001""; }; "
1750527621493,1750527621494,0,1,2,3,TMGetLedger,"itype: liBASE; ledgerHash: ""A\321\341bca\253\025\321\311\317\021\375\317\217\n\272\033o\353G>\275\361H\265\240\232um""\317""; ledgerSeq: 27; requestCookie: 2; queryType: qtINDIRECT; ","itype: liBASE; ledgerHash: ""A\321\341bca\253\025\321\311\317\021\375\317\217\n\272\033o\353G>\275\361H\265\240\232um""\317""; ledgerSeq: 27; requestCookie: 2; queryType: qtINDIRECT; "
1750527621494,1750527621495,0,1,0,3,TMGetLedger,"itype: liBASE; ledgerHash: ""A\321\341bca\253\025\321\311\317\021\375\317\217\n\272\033o\353G>\275\361H\265\240\232um""\317""; requestCookie: 2; queryType: qtINDIRECT; ","itype: liBASE; ledgerHash: ""A\321\341bca\253\025\321\311\317\021\375\317\217\n\272\033o\353G>\275\361H\265\240\232um""\317""; requestCookie: 2; queryType: qtINDIRECT; "
1750527621495,1750527621495,0,1,0,3,TMGetLedger,"itype: liBASE; ledgerHash: ""A\321\341bca\253\025\321\311\317\021\375\317\217\n\272\033o\353G>\275\361H\265\240\232um""\317""; requestCookie: 5; queryType: qtINDIRECT; ","itype: liBASE; ledgerHash: ""A\321\341bca\253\025\321\311\317\021\375\317\217\n\272\033o\353G>\275\361H\265\240\232um""\317""; requestCookie: 5; queryType: qtINDIRECT; "
1750527621496,1750527621496,0,1,0,3,TMGetLedger,"itype: liBASE; ledgerHash: ""A\321\341bca\253\025\321\311\317\021\375\317\217\n\272\033o\353G>\275\361H\265\240\232um""\317""; ledgerSeq: 27; requestCookie: 3; queryType: qtINDIRECT; ","itype: liBASE; ledgerHash: ""A\321\341bca\253\025\321\311\317\021\375\317\217\n\272\033o\353G>\275\361H\265\240\232um""\317""; ledgerSeq: 27; requestCookie: 3; queryType: qtINDIRECT; "
1750527621496,1750527621496,0,1,0,3,TMGetLedger,"itype: liAS_NODE; ledgerHash: ""A\321\341bca\253\025\321\311\317\021\375\317\217\n\272\033o\353G>\275\361H\265\240\232um""\317""; ledgerSeq: 27; nodeIDs: ""\260\000\000\000\000\000\000\000\000\000\000\000\000\000\000\000\000\000\000\000\000\000\000\000\000\000\000\000\000\000\000\000\001""; queryType: qtINDIRECT; queryDepth: 1; ","itype: liAS_NODE; ledgerHash: ""A\321\341bca\253\025\321\311\317\021\375\317\217\n\272\033o\353G>\275\361H\265\240\232um""\317""; ledgerSeq: 27; nodeIDs: ""\260\000\000\000\000\000\000\000\000\000\000\000\000\000\000\000\000\000\000\000\000\000\000\000\000\000\000\000\000\000\000\000\001""; queryType: qtINDIRECT; queryDepth: 1; "
1750527621497,1750527621497,0,1,1,3,TMGetLedger,"itype: liAS_NODE; ledgerHash: ""A\321\341bca\253\025\321\311\317\021\375\317\217\n\272\033o\353G>\275\361H\265\240\232um""\317""; ledgerSeq: 27; nodeIDs: ""\260\000\000\000\000\000\000\000\000\000\000\000\000\000\000\000\000\000\000\000\000\000\000\000\000\000\000\000\000\000\000\000\001""; queryType: qtINDIRECT; queryDepth: 1; ","itype: liAS_NODE; ledgerHash: ""A\321\341bca\253\025\321\311\317\021\375\317\217\n\272\033o\353G>\275\361H\265\240\232um""\317""; ledgerSeq: 27; nodeIDs: ""\260\000\000\000\000\000\000\000\000\000\000\000\000\000\000\000\000\000\000\000\000\000\000\000\000\000\000\000\000\000\000\000\001""; queryType: qtINDIRECT; queryDepth: 1; "
1750527621498,1750527621498,0,1,3,4,TMLedgerData,"ledgerHash: ""A\321\341bca\253\025\321\311\317\021\375\317\217\n\272\033o\353G>\275\361H\265\240\232um""\317""; ledgerSeq: 27; type: liBASE; nodes {;   nodedata: ""\000\000\000\033\001cEx]\211\377\330J +\370\t^b\005\020\003\211\373\247|hC\271Nmk~J\270EU\274\036-\347\240\312F\000\000\000\000\000\000\000\000\000\000\000\000\000\000\000\000\000\000\000\000\000\000\000\000\000\000\000\000\000\000\000\0009\241\370Sf\224\000\362\311\274\264\2253>\316jTZ\313\207)\3121\312c\262>\3178 \202\326/\351\253\004/\351\253\005\n\000""; }; nodes {;   nodedata: ""\323C\344\327\264{\312-\017:\006{\177\344N\002\326bO\260\220\006\033\362\345\005U\221DzJ0\001\301\025%1L\307\t\261\262z\374\222T\301\274V\236\223\262\270Ct\362\337b\356\024*\324\320\351\317\002k\336\234\027v\351\217\260\303\360\233ZPZWr\246$w\313\313\r\243r\232\2234\373\3539:N\004Q\245\272D\312D\300\300\t\323\0257\345e\271\na\215{\226\255x%T\257\037\333\004\344_/R\006E\344\037@\210\363\010\336T\226\247'\204_{\261\370""1\235\2445\343\033Y!\212\201\341\272\225'\007\263&\227\335t\265j<\344,\262\267\361d\232m\356\244H)8L\356\231&\233p\236\032\212\253[\013\003""; }; requestCookie: 3; ","ledgerHash: ""A\321\341bca\253\025\321\311\317\021\375\317\217\n\272\033o\353G>\275\361H\265\240\232um""\317""; ledgerSeq: 27; type: liBASE; nodes {;   nodedata: ""\000\000\000\033\001cEx]\211\377\330J +\370\t^b\005\020\003\211\373\247|hC\271Nmk~J\270EU\274\036-\347\240\312F\000\000\000\000\000\000\000\000\000\000\000\000\000\000\000\000\000\000\000\000\000\000\000\000\000\000\000\000\000\000\000\0009\241\370Sf\224\000\362\311\274\264\2253>\316jTZ\313\207)\3121\312c\262>\3178 \202\326/\351\253\004/\351\253\005\n\000""; }; nodes {;   nodedata: ""\323C\344\327\264{\312-\017:\006{\177\344N\002\326bO\260\220\006\033\362\345\005U\221DzJ0\001\301\025%1L\307\t\261\262z\374\222T\301\274V\236\223\262\270Ct\362\337b\356\024*\324\320\351\317\002k\336\234\027v\351\217\260\303\360\233ZPZWr\246$w\313\313\r\243r\232\2234\373\3539:N\004Q\245\272D\312D\300\300\t\323\0257\345e\271\na\215{\226\255x%T\257\037\333\004\344_/R\006E\344\037@\210\363\010\336T\226\247'\204_{\261\370""1\235\2445\343\033Y!\212\201\341\272\225'\007\263&\227\335t\265j<\344,\262\267\361d\232m\356\244H)8L\356\231&\233p\236\032\212\253[\013\003""; }; requestCookie: 3; "
1750527621498,1750527621499,0,1,2,1,TMPing,type: ptPING; seq: 3953367920; ,type: ptPING; seq: 3953367920; 
1750527621499,1750527621500,0,1,3,1,TMLedgerData,"ledgerHash: ""A\321\341bca\253\025\321\311\317\021\375\317\217\n\272\033o\353G>\275\361H\265\240\232um""\317""; ledgerSeq: 27; type: liBASE; nodes {;   nodedata: ""\000\000\000\033\001cEx]\211\377\330J +\370\t^b\005\020\003\211\373\247|hC\271Nmk~J\270EU\274\036-\347\240\312F\000\000\000\000\000\000\000\000\000\000\000\000\000\000\000\000\000\000\000\000\000\000\000\000\000\000\000\000\000\000\000\0009\241\370Sf\224\000\362\311\274\264\2253>\316jTZ\313\207)\3121\312c\262>\3178 \202\326/\351\253\004/\351\253\005\n\000""; }; nodes {;   nodedata: ""\323C\344\327\264{\312-\017:\006{\177\344N\002\326bO\260\220\006\033\362\345\005U\221DzJ0\001\301\025%1L\307\t\261\262z\374\222T\301\274V\236\223\262\270Ct\362\337b\356\024*\324\320\351\317\002k\336\234\027v\351\217\260\303\360\233ZPZWr\246$w\313\313\r\243r\232\2234\373\3539:N\004Q\245\272D\312D\300\300\t\323\0257\345e\271\na\215{\226\255x%T\257\037\333\004\344_/R\006E\344\037@\210\363\010\336T\226\247'\204_{\261\370""1\235\2445\343\033Y!\212\201\341\272\225'\007\263&\227\335t\265j<\344,\262\267\361d\232m\356\244H)8L\356\231&\233p\236\032\212\253[\013\003""; }; requestCookie: 5; ","ledgerHash: ""A\321\341bca\253\025\321\311\317\021\375\317\217\n\272\033o\353G>\275\361H\265\240\232um""\317""; ledgerSeq: 27; type: liBASE; nodes {;   nodedata: ""\000\000\000\033\001cEx]\211\377\330J +\370\t^b\005\020\003\211\373\247|hC\271Nmk~J\270EU\274\036-\347\240\312F\000\000\000\000\000\000\000\000\000\000\000\000\000\000\000\000\000\000\000\000\000\000\000\000\000\000\000\000\000\000\000\0009\241\370Sf\224\000\362\311\274\264\2253>\316jTZ\313\207)\3121\312c\262>\3178 \202\326/\351\253\004/\351\253\005\n\000""; }; nodes {;   nodedata: ""\323C\344\327\264{\312-\017:\006{\177\344N\002\326bO\260\220\006\033\362\345\005U\221DzJ0\001\301\025%1L\307\t\261\262z\374\222T\301\274V\236\223\262\270Ct\362\337b\356\024*\324\320\351\317\002k\336\234\027v\351\217\260\303\360\233ZPZWr\246$w\313\313\r\243r\232\2234\373\3539:N\004Q\245\272D\312D\300\300\t\323\0257\345e\271\na\215{\226\255x%T\257\037\333\004\344_/R\006E\344\037@\210\363\010\336T\226\247'\204_{\261\370""1\235\2445\343\033Y!\212\201\341\272\225'\007\263&\227\335t\265j<\344,\262\267\361d\232m\356\244H)8L\356\231&\233p\236\032\212\253[\013\003""; }; requestCookie: 5; "
1750527621500,1750527621500,0,1,3,1,TMLedgerData,"ledgerHash: ""A\321\341bca\253\025\321\311\317\021\375\317\217\n\272\033o\353G>\275\361H\265\240\232um""\317""; ledgerSeq: 27; type: liBASE; nodes {;   nodedata: ""\000\000\000\033\001cEx]\211\377\330J +\370\t^b\005\020\003\211\373\247|hC\271Nmk~J\270EU\274\036-\347\240\312F\000\000\000\000\000\000\000\000\000\000\000\000\000\000\000\000\000\000\000\000\000\000\000\000\000\000\000\000\000\000\000\0009\241\370Sf\224\000\362\311\274\264\2253>\316jTZ\313\207)\3121\312c\262>\3178 \202\326/\351\253\004/\351\253\005\n\000""; }; nodes {;   nodedata: ""\323C\344\327\264{\312-\017:\006{\177\344N\002\326bO\260\220\006\033\362\345\005U\221DzJ0\001\301\025%1L\307\t\261\262z\374\222T\301\274V\236\223\262\270Ct\362\337b\356\024*\324\320\351\317\002k\336\234\027v\351\217\260\303\360\233ZPZWr\246$w\313\313\r\243r\232\2234\373\3539:N\004Q\245\272D\312D\300\300\t\323\0257\345e\271\na\215{\226\255x%T\257\037\333\004\344_/R\006E\344\037@\210\363\010\336T\226\247'\204_{\261\370""1\235\2445\343\033Y!\212\201\341\272\225'\007\263&\227\335t\265j<\344,\262\267\361d\232m\356\244H)8L\356\231&\233p\236\032\212\253[\013\003""; }; requestCookie: 2; ","ledgerHash: ""A\321\341bca\253\025\321\311\317\021\375\317\217\n\272\033o\353G>\275\361H\265\240\232um""\317""; ledgerSeq: 27; type: liBASE; nodes {;   nodedata: ""\000\000\000\033\001cEx]\211\377\330J +\370\t^b\005\020\003\211\373\247|hC\271Nmk~J\270EU\274\036-\347\240\312F\000\000\000\000\000\000\000\000\000\000\000\000\000\000\000\000\000\000\000\000\000\000\000\000\000\000\000\000\000\000\000\0009\241\370Sf\224\000\362\311\274\264\2253>\316jTZ\313\207)\3121\312c\262>\3178 \202\326/\351\253\004/\351\253\005\n\000""; }; nodes {;   nodedata: ""\323C\344\327\264{\312-\017:\006{\177\344N\002\326bO\260\220\006\033\362\345\005U\221DzJ0\001\301\025%1L\307\t\261\262z\374\222T\301\274V\236\223\262\270Ct\362\337b\356\024*\324\320\351\317\002k\336\234\027v\351\217\260\303\360\233ZPZWr\246$w\313\313\r\243r\232\2234\373\3539:N\004Q\245\272D\312D\300\300\t\323\0257\345e\271\na\215{\226\255x%T\257\037\333\004\344_/R\006E\344\037@\210\363\010\336T\226\247'\204_{\261\370""1\235\2445\343\033Y!\212\201\341\272\225'\007\263&\227\335t\265j<\344,\262\267\361d\232m\356\244H)8L\356\231&\233p\236\032\212\253[\013\003""; }; requestCookie: 2; "
1750527621501,1750527621501,0,1,3,1,TMPing,type: ptPONG; seq: 3596423553; ,type: ptPONG; seq: 3596423553; 
1750527621501,1750527621501,0,1,4,1,TMLedgerData,"ledgerHash: ""A\321\341bca\253\025\321\311\317\021\375\317\217\n\272\033o\353G>\275\361H\265\240\232um""\317""; ledgerSeq: 27; type: liBASE; nodes {;   nodedata: ""\000\000\000\033\001cEx]\211\377\330J +\370\t^b\005\020\003\211\373\247|hC\271Nmk~J\270EU\274\036-\347\240\312F\000\000\000\000\000\000\000\000\000\000\000\000\000\000\000\000\000\000\000\000\000\000\000\000\000\000\000\000\000\000\000\0009\241\370Sf\224\000\362\311\274\264\2253>\316jTZ\313\207)\3121\312c\262>\3178 \202\326/\351\253\004/\351\253\005\n\000""; }; nodes {;   nodedata: ""\323C\344\327\264{\312-\017:\006{\177\344N\002\326bO\260\220\006\033\362\345\005U\221DzJ0\001\301\025%1L\307\t\261\262z\374\222T\301\274V\236\223\262\270Ct\362\337b\356\024*\324\320\351\317\002k\336\234\027v\351\217\260\303\360\233ZPZWr\246$w\313\313\r\243r\232\2234\373\3539:N\004Q\245\272D\312D\300\300\t\323\0257\345e\271\na\215{\226\255x%T\257\037\333\004\344_/R\006E\344\037@\210\363\010\336T\226\247'\204_{\261\370""1\235\2445\343\033Y!\212\201\341\272\225'\007\263&\227\335t\265j<\344,\262\267\361d\232m\356\244H)8L\356\231&\233p\236\032\212\253[\013\003""; }; ","ledgerHash: ""A\321\341bca\253\025\321\311\317\021\375\317\217\n\272\033o\353G>\275\361H\265\240\232um""\317""; ledgerSeq: 27; type: liBASE; nodes {;   nodedata: ""\000\000\000\033\001cEx]\211\377\330J +\370\t^b\005\020\003\211\373\247|hC\271Nmk~J\270EU\274\036-\347\240\312F\000\000\000\000\000\000\000\000\000\000\000\000\000\000\000\000\000\000\000\000\000\000\000\000\000\000\000\000\000\000\000\0009\241\370Sf\224\000\362\311\274\264\2253>\316jTZ\313\207)\3121\312c\262>\3178 \202\326/\351\253\004/\351\253\005\n\000""; }; nodes {;   nodedata: ""\323C\344\327\264{\312-\017:\006{\177\344N\002\326bO\260\220\006\033\362\345\005U\221DzJ0\001\301\025%1L\307\t\261\262z\374\222T\301\274V\236\223\262\270Ct\362\337b\356\024*\324\320\351\317\002k\336\234\027v\351\217\260\303\360\233ZPZWr\246$w\313\313\r\243r\232\2234\373\3539:N\004Q\245\272D\312D\300\300\t\323\0257\345e\271\na\215{\226\255x%T\257\037\333\004\344_/R\006E\344\037@\210\363\010\336T\226\247'\204_{\261\370""1\235\2445\343\033Y!\212\201\341\272\225'\007\263&\227\335t\265j<\344,\262\267\361d\232m\356\244H)8L\356\231&\233p\236\032\212\253[\013\003""; }; "
1750527621502,1750527621502,0,1,3,2,TMLedgerData,"ledgerHash: ""A\321\341bca\253\025\321\311\317\021\375\317\217\n\272\033o\353G>\275\361H\265\240\232um""\317""; ledgerSeq: 27; type: liBASE; nodes {;   nodedata: ""\000\000\000\033\001cEx]\211\377\330J +\370\t^b\005\020\003\211\373\247|hC\271Nmk~J\270EU\274\036-\347\240\312F\000\000\000\000\000\000\000\000\000\000\000\000\000\000\000\000\000\000\000\000\000\000\000\000\000\000\000\000\000\000\000\0009\241\370Sf\224\000\362\311\274\264\2253>\316jTZ\313\207)\3121\312c\262>\3178 \202\326/\351\253\004/\351\253\005\n\000""; }; nodes {;   nodedata: ""\323C\344\327\264{\312-\017:\006{\177\344N\002\326bO\260\220\006\033\362\345\005U\221DzJ0\001\301\025%1L\307\t\261\262z\374\222T\301\274V\236\223\262\270Ct\362\337b\356\024*\324\320\351\317\002k\336\234\027v\351\217\260\303\360\233ZPZWr\246$w\313\313\r\243r\232\2234\373\3539:N\004Q\245\272D\312D\300\300\t\323\0257\345e\271\na\215{\226\255x%T\257\037\333\004\344_/R\006E\344\037@\210\363\010\336T\226\247'\204_{\261\370""1\235\2445\343\033Y!\212\201\341\272\225'\007\263&\227\335t\265j<\344,\262\267\361d\232m\356\244H)8L\356\231&\233p\236\032\212\253[\013\003""; }; ","ledgerHash: ""A\321\341bca\253\025\321\311\317\021\375\317\217\n\272\033o\353G>\275\361H\265\240\232um""\317""; ledgerSeq: 27; type: liBASE; nodes {;   nodedata: ""\000\000\000\033\001cEx]\211\377\330J +\370\t^b\005\020\003\211\373\247|hC\271Nmk~J\270EU\274\036-\347\240\312F\000\000\000\000\000\000\000\000\000\000\000\000\000\000\000\000\000\000\000\000\000\000\000\000\000\000\000\000\000\000\000\0009\241\370Sf\224\000\362\311\274\264\2253>\316jTZ\313\207)\3121\312c\262>\3178 \202\326/\351\253\004/\351\253\005\n\000""; }; nodes {;   nodedata: ""\323C\344\327\264{\312-\017:\006{\177\344N\002\326bO\260\220\006\033\362\345\005U\221DzJ0\001\301\025%1L\307\t\261\262z\374\222T\301\274V\236\223\262\270Ct\362\337b\356\024*\324\320\351\317\002k\336\234\027v\351\217\260\303\360\233ZPZWr\246$w\313\313\r\243r\232\2234\373\3539:N\004Q\245\272D\312D\300\300\t\323\0257\345e\271\na\215{\226\255x%T\257\037\333\004\344_/R\006E\344\037@\210\363\010\336T\226\247'\204_{\261\370""1\235\2445\343\033Y!\212\201\341\272\225'\007\263&\227\335t\265j<\344,\262\267\361d\232m\356\244H)8L\356\231&\233p\236\032\212\253[\013\003""; }; "
1750527621503,1750527621503,0,1,3,2,TMLedgerData,"ledgerHash: ""A\321\341bca\253\025\321\311\317\021\375\317\217\n\272\033o\353G>\275\361H\265\240\232um""\317""; ledgerSeq: 27; type: liBASE; nodes {;   nodedata: ""\000\000\000\033\001cEx]\211\377\330J +\370\t^b\005\020\003\211\373\247|hC\271Nmk~J\270EU\274\036-\347\240\312F\000\000\000\000\000\000\000\000\000\000\000\000\000\000\000\000\000\000\000\000\000\000\000\000\000\000\000\000\000\000\000\0009\241\370Sf\224\000\362\311\274\264\2253>\316jTZ\313\207)\3121\312c\262>\3178 \202\326/\351\253\004/\351\253\005\n\000""; }; nodes {;   nodedata: ""\323C\344\327\264{\312-\017:\006{\177\344N\002\326bO\260\220\006\033\362\345\005U\221DzJ0\001\301\025%1L\307\t\261\262z\374\222T\301\274V\236\223\262\270Ct\362\337b\356\024*\324\320\351\317\002k\336\234\027v\351\217\260\303\360\233ZPZWr\246$w\313\313\r\243r\232\2234\373\3539:N\004Q\245\272D\312D\300\300\t\323\0257\345e\271\na\215{\226\255x%T\257\037\333\004\344_/R\006E\344\037@\210\363\010\336T\226\247'\204_{\261\370""1\235\2445\343\033Y!\212\201\341\272\225'\007\263&\227\335t\265j<\344,\262\267\361d\232m\356\244H)8L\356\231&\233p\236\032\212\253[\013\003""; }; requestCookie: 5; ","ledgerHash: ""A\321\341bca\253\025\321\311\317\021\375\317\217\n\272\033o\353G>\275\361H\265\240\232um""\317""; ledgerSeq: 27; type: liBASE; nodes {;   nodedata: ""\000\000\000\033\001cEx]\211\377\330J +\370\t^b\005\020\003\211\373\247|hC\271Nmk~J\270EU\274\036-\347\240\312F\000\000\000\000\000\000\000\000\000\000\000\000\000\000\000\000\000\000\000\000\000\000\000\000\000\000\000\000\000\000\000\0009\241\370Sf\224\000\362\311\274\264\2253>\316jTZ\313\207)\3121\312c\262>\3178 \202\326/\351\253\004/\351\253\005\n\000""; }; nodes {;   nodedata: ""\323C\344\327\264{\312-\017:\006{\177\344N\002\326bO\260\220\006\033\362\345\005U\221DzJ0\001\301\025%1L\307\t\261\262z\374\222T\301\274V\236\223\262\270Ct\362\337b\356\024*\324\320\351\317\002k\336\234\027v\351\217\260\303\360\233ZPZWr\246$w\313\313\r\243r\232\2234\373\3539:N\004Q\245\272D\312D\300\300\t\323\0257\345e\271\na\215{\226\255x%T\257\037\333\004\344_/R\006E\344\037@\210\363\010\336T\226\247'\204_{\261\370""1\235\2445\343\033Y!\212\201\341\272\225'\007\263&\227\335t\265j<\344,\262\267\361d\232m\356\244H)8L\356\231&\233p\236\032\212\253[\013\003""; }; requestCookie: 5; "
1750527621505,1750527621505,0,1,3,0,TMLedgerData,"ledgerHash: ""A\321\341bca\253\025\321\311\317\021\375\317\217\n\272\033o\353G>\275\361H\265\240\232um""\317""; ledgerSeq: 27; type: liBASE; nodes {;   nodedata: ""\000\000\000\033\001cEx]\211\377\330J +\370\t^b\005\020\003\211\373\247|hC\271Nmk~J\270EU\274\036-\347\240\312F\000\000\000\000\000\000\000\000\000\000\000\000\000\000\000\000\000\000\000\000\000\000\000\000\000\000\000\000\000\000\000\0009\241\370Sf\224\000\362\311\274\264\2253>\316jTZ\313\207)\3121\312c\262>\3178 \202\326/\351\253\004/\351\253\005\n\000""; }; nodes {;   nodedata: ""\323C\344\327\264{\312-\017:\006{\177\344N\002\326bO\260\220\006\033\362\345\005U\221DzJ0\001\301\025%1L\307\t\261\262z\374\222T\301\274V\236\223\262\270Ct\362\337b\356\024*\324\320\351\317\002k\336\234\027v\351\217\260\303\360\233ZPZWr\246$w\313\313\r\243r\232\2234\373\3539:N\004Q\245\272D\312D\300\300\t\323\0257\345e\271\na\215{\226\255x%T\257\037\333\004\344_/R\006E\344\037@\210\363\010\336T\226\247'\204_{\261\370""1\235\2445\343\033Y!\212\201\341\272\225'\007\263&\227\335t\265j<\344,\262\267\361d\232m\356\244H)8L\356\231&\233p\236\032\212\253[\013\003""; }; requestCookie: 2; ","ledgerHash: ""A\321\341bca\253\025\321\311\317\021\375\317\217\n\272\033o\353G>\275\361H\265\240\232um""\317""; ledgerSeq: 27; type: liBASE; nodes {;   nodedata: ""\000\000\000\033\001cEx]\211\377\330J +\370\t^b\005\020\003\211\373\247|hC\271Nmk~J\270EU\274\036-\347\240\312F\000\000\000\000\000\000\000\000\000\000\000\000\000\000\000\000\000\000\000\000\000\000\000\000\000\000\000\000\000\000\000\0009\241\370Sf\224\000\362\311\274\264\2253>\316jTZ\313\207)\3121\312c\262>\3178 \202\326/\351\253\004/\351\253\005\n\000""; }; nodes {;   nodedata: ""\323C\344\327\264{\312-\017:\006{\177\344N\002\326bO\260\220\006\033\362\345\005U\221DzJ0\001\301\025%1L\307\t\261\262z\374\222T\301\274V\236\223\262\270Ct\362\337b\356\024*\324\320\351\317\002k\336\234\027v\351\217\260\303\360\233ZPZWr\246$w\313\313\r\243r\232\2234\373\3539:N\004Q\245\272D\312D\300\300\t\323\0257\345e\271\na\215{\226\255x%T\257\037\333\004\344_/R\006E\344\037@\210\363\010\336T\226\247'\204_{\261\370""1\235\2445\343\033Y!\212\201\341\272\225'\007\263&\227\335t\265j<\344,\262\267\361d\232m\356\244H)8L\356\231&\233p\236\032\212\253[\013\003""; }; requestCookie: 2; "
1750527621505,1750527621505,0,1,3,2,TMLedgerData,"ledgerHash: ""A\321\341bca\253\025\321\311\317\021\375\317\217\n\272\033o\353G>\275\361H\265\240\232um""\317""; ledgerSeq: 27; type: liBASE; nodes {;   nodedata: ""\000\000\000\033\001cEx]\211\377\330J +\370\t^b\005\020\003\211\373\247|hC\271Nmk~J\270EU\274\036-\347\240\312F\000\000\000\000\000\000\000\000\000\000\000\000\000\000\000\000\000\000\000\000\000\000\000\000\000\000\000\000\000\000\000\0009\241\370Sf\224\000\362\311\274\264\2253>\316jTZ\313\207)\3121\312c\262>\3178 \202\326/\351\253\004/\351\253\005\n\000""; }; nodes {;   nodedata: ""\323C\344\327\264{\312-\017:\006{\177\344N\002\326bO\260\220\006\033\362\345\005U\221DzJ0\001\301\025%1L\307\t\261\262z\374\222T\301\274V\236\223\262\270Ct\362\337b\356\024*\324\320\351\317\002k\336\234\027v\351\217\260\303\360\233ZPZWr\246$w\313\313\r\243r\232\2234\373\3539:N\004Q\245\272D\312D\300\300\t\323\0257\345e\271\na\215{\226\255x%T\257\037\333\004\344_/R\006E\344\037@\210\363\010\336T\226\247'\204_{\261\370""1\235\2445\343\033Y!\212\201\341\272\225'\007\263&\227\335t\265j<\344,\262\267\361d\232m\356\244H)8L\356\231&\233p\236\032\212\253[\013\003""; }; requestCookie: 2; ","ledgerHash: ""A\321\341bca\253\025\321\311\317\021\375\317\217\n\272\033o\353G>\275\361H\265\240\232um""\317""; ledgerSeq: 27; type: liBASE; nodes {;   nodedata: ""\000\000\000\033\001cEx]\211\377\330J +\370\t^b\005\020\003\211\373\247|hC\271Nmk~J\270EU\274\036-\347\240\312F\000\000\000\000\000\000\000\000\000\000\000\000\000\000\000\000\000\000\000\000\000\000\000\000\000\000\000\000\000\000\000\0009\241\370Sf\224\000\362\311\274\264\2253>\316jTZ\313\207)\3121\312c\262>\3178 \202\326/\351\253\004/\351\253\005\n\000""; }; nodes {;   nodedata: ""\323C\344\327\264{\312-\017:\006{\177\344N\002\326bO\260\220\006\033\362\345\005U\221DzJ0\001\301\025%1L\307\t\261\262z\374\222T\301\274V\236\223\262\270Ct\362\337b\356\024*\324\320\351\317\002k\336\234\027v\351\217\260\303\360\233ZPZWr\246$w\313\313\r\243r\232\2234\373\3539:N\004Q\245\272D\312D\300\300\t\323\0257\345e\271\na\215{\226\255x%T\257\037\333\004\344_/R\006E\344\037@\210\363\010\336T\226\247'\204_{\261\370""1\235\2445\343\033Y!\212\201\341\272\225'\007\263&\227\335t\265j<\344,\262\267\361d\232m\356\244H)8L\356\231&\233p\236\032\212\253[\013\003""; }; requestCookie: 2; "
1750527621506,1750527621506,0,1,3,0,TMLedgerData,"ledgerHash: ""A\321\341bca\253\025\321\311\317\021\375\317\217\n\272\033o\353G>\275\361H\265\240\232um""\317""; ledgerSeq: 27; type: liBASE; nodes {;   nodedata: ""\000\000\000\033\001cEx]\211\377\330J +\370\t^b\005\020\003\211\373\247|hC\271Nmk~J\270EU\274\036-\347\240\312F\000\000\000\000\000\000\000\000\000\000\000\000\000\000\000\000\000\000\000\000\000\000\000\000\000\000\000\000\000\000\000\0009\241\370Sf\224\000\362\311\274\264\2253>\316jTZ\313\207)\3121\312c\262>\3178 \202\326/\351\253\004/\351\253\005\n\000""; }; nodes {;   nodedata: ""\323C\344\327\264{\312-\017:\006{\177\344N\002\326bO\260\220\006\033\362\345\005U\221DzJ0\001\301\025%1L\307\t\261\262z\374\222T\301\274V\236\223\262\270Ct\362\337b\356\024*\324\320\351\317\002k\336\234\027v\351\217\260\303\360\233ZPZWr\246$w\313\313\r\243r\232\2234\373\3539:N\004Q\245\272D\312D\300\300\t\323\0257\345e\271\na\215{\226\255x%T\257\037\333\004\344_/R\006E\344\037@\210\363\010\336T\226\247'\204_{\261\370""1\235\2445\343\033Y!\212\201\341\272\225'\007\263&\227\335t\265j<\344,\262\267\361d\232m\356\244H)8L\356\231&\233p\236\032\212\253[\013\003""; }; requestCookie: 5; ","ledgerHash: ""A\321\341bca\253\025\321\311\317\021\375\317\217\n\272\033o\353G>\275\361H\265\240\232um""\317""; ledgerSeq: 27; type: liBASE; nodes {;   nodedata: ""\000\000\000\033\001cEx]\211\377\330J +\370\t^b\005\020\003\211\373\247|hC\271Nmk~J\270EU\274\036-\347\240\312F\000\000\000\000\000\000\000\000\000\000\000\000\000\000\000\000\000\000\000\000\000\000\000\000\000\000\000\000\000\000\000\0009\241\370Sf\224\000\362\311\274\264\2253>\316jTZ\313\207)\3121\312c\262>\3178 \202\326/\351\253\004/\351\253\005\n\000""; }; nodes {;   nodedata: ""\323C\344\327\264{\312-\017:\006{\177\344N\002\326bO\260\220\006\033\362\345\005U\221DzJ0\001\301\025%1L\307\t\261\262z\374\222T\301\274V\236\223\262\270Ct\362\337b\356\024*\324\320\351\317\002k\336\234\027v\351\217\260\303\360\233ZPZWr\246$w\313\313\r\243r\232\2234\373\3539:N\004Q\245\272D\312D\300\300\t\323\0257\345e\271\na\215{\226\255x%T\257\037\333\004\344_/R\006E\344\037@\210\363\010\336T\226\247'\204_{\261\370""1\235\2445\343\033Y!\212\201\341\272\225'\007\263&\227\335t\265j<\344,\262\267\361d\232m\356\244H)8L\356\231&\233p\236\032\212\253[\013\003""; }; requestCookie: 5; "
1750527621507,1750527621507,0,1,3,0,TMLedgerData,"ledgerHash: ""A\321\341bca\253\025\321\311\317\021\375\317\217\n\272\033o\353G>\275\361H\265\240\232um""\317""; ledgerSeq: 27; type: liBASE; nodes {;   nodedata: ""\000\000\000\033\001cEx]\211\377\330J +\370\t^b\005\020\003\211\373\247|hC\271Nmk~J\270EU\274\036-\347\240\312F\000\000\000\000\000\000\000\000\000\000\000\000\000\000\000\000\000\000\000\000\000\000\000\000\000\000\000\000\000\000\000\0009\241\370Sf\224\000\362\311\274\264\2253>\316jTZ\313\207)\3121\312c\262>\3178 \202\326/\351\253\004/\351\253\005\n\000""; }; nodes {;   nodedata: ""\323C\344\327\264{\312-\017:\006{\177\344N\002\326bO\260\220\006\033\362\345\005U\221DzJ0\001\301\025%1L\307\t\261\262z\374\222T\301\274V\236\223\262\270Ct\362\337b\356\024*\324\320\351\317\002k\336\234\027v\351\217\260\303\360\233ZPZWr\246$w\313\313\r\243r\232\2234\373\3539:N\004Q\245\272D\312D\300\300\t\323\0257\345e\271\na\215{\226\255x%T\257\037\333\004\344_/R\006E\344\037@\210\363\010\336T\226\247'\204_{\261\370""1\235\2445\343\033Y!\212\201\341\272\225'\007\263&\227\335t\265j<\344,\262\267\361d\232m\356\244H)8L\356\231&\233p\236\032\212\253[\013\003""; }; requestCookie: 3; ","ledgerHash: ""A\321\341bca\253\025\321\311\317\021\375\317\217\n\272\033o\353G>\275\361H\265\240\232um""\317""; ledgerSeq: 27; type: liBASE; nodes {;   nodedata: ""\000\000\000\033\001cEx]\211\377\330J +\370\t^b\005\020\003\211\373\247|hC\271Nmk~J\270EU\274\036-\347\240\312F\000\000\000\000\000\000\000\000\000\000\000\000\000\000\000\000\000\000\000\000\000\000\000\000\000\000\000\000\000\000\000\0009\241\370Sf\224\000\362\311\274\264\2253>\316jTZ\313\207)\3121\312c\262>\3178 \202\326/\351\253\004/\351\253\005\n\000""; }; nodes {;   nodedata: ""\323C\344\327\264{\312-\017:\006{\177\344N\002\326bO\260\220\006\033\362\345\005U\221DzJ0\001\301\025%1L\307\t\261\262z\374\222T\301\274V\236\223\262\270Ct\362\337b\356\024*\324\320\351\317\002k\336\234\027v\351\217\260\303\360\233ZPZWr\246$w\313\313\r\243r\232\2234\373\3539:N\004Q\245\272D\312D\300\300\t\323\0257\345e\271\na\215{\226\255x%T\257\037\333\004\344_/R\006E\344\037@\210\363\010\336T\226\247'\204_{\261\370""1\235\2445\343\033Y!\212\201\341\272\225'\007\263&\227\335t\265j<\344,\262\267\361d\232m\356\244H)8L\356\231&\233p\236\032\212\253[\013\003""; }; requestCookie: 3; "
1750527621508,1750527621508,0,1,3,0,TMLedgerData,"ledgerHash: ""A\321\341bca\253\025\321\311\317\021\375\317\217\n\272\033o\353G>\275\361H\265\240\232um""\317""; ledgerSeq: 27; type: liAS_NODE; nodes {;   nodedata: ""\021\000h""\000\000\000\000 \033\000\000\000\032\002\023\303\237\330\356GuH\375\327!\255\371\r\231\262R\256J\034\222\241\355X\265E\241^W\225\304\014\361CX-}\351f\032\255\274\334m\326c\017\014ao[\342\230\003\245\245\3341Hm\326^\017jy\335\261\032Yt\320\244{g\0306\\302\303*\341\215\223\257\364\277o\375\000r\241SOq\221\253\262\005\017\375T\356\014\360o'\030\311-\267\031\257!\031T\006><\315XM\334\324\345\034\000\325\367\240\271\013\265\024\321\362\354\211\250.\234s\225amc\305\035\366\276\037nD\277`\210\223N\3535\033\261\304f\331]\036\237\306o!\223\221\002\324\031\262\240R\177 ,\214\325\Q])\016\2067\277\t\354\010\000\360\215\2502\265\245\310\226\243c\302Ze\306\253#r\020\211\320iG\276\020E\317\035Sf\223F\254\033@\177e\277\016\010u\327\371&\262\312\317Q\2361t\377x\234\001v\003%\030\325_\225g\204\346a=\225\273\331\354\365*U\363\263N\367b\371\244\314-w\363\262\225Z\200\206\235\233\257?sE\2674\254\326mU\377?\177Ek\336\030!\316Aa\225\303\022\377{\210Y\226\271as\354L\035\004\341\361\035\301\024\220m#*\372\032\3178~\374\250\014*\323\342'z69\220\327\256\351G\367\317u\302\207\270b\315\333\333\334\310I\323&\014\352XZnW2.\335\347\202\021\247\362\212e\034\000\001\250\220\305;a\314\265R\310\017\317\331\235\360\262\240:\277\202\266\354\265X""\022\nh\252\352w\204\203\023]\001f\352\277\0031Q]\362\370R\350{\261\202\240\344\215\201\353\276\322p5p\350\354\017>\250r\241c\273\016\301\024\363\242\247\263\231\370\344\nBW\220K\316@3\243\200\036wk\253GSlU\010\360\231>\331\263H\214\324\030A\225\301o\346pkSF\004\241\213w9\223=\250\262*+\255\351r\265\244c\024\213\t\007`\223\325#\3477\210\345P\306\013\320\252[\0216+\227=`\371P\314\346 V7\271[~\n\237\274|\347\352@K\253~&\260\032\024\004B\200\255h\351\013\361\031:nG\211\005|\2003\266\274\251,W\006u\344\335d\003\306\212\313,\340\350bG\n\030Z\2732-\246\312\255\030\003\235207\005}D\260\0261ah\322M\304\216\273m0\271\234\237\007<w$\265C\245\232\033\023\313c\321B\032l\301h\005\320\252\301\361(\330[\343\357\343{\235\n\266g\272>\177\317\347\261qb&\270&\346ju\200\363N\320\307\004\034\001n\317\361\2653\254\2503\247\305\372\316W\022O\253x\250\025\373\247\354Tc\304\263\243^\352Gv\\264\261\r\035\226\306\2411\351\233\203\215\200$\231\300f\220\371c@\017\254\363\\371\340\340VaR\205~^\226\342t\360\022\204d\231\205)\272\364?\361!\334\331\315\254\230\rBG\314\023\246\244=\351\177\254\302b&\276+H;0\312\021&\275\036\237\350R\313\206R\331\304k\323u\263t\221\213yC\241\217A\242\027g\322\241'\212.E?B_\316\327\217J +\370\t^b\005\020\003\211\373\247|hC\271Nmk~J\270EU\274\036-\347\240\312F\264\227\2326\315\307\363\323\325\303\032N\256*\307\327 \235\332\207u\210\271\257\306g\231i*\260\326k\001"";   nodeid: ""\260\000\000\000\000\000\000\000\000\000\000\000\000\000\000\000\000\000\000\000\000\000\000\000\000\000\000\000\000\000\000\000\001""; }; ","ledgerHash: ""A\321\341bca\253\025\321\311\317\021\375\317\217\n\272\033o\353G>\275\361H\265\240\232um""\317""; ledgerSeq: 27; type: liAS_NODE; nodes {;   nodedata: ""\021\000h""\000\000\000\000 \033\000\000\000\032\002\023\303\237\330\356GuH\375\327!\255\371\r\231\262R\256J\034\222\241\355X\265E\241^W\225\304\014\361CX-}\351f\032\255\274\334m\326c\017\014ao[\342\230\003\245\245\3341Hm\326^\017jy\335\261\032Yt\320\244{g\0306\\302\303*\341\215\223\257\364\277o\375\000r\241SOq\221\253\262\005\017\375T\356\014\360o'\030\311-\267\031\257!\031T\006><\315XM\334\324\345\034\000\325\367\240\271\013\265\024\321\362\354\211\250.\234s\225amc\305\035\366\276\037nD\277`\210\223N\3535\033\261\304f\331]\036\237\306o!\223\221\002\324\031\262\240R\177 ,\214\325\Q])\016\2067\277\t\354\010\000\360\215\2502\265\245\310\226\243c\302Ze\306\253#r\020\211\320iG\276\020E\317\035Sf\223F\254\033@\177e\277\016\010u\327\371&\262\312\317Q\2361t\377x\234\001v\003%\030\325_\225g\204\346a=\225\273\331\354\365*U\363\263N\367b\371\244\314-w\363\262\225Z\200\206\235\233\257?sE\2674\254\326mU\377?\177Ek\336\030!\316Aa\225\303\022\377{\210Y\226\271as\354L\035\004\341\361\035\301\024\220m#*\372\032\3178~\374\250\014*\323\342'z69\220\327\256\351G\367\317u\302\207\270b\315\333\333\334\310I\323&\014\352XZnW2.\335\347\202\021\247\362\212e\034\000\001\250\220\305;a\314\265R\310\017\317\331\235\360\262\240:\277\202\266\354\265X""\022\nh\252\352w\204\203\023]\001f\352\277\0031Q]\362\370R\350{\261\202\240\344\215\201\353\276\322p5p\350\354\017>\250r\241c\273\016\301\024\363\242\247\263\231\370\344\nBW\220K\316@3\243\200\036wk\253GSlU\010\360\231>\331\263H\214\324\030A\225\301o\346pkSF\004\241\213w9\223=\250\262*+\255\351r\265\244c\024\213\t\007`\223\325#\3477\210\345P\306\013\320\252[\0216+\227=`\371P\314\346 V7\271[~\n\237\274|\347\352@K\253~&\260\032\024\004B\200\255h\351\013\361\031:nG\211\005|\2003\266\274\251,W\006u\344\335d\003\306\212\313,\340\350bG\n\030Z\2732-\246\312\255\030\003\235207\005}D\260\0261ah\322M\304\216\273m0\271\234\237\007<w$\265C\245\232\033\023\313c\321B\032l\301h\005\320\252\301\361(\330[\343\357\343{\235\n\266g\272>\177\317\347\261qb&\270&\346ju\200\363N\320\307\004\034\001n\317\361\2653\254\2503\247\305\372\316W\022O\253x\250\025\373\247\354Tc\304\263\243^\352Gv\\264\261\r\035\226\306\2411\351\233\203\215\200$\231\300f\220\371c@\017\254\363\\371\340\340VaR\205~^\226\342t\360\022\204d\231\205)\272\364?\361!\334\331\315\254\230\rBG\314\023\246\244=\351\177\254\302b&\276+H;0\312\021&\275\036\237\350R\313\206R\331\304k\323u\263t\221\213yC\241\217A\242\027g\322\241'\212.E?B_\316\327\217J +\370\t^b\005\020\003\211\373\247|hC\271Nmk~J\270EU\274\036-\347\240\312F\264\227\2326\315\307\363\323\325\303\032N\256*\307\327 \235\332\207u\210\271\257\306g\231i*\260\326k\001"";   nodeid: ""\260\000\000\000\000\000\000\000\000\000\000\000\000\000\000\000\000\000\000\000\000\000\000\000\000\000\000\000\000\000\000\000\001""; }; "
1750527621509,1750527621509,0,1,3,1,TMLedgerData,"ledgerHash: ""A\321\341bca\253\025\321\311\317\021\375\317\217\n\272\033o\353G>\275\361H\265\240\232um""\317""; ledgerSeq: 27; type: liBASE; nodes {;   nodedata: ""\000\000\000\033\001cEx]\211\377\330J +\370\t^b\005\020\003\211\373\247|hC\271Nmk~J\270EU\274\036-\347\240\312F\000\000\000\000\000\000\000\000\000\000\000\000\000\000\000\000\000\000\000\000\000\000\000\000\000\000\000\000\000\000\000\0009\241\370Sf\224\000\362\311\274\264\2253>\316jTZ\313\207)\3121\312c\262>\3178 \202\326/\351\253\004/\351\253\005\n\000""; }; nodes {;   nodedata: ""\323C\344\327\264{\312-\017:\006{\177\344N\002\326bO\260\220\006\033\362\345\005U\221DzJ0\001\301\025%1L\307\t\261\262z\374\222T\301\274V\236\223\262\270Ct\362\337b\356\024*\324\320\351\317\002k\336\234\027v\351\217\260\303\360\233ZPZWr\246$w\313\313\r\243r\232\2234\373\3539:N\004Q\245\272D\312D\300\300\t\323\0257\345e\271\na\215{\226\255x%T\257\037\333\004\344_/R\006E\344\037@\210\363\010\336T\226\247'\204_{\261\370""1\235\2445\343\033Y!\212\201\341\272\225'\007\263&\227\335t\265j<\344,\262\267\361d\232m\356\244H)8L\356\231&\233p\236\032\212\253[\013\003""; }; requestCookie: 3; ","ledgerHash: ""A\321\341bca\253\025\321\311\317\021\375\317\217\n\272\033o\353G>\275\361H\265\240\232um""\317""; ledgerSeq: 27; type: liBASE; nodes {;   nodedata: ""\000\000\000\033\001cEx]\211\377\330J +\370\t^b\005\020\003\211\373\247|hC\271Nmk~J\270EU\274\036-\347\240\312F\000\000\000\000\000\000\000\000\000\000\000\000\000\000\000\000\000\000\000\000\000\000\000\000\000\000\000\000\000\000\000\0009\241\370Sf\224\000\362\311\274\264\2253>\316jTZ\313\207)\3121\312c\262>\3178 \202\326/\351\253\004/\351\253\005\n\000""; }; nodes {;   nodedata: ""\323C\344\327\264{\312-\017:\006{\177\344N\002\326bO\260\220\006\033\362\345\005U\221DzJ0\001\301\025%1L\307\t\261\262z\374\222T\301\274V\236\223\262\270Ct\362\337b\356\024*\324\320\351\317\002k\336\234\027v\351\217\260\303\360\233ZPZWr\246$w\313\313\r\243r\232\2234\373\3539:N\004Q\245\272D\312D\300\300\t\323\0257\345e\271\na\215{\226\255x%T\257\037\333\004\344_/R\006E\344\037@\210\363\010\336T\226\247'\204_{\261\370""1\235\2445\343\033Y!\212\201\341\272\225'\007\263&\227\335t\265j<\344,\262\267\361d\232m\356\244H)8L\356\231&\233p\236\032\212\253[\013\003""; }; requestCookie: 3; "
1750527621510,1750527621510,0,1,4,2,TMLedgerData,"ledgerHash: ""A\321\341bca\253\025\321\311\317\021\375\317\217\n\272\033o\353G>\275\361H\265\240\232um""\317""; ledgerSeq: 27; type: liBASE; nodes {;   nodedata: ""\000\000\000\033\001cEx]\211\377\330J +\370\t^b\005\020\003\211\373\247|hC\271Nmk~J\270EU\274\036-\347\240\312F\000\000\000\000\000\000\000\000\000\000\000\000\000\000\000\000\000\000\000\000\000\000\000\000\000\000\000\000\000\000\000\0009\241\370Sf\224\000\362\311\274\264\2253>\316jTZ\313\207)\3121\312c\262>\3178 \202\326/\351\253\004/\351\253\005\n\000""; }; nodes {;   nodedata: ""\323C\344\327\264{\312-\017:\006{\177\344N\002\326bO\260\220\006\033\362\345\005U\221DzJ0\001\301\025%1L\307\t\261\262z\374\222T\301\274V\236\223\262\270Ct\362\337b\356\024*\324\320\351\317\002k\336\234\027v\351\217\260\303\360\233ZPZWr\246$w\313\313\r\243r\232\2234\373\3539:N\004Q\245\272D\312D\300\300\t\323\0257\345e\271\na\215{\226\255x%T\257\037\333\004\344_/R\006E\344\037@\210\363\010\336T\226\247'\204_{\261\370""1\235\2445\343\033Y!\212\201\341\272\225'\007\263&\227\335t\265j<\344,\262\267\361d\232m\356\244H)8L\356\231&\233p\236\032\212\253[\013\003""; }; ","ledgerHash: ""A\321\341bca\253\025\321\311\317\021\375\317\217\n\272\033o\353G>\275\361H\265\240\232um""\317""; ledgerSeq: 27; type: liBASE; nodes {;   nodedata: ""\000\000\000\033\001cEx]\211\377\330J +\370\t^b\005\020\003\211\373\247|hC\271Nmk~J\270EU\274\036-\347\240\312F\000\000\000\000\000\000\000\000\000\000\000\000\000\000\000\000\000\000\000\000\000\000\000\000\000\000\000\000\000\000\000\0009\241\370Sf\224\000\362\311\274\264\2253>\316jTZ\313\207)\3121\312c\262>\3178 \202\326/\351\253\004/\351\253\005\n\000""; }; nodes {;   nodedata: ""\323C\344\327\264{\312-\017:\006{\177\344N\002\326bO\260\220\006\033\362\345\005U\221DzJ0\001\301\025%1L\307\t\261\262z\374\222T\301\274V\236\223\262\270Ct\362\337b\356\024*\324\320\351\317\002k\336\234\027v\351\217\260\303\360\233ZPZWr\246$w\313\313\r\243r\232\2234\373\3539:N\004Q\245\272D\312D\300\300\t\323\0257\345e\271\na\215{\226\255x%T\257\037\333\004\344_/R\006E\344\037@\210\363\010\336T\226\247'\204_{\261\370""1\235\2445\343\033Y!\212\201\341\272\225'\007\263&\227\335t\265j<\344,\262\267\361d\232m\356\244H)8L\356\231&\233p\236\032\212\253[\013\003""; }; "
1750527621510,1750527621510,0,1,1,2,TMPing,type: ptPONG; seq: 3953367920; ,type: ptPONG; seq: 3953367920; 
1750527621511,1750527621511,0,1,1,4,TMLedgerData,"ledgerHash: ""A\321\341bca\253\025\321\311\317\021\375\317\217\n\272\033o\353G>\275\361H\265\240\232um""\317""; ledgerSeq: 27; type: liBASE; nodes {;   nodedata: ""\000\000\000\033\001cEx]\211\377\330J +\370\t^b\005\020\003\211\373\247|hC\271Nmk~J\270EU\274\036-\347\240\312F\000\000\000\000\000\000\000\000\000\000\000\000\000\000\000\000\000\000\000\000\000\000\000\000\000\000\000\000\000\000\000\0009\241\370Sf\224\000\362\311\274\264\2253>\316jTZ\313\207)\3121\312c\262>\3178 \202\326/\351\253\004/\351\253\005\n\000""; }; nodes {;   nodedata: ""\323C\344\327\264{\312-\017:\006{\177\344N\002\326bO\260\220\006\033\362\345\005U\221DzJ0\001\301\025%1L\307\t\261\262z\374\222T\301\274V\236\223\262\270Ct\362\337b\356\024*\324\320\351\317\002k\336\234\027v\351\217\260\303\360\233ZPZWr\246$w\313\313\r\243r\232\2234\373\3539:N\004Q\245\272D\312D\300\300\t\323\0257\345e\271\na\215{\226\255x%T\257\037\333\004\344_/R\006E\344\037@\210\363\010\336T\226\247'\204_{\261\370""1\235\2445\343\033Y!\212\201\341\272\225'\007\263&\227\335t\265j<\344,\262\267\361d\232m\356\244H)8L\356\231&\233p\236\032\212\253[\013\003""; }; ","ledgerHash: ""A\321\341bca\253\025\321\311\317\021\375\317\217\n\272\033o\353G>\275\361H\265\240\232um""\317""; ledgerSeq: 27; type: liBASE; nodes {;   nodedata: ""\000\000\000\033\001cEx]\211\377\330J +\370\t^b\005\020\003\211\373\247|hC\271Nmk~J\270EU\274\036-\347\240\312F\000\000\000\000\000\000\000\000\000\000\000\000\000\000\000\000\000\000\000\000\000\000\000\000\000\000\000\000\000\000\000\0009\241\370Sf\224\000\362\311\274\264\2253>\316jTZ\313\207)\3121\312c\262>\3178 \202\326/\351\253\004/\351\253\005\n\000""; }; nodes {;   nodedata: ""\323C\344\327\264{\312-\017:\006{\177\344N\002\326bO\260\220\006\033\362\345\005U\221DzJ0\001\301\025%1L\307\t\261\262z\374\222T\301\274V\236\223\262\270Ct\362\337b\356\024*\324\320\351\317\002k\336\234\027v\351\217\260\303\360\233ZPZWr\246$w\313\313\r\243r\232\2234\373\3539:N\004Q\245\272D\312D\300\300\t\323\0257\345e\271\na\215{\226\255x%T\257\037\333\004\344_/R\006E\344\037@\210\363\010\336T\226\247'\204_{\261\370""1\235\2445\343\033Y!\212\201\341\272\225'\007\263&\227\335t\265j<\344,\262\267\361d\232m\356\244H)8L\356\231&\233p\236\032\212\253[\013\003""; }; "
1750527621512,1750527621512,0,1,1,0,TMLedgerData,"ledgerHash: ""A\321\341bca\253\025\321\311\317\021\375\317\217\n\272\033o\353G>\275\361H\265\240\232um""\317""; ledgerSeq: 27; type: liBASE; nodes {;   nodedata: ""\000\000\000\033\001cEx]\211\377\330J +\370\t^b\005\020\003\211\373\247|hC\271Nmk~J\270EU\274\036-\347\240\312F\000\000\000\000\000\000\000\000\000\000\000\000\000\000\000\000\000\000\000\000\000\000\000\000\000\000\000\000\000\000\000\0009\241\370Sf\224\000\362\311\274\264\2253>\316jTZ\313\207)\3121\312c\262>\3178 \202\326/\351\253\004/\351\253\005\n\000""; }; nodes {;   nodedata: ""\323C\344\327\264{\312-\017:\006{\177\344N\002\326bO\260\220\006\033\362\345\005U\221DzJ0\001\301\025%1L\307\t\261\262z\374\222T\301\274V\236\223\262\270Ct\362\337b\356\024*\324\320\351\317\002k\336\234\027v\351\217\260\303\360\233ZPZWr\246$w\313\313\r\243r\232\2234\373\3539:N\004Q\245\272D\312D\300\300\t\323\0257\345e\271\na\215{\226\255x%T\257\037\333\004\344_/R\006E\344\037@\210\363\010\336T\226\247'\204_{\261\370""1\235\2445\343\033Y!\212\201\341\272\225'\007\263&\227\335t\265j<\344,\262\267\361d\232m\356\244H)8L\356\231&\233p\236\032\212\253[\013\003""; }; ","ledgerHash: ""A\321\341bca\253\025\321\311\317\021\375\317\217\n\272\033o\353G>\275\361H\265\240\232um""\317""; ledgerSeq: 27; type: liBASE; nodes {;   nodedata: ""\000\000\000\033\001cEx]\211\377\330J +\370\t^b\005\020\003\211\373\247|hC\271Nmk~J\270EU\274\036-\347\240\312F\000\000\000\000\000\000\000\000\000\000\000\000\000\000\000\000\000\000\000\000\000\000\000\000\000\000\000\000\000\000\000\0009\241\370Sf\224\000\362\311\274\264\2253>\316jTZ\313\207)\3121\312c\262>\3178 \202\326/\351\253\004/\351\253\005\n\000""; }; nodes {;   nodedata: ""\323C\344\327\264{\312-\017:\006{\177\344N\002\326bO\260\220\006\033\362\345\005U\221DzJ0\001\301\025%1L\307\t\261\262z\374\222T\301\274V\236\223\262\270Ct\362\337b\356\024*\324\320\351\317\002k\336\234\027v\351\217\260\303\360\233ZPZWr\246$w\313\313\r\243r\232\2234\373\3539:N\004Q\245\272D\312D\300\300\t\323\0257\345e\271\na\215{\226\255x%T\257\037\333\004\344_/R\006E\344\037@\210\363\010\336T\226\247'\204_{\261\370""1\235\2445\343\033Y!\212\201\341\272\225'\007\263&\227\335t\265j<\344,\262\267\361d\232m\356\244H)8L\356\231&\233p\236\032\212\253[\013\003""; }; "
1750527621513,1750527621513,0,1,2,3,TMGetLedger,"itype: liAS_NODE; ledgerHash: ""A\321\341bca\253\025\321\311\317\021\375\317\217\n\272\033o\353G>\275\361H\265\240\232um""\317""; ledgerSeq: 27; nodeIDs: ""\260\000\000\000\000\000\000\000\000\000\000\000\000\000\000\000\000\000\000\000\000\000\000\000\000\000\000\000\000\000\000\000\001""; queryType: qtINDIRECT; queryDepth: 1; ","itype: liAS_NODE; ledgerHash: ""A\321\341bca\253\025\321\311\317\021\375\317\217\n\272\033o\353G>\275\361H\265\240\232um""\317""; ledgerSeq: 27; nodeIDs: ""\260\000\000\000\000\000\000\000\000\000\000\000\000\000\000\000\000\000\000\000\000\000\000\000\000\000\000\000\000\000\000\000\001""; queryType: qtINDIRECT; queryDepth: 1; "
1750527621514,1750527621514,0,1,2,3,TMGetLedger,"itype: liBASE; ledgerHash: ""A\321\341bca\253\025\321\311\317\021\375\317\217\n\272\033o\353G>\275\361H\265\240\232um""\317""; requestCookie: 3; queryType: qtINDIRECT; ","itype: liBASE; ledgerHash: ""A\321\341bca\253\025\321\311\317\021\375\317\217\n\272\033o\353G>\275\361H\265\240\232um""\317""; requestCookie: 3; queryType: qtINDIRECT; "
1750527621515,1750527621515,0,1,2,4,TMLedgerData,"ledgerHash: ""A\321\341bca\253\025\321\311\317\021\375\317\217\n\272\033o\353G>\275\361H\265\240\232um""\317""; ledgerSeq: 27; type: liBASE; nodes {;   nodedata: ""\000\000\000\033\001cEx]\211\377\330J +\370\t^b\005\020\003\211\373\247|hC\271Nmk~J\270EU\274\036-\347\240\312F\000\000\000\000\000\000\000\000\000\000\000\000\000\000\000\000\000\000\000\000\000\000\000\000\000\000\000\000\000\000\000\0009\241\370Sf\224\000\362\311\274\264\2253>\316jTZ\313\207)\3121\312c\262>\3178 \202\326/\351\253\004/\351\253\005\n\000""; }; nodes {;   nodedata: ""\323C\344\327\264{\312-\017:\006{\177\344N\002\326bO\260\220\006\033\362\345\005U\221DzJ0\001\301\025%1L\307\t\261\262z\374\222T\301\274V\236\223\262\270Ct\362\337b\356\024*\324\320\351\317\002k\336\234\027v\351\217\260\303\360\233ZPZWr\246$w\313\313\r\243r\232\2234\373\3539:N\004Q\245\272D\312D\300\300\t\323\0257\345e\271\na\215{\226\255x%T\257\037\333\004\344_/R\006E\344\037@\210\363\010\336T\226\247'\204_{\261\370""1\235\2445\343\033Y!\212\201\341\272\225'\007\263&\227\335t\265j<\344,\262\267\361d\232m\356\244H)8L\356\231&\233p\236\032\212\253[\013\003""; }; ","ledgerHash: ""A\321\341bca\253\025\321\311\317\021\375\317\217\n\272\033o\353G>\275\361H\265\240\232um""\317""; ledgerSeq: 27; type: liBASE; nodes {;   nodedata: ""\000\000\000\033\001cEx]\211\377\330J +\370\t^b\005\020\003\211\373\247|hC\271Nmk~J\270EU\274\036-\347\240\312F\000\000\000\000\000\000\000\000\000\000\000\000\000\000\000\000\000\000\000\000\000\000\000\000\000\000\000\000\000\000\000\0009\241\370Sf\224\000\362\311\274\264\2253>\316jTZ\313\207)\3121\312c\262>\3178 \202\326/\351\253\004/\351\253\005\n\000""; }; nodes {;   nodedata: ""\323C\344\327\264{\312-\017:\006{\177\344N\002\326bO\260\220\006\033\362\345\005U\221DzJ0\001\301\025%1L\307\t\261\262z\374\222T\301\274V\236\223\262\270Ct\362\337b\356\024*\324\320\351\317\002k\336\234\027v\351\217\260\303\360\233ZPZWr\246$w\313\313\r\243r\232\2234\373\3539:N\004Q\245\272D\312D\300\300\t\323\0257\345e\271\na\215{\226\255x%T\257\037\333\004\344_/R\006E\344\037@\210\363\010\336T\226\247'\204_{\261\370""1\235\2445\343\033Y!\212\201\341\272\225'\007\263&\227\335t\265j<\344,\262\267\361d\232m\356\244H)8L\356\231&\233p\236\032\212\253[\013\003""; }; "
1750527621515,1750527621515,0,1,0,1,TMLedgerData,"ledgerHash: ""A\321\341bca\253\025\321\311\317\021\375\317\217\n\272\033o\353G>\275\361H\265\240\232um""\317""; ledgerSeq: 27; type: liBASE; nodes {;   nodedata: ""\000\000\000\033\001cEx]\211\377\330J +\370\t^b\005\020\003\211\373\247|hC\271Nmk~J\270EU\274\036-\347\240\312F\000\000\000\000\000\000\000\000\000\000\000\000\000\000\000\000\000\000\000\000\000\000\000\000\000\000\000\000\000\000\000\0009\241\370Sf\224\000\362\311\274\264\2253>\316jTZ\313\207)\3121\312c\262>\3178 \202\326/\351\253\004/\351\253\005\n\000""; }; nodes {;   nodedata: ""\323C\344\327\264{\312-\017:\006{\177\344N\002\326bO\260\220\006\033\362\345\005U\221DzJ0\001\301\025%1L\307\t\261\262z\374\222T\301\274V\236\223\262\270Ct\362\337b\356\024*\324\320\351\317\002k\336\234\027v\351\217\260\303\360\233ZPZWr\246$w\313\313\r\243r\232\2234\373\3539:N\004Q\245\272D\312D\300\300\t\323\0257\345e\271\na\215{\226\255x%T\257\037\333\004\344_/R\006E\344\037@\210\363\010\336T\226\247'\204_{\261\370""1\235\2445\343\033Y!\212\201\341\272\225'\007\263&\227\335t\265j<\344,\262\267\361d\232m\356\244H)8L\356\231&\233p\236\032\212\253[\013\003""; }; ","ledgerHash: ""A\321\341bca\253\025\321\311\317\021\375\317\217\n\272\033o\353G>\275\361H\265\240\232um""\317""; ledgerSeq: 27; type: liBASE; nodes {;   nodedata: ""\000\000\000\033\001cEx]\211\377\330J +\370\t^b\005\020\003\211\373\247|hC\271Nmk~J\270EU\274\036-\347\240\312F\000\000\000\000\000\000\000\000\000\000\000\000\000\000\000\000\000\000\000\000\000\000\000\000\000\000\000\000\000\000\000\0009\241\370Sf\224\000\362\311\274\264\2253>\316jTZ\313\207)\3121\312c\262>\3178 \202\326/\351\253\004/\351\253\005\n\000""; }; nodes {;   nodedata: ""\323C\344\327\264{\312-\017:\006{\177\344N\002\326bO\260\220\006\033\362\345\005U\221DzJ0\001\301\025%1L\307\t\261\262z\374\222T\301\274V\236\223\262\270Ct\362\337b\356\024*\324\320\351\317\002k\336\234\027v\351\217\260\303\360\233ZPZWr\246$w\313\313\r\243r\232\2234\373\3539:N\004Q\245\272D\312D\300\300\t\323\0257\345e\271\na\215{\226\255x%T\257\037\333\004\344_/R\006E\344\037@\210\363\010\336T\226\247'\204_{\261\370""1\235\2445\343\033Y!\212\201\341\272\225'\007\263&\227\335t\265j<\344,\262\267\361d\232m\356\244H)8L\356\231&\233p\236\032\212\253[\013\003""; }; "
1750527621516,1750527621517,0,1,2,0,TMLedgerData,"ledgerHash: ""A\321\341bca\253\025\321\311\317\021\375\317\217\n\272\033o\353G>\275\361H\265\240\232um""\317""; ledgerSeq: 27; type: liBASE; nodes {;   nodedata: ""\000\000\000\033\001cEx]\211\377\330J +\370\t^b\005\020\003\211\373\247|hC\271Nmk~J\270EU\274\036-\347\240\312F\000\000\000\000\000\000\000\000\000\000\000\000\000\000\000\000\000\000\000\000\000\000\000\000\000\000\000\000\000\000\000\0009\241\370Sf\224\000\362\311\274\264\2253>\316jTZ\313\207)\3121\312c\262>\3178 \202\326/\351\253\004/\351\253\005\n\000""; }; nodes {;   nodedata: ""\323C\344\327\264{\312-\017:\006{\177\344N\002\326bO\260\220\006\033\362\345\005U\221DzJ0\001\301\025%1L\307\t\261\262z\374\222T\301\274V\236\223\262\270Ct\362\337b\356\024*\324\320\351\317\002k\336\234\027v\351\217\260\303\360\233ZPZWr\246$w\313\313\r\243r\232\2234\373\3539:N\004Q\245\272D\312D\300\300\t\323\0257\345e\271\na\215{\226\255x%T\257\037\333\004\344_/R\006E\344\037@\210\363\010\336T\226\247'\204_{\261\370""1\235\2445\343\033Y!\212\201\341\272\225'\007\263&\227\335t\265j<\344,\262\267\361d\232m\356\244H)8L\356\231&\233p\236\032\212\253[\013\003""; }; ","ledgerHash: ""A\321\341bca\253\025\321\311\317\021\375\317\217\n\272\033o\353G>\275\361H\265\240\232um""\317""; ledgerSeq: 27; type: liBASE; nodes {;   nodedata: ""\000\000\000\033\001cEx]\211\377\330J +\370\t^b\005\020\003\211\373\247|hC\271Nmk~J\270EU\274\036-\347\240\312F\000\000\000\000\000\000\000\000\000\000\000\000\000\000\000\000\000\000\000\000\000\000\000\000\000\000\000\000\000\000\000\0009\241\370Sf\224\000\362\311\274\264\2253>\316jTZ\313\207)\3121\312c\262>\3178 \202\326/\351\253\004/\351\253\005\n\000""; }; nodes {;   nodedata: ""\323C\344\327\264{\312-\017:\006{\177\344N\002\326bO\260\220\006\033\362\345\005U\221DzJ0\001\301\025%1L\307\t\261\262z\374\222T\301\274V\236\223\262\270Ct\362\337b\356\024*\324\320\351\317\002k\336\234\027v\351\217\260\303\360\233ZPZWr\246$w\313\313\r\243r\232\2234\373\3539:N\004Q\245\272D\312D\300\300\t\323\0257\345e\271\na\215{\226\255x%T\257\037\333\004\344_/R\006E\344\037@\210\363\010\336T\226\247'\204_{\261\370""1\235\2445\343\033Y!\212\201\341\272\225'\007\263&\227\335t\265j<\344,\262\267\361d\232m\356\244H)8L\356\231&\233p\236\032\212\253[\013\003""; }; "
1750527621517,1750527621518,0,1,0,4,TMLedgerData,"ledgerHash: ""A\321\341bca\253\025\321\311\317\021\375\317\217\n\272\033o\353G>\275\361H\265\240\232um""\317""; ledgerSeq: 27; type: liBASE; nodes {;   nodedata: ""\000\000\000\033\001cEx]\211\377\330J +\370\t^b\005\020\003\211\373\247|hC\271Nmk~J\270EU\274\036-\347\240\312F\000\000\000\000\000\000\000\000\000\000\000\000\000\000\000\000\000\000\000\000\000\000\000\000\000\000\000\000\000\000\000\0009\241\370Sf\224\000\362\311\274\264\2253>\316jTZ\313\207)\3121\312c\262>\3178 \202\326/\351\253\004/\351\253\005\n\000""; }; nodes {;   nodedata: ""\323C\344\327\264{\312-\017:\006{\177\344N\002\326bO\260\220\006\033\362\345\005U\221DzJ0\001\301\025%1L\307\t\261\262z\374\222T\301\274V\236\223\262\270Ct\362\337b\356\024*\324\320\351\317\002k\336\234\027v\351\217\260\303\360\233ZPZWr\246$w\313\313\r\243r\232\2234\373\3539:N\004Q\245\272D\312D\300\300\t\323\0257\345e\271\na\215{\226\255x%T\257\037\333\004\344_/R\006E\344\037@\210\363\010\336T\226\247'\204_{\261\370""1\235\2445\343\033Y!\212\201\341\272\225'\007\263&\227\335t\265j<\344,\262\267\361d\232m\356\244H)8L\356\231&\233p\236\032\212\253[\013\003""; }; ","ledgerHash: ""A\321\341bca\253\025\321\311\317\021\375\317\217\n\272\033o\353G>\275\361H\265\240\232um""\317""; ledgerSeq: 27; type: liBASE; nodes {;   nodedata: ""\000\000\000\033\001cEx]\211\377\330J +\370\t^b\005\020\003\211\373\247|hC\271Nmk~J\270EU\274\036-\347\240\312F\000\000\000\000\000\000\000\000\000\000\000\000\000\000\000\000\000\000\000\000\000\000\000\000\000\000\000\000\000\000\000\0009\241\370Sf\224\000\362\311\274\264\2253>\316jTZ\313\207)\3121\312c\262>\3178 \202\326/\351\253\004/\351\253\005\n\000""; }; nodes {;   nodedata: ""\323C\344\327\264{\312-\017:\006{\177\344N\002\326bO\260\220\006\033\362\345\005U\221DzJ0\001\301\025%1L\307\t\261\262z\374\222T\301\274V\236\223\262\270Ct\362\337b\356\024*\324\320\351\317\002k\336\234\027v\351\217\260\303\360\233ZPZWr\246$w\313\313\r\243r\232\2234\373\3539:N\004Q\245\272D\312D\300\300\t\323\0257\345e\271\na\215{\226\255x%T\257\037\333\004\344_/R\006E\344\037@\210\363\010\336T\226\247'\204_{\261\370""1\235\2445\343\033Y!\212\201\341\272\225'\007\263&\227\335t\265j<\344,\262\267\361d\232m\356\244H)8L\356\231&\233p\236\032\212\253[\013\003""; }; "
1750527621518,1750527621518,0,1,0,2,TMLedgerData,"ledgerHash: ""A\321\341bca\253\025\321\311\317\021\375\317\217\n\272\033o\353G>\275\361H\265\240\232um""\317""; ledgerSeq: 27; type: liBASE; nodes {;   nodedata: ""\000\000\000\033\001cEx]\211\377\330J +\370\t^b\005\020\003\211\373\247|hC\271Nmk~J\270EU\274\036-\347\240\312F\000\000\000\000\000\000\000\000\000\000\000\000\000\000\000\000\000\000\000\000\000\000\000\000\000\000\000\000\000\000\000\0009\241\370Sf\224\000\362\311\274\264\2253>\316jTZ\313\207)\3121\312c\262>\3178 \202\326/\351\253\004/\351\253\005\n\000""; }; nodes {;   nodedata: ""\323C\344\327\264{\312-\017:\006{\177\344N\002\326bO\260\220\006\033\362\345\005U\221DzJ0\001\301\025%1L\307\t\261\262z\374\222T\301\274V\236\223\262\270Ct\362\337b\356\024*\324\320\351\317\002k\336\234\027v\351\217\260\303\360\233ZPZWr\246$w\313\313\r\243r\232\2234\373\3539:N\004Q\245\272D\312D\300\300\t\323\0257\345e\271\na\215{\226\255x%T\257\037\333\004\344_/R\006E\344\037@\210\363\010\336T\226\247'\204_{\261\370""1\235\2445\343\033Y!\212\201\341\272\225'\007\263&\227\335t\265j<\344,\262\267\361d\232m\356\244H)8L\356\231&\233p\236\032\212\253[\013\003""; }; ","ledgerHash: ""A\321\341bca\253\025\321\311\317\021\375\317\217\n\272\033o\353G>\275\361H\265\240\232um""\317""; ledgerSeq: 27; type: liBASE; nodes {;   nodedata: ""\000\000\000\033\001cEx]\211\377\330J +\370\t^b\005\020\003\211\373\247|hC\271Nmk~J\270EU\274\036-\347\240\312F\000\000\000\000\000\000\000\000\000\000\000\000\000\000\000\000\000\000\000\000\000\000\000\000\000\000\000\000\000\000\000\0009\241\370Sf\224\000\362\311\274\264\2253>\316jTZ\313\207)\3121\312c\262>\3178 \202\326/\351\253\004/\351\253\005\n\000""; }; nodes {;   nodedata: ""\323C\344\327\264{\312-\017:\006{\177\344N\002\326bO\260\220\006\033\362\345\005U\221DzJ0\001\301\025%1L\307\t\261\262z\374\222T\301\274V\236\223\262\270Ct\362\337b\356\024*\324\320\351\317\002k\336\234\027v\351\217\260\303\360\233ZPZWr\246$w\313\313\r\243r\232\2234\373\3539:N\004Q\245\272D\312D\300\300\t\323\0257\345e\271\na\215{\226\255x%T\257\037\333\004\344_/R\006E\344\037@\210\363\010\336T\226\247'\204_{\261\370""1\235\2445\343\033Y!\212\201\341\272\225'\007\263&\227\335t\265j<\344,\262\267\361d\232m\356\244H)8L\356\231&\233p\236\032\212\253[\013\003""; }; "
1750527621521,1750527621522,0,1,3,2,TMLedgerData,"ledgerHash: ""A\321\341bca\253\025\321\311\317\021\375\317\217\n\272\033o\353G>\275\361H\265\240\232um""\317""; ledgerSeq: 27; type: liAS_NODE; nodes {;   nodedata: ""\021\000h""\000\000\000\000 \033\000\000\000\032\002\023\303\237\330\356GuH\375\327!\255\371\r\231\262R\256J\034\222\241\355X\265E\241^W\225\304\014\361CX-}\351f\032\255\274\334m\326c\017\014ao[\342\230\003\245\245\3341Hm\326^\017jy\335\261\032Yt\320\244{g\0306\\302\303*\341\215\223\257\364\277o\375\000r\241SOq\221\253\262\005\017\375T\356\014\360o'\030\311-\267\031\257!\031T\006><\315XM\334\324\345\034\000\325\367\240\271\013\265\024\321\362\354\211\250.\234s\225amc\305\035\366\276\037nD\277`\210\223N\3535\033\261\304f\331]\036\237\306o!\223\221\002\324\031\262\240R\177 ,\214\325\Q])\016\2067\277\t\354\010\000\360\215\2502\265\245\310\226\243c\302Ze\306\253#r\020\211\320iG\276\020E\317\035Sf\223F\254\033@\177e\277\016\010u\327\371&\262\312\317Q\2361t\377x\234\001v\003%\030\325_\225g\204\346a=\225\273\331\354\365*U\363\263N\367b\371\244\314-w\363\262\225Z\200\206\235\233\257?sE\2674\254\326mU\377?\177Ek\336\030!\316Aa\225\303\022\377{\210Y\226\271as\354L\035\004\341\361\035\301\024\220m#*\372\032\3178~\374\250\014*\323\342'z69\220\327\256\351G\367\317u\302\207\270b\315\333\333\334\310I\323&\014\352XZnW2.\335\347\202\021\247\362\212e\034\000\001\250\220\305;a\314\265R\310\017\317\331\235\360\262\240:\277\202\266\354\265X""\022\nh\252\352w\204\203\023]\001f\352\277\0031Q]\362\370R\350{\261\202\240\344\215\201\353\276\322p5p\350\354\017>\250r\241c\273\016\301\024\363\242\247\263\231\370\344\nBW\220K\316@3\243\200\036wk\253GSlU\010\360\231>\331\263H\214\324\030A\225\301o\346pkSF\004\241\213w9\223=\250\262*+\255\351r\265\244c\024\213\t\007`\223\325#\3477\210\345P\306\013\320\252[\0216+\227=`\371P\314\346 V7\271[~\n\237\274|\347\352@K\253~&\260\032\024\004B\200\255h\351\013\361\031:nG\211\005|\2003\266\274\251,W\006u\344\335d\003\306\212\313,\340\350bG\n\030Z\2732-\246\312\255\030\003\235207\005}D\260\0261ah\322M\304\216\273m0\271\234\237\007<w$\265C\245\232\033\023\313c\321B\032l\301h\005\320\252\301\361(\330[\343\357\343{\235\n\266g\272>\177\317\347\261qb&\270&\346ju\200\363N\320\307\004\034\001n\317\361\2653\254\2503\247\305\372\316W\022O\253x\250\025\373\247\354Tc\304\263\243^\352Gv\\264\261\r\035\226\306\2411\351\233\203\215\200$\231\300f\220\371c@\017\254\363\\371\340\340VaR\205~^\226\342t\360\022\204d\231\205)\272\364?\361!\334\331\315\254\230\rBG\314\023\246\244=\351\177\254\302b&\276+H;0\312\021&\275\036\237\350R\313\206R\331\304k\323u\263t\221\213yC\241\217A\242\027g\322\241'\212.E?B_\316\327\217J +\370\t^b\005\020\003\211\373\247|hC\271Nmk~J\270EU\274\036-\347\240\312F\264\227\2326\315\307\363\323\325\303\032N\256*\307\327 \235\332\207u\210\271\257\306g\231i*\260\326k\001"";   nodeid: ""\260\000\000\000\000\000\000\000\000\000\000\000\000\000\000\000\000\000\000\000\000\000\000\000\000\000\000\000\000\000\000\000\001""; }; ","ledgerHash: ""A\321\341bca\253\025\321\311\317\021\375\317\217\n\272\033o\353G>\275\361H\265\240\232um""\317""; ledgerSeq: 27; type: liAS_NODE; nodes {;   nodedata: ""\021\000h""\000\000\000\000 \033\000\000\000\032\002\023\303\237\330\356GuH\375\327!\255\371\r\231\262R\256J\034\222\241\355X\265E\241^W\225\304\014\361CX-}\351f\032\255\274\334m\326c\017\014ao[\342\230\003\245\245\3341Hm\326^\017jy\335\261\032Yt\320\244{g\0306\\302\303*\341\215\223\257\364\277o\375\000r\241SOq\221\253\262\005\017\375T\356\014\360o'\030\311-\267\031\257!\031T\006><\315XM\334\324\345\034\000\325\367\240\271\013\265\024\321\362\354\211\250.\234s\225amc\305\035\366\276\037nD\277`\210\223N\3535\033\261\304f\331]\036\237\306o!\223\221\002\324\031\262\240R\177 ,\214\325\Q])\016\2067\277\t\354\010\000\360\215\2502\265\245\310\226\243c\302Ze\306\253#r\020\211\320iG\276\020E\317\035Sf\223F\254\033@\177e\277\016\010u\327\371&\262\312\317Q\2361t\377x\234\001v\003%\030\325_\225g\204\346a=\225\273\331\354\365*U\363\263N\367b\371\244\314-w\363\262\225Z\200\206\235\233\257?sE\2674\254\326mU\377?\177Ek\336\030!\316Aa\225\303\022\377{\210Y\226\271as\354L\035\004\341\361\035\301\024\220m#*\372\032\3178~\374\250\014*\323\342'z69\220\327\256\351G\367\317u\302\207\270b\315\333\333\334\310I\323&\014\352XZnW2.\335\347\202\021\247\362\212e\034\000\001\250\220\305;a\314\265R\310\017\317\331\235\360\262\240:\277\202\266\354\265X""\022\nh\252\352w\204\203\023]\001f\352\277\0031Q]\362\370R\350{\261\202\240\344\215\201\353\276\322p5p\350\354\017>\250r\241c\273\016\301\024\363\242\247\263\231\370\344\nBW\220K\316@3\243\200\036wk\253GSlU\010\360\231>\331\263H\214\324\030A\225\301o\346pkSF\004\241\213w9\223=\250\262*+\255\351r\265\244c\024\213\t\007`\223\325#\3477\210\345P\306\013\320\252[\0216+\227=`\371P\314\346 V7\271[~\n\237\274|\347\352@K\253~&\260\032\024\004B\200\255h\351\013\361\031:nG\211\005|\2003\266\274\251,W\006u\344\335d\003\306\212\313,\340\350bG\n\030Z\2732-\246\312\255\030\003\235207\005}D\260\0261ah\322M\304\216\273m0\271\234\237\007<w$\265C\245\232\033\023\313c\321B\032l\301h\005\320\252\301\361(\330[\343\357\343{\235\n\266g\272>\177\317\347\261qb&\270&\346ju\200\363N\320\307\004\034\001n\317\361\2653\254\2503\247\305\372\316W\022O\253x\250\025\373\247\354Tc\304\263\243^\352Gv\\264\261\r\035\226\306\2411\351\233\203\215\200$\231\300f\220\371c@\017\254\363\\371\340\340VaR\205~^\226\342t\360\022\204d\231\205)\272\364?\361!\334\331\315\254\230\rBG\314\023\246\244=\351\177\254\302b&\276+H;0\312\021&\275\036\237\350R\313\206R\331\304k\323u\263t\221\213yC\241\217A\242\027g\322\241'\212.E?B_\316\327\217J +\370\t^b\005\020\003\211\373\247|hC\271Nmk~J\270EU\274\036-\347\240\312F\264\227\2326\315\307\363\323\325\303\032N\256*\307\327 \235\332\207u\210\271\257\306g\231i*\260\326k\001"";   nodeid: ""\260\000\000\000\000\000\000\000\000\000\000\000\000\000\000\000\000\000\000\000\000\000\000\000\000\000\000\000\000\000\000\000\001""; }; "
1750527621537,1750527621538,0,1,3,4,TMLedgerData,"ledgerHash: ""A\321\341bca\253\025\321\311\317\021\375\317\217\n\272\033o\353G>\275\361H\265\240\232um""\317""; ledgerSeq: 27; type: liBASE; nodes {;   nodedata: ""\000\000\000\033\001cEx]\211\377\330J +\370\t^b\005\020\003\211\373\247|hC\271Nmk~J\270EU\274\036-\347\240\312F\000\000\000\000\000\000\000\000\000\000\000\000\000\000\000\000\000\000\000\000\000\000\000\000\000\000\000\000\000\000\000\0009\241\370Sf\224\000\362\311\274\264\2253>\316jTZ\313\207)\3121\312c\262>\3178 \202\326/\351\253\004/\351\253\005\n\000""; }; nodes {;   nodedata: ""\323C\344\327\264{\312-\017:\006{\177\344N\002\326bO\260\220\006\033\362\345\005U\221DzJ0\001\301\025%1L\307\t\261\262z\374\222T\301\274V\236\223\262\270Ct\362\337b\356\024*\324\320\351\317\002k\336\234\027v\351\217\260\303\360\233ZPZWr\246$w\313\313\r\243r\232\2234\373\3539:N\004Q\245\272D\312D\300\300\t\323\0257\345e\271\na\215{\226\255x%T\257\037\333\004\344_/R\006E\344\037@\210\363\010\336T\226\247'\204_{\261\370""1\235\2445\343\033Y!\212\201\341\272\225'\007\263&\227\335t\265j<\344,\262\267\361d\232m\356\244H)8L\356\231&\233p\236\032\212\253[\013\003""; }; requestCookie: 1; ","ledgerHash: ""A\321\341bca\253\025\321\311\317\021\375\317\217\n\272\033o\353G>\275\361H\265\240\232um""\317""; ledgerSeq: 27; type: liBASE; nodes {;   nodedata: ""\000\000\000\033\001cEx]\211\377\330J +\370\t^b\005\020\003\211\373\247|hC\271Nmk~J\270EU\274\036-\347\240\312F\000\000\000\000\000\000\000\000\000\000\000\000\000\000\000\000\000\000\000\000\000\000\000\000\000\000\000\000\000\000\000\0009\241\370Sf\224\000\362\311\274\264\2253>\316jTZ\313\207)\3121\312c\262>\3178 \202\326/\351\253\004/\351\253\005\n\000""; }; nodes {;   nodedata: ""\323C\344\327\264{\312-\017:\006{\177\344N\002\326bO\260\220\006\033\362\345\005U\221DzJ0\001\301\025%1L\307\t\261\262z\374\222T\301\274V\236\223\262\270Ct\362\337b\356\024*\324\320\351\317\002k\336\234\027v\351\217\260\303\360\233ZPZWr\246$w\313\313\r\243r\232\2234\373\3539:N\004Q\245\272D\312D\300\300\t\323\0257\345e\271\na\215{\226\255x%T\257\037\333\004\344_/R\006E\344\037@\210\363\010\336T\226\247'\204_{\261\370""1\235\2445\343\033Y!\212\201\341\272\225'\007\263&\227\335t\265j<\344,\262\267\361d\232m\356\244H)8L\356\231&\233p\236\032\212\253[\013\003""; }; requestCookie: 1; "
1750527621539,1750527621539,0,1,4,0,TMLedgerData,"ledgerHash: ""A\321\341bca\253\025\321\311\317\021\375\317\217\n\272\033o\353G>\275\361H\265\240\232um""\317""; ledgerSeq: 27; type: liBASE; nodes {;   nodedata: ""\000\000\000\033\001cEx]\211\377\330J +\370\t^b\005\020\003\211\373\247|hC\271Nmk~J\270EU\274\036-\347\240\312F\000\000\000\000\000\000\000\000\000\000\000\000\000\000\000\000\000\000\000\000\000\000\000\000\000\000\000\000\000\000\000\0009\241\370Sf\224\000\362\311\274\264\2253>\316jTZ\313\207)\3121\312c\262>\3178 \202\326/\351\253\004/\351\253\005\n\000""; }; nodes {;   nodedata: ""\323C\344\327\264{\312-\017:\006{\177\344N\002\326bO\260\220\006\033\362\345\005U\221DzJ0\001\301\025%1L\307\t\261\262z\374\222T\301\274V\236\223\262\270Ct\362\337b\356\024*\324\320\351\317\002k\336\234\027v\351\217\260\303\360\233ZPZWr\246$w\313\313\r\243r\232\2234\373\3539:N\004Q\245\272D\312D\300\300\t\323\0257\345e\271\na\215{\226\255x%T\257\037\333\004\344_/R\006E\344\037@\210\363\010\336T\226\247'\204_{\261\370""1\235\2445\343\033Y!\212\201\341\272\225'\007\263&\227\335t\265j<\344,\262\267\361d\232m\356\244H)8L\356\231&\233p\236\032\212\253[\013\003""; }; ","ledgerHash: ""A\321\341bca\253\025\321\311\317\021\375\317\217\n\272\033o\353G>\275\361H\265\240\232um""\317""; ledgerSeq: 27; type: liBASE; nodes {;   nodedata: ""\000\000\000\033\001cEx]\211\377\330J +\370\t^b\005\020\003\211\373\247|hC\271Nmk~J\270EU\274\036-\347\240\312F\000\000\000\000\000\000\000\000\000\000\000\000\000\000\000\000\000\000\000\000\000\000\000\000\000\000\000\000\000\000\000\0009\241\370Sf\224\000\362\311\274\264\2253>\316jTZ\313\207)\3121\312c\262>\3178 \202\326/\351\253\004/\351\253\005\n\000""; }; nodes {;   nodedata: ""\323C\344\327\264{\312-\017:\006{\177\344N\002\326bO\260\220\006\033\362\345\005U\221DzJ0\001\301\025%1L\307\t\261\262z\374\222T\301\274V\236\223\262\270Ct\362\337b\356\024*\324\320\351\317\002k\336\234\027v\351\217\260\303\360\233ZPZWr\246$w\313\313\r\243r\232\2234\373\3539:N\004Q\245\272D\312D\300\300\t\323\0257\345e\271\na\215{\226\255x%T\257\037\333\004\344_/R\006E\344\037@\210\363\010\336T\226\247'\204_{\261\370""1\235\2445\343\033Y!\212\201\341\272\225'\007\263&\227\335t\265j<\344,\262\267\361d\232m\356\244H)8L\356\231&\233p\236\032\212\253[\013\003""; }; "
1750527621546,1750527621546,0,1,3,1,TMPing,type: ptPING; seq: 3667715001; ,type: ptPING; seq: 3667715001; 
1750527621546,1750527621547,0,1,3,1,TMLedgerData,"ledgerHash: ""A\321\341bca\253\025\321\311\317\021\375\317\217\n\272\033o\353G>\275\361H\265\240\232um""\317""; ledgerSeq: 27; type: liAS_NODE; nodes {;   nodedata: ""\021\000h""\000\000\000\000 \033\000\000\000\032\002\023\303\237\330\356GuH\375\327!\255\371\r\231\262R\256J\034\222\241\355X\265E\241^W\225\304\014\361CX-}\351f\032\255\274\334m\326c\017\014ao[\342\230\003\245\245\3341Hm\326^\017jy\335\261\032Yt\320\244{g\0306\\302\303*\341\215\223\257\364\277o\375\000r\241SOq\221\253\262\005\017\375T\356\014\360o'\030\311-\267\031\257!\031T\006><\315XM\334\324\345\034\000\325\367\240\271\013\265\024\321\362\354\211\250.\234s\225amc\305\035\366\276\037nD\277`\210\223N\3535\033\261\304f\331]\036\237\306o!\223\221\002\324\031\262\240R\177 ,\214\325\Q])\016\2067\277\t\354\010\000\360\215\2502\265\245\310\226\243c\302Ze\306\253#r\020\211\320iG\276\020E\317\035Sf\223F\254\033@\177e\277\016\010u\327\371&\262\312\317Q\2361t\377x\234\001v\003%\030\325_\225g\204\346a=\225\273\331\354\365*U\363\263N\367b\371\244\314-w\363\262\225Z\200\206\235\233\257?sE\2674\254\326mU\377?\177Ek\336\030!\316Aa\225\303\022\377{\210Y\226\271as\354L\035\004\341\361\035\301\024\220m#*\372\032\3178~\374\250\014*\323\342'z69\220\327\256\351G\367\317u\302\207\270b\315\333\333\334\310I\323&\014\352XZnW2.\335\347\202\021\247\362\212e\034\000\001\250\220\305;a\314\265R\310\017\317\331\235\360\262\240:\277\202\266\354\265X""\022\nh\252\352w\204\203\023]\001f\352\277\0031Q]\362\370R\350{\261\202\240\344\215\201\353\276\322p5p\350\354\017>\250r\241c\273\016\301\024\363\242\247\263\231\370\344\nBW\220K\316@3\243\200\036wk\253GSlU\010\360\231>\331\263H\214\324\030A\225\301o\346pkSF\004\241\213w9\223=\250\262*+\255\351r\265\244c\024\213\t\007`\223\325#\3477\210\345P\306\013\320\252[\0216+\227=`\371P\314\346 V7\271[~\n\237\274|\347\352@K\253~&\260\032\024\004B\200\255h\351\013\361\031:nG\211\005|\2003\266\274\251,W\006u\344\335d\003\306\212\313,\340\350bG\n\030Z\2732-\246\312\255\030\003\235207\005}D\260\0261ah\322M\304\216\273m0\271\234\237\007<w$\265C\245\232\033\023\313c\321B\032l\301h\005\320\252\301\361(\330[\343\357\343{\235\n\266g\272>\177\317\347\261qb&\270&\346ju\200\363N\320\307\004\034\001n\317\361\2653\254\2503\247\305\372\316W\022O\253x\250\025\373\247\354Tc\304\263\243^\352Gv\\264\261\r\035\226\306\2411\351\233\203\215\200$\231\300f\220\371c@\017\254\363\\371\340\340VaR\205~^\226\342t\360\022\204d\231\205)\272\364?\361!\334\331\315\254\230\rBG\314\023\246\244=\351\177\254\302b&\276+H;0\312\021&\275\036\237\350R\313\206R\331\304k\323u\263t\221\213yC\241\217A\242\027g\322\241'\212.E?B_\316\327\217J +\370\t^b\005\020\003\211\373\247|hC\271Nmk~J\270EU\274\036-\347\240\312F\264\227\2326\315\307\363\323\325\303\032N\256*\307\327 \235\332\207u\210\271\257\306g\231i*\260\326k\001"";   nodeid: ""\260\000\000\000\000\000\000\000\000\000\000\000\000\000\000\000\000\000\000\000\000\000\000\000\000\000\000\000\000\000\000\000\001""; }; ","ledgerHash: ""A\321\341bca\253\025\321\311\317\021\375\317\217\n\272\033o\353G>\275\361H\265\240\232um""\317""; ledgerSeq: 27; type: liAS_NODE; nodes {;   nodedata: ""\021\000h""\000\000\000\000 \033\000\000\000\032\002\023\303\237\330\356GuH\375\327!\255\371\r\231\262R\256J\034\222\241\355X\265E\241^W\225\304\014\361CX-}\351f\032\255\274\334m\326c\017\014ao[\342\230\003\245\245\3341Hm\326^\017jy\335\261\032Yt\320\244{g\0306\\302\303*\341\215\223\257\364\277o\375\000r\241SOq\221\253\262\005\017\375T\356\014\360o'\030\311-\267\031\257!\031T\006><\315XM\334\324\345\034\000\325\367\240\271\013\265\024\321\362\354\211\250.\234s\225amc\305\035\366\276\037nD\277`\210\223N\3535\033\261\304f\331]\036\237\306o!\223\221\002\324\031\262\240R\177 ,\214\325\Q])\016\2067\277\t\354\010\000\360\215\2502\265\245\310\226\243c\302Ze\306\253#r\020\211\320iG\276\020E\317\035Sf\223F\254\033@\177e\277\016\010u\327\371&\262\312\317Q\2361t\377x\234\001v\003%\030\325_\225g\204\346a=\225\273\331\354\365*U\363\263N\367b\371\244\314-w\363\262\225Z\200\206\235\233\257?sE\2674\254\326mU\377?\177Ek\336\030!\316Aa\225\303\022\377{\210Y\226\271as\354L\035\004\341\361\035\301\024\220m#*\372\032\3178~\374\250\014*\323\342'z69\220\327\256\351G\367\317u\302\207\270b\315\333\333\334\310I\323&\014\352XZnW2.\335\347\202\021\247\362\212e\034\000\001\250\220\305;a\314\265R\310\017\317\331\235\360\262\240:\277\202\266\354\265X""\022\nh\252\352w\204\203\023]\001f\352\277\0031Q]\362\370R\350{\261\202\240\344\215\201\353\276\322p5p\350\354\017>\250r\241c\273\016\301\024\363\242\247\263\231\370\344\nBW\220K\316@3\243\200\036wk\253GSlU\010\360\231>\331\263H\214\324\030A\225\301o\346pkSF\004\241\213w9\223=\250\262*+\255\351r\265\244c\024\213\t\007`\223\325#\3477\210\345P\306\013\320\252[\0216+\227=`\371P\314\346 V7\271[~\n\237\274|\347\352@K\253~&\260\032\024\004B\200\255h\351\013\361\031:nG\211\005|\2003\266\274\251,W\006u\344\335d\003\306\212\313,\340\350bG\n\030Z\2732-\246\312\255\030\003\235207\005}D\260\0261ah\322M\304\216\273m0\271\234\237\007<w$\265C\245\232\033\023\313c\321B\032l\301h\005\320\252\301\361(\330[\343\357\343{\235\n\266g\272>\177\317\347\261qb&\270&\346ju\200\363N\320\307\004\034\001n\317\361\2653\254\2503\247\305\372\316W\022O\253x\250\025\373\247\354Tc\304\263\243^\352Gv\\264\261\r\035\226\306\2411\351\233\203\215\200$\231\300f\220\371c@\017\254\363\\371\340\340VaR\205~^\226\342t\360\022\204d\231\205)\272\364?\361!\334\331\315\254\230\rBG\314\023\246\244=\351\177\254\302b&\276+H;0\312\021&\275\036\237\350R\313\206R\331\304k\323u\263t\221\213yC\241\217A\242\027g\322\241'\212.E?B_\316\327\217J +\370\t^b\005\020\003\211\373\247|hC\271Nmk~J\270EU\274\036-\347\240\312F\264\227\2326\315\307\363\323\325\303\032N\256*\307\327 \235\332\207u\210\271\257\306g\231i*\260\326k\001"";   nodeid: ""\260\000\000\000\000\000\000\000\000\000\000\000\000\000\000\000\000\000\000\000\000\000\000\000\000\000\000\000\000\000\000\000\001""; }; "
1750527621548,1750527621548,0,1,1,3,TMPing,type: ptPONG; seq: 3667715001; ,type: ptPONG; seq: 3667715001; 
1750527621550,1750527621550,0,1,1,2,TMLedgerData,"ledgerHash: ""A\321\341bca\253\025\321\311\317\021\375\317\217\n\272\033o\353G>\275\361H\265\240\232um""\317""; ledgerSeq: 27; type: liBASE; nodes {;   nodedata: ""\000\000\000\033\001cEx]\211\377\330J +\370\t^b\005\020\003\211\373\247|hC\271Nmk~J\270EU\274\036-\347\240\312F\000\000\000\000\000\000\000\000\000\000\000\000\000\000\000\000\000\000\000\000\000\000\000\000\000\000\000\000\000\000\000\0009\241\370Sf\224\000\362\311\274\264\2253>\316jTZ\313\207)\3121\312c\262>\3178 \202\326/\351\253\004/\351\253\005\n\000""; }; nodes {;   nodedata: ""\323C\344\327\264{\312-\017:\006{\177\344N\002\326bO\260\220\006\033\362\345\005U\221DzJ0\001\301\025%1L\307\t\261\262z\374\222T\301\274V\236\223\262\270Ct\362\337b\356\024*\324\320\351\317\002k\336\234\027v\351\217\260\303\360\233ZPZWr\246$w\313\313\r\243r\232\2234\373\3539:N\004Q\245\272D\312D\300\300\t\323\0257\345e\271\na\215{\226\255x%T\257\037\333\004\344_/R\006E\344\037@\210\363\010\336T\226\247'\204_{\261\370""1\235\2445\343\033Y!\212\201\341\272\225'\007\263&\227\335t\265j<\344,\262\267\361d\232m\356\244H)8L\356\231&\233p\236\032\212\253[\013\003""; }; ","ledgerHash: ""A\321\341bca\253\025\321\311\317\021\375\317\217\n\272\033o\353G>\275\361H\265\240\232um""\317""; ledgerSeq: 27; type: liBASE; nodes {;   nodedata: ""\000\000\000\033\001cEx]\211\377\330J +\370\t^b\005\020\003\211\373\247|hC\271Nmk~J\270EU\274\036-\347\240\312F\000\000\000\000\000\000\000\000\000\000\000\000\000\000\000\000\000\000\000\000\000\000\000\000\000\000\000\000\000\000\000\0009\241\370Sf\224\000\362\311\274\264\2253>\316jTZ\313\207)\3121\312c\262>\3178 \202\326/\351\253\004/\351\253\005\n\000""; }; nodes {;   nodedata: ""\323C\344\327\264{\312-\017:\006{\177\344N\002\326bO\260\220\006\033\362\345\005U\221DzJ0\001\301\025%1L\307\t\261\262z\374\222T\301\274V\236\223\262\270Ct\362\337b\356\024*\324\320\351\317\002k\336\234\027v\351\217\260\303\360\233ZPZWr\246$w\313\313\r\243r\232\2234\373\3539:N\004Q\245\272D\312D\300\300\t\323\0257\345e\271\na\215{\226\255x%T\257\037\333\004\344_/R\006E\344\037@\210\363\010\336T\226\247'\204_{\261\370""1\235\2445\343\033Y!\212\201\341\272\225'\007\263&\227\335t\265j<\344,\262\267\361d\232m\356\244H)8L\356\231&\233p\236\032\212\253[\013\003""; }; "
1750527621562,1750527621562,0,1,3,2,TMLedgerData,"ledgerHash: ""A\321\341bca\253\025\321\311\317\021\375\317\217\n\272\033o\353G>\275\361H\265\240\232um""\317""; ledgerSeq: 27; type: liBASE; nodes {;   nodedata: ""\000\000\000\033\001cEx]\211\377\330J +\370\t^b\005\020\003\211\373\247|hC\271Nmk~J\270EU\274\036-\347\240\312F\000\000\000\000\000\000\000\000\000\000\000\000\000\000\000\000\000\000\000\000\000\000\000\000\000\000\000\000\000\000\000\0009\241\370Sf\224\000\362\311\274\264\2253>\316jTZ\313\207)\3121\312c\262>\3178 \202\326/\351\253\004/\351\253\005\n\000""; }; nodes {;   nodedata: ""\323C\344\327\264{\312-\017:\006{\177\344N\002\326bO\260\220\006\033\362\345\005U\221DzJ0\001\301\025%1L\307\t\261\262z\374\222T\301\274V\236\223\262\270Ct\362\337b\356\024*\324\320\351\317\002k\336\234\027v\351\217\260\303\360\233ZPZWr\246$w\313\313\r\243r\232\2234\373\3539:N\004Q\245\272D\312D\300\300\t\323\0257\345e\271\na\215{\226\255x%T\257\037\333\004\344_/R\006E\344\037@\210\363\010\336T\226\247'\204_{\261\370""1\235\2445\343\033Y!\212\201\341\272\225'\007\263&\227\335t\265j<\344,\262\267\361d\232m\356\244H)8L\356\231&\233p\236\032\212\253[\013\003""; }; requestCookie: 3; ","ledgerHash: ""A\321\341bca\253\025\321\311\317\021\375\317\217\n\272\033o\353G>\275\361H\265\240\232um""\317""; ledgerSeq: 27; type: liBASE; nodes {;   nodedata: ""\000\000\000\033\001cEx]\211\377\330J +\370\t^b\005\020\003\211\373\247|hC\271Nmk~J\270EU\274\036-\347\240\312F\000\000\000\000\000\000\000\000\000\000\000\000\000\000\000\000\000\000\000\000\000\000\000\000\000\000\000\000\000\000\000\0009\241\370Sf\224\000\362\311\274\264\2253>\316jTZ\313\207)\3121\312c\262>\3178 \202\326/\351\253\004/\351\253\005\n\000""; }; nodes {;   nodedata: ""\323C\344\327\264{\312-\017:\006{\177\344N\002\326bO\260\220\006\033\362\345\005U\221DzJ0\001\301\025%1L\307\t\261\262z\374\222T\301\274V\236\223\262\270Ct\362\337b\356\024*\324\320\351\317\002k\336\234\027v\351\217\260\303\360\233ZPZWr\246$w\313\313\r\243r\232\2234\373\3539:N\004Q\245\272D\312D\300\300\t\323\0257\345e\271\na\215{\226\255x%T\257\037\333\004\344_/R\006E\344\037@\210\363\010\336T\226\247'\204_{\261\370""1\235\2445\343\033Y!\212\201\341\272\225'\007\263&\227\335t\265j<\344,\262\267\361d\232m\356\244H)8L\356\231&\233p\236\032\212\253[\013\003""; }; requestCookie: 3; "
1750527621563,1750527621563,0,1,2,1,TMLedgerData,"ledgerHash: ""A\321\341bca\253\025\321\311\317\021\375\317\217\n\272\033o\353G>\275\361H\265\240\232um""\317""; ledgerSeq: 27; type: liBASE; nodes {;   nodedata: ""\000\000\000\033\001cEx]\211\377\330J +\370\t^b\005\020\003\211\373\247|hC\271Nmk~J\270EU\274\036-\347\240\312F\000\000\000\000\000\000\000\000\000\000\000\000\000\000\000\000\000\000\000\000\000\000\000\000\000\000\000\000\000\000\000\0009\241\370Sf\224\000\362\311\274\264\2253>\316jTZ\313\207)\3121\312c\262>\3178 \202\326/\351\253\004/\351\253\005\n\000""; }; nodes {;   nodedata: ""\323C\344\327\264{\312-\017:\006{\177\344N\002\326bO\260\220\006\033\362\345\005U\221DzJ0\001\301\025%1L\307\t\261\262z\374\222T\301\274V\236\223\262\270Ct\362\337b\356\024*\324\320\351\317\002k\336\234\027v\351\217\260\303\360\233ZPZWr\246$w\313\313\r\243r\232\2234\373\3539:N\004Q\245\272D\312D\300\300\t\323\0257\345e\271\na\215{\226\255x%T\257\037\333\004\344_/R\006E\344\037@\210\363\010\336T\226\247'\204_{\261\370""1\235\2445\343\033Y!\212\201\341\272\225'\007\263&\227\335t\265j<\344,\262\267\361d\232m\356\244H)8L\356\231&\233p\236\032\212\253[\013\003""; }; ","ledgerHash: ""A\321\341bca\253\025\321\311\317\021\375\317\217\n\272\033o\353G>\275\361H\265\240\232um""\317""; ledgerSeq: 27; type: liBASE; nodes {;   nodedata: ""\000\000\000\033\001cEx]\211\377\330J +\370\t^b\005\020\003\211\373\247|hC\271Nmk~J\270EU\274\036-\347\240\312F\000\000\000\000\000\000\000\000\000\000\000\000\000\000\000\000\000\000\000\000\000\000\000\000\000\000\000\000\000\000\000\0009\241\370Sf\224\000\362\311\274\264\2253>\316jTZ\313\207)\3121\312c\262>\3178 \202\326/\351\253\004/\351\253\005\n\000""; }; nodes {;   nodedata: ""\323C\344\327\264{\312-\017:\006{\177\344N\002\326bO\260\220\006\033\362\345\005U\221DzJ0\001\301\025%1L\307\t\261\262z\374\222T\301\274V\236\223\262\270Ct\362\337b\356\024*\324\320\351\317\002k\336\234\027v\351\217\260\303\360\233ZPZWr\246$w\313\313\r\243r\232\2234\373\3539:N\004Q\245\272D\312D\300\300\t\323\0257\345e\271\na\215{\226\255x%T\257\037\333\004\344_/R\006E\344\037@\210\363\010\336T\226\247'\204_{\261\370""1\235\2445\343\033Y!\212\201\341\272\225'\007\263&\227\335t\265j<\344,\262\267\361d\232m\356\244H)8L\356\231&\233p\236\032\212\253[\013\003""; }; "
1750527621571,1750527621571,0,1,1,4,TMPing,type: ptPING; seq: 2570068570; ,type: ptPING; seq: 2570068570; 
1750527621572,1750527621572,0,1,4,1,TMPing,type: ptPONG; seq: 2570068570; ,type: ptPONG; seq: 2570068570; 
1750527621607,1750527621608,0,1,4,2,TMStatusChange,"newEvent: neACCEPTED_LEDGER; ledgerSeq: 27; ledgerHash: ""A\321\341bca\253\025\321\311\317\021\375\317\217\n\272\033o\353G>\275\361H\265\240\232um""\317""; ledgerHashPrevious: ""J +\370\t^b\005\020\003\211\373\247|hC\271Nmk~J\270EU\274\036-\347\240\312F""; networkTime: 803842821; firstSeq: 1; lastSeq: 26; ","newEvent: neACCEPTED_LEDGER; ledgerSeq: 27; ledgerHash: ""A\321\341bca\253\025\321\311\317\021\375\317\217\n\272\033o\353G>\275\361H\265\240\232um""\317""; ledgerHashPrevious: ""J +\370\t^b\005\020\003\211\373\247|hC\271Nmk~J\270EU\274\036-\347\240\312F""; networkTime: 803842821; firstSeq: 1; lastSeq: 26; "
1750527621608,1750527621608,0,1,4,0,TMStatusChange,"newEvent: neACCEPTED_LEDGER; ledgerSeq: 27; ledgerHash: ""A\321\341bca\253\025\321\311\317\021\375\317\217\n\272\033o\353G>\275\361H\265\240\232um""\317""; ledgerHashPrevious: ""J +\370\t^b\005\020\003\211\373\247|hC\271Nmk~J\270EU\274\036-\347\240\312F""; networkTime: 803842821; firstSeq: 1; lastSeq: 26; ","newEvent: neACCEPTED_LEDGER; ledgerSeq: 27; ledgerHash: ""A\321\341bca\253\025\321\311\317\021\375\317\217\n\272\033o\353G>\275\361H\265\240\232um""\317""; ledgerHashPrevious: ""J +\370\t^b\005\020\003\211\373\247|hC\271Nmk~J\270EU\274\036-\347\240\312F""; networkTime: 803842821; firstSeq: 1; lastSeq: 26; "
1750527621608,1750527621608,0,1,4,3,TMStatusChange,"newEvent: neACCEPTED_LEDGER; ledgerSeq: 27; ledgerHash: ""A\321\341bca\253\025\321\311\317\021\375\317\217\n\272\033o\353G>\275\361H\265\240\232um""\317""; ledgerHashPrevious: ""J +\370\t^b\005\020\003\211\373\247|hC\271Nmk~J\270EU\274\036-\347\240\312F""; networkTime: 803842821; firstSeq: 1; lastSeq: 26; ","newEvent: neACCEPTED_LEDGER; ledgerSeq: 27; ledgerHash: ""A\321\341bca\253\025\321\311\317\021\375\317\217\n\272\033o\353G>\275\361H\265\240\232um""\317""; ledgerHashPrevious: ""J +\370\t^b\005\020\003\211\373\247|hC\271Nmk~J\270EU\274\036-\347\240\312F""; networkTime: 803842821; firstSeq: 1; lastSeq: 26; "
1750527621609,1750527621609,0,1,4,0,TMValidation,"validation: """"\200\000\000\001&\000\000\000\033)/\351\253\005:\r\302\353\023?\373\240rQA\321\341bca\253\025\321\311\317\021\375\317\217\n\272\033o\353G>\275\361H\265\240\232um""\317P\027\000\000\000\000\000\000\000\000\000\000\000\000\000\000\000\000\000\000\000\000\000\000\000\000\000\000\000\000\000\000\000\000P\031J +\370\t^b\005\020\003\211\373\247|hC\271Nmk~J\270EU\274\036-\347\240\312Fs!\003R7o\362bV\300hf\266\241;}\200^\374\240\203[:\342Q\225\221\027y\372\255\235\216\323~vF0D\002 i\217%\221\344_eR\305\004\325\000\236\263{\203!*\374\226$)\357\361\213\316\2220\016\253\231V\002 '\036\202\035\010\253\003 \312\023\256\352\307\2237\341\371\027\372v\372un\233#\356a\346\263R-P""; ","validation: """"\200\000\000\001&\000\000\000\033)/\351\253\005:\r\302\353\023?\373\240rQA\321\341bca\253\025\321\311\317\021\375\317\217\n\272\033o\353G>\275\361H\265\240\232um""\317P\027\000\000\000\000\000\000\000\000\000\000\000\000\000\000\000\000\000\000\000\000\000\000\000\000\000\000\000\000\000\000\000\000P\031J +\370\t^b\005\020\003\211\373\247|hC\271Nmk~J\270EU\274\036-\347\240\312Fs!\003R7o\362bV\300hf\266\241;}\200^\374\240\203[:\342Q\225\221\027y\372\255\235\216\323~vF0D\002 i\217%\221\344_eR\305\004\325\000\236\263{\203!*\374\226$)\357\361\213\316\2220\016\253\231V\002 '\036\202\035\010\253\003 \312\023\256\352\307\2237\341\371\027\372v\372un\233#\356a\346\263R-P""; "
1750527621611,1750527621612,0,1,0,1,TMValidation,"validation: """"\200\000\000\001&\000\000\000\033)/\351\253\005:\r\302\353\023?\373\240rQA\321\341bca\253\025\321\311\317\021\375\317\217\n\272\033o\353G>\275\361H\265\240\232um""\317P\027\000\000\000\000\000\000\000\000\000\000\000\000\000\000\000\000\000\000\000\000\000\000\000\000\000\000\000\000\000\000\000\000P\031J +\370\t^b\005\020\003\211\373\247|hC\271Nmk~J\270EU\274\036-\347\240\312Fs!\003R7o\362bV\300hf\266\241;}\200^\374\240\203[:\342Q\225\221\027y\372\255\235\216\323~vF0D\002 i\217%\221\344_eR\305\004\325\000\236\263{\203!*\374\226$)\357\361\213\316\2220\016\253\231V\002 '\036\202\035\010\253\003 \312\023\256\352\307\2237\341\371\027\372v\372un\233#\356a\346\263R-P""; ","validation: """"\200\000\000\001&\000\000\000\033)/\351\253\005:\r\302\353\023?\373\240rQA\321\341bca\253\025\321\311\317\021\375\317\217\n\272\033o\353G>\275\361H\265\240\232um""\317P\027\000\000\000\000\000\000\000\000\000\000\000\000\000\000\000\000\000\000\000\000\000\000\000\000\000\000\000\000\000\000\000\000P\031J +\370\t^b\005\020\003\211\373\247|hC\271Nmk~J\270EU\274\036-\347\240\312Fs!\003R7o\362bV\300hf\266\241;}\200^\374\240\203[:\342Q\225\221\027y\372\255\235\216\323~vF0D\002 i\217%\221\344_eR\305\004\325\000\236\263{\203!*\374\226$)\357\361\213\316\2220\016\253\231V\002 '\036\202\035\010\253\003 \312\023\256\352\307\2237\341\371\027\372v\372un\233#\356a\346\263R-P""; "
1750527621612,1750527621612,0,1,0,3,TMValidation,"validation: """"\200\000\000\001&\000\000\000\033)/\351\253\005:\r\302\353\023?\373\240rQA\321\341bca\253\025\321\311\317\021\375\317\217\n\272\033o\353G>\275\361H\265\240\232um""\317P\027\000\000\000\000\000\000\000\000\000\000\000\000\000\000\000\000\000\000\000\000\000\000\000\000\000\000\000\000\000\000\000\000P\031J +\370\t^b\005\020\003\211\373\247|hC\271Nmk~J\270EU\274\036-\347\240\312Fs!\003R7o\362bV\300hf\266\241;}\200^\374\240\203[:\342Q\225\221\027y\372\255\235\216\323~vF0D\002 i\217%\221\344_eR\305\004\325\000\236\263{\203!*\374\226$)\357\361\213\316\2220\016\253\231V\002 '\036\202\035\010\253\003 \312\023\256\352\307\2237\341\371\027\372v\372un\233#\356a\346\263R-P""; ","validation: """"\200\000\000\001&\000\000\000\033)/\351\253\005:\r\302\353\023?\373\240rQA\321\341bca\253\025\321\311\317\021\375\317\217\n\272\033o\353G>\275\361H\265\240\232um""\317P\027\000\000\000\000\000\000\000\000\000\000\000\000\000\000\000\000\000\000\000\000\000\000\000\000\000\000\000\000\000\000\000\000P\031J +\370\t^b\005\020\003\211\373\247|hC\271Nmk~J\270EU\274\036-\347\240\312Fs!\003R7o\362bV\300hf\266\241;}\200^\374\240\203[:\342Q\225\221\027y\372\255\235\216\323~vF0D\002 i\217%\221\344_eR\305\004\325\000\236\263{\203!*\374\226$)\357\361\213\316\2220\016\253\231V\002 '\036\202\035\010\253\003 \312\023\256\352\307\2237\341\371\027\372v\372un\233#\356a\346\263R-P""; "
1750527621612,1750527621612,0,1,0,2,TMValidation,"validation: """"\200\000\000\001&\000\000\000\033)/\351\253\005:\r\302\353\023?\373\240rQA\321\341bca\253\025\321\311\317\021\375\317\217\n\272\033o\353G>\275\361H\265\240\232um""\317P\027\000\000\000\000\000\000\000\000\000\000\000\000\000\000\000\000\000\000\000\000\000\000\000\000\000\000\000\000\000\000\000\000P\031J +\370\t^b\005\020\003\211\373\247|hC\271Nmk~J\270EU\274\036-\347\240\312Fs!\003R7o\362bV\300hf\266\241;}\200^\374\240\203[:\342Q\225\221\027y\372\255\235\216\323~vF0D\002 i\217%\221\344_eR\305\004\325\000\236\263{\203!*\374\226$)\357\361\213\316\2220\016\253\231V\002 '\036\202\035\010\253\003 \312\023\256\352\307\2237\341\371\027\372v\372un\233#\356a\346\263R-P""; ","validation: """"\200\000\000\001&\000\000\000\033)/\351\253\005:\r\302\353\023?\373\240rQA\321\341bca\253\025\321\311\317\021\375\317\217\n\272\033o\353G>\275\361H\265\240\232um""\317P\027\000\000\000\000\000\000\000\000\000\000\000\000\000\000\000\000\000\000\000\000\000\000\000\000\000\000\000\000\000\000\000\000P\031J +\370\t^b\005\020\003\211\373\247|hC\271Nmk~J\270EU\274\036-\347\240\312Fs!\003R7o\362bV\300hf\266\241;}\200^\374\240\203[:\342Q\225\221\027y\372\255\235\216\323~vF0D\002 i\217%\221\344_eR\305\004\325\000\236\263{\203!*\374\226$)\357\361\213\316\2220\016\253\231V\002 '\036\202\035\010\253\003 \312\023\256\352\307\2237\341\371\027\372v\372un\233#\356a\346\263R-P""; "
1750527621614,1750527621614,0,1,4,1,TMValidation,"validation: """"\200\000\000\001&\000\000\000\033)/\351\253\005:\r\302\353\023?\373\240rQA\321\341bca\253\025\321\311\317\021\375\317\217\n\272\033o\353G>\275\361H\265\240\232um""\317P\027\000\000\000\000\000\000\000\000\000\000\000\000\000\000\000\000\000\000\000\000\000\000\000\000\000\000\000\000\000\000\000\000P\031J +\370\t^b\005\020\003\211\373\247|hC\271Nmk~J\270EU\274\036-\347\240\312Fs!\003R7o\362bV\300hf\266\241;}\200^\374\240\203[:\342Q\225\221\027y\372\255\235\216\323~vF0D\002 i\217%\221\344_eR\305\004\325\000\236\263{\203!*\374\226$)\357\361\213\316\2220\016\253\231V\002 '\036\202\035\010\253\003 \312\023\256\352\307\2237\341\371\027\372v\372un\233#\356a\346\263R-P""; ","validation: """"\200\000\000\001&\000\000\000\033)/\351\253\005:\r\302\353\023?\373\240rQA\321\341bca\253\025\321\311\317\021\375\317\217\n\272\033o\353G>\275\361H\265\240\232um""\317P\027\000\000\000\000\000\000\000\000\000\000\000\000\000\000\000\000\000\000\000\000\000\000\000\000\000\000\000\000\000\000\000\000P\031J +\370\t^b\005\020\003\211\373\247|hC\271Nmk~J\270EU\274\036-\347\240\312Fs!\003R7o\362bV\300hf\266\241;}\200^\374\240\203[:\342Q\225\221\027y\372\255\235\216\323~vF0D\002 i\217%\221\344_eR\305\004\325\000\236\263{\203!*\374\226$)\357\361\213\316\2220\016\253\231V\002 '\036\202\035\010\253\003 \312\023\256\352\307\2237\341\371\027\372v\372un\233#\356a\346\263R-P""; "
1750527621616,1750527621616,0,1,1,4,TMValidation,"validation: """"\200\000\000\001&\000\000\000\033)/\351\253\005:\r\302\353\023?\373\240rQA\321\341bca\253\025\321\311\317\021\375\317\217\n\272\033o\353G>\275\361H\265\240\232um""\317P\027\000\000\000\000\000\000\000\000\000\000\000\000\000\000\000\000\000\000\000\000\000\000\000\000\000\000\000\000\000\000\000\000P\031J +\370\t^b\005\020\003\211\373\247|hC\271Nmk~J\270EU\274\036-\347\240\312Fs!\003R7o\362bV\300hf\266\241;}\200^\374\240\203[:\342Q\225\221\027y\372\255\235\216\323~vF0D\002 i\217%\221\344_eR\305\004\325\000\236\263{\203!*\374\226$)\357\361\213\316\2220\016\253\231V\002 '\036\202\035\010\253\003 \312\023\256\352\307\2237\341\371\027\372v\372un\233#\356a\346\263R-P""; ","validation: """"\200\000\000\001&\000\000\000\033)/\351\253\005:\r\302\353\023?\373\240rQA\321\341bca\253\025\321\311\317\021\375\317\217\n\272\033o\353G>\275\361H\265\240\232um""\317P\027\000\000\000\000\000\000\000\000\000\000\000\000\000\000\000\000\000\000\000\000\000\000\000\000\000\000\000\000\000\000\000\000P\031J +\370\t^b\005\020\003\211\373\247|hC\271Nmk~J\270EU\274\036-\347\240\312Fs!\003R7o\362bV\300hf\266\241;}\200^\374\240\203[:\342Q\225\221\027y\372\255\235\216\323~vF0D\002 i\217%\221\344_eR\305\004\325\000\236\263{\203!*\374\226$)\357\361\213\316\2220\016\253\231V\002 '\036\202\035\010\253\003 \312\023\256\352\307\2237\341\371\027\372v\372un\233#\356a\346\263R-P""; "
1750527621616,1750527621616,0,1,4,1,TMStatusChange,"newEvent: neACCEPTED_LEDGER; ledgerSeq: 27; ledgerHash: ""A\321\341bca\253\025\321\311\317\021\375\317\217\n\272\033o\353G>\275\361H\265\240\232um""\317""; ledgerHashPrevious: ""J +\370\t^b\005\020\003\211\373\247|hC\271Nmk~J\270EU\274\036-\347\240\312F""; networkTime: 803842821; firstSeq: 1; lastSeq: 26; ","newEvent: neACCEPTED_LEDGER; ledgerSeq: 27; ledgerHash: ""A\321\341bca\253\025\321\311\317\021\375\317\217\n\272\033o\353G>\275\361H\265\240\232um""\317""; ledgerHashPrevious: ""J +\370\t^b\005\020\003\211\373\247|hC\271Nmk~J\270EU\274\036-\347\240\312F""; networkTime: 803842821; firstSeq: 1; lastSeq: 26; "
1750527621615,1750527621615,0,1,1,2,TMValidation,"validation: """"\200\000\000\001&\000\000\000\033)/\351\253\005:\r\302\353\023?\373\240rQA\321\341bca\253\025\321\311\317\021\375\317\217\n\272\033o\353G>\275\361H\265\240\232um""\317P\027\000\000\000\000\000\000\000\000\000\000\000\000\000\000\000\000\000\000\000\000\000\000\000\000\000\000\000\000\000\000\000\000P\031J +\370\t^b\005\020\003\211\373\247|hC\271Nmk~J\270EU\274\036-\347\240\312Fs!\003R7o\362bV\300hf\266\241;}\200^\374\240\203[:\342Q\225\221\027y\372\255\235\216\323~vF0D\002 i\217%\221\344_eR\305\004\325\000\236\263{\203!*\374\226$)\357\361\213\316\2220\016\253\231V\002 '\036\202\035\010\253\003 \312\023\256\352\307\2237\341\371\027\372v\372un\233#\356a\346\263R-P""; ","validation: """"\200\000\000\001&\000\000\000\033)/\351\253\005:\r\302\353\023?\373\240rQA\321\341bca\253\025\321\311\317\021\375\317\217\n\272\033o\353G>\275\361H\265\240\232um""\317P\027\000\000\000\000\000\000\000\000\000\000\000\000\000\000\000\000\000\000\000\000\000\000\000\000\000\000\000\000\000\000\000\000P\031J +\370\t^b\005\020\003\211\373\247|hC\271Nmk~J\270EU\274\036-\347\240\312Fs!\003R7o\362bV\300hf\266\241;}\200^\374\240\203[:\342Q\225\221\027y\372\255\235\216\323~vF0D\002 i\217%\221\344_eR\305\004\325\000\236\263{\203!*\374\226$)\357\361\213\316\2220\016\253\231V\002 '\036\202\035\010\253\003 \312\023\256\352\307\2237\341\371\027\372v\372un\233#\356a\346\263R-P""; "
1750527621617,1750527621617,0,1,1,3,TMValidation,"validation: """"\200\000\000\001&\000\000\000\033)/\351\253\005:\r\302\353\023?\373\240rQA\321\341bca\253\025\321\311\317\021\375\317\217\n\272\033o\353G>\275\361H\265\240\232um""\317P\027\000\000\000\000\000\000\000\000\000\000\000\000\000\000\000\000\000\000\000\000\000\000\000\000\000\000\000\000\000\000\000\000P\031J +\370\t^b\005\020\003\211\373\247|hC\271Nmk~J\270EU\274\036-\347\240\312Fs!\003R7o\362bV\300hf\266\241;}\200^\374\240\203[:\342Q\225\221\027y\372\255\235\216\323~vF0D\002 i\217%\221\344_eR\305\004\325\000\236\263{\203!*\374\226$)\357\361\213\316\2220\016\253\231V\002 '\036\202\035\010\253\003 \312\023\256\352\307\2237\341\371\027\372v\372un\233#\356a\346\263R-P""; ","validation: """"\200\000\000\001&\000\000\000\033)/\351\253\005:\r\302\353\023?\373\240rQA\321\341bca\253\025\321\311\317\021\375\317\217\n\272\033o\353G>\275\361H\265\240\232um""\317P\027\000\000\000\000\000\000\000\000\000\000\000\000\000\000\000\000\000\000\000\000\000\000\000\000\000\000\000\000\000\000\000\000P\031J +\370\t^b\005\020\003\211\373\247|hC\271Nmk~J\270EU\274\036-\347\240\312Fs!\003R7o\362bV\300hf\266\241;}\200^\374\240\203[:\342Q\225\221\027y\372\255\235\216\323~vF0D\002 i\217%\221\344_eR\305\004\325\000\236\263{\203!*\374\226$)\357\361\213\316\2220\016\253\231V\002 '\036\202\035\010\253\003 \312\023\256\352\307\2237\341\371\027\372v\372un\233#\356a\346\263R-P""; "
1750527621618,1750527621618,0,1,3,4,TMValidation,"validation: """"\200\000\000\001&\000\000\000\033)/\351\253\005:\r\302\353\023?\373\240rQA\321\341bca\253\025\321\311\317\021\375\317\217\n\272\033o\353G>\275\361H\265\240\232um""\317P\027\000\000\000\000\000\000\000\000\000\000\000\000\000\000\000\000\000\000\000\000\000\000\000\000\000\000\000\000\000\000\000\000P\031J +\370\t^b\005\020\003\211\373\247|hC\271Nmk~J\270EU\274\036-\347\240\312Fs!\003R7o\362bV\300hf\266\241;}\200^\374\240\203[:\342Q\225\221\027y\372\255\235\216\323~vF0D\002 i\217%\221\344_eR\305\004\325\000\236\263{\203!*\374\226$)\357\361\213\316\2220\016\253\231V\002 '\036\202\035\010\253\003 \312\023\256\352\307\2237\341\371\027\372v\372un\233#\356a\346\263R-P""; ","validation: """"\200\000\000\001&\000\000\000\033)/\351\253\005:\r\302\353\023?\373\240rQA\321\341bca\253\025\321\311\317\021\375\317\217\n\272\033o\353G>\275\361H\265\240\232um""\317P\027\000\000\000\000\000\000\000\000\000\000\000\000\000\000\000\000\000\000\000\000\000\000\000\000\000\000\000\000\000\000\000\000P\031J +\370\t^b\005\020\003\211\373\247|hC\271Nmk~J\270EU\274\036-\347\240\312Fs!\003R7o\362bV\300hf\266\241;}\200^\374\240\203[:\342Q\225\221\027y\372\255\235\216\323~vF0D\002 i\217%\221\344_eR\305\004\325\000\236\263{\203!*\374\226$)\357\361\213\316\2220\016\253\231V\002 '\036\202\035\010\253\003 \312\023\256\352\307\2237\341\371\027\372v\372un\233#\356a\346\263R-P""; "
1750527621618,1750527621619,0,1,3,2,TMValidation,"validation: """"\200\000\000\001&\000\000\000\033)/\351\253\005:\r\302\353\023?\373\240rQA\321\341bca\253\025\321\311\317\021\375\317\217\n\272\033o\353G>\275\361H\265\240\232um""\317P\027\000\000\000\000\000\000\000\000\000\000\000\000\000\000\000\000\000\000\000\000\000\000\000\000\000\000\000\000\000\000\000\000P\031J +\370\t^b\005\020\003\211\373\247|hC\271Nmk~J\270EU\274\036-\347\240\312Fs!\003R7o\362bV\300hf\266\241;}\200^\374\240\203[:\342Q\225\221\027y\372\255\235\216\323~vF0D\002 i\217%\221\344_eR\305\004\325\000\236\263{\203!*\374\226$)\357\361\213\316\2220\016\253\231V\002 '\036\202\035\010\253\003 \312\023\256\352\307\2237\341\371\027\372v\372un\233#\356a\346\263R-P""; ","validation: """"\200\000\000\001&\000\000\000\033)/\351\253\005:\r\302\353\023?\373\240rQA\321\341bca\253\025\321\311\317\021\375\317\217\n\272\033o\353G>\275\361H\265\240\232um""\317P\027\000\000\000\000\000\000\000\000\000\000\000\000\000\000\000\000\000\000\000\000\000\000\000\000\000\000\000\000\000\000\000\000P\031J +\370\t^b\005\020\003\211\373\247|hC\271Nmk~J\270EU\274\036-\347\240\312Fs!\003R7o\362bV\300hf\266\241;}\200^\374\240\203[:\342Q\225\221\027y\372\255\235\216\323~vF0D\002 i\217%\221\344_eR\305\004\325\000\236\263{\203!*\374\226$)\357\361\213\316\2220\016\253\231V\002 '\036\202\035\010\253\003 \312\023\256\352\307\2237\341\371\027\372v\372un\233#\356a\346\263R-P""; "
1750527621619,1750527621619,0,1,2,4,TMValidation,"validation: """"\200\000\000\001&\000\000\000\033)/\351\253\005:\r\302\353\023?\373\240rQA\321\341bca\253\025\321\311\317\021\375\317\217\n\272\033o\353G>\275\361H\265\240\232um""\317P\027\000\000\000\000\000\000\000\000\000\000\000\000\000\000\000\000\000\000\000\000\000\000\000\000\000\000\000\000\000\000\000\000P\031J +\370\t^b\005\020\003\211\373\247|hC\271Nmk~J\270EU\274\036-\347\240\312Fs!\003R7o\362bV\300hf\266\241;}\200^\374\240\203[:\342Q\225\221\027y\372\255\235\216\323~vF0D\002 i\217%\221\344_eR\305\004\325\000\236\263{\203!*\374\226$)\357\361\213\316\2220\016\253\231V\002 '\036\202\035\010\253\003 \312\023\256\352\307\2237\341\371\027\372v\372un\233#\356a\346\263R-P""; ","validation: """"\200\000\000\001&\000\000\000\033)/\351\253\005:\r\302\353\023?\373\240rQA\321\341bca\253\025\321\311\317\021\375\317\217\n\272\033o\353G>\275\361H\265\240\232um""\317P\027\000\000\000\000\000\000\000\000\000\000\000\000\000\000\000\000\000\000\000\000\000\000\000\000\000\000\000\000\000\000\000\000P\031J +\370\t^b\005\020\003\211\373\247|hC\271Nmk~J\270EU\274\036-\347\240\312Fs!\003R7o\362bV\300hf\266\241;}\200^\374\240\203[:\342Q\225\221\027y\372\255\235\216\323~vF0D\002 i\217%\221\344_eR\305\004\325\000\236\263{\203!*\374\226$)\357\361\213\316\2220\016\253\231V\002 '\036\202\035\010\253\003 \312\023\256\352\307\2237\341\371\027\372v\372un\233#\356a\346\263R-P""; "
1750527621619,1750527621619,0,1,3,1,TMValidation,"validation: """"\200\000\000\001&\000\000\000\033)/\351\253\005:\r\302\353\023?\373\240rQA\321\341bca\253\025\321\311\317\021\375\317\217\n\272\033o\353G>\275\361H\265\240\232um""\317P\027\000\000\000\000\000\000\000\000\000\000\000\000\000\000\000\000\000\000\000\000\000\000\000\000\000\000\000\000\000\000\000\000P\031J +\370\t^b\005\020\003\211\373\247|hC\271Nmk~J\270EU\274\036-\347\240\312Fs!\003R7o\362bV\300hf\266\241;}\200^\374\240\203[:\342Q\225\221\027y\372\255\235\216\323~vF0D\002 i\217%\221\344_eR\305\004\325\000\236\263{\203!*\374\226$)\357\361\213\316\2220\016\253\231V\002 '\036\202\035\010\253\003 \312\023\256\352\307\2237\341\371\027\372v\372un\233#\356a\346\263R-P""; ","validation: """"\200\000\000\001&\000\000\000\033)/\351\253\005:\r\302\353\023?\373\240rQA\321\341bca\253\025\321\311\317\021\375\317\217\n\272\033o\353G>\275\361H\265\240\232um""\317P\027\000\000\000\000\000\000\000\000\000\000\000\000\000\000\000\000\000\000\000\000\000\000\000\000\000\000\000\000\000\000\000\000P\031J +\370\t^b\005\020\003\211\373\247|hC\271Nmk~J\270EU\274\036-\347\240\312Fs!\003R7o\362bV\300hf\266\241;}\200^\374\240\203[:\342Q\225\221\027y\372\255\235\216\323~vF0D\002 i\217%\221\344_eR\305\004\325\000\236\263{\203!*\374\226$)\357\361\213\316\2220\016\253\231V\002 '\036\202\035\010\253\003 \312\023\256\352\307\2237\341\371\027\372v\372un\233#\356a\346\263R-P""; "
1750527621620,1750527621620,0,1,2,3,TMValidation,"validation: """"\200\000\000\001&\000\000\000\033)/\351\253\005:\r\302\353\023?\373\240rQA\321\341bca\253\025\321\311\317\021\375\317\217\n\272\033o\353G>\275\361H\265\240\232um""\317P\027\000\000\000\000\000\000\000\000\000\000\000\000\000\000\000\000\000\000\000\000\000\000\000\000\000\000\000\000\000\000\000\000P\031J +\370\t^b\005\020\003\211\373\247|hC\271Nmk~J\270EU\274\036-\347\240\312Fs!\003R7o\362bV\300hf\266\241;}\200^\374\240\203[:\342Q\225\221\027y\372\255\235\216\323~vF0D\002 i\217%\221\344_eR\305\004\325\000\236\263{\203!*\374\226$)\357\361\213\316\2220\016\253\231V\002 '\036\202\035\010\253\003 \312\023\256\352\307\2237\341\371\027\372v\372un\233#\356a\346\263R-P""; ","validation: """"\200\000\000\001&\000\000\000\033)/\351\253\005:\r\302\353\023?\373\240rQA\321\341bca\253\025\321\311\317\021\375\317\217\n\272\033o\353G>\275\361H\265\240\232um""\317P\027\000\000\000\000\000\000\000\000\000\000\000\000\000\000\000\000\000\000\000\000\000\000\000\000\000\000\000\000\000\000\000\000P\031J +\370\t^b\005\020\003\211\373\247|hC\271Nmk~J\270EU\274\036-\347\240\312Fs!\003R7o\362bV\300hf\266\241;}\200^\374\240\203[:\342Q\225\221\027y\372\255\235\216\323~vF0D\002 i\217%\221\344_eR\305\004\325\000\236\263{\203!*\374\226$)\357\361\213\316\2220\016\253\231V\002 '\036\202\035\010\253\003 \312\023\256\352\307\2237\341\371\027\372v\372un\233#\356a\346\263R-P""; "
1750527621620,1750527621620,0,1,2,1,TMValidation,"validation: """"\200\000\000\001&\000\000\000\033)/\351\253\005:\r\302\353\023?\373\240rQA\321\341bca\253\025\321\311\317\021\375\317\217\n\272\033o\353G>\275\361H\265\240\232um""\317P\027\000\000\000\000\000\000\000\000\000\000\000\000\000\000\000\000\000\000\000\000\000\000\000\000\000\000\000\000\000\000\000\000P\031J +\370\t^b\005\020\003\211\373\247|hC\271Nmk~J\270EU\274\036-\347\240\312Fs!\003R7o\362bV\300hf\266\241;}\200^\374\240\203[:\342Q\225\221\027y\372\255\235\216\323~vF0D\002 i\217%\221\344_eR\305\004\325\000\236\263{\203!*\374\226$)\357\361\213\316\2220\016\253\231V\002 '\036\202\035\010\253\003 \312\023\256\352\307\2237\341\371\027\372v\372un\233#\356a\346\263R-P""; ","validation: """"\200\000\000\001&\000\000\000\033)/\351\253\005:\r\302\353\023?\373\240rQA\321\341bca\253\025\321\311\317\021\375\317\217\n\272\033o\353G>\275\361H\265\240\232um""\317P\027\000\000\000\000\000\000\000\000\000\000\000\000\000\000\000\000\000\000\000\000\000\000\000\000\000\000\000\000\000\000\000\000P\031J +\370\t^b\005\020\003\211\373\247|hC\271Nmk~J\270EU\274\036-\347\240\312Fs!\003R7o\362bV\300hf\266\241;}\200^\374\240\203[:\342Q\225\221\027y\372\255\235\216\323~vF0D\002 i\217%\221\344_eR\305\004\325\000\236\263{\203!*\374\226$)\357\361\213\316\2220\016\253\231V\002 '\036\202\035\010\253\003 \312\023\256\352\307\2237\341\371\027\372v\372un\233#\356a\346\263R-P""; "
1750527621621,1750527621621,0,1,4,1,TMPing,type: ptPING; seq: 4024127695; ,type: ptPING; seq: 4024127695; 
1750527621623,1750527621623,0,1,4,3,TMValidation,"validation: """"\200\000\000\001&\000\000\000\033)/\351\253\005:\r\302\353\023?\373\240rQA\321\341bca\253\025\321\311\317\021\375\317\217\n\272\033o\353G>\275\361H\265\240\232um""\317P\027\000\000\000\000\000\000\000\000\000\000\000\000\000\000\000\000\000\000\000\000\000\000\000\000\000\000\000\000\000\000\000\000P\031J +\370\t^b\005\020\003\211\373\247|hC\271Nmk~J\270EU\274\036-\347\240\312Fs!\003R7o\362bV\300hf\266\241;}\200^\374\240\203[:\342Q\225\221\027y\372\255\235\216\323~vF0D\002 i\217%\221\344_eR\305\004\325\000\236\263{\203!*\374\226$)\357\361\213\316\2220\016\253\231V\002 '\036\202\035\010\253\003 \312\023\256\352\307\2237\341\371\027\372v\372un\233#\356a\346\263R-P""; ","validation: """"\200\000\000\001&\000\000\000\033)/\351\253\005:\r\302\353\023?\373\240rQA\321\341bca\253\025\321\311\317\021\375\317\217\n\272\033o\353G>\275\361H\265\240\232um""\317P\027\000\000\000\000\000\000\000\000\000\000\000\000\000\000\000\000\000\000\000\000\000\000\000\000\000\000\000\000\000\000\000\000P\031J +\370\t^b\005\020\003\211\373\247|hC\271Nmk~J\270EU\274\036-\347\240\312Fs!\003R7o\362bV\300hf\266\241;}\200^\374\240\203[:\342Q\225\221\027y\372\255\235\216\323~vF0D\002 i\217%\221\344_eR\305\004\325\000\236\263{\203!*\374\226$)\357\361\213\316\2220\016\253\231V\002 '\036\202\035\010\253\003 \312\023\256\352\307\2237\341\371\027\372v\372un\233#\356a\346\263R-P""; "
1750527621624,1750527621624,0,1,4,2,TMValidation,"validation: """"\200\000\000\001&\000\000\000\033)/\351\253\005:\r\302\353\023?\373\240rQA\321\341bca\253\025\321\311\317\021\375\317\217\n\272\033o\353G>\275\361H\265\240\232um""\317P\027\000\000\000\000\000\000\000\000\000\000\000\000\000\000\000\000\000\000\000\000\000\000\000\000\000\000\000\000\000\000\000\000P\031J +\370\t^b\005\020\003\211\373\247|hC\271Nmk~J\270EU\274\036-\347\240\312Fs!\003R7o\362bV\300hf\266\241;}\200^\374\240\203[:\342Q\225\221\027y\372\255\235\216\323~vF0D\002 i\217%\221\344_eR\305\004\325\000\236\263{\203!*\374\226$)\357\361\213\316\2220\016\253\231V\002 '\036\202\035\010\253\003 \312\023\256\352\307\2237\341\371\027\372v\372un\233#\356a\346\263R-P""; ","validation: """"\200\000\000\001&\000\000\000\033)/\351\253\005:\r\302\353\023?\373\240rQA\321\341bca\253\025\321\311\317\021\375\317\217\n\272\033o\353G>\275\361H\265\240\232um""\317P\027\000\000\000\000\000\000\000\000\000\000\000\000\000\000\000\000\000\000\000\000\000\000\000\000\000\000\000\000\000\000\000\000P\031J +\370\t^b\005\020\003\211\373\247|hC\271Nmk~J\270EU\274\036-\347\240\312Fs!\003R7o\362bV\300hf\266\241;}\200^\374\240\203[:\342Q\225\221\027y\372\255\235\216\323~vF0D\002 i\217%\221\344_eR\305\004\325\000\236\263{\203!*\374\226$)\357\361\213\316\2220\016\253\231V\002 '\036\202\035\010\253\003 \312\023\256\352\307\2237\341\371\027\372v\372un\233#\356a\346\263R-P""; "
1750527621625,1750527621625,0,1,1,4,TMPing,type: ptPONG; seq: 4024127695; ,type: ptPONG; seq: 4024127695; 
1750527621669,1750527621669,0,1,2,3,TMPing,type: ptPING; seq: 1602657777; ,type: ptPING; seq: 1602657777; 
1750527621670,1750527621670,0,1,3,2,TMPing,type: ptPONG; seq: 1602657777; ,type: ptPONG; seq: 1602657777; 
1750527621716,1750527621716,0,1,3,2,TMPing,type: ptPING; seq: 130527978; ,type: ptPING; seq: 130527978; 
1750527621717,1750527621717,0,1,2,3,TMPing,type: ptPONG; seq: 130527978; ,type: ptPONG; seq: 130527978; 
1750527621762,1750527621763,0,1,2,4,TMPing,type: ptPING; seq: 2524660830; ,type: ptPING; seq: 2524660830; 
1750527621764,1750527621764,0,1,4,2,TMPing,type: ptPONG; seq: 2524660830; ,type: ptPONG; seq: 2524660830; 
1750527621767,1750527621767,0,1,4,2,TMPing,type: ptPING; seq: 3324469944; ,type: ptPING; seq: 3324469944; 
1750527621769,1750527621769,0,1,2,4,TMPing,type: ptPONG; seq: 3324469944; ,type: ptPONG; seq: 3324469944; 
1750527621814,1750527621814,0,1,3,4,TMPing,type: ptPING; seq: 2393027193; ,type: ptPING; seq: 2393027193; 
1750527621815,1750527621816,0,1,4,3,TMPing,type: ptPONG; seq: 2393027193; ,type: ptPONG; seq: 2393027193; 
1750527621860,1750527621860,0,1,4,3,TMPing,type: ptPING; seq: 3094764395; ,type: ptPING; seq: 3094764395; 
1750527621861,1750527621861,0,1,3,4,TMPing,type: ptPONG; seq: 3094764395; ,type: ptPONG; seq: 3094764395; 
1750527622444,1750527622444,0,1,3,4,TMProposeSet,"proposeSeq: 0; currentTxHash: ""\000\000\000\000\000\000\000\000\000\000\000\000\000\000\000\000\000\000\000\000\000\000\000\000\000\000\000\000\000\000\000\000""; nodePubKey: ""\002\364d\217\366\217|\316F\232\231\241\n\261\333`\312O\367\235\025DD\336e\367\n\312\326\221\037\025\230""; closeTime: 803842822; signature: ""0D\002 Wa\247\267\325#\246\226\033\372r\330\337\030\370>\370\t)\026\270\377+\247\306~\350t1\273'Z\002 U@T\244\374\357\250;\307j\252g\332\020]\301k^\264*Z\O\346\354`\312\334\340\2037\263""; previousledger: ""A\321\341bca\253\025\321\311\317\021\375\317\217\n\272\033o\353G>\275\361H\265\240\232um""\317""; ","proposeSeq: 0; currentTxHash: ""\000\000\000\000\000\000\000\000\000\000\000\000\000\000\000\000\000\000\000\000\000\000\000\000\000\000\000\000\000\000\000\000""; nodePubKey: ""\002\364d\217\366\217|\316F\232\231\241\n\261\333`\312O\367\235\025DD\336e\367\n\312\326\221\037\025\230""; closeTime: 803842822; signature: ""0D\002 Wa\247\267\325#\246\226\033\372r\330\337\030\370>\370\t)\026\270\377+\247\306~\350t1\273'Z\002 U@T\244\374\357\250;\307j\252g\332\020]\301k^\264*Z\O\346\354`\312\334\340\2037\263""; previousledger: ""A\321\341bca\253\025\321\311\317\021\375\317\217\n\272\033o\353G>\275\361H\265\240\232um""\317""; "
1750527622448,1750527622448,0,1,3,0,TMProposeSet,"proposeSeq: 0; currentTxHash: ""\000\000\000\000\000\000\000\000\000\000\000\000\000\000\000\000\000\000\000\000\000\000\000\000\000\000\000\000\000\000\000\000""; nodePubKey: ""\002\364d\217\366\217|\316F\232\231\241\n\261\333`\312O\367\235\025DD\336e\367\n\312\326\221\037\025\230""; closeTime: 803842822; signature: ""0D\002 Wa\247\267\325#\246\226\033\372r\330\337\030\370>\370\t)\026\270\377+\247\306~\350t1\273'Z\002 U@T\244\374\357\250;\307j\252g\332\020]\301k^\264*Z\O\346\354`\312\334\340\2037\263""; previousledger: ""A\321\341bca\253\025\321\311\317\021\375\317\217\n\272\033o\353G>\275\361H\265\240\232um""\317""; ","proposeSeq: 0; currentTxHash: ""\000\000\000\000\000\000\000\000\000\000\000\000\000\000\000\000\000\000\000\000\000\000\000\000\000\000\000\000\000\000\000\000""; nodePubKey: ""\002\364d\217\366\217|\316F\232\231\241\n\261\333`\312O\367\235\025DD\336e\367\n\312\326\221\037\025\230""; closeTime: 803842822; signature: ""0D\002 Wa\247\267\325#\246\226\033\372r\330\337\030\370>\370\t)\026\270\377+\247\306~\350t1\273'Z\002 U@T\244\374\357\250;\307j\252g\332\020]\301k^\264*Z\O\346\354`\312\334\340\2037\263""; previousledger: ""A\321\341bca\253\025\321\311\317\021\375\317\217\n\272\033o\353G>\275\361H\265\240\232um""\317""; "
1750527622449,1750527622449,0,1,4,2,TMProposeSet,"proposeSeq: 0; currentTxHash: ""\000\000\000\000\000\000\000\000\000\000\000\000\000\000\000\000\000\000\000\000\000\000\000\000\000\000\000\000\000\000\000\000""; nodePubKey: ""\002\364d\217\366\217|\316F\232\231\241\n\261\333`\312O\367\235\025DD\336e\367\n\312\326\221\037\025\230""; closeTime: 803842822; signature: ""0D\002 Wa\247\267\325#\246\226\033\372r\330\337\030\370>\370\t)\026\270\377+\247\306~\350t1\273'Z\002 U@T\244\374\357\250;\307j\252g\332\020]\301k^\264*Z\O\346\354`\312\334\340\2037\263""; previousledger: ""A\321\341bca\253\025\321\311\317\021\375\317\217\n\272\033o\353G>\275\361H\265\240\232um""\317""; ","proposeSeq: 0; currentTxHash: ""\000\000\000\000\000\000\000\000\000\000\000\000\000\000\000\000\000\000\000\000\000\000\000\000\000\000\000\000\000\000\000\000""; nodePubKey: ""\002\364d\217\366\217|\316F\232\231\241\n\261\333`\312O\367\235\025DD\336e\367\n\312\326\221\037\025\230""; closeTime: 803842822; signature: ""0D\002 Wa\247\267\325#\246\226\033\372r\330\337\030\370>\370\t)\026\270\377+\247\306~\350t1\273'Z\002 U@T\244\374\357\250;\307j\252g\332\020]\301k^\264*Z\O\346\354`\312\334\340\2037\263""; previousledger: ""A\321\341bca\253\025\321\311\317\021\375\317\217\n\272\033o\353G>\275\361H\265\240\232um""\317""; "
1750527622449,1750527622449,0,1,4,1,TMProposeSet,"proposeSeq: 0; currentTxHash: ""\000\000\000\000\000\000\000\000\000\000\000\000\000\000\000\000\000\000\000\000\000\000\000\000\000\000\000\000\000\000\000\000""; nodePubKey: ""\002\364d\217\366\217|\316F\232\231\241\n\261\333`\312O\367\235\025DD\336e\367\n\312\326\221\037\025\230""; closeTime: 803842822; signature: ""0D\002 Wa\247\267\325#\246\226\033\372r\330\337\030\370>\370\t)\026\270\377+\247\306~\350t1\273'Z\002 U@T\244\374\357\250;\307j\252g\332\020]\301k^\264*Z\O\346\354`\312\334\340\2037\263""; previousledger: ""A\321\341bca\253\025\321\311\317\021\375\317\217\n\272\033o\353G>\275\361H\265\240\232um""\317""; ","proposeSeq: 0; currentTxHash: ""\000\000\000\000\000\000\000\000\000\000\000\000\000\000\000\000\000\000\000\000\000\000\000\000\000\000\000\000\000\000\000\000""; nodePubKey: ""\002\364d\217\366\217|\316F\232\231\241\n\261\333`\312O\367\235\025DD\336e\367\n\312\326\221\037\025\230""; closeTime: 803842822; signature: ""0D\002 Wa\247\267\325#\246\226\033\372r\330\337\030\370>\370\t)\026\270\377+\247\306~\350t1\273'Z\002 U@T\244\374\357\250;\307j\252g\332\020]\301k^\264*Z\O\346\354`\312\334\340\2037\263""; previousledger: ""A\321\341bca\253\025\321\311\317\021\375\317\217\n\272\033o\353G>\275\361H\265\240\232um""\317""; "
1750527622449,1750527622449,0,1,4,0,TMProposeSet,"proposeSeq: 0; currentTxHash: ""\000\000\000\000\000\000\000\000\000\000\000\000\000\000\000\000\000\000\000\000\000\000\000\000\000\000\000\000\000\000\000\000""; nodePubKey: ""\002\364d\217\366\217|\316F\232\231\241\n\261\333`\312O\367\235\025DD\336e\367\n\312\326\221\037\025\230""; closeTime: 803842822; signature: ""0D\002 Wa\247\267\325#\246\226\033\372r\330\337\030\370>\370\t)\026\270\377+\247\306~\350t1\273'Z\002 U@T\244\374\357\250;\307j\252g\332\020]\301k^\264*Z\O\346\354`\312\334\340\2037\263""; previousledger: ""A\321\341bca\253\025\321\311\317\021\375\317\217\n\272\033o\353G>\275\361H\265\240\232um""\317""; ","proposeSeq: 0; currentTxHash: ""\000\000\000\000\000\000\000\000\000\000\000\000\000\000\000\000\000\000\000\000\000\000\000\000\000\000\000\000\000\000\000\000""; nodePubKey: ""\002\364d\217\366\217|\316F\232\231\241\n\261\333`\312O\367\235\025DD\336e\367\n\312\326\221\037\025\230""; closeTime: 803842822; signature: ""0D\002 Wa\247\267\325#\246\226\033\372r\330\337\030\370>\370\t)\026\270\377+\247\306~\350t1\273'Z\002 U@T\244\374\357\250;\307j\252g\332\020]\301k^\264*Z\O\346\354`\312\334\340\2037\263""; previousledger: ""A\321\341bca\253\025\321\311\317\021\375\317\217\n\272\033o\353G>\275\361H\265\240\232um""\317""; "
1750527622486,1750527622486,0,1,3,1,TMProposeSet,"proposeSeq: 0; currentTxHash: ""\000\000\000\000\000\000\000\000\000\000\000\000\000\000\000\000\000\000\000\000\000\000\000\000\000\000\000\000\000\000\000\000""; nodePubKey: ""\002\364d\217\366\217|\316F\232\231\241\n\261\333`\312O\367\235\025DD\336e\367\n\312\326\221\037\025\230""; closeTime: 803842822; signature: ""0D\002 Wa\247\267\325#\246\226\033\372r\330\337\030\370>\370\t)\026\270\377+\247\306~\350t1\273'Z\002 U@T\244\374\357\250;\307j\252g\332\020]\301k^\264*Z\O\346\354`\312\334\340\2037\263""; previousledger: ""A\321\341bca\253\025\321\311\317\021\375\317\217\n\272\033o\353G>\275\361H\265\240\232um""\317""; ","proposeSeq: 0; currentTxHash: ""\000\000\000\000\000\000\000\000\000\000\000\000\000\000\000\000\000\000\000\000\000\000\000\000\000\000\000\000\000\000\000\000""; nodePubKey: ""\002\364d\217\366\217|\316F\232\231\241\n\261\333`\312O\367\235\025DD\336e\367\n\312\326\221\037\025\230""; closeTime: 803842822; signature: ""0D\002 Wa\247\267\325#\246\226\033\372r\330\337\030\370>\370\t)\026\270\377+\247\306~\350t1\273'Z\002 U@T\244\374\357\250;\307j\252g\332\020]\301k^\264*Z\O\346\354`\312\334\340\2037\263""; previousledger: ""A\321\341bca\253\025\321\311\317\021\375\317\217\n\272\033o\353G>\275\361H\265\240\232um""\317""; "
1750527622486,1750527622486,0,1,3,2,TMProposeSet,"proposeSeq: 0; currentTxHash: ""\000\000\000\000\000\000\000\000\000\000\000\000\000\000\000\000\000\000\000\000\000\000\000\000\000\000\000\000\000\000\000\000""; nodePubKey: ""\002\364d\217\366\217|\316F\232\231\241\n\261\333`\312O\367\235\025DD\336e\367\n\312\326\221\037\025\230""; closeTime: 803842822; signature: ""0D\002 Wa\247\267\325#\246\226\033\372r\330\337\030\370>\370\t)\026\270\377+\247\306~\350t1\273'Z\002 U@T\244\374\357\250;\307j\252g\332\020]\301k^\264*Z\O\346\354`\312\334\340\2037\263""; previousledger: ""A\321\341bca\253\025\321\311\317\021\375\317\217\n\272\033o\353G>\275\361H\265\240\232um""\317""; ","proposeSeq: 0; currentTxHash: ""\000\000\000\000\000\000\000\000\000\000\000\000\000\000\000\000\000\000\000\000\000\000\000\000\000\000\000\000\000\000\000\000""; nodePubKey: ""\002\364d\217\366\217|\316F\232\231\241\n\261\333`\312O\367\235\025DD\336e\367\n\312\326\221\037\025\230""; closeTime: 803842822; signature: ""0D\002 Wa\247\267\325#\246\226\033\372r\330\337\030\370>\370\t)\026\270\377+\247\306~\350t1\273'Z\002 U@T\244\374\357\250;\307j\252g\332\020]\301k^\264*Z\O\346\354`\312\334\340\2037\263""; previousledger: ""A\321\341bca\253\025\321\311\317\021\375\317\217\n\272\033o\353G>\275\361H\265\240\232um""\317""; "
1750527622445,1750527622520,0,1,3,2,TMStatusChange,"newEvent: neCLOSING_LEDGER; ledgerSeq: 27; ledgerHash: ""A\321\341bca\253\025\321\311\317\021\375\317\217\n\272\033o\353G>\275\361H\265\240\232um""\317""; ledgerHashPrevious: ""J +\370\t^b\005\020\003\211\373\247|hC\271Nmk~J\270EU\274\036-\347\240\312F""; networkTime: 803842822; firstSeq: 1; lastSeq: 27; ","newEvent: neCLOSING_LEDGER; ledgerSeq: 27; ledgerHash: ""A\321\341bca\253\025\321\311\317\021\375\317\217\n\272\033o\353G>\275\361H\265\240\232um""\317""; ledgerHashPrevious: ""J +\370\t^b\005\020\003\211\373\247|hC\271Nmk~J\270EU\274\036-\347\240\312F""; networkTime: 803842822; firstSeq: 1; lastSeq: 27; "
1750527622447,1750527622522,0,1,3,0,TMStatusChange,"newEvent: neCLOSING_LEDGER; ledgerSeq: 27; ledgerHash: ""A\321\341bca\253\025\321\311\317\021\375\317\217\n\272\033o\353G>\275\361H\265\240\232um""\317""; ledgerHashPrevious: ""J +\370\t^b\005\020\003\211\373\247|hC\271Nmk~J\270EU\274\036-\347\240\312F""; networkTime: 803842822; firstSeq: 1; lastSeq: 27; ","newEvent: neCLOSING_LEDGER; ledgerSeq: 27; ledgerHash: ""A\321\341bca\253\025\321\311\317\021\375\317\217\n\272\033o\353G>\275\361H\265\240\232um""\317""; ledgerHashPrevious: ""J +\370\t^b\005\020\003\211\373\247|hC\271Nmk~J\270EU\274\036-\347\240\312F""; networkTime: 803842822; firstSeq: 1; lastSeq: 27; "
1750527622447,1750527622521,0,1,3,1,TMStatusChange,"newEvent: neCLOSING_LEDGER; ledgerSeq: 27; ledgerHash: ""A\321\341bca\253\025\321\311\317\021\375\317\217\n\272\033o\353G>\275\361H\265\240\232um""\317""; ledgerHashPrevious: ""J +\370\t^b\005\020\003\211\373\247|hC\271Nmk~J\270EU\274\036-\347\240\312F""; networkTime: 803842822; firstSeq: 1; lastSeq: 27; ","newEvent: neCLOSING_LEDGER; ledgerSeq: 27; ledgerHash: ""A\321\341bca\253\025\321\311\317\021\375\317\217\n\272\033o\353G>\275\361H\265\240\232um""\317""; ledgerHashPrevious: ""J +\370\t^b\005\020\003\211\373\247|hC\271Nmk~J\270EU\274\036-\347\240\312F""; networkTime: 803842822; firstSeq: 1; lastSeq: 27; "
1750527622445,1750527622521,0,1,3,4,TMStatusChange,"newEvent: neCLOSING_LEDGER; ledgerSeq: 27; ledgerHash: ""A\321\341bca\253\025\321\311\317\021\375\317\217\n\272\033o\353G>\275\361H\265\240\232um""\317""; ledgerHashPrevious: ""J +\370\t^b\005\020\003\211\373\247|hC\271Nmk~J\270EU\274\036-\347\240\312F""; networkTime: 803842822; firstSeq: 1; lastSeq: 27; ","newEvent: neCLOSING_LEDGER; ledgerSeq: 27; ledgerHash: ""A\321\341bca\253\025\321\311\317\021\375\317\217\n\272\033o\353G>\275\361H\265\240\232um""\317""; ledgerHashPrevious: ""J +\370\t^b\005\020\003\211\373\247|hC\271Nmk~J\270EU\274\036-\347\240\312F""; networkTime: 803842822; firstSeq: 1; lastSeq: 27; "
1750527622535,1750527622535,0,1,0,3,TMProposeSet,"proposeSeq: 1; currentTxHash: ""\000\000\000\000\000\000\000\000\000\000\000\000\000\000\000\000\000\000\000\000\000\000\000\000\000\000\000\000\000\000\000\000""; nodePubKey: ""\002\225aM\037\203M\271C\224]$\245\215\334\264;{{\365%Z\2443U\201\242\320iUc\207\367""; closeTime: 803842810; signature: ""0E\002!\000\360\200\006W\275f\311S\340X\\035\317\251\330ZN]\271o\010\257\302O\346.\340@j\226\177\010\002 N\313\230?=\246\233\350\233Q\354\177\375\337\007\2716\032\233&\003q\310\203\332\026\036\374)\202\246!""; previousledger: ""\036\317\362\371k?\n\305\313\241\300z\276#\260\203\303\374nE\315\340\371\036\277S\310Y\215\205\271\037""; ","proposeSeq: 1; currentTxHash: ""\000\000\000\000\000\000\000\000\000\000\000\000\000\000\000\000\000\000\000\000\000\000\000\000\000\000\000\000\000\000\000\000""; nodePubKey: ""\002\225aM\037\203M\271C\224]$\245\215\334\264;{{\365%Z\2443U\201\242\320iUc\207\367""; closeTime: 803842810; signature: ""0E\002!\000\360\200\006W\275f\311S\340X\\035\317\251\330ZN]\271o\010\257\302O\346.\340@j\226\177\010\002 N\313\230?=\246\233\350\233Q\354\177\375\337\007\2716\032\233&\003q\310\203\332\026\036\374)\202\246!""; previousledger: ""\036\317\362\371k?\n\305\313\241\300z\276#\260\203\303\374nE\315\340\371\036\277S\310Y\215\205\271\037""; "
1750527622536,1750527622536,0,1,0,4,TMProposeSet,"proposeSeq: 1; currentTxHash: ""\000\000\000\000\000\000\000\000\000\000\000\000\000\000\000\000\000\000\000\000\000\000\000\000\000\000\000\000\000\000\000\000""; nodePubKey: ""\002\225aM\037\203M\271C\224]$\245\215\334\264;{{\365%Z\2443U\201\242\320iUc\207\367""; closeTime: 803842810; signature: ""0E\002!\000\360\200\006W\275f\311S\340X\\035\317\251\330ZN]\271o\010\257\302O\346.\340@j\226\177\010\002 N\313\230?=\246\233\350\233Q\354\177\375\337\007\2716\032\233&\003q\310\203\332\026\036\374)\202\246!""; previousledger: ""\036\317\362\371k?\n\305\313\241\300z\276#\260\203\303\374nE\315\340\371\036\277S\310Y\215\205\271\037""; ","proposeSeq: 1; currentTxHash: ""\000\000\000\000\000\000\000\000\000\000\000\000\000\000\000\000\000\000\000\000\000\000\000\000\000\000\000\000\000\000\000\000""; nodePubKey: ""\002\225aM\037\203M\271C\224]$\245\215\334\264;{{\365%Z\2443U\201\242\320iUc\207\367""; closeTime: 803842810; signature: ""0E\002!\000\360\200\006W\275f\311S\340X\\035\317\251\330ZN]\271o\010\257\302O\346.\340@j\226\177\010\002 N\313\230?=\246\233\350\233Q\354\177\375\337\007\2716\032\233&\003q\310\203\332\026\036\374)\202\246!""; previousledger: ""\036\317\362\371k?\n\305\313\241\300z\276#\260\203\303\374nE\315\340\371\036\277S\310Y\215\205\271\037""; "
1750527622536,1750527622536,0,1,0,1,TMProposeSet,"proposeSeq: 1; currentTxHash: ""\000\000\000\000\000\000\000\000\000\000\000\000\000\000\000\000\000\000\000\000\000\000\000\000\000\000\000\000\000\000\000\000""; nodePubKey: ""\002\225aM\037\203M\271C\224]$\245\215\334\264;{{\365%Z\2443U\201\242\320iUc\207\367""; closeTime: 803842810; signature: ""0E\002!\000\360\200\006W\275f\311S\340X\\035\317\251\330ZN]\271o\010\257\302O\346.\340@j\226\177\010\002 N\313\230?=\246\233\350\233Q\354\177\375\337\007\2716\032\233&\003q\310\203\332\026\036\374)\202\246!""; previousledger: ""\036\317\362\371k?\n\305\313\241\300z\276#\260\203\303\374nE\315\340\371\036\277S\310Y\215\205\271\037""; ","proposeSeq: 1; currentTxHash: ""\000\000\000\000\000\000\000\000\000\000\000\000\000\000\000\000\000\000\000\000\000\000\000\000\000\000\000\000\000\000\000\000""; nodePubKey: ""\002\225aM\037\203M\271C\224]$\245\215\334\264;{{\365%Z\2443U\201\242\320iUc\207\367""; closeTime: 803842810; signature: ""0E\002!\000\360\200\006W\275f\311S\340X\\035\317\251\330ZN]\271o\010\257\302O\346.\340@j\226\177\010\002 N\313\230?=\246\233\350\233Q\354\177\375\337\007\2716\032\233&\003q\310\203\332\026\036\374)\202\246!""; previousledger: ""\036\317\362\371k?\n\305\313\241\300z\276#\260\203\303\374nE\315\340\371\036\277S\310Y\215\205\271\037""; "
1750527622537,1750527622537,0,1,0,2,TMProposeSet,"proposeSeq: 1; currentTxHash: ""\000\000\000\000\000\000\000\000\000\000\000\000\000\000\000\000\000\000\000\000\000\000\000\000\000\000\000\000\000\000\000\000""; nodePubKey: ""\002\225aM\037\203M\271C\224]$\245\215\334\264;{{\365%Z\2443U\201\242\320iUc\207\367""; closeTime: 803842810; signature: ""0E\002!\000\360\200\006W\275f\311S\340X\\035\317\251\330ZN]\271o\010\257\302O\346.\340@j\226\177\010\002 N\313\230?=\246\233\350\233Q\354\177\375\337\007\2716\032\233&\003q\310\203\332\026\036\374)\202\246!""; previousledger: ""\036\317\362\371k?\n\305\313\241\300z\276#\260\203\303\374nE\315\340\371\036\277S\310Y\215\205\271\037""; ","proposeSeq: 1; currentTxHash: ""\000\000\000\000\000\000\000\000\000\000\000\000\000\000\000\000\000\000\000\000\000\000\000\000\000\000\000\000\000\000\000\000""; nodePubKey: ""\002\225aM\037\203M\271C\224]$\245\215\334\264;{{\365%Z\2443U\201\242\320iUc\207\367""; closeTime: 803842810; signature: ""0E\002!\000\360\200\006W\275f\311S\340X\\035\317\251\330ZN]\271o\010\257\302O\346.\340@j\226\177\010\002 N\313\230?=\246\233\350\233Q\354\177\375\337\007\2716\032\233&\003q\310\203\332\026\036\374)\202\246!""; previousledger: ""\036\317\362\371k?\n\305\313\241\300z\276#\260\203\303\374nE\315\340\371\036\277S\310Y\215\205\271\037""; "
1750527622608,1750527622608,0,1,4,1,TMProposeSet,"proposeSeq: 0; currentTxHash: ""\000\000\000\000\000\000\000\000\000\000\000\000\000\000\000\000\000\000\000\000\000\000\000\000\000\000\000\000\000\000\000\000""; nodePubKey: ""\003R7o\362bV\300hf\266\241;}\200^\374\240\203[:\342Q\225\221\027y\372\255\235\216\323~""; closeTime: 803842822; signature: ""0E\002!\000\264\256c\235/,{e*\213> \252D\004\354\257\2151\302\264\346%\027\305\277\305n\004\250\017|\002 B\254%\263c\210\177\375\355=WJ\272\317\344g`\210\373[RYJ\n\216O\242\260%\300*(""; previousledger: ""A\321\341bca\253\025\321\311\317\021\375\317\217\n\272\033o\353G>\275\361H\265\240\232um""\317""; ","proposeSeq: 0; currentTxHash: ""\000\000\000\000\000\000\000\000\000\000\000\000\000\000\000\000\000\000\000\000\000\000\000\000\000\000\000\000\000\000\000\000""; nodePubKey: ""\003R7o\362bV\300hf\266\241;}\200^\374\240\203[:\342Q\225\221\027y\372\255\235\216\323~""; closeTime: 803842822; signature: ""0E\002!\000\264\256c\235/,{e*\213> \252D\004\354\257\2151\302\264\346%\027\305\277\305n\004\250\017|\002 B\254%\263c\210\177\375\355=WJ\272\317\344g`\210\373[RYJ\n\216O\242\260%\300*(""; previousledger: ""A\321\341bca\253\025\321\311\317\021\375\317\217\n\272\033o\353G>\275\361H\265\240\232um""\317""; "
1750527622609,1750527622609,0,1,4,2,TMProposeSet,"proposeSeq: 0; currentTxHash: ""\000\000\000\000\000\000\000\000\000\000\000\000\000\000\000\000\000\000\000\000\000\000\000\000\000\000\000\000\000\000\000\000""; nodePubKey: ""\003R7o\362bV\300hf\266\241;}\200^\374\240\203[:\342Q\225\221\027y\372\255\235\216\323~""; closeTime: 803842822; signature: ""0E\002!\000\264\256c\235/,{e*\213> \252D\004\354\257\2151\302\264\346%\027\305\277\305n\004\250\017|\002 B\254%\263c\210\177\375\355=WJ\272\317\344g`\210\373[RYJ\n\216O\242\260%\300*(""; previousledger: ""A\321\341bca\253\025\321\311\317\021\375\317\217\n\272\033o\353G>\275\361H\265\240\232um""\317""; ","proposeSeq: 0; currentTxHash: ""\000\000\000\000\000\000\000\000\000\000\000\000\000\000\000\000\000\000\000\000\000\000\000\000\000\000\000\000\000\000\000\000""; nodePubKey: ""\003R7o\362bV\300hf\266\241;}\200^\374\240\203[:\342Q\225\221\027y\372\255\235\216\323~""; closeTime: 803842822; signature: ""0E\002!\000\264\256c\235/,{e*\213> \252D\004\354\257\2151\302\264\346%\027\305\277\305n\004\250\017|\002 B\254%\263c\210\177\375\355=WJ\272\317\344g`\210\373[RYJ\n\216O\242\260%\300*(""; previousledger: ""A\321\341bca\253\025\321\311\317\021\375\317\217\n\272\033o\353G>\275\361H\265\240\232um""\317""; "
1750527622611,1750527622611,0,1,4,0,TMProposeSet,"proposeSeq: 0; currentTxHash: ""\000\000\000\000\000\000\000\000\000\000\000\000\000\000\000\000\000\000\000\000\000\000\000\000\000\000\000\000\000\000\000\000""; nodePubKey: ""\003R7o\362bV\300hf\266\241;}\200^\374\240\203[:\342Q\225\221\027y\372\255\235\216\323~""; closeTime: 803842822; signature: ""0E\002!\000\264\256c\235/,{e*\213> \252D\004\354\257\2151\302\264\346%\027\305\277\305n\004\250\017|\002 B\254%\263c\210\177\375\355=WJ\272\317\344g`\210\373[RYJ\n\216O\242\260%\300*(""; previousledger: ""A\321\341bca\253\025\321\311\317\021\375\317\217\n\272\033o\353G>\275\361H\265\240\232um""\317""; ","proposeSeq: 0; currentTxHash: ""\000\000\000\000\000\000\000\000\000\000\000\000\000\000\000\000\000\000\000\000\000\000\000\000\000\000\000\000\000\000\000\000""; nodePubKey: ""\003R7o\362bV\300hf\266\241;}\200^\374\240\203[:\342Q\225\221\027y\372\255\235\216\323~""; closeTime: 803842822; signature: ""0E\002!\000\264\256c\235/,{e*\213> \252D\004\354\257\2151\302\264\346%\027\305\277\305n\004\250\017|\002 B\254%\263c\210\177\375\355=WJ\272\317\344g`\210\373[RYJ\n\216O\242\260%\300*(""; previousledger: ""A\321\341bca\253\025\321\311\317\021\375\317\217\n\272\033o\353G>\275\361H\265\240\232um""\317""; "
1750527622622,1750527622622,0,1,2,3,TMProposeSet,"proposeSeq: 1; currentTxHash: ""\000\000\000\000\000\000\000\000\000\000\000\000\000\000\000\000\000\000\000\000\000\000\000\000\000\000\000\000\000\000\000\000""; nodePubKey: ""\003\255\225A\213\332\224ehh\024BDq\224\250\335`\355\353{\357\266\335<\021\032\265\177\206\356&\215""; closeTime: 803842810; signature: ""0E\002!\000\260'\237%\237\343\037\301D\360\305.\3361\330\203\023\304|\271\005\300\352\314%2\035.1f,[\002 \035\212\222\324 \031\026\007 \223L\311\265QK\025\025\273md\243\323\274\345\322\026\345\362Fv\350\214""; previousledger: ""Q\027L\376}m\030\320\337\2266^+\340\370P\272\314\232\3371\327\027Ejgq<\303\367\244\236""; ","proposeSeq: 1; currentTxHash: ""\000\000\000\000\000\000\000\000\000\000\000\000\000\000\000\000\000\000\000\000\000\000\000\000\000\000\000\000\000\000\000\000""; nodePubKey: ""\003\255\225A\213\332\224ehh\024BDq\224\250\335`\355\353{\357\266\335<\021\032\265\177\206\356&\215""; closeTime: 803842810; signature: ""0E\002!\000\260'\237%\237\343\037\301D\360\305.\3361\330\203\023\304|\271\005\300\352\314%2\035.1f,[\002 \035\212\222\324 \031\026\007 \223L\311\265QK\025\025\273md\243\323\274\345\322\026\345\362Fv\350\214""; previousledger: ""Q\027L\376}m\030\320\337\2266^+\340\370P\272\314\232\3371\327\027Ejgq<\303\367\244\236""; "
1750527622622,1750527622622,0,1,2,4,TMProposeSet,"proposeSeq: 1; currentTxHash: ""\000\000\000\000\000\000\000\000\000\000\000\000\000\000\000\000\000\000\000\000\000\000\000\000\000\000\000\000\000\000\000\000""; nodePubKey: ""\003\255\225A\213\332\224ehh\024BDq\224\250\335`\355\353{\357\266\335<\021\032\265\177\206\356&\215""; closeTime: 803842810; signature: ""0E\002!\000\260'\237%\237\343\037\301D\360\305.\3361\330\203\023\304|\271\005\300\352\314%2\035.1f,[\002 \035\212\222\324 \031\026\007 \223L\311\265QK\025\025\273md\243\323\274\345\322\026\345\362Fv\350\214""; previousledger: ""Q\027L\376}m\030\320\337\2266^+\340\370P\272\314\232\3371\327\027Ejgq<\303\367\244\236""; ","proposeSeq: 1; currentTxHash: ""\000\000\000\000\000\000\000\000\000\000\000\000\000\000\000\000\000\000\000\000\000\000\000\000\000\000\000\000\000\000\000\000""; nodePubKey: ""\003\255\225A\213\332\224ehh\024BDq\224\250\335`\355\353{\357\266\335<\021\032\265\177\206\356&\215""; closeTime: 803842810; signature: ""0E\002!\000\260'\237%\237\343\037\301D\360\305.\3361\330\203\023\304|\271\005\300\352\314%2\035.1f,[\002 \035\212\222\324 \031\026\007 \223L\311\265QK\025\025\273md\243\323\274\345\322\026\345\362Fv\350\214""; previousledger: ""Q\027L\376}m\030\320\337\2266^+\340\370P\272\314\232\3371\327\027Ejgq<\303\367\244\236""; "
1750527622624,1750527622624,0,1,2,0,TMProposeSet,"proposeSeq: 1; currentTxHash: ""\000\000\000\000\000\000\000\000\000\000\000\000\000\000\000\000\000\000\000\000\000\000\000\000\000\000\000\000\000\000\000\000""; nodePubKey: ""\003\255\225A\213\332\224ehh\024BDq\224\250\335`\355\353{\357\266\335<\021\032\265\177\206\356&\215""; closeTime: 803842810; signature: ""0E\002!\000\260'\237%\237\343\037\301D\360\305.\3361\330\203\023\304|\271\005\300\352\314%2\035.1f,[\002 \035\212\222\324 \031\026\007 \223L\311\265QK\025\025\273md\243\323\274\345\322\026\345\362Fv\350\214""; previousledger: ""Q\027L\376}m\030\320\337\2266^+\340\370P\272\314\232\3371\327\027Ejgq<\303\367\244\236""; ","proposeSeq: 1; currentTxHash: ""\000\000\000\000\000\000\000\000\000\000\000\000\000\000\000\000\000\000\000\000\000\000\000\000\000\000\000\000\000\000\000\000""; nodePubKey: ""\003\255\225A\213\332\224ehh\024BDq\224\250\335`\355\353{\357\266\335<\021\032\265\177\206\356&\215""; closeTime: 803842810; signature: ""0E\002!\000\260'\237%\237\343\037\301D\360\305.\3361\330\203\023\304|\271\005\300\352\314%2\035.1f,[\002 \035\212\222\324 \031\026\007 \223L\311\265QK\025\025\273md\243\323\274\345\322\026\345\362Fv\350\214""; previousledger: ""Q\027L\376}m\030\320\337\2266^+\340\370P\272\314\232\3371\327\027Ejgq<\303\367\244\236""; "
1750527622623,1750527622623,0,1,2,1,TMProposeSet,"proposeSeq: 1; currentTxHash: ""\000\000\000\000\000\000\000\000\000\000\000\000\000\000\000\000\000\000\000\000\000\000\000\000\000\000\000\000\000\000\000\000""; nodePubKey: ""\003\255\225A\213\332\224ehh\024BDq\224\250\335`\355\353{\357\266\335<\021\032\265\177\206\356&\215""; closeTime: 803842810; signature: ""0E\002!\000\260'\237%\237\343\037\301D\360\305.\3361\330\203\023\304|\271\005\300\352\314%2\035.1f,[\002 \035\212\222\324 \031\026\007 \223L\311\265QK\025\025\273md\243\323\274\345\322\026\345\362Fv\350\214""; previousledger: ""Q\027L\376}m\030\320\337\2266^+\340\370P\272\314\232\3371\327\027Ejgq<\303\367\244\236""; ","proposeSeq: 1; currentTxHash: ""\000\000\000\000\000\000\000\000\000\000\000\000\000\000\000\000\000\000\000\000\000\000\000\000\000\000\000\000\000\000\000\000""; nodePubKey: ""\003\255\225A\213\332\224ehh\024BDq\224\250\335`\355\353{\357\266\335<\021\032\265\177\206\356&\215""; closeTime: 803842810; signature: ""0E\002!\000\260'\237%\237\343\037\301D\360\305.\3361\330\203\023\304|\271\005\300\352\314%2\035.1f,[\002 \035\212\222\324 \031\026\007 \223L\311\265QK\025\025\273md\243\323\274\345\322\026\345\362Fv\350\214""; previousledger: ""Q\027L\376}m\030\320\337\2266^+\340\370P\272\314\232\3371\327\027Ejgq<\303\367\244\236""; "
1750527622650,1750527622650,0,1,4,3,TMProposeSet,"proposeSeq: 0; currentTxHash: ""\000\000\000\000\000\000\000\000\000\000\000\000\000\000\000\000\000\000\000\000\000\000\000\000\000\000\000\000\000\000\000\000""; nodePubKey: ""\003R7o\362bV\300hf\266\241;}\200^\374\240\203[:\342Q\225\221\027y\372\255\235\216\323~""; closeTime: 803842822; signature: ""0E\002!\000\264\256c\235/,{e*\213> \252D\004\354\257\2151\302\264\346%\027\305\277\305n\004\250\017|\002 B\254%\263c\210\177\375\355=WJ\272\317\344g`\210\373[RYJ\n\216O\242\260%\300*(""; previousledger: ""A\321\341bca\253\025\321\311\317\021\375\317\217\n\272\033o\353G>\275\361H\265\240\232um""\317""; ","proposeSeq: 0; currentTxHash: ""\000\000\000\000\000\000\000\000\000\000\000\000\000\000\000\000\000\000\000\000\000\000\000\000\000\000\000\000\000\000\000\000""; nodePubKey: ""\003R7o\362bV\300hf\266\241;}\200^\374\240\203[:\342Q\225\221\027y\372\255\235\216\323~""; closeTime: 803842822; signature: ""0E\002!\000\264\256c\235/,{e*\213> \252D\004\354\257\2151\302\264\346%\027\305\277\305n\004\250\017|\002 B\254%\263c\210\177\375\355=WJ\272\317\344g`\210\373[RYJ\n\216O\242\260%\300*(""; previousledger: ""A\321\341bca\253\025\321\311\317\021\375\317\217\n\272\033o\353G>\275\361H\265\240\232um""\317""; "
1750527622652,1750527622652,0,1,3,2,TMProposeSet,"proposeSeq: 0; currentTxHash: ""\000\000\000\000\000\000\000\000\000\000\000\000\000\000\000\000\000\000\000\000\000\000\000\000\000\000\000\000\000\000\000\000""; nodePubKey: ""\003R7o\362bV\300hf\266\241;}\200^\374\240\203[:\342Q\225\221\027y\372\255\235\216\323~""; closeTime: 803842822; signature: ""0E\002!\000\264\256c\235/,{e*\213> \252D\004\354\257\2151\302\264\346%\027\305\277\305n\004\250\017|\002 B\254%\263c\210\177\375\355=WJ\272\317\344g`\210\373[RYJ\n\216O\242\260%\300*(""; previousledger: ""A\321\341bca\253\025\321\311\317\021\375\317\217\n\272\033o\353G>\275\361H\265\240\232um""\317""; ","proposeSeq: 0; currentTxHash: ""\000\000\000\000\000\000\000\000\000\000\000\000\000\000\000\000\000\000\000\000\000\000\000\000\000\000\000\000\000\000\000\000""; nodePubKey: ""\003R7o\362bV\300hf\266\241;}\200^\374\240\203[:\342Q\225\221\027y\372\255\235\216\323~""; closeTime: 803842822; signature: ""0E\002!\000\264\256c\235/,{e*\213> \252D\004\354\257\2151\302\264\346%\027\305\277\305n\004\250\017|\002 B\254%\263c\210\177\375\355=WJ\272\317\344g`\210\373[RYJ\n\216O\242\260%\300*(""; previousledger: ""A\321\341bca\253\025\321\311\317\021\375\317\217\n\272\033o\353G>\275\361H\265\240\232um""\317""; "
1750527622652,1750527622652,0,1,3,0,TMProposeSet,"proposeSeq: 0; currentTxHash: ""\000\000\000\000\000\000\000\000\000\000\000\000\000\000\000\000\000\000\000\000\000\000\000\000\000\000\000\000\000\000\000\000""; nodePubKey: ""\003R7o\362bV\300hf\266\241;}\200^\374\240\203[:\342Q\225\221\027y\372\255\235\216\323~""; closeTime: 803842822; signature: ""0E\002!\000\264\256c\235/,{e*\213> \252D\004\354\257\2151\302\264\346%\027\305\277\305n\004\250\017|\002 B\254%\263c\210\177\375\355=WJ\272\317\344g`\210\373[RYJ\n\216O\242\260%\300*(""; previousledger: ""A\321\341bca\253\025\321\311\317\021\375\317\217\n\272\033o\353G>\275\361H\265\240\232um""\317""; ","proposeSeq: 0; currentTxHash: ""\000\000\000\000\000\000\000\000\000\000\000\000\000\000\000\000\000\000\000\000\000\000\000\000\000\000\000\000\000\000\000\000""; nodePubKey: ""\003R7o\362bV\300hf\266\241;}\200^\374\240\203[:\342Q\225\221\027y\372\255\235\216\323~""; closeTime: 803842822; signature: ""0E\002!\000\264\256c\235/,{e*\213> \252D\004\354\257\2151\302\264\346%\027\305\277\305n\004\250\017|\002 B\254%\263c\210\177\375\355=WJ\272\317\344g`\210\373[RYJ\n\216O\242\260%\300*(""; previousledger: ""A\321\341bca\253\025\321\311\317\021\375\317\217\n\272\033o\353G>\275\361H\265\240\232um""\317""; "
1750527622652,1750527622653,0,1,3,1,TMProposeSet,"proposeSeq: 0; currentTxHash: ""\000\000\000\000\000\000\000\000\000\000\000\000\000\000\000\000\000\000\000\000\000\000\000\000\000\000\000\000\000\000\000\000""; nodePubKey: ""\003R7o\362bV\300hf\266\241;}\200^\374\240\203[:\342Q\225\221\027y\372\255\235\216\323~""; closeTime: 803842822; signature: ""0E\002!\000\264\256c\235/,{e*\213> \252D\004\354\257\2151\302\264\346%\027\305\277\305n\004\250\017|\002 B\254%\263c\210\177\375\355=WJ\272\317\344g`\210\373[RYJ\n\216O\242\260%\300*(""; previousledger: ""A\321\341bca\253\025\321\311\317\021\375\317\217\n\272\033o\353G>\275\361H\265\240\232um""\317""; ","proposeSeq: 0; currentTxHash: ""\000\000\000\000\000\000\000\000\000\000\000\000\000\000\000\000\000\000\000\000\000\000\000\000\000\000\000\000\000\000\000\000""; nodePubKey: ""\003R7o\362bV\300hf\266\241;}\200^\374\240\203[:\342Q\225\221\027y\372\255\235\216\323~""; closeTime: 803842822; signature: ""0E\002!\000\264\256c\235/,{e*\213> \252D\004\354\257\2151\302\264\346%\027\305\277\305n\004\250\017|\002 B\254%\263c\210\177\375\355=WJ\272\317\344g`\210\373[RYJ\n\216O\242\260%\300*(""; previousledger: ""A\321\341bca\253\025\321\311\317\021\375\317\217\n\272\033o\353G>\275\361H\265\240\232um""\317""; "
1750527622608,1750527622667,0,1,4,1,TMStatusChange,"newEvent: neCLOSING_LEDGER; ledgerSeq: 27; ledgerHash: ""A\321\341bca\253\025\321\311\317\021\375\317\217\n\272\033o\353G>\275\361H\265\240\232um""\317""; ledgerHashPrevious: ""J +\370\t^b\005\020\003\211\373\247|hC\271Nmk~J\270EU\274\036-\347\240\312F""; networkTime: 803842822; firstSeq: 1; lastSeq: 27; ","newEvent: neCLOSING_LEDGER; ledgerSeq: 27; ledgerHash: ""A\321\341bca\253\025\321\311\317\021\375\317\217\n\272\033o\353G>\275\361H\265\240\232um""\317""; ledgerHashPrevious: ""J +\370\t^b\005\020\003\211\373\247|hC\271Nmk~J\270EU\274\036-\347\240\312F""; networkTime: 803842822; firstSeq: 1; lastSeq: 27; "
1750527622611,1750527622668,0,1,4,0,TMStatusChange,"newEvent: neCLOSING_LEDGER; ledgerSeq: 27; ledgerHash: ""A\321\341bca\253\025\321\311\317\021\375\317\217\n\272\033o\353G>\275\361H\265\240\232um""\317""; ledgerHashPrevious: ""J +\370\t^b\005\020\003\211\373\247|hC\271Nmk~J\270EU\274\036-\347\240\312F""; networkTime: 803842822; firstSeq: 1; lastSeq: 27; ","newEvent: neCLOSING_LEDGER; ledgerSeq: 27; ledgerHash: ""A\321\341bca\253\025\321\311\317\021\375\317\217\n\272\033o\353G>\275\361H\265\240\232um""\317""; ledgerHashPrevious: ""J +\370\t^b\005\020\003\211\373\247|hC\271Nmk~J\270EU\274\036-\347\240\312F""; networkTime: 803842822; firstSeq: 1; lastSeq: 27; "
1750527622611,1750527622668,0,1,4,2,TMStatusChange,"newEvent: neCLOSING_LEDGER; ledgerSeq: 27; ledgerHash: ""A\321\341bca\253\025\321\311\317\021\375\317\217\n\272\033o\353G>\275\361H\265\240\232um""\317""; ledgerHashPrevious: ""J +\370\t^b\005\020\003\211\373\247|hC\271Nmk~J\270EU\274\036-\347\240\312F""; networkTime: 803842822; firstSeq: 1; lastSeq: 27; ","newEvent: neCLOSING_LEDGER; ledgerSeq: 27; ledgerHash: ""A\321\341bca\253\025\321\311\317\021\375\317\217\n\272\033o\353G>\275\361H\265\240\232um""\317""; ledgerHashPrevious: ""J +\370\t^b\005\020\003\211\373\247|hC\271Nmk~J\270EU\274\036-\347\240\312F""; networkTime: 803842822; firstSeq: 1; lastSeq: 27; "
1750527622611,1750527622667,0,1,4,3,TMStatusChange,"newEvent: neCLOSING_LEDGER; ledgerSeq: 27; ledgerHash: ""A\321\341bca\253\025\321\311\317\021\375\317\217\n\272\033o\353G>\275\361H\265\240\232um""\317""; ledgerHashPrevious: ""J +\370\t^b\005\020\003\211\373\247|hC\271Nmk~J\270EU\274\036-\347\240\312F""; networkTime: 803842822; firstSeq: 1; lastSeq: 27; ","newEvent: neCLOSING_LEDGER; ledgerSeq: 27; ledgerHash: ""A\321\341bca\253\025\321\311\317\021\375\317\217\n\272\033o\353G>\275\361H\265\240\232um""\317""; ledgerHashPrevious: ""J +\370\t^b\005\020\003\211\373\247|hC\271Nmk~J\270EU\274\036-\347\240\312F""; networkTime: 803842822; firstSeq: 1; lastSeq: 27; "
1750527624446,1750527624446,0,1,3,4,TMStatusChange,"newEvent: neACCEPTED_LEDGER; ledgerSeq: 28; ledgerHash: ""\324`\214\221\314\000\211K\223+(""\200i \311\372g\254\343ZR0\224\275q\252\357\213\263\206N""; ledgerHashPrevious: ""A\321\341bca\253\025\321\311\317\021\375\317\217\n\272\033o\353G>\275\361H\265\240\232um""\317""; networkTime: 803842824; firstSeq: 1; lastSeq: 27; ","newEvent: neACCEPTED_LEDGER; ledgerSeq: 28; ledgerHash: ""\324`\214\221\314\000\211K\223+(""\200i \311\372g\254\343ZR0\224\275q\252\357\213\263\206N""; ledgerHashPrevious: ""A\321\341bca\253\025\321\311\317\021\375\317\217\n\272\033o\353G>\275\361H\265\240\232um""\317""; networkTime: 803842824; firstSeq: 1; lastSeq: 27; "
1750527624447,1750527624447,0,1,3,2,TMValidation,"validation: """"\200\000\000\001&\000\000\000\034)/\351\253\010:p\210\265\307-\212\200\004Q\324`\214\221\314\000\211K\223+(""\200i \311\372g\254\343ZR0\224\275q\252\357\213\263\206NP\027\000\000\000\000\000\000\000\000\000\000\000\000\000\000\000\000\000\000\000\000\000\000\000\000\000\000\000\000\000\000\000\000P\031A\321\341bca\253\025\321\311\317\021\375\317\217\n\272\033o\353G>\275\361H\265\240\232um""\317s!\002\364d\217\366\217|\316F\232\231\241\n\261\333`\312O\367\235\025DD\336e\367\n\312\326\221\037\025\230vG0E\002!\000\322\316e\247\274\020\267W\226w\226\202\034\007\261~\3454\343\334{\245\022""P\255\374gh\342xA\002 J\241\276.\364\221kU`k1\377\010\002G\354\231a\366\252M;\240\037Yc\202\315\357\204-{""; ","validation: """"\200\000\000\001&\000\000\000\034)/\351\253\010:p\210\265\307-\212\200\004Q\324`\214\221\314\000\211K\223+(""\200i \311\372g\254\343ZR0\224\275q\252\357\213\263\206NP\027\000\000\000\000\000\000\000\000\000\000\000\000\000\000\000\000\000\000\000\000\000\000\000\000\000\000\000\000\000\000\000\000P\031A\321\341bca\253\025\321\311\317\021\375\317\217\n\272\033o\353G>\275\361H\265\240\232um""\317s!\002\364d\217\366\217|\316F\232\231\241\n\261\333`\312O\367\235\025DD\336e\367\n\312\326\221\037\025\230vG0E\002!\000\322\316e\247\274\020\267W\226w\226\202\034\007\261~\3454\343\334{\245\022""P\255\374gh\342xA\002 J\241\276.\364\221kU`k1\377\010\002G\354\231a\366\252M;\240\037Yc\202\315\357\204-{""; "
1750527624447,1750527624447,0,1,3,2,TMStatusChange,"newEvent: neACCEPTED_LEDGER; ledgerSeq: 28; ledgerHash: ""\324`\214\221\314\000\211K\223+(""\200i \311\372g\254\343ZR0\224\275q\252\357\213\263\206N""; ledgerHashPrevious: ""A\321\341bca\253\025\321\311\317\021\375\317\217\n\272\033o\353G>\275\361H\265\240\232um""\317""; networkTime: 803842824; firstSeq: 1; lastSeq: 27; ","newEvent: neACCEPTED_LEDGER; ledgerSeq: 28; ledgerHash: ""\324`\214\221\314\000\211K\223+(""\200i \311\372g\254\343ZR0\224\275q\252\357\213\263\206N""; ledgerHashPrevious: ""A\321\341bca\253\025\321\311\317\021\375\317\217\n\272\033o\353G>\275\361H\265\240\232um""\317""; networkTime: 803842824; firstSeq: 1; lastSeq: 27; "
1750527624448,1750527624448,0,1,3,4,TMValidation,"validation: """"\200\000\000\001&\000\000\000\034)/\351\253\010:p\210\265\307-\212\200\004Q\324`\214\221\314\000\211K\223+(""\200i \311\372g\254\343ZR0\224\275q\252\357\213\263\206NP\027\000\000\000\000\000\000\000\000\000\000\000\000\000\000\000\000\000\000\000\000\000\000\000\000\000\000\000\000\000\000\000\000P\031A\321\341bca\253\025\321\311\317\021\375\317\217\n\272\033o\353G>\275\361H\265\240\232um""\317s!\002\364d\217\366\217|\316F\232\231\241\n\261\333`\312O\367\235\025DD\336e\367\n\312\326\221\037\025\230vG0E\002!\000\322\316e\247\274\020\267W\226w\226\202\034\007\261~\3454\343\334{\245\022""P\255\374gh\342xA\002 J\241\276.\364\221kU`k1\377\010\002G\354\231a\366\252M;\240\037Yc\202\315\357\204-{""; ","validation: """"\200\000\000\001&\000\000\000\034)/\351\253\010:p\210\265\307-\212\200\004Q\324`\214\221\314\000\211K\223+(""\200i \311\372g\254\343ZR0\224\275q\252\357\213\263\206NP\027\000\000\000\000\000\000\000\000\000\000\000\000\000\000\000\000\000\000\000\000\000\000\000\000\000\000\000\000\000\000\000\000P\031A\321\341bca\253\025\321\311\317\021\375\317\217\n\272\033o\353G>\275\361H\265\240\232um""\317s!\002\364d\217\366\217|\316F\232\231\241\n\261\333`\312O\367\235\025DD\336e\367\n\312\326\221\037\025\230vG0E\002!\000\322\316e\247\274\020\267W\226w\226\202\034\007\261~\3454\343\334{\245\022""P\255\374gh\342xA\002 J\241\276.\364\221kU`k1\377\010\002G\354\231a\366\252M;\240\037Yc\202\315\357\204-{""; "
1750527624449,1750527624450,0,1,3,1,TMStatusChange,"newEvent: neACCEPTED_LEDGER; ledgerSeq: 28; ledgerHash: ""\324`\214\221\314\000\211K\223+(""\200i \311\372g\254\343ZR0\224\275q\252\357\213\263\206N""; ledgerHashPrevious: ""A\321\341bca\253\025\321\311\317\021\375\317\217\n\272\033o\353G>\275\361H\265\240\232um""\317""; networkTime: 803842824; firstSeq: 1; lastSeq: 27; ","newEvent: neACCEPTED_LEDGER; ledgerSeq: 28; ledgerHash: ""\324`\214\221\314\000\211K\223+(""\200i \311\372g\254\343ZR0\224\275q\252\357\213\263\206N""; ledgerHashPrevious: ""A\321\341bca\253\025\321\311\317\021\375\317\217\n\272\033o\353G>\275\361H\265\240\232um""\317""; networkTime: 803842824; firstSeq: 1; lastSeq: 27; "
1750527624449,1750527624449,0,1,3,0,TMValidation,"validation: """"\200\000\000\001&\000\000\000\034)/\351\253\010:p\210\265\307-\212\200\004Q\324`\214\221\314\000\211K\223+(""\200i \311\372g\254\343ZR0\224\275q\252\357\213\263\206NP\027\000\000\000\000\000\000\000\000\000\000\000\000\000\000\000\000\000\000\000\000\000\000\000\000\000\000\000\000\000\000\000\000P\031A\321\341bca\253\025\321\311\317\021\375\317\217\n\272\033o\353G>\275\361H\265\240\232um""\317s!\002\364d\217\366\217|\316F\232\231\241\n\261\333`\312O\367\235\025DD\336e\367\n\312\326\221\037\025\230vG0E\002!\000\322\316e\247\274\020\267W\226w\226\202\034\007\261~\3454\343\334{\245\022""P\255\374gh\342xA\002 J\241\276.\364\221kU`k1\377\010\002G\354\231a\366\252M;\240\037Yc\202\315\357\204-{""; ","validation: """"\200\000\000\001&\000\000\000\034)/\351\253\010:p\210\265\307-\212\200\004Q\324`\214\221\314\000\211K\223+(""\200i \311\372g\254\343ZR0\224\275q\252\357\213\263\206NP\027\000\000\000\000\000\000\000\000\000\000\000\000\000\000\000\000\000\000\000\000\000\000\000\000\000\000\000\000\000\000\000\000P\031A\321\341bca\253\025\321\311\317\021\375\317\217\n\272\033o\353G>\275\361H\265\240\232um""\317s!\002\364d\217\366\217|\316F\232\231\241\n\261\333`\312O\367\235\025DD\336e\367\n\312\326\221\037\025\230vG0E\002!\000\322\316e\247\274\020\267W\226w\226\202\034\007\261~\3454\343\334{\245\022""P\255\374gh\342xA\002 J\241\276.\364\221kU`k1\377\010\002G\354\231a\366\252M;\240\037Yc\202\315\357\204-{""; "
1750527624450,1750527624450,0,1,3,0,TMStatusChange,"newEvent: neACCEPTED_LEDGER; ledgerSeq: 28; ledgerHash: ""\324`\214\221\314\000\211K\223+(""\200i \311\372g\254\343ZR0\224\275q\252\357\213\263\206N""; ledgerHashPrevious: ""A\321\341bca\253\025\321\311\317\021\375\317\217\n\272\033o\353G>\275\361H\265\240\232um""\317""; networkTime: 803842824; firstSeq: 1; lastSeq: 27; ","newEvent: neACCEPTED_LEDGER; ledgerSeq: 28; ledgerHash: ""\324`\214\221\314\000\211K\223+(""\200i \311\372g\254\343ZR0\224\275q\252\357\213\263\206N""; ledgerHashPrevious: ""A\321\341bca\253\025\321\311\317\021\375\317\217\n\272\033o\353G>\275\361H\265\240\232um""\317""; networkTime: 803842824; firstSeq: 1; lastSeq: 27; "
1750527624449,1750527624449,0,1,3,1,TMValidation,"validation: """"\200\000\000\001&\000\000\000\034)/\351\253\010:p\210\265\307-\212\200\004Q\324`\214\221\314\000\211K\223+(""\200i \311\372g\254\343ZR0\224\275q\252\357\213\263\206NP\027\000\000\000\000\000\000\000\000\000\000\000\000\000\000\000\000\000\000\000\000\000\000\000\000\000\000\000\000\000\000\000\000P\031A\321\341bca\253\025\321\311\317\021\375\317\217\n\272\033o\353G>\275\361H\265\240\232um""\317s!\002\364d\217\366\217|\316F\232\231\241\n\261\333`\312O\367\235\025DD\336e\367\n\312\326\221\037\025\230vG0E\002!\000\322\316e\247\274\020\267W\226w\226\202\034\007\261~\3454\343\334{\245\022""P\255\374gh\342xA\002 J\241\276.\364\221kU`k1\377\010\002G\354\231a\366\252M;\240\037Yc\202\315\357\204-{""; ","validation: """"\200\000\000\001&\000\000\000\034)/\351\253\010:p\210\265\307-\212\200\004Q\324`\214\221\314\000\211K\223+(""\200i \311\372g\254\343ZR0\224\275q\252\357\213\263\206NP\027\000\000\000\000\000\000\000\000\000\000\000\000\000\000\000\000\000\000\000\000\000\000\000\000\000\000\000\000\000\000\000\000P\031A\321\341bca\253\025\321\311\317\021\375\317\217\n\272\033o\353G>\275\361H\265\240\232um""\317s!\002\364d\217\366\217|\316F\232\231\241\n\261\333`\312O\367\235\025DD\336e\367\n\312\326\221\037\025\230vG0E\002!\000\322\316e\247\274\020\267W\226w\226\202\034\007\261~\3454\343\334{\245\022""P\255\374gh\342xA\002 J\241\276.\364\221kU`k1\377\010\002G\354\231a\366\252M;\240\037Yc\202\315\357\204-{""; "
1750527624451,1750527624451,0,1,2,1,TMGetLedger,"itype: liBASE; ledgerHash: ""\324`\214\221\314\000\211K\223+(""\200i \311\372g\254\343ZR0\224\275q\252\357\213\263\206N""; ledgerSeq: 28; ","itype: liBASE; ledgerHash: ""\324`\214\221\314\000\211K\223+(""\200i \311\372g\254\343ZR0\224\275q\252\357\213\263\206N""; ledgerSeq: 28; "
1750527624451,1750527624451,0,1,2,3,TMGetLedger,"itype: liBASE; ledgerHash: ""\324`\214\221\314\000\211K\223+(""\200i \311\372g\254\343ZR0\224\275q\252\357\213\263\206N""; ledgerSeq: 28; ","itype: liBASE; ledgerHash: ""\324`\214\221\314\000\211K\223+(""\200i \311\372g\254\343ZR0\224\275q\252\357\213\263\206N""; ledgerSeq: 28; "
1750527624451,1750527624452,0,1,2,0,TMValidation,"validation: """"\200\000\000\001&\000\000\000\034)/\351\253\010:p\210\265\307-\212\200\004Q\324`\214\221\314\000\211K\223+(""\200i \311\372g\254\343ZR0\224\275q\252\357\213\263\206NP\027\000\000\000\000\000\000\000\000\000\000\000\000\000\000\000\000\000\000\000\000\000\000\000\000\000\000\000\000\000\000\000\000P\031A\321\341bca\253\025\321\311\317\021\375\317\217\n\272\033o\353G>\275\361H\265\240\232um""\317s!\002\364d\217\366\217|\316F\232\231\241\n\261\333`\312O\367\235\025DD\336e\367\n\312\326\221\037\025\230vG0E\002!\000\322\316e\247\274\020\267W\226w\226\202\034\007\261~\3454\343\334{\245\022""P\255\374gh\342xA\002 J\241\276.\364\221kU`k1\377\010\002G\354\231a\366\252M;\240\037Yc\202\315\357\204-{""; ","validation: """"\200\000\000\001&\000\000\000\034)/\351\253\010:p\210\265\307-\212\200\004Q\324`\214\221\314\000\211K\223+(""\200i \311\372g\254\343ZR0\224\275q\252\357\213\263\206NP\027\000\000\000\000\000\000\000\000\000\000\000\000\000\000\000\000\000\000\000\000\000\000\000\000\000\000\000\000\000\000\000\000P\031A\321\341bca\253\025\321\311\317\021\375\317\217\n\272\033o\353G>\275\361H\265\240\232um""\317s!\002\364d\217\366\217|\316F\232\231\241\n\261\333`\312O\367\235\025DD\336e\367\n\312\326\221\037\025\230vG0E\002!\000\322\316e\247\274\020\267W\226w\226\202\034\007\261~\3454\343\334{\245\022""P\255\374gh\342xA\002 J\241\276.\364\221kU`k1\377\010\002G\354\231a\366\252M;\240\037Yc\202\315\357\204-{""; "
1750527624452,1750527624452,0,1,2,4,TMValidation,"validation: """"\200\000\000\001&\000\000\000\034)/\351\253\010:p\210\265\307-\212\200\004Q\324`\214\221\314\000\211K\223+(""\200i \311\372g\254\343ZR0\224\275q\252\357\213\263\206NP\027\000\000\000\000\000\000\000\000\000\000\000\000\000\000\000\000\000\000\000\000\000\000\000\000\000\000\000\000\000\000\000\000P\031A\321\341bca\253\025\321\311\317\021\375\317\217\n\272\033o\353G>\275\361H\265\240\232um""\317s!\002\364d\217\366\217|\316F\232\231\241\n\261\333`\312O\367\235\025DD\336e\367\n\312\326\221\037\025\230vG0E\002!\000\322\316e\247\274\020\267W\226w\226\202\034\007\261~\3454\343\334{\245\022""P\255\374gh\342xA\002 J\241\276.\364\221kU`k1\377\010\002G\354\231a\366\252M;\240\037Yc\202\315\357\204-{""; ","validation: """"\200\000\000\001&\000\000\000\034)/\351\253\010:p\210\265\307-\212\200\004Q\324`\214\221\314\000\211K\223+(""\200i \311\372g\254\343ZR0\224\275q\252\357\213\263\206NP\027\000\000\000\000\000\000\000\000\000\000\000\000\000\000\000\000\000\000\000\000\000\000\000\000\000\000\000\000\000\000\000\000P\031A\321\341bca\253\025\321\311\317\021\375\317\217\n\272\033o\353G>\275\361H\265\240\232um""\317s!\002\364d\217\366\217|\316F\232\231\241\n\261\333`\312O\367\235\025DD\336e\367\n\312\326\221\037\025\230vG0E\002!\000\322\316e\247\274\020\267W\226w\226\202\034\007\261~\3454\343\334{\245\022""P\255\374gh\342xA\002 J\241\276.\364\221kU`k1\377\010\002G\354\231a\366\252M;\240\037Yc\202\315\357\204-{""; "
1750527624453,1750527624453,0,1,2,1,TMValidation,"validation: """"\200\000\000\001&\000\000\000\034)/\351\253\010:p\210\265\307-\212\200\004Q\324`\214\221\314\000\211K\223+(""\200i \311\372g\254\343ZR0\224\275q\252\357\213\263\206NP\027\000\000\000\000\000\000\000\000\000\000\000\000\000\000\000\000\000\000\000\000\000\000\000\000\000\000\000\000\000\000\000\000P\031A\321\341bca\253\025\321\311\317\021\375\317\217\n\272\033o\353G>\275\361H\265\240\232um""\317s!\002\364d\217\366\217|\316F\232\231\241\n\261\333`\312O\367\235\025DD\336e\367\n\312\326\221\037\025\230vG0E\002!\000\322\316e\247\274\020\267W\226w\226\202\034\007\261~\3454\343\334{\245\022""P\255\374gh\342xA\002 J\241\276.\364\221kU`k1\377\010\002G\354\231a\366\252M;\240\037Yc\202\315\357\204-{""; ","validation: """"\200\000\000\001&\000\000\000\034)/\351\253\010:p\210\265\307-\212\200\004Q\324`\214\221\314\000\211K\223+(""\200i \311\372g\254\343ZR0\224\275q\252\357\213\263\206NP\027\000\000\000\000\000\000\000\000\000\000\000\000\000\000\000\000\000\000\000\000\000\000\000\000\000\000\000\000\000\000\000\000P\031A\321\341bca\253\025\321\311\317\021\375\317\217\n\272\033o\353G>\275\361H\265\240\232um""\317s!\002\364d\217\366\217|\316F\232\231\241\n\261\333`\312O\367\235\025DD\336e\367\n\312\326\221\037\025\230vG0E\002!\000\322\316e\247\274\020\267W\226w\226\202\034\007\261~\3454\343\334{\245\022""P\255\374gh\342xA\002 J\241\276.\364\221kU`k1\377\010\002G\354\231a\366\252M;\240\037Yc\202\315\357\204-{""; "
1750527624453,1750527624453,0,1,2,4,TMGetLedger,"itype: liBASE; ledgerHash: ""\324`\214\221\314\000\211K\223+(""\200i \311\372g\254\343ZR0\224\275q\252\357\213\263\206N""; ledgerSeq: 28; ","itype: liBASE; ledgerHash: ""\324`\214\221\314\000\211K\223+(""\200i \311\372g\254\343ZR0\224\275q\252\357\213\263\206N""; ledgerSeq: 28; "
1750527624453,1750527624453,0,1,2,0,TMGetLedger,"itype: liBASE; ledgerHash: ""\324`\214\221\314\000\211K\223+(""\200i \311\372g\254\343ZR0\224\275q\252\357\213\263\206N""; ledgerSeq: 28; ","itype: liBASE; ledgerHash: ""\324`\214\221\314\000\211K\223+(""\200i \311\372g\254\343ZR0\224\275q\252\357\213\263\206N""; ledgerSeq: 28; "
1750527624454,1750527624454,0,1,2,4,TMGetLedger,"itype: liBASE; ledgerHash: ""\324`\214\221\314\000\211K\223+(""\200i \311\372g\254\343ZR0\224\275q\252\357\213\263\206N""; ledgerSeq: 28; queryType: qtINDIRECT; ","itype: liBASE; ledgerHash: ""\324`\214\221\314\000\211K\223+(""\200i \311\372g\254\343ZR0\224\275q\252\357\213\263\206N""; ledgerSeq: 28; queryType: qtINDIRECT; "
1750527624454,1750527624454,0,1,2,0,TMGetLedger,"itype: liBASE; ledgerHash: ""\324`\214\221\314\000\211K\223+(""\200i \311\372g\254\343ZR0\224\275q\252\357\213\263\206N""; ledgerSeq: 28; queryType: qtINDIRECT; ","itype: liBASE; ledgerHash: ""\324`\214\221\314\000\211K\223+(""\200i \311\372g\254\343ZR0\224\275q\252\357\213\263\206N""; ledgerSeq: 28; queryType: qtINDIRECT; "
1750527624455,1750527624455,0,1,2,1,TMGetLedger,"itype: liBASE; ledgerHash: ""\324`\214\221\314\000\211K\223+(""\200i \311\372g\254\343ZR0\224\275q\252\357\213\263\206N""; ledgerSeq: 28; queryType: qtINDIRECT; ","itype: liBASE; ledgerHash: ""\324`\214\221\314\000\211K\223+(""\200i \311\372g\254\343ZR0\224\275q\252\357\213\263\206N""; ledgerSeq: 28; queryType: qtINDIRECT; "
1750527624455,1750527624455,0,1,4,1,TMValidation,"validation: """"\200\000\000\001&\000\000\000\034)/\351\253\010:p\210\265\307-\212\200\004Q\324`\214\221\314\000\211K\223+(""\200i \311\372g\254\343ZR0\224\275q\252\357\213\263\206NP\027\000\000\000\000\000\000\000\000\000\000\000\000\000\000\000\000\000\000\000\000\000\000\000\000\000\000\000\000\000\000\000\000P\031A\321\341bca\253\025\321\311\317\021\375\317\217\n\272\033o\353G>\275\361H\265\240\232um""\317s!\002\364d\217\366\217|\316F\232\231\241\n\261\333`\312O\367\235\025DD\336e\367\n\312\326\221\037\025\230vG0E\002!\000\322\316e\247\274\020\267W\226w\226\202\034\007\261~\3454\343\334{\245\022""P\255\374gh\342xA\002 J\241\276.\364\221kU`k1\377\010\002G\354\231a\366\252M;\240\037Yc\202\315\357\204-{""; ","validation: """"\200\000\000\001&\000\000\000\034)/\351\253\010:p\210\265\307-\212\200\004Q\324`\214\221\314\000\211K\223+(""\200i \311\372g\254\343ZR0\224\275q\252\357\213\263\206NP\027\000\000\000\000\000\000\000\000\000\000\000\000\000\000\000\000\000\000\000\000\000\000\000\000\000\000\000\000\000\000\000\000P\031A\321\341bca\253\025\321\311\317\021\375\317\217\n\272\033o\353G>\275\361H\265\240\232um""\317s!\002\364d\217\366\217|\316F\232\231\241\n\261\333`\312O\367\235\025DD\336e\367\n\312\326\221\037\025\230vG0E\002!\000\322\316e\247\274\020\267W\226w\226\202\034\007\261~\3454\343\334{\245\022""P\255\374gh\342xA\002 J\241\276.\364\221kU`k1\377\010\002G\354\231a\366\252M;\240\037Yc\202\315\357\204-{""; "
1750527624466,1750527624466,0,1,4,2,TMValidation,"validation: """"\200\000\000\001&\000\000\000\034)/\351\253\010:p\210\265\307-\212\200\004Q\324`\214\221\314\000\211K\223+(""\200i \311\372g\254\343ZR0\224\275q\252\357\213\263\206NP\027\000\000\000\000\000\000\000\000\000\000\000\000\000\000\000\000\000\000\000\000\000\000\000\000\000\000\000\000\000\000\000\000P\031A\321\341bca\253\025\321\311\317\021\375\317\217\n\272\033o\353G>\275\361H\265\240\232um""\317s!\002\364d\217\366\217|\316F\232\231\241\n\261\333`\312O\367\235\025DD\336e\367\n\312\326\221\037\025\230vG0E\002!\000\322\316e\247\274\020\267W\226w\226\202\034\007\261~\3454\343\334{\245\022""P\255\374gh\342xA\002 J\241\276.\364\221kU`k1\377\010\002G\354\231a\366\252M;\240\037Yc\202\315\357\204-{""; ","validation: """"\200\000\000\001&\000\000\000\034)/\351\253\010:p\210\265\307-\212\200\004Q\324`\214\221\314\000\211K\223+(""\200i \311\372g\254\343ZR0\224\275q\252\357\213\263\206NP\027\000\000\000\000\000\000\000\000\000\000\000\000\000\000\000\000\000\000\000\000\000\000\000\000\000\000\000\000\000\000\000\000P\031A\321\341bca\253\025\321\311\317\021\375\317\217\n\272\033o\353G>\275\361H\265\240\232um""\317s!\002\364d\217\366\217|\316F\232\231\241\n\261\333`\312O\367\235\025DD\336e\367\n\312\326\221\037\025\230vG0E\002!\000\322\316e\247\274\020\267W\226w\226\202\034\007\261~\3454\343\334{\245\022""P\255\374gh\342xA\002 J\241\276.\364\221kU`k1\377\010\002G\354\231a\366\252M;\240\037Yc\202\315\357\204-{""; "
1750527624468,1750527624468,0,1,4,0,TMValidation,"validation: """"\200\000\000\001&\000\000\000\034)/\351\253\010:p\210\265\307-\212\200\004Q\324`\214\221\314\000\211K\223+(""\200i \311\372g\254\343ZR0\224\275q\252\357\213\263\206NP\027\000\000\000\000\000\000\000\000\000\000\000\000\000\000\000\000\000\000\000\000\000\000\000\000\000\000\000\000\000\000\000\000P\031A\321\341bca\253\025\321\311\317\021\375\317\217\n\272\033o\353G>\275\361H\265\240\232um""\317s!\002\364d\217\366\217|\316F\232\231\241\n\261\333`\312O\367\235\025DD\336e\367\n\312\326\221\037\025\230vG0E\002!\000\322\316e\247\274\020\267W\226w\226\202\034\007\261~\3454\343\334{\245\022""P\255\374gh\342xA\002 J\241\276.\364\221kU`k1\377\010\002G\354\231a\366\252M;\240\037Yc\202\315\357\204-{""; ","validation: """"\200\000\000\001&\000\000\000\034)/\351\253\010:p\210\265\307-\212\200\004Q\324`\214\221\314\000\211K\223+(""\200i \311\372g\254\343ZR0\224\275q\252\357\213\263\206NP\027\000\000\000\000\000\000\000\000\000\000\000\000\000\000\000\000\000\000\000\000\000\000\000\000\000\000\000\000\000\000\000\000P\031A\321\341bca\253\025\321\311\317\021\375\317\217\n\272\033o\353G>\275\361H\265\240\232um""\317s!\002\364d\217\366\217|\316F\232\231\241\n\261\333`\312O\367\235\025DD\336e\367\n\312\326\221\037\025\230vG0E\002!\000\322\316e\247\274\020\267W\226w\226\202\034\007\261~\3454\343\334{\245\022""P\255\374gh\342xA\002 J\241\276.\364\221kU`k1\377\010\002G\354\231a\366\252M;\240\037Yc\202\315\357\204-{""; "
1750527624468,1750527624468,0,1,4,3,TMGetLedger,"itype: liBASE; ledgerHash: ""\324`\214\221\314\000\211K\223+(""\200i \311\372g\254\343ZR0\224\275q\252\357\213\263\206N""; ","itype: liBASE; ledgerHash: ""\324`\214\221\314\000\211K\223+(""\200i \311\372g\254\343ZR0\224\275q\252\357\213\263\206N""; "
1750527624468,1750527624468,0,1,4,0,TMGetLedger,"itype: liBASE; ledgerHash: ""\324`\214\221\314\000\211K\223+(""\200i \311\372g\254\343ZR0\224\275q\252\357\213\263\206N""; ","itype: liBASE; ledgerHash: ""\324`\214\221\314\000\211K\223+(""\200i \311\372g\254\343ZR0\224\275q\252\357\213\263\206N""; "
1750527624469,1750527624469,0,1,4,1,TMGetLedger,"itype: liBASE; ledgerHash: ""\324`\214\221\314\000\211K\223+(""\200i \311\372g\254\343ZR0\224\275q\252\357\213\263\206N""; ","itype: liBASE; ledgerHash: ""\324`\214\221\314\000\211K\223+(""\200i \311\372g\254\343ZR0\224\275q\252\357\213\263\206N""; "
1750527624469,1750527624469,0,1,4,1,TMGetLedger,"itype: liBASE; ledgerHash: ""\324`\214\221\314\000\211K\223+(""\200i \311\372g\254\343ZR0\224\275q\252\357\213\263\206N""; queryType: qtINDIRECT; ","itype: liBASE; ledgerHash: ""\324`\214\221\314\000\211K\223+(""\200i \311\372g\254\343ZR0\224\275q\252\357\213\263\206N""; queryType: qtINDIRECT; "
1750527624470,1750527624470,0,1,4,0,TMGetLedger,"itype: liBASE; ledgerHash: ""\324`\214\221\314\000\211K\223+(""\200i \311\372g\254\343ZR0\224\275q\252\357\213\263\206N""; queryType: qtINDIRECT; ","itype: liBASE; ledgerHash: ""\324`\214\221\314\000\211K\223+(""\200i \311\372g\254\343ZR0\224\275q\252\357\213\263\206N""; queryType: qtINDIRECT; "
1750527624472,1750527624472,0,1,4,3,TMGetLedger,"itype: liBASE; ledgerHash: ""\324`\214\221\314\000\211K\223+(""\200i \311\372g\254\343ZR0\224\275q\252\357\213\263\206N""; queryType: qtINDIRECT; ","itype: liBASE; ledgerHash: ""\324`\214\221\314\000\211K\223+(""\200i \311\372g\254\343ZR0\224\275q\252\357\213\263\206N""; queryType: qtINDIRECT; "
1750527624472,1750527624472,0,1,0,2,TMGetLedger,"itype: liBASE; ledgerHash: ""\324`\214\221\314\000\211K\223+(""\200i \311\372g\254\343ZR0\224\275q\252\357\213\263\206N""; ledgerSeq: 28; ","itype: liBASE; ledgerHash: ""\324`\214\221\314\000\211K\223+(""\200i \311\372g\254\343ZR0\224\275q\252\357\213\263\206N""; ledgerSeq: 28; "
1750527624472,1750527624472,0,1,0,4,TMValidation,"validation: """"\200\000\000\001&\000\000\000\034)/\351\253\010:p\210\265\307-\212\200\004Q\324`\214\221\314\000\211K\223+(""\200i \311\372g\254\343ZR0\224\275q\252\357\213\263\206NP\027\000\000\000\000\000\000\000\000\000\000\000\000\000\000\000\000\000\000\000\000\000\000\000\000\000\000\000\000\000\000\000\000P\031A\321\341bca\253\025\321\311\317\021\375\317\217\n\272\033o\353G>\275\361H\265\240\232um""\317s!\002\364d\217\366\217|\316F\232\231\241\n\261\333`\312O\367\235\025DD\336e\367\n\312\326\221\037\025\230vG0E\002!\000\322\316e\247\274\020\267W\226w\226\202\034\007\261~\3454\343\334{\245\022""P\255\374gh\342xA\002 J\241\276.\364\221kU`k1\377\010\002G\354\231a\366\252M;\240\037Yc\202\315\357\204-{""; ","validation: """"\200\000\000\001&\000\000\000\034)/\351\253\010:p\210\265\307-\212\200\004Q\324`\214\221\314\000\211K\223+(""\200i \311\372g\254\343ZR0\224\275q\252\357\213\263\206NP\027\000\000\000\000\000\000\000\000\000\000\000\000\000\000\000\000\000\000\000\000\000\000\000\000\000\000\000\000\000\000\000\000P\031A\321\341bca\253\025\321\311\317\021\375\317\217\n\272\033o\353G>\275\361H\265\240\232um""\317s!\002\364d\217\366\217|\316F\232\231\241\n\261\333`\312O\367\235\025DD\336e\367\n\312\326\221\037\025\230vG0E\002!\000\322\316e\247\274\020\267W\226w\226\202\034\007\261~\3454\343\334{\245\022""P\255\374gh\342xA\002 J\241\276.\364\221kU`k1\377\010\002G\354\231a\366\252M;\240\037Yc\202\315\357\204-{""; "
1750527624473,1750527624473,0,1,0,1,TMGetLedger,"itype: liBASE; ledgerHash: ""\324`\214\221\314\000\211K\223+(""\200i \311\372g\254\343ZR0\224\275q\252\357\213\263\206N""; ledgerSeq: 28; ","itype: liBASE; ledgerHash: ""\324`\214\221\314\000\211K\223+(""\200i \311\372g\254\343ZR0\224\275q\252\357\213\263\206N""; ledgerSeq: 28; "
1750527624473,1750527624473,0,1,0,4,TMGetLedger,"itype: liBASE; ledgerHash: ""\324`\214\221\314\000\211K\223+(""\200i \311\372g\254\343ZR0\224\275q\252\357\213\263\206N""; ledgerSeq: 28; ","itype: liBASE; ledgerHash: ""\324`\214\221\314\000\211K\223+(""\200i \311\372g\254\343ZR0\224\275q\252\357\213\263\206N""; ledgerSeq: 28; "
1750527624473,1750527624474,0,1,0,3,TMGetLedger,"itype: liBASE; ledgerHash: ""\324`\214\221\314\000\211K\223+(""\200i \311\372g\254\343ZR0\224\275q\252\357\213\263\206N""; ledgerSeq: 28; ","itype: liBASE; ledgerHash: ""\324`\214\221\314\000\211K\223+(""\200i \311\372g\254\343ZR0\224\275q\252\357\213\263\206N""; ledgerSeq: 28; "
1750527624474,1750527624474,0,1,0,2,TMValidation,"validation: """"\200\000\000\001&\000\000\000\034)/\351\253\010:p\210\265\307-\212\200\004Q\324`\214\221\314\000\211K\223+(""\200i \311\372g\254\343ZR0\224\275q\252\357\213\263\206NP\027\000\000\000\000\000\000\000\000\000\000\000\000\000\000\000\000\000\000\000\000\000\000\000\000\000\000\000\000\000\000\000\000P\031A\321\341bca\253\025\321\311\317\021\375\317\217\n\272\033o\353G>\275\361H\265\240\232um""\317s!\002\364d\217\366\217|\316F\232\231\241\n\261\333`\312O\367\235\025DD\336e\367\n\312\326\221\037\025\230vG0E\002!\000\322\316e\247\274\020\267W\226w\226\202\034\007\261~\3454\343\334{\245\022""P\255\374gh\342xA\002 J\241\276.\364\221kU`k1\377\010\002G\354\231a\366\252M;\240\037Yc\202\315\357\204-{""; ","validation: """"\200\000\000\001&\000\000\000\034)/\351\253\010:p\210\265\307-\212\200\004Q\324`\214\221\314\000\211K\223+(""\200i \311\372g\254\343ZR0\224\275q\252\357\213\263\206NP\027\000\000\000\000\000\000\000\000\000\000\000\000\000\000\000\000\000\000\000\000\000\000\000\000\000\000\000\000\000\000\000\000P\031A\321\341bca\253\025\321\311\317\021\375\317\217\n\272\033o\353G>\275\361H\265\240\232um""\317s!\002\364d\217\366\217|\316F\232\231\241\n\261\333`\312O\367\235\025DD\336e\367\n\312\326\221\037\025\230vG0E\002!\000\322\316e\247\274\020\267W\226w\226\202\034\007\261~\3454\343\334{\245\022""P\255\374gh\342xA\002 J\241\276.\364\221kU`k1\377\010\002G\354\231a\366\252M;\240\037Yc\202\315\357\204-{""; "
1750527624474,1750527624475,0,1,0,1,TMValidation,"validation: """"\200\000\000\001&\000\000\000\034)/\351\253\010:p\210\265\307-\212\200\004Q\324`\214\221\314\000\211K\223+(""\200i \311\372g\254\343ZR0\224\275q\252\357\213\263\206NP\027\000\000\000\000\000\000\000\000\000\000\000\000\000\000\000\000\000\000\000\000\000\000\000\000\000\000\000\000\000\000\000\000P\031A\321\341bca\253\025\321\311\317\021\375\317\217\n\272\033o\353G>\275\361H\265\240\232um""\317s!\002\364d\217\366\217|\316F\232\231\241\n\261\333`\312O\367\235\025DD\336e\367\n\312\326\221\037\025\230vG0E\002!\000\322\316e\247\274\020\267W\226w\226\202\034\007\261~\3454\343\334{\245\022""P\255\374gh\342xA\002 J\241\276.\364\221kU`k1\377\010\002G\354\231a\366\252M;\240\037Yc\202\315\357\204-{""; ","validation: """"\200\000\000\001&\000\000\000\034)/\351\253\010:p\210\265\307-\212\200\004Q\324`\214\221\314\000\211K\223+(""\200i \311\372g\254\343ZR0\224\275q\252\357\213\263\206NP\027\000\000\000\000\000\000\000\000\000\000\000\000\000\000\000\000\000\000\000\000\000\000\000\000\000\000\000\000\000\000\000\000P\031A\321\341bca\253\025\321\311\317\021\375\317\217\n\272\033o\353G>\275\361H\265\240\232um""\317s!\002\364d\217\366\217|\316F\232\231\241\n\261\333`\312O\367\235\025DD\336e\367\n\312\326\221\037\025\230vG0E\002!\000\322\316e\247\274\020\267W\226w\226\202\034\007\261~\3454\343\334{\245\022""P\255\374gh\342xA\002 J\241\276.\364\221kU`k1\377\010\002G\354\231a\366\252M;\240\037Yc\202\315\357\204-{""; "
1750527624475,1750527624475,0,1,0,1,TMGetLedger,"itype: liBASE; ledgerHash: ""\324`\214\221\314\000\211K\223+(""\200i \311\372g\254\343ZR0\224\275q\252\357\213\263\206N""; ledgerSeq: 28; queryType: qtINDIRECT; ","itype: liBASE; ledgerHash: ""\324`\214\221\314\000\211K\223+(""\200i \311\372g\254\343ZR0\224\275q\252\357\213\263\206N""; ledgerSeq: 28; queryType: qtINDIRECT; "
1750527624475,1750527624475,0,1,0,2,TMGetLedger,"itype: liBASE; ledgerHash: ""\324`\214\221\314\000\211K\223+(""\200i \311\372g\254\343ZR0\224\275q\252\357\213\263\206N""; ledgerSeq: 28; queryType: qtINDIRECT; ","itype: liBASE; ledgerHash: ""\324`\214\221\314\000\211K\223+(""\200i \311\372g\254\343ZR0\224\275q\252\357\213\263\206N""; ledgerSeq: 28; queryType: qtINDIRECT; "
1750527624476,1750527624476,0,1,0,3,TMGetLedger,"itype: liBASE; ledgerHash: ""\324`\214\221\314\000\211K\223+(""\200i \311\372g\254\343ZR0\224\275q\252\357\213\263\206N""; ledgerSeq: 28; queryType: qtINDIRECT; ","itype: liBASE; ledgerHash: ""\324`\214\221\314\000\211K\223+(""\200i \311\372g\254\343ZR0\224\275q\252\357\213\263\206N""; ledgerSeq: 28; queryType: qtINDIRECT; "
1750527624476,1750527624476,0,1,0,4,TMGetLedger,"itype: liBASE; ledgerHash: ""\324`\214\221\314\000\211K\223+(""\200i \311\372g\254\343ZR0\224\275q\252\357\213\263\206N""; ledgerSeq: 28; queryType: qtINDIRECT; ","itype: liBASE; ledgerHash: ""\324`\214\221\314\000\211K\223+(""\200i \311\372g\254\343ZR0\224\275q\252\357\213\263\206N""; ledgerSeq: 28; queryType: qtINDIRECT; "
1750527624476,1750527624476,0,1,1,3,TMGetLedger,"itype: liBASE; ledgerHash: ""\324`\214\221\314\000\211K\223+(""\200i \311\372g\254\343ZR0\224\275q\252\357\213\263\206N""; ledgerSeq: 28; ","itype: liBASE; ledgerHash: ""\324`\214\221\314\000\211K\223+(""\200i \311\372g\254\343ZR0\224\275q\252\357\213\263\206N""; ledgerSeq: 28; "
1750527624477,1750527624477,0,1,1,2,TMGetLedger,"itype: liBASE; ledgerHash: ""\324`\214\221\314\000\211K\223+(""\200i \311\372g\254\343ZR0\224\275q\252\357\213\263\206N""; ledgerSeq: 28; ","itype: liBASE; ledgerHash: ""\324`\214\221\314\000\211K\223+(""\200i \311\372g\254\343ZR0\224\275q\252\357\213\263\206N""; ledgerSeq: 28; "
1750527624477,1750527624477,0,1,1,0,TMGetLedger,"itype: liBASE; ledgerHash: ""\324`\214\221\314\000\211K\223+(""\200i \311\372g\254\343ZR0\224\275q\252\357\213\263\206N""; ledgerSeq: 28; ","itype: liBASE; ledgerHash: ""\324`\214\221\314\000\211K\223+(""\200i \311\372g\254\343ZR0\224\275q\252\357\213\263\206N""; ledgerSeq: 28; "
1750527624477,1750527624477,0,1,1,4,TMGetLedger,"itype: liBASE; ledgerHash: ""\324`\214\221\314\000\211K\223+(""\200i \311\372g\254\343ZR0\224\275q\252\357\213\263\206N""; ledgerSeq: 28; ","itype: liBASE; ledgerHash: ""\324`\214\221\314\000\211K\223+(""\200i \311\372g\254\343ZR0\224\275q\252\357\213\263\206N""; ledgerSeq: 28; "
1750527624478,1750527624478,0,1,1,4,TMGetLedger,"itype: liBASE; ledgerHash: ""\324`\214\221\314\000\211K\223+(""\200i \311\372g\254\343ZR0\224\275q\252\357\213\263\206N""; ledgerSeq: 28; queryType: qtINDIRECT; ","itype: liBASE; ledgerHash: ""\324`\214\221\314\000\211K\223+(""\200i \311\372g\254\343ZR0\224\275q\252\357\213\263\206N""; ledgerSeq: 28; queryType: qtINDIRECT; "
1750527624478,1750527624478,0,1,1,4,TMValidation,"validation: """"\200\000\000\001&\000\000\000\034)/\351\253\010:p\210\265\307-\212\200\004Q\324`\214\221\314\000\211K\223+(""\200i \311\372g\254\343ZR0\224\275q\252\357\213\263\206NP\027\000\000\000\000\000\000\000\000\000\000\000\000\000\000\000\000\000\000\000\000\000\000\000\000\000\000\000\000\000\000\000\000P\031A\321\341bca\253\025\321\311\317\021\375\317\217\n\272\033o\353G>\275\361H\265\240\232um""\317s!\002\364d\217\366\217|\316F\232\231\241\n\261\333`\312O\367\235\025DD\336e\367\n\312\326\221\037\025\230vG0E\002!\000\322\316e\247\274\020\267W\226w\226\202\034\007\261~\3454\343\334{\245\022""P\255\374gh\342xA\002 J\241\276.\364\221kU`k1\377\010\002G\354\231a\366\252M;\240\037Yc\202\315\357\204-{""; ","validation: """"\200\000\000\001&\000\000\000\034)/\351\253\010:p\210\265\307-\212\200\004Q\324`\214\221\314\000\211K\223+(""\200i \311\372g\254\343ZR0\224\275q\252\357\213\263\206NP\027\000\000\000\000\000\000\000\000\000\000\000\000\000\000\000\000\000\000\000\000\000\000\000\000\000\000\000\000\000\000\000\000P\031A\321\341bca\253\025\321\311\317\021\375\317\217\n\272\033o\353G>\275\361H\265\240\232um""\317s!\002\364d\217\366\217|\316F\232\231\241\n\261\333`\312O\367\235\025DD\336e\367\n\312\326\221\037\025\230vG0E\002!\000\322\316e\247\274\020\267W\226w\226\202\034\007\261~\3454\343\334{\245\022""P\255\374gh\342xA\002 J\241\276.\364\221kU`k1\377\010\002G\354\231a\366\252M;\240\037Yc\202\315\357\204-{""; "
1750527624478,1750527624478,0,1,3,2,TMLedgerData,"ledgerHash: ""\324`\214\221\314\000\211K\223+(""\200i \311\372g\254\343ZR0\224\275q\252\357\213\263\206N""; ledgerSeq: 28; type: liBASE; nodes {;   nodedata: ""\000\000\000\034\001cEx]\211\377\330A\321\341bca\253\025\321\311\317\021\375\317\217\n\272\033o\353G>\275\361H\265\240\232um""\317\000\000\000\000\000\000\000\000\000\000\000\000\000\000\000\000\000\000\000\000\000\000\000\000\000\000\000\000\000\000\000\000?\332L;}{a\035\r\ryRN\036\010\004M~l\300A\201\033\251x\272\240\200\357\377\344O/\351\253\005/\351\253\006\n\000""; }; nodes {;   nodedata: ""\323C\344\327\264{\312-\017:\006{\177\344N\002\326bO\260\220\006\033\362\345\005U\221DzJ0\001\301\025%1L\307\t\261\262z\374\222T\301\274V\236\223\262\270Ct\362\337b\356\024*\324\320\351\317\002k\336\234\027v\351\217\260\303\360\233ZPZWr\246$w\313\313\r\243r\232\2234\373\3539:N\004Q\245\272D\312D\300\300\t\323\0257\345e\271\na\215{\226\255x%T\257\037\333\004\344_/R\006E\344\037@\210\363\010\336T\226\247'\204_{\261\370""1\235\2445\343\033Y!\212\201\341\272\225'\007\325U\230\376\376B\217\225'\202\025\2463\277{\221\257\021\034\276l\020s\246\235\367\001X\3370\257\025\013\003""; }; ","ledgerHash: ""\324`\214\221\314\000\211K\223+(""\200i \311\372g\254\343ZR0\224\275q\252\357\213\263\206N""; ledgerSeq: 28; type: liBASE; nodes {;   nodedata: ""\000\000\000\034\001cEx]\211\377\330A\321\341bca\253\025\321\311\317\021\375\317\217\n\272\033o\353G>\275\361H\265\240\232um""\317\000\000\000\000\000\000\000\000\000\000\000\000\000\000\000\000\000\000\000\000\000\000\000\000\000\000\000\000\000\000\000\000?\332L;}{a\035\r\ryRN\036\010\004M~l\300A\201\033\251x\272\240\200\357\377\344O/\351\253\005/\351\253\006\n\000""; }; nodes {;   nodedata: ""\323C\344\327\264{\312-\017:\006{\177\344N\002\326bO\260\220\006\033\362\345\005U\221DzJ0\001\301\025%1L\307\t\261\262z\374\222T\301\274V\236\223\262\270Ct\362\337b\356\024*\324\320\351\317\002k\336\234\027v\351\217\260\303\360\233ZPZWr\246$w\313\313\r\243r\232\2234\373\3539:N\004Q\245\272D\312D\300\300\t\323\0257\345e\271\na\215{\226\255x%T\257\037\333\004\344_/R\006E\344\037@\210\363\010\336T\226\247'\204_{\261\370""1\235\2445\343\033Y!\212\201\341\272\225'\007\325U\230\376\376B\217\225'\202\025\2463\277{\221\257\021\034\276l\020s\246\235\367\001X\3370\257\025\013\003""; }; "
1750527624479,1750527624479,0,1,4,2,TMGetLedger,"itype: liBASE; ledgerHash: ""\324`\214\221\314\000\211K\223+(""\200i \311\372g\254\343ZR0\224\275q\252\357\213\263\206N""; ","itype: liBASE; ledgerHash: ""\324`\214\221\314\000\211K\223+(""\200i \311\372g\254\343ZR0\224\275q\252\357\213\263\206N""; "
1750527624479,1750527624479,0,1,4,2,TMGetLedger,"itype: liBASE; ledgerHash: ""\324`\214\221\314\000\211K\223+(""\200i \311\372g\254\343ZR0\224\275q\252\357\213\263\206N""; queryType: qtINDIRECT; ","itype: liBASE; ledgerHash: ""\324`\214\221\314\000\211K\223+(""\200i \311\372g\254\343ZR0\224\275q\252\357\213\263\206N""; queryType: qtINDIRECT; "
1750527624479,1750527624479,0,1,1,2,TMGetLedger,"itype: liBASE; ledgerHash: ""\324`\214\221\314\000\211K\223+(""\200i \311\372g\254\343ZR0\224\275q\252\357\213\263\206N""; ledgerSeq: 28; queryType: qtINDIRECT; ","itype: liBASE; ledgerHash: ""\324`\214\221\314\000\211K\223+(""\200i \311\372g\254\343ZR0\224\275q\252\357\213\263\206N""; ledgerSeq: 28; queryType: qtINDIRECT; "
1750527624480,1750527624480,0,1,1,2,TMValidation,"validation: """"\200\000\000\001&\000\000\000\034)/\351\253\010:p\210\265\307-\212\200\004Q\324`\214\221\314\000\211K\223+(""\200i \311\372g\254\343ZR0\224\275q\252\357\213\263\206NP\027\000\000\000\000\000\000\000\000\000\000\000\000\000\000\000\000\000\000\000\000\000\000\000\000\000\000\000\000\000\000\000\000P\031A\321\341bca\253\025\321\311\317\021\375\317\217\n\272\033o\353G>\275\361H\265\240\232um""\317s!\002\364d\217\366\217|\316F\232\231\241\n\261\333`\312O\367\235\025DD\336e\367\n\312\326\221\037\025\230vG0E\002!\000\322\316e\247\274\020\267W\226w\226\202\034\007\261~\3454\343\334{\245\022""P\255\374gh\342xA\002 J\241\276.\364\221kU`k1\377\010\002G\354\231a\366\252M;\240\037Yc\202\315\357\204-{""; ","validation: """"\200\000\000\001&\000\000\000\034)/\351\253\010:p\210\265\307-\212\200\004Q\324`\214\221\314\000\211K\223+(""\200i \311\372g\254\343ZR0\224\275q\252\357\213\263\206NP\027\000\000\000\000\000\000\000\000\000\000\000\000\000\000\000\000\000\000\000\000\000\000\000\000\000\000\000\000\000\000\000\000P\031A\321\341bca\253\025\321\311\317\021\375\317\217\n\272\033o\353G>\275\361H\265\240\232um""\317s!\002\364d\217\366\217|\316F\232\231\241\n\261\333`\312O\367\235\025DD\336e\367\n\312\326\221\037\025\230vG0E\002!\000\322\316e\247\274\020\267W\226w\226\202\034\007\261~\3454\343\334{\245\022""P\255\374gh\342xA\002 J\241\276.\364\221kU`k1\377\010\002G\354\231a\366\252M;\240\037Yc\202\315\357\204-{""; "
1750527624480,1750527624480,0,1,4,3,TMGetLedger,"itype: liBASE; ledgerHash: ""\324`\214\221\314\000\211K\223+(""\200i \311\372g\254\343ZR0\224\275q\252\357\213\263\206N""; ledgerSeq: 28; requestCookie: 3; queryType: qtINDIRECT; ","itype: liBASE; ledgerHash: ""\324`\214\221\314\000\211K\223+(""\200i \311\372g\254\343ZR0\224\275q\252\357\213\263\206N""; ledgerSeq: 28; requestCookie: 3; queryType: qtINDIRECT; "
1750527624480,1750527624480,0,1,0,3,TMGetLedger,"itype: liBASE; ledgerHash: ""\324`\214\221\314\000\211K\223+(""\200i \311\372g\254\343ZR0\224\275q\252\357\213\263\206N""; ledgerSeq: 28; requestCookie: 3; queryType: qtINDIRECT; ","itype: liBASE; ledgerHash: ""\324`\214\221\314\000\211K\223+(""\200i \311\372g\254\343ZR0\224\275q\252\357\213\263\206N""; ledgerSeq: 28; requestCookie: 3; queryType: qtINDIRECT; "
1750527624481,1750527624481,0,1,3,4,TMLedgerData,"ledgerHash: ""\324`\214\221\314\000\211K\223+(""\200i \311\372g\254\343ZR0\224\275q\252\357\213\263\206N""; ledgerSeq: 28; type: liBASE; nodes {;   nodedata: ""\000\000\000\034\001cEx]\211\377\330A\321\341bca\253\025\321\311\317\021\375\317\217\n\272\033o\353G>\275\361H\265\240\232um""\317\000\000\000\000\000\000\000\000\000\000\000\000\000\000\000\000\000\000\000\000\000\000\000\000\000\000\000\000\000\000\000\000?\332L;}{a\035\r\ryRN\036\010\004M~l\300A\201\033\251x\272\240\200\357\377\344O/\351\253\005/\351\253\006\n\000""; }; nodes {;   nodedata: ""\323C\344\327\264{\312-\017:\006{\177\344N\002\326bO\260\220\006\033\362\345\005U\221DzJ0\001\301\025%1L\307\t\261\262z\374\222T\301\274V\236\223\262\270Ct\362\337b\356\024*\324\320\351\317\002k\336\234\027v\351\217\260\303\360\233ZPZWr\246$w\313\313\r\243r\232\2234\373\3539:N\004Q\245\272D\312D\300\300\t\323\0257\345e\271\na\215{\226\255x%T\257\037\333\004\344_/R\006E\344\037@\210\363\010\336T\226\247'\204_{\261\370""1\235\2445\343\033Y!\212\201\341\272\225'\007\325U\230\376\376B\217\225'\202\025\2463\277{\221\257\021\034\276l\020s\246\235\367\001X\3370\257\025\013\003""; }; ","ledgerHash: ""\324`\214\221\314\000\211K\223+(""\200i \311\372g\254\343ZR0\224\275q\252\357\213\263\206N""; ledgerSeq: 28; type: liBASE; nodes {;   nodedata: ""\000\000\000\034\001cEx]\211\377\330A\321\341bca\253\025\321\311\317\021\375\317\217\n\272\033o\353G>\275\361H\265\240\232um""\317\000\000\000\000\000\000\000\000\000\000\000\000\000\000\000\000\000\000\000\000\000\000\000\000\000\000\000\000\000\000\000\000?\332L;}{a\035\r\ryRN\036\010\004M~l\300A\201\033\251x\272\240\200\357\377\344O/\351\253\005/\351\253\006\n\000""; }; nodes {;   nodedata: ""\323C\344\327\264{\312-\017:\006{\177\344N\002\326bO\260\220\006\033\362\345\005U\221DzJ0\001\301\025%1L\307\t\261\262z\374\222T\301\274V\236\223\262\270Ct\362\337b\356\024*\324\320\351\317\002k\336\234\027v\351\217\260\303\360\233ZPZWr\246$w\313\313\r\243r\232\2234\373\3539:N\004Q\245\272D\312D\300\300\t\323\0257\345e\271\na\215{\226\255x%T\257\037\333\004\344_/R\006E\344\037@\210\363\010\336T\226\247'\204_{\261\370""1\235\2445\343\033Y!\212\201\341\272\225'\007\325U\230\376\376B\217\225'\202\025\2463\277{\221\257\021\034\276l\020s\246\235\367\001X\3370\257\025\013\003""; }; "
1750527624481,1750527624481,0,1,3,4,TMLedgerData,"ledgerHash: ""\324`\214\221\314\000\211K\223+(""\200i \311\372g\254\343ZR0\224\275q\252\357\213\263\206N""; ledgerSeq: 28; type: liBASE; nodes {;   nodedata: ""\000\000\000\034\001cEx]\211\377\330A\321\341bca\253\025\321\311\317\021\375\317\217\n\272\033o\353G>\275\361H\265\240\232um""\317\000\000\000\000\000\000\000\000\000\000\000\000\000\000\000\000\000\000\000\000\000\000\000\000\000\000\000\000\000\000\000\000?\332L;}{a\035\r\ryRN\036\010\004M~l\300A\201\033\251x\272\240\200\357\377\344O/\351\253\005/\351\253\006\n\000""; }; nodes {;   nodedata: ""\323C\344\327\264{\312-\017:\006{\177\344N\002\326bO\260\220\006\033\362\345\005U\221DzJ0\001\301\025%1L\307\t\261\262z\374\222T\301\274V\236\223\262\270Ct\362\337b\356\024*\324\320\351\317\002k\336\234\027v\351\217\260\303\360\233ZPZWr\246$w\313\313\r\243r\232\2234\373\3539:N\004Q\245\272D\312D\300\300\t\323\0257\345e\271\na\215{\226\255x%T\257\037\333\004\344_/R\006E\344\037@\210\363\010\336T\226\247'\204_{\261\370""1\235\2445\343\033Y!\212\201\341\272\225'\007\325U\230\376\376B\217\225'\202\025\2463\277{\221\257\021\034\276l\020s\246\235\367\001X\3370\257\025\013\003""; }; ","ledgerHash: ""\324`\214\221\314\000\211K\223+(""\200i \311\372g\254\343ZR0\224\275q\252\357\213\263\206N""; ledgerSeq: 28; type: liBASE; nodes {;   nodedata: ""\000\000\000\034\001cEx]\211\377\330A\321\341bca\253\025\321\311\317\021\375\317\217\n\272\033o\353G>\275\361H\265\240\232um""\317\000\000\000\000\000\000\000\000\000\000\000\000\000\000\000\000\000\000\000\000\000\000\000\000\000\000\000\000\000\000\000\000?\332L;}{a\035\r\ryRN\036\010\004M~l\300A\201\033\251x\272\240\200\357\377\344O/\351\253\005/\351\253\006\n\000""; }; nodes {;   nodedata: ""\323C\344\327\264{\312-\017:\006{\177\344N\002\326bO\260\220\006\033\362\345\005U\221DzJ0\001\301\025%1L\307\t\261\262z\374\222T\301\274V\236\223\262\270Ct\362\337b\356\024*\324\320\351\317\002k\336\234\027v\351\217\260\303\360\233ZPZWr\246$w\313\313\r\243r\232\2234\373\3539:N\004Q\245\272D\312D\300\300\t\323\0257\345e\271\na\215{\226\255x%T\257\037\333\004\344_/R\006E\344\037@\210\363\010\336T\226\247'\204_{\261\370""1\235\2445\343\033Y!\212\201\341\272\225'\007\325U\230\376\376B\217\225'\202\025\2463\277{\221\257\021\034\276l\020s\246\235\367\001X\3370\257\025\013\003""; }; "
1750527624482,1750527624482,0,1,1,0,TMGetLedger,"itype: liBASE; ledgerHash: ""\324`\214\221\314\000\211K\223+(""\200i \311\372g\254\343ZR0\224\275q\252\357\213\263\206N""; ledgerSeq: 28; queryType: qtINDIRECT; ","itype: liBASE; ledgerHash: ""\324`\214\221\314\000\211K\223+(""\200i \311\372g\254\343ZR0\224\275q\252\357\213\263\206N""; ledgerSeq: 28; queryType: qtINDIRECT; "
1750527624482,1750527624482,0,1,1,0,TMValidation,"validation: """"\200\000\000\001&\000\000\000\034)/\351\253\010:p\210\265\307-\212\200\004Q\324`\214\221\314\000\211K\223+(""\200i \311\372g\254\343ZR0\224\275q\252\357\213\263\206NP\027\000\000\000\000\000\000\000\000\000\000\000\000\000\000\000\000\000\000\000\000\000\000\000\000\000\000\000\000\000\000\000\000P\031A\321\341bca\253\025\321\311\317\021\375\317\217\n\272\033o\353G>\275\361H\265\240\232um""\317s!\002\364d\217\366\217|\316F\232\231\241\n\261\333`\312O\367\235\025DD\336e\367\n\312\326\221\037\025\230vG0E\002!\000\322\316e\247\274\020\267W\226w\226\202\034\007\261~\3454\343\334{\245\022""P\255\374gh\342xA\002 J\241\276.\364\221kU`k1\377\010\002G\354\231a\366\252M;\240\037Yc\202\315\357\204-{""; ","validation: """"\200\000\000\001&\000\000\000\034)/\351\253\010:p\210\265\307-\212\200\004Q\324`\214\221\314\000\211K\223+(""\200i \311\372g\254\343ZR0\224\275q\252\357\213\263\206NP\027\000\000\000\000\000\000\000\000\000\000\000\000\000\000\000\000\000\000\000\000\000\000\000\000\000\000\000\000\000\000\000\000P\031A\321\341bca\253\025\321\311\317\021\375\317\217\n\272\033o\353G>\275\361H\265\240\232um""\317s!\002\364d\217\366\217|\316F\232\231\241\n\261\333`\312O\367\235\025DD\336e\367\n\312\326\221\037\025\230vG0E\002!\000\322\316e\247\274\020\267W\226w\226\202\034\007\261~\3454\343\334{\245\022""P\255\374gh\342xA\002 J\241\276.\364\221kU`k1\377\010\002G\354\231a\366\252M;\240\037Yc\202\315\357\204-{""; "
1750527624482,1750527624483,0,1,3,0,TMLedgerData,"ledgerHash: ""\324`\214\221\314\000\211K\223+(""\200i \311\372g\254\343ZR0\224\275q\252\357\213\263\206N""; ledgerSeq: 28; type: liBASE; nodes {;   nodedata: ""\000\000\000\034\001cEx]\211\377\330A\321\341bca\253\025\321\311\317\021\375\317\217\n\272\033o\353G>\275\361H\265\240\232um""\317\000\000\000\000\000\000\000\000\000\000\000\000\000\000\000\000\000\000\000\000\000\000\000\000\000\000\000\000\000\000\000\000?\332L;}{a\035\r\ryRN\036\010\004M~l\300A\201\033\251x\272\240\200\357\377\344O/\351\253\005/\351\253\006\n\000""; }; nodes {;   nodedata: ""\323C\344\327\264{\312-\017:\006{\177\344N\002\326bO\260\220\006\033\362\345\005U\221DzJ0\001\301\025%1L\307\t\261\262z\374\222T\301\274V\236\223\262\270Ct\362\337b\356\024*\324\320\351\317\002k\336\234\027v\351\217\260\303\360\233ZPZWr\246$w\313\313\r\243r\232\2234\373\3539:N\004Q\245\272D\312D\300\300\t\323\0257\345e\271\na\215{\226\255x%T\257\037\333\004\344_/R\006E\344\037@\210\363\010\336T\226\247'\204_{\261\370""1\235\2445\343\033Y!\212\201\341\272\225'\007\325U\230\376\376B\217\225'\202\025\2463\277{\221\257\021\034\276l\020s\246\235\367\001X\3370\257\025\013\003""; }; ","ledgerHash: ""\324`\214\221\314\000\211K\223+(""\200i \311\372g\254\343ZR0\224\275q\252\357\213\263\206N""; ledgerSeq: 28; type: liBASE; nodes {;   nodedata: ""\000\000\000\034\001cEx]\211\377\330A\321\341bca\253\025\321\311\317\021\375\317\217\n\272\033o\353G>\275\361H\265\240\232um""\317\000\000\000\000\000\000\000\000\000\000\000\000\000\000\000\000\000\000\000\000\000\000\000\000\000\000\000\000\000\000\000\000?\332L;}{a\035\r\ryRN\036\010\004M~l\300A\201\033\251x\272\240\200\357\377\344O/\351\253\005/\351\253\006\n\000""; }; nodes {;   nodedata: ""\323C\344\327\264{\312-\017:\006{\177\344N\002\326bO\260\220\006\033\362\345\005U\221DzJ0\001\301\025%1L\307\t\261\262z\374\222T\301\274V\236\223\262\270Ct\362\337b\356\024*\324\320\351\317\002k\336\234\027v\351\217\260\303\360\233ZPZWr\246$w\313\313\r\243r\232\2234\373\3539:N\004Q\245\272D\312D\300\300\t\323\0257\345e\271\na\215{\226\255x%T\257\037\333\004\344_/R\006E\344\037@\210\363\010\336T\226\247'\204_{\261\370""1\235\2445\343\033Y!\212\201\341\272\225'\007\325U\230\376\376B\217\225'\202\025\2463\277{\221\257\021\034\276l\020s\246\235\367\001X\3370\257\025\013\003""; }; "
1750527624483,1750527624483,0,1,3,0,TMLedgerData,"ledgerHash: ""\324`\214\221\314\000\211K\223+(""\200i \311\372g\254\343ZR0\224\275q\252\357\213\263\206N""; ledgerSeq: 28; type: liBASE; nodes {;   nodedata: ""\000\000\000\034\001cEx]\211\377\330A\321\341bca\253\025\321\311\317\021\375\317\217\n\272\033o\353G>\275\361H\265\240\232um""\317\000\000\000\000\000\000\000\000\000\000\000\000\000\000\000\000\000\000\000\000\000\000\000\000\000\000\000\000\000\000\000\000?\332L;}{a\035\r\ryRN\036\010\004M~l\300A\201\033\251x\272\240\200\357\377\344O/\351\253\005/\351\253\006\n\000""; }; nodes {;   nodedata: ""\323C\344\327\264{\312-\017:\006{\177\344N\002\326bO\260\220\006\033\362\345\005U\221DzJ0\001\301\025%1L\307\t\261\262z\374\222T\301\274V\236\223\262\270Ct\362\337b\356\024*\324\320\351\317\002k\336\234\027v\351\217\260\303\360\233ZPZWr\246$w\313\313\r\243r\232\2234\373\3539:N\004Q\245\272D\312D\300\300\t\323\0257\345e\271\na\215{\226\255x%T\257\037\333\004\344_/R\006E\344\037@\210\363\010\336T\226\247'\204_{\261\370""1\235\2445\343\033Y!\212\201\341\272\225'\007\325U\230\376\376B\217\225'\202\025\2463\277{\221\257\021\034\276l\020s\246\235\367\001X\3370\257\025\013\003""; }; ","ledgerHash: ""\324`\214\221\314\000\211K\223+(""\200i \311\372g\254\343ZR0\224\275q\252\357\213\263\206N""; ledgerSeq: 28; type: liBASE; nodes {;   nodedata: ""\000\000\000\034\001cEx]\211\377\330A\321\341bca\253\025\321\311\317\021\375\317\217\n\272\033o\353G>\275\361H\265\240\232um""\317\000\000\000\000\000\000\000\000\000\000\000\000\000\000\000\000\000\000\000\000\000\000\000\000\000\000\000\000\000\000\000\000?\332L;}{a\035\r\ryRN\036\010\004M~l\300A\201\033\251x\272\240\200\357\377\344O/\351\253\005/\351\253\006\n\000""; }; nodes {;   nodedata: ""\323C\344\327\264{\312-\017:\006{\177\344N\002\326bO\260\220\006\033\362\345\005U\221DzJ0\001\301\025%1L\307\t\261\262z\374\222T\301\274V\236\223\262\270Ct\362\337b\356\024*\324\320\351\317\002k\336\234\027v\351\217\260\303\360\233ZPZWr\246$w\313\313\r\243r\232\2234\373\3539:N\004Q\245\272D\312D\300\300\t\323\0257\345e\271\na\215{\226\255x%T\257\037\333\004\344_/R\006E\344\037@\210\363\010\336T\226\247'\204_{\261\370""1\235\2445\343\033Y!\212\201\341\272\225'\007\325U\230\376\376B\217\225'\202\025\2463\277{\221\257\021\034\276l\020s\246\235\367\001X\3370\257\025\013\003""; }; "
1750527624484,1750527624484,0,1,4,3,TMGetLedger,"itype: liBASE; ledgerHash: ""\324`\214\221\314\000\211K\223+(""\200i \311\372g\254\343ZR0\224\275q\252\357\213\263\206N""; ledgerSeq: 28; requestCookie: 1; queryType: qtINDIRECT; ","itype: liBASE; ledgerHash: ""\324`\214\221\314\000\211K\223+(""\200i \311\372g\254\343ZR0\224\275q\252\357\213\263\206N""; ledgerSeq: 28; requestCookie: 1; queryType: qtINDIRECT; "
1750527624484,1750527624484,0,1,3,1,TMLedgerData,"ledgerHash: ""\324`\214\221\314\000\211K\223+(""\200i \311\372g\254\343ZR0\224\275q\252\357\213\263\206N""; ledgerSeq: 28; type: liBASE; nodes {;   nodedata: ""\000\000\000\034\001cEx]\211\377\330A\321\341bca\253\025\321\311\317\021\375\317\217\n\272\033o\353G>\275\361H\265\240\232um""\317\000\000\000\000\000\000\000\000\000\000\000\000\000\000\000\000\000\000\000\000\000\000\000\000\000\000\000\000\000\000\000\000?\332L;}{a\035\r\ryRN\036\010\004M~l\300A\201\033\251x\272\240\200\357\377\344O/\351\253\005/\351\253\006\n\000""; }; nodes {;   nodedata: ""\323C\344\327\264{\312-\017:\006{\177\344N\002\326bO\260\220\006\033\362\345\005U\221DzJ0\001\301\025%1L\307\t\261\262z\374\222T\301\274V\236\223\262\270Ct\362\337b\356\024*\324\320\351\317\002k\336\234\027v\351\217\260\303\360\233ZPZWr\246$w\313\313\r\243r\232\2234\373\3539:N\004Q\245\272D\312D\300\300\t\323\0257\345e\271\na\215{\226\255x%T\257\037\333\004\344_/R\006E\344\037@\210\363\010\336T\226\247'\204_{\261\370""1\235\2445\343\033Y!\212\201\341\272\225'\007\325U\230\376\376B\217\225'\202\025\2463\277{\221\257\021\034\276l\020s\246\235\367\001X\3370\257\025\013\003""; }; ","ledgerHash: ""\324`\214\221\314\000\211K\223+(""\200i \311\372g\254\343ZR0\224\275q\252\357\213\263\206N""; ledgerSeq: 28; type: liBASE; nodes {;   nodedata: ""\000\000\000\034\001cEx]\211\377\330A\321\341bca\253\025\321\311\317\021\375\317\217\n\272\033o\353G>\275\361H\265\240\232um""\317\000\000\000\000\000\000\000\000\000\000\000\000\000\000\000\000\000\000\000\000\000\000\000\000\000\000\000\000\000\000\000\000?\332L;}{a\035\r\ryRN\036\010\004M~l\300A\201\033\251x\272\240\200\357\377\344O/\351\253\005/\351\253\006\n\000""; }; nodes {;   nodedata: ""\323C\344\327\264{\312-\017:\006{\177\344N\002\326bO\260\220\006\033\362\345\005U\221DzJ0\001\301\025%1L\307\t\261\262z\374\222T\301\274V\236\223\262\270Ct\362\337b\356\024*\324\320\351\317\002k\336\234\027v\351\217\260\303\360\233ZPZWr\246$w\313\313\r\243r\232\2234\373\3539:N\004Q\245\272D\312D\300\300\t\323\0257\345e\271\na\215{\226\255x%T\257\037\333\004\344_/R\006E\344\037@\210\363\010\336T\226\247'\204_{\261\370""1\235\2445\343\033Y!\212\201\341\272\225'\007\325U\230\376\376B\217\225'\202\025\2463\277{\221\257\021\034\276l\020s\246\235\367\001X\3370\257\025\013\003""; }; "
1750527624484,1750527624484,0,1,4,3,TMGetLedger,"itype: liBASE; ledgerHash: ""\324`\214\221\314\000\211K\223+(""\200i \311\372g\254\343ZR0\224\275q\252\357\213\263\206N""; ledgerSeq: 28; requestCookie: 2; queryType: qtINDIRECT; ","itype: liBASE; ledgerHash: ""\324`\214\221\314\000\211K\223+(""\200i \311\372g\254\343ZR0\224\275q\252\357\213\263\206N""; ledgerSeq: 28; requestCookie: 2; queryType: qtINDIRECT; "
1750527624484,1750527624484,0,1,2,3,TMGetLedger,"itype: liBASE; ledgerHash: ""\324`\214\221\314\000\211K\223+(""\200i \311\372g\254\343ZR0\224\275q\252\357\213\263\206N""; ledgerSeq: 28; requestCookie: 2; queryType: qtINDIRECT; ","itype: liBASE; ledgerHash: ""\324`\214\221\314\000\211K\223+(""\200i \311\372g\254\343ZR0\224\275q\252\357\213\263\206N""; ledgerSeq: 28; requestCookie: 2; queryType: qtINDIRECT; "
1750527624485,1750527624485,0,1,2,3,TMGetLedger,"itype: liBASE; ledgerHash: ""\324`\214\221\314\000\211K\223+(""\200i \311\372g\254\343ZR0\224\275q\252\357\213\263\206N""; ledgerSeq: 28; queryType: qtINDIRECT; ","itype: liBASE; ledgerHash: ""\324`\214\221\314\000\211K\223+(""\200i \311\372g\254\343ZR0\224\275q\252\357\213\263\206N""; ledgerSeq: 28; queryType: qtINDIRECT; "
1750527624485,1750527624485,0,1,3,4,TMLedgerData,"ledgerHash: ""\324`\214\221\314\000\211K\223+(""\200i \311\372g\254\343ZR0\224\275q\252\357\213\263\206N""; ledgerSeq: 28; type: liBASE; nodes {;   nodedata: ""\000\000\000\034\001cEx]\211\377\330A\321\341bca\253\025\321\311\317\021\375\317\217\n\272\033o\353G>\275\361H\265\240\232um""\317\000\000\000\000\000\000\000\000\000\000\000\000\000\000\000\000\000\000\000\000\000\000\000\000\000\000\000\000\000\000\000\000?\332L;}{a\035\r\ryRN\036\010\004M~l\300A\201\033\251x\272\240\200\357\377\344O/\351\253\005/\351\253\006\n\000""; }; nodes {;   nodedata: ""\323C\344\327\264{\312-\017:\006{\177\344N\002\326bO\260\220\006\033\362\345\005U\221DzJ0\001\301\025%1L\307\t\261\262z\374\222T\301\274V\236\223\262\270Ct\362\337b\356\024*\324\320\351\317\002k\336\234\027v\351\217\260\303\360\233ZPZWr\246$w\313\313\r\243r\232\2234\373\3539:N\004Q\245\272D\312D\300\300\t\323\0257\345e\271\na\215{\226\255x%T\257\037\333\004\344_/R\006E\344\037@\210\363\010\336T\226\247'\204_{\261\370""1\235\2445\343\033Y!\212\201\341\272\225'\007\325U\230\376\376B\217\225'\202\025\2463\277{\221\257\021\034\276l\020s\246\235\367\001X\3370\257\025\013\003""; }; requestCookie: 3; ","ledgerHash: ""\324`\214\221\314\000\211K\223+(""\200i \311\372g\254\343ZR0\224\275q\252\357\213\263\206N""; ledgerSeq: 28; type: liBASE; nodes {;   nodedata: ""\000\000\000\034\001cEx]\211\377\330A\321\341bca\253\025\321\311\317\021\375\317\217\n\272\033o\353G>\275\361H\265\240\232um""\317\000\000\000\000\000\000\000\000\000\000\000\000\000\000\000\000\000\000\000\000\000\000\000\000\000\000\000\000\000\000\000\000?\332L;}{a\035\r\ryRN\036\010\004M~l\300A\201\033\251x\272\240\200\357\377\344O/\351\253\005/\351\253\006\n\000""; }; nodes {;   nodedata: ""\323C\344\327\264{\312-\017:\006{\177\344N\002\326bO\260\220\006\033\362\345\005U\221DzJ0\001\301\025%1L\307\t\261\262z\374\222T\301\274V\236\223\262\270Ct\362\337b\356\024*\324\320\351\317\002k\336\234\027v\351\217\260\303\360\233ZPZWr\246$w\313\313\r\243r\232\2234\373\3539:N\004Q\245\272D\312D\300\300\t\323\0257\345e\271\na\215{\226\255x%T\257\037\333\004\344_/R\006E\344\037@\210\363\010\336T\226\247'\204_{\261\370""1\235\2445\343\033Y!\212\201\341\272\225'\007\325U\230\376\376B\217\225'\202\025\2463\277{\221\257\021\034\276l\020s\246\235\367\001X\3370\257\025\013\003""; }; requestCookie: 3; "
1750527624486,1750527624486,0,1,3,0,TMLedgerData,"ledgerHash: ""\324`\214\221\314\000\211K\223+(""\200i \311\372g\254\343ZR0\224\275q\252\357\213\263\206N""; ledgerSeq: 28; type: liBASE; nodes {;   nodedata: ""\000\000\000\034\001cEx]\211\377\330A\321\341bca\253\025\321\311\317\021\375\317\217\n\272\033o\353G>\275\361H\265\240\232um""\317\000\000\000\000\000\000\000\000\000\000\000\000\000\000\000\000\000\000\000\000\000\000\000\000\000\000\000\000\000\000\000\000?\332L;}{a\035\r\ryRN\036\010\004M~l\300A\201\033\251x\272\240\200\357\377\344O/\351\253\005/\351\253\006\n\000""; }; nodes {;   nodedata: ""\323C\344\327\264{\312-\017:\006{\177\344N\002\326bO\260\220\006\033\362\345\005U\221DzJ0\001\301\025%1L\307\t\261\262z\374\222T\301\274V\236\223\262\270Ct\362\337b\356\024*\324\320\351\317\002k\336\234\027v\351\217\260\303\360\233ZPZWr\246$w\313\313\r\243r\232\2234\373\3539:N\004Q\245\272D\312D\300\300\t\323\0257\345e\271\na\215{\226\255x%T\257\037\333\004\344_/R\006E\344\037@\210\363\010\336T\226\247'\204_{\261\370""1\235\2445\343\033Y!\212\201\341\272\225'\007\325U\230\376\376B\217\225'\202\025\2463\277{\221\257\021\034\276l\020s\246\235\367\001X\3370\257\025\013\003""; }; requestCookie: 3; ","ledgerHash: ""\324`\214\221\314\000\211K\223+(""\200i \311\372g\254\343ZR0\224\275q\252\357\213\263\206N""; ledgerSeq: 28; type: liBASE; nodes {;   nodedata: ""\000\000\000\034\001cEx]\211\377\330A\321\341bca\253\025\321\311\317\021\375\317\217\n\272\033o\353G>\275\361H\265\240\232um""\317\000\000\000\000\000\000\000\000\000\000\000\000\000\000\000\000\000\000\000\000\000\000\000\000\000\000\000\000\000\000\000\000?\332L;}{a\035\r\ryRN\036\010\004M~l\300A\201\033\251x\272\240\200\357\377\344O/\351\253\005/\351\253\006\n\000""; }; nodes {;   nodedata: ""\323C\344\327\264{\312-\017:\006{\177\344N\002\326bO\260\220\006\033\362\345\005U\221DzJ0\001\301\025%1L\307\t\261\262z\374\222T\301\274V\236\223\262\270Ct\362\337b\356\024*\324\320\351\317\002k\336\234\027v\351\217\260\303\360\233ZPZWr\246$w\313\313\r\243r\232\2234\373\3539:N\004Q\245\272D\312D\300\300\t\323\0257\345e\271\na\215{\226\255x%T\257\037\333\004\344_/R\006E\344\037@\210\363\010\336T\226\247'\204_{\261\370""1\235\2445\343\033Y!\212\201\341\272\225'\007\325U\230\376\376B\217\225'\202\025\2463\277{\221\257\021\034\276l\020s\246\235\367\001X\3370\257\025\013\003""; }; requestCookie: 3; "
1750527624486,1750527624486,0,1,4,3,TMGetLedger,"itype: liAS_NODE; ledgerHash: ""\324`\214\221\314\000\211K\223+(""\200i \311\372g\254\343ZR0\224\275q\252\357\213\263\206N""; ledgerSeq: 28; nodeIDs: ""\260\000\000\000\000\000\000\000\000\000\000\000\000\000\000\000\000\000\000\000\000\000\000\000\000\000\000\000\000\000\000\000\001""; queryType: qtINDIRECT; queryDepth: 1; ","itype: liAS_NODE; ledgerHash: ""\324`\214\221\314\000\211K\223+(""\200i \311\372g\254\343ZR0\224\275q\252\357\213\263\206N""; ledgerSeq: 28; nodeIDs: ""\260\000\000\000\000\000\000\000\000\000\000\000\000\000\000\000\000\000\000\000\000\000\000\000\000\000\000\000\000\000\000\000\001""; queryType: qtINDIRECT; queryDepth: 1; "
1750527624487,1750527624487,0,1,0,3,TMGetLedger,"itype: liBASE; ledgerHash: ""\324`\214\221\314\000\211K\223+(""\200i \311\372g\254\343ZR0\224\275q\252\357\213\263\206N""; ledgerSeq: 28; requestCookie: 2; queryType: qtINDIRECT; ","itype: liBASE; ledgerHash: ""\324`\214\221\314\000\211K\223+(""\200i \311\372g\254\343ZR0\224\275q\252\357\213\263\206N""; ledgerSeq: 28; requestCookie: 2; queryType: qtINDIRECT; "
1750527624487,1750527624487,0,1,0,3,TMGetLedger,"itype: liBASE; ledgerHash: ""\324`\214\221\314\000\211K\223+(""\200i \311\372g\254\343ZR0\224\275q\252\357\213\263\206N""; requestCookie: 5; queryType: qtINDIRECT; ","itype: liBASE; ledgerHash: ""\324`\214\221\314\000\211K\223+(""\200i \311\372g\254\343ZR0\224\275q\252\357\213\263\206N""; requestCookie: 5; queryType: qtINDIRECT; "
1750527624488,1750527624488,0,1,0,3,TMGetLedger,"itype: liAS_NODE; ledgerHash: ""\324`\214\221\314\000\211K\223+(""\200i \311\372g\254\343ZR0\224\275q\252\357\213\263\206N""; ledgerSeq: 28; nodeIDs: ""\260\000\000\000\000\000\000\000\000\000\000\000\000\000\000\000\000\000\000\000\000\000\000\000\000\000\000\000\000\000\000\000\001""; queryType: qtINDIRECT; queryDepth: 1; ","itype: liAS_NODE; ledgerHash: ""\324`\214\221\314\000\211K\223+(""\200i \311\372g\254\343ZR0\224\275q\252\357\213\263\206N""; ledgerSeq: 28; nodeIDs: ""\260\000\000\000\000\000\000\000\000\000\000\000\000\000\000\000\000\000\000\000\000\000\000\000\000\000\000\000\000\000\000\000\001""; queryType: qtINDIRECT; queryDepth: 1; "
1750527624488,1750527624488,0,1,3,4,TMLedgerData,"ledgerHash: ""\324`\214\221\314\000\211K\223+(""\200i \311\372g\254\343ZR0\224\275q\252\357\213\263\206N""; ledgerSeq: 28; type: liBASE; nodes {;   nodedata: ""\000\000\000\034\001cEx]\211\377\330A\321\341bca\253\025\321\311\317\021\375\317\217\n\272\033o\353G>\275\361H\265\240\232um""\317\000\000\000\000\000\000\000\000\000\000\000\000\000\000\000\000\000\000\000\000\000\000\000\000\000\000\000\000\000\000\000\000?\332L;}{a\035\r\ryRN\036\010\004M~l\300A\201\033\251x\272\240\200\357\377\344O/\351\253\005/\351\253\006\n\000""; }; nodes {;   nodedata: ""\323C\344\327\264{\312-\017:\006{\177\344N\002\326bO\260\220\006\033\362\345\005U\221DzJ0\001\301\025%1L\307\t\261\262z\374\222T\301\274V\236\223\262\270Ct\362\337b\356\024*\324\320\351\317\002k\336\234\027v\351\217\260\303\360\233ZPZWr\246$w\313\313\r\243r\232\2234\373\3539:N\004Q\245\272D\312D\300\300\t\323\0257\345e\271\na\215{\226\255x%T\257\037\333\004\344_/R\006E\344\037@\210\363\010\336T\226\247'\204_{\261\370""1\235\2445\343\033Y!\212\201\341\272\225'\007\325U\230\376\376B\217\225'\202\025\2463\277{\221\257\021\034\276l\020s\246\235\367\001X\3370\257\025\013\003""; }; requestCookie: 1; ","ledgerHash: ""\324`\214\221\314\000\211K\223+(""\200i \311\372g\254\343ZR0\224\275q\252\357\213\263\206N""; ledgerSeq: 28; type: liBASE; nodes {;   nodedata: ""\000\000\000\034\001cEx]\211\377\330A\321\341bca\253\025\321\311\317\021\375\317\217\n\272\033o\353G>\275\361H\265\240\232um""\317\000\000\000\000\000\000\000\000\000\000\000\000\000\000\000\000\000\000\000\000\000\000\000\000\000\000\000\000\000\000\000\000?\332L;}{a\035\r\ryRN\036\010\004M~l\300A\201\033\251x\272\240\200\357\377\344O/\351\253\005/\351\253\006\n\000""; }; nodes {;   nodedata: ""\323C\344\327\264{\312-\017:\006{\177\344N\002\326bO\260\220\006\033\362\345\005U\221DzJ0\001\301\025%1L\307\t\261\262z\374\222T\301\274V\236\223\262\270Ct\362\337b\356\024*\324\320\351\317\002k\336\234\027v\351\217\260\303\360\233ZPZWr\246$w\313\313\r\243r\232\2234\373\3539:N\004Q\245\272D\312D\300\300\t\323\0257\345e\271\na\215{\226\255x%T\257\037\333\004\344_/R\006E\344\037@\210\363\010\336T\226\247'\204_{\261\370""1\235\2445\343\033Y!\212\201\341\272\225'\007\325U\230\376\376B\217\225'\202\025\2463\277{\221\257\021\034\276l\020s\246\235\367\001X\3370\257\025\013\003""; }; requestCookie: 1; "
1750527624489,1750527624489,0,1,1,3,TMGetLedger,"itype: liBASE; ledgerHash: ""\324`\214\221\314\000\211K\223+(""\200i \311\372g\254\343ZR0\224\275q\252\357\213\263\206N""; ledgerSeq: 28; queryType: qtINDIRECT; ","itype: liBASE; ledgerHash: ""\324`\214\221\314\000\211K\223+(""\200i \311\372g\254\343ZR0\224\275q\252\357\213\263\206N""; ledgerSeq: 28; queryType: qtINDIRECT; "
1750527624489,1750527624489,0,1,1,3,TMGetLedger,"itype: liBASE; ledgerHash: ""\324`\214\221\314\000\211K\223+(""\200i \311\372g\254\343ZR0\224\275q\252\357\213\263\206N""; ledgerSeq: 28; requestCookie: 3; queryType: qtINDIRECT; ","itype: liBASE; ledgerHash: ""\324`\214\221\314\000\211K\223+(""\200i \311\372g\254\343ZR0\224\275q\252\357\213\263\206N""; ledgerSeq: 28; requestCookie: 3; queryType: qtINDIRECT; "
1750527624490,1750527624490,0,1,1,3,TMGetLedger,"itype: liBASE; ledgerHash: ""\324`\214\221\314\000\211K\223+(""\200i \311\372g\254\343ZR0\224\275q\252\357\213\263\206N""; requestCookie: 5; queryType: qtINDIRECT; ","itype: liBASE; ledgerHash: ""\324`\214\221\314\000\211K\223+(""\200i \311\372g\254\343ZR0\224\275q\252\357\213\263\206N""; requestCookie: 5; queryType: qtINDIRECT; "
1750527624490,1750527624490,0,1,1,3,TMGetLedger,"itype: liBASE; ledgerHash: ""\324`\214\221\314\000\211K\223+(""\200i \311\372g\254\343ZR0\224\275q\252\357\213\263\206N""; ledgerSeq: 28; requestCookie: 2; queryType: qtINDIRECT; ","itype: liBASE; ledgerHash: ""\324`\214\221\314\000\211K\223+(""\200i \311\372g\254\343ZR0\224\275q\252\357\213\263\206N""; ledgerSeq: 28; requestCookie: 2; queryType: qtINDIRECT; "
1750527624490,1750527624490,0,1,3,4,TMLedgerData,"ledgerHash: ""\324`\214\221\314\000\211K\223+(""\200i \311\372g\254\343ZR0\224\275q\252\357\213\263\206N""; ledgerSeq: 28; type: liBASE; nodes {;   nodedata: ""\000\000\000\034\001cEx]\211\377\330A\321\341bca\253\025\321\311\317\021\375\317\217\n\272\033o\353G>\275\361H\265\240\232um""\317\000\000\000\000\000\000\000\000\000\000\000\000\000\000\000\000\000\000\000\000\000\000\000\000\000\000\000\000\000\000\000\000?\332L;}{a\035\r\ryRN\036\010\004M~l\300A\201\033\251x\272\240\200\357\377\344O/\351\253\005/\351\253\006\n\000""; }; nodes {;   nodedata: ""\323C\344\327\264{\312-\017:\006{\177\344N\002\326bO\260\220\006\033\362\345\005U\221DzJ0\001\301\025%1L\307\t\261\262z\374\222T\301\274V\236\223\262\270Ct\362\337b\356\024*\324\320\351\317\002k\336\234\027v\351\217\260\303\360\233ZPZWr\246$w\313\313\r\243r\232\2234\373\3539:N\004Q\245\272D\312D\300\300\t\323\0257\345e\271\na\215{\226\255x%T\257\037\333\004\344_/R\006E\344\037@\210\363\010\336T\226\247'\204_{\261\370""1\235\2445\343\033Y!\212\201\341\272\225'\007\325U\230\376\376B\217\225'\202\025\2463\277{\221\257\021\034\276l\020s\246\235\367\001X\3370\257\025\013\003""; }; requestCookie: 2; ","ledgerHash: ""\324`\214\221\314\000\211K\223+(""\200i \311\372g\254\343ZR0\224\275q\252\357\213\263\206N""; ledgerSeq: 28; type: liBASE; nodes {;   nodedata: ""\000\000\000\034\001cEx]\211\377\330A\321\341bca\253\025\321\311\317\021\375\317\217\n\272\033o\353G>\275\361H\265\240\232um""\317\000\000\000\000\000\000\000\000\000\000\000\000\000\000\000\000\000\000\000\000\000\000\000\000\000\000\000\000\000\000\000\000?\332L;}{a\035\r\ryRN\036\010\004M~l\300A\201\033\251x\272\240\200\357\377\344O/\351\253\005/\351\253\006\n\000""; }; nodes {;   nodedata: ""\323C\344\327\264{\312-\017:\006{\177\344N\002\326bO\260\220\006\033\362\345\005U\221DzJ0\001\301\025%1L\307\t\261\262z\374\222T\301\274V\236\223\262\270Ct\362\337b\356\024*\324\320\351\317\002k\336\234\027v\351\217\260\303\360\233ZPZWr\246$w\313\313\r\243r\232\2234\373\3539:N\004Q\245\272D\312D\300\300\t\323\0257\345e\271\na\215{\226\255x%T\257\037\333\004\344_/R\006E\344\037@\210\363\010\336T\226\247'\204_{\261\370""1\235\2445\343\033Y!\212\201\341\272\225'\007\325U\230\376\376B\217\225'\202\025\2463\277{\221\257\021\034\276l\020s\246\235\367\001X\3370\257\025\013\003""; }; requestCookie: 2; "
1750527624491,1750527624491,0,1,3,2,TMLedgerData,"ledgerHash: ""\324`\214\221\314\000\211K\223+(""\200i \311\372g\254\343ZR0\224\275q\252\357\213\263\206N""; ledgerSeq: 28; type: liBASE; nodes {;   nodedata: ""\000\000\000\034\001cEx]\211\377\330A\321\341bca\253\025\321\311\317\021\375\317\217\n\272\033o\353G>\275\361H\265\240\232um""\317\000\000\000\000\000\000\000\000\000\000\000\000\000\000\000\000\000\000\000\000\000\000\000\000\000\000\000\000\000\000\000\000?\332L;}{a\035\r\ryRN\036\010\004M~l\300A\201\033\251x\272\240\200\357\377\344O/\351\253\005/\351\253\006\n\000""; }; nodes {;   nodedata: ""\323C\344\327\264{\312-\017:\006{\177\344N\002\326bO\260\220\006\033\362\345\005U\221DzJ0\001\301\025%1L\307\t\261\262z\374\222T\301\274V\236\223\262\270Ct\362\337b\356\024*\324\320\351\317\002k\336\234\027v\351\217\260\303\360\233ZPZWr\246$w\313\313\r\243r\232\2234\373\3539:N\004Q\245\272D\312D\300\300\t\323\0257\345e\271\na\215{\226\255x%T\257\037\333\004\344_/R\006E\344\037@\210\363\010\336T\226\247'\204_{\261\370""1\235\2445\343\033Y!\212\201\341\272\225'\007\325U\230\376\376B\217\225'\202\025\2463\277{\221\257\021\034\276l\020s\246\235\367\001X\3370\257\025\013\003""; }; requestCookie: 2; ","ledgerHash: ""\324`\214\221\314\000\211K\223+(""\200i \311\372g\254\343ZR0\224\275q\252\357\213\263\206N""; ledgerSeq: 28; type: liBASE; nodes {;   nodedata: ""\000\000\000\034\001cEx]\211\377\330A\321\341bca\253\025\321\311\317\021\375\317\217\n\272\033o\353G>\275\361H\265\240\232um""\317\000\000\000\000\000\000\000\000\000\000\000\000\000\000\000\000\000\000\000\000\000\000\000\000\000\000\000\000\000\000\000\000?\332L;}{a\035\r\ryRN\036\010\004M~l\300A\201\033\251x\272\240\200\357\377\344O/\351\253\005/\351\253\006\n\000""; }; nodes {;   nodedata: ""\323C\344\327\264{\312-\017:\006{\177\344N\002\326bO\260\220\006\033\362\345\005U\221DzJ0\001\301\025%1L\307\t\261\262z\374\222T\301\274V\236\223\262\270Ct\362\337b\356\024*\324\320\351\317\002k\336\234\027v\351\217\260\303\360\233ZPZWr\246$w\313\313\r\243r\232\2234\373\3539:N\004Q\245\272D\312D\300\300\t\323\0257\345e\271\na\215{\226\255x%T\257\037\333\004\344_/R\006E\344\037@\210\363\010\336T\226\247'\204_{\261\370""1\235\2445\343\033Y!\212\201\341\272\225'\007\325U\230\376\376B\217\225'\202\025\2463\277{\221\257\021\034\276l\020s\246\235\367\001X\3370\257\025\013\003""; }; requestCookie: 2; "
1750527624491,1750527624491,0,1,3,2,TMLedgerData,"ledgerHash: ""\324`\214\221\314\000\211K\223+(""\200i \311\372g\254\343ZR0\224\275q\252\357\213\263\206N""; ledgerSeq: 28; type: liBASE; nodes {;   nodedata: ""\000\000\000\034\001cEx]\211\377\330A\321\341bca\253\025\321\311\317\021\375\317\217\n\272\033o\353G>\275\361H\265\240\232um""\317\000\000\000\000\000\000\000\000\000\000\000\000\000\000\000\000\000\000\000\000\000\000\000\000\000\000\000\000\000\000\000\000?\332L;}{a\035\r\ryRN\036\010\004M~l\300A\201\033\251x\272\240\200\357\377\344O/\351\253\005/\351\253\006\n\000""; }; nodes {;   nodedata: ""\323C\344\327\264{\312-\017:\006{\177\344N\002\326bO\260\220\006\033\362\345\005U\221DzJ0\001\301\025%1L\307\t\261\262z\374\222T\301\274V\236\223\262\270Ct\362\337b\356\024*\324\320\351\317\002k\336\234\027v\351\217\260\303\360\233ZPZWr\246$w\313\313\r\243r\232\2234\373\3539:N\004Q\245\272D\312D\300\300\t\323\0257\345e\271\na\215{\226\255x%T\257\037\333\004\344_/R\006E\344\037@\210\363\010\336T\226\247'\204_{\261\370""1\235\2445\343\033Y!\212\201\341\272\225'\007\325U\230\376\376B\217\225'\202\025\2463\277{\221\257\021\034\276l\020s\246\235\367\001X\3370\257\025\013\003""; }; ","ledgerHash: ""\324`\214\221\314\000\211K\223+(""\200i \311\372g\254\343ZR0\224\275q\252\357\213\263\206N""; ledgerSeq: 28; type: liBASE; nodes {;   nodedata: ""\000\000\000\034\001cEx]\211\377\330A\321\341bca\253\025\321\311\317\021\375\317\217\n\272\033o\353G>\275\361H\265\240\232um""\317\000\000\000\000\000\000\000\000\000\000\000\000\000\000\000\000\000\000\000\000\000\000\000\000\000\000\000\000\000\000\000\000?\332L;}{a\035\r\ryRN\036\010\004M~l\300A\201\033\251x\272\240\200\357\377\344O/\351\253\005/\351\253\006\n\000""; }; nodes {;   nodedata: ""\323C\344\327\264{\312-\017:\006{\177\344N\002\326bO\260\220\006\033\362\345\005U\221DzJ0\001\301\025%1L\307\t\261\262z\374\222T\301\274V\236\223\262\270Ct\362\337b\356\024*\324\320\351\317\002k\336\234\027v\351\217\260\303\360\233ZPZWr\246$w\313\313\r\243r\232\2234\373\3539:N\004Q\245\272D\312D\300\300\t\323\0257\345e\271\na\215{\226\255x%T\257\037\333\004\344_/R\006E\344\037@\210\363\010\336T\226\247'\204_{\261\370""1\235\2445\343\033Y!\212\201\341\272\225'\007\325U\230\376\376B\217\225'\202\025\2463\277{\221\257\021\034\276l\020s\246\235\367\001X\3370\257\025\013\003""; }; "
1750527624492,1750527624492,0,1,4,2,TMLedgerData,"ledgerHash: ""\324`\214\221\314\000\211K\223+(""\200i \311\372g\254\343ZR0\224\275q\252\357\213\263\206N""; ledgerSeq: 28; type: liBASE; nodes {;   nodedata: ""\000\000\000\034\001cEx]\211\377\330A\321\341bca\253\025\321\311\317\021\375\317\217\n\272\033o\353G>\275\361H\265\240\232um""\317\000\000\000\000\000\000\000\000\000\000\000\000\000\000\000\000\000\000\000\000\000\000\000\000\000\000\000\000\000\000\000\000?\332L;}{a\035\r\ryRN\036\010\004M~l\300A\201\033\251x\272\240\200\357\377\344O/\351\253\005/\351\253\006\n\000""; }; nodes {;   nodedata: ""\323C\344\327\264{\312-\017:\006{\177\344N\002\326bO\260\220\006\033\362\345\005U\221DzJ0\001\301\025%1L\307\t\261\262z\374\222T\301\274V\236\223\262\270Ct\362\337b\356\024*\324\320\351\317\002k\336\234\027v\351\217\260\303\360\233ZPZWr\246$w\313\313\r\243r\232\2234\373\3539:N\004Q\245\272D\312D\300\300\t\323\0257\345e\271\na\215{\226\255x%T\257\037\333\004\344_/R\006E\344\037@\210\363\010\336T\226\247'\204_{\261\370""1\235\2445\343\033Y!\212\201\341\272\225'\007\325U\230\376\376B\217\225'\202\025\2463\277{\221\257\021\034\276l\020s\246\235\367\001X\3370\257\025\013\003""; }; ","ledgerHash: ""\324`\214\221\314\000\211K\223+(""\200i \311\372g\254\343ZR0\224\275q\252\357\213\263\206N""; ledgerSeq: 28; type: liBASE; nodes {;   nodedata: ""\000\000\000\034\001cEx]\211\377\330A\321\341bca\253\025\321\311\317\021\375\317\217\n\272\033o\353G>\275\361H\265\240\232um""\317\000\000\000\000\000\000\000\000\000\000\000\000\000\000\000\000\000\000\000\000\000\000\000\000\000\000\000\000\000\000\000\000?\332L;}{a\035\r\ryRN\036\010\004M~l\300A\201\033\251x\272\240\200\357\377\344O/\351\253\005/\351\253\006\n\000""; }; nodes {;   nodedata: ""\323C\344\327\264{\312-\017:\006{\177\344N\002\326bO\260\220\006\033\362\345\005U\221DzJ0\001\301\025%1L\307\t\261\262z\374\222T\301\274V\236\223\262\270Ct\362\337b\356\024*\324\320\351\317\002k\336\234\027v\351\217\260\303\360\233ZPZWr\246$w\313\313\r\243r\232\2234\373\3539:N\004Q\245\272D\312D\300\300\t\323\0257\345e\271\na\215{\226\255x%T\257\037\333\004\344_/R\006E\344\037@\210\363\010\336T\226\247'\204_{\261\370""1\235\2445\343\033Y!\212\201\341\272\225'\007\325U\230\376\376B\217\225'\202\025\2463\277{\221\257\021\034\276l\020s\246\235\367\001X\3370\257\025\013\003""; }; "
1750527624492,1750527624492,0,1,0,2,TMLedgerData,"ledgerHash: ""\324`\214\221\314\000\211K\223+(""\200i \311\372g\254\343ZR0\224\275q\252\357\213\263\206N""; ledgerSeq: 28; type: liBASE; nodes {;   nodedata: ""\000\000\000\034\001cEx]\211\377\330A\321\341bca\253\025\321\311\317\021\375\317\217\n\272\033o\353G>\275\361H\265\240\232um""\317\000\000\000\000\000\000\000\000\000\000\000\000\000\000\000\000\000\000\000\000\000\000\000\000\000\000\000\000\000\000\000\000?\332L;}{a\035\r\ryRN\036\010\004M~l\300A\201\033\251x\272\240\200\357\377\344O/\351\253\005/\351\253\006\n\000""; }; nodes {;   nodedata: ""\323C\344\327\264{\312-\017:\006{\177\344N\002\326bO\260\220\006\033\362\345\005U\221DzJ0\001\301\025%1L\307\t\261\262z\374\222T\301\274V\236\223\262\270Ct\362\337b\356\024*\324\320\351\317\002k\336\234\027v\351\217\260\303\360\233ZPZWr\246$w\313\313\r\243r\232\2234\373\3539:N\004Q\245\272D\312D\300\300\t\323\0257\345e\271\na\215{\226\255x%T\257\037\333\004\344_/R\006E\344\037@\210\363\010\336T\226\247'\204_{\261\370""1\235\2445\343\033Y!\212\201\341\272\225'\007\325U\230\376\376B\217\225'\202\025\2463\277{\221\257\021\034\276l\020s\246\235\367\001X\3370\257\025\013\003""; }; ","ledgerHash: ""\324`\214\221\314\000\211K\223+(""\200i \311\372g\254\343ZR0\224\275q\252\357\213\263\206N""; ledgerSeq: 28; type: liBASE; nodes {;   nodedata: ""\000\000\000\034\001cEx]\211\377\330A\321\341bca\253\025\321\311\317\021\375\317\217\n\272\033o\353G>\275\361H\265\240\232um""\317\000\000\000\000\000\000\000\000\000\000\000\000\000\000\000\000\000\000\000\000\000\000\000\000\000\000\000\000\000\000\000\000?\332L;}{a\035\r\ryRN\036\010\004M~l\300A\201\033\251x\272\240\200\357\377\344O/\351\253\005/\351\253\006\n\000""; }; nodes {;   nodedata: ""\323C\344\327\264{\312-\017:\006{\177\344N\002\326bO\260\220\006\033\362\345\005U\221DzJ0\001\301\025%1L\307\t\261\262z\374\222T\301\274V\236\223\262\270Ct\362\337b\356\024*\324\320\351\317\002k\336\234\027v\351\217\260\303\360\233ZPZWr\246$w\313\313\r\243r\232\2234\373\3539:N\004Q\245\272D\312D\300\300\t\323\0257\345e\271\na\215{\226\255x%T\257\037\333\004\344_/R\006E\344\037@\210\363\010\336T\226\247'\204_{\261\370""1\235\2445\343\033Y!\212\201\341\272\225'\007\325U\230\376\376B\217\225'\202\025\2463\277{\221\257\021\034\276l\020s\246\235\367\001X\3370\257\025\013\003""; }; "
1750527624493,1750527624493,0,1,3,4,TMLedgerData,"ledgerHash: ""\324`\214\221\314\000\211K\223+(""\200i \311\372g\254\343ZR0\224\275q\252\357\213\263\206N""; ledgerSeq: 28; type: liAS_NODE; nodes {;   nodedata: ""\021\000h""\000\000\000\000 \033\000\000\000\033\002\023\303\277\330\356GuH\375\327!\255\371\r\231\262R\256J\034\222\241\355X\265E\241^W\225\304\014\361CX-}\351f\032\255\274\334m\326c\017\014ao[\342\230\003\245\245\3341Hm\326^\017jy\335\261\032Yt\320\244{g\0306\\302\303*\341\215\223\257\364\277o\375\000r\241SOq\221\253\262\005\017\375T\356\014\360o'\030\311-\267\031\257!\031T\006><\315XM\334\324\345\034\000\325\367\240\271\013\265\024\321\362\354\211\250.\234s\225amc\305\035\366\276\037nD\277`\210\223N\3535\033\261\304f\331]\036\237\306o!\223\221\002\324\031\262\240R\177 ,\214\325\Q])\016\2067\277\t\354\010\000\360\215\2502\265\245\310\226\243c\302Ze\306\253#r\020\211\320iG\276\020E\317\035Sf\223F\254\033@\177e\277\016\010u\327\371&\262\312\317Q\2361t\377x\234\001v\003%\030\325_\225g\204\346a=\225\273\331\354\365*U\363\263N\367b\371\244\314-w\363\262\225Z\200\206\235\233\257?sE\2674\254\326mU\377?\177Ek\336\030!\316Aa\225\303\022\377{\210Y\226\271as\354L\035\004\341\361\035\301\024\220m#*\372\032\3178~\374\250\014*\323\342'z69\220\327\256\351G\367\317u\302\207\270b\315\333\333\334\310I\323&\014\352XZnW2.\335\347\202\021\247\362\212e\034\000\001\250\220\305;a\314\265R\310\017\317\331\235\360\262\240:\277\202\266\354\265X""\022\nh\252\352w\204\203\023]\001f\352\277\0031Q]\362\370R\350{\261\202\240\344\215\201\353\276\322p5p\350\354\017>\250r\241c\273\016\301\024\363\242\247\263\231\370\344\nBW\220K\316@3\243\200\036wk\253GSlU\010\360\231>\331\263H\214\324\030A\225\301o\346pkSF\004\241\213w9\223=\250\262*+\255\351r\265\244c\024\213\t\007`\223\325#\3477\210\345P\306\013\320\252[\0216+\227=`\371P\314\346 V7\271[~\n\237\274|\347\352@K\253~&\260\032\024\004B\200\255h\351\013\361\031:nG\211\005|\2003\266\274\251,W\006u\344\335d\003\306\212\313,\340\350bG\n\030Z\2732-\246\312\255\030\003\235207\005}D\260\0261ah\322M\304\216\273m0\271\234\237\007<w$\265C\245\232\033\023\313c\321B\032l\301h\005\320\252\301\361(\330[\343\357\343{\235\n\266g\272>\177\317\347\261qb&\270&\346ju\200\363N\320\307\004\034\001n\317\361\2653\254\2503\247\305\372\316W\022O\253x\250\025\373\247\354Tc\304\263\243^\352Gv\\264\261\r\035\226\306\2411\351\233\203\215\200$\231\300f\220\371c@\017\254\363\\371\340\340VaR\205~^\226\342t\360\022\204d\231\205)\272\364?\361!\334\331\315\254\230\rBG\314\023\246\244=\351\177\254\302b&\276+H;0\312\021&\275\036\237\350R\313\206R\331\304k\323u\263t\221\213yC\241\217A\242\027g\322\241'\212.E?B_\316\327\217J +\370\t^b\005\020\003\211\373\247|hC\271Nmk~J\270EU\274\036-\347\240\312FA\321\341bca\253\025\321\311\317\021\375\317\217\n\272\033o\353G>\275\361H\265\240\232um""\317\264\227\2326\315\307\363\323\325\303\032N\256*\307\327 \235\332\207u\210\271\257\306g\231i*\260\326k\001"";   nodeid: ""\260\000\000\000\000\000\000\000\000\000\000\000\000\000\000\000\000\000\000\000\000\000\000\000\000\000\000\000\000\000\000\000\001""; }; ","ledgerHash: ""\324`\214\221\314\000\211K\223+(""\200i \311\372g\254\343ZR0\224\275q\252\357\213\263\206N""; ledgerSeq: 28; type: liAS_NODE; nodes {;   nodedata: ""\021\000h""\000\000\000\000 \033\000\000\000\033\002\023\303\277\330\356GuH\375\327!\255\371\r\231\262R\256J\034\222\241\355X\265E\241^W\225\304\014\361CX-}\351f\032\255\274\334m\326c\017\014ao[\342\230\003\245\245\3341Hm\326^\017jy\335\261\032Yt\320\244{g\0306\\302\303*\341\215\223\257\364\277o\375\000r\241SOq\221\253\262\005\017\375T\356\014\360o'\030\311-\267\031\257!\031T\006><\315XM\334\324\345\034\000\325\367\240\271\013\265\024\321\362\354\211\250.\234s\225amc\305\035\366\276\037nD\277`\210\223N\3535\033\261\304f\331]\036\237\306o!\223\221\002\324\031\262\240R\177 ,\214\325\Q])\016\2067\277\t\354\010\000\360\215\2502\265\245\310\226\243c\302Ze\306\253#r\020\211\320iG\276\020E\317\035Sf\223F\254\033@\177e\277\016\010u\327\371&\262\312\317Q\2361t\377x\234\001v\003%\030\325_\225g\204\346a=\225\273\331\354\365*U\363\263N\367b\371\244\314-w\363\262\225Z\200\206\235\233\257?sE\2674\254\326mU\377?\177Ek\336\030!\316Aa\225\303\022\377{\210Y\226\271as\354L\035\004\341\361\035\301\024\220m#*\372\032\3178~\374\250\014*\323\342'z69\220\327\256\351G\367\317u\302\207\270b\315\333\333\334\310I\323&\014\352XZnW2.\335\347\202\021\247\362\212e\034\000\001\250\220\305;a\314\265R\310\017\317\331\235\360\262\240:\277\202\266\354\265X""\022\nh\252\352w\204\203\023]\001f\352\277\0031Q]\362\370R\350{\261\202\240\344\215\201\353\276\322p5p\350\354\017>\250r\241c\273\016\301\024\363\242\247\263\231\370\344\nBW\220K\316@3\243\200\036wk\253GSlU\010\360\231>\331\263H\214\324\030A\225\301o\346pkSF\004\241\213w9\223=\250\262*+\255\351r\265\244c\024\213\t\007`\223\325#\3477\210\345P\306\013\320\252[\0216+\227=`\371P\314\346 V7\271[~\n\237\274|\347\352@K\253~&\260\032\024\004B\200\255h\351\013\361\031:nG\211\005|\2003\266\274\251,W\006u\344\335d\003\306\212\313,\340\350bG\n\030Z\2732-\246\312\255\030\003\235207\005}D\260\0261ah\322M\304\216\273m0\271\234\237\007<w$\265C\245\232\033\023\313c\321B\032l\301h\005\320\252\301\361(\330[\343\357\343{\235\n\266g\272>\177\317\347\261qb&\270&\346ju\200\363N\320\307\004\034\001n\317\361\2653\254\2503\247\305\372\316W\022O\253x\250\025\373\247\354Tc\304\263\243^\352Gv\\264\261\r\035\226\306\2411\351\233\203\215\200$\231\300f\220\371c@\017\254\363\\371\340\340VaR\205~^\226\342t\360\022\204d\231\205)\272\364?\361!\334\331\315\254\230\rBG\314\023\246\244=\351\177\254\302b&\276+H;0\312\021&\275\036\237\350R\313\206R\331\304k\323u\263t\221\213yC\241\217A\242\027g\322\241'\212.E?B_\316\327\217J +\370\t^b\005\020\003\211\373\247|hC\271Nmk~J\270EU\274\036-\347\240\312FA\321\341bca\253\025\321\311\317\021\375\317\217\n\272\033o\353G>\275\361H\265\240\232um""\317\264\227\2326\315\307\363\323\325\303\032N\256*\307\327 \235\332\207u\210\271\257\306g\231i*\260\326k\001"";   nodeid: ""\260\000\000\000\000\000\000\000\000\000\000\000\000\000\000\000\000\000\000\000\000\000\000\000\000\000\000\000\000\000\000\000\001""; }; "
1750527624494,1750527624494,0,1,3,0,TMLedgerData,"ledgerHash: ""\324`\214\221\314\000\211K\223+(""\200i \311\372g\254\343ZR0\224\275q\252\357\213\263\206N""; ledgerSeq: 28; type: liBASE; nodes {;   nodedata: ""\000\000\000\034\001cEx]\211\377\330A\321\341bca\253\025\321\311\317\021\375\317\217\n\272\033o\353G>\275\361H\265\240\232um""\317\000\000\000\000\000\000\000\000\000\000\000\000\000\000\000\000\000\000\000\000\000\000\000\000\000\000\000\000\000\000\000\000?\332L;}{a\035\r\ryRN\036\010\004M~l\300A\201\033\251x\272\240\200\357\377\344O/\351\253\005/\351\253\006\n\000""; }; nodes {;   nodedata: ""\323C\344\327\264{\312-\017:\006{\177\344N\002\326bO\260\220\006\033\362\345\005U\221DzJ0\001\301\025%1L\307\t\261\262z\374\222T\301\274V\236\223\262\270Ct\362\337b\356\024*\324\320\351\317\002k\336\234\027v\351\217\260\303\360\233ZPZWr\246$w\313\313\r\243r\232\2234\373\3539:N\004Q\245\272D\312D\300\300\t\323\0257\345e\271\na\215{\226\255x%T\257\037\333\004\344_/R\006E\344\037@\210\363\010\336T\226\247'\204_{\261\370""1\235\2445\343\033Y!\212\201\341\272\225'\007\325U\230\376\376B\217\225'\202\025\2463\277{\221\257\021\034\276l\020s\246\235\367\001X\3370\257\025\013\003""; }; requestCookie: 2; ","ledgerHash: ""\324`\214\221\314\000\211K\223+(""\200i \311\372g\254\343ZR0\224\275q\252\357\213\263\206N""; ledgerSeq: 28; type: liBASE; nodes {;   nodedata: ""\000\000\000\034\001cEx]\211\377\330A\321\341bca\253\025\321\311\317\021\375\317\217\n\272\033o\353G>\275\361H\265\240\232um""\317\000\000\000\000\000\000\000\000\000\000\000\000\000\000\000\000\000\000\000\000\000\000\000\000\000\000\000\000\000\000\000\000?\332L;}{a\035\r\ryRN\036\010\004M~l\300A\201\033\251x\272\240\200\357\377\344O/\351\253\005/\351\253\006\n\000""; }; nodes {;   nodedata: ""\323C\344\327\264{\312-\017:\006{\177\344N\002\326bO\260\220\006\033\362\345\005U\221DzJ0\001\301\025%1L\307\t\261\262z\374\222T\301\274V\236\223\262\270Ct\362\337b\356\024*\324\320\351\317\002k\336\234\027v\351\217\260\303\360\233ZPZWr\246$w\313\313\r\243r\232\2234\373\3539:N\004Q\245\272D\312D\300\300\t\323\0257\345e\271\na\215{\226\255x%T\257\037\333\004\344_/R\006E\344\037@\210\363\010\336T\226\247'\204_{\261\370""1\235\2445\343\033Y!\212\201\341\272\225'\007\325U\230\376\376B\217\225'\202\025\2463\277{\221\257\021\034\276l\020s\246\235\367\001X\3370\257\025\013\003""; }; requestCookie: 2; "
1750527624494,1750527624494,0,1,3,0,TMLedgerData,"ledgerHash: ""\324`\214\221\314\000\211K\223+(""\200i \311\372g\254\343ZR0\224\275q\252\357\213\263\206N""; ledgerSeq: 28; type: liBASE; nodes {;   nodedata: ""\000\000\000\034\001cEx]\211\377\330A\321\341bca\253\025\321\311\317\021\375\317\217\n\272\033o\353G>\275\361H\265\240\232um""\317\000\000\000\000\000\000\000\000\000\000\000\000\000\000\000\000\000\000\000\000\000\000\000\000\000\000\000\000\000\000\000\000?\332L;}{a\035\r\ryRN\036\010\004M~l\300A\201\033\251x\272\240\200\357\377\344O/\351\253\005/\351\253\006\n\000""; }; nodes {;   nodedata: ""\323C\344\327\264{\312-\017:\006{\177\344N\002\326bO\260\220\006\033\362\345\005U\221DzJ0\001\301\025%1L\307\t\261\262z\374\222T\301\274V\236\223\262\270Ct\362\337b\356\024*\324\320\351\317\002k\336\234\027v\351\217\260\303\360\233ZPZWr\246$w\313\313\r\243r\232\2234\373\3539:N\004Q\245\272D\312D\300\300\t\323\0257\345e\271\na\215{\226\255x%T\257\037\333\004\344_/R\006E\344\037@\210\363\010\336T\226\247'\204_{\261\370""1\235\2445\343\033Y!\212\201\341\272\225'\007\325U\230\376\376B\217\225'\202\025\2463\277{\221\257\021\034\276l\020s\246\235\367\001X\3370\257\025\013\003""; }; requestCookie: 5; ","ledgerHash: ""\324`\214\221\314\000\211K\223+(""\200i \311\372g\254\343ZR0\224\275q\252\357\213\263\206N""; ledgerSeq: 28; type: liBASE; nodes {;   nodedata: ""\000\000\000\034\001cEx]\211\377\330A\321\341bca\253\025\321\311\317\021\375\317\217\n\272\033o\353G>\275\361H\265\240\232um""\317\000\000\000\000\000\000\000\000\000\000\000\000\000\000\000\000\000\000\000\000\000\000\000\000\000\000\000\000\000\000\000\000?\332L;}{a\035\r\ryRN\036\010\004M~l\300A\201\033\251x\272\240\200\357\377\344O/\351\253\005/\351\253\006\n\000""; }; nodes {;   nodedata: ""\323C\344\327\264{\312-\017:\006{\177\344N\002\326bO\260\220\006\033\362\345\005U\221DzJ0\001\301\025%1L\307\t\261\262z\374\222T\301\274V\236\223\262\270Ct\362\337b\356\024*\324\320\351\317\002k\336\234\027v\351\217\260\303\360\233ZPZWr\246$w\313\313\r\243r\232\2234\373\3539:N\004Q\245\272D\312D\300\300\t\323\0257\345e\271\na\215{\226\255x%T\257\037\333\004\344_/R\006E\344\037@\210\363\010\336T\226\247'\204_{\261\370""1\235\2445\343\033Y!\212\201\341\272\225'\007\325U\230\376\376B\217\225'\202\025\2463\277{\221\257\021\034\276l\020s\246\235\367\001X\3370\257\025\013\003""; }; requestCookie: 5; "
1750527624494,1750527624495,0,1,3,0,TMLedgerData,"ledgerHash: ""\324`\214\221\314\000\211K\223+(""\200i \311\372g\254\343ZR0\224\275q\252\357\213\263\206N""; ledgerSeq: 28; type: liAS_NODE; nodes {;   nodedata: ""\021\000h""\000\000\000\000 \033\000\000\000\033\002\023\303\277\330\356GuH\375\327!\255\371\r\231\262R\256J\034\222\241\355X\265E\241^W\225\304\014\361CX-}\351f\032\255\274\334m\326c\017\014ao[\342\230\003\245\245\3341Hm\326^\017jy\335\261\032Yt\320\244{g\0306\\302\303*\341\215\223\257\364\277o\375\000r\241SOq\221\253\262\005\017\375T\356\014\360o'\030\311-\267\031\257!\031T\006><\315XM\334\324\345\034\000\325\367\240\271\013\265\024\321\362\354\211\250.\234s\225amc\305\035\366\276\037nD\277`\210\223N\3535\033\261\304f\331]\036\237\306o!\223\221\002\324\031\262\240R\177 ,\214\325\Q])\016\2067\277\t\354\010\000\360\215\2502\265\245\310\226\243c\302Ze\306\253#r\020\211\320iG\276\020E\317\035Sf\223F\254\033@\177e\277\016\010u\327\371&\262\312\317Q\2361t\377x\234\001v\003%\030\325_\225g\204\346a=\225\273\331\354\365*U\363\263N\367b\371\244\314-w\363\262\225Z\200\206\235\233\257?sE\2674\254\326mU\377?\177Ek\336\030!\316Aa\225\303\022\377{\210Y\226\271as\354L\035\004\341\361\035\301\024\220m#*\372\032\3178~\374\250\014*\323\342'z69\220\327\256\351G\367\317u\302\207\270b\315\333\333\334\310I\323&\014\352XZnW2.\335\347\202\021\247\362\212e\034\000\001\250\220\305;a\314\265R\310\017\317\331\235\360\262\240:\277\202\266\354\265X""\022\nh\252\352w\204\203\023]\001f\352\277\0031Q]\362\370R\350{\261\202\240\344\215\201\353\276\322p5p\350\354\017>\250r\241c\273\016\301\024\363\242\247\263\231\370\344\nBW\220K\316@3\243\200\036wk\253GSlU\010\360\231>\331\263H\214\324\030A\225\301o\346pkSF\004\241\213w9\223=\250\262*+\255\351r\265\244c\024\213\t\007`\223\325#\3477\210\345P\306\013\320\252[\0216+\227=`\371P\314\346 V7\271[~\n\237\274|\347\352@K\253~&\260\032\024\004B\200\255h\351\013\361\031:nG\211\005|\2003\266\274\251,W\006u\344\335d\003\306\212\313,\340\350bG\n\030Z\2732-\246\312\255\030\003\235207\005}D\260\0261ah\322M\304\216\273m0\271\234\237\007<w$\265C\245\232\033\023\313c\321B\032l\301h\005\320\252\301\361(\330[\343\357\343{\235\n\266g\272>\177\317\347\261qb&\270&\346ju\200\363N\320\307\004\034\001n\317\361\2653\254\2503\247\305\372\316W\022O\253x\250\025\373\247\354Tc\304\263\243^\352Gv\\264\261\r\035\226\306\2411\351\233\203\215\200$\231\300f\220\371c@\017\254\363\\371\340\340VaR\205~^\226\342t\360\022\204d\231\205)\272\364?\361!\334\331\315\254\230\rBG\314\023\246\244=\351\177\254\302b&\276+H;0\312\021&\275\036\237\350R\313\206R\331\304k\323u\263t\221\213yC\241\217A\242\027g\322\241'\212.E?B_\316\327\217J +\370\t^b\005\020\003\211\373\247|hC\271Nmk~J\270EU\274\036-\347\240\312FA\321\341bca\253\025\321\311\317\021\375\317\217\n\272\033o\353G>\275\361H\265\240\232um""\317\264\227\2326\315\307\363\323\325\303\032N\256*\307\327 \235\332\207u\210\271\257\306g\231i*\260\326k\001"";   nodeid: ""\260\000\000\000\000\000\000\000\000\000\000\000\000\000\000\000\000\000\000\000\000\000\000\000\000\000\000\000\000\000\000\000\001""; }; ","ledgerHash: ""\324`\214\221\314\000\211K\223+(""\200i \311\372g\254\343ZR0\224\275q\252\357\213\263\206N""; ledgerSeq: 28; type: liAS_NODE; nodes {;   nodedata: ""\021\000h""\000\000\000\000 \033\000\000\000\033\002\023\303\277\330\356GuH\375\327!\255\371\r\231\262R\256J\034\222\241\355X\265E\241^W\225\304\014\361CX-}\351f\032\255\274\334m\326c\017\014ao[\342\230\003\245\245\3341Hm\326^\017jy\335\261\032Yt\320\244{g\0306\\302\303*\341\215\223\257\364\277o\375\000r\241SOq\221\253\262\005\017\375T\356\014\360o'\030\311-\267\031\257!\031T\006><\315XM\334\324\345\034\000\325\367\240\271\013\265\024\321\362\354\211\250.\234s\225amc\305\035\366\276\037nD\277`\210\223N\3535\033\261\304f\331]\036\237\306o!\223\221\002\324\031\262\240R\177 ,\214\325\Q])\016\2067\277\t\354\010\000\360\215\2502\265\245\310\226\243c\302Ze\306\253#r\020\211\320iG\276\020E\317\035Sf\223F\254\033@\177e\277\016\010u\327\371&\262\312\317Q\2361t\377x\234\001v\003%\030\325_\225g\204\346a=\225\273\331\354\365*U\363\263N\367b\371\244\314-w\363\262\225Z\200\206\235\233\257?sE\2674\254\326mU\377?\177Ek\336\030!\316Aa\225\303\022\377{\210Y\226\271as\354L\035\004\341\361\035\301\024\220m#*\372\032\3178~\374\250\014*\323\342'z69\220\327\256\351G\367\317u\302\207\270b\315\333\333\334\310I\323&\014\352XZnW2.\335\347\202\021\247\362\212e\034\000\001\250\220\305;a\314\265R\310\017\317\331\235\360\262\240:\277\202\266\354\265X""\022\nh\252\352w\204\203\023]\001f\352\277\0031Q]\362\370R\350{\261\202\240\344\215\201\353\276\322p5p\350\354\017>\250r\241c\273\016\301\024\363\242\247\263\231\370\344\nBW\220K\316@3\243\200\036wk\253GSlU\010\360\231>\331\263H\214\324\030A\225\301o\346pkSF\004\241\213w9\223=\250\262*+\255\351r\265\244c\024\213\t\007`\223\325#\3477\210\345P\306\013\320\252[\0216+\227=`\371P\314\346 V7\271[~\n\237\274|\347\352@K\253~&\260\032\024\004B\200\255h\351\013\361\031:nG\211\005|\2003\266\274\251,W\006u\344\335d\003\306\212\313,\340\350bG\n\030Z\2732-\246\312\255\030\003\235207\005}D\260\0261ah\322M\304\216\273m0\271\234\237\007<w$\265C\245\232\033\023\313c\321B\032l\301h\005\320\252\301\361(\330[\343\357\343{\235\n\266g\272>\177\317\347\261qb&\270&\346ju\200\363N\320\307\004\034\001n\317\361\2653\254\2503\247\305\372\316W\022O\253x\250\025\373\247\354Tc\304\263\243^\352Gv\\264\261\r\035\226\306\2411\351\233\203\215\200$\231\300f\220\371c@\017\254\363\\371\340\340VaR\205~^\226\342t\360\022\204d\231\205)\272\364?\361!\334\331\315\254\230\rBG\314\023\246\244=\351\177\254\302b&\276+H;0\312\021&\275\036\237\350R\313\206R\331\304k\323u\263t\221\213yC\241\217A\242\027g\322\241'\212.E?B_\316\327\217J +\370\t^b\005\020\003\211\373\247|hC\271Nmk~J\270EU\274\036-\347\240\312FA\321\341bca\253\025\321\311\317\021\375\317\217\n\272\033o\353G>\275\361H\265\240\232um""\317\264\227\2326\315\307\363\323\325\303\032N\256*\307\327 \235\332\207u\210\271\257\306g\231i*\260\326k\001"";   nodeid: ""\260\000\000\000\000\000\000\000\000\000\000\000\000\000\000\000\000\000\000\000\000\000\000\000\000\000\000\000\000\000\000\000\001""; }; "
1750527624495,1750527624495,0,1,4,0,TMLedgerData,"ledgerHash: ""\324`\214\221\314\000\211K\223+(""\200i \311\372g\254\343ZR0\224\275q\252\357\213\263\206N""; ledgerSeq: 28; type: liBASE; nodes {;   nodedata: ""\000\000\000\034\001cEx]\211\377\330A\321\341bca\253\025\321\311\317\021\375\317\217\n\272\033o\353G>\275\361H\265\240\232um""\317\000\000\000\000\000\000\000\000\000\000\000\000\000\000\000\000\000\000\000\000\000\000\000\000\000\000\000\000\000\000\000\000?\332L;}{a\035\r\ryRN\036\010\004M~l\300A\201\033\251x\272\240\200\357\377\344O/\351\253\005/\351\253\006\n\000""; }; nodes {;   nodedata: ""\323C\344\327\264{\312-\017:\006{\177\344N\002\326bO\260\220\006\033\362\345\005U\221DzJ0\001\301\025%1L\307\t\261\262z\374\222T\301\274V\236\223\262\270Ct\362\337b\356\024*\324\320\351\317\002k\336\234\027v\351\217\260\303\360\233ZPZWr\246$w\313\313\r\243r\232\2234\373\3539:N\004Q\245\272D\312D\300\300\t\323\0257\345e\271\na\215{\226\255x%T\257\037\333\004\344_/R\006E\344\037@\210\363\010\336T\226\247'\204_{\261\370""1\235\2445\343\033Y!\212\201\341\272\225'\007\325U\230\376\376B\217\225'\202\025\2463\277{\221\257\021\034\276l\020s\246\235\367\001X\3370\257\025\013\003""; }; ","ledgerHash: ""\324`\214\221\314\000\211K\223+(""\200i \311\372g\254\343ZR0\224\275q\252\357\213\263\206N""; ledgerSeq: 28; type: liBASE; nodes {;   nodedata: ""\000\000\000\034\001cEx]\211\377\330A\321\341bca\253\025\321\311\317\021\375\317\217\n\272\033o\353G>\275\361H\265\240\232um""\317\000\000\000\000\000\000\000\000\000\000\000\000\000\000\000\000\000\000\000\000\000\000\000\000\000\000\000\000\000\000\000\000?\332L;}{a\035\r\ryRN\036\010\004M~l\300A\201\033\251x\272\240\200\357\377\344O/\351\253\005/\351\253\006\n\000""; }; nodes {;   nodedata: ""\323C\344\327\264{\312-\017:\006{\177\344N\002\326bO\260\220\006\033\362\345\005U\221DzJ0\001\301\025%1L\307\t\261\262z\374\222T\301\274V\236\223\262\270Ct\362\337b\356\024*\324\320\351\317\002k\336\234\027v\351\217\260\303\360\233ZPZWr\246$w\313\313\r\243r\232\2234\373\3539:N\004Q\245\272D\312D\300\300\t\323\0257\345e\271\na\215{\226\255x%T\257\037\333\004\344_/R\006E\344\037@\210\363\010\336T\226\247'\204_{\261\370""1\235\2445\343\033Y!\212\201\341\272\225'\007\325U\230\376\376B\217\225'\202\025\2463\277{\221\257\021\034\276l\020s\246\235\367\001X\3370\257\025\013\003""; }; "
1750527624495,1750527624496,0,1,3,1,TMLedgerData,"ledgerHash: ""\324`\214\221\314\000\211K\223+(""\200i \311\372g\254\343ZR0\224\275q\252\357\213\263\206N""; ledgerSeq: 28; type: liBASE; nodes {;   nodedata: ""\000\000\000\034\001cEx]\211\377\330A\321\341bca\253\025\321\311\317\021\375\317\217\n\272\033o\353G>\275\361H\265\240\232um""\317\000\000\000\000\000\000\000\000\000\000\000\000\000\000\000\000\000\000\000\000\000\000\000\000\000\000\000\000\000\000\000\000?\332L;}{a\035\r\ryRN\036\010\004M~l\300A\201\033\251x\272\240\200\357\377\344O/\351\253\005/\351\253\006\n\000""; }; nodes {;   nodedata: ""\323C\344\327\264{\312-\017:\006{\177\344N\002\326bO\260\220\006\033\362\345\005U\221DzJ0\001\301\025%1L\307\t\261\262z\374\222T\301\274V\236\223\262\270Ct\362\337b\356\024*\324\320\351\317\002k\336\234\027v\351\217\260\303\360\233ZPZWr\246$w\313\313\r\243r\232\2234\373\3539:N\004Q\245\272D\312D\300\300\t\323\0257\345e\271\na\215{\226\255x%T\257\037\333\004\344_/R\006E\344\037@\210\363\010\336T\226\247'\204_{\261\370""1\235\2445\343\033Y!\212\201\341\272\225'\007\325U\230\376\376B\217\225'\202\025\2463\277{\221\257\021\034\276l\020s\246\235\367\001X\3370\257\025\013\003""; }; ","ledgerHash: ""\324`\214\221\314\000\211K\223+(""\200i \311\372g\254\343ZR0\224\275q\252\357\213\263\206N""; ledgerSeq: 28; type: liBASE; nodes {;   nodedata: ""\000\000\000\034\001cEx]\211\377\330A\321\341bca\253\025\321\311\317\021\375\317\217\n\272\033o\353G>\275\361H\265\240\232um""\317\000\000\000\000\000\000\000\000\000\000\000\000\000\000\000\000\000\000\000\000\000\000\000\000\000\000\000\000\000\000\000\000?\332L;}{a\035\r\ryRN\036\010\004M~l\300A\201\033\251x\272\240\200\357\377\344O/\351\253\005/\351\253\006\n\000""; }; nodes {;   nodedata: ""\323C\344\327\264{\312-\017:\006{\177\344N\002\326bO\260\220\006\033\362\345\005U\221DzJ0\001\301\025%1L\307\t\261\262z\374\222T\301\274V\236\223\262\270Ct\362\337b\356\024*\324\320\351\317\002k\336\234\027v\351\217\260\303\360\233ZPZWr\246$w\313\313\r\243r\232\2234\373\3539:N\004Q\245\272D\312D\300\300\t\323\0257\345e\271\na\215{\226\255x%T\257\037\333\004\344_/R\006E\344\037@\210\363\010\336T\226\247'\204_{\261\370""1\235\2445\343\033Y!\212\201\341\272\225'\007\325U\230\376\376B\217\225'\202\025\2463\277{\221\257\021\034\276l\020s\246\235\367\001X\3370\257\025\013\003""; }; "
1750527624496,1750527624497,0,1,3,1,TMLedgerData,"ledgerHash: ""\324`\214\221\314\000\211K\223+(""\200i \311\372g\254\343ZR0\224\275q\252\357\213\263\206N""; ledgerSeq: 28; type: liBASE; nodes {;   nodedata: ""\000\000\000\034\001cEx]\211\377\330A\321\341bca\253\025\321\311\317\021\375\317\217\n\272\033o\353G>\275\361H\265\240\232um""\317\000\000\000\000\000\000\000\000\000\000\000\000\000\000\000\000\000\000\000\000\000\000\000\000\000\000\000\000\000\000\000\000?\332L;}{a\035\r\ryRN\036\010\004M~l\300A\201\033\251x\272\240\200\357\377\344O/\351\253\005/\351\253\006\n\000""; }; nodes {;   nodedata: ""\323C\344\327\264{\312-\017:\006{\177\344N\002\326bO\260\220\006\033\362\345\005U\221DzJ0\001\301\025%1L\307\t\261\262z\374\222T\301\274V\236\223\262\270Ct\362\337b\356\024*\324\320\351\317\002k\336\234\027v\351\217\260\303\360\233ZPZWr\246$w\313\313\r\243r\232\2234\373\3539:N\004Q\245\272D\312D\300\300\t\323\0257\345e\271\na\215{\226\255x%T\257\037\333\004\344_/R\006E\344\037@\210\363\010\336T\226\247'\204_{\261\370""1\235\2445\343\033Y!\212\201\341\272\225'\007\325U\230\376\376B\217\225'\202\025\2463\277{\221\257\021\034\276l\020s\246\235\367\001X\3370\257\025\013\003""; }; requestCookie: 3; ","ledgerHash: ""\324`\214\221\314\000\211K\223+(""\200i \311\372g\254\343ZR0\224\275q\252\357\213\263\206N""; ledgerSeq: 28; type: liBASE; nodes {;   nodedata: ""\000\000\000\034\001cEx]\211\377\330A\321\341bca\253\025\321\311\317\021\375\317\217\n\272\033o\353G>\275\361H\265\240\232um""\317\000\000\000\000\000\000\000\000\000\000\000\000\000\000\000\000\000\000\000\000\000\000\000\000\000\000\000\000\000\000\000\000?\332L;}{a\035\r\ryRN\036\010\004M~l\300A\201\033\251x\272\240\200\357\377\344O/\351\253\005/\351\253\006\n\000""; }; nodes {;   nodedata: ""\323C\344\327\264{\312-\017:\006{\177\344N\002\326bO\260\220\006\033\362\345\005U\221DzJ0\001\301\025%1L\307\t\261\262z\374\222T\301\274V\236\223\262\270Ct\362\337b\356\024*\324\320\351\317\002k\336\234\027v\351\217\260\303\360\233ZPZWr\246$w\313\313\r\243r\232\2234\373\3539:N\004Q\245\272D\312D\300\300\t\323\0257\345e\271\na\215{\226\255x%T\257\037\333\004\344_/R\006E\344\037@\210\363\010\336T\226\247'\204_{\261\370""1\235\2445\343\033Y!\212\201\341\272\225'\007\325U\230\376\376B\217\225'\202\025\2463\277{\221\257\021\034\276l\020s\246\235\367\001X\3370\257\025\013\003""; }; requestCookie: 3; "
1750527624497,1750527624497,0,1,3,1,TMLedgerData,"ledgerHash: ""\324`\214\221\314\000\211K\223+(""\200i \311\372g\254\343ZR0\224\275q\252\357\213\263\206N""; ledgerSeq: 28; type: liBASE; nodes {;   nodedata: ""\000\000\000\034\001cEx]\211\377\330A\321\341bca\253\025\321\311\317\021\375\317\217\n\272\033o\353G>\275\361H\265\240\232um""\317\000\000\000\000\000\000\000\000\000\000\000\000\000\000\000\000\000\000\000\000\000\000\000\000\000\000\000\000\000\000\000\000?\332L;}{a\035\r\ryRN\036\010\004M~l\300A\201\033\251x\272\240\200\357\377\344O/\351\253\005/\351\253\006\n\000""; }; nodes {;   nodedata: ""\323C\344\327\264{\312-\017:\006{\177\344N\002\326bO\260\220\006\033\362\345\005U\221DzJ0\001\301\025%1L\307\t\261\262z\374\222T\301\274V\236\223\262\270Ct\362\337b\356\024*\324\320\351\317\002k\336\234\027v\351\217\260\303\360\233ZPZWr\246$w\313\313\r\243r\232\2234\373\3539:N\004Q\245\272D\312D\300\300\t\323\0257\345e\271\na\215{\226\255x%T\257\037\333\004\344_/R\006E\344\037@\210\363\010\336T\226\247'\204_{\261\370""1\235\2445\343\033Y!\212\201\341\272\225'\007\325U\230\376\376B\217\225'\202\025\2463\277{\221\257\021\034\276l\020s\246\235\367\001X\3370\257\025\013\003""; }; requestCookie: 5; ","ledgerHash: ""\324`\214\221\314\000\211K\223+(""\200i \311\372g\254\343ZR0\224\275q\252\357\213\263\206N""; ledgerSeq: 28; type: liBASE; nodes {;   nodedata: ""\000\000\000\034\001cEx]\211\377\330A\321\341bca\253\025\321\311\317\021\375\317\217\n\272\033o\353G>\275\361H\265\240\232um""\317\000\000\000\000\000\000\000\000\000\000\000\000\000\000\000\000\000\000\000\000\000\000\000\000\000\000\000\000\000\000\000\000?\332L;}{a\035\r\ryRN\036\010\004M~l\300A\201\033\251x\272\240\200\357\377\344O/\351\253\005/\351\253\006\n\000""; }; nodes {;   nodedata: ""\323C\344\327\264{\312-\017:\006{\177\344N\002\326bO\260\220\006\033\362\345\005U\221DzJ0\001\301\025%1L\307\t\261\262z\374\222T\301\274V\236\223\262\270Ct\362\337b\356\024*\324\320\351\317\002k\336\234\027v\351\217\260\303\360\233ZPZWr\246$w\313\313\r\243r\232\2234\373\3539:N\004Q\245\272D\312D\300\300\t\323\0257\345e\271\na\215{\226\255x%T\257\037\333\004\344_/R\006E\344\037@\210\363\010\336T\226\247'\204_{\261\370""1\235\2445\343\033Y!\212\201\341\272\225'\007\325U\230\376\376B\217\225'\202\025\2463\277{\221\257\021\034\276l\020s\246\235\367\001X\3370\257\025\013\003""; }; requestCookie: 5; "
1750527624497,1750527624498,0,1,4,1,TMLedgerData,"ledgerHash: ""\324`\214\221\314\000\211K\223+(""\200i \311\372g\254\343ZR0\224\275q\252\357\213\263\206N""; ledgerSeq: 28; type: liBASE; nodes {;   nodedata: ""\000\000\000\034\001cEx]\211\377\330A\321\341bca\253\025\321\311\317\021\375\317\217\n\272\033o\353G>\275\361H\265\240\232um""\317\000\000\000\000\000\000\000\000\000\000\000\000\000\000\000\000\000\000\000\000\000\000\000\000\000\000\000\000\000\000\000\000?\332L;}{a\035\r\ryRN\036\010\004M~l\300A\201\033\251x\272\240\200\357\377\344O/\351\253\005/\351\253\006\n\000""; }; nodes {;   nodedata: ""\323C\344\327\264{\312-\017:\006{\177\344N\002\326bO\260\220\006\033\362\345\005U\221DzJ0\001\301\025%1L\307\t\261\262z\374\222T\301\274V\236\223\262\270Ct\362\337b\356\024*\324\320\351\317\002k\336\234\027v\351\217\260\303\360\233ZPZWr\246$w\313\313\r\243r\232\2234\373\3539:N\004Q\245\272D\312D\300\300\t\323\0257\345e\271\na\215{\226\255x%T\257\037\333\004\344_/R\006E\344\037@\210\363\010\336T\226\247'\204_{\261\370""1\235\2445\343\033Y!\212\201\341\272\225'\007\325U\230\376\376B\217\225'\202\025\2463\277{\221\257\021\034\276l\020s\246\235\367\001X\3370\257\025\013\003""; }; ","ledgerHash: ""\324`\214\221\314\000\211K\223+(""\200i \311\372g\254\343ZR0\224\275q\252\357\213\263\206N""; ledgerSeq: 28; type: liBASE; nodes {;   nodedata: ""\000\000\000\034\001cEx]\211\377\330A\321\341bca\253\025\321\311\317\021\375\317\217\n\272\033o\353G>\275\361H\265\240\232um""\317\000\000\000\000\000\000\000\000\000\000\000\000\000\000\000\000\000\000\000\000\000\000\000\000\000\000\000\000\000\000\000\000?\332L;}{a\035\r\ryRN\036\010\004M~l\300A\201\033\251x\272\240\200\357\377\344O/\351\253\005/\351\253\006\n\000""; }; nodes {;   nodedata: ""\323C\344\327\264{\312-\017:\006{\177\344N\002\326bO\260\220\006\033\362\345\005U\221DzJ0\001\301\025%1L\307\t\261\262z\374\222T\301\274V\236\223\262\270Ct\362\337b\356\024*\324\320\351\317\002k\336\234\027v\351\217\260\303\360\233ZPZWr\246$w\313\313\r\243r\232\2234\373\3539:N\004Q\245\272D\312D\300\300\t\323\0257\345e\271\na\215{\226\255x%T\257\037\333\004\344_/R\006E\344\037@\210\363\010\336T\226\247'\204_{\261\370""1\235\2445\343\033Y!\212\201\341\272\225'\007\325U\230\376\376B\217\225'\202\025\2463\277{\221\257\021\034\276l\020s\246\235\367\001X\3370\257\025\013\003""; }; "
1750527624498,1750527624498,0,1,2,3,TMGetLedger,"itype: liAS_NODE; ledgerHash: ""\324`\214\221\314\000\211K\223+(""\200i \311\372g\254\343ZR0\224\275q\252\357\213\263\206N""; ledgerSeq: 28; nodeIDs: ""\260\000\000\000\000\000\000\000\000\000\000\000\000\000\000\000\000\000\000\000\000\000\000\000\000\000\000\000\000\000\000\000\001""; queryType: qtINDIRECT; queryDepth: 1; ","itype: liAS_NODE; ledgerHash: ""\324`\214\221\314\000\211K\223+(""\200i \311\372g\254\343ZR0\224\275q\252\357\213\263\206N""; ledgerSeq: 28; nodeIDs: ""\260\000\000\000\000\000\000\000\000\000\000\000\000\000\000\000\000\000\000\000\000\000\000\000\000\000\000\000\000\000\000\000\001""; queryType: qtINDIRECT; queryDepth: 1; "
1750527624498,1750527624498,0,1,2,3,TMGetLedger,"itype: liBASE; ledgerHash: ""\324`\214\221\314\000\211K\223+(""\200i \311\372g\254\343ZR0\224\275q\252\357\213\263\206N""; ledgerSeq: 28; requestCookie: 3; queryType: qtINDIRECT; ","itype: liBASE; ledgerHash: ""\324`\214\221\314\000\211K\223+(""\200i \311\372g\254\343ZR0\224\275q\252\357\213\263\206N""; ledgerSeq: 28; requestCookie: 3; queryType: qtINDIRECT; "
1750527624499,1750527624499,0,1,2,3,TMGetLedger,"itype: liBASE; ledgerHash: ""\324`\214\221\314\000\211K\223+(""\200i \311\372g\254\343ZR0\224\275q\252\357\213\263\206N""; requestCookie: 5; queryType: qtINDIRECT; ","itype: liBASE; ledgerHash: ""\324`\214\221\314\000\211K\223+(""\200i \311\372g\254\343ZR0\224\275q\252\357\213\263\206N""; requestCookie: 5; queryType: qtINDIRECT; "
1750527624499,1750527624500,0,1,2,0,TMLedgerData,"ledgerHash: ""\324`\214\221\314\000\211K\223+(""\200i \311\372g\254\343ZR0\224\275q\252\357\213\263\206N""; ledgerSeq: 28; type: liBASE; nodes {;   nodedata: ""\000\000\000\034\001cEx]\211\377\330A\321\341bca\253\025\321\311\317\021\375\317\217\n\272\033o\353G>\275\361H\265\240\232um""\317\000\000\000\000\000\000\000\000\000\000\000\000\000\000\000\000\000\000\000\000\000\000\000\000\000\000\000\000\000\000\000\000?\332L;}{a\035\r\ryRN\036\010\004M~l\300A\201\033\251x\272\240\200\357\377\344O/\351\253\005/\351\253\006\n\000""; }; nodes {;   nodedata: ""\323C\344\327\264{\312-\017:\006{\177\344N\002\326bO\260\220\006\033\362\345\005U\221DzJ0\001\301\025%1L\307\t\261\262z\374\222T\301\274V\236\223\262\270Ct\362\337b\356\024*\324\320\351\317\002k\336\234\027v\351\217\260\303\360\233ZPZWr\246$w\313\313\r\243r\232\2234\373\3539:N\004Q\245\272D\312D\300\300\t\323\0257\345e\271\na\215{\226\255x%T\257\037\333\004\344_/R\006E\344\037@\210\363\010\336T\226\247'\204_{\261\370""1\235\2445\343\033Y!\212\201\341\272\225'\007\325U\230\376\376B\217\225'\202\025\2463\277{\221\257\021\034\276l\020s\246\235\367\001X\3370\257\025\013\003""; }; ","ledgerHash: ""\324`\214\221\314\000\211K\223+(""\200i \311\372g\254\343ZR0\224\275q\252\357\213\263\206N""; ledgerSeq: 28; type: liBASE; nodes {;   nodedata: ""\000\000\000\034\001cEx]\211\377\330A\321\341bca\253\025\321\311\317\021\375\317\217\n\272\033o\353G>\275\361H\265\240\232um""\317\000\000\000\000\000\000\000\000\000\000\000\000\000\000\000\000\000\000\000\000\000\000\000\000\000\000\000\000\000\000\000\000?\332L;}{a\035\r\ryRN\036\010\004M~l\300A\201\033\251x\272\240\200\357\377\344O/\351\253\005/\351\253\006\n\000""; }; nodes {;   nodedata: ""\323C\344\327\264{\312-\017:\006{\177\344N\002\326bO\260\220\006\033\362\345\005U\221DzJ0\001\301\025%1L\307\t\261\262z\374\222T\301\274V\236\223\262\270Ct\362\337b\356\024*\324\320\351\317\002k\336\234\027v\351\217\260\303\360\233ZPZWr\246$w\313\313\r\243r\232\2234\373\3539:N\004Q\245\272D\312D\300\300\t\323\0257\345e\271\na\215{\226\255x%T\257\037\333\004\344_/R\006E\344\037@\210\363\010\336T\226\247'\204_{\261\370""1\235\2445\343\033Y!\212\201\341\272\225'\007\325U\230\376\376B\217\225'\202\025\2463\277{\221\257\021\034\276l\020s\246\235\367\001X\3370\257\025\013\003""; }; "
1750527624500,1750527624500,0,1,0,1,TMLedgerData,"ledgerHash: ""\324`\214\221\314\000\211K\223+(""\200i \311\372g\254\343ZR0\224\275q\252\357\213\263\206N""; ledgerSeq: 28; type: liBASE; nodes {;   nodedata: ""\000\000\000\034\001cEx]\211\377\330A\321\341bca\253\025\321\311\317\021\375\317\217\n\272\033o\353G>\275\361H\265\240\232um""\317\000\000\000\000\000\000\000\000\000\000\000\000\000\000\000\000\000\000\000\000\000\000\000\000\000\000\000\000\000\000\000\000?\332L;}{a\035\r\ryRN\036\010\004M~l\300A\201\033\251x\272\240\200\357\377\344O/\351\253\005/\351\253\006\n\000""; }; nodes {;   nodedata: ""\323C\344\327\264{\312-\017:\006{\177\344N\002\326bO\260\220\006\033\362\345\005U\221DzJ0\001\301\025%1L\307\t\261\262z\374\222T\301\274V\236\223\262\270Ct\362\337b\356\024*\324\320\351\317\002k\336\234\027v\351\217\260\303\360\233ZPZWr\246$w\313\313\r\243r\232\2234\373\3539:N\004Q\245\272D\312D\300\300\t\323\0257\345e\271\na\215{\226\255x%T\257\037\333\004\344_/R\006E\344\037@\210\363\010\336T\226\247'\204_{\261\370""1\235\2445\343\033Y!\212\201\341\272\225'\007\325U\230\376\376B\217\225'\202\025\2463\277{\221\257\021\034\276l\020s\246\235\367\001X\3370\257\025\013\003""; }; ","ledgerHash: ""\324`\214\221\314\000\211K\223+(""\200i \311\372g\254\343ZR0\224\275q\252\357\213\263\206N""; ledgerSeq: 28; type: liBASE; nodes {;   nodedata: ""\000\000\000\034\001cEx]\211\377\330A\321\341bca\253\025\321\311\317\021\375\317\217\n\272\033o\353G>\275\361H\265\240\232um""\317\000\000\000\000\000\000\000\000\000\000\000\000\000\000\000\000\000\000\000\000\000\000\000\000\000\000\000\000\000\000\000\000?\332L;}{a\035\r\ryRN\036\010\004M~l\300A\201\033\251x\272\240\200\357\377\344O/\351\253\005/\351\253\006\n\000""; }; nodes {;   nodedata: ""\323C\344\327\264{\312-\017:\006{\177\344N\002\326bO\260\220\006\033\362\345\005U\221DzJ0\001\301\025%1L\307\t\261\262z\374\222T\301\274V\236\223\262\270Ct\362\337b\356\024*\324\320\351\317\002k\336\234\027v\351\217\260\303\360\233ZPZWr\246$w\313\313\r\243r\232\2234\373\3539:N\004Q\245\272D\312D\300\300\t\323\0257\345e\271\na\215{\226\255x%T\257\037\333\004\344_/R\006E\344\037@\210\363\010\336T\226\247'\204_{\261\370""1\235\2445\343\033Y!\212\201\341\272\225'\007\325U\230\376\376B\217\225'\202\025\2463\277{\221\257\021\034\276l\020s\246\235\367\001X\3370\257\025\013\003""; }; "
1750527624501,1750527624501,0,1,0,4,TMLedgerData,"ledgerHash: ""\324`\214\221\314\000\211K\223+(""\200i \311\372g\254\343ZR0\224\275q\252\357\213\263\206N""; ledgerSeq: 28; type: liBASE; nodes {;   nodedata: ""\000\000\000\034\001cEx]\211\377\330A\321\341bca\253\025\321\311\317\021\375\317\217\n\272\033o\353G>\275\361H\265\240\232um""\317\000\000\000\000\000\000\000\000\000\000\000\000\000\000\000\000\000\000\000\000\000\000\000\000\000\000\000\000\000\000\000\000?\332L;}{a\035\r\ryRN\036\010\004M~l\300A\201\033\251x\272\240\200\357\377\344O/\351\253\005/\351\253\006\n\000""; }; nodes {;   nodedata: ""\323C\344\327\264{\312-\017:\006{\177\344N\002\326bO\260\220\006\033\362\345\005U\221DzJ0\001\301\025%1L\307\t\261\262z\374\222T\301\274V\236\223\262\270Ct\362\337b\356\024*\324\320\351\317\002k\336\234\027v\351\217\260\303\360\233ZPZWr\246$w\313\313\r\243r\232\2234\373\3539:N\004Q\245\272D\312D\300\300\t\323\0257\345e\271\na\215{\226\255x%T\257\037\333\004\344_/R\006E\344\037@\210\363\010\336T\226\247'\204_{\261\370""1\235\2445\343\033Y!\212\201\341\272\225'\007\325U\230\376\376B\217\225'\202\025\2463\277{\221\257\021\034\276l\020s\246\235\367\001X\3370\257\025\013\003""; }; ","ledgerHash: ""\324`\214\221\314\000\211K\223+(""\200i \311\372g\254\343ZR0\224\275q\252\357\213\263\206N""; ledgerSeq: 28; type: liBASE; nodes {;   nodedata: ""\000\000\000\034\001cEx]\211\377\330A\321\341bca\253\025\321\311\317\021\375\317\217\n\272\033o\353G>\275\361H\265\240\232um""\317\000\000\000\000\000\000\000\000\000\000\000\000\000\000\000\000\000\000\000\000\000\000\000\000\000\000\000\000\000\000\000\000?\332L;}{a\035\r\ryRN\036\010\004M~l\300A\201\033\251x\272\240\200\357\377\344O/\351\253\005/\351\253\006\n\000""; }; nodes {;   nodedata: ""\323C\344\327\264{\312-\017:\006{\177\344N\002\326bO\260\220\006\033\362\345\005U\221DzJ0\001\301\025%1L\307\t\261\262z\374\222T\301\274V\236\223\262\270Ct\362\337b\356\024*\324\320\351\317\002k\336\234\027v\351\217\260\303\360\233ZPZWr\246$w\313\313\r\243r\232\2234\373\3539:N\004Q\245\272D\312D\300\300\t\323\0257\345e\271\na\215{\226\255x%T\257\037\333\004\344_/R\006E\344\037@\210\363\010\336T\226\247'\204_{\261\370""1\235\2445\343\033Y!\212\201\341\272\225'\007\325U\230\376\376B\217\225'\202\025\2463\277{\221\257\021\034\276l\020s\246\235\367\001X\3370\257\025\013\003""; }; "
1750527624501,1750527624501,0,1,1,3,TMGetLedger,"itype: liAS_NODE; ledgerHash: ""\324`\214\221\314\000\211K\223+(""\200i \311\372g\254\343ZR0\224\275q\252\357\213\263\206N""; ledgerSeq: 28; nodeIDs: ""\260\000\000\000\000\000\000\000\000\000\000\000\000\000\000\000\000\000\000\000\000\000\000\000\000\000\000\000\000\000\000\000\001""; queryType: qtINDIRECT; queryDepth: 1; ","itype: liAS_NODE; ledgerHash: ""\324`\214\221\314\000\211K\223+(""\200i \311\372g\254\343ZR0\224\275q\252\357\213\263\206N""; ledgerSeq: 28; nodeIDs: ""\260\000\000\000\000\000\000\000\000\000\000\000\000\000\000\000\000\000\000\000\000\000\000\000\000\000\000\000\000\000\000\000\001""; queryType: qtINDIRECT; queryDepth: 1; "
1750527624502,1750527624502,0,1,1,2,TMLedgerData,"ledgerHash: ""\324`\214\221\314\000\211K\223+(""\200i \311\372g\254\343ZR0\224\275q\252\357\213\263\206N""; ledgerSeq: 28; type: liBASE; nodes {;   nodedata: ""\000\000\000\034\001cEx]\211\377\330A\321\341bca\253\025\321\311\317\021\375\317\217\n\272\033o\353G>\275\361H\265\240\232um""\317\000\000\000\000\000\000\000\000\000\000\000\000\000\000\000\000\000\000\000\000\000\000\000\000\000\000\000\000\000\000\000\000?\332L;}{a\035\r\ryRN\036\010\004M~l\300A\201\033\251x\272\240\200\357\377\344O/\351\253\005/\351\253\006\n\000""; }; nodes {;   nodedata: ""\323C\344\327\264{\312-\017:\006{\177\344N\002\326bO\260\220\006\033\362\345\005U\221DzJ0\001\301\025%1L\307\t\261\262z\374\222T\301\274V\236\223\262\270Ct\362\337b\356\024*\324\320\351\317\002k\336\234\027v\351\217\260\303\360\233ZPZWr\246$w\313\313\r\243r\232\2234\373\3539:N\004Q\245\272D\312D\300\300\t\323\0257\345e\271\na\215{\226\255x%T\257\037\333\004\344_/R\006E\344\037@\210\363\010\336T\226\247'\204_{\261\370""1\235\2445\343\033Y!\212\201\341\272\225'\007\325U\230\376\376B\217\225'\202\025\2463\277{\221\257\021\034\276l\020s\246\235\367\001X\3370\257\025\013\003""; }; ","ledgerHash: ""\324`\214\221\314\000\211K\223+(""\200i \311\372g\254\343ZR0\224\275q\252\357\213\263\206N""; ledgerSeq: 28; type: liBASE; nodes {;   nodedata: ""\000\000\000\034\001cEx]\211\377\330A\321\341bca\253\025\321\311\317\021\375\317\217\n\272\033o\353G>\275\361H\265\240\232um""\317\000\000\000\000\000\000\000\000\000\000\000\000\000\000\000\000\000\000\000\000\000\000\000\000\000\000\000\000\000\000\000\000?\332L;}{a\035\r\ryRN\036\010\004M~l\300A\201\033\251x\272\240\200\357\377\344O/\351\253\005/\351\253\006\n\000""; }; nodes {;   nodedata: ""\323C\344\327\264{\312-\017:\006{\177\344N\002\326bO\260\220\006\033\362\345\005U\221DzJ0\001\301\025%1L\307\t\261\262z\374\222T\301\274V\236\223\262\270Ct\362\337b\356\024*\324\320\351\317\002k\336\234\027v\351\217\260\303\360\233ZPZWr\246$w\313\313\r\243r\232\2234\373\3539:N\004Q\245\272D\312D\300\300\t\323\0257\345e\271\na\215{\226\255x%T\257\037\333\004\344_/R\006E\344\037@\210\363\010\336T\226\247'\204_{\261\370""1\235\2445\343\033Y!\212\201\341\272\225'\007\325U\230\376\376B\217\225'\202\025\2463\277{\221\257\021\034\276l\020s\246\235\367\001X\3370\257\025\013\003""; }; "
1750527624502,1750527624502,0,1,1,4,TMLedgerData,"ledgerHash: ""\324`\214\221\314\000\211K\223+(""\200i \311\372g\254\343ZR0\224\275q\252\357\213\263\206N""; ledgerSeq: 28; type: liBASE; nodes {;   nodedata: ""\000\000\000\034\001cEx]\211\377\330A\321\341bca\253\025\321\311\317\021\375\317\217\n\272\033o\353G>\275\361H\265\240\232um""\317\000\000\000\000\000\000\000\000\000\000\000\000\000\000\000\000\000\000\000\000\000\000\000\000\000\000\000\000\000\000\000\000?\332L;}{a\035\r\ryRN\036\010\004M~l\300A\201\033\251x\272\240\200\357\377\344O/\351\253\005/\351\253\006\n\000""; }; nodes {;   nodedata: ""\323C\344\327\264{\312-\017:\006{\177\344N\002\326bO\260\220\006\033\362\345\005U\221DzJ0\001\301\025%1L\307\t\261\262z\374\222T\301\274V\236\223\262\270Ct\362\337b\356\024*\324\320\351\317\002k\336\234\027v\351\217\260\303\360\233ZPZWr\246$w\313\313\r\243r\232\2234\373\3539:N\004Q\245\272D\312D\300\300\t\323\0257\345e\271\na\215{\226\255x%T\257\037\333\004\344_/R\006E\344\037@\210\363\010\336T\226\247'\204_{\261\370""1\235\2445\343\033Y!\212\201\341\272\225'\007\325U\230\376\376B\217\225'\202\025\2463\277{\221\257\021\034\276l\020s\246\235\367\001X\3370\257\025\013\003""; }; ","ledgerHash: ""\324`\214\221\314\000\211K\223+(""\200i \311\372g\254\343ZR0\224\275q\252\357\213\263\206N""; ledgerSeq: 28; type: liBASE; nodes {;   nodedata: ""\000\000\000\034\001cEx]\211\377\330A\321\341bca\253\025\321\311\317\021\375\317\217\n\272\033o\353G>\275\361H\265\240\232um""\317\000\000\000\000\000\000\000\000\000\000\000\000\000\000\000\000\000\000\000\000\000\000\000\000\000\000\000\000\000\000\000\000?\332L;}{a\035\r\ryRN\036\010\004M~l\300A\201\033\251x\272\240\200\357\377\344O/\351\253\005/\351\253\006\n\000""; }; nodes {;   nodedata: ""\323C\344\327\264{\312-\017:\006{\177\344N\002\326bO\260\220\006\033\362\345\005U\221DzJ0\001\301\025%1L\307\t\261\262z\374\222T\301\274V\236\223\262\270Ct\362\337b\356\024*\324\320\351\317\002k\336\234\027v\351\217\260\303\360\233ZPZWr\246$w\313\313\r\243r\232\2234\373\3539:N\004Q\245\272D\312D\300\300\t\323\0257\345e\271\na\215{\226\255x%T\257\037\333\004\344_/R\006E\344\037@\210\363\010\336T\226\247'\204_{\261\370""1\235\2445\343\033Y!\212\201\341\272\225'\007\325U\230\376\376B\217\225'\202\025\2463\277{\221\257\021\034\276l\020s\246\235\367\001X\3370\257\025\013\003""; }; "
1750527624504,1750527624504,0,1,3,2,TMLedgerData,"ledgerHash: ""\324`\214\221\314\000\211K\223+(""\200i \311\372g\254\343ZR0\224\275q\252\357\213\263\206N""; ledgerSeq: 28; type: liBASE; nodes {;   nodedata: ""\000\000\000\034\001cEx]\211\377\330A\321\341bca\253\025\321\311\317\021\375\317\217\n\272\033o\353G>\275\361H\265\240\232um""\317\000\000\000\000\000\000\000\000\000\000\000\000\000\000\000\000\000\000\000\000\000\000\000\000\000\000\000\000\000\000\000\000?\332L;}{a\035\r\ryRN\036\010\004M~l\300A\201\033\251x\272\240\200\357\377\344O/\351\253\005/\351\253\006\n\000""; }; nodes {;   nodedata: ""\323C\344\327\264{\312-\017:\006{\177\344N\002\326bO\260\220\006\033\362\345\005U\221DzJ0\001\301\025%1L\307\t\261\262z\374\222T\301\274V\236\223\262\270Ct\362\337b\356\024*\324\320\351\317\002k\336\234\027v\351\217\260\303\360\233ZPZWr\246$w\313\313\r\243r\232\2234\373\3539:N\004Q\245\272D\312D\300\300\t\323\0257\345e\271\na\215{\226\255x%T\257\037\333\004\344_/R\006E\344\037@\210\363\010\336T\226\247'\204_{\261\370""1\235\2445\343\033Y!\212\201\341\272\225'\007\325U\230\376\376B\217\225'\202\025\2463\277{\221\257\021\034\276l\020s\246\235\367\001X\3370\257\025\013\003""; }; requestCookie: 3; ","ledgerHash: ""\324`\214\221\314\000\211K\223+(""\200i \311\372g\254\343ZR0\224\275q\252\357\213\263\206N""; ledgerSeq: 28; type: liBASE; nodes {;   nodedata: ""\000\000\000\034\001cEx]\211\377\330A\321\341bca\253\025\321\311\317\021\375\317\217\n\272\033o\353G>\275\361H\265\240\232um""\317\000\000\000\000\000\000\000\000\000\000\000\000\000\000\000\000\000\000\000\000\000\000\000\000\000\000\000\000\000\000\000\000?\332L;}{a\035\r\ryRN\036\010\004M~l\300A\201\033\251x\272\240\200\357\377\344O/\351\253\005/\351\253\006\n\000""; }; nodes {;   nodedata: ""\323C\344\327\264{\312-\017:\006{\177\344N\002\326bO\260\220\006\033\362\345\005U\221DzJ0\001\301\025%1L\307\t\261\262z\374\222T\301\274V\236\223\262\270Ct\362\337b\356\024*\324\320\351\317\002k\336\234\027v\351\217\260\303\360\233ZPZWr\246$w\313\313\r\243r\232\2234\373\3539:N\004Q\245\272D\312D\300\300\t\323\0257\345e\271\na\215{\226\255x%T\257\037\333\004\344_/R\006E\344\037@\210\363\010\336T\226\247'\204_{\261\370""1\235\2445\343\033Y!\212\201\341\272\225'\007\325U\230\376\376B\217\225'\202\025\2463\277{\221\257\021\034\276l\020s\246\235\367\001X\3370\257\025\013\003""; }; requestCookie: 3; "
1750527624504,1750527624505,0,1,3,2,TMLedgerData,"ledgerHash: ""\324`\214\221\314\000\211K\223+(""\200i \311\372g\254\343ZR0\224\275q\252\357\213\263\206N""; ledgerSeq: 28; type: liAS_NODE; nodes {;   nodedata: ""\021\000h""\000\000\000\000 \033\000\000\000\033\002\023\303\277\330\356GuH\375\327!\255\371\r\231\262R\256J\034\222\241\355X\265E\241^W\225\304\014\361CX-}\351f\032\255\274\334m\326c\017\014ao[\342\230\003\245\245\3341Hm\326^\017jy\335\261\032Yt\320\244{g\0306\\302\303*\341\215\223\257\364\277o\375\000r\241SOq\221\253\262\005\017\375T\356\014\360o'\030\311-\267\031\257!\031T\006><\315XM\334\324\345\034\000\325\367\240\271\013\265\024\321\362\354\211\250.\234s\225amc\305\035\366\276\037nD\277`\210\223N\3535\033\261\304f\331]\036\237\306o!\223\221\002\324\031\262\240R\177 ,\214\325\Q])\016\2067\277\t\354\010\000\360\215\2502\265\245\310\226\243c\302Ze\306\253#r\020\211\320iG\276\020E\317\035Sf\223F\254\033@\177e\277\016\010u\327\371&\262\312\317Q\2361t\377x\234\001v\003%\030\325_\225g\204\346a=\225\273\331\354\365*U\363\263N\367b\371\244\314-w\363\262\225Z\200\206\235\233\257?sE\2674\254\326mU\377?\177Ek\336\030!\316Aa\225\303\022\377{\210Y\226\271as\354L\035\004\341\361\035\301\024\220m#*\372\032\3178~\374\250\014*\323\342'z69\220\327\256\351G\367\317u\302\207\270b\315\333\333\334\310I\323&\014\352XZnW2.\335\347\202\021\247\362\212e\034\000\001\250\220\305;a\314\265R\310\017\317\331\235\360\262\240:\277\202\266\354\265X""\022\nh\252\352w\204\203\023]\001f\352\277\0031Q]\362\370R\350{\261\202\240\344\215\201\353\276\322p5p\350\354\017>\250r\241c\273\016\301\024\363\242\247\263\231\370\344\nBW\220K\316@3\243\200\036wk\253GSlU\010\360\231>\331\263H\214\324\030A\225\301o\346pkSF\004\241\213w9\223=\250\262*+\255\351r\265\244c\024\213\t\007`\223\325#\3477\210\345P\306\013\320\252[\0216+\227=`\371P\314\346 V7\271[~\n\237\274|\347\352@K\253~&\260\032\024\004B\200\255h\351\013\361\031:nG\211\005|\2003\266\274\251,W\006u\344\335d\003\306\212\313,\340\350bG\n\030Z\2732-\246\312\255\030\003\235207\005}D\260\0261ah\322M\304\216\273m0\271\234\237\007<w$\265C\245\232\033\023\313c\321B\032l\301h\005\320\252\301\361(\330[\343\357\343{\235\n\266g\272>\177\317\347\261qb&\270&\346ju\200\363N\320\307\004\034\001n\317\361\2653\254\2503\247\305\372\316W\022O\253x\250\025\373\247\354Tc\304\263\243^\352Gv\\264\261\r\035\226\306\2411\351\233\203\215\200$\231\300f\220\371c@\017\254\363\\371\340\340VaR\205~^\226\342t\360\022\204d\231\205)\272\364?\361!\334\331\315\254\230\rBG\314\023\246\244=\351\177\254\302b&\276+H;0\312\021&\275\036\237\350R\313\206R\331\304k\323u\263t\221\213yC\241\217A\242\027g\322\241'\212.E?B_\316\327\217J +\370\t^b\005\020\003\211\373\247|hC\271Nmk~J\270EU\274\036-\347\240\312FA\321\341bca\253\025\321\311\317\021\375\317\217\n\272\033o\353G>\275\361H\265\240\232um""\317\264\227\2326\315\307\363\323\325\303\032N\256*\307\327 \235\332\207u\210\271\257\306g\231i*\260\326k\001"";   nodeid: ""\260\000\000\000\000\000\000\000\000\000\000\000\000\000\000\000\000\000\000\000\000\000\000\000\000\000\000\000\000\000\000\000\001""; }; ","ledgerHash: ""\324`\214\221\314\000\211K\223+(""\200i \311\372g\254\343ZR0\224\275q\252\357\213\263\206N""; ledgerSeq: 28; type: liAS_NODE; nodes {;   nodedata: ""\021\000h""\000\000\000\000 \033\000\000\000\033\002\023\303\277\330\356GuH\375\327!\255\371\r\231\262R\256J\034\222\241\355X\265E\241^W\225\304\014\361CX-}\351f\032\255\274\334m\326c\017\014ao[\342\230\003\245\245\3341Hm\326^\017jy\335\261\032Yt\320\244{g\0306\\302\303*\341\215\223\257\364\277o\375\000r\241SOq\221\253\262\005\017\375T\356\014\360o'\030\311-\267\031\257!\031T\006><\315XM\334\324\345\034\000\325\367\240\271\013\265\024\321\362\354\211\250.\234s\225amc\305\035\366\276\037nD\277`\210\223N\3535\033\261\304f\331]\036\237\306o!\223\221\002\324\031\262\240R\177 ,\214\325\Q])\016\2067\277\t\354\010\000\360\215\2502\265\245\310\226\243c\302Ze\306\253#r\020\211\320iG\276\020E\317\035Sf\223F\254\033@\177e\277\016\010u\327\371&\262\312\317Q\2361t\377x\234\001v\003%\030\325_\225g\204\346a=\225\273\331\354\365*U\363\263N\367b\371\244\314-w\363\262\225Z\200\206\235\233\257?sE\2674\254\326mU\377?\177Ek\336\030!\316Aa\225\303\022\377{\210Y\226\271as\354L\035\004\341\361\035\301\024\220m#*\372\032\3178~\374\250\014*\323\342'z69\220\327\256\351G\367\317u\302\207\270b\315\333\333\334\310I\323&\014\352XZnW2.\335\347\202\021\247\362\212e\034\000\001\250\220\305;a\314\265R\310\017\317\331\235\360\262\240:\277\202\266\354\265X""\022\nh\252\352w\204\203\023]\001f\352\277\0031Q]\362\370R\350{\261\202\240\344\215\201\353\276\322p5p\350\354\017>\250r\241c\273\016\301\024\363\242\247\263\231\370\344\nBW\220K\316@3\243\200\036wk\253GSlU\010\360\231>\331\263H\214\324\030A\225\301o\346pkSF\004\241\213w9\223=\250\262*+\255\351r\265\244c\024\213\t\007`\223\325#\3477\210\345P\306\013\320\252[\0216+\227=`\371P\314\346 V7\271[~\n\237\274|\347\352@K\253~&\260\032\024\004B\200\255h\351\013\361\031:nG\211\005|\2003\266\274\251,W\006u\344\335d\003\306\212\313,\340\350bG\n\030Z\2732-\246\312\255\030\003\235207\005}D\260\0261ah\322M\304\216\273m0\271\234\237\007<w$\265C\245\232\033\023\313c\321B\032l\301h\005\320\252\301\361(\330[\343\357\343{\235\n\266g\272>\177\317\347\261qb&\270&\346ju\200\363N\320\307\004\034\001n\317\361\2653\254\2503\247\305\372\316W\022O\253x\250\025\373\247\354Tc\304\263\243^\352Gv\\264\261\r\035\226\306\2411\351\233\203\215\200$\231\300f\220\371c@\017\254\363\\371\340\340VaR\205~^\226\342t\360\022\204d\231\205)\272\364?\361!\334\331\315\254\230\rBG\314\023\246\244=\351\177\254\302b&\276+H;0\312\021&\275\036\237\350R\313\206R\331\304k\323u\263t\221\213yC\241\217A\242\027g\322\241'\212.E?B_\316\327\217J +\370\t^b\005\020\003\211\373\247|hC\271Nmk~J\270EU\274\036-\347\240\312FA\321\341bca\253\025\321\311\317\021\375\317\217\n\272\033o\353G>\275\361H\265\240\232um""\317\264\227\2326\315\307\363\323\325\303\032N\256*\307\327 \235\332\207u\210\271\257\306g\231i*\260\326k\001"";   nodeid: ""\260\000\000\000\000\000\000\000\000\000\000\000\000\000\000\000\000\000\000\000\000\000\000\000\000\000\000\000\000\000\000\000\001""; }; "
1750527624506,1750527624506,0,1,3,1,TMLedgerData,"ledgerHash: ""\324`\214\221\314\000\211K\223+(""\200i \311\372g\254\343ZR0\224\275q\252\357\213\263\206N""; ledgerSeq: 28; type: liBASE; nodes {;   nodedata: ""\000\000\000\034\001cEx]\211\377\330A\321\341bca\253\025\321\311\317\021\375\317\217\n\272\033o\353G>\275\361H\265\240\232um""\317\000\000\000\000\000\000\000\000\000\000\000\000\000\000\000\000\000\000\000\000\000\000\000\000\000\000\000\000\000\000\000\000?\332L;}{a\035\r\ryRN\036\010\004M~l\300A\201\033\251x\272\240\200\357\377\344O/\351\253\005/\351\253\006\n\000""; }; nodes {;   nodedata: ""\323C\344\327\264{\312-\017:\006{\177\344N\002\326bO\260\220\006\033\362\345\005U\221DzJ0\001\301\025%1L\307\t\261\262z\374\222T\301\274V\236\223\262\270Ct\362\337b\356\024*\324\320\351\317\002k\336\234\027v\351\217\260\303\360\233ZPZWr\246$w\313\313\r\243r\232\2234\373\3539:N\004Q\245\272D\312D\300\300\t\323\0257\345e\271\na\215{\226\255x%T\257\037\333\004\344_/R\006E\344\037@\210\363\010\336T\226\247'\204_{\261\370""1\235\2445\343\033Y!\212\201\341\272\225'\007\325U\230\376\376B\217\225'\202\025\2463\277{\221\257\021\034\276l\020s\246\235\367\001X\3370\257\025\013\003""; }; requestCookie: 2; ","ledgerHash: ""\324`\214\221\314\000\211K\223+(""\200i \311\372g\254\343ZR0\224\275q\252\357\213\263\206N""; ledgerSeq: 28; type: liBASE; nodes {;   nodedata: ""\000\000\000\034\001cEx]\211\377\330A\321\341bca\253\025\321\311\317\021\375\317\217\n\272\033o\353G>\275\361H\265\240\232um""\317\000\000\000\000\000\000\000\000\000\000\000\000\000\000\000\000\000\000\000\000\000\000\000\000\000\000\000\000\000\000\000\000?\332L;}{a\035\r\ryRN\036\010\004M~l\300A\201\033\251x\272\240\200\357\377\344O/\351\253\005/\351\253\006\n\000""; }; nodes {;   nodedata: ""\323C\344\327\264{\312-\017:\006{\177\344N\002\326bO\260\220\006\033\362\345\005U\221DzJ0\001\301\025%1L\307\t\261\262z\374\222T\301\274V\236\223\262\270Ct\362\337b\356\024*\324\320\351\317\002k\336\234\027v\351\217\260\303\360\233ZPZWr\246$w\313\313\r\243r\232\2234\373\3539:N\004Q\245\272D\312D\300\300\t\323\0257\345e\271\na\215{\226\255x%T\257\037\333\004\344_/R\006E\344\037@\210\363\010\336T\226\247'\204_{\261\370""1\235\2445\343\033Y!\212\201\341\272\225'\007\325U\230\376\376B\217\225'\202\025\2463\277{\221\257\021\034\276l\020s\246\235\367\001X\3370\257\025\013\003""; }; requestCookie: 2; "
1750527624507,1750527624508,0,1,2,1,TMLedgerData,"ledgerHash: ""\324`\214\221\314\000\211K\223+(""\200i \311\372g\254\343ZR0\224\275q\252\357\213\263\206N""; ledgerSeq: 28; type: liBASE; nodes {;   nodedata: ""\000\000\000\034\001cEx]\211\377\330A\321\341bca\253\025\321\311\317\021\375\317\217\n\272\033o\353G>\275\361H\265\240\232um""\317\000\000\000\000\000\000\000\000\000\000\000\000\000\000\000\000\000\000\000\000\000\000\000\000\000\000\000\000\000\000\000\000?\332L;}{a\035\r\ryRN\036\010\004M~l\300A\201\033\251x\272\240\200\357\377\344O/\351\253\005/\351\253\006\n\000""; }; nodes {;   nodedata: ""\323C\344\327\264{\312-\017:\006{\177\344N\002\326bO\260\220\006\033\362\345\005U\221DzJ0\001\301\025%1L\307\t\261\262z\374\222T\301\274V\236\223\262\270Ct\362\337b\356\024*\324\320\351\317\002k\336\234\027v\351\217\260\303\360\233ZPZWr\246$w\313\313\r\243r\232\2234\373\3539:N\004Q\245\272D\312D\300\300\t\323\0257\345e\271\na\215{\226\255x%T\257\037\333\004\344_/R\006E\344\037@\210\363\010\336T\226\247'\204_{\261\370""1\235\2445\343\033Y!\212\201\341\272\225'\007\325U\230\376\376B\217\225'\202\025\2463\277{\221\257\021\034\276l\020s\246\235\367\001X\3370\257\025\013\003""; }; ","ledgerHash: ""\324`\214\221\314\000\211K\223+(""\200i \311\372g\254\343ZR0\224\275q\252\357\213\263\206N""; ledgerSeq: 28; type: liBASE; nodes {;   nodedata: ""\000\000\000\034\001cEx]\211\377\330A\321\341bca\253\025\321\311\317\021\375\317\217\n\272\033o\353G>\275\361H\265\240\232um""\317\000\000\000\000\000\000\000\000\000\000\000\000\000\000\000\000\000\000\000\000\000\000\000\000\000\000\000\000\000\000\000\000?\332L;}{a\035\r\ryRN\036\010\004M~l\300A\201\033\251x\272\240\200\357\377\344O/\351\253\005/\351\253\006\n\000""; }; nodes {;   nodedata: ""\323C\344\327\264{\312-\017:\006{\177\344N\002\326bO\260\220\006\033\362\345\005U\221DzJ0\001\301\025%1L\307\t\261\262z\374\222T\301\274V\236\223\262\270Ct\362\337b\356\024*\324\320\351\317\002k\336\234\027v\351\217\260\303\360\233ZPZWr\246$w\313\313\r\243r\232\2234\373\3539:N\004Q\245\272D\312D\300\300\t\323\0257\345e\271\na\215{\226\255x%T\257\037\333\004\344_/R\006E\344\037@\210\363\010\336T\226\247'\204_{\261\370""1\235\2445\343\033Y!\212\201\341\272\225'\007\325U\230\376\376B\217\225'\202\025\2463\277{\221\257\021\034\276l\020s\246\235\367\001X\3370\257\025\013\003""; }; "
1750527624508,1750527624508,0,1,1,0,TMLedgerData,"ledgerHash: ""\324`\214\221\314\000\211K\223+(""\200i \311\372g\254\343ZR0\224\275q\252\357\213\263\206N""; ledgerSeq: 28; type: liBASE; nodes {;   nodedata: ""\000\000\000\034\001cEx]\211\377\330A\321\341bca\253\025\321\311\317\021\375\317\217\n\272\033o\353G>\275\361H\265\240\232um""\317\000\000\000\000\000\000\000\000\000\000\000\000\000\000\000\000\000\000\000\000\000\000\000\000\000\000\000\000\000\000\000\000?\332L;}{a\035\r\ryRN\036\010\004M~l\300A\201\033\251x\272\240\200\357\377\344O/\351\253\005/\351\253\006\n\000""; }; nodes {;   nodedata: ""\323C\344\327\264{\312-\017:\006{\177\344N\002\326bO\260\220\006\033\362\345\005U\221DzJ0\001\301\025%1L\307\t\261\262z\374\222T\301\274V\236\223\262\270Ct\362\337b\356\024*\324\320\351\317\002k\336\234\027v\351\217\260\303\360\233ZPZWr\246$w\313\313\r\243r\232\2234\373\3539:N\004Q\245\272D\312D\300\300\t\323\0257\345e\271\na\215{\226\255x%T\257\037\333\004\344_/R\006E\344\037@\210\363\010\336T\226\247'\204_{\261\370""1\235\2445\343\033Y!\212\201\341\272\225'\007\325U\230\376\376B\217\225'\202\025\2463\277{\221\257\021\034\276l\020s\246\235\367\001X\3370\257\025\013\003""; }; ","ledgerHash: ""\324`\214\221\314\000\211K\223+(""\200i \311\372g\254\343ZR0\224\275q\252\357\213\263\206N""; ledgerSeq: 28; type: liBASE; nodes {;   nodedata: ""\000\000\000\034\001cEx]\211\377\330A\321\341bca\253\025\321\311\317\021\375\317\217\n\272\033o\353G>\275\361H\265\240\232um""\317\000\000\000\000\000\000\000\000\000\000\000\000\000\000\000\000\000\000\000\000\000\000\000\000\000\000\000\000\000\000\000\000?\332L;}{a\035\r\ryRN\036\010\004M~l\300A\201\033\251x\272\240\200\357\377\344O/\351\253\005/\351\253\006\n\000""; }; nodes {;   nodedata: ""\323C\344\327\264{\312-\017:\006{\177\344N\002\326bO\260\220\006\033\362\345\005U\221DzJ0\001\301\025%1L\307\t\261\262z\374\222T\301\274V\236\223\262\270Ct\362\337b\356\024*\324\320\351\317\002k\336\234\027v\351\217\260\303\360\233ZPZWr\246$w\313\313\r\243r\232\2234\373\3539:N\004Q\245\272D\312D\300\300\t\323\0257\345e\271\na\215{\226\255x%T\257\037\333\004\344_/R\006E\344\037@\210\363\010\336T\226\247'\204_{\261\370""1\235\2445\343\033Y!\212\201\341\272\225'\007\325U\230\376\376B\217\225'\202\025\2463\277{\221\257\021\034\276l\020s\246\235\367\001X\3370\257\025\013\003""; }; "
1750527624545,1750527624546,0,1,3,2,TMLedgerData,"ledgerHash: ""\324`\214\221\314\000\211K\223+(""\200i \311\372g\254\343ZR0\224\275q\252\357\213\263\206N""; ledgerSeq: 28; type: liBASE; nodes {;   nodedata: ""\000\000\000\034\001cEx]\211\377\330A\321\341bca\253\025\321\311\317\021\375\317\217\n\272\033o\353G>\275\361H\265\240\232um""\317\000\000\000\000\000\000\000\000\000\000\000\000\000\000\000\000\000\000\000\000\000\000\000\000\000\000\000\000\000\000\000\000?\332L;}{a\035\r\ryRN\036\010\004M~l\300A\201\033\251x\272\240\200\357\377\344O/\351\253\005/\351\253\006\n\000""; }; nodes {;   nodedata: ""\323C\344\327\264{\312-\017:\006{\177\344N\002\326bO\260\220\006\033\362\345\005U\221DzJ0\001\301\025%1L\307\t\261\262z\374\222T\301\274V\236\223\262\270Ct\362\337b\356\024*\324\320\351\317\002k\336\234\027v\351\217\260\303\360\233ZPZWr\246$w\313\313\r\243r\232\2234\373\3539:N\004Q\245\272D\312D\300\300\t\323\0257\345e\271\na\215{\226\255x%T\257\037\333\004\344_/R\006E\344\037@\210\363\010\336T\226\247'\204_{\261\370""1\235\2445\343\033Y!\212\201\341\272\225'\007\325U\230\376\376B\217\225'\202\025\2463\277{\221\257\021\034\276l\020s\246\235\367\001X\3370\257\025\013\003""; }; requestCookie: 5; ","ledgerHash: ""\324`\214\221\314\000\211K\223+(""\200i \311\372g\254\343ZR0\224\275q\252\357\213\263\206N""; ledgerSeq: 28; type: liBASE; nodes {;   nodedata: ""\000\000\000\034\001cEx]\211\377\330A\321\341bca\253\025\321\311\317\021\375\317\217\n\272\033o\353G>\275\361H\265\240\232um""\317\000\000\000\000\000\000\000\000\000\000\000\000\000\000\000\000\000\000\000\000\000\000\000\000\000\000\000\000\000\000\000\000?\332L;}{a\035\r\ryRN\036\010\004M~l\300A\201\033\251x\272\240\200\357\377\344O/\351\253\005/\351\253\006\n\000""; }; nodes {;   nodedata: ""\323C\344\327\264{\312-\017:\006{\177\344N\002\326bO\260\220\006\033\362\345\005U\221DzJ0\001\301\025%1L\307\t\261\262z\374\222T\301\274V\236\223\262\270Ct\362\337b\356\024*\324\320\351\317\002k\336\234\027v\351\217\260\303\360\233ZPZWr\246$w\313\313\r\243r\232\2234\373\3539:N\004Q\245\272D\312D\300\300\t\323\0257\345e\271\na\215{\226\255x%T\257\037\333\004\344_/R\006E\344\037@\210\363\010\336T\226\247'\204_{\261\370""1\235\2445\343\033Y!\212\201\341\272\225'\007\325U\230\376\376B\217\225'\202\025\2463\277{\221\257\021\034\276l\020s\246\235\367\001X\3370\257\025\013\003""; }; requestCookie: 5; "
1750527624546,1750527624547,0,1,2,4,TMLedgerData,"ledgerHash: ""\324`\214\221\314\000\211K\223+(""\200i \311\372g\254\343ZR0\224\275q\252\357\213\263\206N""; ledgerSeq: 28; type: liBASE; nodes {;   nodedata: ""\000\000\000\034\001cEx]\211\377\330A\321\341bca\253\025\321\311\317\021\375\317\217\n\272\033o\353G>\275\361H\265\240\232um""\317\000\000\000\000\000\000\000\000\000\000\000\000\000\000\000\000\000\000\000\000\000\000\000\000\000\000\000\000\000\000\000\000?\332L;}{a\035\r\ryRN\036\010\004M~l\300A\201\033\251x\272\240\200\357\377\344O/\351\253\005/\351\253\006\n\000""; }; nodes {;   nodedata: ""\323C\344\327\264{\312-\017:\006{\177\344N\002\326bO\260\220\006\033\362\345\005U\221DzJ0\001\301\025%1L\307\t\261\262z\374\222T\301\274V\236\223\262\270Ct\362\337b\356\024*\324\320\351\317\002k\336\234\027v\351\217\260\303\360\233ZPZWr\246$w\313\313\r\243r\232\2234\373\3539:N\004Q\245\272D\312D\300\300\t\323\0257\345e\271\na\215{\226\255x%T\257\037\333\004\344_/R\006E\344\037@\210\363\010\336T\226\247'\204_{\261\370""1\235\2445\343\033Y!\212\201\341\272\225'\007\325U\230\376\376B\217\225'\202\025\2463\277{\221\257\021\034\276l\020s\246\235\367\001X\3370\257\025\013\003""; }; ","ledgerHash: ""\324`\214\221\314\000\211K\223+(""\200i \311\372g\254\343ZR0\224\275q\252\357\213\263\206N""; ledgerSeq: 28; type: liBASE; nodes {;   nodedata: ""\000\000\000\034\001cEx]\211\377\330A\321\341bca\253\025\321\311\317\021\375\317\217\n\272\033o\353G>\275\361H\265\240\232um""\317\000\000\000\000\000\000\000\000\000\000\000\000\000\000\000\000\000\000\000\000\000\000\000\000\000\000\000\000\000\000\000\000?\332L;}{a\035\r\ryRN\036\010\004M~l\300A\201\033\251x\272\240\200\357\377\344O/\351\253\005/\351\253\006\n\000""; }; nodes {;   nodedata: ""\323C\344\327\264{\312-\017:\006{\177\344N\002\326bO\260\220\006\033\362\345\005U\221DzJ0\001\301\025%1L\307\t\261\262z\374\222T\301\274V\236\223\262\270Ct\362\337b\356\024*\324\320\351\317\002k\336\234\027v\351\217\260\303\360\233ZPZWr\246$w\313\313\r\243r\232\2234\373\3539:N\004Q\245\272D\312D\300\300\t\323\0257\345e\271\na\215{\226\255x%T\257\037\333\004\344_/R\006E\344\037@\210\363\010\336T\226\247'\204_{\261\370""1\235\2445\343\033Y!\212\201\341\272\225'\007\325U\230\376\376B\217\225'\202\025\2463\277{\221\257\021\034\276l\020s\246\235\367\001X\3370\257\025\013\003""; }; "
1750527624549,1750527624550,0,1,3,1,TMLedgerData,"ledgerHash: ""\324`\214\221\314\000\211K\223+(""\200i \311\372g\254\343ZR0\224\275q\252\357\213\263\206N""; ledgerSeq: 28; type: liAS_NODE; nodes {;   nodedata: ""\021\000h""\000\000\000\000 \033\000\000\000\033\002\023\303\277\330\356GuH\375\327!\255\371\r\231\262R\256J\034\222\241\355X\265E\241^W\225\304\014\361CX-}\351f\032\255\274\334m\326c\017\014ao[\342\230\003\245\245\3341Hm\326^\017jy\335\261\032Yt\320\244{g\0306\\302\303*\341\215\223\257\364\277o\375\000r\241SOq\221\253\262\005\017\375T\356\014\360o'\030\311-\267\031\257!\031T\006><\315XM\334\324\345\034\000\325\367\240\271\013\265\024\321\362\354\211\250.\234s\225amc\305\035\366\276\037nD\277`\210\223N\3535\033\261\304f\331]\036\237\306o!\223\221\002\324\031\262\240R\177 ,\214\325\Q])\016\2067\277\t\354\010\000\360\215\2502\265\245\310\226\243c\302Ze\306\253#r\020\211\320iG\276\020E\317\035Sf\223F\254\033@\177e\277\016\010u\327\371&\262\312\317Q\2361t\377x\234\001v\003%\030\325_\225g\204\346a=\225\273\331\354\365*U\363\263N\367b\371\244\314-w\363\262\225Z\200\206\235\233\257?sE\2674\254\326mU\377?\177Ek\336\030!\316Aa\225\303\022\377{\210Y\226\271as\354L\035\004\341\361\035\301\024\220m#*\372\032\3178~\374\250\014*\323\342'z69\220\327\256\351G\367\317u\302\207\270b\315\333\333\334\310I\323&\014\352XZnW2.\335\347\202\021\247\362\212e\034\000\001\250\220\305;a\314\265R\310\017\317\331\235\360\262\240:\277\202\266\354\265X""\022\nh\252\352w\204\203\023]\001f\352\277\0031Q]\362\370R\350{\261\202\240\344\215\201\353\276\322p5p\350\354\017>\250r\241c\273\016\301\024\363\242\247\263\231\370\344\nBW\220K\316@3\243\200\036wk\253GSlU\010\360\231>\331\263H\214\324\030A\225\301o\346pkSF\004\241\213w9\223=\250\262*+\255\351r\265\244c\024\213\t\007`\223\325#\3477\210\345P\306\013\320\252[\0216+\227=`\371P\314\346 V7\271[~\n\237\274|\347\352@K\253~&\260\032\024\004B\200\255h\351\013\361\031:nG\211\005|\2003\266\274\251,W\006u\344\335d\003\306\212\313,\340\350bG\n\030Z\2732-\246\312\255\030\003\235207\005}D\260\0261ah\322M\304\216\273m0\271\234\237\007<w$\265C\245\232\033\023\313c\321B\032l\301h\005\320\252\301\361(\330[\343\357\343{\235\n\266g\272>\177\317\347\261qb&\270&\346ju\200\363N\320\307\004\034\001n\317\361\2653\254\2503\247\305\372\316W\022O\253x\250\025\373\247\354Tc\304\263\243^\352Gv\\264\261\r\035\226\306\2411\351\233\203\215\200$\231\300f\220\371c@\017\254\363\\371\340\340VaR\205~^\226\342t\360\022\204d\231\205)\272\364?\361!\334\331\315\254\230\rBG\314\023\246\244=\351\177\254\302b&\276+H;0\312\021&\275\036\237\350R\313\206R\331\304k\323u\263t\221\213yC\241\217A\242\027g\322\241'\212.E?B_\316\327\217J +\370\t^b\005\020\003\211\373\247|hC\271Nmk~J\270EU\274\036-\347\240\312FA\321\341bca\253\025\321\311\317\021\375\317\217\n\272\033o\353G>\275\361H\265\240\232um""\317\264\227\2326\315\307\363\323\325\303\032N\256*\307\327 \235\332\207u\210\271\257\306g\231i*\260\326k\001"";   nodeid: ""\260\000\000\000\000\000\000\000\000\000\000\000\000\000\000\000\000\000\000\000\000\000\000\000\000\000\000\000\000\000\000\000\001""; }; ","ledgerHash: ""\324`\214\221\314\000\211K\223+(""\200i \311\372g\254\343ZR0\224\275q\252\357\213\263\206N""; ledgerSeq: 28; type: liAS_NODE; nodes {;   nodedata: ""\021\000h""\000\000\000\000 \033\000\000\000\033\002\023\303\277\330\356GuH\375\327!\255\371\r\231\262R\256J\034\222\241\355X\265E\241^W\225\304\014\361CX-}\351f\032\255\274\334m\326c\017\014ao[\342\230\003\245\245\3341Hm\326^\017jy\335\261\032Yt\320\244{g\0306\\302\303*\341\215\223\257\364\277o\375\000r\241SOq\221\253\262\005\017\375T\356\014\360o'\030\311-\267\031\257!\031T\006><\315XM\334\324\345\034\000\325\367\240\271\013\265\024\321\362\354\211\250.\234s\225amc\305\035\366\276\037nD\277`\210\223N\3535\033\261\304f\331]\036\237\306o!\223\221\002\324\031\262\240R\177 ,\214\325\Q])\016\2067\277\t\354\010\000\360\215\2502\265\245\310\226\243c\302Ze\306\253#r\020\211\320iG\276\020E\317\035Sf\223F\254\033@\177e\277\016\010u\327\371&\262\312\317Q\2361t\377x\234\001v\003%\030\325_\225g\204\346a=\225\273\331\354\365*U\363\263N\367b\371\244\314-w\363\262\225Z\200\206\235\233\257?sE\2674\254\326mU\377?\177Ek\336\030!\316Aa\225\303\022\377{\210Y\226\271as\354L\035\004\341\361\035\301\024\220m#*\372\032\3178~\374\250\014*\323\342'z69\220\327\256\351G\367\317u\302\207\270b\315\333\333\334\310I\323&\014\352XZnW2.\335\347\202\021\247\362\212e\034\000\001\250\220\305;a\314\265R\310\017\317\331\235\360\262\240:\277\202\266\354\265X""\022\nh\252\352w\204\203\023]\001f\352\277\0031Q]\362\370R\350{\261\202\240\344\215\201\353\276\322p5p\350\354\017>\250r\241c\273\016\301\024\363\242\247\263\231\370\344\nBW\220K\316@3\243\200\036wk\253GSlU\010\360\231>\331\263H\214\324\030A\225\301o\346pkSF\004\241\213w9\223=\250\262*+\255\351r\265\244c\024\213\t\007`\223\325#\3477\210\345P\306\013\320\252[\0216+\227=`\371P\314\346 V7\271[~\n\237\274|\347\352@K\253~&\260\032\024\004B\200\255h\351\013\361\031:nG\211\005|\2003\266\274\251,W\006u\344\335d\003\306\212\313,\340\350bG\n\030Z\2732-\246\312\255\030\003\235207\005}D\260\0261ah\322M\304\216\273m0\271\234\237\007<w$\265C\245\232\033\023\313c\321B\032l\301h\005\320\252\301\361(\330[\343\357\343{\235\n\266g\272>\177\317\347\261qb&\270&\346ju\200\363N\320\307\004\034\001n\317\361\2653\254\2503\247\305\372\316W\022O\253x\250\025\373\247\354Tc\304\263\243^\352Gv\\264\261\r\035\226\306\2411\351\233\203\215\200$\231\300f\220\371c@\017\254\363\\371\340\340VaR\205~^\226\342t\360\022\204d\231\205)\272\364?\361!\334\331\315\254\230\rBG\314\023\246\244=\351\177\254\302b&\276+H;0\312\021&\275\036\237\350R\313\206R\331\304k\323u\263t\221\213yC\241\217A\242\027g\322\241'\212.E?B_\316\327\217J +\370\t^b\005\020\003\211\373\247|hC\271Nmk~J\270EU\274\036-\347\240\312FA\321\341bca\253\025\321\311\317\021\375\317\217\n\272\033o\353G>\275\361H\265\240\232um""\317\264\227\2326\315\307\363\323\325\303\032N\256*\307\327 \235\332\207u\210\271\257\306g\231i*\260\326k\001"";   nodeid: ""\260\000\000\000\000\000\000\000\000\000\000\000\000\000\000\000\000\000\000\000\000\000\000\000\000\000\000\000\000\000\000\000\001""; }; "
1750527624608,1750527624609,0,1,4,3,TMStatusChange,"newEvent: neACCEPTED_LEDGER; ledgerSeq: 28; ledgerHash: ""\324`\214\221\314\000\211K\223+(""\200i \311\372g\254\343ZR0\224\275q\252\357\213\263\206N""; ledgerHashPrevious: ""A\321\341bca\253\025\321\311\317\021\375\317\217\n\272\033o\353G>\275\361H\265\240\232um""\317""; networkTime: 803842824; firstSeq: 1; lastSeq: 27; ","newEvent: neACCEPTED_LEDGER; ledgerSeq: 28; ledgerHash: ""\324`\214\221\314\000\211K\223+(""\200i \311\372g\254\343ZR0\224\275q\252\357\213\263\206N""; ledgerHashPrevious: ""A\321\341bca\253\025\321\311\317\021\375\317\217\n\272\033o\353G>\275\361H\265\240\232um""\317""; networkTime: 803842824; firstSeq: 1; lastSeq: 27; "
1750527624609,1750527624609,0,1,4,1,TMStatusChange,"newEvent: neACCEPTED_LEDGER; ledgerSeq: 28; ledgerHash: ""\324`\214\221\314\000\211K\223+(""\200i \311\372g\254\343ZR0\224\275q\252\357\213\263\206N""; ledgerHashPrevious: ""A\321\341bca\253\025\321\311\317\021\375\317\217\n\272\033o\353G>\275\361H\265\240\232um""\317""; networkTime: 803842824; firstSeq: 1; lastSeq: 27; ","newEvent: neACCEPTED_LEDGER; ledgerSeq: 28; ledgerHash: ""\324`\214\221\314\000\211K\223+(""\200i \311\372g\254\343ZR0\224\275q\252\357\213\263\206N""; ledgerHashPrevious: ""A\321\341bca\253\025\321\311\317\021\375\317\217\n\272\033o\353G>\275\361H\265\240\232um""\317""; networkTime: 803842824; firstSeq: 1; lastSeq: 27; "
1750527624610,1750527624610,0,1,4,2,TMStatusChange,"newEvent: neACCEPTED_LEDGER; ledgerSeq: 28; ledgerHash: ""\324`\214\221\314\000\211K\223+(""\200i \311\372g\254\343ZR0\224\275q\252\357\213\263\206N""; ledgerHashPrevious: ""A\321\341bca\253\025\321\311\317\021\375\317\217\n\272\033o\353G>\275\361H\265\240\232um""\317""; networkTime: 803842824; firstSeq: 1; lastSeq: 27; ","newEvent: neACCEPTED_LEDGER; ledgerSeq: 28; ledgerHash: ""\324`\214\221\314\000\211K\223+(""\200i \311\372g\254\343ZR0\224\275q\252\357\213\263\206N""; ledgerHashPrevious: ""A\321\341bca\253\025\321\311\317\021\375\317\217\n\272\033o\353G>\275\361H\265\240\232um""\317""; networkTime: 803842824; firstSeq: 1; lastSeq: 27; "
1750527624610,1750527624610,0,1,4,2,TMValidation,"validation: """"\200\000\000\001&\000\000\000\034)/\351\253\010:\r\302\353\023?\373\240rQ\324`\214\221\314\000\211K\223+(""\200i \311\372g\254\343ZR0\224\275q\252\357\213\263\206NP\027\000\000\000\000\000\000\000\000\000\000\000\000\000\000\000\000\000\000\000\000\000\000\000\000\000\000\000\000\000\000\000\000P\031A\321\341bca\253\025\321\311\317\021\375\317\217\n\272\033o\353G>\275\361H\265\240\232um""\317s!\003R7o\362bV\300hf\266\241;}\200^\374\240\203[:\342Q\225\221\027y\372\255\235\216\323~vF0D\002 ;\277\232\257\355\\341\216`ch :9\271a5Vf\026\301""8\375\003\306\314\232\270&\0060\002 :\257&\252\205'\365/\305\275U\243h\343\027\233&v\337]\276\340t\2534\337""\326\\310\234<""; ","validation: """"\200\000\000\001&\000\000\000\034)/\351\253\010:\r\302\353\023?\373\240rQ\324`\214\221\314\000\211K\223+(""\200i \311\372g\254\343ZR0\224\275q\252\357\213\263\206NP\027\000\000\000\000\000\000\000\000\000\000\000\000\000\000\000\000\000\000\000\000\000\000\000\000\000\000\000\000\000\000\000\000P\031A\321\341bca\253\025\321\311\317\021\375\317\217\n\272\033o\353G>\275\361H\265\240\232um""\317s!\003R7o\362bV\300hf\266\241;}\200^\374\240\203[:\342Q\225\221\027y\372\255\235\216\323~vF0D\002 ;\277\232\257\355\\341\216`ch :9\271a5Vf\026\301""8\375\003\306\314\232\270&\0060\002 :\257&\252\205'\365/\305\275U\243h\343\027\233&v\337]\276\340t\2534\337""\326\\310\234<""; "
1750527624609,1750527624609,0,1,4,0,TMStatusChange,"newEvent: neACCEPTED_LEDGER; ledgerSeq: 28; ledgerHash: ""\324`\214\221\314\000\211K\223+(""\200i \311\372g\254\343ZR0\224\275q\252\357\213\263\206N""; ledgerHashPrevious: ""A\321\341bca\253\025\321\311\317\021\375\317\217\n\272\033o\353G>\275\361H\265\240\232um""\317""; networkTime: 803842824; firstSeq: 1; lastSeq: 27; ","newEvent: neACCEPTED_LEDGER; ledgerSeq: 28; ledgerHash: ""\324`\214\221\314\000\211K\223+(""\200i \311\372g\254\343ZR0\224\275q\252\357\213\263\206N""; ledgerHashPrevious: ""A\321\341bca\253\025\321\311\317\021\375\317\217\n\272\033o\353G>\275\361H\265\240\232um""\317""; networkTime: 803842824; firstSeq: 1; lastSeq: 27; "
1750527624613,1750527624613,0,1,2,0,TMValidation,"validation: """"\200\000\000\001&\000\000\000\034)/\351\253\010:\r\302\353\023?\373\240rQ\324`\214\221\314\000\211K\223+(""\200i \311\372g\254\343ZR0\224\275q\252\357\213\263\206NP\027\000\000\000\000\000\000\000\000\000\000\000\000\000\000\000\000\000\000\000\000\000\000\000\000\000\000\000\000\000\000\000\000P\031A\321\341bca\253\025\321\311\317\021\375\317\217\n\272\033o\353G>\275\361H\265\240\232um""\317s!\003R7o\362bV\300hf\266\241;}\200^\374\240\203[:\342Q\225\221\027y\372\255\235\216\323~vF0D\002 ;\277\232\257\355\\341\216`ch :9\271a5Vf\026\301""8\375\003\306\314\232\270&\0060\002 :\257&\252\205'\365/\305\275U\243h\343\027\233&v\337]\276\340t\2534\337""\326\\310\234<""; ","validation: """"\200\000\000\001&\000\000\000\034)/\351\253\010:\r\302\353\023?\373\240rQ\324`\214\221\314\000\211K\223+(""\200i \311\372g\254\343ZR0\224\275q\252\357\213\263\206NP\027\000\000\000\000\000\000\000\000\000\000\000\000\000\000\000\000\000\000\000\000\000\000\000\000\000\000\000\000\000\000\000\000P\031A\321\341bca\253\025\321\311\317\021\375\317\217\n\272\033o\353G>\275\361H\265\240\232um""\317s!\003R7o\362bV\300hf\266\241;}\200^\374\240\203[:\342Q\225\221\027y\372\255\235\216\323~vF0D\002 ;\277\232\257\355\\341\216`ch :9\271a5Vf\026\301""8\375\003\306\314\232\270&\0060\002 :\257&\252\205'\365/\305\275U\243h\343\027\233&v\337]\276\340t\2534\337""\326\\310\234<""; "
1750527624614,1750527624614,0,1,2,1,TMValidation,"validation: """"\200\000\000\001&\000\000\000\034)/\351\253\010:\r\302\353\023?\373\240rQ\324`\214\221\314\000\211K\223+(""\200i \311\372g\254\343ZR0\224\275q\252\357\213\263\206NP\027\000\000\000\000\000\000\000\000\000\000\000\000\000\000\000\000\000\000\000\000\000\000\000\000\000\000\000\000\000\000\000\000P\031A\321\341bca\253\025\321\311\317\021\375\317\217\n\272\033o\353G>\275\361H\265\240\232um""\317s!\003R7o\362bV\300hf\266\241;}\200^\374\240\203[:\342Q\225\221\027y\372\255\235\216\323~vF0D\002 ;\277\232\257\355\\341\216`ch :9\271a5Vf\026\301""8\375\003\306\314\232\270&\0060\002 :\257&\252\205'\365/\305\275U\243h\343\027\233&v\337]\276\340t\2534\337""\326\\310\234<""; ","validation: """"\200\000\000\001&\000\000\000\034)/\351\253\010:\r\302\353\023?\373\240rQ\324`\214\221\314\000\211K\223+(""\200i \311\372g\254\343ZR0\224\275q\252\357\213\263\206NP\027\000\000\000\000\000\000\000\000\000\000\000\000\000\000\000\000\000\000\000\000\000\000\000\000\000\000\000\000\000\000\000\000P\031A\321\341bca\253\025\321\311\317\021\375\317\217\n\272\033o\353G>\275\361H\265\240\232um""\317s!\003R7o\362bV\300hf\266\241;}\200^\374\240\203[:\342Q\225\221\027y\372\255\235\216\323~vF0D\002 ;\277\232\257\355\\341\216`ch :9\271a5Vf\026\301""8\375\003\306\314\232\270&\0060\002 :\257&\252\205'\365/\305\275U\243h\343\027\233&v\337]\276\340t\2534\337""\326\\310\234<""; "
1750527624613,1750527624613,0,1,2,3,TMValidation,"validation: """"\200\000\000\001&\000\000\000\034)/\351\253\010:\r\302\353\023?\373\240rQ\324`\214\221\314\000\211K\223+(""\200i \311\372g\254\343ZR0\224\275q\252\357\213\263\206NP\027\000\000\000\000\000\000\000\000\000\000\000\000\000\000\000\000\000\000\000\000\000\000\000\000\000\000\000\000\000\000\000\000P\031A\321\341bca\253\025\321\311\317\021\375\317\217\n\272\033o\353G>\275\361H\265\240\232um""\317s!\003R7o\362bV\300hf\266\241;}\200^\374\240\203[:\342Q\225\221\027y\372\255\235\216\323~vF0D\002 ;\277\232\257\355\\341\216`ch :9\271a5Vf\026\301""8\375\003\306\314\232\270&\0060\002 :\257&\252\205'\365/\305\275U\243h\343\027\233&v\337]\276\340t\2534\337""\326\\310\234<""; ","validation: """"\200\000\000\001&\000\000\000\034)/\351\253\010:\r\302\353\023?\373\240rQ\324`\214\221\314\000\211K\223+(""\200i \311\372g\254\343ZR0\224\275q\252\357\213\263\206NP\027\000\000\000\000\000\000\000\000\000\000\000\000\000\000\000\000\000\000\000\000\000\000\000\000\000\000\000\000\000\000\000\000P\031A\321\341bca\253\025\321\311\317\021\375\317\217\n\272\033o\353G>\275\361H\265\240\232um""\317s!\003R7o\362bV\300hf\266\241;}\200^\374\240\203[:\342Q\225\221\027y\372\255\235\216\323~vF0D\002 ;\277\232\257\355\\341\216`ch :9\271a5Vf\026\301""8\375\003\306\314\232\270&\0060\002 :\257&\252\205'\365/\305\275U\243h\343\027\233&v\337]\276\340t\2534\337""\326\\310\234<""; "
1750527624615,1750527624616,0,1,0,4,TMValidation,"validation: """"\200\000\000\001&\000\000\000\034)/\351\253\010:\r\302\353\023?\373\240rQ\324`\214\221\314\000\211K\223+(""\200i \311\372g\254\343ZR0\224\275q\252\357\213\263\206NP\027\000\000\000\000\000\000\000\000\000\000\000\000\000\000\000\000\000\000\000\000\000\000\000\000\000\000\000\000\000\000\000\000P\031A\321\341bca\253\025\321\311\317\021\375\317\217\n\272\033o\353G>\275\361H\265\240\232um""\317s!\003R7o\362bV\300hf\266\241;}\200^\374\240\203[:\342Q\225\221\027y\372\255\235\216\323~vF0D\002 ;\277\232\257\355\\341\216`ch :9\271a5Vf\026\301""8\375\003\306\314\232\270&\0060\002 :\257&\252\205'\365/\305\275U\243h\343\027\233&v\337]\276\340t\2534\337""\326\\310\234<""; ","validation: """"\200\000\000\001&\000\000\000\034)/\351\253\010:\r\302\353\023?\373\240rQ\324`\214\221\314\000\211K\223+(""\200i \311\372g\254\343ZR0\224\275q\252\357\213\263\206NP\027\000\000\000\000\000\000\000\000\000\000\000\000\000\000\000\000\000\000\000\000\000\000\000\000\000\000\000\000\000\000\000\000P\031A\321\341bca\253\025\321\311\317\021\375\317\217\n\272\033o\353G>\275\361H\265\240\232um""\317s!\003R7o\362bV\300hf\266\241;}\200^\374\240\203[:\342Q\225\221\027y\372\255\235\216\323~vF0D\002 ;\277\232\257\355\\341\216`ch :9\271a5Vf\026\301""8\375\003\306\314\232\270&\0060\002 :\257&\252\205'\365/\305\275U\243h\343\027\233&v\337]\276\340t\2534\337""\326\\310\234<""; "
1750527624617,1750527624617,0,1,0,1,TMValidation,"validation: """"\200\000\000\001&\000\000\000\034)/\351\253\010:\r\302\353\023?\373\240rQ\324`\214\221\314\000\211K\223+(""\200i \311\372g\254\343ZR0\224\275q\252\357\213\263\206NP\027\000\000\000\000\000\000\000\000\000\000\000\000\000\000\000\000\000\000\000\000\000\000\000\000\000\000\000\000\000\000\000\000P\031A\321\341bca\253\025\321\311\317\021\375\317\217\n\272\033o\353G>\275\361H\265\240\232um""\317s!\003R7o\362bV\300hf\266\241;}\200^\374\240\203[:\342Q\225\221\027y\372\255\235\216\323~vF0D\002 ;\277\232\257\355\\341\216`ch :9\271a5Vf\026\301""8\375\003\306\314\232\270&\0060\002 :\257&\252\205'\365/\305\275U\243h\343\027\233&v\337]\276\340t\2534\337""\326\\310\234<""; ","validation: """"\200\000\000\001&\000\000\000\034)/\351\253\010:\r\302\353\023?\373\240rQ\324`\214\221\314\000\211K\223+(""\200i \311\372g\254\343ZR0\224\275q\252\357\213\263\206NP\027\000\000\000\000\000\000\000\000\000\000\000\000\000\000\000\000\000\000\000\000\000\000\000\000\000\000\000\000\000\000\000\000P\031A\321\341bca\253\025\321\311\317\021\375\317\217\n\272\033o\353G>\275\361H\265\240\232um""\317s!\003R7o\362bV\300hf\266\241;}\200^\374\240\203[:\342Q\225\221\027y\372\255\235\216\323~vF0D\002 ;\277\232\257\355\\341\216`ch :9\271a5Vf\026\301""8\375\003\306\314\232\270&\0060\002 :\257&\252\205'\365/\305\275U\243h\343\027\233&v\337]\276\340t\2534\337""\326\\310\234<""; "
1750527624617,1750527624617,0,1,3,4,TMValidation,"validation: """"\200\000\000\001&\000\000\000\034)/\351\253\010:\r\302\353\023?\373\240rQ\324`\214\221\314\000\211K\223+(""\200i \311\372g\254\343ZR0\224\275q\252\357\213\263\206NP\027\000\000\000\000\000\000\000\000\000\000\000\000\000\000\000\000\000\000\000\000\000\000\000\000\000\000\000\000\000\000\000\000P\031A\321\341bca\253\025\321\311\317\021\375\317\217\n\272\033o\353G>\275\361H\265\240\232um""\317s!\003R7o\362bV\300hf\266\241;}\200^\374\240\203[:\342Q\225\221\027y\372\255\235\216\323~vF0D\002 ;\277\232\257\355\\341\216`ch :9\271a5Vf\026\301""8\375\003\306\314\232\270&\0060\002 :\257&\252\205'\365/\305\275U\243h\343\027\233&v\337]\276\340t\2534\337""\326\\310\234<""; ","validation: """"\200\000\000\001&\000\000\000\034)/\351\253\010:\r\302\353\023?\373\240rQ\324`\214\221\314\000\211K\223+(""\200i \311\372g\254\343ZR0\224\275q\252\357\213\263\206NP\027\000\000\000\000\000\000\000\000\000\000\000\000\000\000\000\000\000\000\000\000\000\000\000\000\000\000\000\000\000\000\000\000P\031A\321\341bca\253\025\321\311\317\021\375\317\217\n\272\033o\353G>\275\361H\265\240\232um""\317s!\003R7o\362bV\300hf\266\241;}\200^\374\240\203[:\342Q\225\221\027y\372\255\235\216\323~vF0D\002 ;\277\232\257\355\\341\216`ch :9\271a5Vf\026\301""8\375\003\306\314\232\270&\0060\002 :\257&\252\205'\365/\305\275U\243h\343\027\233&v\337]\276\340t\2534\337""\326\\310\234<""; "
1750527624616,1750527624616,0,1,0,3,TMValidation,"validation: """"\200\000\000\001&\000\000\000\034)/\351\253\010:\r\302\353\023?\373\240rQ\324`\214\221\314\000\211K\223+(""\200i \311\372g\254\343ZR0\224\275q\252\357\213\263\206NP\027\000\000\000\000\000\000\000\000\000\000\000\000\000\000\000\000\000\000\000\000\000\000\000\000\000\000\000\000\000\000\000\000P\031A\321\341bca\253\025\321\311\317\021\375\317\217\n\272\033o\353G>\275\361H\265\240\232um""\317s!\003R7o\362bV\300hf\266\241;}\200^\374\240\203[:\342Q\225\221\027y\372\255\235\216\323~vF0D\002 ;\277\232\257\355\\341\216`ch :9\271a5Vf\026\301""8\375\003\306\314\232\270&\0060\002 :\257&\252\205'\365/\305\275U\243h\343\027\233&v\337]\276\340t\2534\337""\326\\310\234<""; ","validation: """"\200\000\000\001&\000\000\000\034)/\351\253\010:\r\302\353\023?\373\240rQ\324`\214\221\314\000\211K\223+(""\200i \311\372g\254\343ZR0\224\275q\252\357\213\263\206NP\027\000\000\000\000\000\000\000\000\000\000\000\000\000\000\000\000\000\000\000\000\000\000\000\000\000\000\000\000\000\000\000\000P\031A\321\341bca\253\025\321\311\317\021\375\317\217\n\272\033o\353G>\275\361H\265\240\232um""\317s!\003R7o\362bV\300hf\266\241;}\200^\374\240\203[:\342Q\225\221\027y\372\255\235\216\323~vF0D\002 ;\277\232\257\355\\341\216`ch :9\271a5Vf\026\301""8\375\003\306\314\232\270&\0060\002 :\257&\252\205'\365/\305\275U\243h\343\027\233&v\337]\276\340t\2534\337""\326\\310\234<""; "
1750527624618,1750527624618,0,1,3,0,TMValidation,"validation: """"\200\000\000\001&\000\000\000\034)/\351\253\010:\r\302\353\023?\373\240rQ\324`\214\221\314\000\211K\223+(""\200i \311\372g\254\343ZR0\224\275q\252\357\213\263\206NP\027\000\000\000\000\000\000\000\000\000\000\000\000\000\000\000\000\000\000\000\000\000\000\000\000\000\000\000\000\000\000\000\000P\031A\321\341bca\253\025\321\311\317\021\375\317\217\n\272\033o\353G>\275\361H\265\240\232um""\317s!\003R7o\362bV\300hf\266\241;}\200^\374\240\203[:\342Q\225\221\027y\372\255\235\216\323~vF0D\002 ;\277\232\257\355\\341\216`ch :9\271a5Vf\026\301""8\375\003\306\314\232\270&\0060\002 :\257&\252\205'\365/\305\275U\243h\343\027\233&v\337]\276\340t\2534\337""\326\\310\234<""; ","validation: """"\200\000\000\001&\000\000\000\034)/\351\253\010:\r\302\353\023?\373\240rQ\324`\214\221\314\000\211K\223+(""\200i \311\372g\254\343ZR0\224\275q\252\357\213\263\206NP\027\000\000\000\000\000\000\000\000\000\000\000\000\000\000\000\000\000\000\000\000\000\000\000\000\000\000\000\000\000\000\000\000P\031A\321\341bca\253\025\321\311\317\021\375\317\217\n\272\033o\353G>\275\361H\265\240\232um""\317s!\003R7o\362bV\300hf\266\241;}\200^\374\240\203[:\342Q\225\221\027y\372\255\235\216\323~vF0D\002 ;\277\232\257\355\\341\216`ch :9\271a5Vf\026\301""8\375\003\306\314\232\270&\0060\002 :\257&\252\205'\365/\305\275U\243h\343\027\233&v\337]\276\340t\2534\337""\326\\310\234<""; "
1750527624618,1750527624618,0,1,3,1,TMValidation,"validation: """"\200\000\000\001&\000\000\000\034)/\351\253\010:\r\302\353\023?\373\240rQ\324`\214\221\314\000\211K\223+(""\200i \311\372g\254\343ZR0\224\275q\252\357\213\263\206NP\027\000\000\000\000\000\000\000\000\000\000\000\000\000\000\000\000\000\000\000\000\000\000\000\000\000\000\000\000\000\000\000\000P\031A\321\341bca\253\025\321\311\317\021\375\317\217\n\272\033o\353G>\275\361H\265\240\232um""\317s!\003R7o\362bV\300hf\266\241;}\200^\374\240\203[:\342Q\225\221\027y\372\255\235\216\323~vF0D\002 ;\277\232\257\355\\341\216`ch :9\271a5Vf\026\301""8\375\003\306\314\232\270&\0060\002 :\257&\252\205'\365/\305\275U\243h\343\027\233&v\337]\276\340t\2534\337""\326\\310\234<""; ","validation: """"\200\000\000\001&\000\000\000\034)/\351\253\010:\r\302\353\023?\373\240rQ\324`\214\221\314\000\211K\223+(""\200i \311\372g\254\343ZR0\224\275q\252\357\213\263\206NP\027\000\000\000\000\000\000\000\000\000\000\000\000\000\000\000\000\000\000\000\000\000\000\000\000\000\000\000\000\000\000\000\000P\031A\321\341bca\253\025\321\311\317\021\375\317\217\n\272\033o\353G>\275\361H\265\240\232um""\317s!\003R7o\362bV\300hf\266\241;}\200^\374\240\203[:\342Q\225\221\027y\372\255\235\216\323~vF0D\002 ;\277\232\257\355\\341\216`ch :9\271a5Vf\026\301""8\375\003\306\314\232\270&\0060\002 :\257&\252\205'\365/\305\275U\243h\343\027\233&v\337]\276\340t\2534\337""\326\\310\234<""; "
1750527624619,1750527624619,0,1,1,0,TMValidation,"validation: """"\200\000\000\001&\000\000\000\034)/\351\253\010:\r\302\353\023?\373\240rQ\324`\214\221\314\000\211K\223+(""\200i \311\372g\254\343ZR0\224\275q\252\357\213\263\206NP\027\000\000\000\000\000\000\000\000\000\000\000\000\000\000\000\000\000\000\000\000\000\000\000\000\000\000\000\000\000\000\000\000P\031A\321\341bca\253\025\321\311\317\021\375\317\217\n\272\033o\353G>\275\361H\265\240\232um""\317s!\003R7o\362bV\300hf\266\241;}\200^\374\240\203[:\342Q\225\221\027y\372\255\235\216\323~vF0D\002 ;\277\232\257\355\\341\216`ch :9\271a5Vf\026\301""8\375\003\306\314\232\270&\0060\002 :\257&\252\205'\365/\305\275U\243h\343\027\233&v\337]\276\340t\2534\337""\326\\310\234<""; ","validation: """"\200\000\000\001&\000\000\000\034)/\351\253\010:\r\302\353\023?\373\240rQ\324`\214\221\314\000\211K\223+(""\200i \311\372g\254\343ZR0\224\275q\252\357\213\263\206NP\027\000\000\000\000\000\000\000\000\000\000\000\000\000\000\000\000\000\000\000\000\000\000\000\000\000\000\000\000\000\000\000\000P\031A\321\341bca\253\025\321\311\317\021\375\317\217\n\272\033o\353G>\275\361H\265\240\232um""\317s!\003R7o\362bV\300hf\266\241;}\200^\374\240\203[:\342Q\225\221\027y\372\255\235\216\323~vF0D\002 ;\277\232\257\355\\341\216`ch :9\271a5Vf\026\301""8\375\003\306\314\232\270&\0060\002 :\257&\252\205'\365/\305\275U\243h\343\027\233&v\337]\276\340t\2534\337""\326\\310\234<""; "
1750527624619,1750527624619,0,1,1,4,TMValidation,"validation: """"\200\000\000\001&\000\000\000\034)/\351\253\010:\r\302\353\023?\373\240rQ\324`\214\221\314\000\211K\223+(""\200i \311\372g\254\343ZR0\224\275q\252\357\213\263\206NP\027\000\000\000\000\000\000\000\000\000\000\000\000\000\000\000\000\000\000\000\000\000\000\000\000\000\000\000\000\000\000\000\000P\031A\321\341bca\253\025\321\311\317\021\375\317\217\n\272\033o\353G>\275\361H\265\240\232um""\317s!\003R7o\362bV\300hf\266\241;}\200^\374\240\203[:\342Q\225\221\027y\372\255\235\216\323~vF0D\002 ;\277\232\257\355\\341\216`ch :9\271a5Vf\026\301""8\375\003\306\314\232\270&\0060\002 :\257&\252\205'\365/\305\275U\243h\343\027\233&v\337]\276\340t\2534\337""\326\\310\234<""; ","validation: """"\200\000\000\001&\000\000\000\034)/\351\253\010:\r\302\353\023?\373\240rQ\324`\214\221\314\000\211K\223+(""\200i \311\372g\254\343ZR0\224\275q\252\357\213\263\206NP\027\000\000\000\000\000\000\000\000\000\000\000\000\000\000\000\000\000\000\000\000\000\000\000\000\000\000\000\000\000\000\000\000P\031A\321\341bca\253\025\321\311\317\021\375\317\217\n\272\033o\353G>\275\361H\265\240\232um""\317s!\003R7o\362bV\300hf\266\241;}\200^\374\240\203[:\342Q\225\221\027y\372\255\235\216\323~vF0D\002 ;\277\232\257\355\\341\216`ch :9\271a5Vf\026\301""8\375\003\306\314\232\270&\0060\002 :\257&\252\205'\365/\305\275U\243h\343\027\233&v\337]\276\340t\2534\337""\326\\310\234<""; "
1750527624620,1750527624620,0,1,1,3,TMValidation,"validation: """"\200\000\000\001&\000\000\000\034)/\351\253\010:\r\302\353\023?\373\240rQ\324`\214\221\314\000\211K\223+(""\200i \311\372g\254\343ZR0\224\275q\252\357\213\263\206NP\027\000\000\000\000\000\000\000\000\000\000\000\000\000\000\000\000\000\000\000\000\000\000\000\000\000\000\000\000\000\000\000\000P\031A\321\341bca\253\025\321\311\317\021\375\317\217\n\272\033o\353G>\275\361H\265\240\232um""\317s!\003R7o\362bV\300hf\266\241;}\200^\374\240\203[:\342Q\225\221\027y\372\255\235\216\323~vF0D\002 ;\277\232\257\355\\341\216`ch :9\271a5Vf\026\301""8\375\003\306\314\232\270&\0060\002 :\257&\252\205'\365/\305\275U\243h\343\027\233&v\337]\276\340t\2534\337""\326\\310\234<""; ","validation: """"\200\000\000\001&\000\000\000\034)/\351\253\010:\r\302\353\023?\373\240rQ\324`\214\221\314\000\211K\223+(""\200i \311\372g\254\343ZR0\224\275q\252\357\213\263\206NP\027\000\000\000\000\000\000\000\000\000\000\000\000\000\000\000\000\000\000\000\000\000\000\000\000\000\000\000\000\000\000\000\000P\031A\321\341bca\253\025\321\311\317\021\375\317\217\n\272\033o\353G>\275\361H\265\240\232um""\317s!\003R7o\362bV\300hf\266\241;}\200^\374\240\203[:\342Q\225\221\027y\372\255\235\216\323~vF0D\002 ;\277\232\257\355\\341\216`ch :9\271a5Vf\026\301""8\375\003\306\314\232\270&\0060\002 :\257&\252\205'\365/\305\275U\243h\343\027\233&v\337]\276\340t\2534\337""\326\\310\234<""; "
1750527624620,1750527624620,0,1,4,0,TMValidation,"validation: """"\200\000\000\001&\000\000\000\034)/\351\253\010:\r\302\353\023?\373\240rQ\324`\214\221\314\000\211K\223+(""\200i \311\372g\254\343ZR0\224\275q\252\357\213\263\206NP\027\000\000\000\000\000\000\000\000\000\000\000\000\000\000\000\000\000\000\000\000\000\000\000\000\000\000\000\000\000\000\000\000P\031A\321\341bca\253\025\321\311\317\021\375\317\217\n\272\033o\353G>\275\361H\265\240\232um""\317s!\003R7o\362bV\300hf\266\241;}\200^\374\240\203[:\342Q\225\221\027y\372\255\235\216\323~vF0D\002 ;\277\232\257\355\\341\216`ch :9\271a5Vf\026\301""8\375\003\306\314\232\270&\0060\002 :\257&\252\205'\365/\305\275U\243h\343\027\233&v\337]\276\340t\2534\337""\326\\310\234<""; ","validation: """"\200\000\000\001&\000\000\000\034)/\351\253\010:\r\302\353\023?\373\240rQ\324`\214\221\314\000\211K\223+(""\200i \311\372g\254\343ZR0\224\275q\252\357\213\263\206NP\027\000\000\000\000\000\000\000\000\000\000\000\000\000\000\000\000\000\000\000\000\000\000\000\000\000\000\000\000\000\000\000\000P\031A\321\341bca\253\025\321\311\317\021\375\317\217\n\272\033o\353G>\275\361H\265\240\232um""\317s!\003R7o\362bV\300hf\266\241;}\200^\374\240\203[:\342Q\225\221\027y\372\255\235\216\323~vF0D\002 ;\277\232\257\355\\341\216`ch :9\271a5Vf\026\301""8\375\003\306\314\232\270&\0060\002 :\257&\252\205'\365/\305\275U\243h\343\027\233&v\337]\276\340t\2534\337""\326\\310\234<""; "
1750527624621,1750527624621,0,1,4,3,TMValidation,"validation: """"\200\000\000\001&\000\000\000\034)/\351\253\010:\r\302\353\023?\373\240rQ\324`\214\221\314\000\211K\223+(""\200i \311\372g\254\343ZR0\224\275q\252\357\213\263\206NP\027\000\000\000\000\000\000\000\000\000\000\000\000\000\000\000\000\000\000\000\000\000\000\000\000\000\000\000\000\000\000\000\000P\031A\321\341bca\253\025\321\311\317\021\375\317\217\n\272\033o\353G>\275\361H\265\240\232um""\317s!\003R7o\362bV\300hf\266\241;}\200^\374\240\203[:\342Q\225\221\027y\372\255\235\216\323~vF0D\002 ;\277\232\257\355\\341\216`ch :9\271a5Vf\026\301""8\375\003\306\314\232\270&\0060\002 :\257&\252\205'\365/\305\275U\243h\343\027\233&v\337]\276\340t\2534\337""\326\\310\234<""; ","validation: """"\200\000\000\001&\000\000\000\034)/\351\253\010:\r\302\353\023?\373\240rQ\324`\214\221\314\000\211K\223+(""\200i \311\372g\254\343ZR0\224\275q\252\357\213\263\206NP\027\000\000\000\000\000\000\000\000\000\000\000\000\000\000\000\000\000\000\000\000\000\000\000\000\000\000\000\000\000\000\000\000P\031A\321\341bca\253\025\321\311\317\021\375\317\217\n\272\033o\353G>\275\361H\265\240\232um""\317s!\003R7o\362bV\300hf\266\241;}\200^\374\240\203[:\342Q\225\221\027y\372\255\235\216\323~vF0D\002 ;\277\232\257\355\\341\216`ch :9\271a5Vf\026\301""8\375\003\306\314\232\270&\0060\002 :\257&\252\205'\365/\305\275U\243h\343\027\233&v\337]\276\340t\2534\337""\326\\310\234<""; "
1750527624623,1750527624623,0,1,4,1,TMValidation,"validation: """"\200\000\000\001&\000\000\000\034)/\351\253\010:\r\302\353\023?\373\240rQ\324`\214\221\314\000\211K\223+(""\200i \311\372g\254\343ZR0\224\275q\252\357\213\263\206NP\027\000\000\000\000\000\000\000\000\000\000\000\000\000\000\000\000\000\000\000\000\000\000\000\000\000\000\000\000\000\000\000\000P\031A\321\341bca\253\025\321\311\317\021\375\317\217\n\272\033o\353G>\275\361H\265\240\232um""\317s!\003R7o\362bV\300hf\266\241;}\200^\374\240\203[:\342Q\225\221\027y\372\255\235\216\323~vF0D\002 ;\277\232\257\355\\341\216`ch :9\271a5Vf\026\301""8\375\003\306\314\232\270&\0060\002 :\257&\252\205'\365/\305\275U\243h\343\027\233&v\337]\276\340t\2534\337""\326\\310\234<""; ","validation: """"\200\000\000\001&\000\000\000\034)/\351\253\010:\r\302\353\023?\373\240rQ\324`\214\221\314\000\211K\223+(""\200i \311\372g\254\343ZR0\224\275q\252\357\213\263\206NP\027\000\000\000\000\000\000\000\000\000\000\000\000\000\000\000\000\000\000\000\000\000\000\000\000\000\000\000\000\000\000\000\000P\031A\321\341bca\253\025\321\311\317\021\375\317\217\n\272\033o\353G>\275\361H\265\240\232um""\317s!\003R7o\362bV\300hf\266\241;}\200^\374\240\203[:\342Q\225\221\027y\372\255\235\216\323~vF0D\002 ;\277\232\257\355\\341\216`ch :9\271a5Vf\026\301""8\375\003\306\314\232\270&\0060\002 :\257&\252\205'\365/\305\275U\243h\343\027\233&v\337]\276\340t\2534\337""\326\\310\234<""; "
1750527625446,1750527625446,0,1,3,2,TMProposeSet,"proposeSeq: 0; currentTxHash: ""\000\000\000\000\000\000\000\000\000\000\000\000\000\000\000\000\000\000\000\000\000\000\000\000\000\000\000\000\000\000\000\000""; nodePubKey: ""\002\364d\217\366\217|\316F\232\231\241\n\261\333`\312O\367\235\025DD\336e\367\n\312\326\221\037\025\230""; closeTime: 803842825; signature: ""0E\002!\000\206.7\230\305\372I!\332\326\021Mi33\020\246\214'\343\300\257\373H\222\226\254=\025oY\036\002 \010\264\263B\234\277\356\354O\322e\013\343\331\377.\337\216\261\n""^\373O\006A\242eF\032\364.""; previousledger: ""\324`\214\221\314\000\211K\223+(""\200i \311\372g\254\343ZR0\224\275q\252\357\213\263\206N""; ","proposeSeq: 0; currentTxHash: ""\000\000\000\000\000\000\000\000\000\000\000\000\000\000\000\000\000\000\000\000\000\000\000\000\000\000\000\000\000\000\000\000""; nodePubKey: ""\002\364d\217\366\217|\316F\232\231\241\n\261\333`\312O\367\235\025DD\336e\367\n\312\326\221\037\025\230""; closeTime: 803842825; signature: ""0E\002!\000\206.7\230\305\372I!\332\326\021Mi33\020\246\214'\343\300\257\373H\222\226\254=\025oY\036\002 \010\264\263B\234\277\356\354O\322e\013\343\331\377.\337\216\261\n""^\373O\006A\242eF\032\364.""; previousledger: ""\324`\214\221\314\000\211K\223+(""\200i \311\372g\254\343ZR0\224\275q\252\357\213\263\206N""; "
1750527625486,1750527625486,0,1,3,4,TMProposeSet,"proposeSeq: 0; currentTxHash: ""\000\000\000\000\000\000\000\000\000\000\000\000\000\000\000\000\000\000\000\000\000\000\000\000\000\000\000\000\000\000\000\000""; nodePubKey: ""\002\364d\217\366\217|\316F\232\231\241\n\261\333`\312O\367\235\025DD\336e\367\n\312\326\221\037\025\230""; closeTime: 803842825; signature: ""0E\002!\000\206.7\230\305\372I!\332\326\021Mi33\020\246\214'\343\300\257\373H\222\226\254=\025oY\036\002 \010\264\263B\234\277\356\354O\322e\013\343\331\377.\337\216\261\n""^\373O\006A\242eF\032\364.""; previousledger: ""\324`\214\221\314\000\211K\223+(""\200i \311\372g\254\343ZR0\224\275q\252\357\213\263\206N""; ","proposeSeq: 0; currentTxHash: ""\000\000\000\000\000\000\000\000\000\000\000\000\000\000\000\000\000\000\000\000\000\000\000\000\000\000\000\000\000\000\000\000""; nodePubKey: ""\002\364d\217\366\217|\316F\232\231\241\n\261\333`\312O\367\235\025DD\336e\367\n\312\326\221\037\025\230""; closeTime: 803842825; signature: ""0E\002!\000\206.7\230\305\372I!\332\326\021Mi33\020\246\214'\343\300\257\373H\222\226\254=\025oY\036\002 \010\264\263B\234\277\356\354O\322e\013\343\331\377.\337\216\261\n""^\373O\006A\242eF\032\364.""; previousledger: ""\324`\214\221\314\000\211K\223+(""\200i \311\372g\254\343ZR0\224\275q\252\357\213\263\206N""; "
1750527625487,1750527625487,0,1,3,0,TMProposeSet,"proposeSeq: 0; currentTxHash: ""\000\000\000\000\000\000\000\000\000\000\000\000\000\000\000\000\000\000\000\000\000\000\000\000\000\000\000\000\000\000\000\000""; nodePubKey: ""\002\364d\217\366\217|\316F\232\231\241\n\261\333`\312O\367\235\025DD\336e\367\n\312\326\221\037\025\230""; closeTime: 803842825; signature: ""0E\002!\000\206.7\230\305\372I!\332\326\021Mi33\020\246\214'\343\300\257\373H\222\226\254=\025oY\036\002 \010\264\263B\234\277\356\354O\322e\013\343\331\377.\337\216\261\n""^\373O\006A\242eF\032\364.""; previousledger: ""\324`\214\221\314\000\211K\223+(""\200i \311\372g\254\343ZR0\224\275q\252\357\213\263\206N""; ","proposeSeq: 0; currentTxHash: ""\000\000\000\000\000\000\000\000\000\000\000\000\000\000\000\000\000\000\000\000\000\000\000\000\000\000\000\000\000\000\000\000""; nodePubKey: ""\002\364d\217\366\217|\316F\232\231\241\n\261\333`\312O\367\235\025DD\336e\367\n\312\326\221\037\025\230""; closeTime: 803842825; signature: ""0E\002!\000\206.7\230\305\372I!\332\326\021Mi33\020\246\214'\343\300\257\373H\222\226\254=\025oY\036\002 \010\264\263B\234\277\356\354O\322e\013\343\331\377.\337\216\261\n""^\373O\006A\242eF\032\364.""; previousledger: ""\324`\214\221\314\000\211K\223+(""\200i \311\372g\254\343ZR0\224\275q\252\357\213\263\206N""; "
1750527625487,1750527625487,0,1,3,1,TMProposeSet,"proposeSeq: 0; currentTxHash: ""\000\000\000\000\000\000\000\000\000\000\000\000\000\000\000\000\000\000\000\000\000\000\000\000\000\000\000\000\000\000\000\000""; nodePubKey: ""\002\364d\217\366\217|\316F\232\231\241\n\261\333`\312O\367\235\025DD\336e\367\n\312\326\221\037\025\230""; closeTime: 803842825; signature: ""0E\002!\000\206.7\230\305\372I!\332\326\021Mi33\020\246\214'\343\300\257\373H\222\226\254=\025oY\036\002 \010\264\263B\234\277\356\354O\322e\013\343\331\377.\337\216\261\n""^\373O\006A\242eF\032\364.""; previousledger: ""\324`\214\221\314\000\211K\223+(""\200i \311\372g\254\343ZR0\224\275q\252\357\213\263\206N""; ","proposeSeq: 0; currentTxHash: ""\000\000\000\000\000\000\000\000\000\000\000\000\000\000\000\000\000\000\000\000\000\000\000\000\000\000\000\000\000\000\000\000""; nodePubKey: ""\002\364d\217\366\217|\316F\232\231\241\n\261\333`\312O\367\235\025DD\336e\367\n\312\326\221\037\025\230""; closeTime: 803842825; signature: ""0E\002!\000\206.7\230\305\372I!\332\326\021Mi33\020\246\214'\343\300\257\373H\222\226\254=\025oY\036\002 \010\264\263B\234\277\356\354O\322e\013\343\331\377.\337\216\261\n""^\373O\006A\242eF\032\364.""; previousledger: ""\324`\214\221\314\000\211K\223+(""\200i \311\372g\254\343ZR0\224\275q\252\357\213\263\206N""; "
1750527625489,1750527625489,0,1,4,2,TMProposeSet,"proposeSeq: 0; currentTxHash: ""\000\000\000\000\000\000\000\000\000\000\000\000\000\000\000\000\000\000\000\000\000\000\000\000\000\000\000\000\000\000\000\000""; nodePubKey: ""\002\364d\217\366\217|\316F\232\231\241\n\261\333`\312O\367\235\025DD\336e\367\n\312\326\221\037\025\230""; closeTime: 803842825; signature: ""0E\002!\000\206.7\230\305\372I!\332\326\021Mi33\020\246\214'\343\300\257\373H\222\226\254=\025oY\036\002 \010\264\263B\234\277\356\354O\322e\013\343\331\377.\337\216\261\n""^\373O\006A\242eF\032\364.""; previousledger: ""\324`\214\221\314\000\211K\223+(""\200i \311\372g\254\343ZR0\224\275q\252\357\213\263\206N""; ","proposeSeq: 0; currentTxHash: ""\000\000\000\000\000\000\000\000\000\000\000\000\000\000\000\000\000\000\000\000\000\000\000\000\000\000\000\000\000\000\000\000""; nodePubKey: ""\002\364d\217\366\217|\316F\232\231\241\n\261\333`\312O\367\235\025DD\336e\367\n\312\326\221\037\025\230""; closeTime: 803842825; signature: ""0E\002!\000\206.7\230\305\372I!\332\326\021Mi33\020\246\214'\343\300\257\373H\222\226\254=\025oY\036\002 \010\264\263B\234\277\356\354O\322e\013\343\331\377.\337\216\261\n""^\373O\006A\242eF\032\364.""; previousledger: ""\324`\214\221\314\000\211K\223+(""\200i \311\372g\254\343ZR0\224\275q\252\357\213\263\206N""; "
1750527625488,1750527625488,0,1,4,1,TMProposeSet,"proposeSeq: 0; currentTxHash: ""\000\000\000\000\000\000\000\000\000\000\000\000\000\000\000\000\000\000\000\000\000\000\000\000\000\000\000\000\000\000\000\000""; nodePubKey: ""\002\364d\217\366\217|\316F\232\231\241\n\261\333`\312O\367\235\025DD\336e\367\n\312\326\221\037\025\230""; closeTime: 803842825; signature: ""0E\002!\000\206.7\230\305\372I!\332\326\021Mi33\020\246\214'\343\300\257\373H\222\226\254=\025oY\036\002 \010\264\263B\234\277\356\354O\322e\013\343\331\377.\337\216\261\n""^\373O\006A\242eF\032\364.""; previousledger: ""\324`\214\221\314\000\211K\223+(""\200i \311\372g\254\343ZR0\224\275q\252\357\213\263\206N""; ","proposeSeq: 0; currentTxHash: ""\000\000\000\000\000\000\000\000\000\000\000\000\000\000\000\000\000\000\000\000\000\000\000\000\000\000\000\000\000\000\000\000""; nodePubKey: ""\002\364d\217\366\217|\316F\232\231\241\n\261\333`\312O\367\235\025DD\336e\367\n\312\326\221\037\025\230""; closeTime: 803842825; signature: ""0E\002!\000\206.7\230\305\372I!\332\326\021Mi33\020\246\214'\343\300\257\373H\222\226\254=\025oY\036\002 \010\264\263B\234\277\356\354O\322e\013\343\331\377.\337\216\261\n""^\373O\006A\242eF\032\364.""; previousledger: ""\324`\214\221\314\000\211K\223+(""\200i \311\372g\254\343ZR0\224\275q\252\357\213\263\206N""; "
1750527625489,1750527625489,0,1,4,0,TMProposeSet,"proposeSeq: 0; currentTxHash: ""\000\000\000\000\000\000\000\000\000\000\000\000\000\000\000\000\000\000\000\000\000\000\000\000\000\000\000\000\000\000\000\000""; nodePubKey: ""\002\364d\217\366\217|\316F\232\231\241\n\261\333`\312O\367\235\025DD\336e\367\n\312\326\221\037\025\230""; closeTime: 803842825; signature: ""0E\002!\000\206.7\230\305\372I!\332\326\021Mi33\020\246\214'\343\300\257\373H\222\226\254=\025oY\036\002 \010\264\263B\234\277\356\354O\322e\013\343\331\377.\337\216\261\n""^\373O\006A\242eF\032\364.""; previousledger: ""\324`\214\221\314\000\211K\223+(""\200i \311\372g\254\343ZR0\224\275q\252\357\213\263\206N""; ","proposeSeq: 0; currentTxHash: ""\000\000\000\000\000\000\000\000\000\000\000\000\000\000\000\000\000\000\000\000\000\000\000\000\000\000\000\000\000\000\000\000""; nodePubKey: ""\002\364d\217\366\217|\316F\232\231\241\n\261\333`\312O\367\235\025DD\336e\367\n\312\326\221\037\025\230""; closeTime: 803842825; signature: ""0E\002!\000\206.7\230\305\372I!\332\326\021Mi33\020\246\214'\343\300\257\373H\222\226\254=\025oY\036\002 \010\264\263B\234\277\356\354O\322e\013\343\331\377.\337\216\261\n""^\373O\006A\242eF\032\364.""; previousledger: ""\324`\214\221\314\000\211K\223+(""\200i \311\372g\254\343ZR0\224\275q\252\357\213\263\206N""; "
1750527625446,1750527625518,0,1,3,4,TMStatusChange,"newEvent: neCLOSING_LEDGER; ledgerSeq: 28; ledgerHash: ""\324`\214\221\314\000\211K\223+(""\200i \311\372g\254\343ZR0\224\275q\252\357\213\263\206N""; ledgerHashPrevious: ""A\321\341bca\253\025\321\311\317\021\375\317\217\n\272\033o\353G>\275\361H\265\240\232um""\317""; networkTime: 803842825; firstSeq: 1; lastSeq: 28; ","newEvent: neCLOSING_LEDGER; ledgerSeq: 28; ledgerHash: ""\324`\214\221\314\000\211K\223+(""\200i \311\372g\254\343ZR0\224\275q\252\357\213\263\206N""; ledgerHashPrevious: ""A\321\341bca\253\025\321\311\317\021\375\317\217\n\272\033o\353G>\275\361H\265\240\232um""\317""; networkTime: 803842825; firstSeq: 1; lastSeq: 28; "
1750527625446,1750527625518,0,1,3,2,TMStatusChange,"newEvent: neCLOSING_LEDGER; ledgerSeq: 28; ledgerHash: ""\324`\214\221\314\000\211K\223+(""\200i \311\372g\254\343ZR0\224\275q\252\357\213\263\206N""; ledgerHashPrevious: ""A\321\341bca\253\025\321\311\317\021\375\317\217\n\272\033o\353G>\275\361H\265\240\232um""\317""; networkTime: 803842825; firstSeq: 1; lastSeq: 28; ","newEvent: neCLOSING_LEDGER; ledgerSeq: 28; ledgerHash: ""\324`\214\221\314\000\211K\223+(""\200i \311\372g\254\343ZR0\224\275q\252\357\213\263\206N""; ledgerHashPrevious: ""A\321\341bca\253\025\321\311\317\021\375\317\217\n\272\033o\353G>\275\361H\265\240\232um""\317""; networkTime: 803842825; firstSeq: 1; lastSeq: 28; "
1750527625447,1750527625519,0,1,3,0,TMStatusChange,"newEvent: neCLOSING_LEDGER; ledgerSeq: 28; ledgerHash: ""\324`\214\221\314\000\211K\223+(""\200i \311\372g\254\343ZR0\224\275q\252\357\213\263\206N""; ledgerHashPrevious: ""A\321\341bca\253\025\321\311\317\021\375\317\217\n\272\033o\353G>\275\361H\265\240\232um""\317""; networkTime: 803842825; firstSeq: 1; lastSeq: 28; ","newEvent: neCLOSING_LEDGER; ledgerSeq: 28; ledgerHash: ""\324`\214\221\314\000\211K\223+(""\200i \311\372g\254\343ZR0\224\275q\252\357\213\263\206N""; ledgerHashPrevious: ""A\321\341bca\253\025\321\311\317\021\375\317\217\n\272\033o\353G>\275\361H\265\240\232um""\317""; networkTime: 803842825; firstSeq: 1; lastSeq: 28; "
1750527625448,1750527625520,0,1,3,1,TMStatusChange,"newEvent: neCLOSING_LEDGER; ledgerSeq: 28; ledgerHash: ""\324`\214\221\314\000\211K\223+(""\200i \311\372g\254\343ZR0\224\275q\252\357\213\263\206N""; ledgerHashPrevious: ""A\321\341bca\253\025\321\311\317\021\375\317\217\n\272\033o\353G>\275\361H\265\240\232um""\317""; networkTime: 803842825; firstSeq: 1; lastSeq: 28; ","newEvent: neCLOSING_LEDGER; ledgerSeq: 28; ledgerHash: ""\324`\214\221\314\000\211K\223+(""\200i \311\372g\254\343ZR0\224\275q\252\357\213\263\206N""; ledgerHashPrevious: ""A\321\341bca\253\025\321\311\317\021\375\317\217\n\272\033o\353G>\275\361H\265\240\232um""\317""; networkTime: 803842825; firstSeq: 1; lastSeq: 28; "
1750527625537,1750527625537,0,1,0,3,TMStatusChange,"newEvent: neACCEPTED_LEDGER; ledgerSeq: 11; ledgerHash: ""\027U|0.\0360\370\215\036\314\206\346\317zDP\223\241\204\277V\351i\247$\323\007\211CW\252""; ledgerHashPrevious: ""\036\317\362\371k?\n\305\313\241\300z\276#\260\203\303\374nE\315\340\371\036\277S\310Y\215\205\271\037""; networkTime: 803842825; firstSeq: 1; lastSeq: 28; ","newEvent: neACCEPTED_LEDGER; ledgerSeq: 11; ledgerHash: ""\027U|0.\0360\370\215\036\314\206\346\317zDP\223\241\204\277V\351i\247$\323\007\211CW\252""; ledgerHashPrevious: ""\036\317\362\371k?\n\305\313\241\300z\276#\260\203\303\374nE\315\340\371\036\277S\310Y\215\205\271\037""; networkTime: 803842825; firstSeq: 1; lastSeq: 28; "
1750527625538,1750527625538,0,1,0,2,TMStatusChange,"newEvent: neACCEPTED_LEDGER; ledgerSeq: 11; ledgerHash: ""\027U|0.\0360\370\215\036\314\206\346\317zDP\223\241\204\277V\351i\247$\323\007\211CW\252""; ledgerHashPrevious: ""\036\317\362\371k?\n\305\313\241\300z\276#\260\203\303\374nE\315\340\371\036\277S\310Y\215\205\271\037""; networkTime: 803842825; firstSeq: 1; lastSeq: 28; ","newEvent: neACCEPTED_LEDGER; ledgerSeq: 11; ledgerHash: ""\027U|0.\0360\370\215\036\314\206\346\317zDP\223\241\204\277V\351i\247$\323\007\211CW\252""; ledgerHashPrevious: ""\036\317\362\371k?\n\305\313\241\300z\276#\260\203\303\374nE\315\340\371\036\277S\310Y\215\205\271\037""; networkTime: 803842825; firstSeq: 1; lastSeq: 28; "
1750527625538,1750527625538,0,1,0,1,TMStatusChange,"newEvent: neACCEPTED_LEDGER; ledgerSeq: 11; ledgerHash: ""\027U|0.\0360\370\215\036\314\206\346\317zDP\223\241\204\277V\351i\247$\323\007\211CW\252""; ledgerHashPrevious: ""\036\317\362\371k?\n\305\313\241\300z\276#\260\203\303\374nE\315\340\371\036\277S\310Y\215\205\271\037""; networkTime: 803842825; firstSeq: 1; lastSeq: 28; ","newEvent: neACCEPTED_LEDGER; ledgerSeq: 11; ledgerHash: ""\027U|0.\0360\370\215\036\314\206\346\317zDP\223\241\204\277V\351i\247$\323\007\211CW\252""; ledgerHashPrevious: ""\036\317\362\371k?\n\305\313\241\300z\276#\260\203\303\374nE\315\340\371\036\277S\310Y\215\205\271\037""; networkTime: 803842825; firstSeq: 1; lastSeq: 28; "
1750527625537,1750527625537,0,1,0,4,TMStatusChange,"newEvent: neACCEPTED_LEDGER; ledgerSeq: 11; ledgerHash: ""\027U|0.\0360\370\215\036\314\206\346\317zDP\223\241\204\277V\351i\247$\323\007\211CW\252""; ledgerHashPrevious: ""\036\317\362\371k?\n\305\313\241\300z\276#\260\203\303\374nE\315\340\371\036\277S\310Y\215\205\271\037""; networkTime: 803842825; firstSeq: 1; lastSeq: 28; ","newEvent: neACCEPTED_LEDGER; ledgerSeq: 11; ledgerHash: ""\027U|0.\0360\370\215\036\314\206\346\317zDP\223\241\204\277V\351i\247$\323\007\211CW\252""; ledgerHashPrevious: ""\036\317\362\371k?\n\305\313\241\300z\276#\260\203\303\374nE\315\340\371\036\277S\310Y\215\205\271\037""; networkTime: 803842825; firstSeq: 1; lastSeq: 28; "
1750527625609,1750527625609,0,1,4,2,TMProposeSet,"proposeSeq: 0; currentTxHash: ""\000\000\000\000\000\000\000\000\000\000\000\000\000\000\000\000\000\000\000\000\000\000\000\000\000\000\000\000\000\000\000\000""; nodePubKey: ""\003R7o\362bV\300hf\266\241;}\200^\374\240\203[:\342Q\225\221\027y\372\255\235\216\323~""; closeTime: 803842825; signature: ""0E\002!\000\306w\265\326\264\034\375\361\254A\320\267\360\245\233\272tx\227\304F\262\203<B\265\264W\010\317\237\214\002 =3\307(\236\326\3379\202$vw\252\021\237\333\347\266\235<\024\233\333\237vQ],\004\233hF""; previousledger: ""\324`\214\221\314\000\211K\223+(""\200i \311\372g\254\343ZR0\224\275q\252\357\213\263\206N""; ","proposeSeq: 0; currentTxHash: ""\000\000\000\000\000\000\000\000\000\000\000\000\000\000\000\000\000\000\000\000\000\000\000\000\000\000\000\000\000\000\000\000""; nodePubKey: ""\003R7o\362bV\300hf\266\241;}\200^\374\240\203[:\342Q\225\221\027y\372\255\235\216\323~""; closeTime: 803842825; signature: ""0E\002!\000\306w\265\326\264\034\375\361\254A\320\267\360\245\233\272tx\227\304F\262\203<B\265\264W\010\317\237\214\002 =3\307(\236\326\3379\202$vw\252\021\237\333\347\266\235<\024\233\333\237vQ],\004\233hF""; previousledger: ""\324`\214\221\314\000\211K\223+(""\200i \311\372g\254\343ZR0\224\275q\252\357\213\263\206N""; "
1750527625610,1750527625610,0,1,4,0,TMProposeSet,"proposeSeq: 0; currentTxHash: ""\000\000\000\000\000\000\000\000\000\000\000\000\000\000\000\000\000\000\000\000\000\000\000\000\000\000\000\000\000\000\000\000""; nodePubKey: ""\003R7o\362bV\300hf\266\241;}\200^\374\240\203[:\342Q\225\221\027y\372\255\235\216\323~""; closeTime: 803842825; signature: ""0E\002!\000\306w\265\326\264\034\375\361\254A\320\267\360\245\233\272tx\227\304F\262\203<B\265\264W\010\317\237\214\002 =3\307(\236\326\3379\202$vw\252\021\237\333\347\266\235<\024\233\333\237vQ],\004\233hF""; previousledger: ""\324`\214\221\314\000\211K\223+(""\200i \311\372g\254\343ZR0\224\275q\252\357\213\263\206N""; ","proposeSeq: 0; currentTxHash: ""\000\000\000\000\000\000\000\000\000\000\000\000\000\000\000\000\000\000\000\000\000\000\000\000\000\000\000\000\000\000\000\000""; nodePubKey: ""\003R7o\362bV\300hf\266\241;}\200^\374\240\203[:\342Q\225\221\027y\372\255\235\216\323~""; closeTime: 803842825; signature: ""0E\002!\000\306w\265\326\264\034\375\361\254A\320\267\360\245\233\272tx\227\304F\262\203<B\265\264W\010\317\237\214\002 =3\307(\236\326\3379\202$vw\252\021\237\333\347\266\235<\024\233\333\237vQ],\004\233hF""; previousledger: ""\324`\214\221\314\000\211K\223+(""\200i \311\372g\254\343ZR0\224\275q\252\357\213\263\206N""; "
1750527625611,1750527625611,0,1,4,1,TMProposeSet,"proposeSeq: 0; currentTxHash: ""\000\000\000\000\000\000\000\000\000\000\000\000\000\000\000\000\000\000\000\000\000\000\000\000\000\000\000\000\000\000\000\000""; nodePubKey: ""\003R7o\362bV\300hf\266\241;}\200^\374\240\203[:\342Q\225\221\027y\372\255\235\216\323~""; closeTime: 803842825; signature: ""0E\002!\000\306w\265\326\264\034\375\361\254A\320\267\360\245\233\272tx\227\304F\262\203<B\265\264W\010\317\237\214\002 =3\307(\236\326\3379\202$vw\252\021\237\333\347\266\235<\024\233\333\237vQ],\004\233hF""; previousledger: ""\324`\214\221\314\000\211K\223+(""\200i \311\372g\254\343ZR0\224\275q\252\357\213\263\206N""; ","proposeSeq: 0; currentTxHash: ""\000\000\000\000\000\000\000\000\000\000\000\000\000\000\000\000\000\000\000\000\000\000\000\000\000\000\000\000\000\000\000\000""; nodePubKey: ""\003R7o\362bV\300hf\266\241;}\200^\374\240\203[:\342Q\225\221\027y\372\255\235\216\323~""; closeTime: 803842825; signature: ""0E\002!\000\306w\265\326\264\034\375\361\254A\320\267\360\245\233\272tx\227\304F\262\203<B\265\264W\010\317\237\214\002 =3\307(\236\326\3379\202$vw\252\021\237\333\347\266\235<\024\233\333\237vQ],\004\233hF""; previousledger: ""\324`\214\221\314\000\211K\223+(""\200i \311\372g\254\343ZR0\224\275q\252\357\213\263\206N""; "
1750527625611,1750527625612,0,1,4,3,TMProposeSet,"proposeSeq: 0; currentTxHash: ""\000\000\000\000\000\000\000\000\000\000\000\000\000\000\000\000\000\000\000\000\000\000\000\000\000\000\000\000\000\000\000\000""; nodePubKey: ""\003R7o\362bV\300hf\266\241;}\200^\374\240\203[:\342Q\225\221\027y\372\255\235\216\323~""; closeTime: 803842825; signature: ""0E\002!\000\306w\265\326\264\034\375\361\254A\320\267\360\245\233\272tx\227\304F\262\203<B\265\264W\010\317\237\214\002 =3\307(\236\326\3379\202$vw\252\021\237\333\347\266\235<\024\233\333\237vQ],\004\233hF""; previousledger: ""\324`\214\221\314\000\211K\223+(""\200i \311\372g\254\343ZR0\224\275q\252\357\213\263\206N""; ","proposeSeq: 0; currentTxHash: ""\000\000\000\000\000\000\000\000\000\000\000\000\000\000\000\000\000\000\000\000\000\000\000\000\000\000\000\000\000\000\000\000""; nodePubKey: ""\003R7o\362bV\300hf\266\241;}\200^\374\240\203[:\342Q\225\221\027y\372\255\235\216\323~""; closeTime: 803842825; signature: ""0E\002!\000\306w\265\326\264\034\375\361\254A\320\267\360\245\233\272tx\227\304F\262\203<B\265\264W\010\317\237\214\002 =3\307(\236\326\3379\202$vw\252\021\237\333\347\266\235<\024\233\333\237vQ],\004\233hF""; previousledger: ""\324`\214\221\314\000\211K\223+(""\200i \311\372g\254\343ZR0\224\275q\252\357\213\263\206N""; "
1750527625613,1750527625614,0,1,3,2,TMProposeSet,"proposeSeq: 0; currentTxHash: ""\000\000\000\000\000\000\000\000\000\000\000\000\000\000\000\000\000\000\000\000\000\000\000\000\000\000\000\000\000\000\000\000""; nodePubKey: ""\003R7o\362bV\300hf\266\241;}\200^\374\240\203[:\342Q\225\221\027y\372\255\235\216\323~""; closeTime: 803842825; signature: ""0E\002!\000\306w\265\326\264\034\375\361\254A\320\267\360\245\233\272tx\227\304F\262\203<B\265\264W\010\317\237\214\002 =3\307(\236\326\3379\202$vw\252\021\237\333\347\266\235<\024\233\333\237vQ],\004\233hF""; previousledger: ""\324`\214\221\314\000\211K\223+(""\200i \311\372g\254\343ZR0\224\275q\252\357\213\263\206N""; ","proposeSeq: 0; currentTxHash: ""\000\000\000\000\000\000\000\000\000\000\000\000\000\000\000\000\000\000\000\000\000\000\000\000\000\000\000\000\000\000\000\000""; nodePubKey: ""\003R7o\362bV\300hf\266\241;}\200^\374\240\203[:\342Q\225\221\027y\372\255\235\216\323~""; closeTime: 803842825; signature: ""0E\002!\000\306w\265\326\264\034\375\361\254A\320\267\360\245\233\272tx\227\304F\262\203<B\265\264W\010\317\237\214\002 =3\307(\236\326\3379\202$vw\252\021\237\333\347\266\235<\024\233\333\237vQ],\004\233hF""; previousledger: ""\324`\214\221\314\000\211K\223+(""\200i \311\372g\254\343ZR0\224\275q\252\357\213\263\206N""; "
1750527625614,1750527625614,0,1,3,0,TMProposeSet,"proposeSeq: 0; currentTxHash: ""\000\000\000\000\000\000\000\000\000\000\000\000\000\000\000\000\000\000\000\000\000\000\000\000\000\000\000\000\000\000\000\000""; nodePubKey: ""\003R7o\362bV\300hf\266\241;}\200^\374\240\203[:\342Q\225\221\027y\372\255\235\216\323~""; closeTime: 803842825; signature: ""0E\002!\000\306w\265\326\264\034\375\361\254A\320\267\360\245\233\272tx\227\304F\262\203<B\265\264W\010\317\237\214\002 =3\307(\236\326\3379\202$vw\252\021\237\333\347\266\235<\024\233\333\237vQ],\004\233hF""; previousledger: ""\324`\214\221\314\000\211K\223+(""\200i \311\372g\254\343ZR0\224\275q\252\357\213\263\206N""; ","proposeSeq: 0; currentTxHash: ""\000\000\000\000\000\000\000\000\000\000\000\000\000\000\000\000\000\000\000\000\000\000\000\000\000\000\000\000\000\000\000\000""; nodePubKey: ""\003R7o\362bV\300hf\266\241;}\200^\374\240\203[:\342Q\225\221\027y\372\255\235\216\323~""; closeTime: 803842825; signature: ""0E\002!\000\306w\265\326\264\034\375\361\254A\320\267\360\245\233\272tx\227\304F\262\203<B\265\264W\010\317\237\214\002 =3\307(\236\326\3379\202$vw\252\021\237\333\347\266\235<\024\233\333\237vQ],\004\233hF""; previousledger: ""\324`\214\221\314\000\211K\223+(""\200i \311\372g\254\343ZR0\224\275q\252\357\213\263\206N""; "
1750527625614,1750527625614,0,1,3,1,TMProposeSet,"proposeSeq: 0; currentTxHash: ""\000\000\000\000\000\000\000\000\000\000\000\000\000\000\000\000\000\000\000\000\000\000\000\000\000\000\000\000\000\000\000\000""; nodePubKey: ""\003R7o\362bV\300hf\266\241;}\200^\374\240\203[:\342Q\225\221\027y\372\255\235\216\323~""; closeTime: 803842825; signature: ""0E\002!\000\306w\265\326\264\034\375\361\254A\320\267\360\245\233\272tx\227\304F\262\203<B\265\264W\010\317\237\214\002 =3\307(\236\326\3379\202$vw\252\021\237\333\347\266\235<\024\233\333\237vQ],\004\233hF""; previousledger: ""\324`\214\221\314\000\211K\223+(""\200i \311\372g\254\343ZR0\224\275q\252\357\213\263\206N""; ","proposeSeq: 0; currentTxHash: ""\000\000\000\000\000\000\000\000\000\000\000\000\000\000\000\000\000\000\000\000\000\000\000\000\000\000\000\000\000\000\000\000""; nodePubKey: ""\003R7o\362bV\300hf\266\241;}\200^\374\240\203[:\342Q\225\221\027y\372\255\235\216\323~""; closeTime: 803842825; signature: ""0E\002!\000\306w\265\326\264\034\375\361\254A\320\267\360\245\233\272tx\227\304F\262\203<B\265\264W\010\317\237\214\002 =3\307(\236\326\3379\202$vw\252\021\237\333\347\266\235<\024\233\333\237vQ],\004\233hF""; previousledger: ""\324`\214\221\314\000\211K\223+(""\200i \311\372g\254\343ZR0\224\275q\252\357\213\263\206N""; "
1750527625609,1750527625669,0,1,4,2,TMStatusChange,"newEvent: neCLOSING_LEDGER; ledgerSeq: 28; ledgerHash: ""\324`\214\221\314\000\211K\223+(""\200i \311\372g\254\343ZR0\224\275q\252\357\213\263\206N""; ledgerHashPrevious: ""A\321\341bca\253\025\321\311\317\021\375\317\217\n\272\033o\353G>\275\361H\265\240\232um""\317""; networkTime: 803842825; firstSeq: 1; lastSeq: 28; ","newEvent: neCLOSING_LEDGER; ledgerSeq: 28; ledgerHash: ""\324`\214\221\314\000\211K\223+(""\200i \311\372g\254\343ZR0\224\275q\252\357\213\263\206N""; ledgerHashPrevious: ""A\321\341bca\253\025\321\311\317\021\375\317\217\n\272\033o\353G>\275\361H\265\240\232um""\317""; networkTime: 803842825; firstSeq: 1; lastSeq: 28; "
1750527625612,1750527625670,0,1,4,1,TMStatusChange,"newEvent: neCLOSING_LEDGER; ledgerSeq: 28; ledgerHash: ""\324`\214\221\314\000\211K\223+(""\200i \311\372g\254\343ZR0\224\275q\252\357\213\263\206N""; ledgerHashPrevious: ""A\321\341bca\253\025\321\311\317\021\375\317\217\n\272\033o\353G>\275\361H\265\240\232um""\317""; networkTime: 803842825; firstSeq: 1; lastSeq: 28; ","newEvent: neCLOSING_LEDGER; ledgerSeq: 28; ledgerHash: ""\324`\214\221\314\000\211K\223+(""\200i \311\372g\254\343ZR0\224\275q\252\357\213\263\206N""; ledgerHashPrevious: ""A\321\341bca\253\025\321\311\317\021\375\317\217\n\272\033o\353G>\275\361H\265\240\232um""\317""; networkTime: 803842825; firstSeq: 1; lastSeq: 28; "
1750527625611,1750527625669,0,1,4,0,TMStatusChange,"newEvent: neCLOSING_LEDGER; ledgerSeq: 28; ledgerHash: ""\324`\214\221\314\000\211K\223+(""\200i \311\372g\254\343ZR0\224\275q\252\357\213\263\206N""; ledgerHashPrevious: ""A\321\341bca\253\025\321\311\317\021\375\317\217\n\272\033o\353G>\275\361H\265\240\232um""\317""; networkTime: 803842825; firstSeq: 1; lastSeq: 28; ","newEvent: neCLOSING_LEDGER; ledgerSeq: 28; ledgerHash: ""\324`\214\221\314\000\211K\223+(""\200i \311\372g\254\343ZR0\224\275q\252\357\213\263\206N""; ledgerHashPrevious: ""A\321\341bca\253\025\321\311\317\021\375\317\217\n\272\033o\353G>\275\361H\265\240\232um""\317""; networkTime: 803842825; firstSeq: 1; lastSeq: 28; "
1750527625611,1750527625669,0,1,4,3,TMStatusChange,"newEvent: neCLOSING_LEDGER; ledgerSeq: 28; ledgerHash: ""\324`\214\221\314\000\211K\223+(""\200i \311\372g\254\343ZR0\224\275q\252\357\213\263\206N""; ledgerHashPrevious: ""A\321\341bca\253\025\321\311\317\021\375\317\217\n\272\033o\353G>\275\361H\265\240\232um""\317""; networkTime: 803842825; firstSeq: 1; lastSeq: 28; ","newEvent: neCLOSING_LEDGER; ledgerSeq: 28; ledgerHash: ""\324`\214\221\314\000\211K\223+(""\200i \311\372g\254\343ZR0\224\275q\252\357\213\263\206N""; ledgerHashPrevious: ""A\321\341bca\253\025\321\311\317\021\375\317\217\n\272\033o\353G>\275\361H\265\240\232um""\317""; networkTime: 803842825; firstSeq: 1; lastSeq: 28; "
1750527625624,1750527625670,0,1,2,3,TMStatusChange,"newEvent: neACCEPTED_LEDGER; ledgerSeq: 11; ledgerHash: ""\351\200D\025\027\211\2170\311\\000\341\377\025\233{\306$7\251\215K\253\377\343=J\317\247\206A6""; ledgerHashPrevious: ""Q\027L\376}m\030\320\337\2266^+\340\370P\272\314\232\3371\327\027Ejgq<\303\367\244\236""; networkTime: 803842825; firstSeq: 1; lastSeq: 28; ","newEvent: neACCEPTED_LEDGER; ledgerSeq: 11; ledgerHash: ""\351\200D\025\027\211\2170\311\\000\341\377\025\233{\306$7\251\215K\253\377\343=J\317\247\206A6""; ledgerHashPrevious: ""Q\027L\376}m\030\320\337\2266^+\340\370P\272\314\232\3371\327\027Ejgq<\303\367\244\236""; networkTime: 803842825; firstSeq: 1; lastSeq: 28; "
1750527625625,1750527625670,0,1,2,4,TMStatusChange,"newEvent: neACCEPTED_LEDGER; ledgerSeq: 11; ledgerHash: ""\351\200D\025\027\211\2170\311\\000\341\377\025\233{\306$7\251\215K\253\377\343=J\317\247\206A6""; ledgerHashPrevious: ""Q\027L\376}m\030\320\337\2266^+\340\370P\272\314\232\3371\327\027Ejgq<\303\367\244\236""; networkTime: 803842825; firstSeq: 1; lastSeq: 28; ","newEvent: neACCEPTED_LEDGER; ledgerSeq: 11; ledgerHash: ""\351\200D\025\027\211\2170\311\\000\341\377\025\233{\306$7\251\215K\253\377\343=J\317\247\206A6""; ledgerHashPrevious: ""Q\027L\376}m\030\320\337\2266^+\340\370P\272\314\232\3371\327\027Ejgq<\303\367\244\236""; networkTime: 803842825; firstSeq: 1; lastSeq: 28; "
1750527625625,1750527625671,0,1,2,1,TMStatusChange,"newEvent: neACCEPTED_LEDGER; ledgerSeq: 11; ledgerHash: ""\351\200D\025\027\211\2170\311\\000\341\377\025\233{\306$7\251\215K\253\377\343=J\317\247\206A6""; ledgerHashPrevious: ""Q\027L\376}m\030\320\337\2266^+\340\370P\272\314\232\3371\327\027Ejgq<\303\367\244\236""; networkTime: 803842825; firstSeq: 1; lastSeq: 28; ","newEvent: neACCEPTED_LEDGER; ledgerSeq: 11; ledgerHash: ""\351\200D\025\027\211\2170\311\\000\341\377\025\233{\306$7\251\215K\253\377\343=J\317\247\206A6""; ledgerHashPrevious: ""Q\027L\376}m\030\320\337\2266^+\340\370P\272\314\232\3371\327\027Ejgq<\303\367\244\236""; networkTime: 803842825; firstSeq: 1; lastSeq: 28; "
1750527625625,1750527625671,0,1,2,0,TMStatusChange,"newEvent: neACCEPTED_LEDGER; ledgerSeq: 11; ledgerHash: ""\351\200D\025\027\211\2170\311\\000\341\377\025\233{\306$7\251\215K\253\377\343=J\317\247\206A6""; ledgerHashPrevious: ""Q\027L\376}m\030\320\337\2266^+\340\370P\272\314\232\3371\327\027Ejgq<\303\367\244\236""; networkTime: 803842825; firstSeq: 1; lastSeq: 28; ","newEvent: neACCEPTED_LEDGER; ledgerSeq: 11; ledgerHash: ""\351\200D\025\027\211\2170\311\\000\341\377\025\233{\306$7\251\215K\253\377\343=J\317\247\206A6""; ledgerHashPrevious: ""Q\027L\376}m\030\320\337\2266^+\340\370P\272\314\232\3371\327\027Ejgq<\303\367\244\236""; networkTime: 803842825; firstSeq: 1; lastSeq: 28; "
1750527627447,1750527627447,0,1,3,2,TMValidation,"validation: """"\200\000\000\001&\000\000\000\035)/\351\253\013:p\210\265\307-\212\200\004Q\357&Q\217\267\303\356I\236\357\264\311b\037\366\035\253\343\311\265\240\327q\206f\262ODi\215-\363P\027\000\000\000\000\000\000\000\000\000\000\000\000\000\000\000\000\000\000\000\000\000\000\000\000\000\000\000\000\000\000\000\000P\031\324`\214\221\314\000\211K\223+(""\200i \311\372g\254\343ZR0\224\275q\252\357\213\263\206Ns!\002\364d\217\366\217|\316F\232\231\241\n\261\333`\312O\367\235\025DD\336e\367\n\312\326\221\037\025\230vG0E\002!\000\217s\033uY\354\375\335\371\316]|\246g\247Kv\242hE\217\311\251\271\351\213\326\353\276\325\304i\002 y{\330\327kZ\362\001\331\002 \031.Q\361\\274$\177\014\022\031:\267\272\214_\376\211\021\304\026""; ","validation: """"\200\000\000\001&\000\000\000\035)/\351\253\013:p\210\265\307-\212\200\004Q\357&Q\217\267\303\356I\236\357\264\311b\037\366\035\253\343\311\265\240\327q\206f\262ODi\215-\363P\027\000\000\000\000\000\000\000\000\000\000\000\000\000\000\000\000\000\000\000\000\000\000\000\000\000\000\000\000\000\000\000\000P\031\324`\214\221\314\000\211K\223+(""\200i \311\372g\254\343ZR0\224\275q\252\357\213\263\206Ns!\002\364d\217\366\217|\316F\232\231\241\n\261\333`\312O\367\235\025DD\336e\367\n\312\326\221\037\025\230vG0E\002!\000\217s\033uY\354\375\335\371\316]|\246g\247Kv\242hE\217\311\251\271\351\213\326\353\276\325\304i\002 y{\330\327kZ\362\001\331\002 \031.Q\361\\274$\177\014\022\031:\267\272\214_\376\211\021\304\026""; "
1750527627448,1750527627448,0,1,3,2,TMStatusChange,"newEvent: neACCEPTED_LEDGER; ledgerSeq: 29; ledgerHash: ""\357&Q\217\267\303\356I\236\357\264\311b\037\366\035\253\343\311\265\240\327q\206f\262ODi\215-\363""; ledgerHashPrevious: ""\324`\214\221\314\000\211K\223+(""\200i \311\372g\254\343ZR0\224\275q\252\357\213\263\206N""; networkTime: 803842827; firstSeq: 1; lastSeq: 28; ","newEvent: neACCEPTED_LEDGER; ledgerSeq: 29; ledgerHash: ""\357&Q\217\267\303\356I\236\357\264\311b\037\366\035\253\343\311\265\240\327q\206f\262ODi\215-\363""; ledgerHashPrevious: ""\324`\214\221\314\000\211K\223+(""\200i \311\372g\254\343ZR0\224\275q\252\357\213\263\206N""; networkTime: 803842827; firstSeq: 1; lastSeq: 28; "
1750527627448,1750527627449,0,1,3,4,TMValidation,"validation: """"\200\000\000\001&\000\000\000\035)/\351\253\013:p\210\265\307-\212\200\004Q\357&Q\217\267\303\356I\236\357\264\311b\037\366\035\253\343\311\265\240\327q\206f\262ODi\215-\363P\027\000\000\000\000\000\000\000\000\000\000\000\000\000\000\000\000\000\000\000\000\000\000\000\000\000\000\000\000\000\000\000\000P\031\324`\214\221\314\000\211K\223+(""\200i \311\372g\254\343ZR0\224\275q\252\357\213\263\206Ns!\002\364d\217\366\217|\316F\232\231\241\n\261\333`\312O\367\235\025DD\336e\367\n\312\326\221\037\025\230vG0E\002!\000\217s\033uY\354\375\335\371\316]|\246g\247Kv\242hE\217\311\251\271\351\213\326\353\276\325\304i\002 y{\330\327kZ\362\001\331\002 \031.Q\361\\274$\177\014\022\031:\267\272\214_\376\211\021\304\026""; ","validation: """"\200\000\000\001&\000\000\000\035)/\351\253\013:p\210\265\307-\212\200\004Q\357&Q\217\267\303\356I\236\357\264\311b\037\366\035\253\343\311\265\240\327q\206f\262ODi\215-\363P\027\000\000\000\000\000\000\000\000\000\000\000\000\000\000\000\000\000\000\000\000\000\000\000\000\000\000\000\000\000\000\000\000P\031\324`\214\221\314\000\211K\223+(""\200i \311\372g\254\343ZR0\224\275q\252\357\213\263\206Ns!\002\364d\217\366\217|\316F\232\231\241\n\261\333`\312O\367\235\025DD\336e\367\n\312\326\221\037\025\230vG0E\002!\000\217s\033uY\354\375\335\371\316]|\246g\247Kv\242hE\217\311\251\271\351\213\326\353\276\325\304i\002 y{\330\327kZ\362\001\331\002 \031.Q\361\\274$\177\014\022\031:\267\272\214_\376\211\021\304\026""; "
1750527627449,1750527627449,0,1,3,4,TMStatusChange,"newEvent: neACCEPTED_LEDGER; ledgerSeq: 29; ledgerHash: ""\357&Q\217\267\303\356I\236\357\264\311b\037\366\035\253\343\311\265\240\327q\206f\262ODi\215-\363""; ledgerHashPrevious: ""\324`\214\221\314\000\211K\223+(""\200i \311\372g\254\343ZR0\224\275q\252\357\213\263\206N""; networkTime: 803842827; firstSeq: 1; lastSeq: 28; ","newEvent: neACCEPTED_LEDGER; ledgerSeq: 29; ledgerHash: ""\357&Q\217\267\303\356I\236\357\264\311b\037\366\035\253\343\311\265\240\327q\206f\262ODi\215-\363""; ledgerHashPrevious: ""\324`\214\221\314\000\211K\223+(""\200i \311\372g\254\343ZR0\224\275q\252\357\213\263\206N""; networkTime: 803842827; firstSeq: 1; lastSeq: 28; "
1750527627450,1750527627450,0,1,3,1,TMValidation,"validation: """"\200\000\000\001&\000\000\000\035)/\351\253\013:p\210\265\307-\212\200\004Q\357&Q\217\267\303\356I\236\357\264\311b\037\366\035\253\343\311\265\240\327q\206f\262ODi\215-\363P\027\000\000\000\000\000\000\000\000\000\000\000\000\000\000\000\000\000\000\000\000\000\000\000\000\000\000\000\000\000\000\000\000P\031\324`\214\221\314\000\211K\223+(""\200i \311\372g\254\343ZR0\224\275q\252\357\213\263\206Ns!\002\364d\217\366\217|\316F\232\231\241\n\261\333`\312O\367\235\025DD\336e\367\n\312\326\221\037\025\230vG0E\002!\000\217s\033uY\354\375\335\371\316]|\246g\247Kv\242hE\217\311\251\271\351\213\326\353\276\325\304i\002 y{\330\327kZ\362\001\331\002 \031.Q\361\\274$\177\014\022\031:\267\272\214_\376\211\021\304\026""; ","validation: """"\200\000\000\001&\000\000\000\035)/\351\253\013:p\210\265\307-\212\200\004Q\357&Q\217\267\303\356I\236\357\264\311b\037\366\035\253\343\311\265\240\327q\206f\262ODi\215-\363P\027\000\000\000\000\000\000\000\000\000\000\000\000\000\000\000\000\000\000\000\000\000\000\000\000\000\000\000\000\000\000\000\000P\031\324`\214\221\314\000\211K\223+(""\200i \311\372g\254\343ZR0\224\275q\252\357\213\263\206Ns!\002\364d\217\366\217|\316F\232\231\241\n\261\333`\312O\367\235\025DD\336e\367\n\312\326\221\037\025\230vG0E\002!\000\217s\033uY\354\375\335\371\316]|\246g\247Kv\242hE\217\311\251\271\351\213\326\353\276\325\304i\002 y{\330\327kZ\362\001\331\002 \031.Q\361\\274$\177\014\022\031:\267\272\214_\376\211\021\304\026""; "
1750527627450,1750527627450,0,1,3,0,TMValidation,"validation: """"\200\000\000\001&\000\000\000\035)/\351\253\013:p\210\265\307-\212\200\004Q\357&Q\217\267\303\356I\236\357\264\311b\037\366\035\253\343\311\265\240\327q\206f\262ODi\215-\363P\027\000\000\000\000\000\000\000\000\000\000\000\000\000\000\000\000\000\000\000\000\000\000\000\000\000\000\000\000\000\000\000\000P\031\324`\214\221\314\000\211K\223+(""\200i \311\372g\254\343ZR0\224\275q\252\357\213\263\206Ns!\002\364d\217\366\217|\316F\232\231\241\n\261\333`\312O\367\235\025DD\336e\367\n\312\326\221\037\025\230vG0E\002!\000\217s\033uY\354\375\335\371\316]|\246g\247Kv\242hE\217\311\251\271\351\213\326\353\276\325\304i\002 y{\330\327kZ\362\001\331\002 \031.Q\361\\274$\177\014\022\031:\267\272\214_\376\211\021\304\026""; ","validation: """"\200\000\000\001&\000\000\000\035)/\351\253\013:p\210\265\307-\212\200\004Q\357&Q\217\267\303\356I\236\357\264\311b\037\366\035\253\343\311\265\240\327q\206f\262ODi\215-\363P\027\000\000\000\000\000\000\000\000\000\000\000\000\000\000\000\000\000\000\000\000\000\000\000\000\000\000\000\000\000\000\000\000P\031\324`\214\221\314\000\211K\223+(""\200i \311\372g\254\343ZR0\224\275q\252\357\213\263\206Ns!\002\364d\217\366\217|\316F\232\231\241\n\261\333`\312O\367\235\025DD\336e\367\n\312\326\221\037\025\230vG0E\002!\000\217s\033uY\354\375\335\371\316]|\246g\247Kv\242hE\217\311\251\271\351\213\326\353\276\325\304i\002 y{\330\327kZ\362\001\331\002 \031.Q\361\\274$\177\014\022\031:\267\272\214_\376\211\021\304\026""; "
1750527627451,1750527627451,0,1,3,0,TMStatusChange,"newEvent: neACCEPTED_LEDGER; ledgerSeq: 29; ledgerHash: ""\357&Q\217\267\303\356I\236\357\264\311b\037\366\035\253\343\311\265\240\327q\206f\262ODi\215-\363""; ledgerHashPrevious: ""\324`\214\221\314\000\211K\223+(""\200i \311\372g\254\343ZR0\224\275q\252\357\213\263\206N""; networkTime: 803842827; firstSeq: 1; lastSeq: 28; ","newEvent: neACCEPTED_LEDGER; ledgerSeq: 29; ledgerHash: ""\357&Q\217\267\303\356I\236\357\264\311b\037\366\035\253\343\311\265\240\327q\206f\262ODi\215-\363""; ledgerHashPrevious: ""\324`\214\221\314\000\211K\223+(""\200i \311\372g\254\343ZR0\224\275q\252\357\213\263\206N""; networkTime: 803842827; firstSeq: 1; lastSeq: 28; "
1750527627451,1750527627451,0,1,3,1,TMStatusChange,"newEvent: neACCEPTED_LEDGER; ledgerSeq: 29; ledgerHash: ""\357&Q\217\267\303\356I\236\357\264\311b\037\366\035\253\343\311\265\240\327q\206f\262ODi\215-\363""; ledgerHashPrevious: ""\324`\214\221\314\000\211K\223+(""\200i \311\372g\254\343ZR0\224\275q\252\357\213\263\206N""; networkTime: 803842827; firstSeq: 1; lastSeq: 28; ","newEvent: neACCEPTED_LEDGER; ledgerSeq: 29; ledgerHash: ""\357&Q\217\267\303\356I\236\357\264\311b\037\366\035\253\343\311\265\240\327q\206f\262ODi\215-\363""; ledgerHashPrevious: ""\324`\214\221\314\000\211K\223+(""\200i \311\372g\254\343ZR0\224\275q\252\357\213\263\206N""; networkTime: 803842827; firstSeq: 1; lastSeq: 28; "
1750527627452,1750527627452,0,1,2,3,TMGetLedger,"itype: liBASE; ledgerHash: ""\357&Q\217\267\303\356I\236\357\264\311b\037\366\035\253\343\311\265\240\327q\206f\262ODi\215-\363""; ledgerSeq: 29; ","itype: liBASE; ledgerHash: ""\357&Q\217\267\303\356I\236\357\264\311b\037\366\035\253\343\311\265\240\327q\206f\262ODi\215-\363""; ledgerSeq: 29; "
1750527627452,1750527627452,0,1,2,1,TMGetLedger,"itype: liBASE; ledgerHash: ""\357&Q\217\267\303\356I\236\357\264\311b\037\366\035\253\343\311\265\240\327q\206f\262ODi\215-\363""; ledgerSeq: 29; ","itype: liBASE; ledgerHash: ""\357&Q\217\267\303\356I\236\357\264\311b\037\366\035\253\343\311\265\240\327q\206f\262ODi\215-\363""; ledgerSeq: 29; "
1750527627453,1750527627453,0,1,2,1,TMValidation,"validation: """"\200\000\000\001&\000\000\000\035)/\351\253\013:p\210\265\307-\212\200\004Q\357&Q\217\267\303\356I\236\357\264\311b\037\366\035\253\343\311\265\240\327q\206f\262ODi\215-\363P\027\000\000\000\000\000\000\000\000\000\000\000\000\000\000\000\000\000\000\000\000\000\000\000\000\000\000\000\000\000\000\000\000P\031\324`\214\221\314\000\211K\223+(""\200i \311\372g\254\343ZR0\224\275q\252\357\213\263\206Ns!\002\364d\217\366\217|\316F\232\231\241\n\261\333`\312O\367\235\025DD\336e\367\n\312\326\221\037\025\230vG0E\002!\000\217s\033uY\354\375\335\371\316]|\246g\247Kv\242hE\217\311\251\271\351\213\326\353\276\325\304i\002 y{\330\327kZ\362\001\331\002 \031.Q\361\\274$\177\014\022\031:\267\272\214_\376\211\021\304\026""; ","validation: """"\200\000\000\001&\000\000\000\035)/\351\253\013:p\210\265\307-\212\200\004Q\357&Q\217\267\303\356I\236\357\264\311b\037\366\035\253\343\311\265\240\327q\206f\262ODi\215-\363P\027\000\000\000\000\000\000\000\000\000\000\000\000\000\000\000\000\000\000\000\000\000\000\000\000\000\000\000\000\000\000\000\000P\031\324`\214\221\314\000\211K\223+(""\200i \311\372g\254\343ZR0\224\275q\252\357\213\263\206Ns!\002\364d\217\366\217|\316F\232\231\241\n\261\333`\312O\367\235\025DD\336e\367\n\312\326\221\037\025\230vG0E\002!\000\217s\033uY\354\375\335\371\316]|\246g\247Kv\242hE\217\311\251\271\351\213\326\353\276\325\304i\002 y{\330\327kZ\362\001\331\002 \031.Q\361\\274$\177\014\022\031:\267\272\214_\376\211\021\304\026""; "
1750527627454,1750527627454,0,1,2,4,TMValidation,"validation: """"\200\000\000\001&\000\000\000\035)/\351\253\013:p\210\265\307-\212\200\004Q\357&Q\217\267\303\356I\236\357\264\311b\037\366\035\253\343\311\265\240\327q\206f\262ODi\215-\363P\027\000\000\000\000\000\000\000\000\000\000\000\000\000\000\000\000\000\000\000\000\000\000\000\000\000\000\000\000\000\000\000\000P\031\324`\214\221\314\000\211K\223+(""\200i \311\372g\254\343ZR0\224\275q\252\357\213\263\206Ns!\002\364d\217\366\217|\316F\232\231\241\n\261\333`\312O\367\235\025DD\336e\367\n\312\326\221\037\025\230vG0E\002!\000\217s\033uY\354\375\335\371\316]|\246g\247Kv\242hE\217\311\251\271\351\213\326\353\276\325\304i\002 y{\330\327kZ\362\001\331\002 \031.Q\361\\274$\177\014\022\031:\267\272\214_\376\211\021\304\026""; ","validation: """"\200\000\000\001&\000\000\000\035)/\351\253\013:p\210\265\307-\212\200\004Q\357&Q\217\267\303\356I\236\357\264\311b\037\366\035\253\343\311\265\240\327q\206f\262ODi\215-\363P\027\000\000\000\000\000\000\000\000\000\000\000\000\000\000\000\000\000\000\000\000\000\000\000\000\000\000\000\000\000\000\000\000P\031\324`\214\221\314\000\211K\223+(""\200i \311\372g\254\343ZR0\224\275q\252\357\213\263\206Ns!\002\364d\217\366\217|\316F\232\231\241\n\261\333`\312O\367\235\025DD\336e\367\n\312\326\221\037\025\230vG0E\002!\000\217s\033uY\354\375\335\371\316]|\246g\247Kv\242hE\217\311\251\271\351\213\326\353\276\325\304i\002 y{\330\327kZ\362\001\331\002 \031.Q\361\\274$\177\014\022\031:\267\272\214_\376\211\021\304\026""; "
1750527627454,1750527627454,0,1,2,4,TMGetLedger,"itype: liBASE; ledgerHash: ""\357&Q\217\267\303\356I\236\357\264\311b\037\366\035\253\343\311\265\240\327q\206f\262ODi\215-\363""; ledgerSeq: 29; ","itype: liBASE; ledgerHash: ""\357&Q\217\267\303\356I\236\357\264\311b\037\366\035\253\343\311\265\240\327q\206f\262ODi\215-\363""; ledgerSeq: 29; "
1750527627454,1750527627455,0,1,2,0,TMGetLedger,"itype: liBASE; ledgerHash: ""\357&Q\217\267\303\356I\236\357\264\311b\037\366\035\253\343\311\265\240\327q\206f\262ODi\215-\363""; ledgerSeq: 29; ","itype: liBASE; ledgerHash: ""\357&Q\217\267\303\356I\236\357\264\311b\037\366\035\253\343\311\265\240\327q\206f\262ODi\215-\363""; ledgerSeq: 29; "
1750527627455,1750527627455,0,1,2,0,TMValidation,"validation: """"\200\000\000\001&\000\000\000\035)/\351\253\013:p\210\265\307-\212\200\004Q\357&Q\217\267\303\356I\236\357\264\311b\037\366\035\253\343\311\265\240\327q\206f\262ODi\215-\363P\027\000\000\000\000\000\000\000\000\000\000\000\000\000\000\000\000\000\000\000\000\000\000\000\000\000\000\000\000\000\000\000\000P\031\324`\214\221\314\000\211K\223+(""\200i \311\372g\254\343ZR0\224\275q\252\357\213\263\206Ns!\002\364d\217\366\217|\316F\232\231\241\n\261\333`\312O\367\235\025DD\336e\367\n\312\326\221\037\025\230vG0E\002!\000\217s\033uY\354\375\335\371\316]|\246g\247Kv\242hE\217\311\251\271\351\213\326\353\276\325\304i\002 y{\330\327kZ\362\001\331\002 \031.Q\361\\274$\177\014\022\031:\267\272\214_\376\211\021\304\026""; ","validation: """"\200\000\000\001&\000\000\000\035)/\351\253\013:p\210\265\307-\212\200\004Q\357&Q\217\267\303\356I\236\357\264\311b\037\366\035\253\343\311\265\240\327q\206f\262ODi\215-\363P\027\000\000\000\000\000\000\000\000\000\000\000\000\000\000\000\000\000\000\000\000\000\000\000\000\000\000\000\000\000\000\000\000P\031\324`\214\221\314\000\211K\223+(""\200i \311\372g\254\343ZR0\224\275q\252\357\213\263\206Ns!\002\364d\217\366\217|\316F\232\231\241\n\261\333`\312O\367\235\025DD\336e\367\n\312\326\221\037\025\230vG0E\002!\000\217s\033uY\354\375\335\371\316]|\246g\247Kv\242hE\217\311\251\271\351\213\326\353\276\325\304i\002 y{\330\327kZ\362\001\331\002 \031.Q\361\\274$\177\014\022\031:\267\272\214_\376\211\021\304\026""; "
1750527627456,1750527627456,0,1,2,0,TMGetLedger,"itype: liBASE; ledgerHash: ""\357&Q\217\267\303\356I\236\357\264\311b\037\366\035\253\343\311\265\240\327q\206f\262ODi\215-\363""; ledgerSeq: 29; queryType: qtINDIRECT; ","itype: liBASE; ledgerHash: ""\357&Q\217\267\303\356I\236\357\264\311b\037\366\035\253\343\311\265\240\327q\206f\262ODi\215-\363""; ledgerSeq: 29; queryType: qtINDIRECT; "
1750527627456,1750527627457,0,1,2,3,TMGetLedger,"itype: liBASE; ledgerHash: ""\357&Q\217\267\303\356I\236\357\264\311b\037\366\035\253\343\311\265\240\327q\206f\262ODi\215-\363""; ledgerSeq: 29; queryType: qtINDIRECT; ","itype: liBASE; ledgerHash: ""\357&Q\217\267\303\356I\236\357\264\311b\037\366\035\253\343\311\265\240\327q\206f\262ODi\215-\363""; ledgerSeq: 29; queryType: qtINDIRECT; "
1750527627457,1750527627458,0,1,2,1,TMGetLedger,"itype: liBASE; ledgerHash: ""\357&Q\217\267\303\356I\236\357\264\311b\037\366\035\253\343\311\265\240\327q\206f\262ODi\215-\363""; ledgerSeq: 29; queryType: qtINDIRECT; ","itype: liBASE; ledgerHash: ""\357&Q\217\267\303\356I\236\357\264\311b\037\366\035\253\343\311\265\240\327q\206f\262ODi\215-\363""; ledgerSeq: 29; queryType: qtINDIRECT; "
1750527627459,1750527627459,0,1,2,4,TMGetLedger,"itype: liBASE; ledgerHash: ""\357&Q\217\267\303\356I\236\357\264\311b\037\366\035\253\343\311\265\240\327q\206f\262ODi\215-\363""; ledgerSeq: 29; queryType: qtINDIRECT; ","itype: liBASE; ledgerHash: ""\357&Q\217\267\303\356I\236\357\264\311b\037\366\035\253\343\311\265\240\327q\206f\262ODi\215-\363""; ledgerSeq: 29; queryType: qtINDIRECT; "
1750527627461,1750527627461,0,1,4,1,TMValidation,"validation: """"\200\000\000\001&\000\000\000\035)/\351\253\013:p\210\265\307-\212\200\004Q\357&Q\217\267\303\356I\236\357\264\311b\037\366\035\253\343\311\265\240\327q\206f\262ODi\215-\363P\027\000\000\000\000\000\000\000\000\000\000\000\000\000\000\000\000\000\000\000\000\000\000\000\000\000\000\000\000\000\000\000\000P\031\324`\214\221\314\000\211K\223+(""\200i \311\372g\254\343ZR0\224\275q\252\357\213\263\206Ns!\002\364d\217\366\217|\316F\232\231\241\n\261\333`\312O\367\235\025DD\336e\367\n\312\326\221\037\025\230vG0E\002!\000\217s\033uY\354\375\335\371\316]|\246g\247Kv\242hE\217\311\251\271\351\213\326\353\276\325\304i\002 y{\330\327kZ\362\001\331\002 \031.Q\361\\274$\177\014\022\031:\267\272\214_\376\211\021\304\026""; ","validation: """"\200\000\000\001&\000\000\000\035)/\351\253\013:p\210\265\307-\212\200\004Q\357&Q\217\267\303\356I\236\357\264\311b\037\366\035\253\343\311\265\240\327q\206f\262ODi\215-\363P\027\000\000\000\000\000\000\000\000\000\000\000\000\000\000\000\000\000\000\000\000\000\000\000\000\000\000\000\000\000\000\000\000P\031\324`\214\221\314\000\211K\223+(""\200i \311\372g\254\343ZR0\224\275q\252\357\213\263\206Ns!\002\364d\217\366\217|\316F\232\231\241\n\261\333`\312O\367\235\025DD\336e\367\n\312\326\221\037\025\230vG0E\002!\000\217s\033uY\354\375\335\371\316]|\246g\247Kv\242hE\217\311\251\271\351\213\326\353\276\325\304i\002 y{\330\327kZ\362\001\331\002 \031.Q\361\\274$\177\014\022\031:\267\272\214_\376\211\021\304\026""; "
1750527627461,1750527627461,0,1,4,2,TMGetLedger,"itype: liBASE; ledgerHash: ""\357&Q\217\267\303\356I\236\357\264\311b\037\366\035\253\343\311\265\240\327q\206f\262ODi\215-\363""; ","itype: liBASE; ledgerHash: ""\357&Q\217\267\303\356I\236\357\264\311b\037\366\035\253\343\311\265\240\327q\206f\262ODi\215-\363""; "
1750527627462,1750527627462,0,1,4,2,TMValidation,"validation: """"\200\000\000\001&\000\000\000\035)/\351\253\013:p\210\265\307-\212\200\004Q\357&Q\217\267\303\356I\236\357\264\311b\037\366\035\253\343\311\265\240\327q\206f\262ODi\215-\363P\027\000\000\000\000\000\000\000\000\000\000\000\000\000\000\000\000\000\000\000\000\000\000\000\000\000\000\000\000\000\000\000\000P\031\324`\214\221\314\000\211K\223+(""\200i \311\372g\254\343ZR0\224\275q\252\357\213\263\206Ns!\002\364d\217\366\217|\316F\232\231\241\n\261\333`\312O\367\235\025DD\336e\367\n\312\326\221\037\025\230vG0E\002!\000\217s\033uY\354\375\335\371\316]|\246g\247Kv\242hE\217\311\251\271\351\213\326\353\276\325\304i\002 y{\330\327kZ\362\001\331\002 \031.Q\361\\274$\177\014\022\031:\267\272\214_\376\211\021\304\026""; ","validation: """"\200\000\000\001&\000\000\000\035)/\351\253\013:p\210\265\307-\212\200\004Q\357&Q\217\267\303\356I\236\357\264\311b\037\366\035\253\343\311\265\240\327q\206f\262ODi\215-\363P\027\000\000\000\000\000\000\000\000\000\000\000\000\000\000\000\000\000\000\000\000\000\000\000\000\000\000\000\000\000\000\000\000P\031\324`\214\221\314\000\211K\223+(""\200i \311\372g\254\343ZR0\224\275q\252\357\213\263\206Ns!\002\364d\217\366\217|\316F\232\231\241\n\261\333`\312O\367\235\025DD\336e\367\n\312\326\221\037\025\230vG0E\002!\000\217s\033uY\354\375\335\371\316]|\246g\247Kv\242hE\217\311\251\271\351\213\326\353\276\325\304i\002 y{\330\327kZ\362\001\331\002 \031.Q\361\\274$\177\014\022\031:\267\272\214_\376\211\021\304\026""; "
1750527627462,1750527627462,0,1,4,0,TMValidation,"validation: """"\200\000\000\001&\000\000\000\035)/\351\253\013:p\210\265\307-\212\200\004Q\357&Q\217\267\303\356I\236\357\264\311b\037\366\035\253\343\311\265\240\327q\206f\262ODi\215-\363P\027\000\000\000\000\000\000\000\000\000\000\000\000\000\000\000\000\000\000\000\000\000\000\000\000\000\000\000\000\000\000\000\000P\031\324`\214\221\314\000\211K\223+(""\200i \311\372g\254\343ZR0\224\275q\252\357\213\263\206Ns!\002\364d\217\366\217|\316F\232\231\241\n\261\333`\312O\367\235\025DD\336e\367\n\312\326\221\037\025\230vG0E\002!\000\217s\033uY\354\375\335\371\316]|\246g\247Kv\242hE\217\311\251\271\351\213\326\353\276\325\304i\002 y{\330\327kZ\362\001\331\002 \031.Q\361\\274$\177\014\022\031:\267\272\214_\376\211\021\304\026""; ","validation: """"\200\000\000\001&\000\000\000\035)/\351\253\013:p\210\265\307-\212\200\004Q\357&Q\217\267\303\356I\236\357\264\311b\037\366\035\253\343\311\265\240\327q\206f\262ODi\215-\363P\027\000\000\000\000\000\000\000\000\000\000\000\000\000\000\000\000\000\000\000\000\000\000\000\000\000\000\000\000\000\000\000\000P\031\324`\214\221\314\000\211K\223+(""\200i \311\372g\254\343ZR0\224\275q\252\357\213\263\206Ns!\002\364d\217\366\217|\316F\232\231\241\n\261\333`\312O\367\235\025DD\336e\367\n\312\326\221\037\025\230vG0E\002!\000\217s\033uY\354\375\335\371\316]|\246g\247Kv\242hE\217\311\251\271\351\213\326\353\276\325\304i\002 y{\330\327kZ\362\001\331\002 \031.Q\361\\274$\177\014\022\031:\267\272\214_\376\211\021\304\026""; "
1750527627463,1750527627463,0,1,4,1,TMGetLedger,"itype: liBASE; ledgerHash: ""\357&Q\217\267\303\356I\236\357\264\311b\037\366\035\253\343\311\265\240\327q\206f\262ODi\215-\363""; ","itype: liBASE; ledgerHash: ""\357&Q\217\267\303\356I\236\357\264\311b\037\366\035\253\343\311\265\240\327q\206f\262ODi\215-\363""; "
1750527627464,1750527627464,0,1,4,0,TMGetLedger,"itype: liBASE; ledgerHash: ""\357&Q\217\267\303\356I\236\357\264\311b\037\366\035\253\343\311\265\240\327q\206f\262ODi\215-\363""; ","itype: liBASE; ledgerHash: ""\357&Q\217\267\303\356I\236\357\264\311b\037\366\035\253\343\311\265\240\327q\206f\262ODi\215-\363""; "
1750527627464,1750527627464,0,1,4,3,TMGetLedger,"itype: liBASE; ledgerHash: ""\357&Q\217\267\303\356I\236\357\264\311b\037\366\035\253\343\311\265\240\327q\206f\262ODi\215-\363""; ","itype: liBASE; ledgerHash: ""\357&Q\217\267\303\356I\236\357\264\311b\037\366\035\253\343\311\265\240\327q\206f\262ODi\215-\363""; "
1750527627464,1750527627464,0,1,4,0,TMGetLedger,"itype: liBASE; ledgerHash: ""\357&Q\217\267\303\356I\236\357\264\311b\037\366\035\253\343\311\265\240\327q\206f\262ODi\215-\363""; queryType: qtINDIRECT; ","itype: liBASE; ledgerHash: ""\357&Q\217\267\303\356I\236\357\264\311b\037\366\035\253\343\311\265\240\327q\206f\262ODi\215-\363""; queryType: qtINDIRECT; "
1750527627465,1750527627465,0,1,4,2,TMGetLedger,"itype: liBASE; ledgerHash: ""\357&Q\217\267\303\356I\236\357\264\311b\037\366\035\253\343\311\265\240\327q\206f\262ODi\215-\363""; queryType: qtINDIRECT; ","itype: liBASE; ledgerHash: ""\357&Q\217\267\303\356I\236\357\264\311b\037\366\035\253\343\311\265\240\327q\206f\262ODi\215-\363""; queryType: qtINDIRECT; "
1750527627466,1750527627466,0,1,4,3,TMGetLedger,"itype: liBASE; ledgerHash: ""\357&Q\217\267\303\356I\236\357\264\311b\037\366\035\253\343\311\265\240\327q\206f\262ODi\215-\363""; queryType: qtINDIRECT; ","itype: liBASE; ledgerHash: ""\357&Q\217\267\303\356I\236\357\264\311b\037\366\035\253\343\311\265\240\327q\206f\262ODi\215-\363""; queryType: qtINDIRECT; "
1750527627466,1750527627466,0,1,4,1,TMGetLedger,"itype: liBASE; ledgerHash: ""\357&Q\217\267\303\356I\236\357\264\311b\037\366\035\253\343\311\265\240\327q\206f\262ODi\215-\363""; queryType: qtINDIRECT; ","itype: liBASE; ledgerHash: ""\357&Q\217\267\303\356I\236\357\264\311b\037\366\035\253\343\311\265\240\327q\206f\262ODi\215-\363""; queryType: qtINDIRECT; "
1750527627467,1750527627467,0,1,1,4,TMGetLedger,"itype: liBASE; ledgerHash: ""\357&Q\217\267\303\356I\236\357\264\311b\037\366\035\253\343\311\265\240\327q\206f\262ODi\215-\363""; ledgerSeq: 29; ","itype: liBASE; ledgerHash: ""\357&Q\217\267\303\356I\236\357\264\311b\037\366\035\253\343\311\265\240\327q\206f\262ODi\215-\363""; ledgerSeq: 29; "
1750527627468,1750527627468,0,1,1,2,TMGetLedger,"itype: liBASE; ledgerHash: ""\357&Q\217\267\303\356I\236\357\264\311b\037\366\035\253\343\311\265\240\327q\206f\262ODi\215-\363""; ledgerSeq: 29; ","itype: liBASE; ledgerHash: ""\357&Q\217\267\303\356I\236\357\264\311b\037\366\035\253\343\311\265\240\327q\206f\262ODi\215-\363""; ledgerSeq: 29; "
1750527627468,1750527627469,0,1,1,0,TMGetLedger,"itype: liBASE; ledgerHash: ""\357&Q\217\267\303\356I\236\357\264\311b\037\366\035\253\343\311\265\240\327q\206f\262ODi\215-\363""; ledgerSeq: 29; ","itype: liBASE; ledgerHash: ""\357&Q\217\267\303\356I\236\357\264\311b\037\366\035\253\343\311\265\240\327q\206f\262ODi\215-\363""; ledgerSeq: 29; "
1750527627469,1750527627469,0,1,1,3,TMGetLedger,"itype: liBASE; ledgerHash: ""\357&Q\217\267\303\356I\236\357\264\311b\037\366\035\253\343\311\265\240\327q\206f\262ODi\215-\363""; ledgerSeq: 29; ","itype: liBASE; ledgerHash: ""\357&Q\217\267\303\356I\236\357\264\311b\037\366\035\253\343\311\265\240\327q\206f\262ODi\215-\363""; ledgerSeq: 29; "
1750527627469,1750527627469,0,1,0,2,TMGetLedger,"itype: liBASE; ledgerHash: ""\357&Q\217\267\303\356I\236\357\264\311b\037\366\035\253\343\311\265\240\327q\206f\262ODi\215-\363""; ledgerSeq: 29; ","itype: liBASE; ledgerHash: ""\357&Q\217\267\303\356I\236\357\264\311b\037\366\035\253\343\311\265\240\327q\206f\262ODi\215-\363""; ledgerSeq: 29; "
1750527627470,1750527627470,0,1,0,1,TMGetLedger,"itype: liBASE; ledgerHash: ""\357&Q\217\267\303\356I\236\357\264\311b\037\366\035\253\343\311\265\240\327q\206f\262ODi\215-\363""; ledgerSeq: 29; ","itype: liBASE; ledgerHash: ""\357&Q\217\267\303\356I\236\357\264\311b\037\366\035\253\343\311\265\240\327q\206f\262ODi\215-\363""; ledgerSeq: 29; "
1750527627471,1750527627471,0,1,0,3,TMGetLedger,"itype: liBASE; ledgerHash: ""\357&Q\217\267\303\356I\236\357\264\311b\037\366\035\253\343\311\265\240\327q\206f\262ODi\215-\363""; ledgerSeq: 29; ","itype: liBASE; ledgerHash: ""\357&Q\217\267\303\356I\236\357\264\311b\037\366\035\253\343\311\265\240\327q\206f\262ODi\215-\363""; ledgerSeq: 29; "
1750527627471,1750527627471,0,1,0,4,TMGetLedger,"itype: liBASE; ledgerHash: ""\357&Q\217\267\303\356I\236\357\264\311b\037\366\035\253\343\311\265\240\327q\206f\262ODi\215-\363""; ledgerSeq: 29; ","itype: liBASE; ledgerHash: ""\357&Q\217\267\303\356I\236\357\264\311b\037\366\035\253\343\311\265\240\327q\206f\262ODi\215-\363""; ledgerSeq: 29; "
1750527627472,1750527627472,0,1,0,1,TMGetLedger,"itype: liBASE; ledgerHash: ""\357&Q\217\267\303\356I\236\357\264\311b\037\366\035\253\343\311\265\240\327q\206f\262ODi\215-\363""; ledgerSeq: 29; queryType: qtINDIRECT; ","itype: liBASE; ledgerHash: ""\357&Q\217\267\303\356I\236\357\264\311b\037\366\035\253\343\311\265\240\327q\206f\262ODi\215-\363""; ledgerSeq: 29; queryType: qtINDIRECT; "
1750527627472,1750527627472,0,1,0,2,TMGetLedger,"itype: liBASE; ledgerHash: ""\357&Q\217\267\303\356I\236\357\264\311b\037\366\035\253\343\311\265\240\327q\206f\262ODi\215-\363""; ledgerSeq: 29; queryType: qtINDIRECT; ","itype: liBASE; ledgerHash: ""\357&Q\217\267\303\356I\236\357\264\311b\037\366\035\253\343\311\265\240\327q\206f\262ODi\215-\363""; ledgerSeq: 29; queryType: qtINDIRECT; "
1750527627473,1750527627473,0,1,0,4,TMValidation,"validation: """"\200\000\000\001&\000\000\000\035)/\351\253\013:p\210\265\307-\212\200\004Q\357&Q\217\267\303\356I\236\357\264\311b\037\366\035\253\343\311\265\240\327q\206f\262ODi\215-\363P\027\000\000\000\000\000\000\000\000\000\000\000\000\000\000\000\000\000\000\000\000\000\000\000\000\000\000\000\000\000\000\000\000P\031\324`\214\221\314\000\211K\223+(""\200i \311\372g\254\343ZR0\224\275q\252\357\213\263\206Ns!\002\364d\217\366\217|\316F\232\231\241\n\261\333`\312O\367\235\025DD\336e\367\n\312\326\221\037\025\230vG0E\002!\000\217s\033uY\354\375\335\371\316]|\246g\247Kv\242hE\217\311\251\271\351\213\326\353\276\325\304i\002 y{\330\327kZ\362\001\331\002 \031.Q\361\\274$\177\014\022\031:\267\272\214_\376\211\021\304\026""; ","validation: """"\200\000\000\001&\000\000\000\035)/\351\253\013:p\210\265\307-\212\200\004Q\357&Q\217\267\303\356I\236\357\264\311b\037\366\035\253\343\311\265\240\327q\206f\262ODi\215-\363P\027\000\000\000\000\000\000\000\000\000\000\000\000\000\000\000\000\000\000\000\000\000\000\000\000\000\000\000\000\000\000\000\000P\031\324`\214\221\314\000\211K\223+(""\200i \311\372g\254\343ZR0\224\275q\252\357\213\263\206Ns!\002\364d\217\366\217|\316F\232\231\241\n\261\333`\312O\367\235\025DD\336e\367\n\312\326\221\037\025\230vG0E\002!\000\217s\033uY\354\375\335\371\316]|\246g\247Kv\242hE\217\311\251\271\351\213\326\353\276\325\304i\002 y{\330\327kZ\362\001\331\002 \031.Q\361\\274$\177\014\022\031:\267\272\214_\376\211\021\304\026""; "
1750527627473,1750527627473,0,1,0,1,TMValidation,"validation: """"\200\000\000\001&\000\000\000\035)/\351\253\013:p\210\265\307-\212\200\004Q\357&Q\217\267\303\356I\236\357\264\311b\037\366\035\253\343\311\265\240\327q\206f\262ODi\215-\363P\027\000\000\000\000\000\000\000\000\000\000\000\000\000\000\000\000\000\000\000\000\000\000\000\000\000\000\000\000\000\000\000\000P\031\324`\214\221\314\000\211K\223+(""\200i \311\372g\254\343ZR0\224\275q\252\357\213\263\206Ns!\002\364d\217\366\217|\316F\232\231\241\n\261\333`\312O\367\235\025DD\336e\367\n\312\326\221\037\025\230vG0E\002!\000\217s\033uY\354\375\335\371\316]|\246g\247Kv\242hE\217\311\251\271\351\213\326\353\276\325\304i\002 y{\330\327kZ\362\001\331\002 \031.Q\361\\274$\177\014\022\031:\267\272\214_\376\211\021\304\026""; ","validation: """"\200\000\000\001&\000\000\000\035)/\351\253\013:p\210\265\307-\212\200\004Q\357&Q\217\267\303\356I\236\357\264\311b\037\366\035\253\343\311\265\240\327q\206f\262ODi\215-\363P\027\000\000\000\000\000\000\000\000\000\000\000\000\000\000\000\000\000\000\000\000\000\000\000\000\000\000\000\000\000\000\000\000P\031\324`\214\221\314\000\211K\223+(""\200i \311\372g\254\343ZR0\224\275q\252\357\213\263\206Ns!\002\364d\217\366\217|\316F\232\231\241\n\261\333`\312O\367\235\025DD\336e\367\n\312\326\221\037\025\230vG0E\002!\000\217s\033uY\354\375\335\371\316]|\246g\247Kv\242hE\217\311\251\271\351\213\326\353\276\325\304i\002 y{\330\327kZ\362\001\331\002 \031.Q\361\\274$\177\014\022\031:\267\272\214_\376\211\021\304\026""; "
1750527627474,1750527627474,0,1,0,2,TMValidation,"validation: """"\200\000\000\001&\000\000\000\035)/\351\253\013:p\210\265\307-\212\200\004Q\357&Q\217\267\303\356I\236\357\264\311b\037\366\035\253\343\311\265\240\327q\206f\262ODi\215-\363P\027\000\000\000\000\000\000\000\000\000\000\000\000\000\000\000\000\000\000\000\000\000\000\000\000\000\000\000\000\000\000\000\000P\031\324`\214\221\314\000\211K\223+(""\200i \311\372g\254\343ZR0\224\275q\252\357\213\263\206Ns!\002\364d\217\366\217|\316F\232\231\241\n\261\333`\312O\367\235\025DD\336e\367\n\312\326\221\037\025\230vG0E\002!\000\217s\033uY\354\375\335\371\316]|\246g\247Kv\242hE\217\311\251\271\351\213\326\353\276\325\304i\002 y{\330\327kZ\362\001\331\002 \031.Q\361\\274$\177\014\022\031:\267\272\214_\376\211\021\304\026""; ","validation: """"\200\000\000\001&\000\000\000\035)/\351\253\013:p\210\265\307-\212\200\004Q\357&Q\217\267\303\356I\236\357\264\311b\037\366\035\253\343\311\265\240\327q\206f\262ODi\215-\363P\027\000\000\000\000\000\000\000\000\000\000\000\000\000\000\000\000\000\000\000\000\000\000\000\000\000\000\000\000\000\000\000\000P\031\324`\214\221\314\000\211K\223+(""\200i \311\372g\254\343ZR0\224\275q\252\357\213\263\206Ns!\002\364d\217\366\217|\316F\232\231\241\n\261\333`\312O\367\235\025DD\336e\367\n\312\326\221\037\025\230vG0E\002!\000\217s\033uY\354\375\335\371\316]|\246g\247Kv\242hE\217\311\251\271\351\213\326\353\276\325\304i\002 y{\330\327kZ\362\001\331\002 \031.Q\361\\274$\177\014\022\031:\267\272\214_\376\211\021\304\026""; "
1750527627474,1750527627474,0,1,0,4,TMGetLedger,"itype: liBASE; ledgerHash: ""\357&Q\217\267\303\356I\236\357\264\311b\037\366\035\253\343\311\265\240\327q\206f\262ODi\215-\363""; ledgerSeq: 29; queryType: qtINDIRECT; ","itype: liBASE; ledgerHash: ""\357&Q\217\267\303\356I\236\357\264\311b\037\366\035\253\343\311\265\240\327q\206f\262ODi\215-\363""; ledgerSeq: 29; queryType: qtINDIRECT; "
1750527627475,1750527627475,0,1,0,3,TMGetLedger,"itype: liBASE; ledgerHash: ""\357&Q\217\267\303\356I\236\357\264\311b\037\366\035\253\343\311\265\240\327q\206f\262ODi\215-\363""; ledgerSeq: 29; queryType: qtINDIRECT; ","itype: liBASE; ledgerHash: ""\357&Q\217\267\303\356I\236\357\264\311b\037\366\035\253\343\311\265\240\327q\206f\262ODi\215-\363""; ledgerSeq: 29; queryType: qtINDIRECT; "
1750527627475,1750527627475,0,1,1,3,TMGetLedger,"itype: liBASE; ledgerHash: ""\357&Q\217\267\303\356I\236\357\264\311b\037\366\035\253\343\311\265\240\327q\206f\262ODi\215-\363""; ledgerSeq: 29; queryType: qtINDIRECT; ","itype: liBASE; ledgerHash: ""\357&Q\217\267\303\356I\236\357\264\311b\037\366\035\253\343\311\265\240\327q\206f\262ODi\215-\363""; ledgerSeq: 29; queryType: qtINDIRECT; "
1750527627476,1750527627476,0,1,3,2,TMLedgerData,"ledgerHash: ""\357&Q\217\267\303\356I\236\357\264\311b\037\366\035\253\343\311\265\240\327q\206f\262ODi\215-\363""; ledgerSeq: 29; type: liBASE; nodes {;   nodedata: ""\000\000\000\035\001cEx]\211\377\330\324`\214\221\314\000\211K\223+(""\200i \311\372g\254\343ZR0\224\275q\252\357\213\263\206N\000\000\000\000\000\000\000\000\000\000\000\000\000\000\000\000\000\000\000\000\000\000\000\000\000\000\000\000\000\000\000\000\260\352\002\024\353\260f{Ot\323\200ny\261`\324\3331\036>E2\305\340\207\003\215s\003\327\177/\351\253\006/\351\253\016\n\000""; }; nodes {;   nodedata: ""\323C\344\327\264{\312-\017:\006{\177\344N\002\326bO\260\220\006\033\362\345\005U\221DzJ0\001\301\025%1L\307\t\261\262z\374\222T\301\274V\236\223\262\270Ct\362\337b\356\024*\324\320\351\317\002k\336\234\027v\351\217\260\303\360\233ZPZWr\246$w\313\313\r\243r\232\2234\373\3539:N\004Q\245\272D\312D\300\300\t\323\0257\345e\271\na\215{\226\255x%T\257\037\333\004\344_/R\006E\344\037@\210\363\010\336T\226\247'\204_{\261\370""1\235\2445\343\033Y!\212\201\341\272\225'\007\340m=\266\256\344\320\357\223\213\202\231\352\222\025\205\016\367J\326\030PT\356\273\231\377\233>\372\002\340\013\003""; }; ","ledgerHash: ""\357&Q\217\267\303\356I\236\357\264\311b\037\366\035\253\343\311\265\240\327q\206f\262ODi\215-\363""; ledgerSeq: 29; type: liBASE; nodes {;   nodedata: ""\000\000\000\035\001cEx]\211\377\330\324`\214\221\314\000\211K\223+(""\200i \311\372g\254\343ZR0\224\275q\252\357\213\263\206N\000\000\000\000\000\000\000\000\000\000\000\000\000\000\000\000\000\000\000\000\000\000\000\000\000\000\000\000\000\000\000\000\260\352\002\024\353\260f{Ot\323\200ny\261`\324\3331\036>E2\305\340\207\003\215s\003\327\177/\351\253\006/\351\253\016\n\000""; }; nodes {;   nodedata: ""\323C\344\327\264{\312-\017:\006{\177\344N\002\326bO\260\220\006\033\362\345\005U\221DzJ0\001\301\025%1L\307\t\261\262z\374\222T\301\274V\236\223\262\270Ct\362\337b\356\024*\324\320\351\317\002k\336\234\027v\351\217\260\303\360\233ZPZWr\246$w\313\313\r\243r\232\2234\373\3539:N\004Q\245\272D\312D\300\300\t\323\0257\345e\271\na\215{\226\255x%T\257\037\333\004\344_/R\006E\344\037@\210\363\010\336T\226\247'\204_{\261\370""1\235\2445\343\033Y!\212\201\341\272\225'\007\340m=\266\256\344\320\357\223\213\202\231\352\222\025\205\016\367J\326\030PT\356\273\231\377\233>\372\002\340\013\003""; }; "
1750527627476,1750527627476,0,1,1,2,TMValidation,"validation: """"\200\000\000\001&\000\000\000\035)/\351\253\013:p\210\265\307-\212\200\004Q\357&Q\217\267\303\356I\236\357\264\311b\037\366\035\253\343\311\265\240\327q\206f\262ODi\215-\363P\027\000\000\000\000\000\000\000\000\000\000\000\000\000\000\000\000\000\000\000\000\000\000\000\000\000\000\000\000\000\000\000\000P\031\324`\214\221\314\000\211K\223+(""\200i \311\372g\254\343ZR0\224\275q\252\357\213\263\206Ns!\002\364d\217\366\217|\316F\232\231\241\n\261\333`\312O\367\235\025DD\336e\367\n\312\326\221\037\025\230vG0E\002!\000\217s\033uY\354\375\335\371\316]|\246g\247Kv\242hE\217\311\251\271\351\213\326\353\276\325\304i\002 y{\330\327kZ\362\001\331\002 \031.Q\361\\274$\177\014\022\031:\267\272\214_\376\211\021\304\026""; ","validation: """"\200\000\000\001&\000\000\000\035)/\351\253\013:p\210\265\307-\212\200\004Q\357&Q\217\267\303\356I\236\357\264\311b\037\366\035\253\343\311\265\240\327q\206f\262ODi\215-\363P\027\000\000\000\000\000\000\000\000\000\000\000\000\000\000\000\000\000\000\000\000\000\000\000\000\000\000\000\000\000\000\000\000P\031\324`\214\221\314\000\211K\223+(""\200i \311\372g\254\343ZR0\224\275q\252\357\213\263\206Ns!\002\364d\217\366\217|\316F\232\231\241\n\261\333`\312O\367\235\025DD\336e\367\n\312\326\221\037\025\230vG0E\002!\000\217s\033uY\354\375\335\371\316]|\246g\247Kv\242hE\217\311\251\271\351\213\326\353\276\325\304i\002 y{\330\327kZ\362\001\331\002 \031.Q\361\\274$\177\014\022\031:\267\272\214_\376\211\021\304\026""; "
1750527627477,1750527627477,0,1,1,2,TMGetLedger,"itype: liBASE; ledgerHash: ""\357&Q\217\267\303\356I\236\357\264\311b\037\366\035\253\343\311\265\240\327q\206f\262ODi\215-\363""; ledgerSeq: 29; queryType: qtINDIRECT; ","itype: liBASE; ledgerHash: ""\357&Q\217\267\303\356I\236\357\264\311b\037\366\035\253\343\311\265\240\327q\206f\262ODi\215-\363""; ledgerSeq: 29; queryType: qtINDIRECT; "
1750527627478,1750527627478,0,1,3,2,TMLedgerData,"ledgerHash: ""\357&Q\217\267\303\356I\236\357\264\311b\037\366\035\253\343\311\265\240\327q\206f\262ODi\215-\363""; ledgerSeq: 29; type: liBASE; nodes {;   nodedata: ""\000\000\000\035\001cEx]\211\377\330\324`\214\221\314\000\211K\223+(""\200i \311\372g\254\343ZR0\224\275q\252\357\213\263\206N\000\000\000\000\000\000\000\000\000\000\000\000\000\000\000\000\000\000\000\000\000\000\000\000\000\000\000\000\000\000\000\000\260\352\002\024\353\260f{Ot\323\200ny\261`\324\3331\036>E2\305\340\207\003\215s\003\327\177/\351\253\006/\351\253\016\n\000""; }; nodes {;   nodedata: ""\323C\344\327\264{\312-\017:\006{\177\344N\002\326bO\260\220\006\033\362\345\005U\221DzJ0\001\301\025%1L\307\t\261\262z\374\222T\301\274V\236\223\262\270Ct\362\337b\356\024*\324\320\351\317\002k\336\234\027v\351\217\260\303\360\233ZPZWr\246$w\313\313\r\243r\232\2234\373\3539:N\004Q\245\272D\312D\300\300\t\323\0257\345e\271\na\215{\226\255x%T\257\037\333\004\344_/R\006E\344\037@\210\363\010\336T\226\247'\204_{\261\370""1\235\2445\343\033Y!\212\201\341\272\225'\007\340m=\266\256\344\320\357\223\213\202\231\352\222\025\205\016\367J\326\030PT\356\273\231\377\233>\372\002\340\013\003""; }; ","ledgerHash: ""\357&Q\217\267\303\356I\236\357\264\311b\037\366\035\253\343\311\265\240\327q\206f\262ODi\215-\363""; ledgerSeq: 29; type: liBASE; nodes {;   nodedata: ""\000\000\000\035\001cEx]\211\377\330\324`\214\221\314\000\211K\223+(""\200i \311\372g\254\343ZR0\224\275q\252\357\213\263\206N\000\000\000\000\000\000\000\000\000\000\000\000\000\000\000\000\000\000\000\000\000\000\000\000\000\000\000\000\000\000\000\000\260\352\002\024\353\260f{Ot\323\200ny\261`\324\3331\036>E2\305\340\207\003\215s\003\327\177/\351\253\006/\351\253\016\n\000""; }; nodes {;   nodedata: ""\323C\344\327\264{\312-\017:\006{\177\344N\002\326bO\260\220\006\033\362\345\005U\221DzJ0\001\301\025%1L\307\t\261\262z\374\222T\301\274V\236\223\262\270Ct\362\337b\356\024*\324\320\351\317\002k\336\234\027v\351\217\260\303\360\233ZPZWr\246$w\313\313\r\243r\232\2234\373\3539:N\004Q\245\272D\312D\300\300\t\323\0257\345e\271\na\215{\226\255x%T\257\037\333\004\344_/R\006E\344\037@\210\363\010\336T\226\247'\204_{\261\370""1\235\2445\343\033Y!\212\201\341\272\225'\007\340m=\266\256\344\320\357\223\213\202\231\352\222\025\205\016\367J\326\030PT\356\273\231\377\233>\372\002\340\013\003""; }; "
1750527627478,1750527627478,0,1,1,4,TMGetLedger,"itype: liBASE; ledgerHash: ""\357&Q\217\267\303\356I\236\357\264\311b\037\366\035\253\343\311\265\240\327q\206f\262ODi\215-\363""; ledgerSeq: 29; queryType: qtINDIRECT; ","itype: liBASE; ledgerHash: ""\357&Q\217\267\303\356I\236\357\264\311b\037\366\035\253\343\311\265\240\327q\206f\262ODi\215-\363""; ledgerSeq: 29; queryType: qtINDIRECT; "
1750527627479,1750527627479,0,1,1,4,TMValidation,"validation: """"\200\000\000\001&\000\000\000\035)/\351\253\013:p\210\265\307-\212\200\004Q\357&Q\217\267\303\356I\236\357\264\311b\037\366\035\253\343\311\265\240\327q\206f\262ODi\215-\363P\027\000\000\000\000\000\000\000\000\000\000\000\000\000\000\000\000\000\000\000\000\000\000\000\000\000\000\000\000\000\000\000\000P\031\324`\214\221\314\000\211K\223+(""\200i \311\372g\254\343ZR0\224\275q\252\357\213\263\206Ns!\002\364d\217\366\217|\316F\232\231\241\n\261\333`\312O\367\235\025DD\336e\367\n\312\326\221\037\025\230vG0E\002!\000\217s\033uY\354\375\335\371\316]|\246g\247Kv\242hE\217\311\251\271\351\213\326\353\276\325\304i\002 y{\330\327kZ\362\001\331\002 \031.Q\361\\274$\177\014\022\031:\267\272\214_\376\211\021\304\026""; ","validation: """"\200\000\000\001&\000\000\000\035)/\351\253\013:p\210\265\307-\212\200\004Q\357&Q\217\267\303\356I\236\357\264\311b\037\366\035\253\343\311\265\240\327q\206f\262ODi\215-\363P\027\000\000\000\000\000\000\000\000\000\000\000\000\000\000\000\000\000\000\000\000\000\000\000\000\000\000\000\000\000\000\000\000P\031\324`\214\221\314\000\211K\223+(""\200i \311\372g\254\343ZR0\224\275q\252\357\213\263\206Ns!\002\364d\217\366\217|\316F\232\231\241\n\261\333`\312O\367\235\025DD\336e\367\n\312\326\221\037\025\230vG0E\002!\000\217s\033uY\354\375\335\371\316]|\246g\247Kv\242hE\217\311\251\271\351\213\326\353\276\325\304i\002 y{\330\327kZ\362\001\331\002 \031.Q\361\\274$\177\014\022\031:\267\272\214_\376\211\021\304\026""; "
1750527627479,1750527627479,0,1,4,3,TMGetLedger,"itype: liBASE; ledgerHash: ""\357&Q\217\267\303\356I\236\357\264\311b\037\366\035\253\343\311\265\240\327q\206f\262ODi\215-\363""; ledgerSeq: 29; requestCookie: 3; queryType: qtINDIRECT; ","itype: liBASE; ledgerHash: ""\357&Q\217\267\303\356I\236\357\264\311b\037\366\035\253\343\311\265\240\327q\206f\262ODi\215-\363""; ledgerSeq: 29; requestCookie: 3; queryType: qtINDIRECT; "
1750527627480,1750527627480,0,1,3,4,TMLedgerData,"ledgerHash: ""\357&Q\217\267\303\356I\236\357\264\311b\037\366\035\253\343\311\265\240\327q\206f\262ODi\215-\363""; ledgerSeq: 29; type: liBASE; nodes {;   nodedata: ""\000\000\000\035\001cEx]\211\377\330\324`\214\221\314\000\211K\223+(""\200i \311\372g\254\343ZR0\224\275q\252\357\213\263\206N\000\000\000\000\000\000\000\000\000\000\000\000\000\000\000\000\000\000\000\000\000\000\000\000\000\000\000\000\000\000\000\000\260\352\002\024\353\260f{Ot\323\200ny\261`\324\3331\036>E2\305\340\207\003\215s\003\327\177/\351\253\006/\351\253\016\n\000""; }; nodes {;   nodedata: ""\323C\344\327\264{\312-\017:\006{\177\344N\002\326bO\260\220\006\033\362\345\005U\221DzJ0\001\301\025%1L\307\t\261\262z\374\222T\301\274V\236\223\262\270Ct\362\337b\356\024*\324\320\351\317\002k\336\234\027v\351\217\260\303\360\233ZPZWr\246$w\313\313\r\243r\232\2234\373\3539:N\004Q\245\272D\312D\300\300\t\323\0257\345e\271\na\215{\226\255x%T\257\037\333\004\344_/R\006E\344\037@\210\363\010\336T\226\247'\204_{\261\370""1\235\2445\343\033Y!\212\201\341\272\225'\007\340m=\266\256\344\320\357\223\213\202\231\352\222\025\205\016\367J\326\030PT\356\273\231\377\233>\372\002\340\013\003""; }; ","ledgerHash: ""\357&Q\217\267\303\356I\236\357\264\311b\037\366\035\253\343\311\265\240\327q\206f\262ODi\215-\363""; ledgerSeq: 29; type: liBASE; nodes {;   nodedata: ""\000\000\000\035\001cEx]\211\377\330\324`\214\221\314\000\211K\223+(""\200i \311\372g\254\343ZR0\224\275q\252\357\213\263\206N\000\000\000\000\000\000\000\000\000\000\000\000\000\000\000\000\000\000\000\000\000\000\000\000\000\000\000\000\000\000\000\000\260\352\002\024\353\260f{Ot\323\200ny\261`\324\3331\036>E2\305\340\207\003\215s\003\327\177/\351\253\006/\351\253\016\n\000""; }; nodes {;   nodedata: ""\323C\344\327\264{\312-\017:\006{\177\344N\002\326bO\260\220\006\033\362\345\005U\221DzJ0\001\301\025%1L\307\t\261\262z\374\222T\301\274V\236\223\262\270Ct\362\337b\356\024*\324\320\351\317\002k\336\234\027v\351\217\260\303\360\233ZPZWr\246$w\313\313\r\243r\232\2234\373\3539:N\004Q\245\272D\312D\300\300\t\323\0257\345e\271\na\215{\226\255x%T\257\037\333\004\344_/R\006E\344\037@\210\363\010\336T\226\247'\204_{\261\370""1\235\2445\343\033Y!\212\201\341\272\225'\007\340m=\266\256\344\320\357\223\213\202\231\352\222\025\205\016\367J\326\030PT\356\273\231\377\233>\372\002\340\013\003""; }; "
1750527627481,1750527627481,0,1,2,3,TMGetLedger,"itype: liBASE; ledgerHash: ""\357&Q\217\267\303\356I\236\357\264\311b\037\366\035\253\343\311\265\240\327q\206f\262ODi\215-\363""; requestCookie: 5; queryType: qtINDIRECT; ","itype: liBASE; ledgerHash: ""\357&Q\217\267\303\356I\236\357\264\311b\037\366\035\253\343\311\265\240\327q\206f\262ODi\215-\363""; requestCookie: 5; queryType: qtINDIRECT; "
1750527627481,1750527627481,0,1,3,4,TMLedgerData,"ledgerHash: ""\357&Q\217\267\303\356I\236\357\264\311b\037\366\035\253\343\311\265\240\327q\206f\262ODi\215-\363""; ledgerSeq: 29; type: liBASE; nodes {;   nodedata: ""\000\000\000\035\001cEx]\211\377\330\324`\214\221\314\000\211K\223+(""\200i \311\372g\254\343ZR0\224\275q\252\357\213\263\206N\000\000\000\000\000\000\000\000\000\000\000\000\000\000\000\000\000\000\000\000\000\000\000\000\000\000\000\000\000\000\000\000\260\352\002\024\353\260f{Ot\323\200ny\261`\324\3331\036>E2\305\340\207\003\215s\003\327\177/\351\253\006/\351\253\016\n\000""; }; nodes {;   nodedata: ""\323C\344\327\264{\312-\017:\006{\177\344N\002\326bO\260\220\006\033\362\345\005U\221DzJ0\001\301\025%1L\307\t\261\262z\374\222T\301\274V\236\223\262\270Ct\362\337b\356\024*\324\320\351\317\002k\336\234\027v\351\217\260\303\360\233ZPZWr\246$w\313\313\r\243r\232\2234\373\3539:N\004Q\245\272D\312D\300\300\t\323\0257\345e\271\na\215{\226\255x%T\257\037\333\004\344_/R\006E\344\037@\210\363\010\336T\226\247'\204_{\261\370""1\235\2445\343\033Y!\212\201\341\272\225'\007\340m=\266\256\344\320\357\223\213\202\231\352\222\025\205\016\367J\326\030PT\356\273\231\377\233>\372\002\340\013\003""; }; ","ledgerHash: ""\357&Q\217\267\303\356I\236\357\264\311b\037\366\035\253\343\311\265\240\327q\206f\262ODi\215-\363""; ledgerSeq: 29; type: liBASE; nodes {;   nodedata: ""\000\000\000\035\001cEx]\211\377\330\324`\214\221\314\000\211K\223+(""\200i \311\372g\254\343ZR0\224\275q\252\357\213\263\206N\000\000\000\000\000\000\000\000\000\000\000\000\000\000\000\000\000\000\000\000\000\000\000\000\000\000\000\000\000\000\000\000\260\352\002\024\353\260f{Ot\323\200ny\261`\324\3331\036>E2\305\340\207\003\215s\003\327\177/\351\253\006/\351\253\016\n\000""; }; nodes {;   nodedata: ""\323C\344\327\264{\312-\017:\006{\177\344N\002\326bO\260\220\006\033\362\345\005U\221DzJ0\001\301\025%1L\307\t\261\262z\374\222T\301\274V\236\223\262\270Ct\362\337b\356\024*\324\320\351\317\002k\336\234\027v\351\217\260\303\360\233ZPZWr\246$w\313\313\r\243r\232\2234\373\3539:N\004Q\245\272D\312D\300\300\t\323\0257\345e\271\na\215{\226\255x%T\257\037\333\004\344_/R\006E\344\037@\210\363\010\336T\226\247'\204_{\261\370""1\235\2445\343\033Y!\212\201\341\272\225'\007\340m=\266\256\344\320\357\223\213\202\231\352\222\025\205\016\367J\326\030PT\356\273\231\377\233>\372\002\340\013\003""; }; "
1750527627481,1750527627482,0,1,3,1,TMLedgerData,"ledgerHash: ""\357&Q\217\267\303\356I\236\357\264\311b\037\366\035\253\343\311\265\240\327q\206f\262ODi\215-\363""; ledgerSeq: 29; type: liBASE; nodes {;   nodedata: ""\000\000\000\035\001cEx]\211\377\330\324`\214\221\314\000\211K\223+(""\200i \311\372g\254\343ZR0\224\275q\252\357\213\263\206N\000\000\000\000\000\000\000\000\000\000\000\000\000\000\000\000\000\000\000\000\000\000\000\000\000\000\000\000\000\000\000\000\260\352\002\024\353\260f{Ot\323\200ny\261`\324\3331\036>E2\305\340\207\003\215s\003\327\177/\351\253\006/\351\253\016\n\000""; }; nodes {;   nodedata: ""\323C\344\327\264{\312-\017:\006{\177\344N\002\326bO\260\220\006\033\362\345\005U\221DzJ0\001\301\025%1L\307\t\261\262z\374\222T\301\274V\236\223\262\270Ct\362\337b\356\024*\324\320\351\317\002k\336\234\027v\351\217\260\303\360\233ZPZWr\246$w\313\313\r\243r\232\2234\373\3539:N\004Q\245\272D\312D\300\300\t\323\0257\345e\271\na\215{\226\255x%T\257\037\333\004\344_/R\006E\344\037@\210\363\010\336T\226\247'\204_{\261\370""1\235\2445\343\033Y!\212\201\341\272\225'\007\340m=\266\256\344\320\357\223\213\202\231\352\222\025\205\016\367J\326\030PT\356\273\231\377\233>\372\002\340\013\003""; }; ","ledgerHash: ""\357&Q\217\267\303\356I\236\357\264\311b\037\366\035\253\343\311\265\240\327q\206f\262ODi\215-\363""; ledgerSeq: 29; type: liBASE; nodes {;   nodedata: ""\000\000\000\035\001cEx]\211\377\330\324`\214\221\314\000\211K\223+(""\200i \311\372g\254\343ZR0\224\275q\252\357\213\263\206N\000\000\000\000\000\000\000\000\000\000\000\000\000\000\000\000\000\000\000\000\000\000\000\000\000\000\000\000\000\000\000\000\260\352\002\024\353\260f{Ot\323\200ny\261`\324\3331\036>E2\305\340\207\003\215s\003\327\177/\351\253\006/\351\253\016\n\000""; }; nodes {;   nodedata: ""\323C\344\327\264{\312-\017:\006{\177\344N\002\326bO\260\220\006\033\362\345\005U\221DzJ0\001\301\025%1L\307\t\261\262z\374\222T\301\274V\236\223\262\270Ct\362\337b\356\024*\324\320\351\317\002k\336\234\027v\351\217\260\303\360\233ZPZWr\246$w\313\313\r\243r\232\2234\373\3539:N\004Q\245\272D\312D\300\300\t\323\0257\345e\271\na\215{\226\255x%T\257\037\333\004\344_/R\006E\344\037@\210\363\010\336T\226\247'\204_{\261\370""1\235\2445\343\033Y!\212\201\341\272\225'\007\340m=\266\256\344\320\357\223\213\202\231\352\222\025\205\016\367J\326\030PT\356\273\231\377\233>\372\002\340\013\003""; }; "
1750527627482,1750527627482,0,1,1,0,TMValidation,"validation: """"\200\000\000\001&\000\000\000\035)/\351\253\013:p\210\265\307-\212\200\004Q\357&Q\217\267\303\356I\236\357\264\311b\037\366\035\253\343\311\265\240\327q\206f\262ODi\215-\363P\027\000\000\000\000\000\000\000\000\000\000\000\000\000\000\000\000\000\000\000\000\000\000\000\000\000\000\000\000\000\000\000\000P\031\324`\214\221\314\000\211K\223+(""\200i \311\372g\254\343ZR0\224\275q\252\357\213\263\206Ns!\002\364d\217\366\217|\316F\232\231\241\n\261\333`\312O\367\235\025DD\336e\367\n\312\326\221\037\025\230vG0E\002!\000\217s\033uY\354\375\335\371\316]|\246g\247Kv\242hE\217\311\251\271\351\213\326\353\276\325\304i\002 y{\330\327kZ\362\001\331\002 \031.Q\361\\274$\177\014\022\031:\267\272\214_\376\211\021\304\026""; ","validation: """"\200\000\000\001&\000\000\000\035)/\351\253\013:p\210\265\307-\212\200\004Q\357&Q\217\267\303\356I\236\357\264\311b\037\366\035\253\343\311\265\240\327q\206f\262ODi\215-\363P\027\000\000\000\000\000\000\000\000\000\000\000\000\000\000\000\000\000\000\000\000\000\000\000\000\000\000\000\000\000\000\000\000P\031\324`\214\221\314\000\211K\223+(""\200i \311\372g\254\343ZR0\224\275q\252\357\213\263\206Ns!\002\364d\217\366\217|\316F\232\231\241\n\261\333`\312O\367\235\025DD\336e\367\n\312\326\221\037\025\230vG0E\002!\000\217s\033uY\354\375\335\371\316]|\246g\247Kv\242hE\217\311\251\271\351\213\326\353\276\325\304i\002 y{\330\327kZ\362\001\331\002 \031.Q\361\\274$\177\014\022\031:\267\272\214_\376\211\021\304\026""; "
1750527627483,1750527627483,0,1,1,0,TMGetLedger,"itype: liBASE; ledgerHash: ""\357&Q\217\267\303\356I\236\357\264\311b\037\366\035\253\343\311\265\240\327q\206f\262ODi\215-\363""; ledgerSeq: 29; queryType: qtINDIRECT; ","itype: liBASE; ledgerHash: ""\357&Q\217\267\303\356I\236\357\264\311b\037\366\035\253\343\311\265\240\327q\206f\262ODi\215-\363""; ledgerSeq: 29; queryType: qtINDIRECT; "
1750527627483,1750527627483,0,1,3,0,TMLedgerData,"ledgerHash: ""\357&Q\217\267\303\356I\236\357\264\311b\037\366\035\253\343\311\265\240\327q\206f\262ODi\215-\363""; ledgerSeq: 29; type: liBASE; nodes {;   nodedata: ""\000\000\000\035\001cEx]\211\377\330\324`\214\221\314\000\211K\223+(""\200i \311\372g\254\343ZR0\224\275q\252\357\213\263\206N\000\000\000\000\000\000\000\000\000\000\000\000\000\000\000\000\000\000\000\000\000\000\000\000\000\000\000\000\000\000\000\000\260\352\002\024\353\260f{Ot\323\200ny\261`\324\3331\036>E2\305\340\207\003\215s\003\327\177/\351\253\006/\351\253\016\n\000""; }; nodes {;   nodedata: ""\323C\344\327\264{\312-\017:\006{\177\344N\002\326bO\260\220\006\033\362\345\005U\221DzJ0\001\301\025%1L\307\t\261\262z\374\222T\301\274V\236\223\262\270Ct\362\337b\356\024*\324\320\351\317\002k\336\234\027v\351\217\260\303\360\233ZPZWr\246$w\313\313\r\243r\232\2234\373\3539:N\004Q\245\272D\312D\300\300\t\323\0257\345e\271\na\215{\226\255x%T\257\037\333\004\344_/R\006E\344\037@\210\363\010\336T\226\247'\204_{\261\370""1\235\2445\343\033Y!\212\201\341\272\225'\007\340m=\266\256\344\320\357\223\213\202\231\352\222\025\205\016\367J\326\030PT\356\273\231\377\233>\372\002\340\013\003""; }; ","ledgerHash: ""\357&Q\217\267\303\356I\236\357\264\311b\037\366\035\253\343\311\265\240\327q\206f\262ODi\215-\363""; ledgerSeq: 29; type: liBASE; nodes {;   nodedata: ""\000\000\000\035\001cEx]\211\377\330\324`\214\221\314\000\211K\223+(""\200i \311\372g\254\343ZR0\224\275q\252\357\213\263\206N\000\000\000\000\000\000\000\000\000\000\000\000\000\000\000\000\000\000\000\000\000\000\000\000\000\000\000\000\000\000\000\000\260\352\002\024\353\260f{Ot\323\200ny\261`\324\3331\036>E2\305\340\207\003\215s\003\327\177/\351\253\006/\351\253\016\n\000""; }; nodes {;   nodedata: ""\323C\344\327\264{\312-\017:\006{\177\344N\002\326bO\260\220\006\033\362\345\005U\221DzJ0\001\301\025%1L\307\t\261\262z\374\222T\301\274V\236\223\262\270Ct\362\337b\356\024*\324\320\351\317\002k\336\234\027v\351\217\260\303\360\233ZPZWr\246$w\313\313\r\243r\232\2234\373\3539:N\004Q\245\272D\312D\300\300\t\323\0257\345e\271\na\215{\226\255x%T\257\037\333\004\344_/R\006E\344\037@\210\363\010\336T\226\247'\204_{\261\370""1\235\2445\343\033Y!\212\201\341\272\225'\007\340m=\266\256\344\320\357\223\213\202\231\352\222\025\205\016\367J\326\030PT\356\273\231\377\233>\372\002\340\013\003""; }; "
1750527627484,1750527627484,0,1,4,3,TMGetLedger,"itype: liBASE; ledgerHash: ""\357&Q\217\267\303\356I\236\357\264\311b\037\366\035\253\343\311\265\240\327q\206f\262ODi\215-\363""; ledgerSeq: 29; requestCookie: 1; queryType: qtINDIRECT; ","itype: liBASE; ledgerHash: ""\357&Q\217\267\303\356I\236\357\264\311b\037\366\035\253\343\311\265\240\327q\206f\262ODi\215-\363""; ledgerSeq: 29; requestCookie: 1; queryType: qtINDIRECT; "
1750527627484,1750527627485,0,1,3,0,TMLedgerData,"ledgerHash: ""\357&Q\217\267\303\356I\236\357\264\311b\037\366\035\253\343\311\265\240\327q\206f\262ODi\215-\363""; ledgerSeq: 29; type: liBASE; nodes {;   nodedata: ""\000\000\000\035\001cEx]\211\377\330\324`\214\221\314\000\211K\223+(""\200i \311\372g\254\343ZR0\224\275q\252\357\213\263\206N\000\000\000\000\000\000\000\000\000\000\000\000\000\000\000\000\000\000\000\000\000\000\000\000\000\000\000\000\000\000\000\000\260\352\002\024\353\260f{Ot\323\200ny\261`\324\3331\036>E2\305\340\207\003\215s\003\327\177/\351\253\006/\351\253\016\n\000""; }; nodes {;   nodedata: ""\323C\344\327\264{\312-\017:\006{\177\344N\002\326bO\260\220\006\033\362\345\005U\221DzJ0\001\301\025%1L\307\t\261\262z\374\222T\301\274V\236\223\262\270Ct\362\337b\356\024*\324\320\351\317\002k\336\234\027v\351\217\260\303\360\233ZPZWr\246$w\313\313\r\243r\232\2234\373\3539:N\004Q\245\272D\312D\300\300\t\323\0257\345e\271\na\215{\226\255x%T\257\037\333\004\344_/R\006E\344\037@\210\363\010\336T\226\247'\204_{\261\370""1\235\2445\343\033Y!\212\201\341\272\225'\007\340m=\266\256\344\320\357\223\213\202\231\352\222\025\205\016\367J\326\030PT\356\273\231\377\233>\372\002\340\013\003""; }; ","ledgerHash: ""\357&Q\217\267\303\356I\236\357\264\311b\037\366\035\253\343\311\265\240\327q\206f\262ODi\215-\363""; ledgerSeq: 29; type: liBASE; nodes {;   nodedata: ""\000\000\000\035\001cEx]\211\377\330\324`\214\221\314\000\211K\223+(""\200i \311\372g\254\343ZR0\224\275q\252\357\213\263\206N\000\000\000\000\000\000\000\000\000\000\000\000\000\000\000\000\000\000\000\000\000\000\000\000\000\000\000\000\000\000\000\000\260\352\002\024\353\260f{Ot\323\200ny\261`\324\3331\036>E2\305\340\207\003\215s\003\327\177/\351\253\006/\351\253\016\n\000""; }; nodes {;   nodedata: ""\323C\344\327\264{\312-\017:\006{\177\344N\002\326bO\260\220\006\033\362\345\005U\221DzJ0\001\301\025%1L\307\t\261\262z\374\222T\301\274V\236\223\262\270Ct\362\337b\356\024*\324\320\351\317\002k\336\234\027v\351\217\260\303\360\233ZPZWr\246$w\313\313\r\243r\232\2234\373\3539:N\004Q\245\272D\312D\300\300\t\323\0257\345e\271\na\215{\226\255x%T\257\037\333\004\344_/R\006E\344\037@\210\363\010\336T\226\247'\204_{\261\370""1\235\2445\343\033Y!\212\201\341\272\225'\007\340m=\266\256\344\320\357\223\213\202\231\352\222\025\205\016\367J\326\030PT\356\273\231\377\233>\372\002\340\013\003""; }; "
1750527627485,1750527627485,0,1,3,1,TMLedgerData,"ledgerHash: ""\357&Q\217\267\303\356I\236\357\264\311b\037\366\035\253\343\311\265\240\327q\206f\262ODi\215-\363""; ledgerSeq: 29; type: liBASE; nodes {;   nodedata: ""\000\000\000\035\001cEx]\211\377\330\324`\214\221\314\000\211K\223+(""\200i \311\372g\254\343ZR0\224\275q\252\357\213\263\206N\000\000\000\000\000\000\000\000\000\000\000\000\000\000\000\000\000\000\000\000\000\000\000\000\000\000\000\000\000\000\000\000\260\352\002\024\353\260f{Ot\323\200ny\261`\324\3331\036>E2\305\340\207\003\215s\003\327\177/\351\253\006/\351\253\016\n\000""; }; nodes {;   nodedata: ""\323C\344\327\264{\312-\017:\006{\177\344N\002\326bO\260\220\006\033\362\345\005U\221DzJ0\001\301\025%1L\307\t\261\262z\374\222T\301\274V\236\223\262\270Ct\362\337b\356\024*\324\320\351\317\002k\336\234\027v\351\217\260\303\360\233ZPZWr\246$w\313\313\r\243r\232\2234\373\3539:N\004Q\245\272D\312D\300\300\t\323\0257\345e\271\na\215{\226\255x%T\257\037\333\004\344_/R\006E\344\037@\210\363\010\336T\226\247'\204_{\261\370""1\235\2445\343\033Y!\212\201\341\272\225'\007\340m=\266\256\344\320\357\223\213\202\231\352\222\025\205\016\367J\326\030PT\356\273\231\377\233>\372\002\340\013\003""; }; ","ledgerHash: ""\357&Q\217\267\303\356I\236\357\264\311b\037\366\035\253\343\311\265\240\327q\206f\262ODi\215-\363""; ledgerSeq: 29; type: liBASE; nodes {;   nodedata: ""\000\000\000\035\001cEx]\211\377\330\324`\214\221\314\000\211K\223+(""\200i \311\372g\254\343ZR0\224\275q\252\357\213\263\206N\000\000\000\000\000\000\000\000\000\000\000\000\000\000\000\000\000\000\000\000\000\000\000\000\000\000\000\000\000\000\000\000\260\352\002\024\353\260f{Ot\323\200ny\261`\324\3331\036>E2\305\340\207\003\215s\003\327\177/\351\253\006/\351\253\016\n\000""; }; nodes {;   nodedata: ""\323C\344\327\264{\312-\017:\006{\177\344N\002\326bO\260\220\006\033\362\345\005U\221DzJ0\001\301\025%1L\307\t\261\262z\374\222T\301\274V\236\223\262\270Ct\362\337b\356\024*\324\320\351\317\002k\336\234\027v\351\217\260\303\360\233ZPZWr\246$w\313\313\r\243r\232\2234\373\3539:N\004Q\245\272D\312D\300\300\t\323\0257\345e\271\na\215{\226\255x%T\257\037\333\004\344_/R\006E\344\037@\210\363\010\336T\226\247'\204_{\261\370""1\235\2445\343\033Y!\212\201\341\272\225'\007\340m=\266\256\344\320\357\223\213\202\231\352\222\025\205\016\367J\326\030PT\356\273\231\377\233>\372\002\340\013\003""; }; "
1750527627486,1750527627486,0,1,2,3,TMGetLedger,"itype: liBASE; ledgerHash: ""\357&Q\217\267\303\356I\236\357\264\311b\037\366\035\253\343\311\265\240\327q\206f\262ODi\215-\363""; ledgerSeq: 29; requestCookie: 2; queryType: qtINDIRECT; ","itype: liBASE; ledgerHash: ""\357&Q\217\267\303\356I\236\357\264\311b\037\366\035\253\343\311\265\240\327q\206f\262ODi\215-\363""; ledgerSeq: 29; requestCookie: 2; queryType: qtINDIRECT; "
1750527627487,1750527627487,0,1,2,3,TMGetLedger,"itype: liAS_NODE; ledgerHash: ""\357&Q\217\267\303\356I\236\357\264\311b\037\366\035\253\343\311\265\240\327q\206f\262ODi\215-\363""; ledgerSeq: 29; nodeIDs: ""\260\000\000\000\000\000\000\000\000\000\000\000\000\000\000\000\000\000\000\000\000\000\000\000\000\000\000\000\000\000\000\000\001""; queryType: qtINDIRECT; queryDepth: 1; ","itype: liAS_NODE; ledgerHash: ""\357&Q\217\267\303\356I\236\357\264\311b\037\366\035\253\343\311\265\240\327q\206f\262ODi\215-\363""; ledgerSeq: 29; nodeIDs: ""\260\000\000\000\000\000\000\000\000\000\000\000\000\000\000\000\000\000\000\000\000\000\000\000\000\000\000\000\000\000\000\000\001""; queryType: qtINDIRECT; queryDepth: 1; "
1750527627487,1750527627487,0,1,4,3,TMGetLedger,"itype: liBASE; ledgerHash: ""\357&Q\217\267\303\356I\236\357\264\311b\037\366\035\253\343\311\265\240\327q\206f\262ODi\215-\363""; ledgerSeq: 29; requestCookie: 2; queryType: qtINDIRECT; ","itype: liBASE; ledgerHash: ""\357&Q\217\267\303\356I\236\357\264\311b\037\366\035\253\343\311\265\240\327q\206f\262ODi\215-\363""; ledgerSeq: 29; requestCookie: 2; queryType: qtINDIRECT; "
1750527627487,1750527627488,0,1,3,4,TMLedgerData,"ledgerHash: ""\357&Q\217\267\303\356I\236\357\264\311b\037\366\035\253\343\311\265\240\327q\206f\262ODi\215-\363""; ledgerSeq: 29; type: liBASE; nodes {;   nodedata: ""\000\000\000\035\001cEx]\211\377\330\324`\214\221\314\000\211K\223+(""\200i \311\372g\254\343ZR0\224\275q\252\357\213\263\206N\000\000\000\000\000\000\000\000\000\000\000\000\000\000\000\000\000\000\000\000\000\000\000\000\000\000\000\000\000\000\000\000\260\352\002\024\353\260f{Ot\323\200ny\261`\324\3331\036>E2\305\340\207\003\215s\003\327\177/\351\253\006/\351\253\016\n\000""; }; nodes {;   nodedata: ""\323C\344\327\264{\312-\017:\006{\177\344N\002\326bO\260\220\006\033\362\345\005U\221DzJ0\001\301\025%1L\307\t\261\262z\374\222T\301\274V\236\223\262\270Ct\362\337b\356\024*\324\320\351\317\002k\336\234\027v\351\217\260\303\360\233ZPZWr\246$w\313\313\r\243r\232\2234\373\3539:N\004Q\245\272D\312D\300\300\t\323\0257\345e\271\na\215{\226\255x%T\257\037\333\004\344_/R\006E\344\037@\210\363\010\336T\226\247'\204_{\261\370""1\235\2445\343\033Y!\212\201\341\272\225'\007\340m=\266\256\344\320\357\223\213\202\231\352\222\025\205\016\367J\326\030PT\356\273\231\377\233>\372\002\340\013\003""; }; requestCookie: 3; ","ledgerHash: ""\357&Q\217\267\303\356I\236\357\264\311b\037\366\035\253\343\311\265\240\327q\206f\262ODi\215-\363""; ledgerSeq: 29; type: liBASE; nodes {;   nodedata: ""\000\000\000\035\001cEx]\211\377\330\324`\214\221\314\000\211K\223+(""\200i \311\372g\254\343ZR0\224\275q\252\357\213\263\206N\000\000\000\000\000\000\000\000\000\000\000\000\000\000\000\000\000\000\000\000\000\000\000\000\000\000\000\000\000\000\000\000\260\352\002\024\353\260f{Ot\323\200ny\261`\324\3331\036>E2\305\340\207\003\215s\003\327\177/\351\253\006/\351\253\016\n\000""; }; nodes {;   nodedata: ""\323C\344\327\264{\312-\017:\006{\177\344N\002\326bO\260\220\006\033\362\345\005U\221DzJ0\001\301\025%1L\307\t\261\262z\374\222T\301\274V\236\223\262\270Ct\362\337b\356\024*\324\320\351\317\002k\336\234\027v\351\217\260\303\360\233ZPZWr\246$w\313\313\r\243r\232\2234\373\3539:N\004Q\245\272D\312D\300\300\t\323\0257\345e\271\na\215{\226\255x%T\257\037\333\004\344_/R\006E\344\037@\210\363\010\336T\226\247'\204_{\261\370""1\235\2445\343\033Y!\212\201\341\272\225'\007\340m=\266\256\344\320\357\223\213\202\231\352\222\025\205\016\367J\326\030PT\356\273\231\377\233>\372\002\340\013\003""; }; requestCookie: 3; "
1750527627488,1750527627488,0,1,4,3,TMGetLedger,"itype: liAS_NODE; ledgerHash: ""\357&Q\217\267\303\356I\236\357\264\311b\037\366\035\253\343\311\265\240\327q\206f\262ODi\215-\363""; ledgerSeq: 29; nodeIDs: ""\260\000\000\000\000\000\000\000\000\000\000\000\000\000\000\000\000\000\000\000\000\000\000\000\000\000\000\000\000\000\000\000\001""; queryType: qtINDIRECT; queryDepth: 1; ","itype: liAS_NODE; ledgerHash: ""\357&Q\217\267\303\356I\236\357\264\311b\037\366\035\253\343\311\265\240\327q\206f\262ODi\215-\363""; ledgerSeq: 29; nodeIDs: ""\260\000\000\000\000\000\000\000\000\000\000\000\000\000\000\000\000\000\000\000\000\000\000\000\000\000\000\000\000\000\000\000\001""; queryType: qtINDIRECT; queryDepth: 1; "
1750527627489,1750527627489,0,1,3,2,TMLedgerData,"ledgerHash: ""\357&Q\217\267\303\356I\236\357\264\311b\037\366\035\253\343\311\265\240\327q\206f\262ODi\215-\363""; ledgerSeq: 29; type: liBASE; nodes {;   nodedata: ""\000\000\000\035\001cEx]\211\377\330\324`\214\221\314\000\211K\223+(""\200i \311\372g\254\343ZR0\224\275q\252\357\213\263\206N\000\000\000\000\000\000\000\000\000\000\000\000\000\000\000\000\000\000\000\000\000\000\000\000\000\000\000\000\000\000\000\000\260\352\002\024\353\260f{Ot\323\200ny\261`\324\3331\036>E2\305\340\207\003\215s\003\327\177/\351\253\006/\351\253\016\n\000""; }; nodes {;   nodedata: ""\323C\344\327\264{\312-\017:\006{\177\344N\002\326bO\260\220\006\033\362\345\005U\221DzJ0\001\301\025%1L\307\t\261\262z\374\222T\301\274V\236\223\262\270Ct\362\337b\356\024*\324\320\351\317\002k\336\234\027v\351\217\260\303\360\233ZPZWr\246$w\313\313\r\243r\232\2234\373\3539:N\004Q\245\272D\312D\300\300\t\323\0257\345e\271\na\215{\226\255x%T\257\037\333\004\344_/R\006E\344\037@\210\363\010\336T\226\247'\204_{\261\370""1\235\2445\343\033Y!\212\201\341\272\225'\007\340m=\266\256\344\320\357\223\213\202\231\352\222\025\205\016\367J\326\030PT\356\273\231\377\233>\372\002\340\013\003""; }; requestCookie: 5; ","ledgerHash: ""\357&Q\217\267\303\356I\236\357\264\311b\037\366\035\253\343\311\265\240\327q\206f\262ODi\215-\363""; ledgerSeq: 29; type: liBASE; nodes {;   nodedata: ""\000\000\000\035\001cEx]\211\377\330\324`\214\221\314\000\211K\223+(""\200i \311\372g\254\343ZR0\224\275q\252\357\213\263\206N\000\000\000\000\000\000\000\000\000\000\000\000\000\000\000\000\000\000\000\000\000\000\000\000\000\000\000\000\000\000\000\000\260\352\002\024\353\260f{Ot\323\200ny\261`\324\3331\036>E2\305\340\207\003\215s\003\327\177/\351\253\006/\351\253\016\n\000""; }; nodes {;   nodedata: ""\323C\344\327\264{\312-\017:\006{\177\344N\002\326bO\260\220\006\033\362\345\005U\221DzJ0\001\301\025%1L\307\t\261\262z\374\222T\301\274V\236\223\262\270Ct\362\337b\356\024*\324\320\351\317\002k\336\234\027v\351\217\260\303\360\233ZPZWr\246$w\313\313\r\243r\232\2234\373\3539:N\004Q\245\272D\312D\300\300\t\323\0257\345e\271\na\215{\226\255x%T\257\037\333\004\344_/R\006E\344\037@\210\363\010\336T\226\247'\204_{\261\370""1\235\2445\343\033Y!\212\201\341\272\225'\007\340m=\266\256\344\320\357\223\213\202\231\352\222\025\205\016\367J\326\030PT\356\273\231\377\233>\372\002\340\013\003""; }; requestCookie: 5; "
1750527627489,1750527627490,0,1,1,3,TMGetLedger,"itype: liBASE; ledgerHash: ""\357&Q\217\267\303\356I\236\357\264\311b\037\366\035\253\343\311\265\240\327q\206f\262ODi\215-\363""; ledgerSeq: 29; requestCookie: 2; queryType: qtINDIRECT; ","itype: liBASE; ledgerHash: ""\357&Q\217\267\303\356I\236\357\264\311b\037\366\035\253\343\311\265\240\327q\206f\262ODi\215-\363""; ledgerSeq: 29; requestCookie: 2; queryType: qtINDIRECT; "
1750527627490,1750527627490,0,1,1,3,TMGetLedger,"itype: liBASE; ledgerHash: ""\357&Q\217\267\303\356I\236\357\264\311b\037\366\035\253\343\311\265\240\327q\206f\262ODi\215-\363""; ledgerSeq: 29; requestCookie: 3; queryType: qtINDIRECT; ","itype: liBASE; ledgerHash: ""\357&Q\217\267\303\356I\236\357\264\311b\037\366\035\253\343\311\265\240\327q\206f\262ODi\215-\363""; ledgerSeq: 29; requestCookie: 3; queryType: qtINDIRECT; "
1750527627491,1750527627491,0,1,1,3,TMGetLedger,"itype: liBASE; ledgerHash: ""\357&Q\217\267\303\356I\236\357\264\311b\037\366\035\253\343\311\265\240\327q\206f\262ODi\215-\363""; requestCookie: 5; queryType: qtINDIRECT; ","itype: liBASE; ledgerHash: ""\357&Q\217\267\303\356I\236\357\264\311b\037\366\035\253\343\311\265\240\327q\206f\262ODi\215-\363""; requestCookie: 5; queryType: qtINDIRECT; "
1750527627492,1750527627492,0,1,0,3,TMGetLedger,"itype: liBASE; ledgerHash: ""\357&Q\217\267\303\356I\236\357\264\311b\037\366\035\253\343\311\265\240\327q\206f\262ODi\215-\363""; requestCookie: 5; queryType: qtINDIRECT; ","itype: liBASE; ledgerHash: ""\357&Q\217\267\303\356I\236\357\264\311b\037\366\035\253\343\311\265\240\327q\206f\262ODi\215-\363""; requestCookie: 5; queryType: qtINDIRECT; "
1750527627492,1750527627492,0,1,0,3,TMGetLedger,"itype: liBASE; ledgerHash: ""\357&Q\217\267\303\356I\236\357\264\311b\037\366\035\253\343\311\265\240\327q\206f\262ODi\215-\363""; ledgerSeq: 29; requestCookie: 3; queryType: qtINDIRECT; ","itype: liBASE; ledgerHash: ""\357&Q\217\267\303\356I\236\357\264\311b\037\366\035\253\343\311\265\240\327q\206f\262ODi\215-\363""; ledgerSeq: 29; requestCookie: 3; queryType: qtINDIRECT; "
1750527627493,1750527627493,0,1,0,3,TMGetLedger,"itype: liAS_NODE; ledgerHash: ""\357&Q\217\267\303\356I\236\357\264\311b\037\366\035\253\343\311\265\240\327q\206f\262ODi\215-\363""; ledgerSeq: 29; nodeIDs: ""\260\000\000\000\000\000\000\000\000\000\000\000\000\000\000\000\000\000\000\000\000\000\000\000\000\000\000\000\000\000\000\000\001""; queryType: qtINDIRECT; queryDepth: 1; ","itype: liAS_NODE; ledgerHash: ""\357&Q\217\267\303\356I\236\357\264\311b\037\366\035\253\343\311\265\240\327q\206f\262ODi\215-\363""; ledgerSeq: 29; nodeIDs: ""\260\000\000\000\000\000\000\000\000\000\000\000\000\000\000\000\000\000\000\000\000\000\000\000\000\000\000\000\000\000\000\000\001""; queryType: qtINDIRECT; queryDepth: 1; "
1750527627494,1750527627494,0,1,0,3,TMGetLedger,"itype: liBASE; ledgerHash: ""\357&Q\217\267\303\356I\236\357\264\311b\037\366\035\253\343\311\265\240\327q\206f\262ODi\215-\363""; ledgerSeq: 29; requestCookie: 2; queryType: qtINDIRECT; ","itype: liBASE; ledgerHash: ""\357&Q\217\267\303\356I\236\357\264\311b\037\366\035\253\343\311\265\240\327q\206f\262ODi\215-\363""; ledgerSeq: 29; requestCookie: 2; queryType: qtINDIRECT; "
1750527627494,1750527627494,0,1,3,4,TMLedgerData,"ledgerHash: ""\357&Q\217\267\303\356I\236\357\264\311b\037\366\035\253\343\311\265\240\327q\206f\262ODi\215-\363""; ledgerSeq: 29; type: liBASE; nodes {;   nodedata: ""\000\000\000\035\001cEx]\211\377\330\324`\214\221\314\000\211K\223+(""\200i \311\372g\254\343ZR0\224\275q\252\357\213\263\206N\000\000\000\000\000\000\000\000\000\000\000\000\000\000\000\000\000\000\000\000\000\000\000\000\000\000\000\000\000\000\000\000\260\352\002\024\353\260f{Ot\323\200ny\261`\324\3331\036>E2\305\340\207\003\215s\003\327\177/\351\253\006/\351\253\016\n\000""; }; nodes {;   nodedata: ""\323C\344\327\264{\312-\017:\006{\177\344N\002\326bO\260\220\006\033\362\345\005U\221DzJ0\001\301\025%1L\307\t\261\262z\374\222T\301\274V\236\223\262\270Ct\362\337b\356\024*\324\320\351\317\002k\336\234\027v\351\217\260\303\360\233ZPZWr\246$w\313\313\r\243r\232\2234\373\3539:N\004Q\245\272D\312D\300\300\t\323\0257\345e\271\na\215{\226\255x%T\257\037\333\004\344_/R\006E\344\037@\210\363\010\336T\226\247'\204_{\261\370""1\235\2445\343\033Y!\212\201\341\272\225'\007\340m=\266\256\344\320\357\223\213\202\231\352\222\025\205\016\367J\326\030PT\356\273\231\377\233>\372\002\340\013\003""; }; requestCookie: 1; ","ledgerHash: ""\357&Q\217\267\303\356I\236\357\264\311b\037\366\035\253\343\311\265\240\327q\206f\262ODi\215-\363""; ledgerSeq: 29; type: liBASE; nodes {;   nodedata: ""\000\000\000\035\001cEx]\211\377\330\324`\214\221\314\000\211K\223+(""\200i \311\372g\254\343ZR0\224\275q\252\357\213\263\206N\000\000\000\000\000\000\000\000\000\000\000\000\000\000\000\000\000\000\000\000\000\000\000\000\000\000\000\000\000\000\000\000\260\352\002\024\353\260f{Ot\323\200ny\261`\324\3331\036>E2\305\340\207\003\215s\003\327\177/\351\253\006/\351\253\016\n\000""; }; nodes {;   nodedata: ""\323C\344\327\264{\312-\017:\006{\177\344N\002\326bO\260\220\006\033\362\345\005U\221DzJ0\001\301\025%1L\307\t\261\262z\374\222T\301\274V\236\223\262\270Ct\362\337b\356\024*\324\320\351\317\002k\336\234\027v\351\217\260\303\360\233ZPZWr\246$w\313\313\r\243r\232\2234\373\3539:N\004Q\245\272D\312D\300\300\t\323\0257\345e\271\na\215{\226\255x%T\257\037\333\004\344_/R\006E\344\037@\210\363\010\336T\226\247'\204_{\261\370""1\235\2445\343\033Y!\212\201\341\272\225'\007\340m=\266\256\344\320\357\223\213\202\231\352\222\025\205\016\367J\326\030PT\356\273\231\377\233>\372\002\340\013\003""; }; requestCookie: 1; "
1750527627495,1750527627495,0,1,1,3,TMGetLedger,"itype: liAS_NODE; ledgerHash: ""\357&Q\217\267\303\356I\236\357\264\311b\037\366\035\253\343\311\265\240\327q\206f\262ODi\215-\363""; ledgerSeq: 29; nodeIDs: ""\260\000\000\000\000\000\000\000\000\000\000\000\000\000\000\000\000\000\000\000\000\000\000\000\000\000\000\000\000\000\000\000\001""; queryType: qtINDIRECT; queryDepth: 1; ","itype: liAS_NODE; ledgerHash: ""\357&Q\217\267\303\356I\236\357\264\311b\037\366\035\253\343\311\265\240\327q\206f\262ODi\215-\363""; ledgerSeq: 29; nodeIDs: ""\260\000\000\000\000\000\000\000\000\000\000\000\000\000\000\000\000\000\000\000\000\000\000\000\000\000\000\000\000\000\000\000\001""; queryType: qtINDIRECT; queryDepth: 1; "
1750527627495,1750527627496,0,1,3,2,TMLedgerData,"ledgerHash: ""\357&Q\217\267\303\356I\236\357\264\311b\037\366\035\253\343\311\265\240\327q\206f\262ODi\215-\363""; ledgerSeq: 29; type: liBASE; nodes {;   nodedata: ""\000\000\000\035\001cEx]\211\377\330\324`\214\221\314\000\211K\223+(""\200i \311\372g\254\343ZR0\224\275q\252\357\213\263\206N\000\000\000\000\000\000\000\000\000\000\000\000\000\000\000\000\000\000\000\000\000\000\000\000\000\000\000\000\000\000\000\000\260\352\002\024\353\260f{Ot\323\200ny\261`\324\3331\036>E2\305\340\207\003\215s\003\327\177/\351\253\006/\351\253\016\n\000""; }; nodes {;   nodedata: ""\323C\344\327\264{\312-\017:\006{\177\344N\002\326bO\260\220\006\033\362\345\005U\221DzJ0\001\301\025%1L\307\t\261\262z\374\222T\301\274V\236\223\262\270Ct\362\337b\356\024*\324\320\351\317\002k\336\234\027v\351\217\260\303\360\233ZPZWr\246$w\313\313\r\243r\232\2234\373\3539:N\004Q\245\272D\312D\300\300\t\323\0257\345e\271\na\215{\226\255x%T\257\037\333\004\344_/R\006E\344\037@\210\363\010\336T\226\247'\204_{\261\370""1\235\2445\343\033Y!\212\201\341\272\225'\007\340m=\266\256\344\320\357\223\213\202\231\352\222\025\205\016\367J\326\030PT\356\273\231\377\233>\372\002\340\013\003""; }; requestCookie: 2; ","ledgerHash: ""\357&Q\217\267\303\356I\236\357\264\311b\037\366\035\253\343\311\265\240\327q\206f\262ODi\215-\363""; ledgerSeq: 29; type: liBASE; nodes {;   nodedata: ""\000\000\000\035\001cEx]\211\377\330\324`\214\221\314\000\211K\223+(""\200i \311\372g\254\343ZR0\224\275q\252\357\213\263\206N\000\000\000\000\000\000\000\000\000\000\000\000\000\000\000\000\000\000\000\000\000\000\000\000\000\000\000\000\000\000\000\000\260\352\002\024\353\260f{Ot\323\200ny\261`\324\3331\036>E2\305\340\207\003\215s\003\327\177/\351\253\006/\351\253\016\n\000""; }; nodes {;   nodedata: ""\323C\344\327\264{\312-\017:\006{\177\344N\002\326bO\260\220\006\033\362\345\005U\221DzJ0\001\301\025%1L\307\t\261\262z\374\222T\301\274V\236\223\262\270Ct\362\337b\356\024*\324\320\351\317\002k\336\234\027v\351\217\260\303\360\233ZPZWr\246$w\313\313\r\243r\232\2234\373\3539:N\004Q\245\272D\312D\300\300\t\323\0257\345e\271\na\215{\226\255x%T\257\037\333\004\344_/R\006E\344\037@\210\363\010\336T\226\247'\204_{\261\370""1\235\2445\343\033Y!\212\201\341\272\225'\007\340m=\266\256\344\320\357\223\213\202\231\352\222\025\205\016\367J\326\030PT\356\273\231\377\233>\372\002\340\013\003""; }; requestCookie: 2; "
1750527627496,1750527627497,0,1,3,2,TMLedgerData,"ledgerHash: ""\357&Q\217\267\303\356I\236\357\264\311b\037\366\035\253\343\311\265\240\327q\206f\262ODi\215-\363""; ledgerSeq: 29; type: liAS_NODE; nodes {;   nodedata: ""\021\000h""\000\000\000\000 \033\000\000\000\034\002\023\303\337\330\356GuH\375\327!\255\371\r\231\262R\256J\034\222\241\355X\265E\241^W\225\304\014\361CX-}\351f\032\255\274\334m\326c\017\014ao[\342\230\003\245\245\3341Hm\326^\017jy\335\261\032Yt\320\244{g\0306\\302\303*\341\215\223\257\364\277o\375\000r\241SOq\221\253\262\005\017\375T\356\014\360o'\030\311-\267\031\257!\031T\006><\315XM\334\324\345\034\000\325\367\240\271\013\265\024\321\362\354\211\250.\234s\225amc\305\035\366\276\037nD\277`\210\223N\3535\033\261\304f\331]\036\237\306o!\223\221\002\324\031\262\240R\177 ,\214\325\Q])\016\2067\277\t\354\010\000\360\215\2502\265\245\310\226\243c\302Ze\306\253#r\020\211\320iG\276\020E\317\035Sf\223F\254\033@\177e\277\016\010u\327\371&\262\312\317Q\2361t\377x\234\001v\003%\030\325_\225g\204\346a=\225\273\331\354\365*U\363\263N\367b\371\244\314-w\363\262\225Z\200\206\235\233\257?sE\2674\254\326mU\377?\177Ek\336\030!\316Aa\225\303\022\377{\210Y\226\271as\354L\035\004\341\361\035\301\024\220m#*\372\032\3178~\374\250\014*\323\342'z69\220\327\256\351G\367\317u\302\207\270b\315\333\333\334\310I\323&\014\352XZnW2.\335\347\202\021\247\362\212e\034\000\001\250\220\305;a\314\265R\310\017\317\331\235\360\262\240:\277\202\266\354\265X""\022\nh\252\352w\204\203\023]\001f\352\277\0031Q]\362\370R\350{\261\202\240\344\215\201\353\276\322p5p\350\354\017>\250r\241c\273\016\301\024\363\242\247\263\231\370\344\nBW\220K\316@3\243\200\036wk\253GSlU\010\360\231>\331\263H\214\324\030A\225\301o\346pkSF\004\241\213w9\223=\250\262*+\255\351r\265\244c\024\213\t\007`\223\325#\3477\210\345P\306\013\320\252[\0216+\227=`\371P\314\346 V7\271[~\n\237\274|\347\352@K\253~&\260\032\024\004B\200\255h\351\013\361\031:nG\211\005|\2003\266\274\251,W\006u\344\335d\003\306\212\313,\340\350bG\n\030Z\2732-\246\312\255\030\003\235207\005}D\260\0261ah\322M\304\216\273m0\271\234\237\007<w$\265C\245\232\033\023\313c\321B\032l\301h\005\320\252\301\361(\330[\343\357\343{\235\n\266g\272>\177\317\347\261qb&\270&\346ju\200\363N\320\307\004\034\001n\317\361\2653\254\2503\247\305\372\316W\022O\253x\250\025\373\247\354Tc\304\263\243^\352Gv\\264\261\r\035\226\306\2411\351\233\203\215\200$\231\300f\220\371c@\017\254\363\\371\340\340VaR\205~^\226\342t\360\022\204d\231\205)\272\364?\361!\334\331\315\254\230\rBG\314\023\246\244=\351\177\254\302b&\276+H;0\312\021&\275\036\237\350R\313\206R\331\304k\323u\263t\221\213yC\241\217A\242\027g\322\241'\212.E?B_\316\327\217J +\370\t^b\005\020\003\211\373\247|hC\271Nmk~J\270EU\274\036-\347\240\312FA\321\341bca\253\025\321\311\317\021\375\317\217\n\272\033o\353G>\275\361H\265\240\232um""\317\324`\214\221\314\000\211K\223+(""\200i \311\372g\254\343ZR0\224\275q\252\357\213\263\206N\264\227\2326\315\307\363\323\325\303\032N\256*\307\327 \235\332\207u\210\271\257\306g\231i*\260\326k\001"";   nodeid: ""\260\000\000\000\000\000\000\000\000\000\000\000\000\000\000\000\000\000\000\000\000\000\000\000\000\000\000\000\000\000\000\000\001""; }; ","ledgerHash: ""\357&Q\217\267\303\356I\236\357\264\311b\037\366\035\253\343\311\265\240\327q\206f\262ODi\215-\363""; ledgerSeq: 29; type: liAS_NODE; nodes {;   nodedata: ""\021\000h""\000\000\000\000 \033\000\000\000\034\002\023\303\337\330\356GuH\375\327!\255\371\r\231\262R\256J\034\222\241\355X\265E\241^W\225\304\014\361CX-}\351f\032\255\274\334m\326c\017\014ao[\342\230\003\245\245\3341Hm\326^\017jy\335\261\032Yt\320\244{g\0306\\302\303*\341\215\223\257\364\277o\375\000r\241SOq\221\253\262\005\017\375T\356\014\360o'\030\311-\267\031\257!\031T\006><\315XM\334\324\345\034\000\325\367\240\271\013\265\024\321\362\354\211\250.\234s\225amc\305\035\366\276\037nD\277`\210\223N\3535\033\261\304f\331]\036\237\306o!\223\221\002\324\031\262\240R\177 ,\214\325\Q])\016\2067\277\t\354\010\000\360\215\2502\265\245\310\226\243c\302Ze\306\253#r\020\211\320iG\276\020E\317\035Sf\223F\254\033@\177e\277\016\010u\327\371&\262\312\317Q\2361t\377x\234\001v\003%\030\325_\225g\204\346a=\225\273\331\354\365*U\363\263N\367b\371\244\314-w\363\262\225Z\200\206\235\233\257?sE\2674\254\326mU\377?\177Ek\336\030!\316Aa\225\303\022\377{\210Y\226\271as\354L\035\004\341\361\035\301\024\220m#*\372\032\3178~\374\250\014*\323\342'z69\220\327\256\351G\367\317u\302\207\270b\315\333\333\334\310I\323&\014\352XZnW2.\335\347\202\021\247\362\212e\034\000\001\250\220\305;a\314\265R\310\017\317\331\235\360\262\240:\277\202\266\354\265X""\022\nh\252\352w\204\203\023]\001f\352\277\0031Q]\362\370R\350{\261\202\240\344\215\201\353\276\322p5p\350\354\017>\250r\241c\273\016\301\024\363\242\247\263\231\370\344\nBW\220K\316@3\243\200\036wk\253GSlU\010\360\231>\331\263H\214\324\030A\225\301o\346pkSF\004\241\213w9\223=\250\262*+\255\351r\265\244c\024\213\t\007`\223\325#\3477\210\345P\306\013\320\252[\0216+\227=`\371P\314\346 V7\271[~\n\237\274|\347\352@K\253~&\260\032\024\004B\200\255h\351\013\361\031:nG\211\005|\2003\266\274\251,W\006u\344\335d\003\306\212\313,\340\350bG\n\030Z\2732-\246\312\255\030\003\235207\005}D\260\0261ah\322M\304\216\273m0\271\234\237\007<w$\265C\245\232\033\023\313c\321B\032l\301h\005\320\252\301\361(\330[\343\357\343{\235\n\266g\272>\177\317\347\261qb&\270&\346ju\200\363N\320\307\004\034\001n\317\361\2653\254\2503\247\305\372\316W\022O\253x\250\025\373\247\354Tc\304\263\243^\352Gv\\264\261\r\035\226\306\2411\351\233\203\215\200$\231\300f\220\371c@\017\254\363\\371\340\340VaR\205~^\226\342t\360\022\204d\231\205)\272\364?\361!\334\331\315\254\230\rBG\314\023\246\244=\351\177\254\302b&\276+H;0\312\021&\275\036\237\350R\313\206R\331\304k\323u\263t\221\213yC\241\217A\242\027g\322\241'\212.E?B_\316\327\217J +\370\t^b\005\020\003\211\373\247|hC\271Nmk~J\270EU\274\036-\347\240\312FA\321\341bca\253\025\321\311\317\021\375\317\217\n\272\033o\353G>\275\361H\265\240\232um""\317\324`\214\221\314\000\211K\223+(""\200i \311\372g\254\343ZR0\224\275q\252\357\213\263\206N\264\227\2326\315\307\363\323\325\303\032N\256*\307\327 \235\332\207u\210\271\257\306g\231i*\260\326k\001"";   nodeid: ""\260\000\000\000\000\000\000\000\000\000\000\000\000\000\000\000\000\000\000\000\000\000\000\000\000\000\000\000\000\000\000\000\001""; }; "
1750527627497,1750527627497,0,1,3,4,TMLedgerData,"ledgerHash: ""\357&Q\217\267\303\356I\236\357\264\311b\037\366\035\253\343\311\265\240\327q\206f\262ODi\215-\363""; ledgerSeq: 29; type: liBASE; nodes {;   nodedata: ""\000\000\000\035\001cEx]\211\377\330\324`\214\221\314\000\211K\223+(""\200i \311\372g\254\343ZR0\224\275q\252\357\213\263\206N\000\000\000\000\000\000\000\000\000\000\000\000\000\000\000\000\000\000\000\000\000\000\000\000\000\000\000\000\000\000\000\000\260\352\002\024\353\260f{Ot\323\200ny\261`\324\3331\036>E2\305\340\207\003\215s\003\327\177/\351\253\006/\351\253\016\n\000""; }; nodes {;   nodedata: ""\323C\344\327\264{\312-\017:\006{\177\344N\002\326bO\260\220\006\033\362\345\005U\221DzJ0\001\301\025%1L\307\t\261\262z\374\222T\301\274V\236\223\262\270Ct\362\337b\356\024*\324\320\351\317\002k\336\234\027v\351\217\260\303\360\233ZPZWr\246$w\313\313\r\243r\232\2234\373\3539:N\004Q\245\272D\312D\300\300\t\323\0257\345e\271\na\215{\226\255x%T\257\037\333\004\344_/R\006E\344\037@\210\363\010\336T\226\247'\204_{\261\370""1\235\2445\343\033Y!\212\201\341\272\225'\007\340m=\266\256\344\320\357\223\213\202\231\352\222\025\205\016\367J\326\030PT\356\273\231\377\233>\372\002\340\013\003""; }; requestCookie: 2; ","ledgerHash: ""\357&Q\217\267\303\356I\236\357\264\311b\037\366\035\253\343\311\265\240\327q\206f\262ODi\215-\363""; ledgerSeq: 29; type: liBASE; nodes {;   nodedata: ""\000\000\000\035\001cEx]\211\377\330\324`\214\221\314\000\211K\223+(""\200i \311\372g\254\343ZR0\224\275q\252\357\213\263\206N\000\000\000\000\000\000\000\000\000\000\000\000\000\000\000\000\000\000\000\000\000\000\000\000\000\000\000\000\000\000\000\000\260\352\002\024\353\260f{Ot\323\200ny\261`\324\3331\036>E2\305\340\207\003\215s\003\327\177/\351\253\006/\351\253\016\n\000""; }; nodes {;   nodedata: ""\323C\344\327\264{\312-\017:\006{\177\344N\002\326bO\260\220\006\033\362\345\005U\221DzJ0\001\301\025%1L\307\t\261\262z\374\222T\301\274V\236\223\262\270Ct\362\337b\356\024*\324\320\351\317\002k\336\234\027v\351\217\260\303\360\233ZPZWr\246$w\313\313\r\243r\232\2234\373\3539:N\004Q\245\272D\312D\300\300\t\323\0257\345e\271\na\215{\226\255x%T\257\037\333\004\344_/R\006E\344\037@\210\363\010\336T\226\247'\204_{\261\370""1\235\2445\343\033Y!\212\201\341\272\225'\007\340m=\266\256\344\320\357\223\213\202\231\352\222\025\205\016\367J\326\030PT\356\273\231\377\233>\372\002\340\013\003""; }; requestCookie: 2; "
1750527627498,1750527627498,0,1,4,2,TMLedgerData,"ledgerHash: ""\357&Q\217\267\303\356I\236\357\264\311b\037\366\035\253\343\311\265\240\327q\206f\262ODi\215-\363""; ledgerSeq: 29; type: liBASE; nodes {;   nodedata: ""\000\000\000\035\001cEx]\211\377\330\324`\214\221\314\000\211K\223+(""\200i \311\372g\254\343ZR0\224\275q\252\357\213\263\206N\000\000\000\000\000\000\000\000\000\000\000\000\000\000\000\000\000\000\000\000\000\000\000\000\000\000\000\000\000\000\000\000\260\352\002\024\353\260f{Ot\323\200ny\261`\324\3331\036>E2\305\340\207\003\215s\003\327\177/\351\253\006/\351\253\016\n\000""; }; nodes {;   nodedata: ""\323C\344\327\264{\312-\017:\006{\177\344N\002\326bO\260\220\006\033\362\345\005U\221DzJ0\001\301\025%1L\307\t\261\262z\374\222T\301\274V\236\223\262\270Ct\362\337b\356\024*\324\320\351\317\002k\336\234\027v\351\217\260\303\360\233ZPZWr\246$w\313\313\r\243r\232\2234\373\3539:N\004Q\245\272D\312D\300\300\t\323\0257\345e\271\na\215{\226\255x%T\257\037\333\004\344_/R\006E\344\037@\210\363\010\336T\226\247'\204_{\261\370""1\235\2445\343\033Y!\212\201\341\272\225'\007\340m=\266\256\344\320\357\223\213\202\231\352\222\025\205\016\367J\326\030PT\356\273\231\377\233>\372\002\340\013\003""; }; ","ledgerHash: ""\357&Q\217\267\303\356I\236\357\264\311b\037\366\035\253\343\311\265\240\327q\206f\262ODi\215-\363""; ledgerSeq: 29; type: liBASE; nodes {;   nodedata: ""\000\000\000\035\001cEx]\211\377\330\324`\214\221\314\000\211K\223+(""\200i \311\372g\254\343ZR0\224\275q\252\357\213\263\206N\000\000\000\000\000\000\000\000\000\000\000\000\000\000\000\000\000\000\000\000\000\000\000\000\000\000\000\000\000\000\000\000\260\352\002\024\353\260f{Ot\323\200ny\261`\324\3331\036>E2\305\340\207\003\215s\003\327\177/\351\253\006/\351\253\016\n\000""; }; nodes {;   nodedata: ""\323C\344\327\264{\312-\017:\006{\177\344N\002\326bO\260\220\006\033\362\345\005U\221DzJ0\001\301\025%1L\307\t\261\262z\374\222T\301\274V\236\223\262\270Ct\362\337b\356\024*\324\320\351\317\002k\336\234\027v\351\217\260\303\360\233ZPZWr\246$w\313\313\r\243r\232\2234\373\3539:N\004Q\245\272D\312D\300\300\t\323\0257\345e\271\na\215{\226\255x%T\257\037\333\004\344_/R\006E\344\037@\210\363\010\336T\226\247'\204_{\261\370""1\235\2445\343\033Y!\212\201\341\272\225'\007\340m=\266\256\344\320\357\223\213\202\231\352\222\025\205\016\367J\326\030PT\356\273\231\377\233>\372\002\340\013\003""; }; "
1750527627499,1750527627499,0,1,3,4,TMLedgerData,"ledgerHash: ""\357&Q\217\267\303\356I\236\357\264\311b\037\366\035\253\343\311\265\240\327q\206f\262ODi\215-\363""; ledgerSeq: 29; type: liAS_NODE; nodes {;   nodedata: ""\021\000h""\000\000\000\000 \033\000\000\000\034\002\023\303\337\330\356GuH\375\327!\255\371\r\231\262R\256J\034\222\241\355X\265E\241^W\225\304\014\361CX-}\351f\032\255\274\334m\326c\017\014ao[\342\230\003\245\245\3341Hm\326^\017jy\335\261\032Yt\320\244{g\0306\\302\303*\341\215\223\257\364\277o\375\000r\241SOq\221\253\262\005\017\375T\356\014\360o'\030\311-\267\031\257!\031T\006><\315XM\334\324\345\034\000\325\367\240\271\013\265\024\321\362\354\211\250.\234s\225amc\305\035\366\276\037nD\277`\210\223N\3535\033\261\304f\331]\036\237\306o!\223\221\002\324\031\262\240R\177 ,\214\325\Q])\016\2067\277\t\354\010\000\360\215\2502\265\245\310\226\243c\302Ze\306\253#r\020\211\320iG\276\020E\317\035Sf\223F\254\033@\177e\277\016\010u\327\371&\262\312\317Q\2361t\377x\234\001v\003%\030\325_\225g\204\346a=\225\273\331\354\365*U\363\263N\367b\371\244\314-w\363\262\225Z\200\206\235\233\257?sE\2674\254\326mU\377?\177Ek\336\030!\316Aa\225\303\022\377{\210Y\226\271as\354L\035\004\341\361\035\301\024\220m#*\372\032\3178~\374\250\014*\323\342'z69\220\327\256\351G\367\317u\302\207\270b\315\333\333\334\310I\323&\014\352XZnW2.\335\347\202\021\247\362\212e\034\000\001\250\220\305;a\314\265R\310\017\317\331\235\360\262\240:\277\202\266\354\265X""\022\nh\252\352w\204\203\023]\001f\352\277\0031Q]\362\370R\350{\261\202\240\344\215\201\353\276\322p5p\350\354\017>\250r\241c\273\016\301\024\363\242\247\263\231\370\344\nBW\220K\316@3\243\200\036wk\253GSlU\010\360\231>\331\263H\214\324\030A\225\301o\346pkSF\004\241\213w9\223=\250\262*+\255\351r\265\244c\024\213\t\007`\223\325#\3477\210\345P\306\013\320\252[\0216+\227=`\371P\314\346 V7\271[~\n\237\274|\347\352@K\253~&\260\032\024\004B\200\255h\351\013\361\031:nG\211\005|\2003\266\274\251,W\006u\344\335d\003\306\212\313,\340\350bG\n\030Z\2732-\246\312\255\030\003\235207\005}D\260\0261ah\322M\304\216\273m0\271\234\237\007<w$\265C\245\232\033\023\313c\321B\032l\301h\005\320\252\301\361(\330[\343\357\343{\235\n\266g\272>\177\317\347\261qb&\270&\346ju\200\363N\320\307\004\034\001n\317\361\2653\254\2503\247\305\372\316W\022O\253x\250\025\373\247\354Tc\304\263\243^\352Gv\\264\261\r\035\226\306\2411\351\233\203\215\200$\231\300f\220\371c@\017\254\363\\371\340\340VaR\205~^\226\342t\360\022\204d\231\205)\272\364?\361!\334\331\315\254\230\rBG\314\023\246\244=\351\177\254\302b&\276+H;0\312\021&\275\036\237\350R\313\206R\331\304k\323u\263t\221\213yC\241\217A\242\027g\322\241'\212.E?B_\316\327\217J +\370\t^b\005\020\003\211\373\247|hC\271Nmk~J\270EU\274\036-\347\240\312FA\321\341bca\253\025\321\311\317\021\375\317\217\n\272\033o\353G>\275\361H\265\240\232um""\317\324`\214\221\314\000\211K\223+(""\200i \311\372g\254\343ZR0\224\275q\252\357\213\263\206N\264\227\2326\315\307\363\323\325\303\032N\256*\307\327 \235\332\207u\210\271\257\306g\231i*\260\326k\001"";   nodeid: ""\260\000\000\000\000\000\000\000\000\000\000\000\000\000\000\000\000\000\000\000\000\000\000\000\000\000\000\000\000\000\000\000\001""; }; ","ledgerHash: ""\357&Q\217\267\303\356I\236\357\264\311b\037\366\035\253\343\311\265\240\327q\206f\262ODi\215-\363""; ledgerSeq: 29; type: liAS_NODE; nodes {;   nodedata: ""\021\000h""\000\000\000\000 \033\000\000\000\034\002\023\303\337\330\356GuH\375\327!\255\371\r\231\262R\256J\034\222\241\355X\265E\241^W\225\304\014\361CX-}\351f\032\255\274\334m\326c\017\014ao[\342\230\003\245\245\3341Hm\326^\017jy\335\261\032Yt\320\244{g\0306\\302\303*\341\215\223\257\364\277o\375\000r\241SOq\221\253\262\005\017\375T\356\014\360o'\030\311-\267\031\257!\031T\006><\315XM\334\324\345\034\000\325\367\240\271\013\265\024\321\362\354\211\250.\234s\225amc\305\035\366\276\037nD\277`\210\223N\3535\033\261\304f\331]\036\237\306o!\223\221\002\324\031\262\240R\177 ,\214\325\Q])\016\2067\277\t\354\010\000\360\215\2502\265\245\310\226\243c\302Ze\306\253#r\020\211\320iG\276\020E\317\035Sf\223F\254\033@\177e\277\016\010u\327\371&\262\312\317Q\2361t\377x\234\001v\003%\030\325_\225g\204\346a=\225\273\331\354\365*U\363\263N\367b\371\244\314-w\363\262\225Z\200\206\235\233\257?sE\2674\254\326mU\377?\177Ek\336\030!\316Aa\225\303\022\377{\210Y\226\271as\354L\035\004\341\361\035\301\024\220m#*\372\032\3178~\374\250\014*\323\342'z69\220\327\256\351G\367\317u\302\207\270b\315\333\333\334\310I\323&\014\352XZnW2.\335\347\202\021\247\362\212e\034\000\001\250\220\305;a\314\265R\310\017\317\331\235\360\262\240:\277\202\266\354\265X""\022\nh\252\352w\204\203\023]\001f\352\277\0031Q]\362\370R\350{\261\202\240\344\215\201\353\276\322p5p\350\354\017>\250r\241c\273\016\301\024\363\242\247\263\231\370\344\nBW\220K\316@3\243\200\036wk\253GSlU\010\360\231>\331\263H\214\324\030A\225\301o\346pkSF\004\241\213w9\223=\250\262*+\255\351r\265\244c\024\213\t\007`\223\325#\3477\210\345P\306\013\320\252[\0216+\227=`\371P\314\346 V7\271[~\n\237\274|\347\352@K\253~&\260\032\024\004B\200\255h\351\013\361\031:nG\211\005|\2003\266\274\251,W\006u\344\335d\003\306\212\313,\340\350bG\n\030Z\2732-\246\312\255\030\003\235207\005}D\260\0261ah\322M\304\216\273m0\271\234\237\007<w$\265C\245\232\033\023\313c\321B\032l\301h\005\320\252\301\361(\330[\343\357\343{\235\n\266g\272>\177\317\347\261qb&\270&\346ju\200\363N\320\307\004\034\001n\317\361\2653\254\2503\247\305\372\316W\022O\253x\250\025\373\247\354Tc\304\263\243^\352Gv\\264\261\r\035\226\306\2411\351\233\203\215\200$\231\300f\220\371c@\017\254\363\\371\340\340VaR\205~^\226\342t\360\022\204d\231\205)\272\364?\361!\334\331\315\254\230\rBG\314\023\246\244=\351\177\254\302b&\276+H;0\312\021&\275\036\237\350R\313\206R\331\304k\323u\263t\221\213yC\241\217A\242\027g\322\241'\212.E?B_\316\327\217J +\370\t^b\005\020\003\211\373\247|hC\271Nmk~J\270EU\274\036-\347\240\312FA\321\341bca\253\025\321\311\317\021\375\317\217\n\272\033o\353G>\275\361H\265\240\232um""\317\324`\214\221\314\000\211K\223+(""\200i \311\372g\254\343ZR0\224\275q\252\357\213\263\206N\264\227\2326\315\307\363\323\325\303\032N\256*\307\327 \235\332\207u\210\271\257\306g\231i*\260\326k\001"";   nodeid: ""\260\000\000\000\000\000\000\000\000\000\000\000\000\000\000\000\000\000\000\000\000\000\000\000\000\000\000\000\000\000\000\000\001""; }; "
1750527627500,1750527627500,0,1,2,3,TMGetLedger,"itype: liBASE; ledgerHash: ""\357&Q\217\267\303\356I\236\357\264\311b\037\366\035\253\343\311\265\240\327q\206f\262ODi\215-\363""; ledgerSeq: 29; requestCookie: 3; queryType: qtINDIRECT; ","itype: liBASE; ledgerHash: ""\357&Q\217\267\303\356I\236\357\264\311b\037\366\035\253\343\311\265\240\327q\206f\262ODi\215-\363""; ledgerSeq: 29; requestCookie: 3; queryType: qtINDIRECT; "
1750527627500,1750527627500,0,1,2,4,TMLedgerData,"ledgerHash: ""\357&Q\217\267\303\356I\236\357\264\311b\037\366\035\253\343\311\265\240\327q\206f\262ODi\215-\363""; ledgerSeq: 29; type: liBASE; nodes {;   nodedata: ""\000\000\000\035\001cEx]\211\377\330\324`\214\221\314\000\211K\223+(""\200i \311\372g\254\343ZR0\224\275q\252\357\213\263\206N\000\000\000\000\000\000\000\000\000\000\000\000\000\000\000\000\000\000\000\000\000\000\000\000\000\000\000\000\000\000\000\000\260\352\002\024\353\260f{Ot\323\200ny\261`\324\3331\036>E2\305\340\207\003\215s\003\327\177/\351\253\006/\351\253\016\n\000""; }; nodes {;   nodedata: ""\323C\344\327\264{\312-\017:\006{\177\344N\002\326bO\260\220\006\033\362\345\005U\221DzJ0\001\301\025%1L\307\t\261\262z\374\222T\301\274V\236\223\262\270Ct\362\337b\356\024*\324\320\351\317\002k\336\234\027v\351\217\260\303\360\233ZPZWr\246$w\313\313\r\243r\232\2234\373\3539:N\004Q\245\272D\312D\300\300\t\323\0257\345e\271\na\215{\226\255x%T\257\037\333\004\344_/R\006E\344\037@\210\363\010\336T\226\247'\204_{\261\370""1\235\2445\343\033Y!\212\201\341\272\225'\007\340m=\266\256\344\320\357\223\213\202\231\352\222\025\205\016\367J\326\030PT\356\273\231\377\233>\372\002\340\013\003""; }; ","ledgerHash: ""\357&Q\217\267\303\356I\236\357\264\311b\037\366\035\253\343\311\265\240\327q\206f\262ODi\215-\363""; ledgerSeq: 29; type: liBASE; nodes {;   nodedata: ""\000\000\000\035\001cEx]\211\377\330\324`\214\221\314\000\211K\223+(""\200i \311\372g\254\343ZR0\224\275q\252\357\213\263\206N\000\000\000\000\000\000\000\000\000\000\000\000\000\000\000\000\000\000\000\000\000\000\000\000\000\000\000\000\000\000\000\000\260\352\002\024\353\260f{Ot\323\200ny\261`\324\3331\036>E2\305\340\207\003\215s\003\327\177/\351\253\006/\351\253\016\n\000""; }; nodes {;   nodedata: ""\323C\344\327\264{\312-\017:\006{\177\344N\002\326bO\260\220\006\033\362\345\005U\221DzJ0\001\301\025%1L\307\t\261\262z\374\222T\301\274V\236\223\262\270Ct\362\337b\356\024*\324\320\351\317\002k\336\234\027v\351\217\260\303\360\233ZPZWr\246$w\313\313\r\243r\232\2234\373\3539:N\004Q\245\272D\312D\300\300\t\323\0257\345e\271\na\215{\226\255x%T\257\037\333\004\344_/R\006E\344\037@\210\363\010\336T\226\247'\204_{\261\370""1\235\2445\343\033Y!\212\201\341\272\225'\007\340m=\266\256\344\320\357\223\213\202\231\352\222\025\205\016\367J\326\030PT\356\273\231\377\233>\372\002\340\013\003""; }; "
1750527627501,1750527627501,0,1,3,1,TMLedgerData,"ledgerHash: ""\357&Q\217\267\303\356I\236\357\264\311b\037\366\035\253\343\311\265\240\327q\206f\262ODi\215-\363""; ledgerSeq: 29; type: liBASE; nodes {;   nodedata: ""\000\000\000\035\001cEx]\211\377\330\324`\214\221\314\000\211K\223+(""\200i \311\372g\254\343ZR0\224\275q\252\357\213\263\206N\000\000\000\000\000\000\000\000\000\000\000\000\000\000\000\000\000\000\000\000\000\000\000\000\000\000\000\000\000\000\000\000\260\352\002\024\353\260f{Ot\323\200ny\261`\324\3331\036>E2\305\340\207\003\215s\003\327\177/\351\253\006/\351\253\016\n\000""; }; nodes {;   nodedata: ""\323C\344\327\264{\312-\017:\006{\177\344N\002\326bO\260\220\006\033\362\345\005U\221DzJ0\001\301\025%1L\307\t\261\262z\374\222T\301\274V\236\223\262\270Ct\362\337b\356\024*\324\320\351\317\002k\336\234\027v\351\217\260\303\360\233ZPZWr\246$w\313\313\r\243r\232\2234\373\3539:N\004Q\245\272D\312D\300\300\t\323\0257\345e\271\na\215{\226\255x%T\257\037\333\004\344_/R\006E\344\037@\210\363\010\336T\226\247'\204_{\261\370""1\235\2445\343\033Y!\212\201\341\272\225'\007\340m=\266\256\344\320\357\223\213\202\231\352\222\025\205\016\367J\326\030PT\356\273\231\377\233>\372\002\340\013\003""; }; requestCookie: 2; ","ledgerHash: ""\357&Q\217\267\303\356I\236\357\264\311b\037\366\035\253\343\311\265\240\327q\206f\262ODi\215-\363""; ledgerSeq: 29; type: liBASE; nodes {;   nodedata: ""\000\000\000\035\001cEx]\211\377\330\324`\214\221\314\000\211K\223+(""\200i \311\372g\254\343ZR0\224\275q\252\357\213\263\206N\000\000\000\000\000\000\000\000\000\000\000\000\000\000\000\000\000\000\000\000\000\000\000\000\000\000\000\000\000\000\000\000\260\352\002\024\353\260f{Ot\323\200ny\261`\324\3331\036>E2\305\340\207\003\215s\003\327\177/\351\253\006/\351\253\016\n\000""; }; nodes {;   nodedata: ""\323C\344\327\264{\312-\017:\006{\177\344N\002\326bO\260\220\006\033\362\345\005U\221DzJ0\001\301\025%1L\307\t\261\262z\374\222T\301\274V\236\223\262\270Ct\362\337b\356\024*\324\320\351\317\002k\336\234\027v\351\217\260\303\360\233ZPZWr\246$w\313\313\r\243r\232\2234\373\3539:N\004Q\245\272D\312D\300\300\t\323\0257\345e\271\na\215{\226\255x%T\257\037\333\004\344_/R\006E\344\037@\210\363\010\336T\226\247'\204_{\261\370""1\235\2445\343\033Y!\212\201\341\272\225'\007\340m=\266\256\344\320\357\223\213\202\231\352\222\025\205\016\367J\326\030PT\356\273\231\377\233>\372\002\340\013\003""; }; requestCookie: 2; "
1750527627502,1750527627502,0,1,3,1,TMLedgerData,"ledgerHash: ""\357&Q\217\267\303\356I\236\357\264\311b\037\366\035\253\343\311\265\240\327q\206f\262ODi\215-\363""; ledgerSeq: 29; type: liBASE; nodes {;   nodedata: ""\000\000\000\035\001cEx]\211\377\330\324`\214\221\314\000\211K\223+(""\200i \311\372g\254\343ZR0\224\275q\252\357\213\263\206N\000\000\000\000\000\000\000\000\000\000\000\000\000\000\000\000\000\000\000\000\000\000\000\000\000\000\000\000\000\000\000\000\260\352\002\024\353\260f{Ot\323\200ny\261`\324\3331\036>E2\305\340\207\003\215s\003\327\177/\351\253\006/\351\253\016\n\000""; }; nodes {;   nodedata: ""\323C\344\327\264{\312-\017:\006{\177\344N\002\326bO\260\220\006\033\362\345\005U\221DzJ0\001\301\025%1L\307\t\261\262z\374\222T\301\274V\236\223\262\270Ct\362\337b\356\024*\324\320\351\317\002k\336\234\027v\351\217\260\303\360\233ZPZWr\246$w\313\313\r\243r\232\2234\373\3539:N\004Q\245\272D\312D\300\300\t\323\0257\345e\271\na\215{\226\255x%T\257\037\333\004\344_/R\006E\344\037@\210\363\010\336T\226\247'\204_{\261\370""1\235\2445\343\033Y!\212\201\341\272\225'\007\340m=\266\256\344\320\357\223\213\202\231\352\222\025\205\016\367J\326\030PT\356\273\231\377\233>\372\002\340\013\003""; }; requestCookie: 3; ","ledgerHash: ""\357&Q\217\267\303\356I\236\357\264\311b\037\366\035\253\343\311\265\240\327q\206f\262ODi\215-\363""; ledgerSeq: 29; type: liBASE; nodes {;   nodedata: ""\000\000\000\035\001cEx]\211\377\330\324`\214\221\314\000\211K\223+(""\200i \311\372g\254\343ZR0\224\275q\252\357\213\263\206N\000\000\000\000\000\000\000\000\000\000\000\000\000\000\000\000\000\000\000\000\000\000\000\000\000\000\000\000\000\000\000\000\260\352\002\024\353\260f{Ot\323\200ny\261`\324\3331\036>E2\305\340\207\003\215s\003\327\177/\351\253\006/\351\253\016\n\000""; }; nodes {;   nodedata: ""\323C\344\327\264{\312-\017:\006{\177\344N\002\326bO\260\220\006\033\362\345\005U\221DzJ0\001\301\025%1L\307\t\261\262z\374\222T\301\274V\236\223\262\270Ct\362\337b\356\024*\324\320\351\317\002k\336\234\027v\351\217\260\303\360\233ZPZWr\246$w\313\313\r\243r\232\2234\373\3539:N\004Q\245\272D\312D\300\300\t\323\0257\345e\271\na\215{\226\255x%T\257\037\333\004\344_/R\006E\344\037@\210\363\010\336T\226\247'\204_{\261\370""1\235\2445\343\033Y!\212\201\341\272\225'\007\340m=\266\256\344\320\357\223\213\202\231\352\222\025\205\016\367J\326\030PT\356\273\231\377\233>\372\002\340\013\003""; }; requestCookie: 3; "
1750527627503,1750527627503,0,1,3,1,TMLedgerData,"ledgerHash: ""\357&Q\217\267\303\356I\236\357\264\311b\037\366\035\253\343\311\265\240\327q\206f\262ODi\215-\363""; ledgerSeq: 29; type: liBASE; nodes {;   nodedata: ""\000\000\000\035\001cEx]\211\377\330\324`\214\221\314\000\211K\223+(""\200i \311\372g\254\343ZR0\224\275q\252\357\213\263\206N\000\000\000\000\000\000\000\000\000\000\000\000\000\000\000\000\000\000\000\000\000\000\000\000\000\000\000\000\000\000\000\000\260\352\002\024\353\260f{Ot\323\200ny\261`\324\3331\036>E2\305\340\207\003\215s\003\327\177/\351\253\006/\351\253\016\n\000""; }; nodes {;   nodedata: ""\323C\344\327\264{\312-\017:\006{\177\344N\002\326bO\260\220\006\033\362\345\005U\221DzJ0\001\301\025%1L\307\t\261\262z\374\222T\301\274V\236\223\262\270Ct\362\337b\356\024*\324\320\351\317\002k\336\234\027v\351\217\260\303\360\233ZPZWr\246$w\313\313\r\243r\232\2234\373\3539:N\004Q\245\272D\312D\300\300\t\323\0257\345e\271\na\215{\226\255x%T\257\037\333\004\344_/R\006E\344\037@\210\363\010\336T\226\247'\204_{\261\370""1\235\2445\343\033Y!\212\201\341\272\225'\007\340m=\266\256\344\320\357\223\213\202\231\352\222\025\205\016\367J\326\030PT\356\273\231\377\233>\372\002\340\013\003""; }; requestCookie: 5; ","ledgerHash: ""\357&Q\217\267\303\356I\236\357\264\311b\037\366\035\253\343\311\265\240\327q\206f\262ODi\215-\363""; ledgerSeq: 29; type: liBASE; nodes {;   nodedata: ""\000\000\000\035\001cEx]\211\377\330\324`\214\221\314\000\211K\223+(""\200i \311\372g\254\343ZR0\224\275q\252\357\213\263\206N\000\000\000\000\000\000\000\000\000\000\000\000\000\000\000\000\000\000\000\000\000\000\000\000\000\000\000\000\000\000\000\000\260\352\002\024\353\260f{Ot\323\200ny\261`\324\3331\036>E2\305\340\207\003\215s\003\327\177/\351\253\006/\351\253\016\n\000""; }; nodes {;   nodedata: ""\323C\344\327\264{\312-\017:\006{\177\344N\002\326bO\260\220\006\033\362\345\005U\221DzJ0\001\301\025%1L\307\t\261\262z\374\222T\301\274V\236\223\262\270Ct\362\337b\356\024*\324\320\351\317\002k\336\234\027v\351\217\260\303\360\233ZPZWr\246$w\313\313\r\243r\232\2234\373\3539:N\004Q\245\272D\312D\300\300\t\323\0257\345e\271\na\215{\226\255x%T\257\037\333\004\344_/R\006E\344\037@\210\363\010\336T\226\247'\204_{\261\370""1\235\2445\343\033Y!\212\201\341\272\225'\007\340m=\266\256\344\320\357\223\213\202\231\352\222\025\205\016\367J\326\030PT\356\273\231\377\233>\372\002\340\013\003""; }; requestCookie: 5; "
1750527627504,1750527627504,0,1,3,0,TMLedgerData,"ledgerHash: ""\357&Q\217\267\303\356I\236\357\264\311b\037\366\035\253\343\311\265\240\327q\206f\262ODi\215-\363""; ledgerSeq: 29; type: liBASE; nodes {;   nodedata: ""\000\000\000\035\001cEx]\211\377\330\324`\214\221\314\000\211K\223+(""\200i \311\372g\254\343ZR0\224\275q\252\357\213\263\206N\000\000\000\000\000\000\000\000\000\000\000\000\000\000\000\000\000\000\000\000\000\000\000\000\000\000\000\000\000\000\000\000\260\352\002\024\353\260f{Ot\323\200ny\261`\324\3331\036>E2\305\340\207\003\215s\003\327\177/\351\253\006/\351\253\016\n\000""; }; nodes {;   nodedata: ""\323C\344\327\264{\312-\017:\006{\177\344N\002\326bO\260\220\006\033\362\345\005U\221DzJ0\001\301\025%1L\307\t\261\262z\374\222T\301\274V\236\223\262\270Ct\362\337b\356\024*\324\320\351\317\002k\336\234\027v\351\217\260\303\360\233ZPZWr\246$w\313\313\r\243r\232\2234\373\3539:N\004Q\245\272D\312D\300\300\t\323\0257\345e\271\na\215{\226\255x%T\257\037\333\004\344_/R\006E\344\037@\210\363\010\336T\226\247'\204_{\261\370""1\235\2445\343\033Y!\212\201\341\272\225'\007\340m=\266\256\344\320\357\223\213\202\231\352\222\025\205\016\367J\326\030PT\356\273\231\377\233>\372\002\340\013\003""; }; requestCookie: 5; ","ledgerHash: ""\357&Q\217\267\303\356I\236\357\264\311b\037\366\035\253\343\311\265\240\327q\206f\262ODi\215-\363""; ledgerSeq: 29; type: liBASE; nodes {;   nodedata: ""\000\000\000\035\001cEx]\211\377\330\324`\214\221\314\000\211K\223+(""\200i \311\372g\254\343ZR0\224\275q\252\357\213\263\206N\000\000\000\000\000\000\000\000\000\000\000\000\000\000\000\000\000\000\000\000\000\000\000\000\000\000\000\000\000\000\000\000\260\352\002\024\353\260f{Ot\323\200ny\261`\324\3331\036>E2\305\340\207\003\215s\003\327\177/\351\253\006/\351\253\016\n\000""; }; nodes {;   nodedata: ""\323C\344\327\264{\312-\017:\006{\177\344N\002\326bO\260\220\006\033\362\345\005U\221DzJ0\001\301\025%1L\307\t\261\262z\374\222T\301\274V\236\223\262\270Ct\362\337b\356\024*\324\320\351\317\002k\336\234\027v\351\217\260\303\360\233ZPZWr\246$w\313\313\r\243r\232\2234\373\3539:N\004Q\245\272D\312D\300\300\t\323\0257\345e\271\na\215{\226\255x%T\257\037\333\004\344_/R\006E\344\037@\210\363\010\336T\226\247'\204_{\261\370""1\235\2445\343\033Y!\212\201\341\272\225'\007\340m=\266\256\344\320\357\223\213\202\231\352\222\025\205\016\367J\326\030PT\356\273\231\377\233>\372\002\340\013\003""; }; requestCookie: 5; "
1750527627505,1750527627505,0,1,3,0,TMLedgerData,"ledgerHash: ""\357&Q\217\267\303\356I\236\357\264\311b\037\366\035\253\343\311\265\240\327q\206f\262ODi\215-\363""; ledgerSeq: 29; type: liBASE; nodes {;   nodedata: ""\000\000\000\035\001cEx]\211\377\330\324`\214\221\314\000\211K\223+(""\200i \311\372g\254\343ZR0\224\275q\252\357\213\263\206N\000\000\000\000\000\000\000\000\000\000\000\000\000\000\000\000\000\000\000\000\000\000\000\000\000\000\000\000\000\000\000\000\260\352\002\024\353\260f{Ot\323\200ny\261`\324\3331\036>E2\305\340\207\003\215s\003\327\177/\351\253\006/\351\253\016\n\000""; }; nodes {;   nodedata: ""\323C\344\327\264{\312-\017:\006{\177\344N\002\326bO\260\220\006\033\362\345\005U\221DzJ0\001\301\025%1L\307\t\261\262z\374\222T\301\274V\236\223\262\270Ct\362\337b\356\024*\324\320\351\317\002k\336\234\027v\351\217\260\303\360\233ZPZWr\246$w\313\313\r\243r\232\2234\373\3539:N\004Q\245\272D\312D\300\300\t\323\0257\345e\271\na\215{\226\255x%T\257\037\333\004\344_/R\006E\344\037@\210\363\010\336T\226\247'\204_{\261\370""1\235\2445\343\033Y!\212\201\341\272\225'\007\340m=\266\256\344\320\357\223\213\202\231\352\222\025\205\016\367J\326\030PT\356\273\231\377\233>\372\002\340\013\003""; }; requestCookie: 3; ","ledgerHash: ""\357&Q\217\267\303\356I\236\357\264\311b\037\366\035\253\343\311\265\240\327q\206f\262ODi\215-\363""; ledgerSeq: 29; type: liBASE; nodes {;   nodedata: ""\000\000\000\035\001cEx]\211\377\330\324`\214\221\314\000\211K\223+(""\200i \311\372g\254\343ZR0\224\275q\252\357\213\263\206N\000\000\000\000\000\000\000\000\000\000\000\000\000\000\000\000\000\000\000\000\000\000\000\000\000\000\000\000\000\000\000\000\260\352\002\024\353\260f{Ot\323\200ny\261`\324\3331\036>E2\305\340\207\003\215s\003\327\177/\351\253\006/\351\253\016\n\000""; }; nodes {;   nodedata: ""\323C\344\327\264{\312-\017:\006{\177\344N\002\326bO\260\220\006\033\362\345\005U\221DzJ0\001\301\025%1L\307\t\261\262z\374\222T\301\274V\236\223\262\270Ct\362\337b\356\024*\324\320\351\317\002k\336\234\027v\351\217\260\303\360\233ZPZWr\246$w\313\313\r\243r\232\2234\373\3539:N\004Q\245\272D\312D\300\300\t\323\0257\345e\271\na\215{\226\255x%T\257\037\333\004\344_/R\006E\344\037@\210\363\010\336T\226\247'\204_{\261\370""1\235\2445\343\033Y!\212\201\341\272\225'\007\340m=\266\256\344\320\357\223\213\202\231\352\222\025\205\016\367J\326\030PT\356\273\231\377\233>\372\002\340\013\003""; }; requestCookie: 3; "
1750527627505,1750527627506,0,1,3,0,TMLedgerData,"ledgerHash: ""\357&Q\217\267\303\356I\236\357\264\311b\037\366\035\253\343\311\265\240\327q\206f\262ODi\215-\363""; ledgerSeq: 29; type: liAS_NODE; nodes {;   nodedata: ""\021\000h""\000\000\000\000 \033\000\000\000\034\002\023\303\337\330\356GuH\375\327!\255\371\r\231\262R\256J\034\222\241\355X\265E\241^W\225\304\014\361CX-}\351f\032\255\274\334m\326c\017\014ao[\342\230\003\245\245\3341Hm\326^\017jy\335\261\032Yt\320\244{g\0306\\302\303*\341\215\223\257\364\277o\375\000r\241SOq\221\253\262\005\017\375T\356\014\360o'\030\311-\267\031\257!\031T\006><\315XM\334\324\345\034\000\325\367\240\271\013\265\024\321\362\354\211\250.\234s\225amc\305\035\366\276\037nD\277`\210\223N\3535\033\261\304f\331]\036\237\306o!\223\221\002\324\031\262\240R\177 ,\214\325\Q])\016\2067\277\t\354\010\000\360\215\2502\265\245\310\226\243c\302Ze\306\253#r\020\211\320iG\276\020E\317\035Sf\223F\254\033@\177e\277\016\010u\327\371&\262\312\317Q\2361t\377x\234\001v\003%\030\325_\225g\204\346a=\225\273\331\354\365*U\363\263N\367b\371\244\314-w\363\262\225Z\200\206\235\233\257?sE\2674\254\326mU\377?\177Ek\336\030!\316Aa\225\303\022\377{\210Y\226\271as\354L\035\004\341\361\035\301\024\220m#*\372\032\3178~\374\250\014*\323\342'z69\220\327\256\351G\367\317u\302\207\270b\315\333\333\334\310I\323&\014\352XZnW2.\335\347\202\021\247\362\212e\034\000\001\250\220\305;a\314\265R\310\017\317\331\235\360\262\240:\277\202\266\354\265X""\022\nh\252\352w\204\203\023]\001f\352\277\0031Q]\362\370R\350{\261\202\240\344\215\201\353\276\322p5p\350\354\017>\250r\241c\273\016\301\024\363\242\247\263\231\370\344\nBW\220K\316@3\243\200\036wk\253GSlU\010\360\231>\331\263H\214\324\030A\225\301o\346pkSF\004\241\213w9\223=\250\262*+\255\351r\265\244c\024\213\t\007`\223\325#\3477\210\345P\306\013\320\252[\0216+\227=`\371P\314\346 V7\271[~\n\237\274|\347\352@K\253~&\260\032\024\004B\200\255h\351\013\361\031:nG\211\005|\2003\266\274\251,W\006u\344\335d\003\306\212\313,\340\350bG\n\030Z\2732-\246\312\255\030\003\235207\005}D\260\0261ah\322M\304\216\273m0\271\234\237\007<w$\265C\245\232\033\023\313c\321B\032l\301h\005\320\252\301\361(\330[\343\357\343{\235\n\266g\272>\177\317\347\261qb&\270&\346ju\200\363N\320\307\004\034\001n\317\361\2653\254\2503\247\305\372\316W\022O\253x\250\025\373\247\354Tc\304\263\243^\352Gv\\264\261\r\035\226\306\2411\351\233\203\215\200$\231\300f\220\371c@\017\254\363\\371\340\340VaR\205~^\226\342t\360\022\204d\231\205)\272\364?\361!\334\331\315\254\230\rBG\314\023\246\244=\351\177\254\302b&\276+H;0\312\021&\275\036\237\350R\313\206R\331\304k\323u\263t\221\213yC\241\217A\242\027g\322\241'\212.E?B_\316\327\217J +\370\t^b\005\020\003\211\373\247|hC\271Nmk~J\270EU\274\036-\347\240\312FA\321\341bca\253\025\321\311\317\021\375\317\217\n\272\033o\353G>\275\361H\265\240\232um""\317\324`\214\221\314\000\211K\223+(""\200i \311\372g\254\343ZR0\224\275q\252\357\213\263\206N\264\227\2326\315\307\363\323\325\303\032N\256*\307\327 \235\332\207u\210\271\257\306g\231i*\260\326k\001"";   nodeid: ""\260\000\000\000\000\000\000\000\000\000\000\000\000\000\000\000\000\000\000\000\000\000\000\000\000\000\000\000\000\000\000\000\001""; }; ","ledgerHash: ""\357&Q\217\267\303\356I\236\357\264\311b\037\366\035\253\343\311\265\240\327q\206f\262ODi\215-\363""; ledgerSeq: 29; type: liAS_NODE; nodes {;   nodedata: ""\021\000h""\000\000\000\000 \033\000\000\000\034\002\023\303\337\330\356GuH\375\327!\255\371\r\231\262R\256J\034\222\241\355X\265E\241^W\225\304\014\361CX-}\351f\032\255\274\334m\326c\017\014ao[\342\230\003\245\245\3341Hm\326^\017jy\335\261\032Yt\320\244{g\0306\\302\303*\341\215\223\257\364\277o\375\000r\241SOq\221\253\262\005\017\375T\356\014\360o'\030\311-\267\031\257!\031T\006><\315XM\334\324\345\034\000\325\367\240\271\013\265\024\321\362\354\211\250.\234s\225amc\305\035\366\276\037nD\277`\210\223N\3535\033\261\304f\331]\036\237\306o!\223\221\002\324\031\262\240R\177 ,\214\325\Q])\016\2067\277\t\354\010\000\360\215\2502\265\245\310\226\243c\302Ze\306\253#r\020\211\320iG\276\020E\317\035Sf\223F\254\033@\177e\277\016\010u\327\371&\262\312\317Q\2361t\377x\234\001v\003%\030\325_\225g\204\346a=\225\273\331\354\365*U\363\263N\367b\371\244\314-w\363\262\225Z\200\206\235\233\257?sE\2674\254\326mU\377?\177Ek\336\030!\316Aa\225\303\022\377{\210Y\226\271as\354L\035\004\341\361\035\301\024\220m#*\372\032\3178~\374\250\014*\323\342'z69\220\327\256\351G\367\317u\302\207\270b\315\333\333\334\310I\323&\014\352XZnW2.\335\347\202\021\247\362\212e\034\000\001\250\220\305;a\314\265R\310\017\317\331\235\360\262\240:\277\202\266\354\265X""\022\nh\252\352w\204\203\023]\001f\352\277\0031Q]\362\370R\350{\261\202\240\344\215\201\353\276\322p5p\350\354\017>\250r\241c\273\016\301\024\363\242\247\263\231\370\344\nBW\220K\316@3\243\200\036wk\253GSlU\010\360\231>\331\263H\214\324\030A\225\301o\346pkSF\004\241\213w9\223=\250\262*+\255\351r\265\244c\024\213\t\007`\223\325#\3477\210\345P\306\013\320\252[\0216+\227=`\371P\314\346 V7\271[~\n\237\274|\347\352@K\253~&\260\032\024\004B\200\255h\351\013\361\031:nG\211\005|\2003\266\274\251,W\006u\344\335d\003\306\212\313,\340\350bG\n\030Z\2732-\246\312\255\030\003\235207\005}D\260\0261ah\322M\304\216\273m0\271\234\237\007<w$\265C\245\232\033\023\313c\321B\032l\301h\005\320\252\301\361(\330[\343\357\343{\235\n\266g\272>\177\317\347\261qb&\270&\346ju\200\363N\320\307\004\034\001n\317\361\2653\254\2503\247\305\372\316W\022O\253x\250\025\373\247\354Tc\304\263\243^\352Gv\\264\261\r\035\226\306\2411\351\233\203\215\200$\231\300f\220\371c@\017\254\363\\371\340\340VaR\205~^\226\342t\360\022\204d\231\205)\272\364?\361!\334\331\315\254\230\rBG\314\023\246\244=\351\177\254\302b&\276+H;0\312\021&\275\036\237\350R\313\206R\331\304k\323u\263t\221\213yC\241\217A\242\027g\322\241'\212.E?B_\316\327\217J +\370\t^b\005\020\003\211\373\247|hC\271Nmk~J\270EU\274\036-\347\240\312FA\321\341bca\253\025\321\311\317\021\375\317\217\n\272\033o\353G>\275\361H\265\240\232um""\317\324`\214\221\314\000\211K\223+(""\200i \311\372g\254\343ZR0\224\275q\252\357\213\263\206N\264\227\2326\315\307\363\323\325\303\032N\256*\307\327 \235\332\207u\210\271\257\306g\231i*\260\326k\001"";   nodeid: ""\260\000\000\000\000\000\000\000\000\000\000\000\000\000\000\000\000\000\000\000\000\000\000\000\000\000\000\000\000\000\000\000\001""; }; "
1750527627506,1750527627506,0,1,3,0,TMLedgerData,"ledgerHash: ""\357&Q\217\267\303\356I\236\357\264\311b\037\366\035\253\343\311\265\240\327q\206f\262ODi\215-\363""; ledgerSeq: 29; type: liBASE; nodes {;   nodedata: ""\000\000\000\035\001cEx]\211\377\330\324`\214\221\314\000\211K\223+(""\200i \311\372g\254\343ZR0\224\275q\252\357\213\263\206N\000\000\000\000\000\000\000\000\000\000\000\000\000\000\000\000\000\000\000\000\000\000\000\000\000\000\000\000\000\000\000\000\260\352\002\024\353\260f{Ot\323\200ny\261`\324\3331\036>E2\305\340\207\003\215s\003\327\177/\351\253\006/\351\253\016\n\000""; }; nodes {;   nodedata: ""\323C\344\327\264{\312-\017:\006{\177\344N\002\326bO\260\220\006\033\362\345\005U\221DzJ0\001\301\025%1L\307\t\261\262z\374\222T\301\274V\236\223\262\270Ct\362\337b\356\024*\324\320\351\317\002k\336\234\027v\351\217\260\303\360\233ZPZWr\246$w\313\313\r\243r\232\2234\373\3539:N\004Q\245\272D\312D\300\300\t\323\0257\345e\271\na\215{\226\255x%T\257\037\333\004\344_/R\006E\344\037@\210\363\010\336T\226\247'\204_{\261\370""1\235\2445\343\033Y!\212\201\341\272\225'\007\340m=\266\256\344\320\357\223\213\202\231\352\222\025\205\016\367J\326\030PT\356\273\231\377\233>\372\002\340\013\003""; }; requestCookie: 2; ","ledgerHash: ""\357&Q\217\267\303\356I\236\357\264\311b\037\366\035\253\343\311\265\240\327q\206f\262ODi\215-\363""; ledgerSeq: 29; type: liBASE; nodes {;   nodedata: ""\000\000\000\035\001cEx]\211\377\330\324`\214\221\314\000\211K\223+(""\200i \311\372g\254\343ZR0\224\275q\252\357\213\263\206N\000\000\000\000\000\000\000\000\000\000\000\000\000\000\000\000\000\000\000\000\000\000\000\000\000\000\000\000\000\000\000\000\260\352\002\024\353\260f{Ot\323\200ny\261`\324\3331\036>E2\305\340\207\003\215s\003\327\177/\351\253\006/\351\253\016\n\000""; }; nodes {;   nodedata: ""\323C\344\327\264{\312-\017:\006{\177\344N\002\326bO\260\220\006\033\362\345\005U\221DzJ0\001\301\025%1L\307\t\261\262z\374\222T\301\274V\236\223\262\270Ct\362\337b\356\024*\324\320\351\317\002k\336\234\027v\351\217\260\303\360\233ZPZWr\246$w\313\313\r\243r\232\2234\373\3539:N\004Q\245\272D\312D\300\300\t\323\0257\345e\271\na\215{\226\255x%T\257\037\333\004\344_/R\006E\344\037@\210\363\010\336T\226\247'\204_{\261\370""1\235\2445\343\033Y!\212\201\341\272\225'\007\340m=\266\256\344\320\357\223\213\202\231\352\222\025\205\016\367J\326\030PT\356\273\231\377\233>\372\002\340\013\003""; }; requestCookie: 2; "
1750527627507,1750527627508,0,1,3,1,TMLedgerData,"ledgerHash: ""\357&Q\217\267\303\356I\236\357\264\311b\037\366\035\253\343\311\265\240\327q\206f\262ODi\215-\363""; ledgerSeq: 29; type: liAS_NODE; nodes {;   nodedata: ""\021\000h""\000\000\000\000 \033\000\000\000\034\002\023\303\337\330\356GuH\375\327!\255\371\r\231\262R\256J\034\222\241\355X\265E\241^W\225\304\014\361CX-}\351f\032\255\274\334m\326c\017\014ao[\342\230\003\245\245\3341Hm\326^\017jy\335\261\032Yt\320\244{g\0306\\302\303*\341\215\223\257\364\277o\375\000r\241SOq\221\253\262\005\017\375T\356\014\360o'\030\311-\267\031\257!\031T\006><\315XM\334\324\345\034\000\325\367\240\271\013\265\024\321\362\354\211\250.\234s\225amc\305\035\366\276\037nD\277`\210\223N\3535\033\261\304f\331]\036\237\306o!\223\221\002\324\031\262\240R\177 ,\214\325\Q])\016\2067\277\t\354\010\000\360\215\2502\265\245\310\226\243c\302Ze\306\253#r\020\211\320iG\276\020E\317\035Sf\223F\254\033@\177e\277\016\010u\327\371&\262\312\317Q\2361t\377x\234\001v\003%\030\325_\225g\204\346a=\225\273\331\354\365*U\363\263N\367b\371\244\314-w\363\262\225Z\200\206\235\233\257?sE\2674\254\326mU\377?\177Ek\336\030!\316Aa\225\303\022\377{\210Y\226\271as\354L\035\004\341\361\035\301\024\220m#*\372\032\3178~\374\250\014*\323\342'z69\220\327\256\351G\367\317u\302\207\270b\315\333\333\334\310I\323&\014\352XZnW2.\335\347\202\021\247\362\212e\034\000\001\250\220\305;a\314\265R\310\017\317\331\235\360\262\240:\277\202\266\354\265X""\022\nh\252\352w\204\203\023]\001f\352\277\0031Q]\362\370R\350{\261\202\240\344\215\201\353\276\322p5p\350\354\017>\250r\241c\273\016\301\024\363\242\247\263\231\370\344\nBW\220K\316@3\243\200\036wk\253GSlU\010\360\231>\331\263H\214\324\030A\225\301o\346pkSF\004\241\213w9\223=\250\262*+\255\351r\265\244c\024\213\t\007`\223\325#\3477\210\345P\306\013\320\252[\0216+\227=`\371P\314\346 V7\271[~\n\237\274|\347\352@K\253~&\260\032\024\004B\200\255h\351\013\361\031:nG\211\005|\2003\266\274\251,W\006u\344\335d\003\306\212\313,\340\350bG\n\030Z\2732-\246\312\255\030\003\235207\005}D\260\0261ah\322M\304\216\273m0\271\234\237\007<w$\265C\245\232\033\023\313c\321B\032l\301h\005\320\252\301\361(\330[\343\357\343{\235\n\266g\272>\177\317\347\261qb&\270&\346ju\200\363N\320\307\004\034\001n\317\361\2653\254\2503\247\305\372\316W\022O\253x\250\025\373\247\354Tc\304\263\243^\352Gv\\264\261\r\035\226\306\2411\351\233\203\215\200$\231\300f\220\371c@\017\254\363\\371\340\340VaR\205~^\226\342t\360\022\204d\231\205)\272\364?\361!\334\331\315\254\230\rBG\314\023\246\244=\351\177\254\302b&\276+H;0\312\021&\275\036\237\350R\313\206R\331\304k\323u\263t\221\213yC\241\217A\242\027g\322\241'\212.E?B_\316\327\217J +\370\t^b\005\020\003\211\373\247|hC\271Nmk~J\270EU\274\036-\347\240\312FA\321\341bca\253\025\321\311\317\021\375\317\217\n\272\033o\353G>\275\361H\265\240\232um""\317\324`\214\221\314\000\211K\223+(""\200i \311\372g\254\343ZR0\224\275q\252\357\213\263\206N\264\227\2326\315\307\363\323\325\303\032N\256*\307\327 \235\332\207u\210\271\257\306g\231i*\260\326k\001"";   nodeid: ""\260\000\000\000\000\000\000\000\000\000\000\000\000\000\000\000\000\000\000\000\000\000\000\000\000\000\000\000\000\000\000\000\001""; }; ","ledgerHash: ""\357&Q\217\267\303\356I\236\357\264\311b\037\366\035\253\343\311\265\240\327q\206f\262ODi\215-\363""; ledgerSeq: 29; type: liAS_NODE; nodes {;   nodedata: ""\021\000h""\000\000\000\000 \033\000\000\000\034\002\023\303\337\330\356GuH\375\327!\255\371\r\231\262R\256J\034\222\241\355X\265E\241^W\225\304\014\361CX-}\351f\032\255\274\334m\326c\017\014ao[\342\230\003\245\245\3341Hm\326^\017jy\335\261\032Yt\320\244{g\0306\\302\303*\341\215\223\257\364\277o\375\000r\241SOq\221\253\262\005\017\375T\356\014\360o'\030\311-\267\031\257!\031T\006><\315XM\334\324\345\034\000\325\367\240\271\013\265\024\321\362\354\211\250.\234s\225amc\305\035\366\276\037nD\277`\210\223N\3535\033\261\304f\331]\036\237\306o!\223\221\002\324\031\262\240R\177 ,\214\325\Q])\016\2067\277\t\354\010\000\360\215\2502\265\245\310\226\243c\302Ze\306\253#r\020\211\320iG\276\020E\317\035Sf\223F\254\033@\177e\277\016\010u\327\371&\262\312\317Q\2361t\377x\234\001v\003%\030\325_\225g\204\346a=\225\273\331\354\365*U\363\263N\367b\371\244\314-w\363\262\225Z\200\206\235\233\257?sE\2674\254\326mU\377?\177Ek\336\030!\316Aa\225\303\022\377{\210Y\226\271as\354L\035\004\341\361\035\301\024\220m#*\372\032\3178~\374\250\014*\323\342'z69\220\327\256\351G\367\317u\302\207\270b\315\333\333\334\310I\323&\014\352XZnW2.\335\347\202\021\247\362\212e\034\000\001\250\220\305;a\314\265R\310\017\317\331\235\360\262\240:\277\202\266\354\265X""\022\nh\252\352w\204\203\023]\001f\352\277\0031Q]\362\370R\350{\261\202\240\344\215\201\353\276\322p5p\350\354\017>\250r\241c\273\016\301\024\363\242\247\263\231\370\344\nBW\220K\316@3\243\200\036wk\253GSlU\010\360\231>\331\263H\214\324\030A\225\301o\346pkSF\004\241\213w9\223=\250\262*+\255\351r\265\244c\024\213\t\007`\223\325#\3477\210\345P\306\013\320\252[\0216+\227=`\371P\314\346 V7\271[~\n\237\274|\347\352@K\253~&\260\032\024\004B\200\255h\351\013\361\031:nG\211\005|\2003\266\274\251,W\006u\344\335d\003\306\212\313,\340\350bG\n\030Z\2732-\246\312\255\030\003\235207\005}D\260\0261ah\322M\304\216\273m0\271\234\237\007<w$\265C\245\232\033\023\313c\321B\032l\301h\005\320\252\301\361(\330[\343\357\343{\235\n\266g\272>\177\317\347\261qb&\270&\346ju\200\363N\320\307\004\034\001n\317\361\2653\254\2503\247\305\372\316W\022O\253x\250\025\373\247\354Tc\304\263\243^\352Gv\\264\261\r\035\226\306\2411\351\233\203\215\200$\231\300f\220\371c@\017\254\363\\371\340\340VaR\205~^\226\342t\360\022\204d\231\205)\272\364?\361!\334\331\315\254\230\rBG\314\023\246\244=\351\177\254\302b&\276+H;0\312\021&\275\036\237\350R\313\206R\331\304k\323u\263t\221\213yC\241\217A\242\027g\322\241'\212.E?B_\316\327\217J +\370\t^b\005\020\003\211\373\247|hC\271Nmk~J\270EU\274\036-\347\240\312FA\321\341bca\253\025\321\311\317\021\375\317\217\n\272\033o\353G>\275\361H\265\240\232um""\317\324`\214\221\314\000\211K\223+(""\200i \311\372g\254\343ZR0\224\275q\252\357\213\263\206N\264\227\2326\315\307\363\323\325\303\032N\256*\307\327 \235\332\207u\210\271\257\306g\231i*\260\326k\001"";   nodeid: ""\260\000\000\000\000\000\000\000\000\000\000\000\000\000\000\000\000\000\000\000\000\000\000\000\000\000\000\000\000\000\000\000\001""; }; "
1750527627508,1750527627509,0,1,4,0,TMLedgerData,"ledgerHash: ""\357&Q\217\267\303\356I\236\357\264\311b\037\366\035\253\343\311\265\240\327q\206f\262ODi\215-\363""; ledgerSeq: 29; type: liBASE; nodes {;   nodedata: ""\000\000\000\035\001cEx]\211\377\330\324`\214\221\314\000\211K\223+(""\200i \311\372g\254\343ZR0\224\275q\252\357\213\263\206N\000\000\000\000\000\000\000\000\000\000\000\000\000\000\000\000\000\000\000\000\000\000\000\000\000\000\000\000\000\000\000\000\260\352\002\024\353\260f{Ot\323\200ny\261`\324\3331\036>E2\305\340\207\003\215s\003\327\177/\351\253\006/\351\253\016\n\000""; }; nodes {;   nodedata: ""\323C\344\327\264{\312-\017:\006{\177\344N\002\326bO\260\220\006\033\362\345\005U\221DzJ0\001\301\025%1L\307\t\261\262z\374\222T\301\274V\236\223\262\270Ct\362\337b\356\024*\324\320\351\317\002k\336\234\027v\351\217\260\303\360\233ZPZWr\246$w\313\313\r\243r\232\2234\373\3539:N\004Q\245\272D\312D\300\300\t\323\0257\345e\271\na\215{\226\255x%T\257\037\333\004\344_/R\006E\344\037@\210\363\010\336T\226\247'\204_{\261\370""1\235\2445\343\033Y!\212\201\341\272\225'\007\340m=\266\256\344\320\357\223\213\202\231\352\222\025\205\016\367J\326\030PT\356\273\231\377\233>\372\002\340\013\003""; }; ","ledgerHash: ""\357&Q\217\267\303\356I\236\357\264\311b\037\366\035\253\343\311\265\240\327q\206f\262ODi\215-\363""; ledgerSeq: 29; type: liBASE; nodes {;   nodedata: ""\000\000\000\035\001cEx]\211\377\330\324`\214\221\314\000\211K\223+(""\200i \311\372g\254\343ZR0\224\275q\252\357\213\263\206N\000\000\000\000\000\000\000\000\000\000\000\000\000\000\000\000\000\000\000\000\000\000\000\000\000\000\000\000\000\000\000\000\260\352\002\024\353\260f{Ot\323\200ny\261`\324\3331\036>E2\305\340\207\003\215s\003\327\177/\351\253\006/\351\253\016\n\000""; }; nodes {;   nodedata: ""\323C\344\327\264{\312-\017:\006{\177\344N\002\326bO\260\220\006\033\362\345\005U\221DzJ0\001\301\025%1L\307\t\261\262z\374\222T\301\274V\236\223\262\270Ct\362\337b\356\024*\324\320\351\317\002k\336\234\027v\351\217\260\303\360\233ZPZWr\246$w\313\313\r\243r\232\2234\373\3539:N\004Q\245\272D\312D\300\300\t\323\0257\345e\271\na\215{\226\255x%T\257\037\333\004\344_/R\006E\344\037@\210\363\010\336T\226\247'\204_{\261\370""1\235\2445\343\033Y!\212\201\341\272\225'\007\340m=\266\256\344\320\357\223\213\202\231\352\222\025\205\016\367J\326\030PT\356\273\231\377\233>\372\002\340\013\003""; }; "
1750527627509,1750527627509,0,1,2,0,TMLedgerData,"ledgerHash: ""\357&Q\217\267\303\356I\236\357\264\311b\037\366\035\253\343\311\265\240\327q\206f\262ODi\215-\363""; ledgerSeq: 29; type: liBASE; nodes {;   nodedata: ""\000\000\000\035\001cEx]\211\377\330\324`\214\221\314\000\211K\223+(""\200i \311\372g\254\343ZR0\224\275q\252\357\213\263\206N\000\000\000\000\000\000\000\000\000\000\000\000\000\000\000\000\000\000\000\000\000\000\000\000\000\000\000\000\000\000\000\000\260\352\002\024\353\260f{Ot\323\200ny\261`\324\3331\036>E2\305\340\207\003\215s\003\327\177/\351\253\006/\351\253\016\n\000""; }; nodes {;   nodedata: ""\323C\344\327\264{\312-\017:\006{\177\344N\002\326bO\260\220\006\033\362\345\005U\221DzJ0\001\301\025%1L\307\t\261\262z\374\222T\301\274V\236\223\262\270Ct\362\337b\356\024*\324\320\351\317\002k\336\234\027v\351\217\260\303\360\233ZPZWr\246$w\313\313\r\243r\232\2234\373\3539:N\004Q\245\272D\312D\300\300\t\323\0257\345e\271\na\215{\226\255x%T\257\037\333\004\344_/R\006E\344\037@\210\363\010\336T\226\247'\204_{\261\370""1\235\2445\343\033Y!\212\201\341\272\225'\007\340m=\266\256\344\320\357\223\213\202\231\352\222\025\205\016\367J\326\030PT\356\273\231\377\233>\372\002\340\013\003""; }; ","ledgerHash: ""\357&Q\217\267\303\356I\236\357\264\311b\037\366\035\253\343\311\265\240\327q\206f\262ODi\215-\363""; ledgerSeq: 29; type: liBASE; nodes {;   nodedata: ""\000\000\000\035\001cEx]\211\377\330\324`\214\221\314\000\211K\223+(""\200i \311\372g\254\343ZR0\224\275q\252\357\213\263\206N\000\000\000\000\000\000\000\000\000\000\000\000\000\000\000\000\000\000\000\000\000\000\000\000\000\000\000\000\000\000\000\000\260\352\002\024\353\260f{Ot\323\200ny\261`\324\3331\036>E2\305\340\207\003\215s\003\327\177/\351\253\006/\351\253\016\n\000""; }; nodes {;   nodedata: ""\323C\344\327\264{\312-\017:\006{\177\344N\002\326bO\260\220\006\033\362\345\005U\221DzJ0\001\301\025%1L\307\t\261\262z\374\222T\301\274V\236\223\262\270Ct\362\337b\356\024*\324\320\351\317\002k\336\234\027v\351\217\260\303\360\233ZPZWr\246$w\313\313\r\243r\232\2234\373\3539:N\004Q\245\272D\312D\300\300\t\323\0257\345e\271\na\215{\226\255x%T\257\037\333\004\344_/R\006E\344\037@\210\363\010\336T\226\247'\204_{\261\370""1\235\2445\343\033Y!\212\201\341\272\225'\007\340m=\266\256\344\320\357\223\213\202\231\352\222\025\205\016\367J\326\030PT\356\273\231\377\233>\372\002\340\013\003""; }; "
1750527627509,1750527627510,0,1,4,1,TMLedgerData,"ledgerHash: ""\357&Q\217\267\303\356I\236\357\264\311b\037\366\035\253\343\311\265\240\327q\206f\262ODi\215-\363""; ledgerSeq: 29; type: liBASE; nodes {;   nodedata: ""\000\000\000\035\001cEx]\211\377\330\324`\214\221\314\000\211K\223+(""\200i \311\372g\254\343ZR0\224\275q\252\357\213\263\206N\000\000\000\000\000\000\000\000\000\000\000\000\000\000\000\000\000\000\000\000\000\000\000\000\000\000\000\000\000\000\000\000\260\352\002\024\353\260f{Ot\323\200ny\261`\324\3331\036>E2\305\340\207\003\215s\003\327\177/\351\253\006/\351\253\016\n\000""; }; nodes {;   nodedata: ""\323C\344\327\264{\312-\017:\006{\177\344N\002\326bO\260\220\006\033\362\345\005U\221DzJ0\001\301\025%1L\307\t\261\262z\374\222T\301\274V\236\223\262\270Ct\362\337b\356\024*\324\320\351\317\002k\336\234\027v\351\217\260\303\360\233ZPZWr\246$w\313\313\r\243r\232\2234\373\3539:N\004Q\245\272D\312D\300\300\t\323\0257\345e\271\na\215{\226\255x%T\257\037\333\004\344_/R\006E\344\037@\210\363\010\336T\226\247'\204_{\261\370""1\235\2445\343\033Y!\212\201\341\272\225'\007\340m=\266\256\344\320\357\223\213\202\231\352\222\025\205\016\367J\326\030PT\356\273\231\377\233>\372\002\340\013\003""; }; ","ledgerHash: ""\357&Q\217\267\303\356I\236\357\264\311b\037\366\035\253\343\311\265\240\327q\206f\262ODi\215-\363""; ledgerSeq: 29; type: liBASE; nodes {;   nodedata: ""\000\000\000\035\001cEx]\211\377\330\324`\214\221\314\000\211K\223+(""\200i \311\372g\254\343ZR0\224\275q\252\357\213\263\206N\000\000\000\000\000\000\000\000\000\000\000\000\000\000\000\000\000\000\000\000\000\000\000\000\000\000\000\000\000\000\000\000\260\352\002\024\353\260f{Ot\323\200ny\261`\324\3331\036>E2\305\340\207\003\215s\003\327\177/\351\253\006/\351\253\016\n\000""; }; nodes {;   nodedata: ""\323C\344\327\264{\312-\017:\006{\177\344N\002\326bO\260\220\006\033\362\345\005U\221DzJ0\001\301\025%1L\307\t\261\262z\374\222T\301\274V\236\223\262\270Ct\362\337b\356\024*\324\320\351\317\002k\336\234\027v\351\217\260\303\360\233ZPZWr\246$w\313\313\r\243r\232\2234\373\3539:N\004Q\245\272D\312D\300\300\t\323\0257\345e\271\na\215{\226\255x%T\257\037\333\004\344_/R\006E\344\037@\210\363\010\336T\226\247'\204_{\261\370""1\235\2445\343\033Y!\212\201\341\272\225'\007\340m=\266\256\344\320\357\223\213\202\231\352\222\025\205\016\367J\326\030PT\356\273\231\377\233>\372\002\340\013\003""; }; "
1750527627510,1750527627511,0,1,3,2,TMLedgerData,"ledgerHash: ""\357&Q\217\267\303\356I\236\357\264\311b\037\366\035\253\343\311\265\240\327q\206f\262ODi\215-\363""; ledgerSeq: 29; type: liBASE; nodes {;   nodedata: ""\000\000\000\035\001cEx]\211\377\330\324`\214\221\314\000\211K\223+(""\200i \311\372g\254\343ZR0\224\275q\252\357\213\263\206N\000\000\000\000\000\000\000\000\000\000\000\000\000\000\000\000\000\000\000\000\000\000\000\000\000\000\000\000\000\000\000\000\260\352\002\024\353\260f{Ot\323\200ny\261`\324\3331\036>E2\305\340\207\003\215s\003\327\177/\351\253\006/\351\253\016\n\000""; }; nodes {;   nodedata: ""\323C\344\327\264{\312-\017:\006{\177\344N\002\326bO\260\220\006\033\362\345\005U\221DzJ0\001\301\025%1L\307\t\261\262z\374\222T\301\274V\236\223\262\270Ct\362\337b\356\024*\324\320\351\317\002k\336\234\027v\351\217\260\303\360\233ZPZWr\246$w\313\313\r\243r\232\2234\373\3539:N\004Q\245\272D\312D\300\300\t\323\0257\345e\271\na\215{\226\255x%T\257\037\333\004\344_/R\006E\344\037@\210\363\010\336T\226\247'\204_{\261\370""1\235\2445\343\033Y!\212\201\341\272\225'\007\340m=\266\256\344\320\357\223\213\202\231\352\222\025\205\016\367J\326\030PT\356\273\231\377\233>\372\002\340\013\003""; }; requestCookie: 3; ","ledgerHash: ""\357&Q\217\267\303\356I\236\357\264\311b\037\366\035\253\343\311\265\240\327q\206f\262ODi\215-\363""; ledgerSeq: 29; type: liBASE; nodes {;   nodedata: ""\000\000\000\035\001cEx]\211\377\330\324`\214\221\314\000\211K\223+(""\200i \311\372g\254\343ZR0\224\275q\252\357\213\263\206N\000\000\000\000\000\000\000\000\000\000\000\000\000\000\000\000\000\000\000\000\000\000\000\000\000\000\000\000\000\000\000\000\260\352\002\024\353\260f{Ot\323\200ny\261`\324\3331\036>E2\305\340\207\003\215s\003\327\177/\351\253\006/\351\253\016\n\000""; }; nodes {;   nodedata: ""\323C\344\327\264{\312-\017:\006{\177\344N\002\326bO\260\220\006\033\362\345\005U\221DzJ0\001\301\025%1L\307\t\261\262z\374\222T\301\274V\236\223\262\270Ct\362\337b\356\024*\324\320\351\317\002k\336\234\027v\351\217\260\303\360\233ZPZWr\246$w\313\313\r\243r\232\2234\373\3539:N\004Q\245\272D\312D\300\300\t\323\0257\345e\271\na\215{\226\255x%T\257\037\333\004\344_/R\006E\344\037@\210\363\010\336T\226\247'\204_{\261\370""1\235\2445\343\033Y!\212\201\341\272\225'\007\340m=\266\256\344\320\357\223\213\202\231\352\222\025\205\016\367J\326\030PT\356\273\231\377\233>\372\002\340\013\003""; }; requestCookie: 3; "
1750527627511,1750527627511,0,1,1,0,TMLedgerData,"ledgerHash: ""\357&Q\217\267\303\356I\236\357\264\311b\037\366\035\253\343\311\265\240\327q\206f\262ODi\215-\363""; ledgerSeq: 29; type: liBASE; nodes {;   nodedata: ""\000\000\000\035\001cEx]\211\377\330\324`\214\221\314\000\211K\223+(""\200i \311\372g\254\343ZR0\224\275q\252\357\213\263\206N\000\000\000\000\000\000\000\000\000\000\000\000\000\000\000\000\000\000\000\000\000\000\000\000\000\000\000\000\000\000\000\000\260\352\002\024\353\260f{Ot\323\200ny\261`\324\3331\036>E2\305\340\207\003\215s\003\327\177/\351\253\006/\351\253\016\n\000""; }; nodes {;   nodedata: ""\323C\344\327\264{\312-\017:\006{\177\344N\002\326bO\260\220\006\033\362\345\005U\221DzJ0\001\301\025%1L\307\t\261\262z\374\222T\301\274V\236\223\262\270Ct\362\337b\356\024*\324\320\351\317\002k\336\234\027v\351\217\260\303\360\233ZPZWr\246$w\313\313\r\243r\232\2234\373\3539:N\004Q\245\272D\312D\300\300\t\323\0257\345e\271\na\215{\226\255x%T\257\037\333\004\344_/R\006E\344\037@\210\363\010\336T\226\247'\204_{\261\370""1\235\2445\343\033Y!\212\201\341\272\225'\007\340m=\266\256\344\320\357\223\213\202\231\352\222\025\205\016\367J\326\030PT\356\273\231\377\233>\372\002\340\013\003""; }; ","ledgerHash: ""\357&Q\217\267\303\356I\236\357\264\311b\037\366\035\253\343\311\265\240\327q\206f\262ODi\215-\363""; ledgerSeq: 29; type: liBASE; nodes {;   nodedata: ""\000\000\000\035\001cEx]\211\377\330\324`\214\221\314\000\211K\223+(""\200i \311\372g\254\343ZR0\224\275q\252\357\213\263\206N\000\000\000\000\000\000\000\000\000\000\000\000\000\000\000\000\000\000\000\000\000\000\000\000\000\000\000\000\000\000\000\000\260\352\002\024\353\260f{Ot\323\200ny\261`\324\3331\036>E2\305\340\207\003\215s\003\327\177/\351\253\006/\351\253\016\n\000""; }; nodes {;   nodedata: ""\323C\344\327\264{\312-\017:\006{\177\344N\002\326bO\260\220\006\033\362\345\005U\221DzJ0\001\301\025%1L\307\t\261\262z\374\222T\301\274V\236\223\262\270Ct\362\337b\356\024*\324\320\351\317\002k\336\234\027v\351\217\260\303\360\233ZPZWr\246$w\313\313\r\243r\232\2234\373\3539:N\004Q\245\272D\312D\300\300\t\323\0257\345e\271\na\215{\226\255x%T\257\037\333\004\344_/R\006E\344\037@\210\363\010\336T\226\247'\204_{\261\370""1\235\2445\343\033Y!\212\201\341\272\225'\007\340m=\266\256\344\320\357\223\213\202\231\352\222\025\205\016\367J\326\030PT\356\273\231\377\233>\372\002\340\013\003""; }; "
1750527627512,1750527627512,0,1,1,2,TMLedgerData,"ledgerHash: ""\357&Q\217\267\303\356I\236\357\264\311b\037\366\035\253\343\311\265\240\327q\206f\262ODi\215-\363""; ledgerSeq: 29; type: liBASE; nodes {;   nodedata: ""\000\000\000\035\001cEx]\211\377\330\324`\214\221\314\000\211K\223+(""\200i \311\372g\254\343ZR0\224\275q\252\357\213\263\206N\000\000\000\000\000\000\000\000\000\000\000\000\000\000\000\000\000\000\000\000\000\000\000\000\000\000\000\000\000\000\000\000\260\352\002\024\353\260f{Ot\323\200ny\261`\324\3331\036>E2\305\340\207\003\215s\003\327\177/\351\253\006/\351\253\016\n\000""; }; nodes {;   nodedata: ""\323C\344\327\264{\312-\017:\006{\177\344N\002\326bO\260\220\006\033\362\345\005U\221DzJ0\001\301\025%1L\307\t\261\262z\374\222T\301\274V\236\223\262\270Ct\362\337b\356\024*\324\320\351\317\002k\336\234\027v\351\217\260\303\360\233ZPZWr\246$w\313\313\r\243r\232\2234\373\3539:N\004Q\245\272D\312D\300\300\t\323\0257\345e\271\na\215{\226\255x%T\257\037\333\004\344_/R\006E\344\037@\210\363\010\336T\226\247'\204_{\261\370""1\235\2445\343\033Y!\212\201\341\272\225'\007\340m=\266\256\344\320\357\223\213\202\231\352\222\025\205\016\367J\326\030PT\356\273\231\377\233>\372\002\340\013\003""; }; ","ledgerHash: ""\357&Q\217\267\303\356I\236\357\264\311b\037\366\035\253\343\311\265\240\327q\206f\262ODi\215-\363""; ledgerSeq: 29; type: liBASE; nodes {;   nodedata: ""\000\000\000\035\001cEx]\211\377\330\324`\214\221\314\000\211K\223+(""\200i \311\372g\254\343ZR0\224\275q\252\357\213\263\206N\000\000\000\000\000\000\000\000\000\000\000\000\000\000\000\000\000\000\000\000\000\000\000\000\000\000\000\000\000\000\000\000\260\352\002\024\353\260f{Ot\323\200ny\261`\324\3331\036>E2\305\340\207\003\215s\003\327\177/\351\253\006/\351\253\016\n\000""; }; nodes {;   nodedata: ""\323C\344\327\264{\312-\017:\006{\177\344N\002\326bO\260\220\006\033\362\345\005U\221DzJ0\001\301\025%1L\307\t\261\262z\374\222T\301\274V\236\223\262\270Ct\362\337b\356\024*\324\320\351\317\002k\336\234\027v\351\217\260\303\360\233ZPZWr\246$w\313\313\r\243r\232\2234\373\3539:N\004Q\245\272D\312D\300\300\t\323\0257\345e\271\na\215{\226\255x%T\257\037\333\004\344_/R\006E\344\037@\210\363\010\336T\226\247'\204_{\261\370""1\235\2445\343\033Y!\212\201\341\272\225'\007\340m=\266\256\344\320\357\223\213\202\231\352\222\025\205\016\367J\326\030PT\356\273\231\377\233>\372\002\340\013\003""; }; "
1750527627513,1750527627513,0,1,1,4,TMLedgerData,"ledgerHash: ""\357&Q\217\267\303\356I\236\357\264\311b\037\366\035\253\343\311\265\240\327q\206f\262ODi\215-\363""; ledgerSeq: 29; type: liBASE; nodes {;   nodedata: ""\000\000\000\035\001cEx]\211\377\330\324`\214\221\314\000\211K\223+(""\200i \311\372g\254\343ZR0\224\275q\252\357\213\263\206N\000\000\000\000\000\000\000\000\000\000\000\000\000\000\000\000\000\000\000\000\000\000\000\000\000\000\000\000\000\000\000\000\260\352\002\024\353\260f{Ot\323\200ny\261`\324\3331\036>E2\305\340\207\003\215s\003\327\177/\351\253\006/\351\253\016\n\000""; }; nodes {;   nodedata: ""\323C\344\327\264{\312-\017:\006{\177\344N\002\326bO\260\220\006\033\362\345\005U\221DzJ0\001\301\025%1L\307\t\261\262z\374\222T\301\274V\236\223\262\270Ct\362\337b\356\024*\324\320\351\317\002k\336\234\027v\351\217\260\303\360\233ZPZWr\246$w\313\313\r\243r\232\2234\373\3539:N\004Q\245\272D\312D\300\300\t\323\0257\345e\271\na\215{\226\255x%T\257\037\333\004\344_/R\006E\344\037@\210\363\010\336T\226\247'\204_{\261\370""1\235\2445\343\033Y!\212\201\341\272\225'\007\340m=\266\256\344\320\357\223\213\202\231\352\222\025\205\016\367J\326\030PT\356\273\231\377\233>\372\002\340\013\003""; }; ","ledgerHash: ""\357&Q\217\267\303\356I\236\357\264\311b\037\366\035\253\343\311\265\240\327q\206f\262ODi\215-\363""; ledgerSeq: 29; type: liBASE; nodes {;   nodedata: ""\000\000\000\035\001cEx]\211\377\330\324`\214\221\314\000\211K\223+(""\200i \311\372g\254\343ZR0\224\275q\252\357\213\263\206N\000\000\000\000\000\000\000\000\000\000\000\000\000\000\000\000\000\000\000\000\000\000\000\000\000\000\000\000\000\000\000\000\260\352\002\024\353\260f{Ot\323\200ny\261`\324\3331\036>E2\305\340\207\003\215s\003\327\177/\351\253\006/\351\253\016\n\000""; }; nodes {;   nodedata: ""\323C\344\327\264{\312-\017:\006{\177\344N\002\326bO\260\220\006\033\362\345\005U\221DzJ0\001\301\025%1L\307\t\261\262z\374\222T\301\274V\236\223\262\270Ct\362\337b\356\024*\324\320\351\317\002k\336\234\027v\351\217\260\303\360\233ZPZWr\246$w\313\313\r\243r\232\2234\373\3539:N\004Q\245\272D\312D\300\300\t\323\0257\345e\271\na\215{\226\255x%T\257\037\333\004\344_/R\006E\344\037@\210\363\010\336T\226\247'\204_{\261\370""1\235\2445\343\033Y!\212\201\341\272\225'\007\340m=\266\256\344\320\357\223\213\202\231\352\222\025\205\016\367J\326\030PT\356\273\231\377\233>\372\002\340\013\003""; }; "
1750527627514,1750527627514,0,1,0,2,TMLedgerData,"ledgerHash: ""\357&Q\217\267\303\356I\236\357\264\311b\037\366\035\253\343\311\265\240\327q\206f\262ODi\215-\363""; ledgerSeq: 29; type: liBASE; nodes {;   nodedata: ""\000\000\000\035\001cEx]\211\377\330\324`\214\221\314\000\211K\223+(""\200i \311\372g\254\343ZR0\224\275q\252\357\213\263\206N\000\000\000\000\000\000\000\000\000\000\000\000\000\000\000\000\000\000\000\000\000\000\000\000\000\000\000\000\000\000\000\000\260\352\002\024\353\260f{Ot\323\200ny\261`\324\3331\036>E2\305\340\207\003\215s\003\327\177/\351\253\006/\351\253\016\n\000""; }; nodes {;   nodedata: ""\323C\344\327\264{\312-\017:\006{\177\344N\002\326bO\260\220\006\033\362\345\005U\221DzJ0\001\301\025%1L\307\t\261\262z\374\222T\301\274V\236\223\262\270Ct\362\337b\356\024*\324\320\351\317\002k\336\234\027v\351\217\260\303\360\233ZPZWr\246$w\313\313\r\243r\232\2234\373\3539:N\004Q\245\272D\312D\300\300\t\323\0257\345e\271\na\215{\226\255x%T\257\037\333\004\344_/R\006E\344\037@\210\363\010\336T\226\247'\204_{\261\370""1\235\2445\343\033Y!\212\201\341\272\225'\007\340m=\266\256\344\320\357\223\213\202\231\352\222\025\205\016\367J\326\030PT\356\273\231\377\233>\372\002\340\013\003""; }; ","ledgerHash: ""\357&Q\217\267\303\356I\236\357\264\311b\037\366\035\253\343\311\265\240\327q\206f\262ODi\215-\363""; ledgerSeq: 29; type: liBASE; nodes {;   nodedata: ""\000\000\000\035\001cEx]\211\377\330\324`\214\221\314\000\211K\223+(""\200i \311\372g\254\343ZR0\224\275q\252\357\213\263\206N\000\000\000\000\000\000\000\000\000\000\000\000\000\000\000\000\000\000\000\000\000\000\000\000\000\000\000\000\000\000\000\000\260\352\002\024\353\260f{Ot\323\200ny\261`\324\3331\036>E2\305\340\207\003\215s\003\327\177/\351\253\006/\351\253\016\n\000""; }; nodes {;   nodedata: ""\323C\344\327\264{\312-\017:\006{\177\344N\002\326bO\260\220\006\033\362\345\005U\221DzJ0\001\301\025%1L\307\t\261\262z\374\222T\301\274V\236\223\262\270Ct\362\337b\356\024*\324\320\351\317\002k\336\234\027v\351\217\260\303\360\233ZPZWr\246$w\313\313\r\243r\232\2234\373\3539:N\004Q\245\272D\312D\300\300\t\323\0257\345e\271\na\215{\226\255x%T\257\037\333\004\344_/R\006E\344\037@\210\363\010\336T\226\247'\204_{\261\370""1\235\2445\343\033Y!\212\201\341\272\225'\007\340m=\266\256\344\320\357\223\213\202\231\352\222\025\205\016\367J\326\030PT\356\273\231\377\233>\372\002\340\013\003""; }; "
1750527627514,1750527627514,0,1,0,4,TMLedgerData,"ledgerHash: ""\357&Q\217\267\303\356I\236\357\264\311b\037\366\035\253\343\311\265\240\327q\206f\262ODi\215-\363""; ledgerSeq: 29; type: liBASE; nodes {;   nodedata: ""\000\000\000\035\001cEx]\211\377\330\324`\214\221\314\000\211K\223+(""\200i \311\372g\254\343ZR0\224\275q\252\357\213\263\206N\000\000\000\000\000\000\000\000\000\000\000\000\000\000\000\000\000\000\000\000\000\000\000\000\000\000\000\000\000\000\000\000\260\352\002\024\353\260f{Ot\323\200ny\261`\324\3331\036>E2\305\340\207\003\215s\003\327\177/\351\253\006/\351\253\016\n\000""; }; nodes {;   nodedata: ""\323C\344\327\264{\312-\017:\006{\177\344N\002\326bO\260\220\006\033\362\345\005U\221DzJ0\001\301\025%1L\307\t\261\262z\374\222T\301\274V\236\223\262\270Ct\362\337b\356\024*\324\320\351\317\002k\336\234\027v\351\217\260\303\360\233ZPZWr\246$w\313\313\r\243r\232\2234\373\3539:N\004Q\245\272D\312D\300\300\t\323\0257\345e\271\na\215{\226\255x%T\257\037\333\004\344_/R\006E\344\037@\210\363\010\336T\226\247'\204_{\261\370""1\235\2445\343\033Y!\212\201\341\272\225'\007\340m=\266\256\344\320\357\223\213\202\231\352\222\025\205\016\367J\326\030PT\356\273\231\377\233>\372\002\340\013\003""; }; ","ledgerHash: ""\357&Q\217\267\303\356I\236\357\264\311b\037\366\035\253\343\311\265\240\327q\206f\262ODi\215-\363""; ledgerSeq: 29; type: liBASE; nodes {;   nodedata: ""\000\000\000\035\001cEx]\211\377\330\324`\214\221\314\000\211K\223+(""\200i \311\372g\254\343ZR0\224\275q\252\357\213\263\206N\000\000\000\000\000\000\000\000\000\000\000\000\000\000\000\000\000\000\000\000\000\000\000\000\000\000\000\000\000\000\000\000\260\352\002\024\353\260f{Ot\323\200ny\261`\324\3331\036>E2\305\340\207\003\215s\003\327\177/\351\253\006/\351\253\016\n\000""; }; nodes {;   nodedata: ""\323C\344\327\264{\312-\017:\006{\177\344N\002\326bO\260\220\006\033\362\345\005U\221DzJ0\001\301\025%1L\307\t\261\262z\374\222T\301\274V\236\223\262\270Ct\362\337b\356\024*\324\320\351\317\002k\336\234\027v\351\217\260\303\360\233ZPZWr\246$w\313\313\r\243r\232\2234\373\3539:N\004Q\245\272D\312D\300\300\t\323\0257\345e\271\na\215{\226\255x%T\257\037\333\004\344_/R\006E\344\037@\210\363\010\336T\226\247'\204_{\261\370""1\235\2445\343\033Y!\212\201\341\272\225'\007\340m=\266\256\344\320\357\223\213\202\231\352\222\025\205\016\367J\326\030PT\356\273\231\377\233>\372\002\340\013\003""; }; "
1750527627515,1750527627515,0,1,0,1,TMLedgerData,"ledgerHash: ""\357&Q\217\267\303\356I\236\357\264\311b\037\366\035\253\343\311\265\240\327q\206f\262ODi\215-\363""; ledgerSeq: 29; type: liBASE; nodes {;   nodedata: ""\000\000\000\035\001cEx]\211\377\330\324`\214\221\314\000\211K\223+(""\200i \311\372g\254\343ZR0\224\275q\252\357\213\263\206N\000\000\000\000\000\000\000\000\000\000\000\000\000\000\000\000\000\000\000\000\000\000\000\000\000\000\000\000\000\000\000\000\260\352\002\024\353\260f{Ot\323\200ny\261`\324\3331\036>E2\305\340\207\003\215s\003\327\177/\351\253\006/\351\253\016\n\000""; }; nodes {;   nodedata: ""\323C\344\327\264{\312-\017:\006{\177\344N\002\326bO\260\220\006\033\362\345\005U\221DzJ0\001\301\025%1L\307\t\261\262z\374\222T\301\274V\236\223\262\270Ct\362\337b\356\024*\324\320\351\317\002k\336\234\027v\351\217\260\303\360\233ZPZWr\246$w\313\313\r\243r\232\2234\373\3539:N\004Q\245\272D\312D\300\300\t\323\0257\345e\271\na\215{\226\255x%T\257\037\333\004\344_/R\006E\344\037@\210\363\010\336T\226\247'\204_{\261\370""1\235\2445\343\033Y!\212\201\341\272\225'\007\340m=\266\256\344\320\357\223\213\202\231\352\222\025\205\016\367J\326\030PT\356\273\231\377\233>\372\002\340\013\003""; }; ","ledgerHash: ""\357&Q\217\267\303\356I\236\357\264\311b\037\366\035\253\343\311\265\240\327q\206f\262ODi\215-\363""; ledgerSeq: 29; type: liBASE; nodes {;   nodedata: ""\000\000\000\035\001cEx]\211\377\330\324`\214\221\314\000\211K\223+(""\200i \311\372g\254\343ZR0\224\275q\252\357\213\263\206N\000\000\000\000\000\000\000\000\000\000\000\000\000\000\000\000\000\000\000\000\000\000\000\000\000\000\000\000\000\000\000\000\260\352\002\024\353\260f{Ot\323\200ny\261`\324\3331\036>E2\305\340\207\003\215s\003\327\177/\351\253\006/\351\253\016\n\000""; }; nodes {;   nodedata: ""\323C\344\327\264{\312-\017:\006{\177\344N\002\326bO\260\220\006\033\362\345\005U\221DzJ0\001\301\025%1L\307\t\261\262z\374\222T\301\274V\236\223\262\270Ct\362\337b\356\024*\324\320\351\317\002k\336\234\027v\351\217\260\303\360\233ZPZWr\246$w\313\313\r\243r\232\2234\373\3539:N\004Q\245\272D\312D\300\300\t\323\0257\345e\271\na\215{\226\255x%T\257\037\333\004\344_/R\006E\344\037@\210\363\010\336T\226\247'\204_{\261\370""1\235\2445\343\033Y!\212\201\341\272\225'\007\340m=\266\256\344\320\357\223\213\202\231\352\222\025\205\016\367J\326\030PT\356\273\231\377\233>\372\002\340\013\003""; }; "
1750527627518,1750527627518,0,1,2,1,TMLedgerData,"ledgerHash: ""\357&Q\217\267\303\356I\236\357\264\311b\037\366\035\253\343\311\265\240\327q\206f\262ODi\215-\363""; ledgerSeq: 29; type: liBASE; nodes {;   nodedata: ""\000\000\000\035\001cEx]\211\377\330\324`\214\221\314\000\211K\223+(""\200i \311\372g\254\343ZR0\224\275q\252\357\213\263\206N\000\000\000\000\000\000\000\000\000\000\000\000\000\000\000\000\000\000\000\000\000\000\000\000\000\000\000\000\000\000\000\000\260\352\002\024\353\260f{Ot\323\200ny\261`\324\3331\036>E2\305\340\207\003\215s\003\327\177/\351\253\006/\351\253\016\n\000""; }; nodes {;   nodedata: ""\323C\344\327\264{\312-\017:\006{\177\344N\002\326bO\260\220\006\033\362\345\005U\221DzJ0\001\301\025%1L\307\t\261\262z\374\222T\301\274V\236\223\262\270Ct\362\337b\356\024*\324\320\351\317\002k\336\234\027v\351\217\260\303\360\233ZPZWr\246$w\313\313\r\243r\232\2234\373\3539:N\004Q\245\272D\312D\300\300\t\323\0257\345e\271\na\215{\226\255x%T\257\037\333\004\344_/R\006E\344\037@\210\363\010\336T\226\247'\204_{\261\370""1\235\2445\343\033Y!\212\201\341\272\225'\007\340m=\266\256\344\320\357\223\213\202\231\352\222\025\205\016\367J\326\030PT\356\273\231\377\233>\372\002\340\013\003""; }; ","ledgerHash: ""\357&Q\217\267\303\356I\236\357\264\311b\037\366\035\253\343\311\265\240\327q\206f\262ODi\215-\363""; ledgerSeq: 29; type: liBASE; nodes {;   nodedata: ""\000\000\000\035\001cEx]\211\377\330\324`\214\221\314\000\211K\223+(""\200i \311\372g\254\343ZR0\224\275q\252\357\213\263\206N\000\000\000\000\000\000\000\000\000\000\000\000\000\000\000\000\000\000\000\000\000\000\000\000\000\000\000\000\000\000\000\000\260\352\002\024\353\260f{Ot\323\200ny\261`\324\3331\036>E2\305\340\207\003\215s\003\327\177/\351\253\006/\351\253\016\n\000""; }; nodes {;   nodedata: ""\323C\344\327\264{\312-\017:\006{\177\344N\002\326bO\260\220\006\033\362\345\005U\221DzJ0\001\301\025%1L\307\t\261\262z\374\222T\301\274V\236\223\262\270Ct\362\337b\356\024*\324\320\351\317\002k\336\234\027v\351\217\260\303\360\233ZPZWr\246$w\313\313\r\243r\232\2234\373\3539:N\004Q\245\272D\312D\300\300\t\323\0257\345e\271\na\215{\226\255x%T\257\037\333\004\344_/R\006E\344\037@\210\363\010\336T\226\247'\204_{\261\370""1\235\2445\343\033Y!\212\201\341\272\225'\007\340m=\266\256\344\320\357\223\213\202\231\352\222\025\205\016\367J\326\030PT\356\273\231\377\233>\372\002\340\013\003""; }; "
1750527627610,1750527627610,0,1,4,2,TMStatusChange,"newEvent: neACCEPTED_LEDGER; ledgerSeq: 29; ledgerHash: ""\357&Q\217\267\303\356I\236\357\264\311b\037\366\035\253\343\311\265\240\327q\206f\262ODi\215-\363""; ledgerHashPrevious: ""\324`\214\221\314\000\211K\223+(""\200i \311\372g\254\343ZR0\224\275q\252\357\213\263\206N""; networkTime: 803842827; firstSeq: 1; lastSeq: 28; ","newEvent: neACCEPTED_LEDGER; ledgerSeq: 29; ledgerHash: ""\357&Q\217\267\303\356I\236\357\264\311b\037\366\035\253\343\311\265\240\327q\206f\262ODi\215-\363""; ledgerHashPrevious: ""\324`\214\221\314\000\211K\223+(""\200i \311\372g\254\343ZR0\224\275q\252\357\213\263\206N""; networkTime: 803842827; firstSeq: 1; lastSeq: 28; "
1750527627611,1750527627611,0,1,4,0,TMStatusChange,"newEvent: neACCEPTED_LEDGER; ledgerSeq: 29; ledgerHash: ""\357&Q\217\267\303\356I\236\357\264\311b\037\366\035\253\343\311\265\240\327q\206f\262ODi\215-\363""; ledgerHashPrevious: ""\324`\214\221\314\000\211K\223+(""\200i \311\372g\254\343ZR0\224\275q\252\357\213\263\206N""; networkTime: 803842827; firstSeq: 1; lastSeq: 28; ","newEvent: neACCEPTED_LEDGER; ledgerSeq: 29; ledgerHash: ""\357&Q\217\267\303\356I\236\357\264\311b\037\366\035\253\343\311\265\240\327q\206f\262ODi\215-\363""; ledgerHashPrevious: ""\324`\214\221\314\000\211K\223+(""\200i \311\372g\254\343ZR0\224\275q\252\357\213\263\206N""; networkTime: 803842827; firstSeq: 1; lastSeq: 28; "
1750527627611,1750527627611,0,1,4,3,TMStatusChange,"newEvent: neACCEPTED_LEDGER; ledgerSeq: 29; ledgerHash: ""\357&Q\217\267\303\356I\236\357\264\311b\037\366\035\253\343\311\265\240\327q\206f\262ODi\215-\363""; ledgerHashPrevious: ""\324`\214\221\314\000\211K\223+(""\200i \311\372g\254\343ZR0\224\275q\252\357\213\263\206N""; networkTime: 803842827; firstSeq: 1; lastSeq: 28; ","newEvent: neACCEPTED_LEDGER; ledgerSeq: 29; ledgerHash: ""\357&Q\217\267\303\356I\236\357\264\311b\037\366\035\253\343\311\265\240\327q\206f\262ODi\215-\363""; ledgerHashPrevious: ""\324`\214\221\314\000\211K\223+(""\200i \311\372g\254\343ZR0\224\275q\252\357\213\263\206N""; networkTime: 803842827; firstSeq: 1; lastSeq: 28; "
1750527627611,1750527627611,0,1,4,1,TMStatusChange,"newEvent: neACCEPTED_LEDGER; ledgerSeq: 29; ledgerHash: ""\357&Q\217\267\303\356I\236\357\264\311b\037\366\035\253\343\311\265\240\327q\206f\262ODi\215-\363""; ledgerHashPrevious: ""\324`\214\221\314\000\211K\223+(""\200i \311\372g\254\343ZR0\224\275q\252\357\213\263\206N""; networkTime: 803842827; firstSeq: 1; lastSeq: 28; ","newEvent: neACCEPTED_LEDGER; ledgerSeq: 29; ledgerHash: ""\357&Q\217\267\303\356I\236\357\264\311b\037\366\035\253\343\311\265\240\327q\206f\262ODi\215-\363""; ledgerHashPrevious: ""\324`\214\221\314\000\211K\223+(""\200i \311\372g\254\343ZR0\224\275q\252\357\213\263\206N""; networkTime: 803842827; firstSeq: 1; lastSeq: 28; "
1750527627654,1750527627655,0,1,4,2,TMValidation,"validation: """"\200\000\000\001&\000\000\000\035)/\351\253\013:\r\302\353\023?\373\240rQ\357&Q\217\267\303\356I\236\357\264\311b\037\366\035\253\343\311\265\240\327q\206f\262ODi\215-\363P\027\000\000\000\000\000\000\000\000\000\000\000\000\000\000\000\000\000\000\000\000\000\000\000\000\000\000\000\000\000\000\000\000P\031\324`\214\221\314\000\211K\223+(""\200i \311\372g\254\343ZR0\224\275q\252\357\213\263\206Ns!\003R7o\362bV\300hf\266\241;}\200^\374\240\203[:\342Q\225\221\027y\372\255\235\216\323~vF0D\002 y\026\244\304~\375J\2570<\212\0272\002\225\211J\304\256L\3053\317\370\260\370\306Vk[A&\002 \016\301\352\004\326%\010\035\344\211\340\203\323\022\312\337-\216g~?Lh]TUm2r\217%z""; ","validation: """"\200\000\000\001&\000\000\000\035)/\351\253\013:\r\302\353\023?\373\240rQ\357&Q\217\267\303\356I\236\357\264\311b\037\366\035\253\343\311\265\240\327q\206f\262ODi\215-\363P\027\000\000\000\000\000\000\000\000\000\000\000\000\000\000\000\000\000\000\000\000\000\000\000\000\000\000\000\000\000\000\000\000P\031\324`\214\221\314\000\211K\223+(""\200i \311\372g\254\343ZR0\224\275q\252\357\213\263\206Ns!\003R7o\362bV\300hf\266\241;}\200^\374\240\203[:\342Q\225\221\027y\372\255\235\216\323~vF0D\002 y\026\244\304~\375J\2570<\212\0272\002\225\211J\304\256L\3053\317\370\260\370\306Vk[A&\002 \016\301\352\004\326%\010\035\344\211\340\203\323\022\312\337-\216g~?Lh]TUm2r\217%z""; "
1750527627655,1750527627655,0,1,4,1,TMValidation,"validation: """"\200\000\000\001&\000\000\000\035)/\351\253\013:\r\302\353\023?\373\240rQ\357&Q\217\267\303\356I\236\357\264\311b\037\366\035\253\343\311\265\240\327q\206f\262ODi\215-\363P\027\000\000\000\000\000\000\000\000\000\000\000\000\000\000\000\000\000\000\000\000\000\000\000\000\000\000\000\000\000\000\000\000P\031\324`\214\221\314\000\211K\223+(""\200i \311\372g\254\343ZR0\224\275q\252\357\213\263\206Ns!\003R7o\362bV\300hf\266\241;}\200^\374\240\203[:\342Q\225\221\027y\372\255\235\216\323~vF0D\002 y\026\244\304~\375J\2570<\212\0272\002\225\211J\304\256L\3053\317\370\260\370\306Vk[A&\002 \016\301\352\004\326%\010\035\344\211\340\203\323\022\312\337-\216g~?Lh]TUm2r\217%z""; ","validation: """"\200\000\000\001&\000\000\000\035)/\351\253\013:\r\302\353\023?\373\240rQ\357&Q\217\267\303\356I\236\357\264\311b\037\366\035\253\343\311\265\240\327q\206f\262ODi\215-\363P\027\000\000\000\000\000\000\000\000\000\000\000\000\000\000\000\000\000\000\000\000\000\000\000\000\000\000\000\000\000\000\000\000P\031\324`\214\221\314\000\211K\223+(""\200i \311\372g\254\343ZR0\224\275q\252\357\213\263\206Ns!\003R7o\362bV\300hf\266\241;}\200^\374\240\203[:\342Q\225\221\027y\372\255\235\216\323~vF0D\002 y\026\244\304~\375J\2570<\212\0272\002\225\211J\304\256L\3053\317\370\260\370\306Vk[A&\002 \016\301\352\004\326%\010\035\344\211\340\203\323\022\312\337-\216g~?Lh]TUm2r\217%z""; "
1750527627655,1750527627655,0,1,4,3,TMValidation,"validation: """"\200\000\000\001&\000\000\000\035)/\351\253\013:\r\302\353\023?\373\240rQ\357&Q\217\267\303\356I\236\357\264\311b\037\366\035\253\343\311\265\240\327q\206f\262ODi\215-\363P\027\000\000\000\000\000\000\000\000\000\000\000\000\000\000\000\000\000\000\000\000\000\000\000\000\000\000\000\000\000\000\000\000P\031\324`\214\221\314\000\211K\223+(""\200i \311\372g\254\343ZR0\224\275q\252\357\213\263\206Ns!\003R7o\362bV\300hf\266\241;}\200^\374\240\203[:\342Q\225\221\027y\372\255\235\216\323~vF0D\002 y\026\244\304~\375J\2570<\212\0272\002\225\211J\304\256L\3053\317\370\260\370\306Vk[A&\002 \016\301\352\004\326%\010\035\344\211\340\203\323\022\312\337-\216g~?Lh]TUm2r\217%z""; ","validation: """"\200\000\000\001&\000\000\000\035)/\351\253\013:\r\302\353\023?\373\240rQ\357&Q\217\267\303\356I\236\357\264\311b\037\366\035\253\343\311\265\240\327q\206f\262ODi\215-\363P\027\000\000\000\000\000\000\000\000\000\000\000\000\000\000\000\000\000\000\000\000\000\000\000\000\000\000\000\000\000\000\000\000P\031\324`\214\221\314\000\211K\223+(""\200i \311\372g\254\343ZR0\224\275q\252\357\213\263\206Ns!\003R7o\362bV\300hf\266\241;}\200^\374\240\203[:\342Q\225\221\027y\372\255\235\216\323~vF0D\002 y\026\244\304~\375J\2570<\212\0272\002\225\211J\304\256L\3053\317\370\260\370\306Vk[A&\002 \016\301\352\004\326%\010\035\344\211\340\203\323\022\312\337-\216g~?Lh]TUm2r\217%z""; "
1750527627655,1750527627655,0,1,4,0,TMValidation,"validation: """"\200\000\000\001&\000\000\000\035)/\351\253\013:\r\302\353\023?\373\240rQ\357&Q\217\267\303\356I\236\357\264\311b\037\366\035\253\343\311\265\240\327q\206f\262ODi\215-\363P\027\000\000\000\000\000\000\000\000\000\000\000\000\000\000\000\000\000\000\000\000\000\000\000\000\000\000\000\000\000\000\000\000P\031\324`\214\221\314\000\211K\223+(""\200i \311\372g\254\343ZR0\224\275q\252\357\213\263\206Ns!\003R7o\362bV\300hf\266\241;}\200^\374\240\203[:\342Q\225\221\027y\372\255\235\216\323~vF0D\002 y\026\244\304~\375J\2570<\212\0272\002\225\211J\304\256L\3053\317\370\260\370\306Vk[A&\002 \016\301\352\004\326%\010\035\344\211\340\203\323\022\312\337-\216g~?Lh]TUm2r\217%z""; ","validation: """"\200\000\000\001&\000\000\000\035)/\351\253\013:\r\302\353\023?\373\240rQ\357&Q\217\267\303\356I\236\357\264\311b\037\366\035\253\343\311\265\240\327q\206f\262ODi\215-\363P\027\000\000\000\000\000\000\000\000\000\000\000\000\000\000\000\000\000\000\000\000\000\000\000\000\000\000\000\000\000\000\000\000P\031\324`\214\221\314\000\211K\223+(""\200i \311\372g\254\343ZR0\224\275q\252\357\213\263\206Ns!\003R7o\362bV\300hf\266\241;}\200^\374\240\203[:\342Q\225\221\027y\372\255\235\216\323~vF0D\002 y\026\244\304~\375J\2570<\212\0272\002\225\211J\304\256L\3053\317\370\260\370\306Vk[A&\002 \016\301\352\004\326%\010\035\344\211\340\203\323\022\312\337-\216g~?Lh]TUm2r\217%z""; "
1750527627657,1750527627657,0,1,2,3,TMValidation,"validation: """"\200\000\000\001&\000\000\000\035)/\351\253\013:\r\302\353\023?\373\240rQ\357&Q\217\267\303\356I\236\357\264\311b\037\366\035\253\343\311\265\240\327q\206f\262ODi\215-\363P\027\000\000\000\000\000\000\000\000\000\000\000\000\000\000\000\000\000\000\000\000\000\000\000\000\000\000\000\000\000\000\000\000P\031\324`\214\221\314\000\211K\223+(""\200i \311\372g\254\343ZR0\224\275q\252\357\213\263\206Ns!\003R7o\362bV\300hf\266\241;}\200^\374\240\203[:\342Q\225\221\027y\372\255\235\216\323~vF0D\002 y\026\244\304~\375J\2570<\212\0272\002\225\211J\304\256L\3053\317\370\260\370\306Vk[A&\002 \016\301\352\004\326%\010\035\344\211\340\203\323\022\312\337-\216g~?Lh]TUm2r\217%z""; ","validation: """"\200\000\000\001&\000\000\000\035)/\351\253\013:\r\302\353\023?\373\240rQ\357&Q\217\267\303\356I\236\357\264\311b\037\366\035\253\343\311\265\240\327q\206f\262ODi\215-\363P\027\000\000\000\000\000\000\000\000\000\000\000\000\000\000\000\000\000\000\000\000\000\000\000\000\000\000\000\000\000\000\000\000P\031\324`\214\221\314\000\211K\223+(""\200i \311\372g\254\343ZR0\224\275q\252\357\213\263\206Ns!\003R7o\362bV\300hf\266\241;}\200^\374\240\203[:\342Q\225\221\027y\372\255\235\216\323~vF0D\002 y\026\244\304~\375J\2570<\212\0272\002\225\211J\304\256L\3053\317\370\260\370\306Vk[A&\002 \016\301\352\004\326%\010\035\344\211\340\203\323\022\312\337-\216g~?Lh]TUm2r\217%z""; "
1750527627658,1750527627658,0,1,2,1,TMValidation,"validation: """"\200\000\000\001&\000\000\000\035)/\351\253\013:\r\302\353\023?\373\240rQ\357&Q\217\267\303\356I\236\357\264\311b\037\366\035\253\343\311\265\240\327q\206f\262ODi\215-\363P\027\000\000\000\000\000\000\000\000\000\000\000\000\000\000\000\000\000\000\000\000\000\000\000\000\000\000\000\000\000\000\000\000P\031\324`\214\221\314\000\211K\223+(""\200i \311\372g\254\343ZR0\224\275q\252\357\213\263\206Ns!\003R7o\362bV\300hf\266\241;}\200^\374\240\203[:\342Q\225\221\027y\372\255\235\216\323~vF0D\002 y\026\244\304~\375J\2570<\212\0272\002\225\211J\304\256L\3053\317\370\260\370\306Vk[A&\002 \016\301\352\004\326%\010\035\344\211\340\203\323\022\312\337-\216g~?Lh]TUm2r\217%z""; ","validation: """"\200\000\000\001&\000\000\000\035)/\351\253\013:\r\302\353\023?\373\240rQ\357&Q\217\267\303\356I\236\357\264\311b\037\366\035\253\343\311\265\240\327q\206f\262ODi\215-\363P\027\000\000\000\000\000\000\000\000\000\000\000\000\000\000\000\000\000\000\000\000\000\000\000\000\000\000\000\000\000\000\000\000P\031\324`\214\221\314\000\211K\223+(""\200i \311\372g\254\343ZR0\224\275q\252\357\213\263\206Ns!\003R7o\362bV\300hf\266\241;}\200^\374\240\203[:\342Q\225\221\027y\372\255\235\216\323~vF0D\002 y\026\244\304~\375J\2570<\212\0272\002\225\211J\304\256L\3053\317\370\260\370\306Vk[A&\002 \016\301\352\004\326%\010\035\344\211\340\203\323\022\312\337-\216g~?Lh]TUm2r\217%z""; "
1750527627659,1750527627659,0,1,1,3,TMValidation,"validation: """"\200\000\000\001&\000\000\000\035)/\351\253\013:\r\302\353\023?\373\240rQ\357&Q\217\267\303\356I\236\357\264\311b\037\366\035\253\343\311\265\240\327q\206f\262ODi\215-\363P\027\000\000\000\000\000\000\000\000\000\000\000\000\000\000\000\000\000\000\000\000\000\000\000\000\000\000\000\000\000\000\000\000P\031\324`\214\221\314\000\211K\223+(""\200i \311\372g\254\343ZR0\224\275q\252\357\213\263\206Ns!\003R7o\362bV\300hf\266\241;}\200^\374\240\203[:\342Q\225\221\027y\372\255\235\216\323~vF0D\002 y\026\244\304~\375J\2570<\212\0272\002\225\211J\304\256L\3053\317\370\260\370\306Vk[A&\002 \016\301\352\004\326%\010\035\344\211\340\203\323\022\312\337-\216g~?Lh]TUm2r\217%z""; ","validation: """"\200\000\000\001&\000\000\000\035)/\351\253\013:\r\302\353\023?\373\240rQ\357&Q\217\267\303\356I\236\357\264\311b\037\366\035\253\343\311\265\240\327q\206f\262ODi\215-\363P\027\000\000\000\000\000\000\000\000\000\000\000\000\000\000\000\000\000\000\000\000\000\000\000\000\000\000\000\000\000\000\000\000P\031\324`\214\221\314\000\211K\223+(""\200i \311\372g\254\343ZR0\224\275q\252\357\213\263\206Ns!\003R7o\362bV\300hf\266\241;}\200^\374\240\203[:\342Q\225\221\027y\372\255\235\216\323~vF0D\002 y\026\244\304~\375J\2570<\212\0272\002\225\211J\304\256L\3053\317\370\260\370\306Vk[A&\002 \016\301\352\004\326%\010\035\344\211\340\203\323\022\312\337-\216g~?Lh]TUm2r\217%z""; "
1750527627658,1750527627658,0,1,2,0,TMValidation,"validation: """"\200\000\000\001&\000\000\000\035)/\351\253\013:\r\302\353\023?\373\240rQ\357&Q\217\267\303\356I\236\357\264\311b\037\366\035\253\343\311\265\240\327q\206f\262ODi\215-\363P\027\000\000\000\000\000\000\000\000\000\000\000\000\000\000\000\000\000\000\000\000\000\000\000\000\000\000\000\000\000\000\000\000P\031\324`\214\221\314\000\211K\223+(""\200i \311\372g\254\343ZR0\224\275q\252\357\213\263\206Ns!\003R7o\362bV\300hf\266\241;}\200^\374\240\203[:\342Q\225\221\027y\372\255\235\216\323~vF0D\002 y\026\244\304~\375J\2570<\212\0272\002\225\211J\304\256L\3053\317\370\260\370\306Vk[A&\002 \016\301\352\004\326%\010\035\344\211\340\203\323\022\312\337-\216g~?Lh]TUm2r\217%z""; ","validation: """"\200\000\000\001&\000\000\000\035)/\351\253\013:\r\302\353\023?\373\240rQ\357&Q\217\267\303\356I\236\357\264\311b\037\366\035\253\343\311\265\240\327q\206f\262ODi\215-\363P\027\000\000\000\000\000\000\000\000\000\000\000\000\000\000\000\000\000\000\000\000\000\000\000\000\000\000\000\000\000\000\000\000P\031\324`\214\221\314\000\211K\223+(""\200i \311\372g\254\343ZR0\224\275q\252\357\213\263\206Ns!\003R7o\362bV\300hf\266\241;}\200^\374\240\203[:\342Q\225\221\027y\372\255\235\216\323~vF0D\002 y\026\244\304~\375J\2570<\212\0272\002\225\211J\304\256L\3053\317\370\260\370\306Vk[A&\002 \016\301\352\004\326%\010\035\344\211\340\203\323\022\312\337-\216g~?Lh]TUm2r\217%z""; "
1750527627660,1750527627660,0,1,1,2,TMValidation,"validation: """"\200\000\000\001&\000\000\000\035)/\351\253\013:\r\302\353\023?\373\240rQ\357&Q\217\267\303\356I\236\357\264\311b\037\366\035\253\343\311\265\240\327q\206f\262ODi\215-\363P\027\000\000\000\000\000\000\000\000\000\000\000\000\000\000\000\000\000\000\000\000\000\000\000\000\000\000\000\000\000\000\000\000P\031\324`\214\221\314\000\211K\223+(""\200i \311\372g\254\343ZR0\224\275q\252\357\213\263\206Ns!\003R7o\362bV\300hf\266\241;}\200^\374\240\203[:\342Q\225\221\027y\372\255\235\216\323~vF0D\002 y\026\244\304~\375J\2570<\212\0272\002\225\211J\304\256L\3053\317\370\260\370\306Vk[A&\002 \016\301\352\004\326%\010\035\344\211\340\203\323\022\312\337-\216g~?Lh]TUm2r\217%z""; ","validation: """"\200\000\000\001&\000\000\000\035)/\351\253\013:\r\302\353\023?\373\240rQ\357&Q\217\267\303\356I\236\357\264\311b\037\366\035\253\343\311\265\240\327q\206f\262ODi\215-\363P\027\000\000\000\000\000\000\000\000\000\000\000\000\000\000\000\000\000\000\000\000\000\000\000\000\000\000\000\000\000\000\000\000P\031\324`\214\221\314\000\211K\223+(""\200i \311\372g\254\343ZR0\224\275q\252\357\213\263\206Ns!\003R7o\362bV\300hf\266\241;}\200^\374\240\203[:\342Q\225\221\027y\372\255\235\216\323~vF0D\002 y\026\244\304~\375J\2570<\212\0272\002\225\211J\304\256L\3053\317\370\260\370\306Vk[A&\002 \016\301\352\004\326%\010\035\344\211\340\203\323\022\312\337-\216g~?Lh]TUm2r\217%z""; "
1750527627660,1750527627660,0,1,1,0,TMValidation,"validation: """"\200\000\000\001&\000\000\000\035)/\351\253\013:\r\302\353\023?\373\240rQ\357&Q\217\267\303\356I\236\357\264\311b\037\366\035\253\343\311\265\240\327q\206f\262ODi\215-\363P\027\000\000\000\000\000\000\000\000\000\000\000\000\000\000\000\000\000\000\000\000\000\000\000\000\000\000\000\000\000\000\000\000P\031\324`\214\221\314\000\211K\223+(""\200i \311\372g\254\343ZR0\224\275q\252\357\213\263\206Ns!\003R7o\362bV\300hf\266\241;}\200^\374\240\203[:\342Q\225\221\027y\372\255\235\216\323~vF0D\002 y\026\244\304~\375J\2570<\212\0272\002\225\211J\304\256L\3053\317\370\260\370\306Vk[A&\002 \016\301\352\004\326%\010\035\344\211\340\203\323\022\312\337-\216g~?Lh]TUm2r\217%z""; ","validation: """"\200\000\000\001&\000\000\000\035)/\351\253\013:\r\302\353\023?\373\240rQ\357&Q\217\267\303\356I\236\357\264\311b\037\366\035\253\343\311\265\240\327q\206f\262ODi\215-\363P\027\000\000\000\000\000\000\000\000\000\000\000\000\000\000\000\000\000\000\000\000\000\000\000\000\000\000\000\000\000\000\000\000P\031\324`\214\221\314\000\211K\223+(""\200i \311\372g\254\343ZR0\224\275q\252\357\213\263\206Ns!\003R7o\362bV\300hf\266\241;}\200^\374\240\203[:\342Q\225\221\027y\372\255\235\216\323~vF0D\002 y\026\244\304~\375J\2570<\212\0272\002\225\211J\304\256L\3053\317\370\260\370\306Vk[A&\002 \016\301\352\004\326%\010\035\344\211\340\203\323\022\312\337-\216g~?Lh]TUm2r\217%z""; "
1750527627661,1750527627661,0,1,3,2,TMValidation,"validation: """"\200\000\000\001&\000\000\000\035)/\351\253\013:\r\302\353\023?\373\240rQ\357&Q\217\267\303\356I\236\357\264\311b\037\366\035\253\343\311\265\240\327q\206f\262ODi\215-\363P\027\000\000\000\000\000\000\000\000\000\000\000\000\000\000\000\000\000\000\000\000\000\000\000\000\000\000\000\000\000\000\000\000P\031\324`\214\221\314\000\211K\223+(""\200i \311\372g\254\343ZR0\224\275q\252\357\213\263\206Ns!\003R7o\362bV\300hf\266\241;}\200^\374\240\203[:\342Q\225\221\027y\372\255\235\216\323~vF0D\002 y\026\244\304~\375J\2570<\212\0272\002\225\211J\304\256L\3053\317\370\260\370\306Vk[A&\002 \016\301\352\004\326%\010\035\344\211\340\203\323\022\312\337-\216g~?Lh]TUm2r\217%z""; ","validation: """"\200\000\000\001&\000\000\000\035)/\351\253\013:\r\302\353\023?\373\240rQ\357&Q\217\267\303\356I\236\357\264\311b\037\366\035\253\343\311\265\240\327q\206f\262ODi\215-\363P\027\000\000\000\000\000\000\000\000\000\000\000\000\000\000\000\000\000\000\000\000\000\000\000\000\000\000\000\000\000\000\000\000P\031\324`\214\221\314\000\211K\223+(""\200i \311\372g\254\343ZR0\224\275q\252\357\213\263\206Ns!\003R7o\362bV\300hf\266\241;}\200^\374\240\203[:\342Q\225\221\027y\372\255\235\216\323~vF0D\002 y\026\244\304~\375J\2570<\212\0272\002\225\211J\304\256L\3053\317\370\260\370\306Vk[A&\002 \016\301\352\004\326%\010\035\344\211\340\203\323\022\312\337-\216g~?Lh]TUm2r\217%z""; "
1750527627662,1750527627662,0,1,3,0,TMValidation,"validation: """"\200\000\000\001&\000\000\000\035)/\351\253\013:\r\302\353\023?\373\240rQ\357&Q\217\267\303\356I\236\357\264\311b\037\366\035\253\343\311\265\240\327q\206f\262ODi\215-\363P\027\000\000\000\000\000\000\000\000\000\000\000\000\000\000\000\000\000\000\000\000\000\000\000\000\000\000\000\000\000\000\000\000P\031\324`\214\221\314\000\211K\223+(""\200i \311\372g\254\343ZR0\224\275q\252\357\213\263\206Ns!\003R7o\362bV\300hf\266\241;}\200^\374\240\203[:\342Q\225\221\027y\372\255\235\216\323~vF0D\002 y\026\244\304~\375J\2570<\212\0272\002\225\211J\304\256L\3053\317\370\260\370\306Vk[A&\002 \016\301\352\004\326%\010\035\344\211\340\203\323\022\312\337-\216g~?Lh]TUm2r\217%z""; ","validation: """"\200\000\000\001&\000\000\000\035)/\351\253\013:\r\302\353\023?\373\240rQ\357&Q\217\267\303\356I\236\357\264\311b\037\366\035\253\343\311\265\240\327q\206f\262ODi\215-\363P\027\000\000\000\000\000\000\000\000\000\000\000\000\000\000\000\000\000\000\000\000\000\000\000\000\000\000\000\000\000\000\000\000P\031\324`\214\221\314\000\211K\223+(""\200i \311\372g\254\343ZR0\224\275q\252\357\213\263\206Ns!\003R7o\362bV\300hf\266\241;}\200^\374\240\203[:\342Q\225\221\027y\372\255\235\216\323~vF0D\002 y\026\244\304~\375J\2570<\212\0272\002\225\211J\304\256L\3053\317\370\260\370\306Vk[A&\002 \016\301\352\004\326%\010\035\344\211\340\203\323\022\312\337-\216g~?Lh]TUm2r\217%z""; "
1750527627662,1750527627662,0,1,3,1,TMValidation,"validation: """"\200\000\000\001&\000\000\000\035)/\351\253\013:\r\302\353\023?\373\240rQ\357&Q\217\267\303\356I\236\357\264\311b\037\366\035\253\343\311\265\240\327q\206f\262ODi\215-\363P\027\000\000\000\000\000\000\000\000\000\000\000\000\000\000\000\000\000\000\000\000\000\000\000\000\000\000\000\000\000\000\000\000P\031\324`\214\221\314\000\211K\223+(""\200i \311\372g\254\343ZR0\224\275q\252\357\213\263\206Ns!\003R7o\362bV\300hf\266\241;}\200^\374\240\203[:\342Q\225\221\027y\372\255\235\216\323~vF0D\002 y\026\244\304~\375J\2570<\212\0272\002\225\211J\304\256L\3053\317\370\260\370\306Vk[A&\002 \016\301\352\004\326%\010\035\344\211\340\203\323\022\312\337-\216g~?Lh]TUm2r\217%z""; ","validation: """"\200\000\000\001&\000\000\000\035)/\351\253\013:\r\302\353\023?\373\240rQ\357&Q\217\267\303\356I\236\357\264\311b\037\366\035\253\343\311\265\240\327q\206f\262ODi\215-\363P\027\000\000\000\000\000\000\000\000\000\000\000\000\000\000\000\000\000\000\000\000\000\000\000\000\000\000\000\000\000\000\000\000P\031\324`\214\221\314\000\211K\223+(""\200i \311\372g\254\343ZR0\224\275q\252\357\213\263\206Ns!\003R7o\362bV\300hf\266\241;}\200^\374\240\203[:\342Q\225\221\027y\372\255\235\216\323~vF0D\002 y\026\244\304~\375J\2570<\212\0272\002\225\211J\304\256L\3053\317\370\260\370\306Vk[A&\002 \016\301\352\004\326%\010\035\344\211\340\203\323\022\312\337-\216g~?Lh]TUm2r\217%z""; "
1750527627663,1750527627663,0,1,0,3,TMValidation,"validation: """"\200\000\000\001&\000\000\000\035)/\351\253\013:\r\302\353\023?\373\240rQ\357&Q\217\267\303\356I\236\357\264\311b\037\366\035\253\343\311\265\240\327q\206f\262ODi\215-\363P\027\000\000\000\000\000\000\000\000\000\000\000\000\000\000\000\000\000\000\000\000\000\000\000\000\000\000\000\000\000\000\000\000P\031\324`\214\221\314\000\211K\223+(""\200i \311\372g\254\343ZR0\224\275q\252\357\213\263\206Ns!\003R7o\362bV\300hf\266\241;}\200^\374\240\203[:\342Q\225\221\027y\372\255\235\216\323~vF0D\002 y\026\244\304~\375J\2570<\212\0272\002\225\211J\304\256L\3053\317\370\260\370\306Vk[A&\002 \016\301\352\004\326%\010\035\344\211\340\203\323\022\312\337-\216g~?Lh]TUm2r\217%z""; ","validation: """"\200\000\000\001&\000\000\000\035)/\351\253\013:\r\302\353\023?\373\240rQ\357&Q\217\267\303\356I\236\357\264\311b\037\366\035\253\343\311\265\240\327q\206f\262ODi\215-\363P\027\000\000\000\000\000\000\000\000\000\000\000\000\000\000\000\000\000\000\000\000\000\000\000\000\000\000\000\000\000\000\000\000P\031\324`\214\221\314\000\211K\223+(""\200i \311\372g\254\343ZR0\224\275q\252\357\213\263\206Ns!\003R7o\362bV\300hf\266\241;}\200^\374\240\203[:\342Q\225\221\027y\372\255\235\216\323~vF0D\002 y\026\244\304~\375J\2570<\212\0272\002\225\211J\304\256L\3053\317\370\260\370\306Vk[A&\002 \016\301\352\004\326%\010\035\344\211\340\203\323\022\312\337-\216g~?Lh]TUm2r\217%z""; "
1750527627663,1750527627663,0,1,0,1,TMValidation,"validation: """"\200\000\000\001&\000\000\000\035)/\351\253\013:\r\302\353\023?\373\240rQ\357&Q\217\267\303\356I\236\357\264\311b\037\366\035\253\343\311\265\240\327q\206f\262ODi\215-\363P\027\000\000\000\000\000\000\000\000\000\000\000\000\000\000\000\000\000\000\000\000\000\000\000\000\000\000\000\000\000\000\000\000P\031\324`\214\221\314\000\211K\223+(""\200i \311\372g\254\343ZR0\224\275q\252\357\213\263\206Ns!\003R7o\362bV\300hf\266\241;}\200^\374\240\203[:\342Q\225\221\027y\372\255\235\216\323~vF0D\002 y\026\244\304~\375J\2570<\212\0272\002\225\211J\304\256L\3053\317\370\260\370\306Vk[A&\002 \016\301\352\004\326%\010\035\344\211\340\203\323\022\312\337-\216g~?Lh]TUm2r\217%z""; ","validation: """"\200\000\000\001&\000\000\000\035)/\351\253\013:\r\302\353\023?\373\240rQ\357&Q\217\267\303\356I\236\357\264\311b\037\366\035\253\343\311\265\240\327q\206f\262ODi\215-\363P\027\000\000\000\000\000\000\000\000\000\000\000\000\000\000\000\000\000\000\000\000\000\000\000\000\000\000\000\000\000\000\000\000P\031\324`\214\221\314\000\211K\223+(""\200i \311\372g\254\343ZR0\224\275q\252\357\213\263\206Ns!\003R7o\362bV\300hf\266\241;}\200^\374\240\203[:\342Q\225\221\027y\372\255\235\216\323~vF0D\002 y\026\244\304~\375J\2570<\212\0272\002\225\211J\304\256L\3053\317\370\260\370\306Vk[A&\002 \016\301\352\004\326%\010\035\344\211\340\203\323\022\312\337-\216g~?Lh]TUm2r\217%z""; "
1750527627663,1750527627663,0,1,0,2,TMValidation,"validation: """"\200\000\000\001&\000\000\000\035)/\351\253\013:\r\302\353\023?\373\240rQ\357&Q\217\267\303\356I\236\357\264\311b\037\366\035\253\343\311\265\240\327q\206f\262ODi\215-\363P\027\000\000\000\000\000\000\000\000\000\000\000\000\000\000\000\000\000\000\000\000\000\000\000\000\000\000\000\000\000\000\000\000P\031\324`\214\221\314\000\211K\223+(""\200i \311\372g\254\343ZR0\224\275q\252\357\213\263\206Ns!\003R7o\362bV\300hf\266\241;}\200^\374\240\203[:\342Q\225\221\027y\372\255\235\216\323~vF0D\002 y\026\244\304~\375J\2570<\212\0272\002\225\211J\304\256L\3053\317\370\260\370\306Vk[A&\002 \016\301\352\004\326%\010\035\344\211\340\203\323\022\312\337-\216g~?Lh]TUm2r\217%z""; ","validation: """"\200\000\000\001&\000\000\000\035)/\351\253\013:\r\302\353\023?\373\240rQ\357&Q\217\267\303\356I\236\357\264\311b\037\366\035\253\343\311\265\240\327q\206f\262ODi\215-\363P\027\000\000\000\000\000\000\000\000\000\000\000\000\000\000\000\000\000\000\000\000\000\000\000\000\000\000\000\000\000\000\000\000P\031\324`\214\221\314\000\211K\223+(""\200i \311\372g\254\343ZR0\224\275q\252\357\213\263\206Ns!\003R7o\362bV\300hf\266\241;}\200^\374\240\203[:\342Q\225\221\027y\372\255\235\216\323~vF0D\002 y\026\244\304~\375J\2570<\212\0272\002\225\211J\304\256L\3053\317\370\260\370\306Vk[A&\002 \016\301\352\004\326%\010\035\344\211\340\203\323\022\312\337-\216g~?Lh]TUm2r\217%z""; "
1750527628447,1750527628447,0,1,3,4,TMProposeSet,"proposeSeq: 0; currentTxHash: ""\000\000\000\000\000\000\000\000\000\000\000\000\000\000\000\000\000\000\000\000\000\000\000\000\000\000\000\000\000\000\000\000""; nodePubKey: ""\002\364d\217\366\217|\316F\232\231\241\n\261\333`\312O\367\235\025DD\336e\367\n\312\326\221\037\025\230""; closeTime: 803842828; signature: ""0D\002 +\261\251\275Yr\243\350\324\244z\257B\301z6\005\245\306\023E\210\017Yc\251\324\020-\221\007\027\002 \020m\371O\014\250%I\033^\256\263d\352\350\343F\033\214l\302\004ear\036\314\022N*\244\017""; previousledger: ""\357&Q\217\267\303\356I\236\357\264\311b\037\366\035\253\343\311\265\240\327q\206f\262ODi\215-\363""; ","proposeSeq: 0; currentTxHash: ""\000\000\000\000\000\000\000\000\000\000\000\000\000\000\000\000\000\000\000\000\000\000\000\000\000\000\000\000\000\000\000\000""; nodePubKey: ""\002\364d\217\366\217|\316F\232\231\241\n\261\333`\312O\367\235\025DD\336e\367\n\312\326\221\037\025\230""; closeTime: 803842828; signature: ""0D\002 +\261\251\275Yr\243\350\324\244z\257B\301z6\005\245\306\023E\210\017Yc\251\324\020-\221\007\027\002 \020m\371O\014\250%I\033^\256\263d\352\350\343F\033\214l\302\004ear\036\314\022N*\244\017""; previousledger: ""\357&Q\217\267\303\356I\236\357\264\311b\037\366\035\253\343\311\265\240\327q\206f\262ODi\215-\363""; "
1750527628450,1750527628450,0,1,4,1,TMProposeSet,"proposeSeq: 0; currentTxHash: ""\000\000\000\000\000\000\000\000\000\000\000\000\000\000\000\000\000\000\000\000\000\000\000\000\000\000\000\000\000\000\000\000""; nodePubKey: ""\002\364d\217\366\217|\316F\232\231\241\n\261\333`\312O\367\235\025DD\336e\367\n\312\326\221\037\025\230""; closeTime: 803842828; signature: ""0D\002 +\261\251\275Yr\243\350\324\244z\257B\301z6\005\245\306\023E\210\017Yc\251\324\020-\221\007\027\002 \020m\371O\014\250%I\033^\256\263d\352\350\343F\033\214l\302\004ear\036\314\022N*\244\017""; previousledger: ""\357&Q\217\267\303\356I\236\357\264\311b\037\366\035\253\343\311\265\240\327q\206f\262ODi\215-\363""; ","proposeSeq: 0; currentTxHash: ""\000\000\000\000\000\000\000\000\000\000\000\000\000\000\000\000\000\000\000\000\000\000\000\000\000\000\000\000\000\000\000\000""; nodePubKey: ""\002\364d\217\366\217|\316F\232\231\241\n\261\333`\312O\367\235\025DD\336e\367\n\312\326\221\037\025\230""; closeTime: 803842828; signature: ""0D\002 +\261\251\275Yr\243\350\324\244z\257B\301z6\005\245\306\023E\210\017Yc\251\324\020-\221\007\027\002 \020m\371O\014\250%I\033^\256\263d\352\350\343F\033\214l\302\004ear\036\314\022N*\244\017""; previousledger: ""\357&Q\217\267\303\356I\236\357\264\311b\037\366\035\253\343\311\265\240\327q\206f\262ODi\215-\363""; "
1750527628451,1750527628451,0,1,4,0,TMProposeSet,"proposeSeq: 0; currentTxHash: ""\000\000\000\000\000\000\000\000\000\000\000\000\000\000\000\000\000\000\000\000\000\000\000\000\000\000\000\000\000\000\000\000""; nodePubKey: ""\002\364d\217\366\217|\316F\232\231\241\n\261\333`\312O\367\235\025DD\336e\367\n\312\326\221\037\025\230""; closeTime: 803842828; signature: ""0D\002 +\261\251\275Yr\243\350\324\244z\257B\301z6\005\245\306\023E\210\017Yc\251\324\020-\221\007\027\002 \020m\371O\014\250%I\033^\256\263d\352\350\343F\033\214l\302\004ear\036\314\022N*\244\017""; previousledger: ""\357&Q\217\267\303\356I\236\357\264\311b\037\366\035\253\343\311\265\240\327q\206f\262ODi\215-\363""; ","proposeSeq: 0; currentTxHash: ""\000\000\000\000\000\000\000\000\000\000\000\000\000\000\000\000\000\000\000\000\000\000\000\000\000\000\000\000\000\000\000\000""; nodePubKey: ""\002\364d\217\366\217|\316F\232\231\241\n\261\333`\312O\367\235\025DD\336e\367\n\312\326\221\037\025\230""; closeTime: 803842828; signature: ""0D\002 +\261\251\275Yr\243\350\324\244z\257B\301z6\005\245\306\023E\210\017Yc\251\324\020-\221\007\027\002 \020m\371O\014\250%I\033^\256\263d\352\350\343F\033\214l\302\004ear\036\314\022N*\244\017""; previousledger: ""\357&Q\217\267\303\356I\236\357\264\311b\037\366\035\253\343\311\265\240\327q\206f\262ODi\215-\363""; "
1750527628451,1750527628451,0,1,4,2,TMProposeSet,"proposeSeq: 0; currentTxHash: ""\000\000\000\000\000\000\000\000\000\000\000\000\000\000\000\000\000\000\000\000\000\000\000\000\000\000\000\000\000\000\000\000""; nodePubKey: ""\002\364d\217\366\217|\316F\232\231\241\n\261\333`\312O\367\235\025DD\336e\367\n\312\326\221\037\025\230""; closeTime: 803842828; signature: ""0D\002 +\261\251\275Yr\243\350\324\244z\257B\301z6\005\245\306\023E\210\017Yc\251\324\020-\221\007\027\002 \020m\371O\014\250%I\033^\256\263d\352\350\343F\033\214l\302\004ear\036\314\022N*\244\017""; previousledger: ""\357&Q\217\267\303\356I\236\357\264\311b\037\366\035\253\343\311\265\240\327q\206f\262ODi\215-\363""; ","proposeSeq: 0; currentTxHash: ""\000\000\000\000\000\000\000\000\000\000\000\000\000\000\000\000\000\000\000\000\000\000\000\000\000\000\000\000\000\000\000\000""; nodePubKey: ""\002\364d\217\366\217|\316F\232\231\241\n\261\333`\312O\367\235\025DD\336e\367\n\312\326\221\037\025\230""; closeTime: 803842828; signature: ""0D\002 +\261\251\275Yr\243\350\324\244z\257B\301z6\005\245\306\023E\210\017Yc\251\324\020-\221\007\027\002 \020m\371O\014\250%I\033^\256\263d\352\350\343F\033\214l\302\004ear\036\314\022N*\244\017""; previousledger: ""\357&Q\217\267\303\356I\236\357\264\311b\037\366\035\253\343\311\265\240\327q\206f\262ODi\215-\363""; "
1750527628490,1750527628490,0,1,3,2,TMProposeSet,"proposeSeq: 0; currentTxHash: ""\000\000\000\000\000\000\000\000\000\000\000\000\000\000\000\000\000\000\000\000\000\000\000\000\000\000\000\000\000\000\000\000""; nodePubKey: ""\002\364d\217\366\217|\316F\232\231\241\n\261\333`\312O\367\235\025DD\336e\367\n\312\326\221\037\025\230""; closeTime: 803842828; signature: ""0D\002 +\261\251\275Yr\243\350\324\244z\257B\301z6\005\245\306\023E\210\017Yc\251\324\020-\221\007\027\002 \020m\371O\014\250%I\033^\256\263d\352\350\343F\033\214l\302\004ear\036\314\022N*\244\017""; previousledger: ""\357&Q\217\267\303\356I\236\357\264\311b\037\366\035\253\343\311\265\240\327q\206f\262ODi\215-\363""; ","proposeSeq: 0; currentTxHash: ""\000\000\000\000\000\000\000\000\000\000\000\000\000\000\000\000\000\000\000\000\000\000\000\000\000\000\000\000\000\000\000\000""; nodePubKey: ""\002\364d\217\366\217|\316F\232\231\241\n\261\333`\312O\367\235\025DD\336e\367\n\312\326\221\037\025\230""; closeTime: 803842828; signature: ""0D\002 +\261\251\275Yr\243\350\324\244z\257B\301z6\005\245\306\023E\210\017Yc\251\324\020-\221\007\027\002 \020m\371O\014\250%I\033^\256\263d\352\350\343F\033\214l\302\004ear\036\314\022N*\244\017""; previousledger: ""\357&Q\217\267\303\356I\236\357\264\311b\037\366\035\253\343\311\265\240\327q\206f\262ODi\215-\363""; "
1750527628490,1750527628491,0,1,3,0,TMProposeSet,"proposeSeq: 0; currentTxHash: ""\000\000\000\000\000\000\000\000\000\000\000\000\000\000\000\000\000\000\000\000\000\000\000\000\000\000\000\000\000\000\000\000""; nodePubKey: ""\002\364d\217\366\217|\316F\232\231\241\n\261\333`\312O\367\235\025DD\336e\367\n\312\326\221\037\025\230""; closeTime: 803842828; signature: ""0D\002 +\261\251\275Yr\243\350\324\244z\257B\301z6\005\245\306\023E\210\017Yc\251\324\020-\221\007\027\002 \020m\371O\014\250%I\033^\256\263d\352\350\343F\033\214l\302\004ear\036\314\022N*\244\017""; previousledger: ""\357&Q\217\267\303\356I\236\357\264\311b\037\366\035\253\343\311\265\240\327q\206f\262ODi\215-\363""; ","proposeSeq: 0; currentTxHash: ""\000\000\000\000\000\000\000\000\000\000\000\000\000\000\000\000\000\000\000\000\000\000\000\000\000\000\000\000\000\000\000\000""; nodePubKey: ""\002\364d\217\366\217|\316F\232\231\241\n\261\333`\312O\367\235\025DD\336e\367\n\312\326\221\037\025\230""; closeTime: 803842828; signature: ""0D\002 +\261\251\275Yr\243\350\324\244z\257B\301z6\005\245\306\023E\210\017Yc\251\324\020-\221\007\027\002 \020m\371O\014\250%I\033^\256\263d\352\350\343F\033\214l\302\004ear\036\314\022N*\244\017""; previousledger: ""\357&Q\217\267\303\356I\236\357\264\311b\037\366\035\253\343\311\265\240\327q\206f\262ODi\215-\363""; "
1750527628491,1750527628491,0,1,3,1,TMProposeSet,"proposeSeq: 0; currentTxHash: ""\000\000\000\000\000\000\000\000\000\000\000\000\000\000\000\000\000\000\000\000\000\000\000\000\000\000\000\000\000\000\000\000""; nodePubKey: ""\002\364d\217\366\217|\316F\232\231\241\n\261\333`\312O\367\235\025DD\336e\367\n\312\326\221\037\025\230""; closeTime: 803842828; signature: ""0D\002 +\261\251\275Yr\243\350\324\244z\257B\301z6\005\245\306\023E\210\017Yc\251\324\020-\221\007\027\002 \020m\371O\014\250%I\033^\256\263d\352\350\343F\033\214l\302\004ear\036\314\022N*\244\017""; previousledger: ""\357&Q\217\267\303\356I\236\357\264\311b\037\366\035\253\343\311\265\240\327q\206f\262ODi\215-\363""; ","proposeSeq: 0; currentTxHash: ""\000\000\000\000\000\000\000\000\000\000\000\000\000\000\000\000\000\000\000\000\000\000\000\000\000\000\000\000\000\000\000\000""; nodePubKey: ""\002\364d\217\366\217|\316F\232\231\241\n\261\333`\312O\367\235\025DD\336e\367\n\312\326\221\037\025\230""; closeTime: 803842828; signature: ""0D\002 +\261\251\275Yr\243\350\324\244z\257B\301z6\005\245\306\023E\210\017Yc\251\324\020-\221\007\027\002 \020m\371O\014\250%I\033^\256\263d\352\350\343F\033\214l\302\004ear\036\314\022N*\244\017""; previousledger: ""\357&Q\217\267\303\356I\236\357\264\311b\037\366\035\253\343\311\265\240\327q\206f\262ODi\215-\363""; "
1750527628447,1750527628522,0,1,3,2,TMStatusChange,"newEvent: neCLOSING_LEDGER; ledgerSeq: 29; ledgerHash: ""\357&Q\217\267\303\356I\236\357\264\311b\037\366\035\253\343\311\265\240\327q\206f\262ODi\215-\363""; ledgerHashPrevious: ""\324`\214\221\314\000\211K\223+(""\200i \311\372g\254\343ZR0\224\275q\252\357\213\263\206N""; networkTime: 803842828; firstSeq: 1; lastSeq: 29; ","newEvent: neCLOSING_LEDGER; ledgerSeq: 29; ledgerHash: ""\357&Q\217\267\303\356I\236\357\264\311b\037\366\035\253\343\311\265\240\327q\206f\262ODi\215-\363""; ledgerHashPrevious: ""\324`\214\221\314\000\211K\223+(""\200i \311\372g\254\343ZR0\224\275q\252\357\213\263\206N""; networkTime: 803842828; firstSeq: 1; lastSeq: 29; "
1750527628449,1750527628523,0,1,3,0,TMStatusChange,"newEvent: neCLOSING_LEDGER; ledgerSeq: 29; ledgerHash: ""\357&Q\217\267\303\356I\236\357\264\311b\037\366\035\253\343\311\265\240\327q\206f\262ODi\215-\363""; ledgerHashPrevious: ""\324`\214\221\314\000\211K\223+(""\200i \311\372g\254\343ZR0\224\275q\252\357\213\263\206N""; networkTime: 803842828; firstSeq: 1; lastSeq: 29; ","newEvent: neCLOSING_LEDGER; ledgerSeq: 29; ledgerHash: ""\357&Q\217\267\303\356I\236\357\264\311b\037\366\035\253\343\311\265\240\327q\206f\262ODi\215-\363""; ledgerHashPrevious: ""\324`\214\221\314\000\211K\223+(""\200i \311\372g\254\343ZR0\224\275q\252\357\213\263\206N""; networkTime: 803842828; firstSeq: 1; lastSeq: 29; "
1750527628449,1750527628522,0,1,3,1,TMStatusChange,"newEvent: neCLOSING_LEDGER; ledgerSeq: 29; ledgerHash: ""\357&Q\217\267\303\356I\236\357\264\311b\037\366\035\253\343\311\265\240\327q\206f\262ODi\215-\363""; ledgerHashPrevious: ""\324`\214\221\314\000\211K\223+(""\200i \311\372g\254\343ZR0\224\275q\252\357\213\263\206N""; networkTime: 803842828; firstSeq: 1; lastSeq: 29; ","newEvent: neCLOSING_LEDGER; ledgerSeq: 29; ledgerHash: ""\357&Q\217\267\303\356I\236\357\264\311b\037\366\035\253\343\311\265\240\327q\206f\262ODi\215-\363""; ledgerHashPrevious: ""\324`\214\221\314\000\211K\223+(""\200i \311\372g\254\343ZR0\224\275q\252\357\213\263\206N""; networkTime: 803842828; firstSeq: 1; lastSeq: 29; "
1750527628448,1750527628522,0,1,3,4,TMStatusChange,"newEvent: neCLOSING_LEDGER; ledgerSeq: 29; ledgerHash: ""\357&Q\217\267\303\356I\236\357\264\311b\037\366\035\253\343\311\265\240\327q\206f\262ODi\215-\363""; ledgerHashPrevious: ""\324`\214\221\314\000\211K\223+(""\200i \311\372g\254\343ZR0\224\275q\252\357\213\263\206N""; networkTime: 803842828; firstSeq: 1; lastSeq: 29; ","newEvent: neCLOSING_LEDGER; ledgerSeq: 29; ledgerHash: ""\357&Q\217\267\303\356I\236\357\264\311b\037\366\035\253\343\311\265\240\327q\206f\262ODi\215-\363""; ledgerHashPrevious: ""\324`\214\221\314\000\211K\223+(""\200i \311\372g\254\343ZR0\224\275q\252\357\213\263\206N""; networkTime: 803842828; firstSeq: 1; lastSeq: 29; "
1750527628611,1750527628611,0,1,4,3,TMProposeSet,"proposeSeq: 0; currentTxHash: ""\000\000\000\000\000\000\000\000\000\000\000\000\000\000\000\000\000\000\000\000\000\000\000\000\000\000\000\000\000\000\000\000""; nodePubKey: ""\003R7o\362bV\300hf\266\241;}\200^\374\240\203[:\342Q\225\221\027y\372\255\235\216\323~""; closeTime: 803842828; signature: ""0E\002!\000\376=I\246\034\240\312\242\300PB\247\335\362D\212MY\210l\252\027\230\215\365^\273b\265n9\025\002 S@\337]\006\377\365\304\031!\327aX\307]\273\247H\\226\320\023\234Q}6\374\r`\226\027\373""; previousledger: ""\357&Q\217\267\303\356I\236\357\264\311b\037\366\035\253\343\311\265\240\327q\206f\262ODi\215-\363""; ","proposeSeq: 0; currentTxHash: ""\000\000\000\000\000\000\000\000\000\000\000\000\000\000\000\000\000\000\000\000\000\000\000\000\000\000\000\000\000\000\000\000""; nodePubKey: ""\003R7o\362bV\300hf\266\241;}\200^\374\240\203[:\342Q\225\221\027y\372\255\235\216\323~""; closeTime: 803842828; signature: ""0E\002!\000\376=I\246\034\240\312\242\300PB\247\335\362D\212MY\210l\252\027\230\215\365^\273b\265n9\025\002 S@\337]\006\377\365\304\031!\327aX\307]\273\247H\\226\320\023\234Q}6\374\r`\226\027\373""; previousledger: ""\357&Q\217\267\303\356I\236\357\264\311b\037\366\035\253\343\311\265\240\327q\206f\262ODi\215-\363""; "
1750527628612,1750527628612,0,1,4,2,TMProposeSet,"proposeSeq: 0; currentTxHash: ""\000\000\000\000\000\000\000\000\000\000\000\000\000\000\000\000\000\000\000\000\000\000\000\000\000\000\000\000\000\000\000\000""; nodePubKey: ""\003R7o\362bV\300hf\266\241;}\200^\374\240\203[:\342Q\225\221\027y\372\255\235\216\323~""; closeTime: 803842828; signature: ""0E\002!\000\376=I\246\034\240\312\242\300PB\247\335\362D\212MY\210l\252\027\230\215\365^\273b\265n9\025\002 S@\337]\006\377\365\304\031!\327aX\307]\273\247H\\226\320\023\234Q}6\374\r`\226\027\373""; previousledger: ""\357&Q\217\267\303\356I\236\357\264\311b\037\366\035\253\343\311\265\240\327q\206f\262ODi\215-\363""; ","proposeSeq: 0; currentTxHash: ""\000\000\000\000\000\000\000\000\000\000\000\000\000\000\000\000\000\000\000\000\000\000\000\000\000\000\000\000\000\000\000\000""; nodePubKey: ""\003R7o\362bV\300hf\266\241;}\200^\374\240\203[:\342Q\225\221\027y\372\255\235\216\323~""; closeTime: 803842828; signature: ""0E\002!\000\376=I\246\034\240\312\242\300PB\247\335\362D\212MY\210l\252\027\230\215\365^\273b\265n9\025\002 S@\337]\006\377\365\304\031!\327aX\307]\273\247H\\226\320\023\234Q}6\374\r`\226\027\373""; previousledger: ""\357&Q\217\267\303\356I\236\357\264\311b\037\366\035\253\343\311\265\240\327q\206f\262ODi\215-\363""; "
1750527628614,1750527628614,0,1,3,0,TMProposeSet,"proposeSeq: 0; currentTxHash: ""\000\000\000\000\000\000\000\000\000\000\000\000\000\000\000\000\000\000\000\000\000\000\000\000\000\000\000\000\000\000\000\000""; nodePubKey: ""\003R7o\362bV\300hf\266\241;}\200^\374\240\203[:\342Q\225\221\027y\372\255\235\216\323~""; closeTime: 803842828; signature: ""0E\002!\000\376=I\246\034\240\312\242\300PB\247\335\362D\212MY\210l\252\027\230\215\365^\273b\265n9\025\002 S@\337]\006\377\365\304\031!\327aX\307]\273\247H\\226\320\023\234Q}6\374\r`\226\027\373""; previousledger: ""\357&Q\217\267\303\356I\236\357\264\311b\037\366\035\253\343\311\265\240\327q\206f\262ODi\215-\363""; ","proposeSeq: 0; currentTxHash: ""\000\000\000\000\000\000\000\000\000\000\000\000\000\000\000\000\000\000\000\000\000\000\000\000\000\000\000\000\000\000\000\000""; nodePubKey: ""\003R7o\362bV\300hf\266\241;}\200^\374\240\203[:\342Q\225\221\027y\372\255\235\216\323~""; closeTime: 803842828; signature: ""0E\002!\000\376=I\246\034\240\312\242\300PB\247\335\362D\212MY\210l\252\027\230\215\365^\273b\265n9\025\002 S@\337]\006\377\365\304\031!\327aX\307]\273\247H\\226\320\023\234Q}6\374\r`\226\027\373""; previousledger: ""\357&Q\217\267\303\356I\236\357\264\311b\037\366\035\253\343\311\265\240\327q\206f\262ODi\215-\363""; "
1750527628613,1750527628613,0,1,4,0,TMProposeSet,"proposeSeq: 0; currentTxHash: ""\000\000\000\000\000\000\000\000\000\000\000\000\000\000\000\000\000\000\000\000\000\000\000\000\000\000\000\000\000\000\000\000""; nodePubKey: ""\003R7o\362bV\300hf\266\241;}\200^\374\240\203[:\342Q\225\221\027y\372\255\235\216\323~""; closeTime: 803842828; signature: ""0E\002!\000\376=I\246\034\240\312\242\300PB\247\335\362D\212MY\210l\252\027\230\215\365^\273b\265n9\025\002 S@\337]\006\377\365\304\031!\327aX\307]\273\247H\\226\320\023\234Q}6\374\r`\226\027\373""; previousledger: ""\357&Q\217\267\303\356I\236\357\264\311b\037\366\035\253\343\311\265\240\327q\206f\262ODi\215-\363""; ","proposeSeq: 0; currentTxHash: ""\000\000\000\000\000\000\000\000\000\000\000\000\000\000\000\000\000\000\000\000\000\000\000\000\000\000\000\000\000\000\000\000""; nodePubKey: ""\003R7o\362bV\300hf\266\241;}\200^\374\240\203[:\342Q\225\221\027y\372\255\235\216\323~""; closeTime: 803842828; signature: ""0E\002!\000\376=I\246\034\240\312\242\300PB\247\335\362D\212MY\210l\252\027\230\215\365^\273b\265n9\025\002 S@\337]\006\377\365\304\031!\327aX\307]\273\247H\\226\320\023\234Q}6\374\r`\226\027\373""; previousledger: ""\357&Q\217\267\303\356I\236\357\264\311b\037\366\035\253\343\311\265\240\327q\206f\262ODi\215-\363""; "
1750527628614,1750527628614,0,1,3,2,TMProposeSet,"proposeSeq: 0; currentTxHash: ""\000\000\000\000\000\000\000\000\000\000\000\000\000\000\000\000\000\000\000\000\000\000\000\000\000\000\000\000\000\000\000\000""; nodePubKey: ""\003R7o\362bV\300hf\266\241;}\200^\374\240\203[:\342Q\225\221\027y\372\255\235\216\323~""; closeTime: 803842828; signature: ""0E\002!\000\376=I\246\034\240\312\242\300PB\247\335\362D\212MY\210l\252\027\230\215\365^\273b\265n9\025\002 S@\337]\006\377\365\304\031!\327aX\307]\273\247H\\226\320\023\234Q}6\374\r`\226\027\373""; previousledger: ""\357&Q\217\267\303\356I\236\357\264\311b\037\366\035\253\343\311\265\240\327q\206f\262ODi\215-\363""; ","proposeSeq: 0; currentTxHash: ""\000\000\000\000\000\000\000\000\000\000\000\000\000\000\000\000\000\000\000\000\000\000\000\000\000\000\000\000\000\000\000\000""; nodePubKey: ""\003R7o\362bV\300hf\266\241;}\200^\374\240\203[:\342Q\225\221\027y\372\255\235\216\323~""; closeTime: 803842828; signature: ""0E\002!\000\376=I\246\034\240\312\242\300PB\247\335\362D\212MY\210l\252\027\230\215\365^\273b\265n9\025\002 S@\337]\006\377\365\304\031!\327aX\307]\273\247H\\226\320\023\234Q}6\374\r`\226\027\373""; previousledger: ""\357&Q\217\267\303\356I\236\357\264\311b\037\366\035\253\343\311\265\240\327q\206f\262ODi\215-\363""; "
1750527628613,1750527628613,0,1,4,1,TMProposeSet,"proposeSeq: 0; currentTxHash: ""\000\000\000\000\000\000\000\000\000\000\000\000\000\000\000\000\000\000\000\000\000\000\000\000\000\000\000\000\000\000\000\000""; nodePubKey: ""\003R7o\362bV\300hf\266\241;}\200^\374\240\203[:\342Q\225\221\027y\372\255\235\216\323~""; closeTime: 803842828; signature: ""0E\002!\000\376=I\246\034\240\312\242\300PB\247\335\362D\212MY\210l\252\027\230\215\365^\273b\265n9\025\002 S@\337]\006\377\365\304\031!\327aX\307]\273\247H\\226\320\023\234Q}6\374\r`\226\027\373""; previousledger: ""\357&Q\217\267\303\356I\236\357\264\311b\037\366\035\253\343\311\265\240\327q\206f\262ODi\215-\363""; ","proposeSeq: 0; currentTxHash: ""\000\000\000\000\000\000\000\000\000\000\000\000\000\000\000\000\000\000\000\000\000\000\000\000\000\000\000\000\000\000\000\000""; nodePubKey: ""\003R7o\362bV\300hf\266\241;}\200^\374\240\203[:\342Q\225\221\027y\372\255\235\216\323~""; closeTime: 803842828; signature: ""0E\002!\000\376=I\246\034\240\312\242\300PB\247\335\362D\212MY\210l\252\027\230\215\365^\273b\265n9\025\002 S@\337]\006\377\365\304\031!\327aX\307]\273\247H\\226\320\023\234Q}6\374\r`\226\027\373""; previousledger: ""\357&Q\217\267\303\356I\236\357\264\311b\037\366\035\253\343\311\265\240\327q\206f\262ODi\215-\363""; "
1750527628614,1750527628615,0,1,3,1,TMProposeSet,"proposeSeq: 0; currentTxHash: ""\000\000\000\000\000\000\000\000\000\000\000\000\000\000\000\000\000\000\000\000\000\000\000\000\000\000\000\000\000\000\000\000""; nodePubKey: ""\003R7o\362bV\300hf\266\241;}\200^\374\240\203[:\342Q\225\221\027y\372\255\235\216\323~""; closeTime: 803842828; signature: ""0E\002!\000\376=I\246\034\240\312\242\300PB\247\335\362D\212MY\210l\252\027\230\215\365^\273b\265n9\025\002 S@\337]\006\377\365\304\031!\327aX\307]\273\247H\\226\320\023\234Q}6\374\r`\226\027\373""; previousledger: ""\357&Q\217\267\303\356I\236\357\264\311b\037\366\035\253\343\311\265\240\327q\206f\262ODi\215-\363""; ","proposeSeq: 0; currentTxHash: ""\000\000\000\000\000\000\000\000\000\000\000\000\000\000\000\000\000\000\000\000\000\000\000\000\000\000\000\000\000\000\000\000""; nodePubKey: ""\003R7o\362bV\300hf\266\241;}\200^\374\240\203[:\342Q\225\221\027y\372\255\235\216\323~""; closeTime: 803842828; signature: ""0E\002!\000\376=I\246\034\240\312\242\300PB\247\335\362D\212MY\210l\252\027\230\215\365^\273b\265n9\025\002 S@\337]\006\377\365\304\031!\327aX\307]\273\247H\\226\320\023\234Q}6\374\r`\226\027\373""; previousledger: ""\357&Q\217\267\303\356I\236\357\264\311b\037\366\035\253\343\311\265\240\327q\206f\262ODi\215-\363""; "
1750527628610,1750527628669,0,1,4,3,TMStatusChange,"newEvent: neCLOSING_LEDGER; ledgerSeq: 29; ledgerHash: ""\357&Q\217\267\303\356I\236\357\264\311b\037\366\035\253\343\311\265\240\327q\206f\262ODi\215-\363""; ledgerHashPrevious: ""\324`\214\221\314\000\211K\223+(""\200i \311\372g\254\343ZR0\224\275q\252\357\213\263\206N""; networkTime: 803842828; firstSeq: 1; lastSeq: 29; ","newEvent: neCLOSING_LEDGER; ledgerSeq: 29; ledgerHash: ""\357&Q\217\267\303\356I\236\357\264\311b\037\366\035\253\343\311\265\240\327q\206f\262ODi\215-\363""; ledgerHashPrevious: ""\324`\214\221\314\000\211K\223+(""\200i \311\372g\254\343ZR0\224\275q\252\357\213\263\206N""; networkTime: 803842828; firstSeq: 1; lastSeq: 29; "
1750527628614,1750527628670,0,1,4,1,TMStatusChange,"newEvent: neCLOSING_LEDGER; ledgerSeq: 29; ledgerHash: ""\357&Q\217\267\303\356I\236\357\264\311b\037\366\035\253\343\311\265\240\327q\206f\262ODi\215-\363""; ledgerHashPrevious: ""\324`\214\221\314\000\211K\223+(""\200i \311\372g\254\343ZR0\224\275q\252\357\213\263\206N""; networkTime: 803842828; firstSeq: 1; lastSeq: 29; ","newEvent: neCLOSING_LEDGER; ledgerSeq: 29; ledgerHash: ""\357&Q\217\267\303\356I\236\357\264\311b\037\366\035\253\343\311\265\240\327q\206f\262ODi\215-\363""; ledgerHashPrevious: ""\324`\214\221\314\000\211K\223+(""\200i \311\372g\254\343ZR0\224\275q\252\357\213\263\206N""; networkTime: 803842828; firstSeq: 1; lastSeq: 29; "
1750527628612,1750527628670,0,1,4,0,TMStatusChange,"newEvent: neCLOSING_LEDGER; ledgerSeq: 29; ledgerHash: ""\357&Q\217\267\303\356I\236\357\264\311b\037\366\035\253\343\311\265\240\327q\206f\262ODi\215-\363""; ledgerHashPrevious: ""\324`\214\221\314\000\211K\223+(""\200i \311\372g\254\343ZR0\224\275q\252\357\213\263\206N""; networkTime: 803842828; firstSeq: 1; lastSeq: 29; ","newEvent: neCLOSING_LEDGER; ledgerSeq: 29; ledgerHash: ""\357&Q\217\267\303\356I\236\357\264\311b\037\366\035\253\343\311\265\240\327q\206f\262ODi\215-\363""; ledgerHashPrevious: ""\324`\214\221\314\000\211K\223+(""\200i \311\372g\254\343ZR0\224\275q\252\357\213\263\206N""; networkTime: 803842828; firstSeq: 1; lastSeq: 29; "
1750527628612,1750527628670,0,1,4,2,TMStatusChange,"newEvent: neCLOSING_LEDGER; ledgerSeq: 29; ledgerHash: ""\357&Q\217\267\303\356I\236\357\264\311b\037\366\035\253\343\311\265\240\327q\206f\262ODi\215-\363""; ledgerHashPrevious: ""\324`\214\221\314\000\211K\223+(""\200i \311\372g\254\343ZR0\224\275q\252\357\213\263\206N""; networkTime: 803842828; firstSeq: 1; lastSeq: 29; ","newEvent: neCLOSING_LEDGER; ledgerSeq: 29; ledgerHash: ""\357&Q\217\267\303\356I\236\357\264\311b\037\366\035\253\343\311\265\240\327q\206f\262ODi\215-\363""; ledgerHashPrevious: ""\324`\214\221\314\000\211K\223+(""\200i \311\372g\254\343ZR0\224\275q\252\357\213\263\206N""; networkTime: 803842828; firstSeq: 1; lastSeq: 29; "
1750527630462,1750527630462,0,1,3,2,TMStatusChange,"newEvent: neACCEPTED_LEDGER; ledgerSeq: 30; ledgerHash: "">\034\236l\273\005G\316F\217}[\036\007\270:\260\335\271B\241N\345\330\204\327f\361\272Kb\037""; ledgerHashPrevious: ""\357&Q\217\267\303\356I\236\357\264\311b\037\366\035\253\343\311\265\240\327q\206f\262ODi\215-\363""; networkTime: 803842830; firstSeq: 1; lastSeq: 29; ","newEvent: neACCEPTED_LEDGER; ledgerSeq: 30; ledgerHash: "">\034\236l\273\005G\316F\217}[\036\007\270:\260\335\271B\241N\345\330\204\327f\361\272Kb\037""; ledgerHashPrevious: ""\357&Q\217\267\303\356I\236\357\264\311b\037\366\035\253\343\311\265\240\327q\206f\262ODi\215-\363""; networkTime: 803842830; firstSeq: 1; lastSeq: 29; "
1750527630463,1750527630463,0,1,3,4,TMValidation,"validation: """"\200\000\000\001&\000\000\000\036)/\351\253\016:p\210\265\307-\212\200\004Q>\034\236l\273\005G\316F\217}[\036\007\270:\260\335\271B\241N\345\330\204\327f\361\272Kb\037P\027\000\000\000\000\000\000\000\000\000\000\000\000\000\000\000\000\000\000\000\000\000\000\000\000\000\000\000\000\000\000\000\000P\031\357&Q\217\267\303\356I\236\357\264\311b\037\366\035\253\343\311\265\240\327q\206f\262ODi\215-\363s!\002\364d\217\366\217|\316F\232\231\241\n\261\333`\312O\367\235\025DD\336e\367\n\312\326\221\037\025\230vG0E\002!\000\366Y\203%\016\340\302\035\3575\206\343\026\312\251\017\210\345)}S\206\274\314_\311\t\316\205\037\364&\002 Y\037\331\036\005\211\003\013t\265V\313Y\016h^\371\032\221\210H\233eiK\377\350\0147\251\225\234""; ","validation: """"\200\000\000\001&\000\000\000\036)/\351\253\016:p\210\265\307-\212\200\004Q>\034\236l\273\005G\316F\217}[\036\007\270:\260\335\271B\241N\345\330\204\327f\361\272Kb\037P\027\000\000\000\000\000\000\000\000\000\000\000\000\000\000\000\000\000\000\000\000\000\000\000\000\000\000\000\000\000\000\000\000P\031\357&Q\217\267\303\356I\236\357\264\311b\037\366\035\253\343\311\265\240\327q\206f\262ODi\215-\363s!\002\364d\217\366\217|\316F\232\231\241\n\261\333`\312O\367\235\025DD\336e\367\n\312\326\221\037\025\230vG0E\002!\000\366Y\203%\016\340\302\035\3575\206\343\026\312\251\017\210\345)}S\206\274\314_\311\t\316\205\037\364&\002 Y\037\331\036\005\211\003\013t\265V\313Y\016h^\371\032\221\210H\233eiK\377\350\0147\251\225\234""; "
1750527630464,1750527630464,0,1,3,4,TMStatusChange,"newEvent: neACCEPTED_LEDGER; ledgerSeq: 30; ledgerHash: "">\034\236l\273\005G\316F\217}[\036\007\270:\260\335\271B\241N\345\330\204\327f\361\272Kb\037""; ledgerHashPrevious: ""\357&Q\217\267\303\356I\236\357\264\311b\037\366\035\253\343\311\265\240\327q\206f\262ODi\215-\363""; networkTime: 803842830; firstSeq: 1; lastSeq: 29; ","newEvent: neACCEPTED_LEDGER; ledgerSeq: 30; ledgerHash: "">\034\236l\273\005G\316F\217}[\036\007\270:\260\335\271B\241N\345\330\204\327f\361\272Kb\037""; ledgerHashPrevious: ""\357&Q\217\267\303\356I\236\357\264\311b\037\366\035\253\343\311\265\240\327q\206f\262ODi\215-\363""; networkTime: 803842830; firstSeq: 1; lastSeq: 29; "
1750527630464,1750527630464,0,1,3,1,TMValidation,"validation: """"\200\000\000\001&\000\000\000\036)/\351\253\016:p\210\265\307-\212\200\004Q>\034\236l\273\005G\316F\217}[\036\007\270:\260\335\271B\241N\345\330\204\327f\361\272Kb\037P\027\000\000\000\000\000\000\000\000\000\000\000\000\000\000\000\000\000\000\000\000\000\000\000\000\000\000\000\000\000\000\000\000P\031\357&Q\217\267\303\356I\236\357\264\311b\037\366\035\253\343\311\265\240\327q\206f\262ODi\215-\363s!\002\364d\217\366\217|\316F\232\231\241\n\261\333`\312O\367\235\025DD\336e\367\n\312\326\221\037\025\230vG0E\002!\000\366Y\203%\016\340\302\035\3575\206\343\026\312\251\017\210\345)}S\206\274\314_\311\t\316\205\037\364&\002 Y\037\331\036\005\211\003\013t\265V\313Y\016h^\371\032\221\210H\233eiK\377\350\0147\251\225\234""; ","validation: """"\200\000\000\001&\000\000\000\036)/\351\253\016:p\210\265\307-\212\200\004Q>\034\236l\273\005G\316F\217}[\036\007\270:\260\335\271B\241N\345\330\204\327f\361\272Kb\037P\027\000\000\000\000\000\000\000\000\000\000\000\000\000\000\000\000\000\000\000\000\000\000\000\000\000\000\000\000\000\000\000\000P\031\357&Q\217\267\303\356I\236\357\264\311b\037\366\035\253\343\311\265\240\327q\206f\262ODi\215-\363s!\002\364d\217\366\217|\316F\232\231\241\n\261\333`\312O\367\235\025DD\336e\367\n\312\326\221\037\025\230vG0E\002!\000\366Y\203%\016\340\302\035\3575\206\343\026\312\251\017\210\345)}S\206\274\314_\311\t\316\205\037\364&\002 Y\037\331\036\005\211\003\013t\265V\313Y\016h^\371\032\221\210H\233eiK\377\350\0147\251\225\234""; "
1750527630465,1750527630465,0,1,3,2,TMValidation,"validation: """"\200\000\000\001&\000\000\000\036)/\351\253\016:p\210\265\307-\212\200\004Q>\034\236l\273\005G\316F\217}[\036\007\270:\260\335\271B\241N\345\330\204\327f\361\272Kb\037P\027\000\000\000\000\000\000\000\000\000\000\000\000\000\000\000\000\000\000\000\000\000\000\000\000\000\000\000\000\000\000\000\000P\031\357&Q\217\267\303\356I\236\357\264\311b\037\366\035\253\343\311\265\240\327q\206f\262ODi\215-\363s!\002\364d\217\366\217|\316F\232\231\241\n\261\333`\312O\367\235\025DD\336e\367\n\312\326\221\037\025\230vG0E\002!\000\366Y\203%\016\340\302\035\3575\206\343\026\312\251\017\210\345)}S\206\274\314_\311\t\316\205\037\364&\002 Y\037\331\036\005\211\003\013t\265V\313Y\016h^\371\032\221\210H\233eiK\377\350\0147\251\225\234""; ","validation: """"\200\000\000\001&\000\000\000\036)/\351\253\016:p\210\265\307-\212\200\004Q>\034\236l\273\005G\316F\217}[\036\007\270:\260\335\271B\241N\345\330\204\327f\361\272Kb\037P\027\000\000\000\000\000\000\000\000\000\000\000\000\000\000\000\000\000\000\000\000\000\000\000\000\000\000\000\000\000\000\000\000P\031\357&Q\217\267\303\356I\236\357\264\311b\037\366\035\253\343\311\265\240\327q\206f\262ODi\215-\363s!\002\364d\217\366\217|\316F\232\231\241\n\261\333`\312O\367\235\025DD\336e\367\n\312\326\221\037\025\230vG0E\002!\000\366Y\203%\016\340\302\035\3575\206\343\026\312\251\017\210\345)}S\206\274\314_\311\t\316\205\037\364&\002 Y\037\331\036\005\211\003\013t\265V\313Y\016h^\371\032\221\210H\233eiK\377\350\0147\251\225\234""; "
1750527630465,1750527630465,0,1,3,1,TMStatusChange,"newEvent: neACCEPTED_LEDGER; ledgerSeq: 30; ledgerHash: "">\034\236l\273\005G\316F\217}[\036\007\270:\260\335\271B\241N\345\330\204\327f\361\272Kb\037""; ledgerHashPrevious: ""\357&Q\217\267\303\356I\236\357\264\311b\037\366\035\253\343\311\265\240\327q\206f\262ODi\215-\363""; networkTime: 803842830; firstSeq: 1; lastSeq: 29; ","newEvent: neACCEPTED_LEDGER; ledgerSeq: 30; ledgerHash: "">\034\236l\273\005G\316F\217}[\036\007\270:\260\335\271B\241N\345\330\204\327f\361\272Kb\037""; ledgerHashPrevious: ""\357&Q\217\267\303\356I\236\357\264\311b\037\366\035\253\343\311\265\240\327q\206f\262ODi\215-\363""; networkTime: 803842830; firstSeq: 1; lastSeq: 29; "
1750527630465,1750527630465,0,1,3,0,TMStatusChange,"newEvent: neACCEPTED_LEDGER; ledgerSeq: 30; ledgerHash: "">\034\236l\273\005G\316F\217}[\036\007\270:\260\335\271B\241N\345\330\204\327f\361\272Kb\037""; ledgerHashPrevious: ""\357&Q\217\267\303\356I\236\357\264\311b\037\366\035\253\343\311\265\240\327q\206f\262ODi\215-\363""; networkTime: 803842830; firstSeq: 1; lastSeq: 29; ","newEvent: neACCEPTED_LEDGER; ledgerSeq: 30; ledgerHash: "">\034\236l\273\005G\316F\217}[\036\007\270:\260\335\271B\241N\345\330\204\327f\361\272Kb\037""; ledgerHashPrevious: ""\357&Q\217\267\303\356I\236\357\264\311b\037\366\035\253\343\311\265\240\327q\206f\262ODi\215-\363""; networkTime: 803842830; firstSeq: 1; lastSeq: 29; "
1750527630465,1750527630465,0,1,3,0,TMValidation,"validation: """"\200\000\000\001&\000\000\000\036)/\351\253\016:p\210\265\307-\212\200\004Q>\034\236l\273\005G\316F\217}[\036\007\270:\260\335\271B\241N\345\330\204\327f\361\272Kb\037P\027\000\000\000\000\000\000\000\000\000\000\000\000\000\000\000\000\000\000\000\000\000\000\000\000\000\000\000\000\000\000\000\000P\031\357&Q\217\267\303\356I\236\357\264\311b\037\366\035\253\343\311\265\240\327q\206f\262ODi\215-\363s!\002\364d\217\366\217|\316F\232\231\241\n\261\333`\312O\367\235\025DD\336e\367\n\312\326\221\037\025\230vG0E\002!\000\366Y\203%\016\340\302\035\3575\206\343\026\312\251\017\210\345)}S\206\274\314_\311\t\316\205\037\364&\002 Y\037\331\036\005\211\003\013t\265V\313Y\016h^\371\032\221\210H\233eiK\377\350\0147\251\225\234""; ","validation: """"\200\000\000\001&\000\000\000\036)/\351\253\016:p\210\265\307-\212\200\004Q>\034\236l\273\005G\316F\217}[\036\007\270:\260\335\271B\241N\345\330\204\327f\361\272Kb\037P\027\000\000\000\000\000\000\000\000\000\000\000\000\000\000\000\000\000\000\000\000\000\000\000\000\000\000\000\000\000\000\000\000P\031\357&Q\217\267\303\356I\236\357\264\311b\037\366\035\253\343\311\265\240\327q\206f\262ODi\215-\363s!\002\364d\217\366\217|\316F\232\231\241\n\261\333`\312O\367\235\025DD\336e\367\n\312\326\221\037\025\230vG0E\002!\000\366Y\203%\016\340\302\035\3575\206\343\026\312\251\017\210\345)}S\206\274\314_\311\t\316\205\037\364&\002 Y\037\331\036\005\211\003\013t\265V\313Y\016h^\371\032\221\210H\233eiK\377\350\0147\251\225\234""; "
1750527630466,1750527630466,0,1,4,2,TMGetLedger,"itype: liBASE; ledgerHash: "">\034\236l\273\005G\316F\217}[\036\007\270:\260\335\271B\241N\345\330\204\327f\361\272Kb\037""; ","itype: liBASE; ledgerHash: "">\034\236l\273\005G\316F\217}[\036\007\270:\260\335\271B\241N\345\330\204\327f\361\272Kb\037""; "
1750527630467,1750527630467,0,1,4,1,TMValidation,"validation: """"\200\000\000\001&\000\000\000\036)/\351\253\016:p\210\265\307-\212\200\004Q>\034\236l\273\005G\316F\217}[\036\007\270:\260\335\271B\241N\345\330\204\327f\361\272Kb\037P\027\000\000\000\000\000\000\000\000\000\000\000\000\000\000\000\000\000\000\000\000\000\000\000\000\000\000\000\000\000\000\000\000P\031\357&Q\217\267\303\356I\236\357\264\311b\037\366\035\253\343\311\265\240\327q\206f\262ODi\215-\363s!\002\364d\217\366\217|\316F\232\231\241\n\261\333`\312O\367\235\025DD\336e\367\n\312\326\221\037\025\230vG0E\002!\000\366Y\203%\016\340\302\035\3575\206\343\026\312\251\017\210\345)}S\206\274\314_\311\t\316\205\037\364&\002 Y\037\331\036\005\211\003\013t\265V\313Y\016h^\371\032\221\210H\233eiK\377\350\0147\251\225\234""; ","validation: """"\200\000\000\001&\000\000\000\036)/\351\253\016:p\210\265\307-\212\200\004Q>\034\236l\273\005G\316F\217}[\036\007\270:\260\335\271B\241N\345\330\204\327f\361\272Kb\037P\027\000\000\000\000\000\000\000\000\000\000\000\000\000\000\000\000\000\000\000\000\000\000\000\000\000\000\000\000\000\000\000\000P\031\357&Q\217\267\303\356I\236\357\264\311b\037\366\035\253\343\311\265\240\327q\206f\262ODi\215-\363s!\002\364d\217\366\217|\316F\232\231\241\n\261\333`\312O\367\235\025DD\336e\367\n\312\326\221\037\025\230vG0E\002!\000\366Y\203%\016\340\302\035\3575\206\343\026\312\251\017\210\345)}S\206\274\314_\311\t\316\205\037\364&\002 Y\037\331\036\005\211\003\013t\265V\313Y\016h^\371\032\221\210H\233eiK\377\350\0147\251\225\234""; "
1750527630467,1750527630467,0,1,4,2,TMValidation,"validation: """"\200\000\000\001&\000\000\000\036)/\351\253\016:p\210\265\307-\212\200\004Q>\034\236l\273\005G\316F\217}[\036\007\270:\260\335\271B\241N\345\330\204\327f\361\272Kb\037P\027\000\000\000\000\000\000\000\000\000\000\000\000\000\000\000\000\000\000\000\000\000\000\000\000\000\000\000\000\000\000\000\000P\031\357&Q\217\267\303\356I\236\357\264\311b\037\366\035\253\343\311\265\240\327q\206f\262ODi\215-\363s!\002\364d\217\366\217|\316F\232\231\241\n\261\333`\312O\367\235\025DD\336e\367\n\312\326\221\037\025\230vG0E\002!\000\366Y\203%\016\340\302\035\3575\206\343\026\312\251\017\210\345)}S\206\274\314_\311\t\316\205\037\364&\002 Y\037\331\036\005\211\003\013t\265V\313Y\016h^\371\032\221\210H\233eiK\377\350\0147\251\225\234""; ","validation: """"\200\000\000\001&\000\000\000\036)/\351\253\016:p\210\265\307-\212\200\004Q>\034\236l\273\005G\316F\217}[\036\007\270:\260\335\271B\241N\345\330\204\327f\361\272Kb\037P\027\000\000\000\000\000\000\000\000\000\000\000\000\000\000\000\000\000\000\000\000\000\000\000\000\000\000\000\000\000\000\000\000P\031\357&Q\217\267\303\356I\236\357\264\311b\037\366\035\253\343\311\265\240\327q\206f\262ODi\215-\363s!\002\364d\217\366\217|\316F\232\231\241\n\261\333`\312O\367\235\025DD\336e\367\n\312\326\221\037\025\230vG0E\002!\000\366Y\203%\016\340\302\035\3575\206\343\026\312\251\017\210\345)}S\206\274\314_\311\t\316\205\037\364&\002 Y\037\331\036\005\211\003\013t\265V\313Y\016h^\371\032\221\210H\233eiK\377\350\0147\251\225\234""; "
1750527630468,1750527630468,0,1,4,0,TMValidation,"validation: """"\200\000\000\001&\000\000\000\036)/\351\253\016:p\210\265\307-\212\200\004Q>\034\236l\273\005G\316F\217}[\036\007\270:\260\335\271B\241N\345\330\204\327f\361\272Kb\037P\027\000\000\000\000\000\000\000\000\000\000\000\000\000\000\000\000\000\000\000\000\000\000\000\000\000\000\000\000\000\000\000\000P\031\357&Q\217\267\303\356I\236\357\264\311b\037\366\035\253\343\311\265\240\327q\206f\262ODi\215-\363s!\002\364d\217\366\217|\316F\232\231\241\n\261\333`\312O\367\235\025DD\336e\367\n\312\326\221\037\025\230vG0E\002!\000\366Y\203%\016\340\302\035\3575\206\343\026\312\251\017\210\345)}S\206\274\314_\311\t\316\205\037\364&\002 Y\037\331\036\005\211\003\013t\265V\313Y\016h^\371\032\221\210H\233eiK\377\350\0147\251\225\234""; ","validation: """"\200\000\000\001&\000\000\000\036)/\351\253\016:p\210\265\307-\212\200\004Q>\034\236l\273\005G\316F\217}[\036\007\270:\260\335\271B\241N\345\330\204\327f\361\272Kb\037P\027\000\000\000\000\000\000\000\000\000\000\000\000\000\000\000\000\000\000\000\000\000\000\000\000\000\000\000\000\000\000\000\000P\031\357&Q\217\267\303\356I\236\357\264\311b\037\366\035\253\343\311\265\240\327q\206f\262ODi\215-\363s!\002\364d\217\366\217|\316F\232\231\241\n\261\333`\312O\367\235\025DD\336e\367\n\312\326\221\037\025\230vG0E\002!\000\366Y\203%\016\340\302\035\3575\206\343\026\312\251\017\210\345)}S\206\274\314_\311\t\316\205\037\364&\002 Y\037\331\036\005\211\003\013t\265V\313Y\016h^\371\032\221\210H\233eiK\377\350\0147\251\225\234""; "
1750527630468,1750527630468,0,1,4,1,TMGetLedger,"itype: liBASE; ledgerHash: "">\034\236l\273\005G\316F\217}[\036\007\270:\260\335\271B\241N\345\330\204\327f\361\272Kb\037""; ","itype: liBASE; ledgerHash: "">\034\236l\273\005G\316F\217}[\036\007\270:\260\335\271B\241N\345\330\204\327f\361\272Kb\037""; "
1750527630468,1750527630468,0,1,4,0,TMGetLedger,"itype: liBASE; ledgerHash: "">\034\236l\273\005G\316F\217}[\036\007\270:\260\335\271B\241N\345\330\204\327f\361\272Kb\037""; queryType: qtINDIRECT; ","itype: liBASE; ledgerHash: "">\034\236l\273\005G\316F\217}[\036\007\270:\260\335\271B\241N\345\330\204\327f\361\272Kb\037""; queryType: qtINDIRECT; "
1750527630469,1750527630469,0,1,4,0,TMGetLedger,"itype: liBASE; ledgerHash: "">\034\236l\273\005G\316F\217}[\036\007\270:\260\335\271B\241N\345\330\204\327f\361\272Kb\037""; ","itype: liBASE; ledgerHash: "">\034\236l\273\005G\316F\217}[\036\007\270:\260\335\271B\241N\345\330\204\327f\361\272Kb\037""; "
1750527630470,1750527630470,0,1,4,1,TMGetLedger,"itype: liBASE; ledgerHash: "">\034\236l\273\005G\316F\217}[\036\007\270:\260\335\271B\241N\345\330\204\327f\361\272Kb\037""; queryType: qtINDIRECT; ","itype: liBASE; ledgerHash: "">\034\236l\273\005G\316F\217}[\036\007\270:\260\335\271B\241N\345\330\204\327f\361\272Kb\037""; queryType: qtINDIRECT; "
1750527630470,1750527630470,0,1,4,2,TMGetLedger,"itype: liBASE; ledgerHash: "">\034\236l\273\005G\316F\217}[\036\007\270:\260\335\271B\241N\345\330\204\327f\361\272Kb\037""; queryType: qtINDIRECT; ","itype: liBASE; ledgerHash: "">\034\236l\273\005G\316F\217}[\036\007\270:\260\335\271B\241N\345\330\204\327f\361\272Kb\037""; queryType: qtINDIRECT; "
1750527630470,1750527630470,0,1,4,3,TMGetLedger,"itype: liBASE; ledgerHash: "">\034\236l\273\005G\316F\217}[\036\007\270:\260\335\271B\241N\345\330\204\327f\361\272Kb\037""; queryType: qtINDIRECT; ","itype: liBASE; ledgerHash: "">\034\236l\273\005G\316F\217}[\036\007\270:\260\335\271B\241N\345\330\204\327f\361\272Kb\037""; queryType: qtINDIRECT; "
1750527630471,1750527630471,0,1,4,3,TMGetLedger,"itype: liBASE; ledgerHash: "">\034\236l\273\005G\316F\217}[\036\007\270:\260\335\271B\241N\345\330\204\327f\361\272Kb\037""; ","itype: liBASE; ledgerHash: "">\034\236l\273\005G\316F\217}[\036\007\270:\260\335\271B\241N\345\330\204\327f\361\272Kb\037""; "
1750527630471,1750527630472,0,1,1,0,TMGetLedger,"itype: liBASE; ledgerHash: "">\034\236l\273\005G\316F\217}[\036\007\270:\260\335\271B\241N\345\330\204\327f\361\272Kb\037""; ledgerSeq: 30; ","itype: liBASE; ledgerHash: "">\034\236l\273\005G\316F\217}[\036\007\270:\260\335\271B\241N\345\330\204\327f\361\272Kb\037""; ledgerSeq: 30; "
1750527630472,1750527630472,0,1,1,4,TMGetLedger,"itype: liBASE; ledgerHash: "">\034\236l\273\005G\316F\217}[\036\007\270:\260\335\271B\241N\345\330\204\327f\361\272Kb\037""; ledgerSeq: 30; ","itype: liBASE; ledgerHash: "">\034\236l\273\005G\316F\217}[\036\007\270:\260\335\271B\241N\345\330\204\327f\361\272Kb\037""; ledgerSeq: 30; "
1750527630473,1750527630473,0,1,1,3,TMGetLedger,"itype: liBASE; ledgerHash: "">\034\236l\273\005G\316F\217}[\036\007\270:\260\335\271B\241N\345\330\204\327f\361\272Kb\037""; ledgerSeq: 30; ","itype: liBASE; ledgerHash: "">\034\236l\273\005G\316F\217}[\036\007\270:\260\335\271B\241N\345\330\204\327f\361\272Kb\037""; ledgerSeq: 30; "
1750527630474,1750527630474,0,1,1,2,TMGetLedger,"itype: liBASE; ledgerHash: "">\034\236l\273\005G\316F\217}[\036\007\270:\260\335\271B\241N\345\330\204\327f\361\272Kb\037""; ledgerSeq: 30; ","itype: liBASE; ledgerHash: "">\034\236l\273\005G\316F\217}[\036\007\270:\260\335\271B\241N\345\330\204\327f\361\272Kb\037""; ledgerSeq: 30; "
1750527630475,1750527630475,0,1,2,0,TMGetLedger,"itype: liBASE; ledgerHash: "">\034\236l\273\005G\316F\217}[\036\007\270:\260\335\271B\241N\345\330\204\327f\361\272Kb\037""; ledgerSeq: 30; ","itype: liBASE; ledgerHash: "">\034\236l\273\005G\316F\217}[\036\007\270:\260\335\271B\241N\345\330\204\327f\361\272Kb\037""; ledgerSeq: 30; "
1750527630475,1750527630475,0,1,2,3,TMGetLedger,"itype: liBASE; ledgerHash: "">\034\236l\273\005G\316F\217}[\036\007\270:\260\335\271B\241N\345\330\204\327f\361\272Kb\037""; ledgerSeq: 30; ","itype: liBASE; ledgerHash: "">\034\236l\273\005G\316F\217}[\036\007\270:\260\335\271B\241N\345\330\204\327f\361\272Kb\037""; ledgerSeq: 30; "
1750527630475,1750527630475,0,1,2,1,TMGetLedger,"itype: liBASE; ledgerHash: "">\034\236l\273\005G\316F\217}[\036\007\270:\260\335\271B\241N\345\330\204\327f\361\272Kb\037""; ledgerSeq: 30; ","itype: liBASE; ledgerHash: "">\034\236l\273\005G\316F\217}[\036\007\270:\260\335\271B\241N\345\330\204\327f\361\272Kb\037""; ledgerSeq: 30; "
1750527630476,1750527630476,0,1,2,4,TMGetLedger,"itype: liBASE; ledgerHash: "">\034\236l\273\005G\316F\217}[\036\007\270:\260\335\271B\241N\345\330\204\327f\361\272Kb\037""; ledgerSeq: 30; ","itype: liBASE; ledgerHash: "">\034\236l\273\005G\316F\217}[\036\007\270:\260\335\271B\241N\345\330\204\327f\361\272Kb\037""; ledgerSeq: 30; "
1750527630476,1750527630476,0,1,1,3,TMGetLedger,"itype: liBASE; ledgerHash: "">\034\236l\273\005G\316F\217}[\036\007\270:\260\335\271B\241N\345\330\204\327f\361\272Kb\037""; ledgerSeq: 30; queryType: qtINDIRECT; ","itype: liBASE; ledgerHash: "">\034\236l\273\005G\316F\217}[\036\007\270:\260\335\271B\241N\345\330\204\327f\361\272Kb\037""; ledgerSeq: 30; queryType: qtINDIRECT; "
1750527630476,1750527630476,0,1,2,4,TMValidation,"validation: """"\200\000\000\001&\000\000\000\036)/\351\253\016:p\210\265\307-\212\200\004Q>\034\236l\273\005G\316F\217}[\036\007\270:\260\335\271B\241N\345\330\204\327f\361\272Kb\037P\027\000\000\000\000\000\000\000\000\000\000\000\000\000\000\000\000\000\000\000\000\000\000\000\000\000\000\000\000\000\000\000\000P\031\357&Q\217\267\303\356I\236\357\264\311b\037\366\035\253\343\311\265\240\327q\206f\262ODi\215-\363s!\002\364d\217\366\217|\316F\232\231\241\n\261\333`\312O\367\235\025DD\336e\367\n\312\326\221\037\025\230vG0E\002!\000\366Y\203%\016\340\302\035\3575\206\343\026\312\251\017\210\345)}S\206\274\314_\311\t\316\205\037\364&\002 Y\037\331\036\005\211\003\013t\265V\313Y\016h^\371\032\221\210H\233eiK\377\350\0147\251\225\234""; ","validation: """"\200\000\000\001&\000\000\000\036)/\351\253\016:p\210\265\307-\212\200\004Q>\034\236l\273\005G\316F\217}[\036\007\270:\260\335\271B\241N\345\330\204\327f\361\272Kb\037P\027\000\000\000\000\000\000\000\000\000\000\000\000\000\000\000\000\000\000\000\000\000\000\000\000\000\000\000\000\000\000\000\000P\031\357&Q\217\267\303\356I\236\357\264\311b\037\366\035\253\343\311\265\240\327q\206f\262ODi\215-\363s!\002\364d\217\366\217|\316F\232\231\241\n\261\333`\312O\367\235\025DD\336e\367\n\312\326\221\037\025\230vG0E\002!\000\366Y\203%\016\340\302\035\3575\206\343\026\312\251\017\210\345)}S\206\274\314_\311\t\316\205\037\364&\002 Y\037\331\036\005\211\003\013t\265V\313Y\016h^\371\032\221\210H\233eiK\377\350\0147\251\225\234""; "
1750527630477,1750527630477,0,1,2,4,TMGetLedger,"itype: liBASE; ledgerHash: "">\034\236l\273\005G\316F\217}[\036\007\270:\260\335\271B\241N\345\330\204\327f\361\272Kb\037""; ledgerSeq: 30; queryType: qtINDIRECT; ","itype: liBASE; ledgerHash: "">\034\236l\273\005G\316F\217}[\036\007\270:\260\335\271B\241N\345\330\204\327f\361\272Kb\037""; ledgerSeq: 30; queryType: qtINDIRECT; "
1750527630477,1750527630478,0,1,0,3,TMGetLedger,"itype: liBASE; ledgerHash: "">\034\236l\273\005G\316F\217}[\036\007\270:\260\335\271B\241N\345\330\204\327f\361\272Kb\037""; ","itype: liBASE; ledgerHash: "">\034\236l\273\005G\316F\217}[\036\007\270:\260\335\271B\241N\345\330\204\327f\361\272Kb\037""; "
1750527630478,1750527630478,0,1,0,4,TMGetLedger,"itype: liBASE; ledgerHash: "">\034\236l\273\005G\316F\217}[\036\007\270:\260\335\271B\241N\345\330\204\327f\361\272Kb\037""; ","itype: liBASE; ledgerHash: "">\034\236l\273\005G\316F\217}[\036\007\270:\260\335\271B\241N\345\330\204\327f\361\272Kb\037""; "
1750527630479,1750527630479,0,1,0,1,TMGetLedger,"itype: liBASE; ledgerHash: "">\034\236l\273\005G\316F\217}[\036\007\270:\260\335\271B\241N\345\330\204\327f\361\272Kb\037""; ","itype: liBASE; ledgerHash: "">\034\236l\273\005G\316F\217}[\036\007\270:\260\335\271B\241N\345\330\204\327f\361\272Kb\037""; "
1750527630480,1750527630480,0,1,0,2,TMGetLedger,"itype: liBASE; ledgerHash: "">\034\236l\273\005G\316F\217}[\036\007\270:\260\335\271B\241N\345\330\204\327f\361\272Kb\037""; ","itype: liBASE; ledgerHash: "">\034\236l\273\005G\316F\217}[\036\007\270:\260\335\271B\241N\345\330\204\327f\361\272Kb\037""; "
1750527630481,1750527630481,0,1,1,4,TMGetLedger,"itype: liBASE; ledgerHash: "">\034\236l\273\005G\316F\217}[\036\007\270:\260\335\271B\241N\345\330\204\327f\361\272Kb\037""; ledgerSeq: 30; queryType: qtINDIRECT; ","itype: liBASE; ledgerHash: "">\034\236l\273\005G\316F\217}[\036\007\270:\260\335\271B\241N\345\330\204\327f\361\272Kb\037""; ledgerSeq: 30; queryType: qtINDIRECT; "
1750527630481,1750527630481,0,1,1,4,TMValidation,"validation: """"\200\000\000\001&\000\000\000\036)/\351\253\016:p\210\265\307-\212\200\004Q>\034\236l\273\005G\316F\217}[\036\007\270:\260\335\271B\241N\345\330\204\327f\361\272Kb\037P\027\000\000\000\000\000\000\000\000\000\000\000\000\000\000\000\000\000\000\000\000\000\000\000\000\000\000\000\000\000\000\000\000P\031\357&Q\217\267\303\356I\236\357\264\311b\037\366\035\253\343\311\265\240\327q\206f\262ODi\215-\363s!\002\364d\217\366\217|\316F\232\231\241\n\261\333`\312O\367\235\025DD\336e\367\n\312\326\221\037\025\230vG0E\002!\000\366Y\203%\016\340\302\035\3575\206\343\026\312\251\017\210\345)}S\206\274\314_\311\t\316\205\037\364&\002 Y\037\331\036\005\211\003\013t\265V\313Y\016h^\371\032\221\210H\233eiK\377\350\0147\251\225\234""; ","validation: """"\200\000\000\001&\000\000\000\036)/\351\253\016:p\210\265\307-\212\200\004Q>\034\236l\273\005G\316F\217}[\036\007\270:\260\335\271B\241N\345\330\204\327f\361\272Kb\037P\027\000\000\000\000\000\000\000\000\000\000\000\000\000\000\000\000\000\000\000\000\000\000\000\000\000\000\000\000\000\000\000\000P\031\357&Q\217\267\303\356I\236\357\264\311b\037\366\035\253\343\311\265\240\327q\206f\262ODi\215-\363s!\002\364d\217\366\217|\316F\232\231\241\n\261\333`\312O\367\235\025DD\336e\367\n\312\326\221\037\025\230vG0E\002!\000\366Y\203%\016\340\302\035\3575\206\343\026\312\251\017\210\345)}S\206\274\314_\311\t\316\205\037\364&\002 Y\037\331\036\005\211\003\013t\265V\313Y\016h^\371\032\221\210H\233eiK\377\350\0147\251\225\234""; "
1750527630483,1750527630483,0,1,0,4,TMGetLedger,"itype: liBASE; ledgerHash: "">\034\236l\273\005G\316F\217}[\036\007\270:\260\335\271B\241N\345\330\204\327f\361\272Kb\037""; queryType: qtINDIRECT; ","itype: liBASE; ledgerHash: "">\034\236l\273\005G\316F\217}[\036\007\270:\260\335\271B\241N\345\330\204\327f\361\272Kb\037""; queryType: qtINDIRECT; "
1750527630483,1750527630483,0,1,0,4,TMValidation,"validation: """"\200\000\000\001&\000\000\000\036)/\351\253\016:p\210\265\307-\212\200\004Q>\034\236l\273\005G\316F\217}[\036\007\270:\260\335\271B\241N\345\330\204\327f\361\272Kb\037P\027\000\000\000\000\000\000\000\000\000\000\000\000\000\000\000\000\000\000\000\000\000\000\000\000\000\000\000\000\000\000\000\000P\031\357&Q\217\267\303\356I\236\357\264\311b\037\366\035\253\343\311\265\240\327q\206f\262ODi\215-\363s!\002\364d\217\366\217|\316F\232\231\241\n\261\333`\312O\367\235\025DD\336e\367\n\312\326\221\037\025\230vG0E\002!\000\366Y\203%\016\340\302\035\3575\206\343\026\312\251\017\210\345)}S\206\274\314_\311\t\316\205\037\364&\002 Y\037\331\036\005\211\003\013t\265V\313Y\016h^\371\032\221\210H\233eiK\377\350\0147\251\225\234""; ","validation: """"\200\000\000\001&\000\000\000\036)/\351\253\016:p\210\265\307-\212\200\004Q>\034\236l\273\005G\316F\217}[\036\007\270:\260\335\271B\241N\345\330\204\327f\361\272Kb\037P\027\000\000\000\000\000\000\000\000\000\000\000\000\000\000\000\000\000\000\000\000\000\000\000\000\000\000\000\000\000\000\000\000P\031\357&Q\217\267\303\356I\236\357\264\311b\037\366\035\253\343\311\265\240\327q\206f\262ODi\215-\363s!\002\364d\217\366\217|\316F\232\231\241\n\261\333`\312O\367\235\025DD\336e\367\n\312\326\221\037\025\230vG0E\002!\000\366Y\203%\016\340\302\035\3575\206\343\026\312\251\017\210\345)}S\206\274\314_\311\t\316\205\037\364&\002 Y\037\331\036\005\211\003\013t\265V\313Y\016h^\371\032\221\210H\233eiK\377\350\0147\251\225\234""; "
1750527630483,1750527630483,0,1,3,4,TMLedgerData,"ledgerHash: "">\034\236l\273\005G\316F\217}[\036\007\270:\260\335\271B\241N\345\330\204\327f\361\272Kb\037""; ledgerSeq: 30; type: liBASE; nodes {;   nodedata: ""\000\000\000\036\001cEx]\211\377\330\357&Q\217\267\303\356I\236\357\264\311b\037\366\035\253\343\311\265\240\327q\206f\262ODi\215-\363\000\000\000\000\000\000\000\000\000\000\000\000\000\000\000\000\000\000\000\000\000\000\000\000\000\000\000\000\000\000\000\000y\213[\304f\313\032 \232}R\347Z\211K\0360\356\035\235\313\025(\202\275\314g\036RH~W/\351\253\016/\351\253\017\n\000""; }; nodes {;   nodedata: ""\323C\344\327\264{\312-\017:\006{\177\344N\002\326bO\260\220\006\033\362\345\005U\221DzJ0\001\301\025%1L\307\t\261\262z\374\222T\301\274V\236\223\262\270Ct\362\337b\356\024*\324\320\351\317\002k\336\234\027v\351\217\260\303\360\233ZPZWr\246$w\313\313\r\243r\232\2234\373\3539:N\004Q\245\272D\312D\300\300\t\323\0257\345e\271\na\215{\226\255x%T\257\037\333\004\344_/R\006E\344\037@\210\363\010\336T\226\247'\204_{\261\370""1\235\2445\343\033Y!\212\201\341\272\225'\007Oe\010w\312T\2419\266\226\226?\235\357\234#\364qB\234A\020\241\342F\016y?H\353\351\341\013\003""; }; ","ledgerHash: "">\034\236l\273\005G\316F\217}[\036\007\270:\260\335\271B\241N\345\330\204\327f\361\272Kb\037""; ledgerSeq: 30; type: liBASE; nodes {;   nodedata: ""\000\000\000\036\001cEx]\211\377\330\357&Q\217\267\303\356I\236\357\264\311b\037\366\035\253\343\311\265\240\327q\206f\262ODi\215-\363\000\000\000\000\000\000\000\000\000\000\000\000\000\000\000\000\000\000\000\000\000\000\000\000\000\000\000\000\000\000\000\000y\213[\304f\313\032 \232}R\347Z\211K\0360\356\035\235\313\025(\202\275\314g\036RH~W/\351\253\016/\351\253\017\n\000""; }; nodes {;   nodedata: ""\323C\344\327\264{\312-\017:\006{\177\344N\002\326bO\260\220\006\033\362\345\005U\221DzJ0\001\301\025%1L\307\t\261\262z\374\222T\301\274V\236\223\262\270Ct\362\337b\356\024*\324\320\351\317\002k\336\234\027v\351\217\260\303\360\233ZPZWr\246$w\313\313\r\243r\232\2234\373\3539:N\004Q\245\272D\312D\300\300\t\323\0257\345e\271\na\215{\226\255x%T\257\037\333\004\344_/R\006E\344\037@\210\363\010\336T\226\247'\204_{\261\370""1\235\2445\343\033Y!\212\201\341\272\225'\007Oe\010w\312T\2419\266\226\226?\235\357\234#\364qB\234A\020\241\342F\016y?H\353\351\341\013\003""; }; "
1750527630484,1750527630484,0,1,0,1,TMValidation,"validation: """"\200\000\000\001&\000\000\000\036)/\351\253\016:p\210\265\307-\212\200\004Q>\034\236l\273\005G\316F\217}[\036\007\270:\260\335\271B\241N\345\330\204\327f\361\272Kb\037P\027\000\000\000\000\000\000\000\000\000\000\000\000\000\000\000\000\000\000\000\000\000\000\000\000\000\000\000\000\000\000\000\000P\031\357&Q\217\267\303\356I\236\357\264\311b\037\366\035\253\343\311\265\240\327q\206f\262ODi\215-\363s!\002\364d\217\366\217|\316F\232\231\241\n\261\333`\312O\367\235\025DD\336e\367\n\312\326\221\037\025\230vG0E\002!\000\366Y\203%\016\340\302\035\3575\206\343\026\312\251\017\210\345)}S\206\274\314_\311\t\316\205\037\364&\002 Y\037\331\036\005\211\003\013t\265V\313Y\016h^\371\032\221\210H\233eiK\377\350\0147\251\225\234""; ","validation: """"\200\000\000\001&\000\000\000\036)/\351\253\016:p\210\265\307-\212\200\004Q>\034\236l\273\005G\316F\217}[\036\007\270:\260\335\271B\241N\345\330\204\327f\361\272Kb\037P\027\000\000\000\000\000\000\000\000\000\000\000\000\000\000\000\000\000\000\000\000\000\000\000\000\000\000\000\000\000\000\000\000P\031\357&Q\217\267\303\356I\236\357\264\311b\037\366\035\253\343\311\265\240\327q\206f\262ODi\215-\363s!\002\364d\217\366\217|\316F\232\231\241\n\261\333`\312O\367\235\025DD\336e\367\n\312\326\221\037\025\230vG0E\002!\000\366Y\203%\016\340\302\035\3575\206\343\026\312\251\017\210\345)}S\206\274\314_\311\t\316\205\037\364&\002 Y\037\331\036\005\211\003\013t\265V\313Y\016h^\371\032\221\210H\233eiK\377\350\0147\251\225\234""; "
1750527630484,1750527630484,0,1,0,1,TMGetLedger,"itype: liBASE; ledgerHash: "">\034\236l\273\005G\316F\217}[\036\007\270:\260\335\271B\241N\345\330\204\327f\361\272Kb\037""; queryType: qtINDIRECT; ","itype: liBASE; ledgerHash: "">\034\236l\273\005G\316F\217}[\036\007\270:\260\335\271B\241N\345\330\204\327f\361\272Kb\037""; queryType: qtINDIRECT; "
1750527630484,1750527630484,0,1,3,1,TMLedgerData,"ledgerHash: "">\034\236l\273\005G\316F\217}[\036\007\270:\260\335\271B\241N\345\330\204\327f\361\272Kb\037""; ledgerSeq: 30; type: liBASE; nodes {;   nodedata: ""\000\000\000\036\001cEx]\211\377\330\357&Q\217\267\303\356I\236\357\264\311b\037\366\035\253\343\311\265\240\327q\206f\262ODi\215-\363\000\000\000\000\000\000\000\000\000\000\000\000\000\000\000\000\000\000\000\000\000\000\000\000\000\000\000\000\000\000\000\000y\213[\304f\313\032 \232}R\347Z\211K\0360\356\035\235\313\025(\202\275\314g\036RH~W/\351\253\016/\351\253\017\n\000""; }; nodes {;   nodedata: ""\323C\344\327\264{\312-\017:\006{\177\344N\002\326bO\260\220\006\033\362\345\005U\221DzJ0\001\301\025%1L\307\t\261\262z\374\222T\301\274V\236\223\262\270Ct\362\337b\356\024*\324\320\351\317\002k\336\234\027v\351\217\260\303\360\233ZPZWr\246$w\313\313\r\243r\232\2234\373\3539:N\004Q\245\272D\312D\300\300\t\323\0257\345e\271\na\215{\226\255x%T\257\037\333\004\344_/R\006E\344\037@\210\363\010\336T\226\247'\204_{\261\370""1\235\2445\343\033Y!\212\201\341\272\225'\007Oe\010w\312T\2419\266\226\226?\235\357\234#\364qB\234A\020\241\342F\016y?H\353\351\341\013\003""; }; ","ledgerHash: "">\034\236l\273\005G\316F\217}[\036\007\270:\260\335\271B\241N\345\330\204\327f\361\272Kb\037""; ledgerSeq: 30; type: liBASE; nodes {;   nodedata: ""\000\000\000\036\001cEx]\211\377\330\357&Q\217\267\303\356I\236\357\264\311b\037\366\035\253\343\311\265\240\327q\206f\262ODi\215-\363\000\000\000\000\000\000\000\000\000\000\000\000\000\000\000\000\000\000\000\000\000\000\000\000\000\000\000\000\000\000\000\000y\213[\304f\313\032 \232}R\347Z\211K\0360\356\035\235\313\025(\202\275\314g\036RH~W/\351\253\016/\351\253\017\n\000""; }; nodes {;   nodedata: ""\323C\344\327\264{\312-\017:\006{\177\344N\002\326bO\260\220\006\033\362\345\005U\221DzJ0\001\301\025%1L\307\t\261\262z\374\222T\301\274V\236\223\262\270Ct\362\337b\356\024*\324\320\351\317\002k\336\234\027v\351\217\260\303\360\233ZPZWr\246$w\313\313\r\243r\232\2234\373\3539:N\004Q\245\272D\312D\300\300\t\323\0257\345e\271\na\215{\226\255x%T\257\037\333\004\344_/R\006E\344\037@\210\363\010\336T\226\247'\204_{\261\370""1\235\2445\343\033Y!\212\201\341\272\225'\007Oe\010w\312T\2419\266\226\226?\235\357\234#\364qB\234A\020\241\342F\016y?H\353\351\341\013\003""; }; "
1750527630485,1750527630485,0,1,2,1,TMGetLedger,"itype: liBASE; ledgerHash: "">\034\236l\273\005G\316F\217}[\036\007\270:\260\335\271B\241N\345\330\204\327f\361\272Kb\037""; ledgerSeq: 30; queryType: qtINDIRECT; ","itype: liBASE; ledgerHash: "">\034\236l\273\005G\316F\217}[\036\007\270:\260\335\271B\241N\345\330\204\327f\361\272Kb\037""; ledgerSeq: 30; queryType: qtINDIRECT; "
1750527630486,1750527630486,0,1,2,1,TMValidation,"validation: """"\200\000\000\001&\000\000\000\036)/\351\253\016:p\210\265\307-\212\200\004Q>\034\236l\273\005G\316F\217}[\036\007\270:\260\335\271B\241N\345\330\204\327f\361\272Kb\037P\027\000\000\000\000\000\000\000\000\000\000\000\000\000\000\000\000\000\000\000\000\000\000\000\000\000\000\000\000\000\000\000\000P\031\357&Q\217\267\303\356I\236\357\264\311b\037\366\035\253\343\311\265\240\327q\206f\262ODi\215-\363s!\002\364d\217\366\217|\316F\232\231\241\n\261\333`\312O\367\235\025DD\336e\367\n\312\326\221\037\025\230vG0E\002!\000\366Y\203%\016\340\302\035\3575\206\343\026\312\251\017\210\345)}S\206\274\314_\311\t\316\205\037\364&\002 Y\037\331\036\005\211\003\013t\265V\313Y\016h^\371\032\221\210H\233eiK\377\350\0147\251\225\234""; ","validation: """"\200\000\000\001&\000\000\000\036)/\351\253\016:p\210\265\307-\212\200\004Q>\034\236l\273\005G\316F\217}[\036\007\270:\260\335\271B\241N\345\330\204\327f\361\272Kb\037P\027\000\000\000\000\000\000\000\000\000\000\000\000\000\000\000\000\000\000\000\000\000\000\000\000\000\000\000\000\000\000\000\000P\031\357&Q\217\267\303\356I\236\357\264\311b\037\366\035\253\343\311\265\240\327q\206f\262ODi\215-\363s!\002\364d\217\366\217|\316F\232\231\241\n\261\333`\312O\367\235\025DD\336e\367\n\312\326\221\037\025\230vG0E\002!\000\366Y\203%\016\340\302\035\3575\206\343\026\312\251\017\210\345)}S\206\274\314_\311\t\316\205\037\364&\002 Y\037\331\036\005\211\003\013t\265V\313Y\016h^\371\032\221\210H\233eiK\377\350\0147\251\225\234""; "
1750527630487,1750527630487,0,1,0,2,TMGetLedger,"itype: liBASE; ledgerHash: "">\034\236l\273\005G\316F\217}[\036\007\270:\260\335\271B\241N\345\330\204\327f\361\272Kb\037""; queryType: qtINDIRECT; ","itype: liBASE; ledgerHash: "">\034\236l\273\005G\316F\217}[\036\007\270:\260\335\271B\241N\345\330\204\327f\361\272Kb\037""; queryType: qtINDIRECT; "
1750527630487,1750527630487,0,1,0,2,TMValidation,"validation: """"\200\000\000\001&\000\000\000\036)/\351\253\016:p\210\265\307-\212\200\004Q>\034\236l\273\005G\316F\217}[\036\007\270:\260\335\271B\241N\345\330\204\327f\361\272Kb\037P\027\000\000\000\000\000\000\000\000\000\000\000\000\000\000\000\000\000\000\000\000\000\000\000\000\000\000\000\000\000\000\000\000P\031\357&Q\217\267\303\356I\236\357\264\311b\037\366\035\253\343\311\265\240\327q\206f\262ODi\215-\363s!\002\364d\217\366\217|\316F\232\231\241\n\261\333`\312O\367\235\025DD\336e\367\n\312\326\221\037\025\230vG0E\002!\000\366Y\203%\016\340\302\035\3575\206\343\026\312\251\017\210\345)}S\206\274\314_\311\t\316\205\037\364&\002 Y\037\331\036\005\211\003\013t\265V\313Y\016h^\371\032\221\210H\233eiK\377\350\0147\251\225\234""; ","validation: """"\200\000\000\001&\000\000\000\036)/\351\253\016:p\210\265\307-\212\200\004Q>\034\236l\273\005G\316F\217}[\036\007\270:\260\335\271B\241N\345\330\204\327f\361\272Kb\037P\027\000\000\000\000\000\000\000\000\000\000\000\000\000\000\000\000\000\000\000\000\000\000\000\000\000\000\000\000\000\000\000\000P\031\357&Q\217\267\303\356I\236\357\264\311b\037\366\035\253\343\311\265\240\327q\206f\262ODi\215-\363s!\002\364d\217\366\217|\316F\232\231\241\n\261\333`\312O\367\235\025DD\336e\367\n\312\326\221\037\025\230vG0E\002!\000\366Y\203%\016\340\302\035\3575\206\343\026\312\251\017\210\345)}S\206\274\314_\311\t\316\205\037\364&\002 Y\037\331\036\005\211\003\013t\265V\313Y\016h^\371\032\221\210H\233eiK\377\350\0147\251\225\234""; "
1750527630488,1750527630488,0,1,3,2,TMLedgerData,"ledgerHash: "">\034\236l\273\005G\316F\217}[\036\007\270:\260\335\271B\241N\345\330\204\327f\361\272Kb\037""; ledgerSeq: 30; type: liBASE; nodes {;   nodedata: ""\000\000\000\036\001cEx]\211\377\330\357&Q\217\267\303\356I\236\357\264\311b\037\366\035\253\343\311\265\240\327q\206f\262ODi\215-\363\000\000\000\000\000\000\000\000\000\000\000\000\000\000\000\000\000\000\000\000\000\000\000\000\000\000\000\000\000\000\000\000y\213[\304f\313\032 \232}R\347Z\211K\0360\356\035\235\313\025(\202\275\314g\036RH~W/\351\253\016/\351\253\017\n\000""; }; nodes {;   nodedata: ""\323C\344\327\264{\312-\017:\006{\177\344N\002\326bO\260\220\006\033\362\345\005U\221DzJ0\001\301\025%1L\307\t\261\262z\374\222T\301\274V\236\223\262\270Ct\362\337b\356\024*\324\320\351\317\002k\336\234\027v\351\217\260\303\360\233ZPZWr\246$w\313\313\r\243r\232\2234\373\3539:N\004Q\245\272D\312D\300\300\t\323\0257\345e\271\na\215{\226\255x%T\257\037\333\004\344_/R\006E\344\037@\210\363\010\336T\226\247'\204_{\261\370""1\235\2445\343\033Y!\212\201\341\272\225'\007Oe\010w\312T\2419\266\226\226?\235\357\234#\364qB\234A\020\241\342F\016y?H\353\351\341\013\003""; }; ","ledgerHash: "">\034\236l\273\005G\316F\217}[\036\007\270:\260\335\271B\241N\345\330\204\327f\361\272Kb\037""; ledgerSeq: 30; type: liBASE; nodes {;   nodedata: ""\000\000\000\036\001cEx]\211\377\330\357&Q\217\267\303\356I\236\357\264\311b\037\366\035\253\343\311\265\240\327q\206f\262ODi\215-\363\000\000\000\000\000\000\000\000\000\000\000\000\000\000\000\000\000\000\000\000\000\000\000\000\000\000\000\000\000\000\000\000y\213[\304f\313\032 \232}R\347Z\211K\0360\356\035\235\313\025(\202\275\314g\036RH~W/\351\253\016/\351\253\017\n\000""; }; nodes {;   nodedata: ""\323C\344\327\264{\312-\017:\006{\177\344N\002\326bO\260\220\006\033\362\345\005U\221DzJ0\001\301\025%1L\307\t\261\262z\374\222T\301\274V\236\223\262\270Ct\362\337b\356\024*\324\320\351\317\002k\336\234\027v\351\217\260\303\360\233ZPZWr\246$w\313\313\r\243r\232\2234\373\3539:N\004Q\245\272D\312D\300\300\t\323\0257\345e\271\na\215{\226\255x%T\257\037\333\004\344_/R\006E\344\037@\210\363\010\336T\226\247'\204_{\261\370""1\235\2445\343\033Y!\212\201\341\272\225'\007Oe\010w\312T\2419\266\226\226?\235\357\234#\364qB\234A\020\241\342F\016y?H\353\351\341\013\003""; }; "
1750527630488,1750527630488,0,1,1,2,TMGetLedger,"itype: liBASE; ledgerHash: "">\034\236l\273\005G\316F\217}[\036\007\270:\260\335\271B\241N\345\330\204\327f\361\272Kb\037""; ledgerSeq: 30; queryType: qtINDIRECT; ","itype: liBASE; ledgerHash: "">\034\236l\273\005G\316F\217}[\036\007\270:\260\335\271B\241N\345\330\204\327f\361\272Kb\037""; ledgerSeq: 30; queryType: qtINDIRECT; "
1750527630489,1750527630489,0,1,1,2,TMValidation,"validation: """"\200\000\000\001&\000\000\000\036)/\351\253\016:p\210\265\307-\212\200\004Q>\034\236l\273\005G\316F\217}[\036\007\270:\260\335\271B\241N\345\330\204\327f\361\272Kb\037P\027\000\000\000\000\000\000\000\000\000\000\000\000\000\000\000\000\000\000\000\000\000\000\000\000\000\000\000\000\000\000\000\000P\031\357&Q\217\267\303\356I\236\357\264\311b\037\366\035\253\343\311\265\240\327q\206f\262ODi\215-\363s!\002\364d\217\366\217|\316F\232\231\241\n\261\333`\312O\367\235\025DD\336e\367\n\312\326\221\037\025\230vG0E\002!\000\366Y\203%\016\340\302\035\3575\206\343\026\312\251\017\210\345)}S\206\274\314_\311\t\316\205\037\364&\002 Y\037\331\036\005\211\003\013t\265V\313Y\016h^\371\032\221\210H\233eiK\377\350\0147\251\225\234""; ","validation: """"\200\000\000\001&\000\000\000\036)/\351\253\016:p\210\265\307-\212\200\004Q>\034\236l\273\005G\316F\217}[\036\007\270:\260\335\271B\241N\345\330\204\327f\361\272Kb\037P\027\000\000\000\000\000\000\000\000\000\000\000\000\000\000\000\000\000\000\000\000\000\000\000\000\000\000\000\000\000\000\000\000P\031\357&Q\217\267\303\356I\236\357\264\311b\037\366\035\253\343\311\265\240\327q\206f\262ODi\215-\363s!\002\364d\217\366\217|\316F\232\231\241\n\261\333`\312O\367\235\025DD\336e\367\n\312\326\221\037\025\230vG0E\002!\000\366Y\203%\016\340\302\035\3575\206\343\026\312\251\017\210\345)}S\206\274\314_\311\t\316\205\037\364&\002 Y\037\331\036\005\211\003\013t\265V\313Y\016h^\371\032\221\210H\233eiK\377\350\0147\251\225\234""; "
1750527630489,1750527630489,0,1,3,1,TMLedgerData,"ledgerHash: "">\034\236l\273\005G\316F\217}[\036\007\270:\260\335\271B\241N\345\330\204\327f\361\272Kb\037""; ledgerSeq: 30; type: liBASE; nodes {;   nodedata: ""\000\000\000\036\001cEx]\211\377\330\357&Q\217\267\303\356I\236\357\264\311b\037\366\035\253\343\311\265\240\327q\206f\262ODi\215-\363\000\000\000\000\000\000\000\000\000\000\000\000\000\000\000\000\000\000\000\000\000\000\000\000\000\000\000\000\000\000\000\000y\213[\304f\313\032 \232}R\347Z\211K\0360\356\035\235\313\025(\202\275\314g\036RH~W/\351\253\016/\351\253\017\n\000""; }; nodes {;   nodedata: ""\323C\344\327\264{\312-\017:\006{\177\344N\002\326bO\260\220\006\033\362\345\005U\221DzJ0\001\301\025%1L\307\t\261\262z\374\222T\301\274V\236\223\262\270Ct\362\337b\356\024*\324\320\351\317\002k\336\234\027v\351\217\260\303\360\233ZPZWr\246$w\313\313\r\243r\232\2234\373\3539:N\004Q\245\272D\312D\300\300\t\323\0257\345e\271\na\215{\226\255x%T\257\037\333\004\344_/R\006E\344\037@\210\363\010\336T\226\247'\204_{\261\370""1\235\2445\343\033Y!\212\201\341\272\225'\007Oe\010w\312T\2419\266\226\226?\235\357\234#\364qB\234A\020\241\342F\016y?H\353\351\341\013\003""; }; ","ledgerHash: "">\034\236l\273\005G\316F\217}[\036\007\270:\260\335\271B\241N\345\330\204\327f\361\272Kb\037""; ledgerSeq: 30; type: liBASE; nodes {;   nodedata: ""\000\000\000\036\001cEx]\211\377\330\357&Q\217\267\303\356I\236\357\264\311b\037\366\035\253\343\311\265\240\327q\206f\262ODi\215-\363\000\000\000\000\000\000\000\000\000\000\000\000\000\000\000\000\000\000\000\000\000\000\000\000\000\000\000\000\000\000\000\000y\213[\304f\313\032 \232}R\347Z\211K\0360\356\035\235\313\025(\202\275\314g\036RH~W/\351\253\016/\351\253\017\n\000""; }; nodes {;   nodedata: ""\323C\344\327\264{\312-\017:\006{\177\344N\002\326bO\260\220\006\033\362\345\005U\221DzJ0\001\301\025%1L\307\t\261\262z\374\222T\301\274V\236\223\262\270Ct\362\337b\356\024*\324\320\351\317\002k\336\234\027v\351\217\260\303\360\233ZPZWr\246$w\313\313\r\243r\232\2234\373\3539:N\004Q\245\272D\312D\300\300\t\323\0257\345e\271\na\215{\226\255x%T\257\037\333\004\344_/R\006E\344\037@\210\363\010\336T\226\247'\204_{\261\370""1\235\2445\343\033Y!\212\201\341\272\225'\007Oe\010w\312T\2419\266\226\226?\235\357\234#\364qB\234A\020\241\342F\016y?H\353\351\341\013\003""; }; "
1750527630490,1750527630490,0,1,4,3,TMGetLedger,"itype: liBASE; ledgerHash: "">\034\236l\273\005G\316F\217}[\036\007\270:\260\335\271B\241N\345\330\204\327f\361\272Kb\037""; ledgerSeq: 30; requestCookie: 3; queryType: qtINDIRECT; ","itype: liBASE; ledgerHash: "">\034\236l\273\005G\316F\217}[\036\007\270:\260\335\271B\241N\345\330\204\327f\361\272Kb\037""; ledgerSeq: 30; requestCookie: 3; queryType: qtINDIRECT; "
1750527630491,1750527630491,0,1,3,0,TMLedgerData,"ledgerHash: "">\034\236l\273\005G\316F\217}[\036\007\270:\260\335\271B\241N\345\330\204\327f\361\272Kb\037""; ledgerSeq: 30; type: liBASE; nodes {;   nodedata: ""\000\000\000\036\001cEx]\211\377\330\357&Q\217\267\303\356I\236\357\264\311b\037\366\035\253\343\311\265\240\327q\206f\262ODi\215-\363\000\000\000\000\000\000\000\000\000\000\000\000\000\000\000\000\000\000\000\000\000\000\000\000\000\000\000\000\000\000\000\000y\213[\304f\313\032 \232}R\347Z\211K\0360\356\035\235\313\025(\202\275\314g\036RH~W/\351\253\016/\351\253\017\n\000""; }; nodes {;   nodedata: ""\323C\344\327\264{\312-\017:\006{\177\344N\002\326bO\260\220\006\033\362\345\005U\221DzJ0\001\301\025%1L\307\t\261\262z\374\222T\301\274V\236\223\262\270Ct\362\337b\356\024*\324\320\351\317\002k\336\234\027v\351\217\260\303\360\233ZPZWr\246$w\313\313\r\243r\232\2234\373\3539:N\004Q\245\272D\312D\300\300\t\323\0257\345e\271\na\215{\226\255x%T\257\037\333\004\344_/R\006E\344\037@\210\363\010\336T\226\247'\204_{\261\370""1\235\2445\343\033Y!\212\201\341\272\225'\007Oe\010w\312T\2419\266\226\226?\235\357\234#\364qB\234A\020\241\342F\016y?H\353\351\341\013\003""; }; ","ledgerHash: "">\034\236l\273\005G\316F\217}[\036\007\270:\260\335\271B\241N\345\330\204\327f\361\272Kb\037""; ledgerSeq: 30; type: liBASE; nodes {;   nodedata: ""\000\000\000\036\001cEx]\211\377\330\357&Q\217\267\303\356I\236\357\264\311b\037\366\035\253\343\311\265\240\327q\206f\262ODi\215-\363\000\000\000\000\000\000\000\000\000\000\000\000\000\000\000\000\000\000\000\000\000\000\000\000\000\000\000\000\000\000\000\000y\213[\304f\313\032 \232}R\347Z\211K\0360\356\035\235\313\025(\202\275\314g\036RH~W/\351\253\016/\351\253\017\n\000""; }; nodes {;   nodedata: ""\323C\344\327\264{\312-\017:\006{\177\344N\002\326bO\260\220\006\033\362\345\005U\221DzJ0\001\301\025%1L\307\t\261\262z\374\222T\301\274V\236\223\262\270Ct\362\337b\356\024*\324\320\351\317\002k\336\234\027v\351\217\260\303\360\233ZPZWr\246$w\313\313\r\243r\232\2234\373\3539:N\004Q\245\272D\312D\300\300\t\323\0257\345e\271\na\215{\226\255x%T\257\037\333\004\344_/R\006E\344\037@\210\363\010\336T\226\247'\204_{\261\370""1\235\2445\343\033Y!\212\201\341\272\225'\007Oe\010w\312T\2419\266\226\226?\235\357\234#\364qB\234A\020\241\342F\016y?H\353\351\341\013\003""; }; "
1750527630491,1750527630491,0,1,1,0,TMGetLedger,"itype: liBASE; ledgerHash: "">\034\236l\273\005G\316F\217}[\036\007\270:\260\335\271B\241N\345\330\204\327f\361\272Kb\037""; ledgerSeq: 30; queryType: qtINDIRECT; ","itype: liBASE; ledgerHash: "">\034\236l\273\005G\316F\217}[\036\007\270:\260\335\271B\241N\345\330\204\327f\361\272Kb\037""; ledgerSeq: 30; queryType: qtINDIRECT; "
1750527630492,1750527630492,0,1,1,0,TMValidation,"validation: """"\200\000\000\001&\000\000\000\036)/\351\253\016:p\210\265\307-\212\200\004Q>\034\236l\273\005G\316F\217}[\036\007\270:\260\335\271B\241N\345\330\204\327f\361\272Kb\037P\027\000\000\000\000\000\000\000\000\000\000\000\000\000\000\000\000\000\000\000\000\000\000\000\000\000\000\000\000\000\000\000\000P\031\357&Q\217\267\303\356I\236\357\264\311b\037\366\035\253\343\311\265\240\327q\206f\262ODi\215-\363s!\002\364d\217\366\217|\316F\232\231\241\n\261\333`\312O\367\235\025DD\336e\367\n\312\326\221\037\025\230vG0E\002!\000\366Y\203%\016\340\302\035\3575\206\343\026\312\251\017\210\345)}S\206\274\314_\311\t\316\205\037\364&\002 Y\037\331\036\005\211\003\013t\265V\313Y\016h^\371\032\221\210H\233eiK\377\350\0147\251\225\234""; ","validation: """"\200\000\000\001&\000\000\000\036)/\351\253\016:p\210\265\307-\212\200\004Q>\034\236l\273\005G\316F\217}[\036\007\270:\260\335\271B\241N\345\330\204\327f\361\272Kb\037P\027\000\000\000\000\000\000\000\000\000\000\000\000\000\000\000\000\000\000\000\000\000\000\000\000\000\000\000\000\000\000\000\000P\031\357&Q\217\267\303\356I\236\357\264\311b\037\366\035\253\343\311\265\240\327q\206f\262ODi\215-\363s!\002\364d\217\366\217|\316F\232\231\241\n\261\333`\312O\367\235\025DD\336e\367\n\312\326\221\037\025\230vG0E\002!\000\366Y\203%\016\340\302\035\3575\206\343\026\312\251\017\210\345)}S\206\274\314_\311\t\316\205\037\364&\002 Y\037\331\036\005\211\003\013t\265V\313Y\016h^\371\032\221\210H\233eiK\377\350\0147\251\225\234""; "
1750527630492,1750527630492,0,1,2,0,TMGetLedger,"itype: liBASE; ledgerHash: "">\034\236l\273\005G\316F\217}[\036\007\270:\260\335\271B\241N\345\330\204\327f\361\272Kb\037""; ledgerSeq: 30; queryType: qtINDIRECT; ","itype: liBASE; ledgerHash: "">\034\236l\273\005G\316F\217}[\036\007\270:\260\335\271B\241N\345\330\204\327f\361\272Kb\037""; ledgerSeq: 30; queryType: qtINDIRECT; "
1750527630493,1750527630493,0,1,2,0,TMValidation,"validation: """"\200\000\000\001&\000\000\000\036)/\351\253\016:p\210\265\307-\212\200\004Q>\034\236l\273\005G\316F\217}[\036\007\270:\260\335\271B\241N\345\330\204\327f\361\272Kb\037P\027\000\000\000\000\000\000\000\000\000\000\000\000\000\000\000\000\000\000\000\000\000\000\000\000\000\000\000\000\000\000\000\000P\031\357&Q\217\267\303\356I\236\357\264\311b\037\366\035\253\343\311\265\240\327q\206f\262ODi\215-\363s!\002\364d\217\366\217|\316F\232\231\241\n\261\333`\312O\367\235\025DD\336e\367\n\312\326\221\037\025\230vG0E\002!\000\366Y\203%\016\340\302\035\3575\206\343\026\312\251\017\210\345)}S\206\274\314_\311\t\316\205\037\364&\002 Y\037\331\036\005\211\003\013t\265V\313Y\016h^\371\032\221\210H\233eiK\377\350\0147\251\225\234""; ","validation: """"\200\000\000\001&\000\000\000\036)/\351\253\016:p\210\265\307-\212\200\004Q>\034\236l\273\005G\316F\217}[\036\007\270:\260\335\271B\241N\345\330\204\327f\361\272Kb\037P\027\000\000\000\000\000\000\000\000\000\000\000\000\000\000\000\000\000\000\000\000\000\000\000\000\000\000\000\000\000\000\000\000P\031\357&Q\217\267\303\356I\236\357\264\311b\037\366\035\253\343\311\265\240\327q\206f\262ODi\215-\363s!\002\364d\217\366\217|\316F\232\231\241\n\261\333`\312O\367\235\025DD\336e\367\n\312\326\221\037\025\230vG0E\002!\000\366Y\203%\016\340\302\035\3575\206\343\026\312\251\017\210\345)}S\206\274\314_\311\t\316\205\037\364&\002 Y\037\331\036\005\211\003\013t\265V\313Y\016h^\371\032\221\210H\233eiK\377\350\0147\251\225\234""; "
1750527630493,1750527630494,0,1,4,3,TMGetLedger,"itype: liBASE; ledgerHash: "">\034\236l\273\005G\316F\217}[\036\007\270:\260\335\271B\241N\345\330\204\327f\361\272Kb\037""; ledgerSeq: 30; requestCookie: 2; queryType: qtINDIRECT; ","itype: liBASE; ledgerHash: "">\034\236l\273\005G\316F\217}[\036\007\270:\260\335\271B\241N\345\330\204\327f\361\272Kb\037""; ledgerSeq: 30; requestCookie: 2; queryType: qtINDIRECT; "
1750527630494,1750527630494,0,1,4,3,TMGetLedger,"itype: liBASE; ledgerHash: "">\034\236l\273\005G\316F\217}[\036\007\270:\260\335\271B\241N\345\330\204\327f\361\272Kb\037""; requestCookie: 1; queryType: qtINDIRECT; ","itype: liBASE; ledgerHash: "">\034\236l\273\005G\316F\217}[\036\007\270:\260\335\271B\241N\345\330\204\327f\361\272Kb\037""; requestCookie: 1; queryType: qtINDIRECT; "
1750527630495,1750527630495,0,1,1,3,TMGetLedger,"itype: liBASE; ledgerHash: "">\034\236l\273\005G\316F\217}[\036\007\270:\260\335\271B\241N\345\330\204\327f\361\272Kb\037""; requestCookie: 2; queryType: qtINDIRECT; ","itype: liBASE; ledgerHash: "">\034\236l\273\005G\316F\217}[\036\007\270:\260\335\271B\241N\345\330\204\327f\361\272Kb\037""; requestCookie: 2; queryType: qtINDIRECT; "
1750527630495,1750527630495,0,1,1,3,TMGetLedger,"itype: liBASE; ledgerHash: "">\034\236l\273\005G\316F\217}[\036\007\270:\260\335\271B\241N\345\330\204\327f\361\272Kb\037""; requestCookie: 5; queryType: qtINDIRECT; ","itype: liBASE; ledgerHash: "">\034\236l\273\005G\316F\217}[\036\007\270:\260\335\271B\241N\345\330\204\327f\361\272Kb\037""; requestCookie: 5; queryType: qtINDIRECT; "
1750527630496,1750527630496,0,1,2,3,TMGetLedger,"itype: liBASE; ledgerHash: "">\034\236l\273\005G\316F\217}[\036\007\270:\260\335\271B\241N\345\330\204\327f\361\272Kb\037""; ledgerSeq: 30; queryType: qtINDIRECT; ","itype: liBASE; ledgerHash: "">\034\236l\273\005G\316F\217}[\036\007\270:\260\335\271B\241N\345\330\204\327f\361\272Kb\037""; ledgerSeq: 30; queryType: qtINDIRECT; "
1750527630496,1750527630496,0,1,2,3,TMGetLedger,"itype: liBASE; ledgerHash: "">\034\236l\273\005G\316F\217}[\036\007\270:\260\335\271B\241N\345\330\204\327f\361\272Kb\037""; requestCookie: 2; queryType: qtINDIRECT; ","itype: liBASE; ledgerHash: "">\034\236l\273\005G\316F\217}[\036\007\270:\260\335\271B\241N\345\330\204\327f\361\272Kb\037""; requestCookie: 2; queryType: qtINDIRECT; "
1750527630497,1750527630497,0,1,2,3,TMGetLedger,"itype: liBASE; ledgerHash: "">\034\236l\273\005G\316F\217}[\036\007\270:\260\335\271B\241N\345\330\204\327f\361\272Kb\037""; requestCookie: 5; queryType: qtINDIRECT; ","itype: liBASE; ledgerHash: "">\034\236l\273\005G\316F\217}[\036\007\270:\260\335\271B\241N\345\330\204\327f\361\272Kb\037""; requestCookie: 5; queryType: qtINDIRECT; "
1750527630497,1750527630498,0,1,1,3,TMGetLedger,"itype: liBASE; ledgerHash: "">\034\236l\273\005G\316F\217}[\036\007\270:\260\335\271B\241N\345\330\204\327f\361\272Kb\037""; ledgerSeq: 30; requestCookie: 3; queryType: qtINDIRECT; ","itype: liBASE; ledgerHash: "">\034\236l\273\005G\316F\217}[\036\007\270:\260\335\271B\241N\345\330\204\327f\361\272Kb\037""; ledgerSeq: 30; requestCookie: 3; queryType: qtINDIRECT; "
1750527630498,1750527630498,0,1,1,3,TMGetLedger,"itype: liAS_NODE; ledgerHash: "">\034\236l\273\005G\316F\217}[\036\007\270:\260\335\271B\241N\345\330\204\327f\361\272Kb\037""; ledgerSeq: 30; nodeIDs: ""\260\000\000\000\000\000\000\000\000\000\000\000\000\000\000\000\000\000\000\000\000\000\000\000\000\000\000\000\000\000\000\000\001""; queryType: qtINDIRECT; queryDepth: 1; ","itype: liAS_NODE; ledgerHash: "">\034\236l\273\005G\316F\217}[\036\007\270:\260\335\271B\241N\345\330\204\327f\361\272Kb\037""; ledgerSeq: 30; nodeIDs: ""\260\000\000\000\000\000\000\000\000\000\000\000\000\000\000\000\000\000\000\000\000\000\000\000\000\000\000\000\000\000\000\000\001""; queryType: qtINDIRECT; queryDepth: 1; "
1750527630499,1750527630499,0,1,3,4,TMLedgerData,"ledgerHash: "">\034\236l\273\005G\316F\217}[\036\007\270:\260\335\271B\241N\345\330\204\327f\361\272Kb\037""; ledgerSeq: 30; type: liBASE; nodes {;   nodedata: ""\000\000\000\036\001cEx]\211\377\330\357&Q\217\267\303\356I\236\357\264\311b\037\366\035\253\343\311\265\240\327q\206f\262ODi\215-\363\000\000\000\000\000\000\000\000\000\000\000\000\000\000\000\000\000\000\000\000\000\000\000\000\000\000\000\000\000\000\000\000y\213[\304f\313\032 \232}R\347Z\211K\0360\356\035\235\313\025(\202\275\314g\036RH~W/\351\253\016/\351\253\017\n\000""; }; nodes {;   nodedata: ""\323C\344\327\264{\312-\017:\006{\177\344N\002\326bO\260\220\006\033\362\345\005U\221DzJ0\001\301\025%1L\307\t\261\262z\374\222T\301\274V\236\223\262\270Ct\362\337b\356\024*\324\320\351\317\002k\336\234\027v\351\217\260\303\360\233ZPZWr\246$w\313\313\r\243r\232\2234\373\3539:N\004Q\245\272D\312D\300\300\t\323\0257\345e\271\na\215{\226\255x%T\257\037\333\004\344_/R\006E\344\037@\210\363\010\336T\226\247'\204_{\261\370""1\235\2445\343\033Y!\212\201\341\272\225'\007Oe\010w\312T\2419\266\226\226?\235\357\234#\364qB\234A\020\241\342F\016y?H\353\351\341\013\003""; }; ","ledgerHash: "">\034\236l\273\005G\316F\217}[\036\007\270:\260\335\271B\241N\345\330\204\327f\361\272Kb\037""; ledgerSeq: 30; type: liBASE; nodes {;   nodedata: ""\000\000\000\036\001cEx]\211\377\330\357&Q\217\267\303\356I\236\357\264\311b\037\366\035\253\343\311\265\240\327q\206f\262ODi\215-\363\000\000\000\000\000\000\000\000\000\000\000\000\000\000\000\000\000\000\000\000\000\000\000\000\000\000\000\000\000\000\000\000y\213[\304f\313\032 \232}R\347Z\211K\0360\356\035\235\313\025(\202\275\314g\036RH~W/\351\253\016/\351\253\017\n\000""; }; nodes {;   nodedata: ""\323C\344\327\264{\312-\017:\006{\177\344N\002\326bO\260\220\006\033\362\345\005U\221DzJ0\001\301\025%1L\307\t\261\262z\374\222T\301\274V\236\223\262\270Ct\362\337b\356\024*\324\320\351\317\002k\336\234\027v\351\217\260\303\360\233ZPZWr\246$w\313\313\r\243r\232\2234\373\3539:N\004Q\245\272D\312D\300\300\t\323\0257\345e\271\na\215{\226\255x%T\257\037\333\004\344_/R\006E\344\037@\210\363\010\336T\226\247'\204_{\261\370""1\235\2445\343\033Y!\212\201\341\272\225'\007Oe\010w\312T\2419\266\226\226?\235\357\234#\364qB\234A\020\241\342F\016y?H\353\351\341\013\003""; }; "
1750527630499,1750527630500,0,1,0,3,TMGetLedger,"itype: liBASE; ledgerHash: "">\034\236l\273\005G\316F\217}[\036\007\270:\260\335\271B\241N\345\330\204\327f\361\272Kb\037""; queryType: qtINDIRECT; ","itype: liBASE; ledgerHash: "">\034\236l\273\005G\316F\217}[\036\007\270:\260\335\271B\241N\345\330\204\327f\361\272Kb\037""; queryType: qtINDIRECT; "
1750527630500,1750527630500,0,1,0,3,TMGetLedger,"itype: liBASE; ledgerHash: "">\034\236l\273\005G\316F\217}[\036\007\270:\260\335\271B\241N\345\330\204\327f\361\272Kb\037""; requestCookie: 5; queryType: qtINDIRECT; ","itype: liBASE; ledgerHash: "">\034\236l\273\005G\316F\217}[\036\007\270:\260\335\271B\241N\345\330\204\327f\361\272Kb\037""; requestCookie: 5; queryType: qtINDIRECT; "
1750527630503,1750527630503,0,1,4,3,TMGetLedger,"itype: liAS_NODE; ledgerHash: "">\034\236l\273\005G\316F\217}[\036\007\270:\260\335\271B\241N\345\330\204\327f\361\272Kb\037""; ledgerSeq: 30; nodeIDs: ""\260\000\000\000\000\000\000\000\000\000\000\000\000\000\000\000\000\000\000\000\000\000\000\000\000\000\000\000\000\000\000\000\001""; queryType: qtINDIRECT; queryDepth: 1; ","itype: liAS_NODE; ledgerHash: "">\034\236l\273\005G\316F\217}[\036\007\270:\260\335\271B\241N\345\330\204\327f\361\272Kb\037""; ledgerSeq: 30; nodeIDs: ""\260\000\000\000\000\000\000\000\000\000\000\000\000\000\000\000\000\000\000\000\000\000\000\000\000\000\000\000\000\000\000\000\001""; queryType: qtINDIRECT; queryDepth: 1; "
1750527630518,1750527630518,0,1,3,4,TMLedgerData,"ledgerHash: "">\034\236l\273\005G\316F\217}[\036\007\270:\260\335\271B\241N\345\330\204\327f\361\272Kb\037""; ledgerSeq: 30; type: liBASE; nodes {;   nodedata: ""\000\000\000\036\001cEx]\211\377\330\357&Q\217\267\303\356I\236\357\264\311b\037\366\035\253\343\311\265\240\327q\206f\262ODi\215-\363\000\000\000\000\000\000\000\000\000\000\000\000\000\000\000\000\000\000\000\000\000\000\000\000\000\000\000\000\000\000\000\000y\213[\304f\313\032 \232}R\347Z\211K\0360\356\035\235\313\025(\202\275\314g\036RH~W/\351\253\016/\351\253\017\n\000""; }; nodes {;   nodedata: ""\323C\344\327\264{\312-\017:\006{\177\344N\002\326bO\260\220\006\033\362\345\005U\221DzJ0\001\301\025%1L\307\t\261\262z\374\222T\301\274V\236\223\262\270Ct\362\337b\356\024*\324\320\351\317\002k\336\234\027v\351\217\260\303\360\233ZPZWr\246$w\313\313\r\243r\232\2234\373\3539:N\004Q\245\272D\312D\300\300\t\323\0257\345e\271\na\215{\226\255x%T\257\037\333\004\344_/R\006E\344\037@\210\363\010\336T\226\247'\204_{\261\370""1\235\2445\343\033Y!\212\201\341\272\225'\007Oe\010w\312T\2419\266\226\226?\235\357\234#\364qB\234A\020\241\342F\016y?H\353\351\341\013\003""; }; requestCookie: 3; ","ledgerHash: "">\034\236l\273\005G\316F\217}[\036\007\270:\260\335\271B\241N\345\330\204\327f\361\272Kb\037""; ledgerSeq: 30; type: liBASE; nodes {;   nodedata: ""\000\000\000\036\001cEx]\211\377\330\357&Q\217\267\303\356I\236\357\264\311b\037\366\035\253\343\311\265\240\327q\206f\262ODi\215-\363\000\000\000\000\000\000\000\000\000\000\000\000\000\000\000\000\000\000\000\000\000\000\000\000\000\000\000\000\000\000\000\000y\213[\304f\313\032 \232}R\347Z\211K\0360\356\035\235\313\025(\202\275\314g\036RH~W/\351\253\016/\351\253\017\n\000""; }; nodes {;   nodedata: ""\323C\344\327\264{\312-\017:\006{\177\344N\002\326bO\260\220\006\033\362\345\005U\221DzJ0\001\301\025%1L\307\t\261\262z\374\222T\301\274V\236\223\262\270Ct\362\337b\356\024*\324\320\351\317\002k\336\234\027v\351\217\260\303\360\233ZPZWr\246$w\313\313\r\243r\232\2234\373\3539:N\004Q\245\272D\312D\300\300\t\323\0257\345e\271\na\215{\226\255x%T\257\037\333\004\344_/R\006E\344\037@\210\363\010\336T\226\247'\204_{\261\370""1\235\2445\343\033Y!\212\201\341\272\225'\007Oe\010w\312T\2419\266\226\226?\235\357\234#\364qB\234A\020\241\342F\016y?H\353\351\341\013\003""; }; requestCookie: 3; "
1750527630518,1750527630518,0,1,3,2,TMLedgerData,"ledgerHash: "">\034\236l\273\005G\316F\217}[\036\007\270:\260\335\271B\241N\345\330\204\327f\361\272Kb\037""; ledgerSeq: 30; type: liBASE; nodes {;   nodedata: ""\000\000\000\036\001cEx]\211\377\330\357&Q\217\267\303\356I\236\357\264\311b\037\366\035\253\343\311\265\240\327q\206f\262ODi\215-\363\000\000\000\000\000\000\000\000\000\000\000\000\000\000\000\000\000\000\000\000\000\000\000\000\000\000\000\000\000\000\000\000y\213[\304f\313\032 \232}R\347Z\211K\0360\356\035\235\313\025(\202\275\314g\036RH~W/\351\253\016/\351\253\017\n\000""; }; nodes {;   nodedata: ""\323C\344\327\264{\312-\017:\006{\177\344N\002\326bO\260\220\006\033\362\345\005U\221DzJ0\001\301\025%1L\307\t\261\262z\374\222T\301\274V\236\223\262\270Ct\362\337b\356\024*\324\320\351\317\002k\336\234\027v\351\217\260\303\360\233ZPZWr\246$w\313\313\r\243r\232\2234\373\3539:N\004Q\245\272D\312D\300\300\t\323\0257\345e\271\na\215{\226\255x%T\257\037\333\004\344_/R\006E\344\037@\210\363\010\336T\226\247'\204_{\261\370""1\235\2445\343\033Y!\212\201\341\272\225'\007Oe\010w\312T\2419\266\226\226?\235\357\234#\364qB\234A\020\241\342F\016y?H\353\351\341\013\003""; }; ","ledgerHash: "">\034\236l\273\005G\316F\217}[\036\007\270:\260\335\271B\241N\345\330\204\327f\361\272Kb\037""; ledgerSeq: 30; type: liBASE; nodes {;   nodedata: ""\000\000\000\036\001cEx]\211\377\330\357&Q\217\267\303\356I\236\357\264\311b\037\366\035\253\343\311\265\240\327q\206f\262ODi\215-\363\000\000\000\000\000\000\000\000\000\000\000\000\000\000\000\000\000\000\000\000\000\000\000\000\000\000\000\000\000\000\000\000y\213[\304f\313\032 \232}R\347Z\211K\0360\356\035\235\313\025(\202\275\314g\036RH~W/\351\253\016/\351\253\017\n\000""; }; nodes {;   nodedata: ""\323C\344\327\264{\312-\017:\006{\177\344N\002\326bO\260\220\006\033\362\345\005U\221DzJ0\001\301\025%1L\307\t\261\262z\374\222T\301\274V\236\223\262\270Ct\362\337b\356\024*\324\320\351\317\002k\336\234\027v\351\217\260\303\360\233ZPZWr\246$w\313\313\r\243r\232\2234\373\3539:N\004Q\245\272D\312D\300\300\t\323\0257\345e\271\na\215{\226\255x%T\257\037\333\004\344_/R\006E\344\037@\210\363\010\336T\226\247'\204_{\261\370""1\235\2445\343\033Y!\212\201\341\272\225'\007Oe\010w\312T\2419\266\226\226?\235\357\234#\364qB\234A\020\241\342F\016y?H\353\351\341\013\003""; }; "
1750527630519,1750527630519,0,1,3,1,TMLedgerData,"ledgerHash: "">\034\236l\273\005G\316F\217}[\036\007\270:\260\335\271B\241N\345\330\204\327f\361\272Kb\037""; ledgerSeq: 30; type: liBASE; nodes {;   nodedata: ""\000\000\000\036\001cEx]\211\377\330\357&Q\217\267\303\356I\236\357\264\311b\037\366\035\253\343\311\265\240\327q\206f\262ODi\215-\363\000\000\000\000\000\000\000\000\000\000\000\000\000\000\000\000\000\000\000\000\000\000\000\000\000\000\000\000\000\000\000\000y\213[\304f\313\032 \232}R\347Z\211K\0360\356\035\235\313\025(\202\275\314g\036RH~W/\351\253\016/\351\253\017\n\000""; }; nodes {;   nodedata: ""\323C\344\327\264{\312-\017:\006{\177\344N\002\326bO\260\220\006\033\362\345\005U\221DzJ0\001\301\025%1L\307\t\261\262z\374\222T\301\274V\236\223\262\270Ct\362\337b\356\024*\324\320\351\317\002k\336\234\027v\351\217\260\303\360\233ZPZWr\246$w\313\313\r\243r\232\2234\373\3539:N\004Q\245\272D\312D\300\300\t\323\0257\345e\271\na\215{\226\255x%T\257\037\333\004\344_/R\006E\344\037@\210\363\010\336T\226\247'\204_{\261\370""1\235\2445\343\033Y!\212\201\341\272\225'\007Oe\010w\312T\2419\266\226\226?\235\357\234#\364qB\234A\020\241\342F\016y?H\353\351\341\013\003""; }; requestCookie: 2; ","ledgerHash: "">\034\236l\273\005G\316F\217}[\036\007\270:\260\335\271B\241N\345\330\204\327f\361\272Kb\037""; ledgerSeq: 30; type: liBASE; nodes {;   nodedata: ""\000\000\000\036\001cEx]\211\377\330\357&Q\217\267\303\356I\236\357\264\311b\037\366\035\253\343\311\265\240\327q\206f\262ODi\215-\363\000\000\000\000\000\000\000\000\000\000\000\000\000\000\000\000\000\000\000\000\000\000\000\000\000\000\000\000\000\000\000\000y\213[\304f\313\032 \232}R\347Z\211K\0360\356\035\235\313\025(\202\275\314g\036RH~W/\351\253\016/\351\253\017\n\000""; }; nodes {;   nodedata: ""\323C\344\327\264{\312-\017:\006{\177\344N\002\326bO\260\220\006\033\362\345\005U\221DzJ0\001\301\025%1L\307\t\261\262z\374\222T\301\274V\236\223\262\270Ct\362\337b\356\024*\324\320\351\317\002k\336\234\027v\351\217\260\303\360\233ZPZWr\246$w\313\313\r\243r\232\2234\373\3539:N\004Q\245\272D\312D\300\300\t\323\0257\345e\271\na\215{\226\255x%T\257\037\333\004\344_/R\006E\344\037@\210\363\010\336T\226\247'\204_{\261\370""1\235\2445\343\033Y!\212\201\341\272\225'\007Oe\010w\312T\2419\266\226\226?\235\357\234#\364qB\234A\020\241\342F\016y?H\353\351\341\013\003""; }; requestCookie: 2; "
1750527630519,1750527630520,0,1,3,4,TMLedgerData,"ledgerHash: "">\034\236l\273\005G\316F\217}[\036\007\270:\260\335\271B\241N\345\330\204\327f\361\272Kb\037""; ledgerSeq: 30; type: liBASE; nodes {;   nodedata: ""\000\000\000\036\001cEx]\211\377\330\357&Q\217\267\303\356I\236\357\264\311b\037\366\035\253\343\311\265\240\327q\206f\262ODi\215-\363\000\000\000\000\000\000\000\000\000\000\000\000\000\000\000\000\000\000\000\000\000\000\000\000\000\000\000\000\000\000\000\000y\213[\304f\313\032 \232}R\347Z\211K\0360\356\035\235\313\025(\202\275\314g\036RH~W/\351\253\016/\351\253\017\n\000""; }; nodes {;   nodedata: ""\323C\344\327\264{\312-\017:\006{\177\344N\002\326bO\260\220\006\033\362\345\005U\221DzJ0\001\301\025%1L\307\t\261\262z\374\222T\301\274V\236\223\262\270Ct\362\337b\356\024*\324\320\351\317\002k\336\234\027v\351\217\260\303\360\233ZPZWr\246$w\313\313\r\243r\232\2234\373\3539:N\004Q\245\272D\312D\300\300\t\323\0257\345e\271\na\215{\226\255x%T\257\037\333\004\344_/R\006E\344\037@\210\363\010\336T\226\247'\204_{\261\370""1\235\2445\343\033Y!\212\201\341\272\225'\007Oe\010w\312T\2419\266\226\226?\235\357\234#\364qB\234A\020\241\342F\016y?H\353\351\341\013\003""; }; requestCookie: 1; ","ledgerHash: "">\034\236l\273\005G\316F\217}[\036\007\270:\260\335\271B\241N\345\330\204\327f\361\272Kb\037""; ledgerSeq: 30; type: liBASE; nodes {;   nodedata: ""\000\000\000\036\001cEx]\211\377\330\357&Q\217\267\303\356I\236\357\264\311b\037\366\035\253\343\311\265\240\327q\206f\262ODi\215-\363\000\000\000\000\000\000\000\000\000\000\000\000\000\000\000\000\000\000\000\000\000\000\000\000\000\000\000\000\000\000\000\000y\213[\304f\313\032 \232}R\347Z\211K\0360\356\035\235\313\025(\202\275\314g\036RH~W/\351\253\016/\351\253\017\n\000""; }; nodes {;   nodedata: ""\323C\344\327\264{\312-\017:\006{\177\344N\002\326bO\260\220\006\033\362\345\005U\221DzJ0\001\301\025%1L\307\t\261\262z\374\222T\301\274V\236\223\262\270Ct\362\337b\356\024*\324\320\351\317\002k\336\234\027v\351\217\260\303\360\233ZPZWr\246$w\313\313\r\243r\232\2234\373\3539:N\004Q\245\272D\312D\300\300\t\323\0257\345e\271\na\215{\226\255x%T\257\037\333\004\344_/R\006E\344\037@\210\363\010\336T\226\247'\204_{\261\370""1\235\2445\343\033Y!\212\201\341\272\225'\007Oe\010w\312T\2419\266\226\226?\235\357\234#\364qB\234A\020\241\342F\016y?H\353\351\341\013\003""; }; requestCookie: 1; "
1750527630520,1750527630520,0,1,3,4,TMLedgerData,"ledgerHash: "">\034\236l\273\005G\316F\217}[\036\007\270:\260\335\271B\241N\345\330\204\327f\361\272Kb\037""; ledgerSeq: 30; type: liBASE; nodes {;   nodedata: ""\000\000\000\036\001cEx]\211\377\330\357&Q\217\267\303\356I\236\357\264\311b\037\366\035\253\343\311\265\240\327q\206f\262ODi\215-\363\000\000\000\000\000\000\000\000\000\000\000\000\000\000\000\000\000\000\000\000\000\000\000\000\000\000\000\000\000\000\000\000y\213[\304f\313\032 \232}R\347Z\211K\0360\356\035\235\313\025(\202\275\314g\036RH~W/\351\253\016/\351\253\017\n\000""; }; nodes {;   nodedata: ""\323C\344\327\264{\312-\017:\006{\177\344N\002\326bO\260\220\006\033\362\345\005U\221DzJ0\001\301\025%1L\307\t\261\262z\374\222T\301\274V\236\223\262\270Ct\362\337b\356\024*\324\320\351\317\002k\336\234\027v\351\217\260\303\360\233ZPZWr\246$w\313\313\r\243r\232\2234\373\3539:N\004Q\245\272D\312D\300\300\t\323\0257\345e\271\na\215{\226\255x%T\257\037\333\004\344_/R\006E\344\037@\210\363\010\336T\226\247'\204_{\261\370""1\235\2445\343\033Y!\212\201\341\272\225'\007Oe\010w\312T\2419\266\226\226?\235\357\234#\364qB\234A\020\241\342F\016y?H\353\351\341\013\003""; }; requestCookie: 2; ","ledgerHash: "">\034\236l\273\005G\316F\217}[\036\007\270:\260\335\271B\241N\345\330\204\327f\361\272Kb\037""; ledgerSeq: 30; type: liBASE; nodes {;   nodedata: ""\000\000\000\036\001cEx]\211\377\330\357&Q\217\267\303\356I\236\357\264\311b\037\366\035\253\343\311\265\240\327q\206f\262ODi\215-\363\000\000\000\000\000\000\000\000\000\000\000\000\000\000\000\000\000\000\000\000\000\000\000\000\000\000\000\000\000\000\000\000y\213[\304f\313\032 \232}R\347Z\211K\0360\356\035\235\313\025(\202\275\314g\036RH~W/\351\253\016/\351\253\017\n\000""; }; nodes {;   nodedata: ""\323C\344\327\264{\312-\017:\006{\177\344N\002\326bO\260\220\006\033\362\345\005U\221DzJ0\001\301\025%1L\307\t\261\262z\374\222T\301\274V\236\223\262\270Ct\362\337b\356\024*\324\320\351\317\002k\336\234\027v\351\217\260\303\360\233ZPZWr\246$w\313\313\r\243r\232\2234\373\3539:N\004Q\245\272D\312D\300\300\t\323\0257\345e\271\na\215{\226\255x%T\257\037\333\004\344_/R\006E\344\037@\210\363\010\336T\226\247'\204_{\261\370""1\235\2445\343\033Y!\212\201\341\272\225'\007Oe\010w\312T\2419\266\226\226?\235\357\234#\364qB\234A\020\241\342F\016y?H\353\351\341\013\003""; }; requestCookie: 2; "
1750527630520,1750527630520,0,1,3,0,TMLedgerData,"ledgerHash: "">\034\236l\273\005G\316F\217}[\036\007\270:\260\335\271B\241N\345\330\204\327f\361\272Kb\037""; ledgerSeq: 30; type: liBASE; nodes {;   nodedata: ""\000\000\000\036\001cEx]\211\377\330\357&Q\217\267\303\356I\236\357\264\311b\037\366\035\253\343\311\265\240\327q\206f\262ODi\215-\363\000\000\000\000\000\000\000\000\000\000\000\000\000\000\000\000\000\000\000\000\000\000\000\000\000\000\000\000\000\000\000\000y\213[\304f\313\032 \232}R\347Z\211K\0360\356\035\235\313\025(\202\275\314g\036RH~W/\351\253\016/\351\253\017\n\000""; }; nodes {;   nodedata: ""\323C\344\327\264{\312-\017:\006{\177\344N\002\326bO\260\220\006\033\362\345\005U\221DzJ0\001\301\025%1L\307\t\261\262z\374\222T\301\274V\236\223\262\270Ct\362\337b\356\024*\324\320\351\317\002k\336\234\027v\351\217\260\303\360\233ZPZWr\246$w\313\313\r\243r\232\2234\373\3539:N\004Q\245\272D\312D\300\300\t\323\0257\345e\271\na\215{\226\255x%T\257\037\333\004\344_/R\006E\344\037@\210\363\010\336T\226\247'\204_{\261\370""1\235\2445\343\033Y!\212\201\341\272\225'\007Oe\010w\312T\2419\266\226\226?\235\357\234#\364qB\234A\020\241\342F\016y?H\353\351\341\013\003""; }; requestCookie: 5; ","ledgerHash: "">\034\236l\273\005G\316F\217}[\036\007\270:\260\335\271B\241N\345\330\204\327f\361\272Kb\037""; ledgerSeq: 30; type: liBASE; nodes {;   nodedata: ""\000\000\000\036\001cEx]\211\377\330\357&Q\217\267\303\356I\236\357\264\311b\037\366\035\253\343\311\265\240\327q\206f\262ODi\215-\363\000\000\000\000\000\000\000\000\000\000\000\000\000\000\000\000\000\000\000\000\000\000\000\000\000\000\000\000\000\000\000\000y\213[\304f\313\032 \232}R\347Z\211K\0360\356\035\235\313\025(\202\275\314g\036RH~W/\351\253\016/\351\253\017\n\000""; }; nodes {;   nodedata: ""\323C\344\327\264{\312-\017:\006{\177\344N\002\326bO\260\220\006\033\362\345\005U\221DzJ0\001\301\025%1L\307\t\261\262z\374\222T\301\274V\236\223\262\270Ct\362\337b\356\024*\324\320\351\317\002k\336\234\027v\351\217\260\303\360\233ZPZWr\246$w\313\313\r\243r\232\2234\373\3539:N\004Q\245\272D\312D\300\300\t\323\0257\345e\271\na\215{\226\255x%T\257\037\333\004\344_/R\006E\344\037@\210\363\010\336T\226\247'\204_{\261\370""1\235\2445\343\033Y!\212\201\341\272\225'\007Oe\010w\312T\2419\266\226\226?\235\357\234#\364qB\234A\020\241\342F\016y?H\353\351\341\013\003""; }; requestCookie: 5; "
1750527630520,1750527630521,0,1,3,4,TMLedgerData,"ledgerHash: "">\034\236l\273\005G\316F\217}[\036\007\270:\260\335\271B\241N\345\330\204\327f\361\272Kb\037""; ledgerSeq: 30; type: liAS_NODE; nodes {;   nodedata: ""\021\000h""\000\000\000\000 \033\000\000\000\035\002\023\303\377\330\356GuH\375\327!\255\371\r\231\262R\256J\034\222\241\355X\265E\241^W\225\304\014\361CX-}\351f\032\255\274\334m\326c\017\014ao[\342\230\003\245\245\3341Hm\326^\017jy\335\261\032Yt\320\244{g\0306\\302\303*\341\215\223\257\364\277o\375\000r\241SOq\221\253\262\005\017\375T\356\014\360o'\030\311-\267\031\257!\031T\006><\315XM\334\324\345\034\000\325\367\240\271\013\265\024\321\362\354\211\250.\234s\225amc\305\035\366\276\037nD\277`\210\223N\3535\033\261\304f\331]\036\237\306o!\223\221\002\324\031\262\240R\177 ,\214\325\Q])\016\2067\277\t\354\010\000\360\215\2502\265\245\310\226\243c\302Ze\306\253#r\020\211\320iG\276\020E\317\035Sf\223F\254\033@\177e\277\016\010u\327\371&\262\312\317Q\2361t\377x\234\001v\003%\030\325_\225g\204\346a=\225\273\331\354\365*U\363\263N\367b\371\244\314-w\363\262\225Z\200\206\235\233\257?sE\2674\254\326mU\377?\177Ek\336\030!\316Aa\225\303\022\377{\210Y\226\271as\354L\035\004\341\361\035\301\024\220m#*\372\032\3178~\374\250\014*\323\342'z69\220\327\256\351G\367\317u\302\207\270b\315\333\333\334\310I\323&\014\352XZnW2.\335\347\202\021\247\362\212e\034\000\001\250\220\305;a\314\265R\310\017\317\331\235\360\262\240:\277\202\266\354\265X""\022\nh\252\352w\204\203\023]\001f\352\277\0031Q]\362\370R\350{\261\202\240\344\215\201\353\276\322p5p\350\354\017>\250r\241c\273\016\301\024\363\242\247\263\231\370\344\nBW\220K\316@3\243\200\036wk\253GSlU\010\360\231>\331\263H\214\324\030A\225\301o\346pkSF\004\241\213w9\223=\250\262*+\255\351r\265\244c\024\213\t\007`\223\325#\3477\210\345P\306\013\320\252[\0216+\227=`\371P\314\346 V7\271[~\n\237\274|\347\352@K\253~&\260\032\024\004B\200\255h\351\013\361\031:nG\211\005|\2003\266\274\251,W\006u\344\335d\003\306\212\313,\340\350bG\n\030Z\2732-\246\312\255\030\003\235207\005}D\260\0261ah\322M\304\216\273m0\271\234\237\007<w$\265C\245\232\033\023\313c\321B\032l\301h\005\320\252\301\361(\330[\343\357\343{\235\n\266g\272>\177\317\347\261qb&\270&\346ju\200\363N\320\307\004\034\001n\317\361\2653\254\2503\247\305\372\316W\022O\253x\250\025\373\247\354Tc\304\263\243^\352Gv\\264\261\r\035\226\306\2411\351\233\203\215\200$\231\300f\220\371c@\017\254\363\\371\340\340VaR\205~^\226\342t\360\022\204d\231\205)\272\364?\361!\334\331\315\254\230\rBG\314\023\246\244=\351\177\254\302b&\276+H;0\312\021&\275\036\237\350R\313\206R\331\304k\323u\263t\221\213yC\241\217A\242\027g\322\241'\212.E?B_\316\327\217J +\370\t^b\005\020\003\211\373\247|hC\271Nmk~J\270EU\274\036-\347\240\312FA\321\341bca\253\025\321\311\317\021\375\317\217\n\272\033o\353G>\275\361H\265\240\232um""\317\324`\214\221\314\000\211K\223+(""\200i \311\372g\254\343ZR0\224\275q\252\357\213\263\206N\357&Q\217\267\303\356I\236\357\264\311b\037\366\035\253\343\311\265\240\327q\206f\262ODi\215-\363\264\227\2326\315\307\363\323\325\303\032N\256*\307\327 \235\332\207u\210\271\257\306g\231i*\260\326k\001"";   nodeid: ""\260\000\000\000\000\000\000\000\000\000\000\000\000\000\000\000\000\000\000\000\000\000\000\000\000\000\000\000\000\000\000\000\001""; }; ","ledgerHash: "">\034\236l\273\005G\316F\217}[\036\007\270:\260\335\271B\241N\345\330\204\327f\361\272Kb\037""; ledgerSeq: 30; type: liAS_NODE; nodes {;   nodedata: ""\021\000h""\000\000\000\000 \033\000\000\000\035\002\023\303\377\330\356GuH\375\327!\255\371\r\231\262R\256J\034\222\241\355X\265E\241^W\225\304\014\361CX-}\351f\032\255\274\334m\326c\017\014ao[\342\230\003\245\245\3341Hm\326^\017jy\335\261\032Yt\320\244{g\0306\\302\303*\341\215\223\257\364\277o\375\000r\241SOq\221\253\262\005\017\375T\356\014\360o'\030\311-\267\031\257!\031T\006><\315XM\334\324\345\034\000\325\367\240\271\013\265\024\321\362\354\211\250.\234s\225amc\305\035\366\276\037nD\277`\210\223N\3535\033\261\304f\331]\036\237\306o!\223\221\002\324\031\262\240R\177 ,\214\325\Q])\016\2067\277\t\354\010\000\360\215\2502\265\245\310\226\243c\302Ze\306\253#r\020\211\320iG\276\020E\317\035Sf\223F\254\033@\177e\277\016\010u\327\371&\262\312\317Q\2361t\377x\234\001v\003%\030\325_\225g\204\346a=\225\273\331\354\365*U\363\263N\367b\371\244\314-w\363\262\225Z\200\206\235\233\257?sE\2674\254\326mU\377?\177Ek\336\030!\316Aa\225\303\022\377{\210Y\226\271as\354L\035\004\341\361\035\301\024\220m#*\372\032\3178~\374\250\014*\323\342'z69\220\327\256\351G\367\317u\302\207\270b\315\333\333\334\310I\323&\014\352XZnW2.\335\347\202\021\247\362\212e\034\000\001\250\220\305;a\314\265R\310\017\317\331\235\360\262\240:\277\202\266\354\265X""\022\nh\252\352w\204\203\023]\001f\352\277\0031Q]\362\370R\350{\261\202\240\344\215\201\353\276\322p5p\350\354\017>\250r\241c\273\016\301\024\363\242\247\263\231\370\344\nBW\220K\316@3\243\200\036wk\253GSlU\010\360\231>\331\263H\214\324\030A\225\301o\346pkSF\004\241\213w9\223=\250\262*+\255\351r\265\244c\024\213\t\007`\223\325#\3477\210\345P\306\013\320\252[\0216+\227=`\371P\314\346 V7\271[~\n\237\274|\347\352@K\253~&\260\032\024\004B\200\255h\351\013\361\031:nG\211\005|\2003\266\274\251,W\006u\344\335d\003\306\212\313,\340\350bG\n\030Z\2732-\246\312\255\030\003\235207\005}D\260\0261ah\322M\304\216\273m0\271\234\237\007<w$\265C\245\232\033\023\313c\321B\032l\301h\005\320\252\301\361(\330[\343\357\343{\235\n\266g\272>\177\317\347\261qb&\270&\346ju\200\363N\320\307\004\034\001n\317\361\2653\254\2503\247\305\372\316W\022O\253x\250\025\373\247\354Tc\304\263\243^\352Gv\\264\261\r\035\226\306\2411\351\233\203\215\200$\231\300f\220\371c@\017\254\363\\371\340\340VaR\205~^\226\342t\360\022\204d\231\205)\272\364?\361!\334\331\315\254\230\rBG\314\023\246\244=\351\177\254\302b&\276+H;0\312\021&\275\036\237\350R\313\206R\331\304k\323u\263t\221\213yC\241\217A\242\027g\322\241'\212.E?B_\316\327\217J +\370\t^b\005\020\003\211\373\247|hC\271Nmk~J\270EU\274\036-\347\240\312FA\321\341bca\253\025\321\311\317\021\375\317\217\n\272\033o\353G>\275\361H\265\240\232um""\317\324`\214\221\314\000\211K\223+(""\200i \311\372g\254\343ZR0\224\275q\252\357\213\263\206N\357&Q\217\267\303\356I\236\357\264\311b\037\366\035\253\343\311\265\240\327q\206f\262ODi\215-\363\264\227\2326\315\307\363\323\325\303\032N\256*\307\327 \235\332\207u\210\271\257\306g\231i*\260\326k\001"";   nodeid: ""\260\000\000\000\000\000\000\000\000\000\000\000\000\000\000\000\000\000\000\000\000\000\000\000\000\000\000\000\000\000\000\000\001""; }; "
1750527630521,1750527630522,0,1,3,1,TMLedgerData,"ledgerHash: "">\034\236l\273\005G\316F\217}[\036\007\270:\260\335\271B\241N\345\330\204\327f\361\272Kb\037""; ledgerSeq: 30; type: liBASE; nodes {;   nodedata: ""\000\000\000\036\001cEx]\211\377\330\357&Q\217\267\303\356I\236\357\264\311b\037\366\035\253\343\311\265\240\327q\206f\262ODi\215-\363\000\000\000\000\000\000\000\000\000\000\000\000\000\000\000\000\000\000\000\000\000\000\000\000\000\000\000\000\000\000\000\000y\213[\304f\313\032 \232}R\347Z\211K\0360\356\035\235\313\025(\202\275\314g\036RH~W/\351\253\016/\351\253\017\n\000""; }; nodes {;   nodedata: ""\323C\344\327\264{\312-\017:\006{\177\344N\002\326bO\260\220\006\033\362\345\005U\221DzJ0\001\301\025%1L\307\t\261\262z\374\222T\301\274V\236\223\262\270Ct\362\337b\356\024*\324\320\351\317\002k\336\234\027v\351\217\260\303\360\233ZPZWr\246$w\313\313\r\243r\232\2234\373\3539:N\004Q\245\272D\312D\300\300\t\323\0257\345e\271\na\215{\226\255x%T\257\037\333\004\344_/R\006E\344\037@\210\363\010\336T\226\247'\204_{\261\370""1\235\2445\343\033Y!\212\201\341\272\225'\007Oe\010w\312T\2419\266\226\226?\235\357\234#\364qB\234A\020\241\342F\016y?H\353\351\341\013\003""; }; requestCookie: 5; ","ledgerHash: "">\034\236l\273\005G\316F\217}[\036\007\270:\260\335\271B\241N\345\330\204\327f\361\272Kb\037""; ledgerSeq: 30; type: liBASE; nodes {;   nodedata: ""\000\000\000\036\001cEx]\211\377\330\357&Q\217\267\303\356I\236\357\264\311b\037\366\035\253\343\311\265\240\327q\206f\262ODi\215-\363\000\000\000\000\000\000\000\000\000\000\000\000\000\000\000\000\000\000\000\000\000\000\000\000\000\000\000\000\000\000\000\000y\213[\304f\313\032 \232}R\347Z\211K\0360\356\035\235\313\025(\202\275\314g\036RH~W/\351\253\016/\351\253\017\n\000""; }; nodes {;   nodedata: ""\323C\344\327\264{\312-\017:\006{\177\344N\002\326bO\260\220\006\033\362\345\005U\221DzJ0\001\301\025%1L\307\t\261\262z\374\222T\301\274V\236\223\262\270Ct\362\337b\356\024*\324\320\351\317\002k\336\234\027v\351\217\260\303\360\233ZPZWr\246$w\313\313\r\243r\232\2234\373\3539:N\004Q\245\272D\312D\300\300\t\323\0257\345e\271\na\215{\226\255x%T\257\037\333\004\344_/R\006E\344\037@\210\363\010\336T\226\247'\204_{\261\370""1\235\2445\343\033Y!\212\201\341\272\225'\007Oe\010w\312T\2419\266\226\226?\235\357\234#\364qB\234A\020\241\342F\016y?H\353\351\341\013\003""; }; requestCookie: 5; "
1750527630522,1750527630523,0,1,3,1,TMLedgerData,"ledgerHash: "">\034\236l\273\005G\316F\217}[\036\007\270:\260\335\271B\241N\345\330\204\327f\361\272Kb\037""; ledgerSeq: 30; type: liAS_NODE; nodes {;   nodedata: ""\021\000h""\000\000\000\000 \033\000\000\000\035\002\023\303\377\330\356GuH\375\327!\255\371\r\231\262R\256J\034\222\241\355X\265E\241^W\225\304\014\361CX-}\351f\032\255\274\334m\326c\017\014ao[\342\230\003\245\245\3341Hm\326^\017jy\335\261\032Yt\320\244{g\0306\\302\303*\341\215\223\257\364\277o\375\000r\241SOq\221\253\262\005\017\375T\356\014\360o'\030\311-\267\031\257!\031T\006><\315XM\334\324\345\034\000\325\367\240\271\013\265\024\321\362\354\211\250.\234s\225amc\305\035\366\276\037nD\277`\210\223N\3535\033\261\304f\331]\036\237\306o!\223\221\002\324\031\262\240R\177 ,\214\325\Q])\016\2067\277\t\354\010\000\360\215\2502\265\245\310\226\243c\302Ze\306\253#r\020\211\320iG\276\020E\317\035Sf\223F\254\033@\177e\277\016\010u\327\371&\262\312\317Q\2361t\377x\234\001v\003%\030\325_\225g\204\346a=\225\273\331\354\365*U\363\263N\367b\371\244\314-w\363\262\225Z\200\206\235\233\257?sE\2674\254\326mU\377?\177Ek\336\030!\316Aa\225\303\022\377{\210Y\226\271as\354L\035\004\341\361\035\301\024\220m#*\372\032\3178~\374\250\014*\323\342'z69\220\327\256\351G\367\317u\302\207\270b\315\333\333\334\310I\323&\014\352XZnW2.\335\347\202\021\247\362\212e\034\000\001\250\220\305;a\314\265R\310\017\317\331\235\360\262\240:\277\202\266\354\265X""\022\nh\252\352w\204\203\023]\001f\352\277\0031Q]\362\370R\350{\261\202\240\344\215\201\353\276\322p5p\350\354\017>\250r\241c\273\016\301\024\363\242\247\263\231\370\344\nBW\220K\316@3\243\200\036wk\253GSlU\010\360\231>\331\263H\214\324\030A\225\301o\346pkSF\004\241\213w9\223=\250\262*+\255\351r\265\244c\024\213\t\007`\223\325#\3477\210\345P\306\013\320\252[\0216+\227=`\371P\314\346 V7\271[~\n\237\274|\347\352@K\253~&\260\032\024\004B\200\255h\351\013\361\031:nG\211\005|\2003\266\274\251,W\006u\344\335d\003\306\212\313,\340\350bG\n\030Z\2732-\246\312\255\030\003\235207\005}D\260\0261ah\322M\304\216\273m0\271\234\237\007<w$\265C\245\232\033\023\313c\321B\032l\301h\005\320\252\301\361(\330[\343\357\343{\235\n\266g\272>\177\317\347\261qb&\270&\346ju\200\363N\320\307\004\034\001n\317\361\2653\254\2503\247\305\372\316W\022O\253x\250\025\373\247\354Tc\304\263\243^\352Gv\\264\261\r\035\226\306\2411\351\233\203\215\200$\231\300f\220\371c@\017\254\363\\371\340\340VaR\205~^\226\342t\360\022\204d\231\205)\272\364?\361!\334\331\315\254\230\rBG\314\023\246\244=\351\177\254\302b&\276+H;0\312\021&\275\036\237\350R\313\206R\331\304k\323u\263t\221\213yC\241\217A\242\027g\322\241'\212.E?B_\316\327\217J +\370\t^b\005\020\003\211\373\247|hC\271Nmk~J\270EU\274\036-\347\240\312FA\321\341bca\253\025\321\311\317\021\375\317\217\n\272\033o\353G>\275\361H\265\240\232um""\317\324`\214\221\314\000\211K\223+(""\200i \311\372g\254\343ZR0\224\275q\252\357\213\263\206N\357&Q\217\267\303\356I\236\357\264\311b\037\366\035\253\343\311\265\240\327q\206f\262ODi\215-\363\264\227\2326\315\307\363\323\325\303\032N\256*\307\327 \235\332\207u\210\271\257\306g\231i*\260\326k\001"";   nodeid: ""\260\000\000\000\000\000\000\000\000\000\000\000\000\000\000\000\000\000\000\000\000\000\000\000\000\000\000\000\000\000\000\000\001""; }; ","ledgerHash: "">\034\236l\273\005G\316F\217}[\036\007\270:\260\335\271B\241N\345\330\204\327f\361\272Kb\037""; ledgerSeq: 30; type: liAS_NODE; nodes {;   nodedata: ""\021\000h""\000\000\000\000 \033\000\000\000\035\002\023\303\377\330\356GuH\375\327!\255\371\r\231\262R\256J\034\222\241\355X\265E\241^W\225\304\014\361CX-}\351f\032\255\274\334m\326c\017\014ao[\342\230\003\245\245\3341Hm\326^\017jy\335\261\032Yt\320\244{g\0306\\302\303*\341\215\223\257\364\277o\375\000r\241SOq\221\253\262\005\017\375T\356\014\360o'\030\311-\267\031\257!\031T\006><\315XM\334\324\345\034\000\325\367\240\271\013\265\024\321\362\354\211\250.\234s\225amc\305\035\366\276\037nD\277`\210\223N\3535\033\261\304f\331]\036\237\306o!\223\221\002\324\031\262\240R\177 ,\214\325\Q])\016\2067\277\t\354\010\000\360\215\2502\265\245\310\226\243c\302Ze\306\253#r\020\211\320iG\276\020E\317\035Sf\223F\254\033@\177e\277\016\010u\327\371&\262\312\317Q\2361t\377x\234\001v\003%\030\325_\225g\204\346a=\225\273\331\354\365*U\363\263N\367b\371\244\314-w\363\262\225Z\200\206\235\233\257?sE\2674\254\326mU\377?\177Ek\336\030!\316Aa\225\303\022\377{\210Y\226\271as\354L\035\004\341\361\035\301\024\220m#*\372\032\3178~\374\250\014*\323\342'z69\220\327\256\351G\367\317u\302\207\270b\315\333\333\334\310I\323&\014\352XZnW2.\335\347\202\021\247\362\212e\034\000\001\250\220\305;a\314\265R\310\017\317\331\235\360\262\240:\277\202\266\354\265X""\022\nh\252\352w\204\203\023]\001f\352\277\0031Q]\362\370R\350{\261\202\240\344\215\201\353\276\322p5p\350\354\017>\250r\241c\273\016\301\024\363\242\247\263\231\370\344\nBW\220K\316@3\243\200\036wk\253GSlU\010\360\231>\331\263H\214\324\030A\225\301o\346pkSF\004\241\213w9\223=\250\262*+\255\351r\265\244c\024\213\t\007`\223\325#\3477\210\345P\306\013\320\252[\0216+\227=`\371P\314\346 V7\271[~\n\237\274|\347\352@K\253~&\260\032\024\004B\200\255h\351\013\361\031:nG\211\005|\2003\266\274\251,W\006u\344\335d\003\306\212\313,\340\350bG\n\030Z\2732-\246\312\255\030\003\235207\005}D\260\0261ah\322M\304\216\273m0\271\234\237\007<w$\265C\245\232\033\023\313c\321B\032l\301h\005\320\252\301\361(\330[\343\357\343{\235\n\266g\272>\177\317\347\261qb&\270&\346ju\200\363N\320\307\004\034\001n\317\361\2653\254\2503\247\305\372\316W\022O\253x\250\025\373\247\354Tc\304\263\243^\352Gv\\264\261\r\035\226\306\2411\351\233\203\215\200$\231\300f\220\371c@\017\254\363\\371\340\340VaR\205~^\226\342t\360\022\204d\231\205)\272\364?\361!\334\331\315\254\230\rBG\314\023\246\244=\351\177\254\302b&\276+H;0\312\021&\275\036\237\350R\313\206R\331\304k\323u\263t\221\213yC\241\217A\242\027g\322\241'\212.E?B_\316\327\217J +\370\t^b\005\020\003\211\373\247|hC\271Nmk~J\270EU\274\036-\347\240\312FA\321\341bca\253\025\321\311\317\021\375\317\217\n\272\033o\353G>\275\361H\265\240\232um""\317\324`\214\221\314\000\211K\223+(""\200i \311\372g\254\343ZR0\224\275q\252\357\213\263\206N\357&Q\217\267\303\356I\236\357\264\311b\037\366\035\253\343\311\265\240\327q\206f\262ODi\215-\363\264\227\2326\315\307\363\323\325\303\032N\256*\307\327 \235\332\207u\210\271\257\306g\231i*\260\326k\001"";   nodeid: ""\260\000\000\000\000\000\000\000\000\000\000\000\000\000\000\000\000\000\000\000\000\000\000\000\000\000\000\000\000\000\000\000\001""; }; "
1750527630523,1750527630523,0,1,3,1,TMLedgerData,"ledgerHash: "">\034\236l\273\005G\316F\217}[\036\007\270:\260\335\271B\241N\345\330\204\327f\361\272Kb\037""; ledgerSeq: 30; type: liBASE; nodes {;   nodedata: ""\000\000\000\036\001cEx]\211\377\330\357&Q\217\267\303\356I\236\357\264\311b\037\366\035\253\343\311\265\240\327q\206f\262ODi\215-\363\000\000\000\000\000\000\000\000\000\000\000\000\000\000\000\000\000\000\000\000\000\000\000\000\000\000\000\000\000\000\000\000y\213[\304f\313\032 \232}R\347Z\211K\0360\356\035\235\313\025(\202\275\314g\036RH~W/\351\253\016/\351\253\017\n\000""; }; nodes {;   nodedata: ""\323C\344\327\264{\312-\017:\006{\177\344N\002\326bO\260\220\006\033\362\345\005U\221DzJ0\001\301\025%1L\307\t\261\262z\374\222T\301\274V\236\223\262\270Ct\362\337b\356\024*\324\320\351\317\002k\336\234\027v\351\217\260\303\360\233ZPZWr\246$w\313\313\r\243r\232\2234\373\3539:N\004Q\245\272D\312D\300\300\t\323\0257\345e\271\na\215{\226\255x%T\257\037\333\004\344_/R\006E\344\037@\210\363\010\336T\226\247'\204_{\261\370""1\235\2445\343\033Y!\212\201\341\272\225'\007Oe\010w\312T\2419\266\226\226?\235\357\234#\364qB\234A\020\241\342F\016y?H\353\351\341\013\003""; }; requestCookie: 3; ","ledgerHash: "">\034\236l\273\005G\316F\217}[\036\007\270:\260\335\271B\241N\345\330\204\327f\361\272Kb\037""; ledgerSeq: 30; type: liBASE; nodes {;   nodedata: ""\000\000\000\036\001cEx]\211\377\330\357&Q\217\267\303\356I\236\357\264\311b\037\366\035\253\343\311\265\240\327q\206f\262ODi\215-\363\000\000\000\000\000\000\000\000\000\000\000\000\000\000\000\000\000\000\000\000\000\000\000\000\000\000\000\000\000\000\000\000y\213[\304f\313\032 \232}R\347Z\211K\0360\356\035\235\313\025(\202\275\314g\036RH~W/\351\253\016/\351\253\017\n\000""; }; nodes {;   nodedata: ""\323C\344\327\264{\312-\017:\006{\177\344N\002\326bO\260\220\006\033\362\345\005U\221DzJ0\001\301\025%1L\307\t\261\262z\374\222T\301\274V\236\223\262\270Ct\362\337b\356\024*\324\320\351\317\002k\336\234\027v\351\217\260\303\360\233ZPZWr\246$w\313\313\r\243r\232\2234\373\3539:N\004Q\245\272D\312D\300\300\t\323\0257\345e\271\na\215{\226\255x%T\257\037\333\004\344_/R\006E\344\037@\210\363\010\336T\226\247'\204_{\261\370""1\235\2445\343\033Y!\212\201\341\272\225'\007Oe\010w\312T\2419\266\226\226?\235\357\234#\364qB\234A\020\241\342F\016y?H\353\351\341\013\003""; }; requestCookie: 3; "
1750527630524,1750527630524,0,1,4,2,TMLedgerData,"ledgerHash: "">\034\236l\273\005G\316F\217}[\036\007\270:\260\335\271B\241N\345\330\204\327f\361\272Kb\037""; ledgerSeq: 30; type: liBASE; nodes {;   nodedata: ""\000\000\000\036\001cEx]\211\377\330\357&Q\217\267\303\356I\236\357\264\311b\037\366\035\253\343\311\265\240\327q\206f\262ODi\215-\363\000\000\000\000\000\000\000\000\000\000\000\000\000\000\000\000\000\000\000\000\000\000\000\000\000\000\000\000\000\000\000\000y\213[\304f\313\032 \232}R\347Z\211K\0360\356\035\235\313\025(\202\275\314g\036RH~W/\351\253\016/\351\253\017\n\000""; }; nodes {;   nodedata: ""\323C\344\327\264{\312-\017:\006{\177\344N\002\326bO\260\220\006\033\362\345\005U\221DzJ0\001\301\025%1L\307\t\261\262z\374\222T\301\274V\236\223\262\270Ct\362\337b\356\024*\324\320\351\317\002k\336\234\027v\351\217\260\303\360\233ZPZWr\246$w\313\313\r\243r\232\2234\373\3539:N\004Q\245\272D\312D\300\300\t\323\0257\345e\271\na\215{\226\255x%T\257\037\333\004\344_/R\006E\344\037@\210\363\010\336T\226\247'\204_{\261\370""1\235\2445\343\033Y!\212\201\341\272\225'\007Oe\010w\312T\2419\266\226\226?\235\357\234#\364qB\234A\020\241\342F\016y?H\353\351\341\013\003""; }; ","ledgerHash: "">\034\236l\273\005G\316F\217}[\036\007\270:\260\335\271B\241N\345\330\204\327f\361\272Kb\037""; ledgerSeq: 30; type: liBASE; nodes {;   nodedata: ""\000\000\000\036\001cEx]\211\377\330\357&Q\217\267\303\356I\236\357\264\311b\037\366\035\253\343\311\265\240\327q\206f\262ODi\215-\363\000\000\000\000\000\000\000\000\000\000\000\000\000\000\000\000\000\000\000\000\000\000\000\000\000\000\000\000\000\000\000\000y\213[\304f\313\032 \232}R\347Z\211K\0360\356\035\235\313\025(\202\275\314g\036RH~W/\351\253\016/\351\253\017\n\000""; }; nodes {;   nodedata: ""\323C\344\327\264{\312-\017:\006{\177\344N\002\326bO\260\220\006\033\362\345\005U\221DzJ0\001\301\025%1L\307\t\261\262z\374\222T\301\274V\236\223\262\270Ct\362\337b\356\024*\324\320\351\317\002k\336\234\027v\351\217\260\303\360\233ZPZWr\246$w\313\313\r\243r\232\2234\373\3539:N\004Q\245\272D\312D\300\300\t\323\0257\345e\271\na\215{\226\255x%T\257\037\333\004\344_/R\006E\344\037@\210\363\010\336T\226\247'\204_{\261\370""1\235\2445\343\033Y!\212\201\341\272\225'\007Oe\010w\312T\2419\266\226\226?\235\357\234#\364qB\234A\020\241\342F\016y?H\353\351\341\013\003""; }; "
1750527630524,1750527630524,0,1,2,3,TMGetLedger,"itype: liBASE; ledgerHash: "">\034\236l\273\005G\316F\217}[\036\007\270:\260\335\271B\241N\345\330\204\327f\361\272Kb\037""; ledgerSeq: 30; requestCookie: 3; queryType: qtINDIRECT; ","itype: liBASE; ledgerHash: "">\034\236l\273\005G\316F\217}[\036\007\270:\260\335\271B\241N\345\330\204\327f\361\272Kb\037""; ledgerSeq: 30; requestCookie: 3; queryType: qtINDIRECT; "
1750527630525,1750527630525,0,1,2,3,TMGetLedger,"itype: liAS_NODE; ledgerHash: "">\034\236l\273\005G\316F\217}[\036\007\270:\260\335\271B\241N\345\330\204\327f\361\272Kb\037""; ledgerSeq: 30; nodeIDs: ""\260\000\000\000\000\000\000\000\000\000\000\000\000\000\000\000\000\000\000\000\000\000\000\000\000\000\000\000\000\000\000\000\001""; queryType: qtINDIRECT; queryDepth: 1; ","itype: liAS_NODE; ledgerHash: "">\034\236l\273\005G\316F\217}[\036\007\270:\260\335\271B\241N\345\330\204\327f\361\272Kb\037""; ledgerSeq: 30; nodeIDs: ""\260\000\000\000\000\000\000\000\000\000\000\000\000\000\000\000\000\000\000\000\000\000\000\000\000\000\000\000\000\000\000\000\001""; queryType: qtINDIRECT; queryDepth: 1; "
1750527630525,1750527630525,0,1,1,0,TMLedgerData,"ledgerHash: "">\034\236l\273\005G\316F\217}[\036\007\270:\260\335\271B\241N\345\330\204\327f\361\272Kb\037""; ledgerSeq: 30; type: liBASE; nodes {;   nodedata: ""\000\000\000\036\001cEx]\211\377\330\357&Q\217\267\303\356I\236\357\264\311b\037\366\035\253\343\311\265\240\327q\206f\262ODi\215-\363\000\000\000\000\000\000\000\000\000\000\000\000\000\000\000\000\000\000\000\000\000\000\000\000\000\000\000\000\000\000\000\000y\213[\304f\313\032 \232}R\347Z\211K\0360\356\035\235\313\025(\202\275\314g\036RH~W/\351\253\016/\351\253\017\n\000""; }; nodes {;   nodedata: ""\323C\344\327\264{\312-\017:\006{\177\344N\002\326bO\260\220\006\033\362\345\005U\221DzJ0\001\301\025%1L\307\t\261\262z\374\222T\301\274V\236\223\262\270Ct\362\337b\356\024*\324\320\351\317\002k\336\234\027v\351\217\260\303\360\233ZPZWr\246$w\313\313\r\243r\232\2234\373\3539:N\004Q\245\272D\312D\300\300\t\323\0257\345e\271\na\215{\226\255x%T\257\037\333\004\344_/R\006E\344\037@\210\363\010\336T\226\247'\204_{\261\370""1\235\2445\343\033Y!\212\201\341\272\225'\007Oe\010w\312T\2419\266\226\226?\235\357\234#\364qB\234A\020\241\342F\016y?H\353\351\341\013\003""; }; ","ledgerHash: "">\034\236l\273\005G\316F\217}[\036\007\270:\260\335\271B\241N\345\330\204\327f\361\272Kb\037""; ledgerSeq: 30; type: liBASE; nodes {;   nodedata: ""\000\000\000\036\001cEx]\211\377\330\357&Q\217\267\303\356I\236\357\264\311b\037\366\035\253\343\311\265\240\327q\206f\262ODi\215-\363\000\000\000\000\000\000\000\000\000\000\000\000\000\000\000\000\000\000\000\000\000\000\000\000\000\000\000\000\000\000\000\000y\213[\304f\313\032 \232}R\347Z\211K\0360\356\035\235\313\025(\202\275\314g\036RH~W/\351\253\016/\351\253\017\n\000""; }; nodes {;   nodedata: ""\323C\344\327\264{\312-\017:\006{\177\344N\002\326bO\260\220\006\033\362\345\005U\221DzJ0\001\301\025%1L\307\t\261\262z\374\222T\301\274V\236\223\262\270Ct\362\337b\356\024*\324\320\351\317\002k\336\234\027v\351\217\260\303\360\233ZPZWr\246$w\313\313\r\243r\232\2234\373\3539:N\004Q\245\272D\312D\300\300\t\323\0257\345e\271\na\215{\226\255x%T\257\037\333\004\344_/R\006E\344\037@\210\363\010\336T\226\247'\204_{\261\370""1\235\2445\343\033Y!\212\201\341\272\225'\007Oe\010w\312T\2419\266\226\226?\235\357\234#\364qB\234A\020\241\342F\016y?H\353\351\341\013\003""; }; "
1750527630526,1750527630526,0,1,4,0,TMLedgerData,"ledgerHash: "">\034\236l\273\005G\316F\217}[\036\007\270:\260\335\271B\241N\345\330\204\327f\361\272Kb\037""; ledgerSeq: 30; type: liBASE; nodes {;   nodedata: ""\000\000\000\036\001cEx]\211\377\330\357&Q\217\267\303\356I\236\357\264\311b\037\366\035\253\343\311\265\240\327q\206f\262ODi\215-\363\000\000\000\000\000\000\000\000\000\000\000\000\000\000\000\000\000\000\000\000\000\000\000\000\000\000\000\000\000\000\000\000y\213[\304f\313\032 \232}R\347Z\211K\0360\356\035\235\313\025(\202\275\314g\036RH~W/\351\253\016/\351\253\017\n\000""; }; nodes {;   nodedata: ""\323C\344\327\264{\312-\017:\006{\177\344N\002\326bO\260\220\006\033\362\345\005U\221DzJ0\001\301\025%1L\307\t\261\262z\374\222T\301\274V\236\223\262\270Ct\362\337b\356\024*\324\320\351\317\002k\336\234\027v\351\217\260\303\360\233ZPZWr\246$w\313\313\r\243r\232\2234\373\3539:N\004Q\245\272D\312D\300\300\t\323\0257\345e\271\na\215{\226\255x%T\257\037\333\004\344_/R\006E\344\037@\210\363\010\336T\226\247'\204_{\261\370""1\235\2445\343\033Y!\212\201\341\272\225'\007Oe\010w\312T\2419\266\226\226?\235\357\234#\364qB\234A\020\241\342F\016y?H\353\351\341\013\003""; }; ","ledgerHash: "">\034\236l\273\005G\316F\217}[\036\007\270:\260\335\271B\241N\345\330\204\327f\361\272Kb\037""; ledgerSeq: 30; type: liBASE; nodes {;   nodedata: ""\000\000\000\036\001cEx]\211\377\330\357&Q\217\267\303\356I\236\357\264\311b\037\366\035\253\343\311\265\240\327q\206f\262ODi\215-\363\000\000\000\000\000\000\000\000\000\000\000\000\000\000\000\000\000\000\000\000\000\000\000\000\000\000\000\000\000\000\000\000y\213[\304f\313\032 \232}R\347Z\211K\0360\356\035\235\313\025(\202\275\314g\036RH~W/\351\253\016/\351\253\017\n\000""; }; nodes {;   nodedata: ""\323C\344\327\264{\312-\017:\006{\177\344N\002\326bO\260\220\006\033\362\345\005U\221DzJ0\001\301\025%1L\307\t\261\262z\374\222T\301\274V\236\223\262\270Ct\362\337b\356\024*\324\320\351\317\002k\336\234\027v\351\217\260\303\360\233ZPZWr\246$w\313\313\r\243r\232\2234\373\3539:N\004Q\245\272D\312D\300\300\t\323\0257\345e\271\na\215{\226\255x%T\257\037\333\004\344_/R\006E\344\037@\210\363\010\336T\226\247'\204_{\261\370""1\235\2445\343\033Y!\212\201\341\272\225'\007Oe\010w\312T\2419\266\226\226?\235\357\234#\364qB\234A\020\241\342F\016y?H\353\351\341\013\003""; }; "
1750527630526,1750527630527,0,1,4,1,TMLedgerData,"ledgerHash: "">\034\236l\273\005G\316F\217}[\036\007\270:\260\335\271B\241N\345\330\204\327f\361\272Kb\037""; ledgerSeq: 30; type: liBASE; nodes {;   nodedata: ""\000\000\000\036\001cEx]\211\377\330\357&Q\217\267\303\356I\236\357\264\311b\037\366\035\253\343\311\265\240\327q\206f\262ODi\215-\363\000\000\000\000\000\000\000\000\000\000\000\000\000\000\000\000\000\000\000\000\000\000\000\000\000\000\000\000\000\000\000\000y\213[\304f\313\032 \232}R\347Z\211K\0360\356\035\235\313\025(\202\275\314g\036RH~W/\351\253\016/\351\253\017\n\000""; }; nodes {;   nodedata: ""\323C\344\327\264{\312-\017:\006{\177\344N\002\326bO\260\220\006\033\362\345\005U\221DzJ0\001\301\025%1L\307\t\261\262z\374\222T\301\274V\236\223\262\270Ct\362\337b\356\024*\324\320\351\317\002k\336\234\027v\351\217\260\303\360\233ZPZWr\246$w\313\313\r\243r\232\2234\373\3539:N\004Q\245\272D\312D\300\300\t\323\0257\345e\271\na\215{\226\255x%T\257\037\333\004\344_/R\006E\344\037@\210\363\010\336T\226\247'\204_{\261\370""1\235\2445\343\033Y!\212\201\341\272\225'\007Oe\010w\312T\2419\266\226\226?\235\357\234#\364qB\234A\020\241\342F\016y?H\353\351\341\013\003""; }; ","ledgerHash: "">\034\236l\273\005G\316F\217}[\036\007\270:\260\335\271B\241N\345\330\204\327f\361\272Kb\037""; ledgerSeq: 30; type: liBASE; nodes {;   nodedata: ""\000\000\000\036\001cEx]\211\377\330\357&Q\217\267\303\356I\236\357\264\311b\037\366\035\253\343\311\265\240\327q\206f\262ODi\215-\363\000\000\000\000\000\000\000\000\000\000\000\000\000\000\000\000\000\000\000\000\000\000\000\000\000\000\000\000\000\000\000\000y\213[\304f\313\032 \232}R\347Z\211K\0360\356\035\235\313\025(\202\275\314g\036RH~W/\351\253\016/\351\253\017\n\000""; }; nodes {;   nodedata: ""\323C\344\327\264{\312-\017:\006{\177\344N\002\326bO\260\220\006\033\362\345\005U\221DzJ0\001\301\025%1L\307\t\261\262z\374\222T\301\274V\236\223\262\270Ct\362\337b\356\024*\324\320\351\317\002k\336\234\027v\351\217\260\303\360\233ZPZWr\246$w\313\313\r\243r\232\2234\373\3539:N\004Q\245\272D\312D\300\300\t\323\0257\345e\271\na\215{\226\255x%T\257\037\333\004\344_/R\006E\344\037@\210\363\010\336T\226\247'\204_{\261\370""1\235\2445\343\033Y!\212\201\341\272\225'\007Oe\010w\312T\2419\266\226\226?\235\357\234#\364qB\234A\020\241\342F\016y?H\353\351\341\013\003""; }; "
1750527630527,1750527630527,0,1,0,3,TMGetLedger,"itype: liAS_NODE; ledgerHash: "">\034\236l\273\005G\316F\217}[\036\007\270:\260\335\271B\241N\345\330\204\327f\361\272Kb\037""; ledgerSeq: 30; nodeIDs: ""\260\000\000\000\000\000\000\000\000\000\000\000\000\000\000\000\000\000\000\000\000\000\000\000\000\000\000\000\000\000\000\000\001""; queryType: qtINDIRECT; queryDepth: 1; ","itype: liAS_NODE; ledgerHash: "">\034\236l\273\005G\316F\217}[\036\007\270:\260\335\271B\241N\345\330\204\327f\361\272Kb\037""; ledgerSeq: 30; nodeIDs: ""\260\000\000\000\000\000\000\000\000\000\000\000\000\000\000\000\000\000\000\000\000\000\000\000\000\000\000\000\000\000\000\000\001""; queryType: qtINDIRECT; queryDepth: 1; "
1750527630529,1750527630529,0,1,0,3,TMGetLedger,"itype: liBASE; ledgerHash: "">\034\236l\273\005G\316F\217}[\036\007\270:\260\335\271B\241N\345\330\204\327f\361\272Kb\037""; ledgerSeq: 30; requestCookie: 3; queryType: qtINDIRECT; ","itype: liBASE; ledgerHash: "">\034\236l\273\005G\316F\217}[\036\007\270:\260\335\271B\241N\345\330\204\327f\361\272Kb\037""; ledgerSeq: 30; requestCookie: 3; queryType: qtINDIRECT; "
1750527630529,1750527630529,0,1,0,3,TMGetLedger,"itype: liBASE; ledgerHash: "">\034\236l\273\005G\316F\217}[\036\007\270:\260\335\271B\241N\345\330\204\327f\361\272Kb\037""; ledgerSeq: 30; requestCookie: 2; queryType: qtINDIRECT; ","itype: liBASE; ledgerHash: "">\034\236l\273\005G\316F\217}[\036\007\270:\260\335\271B\241N\345\330\204\327f\361\272Kb\037""; ledgerSeq: 30; requestCookie: 2; queryType: qtINDIRECT; "
1750527630529,1750527630530,0,1,0,4,TMLedgerData,"ledgerHash: "">\034\236l\273\005G\316F\217}[\036\007\270:\260\335\271B\241N\345\330\204\327f\361\272Kb\037""; ledgerSeq: 30; type: liBASE; nodes {;   nodedata: ""\000\000\000\036\001cEx]\211\377\330\357&Q\217\267\303\356I\236\357\264\311b\037\366\035\253\343\311\265\240\327q\206f\262ODi\215-\363\000\000\000\000\000\000\000\000\000\000\000\000\000\000\000\000\000\000\000\000\000\000\000\000\000\000\000\000\000\000\000\000y\213[\304f\313\032 \232}R\347Z\211K\0360\356\035\235\313\025(\202\275\314g\036RH~W/\351\253\016/\351\253\017\n\000""; }; nodes {;   nodedata: ""\323C\344\327\264{\312-\017:\006{\177\344N\002\326bO\260\220\006\033\362\345\005U\221DzJ0\001\301\025%1L\307\t\261\262z\374\222T\301\274V\236\223\262\270Ct\362\337b\356\024*\324\320\351\317\002k\336\234\027v\351\217\260\303\360\233ZPZWr\246$w\313\313\r\243r\232\2234\373\3539:N\004Q\245\272D\312D\300\300\t\323\0257\345e\271\na\215{\226\255x%T\257\037\333\004\344_/R\006E\344\037@\210\363\010\336T\226\247'\204_{\261\370""1\235\2445\343\033Y!\212\201\341\272\225'\007Oe\010w\312T\2419\266\226\226?\235\357\234#\364qB\234A\020\241\342F\016y?H\353\351\341\013\003""; }; ","ledgerHash: "">\034\236l\273\005G\316F\217}[\036\007\270:\260\335\271B\241N\345\330\204\327f\361\272Kb\037""; ledgerSeq: 30; type: liBASE; nodes {;   nodedata: ""\000\000\000\036\001cEx]\211\377\330\357&Q\217\267\303\356I\236\357\264\311b\037\366\035\253\343\311\265\240\327q\206f\262ODi\215-\363\000\000\000\000\000\000\000\000\000\000\000\000\000\000\000\000\000\000\000\000\000\000\000\000\000\000\000\000\000\000\000\000y\213[\304f\313\032 \232}R\347Z\211K\0360\356\035\235\313\025(\202\275\314g\036RH~W/\351\253\016/\351\253\017\n\000""; }; nodes {;   nodedata: ""\323C\344\327\264{\312-\017:\006{\177\344N\002\326bO\260\220\006\033\362\345\005U\221DzJ0\001\301\025%1L\307\t\261\262z\374\222T\301\274V\236\223\262\270Ct\362\337b\356\024*\324\320\351\317\002k\336\234\027v\351\217\260\303\360\233ZPZWr\246$w\313\313\r\243r\232\2234\373\3539:N\004Q\245\272D\312D\300\300\t\323\0257\345e\271\na\215{\226\255x%T\257\037\333\004\344_/R\006E\344\037@\210\363\010\336T\226\247'\204_{\261\370""1\235\2445\343\033Y!\212\201\341\272\225'\007Oe\010w\312T\2419\266\226\226?\235\357\234#\364qB\234A\020\241\342F\016y?H\353\351\341\013\003""; }; "
1750527630530,1750527630530,0,1,1,4,TMLedgerData,"ledgerHash: "">\034\236l\273\005G\316F\217}[\036\007\270:\260\335\271B\241N\345\330\204\327f\361\272Kb\037""; ledgerSeq: 30; type: liBASE; nodes {;   nodedata: ""\000\000\000\036\001cEx]\211\377\330\357&Q\217\267\303\356I\236\357\264\311b\037\366\035\253\343\311\265\240\327q\206f\262ODi\215-\363\000\000\000\000\000\000\000\000\000\000\000\000\000\000\000\000\000\000\000\000\000\000\000\000\000\000\000\000\000\000\000\000y\213[\304f\313\032 \232}R\347Z\211K\0360\356\035\235\313\025(\202\275\314g\036RH~W/\351\253\016/\351\253\017\n\000""; }; nodes {;   nodedata: ""\323C\344\327\264{\312-\017:\006{\177\344N\002\326bO\260\220\006\033\362\345\005U\221DzJ0\001\301\025%1L\307\t\261\262z\374\222T\301\274V\236\223\262\270Ct\362\337b\356\024*\324\320\351\317\002k\336\234\027v\351\217\260\303\360\233ZPZWr\246$w\313\313\r\243r\232\2234\373\3539:N\004Q\245\272D\312D\300\300\t\323\0257\345e\271\na\215{\226\255x%T\257\037\333\004\344_/R\006E\344\037@\210\363\010\336T\226\247'\204_{\261\370""1\235\2445\343\033Y!\212\201\341\272\225'\007Oe\010w\312T\2419\266\226\226?\235\357\234#\364qB\234A\020\241\342F\016y?H\353\351\341\013\003""; }; ","ledgerHash: "">\034\236l\273\005G\316F\217}[\036\007\270:\260\335\271B\241N\345\330\204\327f\361\272Kb\037""; ledgerSeq: 30; type: liBASE; nodes {;   nodedata: ""\000\000\000\036\001cEx]\211\377\330\357&Q\217\267\303\356I\236\357\264\311b\037\366\035\253\343\311\265\240\327q\206f\262ODi\215-\363\000\000\000\000\000\000\000\000\000\000\000\000\000\000\000\000\000\000\000\000\000\000\000\000\000\000\000\000\000\000\000\000y\213[\304f\313\032 \232}R\347Z\211K\0360\356\035\235\313\025(\202\275\314g\036RH~W/\351\253\016/\351\253\017\n\000""; }; nodes {;   nodedata: ""\323C\344\327\264{\312-\017:\006{\177\344N\002\326bO\260\220\006\033\362\345\005U\221DzJ0\001\301\025%1L\307\t\261\262z\374\222T\301\274V\236\223\262\270Ct\362\337b\356\024*\324\320\351\317\002k\336\234\027v\351\217\260\303\360\233ZPZWr\246$w\313\313\r\243r\232\2234\373\3539:N\004Q\245\272D\312D\300\300\t\323\0257\345e\271\na\215{\226\255x%T\257\037\333\004\344_/R\006E\344\037@\210\363\010\336T\226\247'\204_{\261\370""1\235\2445\343\033Y!\212\201\341\272\225'\007Oe\010w\312T\2419\266\226\226?\235\357\234#\364qB\234A\020\241\342F\016y?H\353\351\341\013\003""; }; "
1750527630530,1750527630531,0,1,1,2,TMLedgerData,"ledgerHash: "">\034\236l\273\005G\316F\217}[\036\007\270:\260\335\271B\241N\345\330\204\327f\361\272Kb\037""; ledgerSeq: 30; type: liBASE; nodes {;   nodedata: ""\000\000\000\036\001cEx]\211\377\330\357&Q\217\267\303\356I\236\357\264\311b\037\366\035\253\343\311\265\240\327q\206f\262ODi\215-\363\000\000\000\000\000\000\000\000\000\000\000\000\000\000\000\000\000\000\000\000\000\000\000\000\000\000\000\000\000\000\000\000y\213[\304f\313\032 \232}R\347Z\211K\0360\356\035\235\313\025(\202\275\314g\036RH~W/\351\253\016/\351\253\017\n\000""; }; nodes {;   nodedata: ""\323C\344\327\264{\312-\017:\006{\177\344N\002\326bO\260\220\006\033\362\345\005U\221DzJ0\001\301\025%1L\307\t\261\262z\374\222T\301\274V\236\223\262\270Ct\362\337b\356\024*\324\320\351\317\002k\336\234\027v\351\217\260\303\360\233ZPZWr\246$w\313\313\r\243r\232\2234\373\3539:N\004Q\245\272D\312D\300\300\t\323\0257\345e\271\na\215{\226\255x%T\257\037\333\004\344_/R\006E\344\037@\210\363\010\336T\226\247'\204_{\261\370""1\235\2445\343\033Y!\212\201\341\272\225'\007Oe\010w\312T\2419\266\226\226?\235\357\234#\364qB\234A\020\241\342F\016y?H\353\351\341\013\003""; }; ","ledgerHash: "">\034\236l\273\005G\316F\217}[\036\007\270:\260\335\271B\241N\345\330\204\327f\361\272Kb\037""; ledgerSeq: 30; type: liBASE; nodes {;   nodedata: ""\000\000\000\036\001cEx]\211\377\330\357&Q\217\267\303\356I\236\357\264\311b\037\366\035\253\343\311\265\240\327q\206f\262ODi\215-\363\000\000\000\000\000\000\000\000\000\000\000\000\000\000\000\000\000\000\000\000\000\000\000\000\000\000\000\000\000\000\000\000y\213[\304f\313\032 \232}R\347Z\211K\0360\356\035\235\313\025(\202\275\314g\036RH~W/\351\253\016/\351\253\017\n\000""; }; nodes {;   nodedata: ""\323C\344\327\264{\312-\017:\006{\177\344N\002\326bO\260\220\006\033\362\345\005U\221DzJ0\001\301\025%1L\307\t\261\262z\374\222T\301\274V\236\223\262\270Ct\362\337b\356\024*\324\320\351\317\002k\336\234\027v\351\217\260\303\360\233ZPZWr\246$w\313\313\r\243r\232\2234\373\3539:N\004Q\245\272D\312D\300\300\t\323\0257\345e\271\na\215{\226\255x%T\257\037\333\004\344_/R\006E\344\037@\210\363\010\336T\226\247'\204_{\261\370""1\235\2445\343\033Y!\212\201\341\272\225'\007Oe\010w\312T\2419\266\226\226?\235\357\234#\364qB\234A\020\241\342F\016y?H\353\351\341\013\003""; }; "
1750527630531,1750527630531,0,1,3,2,TMLedgerData,"ledgerHash: "">\034\236l\273\005G\316F\217}[\036\007\270:\260\335\271B\241N\345\330\204\327f\361\272Kb\037""; ledgerSeq: 30; type: liBASE; nodes {;   nodedata: ""\000\000\000\036\001cEx]\211\377\330\357&Q\217\267\303\356I\236\357\264\311b\037\366\035\253\343\311\265\240\327q\206f\262ODi\215-\363\000\000\000\000\000\000\000\000\000\000\000\000\000\000\000\000\000\000\000\000\000\000\000\000\000\000\000\000\000\000\000\000y\213[\304f\313\032 \232}R\347Z\211K\0360\356\035\235\313\025(\202\275\314g\036RH~W/\351\253\016/\351\253\017\n\000""; }; nodes {;   nodedata: ""\323C\344\327\264{\312-\017:\006{\177\344N\002\326bO\260\220\006\033\362\345\005U\221DzJ0\001\301\025%1L\307\t\261\262z\374\222T\301\274V\236\223\262\270Ct\362\337b\356\024*\324\320\351\317\002k\336\234\027v\351\217\260\303\360\233ZPZWr\246$w\313\313\r\243r\232\2234\373\3539:N\004Q\245\272D\312D\300\300\t\323\0257\345e\271\na\215{\226\255x%T\257\037\333\004\344_/R\006E\344\037@\210\363\010\336T\226\247'\204_{\261\370""1\235\2445\343\033Y!\212\201\341\272\225'\007Oe\010w\312T\2419\266\226\226?\235\357\234#\364qB\234A\020\241\342F\016y?H\353\351\341\013\003""; }; requestCookie: 2; ","ledgerHash: "">\034\236l\273\005G\316F\217}[\036\007\270:\260\335\271B\241N\345\330\204\327f\361\272Kb\037""; ledgerSeq: 30; type: liBASE; nodes {;   nodedata: ""\000\000\000\036\001cEx]\211\377\330\357&Q\217\267\303\356I\236\357\264\311b\037\366\035\253\343\311\265\240\327q\206f\262ODi\215-\363\000\000\000\000\000\000\000\000\000\000\000\000\000\000\000\000\000\000\000\000\000\000\000\000\000\000\000\000\000\000\000\000y\213[\304f\313\032 \232}R\347Z\211K\0360\356\035\235\313\025(\202\275\314g\036RH~W/\351\253\016/\351\253\017\n\000""; }; nodes {;   nodedata: ""\323C\344\327\264{\312-\017:\006{\177\344N\002\326bO\260\220\006\033\362\345\005U\221DzJ0\001\301\025%1L\307\t\261\262z\374\222T\301\274V\236\223\262\270Ct\362\337b\356\024*\324\320\351\317\002k\336\234\027v\351\217\260\303\360\233ZPZWr\246$w\313\313\r\243r\232\2234\373\3539:N\004Q\245\272D\312D\300\300\t\323\0257\345e\271\na\215{\226\255x%T\257\037\333\004\344_/R\006E\344\037@\210\363\010\336T\226\247'\204_{\261\370""1\235\2445\343\033Y!\212\201\341\272\225'\007Oe\010w\312T\2419\266\226\226?\235\357\234#\364qB\234A\020\241\342F\016y?H\353\351\341\013\003""; }; requestCookie: 2; "
1750527630532,1750527630532,0,1,3,2,TMLedgerData,"ledgerHash: "">\034\236l\273\005G\316F\217}[\036\007\270:\260\335\271B\241N\345\330\204\327f\361\272Kb\037""; ledgerSeq: 30; type: liBASE; nodes {;   nodedata: ""\000\000\000\036\001cEx]\211\377\330\357&Q\217\267\303\356I\236\357\264\311b\037\366\035\253\343\311\265\240\327q\206f\262ODi\215-\363\000\000\000\000\000\000\000\000\000\000\000\000\000\000\000\000\000\000\000\000\000\000\000\000\000\000\000\000\000\000\000\000y\213[\304f\313\032 \232}R\347Z\211K\0360\356\035\235\313\025(\202\275\314g\036RH~W/\351\253\016/\351\253\017\n\000""; }; nodes {;   nodedata: ""\323C\344\327\264{\312-\017:\006{\177\344N\002\326bO\260\220\006\033\362\345\005U\221DzJ0\001\301\025%1L\307\t\261\262z\374\222T\301\274V\236\223\262\270Ct\362\337b\356\024*\324\320\351\317\002k\336\234\027v\351\217\260\303\360\233ZPZWr\246$w\313\313\r\243r\232\2234\373\3539:N\004Q\245\272D\312D\300\300\t\323\0257\345e\271\na\215{\226\255x%T\257\037\333\004\344_/R\006E\344\037@\210\363\010\336T\226\247'\204_{\261\370""1\235\2445\343\033Y!\212\201\341\272\225'\007Oe\010w\312T\2419\266\226\226?\235\357\234#\364qB\234A\020\241\342F\016y?H\353\351\341\013\003""; }; requestCookie: 5; ","ledgerHash: "">\034\236l\273\005G\316F\217}[\036\007\270:\260\335\271B\241N\345\330\204\327f\361\272Kb\037""; ledgerSeq: 30; type: liBASE; nodes {;   nodedata: ""\000\000\000\036\001cEx]\211\377\330\357&Q\217\267\303\356I\236\357\264\311b\037\366\035\253\343\311\265\240\327q\206f\262ODi\215-\363\000\000\000\000\000\000\000\000\000\000\000\000\000\000\000\000\000\000\000\000\000\000\000\000\000\000\000\000\000\000\000\000y\213[\304f\313\032 \232}R\347Z\211K\0360\356\035\235\313\025(\202\275\314g\036RH~W/\351\253\016/\351\253\017\n\000""; }; nodes {;   nodedata: ""\323C\344\327\264{\312-\017:\006{\177\344N\002\326bO\260\220\006\033\362\345\005U\221DzJ0\001\301\025%1L\307\t\261\262z\374\222T\301\274V\236\223\262\270Ct\362\337b\356\024*\324\320\351\317\002k\336\234\027v\351\217\260\303\360\233ZPZWr\246$w\313\313\r\243r\232\2234\373\3539:N\004Q\245\272D\312D\300\300\t\323\0257\345e\271\na\215{\226\255x%T\257\037\333\004\344_/R\006E\344\037@\210\363\010\336T\226\247'\204_{\261\370""1\235\2445\343\033Y!\212\201\341\272\225'\007Oe\010w\312T\2419\266\226\226?\235\357\234#\364qB\234A\020\241\342F\016y?H\353\351\341\013\003""; }; requestCookie: 5; "
1750527630533,1750527630533,0,1,3,2,TMLedgerData,"ledgerHash: "">\034\236l\273\005G\316F\217}[\036\007\270:\260\335\271B\241N\345\330\204\327f\361\272Kb\037""; ledgerSeq: 30; type: liBASE; nodes {;   nodedata: ""\000\000\000\036\001cEx]\211\377\330\357&Q\217\267\303\356I\236\357\264\311b\037\366\035\253\343\311\265\240\327q\206f\262ODi\215-\363\000\000\000\000\000\000\000\000\000\000\000\000\000\000\000\000\000\000\000\000\000\000\000\000\000\000\000\000\000\000\000\000y\213[\304f\313\032 \232}R\347Z\211K\0360\356\035\235\313\025(\202\275\314g\036RH~W/\351\253\016/\351\253\017\n\000""; }; nodes {;   nodedata: ""\323C\344\327\264{\312-\017:\006{\177\344N\002\326bO\260\220\006\033\362\345\005U\221DzJ0\001\301\025%1L\307\t\261\262z\374\222T\301\274V\236\223\262\270Ct\362\337b\356\024*\324\320\351\317\002k\336\234\027v\351\217\260\303\360\233ZPZWr\246$w\313\313\r\243r\232\2234\373\3539:N\004Q\245\272D\312D\300\300\t\323\0257\345e\271\na\215{\226\255x%T\257\037\333\004\344_/R\006E\344\037@\210\363\010\336T\226\247'\204_{\261\370""1\235\2445\343\033Y!\212\201\341\272\225'\007Oe\010w\312T\2419\266\226\226?\235\357\234#\364qB\234A\020\241\342F\016y?H\353\351\341\013\003""; }; requestCookie: 3; ","ledgerHash: "">\034\236l\273\005G\316F\217}[\036\007\270:\260\335\271B\241N\345\330\204\327f\361\272Kb\037""; ledgerSeq: 30; type: liBASE; nodes {;   nodedata: ""\000\000\000\036\001cEx]\211\377\330\357&Q\217\267\303\356I\236\357\264\311b\037\366\035\253\343\311\265\240\327q\206f\262ODi\215-\363\000\000\000\000\000\000\000\000\000\000\000\000\000\000\000\000\000\000\000\000\000\000\000\000\000\000\000\000\000\000\000\000y\213[\304f\313\032 \232}R\347Z\211K\0360\356\035\235\313\025(\202\275\314g\036RH~W/\351\253\016/\351\253\017\n\000""; }; nodes {;   nodedata: ""\323C\344\327\264{\312-\017:\006{\177\344N\002\326bO\260\220\006\033\362\345\005U\221DzJ0\001\301\025%1L\307\t\261\262z\374\222T\301\274V\236\223\262\270Ct\362\337b\356\024*\324\320\351\317\002k\336\234\027v\351\217\260\303\360\233ZPZWr\246$w\313\313\r\243r\232\2234\373\3539:N\004Q\245\272D\312D\300\300\t\323\0257\345e\271\na\215{\226\255x%T\257\037\333\004\344_/R\006E\344\037@\210\363\010\336T\226\247'\204_{\261\370""1\235\2445\343\033Y!\212\201\341\272\225'\007Oe\010w\312T\2419\266\226\226?\235\357\234#\364qB\234A\020\241\342F\016y?H\353\351\341\013\003""; }; requestCookie: 3; "
1750527630534,1750527630534,0,1,3,0,TMLedgerData,"ledgerHash: "">\034\236l\273\005G\316F\217}[\036\007\270:\260\335\271B\241N\345\330\204\327f\361\272Kb\037""; ledgerSeq: 30; type: liBASE; nodes {;   nodedata: ""\000\000\000\036\001cEx]\211\377\330\357&Q\217\267\303\356I\236\357\264\311b\037\366\035\253\343\311\265\240\327q\206f\262ODi\215-\363\000\000\000\000\000\000\000\000\000\000\000\000\000\000\000\000\000\000\000\000\000\000\000\000\000\000\000\000\000\000\000\000y\213[\304f\313\032 \232}R\347Z\211K\0360\356\035\235\313\025(\202\275\314g\036RH~W/\351\253\016/\351\253\017\n\000""; }; nodes {;   nodedata: ""\323C\344\327\264{\312-\017:\006{\177\344N\002\326bO\260\220\006\033\362\345\005U\221DzJ0\001\301\025%1L\307\t\261\262z\374\222T\301\274V\236\223\262\270Ct\362\337b\356\024*\324\320\351\317\002k\336\234\027v\351\217\260\303\360\233ZPZWr\246$w\313\313\r\243r\232\2234\373\3539:N\004Q\245\272D\312D\300\300\t\323\0257\345e\271\na\215{\226\255x%T\257\037\333\004\344_/R\006E\344\037@\210\363\010\336T\226\247'\204_{\261\370""1\235\2445\343\033Y!\212\201\341\272\225'\007Oe\010w\312T\2419\266\226\226?\235\357\234#\364qB\234A\020\241\342F\016y?H\353\351\341\013\003""; }; ","ledgerHash: "">\034\236l\273\005G\316F\217}[\036\007\270:\260\335\271B\241N\345\330\204\327f\361\272Kb\037""; ledgerSeq: 30; type: liBASE; nodes {;   nodedata: ""\000\000\000\036\001cEx]\211\377\330\357&Q\217\267\303\356I\236\357\264\311b\037\366\035\253\343\311\265\240\327q\206f\262ODi\215-\363\000\000\000\000\000\000\000\000\000\000\000\000\000\000\000\000\000\000\000\000\000\000\000\000\000\000\000\000\000\000\000\000y\213[\304f\313\032 \232}R\347Z\211K\0360\356\035\235\313\025(\202\275\314g\036RH~W/\351\253\016/\351\253\017\n\000""; }; nodes {;   nodedata: ""\323C\344\327\264{\312-\017:\006{\177\344N\002\326bO\260\220\006\033\362\345\005U\221DzJ0\001\301\025%1L\307\t\261\262z\374\222T\301\274V\236\223\262\270Ct\362\337b\356\024*\324\320\351\317\002k\336\234\027v\351\217\260\303\360\233ZPZWr\246$w\313\313\r\243r\232\2234\373\3539:N\004Q\245\272D\312D\300\300\t\323\0257\345e\271\na\215{\226\255x%T\257\037\333\004\344_/R\006E\344\037@\210\363\010\336T\226\247'\204_{\261\370""1\235\2445\343\033Y!\212\201\341\272\225'\007Oe\010w\312T\2419\266\226\226?\235\357\234#\364qB\234A\020\241\342F\016y?H\353\351\341\013\003""; }; "
1750527630535,1750527630535,0,1,3,0,TMLedgerData,"ledgerHash: "">\034\236l\273\005G\316F\217}[\036\007\270:\260\335\271B\241N\345\330\204\327f\361\272Kb\037""; ledgerSeq: 30; type: liAS_NODE; nodes {;   nodedata: ""\021\000h""\000\000\000\000 \033\000\000\000\035\002\023\303\377\330\356GuH\375\327!\255\371\r\231\262R\256J\034\222\241\355X\265E\241^W\225\304\014\361CX-}\351f\032\255\274\334m\326c\017\014ao[\342\230\003\245\245\3341Hm\326^\017jy\335\261\032Yt\320\244{g\0306\\302\303*\341\215\223\257\364\277o\375\000r\241SOq\221\253\262\005\017\375T\356\014\360o'\030\311-\267\031\257!\031T\006><\315XM\334\324\345\034\000\325\367\240\271\013\265\024\321\362\354\211\250.\234s\225amc\305\035\366\276\037nD\277`\210\223N\3535\033\261\304f\331]\036\237\306o!\223\221\002\324\031\262\240R\177 ,\214\325\Q])\016\2067\277\t\354\010\000\360\215\2502\265\245\310\226\243c\302Ze\306\253#r\020\211\320iG\276\020E\317\035Sf\223F\254\033@\177e\277\016\010u\327\371&\262\312\317Q\2361t\377x\234\001v\003%\030\325_\225g\204\346a=\225\273\331\354\365*U\363\263N\367b\371\244\314-w\363\262\225Z\200\206\235\233\257?sE\2674\254\326mU\377?\177Ek\336\030!\316Aa\225\303\022\377{\210Y\226\271as\354L\035\004\341\361\035\301\024\220m#*\372\032\3178~\374\250\014*\323\342'z69\220\327\256\351G\367\317u\302\207\270b\315\333\333\334\310I\323&\014\352XZnW2.\335\347\202\021\247\362\212e\034\000\001\250\220\305;a\314\265R\310\017\317\331\235\360\262\240:\277\202\266\354\265X""\022\nh\252\352w\204\203\023]\001f\352\277\0031Q]\362\370R\350{\261\202\240\344\215\201\353\276\322p5p\350\354\017>\250r\241c\273\016\301\024\363\242\247\263\231\370\344\nBW\220K\316@3\243\200\036wk\253GSlU\010\360\231>\331\263H\214\324\030A\225\301o\346pkSF\004\241\213w9\223=\250\262*+\255\351r\265\244c\024\213\t\007`\223\325#\3477\210\345P\306\013\320\252[\0216+\227=`\371P\314\346 V7\271[~\n\237\274|\347\352@K\253~&\260\032\024\004B\200\255h\351\013\361\031:nG\211\005|\2003\266\274\251,W\006u\344\335d\003\306\212\313,\340\350bG\n\030Z\2732-\246\312\255\030\003\235207\005}D\260\0261ah\322M\304\216\273m0\271\234\237\007<w$\265C\245\232\033\023\313c\321B\032l\301h\005\320\252\301\361(\330[\343\357\343{\235\n\266g\272>\177\317\347\261qb&\270&\346ju\200\363N\320\307\004\034\001n\317\361\2653\254\2503\247\305\372\316W\022O\253x\250\025\373\247\354Tc\304\263\243^\352Gv\\264\261\r\035\226\306\2411\351\233\203\215\200$\231\300f\220\371c@\017\254\363\\371\340\340VaR\205~^\226\342t\360\022\204d\231\205)\272\364?\361!\334\331\315\254\230\rBG\314\023\246\244=\351\177\254\302b&\276+H;0\312\021&\275\036\237\350R\313\206R\331\304k\323u\263t\221\213yC\241\217A\242\027g\322\241'\212.E?B_\316\327\217J +\370\t^b\005\020\003\211\373\247|hC\271Nmk~J\270EU\274\036-\347\240\312FA\321\341bca\253\025\321\311\317\021\375\317\217\n\272\033o\353G>\275\361H\265\240\232um""\317\324`\214\221\314\000\211K\223+(""\200i \311\372g\254\343ZR0\224\275q\252\357\213\263\206N\357&Q\217\267\303\356I\236\357\264\311b\037\366\035\253\343\311\265\240\327q\206f\262ODi\215-\363\264\227\2326\315\307\363\323\325\303\032N\256*\307\327 \235\332\207u\210\271\257\306g\231i*\260\326k\001"";   nodeid: ""\260\000\000\000\000\000\000\000\000\000\000\000\000\000\000\000\000\000\000\000\000\000\000\000\000\000\000\000\000\000\000\000\001""; }; ","ledgerHash: "">\034\236l\273\005G\316F\217}[\036\007\270:\260\335\271B\241N\345\330\204\327f\361\272Kb\037""; ledgerSeq: 30; type: liAS_NODE; nodes {;   nodedata: ""\021\000h""\000\000\000\000 \033\000\000\000\035\002\023\303\377\330\356GuH\375\327!\255\371\r\231\262R\256J\034\222\241\355X\265E\241^W\225\304\014\361CX-}\351f\032\255\274\334m\326c\017\014ao[\342\230\003\245\245\3341Hm\326^\017jy\335\261\032Yt\320\244{g\0306\\302\303*\341\215\223\257\364\277o\375\000r\241SOq\221\253\262\005\017\375T\356\014\360o'\030\311-\267\031\257!\031T\006><\315XM\334\324\345\034\000\325\367\240\271\013\265\024\321\362\354\211\250.\234s\225amc\305\035\366\276\037nD\277`\210\223N\3535\033\261\304f\331]\036\237\306o!\223\221\002\324\031\262\240R\177 ,\214\325\Q])\016\2067\277\t\354\010\000\360\215\2502\265\245\310\226\243c\302Ze\306\253#r\020\211\320iG\276\020E\317\035Sf\223F\254\033@\177e\277\016\010u\327\371&\262\312\317Q\2361t\377x\234\001v\003%\030\325_\225g\204\346a=\225\273\331\354\365*U\363\263N\367b\371\244\314-w\363\262\225Z\200\206\235\233\257?sE\2674\254\326mU\377?\177Ek\336\030!\316Aa\225\303\022\377{\210Y\226\271as\354L\035\004\341\361\035\301\024\220m#*\372\032\3178~\374\250\014*\323\342'z69\220\327\256\351G\367\317u\302\207\270b\315\333\333\334\310I\323&\014\352XZnW2.\335\347\202\021\247\362\212e\034\000\001\250\220\305;a\314\265R\310\017\317\331\235\360\262\240:\277\202\266\354\265X""\022\nh\252\352w\204\203\023]\001f\352\277\0031Q]\362\370R\350{\261\202\240\344\215\201\353\276\322p5p\350\354\017>\250r\241c\273\016\301\024\363\242\247\263\231\370\344\nBW\220K\316@3\243\200\036wk\253GSlU\010\360\231>\331\263H\214\324\030A\225\301o\346pkSF\004\241\213w9\223=\250\262*+\255\351r\265\244c\024\213\t\007`\223\325#\3477\210\345P\306\013\320\252[\0216+\227=`\371P\314\346 V7\271[~\n\237\274|\347\352@K\253~&\260\032\024\004B\200\255h\351\013\361\031:nG\211\005|\2003\266\274\251,W\006u\344\335d\003\306\212\313,\340\350bG\n\030Z\2732-\246\312\255\030\003\235207\005}D\260\0261ah\322M\304\216\273m0\271\234\237\007<w$\265C\245\232\033\023\313c\321B\032l\301h\005\320\252\301\361(\330[\343\357\343{\235\n\266g\272>\177\317\347\261qb&\270&\346ju\200\363N\320\307\004\034\001n\317\361\2653\254\2503\247\305\372\316W\022O\253x\250\025\373\247\354Tc\304\263\243^\352Gv\\264\261\r\035\226\306\2411\351\233\203\215\200$\231\300f\220\371c@\017\254\363\\371\340\340VaR\205~^\226\342t\360\022\204d\231\205)\272\364?\361!\334\331\315\254\230\rBG\314\023\246\244=\351\177\254\302b&\276+H;0\312\021&\275\036\237\350R\313\206R\331\304k\323u\263t\221\213yC\241\217A\242\027g\322\241'\212.E?B_\316\327\217J +\370\t^b\005\020\003\211\373\247|hC\271Nmk~J\270EU\274\036-\347\240\312FA\321\341bca\253\025\321\311\317\021\375\317\217\n\272\033o\353G>\275\361H\265\240\232um""\317\324`\214\221\314\000\211K\223+(""\200i \311\372g\254\343ZR0\224\275q\252\357\213\263\206N\357&Q\217\267\303\356I\236\357\264\311b\037\366\035\253\343\311\265\240\327q\206f\262ODi\215-\363\264\227\2326\315\307\363\323\325\303\032N\256*\307\327 \235\332\207u\210\271\257\306g\231i*\260\326k\001"";   nodeid: ""\260\000\000\000\000\000\000\000\000\000\000\000\000\000\000\000\000\000\000\000\000\000\000\000\000\000\000\000\000\000\000\000\001""; }; "
1750527630535,1750527630536,0,1,3,0,TMLedgerData,"ledgerHash: "">\034\236l\273\005G\316F\217}[\036\007\270:\260\335\271B\241N\345\330\204\327f\361\272Kb\037""; ledgerSeq: 30; type: liBASE; nodes {;   nodedata: ""\000\000\000\036\001cEx]\211\377\330\357&Q\217\267\303\356I\236\357\264\311b\037\366\035\253\343\311\265\240\327q\206f\262ODi\215-\363\000\000\000\000\000\000\000\000\000\000\000\000\000\000\000\000\000\000\000\000\000\000\000\000\000\000\000\000\000\000\000\000y\213[\304f\313\032 \232}R\347Z\211K\0360\356\035\235\313\025(\202\275\314g\036RH~W/\351\253\016/\351\253\017\n\000""; }; nodes {;   nodedata: ""\323C\344\327\264{\312-\017:\006{\177\344N\002\326bO\260\220\006\033\362\345\005U\221DzJ0\001\301\025%1L\307\t\261\262z\374\222T\301\274V\236\223\262\270Ct\362\337b\356\024*\324\320\351\317\002k\336\234\027v\351\217\260\303\360\233ZPZWr\246$w\313\313\r\243r\232\2234\373\3539:N\004Q\245\272D\312D\300\300\t\323\0257\345e\271\na\215{\226\255x%T\257\037\333\004\344_/R\006E\344\037@\210\363\010\336T\226\247'\204_{\261\370""1\235\2445\343\033Y!\212\201\341\272\225'\007Oe\010w\312T\2419\266\226\226?\235\357\234#\364qB\234A\020\241\342F\016y?H\353\351\341\013\003""; }; requestCookie: 3; ","ledgerHash: "">\034\236l\273\005G\316F\217}[\036\007\270:\260\335\271B\241N\345\330\204\327f\361\272Kb\037""; ledgerSeq: 30; type: liBASE; nodes {;   nodedata: ""\000\000\000\036\001cEx]\211\377\330\357&Q\217\267\303\356I\236\357\264\311b\037\366\035\253\343\311\265\240\327q\206f\262ODi\215-\363\000\000\000\000\000\000\000\000\000\000\000\000\000\000\000\000\000\000\000\000\000\000\000\000\000\000\000\000\000\000\000\000y\213[\304f\313\032 \232}R\347Z\211K\0360\356\035\235\313\025(\202\275\314g\036RH~W/\351\253\016/\351\253\017\n\000""; }; nodes {;   nodedata: ""\323C\344\327\264{\312-\017:\006{\177\344N\002\326bO\260\220\006\033\362\345\005U\221DzJ0\001\301\025%1L\307\t\261\262z\374\222T\301\274V\236\223\262\270Ct\362\337b\356\024*\324\320\351\317\002k\336\234\027v\351\217\260\303\360\233ZPZWr\246$w\313\313\r\243r\232\2234\373\3539:N\004Q\245\272D\312D\300\300\t\323\0257\345e\271\na\215{\226\255x%T\257\037\333\004\344_/R\006E\344\037@\210\363\010\336T\226\247'\204_{\261\370""1\235\2445\343\033Y!\212\201\341\272\225'\007Oe\010w\312T\2419\266\226\226?\235\357\234#\364qB\234A\020\241\342F\016y?H\353\351\341\013\003""; }; requestCookie: 3; "
1750527630538,1750527630538,0,1,2,0,TMLedgerData,"ledgerHash: "">\034\236l\273\005G\316F\217}[\036\007\270:\260\335\271B\241N\345\330\204\327f\361\272Kb\037""; ledgerSeq: 30; type: liBASE; nodes {;   nodedata: ""\000\000\000\036\001cEx]\211\377\330\357&Q\217\267\303\356I\236\357\264\311b\037\366\035\253\343\311\265\240\327q\206f\262ODi\215-\363\000\000\000\000\000\000\000\000\000\000\000\000\000\000\000\000\000\000\000\000\000\000\000\000\000\000\000\000\000\000\000\000y\213[\304f\313\032 \232}R\347Z\211K\0360\356\035\235\313\025(\202\275\314g\036RH~W/\351\253\016/\351\253\017\n\000""; }; nodes {;   nodedata: ""\323C\344\327\264{\312-\017:\006{\177\344N\002\326bO\260\220\006\033\362\345\005U\221DzJ0\001\301\025%1L\307\t\261\262z\374\222T\301\274V\236\223\262\270Ct\362\337b\356\024*\324\320\351\317\002k\336\234\027v\351\217\260\303\360\233ZPZWr\246$w\313\313\r\243r\232\2234\373\3539:N\004Q\245\272D\312D\300\300\t\323\0257\345e\271\na\215{\226\255x%T\257\037\333\004\344_/R\006E\344\037@\210\363\010\336T\226\247'\204_{\261\370""1\235\2445\343\033Y!\212\201\341\272\225'\007Oe\010w\312T\2419\266\226\226?\235\357\234#\364qB\234A\020\241\342F\016y?H\353\351\341\013\003""; }; ","ledgerHash: "">\034\236l\273\005G\316F\217}[\036\007\270:\260\335\271B\241N\345\330\204\327f\361\272Kb\037""; ledgerSeq: 30; type: liBASE; nodes {;   nodedata: ""\000\000\000\036\001cEx]\211\377\330\357&Q\217\267\303\356I\236\357\264\311b\037\366\035\253\343\311\265\240\327q\206f\262ODi\215-\363\000\000\000\000\000\000\000\000\000\000\000\000\000\000\000\000\000\000\000\000\000\000\000\000\000\000\000\000\000\000\000\000y\213[\304f\313\032 \232}R\347Z\211K\0360\356\035\235\313\025(\202\275\314g\036RH~W/\351\253\016/\351\253\017\n\000""; }; nodes {;   nodedata: ""\323C\344\327\264{\312-\017:\006{\177\344N\002\326bO\260\220\006\033\362\345\005U\221DzJ0\001\301\025%1L\307\t\261\262z\374\222T\301\274V\236\223\262\270Ct\362\337b\356\024*\324\320\351\317\002k\336\234\027v\351\217\260\303\360\233ZPZWr\246$w\313\313\r\243r\232\2234\373\3539:N\004Q\245\272D\312D\300\300\t\323\0257\345e\271\na\215{\226\255x%T\257\037\333\004\344_/R\006E\344\037@\210\363\010\336T\226\247'\204_{\261\370""1\235\2445\343\033Y!\212\201\341\272\225'\007Oe\010w\312T\2419\266\226\226?\235\357\234#\364qB\234A\020\241\342F\016y?H\353\351\341\013\003""; }; "
1750527630538,1750527630539,0,1,2,4,TMLedgerData,"ledgerHash: "">\034\236l\273\005G\316F\217}[\036\007\270:\260\335\271B\241N\345\330\204\327f\361\272Kb\037""; ledgerSeq: 30; type: liBASE; nodes {;   nodedata: ""\000\000\000\036\001cEx]\211\377\330\357&Q\217\267\303\356I\236\357\264\311b\037\366\035\253\343\311\265\240\327q\206f\262ODi\215-\363\000\000\000\000\000\000\000\000\000\000\000\000\000\000\000\000\000\000\000\000\000\000\000\000\000\000\000\000\000\000\000\000y\213[\304f\313\032 \232}R\347Z\211K\0360\356\035\235\313\025(\202\275\314g\036RH~W/\351\253\016/\351\253\017\n\000""; }; nodes {;   nodedata: ""\323C\344\327\264{\312-\017:\006{\177\344N\002\326bO\260\220\006\033\362\345\005U\221DzJ0\001\301\025%1L\307\t\261\262z\374\222T\301\274V\236\223\262\270Ct\362\337b\356\024*\324\320\351\317\002k\336\234\027v\351\217\260\303\360\233ZPZWr\246$w\313\313\r\243r\232\2234\373\3539:N\004Q\245\272D\312D\300\300\t\323\0257\345e\271\na\215{\226\255x%T\257\037\333\004\344_/R\006E\344\037@\210\363\010\336T\226\247'\204_{\261\370""1\235\2445\343\033Y!\212\201\341\272\225'\007Oe\010w\312T\2419\266\226\226?\235\357\234#\364qB\234A\020\241\342F\016y?H\353\351\341\013\003""; }; ","ledgerHash: "">\034\236l\273\005G\316F\217}[\036\007\270:\260\335\271B\241N\345\330\204\327f\361\272Kb\037""; ledgerSeq: 30; type: liBASE; nodes {;   nodedata: ""\000\000\000\036\001cEx]\211\377\330\357&Q\217\267\303\356I\236\357\264\311b\037\366\035\253\343\311\265\240\327q\206f\262ODi\215-\363\000\000\000\000\000\000\000\000\000\000\000\000\000\000\000\000\000\000\000\000\000\000\000\000\000\000\000\000\000\000\000\000y\213[\304f\313\032 \232}R\347Z\211K\0360\356\035\235\313\025(\202\275\314g\036RH~W/\351\253\016/\351\253\017\n\000""; }; nodes {;   nodedata: ""\323C\344\327\264{\312-\017:\006{\177\344N\002\326bO\260\220\006\033\362\345\005U\221DzJ0\001\301\025%1L\307\t\261\262z\374\222T\301\274V\236\223\262\270Ct\362\337b\356\024*\324\320\351\317\002k\336\234\027v\351\217\260\303\360\233ZPZWr\246$w\313\313\r\243r\232\2234\373\3539:N\004Q\245\272D\312D\300\300\t\323\0257\345e\271\na\215{\226\255x%T\257\037\333\004\344_/R\006E\344\037@\210\363\010\336T\226\247'\204_{\261\370""1\235\2445\343\033Y!\212\201\341\272\225'\007Oe\010w\312T\2419\266\226\226?\235\357\234#\364qB\234A\020\241\342F\016y?H\353\351\341\013\003""; }; "
1750527630540,1750527630540,0,1,0,3,TMProposeSet,"proposeSeq: 0; currentTxHash: ""\000\000\000\000\000\000\000\000\000\000\000\000\000\000\000\000\000\000\000\000\000\000\000\000\000\000\000\000\000\000\000\000""; nodePubKey: ""\002\225aM\037\203M\271C\224]$\245\215\334\264;{{\365%Z\2443U\201\242\320iUc\207\367""; closeTime: 803842830; signature: ""0D\002 <@\233\\211~\373\250i\344i\031\t4\336\370\356\000R\273m\254_\037F-\213\274\214\006z\335\002 ^\217\365\003l\277\323'.q\232\002_\024\216n\264\337\027\036d\375\320\8\235=\301s\014\204\031""; previousledger: ""\027U|0.\0360\370\215\036\314\206\346\317zDP\223\241\204\277V\351i\247$\323\007\211CW\252""; ","proposeSeq: 0; currentTxHash: ""\000\000\000\000\000\000\000\000\000\000\000\000\000\000\000\000\000\000\000\000\000\000\000\000\000\000\000\000\000\000\000\000""; nodePubKey: ""\002\225aM\037\203M\271C\224]$\245\215\334\264;{{\365%Z\2443U\201\242\320iUc\207\367""; closeTime: 803842830; signature: ""0D\002 <@\233\\211~\373\250i\344i\031\t4\336\370\356\000R\273m\254_\037F-\213\274\214\006z\335\002 ^\217\365\003l\277\323'.q\232\002_\024\216n\264\337\027\036d\375\320\8\235=\301s\014\204\031""; previousledger: ""\027U|0.\0360\370\215\036\314\206\346\317zDP\223\241\204\277V\351i\247$\323\007\211CW\252""; "
1750527630541,1750527630541,0,1,2,1,TMLedgerData,"ledgerHash: "">\034\236l\273\005G\316F\217}[\036\007\270:\260\335\271B\241N\345\330\204\327f\361\272Kb\037""; ledgerSeq: 30; type: liBASE; nodes {;   nodedata: ""\000\000\000\036\001cEx]\211\377\330\357&Q\217\267\303\356I\236\357\264\311b\037\366\035\253\343\311\265\240\327q\206f\262ODi\215-\363\000\000\000\000\000\000\000\000\000\000\000\000\000\000\000\000\000\000\000\000\000\000\000\000\000\000\000\000\000\000\000\000y\213[\304f\313\032 \232}R\347Z\211K\0360\356\035\235\313\025(\202\275\314g\036RH~W/\351\253\016/\351\253\017\n\000""; }; nodes {;   nodedata: ""\323C\344\327\264{\312-\017:\006{\177\344N\002\326bO\260\220\006\033\362\345\005U\221DzJ0\001\301\025%1L\307\t\261\262z\374\222T\301\274V\236\223\262\270Ct\362\337b\356\024*\324\320\351\317\002k\336\234\027v\351\217\260\303\360\233ZPZWr\246$w\313\313\r\243r\232\2234\373\3539:N\004Q\245\272D\312D\300\300\t\323\0257\345e\271\na\215{\226\255x%T\257\037\333\004\344_/R\006E\344\037@\210\363\010\336T\226\247'\204_{\261\370""1\235\2445\343\033Y!\212\201\341\272\225'\007Oe\010w\312T\2419\266\226\226?\235\357\234#\364qB\234A\020\241\342F\016y?H\353\351\341\013\003""; }; ","ledgerHash: "">\034\236l\273\005G\316F\217}[\036\007\270:\260\335\271B\241N\345\330\204\327f\361\272Kb\037""; ledgerSeq: 30; type: liBASE; nodes {;   nodedata: ""\000\000\000\036\001cEx]\211\377\330\357&Q\217\267\303\356I\236\357\264\311b\037\366\035\253\343\311\265\240\327q\206f\262ODi\215-\363\000\000\000\000\000\000\000\000\000\000\000\000\000\000\000\000\000\000\000\000\000\000\000\000\000\000\000\000\000\000\000\000y\213[\304f\313\032 \232}R\347Z\211K\0360\356\035\235\313\025(\202\275\314g\036RH~W/\351\253\016/\351\253\017\n\000""; }; nodes {;   nodedata: ""\323C\344\327\264{\312-\017:\006{\177\344N\002\326bO\260\220\006\033\362\345\005U\221DzJ0\001\301\025%1L\307\t\261\262z\374\222T\301\274V\236\223\262\270Ct\362\337b\356\024*\324\320\351\317\002k\336\234\027v\351\217\260\303\360\233ZPZWr\246$w\313\313\r\243r\232\2234\373\3539:N\004Q\245\272D\312D\300\300\t\323\0257\345e\271\na\215{\226\255x%T\257\037\333\004\344_/R\006E\344\037@\210\363\010\336T\226\247'\204_{\261\370""1\235\2445\343\033Y!\212\201\341\272\225'\007Oe\010w\312T\2419\266\226\226?\235\357\234#\364qB\234A\020\241\342F\016y?H\353\351\341\013\003""; }; "
1750527630543,1750527630543,0,1,0,2,TMLedgerData,"ledgerHash: "">\034\236l\273\005G\316F\217}[\036\007\270:\260\335\271B\241N\345\330\204\327f\361\272Kb\037""; ledgerSeq: 30; type: liBASE; nodes {;   nodedata: ""\000\000\000\036\001cEx]\211\377\330\357&Q\217\267\303\356I\236\357\264\311b\037\366\035\253\343\311\265\240\327q\206f\262ODi\215-\363\000\000\000\000\000\000\000\000\000\000\000\000\000\000\000\000\000\000\000\000\000\000\000\000\000\000\000\000\000\000\000\000y\213[\304f\313\032 \232}R\347Z\211K\0360\356\035\235\313\025(\202\275\314g\036RH~W/\351\253\016/\351\253\017\n\000""; }; nodes {;   nodedata: ""\323C\344\327\264{\312-\017:\006{\177\344N\002\326bO\260\220\006\033\362\345\005U\221DzJ0\001\301\025%1L\307\t\261\262z\374\222T\301\274V\236\223\262\270Ct\362\337b\356\024*\324\320\351\317\002k\336\234\027v\351\217\260\303\360\233ZPZWr\246$w\313\313\r\243r\232\2234\373\3539:N\004Q\245\272D\312D\300\300\t\323\0257\345e\271\na\215{\226\255x%T\257\037\333\004\344_/R\006E\344\037@\210\363\010\336T\226\247'\204_{\261\370""1\235\2445\343\033Y!\212\201\341\272\225'\007Oe\010w\312T\2419\266\226\226?\235\357\234#\364qB\234A\020\241\342F\016y?H\353\351\341\013\003""; }; ","ledgerHash: "">\034\236l\273\005G\316F\217}[\036\007\270:\260\335\271B\241N\345\330\204\327f\361\272Kb\037""; ledgerSeq: 30; type: liBASE; nodes {;   nodedata: ""\000\000\000\036\001cEx]\211\377\330\357&Q\217\267\303\356I\236\357\264\311b\037\366\035\253\343\311\265\240\327q\206f\262ODi\215-\363\000\000\000\000\000\000\000\000\000\000\000\000\000\000\000\000\000\000\000\000\000\000\000\000\000\000\000\000\000\000\000\000y\213[\304f\313\032 \232}R\347Z\211K\0360\356\035\235\313\025(\202\275\314g\036RH~W/\351\253\016/\351\253\017\n\000""; }; nodes {;   nodedata: ""\323C\344\327\264{\312-\017:\006{\177\344N\002\326bO\260\220\006\033\362\345\005U\221DzJ0\001\301\025%1L\307\t\261\262z\374\222T\301\274V\236\223\262\270Ct\362\337b\356\024*\324\320\351\317\002k\336\234\027v\351\217\260\303\360\233ZPZWr\246$w\313\313\r\243r\232\2234\373\3539:N\004Q\245\272D\312D\300\300\t\323\0257\345e\271\na\215{\226\255x%T\257\037\333\004\344_/R\006E\344\037@\210\363\010\336T\226\247'\204_{\261\370""1\235\2445\343\033Y!\212\201\341\272\225'\007Oe\010w\312T\2419\266\226\226?\235\357\234#\364qB\234A\020\241\342F\016y?H\353\351\341\013\003""; }; "
1750527630544,1750527630544,0,1,3,0,TMLedgerData,"ledgerHash: "">\034\236l\273\005G\316F\217}[\036\007\270:\260\335\271B\241N\345\330\204\327f\361\272Kb\037""; ledgerSeq: 30; type: liBASE; nodes {;   nodedata: ""\000\000\000\036\001cEx]\211\377\330\357&Q\217\267\303\356I\236\357\264\311b\037\366\035\253\343\311\265\240\327q\206f\262ODi\215-\363\000\000\000\000\000\000\000\000\000\000\000\000\000\000\000\000\000\000\000\000\000\000\000\000\000\000\000\000\000\000\000\000y\213[\304f\313\032 \232}R\347Z\211K\0360\356\035\235\313\025(\202\275\314g\036RH~W/\351\253\016/\351\253\017\n\000""; }; nodes {;   nodedata: ""\323C\344\327\264{\312-\017:\006{\177\344N\002\326bO\260\220\006\033\362\345\005U\221DzJ0\001\301\025%1L\307\t\261\262z\374\222T\301\274V\236\223\262\270Ct\362\337b\356\024*\324\320\351\317\002k\336\234\027v\351\217\260\303\360\233ZPZWr\246$w\313\313\r\243r\232\2234\373\3539:N\004Q\245\272D\312D\300\300\t\323\0257\345e\271\na\215{\226\255x%T\257\037\333\004\344_/R\006E\344\037@\210\363\010\336T\226\247'\204_{\261\370""1\235\2445\343\033Y!\212\201\341\272\225'\007Oe\010w\312T\2419\266\226\226?\235\357\234#\364qB\234A\020\241\342F\016y?H\353\351\341\013\003""; }; requestCookie: 2; ","ledgerHash: "">\034\236l\273\005G\316F\217}[\036\007\270:\260\335\271B\241N\345\330\204\327f\361\272Kb\037""; ledgerSeq: 30; type: liBASE; nodes {;   nodedata: ""\000\000\000\036\001cEx]\211\377\330\357&Q\217\267\303\356I\236\357\264\311b\037\366\035\253\343\311\265\240\327q\206f\262ODi\215-\363\000\000\000\000\000\000\000\000\000\000\000\000\000\000\000\000\000\000\000\000\000\000\000\000\000\000\000\000\000\000\000\000y\213[\304f\313\032 \232}R\347Z\211K\0360\356\035\235\313\025(\202\275\314g\036RH~W/\351\253\016/\351\253\017\n\000""; }; nodes {;   nodedata: ""\323C\344\327\264{\312-\017:\006{\177\344N\002\326bO\260\220\006\033\362\345\005U\221DzJ0\001\301\025%1L\307\t\261\262z\374\222T\301\274V\236\223\262\270Ct\362\337b\356\024*\324\320\351\317\002k\336\234\027v\351\217\260\303\360\233ZPZWr\246$w\313\313\r\243r\232\2234\373\3539:N\004Q\245\272D\312D\300\300\t\323\0257\345e\271\na\215{\226\255x%T\257\037\333\004\344_/R\006E\344\037@\210\363\010\336T\226\247'\204_{\261\370""1\235\2445\343\033Y!\212\201\341\272\225'\007Oe\010w\312T\2419\266\226\226?\235\357\234#\364qB\234A\020\241\342F\016y?H\353\351\341\013\003""; }; requestCookie: 2; "
1750527630544,1750527630544,0,1,0,2,TMProposeSet,"proposeSeq: 0; currentTxHash: ""\000\000\000\000\000\000\000\000\000\000\000\000\000\000\000\000\000\000\000\000\000\000\000\000\000\000\000\000\000\000\000\000""; nodePubKey: ""\002\225aM\037\203M\271C\224]$\245\215\334\264;{{\365%Z\2443U\201\242\320iUc\207\367""; closeTime: 803842830; signature: ""0D\002 <@\233\\211~\373\250i\344i\031\t4\336\370\356\000R\273m\254_\037F-\213\274\214\006z\335\002 ^\217\365\003l\277\323'.q\232\002_\024\216n\264\337\027\036d\375\320\8\235=\301s\014\204\031""; previousledger: ""\027U|0.\0360\370\215\036\314\206\346\317zDP\223\241\204\277V\351i\247$\323\007\211CW\252""; ","proposeSeq: 0; currentTxHash: ""\000\000\000\000\000\000\000\000\000\000\000\000\000\000\000\000\000\000\000\000\000\000\000\000\000\000\000\000\000\000\000\000""; nodePubKey: ""\002\225aM\037\203M\271C\224]$\245\215\334\264;{{\365%Z\2443U\201\242\320iUc\207\367""; closeTime: 803842830; signature: ""0D\002 <@\233\\211~\373\250i\344i\031\t4\336\370\356\000R\273m\254_\037F-\213\274\214\006z\335\002 ^\217\365\003l\277\323'.q\232\002_\024\216n\264\337\027\036d\375\320\8\235=\301s\014\204\031""; previousledger: ""\027U|0.\0360\370\215\036\314\206\346\317zDP\223\241\204\277V\351i\247$\323\007\211CW\252""; "
1750527630575,1750527630575,0,1,3,2,TMLedgerData,"ledgerHash: "">\034\236l\273\005G\316F\217}[\036\007\270:\260\335\271B\241N\345\330\204\327f\361\272Kb\037""; ledgerSeq: 30; type: liAS_NODE; nodes {;   nodedata: ""\021\000h""\000\000\000\000 \033\000\000\000\035\002\023\303\377\330\356GuH\375\327!\255\371\r\231\262R\256J\034\222\241\355X\265E\241^W\225\304\014\361CX-}\351f\032\255\274\334m\326c\017\014ao[\342\230\003\245\245\3341Hm\326^\017jy\335\261\032Yt\320\244{g\0306\\302\303*\341\215\223\257\364\277o\375\000r\241SOq\221\253\262\005\017\375T\356\014\360o'\030\311-\267\031\257!\031T\006><\315XM\334\324\345\034\000\325\367\240\271\013\265\024\321\362\354\211\250.\234s\225amc\305\035\366\276\037nD\277`\210\223N\3535\033\261\304f\331]\036\237\306o!\223\221\002\324\031\262\240R\177 ,\214\325\Q])\016\2067\277\t\354\010\000\360\215\2502\265\245\310\226\243c\302Ze\306\253#r\020\211\320iG\276\020E\317\035Sf\223F\254\033@\177e\277\016\010u\327\371&\262\312\317Q\2361t\377x\234\001v\003%\030\325_\225g\204\346a=\225\273\331\354\365*U\363\263N\367b\371\244\314-w\363\262\225Z\200\206\235\233\257?sE\2674\254\326mU\377?\177Ek\336\030!\316Aa\225\303\022\377{\210Y\226\271as\354L\035\004\341\361\035\301\024\220m#*\372\032\3178~\374\250\014*\323\342'z69\220\327\256\351G\367\317u\302\207\270b\315\333\333\334\310I\323&\014\352XZnW2.\335\347\202\021\247\362\212e\034\000\001\250\220\305;a\314\265R\310\017\317\331\235\360\262\240:\277\202\266\354\265X""\022\nh\252\352w\204\203\023]\001f\352\277\0031Q]\362\370R\350{\261\202\240\344\215\201\353\276\322p5p\350\354\017>\250r\241c\273\016\301\024\363\242\247\263\231\370\344\nBW\220K\316@3\243\200\036wk\253GSlU\010\360\231>\331\263H\214\324\030A\225\301o\346pkSF\004\241\213w9\223=\250\262*+\255\351r\265\244c\024\213\t\007`\223\325#\3477\210\345P\306\013\320\252[\0216+\227=`\371P\314\346 V7\271[~\n\237\274|\347\352@K\253~&\260\032\024\004B\200\255h\351\013\361\031:nG\211\005|\2003\266\274\251,W\006u\344\335d\003\306\212\313,\340\350bG\n\030Z\2732-\246\312\255\030\003\235207\005}D\260\0261ah\322M\304\216\273m0\271\234\237\007<w$\265C\245\232\033\023\313c\321B\032l\301h\005\320\252\301\361(\330[\343\357\343{\235\n\266g\272>\177\317\347\261qb&\270&\346ju\200\363N\320\307\004\034\001n\317\361\2653\254\2503\247\305\372\316W\022O\253x\250\025\373\247\354Tc\304\263\243^\352Gv\\264\261\r\035\226\306\2411\351\233\203\215\200$\231\300f\220\371c@\017\254\363\\371\340\340VaR\205~^\226\342t\360\022\204d\231\205)\272\364?\361!\334\331\315\254\230\rBG\314\023\246\244=\351\177\254\302b&\276+H;0\312\021&\275\036\237\350R\313\206R\331\304k\323u\263t\221\213yC\241\217A\242\027g\322\241'\212.E?B_\316\327\217J +\370\t^b\005\020\003\211\373\247|hC\271Nmk~J\270EU\274\036-\347\240\312FA\321\341bca\253\025\321\311\317\021\375\317\217\n\272\033o\353G>\275\361H\265\240\232um""\317\324`\214\221\314\000\211K\223+(""\200i \311\372g\254\343ZR0\224\275q\252\357\213\263\206N\357&Q\217\267\303\356I\236\357\264\311b\037\366\035\253\343\311\265\240\327q\206f\262ODi\215-\363\264\227\2326\315\307\363\323\325\303\032N\256*\307\327 \235\332\207u\210\271\257\306g\231i*\260\326k\001"";   nodeid: ""\260\000\000\000\000\000\000\000\000\000\000\000\000\000\000\000\000\000\000\000\000\000\000\000\000\000\000\000\000\000\000\000\001""; }; ","ledgerHash: "">\034\236l\273\005G\316F\217}[\036\007\270:\260\335\271B\241N\345\330\204\327f\361\272Kb\037""; ledgerSeq: 30; type: liAS_NODE; nodes {;   nodedata: ""\021\000h""\000\000\000\000 \033\000\000\000\035\002\023\303\377\330\356GuH\375\327!\255\371\r\231\262R\256J\034\222\241\355X\265E\241^W\225\304\014\361CX-}\351f\032\255\274\334m\326c\017\014ao[\342\230\003\245\245\3341Hm\326^\017jy\335\261\032Yt\320\244{g\0306\\302\303*\341\215\223\257\364\277o\375\000r\241SOq\221\253\262\005\017\375T\356\014\360o'\030\311-\267\031\257!\031T\006><\315XM\334\324\345\034\000\325\367\240\271\013\265\024\321\362\354\211\250.\234s\225amc\305\035\366\276\037nD\277`\210\223N\3535\033\261\304f\331]\036\237\306o!\223\221\002\324\031\262\240R\177 ,\214\325\Q])\016\2067\277\t\354\010\000\360\215\2502\265\245\310\226\243c\302Ze\306\253#r\020\211\320iG\276\020E\317\035Sf\223F\254\033@\177e\277\016\010u\327\371&\262\312\317Q\2361t\377x\234\001v\003%\030\325_\225g\204\346a=\225\273\331\354\365*U\363\263N\367b\371\244\314-w\363\262\225Z\200\206\235\233\257?sE\2674\254\326mU\377?\177Ek\336\030!\316Aa\225\303\022\377{\210Y\226\271as\354L\035\004\341\361\035\301\024\220m#*\372\032\3178~\374\250\014*\323\342'z69\220\327\256\351G\367\317u\302\207\270b\315\333\333\334\310I\323&\014\352XZnW2.\335\347\202\021\247\362\212e\034\000\001\250\220\305;a\314\265R\310\017\317\331\235\360\262\240:\277\202\266\354\265X""\022\nh\252\352w\204\203\023]\001f\352\277\0031Q]\362\370R\350{\261\202\240\344\215\201\353\276\322p5p\350\354\017>\250r\241c\273\016\301\024\363\242\247\263\231\370\344\nBW\220K\316@3\243\200\036wk\253GSlU\010\360\231>\331\263H\214\324\030A\225\301o\346pkSF\004\241\213w9\223=\250\262*+\255\351r\265\244c\024\213\t\007`\223\325#\3477\210\345P\306\013\320\252[\0216+\227=`\371P\314\346 V7\271[~\n\237\274|\347\352@K\253~&\260\032\024\004B\200\255h\351\013\361\031:nG\211\005|\2003\266\274\251,W\006u\344\335d\003\306\212\313,\340\350bG\n\030Z\2732-\246\312\255\030\003\235207\005}D\260\0261ah\322M\304\216\273m0\271\234\237\007<w$\265C\245\232\033\023\313c\321B\032l\301h\005\320\252\301\361(\330[\343\357\343{\235\n\266g\272>\177\317\347\261qb&\270&\346ju\200\363N\320\307\004\034\001n\317\361\2653\254\2503\247\305\372\316W\022O\253x\250\025\373\247\354Tc\304\263\243^\352Gv\\264\261\r\035\226\306\2411\351\233\203\215\200$\231\300f\220\371c@\017\254\363\\371\340\340VaR\205~^\226\342t\360\022\204d\231\205)\272\364?\361!\334\331\315\254\230\rBG\314\023\246\244=\351\177\254\302b&\276+H;0\312\021&\275\036\237\350R\313\206R\331\304k\323u\263t\221\213yC\241\217A\242\027g\322\241'\212.E?B_\316\327\217J +\370\t^b\005\020\003\211\373\247|hC\271Nmk~J\270EU\274\036-\347\240\312FA\321\341bca\253\025\321\311\317\021\375\317\217\n\272\033o\353G>\275\361H\265\240\232um""\317\324`\214\221\314\000\211K\223+(""\200i \311\372g\254\343ZR0\224\275q\252\357\213\263\206N\357&Q\217\267\303\356I\236\357\264\311b\037\366\035\253\343\311\265\240\327q\206f\262ODi\215-\363\264\227\2326\315\307\363\323\325\303\032N\256*\307\327 \235\332\207u\210\271\257\306g\231i*\260\326k\001"";   nodeid: ""\260\000\000\000\000\000\000\000\000\000\000\000\000\000\000\000\000\000\000\000\000\000\000\000\000\000\000\000\000\000\000\000\001""; }; "
1750527630586,1750527630586,0,1,0,4,TMProposeSet,"proposeSeq: 0; currentTxHash: ""\000\000\000\000\000\000\000\000\000\000\000\000\000\000\000\000\000\000\000\000\000\000\000\000\000\000\000\000\000\000\000\000""; nodePubKey: ""\002\225aM\037\203M\271C\224]$\245\215\334\264;{{\365%Z\2443U\201\242\320iUc\207\367""; closeTime: 803842830; signature: ""0D\002 <@\233\\211~\373\250i\344i\031\t4\336\370\356\000R\273m\254_\037F-\213\274\214\006z\335\002 ^\217\365\003l\277\323'.q\232\002_\024\216n\264\337\027\036d\375\320\8\235=\301s\014\204\031""; previousledger: ""\027U|0.\0360\370\215\036\314\206\346\317zDP\223\241\204\277V\351i\247$\323\007\211CW\252""; ","proposeSeq: 0; currentTxHash: ""\000\000\000\000\000\000\000\000\000\000\000\000\000\000\000\000\000\000\000\000\000\000\000\000\000\000\000\000\000\000\000\000""; nodePubKey: ""\002\225aM\037\203M\271C\224]$\245\215\334\264;{{\365%Z\2443U\201\242\320iUc\207\367""; closeTime: 803842830; signature: ""0D\002 <@\233\\211~\373\250i\344i\031\t4\336\370\356\000R\273m\254_\037F-\213\274\214\006z\335\002 ^\217\365\003l\277\323'.q\232\002_\024\216n\264\337\027\036d\375\320\8\235=\301s\014\204\031""; previousledger: ""\027U|0.\0360\370\215\036\314\206\346\317zDP\223\241\204\277V\351i\247$\323\007\211CW\252""; "
1750527630586,1750527630586,0,1,0,1,TMProposeSet,"proposeSeq: 0; currentTxHash: ""\000\000\000\000\000\000\000\000\000\000\000\000\000\000\000\000\000\000\000\000\000\000\000\000\000\000\000\000\000\000\000\000""; nodePubKey: ""\002\225aM\037\203M\271C\224]$\245\215\334\264;{{\365%Z\2443U\201\242\320iUc\207\367""; closeTime: 803842830; signature: ""0D\002 <@\233\\211~\373\250i\344i\031\t4\336\370\356\000R\273m\254_\037F-\213\274\214\006z\335\002 ^\217\365\003l\277\323'.q\232\002_\024\216n\264\337\027\036d\375\320\8\235=\301s\014\204\031""; previousledger: ""\027U|0.\0360\370\215\036\314\206\346\317zDP\223\241\204\277V\351i\247$\323\007\211CW\252""; ","proposeSeq: 0; currentTxHash: ""\000\000\000\000\000\000\000\000\000\000\000\000\000\000\000\000\000\000\000\000\000\000\000\000\000\000\000\000\000\000\000\000""; nodePubKey: ""\002\225aM\037\203M\271C\224]$\245\215\334\264;{{\365%Z\2443U\201\242\320iUc\207\367""; closeTime: 803842830; signature: ""0D\002 <@\233\\211~\373\250i\344i\031\t4\336\370\356\000R\273m\254_\037F-\213\274\214\006z\335\002 ^\217\365\003l\277\323'.q\232\002_\024\216n\264\337\027\036d\375\320\8\235=\301s\014\204\031""; previousledger: ""\027U|0.\0360\370\215\036\314\206\346\317zDP\223\241\204\277V\351i\247$\323\007\211CW\252""; "
1750527630586,1750527630586,0,1,0,1,TMLedgerData,"ledgerHash: "">\034\236l\273\005G\316F\217}[\036\007\270:\260\335\271B\241N\345\330\204\327f\361\272Kb\037""; ledgerSeq: 30; type: liBASE; nodes {;   nodedata: ""\000\000\000\036\001cEx]\211\377\330\357&Q\217\267\303\356I\236\357\264\311b\037\366\035\253\343\311\265\240\327q\206f\262ODi\215-\363\000\000\000\000\000\000\000\000\000\000\000\000\000\000\000\000\000\000\000\000\000\000\000\000\000\000\000\000\000\000\000\000y\213[\304f\313\032 \232}R\347Z\211K\0360\356\035\235\313\025(\202\275\314g\036RH~W/\351\253\016/\351\253\017\n\000""; }; nodes {;   nodedata: ""\323C\344\327\264{\312-\017:\006{\177\344N\002\326bO\260\220\006\033\362\345\005U\221DzJ0\001\301\025%1L\307\t\261\262z\374\222T\301\274V\236\223\262\270Ct\362\337b\356\024*\324\320\351\317\002k\336\234\027v\351\217\260\303\360\233ZPZWr\246$w\313\313\r\243r\232\2234\373\3539:N\004Q\245\272D\312D\300\300\t\323\0257\345e\271\na\215{\226\255x%T\257\037\333\004\344_/R\006E\344\037@\210\363\010\336T\226\247'\204_{\261\370""1\235\2445\343\033Y!\212\201\341\272\225'\007Oe\010w\312T\2419\266\226\226?\235\357\234#\364qB\234A\020\241\342F\016y?H\353\351\341\013\003""; }; ","ledgerHash: "">\034\236l\273\005G\316F\217}[\036\007\270:\260\335\271B\241N\345\330\204\327f\361\272Kb\037""; ledgerSeq: 30; type: liBASE; nodes {;   nodedata: ""\000\000\000\036\001cEx]\211\377\330\357&Q\217\267\303\356I\236\357\264\311b\037\366\035\253\343\311\265\240\327q\206f\262ODi\215-\363\000\000\000\000\000\000\000\000\000\000\000\000\000\000\000\000\000\000\000\000\000\000\000\000\000\000\000\000\000\000\000\000y\213[\304f\313\032 \232}R\347Z\211K\0360\356\035\235\313\025(\202\275\314g\036RH~W/\351\253\016/\351\253\017\n\000""; }; nodes {;   nodedata: ""\323C\344\327\264{\312-\017:\006{\177\344N\002\326bO\260\220\006\033\362\345\005U\221DzJ0\001\301\025%1L\307\t\261\262z\374\222T\301\274V\236\223\262\270Ct\362\337b\356\024*\324\320\351\317\002k\336\234\027v\351\217\260\303\360\233ZPZWr\246$w\313\313\r\243r\232\2234\373\3539:N\004Q\245\272D\312D\300\300\t\323\0257\345e\271\na\215{\226\255x%T\257\037\333\004\344_/R\006E\344\037@\210\363\010\336T\226\247'\204_{\261\370""1\235\2445\343\033Y!\212\201\341\272\225'\007Oe\010w\312T\2419\266\226\226?\235\357\234#\364qB\234A\020\241\342F\016y?H\353\351\341\013\003""; }; "
1750527630539,1750527630591,0,1,0,4,TMStatusChange,"newEvent: neCLOSING_LEDGER; ledgerSeq: 11; ledgerHash: ""\027U|0.\0360\370\215\036\314\206\346\317zDP\223\241\204\277V\351i\247$\323\007\211CW\252""; ledgerHashPrevious: ""\036\317\362\371k?\n\305\313\241\300z\276#\260\203\303\374nE\315\340\371\036\277S\310Y\215\205\271\037""; networkTime: 803842830; firstSeq: 1; lastSeq: 29; ","newEvent: neCLOSING_LEDGER; ledgerSeq: 11; ledgerHash: ""\027U|0.\0360\370\215\036\314\206\346\317zDP\223\241\204\277V\351i\247$\323\007\211CW\252""; ledgerHashPrevious: ""\036\317\362\371k?\n\305\313\241\300z\276#\260\203\303\374nE\315\340\371\036\277S\310Y\215\205\271\037""; networkTime: 803842830; firstSeq: 1; lastSeq: 29; "
1750527630541,1750527630592,0,1,0,3,TMStatusChange,"newEvent: neCLOSING_LEDGER; ledgerSeq: 11; ledgerHash: ""\027U|0.\0360\370\215\036\314\206\346\317zDP\223\241\204\277V\351i\247$\323\007\211CW\252""; ledgerHashPrevious: ""\036\317\362\371k?\n\305\313\241\300z\276#\260\203\303\374nE\315\340\371\036\277S\310Y\215\205\271\037""; networkTime: 803842830; firstSeq: 1; lastSeq: 29; ","newEvent: neCLOSING_LEDGER; ledgerSeq: 11; ledgerHash: ""\027U|0.\0360\370\215\036\314\206\346\317zDP\223\241\204\277V\351i\247$\323\007\211CW\252""; ledgerHashPrevious: ""\036\317\362\371k?\n\305\313\241\300z\276#\260\203\303\374nE\315\340\371\036\277S\310Y\215\205\271\037""; networkTime: 803842830; firstSeq: 1; lastSeq: 29; "
1750527630541,1750527630591,0,1,0,1,TMStatusChange,"newEvent: neCLOSING_LEDGER; ledgerSeq: 11; ledgerHash: ""\027U|0.\0360\370\215\036\314\206\346\317zDP\223\241\204\277V\351i\247$\323\007\211CW\252""; ledgerHashPrevious: ""\036\317\362\371k?\n\305\313\241\300z\276#\260\203\303\374nE\315\340\371\036\277S\310Y\215\205\271\037""; networkTime: 803842830; firstSeq: 1; lastSeq: 29; ","newEvent: neCLOSING_LEDGER; ledgerSeq: 11; ledgerHash: ""\027U|0.\0360\370\215\036\314\206\346\317zDP\223\241\204\277V\351i\247$\323\007\211CW\252""; ledgerHashPrevious: ""\036\317\362\371k?\n\305\313\241\300z\276#\260\203\303\374nE\315\340\371\036\277S\310Y\215\205\271\037""; networkTime: 803842830; firstSeq: 1; lastSeq: 29; "
1750527630540,1750527630591,0,1,0,2,TMStatusChange,"newEvent: neCLOSING_LEDGER; ledgerSeq: 11; ledgerHash: ""\027U|0.\0360\370\215\036\314\206\346\317zDP\223\241\204\277V\351i\247$\323\007\211CW\252""; ledgerHashPrevious: ""\036\317\362\371k?\n\305\313\241\300z\276#\260\203\303\374nE\315\340\371\036\277S\310Y\215\205\271\037""; networkTime: 803842830; firstSeq: 1; lastSeq: 29; ","newEvent: neCLOSING_LEDGER; ledgerSeq: 11; ledgerHash: ""\027U|0.\0360\370\215\036\314\206\346\317zDP\223\241\204\277V\351i\247$\323\007\211CW\252""; ledgerHashPrevious: ""\036\317\362\371k?\n\305\313\241\300z\276#\260\203\303\374nE\315\340\371\036\277S\310Y\215\205\271\037""; networkTime: 803842830; firstSeq: 1; lastSeq: 29; "
1750527630611,1750527630611,0,1,4,3,TMStatusChange,"newEvent: neACCEPTED_LEDGER; ledgerSeq: 30; ledgerHash: "">\034\236l\273\005G\316F\217}[\036\007\270:\260\335\271B\241N\345\330\204\327f\361\272Kb\037""; ledgerHashPrevious: ""\357&Q\217\267\303\356I\236\357\264\311b\037\366\035\253\343\311\265\240\327q\206f\262ODi\215-\363""; networkTime: 803842830; firstSeq: 1; lastSeq: 29; ","newEvent: neACCEPTED_LEDGER; ledgerSeq: 30; ledgerHash: "">\034\236l\273\005G\316F\217}[\036\007\270:\260\335\271B\241N\345\330\204\327f\361\272Kb\037""; ledgerHashPrevious: ""\357&Q\217\267\303\356I\236\357\264\311b\037\366\035\253\343\311\265\240\327q\206f\262ODi\215-\363""; networkTime: 803842830; firstSeq: 1; lastSeq: 29; "
1750527630612,1750527630612,0,1,4,0,TMStatusChange,"newEvent: neACCEPTED_LEDGER; ledgerSeq: 30; ledgerHash: "">\034\236l\273\005G\316F\217}[\036\007\270:\260\335\271B\241N\345\330\204\327f\361\272Kb\037""; ledgerHashPrevious: ""\357&Q\217\267\303\356I\236\357\264\311b\037\366\035\253\343\311\265\240\327q\206f\262ODi\215-\363""; networkTime: 803842830; firstSeq: 1; lastSeq: 29; ","newEvent: neACCEPTED_LEDGER; ledgerSeq: 30; ledgerHash: "">\034\236l\273\005G\316F\217}[\036\007\270:\260\335\271B\241N\345\330\204\327f\361\272Kb\037""; ledgerHashPrevious: ""\357&Q\217\267\303\356I\236\357\264\311b\037\366\035\253\343\311\265\240\327q\206f\262ODi\215-\363""; networkTime: 803842830; firstSeq: 1; lastSeq: 29; "
1750527630612,1750527630612,0,1,4,1,TMStatusChange,"newEvent: neACCEPTED_LEDGER; ledgerSeq: 30; ledgerHash: "">\034\236l\273\005G\316F\217}[\036\007\270:\260\335\271B\241N\345\330\204\327f\361\272Kb\037""; ledgerHashPrevious: ""\357&Q\217\267\303\356I\236\357\264\311b\037\366\035\253\343\311\265\240\327q\206f\262ODi\215-\363""; networkTime: 803842830; firstSeq: 1; lastSeq: 29; ","newEvent: neACCEPTED_LEDGER; ledgerSeq: 30; ledgerHash: "">\034\236l\273\005G\316F\217}[\036\007\270:\260\335\271B\241N\345\330\204\327f\361\272Kb\037""; ledgerHashPrevious: ""\357&Q\217\267\303\356I\236\357\264\311b\037\366\035\253\343\311\265\240\327q\206f\262ODi\215-\363""; networkTime: 803842830; firstSeq: 1; lastSeq: 29; "
1750527630612,1750527630612,0,1,4,2,TMStatusChange,"newEvent: neACCEPTED_LEDGER; ledgerSeq: 30; ledgerHash: "">\034\236l\273\005G\316F\217}[\036\007\270:\260\335\271B\241N\345\330\204\327f\361\272Kb\037""; ledgerHashPrevious: ""\357&Q\217\267\303\356I\236\357\264\311b\037\366\035\253\343\311\265\240\327q\206f\262ODi\215-\363""; networkTime: 803842830; firstSeq: 1; lastSeq: 29; ","newEvent: neACCEPTED_LEDGER; ledgerSeq: 30; ledgerHash: "">\034\236l\273\005G\316F\217}[\036\007\270:\260\335\271B\241N\345\330\204\327f\361\272Kb\037""; ledgerHashPrevious: ""\357&Q\217\267\303\356I\236\357\264\311b\037\366\035\253\343\311\265\240\327q\206f\262ODi\215-\363""; networkTime: 803842830; firstSeq: 1; lastSeq: 29; "
1750527630626,1750527630626,0,1,2,4,TMProposeSet,"proposeSeq: 0; currentTxHash: ""\000\000\000\000\000\000\000\000\000\000\000\000\000\000\000\000\000\000\000\000\000\000\000\000\000\000\000\000\000\000\000\000""; nodePubKey: ""\003\255\225A\213\332\224ehh\024BDq\224\250\335`\355\353{\357\266\335<\021\032\265\177\206\356&\215""; closeTime: 803842830; signature: ""0E\002!\000\331\332\245\260\022\246;\242\224\371-\260Y\3730\216|(\235k\355\371'C\364\346\036\355\272\357\032\255\002 :&\374\346y\006\371\321X\221\356*~\347\013\206\014\255\250\352J)\000\271O\232\305u\005\204L\233""; previousledger: ""\351\200D\025\027\211\2170\311\\000\341\377\025\233{\306$7\251\215K\253\377\343=J\317\247\206A6""; ","proposeSeq: 0; currentTxHash: ""\000\000\000\000\000\000\000\000\000\000\000\000\000\000\000\000\000\000\000\000\000\000\000\000\000\000\000\000\000\000\000\000""; nodePubKey: ""\003\255\225A\213\332\224ehh\024BDq\224\250\335`\355\353{\357\266\335<\021\032\265\177\206\356&\215""; closeTime: 803842830; signature: ""0E\002!\000\331\332\245\260\022\246;\242\224\371-\260Y\3730\216|(\235k\355\371'C\364\346\036\355\272\357\032\255\002 :&\374\346y\006\371\321X\221\356*~\347\013\206\014\255\250\352J)\000\271O\232\305u\005\204L\233""; previousledger: ""\351\200D\025\027\211\2170\311\\000\341\377\025\233{\306$7\251\215K\253\377\343=J\317\247\206A6""; "
1750527630628,1750527630628,0,1,2,1,TMProposeSet,"proposeSeq: 0; currentTxHash: ""\000\000\000\000\000\000\000\000\000\000\000\000\000\000\000\000\000\000\000\000\000\000\000\000\000\000\000\000\000\000\000\000""; nodePubKey: ""\003\255\225A\213\332\224ehh\024BDq\224\250\335`\355\353{\357\266\335<\021\032\265\177\206\356&\215""; closeTime: 803842830; signature: ""0E\002!\000\331\332\245\260\022\246;\242\224\371-\260Y\3730\216|(\235k\355\371'C\364\346\036\355\272\357\032\255\002 :&\374\346y\006\371\321X\221\356*~\347\013\206\014\255\250\352J)\000\271O\232\305u\005\204L\233""; previousledger: ""\351\200D\025\027\211\2170\311\\000\341\377\025\233{\306$7\251\215K\253\377\343=J\317\247\206A6""; ","proposeSeq: 0; currentTxHash: ""\000\000\000\000\000\000\000\000\000\000\000\000\000\000\000\000\000\000\000\000\000\000\000\000\000\000\000\000\000\000\000\000""; nodePubKey: ""\003\255\225A\213\332\224ehh\024BDq\224\250\335`\355\353{\357\266\335<\021\032\265\177\206\356&\215""; closeTime: 803842830; signature: ""0E\002!\000\331\332\245\260\022\246;\242\224\371-\260Y\3730\216|(\235k\355\371'C\364\346\036\355\272\357\032\255\002 :&\374\346y\006\371\321X\221\356*~\347\013\206\014\255\250\352J)\000\271O\232\305u\005\204L\233""; previousledger: ""\351\200D\025\027\211\2170\311\\000\341\377\025\233{\306$7\251\215K\253\377\343=J\317\247\206A6""; "
1750527630629,1750527630629,0,1,4,2,TMValidation,"validation: """"\200\000\000\001&\000\000\000\036)/\351\253\016:\r\302\353\023?\373\240rQ>\034\236l\273\005G\316F\217}[\036\007\270:\260\335\271B\241N\345\330\204\327f\361\272Kb\037P\027\000\000\000\000\000\000\000\000\000\000\000\000\000\000\000\000\000\000\000\000\000\000\000\000\000\000\000\000\000\000\000\000P\031\357&Q\217\267\303\356I\236\357\264\311b\037\366\035\253\343\311\265\240\327q\206f\262ODi\215-\363s!\003R7o\362bV\300hf\266\241;}\200^\374\240\203[:\342Q\225\221\027y\372\255\235\216\323~vF0D\002 fZE\352\312\014\272\245\252\016\225\365#\005\222:\227""\300Kv\3056<3\2158_\272\331S\344\002 b$\344\2533h?v\247\r\017\245'[A\300\276\253e:T&\317hR\003\302h\230\357\220\177""; ","validation: """"\200\000\000\001&\000\000\000\036)/\351\253\016:\r\302\353\023?\373\240rQ>\034\236l\273\005G\316F\217}[\036\007\270:\260\335\271B\241N\345\330\204\327f\361\272Kb\037P\027\000\000\000\000\000\000\000\000\000\000\000\000\000\000\000\000\000\000\000\000\000\000\000\000\000\000\000\000\000\000\000\000P\031\357&Q\217\267\303\356I\236\357\264\311b\037\366\035\253\343\311\265\240\327q\206f\262ODi\215-\363s!\003R7o\362bV\300hf\266\241;}\200^\374\240\203[:\342Q\225\221\027y\372\255\235\216\323~vF0D\002 fZE\352\312\014\272\245\252\016\225\365#\005\222:\227""\300Kv\3056<3\2158_\272\331S\344\002 b$\344\2533h?v\247\r\017\245'[A\300\276\253e:T&\317hR\003\302h\230\357\220\177""; "
1750527630631,1750527630631,0,1,2,1,TMValidation,"validation: """"\200\000\000\001&\000\000\000\036)/\351\253\016:\r\302\353\023?\373\240rQ>\034\236l\273\005G\316F\217}[\036\007\270:\260\335\271B\241N\345\330\204\327f\361\272Kb\037P\027\000\000\000\000\000\000\000\000\000\000\000\000\000\000\000\000\000\000\000\000\000\000\000\000\000\000\000\000\000\000\000\000P\031\357&Q\217\267\303\356I\236\357\264\311b\037\366\035\253\343\311\265\240\327q\206f\262ODi\215-\363s!\003R7o\362bV\300hf\266\241;}\200^\374\240\203[:\342Q\225\221\027y\372\255\235\216\323~vF0D\002 fZE\352\312\014\272\245\252\016\225\365#\005\222:\227""\300Kv\3056<3\2158_\272\331S\344\002 b$\344\2533h?v\247\r\017\245'[A\300\276\253e:T&\317hR\003\302h\230\357\220\177""; ","validation: """"\200\000\000\001&\000\000\000\036)/\351\253\016:\r\302\353\023?\373\240rQ>\034\236l\273\005G\316F\217}[\036\007\270:\260\335\271B\241N\345\330\204\327f\361\272Kb\037P\027\000\000\000\000\000\000\000\000\000\000\000\000\000\000\000\000\000\000\000\000\000\000\000\000\000\000\000\000\000\000\000\000P\031\357&Q\217\267\303\356I\236\357\264\311b\037\366\035\253\343\311\265\240\327q\206f\262ODi\215-\363s!\003R7o\362bV\300hf\266\241;}\200^\374\240\203[:\342Q\225\221\027y\372\255\235\216\323~vF0D\002 fZE\352\312\014\272\245\252\016\225\365#\005\222:\227""\300Kv\3056<3\2158_\272\331S\344\002 b$\344\2533h?v\247\r\017\245'[A\300\276\253e:T&\317hR\003\302h\230\357\220\177""; "
1750527630632,1750527630632,0,1,1,3,TMValidation,"validation: """"\200\000\000\001&\000\000\000\036)/\351\253\016:\r\302\353\023?\373\240rQ>\034\236l\273\005G\316F\217}[\036\007\270:\260\335\271B\241N\345\330\204\327f\361\272Kb\037P\027\000\000\000\000\000\000\000\000\000\000\000\000\000\000\000\000\000\000\000\000\000\000\000\000\000\000\000\000\000\000\000\000P\031\357&Q\217\267\303\356I\236\357\264\311b\037\366\035\253\343\311\265\240\327q\206f\262ODi\215-\363s!\003R7o\362bV\300hf\266\241;}\200^\374\240\203[:\342Q\225\221\027y\372\255\235\216\323~vF0D\002 fZE\352\312\014\272\245\252\016\225\365#\005\222:\227""\300Kv\3056<3\2158_\272\331S\344\002 b$\344\2533h?v\247\r\017\245'[A\300\276\253e:T&\317hR\003\302h\230\357\220\177""; ","validation: """"\200\000\000\001&\000\000\000\036)/\351\253\016:\r\302\353\023?\373\240rQ>\034\236l\273\005G\316F\217}[\036\007\270:\260\335\271B\241N\345\330\204\327f\361\272Kb\037P\027\000\000\000\000\000\000\000\000\000\000\000\000\000\000\000\000\000\000\000\000\000\000\000\000\000\000\000\000\000\000\000\000P\031\357&Q\217\267\303\356I\236\357\264\311b\037\366\035\253\343\311\265\240\327q\206f\262ODi\215-\363s!\003R7o\362bV\300hf\266\241;}\200^\374\240\203[:\342Q\225\221\027y\372\255\235\216\323~vF0D\002 fZE\352\312\014\272\245\252\016\225\365#\005\222:\227""\300Kv\3056<3\2158_\272\331S\344\002 b$\344\2533h?v\247\r\017\245'[A\300\276\253e:T&\317hR\003\302h\230\357\220\177""; "
1750527630632,1750527630632,0,1,1,4,TMValidation,"validation: """"\200\000\000\001&\000\000\000\036)/\351\253\016:\r\302\353\023?\373\240rQ>\034\236l\273\005G\316F\217}[\036\007\270:\260\335\271B\241N\345\330\204\327f\361\272Kb\037P\027\000\000\000\000\000\000\000\000\000\000\000\000\000\000\000\000\000\000\000\000\000\000\000\000\000\000\000\000\000\000\000\000P\031\357&Q\217\267\303\356I\236\357\264\311b\037\366\035\253\343\311\265\240\327q\206f\262ODi\215-\363s!\003R7o\362bV\300hf\266\241;}\200^\374\240\203[:\342Q\225\221\027y\372\255\235\216\323~vF0D\002 fZE\352\312\014\272\245\252\016\225\365#\005\222:\227""\300Kv\3056<3\2158_\272\331S\344\002 b$\344\2533h?v\247\r\017\245'[A\300\276\253e:T&\317hR\003\302h\230\357\220\177""; ","validation: """"\200\000\000\001&\000\000\000\036)/\351\253\016:\r\302\353\023?\373\240rQ>\034\236l\273\005G\316F\217}[\036\007\270:\260\335\271B\241N\345\330\204\327f\361\272Kb\037P\027\000\000\000\000\000\000\000\000\000\000\000\000\000\000\000\000\000\000\000\000\000\000\000\000\000\000\000\000\000\000\000\000P\031\357&Q\217\267\303\356I\236\357\264\311b\037\366\035\253\343\311\265\240\327q\206f\262ODi\215-\363s!\003R7o\362bV\300hf\266\241;}\200^\374\240\203[:\342Q\225\221\027y\372\255\235\216\323~vF0D\002 fZE\352\312\014\272\245\252\016\225\365#\005\222:\227""\300Kv\3056<3\2158_\272\331S\344\002 b$\344\2533h?v\247\r\017\245'[A\300\276\253e:T&\317hR\003\302h\230\357\220\177""; "
1750527630633,1750527630633,0,1,1,0,TMValidation,"validation: """"\200\000\000\001&\000\000\000\036)/\351\253\016:\r\302\353\023?\373\240rQ>\034\236l\273\005G\316F\217}[\036\007\270:\260\335\271B\241N\345\330\204\327f\361\272Kb\037P\027\000\000\000\000\000\000\000\000\000\000\000\000\000\000\000\000\000\000\000\000\000\000\000\000\000\000\000\000\000\000\000\000P\031\357&Q\217\267\303\356I\236\357\264\311b\037\366\035\253\343\311\265\240\327q\206f\262ODi\215-\363s!\003R7o\362bV\300hf\266\241;}\200^\374\240\203[:\342Q\225\221\027y\372\255\235\216\323~vF0D\002 fZE\352\312\014\272\245\252\016\225\365#\005\222:\227""\300Kv\3056<3\2158_\272\331S\344\002 b$\344\2533h?v\247\r\017\245'[A\300\276\253e:T&\317hR\003\302h\230\357\220\177""; ","validation: """"\200\000\000\001&\000\000\000\036)/\351\253\016:\r\302\353\023?\373\240rQ>\034\236l\273\005G\316F\217}[\036\007\270:\260\335\271B\241N\345\330\204\327f\361\272Kb\037P\027\000\000\000\000\000\000\000\000\000\000\000\000\000\000\000\000\000\000\000\000\000\000\000\000\000\000\000\000\000\000\000\000P\031\357&Q\217\267\303\356I\236\357\264\311b\037\366\035\253\343\311\265\240\327q\206f\262ODi\215-\363s!\003R7o\362bV\300hf\266\241;}\200^\374\240\203[:\342Q\225\221\027y\372\255\235\216\323~vF0D\002 fZE\352\312\014\272\245\252\016\225\365#\005\222:\227""\300Kv\3056<3\2158_\272\331S\344\002 b$\344\2533h?v\247\r\017\245'[A\300\276\253e:T&\317hR\003\302h\230\357\220\177""; "
1750527630634,1750527630634,0,1,4,1,TMValidation,"validation: """"\200\000\000\001&\000\000\000\036)/\351\253\016:\r\302\353\023?\373\240rQ>\034\236l\273\005G\316F\217}[\036\007\270:\260\335\271B\241N\345\330\204\327f\361\272Kb\037P\027\000\000\000\000\000\000\000\000\000\000\000\000\000\000\000\000\000\000\000\000\000\000\000\000\000\000\000\000\000\000\000\000P\031\357&Q\217\267\303\356I\236\357\264\311b\037\366\035\253\343\311\265\240\327q\206f\262ODi\215-\363s!\003R7o\362bV\300hf\266\241;}\200^\374\240\203[:\342Q\225\221\027y\372\255\235\216\323~vF0D\002 fZE\352\312\014\272\245\252\016\225\365#\005\222:\227""\300Kv\3056<3\2158_\272\331S\344\002 b$\344\2533h?v\247\r\017\245'[A\300\276\253e:T&\317hR\003\302h\230\357\220\177""; ","validation: """"\200\000\000\001&\000\000\000\036)/\351\253\016:\r\302\353\023?\373\240rQ>\034\236l\273\005G\316F\217}[\036\007\270:\260\335\271B\241N\345\330\204\327f\361\272Kb\037P\027\000\000\000\000\000\000\000\000\000\000\000\000\000\000\000\000\000\000\000\000\000\000\000\000\000\000\000\000\000\000\000\000P\031\357&Q\217\267\303\356I\236\357\264\311b\037\366\035\253\343\311\265\240\327q\206f\262ODi\215-\363s!\003R7o\362bV\300hf\266\241;}\200^\374\240\203[:\342Q\225\221\027y\372\255\235\216\323~vF0D\002 fZE\352\312\014\272\245\252\016\225\365#\005\222:\227""\300Kv\3056<3\2158_\272\331S\344\002 b$\344\2533h?v\247\r\017\245'[A\300\276\253e:T&\317hR\003\302h\230\357\220\177""; "
1750527630635,1750527630635,0,1,0,3,TMValidation,"validation: """"\200\000\000\001&\000\000\000\036)/\351\253\016:\r\302\353\023?\373\240rQ>\034\236l\273\005G\316F\217}[\036\007\270:\260\335\271B\241N\345\330\204\327f\361\272Kb\037P\027\000\000\000\000\000\000\000\000\000\000\000\000\000\000\000\000\000\000\000\000\000\000\000\000\000\000\000\000\000\000\000\000P\031\357&Q\217\267\303\356I\236\357\264\311b\037\366\035\253\343\311\265\240\327q\206f\262ODi\215-\363s!\003R7o\362bV\300hf\266\241;}\200^\374\240\203[:\342Q\225\221\027y\372\255\235\216\323~vF0D\002 fZE\352\312\014\272\245\252\016\225\365#\005\222:\227""\300Kv\3056<3\2158_\272\331S\344\002 b$\344\2533h?v\247\r\017\245'[A\300\276\253e:T&\317hR\003\302h\230\357\220\177""; ","validation: """"\200\000\000\001&\000\000\000\036)/\351\253\016:\r\302\353\023?\373\240rQ>\034\236l\273\005G\316F\217}[\036\007\270:\260\335\271B\241N\345\330\204\327f\361\272Kb\037P\027\000\000\000\000\000\000\000\000\000\000\000\000\000\000\000\000\000\000\000\000\000\000\000\000\000\000\000\000\000\000\000\000P\031\357&Q\217\267\303\356I\236\357\264\311b\037\366\035\253\343\311\265\240\327q\206f\262ODi\215-\363s!\003R7o\362bV\300hf\266\241;}\200^\374\240\203[:\342Q\225\221\027y\372\255\235\216\323~vF0D\002 fZE\352\312\014\272\245\252\016\225\365#\005\222:\227""\300Kv\3056<3\2158_\272\331S\344\002 b$\344\2533h?v\247\r\017\245'[A\300\276\253e:T&\317hR\003\302h\230\357\220\177""; "
1750527630636,1750527630636,0,1,0,2,TMValidation,"validation: """"\200\000\000\001&\000\000\000\036)/\351\253\016:\r\302\353\023?\373\240rQ>\034\236l\273\005G\316F\217}[\036\007\270:\260\335\271B\241N\345\330\204\327f\361\272Kb\037P\027\000\000\000\000\000\000\000\000\000\000\000\000\000\000\000\000\000\000\000\000\000\000\000\000\000\000\000\000\000\000\000\000P\031\357&Q\217\267\303\356I\236\357\264\311b\037\366\035\253\343\311\265\240\327q\206f\262ODi\215-\363s!\003R7o\362bV\300hf\266\241;}\200^\374\240\203[:\342Q\225\221\027y\372\255\235\216\323~vF0D\002 fZE\352\312\014\272\245\252\016\225\365#\005\222:\227""\300Kv\3056<3\2158_\272\331S\344\002 b$\344\2533h?v\247\r\017\245'[A\300\276\253e:T&\317hR\003\302h\230\357\220\177""; ","validation: """"\200\000\000\001&\000\000\000\036)/\351\253\016:\r\302\353\023?\373\240rQ>\034\236l\273\005G\316F\217}[\036\007\270:\260\335\271B\241N\345\330\204\327f\361\272Kb\037P\027\000\000\000\000\000\000\000\000\000\000\000\000\000\000\000\000\000\000\000\000\000\000\000\000\000\000\000\000\000\000\000\000P\031\357&Q\217\267\303\356I\236\357\264\311b\037\366\035\253\343\311\265\240\327q\206f\262ODi\215-\363s!\003R7o\362bV\300hf\266\241;}\200^\374\240\203[:\342Q\225\221\027y\372\255\235\216\323~vF0D\002 fZE\352\312\014\272\245\252\016\225\365#\005\222:\227""\300Kv\3056<3\2158_\272\331S\344\002 b$\344\2533h?v\247\r\017\245'[A\300\276\253e:T&\317hR\003\302h\230\357\220\177""; "
1750527630636,1750527630636,0,1,0,4,TMValidation,"validation: """"\200\000\000\001&\000\000\000\036)/\351\253\016:\r\302\353\023?\373\240rQ>\034\236l\273\005G\316F\217}[\036\007\270:\260\335\271B\241N\345\330\204\327f\361\272Kb\037P\027\000\000\000\000\000\000\000\000\000\000\000\000\000\000\000\000\000\000\000\000\000\000\000\000\000\000\000\000\000\000\000\000P\031\357&Q\217\267\303\356I\236\357\264\311b\037\366\035\253\343\311\265\240\327q\206f\262ODi\215-\363s!\003R7o\362bV\300hf\266\241;}\200^\374\240\203[:\342Q\225\221\027y\372\255\235\216\323~vF0D\002 fZE\352\312\014\272\245\252\016\225\365#\005\222:\227""\300Kv\3056<3\2158_\272\331S\344\002 b$\344\2533h?v\247\r\017\245'[A\300\276\253e:T&\317hR\003\302h\230\357\220\177""; ","validation: """"\200\000\000\001&\000\000\000\036)/\351\253\016:\r\302\353\023?\373\240rQ>\034\236l\273\005G\316F\217}[\036\007\270:\260\335\271B\241N\345\330\204\327f\361\272Kb\037P\027\000\000\000\000\000\000\000\000\000\000\000\000\000\000\000\000\000\000\000\000\000\000\000\000\000\000\000\000\000\000\000\000P\031\357&Q\217\267\303\356I\236\357\264\311b\037\366\035\253\343\311\265\240\327q\206f\262ODi\215-\363s!\003R7o\362bV\300hf\266\241;}\200^\374\240\203[:\342Q\225\221\027y\372\255\235\216\323~vF0D\002 fZE\352\312\014\272\245\252\016\225\365#\005\222:\227""\300Kv\3056<3\2158_\272\331S\344\002 b$\344\2533h?v\247\r\017\245'[A\300\276\253e:T&\317hR\003\302h\230\357\220\177""; "
1750527630635,1750527630635,0,1,3,2,TMValidation,"validation: """"\200\000\000\001&\000\000\000\036)/\351\253\016:\r\302\353\023?\373\240rQ>\034\236l\273\005G\316F\217}[\036\007\270:\260\335\271B\241N\345\330\204\327f\361\272Kb\037P\027\000\000\000\000\000\000\000\000\000\000\000\000\000\000\000\000\000\000\000\000\000\000\000\000\000\000\000\000\000\000\000\000P\031\357&Q\217\267\303\356I\236\357\264\311b\037\366\035\253\343\311\265\240\327q\206f\262ODi\215-\363s!\003R7o\362bV\300hf\266\241;}\200^\374\240\203[:\342Q\225\221\027y\372\255\235\216\323~vF0D\002 fZE\352\312\014\272\245\252\016\225\365#\005\222:\227""\300Kv\3056<3\2158_\272\331S\344\002 b$\344\2533h?v\247\r\017\245'[A\300\276\253e:T&\317hR\003\302h\230\357\220\177""; ","validation: """"\200\000\000\001&\000\000\000\036)/\351\253\016:\r\302\353\023?\373\240rQ>\034\236l\273\005G\316F\217}[\036\007\270:\260\335\271B\241N\345\330\204\327f\361\272Kb\037P\027\000\000\000\000\000\000\000\000\000\000\000\000\000\000\000\000\000\000\000\000\000\000\000\000\000\000\000\000\000\000\000\000P\031\357&Q\217\267\303\356I\236\357\264\311b\037\366\035\253\343\311\265\240\327q\206f\262ODi\215-\363s!\003R7o\362bV\300hf\266\241;}\200^\374\240\203[:\342Q\225\221\027y\372\255\235\216\323~vF0D\002 fZE\352\312\014\272\245\252\016\225\365#\005\222:\227""\300Kv\3056<3\2158_\272\331S\344\002 b$\344\2533h?v\247\r\017\245'[A\300\276\253e:T&\317hR\003\302h\230\357\220\177""; "
1750527630636,1750527630636,0,1,3,4,TMValidation,"validation: """"\200\000\000\001&\000\000\000\036)/\351\253\016:\r\302\353\023?\373\240rQ>\034\236l\273\005G\316F\217}[\036\007\270:\260\335\271B\241N\345\330\204\327f\361\272Kb\037P\027\000\000\000\000\000\000\000\000\000\000\000\000\000\000\000\000\000\000\000\000\000\000\000\000\000\000\000\000\000\000\000\000P\031\357&Q\217\267\303\356I\236\357\264\311b\037\366\035\253\343\311\265\240\327q\206f\262ODi\215-\363s!\003R7o\362bV\300hf\266\241;}\200^\374\240\203[:\342Q\225\221\027y\372\255\235\216\323~vF0D\002 fZE\352\312\014\272\245\252\016\225\365#\005\222:\227""\300Kv\3056<3\2158_\272\331S\344\002 b$\344\2533h?v\247\r\017\245'[A\300\276\253e:T&\317hR\003\302h\230\357\220\177""; ","validation: """"\200\000\000\001&\000\000\000\036)/\351\253\016:\r\302\353\023?\373\240rQ>\034\236l\273\005G\316F\217}[\036\007\270:\260\335\271B\241N\345\330\204\327f\361\272Kb\037P\027\000\000\000\000\000\000\000\000\000\000\000\000\000\000\000\000\000\000\000\000\000\000\000\000\000\000\000\000\000\000\000\000P\031\357&Q\217\267\303\356I\236\357\264\311b\037\366\035\253\343\311\265\240\327q\206f\262ODi\215-\363s!\003R7o\362bV\300hf\266\241;}\200^\374\240\203[:\342Q\225\221\027y\372\255\235\216\323~vF0D\002 fZE\352\312\014\272\245\252\016\225\365#\005\222:\227""\300Kv\3056<3\2158_\272\331S\344\002 b$\344\2533h?v\247\r\017\245'[A\300\276\253e:T&\317hR\003\302h\230\357\220\177""; "
1750527630637,1750527630637,0,1,3,0,TMValidation,"validation: """"\200\000\000\001&\000\000\000\036)/\351\253\016:\r\302\353\023?\373\240rQ>\034\236l\273\005G\316F\217}[\036\007\270:\260\335\271B\241N\345\330\204\327f\361\272Kb\037P\027\000\000\000\000\000\000\000\000\000\000\000\000\000\000\000\000\000\000\000\000\000\000\000\000\000\000\000\000\000\000\000\000P\031\357&Q\217\267\303\356I\236\357\264\311b\037\366\035\253\343\311\265\240\327q\206f\262ODi\215-\363s!\003R7o\362bV\300hf\266\241;}\200^\374\240\203[:\342Q\225\221\027y\372\255\235\216\323~vF0D\002 fZE\352\312\014\272\245\252\016\225\365#\005\222:\227""\300Kv\3056<3\2158_\272\331S\344\002 b$\344\2533h?v\247\r\017\245'[A\300\276\253e:T&\317hR\003\302h\230\357\220\177""; ","validation: """"\200\000\000\001&\000\000\000\036)/\351\253\016:\r\302\353\023?\373\240rQ>\034\236l\273\005G\316F\217}[\036\007\270:\260\335\271B\241N\345\330\204\327f\361\272Kb\037P\027\000\000\000\000\000\000\000\000\000\000\000\000\000\000\000\000\000\000\000\000\000\000\000\000\000\000\000\000\000\000\000\000P\031\357&Q\217\267\303\356I\236\357\264\311b\037\366\035\253\343\311\265\240\327q\206f\262ODi\215-\363s!\003R7o\362bV\300hf\266\241;}\200^\374\240\203[:\342Q\225\221\027y\372\255\235\216\323~vF0D\002 fZE\352\312\014\272\245\252\016\225\365#\005\222:\227""\300Kv\3056<3\2158_\272\331S\344\002 b$\344\2533h?v\247\r\017\245'[A\300\276\253e:T&\317hR\003\302h\230\357\220\177""; "
1750527630638,1750527630638,0,1,4,0,TMValidation,"validation: """"\200\000\000\001&\000\000\000\036)/\351\253\016:\r\302\353\023?\373\240rQ>\034\236l\273\005G\316F\217}[\036\007\270:\260\335\271B\241N\345\330\204\327f\361\272Kb\037P\027\000\000\000\000\000\000\000\000\000\000\000\000\000\000\000\000\000\000\000\000\000\000\000\000\000\000\000\000\000\000\000\000P\031\357&Q\217\267\303\356I\236\357\264\311b\037\366\035\253\343\311\265\240\327q\206f\262ODi\215-\363s!\003R7o\362bV\300hf\266\241;}\200^\374\240\203[:\342Q\225\221\027y\372\255\235\216\323~vF0D\002 fZE\352\312\014\272\245\252\016\225\365#\005\222:\227""\300Kv\3056<3\2158_\272\331S\344\002 b$\344\2533h?v\247\r\017\245'[A\300\276\253e:T&\317hR\003\302h\230\357\220\177""; ","validation: """"\200\000\000\001&\000\000\000\036)/\351\253\016:\r\302\353\023?\373\240rQ>\034\236l\273\005G\316F\217}[\036\007\270:\260\335\271B\241N\345\330\204\327f\361\272Kb\037P\027\000\000\000\000\000\000\000\000\000\000\000\000\000\000\000\000\000\000\000\000\000\000\000\000\000\000\000\000\000\000\000\000P\031\357&Q\217\267\303\356I\236\357\264\311b\037\366\035\253\343\311\265\240\327q\206f\262ODi\215-\363s!\003R7o\362bV\300hf\266\241;}\200^\374\240\203[:\342Q\225\221\027y\372\255\235\216\323~vF0D\002 fZE\352\312\014\272\245\252\016\225\365#\005\222:\227""\300Kv\3056<3\2158_\272\331S\344\002 b$\344\2533h?v\247\r\017\245'[A\300\276\253e:T&\317hR\003\302h\230\357\220\177""; "
1750527630638,1750527630638,0,1,2,0,TMProposeSet,"proposeSeq: 0; currentTxHash: ""\000\000\000\000\000\000\000\000\000\000\000\000\000\000\000\000\000\000\000\000\000\000\000\000\000\000\000\000\000\000\000\000""; nodePubKey: ""\003\255\225A\213\332\224ehh\024BDq\224\250\335`\355\353{\357\266\335<\021\032\265\177\206\356&\215""; closeTime: 803842830; signature: ""0E\002!\000\331\332\245\260\022\246;\242\224\371-\260Y\3730\216|(\235k\355\371'C\364\346\036\355\272\357\032\255\002 :&\374\346y\006\371\321X\221\356*~\347\013\206\014\255\250\352J)\000\271O\232\305u\005\204L\233""; previousledger: ""\351\200D\025\027\211\2170\311\\000\341\377\025\233{\306$7\251\215K\253\377\343=J\317\247\206A6""; ","proposeSeq: 0; currentTxHash: ""\000\000\000\000\000\000\000\000\000\000\000\000\000\000\000\000\000\000\000\000\000\000\000\000\000\000\000\000\000\000\000\000""; nodePubKey: ""\003\255\225A\213\332\224ehh\024BDq\224\250\335`\355\353{\357\266\335<\021\032\265\177\206\356&\215""; closeTime: 803842830; signature: ""0E\002!\000\331\332\245\260\022\246;\242\224\371-\260Y\3730\216|(\235k\355\371'C\364\346\036\355\272\357\032\255\002 :&\374\346y\006\371\321X\221\356*~\347\013\206\014\255\250\352J)\000\271O\232\305u\005\204L\233""; previousledger: ""\351\200D\025\027\211\2170\311\\000\341\377\025\233{\306$7\251\215K\253\377\343=J\317\247\206A6""; "
1750527630638,1750527630638,0,1,2,0,TMValidation,"validation: """"\200\000\000\001&\000\000\000\036)/\351\253\016:\r\302\353\023?\373\240rQ>\034\236l\273\005G\316F\217}[\036\007\270:\260\335\271B\241N\345\330\204\327f\361\272Kb\037P\027\000\000\000\000\000\000\000\000\000\000\000\000\000\000\000\000\000\000\000\000\000\000\000\000\000\000\000\000\000\000\000\000P\031\357&Q\217\267\303\356I\236\357\264\311b\037\366\035\253\343\311\265\240\327q\206f\262ODi\215-\363s!\003R7o\362bV\300hf\266\241;}\200^\374\240\203[:\342Q\225\221\027y\372\255\235\216\323~vF0D\002 fZE\352\312\014\272\245\252\016\225\365#\005\222:\227""\300Kv\3056<3\2158_\272\331S\344\002 b$\344\2533h?v\247\r\017\245'[A\300\276\253e:T&\317hR\003\302h\230\357\220\177""; ","validation: """"\200\000\000\001&\000\000\000\036)/\351\253\016:\r\302\353\023?\373\240rQ>\034\236l\273\005G\316F\217}[\036\007\270:\260\335\271B\241N\345\330\204\327f\361\272Kb\037P\027\000\000\000\000\000\000\000\000\000\000\000\000\000\000\000\000\000\000\000\000\000\000\000\000\000\000\000\000\000\000\000\000P\031\357&Q\217\267\303\356I\236\357\264\311b\037\366\035\253\343\311\265\240\327q\206f\262ODi\215-\363s!\003R7o\362bV\300hf\266\241;}\200^\374\240\203[:\342Q\225\221\027y\372\255\235\216\323~vF0D\002 fZE\352\312\014\272\245\252\016\225\365#\005\222:\227""\300Kv\3056<3\2158_\272\331S\344\002 b$\344\2533h?v\247\r\017\245'[A\300\276\253e:T&\317hR\003\302h\230\357\220\177""; "
1750527630639,1750527630639,0,1,2,3,TMValidation,"validation: """"\200\000\000\001&\000\000\000\036)/\351\253\016:\r\302\353\023?\373\240rQ>\034\236l\273\005G\316F\217}[\036\007\270:\260\335\271B\241N\345\330\204\327f\361\272Kb\037P\027\000\000\000\000\000\000\000\000\000\000\000\000\000\000\000\000\000\000\000\000\000\000\000\000\000\000\000\000\000\000\000\000P\031\357&Q\217\267\303\356I\236\357\264\311b\037\366\035\253\343\311\265\240\327q\206f\262ODi\215-\363s!\003R7o\362bV\300hf\266\241;}\200^\374\240\203[:\342Q\225\221\027y\372\255\235\216\323~vF0D\002 fZE\352\312\014\272\245\252\016\225\365#\005\222:\227""\300Kv\3056<3\2158_\272\331S\344\002 b$\344\2533h?v\247\r\017\245'[A\300\276\253e:T&\317hR\003\302h\230\357\220\177""; ","validation: """"\200\000\000\001&\000\000\000\036)/\351\253\016:\r\302\353\023?\373\240rQ>\034\236l\273\005G\316F\217}[\036\007\270:\260\335\271B\241N\345\330\204\327f\361\272Kb\037P\027\000\000\000\000\000\000\000\000\000\000\000\000\000\000\000\000\000\000\000\000\000\000\000\000\000\000\000\000\000\000\000\000P\031\357&Q\217\267\303\356I\236\357\264\311b\037\366\035\253\343\311\265\240\327q\206f\262ODi\215-\363s!\003R7o\362bV\300hf\266\241;}\200^\374\240\203[:\342Q\225\221\027y\372\255\235\216\323~vF0D\002 fZE\352\312\014\272\245\252\016\225\365#\005\222:\227""\300Kv\3056<3\2158_\272\331S\344\002 b$\344\2533h?v\247\r\017\245'[A\300\276\253e:T&\317hR\003\302h\230\357\220\177""; "
1750527630640,1750527630640,0,1,2,3,TMProposeSet,"proposeSeq: 0; currentTxHash: ""\000\000\000\000\000\000\000\000\000\000\000\000\000\000\000\000\000\000\000\000\000\000\000\000\000\000\000\000\000\000\000\000""; nodePubKey: ""\003\255\225A\213\332\224ehh\024BDq\224\250\335`\355\353{\357\266\335<\021\032\265\177\206\356&\215""; closeTime: 803842830; signature: ""0E\002!\000\331\332\245\260\022\246;\242\224\371-\260Y\3730\216|(\235k\355\371'C\364\346\036\355\272\357\032\255\002 :&\374\346y\006\371\321X\221\356*~\347\013\206\014\255\250\352J)\000\271O\232\305u\005\204L\233""; previousledger: ""\351\200D\025\027\211\2170\311\\000\341\377\025\233{\306$7\251\215K\253\377\343=J\317\247\206A6""; ","proposeSeq: 0; currentTxHash: ""\000\000\000\000\000\000\000\000\000\000\000\000\000\000\000\000\000\000\000\000\000\000\000\000\000\000\000\000\000\000\000\000""; nodePubKey: ""\003\255\225A\213\332\224ehh\024BDq\224\250\335`\355\353{\357\266\335<\021\032\265\177\206\356&\215""; closeTime: 803842830; signature: ""0E\002!\000\331\332\245\260\022\246;\242\224\371-\260Y\3730\216|(\235k\355\371'C\364\346\036\355\272\357\032\255\002 :&\374\346y\006\371\321X\221\356*~\347\013\206\014\255\250\352J)\000\271O\232\305u\005\204L\233""; previousledger: ""\351\200D\025\027\211\2170\311\\000\341\377\025\233{\306$7\251\215K\253\377\343=J\317\247\206A6""; "
1750527630640,1750527630640,0,1,4,3,TMValidation,"validation: """"\200\000\000\001&\000\000\000\036)/\351\253\016:\r\302\353\023?\373\240rQ>\034\236l\273\005G\316F\217}[\036\007\270:\260\335\271B\241N\345\330\204\327f\361\272Kb\037P\027\000\000\000\000\000\000\000\000\000\000\000\000\000\000\000\000\000\000\000\000\000\000\000\000\000\000\000\000\000\000\000\000P\031\357&Q\217\267\303\356I\236\357\264\311b\037\366\035\253\343\311\265\240\327q\206f\262ODi\215-\363s!\003R7o\362bV\300hf\266\241;}\200^\374\240\203[:\342Q\225\221\027y\372\255\235\216\323~vF0D\002 fZE\352\312\014\272\245\252\016\225\365#\005\222:\227""\300Kv\3056<3\2158_\272\331S\344\002 b$\344\2533h?v\247\r\017\245'[A\300\276\253e:T&\317hR\003\302h\230\357\220\177""; ","validation: """"\200\000\000\001&\000\000\000\036)/\351\253\016:\r\302\353\023?\373\240rQ>\034\236l\273\005G\316F\217}[\036\007\270:\260\335\271B\241N\345\330\204\327f\361\272Kb\037P\027\000\000\000\000\000\000\000\000\000\000\000\000\000\000\000\000\000\000\000\000\000\000\000\000\000\000\000\000\000\000\000\000P\031\357&Q\217\267\303\356I\236\357\264\311b\037\366\035\253\343\311\265\240\327q\206f\262ODi\215-\363s!\003R7o\362bV\300hf\266\241;}\200^\374\240\203[:\342Q\225\221\027y\372\255\235\216\323~vF0D\002 fZE\352\312\014\272\245\252\016\225\365#\005\222:\227""\300Kv\3056<3\2158_\272\331S\344\002 b$\344\2533h?v\247\r\017\245'[A\300\276\253e:T&\317hR\003\302h\230\357\220\177""; "
1750527630625,1750527630705,0,1,2,4,TMStatusChange,"newEvent: neCLOSING_LEDGER; ledgerSeq: 11; ledgerHash: ""\351\200D\025\027\211\2170\311\\000\341\377\025\233{\306$7\251\215K\253\377\343=J\317\247\206A6""; ledgerHashPrevious: ""Q\027L\376}m\030\320\337\2266^+\340\370P\272\314\232\3371\327\027Ejgq<\303\367\244\236""; networkTime: 803842830; firstSeq: 1; lastSeq: 29; ","newEvent: neCLOSING_LEDGER; ledgerSeq: 11; ledgerHash: ""\351\200D\025\027\211\2170\311\\000\341\377\025\233{\306$7\251\215K\253\377\343=J\317\247\206A6""; ledgerHashPrevious: ""Q\027L\376}m\030\320\337\2266^+\340\370P\272\314\232\3371\327\027Ejgq<\303\367\244\236""; networkTime: 803842830; firstSeq: 1; lastSeq: 29; "
1750527630627,1750527630705,0,1,2,0,TMStatusChange,"newEvent: neCLOSING_LEDGER; ledgerSeq: 11; ledgerHash: ""\351\200D\025\027\211\2170\311\\000\341\377\025\233{\306$7\251\215K\253\377\343=J\317\247\206A6""; ledgerHashPrevious: ""Q\027L\376}m\030\320\337\2266^+\340\370P\272\314\232\3371\327\027Ejgq<\303\367\244\236""; networkTime: 803842830; firstSeq: 1; lastSeq: 29; ","newEvent: neCLOSING_LEDGER; ledgerSeq: 11; ledgerHash: ""\351\200D\025\027\211\2170\311\\000\341\377\025\233{\306$7\251\215K\253\377\343=J\317\247\206A6""; ledgerHashPrevious: ""Q\027L\376}m\030\320\337\2266^+\340\370P\272\314\232\3371\327\027Ejgq<\303\367\244\236""; networkTime: 803842830; firstSeq: 1; lastSeq: 29; "
1750527630627,1750527630705,0,1,2,3,TMStatusChange,"newEvent: neCLOSING_LEDGER; ledgerSeq: 11; ledgerHash: ""\351\200D\025\027\211\2170\311\\000\341\377\025\233{\306$7\251\215K\253\377\343=J\317\247\206A6""; ledgerHashPrevious: ""Q\027L\376}m\030\320\337\2266^+\340\370P\272\314\232\3371\327\027Ejgq<\303\367\244\236""; networkTime: 803842830; firstSeq: 1; lastSeq: 29; ","newEvent: neCLOSING_LEDGER; ledgerSeq: 11; ledgerHash: ""\351\200D\025\027\211\2170\311\\000\341\377\025\233{\306$7\251\215K\253\377\343=J\317\247\206A6""; ledgerHashPrevious: ""Q\027L\376}m\030\320\337\2266^+\340\370P\272\314\232\3371\327\027Ejgq<\303\367\244\236""; networkTime: 803842830; firstSeq: 1; lastSeq: 29; "
1750527630628,1750527630705,0,1,2,1,TMStatusChange,"newEvent: neCLOSING_LEDGER; ledgerSeq: 11; ledgerHash: ""\351\200D\025\027\211\2170\311\\000\341\377\025\233{\306$7\251\215K\253\377\343=J\317\247\206A6""; ledgerHashPrevious: ""Q\027L\376}m\030\320\337\2266^+\340\370P\272\314\232\3371\327\027Ejgq<\303\367\244\236""; networkTime: 803842830; firstSeq: 1; lastSeq: 29; ","newEvent: neCLOSING_LEDGER; ledgerSeq: 11; ledgerHash: ""\351\200D\025\027\211\2170\311\\000\341\377\025\233{\306$7\251\215K\253\377\343=J\317\247\206A6""; ledgerHashPrevious: ""Q\027L\376}m\030\320\337\2266^+\340\370P\272\314\232\3371\327\027Ejgq<\303\367\244\236""; networkTime: 803842830; firstSeq: 1; lastSeq: 29; "
1750527631449,1750527631450,0,1,3,1,TMProposeSet,"proposeSeq: 0; currentTxHash: ""\000\000\000\000\000\000\000\000\000\000\000\000\000\000\000\000\000\000\000\000\000\000\000\000\000\000\000\000\000\000\000\000""; nodePubKey: ""\002\364d\217\366\217|\316F\232\231\241\n\261\333`\312O\367\235\025DD\336e\367\n\312\326\221\037\025\230""; closeTime: 803842831; signature: ""0D\002 {\356\353M\206\022\205\360\210\021\201i""c\276j\366C\210?\030gFc\231\361-\001\243L\260\274\002 \010\022\204\262\236\034\375\275L\220\213\315\0264\004\357\2334a\373\301\306\341o\331\2120\372\000\017%\215""; previousledger: "">\034\236l\273\005G\316F\217}[\036\007\270:\260\335\271B\241N\345\330\204\327f\361\272Kb\037""; ","proposeSeq: 0; currentTxHash: ""\000\000\000\000\000\000\000\000\000\000\000\000\000\000\000\000\000\000\000\000\000\000\000\000\000\000\000\000\000\000\000\000""; nodePubKey: ""\002\364d\217\366\217|\316F\232\231\241\n\261\333`\312O\367\235\025DD\336e\367\n\312\326\221\037\025\230""; closeTime: 803842831; signature: ""0D\002 {\356\353M\206\022\205\360\210\021\201i""c\276j\366C\210?\030gFc\231\361-\001\243L\260\274\002 \010\022\204\262\236\034\375\275L\220\213\315\0264\004\357\2334a\373\301\306\341o\331\2120\372\000\017%\215""; previousledger: "">\034\236l\273\005G\316F\217}[\036\007\270:\260\335\271B\241N\345\330\204\327f\361\272Kb\037""; "
1750527631490,1750527631490,0,1,3,2,TMProposeSet,"proposeSeq: 0; currentTxHash: ""\000\000\000\000\000\000\000\000\000\000\000\000\000\000\000\000\000\000\000\000\000\000\000\000\000\000\000\000\000\000\000\000""; nodePubKey: ""\002\364d\217\366\217|\316F\232\231\241\n\261\333`\312O\367\235\025DD\336e\367\n\312\326\221\037\025\230""; closeTime: 803842831; signature: ""0D\002 {\356\353M\206\022\205\360\210\021\201i""c\276j\366C\210?\030gFc\231\361-\001\243L\260\274\002 \010\022\204\262\236\034\375\275L\220\213\315\0264\004\357\2334a\373\301\306\341o\331\2120\372\000\017%\215""; previousledger: "">\034\236l\273\005G\316F\217}[\036\007\270:\260\335\271B\241N\345\330\204\327f\361\272Kb\037""; ","proposeSeq: 0; currentTxHash: ""\000\000\000\000\000\000\000\000\000\000\000\000\000\000\000\000\000\000\000\000\000\000\000\000\000\000\000\000\000\000\000\000""; nodePubKey: ""\002\364d\217\366\217|\316F\232\231\241\n\261\333`\312O\367\235\025DD\336e\367\n\312\326\221\037\025\230""; closeTime: 803842831; signature: ""0D\002 {\356\353M\206\022\205\360\210\021\201i""c\276j\366C\210?\030gFc\231\361-\001\243L\260\274\002 \010\022\204\262\236\034\375\275L\220\213\315\0264\004\357\2334a\373\301\306\341o\331\2120\372\000\017%\215""; previousledger: "">\034\236l\273\005G\316F\217}[\036\007\270:\260\335\271B\241N\345\330\204\327f\361\272Kb\037""; "
1750527631491,1750527631491,0,1,3,4,TMProposeSet,"proposeSeq: 0; currentTxHash: ""\000\000\000\000\000\000\000\000\000\000\000\000\000\000\000\000\000\000\000\000\000\000\000\000\000\000\000\000\000\000\000\000""; nodePubKey: ""\002\364d\217\366\217|\316F\232\231\241\n\261\333`\312O\367\235\025DD\336e\367\n\312\326\221\037\025\230""; closeTime: 803842831; signature: ""0D\002 {\356\353M\206\022\205\360\210\021\201i""c\276j\366C\210?\030gFc\231\361-\001\243L\260\274\002 \010\022\204\262\236\034\375\275L\220\213\315\0264\004\357\2334a\373\301\306\341o\331\2120\372\000\017%\215""; previousledger: "">\034\236l\273\005G\316F\217}[\036\007\270:\260\335\271B\241N\345\330\204\327f\361\272Kb\037""; ","proposeSeq: 0; currentTxHash: ""\000\000\000\000\000\000\000\000\000\000\000\000\000\000\000\000\000\000\000\000\000\000\000\000\000\000\000\000\000\000\000\000""; nodePubKey: ""\002\364d\217\366\217|\316F\232\231\241\n\261\333`\312O\367\235\025DD\336e\367\n\312\326\221\037\025\230""; closeTime: 803842831; signature: ""0D\002 {\356\353M\206\022\205\360\210\021\201i""c\276j\366C\210?\030gFc\231\361-\001\243L\260\274\002 \010\022\204\262\236\034\375\275L\220\213\315\0264\004\357\2334a\373\301\306\341o\331\2120\372\000\017%\215""; previousledger: "">\034\236l\273\005G\316F\217}[\036\007\270:\260\335\271B\241N\345\330\204\327f\361\272Kb\037""; "
1750527631491,1750527631491,0,1,3,0,TMProposeSet,"proposeSeq: 0; currentTxHash: ""\000\000\000\000\000\000\000\000\000\000\000\000\000\000\000\000\000\000\000\000\000\000\000\000\000\000\000\000\000\000\000\000""; nodePubKey: ""\002\364d\217\366\217|\316F\232\231\241\n\261\333`\312O\367\235\025DD\336e\367\n\312\326\221\037\025\230""; closeTime: 803842831; signature: ""0D\002 {\356\353M\206\022\205\360\210\021\201i""c\276j\366C\210?\030gFc\231\361-\001\243L\260\274\002 \010\022\204\262\236\034\375\275L\220\213\315\0264\004\357\2334a\373\301\306\341o\331\2120\372\000\017%\215""; previousledger: "">\034\236l\273\005G\316F\217}[\036\007\270:\260\335\271B\241N\345\330\204\327f\361\272Kb\037""; ","proposeSeq: 0; currentTxHash: ""\000\000\000\000\000\000\000\000\000\000\000\000\000\000\000\000\000\000\000\000\000\000\000\000\000\000\000\000\000\000\000\000""; nodePubKey: ""\002\364d\217\366\217|\316F\232\231\241\n\261\333`\312O\367\235\025DD\336e\367\n\312\326\221\037\025\230""; closeTime: 803842831; signature: ""0D\002 {\356\353M\206\022\205\360\210\021\201i""c\276j\366C\210?\030gFc\231\361-\001\243L\260\274\002 \010\022\204\262\236\034\375\275L\220\213\315\0264\004\357\2334a\373\301\306\341o\331\2120\372\000\017%\215""; previousledger: "">\034\236l\273\005G\316F\217}[\036\007\270:\260\335\271B\241N\345\330\204\327f\361\272Kb\037""; "
1750527631493,1750527631493,0,1,4,1,TMProposeSet,"proposeSeq: 0; currentTxHash: ""\000\000\000\000\000\000\000\000\000\000\000\000\000\000\000\000\000\000\000\000\000\000\000\000\000\000\000\000\000\000\000\000""; nodePubKey: ""\002\364d\217\366\217|\316F\232\231\241\n\261\333`\312O\367\235\025DD\336e\367\n\312\326\221\037\025\230""; closeTime: 803842831; signature: ""0D\002 {\356\353M\206\022\205\360\210\021\201i""c\276j\366C\210?\030gFc\231\361-\001\243L\260\274\002 \010\022\204\262\236\034\375\275L\220\213\315\0264\004\357\2334a\373\301\306\341o\331\2120\372\000\017%\215""; previousledger: "">\034\236l\273\005G\316F\217}[\036\007\270:\260\335\271B\241N\345\330\204\327f\361\272Kb\037""; ","proposeSeq: 0; currentTxHash: ""\000\000\000\000\000\000\000\000\000\000\000\000\000\000\000\000\000\000\000\000\000\000\000\000\000\000\000\000\000\000\000\000""; nodePubKey: ""\002\364d\217\366\217|\316F\232\231\241\n\261\333`\312O\367\235\025DD\336e\367\n\312\326\221\037\025\230""; closeTime: 803842831; signature: ""0D\002 {\356\353M\206\022\205\360\210\021\201i""c\276j\366C\210?\030gFc\231\361-\001\243L\260\274\002 \010\022\204\262\236\034\375\275L\220\213\315\0264\004\357\2334a\373\301\306\341o\331\2120\372\000\017%\215""; previousledger: "">\034\236l\273\005G\316F\217}[\036\007\270:\260\335\271B\241N\345\330\204\327f\361\272Kb\037""; "
1750527631494,1750527631494,0,1,4,2,TMProposeSet,"proposeSeq: 0; currentTxHash: ""\000\000\000\000\000\000\000\000\000\000\000\000\000\000\000\000\000\000\000\000\000\000\000\000\000\000\000\000\000\000\000\000""; nodePubKey: ""\002\364d\217\366\217|\316F\232\231\241\n\261\333`\312O\367\235\025DD\336e\367\n\312\326\221\037\025\230""; closeTime: 803842831; signature: ""0D\002 {\356\353M\206\022\205\360\210\021\201i""c\276j\366C\210?\030gFc\231\361-\001\243L\260\274\002 \010\022\204\262\236\034\375\275L\220\213\315\0264\004\357\2334a\373\301\306\341o\331\2120\372\000\017%\215""; previousledger: "">\034\236l\273\005G\316F\217}[\036\007\270:\260\335\271B\241N\345\330\204\327f\361\272Kb\037""; ","proposeSeq: 0; currentTxHash: ""\000\000\000\000\000\000\000\000\000\000\000\000\000\000\000\000\000\000\000\000\000\000\000\000\000\000\000\000\000\000\000\000""; nodePubKey: ""\002\364d\217\366\217|\316F\232\231\241\n\261\333`\312O\367\235\025DD\336e\367\n\312\326\221\037\025\230""; closeTime: 803842831; signature: ""0D\002 {\356\353M\206\022\205\360\210\021\201i""c\276j\366C\210?\030gFc\231\361-\001\243L\260\274\002 \010\022\204\262\236\034\375\275L\220\213\315\0264\004\357\2334a\373\301\306\341o\331\2120\372\000\017%\215""; previousledger: "">\034\236l\273\005G\316F\217}[\036\007\270:\260\335\271B\241N\345\330\204\327f\361\272Kb\037""; "
1750527631494,1750527631494,0,1,4,0,TMProposeSet,"proposeSeq: 0; currentTxHash: ""\000\000\000\000\000\000\000\000\000\000\000\000\000\000\000\000\000\000\000\000\000\000\000\000\000\000\000\000\000\000\000\000""; nodePubKey: ""\002\364d\217\366\217|\316F\232\231\241\n\261\333`\312O\367\235\025DD\336e\367\n\312\326\221\037\025\230""; closeTime: 803842831; signature: ""0D\002 {\356\353M\206\022\205\360\210\021\201i""c\276j\366C\210?\030gFc\231\361-\001\243L\260\274\002 \010\022\204\262\236\034\375\275L\220\213\315\0264\004\357\2334a\373\301\306\341o\331\2120\372\000\017%\215""; previousledger: "">\034\236l\273\005G\316F\217}[\036\007\270:\260\335\271B\241N\345\330\204\327f\361\272Kb\037""; ","proposeSeq: 0; currentTxHash: ""\000\000\000\000\000\000\000\000\000\000\000\000\000\000\000\000\000\000\000\000\000\000\000\000\000\000\000\000\000\000\000\000""; nodePubKey: ""\002\364d\217\366\217|\316F\232\231\241\n\261\333`\312O\367\235\025DD\336e\367\n\312\326\221\037\025\230""; closeTime: 803842831; signature: ""0D\002 {\356\353M\206\022\205\360\210\021\201i""c\276j\366C\210?\030gFc\231\361-\001\243L\260\274\002 \010\022\204\262\236\034\375\275L\220\213\315\0264\004\357\2334a\373\301\306\341o\331\2120\372\000\017%\215""; previousledger: "">\034\236l\273\005G\316F\217}[\036\007\270:\260\335\271B\241N\345\330\204\327f\361\272Kb\037""; "
1750527631448,1750527631520,0,1,3,4,TMStatusChange,"newEvent: neCLOSING_LEDGER; ledgerSeq: 30; ledgerHash: "">\034\236l\273\005G\316F\217}[\036\007\270:\260\335\271B\241N\345\330\204\327f\361\272Kb\037""; ledgerHashPrevious: ""\357&Q\217\267\303\356I\236\357\264\311b\037\366\035\253\343\311\265\240\327q\206f\262ODi\215-\363""; networkTime: 803842831; firstSeq: 1; lastSeq: 30; ","newEvent: neCLOSING_LEDGER; ledgerSeq: 30; ledgerHash: "">\034\236l\273\005G\316F\217}[\036\007\270:\260\335\271B\241N\345\330\204\327f\361\272Kb\037""; ledgerHashPrevious: ""\357&Q\217\267\303\356I\236\357\264\311b\037\366\035\253\343\311\265\240\327q\206f\262ODi\215-\363""; networkTime: 803842831; firstSeq: 1; lastSeq: 30; "
1750527631448,1750527631521,0,1,3,0,TMStatusChange,"newEvent: neCLOSING_LEDGER; ledgerSeq: 30; ledgerHash: "">\034\236l\273\005G\316F\217}[\036\007\270:\260\335\271B\241N\345\330\204\327f\361\272Kb\037""; ledgerHashPrevious: ""\357&Q\217\267\303\356I\236\357\264\311b\037\366\035\253\343\311\265\240\327q\206f\262ODi\215-\363""; networkTime: 803842831; firstSeq: 1; lastSeq: 30; ","newEvent: neCLOSING_LEDGER; ledgerSeq: 30; ledgerHash: "">\034\236l\273\005G\316F\217}[\036\007\270:\260\335\271B\241N\345\330\204\327f\361\272Kb\037""; ledgerHashPrevious: ""\357&Q\217\267\303\356I\236\357\264\311b\037\366\035\253\343\311\265\240\327q\206f\262ODi\215-\363""; networkTime: 803842831; firstSeq: 1; lastSeq: 30; "
1750527631448,1750527631520,0,1,3,2,TMStatusChange,"newEvent: neCLOSING_LEDGER; ledgerSeq: 30; ledgerHash: "">\034\236l\273\005G\316F\217}[\036\007\270:\260\335\271B\241N\345\330\204\327f\361\272Kb\037""; ledgerHashPrevious: ""\357&Q\217\267\303\356I\236\357\264\311b\037\366\035\253\343\311\265\240\327q\206f\262ODi\215-\363""; networkTime: 803842831; firstSeq: 1; lastSeq: 30; ","newEvent: neCLOSING_LEDGER; ledgerSeq: 30; ledgerHash: "">\034\236l\273\005G\316F\217}[\036\007\270:\260\335\271B\241N\345\330\204\327f\361\272Kb\037""; ledgerHashPrevious: ""\357&Q\217\267\303\356I\236\357\264\311b\037\366\035\253\343\311\265\240\327q\206f\262ODi\215-\363""; networkTime: 803842831; firstSeq: 1; lastSeq: 30; "
1750527631449,1750527631521,0,1,3,1,TMStatusChange,"newEvent: neCLOSING_LEDGER; ledgerSeq: 30; ledgerHash: "">\034\236l\273\005G\316F\217}[\036\007\270:\260\335\271B\241N\345\330\204\327f\361\272Kb\037""; ledgerHashPrevious: ""\357&Q\217\267\303\356I\236\357\264\311b\037\366\035\253\343\311\265\240\327q\206f\262ODi\215-\363""; networkTime: 803842831; firstSeq: 1; lastSeq: 30; ","newEvent: neCLOSING_LEDGER; ledgerSeq: 30; ledgerHash: "">\034\236l\273\005G\316F\217}[\036\007\270:\260\335\271B\241N\345\330\204\327f\361\272Kb\037""; ledgerHashPrevious: ""\357&Q\217\267\303\356I\236\357\264\311b\037\366\035\253\343\311\265\240\327q\206f\262ODi\215-\363""; networkTime: 803842831; firstSeq: 1; lastSeq: 30; "
1750527631611,1750527631611,0,1,4,3,TMProposeSet,"proposeSeq: 0; currentTxHash: ""\000\000\000\000\000\000\000\000\000\000\000\000\000\000\000\000\000\000\000\000\000\000\000\000\000\000\000\000\000\000\000\000""; nodePubKey: ""\003R7o\362bV\300hf\266\241;}\200^\374\240\203[:\342Q\225\221\027y\372\255\235\216\323~""; closeTime: 803842831; signature: ""0E\002!\000\307\310\223\241\2702C\2742\360\357Fb\335\207\212\327\213\301\303\223\255O\004Wz\227_\265\377\364\217\002 P\245ZH)u<c\205\214\262\214\003\373\267\2351!a+`\013I\242\266\027`\277\002\355d\343""; previousledger: "">\034\236l\273\005G\316F\217}[\036\007\270:\260\335\271B\241N\345\330\204\327f\361\272Kb\037""; ","proposeSeq: 0; currentTxHash: ""\000\000\000\000\000\000\000\000\000\000\000\000\000\000\000\000\000\000\000\000\000\000\000\000\000\000\000\000\000\000\000\000""; nodePubKey: ""\003R7o\362bV\300hf\266\241;}\200^\374\240\203[:\342Q\225\221\027y\372\255\235\216\323~""; closeTime: 803842831; signature: ""0E\002!\000\307\310\223\241\2702C\2742\360\357Fb\335\207\212\327\213\301\303\223\255O\004Wz\227_\265\377\364\217\002 P\245ZH)u<c\205\214\262\214\003\373\267\2351!a+`\013I\242\266\027`\277\002\355d\343""; previousledger: "">\034\236l\273\005G\316F\217}[\036\007\270:\260\335\271B\241N\345\330\204\327f\361\272Kb\037""; "
1750527631612,1750527631612,0,1,4,2,TMProposeSet,"proposeSeq: 0; currentTxHash: ""\000\000\000\000\000\000\000\000\000\000\000\000\000\000\000\000\000\000\000\000\000\000\000\000\000\000\000\000\000\000\000\000""; nodePubKey: ""\003R7o\362bV\300hf\266\241;}\200^\374\240\203[:\342Q\225\221\027y\372\255\235\216\323~""; closeTime: 803842831; signature: ""0E\002!\000\307\310\223\241\2702C\2742\360\357Fb\335\207\212\327\213\301\303\223\255O\004Wz\227_\265\377\364\217\002 P\245ZH)u<c\205\214\262\214\003\373\267\2351!a+`\013I\242\266\027`\277\002\355d\343""; previousledger: "">\034\236l\273\005G\316F\217}[\036\007\270:\260\335\271B\241N\345\330\204\327f\361\272Kb\037""; ","proposeSeq: 0; currentTxHash: ""\000\000\000\000\000\000\000\000\000\000\000\000\000\000\000\000\000\000\000\000\000\000\000\000\000\000\000\000\000\000\000\000""; nodePubKey: ""\003R7o\362bV\300hf\266\241;}\200^\374\240\203[:\342Q\225\221\027y\372\255\235\216\323~""; closeTime: 803842831; signature: ""0E\002!\000\307\310\223\241\2702C\2742\360\357Fb\335\207\212\327\213\301\303\223\255O\004Wz\227_\265\377\364\217\002 P\245ZH)u<c\205\214\262\214\003\373\267\2351!a+`\013I\242\266\027`\277\002\355d\343""; previousledger: "">\034\236l\273\005G\316F\217}[\036\007\270:\260\335\271B\241N\345\330\204\327f\361\272Kb\037""; "
1750527631612,1750527631612,0,1,4,0,TMProposeSet,"proposeSeq: 0; currentTxHash: ""\000\000\000\000\000\000\000\000\000\000\000\000\000\000\000\000\000\000\000\000\000\000\000\000\000\000\000\000\000\000\000\000""; nodePubKey: ""\003R7o\362bV\300hf\266\241;}\200^\374\240\203[:\342Q\225\221\027y\372\255\235\216\323~""; closeTime: 803842831; signature: ""0E\002!\000\307\310\223\241\2702C\2742\360\357Fb\335\207\212\327\213\301\303\223\255O\004Wz\227_\265\377\364\217\002 P\245ZH)u<c\205\214\262\214\003\373\267\2351!a+`\013I\242\266\027`\277\002\355d\343""; previousledger: "">\034\236l\273\005G\316F\217}[\036\007\270:\260\335\271B\241N\345\330\204\327f\361\272Kb\037""; ","proposeSeq: 0; currentTxHash: ""\000\000\000\000\000\000\000\000\000\000\000\000\000\000\000\000\000\000\000\000\000\000\000\000\000\000\000\000\000\000\000\000""; nodePubKey: ""\003R7o\362bV\300hf\266\241;}\200^\374\240\203[:\342Q\225\221\027y\372\255\235\216\323~""; closeTime: 803842831; signature: ""0E\002!\000\307\310\223\241\2702C\2742\360\357Fb\335\207\212\327\213\301\303\223\255O\004Wz\227_\265\377\364\217\002 P\245ZH)u<c\205\214\262\214\003\373\267\2351!a+`\013I\242\266\027`\277\002\355d\343""; previousledger: "">\034\236l\273\005G\316F\217}[\036\007\270:\260\335\271B\241N\345\330\204\327f\361\272Kb\037""; "
1750527631614,1750527631614,0,1,4,1,TMProposeSet,"proposeSeq: 0; currentTxHash: ""\000\000\000\000\000\000\000\000\000\000\000\000\000\000\000\000\000\000\000\000\000\000\000\000\000\000\000\000\000\000\000\000""; nodePubKey: ""\003R7o\362bV\300hf\266\241;}\200^\374\240\203[:\342Q\225\221\027y\372\255\235\216\323~""; closeTime: 803842831; signature: ""0E\002!\000\307\310\223\241\2702C\2742\360\357Fb\335\207\212\327\213\301\303\223\255O\004Wz\227_\265\377\364\217\002 P\245ZH)u<c\205\214\262\214\003\373\267\2351!a+`\013I\242\266\027`\277\002\355d\343""; previousledger: "">\034\236l\273\005G\316F\217}[\036\007\270:\260\335\271B\241N\345\330\204\327f\361\272Kb\037""; ","proposeSeq: 0; currentTxHash: ""\000\000\000\000\000\000\000\000\000\000\000\000\000\000\000\000\000\000\000\000\000\000\000\000\000\000\000\000\000\000\000\000""; nodePubKey: ""\003R7o\362bV\300hf\266\241;}\200^\374\240\203[:\342Q\225\221\027y\372\255\235\216\323~""; closeTime: 803842831; signature: ""0E\002!\000\307\310\223\241\2702C\2742\360\357Fb\335\207\212\327\213\301\303\223\255O\004Wz\227_\265\377\364\217\002 P\245ZH)u<c\205\214\262\214\003\373\267\2351!a+`\013I\242\266\027`\277\002\355d\343""; previousledger: "">\034\236l\273\005G\316F\217}[\036\007\270:\260\335\271B\241N\345\330\204\327f\361\272Kb\037""; "
1750527631615,1750527631616,0,1,3,0,TMProposeSet,"proposeSeq: 0; currentTxHash: ""\000\000\000\000\000\000\000\000\000\000\000\000\000\000\000\000\000\000\000\000\000\000\000\000\000\000\000\000\000\000\000\000""; nodePubKey: ""\003R7o\362bV\300hf\266\241;}\200^\374\240\203[:\342Q\225\221\027y\372\255\235\216\323~""; closeTime: 803842831; signature: ""0E\002!\000\307\310\223\241\2702C\2742\360\357Fb\335\207\212\327\213\301\303\223\255O\004Wz\227_\265\377\364\217\002 P\245ZH)u<c\205\214\262\214\003\373\267\2351!a+`\013I\242\266\027`\277\002\355d\343""; previousledger: "">\034\236l\273\005G\316F\217}[\036\007\270:\260\335\271B\241N\345\330\204\327f\361\272Kb\037""; ","proposeSeq: 0; currentTxHash: ""\000\000\000\000\000\000\000\000\000\000\000\000\000\000\000\000\000\000\000\000\000\000\000\000\000\000\000\000\000\000\000\000""; nodePubKey: ""\003R7o\362bV\300hf\266\241;}\200^\374\240\203[:\342Q\225\221\027y\372\255\235\216\323~""; closeTime: 803842831; signature: ""0E\002!\000\307\310\223\241\2702C\2742\360\357Fb\335\207\212\327\213\301\303\223\255O\004Wz\227_\265\377\364\217\002 P\245ZH)u<c\205\214\262\214\003\373\267\2351!a+`\013I\242\266\027`\277\002\355d\343""; previousledger: "">\034\236l\273\005G\316F\217}[\036\007\270:\260\335\271B\241N\345\330\204\327f\361\272Kb\037""; "
1750527631616,1750527631616,0,1,3,2,TMProposeSet,"proposeSeq: 0; currentTxHash: ""\000\000\000\000\000\000\000\000\000\000\000\000\000\000\000\000\000\000\000\000\000\000\000\000\000\000\000\000\000\000\000\000""; nodePubKey: ""\003R7o\362bV\300hf\266\241;}\200^\374\240\203[:\342Q\225\221\027y\372\255\235\216\323~""; closeTime: 803842831; signature: ""0E\002!\000\307\310\223\241\2702C\2742\360\357Fb\335\207\212\327\213\301\303\223\255O\004Wz\227_\265\377\364\217\002 P\245ZH)u<c\205\214\262\214\003\373\267\2351!a+`\013I\242\266\027`\277\002\355d\343""; previousledger: "">\034\236l\273\005G\316F\217}[\036\007\270:\260\335\271B\241N\345\330\204\327f\361\272Kb\037""; ","proposeSeq: 0; currentTxHash: ""\000\000\000\000\000\000\000\000\000\000\000\000\000\000\000\000\000\000\000\000\000\000\000\000\000\000\000\000\000\000\000\000""; nodePubKey: ""\003R7o\362bV\300hf\266\241;}\200^\374\240\203[:\342Q\225\221\027y\372\255\235\216\323~""; closeTime: 803842831; signature: ""0E\002!\000\307\310\223\241\2702C\2742\360\357Fb\335\207\212\327\213\301\303\223\255O\004Wz\227_\265\377\364\217\002 P\245ZH)u<c\205\214\262\214\003\373\267\2351!a+`\013I\242\266\027`\277\002\355d\343""; previousledger: "">\034\236l\273\005G\316F\217}[\036\007\270:\260\335\271B\241N\345\330\204\327f\361\272Kb\037""; "
1750527631617,1750527631617,0,1,3,1,TMProposeSet,"proposeSeq: 0; currentTxHash: ""\000\000\000\000\000\000\000\000\000\000\000\000\000\000\000\000\000\000\000\000\000\000\000\000\000\000\000\000\000\000\000\000""; nodePubKey: ""\003R7o\362bV\300hf\266\241;}\200^\374\240\203[:\342Q\225\221\027y\372\255\235\216\323~""; closeTime: 803842831; signature: ""0E\002!\000\307\310\223\241\2702C\2742\360\357Fb\335\207\212\327\213\301\303\223\255O\004Wz\227_\265\377\364\217\002 P\245ZH)u<c\205\214\262\214\003\373\267\2351!a+`\013I\242\266\027`\277\002\355d\343""; previousledger: "">\034\236l\273\005G\316F\217}[\036\007\270:\260\335\271B\241N\345\330\204\327f\361\272Kb\037""; ","proposeSeq: 0; currentTxHash: ""\000\000\000\000\000\000\000\000\000\000\000\000\000\000\000\000\000\000\000\000\000\000\000\000\000\000\000\000\000\000\000\000""; nodePubKey: ""\003R7o\362bV\300hf\266\241;}\200^\374\240\203[:\342Q\225\221\027y\372\255\235\216\323~""; closeTime: 803842831; signature: ""0E\002!\000\307\310\223\241\2702C\2742\360\357Fb\335\207\212\327\213\301\303\223\255O\004Wz\227_\265\377\364\217\002 P\245ZH)u<c\205\214\262\214\003\373\267\2351!a+`\013I\242\266\027`\277\002\355d\343""; previousledger: "">\034\236l\273\005G\316F\217}[\036\007\270:\260\335\271B\241N\345\330\204\327f\361\272Kb\037""; "
1750527631611,1750527631687,0,1,4,3,TMStatusChange,"newEvent: neCLOSING_LEDGER; ledgerSeq: 30; ledgerHash: "">\034\236l\273\005G\316F\217}[\036\007\270:\260\335\271B\241N\345\330\204\327f\361\272Kb\037""; ledgerHashPrevious: ""\357&Q\217\267\303\356I\236\357\264\311b\037\366\035\253\343\311\265\240\327q\206f\262ODi\215-\363""; networkTime: 803842831; firstSeq: 1; lastSeq: 30; ","newEvent: neCLOSING_LEDGER; ledgerSeq: 30; ledgerHash: "">\034\236l\273\005G\316F\217}[\036\007\270:\260\335\271B\241N\345\330\204\327f\361\272Kb\037""; ledgerHashPrevious: ""\357&Q\217\267\303\356I\236\357\264\311b\037\366\035\253\343\311\265\240\327q\206f\262ODi\215-\363""; networkTime: 803842831; firstSeq: 1; lastSeq: 30; "
1750527631614,1750527631688,0,1,4,0,TMStatusChange,"newEvent: neCLOSING_LEDGER; ledgerSeq: 30; ledgerHash: "">\034\236l\273\005G\316F\217}[\036\007\270:\260\335\271B\241N\345\330\204\327f\361\272Kb\037""; ledgerHashPrevious: ""\357&Q\217\267\303\356I\236\357\264\311b\037\366\035\253\343\311\265\240\327q\206f\262ODi\215-\363""; networkTime: 803842831; firstSeq: 1; lastSeq: 30; ","newEvent: neCLOSING_LEDGER; ledgerSeq: 30; ledgerHash: "">\034\236l\273\005G\316F\217}[\036\007\270:\260\335\271B\241N\345\330\204\327f\361\272Kb\037""; ledgerHashPrevious: ""\357&Q\217\267\303\356I\236\357\264\311b\037\366\035\253\343\311\265\240\327q\206f\262ODi\215-\363""; networkTime: 803842831; firstSeq: 1; lastSeq: 30; "
1750527631612,1750527631688,0,1,4,2,TMStatusChange,"newEvent: neCLOSING_LEDGER; ledgerSeq: 30; ledgerHash: "">\034\236l\273\005G\316F\217}[\036\007\270:\260\335\271B\241N\345\330\204\327f\361\272Kb\037""; ledgerHashPrevious: ""\357&Q\217\267\303\356I\236\357\264\311b\037\366\035\253\343\311\265\240\327q\206f\262ODi\215-\363""; networkTime: 803842831; firstSeq: 1; lastSeq: 30; ","newEvent: neCLOSING_LEDGER; ledgerSeq: 30; ledgerHash: "">\034\236l\273\005G\316F\217}[\036\007\270:\260\335\271B\241N\345\330\204\327f\361\272Kb\037""; ledgerHashPrevious: ""\357&Q\217\267\303\356I\236\357\264\311b\037\366\035\253\343\311\265\240\327q\206f\262ODi\215-\363""; networkTime: 803842831; firstSeq: 1; lastSeq: 30; "
1750527631615,1750527631689,0,1,4,1,TMStatusChange,"newEvent: neCLOSING_LEDGER; ledgerSeq: 30; ledgerHash: "">\034\236l\273\005G\316F\217}[\036\007\270:\260\335\271B\241N\345\330\204\327f\361\272Kb\037""; ledgerHashPrevious: ""\357&Q\217\267\303\356I\236\357\264\311b\037\366\035\253\343\311\265\240\327q\206f\262ODi\215-\363""; networkTime: 803842831; firstSeq: 1; lastSeq: 30; ","newEvent: neCLOSING_LEDGER; ledgerSeq: 30; ledgerHash: "">\034\236l\273\005G\316F\217}[\036\007\270:\260\335\271B\241N\345\330\204\327f\361\272Kb\037""; ledgerHashPrevious: ""\357&Q\217\267\303\356I\236\357\264\311b\037\366\035\253\343\311\265\240\327q\206f\262ODi\215-\363""; networkTime: 803842831; firstSeq: 1; lastSeq: 30; "
1750527632683,1750527632683,0,1,1,4,TMProposeSet,"proposeSeq: 1; currentTxHash: ""\000\000\000\000\000\000\000\000\000\000\000\000\000\000\000\000\000\000\000\000\000\000\000\000\000\000\000\000\000\000\000\000""; nodePubKey: ""\002\266\377\271\344:\030\221i\267\257\215\237M\014\3345f\014\273|\207\367\334\337F\325\004cxB\211L""; closeTime: 803842820; signature: ""0E\002!\000\364d\032Cr\276\243\271\374\376\263\004\3046\030\214f\200\213\246W\216\022\370\361\354\247\261\034 \tm\002 a3t\342\371q3O\234\016%U\021P\&}\177\376\303E\001V\266\273\252\212,\3771JX""; previousledger: ""\217\r\003K\266\305\315C\214\232\253\322f#\037\275` \312Q\313\216Ch\327\007x\320\303\216]p""; ","proposeSeq: 1; currentTxHash: ""\000\000\000\000\000\000\000\000\000\000\000\000\000\000\000\000\000\000\000\000\000\000\000\000\000\000\000\000\000\000\000\000""; nodePubKey: ""\002\266\377\271\344:\030\221i\267\257\215\237M\014\3345f\014\273|\207\367\334\337F\325\004cxB\211L""; closeTime: 803842820; signature: ""0E\002!\000\364d\032Cr\276\243\271\374\376\263\004\3046\030\214f\200\213\246W\216\022\370\361\354\247\261\034 \tm\002 a3t\342\371q3O\234\016%U\021P\&}\177\376\303E\001V\266\273\252\212,\3771JX""; previousledger: ""\217\r\003K\266\305\315C\214\232\253\322f#\037\275` \312Q\313\216Ch\327\007x\320\303\216]p""; "
1750527632684,1750527632684,0,1,1,3,TMProposeSet,"proposeSeq: 1; currentTxHash: ""\000\000\000\000\000\000\000\000\000\000\000\000\000\000\000\000\000\000\000\000\000\000\000\000\000\000\000\000\000\000\000\000""; nodePubKey: ""\002\266\377\271\344:\030\221i\267\257\215\237M\014\3345f\014\273|\207\367\334\337F\325\004cxB\211L""; closeTime: 803842820; signature: ""0E\002!\000\364d\032Cr\276\243\271\374\376\263\004\3046\030\214f\200\213\246W\216\022\370\361\354\247\261\034 \tm\002 a3t\342\371q3O\234\016%U\021P\&}\177\376\303E\001V\266\273\252\212,\3771JX""; previousledger: ""\217\r\003K\266\305\315C\214\232\253\322f#\037\275` \312Q\313\216Ch\327\007x\320\303\216]p""; ","proposeSeq: 1; currentTxHash: ""\000\000\000\000\000\000\000\000\000\000\000\000\000\000\000\000\000\000\000\000\000\000\000\000\000\000\000\000\000\000\000\000""; nodePubKey: ""\002\266\377\271\344:\030\221i\267\257\215\237M\014\3345f\014\273|\207\367\334\337F\325\004cxB\211L""; closeTime: 803842820; signature: ""0E\002!\000\364d\032Cr\276\243\271\374\376\263\004\3046\030\214f\200\213\246W\216\022\370\361\354\247\261\034 \tm\002 a3t\342\371q3O\234\016%U\021P\&}\177\376\303E\001V\266\273\252\212,\3771JX""; previousledger: ""\217\r\003K\266\305\315C\214\232\253\322f#\037\275` \312Q\313\216Ch\327\007x\320\303\216]p""; "
1750527632684,1750527632684,0,1,1,2,TMProposeSet,"proposeSeq: 1; currentTxHash: ""\000\000\000\000\000\000\000\000\000\000\000\000\000\000\000\000\000\000\000\000\000\000\000\000\000\000\000\000\000\000\000\000""; nodePubKey: ""\002\266\377\271\344:\030\221i\267\257\215\237M\014\3345f\014\273|\207\367\334\337F\325\004cxB\211L""; closeTime: 803842820; signature: ""0E\002!\000\364d\032Cr\276\243\271\374\376\263\004\3046\030\214f\200\213\246W\216\022\370\361\354\247\261\034 \tm\002 a3t\342\371q3O\234\016%U\021P\&}\177\376\303E\001V\266\273\252\212,\3771JX""; previousledger: ""\217\r\003K\266\305\315C\214\232\253\322f#\037\275` \312Q\313\216Ch\327\007x\320\303\216]p""; ","proposeSeq: 1; currentTxHash: ""\000\000\000\000\000\000\000\000\000\000\000\000\000\000\000\000\000\000\000\000\000\000\000\000\000\000\000\000\000\000\000\000""; nodePubKey: ""\002\266\377\271\344:\030\221i\267\257\215\237M\014\3345f\014\273|\207\367\334\337F\325\004cxB\211L""; closeTime: 803842820; signature: ""0E\002!\000\364d\032Cr\276\243\271\374\376\263\004\3046\030\214f\200\213\246W\216\022\370\361\354\247\261\034 \tm\002 a3t\342\371q3O\234\016%U\021P\&}\177\376\303E\001V\266\273\252\212,\3771JX""; previousledger: ""\217\r\003K\266\305\315C\214\232\253\322f#\037\275` \312Q\313\216Ch\327\007x\320\303\216]p""; "
1750527632684,1750527632684,0,1,1,0,TMProposeSet,"proposeSeq: 1; currentTxHash: ""\000\000\000\000\000\000\000\000\000\000\000\000\000\000\000\000\000\000\000\000\000\000\000\000\000\000\000\000\000\000\000\000""; nodePubKey: ""\002\266\377\271\344:\030\221i\267\257\215\237M\014\3345f\014\273|\207\367\334\337F\325\004cxB\211L""; closeTime: 803842820; signature: ""0E\002!\000\364d\032Cr\276\243\271\374\376\263\004\3046\030\214f\200\213\246W\216\022\370\361\354\247\261\034 \tm\002 a3t\342\371q3O\234\016%U\021P\&}\177\376\303E\001V\266\273\252\212,\3771JX""; previousledger: ""\217\r\003K\266\305\315C\214\232\253\322f#\037\275` \312Q\313\216Ch\327\007x\320\303\216]p""; ","proposeSeq: 1; currentTxHash: ""\000\000\000\000\000\000\000\000\000\000\000\000\000\000\000\000\000\000\000\000\000\000\000\000\000\000\000\000\000\000\000\000""; nodePubKey: ""\002\266\377\271\344:\030\221i\267\257\215\237M\014\3345f\014\273|\207\367\334\337F\325\004cxB\211L""; closeTime: 803842820; signature: ""0E\002!\000\364d\032Cr\276\243\271\374\376\263\004\3046\030\214f\200\213\246W\216\022\370\361\354\247\261\034 \tm\002 a3t\342\371q3O\234\016%U\021P\&}\177\376\303E\001V\266\273\252\212,\3771JX""; previousledger: ""\217\r\003K\266\305\315C\214\232\253\322f#\037\275` \312Q\313\216Ch\327\007x\320\303\216]p""; "
1750527633449,1750527633449,0,1,3,2,TMValidation,"validation: """"\200\000\000\001&\000\000\000\037)/\351\253\021:p\210\265\307-\212\200\004Q7p\334\264\237\177~\330]\252+:\317u\302h\n\351\n\364\231\277R\371\356\033y\265v\360NyP\027\000\000\000\000\000\000\000\000\000\000\000\000\000\000\000\000\000\000\000\000\000\000\000\000\000\000\000\000\000\000\000\000P\031>\034\236l\273\005G\316F\217}[\036\007\270:\260\335\271B\241N\345\330\204\327f\361\272Kb\037s!\002\364d\217\366\217|\316F\232\231\241\n\261\333`\312O\367\235\025DD\336e\367\n\312\326\221\037\025\230vF0D\002 >\001Z:b\240\3178\300\325*\274/F\315\202\325\331\224\236y68\376\371\014\375L\276\336\026e\002 Q\253t\265\003\376\0320\025\2009#\203\307\024\245U\315\332dK!a\267\327L\032\325\032\354\214\315""; ","validation: """"\200\000\000\001&\000\000\000\037)/\351\253\021:p\210\265\307-\212\200\004Q7p\334\264\237\177~\330]\252+:\317u\302h\n\351\n\364\231\277R\371\356\033y\265v\360NyP\027\000\000\000\000\000\000\000\000\000\000\000\000\000\000\000\000\000\000\000\000\000\000\000\000\000\000\000\000\000\000\000\000P\031>\034\236l\273\005G\316F\217}[\036\007\270:\260\335\271B\241N\345\330\204\327f\361\272Kb\037s!\002\364d\217\366\217|\316F\232\231\241\n\261\333`\312O\367\235\025DD\336e\367\n\312\326\221\037\025\230vF0D\002 >\001Z:b\240\3178\300\325*\274/F\315\202\325\331\224\236y68\376\371\014\375L\276\336\026e\002 Q\253t\265\003\376\0320\025\2009#\203\307\024\245U\315\332dK!a\267\327L\032\325\032\354\214\315""; "
1750527633450,1750527633450,0,1,3,1,TMValidation,"validation: """"\200\000\000\001&\000\000\000\037)/\351\253\021:p\210\265\307-\212\200\004Q7p\334\264\237\177~\330]\252+:\317u\302h\n\351\n\364\231\277R\371\356\033y\265v\360NyP\027\000\000\000\000\000\000\000\000\000\000\000\000\000\000\000\000\000\000\000\000\000\000\000\000\000\000\000\000\000\000\000\000P\031>\034\236l\273\005G\316F\217}[\036\007\270:\260\335\271B\241N\345\330\204\327f\361\272Kb\037s!\002\364d\217\366\217|\316F\232\231\241\n\261\333`\312O\367\235\025DD\336e\367\n\312\326\221\037\025\230vF0D\002 >\001Z:b\240\3178\300\325*\274/F\315\202\325\331\224\236y68\376\371\014\375L\276\336\026e\002 Q\253t\265\003\376\0320\025\2009#\203\307\024\245U\315\332dK!a\267\327L\032\325\032\354\214\315""; ","validation: """"\200\000\000\001&\000\000\000\037)/\351\253\021:p\210\265\307-\212\200\004Q7p\334\264\237\177~\330]\252+:\317u\302h\n\351\n\364\231\277R\371\356\033y\265v\360NyP\027\000\000\000\000\000\000\000\000\000\000\000\000\000\000\000\000\000\000\000\000\000\000\000\000\000\000\000\000\000\000\000\000P\031>\034\236l\273\005G\316F\217}[\036\007\270:\260\335\271B\241N\345\330\204\327f\361\272Kb\037s!\002\364d\217\366\217|\316F\232\231\241\n\261\333`\312O\367\235\025DD\336e\367\n\312\326\221\037\025\230vF0D\002 >\001Z:b\240\3178\300\325*\274/F\315\202\325\331\224\236y68\376\371\014\375L\276\336\026e\002 Q\253t\265\003\376\0320\025\2009#\203\307\024\245U\315\332dK!a\267\327L\032\325\032\354\214\315""; "
1750527633451,1750527633451,0,1,3,1,TMStatusChange,"newEvent: neACCEPTED_LEDGER; ledgerSeq: 31; ledgerHash: ""7p\334\264\237\177~\330]\252+:\317u\302h\n\351\n\364\231\277R\371\356\033y\265v\360Ny""; ledgerHashPrevious: "">\034\236l\273\005G\316F\217}[\036\007\270:\260\335\271B\241N\345\330\204\327f\361\272Kb\037""; networkTime: 803842833; firstSeq: 1; lastSeq: 30; ","newEvent: neACCEPTED_LEDGER; ledgerSeq: 31; ledgerHash: ""7p\334\264\237\177~\330]\252+:\317u\302h\n\351\n\364\231\277R\371\356\033y\265v\360Ny""; ledgerHashPrevious: "">\034\236l\273\005G\316F\217}[\036\007\270:\260\335\271B\241N\345\330\204\327f\361\272Kb\037""; networkTime: 803842833; firstSeq: 1; lastSeq: 30; "
1750527633451,1750527633451,0,1,3,4,TMValidation,"validation: """"\200\000\000\001&\000\000\000\037)/\351\253\021:p\210\265\307-\212\200\004Q7p\334\264\237\177~\330]\252+:\317u\302h\n\351\n\364\231\277R\371\356\033y\265v\360NyP\027\000\000\000\000\000\000\000\000\000\000\000\000\000\000\000\000\000\000\000\000\000\000\000\000\000\000\000\000\000\000\000\000P\031>\034\236l\273\005G\316F\217}[\036\007\270:\260\335\271B\241N\345\330\204\327f\361\272Kb\037s!\002\364d\217\366\217|\316F\232\231\241\n\261\333`\312O\367\235\025DD\336e\367\n\312\326\221\037\025\230vF0D\002 >\001Z:b\240\3178\300\325*\274/F\315\202\325\331\224\236y68\376\371\014\375L\276\336\026e\002 Q\253t\265\003\376\0320\025\2009#\203\307\024\245U\315\332dK!a\267\327L\032\325\032\354\214\315""; ","validation: """"\200\000\000\001&\000\000\000\037)/\351\253\021:p\210\265\307-\212\200\004Q7p\334\264\237\177~\330]\252+:\317u\302h\n\351\n\364\231\277R\371\356\033y\265v\360NyP\027\000\000\000\000\000\000\000\000\000\000\000\000\000\000\000\000\000\000\000\000\000\000\000\000\000\000\000\000\000\000\000\000P\031>\034\236l\273\005G\316F\217}[\036\007\270:\260\335\271B\241N\345\330\204\327f\361\272Kb\037s!\002\364d\217\366\217|\316F\232\231\241\n\261\333`\312O\367\235\025DD\336e\367\n\312\326\221\037\025\230vF0D\002 >\001Z:b\240\3178\300\325*\274/F\315\202\325\331\224\236y68\376\371\014\375L\276\336\026e\002 Q\253t\265\003\376\0320\025\2009#\203\307\024\245U\315\332dK!a\267\327L\032\325\032\354\214\315""; "
1750527633452,1750527633452,0,1,3,0,TMValidation,"validation: """"\200\000\000\001&\000\000\000\037)/\351\253\021:p\210\265\307-\212\200\004Q7p\334\264\237\177~\330]\252+:\317u\302h\n\351\n\364\231\277R\371\356\033y\265v\360NyP\027\000\000\000\000\000\000\000\000\000\000\000\000\000\000\000\000\000\000\000\000\000\000\000\000\000\000\000\000\000\000\000\000P\031>\034\236l\273\005G\316F\217}[\036\007\270:\260\335\271B\241N\345\330\204\327f\361\272Kb\037s!\002\364d\217\366\217|\316F\232\231\241\n\261\333`\312O\367\235\025DD\336e\367\n\312\326\221\037\025\230vF0D\002 >\001Z:b\240\3178\300\325*\274/F\315\202\325\331\224\236y68\376\371\014\375L\276\336\026e\002 Q\253t\265\003\376\0320\025\2009#\203\307\024\245U\315\332dK!a\267\327L\032\325\032\354\214\315""; ","validation: """"\200\000\000\001&\000\000\000\037)/\351\253\021:p\210\265\307-\212\200\004Q7p\334\264\237\177~\330]\252+:\317u\302h\n\351\n\364\231\277R\371\356\033y\265v\360NyP\027\000\000\000\000\000\000\000\000\000\000\000\000\000\000\000\000\000\000\000\000\000\000\000\000\000\000\000\000\000\000\000\000P\031>\034\236l\273\005G\316F\217}[\036\007\270:\260\335\271B\241N\345\330\204\327f\361\272Kb\037s!\002\364d\217\366\217|\316F\232\231\241\n\261\333`\312O\367\235\025DD\336e\367\n\312\326\221\037\025\230vF0D\002 >\001Z:b\240\3178\300\325*\274/F\315\202\325\331\224\236y68\376\371\014\375L\276\336\026e\002 Q\253t\265\003\376\0320\025\2009#\203\307\024\245U\315\332dK!a\267\327L\032\325\032\354\214\315""; "
1750527633452,1750527633452,0,1,3,4,TMStatusChange,"newEvent: neACCEPTED_LEDGER; ledgerSeq: 31; ledgerHash: ""7p\334\264\237\177~\330]\252+:\317u\302h\n\351\n\364\231\277R\371\356\033y\265v\360Ny""; ledgerHashPrevious: "">\034\236l\273\005G\316F\217}[\036\007\270:\260\335\271B\241N\345\330\204\327f\361\272Kb\037""; networkTime: 803842833; firstSeq: 1; lastSeq: 30; ","newEvent: neACCEPTED_LEDGER; ledgerSeq: 31; ledgerHash: ""7p\334\264\237\177~\330]\252+:\317u\302h\n\351\n\364\231\277R\371\356\033y\265v\360Ny""; ledgerHashPrevious: "">\034\236l\273\005G\316F\217}[\036\007\270:\260\335\271B\241N\345\330\204\327f\361\272Kb\037""; networkTime: 803842833; firstSeq: 1; lastSeq: 30; "
1750527633450,1750527633451,0,1,3,2,TMStatusChange,"newEvent: neACCEPTED_LEDGER; ledgerSeq: 31; ledgerHash: ""7p\334\264\237\177~\330]\252+:\317u\302h\n\351\n\364\231\277R\371\356\033y\265v\360Ny""; ledgerHashPrevious: "">\034\236l\273\005G\316F\217}[\036\007\270:\260\335\271B\241N\345\330\204\327f\361\272Kb\037""; networkTime: 803842833; firstSeq: 1; lastSeq: 30; ","newEvent: neACCEPTED_LEDGER; ledgerSeq: 31; ledgerHash: ""7p\334\264\237\177~\330]\252+:\317u\302h\n\351\n\364\231\277R\371\356\033y\265v\360Ny""; ledgerHashPrevious: "">\034\236l\273\005G\316F\217}[\036\007\270:\260\335\271B\241N\345\330\204\327f\361\272Kb\037""; networkTime: 803842833; firstSeq: 1; lastSeq: 30; "
1750527633453,1750527633453,0,1,3,0,TMStatusChange,"newEvent: neACCEPTED_LEDGER; ledgerSeq: 31; ledgerHash: ""7p\334\264\237\177~\330]\252+:\317u\302h\n\351\n\364\231\277R\371\356\033y\265v\360Ny""; ledgerHashPrevious: "">\034\236l\273\005G\316F\217}[\036\007\270:\260\335\271B\241N\345\330\204\327f\361\272Kb\037""; networkTime: 803842833; firstSeq: 1; lastSeq: 30; ","newEvent: neACCEPTED_LEDGER; ledgerSeq: 31; ledgerHash: ""7p\334\264\237\177~\330]\252+:\317u\302h\n\351\n\364\231\277R\371\356\033y\265v\360Ny""; ledgerHashPrevious: "">\034\236l\273\005G\316F\217}[\036\007\270:\260\335\271B\241N\345\330\204\327f\361\272Kb\037""; networkTime: 803842833; firstSeq: 1; lastSeq: 30; "
1750527633453,1750527633453,0,1,2,1,TMGetLedger,"itype: liBASE; ledgerHash: ""7p\334\264\237\177~\330]\252+:\317u\302h\n\351\n\364\231\277R\371\356\033y\265v\360Ny""; ledgerSeq: 31; ","itype: liBASE; ledgerHash: ""7p\334\264\237\177~\330]\252+:\317u\302h\n\351\n\364\231\277R\371\356\033y\265v\360Ny""; ledgerSeq: 31; "
1750527633453,1750527633453,0,1,2,3,TMGetLedger,"itype: liBASE; ledgerHash: ""7p\334\264\237\177~\330]\252+:\317u\302h\n\351\n\364\231\277R\371\356\033y\265v\360Ny""; ledgerSeq: 31; ","itype: liBASE; ledgerHash: ""7p\334\264\237\177~\330]\252+:\317u\302h\n\351\n\364\231\277R\371\356\033y\265v\360Ny""; ledgerSeq: 31; "
1750527633454,1750527633454,0,1,2,1,TMGetLedger,"itype: liBASE; ledgerHash: ""7p\334\264\237\177~\330]\252+:\317u\302h\n\351\n\364\231\277R\371\356\033y\265v\360Ny""; ledgerSeq: 31; queryType: qtINDIRECT; ","itype: liBASE; ledgerHash: ""7p\334\264\237\177~\330]\252+:\317u\302h\n\351\n\364\231\277R\371\356\033y\265v\360Ny""; ledgerSeq: 31; queryType: qtINDIRECT; "
1750527633463,1750527633463,0,1,2,4,TMGetLedger,"itype: liBASE; ledgerHash: ""7p\334\264\237\177~\330]\252+:\317u\302h\n\351\n\364\231\277R\371\356\033y\265v\360Ny""; ledgerSeq: 31; ","itype: liBASE; ledgerHash: ""7p\334\264\237\177~\330]\252+:\317u\302h\n\351\n\364\231\277R\371\356\033y\265v\360Ny""; ledgerSeq: 31; "
1750527633463,1750527633463,0,1,2,0,TMGetLedger,"itype: liBASE; ledgerHash: ""7p\334\264\237\177~\330]\252+:\317u\302h\n\351\n\364\231\277R\371\356\033y\265v\360Ny""; ledgerSeq: 31; ","itype: liBASE; ledgerHash: ""7p\334\264\237\177~\330]\252+:\317u\302h\n\351\n\364\231\277R\371\356\033y\265v\360Ny""; ledgerSeq: 31; "
1750527633463,1750527633463,0,1,2,1,TMValidation,"validation: """"\200\000\000\001&\000\000\000\037)/\351\253\021:p\210\265\307-\212\200\004Q7p\334\264\237\177~\330]\252+:\317u\302h\n\351\n\364\231\277R\371\356\033y\265v\360NyP\027\000\000\000\000\000\000\000\000\000\000\000\000\000\000\000\000\000\000\000\000\000\000\000\000\000\000\000\000\000\000\000\000P\031>\034\236l\273\005G\316F\217}[\036\007\270:\260\335\271B\241N\345\330\204\327f\361\272Kb\037s!\002\364d\217\366\217|\316F\232\231\241\n\261\333`\312O\367\235\025DD\336e\367\n\312\326\221\037\025\230vF0D\002 >\001Z:b\240\3178\300\325*\274/F\315\202\325\331\224\236y68\376\371\014\375L\276\336\026e\002 Q\253t\265\003\376\0320\025\2009#\203\307\024\245U\315\332dK!a\267\327L\032\325\032\354\214\315""; ","validation: """"\200\000\000\001&\000\000\000\037)/\351\253\021:p\210\265\307-\212\200\004Q7p\334\264\237\177~\330]\252+:\317u\302h\n\351\n\364\231\277R\371\356\033y\265v\360NyP\027\000\000\000\000\000\000\000\000\000\000\000\000\000\000\000\000\000\000\000\000\000\000\000\000\000\000\000\000\000\000\000\000P\031>\034\236l\273\005G\316F\217}[\036\007\270:\260\335\271B\241N\345\330\204\327f\361\272Kb\037s!\002\364d\217\366\217|\316F\232\231\241\n\261\333`\312O\367\235\025DD\336e\367\n\312\326\221\037\025\230vF0D\002 >\001Z:b\240\3178\300\325*\274/F\315\202\325\331\224\236y68\376\371\014\375L\276\336\026e\002 Q\253t\265\003\376\0320\025\2009#\203\307\024\245U\315\332dK!a\267\327L\032\325\032\354\214\315""; "
1750527633463,1750527633463,0,1,2,3,TMGetLedger,"itype: liBASE; ledgerHash: ""7p\334\264\237\177~\330]\252+:\317u\302h\n\351\n\364\231\277R\371\356\033y\265v\360Ny""; ledgerSeq: 31; queryType: qtINDIRECT; ","itype: liBASE; ledgerHash: ""7p\334\264\237\177~\330]\252+:\317u\302h\n\351\n\364\231\277R\371\356\033y\265v\360Ny""; ledgerSeq: 31; queryType: qtINDIRECT; "
1750527633466,1750527633466,0,1,2,0,TMValidation,"validation: """"\200\000\000\001&\000\000\000\037)/\351\253\021:p\210\265\307-\212\200\004Q7p\334\264\237\177~\330]\252+:\317u\302h\n\351\n\364\231\277R\371\356\033y\265v\360NyP\027\000\000\000\000\000\000\000\000\000\000\000\000\000\000\000\000\000\000\000\000\000\000\000\000\000\000\000\000\000\000\000\000P\031>\034\236l\273\005G\316F\217}[\036\007\270:\260\335\271B\241N\345\330\204\327f\361\272Kb\037s!\002\364d\217\366\217|\316F\232\231\241\n\261\333`\312O\367\235\025DD\336e\367\n\312\326\221\037\025\230vF0D\002 >\001Z:b\240\3178\300\325*\274/F\315\202\325\331\224\236y68\376\371\014\375L\276\336\026e\002 Q\253t\265\003\376\0320\025\2009#\203\307\024\245U\315\332dK!a\267\327L\032\325\032\354\214\315""; ","validation: """"\200\000\000\001&\000\000\000\037)/\351\253\021:p\210\265\307-\212\200\004Q7p\334\264\237\177~\330]\252+:\317u\302h\n\351\n\364\231\277R\371\356\033y\265v\360NyP\027\000\000\000\000\000\000\000\000\000\000\000\000\000\000\000\000\000\000\000\000\000\000\000\000\000\000\000\000\000\000\000\000P\031>\034\236l\273\005G\316F\217}[\036\007\270:\260\335\271B\241N\345\330\204\327f\361\272Kb\037s!\002\364d\217\366\217|\316F\232\231\241\n\261\333`\312O\367\235\025DD\336e\367\n\312\326\221\037\025\230vF0D\002 >\001Z:b\240\3178\300\325*\274/F\315\202\325\331\224\236y68\376\371\014\375L\276\336\026e\002 Q\253t\265\003\376\0320\025\2009#\203\307\024\245U\315\332dK!a\267\327L\032\325\032\354\214\315""; "
1750527633467,1750527633467,0,1,2,0,TMGetLedger,"itype: liBASE; ledgerHash: ""7p\334\264\237\177~\330]\252+:\317u\302h\n\351\n\364\231\277R\371\356\033y\265v\360Ny""; ledgerSeq: 31; queryType: qtINDIRECT; ","itype: liBASE; ledgerHash: ""7p\334\264\237\177~\330]\252+:\317u\302h\n\351\n\364\231\277R\371\356\033y\265v\360Ny""; ledgerSeq: 31; queryType: qtINDIRECT; "
1750527633467,1750527633467,0,1,1,3,TMGetLedger,"itype: liBASE; ledgerHash: ""7p\334\264\237\177~\330]\252+:\317u\302h\n\351\n\364\231\277R\371\356\033y\265v\360Ny""; ledgerSeq: 31; ","itype: liBASE; ledgerHash: ""7p\334\264\237\177~\330]\252+:\317u\302h\n\351\n\364\231\277R\371\356\033y\265v\360Ny""; ledgerSeq: 31; "
1750527633467,1750527633467,0,1,1,4,TMGetLedger,"itype: liBASE; ledgerHash: ""7p\334\264\237\177~\330]\252+:\317u\302h\n\351\n\364\231\277R\371\356\033y\265v\360Ny""; ledgerSeq: 31; ","itype: liBASE; ledgerHash: ""7p\334\264\237\177~\330]\252+:\317u\302h\n\351\n\364\231\277R\371\356\033y\265v\360Ny""; ledgerSeq: 31; "
1750527633468,1750527633468,0,1,1,0,TMValidation,"validation: """"\200\000\000\001&\000\000\000\037)/\351\253\021:p\210\265\307-\212\200\004Q7p\334\264\237\177~\330]\252+:\317u\302h\n\351\n\364\231\277R\371\356\033y\265v\360NyP\027\000\000\000\000\000\000\000\000\000\000\000\000\000\000\000\000\000\000\000\000\000\000\000\000\000\000\000\000\000\000\000\000P\031>\034\236l\273\005G\316F\217}[\036\007\270:\260\335\271B\241N\345\330\204\327f\361\272Kb\037s!\002\364d\217\366\217|\316F\232\231\241\n\261\333`\312O\367\235\025DD\336e\367\n\312\326\221\037\025\230vF0D\002 >\001Z:b\240\3178\300\325*\274/F\315\202\325\331\224\236y68\376\371\014\375L\276\336\026e\002 Q\253t\265\003\376\0320\025\2009#\203\307\024\245U\315\332dK!a\267\327L\032\325\032\354\214\315""; ","validation: """"\200\000\000\001&\000\000\000\037)/\351\253\021:p\210\265\307-\212\200\004Q7p\334\264\237\177~\330]\252+:\317u\302h\n\351\n\364\231\277R\371\356\033y\265v\360NyP\027\000\000\000\000\000\000\000\000\000\000\000\000\000\000\000\000\000\000\000\000\000\000\000\000\000\000\000\000\000\000\000\000P\031>\034\236l\273\005G\316F\217}[\036\007\270:\260\335\271B\241N\345\330\204\327f\361\272Kb\037s!\002\364d\217\366\217|\316F\232\231\241\n\261\333`\312O\367\235\025DD\336e\367\n\312\326\221\037\025\230vF0D\002 >\001Z:b\240\3178\300\325*\274/F\315\202\325\331\224\236y68\376\371\014\375L\276\336\026e\002 Q\253t\265\003\376\0320\025\2009#\203\307\024\245U\315\332dK!a\267\327L\032\325\032\354\214\315""; "
1750527633468,1750527633468,0,1,1,0,TMGetLedger,"itype: liBASE; ledgerHash: ""7p\334\264\237\177~\330]\252+:\317u\302h\n\351\n\364\231\277R\371\356\033y\265v\360Ny""; ledgerSeq: 31; ","itype: liBASE; ledgerHash: ""7p\334\264\237\177~\330]\252+:\317u\302h\n\351\n\364\231\277R\371\356\033y\265v\360Ny""; ledgerSeq: 31; "
1750527633468,1750527633468,0,1,1,2,TMValidation,"validation: """"\200\000\000\001&\000\000\000\037)/\351\253\021:p\210\265\307-\212\200\004Q7p\334\264\237\177~\330]\252+:\317u\302h\n\351\n\364\231\277R\371\356\033y\265v\360NyP\027\000\000\000\000\000\000\000\000\000\000\000\000\000\000\000\000\000\000\000\000\000\000\000\000\000\000\000\000\000\000\000\000P\031>\034\236l\273\005G\316F\217}[\036\007\270:\260\335\271B\241N\345\330\204\327f\361\272Kb\037s!\002\364d\217\366\217|\316F\232\231\241\n\261\333`\312O\367\235\025DD\336e\367\n\312\326\221\037\025\230vF0D\002 >\001Z:b\240\3178\300\325*\274/F\315\202\325\331\224\236y68\376\371\014\375L\276\336\026e\002 Q\253t\265\003\376\0320\025\2009#\203\307\024\245U\315\332dK!a\267\327L\032\325\032\354\214\315""; ","validation: """"\200\000\000\001&\000\000\000\037)/\351\253\021:p\210\265\307-\212\200\004Q7p\334\264\237\177~\330]\252+:\317u\302h\n\351\n\364\231\277R\371\356\033y\265v\360NyP\027\000\000\000\000\000\000\000\000\000\000\000\000\000\000\000\000\000\000\000\000\000\000\000\000\000\000\000\000\000\000\000\000P\031>\034\236l\273\005G\316F\217}[\036\007\270:\260\335\271B\241N\345\330\204\327f\361\272Kb\037s!\002\364d\217\366\217|\316F\232\231\241\n\261\333`\312O\367\235\025DD\336e\367\n\312\326\221\037\025\230vF0D\002 >\001Z:b\240\3178\300\325*\274/F\315\202\325\331\224\236y68\376\371\014\375L\276\336\026e\002 Q\253t\265\003\376\0320\025\2009#\203\307\024\245U\315\332dK!a\267\327L\032\325\032\354\214\315""; "
1750527633469,1750527633469,0,1,1,2,TMGetLedger,"itype: liBASE; ledgerHash: ""7p\334\264\237\177~\330]\252+:\317u\302h\n\351\n\364\231\277R\371\356\033y\265v\360Ny""; ledgerSeq: 31; ","itype: liBASE; ledgerHash: ""7p\334\264\237\177~\330]\252+:\317u\302h\n\351\n\364\231\277R\371\356\033y\265v\360Ny""; ledgerSeq: 31; "
1750527633469,1750527633469,0,1,1,3,TMGetLedger,"itype: liBASE; ledgerHash: ""7p\334\264\237\177~\330]\252+:\317u\302h\n\351\n\364\231\277R\371\356\033y\265v\360Ny""; ledgerSeq: 31; queryType: qtINDIRECT; ","itype: liBASE; ledgerHash: ""7p\334\264\237\177~\330]\252+:\317u\302h\n\351\n\364\231\277R\371\356\033y\265v\360Ny""; ledgerSeq: 31; queryType: qtINDIRECT; "
1750527633470,1750527633470,0,1,1,0,TMGetLedger,"itype: liBASE; ledgerHash: ""7p\334\264\237\177~\330]\252+:\317u\302h\n\351\n\364\231\277R\371\356\033y\265v\360Ny""; ledgerSeq: 31; queryType: qtINDIRECT; ","itype: liBASE; ledgerHash: ""7p\334\264\237\177~\330]\252+:\317u\302h\n\351\n\364\231\277R\371\356\033y\265v\360Ny""; ledgerSeq: 31; queryType: qtINDIRECT; "
1750527633470,1750527633470,0,1,1,4,TMGetLedger,"itype: liBASE; ledgerHash: ""7p\334\264\237\177~\330]\252+:\317u\302h\n\351\n\364\231\277R\371\356\033y\265v\360Ny""; ledgerSeq: 31; queryType: qtINDIRECT; ","itype: liBASE; ledgerHash: ""7p\334\264\237\177~\330]\252+:\317u\302h\n\351\n\364\231\277R\371\356\033y\265v\360Ny""; ledgerSeq: 31; queryType: qtINDIRECT; "
1750527633470,1750527633471,0,1,1,4,TMValidation,"validation: """"\200\000\000\001&\000\000\000\037)/\351\253\021:p\210\265\307-\212\200\004Q7p\334\264\237\177~\330]\252+:\317u\302h\n\351\n\364\231\277R\371\356\033y\265v\360NyP\027\000\000\000\000\000\000\000\000\000\000\000\000\000\000\000\000\000\000\000\000\000\000\000\000\000\000\000\000\000\000\000\000P\031>\034\236l\273\005G\316F\217}[\036\007\270:\260\335\271B\241N\345\330\204\327f\361\272Kb\037s!\002\364d\217\366\217|\316F\232\231\241\n\261\333`\312O\367\235\025DD\336e\367\n\312\326\221\037\025\230vF0D\002 >\001Z:b\240\3178\300\325*\274/F\315\202\325\331\224\236y68\376\371\014\375L\276\336\026e\002 Q\253t\265\003\376\0320\025\2009#\203\307\024\245U\315\332dK!a\267\327L\032\325\032\354\214\315""; ","validation: """"\200\000\000\001&\000\000\000\037)/\351\253\021:p\210\265\307-\212\200\004Q7p\334\264\237\177~\330]\252+:\317u\302h\n\351\n\364\231\277R\371\356\033y\265v\360NyP\027\000\000\000\000\000\000\000\000\000\000\000\000\000\000\000\000\000\000\000\000\000\000\000\000\000\000\000\000\000\000\000\000P\031>\034\236l\273\005G\316F\217}[\036\007\270:\260\335\271B\241N\345\330\204\327f\361\272Kb\037s!\002\364d\217\366\217|\316F\232\231\241\n\261\333`\312O\367\235\025DD\336e\367\n\312\326\221\037\025\230vF0D\002 >\001Z:b\240\3178\300\325*\274/F\315\202\325\331\224\236y68\376\371\014\375L\276\336\026e\002 Q\253t\265\003\376\0320\025\2009#\203\307\024\245U\315\332dK!a\267\327L\032\325\032\354\214\315""; "
1750527633471,1750527633471,0,1,1,2,TMGetLedger,"itype: liBASE; ledgerHash: ""7p\334\264\237\177~\330]\252+:\317u\302h\n\351\n\364\231\277R\371\356\033y\265v\360Ny""; ledgerSeq: 31; queryType: qtINDIRECT; ","itype: liBASE; ledgerHash: ""7p\334\264\237\177~\330]\252+:\317u\302h\n\351\n\364\231\277R\371\356\033y\265v\360Ny""; ledgerSeq: 31; queryType: qtINDIRECT; "
1750527633471,1750527633471,0,1,4,2,TMValidation,"validation: """"\200\000\000\001&\000\000\000\037)/\351\253\021:p\210\265\307-\212\200\004Q7p\334\264\237\177~\330]\252+:\317u\302h\n\351\n\364\231\277R\371\356\033y\265v\360NyP\027\000\000\000\000\000\000\000\000\000\000\000\000\000\000\000\000\000\000\000\000\000\000\000\000\000\000\000\000\000\000\000\000P\031>\034\236l\273\005G\316F\217}[\036\007\270:\260\335\271B\241N\345\330\204\327f\361\272Kb\037s!\002\364d\217\366\217|\316F\232\231\241\n\261\333`\312O\367\235\025DD\336e\367\n\312\326\221\037\025\230vF0D\002 >\001Z:b\240\3178\300\325*\274/F\315\202\325\331\224\236y68\376\371\014\375L\276\336\026e\002 Q\253t\265\003\376\0320\025\2009#\203\307\024\245U\315\332dK!a\267\327L\032\325\032\354\214\315""; ","validation: """"\200\000\000\001&\000\000\000\037)/\351\253\021:p\210\265\307-\212\200\004Q7p\334\264\237\177~\330]\252+:\317u\302h\n\351\n\364\231\277R\371\356\033y\265v\360NyP\027\000\000\000\000\000\000\000\000\000\000\000\000\000\000\000\000\000\000\000\000\000\000\000\000\000\000\000\000\000\000\000\000P\031>\034\236l\273\005G\316F\217}[\036\007\270:\260\335\271B\241N\345\330\204\327f\361\272Kb\037s!\002\364d\217\366\217|\316F\232\231\241\n\261\333`\312O\367\235\025DD\336e\367\n\312\326\221\037\025\230vF0D\002 >\001Z:b\240\3178\300\325*\274/F\315\202\325\331\224\236y68\376\371\014\375L\276\336\026e\002 Q\253t\265\003\376\0320\025\2009#\203\307\024\245U\315\332dK!a\267\327L\032\325\032\354\214\315""; "
1750527633471,1750527633471,0,1,4,2,TMGetLedger,"itype: liBASE; ledgerHash: ""7p\334\264\237\177~\330]\252+:\317u\302h\n\351\n\364\231\277R\371\356\033y\265v\360Ny""; queryType: qtINDIRECT; ","itype: liBASE; ledgerHash: ""7p\334\264\237\177~\330]\252+:\317u\302h\n\351\n\364\231\277R\371\356\033y\265v\360Ny""; queryType: qtINDIRECT; "
1750527633472,1750527633472,0,1,4,2,TMGetLedger,"itype: liBASE; ledgerHash: ""7p\334\264\237\177~\330]\252+:\317u\302h\n\351\n\364\231\277R\371\356\033y\265v\360Ny""; ","itype: liBASE; ledgerHash: ""7p\334\264\237\177~\330]\252+:\317u\302h\n\351\n\364\231\277R\371\356\033y\265v\360Ny""; "
1750527633472,1750527633472,0,1,4,3,TMGetLedger,"itype: liBASE; ledgerHash: ""7p\334\264\237\177~\330]\252+:\317u\302h\n\351\n\364\231\277R\371\356\033y\265v\360Ny""; ","itype: liBASE; ledgerHash: ""7p\334\264\237\177~\330]\252+:\317u\302h\n\351\n\364\231\277R\371\356\033y\265v\360Ny""; "
1750527633473,1750527633473,0,1,4,3,TMGetLedger,"itype: liBASE; ledgerHash: ""7p\334\264\237\177~\330]\252+:\317u\302h\n\351\n\364\231\277R\371\356\033y\265v\360Ny""; queryType: qtINDIRECT; ","itype: liBASE; ledgerHash: ""7p\334\264\237\177~\330]\252+:\317u\302h\n\351\n\364\231\277R\371\356\033y\265v\360Ny""; queryType: qtINDIRECT; "
1750527633473,1750527633473,0,1,4,1,TMValidation,"validation: """"\200\000\000\001&\000\000\000\037)/\351\253\021:p\210\265\307-\212\200\004Q7p\334\264\237\177~\330]\252+:\317u\302h\n\351\n\364\231\277R\371\356\033y\265v\360NyP\027\000\000\000\000\000\000\000\000\000\000\000\000\000\000\000\000\000\000\000\000\000\000\000\000\000\000\000\000\000\000\000\000P\031>\034\236l\273\005G\316F\217}[\036\007\270:\260\335\271B\241N\345\330\204\327f\361\272Kb\037s!\002\364d\217\366\217|\316F\232\231\241\n\261\333`\312O\367\235\025DD\336e\367\n\312\326\221\037\025\230vF0D\002 >\001Z:b\240\3178\300\325*\274/F\315\202\325\331\224\236y68\376\371\014\375L\276\336\026e\002 Q\253t\265\003\376\0320\025\2009#\203\307\024\245U\315\332dK!a\267\327L\032\325\032\354\214\315""; ","validation: """"\200\000\000\001&\000\000\000\037)/\351\253\021:p\210\265\307-\212\200\004Q7p\334\264\237\177~\330]\252+:\317u\302h\n\351\n\364\231\277R\371\356\033y\265v\360NyP\027\000\000\000\000\000\000\000\000\000\000\000\000\000\000\000\000\000\000\000\000\000\000\000\000\000\000\000\000\000\000\000\000P\031>\034\236l\273\005G\316F\217}[\036\007\270:\260\335\271B\241N\345\330\204\327f\361\272Kb\037s!\002\364d\217\366\217|\316F\232\231\241\n\261\333`\312O\367\235\025DD\336e\367\n\312\326\221\037\025\230vF0D\002 >\001Z:b\240\3178\300\325*\274/F\315\202\325\331\224\236y68\376\371\014\375L\276\336\026e\002 Q\253t\265\003\376\0320\025\2009#\203\307\024\245U\315\332dK!a\267\327L\032\325\032\354\214\315""; "
1750527633473,1750527633473,0,1,4,0,TMGetLedger,"itype: liBASE; ledgerHash: ""7p\334\264\237\177~\330]\252+:\317u\302h\n\351\n\364\231\277R\371\356\033y\265v\360Ny""; queryType: qtINDIRECT; ","itype: liBASE; ledgerHash: ""7p\334\264\237\177~\330]\252+:\317u\302h\n\351\n\364\231\277R\371\356\033y\265v\360Ny""; queryType: qtINDIRECT; "
1750527633474,1750527633474,0,1,4,0,TMGetLedger,"itype: liBASE; ledgerHash: ""7p\334\264\237\177~\330]\252+:\317u\302h\n\351\n\364\231\277R\371\356\033y\265v\360Ny""; ","itype: liBASE; ledgerHash: ""7p\334\264\237\177~\330]\252+:\317u\302h\n\351\n\364\231\277R\371\356\033y\265v\360Ny""; "
1750527633474,1750527633474,0,1,4,1,TMGetLedger,"itype: liBASE; ledgerHash: ""7p\334\264\237\177~\330]\252+:\317u\302h\n\351\n\364\231\277R\371\356\033y\265v\360Ny""; ","itype: liBASE; ledgerHash: ""7p\334\264\237\177~\330]\252+:\317u\302h\n\351\n\364\231\277R\371\356\033y\265v\360Ny""; "
1750527633475,1750527633475,0,1,4,1,TMGetLedger,"itype: liBASE; ledgerHash: ""7p\334\264\237\177~\330]\252+:\317u\302h\n\351\n\364\231\277R\371\356\033y\265v\360Ny""; queryType: qtINDIRECT; ","itype: liBASE; ledgerHash: ""7p\334\264\237\177~\330]\252+:\317u\302h\n\351\n\364\231\277R\371\356\033y\265v\360Ny""; queryType: qtINDIRECT; "
1750527633475,1750527633475,0,1,4,0,TMValidation,"validation: """"\200\000\000\001&\000\000\000\037)/\351\253\021:p\210\265\307-\212\200\004Q7p\334\264\237\177~\330]\252+:\317u\302h\n\351\n\364\231\277R\371\356\033y\265v\360NyP\027\000\000\000\000\000\000\000\000\000\000\000\000\000\000\000\000\000\000\000\000\000\000\000\000\000\000\000\000\000\000\000\000P\031>\034\236l\273\005G\316F\217}[\036\007\270:\260\335\271B\241N\345\330\204\327f\361\272Kb\037s!\002\364d\217\366\217|\316F\232\231\241\n\261\333`\312O\367\235\025DD\336e\367\n\312\326\221\037\025\230vF0D\002 >\001Z:b\240\3178\300\325*\274/F\315\202\325\331\224\236y68\376\371\014\375L\276\336\026e\002 Q\253t\265\003\376\0320\025\2009#\203\307\024\245U\315\332dK!a\267\327L\032\325\032\354\214\315""; ","validation: """"\200\000\000\001&\000\000\000\037)/\351\253\021:p\210\265\307-\212\200\004Q7p\334\264\237\177~\330]\252+:\317u\302h\n\351\n\364\231\277R\371\356\033y\265v\360NyP\027\000\000\000\000\000\000\000\000\000\000\000\000\000\000\000\000\000\000\000\000\000\000\000\000\000\000\000\000\000\000\000\000P\031>\034\236l\273\005G\316F\217}[\036\007\270:\260\335\271B\241N\345\330\204\327f\361\272Kb\037s!\002\364d\217\366\217|\316F\232\231\241\n\261\333`\312O\367\235\025DD\336e\367\n\312\326\221\037\025\230vF0D\002 >\001Z:b\240\3178\300\325*\274/F\315\202\325\331\224\236y68\376\371\014\375L\276\336\026e\002 Q\253t\265\003\376\0320\025\2009#\203\307\024\245U\315\332dK!a\267\327L\032\325\032\354\214\315""; "
1750527633476,1750527633476,0,1,0,3,TMGetLedger,"itype: liBASE; ledgerHash: ""7p\334\264\237\177~\330]\252+:\317u\302h\n\351\n\364\231\277R\371\356\033y\265v\360Ny""; ledgerSeq: 31; ","itype: liBASE; ledgerHash: ""7p\334\264\237\177~\330]\252+:\317u\302h\n\351\n\364\231\277R\371\356\033y\265v\360Ny""; ledgerSeq: 31; "
1750527633476,1750527633476,0,1,0,1,TMGetLedger,"itype: liBASE; ledgerHash: ""7p\334\264\237\177~\330]\252+:\317u\302h\n\351\n\364\231\277R\371\356\033y\265v\360Ny""; ledgerSeq: 31; ","itype: liBASE; ledgerHash: ""7p\334\264\237\177~\330]\252+:\317u\302h\n\351\n\364\231\277R\371\356\033y\265v\360Ny""; ledgerSeq: 31; "
1750527633476,1750527633476,0,1,0,4,TMGetLedger,"itype: liBASE; ledgerHash: ""7p\334\264\237\177~\330]\252+:\317u\302h\n\351\n\364\231\277R\371\356\033y\265v\360Ny""; ledgerSeq: 31; ","itype: liBASE; ledgerHash: ""7p\334\264\237\177~\330]\252+:\317u\302h\n\351\n\364\231\277R\371\356\033y\265v\360Ny""; ledgerSeq: 31; "
1750527633477,1750527633477,0,1,0,2,TMGetLedger,"itype: liBASE; ledgerHash: ""7p\334\264\237\177~\330]\252+:\317u\302h\n\351\n\364\231\277R\371\356\033y\265v\360Ny""; ledgerSeq: 31; ","itype: liBASE; ledgerHash: ""7p\334\264\237\177~\330]\252+:\317u\302h\n\351\n\364\231\277R\371\356\033y\265v\360Ny""; ledgerSeq: 31; "
1750527633477,1750527633477,0,1,0,1,TMValidation,"validation: """"\200\000\000\001&\000\000\000\037)/\351\253\021:p\210\265\307-\212\200\004Q7p\334\264\237\177~\330]\252+:\317u\302h\n\351\n\364\231\277R\371\356\033y\265v\360NyP\027\000\000\000\000\000\000\000\000\000\000\000\000\000\000\000\000\000\000\000\000\000\000\000\000\000\000\000\000\000\000\000\000P\031>\034\236l\273\005G\316F\217}[\036\007\270:\260\335\271B\241N\345\330\204\327f\361\272Kb\037s!\002\364d\217\366\217|\316F\232\231\241\n\261\333`\312O\367\235\025DD\336e\367\n\312\326\221\037\025\230vF0D\002 >\001Z:b\240\3178\300\325*\274/F\315\202\325\331\224\236y68\376\371\014\375L\276\336\026e\002 Q\253t\265\003\376\0320\025\2009#\203\307\024\245U\315\332dK!a\267\327L\032\325\032\354\214\315""; ","validation: """"\200\000\000\001&\000\000\000\037)/\351\253\021:p\210\265\307-\212\200\004Q7p\334\264\237\177~\330]\252+:\317u\302h\n\351\n\364\231\277R\371\356\033y\265v\360NyP\027\000\000\000\000\000\000\000\000\000\000\000\000\000\000\000\000\000\000\000\000\000\000\000\000\000\000\000\000\000\000\000\000P\031>\034\236l\273\005G\316F\217}[\036\007\270:\260\335\271B\241N\345\330\204\327f\361\272Kb\037s!\002\364d\217\366\217|\316F\232\231\241\n\261\333`\312O\367\235\025DD\336e\367\n\312\326\221\037\025\230vF0D\002 >\001Z:b\240\3178\300\325*\274/F\315\202\325\331\224\236y68\376\371\014\375L\276\336\026e\002 Q\253t\265\003\376\0320\025\2009#\203\307\024\245U\315\332dK!a\267\327L\032\325\032\354\214\315""; "
1750527633478,1750527633478,0,1,0,1,TMGetLedger,"itype: liBASE; ledgerHash: ""7p\334\264\237\177~\330]\252+:\317u\302h\n\351\n\364\231\277R\371\356\033y\265v\360Ny""; ledgerSeq: 31; queryType: qtINDIRECT; ","itype: liBASE; ledgerHash: ""7p\334\264\237\177~\330]\252+:\317u\302h\n\351\n\364\231\277R\371\356\033y\265v\360Ny""; ledgerSeq: 31; queryType: qtINDIRECT; "
1750527633478,1750527633478,0,1,0,3,TMGetLedger,"itype: liBASE; ledgerHash: ""7p\334\264\237\177~\330]\252+:\317u\302h\n\351\n\364\231\277R\371\356\033y\265v\360Ny""; ledgerSeq: 31; queryType: qtINDIRECT; ","itype: liBASE; ledgerHash: ""7p\334\264\237\177~\330]\252+:\317u\302h\n\351\n\364\231\277R\371\356\033y\265v\360Ny""; ledgerSeq: 31; queryType: qtINDIRECT; "
1750527633479,1750527633479,0,1,3,2,TMLedgerData,"ledgerHash: ""7p\334\264\237\177~\330]\252+:\317u\302h\n\351\n\364\231\277R\371\356\033y\265v\360Ny""; ledgerSeq: 31; type: liBASE; nodes {;   nodedata: ""\000\000\000\037\001cEx]\211\377\330>\034\236l\273\005G\316F\217}[\036\007\270:\260\335\271B\241N\345\330\204\327f\361\272Kb\037\000\000\000\000\000\000\000\000\000\000\000\000\000\000\000\000\000\000\000\000\000\000\000\000\000\000\000\000\000\000\000\000b\246\307\345\234\341(YO\353\362I\231\216\254;Pq\372\265m\331\237\332\247\270\002\212\234\354\227\306/\351\253\017/\351\253\020\n\000""; }; nodes {;   nodedata: ""\323C\344\327\264{\312-\017:\006{\177\344N\002\326bO\260\220\006\033\362\345\005U\221DzJ0\001\301\025%1L\307\t\261\262z\374\222T\301\274V\236\223\262\270Ct\362\337b\356\024*\324\320\351\317\002k\336\234\027v\351\217\260\303\360\233ZPZWr\246$w\313\313\r\243r\232\2234\373\3539:N\004Q\245\272D\312D\300\300\t\323\0257\345e\271\na\215{\226\255x%T\257\037\333\004\344_/R\006E\344\037@\210\363\010\336T\226\247'\204_{\261\370""1\235\2445\343\033Y!\212\201\341\272\225'\007\224=\324k\370\211'M\301\275v\006\027G\006\336\317LA\361o\271RH\217\244sS\277$\211\205\013\003""; }; ","ledgerHash: ""7p\334\264\237\177~\330]\252+:\317u\302h\n\351\n\364\231\277R\371\356\033y\265v\360Ny""; ledgerSeq: 31; type: liBASE; nodes {;   nodedata: ""\000\000\000\037\001cEx]\211\377\330>\034\236l\273\005G\316F\217}[\036\007\270:\260\335\271B\241N\345\330\204\327f\361\272Kb\037\000\000\000\000\000\000\000\000\000\000\000\000\000\000\000\000\000\000\000\000\000\000\000\000\000\000\000\000\000\000\000\000b\246\307\345\234\341(YO\353\362I\231\216\254;Pq\372\265m\331\237\332\247\270\002\212\234\354\227\306/\351\253\017/\351\253\020\n\000""; }; nodes {;   nodedata: ""\323C\344\327\264{\312-\017:\006{\177\344N\002\326bO\260\220\006\033\362\345\005U\221DzJ0\001\301\025%1L\307\t\261\262z\374\222T\301\274V\236\223\262\270Ct\362\337b\356\024*\324\320\351\317\002k\336\234\027v\351\217\260\303\360\233ZPZWr\246$w\313\313\r\243r\232\2234\373\3539:N\004Q\245\272D\312D\300\300\t\323\0257\345e\271\na\215{\226\255x%T\257\037\333\004\344_/R\006E\344\037@\210\363\010\336T\226\247'\204_{\261\370""1\235\2445\343\033Y!\212\201\341\272\225'\007\224=\324k\370\211'M\301\275v\006\027G\006\336\317LA\361o\271RH\217\244sS\277$\211\205\013\003""; }; "
1750527633479,1750527633479,0,1,0,2,TMGetLedger,"itype: liBASE; ledgerHash: ""7p\334\264\237\177~\330]\252+:\317u\302h\n\351\n\364\231\277R\371\356\033y\265v\360Ny""; ledgerSeq: 31; queryType: qtINDIRECT; ","itype: liBASE; ledgerHash: ""7p\334\264\237\177~\330]\252+:\317u\302h\n\351\n\364\231\277R\371\356\033y\265v\360Ny""; ledgerSeq: 31; queryType: qtINDIRECT; "
1750527633480,1750527633480,0,1,0,2,TMValidation,"validation: """"\200\000\000\001&\000\000\000\037)/\351\253\021:p\210\265\307-\212\200\004Q7p\334\264\237\177~\330]\252+:\317u\302h\n\351\n\364\231\277R\371\356\033y\265v\360NyP\027\000\000\000\000\000\000\000\000\000\000\000\000\000\000\000\000\000\000\000\000\000\000\000\000\000\000\000\000\000\000\000\000P\031>\034\236l\273\005G\316F\217}[\036\007\270:\260\335\271B\241N\345\330\204\327f\361\272Kb\037s!\002\364d\217\366\217|\316F\232\231\241\n\261\333`\312O\367\235\025DD\336e\367\n\312\326\221\037\025\230vF0D\002 >\001Z:b\240\3178\300\325*\274/F\315\202\325\331\224\236y68\376\371\014\375L\276\336\026e\002 Q\253t\265\003\376\0320\025\2009#\203\307\024\245U\315\332dK!a\267\327L\032\325\032\354\214\315""; ","validation: """"\200\000\000\001&\000\000\000\037)/\351\253\021:p\210\265\307-\212\200\004Q7p\334\264\237\177~\330]\252+:\317u\302h\n\351\n\364\231\277R\371\356\033y\265v\360NyP\027\000\000\000\000\000\000\000\000\000\000\000\000\000\000\000\000\000\000\000\000\000\000\000\000\000\000\000\000\000\000\000\000P\031>\034\236l\273\005G\316F\217}[\036\007\270:\260\335\271B\241N\345\330\204\327f\361\272Kb\037s!\002\364d\217\366\217|\316F\232\231\241\n\261\333`\312O\367\235\025DD\336e\367\n\312\326\221\037\025\230vF0D\002 >\001Z:b\240\3178\300\325*\274/F\315\202\325\331\224\236y68\376\371\014\375L\276\336\026e\002 Q\253t\265\003\376\0320\025\2009#\203\307\024\245U\315\332dK!a\267\327L\032\325\032\354\214\315""; "
1750527633480,1750527633480,0,1,1,3,TMGetLedger,"itype: liBASE; ledgerHash: ""7p\334\264\237\177~\330]\252+:\317u\302h\n\351\n\364\231\277R\371\356\033y\265v\360Ny""; ledgerSeq: 31; requestCookie: 3; queryType: qtINDIRECT; ","itype: liBASE; ledgerHash: ""7p\334\264\237\177~\330]\252+:\317u\302h\n\351\n\364\231\277R\371\356\033y\265v\360Ny""; ledgerSeq: 31; requestCookie: 3; queryType: qtINDIRECT; "
1750527633480,1750527633481,0,1,3,2,TMLedgerData,"ledgerHash: ""7p\334\264\237\177~\330]\252+:\317u\302h\n\351\n\364\231\277R\371\356\033y\265v\360Ny""; ledgerSeq: 31; type: liBASE; nodes {;   nodedata: ""\000\000\000\037\001cEx]\211\377\330>\034\236l\273\005G\316F\217}[\036\007\270:\260\335\271B\241N\345\330\204\327f\361\272Kb\037\000\000\000\000\000\000\000\000\000\000\000\000\000\000\000\000\000\000\000\000\000\000\000\000\000\000\000\000\000\000\000\000b\246\307\345\234\341(YO\353\362I\231\216\254;Pq\372\265m\331\237\332\247\270\002\212\234\354\227\306/\351\253\017/\351\253\020\n\000""; }; nodes {;   nodedata: ""\323C\344\327\264{\312-\017:\006{\177\344N\002\326bO\260\220\006\033\362\345\005U\221DzJ0\001\301\025%1L\307\t\261\262z\374\222T\301\274V\236\223\262\270Ct\362\337b\356\024*\324\320\351\317\002k\336\234\027v\351\217\260\303\360\233ZPZWr\246$w\313\313\r\243r\232\2234\373\3539:N\004Q\245\272D\312D\300\300\t\323\0257\345e\271\na\215{\226\255x%T\257\037\333\004\344_/R\006E\344\037@\210\363\010\336T\226\247'\204_{\261\370""1\235\2445\343\033Y!\212\201\341\272\225'\007\224=\324k\370\211'M\301\275v\006\027G\006\336\317LA\361o\271RH\217\244sS\277$\211\205\013\003""; }; ","ledgerHash: ""7p\334\264\237\177~\330]\252+:\317u\302h\n\351\n\364\231\277R\371\356\033y\265v\360Ny""; ledgerSeq: 31; type: liBASE; nodes {;   nodedata: ""\000\000\000\037\001cEx]\211\377\330>\034\236l\273\005G\316F\217}[\036\007\270:\260\335\271B\241N\345\330\204\327f\361\272Kb\037\000\000\000\000\000\000\000\000\000\000\000\000\000\000\000\000\000\000\000\000\000\000\000\000\000\000\000\000\000\000\000\000b\246\307\345\234\341(YO\353\362I\231\216\254;Pq\372\265m\331\237\332\247\270\002\212\234\354\227\306/\351\253\017/\351\253\020\n\000""; }; nodes {;   nodedata: ""\323C\344\327\264{\312-\017:\006{\177\344N\002\326bO\260\220\006\033\362\345\005U\221DzJ0\001\301\025%1L\307\t\261\262z\374\222T\301\274V\236\223\262\270Ct\362\337b\356\024*\324\320\351\317\002k\336\234\027v\351\217\260\303\360\233ZPZWr\246$w\313\313\r\243r\232\2234\373\3539:N\004Q\245\272D\312D\300\300\t\323\0257\345e\271\na\215{\226\255x%T\257\037\333\004\344_/R\006E\344\037@\210\363\010\336T\226\247'\204_{\261\370""1\235\2445\343\033Y!\212\201\341\272\225'\007\224=\324k\370\211'M\301\275v\006\027G\006\336\317LA\361o\271RH\217\244sS\277$\211\205\013\003""; }; "
1750527633481,1750527633481,0,1,3,1,TMLedgerData,"ledgerHash: ""7p\334\264\237\177~\330]\252+:\317u\302h\n\351\n\364\231\277R\371\356\033y\265v\360Ny""; ledgerSeq: 31; type: liBASE; nodes {;   nodedata: ""\000\000\000\037\001cEx]\211\377\330>\034\236l\273\005G\316F\217}[\036\007\270:\260\335\271B\241N\345\330\204\327f\361\272Kb\037\000\000\000\000\000\000\000\000\000\000\000\000\000\000\000\000\000\000\000\000\000\000\000\000\000\000\000\000\000\000\000\000b\246\307\345\234\341(YO\353\362I\231\216\254;Pq\372\265m\331\237\332\247\270\002\212\234\354\227\306/\351\253\017/\351\253\020\n\000""; }; nodes {;   nodedata: ""\323C\344\327\264{\312-\017:\006{\177\344N\002\326bO\260\220\006\033\362\345\005U\221DzJ0\001\301\025%1L\307\t\261\262z\374\222T\301\274V\236\223\262\270Ct\362\337b\356\024*\324\320\351\317\002k\336\234\027v\351\217\260\303\360\233ZPZWr\246$w\313\313\r\243r\232\2234\373\3539:N\004Q\245\272D\312D\300\300\t\323\0257\345e\271\na\215{\226\255x%T\257\037\333\004\344_/R\006E\344\037@\210\363\010\336T\226\247'\204_{\261\370""1\235\2445\343\033Y!\212\201\341\272\225'\007\224=\324k\370\211'M\301\275v\006\027G\006\336\317LA\361o\271RH\217\244sS\277$\211\205\013\003""; }; ","ledgerHash: ""7p\334\264\237\177~\330]\252+:\317u\302h\n\351\n\364\231\277R\371\356\033y\265v\360Ny""; ledgerSeq: 31; type: liBASE; nodes {;   nodedata: ""\000\000\000\037\001cEx]\211\377\330>\034\236l\273\005G\316F\217}[\036\007\270:\260\335\271B\241N\345\330\204\327f\361\272Kb\037\000\000\000\000\000\000\000\000\000\000\000\000\000\000\000\000\000\000\000\000\000\000\000\000\000\000\000\000\000\000\000\000b\246\307\345\234\341(YO\353\362I\231\216\254;Pq\372\265m\331\237\332\247\270\002\212\234\354\227\306/\351\253\017/\351\253\020\n\000""; }; nodes {;   nodedata: ""\323C\344\327\264{\312-\017:\006{\177\344N\002\326bO\260\220\006\033\362\345\005U\221DzJ0\001\301\025%1L\307\t\261\262z\374\222T\301\274V\236\223\262\270Ct\362\337b\356\024*\324\320\351\317\002k\336\234\027v\351\217\260\303\360\233ZPZWr\246$w\313\313\r\243r\232\2234\373\3539:N\004Q\245\272D\312D\300\300\t\323\0257\345e\271\na\215{\226\255x%T\257\037\333\004\344_/R\006E\344\037@\210\363\010\336T\226\247'\204_{\261\370""1\235\2445\343\033Y!\212\201\341\272\225'\007\224=\324k\370\211'M\301\275v\006\027G\006\336\317LA\361o\271RH\217\244sS\277$\211\205\013\003""; }; "
1750527633481,1750527633481,0,1,3,1,TMLedgerData,"ledgerHash: ""7p\334\264\237\177~\330]\252+:\317u\302h\n\351\n\364\231\277R\371\356\033y\265v\360Ny""; ledgerSeq: 31; type: liBASE; nodes {;   nodedata: ""\000\000\000\037\001cEx]\211\377\330>\034\236l\273\005G\316F\217}[\036\007\270:\260\335\271B\241N\345\330\204\327f\361\272Kb\037\000\000\000\000\000\000\000\000\000\000\000\000\000\000\000\000\000\000\000\000\000\000\000\000\000\000\000\000\000\000\000\000b\246\307\345\234\341(YO\353\362I\231\216\254;Pq\372\265m\331\237\332\247\270\002\212\234\354\227\306/\351\253\017/\351\253\020\n\000""; }; nodes {;   nodedata: ""\323C\344\327\264{\312-\017:\006{\177\344N\002\326bO\260\220\006\033\362\345\005U\221DzJ0\001\301\025%1L\307\t\261\262z\374\222T\301\274V\236\223\262\270Ct\362\337b\356\024*\324\320\351\317\002k\336\234\027v\351\217\260\303\360\233ZPZWr\246$w\313\313\r\243r\232\2234\373\3539:N\004Q\245\272D\312D\300\300\t\323\0257\345e\271\na\215{\226\255x%T\257\037\333\004\344_/R\006E\344\037@\210\363\010\336T\226\247'\204_{\261\370""1\235\2445\343\033Y!\212\201\341\272\225'\007\224=\324k\370\211'M\301\275v\006\027G\006\336\317LA\361o\271RH\217\244sS\277$\211\205\013\003""; }; ","ledgerHash: ""7p\334\264\237\177~\330]\252+:\317u\302h\n\351\n\364\231\277R\371\356\033y\265v\360Ny""; ledgerSeq: 31; type: liBASE; nodes {;   nodedata: ""\000\000\000\037\001cEx]\211\377\330>\034\236l\273\005G\316F\217}[\036\007\270:\260\335\271B\241N\345\330\204\327f\361\272Kb\037\000\000\000\000\000\000\000\000\000\000\000\000\000\000\000\000\000\000\000\000\000\000\000\000\000\000\000\000\000\000\000\000b\246\307\345\234\341(YO\353\362I\231\216\254;Pq\372\265m\331\237\332\247\270\002\212\234\354\227\306/\351\253\017/\351\253\020\n\000""; }; nodes {;   nodedata: ""\323C\344\327\264{\312-\017:\006{\177\344N\002\326bO\260\220\006\033\362\345\005U\221DzJ0\001\301\025%1L\307\t\261\262z\374\222T\301\274V\236\223\262\270Ct\362\337b\356\024*\324\320\351\317\002k\336\234\027v\351\217\260\303\360\233ZPZWr\246$w\313\313\r\243r\232\2234\373\3539:N\004Q\245\272D\312D\300\300\t\323\0257\345e\271\na\215{\226\255x%T\257\037\333\004\344_/R\006E\344\037@\210\363\010\336T\226\247'\204_{\261\370""1\235\2445\343\033Y!\212\201\341\272\225'\007\224=\324k\370\211'M\301\275v\006\027G\006\336\317LA\361o\271RH\217\244sS\277$\211\205\013\003""; }; "
1750527633482,1750527633482,0,1,4,3,TMGetLedger,"itype: liBASE; ledgerHash: ""7p\334\264\237\177~\330]\252+:\317u\302h\n\351\n\364\231\277R\371\356\033y\265v\360Ny""; ledgerSeq: 31; requestCookie: 2; queryType: qtINDIRECT; ","itype: liBASE; ledgerHash: ""7p\334\264\237\177~\330]\252+:\317u\302h\n\351\n\364\231\277R\371\356\033y\265v\360Ny""; ledgerSeq: 31; requestCookie: 2; queryType: qtINDIRECT; "
1750527633483,1750527633483,0,1,2,4,TMGetLedger,"itype: liBASE; ledgerHash: ""7p\334\264\237\177~\330]\252+:\317u\302h\n\351\n\364\231\277R\371\356\033y\265v\360Ny""; ledgerSeq: 31; queryType: qtINDIRECT; ","itype: liBASE; ledgerHash: ""7p\334\264\237\177~\330]\252+:\317u\302h\n\351\n\364\231\277R\371\356\033y\265v\360Ny""; ledgerSeq: 31; queryType: qtINDIRECT; "
1750527633483,1750527633483,0,1,2,4,TMValidation,"validation: """"\200\000\000\001&\000\000\000\037)/\351\253\021:p\210\265\307-\212\200\004Q7p\334\264\237\177~\330]\252+:\317u\302h\n\351\n\364\231\277R\371\356\033y\265v\360NyP\027\000\000\000\000\000\000\000\000\000\000\000\000\000\000\000\000\000\000\000\000\000\000\000\000\000\000\000\000\000\000\000\000P\031>\034\236l\273\005G\316F\217}[\036\007\270:\260\335\271B\241N\345\330\204\327f\361\272Kb\037s!\002\364d\217\366\217|\316F\232\231\241\n\261\333`\312O\367\235\025DD\336e\367\n\312\326\221\037\025\230vF0D\002 >\001Z:b\240\3178\300\325*\274/F\315\202\325\331\224\236y68\376\371\014\375L\276\336\026e\002 Q\253t\265\003\376\0320\025\2009#\203\307\024\245U\315\332dK!a\267\327L\032\325\032\354\214\315""; ","validation: """"\200\000\000\001&\000\000\000\037)/\351\253\021:p\210\265\307-\212\200\004Q7p\334\264\237\177~\330]\252+:\317u\302h\n\351\n\364\231\277R\371\356\033y\265v\360NyP\027\000\000\000\000\000\000\000\000\000\000\000\000\000\000\000\000\000\000\000\000\000\000\000\000\000\000\000\000\000\000\000\000P\031>\034\236l\273\005G\316F\217}[\036\007\270:\260\335\271B\241N\345\330\204\327f\361\272Kb\037s!\002\364d\217\366\217|\316F\232\231\241\n\261\333`\312O\367\235\025DD\336e\367\n\312\326\221\037\025\230vF0D\002 >\001Z:b\240\3178\300\325*\274/F\315\202\325\331\224\236y68\376\371\014\375L\276\336\026e\002 Q\253t\265\003\376\0320\025\2009#\203\307\024\245U\315\332dK!a\267\327L\032\325\032\354\214\315""; "
1750527633484,1750527633484,0,1,2,3,TMGetLedger,"itype: liBASE; ledgerHash: ""7p\334\264\237\177~\330]\252+:\317u\302h\n\351\n\364\231\277R\371\356\033y\265v\360Ny""; ledgerSeq: 31; requestCookie: 3; queryType: qtINDIRECT; ","itype: liBASE; ledgerHash: ""7p\334\264\237\177~\330]\252+:\317u\302h\n\351\n\364\231\277R\371\356\033y\265v\360Ny""; ledgerSeq: 31; requestCookie: 3; queryType: qtINDIRECT; "
1750527633484,1750527633484,0,1,3,4,TMLedgerData,"ledgerHash: ""7p\334\264\237\177~\330]\252+:\317u\302h\n\351\n\364\231\277R\371\356\033y\265v\360Ny""; ledgerSeq: 31; type: liBASE; nodes {;   nodedata: ""\000\000\000\037\001cEx]\211\377\330>\034\236l\273\005G\316F\217}[\036\007\270:\260\335\271B\241N\345\330\204\327f\361\272Kb\037\000\000\000\000\000\000\000\000\000\000\000\000\000\000\000\000\000\000\000\000\000\000\000\000\000\000\000\000\000\000\000\000b\246\307\345\234\341(YO\353\362I\231\216\254;Pq\372\265m\331\237\332\247\270\002\212\234\354\227\306/\351\253\017/\351\253\020\n\000""; }; nodes {;   nodedata: ""\323C\344\327\264{\312-\017:\006{\177\344N\002\326bO\260\220\006\033\362\345\005U\221DzJ0\001\301\025%1L\307\t\261\262z\374\222T\301\274V\236\223\262\270Ct\362\337b\356\024*\324\320\351\317\002k\336\234\027v\351\217\260\303\360\233ZPZWr\246$w\313\313\r\243r\232\2234\373\3539:N\004Q\245\272D\312D\300\300\t\323\0257\345e\271\na\215{\226\255x%T\257\037\333\004\344_/R\006E\344\037@\210\363\010\336T\226\247'\204_{\261\370""1\235\2445\343\033Y!\212\201\341\272\225'\007\224=\324k\370\211'M\301\275v\006\027G\006\336\317LA\361o\271RH\217\244sS\277$\211\205\013\003""; }; ","ledgerHash: ""7p\334\264\237\177~\330]\252+:\317u\302h\n\351\n\364\231\277R\371\356\033y\265v\360Ny""; ledgerSeq: 31; type: liBASE; nodes {;   nodedata: ""\000\000\000\037\001cEx]\211\377\330>\034\236l\273\005G\316F\217}[\036\007\270:\260\335\271B\241N\345\330\204\327f\361\272Kb\037\000\000\000\000\000\000\000\000\000\000\000\000\000\000\000\000\000\000\000\000\000\000\000\000\000\000\000\000\000\000\000\000b\246\307\345\234\341(YO\353\362I\231\216\254;Pq\372\265m\331\237\332\247\270\002\212\234\354\227\306/\351\253\017/\351\253\020\n\000""; }; nodes {;   nodedata: ""\323C\344\327\264{\312-\017:\006{\177\344N\002\326bO\260\220\006\033\362\345\005U\221DzJ0\001\301\025%1L\307\t\261\262z\374\222T\301\274V\236\223\262\270Ct\362\337b\356\024*\324\320\351\317\002k\336\234\027v\351\217\260\303\360\233ZPZWr\246$w\313\313\r\243r\232\2234\373\3539:N\004Q\245\272D\312D\300\300\t\323\0257\345e\271\na\215{\226\255x%T\257\037\333\004\344_/R\006E\344\037@\210\363\010\336T\226\247'\204_{\261\370""1\235\2445\343\033Y!\212\201\341\272\225'\007\224=\324k\370\211'M\301\275v\006\027G\006\336\317LA\361o\271RH\217\244sS\277$\211\205\013\003""; }; "
1750527633485,1750527633485,0,1,3,4,TMLedgerData,"ledgerHash: ""7p\334\264\237\177~\330]\252+:\317u\302h\n\351\n\364\231\277R\371\356\033y\265v\360Ny""; ledgerSeq: 31; type: liBASE; nodes {;   nodedata: ""\000\000\000\037\001cEx]\211\377\330>\034\236l\273\005G\316F\217}[\036\007\270:\260\335\271B\241N\345\330\204\327f\361\272Kb\037\000\000\000\000\000\000\000\000\000\000\000\000\000\000\000\000\000\000\000\000\000\000\000\000\000\000\000\000\000\000\000\000b\246\307\345\234\341(YO\353\362I\231\216\254;Pq\372\265m\331\237\332\247\270\002\212\234\354\227\306/\351\253\017/\351\253\020\n\000""; }; nodes {;   nodedata: ""\323C\344\327\264{\312-\017:\006{\177\344N\002\326bO\260\220\006\033\362\345\005U\221DzJ0\001\301\025%1L\307\t\261\262z\374\222T\301\274V\236\223\262\270Ct\362\337b\356\024*\324\320\351\317\002k\336\234\027v\351\217\260\303\360\233ZPZWr\246$w\313\313\r\243r\232\2234\373\3539:N\004Q\245\272D\312D\300\300\t\323\0257\345e\271\na\215{\226\255x%T\257\037\333\004\344_/R\006E\344\037@\210\363\010\336T\226\247'\204_{\261\370""1\235\2445\343\033Y!\212\201\341\272\225'\007\224=\324k\370\211'M\301\275v\006\027G\006\336\317LA\361o\271RH\217\244sS\277$\211\205\013\003""; }; ","ledgerHash: ""7p\334\264\237\177~\330]\252+:\317u\302h\n\351\n\364\231\277R\371\356\033y\265v\360Ny""; ledgerSeq: 31; type: liBASE; nodes {;   nodedata: ""\000\000\000\037\001cEx]\211\377\330>\034\236l\273\005G\316F\217}[\036\007\270:\260\335\271B\241N\345\330\204\327f\361\272Kb\037\000\000\000\000\000\000\000\000\000\000\000\000\000\000\000\000\000\000\000\000\000\000\000\000\000\000\000\000\000\000\000\000b\246\307\345\234\341(YO\353\362I\231\216\254;Pq\372\265m\331\237\332\247\270\002\212\234\354\227\306/\351\253\017/\351\253\020\n\000""; }; nodes {;   nodedata: ""\323C\344\327\264{\312-\017:\006{\177\344N\002\326bO\260\220\006\033\362\345\005U\221DzJ0\001\301\025%1L\307\t\261\262z\374\222T\301\274V\236\223\262\270Ct\362\337b\356\024*\324\320\351\317\002k\336\234\027v\351\217\260\303\360\233ZPZWr\246$w\313\313\r\243r\232\2234\373\3539:N\004Q\245\272D\312D\300\300\t\323\0257\345e\271\na\215{\226\255x%T\257\037\333\004\344_/R\006E\344\037@\210\363\010\336T\226\247'\204_{\261\370""1\235\2445\343\033Y!\212\201\341\272\225'\007\224=\324k\370\211'M\301\275v\006\027G\006\336\317LA\361o\271RH\217\244sS\277$\211\205\013\003""; }; "
1750527633485,1750527633485,0,1,0,4,TMGetLedger,"itype: liBASE; ledgerHash: ""7p\334\264\237\177~\330]\252+:\317u\302h\n\351\n\364\231\277R\371\356\033y\265v\360Ny""; ledgerSeq: 31; queryType: qtINDIRECT; ","itype: liBASE; ledgerHash: ""7p\334\264\237\177~\330]\252+:\317u\302h\n\351\n\364\231\277R\371\356\033y\265v\360Ny""; ledgerSeq: 31; queryType: qtINDIRECT; "
1750527633486,1750527633486,0,1,0,4,TMValidation,"validation: """"\200\000\000\001&\000\000\000\037)/\351\253\021:p\210\265\307-\212\200\004Q7p\334\264\237\177~\330]\252+:\317u\302h\n\351\n\364\231\277R\371\356\033y\265v\360NyP\027\000\000\000\000\000\000\000\000\000\000\000\000\000\000\000\000\000\000\000\000\000\000\000\000\000\000\000\000\000\000\000\000P\031>\034\236l\273\005G\316F\217}[\036\007\270:\260\335\271B\241N\345\330\204\327f\361\272Kb\037s!\002\364d\217\366\217|\316F\232\231\241\n\261\333`\312O\367\235\025DD\336e\367\n\312\326\221\037\025\230vF0D\002 >\001Z:b\240\3178\300\325*\274/F\315\202\325\331\224\236y68\376\371\014\375L\276\336\026e\002 Q\253t\265\003\376\0320\025\2009#\203\307\024\245U\315\332dK!a\267\327L\032\325\032\354\214\315""; ","validation: """"\200\000\000\001&\000\000\000\037)/\351\253\021:p\210\265\307-\212\200\004Q7p\334\264\237\177~\330]\252+:\317u\302h\n\351\n\364\231\277R\371\356\033y\265v\360NyP\027\000\000\000\000\000\000\000\000\000\000\000\000\000\000\000\000\000\000\000\000\000\000\000\000\000\000\000\000\000\000\000\000P\031>\034\236l\273\005G\316F\217}[\036\007\270:\260\335\271B\241N\345\330\204\327f\361\272Kb\037s!\002\364d\217\366\217|\316F\232\231\241\n\261\333`\312O\367\235\025DD\336e\367\n\312\326\221\037\025\230vF0D\002 >\001Z:b\240\3178\300\325*\274/F\315\202\325\331\224\236y68\376\371\014\375L\276\336\026e\002 Q\253t\265\003\376\0320\025\2009#\203\307\024\245U\315\332dK!a\267\327L\032\325\032\354\214\315""; "
1750527633486,1750527633486,0,1,1,3,TMGetLedger,"itype: liBASE; ledgerHash: ""7p\334\264\237\177~\330]\252+:\317u\302h\n\351\n\364\231\277R\371\356\033y\265v\360Ny""; requestCookie: 5; queryType: qtINDIRECT; ","itype: liBASE; ledgerHash: ""7p\334\264\237\177~\330]\252+:\317u\302h\n\351\n\364\231\277R\371\356\033y\265v\360Ny""; requestCookie: 5; queryType: qtINDIRECT; "
1750527633486,1750527633486,0,1,3,0,TMLedgerData,"ledgerHash: ""7p\334\264\237\177~\330]\252+:\317u\302h\n\351\n\364\231\277R\371\356\033y\265v\360Ny""; ledgerSeq: 31; type: liBASE; nodes {;   nodedata: ""\000\000\000\037\001cEx]\211\377\330>\034\236l\273\005G\316F\217}[\036\007\270:\260\335\271B\241N\345\330\204\327f\361\272Kb\037\000\000\000\000\000\000\000\000\000\000\000\000\000\000\000\000\000\000\000\000\000\000\000\000\000\000\000\000\000\000\000\000b\246\307\345\234\341(YO\353\362I\231\216\254;Pq\372\265m\331\237\332\247\270\002\212\234\354\227\306/\351\253\017/\351\253\020\n\000""; }; nodes {;   nodedata: ""\323C\344\327\264{\312-\017:\006{\177\344N\002\326bO\260\220\006\033\362\345\005U\221DzJ0\001\301\025%1L\307\t\261\262z\374\222T\301\274V\236\223\262\270Ct\362\337b\356\024*\324\320\351\317\002k\336\234\027v\351\217\260\303\360\233ZPZWr\246$w\313\313\r\243r\232\2234\373\3539:N\004Q\245\272D\312D\300\300\t\323\0257\345e\271\na\215{\226\255x%T\257\037\333\004\344_/R\006E\344\037@\210\363\010\336T\226\247'\204_{\261\370""1\235\2445\343\033Y!\212\201\341\272\225'\007\224=\324k\370\211'M\301\275v\006\027G\006\336\317LA\361o\271RH\217\244sS\277$\211\205\013\003""; }; ","ledgerHash: ""7p\334\264\237\177~\330]\252+:\317u\302h\n\351\n\364\231\277R\371\356\033y\265v\360Ny""; ledgerSeq: 31; type: liBASE; nodes {;   nodedata: ""\000\000\000\037\001cEx]\211\377\330>\034\236l\273\005G\316F\217}[\036\007\270:\260\335\271B\241N\345\330\204\327f\361\272Kb\037\000\000\000\000\000\000\000\000\000\000\000\000\000\000\000\000\000\000\000\000\000\000\000\000\000\000\000\000\000\000\000\000b\246\307\345\234\341(YO\353\362I\231\216\254;Pq\372\265m\331\237\332\247\270\002\212\234\354\227\306/\351\253\017/\351\253\020\n\000""; }; nodes {;   nodedata: ""\323C\344\327\264{\312-\017:\006{\177\344N\002\326bO\260\220\006\033\362\345\005U\221DzJ0\001\301\025%1L\307\t\261\262z\374\222T\301\274V\236\223\262\270Ct\362\337b\356\024*\324\320\351\317\002k\336\234\027v\351\217\260\303\360\233ZPZWr\246$w\313\313\r\243r\232\2234\373\3539:N\004Q\245\272D\312D\300\300\t\323\0257\345e\271\na\215{\226\255x%T\257\037\333\004\344_/R\006E\344\037@\210\363\010\336T\226\247'\204_{\261\370""1\235\2445\343\033Y!\212\201\341\272\225'\007\224=\324k\370\211'M\301\275v\006\027G\006\336\317LA\361o\271RH\217\244sS\277$\211\205\013\003""; }; "
1750527633487,1750527633487,0,1,1,3,TMGetLedger,"itype: liBASE; ledgerHash: ""7p\334\264\237\177~\330]\252+:\317u\302h\n\351\n\364\231\277R\371\356\033y\265v\360Ny""; ledgerSeq: 31; requestCookie: 2; queryType: qtINDIRECT; ","itype: liBASE; ledgerHash: ""7p\334\264\237\177~\330]\252+:\317u\302h\n\351\n\364\231\277R\371\356\033y\265v\360Ny""; ledgerSeq: 31; requestCookie: 2; queryType: qtINDIRECT; "
1750527633487,1750527633488,0,1,3,0,TMLedgerData,"ledgerHash: ""7p\334\264\237\177~\330]\252+:\317u\302h\n\351\n\364\231\277R\371\356\033y\265v\360Ny""; ledgerSeq: 31; type: liBASE; nodes {;   nodedata: ""\000\000\000\037\001cEx]\211\377\330>\034\236l\273\005G\316F\217}[\036\007\270:\260\335\271B\241N\345\330\204\327f\361\272Kb\037\000\000\000\000\000\000\000\000\000\000\000\000\000\000\000\000\000\000\000\000\000\000\000\000\000\000\000\000\000\000\000\000b\246\307\345\234\341(YO\353\362I\231\216\254;Pq\372\265m\331\237\332\247\270\002\212\234\354\227\306/\351\253\017/\351\253\020\n\000""; }; nodes {;   nodedata: ""\323C\344\327\264{\312-\017:\006{\177\344N\002\326bO\260\220\006\033\362\345\005U\221DzJ0\001\301\025%1L\307\t\261\262z\374\222T\301\274V\236\223\262\270Ct\362\337b\356\024*\324\320\351\317\002k\336\234\027v\351\217\260\303\360\233ZPZWr\246$w\313\313\r\243r\232\2234\373\3539:N\004Q\245\272D\312D\300\300\t\323\0257\345e\271\na\215{\226\255x%T\257\037\333\004\344_/R\006E\344\037@\210\363\010\336T\226\247'\204_{\261\370""1\235\2445\343\033Y!\212\201\341\272\225'\007\224=\324k\370\211'M\301\275v\006\027G\006\336\317LA\361o\271RH\217\244sS\277$\211\205\013\003""; }; ","ledgerHash: ""7p\334\264\237\177~\330]\252+:\317u\302h\n\351\n\364\231\277R\371\356\033y\265v\360Ny""; ledgerSeq: 31; type: liBASE; nodes {;   nodedata: ""\000\000\000\037\001cEx]\211\377\330>\034\236l\273\005G\316F\217}[\036\007\270:\260\335\271B\241N\345\330\204\327f\361\272Kb\037\000\000\000\000\000\000\000\000\000\000\000\000\000\000\000\000\000\000\000\000\000\000\000\000\000\000\000\000\000\000\000\000b\246\307\345\234\341(YO\353\362I\231\216\254;Pq\372\265m\331\237\332\247\270\002\212\234\354\227\306/\351\253\017/\351\253\020\n\000""; }; nodes {;   nodedata: ""\323C\344\327\264{\312-\017:\006{\177\344N\002\326bO\260\220\006\033\362\345\005U\221DzJ0\001\301\025%1L\307\t\261\262z\374\222T\301\274V\236\223\262\270Ct\362\337b\356\024*\324\320\351\317\002k\336\234\027v\351\217\260\303\360\233ZPZWr\246$w\313\313\r\243r\232\2234\373\3539:N\004Q\245\272D\312D\300\300\t\323\0257\345e\271\na\215{\226\255x%T\257\037\333\004\344_/R\006E\344\037@\210\363\010\336T\226\247'\204_{\261\370""1\235\2445\343\033Y!\212\201\341\272\225'\007\224=\324k\370\211'M\301\275v\006\027G\006\336\317LA\361o\271RH\217\244sS\277$\211\205\013\003""; }; "
1750527633488,1750527633488,0,1,2,3,TMGetLedger,"itype: liBASE; ledgerHash: ""7p\334\264\237\177~\330]\252+:\317u\302h\n\351\n\364\231\277R\371\356\033y\265v\360Ny""; requestCookie: 5; queryType: qtINDIRECT; ","itype: liBASE; ledgerHash: ""7p\334\264\237\177~\330]\252+:\317u\302h\n\351\n\364\231\277R\371\356\033y\265v\360Ny""; requestCookie: 5; queryType: qtINDIRECT; "
1750527633489,1750527633489,0,1,3,1,TMLedgerData,"ledgerHash: ""7p\334\264\237\177~\330]\252+:\317u\302h\n\351\n\364\231\277R\371\356\033y\265v\360Ny""; ledgerSeq: 31; type: liBASE; nodes {;   nodedata: ""\000\000\000\037\001cEx]\211\377\330>\034\236l\273\005G\316F\217}[\036\007\270:\260\335\271B\241N\345\330\204\327f\361\272Kb\037\000\000\000\000\000\000\000\000\000\000\000\000\000\000\000\000\000\000\000\000\000\000\000\000\000\000\000\000\000\000\000\000b\246\307\345\234\341(YO\353\362I\231\216\254;Pq\372\265m\331\237\332\247\270\002\212\234\354\227\306/\351\253\017/\351\253\020\n\000""; }; nodes {;   nodedata: ""\323C\344\327\264{\312-\017:\006{\177\344N\002\326bO\260\220\006\033\362\345\005U\221DzJ0\001\301\025%1L\307\t\261\262z\374\222T\301\274V\236\223\262\270Ct\362\337b\356\024*\324\320\351\317\002k\336\234\027v\351\217\260\303\360\233ZPZWr\246$w\313\313\r\243r\232\2234\373\3539:N\004Q\245\272D\312D\300\300\t\323\0257\345e\271\na\215{\226\255x%T\257\037\333\004\344_/R\006E\344\037@\210\363\010\336T\226\247'\204_{\261\370""1\235\2445\343\033Y!\212\201\341\272\225'\007\224=\324k\370\211'M\301\275v\006\027G\006\336\317LA\361o\271RH\217\244sS\277$\211\205\013\003""; }; requestCookie: 3; ","ledgerHash: ""7p\334\264\237\177~\330]\252+:\317u\302h\n\351\n\364\231\277R\371\356\033y\265v\360Ny""; ledgerSeq: 31; type: liBASE; nodes {;   nodedata: ""\000\000\000\037\001cEx]\211\377\330>\034\236l\273\005G\316F\217}[\036\007\270:\260\335\271B\241N\345\330\204\327f\361\272Kb\037\000\000\000\000\000\000\000\000\000\000\000\000\000\000\000\000\000\000\000\000\000\000\000\000\000\000\000\000\000\000\000\000b\246\307\345\234\341(YO\353\362I\231\216\254;Pq\372\265m\331\237\332\247\270\002\212\234\354\227\306/\351\253\017/\351\253\020\n\000""; }; nodes {;   nodedata: ""\323C\344\327\264{\312-\017:\006{\177\344N\002\326bO\260\220\006\033\362\345\005U\221DzJ0\001\301\025%1L\307\t\261\262z\374\222T\301\274V\236\223\262\270Ct\362\337b\356\024*\324\320\351\317\002k\336\234\027v\351\217\260\303\360\233ZPZWr\246$w\313\313\r\243r\232\2234\373\3539:N\004Q\245\272D\312D\300\300\t\323\0257\345e\271\na\215{\226\255x%T\257\037\333\004\344_/R\006E\344\037@\210\363\010\336T\226\247'\204_{\261\370""1\235\2445\343\033Y!\212\201\341\272\225'\007\224=\324k\370\211'M\301\275v\006\027G\006\336\317LA\361o\271RH\217\244sS\277$\211\205\013\003""; }; requestCookie: 3; "
1750527633490,1750527633490,0,1,2,3,TMGetLedger,"itype: liBASE; ledgerHash: ""7p\334\264\237\177~\330]\252+:\317u\302h\n\351\n\364\231\277R\371\356\033y\265v\360Ny""; ledgerSeq: 31; requestCookie: 2; queryType: qtINDIRECT; ","itype: liBASE; ledgerHash: ""7p\334\264\237\177~\330]\252+:\317u\302h\n\351\n\364\231\277R\371\356\033y\265v\360Ny""; ledgerSeq: 31; requestCookie: 2; queryType: qtINDIRECT; "
1750527633490,1750527633490,0,1,2,3,TMGetLedger,"itype: liAS_NODE; ledgerHash: ""7p\334\264\237\177~\330]\252+:\317u\302h\n\351\n\364\231\277R\371\356\033y\265v\360Ny""; ledgerSeq: 31; nodeIDs: ""\260\000\000\000\000\000\000\000\000\000\000\000\000\000\000\000\000\000\000\000\000\000\000\000\000\000\000\000\000\000\000\000\001""; queryType: qtINDIRECT; queryDepth: 1; ","itype: liAS_NODE; ledgerHash: ""7p\334\264\237\177~\330]\252+:\317u\302h\n\351\n\364\231\277R\371\356\033y\265v\360Ny""; ledgerSeq: 31; nodeIDs: ""\260\000\000\000\000\000\000\000\000\000\000\000\000\000\000\000\000\000\000\000\000\000\000\000\000\000\000\000\000\000\000\000\001""; queryType: qtINDIRECT; queryDepth: 1; "
1750527633490,1750527633490,0,1,1,3,TMGetLedger,"itype: liAS_NODE; ledgerHash: ""7p\334\264\237\177~\330]\252+:\317u\302h\n\351\n\364\231\277R\371\356\033y\265v\360Ny""; ledgerSeq: 31; nodeIDs: ""\260\000\000\000\000\000\000\000\000\000\000\000\000\000\000\000\000\000\000\000\000\000\000\000\000\000\000\000\000\000\000\000\001""; queryType: qtINDIRECT; queryDepth: 1; ","itype: liAS_NODE; ledgerHash: ""7p\334\264\237\177~\330]\252+:\317u\302h\n\351\n\364\231\277R\371\356\033y\265v\360Ny""; ledgerSeq: 31; nodeIDs: ""\260\000\000\000\000\000\000\000\000\000\000\000\000\000\000\000\000\000\000\000\000\000\000\000\000\000\000\000\000\000\000\000\001""; queryType: qtINDIRECT; queryDepth: 1; "
1750527633491,1750527633491,0,1,3,4,TMLedgerData,"ledgerHash: ""7p\334\264\237\177~\330]\252+:\317u\302h\n\351\n\364\231\277R\371\356\033y\265v\360Ny""; ledgerSeq: 31; type: liBASE; nodes {;   nodedata: ""\000\000\000\037\001cEx]\211\377\330>\034\236l\273\005G\316F\217}[\036\007\270:\260\335\271B\241N\345\330\204\327f\361\272Kb\037\000\000\000\000\000\000\000\000\000\000\000\000\000\000\000\000\000\000\000\000\000\000\000\000\000\000\000\000\000\000\000\000b\246\307\345\234\341(YO\353\362I\231\216\254;Pq\372\265m\331\237\332\247\270\002\212\234\354\227\306/\351\253\017/\351\253\020\n\000""; }; nodes {;   nodedata: ""\323C\344\327\264{\312-\017:\006{\177\344N\002\326bO\260\220\006\033\362\345\005U\221DzJ0\001\301\025%1L\307\t\261\262z\374\222T\301\274V\236\223\262\270Ct\362\337b\356\024*\324\320\351\317\002k\336\234\027v\351\217\260\303\360\233ZPZWr\246$w\313\313\r\243r\232\2234\373\3539:N\004Q\245\272D\312D\300\300\t\323\0257\345e\271\na\215{\226\255x%T\257\037\333\004\344_/R\006E\344\037@\210\363\010\336T\226\247'\204_{\261\370""1\235\2445\343\033Y!\212\201\341\272\225'\007\224=\324k\370\211'M\301\275v\006\027G\006\336\317LA\361o\271RH\217\244sS\277$\211\205\013\003""; }; requestCookie: 2; ","ledgerHash: ""7p\334\264\237\177~\330]\252+:\317u\302h\n\351\n\364\231\277R\371\356\033y\265v\360Ny""; ledgerSeq: 31; type: liBASE; nodes {;   nodedata: ""\000\000\000\037\001cEx]\211\377\330>\034\236l\273\005G\316F\217}[\036\007\270:\260\335\271B\241N\345\330\204\327f\361\272Kb\037\000\000\000\000\000\000\000\000\000\000\000\000\000\000\000\000\000\000\000\000\000\000\000\000\000\000\000\000\000\000\000\000b\246\307\345\234\341(YO\353\362I\231\216\254;Pq\372\265m\331\237\332\247\270\002\212\234\354\227\306/\351\253\017/\351\253\020\n\000""; }; nodes {;   nodedata: ""\323C\344\327\264{\312-\017:\006{\177\344N\002\326bO\260\220\006\033\362\345\005U\221DzJ0\001\301\025%1L\307\t\261\262z\374\222T\301\274V\236\223\262\270Ct\362\337b\356\024*\324\320\351\317\002k\336\234\027v\351\217\260\303\360\233ZPZWr\246$w\313\313\r\243r\232\2234\373\3539:N\004Q\245\272D\312D\300\300\t\323\0257\345e\271\na\215{\226\255x%T\257\037\333\004\344_/R\006E\344\037@\210\363\010\336T\226\247'\204_{\261\370""1\235\2445\343\033Y!\212\201\341\272\225'\007\224=\324k\370\211'M\301\275v\006\027G\006\336\317LA\361o\271RH\217\244sS\277$\211\205\013\003""; }; requestCookie: 2; "
1750527633491,1750527633491,0,1,3,2,TMLedgerData,"ledgerHash: ""7p\334\264\237\177~\330]\252+:\317u\302h\n\351\n\364\231\277R\371\356\033y\265v\360Ny""; ledgerSeq: 31; type: liBASE; nodes {;   nodedata: ""\000\000\000\037\001cEx]\211\377\330>\034\236l\273\005G\316F\217}[\036\007\270:\260\335\271B\241N\345\330\204\327f\361\272Kb\037\000\000\000\000\000\000\000\000\000\000\000\000\000\000\000\000\000\000\000\000\000\000\000\000\000\000\000\000\000\000\000\000b\246\307\345\234\341(YO\353\362I\231\216\254;Pq\372\265m\331\237\332\247\270\002\212\234\354\227\306/\351\253\017/\351\253\020\n\000""; }; nodes {;   nodedata: ""\323C\344\327\264{\312-\017:\006{\177\344N\002\326bO\260\220\006\033\362\345\005U\221DzJ0\001\301\025%1L\307\t\261\262z\374\222T\301\274V\236\223\262\270Ct\362\337b\356\024*\324\320\351\317\002k\336\234\027v\351\217\260\303\360\233ZPZWr\246$w\313\313\r\243r\232\2234\373\3539:N\004Q\245\272D\312D\300\300\t\323\0257\345e\271\na\215{\226\255x%T\257\037\333\004\344_/R\006E\344\037@\210\363\010\336T\226\247'\204_{\261\370""1\235\2445\343\033Y!\212\201\341\272\225'\007\224=\324k\370\211'M\301\275v\006\027G\006\336\317LA\361o\271RH\217\244sS\277$\211\205\013\003""; }; requestCookie: 3; ","ledgerHash: ""7p\334\264\237\177~\330]\252+:\317u\302h\n\351\n\364\231\277R\371\356\033y\265v\360Ny""; ledgerSeq: 31; type: liBASE; nodes {;   nodedata: ""\000\000\000\037\001cEx]\211\377\330>\034\236l\273\005G\316F\217}[\036\007\270:\260\335\271B\241N\345\330\204\327f\361\272Kb\037\000\000\000\000\000\000\000\000\000\000\000\000\000\000\000\000\000\000\000\000\000\000\000\000\000\000\000\000\000\000\000\000b\246\307\345\234\341(YO\353\362I\231\216\254;Pq\372\265m\331\237\332\247\270\002\212\234\354\227\306/\351\253\017/\351\253\020\n\000""; }; nodes {;   nodedata: ""\323C\344\327\264{\312-\017:\006{\177\344N\002\326bO\260\220\006\033\362\345\005U\221DzJ0\001\301\025%1L\307\t\261\262z\374\222T\301\274V\236\223\262\270Ct\362\337b\356\024*\324\320\351\317\002k\336\234\027v\351\217\260\303\360\233ZPZWr\246$w\313\313\r\243r\232\2234\373\3539:N\004Q\245\272D\312D\300\300\t\323\0257\345e\271\na\215{\226\255x%T\257\037\333\004\344_/R\006E\344\037@\210\363\010\336T\226\247'\204_{\261\370""1\235\2445\343\033Y!\212\201\341\272\225'\007\224=\324k\370\211'M\301\275v\006\027G\006\336\317LA\361o\271RH\217\244sS\277$\211\205\013\003""; }; requestCookie: 3; "
1750527633492,1750527633492,0,1,4,3,TMGetLedger,"itype: liBASE; ledgerHash: ""7p\334\264\237\177~\330]\252+:\317u\302h\n\351\n\364\231\277R\371\356\033y\265v\360Ny""; ledgerSeq: 31; requestCookie: 3; queryType: qtINDIRECT; ","itype: liBASE; ledgerHash: ""7p\334\264\237\177~\330]\252+:\317u\302h\n\351\n\364\231\277R\371\356\033y\265v\360Ny""; ledgerSeq: 31; requestCookie: 3; queryType: qtINDIRECT; "
1750527633492,1750527633492,0,1,4,3,TMGetLedger,"itype: liAS_NODE; ledgerHash: ""7p\334\264\237\177~\330]\252+:\317u\302h\n\351\n\364\231\277R\371\356\033y\265v\360Ny""; ledgerSeq: 31; nodeIDs: ""\260\000\000\000\000\000\000\000\000\000\000\000\000\000\000\000\000\000\000\000\000\000\000\000\000\000\000\000\000\000\000\000\001""; queryType: qtINDIRECT; queryDepth: 1; ","itype: liAS_NODE; ledgerHash: ""7p\334\264\237\177~\330]\252+:\317u\302h\n\351\n\364\231\277R\371\356\033y\265v\360Ny""; ledgerSeq: 31; nodeIDs: ""\260\000\000\000\000\000\000\000\000\000\000\000\000\000\000\000\000\000\000\000\000\000\000\000\000\000\000\000\000\000\000\000\001""; queryType: qtINDIRECT; queryDepth: 1; "
1750527633493,1750527633493,0,1,3,1,TMLedgerData,"ledgerHash: ""7p\334\264\237\177~\330]\252+:\317u\302h\n\351\n\364\231\277R\371\356\033y\265v\360Ny""; ledgerSeq: 31; type: liBASE; nodes {;   nodedata: ""\000\000\000\037\001cEx]\211\377\330>\034\236l\273\005G\316F\217}[\036\007\270:\260\335\271B\241N\345\330\204\327f\361\272Kb\037\000\000\000\000\000\000\000\000\000\000\000\000\000\000\000\000\000\000\000\000\000\000\000\000\000\000\000\000\000\000\000\000b\246\307\345\234\341(YO\353\362I\231\216\254;Pq\372\265m\331\237\332\247\270\002\212\234\354\227\306/\351\253\017/\351\253\020\n\000""; }; nodes {;   nodedata: ""\323C\344\327\264{\312-\017:\006{\177\344N\002\326bO\260\220\006\033\362\345\005U\221DzJ0\001\301\025%1L\307\t\261\262z\374\222T\301\274V\236\223\262\270Ct\362\337b\356\024*\324\320\351\317\002k\336\234\027v\351\217\260\303\360\233ZPZWr\246$w\313\313\r\243r\232\2234\373\3539:N\004Q\245\272D\312D\300\300\t\323\0257\345e\271\na\215{\226\255x%T\257\037\333\004\344_/R\006E\344\037@\210\363\010\336T\226\247'\204_{\261\370""1\235\2445\343\033Y!\212\201\341\272\225'\007\224=\324k\370\211'M\301\275v\006\027G\006\336\317LA\361o\271RH\217\244sS\277$\211\205\013\003""; }; requestCookie: 5; ","ledgerHash: ""7p\334\264\237\177~\330]\252+:\317u\302h\n\351\n\364\231\277R\371\356\033y\265v\360Ny""; ledgerSeq: 31; type: liBASE; nodes {;   nodedata: ""\000\000\000\037\001cEx]\211\377\330>\034\236l\273\005G\316F\217}[\036\007\270:\260\335\271B\241N\345\330\204\327f\361\272Kb\037\000\000\000\000\000\000\000\000\000\000\000\000\000\000\000\000\000\000\000\000\000\000\000\000\000\000\000\000\000\000\000\000b\246\307\345\234\341(YO\353\362I\231\216\254;Pq\372\265m\331\237\332\247\270\002\212\234\354\227\306/\351\253\017/\351\253\020\n\000""; }; nodes {;   nodedata: ""\323C\344\327\264{\312-\017:\006{\177\344N\002\326bO\260\220\006\033\362\345\005U\221DzJ0\001\301\025%1L\307\t\261\262z\374\222T\301\274V\236\223\262\270Ct\362\337b\356\024*\324\320\351\317\002k\336\234\027v\351\217\260\303\360\233ZPZWr\246$w\313\313\r\243r\232\2234\373\3539:N\004Q\245\272D\312D\300\300\t\323\0257\345e\271\na\215{\226\255x%T\257\037\333\004\344_/R\006E\344\037@\210\363\010\336T\226\247'\204_{\261\370""1\235\2445\343\033Y!\212\201\341\272\225'\007\224=\324k\370\211'M\301\275v\006\027G\006\336\317LA\361o\271RH\217\244sS\277$\211\205\013\003""; }; requestCookie: 5; "
1750527633494,1750527633494,0,1,0,3,TMGetLedger,"itype: liBASE; ledgerHash: ""7p\334\264\237\177~\330]\252+:\317u\302h\n\351\n\364\231\277R\371\356\033y\265v\360Ny""; requestCookie: 5; queryType: qtINDIRECT; ","itype: liBASE; ledgerHash: ""7p\334\264\237\177~\330]\252+:\317u\302h\n\351\n\364\231\277R\371\356\033y\265v\360Ny""; requestCookie: 5; queryType: qtINDIRECT; "
1750527633494,1750527633494,0,1,0,3,TMGetLedger,"itype: liBASE; ledgerHash: ""7p\334\264\237\177~\330]\252+:\317u\302h\n\351\n\364\231\277R\371\356\033y\265v\360Ny""; ledgerSeq: 31; requestCookie: 2; queryType: qtINDIRECT; ","itype: liBASE; ledgerHash: ""7p\334\264\237\177~\330]\252+:\317u\302h\n\351\n\364\231\277R\371\356\033y\265v\360Ny""; ledgerSeq: 31; requestCookie: 2; queryType: qtINDIRECT; "
1750527633495,1750527633496,0,1,0,3,TMGetLedger,"itype: liBASE; ledgerHash: ""7p\334\264\237\177~\330]\252+:\317u\302h\n\351\n\364\231\277R\371\356\033y\265v\360Ny""; ledgerSeq: 31; requestCookie: 3; queryType: qtINDIRECT; ","itype: liBASE; ledgerHash: ""7p\334\264\237\177~\330]\252+:\317u\302h\n\351\n\364\231\277R\371\356\033y\265v\360Ny""; ledgerSeq: 31; requestCookie: 3; queryType: qtINDIRECT; "
1750527633496,1750527633496,0,1,0,3,TMGetLedger,"itype: liAS_NODE; ledgerHash: ""7p\334\264\237\177~\330]\252+:\317u\302h\n\351\n\364\231\277R\371\356\033y\265v\360Ny""; ledgerSeq: 31; nodeIDs: ""\260\000\000\000\000\000\000\000\000\000\000\000\000\000\000\000\000\000\000\000\000\000\000\000\000\000\000\000\000\000\000\000\001""; queryType: qtINDIRECT; queryDepth: 1; ","itype: liAS_NODE; ledgerHash: ""7p\334\264\237\177~\330]\252+:\317u\302h\n\351\n\364\231\277R\371\356\033y\265v\360Ny""; ledgerSeq: 31; nodeIDs: ""\260\000\000\000\000\000\000\000\000\000\000\000\000\000\000\000\000\000\000\000\000\000\000\000\000\000\000\000\000\000\000\000\001""; queryType: qtINDIRECT; queryDepth: 1; "
1750527633496,1750527633496,0,1,3,1,TMLedgerData,"ledgerHash: ""7p\334\264\237\177~\330]\252+:\317u\302h\n\351\n\364\231\277R\371\356\033y\265v\360Ny""; ledgerSeq: 31; type: liBASE; nodes {;   nodedata: ""\000\000\000\037\001cEx]\211\377\330>\034\236l\273\005G\316F\217}[\036\007\270:\260\335\271B\241N\345\330\204\327f\361\272Kb\037\000\000\000\000\000\000\000\000\000\000\000\000\000\000\000\000\000\000\000\000\000\000\000\000\000\000\000\000\000\000\000\000b\246\307\345\234\341(YO\353\362I\231\216\254;Pq\372\265m\331\237\332\247\270\002\212\234\354\227\306/\351\253\017/\351\253\020\n\000""; }; nodes {;   nodedata: ""\323C\344\327\264{\312-\017:\006{\177\344N\002\326bO\260\220\006\033\362\345\005U\221DzJ0\001\301\025%1L\307\t\261\262z\374\222T\301\274V\236\223\262\270Ct\362\337b\356\024*\324\320\351\317\002k\336\234\027v\351\217\260\303\360\233ZPZWr\246$w\313\313\r\243r\232\2234\373\3539:N\004Q\245\272D\312D\300\300\t\323\0257\345e\271\na\215{\226\255x%T\257\037\333\004\344_/R\006E\344\037@\210\363\010\336T\226\247'\204_{\261\370""1\235\2445\343\033Y!\212\201\341\272\225'\007\224=\324k\370\211'M\301\275v\006\027G\006\336\317LA\361o\271RH\217\244sS\277$\211\205\013\003""; }; requestCookie: 2; ","ledgerHash: ""7p\334\264\237\177~\330]\252+:\317u\302h\n\351\n\364\231\277R\371\356\033y\265v\360Ny""; ledgerSeq: 31; type: liBASE; nodes {;   nodedata: ""\000\000\000\037\001cEx]\211\377\330>\034\236l\273\005G\316F\217}[\036\007\270:\260\335\271B\241N\345\330\204\327f\361\272Kb\037\000\000\000\000\000\000\000\000\000\000\000\000\000\000\000\000\000\000\000\000\000\000\000\000\000\000\000\000\000\000\000\000b\246\307\345\234\341(YO\353\362I\231\216\254;Pq\372\265m\331\237\332\247\270\002\212\234\354\227\306/\351\253\017/\351\253\020\n\000""; }; nodes {;   nodedata: ""\323C\344\327\264{\312-\017:\006{\177\344N\002\326bO\260\220\006\033\362\345\005U\221DzJ0\001\301\025%1L\307\t\261\262z\374\222T\301\274V\236\223\262\270Ct\362\337b\356\024*\324\320\351\317\002k\336\234\027v\351\217\260\303\360\233ZPZWr\246$w\313\313\r\243r\232\2234\373\3539:N\004Q\245\272D\312D\300\300\t\323\0257\345e\271\na\215{\226\255x%T\257\037\333\004\344_/R\006E\344\037@\210\363\010\336T\226\247'\204_{\261\370""1\235\2445\343\033Y!\212\201\341\272\225'\007\224=\324k\370\211'M\301\275v\006\027G\006\336\317LA\361o\271RH\217\244sS\277$\211\205\013\003""; }; requestCookie: 2; "
1750527633497,1750527633497,0,1,1,2,TMLedgerData,"ledgerHash: ""7p\334\264\237\177~\330]\252+:\317u\302h\n\351\n\364\231\277R\371\356\033y\265v\360Ny""; ledgerSeq: 31; type: liBASE; nodes {;   nodedata: ""\000\000\000\037\001cEx]\211\377\330>\034\236l\273\005G\316F\217}[\036\007\270:\260\335\271B\241N\345\330\204\327f\361\272Kb\037\000\000\000\000\000\000\000\000\000\000\000\000\000\000\000\000\000\000\000\000\000\000\000\000\000\000\000\000\000\000\000\000b\246\307\345\234\341(YO\353\362I\231\216\254;Pq\372\265m\331\237\332\247\270\002\212\234\354\227\306/\351\253\017/\351\253\020\n\000""; }; nodes {;   nodedata: ""\323C\344\327\264{\312-\017:\006{\177\344N\002\326bO\260\220\006\033\362\345\005U\221DzJ0\001\301\025%1L\307\t\261\262z\374\222T\301\274V\236\223\262\270Ct\362\337b\356\024*\324\320\351\317\002k\336\234\027v\351\217\260\303\360\233ZPZWr\246$w\313\313\r\243r\232\2234\373\3539:N\004Q\245\272D\312D\300\300\t\323\0257\345e\271\na\215{\226\255x%T\257\037\333\004\344_/R\006E\344\037@\210\363\010\336T\226\247'\204_{\261\370""1\235\2445\343\033Y!\212\201\341\272\225'\007\224=\324k\370\211'M\301\275v\006\027G\006\336\317LA\361o\271RH\217\244sS\277$\211\205\013\003""; }; ","ledgerHash: ""7p\334\264\237\177~\330]\252+:\317u\302h\n\351\n\364\231\277R\371\356\033y\265v\360Ny""; ledgerSeq: 31; type: liBASE; nodes {;   nodedata: ""\000\000\000\037\001cEx]\211\377\330>\034\236l\273\005G\316F\217}[\036\007\270:\260\335\271B\241N\345\330\204\327f\361\272Kb\037\000\000\000\000\000\000\000\000\000\000\000\000\000\000\000\000\000\000\000\000\000\000\000\000\000\000\000\000\000\000\000\000b\246\307\345\234\341(YO\353\362I\231\216\254;Pq\372\265m\331\237\332\247\270\002\212\234\354\227\306/\351\253\017/\351\253\020\n\000""; }; nodes {;   nodedata: ""\323C\344\327\264{\312-\017:\006{\177\344N\002\326bO\260\220\006\033\362\345\005U\221DzJ0\001\301\025%1L\307\t\261\262z\374\222T\301\274V\236\223\262\270Ct\362\337b\356\024*\324\320\351\317\002k\336\234\027v\351\217\260\303\360\233ZPZWr\246$w\313\313\r\243r\232\2234\373\3539:N\004Q\245\272D\312D\300\300\t\323\0257\345e\271\na\215{\226\255x%T\257\037\333\004\344_/R\006E\344\037@\210\363\010\336T\226\247'\204_{\261\370""1\235\2445\343\033Y!\212\201\341\272\225'\007\224=\324k\370\211'M\301\275v\006\027G\006\336\317LA\361o\271RH\217\244sS\277$\211\205\013\003""; }; "
1750527633497,1750527633498,0,1,3,2,TMLedgerData,"ledgerHash: ""7p\334\264\237\177~\330]\252+:\317u\302h\n\351\n\364\231\277R\371\356\033y\265v\360Ny""; ledgerSeq: 31; type: liBASE; nodes {;   nodedata: ""\000\000\000\037\001cEx]\211\377\330>\034\236l\273\005G\316F\217}[\036\007\270:\260\335\271B\241N\345\330\204\327f\361\272Kb\037\000\000\000\000\000\000\000\000\000\000\000\000\000\000\000\000\000\000\000\000\000\000\000\000\000\000\000\000\000\000\000\000b\246\307\345\234\341(YO\353\362I\231\216\254;Pq\372\265m\331\237\332\247\270\002\212\234\354\227\306/\351\253\017/\351\253\020\n\000""; }; nodes {;   nodedata: ""\323C\344\327\264{\312-\017:\006{\177\344N\002\326bO\260\220\006\033\362\345\005U\221DzJ0\001\301\025%1L\307\t\261\262z\374\222T\301\274V\236\223\262\270Ct\362\337b\356\024*\324\320\351\317\002k\336\234\027v\351\217\260\303\360\233ZPZWr\246$w\313\313\r\243r\232\2234\373\3539:N\004Q\245\272D\312D\300\300\t\323\0257\345e\271\na\215{\226\255x%T\257\037\333\004\344_/R\006E\344\037@\210\363\010\336T\226\247'\204_{\261\370""1\235\2445\343\033Y!\212\201\341\272\225'\007\224=\324k\370\211'M\301\275v\006\027G\006\336\317LA\361o\271RH\217\244sS\277$\211\205\013\003""; }; requestCookie: 5; ","ledgerHash: ""7p\334\264\237\177~\330]\252+:\317u\302h\n\351\n\364\231\277R\371\356\033y\265v\360Ny""; ledgerSeq: 31; type: liBASE; nodes {;   nodedata: ""\000\000\000\037\001cEx]\211\377\330>\034\236l\273\005G\316F\217}[\036\007\270:\260\335\271B\241N\345\330\204\327f\361\272Kb\037\000\000\000\000\000\000\000\000\000\000\000\000\000\000\000\000\000\000\000\000\000\000\000\000\000\000\000\000\000\000\000\000b\246\307\345\234\341(YO\353\362I\231\216\254;Pq\372\265m\331\237\332\247\270\002\212\234\354\227\306/\351\253\017/\351\253\020\n\000""; }; nodes {;   nodedata: ""\323C\344\327\264{\312-\017:\006{\177\344N\002\326bO\260\220\006\033\362\345\005U\221DzJ0\001\301\025%1L\307\t\261\262z\374\222T\301\274V\236\223\262\270Ct\362\337b\356\024*\324\320\351\317\002k\336\234\027v\351\217\260\303\360\233ZPZWr\246$w\313\313\r\243r\232\2234\373\3539:N\004Q\245\272D\312D\300\300\t\323\0257\345e\271\na\215{\226\255x%T\257\037\333\004\344_/R\006E\344\037@\210\363\010\336T\226\247'\204_{\261\370""1\235\2445\343\033Y!\212\201\341\272\225'\007\224=\324k\370\211'M\301\275v\006\027G\006\336\317LA\361o\271RH\217\244sS\277$\211\205\013\003""; }; requestCookie: 5; "
1750527633498,1750527633499,0,1,3,2,TMLedgerData,"ledgerHash: ""7p\334\264\237\177~\330]\252+:\317u\302h\n\351\n\364\231\277R\371\356\033y\265v\360Ny""; ledgerSeq: 31; type: liBASE; nodes {;   nodedata: ""\000\000\000\037\001cEx]\211\377\330>\034\236l\273\005G\316F\217}[\036\007\270:\260\335\271B\241N\345\330\204\327f\361\272Kb\037\000\000\000\000\000\000\000\000\000\000\000\000\000\000\000\000\000\000\000\000\000\000\000\000\000\000\000\000\000\000\000\000b\246\307\345\234\341(YO\353\362I\231\216\254;Pq\372\265m\331\237\332\247\270\002\212\234\354\227\306/\351\253\017/\351\253\020\n\000""; }; nodes {;   nodedata: ""\323C\344\327\264{\312-\017:\006{\177\344N\002\326bO\260\220\006\033\362\345\005U\221DzJ0\001\301\025%1L\307\t\261\262z\374\222T\301\274V\236\223\262\270Ct\362\337b\356\024*\324\320\351\317\002k\336\234\027v\351\217\260\303\360\233ZPZWr\246$w\313\313\r\243r\232\2234\373\3539:N\004Q\245\272D\312D\300\300\t\323\0257\345e\271\na\215{\226\255x%T\257\037\333\004\344_/R\006E\344\037@\210\363\010\336T\226\247'\204_{\261\370""1\235\2445\343\033Y!\212\201\341\272\225'\007\224=\324k\370\211'M\301\275v\006\027G\006\336\317LA\361o\271RH\217\244sS\277$\211\205\013\003""; }; requestCookie: 2; ","ledgerHash: ""7p\334\264\237\177~\330]\252+:\317u\302h\n\351\n\364\231\277R\371\356\033y\265v\360Ny""; ledgerSeq: 31; type: liBASE; nodes {;   nodedata: ""\000\000\000\037\001cEx]\211\377\330>\034\236l\273\005G\316F\217}[\036\007\270:\260\335\271B\241N\345\330\204\327f\361\272Kb\037\000\000\000\000\000\000\000\000\000\000\000\000\000\000\000\000\000\000\000\000\000\000\000\000\000\000\000\000\000\000\000\000b\246\307\345\234\341(YO\353\362I\231\216\254;Pq\372\265m\331\237\332\247\270\002\212\234\354\227\306/\351\253\017/\351\253\020\n\000""; }; nodes {;   nodedata: ""\323C\344\327\264{\312-\017:\006{\177\344N\002\326bO\260\220\006\033\362\345\005U\221DzJ0\001\301\025%1L\307\t\261\262z\374\222T\301\274V\236\223\262\270Ct\362\337b\356\024*\324\320\351\317\002k\336\234\027v\351\217\260\303\360\233ZPZWr\246$w\313\313\r\243r\232\2234\373\3539:N\004Q\245\272D\312D\300\300\t\323\0257\345e\271\na\215{\226\255x%T\257\037\333\004\344_/R\006E\344\037@\210\363\010\336T\226\247'\204_{\261\370""1\235\2445\343\033Y!\212\201\341\272\225'\007\224=\324k\370\211'M\301\275v\006\027G\006\336\317LA\361o\271RH\217\244sS\277$\211\205\013\003""; }; requestCookie: 2; "
1750527633499,1750527633499,0,1,3,2,TMLedgerData,"ledgerHash: ""7p\334\264\237\177~\330]\252+:\317u\302h\n\351\n\364\231\277R\371\356\033y\265v\360Ny""; ledgerSeq: 31; type: liAS_NODE; nodes {;   nodedata: ""\021\000h""\000\000\000\000 \033\000\000\000\036\002\023\304\037\330\356GuH\375\327!\255\371\r\231\262R\256J\034\222\241\355X\265E\241^W\225\304\014\361CX-}\351f\032\255\274\334m\326c\017\014ao[\342\230\003\245\245\3341Hm\326^\017jy\335\261\032Yt\320\244{g\0306\\302\303*\341\215\223\257\364\277o\375\000r\241SOq\221\253\262\005\017\375T\356\014\360o'\030\311-\267\031\257!\031T\006><\315XM\334\324\345\034\000\325\367\240\271\013\265\024\321\362\354\211\250.\234s\225amc\305\035\366\276\037nD\277`\210\223N\3535\033\261\304f\331]\036\237\306o!\223\221\002\324\031\262\240R\177 ,\214\325\Q])\016\2067\277\t\354\010\000\360\215\2502\265\245\310\226\243c\302Ze\306\253#r\020\211\320iG\276\020E\317\035Sf\223F\254\033@\177e\277\016\010u\327\371&\262\312\317Q\2361t\377x\234\001v\003%\030\325_\225g\204\346a=\225\273\331\354\365*U\363\263N\367b\371\244\314-w\363\262\225Z\200\206\235\233\257?sE\2674\254\326mU\377?\177Ek\336\030!\316Aa\225\303\022\377{\210Y\226\271as\354L\035\004\341\361\035\301\024\220m#*\372\032\3178~\374\250\014*\323\342'z69\220\327\256\351G\367\317u\302\207\270b\315\333\333\334\310I\323&\014\352XZnW2.\335\347\202\021\247\362\212e\034\000\001\250\220\305;a\314\265R\310\017\317\331\235\360\262\240:\277\202\266\354\265X""\022\nh\252\352w\204\203\023]\001f\352\277\0031Q]\362\370R\350{\261\202\240\344\215\201\353\276\322p5p\350\354\017>\250r\241c\273\016\301\024\363\242\247\263\231\370\344\nBW\220K\316@3\243\200\036wk\253GSlU\010\360\231>\331\263H\214\324\030A\225\301o\346pkSF\004\241\213w9\223=\250\262*+\255\351r\265\244c\024\213\t\007`\223\325#\3477\210\345P\306\013\320\252[\0216+\227=`\371P\314\346 V7\271[~\n\237\274|\347\352@K\253~&\260\032\024\004B\200\255h\351\013\361\031:nG\211\005|\2003\266\274\251,W\006u\344\335d\003\306\212\313,\340\350bG\n\030Z\2732-\246\312\255\030\003\235207\005}D\260\0261ah\322M\304\216\273m0\271\234\237\007<w$\265C\245\232\033\023\313c\321B\032l\301h\005\320\252\301\361(\330[\343\357\343{\235\n\266g\272>\177\317\347\261qb&\270&\346ju\200\363N\320\307\004\034\001n\317\361\2653\254\2503\247\305\372\316W\022O\253x\250\025\373\247\354Tc\304\263\243^\352Gv\\264\261\r\035\226\306\2411\351\233\203\215\200$\231\300f\220\371c@\017\254\363\\371\340\340VaR\205~^\226\342t\360\022\204d\231\205)\272\364?\361!\334\331\315\254\230\rBG\314\023\246\244=\351\177\254\302b&\276+H;0\312\021&\275\036\237\350R\313\206R\331\304k\323u\263t\221\213yC\241\217A\242\027g\322\241'\212.E?B_\316\327\217J +\370\t^b\005\020\003\211\373\247|hC\271Nmk~J\270EU\274\036-\347\240\312FA\321\341bca\253\025\321\311\317\021\375\317\217\n\272\033o\353G>\275\361H\265\240\232um""\317\324`\214\221\314\000\211K\223+(""\200i \311\372g\254\343ZR0\224\275q\252\357\213\263\206N\357&Q\217\267\303\356I\236\357\264\311b\037\366\035\253\343\311\265\240\327q\206f\262ODi\215-\363>\034\236l\273\005G\316F\217}[\036\007\270:\260\335\271B\241N\345\330\204\327f\361\272Kb\037\264\227\2326\315\307\363\323\325\303\032N\256*\307\327 \235\332\207u\210\271\257\306g\231i*\260\326k\001"";   nodeid: ""\260\000\000\000\000\000\000\000\000\000\000\000\000\000\000\000\000\000\000\000\000\000\000\000\000\000\000\000\000\000\000\000\001""; }; ","ledgerHash: ""7p\334\264\237\177~\330]\252+:\317u\302h\n\351\n\364\231\277R\371\356\033y\265v\360Ny""; ledgerSeq: 31; type: liAS_NODE; nodes {;   nodedata: ""\021\000h""\000\000\000\000 \033\000\000\000\036\002\023\304\037\330\356GuH\375\327!\255\371\r\231\262R\256J\034\222\241\355X\265E\241^W\225\304\014\361CX-}\351f\032\255\274\334m\326c\017\014ao[\342\230\003\245\245\3341Hm\326^\017jy\335\261\032Yt\320\244{g\0306\\302\303*\341\215\223\257\364\277o\375\000r\241SOq\221\253\262\005\017\375T\356\014\360o'\030\311-\267\031\257!\031T\006><\315XM\334\324\345\034\000\325\367\240\271\013\265\024\321\362\354\211\250.\234s\225amc\305\035\366\276\037nD\277`\210\223N\3535\033\261\304f\331]\036\237\306o!\223\221\002\324\031\262\240R\177 ,\214\325\Q])\016\2067\277\t\354\010\000\360\215\2502\265\245\310\226\243c\302Ze\306\253#r\020\211\320iG\276\020E\317\035Sf\223F\254\033@\177e\277\016\010u\327\371&\262\312\317Q\2361t\377x\234\001v\003%\030\325_\225g\204\346a=\225\273\331\354\365*U\363\263N\367b\371\244\314-w\363\262\225Z\200\206\235\233\257?sE\2674\254\326mU\377?\177Ek\336\030!\316Aa\225\303\022\377{\210Y\226\271as\354L\035\004\341\361\035\301\024\220m#*\372\032\3178~\374\250\014*\323\342'z69\220\327\256\351G\367\317u\302\207\270b\315\333\333\334\310I\323&\014\352XZnW2.\335\347\202\021\247\362\212e\034\000\001\250\220\305;a\314\265R\310\017\317\331\235\360\262\240:\277\202\266\354\265X""\022\nh\252\352w\204\203\023]\001f\352\277\0031Q]\362\370R\350{\261\202\240\344\215\201\353\276\322p5p\350\354\017>\250r\241c\273\016\301\024\363\242\247\263\231\370\344\nBW\220K\316@3\243\200\036wk\253GSlU\010\360\231>\331\263H\214\324\030A\225\301o\346pkSF\004\241\213w9\223=\250\262*+\255\351r\265\244c\024\213\t\007`\223\325#\3477\210\345P\306\013\320\252[\0216+\227=`\371P\314\346 V7\271[~\n\237\274|\347\352@K\253~&\260\032\024\004B\200\255h\351\013\361\031:nG\211\005|\2003\266\274\251,W\006u\344\335d\003\306\212\313,\340\350bG\n\030Z\2732-\246\312\255\030\003\235207\005}D\260\0261ah\322M\304\216\273m0\271\234\237\007<w$\265C\245\232\033\023\313c\321B\032l\301h\005\320\252\301\361(\330[\343\357\343{\235\n\266g\272>\177\317\347\261qb&\270&\346ju\200\363N\320\307\004\034\001n\317\361\2653\254\2503\247\305\372\316W\022O\253x\250\025\373\247\354Tc\304\263\243^\352Gv\\264\261\r\035\226\306\2411\351\233\203\215\200$\231\300f\220\371c@\017\254\363\\371\340\340VaR\205~^\226\342t\360\022\204d\231\205)\272\364?\361!\334\331\315\254\230\rBG\314\023\246\244=\351\177\254\302b&\276+H;0\312\021&\275\036\237\350R\313\206R\331\304k\323u\263t\221\213yC\241\217A\242\027g\322\241'\212.E?B_\316\327\217J +\370\t^b\005\020\003\211\373\247|hC\271Nmk~J\270EU\274\036-\347\240\312FA\321\341bca\253\025\321\311\317\021\375\317\217\n\272\033o\353G>\275\361H\265\240\232um""\317\324`\214\221\314\000\211K\223+(""\200i \311\372g\254\343ZR0\224\275q\252\357\213\263\206N\357&Q\217\267\303\356I\236\357\264\311b\037\366\035\253\343\311\265\240\327q\206f\262ODi\215-\363>\034\236l\273\005G\316F\217}[\036\007\270:\260\335\271B\241N\345\330\204\327f\361\272Kb\037\264\227\2326\315\307\363\323\325\303\032N\256*\307\327 \235\332\207u\210\271\257\306g\231i*\260\326k\001"";   nodeid: ""\260\000\000\000\000\000\000\000\000\000\000\000\000\000\000\000\000\000\000\000\000\000\000\000\000\000\000\000\000\000\000\000\001""; }; "
1750527633500,1750527633501,0,1,3,1,TMLedgerData,"ledgerHash: ""7p\334\264\237\177~\330]\252+:\317u\302h\n\351\n\364\231\277R\371\356\033y\265v\360Ny""; ledgerSeq: 31; type: liAS_NODE; nodes {;   nodedata: ""\021\000h""\000\000\000\000 \033\000\000\000\036\002\023\304\037\330\356GuH\375\327!\255\371\r\231\262R\256J\034\222\241\355X\265E\241^W\225\304\014\361CX-}\351f\032\255\274\334m\326c\017\014ao[\342\230\003\245\245\3341Hm\326^\017jy\335\261\032Yt\320\244{g\0306\\302\303*\341\215\223\257\364\277o\375\000r\241SOq\221\253\262\005\017\375T\356\014\360o'\030\311-\267\031\257!\031T\006><\315XM\334\324\345\034\000\325\367\240\271\013\265\024\321\362\354\211\250.\234s\225amc\305\035\366\276\037nD\277`\210\223N\3535\033\261\304f\331]\036\237\306o!\223\221\002\324\031\262\240R\177 ,\214\325\Q])\016\2067\277\t\354\010\000\360\215\2502\265\245\310\226\243c\302Ze\306\253#r\020\211\320iG\276\020E\317\035Sf\223F\254\033@\177e\277\016\010u\327\371&\262\312\317Q\2361t\377x\234\001v\003%\030\325_\225g\204\346a=\225\273\331\354\365*U\363\263N\367b\371\244\314-w\363\262\225Z\200\206\235\233\257?sE\2674\254\326mU\377?\177Ek\336\030!\316Aa\225\303\022\377{\210Y\226\271as\354L\035\004\341\361\035\301\024\220m#*\372\032\3178~\374\250\014*\323\342'z69\220\327\256\351G\367\317u\302\207\270b\315\333\333\334\310I\323&\014\352XZnW2.\335\347\202\021\247\362\212e\034\000\001\250\220\305;a\314\265R\310\017\317\331\235\360\262\240:\277\202\266\354\265X""\022\nh\252\352w\204\203\023]\001f\352\277\0031Q]\362\370R\350{\261\202\240\344\215\201\353\276\322p5p\350\354\017>\250r\241c\273\016\301\024\363\242\247\263\231\370\344\nBW\220K\316@3\243\200\036wk\253GSlU\010\360\231>\331\263H\214\324\030A\225\301o\346pkSF\004\241\213w9\223=\250\262*+\255\351r\265\244c\024\213\t\007`\223\325#\3477\210\345P\306\013\320\252[\0216+\227=`\371P\314\346 V7\271[~\n\237\274|\347\352@K\253~&\260\032\024\004B\200\255h\351\013\361\031:nG\211\005|\2003\266\274\251,W\006u\344\335d\003\306\212\313,\340\350bG\n\030Z\2732-\246\312\255\030\003\235207\005}D\260\0261ah\322M\304\216\273m0\271\234\237\007<w$\265C\245\232\033\023\313c\321B\032l\301h\005\320\252\301\361(\330[\343\357\343{\235\n\266g\272>\177\317\347\261qb&\270&\346ju\200\363N\320\307\004\034\001n\317\361\2653\254\2503\247\305\372\316W\022O\253x\250\025\373\247\354Tc\304\263\243^\352Gv\\264\261\r\035\226\306\2411\351\233\203\215\200$\231\300f\220\371c@\017\254\363\\371\340\340VaR\205~^\226\342t\360\022\204d\231\205)\272\364?\361!\334\331\315\254\230\rBG\314\023\246\244=\351\177\254\302b&\276+H;0\312\021&\275\036\237\350R\313\206R\331\304k\323u\263t\221\213yC\241\217A\242\027g\322\241'\212.E?B_\316\327\217J +\370\t^b\005\020\003\211\373\247|hC\271Nmk~J\270EU\274\036-\347\240\312FA\321\341bca\253\025\321\311\317\021\375\317\217\n\272\033o\353G>\275\361H\265\240\232um""\317\324`\214\221\314\000\211K\223+(""\200i \311\372g\254\343ZR0\224\275q\252\357\213\263\206N\357&Q\217\267\303\356I\236\357\264\311b\037\366\035\253\343\311\265\240\327q\206f\262ODi\215-\363>\034\236l\273\005G\316F\217}[\036\007\270:\260\335\271B\241N\345\330\204\327f\361\272Kb\037\264\227\2326\315\307\363\323\325\303\032N\256*\307\327 \235\332\207u\210\271\257\306g\231i*\260\326k\001"";   nodeid: ""\260\000\000\000\000\000\000\000\000\000\000\000\000\000\000\000\000\000\000\000\000\000\000\000\000\000\000\000\000\000\000\000\001""; }; ","ledgerHash: ""7p\334\264\237\177~\330]\252+:\317u\302h\n\351\n\364\231\277R\371\356\033y\265v\360Ny""; ledgerSeq: 31; type: liAS_NODE; nodes {;   nodedata: ""\021\000h""\000\000\000\000 \033\000\000\000\036\002\023\304\037\330\356GuH\375\327!\255\371\r\231\262R\256J\034\222\241\355X\265E\241^W\225\304\014\361CX-}\351f\032\255\274\334m\326c\017\014ao[\342\230\003\245\245\3341Hm\326^\017jy\335\261\032Yt\320\244{g\0306\\302\303*\341\215\223\257\364\277o\375\000r\241SOq\221\253\262\005\017\375T\356\014\360o'\030\311-\267\031\257!\031T\006><\315XM\334\324\345\034\000\325\367\240\271\013\265\024\321\362\354\211\250.\234s\225amc\305\035\366\276\037nD\277`\210\223N\3535\033\261\304f\331]\036\237\306o!\223\221\002\324\031\262\240R\177 ,\214\325\Q])\016\2067\277\t\354\010\000\360\215\2502\265\245\310\226\243c\302Ze\306\253#r\020\211\320iG\276\020E\317\035Sf\223F\254\033@\177e\277\016\010u\327\371&\262\312\317Q\2361t\377x\234\001v\003%\030\325_\225g\204\346a=\225\273\331\354\365*U\363\263N\367b\371\244\314-w\363\262\225Z\200\206\235\233\257?sE\2674\254\326mU\377?\177Ek\336\030!\316Aa\225\303\022\377{\210Y\226\271as\354L\035\004\341\361\035\301\024\220m#*\372\032\3178~\374\250\014*\323\342'z69\220\327\256\351G\367\317u\302\207\270b\315\333\333\334\310I\323&\014\352XZnW2.\335\347\202\021\247\362\212e\034\000\001\250\220\305;a\314\265R\310\017\317\331\235\360\262\240:\277\202\266\354\265X""\022\nh\252\352w\204\203\023]\001f\352\277\0031Q]\362\370R\350{\261\202\240\344\215\201\353\276\322p5p\350\354\017>\250r\241c\273\016\301\024\363\242\247\263\231\370\344\nBW\220K\316@3\243\200\036wk\253GSlU\010\360\231>\331\263H\214\324\030A\225\301o\346pkSF\004\241\213w9\223=\250\262*+\255\351r\265\244c\024\213\t\007`\223\325#\3477\210\345P\306\013\320\252[\0216+\227=`\371P\314\346 V7\271[~\n\237\274|\347\352@K\253~&\260\032\024\004B\200\255h\351\013\361\031:nG\211\005|\2003\266\274\251,W\006u\344\335d\003\306\212\313,\340\350bG\n\030Z\2732-\246\312\255\030\003\235207\005}D\260\0261ah\322M\304\216\273m0\271\234\237\007<w$\265C\245\232\033\023\313c\321B\032l\301h\005\320\252\301\361(\330[\343\357\343{\235\n\266g\272>\177\317\347\261qb&\270&\346ju\200\363N\320\307\004\034\001n\317\361\2653\254\2503\247\305\372\316W\022O\253x\250\025\373\247\354Tc\304\263\243^\352Gv\\264\261\r\035\226\306\2411\351\233\203\215\200$\231\300f\220\371c@\017\254\363\\371\340\340VaR\205~^\226\342t\360\022\204d\231\205)\272\364?\361!\334\331\315\254\230\rBG\314\023\246\244=\351\177\254\302b&\276+H;0\312\021&\275\036\237\350R\313\206R\331\304k\323u\263t\221\213yC\241\217A\242\027g\322\241'\212.E?B_\316\327\217J +\370\t^b\005\020\003\211\373\247|hC\271Nmk~J\270EU\274\036-\347\240\312FA\321\341bca\253\025\321\311\317\021\375\317\217\n\272\033o\353G>\275\361H\265\240\232um""\317\324`\214\221\314\000\211K\223+(""\200i \311\372g\254\343ZR0\224\275q\252\357\213\263\206N\357&Q\217\267\303\356I\236\357\264\311b\037\366\035\253\343\311\265\240\327q\206f\262ODi\215-\363>\034\236l\273\005G\316F\217}[\036\007\270:\260\335\271B\241N\345\330\204\327f\361\272Kb\037\264\227\2326\315\307\363\323\325\303\032N\256*\307\327 \235\332\207u\210\271\257\306g\231i*\260\326k\001"";   nodeid: ""\260\000\000\000\000\000\000\000\000\000\000\000\000\000\000\000\000\000\000\000\000\000\000\000\000\000\000\000\000\000\000\000\001""; }; "
1750527633501,1750527633501,0,1,4,3,TMGetLedger,"itype: liBASE; ledgerHash: ""7p\334\264\237\177~\330]\252+:\317u\302h\n\351\n\364\231\277R\371\356\033y\265v\360Ny""; ledgerSeq: 31; requestCookie: 1; queryType: qtINDIRECT; ","itype: liBASE; ledgerHash: ""7p\334\264\237\177~\330]\252+:\317u\302h\n\351\n\364\231\277R\371\356\033y\265v\360Ny""; ledgerSeq: 31; requestCookie: 1; queryType: qtINDIRECT; "
1750527633502,1750527633502,0,1,4,1,TMLedgerData,"ledgerHash: ""7p\334\264\237\177~\330]\252+:\317u\302h\n\351\n\364\231\277R\371\356\033y\265v\360Ny""; ledgerSeq: 31; type: liBASE; nodes {;   nodedata: ""\000\000\000\037\001cEx]\211\377\330>\034\236l\273\005G\316F\217}[\036\007\270:\260\335\271B\241N\345\330\204\327f\361\272Kb\037\000\000\000\000\000\000\000\000\000\000\000\000\000\000\000\000\000\000\000\000\000\000\000\000\000\000\000\000\000\000\000\000b\246\307\345\234\341(YO\353\362I\231\216\254;Pq\372\265m\331\237\332\247\270\002\212\234\354\227\306/\351\253\017/\351\253\020\n\000""; }; nodes {;   nodedata: ""\323C\344\327\264{\312-\017:\006{\177\344N\002\326bO\260\220\006\033\362\345\005U\221DzJ0\001\301\025%1L\307\t\261\262z\374\222T\301\274V\236\223\262\270Ct\362\337b\356\024*\324\320\351\317\002k\336\234\027v\351\217\260\303\360\233ZPZWr\246$w\313\313\r\243r\232\2234\373\3539:N\004Q\245\272D\312D\300\300\t\323\0257\345e\271\na\215{\226\255x%T\257\037\333\004\344_/R\006E\344\037@\210\363\010\336T\226\247'\204_{\261\370""1\235\2445\343\033Y!\212\201\341\272\225'\007\224=\324k\370\211'M\301\275v\006\027G\006\336\317LA\361o\271RH\217\244sS\277$\211\205\013\003""; }; ","ledgerHash: ""7p\334\264\237\177~\330]\252+:\317u\302h\n\351\n\364\231\277R\371\356\033y\265v\360Ny""; ledgerSeq: 31; type: liBASE; nodes {;   nodedata: ""\000\000\000\037\001cEx]\211\377\330>\034\236l\273\005G\316F\217}[\036\007\270:\260\335\271B\241N\345\330\204\327f\361\272Kb\037\000\000\000\000\000\000\000\000\000\000\000\000\000\000\000\000\000\000\000\000\000\000\000\000\000\000\000\000\000\000\000\000b\246\307\345\234\341(YO\353\362I\231\216\254;Pq\372\265m\331\237\332\247\270\002\212\234\354\227\306/\351\253\017/\351\253\020\n\000""; }; nodes {;   nodedata: ""\323C\344\327\264{\312-\017:\006{\177\344N\002\326bO\260\220\006\033\362\345\005U\221DzJ0\001\301\025%1L\307\t\261\262z\374\222T\301\274V\236\223\262\270Ct\362\337b\356\024*\324\320\351\317\002k\336\234\027v\351\217\260\303\360\233ZPZWr\246$w\313\313\r\243r\232\2234\373\3539:N\004Q\245\272D\312D\300\300\t\323\0257\345e\271\na\215{\226\255x%T\257\037\333\004\344_/R\006E\344\037@\210\363\010\336T\226\247'\204_{\261\370""1\235\2445\343\033Y!\212\201\341\272\225'\007\224=\324k\370\211'M\301\275v\006\027G\006\336\317LA\361o\271RH\217\244sS\277$\211\205\013\003""; }; "
1750527633503,1750527633503,0,1,2,1,TMLedgerData,"ledgerHash: ""7p\334\264\237\177~\330]\252+:\317u\302h\n\351\n\364\231\277R\371\356\033y\265v\360Ny""; ledgerSeq: 31; type: liBASE; nodes {;   nodedata: ""\000\000\000\037\001cEx]\211\377\330>\034\236l\273\005G\316F\217}[\036\007\270:\260\335\271B\241N\345\330\204\327f\361\272Kb\037\000\000\000\000\000\000\000\000\000\000\000\000\000\000\000\000\000\000\000\000\000\000\000\000\000\000\000\000\000\000\000\000b\246\307\345\234\341(YO\353\362I\231\216\254;Pq\372\265m\331\237\332\247\270\002\212\234\354\227\306/\351\253\017/\351\253\020\n\000""; }; nodes {;   nodedata: ""\323C\344\327\264{\312-\017:\006{\177\344N\002\326bO\260\220\006\033\362\345\005U\221DzJ0\001\301\025%1L\307\t\261\262z\374\222T\301\274V\236\223\262\270Ct\362\337b\356\024*\324\320\351\317\002k\336\234\027v\351\217\260\303\360\233ZPZWr\246$w\313\313\r\243r\232\2234\373\3539:N\004Q\245\272D\312D\300\300\t\323\0257\345e\271\na\215{\226\255x%T\257\037\333\004\344_/R\006E\344\037@\210\363\010\336T\226\247'\204_{\261\370""1\235\2445\343\033Y!\212\201\341\272\225'\007\224=\324k\370\211'M\301\275v\006\027G\006\336\317LA\361o\271RH\217\244sS\277$\211\205\013\003""; }; ","ledgerHash: ""7p\334\264\237\177~\330]\252+:\317u\302h\n\351\n\364\231\277R\371\356\033y\265v\360Ny""; ledgerSeq: 31; type: liBASE; nodes {;   nodedata: ""\000\000\000\037\001cEx]\211\377\330>\034\236l\273\005G\316F\217}[\036\007\270:\260\335\271B\241N\345\330\204\327f\361\272Kb\037\000\000\000\000\000\000\000\000\000\000\000\000\000\000\000\000\000\000\000\000\000\000\000\000\000\000\000\000\000\000\000\000b\246\307\345\234\341(YO\353\362I\231\216\254;Pq\372\265m\331\237\332\247\270\002\212\234\354\227\306/\351\253\017/\351\253\020\n\000""; }; nodes {;   nodedata: ""\323C\344\327\264{\312-\017:\006{\177\344N\002\326bO\260\220\006\033\362\345\005U\221DzJ0\001\301\025%1L\307\t\261\262z\374\222T\301\274V\236\223\262\270Ct\362\337b\356\024*\324\320\351\317\002k\336\234\027v\351\217\260\303\360\233ZPZWr\246$w\313\313\r\243r\232\2234\373\3539:N\004Q\245\272D\312D\300\300\t\323\0257\345e\271\na\215{\226\255x%T\257\037\333\004\344_/R\006E\344\037@\210\363\010\336T\226\247'\204_{\261\370""1\235\2445\343\033Y!\212\201\341\272\225'\007\224=\324k\370\211'M\301\275v\006\027G\006\336\317LA\361o\271RH\217\244sS\277$\211\205\013\003""; }; "
1750527633503,1750527633504,0,1,3,4,TMLedgerData,"ledgerHash: ""7p\334\264\237\177~\330]\252+:\317u\302h\n\351\n\364\231\277R\371\356\033y\265v\360Ny""; ledgerSeq: 31; type: liBASE; nodes {;   nodedata: ""\000\000\000\037\001cEx]\211\377\330>\034\236l\273\005G\316F\217}[\036\007\270:\260\335\271B\241N\345\330\204\327f\361\272Kb\037\000\000\000\000\000\000\000\000\000\000\000\000\000\000\000\000\000\000\000\000\000\000\000\000\000\000\000\000\000\000\000\000b\246\307\345\234\341(YO\353\362I\231\216\254;Pq\372\265m\331\237\332\247\270\002\212\234\354\227\306/\351\253\017/\351\253\020\n\000""; }; nodes {;   nodedata: ""\323C\344\327\264{\312-\017:\006{\177\344N\002\326bO\260\220\006\033\362\345\005U\221DzJ0\001\301\025%1L\307\t\261\262z\374\222T\301\274V\236\223\262\270Ct\362\337b\356\024*\324\320\351\317\002k\336\234\027v\351\217\260\303\360\233ZPZWr\246$w\313\313\r\243r\232\2234\373\3539:N\004Q\245\272D\312D\300\300\t\323\0257\345e\271\na\215{\226\255x%T\257\037\333\004\344_/R\006E\344\037@\210\363\010\336T\226\247'\204_{\261\370""1\235\2445\343\033Y!\212\201\341\272\225'\007\224=\324k\370\211'M\301\275v\006\027G\006\336\317LA\361o\271RH\217\244sS\277$\211\205\013\003""; }; requestCookie: 3; ","ledgerHash: ""7p\334\264\237\177~\330]\252+:\317u\302h\n\351\n\364\231\277R\371\356\033y\265v\360Ny""; ledgerSeq: 31; type: liBASE; nodes {;   nodedata: ""\000\000\000\037\001cEx]\211\377\330>\034\236l\273\005G\316F\217}[\036\007\270:\260\335\271B\241N\345\330\204\327f\361\272Kb\037\000\000\000\000\000\000\000\000\000\000\000\000\000\000\000\000\000\000\000\000\000\000\000\000\000\000\000\000\000\000\000\000b\246\307\345\234\341(YO\353\362I\231\216\254;Pq\372\265m\331\237\332\247\270\002\212\234\354\227\306/\351\253\017/\351\253\020\n\000""; }; nodes {;   nodedata: ""\323C\344\327\264{\312-\017:\006{\177\344N\002\326bO\260\220\006\033\362\345\005U\221DzJ0\001\301\025%1L\307\t\261\262z\374\222T\301\274V\236\223\262\270Ct\362\337b\356\024*\324\320\351\317\002k\336\234\027v\351\217\260\303\360\233ZPZWr\246$w\313\313\r\243r\232\2234\373\3539:N\004Q\245\272D\312D\300\300\t\323\0257\345e\271\na\215{\226\255x%T\257\037\333\004\344_/R\006E\344\037@\210\363\010\336T\226\247'\204_{\261\370""1\235\2445\343\033Y!\212\201\341\272\225'\007\224=\324k\370\211'M\301\275v\006\027G\006\336\317LA\361o\271RH\217\244sS\277$\211\205\013\003""; }; requestCookie: 3; "
1750527633504,1750527633504,0,1,3,4,TMLedgerData,"ledgerHash: ""7p\334\264\237\177~\330]\252+:\317u\302h\n\351\n\364\231\277R\371\356\033y\265v\360Ny""; ledgerSeq: 31; type: liAS_NODE; nodes {;   nodedata: ""\021\000h""\000\000\000\000 \033\000\000\000\036\002\023\304\037\330\356GuH\375\327!\255\371\r\231\262R\256J\034\222\241\355X\265E\241^W\225\304\014\361CX-}\351f\032\255\274\334m\326c\017\014ao[\342\230\003\245\245\3341Hm\326^\017jy\335\261\032Yt\320\244{g\0306\\302\303*\341\215\223\257\364\277o\375\000r\241SOq\221\253\262\005\017\375T\356\014\360o'\030\311-\267\031\257!\031T\006><\315XM\334\324\345\034\000\325\367\240\271\013\265\024\321\362\354\211\250.\234s\225amc\305\035\366\276\037nD\277`\210\223N\3535\033\261\304f\331]\036\237\306o!\223\221\002\324\031\262\240R\177 ,\214\325\Q])\016\2067\277\t\354\010\000\360\215\2502\265\245\310\226\243c\302Ze\306\253#r\020\211\320iG\276\020E\317\035Sf\223F\254\033@\177e\277\016\010u\327\371&\262\312\317Q\2361t\377x\234\001v\003%\030\325_\225g\204\346a=\225\273\331\354\365*U\363\263N\367b\371\244\314-w\363\262\225Z\200\206\235\233\257?sE\2674\254\326mU\377?\177Ek\336\030!\316Aa\225\303\022\377{\210Y\226\271as\354L\035\004\341\361\035\301\024\220m#*\372\032\3178~\374\250\014*\323\342'z69\220\327\256\351G\367\317u\302\207\270b\315\333\333\334\310I\323&\014\352XZnW2.\335\347\202\021\247\362\212e\034\000\001\250\220\305;a\314\265R\310\017\317\331\235\360\262\240:\277\202\266\354\265X""\022\nh\252\352w\204\203\023]\001f\352\277\0031Q]\362\370R\350{\261\202\240\344\215\201\353\276\322p5p\350\354\017>\250r\241c\273\016\301\024\363\242\247\263\231\370\344\nBW\220K\316@3\243\200\036wk\253GSlU\010\360\231>\331\263H\214\324\030A\225\301o\346pkSF\004\241\213w9\223=\250\262*+\255\351r\265\244c\024\213\t\007`\223\325#\3477\210\345P\306\013\320\252[\0216+\227=`\371P\314\346 V7\271[~\n\237\274|\347\352@K\253~&\260\032\024\004B\200\255h\351\013\361\031:nG\211\005|\2003\266\274\251,W\006u\344\335d\003\306\212\313,\340\350bG\n\030Z\2732-\246\312\255\030\003\235207\005}D\260\0261ah\322M\304\216\273m0\271\234\237\007<w$\265C\245\232\033\023\313c\321B\032l\301h\005\320\252\301\361(\330[\343\357\343{\235\n\266g\272>\177\317\347\261qb&\270&\346ju\200\363N\320\307\004\034\001n\317\361\2653\254\2503\247\305\372\316W\022O\253x\250\025\373\247\354Tc\304\263\243^\352Gv\\264\261\r\035\226\306\2411\351\233\203\215\200$\231\300f\220\371c@\017\254\363\\371\340\340VaR\205~^\226\342t\360\022\204d\231\205)\272\364?\361!\334\331\315\254\230\rBG\314\023\246\244=\351\177\254\302b&\276+H;0\312\021&\275\036\237\350R\313\206R\331\304k\323u\263t\221\213yC\241\217A\242\027g\322\241'\212.E?B_\316\327\217J +\370\t^b\005\020\003\211\373\247|hC\271Nmk~J\270EU\274\036-\347\240\312FA\321\341bca\253\025\321\311\317\021\375\317\217\n\272\033o\353G>\275\361H\265\240\232um""\317\324`\214\221\314\000\211K\223+(""\200i \311\372g\254\343ZR0\224\275q\252\357\213\263\206N\357&Q\217\267\303\356I\236\357\264\311b\037\366\035\253\343\311\265\240\327q\206f\262ODi\215-\363>\034\236l\273\005G\316F\217}[\036\007\270:\260\335\271B\241N\345\330\204\327f\361\272Kb\037\264\227\2326\315\307\363\323\325\303\032N\256*\307\327 \235\332\207u\210\271\257\306g\231i*\260\326k\001"";   nodeid: ""\260\000\000\000\000\000\000\000\000\000\000\000\000\000\000\000\000\000\000\000\000\000\000\000\000\000\000\000\000\000\000\000\001""; }; ","ledgerHash: ""7p\334\264\237\177~\330]\252+:\317u\302h\n\351\n\364\231\277R\371\356\033y\265v\360Ny""; ledgerSeq: 31; type: liAS_NODE; nodes {;   nodedata: ""\021\000h""\000\000\000\000 \033\000\000\000\036\002\023\304\037\330\356GuH\375\327!\255\371\r\231\262R\256J\034\222\241\355X\265E\241^W\225\304\014\361CX-}\351f\032\255\274\334m\326c\017\014ao[\342\230\003\245\245\3341Hm\326^\017jy\335\261\032Yt\320\244{g\0306\\302\303*\341\215\223\257\364\277o\375\000r\241SOq\221\253\262\005\017\375T\356\014\360o'\030\311-\267\031\257!\031T\006><\315XM\334\324\345\034\000\325\367\240\271\013\265\024\321\362\354\211\250.\234s\225amc\305\035\366\276\037nD\277`\210\223N\3535\033\261\304f\331]\036\237\306o!\223\221\002\324\031\262\240R\177 ,\214\325\Q])\016\2067\277\t\354\010\000\360\215\2502\265\245\310\226\243c\302Ze\306\253#r\020\211\320iG\276\020E\317\035Sf\223F\254\033@\177e\277\016\010u\327\371&\262\312\317Q\2361t\377x\234\001v\003%\030\325_\225g\204\346a=\225\273\331\354\365*U\363\263N\367b\371\244\314-w\363\262\225Z\200\206\235\233\257?sE\2674\254\326mU\377?\177Ek\336\030!\316Aa\225\303\022\377{\210Y\226\271as\354L\035\004\341\361\035\301\024\220m#*\372\032\3178~\374\250\014*\323\342'z69\220\327\256\351G\367\317u\302\207\270b\315\333\333\334\310I\323&\014\352XZnW2.\335\347\202\021\247\362\212e\034\000\001\250\220\305;a\314\265R\310\017\317\331\235\360\262\240:\277\202\266\354\265X""\022\nh\252\352w\204\203\023]\001f\352\277\0031Q]\362\370R\350{\261\202\240\344\215\201\353\276\322p5p\350\354\017>\250r\241c\273\016\301\024\363\242\247\263\231\370\344\nBW\220K\316@3\243\200\036wk\253GSlU\010\360\231>\331\263H\214\324\030A\225\301o\346pkSF\004\241\213w9\223=\250\262*+\255\351r\265\244c\024\213\t\007`\223\325#\3477\210\345P\306\013\320\252[\0216+\227=`\371P\314\346 V7\271[~\n\237\274|\347\352@K\253~&\260\032\024\004B\200\255h\351\013\361\031:nG\211\005|\2003\266\274\251,W\006u\344\335d\003\306\212\313,\340\350bG\n\030Z\2732-\246\312\255\030\003\235207\005}D\260\0261ah\322M\304\216\273m0\271\234\237\007<w$\265C\245\232\033\023\313c\321B\032l\301h\005\320\252\301\361(\330[\343\357\343{\235\n\266g\272>\177\317\347\261qb&\270&\346ju\200\363N\320\307\004\034\001n\317\361\2653\254\2503\247\305\372\316W\022O\253x\250\025\373\247\354Tc\304\263\243^\352Gv\\264\261\r\035\226\306\2411\351\233\203\215\200$\231\300f\220\371c@\017\254\363\\371\340\340VaR\205~^\226\342t\360\022\204d\231\205)\272\364?\361!\334\331\315\254\230\rBG\314\023\246\244=\351\177\254\302b&\276+H;0\312\021&\275\036\237\350R\313\206R\331\304k\323u\263t\221\213yC\241\217A\242\027g\322\241'\212.E?B_\316\327\217J +\370\t^b\005\020\003\211\373\247|hC\271Nmk~J\270EU\274\036-\347\240\312FA\321\341bca\253\025\321\311\317\021\375\317\217\n\272\033o\353G>\275\361H\265\240\232um""\317\324`\214\221\314\000\211K\223+(""\200i \311\372g\254\343ZR0\224\275q\252\357\213\263\206N\357&Q\217\267\303\356I\236\357\264\311b\037\366\035\253\343\311\265\240\327q\206f\262ODi\215-\363>\034\236l\273\005G\316F\217}[\036\007\270:\260\335\271B\241N\345\330\204\327f\361\272Kb\037\264\227\2326\315\307\363\323\325\303\032N\256*\307\327 \235\332\207u\210\271\257\306g\231i*\260\326k\001"";   nodeid: ""\260\000\000\000\000\000\000\000\000\000\000\000\000\000\000\000\000\000\000\000\000\000\000\000\000\000\000\000\000\000\000\000\001""; }; "
1750527633505,1750527633505,0,1,1,4,TMLedgerData,"ledgerHash: ""7p\334\264\237\177~\330]\252+:\317u\302h\n\351\n\364\231\277R\371\356\033y\265v\360Ny""; ledgerSeq: 31; type: liBASE; nodes {;   nodedata: ""\000\000\000\037\001cEx]\211\377\330>\034\236l\273\005G\316F\217}[\036\007\270:\260\335\271B\241N\345\330\204\327f\361\272Kb\037\000\000\000\000\000\000\000\000\000\000\000\000\000\000\000\000\000\000\000\000\000\000\000\000\000\000\000\000\000\000\000\000b\246\307\345\234\341(YO\353\362I\231\216\254;Pq\372\265m\331\237\332\247\270\002\212\234\354\227\306/\351\253\017/\351\253\020\n\000""; }; nodes {;   nodedata: ""\323C\344\327\264{\312-\017:\006{\177\344N\002\326bO\260\220\006\033\362\345\005U\221DzJ0\001\301\025%1L\307\t\261\262z\374\222T\301\274V\236\223\262\270Ct\362\337b\356\024*\324\320\351\317\002k\336\234\027v\351\217\260\303\360\233ZPZWr\246$w\313\313\r\243r\232\2234\373\3539:N\004Q\245\272D\312D\300\300\t\323\0257\345e\271\na\215{\226\255x%T\257\037\333\004\344_/R\006E\344\037@\210\363\010\336T\226\247'\204_{\261\370""1\235\2445\343\033Y!\212\201\341\272\225'\007\224=\324k\370\211'M\301\275v\006\027G\006\336\317LA\361o\271RH\217\244sS\277$\211\205\013\003""; }; ","ledgerHash: ""7p\334\264\237\177~\330]\252+:\317u\302h\n\351\n\364\231\277R\371\356\033y\265v\360Ny""; ledgerSeq: 31; type: liBASE; nodes {;   nodedata: ""\000\000\000\037\001cEx]\211\377\330>\034\236l\273\005G\316F\217}[\036\007\270:\260\335\271B\241N\345\330\204\327f\361\272Kb\037\000\000\000\000\000\000\000\000\000\000\000\000\000\000\000\000\000\000\000\000\000\000\000\000\000\000\000\000\000\000\000\000b\246\307\345\234\341(YO\353\362I\231\216\254;Pq\372\265m\331\237\332\247\270\002\212\234\354\227\306/\351\253\017/\351\253\020\n\000""; }; nodes {;   nodedata: ""\323C\344\327\264{\312-\017:\006{\177\344N\002\326bO\260\220\006\033\362\345\005U\221DzJ0\001\301\025%1L\307\t\261\262z\374\222T\301\274V\236\223\262\270Ct\362\337b\356\024*\324\320\351\317\002k\336\234\027v\351\217\260\303\360\233ZPZWr\246$w\313\313\r\243r\232\2234\373\3539:N\004Q\245\272D\312D\300\300\t\323\0257\345e\271\na\215{\226\255x%T\257\037\333\004\344_/R\006E\344\037@\210\363\010\336T\226\247'\204_{\261\370""1\235\2445\343\033Y!\212\201\341\272\225'\007\224=\324k\370\211'M\301\275v\006\027G\006\336\317LA\361o\271RH\217\244sS\277$\211\205\013\003""; }; "
1750527633506,1750527633506,0,1,3,0,TMLedgerData,"ledgerHash: ""7p\334\264\237\177~\330]\252+:\317u\302h\n\351\n\364\231\277R\371\356\033y\265v\360Ny""; ledgerSeq: 31; type: liBASE; nodes {;   nodedata: ""\000\000\000\037\001cEx]\211\377\330>\034\236l\273\005G\316F\217}[\036\007\270:\260\335\271B\241N\345\330\204\327f\361\272Kb\037\000\000\000\000\000\000\000\000\000\000\000\000\000\000\000\000\000\000\000\000\000\000\000\000\000\000\000\000\000\000\000\000b\246\307\345\234\341(YO\353\362I\231\216\254;Pq\372\265m\331\237\332\247\270\002\212\234\354\227\306/\351\253\017/\351\253\020\n\000""; }; nodes {;   nodedata: ""\323C\344\327\264{\312-\017:\006{\177\344N\002\326bO\260\220\006\033\362\345\005U\221DzJ0\001\301\025%1L\307\t\261\262z\374\222T\301\274V\236\223\262\270Ct\362\337b\356\024*\324\320\351\317\002k\336\234\027v\351\217\260\303\360\233ZPZWr\246$w\313\313\r\243r\232\2234\373\3539:N\004Q\245\272D\312D\300\300\t\323\0257\345e\271\na\215{\226\255x%T\257\037\333\004\344_/R\006E\344\037@\210\363\010\336T\226\247'\204_{\261\370""1\235\2445\343\033Y!\212\201\341\272\225'\007\224=\324k\370\211'M\301\275v\006\027G\006\336\317LA\361o\271RH\217\244sS\277$\211\205\013\003""; }; requestCookie: 5; ","ledgerHash: ""7p\334\264\237\177~\330]\252+:\317u\302h\n\351\n\364\231\277R\371\356\033y\265v\360Ny""; ledgerSeq: 31; type: liBASE; nodes {;   nodedata: ""\000\000\000\037\001cEx]\211\377\330>\034\236l\273\005G\316F\217}[\036\007\270:\260\335\271B\241N\345\330\204\327f\361\272Kb\037\000\000\000\000\000\000\000\000\000\000\000\000\000\000\000\000\000\000\000\000\000\000\000\000\000\000\000\000\000\000\000\000b\246\307\345\234\341(YO\353\362I\231\216\254;Pq\372\265m\331\237\332\247\270\002\212\234\354\227\306/\351\253\017/\351\253\020\n\000""; }; nodes {;   nodedata: ""\323C\344\327\264{\312-\017:\006{\177\344N\002\326bO\260\220\006\033\362\345\005U\221DzJ0\001\301\025%1L\307\t\261\262z\374\222T\301\274V\236\223\262\270Ct\362\337b\356\024*\324\320\351\317\002k\336\234\027v\351\217\260\303\360\233ZPZWr\246$w\313\313\r\243r\232\2234\373\3539:N\004Q\245\272D\312D\300\300\t\323\0257\345e\271\na\215{\226\255x%T\257\037\333\004\344_/R\006E\344\037@\210\363\010\336T\226\247'\204_{\261\370""1\235\2445\343\033Y!\212\201\341\272\225'\007\224=\324k\370\211'M\301\275v\006\027G\006\336\317LA\361o\271RH\217\244sS\277$\211\205\013\003""; }; requestCookie: 5; "
1750527633506,1750527633506,0,1,3,0,TMLedgerData,"ledgerHash: ""7p\334\264\237\177~\330]\252+:\317u\302h\n\351\n\364\231\277R\371\356\033y\265v\360Ny""; ledgerSeq: 31; type: liBASE; nodes {;   nodedata: ""\000\000\000\037\001cEx]\211\377\330>\034\236l\273\005G\316F\217}[\036\007\270:\260\335\271B\241N\345\330\204\327f\361\272Kb\037\000\000\000\000\000\000\000\000\000\000\000\000\000\000\000\000\000\000\000\000\000\000\000\000\000\000\000\000\000\000\000\000b\246\307\345\234\341(YO\353\362I\231\216\254;Pq\372\265m\331\237\332\247\270\002\212\234\354\227\306/\351\253\017/\351\253\020\n\000""; }; nodes {;   nodedata: ""\323C\344\327\264{\312-\017:\006{\177\344N\002\326bO\260\220\006\033\362\345\005U\221DzJ0\001\301\025%1L\307\t\261\262z\374\222T\301\274V\236\223\262\270Ct\362\337b\356\024*\324\320\351\317\002k\336\234\027v\351\217\260\303\360\233ZPZWr\246$w\313\313\r\243r\232\2234\373\3539:N\004Q\245\272D\312D\300\300\t\323\0257\345e\271\na\215{\226\255x%T\257\037\333\004\344_/R\006E\344\037@\210\363\010\336T\226\247'\204_{\261\370""1\235\2445\343\033Y!\212\201\341\272\225'\007\224=\324k\370\211'M\301\275v\006\027G\006\336\317LA\361o\271RH\217\244sS\277$\211\205\013\003""; }; requestCookie: 2; ","ledgerHash: ""7p\334\264\237\177~\330]\252+:\317u\302h\n\351\n\364\231\277R\371\356\033y\265v\360Ny""; ledgerSeq: 31; type: liBASE; nodes {;   nodedata: ""\000\000\000\037\001cEx]\211\377\330>\034\236l\273\005G\316F\217}[\036\007\270:\260\335\271B\241N\345\330\204\327f\361\272Kb\037\000\000\000\000\000\000\000\000\000\000\000\000\000\000\000\000\000\000\000\000\000\000\000\000\000\000\000\000\000\000\000\000b\246\307\345\234\341(YO\353\362I\231\216\254;Pq\372\265m\331\237\332\247\270\002\212\234\354\227\306/\351\253\017/\351\253\020\n\000""; }; nodes {;   nodedata: ""\323C\344\327\264{\312-\017:\006{\177\344N\002\326bO\260\220\006\033\362\345\005U\221DzJ0\001\301\025%1L\307\t\261\262z\374\222T\301\274V\236\223\262\270Ct\362\337b\356\024*\324\320\351\317\002k\336\234\027v\351\217\260\303\360\233ZPZWr\246$w\313\313\r\243r\232\2234\373\3539:N\004Q\245\272D\312D\300\300\t\323\0257\345e\271\na\215{\226\255x%T\257\037\333\004\344_/R\006E\344\037@\210\363\010\336T\226\247'\204_{\261\370""1\235\2445\343\033Y!\212\201\341\272\225'\007\224=\324k\370\211'M\301\275v\006\027G\006\336\317LA\361o\271RH\217\244sS\277$\211\205\013\003""; }; requestCookie: 2; "
1750527633507,1750527633507,0,1,3,0,TMLedgerData,"ledgerHash: ""7p\334\264\237\177~\330]\252+:\317u\302h\n\351\n\364\231\277R\371\356\033y\265v\360Ny""; ledgerSeq: 31; type: liBASE; nodes {;   nodedata: ""\000\000\000\037\001cEx]\211\377\330>\034\236l\273\005G\316F\217}[\036\007\270:\260\335\271B\241N\345\330\204\327f\361\272Kb\037\000\000\000\000\000\000\000\000\000\000\000\000\000\000\000\000\000\000\000\000\000\000\000\000\000\000\000\000\000\000\000\000b\246\307\345\234\341(YO\353\362I\231\216\254;Pq\372\265m\331\237\332\247\270\002\212\234\354\227\306/\351\253\017/\351\253\020\n\000""; }; nodes {;   nodedata: ""\323C\344\327\264{\312-\017:\006{\177\344N\002\326bO\260\220\006\033\362\345\005U\221DzJ0\001\301\025%1L\307\t\261\262z\374\222T\301\274V\236\223\262\270Ct\362\337b\356\024*\324\320\351\317\002k\336\234\027v\351\217\260\303\360\233ZPZWr\246$w\313\313\r\243r\232\2234\373\3539:N\004Q\245\272D\312D\300\300\t\323\0257\345e\271\na\215{\226\255x%T\257\037\333\004\344_/R\006E\344\037@\210\363\010\336T\226\247'\204_{\261\370""1\235\2445\343\033Y!\212\201\341\272\225'\007\224=\324k\370\211'M\301\275v\006\027G\006\336\317LA\361o\271RH\217\244sS\277$\211\205\013\003""; }; requestCookie: 3; ","ledgerHash: ""7p\334\264\237\177~\330]\252+:\317u\302h\n\351\n\364\231\277R\371\356\033y\265v\360Ny""; ledgerSeq: 31; type: liBASE; nodes {;   nodedata: ""\000\000\000\037\001cEx]\211\377\330>\034\236l\273\005G\316F\217}[\036\007\270:\260\335\271B\241N\345\330\204\327f\361\272Kb\037\000\000\000\000\000\000\000\000\000\000\000\000\000\000\000\000\000\000\000\000\000\000\000\000\000\000\000\000\000\000\000\000b\246\307\345\234\341(YO\353\362I\231\216\254;Pq\372\265m\331\237\332\247\270\002\212\234\354\227\306/\351\253\017/\351\253\020\n\000""; }; nodes {;   nodedata: ""\323C\344\327\264{\312-\017:\006{\177\344N\002\326bO\260\220\006\033\362\345\005U\221DzJ0\001\301\025%1L\307\t\261\262z\374\222T\301\274V\236\223\262\270Ct\362\337b\356\024*\324\320\351\317\002k\336\234\027v\351\217\260\303\360\233ZPZWr\246$w\313\313\r\243r\232\2234\373\3539:N\004Q\245\272D\312D\300\300\t\323\0257\345e\271\na\215{\226\255x%T\257\037\333\004\344_/R\006E\344\037@\210\363\010\336T\226\247'\204_{\261\370""1\235\2445\343\033Y!\212\201\341\272\225'\007\224=\324k\370\211'M\301\275v\006\027G\006\336\317LA\361o\271RH\217\244sS\277$\211\205\013\003""; }; requestCookie: 3; "
1750527633508,1750527633509,0,1,3,0,TMLedgerData,"ledgerHash: ""7p\334\264\237\177~\330]\252+:\317u\302h\n\351\n\364\231\277R\371\356\033y\265v\360Ny""; ledgerSeq: 31; type: liAS_NODE; nodes {;   nodedata: ""\021\000h""\000\000\000\000 \033\000\000\000\036\002\023\304\037\330\356GuH\375\327!\255\371\r\231\262R\256J\034\222\241\355X\265E\241^W\225\304\014\361CX-}\351f\032\255\274\334m\326c\017\014ao[\342\230\003\245\245\3341Hm\326^\017jy\335\261\032Yt\320\244{g\0306\\302\303*\341\215\223\257\364\277o\375\000r\241SOq\221\253\262\005\017\375T\356\014\360o'\030\311-\267\031\257!\031T\006><\315XM\334\324\345\034\000\325\367\240\271\013\265\024\321\362\354\211\250.\234s\225amc\305\035\366\276\037nD\277`\210\223N\3535\033\261\304f\331]\036\237\306o!\223\221\002\324\031\262\240R\177 ,\214\325\Q])\016\2067\277\t\354\010\000\360\215\2502\265\245\310\226\243c\302Ze\306\253#r\020\211\320iG\276\020E\317\035Sf\223F\254\033@\177e\277\016\010u\327\371&\262\312\317Q\2361t\377x\234\001v\003%\030\325_\225g\204\346a=\225\273\331\354\365*U\363\263N\367b\371\244\314-w\363\262\225Z\200\206\235\233\257?sE\2674\254\326mU\377?\177Ek\336\030!\316Aa\225\303\022\377{\210Y\226\271as\354L\035\004\341\361\035\301\024\220m#*\372\032\3178~\374\250\014*\323\342'z69\220\327\256\351G\367\317u\302\207\270b\315\333\333\334\310I\323&\014\352XZnW2.\335\347\202\021\247\362\212e\034\000\001\250\220\305;a\314\265R\310\017\317\331\235\360\262\240:\277\202\266\354\265X""\022\nh\252\352w\204\203\023]\001f\352\277\0031Q]\362\370R\350{\261\202\240\344\215\201\353\276\322p5p\350\354\017>\250r\241c\273\016\301\024\363\242\247\263\231\370\344\nBW\220K\316@3\243\200\036wk\253GSlU\010\360\231>\331\263H\214\324\030A\225\301o\346pkSF\004\241\213w9\223=\250\262*+\255\351r\265\244c\024\213\t\007`\223\325#\3477\210\345P\306\013\320\252[\0216+\227=`\371P\314\346 V7\271[~\n\237\274|\347\352@K\253~&\260\032\024\004B\200\255h\351\013\361\031:nG\211\005|\2003\266\274\251,W\006u\344\335d\003\306\212\313,\340\350bG\n\030Z\2732-\246\312\255\030\003\235207\005}D\260\0261ah\322M\304\216\273m0\271\234\237\007<w$\265C\245\232\033\023\313c\321B\032l\301h\005\320\252\301\361(\330[\343\357\343{\235\n\266g\272>\177\317\347\261qb&\270&\346ju\200\363N\320\307\004\034\001n\317\361\2653\254\2503\247\305\372\316W\022O\253x\250\025\373\247\354Tc\304\263\243^\352Gv\\264\261\r\035\226\306\2411\351\233\203\215\200$\231\300f\220\371c@\017\254\363\\371\340\340VaR\205~^\226\342t\360\022\204d\231\205)\272\364?\361!\334\331\315\254\230\rBG\314\023\246\244=\351\177\254\302b&\276+H;0\312\021&\275\036\237\350R\313\206R\331\304k\323u\263t\221\213yC\241\217A\242\027g\322\241'\212.E?B_\316\327\217J +\370\t^b\005\020\003\211\373\247|hC\271Nmk~J\270EU\274\036-\347\240\312FA\321\341bca\253\025\321\311\317\021\375\317\217\n\272\033o\353G>\275\361H\265\240\232um""\317\324`\214\221\314\000\211K\223+(""\200i \311\372g\254\343ZR0\224\275q\252\357\213\263\206N\357&Q\217\267\303\356I\236\357\264\311b\037\366\035\253\343\311\265\240\327q\206f\262ODi\215-\363>\034\236l\273\005G\316F\217}[\036\007\270:\260\335\271B\241N\345\330\204\327f\361\272Kb\037\264\227\2326\315\307\363\323\325\303\032N\256*\307\327 \235\332\207u\210\271\257\306g\231i*\260\326k\001"";   nodeid: ""\260\000\000\000\000\000\000\000\000\000\000\000\000\000\000\000\000\000\000\000\000\000\000\000\000\000\000\000\000\000\000\000\001""; }; ","ledgerHash: ""7p\334\264\237\177~\330]\252+:\317u\302h\n\351\n\364\231\277R\371\356\033y\265v\360Ny""; ledgerSeq: 31; type: liAS_NODE; nodes {;   nodedata: ""\021\000h""\000\000\000\000 \033\000\000\000\036\002\023\304\037\330\356GuH\375\327!\255\371\r\231\262R\256J\034\222\241\355X\265E\241^W\225\304\014\361CX-}\351f\032\255\274\334m\326c\017\014ao[\342\230\003\245\245\3341Hm\326^\017jy\335\261\032Yt\320\244{g\0306\\302\303*\341\215\223\257\364\277o\375\000r\241SOq\221\253\262\005\017\375T\356\014\360o'\030\311-\267\031\257!\031T\006><\315XM\334\324\345\034\000\325\367\240\271\013\265\024\321\362\354\211\250.\234s\225amc\305\035\366\276\037nD\277`\210\223N\3535\033\261\304f\331]\036\237\306o!\223\221\002\324\031\262\240R\177 ,\214\325\Q])\016\2067\277\t\354\010\000\360\215\2502\265\245\310\226\243c\302Ze\306\253#r\020\211\320iG\276\020E\317\035Sf\223F\254\033@\177e\277\016\010u\327\371&\262\312\317Q\2361t\377x\234\001v\003%\030\325_\225g\204\346a=\225\273\331\354\365*U\363\263N\367b\371\244\314-w\363\262\225Z\200\206\235\233\257?sE\2674\254\326mU\377?\177Ek\336\030!\316Aa\225\303\022\377{\210Y\226\271as\354L\035\004\341\361\035\301\024\220m#*\372\032\3178~\374\250\014*\323\342'z69\220\327\256\351G\367\317u\302\207\270b\315\333\333\334\310I\323&\014\352XZnW2.\335\347\202\021\247\362\212e\034\000\001\250\220\305;a\314\265R\310\017\317\331\235\360\262\240:\277\202\266\354\265X""\022\nh\252\352w\204\203\023]\001f\352\277\0031Q]\362\370R\350{\261\202\240\344\215\201\353\276\322p5p\350\354\017>\250r\241c\273\016\301\024\363\242\247\263\231\370\344\nBW\220K\316@3\243\200\036wk\253GSlU\010\360\231>\331\263H\214\324\030A\225\301o\346pkSF\004\241\213w9\223=\250\262*+\255\351r\265\244c\024\213\t\007`\223\325#\3477\210\345P\306\013\320\252[\0216+\227=`\371P\314\346 V7\271[~\n\237\274|\347\352@K\253~&\260\032\024\004B\200\255h\351\013\361\031:nG\211\005|\2003\266\274\251,W\006u\344\335d\003\306\212\313,\340\350bG\n\030Z\2732-\246\312\255\030\003\235207\005}D\260\0261ah\322M\304\216\273m0\271\234\237\007<w$\265C\245\232\033\023\313c\321B\032l\301h\005\320\252\301\361(\330[\343\357\343{\235\n\266g\272>\177\317\347\261qb&\270&\346ju\200\363N\320\307\004\034\001n\317\361\2653\254\2503\247\305\372\316W\022O\253x\250\025\373\247\354Tc\304\263\243^\352Gv\\264\261\r\035\226\306\2411\351\233\203\215\200$\231\300f\220\371c@\017\254\363\\371\340\340VaR\205~^\226\342t\360\022\204d\231\205)\272\364?\361!\334\331\315\254\230\rBG\314\023\246\244=\351\177\254\302b&\276+H;0\312\021&\275\036\237\350R\313\206R\331\304k\323u\263t\221\213yC\241\217A\242\027g\322\241'\212.E?B_\316\327\217J +\370\t^b\005\020\003\211\373\247|hC\271Nmk~J\270EU\274\036-\347\240\312FA\321\341bca\253\025\321\311\317\021\375\317\217\n\272\033o\353G>\275\361H\265\240\232um""\317\324`\214\221\314\000\211K\223+(""\200i \311\372g\254\343ZR0\224\275q\252\357\213\263\206N\357&Q\217\267\303\356I\236\357\264\311b\037\366\035\253\343\311\265\240\327q\206f\262ODi\215-\363>\034\236l\273\005G\316F\217}[\036\007\270:\260\335\271B\241N\345\330\204\327f\361\272Kb\037\264\227\2326\315\307\363\323\325\303\032N\256*\307\327 \235\332\207u\210\271\257\306g\231i*\260\326k\001"";   nodeid: ""\260\000\000\000\000\000\000\000\000\000\000\000\000\000\000\000\000\000\000\000\000\000\000\000\000\000\000\000\000\000\000\000\001""; }; "
1750527633509,1750527633510,0,1,1,0,TMLedgerData,"ledgerHash: ""7p\334\264\237\177~\330]\252+:\317u\302h\n\351\n\364\231\277R\371\356\033y\265v\360Ny""; ledgerSeq: 31; type: liBASE; nodes {;   nodedata: ""\000\000\000\037\001cEx]\211\377\330>\034\236l\273\005G\316F\217}[\036\007\270:\260\335\271B\241N\345\330\204\327f\361\272Kb\037\000\000\000\000\000\000\000\000\000\000\000\000\000\000\000\000\000\000\000\000\000\000\000\000\000\000\000\000\000\000\000\000b\246\307\345\234\341(YO\353\362I\231\216\254;Pq\372\265m\331\237\332\247\270\002\212\234\354\227\306/\351\253\017/\351\253\020\n\000""; }; nodes {;   nodedata: ""\323C\344\327\264{\312-\017:\006{\177\344N\002\326bO\260\220\006\033\362\345\005U\221DzJ0\001\301\025%1L\307\t\261\262z\374\222T\301\274V\236\223\262\270Ct\362\337b\356\024*\324\320\351\317\002k\336\234\027v\351\217\260\303\360\233ZPZWr\246$w\313\313\r\243r\232\2234\373\3539:N\004Q\245\272D\312D\300\300\t\323\0257\345e\271\na\215{\226\255x%T\257\037\333\004\344_/R\006E\344\037@\210\363\010\336T\226\247'\204_{\261\370""1\235\2445\343\033Y!\212\201\341\272\225'\007\224=\324k\370\211'M\301\275v\006\027G\006\336\317LA\361o\271RH\217\244sS\277$\211\205\013\003""; }; ","ledgerHash: ""7p\334\264\237\177~\330]\252+:\317u\302h\n\351\n\364\231\277R\371\356\033y\265v\360Ny""; ledgerSeq: 31; type: liBASE; nodes {;   nodedata: ""\000\000\000\037\001cEx]\211\377\330>\034\236l\273\005G\316F\217}[\036\007\270:\260\335\271B\241N\345\330\204\327f\361\272Kb\037\000\000\000\000\000\000\000\000\000\000\000\000\000\000\000\000\000\000\000\000\000\000\000\000\000\000\000\000\000\000\000\000b\246\307\345\234\341(YO\353\362I\231\216\254;Pq\372\265m\331\237\332\247\270\002\212\234\354\227\306/\351\253\017/\351\253\020\n\000""; }; nodes {;   nodedata: ""\323C\344\327\264{\312-\017:\006{\177\344N\002\326bO\260\220\006\033\362\345\005U\221DzJ0\001\301\025%1L\307\t\261\262z\374\222T\301\274V\236\223\262\270Ct\362\337b\356\024*\324\320\351\317\002k\336\234\027v\351\217\260\303\360\233ZPZWr\246$w\313\313\r\243r\232\2234\373\3539:N\004Q\245\272D\312D\300\300\t\323\0257\345e\271\na\215{\226\255x%T\257\037\333\004\344_/R\006E\344\037@\210\363\010\336T\226\247'\204_{\261\370""1\235\2445\343\033Y!\212\201\341\272\225'\007\224=\324k\370\211'M\301\275v\006\027G\006\336\317LA\361o\271RH\217\244sS\277$\211\205\013\003""; }; "
1750527633510,1750527633510,0,1,2,0,TMLedgerData,"ledgerHash: ""7p\334\264\237\177~\330]\252+:\317u\302h\n\351\n\364\231\277R\371\356\033y\265v\360Ny""; ledgerSeq: 31; type: liBASE; nodes {;   nodedata: ""\000\000\000\037\001cEx]\211\377\330>\034\236l\273\005G\316F\217}[\036\007\270:\260\335\271B\241N\345\330\204\327f\361\272Kb\037\000\000\000\000\000\000\000\000\000\000\000\000\000\000\000\000\000\000\000\000\000\000\000\000\000\000\000\000\000\000\000\000b\246\307\345\234\341(YO\353\362I\231\216\254;Pq\372\265m\331\237\332\247\270\002\212\234\354\227\306/\351\253\017/\351\253\020\n\000""; }; nodes {;   nodedata: ""\323C\344\327\264{\312-\017:\006{\177\344N\002\326bO\260\220\006\033\362\345\005U\221DzJ0\001\301\025%1L\307\t\261\262z\374\222T\301\274V\236\223\262\270Ct\362\337b\356\024*\324\320\351\317\002k\336\234\027v\351\217\260\303\360\233ZPZWr\246$w\313\313\r\243r\232\2234\373\3539:N\004Q\245\272D\312D\300\300\t\323\0257\345e\271\na\215{\226\255x%T\257\037\333\004\344_/R\006E\344\037@\210\363\010\336T\226\247'\204_{\261\370""1\235\2445\343\033Y!\212\201\341\272\225'\007\224=\324k\370\211'M\301\275v\006\027G\006\336\317LA\361o\271RH\217\244sS\277$\211\205\013\003""; }; ","ledgerHash: ""7p\334\264\237\177~\330]\252+:\317u\302h\n\351\n\364\231\277R\371\356\033y\265v\360Ny""; ledgerSeq: 31; type: liBASE; nodes {;   nodedata: ""\000\000\000\037\001cEx]\211\377\330>\034\236l\273\005G\316F\217}[\036\007\270:\260\335\271B\241N\345\330\204\327f\361\272Kb\037\000\000\000\000\000\000\000\000\000\000\000\000\000\000\000\000\000\000\000\000\000\000\000\000\000\000\000\000\000\000\000\000b\246\307\345\234\341(YO\353\362I\231\216\254;Pq\372\265m\331\237\332\247\270\002\212\234\354\227\306/\351\253\017/\351\253\020\n\000""; }; nodes {;   nodedata: ""\323C\344\327\264{\312-\017:\006{\177\344N\002\326bO\260\220\006\033\362\345\005U\221DzJ0\001\301\025%1L\307\t\261\262z\374\222T\301\274V\236\223\262\270Ct\362\337b\356\024*\324\320\351\317\002k\336\234\027v\351\217\260\303\360\233ZPZWr\246$w\313\313\r\243r\232\2234\373\3539:N\004Q\245\272D\312D\300\300\t\323\0257\345e\271\na\215{\226\255x%T\257\037\333\004\344_/R\006E\344\037@\210\363\010\336T\226\247'\204_{\261\370""1\235\2445\343\033Y!\212\201\341\272\225'\007\224=\324k\370\211'M\301\275v\006\027G\006\336\317LA\361o\271RH\217\244sS\277$\211\205\013\003""; }; "
1750527633511,1750527633512,0,1,2,4,TMLedgerData,"ledgerHash: ""7p\334\264\237\177~\330]\252+:\317u\302h\n\351\n\364\231\277R\371\356\033y\265v\360Ny""; ledgerSeq: 31; type: liBASE; nodes {;   nodedata: ""\000\000\000\037\001cEx]\211\377\330>\034\236l\273\005G\316F\217}[\036\007\270:\260\335\271B\241N\345\330\204\327f\361\272Kb\037\000\000\000\000\000\000\000\000\000\000\000\000\000\000\000\000\000\000\000\000\000\000\000\000\000\000\000\000\000\000\000\000b\246\307\345\234\341(YO\353\362I\231\216\254;Pq\372\265m\331\237\332\247\270\002\212\234\354\227\306/\351\253\017/\351\253\020\n\000""; }; nodes {;   nodedata: ""\323C\344\327\264{\312-\017:\006{\177\344N\002\326bO\260\220\006\033\362\345\005U\221DzJ0\001\301\025%1L\307\t\261\262z\374\222T\301\274V\236\223\262\270Ct\362\337b\356\024*\324\320\351\317\002k\336\234\027v\351\217\260\303\360\233ZPZWr\246$w\313\313\r\243r\232\2234\373\3539:N\004Q\245\272D\312D\300\300\t\323\0257\345e\271\na\215{\226\255x%T\257\037\333\004\344_/R\006E\344\037@\210\363\010\336T\226\247'\204_{\261\370""1\235\2445\343\033Y!\212\201\341\272\225'\007\224=\324k\370\211'M\301\275v\006\027G\006\336\317LA\361o\271RH\217\244sS\277$\211\205\013\003""; }; ","ledgerHash: ""7p\334\264\237\177~\330]\252+:\317u\302h\n\351\n\364\231\277R\371\356\033y\265v\360Ny""; ledgerSeq: 31; type: liBASE; nodes {;   nodedata: ""\000\000\000\037\001cEx]\211\377\330>\034\236l\273\005G\316F\217}[\036\007\270:\260\335\271B\241N\345\330\204\327f\361\272Kb\037\000\000\000\000\000\000\000\000\000\000\000\000\000\000\000\000\000\000\000\000\000\000\000\000\000\000\000\000\000\000\000\000b\246\307\345\234\341(YO\353\362I\231\216\254;Pq\372\265m\331\237\332\247\270\002\212\234\354\227\306/\351\253\017/\351\253\020\n\000""; }; nodes {;   nodedata: ""\323C\344\327\264{\312-\017:\006{\177\344N\002\326bO\260\220\006\033\362\345\005U\221DzJ0\001\301\025%1L\307\t\261\262z\374\222T\301\274V\236\223\262\270Ct\362\337b\356\024*\324\320\351\317\002k\336\234\027v\351\217\260\303\360\233ZPZWr\246$w\313\313\r\243r\232\2234\373\3539:N\004Q\245\272D\312D\300\300\t\323\0257\345e\271\na\215{\226\255x%T\257\037\333\004\344_/R\006E\344\037@\210\363\010\336T\226\247'\204_{\261\370""1\235\2445\343\033Y!\212\201\341\272\225'\007\224=\324k\370\211'M\301\275v\006\027G\006\336\317LA\361o\271RH\217\244sS\277$\211\205\013\003""; }; "
1750527633512,1750527633512,0,1,3,4,TMLedgerData,"ledgerHash: ""7p\334\264\237\177~\330]\252+:\317u\302h\n\351\n\364\231\277R\371\356\033y\265v\360Ny""; ledgerSeq: 31; type: liBASE; nodes {;   nodedata: ""\000\000\000\037\001cEx]\211\377\330>\034\236l\273\005G\316F\217}[\036\007\270:\260\335\271B\241N\345\330\204\327f\361\272Kb\037\000\000\000\000\000\000\000\000\000\000\000\000\000\000\000\000\000\000\000\000\000\000\000\000\000\000\000\000\000\000\000\000b\246\307\345\234\341(YO\353\362I\231\216\254;Pq\372\265m\331\237\332\247\270\002\212\234\354\227\306/\351\253\017/\351\253\020\n\000""; }; nodes {;   nodedata: ""\323C\344\327\264{\312-\017:\006{\177\344N\002\326bO\260\220\006\033\362\345\005U\221DzJ0\001\301\025%1L\307\t\261\262z\374\222T\301\274V\236\223\262\270Ct\362\337b\356\024*\324\320\351\317\002k\336\234\027v\351\217\260\303\360\233ZPZWr\246$w\313\313\r\243r\232\2234\373\3539:N\004Q\245\272D\312D\300\300\t\323\0257\345e\271\na\215{\226\255x%T\257\037\333\004\344_/R\006E\344\037@\210\363\010\336T\226\247'\204_{\261\370""1\235\2445\343\033Y!\212\201\341\272\225'\007\224=\324k\370\211'M\301\275v\006\027G\006\336\317LA\361o\271RH\217\244sS\277$\211\205\013\003""; }; requestCookie: 1; ","ledgerHash: ""7p\334\264\237\177~\330]\252+:\317u\302h\n\351\n\364\231\277R\371\356\033y\265v\360Ny""; ledgerSeq: 31; type: liBASE; nodes {;   nodedata: ""\000\000\000\037\001cEx]\211\377\330>\034\236l\273\005G\316F\217}[\036\007\270:\260\335\271B\241N\345\330\204\327f\361\272Kb\037\000\000\000\000\000\000\000\000\000\000\000\000\000\000\000\000\000\000\000\000\000\000\000\000\000\000\000\000\000\000\000\000b\246\307\345\234\341(YO\353\362I\231\216\254;Pq\372\265m\331\237\332\247\270\002\212\234\354\227\306/\351\253\017/\351\253\020\n\000""; }; nodes {;   nodedata: ""\323C\344\327\264{\312-\017:\006{\177\344N\002\326bO\260\220\006\033\362\345\005U\221DzJ0\001\301\025%1L\307\t\261\262z\374\222T\301\274V\236\223\262\270Ct\362\337b\356\024*\324\320\351\317\002k\336\234\027v\351\217\260\303\360\233ZPZWr\246$w\313\313\r\243r\232\2234\373\3539:N\004Q\245\272D\312D\300\300\t\323\0257\345e\271\na\215{\226\255x%T\257\037\333\004\344_/R\006E\344\037@\210\363\010\336T\226\247'\204_{\261\370""1\235\2445\343\033Y!\212\201\341\272\225'\007\224=\324k\370\211'M\301\275v\006\027G\006\336\317LA\361o\271RH\217\244sS\277$\211\205\013\003""; }; requestCookie: 1; "
1750527633512,1750527633513,0,1,4,2,TMLedgerData,"ledgerHash: ""7p\334\264\237\177~\330]\252+:\317u\302h\n\351\n\364\231\277R\371\356\033y\265v\360Ny""; ledgerSeq: 31; type: liBASE; nodes {;   nodedata: ""\000\000\000\037\001cEx]\211\377\330>\034\236l\273\005G\316F\217}[\036\007\270:\260\335\271B\241N\345\330\204\327f\361\272Kb\037\000\000\000\000\000\000\000\000\000\000\000\000\000\000\000\000\000\000\000\000\000\000\000\000\000\000\000\000\000\000\000\000b\246\307\345\234\341(YO\353\362I\231\216\254;Pq\372\265m\331\237\332\247\270\002\212\234\354\227\306/\351\253\017/\351\253\020\n\000""; }; nodes {;   nodedata: ""\323C\344\327\264{\312-\017:\006{\177\344N\002\326bO\260\220\006\033\362\345\005U\221DzJ0\001\301\025%1L\307\t\261\262z\374\222T\301\274V\236\223\262\270Ct\362\337b\356\024*\324\320\351\317\002k\336\234\027v\351\217\260\303\360\233ZPZWr\246$w\313\313\r\243r\232\2234\373\3539:N\004Q\245\272D\312D\300\300\t\323\0257\345e\271\na\215{\226\255x%T\257\037\333\004\344_/R\006E\344\037@\210\363\010\336T\226\247'\204_{\261\370""1\235\2445\343\033Y!\212\201\341\272\225'\007\224=\324k\370\211'M\301\275v\006\027G\006\336\317LA\361o\271RH\217\244sS\277$\211\205\013\003""; }; ","ledgerHash: ""7p\334\264\237\177~\330]\252+:\317u\302h\n\351\n\364\231\277R\371\356\033y\265v\360Ny""; ledgerSeq: 31; type: liBASE; nodes {;   nodedata: ""\000\000\000\037\001cEx]\211\377\330>\034\236l\273\005G\316F\217}[\036\007\270:\260\335\271B\241N\345\330\204\327f\361\272Kb\037\000\000\000\000\000\000\000\000\000\000\000\000\000\000\000\000\000\000\000\000\000\000\000\000\000\000\000\000\000\000\000\000b\246\307\345\234\341(YO\353\362I\231\216\254;Pq\372\265m\331\237\332\247\270\002\212\234\354\227\306/\351\253\017/\351\253\020\n\000""; }; nodes {;   nodedata: ""\323C\344\327\264{\312-\017:\006{\177\344N\002\326bO\260\220\006\033\362\345\005U\221DzJ0\001\301\025%1L\307\t\261\262z\374\222T\301\274V\236\223\262\270Ct\362\337b\356\024*\324\320\351\317\002k\336\234\027v\351\217\260\303\360\233ZPZWr\246$w\313\313\r\243r\232\2234\373\3539:N\004Q\245\272D\312D\300\300\t\323\0257\345e\271\na\215{\226\255x%T\257\037\333\004\344_/R\006E\344\037@\210\363\010\336T\226\247'\204_{\261\370""1\235\2445\343\033Y!\212\201\341\272\225'\007\224=\324k\370\211'M\301\275v\006\027G\006\336\317LA\361o\271RH\217\244sS\277$\211\205\013\003""; }; "
1750527633515,1750527633516,0,1,0,2,TMLedgerData,"ledgerHash: ""7p\334\264\237\177~\330]\252+:\317u\302h\n\351\n\364\231\277R\371\356\033y\265v\360Ny""; ledgerSeq: 31; type: liBASE; nodes {;   nodedata: ""\000\000\000\037\001cEx]\211\377\330>\034\236l\273\005G\316F\217}[\036\007\270:\260\335\271B\241N\345\330\204\327f\361\272Kb\037\000\000\000\000\000\000\000\000\000\000\000\000\000\000\000\000\000\000\000\000\000\000\000\000\000\000\000\000\000\000\000\000b\246\307\345\234\341(YO\353\362I\231\216\254;Pq\372\265m\331\237\332\247\270\002\212\234\354\227\306/\351\253\017/\351\253\020\n\000""; }; nodes {;   nodedata: ""\323C\344\327\264{\312-\017:\006{\177\344N\002\326bO\260\220\006\033\362\345\005U\221DzJ0\001\301\025%1L\307\t\261\262z\374\222T\301\274V\236\223\262\270Ct\362\337b\356\024*\324\320\351\317\002k\336\234\027v\351\217\260\303\360\233ZPZWr\246$w\313\313\r\243r\232\2234\373\3539:N\004Q\245\272D\312D\300\300\t\323\0257\345e\271\na\215{\226\255x%T\257\037\333\004\344_/R\006E\344\037@\210\363\010\336T\226\247'\204_{\261\370""1\235\2445\343\033Y!\212\201\341\272\225'\007\224=\324k\370\211'M\301\275v\006\027G\006\336\317LA\361o\271RH\217\244sS\277$\211\205\013\003""; }; ","ledgerHash: ""7p\334\264\237\177~\330]\252+:\317u\302h\n\351\n\364\231\277R\371\356\033y\265v\360Ny""; ledgerSeq: 31; type: liBASE; nodes {;   nodedata: ""\000\000\000\037\001cEx]\211\377\330>\034\236l\273\005G\316F\217}[\036\007\270:\260\335\271B\241N\345\330\204\327f\361\272Kb\037\000\000\000\000\000\000\000\000\000\000\000\000\000\000\000\000\000\000\000\000\000\000\000\000\000\000\000\000\000\000\000\000b\246\307\345\234\341(YO\353\362I\231\216\254;Pq\372\265m\331\237\332\247\270\002\212\234\354\227\306/\351\253\017/\351\253\020\n\000""; }; nodes {;   nodedata: ""\323C\344\327\264{\312-\017:\006{\177\344N\002\326bO\260\220\006\033\362\345\005U\221DzJ0\001\301\025%1L\307\t\261\262z\374\222T\301\274V\236\223\262\270Ct\362\337b\356\024*\324\320\351\317\002k\336\234\027v\351\217\260\303\360\233ZPZWr\246$w\313\313\r\243r\232\2234\373\3539:N\004Q\245\272D\312D\300\300\t\323\0257\345e\271\na\215{\226\255x%T\257\037\333\004\344_/R\006E\344\037@\210\363\010\336T\226\247'\204_{\261\370""1\235\2445\343\033Y!\212\201\341\272\225'\007\224=\324k\370\211'M\301\275v\006\027G\006\336\317LA\361o\271RH\217\244sS\277$\211\205\013\003""; }; "
1750527633516,1750527633516,0,1,0,4,TMLedgerData,"ledgerHash: ""7p\334\264\237\177~\330]\252+:\317u\302h\n\351\n\364\231\277R\371\356\033y\265v\360Ny""; ledgerSeq: 31; type: liBASE; nodes {;   nodedata: ""\000\000\000\037\001cEx]\211\377\330>\034\236l\273\005G\316F\217}[\036\007\270:\260\335\271B\241N\345\330\204\327f\361\272Kb\037\000\000\000\000\000\000\000\000\000\000\000\000\000\000\000\000\000\000\000\000\000\000\000\000\000\000\000\000\000\000\000\000b\246\307\345\234\341(YO\353\362I\231\216\254;Pq\372\265m\331\237\332\247\270\002\212\234\354\227\306/\351\253\017/\351\253\020\n\000""; }; nodes {;   nodedata: ""\323C\344\327\264{\312-\017:\006{\177\344N\002\326bO\260\220\006\033\362\345\005U\221DzJ0\001\301\025%1L\307\t\261\262z\374\222T\301\274V\236\223\262\270Ct\362\337b\356\024*\324\320\351\317\002k\336\234\027v\351\217\260\303\360\233ZPZWr\246$w\313\313\r\243r\232\2234\373\3539:N\004Q\245\272D\312D\300\300\t\323\0257\345e\271\na\215{\226\255x%T\257\037\333\004\344_/R\006E\344\037@\210\363\010\336T\226\247'\204_{\261\370""1\235\2445\343\033Y!\212\201\341\272\225'\007\224=\324k\370\211'M\301\275v\006\027G\006\336\317LA\361o\271RH\217\244sS\277$\211\205\013\003""; }; ","ledgerHash: ""7p\334\264\237\177~\330]\252+:\317u\302h\n\351\n\364\231\277R\371\356\033y\265v\360Ny""; ledgerSeq: 31; type: liBASE; nodes {;   nodedata: ""\000\000\000\037\001cEx]\211\377\330>\034\236l\273\005G\316F\217}[\036\007\270:\260\335\271B\241N\345\330\204\327f\361\272Kb\037\000\000\000\000\000\000\000\000\000\000\000\000\000\000\000\000\000\000\000\000\000\000\000\000\000\000\000\000\000\000\000\000b\246\307\345\234\341(YO\353\362I\231\216\254;Pq\372\265m\331\237\332\247\270\002\212\234\354\227\306/\351\253\017/\351\253\020\n\000""; }; nodes {;   nodedata: ""\323C\344\327\264{\312-\017:\006{\177\344N\002\326bO\260\220\006\033\362\345\005U\221DzJ0\001\301\025%1L\307\t\261\262z\374\222T\301\274V\236\223\262\270Ct\362\337b\356\024*\324\320\351\317\002k\336\234\027v\351\217\260\303\360\233ZPZWr\246$w\313\313\r\243r\232\2234\373\3539:N\004Q\245\272D\312D\300\300\t\323\0257\345e\271\na\215{\226\255x%T\257\037\333\004\344_/R\006E\344\037@\210\363\010\336T\226\247'\204_{\261\370""1\235\2445\343\033Y!\212\201\341\272\225'\007\224=\324k\370\211'M\301\275v\006\027G\006\336\317LA\361o\271RH\217\244sS\277$\211\205\013\003""; }; "
1750527633516,1750527633516,0,1,0,1,TMLedgerData,"ledgerHash: ""7p\334\264\237\177~\330]\252+:\317u\302h\n\351\n\364\231\277R\371\356\033y\265v\360Ny""; ledgerSeq: 31; type: liBASE; nodes {;   nodedata: ""\000\000\000\037\001cEx]\211\377\330>\034\236l\273\005G\316F\217}[\036\007\270:\260\335\271B\241N\345\330\204\327f\361\272Kb\037\000\000\000\000\000\000\000\000\000\000\000\000\000\000\000\000\000\000\000\000\000\000\000\000\000\000\000\000\000\000\000\000b\246\307\345\234\341(YO\353\362I\231\216\254;Pq\372\265m\331\237\332\247\270\002\212\234\354\227\306/\351\253\017/\351\253\020\n\000""; }; nodes {;   nodedata: ""\323C\344\327\264{\312-\017:\006{\177\344N\002\326bO\260\220\006\033\362\345\005U\221DzJ0\001\301\025%1L\307\t\261\262z\374\222T\301\274V\236\223\262\270Ct\362\337b\356\024*\324\320\351\317\002k\336\234\027v\351\217\260\303\360\233ZPZWr\246$w\313\313\r\243r\232\2234\373\3539:N\004Q\245\272D\312D\300\300\t\323\0257\345e\271\na\215{\226\255x%T\257\037\333\004\344_/R\006E\344\037@\210\363\010\336T\226\247'\204_{\261\370""1\235\2445\343\033Y!\212\201\341\272\225'\007\224=\324k\370\211'M\301\275v\006\027G\006\336\317LA\361o\271RH\217\244sS\277$\211\205\013\003""; }; ","ledgerHash: ""7p\334\264\237\177~\330]\252+:\317u\302h\n\351\n\364\231\277R\371\356\033y\265v\360Ny""; ledgerSeq: 31; type: liBASE; nodes {;   nodedata: ""\000\000\000\037\001cEx]\211\377\330>\034\236l\273\005G\316F\217}[\036\007\270:\260\335\271B\241N\345\330\204\327f\361\272Kb\037\000\000\000\000\000\000\000\000\000\000\000\000\000\000\000\000\000\000\000\000\000\000\000\000\000\000\000\000\000\000\000\000b\246\307\345\234\341(YO\353\362I\231\216\254;Pq\372\265m\331\237\332\247\270\002\212\234\354\227\306/\351\253\017/\351\253\020\n\000""; }; nodes {;   nodedata: ""\323C\344\327\264{\312-\017:\006{\177\344N\002\326bO\260\220\006\033\362\345\005U\221DzJ0\001\301\025%1L\307\t\261\262z\374\222T\301\274V\236\223\262\270Ct\362\337b\356\024*\324\320\351\317\002k\336\234\027v\351\217\260\303\360\233ZPZWr\246$w\313\313\r\243r\232\2234\373\3539:N\004Q\245\272D\312D\300\300\t\323\0257\345e\271\na\215{\226\255x%T\257\037\333\004\344_/R\006E\344\037@\210\363\010\336T\226\247'\204_{\261\370""1\235\2445\343\033Y!\212\201\341\272\225'\007\224=\324k\370\211'M\301\275v\006\027G\006\336\317LA\361o\271RH\217\244sS\277$\211\205\013\003""; }; "
1750527633518,1750527633519,0,1,4,0,TMLedgerData,"ledgerHash: ""7p\334\264\237\177~\330]\252+:\317u\302h\n\351\n\364\231\277R\371\356\033y\265v\360Ny""; ledgerSeq: 31; type: liBASE; nodes {;   nodedata: ""\000\000\000\037\001cEx]\211\377\330>\034\236l\273\005G\316F\217}[\036\007\270:\260\335\271B\241N\345\330\204\327f\361\272Kb\037\000\000\000\000\000\000\000\000\000\000\000\000\000\000\000\000\000\000\000\000\000\000\000\000\000\000\000\000\000\000\000\000b\246\307\345\234\341(YO\353\362I\231\216\254;Pq\372\265m\331\237\332\247\270\002\212\234\354\227\306/\351\253\017/\351\253\020\n\000""; }; nodes {;   nodedata: ""\323C\344\327\264{\312-\017:\006{\177\344N\002\326bO\260\220\006\033\362\345\005U\221DzJ0\001\301\025%1L\307\t\261\262z\374\222T\301\274V\236\223\262\270Ct\362\337b\356\024*\324\320\351\317\002k\336\234\027v\351\217\260\303\360\233ZPZWr\246$w\313\313\r\243r\232\2234\373\3539:N\004Q\245\272D\312D\300\300\t\323\0257\345e\271\na\215{\226\255x%T\257\037\333\004\344_/R\006E\344\037@\210\363\010\336T\226\247'\204_{\261\370""1\235\2445\343\033Y!\212\201\341\272\225'\007\224=\324k\370\211'M\301\275v\006\027G\006\336\317LA\361o\271RH\217\244sS\277$\211\205\013\003""; }; ","ledgerHash: ""7p\334\264\237\177~\330]\252+:\317u\302h\n\351\n\364\231\277R\371\356\033y\265v\360Ny""; ledgerSeq: 31; type: liBASE; nodes {;   nodedata: ""\000\000\000\037\001cEx]\211\377\330>\034\236l\273\005G\316F\217}[\036\007\270:\260\335\271B\241N\345\330\204\327f\361\272Kb\037\000\000\000\000\000\000\000\000\000\000\000\000\000\000\000\000\000\000\000\000\000\000\000\000\000\000\000\000\000\000\000\000b\246\307\345\234\341(YO\353\362I\231\216\254;Pq\372\265m\331\237\332\247\270\002\212\234\354\227\306/\351\253\017/\351\253\020\n\000""; }; nodes {;   nodedata: ""\323C\344\327\264{\312-\017:\006{\177\344N\002\326bO\260\220\006\033\362\345\005U\221DzJ0\001\301\025%1L\307\t\261\262z\374\222T\301\274V\236\223\262\270Ct\362\337b\356\024*\324\320\351\317\002k\336\234\027v\351\217\260\303\360\233ZPZWr\246$w\313\313\r\243r\232\2234\373\3539:N\004Q\245\272D\312D\300\300\t\323\0257\345e\271\na\215{\226\255x%T\257\037\333\004\344_/R\006E\344\037@\210\363\010\336T\226\247'\204_{\261\370""1\235\2445\343\033Y!\212\201\341\272\225'\007\224=\324k\370\211'M\301\275v\006\027G\006\336\317LA\361o\271RH\217\244sS\277$\211\205\013\003""; }; "
1750527633612,1750527633612,0,1,4,3,TMStatusChange,"newEvent: neACCEPTED_LEDGER; ledgerSeq: 31; ledgerHash: ""7p\334\264\237\177~\330]\252+:\317u\302h\n\351\n\364\231\277R\371\356\033y\265v\360Ny""; ledgerHashPrevious: "">\034\236l\273\005G\316F\217}[\036\007\270:\260\335\271B\241N\345\330\204\327f\361\272Kb\037""; networkTime: 803842833; firstSeq: 1; lastSeq: 30; ","newEvent: neACCEPTED_LEDGER; ledgerSeq: 31; ledgerHash: ""7p\334\264\237\177~\330]\252+:\317u\302h\n\351\n\364\231\277R\371\356\033y\265v\360Ny""; ledgerHashPrevious: "">\034\236l\273\005G\316F\217}[\036\007\270:\260\335\271B\241N\345\330\204\327f\361\272Kb\037""; networkTime: 803842833; firstSeq: 1; lastSeq: 30; "
1750527633613,1750527633613,0,1,4,2,TMStatusChange,"newEvent: neACCEPTED_LEDGER; ledgerSeq: 31; ledgerHash: ""7p\334\264\237\177~\330]\252+:\317u\302h\n\351\n\364\231\277R\371\356\033y\265v\360Ny""; ledgerHashPrevious: "">\034\236l\273\005G\316F\217}[\036\007\270:\260\335\271B\241N\345\330\204\327f\361\272Kb\037""; networkTime: 803842833; firstSeq: 1; lastSeq: 30; ","newEvent: neACCEPTED_LEDGER; ledgerSeq: 31; ledgerHash: ""7p\334\264\237\177~\330]\252+:\317u\302h\n\351\n\364\231\277R\371\356\033y\265v\360Ny""; ledgerHashPrevious: "">\034\236l\273\005G\316F\217}[\036\007\270:\260\335\271B\241N\345\330\204\327f\361\272Kb\037""; networkTime: 803842833; firstSeq: 1; lastSeq: 30; "
1750527633613,1750527633613,0,1,4,0,TMStatusChange,"newEvent: neACCEPTED_LEDGER; ledgerSeq: 31; ledgerHash: ""7p\334\264\237\177~\330]\252+:\317u\302h\n\351\n\364\231\277R\371\356\033y\265v\360Ny""; ledgerHashPrevious: "">\034\236l\273\005G\316F\217}[\036\007\270:\260\335\271B\241N\345\330\204\327f\361\272Kb\037""; networkTime: 803842833; firstSeq: 1; lastSeq: 30; ","newEvent: neACCEPTED_LEDGER; ledgerSeq: 31; ledgerHash: ""7p\334\264\237\177~\330]\252+:\317u\302h\n\351\n\364\231\277R\371\356\033y\265v\360Ny""; ledgerHashPrevious: "">\034\236l\273\005G\316F\217}[\036\007\270:\260\335\271B\241N\345\330\204\327f\361\272Kb\037""; networkTime: 803842833; firstSeq: 1; lastSeq: 30; "
1750527633614,1750527633614,0,1,4,1,TMStatusChange,"newEvent: neACCEPTED_LEDGER; ledgerSeq: 31; ledgerHash: ""7p\334\264\237\177~\330]\252+:\317u\302h\n\351\n\364\231\277R\371\356\033y\265v\360Ny""; ledgerHashPrevious: "">\034\236l\273\005G\316F\217}[\036\007\270:\260\335\271B\241N\345\330\204\327f\361\272Kb\037""; networkTime: 803842833; firstSeq: 1; lastSeq: 30; ","newEvent: neACCEPTED_LEDGER; ledgerSeq: 31; ledgerHash: ""7p\334\264\237\177~\330]\252+:\317u\302h\n\351\n\364\231\277R\371\356\033y\265v\360Ny""; ledgerHashPrevious: "">\034\236l\273\005G\316F\217}[\036\007\270:\260\335\271B\241N\345\330\204\327f\361\272Kb\037""; networkTime: 803842833; firstSeq: 1; lastSeq: 30; "
1750527633654,1750527633654,0,1,4,2,TMValidation,"validation: """"\200\000\000\001&\000\000\000\037)/\351\253\021:\r\302\353\023?\373\240rQ7p\334\264\237\177~\330]\252+:\317u\302h\n\351\n\364\231\277R\371\356\033y\265v\360NyP\027\000\000\000\000\000\000\000\000\000\000\000\000\000\000\000\000\000\000\000\000\000\000\000\000\000\000\000\000\000\000\000\000P\031>\034\236l\273\005G\316F\217}[\036\007\270:\260\335\271B\241N\345\330\204\327f\361\272Kb\037s!\003R7o\362bV\300hf\266\241;}\200^\374\240\203[:\342Q\225\221\027y\372\255\235\216\323~vG0E\002!\000\202\325\345\227L\3535++\342&\007%\205)\\254Cp\337G\210\310i(\265\310\232\255\030J_\002 73I\027,\370XR\270\374w\005\317\267\321y\023\334\250 S\353\344\256\255\264n\342\t\026\315\261""; ","validation: """"\200\000\000\001&\000\000\000\037)/\351\253\021:\r\302\353\023?\373\240rQ7p\334\264\237\177~\330]\252+:\317u\302h\n\351\n\364\231\277R\371\356\033y\265v\360NyP\027\000\000\000\000\000\000\000\000\000\000\000\000\000\000\000\000\000\000\000\000\000\000\000\000\000\000\000\000\000\000\000\000P\031>\034\236l\273\005G\316F\217}[\036\007\270:\260\335\271B\241N\345\330\204\327f\361\272Kb\037s!\003R7o\362bV\300hf\266\241;}\200^\374\240\203[:\342Q\225\221\027y\372\255\235\216\323~vG0E\002!\000\202\325\345\227L\3535++\342&\007%\205)\\254Cp\337G\210\310i(\265\310\232\255\030J_\002 73I\027,\370XR\270\374w\005\317\267\321y\023\334\250 S\353\344\256\255\264n\342\t\026\315\261""; "
1750527633654,1750527633655,0,1,4,0,TMValidation,"validation: """"\200\000\000\001&\000\000\000\037)/\351\253\021:\r\302\353\023?\373\240rQ7p\334\264\237\177~\330]\252+:\317u\302h\n\351\n\364\231\277R\371\356\033y\265v\360NyP\027\000\000\000\000\000\000\000\000\000\000\000\000\000\000\000\000\000\000\000\000\000\000\000\000\000\000\000\000\000\000\000\000P\031>\034\236l\273\005G\316F\217}[\036\007\270:\260\335\271B\241N\345\330\204\327f\361\272Kb\037s!\003R7o\362bV\300hf\266\241;}\200^\374\240\203[:\342Q\225\221\027y\372\255\235\216\323~vG0E\002!\000\202\325\345\227L\3535++\342&\007%\205)\\254Cp\337G\210\310i(\265\310\232\255\030J_\002 73I\027,\370XR\270\374w\005\317\267\321y\023\334\250 S\353\344\256\255\264n\342\t\026\315\261""; ","validation: """"\200\000\000\001&\000\000\000\037)/\351\253\021:\r\302\353\023?\373\240rQ7p\334\264\237\177~\330]\252+:\317u\302h\n\351\n\364\231\277R\371\356\033y\265v\360NyP\027\000\000\000\000\000\000\000\000\000\000\000\000\000\000\000\000\000\000\000\000\000\000\000\000\000\000\000\000\000\000\000\000P\031>\034\236l\273\005G\316F\217}[\036\007\270:\260\335\271B\241N\345\330\204\327f\361\272Kb\037s!\003R7o\362bV\300hf\266\241;}\200^\374\240\203[:\342Q\225\221\027y\372\255\235\216\323~vG0E\002!\000\202\325\345\227L\3535++\342&\007%\205)\\254Cp\337G\210\310i(\265\310\232\255\030J_\002 73I\027,\370XR\270\374w\005\317\267\321y\023\334\250 S\353\344\256\255\264n\342\t\026\315\261""; "
1750527633655,1750527633655,0,1,4,1,TMValidation,"validation: """"\200\000\000\001&\000\000\000\037)/\351\253\021:\r\302\353\023?\373\240rQ7p\334\264\237\177~\330]\252+:\317u\302h\n\351\n\364\231\277R\371\356\033y\265v\360NyP\027\000\000\000\000\000\000\000\000\000\000\000\000\000\000\000\000\000\000\000\000\000\000\000\000\000\000\000\000\000\000\000\000P\031>\034\236l\273\005G\316F\217}[\036\007\270:\260\335\271B\241N\345\330\204\327f\361\272Kb\037s!\003R7o\362bV\300hf\266\241;}\200^\374\240\203[:\342Q\225\221\027y\372\255\235\216\323~vG0E\002!\000\202\325\345\227L\3535++\342&\007%\205)\\254Cp\337G\210\310i(\265\310\232\255\030J_\002 73I\027,\370XR\270\374w\005\317\267\321y\023\334\250 S\353\344\256\255\264n\342\t\026\315\261""; ","validation: """"\200\000\000\001&\000\000\000\037)/\351\253\021:\r\302\353\023?\373\240rQ7p\334\264\237\177~\330]\252+:\317u\302h\n\351\n\364\231\277R\371\356\033y\265v\360NyP\027\000\000\000\000\000\000\000\000\000\000\000\000\000\000\000\000\000\000\000\000\000\000\000\000\000\000\000\000\000\000\000\000P\031>\034\236l\273\005G\316F\217}[\036\007\270:\260\335\271B\241N\345\330\204\327f\361\272Kb\037s!\003R7o\362bV\300hf\266\241;}\200^\374\240\203[:\342Q\225\221\027y\372\255\235\216\323~vG0E\002!\000\202\325\345\227L\3535++\342&\007%\205)\\254Cp\337G\210\310i(\265\310\232\255\030J_\002 73I\027,\370XR\270\374w\005\317\267\321y\023\334\250 S\353\344\256\255\264n\342\t\026\315\261""; "
1750527633655,1750527633655,0,1,4,3,TMValidation,"validation: """"\200\000\000\001&\000\000\000\037)/\351\253\021:\r\302\353\023?\373\240rQ7p\334\264\237\177~\330]\252+:\317u\302h\n\351\n\364\231\277R\371\356\033y\265v\360NyP\027\000\000\000\000\000\000\000\000\000\000\000\000\000\000\000\000\000\000\000\000\000\000\000\000\000\000\000\000\000\000\000\000P\031>\034\236l\273\005G\316F\217}[\036\007\270:\260\335\271B\241N\345\330\204\327f\361\272Kb\037s!\003R7o\362bV\300hf\266\241;}\200^\374\240\203[:\342Q\225\221\027y\372\255\235\216\323~vG0E\002!\000\202\325\345\227L\3535++\342&\007%\205)\\254Cp\337G\210\310i(\265\310\232\255\030J_\002 73I\027,\370XR\270\374w\005\317\267\321y\023\334\250 S\353\344\256\255\264n\342\t\026\315\261""; ","validation: """"\200\000\000\001&\000\000\000\037)/\351\253\021:\r\302\353\023?\373\240rQ7p\334\264\237\177~\330]\252+:\317u\302h\n\351\n\364\231\277R\371\356\033y\265v\360NyP\027\000\000\000\000\000\000\000\000\000\000\000\000\000\000\000\000\000\000\000\000\000\000\000\000\000\000\000\000\000\000\000\000P\031>\034\236l\273\005G\316F\217}[\036\007\270:\260\335\271B\241N\345\330\204\327f\361\272Kb\037s!\003R7o\362bV\300hf\266\241;}\200^\374\240\203[:\342Q\225\221\027y\372\255\235\216\323~vG0E\002!\000\202\325\345\227L\3535++\342&\007%\205)\\254Cp\337G\210\310i(\265\310\232\255\030J_\002 73I\027,\370XR\270\374w\005\317\267\321y\023\334\250 S\353\344\256\255\264n\342\t\026\315\261""; "
1750527633657,1750527633657,0,1,0,2,TMValidation,"validation: """"\200\000\000\001&\000\000\000\037)/\351\253\021:\r\302\353\023?\373\240rQ7p\334\264\237\177~\330]\252+:\317u\302h\n\351\n\364\231\277R\371\356\033y\265v\360NyP\027\000\000\000\000\000\000\000\000\000\000\000\000\000\000\000\000\000\000\000\000\000\000\000\000\000\000\000\000\000\000\000\000P\031>\034\236l\273\005G\316F\217}[\036\007\270:\260\335\271B\241N\345\330\204\327f\361\272Kb\037s!\003R7o\362bV\300hf\266\241;}\200^\374\240\203[:\342Q\225\221\027y\372\255\235\216\323~vG0E\002!\000\202\325\345\227L\3535++\342&\007%\205)\\254Cp\337G\210\310i(\265\310\232\255\030J_\002 73I\027,\370XR\270\374w\005\317\267\321y\023\334\250 S\353\344\256\255\264n\342\t\026\315\261""; ","validation: """"\200\000\000\001&\000\000\000\037)/\351\253\021:\r\302\353\023?\373\240rQ7p\334\264\237\177~\330]\252+:\317u\302h\n\351\n\364\231\277R\371\356\033y\265v\360NyP\027\000\000\000\000\000\000\000\000\000\000\000\000\000\000\000\000\000\000\000\000\000\000\000\000\000\000\000\000\000\000\000\000P\031>\034\236l\273\005G\316F\217}[\036\007\270:\260\335\271B\241N\345\330\204\327f\361\272Kb\037s!\003R7o\362bV\300hf\266\241;}\200^\374\240\203[:\342Q\225\221\027y\372\255\235\216\323~vG0E\002!\000\202\325\345\227L\3535++\342&\007%\205)\\254Cp\337G\210\310i(\265\310\232\255\030J_\002 73I\027,\370XR\270\374w\005\317\267\321y\023\334\250 S\353\344\256\255\264n\342\t\026\315\261""; "
1750527633656,1750527633656,0,1,2,0,TMValidation,"validation: """"\200\000\000\001&\000\000\000\037)/\351\253\021:\r\302\353\023?\373\240rQ7p\334\264\237\177~\330]\252+:\317u\302h\n\351\n\364\231\277R\371\356\033y\265v\360NyP\027\000\000\000\000\000\000\000\000\000\000\000\000\000\000\000\000\000\000\000\000\000\000\000\000\000\000\000\000\000\000\000\000P\031>\034\236l\273\005G\316F\217}[\036\007\270:\260\335\271B\241N\345\330\204\327f\361\272Kb\037s!\003R7o\362bV\300hf\266\241;}\200^\374\240\203[:\342Q\225\221\027y\372\255\235\216\323~vG0E\002!\000\202\325\345\227L\3535++\342&\007%\205)\\254Cp\337G\210\310i(\265\310\232\255\030J_\002 73I\027,\370XR\270\374w\005\317\267\321y\023\334\250 S\353\344\256\255\264n\342\t\026\315\261""; ","validation: """"\200\000\000\001&\000\000\000\037)/\351\253\021:\r\302\353\023?\373\240rQ7p\334\264\237\177~\330]\252+:\317u\302h\n\351\n\364\231\277R\371\356\033y\265v\360NyP\027\000\000\000\000\000\000\000\000\000\000\000\000\000\000\000\000\000\000\000\000\000\000\000\000\000\000\000\000\000\000\000\000P\031>\034\236l\273\005G\316F\217}[\036\007\270:\260\335\271B\241N\345\330\204\327f\361\272Kb\037s!\003R7o\362bV\300hf\266\241;}\200^\374\240\203[:\342Q\225\221\027y\372\255\235\216\323~vG0E\002!\000\202\325\345\227L\3535++\342&\007%\205)\\254Cp\337G\210\310i(\265\310\232\255\030J_\002 73I\027,\370XR\270\374w\005\317\267\321y\023\334\250 S\353\344\256\255\264n\342\t\026\315\261""; "
1750527633656,1750527633656,0,1,2,1,TMValidation,"validation: """"\200\000\000\001&\000\000\000\037)/\351\253\021:\r\302\353\023?\373\240rQ7p\334\264\237\177~\330]\252+:\317u\302h\n\351\n\364\231\277R\371\356\033y\265v\360NyP\027\000\000\000\000\000\000\000\000\000\000\000\000\000\000\000\000\000\000\000\000\000\000\000\000\000\000\000\000\000\000\000\000P\031>\034\236l\273\005G\316F\217}[\036\007\270:\260\335\271B\241N\345\330\204\327f\361\272Kb\037s!\003R7o\362bV\300hf\266\241;}\200^\374\240\203[:\342Q\225\221\027y\372\255\235\216\323~vG0E\002!\000\202\325\345\227L\3535++\342&\007%\205)\\254Cp\337G\210\310i(\265\310\232\255\030J_\002 73I\027,\370XR\270\374w\005\317\267\321y\023\334\250 S\353\344\256\255\264n\342\t\026\315\261""; ","validation: """"\200\000\000\001&\000\000\000\037)/\351\253\021:\r\302\353\023?\373\240rQ7p\334\264\237\177~\330]\252+:\317u\302h\n\351\n\364\231\277R\371\356\033y\265v\360NyP\027\000\000\000\000\000\000\000\000\000\000\000\000\000\000\000\000\000\000\000\000\000\000\000\000\000\000\000\000\000\000\000\000P\031>\034\236l\273\005G\316F\217}[\036\007\270:\260\335\271B\241N\345\330\204\327f\361\272Kb\037s!\003R7o\362bV\300hf\266\241;}\200^\374\240\203[:\342Q\225\221\027y\372\255\235\216\323~vG0E\002!\000\202\325\345\227L\3535++\342&\007%\205)\\254Cp\337G\210\310i(\265\310\232\255\030J_\002 73I\027,\370XR\270\374w\005\317\267\321y\023\334\250 S\353\344\256\255\264n\342\t\026\315\261""; "
1750527633659,1750527633659,0,1,0,1,TMValidation,"validation: """"\200\000\000\001&\000\000\000\037)/\351\253\021:\r\302\353\023?\373\240rQ7p\334\264\237\177~\330]\252+:\317u\302h\n\351\n\364\231\277R\371\356\033y\265v\360NyP\027\000\000\000\000\000\000\000\000\000\000\000\000\000\000\000\000\000\000\000\000\000\000\000\000\000\000\000\000\000\000\000\000P\031>\034\236l\273\005G\316F\217}[\036\007\270:\260\335\271B\241N\345\330\204\327f\361\272Kb\037s!\003R7o\362bV\300hf\266\241;}\200^\374\240\203[:\342Q\225\221\027y\372\255\235\216\323~vG0E\002!\000\202\325\345\227L\3535++\342&\007%\205)\\254Cp\337G\210\310i(\265\310\232\255\030J_\002 73I\027,\370XR\270\374w\005\317\267\321y\023\334\250 S\353\344\256\255\264n\342\t\026\315\261""; ","validation: """"\200\000\000\001&\000\000\000\037)/\351\253\021:\r\302\353\023?\373\240rQ7p\334\264\237\177~\330]\252+:\317u\302h\n\351\n\364\231\277R\371\356\033y\265v\360NyP\027\000\000\000\000\000\000\000\000\000\000\000\000\000\000\000\000\000\000\000\000\000\000\000\000\000\000\000\000\000\000\000\000P\031>\034\236l\273\005G\316F\217}[\036\007\270:\260\335\271B\241N\345\330\204\327f\361\272Kb\037s!\003R7o\362bV\300hf\266\241;}\200^\374\240\203[:\342Q\225\221\027y\372\255\235\216\323~vG0E\002!\000\202\325\345\227L\3535++\342&\007%\205)\\254Cp\337G\210\310i(\265\310\232\255\030J_\002 73I\027,\370XR\270\374w\005\317\267\321y\023\334\250 S\353\344\256\255\264n\342\t\026\315\261""; "
1750527633659,1750527633659,0,1,0,3,TMValidation,"validation: """"\200\000\000\001&\000\000\000\037)/\351\253\021:\r\302\353\023?\373\240rQ7p\334\264\237\177~\330]\252+:\317u\302h\n\351\n\364\231\277R\371\356\033y\265v\360NyP\027\000\000\000\000\000\000\000\000\000\000\000\000\000\000\000\000\000\000\000\000\000\000\000\000\000\000\000\000\000\000\000\000P\031>\034\236l\273\005G\316F\217}[\036\007\270:\260\335\271B\241N\345\330\204\327f\361\272Kb\037s!\003R7o\362bV\300hf\266\241;}\200^\374\240\203[:\342Q\225\221\027y\372\255\235\216\323~vG0E\002!\000\202\325\345\227L\3535++\342&\007%\205)\\254Cp\337G\210\310i(\265\310\232\255\030J_\002 73I\027,\370XR\270\374w\005\317\267\321y\023\334\250 S\353\344\256\255\264n\342\t\026\315\261""; ","validation: """"\200\000\000\001&\000\000\000\037)/\351\253\021:\r\302\353\023?\373\240rQ7p\334\264\237\177~\330]\252+:\317u\302h\n\351\n\364\231\277R\371\356\033y\265v\360NyP\027\000\000\000\000\000\000\000\000\000\000\000\000\000\000\000\000\000\000\000\000\000\000\000\000\000\000\000\000\000\000\000\000P\031>\034\236l\273\005G\316F\217}[\036\007\270:\260\335\271B\241N\345\330\204\327f\361\272Kb\037s!\003R7o\362bV\300hf\266\241;}\200^\374\240\203[:\342Q\225\221\027y\372\255\235\216\323~vG0E\002!\000\202\325\345\227L\3535++\342&\007%\205)\\254Cp\337G\210\310i(\265\310\232\255\030J_\002 73I\027,\370XR\270\374w\005\317\267\321y\023\334\250 S\353\344\256\255\264n\342\t\026\315\261""; "
1750527633659,1750527633660,0,1,2,3,TMValidation,"validation: """"\200\000\000\001&\000\000\000\037)/\351\253\021:\r\302\353\023?\373\240rQ7p\334\264\237\177~\330]\252+:\317u\302h\n\351\n\364\231\277R\371\356\033y\265v\360NyP\027\000\000\000\000\000\000\000\000\000\000\000\000\000\000\000\000\000\000\000\000\000\000\000\000\000\000\000\000\000\000\000\000P\031>\034\236l\273\005G\316F\217}[\036\007\270:\260\335\271B\241N\345\330\204\327f\361\272Kb\037s!\003R7o\362bV\300hf\266\241;}\200^\374\240\203[:\342Q\225\221\027y\372\255\235\216\323~vG0E\002!\000\202\325\345\227L\3535++\342&\007%\205)\\254Cp\337G\210\310i(\265\310\232\255\030J_\002 73I\027,\370XR\270\374w\005\317\267\321y\023\334\250 S\353\344\256\255\264n\342\t\026\315\261""; ","validation: """"\200\000\000\001&\000\000\000\037)/\351\253\021:\r\302\353\023?\373\240rQ7p\334\264\237\177~\330]\252+:\317u\302h\n\351\n\364\231\277R\371\356\033y\265v\360NyP\027\000\000\000\000\000\000\000\000\000\000\000\000\000\000\000\000\000\000\000\000\000\000\000\000\000\000\000\000\000\000\000\000P\031>\034\236l\273\005G\316F\217}[\036\007\270:\260\335\271B\241N\345\330\204\327f\361\272Kb\037s!\003R7o\362bV\300hf\266\241;}\200^\374\240\203[:\342Q\225\221\027y\372\255\235\216\323~vG0E\002!\000\202\325\345\227L\3535++\342&\007%\205)\\254Cp\337G\210\310i(\265\310\232\255\030J_\002 73I\027,\370XR\270\374w\005\317\267\321y\023\334\250 S\353\344\256\255\264n\342\t\026\315\261""; "
1750527633660,1750527633660,0,1,1,3,TMValidation,"validation: """"\200\000\000\001&\000\000\000\037)/\351\253\021:\r\302\353\023?\373\240rQ7p\334\264\237\177~\330]\252+:\317u\302h\n\351\n\364\231\277R\371\356\033y\265v\360NyP\027\000\000\000\000\000\000\000\000\000\000\000\000\000\000\000\000\000\000\000\000\000\000\000\000\000\000\000\000\000\000\000\000P\031>\034\236l\273\005G\316F\217}[\036\007\270:\260\335\271B\241N\345\330\204\327f\361\272Kb\037s!\003R7o\362bV\300hf\266\241;}\200^\374\240\203[:\342Q\225\221\027y\372\255\235\216\323~vG0E\002!\000\202\325\345\227L\3535++\342&\007%\205)\\254Cp\337G\210\310i(\265\310\232\255\030J_\002 73I\027,\370XR\270\374w\005\317\267\321y\023\334\250 S\353\344\256\255\264n\342\t\026\315\261""; ","validation: """"\200\000\000\001&\000\000\000\037)/\351\253\021:\r\302\353\023?\373\240rQ7p\334\264\237\177~\330]\252+:\317u\302h\n\351\n\364\231\277R\371\356\033y\265v\360NyP\027\000\000\000\000\000\000\000\000\000\000\000\000\000\000\000\000\000\000\000\000\000\000\000\000\000\000\000\000\000\000\000\000P\031>\034\236l\273\005G\316F\217}[\036\007\270:\260\335\271B\241N\345\330\204\327f\361\272Kb\037s!\003R7o\362bV\300hf\266\241;}\200^\374\240\203[:\342Q\225\221\027y\372\255\235\216\323~vG0E\002!\000\202\325\345\227L\3535++\342&\007%\205)\\254Cp\337G\210\310i(\265\310\232\255\030J_\002 73I\027,\370XR\270\374w\005\317\267\321y\023\334\250 S\353\344\256\255\264n\342\t\026\315\261""; "
1750527633660,1750527633660,0,1,1,0,TMValidation,"validation: """"\200\000\000\001&\000\000\000\037)/\351\253\021:\r\302\353\023?\373\240rQ7p\334\264\237\177~\330]\252+:\317u\302h\n\351\n\364\231\277R\371\356\033y\265v\360NyP\027\000\000\000\000\000\000\000\000\000\000\000\000\000\000\000\000\000\000\000\000\000\000\000\000\000\000\000\000\000\000\000\000P\031>\034\236l\273\005G\316F\217}[\036\007\270:\260\335\271B\241N\345\330\204\327f\361\272Kb\037s!\003R7o\362bV\300hf\266\241;}\200^\374\240\203[:\342Q\225\221\027y\372\255\235\216\323~vG0E\002!\000\202\325\345\227L\3535++\342&\007%\205)\\254Cp\337G\210\310i(\265\310\232\255\030J_\002 73I\027,\370XR\270\374w\005\317\267\321y\023\334\250 S\353\344\256\255\264n\342\t\026\315\261""; ","validation: """"\200\000\000\001&\000\000\000\037)/\351\253\021:\r\302\353\023?\373\240rQ7p\334\264\237\177~\330]\252+:\317u\302h\n\351\n\364\231\277R\371\356\033y\265v\360NyP\027\000\000\000\000\000\000\000\000\000\000\000\000\000\000\000\000\000\000\000\000\000\000\000\000\000\000\000\000\000\000\000\000P\031>\034\236l\273\005G\316F\217}[\036\007\270:\260\335\271B\241N\345\330\204\327f\361\272Kb\037s!\003R7o\362bV\300hf\266\241;}\200^\374\240\203[:\342Q\225\221\027y\372\255\235\216\323~vG0E\002!\000\202\325\345\227L\3535++\342&\007%\205)\\254Cp\337G\210\310i(\265\310\232\255\030J_\002 73I\027,\370XR\270\374w\005\317\267\321y\023\334\250 S\353\344\256\255\264n\342\t\026\315\261""; "
1750527633660,1750527633660,0,1,1,2,TMValidation,"validation: """"\200\000\000\001&\000\000\000\037)/\351\253\021:\r\302\353\023?\373\240rQ7p\334\264\237\177~\330]\252+:\317u\302h\n\351\n\364\231\277R\371\356\033y\265v\360NyP\027\000\000\000\000\000\000\000\000\000\000\000\000\000\000\000\000\000\000\000\000\000\000\000\000\000\000\000\000\000\000\000\000P\031>\034\236l\273\005G\316F\217}[\036\007\270:\260\335\271B\241N\345\330\204\327f\361\272Kb\037s!\003R7o\362bV\300hf\266\241;}\200^\374\240\203[:\342Q\225\221\027y\372\255\235\216\323~vG0E\002!\000\202\325\345\227L\3535++\342&\007%\205)\\254Cp\337G\210\310i(\265\310\232\255\030J_\002 73I\027,\370XR\270\374w\005\317\267\321y\023\334\250 S\353\344\256\255\264n\342\t\026\315\261""; ","validation: """"\200\000\000\001&\000\000\000\037)/\351\253\021:\r\302\353\023?\373\240rQ7p\334\264\237\177~\330]\252+:\317u\302h\n\351\n\364\231\277R\371\356\033y\265v\360NyP\027\000\000\000\000\000\000\000\000\000\000\000\000\000\000\000\000\000\000\000\000\000\000\000\000\000\000\000\000\000\000\000\000P\031>\034\236l\273\005G\316F\217}[\036\007\270:\260\335\271B\241N\345\330\204\327f\361\272Kb\037s!\003R7o\362bV\300hf\266\241;}\200^\374\240\203[:\342Q\225\221\027y\372\255\235\216\323~vG0E\002!\000\202\325\345\227L\3535++\342&\007%\205)\\254Cp\337G\210\310i(\265\310\232\255\030J_\002 73I\027,\370XR\270\374w\005\317\267\321y\023\334\250 S\353\344\256\255\264n\342\t\026\315\261""; "
1750527633661,1750527633661,0,1,3,1,TMValidation,"validation: """"\200\000\000\001&\000\000\000\037)/\351\253\021:\r\302\353\023?\373\240rQ7p\334\264\237\177~\330]\252+:\317u\302h\n\351\n\364\231\277R\371\356\033y\265v\360NyP\027\000\000\000\000\000\000\000\000\000\000\000\000\000\000\000\000\000\000\000\000\000\000\000\000\000\000\000\000\000\000\000\000P\031>\034\236l\273\005G\316F\217}[\036\007\270:\260\335\271B\241N\345\330\204\327f\361\272Kb\037s!\003R7o\362bV\300hf\266\241;}\200^\374\240\203[:\342Q\225\221\027y\372\255\235\216\323~vG0E\002!\000\202\325\345\227L\3535++\342&\007%\205)\\254Cp\337G\210\310i(\265\310\232\255\030J_\002 73I\027,\370XR\270\374w\005\317\267\321y\023\334\250 S\353\344\256\255\264n\342\t\026\315\261""; ","validation: """"\200\000\000\001&\000\000\000\037)/\351\253\021:\r\302\353\023?\373\240rQ7p\334\264\237\177~\330]\252+:\317u\302h\n\351\n\364\231\277R\371\356\033y\265v\360NyP\027\000\000\000\000\000\000\000\000\000\000\000\000\000\000\000\000\000\000\000\000\000\000\000\000\000\000\000\000\000\000\000\000P\031>\034\236l\273\005G\316F\217}[\036\007\270:\260\335\271B\241N\345\330\204\327f\361\272Kb\037s!\003R7o\362bV\300hf\266\241;}\200^\374\240\203[:\342Q\225\221\027y\372\255\235\216\323~vG0E\002!\000\202\325\345\227L\3535++\342&\007%\205)\\254Cp\337G\210\310i(\265\310\232\255\030J_\002 73I\027,\370XR\270\374w\005\317\267\321y\023\334\250 S\353\344\256\255\264n\342\t\026\315\261""; "
1750527633661,1750527633661,0,1,3,2,TMValidation,"validation: """"\200\000\000\001&\000\000\000\037)/\351\253\021:\r\302\353\023?\373\240rQ7p\334\264\237\177~\330]\252+:\317u\302h\n\351\n\364\231\277R\371\356\033y\265v\360NyP\027\000\000\000\000\000\000\000\000\000\000\000\000\000\000\000\000\000\000\000\000\000\000\000\000\000\000\000\000\000\000\000\000P\031>\034\236l\273\005G\316F\217}[\036\007\270:\260\335\271B\241N\345\330\204\327f\361\272Kb\037s!\003R7o\362bV\300hf\266\241;}\200^\374\240\203[:\342Q\225\221\027y\372\255\235\216\323~vG0E\002!\000\202\325\345\227L\3535++\342&\007%\205)\\254Cp\337G\210\310i(\265\310\232\255\030J_\002 73I\027,\370XR\270\374w\005\317\267\321y\023\334\250 S\353\344\256\255\264n\342\t\026\315\261""; ","validation: """"\200\000\000\001&\000\000\000\037)/\351\253\021:\r\302\353\023?\373\240rQ7p\334\264\237\177~\330]\252+:\317u\302h\n\351\n\364\231\277R\371\356\033y\265v\360NyP\027\000\000\000\000\000\000\000\000\000\000\000\000\000\000\000\000\000\000\000\000\000\000\000\000\000\000\000\000\000\000\000\000P\031>\034\236l\273\005G\316F\217}[\036\007\270:\260\335\271B\241N\345\330\204\327f\361\272Kb\037s!\003R7o\362bV\300hf\266\241;}\200^\374\240\203[:\342Q\225\221\027y\372\255\235\216\323~vG0E\002!\000\202\325\345\227L\3535++\342&\007%\205)\\254Cp\337G\210\310i(\265\310\232\255\030J_\002 73I\027,\370XR\270\374w\005\317\267\321y\023\334\250 S\353\344\256\255\264n\342\t\026\315\261""; "
1750527633662,1750527633662,0,1,3,0,TMValidation,"validation: """"\200\000\000\001&\000\000\000\037)/\351\253\021:\r\302\353\023?\373\240rQ7p\334\264\237\177~\330]\252+:\317u\302h\n\351\n\364\231\277R\371\356\033y\265v\360NyP\027\000\000\000\000\000\000\000\000\000\000\000\000\000\000\000\000\000\000\000\000\000\000\000\000\000\000\000\000\000\000\000\000P\031>\034\236l\273\005G\316F\217}[\036\007\270:\260\335\271B\241N\345\330\204\327f\361\272Kb\037s!\003R7o\362bV\300hf\266\241;}\200^\374\240\203[:\342Q\225\221\027y\372\255\235\216\323~vG0E\002!\000\202\325\345\227L\3535++\342&\007%\205)\\254Cp\337G\210\310i(\265\310\232\255\030J_\002 73I\027,\370XR\270\374w\005\317\267\321y\023\334\250 S\353\344\256\255\264n\342\t\026\315\261""; ","validation: """"\200\000\000\001&\000\000\000\037)/\351\253\021:\r\302\353\023?\373\240rQ7p\334\264\237\177~\330]\252+:\317u\302h\n\351\n\364\231\277R\371\356\033y\265v\360NyP\027\000\000\000\000\000\000\000\000\000\000\000\000\000\000\000\000\000\000\000\000\000\000\000\000\000\000\000\000\000\000\000\000P\031>\034\236l\273\005G\316F\217}[\036\007\270:\260\335\271B\241N\345\330\204\327f\361\272Kb\037s!\003R7o\362bV\300hf\266\241;}\200^\374\240\203[:\342Q\225\221\027y\372\255\235\216\323~vG0E\002!\000\202\325\345\227L\3535++\342&\007%\205)\\254Cp\337G\210\310i(\265\310\232\255\030J_\002 73I\027,\370XR\270\374w\005\317\267\321y\023\334\250 S\353\344\256\255\264n\342\t\026\315\261""; "
1750527634451,1750527634451,0,1,3,4,TMProposeSet,"proposeSeq: 0; currentTxHash: ""\000\000\000\000\000\000\000\000\000\000\000\000\000\000\000\000\000\000\000\000\000\000\000\000\000\000\000\000\000\000\000\000""; nodePubKey: ""\002\364d\217\366\217|\316F\232\231\241\n\261\333`\312O\367\235\025DD\336e\367\n\312\326\221\037\025\230""; closeTime: 803842834; signature: ""0E\002!\000\302\031f\302\324U\216}#,\037\321\377\\264\252{\2076\024\010\340\251\257\215\002\t\365<\237vX\002 \032^?\002\275\354\177g@Cl\026\353\245\350\374\256\263\373\367'\215/\300\370\371\366\351\350\362;v""; previousledger: ""7p\334\264\237\177~\330]\252+:\317u\302h\n\351\n\364\231\277R\371\356\033y\265v\360Ny""; ","proposeSeq: 0; currentTxHash: ""\000\000\000\000\000\000\000\000\000\000\000\000\000\000\000\000\000\000\000\000\000\000\000\000\000\000\000\000\000\000\000\000""; nodePubKey: ""\002\364d\217\366\217|\316F\232\231\241\n\261\333`\312O\367\235\025DD\336e\367\n\312\326\221\037\025\230""; closeTime: 803842834; signature: ""0E\002!\000\302\031f\302\324U\216}#,\037\321\377\\264\252{\2076\024\010\340\251\257\215\002\t\365<\237vX\002 \032^?\002\275\354\177g@Cl\026\353\245\350\374\256\263\373\367'\215/\300\370\371\366\351\350\362;v""; previousledger: ""7p\334\264\237\177~\330]\252+:\317u\302h\n\351\n\364\231\277R\371\356\033y\265v\360Ny""; "
1750527634453,1750527634453,0,1,4,2,TMProposeSet,"proposeSeq: 0; currentTxHash: ""\000\000\000\000\000\000\000\000\000\000\000\000\000\000\000\000\000\000\000\000\000\000\000\000\000\000\000\000\000\000\000\000""; nodePubKey: ""\002\364d\217\366\217|\316F\232\231\241\n\261\333`\312O\367\235\025DD\336e\367\n\312\326\221\037\025\230""; closeTime: 803842834; signature: ""0E\002!\000\302\031f\302\324U\216}#,\037\321\377\\264\252{\2076\024\010\340\251\257\215\002\t\365<\237vX\002 \032^?\002\275\354\177g@Cl\026\353\245\350\374\256\263\373\367'\215/\300\370\371\366\351\350\362;v""; previousledger: ""7p\334\264\237\177~\330]\252+:\317u\302h\n\351\n\364\231\277R\371\356\033y\265v\360Ny""; ","proposeSeq: 0; currentTxHash: ""\000\000\000\000\000\000\000\000\000\000\000\000\000\000\000\000\000\000\000\000\000\000\000\000\000\000\000\000\000\000\000\000""; nodePubKey: ""\002\364d\217\366\217|\316F\232\231\241\n\261\333`\312O\367\235\025DD\336e\367\n\312\326\221\037\025\230""; closeTime: 803842834; signature: ""0E\002!\000\302\031f\302\324U\216}#,\037\321\377\\264\252{\2076\024\010\340\251\257\215\002\t\365<\237vX\002 \032^?\002\275\354\177g@Cl\026\353\245\350\374\256\263\373\367'\215/\300\370\371\366\351\350\362;v""; previousledger: ""7p\334\264\237\177~\330]\252+:\317u\302h\n\351\n\364\231\277R\371\356\033y\265v\360Ny""; "
1750527634453,1750527634453,0,1,4,1,TMProposeSet,"proposeSeq: 0; currentTxHash: ""\000\000\000\000\000\000\000\000\000\000\000\000\000\000\000\000\000\000\000\000\000\000\000\000\000\000\000\000\000\000\000\000""; nodePubKey: ""\002\364d\217\366\217|\316F\232\231\241\n\261\333`\312O\367\235\025DD\336e\367\n\312\326\221\037\025\230""; closeTime: 803842834; signature: ""0E\002!\000\302\031f\302\324U\216}#,\037\321\377\\264\252{\2076\024\010\340\251\257\215\002\t\365<\237vX\002 \032^?\002\275\354\177g@Cl\026\353\245\350\374\256\263\373\367'\215/\300\370\371\366\351\350\362;v""; previousledger: ""7p\334\264\237\177~\330]\252+:\317u\302h\n\351\n\364\231\277R\371\356\033y\265v\360Ny""; ","proposeSeq: 0; currentTxHash: ""\000\000\000\000\000\000\000\000\000\000\000\000\000\000\000\000\000\000\000\000\000\000\000\000\000\000\000\000\000\000\000\000""; nodePubKey: ""\002\364d\217\366\217|\316F\232\231\241\n\261\333`\312O\367\235\025DD\336e\367\n\312\326\221\037\025\230""; closeTime: 803842834; signature: ""0E\002!\000\302\031f\302\324U\216}#,\037\321\377\\264\252{\2076\024\010\340\251\257\215\002\t\365<\237vX\002 \032^?\002\275\354\177g@Cl\026\353\245\350\374\256\263\373\367'\215/\300\370\371\366\351\350\362;v""; previousledger: ""7p\334\264\237\177~\330]\252+:\317u\302h\n\351\n\364\231\277R\371\356\033y\265v\360Ny""; "
1750527634454,1750527634454,0,1,4,0,TMProposeSet,"proposeSeq: 0; currentTxHash: ""\000\000\000\000\000\000\000\000\000\000\000\000\000\000\000\000\000\000\000\000\000\000\000\000\000\000\000\000\000\000\000\000""; nodePubKey: ""\002\364d\217\366\217|\316F\232\231\241\n\261\333`\312O\367\235\025DD\336e\367\n\312\326\221\037\025\230""; closeTime: 803842834; signature: ""0E\002!\000\302\031f\302\324U\216}#,\037\321\377\\264\252{\2076\024\010\340\251\257\215\002\t\365<\237vX\002 \032^?\002\275\354\177g@Cl\026\353\245\350\374\256\263\373\367'\215/\300\370\371\366\351\350\362;v""; previousledger: ""7p\334\264\237\177~\330]\252+:\317u\302h\n\351\n\364\231\277R\371\356\033y\265v\360Ny""; ","proposeSeq: 0; currentTxHash: ""\000\000\000\000\000\000\000\000\000\000\000\000\000\000\000\000\000\000\000\000\000\000\000\000\000\000\000\000\000\000\000\000""; nodePubKey: ""\002\364d\217\366\217|\316F\232\231\241\n\261\333`\312O\367\235\025DD\336e\367\n\312\326\221\037\025\230""; closeTime: 803842834; signature: ""0E\002!\000\302\031f\302\324U\216}#,\037\321\377\\264\252{\2076\024\010\340\251\257\215\002\t\365<\237vX\002 \032^?\002\275\354\177g@Cl\026\353\245\350\374\256\263\373\367'\215/\300\370\371\366\351\350\362;v""; previousledger: ""7p\334\264\237\177~\330]\252+:\317u\302h\n\351\n\364\231\277R\371\356\033y\265v\360Ny""; "
1750527634490,1750527634490,0,1,3,1,TMProposeSet,"proposeSeq: 0; currentTxHash: ""\000\000\000\000\000\000\000\000\000\000\000\000\000\000\000\000\000\000\000\000\000\000\000\000\000\000\000\000\000\000\000\000""; nodePubKey: ""\002\364d\217\366\217|\316F\232\231\241\n\261\333`\312O\367\235\025DD\336e\367\n\312\326\221\037\025\230""; closeTime: 803842834; signature: ""0E\002!\000\302\031f\302\324U\216}#,\037\321\377\\264\252{\2076\024\010\340\251\257\215\002\t\365<\237vX\002 \032^?\002\275\354\177g@Cl\026\353\245\350\374\256\263\373\367'\215/\300\370\371\366\351\350\362;v""; previousledger: ""7p\334\264\237\177~\330]\252+:\317u\302h\n\351\n\364\231\277R\371\356\033y\265v\360Ny""; ","proposeSeq: 0; currentTxHash: ""\000\000\000\000\000\000\000\000\000\000\000\000\000\000\000\000\000\000\000\000\000\000\000\000\000\000\000\000\000\000\000\000""; nodePubKey: ""\002\364d\217\366\217|\316F\232\231\241\n\261\333`\312O\367\235\025DD\336e\367\n\312\326\221\037\025\230""; closeTime: 803842834; signature: ""0E\002!\000\302\031f\302\324U\216}#,\037\321\377\\264\252{\2076\024\010\340\251\257\215\002\t\365<\237vX\002 \032^?\002\275\354\177g@Cl\026\353\245\350\374\256\263\373\367'\215/\300\370\371\366\351\350\362;v""; previousledger: ""7p\334\264\237\177~\330]\252+:\317u\302h\n\351\n\364\231\277R\371\356\033y\265v\360Ny""; "
1750527634491,1750527634491,0,1,3,0,TMProposeSet,"proposeSeq: 0; currentTxHash: ""\000\000\000\000\000\000\000\000\000\000\000\000\000\000\000\000\000\000\000\000\000\000\000\000\000\000\000\000\000\000\000\000""; nodePubKey: ""\002\364d\217\366\217|\316F\232\231\241\n\261\333`\312O\367\235\025DD\336e\367\n\312\326\221\037\025\230""; closeTime: 803842834; signature: ""0E\002!\000\302\031f\302\324U\216}#,\037\321\377\\264\252{\2076\024\010\340\251\257\215\002\t\365<\237vX\002 \032^?\002\275\354\177g@Cl\026\353\245\350\374\256\263\373\367'\215/\300\370\371\366\351\350\362;v""; previousledger: ""7p\334\264\237\177~\330]\252+:\317u\302h\n\351\n\364\231\277R\371\356\033y\265v\360Ny""; ","proposeSeq: 0; currentTxHash: ""\000\000\000\000\000\000\000\000\000\000\000\000\000\000\000\000\000\000\000\000\000\000\000\000\000\000\000\000\000\000\000\000""; nodePubKey: ""\002\364d\217\366\217|\316F\232\231\241\n\261\333`\312O\367\235\025DD\336e\367\n\312\326\221\037\025\230""; closeTime: 803842834; signature: ""0E\002!\000\302\031f\302\324U\216}#,\037\321\377\\264\252{\2076\024\010\340\251\257\215\002\t\365<\237vX\002 \032^?\002\275\354\177g@Cl\026\353\245\350\374\256\263\373\367'\215/\300\370\371\366\351\350\362;v""; previousledger: ""7p\334\264\237\177~\330]\252+:\317u\302h\n\351\n\364\231\277R\371\356\033y\265v\360Ny""; "
1750527634491,1750527634491,0,1,3,2,TMProposeSet,"proposeSeq: 0; currentTxHash: ""\000\000\000\000\000\000\000\000\000\000\000\000\000\000\000\000\000\000\000\000\000\000\000\000\000\000\000\000\000\000\000\000""; nodePubKey: ""\002\364d\217\366\217|\316F\232\231\241\n\261\333`\312O\367\235\025DD\336e\367\n\312\326\221\037\025\230""; closeTime: 803842834; signature: ""0E\002!\000\302\031f\302\324U\216}#,\037\321\377\\264\252{\2076\024\010\340\251\257\215\002\t\365<\237vX\002 \032^?\002\275\354\177g@Cl\026\353\245\350\374\256\263\373\367'\215/\300\370\371\366\351\350\362;v""; previousledger: ""7p\334\264\237\177~\330]\252+:\317u\302h\n\351\n\364\231\277R\371\356\033y\265v\360Ny""; ","proposeSeq: 0; currentTxHash: ""\000\000\000\000\000\000\000\000\000\000\000\000\000\000\000\000\000\000\000\000\000\000\000\000\000\000\000\000\000\000\000\000""; nodePubKey: ""\002\364d\217\366\217|\316F\232\231\241\n\261\333`\312O\367\235\025DD\336e\367\n\312\326\221\037\025\230""; closeTime: 803842834; signature: ""0E\002!\000\302\031f\302\324U\216}#,\037\321\377\\264\252{\2076\024\010\340\251\257\215\002\t\365<\237vX\002 \032^?\002\275\354\177g@Cl\026\353\245\350\374\256\263\373\367'\215/\300\370\371\366\351\350\362;v""; previousledger: ""7p\334\264\237\177~\330]\252+:\317u\302h\n\351\n\364\231\277R\371\356\033y\265v\360Ny""; "
1750527634492,1750527634493,0,1,0,3,TMEndpoints,version: 2; ,version: 2; 
1750527634493,1750527634493,0,1,0,4,TMEndpoints,version: 2; ,version: 2; 
1750527634493,1750527634493,0,1,0,1,TMEndpoints,version: 2; ,version: 2; 
1750527634493,1750527634493,0,1,0,2,TMEndpoints,version: 2; ,version: 2; 
1750527634449,1750527634525,0,1,3,2,TMStatusChange,"newEvent: neCLOSING_LEDGER; ledgerSeq: 31; ledgerHash: ""7p\334\264\237\177~\330]\252+:\317u\302h\n\351\n\364\231\277R\371\356\033y\265v\360Ny""; ledgerHashPrevious: "">\034\236l\273\005G\316F\217}[\036\007\270:\260\335\271B\241N\345\330\204\327f\361\272Kb\037""; networkTime: 803842834; firstSeq: 1; lastSeq: 31; ","newEvent: neCLOSING_LEDGER; ledgerSeq: 31; ledgerHash: ""7p\334\264\237\177~\330]\252+:\317u\302h\n\351\n\364\231\277R\371\356\033y\265v\360Ny""; ledgerHashPrevious: "">\034\236l\273\005G\316F\217}[\036\007\270:\260\335\271B\241N\345\330\204\327f\361\272Kb\037""; networkTime: 803842834; firstSeq: 1; lastSeq: 31; "
1750527634450,1750527634526,0,1,3,1,TMStatusChange,"newEvent: neCLOSING_LEDGER; ledgerSeq: 31; ledgerHash: ""7p\334\264\237\177~\330]\252+:\317u\302h\n\351\n\364\231\277R\371\356\033y\265v\360Ny""; ledgerHashPrevious: "">\034\236l\273\005G\316F\217}[\036\007\270:\260\335\271B\241N\345\330\204\327f\361\272Kb\037""; networkTime: 803842834; firstSeq: 1; lastSeq: 31; ","newEvent: neCLOSING_LEDGER; ledgerSeq: 31; ledgerHash: ""7p\334\264\237\177~\330]\252+:\317u\302h\n\351\n\364\231\277R\371\356\033y\265v\360Ny""; ledgerHashPrevious: "">\034\236l\273\005G\316F\217}[\036\007\270:\260\335\271B\241N\345\330\204\327f\361\272Kb\037""; networkTime: 803842834; firstSeq: 1; lastSeq: 31; "
1750527634450,1750527634526,0,1,3,0,TMStatusChange,"newEvent: neCLOSING_LEDGER; ledgerSeq: 31; ledgerHash: ""7p\334\264\237\177~\330]\252+:\317u\302h\n\351\n\364\231\277R\371\356\033y\265v\360Ny""; ledgerHashPrevious: "">\034\236l\273\005G\316F\217}[\036\007\270:\260\335\271B\241N\345\330\204\327f\361\272Kb\037""; networkTime: 803842834; firstSeq: 1; lastSeq: 31; ","newEvent: neCLOSING_LEDGER; ledgerSeq: 31; ledgerHash: ""7p\334\264\237\177~\330]\252+:\317u\302h\n\351\n\364\231\277R\371\356\033y\265v\360Ny""; ledgerHashPrevious: "">\034\236l\273\005G\316F\217}[\036\007\270:\260\335\271B\241N\345\330\204\327f\361\272Kb\037""; networkTime: 803842834; firstSeq: 1; lastSeq: 31; "
1750527634450,1750527634526,0,1,3,4,TMStatusChange,"newEvent: neCLOSING_LEDGER; ledgerSeq: 31; ledgerHash: ""7p\334\264\237\177~\330]\252+:\317u\302h\n\351\n\364\231\277R\371\356\033y\265v\360Ny""; ledgerHashPrevious: "">\034\236l\273\005G\316F\217}[\036\007\270:\260\335\271B\241N\345\330\204\327f\361\272Kb\037""; networkTime: 803842834; firstSeq: 1; lastSeq: 31; ","newEvent: neCLOSING_LEDGER; ledgerSeq: 31; ledgerHash: ""7p\334\264\237\177~\330]\252+:\317u\302h\n\351\n\364\231\277R\371\356\033y\265v\360Ny""; ledgerHashPrevious: "">\034\236l\273\005G\316F\217}[\036\007\270:\260\335\271B\241N\345\330\204\327f\361\272Kb\037""; networkTime: 803842834; firstSeq: 1; lastSeq: 31; "
1750527634612,1750527634612,0,1,4,2,TMProposeSet,"proposeSeq: 0; currentTxHash: ""\000\000\000\000\000\000\000\000\000\000\000\000\000\000\000\000\000\000\000\000\000\000\000\000\000\000\000\000\000\000\000\000""; nodePubKey: ""\003R7o\362bV\300hf\266\241;}\200^\374\240\203[:\342Q\225\221\027y\372\255\235\216\323~""; closeTime: 803842834; signature: ""0D\002 !\256\365!\217\304\034\275\213\307\312\260\212{\210\336jv\233S\315\357e\036*\034\271m\027\361\214Q\002 ""\244\2173\331OW\004w$\207\033}3T\376m\341\350\231\331\013$|\316\254\334\217\342V\302K""; previousledger: ""7p\334\264\237\177~\330]\252+:\317u\302h\n\351\n\364\231\277R\371\356\033y\265v\360Ny""; ","proposeSeq: 0; currentTxHash: ""\000\000\000\000\000\000\000\000\000\000\000\000\000\000\000\000\000\000\000\000\000\000\000\000\000\000\000\000\000\000\000\000""; nodePubKey: ""\003R7o\362bV\300hf\266\241;}\200^\374\240\203[:\342Q\225\221\027y\372\255\235\216\323~""; closeTime: 803842834; signature: ""0D\002 !\256\365!\217\304\034\275\213\307\312\260\212{\210\336jv\233S\315\357e\036*\034\271m\027\361\214Q\002 ""\244\2173\331OW\004w$\207\033}3T\376m\341\350\231\331\013$|\316\254\334\217\342V\302K""; previousledger: ""7p\334\264\237\177~\330]\252+:\317u\302h\n\351\n\364\231\277R\371\356\033y\265v\360Ny""; "
1750527634613,1750527634613,0,1,4,3,TMProposeSet,"proposeSeq: 0; currentTxHash: ""\000\000\000\000\000\000\000\000\000\000\000\000\000\000\000\000\000\000\000\000\000\000\000\000\000\000\000\000\000\000\000\000""; nodePubKey: ""\003R7o\362bV\300hf\266\241;}\200^\374\240\203[:\342Q\225\221\027y\372\255\235\216\323~""; closeTime: 803842834; signature: ""0D\002 !\256\365!\217\304\034\275\213\307\312\260\212{\210\336jv\233S\315\357e\036*\034\271m\027\361\214Q\002 ""\244\2173\331OW\004w$\207\033}3T\376m\341\350\231\331\013$|\316\254\334\217\342V\302K""; previousledger: ""7p\334\264\237\177~\330]\252+:\317u\302h\n\351\n\364\231\277R\371\356\033y\265v\360Ny""; ","proposeSeq: 0; currentTxHash: ""\000\000\000\000\000\000\000\000\000\000\000\000\000\000\000\000\000\000\000\000\000\000\000\000\000\000\000\000\000\000\000\000""; nodePubKey: ""\003R7o\362bV\300hf\266\241;}\200^\374\240\203[:\342Q\225\221\027y\372\255\235\216\323~""; closeTime: 803842834; signature: ""0D\002 !\256\365!\217\304\034\275\213\307\312\260\212{\210\336jv\233S\315\357e\036*\034\271m\027\361\214Q\002 ""\244\2173\331OW\004w$\207\033}3T\376m\341\350\231\331\013$|\316\254\334\217\342V\302K""; previousledger: ""7p\334\264\237\177~\330]\252+:\317u\302h\n\351\n\364\231\277R\371\356\033y\265v\360Ny""; "
1750527634615,1750527634615,0,1,4,1,TMProposeSet,"proposeSeq: 0; currentTxHash: ""\000\000\000\000\000\000\000\000\000\000\000\000\000\000\000\000\000\000\000\000\000\000\000\000\000\000\000\000\000\000\000\000""; nodePubKey: ""\003R7o\362bV\300hf\266\241;}\200^\374\240\203[:\342Q\225\221\027y\372\255\235\216\323~""; closeTime: 803842834; signature: ""0D\002 !\256\365!\217\304\034\275\213\307\312\260\212{\210\336jv\233S\315\357e\036*\034\271m\027\361\214Q\002 ""\244\2173\331OW\004w$\207\033}3T\376m\341\350\231\331\013$|\316\254\334\217\342V\302K""; previousledger: ""7p\334\264\237\177~\330]\252+:\317u\302h\n\351\n\364\231\277R\371\356\033y\265v\360Ny""; ","proposeSeq: 0; currentTxHash: ""\000\000\000\000\000\000\000\000\000\000\000\000\000\000\000\000\000\000\000\000\000\000\000\000\000\000\000\000\000\000\000\000""; nodePubKey: ""\003R7o\362bV\300hf\266\241;}\200^\374\240\203[:\342Q\225\221\027y\372\255\235\216\323~""; closeTime: 803842834; signature: ""0D\002 !\256\365!\217\304\034\275\213\307\312\260\212{\210\336jv\233S\315\357e\036*\034\271m\027\361\214Q\002 ""\244\2173\331OW\004w$\207\033}3T\376m\341\350\231\331\013$|\316\254\334\217\342V\302K""; previousledger: ""7p\334\264\237\177~\330]\252+:\317u\302h\n\351\n\364\231\277R\371\356\033y\265v\360Ny""; "
1750527634615,1750527634615,0,1,4,0,TMProposeSet,"proposeSeq: 0; currentTxHash: ""\000\000\000\000\000\000\000\000\000\000\000\000\000\000\000\000\000\000\000\000\000\000\000\000\000\000\000\000\000\000\000\000""; nodePubKey: ""\003R7o\362bV\300hf\266\241;}\200^\374\240\203[:\342Q\225\221\027y\372\255\235\216\323~""; closeTime: 803842834; signature: ""0D\002 !\256\365!\217\304\034\275\213\307\312\260\212{\210\336jv\233S\315\357e\036*\034\271m\027\361\214Q\002 ""\244\2173\331OW\004w$\207\033}3T\376m\341\350\231\331\013$|\316\254\334\217\342V\302K""; previousledger: ""7p\334\264\237\177~\330]\252+:\317u\302h\n\351\n\364\231\277R\371\356\033y\265v\360Ny""; ","proposeSeq: 0; currentTxHash: ""\000\000\000\000\000\000\000\000\000\000\000\000\000\000\000\000\000\000\000\000\000\000\000\000\000\000\000\000\000\000\000\000""; nodePubKey: ""\003R7o\362bV\300hf\266\241;}\200^\374\240\203[:\342Q\225\221\027y\372\255\235\216\323~""; closeTime: 803842834; signature: ""0D\002 !\256\365!\217\304\034\275\213\307\312\260\212{\210\336jv\233S\315\357e\036*\034\271m\027\361\214Q\002 ""\244\2173\331OW\004w$\207\033}3T\376m\341\350\231\331\013$|\316\254\334\217\342V\302K""; previousledger: ""7p\334\264\237\177~\330]\252+:\317u\302h\n\351\n\364\231\277R\371\356\033y\265v\360Ny""; "
1750527634617,1750527634617,0,1,3,1,TMProposeSet,"proposeSeq: 0; currentTxHash: ""\000\000\000\000\000\000\000\000\000\000\000\000\000\000\000\000\000\000\000\000\000\000\000\000\000\000\000\000\000\000\000\000""; nodePubKey: ""\003R7o\362bV\300hf\266\241;}\200^\374\240\203[:\342Q\225\221\027y\372\255\235\216\323~""; closeTime: 803842834; signature: ""0D\002 !\256\365!\217\304\034\275\213\307\312\260\212{\210\336jv\233S\315\357e\036*\034\271m\027\361\214Q\002 ""\244\2173\331OW\004w$\207\033}3T\376m\341\350\231\331\013$|\316\254\334\217\342V\302K""; previousledger: ""7p\334\264\237\177~\330]\252+:\317u\302h\n\351\n\364\231\277R\371\356\033y\265v\360Ny""; ","proposeSeq: 0; currentTxHash: ""\000\000\000\000\000\000\000\000\000\000\000\000\000\000\000\000\000\000\000\000\000\000\000\000\000\000\000\000\000\000\000\000""; nodePubKey: ""\003R7o\362bV\300hf\266\241;}\200^\374\240\203[:\342Q\225\221\027y\372\255\235\216\323~""; closeTime: 803842834; signature: ""0D\002 !\256\365!\217\304\034\275\213\307\312\260\212{\210\336jv\233S\315\357e\036*\034\271m\027\361\214Q\002 ""\244\2173\331OW\004w$\207\033}3T\376m\341\350\231\331\013$|\316\254\334\217\342V\302K""; previousledger: ""7p\334\264\237\177~\330]\252+:\317u\302h\n\351\n\364\231\277R\371\356\033y\265v\360Ny""; "
1750527634616,1750527634616,0,1,3,0,TMProposeSet,"proposeSeq: 0; currentTxHash: ""\000\000\000\000\000\000\000\000\000\000\000\000\000\000\000\000\000\000\000\000\000\000\000\000\000\000\000\000\000\000\000\000""; nodePubKey: ""\003R7o\362bV\300hf\266\241;}\200^\374\240\203[:\342Q\225\221\027y\372\255\235\216\323~""; closeTime: 803842834; signature: ""0D\002 !\256\365!\217\304\034\275\213\307\312\260\212{\210\336jv\233S\315\357e\036*\034\271m\027\361\214Q\002 ""\244\2173\331OW\004w$\207\033}3T\376m\341\350\231\331\013$|\316\254\334\217\342V\302K""; previousledger: ""7p\334\264\237\177~\330]\252+:\317u\302h\n\351\n\364\231\277R\371\356\033y\265v\360Ny""; ","proposeSeq: 0; currentTxHash: ""\000\000\000\000\000\000\000\000\000\000\000\000\000\000\000\000\000\000\000\000\000\000\000\000\000\000\000\000\000\000\000\000""; nodePubKey: ""\003R7o\362bV\300hf\266\241;}\200^\374\240\203[:\342Q\225\221\027y\372\255\235\216\323~""; closeTime: 803842834; signature: ""0D\002 !\256\365!\217\304\034\275\213\307\312\260\212{\210\336jv\233S\315\357e\036*\034\271m\027\361\214Q\002 ""\244\2173\331OW\004w$\207\033}3T\376m\341\350\231\331\013$|\316\254\334\217\342V\302K""; previousledger: ""7p\334\264\237\177~\330]\252+:\317u\302h\n\351\n\364\231\277R\371\356\033y\265v\360Ny""; "
1750527634616,1750527634616,0,1,3,2,TMProposeSet,"proposeSeq: 0; currentTxHash: ""\000\000\000\000\000\000\000\000\000\000\000\000\000\000\000\000\000\000\000\000\000\000\000\000\000\000\000\000\000\000\000\000""; nodePubKey: ""\003R7o\362bV\300hf\266\241;}\200^\374\240\203[:\342Q\225\221\027y\372\255\235\216\323~""; closeTime: 803842834; signature: ""0D\002 !\256\365!\217\304\034\275\213\307\312\260\212{\210\336jv\233S\315\357e\036*\034\271m\027\361\214Q\002 ""\244\2173\331OW\004w$\207\033}3T\376m\341\350\231\331\013$|\316\254\334\217\342V\302K""; previousledger: ""7p\334\264\237\177~\330]\252+:\317u\302h\n\351\n\364\231\277R\371\356\033y\265v\360Ny""; ","proposeSeq: 0; currentTxHash: ""\000\000\000\000\000\000\000\000\000\000\000\000\000\000\000\000\000\000\000\000\000\000\000\000\000\000\000\000\000\000\000\000""; nodePubKey: ""\003R7o\362bV\300hf\266\241;}\200^\374\240\203[:\342Q\225\221\027y\372\255\235\216\323~""; closeTime: 803842834; signature: ""0D\002 !\256\365!\217\304\034\275\213\307\312\260\212{\210\336jv\233S\315\357e\036*\034\271m\027\361\214Q\002 ""\244\2173\331OW\004w$\207\033}3T\376m\341\350\231\331\013$|\316\254\334\217\342V\302K""; previousledger: ""7p\334\264\237\177~\330]\252+:\317u\302h\n\351\n\364\231\277R\371\356\033y\265v\360Ny""; "
1750527634612,1750527634687,0,1,4,2,TMStatusChange,"newEvent: neCLOSING_LEDGER; ledgerSeq: 31; ledgerHash: ""7p\334\264\237\177~\330]\252+:\317u\302h\n\351\n\364\231\277R\371\356\033y\265v\360Ny""; ledgerHashPrevious: "">\034\236l\273\005G\316F\217}[\036\007\270:\260\335\271B\241N\345\330\204\327f\361\272Kb\037""; networkTime: 803842834; firstSeq: 1; lastSeq: 31; ","newEvent: neCLOSING_LEDGER; ledgerSeq: 31; ledgerHash: ""7p\334\264\237\177~\330]\252+:\317u\302h\n\351\n\364\231\277R\371\356\033y\265v\360Ny""; ledgerHashPrevious: "">\034\236l\273\005G\316F\217}[\036\007\270:\260\335\271B\241N\345\330\204\327f\361\272Kb\037""; networkTime: 803842834; firstSeq: 1; lastSeq: 31; "
1750527634615,1750527634688,0,1,4,1,TMStatusChange,"newEvent: neCLOSING_LEDGER; ledgerSeq: 31; ledgerHash: ""7p\334\264\237\177~\330]\252+:\317u\302h\n\351\n\364\231\277R\371\356\033y\265v\360Ny""; ledgerHashPrevious: "">\034\236l\273\005G\316F\217}[\036\007\270:\260\335\271B\241N\345\330\204\327f\361\272Kb\037""; networkTime: 803842834; firstSeq: 1; lastSeq: 31; ","newEvent: neCLOSING_LEDGER; ledgerSeq: 31; ledgerHash: ""7p\334\264\237\177~\330]\252+:\317u\302h\n\351\n\364\231\277R\371\356\033y\265v\360Ny""; ledgerHashPrevious: "">\034\236l\273\005G\316F\217}[\036\007\270:\260\335\271B\241N\345\330\204\327f\361\272Kb\037""; networkTime: 803842834; firstSeq: 1; lastSeq: 31; "
1750527634615,1750527634688,0,1,4,0,TMStatusChange,"newEvent: neCLOSING_LEDGER; ledgerSeq: 31; ledgerHash: ""7p\334\264\237\177~\330]\252+:\317u\302h\n\351\n\364\231\277R\371\356\033y\265v\360Ny""; ledgerHashPrevious: "">\034\236l\273\005G\316F\217}[\036\007\270:\260\335\271B\241N\345\330\204\327f\361\272Kb\037""; networkTime: 803842834; firstSeq: 1; lastSeq: 31; ","newEvent: neCLOSING_LEDGER; ledgerSeq: 31; ledgerHash: ""7p\334\264\237\177~\330]\252+:\317u\302h\n\351\n\364\231\277R\371\356\033y\265v\360Ny""; ledgerHashPrevious: "">\034\236l\273\005G\316F\217}[\036\007\270:\260\335\271B\241N\345\330\204\327f\361\272Kb\037""; networkTime: 803842834; firstSeq: 1; lastSeq: 31; "
1750527634614,1750527634688,0,1,4,3,TMStatusChange,"newEvent: neCLOSING_LEDGER; ledgerSeq: 31; ledgerHash: ""7p\334\264\237\177~\330]\252+:\317u\302h\n\351\n\364\231\277R\371\356\033y\265v\360Ny""; ledgerHashPrevious: "">\034\236l\273\005G\316F\217}[\036\007\270:\260\335\271B\241N\345\330\204\327f\361\272Kb\037""; networkTime: 803842834; firstSeq: 1; lastSeq: 31; ","newEvent: neCLOSING_LEDGER; ledgerSeq: 31; ledgerHash: ""7p\334\264\237\177~\330]\252+:\317u\302h\n\351\n\364\231\277R\371\356\033y\265v\360Ny""; ledgerHashPrevious: "">\034\236l\273\005G\316F\217}[\036\007\270:\260\335\271B\241N\345\330\204\327f\361\272Kb\037""; networkTime: 803842834; firstSeq: 1; lastSeq: 31; "
1750527635684,1750527635685,0,1,1,4,TMStatusChange,"newEvent: neACCEPTED_LEDGER; ledgerSeq: 12; ledgerHash: ""s\0079\313\230\355\262\256\324\364\274&\034p\210@K\347#\343\030\246\353\321\312\303\353m\240\026\264\302""; ledgerHashPrevious: ""\217\r\003K\266\305\315C\214\232\253\322f#\037\275` \312Q\313\216Ch\327\007x\320\303\216]p""; networkTime: 803842835; firstSeq: 1; lastSeq: 31; ","newEvent: neACCEPTED_LEDGER; ledgerSeq: 12; ledgerHash: ""s\0079\313\230\355\262\256\324\364\274&\034p\210@K\347#\343\030\246\353\321\312\303\353m\240\026\264\302""; ledgerHashPrevious: ""\217\r\003K\266\305\315C\214\232\253\322f#\037\275` \312Q\313\216Ch\327\007x\320\303\216]p""; networkTime: 803842835; firstSeq: 1; lastSeq: 31; "
1750527635685,1750527635685,0,1,1,2,TMStatusChange,"newEvent: neACCEPTED_LEDGER; ledgerSeq: 12; ledgerHash: ""s\0079\313\230\355\262\256\324\364\274&\034p\210@K\347#\343\030\246\353\321\312\303\353m\240\026\264\302""; ledgerHashPrevious: ""\217\r\003K\266\305\315C\214\232\253\322f#\037\275` \312Q\313\216Ch\327\007x\320\303\216]p""; networkTime: 803842835; firstSeq: 1; lastSeq: 31; ","newEvent: neACCEPTED_LEDGER; ledgerSeq: 12; ledgerHash: ""s\0079\313\230\355\262\256\324\364\274&\034p\210@K\347#\343\030\246\353\321\312\303\353m\240\026\264\302""; ledgerHashPrevious: ""\217\r\003K\266\305\315C\214\232\253\322f#\037\275` \312Q\313\216Ch\327\007x\320\303\216]p""; networkTime: 803842835; firstSeq: 1; lastSeq: 31; "
1750527635686,1750527635686,0,1,1,3,TMStatusChange,"newEvent: neACCEPTED_LEDGER; ledgerSeq: 12; ledgerHash: ""s\0079\313\230\355\262\256\324\364\274&\034p\210@K\347#\343\030\246\353\321\312\303\353m\240\026\264\302""; ledgerHashPrevious: ""\217\r\003K\266\305\315C\214\232\253\322f#\037\275` \312Q\313\216Ch\327\007x\320\303\216]p""; networkTime: 803842835; firstSeq: 1; lastSeq: 31; ","newEvent: neACCEPTED_LEDGER; ledgerSeq: 12; ledgerHash: ""s\0079\313\230\355\262\256\324\364\274&\034p\210@K\347#\343\030\246\353\321\312\303\353m\240\026\264\302""; ledgerHashPrevious: ""\217\r\003K\266\305\315C\214\232\253\322f#\037\275` \312Q\313\216Ch\327\007x\320\303\216]p""; networkTime: 803842835; firstSeq: 1; lastSeq: 31; "
1750527635686,1750527635686,0,1,1,0,TMStatusChange,"newEvent: neACCEPTED_LEDGER; ledgerSeq: 12; ledgerHash: ""s\0079\313\230\355\262\256\324\364\274&\034p\210@K\347#\343\030\246\353\321\312\303\353m\240\026\264\302""; ledgerHashPrevious: ""\217\r\003K\266\305\315C\214\232\253\322f#\037\275` \312Q\313\216Ch\327\007x\320\303\216]p""; networkTime: 803842835; firstSeq: 1; lastSeq: 31; ","newEvent: neACCEPTED_LEDGER; ledgerSeq: 12; ledgerHash: ""s\0079\313\230\355\262\256\324\364\274&\034p\210@K\347#\343\030\246\353\321\312\303\353m\240\026\264\302""; ledgerHashPrevious: ""\217\r\003K\266\305\315C\214\232\253\322f#\037\275` \312Q\313\216Ch\327\007x\320\303\216]p""; networkTime: 803842835; firstSeq: 1; lastSeq: 31; "
1750527636451,1750527636451,0,1,3,2,TMValidation,"validation: """"\200\000\000\001&\000\000\000 )/\351\253\024:p\210\265\307-\212\200\004Q\246\332qY\262\231\251\n\305\334\202\305\362\n\367@k\231\016R:\327\242\366\242\253LZY\223$GP\027\000\000\000\000\000\000\000\000\000\000\000\000\000\000\000\000\000\000\000\000\000\000\000\000\000\000\000\000\000\000\000\000P\0317p\334\264\237\177~\330]\252+:\317u\302h\n\351\n\364\231\277R\371\356\033y\265v\360Nys!\002\364d\217\366\217|\316F\232\231\241\n\261\333`\312O\367\235\025DD\336e\367\n\312\326\221\037\025\230vG0E\002!\000\300\236kc\3176\024m\315\247%\273q\250\313\275\337\274\321\375\271\034\003\314zk!Q\177^\210N\002 E\343\312\276iMD_U\250$`\350\025n0D\305\324U\210\346eK=\336\355AE\371w\221""; ","validation: """"\200\000\000\001&\000\000\000 )/\351\253\024:p\210\265\307-\212\200\004Q\246\332qY\262\231\251\n\305\334\202\305\362\n\367@k\231\016R:\327\242\366\242\253LZY\223$GP\027\000\000\000\000\000\000\000\000\000\000\000\000\000\000\000\000\000\000\000\000\000\000\000\000\000\000\000\000\000\000\000\000P\0317p\334\264\237\177~\330]\252+:\317u\302h\n\351\n\364\231\277R\371\356\033y\265v\360Nys!\002\364d\217\366\217|\316F\232\231\241\n\261\333`\312O\367\235\025DD\336e\367\n\312\326\221\037\025\230vG0E\002!\000\300\236kc\3176\024m\315\247%\273q\250\313\275\337\274\321\375\271\034\003\314zk!Q\177^\210N\002 E\343\312\276iMD_U\250$`\350\025n0D\305\324U\210\346eK=\336\355AE\371w\221""; "
1750527636452,1750527636452,0,1,3,4,TMStatusChange,"newEvent: neACCEPTED_LEDGER; ledgerSeq: 32; ledgerHash: ""\246\332qY\262\231\251\n\305\334\202\305\362\n\367@k\231\016R:\327\242\366\242\253LZY\223$G""; ledgerHashPrevious: ""7p\334\264\237\177~\330]\252+:\317u\302h\n\351\n\364\231\277R\371\356\033y\265v\360Ny""; networkTime: 803842836; firstSeq: 1; lastSeq: 31; ","newEvent: neACCEPTED_LEDGER; ledgerSeq: 32; ledgerHash: ""\246\332qY\262\231\251\n\305\334\202\305\362\n\367@k\231\016R:\327\242\366\242\253LZY\223$G""; ledgerHashPrevious: ""7p\334\264\237\177~\330]\252+:\317u\302h\n\351\n\364\231\277R\371\356\033y\265v\360Ny""; networkTime: 803842836; firstSeq: 1; lastSeq: 31; "
1750527636451,1750527636451,0,1,3,4,TMValidation,"validation: """"\200\000\000\001&\000\000\000 )/\351\253\024:p\210\265\307-\212\200\004Q\246\332qY\262\231\251\n\305\334\202\305\362\n\367@k\231\016R:\327\242\366\242\253LZY\223$GP\027\000\000\000\000\000\000\000\000\000\000\000\000\000\000\000\000\000\000\000\000\000\000\000\000\000\000\000\000\000\000\000\000P\0317p\334\264\237\177~\330]\252+:\317u\302h\n\351\n\364\231\277R\371\356\033y\265v\360Nys!\002\364d\217\366\217|\316F\232\231\241\n\261\333`\312O\367\235\025DD\336e\367\n\312\326\221\037\025\230vG0E\002!\000\300\236kc\3176\024m\315\247%\273q\250\313\275\337\274\321\375\271\034\003\314zk!Q\177^\210N\002 E\343\312\276iMD_U\250$`\350\025n0D\305\324U\210\346eK=\336\355AE\371w\221""; ","validation: """"\200\000\000\001&\000\000\000 )/\351\253\024:p\210\265\307-\212\200\004Q\246\332qY\262\231\251\n\305\334\202\305\362\n\367@k\231\016R:\327\242\366\242\253LZY\223$GP\027\000\000\000\000\000\000\000\000\000\000\000\000\000\000\000\000\000\000\000\000\000\000\000\000\000\000\000\000\000\000\000\000P\0317p\334\264\237\177~\330]\252+:\317u\302h\n\351\n\364\231\277R\371\356\033y\265v\360Nys!\002\364d\217\366\217|\316F\232\231\241\n\261\333`\312O\367\235\025DD\336e\367\n\312\326\221\037\025\230vG0E\002!\000\300\236kc\3176\024m\315\247%\273q\250\313\275\337\274\321\375\271\034\003\314zk!Q\177^\210N\002 E\343\312\276iMD_U\250$`\350\025n0D\305\324U\210\346eK=\336\355AE\371w\221""; "
1750527636453,1750527636453,0,1,3,0,TMStatusChange,"newEvent: neACCEPTED_LEDGER; ledgerSeq: 32; ledgerHash: ""\246\332qY\262\231\251\n\305\334\202\305\362\n\367@k\231\016R:\327\242\366\242\253LZY\223$G""; ledgerHashPrevious: ""7p\334\264\237\177~\330]\252+:\317u\302h\n\351\n\364\231\277R\371\356\033y\265v\360Ny""; networkTime: 803842836; firstSeq: 1; lastSeq: 31; ","newEvent: neACCEPTED_LEDGER; ledgerSeq: 32; ledgerHash: ""\246\332qY\262\231\251\n\305\334\202\305\362\n\367@k\231\016R:\327\242\366\242\253LZY\223$G""; ledgerHashPrevious: ""7p\334\264\237\177~\330]\252+:\317u\302h\n\351\n\364\231\277R\371\356\033y\265v\360Ny""; networkTime: 803842836; firstSeq: 1; lastSeq: 31; "
1750527636453,1750527636453,0,1,3,1,TMStatusChange,"newEvent: neACCEPTED_LEDGER; ledgerSeq: 32; ledgerHash: ""\246\332qY\262\231\251\n\305\334\202\305\362\n\367@k\231\016R:\327\242\366\242\253LZY\223$G""; ledgerHashPrevious: ""7p\334\264\237\177~\330]\252+:\317u\302h\n\351\n\364\231\277R\371\356\033y\265v\360Ny""; networkTime: 803842836; firstSeq: 1; lastSeq: 31; ","newEvent: neACCEPTED_LEDGER; ledgerSeq: 32; ledgerHash: ""\246\332qY\262\231\251\n\305\334\202\305\362\n\367@k\231\016R:\327\242\366\242\253LZY\223$G""; ledgerHashPrevious: ""7p\334\264\237\177~\330]\252+:\317u\302h\n\351\n\364\231\277R\371\356\033y\265v\360Ny""; networkTime: 803842836; firstSeq: 1; lastSeq: 31; "
1750527636453,1750527636453,0,1,3,0,TMValidation,"validation: """"\200\000\000\001&\000\000\000 )/\351\253\024:p\210\265\307-\212\200\004Q\246\332qY\262\231\251\n\305\334\202\305\362\n\367@k\231\016R:\327\242\366\242\253LZY\223$GP\027\000\000\000\000\000\000\000\000\000\000\000\000\000\000\000\000\000\000\000\000\000\000\000\000\000\000\000\000\000\000\000\000P\0317p\334\264\237\177~\330]\252+:\317u\302h\n\351\n\364\231\277R\371\356\033y\265v\360Nys!\002\364d\217\366\217|\316F\232\231\241\n\261\333`\312O\367\235\025DD\336e\367\n\312\326\221\037\025\230vG0E\002!\000\300\236kc\3176\024m\315\247%\273q\250\313\275\337\274\321\375\271\034\003\314zk!Q\177^\210N\002 E\343\312\276iMD_U\250$`\350\025n0D\305\324U\210\346eK=\336\355AE\371w\221""; ","validation: """"\200\000\000\001&\000\000\000 )/\351\253\024:p\210\265\307-\212\200\004Q\246\332qY\262\231\251\n\305\334\202\305\362\n\367@k\231\016R:\327\242\366\242\253LZY\223$GP\027\000\000\000\000\000\000\000\000\000\000\000\000\000\000\000\000\000\000\000\000\000\000\000\000\000\000\000\000\000\000\000\000P\0317p\334\264\237\177~\330]\252+:\317u\302h\n\351\n\364\231\277R\371\356\033y\265v\360Nys!\002\364d\217\366\217|\316F\232\231\241\n\261\333`\312O\367\235\025DD\336e\367\n\312\326\221\037\025\230vG0E\002!\000\300\236kc\3176\024m\315\247%\273q\250\313\275\337\274\321\375\271\034\003\314zk!Q\177^\210N\002 E\343\312\276iMD_U\250$`\350\025n0D\305\324U\210\346eK=\336\355AE\371w\221""; "
1750527636454,1750527636454,0,1,3,2,TMStatusChange,"newEvent: neACCEPTED_LEDGER; ledgerSeq: 32; ledgerHash: ""\246\332qY\262\231\251\n\305\334\202\305\362\n\367@k\231\016R:\327\242\366\242\253LZY\223$G""; ledgerHashPrevious: ""7p\334\264\237\177~\330]\252+:\317u\302h\n\351\n\364\231\277R\371\356\033y\265v\360Ny""; networkTime: 803842836; firstSeq: 1; lastSeq: 31; ","newEvent: neACCEPTED_LEDGER; ledgerSeq: 32; ledgerHash: ""\246\332qY\262\231\251\n\305\334\202\305\362\n\367@k\231\016R:\327\242\366\242\253LZY\223$G""; ledgerHashPrevious: ""7p\334\264\237\177~\330]\252+:\317u\302h\n\351\n\364\231\277R\371\356\033y\265v\360Ny""; networkTime: 803842836; firstSeq: 1; lastSeq: 31; "
1750527636455,1750527636455,0,1,3,1,TMValidation,"validation: """"\200\000\000\001&\000\000\000 )/\351\253\024:p\210\265\307-\212\200\004Q\246\332qY\262\231\251\n\305\334\202\305\362\n\367@k\231\016R:\327\242\366\242\253LZY\223$GP\027\000\000\000\000\000\000\000\000\000\000\000\000\000\000\000\000\000\000\000\000\000\000\000\000\000\000\000\000\000\000\000\000P\0317p\334\264\237\177~\330]\252+:\317u\302h\n\351\n\364\231\277R\371\356\033y\265v\360Nys!\002\364d\217\366\217|\316F\232\231\241\n\261\333`\312O\367\235\025DD\336e\367\n\312\326\221\037\025\230vG0E\002!\000\300\236kc\3176\024m\315\247%\273q\250\313\275\337\274\321\375\271\034\003\314zk!Q\177^\210N\002 E\343\312\276iMD_U\250$`\350\025n0D\305\324U\210\346eK=\336\355AE\371w\221""; ","validation: """"\200\000\000\001&\000\000\000 )/\351\253\024:p\210\265\307-\212\200\004Q\246\332qY\262\231\251\n\305\334\202\305\362\n\367@k\231\016R:\327\242\366\242\253LZY\223$GP\027\000\000\000\000\000\000\000\000\000\000\000\000\000\000\000\000\000\000\000\000\000\000\000\000\000\000\000\000\000\000\000\000P\0317p\334\264\237\177~\330]\252+:\317u\302h\n\351\n\364\231\277R\371\356\033y\265v\360Nys!\002\364d\217\366\217|\316F\232\231\241\n\261\333`\312O\367\235\025DD\336e\367\n\312\326\221\037\025\230vG0E\002!\000\300\236kc\3176\024m\315\247%\273q\250\313\275\337\274\321\375\271\034\003\314zk!Q\177^\210N\002 E\343\312\276iMD_U\250$`\350\025n0D\305\324U\210\346eK=\336\355AE\371w\221""; "
1750527636455,1750527636455,0,1,2,4,TMGetLedger,"itype: liBASE; ledgerHash: ""\246\332qY\262\231\251\n\305\334\202\305\362\n\367@k\231\016R:\327\242\366\242\253LZY\223$G""; ledgerSeq: 32; ","itype: liBASE; ledgerHash: ""\246\332qY\262\231\251\n\305\334\202\305\362\n\367@k\231\016R:\327\242\366\242\253LZY\223$G""; ledgerSeq: 32; "
1750527636455,1750527636455,0,1,2,1,TMGetLedger,"itype: liBASE; ledgerHash: ""\246\332qY\262\231\251\n\305\334\202\305\362\n\367@k\231\016R:\327\242\366\242\253LZY\223$G""; ledgerSeq: 32; ","itype: liBASE; ledgerHash: ""\246\332qY\262\231\251\n\305\334\202\305\362\n\367@k\231\016R:\327\242\366\242\253LZY\223$G""; ledgerSeq: 32; "
1750527636456,1750527636456,0,1,2,3,TMGetLedger,"itype: liBASE; ledgerHash: ""\246\332qY\262\231\251\n\305\334\202\305\362\n\367@k\231\016R:\327\242\366\242\253LZY\223$G""; ledgerSeq: 32; ","itype: liBASE; ledgerHash: ""\246\332qY\262\231\251\n\305\334\202\305\362\n\367@k\231\016R:\327\242\366\242\253LZY\223$G""; ledgerSeq: 32; "
1750527636456,1750527636456,0,1,2,0,TMGetLedger,"itype: liBASE; ledgerHash: ""\246\332qY\262\231\251\n\305\334\202\305\362\n\367@k\231\016R:\327\242\366\242\253LZY\223$G""; ledgerSeq: 32; ","itype: liBASE; ledgerHash: ""\246\332qY\262\231\251\n\305\334\202\305\362\n\367@k\231\016R:\327\242\366\242\253LZY\223$G""; ledgerSeq: 32; "
1750527636457,1750527636457,0,1,4,0,TMGetLedger,"itype: liBASE; ledgerHash: ""\246\332qY\262\231\251\n\305\334\202\305\362\n\367@k\231\016R:\327\242\366\242\253LZY\223$G""; ","itype: liBASE; ledgerHash: ""\246\332qY\262\231\251\n\305\334\202\305\362\n\367@k\231\016R:\327\242\366\242\253LZY\223$G""; "
1750527636457,1750527636457,0,1,4,2,TMValidation,"validation: """"\200\000\000\001&\000\000\000 )/\351\253\024:p\210\265\307-\212\200\004Q\246\332qY\262\231\251\n\305\334\202\305\362\n\367@k\231\016R:\327\242\366\242\253LZY\223$GP\027\000\000\000\000\000\000\000\000\000\000\000\000\000\000\000\000\000\000\000\000\000\000\000\000\000\000\000\000\000\000\000\000P\0317p\334\264\237\177~\330]\252+:\317u\302h\n\351\n\364\231\277R\371\356\033y\265v\360Nys!\002\364d\217\366\217|\316F\232\231\241\n\261\333`\312O\367\235\025DD\336e\367\n\312\326\221\037\025\230vG0E\002!\000\300\236kc\3176\024m\315\247%\273q\250\313\275\337\274\321\375\271\034\003\314zk!Q\177^\210N\002 E\343\312\276iMD_U\250$`\350\025n0D\305\324U\210\346eK=\336\355AE\371w\221""; ","validation: """"\200\000\000\001&\000\000\000 )/\351\253\024:p\210\265\307-\212\200\004Q\246\332qY\262\231\251\n\305\334\202\305\362\n\367@k\231\016R:\327\242\366\242\253LZY\223$GP\027\000\000\000\000\000\000\000\000\000\000\000\000\000\000\000\000\000\000\000\000\000\000\000\000\000\000\000\000\000\000\000\000P\0317p\334\264\237\177~\330]\252+:\317u\302h\n\351\n\364\231\277R\371\356\033y\265v\360Nys!\002\364d\217\366\217|\316F\232\231\241\n\261\333`\312O\367\235\025DD\336e\367\n\312\326\221\037\025\230vG0E\002!\000\300\236kc\3176\024m\315\247%\273q\250\313\275\337\274\321\375\271\034\003\314zk!Q\177^\210N\002 E\343\312\276iMD_U\250$`\350\025n0D\305\324U\210\346eK=\336\355AE\371w\221""; "
1750527636457,1750527636457,0,1,4,2,TMGetLedger,"itype: liBASE; ledgerHash: ""\246\332qY\262\231\251\n\305\334\202\305\362\n\367@k\231\016R:\327\242\366\242\253LZY\223$G""; queryType: qtINDIRECT; ","itype: liBASE; ledgerHash: ""\246\332qY\262\231\251\n\305\334\202\305\362\n\367@k\231\016R:\327\242\366\242\253LZY\223$G""; queryType: qtINDIRECT; "
1750527636458,1750527636458,0,1,4,2,TMGetLedger,"itype: liBASE; ledgerHash: ""\246\332qY\262\231\251\n\305\334\202\305\362\n\367@k\231\016R:\327\242\366\242\253LZY\223$G""; ","itype: liBASE; ledgerHash: ""\246\332qY\262\231\251\n\305\334\202\305\362\n\367@k\231\016R:\327\242\366\242\253LZY\223$G""; "
1750527636459,1750527636459,0,1,4,0,TMValidation,"validation: """"\200\000\000\001&\000\000\000 )/\351\253\024:p\210\265\307-\212\200\004Q\246\332qY\262\231\251\n\305\334\202\305\362\n\367@k\231\016R:\327\242\366\242\253LZY\223$GP\027\000\000\000\000\000\000\000\000\000\000\000\000\000\000\000\000\000\000\000\000\000\000\000\000\000\000\000\000\000\000\000\000P\0317p\334\264\237\177~\330]\252+:\317u\302h\n\351\n\364\231\277R\371\356\033y\265v\360Nys!\002\364d\217\366\217|\316F\232\231\241\n\261\333`\312O\367\235\025DD\336e\367\n\312\326\221\037\025\230vG0E\002!\000\300\236kc\3176\024m\315\247%\273q\250\313\275\337\274\321\375\271\034\003\314zk!Q\177^\210N\002 E\343\312\276iMD_U\250$`\350\025n0D\305\324U\210\346eK=\336\355AE\371w\221""; ","validation: """"\200\000\000\001&\000\000\000 )/\351\253\024:p\210\265\307-\212\200\004Q\246\332qY\262\231\251\n\305\334\202\305\362\n\367@k\231\016R:\327\242\366\242\253LZY\223$GP\027\000\000\000\000\000\000\000\000\000\000\000\000\000\000\000\000\000\000\000\000\000\000\000\000\000\000\000\000\000\000\000\000P\0317p\334\264\237\177~\330]\252+:\317u\302h\n\351\n\364\231\277R\371\356\033y\265v\360Nys!\002\364d\217\366\217|\316F\232\231\241\n\261\333`\312O\367\235\025DD\336e\367\n\312\326\221\037\025\230vG0E\002!\000\300\236kc\3176\024m\315\247%\273q\250\313\275\337\274\321\375\271\034\003\314zk!Q\177^\210N\002 E\343\312\276iMD_U\250$`\350\025n0D\305\324U\210\346eK=\336\355AE\371w\221""; "
1750527636459,1750527636459,0,1,4,1,TMValidation,"validation: """"\200\000\000\001&\000\000\000 )/\351\253\024:p\210\265\307-\212\200\004Q\246\332qY\262\231\251\n\305\334\202\305\362\n\367@k\231\016R:\327\242\366\242\253LZY\223$GP\027\000\000\000\000\000\000\000\000\000\000\000\000\000\000\000\000\000\000\000\000\000\000\000\000\000\000\000\000\000\000\000\000P\0317p\334\264\237\177~\330]\252+:\317u\302h\n\351\n\364\231\277R\371\356\033y\265v\360Nys!\002\364d\217\366\217|\316F\232\231\241\n\261\333`\312O\367\235\025DD\336e\367\n\312\326\221\037\025\230vG0E\002!\000\300\236kc\3176\024m\315\247%\273q\250\313\275\337\274\321\375\271\034\003\314zk!Q\177^\210N\002 E\343\312\276iMD_U\250$`\350\025n0D\305\324U\210\346eK=\336\355AE\371w\221""; ","validation: """"\200\000\000\001&\000\000\000 )/\351\253\024:p\210\265\307-\212\200\004Q\246\332qY\262\231\251\n\305\334\202\305\362\n\367@k\231\016R:\327\242\366\242\253LZY\223$GP\027\000\000\000\000\000\000\000\000\000\000\000\000\000\000\000\000\000\000\000\000\000\000\000\000\000\000\000\000\000\000\000\000P\0317p\334\264\237\177~\330]\252+:\317u\302h\n\351\n\364\231\277R\371\356\033y\265v\360Nys!\002\364d\217\366\217|\316F\232\231\241\n\261\333`\312O\367\235\025DD\336e\367\n\312\326\221\037\025\230vG0E\002!\000\300\236kc\3176\024m\315\247%\273q\250\313\275\337\274\321\375\271\034\003\314zk!Q\177^\210N\002 E\343\312\276iMD_U\250$`\350\025n0D\305\324U\210\346eK=\336\355AE\371w\221""; "
1750527636460,1750527636460,0,1,4,1,TMGetLedger,"itype: liBASE; ledgerHash: ""\246\332qY\262\231\251\n\305\334\202\305\362\n\367@k\231\016R:\327\242\366\242\253LZY\223$G""; queryType: qtINDIRECT; ","itype: liBASE; ledgerHash: ""\246\332qY\262\231\251\n\305\334\202\305\362\n\367@k\231\016R:\327\242\366\242\253LZY\223$G""; queryType: qtINDIRECT; "
1750527636460,1750527636461,0,1,4,1,TMGetLedger,"itype: liBASE; ledgerHash: ""\246\332qY\262\231\251\n\305\334\202\305\362\n\367@k\231\016R:\327\242\366\242\253LZY\223$G""; ","itype: liBASE; ledgerHash: ""\246\332qY\262\231\251\n\305\334\202\305\362\n\367@k\231\016R:\327\242\366\242\253LZY\223$G""; "
1750527636461,1750527636461,0,1,4,3,TMGetLedger,"itype: liBASE; ledgerHash: ""\246\332qY\262\231\251\n\305\334\202\305\362\n\367@k\231\016R:\327\242\366\242\253LZY\223$G""; queryType: qtINDIRECT; ","itype: liBASE; ledgerHash: ""\246\332qY\262\231\251\n\305\334\202\305\362\n\367@k\231\016R:\327\242\366\242\253LZY\223$G""; queryType: qtINDIRECT; "
1750527636462,1750527636462,0,1,4,0,TMGetLedger,"itype: liBASE; ledgerHash: ""\246\332qY\262\231\251\n\305\334\202\305\362\n\367@k\231\016R:\327\242\366\242\253LZY\223$G""; queryType: qtINDIRECT; ","itype: liBASE; ledgerHash: ""\246\332qY\262\231\251\n\305\334\202\305\362\n\367@k\231\016R:\327\242\366\242\253LZY\223$G""; queryType: qtINDIRECT; "
1750527636462,1750527636463,0,1,4,3,TMGetLedger,"itype: liBASE; ledgerHash: ""\246\332qY\262\231\251\n\305\334\202\305\362\n\367@k\231\016R:\327\242\366\242\253LZY\223$G""; ","itype: liBASE; ledgerHash: ""\246\332qY\262\231\251\n\305\334\202\305\362\n\367@k\231\016R:\327\242\366\242\253LZY\223$G""; "
1750527636463,1750527636463,0,1,0,3,TMGetLedger,"itype: liBASE; ledgerHash: ""\246\332qY\262\231\251\n\305\334\202\305\362\n\367@k\231\016R:\327\242\366\242\253LZY\223$G""; ledgerSeq: 32; ","itype: liBASE; ledgerHash: ""\246\332qY\262\231\251\n\305\334\202\305\362\n\367@k\231\016R:\327\242\366\242\253LZY\223$G""; ledgerSeq: 32; "
1750527636463,1750527636463,0,1,0,4,TMGetLedger,"itype: liBASE; ledgerHash: ""\246\332qY\262\231\251\n\305\334\202\305\362\n\367@k\231\016R:\327\242\366\242\253LZY\223$G""; ledgerSeq: 32; queryType: qtINDIRECT; ","itype: liBASE; ledgerHash: ""\246\332qY\262\231\251\n\305\334\202\305\362\n\367@k\231\016R:\327\242\366\242\253LZY\223$G""; ledgerSeq: 32; queryType: qtINDIRECT; "
1750527636464,1750527636464,0,1,0,2,TMGetLedger,"itype: liBASE; ledgerHash: ""\246\332qY\262\231\251\n\305\334\202\305\362\n\367@k\231\016R:\327\242\366\242\253LZY\223$G""; ledgerSeq: 32; ","itype: liBASE; ledgerHash: ""\246\332qY\262\231\251\n\305\334\202\305\362\n\367@k\231\016R:\327\242\366\242\253LZY\223$G""; ledgerSeq: 32; "
1750527636464,1750527636464,0,1,0,4,TMGetLedger,"itype: liBASE; ledgerHash: ""\246\332qY\262\231\251\n\305\334\202\305\362\n\367@k\231\016R:\327\242\366\242\253LZY\223$G""; ledgerSeq: 32; ","itype: liBASE; ledgerHash: ""\246\332qY\262\231\251\n\305\334\202\305\362\n\367@k\231\016R:\327\242\366\242\253LZY\223$G""; ledgerSeq: 32; "
1750527636465,1750527636465,0,1,0,1,TMGetLedger,"itype: liBASE; ledgerHash: ""\246\332qY\262\231\251\n\305\334\202\305\362\n\367@k\231\016R:\327\242\366\242\253LZY\223$G""; ledgerSeq: 32; queryType: qtINDIRECT; ","itype: liBASE; ledgerHash: ""\246\332qY\262\231\251\n\305\334\202\305\362\n\367@k\231\016R:\327\242\366\242\253LZY\223$G""; ledgerSeq: 32; queryType: qtINDIRECT; "
1750527636465,1750527636465,0,1,0,4,TMValidation,"validation: """"\200\000\000\001&\000\000\000 )/\351\253\024:p\210\265\307-\212\200\004Q\246\332qY\262\231\251\n\305\334\202\305\362\n\367@k\231\016R:\327\242\366\242\253LZY\223$GP\027\000\000\000\000\000\000\000\000\000\000\000\000\000\000\000\000\000\000\000\000\000\000\000\000\000\000\000\000\000\000\000\000P\0317p\334\264\237\177~\330]\252+:\317u\302h\n\351\n\364\231\277R\371\356\033y\265v\360Nys!\002\364d\217\366\217|\316F\232\231\241\n\261\333`\312O\367\235\025DD\336e\367\n\312\326\221\037\025\230vG0E\002!\000\300\236kc\3176\024m\315\247%\273q\250\313\275\337\274\321\375\271\034\003\314zk!Q\177^\210N\002 E\343\312\276iMD_U\250$`\350\025n0D\305\324U\210\346eK=\336\355AE\371w\221""; ","validation: """"\200\000\000\001&\000\000\000 )/\351\253\024:p\210\265\307-\212\200\004Q\246\332qY\262\231\251\n\305\334\202\305\362\n\367@k\231\016R:\327\242\366\242\253LZY\223$GP\027\000\000\000\000\000\000\000\000\000\000\000\000\000\000\000\000\000\000\000\000\000\000\000\000\000\000\000\000\000\000\000\000P\0317p\334\264\237\177~\330]\252+:\317u\302h\n\351\n\364\231\277R\371\356\033y\265v\360Nys!\002\364d\217\366\217|\316F\232\231\241\n\261\333`\312O\367\235\025DD\336e\367\n\312\326\221\037\025\230vG0E\002!\000\300\236kc\3176\024m\315\247%\273q\250\313\275\337\274\321\375\271\034\003\314zk!Q\177^\210N\002 E\343\312\276iMD_U\250$`\350\025n0D\305\324U\210\346eK=\336\355AE\371w\221""; "
1750527636465,1750527636465,0,1,0,1,TMValidation,"validation: """"\200\000\000\001&\000\000\000 )/\351\253\024:p\210\265\307-\212\200\004Q\246\332qY\262\231\251\n\305\334\202\305\362\n\367@k\231\016R:\327\242\366\242\253LZY\223$GP\027\000\000\000\000\000\000\000\000\000\000\000\000\000\000\000\000\000\000\000\000\000\000\000\000\000\000\000\000\000\000\000\000P\0317p\334\264\237\177~\330]\252+:\317u\302h\n\351\n\364\231\277R\371\356\033y\265v\360Nys!\002\364d\217\366\217|\316F\232\231\241\n\261\333`\312O\367\235\025DD\336e\367\n\312\326\221\037\025\230vG0E\002!\000\300\236kc\3176\024m\315\247%\273q\250\313\275\337\274\321\375\271\034\003\314zk!Q\177^\210N\002 E\343\312\276iMD_U\250$`\350\025n0D\305\324U\210\346eK=\336\355AE\371w\221""; ","validation: """"\200\000\000\001&\000\000\000 )/\351\253\024:p\210\265\307-\212\200\004Q\246\332qY\262\231\251\n\305\334\202\305\362\n\367@k\231\016R:\327\242\366\242\253LZY\223$GP\027\000\000\000\000\000\000\000\000\000\000\000\000\000\000\000\000\000\000\000\000\000\000\000\000\000\000\000\000\000\000\000\000P\0317p\334\264\237\177~\330]\252+:\317u\302h\n\351\n\364\231\277R\371\356\033y\265v\360Nys!\002\364d\217\366\217|\316F\232\231\241\n\261\333`\312O\367\235\025DD\336e\367\n\312\326\221\037\025\230vG0E\002!\000\300\236kc\3176\024m\315\247%\273q\250\313\275\337\274\321\375\271\034\003\314zk!Q\177^\210N\002 E\343\312\276iMD_U\250$`\350\025n0D\305\324U\210\346eK=\336\355AE\371w\221""; "
1750527636466,1750527636466,0,1,0,1,TMGetLedger,"itype: liBASE; ledgerHash: ""\246\332qY\262\231\251\n\305\334\202\305\362\n\367@k\231\016R:\327\242\366\242\253LZY\223$G""; ledgerSeq: 32; ","itype: liBASE; ledgerHash: ""\246\332qY\262\231\251\n\305\334\202\305\362\n\367@k\231\016R:\327\242\366\242\253LZY\223$G""; ledgerSeq: 32; "
1750527636466,1750527636466,0,1,0,2,TMValidation,"validation: """"\200\000\000\001&\000\000\000 )/\351\253\024:p\210\265\307-\212\200\004Q\246\332qY\262\231\251\n\305\334\202\305\362\n\367@k\231\016R:\327\242\366\242\253LZY\223$GP\027\000\000\000\000\000\000\000\000\000\000\000\000\000\000\000\000\000\000\000\000\000\000\000\000\000\000\000\000\000\000\000\000P\0317p\334\264\237\177~\330]\252+:\317u\302h\n\351\n\364\231\277R\371\356\033y\265v\360Nys!\002\364d\217\366\217|\316F\232\231\241\n\261\333`\312O\367\235\025DD\336e\367\n\312\326\221\037\025\230vG0E\002!\000\300\236kc\3176\024m\315\247%\273q\250\313\275\337\274\321\375\271\034\003\314zk!Q\177^\210N\002 E\343\312\276iMD_U\250$`\350\025n0D\305\324U\210\346eK=\336\355AE\371w\221""; ","validation: """"\200\000\000\001&\000\000\000 )/\351\253\024:p\210\265\307-\212\200\004Q\246\332qY\262\231\251\n\305\334\202\305\362\n\367@k\231\016R:\327\242\366\242\253LZY\223$GP\027\000\000\000\000\000\000\000\000\000\000\000\000\000\000\000\000\000\000\000\000\000\000\000\000\000\000\000\000\000\000\000\000P\0317p\334\264\237\177~\330]\252+:\317u\302h\n\351\n\364\231\277R\371\356\033y\265v\360Nys!\002\364d\217\366\217|\316F\232\231\241\n\261\333`\312O\367\235\025DD\336e\367\n\312\326\221\037\025\230vG0E\002!\000\300\236kc\3176\024m\315\247%\273q\250\313\275\337\274\321\375\271\034\003\314zk!Q\177^\210N\002 E\343\312\276iMD_U\250$`\350\025n0D\305\324U\210\346eK=\336\355AE\371w\221""; "
1750527636467,1750527636467,0,1,2,3,TMGetLedger,"itype: liBASE; ledgerHash: ""\246\332qY\262\231\251\n\305\334\202\305\362\n\367@k\231\016R:\327\242\366\242\253LZY\223$G""; ledgerSeq: 32; queryType: qtINDIRECT; ","itype: liBASE; ledgerHash: ""\246\332qY\262\231\251\n\305\334\202\305\362\n\367@k\231\016R:\327\242\366\242\253LZY\223$G""; ledgerSeq: 32; queryType: qtINDIRECT; "
1750527636467,1750527636467,0,1,0,2,TMGetLedger,"itype: liBASE; ledgerHash: ""\246\332qY\262\231\251\n\305\334\202\305\362\n\367@k\231\016R:\327\242\366\242\253LZY\223$G""; ledgerSeq: 32; queryType: qtINDIRECT; ","itype: liBASE; ledgerHash: ""\246\332qY\262\231\251\n\305\334\202\305\362\n\367@k\231\016R:\327\242\366\242\253LZY\223$G""; ledgerSeq: 32; queryType: qtINDIRECT; "
1750527636467,1750527636468,0,1,1,3,TMGetLedger,"itype: liBASE; ledgerHash: ""\246\332qY\262\231\251\n\305\334\202\305\362\n\367@k\231\016R:\327\242\366\242\253LZY\223$G""; ledgerSeq: 32; ","itype: liBASE; ledgerHash: ""\246\332qY\262\231\251\n\305\334\202\305\362\n\367@k\231\016R:\327\242\366\242\253LZY\223$G""; ledgerSeq: 32; "
1750527636468,1750527636468,0,1,1,0,TMValidation,"validation: """"\200\000\000\001&\000\000\000 )/\351\253\024:p\210\265\307-\212\200\004Q\246\332qY\262\231\251\n\305\334\202\305\362\n\367@k\231\016R:\327\242\366\242\253LZY\223$GP\027\000\000\000\000\000\000\000\000\000\000\000\000\000\000\000\000\000\000\000\000\000\000\000\000\000\000\000\000\000\000\000\000P\0317p\334\264\237\177~\330]\252+:\317u\302h\n\351\n\364\231\277R\371\356\033y\265v\360Nys!\002\364d\217\366\217|\316F\232\231\241\n\261\333`\312O\367\235\025DD\336e\367\n\312\326\221\037\025\230vG0E\002!\000\300\236kc\3176\024m\315\247%\273q\250\313\275\337\274\321\375\271\034\003\314zk!Q\177^\210N\002 E\343\312\276iMD_U\250$`\350\025n0D\305\324U\210\346eK=\336\355AE\371w\221""; ","validation: """"\200\000\000\001&\000\000\000 )/\351\253\024:p\210\265\307-\212\200\004Q\246\332qY\262\231\251\n\305\334\202\305\362\n\367@k\231\016R:\327\242\366\242\253LZY\223$GP\027\000\000\000\000\000\000\000\000\000\000\000\000\000\000\000\000\000\000\000\000\000\000\000\000\000\000\000\000\000\000\000\000P\0317p\334\264\237\177~\330]\252+:\317u\302h\n\351\n\364\231\277R\371\356\033y\265v\360Nys!\002\364d\217\366\217|\316F\232\231\241\n\261\333`\312O\367\235\025DD\336e\367\n\312\326\221\037\025\230vG0E\002!\000\300\236kc\3176\024m\315\247%\273q\250\313\275\337\274\321\375\271\034\003\314zk!Q\177^\210N\002 E\343\312\276iMD_U\250$`\350\025n0D\305\324U\210\346eK=\336\355AE\371w\221""; "
1750527636468,1750527636468,0,1,1,0,TMGetLedger,"itype: liBASE; ledgerHash: ""\246\332qY\262\231\251\n\305\334\202\305\362\n\367@k\231\016R:\327\242\366\242\253LZY\223$G""; ledgerSeq: 32; ","itype: liBASE; ledgerHash: ""\246\332qY\262\231\251\n\305\334\202\305\362\n\367@k\231\016R:\327\242\366\242\253LZY\223$G""; ledgerSeq: 32; "
1750527636469,1750527636469,0,1,1,2,TMGetLedger,"itype: liBASE; ledgerHash: ""\246\332qY\262\231\251\n\305\334\202\305\362\n\367@k\231\016R:\327\242\366\242\253LZY\223$G""; ledgerSeq: 32; ","itype: liBASE; ledgerHash: ""\246\332qY\262\231\251\n\305\334\202\305\362\n\367@k\231\016R:\327\242\366\242\253LZY\223$G""; ledgerSeq: 32; "
1750527636469,1750527636469,0,1,1,4,TMGetLedger,"itype: liBASE; ledgerHash: ""\246\332qY\262\231\251\n\305\334\202\305\362\n\367@k\231\016R:\327\242\366\242\253LZY\223$G""; ledgerSeq: 32; ","itype: liBASE; ledgerHash: ""\246\332qY\262\231\251\n\305\334\202\305\362\n\367@k\231\016R:\327\242\366\242\253LZY\223$G""; ledgerSeq: 32; "
1750527636470,1750527636470,0,1,1,2,TMValidation,"validation: """"\200\000\000\001&\000\000\000 )/\351\253\024:p\210\265\307-\212\200\004Q\246\332qY\262\231\251\n\305\334\202\305\362\n\367@k\231\016R:\327\242\366\242\253LZY\223$GP\027\000\000\000\000\000\000\000\000\000\000\000\000\000\000\000\000\000\000\000\000\000\000\000\000\000\000\000\000\000\000\000\000P\0317p\334\264\237\177~\330]\252+:\317u\302h\n\351\n\364\231\277R\371\356\033y\265v\360Nys!\002\364d\217\366\217|\316F\232\231\241\n\261\333`\312O\367\235\025DD\336e\367\n\312\326\221\037\025\230vG0E\002!\000\300\236kc\3176\024m\315\247%\273q\250\313\275\337\274\321\375\271\034\003\314zk!Q\177^\210N\002 E\343\312\276iMD_U\250$`\350\025n0D\305\324U\210\346eK=\336\355AE\371w\221""; ","validation: """"\200\000\000\001&\000\000\000 )/\351\253\024:p\210\265\307-\212\200\004Q\246\332qY\262\231\251\n\305\334\202\305\362\n\367@k\231\016R:\327\242\366\242\253LZY\223$GP\027\000\000\000\000\000\000\000\000\000\000\000\000\000\000\000\000\000\000\000\000\000\000\000\000\000\000\000\000\000\000\000\000P\0317p\334\264\237\177~\330]\252+:\317u\302h\n\351\n\364\231\277R\371\356\033y\265v\360Nys!\002\364d\217\366\217|\316F\232\231\241\n\261\333`\312O\367\235\025DD\336e\367\n\312\326\221\037\025\230vG0E\002!\000\300\236kc\3176\024m\315\247%\273q\250\313\275\337\274\321\375\271\034\003\314zk!Q\177^\210N\002 E\343\312\276iMD_U\250$`\350\025n0D\305\324U\210\346eK=\336\355AE\371w\221""; "
1750527636470,1750527636470,0,1,1,4,TMValidation,"validation: """"\200\000\000\001&\000\000\000 )/\351\253\024:p\210\265\307-\212\200\004Q\246\332qY\262\231\251\n\305\334\202\305\362\n\367@k\231\016R:\327\242\366\242\253LZY\223$GP\027\000\000\000\000\000\000\000\000\000\000\000\000\000\000\000\000\000\000\000\000\000\000\000\000\000\000\000\000\000\000\000\000P\0317p\334\264\237\177~\330]\252+:\317u\302h\n\351\n\364\231\277R\371\356\033y\265v\360Nys!\002\364d\217\366\217|\316F\232\231\241\n\261\333`\312O\367\235\025DD\336e\367\n\312\326\221\037\025\230vG0E\002!\000\300\236kc\3176\024m\315\247%\273q\250\313\275\337\274\321\375\271\034\003\314zk!Q\177^\210N\002 E\343\312\276iMD_U\250$`\350\025n0D\305\324U\210\346eK=\336\355AE\371w\221""; ","validation: """"\200\000\000\001&\000\000\000 )/\351\253\024:p\210\265\307-\212\200\004Q\246\332qY\262\231\251\n\305\334\202\305\362\n\367@k\231\016R:\327\242\366\242\253LZY\223$GP\027\000\000\000\000\000\000\000\000\000\000\000\000\000\000\000\000\000\000\000\000\000\000\000\000\000\000\000\000\000\000\000\000P\0317p\334\264\237\177~\330]\252+:\317u\302h\n\351\n\364\231\277R\371\356\033y\265v\360Nys!\002\364d\217\366\217|\316F\232\231\241\n\261\333`\312O\367\235\025DD\336e\367\n\312\326\221\037\025\230vG0E\002!\000\300\236kc\3176\024m\315\247%\273q\250\313\275\337\274\321\375\271\034\003\314zk!Q\177^\210N\002 E\343\312\276iMD_U\250$`\350\025n0D\305\324U\210\346eK=\336\355AE\371w\221""; "
1750527636471,1750527636471,0,1,1,3,TMGetLedger,"itype: liBASE; ledgerHash: ""\246\332qY\262\231\251\n\305\334\202\305\362\n\367@k\231\016R:\327\242\366\242\253LZY\223$G""; ledgerSeq: 32; queryType: qtINDIRECT; ","itype: liBASE; ledgerHash: ""\246\332qY\262\231\251\n\305\334\202\305\362\n\367@k\231\016R:\327\242\366\242\253LZY\223$G""; ledgerSeq: 32; queryType: qtINDIRECT; "
1750527636471,1750527636471,0,1,1,4,TMGetLedger,"itype: liBASE; ledgerHash: ""\246\332qY\262\231\251\n\305\334\202\305\362\n\367@k\231\016R:\327\242\366\242\253LZY\223$G""; ledgerSeq: 32; queryType: qtINDIRECT; ","itype: liBASE; ledgerHash: ""\246\332qY\262\231\251\n\305\334\202\305\362\n\367@k\231\016R:\327\242\366\242\253LZY\223$G""; ledgerSeq: 32; queryType: qtINDIRECT; "
1750527636471,1750527636471,0,1,1,0,TMGetLedger,"itype: liBASE; ledgerHash: ""\246\332qY\262\231\251\n\305\334\202\305\362\n\367@k\231\016R:\327\242\366\242\253LZY\223$G""; ledgerSeq: 32; queryType: qtINDIRECT; ","itype: liBASE; ledgerHash: ""\246\332qY\262\231\251\n\305\334\202\305\362\n\367@k\231\016R:\327\242\366\242\253LZY\223$G""; ledgerSeq: 32; queryType: qtINDIRECT; "
1750527636472,1750527636472,0,1,3,2,TMLedgerData,"ledgerHash: ""\246\332qY\262\231\251\n\305\334\202\305\362\n\367@k\231\016R:\327\242\366\242\253LZY\223$G""; ledgerSeq: 32; type: liBASE; nodes {;   nodedata: ""\000\000\000 \001cEx]\211\377\3307p\334\264\237\177~\330]\252+:\317u\302h\n\351\n\364\231\277R\371\356\033y\265v\360Ny\000\000\000\000\000\000\000\000\000\000\000\000\000\000\000\000\000\000\000\000\000\000\000\000\000\000\000\000\000\000\000\000\300\007\336\376\212\017\204\365\370\302\250\216%\021\320\276d*nO\323\350\241T\201\307\203\245[Oqe/\351\253\020/\351\253\021\n\000""; }; nodes {;   nodedata: ""\323C\344\327\264{\312-\017:\006{\177\344N\002\326bO\260\220\006\033\362\345\005U\221DzJ0\001\301\025%1L\307\t\261\262z\374\222T\301\274V\236\223\262\270Ct\362\337b\356\024*\324\320\351\317\002k\336\234\027v\351\217\260\303\360\233ZPZWr\246$w\313\313\r\243r\232\2234\373\3539:N\004Q\245\272D\312D\300\300\t\323\0257\345e\271\na\215{\226\255x%T\257\037\333\004\344_/R\006E\344\037@\210\363\010\336T\226\247'\204_{\261\370""1\235\2445\343\033Y!\212\201\341\272\225'\007\037pM\027\246\241\275\006s\261\251\005N\255\251aA\240\365\303\205-5\037c\007\355\315o\234\231\031\013\003""; }; ","ledgerHash: ""\246\332qY\262\231\251\n\305\334\202\305\362\n\367@k\231\016R:\327\242\366\242\253LZY\223$G""; ledgerSeq: 32; type: liBASE; nodes {;   nodedata: ""\000\000\000 \001cEx]\211\377\3307p\334\264\237\177~\330]\252+:\317u\302h\n\351\n\364\231\277R\371\356\033y\265v\360Ny\000\000\000\000\000\000\000\000\000\000\000\000\000\000\000\000\000\000\000\000\000\000\000\000\000\000\000\000\000\000\000\000\300\007\336\376\212\017\204\365\370\302\250\216%\021\320\276d*nO\323\350\241T\201\307\203\245[Oqe/\351\253\020/\351\253\021\n\000""; }; nodes {;   nodedata: ""\323C\344\327\264{\312-\017:\006{\177\344N\002\326bO\260\220\006\033\362\345\005U\221DzJ0\001\301\025%1L\307\t\261\262z\374\222T\301\274V\236\223\262\270Ct\362\337b\356\024*\324\320\351\317\002k\336\234\027v\351\217\260\303\360\233ZPZWr\246$w\313\313\r\243r\232\2234\373\3539:N\004Q\245\272D\312D\300\300\t\323\0257\345e\271\na\215{\226\255x%T\257\037\333\004\344_/R\006E\344\037@\210\363\010\336T\226\247'\204_{\261\370""1\235\2445\343\033Y!\212\201\341\272\225'\007\037pM\027\246\241\275\006s\261\251\005N\255\251aA\240\365\303\205-5\037c\007\355\315o\234\231\031\013\003""; }; "
1750527636473,1750527636473,0,1,2,4,TMGetLedger,"itype: liBASE; ledgerHash: ""\246\332qY\262\231\251\n\305\334\202\305\362\n\367@k\231\016R:\327\242\366\242\253LZY\223$G""; ledgerSeq: 32; queryType: qtINDIRECT; ","itype: liBASE; ledgerHash: ""\246\332qY\262\231\251\n\305\334\202\305\362\n\367@k\231\016R:\327\242\366\242\253LZY\223$G""; ledgerSeq: 32; queryType: qtINDIRECT; "
1750527636473,1750527636473,0,1,2,4,TMValidation,"validation: """"\200\000\000\001&\000\000\000 )/\351\253\024:p\210\265\307-\212\200\004Q\246\332qY\262\231\251\n\305\334\202\305\362\n\367@k\231\016R:\327\242\366\242\253LZY\223$GP\027\000\000\000\000\000\000\000\000\000\000\000\000\000\000\000\000\000\000\000\000\000\000\000\000\000\000\000\000\000\000\000\000P\0317p\334\264\237\177~\330]\252+:\317u\302h\n\351\n\364\231\277R\371\356\033y\265v\360Nys!\002\364d\217\366\217|\316F\232\231\241\n\261\333`\312O\367\235\025DD\336e\367\n\312\326\221\037\025\230vG0E\002!\000\300\236kc\3176\024m\315\247%\273q\250\313\275\337\274\321\375\271\034\003\314zk!Q\177^\210N\002 E\343\312\276iMD_U\250$`\350\025n0D\305\324U\210\346eK=\336\355AE\371w\221""; ","validation: """"\200\000\000\001&\000\000\000 )/\351\253\024:p\210\265\307-\212\200\004Q\246\332qY\262\231\251\n\305\334\202\305\362\n\367@k\231\016R:\327\242\366\242\253LZY\223$GP\027\000\000\000\000\000\000\000\000\000\000\000\000\000\000\000\000\000\000\000\000\000\000\000\000\000\000\000\000\000\000\000\000P\0317p\334\264\237\177~\330]\252+:\317u\302h\n\351\n\364\231\277R\371\356\033y\265v\360Nys!\002\364d\217\366\217|\316F\232\231\241\n\261\333`\312O\367\235\025DD\336e\367\n\312\326\221\037\025\230vG0E\002!\000\300\236kc\3176\024m\315\247%\273q\250\313\275\337\274\321\375\271\034\003\314zk!Q\177^\210N\002 E\343\312\276iMD_U\250$`\350\025n0D\305\324U\210\346eK=\336\355AE\371w\221""; "
1750527636473,1750527636474,0,1,1,3,TMGetLedger,"itype: liBASE; ledgerHash: ""\246\332qY\262\231\251\n\305\334\202\305\362\n\367@k\231\016R:\327\242\366\242\253LZY\223$G""; requestCookie: 5; queryType: qtINDIRECT; ","itype: liBASE; ledgerHash: ""\246\332qY\262\231\251\n\305\334\202\305\362\n\367@k\231\016R:\327\242\366\242\253LZY\223$G""; requestCookie: 5; queryType: qtINDIRECT; "
1750527636474,1750527636474,0,1,3,4,TMLedgerData,"ledgerHash: ""\246\332qY\262\231\251\n\305\334\202\305\362\n\367@k\231\016R:\327\242\366\242\253LZY\223$G""; ledgerSeq: 32; type: liBASE; nodes {;   nodedata: ""\000\000\000 \001cEx]\211\377\3307p\334\264\237\177~\330]\252+:\317u\302h\n\351\n\364\231\277R\371\356\033y\265v\360Ny\000\000\000\000\000\000\000\000\000\000\000\000\000\000\000\000\000\000\000\000\000\000\000\000\000\000\000\000\000\000\000\000\300\007\336\376\212\017\204\365\370\302\250\216%\021\320\276d*nO\323\350\241T\201\307\203\245[Oqe/\351\253\020/\351\253\021\n\000""; }; nodes {;   nodedata: ""\323C\344\327\264{\312-\017:\006{\177\344N\002\326bO\260\220\006\033\362\345\005U\221DzJ0\001\301\025%1L\307\t\261\262z\374\222T\301\274V\236\223\262\270Ct\362\337b\356\024*\324\320\351\317\002k\336\234\027v\351\217\260\303\360\233ZPZWr\246$w\313\313\r\243r\232\2234\373\3539:N\004Q\245\272D\312D\300\300\t\323\0257\345e\271\na\215{\226\255x%T\257\037\333\004\344_/R\006E\344\037@\210\363\010\336T\226\247'\204_{\261\370""1\235\2445\343\033Y!\212\201\341\272\225'\007\037pM\027\246\241\275\006s\261\251\005N\255\251aA\240\365\303\205-5\037c\007\355\315o\234\231\031\013\003""; }; ","ledgerHash: ""\246\332qY\262\231\251\n\305\334\202\305\362\n\367@k\231\016R:\327\242\366\242\253LZY\223$G""; ledgerSeq: 32; type: liBASE; nodes {;   nodedata: ""\000\000\000 \001cEx]\211\377\3307p\334\264\237\177~\330]\252+:\317u\302h\n\351\n\364\231\277R\371\356\033y\265v\360Ny\000\000\000\000\000\000\000\000\000\000\000\000\000\000\000\000\000\000\000\000\000\000\000\000\000\000\000\000\000\000\000\000\300\007\336\376\212\017\204\365\370\302\250\216%\021\320\276d*nO\323\350\241T\201\307\203\245[Oqe/\351\253\020/\351\253\021\n\000""; }; nodes {;   nodedata: ""\323C\344\327\264{\312-\017:\006{\177\344N\002\326bO\260\220\006\033\362\345\005U\221DzJ0\001\301\025%1L\307\t\261\262z\374\222T\301\274V\236\223\262\270Ct\362\337b\356\024*\324\320\351\317\002k\336\234\027v\351\217\260\303\360\233ZPZWr\246$w\313\313\r\243r\232\2234\373\3539:N\004Q\245\272D\312D\300\300\t\323\0257\345e\271\na\215{\226\255x%T\257\037\333\004\344_/R\006E\344\037@\210\363\010\336T\226\247'\204_{\261\370""1\235\2445\343\033Y!\212\201\341\272\225'\007\037pM\027\246\241\275\006s\261\251\005N\255\251aA\240\365\303\205-5\037c\007\355\315o\234\231\031\013\003""; }; "
1750527636474,1750527636475,0,1,3,4,TMLedgerData,"ledgerHash: ""\246\332qY\262\231\251\n\305\334\202\305\362\n\367@k\231\016R:\327\242\366\242\253LZY\223$G""; ledgerSeq: 32; type: liBASE; nodes {;   nodedata: ""\000\000\000 \001cEx]\211\377\3307p\334\264\237\177~\330]\252+:\317u\302h\n\351\n\364\231\277R\371\356\033y\265v\360Ny\000\000\000\000\000\000\000\000\000\000\000\000\000\000\000\000\000\000\000\000\000\000\000\000\000\000\000\000\000\000\000\000\300\007\336\376\212\017\204\365\370\302\250\216%\021\320\276d*nO\323\350\241T\201\307\203\245[Oqe/\351\253\020/\351\253\021\n\000""; }; nodes {;   nodedata: ""\323C\344\327\264{\312-\017:\006{\177\344N\002\326bO\260\220\006\033\362\345\005U\221DzJ0\001\301\025%1L\307\t\261\262z\374\222T\301\274V\236\223\262\270Ct\362\337b\356\024*\324\320\351\317\002k\336\234\027v\351\217\260\303\360\233ZPZWr\246$w\313\313\r\243r\232\2234\373\3539:N\004Q\245\272D\312D\300\300\t\323\0257\345e\271\na\215{\226\255x%T\257\037\333\004\344_/R\006E\344\037@\210\363\010\336T\226\247'\204_{\261\370""1\235\2445\343\033Y!\212\201\341\272\225'\007\037pM\027\246\241\275\006s\261\251\005N\255\251aA\240\365\303\205-5\037c\007\355\315o\234\231\031\013\003""; }; ","ledgerHash: ""\246\332qY\262\231\251\n\305\334\202\305\362\n\367@k\231\016R:\327\242\366\242\253LZY\223$G""; ledgerSeq: 32; type: liBASE; nodes {;   nodedata: ""\000\000\000 \001cEx]\211\377\3307p\334\264\237\177~\330]\252+:\317u\302h\n\351\n\364\231\277R\371\356\033y\265v\360Ny\000\000\000\000\000\000\000\000\000\000\000\000\000\000\000\000\000\000\000\000\000\000\000\000\000\000\000\000\000\000\000\000\300\007\336\376\212\017\204\365\370\302\250\216%\021\320\276d*nO\323\350\241T\201\307\203\245[Oqe/\351\253\020/\351\253\021\n\000""; }; nodes {;   nodedata: ""\323C\344\327\264{\312-\017:\006{\177\344N\002\326bO\260\220\006\033\362\345\005U\221DzJ0\001\301\025%1L\307\t\261\262z\374\222T\301\274V\236\223\262\270Ct\362\337b\356\024*\324\320\351\317\002k\336\234\027v\351\217\260\303\360\233ZPZWr\246$w\313\313\r\243r\232\2234\373\3539:N\004Q\245\272D\312D\300\300\t\323\0257\345e\271\na\215{\226\255x%T\257\037\333\004\344_/R\006E\344\037@\210\363\010\336T\226\247'\204_{\261\370""1\235\2445\343\033Y!\212\201\341\272\225'\007\037pM\027\246\241\275\006s\261\251\005N\255\251aA\240\365\303\205-5\037c\007\355\315o\234\231\031\013\003""; }; "
1750527636475,1750527636475,0,1,3,0,TMLedgerData,"ledgerHash: ""\246\332qY\262\231\251\n\305\334\202\305\362\n\367@k\231\016R:\327\242\366\242\253LZY\223$G""; ledgerSeq: 32; type: liBASE; nodes {;   nodedata: ""\000\000\000 \001cEx]\211\377\3307p\334\264\237\177~\330]\252+:\317u\302h\n\351\n\364\231\277R\371\356\033y\265v\360Ny\000\000\000\000\000\000\000\000\000\000\000\000\000\000\000\000\000\000\000\000\000\000\000\000\000\000\000\000\000\000\000\000\300\007\336\376\212\017\204\365\370\302\250\216%\021\320\276d*nO\323\350\241T\201\307\203\245[Oqe/\351\253\020/\351\253\021\n\000""; }; nodes {;   nodedata: ""\323C\344\327\264{\312-\017:\006{\177\344N\002\326bO\260\220\006\033\362\345\005U\221DzJ0\001\301\025%1L\307\t\261\262z\374\222T\301\274V\236\223\262\270Ct\362\337b\356\024*\324\320\351\317\002k\336\234\027v\351\217\260\303\360\233ZPZWr\246$w\313\313\r\243r\232\2234\373\3539:N\004Q\245\272D\312D\300\300\t\323\0257\345e\271\na\215{\226\255x%T\257\037\333\004\344_/R\006E\344\037@\210\363\010\336T\226\247'\204_{\261\370""1\235\2445\343\033Y!\212\201\341\272\225'\007\037pM\027\246\241\275\006s\261\251\005N\255\251aA\240\365\303\205-5\037c\007\355\315o\234\231\031\013\003""; }; ","ledgerHash: ""\246\332qY\262\231\251\n\305\334\202\305\362\n\367@k\231\016R:\327\242\366\242\253LZY\223$G""; ledgerSeq: 32; type: liBASE; nodes {;   nodedata: ""\000\000\000 \001cEx]\211\377\3307p\334\264\237\177~\330]\252+:\317u\302h\n\351\n\364\231\277R\371\356\033y\265v\360Ny\000\000\000\000\000\000\000\000\000\000\000\000\000\000\000\000\000\000\000\000\000\000\000\000\000\000\000\000\000\000\000\000\300\007\336\376\212\017\204\365\370\302\250\216%\021\320\276d*nO\323\350\241T\201\307\203\245[Oqe/\351\253\020/\351\253\021\n\000""; }; nodes {;   nodedata: ""\323C\344\327\264{\312-\017:\006{\177\344N\002\326bO\260\220\006\033\362\345\005U\221DzJ0\001\301\025%1L\307\t\261\262z\374\222T\301\274V\236\223\262\270Ct\362\337b\356\024*\324\320\351\317\002k\336\234\027v\351\217\260\303\360\233ZPZWr\246$w\313\313\r\243r\232\2234\373\3539:N\004Q\245\272D\312D\300\300\t\323\0257\345e\271\na\215{\226\255x%T\257\037\333\004\344_/R\006E\344\037@\210\363\010\336T\226\247'\204_{\261\370""1\235\2445\343\033Y!\212\201\341\272\225'\007\037pM\027\246\241\275\006s\261\251\005N\255\251aA\240\365\303\205-5\037c\007\355\315o\234\231\031\013\003""; }; "
1750527636475,1750527636476,0,1,4,3,TMGetLedger,"itype: liBASE; ledgerHash: ""\246\332qY\262\231\251\n\305\334\202\305\362\n\367@k\231\016R:\327\242\366\242\253LZY\223$G""; ledgerSeq: 32; requestCookie: 1; queryType: qtINDIRECT; ","itype: liBASE; ledgerHash: ""\246\332qY\262\231\251\n\305\334\202\305\362\n\367@k\231\016R:\327\242\366\242\253LZY\223$G""; ledgerSeq: 32; requestCookie: 1; queryType: qtINDIRECT; "
1750527636476,1750527636476,0,1,2,0,TMGetLedger,"itype: liBASE; ledgerHash: ""\246\332qY\262\231\251\n\305\334\202\305\362\n\367@k\231\016R:\327\242\366\242\253LZY\223$G""; ledgerSeq: 32; queryType: qtINDIRECT; ","itype: liBASE; ledgerHash: ""\246\332qY\262\231\251\n\305\334\202\305\362\n\367@k\231\016R:\327\242\366\242\253LZY\223$G""; ledgerSeq: 32; queryType: qtINDIRECT; "
1750527636477,1750527636477,0,1,2,0,TMValidation,"validation: """"\200\000\000\001&\000\000\000 )/\351\253\024:p\210\265\307-\212\200\004Q\246\332qY\262\231\251\n\305\334\202\305\362\n\367@k\231\016R:\327\242\366\242\253LZY\223$GP\027\000\000\000\000\000\000\000\000\000\000\000\000\000\000\000\000\000\000\000\000\000\000\000\000\000\000\000\000\000\000\000\000P\0317p\334\264\237\177~\330]\252+:\317u\302h\n\351\n\364\231\277R\371\356\033y\265v\360Nys!\002\364d\217\366\217|\316F\232\231\241\n\261\333`\312O\367\235\025DD\336e\367\n\312\326\221\037\025\230vG0E\002!\000\300\236kc\3176\024m\315\247%\273q\250\313\275\337\274\321\375\271\034\003\314zk!Q\177^\210N\002 E\343\312\276iMD_U\250$`\350\025n0D\305\324U\210\346eK=\336\355AE\371w\221""; ","validation: """"\200\000\000\001&\000\000\000 )/\351\253\024:p\210\265\307-\212\200\004Q\246\332qY\262\231\251\n\305\334\202\305\362\n\367@k\231\016R:\327\242\366\242\253LZY\223$GP\027\000\000\000\000\000\000\000\000\000\000\000\000\000\000\000\000\000\000\000\000\000\000\000\000\000\000\000\000\000\000\000\000P\0317p\334\264\237\177~\330]\252+:\317u\302h\n\351\n\364\231\277R\371\356\033y\265v\360Nys!\002\364d\217\366\217|\316F\232\231\241\n\261\333`\312O\367\235\025DD\336e\367\n\312\326\221\037\025\230vG0E\002!\000\300\236kc\3176\024m\315\247%\273q\250\313\275\337\274\321\375\271\034\003\314zk!Q\177^\210N\002 E\343\312\276iMD_U\250$`\350\025n0D\305\324U\210\346eK=\336\355AE\371w\221""; "
1750527636477,1750527636477,0,1,1,3,TMGetLedger,"itype: liBASE; ledgerHash: ""\246\332qY\262\231\251\n\305\334\202\305\362\n\367@k\231\016R:\327\242\366\242\253LZY\223$G""; ledgerSeq: 32; requestCookie: 2; queryType: qtINDIRECT; ","itype: liBASE; ledgerHash: ""\246\332qY\262\231\251\n\305\334\202\305\362\n\367@k\231\016R:\327\242\366\242\253LZY\223$G""; ledgerSeq: 32; requestCookie: 2; queryType: qtINDIRECT; "
1750527636478,1750527636478,0,1,3,2,TMLedgerData,"ledgerHash: ""\246\332qY\262\231\251\n\305\334\202\305\362\n\367@k\231\016R:\327\242\366\242\253LZY\223$G""; ledgerSeq: 32; type: liBASE; nodes {;   nodedata: ""\000\000\000 \001cEx]\211\377\3307p\334\264\237\177~\330]\252+:\317u\302h\n\351\n\364\231\277R\371\356\033y\265v\360Ny\000\000\000\000\000\000\000\000\000\000\000\000\000\000\000\000\000\000\000\000\000\000\000\000\000\000\000\000\000\000\000\000\300\007\336\376\212\017\204\365\370\302\250\216%\021\320\276d*nO\323\350\241T\201\307\203\245[Oqe/\351\253\020/\351\253\021\n\000""; }; nodes {;   nodedata: ""\323C\344\327\264{\312-\017:\006{\177\344N\002\326bO\260\220\006\033\362\345\005U\221DzJ0\001\301\025%1L\307\t\261\262z\374\222T\301\274V\236\223\262\270Ct\362\337b\356\024*\324\320\351\317\002k\336\234\027v\351\217\260\303\360\233ZPZWr\246$w\313\313\r\243r\232\2234\373\3539:N\004Q\245\272D\312D\300\300\t\323\0257\345e\271\na\215{\226\255x%T\257\037\333\004\344_/R\006E\344\037@\210\363\010\336T\226\247'\204_{\261\370""1\235\2445\343\033Y!\212\201\341\272\225'\007\037pM\027\246\241\275\006s\261\251\005N\255\251aA\240\365\303\205-5\037c\007\355\315o\234\231\031\013\003""; }; ","ledgerHash: ""\246\332qY\262\231\251\n\305\334\202\305\362\n\367@k\231\016R:\327\242\366\242\253LZY\223$G""; ledgerSeq: 32; type: liBASE; nodes {;   nodedata: ""\000\000\000 \001cEx]\211\377\3307p\334\264\237\177~\330]\252+:\317u\302h\n\351\n\364\231\277R\371\356\033y\265v\360Ny\000\000\000\000\000\000\000\000\000\000\000\000\000\000\000\000\000\000\000\000\000\000\000\000\000\000\000\000\000\000\000\000\300\007\336\376\212\017\204\365\370\302\250\216%\021\320\276d*nO\323\350\241T\201\307\203\245[Oqe/\351\253\020/\351\253\021\n\000""; }; nodes {;   nodedata: ""\323C\344\327\264{\312-\017:\006{\177\344N\002\326bO\260\220\006\033\362\345\005U\221DzJ0\001\301\025%1L\307\t\261\262z\374\222T\301\274V\236\223\262\270Ct\362\337b\356\024*\324\320\351\317\002k\336\234\027v\351\217\260\303\360\233ZPZWr\246$w\313\313\r\243r\232\2234\373\3539:N\004Q\245\272D\312D\300\300\t\323\0257\345e\271\na\215{\226\255x%T\257\037\333\004\344_/R\006E\344\037@\210\363\010\336T\226\247'\204_{\261\370""1\235\2445\343\033Y!\212\201\341\272\225'\007\037pM\027\246\241\275\006s\261\251\005N\255\251aA\240\365\303\205-5\037c\007\355\315o\234\231\031\013\003""; }; "
1750527636478,1750527636479,0,1,3,1,TMLedgerData,"ledgerHash: ""\246\332qY\262\231\251\n\305\334\202\305\362\n\367@k\231\016R:\327\242\366\242\253LZY\223$G""; ledgerSeq: 32; type: liBASE; nodes {;   nodedata: ""\000\000\000 \001cEx]\211\377\3307p\334\264\237\177~\330]\252+:\317u\302h\n\351\n\364\231\277R\371\356\033y\265v\360Ny\000\000\000\000\000\000\000\000\000\000\000\000\000\000\000\000\000\000\000\000\000\000\000\000\000\000\000\000\000\000\000\000\300\007\336\376\212\017\204\365\370\302\250\216%\021\320\276d*nO\323\350\241T\201\307\203\245[Oqe/\351\253\020/\351\253\021\n\000""; }; nodes {;   nodedata: ""\323C\344\327\264{\312-\017:\006{\177\344N\002\326bO\260\220\006\033\362\345\005U\221DzJ0\001\301\025%1L\307\t\261\262z\374\222T\301\274V\236\223\262\270Ct\362\337b\356\024*\324\320\351\317\002k\336\234\027v\351\217\260\303\360\233ZPZWr\246$w\313\313\r\243r\232\2234\373\3539:N\004Q\245\272D\312D\300\300\t\323\0257\345e\271\na\215{\226\255x%T\257\037\333\004\344_/R\006E\344\037@\210\363\010\336T\226\247'\204_{\261\370""1\235\2445\343\033Y!\212\201\341\272\225'\007\037pM\027\246\241\275\006s\261\251\005N\255\251aA\240\365\303\205-5\037c\007\355\315o\234\231\031\013\003""; }; ","ledgerHash: ""\246\332qY\262\231\251\n\305\334\202\305\362\n\367@k\231\016R:\327\242\366\242\253LZY\223$G""; ledgerSeq: 32; type: liBASE; nodes {;   nodedata: ""\000\000\000 \001cEx]\211\377\3307p\334\264\237\177~\330]\252+:\317u\302h\n\351\n\364\231\277R\371\356\033y\265v\360Ny\000\000\000\000\000\000\000\000\000\000\000\000\000\000\000\000\000\000\000\000\000\000\000\000\000\000\000\000\000\000\000\000\300\007\336\376\212\017\204\365\370\302\250\216%\021\320\276d*nO\323\350\241T\201\307\203\245[Oqe/\351\253\020/\351\253\021\n\000""; }; nodes {;   nodedata: ""\323C\344\327\264{\312-\017:\006{\177\344N\002\326bO\260\220\006\033\362\345\005U\221DzJ0\001\301\025%1L\307\t\261\262z\374\222T\301\274V\236\223\262\270Ct\362\337b\356\024*\324\320\351\317\002k\336\234\027v\351\217\260\303\360\233ZPZWr\246$w\313\313\r\243r\232\2234\373\3539:N\004Q\245\272D\312D\300\300\t\323\0257\345e\271\na\215{\226\255x%T\257\037\333\004\344_/R\006E\344\037@\210\363\010\336T\226\247'\204_{\261\370""1\235\2445\343\033Y!\212\201\341\272\225'\007\037pM\027\246\241\275\006s\261\251\005N\255\251aA\240\365\303\205-5\037c\007\355\315o\234\231\031\013\003""; }; "
1750527636480,1750527636480,0,1,2,1,TMGetLedger,"itype: liBASE; ledgerHash: ""\246\332qY\262\231\251\n\305\334\202\305\362\n\367@k\231\016R:\327\242\366\242\253LZY\223$G""; ledgerSeq: 32; queryType: qtINDIRECT; ","itype: liBASE; ledgerHash: ""\246\332qY\262\231\251\n\305\334\202\305\362\n\367@k\231\016R:\327\242\366\242\253LZY\223$G""; ledgerSeq: 32; queryType: qtINDIRECT; "
1750527636480,1750527636480,0,1,2,1,TMValidation,"validation: """"\200\000\000\001&\000\000\000 )/\351\253\024:p\210\265\307-\212\200\004Q\246\332qY\262\231\251\n\305\334\202\305\362\n\367@k\231\016R:\327\242\366\242\253LZY\223$GP\027\000\000\000\000\000\000\000\000\000\000\000\000\000\000\000\000\000\000\000\000\000\000\000\000\000\000\000\000\000\000\000\000P\0317p\334\264\237\177~\330]\252+:\317u\302h\n\351\n\364\231\277R\371\356\033y\265v\360Nys!\002\364d\217\366\217|\316F\232\231\241\n\261\333`\312O\367\235\025DD\336e\367\n\312\326\221\037\025\230vG0E\002!\000\300\236kc\3176\024m\315\247%\273q\250\313\275\337\274\321\375\271\034\003\314zk!Q\177^\210N\002 E\343\312\276iMD_U\250$`\350\025n0D\305\324U\210\346eK=\336\355AE\371w\221""; ","validation: """"\200\000\000\001&\000\000\000 )/\351\253\024:p\210\265\307-\212\200\004Q\246\332qY\262\231\251\n\305\334\202\305\362\n\367@k\231\016R:\327\242\366\242\253LZY\223$GP\027\000\000\000\000\000\000\000\000\000\000\000\000\000\000\000\000\000\000\000\000\000\000\000\000\000\000\000\000\000\000\000\000P\0317p\334\264\237\177~\330]\252+:\317u\302h\n\351\n\364\231\277R\371\356\033y\265v\360Nys!\002\364d\217\366\217|\316F\232\231\241\n\261\333`\312O\367\235\025DD\336e\367\n\312\326\221\037\025\230vG0E\002!\000\300\236kc\3176\024m\315\247%\273q\250\313\275\337\274\321\375\271\034\003\314zk!Q\177^\210N\002 E\343\312\276iMD_U\250$`\350\025n0D\305\324U\210\346eK=\336\355AE\371w\221""; "
1750527636481,1750527636481,0,1,3,1,TMLedgerData,"ledgerHash: ""\246\332qY\262\231\251\n\305\334\202\305\362\n\367@k\231\016R:\327\242\366\242\253LZY\223$G""; ledgerSeq: 32; type: liBASE; nodes {;   nodedata: ""\000\000\000 \001cEx]\211\377\3307p\334\264\237\177~\330]\252+:\317u\302h\n\351\n\364\231\277R\371\356\033y\265v\360Ny\000\000\000\000\000\000\000\000\000\000\000\000\000\000\000\000\000\000\000\000\000\000\000\000\000\000\000\000\000\000\000\000\300\007\336\376\212\017\204\365\370\302\250\216%\021\320\276d*nO\323\350\241T\201\307\203\245[Oqe/\351\253\020/\351\253\021\n\000""; }; nodes {;   nodedata: ""\323C\344\327\264{\312-\017:\006{\177\344N\002\326bO\260\220\006\033\362\345\005U\221DzJ0\001\301\025%1L\307\t\261\262z\374\222T\301\274V\236\223\262\270Ct\362\337b\356\024*\324\320\351\317\002k\336\234\027v\351\217\260\303\360\233ZPZWr\246$w\313\313\r\243r\232\2234\373\3539:N\004Q\245\272D\312D\300\300\t\323\0257\345e\271\na\215{\226\255x%T\257\037\333\004\344_/R\006E\344\037@\210\363\010\336T\226\247'\204_{\261\370""1\235\2445\343\033Y!\212\201\341\272\225'\007\037pM\027\246\241\275\006s\261\251\005N\255\251aA\240\365\303\205-5\037c\007\355\315o\234\231\031\013\003""; }; ","ledgerHash: ""\246\332qY\262\231\251\n\305\334\202\305\362\n\367@k\231\016R:\327\242\366\242\253LZY\223$G""; ledgerSeq: 32; type: liBASE; nodes {;   nodedata: ""\000\000\000 \001cEx]\211\377\3307p\334\264\237\177~\330]\252+:\317u\302h\n\351\n\364\231\277R\371\356\033y\265v\360Ny\000\000\000\000\000\000\000\000\000\000\000\000\000\000\000\000\000\000\000\000\000\000\000\000\000\000\000\000\000\000\000\000\300\007\336\376\212\017\204\365\370\302\250\216%\021\320\276d*nO\323\350\241T\201\307\203\245[Oqe/\351\253\020/\351\253\021\n\000""; }; nodes {;   nodedata: ""\323C\344\327\264{\312-\017:\006{\177\344N\002\326bO\260\220\006\033\362\345\005U\221DzJ0\001\301\025%1L\307\t\261\262z\374\222T\301\274V\236\223\262\270Ct\362\337b\356\024*\324\320\351\317\002k\336\234\027v\351\217\260\303\360\233ZPZWr\246$w\313\313\r\243r\232\2234\373\3539:N\004Q\245\272D\312D\300\300\t\323\0257\345e\271\na\215{\226\255x%T\257\037\333\004\344_/R\006E\344\037@\210\363\010\336T\226\247'\204_{\261\370""1\235\2445\343\033Y!\212\201\341\272\225'\007\037pM\027\246\241\275\006s\261\251\005N\255\251aA\240\365\303\205-5\037c\007\355\315o\234\231\031\013\003""; }; "
1750527636482,1750527636482,0,1,4,3,TMGetLedger,"itype: liBASE; ledgerHash: ""\246\332qY\262\231\251\n\305\334\202\305\362\n\367@k\231\016R:\327\242\366\242\253LZY\223$G""; ledgerSeq: 32; requestCookie: 2; queryType: qtINDIRECT; ","itype: liBASE; ledgerHash: ""\246\332qY\262\231\251\n\305\334\202\305\362\n\367@k\231\016R:\327\242\366\242\253LZY\223$G""; ledgerSeq: 32; requestCookie: 2; queryType: qtINDIRECT; "
1750527636482,1750527636482,0,1,2,3,TMGetLedger,"itype: liBASE; ledgerHash: ""\246\332qY\262\231\251\n\305\334\202\305\362\n\367@k\231\016R:\327\242\366\242\253LZY\223$G""; ledgerSeq: 32; requestCookie: 2; queryType: qtINDIRECT; ","itype: liBASE; ledgerHash: ""\246\332qY\262\231\251\n\305\334\202\305\362\n\367@k\231\016R:\327\242\366\242\253LZY\223$G""; ledgerSeq: 32; requestCookie: 2; queryType: qtINDIRECT; "
1750527636483,1750527636483,0,1,2,3,TMGetLedger,"itype: liBASE; ledgerHash: ""\246\332qY\262\231\251\n\305\334\202\305\362\n\367@k\231\016R:\327\242\366\242\253LZY\223$G""; requestCookie: 5; queryType: qtINDIRECT; ","itype: liBASE; ledgerHash: ""\246\332qY\262\231\251\n\305\334\202\305\362\n\367@k\231\016R:\327\242\366\242\253LZY\223$G""; requestCookie: 5; queryType: qtINDIRECT; "
1750527636484,1750527636484,0,1,4,3,TMGetLedger,"itype: liBASE; ledgerHash: ""\246\332qY\262\231\251\n\305\334\202\305\362\n\367@k\231\016R:\327\242\366\242\253LZY\223$G""; ledgerSeq: 32; requestCookie: 3; queryType: qtINDIRECT; ","itype: liBASE; ledgerHash: ""\246\332qY\262\231\251\n\305\334\202\305\362\n\367@k\231\016R:\327\242\366\242\253LZY\223$G""; ledgerSeq: 32; requestCookie: 3; queryType: qtINDIRECT; "
1750527636484,1750527636484,0,1,3,1,TMLedgerData,"ledgerHash: ""\246\332qY\262\231\251\n\305\334\202\305\362\n\367@k\231\016R:\327\242\366\242\253LZY\223$G""; ledgerSeq: 32; type: liBASE; nodes {;   nodedata: ""\000\000\000 \001cEx]\211\377\3307p\334\264\237\177~\330]\252+:\317u\302h\n\351\n\364\231\277R\371\356\033y\265v\360Ny\000\000\000\000\000\000\000\000\000\000\000\000\000\000\000\000\000\000\000\000\000\000\000\000\000\000\000\000\000\000\000\000\300\007\336\376\212\017\204\365\370\302\250\216%\021\320\276d*nO\323\350\241T\201\307\203\245[Oqe/\351\253\020/\351\253\021\n\000""; }; nodes {;   nodedata: ""\323C\344\327\264{\312-\017:\006{\177\344N\002\326bO\260\220\006\033\362\345\005U\221DzJ0\001\301\025%1L\307\t\261\262z\374\222T\301\274V\236\223\262\270Ct\362\337b\356\024*\324\320\351\317\002k\336\234\027v\351\217\260\303\360\233ZPZWr\246$w\313\313\r\243r\232\2234\373\3539:N\004Q\245\272D\312D\300\300\t\323\0257\345e\271\na\215{\226\255x%T\257\037\333\004\344_/R\006E\344\037@\210\363\010\336T\226\247'\204_{\261\370""1\235\2445\343\033Y!\212\201\341\272\225'\007\037pM\027\246\241\275\006s\261\251\005N\255\251aA\240\365\303\205-5\037c\007\355\315o\234\231\031\013\003""; }; requestCookie: 5; ","ledgerHash: ""\246\332qY\262\231\251\n\305\334\202\305\362\n\367@k\231\016R:\327\242\366\242\253LZY\223$G""; ledgerSeq: 32; type: liBASE; nodes {;   nodedata: ""\000\000\000 \001cEx]\211\377\3307p\334\264\237\177~\330]\252+:\317u\302h\n\351\n\364\231\277R\371\356\033y\265v\360Ny\000\000\000\000\000\000\000\000\000\000\000\000\000\000\000\000\000\000\000\000\000\000\000\000\000\000\000\000\000\000\000\000\300\007\336\376\212\017\204\365\370\302\250\216%\021\320\276d*nO\323\350\241T\201\307\203\245[Oqe/\351\253\020/\351\253\021\n\000""; }; nodes {;   nodedata: ""\323C\344\327\264{\312-\017:\006{\177\344N\002\326bO\260\220\006\033\362\345\005U\221DzJ0\001\301\025%1L\307\t\261\262z\374\222T\301\274V\236\223\262\270Ct\362\337b\356\024*\324\320\351\317\002k\336\234\027v\351\217\260\303\360\233ZPZWr\246$w\313\313\r\243r\232\2234\373\3539:N\004Q\245\272D\312D\300\300\t\323\0257\345e\271\na\215{\226\255x%T\257\037\333\004\344_/R\006E\344\037@\210\363\010\336T\226\247'\204_{\261\370""1\235\2445\343\033Y!\212\201\341\272\225'\007\037pM\027\246\241\275\006s\261\251\005N\255\251aA\240\365\303\205-5\037c\007\355\315o\234\231\031\013\003""; }; requestCookie: 5; "
1750527636485,1750527636485,0,1,4,3,TMGetLedger,"itype: liAS_NODE; ledgerHash: ""\246\332qY\262\231\251\n\305\334\202\305\362\n\367@k\231\016R:\327\242\366\242\253LZY\223$G""; ledgerSeq: 32; nodeIDs: ""\260\000\000\000\000\000\000\000\000\000\000\000\000\000\000\000\000\000\000\000\000\000\000\000\000\000\000\000\000\000\000\000\001""; queryType: qtINDIRECT; queryDepth: 1; ","itype: liAS_NODE; ledgerHash: ""\246\332qY\262\231\251\n\305\334\202\305\362\n\367@k\231\016R:\327\242\366\242\253LZY\223$G""; ledgerSeq: 32; nodeIDs: ""\260\000\000\000\000\000\000\000\000\000\000\000\000\000\000\000\000\000\000\000\000\000\000\000\000\000\000\000\000\000\000\000\001""; queryType: qtINDIRECT; queryDepth: 1; "
1750527636485,1750527636485,0,1,0,3,TMGetLedger,"itype: liBASE; ledgerHash: ""\246\332qY\262\231\251\n\305\334\202\305\362\n\367@k\231\016R:\327\242\366\242\253LZY\223$G""; ledgerSeq: 32; queryType: qtINDIRECT; ","itype: liBASE; ledgerHash: ""\246\332qY\262\231\251\n\305\334\202\305\362\n\367@k\231\016R:\327\242\366\242\253LZY\223$G""; ledgerSeq: 32; queryType: qtINDIRECT; "
1750527636486,1750527636486,0,1,0,3,TMGetLedger,"itype: liBASE; ledgerHash: ""\246\332qY\262\231\251\n\305\334\202\305\362\n\367@k\231\016R:\327\242\366\242\253LZY\223$G""; requestCookie: 5; queryType: qtINDIRECT; ","itype: liBASE; ledgerHash: ""\246\332qY\262\231\251\n\305\334\202\305\362\n\367@k\231\016R:\327\242\366\242\253LZY\223$G""; requestCookie: 5; queryType: qtINDIRECT; "
1750527636486,1750527636486,0,1,0,3,TMGetLedger,"itype: liBASE; ledgerHash: ""\246\332qY\262\231\251\n\305\334\202\305\362\n\367@k\231\016R:\327\242\366\242\253LZY\223$G""; ledgerSeq: 32; requestCookie: 2; queryType: qtINDIRECT; ","itype: liBASE; ledgerHash: ""\246\332qY\262\231\251\n\305\334\202\305\362\n\367@k\231\016R:\327\242\366\242\253LZY\223$G""; ledgerSeq: 32; requestCookie: 2; queryType: qtINDIRECT; "
1750527636487,1750527636487,0,1,3,4,TMLedgerData,"ledgerHash: ""\246\332qY\262\231\251\n\305\334\202\305\362\n\367@k\231\016R:\327\242\366\242\253LZY\223$G""; ledgerSeq: 32; type: liBASE; nodes {;   nodedata: ""\000\000\000 \001cEx]\211\377\3307p\334\264\237\177~\330]\252+:\317u\302h\n\351\n\364\231\277R\371\356\033y\265v\360Ny\000\000\000\000\000\000\000\000\000\000\000\000\000\000\000\000\000\000\000\000\000\000\000\000\000\000\000\000\000\000\000\000\300\007\336\376\212\017\204\365\370\302\250\216%\021\320\276d*nO\323\350\241T\201\307\203\245[Oqe/\351\253\020/\351\253\021\n\000""; }; nodes {;   nodedata: ""\323C\344\327\264{\312-\017:\006{\177\344N\002\326bO\260\220\006\033\362\345\005U\221DzJ0\001\301\025%1L\307\t\261\262z\374\222T\301\274V\236\223\262\270Ct\362\337b\356\024*\324\320\351\317\002k\336\234\027v\351\217\260\303\360\233ZPZWr\246$w\313\313\r\243r\232\2234\373\3539:N\004Q\245\272D\312D\300\300\t\323\0257\345e\271\na\215{\226\255x%T\257\037\333\004\344_/R\006E\344\037@\210\363\010\336T\226\247'\204_{\261\370""1\235\2445\343\033Y!\212\201\341\272\225'\007\037pM\027\246\241\275\006s\261\251\005N\255\251aA\240\365\303\205-5\037c\007\355\315o\234\231\031\013\003""; }; requestCookie: 1; ","ledgerHash: ""\246\332qY\262\231\251\n\305\334\202\305\362\n\367@k\231\016R:\327\242\366\242\253LZY\223$G""; ledgerSeq: 32; type: liBASE; nodes {;   nodedata: ""\000\000\000 \001cEx]\211\377\3307p\334\264\237\177~\330]\252+:\317u\302h\n\351\n\364\231\277R\371\356\033y\265v\360Ny\000\000\000\000\000\000\000\000\000\000\000\000\000\000\000\000\000\000\000\000\000\000\000\000\000\000\000\000\000\000\000\000\300\007\336\376\212\017\204\365\370\302\250\216%\021\320\276d*nO\323\350\241T\201\307\203\245[Oqe/\351\253\020/\351\253\021\n\000""; }; nodes {;   nodedata: ""\323C\344\327\264{\312-\017:\006{\177\344N\002\326bO\260\220\006\033\362\345\005U\221DzJ0\001\301\025%1L\307\t\261\262z\374\222T\301\274V\236\223\262\270Ct\362\337b\356\024*\324\320\351\317\002k\336\234\027v\351\217\260\303\360\233ZPZWr\246$w\313\313\r\243r\232\2234\373\3539:N\004Q\245\272D\312D\300\300\t\323\0257\345e\271\na\215{\226\255x%T\257\037\333\004\344_/R\006E\344\037@\210\363\010\336T\226\247'\204_{\261\370""1\235\2445\343\033Y!\212\201\341\272\225'\007\037pM\027\246\241\275\006s\261\251\005N\255\251aA\240\365\303\205-5\037c\007\355\315o\234\231\031\013\003""; }; requestCookie: 1; "
1750527636487,1750527636488,0,1,3,1,TMLedgerData,"ledgerHash: ""\246\332qY\262\231\251\n\305\334\202\305\362\n\367@k\231\016R:\327\242\366\242\253LZY\223$G""; ledgerSeq: 32; type: liBASE; nodes {;   nodedata: ""\000\000\000 \001cEx]\211\377\3307p\334\264\237\177~\330]\252+:\317u\302h\n\351\n\364\231\277R\371\356\033y\265v\360Ny\000\000\000\000\000\000\000\000\000\000\000\000\000\000\000\000\000\000\000\000\000\000\000\000\000\000\000\000\000\000\000\000\300\007\336\376\212\017\204\365\370\302\250\216%\021\320\276d*nO\323\350\241T\201\307\203\245[Oqe/\351\253\020/\351\253\021\n\000""; }; nodes {;   nodedata: ""\323C\344\327\264{\312-\017:\006{\177\344N\002\326bO\260\220\006\033\362\345\005U\221DzJ0\001\301\025%1L\307\t\261\262z\374\222T\301\274V\236\223\262\270Ct\362\337b\356\024*\324\320\351\317\002k\336\234\027v\351\217\260\303\360\233ZPZWr\246$w\313\313\r\243r\232\2234\373\3539:N\004Q\245\272D\312D\300\300\t\323\0257\345e\271\na\215{\226\255x%T\257\037\333\004\344_/R\006E\344\037@\210\363\010\336T\226\247'\204_{\261\370""1\235\2445\343\033Y!\212\201\341\272\225'\007\037pM\027\246\241\275\006s\261\251\005N\255\251aA\240\365\303\205-5\037c\007\355\315o\234\231\031\013\003""; }; requestCookie: 2; ","ledgerHash: ""\246\332qY\262\231\251\n\305\334\202\305\362\n\367@k\231\016R:\327\242\366\242\253LZY\223$G""; ledgerSeq: 32; type: liBASE; nodes {;   nodedata: ""\000\000\000 \001cEx]\211\377\3307p\334\264\237\177~\330]\252+:\317u\302h\n\351\n\364\231\277R\371\356\033y\265v\360Ny\000\000\000\000\000\000\000\000\000\000\000\000\000\000\000\000\000\000\000\000\000\000\000\000\000\000\000\000\000\000\000\000\300\007\336\376\212\017\204\365\370\302\250\216%\021\320\276d*nO\323\350\241T\201\307\203\245[Oqe/\351\253\020/\351\253\021\n\000""; }; nodes {;   nodedata: ""\323C\344\327\264{\312-\017:\006{\177\344N\002\326bO\260\220\006\033\362\345\005U\221DzJ0\001\301\025%1L\307\t\261\262z\374\222T\301\274V\236\223\262\270Ct\362\337b\356\024*\324\320\351\317\002k\336\234\027v\351\217\260\303\360\233ZPZWr\246$w\313\313\r\243r\232\2234\373\3539:N\004Q\245\272D\312D\300\300\t\323\0257\345e\271\na\215{\226\255x%T\257\037\333\004\344_/R\006E\344\037@\210\363\010\336T\226\247'\204_{\261\370""1\235\2445\343\033Y!\212\201\341\272\225'\007\037pM\027\246\241\275\006s\261\251\005N\255\251aA\240\365\303\205-5\037c\007\355\315o\234\231\031\013\003""; }; requestCookie: 2; "
1750527636488,1750527636488,0,1,2,3,TMGetLedger,"itype: liAS_NODE; ledgerHash: ""\246\332qY\262\231\251\n\305\334\202\305\362\n\367@k\231\016R:\327\242\366\242\253LZY\223$G""; ledgerSeq: 32; nodeIDs: ""\260\000\000\000\000\000\000\000\000\000\000\000\000\000\000\000\000\000\000\000\000\000\000\000\000\000\000\000\000\000\000\000\001""; queryType: qtINDIRECT; queryDepth: 1; ","itype: liAS_NODE; ledgerHash: ""\246\332qY\262\231\251\n\305\334\202\305\362\n\367@k\231\016R:\327\242\366\242\253LZY\223$G""; ledgerSeq: 32; nodeIDs: ""\260\000\000\000\000\000\000\000\000\000\000\000\000\000\000\000\000\000\000\000\000\000\000\000\000\000\000\000\000\000\000\000\001""; queryType: qtINDIRECT; queryDepth: 1; "
1750527636489,1750527636489,0,1,1,3,TMGetLedger,"itype: liAS_NODE; ledgerHash: ""\246\332qY\262\231\251\n\305\334\202\305\362\n\367@k\231\016R:\327\242\366\242\253LZY\223$G""; ledgerSeq: 32; nodeIDs: ""\260\000\000\000\000\000\000\000\000\000\000\000\000\000\000\000\000\000\000\000\000\000\000\000\000\000\000\000\000\000\000\000\001""; queryType: qtINDIRECT; queryDepth: 1; ","itype: liAS_NODE; ledgerHash: ""\246\332qY\262\231\251\n\305\334\202\305\362\n\367@k\231\016R:\327\242\366\242\253LZY\223$G""; ledgerSeq: 32; nodeIDs: ""\260\000\000\000\000\000\000\000\000\000\000\000\000\000\000\000\000\000\000\000\000\000\000\000\000\000\000\000\000\000\000\000\001""; queryType: qtINDIRECT; queryDepth: 1; "
1750527636489,1750527636489,0,1,1,2,TMGetLedger,"itype: liBASE; ledgerHash: ""\246\332qY\262\231\251\n\305\334\202\305\362\n\367@k\231\016R:\327\242\366\242\253LZY\223$G""; ledgerSeq: 32; queryType: qtINDIRECT; ","itype: liBASE; ledgerHash: ""\246\332qY\262\231\251\n\305\334\202\305\362\n\367@k\231\016R:\327\242\366\242\253LZY\223$G""; ledgerSeq: 32; queryType: qtINDIRECT; "
1750527636490,1750527636490,0,1,1,3,TMGetLedger,"itype: liBASE; ledgerHash: ""\246\332qY\262\231\251\n\305\334\202\305\362\n\367@k\231\016R:\327\242\366\242\253LZY\223$G""; ledgerSeq: 32; requestCookie: 3; queryType: qtINDIRECT; ","itype: liBASE; ledgerHash: ""\246\332qY\262\231\251\n\305\334\202\305\362\n\367@k\231\016R:\327\242\366\242\253LZY\223$G""; ledgerSeq: 32; requestCookie: 3; queryType: qtINDIRECT; "
1750527636490,1750527636490,0,1,3,4,TMLedgerData,"ledgerHash: ""\246\332qY\262\231\251\n\305\334\202\305\362\n\367@k\231\016R:\327\242\366\242\253LZY\223$G""; ledgerSeq: 32; type: liBASE; nodes {;   nodedata: ""\000\000\000 \001cEx]\211\377\3307p\334\264\237\177~\330]\252+:\317u\302h\n\351\n\364\231\277R\371\356\033y\265v\360Ny\000\000\000\000\000\000\000\000\000\000\000\000\000\000\000\000\000\000\000\000\000\000\000\000\000\000\000\000\000\000\000\000\300\007\336\376\212\017\204\365\370\302\250\216%\021\320\276d*nO\323\350\241T\201\307\203\245[Oqe/\351\253\020/\351\253\021\n\000""; }; nodes {;   nodedata: ""\323C\344\327\264{\312-\017:\006{\177\344N\002\326bO\260\220\006\033\362\345\005U\221DzJ0\001\301\025%1L\307\t\261\262z\374\222T\301\274V\236\223\262\270Ct\362\337b\356\024*\324\320\351\317\002k\336\234\027v\351\217\260\303\360\233ZPZWr\246$w\313\313\r\243r\232\2234\373\3539:N\004Q\245\272D\312D\300\300\t\323\0257\345e\271\na\215{\226\255x%T\257\037\333\004\344_/R\006E\344\037@\210\363\010\336T\226\247'\204_{\261\370""1\235\2445\343\033Y!\212\201\341\272\225'\007\037pM\027\246\241\275\006s\261\251\005N\255\251aA\240\365\303\205-5\037c\007\355\315o\234\231\031\013\003""; }; requestCookie: 2; ","ledgerHash: ""\246\332qY\262\231\251\n\305\334\202\305\362\n\367@k\231\016R:\327\242\366\242\253LZY\223$G""; ledgerSeq: 32; type: liBASE; nodes {;   nodedata: ""\000\000\000 \001cEx]\211\377\3307p\334\264\237\177~\330]\252+:\317u\302h\n\351\n\364\231\277R\371\356\033y\265v\360Ny\000\000\000\000\000\000\000\000\000\000\000\000\000\000\000\000\000\000\000\000\000\000\000\000\000\000\000\000\000\000\000\000\300\007\336\376\212\017\204\365\370\302\250\216%\021\320\276d*nO\323\350\241T\201\307\203\245[Oqe/\351\253\020/\351\253\021\n\000""; }; nodes {;   nodedata: ""\323C\344\327\264{\312-\017:\006{\177\344N\002\326bO\260\220\006\033\362\345\005U\221DzJ0\001\301\025%1L\307\t\261\262z\374\222T\301\274V\236\223\262\270Ct\362\337b\356\024*\324\320\351\317\002k\336\234\027v\351\217\260\303\360\233ZPZWr\246$w\313\313\r\243r\232\2234\373\3539:N\004Q\245\272D\312D\300\300\t\323\0257\345e\271\na\215{\226\255x%T\257\037\333\004\344_/R\006E\344\037@\210\363\010\336T\226\247'\204_{\261\370""1\235\2445\343\033Y!\212\201\341\272\225'\007\037pM\027\246\241\275\006s\261\251\005N\255\251aA\240\365\303\205-5\037c\007\355\315o\234\231\031\013\003""; }; requestCookie: 2; "
1750527636491,1750527636491,0,1,3,2,TMLedgerData,"ledgerHash: ""\246\332qY\262\231\251\n\305\334\202\305\362\n\367@k\231\016R:\327\242\366\242\253LZY\223$G""; ledgerSeq: 32; type: liBASE; nodes {;   nodedata: ""\000\000\000 \001cEx]\211\377\3307p\334\264\237\177~\330]\252+:\317u\302h\n\351\n\364\231\277R\371\356\033y\265v\360Ny\000\000\000\000\000\000\000\000\000\000\000\000\000\000\000\000\000\000\000\000\000\000\000\000\000\000\000\000\000\000\000\000\300\007\336\376\212\017\204\365\370\302\250\216%\021\320\276d*nO\323\350\241T\201\307\203\245[Oqe/\351\253\020/\351\253\021\n\000""; }; nodes {;   nodedata: ""\323C\344\327\264{\312-\017:\006{\177\344N\002\326bO\260\220\006\033\362\345\005U\221DzJ0\001\301\025%1L\307\t\261\262z\374\222T\301\274V\236\223\262\270Ct\362\337b\356\024*\324\320\351\317\002k\336\234\027v\351\217\260\303\360\233ZPZWr\246$w\313\313\r\243r\232\2234\373\3539:N\004Q\245\272D\312D\300\300\t\323\0257\345e\271\na\215{\226\255x%T\257\037\333\004\344_/R\006E\344\037@\210\363\010\336T\226\247'\204_{\261\370""1\235\2445\343\033Y!\212\201\341\272\225'\007\037pM\027\246\241\275\006s\261\251\005N\255\251aA\240\365\303\205-5\037c\007\355\315o\234\231\031\013\003""; }; requestCookie: 2; ","ledgerHash: ""\246\332qY\262\231\251\n\305\334\202\305\362\n\367@k\231\016R:\327\242\366\242\253LZY\223$G""; ledgerSeq: 32; type: liBASE; nodes {;   nodedata: ""\000\000\000 \001cEx]\211\377\3307p\334\264\237\177~\330]\252+:\317u\302h\n\351\n\364\231\277R\371\356\033y\265v\360Ny\000\000\000\000\000\000\000\000\000\000\000\000\000\000\000\000\000\000\000\000\000\000\000\000\000\000\000\000\000\000\000\000\300\007\336\376\212\017\204\365\370\302\250\216%\021\320\276d*nO\323\350\241T\201\307\203\245[Oqe/\351\253\020/\351\253\021\n\000""; }; nodes {;   nodedata: ""\323C\344\327\264{\312-\017:\006{\177\344N\002\326bO\260\220\006\033\362\345\005U\221DzJ0\001\301\025%1L\307\t\261\262z\374\222T\301\274V\236\223\262\270Ct\362\337b\356\024*\324\320\351\317\002k\336\234\027v\351\217\260\303\360\233ZPZWr\246$w\313\313\r\243r\232\2234\373\3539:N\004Q\245\272D\312D\300\300\t\323\0257\345e\271\na\215{\226\255x%T\257\037\333\004\344_/R\006E\344\037@\210\363\010\336T\226\247'\204_{\261\370""1\235\2445\343\033Y!\212\201\341\272\225'\007\037pM\027\246\241\275\006s\261\251\005N\255\251aA\240\365\303\205-5\037c\007\355\315o\234\231\031\013\003""; }; requestCookie: 2; "
1750527636492,1750527636492,0,1,3,2,TMLedgerData,"ledgerHash: ""\246\332qY\262\231\251\n\305\334\202\305\362\n\367@k\231\016R:\327\242\366\242\253LZY\223$G""; ledgerSeq: 32; type: liBASE; nodes {;   nodedata: ""\000\000\000 \001cEx]\211\377\3307p\334\264\237\177~\330]\252+:\317u\302h\n\351\n\364\231\277R\371\356\033y\265v\360Ny\000\000\000\000\000\000\000\000\000\000\000\000\000\000\000\000\000\000\000\000\000\000\000\000\000\000\000\000\000\000\000\000\300\007\336\376\212\017\204\365\370\302\250\216%\021\320\276d*nO\323\350\241T\201\307\203\245[Oqe/\351\253\020/\351\253\021\n\000""; }; nodes {;   nodedata: ""\323C\344\327\264{\312-\017:\006{\177\344N\002\326bO\260\220\006\033\362\345\005U\221DzJ0\001\301\025%1L\307\t\261\262z\374\222T\301\274V\236\223\262\270Ct\362\337b\356\024*\324\320\351\317\002k\336\234\027v\351\217\260\303\360\233ZPZWr\246$w\313\313\r\243r\232\2234\373\3539:N\004Q\245\272D\312D\300\300\t\323\0257\345e\271\na\215{\226\255x%T\257\037\333\004\344_/R\006E\344\037@\210\363\010\336T\226\247'\204_{\261\370""1\235\2445\343\033Y!\212\201\341\272\225'\007\037pM\027\246\241\275\006s\261\251\005N\255\251aA\240\365\303\205-5\037c\007\355\315o\234\231\031\013\003""; }; requestCookie: 5; ","ledgerHash: ""\246\332qY\262\231\251\n\305\334\202\305\362\n\367@k\231\016R:\327\242\366\242\253LZY\223$G""; ledgerSeq: 32; type: liBASE; nodes {;   nodedata: ""\000\000\000 \001cEx]\211\377\3307p\334\264\237\177~\330]\252+:\317u\302h\n\351\n\364\231\277R\371\356\033y\265v\360Ny\000\000\000\000\000\000\000\000\000\000\000\000\000\000\000\000\000\000\000\000\000\000\000\000\000\000\000\000\000\000\000\000\300\007\336\376\212\017\204\365\370\302\250\216%\021\320\276d*nO\323\350\241T\201\307\203\245[Oqe/\351\253\020/\351\253\021\n\000""; }; nodes {;   nodedata: ""\323C\344\327\264{\312-\017:\006{\177\344N\002\326bO\260\220\006\033\362\345\005U\221DzJ0\001\301\025%1L\307\t\261\262z\374\222T\301\274V\236\223\262\270Ct\362\337b\356\024*\324\320\351\317\002k\336\234\027v\351\217\260\303\360\233ZPZWr\246$w\313\313\r\243r\232\2234\373\3539:N\004Q\245\272D\312D\300\300\t\323\0257\345e\271\na\215{\226\255x%T\257\037\333\004\344_/R\006E\344\037@\210\363\010\336T\226\247'\204_{\261\370""1\235\2445\343\033Y!\212\201\341\272\225'\007\037pM\027\246\241\275\006s\261\251\005N\255\251aA\240\365\303\205-5\037c\007\355\315o\234\231\031\013\003""; }; requestCookie: 5; "
1750527636492,1750527636492,0,1,3,4,TMLedgerData,"ledgerHash: ""\246\332qY\262\231\251\n\305\334\202\305\362\n\367@k\231\016R:\327\242\366\242\253LZY\223$G""; ledgerSeq: 32; type: liBASE; nodes {;   nodedata: ""\000\000\000 \001cEx]\211\377\3307p\334\264\237\177~\330]\252+:\317u\302h\n\351\n\364\231\277R\371\356\033y\265v\360Ny\000\000\000\000\000\000\000\000\000\000\000\000\000\000\000\000\000\000\000\000\000\000\000\000\000\000\000\000\000\000\000\000\300\007\336\376\212\017\204\365\370\302\250\216%\021\320\276d*nO\323\350\241T\201\307\203\245[Oqe/\351\253\020/\351\253\021\n\000""; }; nodes {;   nodedata: ""\323C\344\327\264{\312-\017:\006{\177\344N\002\326bO\260\220\006\033\362\345\005U\221DzJ0\001\301\025%1L\307\t\261\262z\374\222T\301\274V\236\223\262\270Ct\362\337b\356\024*\324\320\351\317\002k\336\234\027v\351\217\260\303\360\233ZPZWr\246$w\313\313\r\243r\232\2234\373\3539:N\004Q\245\272D\312D\300\300\t\323\0257\345e\271\na\215{\226\255x%T\257\037\333\004\344_/R\006E\344\037@\210\363\010\336T\226\247'\204_{\261\370""1\235\2445\343\033Y!\212\201\341\272\225'\007\037pM\027\246\241\275\006s\261\251\005N\255\251aA\240\365\303\205-5\037c\007\355\315o\234\231\031\013\003""; }; requestCookie: 3; ","ledgerHash: ""\246\332qY\262\231\251\n\305\334\202\305\362\n\367@k\231\016R:\327\242\366\242\253LZY\223$G""; ledgerSeq: 32; type: liBASE; nodes {;   nodedata: ""\000\000\000 \001cEx]\211\377\3307p\334\264\237\177~\330]\252+:\317u\302h\n\351\n\364\231\277R\371\356\033y\265v\360Ny\000\000\000\000\000\000\000\000\000\000\000\000\000\000\000\000\000\000\000\000\000\000\000\000\000\000\000\000\000\000\000\000\300\007\336\376\212\017\204\365\370\302\250\216%\021\320\276d*nO\323\350\241T\201\307\203\245[Oqe/\351\253\020/\351\253\021\n\000""; }; nodes {;   nodedata: ""\323C\344\327\264{\312-\017:\006{\177\344N\002\326bO\260\220\006\033\362\345\005U\221DzJ0\001\301\025%1L\307\t\261\262z\374\222T\301\274V\236\223\262\270Ct\362\337b\356\024*\324\320\351\317\002k\336\234\027v\351\217\260\303\360\233ZPZWr\246$w\313\313\r\243r\232\2234\373\3539:N\004Q\245\272D\312D\300\300\t\323\0257\345e\271\na\215{\226\255x%T\257\037\333\004\344_/R\006E\344\037@\210\363\010\336T\226\247'\204_{\261\370""1\235\2445\343\033Y!\212\201\341\272\225'\007\037pM\027\246\241\275\006s\261\251\005N\255\251aA\240\365\303\205-5\037c\007\355\315o\234\231\031\013\003""; }; requestCookie: 3; "
1750527636493,1750527636493,0,1,1,4,TMLedgerData,"ledgerHash: ""\246\332qY\262\231\251\n\305\334\202\305\362\n\367@k\231\016R:\327\242\366\242\253LZY\223$G""; ledgerSeq: 32; type: liBASE; nodes {;   nodedata: ""\000\000\000 \001cEx]\211\377\3307p\334\264\237\177~\330]\252+:\317u\302h\n\351\n\364\231\277R\371\356\033y\265v\360Ny\000\000\000\000\000\000\000\000\000\000\000\000\000\000\000\000\000\000\000\000\000\000\000\000\000\000\000\000\000\000\000\000\300\007\336\376\212\017\204\365\370\302\250\216%\021\320\276d*nO\323\350\241T\201\307\203\245[Oqe/\351\253\020/\351\253\021\n\000""; }; nodes {;   nodedata: ""\323C\344\327\264{\312-\017:\006{\177\344N\002\326bO\260\220\006\033\362\345\005U\221DzJ0\001\301\025%1L\307\t\261\262z\374\222T\301\274V\236\223\262\270Ct\362\337b\356\024*\324\320\351\317\002k\336\234\027v\351\217\260\303\360\233ZPZWr\246$w\313\313\r\243r\232\2234\373\3539:N\004Q\245\272D\312D\300\300\t\323\0257\345e\271\na\215{\226\255x%T\257\037\333\004\344_/R\006E\344\037@\210\363\010\336T\226\247'\204_{\261\370""1\235\2445\343\033Y!\212\201\341\272\225'\007\037pM\027\246\241\275\006s\261\251\005N\255\251aA\240\365\303\205-5\037c\007\355\315o\234\231\031\013\003""; }; ","ledgerHash: ""\246\332qY\262\231\251\n\305\334\202\305\362\n\367@k\231\016R:\327\242\366\242\253LZY\223$G""; ledgerSeq: 32; type: liBASE; nodes {;   nodedata: ""\000\000\000 \001cEx]\211\377\3307p\334\264\237\177~\330]\252+:\317u\302h\n\351\n\364\231\277R\371\356\033y\265v\360Ny\000\000\000\000\000\000\000\000\000\000\000\000\000\000\000\000\000\000\000\000\000\000\000\000\000\000\000\000\000\000\000\000\300\007\336\376\212\017\204\365\370\302\250\216%\021\320\276d*nO\323\350\241T\201\307\203\245[Oqe/\351\253\020/\351\253\021\n\000""; }; nodes {;   nodedata: ""\323C\344\327\264{\312-\017:\006{\177\344N\002\326bO\260\220\006\033\362\345\005U\221DzJ0\001\301\025%1L\307\t\261\262z\374\222T\301\274V\236\223\262\270Ct\362\337b\356\024*\324\320\351\317\002k\336\234\027v\351\217\260\303\360\233ZPZWr\246$w\313\313\r\243r\232\2234\373\3539:N\004Q\245\272D\312D\300\300\t\323\0257\345e\271\na\215{\226\255x%T\257\037\333\004\344_/R\006E\344\037@\210\363\010\336T\226\247'\204_{\261\370""1\235\2445\343\033Y!\212\201\341\272\225'\007\037pM\027\246\241\275\006s\261\251\005N\255\251aA\240\365\303\205-5\037c\007\355\315o\234\231\031\013\003""; }; "
1750527636494,1750527636495,0,1,3,4,TMLedgerData,"ledgerHash: ""\246\332qY\262\231\251\n\305\334\202\305\362\n\367@k\231\016R:\327\242\366\242\253LZY\223$G""; ledgerSeq: 32; type: liAS_NODE; nodes {;   nodedata: ""\021\000h""\000\000\000\000 \033\000\000\000\037\002\023\304?\330\356GuH\375\327!\255\371\r\231\262R\256J\034\222\241\355X\265E\241^W\225\304\014\361CX-}\351f\032\255\274\334m\326c\017\014ao[\342\230\003\245\245\3341Hm\326^\017jy\335\261\032Yt\320\244{g\0306\\302\303*\341\215\223\257\364\277o\375\000r\241SOq\221\253\262\005\017\375T\356\014\360o'\030\311-\267\031\257!\031T\006><\315XM\334\324\345\034\000\325\367\240\271\013\265\024\321\362\354\211\250.\234s\225amc\305\035\366\276\037nD\277`\210\223N\3535\033\261\304f\331]\036\237\306o!\223\221\002\324\031\262\240R\177 ,\214\325\Q])\016\2067\277\t\354\010\000\360\215\2502\265\245\310\226\243c\302Ze\306\253#r\020\211\320iG\276\020E\317\035Sf\223F\254\033@\177e\277\016\010u\327\371&\262\312\317Q\2361t\377x\234\001v\003%\030\325_\225g\204\346a=\225\273\331\354\365*U\363\263N\367b\371\244\314-w\363\262\225Z\200\206\235\233\257?sE\2674\254\326mU\377?\177Ek\336\030!\316Aa\225\303\022\377{\210Y\226\271as\354L\035\004\341\361\035\301\024\220m#*\372\032\3178~\374\250\014*\323\342'z69\220\327\256\351G\367\317u\302\207\270b\315\333\333\334\310I\323&\014\352XZnW2.\335\347\202\021\247\362\212e\034\000\001\250\220\305;a\314\265R\310\017\317\331\235\360\262\240:\277\202\266\354\265X""\022\nh\252\352w\204\203\023]\001f\352\277\0031Q]\362\370R\350{\261\202\240\344\215\201\353\276\322p5p\350\354\017>\250r\241c\273\016\301\024\363\242\247\263\231\370\344\nBW\220K\316@3\243\200\036wk\253GSlU\010\360\231>\331\263H\214\324\030A\225\301o\346pkSF\004\241\213w9\223=\250\262*+\255\351r\265\244c\024\213\t\007`\223\325#\3477\210\345P\306\013\320\252[\0216+\227=`\371P\314\346 V7\271[~\n\237\274|\347\352@K\253~&\260\032\024\004B\200\255h\351\013\361\031:nG\211\005|\2003\266\274\251,W\006u\344\335d\003\306\212\313,\340\350bG\n\030Z\2732-\246\312\255\030\003\235207\005}D\260\0261ah\322M\304\216\273m0\271\234\237\007<w$\265C\245\232\033\023\313c\321B\032l\301h\005\320\252\301\361(\330[\343\357\343{\235\n\266g\272>\177\317\347\261qb&\270&\346ju\200\363N\320\307\004\034\001n\317\361\2653\254\2503\247\305\372\316W\022O\253x\250\025\373\247\354Tc\304\263\243^\352Gv\\264\261\r\035\226\306\2411\351\233\203\215\200$\231\300f\220\371c@\017\254\363\\371\340\340VaR\205~^\226\342t\360\022\204d\231\205)\272\364?\361!\334\331\315\254\230\rBG\314\023\246\244=\351\177\254\302b&\276+H;0\312\021&\275\036\237\350R\313\206R\331\304k\323u\263t\221\213yC\241\217A\242\027g\322\241'\212.E?B_\316\327\217J +\370\t^b\005\020\003\211\373\247|hC\271Nmk~J\270EU\274\036-\347\240\312FA\321\341bca\253\025\321\311\317\021\375\317\217\n\272\033o\353G>\275\361H\265\240\232um""\317\324`\214\221\314\000\211K\223+(""\200i \311\372g\254\343ZR0\224\275q\252\357\213\263\206N\357&Q\217\267\303\356I\236\357\264\311b\037\366\035\253\343\311\265\240\327q\206f\262ODi\215-\363>\034\236l\273\005G\316F\217}[\036\007\270:\260\335\271B\241N\345\330\204\327f\361\272Kb\0377p\334\264\237\177~\330]\252+:\317u\302h\n\351\n\364\231\277R\371\356\033y\265v\360Ny\264\227\2326\315\307\363\323\325\303\032N\256*\307\327 \235\332\207u\210\271\257\306g\231i*\260\326k\001"";   nodeid: ""\260\000\000\000\000\000\000\000\000\000\000\000\000\000\000\000\000\000\000\000\000\000\000\000\000\000\000\000\000\000\000\000\001""; }; ","ledgerHash: ""\246\332qY\262\231\251\n\305\334\202\305\362\n\367@k\231\016R:\327\242\366\242\253LZY\223$G""; ledgerSeq: 32; type: liAS_NODE; nodes {;   nodedata: ""\021\000h""\000\000\000\000 \033\000\000\000\037\002\023\304?\330\356GuH\375\327!\255\371\r\231\262R\256J\034\222\241\355X\265E\241^W\225\304\014\361CX-}\351f\032\255\274\334m\326c\017\014ao[\342\230\003\245\245\3341Hm\326^\017jy\335\261\032Yt\320\244{g\0306\\302\303*\341\215\223\257\364\277o\375\000r\241SOq\221\253\262\005\017\375T\356\014\360o'\030\311-\267\031\257!\031T\006><\315XM\334\324\345\034\000\325\367\240\271\013\265\024\321\362\354\211\250.\234s\225amc\305\035\366\276\037nD\277`\210\223N\3535\033\261\304f\331]\036\237\306o!\223\221\002\324\031\262\240R\177 ,\214\325\Q])\016\2067\277\t\354\010\000\360\215\2502\265\245\310\226\243c\302Ze\306\253#r\020\211\320iG\276\020E\317\035Sf\223F\254\033@\177e\277\016\010u\327\371&\262\312\317Q\2361t\377x\234\001v\003%\030\325_\225g\204\346a=\225\273\331\354\365*U\363\263N\367b\371\244\314-w\363\262\225Z\200\206\235\233\257?sE\2674\254\326mU\377?\177Ek\336\030!\316Aa\225\303\022\377{\210Y\226\271as\354L\035\004\341\361\035\301\024\220m#*\372\032\3178~\374\250\014*\323\342'z69\220\327\256\351G\367\317u\302\207\270b\315\333\333\334\310I\323&\014\352XZnW2.\335\347\202\021\247\362\212e\034\000\001\250\220\305;a\314\265R\310\017\317\331\235\360\262\240:\277\202\266\354\265X""\022\nh\252\352w\204\203\023]\001f\352\277\0031Q]\362\370R\350{\261\202\240\344\215\201\353\276\322p5p\350\354\017>\250r\241c\273\016\301\024\363\242\247\263\231\370\344\nBW\220K\316@3\243\200\036wk\253GSlU\010\360\231>\331\263H\214\324\030A\225\301o\346pkSF\004\241\213w9\223=\250\262*+\255\351r\265\244c\024\213\t\007`\223\325#\3477\210\345P\306\013\320\252[\0216+\227=`\371P\314\346 V7\271[~\n\237\274|\347\352@K\253~&\260\032\024\004B\200\255h\351\013\361\031:nG\211\005|\2003\266\274\251,W\006u\344\335d\003\306\212\313,\340\350bG\n\030Z\2732-\246\312\255\030\003\235207\005}D\260\0261ah\322M\304\216\273m0\271\234\237\007<w$\265C\245\232\033\023\313c\321B\032l\301h\005\320\252\301\361(\330[\343\357\343{\235\n\266g\272>\177\317\347\261qb&\270&\346ju\200\363N\320\307\004\034\001n\317\361\2653\254\2503\247\305\372\316W\022O\253x\250\025\373\247\354Tc\304\263\243^\352Gv\\264\261\r\035\226\306\2411\351\233\203\215\200$\231\300f\220\371c@\017\254\363\\371\340\340VaR\205~^\226\342t\360\022\204d\231\205)\272\364?\361!\334\331\315\254\230\rBG\314\023\246\244=\351\177\254\302b&\276+H;0\312\021&\275\036\237\350R\313\206R\331\304k\323u\263t\221\213yC\241\217A\242\027g\322\241'\212.E?B_\316\327\217J +\370\t^b\005\020\003\211\373\247|hC\271Nmk~J\270EU\274\036-\347\240\312FA\321\341bca\253\025\321\311\317\021\375\317\217\n\272\033o\353G>\275\361H\265\240\232um""\317\324`\214\221\314\000\211K\223+(""\200i \311\372g\254\343ZR0\224\275q\252\357\213\263\206N\357&Q\217\267\303\356I\236\357\264\311b\037\366\035\253\343\311\265\240\327q\206f\262ODi\215-\363>\034\236l\273\005G\316F\217}[\036\007\270:\260\335\271B\241N\345\330\204\327f\361\272Kb\0377p\334\264\237\177~\330]\252+:\317u\302h\n\351\n\364\231\277R\371\356\033y\265v\360Ny\264\227\2326\315\307\363\323\325\303\032N\256*\307\327 \235\332\207u\210\271\257\306g\231i*\260\326k\001"";   nodeid: ""\260\000\000\000\000\000\000\000\000\000\000\000\000\000\000\000\000\000\000\000\000\000\000\000\000\000\000\000\000\000\000\000\001""; }; "
1750527636495,1750527636495,0,1,3,0,TMLedgerData,"ledgerHash: ""\246\332qY\262\231\251\n\305\334\202\305\362\n\367@k\231\016R:\327\242\366\242\253LZY\223$G""; ledgerSeq: 32; type: liBASE; nodes {;   nodedata: ""\000\000\000 \001cEx]\211\377\3307p\334\264\237\177~\330]\252+:\317u\302h\n\351\n\364\231\277R\371\356\033y\265v\360Ny\000\000\000\000\000\000\000\000\000\000\000\000\000\000\000\000\000\000\000\000\000\000\000\000\000\000\000\000\000\000\000\000\300\007\336\376\212\017\204\365\370\302\250\216%\021\320\276d*nO\323\350\241T\201\307\203\245[Oqe/\351\253\020/\351\253\021\n\000""; }; nodes {;   nodedata: ""\323C\344\327\264{\312-\017:\006{\177\344N\002\326bO\260\220\006\033\362\345\005U\221DzJ0\001\301\025%1L\307\t\261\262z\374\222T\301\274V\236\223\262\270Ct\362\337b\356\024*\324\320\351\317\002k\336\234\027v\351\217\260\303\360\233ZPZWr\246$w\313\313\r\243r\232\2234\373\3539:N\004Q\245\272D\312D\300\300\t\323\0257\345e\271\na\215{\226\255x%T\257\037\333\004\344_/R\006E\344\037@\210\363\010\336T\226\247'\204_{\261\370""1\235\2445\343\033Y!\212\201\341\272\225'\007\037pM\027\246\241\275\006s\261\251\005N\255\251aA\240\365\303\205-5\037c\007\355\315o\234\231\031\013\003""; }; ","ledgerHash: ""\246\332qY\262\231\251\n\305\334\202\305\362\n\367@k\231\016R:\327\242\366\242\253LZY\223$G""; ledgerSeq: 32; type: liBASE; nodes {;   nodedata: ""\000\000\000 \001cEx]\211\377\3307p\334\264\237\177~\330]\252+:\317u\302h\n\351\n\364\231\277R\371\356\033y\265v\360Ny\000\000\000\000\000\000\000\000\000\000\000\000\000\000\000\000\000\000\000\000\000\000\000\000\000\000\000\000\000\000\000\000\300\007\336\376\212\017\204\365\370\302\250\216%\021\320\276d*nO\323\350\241T\201\307\203\245[Oqe/\351\253\020/\351\253\021\n\000""; }; nodes {;   nodedata: ""\323C\344\327\264{\312-\017:\006{\177\344N\002\326bO\260\220\006\033\362\345\005U\221DzJ0\001\301\025%1L\307\t\261\262z\374\222T\301\274V\236\223\262\270Ct\362\337b\356\024*\324\320\351\317\002k\336\234\027v\351\217\260\303\360\233ZPZWr\246$w\313\313\r\243r\232\2234\373\3539:N\004Q\245\272D\312D\300\300\t\323\0257\345e\271\na\215{\226\255x%T\257\037\333\004\344_/R\006E\344\037@\210\363\010\336T\226\247'\204_{\261\370""1\235\2445\343\033Y!\212\201\341\272\225'\007\037pM\027\246\241\275\006s\261\251\005N\255\251aA\240\365\303\205-5\037c\007\355\315o\234\231\031\013\003""; }; "
1750527636496,1750527636496,0,1,3,0,TMLedgerData,"ledgerHash: ""\246\332qY\262\231\251\n\305\334\202\305\362\n\367@k\231\016R:\327\242\366\242\253LZY\223$G""; ledgerSeq: 32; type: liBASE; nodes {;   nodedata: ""\000\000\000 \001cEx]\211\377\3307p\334\264\237\177~\330]\252+:\317u\302h\n\351\n\364\231\277R\371\356\033y\265v\360Ny\000\000\000\000\000\000\000\000\000\000\000\000\000\000\000\000\000\000\000\000\000\000\000\000\000\000\000\000\000\000\000\000\300\007\336\376\212\017\204\365\370\302\250\216%\021\320\276d*nO\323\350\241T\201\307\203\245[Oqe/\351\253\020/\351\253\021\n\000""; }; nodes {;   nodedata: ""\323C\344\327\264{\312-\017:\006{\177\344N\002\326bO\260\220\006\033\362\345\005U\221DzJ0\001\301\025%1L\307\t\261\262z\374\222T\301\274V\236\223\262\270Ct\362\337b\356\024*\324\320\351\317\002k\336\234\027v\351\217\260\303\360\233ZPZWr\246$w\313\313\r\243r\232\2234\373\3539:N\004Q\245\272D\312D\300\300\t\323\0257\345e\271\na\215{\226\255x%T\257\037\333\004\344_/R\006E\344\037@\210\363\010\336T\226\247'\204_{\261\370""1\235\2445\343\033Y!\212\201\341\272\225'\007\037pM\027\246\241\275\006s\261\251\005N\255\251aA\240\365\303\205-5\037c\007\355\315o\234\231\031\013\003""; }; requestCookie: 5; ","ledgerHash: ""\246\332qY\262\231\251\n\305\334\202\305\362\n\367@k\231\016R:\327\242\366\242\253LZY\223$G""; ledgerSeq: 32; type: liBASE; nodes {;   nodedata: ""\000\000\000 \001cEx]\211\377\3307p\334\264\237\177~\330]\252+:\317u\302h\n\351\n\364\231\277R\371\356\033y\265v\360Ny\000\000\000\000\000\000\000\000\000\000\000\000\000\000\000\000\000\000\000\000\000\000\000\000\000\000\000\000\000\000\000\000\300\007\336\376\212\017\204\365\370\302\250\216%\021\320\276d*nO\323\350\241T\201\307\203\245[Oqe/\351\253\020/\351\253\021\n\000""; }; nodes {;   nodedata: ""\323C\344\327\264{\312-\017:\006{\177\344N\002\326bO\260\220\006\033\362\345\005U\221DzJ0\001\301\025%1L\307\t\261\262z\374\222T\301\274V\236\223\262\270Ct\362\337b\356\024*\324\320\351\317\002k\336\234\027v\351\217\260\303\360\233ZPZWr\246$w\313\313\r\243r\232\2234\373\3539:N\004Q\245\272D\312D\300\300\t\323\0257\345e\271\na\215{\226\255x%T\257\037\333\004\344_/R\006E\344\037@\210\363\010\336T\226\247'\204_{\261\370""1\235\2445\343\033Y!\212\201\341\272\225'\007\037pM\027\246\241\275\006s\261\251\005N\255\251aA\240\365\303\205-5\037c\007\355\315o\234\231\031\013\003""; }; requestCookie: 5; "
1750527636497,1750527636497,0,1,4,0,TMLedgerData,"ledgerHash: ""\246\332qY\262\231\251\n\305\334\202\305\362\n\367@k\231\016R:\327\242\366\242\253LZY\223$G""; ledgerSeq: 32; type: liBASE; nodes {;   nodedata: ""\000\000\000 \001cEx]\211\377\3307p\334\264\237\177~\330]\252+:\317u\302h\n\351\n\364\231\277R\371\356\033y\265v\360Ny\000\000\000\000\000\000\000\000\000\000\000\000\000\000\000\000\000\000\000\000\000\000\000\000\000\000\000\000\000\000\000\000\300\007\336\376\212\017\204\365\370\302\250\216%\021\320\276d*nO\323\350\241T\201\307\203\245[Oqe/\351\253\020/\351\253\021\n\000""; }; nodes {;   nodedata: ""\323C\344\327\264{\312-\017:\006{\177\344N\002\326bO\260\220\006\033\362\345\005U\221DzJ0\001\301\025%1L\307\t\261\262z\374\222T\301\274V\236\223\262\270Ct\362\337b\356\024*\324\320\351\317\002k\336\234\027v\351\217\260\303\360\233ZPZWr\246$w\313\313\r\243r\232\2234\373\3539:N\004Q\245\272D\312D\300\300\t\323\0257\345e\271\na\215{\226\255x%T\257\037\333\004\344_/R\006E\344\037@\210\363\010\336T\226\247'\204_{\261\370""1\235\2445\343\033Y!\212\201\341\272\225'\007\037pM\027\246\241\275\006s\261\251\005N\255\251aA\240\365\303\205-5\037c\007\355\315o\234\231\031\013\003""; }; ","ledgerHash: ""\246\332qY\262\231\251\n\305\334\202\305\362\n\367@k\231\016R:\327\242\366\242\253LZY\223$G""; ledgerSeq: 32; type: liBASE; nodes {;   nodedata: ""\000\000\000 \001cEx]\211\377\3307p\334\264\237\177~\330]\252+:\317u\302h\n\351\n\364\231\277R\371\356\033y\265v\360Ny\000\000\000\000\000\000\000\000\000\000\000\000\000\000\000\000\000\000\000\000\000\000\000\000\000\000\000\000\000\000\000\000\300\007\336\376\212\017\204\365\370\302\250\216%\021\320\276d*nO\323\350\241T\201\307\203\245[Oqe/\351\253\020/\351\253\021\n\000""; }; nodes {;   nodedata: ""\323C\344\327\264{\312-\017:\006{\177\344N\002\326bO\260\220\006\033\362\345\005U\221DzJ0\001\301\025%1L\307\t\261\262z\374\222T\301\274V\236\223\262\270Ct\362\337b\356\024*\324\320\351\317\002k\336\234\027v\351\217\260\303\360\233ZPZWr\246$w\313\313\r\243r\232\2234\373\3539:N\004Q\245\272D\312D\300\300\t\323\0257\345e\271\na\215{\226\255x%T\257\037\333\004\344_/R\006E\344\037@\210\363\010\336T\226\247'\204_{\261\370""1\235\2445\343\033Y!\212\201\341\272\225'\007\037pM\027\246\241\275\006s\261\251\005N\255\251aA\240\365\303\205-5\037c\007\355\315o\234\231\031\013\003""; }; "
1750527636497,1750527636497,0,1,1,0,TMLedgerData,"ledgerHash: ""\246\332qY\262\231\251\n\305\334\202\305\362\n\367@k\231\016R:\327\242\366\242\253LZY\223$G""; ledgerSeq: 32; type: liBASE; nodes {;   nodedata: ""\000\000\000 \001cEx]\211\377\3307p\334\264\237\177~\330]\252+:\317u\302h\n\351\n\364\231\277R\371\356\033y\265v\360Ny\000\000\000\000\000\000\000\000\000\000\000\000\000\000\000\000\000\000\000\000\000\000\000\000\000\000\000\000\000\000\000\000\300\007\336\376\212\017\204\365\370\302\250\216%\021\320\276d*nO\323\350\241T\201\307\203\245[Oqe/\351\253\020/\351\253\021\n\000""; }; nodes {;   nodedata: ""\323C\344\327\264{\312-\017:\006{\177\344N\002\326bO\260\220\006\033\362\345\005U\221DzJ0\001\301\025%1L\307\t\261\262z\374\222T\301\274V\236\223\262\270Ct\362\337b\356\024*\324\320\351\317\002k\336\234\027v\351\217\260\303\360\233ZPZWr\246$w\313\313\r\243r\232\2234\373\3539:N\004Q\245\272D\312D\300\300\t\323\0257\345e\271\na\215{\226\255x%T\257\037\333\004\344_/R\006E\344\037@\210\363\010\336T\226\247'\204_{\261\370""1\235\2445\343\033Y!\212\201\341\272\225'\007\037pM\027\246\241\275\006s\261\251\005N\255\251aA\240\365\303\205-5\037c\007\355\315o\234\231\031\013\003""; }; ","ledgerHash: ""\246\332qY\262\231\251\n\305\334\202\305\362\n\367@k\231\016R:\327\242\366\242\253LZY\223$G""; ledgerSeq: 32; type: liBASE; nodes {;   nodedata: ""\000\000\000 \001cEx]\211\377\3307p\334\264\237\177~\330]\252+:\317u\302h\n\351\n\364\231\277R\371\356\033y\265v\360Ny\000\000\000\000\000\000\000\000\000\000\000\000\000\000\000\000\000\000\000\000\000\000\000\000\000\000\000\000\000\000\000\000\300\007\336\376\212\017\204\365\370\302\250\216%\021\320\276d*nO\323\350\241T\201\307\203\245[Oqe/\351\253\020/\351\253\021\n\000""; }; nodes {;   nodedata: ""\323C\344\327\264{\312-\017:\006{\177\344N\002\326bO\260\220\006\033\362\345\005U\221DzJ0\001\301\025%1L\307\t\261\262z\374\222T\301\274V\236\223\262\270Ct\362\337b\356\024*\324\320\351\317\002k\336\234\027v\351\217\260\303\360\233ZPZWr\246$w\313\313\r\243r\232\2234\373\3539:N\004Q\245\272D\312D\300\300\t\323\0257\345e\271\na\215{\226\255x%T\257\037\333\004\344_/R\006E\344\037@\210\363\010\336T\226\247'\204_{\261\370""1\235\2445\343\033Y!\212\201\341\272\225'\007\037pM\027\246\241\275\006s\261\251\005N\255\251aA\240\365\303\205-5\037c\007\355\315o\234\231\031\013\003""; }; "
1750527636498,1750527636499,0,1,3,2,TMLedgerData,"ledgerHash: ""\246\332qY\262\231\251\n\305\334\202\305\362\n\367@k\231\016R:\327\242\366\242\253LZY\223$G""; ledgerSeq: 32; type: liAS_NODE; nodes {;   nodedata: ""\021\000h""\000\000\000\000 \033\000\000\000\037\002\023\304?\330\356GuH\375\327!\255\371\r\231\262R\256J\034\222\241\355X\265E\241^W\225\304\014\361CX-}\351f\032\255\274\334m\326c\017\014ao[\342\230\003\245\245\3341Hm\326^\017jy\335\261\032Yt\320\244{g\0306\\302\303*\341\215\223\257\364\277o\375\000r\241SOq\221\253\262\005\017\375T\356\014\360o'\030\311-\267\031\257!\031T\006><\315XM\334\324\345\034\000\325\367\240\271\013\265\024\321\362\354\211\250.\234s\225amc\305\035\366\276\037nD\277`\210\223N\3535\033\261\304f\331]\036\237\306o!\223\221\002\324\031\262\240R\177 ,\214\325\Q])\016\2067\277\t\354\010\000\360\215\2502\265\245\310\226\243c\302Ze\306\253#r\020\211\320iG\276\020E\317\035Sf\223F\254\033@\177e\277\016\010u\327\371&\262\312\317Q\2361t\377x\234\001v\003%\030\325_\225g\204\346a=\225\273\331\354\365*U\363\263N\367b\371\244\314-w\363\262\225Z\200\206\235\233\257?sE\2674\254\326mU\377?\177Ek\336\030!\316Aa\225\303\022\377{\210Y\226\271as\354L\035\004\341\361\035\301\024\220m#*\372\032\3178~\374\250\014*\323\342'z69\220\327\256\351G\367\317u\302\207\270b\315\333\333\334\310I\323&\014\352XZnW2.\335\347\202\021\247\362\212e\034\000\001\250\220\305;a\314\265R\310\017\317\331\235\360\262\240:\277\202\266\354\265X""\022\nh\252\352w\204\203\023]\001f\352\277\0031Q]\362\370R\350{\261\202\240\344\215\201\353\276\322p5p\350\354\017>\250r\241c\273\016\301\024\363\242\247\263\231\370\344\nBW\220K\316@3\243\200\036wk\253GSlU\010\360\231>\331\263H\214\324\030A\225\301o\346pkSF\004\241\213w9\223=\250\262*+\255\351r\265\244c\024\213\t\007`\223\325#\3477\210\345P\306\013\320\252[\0216+\227=`\371P\314\346 V7\271[~\n\237\274|\347\352@K\253~&\260\032\024\004B\200\255h\351\013\361\031:nG\211\005|\2003\266\274\251,W\006u\344\335d\003\306\212\313,\340\350bG\n\030Z\2732-\246\312\255\030\003\235207\005}D\260\0261ah\322M\304\216\273m0\271\234\237\007<w$\265C\245\232\033\023\313c\321B\032l\301h\005\320\252\301\361(\330[\343\357\343{\235\n\266g\272>\177\317\347\261qb&\270&\346ju\200\363N\320\307\004\034\001n\317\361\2653\254\2503\247\305\372\316W\022O\253x\250\025\373\247\354Tc\304\263\243^\352Gv\\264\261\r\035\226\306\2411\351\233\203\215\200$\231\300f\220\371c@\017\254\363\\371\340\340VaR\205~^\226\342t\360\022\204d\231\205)\272\364?\361!\334\331\315\254\230\rBG\314\023\246\244=\351\177\254\302b&\276+H;0\312\021&\275\036\237\350R\313\206R\331\304k\323u\263t\221\213yC\241\217A\242\027g\322\241'\212.E?B_\316\327\217J +\370\t^b\005\020\003\211\373\247|hC\271Nmk~J\270EU\274\036-\347\240\312FA\321\341bca\253\025\321\311\317\021\375\317\217\n\272\033o\353G>\275\361H\265\240\232um""\317\324`\214\221\314\000\211K\223+(""\200i \311\372g\254\343ZR0\224\275q\252\357\213\263\206N\357&Q\217\267\303\356I\236\357\264\311b\037\366\035\253\343\311\265\240\327q\206f\262ODi\215-\363>\034\236l\273\005G\316F\217}[\036\007\270:\260\335\271B\241N\345\330\204\327f\361\272Kb\0377p\334\264\237\177~\330]\252+:\317u\302h\n\351\n\364\231\277R\371\356\033y\265v\360Ny\264\227\2326\315\307\363\323\325\303\032N\256*\307\327 \235\332\207u\210\271\257\306g\231i*\260\326k\001"";   nodeid: ""\260\000\000\000\000\000\000\000\000\000\000\000\000\000\000\000\000\000\000\000\000\000\000\000\000\000\000\000\000\000\000\000\001""; }; ","ledgerHash: ""\246\332qY\262\231\251\n\305\334\202\305\362\n\367@k\231\016R:\327\242\366\242\253LZY\223$G""; ledgerSeq: 32; type: liAS_NODE; nodes {;   nodedata: ""\021\000h""\000\000\000\000 \033\000\000\000\037\002\023\304?\330\356GuH\375\327!\255\371\r\231\262R\256J\034\222\241\355X\265E\241^W\225\304\014\361CX-}\351f\032\255\274\334m\326c\017\014ao[\342\230\003\245\245\3341Hm\326^\017jy\335\261\032Yt\320\244{g\0306\\302\303*\341\215\223\257\364\277o\375\000r\241SOq\221\253\262\005\017\375T\356\014\360o'\030\311-\267\031\257!\031T\006><\315XM\334\324\345\034\000\325\367\240\271\013\265\024\321\362\354\211\250.\234s\225amc\305\035\366\276\037nD\277`\210\223N\3535\033\261\304f\331]\036\237\306o!\223\221\002\324\031\262\240R\177 ,\214\325\Q])\016\2067\277\t\354\010\000\360\215\2502\265\245\310\226\243c\302Ze\306\253#r\020\211\320iG\276\020E\317\035Sf\223F\254\033@\177e\277\016\010u\327\371&\262\312\317Q\2361t\377x\234\001v\003%\030\325_\225g\204\346a=\225\273\331\354\365*U\363\263N\367b\371\244\314-w\363\262\225Z\200\206\235\233\257?sE\2674\254\326mU\377?\177Ek\336\030!\316Aa\225\303\022\377{\210Y\226\271as\354L\035\004\341\361\035\301\024\220m#*\372\032\3178~\374\250\014*\323\342'z69\220\327\256\351G\367\317u\302\207\270b\315\333\333\334\310I\323&\014\352XZnW2.\335\347\202\021\247\362\212e\034\000\001\250\220\305;a\314\265R\310\017\317\331\235\360\262\240:\277\202\266\354\265X""\022\nh\252\352w\204\203\023]\001f\352\277\0031Q]\362\370R\350{\261\202\240\344\215\201\353\276\322p5p\350\354\017>\250r\241c\273\016\301\024\363\242\247\263\231\370\344\nBW\220K\316@3\243\200\036wk\253GSlU\010\360\231>\331\263H\214\324\030A\225\301o\346pkSF\004\241\213w9\223=\250\262*+\255\351r\265\244c\024\213\t\007`\223\325#\3477\210\345P\306\013\320\252[\0216+\227=`\371P\314\346 V7\271[~\n\237\274|\347\352@K\253~&\260\032\024\004B\200\255h\351\013\361\031:nG\211\005|\2003\266\274\251,W\006u\344\335d\003\306\212\313,\340\350bG\n\030Z\2732-\246\312\255\030\003\235207\005}D\260\0261ah\322M\304\216\273m0\271\234\237\007<w$\265C\245\232\033\023\313c\321B\032l\301h\005\320\252\301\361(\330[\343\357\343{\235\n\266g\272>\177\317\347\261qb&\270&\346ju\200\363N\320\307\004\034\001n\317\361\2653\254\2503\247\305\372\316W\022O\253x\250\025\373\247\354Tc\304\263\243^\352Gv\\264\261\r\035\226\306\2411\351\233\203\215\200$\231\300f\220\371c@\017\254\363\\371\340\340VaR\205~^\226\342t\360\022\204d\231\205)\272\364?\361!\334\331\315\254\230\rBG\314\023\246\244=\351\177\254\302b&\276+H;0\312\021&\275\036\237\350R\313\206R\331\304k\323u\263t\221\213yC\241\217A\242\027g\322\241'\212.E?B_\316\327\217J +\370\t^b\005\020\003\211\373\247|hC\271Nmk~J\270EU\274\036-\347\240\312FA\321\341bca\253\025\321\311\317\021\375\317\217\n\272\033o\353G>\275\361H\265\240\232um""\317\324`\214\221\314\000\211K\223+(""\200i \311\372g\254\343ZR0\224\275q\252\357\213\263\206N\357&Q\217\267\303\356I\236\357\264\311b\037\366\035\253\343\311\265\240\327q\206f\262ODi\215-\363>\034\236l\273\005G\316F\217}[\036\007\270:\260\335\271B\241N\345\330\204\327f\361\272Kb\0377p\334\264\237\177~\330]\252+:\317u\302h\n\351\n\364\231\277R\371\356\033y\265v\360Ny\264\227\2326\315\307\363\323\325\303\032N\256*\307\327 \235\332\207u\210\271\257\306g\231i*\260\326k\001"";   nodeid: ""\260\000\000\000\000\000\000\000\000\000\000\000\000\000\000\000\000\000\000\000\000\000\000\000\000\000\000\000\000\000\000\000\001""; }; "
1750527636500,1750527636500,0,1,3,1,TMLedgerData,"ledgerHash: ""\246\332qY\262\231\251\n\305\334\202\305\362\n\367@k\231\016R:\327\242\366\242\253LZY\223$G""; ledgerSeq: 32; type: liAS_NODE; nodes {;   nodedata: ""\021\000h""\000\000\000\000 \033\000\000\000\037\002\023\304?\330\356GuH\375\327!\255\371\r\231\262R\256J\034\222\241\355X\265E\241^W\225\304\014\361CX-}\351f\032\255\274\334m\326c\017\014ao[\342\230\003\245\245\3341Hm\326^\017jy\335\261\032Yt\320\244{g\0306\\302\303*\341\215\223\257\364\277o\375\000r\241SOq\221\253\262\005\017\375T\356\014\360o'\030\311-\267\031\257!\031T\006><\315XM\334\324\345\034\000\325\367\240\271\013\265\024\321\362\354\211\250.\234s\225amc\305\035\366\276\037nD\277`\210\223N\3535\033\261\304f\331]\036\237\306o!\223\221\002\324\031\262\240R\177 ,\214\325\Q])\016\2067\277\t\354\010\000\360\215\2502\265\245\310\226\243c\302Ze\306\253#r\020\211\320iG\276\020E\317\035Sf\223F\254\033@\177e\277\016\010u\327\371&\262\312\317Q\2361t\377x\234\001v\003%\030\325_\225g\204\346a=\225\273\331\354\365*U\363\263N\367b\371\244\314-w\363\262\225Z\200\206\235\233\257?sE\2674\254\326mU\377?\177Ek\336\030!\316Aa\225\303\022\377{\210Y\226\271as\354L\035\004\341\361\035\301\024\220m#*\372\032\3178~\374\250\014*\323\342'z69\220\327\256\351G\367\317u\302\207\270b\315\333\333\334\310I\323&\014\352XZnW2.\335\347\202\021\247\362\212e\034\000\001\250\220\305;a\314\265R\310\017\317\331\235\360\262\240:\277\202\266\354\265X""\022\nh\252\352w\204\203\023]\001f\352\277\0031Q]\362\370R\350{\261\202\240\344\215\201\353\276\322p5p\350\354\017>\250r\241c\273\016\301\024\363\242\247\263\231\370\344\nBW\220K\316@3\243\200\036wk\253GSlU\010\360\231>\331\263H\214\324\030A\225\301o\346pkSF\004\241\213w9\223=\250\262*+\255\351r\265\244c\024\213\t\007`\223\325#\3477\210\345P\306\013\320\252[\0216+\227=`\371P\314\346 V7\271[~\n\237\274|\347\352@K\253~&\260\032\024\004B\200\255h\351\013\361\031:nG\211\005|\2003\266\274\251,W\006u\344\335d\003\306\212\313,\340\350bG\n\030Z\2732-\246\312\255\030\003\235207\005}D\260\0261ah\322M\304\216\273m0\271\234\237\007<w$\265C\245\232\033\023\313c\321B\032l\301h\005\320\252\301\361(\330[\343\357\343{\235\n\266g\272>\177\317\347\261qb&\270&\346ju\200\363N\320\307\004\034\001n\317\361\2653\254\2503\247\305\372\316W\022O\253x\250\025\373\247\354Tc\304\263\243^\352Gv\\264\261\r\035\226\306\2411\351\233\203\215\200$\231\300f\220\371c@\017\254\363\\371\340\340VaR\205~^\226\342t\360\022\204d\231\205)\272\364?\361!\334\331\315\254\230\rBG\314\023\246\244=\351\177\254\302b&\276+H;0\312\021&\275\036\237\350R\313\206R\331\304k\323u\263t\221\213yC\241\217A\242\027g\322\241'\212.E?B_\316\327\217J +\370\t^b\005\020\003\211\373\247|hC\271Nmk~J\270EU\274\036-\347\240\312FA\321\341bca\253\025\321\311\317\021\375\317\217\n\272\033o\353G>\275\361H\265\240\232um""\317\324`\214\221\314\000\211K\223+(""\200i \311\372g\254\343ZR0\224\275q\252\357\213\263\206N\357&Q\217\267\303\356I\236\357\264\311b\037\366\035\253\343\311\265\240\327q\206f\262ODi\215-\363>\034\236l\273\005G\316F\217}[\036\007\270:\260\335\271B\241N\345\330\204\327f\361\272Kb\0377p\334\264\237\177~\330]\252+:\317u\302h\n\351\n\364\231\277R\371\356\033y\265v\360Ny\264\227\2326\315\307\363\323\325\303\032N\256*\307\327 \235\332\207u\210\271\257\306g\231i*\260\326k\001"";   nodeid: ""\260\000\000\000\000\000\000\000\000\000\000\000\000\000\000\000\000\000\000\000\000\000\000\000\000\000\000\000\000\000\000\000\001""; }; ","ledgerHash: ""\246\332qY\262\231\251\n\305\334\202\305\362\n\367@k\231\016R:\327\242\366\242\253LZY\223$G""; ledgerSeq: 32; type: liAS_NODE; nodes {;   nodedata: ""\021\000h""\000\000\000\000 \033\000\000\000\037\002\023\304?\330\356GuH\375\327!\255\371\r\231\262R\256J\034\222\241\355X\265E\241^W\225\304\014\361CX-}\351f\032\255\274\334m\326c\017\014ao[\342\230\003\245\245\3341Hm\326^\017jy\335\261\032Yt\320\244{g\0306\\302\303*\341\215\223\257\364\277o\375\000r\241SOq\221\253\262\005\017\375T\356\014\360o'\030\311-\267\031\257!\031T\006><\315XM\334\324\345\034\000\325\367\240\271\013\265\024\321\362\354\211\250.\234s\225amc\305\035\366\276\037nD\277`\210\223N\3535\033\261\304f\331]\036\237\306o!\223\221\002\324\031\262\240R\177 ,\214\325\Q])\016\2067\277\t\354\010\000\360\215\2502\265\245\310\226\243c\302Ze\306\253#r\020\211\320iG\276\020E\317\035Sf\223F\254\033@\177e\277\016\010u\327\371&\262\312\317Q\2361t\377x\234\001v\003%\030\325_\225g\204\346a=\225\273\331\354\365*U\363\263N\367b\371\244\314-w\363\262\225Z\200\206\235\233\257?sE\2674\254\326mU\377?\177Ek\336\030!\316Aa\225\303\022\377{\210Y\226\271as\354L\035\004\341\361\035\301\024\220m#*\372\032\3178~\374\250\014*\323\342'z69\220\327\256\351G\367\317u\302\207\270b\315\333\333\334\310I\323&\014\352XZnW2.\335\347\202\021\247\362\212e\034\000\001\250\220\305;a\314\265R\310\017\317\331\235\360\262\240:\277\202\266\354\265X""\022\nh\252\352w\204\203\023]\001f\352\277\0031Q]\362\370R\350{\261\202\240\344\215\201\353\276\322p5p\350\354\017>\250r\241c\273\016\301\024\363\242\247\263\231\370\344\nBW\220K\316@3\243\200\036wk\253GSlU\010\360\231>\331\263H\214\324\030A\225\301o\346pkSF\004\241\213w9\223=\250\262*+\255\351r\265\244c\024\213\t\007`\223\325#\3477\210\345P\306\013\320\252[\0216+\227=`\371P\314\346 V7\271[~\n\237\274|\347\352@K\253~&\260\032\024\004B\200\255h\351\013\361\031:nG\211\005|\2003\266\274\251,W\006u\344\335d\003\306\212\313,\340\350bG\n\030Z\2732-\246\312\255\030\003\235207\005}D\260\0261ah\322M\304\216\273m0\271\234\237\007<w$\265C\245\232\033\023\313c\321B\032l\301h\005\320\252\301\361(\330[\343\357\343{\235\n\266g\272>\177\317\347\261qb&\270&\346ju\200\363N\320\307\004\034\001n\317\361\2653\254\2503\247\305\372\316W\022O\253x\250\025\373\247\354Tc\304\263\243^\352Gv\\264\261\r\035\226\306\2411\351\233\203\215\200$\231\300f\220\371c@\017\254\363\\371\340\340VaR\205~^\226\342t\360\022\204d\231\205)\272\364?\361!\334\331\315\254\230\rBG\314\023\246\244=\351\177\254\302b&\276+H;0\312\021&\275\036\237\350R\313\206R\331\304k\323u\263t\221\213yC\241\217A\242\027g\322\241'\212.E?B_\316\327\217J +\370\t^b\005\020\003\211\373\247|hC\271Nmk~J\270EU\274\036-\347\240\312FA\321\341bca\253\025\321\311\317\021\375\317\217\n\272\033o\353G>\275\361H\265\240\232um""\317\324`\214\221\314\000\211K\223+(""\200i \311\372g\254\343ZR0\224\275q\252\357\213\263\206N\357&Q\217\267\303\356I\236\357\264\311b\037\366\035\253\343\311\265\240\327q\206f\262ODi\215-\363>\034\236l\273\005G\316F\217}[\036\007\270:\260\335\271B\241N\345\330\204\327f\361\272Kb\0377p\334\264\237\177~\330]\252+:\317u\302h\n\351\n\364\231\277R\371\356\033y\265v\360Ny\264\227\2326\315\307\363\323\325\303\032N\256*\307\327 \235\332\207u\210\271\257\306g\231i*\260\326k\001"";   nodeid: ""\260\000\000\000\000\000\000\000\000\000\000\000\000\000\000\000\000\000\000\000\000\000\000\000\000\000\000\000\000\000\000\000\001""; }; "
1750527636501,1750527636501,0,1,3,1,TMLedgerData,"ledgerHash: ""\246\332qY\262\231\251\n\305\334\202\305\362\n\367@k\231\016R:\327\242\366\242\253LZY\223$G""; ledgerSeq: 32; type: liBASE; nodes {;   nodedata: ""\000\000\000 \001cEx]\211\377\3307p\334\264\237\177~\330]\252+:\317u\302h\n\351\n\364\231\277R\371\356\033y\265v\360Ny\000\000\000\000\000\000\000\000\000\000\000\000\000\000\000\000\000\000\000\000\000\000\000\000\000\000\000\000\000\000\000\000\300\007\336\376\212\017\204\365\370\302\250\216%\021\320\276d*nO\323\350\241T\201\307\203\245[Oqe/\351\253\020/\351\253\021\n\000""; }; nodes {;   nodedata: ""\323C\344\327\264{\312-\017:\006{\177\344N\002\326bO\260\220\006\033\362\345\005U\221DzJ0\001\301\025%1L\307\t\261\262z\374\222T\301\274V\236\223\262\270Ct\362\337b\356\024*\324\320\351\317\002k\336\234\027v\351\217\260\303\360\233ZPZWr\246$w\313\313\r\243r\232\2234\373\3539:N\004Q\245\272D\312D\300\300\t\323\0257\345e\271\na\215{\226\255x%T\257\037\333\004\344_/R\006E\344\037@\210\363\010\336T\226\247'\204_{\261\370""1\235\2445\343\033Y!\212\201\341\272\225'\007\037pM\027\246\241\275\006s\261\251\005N\255\251aA\240\365\303\205-5\037c\007\355\315o\234\231\031\013\003""; }; requestCookie: 3; ","ledgerHash: ""\246\332qY\262\231\251\n\305\334\202\305\362\n\367@k\231\016R:\327\242\366\242\253LZY\223$G""; ledgerSeq: 32; type: liBASE; nodes {;   nodedata: ""\000\000\000 \001cEx]\211\377\3307p\334\264\237\177~\330]\252+:\317u\302h\n\351\n\364\231\277R\371\356\033y\265v\360Ny\000\000\000\000\000\000\000\000\000\000\000\000\000\000\000\000\000\000\000\000\000\000\000\000\000\000\000\000\000\000\000\000\300\007\336\376\212\017\204\365\370\302\250\216%\021\320\276d*nO\323\350\241T\201\307\203\245[Oqe/\351\253\020/\351\253\021\n\000""; }; nodes {;   nodedata: ""\323C\344\327\264{\312-\017:\006{\177\344N\002\326bO\260\220\006\033\362\345\005U\221DzJ0\001\301\025%1L\307\t\261\262z\374\222T\301\274V\236\223\262\270Ct\362\337b\356\024*\324\320\351\317\002k\336\234\027v\351\217\260\303\360\233ZPZWr\246$w\313\313\r\243r\232\2234\373\3539:N\004Q\245\272D\312D\300\300\t\323\0257\345e\271\na\215{\226\255x%T\257\037\333\004\344_/R\006E\344\037@\210\363\010\336T\226\247'\204_{\261\370""1\235\2445\343\033Y!\212\201\341\272\225'\007\037pM\027\246\241\275\006s\261\251\005N\255\251aA\240\365\303\205-5\037c\007\355\315o\234\231\031\013\003""; }; requestCookie: 3; "
1750527636502,1750527636502,0,1,4,1,TMLedgerData,"ledgerHash: ""\246\332qY\262\231\251\n\305\334\202\305\362\n\367@k\231\016R:\327\242\366\242\253LZY\223$G""; ledgerSeq: 32; type: liBASE; nodes {;   nodedata: ""\000\000\000 \001cEx]\211\377\3307p\334\264\237\177~\330]\252+:\317u\302h\n\351\n\364\231\277R\371\356\033y\265v\360Ny\000\000\000\000\000\000\000\000\000\000\000\000\000\000\000\000\000\000\000\000\000\000\000\000\000\000\000\000\000\000\000\000\300\007\336\376\212\017\204\365\370\302\250\216%\021\320\276d*nO\323\350\241T\201\307\203\245[Oqe/\351\253\020/\351\253\021\n\000""; }; nodes {;   nodedata: ""\323C\344\327\264{\312-\017:\006{\177\344N\002\326bO\260\220\006\033\362\345\005U\221DzJ0\001\301\025%1L\307\t\261\262z\374\222T\301\274V\236\223\262\270Ct\362\337b\356\024*\324\320\351\317\002k\336\234\027v\351\217\260\303\360\233ZPZWr\246$w\313\313\r\243r\232\2234\373\3539:N\004Q\245\272D\312D\300\300\t\323\0257\345e\271\na\215{\226\255x%T\257\037\333\004\344_/R\006E\344\037@\210\363\010\336T\226\247'\204_{\261\370""1\235\2445\343\033Y!\212\201\341\272\225'\007\037pM\027\246\241\275\006s\261\251\005N\255\251aA\240\365\303\205-5\037c\007\355\315o\234\231\031\013\003""; }; ","ledgerHash: ""\246\332qY\262\231\251\n\305\334\202\305\362\n\367@k\231\016R:\327\242\366\242\253LZY\223$G""; ledgerSeq: 32; type: liBASE; nodes {;   nodedata: ""\000\000\000 \001cEx]\211\377\3307p\334\264\237\177~\330]\252+:\317u\302h\n\351\n\364\231\277R\371\356\033y\265v\360Ny\000\000\000\000\000\000\000\000\000\000\000\000\000\000\000\000\000\000\000\000\000\000\000\000\000\000\000\000\000\000\000\000\300\007\336\376\212\017\204\365\370\302\250\216%\021\320\276d*nO\323\350\241T\201\307\203\245[Oqe/\351\253\020/\351\253\021\n\000""; }; nodes {;   nodedata: ""\323C\344\327\264{\312-\017:\006{\177\344N\002\326bO\260\220\006\033\362\345\005U\221DzJ0\001\301\025%1L\307\t\261\262z\374\222T\301\274V\236\223\262\270Ct\362\337b\356\024*\324\320\351\317\002k\336\234\027v\351\217\260\303\360\233ZPZWr\246$w\313\313\r\243r\232\2234\373\3539:N\004Q\245\272D\312D\300\300\t\323\0257\345e\271\na\215{\226\255x%T\257\037\333\004\344_/R\006E\344\037@\210\363\010\336T\226\247'\204_{\261\370""1\235\2445\343\033Y!\212\201\341\272\225'\007\037pM\027\246\241\275\006s\261\251\005N\255\251aA\240\365\303\205-5\037c\007\355\315o\234\231\031\013\003""; }; "
1750527636503,1750527636503,0,1,2,3,TMGetLedger,"itype: liBASE; ledgerHash: ""\246\332qY\262\231\251\n\305\334\202\305\362\n\367@k\231\016R:\327\242\366\242\253LZY\223$G""; ledgerSeq: 32; requestCookie: 3; queryType: qtINDIRECT; ","itype: liBASE; ledgerHash: ""\246\332qY\262\231\251\n\305\334\202\305\362\n\367@k\231\016R:\327\242\366\242\253LZY\223$G""; ledgerSeq: 32; requestCookie: 3; queryType: qtINDIRECT; "
1750527636503,1750527636504,0,1,2,0,TMLedgerData,"ledgerHash: ""\246\332qY\262\231\251\n\305\334\202\305\362\n\367@k\231\016R:\327\242\366\242\253LZY\223$G""; ledgerSeq: 32; type: liBASE; nodes {;   nodedata: ""\000\000\000 \001cEx]\211\377\3307p\334\264\237\177~\330]\252+:\317u\302h\n\351\n\364\231\277R\371\356\033y\265v\360Ny\000\000\000\000\000\000\000\000\000\000\000\000\000\000\000\000\000\000\000\000\000\000\000\000\000\000\000\000\000\000\000\000\300\007\336\376\212\017\204\365\370\302\250\216%\021\320\276d*nO\323\350\241T\201\307\203\245[Oqe/\351\253\020/\351\253\021\n\000""; }; nodes {;   nodedata: ""\323C\344\327\264{\312-\017:\006{\177\344N\002\326bO\260\220\006\033\362\345\005U\221DzJ0\001\301\025%1L\307\t\261\262z\374\222T\301\274V\236\223\262\270Ct\362\337b\356\024*\324\320\351\317\002k\336\234\027v\351\217\260\303\360\233ZPZWr\246$w\313\313\r\243r\232\2234\373\3539:N\004Q\245\272D\312D\300\300\t\323\0257\345e\271\na\215{\226\255x%T\257\037\333\004\344_/R\006E\344\037@\210\363\010\336T\226\247'\204_{\261\370""1\235\2445\343\033Y!\212\201\341\272\225'\007\037pM\027\246\241\275\006s\261\251\005N\255\251aA\240\365\303\205-5\037c\007\355\315o\234\231\031\013\003""; }; ","ledgerHash: ""\246\332qY\262\231\251\n\305\334\202\305\362\n\367@k\231\016R:\327\242\366\242\253LZY\223$G""; ledgerSeq: 32; type: liBASE; nodes {;   nodedata: ""\000\000\000 \001cEx]\211\377\3307p\334\264\237\177~\330]\252+:\317u\302h\n\351\n\364\231\277R\371\356\033y\265v\360Ny\000\000\000\000\000\000\000\000\000\000\000\000\000\000\000\000\000\000\000\000\000\000\000\000\000\000\000\000\000\000\000\000\300\007\336\376\212\017\204\365\370\302\250\216%\021\320\276d*nO\323\350\241T\201\307\203\245[Oqe/\351\253\020/\351\253\021\n\000""; }; nodes {;   nodedata: ""\323C\344\327\264{\312-\017:\006{\177\344N\002\326bO\260\220\006\033\362\345\005U\221DzJ0\001\301\025%1L\307\t\261\262z\374\222T\301\274V\236\223\262\270Ct\362\337b\356\024*\324\320\351\317\002k\336\234\027v\351\217\260\303\360\233ZPZWr\246$w\313\313\r\243r\232\2234\373\3539:N\004Q\245\272D\312D\300\300\t\323\0257\345e\271\na\215{\226\255x%T\257\037\333\004\344_/R\006E\344\037@\210\363\010\336T\226\247'\204_{\261\370""1\235\2445\343\033Y!\212\201\341\272\225'\007\037pM\027\246\241\275\006s\261\251\005N\255\251aA\240\365\303\205-5\037c\007\355\315o\234\231\031\013\003""; }; "
1750527636504,1750527636505,0,1,2,4,TMLedgerData,"ledgerHash: ""\246\332qY\262\231\251\n\305\334\202\305\362\n\367@k\231\016R:\327\242\366\242\253LZY\223$G""; ledgerSeq: 32; type: liBASE; nodes {;   nodedata: ""\000\000\000 \001cEx]\211\377\3307p\334\264\237\177~\330]\252+:\317u\302h\n\351\n\364\231\277R\371\356\033y\265v\360Ny\000\000\000\000\000\000\000\000\000\000\000\000\000\000\000\000\000\000\000\000\000\000\000\000\000\000\000\000\000\000\000\000\300\007\336\376\212\017\204\365\370\302\250\216%\021\320\276d*nO\323\350\241T\201\307\203\245[Oqe/\351\253\020/\351\253\021\n\000""; }; nodes {;   nodedata: ""\323C\344\327\264{\312-\017:\006{\177\344N\002\326bO\260\220\006\033\362\345\005U\221DzJ0\001\301\025%1L\307\t\261\262z\374\222T\301\274V\236\223\262\270Ct\362\337b\356\024*\324\320\351\317\002k\336\234\027v\351\217\260\303\360\233ZPZWr\246$w\313\313\r\243r\232\2234\373\3539:N\004Q\245\272D\312D\300\300\t\323\0257\345e\271\na\215{\226\255x%T\257\037\333\004\344_/R\006E\344\037@\210\363\010\336T\226\247'\204_{\261\370""1\235\2445\343\033Y!\212\201\341\272\225'\007\037pM\027\246\241\275\006s\261\251\005N\255\251aA\240\365\303\205-5\037c\007\355\315o\234\231\031\013\003""; }; ","ledgerHash: ""\246\332qY\262\231\251\n\305\334\202\305\362\n\367@k\231\016R:\327\242\366\242\253LZY\223$G""; ledgerSeq: 32; type: liBASE; nodes {;   nodedata: ""\000\000\000 \001cEx]\211\377\3307p\334\264\237\177~\330]\252+:\317u\302h\n\351\n\364\231\277R\371\356\033y\265v\360Ny\000\000\000\000\000\000\000\000\000\000\000\000\000\000\000\000\000\000\000\000\000\000\000\000\000\000\000\000\000\000\000\000\300\007\336\376\212\017\204\365\370\302\250\216%\021\320\276d*nO\323\350\241T\201\307\203\245[Oqe/\351\253\020/\351\253\021\n\000""; }; nodes {;   nodedata: ""\323C\344\327\264{\312-\017:\006{\177\344N\002\326bO\260\220\006\033\362\345\005U\221DzJ0\001\301\025%1L\307\t\261\262z\374\222T\301\274V\236\223\262\270Ct\362\337b\356\024*\324\320\351\317\002k\336\234\027v\351\217\260\303\360\233ZPZWr\246$w\313\313\r\243r\232\2234\373\3539:N\004Q\245\272D\312D\300\300\t\323\0257\345e\271\na\215{\226\255x%T\257\037\333\004\344_/R\006E\344\037@\210\363\010\336T\226\247'\204_{\261\370""1\235\2445\343\033Y!\212\201\341\272\225'\007\037pM\027\246\241\275\006s\261\251\005N\255\251aA\240\365\303\205-5\037c\007\355\315o\234\231\031\013\003""; }; "
1750527636505,1750527636505,0,1,4,2,TMLedgerData,"ledgerHash: ""\246\332qY\262\231\251\n\305\334\202\305\362\n\367@k\231\016R:\327\242\366\242\253LZY\223$G""; ledgerSeq: 32; type: liBASE; nodes {;   nodedata: ""\000\000\000 \001cEx]\211\377\3307p\334\264\237\177~\330]\252+:\317u\302h\n\351\n\364\231\277R\371\356\033y\265v\360Ny\000\000\000\000\000\000\000\000\000\000\000\000\000\000\000\000\000\000\000\000\000\000\000\000\000\000\000\000\000\000\000\000\300\007\336\376\212\017\204\365\370\302\250\216%\021\320\276d*nO\323\350\241T\201\307\203\245[Oqe/\351\253\020/\351\253\021\n\000""; }; nodes {;   nodedata: ""\323C\344\327\264{\312-\017:\006{\177\344N\002\326bO\260\220\006\033\362\345\005U\221DzJ0\001\301\025%1L\307\t\261\262z\374\222T\301\274V\236\223\262\270Ct\362\337b\356\024*\324\320\351\317\002k\336\234\027v\351\217\260\303\360\233ZPZWr\246$w\313\313\r\243r\232\2234\373\3539:N\004Q\245\272D\312D\300\300\t\323\0257\345e\271\na\215{\226\255x%T\257\037\333\004\344_/R\006E\344\037@\210\363\010\336T\226\247'\204_{\261\370""1\235\2445\343\033Y!\212\201\341\272\225'\007\037pM\027\246\241\275\006s\261\251\005N\255\251aA\240\365\303\205-5\037c\007\355\315o\234\231\031\013\003""; }; ","ledgerHash: ""\246\332qY\262\231\251\n\305\334\202\305\362\n\367@k\231\016R:\327\242\366\242\253LZY\223$G""; ledgerSeq: 32; type: liBASE; nodes {;   nodedata: ""\000\000\000 \001cEx]\211\377\3307p\334\264\237\177~\330]\252+:\317u\302h\n\351\n\364\231\277R\371\356\033y\265v\360Ny\000\000\000\000\000\000\000\000\000\000\000\000\000\000\000\000\000\000\000\000\000\000\000\000\000\000\000\000\000\000\000\000\300\007\336\376\212\017\204\365\370\302\250\216%\021\320\276d*nO\323\350\241T\201\307\203\245[Oqe/\351\253\020/\351\253\021\n\000""; }; nodes {;   nodedata: ""\323C\344\327\264{\312-\017:\006{\177\344N\002\326bO\260\220\006\033\362\345\005U\221DzJ0\001\301\025%1L\307\t\261\262z\374\222T\301\274V\236\223\262\270Ct\362\337b\356\024*\324\320\351\317\002k\336\234\027v\351\217\260\303\360\233ZPZWr\246$w\313\313\r\243r\232\2234\373\3539:N\004Q\245\272D\312D\300\300\t\323\0257\345e\271\na\215{\226\255x%T\257\037\333\004\344_/R\006E\344\037@\210\363\010\336T\226\247'\204_{\261\370""1\235\2445\343\033Y!\212\201\341\272\225'\007\037pM\027\246\241\275\006s\261\251\005N\255\251aA\240\365\303\205-5\037c\007\355\315o\234\231\031\013\003""; }; "
1750527636506,1750527636506,0,1,0,3,TMGetLedger,"itype: liBASE; ledgerHash: ""\246\332qY\262\231\251\n\305\334\202\305\362\n\367@k\231\016R:\327\242\366\242\253LZY\223$G""; ledgerSeq: 32; requestCookie: 3; queryType: qtINDIRECT; ","itype: liBASE; ledgerHash: ""\246\332qY\262\231\251\n\305\334\202\305\362\n\367@k\231\016R:\327\242\366\242\253LZY\223$G""; ledgerSeq: 32; requestCookie: 3; queryType: qtINDIRECT; "
1750527636507,1750527636507,0,1,0,3,TMGetLedger,"itype: liAS_NODE; ledgerHash: ""\246\332qY\262\231\251\n\305\334\202\305\362\n\367@k\231\016R:\327\242\366\242\253LZY\223$G""; ledgerSeq: 32; nodeIDs: ""\260\000\000\000\000\000\000\000\000\000\000\000\000\000\000\000\000\000\000\000\000\000\000\000\000\000\000\000\000\000\000\000\001""; queryType: qtINDIRECT; queryDepth: 1; ","itype: liAS_NODE; ledgerHash: ""\246\332qY\262\231\251\n\305\334\202\305\362\n\367@k\231\016R:\327\242\366\242\253LZY\223$G""; ledgerSeq: 32; nodeIDs: ""\260\000\000\000\000\000\000\000\000\000\000\000\000\000\000\000\000\000\000\000\000\000\000\000\000\000\000\000\000\000\000\000\001""; queryType: qtINDIRECT; queryDepth: 1; "
1750527636508,1750527636508,0,1,0,4,TMLedgerData,"ledgerHash: ""\246\332qY\262\231\251\n\305\334\202\305\362\n\367@k\231\016R:\327\242\366\242\253LZY\223$G""; ledgerSeq: 32; type: liBASE; nodes {;   nodedata: ""\000\000\000 \001cEx]\211\377\3307p\334\264\237\177~\330]\252+:\317u\302h\n\351\n\364\231\277R\371\356\033y\265v\360Ny\000\000\000\000\000\000\000\000\000\000\000\000\000\000\000\000\000\000\000\000\000\000\000\000\000\000\000\000\000\000\000\000\300\007\336\376\212\017\204\365\370\302\250\216%\021\320\276d*nO\323\350\241T\201\307\203\245[Oqe/\351\253\020/\351\253\021\n\000""; }; nodes {;   nodedata: ""\323C\344\327\264{\312-\017:\006{\177\344N\002\326bO\260\220\006\033\362\345\005U\221DzJ0\001\301\025%1L\307\t\261\262z\374\222T\301\274V\236\223\262\270Ct\362\337b\356\024*\324\320\351\317\002k\336\234\027v\351\217\260\303\360\233ZPZWr\246$w\313\313\r\243r\232\2234\373\3539:N\004Q\245\272D\312D\300\300\t\323\0257\345e\271\na\215{\226\255x%T\257\037\333\004\344_/R\006E\344\037@\210\363\010\336T\226\247'\204_{\261\370""1\235\2445\343\033Y!\212\201\341\272\225'\007\037pM\027\246\241\275\006s\261\251\005N\255\251aA\240\365\303\205-5\037c\007\355\315o\234\231\031\013\003""; }; ","ledgerHash: ""\246\332qY\262\231\251\n\305\334\202\305\362\n\367@k\231\016R:\327\242\366\242\253LZY\223$G""; ledgerSeq: 32; type: liBASE; nodes {;   nodedata: ""\000\000\000 \001cEx]\211\377\3307p\334\264\237\177~\330]\252+:\317u\302h\n\351\n\364\231\277R\371\356\033y\265v\360Ny\000\000\000\000\000\000\000\000\000\000\000\000\000\000\000\000\000\000\000\000\000\000\000\000\000\000\000\000\000\000\000\000\300\007\336\376\212\017\204\365\370\302\250\216%\021\320\276d*nO\323\350\241T\201\307\203\245[Oqe/\351\253\020/\351\253\021\n\000""; }; nodes {;   nodedata: ""\323C\344\327\264{\312-\017:\006{\177\344N\002\326bO\260\220\006\033\362\345\005U\221DzJ0\001\301\025%1L\307\t\261\262z\374\222T\301\274V\236\223\262\270Ct\362\337b\356\024*\324\320\351\317\002k\336\234\027v\351\217\260\303\360\233ZPZWr\246$w\313\313\r\243r\232\2234\373\3539:N\004Q\245\272D\312D\300\300\t\323\0257\345e\271\na\215{\226\255x%T\257\037\333\004\344_/R\006E\344\037@\210\363\010\336T\226\247'\204_{\261\370""1\235\2445\343\033Y!\212\201\341\272\225'\007\037pM\027\246\241\275\006s\261\251\005N\255\251aA\240\365\303\205-5\037c\007\355\315o\234\231\031\013\003""; }; "
1750527636510,1750527636510,0,1,1,2,TMLedgerData,"ledgerHash: ""\246\332qY\262\231\251\n\305\334\202\305\362\n\367@k\231\016R:\327\242\366\242\253LZY\223$G""; ledgerSeq: 32; type: liBASE; nodes {;   nodedata: ""\000\000\000 \001cEx]\211\377\3307p\334\264\237\177~\330]\252+:\317u\302h\n\351\n\364\231\277R\371\356\033y\265v\360Ny\000\000\000\000\000\000\000\000\000\000\000\000\000\000\000\000\000\000\000\000\000\000\000\000\000\000\000\000\000\000\000\000\300\007\336\376\212\017\204\365\370\302\250\216%\021\320\276d*nO\323\350\241T\201\307\203\245[Oqe/\351\253\020/\351\253\021\n\000""; }; nodes {;   nodedata: ""\323C\344\327\264{\312-\017:\006{\177\344N\002\326bO\260\220\006\033\362\345\005U\221DzJ0\001\301\025%1L\307\t\261\262z\374\222T\301\274V\236\223\262\270Ct\362\337b\356\024*\324\320\351\317\002k\336\234\027v\351\217\260\303\360\233ZPZWr\246$w\313\313\r\243r\232\2234\373\3539:N\004Q\245\272D\312D\300\300\t\323\0257\345e\271\na\215{\226\255x%T\257\037\333\004\344_/R\006E\344\037@\210\363\010\336T\226\247'\204_{\261\370""1\235\2445\343\033Y!\212\201\341\272\225'\007\037pM\027\246\241\275\006s\261\251\005N\255\251aA\240\365\303\205-5\037c\007\355\315o\234\231\031\013\003""; }; ","ledgerHash: ""\246\332qY\262\231\251\n\305\334\202\305\362\n\367@k\231\016R:\327\242\366\242\253LZY\223$G""; ledgerSeq: 32; type: liBASE; nodes {;   nodedata: ""\000\000\000 \001cEx]\211\377\3307p\334\264\237\177~\330]\252+:\317u\302h\n\351\n\364\231\277R\371\356\033y\265v\360Ny\000\000\000\000\000\000\000\000\000\000\000\000\000\000\000\000\000\000\000\000\000\000\000\000\000\000\000\000\000\000\000\000\300\007\336\376\212\017\204\365\370\302\250\216%\021\320\276d*nO\323\350\241T\201\307\203\245[Oqe/\351\253\020/\351\253\021\n\000""; }; nodes {;   nodedata: ""\323C\344\327\264{\312-\017:\006{\177\344N\002\326bO\260\220\006\033\362\345\005U\221DzJ0\001\301\025%1L\307\t\261\262z\374\222T\301\274V\236\223\262\270Ct\362\337b\356\024*\324\320\351\317\002k\336\234\027v\351\217\260\303\360\233ZPZWr\246$w\313\313\r\243r\232\2234\373\3539:N\004Q\245\272D\312D\300\300\t\323\0257\345e\271\na\215{\226\255x%T\257\037\333\004\344_/R\006E\344\037@\210\363\010\336T\226\247'\204_{\261\370""1\235\2445\343\033Y!\212\201\341\272\225'\007\037pM\027\246\241\275\006s\261\251\005N\255\251aA\240\365\303\205-5\037c\007\355\315o\234\231\031\013\003""; }; "
1750527636511,1750527636511,0,1,3,2,TMLedgerData,"ledgerHash: ""\246\332qY\262\231\251\n\305\334\202\305\362\n\367@k\231\016R:\327\242\366\242\253LZY\223$G""; ledgerSeq: 32; type: liBASE; nodes {;   nodedata: ""\000\000\000 \001cEx]\211\377\3307p\334\264\237\177~\330]\252+:\317u\302h\n\351\n\364\231\277R\371\356\033y\265v\360Ny\000\000\000\000\000\000\000\000\000\000\000\000\000\000\000\000\000\000\000\000\000\000\000\000\000\000\000\000\000\000\000\000\300\007\336\376\212\017\204\365\370\302\250\216%\021\320\276d*nO\323\350\241T\201\307\203\245[Oqe/\351\253\020/\351\253\021\n\000""; }; nodes {;   nodedata: ""\323C\344\327\264{\312-\017:\006{\177\344N\002\326bO\260\220\006\033\362\345\005U\221DzJ0\001\301\025%1L\307\t\261\262z\374\222T\301\274V\236\223\262\270Ct\362\337b\356\024*\324\320\351\317\002k\336\234\027v\351\217\260\303\360\233ZPZWr\246$w\313\313\r\243r\232\2234\373\3539:N\004Q\245\272D\312D\300\300\t\323\0257\345e\271\na\215{\226\255x%T\257\037\333\004\344_/R\006E\344\037@\210\363\010\336T\226\247'\204_{\261\370""1\235\2445\343\033Y!\212\201\341\272\225'\007\037pM\027\246\241\275\006s\261\251\005N\255\251aA\240\365\303\205-5\037c\007\355\315o\234\231\031\013\003""; }; requestCookie: 3; ","ledgerHash: ""\246\332qY\262\231\251\n\305\334\202\305\362\n\367@k\231\016R:\327\242\366\242\253LZY\223$G""; ledgerSeq: 32; type: liBASE; nodes {;   nodedata: ""\000\000\000 \001cEx]\211\377\3307p\334\264\237\177~\330]\252+:\317u\302h\n\351\n\364\231\277R\371\356\033y\265v\360Ny\000\000\000\000\000\000\000\000\000\000\000\000\000\000\000\000\000\000\000\000\000\000\000\000\000\000\000\000\000\000\000\000\300\007\336\376\212\017\204\365\370\302\250\216%\021\320\276d*nO\323\350\241T\201\307\203\245[Oqe/\351\253\020/\351\253\021\n\000""; }; nodes {;   nodedata: ""\323C\344\327\264{\312-\017:\006{\177\344N\002\326bO\260\220\006\033\362\345\005U\221DzJ0\001\301\025%1L\307\t\261\262z\374\222T\301\274V\236\223\262\270Ct\362\337b\356\024*\324\320\351\317\002k\336\234\027v\351\217\260\303\360\233ZPZWr\246$w\313\313\r\243r\232\2234\373\3539:N\004Q\245\272D\312D\300\300\t\323\0257\345e\271\na\215{\226\255x%T\257\037\333\004\344_/R\006E\344\037@\210\363\010\336T\226\247'\204_{\261\370""1\235\2445\343\033Y!\212\201\341\272\225'\007\037pM\027\246\241\275\006s\261\251\005N\255\251aA\240\365\303\205-5\037c\007\355\315o\234\231\031\013\003""; }; requestCookie: 3; "
1750527636513,1750527636513,0,1,3,0,TMLedgerData,"ledgerHash: ""\246\332qY\262\231\251\n\305\334\202\305\362\n\367@k\231\016R:\327\242\366\242\253LZY\223$G""; ledgerSeq: 32; type: liBASE; nodes {;   nodedata: ""\000\000\000 \001cEx]\211\377\3307p\334\264\237\177~\330]\252+:\317u\302h\n\351\n\364\231\277R\371\356\033y\265v\360Ny\000\000\000\000\000\000\000\000\000\000\000\000\000\000\000\000\000\000\000\000\000\000\000\000\000\000\000\000\000\000\000\000\300\007\336\376\212\017\204\365\370\302\250\216%\021\320\276d*nO\323\350\241T\201\307\203\245[Oqe/\351\253\020/\351\253\021\n\000""; }; nodes {;   nodedata: ""\323C\344\327\264{\312-\017:\006{\177\344N\002\326bO\260\220\006\033\362\345\005U\221DzJ0\001\301\025%1L\307\t\261\262z\374\222T\301\274V\236\223\262\270Ct\362\337b\356\024*\324\320\351\317\002k\336\234\027v\351\217\260\303\360\233ZPZWr\246$w\313\313\r\243r\232\2234\373\3539:N\004Q\245\272D\312D\300\300\t\323\0257\345e\271\na\215{\226\255x%T\257\037\333\004\344_/R\006E\344\037@\210\363\010\336T\226\247'\204_{\261\370""1\235\2445\343\033Y!\212\201\341\272\225'\007\037pM\027\246\241\275\006s\261\251\005N\255\251aA\240\365\303\205-5\037c\007\355\315o\234\231\031\013\003""; }; requestCookie: 2; ","ledgerHash: ""\246\332qY\262\231\251\n\305\334\202\305\362\n\367@k\231\016R:\327\242\366\242\253LZY\223$G""; ledgerSeq: 32; type: liBASE; nodes {;   nodedata: ""\000\000\000 \001cEx]\211\377\3307p\334\264\237\177~\330]\252+:\317u\302h\n\351\n\364\231\277R\371\356\033y\265v\360Ny\000\000\000\000\000\000\000\000\000\000\000\000\000\000\000\000\000\000\000\000\000\000\000\000\000\000\000\000\000\000\000\000\300\007\336\376\212\017\204\365\370\302\250\216%\021\320\276d*nO\323\350\241T\201\307\203\245[Oqe/\351\253\020/\351\253\021\n\000""; }; nodes {;   nodedata: ""\323C\344\327\264{\312-\017:\006{\177\344N\002\326bO\260\220\006\033\362\345\005U\221DzJ0\001\301\025%1L\307\t\261\262z\374\222T\301\274V\236\223\262\270Ct\362\337b\356\024*\324\320\351\317\002k\336\234\027v\351\217\260\303\360\233ZPZWr\246$w\313\313\r\243r\232\2234\373\3539:N\004Q\245\272D\312D\300\300\t\323\0257\345e\271\na\215{\226\255x%T\257\037\333\004\344_/R\006E\344\037@\210\363\010\336T\226\247'\204_{\261\370""1\235\2445\343\033Y!\212\201\341\272\225'\007\037pM\027\246\241\275\006s\261\251\005N\255\251aA\240\365\303\205-5\037c\007\355\315o\234\231\031\013\003""; }; requestCookie: 2; "
1750527636513,1750527636514,0,1,3,0,TMLedgerData,"ledgerHash: ""\246\332qY\262\231\251\n\305\334\202\305\362\n\367@k\231\016R:\327\242\366\242\253LZY\223$G""; ledgerSeq: 32; type: liBASE; nodes {;   nodedata: ""\000\000\000 \001cEx]\211\377\3307p\334\264\237\177~\330]\252+:\317u\302h\n\351\n\364\231\277R\371\356\033y\265v\360Ny\000\000\000\000\000\000\000\000\000\000\000\000\000\000\000\000\000\000\000\000\000\000\000\000\000\000\000\000\000\000\000\000\300\007\336\376\212\017\204\365\370\302\250\216%\021\320\276d*nO\323\350\241T\201\307\203\245[Oqe/\351\253\020/\351\253\021\n\000""; }; nodes {;   nodedata: ""\323C\344\327\264{\312-\017:\006{\177\344N\002\326bO\260\220\006\033\362\345\005U\221DzJ0\001\301\025%1L\307\t\261\262z\374\222T\301\274V\236\223\262\270Ct\362\337b\356\024*\324\320\351\317\002k\336\234\027v\351\217\260\303\360\233ZPZWr\246$w\313\313\r\243r\232\2234\373\3539:N\004Q\245\272D\312D\300\300\t\323\0257\345e\271\na\215{\226\255x%T\257\037\333\004\344_/R\006E\344\037@\210\363\010\336T\226\247'\204_{\261\370""1\235\2445\343\033Y!\212\201\341\272\225'\007\037pM\027\246\241\275\006s\261\251\005N\255\251aA\240\365\303\205-5\037c\007\355\315o\234\231\031\013\003""; }; requestCookie: 3; ","ledgerHash: ""\246\332qY\262\231\251\n\305\334\202\305\362\n\367@k\231\016R:\327\242\366\242\253LZY\223$G""; ledgerSeq: 32; type: liBASE; nodes {;   nodedata: ""\000\000\000 \001cEx]\211\377\3307p\334\264\237\177~\330]\252+:\317u\302h\n\351\n\364\231\277R\371\356\033y\265v\360Ny\000\000\000\000\000\000\000\000\000\000\000\000\000\000\000\000\000\000\000\000\000\000\000\000\000\000\000\000\000\000\000\000\300\007\336\376\212\017\204\365\370\302\250\216%\021\320\276d*nO\323\350\241T\201\307\203\245[Oqe/\351\253\020/\351\253\021\n\000""; }; nodes {;   nodedata: ""\323C\344\327\264{\312-\017:\006{\177\344N\002\326bO\260\220\006\033\362\345\005U\221DzJ0\001\301\025%1L\307\t\261\262z\374\222T\301\274V\236\223\262\270Ct\362\337b\356\024*\324\320\351\317\002k\336\234\027v\351\217\260\303\360\233ZPZWr\246$w\313\313\r\243r\232\2234\373\3539:N\004Q\245\272D\312D\300\300\t\323\0257\345e\271\na\215{\226\255x%T\257\037\333\004\344_/R\006E\344\037@\210\363\010\336T\226\247'\204_{\261\370""1\235\2445\343\033Y!\212\201\341\272\225'\007\037pM\027\246\241\275\006s\261\251\005N\255\251aA\240\365\303\205-5\037c\007\355\315o\234\231\031\013\003""; }; requestCookie: 3; "
1750527636514,1750527636515,0,1,2,1,TMLedgerData,"ledgerHash: ""\246\332qY\262\231\251\n\305\334\202\305\362\n\367@k\231\016R:\327\242\366\242\253LZY\223$G""; ledgerSeq: 32; type: liBASE; nodes {;   nodedata: ""\000\000\000 \001cEx]\211\377\3307p\334\264\237\177~\330]\252+:\317u\302h\n\351\n\364\231\277R\371\356\033y\265v\360Ny\000\000\000\000\000\000\000\000\000\000\000\000\000\000\000\000\000\000\000\000\000\000\000\000\000\000\000\000\000\000\000\000\300\007\336\376\212\017\204\365\370\302\250\216%\021\320\276d*nO\323\350\241T\201\307\203\245[Oqe/\351\253\020/\351\253\021\n\000""; }; nodes {;   nodedata: ""\323C\344\327\264{\312-\017:\006{\177\344N\002\326bO\260\220\006\033\362\345\005U\221DzJ0\001\301\025%1L\307\t\261\262z\374\222T\301\274V\236\223\262\270Ct\362\337b\356\024*\324\320\351\317\002k\336\234\027v\351\217\260\303\360\233ZPZWr\246$w\313\313\r\243r\232\2234\373\3539:N\004Q\245\272D\312D\300\300\t\323\0257\345e\271\na\215{\226\255x%T\257\037\333\004\344_/R\006E\344\037@\210\363\010\336T\226\247'\204_{\261\370""1\235\2445\343\033Y!\212\201\341\272\225'\007\037pM\027\246\241\275\006s\261\251\005N\255\251aA\240\365\303\205-5\037c\007\355\315o\234\231\031\013\003""; }; ","ledgerHash: ""\246\332qY\262\231\251\n\305\334\202\305\362\n\367@k\231\016R:\327\242\366\242\253LZY\223$G""; ledgerSeq: 32; type: liBASE; nodes {;   nodedata: ""\000\000\000 \001cEx]\211\377\3307p\334\264\237\177~\330]\252+:\317u\302h\n\351\n\364\231\277R\371\356\033y\265v\360Ny\000\000\000\000\000\000\000\000\000\000\000\000\000\000\000\000\000\000\000\000\000\000\000\000\000\000\000\000\000\000\000\000\300\007\336\376\212\017\204\365\370\302\250\216%\021\320\276d*nO\323\350\241T\201\307\203\245[Oqe/\351\253\020/\351\253\021\n\000""; }; nodes {;   nodedata: ""\323C\344\327\264{\312-\017:\006{\177\344N\002\326bO\260\220\006\033\362\345\005U\221DzJ0\001\301\025%1L\307\t\261\262z\374\222T\301\274V\236\223\262\270Ct\362\337b\356\024*\324\320\351\317\002k\336\234\027v\351\217\260\303\360\233ZPZWr\246$w\313\313\r\243r\232\2234\373\3539:N\004Q\245\272D\312D\300\300\t\323\0257\345e\271\na\215{\226\255x%T\257\037\333\004\344_/R\006E\344\037@\210\363\010\336T\226\247'\204_{\261\370""1\235\2445\343\033Y!\212\201\341\272\225'\007\037pM\027\246\241\275\006s\261\251\005N\255\251aA\240\365\303\205-5\037c\007\355\315o\234\231\031\013\003""; }; "
1750527636515,1750527636515,0,1,0,1,TMLedgerData,"ledgerHash: ""\246\332qY\262\231\251\n\305\334\202\305\362\n\367@k\231\016R:\327\242\366\242\253LZY\223$G""; ledgerSeq: 32; type: liBASE; nodes {;   nodedata: ""\000\000\000 \001cEx]\211\377\3307p\334\264\237\177~\330]\252+:\317u\302h\n\351\n\364\231\277R\371\356\033y\265v\360Ny\000\000\000\000\000\000\000\000\000\000\000\000\000\000\000\000\000\000\000\000\000\000\000\000\000\000\000\000\000\000\000\000\300\007\336\376\212\017\204\365\370\302\250\216%\021\320\276d*nO\323\350\241T\201\307\203\245[Oqe/\351\253\020/\351\253\021\n\000""; }; nodes {;   nodedata: ""\323C\344\327\264{\312-\017:\006{\177\344N\002\326bO\260\220\006\033\362\345\005U\221DzJ0\001\301\025%1L\307\t\261\262z\374\222T\301\274V\236\223\262\270Ct\362\337b\356\024*\324\320\351\317\002k\336\234\027v\351\217\260\303\360\233ZPZWr\246$w\313\313\r\243r\232\2234\373\3539:N\004Q\245\272D\312D\300\300\t\323\0257\345e\271\na\215{\226\255x%T\257\037\333\004\344_/R\006E\344\037@\210\363\010\336T\226\247'\204_{\261\370""1\235\2445\343\033Y!\212\201\341\272\225'\007\037pM\027\246\241\275\006s\261\251\005N\255\251aA\240\365\303\205-5\037c\007\355\315o\234\231\031\013\003""; }; ","ledgerHash: ""\246\332qY\262\231\251\n\305\334\202\305\362\n\367@k\231\016R:\327\242\366\242\253LZY\223$G""; ledgerSeq: 32; type: liBASE; nodes {;   nodedata: ""\000\000\000 \001cEx]\211\377\3307p\334\264\237\177~\330]\252+:\317u\302h\n\351\n\364\231\277R\371\356\033y\265v\360Ny\000\000\000\000\000\000\000\000\000\000\000\000\000\000\000\000\000\000\000\000\000\000\000\000\000\000\000\000\000\000\000\000\300\007\336\376\212\017\204\365\370\302\250\216%\021\320\276d*nO\323\350\241T\201\307\203\245[Oqe/\351\253\020/\351\253\021\n\000""; }; nodes {;   nodedata: ""\323C\344\327\264{\312-\017:\006{\177\344N\002\326bO\260\220\006\033\362\345\005U\221DzJ0\001\301\025%1L\307\t\261\262z\374\222T\301\274V\236\223\262\270Ct\362\337b\356\024*\324\320\351\317\002k\336\234\027v\351\217\260\303\360\233ZPZWr\246$w\313\313\r\243r\232\2234\373\3539:N\004Q\245\272D\312D\300\300\t\323\0257\345e\271\na\215{\226\255x%T\257\037\333\004\344_/R\006E\344\037@\210\363\010\336T\226\247'\204_{\261\370""1\235\2445\343\033Y!\212\201\341\272\225'\007\037pM\027\246\241\275\006s\261\251\005N\255\251aA\240\365\303\205-5\037c\007\355\315o\234\231\031\013\003""; }; "
1750527636516,1750527636516,0,1,0,2,TMLedgerData,"ledgerHash: ""\246\332qY\262\231\251\n\305\334\202\305\362\n\367@k\231\016R:\327\242\366\242\253LZY\223$G""; ledgerSeq: 32; type: liBASE; nodes {;   nodedata: ""\000\000\000 \001cEx]\211\377\3307p\334\264\237\177~\330]\252+:\317u\302h\n\351\n\364\231\277R\371\356\033y\265v\360Ny\000\000\000\000\000\000\000\000\000\000\000\000\000\000\000\000\000\000\000\000\000\000\000\000\000\000\000\000\000\000\000\000\300\007\336\376\212\017\204\365\370\302\250\216%\021\320\276d*nO\323\350\241T\201\307\203\245[Oqe/\351\253\020/\351\253\021\n\000""; }; nodes {;   nodedata: ""\323C\344\327\264{\312-\017:\006{\177\344N\002\326bO\260\220\006\033\362\345\005U\221DzJ0\001\301\025%1L\307\t\261\262z\374\222T\301\274V\236\223\262\270Ct\362\337b\356\024*\324\320\351\317\002k\336\234\027v\351\217\260\303\360\233ZPZWr\246$w\313\313\r\243r\232\2234\373\3539:N\004Q\245\272D\312D\300\300\t\323\0257\345e\271\na\215{\226\255x%T\257\037\333\004\344_/R\006E\344\037@\210\363\010\336T\226\247'\204_{\261\370""1\235\2445\343\033Y!\212\201\341\272\225'\007\037pM\027\246\241\275\006s\261\251\005N\255\251aA\240\365\303\205-5\037c\007\355\315o\234\231\031\013\003""; }; ","ledgerHash: ""\246\332qY\262\231\251\n\305\334\202\305\362\n\367@k\231\016R:\327\242\366\242\253LZY\223$G""; ledgerSeq: 32; type: liBASE; nodes {;   nodedata: ""\000\000\000 \001cEx]\211\377\3307p\334\264\237\177~\330]\252+:\317u\302h\n\351\n\364\231\277R\371\356\033y\265v\360Ny\000\000\000\000\000\000\000\000\000\000\000\000\000\000\000\000\000\000\000\000\000\000\000\000\000\000\000\000\000\000\000\000\300\007\336\376\212\017\204\365\370\302\250\216%\021\320\276d*nO\323\350\241T\201\307\203\245[Oqe/\351\253\020/\351\253\021\n\000""; }; nodes {;   nodedata: ""\323C\344\327\264{\312-\017:\006{\177\344N\002\326bO\260\220\006\033\362\345\005U\221DzJ0\001\301\025%1L\307\t\261\262z\374\222T\301\274V\236\223\262\270Ct\362\337b\356\024*\324\320\351\317\002k\336\234\027v\351\217\260\303\360\233ZPZWr\246$w\313\313\r\243r\232\2234\373\3539:N\004Q\245\272D\312D\300\300\t\323\0257\345e\271\na\215{\226\255x%T\257\037\333\004\344_/R\006E\344\037@\210\363\010\336T\226\247'\204_{\261\370""1\235\2445\343\033Y!\212\201\341\272\225'\007\037pM\027\246\241\275\006s\261\251\005N\255\251aA\240\365\303\205-5\037c\007\355\315o\234\231\031\013\003""; }; "
1750527636554,1750527636554,0,1,3,0,TMLedgerData,"ledgerHash: ""\246\332qY\262\231\251\n\305\334\202\305\362\n\367@k\231\016R:\327\242\366\242\253LZY\223$G""; ledgerSeq: 32; type: liAS_NODE; nodes {;   nodedata: ""\021\000h""\000\000\000\000 \033\000\000\000\037\002\023\304?\330\356GuH\375\327!\255\371\r\231\262R\256J\034\222\241\355X\265E\241^W\225\304\014\361CX-}\351f\032\255\274\334m\326c\017\014ao[\342\230\003\245\245\3341Hm\326^\017jy\335\261\032Yt\320\244{g\0306\\302\303*\341\215\223\257\364\277o\375\000r\241SOq\221\253\262\005\017\375T\356\014\360o'\030\311-\267\031\257!\031T\006><\315XM\334\324\345\034\000\325\367\240\271\013\265\024\321\362\354\211\250.\234s\225amc\305\035\366\276\037nD\277`\210\223N\3535\033\261\304f\331]\036\237\306o!\223\221\002\324\031\262\240R\177 ,\214\325\Q])\016\2067\277\t\354\010\000\360\215\2502\265\245\310\226\243c\302Ze\306\253#r\020\211\320iG\276\020E\317\035Sf\223F\254\033@\177e\277\016\010u\327\371&\262\312\317Q\2361t\377x\234\001v\003%\030\325_\225g\204\346a=\225\273\331\354\365*U\363\263N\367b\371\244\314-w\363\262\225Z\200\206\235\233\257?sE\2674\254\326mU\377?\177Ek\336\030!\316Aa\225\303\022\377{\210Y\226\271as\354L\035\004\341\361\035\301\024\220m#*\372\032\3178~\374\250\014*\323\342'z69\220\327\256\351G\367\317u\302\207\270b\315\333\333\334\310I\323&\014\352XZnW2.\335\347\202\021\247\362\212e\034\000\001\250\220\305;a\314\265R\310\017\317\331\235\360\262\240:\277\202\266\354\265X""\022\nh\252\352w\204\203\023]\001f\352\277\0031Q]\362\370R\350{\261\202\240\344\215\201\353\276\322p5p\350\354\017>\250r\241c\273\016\301\024\363\242\247\263\231\370\344\nBW\220K\316@3\243\200\036wk\253GSlU\010\360\231>\331\263H\214\324\030A\225\301o\346pkSF\004\241\213w9\223=\250\262*+\255\351r\265\244c\024\213\t\007`\223\325#\3477\210\345P\306\013\320\252[\0216+\227=`\371P\314\346 V7\271[~\n\237\274|\347\352@K\253~&\260\032\024\004B\200\255h\351\013\361\031:nG\211\005|\2003\266\274\251,W\006u\344\335d\003\306\212\313,\340\350bG\n\030Z\2732-\246\312\255\030\003\235207\005}D\260\0261ah\322M\304\216\273m0\271\234\237\007<w$\265C\245\232\033\023\313c\321B\032l\301h\005\320\252\301\361(\330[\343\357\343{\235\n\266g\272>\177\317\347\261qb&\270&\346ju\200\363N\320\307\004\034\001n\317\361\2653\254\2503\247\305\372\316W\022O\253x\250\025\373\247\354Tc\304\263\243^\352Gv\\264\261\r\035\226\306\2411\351\233\203\215\200$\231\300f\220\371c@\017\254\363\\371\340\340VaR\205~^\226\342t\360\022\204d\231\205)\272\364?\361!\334\331\315\254\230\rBG\314\023\246\244=\351\177\254\302b&\276+H;0\312\021&\275\036\237\350R\313\206R\331\304k\323u\263t\221\213yC\241\217A\242\027g\322\241'\212.E?B_\316\327\217J +\370\t^b\005\020\003\211\373\247|hC\271Nmk~J\270EU\274\036-\347\240\312FA\321\341bca\253\025\321\311\317\021\375\317\217\n\272\033o\353G>\275\361H\265\240\232um""\317\324`\214\221\314\000\211K\223+(""\200i \311\372g\254\343ZR0\224\275q\252\357\213\263\206N\357&Q\217\267\303\356I\236\357\264\311b\037\366\035\253\343\311\265\240\327q\206f\262ODi\215-\363>\034\236l\273\005G\316F\217}[\036\007\270:\260\335\271B\241N\345\330\204\327f\361\272Kb\0377p\334\264\237\177~\330]\252+:\317u\302h\n\351\n\364\231\277R\371\356\033y\265v\360Ny\264\227\2326\315\307\363\323\325\303\032N\256*\307\327 \235\332\207u\210\271\257\306g\231i*\260\326k\001"";   nodeid: ""\260\000\000\000\000\000\000\000\000\000\000\000\000\000\000\000\000\000\000\000\000\000\000\000\000\000\000\000\000\000\000\000\001""; }; ","ledgerHash: ""\246\332qY\262\231\251\n\305\334\202\305\362\n\367@k\231\016R:\327\242\366\242\253LZY\223$G""; ledgerSeq: 32; type: liAS_NODE; nodes {;   nodedata: ""\021\000h""\000\000\000\000 \033\000\000\000\037\002\023\304?\330\356GuH\375\327!\255\371\r\231\262R\256J\034\222\241\355X\265E\241^W\225\304\014\361CX-}\351f\032\255\274\334m\326c\017\014ao[\342\230\003\245\245\3341Hm\326^\017jy\335\261\032Yt\320\244{g\0306\\302\303*\341\215\223\257\364\277o\375\000r\241SOq\221\253\262\005\017\375T\356\014\360o'\030\311-\267\031\257!\031T\006><\315XM\334\324\345\034\000\325\367\240\271\013\265\024\321\362\354\211\250.\234s\225amc\305\035\366\276\037nD\277`\210\223N\3535\033\261\304f\331]\036\237\306o!\223\221\002\324\031\262\240R\177 ,\214\325\Q])\016\2067\277\t\354\010\000\360\215\2502\265\245\310\226\243c\302Ze\306\253#r\020\211\320iG\276\020E\317\035Sf\223F\254\033@\177e\277\016\010u\327\371&\262\312\317Q\2361t\377x\234\001v\003%\030\325_\225g\204\346a=\225\273\331\354\365*U\363\263N\367b\371\244\314-w\363\262\225Z\200\206\235\233\257?sE\2674\254\326mU\377?\177Ek\336\030!\316Aa\225\303\022\377{\210Y\226\271as\354L\035\004\341\361\035\301\024\220m#*\372\032\3178~\374\250\014*\323\342'z69\220\327\256\351G\367\317u\302\207\270b\315\333\333\334\310I\323&\014\352XZnW2.\335\347\202\021\247\362\212e\034\000\001\250\220\305;a\314\265R\310\017\317\331\235\360\262\240:\277\202\266\354\265X""\022\nh\252\352w\204\203\023]\001f\352\277\0031Q]\362\370R\350{\261\202\240\344\215\201\353\276\322p5p\350\354\017>\250r\241c\273\016\301\024\363\242\247\263\231\370\344\nBW\220K\316@3\243\200\036wk\253GSlU\010\360\231>\331\263H\214\324\030A\225\301o\346pkSF\004\241\213w9\223=\250\262*+\255\351r\265\244c\024\213\t\007`\223\325#\3477\210\345P\306\013\320\252[\0216+\227=`\371P\314\346 V7\271[~\n\237\274|\347\352@K\253~&\260\032\024\004B\200\255h\351\013\361\031:nG\211\005|\2003\266\274\251,W\006u\344\335d\003\306\212\313,\340\350bG\n\030Z\2732-\246\312\255\030\003\235207\005}D\260\0261ah\322M\304\216\273m0\271\234\237\007<w$\265C\245\232\033\023\313c\321B\032l\301h\005\320\252\301\361(\330[\343\357\343{\235\n\266g\272>\177\317\347\261qb&\270&\346ju\200\363N\320\307\004\034\001n\317\361\2653\254\2503\247\305\372\316W\022O\253x\250\025\373\247\354Tc\304\263\243^\352Gv\\264\261\r\035\226\306\2411\351\233\203\215\200$\231\300f\220\371c@\017\254\363\\371\340\340VaR\205~^\226\342t\360\022\204d\231\205)\272\364?\361!\334\331\315\254\230\rBG\314\023\246\244=\351\177\254\302b&\276+H;0\312\021&\275\036\237\350R\313\206R\331\304k\323u\263t\221\213yC\241\217A\242\027g\322\241'\212.E?B_\316\327\217J +\370\t^b\005\020\003\211\373\247|hC\271Nmk~J\270EU\274\036-\347\240\312FA\321\341bca\253\025\321\311\317\021\375\317\217\n\272\033o\353G>\275\361H\265\240\232um""\317\324`\214\221\314\000\211K\223+(""\200i \311\372g\254\343ZR0\224\275q\252\357\213\263\206N\357&Q\217\267\303\356I\236\357\264\311b\037\366\035\253\343\311\265\240\327q\206f\262ODi\215-\363>\034\236l\273\005G\316F\217}[\036\007\270:\260\335\271B\241N\345\330\204\327f\361\272Kb\0377p\334\264\237\177~\330]\252+:\317u\302h\n\351\n\364\231\277R\371\356\033y\265v\360Ny\264\227\2326\315\307\363\323\325\303\032N\256*\307\327 \235\332\207u\210\271\257\306g\231i*\260\326k\001"";   nodeid: ""\260\000\000\000\000\000\000\000\000\000\000\000\000\000\000\000\000\000\000\000\000\000\000\000\000\000\000\000\000\000\000\000\001""; }; "
1750527636613,1750527636613,0,1,4,3,TMStatusChange,"newEvent: neACCEPTED_LEDGER; ledgerSeq: 32; ledgerHash: ""\246\332qY\262\231\251\n\305\334\202\305\362\n\367@k\231\016R:\327\242\366\242\253LZY\223$G""; ledgerHashPrevious: ""7p\334\264\237\177~\330]\252+:\317u\302h\n\351\n\364\231\277R\371\356\033y\265v\360Ny""; networkTime: 803842836; firstSeq: 1; lastSeq: 31; ","newEvent: neACCEPTED_LEDGER; ledgerSeq: 32; ledgerHash: ""\246\332qY\262\231\251\n\305\334\202\305\362\n\367@k\231\016R:\327\242\366\242\253LZY\223$G""; ledgerHashPrevious: ""7p\334\264\237\177~\330]\252+:\317u\302h\n\351\n\364\231\277R\371\356\033y\265v\360Ny""; networkTime: 803842836; firstSeq: 1; lastSeq: 31; "
1750527636614,1750527636614,0,1,4,2,TMStatusChange,"newEvent: neACCEPTED_LEDGER; ledgerSeq: 32; ledgerHash: ""\246\332qY\262\231\251\n\305\334\202\305\362\n\367@k\231\016R:\327\242\366\242\253LZY\223$G""; ledgerHashPrevious: ""7p\334\264\237\177~\330]\252+:\317u\302h\n\351\n\364\231\277R\371\356\033y\265v\360Ny""; networkTime: 803842836; firstSeq: 1; lastSeq: 31; ","newEvent: neACCEPTED_LEDGER; ledgerSeq: 32; ledgerHash: ""\246\332qY\262\231\251\n\305\334\202\305\362\n\367@k\231\016R:\327\242\366\242\253LZY\223$G""; ledgerHashPrevious: ""7p\334\264\237\177~\330]\252+:\317u\302h\n\351\n\364\231\277R\371\356\033y\265v\360Ny""; networkTime: 803842836; firstSeq: 1; lastSeq: 31; "
1750527636614,1750527636614,0,1,4,1,TMStatusChange,"newEvent: neACCEPTED_LEDGER; ledgerSeq: 32; ledgerHash: ""\246\332qY\262\231\251\n\305\334\202\305\362\n\367@k\231\016R:\327\242\366\242\253LZY\223$G""; ledgerHashPrevious: ""7p\334\264\237\177~\330]\252+:\317u\302h\n\351\n\364\231\277R\371\356\033y\265v\360Ny""; networkTime: 803842836; firstSeq: 1; lastSeq: 31; ","newEvent: neACCEPTED_LEDGER; ledgerSeq: 32; ledgerHash: ""\246\332qY\262\231\251\n\305\334\202\305\362\n\367@k\231\016R:\327\242\366\242\253LZY\223$G""; ledgerHashPrevious: ""7p\334\264\237\177~\330]\252+:\317u\302h\n\351\n\364\231\277R\371\356\033y\265v\360Ny""; networkTime: 803842836; firstSeq: 1; lastSeq: 31; "
1750527636614,1750527636615,0,1,4,0,TMStatusChange,"newEvent: neACCEPTED_LEDGER; ledgerSeq: 32; ledgerHash: ""\246\332qY\262\231\251\n\305\334\202\305\362\n\367@k\231\016R:\327\242\366\242\253LZY\223$G""; ledgerHashPrevious: ""7p\334\264\237\177~\330]\252+:\317u\302h\n\351\n\364\231\277R\371\356\033y\265v\360Ny""; networkTime: 803842836; firstSeq: 1; lastSeq: 31; ","newEvent: neACCEPTED_LEDGER; ledgerSeq: 32; ledgerHash: ""\246\332qY\262\231\251\n\305\334\202\305\362\n\367@k\231\016R:\327\242\366\242\253LZY\223$G""; ledgerHashPrevious: ""7p\334\264\237\177~\330]\252+:\317u\302h\n\351\n\364\231\277R\371\356\033y\265v\360Ny""; networkTime: 803842836; firstSeq: 1; lastSeq: 31; "
1750527636643,1750527636644,0,1,1,0,TMEndpoints,version: 2; ,version: 2; 
1750527636644,1750527636644,0,1,1,3,TMEndpoints,version: 2; ,version: 2; 
1750527636645,1750527636645,0,1,1,4,TMEndpoints,version: 2; ,version: 2; 
1750527636645,1750527636645,0,1,1,2,TMEndpoints,version: 2; ,version: 2; 
1750527636647,1750527636647,0,1,4,1,TMValidation,"validation: """"\200\000\000\001&\000\000\000 )/\351\253\024:\r\302\353\023?\373\240rQ\246\332qY\262\231\251\n\305\334\202\305\362\n\367@k\231\016R:\327\242\366\242\253LZY\223$GP\027\000\000\000\000\000\000\000\000\000\000\000\000\000\000\000\000\000\000\000\000\000\000\000\000\000\000\000\000\000\000\000\000P\0317p\334\264\237\177~\330]\252+:\317u\302h\n\351\n\364\231\277R\371\356\033y\265v\360Nys!\003R7o\362bV\300hf\266\241;}\200^\374\240\203[:\342Q\225\221\027y\372\255\235\216\323~vF0D\002 C\244\177\304,\317\361\020\322""Y|\033\251\t{VCs\035\265\354FlY#o,O)\234u\002 u\203B\305\0265\203\354Km\013G\010\210n\257[\215\305\322\314R\324\345\232\000q\005\365X\036\256""; ","validation: """"\200\000\000\001&\000\000\000 )/\351\253\024:\r\302\353\023?\373\240rQ\246\332qY\262\231\251\n\305\334\202\305\362\n\367@k\231\016R:\327\242\366\242\253LZY\223$GP\027\000\000\000\000\000\000\000\000\000\000\000\000\000\000\000\000\000\000\000\000\000\000\000\000\000\000\000\000\000\000\000\000P\0317p\334\264\237\177~\330]\252+:\317u\302h\n\351\n\364\231\277R\371\356\033y\265v\360Nys!\003R7o\362bV\300hf\266\241;}\200^\374\240\203[:\342Q\225\221\027y\372\255\235\216\323~vF0D\002 C\244\177\304,\317\361\020\322""Y|\033\251\t{VCs\035\265\354FlY#o,O)\234u\002 u\203B\305\0265\203\354Km\013G\010\210n\257[\215\305\322\314R\324\345\232\000q\005\365X\036\256""; "
1750527636654,1750527636654,0,1,4,3,TMValidation,"validation: """"\200\000\000\001&\000\000\000 )/\351\253\024:\r\302\353\023?\373\240rQ\246\332qY\262\231\251\n\305\334\202\305\362\n\367@k\231\016R:\327\242\366\242\253LZY\223$GP\027\000\000\000\000\000\000\000\000\000\000\000\000\000\000\000\000\000\000\000\000\000\000\000\000\000\000\000\000\000\000\000\000P\0317p\334\264\237\177~\330]\252+:\317u\302h\n\351\n\364\231\277R\371\356\033y\265v\360Nys!\003R7o\362bV\300hf\266\241;}\200^\374\240\203[:\342Q\225\221\027y\372\255\235\216\323~vF0D\002 C\244\177\304,\317\361\020\322""Y|\033\251\t{VCs\035\265\354FlY#o,O)\234u\002 u\203B\305\0265\203\354Km\013G\010\210n\257[\215\305\322\314R\324\345\232\000q\005\365X\036\256""; ","validation: """"\200\000\000\001&\000\000\000 )/\351\253\024:\r\302\353\023?\373\240rQ\246\332qY\262\231\251\n\305\334\202\305\362\n\367@k\231\016R:\327\242\366\242\253LZY\223$GP\027\000\000\000\000\000\000\000\000\000\000\000\000\000\000\000\000\000\000\000\000\000\000\000\000\000\000\000\000\000\000\000\000P\0317p\334\264\237\177~\330]\252+:\317u\302h\n\351\n\364\231\277R\371\356\033y\265v\360Nys!\003R7o\362bV\300hf\266\241;}\200^\374\240\203[:\342Q\225\221\027y\372\255\235\216\323~vF0D\002 C\244\177\304,\317\361\020\322""Y|\033\251\t{VCs\035\265\354FlY#o,O)\234u\002 u\203B\305\0265\203\354Km\013G\010\210n\257[\215\305\322\314R\324\345\232\000q\005\365X\036\256""; "
1750527636655,1750527636655,0,1,4,2,TMValidation,"validation: """"\200\000\000\001&\000\000\000 )/\351\253\024:\r\302\353\023?\373\240rQ\246\332qY\262\231\251\n\305\334\202\305\362\n\367@k\231\016R:\327\242\366\242\253LZY\223$GP\027\000\000\000\000\000\000\000\000\000\000\000\000\000\000\000\000\000\000\000\000\000\000\000\000\000\000\000\000\000\000\000\000P\0317p\334\264\237\177~\330]\252+:\317u\302h\n\351\n\364\231\277R\371\356\033y\265v\360Nys!\003R7o\362bV\300hf\266\241;}\200^\374\240\203[:\342Q\225\221\027y\372\255\235\216\323~vF0D\002 C\244\177\304,\317\361\020\322""Y|\033\251\t{VCs\035\265\354FlY#o,O)\234u\002 u\203B\305\0265\203\354Km\013G\010\210n\257[\215\305\322\314R\324\345\232\000q\005\365X\036\256""; ","validation: """"\200\000\000\001&\000\000\000 )/\351\253\024:\r\302\353\023?\373\240rQ\246\332qY\262\231\251\n\305\334\202\305\362\n\367@k\231\016R:\327\242\366\242\253LZY\223$GP\027\000\000\000\000\000\000\000\000\000\000\000\000\000\000\000\000\000\000\000\000\000\000\000\000\000\000\000\000\000\000\000\000P\0317p\334\264\237\177~\330]\252+:\317u\302h\n\351\n\364\231\277R\371\356\033y\265v\360Nys!\003R7o\362bV\300hf\266\241;}\200^\374\240\203[:\342Q\225\221\027y\372\255\235\216\323~vF0D\002 C\244\177\304,\317\361\020\322""Y|\033\251\t{VCs\035\265\354FlY#o,O)\234u\002 u\203B\305\0265\203\354Km\013G\010\210n\257[\215\305\322\314R\324\345\232\000q\005\365X\036\256""; "
1750527636655,1750527636655,0,1,4,0,TMValidation,"validation: """"\200\000\000\001&\000\000\000 )/\351\253\024:\r\302\353\023?\373\240rQ\246\332qY\262\231\251\n\305\334\202\305\362\n\367@k\231\016R:\327\242\366\242\253LZY\223$GP\027\000\000\000\000\000\000\000\000\000\000\000\000\000\000\000\000\000\000\000\000\000\000\000\000\000\000\000\000\000\000\000\000P\0317p\334\264\237\177~\330]\252+:\317u\302h\n\351\n\364\231\277R\371\356\033y\265v\360Nys!\003R7o\362bV\300hf\266\241;}\200^\374\240\203[:\342Q\225\221\027y\372\255\235\216\323~vF0D\002 C\244\177\304,\317\361\020\322""Y|\033\251\t{VCs\035\265\354FlY#o,O)\234u\002 u\203B\305\0265\203\354Km\013G\010\210n\257[\215\305\322\314R\324\345\232\000q\005\365X\036\256""; ","validation: """"\200\000\000\001&\000\000\000 )/\351\253\024:\r\302\353\023?\373\240rQ\246\332qY\262\231\251\n\305\334\202\305\362\n\367@k\231\016R:\327\242\366\242\253LZY\223$GP\027\000\000\000\000\000\000\000\000\000\000\000\000\000\000\000\000\000\000\000\000\000\000\000\000\000\000\000\000\000\000\000\000P\0317p\334\264\237\177~\330]\252+:\317u\302h\n\351\n\364\231\277R\371\356\033y\265v\360Nys!\003R7o\362bV\300hf\266\241;}\200^\374\240\203[:\342Q\225\221\027y\372\255\235\216\323~vF0D\002 C\244\177\304,\317\361\020\322""Y|\033\251\t{VCs\035\265\354FlY#o,O)\234u\002 u\203B\305\0265\203\354Km\013G\010\210n\257[\215\305\322\314R\324\345\232\000q\005\365X\036\256""; "
1750527636657,1750527636657,0,1,3,1,TMValidation,"validation: """"\200\000\000\001&\000\000\000 )/\351\253\024:\r\302\353\023?\373\240rQ\246\332qY\262\231\251\n\305\334\202\305\362\n\367@k\231\016R:\327\242\366\242\253LZY\223$GP\027\000\000\000\000\000\000\000\000\000\000\000\000\000\000\000\000\000\000\000\000\000\000\000\000\000\000\000\000\000\000\000\000P\0317p\334\264\237\177~\330]\252+:\317u\302h\n\351\n\364\231\277R\371\356\033y\265v\360Nys!\003R7o\362bV\300hf\266\241;}\200^\374\240\203[:\342Q\225\221\027y\372\255\235\216\323~vF0D\002 C\244\177\304,\317\361\020\322""Y|\033\251\t{VCs\035\265\354FlY#o,O)\234u\002 u\203B\305\0265\203\354Km\013G\010\210n\257[\215\305\322\314R\324\345\232\000q\005\365X\036\256""; ","validation: """"\200\000\000\001&\000\000\000 )/\351\253\024:\r\302\353\023?\373\240rQ\246\332qY\262\231\251\n\305\334\202\305\362\n\367@k\231\016R:\327\242\366\242\253LZY\223$GP\027\000\000\000\000\000\000\000\000\000\000\000\000\000\000\000\000\000\000\000\000\000\000\000\000\000\000\000\000\000\000\000\000P\0317p\334\264\237\177~\330]\252+:\317u\302h\n\351\n\364\231\277R\371\356\033y\265v\360Nys!\003R7o\362bV\300hf\266\241;}\200^\374\240\203[:\342Q\225\221\027y\372\255\235\216\323~vF0D\002 C\244\177\304,\317\361\020\322""Y|\033\251\t{VCs\035\265\354FlY#o,O)\234u\002 u\203B\305\0265\203\354Km\013G\010\210n\257[\215\305\322\314R\324\345\232\000q\005\365X\036\256""; "
1750527636657,1750527636657,0,1,3,0,TMValidation,"validation: """"\200\000\000\001&\000\000\000 )/\351\253\024:\r\302\353\023?\373\240rQ\246\332qY\262\231\251\n\305\334\202\305\362\n\367@k\231\016R:\327\242\366\242\253LZY\223$GP\027\000\000\000\000\000\000\000\000\000\000\000\000\000\000\000\000\000\000\000\000\000\000\000\000\000\000\000\000\000\000\000\000P\0317p\334\264\237\177~\330]\252+:\317u\302h\n\351\n\364\231\277R\371\356\033y\265v\360Nys!\003R7o\362bV\300hf\266\241;}\200^\374\240\203[:\342Q\225\221\027y\372\255\235\216\323~vF0D\002 C\244\177\304,\317\361\020\322""Y|\033\251\t{VCs\035\265\354FlY#o,O)\234u\002 u\203B\305\0265\203\354Km\013G\010\210n\257[\215\305\322\314R\324\345\232\000q\005\365X\036\256""; ","validation: """"\200\000\000\001&\000\000\000 )/\351\253\024:\r\302\353\023?\373\240rQ\246\332qY\262\231\251\n\305\334\202\305\362\n\367@k\231\016R:\327\242\366\242\253LZY\223$GP\027\000\000\000\000\000\000\000\000\000\000\000\000\000\000\000\000\000\000\000\000\000\000\000\000\000\000\000\000\000\000\000\000P\0317p\334\264\237\177~\330]\252+:\317u\302h\n\351\n\364\231\277R\371\356\033y\265v\360Nys!\003R7o\362bV\300hf\266\241;}\200^\374\240\203[:\342Q\225\221\027y\372\255\235\216\323~vF0D\002 C\244\177\304,\317\361\020\322""Y|\033\251\t{VCs\035\265\354FlY#o,O)\234u\002 u\203B\305\0265\203\354Km\013G\010\210n\257[\215\305\322\314R\324\345\232\000q\005\365X\036\256""; "
1750527636657,1750527636658,0,1,3,2,TMValidation,"validation: """"\200\000\000\001&\000\000\000 )/\351\253\024:\r\302\353\023?\373\240rQ\246\332qY\262\231\251\n\305\334\202\305\362\n\367@k\231\016R:\327\242\366\242\253LZY\223$GP\027\000\000\000\000\000\000\000\000\000\000\000\000\000\000\000\000\000\000\000\000\000\000\000\000\000\000\000\000\000\000\000\000P\0317p\334\264\237\177~\330]\252+:\317u\302h\n\351\n\364\231\277R\371\356\033y\265v\360Nys!\003R7o\362bV\300hf\266\241;}\200^\374\240\203[:\342Q\225\221\027y\372\255\235\216\323~vF0D\002 C\244\177\304,\317\361\020\322""Y|\033\251\t{VCs\035\265\354FlY#o,O)\234u\002 u\203B\305\0265\203\354Km\013G\010\210n\257[\215\305\322\314R\324\345\232\000q\005\365X\036\256""; ","validation: """"\200\000\000\001&\000\000\000 )/\351\253\024:\r\302\353\023?\373\240rQ\246\332qY\262\231\251\n\305\334\202\305\362\n\367@k\231\016R:\327\242\366\242\253LZY\223$GP\027\000\000\000\000\000\000\000\000\000\000\000\000\000\000\000\000\000\000\000\000\000\000\000\000\000\000\000\000\000\000\000\000P\0317p\334\264\237\177~\330]\252+:\317u\302h\n\351\n\364\231\277R\371\356\033y\265v\360Nys!\003R7o\362bV\300hf\266\241;}\200^\374\240\203[:\342Q\225\221\027y\372\255\235\216\323~vF0D\002 C\244\177\304,\317\361\020\322""Y|\033\251\t{VCs\035\265\354FlY#o,O)\234u\002 u\203B\305\0265\203\354Km\013G\010\210n\257[\215\305\322\314R\324\345\232\000q\005\365X\036\256""; "
1750527636659,1750527636659,0,1,2,3,TMValidation,"validation: """"\200\000\000\001&\000\000\000 )/\351\253\024:\r\302\353\023?\373\240rQ\246\332qY\262\231\251\n\305\334\202\305\362\n\367@k\231\016R:\327\242\366\242\253LZY\223$GP\027\000\000\000\000\000\000\000\000\000\000\000\000\000\000\000\000\000\000\000\000\000\000\000\000\000\000\000\000\000\000\000\000P\0317p\334\264\237\177~\330]\252+:\317u\302h\n\351\n\364\231\277R\371\356\033y\265v\360Nys!\003R7o\362bV\300hf\266\241;}\200^\374\240\203[:\342Q\225\221\027y\372\255\235\216\323~vF0D\002 C\244\177\304,\317\361\020\322""Y|\033\251\t{VCs\035\265\354FlY#o,O)\234u\002 u\203B\305\0265\203\354Km\013G\010\210n\257[\215\305\322\314R\324\345\232\000q\005\365X\036\256""; ","validation: """"\200\000\000\001&\000\000\000 )/\351\253\024:\r\302\353\023?\373\240rQ\246\332qY\262\231\251\n\305\334\202\305\362\n\367@k\231\016R:\327\242\366\242\253LZY\223$GP\027\000\000\000\000\000\000\000\000\000\000\000\000\000\000\000\000\000\000\000\000\000\000\000\000\000\000\000\000\000\000\000\000P\0317p\334\264\237\177~\330]\252+:\317u\302h\n\351\n\364\231\277R\371\356\033y\265v\360Nys!\003R7o\362bV\300hf\266\241;}\200^\374\240\203[:\342Q\225\221\027y\372\255\235\216\323~vF0D\002 C\244\177\304,\317\361\020\322""Y|\033\251\t{VCs\035\265\354FlY#o,O)\234u\002 u\203B\305\0265\203\354Km\013G\010\210n\257[\215\305\322\314R\324\345\232\000q\005\365X\036\256""; "
1750527636659,1750527636659,0,1,0,1,TMValidation,"validation: """"\200\000\000\001&\000\000\000 )/\351\253\024:\r\302\353\023?\373\240rQ\246\332qY\262\231\251\n\305\334\202\305\362\n\367@k\231\016R:\327\242\366\242\253LZY\223$GP\027\000\000\000\000\000\000\000\000\000\000\000\000\000\000\000\000\000\000\000\000\000\000\000\000\000\000\000\000\000\000\000\000P\0317p\334\264\237\177~\330]\252+:\317u\302h\n\351\n\364\231\277R\371\356\033y\265v\360Nys!\003R7o\362bV\300hf\266\241;}\200^\374\240\203[:\342Q\225\221\027y\372\255\235\216\323~vF0D\002 C\244\177\304,\317\361\020\322""Y|\033\251\t{VCs\035\265\354FlY#o,O)\234u\002 u\203B\305\0265\203\354Km\013G\010\210n\257[\215\305\322\314R\324\345\232\000q\005\365X\036\256""; ","validation: """"\200\000\000\001&\000\000\000 )/\351\253\024:\r\302\353\023?\373\240rQ\246\332qY\262\231\251\n\305\334\202\305\362\n\367@k\231\016R:\327\242\366\242\253LZY\223$GP\027\000\000\000\000\000\000\000\000\000\000\000\000\000\000\000\000\000\000\000\000\000\000\000\000\000\000\000\000\000\000\000\000P\0317p\334\264\237\177~\330]\252+:\317u\302h\n\351\n\364\231\277R\371\356\033y\265v\360Nys!\003R7o\362bV\300hf\266\241;}\200^\374\240\203[:\342Q\225\221\027y\372\255\235\216\323~vF0D\002 C\244\177\304,\317\361\020\322""Y|\033\251\t{VCs\035\265\354FlY#o,O)\234u\002 u\203B\305\0265\203\354Km\013G\010\210n\257[\215\305\322\314R\324\345\232\000q\005\365X\036\256""; "
1750527636660,1750527636660,0,1,2,0,TMValidation,"validation: """"\200\000\000\001&\000\000\000 )/\351\253\024:\r\302\353\023?\373\240rQ\246\332qY\262\231\251\n\305\334\202\305\362\n\367@k\231\016R:\327\242\366\242\253LZY\223$GP\027\000\000\000\000\000\000\000\000\000\000\000\000\000\000\000\000\000\000\000\000\000\000\000\000\000\000\000\000\000\000\000\000P\0317p\334\264\237\177~\330]\252+:\317u\302h\n\351\n\364\231\277R\371\356\033y\265v\360Nys!\003R7o\362bV\300hf\266\241;}\200^\374\240\203[:\342Q\225\221\027y\372\255\235\216\323~vF0D\002 C\244\177\304,\317\361\020\322""Y|\033\251\t{VCs\035\265\354FlY#o,O)\234u\002 u\203B\305\0265\203\354Km\013G\010\210n\257[\215\305\322\314R\324\345\232\000q\005\365X\036\256""; ","validation: """"\200\000\000\001&\000\000\000 )/\351\253\024:\r\302\353\023?\373\240rQ\246\332qY\262\231\251\n\305\334\202\305\362\n\367@k\231\016R:\327\242\366\242\253LZY\223$GP\027\000\000\000\000\000\000\000\000\000\000\000\000\000\000\000\000\000\000\000\000\000\000\000\000\000\000\000\000\000\000\000\000P\0317p\334\264\237\177~\330]\252+:\317u\302h\n\351\n\364\231\277R\371\356\033y\265v\360Nys!\003R7o\362bV\300hf\266\241;}\200^\374\240\203[:\342Q\225\221\027y\372\255\235\216\323~vF0D\002 C\244\177\304,\317\361\020\322""Y|\033\251\t{VCs\035\265\354FlY#o,O)\234u\002 u\203B\305\0265\203\354Km\013G\010\210n\257[\215\305\322\314R\324\345\232\000q\005\365X\036\256""; "
1750527636660,1750527636660,0,1,2,1,TMValidation,"validation: """"\200\000\000\001&\000\000\000 )/\351\253\024:\r\302\353\023?\373\240rQ\246\332qY\262\231\251\n\305\334\202\305\362\n\367@k\231\016R:\327\242\366\242\253LZY\223$GP\027\000\000\000\000\000\000\000\000\000\000\000\000\000\000\000\000\000\000\000\000\000\000\000\000\000\000\000\000\000\000\000\000P\0317p\334\264\237\177~\330]\252+:\317u\302h\n\351\n\364\231\277R\371\356\033y\265v\360Nys!\003R7o\362bV\300hf\266\241;}\200^\374\240\203[:\342Q\225\221\027y\372\255\235\216\323~vF0D\002 C\244\177\304,\317\361\020\322""Y|\033\251\t{VCs\035\265\354FlY#o,O)\234u\002 u\203B\305\0265\203\354Km\013G\010\210n\257[\215\305\322\314R\324\345\232\000q\005\365X\036\256""; ","validation: """"\200\000\000\001&\000\000\000 )/\351\253\024:\r\302\353\023?\373\240rQ\246\332qY\262\231\251\n\305\334\202\305\362\n\367@k\231\016R:\327\242\366\242\253LZY\223$GP\027\000\000\000\000\000\000\000\000\000\000\000\000\000\000\000\000\000\000\000\000\000\000\000\000\000\000\000\000\000\000\000\000P\0317p\334\264\237\177~\330]\252+:\317u\302h\n\351\n\364\231\277R\371\356\033y\265v\360Nys!\003R7o\362bV\300hf\266\241;}\200^\374\240\203[:\342Q\225\221\027y\372\255\235\216\323~vF0D\002 C\244\177\304,\317\361\020\322""Y|\033\251\t{VCs\035\265\354FlY#o,O)\234u\002 u\203B\305\0265\203\354Km\013G\010\210n\257[\215\305\322\314R\324\345\232\000q\005\365X\036\256""; "
1750527636661,1750527636661,0,1,0,2,TMValidation,"validation: """"\200\000\000\001&\000\000\000 )/\351\253\024:\r\302\353\023?\373\240rQ\246\332qY\262\231\251\n\305\334\202\305\362\n\367@k\231\016R:\327\242\366\242\253LZY\223$GP\027\000\000\000\000\000\000\000\000\000\000\000\000\000\000\000\000\000\000\000\000\000\000\000\000\000\000\000\000\000\000\000\000P\0317p\334\264\237\177~\330]\252+:\317u\302h\n\351\n\364\231\277R\371\356\033y\265v\360Nys!\003R7o\362bV\300hf\266\241;}\200^\374\240\203[:\342Q\225\221\027y\372\255\235\216\323~vF0D\002 C\244\177\304,\317\361\020\322""Y|\033\251\t{VCs\035\265\354FlY#o,O)\234u\002 u\203B\305\0265\203\354Km\013G\010\210n\257[\215\305\322\314R\324\345\232\000q\005\365X\036\256""; ","validation: """"\200\000\000\001&\000\000\000 )/\351\253\024:\r\302\353\023?\373\240rQ\246\332qY\262\231\251\n\305\334\202\305\362\n\367@k\231\016R:\327\242\366\242\253LZY\223$GP\027\000\000\000\000\000\000\000\000\000\000\000\000\000\000\000\000\000\000\000\000\000\000\000\000\000\000\000\000\000\000\000\000P\0317p\334\264\237\177~\330]\252+:\317u\302h\n\351\n\364\231\277R\371\356\033y\265v\360Nys!\003R7o\362bV\300hf\266\241;}\200^\374\240\203[:\342Q\225\221\027y\372\255\235\216\323~vF0D\002 C\244\177\304,\317\361\020\322""Y|\033\251\t{VCs\035\265\354FlY#o,O)\234u\002 u\203B\305\0265\203\354Km\013G\010\210n\257[\215\305\322\314R\324\345\232\000q\005\365X\036\256""; "
1750527636661,1750527636661,0,1,0,3,TMValidation,"validation: """"\200\000\000\001&\000\000\000 )/\351\253\024:\r\302\353\023?\373\240rQ\246\332qY\262\231\251\n\305\334\202\305\362\n\367@k\231\016R:\327\242\366\242\253LZY\223$GP\027\000\000\000\000\000\000\000\000\000\000\000\000\000\000\000\000\000\000\000\000\000\000\000\000\000\000\000\000\000\000\000\000P\0317p\334\264\237\177~\330]\252+:\317u\302h\n\351\n\364\231\277R\371\356\033y\265v\360Nys!\003R7o\362bV\300hf\266\241;}\200^\374\240\203[:\342Q\225\221\027y\372\255\235\216\323~vF0D\002 C\244\177\304,\317\361\020\322""Y|\033\251\t{VCs\035\265\354FlY#o,O)\234u\002 u\203B\305\0265\203\354Km\013G\010\210n\257[\215\305\322\314R\324\345\232\000q\005\365X\036\256""; ","validation: """"\200\000\000\001&\000\000\000 )/\351\253\024:\r\302\353\023?\373\240rQ\246\332qY\262\231\251\n\305\334\202\305\362\n\367@k\231\016R:\327\242\366\242\253LZY\223$GP\027\000\000\000\000\000\000\000\000\000\000\000\000\000\000\000\000\000\000\000\000\000\000\000\000\000\000\000\000\000\000\000\000P\0317p\334\264\237\177~\330]\252+:\317u\302h\n\351\n\364\231\277R\371\356\033y\265v\360Nys!\003R7o\362bV\300hf\266\241;}\200^\374\240\203[:\342Q\225\221\027y\372\255\235\216\323~vF0D\002 C\244\177\304,\317\361\020\322""Y|\033\251\t{VCs\035\265\354FlY#o,O)\234u\002 u\203B\305\0265\203\354Km\013G\010\210n\257[\215\305\322\314R\324\345\232\000q\005\365X\036\256""; "
1750527636661,1750527636662,0,1,1,3,TMValidation,"validation: """"\200\000\000\001&\000\000\000 )/\351\253\024:\r\302\353\023?\373\240rQ\246\332qY\262\231\251\n\305\334\202\305\362\n\367@k\231\016R:\327\242\366\242\253LZY\223$GP\027\000\000\000\000\000\000\000\000\000\000\000\000\000\000\000\000\000\000\000\000\000\000\000\000\000\000\000\000\000\000\000\000P\0317p\334\264\237\177~\330]\252+:\317u\302h\n\351\n\364\231\277R\371\356\033y\265v\360Nys!\003R7o\362bV\300hf\266\241;}\200^\374\240\203[:\342Q\225\221\027y\372\255\235\216\323~vF0D\002 C\244\177\304,\317\361\020\322""Y|\033\251\t{VCs\035\265\354FlY#o,O)\234u\002 u\203B\305\0265\203\354Km\013G\010\210n\257[\215\305\322\314R\324\345\232\000q\005\365X\036\256""; ","validation: """"\200\000\000\001&\000\000\000 )/\351\253\024:\r\302\353\023?\373\240rQ\246\332qY\262\231\251\n\305\334\202\305\362\n\367@k\231\016R:\327\242\366\242\253LZY\223$GP\027\000\000\000\000\000\000\000\000\000\000\000\000\000\000\000\000\000\000\000\000\000\000\000\000\000\000\000\000\000\000\000\000P\0317p\334\264\237\177~\330]\252+:\317u\302h\n\351\n\364\231\277R\371\356\033y\265v\360Nys!\003R7o\362bV\300hf\266\241;}\200^\374\240\203[:\342Q\225\221\027y\372\255\235\216\323~vF0D\002 C\244\177\304,\317\361\020\322""Y|\033\251\t{VCs\035\265\354FlY#o,O)\234u\002 u\203B\305\0265\203\354Km\013G\010\210n\257[\215\305\322\314R\324\345\232\000q\005\365X\036\256""; "
1750527636664,1750527636664,0,1,1,0,TMValidation,"validation: """"\200\000\000\001&\000\000\000 )/\351\253\024:\r\302\353\023?\373\240rQ\246\332qY\262\231\251\n\305\334\202\305\362\n\367@k\231\016R:\327\242\366\242\253LZY\223$GP\027\000\000\000\000\000\000\000\000\000\000\000\000\000\000\000\000\000\000\000\000\000\000\000\000\000\000\000\000\000\000\000\000P\0317p\334\264\237\177~\330]\252+:\317u\302h\n\351\n\364\231\277R\371\356\033y\265v\360Nys!\003R7o\362bV\300hf\266\241;}\200^\374\240\203[:\342Q\225\221\027y\372\255\235\216\323~vF0D\002 C\244\177\304,\317\361\020\322""Y|\033\251\t{VCs\035\265\354FlY#o,O)\234u\002 u\203B\305\0265\203\354Km\013G\010\210n\257[\215\305\322\314R\324\345\232\000q\005\365X\036\256""; ","validation: """"\200\000\000\001&\000\000\000 )/\351\253\024:\r\302\353\023?\373\240rQ\246\332qY\262\231\251\n\305\334\202\305\362\n\367@k\231\016R:\327\242\366\242\253LZY\223$GP\027\000\000\000\000\000\000\000\000\000\000\000\000\000\000\000\000\000\000\000\000\000\000\000\000\000\000\000\000\000\000\000\000P\0317p\334\264\237\177~\330]\252+:\317u\302h\n\351\n\364\231\277R\371\356\033y\265v\360Nys!\003R7o\362bV\300hf\266\241;}\200^\374\240\203[:\342Q\225\221\027y\372\255\235\216\323~vF0D\002 C\244\177\304,\317\361\020\322""Y|\033\251\t{VCs\035\265\354FlY#o,O)\234u\002 u\203B\305\0265\203\354Km\013G\010\210n\257[\215\305\322\314R\324\345\232\000q\005\365X\036\256""; "
1750527636664,1750527636664,0,1,1,2,TMValidation,"validation: """"\200\000\000\001&\000\000\000 )/\351\253\024:\r\302\353\023?\373\240rQ\246\332qY\262\231\251\n\305\334\202\305\362\n\367@k\231\016R:\327\242\366\242\253LZY\223$GP\027\000\000\000\000\000\000\000\000\000\000\000\000\000\000\000\000\000\000\000\000\000\000\000\000\000\000\000\000\000\000\000\000P\0317p\334\264\237\177~\330]\252+:\317u\302h\n\351\n\364\231\277R\371\356\033y\265v\360Nys!\003R7o\362bV\300hf\266\241;}\200^\374\240\203[:\342Q\225\221\027y\372\255\235\216\323~vF0D\002 C\244\177\304,\317\361\020\322""Y|\033\251\t{VCs\035\265\354FlY#o,O)\234u\002 u\203B\305\0265\203\354Km\013G\010\210n\257[\215\305\322\314R\324\345\232\000q\005\365X\036\256""; ","validation: """"\200\000\000\001&\000\000\000 )/\351\253\024:\r\302\353\023?\373\240rQ\246\332qY\262\231\251\n\305\334\202\305\362\n\367@k\231\016R:\327\242\366\242\253LZY\223$GP\027\000\000\000\000\000\000\000\000\000\000\000\000\000\000\000\000\000\000\000\000\000\000\000\000\000\000\000\000\000\000\000\000P\0317p\334\264\237\177~\330]\252+:\317u\302h\n\351\n\364\231\277R\371\356\033y\265v\360Nys!\003R7o\362bV\300hf\266\241;}\200^\374\240\203[:\342Q\225\221\027y\372\255\235\216\323~vF0D\002 C\244\177\304,\317\361\020\322""Y|\033\251\t{VCs\035\265\354FlY#o,O)\234u\002 u\203B\305\0265\203\354Km\013G\010\210n\257[\215\305\322\314R\324\345\232\000q\005\365X\036\256""; "
1750527637451,1750527637451,0,1,3,4,TMProposeSet,"proposeSeq: 0; currentTxHash: ""\000\000\000\000\000\000\000\000\000\000\000\000\000\000\000\000\000\000\000\000\000\000\000\000\000\000\000\000\000\000\000\000""; nodePubKey: ""\002\364d\217\366\217|\316F\232\231\241\n\261\333`\312O\367\235\025DD\336e\367\n\312\326\221\037\025\230""; closeTime: 803842837; signature: ""0E\002!\000\261\036\324\177*\003FjEu\023Z\317+\200\352O4D\001L\345\270\342,\220\033\271E\220w8\002 Z\203\024MO\241\262IFc\236?\004\002\016\266+\373Z\3371\361@\2727\260e\336\322\343Y\004""; previousledger: ""\246\332qY\262\231\251\n\305\334\202\305\362\n\367@k\231\016R:\327\242\366\242\253LZY\223$G""; ","proposeSeq: 0; currentTxHash: ""\000\000\000\000\000\000\000\000\000\000\000\000\000\000\000\000\000\000\000\000\000\000\000\000\000\000\000\000\000\000\000\000""; nodePubKey: ""\002\364d\217\366\217|\316F\232\231\241\n\261\333`\312O\367\235\025DD\336e\367\n\312\326\221\037\025\230""; closeTime: 803842837; signature: ""0E\002!\000\261\036\324\177*\003FjEu\023Z\317+\200\352O4D\001L\345\270\342,\220\033\271E\220w8\002 Z\203\024MO\241\262IFc\236?\004\002\016\266+\373Z\3371\361@\2727\260e\336\322\343Y\004""; previousledger: ""\246\332qY\262\231\251\n\305\334\202\305\362\n\367@k\231\016R:\327\242\366\242\253LZY\223$G""; "
1750527637454,1750527637454,0,1,4,2,TMProposeSet,"proposeSeq: 0; currentTxHash: ""\000\000\000\000\000\000\000\000\000\000\000\000\000\000\000\000\000\000\000\000\000\000\000\000\000\000\000\000\000\000\000\000""; nodePubKey: ""\002\364d\217\366\217|\316F\232\231\241\n\261\333`\312O\367\235\025DD\336e\367\n\312\326\221\037\025\230""; closeTime: 803842837; signature: ""0E\002!\000\261\036\324\177*\003FjEu\023Z\317+\200\352O4D\001L\345\270\342,\220\033\271E\220w8\002 Z\203\024MO\241\262IFc\236?\004\002\016\266+\373Z\3371\361@\2727\260e\336\322\343Y\004""; previousledger: ""\246\332qY\262\231\251\n\305\334\202\305\362\n\367@k\231\016R:\327\242\366\242\253LZY\223$G""; ","proposeSeq: 0; currentTxHash: ""\000\000\000\000\000\000\000\000\000\000\000\000\000\000\000\000\000\000\000\000\000\000\000\000\000\000\000\000\000\000\000\000""; nodePubKey: ""\002\364d\217\366\217|\316F\232\231\241\n\261\333`\312O\367\235\025DD\336e\367\n\312\326\221\037\025\230""; closeTime: 803842837; signature: ""0E\002!\000\261\036\324\177*\003FjEu\023Z\317+\200\352O4D\001L\345\270\342,\220\033\271E\220w8\002 Z\203\024MO\241\262IFc\236?\004\002\016\266+\373Z\3371\361@\2727\260e\336\322\343Y\004""; previousledger: ""\246\332qY\262\231\251\n\305\334\202\305\362\n\367@k\231\016R:\327\242\366\242\253LZY\223$G""; "
1750527637454,1750527637455,0,1,4,0,TMProposeSet,"proposeSeq: 0; currentTxHash: ""\000\000\000\000\000\000\000\000\000\000\000\000\000\000\000\000\000\000\000\000\000\000\000\000\000\000\000\000\000\000\000\000""; nodePubKey: ""\002\364d\217\366\217|\316F\232\231\241\n\261\333`\312O\367\235\025DD\336e\367\n\312\326\221\037\025\230""; closeTime: 803842837; signature: ""0E\002!\000\261\036\324\177*\003FjEu\023Z\317+\200\352O4D\001L\345\270\342,\220\033\271E\220w8\002 Z\203\024MO\241\262IFc\236?\004\002\016\266+\373Z\3371\361@\2727\260e\336\322\343Y\004""; previousledger: ""\246\332qY\262\231\251\n\305\334\202\305\362\n\367@k\231\016R:\327\242\366\242\253LZY\223$G""; ","proposeSeq: 0; currentTxHash: ""\000\000\000\000\000\000\000\000\000\000\000\000\000\000\000\000\000\000\000\000\000\000\000\000\000\000\000\000\000\000\000\000""; nodePubKey: ""\002\364d\217\366\217|\316F\232\231\241\n\261\333`\312O\367\235\025DD\336e\367\n\312\326\221\037\025\230""; closeTime: 803842837; signature: ""0E\002!\000\261\036\324\177*\003FjEu\023Z\317+\200\352O4D\001L\345\270\342,\220\033\271E\220w8\002 Z\203\024MO\241\262IFc\236?\004\002\016\266+\373Z\3371\361@\2727\260e\336\322\343Y\004""; previousledger: ""\246\332qY\262\231\251\n\305\334\202\305\362\n\367@k\231\016R:\327\242\366\242\253LZY\223$G""; "
1750527637455,1750527637455,0,1,4,1,TMProposeSet,"proposeSeq: 0; currentTxHash: ""\000\000\000\000\000\000\000\000\000\000\000\000\000\000\000\000\000\000\000\000\000\000\000\000\000\000\000\000\000\000\000\000""; nodePubKey: ""\002\364d\217\366\217|\316F\232\231\241\n\261\333`\312O\367\235\025DD\336e\367\n\312\326\221\037\025\230""; closeTime: 803842837; signature: ""0E\002!\000\261\036\324\177*\003FjEu\023Z\317+\200\352O4D\001L\345\270\342,\220\033\271E\220w8\002 Z\203\024MO\241\262IFc\236?\004\002\016\266+\373Z\3371\361@\2727\260e\336\322\343Y\004""; previousledger: ""\246\332qY\262\231\251\n\305\334\202\305\362\n\367@k\231\016R:\327\242\366\242\253LZY\223$G""; ","proposeSeq: 0; currentTxHash: ""\000\000\000\000\000\000\000\000\000\000\000\000\000\000\000\000\000\000\000\000\000\000\000\000\000\000\000\000\000\000\000\000""; nodePubKey: ""\002\364d\217\366\217|\316F\232\231\241\n\261\333`\312O\367\235\025DD\336e\367\n\312\326\221\037\025\230""; closeTime: 803842837; signature: ""0E\002!\000\261\036\324\177*\003FjEu\023Z\317+\200\352O4D\001L\345\270\342,\220\033\271E\220w8\002 Z\203\024MO\241\262IFc\236?\004\002\016\266+\373Z\3371\361@\2727\260e\336\322\343Y\004""; previousledger: ""\246\332qY\262\231\251\n\305\334\202\305\362\n\367@k\231\016R:\327\242\366\242\253LZY\223$G""; "
1750527637494,1750527637494,0,1,3,1,TMProposeSet,"proposeSeq: 0; currentTxHash: ""\000\000\000\000\000\000\000\000\000\000\000\000\000\000\000\000\000\000\000\000\000\000\000\000\000\000\000\000\000\000\000\000""; nodePubKey: ""\002\364d\217\366\217|\316F\232\231\241\n\261\333`\312O\367\235\025DD\336e\367\n\312\326\221\037\025\230""; closeTime: 803842837; signature: ""0E\002!\000\261\036\324\177*\003FjEu\023Z\317+\200\352O4D\001L\345\270\342,\220\033\271E\220w8\002 Z\203\024MO\241\262IFc\236?\004\002\016\266+\373Z\3371\361@\2727\260e\336\322\343Y\004""; previousledger: ""\246\332qY\262\231\251\n\305\334\202\305\362\n\367@k\231\016R:\327\242\366\242\253LZY\223$G""; ","proposeSeq: 0; currentTxHash: ""\000\000\000\000\000\000\000\000\000\000\000\000\000\000\000\000\000\000\000\000\000\000\000\000\000\000\000\000\000\000\000\000""; nodePubKey: ""\002\364d\217\366\217|\316F\232\231\241\n\261\333`\312O\367\235\025DD\336e\367\n\312\326\221\037\025\230""; closeTime: 803842837; signature: ""0E\002!\000\261\036\324\177*\003FjEu\023Z\317+\200\352O4D\001L\345\270\342,\220\033\271E\220w8\002 Z\203\024MO\241\262IFc\236?\004\002\016\266+\373Z\3371\361@\2727\260e\336\322\343Y\004""; previousledger: ""\246\332qY\262\231\251\n\305\334\202\305\362\n\367@k\231\016R:\327\242\366\242\253LZY\223$G""; "
1750527637495,1750527637495,0,1,3,2,TMProposeSet,"proposeSeq: 0; currentTxHash: ""\000\000\000\000\000\000\000\000\000\000\000\000\000\000\000\000\000\000\000\000\000\000\000\000\000\000\000\000\000\000\000\000""; nodePubKey: ""\002\364d\217\366\217|\316F\232\231\241\n\261\333`\312O\367\235\025DD\336e\367\n\312\326\221\037\025\230""; closeTime: 803842837; signature: ""0E\002!\000\261\036\324\177*\003FjEu\023Z\317+\200\352O4D\001L\345\270\342,\220\033\271E\220w8\002 Z\203\024MO\241\262IFc\236?\004\002\016\266+\373Z\3371\361@\2727\260e\336\322\343Y\004""; previousledger: ""\246\332qY\262\231\251\n\305\334\202\305\362\n\367@k\231\016R:\327\242\366\242\253LZY\223$G""; ","proposeSeq: 0; currentTxHash: ""\000\000\000\000\000\000\000\000\000\000\000\000\000\000\000\000\000\000\000\000\000\000\000\000\000\000\000\000\000\000\000\000""; nodePubKey: ""\002\364d\217\366\217|\316F\232\231\241\n\261\333`\312O\367\235\025DD\336e\367\n\312\326\221\037\025\230""; closeTime: 803842837; signature: ""0E\002!\000\261\036\324\177*\003FjEu\023Z\317+\200\352O4D\001L\345\270\342,\220\033\271E\220w8\002 Z\203\024MO\241\262IFc\236?\004\002\016\266+\373Z\3371\361@\2727\260e\336\322\343Y\004""; previousledger: ""\246\332qY\262\231\251\n\305\334\202\305\362\n\367@k\231\016R:\327\242\366\242\253LZY\223$G""; "
1750527637495,1750527637495,0,1,3,0,TMProposeSet,"proposeSeq: 0; currentTxHash: ""\000\000\000\000\000\000\000\000\000\000\000\000\000\000\000\000\000\000\000\000\000\000\000\000\000\000\000\000\000\000\000\000""; nodePubKey: ""\002\364d\217\366\217|\316F\232\231\241\n\261\333`\312O\367\235\025DD\336e\367\n\312\326\221\037\025\230""; closeTime: 803842837; signature: ""0E\002!\000\261\036\324\177*\003FjEu\023Z\317+\200\352O4D\001L\345\270\342,\220\033\271E\220w8\002 Z\203\024MO\241\262IFc\236?\004\002\016\266+\373Z\3371\361@\2727\260e\336\322\343Y\004""; previousledger: ""\246\332qY\262\231\251\n\305\334\202\305\362\n\367@k\231\016R:\327\242\366\242\253LZY\223$G""; ","proposeSeq: 0; currentTxHash: ""\000\000\000\000\000\000\000\000\000\000\000\000\000\000\000\000\000\000\000\000\000\000\000\000\000\000\000\000\000\000\000\000""; nodePubKey: ""\002\364d\217\366\217|\316F\232\231\241\n\261\333`\312O\367\235\025DD\336e\367\n\312\326\221\037\025\230""; closeTime: 803842837; signature: ""0E\002!\000\261\036\324\177*\003FjEu\023Z\317+\200\352O4D\001L\345\270\342,\220\033\271E\220w8\002 Z\203\024MO\241\262IFc\236?\004\002\016\266+\373Z\3371\361@\2727\260e\336\322\343Y\004""; previousledger: ""\246\332qY\262\231\251\n\305\334\202\305\362\n\367@k\231\016R:\327\242\366\242\253LZY\223$G""; "
1750527637451,1750527637511,0,1,3,2,TMStatusChange,"newEvent: neCLOSING_LEDGER; ledgerSeq: 32; ledgerHash: ""\246\332qY\262\231\251\n\305\334\202\305\362\n\367@k\231\016R:\327\242\366\242\253LZY\223$G""; ledgerHashPrevious: ""7p\334\264\237\177~\330]\252+:\317u\302h\n\351\n\364\231\277R\371\356\033y\265v\360Ny""; networkTime: 803842837; firstSeq: 1; lastSeq: 32; ","newEvent: neCLOSING_LEDGER; ledgerSeq: 32; ledgerHash: ""\246\332qY\262\231\251\n\305\334\202\305\362\n\367@k\231\016R:\327\242\366\242\253LZY\223$G""; ledgerHashPrevious: ""7p\334\264\237\177~\330]\252+:\317u\302h\n\351\n\364\231\277R\371\356\033y\265v\360Ny""; networkTime: 803842837; firstSeq: 1; lastSeq: 32; "
1750527637452,1750527637511,0,1,3,4,TMStatusChange,"newEvent: neCLOSING_LEDGER; ledgerSeq: 32; ledgerHash: ""\246\332qY\262\231\251\n\305\334\202\305\362\n\367@k\231\016R:\327\242\366\242\253LZY\223$G""; ledgerHashPrevious: ""7p\334\264\237\177~\330]\252+:\317u\302h\n\351\n\364\231\277R\371\356\033y\265v\360Ny""; networkTime: 803842837; firstSeq: 1; lastSeq: 32; ","newEvent: neCLOSING_LEDGER; ledgerSeq: 32; ledgerHash: ""\246\332qY\262\231\251\n\305\334\202\305\362\n\367@k\231\016R:\327\242\366\242\253LZY\223$G""; ledgerHashPrevious: ""7p\334\264\237\177~\330]\252+:\317u\302h\n\351\n\364\231\277R\371\356\033y\265v\360Ny""; networkTime: 803842837; firstSeq: 1; lastSeq: 32; "
1750527637453,1750527637512,0,1,3,1,TMStatusChange,"newEvent: neCLOSING_LEDGER; ledgerSeq: 32; ledgerHash: ""\246\332qY\262\231\251\n\305\334\202\305\362\n\367@k\231\016R:\327\242\366\242\253LZY\223$G""; ledgerHashPrevious: ""7p\334\264\237\177~\330]\252+:\317u\302h\n\351\n\364\231\277R\371\356\033y\265v\360Ny""; networkTime: 803842837; firstSeq: 1; lastSeq: 32; ","newEvent: neCLOSING_LEDGER; ledgerSeq: 32; ledgerHash: ""\246\332qY\262\231\251\n\305\334\202\305\362\n\367@k\231\016R:\327\242\366\242\253LZY\223$G""; ledgerHashPrevious: ""7p\334\264\237\177~\330]\252+:\317u\302h\n\351\n\364\231\277R\371\356\033y\265v\360Ny""; networkTime: 803842837; firstSeq: 1; lastSeq: 32; "
1750527637453,1750527637512,0,1,3,0,TMStatusChange,"newEvent: neCLOSING_LEDGER; ledgerSeq: 32; ledgerHash: ""\246\332qY\262\231\251\n\305\334\202\305\362\n\367@k\231\016R:\327\242\366\242\253LZY\223$G""; ledgerHashPrevious: ""7p\334\264\237\177~\330]\252+:\317u\302h\n\351\n\364\231\277R\371\356\033y\265v\360Ny""; networkTime: 803842837; firstSeq: 1; lastSeq: 32; ","newEvent: neCLOSING_LEDGER; ledgerSeq: 32; ledgerHash: ""\246\332qY\262\231\251\n\305\334\202\305\362\n\367@k\231\016R:\327\242\366\242\253LZY\223$G""; ledgerHashPrevious: ""7p\334\264\237\177~\330]\252+:\317u\302h\n\351\n\364\231\277R\371\356\033y\265v\360Ny""; networkTime: 803842837; firstSeq: 1; lastSeq: 32; "
1750527637615,1750527637615,0,1,4,1,TMProposeSet,"proposeSeq: 0; currentTxHash: ""\000\000\000\000\000\000\000\000\000\000\000\000\000\000\000\000\000\000\000\000\000\000\000\000\000\000\000\000\000\000\000\000""; nodePubKey: ""\003R7o\362bV\300hf\266\241;}\200^\374\240\203[:\342Q\225\221\027y\372\255\235\216\323~""; closeTime: 803842837; signature: ""0D\002 'v\261E\215\200G_\001&\016\254\n\255\264\302U\261\036\211\241\324\031F\342\356\224<s\020|}\002 jU\330\235i\252\366&\302\264'\316|\334u\257=\2667\225\344\235\250\307\000\252\010hB|m\036""; previousledger: ""\246\332qY\262\231\251\n\305\334\202\305\362\n\367@k\231\016R:\327\242\366\242\253LZY\223$G""; ","proposeSeq: 0; currentTxHash: ""\000\000\000\000\000\000\000\000\000\000\000\000\000\000\000\000\000\000\000\000\000\000\000\000\000\000\000\000\000\000\000\000""; nodePubKey: ""\003R7o\362bV\300hf\266\241;}\200^\374\240\203[:\342Q\225\221\027y\372\255\235\216\323~""; closeTime: 803842837; signature: ""0D\002 'v\261E\215\200G_\001&\016\254\n\255\264\302U\261\036\211\241\324\031F\342\356\224<s\020|}\002 jU\330\235i\252\366&\302\264'\316|\334u\257=\2667\225\344\235\250\307\000\252\010hB|m\036""; previousledger: ""\246\332qY\262\231\251\n\305\334\202\305\362\n\367@k\231\016R:\327\242\366\242\253LZY\223$G""; "
1750527637615,1750527637615,0,1,4,3,TMProposeSet,"proposeSeq: 0; currentTxHash: ""\000\000\000\000\000\000\000\000\000\000\000\000\000\000\000\000\000\000\000\000\000\000\000\000\000\000\000\000\000\000\000\000""; nodePubKey: ""\003R7o\362bV\300hf\266\241;}\200^\374\240\203[:\342Q\225\221\027y\372\255\235\216\323~""; closeTime: 803842837; signature: ""0D\002 'v\261E\215\200G_\001&\016\254\n\255\264\302U\261\036\211\241\324\031F\342\356\224<s\020|}\002 jU\330\235i\252\366&\302\264'\316|\334u\257=\2667\225\344\235\250\307\000\252\010hB|m\036""; previousledger: ""\246\332qY\262\231\251\n\305\334\202\305\362\n\367@k\231\016R:\327\242\366\242\253LZY\223$G""; ","proposeSeq: 0; currentTxHash: ""\000\000\000\000\000\000\000\000\000\000\000\000\000\000\000\000\000\000\000\000\000\000\000\000\000\000\000\000\000\000\000\000""; nodePubKey: ""\003R7o\362bV\300hf\266\241;}\200^\374\240\203[:\342Q\225\221\027y\372\255\235\216\323~""; closeTime: 803842837; signature: ""0D\002 'v\261E\215\200G_\001&\016\254\n\255\264\302U\261\036\211\241\324\031F\342\356\224<s\020|}\002 jU\330\235i\252\366&\302\264'\316|\334u\257=\2667\225\344\235\250\307\000\252\010hB|m\036""; previousledger: ""\246\332qY\262\231\251\n\305\334\202\305\362\n\367@k\231\016R:\327\242\366\242\253LZY\223$G""; "
1750527637615,1750527637616,0,1,4,2,TMProposeSet,"proposeSeq: 0; currentTxHash: ""\000\000\000\000\000\000\000\000\000\000\000\000\000\000\000\000\000\000\000\000\000\000\000\000\000\000\000\000\000\000\000\000""; nodePubKey: ""\003R7o\362bV\300hf\266\241;}\200^\374\240\203[:\342Q\225\221\027y\372\255\235\216\323~""; closeTime: 803842837; signature: ""0D\002 'v\261E\215\200G_\001&\016\254\n\255\264\302U\261\036\211\241\324\031F\342\356\224<s\020|}\002 jU\330\235i\252\366&\302\264'\316|\334u\257=\2667\225\344\235\250\307\000\252\010hB|m\036""; previousledger: ""\246\332qY\262\231\251\n\305\334\202\305\362\n\367@k\231\016R:\327\242\366\242\253LZY\223$G""; ","proposeSeq: 0; currentTxHash: ""\000\000\000\000\000\000\000\000\000\000\000\000\000\000\000\000\000\000\000\000\000\000\000\000\000\000\000\000\000\000\000\000""; nodePubKey: ""\003R7o\362bV\300hf\266\241;}\200^\374\240\203[:\342Q\225\221\027y\372\255\235\216\323~""; closeTime: 803842837; signature: ""0D\002 'v\261E\215\200G_\001&\016\254\n\255\264\302U\261\036\211\241\324\031F\342\356\224<s\020|}\002 jU\330\235i\252\366&\302\264'\316|\334u\257=\2667\225\344\235\250\307\000\252\010hB|m\036""; previousledger: ""\246\332qY\262\231\251\n\305\334\202\305\362\n\367@k\231\016R:\327\242\366\242\253LZY\223$G""; "
1750527637617,1750527637617,0,1,4,0,TMProposeSet,"proposeSeq: 0; currentTxHash: ""\000\000\000\000\000\000\000\000\000\000\000\000\000\000\000\000\000\000\000\000\000\000\000\000\000\000\000\000\000\000\000\000""; nodePubKey: ""\003R7o\362bV\300hf\266\241;}\200^\374\240\203[:\342Q\225\221\027y\372\255\235\216\323~""; closeTime: 803842837; signature: ""0D\002 'v\261E\215\200G_\001&\016\254\n\255\264\302U\261\036\211\241\324\031F\342\356\224<s\020|}\002 jU\330\235i\252\366&\302\264'\316|\334u\257=\2667\225\344\235\250\307\000\252\010hB|m\036""; previousledger: ""\246\332qY\262\231\251\n\305\334\202\305\362\n\367@k\231\016R:\327\242\366\242\253LZY\223$G""; ","proposeSeq: 0; currentTxHash: ""\000\000\000\000\000\000\000\000\000\000\000\000\000\000\000\000\000\000\000\000\000\000\000\000\000\000\000\000\000\000\000\000""; nodePubKey: ""\003R7o\362bV\300hf\266\241;}\200^\374\240\203[:\342Q\225\221\027y\372\255\235\216\323~""; closeTime: 803842837; signature: ""0D\002 'v\261E\215\200G_\001&\016\254\n\255\264\302U\261\036\211\241\324\031F\342\356\224<s\020|}\002 jU\330\235i\252\366&\302\264'\316|\334u\257=\2667\225\344\235\250\307\000\252\010hB|m\036""; previousledger: ""\246\332qY\262\231\251\n\305\334\202\305\362\n\367@k\231\016R:\327\242\366\242\253LZY\223$G""; "
1750527637619,1750527637619,0,1,3,1,TMProposeSet,"proposeSeq: 0; currentTxHash: ""\000\000\000\000\000\000\000\000\000\000\000\000\000\000\000\000\000\000\000\000\000\000\000\000\000\000\000\000\000\000\000\000""; nodePubKey: ""\003R7o\362bV\300hf\266\241;}\200^\374\240\203[:\342Q\225\221\027y\372\255\235\216\323~""; closeTime: 803842837; signature: ""0D\002 'v\261E\215\200G_\001&\016\254\n\255\264\302U\261\036\211\241\324\031F\342\356\224<s\020|}\002 jU\330\235i\252\366&\302\264'\316|\334u\257=\2667\225\344\235\250\307\000\252\010hB|m\036""; previousledger: ""\246\332qY\262\231\251\n\305\334\202\305\362\n\367@k\231\016R:\327\242\366\242\253LZY\223$G""; ","proposeSeq: 0; currentTxHash: ""\000\000\000\000\000\000\000\000\000\000\000\000\000\000\000\000\000\000\000\000\000\000\000\000\000\000\000\000\000\000\000\000""; nodePubKey: ""\003R7o\362bV\300hf\266\241;}\200^\374\240\203[:\342Q\225\221\027y\372\255\235\216\323~""; closeTime: 803842837; signature: ""0D\002 'v\261E\215\200G_\001&\016\254\n\255\264\302U\261\036\211\241\324\031F\342\356\224<s\020|}\002 jU\330\235i\252\366&\302\264'\316|\334u\257=\2667\225\344\235\250\307\000\252\010hB|m\036""; previousledger: ""\246\332qY\262\231\251\n\305\334\202\305\362\n\367@k\231\016R:\327\242\366\242\253LZY\223$G""; "
1750527637620,1750527637620,0,1,3,0,TMProposeSet,"proposeSeq: 0; currentTxHash: ""\000\000\000\000\000\000\000\000\000\000\000\000\000\000\000\000\000\000\000\000\000\000\000\000\000\000\000\000\000\000\000\000""; nodePubKey: ""\003R7o\362bV\300hf\266\241;}\200^\374\240\203[:\342Q\225\221\027y\372\255\235\216\323~""; closeTime: 803842837; signature: ""0D\002 'v\261E\215\200G_\001&\016\254\n\255\264\302U\261\036\211\241\324\031F\342\356\224<s\020|}\002 jU\330\235i\252\366&\302\264'\316|\334u\257=\2667\225\344\235\250\307\000\252\010hB|m\036""; previousledger: ""\246\332qY\262\231\251\n\305\334\202\305\362\n\367@k\231\016R:\327\242\366\242\253LZY\223$G""; ","proposeSeq: 0; currentTxHash: ""\000\000\000\000\000\000\000\000\000\000\000\000\000\000\000\000\000\000\000\000\000\000\000\000\000\000\000\000\000\000\000\000""; nodePubKey: ""\003R7o\362bV\300hf\266\241;}\200^\374\240\203[:\342Q\225\221\027y\372\255\235\216\323~""; closeTime: 803842837; signature: ""0D\002 'v\261E\215\200G_\001&\016\254\n\255\264\302U\261\036\211\241\324\031F\342\356\224<s\020|}\002 jU\330\235i\252\366&\302\264'\316|\334u\257=\2667\225\344\235\250\307\000\252\010hB|m\036""; previousledger: ""\246\332qY\262\231\251\n\305\334\202\305\362\n\367@k\231\016R:\327\242\366\242\253LZY\223$G""; "
1750527637620,1750527637620,0,1,3,2,TMProposeSet,"proposeSeq: 0; currentTxHash: ""\000\000\000\000\000\000\000\000\000\000\000\000\000\000\000\000\000\000\000\000\000\000\000\000\000\000\000\000\000\000\000\000""; nodePubKey: ""\003R7o\362bV\300hf\266\241;}\200^\374\240\203[:\342Q\225\221\027y\372\255\235\216\323~""; closeTime: 803842837; signature: ""0D\002 'v\261E\215\200G_\001&\016\254\n\255\264\302U\261\036\211\241\324\031F\342\356\224<s\020|}\002 jU\330\235i\252\366&\302\264'\316|\334u\257=\2667\225\344\235\250\307\000\252\010hB|m\036""; previousledger: ""\246\332qY\262\231\251\n\305\334\202\305\362\n\367@k\231\016R:\327\242\366\242\253LZY\223$G""; ","proposeSeq: 0; currentTxHash: ""\000\000\000\000\000\000\000\000\000\000\000\000\000\000\000\000\000\000\000\000\000\000\000\000\000\000\000\000\000\000\000\000""; nodePubKey: ""\003R7o\362bV\300hf\266\241;}\200^\374\240\203[:\342Q\225\221\027y\372\255\235\216\323~""; closeTime: 803842837; signature: ""0D\002 'v\261E\215\200G_\001&\016\254\n\255\264\302U\261\036\211\241\324\031F\342\356\224<s\020|}\002 jU\330\235i\252\366&\302\264'\316|\334u\257=\2667\225\344\235\250\307\000\252\010hB|m\036""; previousledger: ""\246\332qY\262\231\251\n\305\334\202\305\362\n\367@k\231\016R:\327\242\366\242\253LZY\223$G""; "
1750527637613,1750527637687,0,1,4,3,TMStatusChange,"newEvent: neCLOSING_LEDGER; ledgerSeq: 32; ledgerHash: ""\246\332qY\262\231\251\n\305\334\202\305\362\n\367@k\231\016R:\327\242\366\242\253LZY\223$G""; ledgerHashPrevious: ""7p\334\264\237\177~\330]\252+:\317u\302h\n\351\n\364\231\277R\371\356\033y\265v\360Ny""; networkTime: 803842837; firstSeq: 1; lastSeq: 32; ","newEvent: neCLOSING_LEDGER; ledgerSeq: 32; ledgerHash: ""\246\332qY\262\231\251\n\305\334\202\305\362\n\367@k\231\016R:\327\242\366\242\253LZY\223$G""; ledgerHashPrevious: ""7p\334\264\237\177~\330]\252+:\317u\302h\n\351\n\364\231\277R\371\356\033y\265v\360Ny""; networkTime: 803842837; firstSeq: 1; lastSeq: 32; "
1750527637617,1750527637688,0,1,4,2,TMStatusChange,"newEvent: neCLOSING_LEDGER; ledgerSeq: 32; ledgerHash: ""\246\332qY\262\231\251\n\305\334\202\305\362\n\367@k\231\016R:\327\242\366\242\253LZY\223$G""; ledgerHashPrevious: ""7p\334\264\237\177~\330]\252+:\317u\302h\n\351\n\364\231\277R\371\356\033y\265v\360Ny""; networkTime: 803842837; firstSeq: 1; lastSeq: 32; ","newEvent: neCLOSING_LEDGER; ledgerSeq: 32; ledgerHash: ""\246\332qY\262\231\251\n\305\334\202\305\362\n\367@k\231\016R:\327\242\366\242\253LZY\223$G""; ledgerHashPrevious: ""7p\334\264\237\177~\330]\252+:\317u\302h\n\351\n\364\231\277R\371\356\033y\265v\360Ny""; networkTime: 803842837; firstSeq: 1; lastSeq: 32; "
1750527637616,1750527637687,0,1,4,0,TMStatusChange,"newEvent: neCLOSING_LEDGER; ledgerSeq: 32; ledgerHash: ""\246\332qY\262\231\251\n\305\334\202\305\362\n\367@k\231\016R:\327\242\366\242\253LZY\223$G""; ledgerHashPrevious: ""7p\334\264\237\177~\330]\252+:\317u\302h\n\351\n\364\231\277R\371\356\033y\265v\360Ny""; networkTime: 803842837; firstSeq: 1; lastSeq: 32; ","newEvent: neCLOSING_LEDGER; ledgerSeq: 32; ledgerHash: ""\246\332qY\262\231\251\n\305\334\202\305\362\n\367@k\231\016R:\327\242\366\242\253LZY\223$G""; ledgerHashPrevious: ""7p\334\264\237\177~\330]\252+:\317u\302h\n\351\n\364\231\277R\371\356\033y\265v\360Ny""; networkTime: 803842837; firstSeq: 1; lastSeq: 32; "
1750527637615,1750527637687,0,1,4,1,TMStatusChange,"newEvent: neCLOSING_LEDGER; ledgerSeq: 32; ledgerHash: ""\246\332qY\262\231\251\n\305\334\202\305\362\n\367@k\231\016R:\327\242\366\242\253LZY\223$G""; ledgerHashPrevious: ""7p\334\264\237\177~\330]\252+:\317u\302h\n\351\n\364\231\277R\371\356\033y\265v\360Ny""; networkTime: 803842837; firstSeq: 1; lastSeq: 32; ","newEvent: neCLOSING_LEDGER; ledgerSeq: 32; ledgerHash: ""\246\332qY\262\231\251\n\305\334\202\305\362\n\367@k\231\016R:\327\242\366\242\253LZY\223$G""; ledgerHashPrevious: ""7p\334\264\237\177~\330]\252+:\317u\302h\n\351\n\364\231\277R\371\356\033y\265v\360Ny""; networkTime: 803842837; firstSeq: 1; lastSeq: 32; "
1750527639452,1750527639452,0,1,3,4,TMValidation,"validation: """"\200\000\000\001&\000\000\000!)/\351\253\027:p\210\265\307-\212\200\004Qw^\203\302\311\316I7\371tTwp}\005|\372\214\251{R`\230V\244-\326I\351\255\325iP\027\000\000\000\000\000\000\000\000\000\000\000\000\000\000\000\000\000\000\000\000\000\000\000\000\000\000\000\000\000\000\000\000P\031\246\332qY\262\231\251\n\305\334\202\305\362\n\367@k\231\016R:\327\242\366\242\253LZY\223$Gs!\002\364d\217\366\217|\316F\232\231\241\n\261\333`\312O\367\235\025DD\336e\367\n\312\326\221\037\025\230vF0D\002 s\343\000i\266\356\004\005!}\024\336\213\345\014\333\246\244\007\255,\235-\267\210\330\347\261\325uQ9\002 }\302zI\342#\375\241Y\212K\241f\027\354\250^cx\002\310\367}\340\2445\240\302!\260\302\264""; ","validation: """"\200\000\000\001&\000\000\000!)/\351\253\027:p\210\265\307-\212\200\004Qw^\203\302\311\316I7\371tTwp}\005|\372\214\251{R`\230V\244-\326I\351\255\325iP\027\000\000\000\000\000\000\000\000\000\000\000\000\000\000\000\000\000\000\000\000\000\000\000\000\000\000\000\000\000\000\000\000P\031\246\332qY\262\231\251\n\305\334\202\305\362\n\367@k\231\016R:\327\242\366\242\253LZY\223$Gs!\002\364d\217\366\217|\316F\232\231\241\n\261\333`\312O\367\235\025DD\336e\367\n\312\326\221\037\025\230vF0D\002 s\343\000i\266\356\004\005!}\024\336\213\345\014\333\246\244\007\255,\235-\267\210\330\347\261\325uQ9\002 }\302zI\342#\375\241Y\212K\241f\027\354\250^cx\002\310\367}\340\2445\240\302!\260\302\264""; "
1750527639452,1750527639452,0,1,3,4,TMStatusChange,"newEvent: neACCEPTED_LEDGER; ledgerSeq: 33; ledgerHash: ""w^\203\302\311\316I7\371tTwp}\005|\372\214\251{R`\230V\244-\326I\351\255\325i""; ledgerHashPrevious: ""\246\332qY\262\231\251\n\305\334\202\305\362\n\367@k\231\016R:\327\242\366\242\253LZY\223$G""; networkTime: 803842839; firstSeq: 1; lastSeq: 32; ","newEvent: neACCEPTED_LEDGER; ledgerSeq: 33; ledgerHash: ""w^\203\302\311\316I7\371tTwp}\005|\372\214\251{R`\230V\244-\326I\351\255\325i""; ledgerHashPrevious: ""\246\332qY\262\231\251\n\305\334\202\305\362\n\367@k\231\016R:\327\242\366\242\253LZY\223$G""; networkTime: 803842839; firstSeq: 1; lastSeq: 32; "
1750527639453,1750527639453,0,1,3,2,TMValidation,"validation: """"\200\000\000\001&\000\000\000!)/\351\253\027:p\210\265\307-\212\200\004Qw^\203\302\311\316I7\371tTwp}\005|\372\214\251{R`\230V\244-\326I\351\255\325iP\027\000\000\000\000\000\000\000\000\000\000\000\000\000\000\000\000\000\000\000\000\000\000\000\000\000\000\000\000\000\000\000\000P\031\246\332qY\262\231\251\n\305\334\202\305\362\n\367@k\231\016R:\327\242\366\242\253LZY\223$Gs!\002\364d\217\366\217|\316F\232\231\241\n\261\333`\312O\367\235\025DD\336e\367\n\312\326\221\037\025\230vF0D\002 s\343\000i\266\356\004\005!}\024\336\213\345\014\333\246\244\007\255,\235-\267\210\330\347\261\325uQ9\002 }\302zI\342#\375\241Y\212K\241f\027\354\250^cx\002\310\367}\340\2445\240\302!\260\302\264""; ","validation: """"\200\000\000\001&\000\000\000!)/\351\253\027:p\210\265\307-\212\200\004Qw^\203\302\311\316I7\371tTwp}\005|\372\214\251{R`\230V\244-\326I\351\255\325iP\027\000\000\000\000\000\000\000\000\000\000\000\000\000\000\000\000\000\000\000\000\000\000\000\000\000\000\000\000\000\000\000\000P\031\246\332qY\262\231\251\n\305\334\202\305\362\n\367@k\231\016R:\327\242\366\242\253LZY\223$Gs!\002\364d\217\366\217|\316F\232\231\241\n\261\333`\312O\367\235\025DD\336e\367\n\312\326\221\037\025\230vF0D\002 s\343\000i\266\356\004\005!}\024\336\213\345\014\333\246\244\007\255,\235-\267\210\330\347\261\325uQ9\002 }\302zI\342#\375\241Y\212K\241f\027\354\250^cx\002\310\367}\340\2445\240\302!\260\302\264""; "
1750527639454,1750527639454,0,1,3,2,TMStatusChange,"newEvent: neACCEPTED_LEDGER; ledgerSeq: 33; ledgerHash: ""w^\203\302\311\316I7\371tTwp}\005|\372\214\251{R`\230V\244-\326I\351\255\325i""; ledgerHashPrevious: ""\246\332qY\262\231\251\n\305\334\202\305\362\n\367@k\231\016R:\327\242\366\242\253LZY\223$G""; networkTime: 803842839; firstSeq: 1; lastSeq: 32; ","newEvent: neACCEPTED_LEDGER; ledgerSeq: 33; ledgerHash: ""w^\203\302\311\316I7\371tTwp}\005|\372\214\251{R`\230V\244-\326I\351\255\325i""; ledgerHashPrevious: ""\246\332qY\262\231\251\n\305\334\202\305\362\n\367@k\231\016R:\327\242\366\242\253LZY\223$G""; networkTime: 803842839; firstSeq: 1; lastSeq: 32; "
1750527639455,1750527639455,0,1,3,1,TMStatusChange,"newEvent: neACCEPTED_LEDGER; ledgerSeq: 33; ledgerHash: ""w^\203\302\311\316I7\371tTwp}\005|\372\214\251{R`\230V\244-\326I\351\255\325i""; ledgerHashPrevious: ""\246\332qY\262\231\251\n\305\334\202\305\362\n\367@k\231\016R:\327\242\366\242\253LZY\223$G""; networkTime: 803842839; firstSeq: 1; lastSeq: 32; ","newEvent: neACCEPTED_LEDGER; ledgerSeq: 33; ledgerHash: ""w^\203\302\311\316I7\371tTwp}\005|\372\214\251{R`\230V\244-\326I\351\255\325i""; ledgerHashPrevious: ""\246\332qY\262\231\251\n\305\334\202\305\362\n\367@k\231\016R:\327\242\366\242\253LZY\223$G""; networkTime: 803842839; firstSeq: 1; lastSeq: 32; "
1750527639456,1750527639456,0,1,3,1,TMValidation,"validation: """"\200\000\000\001&\000\000\000!)/\351\253\027:p\210\265\307-\212\200\004Qw^\203\302\311\316I7\371tTwp}\005|\372\214\251{R`\230V\244-\326I\351\255\325iP\027\000\000\000\000\000\000\000\000\000\000\000\000\000\000\000\000\000\000\000\000\000\000\000\000\000\000\000\000\000\000\000\000P\031\246\332qY\262\231\251\n\305\334\202\305\362\n\367@k\231\016R:\327\242\366\242\253LZY\223$Gs!\002\364d\217\366\217|\316F\232\231\241\n\261\333`\312O\367\235\025DD\336e\367\n\312\326\221\037\025\230vF0D\002 s\343\000i\266\356\004\005!}\024\336\213\345\014\333\246\244\007\255,\235-\267\210\330\347\261\325uQ9\002 }\302zI\342#\375\241Y\212K\241f\027\354\250^cx\002\310\367}\340\2445\240\302!\260\302\264""; ","validation: """"\200\000\000\001&\000\000\000!)/\351\253\027:p\210\265\307-\212\200\004Qw^\203\302\311\316I7\371tTwp}\005|\372\214\251{R`\230V\244-\326I\351\255\325iP\027\000\000\000\000\000\000\000\000\000\000\000\000\000\000\000\000\000\000\000\000\000\000\000\000\000\000\000\000\000\000\000\000P\031\246\332qY\262\231\251\n\305\334\202\305\362\n\367@k\231\016R:\327\242\366\242\253LZY\223$Gs!\002\364d\217\366\217|\316F\232\231\241\n\261\333`\312O\367\235\025DD\336e\367\n\312\326\221\037\025\230vF0D\002 s\343\000i\266\356\004\005!}\024\336\213\345\014\333\246\244\007\255,\235-\267\210\330\347\261\325uQ9\002 }\302zI\342#\375\241Y\212K\241f\027\354\250^cx\002\310\367}\340\2445\240\302!\260\302\264""; "
1750527639456,1750527639456,0,1,3,0,TMStatusChange,"newEvent: neACCEPTED_LEDGER; ledgerSeq: 33; ledgerHash: ""w^\203\302\311\316I7\371tTwp}\005|\372\214\251{R`\230V\244-\326I\351\255\325i""; ledgerHashPrevious: ""\246\332qY\262\231\251\n\305\334\202\305\362\n\367@k\231\016R:\327\242\366\242\253LZY\223$G""; networkTime: 803842839; firstSeq: 1; lastSeq: 32; ","newEvent: neACCEPTED_LEDGER; ledgerSeq: 33; ledgerHash: ""w^\203\302\311\316I7\371tTwp}\005|\372\214\251{R`\230V\244-\326I\351\255\325i""; ledgerHashPrevious: ""\246\332qY\262\231\251\n\305\334\202\305\362\n\367@k\231\016R:\327\242\366\242\253LZY\223$G""; networkTime: 803842839; firstSeq: 1; lastSeq: 32; "
1750527639457,1750527639457,0,1,3,0,TMValidation,"validation: """"\200\000\000\001&\000\000\000!)/\351\253\027:p\210\265\307-\212\200\004Qw^\203\302\311\316I7\371tTwp}\005|\372\214\251{R`\230V\244-\326I\351\255\325iP\027\000\000\000\000\000\000\000\000\000\000\000\000\000\000\000\000\000\000\000\000\000\000\000\000\000\000\000\000\000\000\000\000P\031\246\332qY\262\231\251\n\305\334\202\305\362\n\367@k\231\016R:\327\242\366\242\253LZY\223$Gs!\002\364d\217\366\217|\316F\232\231\241\n\261\333`\312O\367\235\025DD\336e\367\n\312\326\221\037\025\230vF0D\002 s\343\000i\266\356\004\005!}\024\336\213\345\014\333\246\244\007\255,\235-\267\210\330\347\261\325uQ9\002 }\302zI\342#\375\241Y\212K\241f\027\354\250^cx\002\310\367}\340\2445\240\302!\260\302\264""; ","validation: """"\200\000\000\001&\000\000\000!)/\351\253\027:p\210\265\307-\212\200\004Qw^\203\302\311\316I7\371tTwp}\005|\372\214\251{R`\230V\244-\326I\351\255\325iP\027\000\000\000\000\000\000\000\000\000\000\000\000\000\000\000\000\000\000\000\000\000\000\000\000\000\000\000\000\000\000\000\000P\031\246\332qY\262\231\251\n\305\334\202\305\362\n\367@k\231\016R:\327\242\366\242\253LZY\223$Gs!\002\364d\217\366\217|\316F\232\231\241\n\261\333`\312O\367\235\025DD\336e\367\n\312\326\221\037\025\230vF0D\002 s\343\000i\266\356\004\005!}\024\336\213\345\014\333\246\244\007\255,\235-\267\210\330\347\261\325uQ9\002 }\302zI\342#\375\241Y\212K\241f\027\354\250^cx\002\310\367}\340\2445\240\302!\260\302\264""; "
1750527639458,1750527639458,0,1,4,2,TMValidation,"validation: """"\200\000\000\001&\000\000\000!)/\351\253\027:p\210\265\307-\212\200\004Qw^\203\302\311\316I7\371tTwp}\005|\372\214\251{R`\230V\244-\326I\351\255\325iP\027\000\000\000\000\000\000\000\000\000\000\000\000\000\000\000\000\000\000\000\000\000\000\000\000\000\000\000\000\000\000\000\000P\031\246\332qY\262\231\251\n\305\334\202\305\362\n\367@k\231\016R:\327\242\366\242\253LZY\223$Gs!\002\364d\217\366\217|\316F\232\231\241\n\261\333`\312O\367\235\025DD\336e\367\n\312\326\221\037\025\230vF0D\002 s\343\000i\266\356\004\005!}\024\336\213\345\014\333\246\244\007\255,\235-\267\210\330\347\261\325uQ9\002 }\302zI\342#\375\241Y\212K\241f\027\354\250^cx\002\310\367}\340\2445\240\302!\260\302\264""; ","validation: """"\200\000\000\001&\000\000\000!)/\351\253\027:p\210\265\307-\212\200\004Qw^\203\302\311\316I7\371tTwp}\005|\372\214\251{R`\230V\244-\326I\351\255\325iP\027\000\000\000\000\000\000\000\000\000\000\000\000\000\000\000\000\000\000\000\000\000\000\000\000\000\000\000\000\000\000\000\000P\031\246\332qY\262\231\251\n\305\334\202\305\362\n\367@k\231\016R:\327\242\366\242\253LZY\223$Gs!\002\364d\217\366\217|\316F\232\231\241\n\261\333`\312O\367\235\025DD\336e\367\n\312\326\221\037\025\230vF0D\002 s\343\000i\266\356\004\005!}\024\336\213\345\014\333\246\244\007\255,\235-\267\210\330\347\261\325uQ9\002 }\302zI\342#\375\241Y\212K\241f\027\354\250^cx\002\310\367}\340\2445\240\302!\260\302\264""; "
1750527639458,1750527639458,0,1,4,0,TMGetLedger,"itype: liBASE; ledgerHash: ""w^\203\302\311\316I7\371tTwp}\005|\372\214\251{R`\230V\244-\326I\351\255\325i""; queryType: qtINDIRECT; ","itype: liBASE; ledgerHash: ""w^\203\302\311\316I7\371tTwp}\005|\372\214\251{R`\230V\244-\326I\351\255\325i""; queryType: qtINDIRECT; "
1750527639459,1750527639459,0,1,4,2,TMGetLedger,"itype: liBASE; ledgerHash: ""w^\203\302\311\316I7\371tTwp}\005|\372\214\251{R`\230V\244-\326I\351\255\325i""; queryType: qtINDIRECT; ","itype: liBASE; ledgerHash: ""w^\203\302\311\316I7\371tTwp}\005|\372\214\251{R`\230V\244-\326I\351\255\325i""; queryType: qtINDIRECT; "
1750527639459,1750527639459,0,1,4,0,TMGetLedger,"itype: liBASE; ledgerHash: ""w^\203\302\311\316I7\371tTwp}\005|\372\214\251{R`\230V\244-\326I\351\255\325i""; ","itype: liBASE; ledgerHash: ""w^\203\302\311\316I7\371tTwp}\005|\372\214\251{R`\230V\244-\326I\351\255\325i""; "
1750527639460,1750527639460,0,1,4,0,TMValidation,"validation: """"\200\000\000\001&\000\000\000!)/\351\253\027:p\210\265\307-\212\200\004Qw^\203\302\311\316I7\371tTwp}\005|\372\214\251{R`\230V\244-\326I\351\255\325iP\027\000\000\000\000\000\000\000\000\000\000\000\000\000\000\000\000\000\000\000\000\000\000\000\000\000\000\000\000\000\000\000\000P\031\246\332qY\262\231\251\n\305\334\202\305\362\n\367@k\231\016R:\327\242\366\242\253LZY\223$Gs!\002\364d\217\366\217|\316F\232\231\241\n\261\333`\312O\367\235\025DD\336e\367\n\312\326\221\037\025\230vF0D\002 s\343\000i\266\356\004\005!}\024\336\213\345\014\333\246\244\007\255,\235-\267\210\330\347\261\325uQ9\002 }\302zI\342#\375\241Y\212K\241f\027\354\250^cx\002\310\367}\340\2445\240\302!\260\302\264""; ","validation: """"\200\000\000\001&\000\000\000!)/\351\253\027:p\210\265\307-\212\200\004Qw^\203\302\311\316I7\371tTwp}\005|\372\214\251{R`\230V\244-\326I\351\255\325iP\027\000\000\000\000\000\000\000\000\000\000\000\000\000\000\000\000\000\000\000\000\000\000\000\000\000\000\000\000\000\000\000\000P\031\246\332qY\262\231\251\n\305\334\202\305\362\n\367@k\231\016R:\327\242\366\242\253LZY\223$Gs!\002\364d\217\366\217|\316F\232\231\241\n\261\333`\312O\367\235\025DD\336e\367\n\312\326\221\037\025\230vF0D\002 s\343\000i\266\356\004\005!}\024\336\213\345\014\333\246\244\007\255,\235-\267\210\330\347\261\325uQ9\002 }\302zI\342#\375\241Y\212K\241f\027\354\250^cx\002\310\367}\340\2445\240\302!\260\302\264""; "
1750527639460,1750527639460,0,1,4,2,TMGetLedger,"itype: liBASE; ledgerHash: ""w^\203\302\311\316I7\371tTwp}\005|\372\214\251{R`\230V\244-\326I\351\255\325i""; ","itype: liBASE; ledgerHash: ""w^\203\302\311\316I7\371tTwp}\005|\372\214\251{R`\230V\244-\326I\351\255\325i""; "
1750527639460,1750527639461,0,1,4,3,TMGetLedger,"itype: liBASE; ledgerHash: ""w^\203\302\311\316I7\371tTwp}\005|\372\214\251{R`\230V\244-\326I\351\255\325i""; queryType: qtINDIRECT; ","itype: liBASE; ledgerHash: ""w^\203\302\311\316I7\371tTwp}\005|\372\214\251{R`\230V\244-\326I\351\255\325i""; queryType: qtINDIRECT; "
1750527639461,1750527639461,0,1,4,3,TMGetLedger,"itype: liBASE; ledgerHash: ""w^\203\302\311\316I7\371tTwp}\005|\372\214\251{R`\230V\244-\326I\351\255\325i""; ","itype: liBASE; ledgerHash: ""w^\203\302\311\316I7\371tTwp}\005|\372\214\251{R`\230V\244-\326I\351\255\325i""; "
1750527639462,1750527639462,0,1,4,1,TMGetLedger,"itype: liBASE; ledgerHash: ""w^\203\302\311\316I7\371tTwp}\005|\372\214\251{R`\230V\244-\326I\351\255\325i""; ","itype: liBASE; ledgerHash: ""w^\203\302\311\316I7\371tTwp}\005|\372\214\251{R`\230V\244-\326I\351\255\325i""; "
1750527639463,1750527639463,0,1,4,1,TMValidation,"validation: """"\200\000\000\001&\000\000\000!)/\351\253\027:p\210\265\307-\212\200\004Qw^\203\302\311\316I7\371tTwp}\005|\372\214\251{R`\230V\244-\326I\351\255\325iP\027\000\000\000\000\000\000\000\000\000\000\000\000\000\000\000\000\000\000\000\000\000\000\000\000\000\000\000\000\000\000\000\000P\031\246\332qY\262\231\251\n\305\334\202\305\362\n\367@k\231\016R:\327\242\366\242\253LZY\223$Gs!\002\364d\217\366\217|\316F\232\231\241\n\261\333`\312O\367\235\025DD\336e\367\n\312\326\221\037\025\230vF0D\002 s\343\000i\266\356\004\005!}\024\336\213\345\014\333\246\244\007\255,\235-\267\210\330\347\261\325uQ9\002 }\302zI\342#\375\241Y\212K\241f\027\354\250^cx\002\310\367}\340\2445\240\302!\260\302\264""; ","validation: """"\200\000\000\001&\000\000\000!)/\351\253\027:p\210\265\307-\212\200\004Qw^\203\302\311\316I7\371tTwp}\005|\372\214\251{R`\230V\244-\326I\351\255\325iP\027\000\000\000\000\000\000\000\000\000\000\000\000\000\000\000\000\000\000\000\000\000\000\000\000\000\000\000\000\000\000\000\000P\031\246\332qY\262\231\251\n\305\334\202\305\362\n\367@k\231\016R:\327\242\366\242\253LZY\223$Gs!\002\364d\217\366\217|\316F\232\231\241\n\261\333`\312O\367\235\025DD\336e\367\n\312\326\221\037\025\230vF0D\002 s\343\000i\266\356\004\005!}\024\336\213\345\014\333\246\244\007\255,\235-\267\210\330\347\261\325uQ9\002 }\302zI\342#\375\241Y\212K\241f\027\354\250^cx\002\310\367}\340\2445\240\302!\260\302\264""; "
1750527639463,1750527639463,0,1,4,1,TMGetLedger,"itype: liBASE; ledgerHash: ""w^\203\302\311\316I7\371tTwp}\005|\372\214\251{R`\230V\244-\326I\351\255\325i""; queryType: qtINDIRECT; ","itype: liBASE; ledgerHash: ""w^\203\302\311\316I7\371tTwp}\005|\372\214\251{R`\230V\244-\326I\351\255\325i""; queryType: qtINDIRECT; "
1750527639463,1750527639463,0,1,2,4,TMGetLedger,"itype: liBASE; ledgerHash: ""w^\203\302\311\316I7\371tTwp}\005|\372\214\251{R`\230V\244-\326I\351\255\325i""; ledgerSeq: 33; ","itype: liBASE; ledgerHash: ""w^\203\302\311\316I7\371tTwp}\005|\372\214\251{R`\230V\244-\326I\351\255\325i""; ledgerSeq: 33; "
1750527639464,1750527639464,0,1,2,1,TMGetLedger,"itype: liBASE; ledgerHash: ""w^\203\302\311\316I7\371tTwp}\005|\372\214\251{R`\230V\244-\326I\351\255\325i""; ledgerSeq: 33; ","itype: liBASE; ledgerHash: ""w^\203\302\311\316I7\371tTwp}\005|\372\214\251{R`\230V\244-\326I\351\255\325i""; ledgerSeq: 33; "
1750527639467,1750527639467,0,1,2,0,TMGetLedger,"itype: liBASE; ledgerHash: ""w^\203\302\311\316I7\371tTwp}\005|\372\214\251{R`\230V\244-\326I\351\255\325i""; ledgerSeq: 33; ","itype: liBASE; ledgerHash: ""w^\203\302\311\316I7\371tTwp}\005|\372\214\251{R`\230V\244-\326I\351\255\325i""; ledgerSeq: 33; "
1750527639467,1750527639467,0,1,2,3,TMGetLedger,"itype: liBASE; ledgerHash: ""w^\203\302\311\316I7\371tTwp}\005|\372\214\251{R`\230V\244-\326I\351\255\325i""; ledgerSeq: 33; ","itype: liBASE; ledgerHash: ""w^\203\302\311\316I7\371tTwp}\005|\372\214\251{R`\230V\244-\326I\351\255\325i""; ledgerSeq: 33; "
1750527639468,1750527639468,0,1,1,3,TMGetLedger,"itype: liBASE; ledgerHash: ""w^\203\302\311\316I7\371tTwp}\005|\372\214\251{R`\230V\244-\326I\351\255\325i""; ledgerSeq: 33; ","itype: liBASE; ledgerHash: ""w^\203\302\311\316I7\371tTwp}\005|\372\214\251{R`\230V\244-\326I\351\255\325i""; ledgerSeq: 33; "
1750527639468,1750527639468,0,1,1,4,TMGetLedger,"itype: liBASE; ledgerHash: ""w^\203\302\311\316I7\371tTwp}\005|\372\214\251{R`\230V\244-\326I\351\255\325i""; ledgerSeq: 33; ","itype: liBASE; ledgerHash: ""w^\203\302\311\316I7\371tTwp}\005|\372\214\251{R`\230V\244-\326I\351\255\325i""; ledgerSeq: 33; "
1750527639469,1750527639469,0,1,1,0,TMGetLedger,"itype: liBASE; ledgerHash: ""w^\203\302\311\316I7\371tTwp}\005|\372\214\251{R`\230V\244-\326I\351\255\325i""; ledgerSeq: 33; queryType: qtINDIRECT; ","itype: liBASE; ledgerHash: ""w^\203\302\311\316I7\371tTwp}\005|\372\214\251{R`\230V\244-\326I\351\255\325i""; ledgerSeq: 33; queryType: qtINDIRECT; "
1750527639469,1750527639469,0,1,1,0,TMGetLedger,"itype: liBASE; ledgerHash: ""w^\203\302\311\316I7\371tTwp}\005|\372\214\251{R`\230V\244-\326I\351\255\325i""; ledgerSeq: 33; ","itype: liBASE; ledgerHash: ""w^\203\302\311\316I7\371tTwp}\005|\372\214\251{R`\230V\244-\326I\351\255\325i""; ledgerSeq: 33; "
1750527639470,1750527639470,0,1,1,0,TMValidation,"validation: """"\200\000\000\001&\000\000\000!)/\351\253\027:p\210\265\307-\212\200\004Qw^\203\302\311\316I7\371tTwp}\005|\372\214\251{R`\230V\244-\326I\351\255\325iP\027\000\000\000\000\000\000\000\000\000\000\000\000\000\000\000\000\000\000\000\000\000\000\000\000\000\000\000\000\000\000\000\000P\031\246\332qY\262\231\251\n\305\334\202\305\362\n\367@k\231\016R:\327\242\366\242\253LZY\223$Gs!\002\364d\217\366\217|\316F\232\231\241\n\261\333`\312O\367\235\025DD\336e\367\n\312\326\221\037\025\230vF0D\002 s\343\000i\266\356\004\005!}\024\336\213\345\014\333\246\244\007\255,\235-\267\210\330\347\261\325uQ9\002 }\302zI\342#\375\241Y\212K\241f\027\354\250^cx\002\310\367}\340\2445\240\302!\260\302\264""; ","validation: """"\200\000\000\001&\000\000\000!)/\351\253\027:p\210\265\307-\212\200\004Qw^\203\302\311\316I7\371tTwp}\005|\372\214\251{R`\230V\244-\326I\351\255\325iP\027\000\000\000\000\000\000\000\000\000\000\000\000\000\000\000\000\000\000\000\000\000\000\000\000\000\000\000\000\000\000\000\000P\031\246\332qY\262\231\251\n\305\334\202\305\362\n\367@k\231\016R:\327\242\366\242\253LZY\223$Gs!\002\364d\217\366\217|\316F\232\231\241\n\261\333`\312O\367\235\025DD\336e\367\n\312\326\221\037\025\230vF0D\002 s\343\000i\266\356\004\005!}\024\336\213\345\014\333\246\244\007\255,\235-\267\210\330\347\261\325uQ9\002 }\302zI\342#\375\241Y\212K\241f\027\354\250^cx\002\310\367}\340\2445\240\302!\260\302\264""; "
1750527639470,1750527639470,0,1,1,2,TMGetLedger,"itype: liBASE; ledgerHash: ""w^\203\302\311\316I7\371tTwp}\005|\372\214\251{R`\230V\244-\326I\351\255\325i""; ledgerSeq: 33; queryType: qtINDIRECT; ","itype: liBASE; ledgerHash: ""w^\203\302\311\316I7\371tTwp}\005|\372\214\251{R`\230V\244-\326I\351\255\325i""; ledgerSeq: 33; queryType: qtINDIRECT; "
1750527639471,1750527639471,0,1,1,2,TMValidation,"validation: """"\200\000\000\001&\000\000\000!)/\351\253\027:p\210\265\307-\212\200\004Qw^\203\302\311\316I7\371tTwp}\005|\372\214\251{R`\230V\244-\326I\351\255\325iP\027\000\000\000\000\000\000\000\000\000\000\000\000\000\000\000\000\000\000\000\000\000\000\000\000\000\000\000\000\000\000\000\000P\031\246\332qY\262\231\251\n\305\334\202\305\362\n\367@k\231\016R:\327\242\366\242\253LZY\223$Gs!\002\364d\217\366\217|\316F\232\231\241\n\261\333`\312O\367\235\025DD\336e\367\n\312\326\221\037\025\230vF0D\002 s\343\000i\266\356\004\005!}\024\336\213\345\014\333\246\244\007\255,\235-\267\210\330\347\261\325uQ9\002 }\302zI\342#\375\241Y\212K\241f\027\354\250^cx\002\310\367}\340\2445\240\302!\260\302\264""; ","validation: """"\200\000\000\001&\000\000\000!)/\351\253\027:p\210\265\307-\212\200\004Qw^\203\302\311\316I7\371tTwp}\005|\372\214\251{R`\230V\244-\326I\351\255\325iP\027\000\000\000\000\000\000\000\000\000\000\000\000\000\000\000\000\000\000\000\000\000\000\000\000\000\000\000\000\000\000\000\000P\031\246\332qY\262\231\251\n\305\334\202\305\362\n\367@k\231\016R:\327\242\366\242\253LZY\223$Gs!\002\364d\217\366\217|\316F\232\231\241\n\261\333`\312O\367\235\025DD\336e\367\n\312\326\221\037\025\230vF0D\002 s\343\000i\266\356\004\005!}\024\336\213\345\014\333\246\244\007\255,\235-\267\210\330\347\261\325uQ9\002 }\302zI\342#\375\241Y\212K\241f\027\354\250^cx\002\310\367}\340\2445\240\302!\260\302\264""; "
1750527639471,1750527639471,0,1,1,2,TMGetLedger,"itype: liBASE; ledgerHash: ""w^\203\302\311\316I7\371tTwp}\005|\372\214\251{R`\230V\244-\326I\351\255\325i""; ledgerSeq: 33; ","itype: liBASE; ledgerHash: ""w^\203\302\311\316I7\371tTwp}\005|\372\214\251{R`\230V\244-\326I\351\255\325i""; ledgerSeq: 33; "
1750527639472,1750527639472,0,1,1,3,TMGetLedger,"itype: liBASE; ledgerHash: ""w^\203\302\311\316I7\371tTwp}\005|\372\214\251{R`\230V\244-\326I\351\255\325i""; ledgerSeq: 33; queryType: qtINDIRECT; ","itype: liBASE; ledgerHash: ""w^\203\302\311\316I7\371tTwp}\005|\372\214\251{R`\230V\244-\326I\351\255\325i""; ledgerSeq: 33; queryType: qtINDIRECT; "
1750527639472,1750527639472,0,1,2,4,TMGetLedger,"itype: liBASE; ledgerHash: ""w^\203\302\311\316I7\371tTwp}\005|\372\214\251{R`\230V\244-\326I\351\255\325i""; ledgerSeq: 33; queryType: qtINDIRECT; ","itype: liBASE; ledgerHash: ""w^\203\302\311\316I7\371tTwp}\005|\372\214\251{R`\230V\244-\326I\351\255\325i""; ledgerSeq: 33; queryType: qtINDIRECT; "
1750527639473,1750527639473,0,1,2,4,TMValidation,"validation: """"\200\000\000\001&\000\000\000!)/\351\253\027:p\210\265\307-\212\200\004Qw^\203\302\311\316I7\371tTwp}\005|\372\214\251{R`\230V\244-\326I\351\255\325iP\027\000\000\000\000\000\000\000\000\000\000\000\000\000\000\000\000\000\000\000\000\000\000\000\000\000\000\000\000\000\000\000\000P\031\246\332qY\262\231\251\n\305\334\202\305\362\n\367@k\231\016R:\327\242\366\242\253LZY\223$Gs!\002\364d\217\366\217|\316F\232\231\241\n\261\333`\312O\367\235\025DD\336e\367\n\312\326\221\037\025\230vF0D\002 s\343\000i\266\356\004\005!}\024\336\213\345\014\333\246\244\007\255,\235-\267\210\330\347\261\325uQ9\002 }\302zI\342#\375\241Y\212K\241f\027\354\250^cx\002\310\367}\340\2445\240\302!\260\302\264""; ","validation: """"\200\000\000\001&\000\000\000!)/\351\253\027:p\210\265\307-\212\200\004Qw^\203\302\311\316I7\371tTwp}\005|\372\214\251{R`\230V\244-\326I\351\255\325iP\027\000\000\000\000\000\000\000\000\000\000\000\000\000\000\000\000\000\000\000\000\000\000\000\000\000\000\000\000\000\000\000\000P\031\246\332qY\262\231\251\n\305\334\202\305\362\n\367@k\231\016R:\327\242\366\242\253LZY\223$Gs!\002\364d\217\366\217|\316F\232\231\241\n\261\333`\312O\367\235\025DD\336e\367\n\312\326\221\037\025\230vF0D\002 s\343\000i\266\356\004\005!}\024\336\213\345\014\333\246\244\007\255,\235-\267\210\330\347\261\325uQ9\002 }\302zI\342#\375\241Y\212K\241f\027\354\250^cx\002\310\367}\340\2445\240\302!\260\302\264""; "
1750527639473,1750527639473,0,1,0,3,TMGetLedger,"itype: liBASE; ledgerHash: ""w^\203\302\311\316I7\371tTwp}\005|\372\214\251{R`\230V\244-\326I\351\255\325i""; ledgerSeq: 33; ","itype: liBASE; ledgerHash: ""w^\203\302\311\316I7\371tTwp}\005|\372\214\251{R`\230V\244-\326I\351\255\325i""; ledgerSeq: 33; "
1750527639474,1750527639474,0,1,0,4,TMGetLedger,"itype: liBASE; ledgerHash: ""w^\203\302\311\316I7\371tTwp}\005|\372\214\251{R`\230V\244-\326I\351\255\325i""; ledgerSeq: 33; ","itype: liBASE; ledgerHash: ""w^\203\302\311\316I7\371tTwp}\005|\372\214\251{R`\230V\244-\326I\351\255\325i""; ledgerSeq: 33; "
1750527639474,1750527639474,0,1,0,1,TMGetLedger,"itype: liBASE; ledgerHash: ""w^\203\302\311\316I7\371tTwp}\005|\372\214\251{R`\230V\244-\326I\351\255\325i""; ledgerSeq: 33; ","itype: liBASE; ledgerHash: ""w^\203\302\311\316I7\371tTwp}\005|\372\214\251{R`\230V\244-\326I\351\255\325i""; ledgerSeq: 33; "
1750527639474,1750527639474,0,1,0,2,TMGetLedger,"itype: liBASE; ledgerHash: ""w^\203\302\311\316I7\371tTwp}\005|\372\214\251{R`\230V\244-\326I\351\255\325i""; ledgerSeq: 33; ","itype: liBASE; ledgerHash: ""w^\203\302\311\316I7\371tTwp}\005|\372\214\251{R`\230V\244-\326I\351\255\325i""; ledgerSeq: 33; "
1750527639475,1750527639475,0,1,0,4,TMValidation,"validation: """"\200\000\000\001&\000\000\000!)/\351\253\027:p\210\265\307-\212\200\004Qw^\203\302\311\316I7\371tTwp}\005|\372\214\251{R`\230V\244-\326I\351\255\325iP\027\000\000\000\000\000\000\000\000\000\000\000\000\000\000\000\000\000\000\000\000\000\000\000\000\000\000\000\000\000\000\000\000P\031\246\332qY\262\231\251\n\305\334\202\305\362\n\367@k\231\016R:\327\242\366\242\253LZY\223$Gs!\002\364d\217\366\217|\316F\232\231\241\n\261\333`\312O\367\235\025DD\336e\367\n\312\326\221\037\025\230vF0D\002 s\343\000i\266\356\004\005!}\024\336\213\345\014\333\246\244\007\255,\235-\267\210\330\347\261\325uQ9\002 }\302zI\342#\375\241Y\212K\241f\027\354\250^cx\002\310\367}\340\2445\240\302!\260\302\264""; ","validation: """"\200\000\000\001&\000\000\000!)/\351\253\027:p\210\265\307-\212\200\004Qw^\203\302\311\316I7\371tTwp}\005|\372\214\251{R`\230V\244-\326I\351\255\325iP\027\000\000\000\000\000\000\000\000\000\000\000\000\000\000\000\000\000\000\000\000\000\000\000\000\000\000\000\000\000\000\000\000P\031\246\332qY\262\231\251\n\305\334\202\305\362\n\367@k\231\016R:\327\242\366\242\253LZY\223$Gs!\002\364d\217\366\217|\316F\232\231\241\n\261\333`\312O\367\235\025DD\336e\367\n\312\326\221\037\025\230vF0D\002 s\343\000i\266\356\004\005!}\024\336\213\345\014\333\246\244\007\255,\235-\267\210\330\347\261\325uQ9\002 }\302zI\342#\375\241Y\212K\241f\027\354\250^cx\002\310\367}\340\2445\240\302!\260\302\264""; "
1750527639475,1750527639475,0,1,0,4,TMGetLedger,"itype: liBASE; ledgerHash: ""w^\203\302\311\316I7\371tTwp}\005|\372\214\251{R`\230V\244-\326I\351\255\325i""; ledgerSeq: 33; queryType: qtINDIRECT; ","itype: liBASE; ledgerHash: ""w^\203\302\311\316I7\371tTwp}\005|\372\214\251{R`\230V\244-\326I\351\255\325i""; ledgerSeq: 33; queryType: qtINDIRECT; "
1750527639476,1750527639476,0,1,3,4,TMLedgerData,"ledgerHash: ""w^\203\302\311\316I7\371tTwp}\005|\372\214\251{R`\230V\244-\326I\351\255\325i""; ledgerSeq: 33; type: liBASE; nodes {;   nodedata: ""\000\000\000!\001cEx]\211\377\330\246\332qY\262\231\251\n\305\334\202\305\362\n\367@k\231\016R:\327\242\366\242\253LZY\223$G\000\000\000\000\000\000\000\000\000\000\000\000\000\000\000\000\000\000\000\000\000\000\000\000\000\000\000\000\000\000\000\000\n09\372O\217\342~\327\367L\234\300\334\377\030g\311A\315F\013{\335/IqId/\337\317/\351\253\021/\351\253\030\n\000""; }; nodes {;   nodedata: ""\323C\344\327\264{\312-\017:\006{\177\344N\002\326bO\260\220\006\033\362\345\005U\221DzJ0\001\301\025%1L\307\t\261\262z\374\222T\301\274V\236\223\262\270Ct\362\337b\356\024*\324\320\351\317\002k\336\234\027v\351\217\260\303\360\233ZPZWr\246$w\313\313\r\243r\232\2234\373\3539:N\004Q\245\272D\312D\300\300\t\323\0257\345e\271\na\215{\226\255x%T\257\037\333\004\344_/R\006E\344\037@\210\363\010\336T\226\247'\204_{\261\370""1\235\2445\343\033Y!\212\201\341\272\225'\007I\002\300d,\373\247\257\341u\341\037\204\325f\331\027\246\031\257OP\265\2224G\247`o>Q\324\013\003""; }; ","ledgerHash: ""w^\203\302\311\316I7\371tTwp}\005|\372\214\251{R`\230V\244-\326I\351\255\325i""; ledgerSeq: 33; type: liBASE; nodes {;   nodedata: ""\000\000\000!\001cEx]\211\377\330\246\332qY\262\231\251\n\305\334\202\305\362\n\367@k\231\016R:\327\242\366\242\253LZY\223$G\000\000\000\000\000\000\000\000\000\000\000\000\000\000\000\000\000\000\000\000\000\000\000\000\000\000\000\000\000\000\000\000\n09\372O\217\342~\327\367L\234\300\334\377\030g\311A\315F\013{\335/IqId/\337\317/\351\253\021/\351\253\030\n\000""; }; nodes {;   nodedata: ""\323C\344\327\264{\312-\017:\006{\177\344N\002\326bO\260\220\006\033\362\345\005U\221DzJ0\001\301\025%1L\307\t\261\262z\374\222T\301\274V\236\223\262\270Ct\362\337b\356\024*\324\320\351\317\002k\336\234\027v\351\217\260\303\360\233ZPZWr\246$w\313\313\r\243r\232\2234\373\3539:N\004Q\245\272D\312D\300\300\t\323\0257\345e\271\na\215{\226\255x%T\257\037\333\004\344_/R\006E\344\037@\210\363\010\336T\226\247'\204_{\261\370""1\235\2445\343\033Y!\212\201\341\272\225'\007I\002\300d,\373\247\257\341u\341\037\204\325f\331\027\246\031\257OP\265\2224G\247`o>Q\324\013\003""; }; "
1750527639476,1750527639477,0,1,3,4,TMLedgerData,"ledgerHash: ""w^\203\302\311\316I7\371tTwp}\005|\372\214\251{R`\230V\244-\326I\351\255\325i""; ledgerSeq: 33; type: liBASE; nodes {;   nodedata: ""\000\000\000!\001cEx]\211\377\330\246\332qY\262\231\251\n\305\334\202\305\362\n\367@k\231\016R:\327\242\366\242\253LZY\223$G\000\000\000\000\000\000\000\000\000\000\000\000\000\000\000\000\000\000\000\000\000\000\000\000\000\000\000\000\000\000\000\000\n09\372O\217\342~\327\367L\234\300\334\377\030g\311A\315F\013{\335/IqId/\337\317/\351\253\021/\351\253\030\n\000""; }; nodes {;   nodedata: ""\323C\344\327\264{\312-\017:\006{\177\344N\002\326bO\260\220\006\033\362\345\005U\221DzJ0\001\301\025%1L\307\t\261\262z\374\222T\301\274V\236\223\262\270Ct\362\337b\356\024*\324\320\351\317\002k\336\234\027v\351\217\260\303\360\233ZPZWr\246$w\313\313\r\243r\232\2234\373\3539:N\004Q\245\272D\312D\300\300\t\323\0257\345e\271\na\215{\226\255x%T\257\037\333\004\344_/R\006E\344\037@\210\363\010\336T\226\247'\204_{\261\370""1\235\2445\343\033Y!\212\201\341\272\225'\007I\002\300d,\373\247\257\341u\341\037\204\325f\331\027\246\031\257OP\265\2224G\247`o>Q\324\013\003""; }; ","ledgerHash: ""w^\203\302\311\316I7\371tTwp}\005|\372\214\251{R`\230V\244-\326I\351\255\325i""; ledgerSeq: 33; type: liBASE; nodes {;   nodedata: ""\000\000\000!\001cEx]\211\377\330\246\332qY\262\231\251\n\305\334\202\305\362\n\367@k\231\016R:\327\242\366\242\253LZY\223$G\000\000\000\000\000\000\000\000\000\000\000\000\000\000\000\000\000\000\000\000\000\000\000\000\000\000\000\000\000\000\000\000\n09\372O\217\342~\327\367L\234\300\334\377\030g\311A\315F\013{\335/IqId/\337\317/\351\253\021/\351\253\030\n\000""; }; nodes {;   nodedata: ""\323C\344\327\264{\312-\017:\006{\177\344N\002\326bO\260\220\006\033\362\345\005U\221DzJ0\001\301\025%1L\307\t\261\262z\374\222T\301\274V\236\223\262\270Ct\362\337b\356\024*\324\320\351\317\002k\336\234\027v\351\217\260\303\360\233ZPZWr\246$w\313\313\r\243r\232\2234\373\3539:N\004Q\245\272D\312D\300\300\t\323\0257\345e\271\na\215{\226\255x%T\257\037\333\004\344_/R\006E\344\037@\210\363\010\336T\226\247'\204_{\261\370""1\235\2445\343\033Y!\212\201\341\272\225'\007I\002\300d,\373\247\257\341u\341\037\204\325f\331\027\246\031\257OP\265\2224G\247`o>Q\324\013\003""; }; "
1750527639477,1750527639477,0,1,1,4,TMGetLedger,"itype: liBASE; ledgerHash: ""w^\203\302\311\316I7\371tTwp}\005|\372\214\251{R`\230V\244-\326I\351\255\325i""; ledgerSeq: 33; queryType: qtINDIRECT; ","itype: liBASE; ledgerHash: ""w^\203\302\311\316I7\371tTwp}\005|\372\214\251{R`\230V\244-\326I\351\255\325i""; ledgerSeq: 33; queryType: qtINDIRECT; "
1750527639477,1750527639477,0,1,1,4,TMValidation,"validation: """"\200\000\000\001&\000\000\000!)/\351\253\027:p\210\265\307-\212\200\004Qw^\203\302\311\316I7\371tTwp}\005|\372\214\251{R`\230V\244-\326I\351\255\325iP\027\000\000\000\000\000\000\000\000\000\000\000\000\000\000\000\000\000\000\000\000\000\000\000\000\000\000\000\000\000\000\000\000P\031\246\332qY\262\231\251\n\305\334\202\305\362\n\367@k\231\016R:\327\242\366\242\253LZY\223$Gs!\002\364d\217\366\217|\316F\232\231\241\n\261\333`\312O\367\235\025DD\336e\367\n\312\326\221\037\025\230vF0D\002 s\343\000i\266\356\004\005!}\024\336\213\345\014\333\246\244\007\255,\235-\267\210\330\347\261\325uQ9\002 }\302zI\342#\375\241Y\212K\241f\027\354\250^cx\002\310\367}\340\2445\240\302!\260\302\264""; ","validation: """"\200\000\000\001&\000\000\000!)/\351\253\027:p\210\265\307-\212\200\004Qw^\203\302\311\316I7\371tTwp}\005|\372\214\251{R`\230V\244-\326I\351\255\325iP\027\000\000\000\000\000\000\000\000\000\000\000\000\000\000\000\000\000\000\000\000\000\000\000\000\000\000\000\000\000\000\000\000P\031\246\332qY\262\231\251\n\305\334\202\305\362\n\367@k\231\016R:\327\242\366\242\253LZY\223$Gs!\002\364d\217\366\217|\316F\232\231\241\n\261\333`\312O\367\235\025DD\336e\367\n\312\326\221\037\025\230vF0D\002 s\343\000i\266\356\004\005!}\024\336\213\345\014\333\246\244\007\255,\235-\267\210\330\347\261\325uQ9\002 }\302zI\342#\375\241Y\212K\241f\027\354\250^cx\002\310\367}\340\2445\240\302!\260\302\264""; "
1750527639478,1750527639478,0,1,1,3,TMGetLedger,"itype: liBASE; ledgerHash: ""w^\203\302\311\316I7\371tTwp}\005|\372\214\251{R`\230V\244-\326I\351\255\325i""; requestCookie: 5; queryType: qtINDIRECT; ","itype: liBASE; ledgerHash: ""w^\203\302\311\316I7\371tTwp}\005|\372\214\251{R`\230V\244-\326I\351\255\325i""; requestCookie: 5; queryType: qtINDIRECT; "
1750527639478,1750527639478,0,1,0,2,TMGetLedger,"itype: liBASE; ledgerHash: ""w^\203\302\311\316I7\371tTwp}\005|\372\214\251{R`\230V\244-\326I\351\255\325i""; ledgerSeq: 33; queryType: qtINDIRECT; ","itype: liBASE; ledgerHash: ""w^\203\302\311\316I7\371tTwp}\005|\372\214\251{R`\230V\244-\326I\351\255\325i""; ledgerSeq: 33; queryType: qtINDIRECT; "
1750527639479,1750527639479,0,1,0,2,TMValidation,"validation: """"\200\000\000\001&\000\000\000!)/\351\253\027:p\210\265\307-\212\200\004Qw^\203\302\311\316I7\371tTwp}\005|\372\214\251{R`\230V\244-\326I\351\255\325iP\027\000\000\000\000\000\000\000\000\000\000\000\000\000\000\000\000\000\000\000\000\000\000\000\000\000\000\000\000\000\000\000\000P\031\246\332qY\262\231\251\n\305\334\202\305\362\n\367@k\231\016R:\327\242\366\242\253LZY\223$Gs!\002\364d\217\366\217|\316F\232\231\241\n\261\333`\312O\367\235\025DD\336e\367\n\312\326\221\037\025\230vF0D\002 s\343\000i\266\356\004\005!}\024\336\213\345\014\333\246\244\007\255,\235-\267\210\330\347\261\325uQ9\002 }\302zI\342#\375\241Y\212K\241f\027\354\250^cx\002\310\367}\340\2445\240\302!\260\302\264""; ","validation: """"\200\000\000\001&\000\000\000!)/\351\253\027:p\210\265\307-\212\200\004Qw^\203\302\311\316I7\371tTwp}\005|\372\214\251{R`\230V\244-\326I\351\255\325iP\027\000\000\000\000\000\000\000\000\000\000\000\000\000\000\000\000\000\000\000\000\000\000\000\000\000\000\000\000\000\000\000\000P\031\246\332qY\262\231\251\n\305\334\202\305\362\n\367@k\231\016R:\327\242\366\242\253LZY\223$Gs!\002\364d\217\366\217|\316F\232\231\241\n\261\333`\312O\367\235\025DD\336e\367\n\312\326\221\037\025\230vF0D\002 s\343\000i\266\356\004\005!}\024\336\213\345\014\333\246\244\007\255,\235-\267\210\330\347\261\325uQ9\002 }\302zI\342#\375\241Y\212K\241f\027\354\250^cx\002\310\367}\340\2445\240\302!\260\302\264""; "
1750527639479,1750527639479,0,1,3,2,TMLedgerData,"ledgerHash: ""w^\203\302\311\316I7\371tTwp}\005|\372\214\251{R`\230V\244-\326I\351\255\325i""; ledgerSeq: 33; type: liBASE; nodes {;   nodedata: ""\000\000\000!\001cEx]\211\377\330\246\332qY\262\231\251\n\305\334\202\305\362\n\367@k\231\016R:\327\242\366\242\253LZY\223$G\000\000\000\000\000\000\000\000\000\000\000\000\000\000\000\000\000\000\000\000\000\000\000\000\000\000\000\000\000\000\000\000\n09\372O\217\342~\327\367L\234\300\334\377\030g\311A\315F\013{\335/IqId/\337\317/\351\253\021/\351\253\030\n\000""; }; nodes {;   nodedata: ""\323C\344\327\264{\312-\017:\006{\177\344N\002\326bO\260\220\006\033\362\345\005U\221DzJ0\001\301\025%1L\307\t\261\262z\374\222T\301\274V\236\223\262\270Ct\362\337b\356\024*\324\320\351\317\002k\336\234\027v\351\217\260\303\360\233ZPZWr\246$w\313\313\r\243r\232\2234\373\3539:N\004Q\245\272D\312D\300\300\t\323\0257\345e\271\na\215{\226\255x%T\257\037\333\004\344_/R\006E\344\037@\210\363\010\336T\226\247'\204_{\261\370""1\235\2445\343\033Y!\212\201\341\272\225'\007I\002\300d,\373\247\257\341u\341\037\204\325f\331\027\246\031\257OP\265\2224G\247`o>Q\324\013\003""; }; ","ledgerHash: ""w^\203\302\311\316I7\371tTwp}\005|\372\214\251{R`\230V\244-\326I\351\255\325i""; ledgerSeq: 33; type: liBASE; nodes {;   nodedata: ""\000\000\000!\001cEx]\211\377\330\246\332qY\262\231\251\n\305\334\202\305\362\n\367@k\231\016R:\327\242\366\242\253LZY\223$G\000\000\000\000\000\000\000\000\000\000\000\000\000\000\000\000\000\000\000\000\000\000\000\000\000\000\000\000\000\000\000\000\n09\372O\217\342~\327\367L\234\300\334\377\030g\311A\315F\013{\335/IqId/\337\317/\351\253\021/\351\253\030\n\000""; }; nodes {;   nodedata: ""\323C\344\327\264{\312-\017:\006{\177\344N\002\326bO\260\220\006\033\362\345\005U\221DzJ0\001\301\025%1L\307\t\261\262z\374\222T\301\274V\236\223\262\270Ct\362\337b\356\024*\324\320\351\317\002k\336\234\027v\351\217\260\303\360\233ZPZWr\246$w\313\313\r\243r\232\2234\373\3539:N\004Q\245\272D\312D\300\300\t\323\0257\345e\271\na\215{\226\255x%T\257\037\333\004\344_/R\006E\344\037@\210\363\010\336T\226\247'\204_{\261\370""1\235\2445\343\033Y!\212\201\341\272\225'\007I\002\300d,\373\247\257\341u\341\037\204\325f\331\027\246\031\257OP\265\2224G\247`o>Q\324\013\003""; }; "
1750527639479,1750527639479,0,1,3,1,TMLedgerData,"ledgerHash: ""w^\203\302\311\316I7\371tTwp}\005|\372\214\251{R`\230V\244-\326I\351\255\325i""; ledgerSeq: 33; type: liBASE; nodes {;   nodedata: ""\000\000\000!\001cEx]\211\377\330\246\332qY\262\231\251\n\305\334\202\305\362\n\367@k\231\016R:\327\242\366\242\253LZY\223$G\000\000\000\000\000\000\000\000\000\000\000\000\000\000\000\000\000\000\000\000\000\000\000\000\000\000\000\000\000\000\000\000\n09\372O\217\342~\327\367L\234\300\334\377\030g\311A\315F\013{\335/IqId/\337\317/\351\253\021/\351\253\030\n\000""; }; nodes {;   nodedata: ""\323C\344\327\264{\312-\017:\006{\177\344N\002\326bO\260\220\006\033\362\345\005U\221DzJ0\001\301\025%1L\307\t\261\262z\374\222T\301\274V\236\223\262\270Ct\362\337b\356\024*\324\320\351\317\002k\336\234\027v\351\217\260\303\360\233ZPZWr\246$w\313\313\r\243r\232\2234\373\3539:N\004Q\245\272D\312D\300\300\t\323\0257\345e\271\na\215{\226\255x%T\257\037\333\004\344_/R\006E\344\037@\210\363\010\336T\226\247'\204_{\261\370""1\235\2445\343\033Y!\212\201\341\272\225'\007I\002\300d,\373\247\257\341u\341\037\204\325f\331\027\246\031\257OP\265\2224G\247`o>Q\324\013\003""; }; ","ledgerHash: ""w^\203\302\311\316I7\371tTwp}\005|\372\214\251{R`\230V\244-\326I\351\255\325i""; ledgerSeq: 33; type: liBASE; nodes {;   nodedata: ""\000\000\000!\001cEx]\211\377\330\246\332qY\262\231\251\n\305\334\202\305\362\n\367@k\231\016R:\327\242\366\242\253LZY\223$G\000\000\000\000\000\000\000\000\000\000\000\000\000\000\000\000\000\000\000\000\000\000\000\000\000\000\000\000\000\000\000\000\n09\372O\217\342~\327\367L\234\300\334\377\030g\311A\315F\013{\335/IqId/\337\317/\351\253\021/\351\253\030\n\000""; }; nodes {;   nodedata: ""\323C\344\327\264{\312-\017:\006{\177\344N\002\326bO\260\220\006\033\362\345\005U\221DzJ0\001\301\025%1L\307\t\261\262z\374\222T\301\274V\236\223\262\270Ct\362\337b\356\024*\324\320\351\317\002k\336\234\027v\351\217\260\303\360\233ZPZWr\246$w\313\313\r\243r\232\2234\373\3539:N\004Q\245\272D\312D\300\300\t\323\0257\345e\271\na\215{\226\255x%T\257\037\333\004\344_/R\006E\344\037@\210\363\010\336T\226\247'\204_{\261\370""1\235\2445\343\033Y!\212\201\341\272\225'\007I\002\300d,\373\247\257\341u\341\037\204\325f\331\027\246\031\257OP\265\2224G\247`o>Q\324\013\003""; }; "
1750527639480,1750527639480,0,1,0,1,TMGetLedger,"itype: liBASE; ledgerHash: ""w^\203\302\311\316I7\371tTwp}\005|\372\214\251{R`\230V\244-\326I\351\255\325i""; ledgerSeq: 33; queryType: qtINDIRECT; ","itype: liBASE; ledgerHash: ""w^\203\302\311\316I7\371tTwp}\005|\372\214\251{R`\230V\244-\326I\351\255\325i""; ledgerSeq: 33; queryType: qtINDIRECT; "
1750527639480,1750527639481,0,1,0,1,TMValidation,"validation: """"\200\000\000\001&\000\000\000!)/\351\253\027:p\210\265\307-\212\200\004Qw^\203\302\311\316I7\371tTwp}\005|\372\214\251{R`\230V\244-\326I\351\255\325iP\027\000\000\000\000\000\000\000\000\000\000\000\000\000\000\000\000\000\000\000\000\000\000\000\000\000\000\000\000\000\000\000\000P\031\246\332qY\262\231\251\n\305\334\202\305\362\n\367@k\231\016R:\327\242\366\242\253LZY\223$Gs!\002\364d\217\366\217|\316F\232\231\241\n\261\333`\312O\367\235\025DD\336e\367\n\312\326\221\037\025\230vF0D\002 s\343\000i\266\356\004\005!}\024\336\213\345\014\333\246\244\007\255,\235-\267\210\330\347\261\325uQ9\002 }\302zI\342#\375\241Y\212K\241f\027\354\250^cx\002\310\367}\340\2445\240\302!\260\302\264""; ","validation: """"\200\000\000\001&\000\000\000!)/\351\253\027:p\210\265\307-\212\200\004Qw^\203\302\311\316I7\371tTwp}\005|\372\214\251{R`\230V\244-\326I\351\255\325iP\027\000\000\000\000\000\000\000\000\000\000\000\000\000\000\000\000\000\000\000\000\000\000\000\000\000\000\000\000\000\000\000\000P\031\246\332qY\262\231\251\n\305\334\202\305\362\n\367@k\231\016R:\327\242\366\242\253LZY\223$Gs!\002\364d\217\366\217|\316F\232\231\241\n\261\333`\312O\367\235\025DD\336e\367\n\312\326\221\037\025\230vF0D\002 s\343\000i\266\356\004\005!}\024\336\213\345\014\333\246\244\007\255,\235-\267\210\330\347\261\325uQ9\002 }\302zI\342#\375\241Y\212K\241f\027\354\250^cx\002\310\367}\340\2445\240\302!\260\302\264""; "
1750527639481,1750527639481,0,1,2,1,TMGetLedger,"itype: liBASE; ledgerHash: ""w^\203\302\311\316I7\371tTwp}\005|\372\214\251{R`\230V\244-\326I\351\255\325i""; ledgerSeq: 33; queryType: qtINDIRECT; ","itype: liBASE; ledgerHash: ""w^\203\302\311\316I7\371tTwp}\005|\372\214\251{R`\230V\244-\326I\351\255\325i""; ledgerSeq: 33; queryType: qtINDIRECT; "
1750527639482,1750527639482,0,1,2,1,TMValidation,"validation: """"\200\000\000\001&\000\000\000!)/\351\253\027:p\210\265\307-\212\200\004Qw^\203\302\311\316I7\371tTwp}\005|\372\214\251{R`\230V\244-\326I\351\255\325iP\027\000\000\000\000\000\000\000\000\000\000\000\000\000\000\000\000\000\000\000\000\000\000\000\000\000\000\000\000\000\000\000\000P\031\246\332qY\262\231\251\n\305\334\202\305\362\n\367@k\231\016R:\327\242\366\242\253LZY\223$Gs!\002\364d\217\366\217|\316F\232\231\241\n\261\333`\312O\367\235\025DD\336e\367\n\312\326\221\037\025\230vF0D\002 s\343\000i\266\356\004\005!}\024\336\213\345\014\333\246\244\007\255,\235-\267\210\330\347\261\325uQ9\002 }\302zI\342#\375\241Y\212K\241f\027\354\250^cx\002\310\367}\340\2445\240\302!\260\302\264""; ","validation: """"\200\000\000\001&\000\000\000!)/\351\253\027:p\210\265\307-\212\200\004Qw^\203\302\311\316I7\371tTwp}\005|\372\214\251{R`\230V\244-\326I\351\255\325iP\027\000\000\000\000\000\000\000\000\000\000\000\000\000\000\000\000\000\000\000\000\000\000\000\000\000\000\000\000\000\000\000\000P\031\246\332qY\262\231\251\n\305\334\202\305\362\n\367@k\231\016R:\327\242\366\242\253LZY\223$Gs!\002\364d\217\366\217|\316F\232\231\241\n\261\333`\312O\367\235\025DD\336e\367\n\312\326\221\037\025\230vF0D\002 s\343\000i\266\356\004\005!}\024\336\213\345\014\333\246\244\007\255,\235-\267\210\330\347\261\325uQ9\002 }\302zI\342#\375\241Y\212K\241f\027\354\250^cx\002\310\367}\340\2445\240\302!\260\302\264""; "
1750527639482,1750527639482,0,1,3,1,TMLedgerData,"ledgerHash: ""w^\203\302\311\316I7\371tTwp}\005|\372\214\251{R`\230V\244-\326I\351\255\325i""; ledgerSeq: 33; type: liBASE; nodes {;   nodedata: ""\000\000\000!\001cEx]\211\377\330\246\332qY\262\231\251\n\305\334\202\305\362\n\367@k\231\016R:\327\242\366\242\253LZY\223$G\000\000\000\000\000\000\000\000\000\000\000\000\000\000\000\000\000\000\000\000\000\000\000\000\000\000\000\000\000\000\000\000\n09\372O\217\342~\327\367L\234\300\334\377\030g\311A\315F\013{\335/IqId/\337\317/\351\253\021/\351\253\030\n\000""; }; nodes {;   nodedata: ""\323C\344\327\264{\312-\017:\006{\177\344N\002\326bO\260\220\006\033\362\345\005U\221DzJ0\001\301\025%1L\307\t\261\262z\374\222T\301\274V\236\223\262\270Ct\362\337b\356\024*\324\320\351\317\002k\336\234\027v\351\217\260\303\360\233ZPZWr\246$w\313\313\r\243r\232\2234\373\3539:N\004Q\245\272D\312D\300\300\t\323\0257\345e\271\na\215{\226\255x%T\257\037\333\004\344_/R\006E\344\037@\210\363\010\336T\226\247'\204_{\261\370""1\235\2445\343\033Y!\212\201\341\272\225'\007I\002\300d,\373\247\257\341u\341\037\204\325f\331\027\246\031\257OP\265\2224G\247`o>Q\324\013\003""; }; ","ledgerHash: ""w^\203\302\311\316I7\371tTwp}\005|\372\214\251{R`\230V\244-\326I\351\255\325i""; ledgerSeq: 33; type: liBASE; nodes {;   nodedata: ""\000\000\000!\001cEx]\211\377\330\246\332qY\262\231\251\n\305\334\202\305\362\n\367@k\231\016R:\327\242\366\242\253LZY\223$G\000\000\000\000\000\000\000\000\000\000\000\000\000\000\000\000\000\000\000\000\000\000\000\000\000\000\000\000\000\000\000\000\n09\372O\217\342~\327\367L\234\300\334\377\030g\311A\315F\013{\335/IqId/\337\317/\351\253\021/\351\253\030\n\000""; }; nodes {;   nodedata: ""\323C\344\327\264{\312-\017:\006{\177\344N\002\326bO\260\220\006\033\362\345\005U\221DzJ0\001\301\025%1L\307\t\261\262z\374\222T\301\274V\236\223\262\270Ct\362\337b\356\024*\324\320\351\317\002k\336\234\027v\351\217\260\303\360\233ZPZWr\246$w\313\313\r\243r\232\2234\373\3539:N\004Q\245\272D\312D\300\300\t\323\0257\345e\271\na\215{\226\255x%T\257\037\333\004\344_/R\006E\344\037@\210\363\010\336T\226\247'\204_{\261\370""1\235\2445\343\033Y!\212\201\341\272\225'\007I\002\300d,\373\247\257\341u\341\037\204\325f\331\027\246\031\257OP\265\2224G\247`o>Q\324\013\003""; }; "
1750527639482,1750527639482,0,1,4,3,TMGetLedger,"itype: liBASE; ledgerHash: ""w^\203\302\311\316I7\371tTwp}\005|\372\214\251{R`\230V\244-\326I\351\255\325i""; ledgerSeq: 33; requestCookie: 3; queryType: qtINDIRECT; ","itype: liBASE; ledgerHash: ""w^\203\302\311\316I7\371tTwp}\005|\372\214\251{R`\230V\244-\326I\351\255\325i""; ledgerSeq: 33; requestCookie: 3; queryType: qtINDIRECT; "
1750527639483,1750527639483,0,1,3,0,TMLedgerData,"ledgerHash: ""w^\203\302\311\316I7\371tTwp}\005|\372\214\251{R`\230V\244-\326I\351\255\325i""; ledgerSeq: 33; type: liBASE; nodes {;   nodedata: ""\000\000\000!\001cEx]\211\377\330\246\332qY\262\231\251\n\305\334\202\305\362\n\367@k\231\016R:\327\242\366\242\253LZY\223$G\000\000\000\000\000\000\000\000\000\000\000\000\000\000\000\000\000\000\000\000\000\000\000\000\000\000\000\000\000\000\000\000\n09\372O\217\342~\327\367L\234\300\334\377\030g\311A\315F\013{\335/IqId/\337\317/\351\253\021/\351\253\030\n\000""; }; nodes {;   nodedata: ""\323C\344\327\264{\312-\017:\006{\177\344N\002\326bO\260\220\006\033\362\345\005U\221DzJ0\001\301\025%1L\307\t\261\262z\374\222T\301\274V\236\223\262\270Ct\362\337b\356\024*\324\320\351\317\002k\336\234\027v\351\217\260\303\360\233ZPZWr\246$w\313\313\r\243r\232\2234\373\3539:N\004Q\245\272D\312D\300\300\t\323\0257\345e\271\na\215{\226\255x%T\257\037\333\004\344_/R\006E\344\037@\210\363\010\336T\226\247'\204_{\261\370""1\235\2445\343\033Y!\212\201\341\272\225'\007I\002\300d,\373\247\257\341u\341\037\204\325f\331\027\246\031\257OP\265\2224G\247`o>Q\324\013\003""; }; ","ledgerHash: ""w^\203\302\311\316I7\371tTwp}\005|\372\214\251{R`\230V\244-\326I\351\255\325i""; ledgerSeq: 33; type: liBASE; nodes {;   nodedata: ""\000\000\000!\001cEx]\211\377\330\246\332qY\262\231\251\n\305\334\202\305\362\n\367@k\231\016R:\327\242\366\242\253LZY\223$G\000\000\000\000\000\000\000\000\000\000\000\000\000\000\000\000\000\000\000\000\000\000\000\000\000\000\000\000\000\000\000\000\n09\372O\217\342~\327\367L\234\300\334\377\030g\311A\315F\013{\335/IqId/\337\317/\351\253\021/\351\253\030\n\000""; }; nodes {;   nodedata: ""\323C\344\327\264{\312-\017:\006{\177\344N\002\326bO\260\220\006\033\362\345\005U\221DzJ0\001\301\025%1L\307\t\261\262z\374\222T\301\274V\236\223\262\270Ct\362\337b\356\024*\324\320\351\317\002k\336\234\027v\351\217\260\303\360\233ZPZWr\246$w\313\313\r\243r\232\2234\373\3539:N\004Q\245\272D\312D\300\300\t\323\0257\345e\271\na\215{\226\255x%T\257\037\333\004\344_/R\006E\344\037@\210\363\010\336T\226\247'\204_{\261\370""1\235\2445\343\033Y!\212\201\341\272\225'\007I\002\300d,\373\247\257\341u\341\037\204\325f\331\027\246\031\257OP\265\2224G\247`o>Q\324\013\003""; }; "
1750527639484,1750527639484,0,1,2,0,TMGetLedger,"itype: liBASE; ledgerHash: ""w^\203\302\311\316I7\371tTwp}\005|\372\214\251{R`\230V\244-\326I\351\255\325i""; ledgerSeq: 33; queryType: qtINDIRECT; ","itype: liBASE; ledgerHash: ""w^\203\302\311\316I7\371tTwp}\005|\372\214\251{R`\230V\244-\326I\351\255\325i""; ledgerSeq: 33; queryType: qtINDIRECT; "
1750527639484,1750527639484,0,1,2,0,TMValidation,"validation: """"\200\000\000\001&\000\000\000!)/\351\253\027:p\210\265\307-\212\200\004Qw^\203\302\311\316I7\371tTwp}\005|\372\214\251{R`\230V\244-\326I\351\255\325iP\027\000\000\000\000\000\000\000\000\000\000\000\000\000\000\000\000\000\000\000\000\000\000\000\000\000\000\000\000\000\000\000\000P\031\246\332qY\262\231\251\n\305\334\202\305\362\n\367@k\231\016R:\327\242\366\242\253LZY\223$Gs!\002\364d\217\366\217|\316F\232\231\241\n\261\333`\312O\367\235\025DD\336e\367\n\312\326\221\037\025\230vF0D\002 s\343\000i\266\356\004\005!}\024\336\213\345\014\333\246\244\007\255,\235-\267\210\330\347\261\325uQ9\002 }\302zI\342#\375\241Y\212K\241f\027\354\250^cx\002\310\367}\340\2445\240\302!\260\302\264""; ","validation: """"\200\000\000\001&\000\000\000!)/\351\253\027:p\210\265\307-\212\200\004Qw^\203\302\311\316I7\371tTwp}\005|\372\214\251{R`\230V\244-\326I\351\255\325iP\027\000\000\000\000\000\000\000\000\000\000\000\000\000\000\000\000\000\000\000\000\000\000\000\000\000\000\000\000\000\000\000\000P\031\246\332qY\262\231\251\n\305\334\202\305\362\n\367@k\231\016R:\327\242\366\242\253LZY\223$Gs!\002\364d\217\366\217|\316F\232\231\241\n\261\333`\312O\367\235\025DD\336e\367\n\312\326\221\037\025\230vF0D\002 s\343\000i\266\356\004\005!}\024\336\213\345\014\333\246\244\007\255,\235-\267\210\330\347\261\325uQ9\002 }\302zI\342#\375\241Y\212K\241f\027\354\250^cx\002\310\367}\340\2445\240\302!\260\302\264""; "
1750527639484,1750527639484,0,1,4,3,TMGetLedger,"itype: liBASE; ledgerHash: ""w^\203\302\311\316I7\371tTwp}\005|\372\214\251{R`\230V\244-\326I\351\255\325i""; ledgerSeq: 33; requestCookie: 1; queryType: qtINDIRECT; ","itype: liBASE; ledgerHash: ""w^\203\302\311\316I7\371tTwp}\005|\372\214\251{R`\230V\244-\326I\351\255\325i""; ledgerSeq: 33; requestCookie: 1; queryType: qtINDIRECT; "
1750527639485,1750527639485,0,1,4,3,TMGetLedger,"itype: liAS_NODE; ledgerHash: ""w^\203\302\311\316I7\371tTwp}\005|\372\214\251{R`\230V\244-\326I\351\255\325i""; ledgerSeq: 33; nodeIDs: ""\260\000\000\000\000\000\000\000\000\000\000\000\000\000\000\000\000\000\000\000\000\000\000\000\000\000\000\000\000\000\000\000\001""; queryType: qtINDIRECT; queryDepth: 1; ","itype: liAS_NODE; ledgerHash: ""w^\203\302\311\316I7\371tTwp}\005|\372\214\251{R`\230V\244-\326I\351\255\325i""; ledgerSeq: 33; nodeIDs: ""\260\000\000\000\000\000\000\000\000\000\000\000\000\000\000\000\000\000\000\000\000\000\000\000\000\000\000\000\000\000\000\000\001""; queryType: qtINDIRECT; queryDepth: 1; "
1750527639486,1750527639486,0,1,4,3,TMGetLedger,"itype: liBASE; ledgerHash: ""w^\203\302\311\316I7\371tTwp}\005|\372\214\251{R`\230V\244-\326I\351\255\325i""; ledgerSeq: 33; requestCookie: 2; queryType: qtINDIRECT; ","itype: liBASE; ledgerHash: ""w^\203\302\311\316I7\371tTwp}\005|\372\214\251{R`\230V\244-\326I\351\255\325i""; ledgerSeq: 33; requestCookie: 2; queryType: qtINDIRECT; "
1750527639486,1750527639487,0,1,3,1,TMLedgerData,"ledgerHash: ""w^\203\302\311\316I7\371tTwp}\005|\372\214\251{R`\230V\244-\326I\351\255\325i""; ledgerSeq: 33; type: liBASE; nodes {;   nodedata: ""\000\000\000!\001cEx]\211\377\330\246\332qY\262\231\251\n\305\334\202\305\362\n\367@k\231\016R:\327\242\366\242\253LZY\223$G\000\000\000\000\000\000\000\000\000\000\000\000\000\000\000\000\000\000\000\000\000\000\000\000\000\000\000\000\000\000\000\000\n09\372O\217\342~\327\367L\234\300\334\377\030g\311A\315F\013{\335/IqId/\337\317/\351\253\021/\351\253\030\n\000""; }; nodes {;   nodedata: ""\323C\344\327\264{\312-\017:\006{\177\344N\002\326bO\260\220\006\033\362\345\005U\221DzJ0\001\301\025%1L\307\t\261\262z\374\222T\301\274V\236\223\262\270Ct\362\337b\356\024*\324\320\351\317\002k\336\234\027v\351\217\260\303\360\233ZPZWr\246$w\313\313\r\243r\232\2234\373\3539:N\004Q\245\272D\312D\300\300\t\323\0257\345e\271\na\215{\226\255x%T\257\037\333\004\344_/R\006E\344\037@\210\363\010\336T\226\247'\204_{\261\370""1\235\2445\343\033Y!\212\201\341\272\225'\007I\002\300d,\373\247\257\341u\341\037\204\325f\331\027\246\031\257OP\265\2224G\247`o>Q\324\013\003""; }; requestCookie: 5; ","ledgerHash: ""w^\203\302\311\316I7\371tTwp}\005|\372\214\251{R`\230V\244-\326I\351\255\325i""; ledgerSeq: 33; type: liBASE; nodes {;   nodedata: ""\000\000\000!\001cEx]\211\377\330\246\332qY\262\231\251\n\305\334\202\305\362\n\367@k\231\016R:\327\242\366\242\253LZY\223$G\000\000\000\000\000\000\000\000\000\000\000\000\000\000\000\000\000\000\000\000\000\000\000\000\000\000\000\000\000\000\000\000\n09\372O\217\342~\327\367L\234\300\334\377\030g\311A\315F\013{\335/IqId/\337\317/\351\253\021/\351\253\030\n\000""; }; nodes {;   nodedata: ""\323C\344\327\264{\312-\017:\006{\177\344N\002\326bO\260\220\006\033\362\345\005U\221DzJ0\001\301\025%1L\307\t\261\262z\374\222T\301\274V\236\223\262\270Ct\362\337b\356\024*\324\320\351\317\002k\336\234\027v\351\217\260\303\360\233ZPZWr\246$w\313\313\r\243r\232\2234\373\3539:N\004Q\245\272D\312D\300\300\t\323\0257\345e\271\na\215{\226\255x%T\257\037\333\004\344_/R\006E\344\037@\210\363\010\336T\226\247'\204_{\261\370""1\235\2445\343\033Y!\212\201\341\272\225'\007I\002\300d,\373\247\257\341u\341\037\204\325f\331\027\246\031\257OP\265\2224G\247`o>Q\324\013\003""; }; requestCookie: 5; "
1750527639487,1750527639487,0,1,2,3,TMGetLedger,"itype: liBASE; ledgerHash: ""w^\203\302\311\316I7\371tTwp}\005|\372\214\251{R`\230V\244-\326I\351\255\325i""; ledgerSeq: 33; queryType: qtINDIRECT; ","itype: liBASE; ledgerHash: ""w^\203\302\311\316I7\371tTwp}\005|\372\214\251{R`\230V\244-\326I\351\255\325i""; ledgerSeq: 33; queryType: qtINDIRECT; "
1750527639487,1750527639487,0,1,2,3,TMGetLedger,"itype: liBASE; ledgerHash: ""w^\203\302\311\316I7\371tTwp}\005|\372\214\251{R`\230V\244-\326I\351\255\325i""; requestCookie: 5; queryType: qtINDIRECT; ","itype: liBASE; ledgerHash: ""w^\203\302\311\316I7\371tTwp}\005|\372\214\251{R`\230V\244-\326I\351\255\325i""; requestCookie: 5; queryType: qtINDIRECT; "
1750527639488,1750527639488,0,1,2,3,TMGetLedger,"itype: liBASE; ledgerHash: ""w^\203\302\311\316I7\371tTwp}\005|\372\214\251{R`\230V\244-\326I\351\255\325i""; ledgerSeq: 33; requestCookie: 3; queryType: qtINDIRECT; ","itype: liBASE; ledgerHash: ""w^\203\302\311\316I7\371tTwp}\005|\372\214\251{R`\230V\244-\326I\351\255\325i""; ledgerSeq: 33; requestCookie: 3; queryType: qtINDIRECT; "
1750527639488,1750527639488,0,1,2,3,TMGetLedger,"itype: liBASE; ledgerHash: ""w^\203\302\311\316I7\371tTwp}\005|\372\214\251{R`\230V\244-\326I\351\255\325i""; ledgerSeq: 33; requestCookie: 2; queryType: qtINDIRECT; ","itype: liBASE; ledgerHash: ""w^\203\302\311\316I7\371tTwp}\005|\372\214\251{R`\230V\244-\326I\351\255\325i""; ledgerSeq: 33; requestCookie: 2; queryType: qtINDIRECT; "
1750527639489,1750527639489,0,1,1,3,TMGetLedger,"itype: liAS_NODE; ledgerHash: ""w^\203\302\311\316I7\371tTwp}\005|\372\214\251{R`\230V\244-\326I\351\255\325i""; ledgerSeq: 33; nodeIDs: ""\260\000\000\000\000\000\000\000\000\000\000\000\000\000\000\000\000\000\000\000\000\000\000\000\000\000\000\000\000\000\000\000\001""; queryType: qtINDIRECT; queryDepth: 1; ","itype: liAS_NODE; ledgerHash: ""w^\203\302\311\316I7\371tTwp}\005|\372\214\251{R`\230V\244-\326I\351\255\325i""; ledgerSeq: 33; nodeIDs: ""\260\000\000\000\000\000\000\000\000\000\000\000\000\000\000\000\000\000\000\000\000\000\000\000\000\000\000\000\000\000\000\000\001""; queryType: qtINDIRECT; queryDepth: 1; "
1750527639489,1750527639489,0,1,1,3,TMGetLedger,"itype: liBASE; ledgerHash: ""w^\203\302\311\316I7\371tTwp}\005|\372\214\251{R`\230V\244-\326I\351\255\325i""; ledgerSeq: 33; requestCookie: 3; queryType: qtINDIRECT; ","itype: liBASE; ledgerHash: ""w^\203\302\311\316I7\371tTwp}\005|\372\214\251{R`\230V\244-\326I\351\255\325i""; ledgerSeq: 33; requestCookie: 3; queryType: qtINDIRECT; "
1750527639490,1750527639490,0,1,1,3,TMGetLedger,"itype: liBASE; ledgerHash: ""w^\203\302\311\316I7\371tTwp}\005|\372\214\251{R`\230V\244-\326I\351\255\325i""; ledgerSeq: 33; requestCookie: 2; queryType: qtINDIRECT; ","itype: liBASE; ledgerHash: ""w^\203\302\311\316I7\371tTwp}\005|\372\214\251{R`\230V\244-\326I\351\255\325i""; ledgerSeq: 33; requestCookie: 2; queryType: qtINDIRECT; "
1750527639490,1750527639490,0,1,3,4,TMLedgerData,"ledgerHash: ""w^\203\302\311\316I7\371tTwp}\005|\372\214\251{R`\230V\244-\326I\351\255\325i""; ledgerSeq: 33; type: liBASE; nodes {;   nodedata: ""\000\000\000!\001cEx]\211\377\330\246\332qY\262\231\251\n\305\334\202\305\362\n\367@k\231\016R:\327\242\366\242\253LZY\223$G\000\000\000\000\000\000\000\000\000\000\000\000\000\000\000\000\000\000\000\000\000\000\000\000\000\000\000\000\000\000\000\000\n09\372O\217\342~\327\367L\234\300\334\377\030g\311A\315F\013{\335/IqId/\337\317/\351\253\021/\351\253\030\n\000""; }; nodes {;   nodedata: ""\323C\344\327\264{\312-\017:\006{\177\344N\002\326bO\260\220\006\033\362\345\005U\221DzJ0\001\301\025%1L\307\t\261\262z\374\222T\301\274V\236\223\262\270Ct\362\337b\356\024*\324\320\351\317\002k\336\234\027v\351\217\260\303\360\233ZPZWr\246$w\313\313\r\243r\232\2234\373\3539:N\004Q\245\272D\312D\300\300\t\323\0257\345e\271\na\215{\226\255x%T\257\037\333\004\344_/R\006E\344\037@\210\363\010\336T\226\247'\204_{\261\370""1\235\2445\343\033Y!\212\201\341\272\225'\007I\002\300d,\373\247\257\341u\341\037\204\325f\331\027\246\031\257OP\265\2224G\247`o>Q\324\013\003""; }; requestCookie: 3; ","ledgerHash: ""w^\203\302\311\316I7\371tTwp}\005|\372\214\251{R`\230V\244-\326I\351\255\325i""; ledgerSeq: 33; type: liBASE; nodes {;   nodedata: ""\000\000\000!\001cEx]\211\377\330\246\332qY\262\231\251\n\305\334\202\305\362\n\367@k\231\016R:\327\242\366\242\253LZY\223$G\000\000\000\000\000\000\000\000\000\000\000\000\000\000\000\000\000\000\000\000\000\000\000\000\000\000\000\000\000\000\000\000\n09\372O\217\342~\327\367L\234\300\334\377\030g\311A\315F\013{\335/IqId/\337\317/\351\253\021/\351\253\030\n\000""; }; nodes {;   nodedata: ""\323C\344\327\264{\312-\017:\006{\177\344N\002\326bO\260\220\006\033\362\345\005U\221DzJ0\001\301\025%1L\307\t\261\262z\374\222T\301\274V\236\223\262\270Ct\362\337b\356\024*\324\320\351\317\002k\336\234\027v\351\217\260\303\360\233ZPZWr\246$w\313\313\r\243r\232\2234\373\3539:N\004Q\245\272D\312D\300\300\t\323\0257\345e\271\na\215{\226\255x%T\257\037\333\004\344_/R\006E\344\037@\210\363\010\336T\226\247'\204_{\261\370""1\235\2445\343\033Y!\212\201\341\272\225'\007I\002\300d,\373\247\257\341u\341\037\204\325f\331\027\246\031\257OP\265\2224G\247`o>Q\324\013\003""; }; requestCookie: 3; "
1750527639491,1750527639491,0,1,0,3,TMGetLedger,"itype: liBASE; ledgerHash: ""w^\203\302\311\316I7\371tTwp}\005|\372\214\251{R`\230V\244-\326I\351\255\325i""; requestCookie: 5; queryType: qtINDIRECT; ","itype: liBASE; ledgerHash: ""w^\203\302\311\316I7\371tTwp}\005|\372\214\251{R`\230V\244-\326I\351\255\325i""; requestCookie: 5; queryType: qtINDIRECT; "
1750527639491,1750527639491,0,1,0,3,TMGetLedger,"itype: liBASE; ledgerHash: ""w^\203\302\311\316I7\371tTwp}\005|\372\214\251{R`\230V\244-\326I\351\255\325i""; ledgerSeq: 33; queryType: qtINDIRECT; ","itype: liBASE; ledgerHash: ""w^\203\302\311\316I7\371tTwp}\005|\372\214\251{R`\230V\244-\326I\351\255\325i""; ledgerSeq: 33; queryType: qtINDIRECT; "
1750527639492,1750527639492,0,1,0,3,TMGetLedger,"itype: liBASE; ledgerHash: ""w^\203\302\311\316I7\371tTwp}\005|\372\214\251{R`\230V\244-\326I\351\255\325i""; ledgerSeq: 33; requestCookie: 2; queryType: qtINDIRECT; ","itype: liBASE; ledgerHash: ""w^\203\302\311\316I7\371tTwp}\005|\372\214\251{R`\230V\244-\326I\351\255\325i""; ledgerSeq: 33; requestCookie: 2; queryType: qtINDIRECT; "
1750527639492,1750527639492,0,1,3,4,TMLedgerData,"ledgerHash: ""w^\203\302\311\316I7\371tTwp}\005|\372\214\251{R`\230V\244-\326I\351\255\325i""; ledgerSeq: 33; type: liBASE; nodes {;   nodedata: ""\000\000\000!\001cEx]\211\377\330\246\332qY\262\231\251\n\305\334\202\305\362\n\367@k\231\016R:\327\242\366\242\253LZY\223$G\000\000\000\000\000\000\000\000\000\000\000\000\000\000\000\000\000\000\000\000\000\000\000\000\000\000\000\000\000\000\000\000\n09\372O\217\342~\327\367L\234\300\334\377\030g\311A\315F\013{\335/IqId/\337\317/\351\253\021/\351\253\030\n\000""; }; nodes {;   nodedata: ""\323C\344\327\264{\312-\017:\006{\177\344N\002\326bO\260\220\006\033\362\345\005U\221DzJ0\001\301\025%1L\307\t\261\262z\374\222T\301\274V\236\223\262\270Ct\362\337b\356\024*\324\320\351\317\002k\336\234\027v\351\217\260\303\360\233ZPZWr\246$w\313\313\r\243r\232\2234\373\3539:N\004Q\245\272D\312D\300\300\t\323\0257\345e\271\na\215{\226\255x%T\257\037\333\004\344_/R\006E\344\037@\210\363\010\336T\226\247'\204_{\261\370""1\235\2445\343\033Y!\212\201\341\272\225'\007I\002\300d,\373\247\257\341u\341\037\204\325f\331\027\246\031\257OP\265\2224G\247`o>Q\324\013\003""; }; requestCookie: 1; ","ledgerHash: ""w^\203\302\311\316I7\371tTwp}\005|\372\214\251{R`\230V\244-\326I\351\255\325i""; ledgerSeq: 33; type: liBASE; nodes {;   nodedata: ""\000\000\000!\001cEx]\211\377\330\246\332qY\262\231\251\n\305\334\202\305\362\n\367@k\231\016R:\327\242\366\242\253LZY\223$G\000\000\000\000\000\000\000\000\000\000\000\000\000\000\000\000\000\000\000\000\000\000\000\000\000\000\000\000\000\000\000\000\n09\372O\217\342~\327\367L\234\300\334\377\030g\311A\315F\013{\335/IqId/\337\317/\351\253\021/\351\253\030\n\000""; }; nodes {;   nodedata: ""\323C\344\327\264{\312-\017:\006{\177\344N\002\326bO\260\220\006\033\362\345\005U\221DzJ0\001\301\025%1L\307\t\261\262z\374\222T\301\274V\236\223\262\270Ct\362\337b\356\024*\324\320\351\317\002k\336\234\027v\351\217\260\303\360\233ZPZWr\246$w\313\313\r\243r\232\2234\373\3539:N\004Q\245\272D\312D\300\300\t\323\0257\345e\271\na\215{\226\255x%T\257\037\333\004\344_/R\006E\344\037@\210\363\010\336T\226\247'\204_{\261\370""1\235\2445\343\033Y!\212\201\341\272\225'\007I\002\300d,\373\247\257\341u\341\037\204\325f\331\027\246\031\257OP\265\2224G\247`o>Q\324\013\003""; }; requestCookie: 1; "
1750527639493,1750527639493,0,1,3,4,TMLedgerData,"ledgerHash: ""w^\203\302\311\316I7\371tTwp}\005|\372\214\251{R`\230V\244-\326I\351\255\325i""; ledgerSeq: 33; type: liAS_NODE; nodes {;   nodedata: ""\021\000h""\000\000\000\000 \033\000\000\000 \002\023\304_\330\356GuH\375\327!\255\371\r\231\262R\256J\034\222\241\355X\265E\241^W\225\304\014\361CX-}\351f\032\255\274\334m\326c\017\014ao[\342\230\003\245\245\3341Hm\326^\017jy\335\261\032Yt\320\244{g\0306\\302\303*\341\215\223\257\364\277o\375\000r\241SOq\221\253\262\005\017\375T\356\014\360o'\030\311-\267\031\257!\031T\006><\315XM\334\324\345\034\000\325\367\240\271\013\265\024\321\362\354\211\250.\234s\225amc\305\035\366\276\037nD\277`\210\223N\3535\033\261\304f\331]\036\237\306o!\223\221\002\324\031\262\240R\177 ,\214\325\Q])\016\2067\277\t\354\010\000\360\215\2502\265\245\310\226\243c\302Ze\306\253#r\020\211\320iG\276\020E\317\035Sf\223F\254\033@\177e\277\016\010u\327\371&\262\312\317Q\2361t\377x\234\001v\003%\030\325_\225g\204\346a=\225\273\331\354\365*U\363\263N\367b\371\244\314-w\363\262\225Z\200\206\235\233\257?sE\2674\254\326mU\377?\177Ek\336\030!\316Aa\225\303\022\377{\210Y\226\271as\354L\035\004\341\361\035\301\024\220m#*\372\032\3178~\374\250\014*\323\342'z69\220\327\256\351G\367\317u\302\207\270b\315\333\333\334\310I\323&\014\352XZnW2.\335\347\202\021\247\362\212e\034\000\001\250\220\305;a\314\265R\310\017\317\331\235\360\262\240:\277\202\266\354\265X""\022\nh\252\352w\204\203\023]\001f\352\277\0031Q]\362\370R\350{\261\202\240\344\215\201\353\276\322p5p\350\354\017>\250r\241c\273\016\301\024\363\242\247\263\231\370\344\nBW\220K\316@3\243\200\036wk\253GSlU\010\360\231>\331\263H\214\324\030A\225\301o\346pkSF\004\241\213w9\223=\250\262*+\255\351r\265\244c\024\213\t\007`\223\325#\3477\210\345P\306\013\320\252[\0216+\227=`\371P\314\346 V7\271[~\n\237\274|\347\352@K\253~&\260\032\024\004B\200\255h\351\013\361\031:nG\211\005|\2003\266\274\251,W\006u\344\335d\003\306\212\313,\340\350bG\n\030Z\2732-\246\312\255\030\003\235207\005}D\260\0261ah\322M\304\216\273m0\271\234\237\007<w$\265C\245\232\033\023\313c\321B\032l\301h\005\320\252\301\361(\330[\343\357\343{\235\n\266g\272>\177\317\347\261qb&\270&\346ju\200\363N\320\307\004\034\001n\317\361\2653\254\2503\247\305\372\316W\022O\253x\250\025\373\247\354Tc\304\263\243^\352Gv\\264\261\r\035\226\306\2411\351\233\203\215\200$\231\300f\220\371c@\017\254\363\\371\340\340VaR\205~^\226\342t\360\022\204d\231\205)\272\364?\361!\334\331\315\254\230\rBG\314\023\246\244=\351\177\254\302b&\276+H;0\312\021&\275\036\237\350R\313\206R\331\304k\323u\263t\221\213yC\241\217A\242\027g\322\241'\212.E?B_\316\327\217J +\370\t^b\005\020\003\211\373\247|hC\271Nmk~J\270EU\274\036-\347\240\312FA\321\341bca\253\025\321\311\317\021\375\317\217\n\272\033o\353G>\275\361H\265\240\232um""\317\324`\214\221\314\000\211K\223+(""\200i \311\372g\254\343ZR0\224\275q\252\357\213\263\206N\357&Q\217\267\303\356I\236\357\264\311b\037\366\035\253\343\311\265\240\327q\206f\262ODi\215-\363>\034\236l\273\005G\316F\217}[\036\007\270:\260\335\271B\241N\345\330\204\327f\361\272Kb\0377p\334\264\237\177~\330]\252+:\317u\302h\n\351\n\364\231\277R\371\356\033y\265v\360Ny\246\332qY\262\231\251\n\305\334\202\305\362\n\367@k\231\016R:\327\242\366\242\253LZY\223$G\264\227\2326\315\307\363\323\325\303\032N\256*\307\327 \235\332\207u\210\271\257\306g\231i*\260\326k\001"";   nodeid: ""\260\000\000\000\000\000\000\000\000\000\000\000\000\000\000\000\000\000\000\000\000\000\000\000\000\000\000\000\000\000\000\000\001""; }; ","ledgerHash: ""w^\203\302\311\316I7\371tTwp}\005|\372\214\251{R`\230V\244-\326I\351\255\325i""; ledgerSeq: 33; type: liAS_NODE; nodes {;   nodedata: ""\021\000h""\000\000\000\000 \033\000\000\000 \002\023\304_\330\356GuH\375\327!\255\371\r\231\262R\256J\034\222\241\355X\265E\241^W\225\304\014\361CX-}\351f\032\255\274\334m\326c\017\014ao[\342\230\003\245\245\3341Hm\326^\017jy\335\261\032Yt\320\244{g\0306\\302\303*\341\215\223\257\364\277o\375\000r\241SOq\221\253\262\005\017\375T\356\014\360o'\030\311-\267\031\257!\031T\006><\315XM\334\324\345\034\000\325\367\240\271\013\265\024\321\362\354\211\250.\234s\225amc\305\035\366\276\037nD\277`\210\223N\3535\033\261\304f\331]\036\237\306o!\223\221\002\324\031\262\240R\177 ,\214\325\Q])\016\2067\277\t\354\010\000\360\215\2502\265\245\310\226\243c\302Ze\306\253#r\020\211\320iG\276\020E\317\035Sf\223F\254\033@\177e\277\016\010u\327\371&\262\312\317Q\2361t\377x\234\001v\003%\030\325_\225g\204\346a=\225\273\331\354\365*U\363\263N\367b\371\244\314-w\363\262\225Z\200\206\235\233\257?sE\2674\254\326mU\377?\177Ek\336\030!\316Aa\225\303\022\377{\210Y\226\271as\354L\035\004\341\361\035\301\024\220m#*\372\032\3178~\374\250\014*\323\342'z69\220\327\256\351G\367\317u\302\207\270b\315\333\333\334\310I\323&\014\352XZnW2.\335\347\202\021\247\362\212e\034\000\001\250\220\305;a\314\265R\310\017\317\331\235\360\262\240:\277\202\266\354\265X""\022\nh\252\352w\204\203\023]\001f\352\277\0031Q]\362\370R\350{\261\202\240\344\215\201\353\276\322p5p\350\354\017>\250r\241c\273\016\301\024\363\242\247\263\231\370\344\nBW\220K\316@3\243\200\036wk\253GSlU\010\360\231>\331\263H\214\324\030A\225\301o\346pkSF\004\241\213w9\223=\250\262*+\255\351r\265\244c\024\213\t\007`\223\325#\3477\210\345P\306\013\320\252[\0216+\227=`\371P\314\346 V7\271[~\n\237\274|\347\352@K\253~&\260\032\024\004B\200\255h\351\013\361\031:nG\211\005|\2003\266\274\251,W\006u\344\335d\003\306\212\313,\340\350bG\n\030Z\2732-\246\312\255\030\003\235207\005}D\260\0261ah\322M\304\216\273m0\271\234\237\007<w$\265C\245\232\033\023\313c\321B\032l\301h\005\320\252\301\361(\330[\343\357\343{\235\n\266g\272>\177\317\347\261qb&\270&\346ju\200\363N\320\307\004\034\001n\317\361\2653\254\2503\247\305\372\316W\022O\253x\250\025\373\247\354Tc\304\263\243^\352Gv\\264\261\r\035\226\306\2411\351\233\203\215\200$\231\300f\220\371c@\017\254\363\\371\340\340VaR\205~^\226\342t\360\022\204d\231\205)\272\364?\361!\334\331\315\254\230\rBG\314\023\246\244=\351\177\254\302b&\276+H;0\312\021&\275\036\237\350R\313\206R\331\304k\323u\263t\221\213yC\241\217A\242\027g\322\241'\212.E?B_\316\327\217J +\370\t^b\005\020\003\211\373\247|hC\271Nmk~J\270EU\274\036-\347\240\312FA\321\341bca\253\025\321\311\317\021\375\317\217\n\272\033o\353G>\275\361H\265\240\232um""\317\324`\214\221\314\000\211K\223+(""\200i \311\372g\254\343ZR0\224\275q\252\357\213\263\206N\357&Q\217\267\303\356I\236\357\264\311b\037\366\035\253\343\311\265\240\327q\206f\262ODi\215-\363>\034\236l\273\005G\316F\217}[\036\007\270:\260\335\271B\241N\345\330\204\327f\361\272Kb\0377p\334\264\237\177~\330]\252+:\317u\302h\n\351\n\364\231\277R\371\356\033y\265v\360Ny\246\332qY\262\231\251\n\305\334\202\305\362\n\367@k\231\016R:\327\242\366\242\253LZY\223$G\264\227\2326\315\307\363\323\325\303\032N\256*\307\327 \235\332\207u\210\271\257\306g\231i*\260\326k\001"";   nodeid: ""\260\000\000\000\000\000\000\000\000\000\000\000\000\000\000\000\000\000\000\000\000\000\000\000\000\000\000\000\000\000\000\000\001""; }; "
1750527639494,1750527639494,0,1,3,4,TMLedgerData,"ledgerHash: ""w^\203\302\311\316I7\371tTwp}\005|\372\214\251{R`\230V\244-\326I\351\255\325i""; ledgerSeq: 33; type: liBASE; nodes {;   nodedata: ""\000\000\000!\001cEx]\211\377\330\246\332qY\262\231\251\n\305\334\202\305\362\n\367@k\231\016R:\327\242\366\242\253LZY\223$G\000\000\000\000\000\000\000\000\000\000\000\000\000\000\000\000\000\000\000\000\000\000\000\000\000\000\000\000\000\000\000\000\n09\372O\217\342~\327\367L\234\300\334\377\030g\311A\315F\013{\335/IqId/\337\317/\351\253\021/\351\253\030\n\000""; }; nodes {;   nodedata: ""\323C\344\327\264{\312-\017:\006{\177\344N\002\326bO\260\220\006\033\362\345\005U\221DzJ0\001\301\025%1L\307\t\261\262z\374\222T\301\274V\236\223\262\270Ct\362\337b\356\024*\324\320\351\317\002k\336\234\027v\351\217\260\303\360\233ZPZWr\246$w\313\313\r\243r\232\2234\373\3539:N\004Q\245\272D\312D\300\300\t\323\0257\345e\271\na\215{\226\255x%T\257\037\333\004\344_/R\006E\344\037@\210\363\010\336T\226\247'\204_{\261\370""1\235\2445\343\033Y!\212\201\341\272\225'\007I\002\300d,\373\247\257\341u\341\037\204\325f\331\027\246\031\257OP\265\2224G\247`o>Q\324\013\003""; }; requestCookie: 2; ","ledgerHash: ""w^\203\302\311\316I7\371tTwp}\005|\372\214\251{R`\230V\244-\326I\351\255\325i""; ledgerSeq: 33; type: liBASE; nodes {;   nodedata: ""\000\000\000!\001cEx]\211\377\330\246\332qY\262\231\251\n\305\334\202\305\362\n\367@k\231\016R:\327\242\366\242\253LZY\223$G\000\000\000\000\000\000\000\000\000\000\000\000\000\000\000\000\000\000\000\000\000\000\000\000\000\000\000\000\000\000\000\000\n09\372O\217\342~\327\367L\234\300\334\377\030g\311A\315F\013{\335/IqId/\337\317/\351\253\021/\351\253\030\n\000""; }; nodes {;   nodedata: ""\323C\344\327\264{\312-\017:\006{\177\344N\002\326bO\260\220\006\033\362\345\005U\221DzJ0\001\301\025%1L\307\t\261\262z\374\222T\301\274V\236\223\262\270Ct\362\337b\356\024*\324\320\351\317\002k\336\234\027v\351\217\260\303\360\233ZPZWr\246$w\313\313\r\243r\232\2234\373\3539:N\004Q\245\272D\312D\300\300\t\323\0257\345e\271\na\215{\226\255x%T\257\037\333\004\344_/R\006E\344\037@\210\363\010\336T\226\247'\204_{\261\370""1\235\2445\343\033Y!\212\201\341\272\225'\007I\002\300d,\373\247\257\341u\341\037\204\325f\331\027\246\031\257OP\265\2224G\247`o>Q\324\013\003""; }; requestCookie: 2; "
1750527639494,1750527639494,0,1,1,4,TMLedgerData,"ledgerHash: ""w^\203\302\311\316I7\371tTwp}\005|\372\214\251{R`\230V\244-\326I\351\255\325i""; ledgerSeq: 33; type: liBASE; nodes {;   nodedata: ""\000\000\000!\001cEx]\211\377\330\246\332qY\262\231\251\n\305\334\202\305\362\n\367@k\231\016R:\327\242\366\242\253LZY\223$G\000\000\000\000\000\000\000\000\000\000\000\000\000\000\000\000\000\000\000\000\000\000\000\000\000\000\000\000\000\000\000\000\n09\372O\217\342~\327\367L\234\300\334\377\030g\311A\315F\013{\335/IqId/\337\317/\351\253\021/\351\253\030\n\000""; }; nodes {;   nodedata: ""\323C\344\327\264{\312-\017:\006{\177\344N\002\326bO\260\220\006\033\362\345\005U\221DzJ0\001\301\025%1L\307\t\261\262z\374\222T\301\274V\236\223\262\270Ct\362\337b\356\024*\324\320\351\317\002k\336\234\027v\351\217\260\303\360\233ZPZWr\246$w\313\313\r\243r\232\2234\373\3539:N\004Q\245\272D\312D\300\300\t\323\0257\345e\271\na\215{\226\255x%T\257\037\333\004\344_/R\006E\344\037@\210\363\010\336T\226\247'\204_{\261\370""1\235\2445\343\033Y!\212\201\341\272\225'\007I\002\300d,\373\247\257\341u\341\037\204\325f\331\027\246\031\257OP\265\2224G\247`o>Q\324\013\003""; }; ","ledgerHash: ""w^\203\302\311\316I7\371tTwp}\005|\372\214\251{R`\230V\244-\326I\351\255\325i""; ledgerSeq: 33; type: liBASE; nodes {;   nodedata: ""\000\000\000!\001cEx]\211\377\330\246\332qY\262\231\251\n\305\334\202\305\362\n\367@k\231\016R:\327\242\366\242\253LZY\223$G\000\000\000\000\000\000\000\000\000\000\000\000\000\000\000\000\000\000\000\000\000\000\000\000\000\000\000\000\000\000\000\000\n09\372O\217\342~\327\367L\234\300\334\377\030g\311A\315F\013{\335/IqId/\337\317/\351\253\021/\351\253\030\n\000""; }; nodes {;   nodedata: ""\323C\344\327\264{\312-\017:\006{\177\344N\002\326bO\260\220\006\033\362\345\005U\221DzJ0\001\301\025%1L\307\t\261\262z\374\222T\301\274V\236\223\262\270Ct\362\337b\356\024*\324\320\351\317\002k\336\234\027v\351\217\260\303\360\233ZPZWr\246$w\313\313\r\243r\232\2234\373\3539:N\004Q\245\272D\312D\300\300\t\323\0257\345e\271\na\215{\226\255x%T\257\037\333\004\344_/R\006E\344\037@\210\363\010\336T\226\247'\204_{\261\370""1\235\2445\343\033Y!\212\201\341\272\225'\007I\002\300d,\373\247\257\341u\341\037\204\325f\331\027\246\031\257OP\265\2224G\247`o>Q\324\013\003""; }; "
1750527639495,1750527639495,0,1,3,2,TMLedgerData,"ledgerHash: ""w^\203\302\311\316I7\371tTwp}\005|\372\214\251{R`\230V\244-\326I\351\255\325i""; ledgerSeq: 33; type: liBASE; nodes {;   nodedata: ""\000\000\000!\001cEx]\211\377\330\246\332qY\262\231\251\n\305\334\202\305\362\n\367@k\231\016R:\327\242\366\242\253LZY\223$G\000\000\000\000\000\000\000\000\000\000\000\000\000\000\000\000\000\000\000\000\000\000\000\000\000\000\000\000\000\000\000\000\n09\372O\217\342~\327\367L\234\300\334\377\030g\311A\315F\013{\335/IqId/\337\317/\351\253\021/\351\253\030\n\000""; }; nodes {;   nodedata: ""\323C\344\327\264{\312-\017:\006{\177\344N\002\326bO\260\220\006\033\362\345\005U\221DzJ0\001\301\025%1L\307\t\261\262z\374\222T\301\274V\236\223\262\270Ct\362\337b\356\024*\324\320\351\317\002k\336\234\027v\351\217\260\303\360\233ZPZWr\246$w\313\313\r\243r\232\2234\373\3539:N\004Q\245\272D\312D\300\300\t\323\0257\345e\271\na\215{\226\255x%T\257\037\333\004\344_/R\006E\344\037@\210\363\010\336T\226\247'\204_{\261\370""1\235\2445\343\033Y!\212\201\341\272\225'\007I\002\300d,\373\247\257\341u\341\037\204\325f\331\027\246\031\257OP\265\2224G\247`o>Q\324\013\003""; }; requestCookie: 5; ","ledgerHash: ""w^\203\302\311\316I7\371tTwp}\005|\372\214\251{R`\230V\244-\326I\351\255\325i""; ledgerSeq: 33; type: liBASE; nodes {;   nodedata: ""\000\000\000!\001cEx]\211\377\330\246\332qY\262\231\251\n\305\334\202\305\362\n\367@k\231\016R:\327\242\366\242\253LZY\223$G\000\000\000\000\000\000\000\000\000\000\000\000\000\000\000\000\000\000\000\000\000\000\000\000\000\000\000\000\000\000\000\000\n09\372O\217\342~\327\367L\234\300\334\377\030g\311A\315F\013{\335/IqId/\337\317/\351\253\021/\351\253\030\n\000""; }; nodes {;   nodedata: ""\323C\344\327\264{\312-\017:\006{\177\344N\002\326bO\260\220\006\033\362\345\005U\221DzJ0\001\301\025%1L\307\t\261\262z\374\222T\301\274V\236\223\262\270Ct\362\337b\356\024*\324\320\351\317\002k\336\234\027v\351\217\260\303\360\233ZPZWr\246$w\313\313\r\243r\232\2234\373\3539:N\004Q\245\272D\312D\300\300\t\323\0257\345e\271\na\215{\226\255x%T\257\037\333\004\344_/R\006E\344\037@\210\363\010\336T\226\247'\204_{\261\370""1\235\2445\343\033Y!\212\201\341\272\225'\007I\002\300d,\373\247\257\341u\341\037\204\325f\331\027\246\031\257OP\265\2224G\247`o>Q\324\013\003""; }; requestCookie: 5; "
1750527639495,1750527639495,0,1,3,2,TMLedgerData,"ledgerHash: ""w^\203\302\311\316I7\371tTwp}\005|\372\214\251{R`\230V\244-\326I\351\255\325i""; ledgerSeq: 33; type: liBASE; nodes {;   nodedata: ""\000\000\000!\001cEx]\211\377\330\246\332qY\262\231\251\n\305\334\202\305\362\n\367@k\231\016R:\327\242\366\242\253LZY\223$G\000\000\000\000\000\000\000\000\000\000\000\000\000\000\000\000\000\000\000\000\000\000\000\000\000\000\000\000\000\000\000\000\n09\372O\217\342~\327\367L\234\300\334\377\030g\311A\315F\013{\335/IqId/\337\317/\351\253\021/\351\253\030\n\000""; }; nodes {;   nodedata: ""\323C\344\327\264{\312-\017:\006{\177\344N\002\326bO\260\220\006\033\362\345\005U\221DzJ0\001\301\025%1L\307\t\261\262z\374\222T\301\274V\236\223\262\270Ct\362\337b\356\024*\324\320\351\317\002k\336\234\027v\351\217\260\303\360\233ZPZWr\246$w\313\313\r\243r\232\2234\373\3539:N\004Q\245\272D\312D\300\300\t\323\0257\345e\271\na\215{\226\255x%T\257\037\333\004\344_/R\006E\344\037@\210\363\010\336T\226\247'\204_{\261\370""1\235\2445\343\033Y!\212\201\341\272\225'\007I\002\300d,\373\247\257\341u\341\037\204\325f\331\027\246\031\257OP\265\2224G\247`o>Q\324\013\003""; }; ","ledgerHash: ""w^\203\302\311\316I7\371tTwp}\005|\372\214\251{R`\230V\244-\326I\351\255\325i""; ledgerSeq: 33; type: liBASE; nodes {;   nodedata: ""\000\000\000!\001cEx]\211\377\330\246\332qY\262\231\251\n\305\334\202\305\362\n\367@k\231\016R:\327\242\366\242\253LZY\223$G\000\000\000\000\000\000\000\000\000\000\000\000\000\000\000\000\000\000\000\000\000\000\000\000\000\000\000\000\000\000\000\000\n09\372O\217\342~\327\367L\234\300\334\377\030g\311A\315F\013{\335/IqId/\337\317/\351\253\021/\351\253\030\n\000""; }; nodes {;   nodedata: ""\323C\344\327\264{\312-\017:\006{\177\344N\002\326bO\260\220\006\033\362\345\005U\221DzJ0\001\301\025%1L\307\t\261\262z\374\222T\301\274V\236\223\262\270Ct\362\337b\356\024*\324\320\351\317\002k\336\234\027v\351\217\260\303\360\233ZPZWr\246$w\313\313\r\243r\232\2234\373\3539:N\004Q\245\272D\312D\300\300\t\323\0257\345e\271\na\215{\226\255x%T\257\037\333\004\344_/R\006E\344\037@\210\363\010\336T\226\247'\204_{\261\370""1\235\2445\343\033Y!\212\201\341\272\225'\007I\002\300d,\373\247\257\341u\341\037\204\325f\331\027\246\031\257OP\265\2224G\247`o>Q\324\013\003""; }; "
1750527639496,1750527639496,0,1,3,2,TMLedgerData,"ledgerHash: ""w^\203\302\311\316I7\371tTwp}\005|\372\214\251{R`\230V\244-\326I\351\255\325i""; ledgerSeq: 33; type: liBASE; nodes {;   nodedata: ""\000\000\000!\001cEx]\211\377\330\246\332qY\262\231\251\n\305\334\202\305\362\n\367@k\231\016R:\327\242\366\242\253LZY\223$G\000\000\000\000\000\000\000\000\000\000\000\000\000\000\000\000\000\000\000\000\000\000\000\000\000\000\000\000\000\000\000\000\n09\372O\217\342~\327\367L\234\300\334\377\030g\311A\315F\013{\335/IqId/\337\317/\351\253\021/\351\253\030\n\000""; }; nodes {;   nodedata: ""\323C\344\327\264{\312-\017:\006{\177\344N\002\326bO\260\220\006\033\362\345\005U\221DzJ0\001\301\025%1L\307\t\261\262z\374\222T\301\274V\236\223\262\270Ct\362\337b\356\024*\324\320\351\317\002k\336\234\027v\351\217\260\303\360\233ZPZWr\246$w\313\313\r\243r\232\2234\373\3539:N\004Q\245\272D\312D\300\300\t\323\0257\345e\271\na\215{\226\255x%T\257\037\333\004\344_/R\006E\344\037@\210\363\010\336T\226\247'\204_{\261\370""1\235\2445\343\033Y!\212\201\341\272\225'\007I\002\300d,\373\247\257\341u\341\037\204\325f\331\027\246\031\257OP\265\2224G\247`o>Q\324\013\003""; }; requestCookie: 3; ","ledgerHash: ""w^\203\302\311\316I7\371tTwp}\005|\372\214\251{R`\230V\244-\326I\351\255\325i""; ledgerSeq: 33; type: liBASE; nodes {;   nodedata: ""\000\000\000!\001cEx]\211\377\330\246\332qY\262\231\251\n\305\334\202\305\362\n\367@k\231\016R:\327\242\366\242\253LZY\223$G\000\000\000\000\000\000\000\000\000\000\000\000\000\000\000\000\000\000\000\000\000\000\000\000\000\000\000\000\000\000\000\000\n09\372O\217\342~\327\367L\234\300\334\377\030g\311A\315F\013{\335/IqId/\337\317/\351\253\021/\351\253\030\n\000""; }; nodes {;   nodedata: ""\323C\344\327\264{\312-\017:\006{\177\344N\002\326bO\260\220\006\033\362\345\005U\221DzJ0\001\301\025%1L\307\t\261\262z\374\222T\301\274V\236\223\262\270Ct\362\337b\356\024*\324\320\351\317\002k\336\234\027v\351\217\260\303\360\233ZPZWr\246$w\313\313\r\243r\232\2234\373\3539:N\004Q\245\272D\312D\300\300\t\323\0257\345e\271\na\215{\226\255x%T\257\037\333\004\344_/R\006E\344\037@\210\363\010\336T\226\247'\204_{\261\370""1\235\2445\343\033Y!\212\201\341\272\225'\007I\002\300d,\373\247\257\341u\341\037\204\325f\331\027\246\031\257OP\265\2224G\247`o>Q\324\013\003""; }; requestCookie: 3; "
1750527639497,1750527639497,0,1,3,1,TMLedgerData,"ledgerHash: ""w^\203\302\311\316I7\371tTwp}\005|\372\214\251{R`\230V\244-\326I\351\255\325i""; ledgerSeq: 33; type: liAS_NODE; nodes {;   nodedata: ""\021\000h""\000\000\000\000 \033\000\000\000 \002\023\304_\330\356GuH\375\327!\255\371\r\231\262R\256J\034\222\241\355X\265E\241^W\225\304\014\361CX-}\351f\032\255\274\334m\326c\017\014ao[\342\230\003\245\245\3341Hm\326^\017jy\335\261\032Yt\320\244{g\0306\\302\303*\341\215\223\257\364\277o\375\000r\241SOq\221\253\262\005\017\375T\356\014\360o'\030\311-\267\031\257!\031T\006><\315XM\334\324\345\034\000\325\367\240\271\013\265\024\321\362\354\211\250.\234s\225amc\305\035\366\276\037nD\277`\210\223N\3535\033\261\304f\331]\036\237\306o!\223\221\002\324\031\262\240R\177 ,\214\325\Q])\016\2067\277\t\354\010\000\360\215\2502\265\245\310\226\243c\302Ze\306\253#r\020\211\320iG\276\020E\317\035Sf\223F\254\033@\177e\277\016\010u\327\371&\262\312\317Q\2361t\377x\234\001v\003%\030\325_\225g\204\346a=\225\273\331\354\365*U\363\263N\367b\371\244\314-w\363\262\225Z\200\206\235\233\257?sE\2674\254\326mU\377?\177Ek\336\030!\316Aa\225\303\022\377{\210Y\226\271as\354L\035\004\341\361\035\301\024\220m#*\372\032\3178~\374\250\014*\323\342'z69\220\327\256\351G\367\317u\302\207\270b\315\333\333\334\310I\323&\014\352XZnW2.\335\347\202\021\247\362\212e\034\000\001\250\220\305;a\314\265R\310\017\317\331\235\360\262\240:\277\202\266\354\265X""\022\nh\252\352w\204\203\023]\001f\352\277\0031Q]\362\370R\350{\261\202\240\344\215\201\353\276\322p5p\350\354\017>\250r\241c\273\016\301\024\363\242\247\263\231\370\344\nBW\220K\316@3\243\200\036wk\253GSlU\010\360\231>\331\263H\214\324\030A\225\301o\346pkSF\004\241\213w9\223=\250\262*+\255\351r\265\244c\024\213\t\007`\223\325#\3477\210\345P\306\013\320\252[\0216+\227=`\371P\314\346 V7\271[~\n\237\274|\347\352@K\253~&\260\032\024\004B\200\255h\351\013\361\031:nG\211\005|\2003\266\274\251,W\006u\344\335d\003\306\212\313,\340\350bG\n\030Z\2732-\246\312\255\030\003\235207\005}D\260\0261ah\322M\304\216\273m0\271\234\237\007<w$\265C\245\232\033\023\313c\321B\032l\301h\005\320\252\301\361(\330[\343\357\343{\235\n\266g\272>\177\317\347\261qb&\270&\346ju\200\363N\320\307\004\034\001n\317\361\2653\254\2503\247\305\372\316W\022O\253x\250\025\373\247\354Tc\304\263\243^\352Gv\\264\261\r\035\226\306\2411\351\233\203\215\200$\231\300f\220\371c@\017\254\363\\371\340\340VaR\205~^\226\342t\360\022\204d\231\205)\272\364?\361!\334\331\315\254\230\rBG\314\023\246\244=\351\177\254\302b&\276+H;0\312\021&\275\036\237\350R\313\206R\331\304k\323u\263t\221\213yC\241\217A\242\027g\322\241'\212.E?B_\316\327\217J +\370\t^b\005\020\003\211\373\247|hC\271Nmk~J\270EU\274\036-\347\240\312FA\321\341bca\253\025\321\311\317\021\375\317\217\n\272\033o\353G>\275\361H\265\240\232um""\317\324`\214\221\314\000\211K\223+(""\200i \311\372g\254\343ZR0\224\275q\252\357\213\263\206N\357&Q\217\267\303\356I\236\357\264\311b\037\366\035\253\343\311\265\240\327q\206f\262ODi\215-\363>\034\236l\273\005G\316F\217}[\036\007\270:\260\335\271B\241N\345\330\204\327f\361\272Kb\0377p\334\264\237\177~\330]\252+:\317u\302h\n\351\n\364\231\277R\371\356\033y\265v\360Ny\246\332qY\262\231\251\n\305\334\202\305\362\n\367@k\231\016R:\327\242\366\242\253LZY\223$G\264\227\2326\315\307\363\323\325\303\032N\256*\307\327 \235\332\207u\210\271\257\306g\231i*\260\326k\001"";   nodeid: ""\260\000\000\000\000\000\000\000\000\000\000\000\000\000\000\000\000\000\000\000\000\000\000\000\000\000\000\000\000\000\000\000\001""; }; ","ledgerHash: ""w^\203\302\311\316I7\371tTwp}\005|\372\214\251{R`\230V\244-\326I\351\255\325i""; ledgerSeq: 33; type: liAS_NODE; nodes {;   nodedata: ""\021\000h""\000\000\000\000 \033\000\000\000 \002\023\304_\330\356GuH\375\327!\255\371\r\231\262R\256J\034\222\241\355X\265E\241^W\225\304\014\361CX-}\351f\032\255\274\334m\326c\017\014ao[\342\230\003\245\245\3341Hm\326^\017jy\335\261\032Yt\320\244{g\0306\\302\303*\341\215\223\257\364\277o\375\000r\241SOq\221\253\262\005\017\375T\356\014\360o'\030\311-\267\031\257!\031T\006><\315XM\334\324\345\034\000\325\367\240\271\013\265\024\321\362\354\211\250.\234s\225amc\305\035\366\276\037nD\277`\210\223N\3535\033\261\304f\331]\036\237\306o!\223\221\002\324\031\262\240R\177 ,\214\325\Q])\016\2067\277\t\354\010\000\360\215\2502\265\245\310\226\243c\302Ze\306\253#r\020\211\320iG\276\020E\317\035Sf\223F\254\033@\177e\277\016\010u\327\371&\262\312\317Q\2361t\377x\234\001v\003%\030\325_\225g\204\346a=\225\273\331\354\365*U\363\263N\367b\371\244\314-w\363\262\225Z\200\206\235\233\257?sE\2674\254\326mU\377?\177Ek\336\030!\316Aa\225\303\022\377{\210Y\226\271as\354L\035\004\341\361\035\301\024\220m#*\372\032\3178~\374\250\014*\323\342'z69\220\327\256\351G\367\317u\302\207\270b\315\333\333\334\310I\323&\014\352XZnW2.\335\347\202\021\247\362\212e\034\000\001\250\220\305;a\314\265R\310\017\317\331\235\360\262\240:\277\202\266\354\265X""\022\nh\252\352w\204\203\023]\001f\352\277\0031Q]\362\370R\350{\261\202\240\344\215\201\353\276\322p5p\350\354\017>\250r\241c\273\016\301\024\363\242\247\263\231\370\344\nBW\220K\316@3\243\200\036wk\253GSlU\010\360\231>\331\263H\214\324\030A\225\301o\346pkSF\004\241\213w9\223=\250\262*+\255\351r\265\244c\024\213\t\007`\223\325#\3477\210\345P\306\013\320\252[\0216+\227=`\371P\314\346 V7\271[~\n\237\274|\347\352@K\253~&\260\032\024\004B\200\255h\351\013\361\031:nG\211\005|\2003\266\274\251,W\006u\344\335d\003\306\212\313,\340\350bG\n\030Z\2732-\246\312\255\030\003\235207\005}D\260\0261ah\322M\304\216\273m0\271\234\237\007<w$\265C\245\232\033\023\313c\321B\032l\301h\005\320\252\301\361(\330[\343\357\343{\235\n\266g\272>\177\317\347\261qb&\270&\346ju\200\363N\320\307\004\034\001n\317\361\2653\254\2503\247\305\372\316W\022O\253x\250\025\373\247\354Tc\304\263\243^\352Gv\\264\261\r\035\226\306\2411\351\233\203\215\200$\231\300f\220\371c@\017\254\363\\371\340\340VaR\205~^\226\342t\360\022\204d\231\205)\272\364?\361!\334\331\315\254\230\rBG\314\023\246\244=\351\177\254\302b&\276+H;0\312\021&\275\036\237\350R\313\206R\331\304k\323u\263t\221\213yC\241\217A\242\027g\322\241'\212.E?B_\316\327\217J +\370\t^b\005\020\003\211\373\247|hC\271Nmk~J\270EU\274\036-\347\240\312FA\321\341bca\253\025\321\311\317\021\375\317\217\n\272\033o\353G>\275\361H\265\240\232um""\317\324`\214\221\314\000\211K\223+(""\200i \311\372g\254\343ZR0\224\275q\252\357\213\263\206N\357&Q\217\267\303\356I\236\357\264\311b\037\366\035\253\343\311\265\240\327q\206f\262ODi\215-\363>\034\236l\273\005G\316F\217}[\036\007\270:\260\335\271B\241N\345\330\204\327f\361\272Kb\0377p\334\264\237\177~\330]\252+:\317u\302h\n\351\n\364\231\277R\371\356\033y\265v\360Ny\246\332qY\262\231\251\n\305\334\202\305\362\n\367@k\231\016R:\327\242\366\242\253LZY\223$G\264\227\2326\315\307\363\323\325\303\032N\256*\307\327 \235\332\207u\210\271\257\306g\231i*\260\326k\001"";   nodeid: ""\260\000\000\000\000\000\000\000\000\000\000\000\000\000\000\000\000\000\000\000\000\000\000\000\000\000\000\000\000\000\000\000\001""; }; "
1750527639498,1750527639498,0,1,3,1,TMLedgerData,"ledgerHash: ""w^\203\302\311\316I7\371tTwp}\005|\372\214\251{R`\230V\244-\326I\351\255\325i""; ledgerSeq: 33; type: liBASE; nodes {;   nodedata: ""\000\000\000!\001cEx]\211\377\330\246\332qY\262\231\251\n\305\334\202\305\362\n\367@k\231\016R:\327\242\366\242\253LZY\223$G\000\000\000\000\000\000\000\000\000\000\000\000\000\000\000\000\000\000\000\000\000\000\000\000\000\000\000\000\000\000\000\000\n09\372O\217\342~\327\367L\234\300\334\377\030g\311A\315F\013{\335/IqId/\337\317/\351\253\021/\351\253\030\n\000""; }; nodes {;   nodedata: ""\323C\344\327\264{\312-\017:\006{\177\344N\002\326bO\260\220\006\033\362\345\005U\221DzJ0\001\301\025%1L\307\t\261\262z\374\222T\301\274V\236\223\262\270Ct\362\337b\356\024*\324\320\351\317\002k\336\234\027v\351\217\260\303\360\233ZPZWr\246$w\313\313\r\243r\232\2234\373\3539:N\004Q\245\272D\312D\300\300\t\323\0257\345e\271\na\215{\226\255x%T\257\037\333\004\344_/R\006E\344\037@\210\363\010\336T\226\247'\204_{\261\370""1\235\2445\343\033Y!\212\201\341\272\225'\007I\002\300d,\373\247\257\341u\341\037\204\325f\331\027\246\031\257OP\265\2224G\247`o>Q\324\013\003""; }; requestCookie: 3; ","ledgerHash: ""w^\203\302\311\316I7\371tTwp}\005|\372\214\251{R`\230V\244-\326I\351\255\325i""; ledgerSeq: 33; type: liBASE; nodes {;   nodedata: ""\000\000\000!\001cEx]\211\377\330\246\332qY\262\231\251\n\305\334\202\305\362\n\367@k\231\016R:\327\242\366\242\253LZY\223$G\000\000\000\000\000\000\000\000\000\000\000\000\000\000\000\000\000\000\000\000\000\000\000\000\000\000\000\000\000\000\000\000\n09\372O\217\342~\327\367L\234\300\334\377\030g\311A\315F\013{\335/IqId/\337\317/\351\253\021/\351\253\030\n\000""; }; nodes {;   nodedata: ""\323C\344\327\264{\312-\017:\006{\177\344N\002\326bO\260\220\006\033\362\345\005U\221DzJ0\001\301\025%1L\307\t\261\262z\374\222T\301\274V\236\223\262\270Ct\362\337b\356\024*\324\320\351\317\002k\336\234\027v\351\217\260\303\360\233ZPZWr\246$w\313\313\r\243r\232\2234\373\3539:N\004Q\245\272D\312D\300\300\t\323\0257\345e\271\na\215{\226\255x%T\257\037\333\004\344_/R\006E\344\037@\210\363\010\336T\226\247'\204_{\261\370""1\235\2445\343\033Y!\212\201\341\272\225'\007I\002\300d,\373\247\257\341u\341\037\204\325f\331\027\246\031\257OP\265\2224G\247`o>Q\324\013\003""; }; requestCookie: 3; "
1750527639498,1750527639498,0,1,3,1,TMLedgerData,"ledgerHash: ""w^\203\302\311\316I7\371tTwp}\005|\372\214\251{R`\230V\244-\326I\351\255\325i""; ledgerSeq: 33; type: liBASE; nodes {;   nodedata: ""\000\000\000!\001cEx]\211\377\330\246\332qY\262\231\251\n\305\334\202\305\362\n\367@k\231\016R:\327\242\366\242\253LZY\223$G\000\000\000\000\000\000\000\000\000\000\000\000\000\000\000\000\000\000\000\000\000\000\000\000\000\000\000\000\000\000\000\000\n09\372O\217\342~\327\367L\234\300\334\377\030g\311A\315F\013{\335/IqId/\337\317/\351\253\021/\351\253\030\n\000""; }; nodes {;   nodedata: ""\323C\344\327\264{\312-\017:\006{\177\344N\002\326bO\260\220\006\033\362\345\005U\221DzJ0\001\301\025%1L\307\t\261\262z\374\222T\301\274V\236\223\262\270Ct\362\337b\356\024*\324\320\351\317\002k\336\234\027v\351\217\260\303\360\233ZPZWr\246$w\313\313\r\243r\232\2234\373\3539:N\004Q\245\272D\312D\300\300\t\323\0257\345e\271\na\215{\226\255x%T\257\037\333\004\344_/R\006E\344\037@\210\363\010\336T\226\247'\204_{\261\370""1\235\2445\343\033Y!\212\201\341\272\225'\007I\002\300d,\373\247\257\341u\341\037\204\325f\331\027\246\031\257OP\265\2224G\247`o>Q\324\013\003""; }; requestCookie: 2; ","ledgerHash: ""w^\203\302\311\316I7\371tTwp}\005|\372\214\251{R`\230V\244-\326I\351\255\325i""; ledgerSeq: 33; type: liBASE; nodes {;   nodedata: ""\000\000\000!\001cEx]\211\377\330\246\332qY\262\231\251\n\305\334\202\305\362\n\367@k\231\016R:\327\242\366\242\253LZY\223$G\000\000\000\000\000\000\000\000\000\000\000\000\000\000\000\000\000\000\000\000\000\000\000\000\000\000\000\000\000\000\000\000\n09\372O\217\342~\327\367L\234\300\334\377\030g\311A\315F\013{\335/IqId/\337\317/\351\253\021/\351\253\030\n\000""; }; nodes {;   nodedata: ""\323C\344\327\264{\312-\017:\006{\177\344N\002\326bO\260\220\006\033\362\345\005U\221DzJ0\001\301\025%1L\307\t\261\262z\374\222T\301\274V\236\223\262\270Ct\362\337b\356\024*\324\320\351\317\002k\336\234\027v\351\217\260\303\360\233ZPZWr\246$w\313\313\r\243r\232\2234\373\3539:N\004Q\245\272D\312D\300\300\t\323\0257\345e\271\na\215{\226\255x%T\257\037\333\004\344_/R\006E\344\037@\210\363\010\336T\226\247'\204_{\261\370""1\235\2445\343\033Y!\212\201\341\272\225'\007I\002\300d,\373\247\257\341u\341\037\204\325f\331\027\246\031\257OP\265\2224G\247`o>Q\324\013\003""; }; requestCookie: 2; "
1750527639498,1750527639499,0,1,4,2,TMLedgerData,"ledgerHash: ""w^\203\302\311\316I7\371tTwp}\005|\372\214\251{R`\230V\244-\326I\351\255\325i""; ledgerSeq: 33; type: liBASE; nodes {;   nodedata: ""\000\000\000!\001cEx]\211\377\330\246\332qY\262\231\251\n\305\334\202\305\362\n\367@k\231\016R:\327\242\366\242\253LZY\223$G\000\000\000\000\000\000\000\000\000\000\000\000\000\000\000\000\000\000\000\000\000\000\000\000\000\000\000\000\000\000\000\000\n09\372O\217\342~\327\367L\234\300\334\377\030g\311A\315F\013{\335/IqId/\337\317/\351\253\021/\351\253\030\n\000""; }; nodes {;   nodedata: ""\323C\344\327\264{\312-\017:\006{\177\344N\002\326bO\260\220\006\033\362\345\005U\221DzJ0\001\301\025%1L\307\t\261\262z\374\222T\301\274V\236\223\262\270Ct\362\337b\356\024*\324\320\351\317\002k\336\234\027v\351\217\260\303\360\233ZPZWr\246$w\313\313\r\243r\232\2234\373\3539:N\004Q\245\272D\312D\300\300\t\323\0257\345e\271\na\215{\226\255x%T\257\037\333\004\344_/R\006E\344\037@\210\363\010\336T\226\247'\204_{\261\370""1\235\2445\343\033Y!\212\201\341\272\225'\007I\002\300d,\373\247\257\341u\341\037\204\325f\331\027\246\031\257OP\265\2224G\247`o>Q\324\013\003""; }; ","ledgerHash: ""w^\203\302\311\316I7\371tTwp}\005|\372\214\251{R`\230V\244-\326I\351\255\325i""; ledgerSeq: 33; type: liBASE; nodes {;   nodedata: ""\000\000\000!\001cEx]\211\377\330\246\332qY\262\231\251\n\305\334\202\305\362\n\367@k\231\016R:\327\242\366\242\253LZY\223$G\000\000\000\000\000\000\000\000\000\000\000\000\000\000\000\000\000\000\000\000\000\000\000\000\000\000\000\000\000\000\000\000\n09\372O\217\342~\327\367L\234\300\334\377\030g\311A\315F\013{\335/IqId/\337\317/\351\253\021/\351\253\030\n\000""; }; nodes {;   nodedata: ""\323C\344\327\264{\312-\017:\006{\177\344N\002\326bO\260\220\006\033\362\345\005U\221DzJ0\001\301\025%1L\307\t\261\262z\374\222T\301\274V\236\223\262\270Ct\362\337b\356\024*\324\320\351\317\002k\336\234\027v\351\217\260\303\360\233ZPZWr\246$w\313\313\r\243r\232\2234\373\3539:N\004Q\245\272D\312D\300\300\t\323\0257\345e\271\na\215{\226\255x%T\257\037\333\004\344_/R\006E\344\037@\210\363\010\336T\226\247'\204_{\261\370""1\235\2445\343\033Y!\212\201\341\272\225'\007I\002\300d,\373\247\257\341u\341\037\204\325f\331\027\246\031\257OP\265\2224G\247`o>Q\324\013\003""; }; "
1750527639499,1750527639500,0,1,3,0,TMLedgerData,"ledgerHash: ""w^\203\302\311\316I7\371tTwp}\005|\372\214\251{R`\230V\244-\326I\351\255\325i""; ledgerSeq: 33; type: liBASE; nodes {;   nodedata: ""\000\000\000!\001cEx]\211\377\330\246\332qY\262\231\251\n\305\334\202\305\362\n\367@k\231\016R:\327\242\366\242\253LZY\223$G\000\000\000\000\000\000\000\000\000\000\000\000\000\000\000\000\000\000\000\000\000\000\000\000\000\000\000\000\000\000\000\000\n09\372O\217\342~\327\367L\234\300\334\377\030g\311A\315F\013{\335/IqId/\337\317/\351\253\021/\351\253\030\n\000""; }; nodes {;   nodedata: ""\323C\344\327\264{\312-\017:\006{\177\344N\002\326bO\260\220\006\033\362\345\005U\221DzJ0\001\301\025%1L\307\t\261\262z\374\222T\301\274V\236\223\262\270Ct\362\337b\356\024*\324\320\351\317\002k\336\234\027v\351\217\260\303\360\233ZPZWr\246$w\313\313\r\243r\232\2234\373\3539:N\004Q\245\272D\312D\300\300\t\323\0257\345e\271\na\215{\226\255x%T\257\037\333\004\344_/R\006E\344\037@\210\363\010\336T\226\247'\204_{\261\370""1\235\2445\343\033Y!\212\201\341\272\225'\007I\002\300d,\373\247\257\341u\341\037\204\325f\331\027\246\031\257OP\265\2224G\247`o>Q\324\013\003""; }; requestCookie: 5; ","ledgerHash: ""w^\203\302\311\316I7\371tTwp}\005|\372\214\251{R`\230V\244-\326I\351\255\325i""; ledgerSeq: 33; type: liBASE; nodes {;   nodedata: ""\000\000\000!\001cEx]\211\377\330\246\332qY\262\231\251\n\305\334\202\305\362\n\367@k\231\016R:\327\242\366\242\253LZY\223$G\000\000\000\000\000\000\000\000\000\000\000\000\000\000\000\000\000\000\000\000\000\000\000\000\000\000\000\000\000\000\000\000\n09\372O\217\342~\327\367L\234\300\334\377\030g\311A\315F\013{\335/IqId/\337\317/\351\253\021/\351\253\030\n\000""; }; nodes {;   nodedata: ""\323C\344\327\264{\312-\017:\006{\177\344N\002\326bO\260\220\006\033\362\345\005U\221DzJ0\001\301\025%1L\307\t\261\262z\374\222T\301\274V\236\223\262\270Ct\362\337b\356\024*\324\320\351\317\002k\336\234\027v\351\217\260\303\360\233ZPZWr\246$w\313\313\r\243r\232\2234\373\3539:N\004Q\245\272D\312D\300\300\t\323\0257\345e\271\na\215{\226\255x%T\257\037\333\004\344_/R\006E\344\037@\210\363\010\336T\226\247'\204_{\261\370""1\235\2445\343\033Y!\212\201\341\272\225'\007I\002\300d,\373\247\257\341u\341\037\204\325f\331\027\246\031\257OP\265\2224G\247`o>Q\324\013\003""; }; requestCookie: 5; "
1750527639500,1750527639500,0,1,3,0,TMLedgerData,"ledgerHash: ""w^\203\302\311\316I7\371tTwp}\005|\372\214\251{R`\230V\244-\326I\351\255\325i""; ledgerSeq: 33; type: liBASE; nodes {;   nodedata: ""\000\000\000!\001cEx]\211\377\330\246\332qY\262\231\251\n\305\334\202\305\362\n\367@k\231\016R:\327\242\366\242\253LZY\223$G\000\000\000\000\000\000\000\000\000\000\000\000\000\000\000\000\000\000\000\000\000\000\000\000\000\000\000\000\000\000\000\000\n09\372O\217\342~\327\367L\234\300\334\377\030g\311A\315F\013{\335/IqId/\337\317/\351\253\021/\351\253\030\n\000""; }; nodes {;   nodedata: ""\323C\344\327\264{\312-\017:\006{\177\344N\002\326bO\260\220\006\033\362\345\005U\221DzJ0\001\301\025%1L\307\t\261\262z\374\222T\301\274V\236\223\262\270Ct\362\337b\356\024*\324\320\351\317\002k\336\234\027v\351\217\260\303\360\233ZPZWr\246$w\313\313\r\243r\232\2234\373\3539:N\004Q\245\272D\312D\300\300\t\323\0257\345e\271\na\215{\226\255x%T\257\037\333\004\344_/R\006E\344\037@\210\363\010\336T\226\247'\204_{\261\370""1\235\2445\343\033Y!\212\201\341\272\225'\007I\002\300d,\373\247\257\341u\341\037\204\325f\331\027\246\031\257OP\265\2224G\247`o>Q\324\013\003""; }; ","ledgerHash: ""w^\203\302\311\316I7\371tTwp}\005|\372\214\251{R`\230V\244-\326I\351\255\325i""; ledgerSeq: 33; type: liBASE; nodes {;   nodedata: ""\000\000\000!\001cEx]\211\377\330\246\332qY\262\231\251\n\305\334\202\305\362\n\367@k\231\016R:\327\242\366\242\253LZY\223$G\000\000\000\000\000\000\000\000\000\000\000\000\000\000\000\000\000\000\000\000\000\000\000\000\000\000\000\000\000\000\000\000\n09\372O\217\342~\327\367L\234\300\334\377\030g\311A\315F\013{\335/IqId/\337\317/\351\253\021/\351\253\030\n\000""; }; nodes {;   nodedata: ""\323C\344\327\264{\312-\017:\006{\177\344N\002\326bO\260\220\006\033\362\345\005U\221DzJ0\001\301\025%1L\307\t\261\262z\374\222T\301\274V\236\223\262\270Ct\362\337b\356\024*\324\320\351\317\002k\336\234\027v\351\217\260\303\360\233ZPZWr\246$w\313\313\r\243r\232\2234\373\3539:N\004Q\245\272D\312D\300\300\t\323\0257\345e\271\na\215{\226\255x%T\257\037\333\004\344_/R\006E\344\037@\210\363\010\336T\226\247'\204_{\261\370""1\235\2445\343\033Y!\212\201\341\272\225'\007I\002\300d,\373\247\257\341u\341\037\204\325f\331\027\246\031\257OP\265\2224G\247`o>Q\324\013\003""; }; "
1750527639501,1750527639501,0,1,4,0,TMLedgerData,"ledgerHash: ""w^\203\302\311\316I7\371tTwp}\005|\372\214\251{R`\230V\244-\326I\351\255\325i""; ledgerSeq: 33; type: liBASE; nodes {;   nodedata: ""\000\000\000!\001cEx]\211\377\330\246\332qY\262\231\251\n\305\334\202\305\362\n\367@k\231\016R:\327\242\366\242\253LZY\223$G\000\000\000\000\000\000\000\000\000\000\000\000\000\000\000\000\000\000\000\000\000\000\000\000\000\000\000\000\000\000\000\000\n09\372O\217\342~\327\367L\234\300\334\377\030g\311A\315F\013{\335/IqId/\337\317/\351\253\021/\351\253\030\n\000""; }; nodes {;   nodedata: ""\323C\344\327\264{\312-\017:\006{\177\344N\002\326bO\260\220\006\033\362\345\005U\221DzJ0\001\301\025%1L\307\t\261\262z\374\222T\301\274V\236\223\262\270Ct\362\337b\356\024*\324\320\351\317\002k\336\234\027v\351\217\260\303\360\233ZPZWr\246$w\313\313\r\243r\232\2234\373\3539:N\004Q\245\272D\312D\300\300\t\323\0257\345e\271\na\215{\226\255x%T\257\037\333\004\344_/R\006E\344\037@\210\363\010\336T\226\247'\204_{\261\370""1\235\2445\343\033Y!\212\201\341\272\225'\007I\002\300d,\373\247\257\341u\341\037\204\325f\331\027\246\031\257OP\265\2224G\247`o>Q\324\013\003""; }; ","ledgerHash: ""w^\203\302\311\316I7\371tTwp}\005|\372\214\251{R`\230V\244-\326I\351\255\325i""; ledgerSeq: 33; type: liBASE; nodes {;   nodedata: ""\000\000\000!\001cEx]\211\377\330\246\332qY\262\231\251\n\305\334\202\305\362\n\367@k\231\016R:\327\242\366\242\253LZY\223$G\000\000\000\000\000\000\000\000\000\000\000\000\000\000\000\000\000\000\000\000\000\000\000\000\000\000\000\000\000\000\000\000\n09\372O\217\342~\327\367L\234\300\334\377\030g\311A\315F\013{\335/IqId/\337\317/\351\253\021/\351\253\030\n\000""; }; nodes {;   nodedata: ""\323C\344\327\264{\312-\017:\006{\177\344N\002\326bO\260\220\006\033\362\345\005U\221DzJ0\001\301\025%1L\307\t\261\262z\374\222T\301\274V\236\223\262\270Ct\362\337b\356\024*\324\320\351\317\002k\336\234\027v\351\217\260\303\360\233ZPZWr\246$w\313\313\r\243r\232\2234\373\3539:N\004Q\245\272D\312D\300\300\t\323\0257\345e\271\na\215{\226\255x%T\257\037\333\004\344_/R\006E\344\037@\210\363\010\336T\226\247'\204_{\261\370""1\235\2445\343\033Y!\212\201\341\272\225'\007I\002\300d,\373\247\257\341u\341\037\204\325f\331\027\246\031\257OP\265\2224G\247`o>Q\324\013\003""; }; "
1750527639501,1750527639501,0,1,4,1,TMLedgerData,"ledgerHash: ""w^\203\302\311\316I7\371tTwp}\005|\372\214\251{R`\230V\244-\326I\351\255\325i""; ledgerSeq: 33; type: liBASE; nodes {;   nodedata: ""\000\000\000!\001cEx]\211\377\330\246\332qY\262\231\251\n\305\334\202\305\362\n\367@k\231\016R:\327\242\366\242\253LZY\223$G\000\000\000\000\000\000\000\000\000\000\000\000\000\000\000\000\000\000\000\000\000\000\000\000\000\000\000\000\000\000\000\000\n09\372O\217\342~\327\367L\234\300\334\377\030g\311A\315F\013{\335/IqId/\337\317/\351\253\021/\351\253\030\n\000""; }; nodes {;   nodedata: ""\323C\344\327\264{\312-\017:\006{\177\344N\002\326bO\260\220\006\033\362\345\005U\221DzJ0\001\301\025%1L\307\t\261\262z\374\222T\301\274V\236\223\262\270Ct\362\337b\356\024*\324\320\351\317\002k\336\234\027v\351\217\260\303\360\233ZPZWr\246$w\313\313\r\243r\232\2234\373\3539:N\004Q\245\272D\312D\300\300\t\323\0257\345e\271\na\215{\226\255x%T\257\037\333\004\344_/R\006E\344\037@\210\363\010\336T\226\247'\204_{\261\370""1\235\2445\343\033Y!\212\201\341\272\225'\007I\002\300d,\373\247\257\341u\341\037\204\325f\331\027\246\031\257OP\265\2224G\247`o>Q\324\013\003""; }; ","ledgerHash: ""w^\203\302\311\316I7\371tTwp}\005|\372\214\251{R`\230V\244-\326I\351\255\325i""; ledgerSeq: 33; type: liBASE; nodes {;   nodedata: ""\000\000\000!\001cEx]\211\377\330\246\332qY\262\231\251\n\305\334\202\305\362\n\367@k\231\016R:\327\242\366\242\253LZY\223$G\000\000\000\000\000\000\000\000\000\000\000\000\000\000\000\000\000\000\000\000\000\000\000\000\000\000\000\000\000\000\000\000\n09\372O\217\342~\327\367L\234\300\334\377\030g\311A\315F\013{\335/IqId/\337\317/\351\253\021/\351\253\030\n\000""; }; nodes {;   nodedata: ""\323C\344\327\264{\312-\017:\006{\177\344N\002\326bO\260\220\006\033\362\345\005U\221DzJ0\001\301\025%1L\307\t\261\262z\374\222T\301\274V\236\223\262\270Ct\362\337b\356\024*\324\320\351\317\002k\336\234\027v\351\217\260\303\360\233ZPZWr\246$w\313\313\r\243r\232\2234\373\3539:N\004Q\245\272D\312D\300\300\t\323\0257\345e\271\na\215{\226\255x%T\257\037\333\004\344_/R\006E\344\037@\210\363\010\336T\226\247'\204_{\261\370""1\235\2445\343\033Y!\212\201\341\272\225'\007I\002\300d,\373\247\257\341u\341\037\204\325f\331\027\246\031\257OP\265\2224G\247`o>Q\324\013\003""; }; "
1750527639502,1750527639502,0,1,2,3,TMGetLedger,"itype: liAS_NODE; ledgerHash: ""w^\203\302\311\316I7\371tTwp}\005|\372\214\251{R`\230V\244-\326I\351\255\325i""; ledgerSeq: 33; nodeIDs: ""\260\000\000\000\000\000\000\000\000\000\000\000\000\000\000\000\000\000\000\000\000\000\000\000\000\000\000\000\000\000\000\000\001""; queryType: qtINDIRECT; queryDepth: 1; ","itype: liAS_NODE; ledgerHash: ""w^\203\302\311\316I7\371tTwp}\005|\372\214\251{R`\230V\244-\326I\351\255\325i""; ledgerSeq: 33; nodeIDs: ""\260\000\000\000\000\000\000\000\000\000\000\000\000\000\000\000\000\000\000\000\000\000\000\000\000\000\000\000\000\000\000\000\001""; queryType: qtINDIRECT; queryDepth: 1; "
1750527639502,1750527639503,0,1,2,4,TMLedgerData,"ledgerHash: ""w^\203\302\311\316I7\371tTwp}\005|\372\214\251{R`\230V\244-\326I\351\255\325i""; ledgerSeq: 33; type: liBASE; nodes {;   nodedata: ""\000\000\000!\001cEx]\211\377\330\246\332qY\262\231\251\n\305\334\202\305\362\n\367@k\231\016R:\327\242\366\242\253LZY\223$G\000\000\000\000\000\000\000\000\000\000\000\000\000\000\000\000\000\000\000\000\000\000\000\000\000\000\000\000\000\000\000\000\n09\372O\217\342~\327\367L\234\300\334\377\030g\311A\315F\013{\335/IqId/\337\317/\351\253\021/\351\253\030\n\000""; }; nodes {;   nodedata: ""\323C\344\327\264{\312-\017:\006{\177\344N\002\326bO\260\220\006\033\362\345\005U\221DzJ0\001\301\025%1L\307\t\261\262z\374\222T\301\274V\236\223\262\270Ct\362\337b\356\024*\324\320\351\317\002k\336\234\027v\351\217\260\303\360\233ZPZWr\246$w\313\313\r\243r\232\2234\373\3539:N\004Q\245\272D\312D\300\300\t\323\0257\345e\271\na\215{\226\255x%T\257\037\333\004\344_/R\006E\344\037@\210\363\010\336T\226\247'\204_{\261\370""1\235\2445\343\033Y!\212\201\341\272\225'\007I\002\300d,\373\247\257\341u\341\037\204\325f\331\027\246\031\257OP\265\2224G\247`o>Q\324\013\003""; }; ","ledgerHash: ""w^\203\302\311\316I7\371tTwp}\005|\372\214\251{R`\230V\244-\326I\351\255\325i""; ledgerSeq: 33; type: liBASE; nodes {;   nodedata: ""\000\000\000!\001cEx]\211\377\330\246\332qY\262\231\251\n\305\334\202\305\362\n\367@k\231\016R:\327\242\366\242\253LZY\223$G\000\000\000\000\000\000\000\000\000\000\000\000\000\000\000\000\000\000\000\000\000\000\000\000\000\000\000\000\000\000\000\000\n09\372O\217\342~\327\367L\234\300\334\377\030g\311A\315F\013{\335/IqId/\337\317/\351\253\021/\351\253\030\n\000""; }; nodes {;   nodedata: ""\323C\344\327\264{\312-\017:\006{\177\344N\002\326bO\260\220\006\033\362\345\005U\221DzJ0\001\301\025%1L\307\t\261\262z\374\222T\301\274V\236\223\262\270Ct\362\337b\356\024*\324\320\351\317\002k\336\234\027v\351\217\260\303\360\233ZPZWr\246$w\313\313\r\243r\232\2234\373\3539:N\004Q\245\272D\312D\300\300\t\323\0257\345e\271\na\215{\226\255x%T\257\037\333\004\344_/R\006E\344\037@\210\363\010\336T\226\247'\204_{\261\370""1\235\2445\343\033Y!\212\201\341\272\225'\007I\002\300d,\373\247\257\341u\341\037\204\325f\331\027\246\031\257OP\265\2224G\247`o>Q\324\013\003""; }; "
1750527639503,1750527639503,0,1,2,1,TMLedgerData,"ledgerHash: ""w^\203\302\311\316I7\371tTwp}\005|\372\214\251{R`\230V\244-\326I\351\255\325i""; ledgerSeq: 33; type: liBASE; nodes {;   nodedata: ""\000\000\000!\001cEx]\211\377\330\246\332qY\262\231\251\n\305\334\202\305\362\n\367@k\231\016R:\327\242\366\242\253LZY\223$G\000\000\000\000\000\000\000\000\000\000\000\000\000\000\000\000\000\000\000\000\000\000\000\000\000\000\000\000\000\000\000\000\n09\372O\217\342~\327\367L\234\300\334\377\030g\311A\315F\013{\335/IqId/\337\317/\351\253\021/\351\253\030\n\000""; }; nodes {;   nodedata: ""\323C\344\327\264{\312-\017:\006{\177\344N\002\326bO\260\220\006\033\362\345\005U\221DzJ0\001\301\025%1L\307\t\261\262z\374\222T\301\274V\236\223\262\270Ct\362\337b\356\024*\324\320\351\317\002k\336\234\027v\351\217\260\303\360\233ZPZWr\246$w\313\313\r\243r\232\2234\373\3539:N\004Q\245\272D\312D\300\300\t\323\0257\345e\271\na\215{\226\255x%T\257\037\333\004\344_/R\006E\344\037@\210\363\010\336T\226\247'\204_{\261\370""1\235\2445\343\033Y!\212\201\341\272\225'\007I\002\300d,\373\247\257\341u\341\037\204\325f\331\027\246\031\257OP\265\2224G\247`o>Q\324\013\003""; }; ","ledgerHash: ""w^\203\302\311\316I7\371tTwp}\005|\372\214\251{R`\230V\244-\326I\351\255\325i""; ledgerSeq: 33; type: liBASE; nodes {;   nodedata: ""\000\000\000!\001cEx]\211\377\330\246\332qY\262\231\251\n\305\334\202\305\362\n\367@k\231\016R:\327\242\366\242\253LZY\223$G\000\000\000\000\000\000\000\000\000\000\000\000\000\000\000\000\000\000\000\000\000\000\000\000\000\000\000\000\000\000\000\000\n09\372O\217\342~\327\367L\234\300\334\377\030g\311A\315F\013{\335/IqId/\337\317/\351\253\021/\351\253\030\n\000""; }; nodes {;   nodedata: ""\323C\344\327\264{\312-\017:\006{\177\344N\002\326bO\260\220\006\033\362\345\005U\221DzJ0\001\301\025%1L\307\t\261\262z\374\222T\301\274V\236\223\262\270Ct\362\337b\356\024*\324\320\351\317\002k\336\234\027v\351\217\260\303\360\233ZPZWr\246$w\313\313\r\243r\232\2234\373\3539:N\004Q\245\272D\312D\300\300\t\323\0257\345e\271\na\215{\226\255x%T\257\037\333\004\344_/R\006E\344\037@\210\363\010\336T\226\247'\204_{\261\370""1\235\2445\343\033Y!\212\201\341\272\225'\007I\002\300d,\373\247\257\341u\341\037\204\325f\331\027\246\031\257OP\265\2224G\247`o>Q\324\013\003""; }; "
1750527639504,1750527639504,0,1,1,2,TMLedgerData,"ledgerHash: ""w^\203\302\311\316I7\371tTwp}\005|\372\214\251{R`\230V\244-\326I\351\255\325i""; ledgerSeq: 33; type: liBASE; nodes {;   nodedata: ""\000\000\000!\001cEx]\211\377\330\246\332qY\262\231\251\n\305\334\202\305\362\n\367@k\231\016R:\327\242\366\242\253LZY\223$G\000\000\000\000\000\000\000\000\000\000\000\000\000\000\000\000\000\000\000\000\000\000\000\000\000\000\000\000\000\000\000\000\n09\372O\217\342~\327\367L\234\300\334\377\030g\311A\315F\013{\335/IqId/\337\317/\351\253\021/\351\253\030\n\000""; }; nodes {;   nodedata: ""\323C\344\327\264{\312-\017:\006{\177\344N\002\326bO\260\220\006\033\362\345\005U\221DzJ0\001\301\025%1L\307\t\261\262z\374\222T\301\274V\236\223\262\270Ct\362\337b\356\024*\324\320\351\317\002k\336\234\027v\351\217\260\303\360\233ZPZWr\246$w\313\313\r\243r\232\2234\373\3539:N\004Q\245\272D\312D\300\300\t\323\0257\345e\271\na\215{\226\255x%T\257\037\333\004\344_/R\006E\344\037@\210\363\010\336T\226\247'\204_{\261\370""1\235\2445\343\033Y!\212\201\341\272\225'\007I\002\300d,\373\247\257\341u\341\037\204\325f\331\027\246\031\257OP\265\2224G\247`o>Q\324\013\003""; }; ","ledgerHash: ""w^\203\302\311\316I7\371tTwp}\005|\372\214\251{R`\230V\244-\326I\351\255\325i""; ledgerSeq: 33; type: liBASE; nodes {;   nodedata: ""\000\000\000!\001cEx]\211\377\330\246\332qY\262\231\251\n\305\334\202\305\362\n\367@k\231\016R:\327\242\366\242\253LZY\223$G\000\000\000\000\000\000\000\000\000\000\000\000\000\000\000\000\000\000\000\000\000\000\000\000\000\000\000\000\000\000\000\000\n09\372O\217\342~\327\367L\234\300\334\377\030g\311A\315F\013{\335/IqId/\337\317/\351\253\021/\351\253\030\n\000""; }; nodes {;   nodedata: ""\323C\344\327\264{\312-\017:\006{\177\344N\002\326bO\260\220\006\033\362\345\005U\221DzJ0\001\301\025%1L\307\t\261\262z\374\222T\301\274V\236\223\262\270Ct\362\337b\356\024*\324\320\351\317\002k\336\234\027v\351\217\260\303\360\233ZPZWr\246$w\313\313\r\243r\232\2234\373\3539:N\004Q\245\272D\312D\300\300\t\323\0257\345e\271\na\215{\226\255x%T\257\037\333\004\344_/R\006E\344\037@\210\363\010\336T\226\247'\204_{\261\370""1\235\2445\343\033Y!\212\201\341\272\225'\007I\002\300d,\373\247\257\341u\341\037\204\325f\331\027\246\031\257OP\265\2224G\247`o>Q\324\013\003""; }; "
1750527639505,1750527639505,0,1,1,0,TMLedgerData,"ledgerHash: ""w^\203\302\311\316I7\371tTwp}\005|\372\214\251{R`\230V\244-\326I\351\255\325i""; ledgerSeq: 33; type: liBASE; nodes {;   nodedata: ""\000\000\000!\001cEx]\211\377\330\246\332qY\262\231\251\n\305\334\202\305\362\n\367@k\231\016R:\327\242\366\242\253LZY\223$G\000\000\000\000\000\000\000\000\000\000\000\000\000\000\000\000\000\000\000\000\000\000\000\000\000\000\000\000\000\000\000\000\n09\372O\217\342~\327\367L\234\300\334\377\030g\311A\315F\013{\335/IqId/\337\317/\351\253\021/\351\253\030\n\000""; }; nodes {;   nodedata: ""\323C\344\327\264{\312-\017:\006{\177\344N\002\326bO\260\220\006\033\362\345\005U\221DzJ0\001\301\025%1L\307\t\261\262z\374\222T\301\274V\236\223\262\270Ct\362\337b\356\024*\324\320\351\317\002k\336\234\027v\351\217\260\303\360\233ZPZWr\246$w\313\313\r\243r\232\2234\373\3539:N\004Q\245\272D\312D\300\300\t\323\0257\345e\271\na\215{\226\255x%T\257\037\333\004\344_/R\006E\344\037@\210\363\010\336T\226\247'\204_{\261\370""1\235\2445\343\033Y!\212\201\341\272\225'\007I\002\300d,\373\247\257\341u\341\037\204\325f\331\027\246\031\257OP\265\2224G\247`o>Q\324\013\003""; }; ","ledgerHash: ""w^\203\302\311\316I7\371tTwp}\005|\372\214\251{R`\230V\244-\326I\351\255\325i""; ledgerSeq: 33; type: liBASE; nodes {;   nodedata: ""\000\000\000!\001cEx]\211\377\330\246\332qY\262\231\251\n\305\334\202\305\362\n\367@k\231\016R:\327\242\366\242\253LZY\223$G\000\000\000\000\000\000\000\000\000\000\000\000\000\000\000\000\000\000\000\000\000\000\000\000\000\000\000\000\000\000\000\000\n09\372O\217\342~\327\367L\234\300\334\377\030g\311A\315F\013{\335/IqId/\337\317/\351\253\021/\351\253\030\n\000""; }; nodes {;   nodedata: ""\323C\344\327\264{\312-\017:\006{\177\344N\002\326bO\260\220\006\033\362\345\005U\221DzJ0\001\301\025%1L\307\t\261\262z\374\222T\301\274V\236\223\262\270Ct\362\337b\356\024*\324\320\351\317\002k\336\234\027v\351\217\260\303\360\233ZPZWr\246$w\313\313\r\243r\232\2234\373\3539:N\004Q\245\272D\312D\300\300\t\323\0257\345e\271\na\215{\226\255x%T\257\037\333\004\344_/R\006E\344\037@\210\363\010\336T\226\247'\204_{\261\370""1\235\2445\343\033Y!\212\201\341\272\225'\007I\002\300d,\373\247\257\341u\341\037\204\325f\331\027\246\031\257OP\265\2224G\247`o>Q\324\013\003""; }; "
1750527639505,1750527639506,0,1,0,3,TMGetLedger,"itype: liBASE; ledgerHash: ""w^\203\302\311\316I7\371tTwp}\005|\372\214\251{R`\230V\244-\326I\351\255\325i""; ledgerSeq: 33; requestCookie: 3; queryType: qtINDIRECT; ","itype: liBASE; ledgerHash: ""w^\203\302\311\316I7\371tTwp}\005|\372\214\251{R`\230V\244-\326I\351\255\325i""; ledgerSeq: 33; requestCookie: 3; queryType: qtINDIRECT; "
1750527639506,1750527639506,0,1,0,3,TMGetLedger,"itype: liAS_NODE; ledgerHash: ""w^\203\302\311\316I7\371tTwp}\005|\372\214\251{R`\230V\244-\326I\351\255\325i""; ledgerSeq: 33; nodeIDs: ""\260\000\000\000\000\000\000\000\000\000\000\000\000\000\000\000\000\000\000\000\000\000\000\000\000\000\000\000\000\000\000\000\001""; queryType: qtINDIRECT; queryDepth: 1; ","itype: liAS_NODE; ledgerHash: ""w^\203\302\311\316I7\371tTwp}\005|\372\214\251{R`\230V\244-\326I\351\255\325i""; ledgerSeq: 33; nodeIDs: ""\260\000\000\000\000\000\000\000\000\000\000\000\000\000\000\000\000\000\000\000\000\000\000\000\000\000\000\000\000\000\000\000\001""; queryType: qtINDIRECT; queryDepth: 1; "
1750527639506,1750527639507,0,1,0,4,TMLedgerData,"ledgerHash: ""w^\203\302\311\316I7\371tTwp}\005|\372\214\251{R`\230V\244-\326I\351\255\325i""; ledgerSeq: 33; type: liBASE; nodes {;   nodedata: ""\000\000\000!\001cEx]\211\377\330\246\332qY\262\231\251\n\305\334\202\305\362\n\367@k\231\016R:\327\242\366\242\253LZY\223$G\000\000\000\000\000\000\000\000\000\000\000\000\000\000\000\000\000\000\000\000\000\000\000\000\000\000\000\000\000\000\000\000\n09\372O\217\342~\327\367L\234\300\334\377\030g\311A\315F\013{\335/IqId/\337\317/\351\253\021/\351\253\030\n\000""; }; nodes {;   nodedata: ""\323C\344\327\264{\312-\017:\006{\177\344N\002\326bO\260\220\006\033\362\345\005U\221DzJ0\001\301\025%1L\307\t\261\262z\374\222T\301\274V\236\223\262\270Ct\362\337b\356\024*\324\320\351\317\002k\336\234\027v\351\217\260\303\360\233ZPZWr\246$w\313\313\r\243r\232\2234\373\3539:N\004Q\245\272D\312D\300\300\t\323\0257\345e\271\na\215{\226\255x%T\257\037\333\004\344_/R\006E\344\037@\210\363\010\336T\226\247'\204_{\261\370""1\235\2445\343\033Y!\212\201\341\272\225'\007I\002\300d,\373\247\257\341u\341\037\204\325f\331\027\246\031\257OP\265\2224G\247`o>Q\324\013\003""; }; ","ledgerHash: ""w^\203\302\311\316I7\371tTwp}\005|\372\214\251{R`\230V\244-\326I\351\255\325i""; ledgerSeq: 33; type: liBASE; nodes {;   nodedata: ""\000\000\000!\001cEx]\211\377\330\246\332qY\262\231\251\n\305\334\202\305\362\n\367@k\231\016R:\327\242\366\242\253LZY\223$G\000\000\000\000\000\000\000\000\000\000\000\000\000\000\000\000\000\000\000\000\000\000\000\000\000\000\000\000\000\000\000\000\n09\372O\217\342~\327\367L\234\300\334\377\030g\311A\315F\013{\335/IqId/\337\317/\351\253\021/\351\253\030\n\000""; }; nodes {;   nodedata: ""\323C\344\327\264{\312-\017:\006{\177\344N\002\326bO\260\220\006\033\362\345\005U\221DzJ0\001\301\025%1L\307\t\261\262z\374\222T\301\274V\236\223\262\270Ct\362\337b\356\024*\324\320\351\317\002k\336\234\027v\351\217\260\303\360\233ZPZWr\246$w\313\313\r\243r\232\2234\373\3539:N\004Q\245\272D\312D\300\300\t\323\0257\345e\271\na\215{\226\255x%T\257\037\333\004\344_/R\006E\344\037@\210\363\010\336T\226\247'\204_{\261\370""1\235\2445\343\033Y!\212\201\341\272\225'\007I\002\300d,\373\247\257\341u\341\037\204\325f\331\027\246\031\257OP\265\2224G\247`o>Q\324\013\003""; }; "
1750527639508,1750527639508,0,1,3,2,TMLedgerData,"ledgerHash: ""w^\203\302\311\316I7\371tTwp}\005|\372\214\251{R`\230V\244-\326I\351\255\325i""; ledgerSeq: 33; type: liBASE; nodes {;   nodedata: ""\000\000\000!\001cEx]\211\377\330\246\332qY\262\231\251\n\305\334\202\305\362\n\367@k\231\016R:\327\242\366\242\253LZY\223$G\000\000\000\000\000\000\000\000\000\000\000\000\000\000\000\000\000\000\000\000\000\000\000\000\000\000\000\000\000\000\000\000\n09\372O\217\342~\327\367L\234\300\334\377\030g\311A\315F\013{\335/IqId/\337\317/\351\253\021/\351\253\030\n\000""; }; nodes {;   nodedata: ""\323C\344\327\264{\312-\017:\006{\177\344N\002\326bO\260\220\006\033\362\345\005U\221DzJ0\001\301\025%1L\307\t\261\262z\374\222T\301\274V\236\223\262\270Ct\362\337b\356\024*\324\320\351\317\002k\336\234\027v\351\217\260\303\360\233ZPZWr\246$w\313\313\r\243r\232\2234\373\3539:N\004Q\245\272D\312D\300\300\t\323\0257\345e\271\na\215{\226\255x%T\257\037\333\004\344_/R\006E\344\037@\210\363\010\336T\226\247'\204_{\261\370""1\235\2445\343\033Y!\212\201\341\272\225'\007I\002\300d,\373\247\257\341u\341\037\204\325f\331\027\246\031\257OP\265\2224G\247`o>Q\324\013\003""; }; requestCookie: 2; ","ledgerHash: ""w^\203\302\311\316I7\371tTwp}\005|\372\214\251{R`\230V\244-\326I\351\255\325i""; ledgerSeq: 33; type: liBASE; nodes {;   nodedata: ""\000\000\000!\001cEx]\211\377\330\246\332qY\262\231\251\n\305\334\202\305\362\n\367@k\231\016R:\327\242\366\242\253LZY\223$G\000\000\000\000\000\000\000\000\000\000\000\000\000\000\000\000\000\000\000\000\000\000\000\000\000\000\000\000\000\000\000\000\n09\372O\217\342~\327\367L\234\300\334\377\030g\311A\315F\013{\335/IqId/\337\317/\351\253\021/\351\253\030\n\000""; }; nodes {;   nodedata: ""\323C\344\327\264{\312-\017:\006{\177\344N\002\326bO\260\220\006\033\362\345\005U\221DzJ0\001\301\025%1L\307\t\261\262z\374\222T\301\274V\236\223\262\270Ct\362\337b\356\024*\324\320\351\317\002k\336\234\027v\351\217\260\303\360\233ZPZWr\246$w\313\313\r\243r\232\2234\373\3539:N\004Q\245\272D\312D\300\300\t\323\0257\345e\271\na\215{\226\255x%T\257\037\333\004\344_/R\006E\344\037@\210\363\010\336T\226\247'\204_{\261\370""1\235\2445\343\033Y!\212\201\341\272\225'\007I\002\300d,\373\247\257\341u\341\037\204\325f\331\027\246\031\257OP\265\2224G\247`o>Q\324\013\003""; }; requestCookie: 2; "
1750527639510,1750527639510,0,1,3,0,TMLedgerData,"ledgerHash: ""w^\203\302\311\316I7\371tTwp}\005|\372\214\251{R`\230V\244-\326I\351\255\325i""; ledgerSeq: 33; type: liBASE; nodes {;   nodedata: ""\000\000\000!\001cEx]\211\377\330\246\332qY\262\231\251\n\305\334\202\305\362\n\367@k\231\016R:\327\242\366\242\253LZY\223$G\000\000\000\000\000\000\000\000\000\000\000\000\000\000\000\000\000\000\000\000\000\000\000\000\000\000\000\000\000\000\000\000\n09\372O\217\342~\327\367L\234\300\334\377\030g\311A\315F\013{\335/IqId/\337\317/\351\253\021/\351\253\030\n\000""; }; nodes {;   nodedata: ""\323C\344\327\264{\312-\017:\006{\177\344N\002\326bO\260\220\006\033\362\345\005U\221DzJ0\001\301\025%1L\307\t\261\262z\374\222T\301\274V\236\223\262\270Ct\362\337b\356\024*\324\320\351\317\002k\336\234\027v\351\217\260\303\360\233ZPZWr\246$w\313\313\r\243r\232\2234\373\3539:N\004Q\245\272D\312D\300\300\t\323\0257\345e\271\na\215{\226\255x%T\257\037\333\004\344_/R\006E\344\037@\210\363\010\336T\226\247'\204_{\261\370""1\235\2445\343\033Y!\212\201\341\272\225'\007I\002\300d,\373\247\257\341u\341\037\204\325f\331\027\246\031\257OP\265\2224G\247`o>Q\324\013\003""; }; requestCookie: 2; ","ledgerHash: ""w^\203\302\311\316I7\371tTwp}\005|\372\214\251{R`\230V\244-\326I\351\255\325i""; ledgerSeq: 33; type: liBASE; nodes {;   nodedata: ""\000\000\000!\001cEx]\211\377\330\246\332qY\262\231\251\n\305\334\202\305\362\n\367@k\231\016R:\327\242\366\242\253LZY\223$G\000\000\000\000\000\000\000\000\000\000\000\000\000\000\000\000\000\000\000\000\000\000\000\000\000\000\000\000\000\000\000\000\n09\372O\217\342~\327\367L\234\300\334\377\030g\311A\315F\013{\335/IqId/\337\317/\351\253\021/\351\253\030\n\000""; }; nodes {;   nodedata: ""\323C\344\327\264{\312-\017:\006{\177\344N\002\326bO\260\220\006\033\362\345\005U\221DzJ0\001\301\025%1L\307\t\261\262z\374\222T\301\274V\236\223\262\270Ct\362\337b\356\024*\324\320\351\317\002k\336\234\027v\351\217\260\303\360\233ZPZWr\246$w\313\313\r\243r\232\2234\373\3539:N\004Q\245\272D\312D\300\300\t\323\0257\345e\271\na\215{\226\255x%T\257\037\333\004\344_/R\006E\344\037@\210\363\010\336T\226\247'\204_{\261\370""1\235\2445\343\033Y!\212\201\341\272\225'\007I\002\300d,\373\247\257\341u\341\037\204\325f\331\027\246\031\257OP\265\2224G\247`o>Q\324\013\003""; }; requestCookie: 2; "
1750527639510,1750527639510,0,1,3,0,TMLedgerData,"ledgerHash: ""w^\203\302\311\316I7\371tTwp}\005|\372\214\251{R`\230V\244-\326I\351\255\325i""; ledgerSeq: 33; type: liBASE; nodes {;   nodedata: ""\000\000\000!\001cEx]\211\377\330\246\332qY\262\231\251\n\305\334\202\305\362\n\367@k\231\016R:\327\242\366\242\253LZY\223$G\000\000\000\000\000\000\000\000\000\000\000\000\000\000\000\000\000\000\000\000\000\000\000\000\000\000\000\000\000\000\000\000\n09\372O\217\342~\327\367L\234\300\334\377\030g\311A\315F\013{\335/IqId/\337\317/\351\253\021/\351\253\030\n\000""; }; nodes {;   nodedata: ""\323C\344\327\264{\312-\017:\006{\177\344N\002\326bO\260\220\006\033\362\345\005U\221DzJ0\001\301\025%1L\307\t\261\262z\374\222T\301\274V\236\223\262\270Ct\362\337b\356\024*\324\320\351\317\002k\336\234\027v\351\217\260\303\360\233ZPZWr\246$w\313\313\r\243r\232\2234\373\3539:N\004Q\245\272D\312D\300\300\t\323\0257\345e\271\na\215{\226\255x%T\257\037\333\004\344_/R\006E\344\037@\210\363\010\336T\226\247'\204_{\261\370""1\235\2445\343\033Y!\212\201\341\272\225'\007I\002\300d,\373\247\257\341u\341\037\204\325f\331\027\246\031\257OP\265\2224G\247`o>Q\324\013\003""; }; requestCookie: 3; ","ledgerHash: ""w^\203\302\311\316I7\371tTwp}\005|\372\214\251{R`\230V\244-\326I\351\255\325i""; ledgerSeq: 33; type: liBASE; nodes {;   nodedata: ""\000\000\000!\001cEx]\211\377\330\246\332qY\262\231\251\n\305\334\202\305\362\n\367@k\231\016R:\327\242\366\242\253LZY\223$G\000\000\000\000\000\000\000\000\000\000\000\000\000\000\000\000\000\000\000\000\000\000\000\000\000\000\000\000\000\000\000\000\n09\372O\217\342~\327\367L\234\300\334\377\030g\311A\315F\013{\335/IqId/\337\317/\351\253\021/\351\253\030\n\000""; }; nodes {;   nodedata: ""\323C\344\327\264{\312-\017:\006{\177\344N\002\326bO\260\220\006\033\362\345\005U\221DzJ0\001\301\025%1L\307\t\261\262z\374\222T\301\274V\236\223\262\270Ct\362\337b\356\024*\324\320\351\317\002k\336\234\027v\351\217\260\303\360\233ZPZWr\246$w\313\313\r\243r\232\2234\373\3539:N\004Q\245\272D\312D\300\300\t\323\0257\345e\271\na\215{\226\255x%T\257\037\333\004\344_/R\006E\344\037@\210\363\010\336T\226\247'\204_{\261\370""1\235\2445\343\033Y!\212\201\341\272\225'\007I\002\300d,\373\247\257\341u\341\037\204\325f\331\027\246\031\257OP\265\2224G\247`o>Q\324\013\003""; }; requestCookie: 3; "
1750527639510,1750527639511,0,1,2,0,TMLedgerData,"ledgerHash: ""w^\203\302\311\316I7\371tTwp}\005|\372\214\251{R`\230V\244-\326I\351\255\325i""; ledgerSeq: 33; type: liBASE; nodes {;   nodedata: ""\000\000\000!\001cEx]\211\377\330\246\332qY\262\231\251\n\305\334\202\305\362\n\367@k\231\016R:\327\242\366\242\253LZY\223$G\000\000\000\000\000\000\000\000\000\000\000\000\000\000\000\000\000\000\000\000\000\000\000\000\000\000\000\000\000\000\000\000\n09\372O\217\342~\327\367L\234\300\334\377\030g\311A\315F\013{\335/IqId/\337\317/\351\253\021/\351\253\030\n\000""; }; nodes {;   nodedata: ""\323C\344\327\264{\312-\017:\006{\177\344N\002\326bO\260\220\006\033\362\345\005U\221DzJ0\001\301\025%1L\307\t\261\262z\374\222T\301\274V\236\223\262\270Ct\362\337b\356\024*\324\320\351\317\002k\336\234\027v\351\217\260\303\360\233ZPZWr\246$w\313\313\r\243r\232\2234\373\3539:N\004Q\245\272D\312D\300\300\t\323\0257\345e\271\na\215{\226\255x%T\257\037\333\004\344_/R\006E\344\037@\210\363\010\336T\226\247'\204_{\261\370""1\235\2445\343\033Y!\212\201\341\272\225'\007I\002\300d,\373\247\257\341u\341\037\204\325f\331\027\246\031\257OP\265\2224G\247`o>Q\324\013\003""; }; ","ledgerHash: ""w^\203\302\311\316I7\371tTwp}\005|\372\214\251{R`\230V\244-\326I\351\255\325i""; ledgerSeq: 33; type: liBASE; nodes {;   nodedata: ""\000\000\000!\001cEx]\211\377\330\246\332qY\262\231\251\n\305\334\202\305\362\n\367@k\231\016R:\327\242\366\242\253LZY\223$G\000\000\000\000\000\000\000\000\000\000\000\000\000\000\000\000\000\000\000\000\000\000\000\000\000\000\000\000\000\000\000\000\n09\372O\217\342~\327\367L\234\300\334\377\030g\311A\315F\013{\335/IqId/\337\317/\351\253\021/\351\253\030\n\000""; }; nodes {;   nodedata: ""\323C\344\327\264{\312-\017:\006{\177\344N\002\326bO\260\220\006\033\362\345\005U\221DzJ0\001\301\025%1L\307\t\261\262z\374\222T\301\274V\236\223\262\270Ct\362\337b\356\024*\324\320\351\317\002k\336\234\027v\351\217\260\303\360\233ZPZWr\246$w\313\313\r\243r\232\2234\373\3539:N\004Q\245\272D\312D\300\300\t\323\0257\345e\271\na\215{\226\255x%T\257\037\333\004\344_/R\006E\344\037@\210\363\010\336T\226\247'\204_{\261\370""1\235\2445\343\033Y!\212\201\341\272\225'\007I\002\300d,\373\247\257\341u\341\037\204\325f\331\027\246\031\257OP\265\2224G\247`o>Q\324\013\003""; }; "
1750527639511,1750527639511,0,1,0,1,TMLedgerData,"ledgerHash: ""w^\203\302\311\316I7\371tTwp}\005|\372\214\251{R`\230V\244-\326I\351\255\325i""; ledgerSeq: 33; type: liBASE; nodes {;   nodedata: ""\000\000\000!\001cEx]\211\377\330\246\332qY\262\231\251\n\305\334\202\305\362\n\367@k\231\016R:\327\242\366\242\253LZY\223$G\000\000\000\000\000\000\000\000\000\000\000\000\000\000\000\000\000\000\000\000\000\000\000\000\000\000\000\000\000\000\000\000\n09\372O\217\342~\327\367L\234\300\334\377\030g\311A\315F\013{\335/IqId/\337\317/\351\253\021/\351\253\030\n\000""; }; nodes {;   nodedata: ""\323C\344\327\264{\312-\017:\006{\177\344N\002\326bO\260\220\006\033\362\345\005U\221DzJ0\001\301\025%1L\307\t\261\262z\374\222T\301\274V\236\223\262\270Ct\362\337b\356\024*\324\320\351\317\002k\336\234\027v\351\217\260\303\360\233ZPZWr\246$w\313\313\r\243r\232\2234\373\3539:N\004Q\245\272D\312D\300\300\t\323\0257\345e\271\na\215{\226\255x%T\257\037\333\004\344_/R\006E\344\037@\210\363\010\336T\226\247'\204_{\261\370""1\235\2445\343\033Y!\212\201\341\272\225'\007I\002\300d,\373\247\257\341u\341\037\204\325f\331\027\246\031\257OP\265\2224G\247`o>Q\324\013\003""; }; ","ledgerHash: ""w^\203\302\311\316I7\371tTwp}\005|\372\214\251{R`\230V\244-\326I\351\255\325i""; ledgerSeq: 33; type: liBASE; nodes {;   nodedata: ""\000\000\000!\001cEx]\211\377\330\246\332qY\262\231\251\n\305\334\202\305\362\n\367@k\231\016R:\327\242\366\242\253LZY\223$G\000\000\000\000\000\000\000\000\000\000\000\000\000\000\000\000\000\000\000\000\000\000\000\000\000\000\000\000\000\000\000\000\n09\372O\217\342~\327\367L\234\300\334\377\030g\311A\315F\013{\335/IqId/\337\317/\351\253\021/\351\253\030\n\000""; }; nodes {;   nodedata: ""\323C\344\327\264{\312-\017:\006{\177\344N\002\326bO\260\220\006\033\362\345\005U\221DzJ0\001\301\025%1L\307\t\261\262z\374\222T\301\274V\236\223\262\270Ct\362\337b\356\024*\324\320\351\317\002k\336\234\027v\351\217\260\303\360\233ZPZWr\246$w\313\313\r\243r\232\2234\373\3539:N\004Q\245\272D\312D\300\300\t\323\0257\345e\271\na\215{\226\255x%T\257\037\333\004\344_/R\006E\344\037@\210\363\010\336T\226\247'\204_{\261\370""1\235\2445\343\033Y!\212\201\341\272\225'\007I\002\300d,\373\247\257\341u\341\037\204\325f\331\027\246\031\257OP\265\2224G\247`o>Q\324\013\003""; }; "
1750527639512,1750527639512,0,1,0,2,TMLedgerData,"ledgerHash: ""w^\203\302\311\316I7\371tTwp}\005|\372\214\251{R`\230V\244-\326I\351\255\325i""; ledgerSeq: 33; type: liBASE; nodes {;   nodedata: ""\000\000\000!\001cEx]\211\377\330\246\332qY\262\231\251\n\305\334\202\305\362\n\367@k\231\016R:\327\242\366\242\253LZY\223$G\000\000\000\000\000\000\000\000\000\000\000\000\000\000\000\000\000\000\000\000\000\000\000\000\000\000\000\000\000\000\000\000\n09\372O\217\342~\327\367L\234\300\334\377\030g\311A\315F\013{\335/IqId/\337\317/\351\253\021/\351\253\030\n\000""; }; nodes {;   nodedata: ""\323C\344\327\264{\312-\017:\006{\177\344N\002\326bO\260\220\006\033\362\345\005U\221DzJ0\001\301\025%1L\307\t\261\262z\374\222T\301\274V\236\223\262\270Ct\362\337b\356\024*\324\320\351\317\002k\336\234\027v\351\217\260\303\360\233ZPZWr\246$w\313\313\r\243r\232\2234\373\3539:N\004Q\245\272D\312D\300\300\t\323\0257\345e\271\na\215{\226\255x%T\257\037\333\004\344_/R\006E\344\037@\210\363\010\336T\226\247'\204_{\261\370""1\235\2445\343\033Y!\212\201\341\272\225'\007I\002\300d,\373\247\257\341u\341\037\204\325f\331\027\246\031\257OP\265\2224G\247`o>Q\324\013\003""; }; ","ledgerHash: ""w^\203\302\311\316I7\371tTwp}\005|\372\214\251{R`\230V\244-\326I\351\255\325i""; ledgerSeq: 33; type: liBASE; nodes {;   nodedata: ""\000\000\000!\001cEx]\211\377\330\246\332qY\262\231\251\n\305\334\202\305\362\n\367@k\231\016R:\327\242\366\242\253LZY\223$G\000\000\000\000\000\000\000\000\000\000\000\000\000\000\000\000\000\000\000\000\000\000\000\000\000\000\000\000\000\000\000\000\n09\372O\217\342~\327\367L\234\300\334\377\030g\311A\315F\013{\335/IqId/\337\317/\351\253\021/\351\253\030\n\000""; }; nodes {;   nodedata: ""\323C\344\327\264{\312-\017:\006{\177\344N\002\326bO\260\220\006\033\362\345\005U\221DzJ0\001\301\025%1L\307\t\261\262z\374\222T\301\274V\236\223\262\270Ct\362\337b\356\024*\324\320\351\317\002k\336\234\027v\351\217\260\303\360\233ZPZWr\246$w\313\313\r\243r\232\2234\373\3539:N\004Q\245\272D\312D\300\300\t\323\0257\345e\271\na\215{\226\255x%T\257\037\333\004\344_/R\006E\344\037@\210\363\010\336T\226\247'\204_{\261\370""1\235\2445\343\033Y!\212\201\341\272\225'\007I\002\300d,\373\247\257\341u\341\037\204\325f\331\027\246\031\257OP\265\2224G\247`o>Q\324\013\003""; }; "
1750527639549,1750527639550,0,1,3,2,TMLedgerData,"ledgerHash: ""w^\203\302\311\316I7\371tTwp}\005|\372\214\251{R`\230V\244-\326I\351\255\325i""; ledgerSeq: 33; type: liAS_NODE; nodes {;   nodedata: ""\021\000h""\000\000\000\000 \033\000\000\000 \002\023\304_\330\356GuH\375\327!\255\371\r\231\262R\256J\034\222\241\355X\265E\241^W\225\304\014\361CX-}\351f\032\255\274\334m\326c\017\014ao[\342\230\003\245\245\3341Hm\326^\017jy\335\261\032Yt\320\244{g\0306\\302\303*\341\215\223\257\364\277o\375\000r\241SOq\221\253\262\005\017\375T\356\014\360o'\030\311-\267\031\257!\031T\006><\315XM\334\324\345\034\000\325\367\240\271\013\265\024\321\362\354\211\250.\234s\225amc\305\035\366\276\037nD\277`\210\223N\3535\033\261\304f\331]\036\237\306o!\223\221\002\324\031\262\240R\177 ,\214\325\Q])\016\2067\277\t\354\010\000\360\215\2502\265\245\310\226\243c\302Ze\306\253#r\020\211\320iG\276\020E\317\035Sf\223F\254\033@\177e\277\016\010u\327\371&\262\312\317Q\2361t\377x\234\001v\003%\030\325_\225g\204\346a=\225\273\331\354\365*U\363\263N\367b\371\244\314-w\363\262\225Z\200\206\235\233\257?sE\2674\254\326mU\377?\177Ek\336\030!\316Aa\225\303\022\377{\210Y\226\271as\354L\035\004\341\361\035\301\024\220m#*\372\032\3178~\374\250\014*\323\342'z69\220\327\256\351G\367\317u\302\207\270b\315\333\333\334\310I\323&\014\352XZnW2.\335\347\202\021\247\362\212e\034\000\001\250\220\305;a\314\265R\310\017\317\331\235\360\262\240:\277\202\266\354\265X""\022\nh\252\352w\204\203\023]\001f\352\277\0031Q]\362\370R\350{\261\202\240\344\215\201\353\276\322p5p\350\354\017>\250r\241c\273\016\301\024\363\242\247\263\231\370\344\nBW\220K\316@3\243\200\036wk\253GSlU\010\360\231>\331\263H\214\324\030A\225\301o\346pkSF\004\241\213w9\223=\250\262*+\255\351r\265\244c\024\213\t\007`\223\325#\3477\210\345P\306\013\320\252[\0216+\227=`\371P\314\346 V7\271[~\n\237\274|\347\352@K\253~&\260\032\024\004B\200\255h\351\013\361\031:nG\211\005|\2003\266\274\251,W\006u\344\335d\003\306\212\313,\340\350bG\n\030Z\2732-\246\312\255\030\003\235207\005}D\260\0261ah\322M\304\216\273m0\271\234\237\007<w$\265C\245\232\033\023\313c\321B\032l\301h\005\320\252\301\361(\330[\343\357\343{\235\n\266g\272>\177\317\347\261qb&\270&\346ju\200\363N\320\307\004\034\001n\317\361\2653\254\2503\247\305\372\316W\022O\253x\250\025\373\247\354Tc\304\263\243^\352Gv\\264\261\r\035\226\306\2411\351\233\203\215\200$\231\300f\220\371c@\017\254\363\\371\340\340VaR\205~^\226\342t\360\022\204d\231\205)\272\364?\361!\334\331\315\254\230\rBG\314\023\246\244=\351\177\254\302b&\276+H;0\312\021&\275\036\237\350R\313\206R\331\304k\323u\263t\221\213yC\241\217A\242\027g\322\241'\212.E?B_\316\327\217J +\370\t^b\005\020\003\211\373\247|hC\271Nmk~J\270EU\274\036-\347\240\312FA\321\341bca\253\025\321\311\317\021\375\317\217\n\272\033o\353G>\275\361H\265\240\232um""\317\324`\214\221\314\000\211K\223+(""\200i \311\372g\254\343ZR0\224\275q\252\357\213\263\206N\357&Q\217\267\303\356I\236\357\264\311b\037\366\035\253\343\311\265\240\327q\206f\262ODi\215-\363>\034\236l\273\005G\316F\217}[\036\007\270:\260\335\271B\241N\345\330\204\327f\361\272Kb\0377p\334\264\237\177~\330]\252+:\317u\302h\n\351\n\364\231\277R\371\356\033y\265v\360Ny\246\332qY\262\231\251\n\305\334\202\305\362\n\367@k\231\016R:\327\242\366\242\253LZY\223$G\264\227\2326\315\307\363\323\325\303\032N\256*\307\327 \235\332\207u\210\271\257\306g\231i*\260\326k\001"";   nodeid: ""\260\000\000\000\000\000\000\000\000\000\000\000\000\000\000\000\000\000\000\000\000\000\000\000\000\000\000\000\000\000\000\000\001""; }; ","ledgerHash: ""w^\203\302\311\316I7\371tTwp}\005|\372\214\251{R`\230V\244-\326I\351\255\325i""; ledgerSeq: 33; type: liAS_NODE; nodes {;   nodedata: ""\021\000h""\000\000\000\000 \033\000\000\000 \002\023\304_\330\356GuH\375\327!\255\371\r\231\262R\256J\034\222\241\355X\265E\241^W\225\304\014\361CX-}\351f\032\255\274\334m\326c\017\014ao[\342\230\003\245\245\3341Hm\326^\017jy\335\261\032Yt\320\244{g\0306\\302\303*\341\215\223\257\364\277o\375\000r\241SOq\221\253\262\005\017\375T\356\014\360o'\030\311-\267\031\257!\031T\006><\315XM\334\324\345\034\000\325\367\240\271\013\265\024\321\362\354\211\250.\234s\225amc\305\035\366\276\037nD\277`\210\223N\3535\033\261\304f\331]\036\237\306o!\223\221\002\324\031\262\240R\177 ,\214\325\Q])\016\2067\277\t\354\010\000\360\215\2502\265\245\310\226\243c\302Ze\306\253#r\020\211\320iG\276\020E\317\035Sf\223F\254\033@\177e\277\016\010u\327\371&\262\312\317Q\2361t\377x\234\001v\003%\030\325_\225g\204\346a=\225\273\331\354\365*U\363\263N\367b\371\244\314-w\363\262\225Z\200\206\235\233\257?sE\2674\254\326mU\377?\177Ek\336\030!\316Aa\225\303\022\377{\210Y\226\271as\354L\035\004\341\361\035\301\024\220m#*\372\032\3178~\374\250\014*\323\342'z69\220\327\256\351G\367\317u\302\207\270b\315\333\333\334\310I\323&\014\352XZnW2.\335\347\202\021\247\362\212e\034\000\001\250\220\305;a\314\265R\310\017\317\331\235\360\262\240:\277\202\266\354\265X""\022\nh\252\352w\204\203\023]\001f\352\277\0031Q]\362\370R\350{\261\202\240\344\215\201\353\276\322p5p\350\354\017>\250r\241c\273\016\301\024\363\242\247\263\231\370\344\nBW\220K\316@3\243\200\036wk\253GSlU\010\360\231>\331\263H\214\324\030A\225\301o\346pkSF\004\241\213w9\223=\250\262*+\255\351r\265\244c\024\213\t\007`\223\325#\3477\210\345P\306\013\320\252[\0216+\227=`\371P\314\346 V7\271[~\n\237\274|\347\352@K\253~&\260\032\024\004B\200\255h\351\013\361\031:nG\211\005|\2003\266\274\251,W\006u\344\335d\003\306\212\313,\340\350bG\n\030Z\2732-\246\312\255\030\003\235207\005}D\260\0261ah\322M\304\216\273m0\271\234\237\007<w$\265C\245\232\033\023\313c\321B\032l\301h\005\320\252\301\361(\330[\343\357\343{\235\n\266g\272>\177\317\347\261qb&\270&\346ju\200\363N\320\307\004\034\001n\317\361\2653\254\2503\247\305\372\316W\022O\253x\250\025\373\247\354Tc\304\263\243^\352Gv\\264\261\r\035\226\306\2411\351\233\203\215\200$\231\300f\220\371c@\017\254\363\\371\340\340VaR\205~^\226\342t\360\022\204d\231\205)\272\364?\361!\334\331\315\254\230\rBG\314\023\246\244=\351\177\254\302b&\276+H;0\312\021&\275\036\237\350R\313\206R\331\304k\323u\263t\221\213yC\241\217A\242\027g\322\241'\212.E?B_\316\327\217J +\370\t^b\005\020\003\211\373\247|hC\271Nmk~J\270EU\274\036-\347\240\312FA\321\341bca\253\025\321\311\317\021\375\317\217\n\272\033o\353G>\275\361H\265\240\232um""\317\324`\214\221\314\000\211K\223+(""\200i \311\372g\254\343ZR0\224\275q\252\357\213\263\206N\357&Q\217\267\303\356I\236\357\264\311b\037\366\035\253\343\311\265\240\327q\206f\262ODi\215-\363>\034\236l\273\005G\316F\217}[\036\007\270:\260\335\271B\241N\345\330\204\327f\361\272Kb\0377p\334\264\237\177~\330]\252+:\317u\302h\n\351\n\364\231\277R\371\356\033y\265v\360Ny\246\332qY\262\231\251\n\305\334\202\305\362\n\367@k\231\016R:\327\242\366\242\253LZY\223$G\264\227\2326\315\307\363\323\325\303\032N\256*\307\327 \235\332\207u\210\271\257\306g\231i*\260\326k\001"";   nodeid: ""\260\000\000\000\000\000\000\000\000\000\000\000\000\000\000\000\000\000\000\000\000\000\000\000\000\000\000\000\000\000\000\000\001""; }; "
1750527639554,1750527639554,0,1,3,0,TMLedgerData,"ledgerHash: ""w^\203\302\311\316I7\371tTwp}\005|\372\214\251{R`\230V\244-\326I\351\255\325i""; ledgerSeq: 33; type: liAS_NODE; nodes {;   nodedata: ""\021\000h""\000\000\000\000 \033\000\000\000 \002\023\304_\330\356GuH\375\327!\255\371\r\231\262R\256J\034\222\241\355X\265E\241^W\225\304\014\361CX-}\351f\032\255\274\334m\326c\017\014ao[\342\230\003\245\245\3341Hm\326^\017jy\335\261\032Yt\320\244{g\0306\\302\303*\341\215\223\257\364\277o\375\000r\241SOq\221\253\262\005\017\375T\356\014\360o'\030\311-\267\031\257!\031T\006><\315XM\334\324\345\034\000\325\367\240\271\013\265\024\321\362\354\211\250.\234s\225amc\305\035\366\276\037nD\277`\210\223N\3535\033\261\304f\331]\036\237\306o!\223\221\002\324\031\262\240R\177 ,\214\325\Q])\016\2067\277\t\354\010\000\360\215\2502\265\245\310\226\243c\302Ze\306\253#r\020\211\320iG\276\020E\317\035Sf\223F\254\033@\177e\277\016\010u\327\371&\262\312\317Q\2361t\377x\234\001v\003%\030\325_\225g\204\346a=\225\273\331\354\365*U\363\263N\367b\371\244\314-w\363\262\225Z\200\206\235\233\257?sE\2674\254\326mU\377?\177Ek\336\030!\316Aa\225\303\022\377{\210Y\226\271as\354L\035\004\341\361\035\301\024\220m#*\372\032\3178~\374\250\014*\323\342'z69\220\327\256\351G\367\317u\302\207\270b\315\333\333\334\310I\323&\014\352XZnW2.\335\347\202\021\247\362\212e\034\000\001\250\220\305;a\314\265R\310\017\317\331\235\360\262\240:\277\202\266\354\265X""\022\nh\252\352w\204\203\023]\001f\352\277\0031Q]\362\370R\350{\261\202\240\344\215\201\353\276\322p5p\350\354\017>\250r\241c\273\016\301\024\363\242\247\263\231\370\344\nBW\220K\316@3\243\200\036wk\253GSlU\010\360\231>\331\263H\214\324\030A\225\301o\346pkSF\004\241\213w9\223=\250\262*+\255\351r\265\244c\024\213\t\007`\223\325#\3477\210\345P\306\013\320\252[\0216+\227=`\371P\314\346 V7\271[~\n\237\274|\347\352@K\253~&\260\032\024\004B\200\255h\351\013\361\031:nG\211\005|\2003\266\274\251,W\006u\344\335d\003\306\212\313,\340\350bG\n\030Z\2732-\246\312\255\030\003\235207\005}D\260\0261ah\322M\304\216\273m0\271\234\237\007<w$\265C\245\232\033\023\313c\321B\032l\301h\005\320\252\301\361(\330[\343\357\343{\235\n\266g\272>\177\317\347\261qb&\270&\346ju\200\363N\320\307\004\034\001n\317\361\2653\254\2503\247\305\372\316W\022O\253x\250\025\373\247\354Tc\304\263\243^\352Gv\\264\261\r\035\226\306\2411\351\233\203\215\200$\231\300f\220\371c@\017\254\363\\371\340\340VaR\205~^\226\342t\360\022\204d\231\205)\272\364?\361!\334\331\315\254\230\rBG\314\023\246\244=\351\177\254\302b&\276+H;0\312\021&\275\036\237\350R\313\206R\331\304k\323u\263t\221\213yC\241\217A\242\027g\322\241'\212.E?B_\316\327\217J +\370\t^b\005\020\003\211\373\247|hC\271Nmk~J\270EU\274\036-\347\240\312FA\321\341bca\253\025\321\311\317\021\375\317\217\n\272\033o\353G>\275\361H\265\240\232um""\317\324`\214\221\314\000\211K\223+(""\200i \311\372g\254\343ZR0\224\275q\252\357\213\263\206N\357&Q\217\267\303\356I\236\357\264\311b\037\366\035\253\343\311\265\240\327q\206f\262ODi\215-\363>\034\236l\273\005G\316F\217}[\036\007\270:\260\335\271B\241N\345\330\204\327f\361\272Kb\0377p\334\264\237\177~\330]\252+:\317u\302h\n\351\n\364\231\277R\371\356\033y\265v\360Ny\246\332qY\262\231\251\n\305\334\202\305\362\n\367@k\231\016R:\327\242\366\242\253LZY\223$G\264\227\2326\315\307\363\323\325\303\032N\256*\307\327 \235\332\207u\210\271\257\306g\231i*\260\326k\001"";   nodeid: ""\260\000\000\000\000\000\000\000\000\000\000\000\000\000\000\000\000\000\000\000\000\000\000\000\000\000\000\000\000\000\000\000\001""; }; ","ledgerHash: ""w^\203\302\311\316I7\371tTwp}\005|\372\214\251{R`\230V\244-\326I\351\255\325i""; ledgerSeq: 33; type: liAS_NODE; nodes {;   nodedata: ""\021\000h""\000\000\000\000 \033\000\000\000 \002\023\304_\330\356GuH\375\327!\255\371\r\231\262R\256J\034\222\241\355X\265E\241^W\225\304\014\361CX-}\351f\032\255\274\334m\326c\017\014ao[\342\230\003\245\245\3341Hm\326^\017jy\335\261\032Yt\320\244{g\0306\\302\303*\341\215\223\257\364\277o\375\000r\241SOq\221\253\262\005\017\375T\356\014\360o'\030\311-\267\031\257!\031T\006><\315XM\334\324\345\034\000\325\367\240\271\013\265\024\321\362\354\211\250.\234s\225amc\305\035\366\276\037nD\277`\210\223N\3535\033\261\304f\331]\036\237\306o!\223\221\002\324\031\262\240R\177 ,\214\325\Q])\016\2067\277\t\354\010\000\360\215\2502\265\245\310\226\243c\302Ze\306\253#r\020\211\320iG\276\020E\317\035Sf\223F\254\033@\177e\277\016\010u\327\371&\262\312\317Q\2361t\377x\234\001v\003%\030\325_\225g\204\346a=\225\273\331\354\365*U\363\263N\367b\371\244\314-w\363\262\225Z\200\206\235\233\257?sE\2674\254\326mU\377?\177Ek\336\030!\316Aa\225\303\022\377{\210Y\226\271as\354L\035\004\341\361\035\301\024\220m#*\372\032\3178~\374\250\014*\323\342'z69\220\327\256\351G\367\317u\302\207\270b\315\333\333\334\310I\323&\014\352XZnW2.\335\347\202\021\247\362\212e\034\000\001\250\220\305;a\314\265R\310\017\317\331\235\360\262\240:\277\202\266\354\265X""\022\nh\252\352w\204\203\023]\001f\352\277\0031Q]\362\370R\350{\261\202\240\344\215\201\353\276\322p5p\350\354\017>\250r\241c\273\016\301\024\363\242\247\263\231\370\344\nBW\220K\316@3\243\200\036wk\253GSlU\010\360\231>\331\263H\214\324\030A\225\301o\346pkSF\004\241\213w9\223=\250\262*+\255\351r\265\244c\024\213\t\007`\223\325#\3477\210\345P\306\013\320\252[\0216+\227=`\371P\314\346 V7\271[~\n\237\274|\347\352@K\253~&\260\032\024\004B\200\255h\351\013\361\031:nG\211\005|\2003\266\274\251,W\006u\344\335d\003\306\212\313,\340\350bG\n\030Z\2732-\246\312\255\030\003\235207\005}D\260\0261ah\322M\304\216\273m0\271\234\237\007<w$\265C\245\232\033\023\313c\321B\032l\301h\005\320\252\301\361(\330[\343\357\343{\235\n\266g\272>\177\317\347\261qb&\270&\346ju\200\363N\320\307\004\034\001n\317\361\2653\254\2503\247\305\372\316W\022O\253x\250\025\373\247\354Tc\304\263\243^\352Gv\\264\261\r\035\226\306\2411\351\233\203\215\200$\231\300f\220\371c@\017\254\363\\371\340\340VaR\205~^\226\342t\360\022\204d\231\205)\272\364?\361!\334\331\315\254\230\rBG\314\023\246\244=\351\177\254\302b&\276+H;0\312\021&\275\036\237\350R\313\206R\331\304k\323u\263t\221\213yC\241\217A\242\027g\322\241'\212.E?B_\316\327\217J +\370\t^b\005\020\003\211\373\247|hC\271Nmk~J\270EU\274\036-\347\240\312FA\321\341bca\253\025\321\311\317\021\375\317\217\n\272\033o\353G>\275\361H\265\240\232um""\317\324`\214\221\314\000\211K\223+(""\200i \311\372g\254\343ZR0\224\275q\252\357\213\263\206N\357&Q\217\267\303\356I\236\357\264\311b\037\366\035\253\343\311\265\240\327q\206f\262ODi\215-\363>\034\236l\273\005G\316F\217}[\036\007\270:\260\335\271B\241N\345\330\204\327f\361\272Kb\0377p\334\264\237\177~\330]\252+:\317u\302h\n\351\n\364\231\277R\371\356\033y\265v\360Ny\246\332qY\262\231\251\n\305\334\202\305\362\n\367@k\231\016R:\327\242\366\242\253LZY\223$G\264\227\2326\315\307\363\323\325\303\032N\256*\307\327 \235\332\207u\210\271\257\306g\231i*\260\326k\001"";   nodeid: ""\260\000\000\000\000\000\000\000\000\000\000\000\000\000\000\000\000\000\000\000\000\000\000\000\000\000\000\000\000\000\000\000\001""; }; "
1750527639615,1750527639615,0,1,4,3,TMStatusChange,"newEvent: neACCEPTED_LEDGER; ledgerSeq: 33; ledgerHash: ""w^\203\302\311\316I7\371tTwp}\005|\372\214\251{R`\230V\244-\326I\351\255\325i""; ledgerHashPrevious: ""\246\332qY\262\231\251\n\305\334\202\305\362\n\367@k\231\016R:\327\242\366\242\253LZY\223$G""; networkTime: 803842839; firstSeq: 1; lastSeq: 32; ","newEvent: neACCEPTED_LEDGER; ledgerSeq: 33; ledgerHash: ""w^\203\302\311\316I7\371tTwp}\005|\372\214\251{R`\230V\244-\326I\351\255\325i""; ledgerHashPrevious: ""\246\332qY\262\231\251\n\305\334\202\305\362\n\367@k\231\016R:\327\242\366\242\253LZY\223$G""; networkTime: 803842839; firstSeq: 1; lastSeq: 32; "
1750527639616,1750527639616,0,1,4,2,TMStatusChange,"newEvent: neACCEPTED_LEDGER; ledgerSeq: 33; ledgerHash: ""w^\203\302\311\316I7\371tTwp}\005|\372\214\251{R`\230V\244-\326I\351\255\325i""; ledgerHashPrevious: ""\246\332qY\262\231\251\n\305\334\202\305\362\n\367@k\231\016R:\327\242\366\242\253LZY\223$G""; networkTime: 803842839; firstSeq: 1; lastSeq: 32; ","newEvent: neACCEPTED_LEDGER; ledgerSeq: 33; ledgerHash: ""w^\203\302\311\316I7\371tTwp}\005|\372\214\251{R`\230V\244-\326I\351\255\325i""; ledgerHashPrevious: ""\246\332qY\262\231\251\n\305\334\202\305\362\n\367@k\231\016R:\327\242\366\242\253LZY\223$G""; networkTime: 803842839; firstSeq: 1; lastSeq: 32; "
1750527639617,1750527639617,0,1,4,1,TMStatusChange,"newEvent: neACCEPTED_LEDGER; ledgerSeq: 33; ledgerHash: ""w^\203\302\311\316I7\371tTwp}\005|\372\214\251{R`\230V\244-\326I\351\255\325i""; ledgerHashPrevious: ""\246\332qY\262\231\251\n\305\334\202\305\362\n\367@k\231\016R:\327\242\366\242\253LZY\223$G""; networkTime: 803842839; firstSeq: 1; lastSeq: 32; ","newEvent: neACCEPTED_LEDGER; ledgerSeq: 33; ledgerHash: ""w^\203\302\311\316I7\371tTwp}\005|\372\214\251{R`\230V\244-\326I\351\255\325i""; ledgerHashPrevious: ""\246\332qY\262\231\251\n\305\334\202\305\362\n\367@k\231\016R:\327\242\366\242\253LZY\223$G""; networkTime: 803842839; firstSeq: 1; lastSeq: 32; "
1750527639616,1750527639616,0,1,4,0,TMStatusChange,"newEvent: neACCEPTED_LEDGER; ledgerSeq: 33; ledgerHash: ""w^\203\302\311\316I7\371tTwp}\005|\372\214\251{R`\230V\244-\326I\351\255\325i""; ledgerHashPrevious: ""\246\332qY\262\231\251\n\305\334\202\305\362\n\367@k\231\016R:\327\242\366\242\253LZY\223$G""; networkTime: 803842839; firstSeq: 1; lastSeq: 32; ","newEvent: neACCEPTED_LEDGER; ledgerSeq: 33; ledgerHash: ""w^\203\302\311\316I7\371tTwp}\005|\372\214\251{R`\230V\244-\326I\351\255\325i""; ledgerHashPrevious: ""\246\332qY\262\231\251\n\305\334\202\305\362\n\367@k\231\016R:\327\242\366\242\253LZY\223$G""; networkTime: 803842839; firstSeq: 1; lastSeq: 32; "
1750527639658,1750527639658,0,1,4,3,TMValidation,"validation: """"\200\000\000\001&\000\000\000!)/\351\253\027:\r\302\353\023?\373\240rQw^\203\302\311\316I7\371tTwp}\005|\372\214\251{R`\230V\244-\326I\351\255\325iP\027\000\000\000\000\000\000\000\000\000\000\000\000\000\000\000\000\000\000\000\000\000\000\000\000\000\000\000\000\000\000\000\000P\031\246\332qY\262\231\251\n\305\334\202\305\362\n\367@k\231\016R:\327\242\366\242\253LZY\223$Gs!\003R7o\362bV\300hf\266\241;}\200^\374\240\203[:\342Q\225\221\027y\372\255\235\216\323~vF0D\002 X\377\231\362\256I+u<\212=\203!\354\343\3568\230\325&\014\333R\225J\237\212|Y\023\213\231\002 \016\237\255\200<\320rr\035\027\325\002V\017\314\361\272R\177\177(\304\302\311\357~'\211U\251\213\376""; ","validation: """"\200\000\000\001&\000\000\000!)/\351\253\027:\r\302\353\023?\373\240rQw^\203\302\311\316I7\371tTwp}\005|\372\214\251{R`\230V\244-\326I\351\255\325iP\027\000\000\000\000\000\000\000\000\000\000\000\000\000\000\000\000\000\000\000\000\000\000\000\000\000\000\000\000\000\000\000\000P\031\246\332qY\262\231\251\n\305\334\202\305\362\n\367@k\231\016R:\327\242\366\242\253LZY\223$Gs!\003R7o\362bV\300hf\266\241;}\200^\374\240\203[:\342Q\225\221\027y\372\255\235\216\323~vF0D\002 X\377\231\362\256I+u<\212=\203!\354\343\3568\230\325&\014\333R\225J\237\212|Y\023\213\231\002 \016\237\255\200<\320rr\035\027\325\002V\017\314\361\272R\177\177(\304\302\311\357~'\211U\251\213\376""; "
1750527639660,1750527639660,0,1,4,2,TMValidation,"validation: """"\200\000\000\001&\000\000\000!)/\351\253\027:\r\302\353\023?\373\240rQw^\203\302\311\316I7\371tTwp}\005|\372\214\251{R`\230V\244-\326I\351\255\325iP\027\000\000\000\000\000\000\000\000\000\000\000\000\000\000\000\000\000\000\000\000\000\000\000\000\000\000\000\000\000\000\000\000P\031\246\332qY\262\231\251\n\305\334\202\305\362\n\367@k\231\016R:\327\242\366\242\253LZY\223$Gs!\003R7o\362bV\300hf\266\241;}\200^\374\240\203[:\342Q\225\221\027y\372\255\235\216\323~vF0D\002 X\377\231\362\256I+u<\212=\203!\354\343\3568\230\325&\014\333R\225J\237\212|Y\023\213\231\002 \016\237\255\200<\320rr\035\027\325\002V\017\314\361\272R\177\177(\304\302\311\357~'\211U\251\213\376""; ","validation: """"\200\000\000\001&\000\000\000!)/\351\253\027:\r\302\353\023?\373\240rQw^\203\302\311\316I7\371tTwp}\005|\372\214\251{R`\230V\244-\326I\351\255\325iP\027\000\000\000\000\000\000\000\000\000\000\000\000\000\000\000\000\000\000\000\000\000\000\000\000\000\000\000\000\000\000\000\000P\031\246\332qY\262\231\251\n\305\334\202\305\362\n\367@k\231\016R:\327\242\366\242\253LZY\223$Gs!\003R7o\362bV\300hf\266\241;}\200^\374\240\203[:\342Q\225\221\027y\372\255\235\216\323~vF0D\002 X\377\231\362\256I+u<\212=\203!\354\343\3568\230\325&\014\333R\225J\237\212|Y\023\213\231\002 \016\237\255\200<\320rr\035\027\325\002V\017\314\361\272R\177\177(\304\302\311\357~'\211U\251\213\376""; "
1750527639659,1750527639659,0,1,4,1,TMValidation,"validation: """"\200\000\000\001&\000\000\000!)/\351\253\027:\r\302\353\023?\373\240rQw^\203\302\311\316I7\371tTwp}\005|\372\214\251{R`\230V\244-\326I\351\255\325iP\027\000\000\000\000\000\000\000\000\000\000\000\000\000\000\000\000\000\000\000\000\000\000\000\000\000\000\000\000\000\000\000\000P\031\246\332qY\262\231\251\n\305\334\202\305\362\n\367@k\231\016R:\327\242\366\242\253LZY\223$Gs!\003R7o\362bV\300hf\266\241;}\200^\374\240\203[:\342Q\225\221\027y\372\255\235\216\323~vF0D\002 X\377\231\362\256I+u<\212=\203!\354\343\3568\230\325&\014\333R\225J\237\212|Y\023\213\231\002 \016\237\255\200<\320rr\035\027\325\002V\017\314\361\272R\177\177(\304\302\311\357~'\211U\251\213\376""; ","validation: """"\200\000\000\001&\000\000\000!)/\351\253\027:\r\302\353\023?\373\240rQw^\203\302\311\316I7\371tTwp}\005|\372\214\251{R`\230V\244-\326I\351\255\325iP\027\000\000\000\000\000\000\000\000\000\000\000\000\000\000\000\000\000\000\000\000\000\000\000\000\000\000\000\000\000\000\000\000P\031\246\332qY\262\231\251\n\305\334\202\305\362\n\367@k\231\016R:\327\242\366\242\253LZY\223$Gs!\003R7o\362bV\300hf\266\241;}\200^\374\240\203[:\342Q\225\221\027y\372\255\235\216\323~vF0D\002 X\377\231\362\256I+u<\212=\203!\354\343\3568\230\325&\014\333R\225J\237\212|Y\023\213\231\002 \016\237\255\200<\320rr\035\027\325\002V\017\314\361\272R\177\177(\304\302\311\357~'\211U\251\213\376""; "
1750527639658,1750527639659,0,1,4,0,TMValidation,"validation: """"\200\000\000\001&\000\000\000!)/\351\253\027:\r\302\353\023?\373\240rQw^\203\302\311\316I7\371tTwp}\005|\372\214\251{R`\230V\244-\326I\351\255\325iP\027\000\000\000\000\000\000\000\000\000\000\000\000\000\000\000\000\000\000\000\000\000\000\000\000\000\000\000\000\000\000\000\000P\031\246\332qY\262\231\251\n\305\334\202\305\362\n\367@k\231\016R:\327\242\366\242\253LZY\223$Gs!\003R7o\362bV\300hf\266\241;}\200^\374\240\203[:\342Q\225\221\027y\372\255\235\216\323~vF0D\002 X\377\231\362\256I+u<\212=\203!\354\343\3568\230\325&\014\333R\225J\237\212|Y\023\213\231\002 \016\237\255\200<\320rr\035\027\325\002V\017\314\361\272R\177\177(\304\302\311\357~'\211U\251\213\376""; ","validation: """"\200\000\000\001&\000\000\000!)/\351\253\027:\r\302\353\023?\373\240rQw^\203\302\311\316I7\371tTwp}\005|\372\214\251{R`\230V\244-\326I\351\255\325iP\027\000\000\000\000\000\000\000\000\000\000\000\000\000\000\000\000\000\000\000\000\000\000\000\000\000\000\000\000\000\000\000\000P\031\246\332qY\262\231\251\n\305\334\202\305\362\n\367@k\231\016R:\327\242\366\242\253LZY\223$Gs!\003R7o\362bV\300hf\266\241;}\200^\374\240\203[:\342Q\225\221\027y\372\255\235\216\323~vF0D\002 X\377\231\362\256I+u<\212=\203!\354\343\3568\230\325&\014\333R\225J\237\212|Y\023\213\231\002 \016\237\255\200<\320rr\035\027\325\002V\017\314\361\272R\177\177(\304\302\311\357~'\211U\251\213\376""; "
1750527639662,1750527639662,0,1,3,1,TMValidation,"validation: """"\200\000\000\001&\000\000\000!)/\351\253\027:\r\302\353\023?\373\240rQw^\203\302\311\316I7\371tTwp}\005|\372\214\251{R`\230V\244-\326I\351\255\325iP\027\000\000\000\000\000\000\000\000\000\000\000\000\000\000\000\000\000\000\000\000\000\000\000\000\000\000\000\000\000\000\000\000P\031\246\332qY\262\231\251\n\305\334\202\305\362\n\367@k\231\016R:\327\242\366\242\253LZY\223$Gs!\003R7o\362bV\300hf\266\241;}\200^\374\240\203[:\342Q\225\221\027y\372\255\235\216\323~vF0D\002 X\377\231\362\256I+u<\212=\203!\354\343\3568\230\325&\014\333R\225J\237\212|Y\023\213\231\002 \016\237\255\200<\320rr\035\027\325\002V\017\314\361\272R\177\177(\304\302\311\357~'\211U\251\213\376""; ","validation: """"\200\000\000\001&\000\000\000!)/\351\253\027:\r\302\353\023?\373\240rQw^\203\302\311\316I7\371tTwp}\005|\372\214\251{R`\230V\244-\326I\351\255\325iP\027\000\000\000\000\000\000\000\000\000\000\000\000\000\000\000\000\000\000\000\000\000\000\000\000\000\000\000\000\000\000\000\000P\031\246\332qY\262\231\251\n\305\334\202\305\362\n\367@k\231\016R:\327\242\366\242\253LZY\223$Gs!\003R7o\362bV\300hf\266\241;}\200^\374\240\203[:\342Q\225\221\027y\372\255\235\216\323~vF0D\002 X\377\231\362\256I+u<\212=\203!\354\343\3568\230\325&\014\333R\225J\237\212|Y\023\213\231\002 \016\237\255\200<\320rr\035\027\325\002V\017\314\361\272R\177\177(\304\302\311\357~'\211U\251\213\376""; "
1750527639664,1750527639664,0,1,2,0,TMValidation,"validation: """"\200\000\000\001&\000\000\000!)/\351\253\027:\r\302\353\023?\373\240rQw^\203\302\311\316I7\371tTwp}\005|\372\214\251{R`\230V\244-\326I\351\255\325iP\027\000\000\000\000\000\000\000\000\000\000\000\000\000\000\000\000\000\000\000\000\000\000\000\000\000\000\000\000\000\000\000\000P\031\246\332qY\262\231\251\n\305\334\202\305\362\n\367@k\231\016R:\327\242\366\242\253LZY\223$Gs!\003R7o\362bV\300hf\266\241;}\200^\374\240\203[:\342Q\225\221\027y\372\255\235\216\323~vF0D\002 X\377\231\362\256I+u<\212=\203!\354\343\3568\230\325&\014\333R\225J\237\212|Y\023\213\231\002 \016\237\255\200<\320rr\035\027\325\002V\017\314\361\272R\177\177(\304\302\311\357~'\211U\251\213\376""; ","validation: """"\200\000\000\001&\000\000\000!)/\351\253\027:\r\302\353\023?\373\240rQw^\203\302\311\316I7\371tTwp}\005|\372\214\251{R`\230V\244-\326I\351\255\325iP\027\000\000\000\000\000\000\000\000\000\000\000\000\000\000\000\000\000\000\000\000\000\000\000\000\000\000\000\000\000\000\000\000P\031\246\332qY\262\231\251\n\305\334\202\305\362\n\367@k\231\016R:\327\242\366\242\253LZY\223$Gs!\003R7o\362bV\300hf\266\241;}\200^\374\240\203[:\342Q\225\221\027y\372\255\235\216\323~vF0D\002 X\377\231\362\256I+u<\212=\203!\354\343\3568\230\325&\014\333R\225J\237\212|Y\023\213\231\002 \016\237\255\200<\320rr\035\027\325\002V\017\314\361\272R\177\177(\304\302\311\357~'\211U\251\213\376""; "
1750527639663,1750527639663,0,1,3,0,TMValidation,"validation: """"\200\000\000\001&\000\000\000!)/\351\253\027:\r\302\353\023?\373\240rQw^\203\302\311\316I7\371tTwp}\005|\372\214\251{R`\230V\244-\326I\351\255\325iP\027\000\000\000\000\000\000\000\000\000\000\000\000\000\000\000\000\000\000\000\000\000\000\000\000\000\000\000\000\000\000\000\000P\031\246\332qY\262\231\251\n\305\334\202\305\362\n\367@k\231\016R:\327\242\366\242\253LZY\223$Gs!\003R7o\362bV\300hf\266\241;}\200^\374\240\203[:\342Q\225\221\027y\372\255\235\216\323~vF0D\002 X\377\231\362\256I+u<\212=\203!\354\343\3568\230\325&\014\333R\225J\237\212|Y\023\213\231\002 \016\237\255\200<\320rr\035\027\325\002V\017\314\361\272R\177\177(\304\302\311\357~'\211U\251\213\376""; ","validation: """"\200\000\000\001&\000\000\000!)/\351\253\027:\r\302\353\023?\373\240rQw^\203\302\311\316I7\371tTwp}\005|\372\214\251{R`\230V\244-\326I\351\255\325iP\027\000\000\000\000\000\000\000\000\000\000\000\000\000\000\000\000\000\000\000\000\000\000\000\000\000\000\000\000\000\000\000\000P\031\246\332qY\262\231\251\n\305\334\202\305\362\n\367@k\231\016R:\327\242\366\242\253LZY\223$Gs!\003R7o\362bV\300hf\266\241;}\200^\374\240\203[:\342Q\225\221\027y\372\255\235\216\323~vF0D\002 X\377\231\362\256I+u<\212=\203!\354\343\3568\230\325&\014\333R\225J\237\212|Y\023\213\231\002 \016\237\255\200<\320rr\035\027\325\002V\017\314\361\272R\177\177(\304\302\311\357~'\211U\251\213\376""; "
1750527639662,1750527639662,0,1,3,2,TMValidation,"validation: """"\200\000\000\001&\000\000\000!)/\351\253\027:\r\302\353\023?\373\240rQw^\203\302\311\316I7\371tTwp}\005|\372\214\251{R`\230V\244-\326I\351\255\325iP\027\000\000\000\000\000\000\000\000\000\000\000\000\000\000\000\000\000\000\000\000\000\000\000\000\000\000\000\000\000\000\000\000P\031\246\332qY\262\231\251\n\305\334\202\305\362\n\367@k\231\016R:\327\242\366\242\253LZY\223$Gs!\003R7o\362bV\300hf\266\241;}\200^\374\240\203[:\342Q\225\221\027y\372\255\235\216\323~vF0D\002 X\377\231\362\256I+u<\212=\203!\354\343\3568\230\325&\014\333R\225J\237\212|Y\023\213\231\002 \016\237\255\200<\320rr\035\027\325\002V\017\314\361\272R\177\177(\304\302\311\357~'\211U\251\213\376""; ","validation: """"\200\000\000\001&\000\000\000!)/\351\253\027:\r\302\353\023?\373\240rQw^\203\302\311\316I7\371tTwp}\005|\372\214\251{R`\230V\244-\326I\351\255\325iP\027\000\000\000\000\000\000\000\000\000\000\000\000\000\000\000\000\000\000\000\000\000\000\000\000\000\000\000\000\000\000\000\000P\031\246\332qY\262\231\251\n\305\334\202\305\362\n\367@k\231\016R:\327\242\366\242\253LZY\223$Gs!\003R7o\362bV\300hf\266\241;}\200^\374\240\203[:\342Q\225\221\027y\372\255\235\216\323~vF0D\002 X\377\231\362\256I+u<\212=\203!\354\343\3568\230\325&\014\333R\225J\237\212|Y\023\213\231\002 \016\237\255\200<\320rr\035\027\325\002V\017\314\361\272R\177\177(\304\302\311\357~'\211U\251\213\376""; "
1750527639664,1750527639664,0,1,2,1,TMValidation,"validation: """"\200\000\000\001&\000\000\000!)/\351\253\027:\r\302\353\023?\373\240rQw^\203\302\311\316I7\371tTwp}\005|\372\214\251{R`\230V\244-\326I\351\255\325iP\027\000\000\000\000\000\000\000\000\000\000\000\000\000\000\000\000\000\000\000\000\000\000\000\000\000\000\000\000\000\000\000\000P\031\246\332qY\262\231\251\n\305\334\202\305\362\n\367@k\231\016R:\327\242\366\242\253LZY\223$Gs!\003R7o\362bV\300hf\266\241;}\200^\374\240\203[:\342Q\225\221\027y\372\255\235\216\323~vF0D\002 X\377\231\362\256I+u<\212=\203!\354\343\3568\230\325&\014\333R\225J\237\212|Y\023\213\231\002 \016\237\255\200<\320rr\035\027\325\002V\017\314\361\272R\177\177(\304\302\311\357~'\211U\251\213\376""; ","validation: """"\200\000\000\001&\000\000\000!)/\351\253\027:\r\302\353\023?\373\240rQw^\203\302\311\316I7\371tTwp}\005|\372\214\251{R`\230V\244-\326I\351\255\325iP\027\000\000\000\000\000\000\000\000\000\000\000\000\000\000\000\000\000\000\000\000\000\000\000\000\000\000\000\000\000\000\000\000P\031\246\332qY\262\231\251\n\305\334\202\305\362\n\367@k\231\016R:\327\242\366\242\253LZY\223$Gs!\003R7o\362bV\300hf\266\241;}\200^\374\240\203[:\342Q\225\221\027y\372\255\235\216\323~vF0D\002 X\377\231\362\256I+u<\212=\203!\354\343\3568\230\325&\014\333R\225J\237\212|Y\023\213\231\002 \016\237\255\200<\320rr\035\027\325\002V\017\314\361\272R\177\177(\304\302\311\357~'\211U\251\213\376""; "
1750527639665,1750527639665,0,1,2,3,TMValidation,"validation: """"\200\000\000\001&\000\000\000!)/\351\253\027:\r\302\353\023?\373\240rQw^\203\302\311\316I7\371tTwp}\005|\372\214\251{R`\230V\244-\326I\351\255\325iP\027\000\000\000\000\000\000\000\000\000\000\000\000\000\000\000\000\000\000\000\000\000\000\000\000\000\000\000\000\000\000\000\000P\031\246\332qY\262\231\251\n\305\334\202\305\362\n\367@k\231\016R:\327\242\366\242\253LZY\223$Gs!\003R7o\362bV\300hf\266\241;}\200^\374\240\203[:\342Q\225\221\027y\372\255\235\216\323~vF0D\002 X\377\231\362\256I+u<\212=\203!\354\343\3568\230\325&\014\333R\225J\237\212|Y\023\213\231\002 \016\237\255\200<\320rr\035\027\325\002V\017\314\361\272R\177\177(\304\302\311\357~'\211U\251\213\376""; ","validation: """"\200\000\000\001&\000\000\000!)/\351\253\027:\r\302\353\023?\373\240rQw^\203\302\311\316I7\371tTwp}\005|\372\214\251{R`\230V\244-\326I\351\255\325iP\027\000\000\000\000\000\000\000\000\000\000\000\000\000\000\000\000\000\000\000\000\000\000\000\000\000\000\000\000\000\000\000\000P\031\246\332qY\262\231\251\n\305\334\202\305\362\n\367@k\231\016R:\327\242\366\242\253LZY\223$Gs!\003R7o\362bV\300hf\266\241;}\200^\374\240\203[:\342Q\225\221\027y\372\255\235\216\323~vF0D\002 X\377\231\362\256I+u<\212=\203!\354\343\3568\230\325&\014\333R\225J\237\212|Y\023\213\231\002 \016\237\255\200<\320rr\035\027\325\002V\017\314\361\272R\177\177(\304\302\311\357~'\211U\251\213\376""; "
1750527639666,1750527639666,0,1,1,3,TMValidation,"validation: """"\200\000\000\001&\000\000\000!)/\351\253\027:\r\302\353\023?\373\240rQw^\203\302\311\316I7\371tTwp}\005|\372\214\251{R`\230V\244-\326I\351\255\325iP\027\000\000\000\000\000\000\000\000\000\000\000\000\000\000\000\000\000\000\000\000\000\000\000\000\000\000\000\000\000\000\000\000P\031\246\332qY\262\231\251\n\305\334\202\305\362\n\367@k\231\016R:\327\242\366\242\253LZY\223$Gs!\003R7o\362bV\300hf\266\241;}\200^\374\240\203[:\342Q\225\221\027y\372\255\235\216\323~vF0D\002 X\377\231\362\256I+u<\212=\203!\354\343\3568\230\325&\014\333R\225J\237\212|Y\023\213\231\002 \016\237\255\200<\320rr\035\027\325\002V\017\314\361\272R\177\177(\304\302\311\357~'\211U\251\213\376""; ","validation: """"\200\000\000\001&\000\000\000!)/\351\253\027:\r\302\353\023?\373\240rQw^\203\302\311\316I7\371tTwp}\005|\372\214\251{R`\230V\244-\326I\351\255\325iP\027\000\000\000\000\000\000\000\000\000\000\000\000\000\000\000\000\000\000\000\000\000\000\000\000\000\000\000\000\000\000\000\000P\031\246\332qY\262\231\251\n\305\334\202\305\362\n\367@k\231\016R:\327\242\366\242\253LZY\223$Gs!\003R7o\362bV\300hf\266\241;}\200^\374\240\203[:\342Q\225\221\027y\372\255\235\216\323~vF0D\002 X\377\231\362\256I+u<\212=\203!\354\343\3568\230\325&\014\333R\225J\237\212|Y\023\213\231\002 \016\237\255\200<\320rr\035\027\325\002V\017\314\361\272R\177\177(\304\302\311\357~'\211U\251\213\376""; "
1750527639666,1750527639666,0,1,1,0,TMValidation,"validation: """"\200\000\000\001&\000\000\000!)/\351\253\027:\r\302\353\023?\373\240rQw^\203\302\311\316I7\371tTwp}\005|\372\214\251{R`\230V\244-\326I\351\255\325iP\027\000\000\000\000\000\000\000\000\000\000\000\000\000\000\000\000\000\000\000\000\000\000\000\000\000\000\000\000\000\000\000\000P\031\246\332qY\262\231\251\n\305\334\202\305\362\n\367@k\231\016R:\327\242\366\242\253LZY\223$Gs!\003R7o\362bV\300hf\266\241;}\200^\374\240\203[:\342Q\225\221\027y\372\255\235\216\323~vF0D\002 X\377\231\362\256I+u<\212=\203!\354\343\3568\230\325&\014\333R\225J\237\212|Y\023\213\231\002 \016\237\255\200<\320rr\035\027\325\002V\017\314\361\272R\177\177(\304\302\311\357~'\211U\251\213\376""; ","validation: """"\200\000\000\001&\000\000\000!)/\351\253\027:\r\302\353\023?\373\240rQw^\203\302\311\316I7\371tTwp}\005|\372\214\251{R`\230V\244-\326I\351\255\325iP\027\000\000\000\000\000\000\000\000\000\000\000\000\000\000\000\000\000\000\000\000\000\000\000\000\000\000\000\000\000\000\000\000P\031\246\332qY\262\231\251\n\305\334\202\305\362\n\367@k\231\016R:\327\242\366\242\253LZY\223$Gs!\003R7o\362bV\300hf\266\241;}\200^\374\240\203[:\342Q\225\221\027y\372\255\235\216\323~vF0D\002 X\377\231\362\256I+u<\212=\203!\354\343\3568\230\325&\014\333R\225J\237\212|Y\023\213\231\002 \016\237\255\200<\320rr\035\027\325\002V\017\314\361\272R\177\177(\304\302\311\357~'\211U\251\213\376""; "
1750527639666,1750527639667,0,1,1,2,TMValidation,"validation: """"\200\000\000\001&\000\000\000!)/\351\253\027:\r\302\353\023?\373\240rQw^\203\302\311\316I7\371tTwp}\005|\372\214\251{R`\230V\244-\326I\351\255\325iP\027\000\000\000\000\000\000\000\000\000\000\000\000\000\000\000\000\000\000\000\000\000\000\000\000\000\000\000\000\000\000\000\000P\031\246\332qY\262\231\251\n\305\334\202\305\362\n\367@k\231\016R:\327\242\366\242\253LZY\223$Gs!\003R7o\362bV\300hf\266\241;}\200^\374\240\203[:\342Q\225\221\027y\372\255\235\216\323~vF0D\002 X\377\231\362\256I+u<\212=\203!\354\343\3568\230\325&\014\333R\225J\237\212|Y\023\213\231\002 \016\237\255\200<\320rr\035\027\325\002V\017\314\361\272R\177\177(\304\302\311\357~'\211U\251\213\376""; ","validation: """"\200\000\000\001&\000\000\000!)/\351\253\027:\r\302\353\023?\373\240rQw^\203\302\311\316I7\371tTwp}\005|\372\214\251{R`\230V\244-\326I\351\255\325iP\027\000\000\000\000\000\000\000\000\000\000\000\000\000\000\000\000\000\000\000\000\000\000\000\000\000\000\000\000\000\000\000\000P\031\246\332qY\262\231\251\n\305\334\202\305\362\n\367@k\231\016R:\327\242\366\242\253LZY\223$Gs!\003R7o\362bV\300hf\266\241;}\200^\374\240\203[:\342Q\225\221\027y\372\255\235\216\323~vF0D\002 X\377\231\362\256I+u<\212=\203!\354\343\3568\230\325&\014\333R\225J\237\212|Y\023\213\231\002 \016\237\255\200<\320rr\035\027\325\002V\017\314\361\272R\177\177(\304\302\311\357~'\211U\251\213\376""; "
1750527639667,1750527639667,0,1,0,3,TMValidation,"validation: """"\200\000\000\001&\000\000\000!)/\351\253\027:\r\302\353\023?\373\240rQw^\203\302\311\316I7\371tTwp}\005|\372\214\251{R`\230V\244-\326I\351\255\325iP\027\000\000\000\000\000\000\000\000\000\000\000\000\000\000\000\000\000\000\000\000\000\000\000\000\000\000\000\000\000\000\000\000P\031\246\332qY\262\231\251\n\305\334\202\305\362\n\367@k\231\016R:\327\242\366\242\253LZY\223$Gs!\003R7o\362bV\300hf\266\241;}\200^\374\240\203[:\342Q\225\221\027y\372\255\235\216\323~vF0D\002 X\377\231\362\256I+u<\212=\203!\354\343\3568\230\325&\014\333R\225J\237\212|Y\023\213\231\002 \016\237\255\200<\320rr\035\027\325\002V\017\314\361\272R\177\177(\304\302\311\357~'\211U\251\213\376""; ","validation: """"\200\000\000\001&\000\000\000!)/\351\253\027:\r\302\353\023?\373\240rQw^\203\302\311\316I7\371tTwp}\005|\372\214\251{R`\230V\244-\326I\351\255\325iP\027\000\000\000\000\000\000\000\000\000\000\000\000\000\000\000\000\000\000\000\000\000\000\000\000\000\000\000\000\000\000\000\000P\031\246\332qY\262\231\251\n\305\334\202\305\362\n\367@k\231\016R:\327\242\366\242\253LZY\223$Gs!\003R7o\362bV\300hf\266\241;}\200^\374\240\203[:\342Q\225\221\027y\372\255\235\216\323~vF0D\002 X\377\231\362\256I+u<\212=\203!\354\343\3568\230\325&\014\333R\225J\237\212|Y\023\213\231\002 \016\237\255\200<\320rr\035\027\325\002V\017\314\361\272R\177\177(\304\302\311\357~'\211U\251\213\376""; "
1750527639668,1750527639668,0,1,0,1,TMValidation,"validation: """"\200\000\000\001&\000\000\000!)/\351\253\027:\r\302\353\023?\373\240rQw^\203\302\311\316I7\371tTwp}\005|\372\214\251{R`\230V\244-\326I\351\255\325iP\027\000\000\000\000\000\000\000\000\000\000\000\000\000\000\000\000\000\000\000\000\000\000\000\000\000\000\000\000\000\000\000\000P\031\246\332qY\262\231\251\n\305\334\202\305\362\n\367@k\231\016R:\327\242\366\242\253LZY\223$Gs!\003R7o\362bV\300hf\266\241;}\200^\374\240\203[:\342Q\225\221\027y\372\255\235\216\323~vF0D\002 X\377\231\362\256I+u<\212=\203!\354\343\3568\230\325&\014\333R\225J\237\212|Y\023\213\231\002 \016\237\255\200<\320rr\035\027\325\002V\017\314\361\272R\177\177(\304\302\311\357~'\211U\251\213\376""; ","validation: """"\200\000\000\001&\000\000\000!)/\351\253\027:\r\302\353\023?\373\240rQw^\203\302\311\316I7\371tTwp}\005|\372\214\251{R`\230V\244-\326I\351\255\325iP\027\000\000\000\000\000\000\000\000\000\000\000\000\000\000\000\000\000\000\000\000\000\000\000\000\000\000\000\000\000\000\000\000P\031\246\332qY\262\231\251\n\305\334\202\305\362\n\367@k\231\016R:\327\242\366\242\253LZY\223$Gs!\003R7o\362bV\300hf\266\241;}\200^\374\240\203[:\342Q\225\221\027y\372\255\235\216\323~vF0D\002 X\377\231\362\256I+u<\212=\203!\354\343\3568\230\325&\014\333R\225J\237\212|Y\023\213\231\002 \016\237\255\200<\320rr\035\027\325\002V\017\314\361\272R\177\177(\304\302\311\357~'\211U\251\213\376""; "
1750527639668,1750527639668,0,1,0,2,TMValidation,"validation: """"\200\000\000\001&\000\000\000!)/\351\253\027:\r\302\353\023?\373\240rQw^\203\302\311\316I7\371tTwp}\005|\372\214\251{R`\230V\244-\326I\351\255\325iP\027\000\000\000\000\000\000\000\000\000\000\000\000\000\000\000\000\000\000\000\000\000\000\000\000\000\000\000\000\000\000\000\000P\031\246\332qY\262\231\251\n\305\334\202\305\362\n\367@k\231\016R:\327\242\366\242\253LZY\223$Gs!\003R7o\362bV\300hf\266\241;}\200^\374\240\203[:\342Q\225\221\027y\372\255\235\216\323~vF0D\002 X\377\231\362\256I+u<\212=\203!\354\343\3568\230\325&\014\333R\225J\237\212|Y\023\213\231\002 \016\237\255\200<\320rr\035\027\325\002V\017\314\361\272R\177\177(\304\302\311\357~'\211U\251\213\376""; ","validation: """"\200\000\000\001&\000\000\000!)/\351\253\027:\r\302\353\023?\373\240rQw^\203\302\311\316I7\371tTwp}\005|\372\214\251{R`\230V\244-\326I\351\255\325iP\027\000\000\000\000\000\000\000\000\000\000\000\000\000\000\000\000\000\000\000\000\000\000\000\000\000\000\000\000\000\000\000\000P\031\246\332qY\262\231\251\n\305\334\202\305\362\n\367@k\231\016R:\327\242\366\242\253LZY\223$Gs!\003R7o\362bV\300hf\266\241;}\200^\374\240\203[:\342Q\225\221\027y\372\255\235\216\323~vF0D\002 X\377\231\362\256I+u<\212=\203!\354\343\3568\230\325&\014\333R\225J\237\212|Y\023\213\231\002 \016\237\255\200<\320rr\035\027\325\002V\017\314\361\272R\177\177(\304\302\311\357~'\211U\251\213\376""; "
1750527640452,1750527640452,0,1,3,4,TMProposeSet,"proposeSeq: 0; currentTxHash: ""\000\000\000\000\000\000\000\000\000\000\000\000\000\000\000\000\000\000\000\000\000\000\000\000\000\000\000\000\000\000\000\000""; nodePubKey: ""\002\364d\217\366\217|\316F\232\231\241\n\261\333`\312O\367\235\025DD\336e\367\n\312\326\221\037\025\230""; closeTime: 803842840; signature: ""0D\002 ""[[\342\3238\345\023\334D\236\200mm\347\3400\002\301u\317\005@x0\310\263:\022\230x2\002 %\326\n20\240\267y\336\323\227\025\035\344\221\222\266\224\222c\241\2136\263UR\022\360\037|<\334""; previousledger: ""w^\203\302\311\316I7\371tTwp}\005|\372\214\251{R`\230V\244-\326I\351\255\325i""; ","proposeSeq: 0; currentTxHash: ""\000\000\000\000\000\000\000\000\000\000\000\000\000\000\000\000\000\000\000\000\000\000\000\000\000\000\000\000\000\000\000\000""; nodePubKey: ""\002\364d\217\366\217|\316F\232\231\241\n\261\333`\312O\367\235\025DD\336e\367\n\312\326\221\037\025\230""; closeTime: 803842840; signature: ""0D\002 ""[[\342\3238\345\023\334D\236\200mm\347\3400\002\301u\317\005@x0\310\263:\022\230x2\002 %\326\n20\240\267y\336\323\227\025\035\344\221\222\266\224\222c\241\2136\263UR\022\360\037|<\334""; previousledger: ""w^\203\302\311\316I7\371tTwp}\005|\372\214\251{R`\230V\244-\326I\351\255\325i""; "
1750527640456,1750527640456,0,1,4,1,TMProposeSet,"proposeSeq: 0; currentTxHash: ""\000\000\000\000\000\000\000\000\000\000\000\000\000\000\000\000\000\000\000\000\000\000\000\000\000\000\000\000\000\000\000\000""; nodePubKey: ""\002\364d\217\366\217|\316F\232\231\241\n\261\333`\312O\367\235\025DD\336e\367\n\312\326\221\037\025\230""; closeTime: 803842840; signature: ""0D\002 ""[[\342\3238\345\023\334D\236\200mm\347\3400\002\301u\317\005@x0\310\263:\022\230x2\002 %\326\n20\240\267y\336\323\227\025\035\344\221\222\266\224\222c\241\2136\263UR\022\360\037|<\334""; previousledger: ""w^\203\302\311\316I7\371tTwp}\005|\372\214\251{R`\230V\244-\326I\351\255\325i""; ","proposeSeq: 0; currentTxHash: ""\000\000\000\000\000\000\000\000\000\000\000\000\000\000\000\000\000\000\000\000\000\000\000\000\000\000\000\000\000\000\000\000""; nodePubKey: ""\002\364d\217\366\217|\316F\232\231\241\n\261\333`\312O\367\235\025DD\336e\367\n\312\326\221\037\025\230""; closeTime: 803842840; signature: ""0D\002 ""[[\342\3238\345\023\334D\236\200mm\347\3400\002\301u\317\005@x0\310\263:\022\230x2\002 %\326\n20\240\267y\336\323\227\025\035\344\221\222\266\224\222c\241\2136\263UR\022\360\037|<\334""; previousledger: ""w^\203\302\311\316I7\371tTwp}\005|\372\214\251{R`\230V\244-\326I\351\255\325i""; "
1750527640456,1750527640456,0,1,4,2,TMProposeSet,"proposeSeq: 0; currentTxHash: ""\000\000\000\000\000\000\000\000\000\000\000\000\000\000\000\000\000\000\000\000\000\000\000\000\000\000\000\000\000\000\000\000""; nodePubKey: ""\002\364d\217\366\217|\316F\232\231\241\n\261\333`\312O\367\235\025DD\336e\367\n\312\326\221\037\025\230""; closeTime: 803842840; signature: ""0D\002 ""[[\342\3238\345\023\334D\236\200mm\347\3400\002\301u\317\005@x0\310\263:\022\230x2\002 %\326\n20\240\267y\336\323\227\025\035\344\221\222\266\224\222c\241\2136\263UR\022\360\037|<\334""; previousledger: ""w^\203\302\311\316I7\371tTwp}\005|\372\214\251{R`\230V\244-\326I\351\255\325i""; ","proposeSeq: 0; currentTxHash: ""\000\000\000\000\000\000\000\000\000\000\000\000\000\000\000\000\000\000\000\000\000\000\000\000\000\000\000\000\000\000\000\000""; nodePubKey: ""\002\364d\217\366\217|\316F\232\231\241\n\261\333`\312O\367\235\025DD\336e\367\n\312\326\221\037\025\230""; closeTime: 803842840; signature: ""0D\002 ""[[\342\3238\345\023\334D\236\200mm\347\3400\002\301u\317\005@x0\310\263:\022\230x2\002 %\326\n20\240\267y\336\323\227\025\035\344\221\222\266\224\222c\241\2136\263UR\022\360\037|<\334""; previousledger: ""w^\203\302\311\316I7\371tTwp}\005|\372\214\251{R`\230V\244-\326I\351\255\325i""; "
1750527640456,1750527640457,0,1,4,0,TMProposeSet,"proposeSeq: 0; currentTxHash: ""\000\000\000\000\000\000\000\000\000\000\000\000\000\000\000\000\000\000\000\000\000\000\000\000\000\000\000\000\000\000\000\000""; nodePubKey: ""\002\364d\217\366\217|\316F\232\231\241\n\261\333`\312O\367\235\025DD\336e\367\n\312\326\221\037\025\230""; closeTime: 803842840; signature: ""0D\002 ""[[\342\3238\345\023\334D\236\200mm\347\3400\002\301u\317\005@x0\310\263:\022\230x2\002 %\326\n20\240\267y\336\323\227\025\035\344\221\222\266\224\222c\241\2136\263UR\022\360\037|<\334""; previousledger: ""w^\203\302\311\316I7\371tTwp}\005|\372\214\251{R`\230V\244-\326I\351\255\325i""; ","proposeSeq: 0; currentTxHash: ""\000\000\000\000\000\000\000\000\000\000\000\000\000\000\000\000\000\000\000\000\000\000\000\000\000\000\000\000\000\000\000\000""; nodePubKey: ""\002\364d\217\366\217|\316F\232\231\241\n\261\333`\312O\367\235\025DD\336e\367\n\312\326\221\037\025\230""; closeTime: 803842840; signature: ""0D\002 ""[[\342\3238\345\023\334D\236\200mm\347\3400\002\301u\317\005@x0\310\263:\022\230x2\002 %\326\n20\240\267y\336\323\227\025\035\344\221\222\266\224\222c\241\2136\263UR\022\360\037|<\334""; previousledger: ""w^\203\302\311\316I7\371tTwp}\005|\372\214\251{R`\230V\244-\326I\351\255\325i""; "
1750527640494,1750527640494,0,1,3,0,TMProposeSet,"proposeSeq: 0; currentTxHash: ""\000\000\000\000\000\000\000\000\000\000\000\000\000\000\000\000\000\000\000\000\000\000\000\000\000\000\000\000\000\000\000\000""; nodePubKey: ""\002\364d\217\366\217|\316F\232\231\241\n\261\333`\312O\367\235\025DD\336e\367\n\312\326\221\037\025\230""; closeTime: 803842840; signature: ""0D\002 ""[[\342\3238\345\023\334D\236\200mm\347\3400\002\301u\317\005@x0\310\263:\022\230x2\002 %\326\n20\240\267y\336\323\227\025\035\344\221\222\266\224\222c\241\2136\263UR\022\360\037|<\334""; previousledger: ""w^\203\302\311\316I7\371tTwp}\005|\372\214\251{R`\230V\244-\326I\351\255\325i""; ","proposeSeq: 0; currentTxHash: ""\000\000\000\000\000\000\000\000\000\000\000\000\000\000\000\000\000\000\000\000\000\000\000\000\000\000\000\000\000\000\000\000""; nodePubKey: ""\002\364d\217\366\217|\316F\232\231\241\n\261\333`\312O\367\235\025DD\336e\367\n\312\326\221\037\025\230""; closeTime: 803842840; signature: ""0D\002 ""[[\342\3238\345\023\334D\236\200mm\347\3400\002\301u\317\005@x0\310\263:\022\230x2\002 %\326\n20\240\267y\336\323\227\025\035\344\221\222\266\224\222c\241\2136\263UR\022\360\037|<\334""; previousledger: ""w^\203\302\311\316I7\371tTwp}\005|\372\214\251{R`\230V\244-\326I\351\255\325i""; "
1750527640495,1750527640495,0,1,3,1,TMProposeSet,"proposeSeq: 0; currentTxHash: ""\000\000\000\000\000\000\000\000\000\000\000\000\000\000\000\000\000\000\000\000\000\000\000\000\000\000\000\000\000\000\000\000""; nodePubKey: ""\002\364d\217\366\217|\316F\232\231\241\n\261\333`\312O\367\235\025DD\336e\367\n\312\326\221\037\025\230""; closeTime: 803842840; signature: ""0D\002 ""[[\342\3238\345\023\334D\236\200mm\347\3400\002\301u\317\005@x0\310\263:\022\230x2\002 %\326\n20\240\267y\336\323\227\025\035\344\221\222\266\224\222c\241\2136\263UR\022\360\037|<\334""; previousledger: ""w^\203\302\311\316I7\371tTwp}\005|\372\214\251{R`\230V\244-\326I\351\255\325i""; ","proposeSeq: 0; currentTxHash: ""\000\000\000\000\000\000\000\000\000\000\000\000\000\000\000\000\000\000\000\000\000\000\000\000\000\000\000\000\000\000\000\000""; nodePubKey: ""\002\364d\217\366\217|\316F\232\231\241\n\261\333`\312O\367\235\025DD\336e\367\n\312\326\221\037\025\230""; closeTime: 803842840; signature: ""0D\002 ""[[\342\3238\345\023\334D\236\200mm\347\3400\002\301u\317\005@x0\310\263:\022\230x2\002 %\326\n20\240\267y\336\323\227\025\035\344\221\222\266\224\222c\241\2136\263UR\022\360\037|<\334""; previousledger: ""w^\203\302\311\316I7\371tTwp}\005|\372\214\251{R`\230V\244-\326I\351\255\325i""; "
1750527640495,1750527640495,0,1,3,2,TMProposeSet,"proposeSeq: 0; currentTxHash: ""\000\000\000\000\000\000\000\000\000\000\000\000\000\000\000\000\000\000\000\000\000\000\000\000\000\000\000\000\000\000\000\000""; nodePubKey: ""\002\364d\217\366\217|\316F\232\231\241\n\261\333`\312O\367\235\025DD\336e\367\n\312\326\221\037\025\230""; closeTime: 803842840; signature: ""0D\002 ""[[\342\3238\345\023\334D\236\200mm\347\3400\002\301u\317\005@x0\310\263:\022\230x2\002 %\326\n20\240\267y\336\323\227\025\035\344\221\222\266\224\222c\241\2136\263UR\022\360\037|<\334""; previousledger: ""w^\203\302\311\316I7\371tTwp}\005|\372\214\251{R`\230V\244-\326I\351\255\325i""; ","proposeSeq: 0; currentTxHash: ""\000\000\000\000\000\000\000\000\000\000\000\000\000\000\000\000\000\000\000\000\000\000\000\000\000\000\000\000\000\000\000\000""; nodePubKey: ""\002\364d\217\366\217|\316F\232\231\241\n\261\333`\312O\367\235\025DD\336e\367\n\312\326\221\037\025\230""; closeTime: 803842840; signature: ""0D\002 ""[[\342\3238\345\023\334D\236\200mm\347\3400\002\301u\317\005@x0\310\263:\022\230x2\002 %\326\n20\240\267y\336\323\227\025\035\344\221\222\266\224\222c\241\2136\263UR\022\360\037|<\334""; previousledger: ""w^\203\302\311\316I7\371tTwp}\005|\372\214\251{R`\230V\244-\326I\351\255\325i""; "
1750527640452,1750527640511,0,1,3,2,TMStatusChange,"newEvent: neCLOSING_LEDGER; ledgerSeq: 33; ledgerHash: ""w^\203\302\311\316I7\371tTwp}\005|\372\214\251{R`\230V\244-\326I\351\255\325i""; ledgerHashPrevious: ""\246\332qY\262\231\251\n\305\334\202\305\362\n\367@k\231\016R:\327\242\366\242\253LZY\223$G""; networkTime: 803842840; firstSeq: 1; lastSeq: 33; ","newEvent: neCLOSING_LEDGER; ledgerSeq: 33; ledgerHash: ""w^\203\302\311\316I7\371tTwp}\005|\372\214\251{R`\230V\244-\326I\351\255\325i""; ledgerHashPrevious: ""\246\332qY\262\231\251\n\305\334\202\305\362\n\367@k\231\016R:\327\242\366\242\253LZY\223$G""; networkTime: 803842840; firstSeq: 1; lastSeq: 33; "
1750527640454,1750527640511,0,1,3,4,TMStatusChange,"newEvent: neCLOSING_LEDGER; ledgerSeq: 33; ledgerHash: ""w^\203\302\311\316I7\371tTwp}\005|\372\214\251{R`\230V\244-\326I\351\255\325i""; ledgerHashPrevious: ""\246\332qY\262\231\251\n\305\334\202\305\362\n\367@k\231\016R:\327\242\366\242\253LZY\223$G""; networkTime: 803842840; firstSeq: 1; lastSeq: 33; ","newEvent: neCLOSING_LEDGER; ledgerSeq: 33; ledgerHash: ""w^\203\302\311\316I7\371tTwp}\005|\372\214\251{R`\230V\244-\326I\351\255\325i""; ledgerHashPrevious: ""\246\332qY\262\231\251\n\305\334\202\305\362\n\367@k\231\016R:\327\242\366\242\253LZY\223$G""; networkTime: 803842840; firstSeq: 1; lastSeq: 33; "
1750527640453,1750527640511,0,1,3,0,TMStatusChange,"newEvent: neCLOSING_LEDGER; ledgerSeq: 33; ledgerHash: ""w^\203\302\311\316I7\371tTwp}\005|\372\214\251{R`\230V\244-\326I\351\255\325i""; ledgerHashPrevious: ""\246\332qY\262\231\251\n\305\334\202\305\362\n\367@k\231\016R:\327\242\366\242\253LZY\223$G""; networkTime: 803842840; firstSeq: 1; lastSeq: 33; ","newEvent: neCLOSING_LEDGER; ledgerSeq: 33; ledgerHash: ""w^\203\302\311\316I7\371tTwp}\005|\372\214\251{R`\230V\244-\326I\351\255\325i""; ledgerHashPrevious: ""\246\332qY\262\231\251\n\305\334\202\305\362\n\367@k\231\016R:\327\242\366\242\253LZY\223$G""; networkTime: 803842840; firstSeq: 1; lastSeq: 33; "
1750527640454,1750527640512,0,1,3,1,TMStatusChange,"newEvent: neCLOSING_LEDGER; ledgerSeq: 33; ledgerHash: ""w^\203\302\311\316I7\371tTwp}\005|\372\214\251{R`\230V\244-\326I\351\255\325i""; ledgerHashPrevious: ""\246\332qY\262\231\251\n\305\334\202\305\362\n\367@k\231\016R:\327\242\366\242\253LZY\223$G""; networkTime: 803842840; firstSeq: 1; lastSeq: 33; ","newEvent: neCLOSING_LEDGER; ledgerSeq: 33; ledgerHash: ""w^\203\302\311\316I7\371tTwp}\005|\372\214\251{R`\230V\244-\326I\351\255\325i""; ledgerHashPrevious: ""\246\332qY\262\231\251\n\305\334\202\305\362\n\367@k\231\016R:\327\242\366\242\253LZY\223$G""; networkTime: 803842840; firstSeq: 1; lastSeq: 33; "
1750527640615,1750527640615,0,1,4,2,TMProposeSet,"proposeSeq: 0; currentTxHash: ""\000\000\000\000\000\000\000\000\000\000\000\000\000\000\000\000\000\000\000\000\000\000\000\000\000\000\000\000\000\000\000\000""; nodePubKey: ""\003R7o\362bV\300hf\266\241;}\200^\374\240\203[:\342Q\225\221\027y\372\255\235\216\323~""; closeTime: 803842840; signature: ""0E\002!\000\316\221#\341\335\227T\204\302oQ\252\372n@\007\325\346\003S\277\0009\210ey\261}\345f\246&\002 '\325\365n;\346\351\212\203|\303e""\021\361\226?aN\032V\357\250T=\363\375\342\007dn\245""; previousledger: ""w^\203\302\311\316I7\371tTwp}\005|\372\214\251{R`\230V\244-\326I\351\255\325i""; ","proposeSeq: 0; currentTxHash: ""\000\000\000\000\000\000\000\000\000\000\000\000\000\000\000\000\000\000\000\000\000\000\000\000\000\000\000\000\000\000\000\000""; nodePubKey: ""\003R7o\362bV\300hf\266\241;}\200^\374\240\203[:\342Q\225\221\027y\372\255\235\216\323~""; closeTime: 803842840; signature: ""0E\002!\000\316\221#\341\335\227T\204\302oQ\252\372n@\007\325\346\003S\277\0009\210ey\261}\345f\246&\002 '\325\365n;\346\351\212\203|\303e""\021\361\226?aN\032V\357\250T=\363\375\342\007dn\245""; previousledger: ""w^\203\302\311\316I7\371tTwp}\005|\372\214\251{R`\230V\244-\326I\351\255\325i""; "
1750527640616,1750527640616,0,1,4,0,TMProposeSet,"proposeSeq: 0; currentTxHash: ""\000\000\000\000\000\000\000\000\000\000\000\000\000\000\000\000\000\000\000\000\000\000\000\000\000\000\000\000\000\000\000\000""; nodePubKey: ""\003R7o\362bV\300hf\266\241;}\200^\374\240\203[:\342Q\225\221\027y\372\255\235\216\323~""; closeTime: 803842840; signature: ""0E\002!\000\316\221#\341\335\227T\204\302oQ\252\372n@\007\325\346\003S\277\0009\210ey\261}\345f\246&\002 '\325\365n;\346\351\212\203|\303e""\021\361\226?aN\032V\357\250T=\363\375\342\007dn\245""; previousledger: ""w^\203\302\311\316I7\371tTwp}\005|\372\214\251{R`\230V\244-\326I\351\255\325i""; ","proposeSeq: 0; currentTxHash: ""\000\000\000\000\000\000\000\000\000\000\000\000\000\000\000\000\000\000\000\000\000\000\000\000\000\000\000\000\000\000\000\000""; nodePubKey: ""\003R7o\362bV\300hf\266\241;}\200^\374\240\203[:\342Q\225\221\027y\372\255\235\216\323~""; closeTime: 803842840; signature: ""0E\002!\000\316\221#\341\335\227T\204\302oQ\252\372n@\007\325\346\003S\277\0009\210ey\261}\345f\246&\002 '\325\365n;\346\351\212\203|\303e""\021\361\226?aN\032V\357\250T=\363\375\342\007dn\245""; previousledger: ""w^\203\302\311\316I7\371tTwp}\005|\372\214\251{R`\230V\244-\326I\351\255\325i""; "
1750527640618,1750527640618,0,1,4,3,TMProposeSet,"proposeSeq: 0; currentTxHash: ""\000\000\000\000\000\000\000\000\000\000\000\000\000\000\000\000\000\000\000\000\000\000\000\000\000\000\000\000\000\000\000\000""; nodePubKey: ""\003R7o\362bV\300hf\266\241;}\200^\374\240\203[:\342Q\225\221\027y\372\255\235\216\323~""; closeTime: 803842840; signature: ""0E\002!\000\316\221#\341\335\227T\204\302oQ\252\372n@\007\325\346\003S\277\0009\210ey\261}\345f\246&\002 '\325\365n;\346\351\212\203|\303e""\021\361\226?aN\032V\357\250T=\363\375\342\007dn\245""; previousledger: ""w^\203\302\311\316I7\371tTwp}\005|\372\214\251{R`\230V\244-\326I\351\255\325i""; ","proposeSeq: 0; currentTxHash: ""\000\000\000\000\000\000\000\000\000\000\000\000\000\000\000\000\000\000\000\000\000\000\000\000\000\000\000\000\000\000\000\000""; nodePubKey: ""\003R7o\362bV\300hf\266\241;}\200^\374\240\203[:\342Q\225\221\027y\372\255\235\216\323~""; closeTime: 803842840; signature: ""0E\002!\000\316\221#\341\335\227T\204\302oQ\252\372n@\007\325\346\003S\277\0009\210ey\261}\345f\246&\002 '\325\365n;\346\351\212\203|\303e""\021\361\226?aN\032V\357\250T=\363\375\342\007dn\245""; previousledger: ""w^\203\302\311\316I7\371tTwp}\005|\372\214\251{R`\230V\244-\326I\351\255\325i""; "
1750527640618,1750527640618,0,1,4,1,TMProposeSet,"proposeSeq: 0; currentTxHash: ""\000\000\000\000\000\000\000\000\000\000\000\000\000\000\000\000\000\000\000\000\000\000\000\000\000\000\000\000\000\000\000\000""; nodePubKey: ""\003R7o\362bV\300hf\266\241;}\200^\374\240\203[:\342Q\225\221\027y\372\255\235\216\323~""; closeTime: 803842840; signature: ""0E\002!\000\316\221#\341\335\227T\204\302oQ\252\372n@\007\325\346\003S\277\0009\210ey\261}\345f\246&\002 '\325\365n;\346\351\212\203|\303e""\021\361\226?aN\032V\357\250T=\363\375\342\007dn\245""; previousledger: ""w^\203\302\311\316I7\371tTwp}\005|\372\214\251{R`\230V\244-\326I\351\255\325i""; ","proposeSeq: 0; currentTxHash: ""\000\000\000\000\000\000\000\000\000\000\000\000\000\000\000\000\000\000\000\000\000\000\000\000\000\000\000\000\000\000\000\000""; nodePubKey: ""\003R7o\362bV\300hf\266\241;}\200^\374\240\203[:\342Q\225\221\027y\372\255\235\216\323~""; closeTime: 803842840; signature: ""0E\002!\000\316\221#\341\335\227T\204\302oQ\252\372n@\007\325\346\003S\277\0009\210ey\261}\345f\246&\002 '\325\365n;\346\351\212\203|\303e""\021\361\226?aN\032V\357\250T=\363\375\342\007dn\245""; previousledger: ""w^\203\302\311\316I7\371tTwp}\005|\372\214\251{R`\230V\244-\326I\351\255\325i""; "
1750527640620,1750527640620,0,1,3,2,TMProposeSet,"proposeSeq: 0; currentTxHash: ""\000\000\000\000\000\000\000\000\000\000\000\000\000\000\000\000\000\000\000\000\000\000\000\000\000\000\000\000\000\000\000\000""; nodePubKey: ""\003R7o\362bV\300hf\266\241;}\200^\374\240\203[:\342Q\225\221\027y\372\255\235\216\323~""; closeTime: 803842840; signature: ""0E\002!\000\316\221#\341\335\227T\204\302oQ\252\372n@\007\325\346\003S\277\0009\210ey\261}\345f\246&\002 '\325\365n;\346\351\212\203|\303e""\021\361\226?aN\032V\357\250T=\363\375\342\007dn\245""; previousledger: ""w^\203\302\311\316I7\371tTwp}\005|\372\214\251{R`\230V\244-\326I\351\255\325i""; ","proposeSeq: 0; currentTxHash: ""\000\000\000\000\000\000\000\000\000\000\000\000\000\000\000\000\000\000\000\000\000\000\000\000\000\000\000\000\000\000\000\000""; nodePubKey: ""\003R7o\362bV\300hf\266\241;}\200^\374\240\203[:\342Q\225\221\027y\372\255\235\216\323~""; closeTime: 803842840; signature: ""0E\002!\000\316\221#\341\335\227T\204\302oQ\252\372n@\007\325\346\003S\277\0009\210ey\261}\345f\246&\002 '\325\365n;\346\351\212\203|\303e""\021\361\226?aN\032V\357\250T=\363\375\342\007dn\245""; previousledger: ""w^\203\302\311\316I7\371tTwp}\005|\372\214\251{R`\230V\244-\326I\351\255\325i""; "
1750527640620,1750527640620,0,1,3,1,TMProposeSet,"proposeSeq: 0; currentTxHash: ""\000\000\000\000\000\000\000\000\000\000\000\000\000\000\000\000\000\000\000\000\000\000\000\000\000\000\000\000\000\000\000\000""; nodePubKey: ""\003R7o\362bV\300hf\266\241;}\200^\374\240\203[:\342Q\225\221\027y\372\255\235\216\323~""; closeTime: 803842840; signature: ""0E\002!\000\316\221#\341\335\227T\204\302oQ\252\372n@\007\325\346\003S\277\0009\210ey\261}\345f\246&\002 '\325\365n;\346\351\212\203|\303e""\021\361\226?aN\032V\357\250T=\363\375\342\007dn\245""; previousledger: ""w^\203\302\311\316I7\371tTwp}\005|\372\214\251{R`\230V\244-\326I\351\255\325i""; ","proposeSeq: 0; currentTxHash: ""\000\000\000\000\000\000\000\000\000\000\000\000\000\000\000\000\000\000\000\000\000\000\000\000\000\000\000\000\000\000\000\000""; nodePubKey: ""\003R7o\362bV\300hf\266\241;}\200^\374\240\203[:\342Q\225\221\027y\372\255\235\216\323~""; closeTime: 803842840; signature: ""0E\002!\000\316\221#\341\335\227T\204\302oQ\252\372n@\007\325\346\003S\277\0009\210ey\261}\345f\246&\002 '\325\365n;\346\351\212\203|\303e""\021\361\226?aN\032V\357\250T=\363\375\342\007dn\245""; previousledger: ""w^\203\302\311\316I7\371tTwp}\005|\372\214\251{R`\230V\244-\326I\351\255\325i""; "
1750527640620,1750527640620,0,1,3,0,TMProposeSet,"proposeSeq: 0; currentTxHash: ""\000\000\000\000\000\000\000\000\000\000\000\000\000\000\000\000\000\000\000\000\000\000\000\000\000\000\000\000\000\000\000\000""; nodePubKey: ""\003R7o\362bV\300hf\266\241;}\200^\374\240\203[:\342Q\225\221\027y\372\255\235\216\323~""; closeTime: 803842840; signature: ""0E\002!\000\316\221#\341\335\227T\204\302oQ\252\372n@\007\325\346\003S\277\0009\210ey\261}\345f\246&\002 '\325\365n;\346\351\212\203|\303e""\021\361\226?aN\032V\357\250T=\363\375\342\007dn\245""; previousledger: ""w^\203\302\311\316I7\371tTwp}\005|\372\214\251{R`\230V\244-\326I\351\255\325i""; ","proposeSeq: 0; currentTxHash: ""\000\000\000\000\000\000\000\000\000\000\000\000\000\000\000\000\000\000\000\000\000\000\000\000\000\000\000\000\000\000\000\000""; nodePubKey: ""\003R7o\362bV\300hf\266\241;}\200^\374\240\203[:\342Q\225\221\027y\372\255\235\216\323~""; closeTime: 803842840; signature: ""0E\002!\000\316\221#\341\335\227T\204\302oQ\252\372n@\007\325\346\003S\277\0009\210ey\261}\345f\246&\002 '\325\365n;\346\351\212\203|\303e""\021\361\226?aN\032V\357\250T=\363\375\342\007dn\245""; previousledger: ""w^\203\302\311\316I7\371tTwp}\005|\372\214\251{R`\230V\244-\326I\351\255\325i""; "
1750527640617,1750527640676,0,1,4,3,TMStatusChange,"newEvent: neCLOSING_LEDGER; ledgerSeq: 33; ledgerHash: ""w^\203\302\311\316I7\371tTwp}\005|\372\214\251{R`\230V\244-\326I\351\255\325i""; ledgerHashPrevious: ""\246\332qY\262\231\251\n\305\334\202\305\362\n\367@k\231\016R:\327\242\366\242\253LZY\223$G""; networkTime: 803842840; firstSeq: 1; lastSeq: 33; ","newEvent: neCLOSING_LEDGER; ledgerSeq: 33; ledgerHash: ""w^\203\302\311\316I7\371tTwp}\005|\372\214\251{R`\230V\244-\326I\351\255\325i""; ledgerHashPrevious: ""\246\332qY\262\231\251\n\305\334\202\305\362\n\367@k\231\016R:\327\242\366\242\253LZY\223$G""; networkTime: 803842840; firstSeq: 1; lastSeq: 33; "
1750527640617,1750527640676,0,1,4,1,TMStatusChange,"newEvent: neCLOSING_LEDGER; ledgerSeq: 33; ledgerHash: ""w^\203\302\311\316I7\371tTwp}\005|\372\214\251{R`\230V\244-\326I\351\255\325i""; ledgerHashPrevious: ""\246\332qY\262\231\251\n\305\334\202\305\362\n\367@k\231\016R:\327\242\366\242\253LZY\223$G""; networkTime: 803842840; firstSeq: 1; lastSeq: 33; ","newEvent: neCLOSING_LEDGER; ledgerSeq: 33; ledgerHash: ""w^\203\302\311\316I7\371tTwp}\005|\372\214\251{R`\230V\244-\326I\351\255\325i""; ledgerHashPrevious: ""\246\332qY\262\231\251\n\305\334\202\305\362\n\367@k\231\016R:\327\242\366\242\253LZY\223$G""; networkTime: 803842840; firstSeq: 1; lastSeq: 33; "
1750527640617,1750527640677,0,1,4,0,TMStatusChange,"newEvent: neCLOSING_LEDGER; ledgerSeq: 33; ledgerHash: ""w^\203\302\311\316I7\371tTwp}\005|\372\214\251{R`\230V\244-\326I\351\255\325i""; ledgerHashPrevious: ""\246\332qY\262\231\251\n\305\334\202\305\362\n\367@k\231\016R:\327\242\366\242\253LZY\223$G""; networkTime: 803842840; firstSeq: 1; lastSeq: 33; ","newEvent: neCLOSING_LEDGER; ledgerSeq: 33; ledgerHash: ""w^\203\302\311\316I7\371tTwp}\005|\372\214\251{R`\230V\244-\326I\351\255\325i""; ledgerHashPrevious: ""\246\332qY\262\231\251\n\305\334\202\305\362\n\367@k\231\016R:\327\242\366\242\253LZY\223$G""; networkTime: 803842840; firstSeq: 1; lastSeq: 33; "
1750527640617,1750527640677,0,1,4,2,TMStatusChange,"newEvent: neCLOSING_LEDGER; ledgerSeq: 33; ledgerHash: ""w^\203\302\311\316I7\371tTwp}\005|\372\214\251{R`\230V\244-\326I\351\255\325i""; ledgerHashPrevious: ""\246\332qY\262\231\251\n\305\334\202\305\362\n\367@k\231\016R:\327\242\366\242\253LZY\223$G""; networkTime: 803842840; firstSeq: 1; lastSeq: 33; ","newEvent: neCLOSING_LEDGER; ledgerSeq: 33; ledgerHash: ""w^\203\302\311\316I7\371tTwp}\005|\372\214\251{R`\230V\244-\326I\351\255\325i""; ledgerHashPrevious: ""\246\332qY\262\231\251\n\305\334\202\305\362\n\367@k\231\016R:\327\242\366\242\253LZY\223$G""; networkTime: 803842840; firstSeq: 1; lastSeq: 33; "
1750527640726,1750527640726,0,1,1,3,TMProposeSet,"proposeSeq: 0; currentTxHash: ""\000\000\000\000\000\000\000\000\000\000\000\000\000\000\000\000\000\000\000\000\000\000\000\000\000\000\000\000\000\000\000\000""; nodePubKey: ""\002\266\377\271\344:\030\221i\267\257\215\237M\014\3345f\014\273|\207\367\334\337F\325\004cxB\211L""; closeTime: 803842840; signature: ""0D\002 \nFK1h\302/\003 L\260\271/c\275\354\217y\202\364\240D\340\205\222^\246\2505ux\360\002 gr\316B\371\253\027\211d\2505P\227\327vf\204\223\035 b\177\262\374\031o\016\265\273\274\336\342""; previousledger: ""s\0079\313\230\355\262\256\324\364\274&\034p\210@K\347#\343\030\246\353\321\312\303\353m\240\026\264\302""; ","proposeSeq: 0; currentTxHash: ""\000\000\000\000\000\000\000\000\000\000\000\000\000\000\000\000\000\000\000\000\000\000\000\000\000\000\000\000\000\000\000\000""; nodePubKey: ""\002\266\377\271\344:\030\221i\267\257\215\237M\014\3345f\014\273|\207\367\334\337F\325\004cxB\211L""; closeTime: 803842840; signature: ""0D\002 \nFK1h\302/\003 L\260\271/c\275\354\217y\202\364\240D\340\205\222^\246\2505ux\360\002 gr\316B\371\253\027\211d\2505P\227\327vf\204\223\035 b\177\262\374\031o\016\265\273\274\336\342""; previousledger: ""s\0079\313\230\355\262\256\324\364\274&\034p\210@K\347#\343\030\246\353\321\312\303\353m\240\026\264\302""; "
1750527640726,1750527640726,0,1,1,0,TMProposeSet,"proposeSeq: 0; currentTxHash: ""\000\000\000\000\000\000\000\000\000\000\000\000\000\000\000\000\000\000\000\000\000\000\000\000\000\000\000\000\000\000\000\000""; nodePubKey: ""\002\266\377\271\344:\030\221i\267\257\215\237M\014\3345f\014\273|\207\367\334\337F\325\004cxB\211L""; closeTime: 803842840; signature: ""0D\002 \nFK1h\302/\003 L\260\271/c\275\354\217y\202\364\240D\340\205\222^\246\2505ux\360\002 gr\316B\371\253\027\211d\2505P\227\327vf\204\223\035 b\177\262\374\031o\016\265\273\274\336\342""; previousledger: ""s\0079\313\230\355\262\256\324\364\274&\034p\210@K\347#\343\030\246\353\321\312\303\353m\240\026\264\302""; ","proposeSeq: 0; currentTxHash: ""\000\000\000\000\000\000\000\000\000\000\000\000\000\000\000\000\000\000\000\000\000\000\000\000\000\000\000\000\000\000\000\000""; nodePubKey: ""\002\266\377\271\344:\030\221i\267\257\215\237M\014\3345f\014\273|\207\367\334\337F\325\004cxB\211L""; closeTime: 803842840; signature: ""0D\002 \nFK1h\302/\003 L\260\271/c\275\354\217y\202\364\240D\340\205\222^\246\2505ux\360\002 gr\316B\371\253\027\211d\2505P\227\327vf\204\223\035 b\177\262\374\031o\016\265\273\274\336\342""; previousledger: ""s\0079\313\230\355\262\256\324\364\274&\034p\210@K\347#\343\030\246\353\321\312\303\353m\240\026\264\302""; "
1750527640726,1750527640727,0,1,1,4,TMProposeSet,"proposeSeq: 0; currentTxHash: ""\000\000\000\000\000\000\000\000\000\000\000\000\000\000\000\000\000\000\000\000\000\000\000\000\000\000\000\000\000\000\000\000""; nodePubKey: ""\002\266\377\271\344:\030\221i\267\257\215\237M\014\3345f\014\273|\207\367\334\337F\325\004cxB\211L""; closeTime: 803842840; signature: ""0D\002 \nFK1h\302/\003 L\260\271/c\275\354\217y\202\364\240D\340\205\222^\246\2505ux\360\002 gr\316B\371\253\027\211d\2505P\227\327vf\204\223\035 b\177\262\374\031o\016\265\273\274\336\342""; previousledger: ""s\0079\313\230\355\262\256\324\364\274&\034p\210@K\347#\343\030\246\353\321\312\303\353m\240\026\264\302""; ","proposeSeq: 0; currentTxHash: ""\000\000\000\000\000\000\000\000\000\000\000\000\000\000\000\000\000\000\000\000\000\000\000\000\000\000\000\000\000\000\000\000""; nodePubKey: ""\002\266\377\271\344:\030\221i\267\257\215\237M\014\3345f\014\273|\207\367\334\337F\325\004cxB\211L""; closeTime: 803842840; signature: ""0D\002 \nFK1h\302/\003 L\260\271/c\275\354\217y\202\364\240D\340\205\222^\246\2505ux\360\002 gr\316B\371\253\027\211d\2505P\227\327vf\204\223\035 b\177\262\374\031o\016\265\273\274\336\342""; previousledger: ""s\0079\313\230\355\262\256\324\364\274&\034p\210@K\347#\343\030\246\353\321\312\303\353m\240\026\264\302""; "
1750527640727,1750527640727,0,1,1,2,TMProposeSet,"proposeSeq: 0; currentTxHash: ""\000\000\000\000\000\000\000\000\000\000\000\000\000\000\000\000\000\000\000\000\000\000\000\000\000\000\000\000\000\000\000\000""; nodePubKey: ""\002\266\377\271\344:\030\221i\267\257\215\237M\014\3345f\014\273|\207\367\334\337F\325\004cxB\211L""; closeTime: 803842840; signature: ""0D\002 \nFK1h\302/\003 L\260\271/c\275\354\217y\202\364\240D\340\205\222^\246\2505ux\360\002 gr\316B\371\253\027\211d\2505P\227\327vf\204\223\035 b\177\262\374\031o\016\265\273\274\336\342""; previousledger: ""s\0079\313\230\355\262\256\324\364\274&\034p\210@K\347#\343\030\246\353\321\312\303\353m\240\026\264\302""; ","proposeSeq: 0; currentTxHash: ""\000\000\000\000\000\000\000\000\000\000\000\000\000\000\000\000\000\000\000\000\000\000\000\000\000\000\000\000\000\000\000\000""; nodePubKey: ""\002\266\377\271\344:\030\221i\267\257\215\237M\014\3345f\014\273|\207\367\334\337F\325\004cxB\211L""; closeTime: 803842840; signature: ""0D\002 \nFK1h\302/\003 L\260\271/c\275\354\217y\202\364\240D\340\205\222^\246\2505ux\360\002 gr\316B\371\253\027\211d\2505P\227\327vf\204\223\035 b\177\262\374\031o\016\265\273\274\336\342""; previousledger: ""s\0079\313\230\355\262\256\324\364\274&\034p\210@K\347#\343\030\246\353\321\312\303\353m\240\026\264\302""; "
1750527640685,1750527640745,0,1,1,0,TMStatusChange,"newEvent: neCLOSING_LEDGER; ledgerSeq: 12; ledgerHash: ""s\0079\313\230\355\262\256\324\364\274&\034p\210@K\347#\343\030\246\353\321\312\303\353m\240\026\264\302""; ledgerHashPrevious: ""\217\r\003K\266\305\315C\214\232\253\322f#\037\275` \312Q\313\216Ch\327\007x\320\303\216]p""; networkTime: 803842840; firstSeq: 1; lastSeq: 33; ","newEvent: neCLOSING_LEDGER; ledgerSeq: 12; ledgerHash: ""s\0079\313\230\355\262\256\324\364\274&\034p\210@K\347#\343\030\246\353\321\312\303\353m\240\026\264\302""; ledgerHashPrevious: ""\217\r\003K\266\305\315C\214\232\253\322f#\037\275` \312Q\313\216Ch\327\007x\320\303\216]p""; networkTime: 803842840; firstSeq: 1; lastSeq: 33; "
1750527640686,1750527640745,0,1,1,2,TMStatusChange,"newEvent: neCLOSING_LEDGER; ledgerSeq: 12; ledgerHash: ""s\0079\313\230\355\262\256\324\364\274&\034p\210@K\347#\343\030\246\353\321\312\303\353m\240\026\264\302""; ledgerHashPrevious: ""\217\r\003K\266\305\315C\214\232\253\322f#\037\275` \312Q\313\216Ch\327\007x\320\303\216]p""; networkTime: 803842840; firstSeq: 1; lastSeq: 33; ","newEvent: neCLOSING_LEDGER; ledgerSeq: 12; ledgerHash: ""s\0079\313\230\355\262\256\324\364\274&\034p\210@K\347#\343\030\246\353\321\312\303\353m\240\026\264\302""; ledgerHashPrevious: ""\217\r\003K\266\305\315C\214\232\253\322f#\037\275` \312Q\313\216Ch\327\007x\320\303\216]p""; networkTime: 803842840; firstSeq: 1; lastSeq: 33; "
1750527640686,1750527640745,0,1,1,3,TMStatusChange,"newEvent: neCLOSING_LEDGER; ledgerSeq: 12; ledgerHash: ""s\0079\313\230\355\262\256\324\364\274&\034p\210@K\347#\343\030\246\353\321\312\303\353m\240\026\264\302""; ledgerHashPrevious: ""\217\r\003K\266\305\315C\214\232\253\322f#\037\275` \312Q\313\216Ch\327\007x\320\303\216]p""; networkTime: 803842840; firstSeq: 1; lastSeq: 33; ","newEvent: neCLOSING_LEDGER; ledgerSeq: 12; ledgerHash: ""s\0079\313\230\355\262\256\324\364\274&\034p\210@K\347#\343\030\246\353\321\312\303\353m\240\026\264\302""; ledgerHashPrevious: ""\217\r\003K\266\305\315C\214\232\253\322f#\037\275` \312Q\313\216Ch\327\007x\320\303\216]p""; networkTime: 803842840; firstSeq: 1; lastSeq: 33; "
1750527640686,1750527640745,0,1,1,4,TMStatusChange,"newEvent: neCLOSING_LEDGER; ledgerSeq: 12; ledgerHash: ""s\0079\313\230\355\262\256\324\364\274&\034p\210@K\347#\343\030\246\353\321\312\303\353m\240\026\264\302""; ledgerHashPrevious: ""\217\r\003K\266\305\315C\214\232\253\322f#\037\275` \312Q\313\216Ch\327\007x\320\303\216]p""; networkTime: 803842840; firstSeq: 1; lastSeq: 33; ","newEvent: neCLOSING_LEDGER; ledgerSeq: 12; ledgerHash: ""s\0079\313\230\355\262\256\324\364\274&\034p\210@K\347#\343\030\246\353\321\312\303\353m\240\026\264\302""; ledgerHashPrevious: ""\217\r\003K\266\305\315C\214\232\253\322f#\037\275` \312Q\313\216Ch\327\007x\320\303\216]p""; networkTime: 803842840; firstSeq: 1; lastSeq: 33; "
1750527642453,1750527642453,0,1,3,4,TMStatusChange,"newEvent: neACCEPTED_LEDGER; ledgerSeq: 34; ledgerHash: ""\335\377\321\353\327\331\302\023\347y\016\263\271\317\306\017UV\314qu?\0064A\315{3D\010\016S""; ledgerHashPrevious: ""w^\203\302\311\316I7\371tTwp}\005|\372\214\251{R`\230V\244-\326I\351\255\325i""; networkTime: 803842842; firstSeq: 1; lastSeq: 33; ","newEvent: neACCEPTED_LEDGER; ledgerSeq: 34; ledgerHash: ""\335\377\321\353\327\331\302\023\347y\016\263\271\317\306\017UV\314qu?\0064A\315{3D\010\016S""; ledgerHashPrevious: ""w^\203\302\311\316I7\371tTwp}\005|\372\214\251{R`\230V\244-\326I\351\255\325i""; networkTime: 803842842; firstSeq: 1; lastSeq: 33; "
1750527642454,1750527642454,0,1,3,0,TMStatusChange,"newEvent: neACCEPTED_LEDGER; ledgerSeq: 34; ledgerHash: ""\335\377\321\353\327\331\302\023\347y\016\263\271\317\306\017UV\314qu?\0064A\315{3D\010\016S""; ledgerHashPrevious: ""w^\203\302\311\316I7\371tTwp}\005|\372\214\251{R`\230V\244-\326I\351\255\325i""; networkTime: 803842842; firstSeq: 1; lastSeq: 33; ","newEvent: neACCEPTED_LEDGER; ledgerSeq: 34; ledgerHash: ""\335\377\321\353\327\331\302\023\347y\016\263\271\317\306\017UV\314qu?\0064A\315{3D\010\016S""; ledgerHashPrevious: ""w^\203\302\311\316I7\371tTwp}\005|\372\214\251{R`\230V\244-\326I\351\255\325i""; networkTime: 803842842; firstSeq: 1; lastSeq: 33; "
1750527642455,1750527642455,0,1,3,0,TMValidation,"validation: """"\200\000\000\001&\000\000\000"")/\351\253\032:p\210\265\307-\212\200\004Q\335\377\321\353\327\331\302\023\347y\016\263\271\317\306\017UV\314qu?\0064A\315{3D\010\016SP\027\000\000\000\000\000\000\000\000\000\000\000\000\000\000\000\000\000\000\000\000\000\000\000\000\000\000\000\000\000\000\000\000P\031w^\203\302\311\316I7\371tTwp}\005|\372\214\251{R`\230V\244-\326I\351\255\325is!\002\364d\217\366\217|\316F\232\231\241\n\261\333`\312O\367\235\025DD\336e\367\n\312\326\221\037\025\230vG0E\002!\000\302\233\220\213Y\212'e\244\001\236p3X\264^\271\213\221\320\367\231\014\3020\210\033z\255Y1\363\002 \n\3468O\232\337]\326sDw\376.\346m.\315\275z\022Z\230\220\217\235\341p\030\240\177\313s""; ","validation: """"\200\000\000\001&\000\000\000"")/\351\253\032:p\210\265\307-\212\200\004Q\335\377\321\353\327\331\302\023\347y\016\263\271\317\306\017UV\314qu?\0064A\315{3D\010\016SP\027\000\000\000\000\000\000\000\000\000\000\000\000\000\000\000\000\000\000\000\000\000\000\000\000\000\000\000\000\000\000\000\000P\031w^\203\302\311\316I7\371tTwp}\005|\372\214\251{R`\230V\244-\326I\351\255\325is!\002\364d\217\366\217|\316F\232\231\241\n\261\333`\312O\367\235\025DD\336e\367\n\312\326\221\037\025\230vG0E\002!\000\302\233\220\213Y\212'e\244\001\236p3X\264^\271\213\221\320\367\231\014\3020\210\033z\255Y1\363\002 \n\3468O\232\337]\326sDw\376.\346m.\315\275z\022Z\230\220\217\235\341p\030\240\177\313s""; "
1750527642455,1750527642455,0,1,3,1,TMValidation,"validation: """"\200\000\000\001&\000\000\000"")/\351\253\032:p\210\265\307-\212\200\004Q\335\377\321\353\327\331\302\023\347y\016\263\271\317\306\017UV\314qu?\0064A\315{3D\010\016SP\027\000\000\000\000\000\000\000\000\000\000\000\000\000\000\000\000\000\000\000\000\000\000\000\000\000\000\000\000\000\000\000\000P\031w^\203\302\311\316I7\371tTwp}\005|\372\214\251{R`\230V\244-\326I\351\255\325is!\002\364d\217\366\217|\316F\232\231\241\n\261\333`\312O\367\235\025DD\336e\367\n\312\326\221\037\025\230vG0E\002!\000\302\233\220\213Y\212'e\244\001\236p3X\264^\271\213\221\320\367\231\014\3020\210\033z\255Y1\363\002 \n\3468O\232\337]\326sDw\376.\346m.\315\275z\022Z\230\220\217\235\341p\030\240\177\313s""; ","validation: """"\200\000\000\001&\000\000\000"")/\351\253\032:p\210\265\307-\212\200\004Q\335\377\321\353\327\331\302\023\347y\016\263\271\317\306\017UV\314qu?\0064A\315{3D\010\016SP\027\000\000\000\000\000\000\000\000\000\000\000\000\000\000\000\000\000\000\000\000\000\000\000\000\000\000\000\000\000\000\000\000P\031w^\203\302\311\316I7\371tTwp}\005|\372\214\251{R`\230V\244-\326I\351\255\325is!\002\364d\217\366\217|\316F\232\231\241\n\261\333`\312O\367\235\025DD\336e\367\n\312\326\221\037\025\230vG0E\002!\000\302\233\220\213Y\212'e\244\001\236p3X\264^\271\213\221\320\367\231\014\3020\210\033z\255Y1\363\002 \n\3468O\232\337]\326sDw\376.\346m.\315\275z\022Z\230\220\217\235\341p\030\240\177\313s""; "
1750527642455,1750527642455,0,1,3,1,TMStatusChange,"newEvent: neACCEPTED_LEDGER; ledgerSeq: 34; ledgerHash: ""\335\377\321\353\327\331\302\023\347y\016\263\271\317\306\017UV\314qu?\0064A\315{3D\010\016S""; ledgerHashPrevious: ""w^\203\302\311\316I7\371tTwp}\005|\372\214\251{R`\230V\244-\326I\351\255\325i""; networkTime: 803842842; firstSeq: 1; lastSeq: 33; ","newEvent: neACCEPTED_LEDGER; ledgerSeq: 34; ledgerHash: ""\335\377\321\353\327\331\302\023\347y\016\263\271\317\306\017UV\314qu?\0064A\315{3D\010\016S""; ledgerHashPrevious: ""w^\203\302\311\316I7\371tTwp}\005|\372\214\251{R`\230V\244-\326I\351\255\325i""; networkTime: 803842842; firstSeq: 1; lastSeq: 33; "
1750527642456,1750527642456,0,1,3,2,TMValidation,"validation: """"\200\000\000\001&\000\000\000"")/\351\253\032:p\210\265\307-\212\200\004Q\335\377\321\353\327\331\302\023\347y\016\263\271\317\306\017UV\314qu?\0064A\315{3D\010\016SP\027\000\000\000\000\000\000\000\000\000\000\000\000\000\000\000\000\000\000\000\000\000\000\000\000\000\000\000\000\000\000\000\000P\031w^\203\302\311\316I7\371tTwp}\005|\372\214\251{R`\230V\244-\326I\351\255\325is!\002\364d\217\366\217|\316F\232\231\241\n\261\333`\312O\367\235\025DD\336e\367\n\312\326\221\037\025\230vG0E\002!\000\302\233\220\213Y\212'e\244\001\236p3X\264^\271\213\221\320\367\231\014\3020\210\033z\255Y1\363\002 \n\3468O\232\337]\326sDw\376.\346m.\315\275z\022Z\230\220\217\235\341p\030\240\177\313s""; ","validation: """"\200\000\000\001&\000\000\000"")/\351\253\032:p\210\265\307-\212\200\004Q\335\377\321\353\327\331\302\023\347y\016\263\271\317\306\017UV\314qu?\0064A\315{3D\010\016SP\027\000\000\000\000\000\000\000\000\000\000\000\000\000\000\000\000\000\000\000\000\000\000\000\000\000\000\000\000\000\000\000\000P\031w^\203\302\311\316I7\371tTwp}\005|\372\214\251{R`\230V\244-\326I\351\255\325is!\002\364d\217\366\217|\316F\232\231\241\n\261\333`\312O\367\235\025DD\336e\367\n\312\326\221\037\025\230vG0E\002!\000\302\233\220\213Y\212'e\244\001\236p3X\264^\271\213\221\320\367\231\014\3020\210\033z\255Y1\363\002 \n\3468O\232\337]\326sDw\376.\346m.\315\275z\022Z\230\220\217\235\341p\030\240\177\313s""; "
1750527642456,1750527642456,0,1,3,4,TMValidation,"validation: """"\200\000\000\001&\000\000\000"")/\351\253\032:p\210\265\307-\212\200\004Q\335\377\321\353\327\331\302\023\347y\016\263\271\317\306\017UV\314qu?\0064A\315{3D\010\016SP\027\000\000\000\000\000\000\000\000\000\000\000\000\000\000\000\000\000\000\000\000\000\000\000\000\000\000\000\000\000\000\000\000P\031w^\203\302\311\316I7\371tTwp}\005|\372\214\251{R`\230V\244-\326I\351\255\325is!\002\364d\217\366\217|\316F\232\231\241\n\261\333`\312O\367\235\025DD\336e\367\n\312\326\221\037\025\230vG0E\002!\000\302\233\220\213Y\212'e\244\001\236p3X\264^\271\213\221\320\367\231\014\3020\210\033z\255Y1\363\002 \n\3468O\232\337]\326sDw\376.\346m.\315\275z\022Z\230\220\217\235\341p\030\240\177\313s""; ","validation: """"\200\000\000\001&\000\000\000"")/\351\253\032:p\210\265\307-\212\200\004Q\335\377\321\353\327\331\302\023\347y\016\263\271\317\306\017UV\314qu?\0064A\315{3D\010\016SP\027\000\000\000\000\000\000\000\000\000\000\000\000\000\000\000\000\000\000\000\000\000\000\000\000\000\000\000\000\000\000\000\000P\031w^\203\302\311\316I7\371tTwp}\005|\372\214\251{R`\230V\244-\326I\351\255\325is!\002\364d\217\366\217|\316F\232\231\241\n\261\333`\312O\367\235\025DD\336e\367\n\312\326\221\037\025\230vG0E\002!\000\302\233\220\213Y\212'e\244\001\236p3X\264^\271\213\221\320\367\231\014\3020\210\033z\255Y1\363\002 \n\3468O\232\337]\326sDw\376.\346m.\315\275z\022Z\230\220\217\235\341p\030\240\177\313s""; "
1750527642456,1750527642456,0,1,3,2,TMStatusChange,"newEvent: neACCEPTED_LEDGER; ledgerSeq: 34; ledgerHash: ""\335\377\321\353\327\331\302\023\347y\016\263\271\317\306\017UV\314qu?\0064A\315{3D\010\016S""; ledgerHashPrevious: ""w^\203\302\311\316I7\371tTwp}\005|\372\214\251{R`\230V\244-\326I\351\255\325i""; networkTime: 803842842; firstSeq: 1; lastSeq: 33; ","newEvent: neACCEPTED_LEDGER; ledgerSeq: 34; ledgerHash: ""\335\377\321\353\327\331\302\023\347y\016\263\271\317\306\017UV\314qu?\0064A\315{3D\010\016S""; ledgerHashPrevious: ""w^\203\302\311\316I7\371tTwp}\005|\372\214\251{R`\230V\244-\326I\351\255\325i""; networkTime: 803842842; firstSeq: 1; lastSeq: 33; "
1750527642458,1750527642458,0,1,0,3,TMGetLedger,"itype: liBASE; ledgerHash: ""\335\377\321\353\327\331\302\023\347y\016\263\271\317\306\017UV\314qu?\0064A\315{3D\010\016S""; ledgerSeq: 34; ","itype: liBASE; ledgerHash: ""\335\377\321\353\327\331\302\023\347y\016\263\271\317\306\017UV\314qu?\0064A\315{3D\010\016S""; ledgerSeq: 34; "
1750527642459,1750527642459,0,1,0,2,TMGetLedger,"itype: liBASE; ledgerHash: ""\335\377\321\353\327\331\302\023\347y\016\263\271\317\306\017UV\314qu?\0064A\315{3D\010\016S""; ledgerSeq: 34; ","itype: liBASE; ledgerHash: ""\335\377\321\353\327\331\302\023\347y\016\263\271\317\306\017UV\314qu?\0064A\315{3D\010\016S""; ledgerSeq: 34; "
1750527642460,1750527642460,0,1,0,1,TMGetLedger,"itype: liBASE; ledgerHash: ""\335\377\321\353\327\331\302\023\347y\016\263\271\317\306\017UV\314qu?\0064A\315{3D\010\016S""; ledgerSeq: 34; ","itype: liBASE; ledgerHash: ""\335\377\321\353\327\331\302\023\347y\016\263\271\317\306\017UV\314qu?\0064A\315{3D\010\016S""; ledgerSeq: 34; "
1750527642460,1750527642460,0,1,0,4,TMGetLedger,"itype: liBASE; ledgerHash: ""\335\377\321\353\327\331\302\023\347y\016\263\271\317\306\017UV\314qu?\0064A\315{3D\010\016S""; ledgerSeq: 34; ","itype: liBASE; ledgerHash: ""\335\377\321\353\327\331\302\023\347y\016\263\271\317\306\017UV\314qu?\0064A\315{3D\010\016S""; ledgerSeq: 34; "
1750527642460,1750527642460,0,1,1,3,TMGetLedger,"itype: liBASE; ledgerHash: ""\335\377\321\353\327\331\302\023\347y\016\263\271\317\306\017UV\314qu?\0064A\315{3D\010\016S""; ledgerSeq: 34; ","itype: liBASE; ledgerHash: ""\335\377\321\353\327\331\302\023\347y\016\263\271\317\306\017UV\314qu?\0064A\315{3D\010\016S""; ledgerSeq: 34; "
1750527642461,1750527642461,0,1,1,2,TMValidation,"validation: """"\200\000\000\001&\000\000\000"")/\351\253\032:p\210\265\307-\212\200\004Q\335\377\321\353\327\331\302\023\347y\016\263\271\317\306\017UV\314qu?\0064A\315{3D\010\016SP\027\000\000\000\000\000\000\000\000\000\000\000\000\000\000\000\000\000\000\000\000\000\000\000\000\000\000\000\000\000\000\000\000P\031w^\203\302\311\316I7\371tTwp}\005|\372\214\251{R`\230V\244-\326I\351\255\325is!\002\364d\217\366\217|\316F\232\231\241\n\261\333`\312O\367\235\025DD\336e\367\n\312\326\221\037\025\230vG0E\002!\000\302\233\220\213Y\212'e\244\001\236p3X\264^\271\213\221\320\367\231\014\3020\210\033z\255Y1\363\002 \n\3468O\232\337]\326sDw\376.\346m.\315\275z\022Z\230\220\217\235\341p\030\240\177\313s""; ","validation: """"\200\000\000\001&\000\000\000"")/\351\253\032:p\210\265\307-\212\200\004Q\335\377\321\353\327\331\302\023\347y\016\263\271\317\306\017UV\314qu?\0064A\315{3D\010\016SP\027\000\000\000\000\000\000\000\000\000\000\000\000\000\000\000\000\000\000\000\000\000\000\000\000\000\000\000\000\000\000\000\000P\031w^\203\302\311\316I7\371tTwp}\005|\372\214\251{R`\230V\244-\326I\351\255\325is!\002\364d\217\366\217|\316F\232\231\241\n\261\333`\312O\367\235\025DD\336e\367\n\312\326\221\037\025\230vG0E\002!\000\302\233\220\213Y\212'e\244\001\236p3X\264^\271\213\221\320\367\231\014\3020\210\033z\255Y1\363\002 \n\3468O\232\337]\326sDw\376.\346m.\315\275z\022Z\230\220\217\235\341p\030\240\177\313s""; "
1750527642461,1750527642461,0,1,1,2,TMGetLedger,"itype: liBASE; ledgerHash: ""\335\377\321\353\327\331\302\023\347y\016\263\271\317\306\017UV\314qu?\0064A\315{3D\010\016S""; ledgerSeq: 34; ","itype: liBASE; ledgerHash: ""\335\377\321\353\327\331\302\023\347y\016\263\271\317\306\017UV\314qu?\0064A\315{3D\010\016S""; ledgerSeq: 34; "
1750527642461,1750527642461,0,1,1,4,TMValidation,"validation: """"\200\000\000\001&\000\000\000"")/\351\253\032:p\210\265\307-\212\200\004Q\335\377\321\353\327\331\302\023\347y\016\263\271\317\306\017UV\314qu?\0064A\315{3D\010\016SP\027\000\000\000\000\000\000\000\000\000\000\000\000\000\000\000\000\000\000\000\000\000\000\000\000\000\000\000\000\000\000\000\000P\031w^\203\302\311\316I7\371tTwp}\005|\372\214\251{R`\230V\244-\326I\351\255\325is!\002\364d\217\366\217|\316F\232\231\241\n\261\333`\312O\367\235\025DD\336e\367\n\312\326\221\037\025\230vG0E\002!\000\302\233\220\213Y\212'e\244\001\236p3X\264^\271\213\221\320\367\231\014\3020\210\033z\255Y1\363\002 \n\3468O\232\337]\326sDw\376.\346m.\315\275z\022Z\230\220\217\235\341p\030\240\177\313s""; ","validation: """"\200\000\000\001&\000\000\000"")/\351\253\032:p\210\265\307-\212\200\004Q\335\377\321\353\327\331\302\023\347y\016\263\271\317\306\017UV\314qu?\0064A\315{3D\010\016SP\027\000\000\000\000\000\000\000\000\000\000\000\000\000\000\000\000\000\000\000\000\000\000\000\000\000\000\000\000\000\000\000\000P\031w^\203\302\311\316I7\371tTwp}\005|\372\214\251{R`\230V\244-\326I\351\255\325is!\002\364d\217\366\217|\316F\232\231\241\n\261\333`\312O\367\235\025DD\336e\367\n\312\326\221\037\025\230vG0E\002!\000\302\233\220\213Y\212'e\244\001\236p3X\264^\271\213\221\320\367\231\014\3020\210\033z\255Y1\363\002 \n\3468O\232\337]\326sDw\376.\346m.\315\275z\022Z\230\220\217\235\341p\030\240\177\313s""; "
1750527642461,1750527642461,0,1,1,4,TMGetLedger,"itype: liBASE; ledgerHash: ""\335\377\321\353\327\331\302\023\347y\016\263\271\317\306\017UV\314qu?\0064A\315{3D\010\016S""; ledgerSeq: 34; ","itype: liBASE; ledgerHash: ""\335\377\321\353\327\331\302\023\347y\016\263\271\317\306\017UV\314qu?\0064A\315{3D\010\016S""; ledgerSeq: 34; "
1750527642462,1750527642462,0,1,1,3,TMGetLedger,"itype: liBASE; ledgerHash: ""\335\377\321\353\327\331\302\023\347y\016\263\271\317\306\017UV\314qu?\0064A\315{3D\010\016S""; ledgerSeq: 34; queryType: qtINDIRECT; ","itype: liBASE; ledgerHash: ""\335\377\321\353\327\331\302\023\347y\016\263\271\317\306\017UV\314qu?\0064A\315{3D\010\016S""; ledgerSeq: 34; queryType: qtINDIRECT; "
1750527642462,1750527642462,0,1,1,0,TMGetLedger,"itype: liBASE; ledgerHash: ""\335\377\321\353\327\331\302\023\347y\016\263\271\317\306\017UV\314qu?\0064A\315{3D\010\016S""; ledgerSeq: 34; ","itype: liBASE; ledgerHash: ""\335\377\321\353\327\331\302\023\347y\016\263\271\317\306\017UV\314qu?\0064A\315{3D\010\016S""; ledgerSeq: 34; "
1750527642462,1750527642462,0,1,1,2,TMGetLedger,"itype: liBASE; ledgerHash: ""\335\377\321\353\327\331\302\023\347y\016\263\271\317\306\017UV\314qu?\0064A\315{3D\010\016S""; ledgerSeq: 34; queryType: qtINDIRECT; ","itype: liBASE; ledgerHash: ""\335\377\321\353\327\331\302\023\347y\016\263\271\317\306\017UV\314qu?\0064A\315{3D\010\016S""; ledgerSeq: 34; queryType: qtINDIRECT; "
1750527642463,1750527642463,0,1,1,0,TMGetLedger,"itype: liBASE; ledgerHash: ""\335\377\321\353\327\331\302\023\347y\016\263\271\317\306\017UV\314qu?\0064A\315{3D\010\016S""; ledgerSeq: 34; queryType: qtINDIRECT; ","itype: liBASE; ledgerHash: ""\335\377\321\353\327\331\302\023\347y\016\263\271\317\306\017UV\314qu?\0064A\315{3D\010\016S""; ledgerSeq: 34; queryType: qtINDIRECT; "
1750527642463,1750527642463,0,1,1,0,TMValidation,"validation: """"\200\000\000\001&\000\000\000"")/\351\253\032:p\210\265\307-\212\200\004Q\335\377\321\353\327\331\302\023\347y\016\263\271\317\306\017UV\314qu?\0064A\315{3D\010\016SP\027\000\000\000\000\000\000\000\000\000\000\000\000\000\000\000\000\000\000\000\000\000\000\000\000\000\000\000\000\000\000\000\000P\031w^\203\302\311\316I7\371tTwp}\005|\372\214\251{R`\230V\244-\326I\351\255\325is!\002\364d\217\366\217|\316F\232\231\241\n\261\333`\312O\367\235\025DD\336e\367\n\312\326\221\037\025\230vG0E\002!\000\302\233\220\213Y\212'e\244\001\236p3X\264^\271\213\221\320\367\231\014\3020\210\033z\255Y1\363\002 \n\3468O\232\337]\326sDw\376.\346m.\315\275z\022Z\230\220\217\235\341p\030\240\177\313s""; ","validation: """"\200\000\000\001&\000\000\000"")/\351\253\032:p\210\265\307-\212\200\004Q\335\377\321\353\327\331\302\023\347y\016\263\271\317\306\017UV\314qu?\0064A\315{3D\010\016SP\027\000\000\000\000\000\000\000\000\000\000\000\000\000\000\000\000\000\000\000\000\000\000\000\000\000\000\000\000\000\000\000\000P\031w^\203\302\311\316I7\371tTwp}\005|\372\214\251{R`\230V\244-\326I\351\255\325is!\002\364d\217\366\217|\316F\232\231\241\n\261\333`\312O\367\235\025DD\336e\367\n\312\326\221\037\025\230vG0E\002!\000\302\233\220\213Y\212'e\244\001\236p3X\264^\271\213\221\320\367\231\014\3020\210\033z\255Y1\363\002 \n\3468O\232\337]\326sDw\376.\346m.\315\275z\022Z\230\220\217\235\341p\030\240\177\313s""; "
1750527642463,1750527642463,0,1,1,4,TMGetLedger,"itype: liBASE; ledgerHash: ""\335\377\321\353\327\331\302\023\347y\016\263\271\317\306\017UV\314qu?\0064A\315{3D\010\016S""; ledgerSeq: 34; queryType: qtINDIRECT; ","itype: liBASE; ledgerHash: ""\335\377\321\353\327\331\302\023\347y\016\263\271\317\306\017UV\314qu?\0064A\315{3D\010\016S""; ledgerSeq: 34; queryType: qtINDIRECT; "
1750527642472,1750527642472,0,1,2,1,TMGetLedger,"itype: liBASE; ledgerHash: ""\335\377\321\353\327\331\302\023\347y\016\263\271\317\306\017UV\314qu?\0064A\315{3D\010\016S""; ledgerSeq: 34; ","itype: liBASE; ledgerHash: ""\335\377\321\353\327\331\302\023\347y\016\263\271\317\306\017UV\314qu?\0064A\315{3D\010\016S""; ledgerSeq: 34; "
1750527642473,1750527642473,0,1,2,3,TMGetLedger,"itype: liBASE; ledgerHash: ""\335\377\321\353\327\331\302\023\347y\016\263\271\317\306\017UV\314qu?\0064A\315{3D\010\016S""; ledgerSeq: 34; ","itype: liBASE; ledgerHash: ""\335\377\321\353\327\331\302\023\347y\016\263\271\317\306\017UV\314qu?\0064A\315{3D\010\016S""; ledgerSeq: 34; "
1750527642473,1750527642473,0,1,2,4,TMGetLedger,"itype: liBASE; ledgerHash: ""\335\377\321\353\327\331\302\023\347y\016\263\271\317\306\017UV\314qu?\0064A\315{3D\010\016S""; ledgerSeq: 34; ","itype: liBASE; ledgerHash: ""\335\377\321\353\327\331\302\023\347y\016\263\271\317\306\017UV\314qu?\0064A\315{3D\010\016S""; ledgerSeq: 34; "
1750527642474,1750527642474,0,1,4,1,TMValidation,"validation: """"\200\000\000\001&\000\000\000"")/\351\253\032:p\210\265\307-\212\200\004Q\335\377\321\353\327\331\302\023\347y\016\263\271\317\306\017UV\314qu?\0064A\315{3D\010\016SP\027\000\000\000\000\000\000\000\000\000\000\000\000\000\000\000\000\000\000\000\000\000\000\000\000\000\000\000\000\000\000\000\000P\031w^\203\302\311\316I7\371tTwp}\005|\372\214\251{R`\230V\244-\326I\351\255\325is!\002\364d\217\366\217|\316F\232\231\241\n\261\333`\312O\367\235\025DD\336e\367\n\312\326\221\037\025\230vG0E\002!\000\302\233\220\213Y\212'e\244\001\236p3X\264^\271\213\221\320\367\231\014\3020\210\033z\255Y1\363\002 \n\3468O\232\337]\326sDw\376.\346m.\315\275z\022Z\230\220\217\235\341p\030\240\177\313s""; ","validation: """"\200\000\000\001&\000\000\000"")/\351\253\032:p\210\265\307-\212\200\004Q\335\377\321\353\327\331\302\023\347y\016\263\271\317\306\017UV\314qu?\0064A\315{3D\010\016SP\027\000\000\000\000\000\000\000\000\000\000\000\000\000\000\000\000\000\000\000\000\000\000\000\000\000\000\000\000\000\000\000\000P\031w^\203\302\311\316I7\371tTwp}\005|\372\214\251{R`\230V\244-\326I\351\255\325is!\002\364d\217\366\217|\316F\232\231\241\n\261\333`\312O\367\235\025DD\336e\367\n\312\326\221\037\025\230vG0E\002!\000\302\233\220\213Y\212'e\244\001\236p3X\264^\271\213\221\320\367\231\014\3020\210\033z\255Y1\363\002 \n\3468O\232\337]\326sDw\376.\346m.\315\275z\022Z\230\220\217\235\341p\030\240\177\313s""; "
1750527642474,1750527642474,0,1,2,0,TMGetLedger,"itype: liBASE; ledgerHash: ""\335\377\321\353\327\331\302\023\347y\016\263\271\317\306\017UV\314qu?\0064A\315{3D\010\016S""; ledgerSeq: 34; ","itype: liBASE; ledgerHash: ""\335\377\321\353\327\331\302\023\347y\016\263\271\317\306\017UV\314qu?\0064A\315{3D\010\016S""; ledgerSeq: 34; "
1750527642475,1750527642475,0,1,4,2,TMValidation,"validation: """"\200\000\000\001&\000\000\000"")/\351\253\032:p\210\265\307-\212\200\004Q\335\377\321\353\327\331\302\023\347y\016\263\271\317\306\017UV\314qu?\0064A\315{3D\010\016SP\027\000\000\000\000\000\000\000\000\000\000\000\000\000\000\000\000\000\000\000\000\000\000\000\000\000\000\000\000\000\000\000\000P\031w^\203\302\311\316I7\371tTwp}\005|\372\214\251{R`\230V\244-\326I\351\255\325is!\002\364d\217\366\217|\316F\232\231\241\n\261\333`\312O\367\235\025DD\336e\367\n\312\326\221\037\025\230vG0E\002!\000\302\233\220\213Y\212'e\244\001\236p3X\264^\271\213\221\320\367\231\014\3020\210\033z\255Y1\363\002 \n\3468O\232\337]\326sDw\376.\346m.\315\275z\022Z\230\220\217\235\341p\030\240\177\313s""; ","validation: """"\200\000\000\001&\000\000\000"")/\351\253\032:p\210\265\307-\212\200\004Q\335\377\321\353\327\331\302\023\347y\016\263\271\317\306\017UV\314qu?\0064A\315{3D\010\016SP\027\000\000\000\000\000\000\000\000\000\000\000\000\000\000\000\000\000\000\000\000\000\000\000\000\000\000\000\000\000\000\000\000P\031w^\203\302\311\316I7\371tTwp}\005|\372\214\251{R`\230V\244-\326I\351\255\325is!\002\364d\217\366\217|\316F\232\231\241\n\261\333`\312O\367\235\025DD\336e\367\n\312\326\221\037\025\230vG0E\002!\000\302\233\220\213Y\212'e\244\001\236p3X\264^\271\213\221\320\367\231\014\3020\210\033z\255Y1\363\002 \n\3468O\232\337]\326sDw\376.\346m.\315\275z\022Z\230\220\217\235\341p\030\240\177\313s""; "
1750527642475,1750527642475,0,1,4,1,TMGetLedger,"itype: liBASE; ledgerHash: ""\335\377\321\353\327\331\302\023\347y\016\263\271\317\306\017UV\314qu?\0064A\315{3D\010\016S""; ","itype: liBASE; ledgerHash: ""\335\377\321\353\327\331\302\023\347y\016\263\271\317\306\017UV\314qu?\0064A\315{3D\010\016S""; "
1750527642476,1750527642476,0,1,4,3,TMGetLedger,"itype: liBASE; ledgerHash: ""\335\377\321\353\327\331\302\023\347y\016\263\271\317\306\017UV\314qu?\0064A\315{3D\010\016S""; ","itype: liBASE; ledgerHash: ""\335\377\321\353\327\331\302\023\347y\016\263\271\317\306\017UV\314qu?\0064A\315{3D\010\016S""; "
1750527642476,1750527642477,0,1,4,3,TMGetLedger,"itype: liBASE; ledgerHash: ""\335\377\321\353\327\331\302\023\347y\016\263\271\317\306\017UV\314qu?\0064A\315{3D\010\016S""; queryType: qtINDIRECT; ","itype: liBASE; ledgerHash: ""\335\377\321\353\327\331\302\023\347y\016\263\271\317\306\017UV\314qu?\0064A\315{3D\010\016S""; queryType: qtINDIRECT; "
1750527642477,1750527642477,0,1,4,0,TMValidation,"validation: """"\200\000\000\001&\000\000\000"")/\351\253\032:p\210\265\307-\212\200\004Q\335\377\321\353\327\331\302\023\347y\016\263\271\317\306\017UV\314qu?\0064A\315{3D\010\016SP\027\000\000\000\000\000\000\000\000\000\000\000\000\000\000\000\000\000\000\000\000\000\000\000\000\000\000\000\000\000\000\000\000P\031w^\203\302\311\316I7\371tTwp}\005|\372\214\251{R`\230V\244-\326I\351\255\325is!\002\364d\217\366\217|\316F\232\231\241\n\261\333`\312O\367\235\025DD\336e\367\n\312\326\221\037\025\230vG0E\002!\000\302\233\220\213Y\212'e\244\001\236p3X\264^\271\213\221\320\367\231\014\3020\210\033z\255Y1\363\002 \n\3468O\232\337]\326sDw\376.\346m.\315\275z\022Z\230\220\217\235\341p\030\240\177\313s""; ","validation: """"\200\000\000\001&\000\000\000"")/\351\253\032:p\210\265\307-\212\200\004Q\335\377\321\353\327\331\302\023\347y\016\263\271\317\306\017UV\314qu?\0064A\315{3D\010\016SP\027\000\000\000\000\000\000\000\000\000\000\000\000\000\000\000\000\000\000\000\000\000\000\000\000\000\000\000\000\000\000\000\000P\031w^\203\302\311\316I7\371tTwp}\005|\372\214\251{R`\230V\244-\326I\351\255\325is!\002\364d\217\366\217|\316F\232\231\241\n\261\333`\312O\367\235\025DD\336e\367\n\312\326\221\037\025\230vG0E\002!\000\302\233\220\213Y\212'e\244\001\236p3X\264^\271\213\221\320\367\231\014\3020\210\033z\255Y1\363\002 \n\3468O\232\337]\326sDw\376.\346m.\315\275z\022Z\230\220\217\235\341p\030\240\177\313s""; "
1750527642477,1750527642477,0,1,4,2,TMGetLedger,"itype: liBASE; ledgerHash: ""\335\377\321\353\327\331\302\023\347y\016\263\271\317\306\017UV\314qu?\0064A\315{3D\010\016S""; ","itype: liBASE; ledgerHash: ""\335\377\321\353\327\331\302\023\347y\016\263\271\317\306\017UV\314qu?\0064A\315{3D\010\016S""; "
1750527642478,1750527642478,0,1,4,2,TMGetLedger,"itype: liBASE; ledgerHash: ""\335\377\321\353\327\331\302\023\347y\016\263\271\317\306\017UV\314qu?\0064A\315{3D\010\016S""; queryType: qtINDIRECT; ","itype: liBASE; ledgerHash: ""\335\377\321\353\327\331\302\023\347y\016\263\271\317\306\017UV\314qu?\0064A\315{3D\010\016S""; queryType: qtINDIRECT; "
1750527642478,1750527642478,0,1,4,0,TMGetLedger,"itype: liBASE; ledgerHash: ""\335\377\321\353\327\331\302\023\347y\016\263\271\317\306\017UV\314qu?\0064A\315{3D\010\016S""; ","itype: liBASE; ledgerHash: ""\335\377\321\353\327\331\302\023\347y\016\263\271\317\306\017UV\314qu?\0064A\315{3D\010\016S""; "
1750527642478,1750527642478,0,1,4,1,TMGetLedger,"itype: liBASE; ledgerHash: ""\335\377\321\353\327\331\302\023\347y\016\263\271\317\306\017UV\314qu?\0064A\315{3D\010\016S""; queryType: qtINDIRECT; ","itype: liBASE; ledgerHash: ""\335\377\321\353\327\331\302\023\347y\016\263\271\317\306\017UV\314qu?\0064A\315{3D\010\016S""; queryType: qtINDIRECT; "
1750527642479,1750527642479,0,1,4,0,TMGetLedger,"itype: liBASE; ledgerHash: ""\335\377\321\353\327\331\302\023\347y\016\263\271\317\306\017UV\314qu?\0064A\315{3D\010\016S""; queryType: qtINDIRECT; ","itype: liBASE; ledgerHash: ""\335\377\321\353\327\331\302\023\347y\016\263\271\317\306\017UV\314qu?\0064A\315{3D\010\016S""; queryType: qtINDIRECT; "
1750527642479,1750527642479,0,1,3,0,TMLedgerData,"ledgerHash: ""\335\377\321\353\327\331\302\023\347y\016\263\271\317\306\017UV\314qu?\0064A\315{3D\010\016S""; ledgerSeq: 34; type: liBASE; nodes {;   nodedata: ""\000\000\000""\001cEx]\211\377\330w^\203\302\311\316I7\371tTwp}\005|\372\214\251{R`\230V\244-\326I\351\255\325i\000\000\000\000\000\000\000\000\000\000\000\000\000\000\000\000\000\000\000\000\000\000\000\000\000\000\000\000\000\000\000\000.\324)q\375(\350\030*\347\377\262;s\017\252O\224\036\213o\270k\367fc\353\351\007\231\004\232/\351\253\030/\351\253\031\n\000""; }; nodes {;   nodedata: ""\323C\344\327\264{\312-\017:\006{\177\344N\002\326bO\260\220\006\033\362\345\005U\221DzJ0\001\301\025%1L\307\t\261\262z\374\222T\301\274V\236\223\262\270Ct\362\337b\356\024*\324\320\351\317\002k\336\234\027v\351\217\260\303\360\233ZPZWr\246$w\313\313\r\243r\232\2234\373\3539:N\004Q\245\272D\312D\300\300\t\323\0257\345e\271\na\215{\226\255x%T\257\037\333\004\344_/R\006E\344\037@\210\363\010\336T\226\247'\204_{\261\370""1\235\2445\343\033Y!\212\201\341\272\225'\007\020\342f\321\307\325(\036\376\263\217\004\2051\363\326^\330\302\354\374eJ\222\2316\010\371\225\000^p\013\003""; }; ","ledgerHash: ""\335\377\321\353\327\331\302\023\347y\016\263\271\317\306\017UV\314qu?\0064A\315{3D\010\016S""; ledgerSeq: 34; type: liBASE; nodes {;   nodedata: ""\000\000\000""\001cEx]\211\377\330w^\203\302\311\316I7\371tTwp}\005|\372\214\251{R`\230V\244-\326I\351\255\325i\000\000\000\000\000\000\000\000\000\000\000\000\000\000\000\000\000\000\000\000\000\000\000\000\000\000\000\000\000\000\000\000.\324)q\375(\350\030*\347\377\262;s\017\252O\224\036\213o\270k\367fc\353\351\007\231\004\232/\351\253\030/\351\253\031\n\000""; }; nodes {;   nodedata: ""\323C\344\327\264{\312-\017:\006{\177\344N\002\326bO\260\220\006\033\362\345\005U\221DzJ0\001\301\025%1L\307\t\261\262z\374\222T\301\274V\236\223\262\270Ct\362\337b\356\024*\324\320\351\317\002k\336\234\027v\351\217\260\303\360\233ZPZWr\246$w\313\313\r\243r\232\2234\373\3539:N\004Q\245\272D\312D\300\300\t\323\0257\345e\271\na\215{\226\255x%T\257\037\333\004\344_/R\006E\344\037@\210\363\010\336T\226\247'\204_{\261\370""1\235\2445\343\033Y!\212\201\341\272\225'\007\020\342f\321\307\325(\036\376\263\217\004\2051\363\326^\330\302\354\374eJ\222\2316\010\371\225\000^p\013\003""; }; "
1750527642480,1750527642480,0,1,2,0,TMGetLedger,"itype: liBASE; ledgerHash: ""\335\377\321\353\327\331\302\023\347y\016\263\271\317\306\017UV\314qu?\0064A\315{3D\010\016S""; ledgerSeq: 34; queryType: qtINDIRECT; ","itype: liBASE; ledgerHash: ""\335\377\321\353\327\331\302\023\347y\016\263\271\317\306\017UV\314qu?\0064A\315{3D\010\016S""; ledgerSeq: 34; queryType: qtINDIRECT; "
1750527642480,1750527642480,0,1,2,0,TMValidation,"validation: """"\200\000\000\001&\000\000\000"")/\351\253\032:p\210\265\307-\212\200\004Q\335\377\321\353\327\331\302\023\347y\016\263\271\317\306\017UV\314qu?\0064A\315{3D\010\016SP\027\000\000\000\000\000\000\000\000\000\000\000\000\000\000\000\000\000\000\000\000\000\000\000\000\000\000\000\000\000\000\000\000P\031w^\203\302\311\316I7\371tTwp}\005|\372\214\251{R`\230V\244-\326I\351\255\325is!\002\364d\217\366\217|\316F\232\231\241\n\261\333`\312O\367\235\025DD\336e\367\n\312\326\221\037\025\230vG0E\002!\000\302\233\220\213Y\212'e\244\001\236p3X\264^\271\213\221\320\367\231\014\3020\210\033z\255Y1\363\002 \n\3468O\232\337]\326sDw\376.\346m.\315\275z\022Z\230\220\217\235\341p\030\240\177\313s""; ","validation: """"\200\000\000\001&\000\000\000"")/\351\253\032:p\210\265\307-\212\200\004Q\335\377\321\353\327\331\302\023\347y\016\263\271\317\306\017UV\314qu?\0064A\315{3D\010\016SP\027\000\000\000\000\000\000\000\000\000\000\000\000\000\000\000\000\000\000\000\000\000\000\000\000\000\000\000\000\000\000\000\000P\031w^\203\302\311\316I7\371tTwp}\005|\372\214\251{R`\230V\244-\326I\351\255\325is!\002\364d\217\366\217|\316F\232\231\241\n\261\333`\312O\367\235\025DD\336e\367\n\312\326\221\037\025\230vG0E\002!\000\302\233\220\213Y\212'e\244\001\236p3X\264^\271\213\221\320\367\231\014\3020\210\033z\255Y1\363\002 \n\3468O\232\337]\326sDw\376.\346m.\315\275z\022Z\230\220\217\235\341p\030\240\177\313s""; "
1750527642481,1750527642481,0,1,3,1,TMLedgerData,"ledgerHash: ""\335\377\321\353\327\331\302\023\347y\016\263\271\317\306\017UV\314qu?\0064A\315{3D\010\016S""; ledgerSeq: 34; type: liBASE; nodes {;   nodedata: ""\000\000\000""\001cEx]\211\377\330w^\203\302\311\316I7\371tTwp}\005|\372\214\251{R`\230V\244-\326I\351\255\325i\000\000\000\000\000\000\000\000\000\000\000\000\000\000\000\000\000\000\000\000\000\000\000\000\000\000\000\000\000\000\000\000.\324)q\375(\350\030*\347\377\262;s\017\252O\224\036\213o\270k\367fc\353\351\007\231\004\232/\351\253\030/\351\253\031\n\000""; }; nodes {;   nodedata: ""\323C\344\327\264{\312-\017:\006{\177\344N\002\326bO\260\220\006\033\362\345\005U\221DzJ0\001\301\025%1L\307\t\261\262z\374\222T\301\274V\236\223\262\270Ct\362\337b\356\024*\324\320\351\317\002k\336\234\027v\351\217\260\303\360\233ZPZWr\246$w\313\313\r\243r\232\2234\373\3539:N\004Q\245\272D\312D\300\300\t\323\0257\345e\271\na\215{\226\255x%T\257\037\333\004\344_/R\006E\344\037@\210\363\010\336T\226\247'\204_{\261\370""1\235\2445\343\033Y!\212\201\341\272\225'\007\020\342f\321\307\325(\036\376\263\217\004\2051\363\326^\330\302\354\374eJ\222\2316\010\371\225\000^p\013\003""; }; ","ledgerHash: ""\335\377\321\353\327\331\302\023\347y\016\263\271\317\306\017UV\314qu?\0064A\315{3D\010\016S""; ledgerSeq: 34; type: liBASE; nodes {;   nodedata: ""\000\000\000""\001cEx]\211\377\330w^\203\302\311\316I7\371tTwp}\005|\372\214\251{R`\230V\244-\326I\351\255\325i\000\000\000\000\000\000\000\000\000\000\000\000\000\000\000\000\000\000\000\000\000\000\000\000\000\000\000\000\000\000\000\000.\324)q\375(\350\030*\347\377\262;s\017\252O\224\036\213o\270k\367fc\353\351\007\231\004\232/\351\253\030/\351\253\031\n\000""; }; nodes {;   nodedata: ""\323C\344\327\264{\312-\017:\006{\177\344N\002\326bO\260\220\006\033\362\345\005U\221DzJ0\001\301\025%1L\307\t\261\262z\374\222T\301\274V\236\223\262\270Ct\362\337b\356\024*\324\320\351\317\002k\336\234\027v\351\217\260\303\360\233ZPZWr\246$w\313\313\r\243r\232\2234\373\3539:N\004Q\245\272D\312D\300\300\t\323\0257\345e\271\na\215{\226\255x%T\257\037\333\004\344_/R\006E\344\037@\210\363\010\336T\226\247'\204_{\261\370""1\235\2445\343\033Y!\212\201\341\272\225'\007\020\342f\321\307\325(\036\376\263\217\004\2051\363\326^\330\302\354\374eJ\222\2316\010\371\225\000^p\013\003""; }; "
1750527642481,1750527642481,0,1,2,1,TMGetLedger,"itype: liBASE; ledgerHash: ""\335\377\321\353\327\331\302\023\347y\016\263\271\317\306\017UV\314qu?\0064A\315{3D\010\016S""; ledgerSeq: 34; queryType: qtINDIRECT; ","itype: liBASE; ledgerHash: ""\335\377\321\353\327\331\302\023\347y\016\263\271\317\306\017UV\314qu?\0064A\315{3D\010\016S""; ledgerSeq: 34; queryType: qtINDIRECT; "
1750527642482,1750527642482,0,1,2,1,TMValidation,"validation: """"\200\000\000\001&\000\000\000"")/\351\253\032:p\210\265\307-\212\200\004Q\335\377\321\353\327\331\302\023\347y\016\263\271\317\306\017UV\314qu?\0064A\315{3D\010\016SP\027\000\000\000\000\000\000\000\000\000\000\000\000\000\000\000\000\000\000\000\000\000\000\000\000\000\000\000\000\000\000\000\000P\031w^\203\302\311\316I7\371tTwp}\005|\372\214\251{R`\230V\244-\326I\351\255\325is!\002\364d\217\366\217|\316F\232\231\241\n\261\333`\312O\367\235\025DD\336e\367\n\312\326\221\037\025\230vG0E\002!\000\302\233\220\213Y\212'e\244\001\236p3X\264^\271\213\221\320\367\231\014\3020\210\033z\255Y1\363\002 \n\3468O\232\337]\326sDw\376.\346m.\315\275z\022Z\230\220\217\235\341p\030\240\177\313s""; ","validation: """"\200\000\000\001&\000\000\000"")/\351\253\032:p\210\265\307-\212\200\004Q\335\377\321\353\327\331\302\023\347y\016\263\271\317\306\017UV\314qu?\0064A\315{3D\010\016SP\027\000\000\000\000\000\000\000\000\000\000\000\000\000\000\000\000\000\000\000\000\000\000\000\000\000\000\000\000\000\000\000\000P\031w^\203\302\311\316I7\371tTwp}\005|\372\214\251{R`\230V\244-\326I\351\255\325is!\002\364d\217\366\217|\316F\232\231\241\n\261\333`\312O\367\235\025DD\336e\367\n\312\326\221\037\025\230vG0E\002!\000\302\233\220\213Y\212'e\244\001\236p3X\264^\271\213\221\320\367\231\014\3020\210\033z\255Y1\363\002 \n\3468O\232\337]\326sDw\376.\346m.\315\275z\022Z\230\220\217\235\341p\030\240\177\313s""; "
1750527642483,1750527642483,0,1,0,1,TMGetLedger,"itype: liBASE; ledgerHash: ""\335\377\321\353\327\331\302\023\347y\016\263\271\317\306\017UV\314qu?\0064A\315{3D\010\016S""; ledgerSeq: 34; queryType: qtINDIRECT; ","itype: liBASE; ledgerHash: ""\335\377\321\353\327\331\302\023\347y\016\263\271\317\306\017UV\314qu?\0064A\315{3D\010\016S""; ledgerSeq: 34; queryType: qtINDIRECT; "
1750527642483,1750527642483,0,1,3,1,TMLedgerData,"ledgerHash: ""\335\377\321\353\327\331\302\023\347y\016\263\271\317\306\017UV\314qu?\0064A\315{3D\010\016S""; ledgerSeq: 34; type: liBASE; nodes {;   nodedata: ""\000\000\000""\001cEx]\211\377\330w^\203\302\311\316I7\371tTwp}\005|\372\214\251{R`\230V\244-\326I\351\255\325i\000\000\000\000\000\000\000\000\000\000\000\000\000\000\000\000\000\000\000\000\000\000\000\000\000\000\000\000\000\000\000\000.\324)q\375(\350\030*\347\377\262;s\017\252O\224\036\213o\270k\367fc\353\351\007\231\004\232/\351\253\030/\351\253\031\n\000""; }; nodes {;   nodedata: ""\323C\344\327\264{\312-\017:\006{\177\344N\002\326bO\260\220\006\033\362\345\005U\221DzJ0\001\301\025%1L\307\t\261\262z\374\222T\301\274V\236\223\262\270Ct\362\337b\356\024*\324\320\351\317\002k\336\234\027v\351\217\260\303\360\233ZPZWr\246$w\313\313\r\243r\232\2234\373\3539:N\004Q\245\272D\312D\300\300\t\323\0257\345e\271\na\215{\226\255x%T\257\037\333\004\344_/R\006E\344\037@\210\363\010\336T\226\247'\204_{\261\370""1\235\2445\343\033Y!\212\201\341\272\225'\007\020\342f\321\307\325(\036\376\263\217\004\2051\363\326^\330\302\354\374eJ\222\2316\010\371\225\000^p\013\003""; }; ","ledgerHash: ""\335\377\321\353\327\331\302\023\347y\016\263\271\317\306\017UV\314qu?\0064A\315{3D\010\016S""; ledgerSeq: 34; type: liBASE; nodes {;   nodedata: ""\000\000\000""\001cEx]\211\377\330w^\203\302\311\316I7\371tTwp}\005|\372\214\251{R`\230V\244-\326I\351\255\325i\000\000\000\000\000\000\000\000\000\000\000\000\000\000\000\000\000\000\000\000\000\000\000\000\000\000\000\000\000\000\000\000.\324)q\375(\350\030*\347\377\262;s\017\252O\224\036\213o\270k\367fc\353\351\007\231\004\232/\351\253\030/\351\253\031\n\000""; }; nodes {;   nodedata: ""\323C\344\327\264{\312-\017:\006{\177\344N\002\326bO\260\220\006\033\362\345\005U\221DzJ0\001\301\025%1L\307\t\261\262z\374\222T\301\274V\236\223\262\270Ct\362\337b\356\024*\324\320\351\317\002k\336\234\027v\351\217\260\303\360\233ZPZWr\246$w\313\313\r\243r\232\2234\373\3539:N\004Q\245\272D\312D\300\300\t\323\0257\345e\271\na\215{\226\255x%T\257\037\333\004\344_/R\006E\344\037@\210\363\010\336T\226\247'\204_{\261\370""1\235\2445\343\033Y!\212\201\341\272\225'\007\020\342f\321\307\325(\036\376\263\217\004\2051\363\326^\330\302\354\374eJ\222\2316\010\371\225\000^p\013\003""; }; "
1750527642483,1750527642483,0,1,0,1,TMValidation,"validation: """"\200\000\000\001&\000\000\000"")/\351\253\032:p\210\265\307-\212\200\004Q\335\377\321\353\327\331\302\023\347y\016\263\271\317\306\017UV\314qu?\0064A\315{3D\010\016SP\027\000\000\000\000\000\000\000\000\000\000\000\000\000\000\000\000\000\000\000\000\000\000\000\000\000\000\000\000\000\000\000\000P\031w^\203\302\311\316I7\371tTwp}\005|\372\214\251{R`\230V\244-\326I\351\255\325is!\002\364d\217\366\217|\316F\232\231\241\n\261\333`\312O\367\235\025DD\336e\367\n\312\326\221\037\025\230vG0E\002!\000\302\233\220\213Y\212'e\244\001\236p3X\264^\271\213\221\320\367\231\014\3020\210\033z\255Y1\363\002 \n\3468O\232\337]\326sDw\376.\346m.\315\275z\022Z\230\220\217\235\341p\030\240\177\313s""; ","validation: """"\200\000\000\001&\000\000\000"")/\351\253\032:p\210\265\307-\212\200\004Q\335\377\321\353\327\331\302\023\347y\016\263\271\317\306\017UV\314qu?\0064A\315{3D\010\016SP\027\000\000\000\000\000\000\000\000\000\000\000\000\000\000\000\000\000\000\000\000\000\000\000\000\000\000\000\000\000\000\000\000P\031w^\203\302\311\316I7\371tTwp}\005|\372\214\251{R`\230V\244-\326I\351\255\325is!\002\364d\217\366\217|\316F\232\231\241\n\261\333`\312O\367\235\025DD\336e\367\n\312\326\221\037\025\230vG0E\002!\000\302\233\220\213Y\212'e\244\001\236p3X\264^\271\213\221\320\367\231\014\3020\210\033z\255Y1\363\002 \n\3468O\232\337]\326sDw\376.\346m.\315\275z\022Z\230\220\217\235\341p\030\240\177\313s""; "
1750527642484,1750527642484,0,1,4,3,TMGetLedger,"itype: liBASE; ledgerHash: ""\335\377\321\353\327\331\302\023\347y\016\263\271\317\306\017UV\314qu?\0064A\315{3D\010\016S""; ledgerSeq: 34; requestCookie: 2; queryType: qtINDIRECT; ","itype: liBASE; ledgerHash: ""\335\377\321\353\327\331\302\023\347y\016\263\271\317\306\017UV\314qu?\0064A\315{3D\010\016S""; ledgerSeq: 34; requestCookie: 2; queryType: qtINDIRECT; "
1750527642484,1750527642485,0,1,3,2,TMLedgerData,"ledgerHash: ""\335\377\321\353\327\331\302\023\347y\016\263\271\317\306\017UV\314qu?\0064A\315{3D\010\016S""; ledgerSeq: 34; type: liBASE; nodes {;   nodedata: ""\000\000\000""\001cEx]\211\377\330w^\203\302\311\316I7\371tTwp}\005|\372\214\251{R`\230V\244-\326I\351\255\325i\000\000\000\000\000\000\000\000\000\000\000\000\000\000\000\000\000\000\000\000\000\000\000\000\000\000\000\000\000\000\000\000.\324)q\375(\350\030*\347\377\262;s\017\252O\224\036\213o\270k\367fc\353\351\007\231\004\232/\351\253\030/\351\253\031\n\000""; }; nodes {;   nodedata: ""\323C\344\327\264{\312-\017:\006{\177\344N\002\326bO\260\220\006\033\362\345\005U\221DzJ0\001\301\025%1L\307\t\261\262z\374\222T\301\274V\236\223\262\270Ct\362\337b\356\024*\324\320\351\317\002k\336\234\027v\351\217\260\303\360\233ZPZWr\246$w\313\313\r\243r\232\2234\373\3539:N\004Q\245\272D\312D\300\300\t\323\0257\345e\271\na\215{\226\255x%T\257\037\333\004\344_/R\006E\344\037@\210\363\010\336T\226\247'\204_{\261\370""1\235\2445\343\033Y!\212\201\341\272\225'\007\020\342f\321\307\325(\036\376\263\217\004\2051\363\326^\330\302\354\374eJ\222\2316\010\371\225\000^p\013\003""; }; ","ledgerHash: ""\335\377\321\353\327\331\302\023\347y\016\263\271\317\306\017UV\314qu?\0064A\315{3D\010\016S""; ledgerSeq: 34; type: liBASE; nodes {;   nodedata: ""\000\000\000""\001cEx]\211\377\330w^\203\302\311\316I7\371tTwp}\005|\372\214\251{R`\230V\244-\326I\351\255\325i\000\000\000\000\000\000\000\000\000\000\000\000\000\000\000\000\000\000\000\000\000\000\000\000\000\000\000\000\000\000\000\000.\324)q\375(\350\030*\347\377\262;s\017\252O\224\036\213o\270k\367fc\353\351\007\231\004\232/\351\253\030/\351\253\031\n\000""; }; nodes {;   nodedata: ""\323C\344\327\264{\312-\017:\006{\177\344N\002\326bO\260\220\006\033\362\345\005U\221DzJ0\001\301\025%1L\307\t\261\262z\374\222T\301\274V\236\223\262\270Ct\362\337b\356\024*\324\320\351\317\002k\336\234\027v\351\217\260\303\360\233ZPZWr\246$w\313\313\r\243r\232\2234\373\3539:N\004Q\245\272D\312D\300\300\t\323\0257\345e\271\na\215{\226\255x%T\257\037\333\004\344_/R\006E\344\037@\210\363\010\336T\226\247'\204_{\261\370""1\235\2445\343\033Y!\212\201\341\272\225'\007\020\342f\321\307\325(\036\376\263\217\004\2051\363\326^\330\302\354\374eJ\222\2316\010\371\225\000^p\013\003""; }; "
1750527642485,1750527642485,0,1,0,2,TMValidation,"validation: """"\200\000\000\001&\000\000\000"")/\351\253\032:p\210\265\307-\212\200\004Q\335\377\321\353\327\331\302\023\347y\016\263\271\317\306\017UV\314qu?\0064A\315{3D\010\016SP\027\000\000\000\000\000\000\000\000\000\000\000\000\000\000\000\000\000\000\000\000\000\000\000\000\000\000\000\000\000\000\000\000P\031w^\203\302\311\316I7\371tTwp}\005|\372\214\251{R`\230V\244-\326I\351\255\325is!\002\364d\217\366\217|\316F\232\231\241\n\261\333`\312O\367\235\025DD\336e\367\n\312\326\221\037\025\230vG0E\002!\000\302\233\220\213Y\212'e\244\001\236p3X\264^\271\213\221\320\367\231\014\3020\210\033z\255Y1\363\002 \n\3468O\232\337]\326sDw\376.\346m.\315\275z\022Z\230\220\217\235\341p\030\240\177\313s""; ","validation: """"\200\000\000\001&\000\000\000"")/\351\253\032:p\210\265\307-\212\200\004Q\335\377\321\353\327\331\302\023\347y\016\263\271\317\306\017UV\314qu?\0064A\315{3D\010\016SP\027\000\000\000\000\000\000\000\000\000\000\000\000\000\000\000\000\000\000\000\000\000\000\000\000\000\000\000\000\000\000\000\000P\031w^\203\302\311\316I7\371tTwp}\005|\372\214\251{R`\230V\244-\326I\351\255\325is!\002\364d\217\366\217|\316F\232\231\241\n\261\333`\312O\367\235\025DD\336e\367\n\312\326\221\037\025\230vG0E\002!\000\302\233\220\213Y\212'e\244\001\236p3X\264^\271\213\221\320\367\231\014\3020\210\033z\255Y1\363\002 \n\3468O\232\337]\326sDw\376.\346m.\315\275z\022Z\230\220\217\235\341p\030\240\177\313s""; "
1750527642486,1750527642486,0,1,0,2,TMGetLedger,"itype: liBASE; ledgerHash: ""\335\377\321\353\327\331\302\023\347y\016\263\271\317\306\017UV\314qu?\0064A\315{3D\010\016S""; ledgerSeq: 34; queryType: qtINDIRECT; ","itype: liBASE; ledgerHash: ""\335\377\321\353\327\331\302\023\347y\016\263\271\317\306\017UV\314qu?\0064A\315{3D\010\016S""; ledgerSeq: 34; queryType: qtINDIRECT; "
1750527642486,1750527642486,0,1,2,4,TMGetLedger,"itype: liBASE; ledgerHash: ""\335\377\321\353\327\331\302\023\347y\016\263\271\317\306\017UV\314qu?\0064A\315{3D\010\016S""; ledgerSeq: 34; queryType: qtINDIRECT; ","itype: liBASE; ledgerHash: ""\335\377\321\353\327\331\302\023\347y\016\263\271\317\306\017UV\314qu?\0064A\315{3D\010\016S""; ledgerSeq: 34; queryType: qtINDIRECT; "
1750527642487,1750527642487,0,1,2,4,TMValidation,"validation: """"\200\000\000\001&\000\000\000"")/\351\253\032:p\210\265\307-\212\200\004Q\335\377\321\353\327\331\302\023\347y\016\263\271\317\306\017UV\314qu?\0064A\315{3D\010\016SP\027\000\000\000\000\000\000\000\000\000\000\000\000\000\000\000\000\000\000\000\000\000\000\000\000\000\000\000\000\000\000\000\000P\031w^\203\302\311\316I7\371tTwp}\005|\372\214\251{R`\230V\244-\326I\351\255\325is!\002\364d\217\366\217|\316F\232\231\241\n\261\333`\312O\367\235\025DD\336e\367\n\312\326\221\037\025\230vG0E\002!\000\302\233\220\213Y\212'e\244\001\236p3X\264^\271\213\221\320\367\231\014\3020\210\033z\255Y1\363\002 \n\3468O\232\337]\326sDw\376.\346m.\315\275z\022Z\230\220\217\235\341p\030\240\177\313s""; ","validation: """"\200\000\000\001&\000\000\000"")/\351\253\032:p\210\265\307-\212\200\004Q\335\377\321\353\327\331\302\023\347y\016\263\271\317\306\017UV\314qu?\0064A\315{3D\010\016SP\027\000\000\000\000\000\000\000\000\000\000\000\000\000\000\000\000\000\000\000\000\000\000\000\000\000\000\000\000\000\000\000\000P\031w^\203\302\311\316I7\371tTwp}\005|\372\214\251{R`\230V\244-\326I\351\255\325is!\002\364d\217\366\217|\316F\232\231\241\n\261\333`\312O\367\235\025DD\336e\367\n\312\326\221\037\025\230vG0E\002!\000\302\233\220\213Y\212'e\244\001\236p3X\264^\271\213\221\320\367\231\014\3020\210\033z\255Y1\363\002 \n\3468O\232\337]\326sDw\376.\346m.\315\275z\022Z\230\220\217\235\341p\030\240\177\313s""; "
1750527642487,1750527642487,0,1,3,4,TMLedgerData,"ledgerHash: ""\335\377\321\353\327\331\302\023\347y\016\263\271\317\306\017UV\314qu?\0064A\315{3D\010\016S""; ledgerSeq: 34; type: liBASE; nodes {;   nodedata: ""\000\000\000""\001cEx]\211\377\330w^\203\302\311\316I7\371tTwp}\005|\372\214\251{R`\230V\244-\326I\351\255\325i\000\000\000\000\000\000\000\000\000\000\000\000\000\000\000\000\000\000\000\000\000\000\000\000\000\000\000\000\000\000\000\000.\324)q\375(\350\030*\347\377\262;s\017\252O\224\036\213o\270k\367fc\353\351\007\231\004\232/\351\253\030/\351\253\031\n\000""; }; nodes {;   nodedata: ""\323C\344\327\264{\312-\017:\006{\177\344N\002\326bO\260\220\006\033\362\345\005U\221DzJ0\001\301\025%1L\307\t\261\262z\374\222T\301\274V\236\223\262\270Ct\362\337b\356\024*\324\320\351\317\002k\336\234\027v\351\217\260\303\360\233ZPZWr\246$w\313\313\r\243r\232\2234\373\3539:N\004Q\245\272D\312D\300\300\t\323\0257\345e\271\na\215{\226\255x%T\257\037\333\004\344_/R\006E\344\037@\210\363\010\336T\226\247'\204_{\261\370""1\235\2445\343\033Y!\212\201\341\272\225'\007\020\342f\321\307\325(\036\376\263\217\004\2051\363\326^\330\302\354\374eJ\222\2316\010\371\225\000^p\013\003""; }; ","ledgerHash: ""\335\377\321\353\327\331\302\023\347y\016\263\271\317\306\017UV\314qu?\0064A\315{3D\010\016S""; ledgerSeq: 34; type: liBASE; nodes {;   nodedata: ""\000\000\000""\001cEx]\211\377\330w^\203\302\311\316I7\371tTwp}\005|\372\214\251{R`\230V\244-\326I\351\255\325i\000\000\000\000\000\000\000\000\000\000\000\000\000\000\000\000\000\000\000\000\000\000\000\000\000\000\000\000\000\000\000\000.\324)q\375(\350\030*\347\377\262;s\017\252O\224\036\213o\270k\367fc\353\351\007\231\004\232/\351\253\030/\351\253\031\n\000""; }; nodes {;   nodedata: ""\323C\344\327\264{\312-\017:\006{\177\344N\002\326bO\260\220\006\033\362\345\005U\221DzJ0\001\301\025%1L\307\t\261\262z\374\222T\301\274V\236\223\262\270Ct\362\337b\356\024*\324\320\351\317\002k\336\234\027v\351\217\260\303\360\233ZPZWr\246$w\313\313\r\243r\232\2234\373\3539:N\004Q\245\272D\312D\300\300\t\323\0257\345e\271\na\215{\226\255x%T\257\037\333\004\344_/R\006E\344\037@\210\363\010\336T\226\247'\204_{\261\370""1\235\2445\343\033Y!\212\201\341\272\225'\007\020\342f\321\307\325(\036\376\263\217\004\2051\363\326^\330\302\354\374eJ\222\2316\010\371\225\000^p\013\003""; }; "
1750527642487,1750527642487,0,1,0,4,TMValidation,"validation: """"\200\000\000\001&\000\000\000"")/\351\253\032:p\210\265\307-\212\200\004Q\335\377\321\353\327\331\302\023\347y\016\263\271\317\306\017UV\314qu?\0064A\315{3D\010\016SP\027\000\000\000\000\000\000\000\000\000\000\000\000\000\000\000\000\000\000\000\000\000\000\000\000\000\000\000\000\000\000\000\000P\031w^\203\302\311\316I7\371tTwp}\005|\372\214\251{R`\230V\244-\326I\351\255\325is!\002\364d\217\366\217|\316F\232\231\241\n\261\333`\312O\367\235\025DD\336e\367\n\312\326\221\037\025\230vG0E\002!\000\302\233\220\213Y\212'e\244\001\236p3X\264^\271\213\221\320\367\231\014\3020\210\033z\255Y1\363\002 \n\3468O\232\337]\326sDw\376.\346m.\315\275z\022Z\230\220\217\235\341p\030\240\177\313s""; ","validation: """"\200\000\000\001&\000\000\000"")/\351\253\032:p\210\265\307-\212\200\004Q\335\377\321\353\327\331\302\023\347y\016\263\271\317\306\017UV\314qu?\0064A\315{3D\010\016SP\027\000\000\000\000\000\000\000\000\000\000\000\000\000\000\000\000\000\000\000\000\000\000\000\000\000\000\000\000\000\000\000\000P\031w^\203\302\311\316I7\371tTwp}\005|\372\214\251{R`\230V\244-\326I\351\255\325is!\002\364d\217\366\217|\316F\232\231\241\n\261\333`\312O\367\235\025DD\336e\367\n\312\326\221\037\025\230vG0E\002!\000\302\233\220\213Y\212'e\244\001\236p3X\264^\271\213\221\320\367\231\014\3020\210\033z\255Y1\363\002 \n\3468O\232\337]\326sDw\376.\346m.\315\275z\022Z\230\220\217\235\341p\030\240\177\313s""; "
1750527642488,1750527642488,0,1,3,4,TMLedgerData,"ledgerHash: ""\335\377\321\353\327\331\302\023\347y\016\263\271\317\306\017UV\314qu?\0064A\315{3D\010\016S""; ledgerSeq: 34; type: liBASE; nodes {;   nodedata: ""\000\000\000""\001cEx]\211\377\330w^\203\302\311\316I7\371tTwp}\005|\372\214\251{R`\230V\244-\326I\351\255\325i\000\000\000\000\000\000\000\000\000\000\000\000\000\000\000\000\000\000\000\000\000\000\000\000\000\000\000\000\000\000\000\000.\324)q\375(\350\030*\347\377\262;s\017\252O\224\036\213o\270k\367fc\353\351\007\231\004\232/\351\253\030/\351\253\031\n\000""; }; nodes {;   nodedata: ""\323C\344\327\264{\312-\017:\006{\177\344N\002\326bO\260\220\006\033\362\345\005U\221DzJ0\001\301\025%1L\307\t\261\262z\374\222T\301\274V\236\223\262\270Ct\362\337b\356\024*\324\320\351\317\002k\336\234\027v\351\217\260\303\360\233ZPZWr\246$w\313\313\r\243r\232\2234\373\3539:N\004Q\245\272D\312D\300\300\t\323\0257\345e\271\na\215{\226\255x%T\257\037\333\004\344_/R\006E\344\037@\210\363\010\336T\226\247'\204_{\261\370""1\235\2445\343\033Y!\212\201\341\272\225'\007\020\342f\321\307\325(\036\376\263\217\004\2051\363\326^\330\302\354\374eJ\222\2316\010\371\225\000^p\013\003""; }; ","ledgerHash: ""\335\377\321\353\327\331\302\023\347y\016\263\271\317\306\017UV\314qu?\0064A\315{3D\010\016S""; ledgerSeq: 34; type: liBASE; nodes {;   nodedata: ""\000\000\000""\001cEx]\211\377\330w^\203\302\311\316I7\371tTwp}\005|\372\214\251{R`\230V\244-\326I\351\255\325i\000\000\000\000\000\000\000\000\000\000\000\000\000\000\000\000\000\000\000\000\000\000\000\000\000\000\000\000\000\000\000\000.\324)q\375(\350\030*\347\377\262;s\017\252O\224\036\213o\270k\367fc\353\351\007\231\004\232/\351\253\030/\351\253\031\n\000""; }; nodes {;   nodedata: ""\323C\344\327\264{\312-\017:\006{\177\344N\002\326bO\260\220\006\033\362\345\005U\221DzJ0\001\301\025%1L\307\t\261\262z\374\222T\301\274V\236\223\262\270Ct\362\337b\356\024*\324\320\351\317\002k\336\234\027v\351\217\260\303\360\233ZPZWr\246$w\313\313\r\243r\232\2234\373\3539:N\004Q\245\272D\312D\300\300\t\323\0257\345e\271\na\215{\226\255x%T\257\037\333\004\344_/R\006E\344\037@\210\363\010\336T\226\247'\204_{\261\370""1\235\2445\343\033Y!\212\201\341\272\225'\007\020\342f\321\307\325(\036\376\263\217\004\2051\363\326^\330\302\354\374eJ\222\2316\010\371\225\000^p\013\003""; }; "
1750527642488,1750527642488,0,1,0,4,TMGetLedger,"itype: liBASE; ledgerHash: ""\335\377\321\353\327\331\302\023\347y\016\263\271\317\306\017UV\314qu?\0064A\315{3D\010\016S""; ledgerSeq: 34; queryType: qtINDIRECT; ","itype: liBASE; ledgerHash: ""\335\377\321\353\327\331\302\023\347y\016\263\271\317\306\017UV\314qu?\0064A\315{3D\010\016S""; ledgerSeq: 34; queryType: qtINDIRECT; "
1750527642488,1750527642488,0,1,1,3,TMGetLedger,"itype: liBASE; ledgerHash: ""\335\377\321\353\327\331\302\023\347y\016\263\271\317\306\017UV\314qu?\0064A\315{3D\010\016S""; requestCookie: 5; queryType: qtINDIRECT; ","itype: liBASE; ledgerHash: ""\335\377\321\353\327\331\302\023\347y\016\263\271\317\306\017UV\314qu?\0064A\315{3D\010\016S""; requestCookie: 5; queryType: qtINDIRECT; "
1750527642489,1750527642489,0,1,0,3,TMGetLedger,"itype: liBASE; ledgerHash: ""\335\377\321\353\327\331\302\023\347y\016\263\271\317\306\017UV\314qu?\0064A\315{3D\010\016S""; ledgerSeq: 34; queryType: qtINDIRECT; ","itype: liBASE; ledgerHash: ""\335\377\321\353\327\331\302\023\347y\016\263\271\317\306\017UV\314qu?\0064A\315{3D\010\016S""; ledgerSeq: 34; queryType: qtINDIRECT; "
1750527642489,1750527642489,0,1,0,3,TMGetLedger,"itype: liBASE; ledgerHash: ""\335\377\321\353\327\331\302\023\347y\016\263\271\317\306\017UV\314qu?\0064A\315{3D\010\016S""; ledgerSeq: 34; requestCookie: 2; queryType: qtINDIRECT; ","itype: liBASE; ledgerHash: ""\335\377\321\353\327\331\302\023\347y\016\263\271\317\306\017UV\314qu?\0064A\315{3D\010\016S""; ledgerSeq: 34; requestCookie: 2; queryType: qtINDIRECT; "
1750527642490,1750527642490,0,1,0,3,TMGetLedger,"itype: liBASE; ledgerHash: ""\335\377\321\353\327\331\302\023\347y\016\263\271\317\306\017UV\314qu?\0064A\315{3D\010\016S""; requestCookie: 5; queryType: qtINDIRECT; ","itype: liBASE; ledgerHash: ""\335\377\321\353\327\331\302\023\347y\016\263\271\317\306\017UV\314qu?\0064A\315{3D\010\016S""; requestCookie: 5; queryType: qtINDIRECT; "
1750527642490,1750527642490,0,1,1,3,TMGetLedger,"itype: liAS_NODE; ledgerHash: ""\335\377\321\353\327\331\302\023\347y\016\263\271\317\306\017UV\314qu?\0064A\315{3D\010\016S""; ledgerSeq: 34; nodeIDs: ""\260\000\000\000\000\000\000\000\000\000\000\000\000\000\000\000\000\000\000\000\000\000\000\000\000\000\000\000\000\000\000\000\001""; queryType: qtINDIRECT; queryDepth: 1; ","itype: liAS_NODE; ledgerHash: ""\335\377\321\353\327\331\302\023\347y\016\263\271\317\306\017UV\314qu?\0064A\315{3D\010\016S""; ledgerSeq: 34; nodeIDs: ""\260\000\000\000\000\000\000\000\000\000\000\000\000\000\000\000\000\000\000\000\000\000\000\000\000\000\000\000\000\000\000\000\001""; queryType: qtINDIRECT; queryDepth: 1; "
1750527642491,1750527642491,0,1,1,3,TMGetLedger,"itype: liBASE; ledgerHash: ""\335\377\321\353\327\331\302\023\347y\016\263\271\317\306\017UV\314qu?\0064A\315{3D\010\016S""; ledgerSeq: 34; requestCookie: 3; queryType: qtINDIRECT; ","itype: liBASE; ledgerHash: ""\335\377\321\353\327\331\302\023\347y\016\263\271\317\306\017UV\314qu?\0064A\315{3D\010\016S""; ledgerSeq: 34; requestCookie: 3; queryType: qtINDIRECT; "
1750527642491,1750527642491,0,1,1,3,TMGetLedger,"itype: liBASE; ledgerHash: ""\335\377\321\353\327\331\302\023\347y\016\263\271\317\306\017UV\314qu?\0064A\315{3D\010\016S""; ledgerSeq: 34; requestCookie: 2; queryType: qtINDIRECT; ","itype: liBASE; ledgerHash: ""\335\377\321\353\327\331\302\023\347y\016\263\271\317\306\017UV\314qu?\0064A\315{3D\010\016S""; ledgerSeq: 34; requestCookie: 2; queryType: qtINDIRECT; "
1750527642491,1750527642492,0,1,3,4,TMLedgerData,"ledgerHash: ""\335\377\321\353\327\331\302\023\347y\016\263\271\317\306\017UV\314qu?\0064A\315{3D\010\016S""; ledgerSeq: 34; type: liBASE; nodes {;   nodedata: ""\000\000\000""\001cEx]\211\377\330w^\203\302\311\316I7\371tTwp}\005|\372\214\251{R`\230V\244-\326I\351\255\325i\000\000\000\000\000\000\000\000\000\000\000\000\000\000\000\000\000\000\000\000\000\000\000\000\000\000\000\000\000\000\000\000.\324)q\375(\350\030*\347\377\262;s\017\252O\224\036\213o\270k\367fc\353\351\007\231\004\232/\351\253\030/\351\253\031\n\000""; }; nodes {;   nodedata: ""\323C\344\327\264{\312-\017:\006{\177\344N\002\326bO\260\220\006\033\362\345\005U\221DzJ0\001\301\025%1L\307\t\261\262z\374\222T\301\274V\236\223\262\270Ct\362\337b\356\024*\324\320\351\317\002k\336\234\027v\351\217\260\303\360\233ZPZWr\246$w\313\313\r\243r\232\2234\373\3539:N\004Q\245\272D\312D\300\300\t\323\0257\345e\271\na\215{\226\255x%T\257\037\333\004\344_/R\006E\344\037@\210\363\010\336T\226\247'\204_{\261\370""1\235\2445\343\033Y!\212\201\341\272\225'\007\020\342f\321\307\325(\036\376\263\217\004\2051\363\326^\330\302\354\374eJ\222\2316\010\371\225\000^p\013\003""; }; requestCookie: 2; ","ledgerHash: ""\335\377\321\353\327\331\302\023\347y\016\263\271\317\306\017UV\314qu?\0064A\315{3D\010\016S""; ledgerSeq: 34; type: liBASE; nodes {;   nodedata: ""\000\000\000""\001cEx]\211\377\330w^\203\302\311\316I7\371tTwp}\005|\372\214\251{R`\230V\244-\326I\351\255\325i\000\000\000\000\000\000\000\000\000\000\000\000\000\000\000\000\000\000\000\000\000\000\000\000\000\000\000\000\000\000\000\000.\324)q\375(\350\030*\347\377\262;s\017\252O\224\036\213o\270k\367fc\353\351\007\231\004\232/\351\253\030/\351\253\031\n\000""; }; nodes {;   nodedata: ""\323C\344\327\264{\312-\017:\006{\177\344N\002\326bO\260\220\006\033\362\345\005U\221DzJ0\001\301\025%1L\307\t\261\262z\374\222T\301\274V\236\223\262\270Ct\362\337b\356\024*\324\320\351\317\002k\336\234\027v\351\217\260\303\360\233ZPZWr\246$w\313\313\r\243r\232\2234\373\3539:N\004Q\245\272D\312D\300\300\t\323\0257\345e\271\na\215{\226\255x%T\257\037\333\004\344_/R\006E\344\037@\210\363\010\336T\226\247'\204_{\261\370""1\235\2445\343\033Y!\212\201\341\272\225'\007\020\342f\321\307\325(\036\376\263\217\004\2051\363\326^\330\302\354\374eJ\222\2316\010\371\225\000^p\013\003""; }; requestCookie: 2; "
1750527642492,1750527642492,0,1,2,3,TMGetLedger,"itype: liBASE; ledgerHash: ""\335\377\321\353\327\331\302\023\347y\016\263\271\317\306\017UV\314qu?\0064A\315{3D\010\016S""; ledgerSeq: 34; queryType: qtINDIRECT; ","itype: liBASE; ledgerHash: ""\335\377\321\353\327\331\302\023\347y\016\263\271\317\306\017UV\314qu?\0064A\315{3D\010\016S""; ledgerSeq: 34; queryType: qtINDIRECT; "
1750527642492,1750527642492,0,1,2,3,TMGetLedger,"itype: liBASE; ledgerHash: ""\335\377\321\353\327\331\302\023\347y\016\263\271\317\306\017UV\314qu?\0064A\315{3D\010\016S""; requestCookie: 5; queryType: qtINDIRECT; ","itype: liBASE; ledgerHash: ""\335\377\321\353\327\331\302\023\347y\016\263\271\317\306\017UV\314qu?\0064A\315{3D\010\016S""; requestCookie: 5; queryType: qtINDIRECT; "
1750527642493,1750527642493,0,1,2,3,TMGetLedger,"itype: liBASE; ledgerHash: ""\335\377\321\353\327\331\302\023\347y\016\263\271\317\306\017UV\314qu?\0064A\315{3D\010\016S""; ledgerSeq: 34; requestCookie: 3; queryType: qtINDIRECT; ","itype: liBASE; ledgerHash: ""\335\377\321\353\327\331\302\023\347y\016\263\271\317\306\017UV\314qu?\0064A\315{3D\010\016S""; ledgerSeq: 34; requestCookie: 3; queryType: qtINDIRECT; "
1750527642493,1750527642493,0,1,4,3,TMGetLedger,"itype: liBASE; ledgerHash: ""\335\377\321\353\327\331\302\023\347y\016\263\271\317\306\017UV\314qu?\0064A\315{3D\010\016S""; ledgerSeq: 34; requestCookie: 3; queryType: qtINDIRECT; ","itype: liBASE; ledgerHash: ""\335\377\321\353\327\331\302\023\347y\016\263\271\317\306\017UV\314qu?\0064A\315{3D\010\016S""; ledgerSeq: 34; requestCookie: 3; queryType: qtINDIRECT; "
1750527642493,1750527642493,0,1,4,3,TMGetLedger,"itype: liAS_NODE; ledgerHash: ""\335\377\321\353\327\331\302\023\347y\016\263\271\317\306\017UV\314qu?\0064A\315{3D\010\016S""; ledgerSeq: 34; nodeIDs: ""\260\000\000\000\000\000\000\000\000\000\000\000\000\000\000\000\000\000\000\000\000\000\000\000\000\000\000\000\000\000\000\000\001""; queryType: qtINDIRECT; queryDepth: 1; ","itype: liAS_NODE; ledgerHash: ""\335\377\321\353\327\331\302\023\347y\016\263\271\317\306\017UV\314qu?\0064A\315{3D\010\016S""; ledgerSeq: 34; nodeIDs: ""\260\000\000\000\000\000\000\000\000\000\000\000\000\000\000\000\000\000\000\000\000\000\000\000\000\000\000\000\000\000\000\000\001""; queryType: qtINDIRECT; queryDepth: 1; "
1750527642494,1750527642494,0,1,3,1,TMLedgerData,"ledgerHash: ""\335\377\321\353\327\331\302\023\347y\016\263\271\317\306\017UV\314qu?\0064A\315{3D\010\016S""; ledgerSeq: 34; type: liBASE; nodes {;   nodedata: ""\000\000\000""\001cEx]\211\377\330w^\203\302\311\316I7\371tTwp}\005|\372\214\251{R`\230V\244-\326I\351\255\325i\000\000\000\000\000\000\000\000\000\000\000\000\000\000\000\000\000\000\000\000\000\000\000\000\000\000\000\000\000\000\000\000.\324)q\375(\350\030*\347\377\262;s\017\252O\224\036\213o\270k\367fc\353\351\007\231\004\232/\351\253\030/\351\253\031\n\000""; }; nodes {;   nodedata: ""\323C\344\327\264{\312-\017:\006{\177\344N\002\326bO\260\220\006\033\362\345\005U\221DzJ0\001\301\025%1L\307\t\261\262z\374\222T\301\274V\236\223\262\270Ct\362\337b\356\024*\324\320\351\317\002k\336\234\027v\351\217\260\303\360\233ZPZWr\246$w\313\313\r\243r\232\2234\373\3539:N\004Q\245\272D\312D\300\300\t\323\0257\345e\271\na\215{\226\255x%T\257\037\333\004\344_/R\006E\344\037@\210\363\010\336T\226\247'\204_{\261\370""1\235\2445\343\033Y!\212\201\341\272\225'\007\020\342f\321\307\325(\036\376\263\217\004\2051\363\326^\330\302\354\374eJ\222\2316\010\371\225\000^p\013\003""; }; requestCookie: 5; ","ledgerHash: ""\335\377\321\353\327\331\302\023\347y\016\263\271\317\306\017UV\314qu?\0064A\315{3D\010\016S""; ledgerSeq: 34; type: liBASE; nodes {;   nodedata: ""\000\000\000""\001cEx]\211\377\330w^\203\302\311\316I7\371tTwp}\005|\372\214\251{R`\230V\244-\326I\351\255\325i\000\000\000\000\000\000\000\000\000\000\000\000\000\000\000\000\000\000\000\000\000\000\000\000\000\000\000\000\000\000\000\000.\324)q\375(\350\030*\347\377\262;s\017\252O\224\036\213o\270k\367fc\353\351\007\231\004\232/\351\253\030/\351\253\031\n\000""; }; nodes {;   nodedata: ""\323C\344\327\264{\312-\017:\006{\177\344N\002\326bO\260\220\006\033\362\345\005U\221DzJ0\001\301\025%1L\307\t\261\262z\374\222T\301\274V\236\223\262\270Ct\362\337b\356\024*\324\320\351\317\002k\336\234\027v\351\217\260\303\360\233ZPZWr\246$w\313\313\r\243r\232\2234\373\3539:N\004Q\245\272D\312D\300\300\t\323\0257\345e\271\na\215{\226\255x%T\257\037\333\004\344_/R\006E\344\037@\210\363\010\336T\226\247'\204_{\261\370""1\235\2445\343\033Y!\212\201\341\272\225'\007\020\342f\321\307\325(\036\376\263\217\004\2051\363\326^\330\302\354\374eJ\222\2316\010\371\225\000^p\013\003""; }; requestCookie: 5; "
1750527642494,1750527642494,0,1,4,3,TMGetLedger,"itype: liBASE; ledgerHash: ""\335\377\321\353\327\331\302\023\347y\016\263\271\317\306\017UV\314qu?\0064A\315{3D\010\016S""; ledgerSeq: 34; requestCookie: 1; queryType: qtINDIRECT; ","itype: liBASE; ledgerHash: ""\335\377\321\353\327\331\302\023\347y\016\263\271\317\306\017UV\314qu?\0064A\315{3D\010\016S""; ledgerSeq: 34; requestCookie: 1; queryType: qtINDIRECT; "
1750527642495,1750527642495,0,1,3,0,TMLedgerData,"ledgerHash: ""\335\377\321\353\327\331\302\023\347y\016\263\271\317\306\017UV\314qu?\0064A\315{3D\010\016S""; ledgerSeq: 34; type: liBASE; nodes {;   nodedata: ""\000\000\000""\001cEx]\211\377\330w^\203\302\311\316I7\371tTwp}\005|\372\214\251{R`\230V\244-\326I\351\255\325i\000\000\000\000\000\000\000\000\000\000\000\000\000\000\000\000\000\000\000\000\000\000\000\000\000\000\000\000\000\000\000\000.\324)q\375(\350\030*\347\377\262;s\017\252O\224\036\213o\270k\367fc\353\351\007\231\004\232/\351\253\030/\351\253\031\n\000""; }; nodes {;   nodedata: ""\323C\344\327\264{\312-\017:\006{\177\344N\002\326bO\260\220\006\033\362\345\005U\221DzJ0\001\301\025%1L\307\t\261\262z\374\222T\301\274V\236\223\262\270Ct\362\337b\356\024*\324\320\351\317\002k\336\234\027v\351\217\260\303\360\233ZPZWr\246$w\313\313\r\243r\232\2234\373\3539:N\004Q\245\272D\312D\300\300\t\323\0257\345e\271\na\215{\226\255x%T\257\037\333\004\344_/R\006E\344\037@\210\363\010\336T\226\247'\204_{\261\370""1\235\2445\343\033Y!\212\201\341\272\225'\007\020\342f\321\307\325(\036\376\263\217\004\2051\363\326^\330\302\354\374eJ\222\2316\010\371\225\000^p\013\003""; }; ","ledgerHash: ""\335\377\321\353\327\331\302\023\347y\016\263\271\317\306\017UV\314qu?\0064A\315{3D\010\016S""; ledgerSeq: 34; type: liBASE; nodes {;   nodedata: ""\000\000\000""\001cEx]\211\377\330w^\203\302\311\316I7\371tTwp}\005|\372\214\251{R`\230V\244-\326I\351\255\325i\000\000\000\000\000\000\000\000\000\000\000\000\000\000\000\000\000\000\000\000\000\000\000\000\000\000\000\000\000\000\000\000.\324)q\375(\350\030*\347\377\262;s\017\252O\224\036\213o\270k\367fc\353\351\007\231\004\232/\351\253\030/\351\253\031\n\000""; }; nodes {;   nodedata: ""\323C\344\327\264{\312-\017:\006{\177\344N\002\326bO\260\220\006\033\362\345\005U\221DzJ0\001\301\025%1L\307\t\261\262z\374\222T\301\274V\236\223\262\270Ct\362\337b\356\024*\324\320\351\317\002k\336\234\027v\351\217\260\303\360\233ZPZWr\246$w\313\313\r\243r\232\2234\373\3539:N\004Q\245\272D\312D\300\300\t\323\0257\345e\271\na\215{\226\255x%T\257\037\333\004\344_/R\006E\344\037@\210\363\010\336T\226\247'\204_{\261\370""1\235\2445\343\033Y!\212\201\341\272\225'\007\020\342f\321\307\325(\036\376\263\217\004\2051\363\326^\330\302\354\374eJ\222\2316\010\371\225\000^p\013\003""; }; "
1750527642495,1750527642495,0,1,3,0,TMLedgerData,"ledgerHash: ""\335\377\321\353\327\331\302\023\347y\016\263\271\317\306\017UV\314qu?\0064A\315{3D\010\016S""; ledgerSeq: 34; type: liBASE; nodes {;   nodedata: ""\000\000\000""\001cEx]\211\377\330w^\203\302\311\316I7\371tTwp}\005|\372\214\251{R`\230V\244-\326I\351\255\325i\000\000\000\000\000\000\000\000\000\000\000\000\000\000\000\000\000\000\000\000\000\000\000\000\000\000\000\000\000\000\000\000.\324)q\375(\350\030*\347\377\262;s\017\252O\224\036\213o\270k\367fc\353\351\007\231\004\232/\351\253\030/\351\253\031\n\000""; }; nodes {;   nodedata: ""\323C\344\327\264{\312-\017:\006{\177\344N\002\326bO\260\220\006\033\362\345\005U\221DzJ0\001\301\025%1L\307\t\261\262z\374\222T\301\274V\236\223\262\270Ct\362\337b\356\024*\324\320\351\317\002k\336\234\027v\351\217\260\303\360\233ZPZWr\246$w\313\313\r\243r\232\2234\373\3539:N\004Q\245\272D\312D\300\300\t\323\0257\345e\271\na\215{\226\255x%T\257\037\333\004\344_/R\006E\344\037@\210\363\010\336T\226\247'\204_{\261\370""1\235\2445\343\033Y!\212\201\341\272\225'\007\020\342f\321\307\325(\036\376\263\217\004\2051\363\326^\330\302\354\374eJ\222\2316\010\371\225\000^p\013\003""; }; requestCookie: 2; ","ledgerHash: ""\335\377\321\353\327\331\302\023\347y\016\263\271\317\306\017UV\314qu?\0064A\315{3D\010\016S""; ledgerSeq: 34; type: liBASE; nodes {;   nodedata: ""\000\000\000""\001cEx]\211\377\330w^\203\302\311\316I7\371tTwp}\005|\372\214\251{R`\230V\244-\326I\351\255\325i\000\000\000\000\000\000\000\000\000\000\000\000\000\000\000\000\000\000\000\000\000\000\000\000\000\000\000\000\000\000\000\000.\324)q\375(\350\030*\347\377\262;s\017\252O\224\036\213o\270k\367fc\353\351\007\231\004\232/\351\253\030/\351\253\031\n\000""; }; nodes {;   nodedata: ""\323C\344\327\264{\312-\017:\006{\177\344N\002\326bO\260\220\006\033\362\345\005U\221DzJ0\001\301\025%1L\307\t\261\262z\374\222T\301\274V\236\223\262\270Ct\362\337b\356\024*\324\320\351\317\002k\336\234\027v\351\217\260\303\360\233ZPZWr\246$w\313\313\r\243r\232\2234\373\3539:N\004Q\245\272D\312D\300\300\t\323\0257\345e\271\na\215{\226\255x%T\257\037\333\004\344_/R\006E\344\037@\210\363\010\336T\226\247'\204_{\261\370""1\235\2445\343\033Y!\212\201\341\272\225'\007\020\342f\321\307\325(\036\376\263\217\004\2051\363\326^\330\302\354\374eJ\222\2316\010\371\225\000^p\013\003""; }; requestCookie: 2; "
1750527642496,1750527642496,0,1,3,0,TMLedgerData,"ledgerHash: ""\335\377\321\353\327\331\302\023\347y\016\263\271\317\306\017UV\314qu?\0064A\315{3D\010\016S""; ledgerSeq: 34; type: liBASE; nodes {;   nodedata: ""\000\000\000""\001cEx]\211\377\330w^\203\302\311\316I7\371tTwp}\005|\372\214\251{R`\230V\244-\326I\351\255\325i\000\000\000\000\000\000\000\000\000\000\000\000\000\000\000\000\000\000\000\000\000\000\000\000\000\000\000\000\000\000\000\000.\324)q\375(\350\030*\347\377\262;s\017\252O\224\036\213o\270k\367fc\353\351\007\231\004\232/\351\253\030/\351\253\031\n\000""; }; nodes {;   nodedata: ""\323C\344\327\264{\312-\017:\006{\177\344N\002\326bO\260\220\006\033\362\345\005U\221DzJ0\001\301\025%1L\307\t\261\262z\374\222T\301\274V\236\223\262\270Ct\362\337b\356\024*\324\320\351\317\002k\336\234\027v\351\217\260\303\360\233ZPZWr\246$w\313\313\r\243r\232\2234\373\3539:N\004Q\245\272D\312D\300\300\t\323\0257\345e\271\na\215{\226\255x%T\257\037\333\004\344_/R\006E\344\037@\210\363\010\336T\226\247'\204_{\261\370""1\235\2445\343\033Y!\212\201\341\272\225'\007\020\342f\321\307\325(\036\376\263\217\004\2051\363\326^\330\302\354\374eJ\222\2316\010\371\225\000^p\013\003""; }; requestCookie: 5; ","ledgerHash: ""\335\377\321\353\327\331\302\023\347y\016\263\271\317\306\017UV\314qu?\0064A\315{3D\010\016S""; ledgerSeq: 34; type: liBASE; nodes {;   nodedata: ""\000\000\000""\001cEx]\211\377\330w^\203\302\311\316I7\371tTwp}\005|\372\214\251{R`\230V\244-\326I\351\255\325i\000\000\000\000\000\000\000\000\000\000\000\000\000\000\000\000\000\000\000\000\000\000\000\000\000\000\000\000\000\000\000\000.\324)q\375(\350\030*\347\377\262;s\017\252O\224\036\213o\270k\367fc\353\351\007\231\004\232/\351\253\030/\351\253\031\n\000""; }; nodes {;   nodedata: ""\323C\344\327\264{\312-\017:\006{\177\344N\002\326bO\260\220\006\033\362\345\005U\221DzJ0\001\301\025%1L\307\t\261\262z\374\222T\301\274V\236\223\262\270Ct\362\337b\356\024*\324\320\351\317\002k\336\234\027v\351\217\260\303\360\233ZPZWr\246$w\313\313\r\243r\232\2234\373\3539:N\004Q\245\272D\312D\300\300\t\323\0257\345e\271\na\215{\226\255x%T\257\037\333\004\344_/R\006E\344\037@\210\363\010\336T\226\247'\204_{\261\370""1\235\2445\343\033Y!\212\201\341\272\225'\007\020\342f\321\307\325(\036\376\263\217\004\2051\363\326^\330\302\354\374eJ\222\2316\010\371\225\000^p\013\003""; }; requestCookie: 5; "
1750527642496,1750527642497,0,1,3,1,TMLedgerData,"ledgerHash: ""\335\377\321\353\327\331\302\023\347y\016\263\271\317\306\017UV\314qu?\0064A\315{3D\010\016S""; ledgerSeq: 34; type: liAS_NODE; nodes {;   nodedata: ""\021\000h""\000\000\000\000 \033\000\000\000!\002\023\304\177\330\356GuH\375\327!\255\371\r\231\262R\256J\034\222\241\355X\265E\241^W\225\304\014\361CX-}\351f\032\255\274\334m\326c\017\014ao[\342\230\003\245\245\3341Hm\326^\017jy\335\261\032Yt\320\244{g\0306\\302\303*\341\215\223\257\364\277o\375\000r\241SOq\221\253\262\005\017\375T\356\014\360o'\030\311-\267\031\257!\031T\006><\315XM\334\324\345\034\000\325\367\240\271\013\265\024\321\362\354\211\250.\234s\225amc\305\035\366\276\037nD\277`\210\223N\3535\033\261\304f\331]\036\237\306o!\223\221\002\324\031\262\240R\177 ,\214\325\Q])\016\2067\277\t\354\010\000\360\215\2502\265\245\310\226\243c\302Ze\306\253#r\020\211\320iG\276\020E\317\035Sf\223F\254\033@\177e\277\016\010u\327\371&\262\312\317Q\2361t\377x\234\001v\003%\030\325_\225g\204\346a=\225\273\331\354\365*U\363\263N\367b\371\244\314-w\363\262\225Z\200\206\235\233\257?sE\2674\254\326mU\377?\177Ek\336\030!\316Aa\225\303\022\377{\210Y\226\271as\354L\035\004\341\361\035\301\024\220m#*\372\032\3178~\374\250\014*\323\342'z69\220\327\256\351G\367\317u\302\207\270b\315\333\333\334\310I\323&\014\352XZnW2.\335\347\202\021\247\362\212e\034\000\001\250\220\305;a\314\265R\310\017\317\331\235\360\262\240:\277\202\266\354\265X""\022\nh\252\352w\204\203\023]\001f\352\277\0031Q]\362\370R\350{\261\202\240\344\215\201\353\276\322p5p\350\354\017>\250r\241c\273\016\301\024\363\242\247\263\231\370\344\nBW\220K\316@3\243\200\036wk\253GSlU\010\360\231>\331\263H\214\324\030A\225\301o\346pkSF\004\241\213w9\223=\250\262*+\255\351r\265\244c\024\213\t\007`\223\325#\3477\210\345P\306\013\320\252[\0216+\227=`\371P\314\346 V7\271[~\n\237\274|\347\352@K\253~&\260\032\024\004B\200\255h\351\013\361\031:nG\211\005|\2003\266\274\251,W\006u\344\335d\003\306\212\313,\340\350bG\n\030Z\2732-\246\312\255\030\003\235207\005}D\260\0261ah\322M\304\216\273m0\271\234\237\007<w$\265C\245\232\033\023\313c\321B\032l\301h\005\320\252\301\361(\330[\343\357\343{\235\n\266g\272>\177\317\347\261qb&\270&\346ju\200\363N\320\307\004\034\001n\317\361\2653\254\2503\247\305\372\316W\022O\253x\250\025\373\247\354Tc\304\263\243^\352Gv\\264\261\r\035\226\306\2411\351\233\203\215\200$\231\300f\220\371c@\017\254\363\\371\340\340VaR\205~^\226\342t\360\022\204d\231\205)\272\364?\361!\334\331\315\254\230\rBG\314\023\246\244=\351\177\254\302b&\276+H;0\312\021&\275\036\237\350R\313\206R\331\304k\323u\263t\221\213yC\241\217A\242\027g\322\241'\212.E?B_\316\327\217J +\370\t^b\005\020\003\211\373\247|hC\271Nmk~J\270EU\274\036-\347\240\312FA\321\341bca\253\025\321\311\317\021\375\317\217\n\272\033o\353G>\275\361H\265\240\232um""\317\324`\214\221\314\000\211K\223+(""\200i \311\372g\254\343ZR0\224\275q\252\357\213\263\206N\357&Q\217\267\303\356I\236\357\264\311b\037\366\035\253\343\311\265\240\327q\206f\262ODi\215-\363>\034\236l\273\005G\316F\217}[\036\007\270:\260\335\271B\241N\345\330\204\327f\361\272Kb\0377p\334\264\237\177~\330]\252+:\317u\302h\n\351\n\364\231\277R\371\356\033y\265v\360Ny\246\332qY\262\231\251\n\305\334\202\305\362\n\367@k\231\016R:\327\242\366\242\253LZY\223$Gw^\203\302\311\316I7\371tTwp}\005|\372\214\251{R`\230V\244-\326I\351\255\325i\264\227\2326\315\307\363\323\325\303\032N\256*\307\327 \235\332\207u\210\271\257\306g\231i*\260\326k\001"";   nodeid: ""\260\000\000\000\000\000\000\000\000\000\000\000\000\000\000\000\000\000\000\000\000\000\000\000\000\000\000\000\000\000\000\000\001""; }; ","ledgerHash: ""\335\377\321\353\327\331\302\023\347y\016\263\271\317\306\017UV\314qu?\0064A\315{3D\010\016S""; ledgerSeq: 34; type: liAS_NODE; nodes {;   nodedata: ""\021\000h""\000\000\000\000 \033\000\000\000!\002\023\304\177\330\356GuH\375\327!\255\371\r\231\262R\256J\034\222\241\355X\265E\241^W\225\304\014\361CX-}\351f\032\255\274\334m\326c\017\014ao[\342\230\003\245\245\3341Hm\326^\017jy\335\261\032Yt\320\244{g\0306\\302\303*\341\215\223\257\364\277o\375\000r\241SOq\221\253\262\005\017\375T\356\014\360o'\030\311-\267\031\257!\031T\006><\315XM\334\324\345\034\000\325\367\240\271\013\265\024\321\362\354\211\250.\234s\225amc\305\035\366\276\037nD\277`\210\223N\3535\033\261\304f\331]\036\237\306o!\223\221\002\324\031\262\240R\177 ,\214\325\Q])\016\2067\277\t\354\010\000\360\215\2502\265\245\310\226\243c\302Ze\306\253#r\020\211\320iG\276\020E\317\035Sf\223F\254\033@\177e\277\016\010u\327\371&\262\312\317Q\2361t\377x\234\001v\003%\030\325_\225g\204\346a=\225\273\331\354\365*U\363\263N\367b\371\244\314-w\363\262\225Z\200\206\235\233\257?sE\2674\254\326mU\377?\177Ek\336\030!\316Aa\225\303\022\377{\210Y\226\271as\354L\035\004\341\361\035\301\024\220m#*\372\032\3178~\374\250\014*\323\342'z69\220\327\256\351G\367\317u\302\207\270b\315\333\333\334\310I\323&\014\352XZnW2.\335\347\202\021\247\362\212e\034\000\001\250\220\305;a\314\265R\310\017\317\331\235\360\262\240:\277\202\266\354\265X""\022\nh\252\352w\204\203\023]\001f\352\277\0031Q]\362\370R\350{\261\202\240\344\215\201\353\276\322p5p\350\354\017>\250r\241c\273\016\301\024\363\242\247\263\231\370\344\nBW\220K\316@3\243\200\036wk\253GSlU\010\360\231>\331\263H\214\324\030A\225\301o\346pkSF\004\241\213w9\223=\250\262*+\255\351r\265\244c\024\213\t\007`\223\325#\3477\210\345P\306\013\320\252[\0216+\227=`\371P\314\346 V7\271[~\n\237\274|\347\352@K\253~&\260\032\024\004B\200\255h\351\013\361\031:nG\211\005|\2003\266\274\251,W\006u\344\335d\003\306\212\313,\340\350bG\n\030Z\2732-\246\312\255\030\003\235207\005}D\260\0261ah\322M\304\216\273m0\271\234\237\007<w$\265C\245\232\033\023\313c\321B\032l\301h\005\320\252\301\361(\330[\343\357\343{\235\n\266g\272>\177\317\347\261qb&\270&\346ju\200\363N\320\307\004\034\001n\317\361\2653\254\2503\247\305\372\316W\022O\253x\250\025\373\247\354Tc\304\263\243^\352Gv\\264\261\r\035\226\306\2411\351\233\203\215\200$\231\300f\220\371c@\017\254\363\\371\340\340VaR\205~^\226\342t\360\022\204d\231\205)\272\364?\361!\334\331\315\254\230\rBG\314\023\246\244=\351\177\254\302b&\276+H;0\312\021&\275\036\237\350R\313\206R\331\304k\323u\263t\221\213yC\241\217A\242\027g\322\241'\212.E?B_\316\327\217J +\370\t^b\005\020\003\211\373\247|hC\271Nmk~J\270EU\274\036-\347\240\312FA\321\341bca\253\025\321\311\317\021\375\317\217\n\272\033o\353G>\275\361H\265\240\232um""\317\324`\214\221\314\000\211K\223+(""\200i \311\372g\254\343ZR0\224\275q\252\357\213\263\206N\357&Q\217\267\303\356I\236\357\264\311b\037\366\035\253\343\311\265\240\327q\206f\262ODi\215-\363>\034\236l\273\005G\316F\217}[\036\007\270:\260\335\271B\241N\345\330\204\327f\361\272Kb\0377p\334\264\237\177~\330]\252+:\317u\302h\n\351\n\364\231\277R\371\356\033y\265v\360Ny\246\332qY\262\231\251\n\305\334\202\305\362\n\367@k\231\016R:\327\242\366\242\253LZY\223$Gw^\203\302\311\316I7\371tTwp}\005|\372\214\251{R`\230V\244-\326I\351\255\325i\264\227\2326\315\307\363\323\325\303\032N\256*\307\327 \235\332\207u\210\271\257\306g\231i*\260\326k\001"";   nodeid: ""\260\000\000\000\000\000\000\000\000\000\000\000\000\000\000\000\000\000\000\000\000\000\000\000\000\000\000\000\000\000\000\000\001""; }; "
1750527642497,1750527642497,0,1,3,1,TMLedgerData,"ledgerHash: ""\335\377\321\353\327\331\302\023\347y\016\263\271\317\306\017UV\314qu?\0064A\315{3D\010\016S""; ledgerSeq: 34; type: liBASE; nodes {;   nodedata: ""\000\000\000""\001cEx]\211\377\330w^\203\302\311\316I7\371tTwp}\005|\372\214\251{R`\230V\244-\326I\351\255\325i\000\000\000\000\000\000\000\000\000\000\000\000\000\000\000\000\000\000\000\000\000\000\000\000\000\000\000\000\000\000\000\000.\324)q\375(\350\030*\347\377\262;s\017\252O\224\036\213o\270k\367fc\353\351\007\231\004\232/\351\253\030/\351\253\031\n\000""; }; nodes {;   nodedata: ""\323C\344\327\264{\312-\017:\006{\177\344N\002\326bO\260\220\006\033\362\345\005U\221DzJ0\001\301\025%1L\307\t\261\262z\374\222T\301\274V\236\223\262\270Ct\362\337b\356\024*\324\320\351\317\002k\336\234\027v\351\217\260\303\360\233ZPZWr\246$w\313\313\r\243r\232\2234\373\3539:N\004Q\245\272D\312D\300\300\t\323\0257\345e\271\na\215{\226\255x%T\257\037\333\004\344_/R\006E\344\037@\210\363\010\336T\226\247'\204_{\261\370""1\235\2445\343\033Y!\212\201\341\272\225'\007\020\342f\321\307\325(\036\376\263\217\004\2051\363\326^\330\302\354\374eJ\222\2316\010\371\225\000^p\013\003""; }; requestCookie: 3; ","ledgerHash: ""\335\377\321\353\327\331\302\023\347y\016\263\271\317\306\017UV\314qu?\0064A\315{3D\010\016S""; ledgerSeq: 34; type: liBASE; nodes {;   nodedata: ""\000\000\000""\001cEx]\211\377\330w^\203\302\311\316I7\371tTwp}\005|\372\214\251{R`\230V\244-\326I\351\255\325i\000\000\000\000\000\000\000\000\000\000\000\000\000\000\000\000\000\000\000\000\000\000\000\000\000\000\000\000\000\000\000\000.\324)q\375(\350\030*\347\377\262;s\017\252O\224\036\213o\270k\367fc\353\351\007\231\004\232/\351\253\030/\351\253\031\n\000""; }; nodes {;   nodedata: ""\323C\344\327\264{\312-\017:\006{\177\344N\002\326bO\260\220\006\033\362\345\005U\221DzJ0\001\301\025%1L\307\t\261\262z\374\222T\301\274V\236\223\262\270Ct\362\337b\356\024*\324\320\351\317\002k\336\234\027v\351\217\260\303\360\233ZPZWr\246$w\313\313\r\243r\232\2234\373\3539:N\004Q\245\272D\312D\300\300\t\323\0257\345e\271\na\215{\226\255x%T\257\037\333\004\344_/R\006E\344\037@\210\363\010\336T\226\247'\204_{\261\370""1\235\2445\343\033Y!\212\201\341\272\225'\007\020\342f\321\307\325(\036\376\263\217\004\2051\363\326^\330\302\354\374eJ\222\2316\010\371\225\000^p\013\003""; }; requestCookie: 3; "
1750527642497,1750527642497,0,1,4,1,TMLedgerData,"ledgerHash: ""\335\377\321\353\327\331\302\023\347y\016\263\271\317\306\017UV\314qu?\0064A\315{3D\010\016S""; ledgerSeq: 34; type: liBASE; nodes {;   nodedata: ""\000\000\000""\001cEx]\211\377\330w^\203\302\311\316I7\371tTwp}\005|\372\214\251{R`\230V\244-\326I\351\255\325i\000\000\000\000\000\000\000\000\000\000\000\000\000\000\000\000\000\000\000\000\000\000\000\000\000\000\000\000\000\000\000\000.\324)q\375(\350\030*\347\377\262;s\017\252O\224\036\213o\270k\367fc\353\351\007\231\004\232/\351\253\030/\351\253\031\n\000""; }; nodes {;   nodedata: ""\323C\344\327\264{\312-\017:\006{\177\344N\002\326bO\260\220\006\033\362\345\005U\221DzJ0\001\301\025%1L\307\t\261\262z\374\222T\301\274V\236\223\262\270Ct\362\337b\356\024*\324\320\351\317\002k\336\234\027v\351\217\260\303\360\233ZPZWr\246$w\313\313\r\243r\232\2234\373\3539:N\004Q\245\272D\312D\300\300\t\323\0257\345e\271\na\215{\226\255x%T\257\037\333\004\344_/R\006E\344\037@\210\363\010\336T\226\247'\204_{\261\370""1\235\2445\343\033Y!\212\201\341\272\225'\007\020\342f\321\307\325(\036\376\263\217\004\2051\363\326^\330\302\354\374eJ\222\2316\010\371\225\000^p\013\003""; }; ","ledgerHash: ""\335\377\321\353\327\331\302\023\347y\016\263\271\317\306\017UV\314qu?\0064A\315{3D\010\016S""; ledgerSeq: 34; type: liBASE; nodes {;   nodedata: ""\000\000\000""\001cEx]\211\377\330w^\203\302\311\316I7\371tTwp}\005|\372\214\251{R`\230V\244-\326I\351\255\325i\000\000\000\000\000\000\000\000\000\000\000\000\000\000\000\000\000\000\000\000\000\000\000\000\000\000\000\000\000\000\000\000.\324)q\375(\350\030*\347\377\262;s\017\252O\224\036\213o\270k\367fc\353\351\007\231\004\232/\351\253\030/\351\253\031\n\000""; }; nodes {;   nodedata: ""\323C\344\327\264{\312-\017:\006{\177\344N\002\326bO\260\220\006\033\362\345\005U\221DzJ0\001\301\025%1L\307\t\261\262z\374\222T\301\274V\236\223\262\270Ct\362\337b\356\024*\324\320\351\317\002k\336\234\027v\351\217\260\303\360\233ZPZWr\246$w\313\313\r\243r\232\2234\373\3539:N\004Q\245\272D\312D\300\300\t\323\0257\345e\271\na\215{\226\255x%T\257\037\333\004\344_/R\006E\344\037@\210\363\010\336T\226\247'\204_{\261\370""1\235\2445\343\033Y!\212\201\341\272\225'\007\020\342f\321\307\325(\036\376\263\217\004\2051\363\326^\330\302\354\374eJ\222\2316\010\371\225\000^p\013\003""; }; "
1750527642498,1750527642498,0,1,3,2,TMLedgerData,"ledgerHash: ""\335\377\321\353\327\331\302\023\347y\016\263\271\317\306\017UV\314qu?\0064A\315{3D\010\016S""; ledgerSeq: 34; type: liBASE; nodes {;   nodedata: ""\000\000\000""\001cEx]\211\377\330w^\203\302\311\316I7\371tTwp}\005|\372\214\251{R`\230V\244-\326I\351\255\325i\000\000\000\000\000\000\000\000\000\000\000\000\000\000\000\000\000\000\000\000\000\000\000\000\000\000\000\000\000\000\000\000.\324)q\375(\350\030*\347\377\262;s\017\252O\224\036\213o\270k\367fc\353\351\007\231\004\232/\351\253\030/\351\253\031\n\000""; }; nodes {;   nodedata: ""\323C\344\327\264{\312-\017:\006{\177\344N\002\326bO\260\220\006\033\362\345\005U\221DzJ0\001\301\025%1L\307\t\261\262z\374\222T\301\274V\236\223\262\270Ct\362\337b\356\024*\324\320\351\317\002k\336\234\027v\351\217\260\303\360\233ZPZWr\246$w\313\313\r\243r\232\2234\373\3539:N\004Q\245\272D\312D\300\300\t\323\0257\345e\271\na\215{\226\255x%T\257\037\333\004\344_/R\006E\344\037@\210\363\010\336T\226\247'\204_{\261\370""1\235\2445\343\033Y!\212\201\341\272\225'\007\020\342f\321\307\325(\036\376\263\217\004\2051\363\326^\330\302\354\374eJ\222\2316\010\371\225\000^p\013\003""; }; ","ledgerHash: ""\335\377\321\353\327\331\302\023\347y\016\263\271\317\306\017UV\314qu?\0064A\315{3D\010\016S""; ledgerSeq: 34; type: liBASE; nodes {;   nodedata: ""\000\000\000""\001cEx]\211\377\330w^\203\302\311\316I7\371tTwp}\005|\372\214\251{R`\230V\244-\326I\351\255\325i\000\000\000\000\000\000\000\000\000\000\000\000\000\000\000\000\000\000\000\000\000\000\000\000\000\000\000\000\000\000\000\000.\324)q\375(\350\030*\347\377\262;s\017\252O\224\036\213o\270k\367fc\353\351\007\231\004\232/\351\253\030/\351\253\031\n\000""; }; nodes {;   nodedata: ""\323C\344\327\264{\312-\017:\006{\177\344N\002\326bO\260\220\006\033\362\345\005U\221DzJ0\001\301\025%1L\307\t\261\262z\374\222T\301\274V\236\223\262\270Ct\362\337b\356\024*\324\320\351\317\002k\336\234\027v\351\217\260\303\360\233ZPZWr\246$w\313\313\r\243r\232\2234\373\3539:N\004Q\245\272D\312D\300\300\t\323\0257\345e\271\na\215{\226\255x%T\257\037\333\004\344_/R\006E\344\037@\210\363\010\336T\226\247'\204_{\261\370""1\235\2445\343\033Y!\212\201\341\272\225'\007\020\342f\321\307\325(\036\376\263\217\004\2051\363\326^\330\302\354\374eJ\222\2316\010\371\225\000^p\013\003""; }; "
1750527642498,1750527642499,0,1,3,2,TMLedgerData,"ledgerHash: ""\335\377\321\353\327\331\302\023\347y\016\263\271\317\306\017UV\314qu?\0064A\315{3D\010\016S""; ledgerSeq: 34; type: liBASE; nodes {;   nodedata: ""\000\000\000""\001cEx]\211\377\330w^\203\302\311\316I7\371tTwp}\005|\372\214\251{R`\230V\244-\326I\351\255\325i\000\000\000\000\000\000\000\000\000\000\000\000\000\000\000\000\000\000\000\000\000\000\000\000\000\000\000\000\000\000\000\000.\324)q\375(\350\030*\347\377\262;s\017\252O\224\036\213o\270k\367fc\353\351\007\231\004\232/\351\253\030/\351\253\031\n\000""; }; nodes {;   nodedata: ""\323C\344\327\264{\312-\017:\006{\177\344N\002\326bO\260\220\006\033\362\345\005U\221DzJ0\001\301\025%1L\307\t\261\262z\374\222T\301\274V\236\223\262\270Ct\362\337b\356\024*\324\320\351\317\002k\336\234\027v\351\217\260\303\360\233ZPZWr\246$w\313\313\r\243r\232\2234\373\3539:N\004Q\245\272D\312D\300\300\t\323\0257\345e\271\na\215{\226\255x%T\257\037\333\004\344_/R\006E\344\037@\210\363\010\336T\226\247'\204_{\261\370""1\235\2445\343\033Y!\212\201\341\272\225'\007\020\342f\321\307\325(\036\376\263\217\004\2051\363\326^\330\302\354\374eJ\222\2316\010\371\225\000^p\013\003""; }; requestCookie: 5; ","ledgerHash: ""\335\377\321\353\327\331\302\023\347y\016\263\271\317\306\017UV\314qu?\0064A\315{3D\010\016S""; ledgerSeq: 34; type: liBASE; nodes {;   nodedata: ""\000\000\000""\001cEx]\211\377\330w^\203\302\311\316I7\371tTwp}\005|\372\214\251{R`\230V\244-\326I\351\255\325i\000\000\000\000\000\000\000\000\000\000\000\000\000\000\000\000\000\000\000\000\000\000\000\000\000\000\000\000\000\000\000\000.\324)q\375(\350\030*\347\377\262;s\017\252O\224\036\213o\270k\367fc\353\351\007\231\004\232/\351\253\030/\351\253\031\n\000""; }; nodes {;   nodedata: ""\323C\344\327\264{\312-\017:\006{\177\344N\002\326bO\260\220\006\033\362\345\005U\221DzJ0\001\301\025%1L\307\t\261\262z\374\222T\301\274V\236\223\262\270Ct\362\337b\356\024*\324\320\351\317\002k\336\234\027v\351\217\260\303\360\233ZPZWr\246$w\313\313\r\243r\232\2234\373\3539:N\004Q\245\272D\312D\300\300\t\323\0257\345e\271\na\215{\226\255x%T\257\037\333\004\344_/R\006E\344\037@\210\363\010\336T\226\247'\204_{\261\370""1\235\2445\343\033Y!\212\201\341\272\225'\007\020\342f\321\307\325(\036\376\263\217\004\2051\363\326^\330\302\354\374eJ\222\2316\010\371\225\000^p\013\003""; }; requestCookie: 5; "
1750527642499,1750527642499,0,1,3,2,TMLedgerData,"ledgerHash: ""\335\377\321\353\327\331\302\023\347y\016\263\271\317\306\017UV\314qu?\0064A\315{3D\010\016S""; ledgerSeq: 34; type: liBASE; nodes {;   nodedata: ""\000\000\000""\001cEx]\211\377\330w^\203\302\311\316I7\371tTwp}\005|\372\214\251{R`\230V\244-\326I\351\255\325i\000\000\000\000\000\000\000\000\000\000\000\000\000\000\000\000\000\000\000\000\000\000\000\000\000\000\000\000\000\000\000\000.\324)q\375(\350\030*\347\377\262;s\017\252O\224\036\213o\270k\367fc\353\351\007\231\004\232/\351\253\030/\351\253\031\n\000""; }; nodes {;   nodedata: ""\323C\344\327\264{\312-\017:\006{\177\344N\002\326bO\260\220\006\033\362\345\005U\221DzJ0\001\301\025%1L\307\t\261\262z\374\222T\301\274V\236\223\262\270Ct\362\337b\356\024*\324\320\351\317\002k\336\234\027v\351\217\260\303\360\233ZPZWr\246$w\313\313\r\243r\232\2234\373\3539:N\004Q\245\272D\312D\300\300\t\323\0257\345e\271\na\215{\226\255x%T\257\037\333\004\344_/R\006E\344\037@\210\363\010\336T\226\247'\204_{\261\370""1\235\2445\343\033Y!\212\201\341\272\225'\007\020\342f\321\307\325(\036\376\263\217\004\2051\363\326^\330\302\354\374eJ\222\2316\010\371\225\000^p\013\003""; }; requestCookie: 3; ","ledgerHash: ""\335\377\321\353\327\331\302\023\347y\016\263\271\317\306\017UV\314qu?\0064A\315{3D\010\016S""; ledgerSeq: 34; type: liBASE; nodes {;   nodedata: ""\000\000\000""\001cEx]\211\377\330w^\203\302\311\316I7\371tTwp}\005|\372\214\251{R`\230V\244-\326I\351\255\325i\000\000\000\000\000\000\000\000\000\000\000\000\000\000\000\000\000\000\000\000\000\000\000\000\000\000\000\000\000\000\000\000.\324)q\375(\350\030*\347\377\262;s\017\252O\224\036\213o\270k\367fc\353\351\007\231\004\232/\351\253\030/\351\253\031\n\000""; }; nodes {;   nodedata: ""\323C\344\327\264{\312-\017:\006{\177\344N\002\326bO\260\220\006\033\362\345\005U\221DzJ0\001\301\025%1L\307\t\261\262z\374\222T\301\274V\236\223\262\270Ct\362\337b\356\024*\324\320\351\317\002k\336\234\027v\351\217\260\303\360\233ZPZWr\246$w\313\313\r\243r\232\2234\373\3539:N\004Q\245\272D\312D\300\300\t\323\0257\345e\271\na\215{\226\255x%T\257\037\333\004\344_/R\006E\344\037@\210\363\010\336T\226\247'\204_{\261\370""1\235\2445\343\033Y!\212\201\341\272\225'\007\020\342f\321\307\325(\036\376\263\217\004\2051\363\326^\330\302\354\374eJ\222\2316\010\371\225\000^p\013\003""; }; requestCookie: 3; "
1750527642500,1750527642500,0,1,3,4,TMLedgerData,"ledgerHash: ""\335\377\321\353\327\331\302\023\347y\016\263\271\317\306\017UV\314qu?\0064A\315{3D\010\016S""; ledgerSeq: 34; type: liBASE; nodes {;   nodedata: ""\000\000\000""\001cEx]\211\377\330w^\203\302\311\316I7\371tTwp}\005|\372\214\251{R`\230V\244-\326I\351\255\325i\000\000\000\000\000\000\000\000\000\000\000\000\000\000\000\000\000\000\000\000\000\000\000\000\000\000\000\000\000\000\000\000.\324)q\375(\350\030*\347\377\262;s\017\252O\224\036\213o\270k\367fc\353\351\007\231\004\232/\351\253\030/\351\253\031\n\000""; }; nodes {;   nodedata: ""\323C\344\327\264{\312-\017:\006{\177\344N\002\326bO\260\220\006\033\362\345\005U\221DzJ0\001\301\025%1L\307\t\261\262z\374\222T\301\274V\236\223\262\270Ct\362\337b\356\024*\324\320\351\317\002k\336\234\027v\351\217\260\303\360\233ZPZWr\246$w\313\313\r\243r\232\2234\373\3539:N\004Q\245\272D\312D\300\300\t\323\0257\345e\271\na\215{\226\255x%T\257\037\333\004\344_/R\006E\344\037@\210\363\010\336T\226\247'\204_{\261\370""1\235\2445\343\033Y!\212\201\341\272\225'\007\020\342f\321\307\325(\036\376\263\217\004\2051\363\326^\330\302\354\374eJ\222\2316\010\371\225\000^p\013\003""; }; requestCookie: 3; ","ledgerHash: ""\335\377\321\353\327\331\302\023\347y\016\263\271\317\306\017UV\314qu?\0064A\315{3D\010\016S""; ledgerSeq: 34; type: liBASE; nodes {;   nodedata: ""\000\000\000""\001cEx]\211\377\330w^\203\302\311\316I7\371tTwp}\005|\372\214\251{R`\230V\244-\326I\351\255\325i\000\000\000\000\000\000\000\000\000\000\000\000\000\000\000\000\000\000\000\000\000\000\000\000\000\000\000\000\000\000\000\000.\324)q\375(\350\030*\347\377\262;s\017\252O\224\036\213o\270k\367fc\353\351\007\231\004\232/\351\253\030/\351\253\031\n\000""; }; nodes {;   nodedata: ""\323C\344\327\264{\312-\017:\006{\177\344N\002\326bO\260\220\006\033\362\345\005U\221DzJ0\001\301\025%1L\307\t\261\262z\374\222T\301\274V\236\223\262\270Ct\362\337b\356\024*\324\320\351\317\002k\336\234\027v\351\217\260\303\360\233ZPZWr\246$w\313\313\r\243r\232\2234\373\3539:N\004Q\245\272D\312D\300\300\t\323\0257\345e\271\na\215{\226\255x%T\257\037\333\004\344_/R\006E\344\037@\210\363\010\336T\226\247'\204_{\261\370""1\235\2445\343\033Y!\212\201\341\272\225'\007\020\342f\321\307\325(\036\376\263\217\004\2051\363\326^\330\302\354\374eJ\222\2316\010\371\225\000^p\013\003""; }; requestCookie: 3; "
1750527642500,1750527642500,0,1,3,4,TMLedgerData,"ledgerHash: ""\335\377\321\353\327\331\302\023\347y\016\263\271\317\306\017UV\314qu?\0064A\315{3D\010\016S""; ledgerSeq: 34; type: liAS_NODE; nodes {;   nodedata: ""\021\000h""\000\000\000\000 \033\000\000\000!\002\023\304\177\330\356GuH\375\327!\255\371\r\231\262R\256J\034\222\241\355X\265E\241^W\225\304\014\361CX-}\351f\032\255\274\334m\326c\017\014ao[\342\230\003\245\245\3341Hm\326^\017jy\335\261\032Yt\320\244{g\0306\\302\303*\341\215\223\257\364\277o\375\000r\241SOq\221\253\262\005\017\375T\356\014\360o'\030\311-\267\031\257!\031T\006><\315XM\334\324\345\034\000\325\367\240\271\013\265\024\321\362\354\211\250.\234s\225amc\305\035\366\276\037nD\277`\210\223N\3535\033\261\304f\331]\036\237\306o!\223\221\002\324\031\262\240R\177 ,\214\325\Q])\016\2067\277\t\354\010\000\360\215\2502\265\245\310\226\243c\302Ze\306\253#r\020\211\320iG\276\020E\317\035Sf\223F\254\033@\177e\277\016\010u\327\371&\262\312\317Q\2361t\377x\234\001v\003%\030\325_\225g\204\346a=\225\273\331\354\365*U\363\263N\367b\371\244\314-w\363\262\225Z\200\206\235\233\257?sE\2674\254\326mU\377?\177Ek\336\030!\316Aa\225\303\022\377{\210Y\226\271as\354L\035\004\341\361\035\301\024\220m#*\372\032\3178~\374\250\014*\323\342'z69\220\327\256\351G\367\317u\302\207\270b\315\333\333\334\310I\323&\014\352XZnW2.\335\347\202\021\247\362\212e\034\000\001\250\220\305;a\314\265R\310\017\317\331\235\360\262\240:\277\202\266\354\265X""\022\nh\252\352w\204\203\023]\001f\352\277\0031Q]\362\370R\350{\261\202\240\344\215\201\353\276\322p5p\350\354\017>\250r\241c\273\016\301\024\363\242\247\263\231\370\344\nBW\220K\316@3\243\200\036wk\253GSlU\010\360\231>\331\263H\214\324\030A\225\301o\346pkSF\004\241\213w9\223=\250\262*+\255\351r\265\244c\024\213\t\007`\223\325#\3477\210\345P\306\013\320\252[\0216+\227=`\371P\314\346 V7\271[~\n\237\274|\347\352@K\253~&\260\032\024\004B\200\255h\351\013\361\031:nG\211\005|\2003\266\274\251,W\006u\344\335d\003\306\212\313,\340\350bG\n\030Z\2732-\246\312\255\030\003\235207\005}D\260\0261ah\322M\304\216\273m0\271\234\237\007<w$\265C\245\232\033\023\313c\321B\032l\301h\005\320\252\301\361(\330[\343\357\343{\235\n\266g\272>\177\317\347\261qb&\270&\346ju\200\363N\320\307\004\034\001n\317\361\2653\254\2503\247\305\372\316W\022O\253x\250\025\373\247\354Tc\304\263\243^\352Gv\\264\261\r\035\226\306\2411\351\233\203\215\200$\231\300f\220\371c@\017\254\363\\371\340\340VaR\205~^\226\342t\360\022\204d\231\205)\272\364?\361!\334\331\315\254\230\rBG\314\023\246\244=\351\177\254\302b&\276+H;0\312\021&\275\036\237\350R\313\206R\331\304k\323u\263t\221\213yC\241\217A\242\027g\322\241'\212.E?B_\316\327\217J +\370\t^b\005\020\003\211\373\247|hC\271Nmk~J\270EU\274\036-\347\240\312FA\321\341bca\253\025\321\311\317\021\375\317\217\n\272\033o\353G>\275\361H\265\240\232um""\317\324`\214\221\314\000\211K\223+(""\200i \311\372g\254\343ZR0\224\275q\252\357\213\263\206N\357&Q\217\267\303\356I\236\357\264\311b\037\366\035\253\343\311\265\240\327q\206f\262ODi\215-\363>\034\236l\273\005G\316F\217}[\036\007\270:\260\335\271B\241N\345\330\204\327f\361\272Kb\0377p\334\264\237\177~\330]\252+:\317u\302h\n\351\n\364\231\277R\371\356\033y\265v\360Ny\246\332qY\262\231\251\n\305\334\202\305\362\n\367@k\231\016R:\327\242\366\242\253LZY\223$Gw^\203\302\311\316I7\371tTwp}\005|\372\214\251{R`\230V\244-\326I\351\255\325i\264\227\2326\315\307\363\323\325\303\032N\256*\307\327 \235\332\207u\210\271\257\306g\231i*\260\326k\001"";   nodeid: ""\260\000\000\000\000\000\000\000\000\000\000\000\000\000\000\000\000\000\000\000\000\000\000\000\000\000\000\000\000\000\000\000\001""; }; ","ledgerHash: ""\335\377\321\353\327\331\302\023\347y\016\263\271\317\306\017UV\314qu?\0064A\315{3D\010\016S""; ledgerSeq: 34; type: liAS_NODE; nodes {;   nodedata: ""\021\000h""\000\000\000\000 \033\000\000\000!\002\023\304\177\330\356GuH\375\327!\255\371\r\231\262R\256J\034\222\241\355X\265E\241^W\225\304\014\361CX-}\351f\032\255\274\334m\326c\017\014ao[\342\230\003\245\245\3341Hm\326^\017jy\335\261\032Yt\320\244{g\0306\\302\303*\341\215\223\257\364\277o\375\000r\241SOq\221\253\262\005\017\375T\356\014\360o'\030\311-\267\031\257!\031T\006><\315XM\334\324\345\034\000\325\367\240\271\013\265\024\321\362\354\211\250.\234s\225amc\305\035\366\276\037nD\277`\210\223N\3535\033\261\304f\331]\036\237\306o!\223\221\002\324\031\262\240R\177 ,\214\325\Q])\016\2067\277\t\354\010\000\360\215\2502\265\245\310\226\243c\302Ze\306\253#r\020\211\320iG\276\020E\317\035Sf\223F\254\033@\177e\277\016\010u\327\371&\262\312\317Q\2361t\377x\234\001v\003%\030\325_\225g\204\346a=\225\273\331\354\365*U\363\263N\367b\371\244\314-w\363\262\225Z\200\206\235\233\257?sE\2674\254\326mU\377?\177Ek\336\030!\316Aa\225\303\022\377{\210Y\226\271as\354L\035\004\341\361\035\301\024\220m#*\372\032\3178~\374\250\014*\323\342'z69\220\327\256\351G\367\317u\302\207\270b\315\333\333\334\310I\323&\014\352XZnW2.\335\347\202\021\247\362\212e\034\000\001\250\220\305;a\314\265R\310\017\317\331\235\360\262\240:\277\202\266\354\265X""\022\nh\252\352w\204\203\023]\001f\352\277\0031Q]\362\370R\350{\261\202\240\344\215\201\353\276\322p5p\350\354\017>\250r\241c\273\016\301\024\363\242\247\263\231\370\344\nBW\220K\316@3\243\200\036wk\253GSlU\010\360\231>\331\263H\214\324\030A\225\301o\346pkSF\004\241\213w9\223=\250\262*+\255\351r\265\244c\024\213\t\007`\223\325#\3477\210\345P\306\013\320\252[\0216+\227=`\371P\314\346 V7\271[~\n\237\274|\347\352@K\253~&\260\032\024\004B\200\255h\351\013\361\031:nG\211\005|\2003\266\274\251,W\006u\344\335d\003\306\212\313,\340\350bG\n\030Z\2732-\246\312\255\030\003\235207\005}D\260\0261ah\322M\304\216\273m0\271\234\237\007<w$\265C\245\232\033\023\313c\321B\032l\301h\005\320\252\301\361(\330[\343\357\343{\235\n\266g\272>\177\317\347\261qb&\270&\346ju\200\363N\320\307\004\034\001n\317\361\2653\254\2503\247\305\372\316W\022O\253x\250\025\373\247\354Tc\304\263\243^\352Gv\\264\261\r\035\226\306\2411\351\233\203\215\200$\231\300f\220\371c@\017\254\363\\371\340\340VaR\205~^\226\342t\360\022\204d\231\205)\272\364?\361!\334\331\315\254\230\rBG\314\023\246\244=\351\177\254\302b&\276+H;0\312\021&\275\036\237\350R\313\206R\331\304k\323u\263t\221\213yC\241\217A\242\027g\322\241'\212.E?B_\316\327\217J +\370\t^b\005\020\003\211\373\247|hC\271Nmk~J\270EU\274\036-\347\240\312FA\321\341bca\253\025\321\311\317\021\375\317\217\n\272\033o\353G>\275\361H\265\240\232um""\317\324`\214\221\314\000\211K\223+(""\200i \311\372g\254\343ZR0\224\275q\252\357\213\263\206N\357&Q\217\267\303\356I\236\357\264\311b\037\366\035\253\343\311\265\240\327q\206f\262ODi\215-\363>\034\236l\273\005G\316F\217}[\036\007\270:\260\335\271B\241N\345\330\204\327f\361\272Kb\0377p\334\264\237\177~\330]\252+:\317u\302h\n\351\n\364\231\277R\371\356\033y\265v\360Ny\246\332qY\262\231\251\n\305\334\202\305\362\n\367@k\231\016R:\327\242\366\242\253LZY\223$Gw^\203\302\311\316I7\371tTwp}\005|\372\214\251{R`\230V\244-\326I\351\255\325i\264\227\2326\315\307\363\323\325\303\032N\256*\307\327 \235\332\207u\210\271\257\306g\231i*\260\326k\001"";   nodeid: ""\260\000\000\000\000\000\000\000\000\000\000\000\000\000\000\000\000\000\000\000\000\000\000\000\000\000\000\000\000\000\000\000\001""; }; "
1750527642501,1750527642501,0,1,1,4,TMLedgerData,"ledgerHash: ""\335\377\321\353\327\331\302\023\347y\016\263\271\317\306\017UV\314qu?\0064A\315{3D\010\016S""; ledgerSeq: 34; type: liBASE; nodes {;   nodedata: ""\000\000\000""\001cEx]\211\377\330w^\203\302\311\316I7\371tTwp}\005|\372\214\251{R`\230V\244-\326I\351\255\325i\000\000\000\000\000\000\000\000\000\000\000\000\000\000\000\000\000\000\000\000\000\000\000\000\000\000\000\000\000\000\000\000.\324)q\375(\350\030*\347\377\262;s\017\252O\224\036\213o\270k\367fc\353\351\007\231\004\232/\351\253\030/\351\253\031\n\000""; }; nodes {;   nodedata: ""\323C\344\327\264{\312-\017:\006{\177\344N\002\326bO\260\220\006\033\362\345\005U\221DzJ0\001\301\025%1L\307\t\261\262z\374\222T\301\274V\236\223\262\270Ct\362\337b\356\024*\324\320\351\317\002k\336\234\027v\351\217\260\303\360\233ZPZWr\246$w\313\313\r\243r\232\2234\373\3539:N\004Q\245\272D\312D\300\300\t\323\0257\345e\271\na\215{\226\255x%T\257\037\333\004\344_/R\006E\344\037@\210\363\010\336T\226\247'\204_{\261\370""1\235\2445\343\033Y!\212\201\341\272\225'\007\020\342f\321\307\325(\036\376\263\217\004\2051\363\326^\330\302\354\374eJ\222\2316\010\371\225\000^p\013\003""; }; ","ledgerHash: ""\335\377\321\353\327\331\302\023\347y\016\263\271\317\306\017UV\314qu?\0064A\315{3D\010\016S""; ledgerSeq: 34; type: liBASE; nodes {;   nodedata: ""\000\000\000""\001cEx]\211\377\330w^\203\302\311\316I7\371tTwp}\005|\372\214\251{R`\230V\244-\326I\351\255\325i\000\000\000\000\000\000\000\000\000\000\000\000\000\000\000\000\000\000\000\000\000\000\000\000\000\000\000\000\000\000\000\000.\324)q\375(\350\030*\347\377\262;s\017\252O\224\036\213o\270k\367fc\353\351\007\231\004\232/\351\253\030/\351\253\031\n\000""; }; nodes {;   nodedata: ""\323C\344\327\264{\312-\017:\006{\177\344N\002\326bO\260\220\006\033\362\345\005U\221DzJ0\001\301\025%1L\307\t\261\262z\374\222T\301\274V\236\223\262\270Ct\362\337b\356\024*\324\320\351\317\002k\336\234\027v\351\217\260\303\360\233ZPZWr\246$w\313\313\r\243r\232\2234\373\3539:N\004Q\245\272D\312D\300\300\t\323\0257\345e\271\na\215{\226\255x%T\257\037\333\004\344_/R\006E\344\037@\210\363\010\336T\226\247'\204_{\261\370""1\235\2445\343\033Y!\212\201\341\272\225'\007\020\342f\321\307\325(\036\376\263\217\004\2051\363\326^\330\302\354\374eJ\222\2316\010\371\225\000^p\013\003""; }; "
1750527642502,1750527642502,0,1,3,4,TMLedgerData,"ledgerHash: ""\335\377\321\353\327\331\302\023\347y\016\263\271\317\306\017UV\314qu?\0064A\315{3D\010\016S""; ledgerSeq: 34; type: liBASE; nodes {;   nodedata: ""\000\000\000""\001cEx]\211\377\330w^\203\302\311\316I7\371tTwp}\005|\372\214\251{R`\230V\244-\326I\351\255\325i\000\000\000\000\000\000\000\000\000\000\000\000\000\000\000\000\000\000\000\000\000\000\000\000\000\000\000\000\000\000\000\000.\324)q\375(\350\030*\347\377\262;s\017\252O\224\036\213o\270k\367fc\353\351\007\231\004\232/\351\253\030/\351\253\031\n\000""; }; nodes {;   nodedata: ""\323C\344\327\264{\312-\017:\006{\177\344N\002\326bO\260\220\006\033\362\345\005U\221DzJ0\001\301\025%1L\307\t\261\262z\374\222T\301\274V\236\223\262\270Ct\362\337b\356\024*\324\320\351\317\002k\336\234\027v\351\217\260\303\360\233ZPZWr\246$w\313\313\r\243r\232\2234\373\3539:N\004Q\245\272D\312D\300\300\t\323\0257\345e\271\na\215{\226\255x%T\257\037\333\004\344_/R\006E\344\037@\210\363\010\336T\226\247'\204_{\261\370""1\235\2445\343\033Y!\212\201\341\272\225'\007\020\342f\321\307\325(\036\376\263\217\004\2051\363\326^\330\302\354\374eJ\222\2316\010\371\225\000^p\013\003""; }; requestCookie: 1; ","ledgerHash: ""\335\377\321\353\327\331\302\023\347y\016\263\271\317\306\017UV\314qu?\0064A\315{3D\010\016S""; ledgerSeq: 34; type: liBASE; nodes {;   nodedata: ""\000\000\000""\001cEx]\211\377\330w^\203\302\311\316I7\371tTwp}\005|\372\214\251{R`\230V\244-\326I\351\255\325i\000\000\000\000\000\000\000\000\000\000\000\000\000\000\000\000\000\000\000\000\000\000\000\000\000\000\000\000\000\000\000\000.\324)q\375(\350\030*\347\377\262;s\017\252O\224\036\213o\270k\367fc\353\351\007\231\004\232/\351\253\030/\351\253\031\n\000""; }; nodes {;   nodedata: ""\323C\344\327\264{\312-\017:\006{\177\344N\002\326bO\260\220\006\033\362\345\005U\221DzJ0\001\301\025%1L\307\t\261\262z\374\222T\301\274V\236\223\262\270Ct\362\337b\356\024*\324\320\351\317\002k\336\234\027v\351\217\260\303\360\233ZPZWr\246$w\313\313\r\243r\232\2234\373\3539:N\004Q\245\272D\312D\300\300\t\323\0257\345e\271\na\215{\226\255x%T\257\037\333\004\344_/R\006E\344\037@\210\363\010\336T\226\247'\204_{\261\370""1\235\2445\343\033Y!\212\201\341\272\225'\007\020\342f\321\307\325(\036\376\263\217\004\2051\363\326^\330\302\354\374eJ\222\2316\010\371\225\000^p\013\003""; }; requestCookie: 1; "
1750527642502,1750527642502,0,1,0,3,TMGetLedger,"itype: liBASE; ledgerHash: ""\335\377\321\353\327\331\302\023\347y\016\263\271\317\306\017UV\314qu?\0064A\315{3D\010\016S""; ledgerSeq: 34; requestCookie: 3; queryType: qtINDIRECT; ","itype: liBASE; ledgerHash: ""\335\377\321\353\327\331\302\023\347y\016\263\271\317\306\017UV\314qu?\0064A\315{3D\010\016S""; ledgerSeq: 34; requestCookie: 3; queryType: qtINDIRECT; "
1750527642502,1750527642502,0,1,0,3,TMGetLedger,"itype: liAS_NODE; ledgerHash: ""\335\377\321\353\327\331\302\023\347y\016\263\271\317\306\017UV\314qu?\0064A\315{3D\010\016S""; ledgerSeq: 34; nodeIDs: ""\260\000\000\000\000\000\000\000\000\000\000\000\000\000\000\000\000\000\000\000\000\000\000\000\000\000\000\000\000\000\000\000\001""; queryType: qtINDIRECT; queryDepth: 1; ","itype: liAS_NODE; ledgerHash: ""\335\377\321\353\327\331\302\023\347y\016\263\271\317\306\017UV\314qu?\0064A\315{3D\010\016S""; ledgerSeq: 34; nodeIDs: ""\260\000\000\000\000\000\000\000\000\000\000\000\000\000\000\000\000\000\000\000\000\000\000\000\000\000\000\000\000\000\000\000\001""; queryType: qtINDIRECT; queryDepth: 1; "
1750527642503,1750527642503,0,1,0,1,TMLedgerData,"ledgerHash: ""\335\377\321\353\327\331\302\023\347y\016\263\271\317\306\017UV\314qu?\0064A\315{3D\010\016S""; ledgerSeq: 34; type: liBASE; nodes {;   nodedata: ""\000\000\000""\001cEx]\211\377\330w^\203\302\311\316I7\371tTwp}\005|\372\214\251{R`\230V\244-\326I\351\255\325i\000\000\000\000\000\000\000\000\000\000\000\000\000\000\000\000\000\000\000\000\000\000\000\000\000\000\000\000\000\000\000\000.\324)q\375(\350\030*\347\377\262;s\017\252O\224\036\213o\270k\367fc\353\351\007\231\004\232/\351\253\030/\351\253\031\n\000""; }; nodes {;   nodedata: ""\323C\344\327\264{\312-\017:\006{\177\344N\002\326bO\260\220\006\033\362\345\005U\221DzJ0\001\301\025%1L\307\t\261\262z\374\222T\301\274V\236\223\262\270Ct\362\337b\356\024*\324\320\351\317\002k\336\234\027v\351\217\260\303\360\233ZPZWr\246$w\313\313\r\243r\232\2234\373\3539:N\004Q\245\272D\312D\300\300\t\323\0257\345e\271\na\215{\226\255x%T\257\037\333\004\344_/R\006E\344\037@\210\363\010\336T\226\247'\204_{\261\370""1\235\2445\343\033Y!\212\201\341\272\225'\007\020\342f\321\307\325(\036\376\263\217\004\2051\363\326^\330\302\354\374eJ\222\2316\010\371\225\000^p\013\003""; }; ","ledgerHash: ""\335\377\321\353\327\331\302\023\347y\016\263\271\317\306\017UV\314qu?\0064A\315{3D\010\016S""; ledgerSeq: 34; type: liBASE; nodes {;   nodedata: ""\000\000\000""\001cEx]\211\377\330w^\203\302\311\316I7\371tTwp}\005|\372\214\251{R`\230V\244-\326I\351\255\325i\000\000\000\000\000\000\000\000\000\000\000\000\000\000\000\000\000\000\000\000\000\000\000\000\000\000\000\000\000\000\000\000.\324)q\375(\350\030*\347\377\262;s\017\252O\224\036\213o\270k\367fc\353\351\007\231\004\232/\351\253\030/\351\253\031\n\000""; }; nodes {;   nodedata: ""\323C\344\327\264{\312-\017:\006{\177\344N\002\326bO\260\220\006\033\362\345\005U\221DzJ0\001\301\025%1L\307\t\261\262z\374\222T\301\274V\236\223\262\270Ct\362\337b\356\024*\324\320\351\317\002k\336\234\027v\351\217\260\303\360\233ZPZWr\246$w\313\313\r\243r\232\2234\373\3539:N\004Q\245\272D\312D\300\300\t\323\0257\345e\271\na\215{\226\255x%T\257\037\333\004\344_/R\006E\344\037@\210\363\010\336T\226\247'\204_{\261\370""1\235\2445\343\033Y!\212\201\341\272\225'\007\020\342f\321\307\325(\036\376\263\217\004\2051\363\326^\330\302\354\374eJ\222\2316\010\371\225\000^p\013\003""; }; "
1750527642503,1750527642503,0,1,0,4,TMLedgerData,"ledgerHash: ""\335\377\321\353\327\331\302\023\347y\016\263\271\317\306\017UV\314qu?\0064A\315{3D\010\016S""; ledgerSeq: 34; type: liBASE; nodes {;   nodedata: ""\000\000\000""\001cEx]\211\377\330w^\203\302\311\316I7\371tTwp}\005|\372\214\251{R`\230V\244-\326I\351\255\325i\000\000\000\000\000\000\000\000\000\000\000\000\000\000\000\000\000\000\000\000\000\000\000\000\000\000\000\000\000\000\000\000.\324)q\375(\350\030*\347\377\262;s\017\252O\224\036\213o\270k\367fc\353\351\007\231\004\232/\351\253\030/\351\253\031\n\000""; }; nodes {;   nodedata: ""\323C\344\327\264{\312-\017:\006{\177\344N\002\326bO\260\220\006\033\362\345\005U\221DzJ0\001\301\025%1L\307\t\261\262z\374\222T\301\274V\236\223\262\270Ct\362\337b\356\024*\324\320\351\317\002k\336\234\027v\351\217\260\303\360\233ZPZWr\246$w\313\313\r\243r\232\2234\373\3539:N\004Q\245\272D\312D\300\300\t\323\0257\345e\271\na\215{\226\255x%T\257\037\333\004\344_/R\006E\344\037@\210\363\010\336T\226\247'\204_{\261\370""1\235\2445\343\033Y!\212\201\341\272\225'\007\020\342f\321\307\325(\036\376\263\217\004\2051\363\326^\330\302\354\374eJ\222\2316\010\371\225\000^p\013\003""; }; ","ledgerHash: ""\335\377\321\353\327\331\302\023\347y\016\263\271\317\306\017UV\314qu?\0064A\315{3D\010\016S""; ledgerSeq: 34; type: liBASE; nodes {;   nodedata: ""\000\000\000""\001cEx]\211\377\330w^\203\302\311\316I7\371tTwp}\005|\372\214\251{R`\230V\244-\326I\351\255\325i\000\000\000\000\000\000\000\000\000\000\000\000\000\000\000\000\000\000\000\000\000\000\000\000\000\000\000\000\000\000\000\000.\324)q\375(\350\030*\347\377\262;s\017\252O\224\036\213o\270k\367fc\353\351\007\231\004\232/\351\253\030/\351\253\031\n\000""; }; nodes {;   nodedata: ""\323C\344\327\264{\312-\017:\006{\177\344N\002\326bO\260\220\006\033\362\345\005U\221DzJ0\001\301\025%1L\307\t\261\262z\374\222T\301\274V\236\223\262\270Ct\362\337b\356\024*\324\320\351\317\002k\336\234\027v\351\217\260\303\360\233ZPZWr\246$w\313\313\r\243r\232\2234\373\3539:N\004Q\245\272D\312D\300\300\t\323\0257\345e\271\na\215{\226\255x%T\257\037\333\004\344_/R\006E\344\037@\210\363\010\336T\226\247'\204_{\261\370""1\235\2445\343\033Y!\212\201\341\272\225'\007\020\342f\321\307\325(\036\376\263\217\004\2051\363\326^\330\302\354\374eJ\222\2316\010\371\225\000^p\013\003""; }; "
1750527642503,1750527642504,0,1,1,2,TMLedgerData,"ledgerHash: ""\335\377\321\353\327\331\302\023\347y\016\263\271\317\306\017UV\314qu?\0064A\315{3D\010\016S""; ledgerSeq: 34; type: liBASE; nodes {;   nodedata: ""\000\000\000""\001cEx]\211\377\330w^\203\302\311\316I7\371tTwp}\005|\372\214\251{R`\230V\244-\326I\351\255\325i\000\000\000\000\000\000\000\000\000\000\000\000\000\000\000\000\000\000\000\000\000\000\000\000\000\000\000\000\000\000\000\000.\324)q\375(\350\030*\347\377\262;s\017\252O\224\036\213o\270k\367fc\353\351\007\231\004\232/\351\253\030/\351\253\031\n\000""; }; nodes {;   nodedata: ""\323C\344\327\264{\312-\017:\006{\177\344N\002\326bO\260\220\006\033\362\345\005U\221DzJ0\001\301\025%1L\307\t\261\262z\374\222T\301\274V\236\223\262\270Ct\362\337b\356\024*\324\320\351\317\002k\336\234\027v\351\217\260\303\360\233ZPZWr\246$w\313\313\r\243r\232\2234\373\3539:N\004Q\245\272D\312D\300\300\t\323\0257\345e\271\na\215{\226\255x%T\257\037\333\004\344_/R\006E\344\037@\210\363\010\336T\226\247'\204_{\261\370""1\235\2445\343\033Y!\212\201\341\272\225'\007\020\342f\321\307\325(\036\376\263\217\004\2051\363\326^\330\302\354\374eJ\222\2316\010\371\225\000^p\013\003""; }; ","ledgerHash: ""\335\377\321\353\327\331\302\023\347y\016\263\271\317\306\017UV\314qu?\0064A\315{3D\010\016S""; ledgerSeq: 34; type: liBASE; nodes {;   nodedata: ""\000\000\000""\001cEx]\211\377\330w^\203\302\311\316I7\371tTwp}\005|\372\214\251{R`\230V\244-\326I\351\255\325i\000\000\000\000\000\000\000\000\000\000\000\000\000\000\000\000\000\000\000\000\000\000\000\000\000\000\000\000\000\000\000\000.\324)q\375(\350\030*\347\377\262;s\017\252O\224\036\213o\270k\367fc\353\351\007\231\004\232/\351\253\030/\351\253\031\n\000""; }; nodes {;   nodedata: ""\323C\344\327\264{\312-\017:\006{\177\344N\002\326bO\260\220\006\033\362\345\005U\221DzJ0\001\301\025%1L\307\t\261\262z\374\222T\301\274V\236\223\262\270Ct\362\337b\356\024*\324\320\351\317\002k\336\234\027v\351\217\260\303\360\233ZPZWr\246$w\313\313\r\243r\232\2234\373\3539:N\004Q\245\272D\312D\300\300\t\323\0257\345e\271\na\215{\226\255x%T\257\037\333\004\344_/R\006E\344\037@\210\363\010\336T\226\247'\204_{\261\370""1\235\2445\343\033Y!\212\201\341\272\225'\007\020\342f\321\307\325(\036\376\263\217\004\2051\363\326^\330\302\354\374eJ\222\2316\010\371\225\000^p\013\003""; }; "
1750527642504,1750527642504,0,1,2,3,TMGetLedger,"itype: liAS_NODE; ledgerHash: ""\335\377\321\353\327\331\302\023\347y\016\263\271\317\306\017UV\314qu?\0064A\315{3D\010\016S""; ledgerSeq: 34; nodeIDs: ""\260\000\000\000\000\000\000\000\000\000\000\000\000\000\000\000\000\000\000\000\000\000\000\000\000\000\000\000\000\000\000\000\001""; queryType: qtINDIRECT; queryDepth: 1; ","itype: liAS_NODE; ledgerHash: ""\335\377\321\353\327\331\302\023\347y\016\263\271\317\306\017UV\314qu?\0064A\315{3D\010\016S""; ledgerSeq: 34; nodeIDs: ""\260\000\000\000\000\000\000\000\000\000\000\000\000\000\000\000\000\000\000\000\000\000\000\000\000\000\000\000\000\000\000\000\001""; queryType: qtINDIRECT; queryDepth: 1; "
1750527642504,1750527642504,0,1,2,3,TMGetLedger,"itype: liBASE; ledgerHash: ""\335\377\321\353\327\331\302\023\347y\016\263\271\317\306\017UV\314qu?\0064A\315{3D\010\016S""; ledgerSeq: 34; requestCookie: 2; queryType: qtINDIRECT; ","itype: liBASE; ledgerHash: ""\335\377\321\353\327\331\302\023\347y\016\263\271\317\306\017UV\314qu?\0064A\315{3D\010\016S""; ledgerSeq: 34; requestCookie: 2; queryType: qtINDIRECT; "
1750527642505,1750527642505,0,1,2,4,TMLedgerData,"ledgerHash: ""\335\377\321\353\327\331\302\023\347y\016\263\271\317\306\017UV\314qu?\0064A\315{3D\010\016S""; ledgerSeq: 34; type: liBASE; nodes {;   nodedata: ""\000\000\000""\001cEx]\211\377\330w^\203\302\311\316I7\371tTwp}\005|\372\214\251{R`\230V\244-\326I\351\255\325i\000\000\000\000\000\000\000\000\000\000\000\000\000\000\000\000\000\000\000\000\000\000\000\000\000\000\000\000\000\000\000\000.\324)q\375(\350\030*\347\377\262;s\017\252O\224\036\213o\270k\367fc\353\351\007\231\004\232/\351\253\030/\351\253\031\n\000""; }; nodes {;   nodedata: ""\323C\344\327\264{\312-\017:\006{\177\344N\002\326bO\260\220\006\033\362\345\005U\221DzJ0\001\301\025%1L\307\t\261\262z\374\222T\301\274V\236\223\262\270Ct\362\337b\356\024*\324\320\351\317\002k\336\234\027v\351\217\260\303\360\233ZPZWr\246$w\313\313\r\243r\232\2234\373\3539:N\004Q\245\272D\312D\300\300\t\323\0257\345e\271\na\215{\226\255x%T\257\037\333\004\344_/R\006E\344\037@\210\363\010\336T\226\247'\204_{\261\370""1\235\2445\343\033Y!\212\201\341\272\225'\007\020\342f\321\307\325(\036\376\263\217\004\2051\363\326^\330\302\354\374eJ\222\2316\010\371\225\000^p\013\003""; }; ","ledgerHash: ""\335\377\321\353\327\331\302\023\347y\016\263\271\317\306\017UV\314qu?\0064A\315{3D\010\016S""; ledgerSeq: 34; type: liBASE; nodes {;   nodedata: ""\000\000\000""\001cEx]\211\377\330w^\203\302\311\316I7\371tTwp}\005|\372\214\251{R`\230V\244-\326I\351\255\325i\000\000\000\000\000\000\000\000\000\000\000\000\000\000\000\000\000\000\000\000\000\000\000\000\000\000\000\000\000\000\000\000.\324)q\375(\350\030*\347\377\262;s\017\252O\224\036\213o\270k\367fc\353\351\007\231\004\232/\351\253\030/\351\253\031\n\000""; }; nodes {;   nodedata: ""\323C\344\327\264{\312-\017:\006{\177\344N\002\326bO\260\220\006\033\362\345\005U\221DzJ0\001\301\025%1L\307\t\261\262z\374\222T\301\274V\236\223\262\270Ct\362\337b\356\024*\324\320\351\317\002k\336\234\027v\351\217\260\303\360\233ZPZWr\246$w\313\313\r\243r\232\2234\373\3539:N\004Q\245\272D\312D\300\300\t\323\0257\345e\271\na\215{\226\255x%T\257\037\333\004\344_/R\006E\344\037@\210\363\010\336T\226\247'\204_{\261\370""1\235\2445\343\033Y!\212\201\341\272\225'\007\020\342f\321\307\325(\036\376\263\217\004\2051\363\326^\330\302\354\374eJ\222\2316\010\371\225\000^p\013\003""; }; "
1750527642505,1750527642506,0,1,2,1,TMLedgerData,"ledgerHash: ""\335\377\321\353\327\331\302\023\347y\016\263\271\317\306\017UV\314qu?\0064A\315{3D\010\016S""; ledgerSeq: 34; type: liBASE; nodes {;   nodedata: ""\000\000\000""\001cEx]\211\377\330w^\203\302\311\316I7\371tTwp}\005|\372\214\251{R`\230V\244-\326I\351\255\325i\000\000\000\000\000\000\000\000\000\000\000\000\000\000\000\000\000\000\000\000\000\000\000\000\000\000\000\000\000\000\000\000.\324)q\375(\350\030*\347\377\262;s\017\252O\224\036\213o\270k\367fc\353\351\007\231\004\232/\351\253\030/\351\253\031\n\000""; }; nodes {;   nodedata: ""\323C\344\327\264{\312-\017:\006{\177\344N\002\326bO\260\220\006\033\362\345\005U\221DzJ0\001\301\025%1L\307\t\261\262z\374\222T\301\274V\236\223\262\270Ct\362\337b\356\024*\324\320\351\317\002k\336\234\027v\351\217\260\303\360\233ZPZWr\246$w\313\313\r\243r\232\2234\373\3539:N\004Q\245\272D\312D\300\300\t\323\0257\345e\271\na\215{\226\255x%T\257\037\333\004\344_/R\006E\344\037@\210\363\010\336T\226\247'\204_{\261\370""1\235\2445\343\033Y!\212\201\341\272\225'\007\020\342f\321\307\325(\036\376\263\217\004\2051\363\326^\330\302\354\374eJ\222\2316\010\371\225\000^p\013\003""; }; ","ledgerHash: ""\335\377\321\353\327\331\302\023\347y\016\263\271\317\306\017UV\314qu?\0064A\315{3D\010\016S""; ledgerSeq: 34; type: liBASE; nodes {;   nodedata: ""\000\000\000""\001cEx]\211\377\330w^\203\302\311\316I7\371tTwp}\005|\372\214\251{R`\230V\244-\326I\351\255\325i\000\000\000\000\000\000\000\000\000\000\000\000\000\000\000\000\000\000\000\000\000\000\000\000\000\000\000\000\000\000\000\000.\324)q\375(\350\030*\347\377\262;s\017\252O\224\036\213o\270k\367fc\353\351\007\231\004\232/\351\253\030/\351\253\031\n\000""; }; nodes {;   nodedata: ""\323C\344\327\264{\312-\017:\006{\177\344N\002\326bO\260\220\006\033\362\345\005U\221DzJ0\001\301\025%1L\307\t\261\262z\374\222T\301\274V\236\223\262\270Ct\362\337b\356\024*\324\320\351\317\002k\336\234\027v\351\217\260\303\360\233ZPZWr\246$w\313\313\r\243r\232\2234\373\3539:N\004Q\245\272D\312D\300\300\t\323\0257\345e\271\na\215{\226\255x%T\257\037\333\004\344_/R\006E\344\037@\210\363\010\336T\226\247'\204_{\261\370""1\235\2445\343\033Y!\212\201\341\272\225'\007\020\342f\321\307\325(\036\376\263\217\004\2051\363\326^\330\302\354\374eJ\222\2316\010\371\225\000^p\013\003""; }; "
1750527642506,1750527642506,0,1,4,2,TMLedgerData,"ledgerHash: ""\335\377\321\353\327\331\302\023\347y\016\263\271\317\306\017UV\314qu?\0064A\315{3D\010\016S""; ledgerSeq: 34; type: liBASE; nodes {;   nodedata: ""\000\000\000""\001cEx]\211\377\330w^\203\302\311\316I7\371tTwp}\005|\372\214\251{R`\230V\244-\326I\351\255\325i\000\000\000\000\000\000\000\000\000\000\000\000\000\000\000\000\000\000\000\000\000\000\000\000\000\000\000\000\000\000\000\000.\324)q\375(\350\030*\347\377\262;s\017\252O\224\036\213o\270k\367fc\353\351\007\231\004\232/\351\253\030/\351\253\031\n\000""; }; nodes {;   nodedata: ""\323C\344\327\264{\312-\017:\006{\177\344N\002\326bO\260\220\006\033\362\345\005U\221DzJ0\001\301\025%1L\307\t\261\262z\374\222T\301\274V\236\223\262\270Ct\362\337b\356\024*\324\320\351\317\002k\336\234\027v\351\217\260\303\360\233ZPZWr\246$w\313\313\r\243r\232\2234\373\3539:N\004Q\245\272D\312D\300\300\t\323\0257\345e\271\na\215{\226\255x%T\257\037\333\004\344_/R\006E\344\037@\210\363\010\336T\226\247'\204_{\261\370""1\235\2445\343\033Y!\212\201\341\272\225'\007\020\342f\321\307\325(\036\376\263\217\004\2051\363\326^\330\302\354\374eJ\222\2316\010\371\225\000^p\013\003""; }; ","ledgerHash: ""\335\377\321\353\327\331\302\023\347y\016\263\271\317\306\017UV\314qu?\0064A\315{3D\010\016S""; ledgerSeq: 34; type: liBASE; nodes {;   nodedata: ""\000\000\000""\001cEx]\211\377\330w^\203\302\311\316I7\371tTwp}\005|\372\214\251{R`\230V\244-\326I\351\255\325i\000\000\000\000\000\000\000\000\000\000\000\000\000\000\000\000\000\000\000\000\000\000\000\000\000\000\000\000\000\000\000\000.\324)q\375(\350\030*\347\377\262;s\017\252O\224\036\213o\270k\367fc\353\351\007\231\004\232/\351\253\030/\351\253\031\n\000""; }; nodes {;   nodedata: ""\323C\344\327\264{\312-\017:\006{\177\344N\002\326bO\260\220\006\033\362\345\005U\221DzJ0\001\301\025%1L\307\t\261\262z\374\222T\301\274V\236\223\262\270Ct\362\337b\356\024*\324\320\351\317\002k\336\234\027v\351\217\260\303\360\233ZPZWr\246$w\313\313\r\243r\232\2234\373\3539:N\004Q\245\272D\312D\300\300\t\323\0257\345e\271\na\215{\226\255x%T\257\037\333\004\344_/R\006E\344\037@\210\363\010\336T\226\247'\204_{\261\370""1\235\2445\343\033Y!\212\201\341\272\225'\007\020\342f\321\307\325(\036\376\263\217\004\2051\363\326^\330\302\354\374eJ\222\2316\010\371\225\000^p\013\003""; }; "
1750527642507,1750527642507,0,1,4,0,TMLedgerData,"ledgerHash: ""\335\377\321\353\327\331\302\023\347y\016\263\271\317\306\017UV\314qu?\0064A\315{3D\010\016S""; ledgerSeq: 34; type: liBASE; nodes {;   nodedata: ""\000\000\000""\001cEx]\211\377\330w^\203\302\311\316I7\371tTwp}\005|\372\214\251{R`\230V\244-\326I\351\255\325i\000\000\000\000\000\000\000\000\000\000\000\000\000\000\000\000\000\000\000\000\000\000\000\000\000\000\000\000\000\000\000\000.\324)q\375(\350\030*\347\377\262;s\017\252O\224\036\213o\270k\367fc\353\351\007\231\004\232/\351\253\030/\351\253\031\n\000""; }; nodes {;   nodedata: ""\323C\344\327\264{\312-\017:\006{\177\344N\002\326bO\260\220\006\033\362\345\005U\221DzJ0\001\301\025%1L\307\t\261\262z\374\222T\301\274V\236\223\262\270Ct\362\337b\356\024*\324\320\351\317\002k\336\234\027v\351\217\260\303\360\233ZPZWr\246$w\313\313\r\243r\232\2234\373\3539:N\004Q\245\272D\312D\300\300\t\323\0257\345e\271\na\215{\226\255x%T\257\037\333\004\344_/R\006E\344\037@\210\363\010\336T\226\247'\204_{\261\370""1\235\2445\343\033Y!\212\201\341\272\225'\007\020\342f\321\307\325(\036\376\263\217\004\2051\363\326^\330\302\354\374eJ\222\2316\010\371\225\000^p\013\003""; }; ","ledgerHash: ""\335\377\321\353\327\331\302\023\347y\016\263\271\317\306\017UV\314qu?\0064A\315{3D\010\016S""; ledgerSeq: 34; type: liBASE; nodes {;   nodedata: ""\000\000\000""\001cEx]\211\377\330w^\203\302\311\316I7\371tTwp}\005|\372\214\251{R`\230V\244-\326I\351\255\325i\000\000\000\000\000\000\000\000\000\000\000\000\000\000\000\000\000\000\000\000\000\000\000\000\000\000\000\000\000\000\000\000.\324)q\375(\350\030*\347\377\262;s\017\252O\224\036\213o\270k\367fc\353\351\007\231\004\232/\351\253\030/\351\253\031\n\000""; }; nodes {;   nodedata: ""\323C\344\327\264{\312-\017:\006{\177\344N\002\326bO\260\220\006\033\362\345\005U\221DzJ0\001\301\025%1L\307\t\261\262z\374\222T\301\274V\236\223\262\270Ct\362\337b\356\024*\324\320\351\317\002k\336\234\027v\351\217\260\303\360\233ZPZWr\246$w\313\313\r\243r\232\2234\373\3539:N\004Q\245\272D\312D\300\300\t\323\0257\345e\271\na\215{\226\255x%T\257\037\333\004\344_/R\006E\344\037@\210\363\010\336T\226\247'\204_{\261\370""1\235\2445\343\033Y!\212\201\341\272\225'\007\020\342f\321\307\325(\036\376\263\217\004\2051\363\326^\330\302\354\374eJ\222\2316\010\371\225\000^p\013\003""; }; "
1750527642507,1750527642507,0,1,3,0,TMLedgerData,"ledgerHash: ""\335\377\321\353\327\331\302\023\347y\016\263\271\317\306\017UV\314qu?\0064A\315{3D\010\016S""; ledgerSeq: 34; type: liBASE; nodes {;   nodedata: ""\000\000\000""\001cEx]\211\377\330w^\203\302\311\316I7\371tTwp}\005|\372\214\251{R`\230V\244-\326I\351\255\325i\000\000\000\000\000\000\000\000\000\000\000\000\000\000\000\000\000\000\000\000\000\000\000\000\000\000\000\000\000\000\000\000.\324)q\375(\350\030*\347\377\262;s\017\252O\224\036\213o\270k\367fc\353\351\007\231\004\232/\351\253\030/\351\253\031\n\000""; }; nodes {;   nodedata: ""\323C\344\327\264{\312-\017:\006{\177\344N\002\326bO\260\220\006\033\362\345\005U\221DzJ0\001\301\025%1L\307\t\261\262z\374\222T\301\274V\236\223\262\270Ct\362\337b\356\024*\324\320\351\317\002k\336\234\027v\351\217\260\303\360\233ZPZWr\246$w\313\313\r\243r\232\2234\373\3539:N\004Q\245\272D\312D\300\300\t\323\0257\345e\271\na\215{\226\255x%T\257\037\333\004\344_/R\006E\344\037@\210\363\010\336T\226\247'\204_{\261\370""1\235\2445\343\033Y!\212\201\341\272\225'\007\020\342f\321\307\325(\036\376\263\217\004\2051\363\326^\330\302\354\374eJ\222\2316\010\371\225\000^p\013\003""; }; requestCookie: 3; ","ledgerHash: ""\335\377\321\353\327\331\302\023\347y\016\263\271\317\306\017UV\314qu?\0064A\315{3D\010\016S""; ledgerSeq: 34; type: liBASE; nodes {;   nodedata: ""\000\000\000""\001cEx]\211\377\330w^\203\302\311\316I7\371tTwp}\005|\372\214\251{R`\230V\244-\326I\351\255\325i\000\000\000\000\000\000\000\000\000\000\000\000\000\000\000\000\000\000\000\000\000\000\000\000\000\000\000\000\000\000\000\000.\324)q\375(\350\030*\347\377\262;s\017\252O\224\036\213o\270k\367fc\353\351\007\231\004\232/\351\253\030/\351\253\031\n\000""; }; nodes {;   nodedata: ""\323C\344\327\264{\312-\017:\006{\177\344N\002\326bO\260\220\006\033\362\345\005U\221DzJ0\001\301\025%1L\307\t\261\262z\374\222T\301\274V\236\223\262\270Ct\362\337b\356\024*\324\320\351\317\002k\336\234\027v\351\217\260\303\360\233ZPZWr\246$w\313\313\r\243r\232\2234\373\3539:N\004Q\245\272D\312D\300\300\t\323\0257\345e\271\na\215{\226\255x%T\257\037\333\004\344_/R\006E\344\037@\210\363\010\336T\226\247'\204_{\261\370""1\235\2445\343\033Y!\212\201\341\272\225'\007\020\342f\321\307\325(\036\376\263\217\004\2051\363\326^\330\302\354\374eJ\222\2316\010\371\225\000^p\013\003""; }; requestCookie: 3; "
1750527642507,1750527642508,0,1,3,0,TMLedgerData,"ledgerHash: ""\335\377\321\353\327\331\302\023\347y\016\263\271\317\306\017UV\314qu?\0064A\315{3D\010\016S""; ledgerSeq: 34; type: liAS_NODE; nodes {;   nodedata: ""\021\000h""\000\000\000\000 \033\000\000\000!\002\023\304\177\330\356GuH\375\327!\255\371\r\231\262R\256J\034\222\241\355X\265E\241^W\225\304\014\361CX-}\351f\032\255\274\334m\326c\017\014ao[\342\230\003\245\245\3341Hm\326^\017jy\335\261\032Yt\320\244{g\0306\\302\303*\341\215\223\257\364\277o\375\000r\241SOq\221\253\262\005\017\375T\356\014\360o'\030\311-\267\031\257!\031T\006><\315XM\334\324\345\034\000\325\367\240\271\013\265\024\321\362\354\211\250.\234s\225amc\305\035\366\276\037nD\277`\210\223N\3535\033\261\304f\331]\036\237\306o!\223\221\002\324\031\262\240R\177 ,\214\325\Q])\016\2067\277\t\354\010\000\360\215\2502\265\245\310\226\243c\302Ze\306\253#r\020\211\320iG\276\020E\317\035Sf\223F\254\033@\177e\277\016\010u\327\371&\262\312\317Q\2361t\377x\234\001v\003%\030\325_\225g\204\346a=\225\273\331\354\365*U\363\263N\367b\371\244\314-w\363\262\225Z\200\206\235\233\257?sE\2674\254\326mU\377?\177Ek\336\030!\316Aa\225\303\022\377{\210Y\226\271as\354L\035\004\341\361\035\301\024\220m#*\372\032\3178~\374\250\014*\323\342'z69\220\327\256\351G\367\317u\302\207\270b\315\333\333\334\310I\323&\014\352XZnW2.\335\347\202\021\247\362\212e\034\000\001\250\220\305;a\314\265R\310\017\317\331\235\360\262\240:\277\202\266\354\265X""\022\nh\252\352w\204\203\023]\001f\352\277\0031Q]\362\370R\350{\261\202\240\344\215\201\353\276\322p5p\350\354\017>\250r\241c\273\016\301\024\363\242\247\263\231\370\344\nBW\220K\316@3\243\200\036wk\253GSlU\010\360\231>\331\263H\214\324\030A\225\301o\346pkSF\004\241\213w9\223=\250\262*+\255\351r\265\244c\024\213\t\007`\223\325#\3477\210\345P\306\013\320\252[\0216+\227=`\371P\314\346 V7\271[~\n\237\274|\347\352@K\253~&\260\032\024\004B\200\255h\351\013\361\031:nG\211\005|\2003\266\274\251,W\006u\344\335d\003\306\212\313,\340\350bG\n\030Z\2732-\246\312\255\030\003\235207\005}D\260\0261ah\322M\304\216\273m0\271\234\237\007<w$\265C\245\232\033\023\313c\321B\032l\301h\005\320\252\301\361(\330[\343\357\343{\235\n\266g\272>\177\317\347\261qb&\270&\346ju\200\363N\320\307\004\034\001n\317\361\2653\254\2503\247\305\372\316W\022O\253x\250\025\373\247\354Tc\304\263\243^\352Gv\\264\261\r\035\226\306\2411\351\233\203\215\200$\231\300f\220\371c@\017\254\363\\371\340\340VaR\205~^\226\342t\360\022\204d\231\205)\272\364?\361!\334\331\315\254\230\rBG\314\023\246\244=\351\177\254\302b&\276+H;0\312\021&\275\036\237\350R\313\206R\331\304k\323u\263t\221\213yC\241\217A\242\027g\322\241'\212.E?B_\316\327\217J +\370\t^b\005\020\003\211\373\247|hC\271Nmk~J\270EU\274\036-\347\240\312FA\321\341bca\253\025\321\311\317\021\375\317\217\n\272\033o\353G>\275\361H\265\240\232um""\317\324`\214\221\314\000\211K\223+(""\200i \311\372g\254\343ZR0\224\275q\252\357\213\263\206N\357&Q\217\267\303\356I\236\357\264\311b\037\366\035\253\343\311\265\240\327q\206f\262ODi\215-\363>\034\236l\273\005G\316F\217}[\036\007\270:\260\335\271B\241N\345\330\204\327f\361\272Kb\0377p\334\264\237\177~\330]\252+:\317u\302h\n\351\n\364\231\277R\371\356\033y\265v\360Ny\246\332qY\262\231\251\n\305\334\202\305\362\n\367@k\231\016R:\327\242\366\242\253LZY\223$Gw^\203\302\311\316I7\371tTwp}\005|\372\214\251{R`\230V\244-\326I\351\255\325i\264\227\2326\315\307\363\323\325\303\032N\256*\307\327 \235\332\207u\210\271\257\306g\231i*\260\326k\001"";   nodeid: ""\260\000\000\000\000\000\000\000\000\000\000\000\000\000\000\000\000\000\000\000\000\000\000\000\000\000\000\000\000\000\000\000\001""; }; ","ledgerHash: ""\335\377\321\353\327\331\302\023\347y\016\263\271\317\306\017UV\314qu?\0064A\315{3D\010\016S""; ledgerSeq: 34; type: liAS_NODE; nodes {;   nodedata: ""\021\000h""\000\000\000\000 \033\000\000\000!\002\023\304\177\330\356GuH\375\327!\255\371\r\231\262R\256J\034\222\241\355X\265E\241^W\225\304\014\361CX-}\351f\032\255\274\334m\326c\017\014ao[\342\230\003\245\245\3341Hm\326^\017jy\335\261\032Yt\320\244{g\0306\\302\303*\341\215\223\257\364\277o\375\000r\241SOq\221\253\262\005\017\375T\356\014\360o'\030\311-\267\031\257!\031T\006><\315XM\334\324\345\034\000\325\367\240\271\013\265\024\321\362\354\211\250.\234s\225amc\305\035\366\276\037nD\277`\210\223N\3535\033\261\304f\331]\036\237\306o!\223\221\002\324\031\262\240R\177 ,\214\325\Q])\016\2067\277\t\354\010\000\360\215\2502\265\245\310\226\243c\302Ze\306\253#r\020\211\320iG\276\020E\317\035Sf\223F\254\033@\177e\277\016\010u\327\371&\262\312\317Q\2361t\377x\234\001v\003%\030\325_\225g\204\346a=\225\273\331\354\365*U\363\263N\367b\371\244\314-w\363\262\225Z\200\206\235\233\257?sE\2674\254\326mU\377?\177Ek\336\030!\316Aa\225\303\022\377{\210Y\226\271as\354L\035\004\341\361\035\301\024\220m#*\372\032\3178~\374\250\014*\323\342'z69\220\327\256\351G\367\317u\302\207\270b\315\333\333\334\310I\323&\014\352XZnW2.\335\347\202\021\247\362\212e\034\000\001\250\220\305;a\314\265R\310\017\317\331\235\360\262\240:\277\202\266\354\265X""\022\nh\252\352w\204\203\023]\001f\352\277\0031Q]\362\370R\350{\261\202\240\344\215\201\353\276\322p5p\350\354\017>\250r\241c\273\016\301\024\363\242\247\263\231\370\344\nBW\220K\316@3\243\200\036wk\253GSlU\010\360\231>\331\263H\214\324\030A\225\301o\346pkSF\004\241\213w9\223=\250\262*+\255\351r\265\244c\024\213\t\007`\223\325#\3477\210\345P\306\013\320\252[\0216+\227=`\371P\314\346 V7\271[~\n\237\274|\347\352@K\253~&\260\032\024\004B\200\255h\351\013\361\031:nG\211\005|\2003\266\274\251,W\006u\344\335d\003\306\212\313,\340\350bG\n\030Z\2732-\246\312\255\030\003\235207\005}D\260\0261ah\322M\304\216\273m0\271\234\237\007<w$\265C\245\232\033\023\313c\321B\032l\301h\005\320\252\301\361(\330[\343\357\343{\235\n\266g\272>\177\317\347\261qb&\270&\346ju\200\363N\320\307\004\034\001n\317\361\2653\254\2503\247\305\372\316W\022O\253x\250\025\373\247\354Tc\304\263\243^\352Gv\\264\261\r\035\226\306\2411\351\233\203\215\200$\231\300f\220\371c@\017\254\363\\371\340\340VaR\205~^\226\342t\360\022\204d\231\205)\272\364?\361!\334\331\315\254\230\rBG\314\023\246\244=\351\177\254\302b&\276+H;0\312\021&\275\036\237\350R\313\206R\331\304k\323u\263t\221\213yC\241\217A\242\027g\322\241'\212.E?B_\316\327\217J +\370\t^b\005\020\003\211\373\247|hC\271Nmk~J\270EU\274\036-\347\240\312FA\321\341bca\253\025\321\311\317\021\375\317\217\n\272\033o\353G>\275\361H\265\240\232um""\317\324`\214\221\314\000\211K\223+(""\200i \311\372g\254\343ZR0\224\275q\252\357\213\263\206N\357&Q\217\267\303\356I\236\357\264\311b\037\366\035\253\343\311\265\240\327q\206f\262ODi\215-\363>\034\236l\273\005G\316F\217}[\036\007\270:\260\335\271B\241N\345\330\204\327f\361\272Kb\0377p\334\264\237\177~\330]\252+:\317u\302h\n\351\n\364\231\277R\371\356\033y\265v\360Ny\246\332qY\262\231\251\n\305\334\202\305\362\n\367@k\231\016R:\327\242\366\242\253LZY\223$Gw^\203\302\311\316I7\371tTwp}\005|\372\214\251{R`\230V\244-\326I\351\255\325i\264\227\2326\315\307\363\323\325\303\032N\256*\307\327 \235\332\207u\210\271\257\306g\231i*\260\326k\001"";   nodeid: ""\260\000\000\000\000\000\000\000\000\000\000\000\000\000\000\000\000\000\000\000\000\000\000\000\000\000\000\000\000\000\000\000\001""; }; "
1750527642509,1750527642510,0,1,3,2,TMLedgerData,"ledgerHash: ""\335\377\321\353\327\331\302\023\347y\016\263\271\317\306\017UV\314qu?\0064A\315{3D\010\016S""; ledgerSeq: 34; type: liAS_NODE; nodes {;   nodedata: ""\021\000h""\000\000\000\000 \033\000\000\000!\002\023\304\177\330\356GuH\375\327!\255\371\r\231\262R\256J\034\222\241\355X\265E\241^W\225\304\014\361CX-}\351f\032\255\274\334m\326c\017\014ao[\342\230\003\245\245\3341Hm\326^\017jy\335\261\032Yt\320\244{g\0306\\302\303*\341\215\223\257\364\277o\375\000r\241SOq\221\253\262\005\017\375T\356\014\360o'\030\311-\267\031\257!\031T\006><\315XM\334\324\345\034\000\325\367\240\271\013\265\024\321\362\354\211\250.\234s\225amc\305\035\366\276\037nD\277`\210\223N\3535\033\261\304f\331]\036\237\306o!\223\221\002\324\031\262\240R\177 ,\214\325\Q])\016\2067\277\t\354\010\000\360\215\2502\265\245\310\226\243c\302Ze\306\253#r\020\211\320iG\276\020E\317\035Sf\223F\254\033@\177e\277\016\010u\327\371&\262\312\317Q\2361t\377x\234\001v\003%\030\325_\225g\204\346a=\225\273\331\354\365*U\363\263N\367b\371\244\314-w\363\262\225Z\200\206\235\233\257?sE\2674\254\326mU\377?\177Ek\336\030!\316Aa\225\303\022\377{\210Y\226\271as\354L\035\004\341\361\035\301\024\220m#*\372\032\3178~\374\250\014*\323\342'z69\220\327\256\351G\367\317u\302\207\270b\315\333\333\334\310I\323&\014\352XZnW2.\335\347\202\021\247\362\212e\034\000\001\250\220\305;a\314\265R\310\017\317\331\235\360\262\240:\277\202\266\354\265X""\022\nh\252\352w\204\203\023]\001f\352\277\0031Q]\362\370R\350{\261\202\240\344\215\201\353\276\322p5p\350\354\017>\250r\241c\273\016\301\024\363\242\247\263\231\370\344\nBW\220K\316@3\243\200\036wk\253GSlU\010\360\231>\331\263H\214\324\030A\225\301o\346pkSF\004\241\213w9\223=\250\262*+\255\351r\265\244c\024\213\t\007`\223\325#\3477\210\345P\306\013\320\252[\0216+\227=`\371P\314\346 V7\271[~\n\237\274|\347\352@K\253~&\260\032\024\004B\200\255h\351\013\361\031:nG\211\005|\2003\266\274\251,W\006u\344\335d\003\306\212\313,\340\350bG\n\030Z\2732-\246\312\255\030\003\235207\005}D\260\0261ah\322M\304\216\273m0\271\234\237\007<w$\265C\245\232\033\023\313c\321B\032l\301h\005\320\252\301\361(\330[\343\357\343{\235\n\266g\272>\177\317\347\261qb&\270&\346ju\200\363N\320\307\004\034\001n\317\361\2653\254\2503\247\305\372\316W\022O\253x\250\025\373\247\354Tc\304\263\243^\352Gv\\264\261\r\035\226\306\2411\351\233\203\215\200$\231\300f\220\371c@\017\254\363\\371\340\340VaR\205~^\226\342t\360\022\204d\231\205)\272\364?\361!\334\331\315\254\230\rBG\314\023\246\244=\351\177\254\302b&\276+H;0\312\021&\275\036\237\350R\313\206R\331\304k\323u\263t\221\213yC\241\217A\242\027g\322\241'\212.E?B_\316\327\217J +\370\t^b\005\020\003\211\373\247|hC\271Nmk~J\270EU\274\036-\347\240\312FA\321\341bca\253\025\321\311\317\021\375\317\217\n\272\033o\353G>\275\361H\265\240\232um""\317\324`\214\221\314\000\211K\223+(""\200i \311\372g\254\343ZR0\224\275q\252\357\213\263\206N\357&Q\217\267\303\356I\236\357\264\311b\037\366\035\253\343\311\265\240\327q\206f\262ODi\215-\363>\034\236l\273\005G\316F\217}[\036\007\270:\260\335\271B\241N\345\330\204\327f\361\272Kb\0377p\334\264\237\177~\330]\252+:\317u\302h\n\351\n\364\231\277R\371\356\033y\265v\360Ny\246\332qY\262\231\251\n\305\334\202\305\362\n\367@k\231\016R:\327\242\366\242\253LZY\223$Gw^\203\302\311\316I7\371tTwp}\005|\372\214\251{R`\230V\244-\326I\351\255\325i\264\227\2326\315\307\363\323\325\303\032N\256*\307\327 \235\332\207u\210\271\257\306g\231i*\260\326k\001"";   nodeid: ""\260\000\000\000\000\000\000\000\000\000\000\000\000\000\000\000\000\000\000\000\000\000\000\000\000\000\000\000\000\000\000\000\001""; }; ","ledgerHash: ""\335\377\321\353\327\331\302\023\347y\016\263\271\317\306\017UV\314qu?\0064A\315{3D\010\016S""; ledgerSeq: 34; type: liAS_NODE; nodes {;   nodedata: ""\021\000h""\000\000\000\000 \033\000\000\000!\002\023\304\177\330\356GuH\375\327!\255\371\r\231\262R\256J\034\222\241\355X\265E\241^W\225\304\014\361CX-}\351f\032\255\274\334m\326c\017\014ao[\342\230\003\245\245\3341Hm\326^\017jy\335\261\032Yt\320\244{g\0306\\302\303*\341\215\223\257\364\277o\375\000r\241SOq\221\253\262\005\017\375T\356\014\360o'\030\311-\267\031\257!\031T\006><\315XM\334\324\345\034\000\325\367\240\271\013\265\024\321\362\354\211\250.\234s\225amc\305\035\366\276\037nD\277`\210\223N\3535\033\261\304f\331]\036\237\306o!\223\221\002\324\031\262\240R\177 ,\214\325\Q])\016\2067\277\t\354\010\000\360\215\2502\265\245\310\226\243c\302Ze\306\253#r\020\211\320iG\276\020E\317\035Sf\223F\254\033@\177e\277\016\010u\327\371&\262\312\317Q\2361t\377x\234\001v\003%\030\325_\225g\204\346a=\225\273\331\354\365*U\363\263N\367b\371\244\314-w\363\262\225Z\200\206\235\233\257?sE\2674\254\326mU\377?\177Ek\336\030!\316Aa\225\303\022\377{\210Y\226\271as\354L\035\004\341\361\035\301\024\220m#*\372\032\3178~\374\250\014*\323\342'z69\220\327\256\351G\367\317u\302\207\270b\315\333\333\334\310I\323&\014\352XZnW2.\335\347\202\021\247\362\212e\034\000\001\250\220\305;a\314\265R\310\017\317\331\235\360\262\240:\277\202\266\354\265X""\022\nh\252\352w\204\203\023]\001f\352\277\0031Q]\362\370R\350{\261\202\240\344\215\201\353\276\322p5p\350\354\017>\250r\241c\273\016\301\024\363\242\247\263\231\370\344\nBW\220K\316@3\243\200\036wk\253GSlU\010\360\231>\331\263H\214\324\030A\225\301o\346pkSF\004\241\213w9\223=\250\262*+\255\351r\265\244c\024\213\t\007`\223\325#\3477\210\345P\306\013\320\252[\0216+\227=`\371P\314\346 V7\271[~\n\237\274|\347\352@K\253~&\260\032\024\004B\200\255h\351\013\361\031:nG\211\005|\2003\266\274\251,W\006u\344\335d\003\306\212\313,\340\350bG\n\030Z\2732-\246\312\255\030\003\235207\005}D\260\0261ah\322M\304\216\273m0\271\234\237\007<w$\265C\245\232\033\023\313c\321B\032l\301h\005\320\252\301\361(\330[\343\357\343{\235\n\266g\272>\177\317\347\261qb&\270&\346ju\200\363N\320\307\004\034\001n\317\361\2653\254\2503\247\305\372\316W\022O\253x\250\025\373\247\354Tc\304\263\243^\352Gv\\264\261\r\035\226\306\2411\351\233\203\215\200$\231\300f\220\371c@\017\254\363\\371\340\340VaR\205~^\226\342t\360\022\204d\231\205)\272\364?\361!\334\331\315\254\230\rBG\314\023\246\244=\351\177\254\302b&\276+H;0\312\021&\275\036\237\350R\313\206R\331\304k\323u\263t\221\213yC\241\217A\242\027g\322\241'\212.E?B_\316\327\217J +\370\t^b\005\020\003\211\373\247|hC\271Nmk~J\270EU\274\036-\347\240\312FA\321\341bca\253\025\321\311\317\021\375\317\217\n\272\033o\353G>\275\361H\265\240\232um""\317\324`\214\221\314\000\211K\223+(""\200i \311\372g\254\343ZR0\224\275q\252\357\213\263\206N\357&Q\217\267\303\356I\236\357\264\311b\037\366\035\253\343\311\265\240\327q\206f\262ODi\215-\363>\034\236l\273\005G\316F\217}[\036\007\270:\260\335\271B\241N\345\330\204\327f\361\272Kb\0377p\334\264\237\177~\330]\252+:\317u\302h\n\351\n\364\231\277R\371\356\033y\265v\360Ny\246\332qY\262\231\251\n\305\334\202\305\362\n\367@k\231\016R:\327\242\366\242\253LZY\223$Gw^\203\302\311\316I7\371tTwp}\005|\372\214\251{R`\230V\244-\326I\351\255\325i\264\227\2326\315\307\363\323\325\303\032N\256*\307\327 \235\332\207u\210\271\257\306g\231i*\260\326k\001"";   nodeid: ""\260\000\000\000\000\000\000\000\000\000\000\000\000\000\000\000\000\000\000\000\000\000\000\000\000\000\000\000\000\000\000\000\001""; }; "
1750527642510,1750527642510,0,1,3,2,TMLedgerData,"ledgerHash: ""\335\377\321\353\327\331\302\023\347y\016\263\271\317\306\017UV\314qu?\0064A\315{3D\010\016S""; ledgerSeq: 34; type: liBASE; nodes {;   nodedata: ""\000\000\000""\001cEx]\211\377\330w^\203\302\311\316I7\371tTwp}\005|\372\214\251{R`\230V\244-\326I\351\255\325i\000\000\000\000\000\000\000\000\000\000\000\000\000\000\000\000\000\000\000\000\000\000\000\000\000\000\000\000\000\000\000\000.\324)q\375(\350\030*\347\377\262;s\017\252O\224\036\213o\270k\367fc\353\351\007\231\004\232/\351\253\030/\351\253\031\n\000""; }; nodes {;   nodedata: ""\323C\344\327\264{\312-\017:\006{\177\344N\002\326bO\260\220\006\033\362\345\005U\221DzJ0\001\301\025%1L\307\t\261\262z\374\222T\301\274V\236\223\262\270Ct\362\337b\356\024*\324\320\351\317\002k\336\234\027v\351\217\260\303\360\233ZPZWr\246$w\313\313\r\243r\232\2234\373\3539:N\004Q\245\272D\312D\300\300\t\323\0257\345e\271\na\215{\226\255x%T\257\037\333\004\344_/R\006E\344\037@\210\363\010\336T\226\247'\204_{\261\370""1\235\2445\343\033Y!\212\201\341\272\225'\007\020\342f\321\307\325(\036\376\263\217\004\2051\363\326^\330\302\354\374eJ\222\2316\010\371\225\000^p\013\003""; }; requestCookie: 2; ","ledgerHash: ""\335\377\321\353\327\331\302\023\347y\016\263\271\317\306\017UV\314qu?\0064A\315{3D\010\016S""; ledgerSeq: 34; type: liBASE; nodes {;   nodedata: ""\000\000\000""\001cEx]\211\377\330w^\203\302\311\316I7\371tTwp}\005|\372\214\251{R`\230V\244-\326I\351\255\325i\000\000\000\000\000\000\000\000\000\000\000\000\000\000\000\000\000\000\000\000\000\000\000\000\000\000\000\000\000\000\000\000.\324)q\375(\350\030*\347\377\262;s\017\252O\224\036\213o\270k\367fc\353\351\007\231\004\232/\351\253\030/\351\253\031\n\000""; }; nodes {;   nodedata: ""\323C\344\327\264{\312-\017:\006{\177\344N\002\326bO\260\220\006\033\362\345\005U\221DzJ0\001\301\025%1L\307\t\261\262z\374\222T\301\274V\236\223\262\270Ct\362\337b\356\024*\324\320\351\317\002k\336\234\027v\351\217\260\303\360\233ZPZWr\246$w\313\313\r\243r\232\2234\373\3539:N\004Q\245\272D\312D\300\300\t\323\0257\345e\271\na\215{\226\255x%T\257\037\333\004\344_/R\006E\344\037@\210\363\010\336T\226\247'\204_{\261\370""1\235\2445\343\033Y!\212\201\341\272\225'\007\020\342f\321\307\325(\036\376\263\217\004\2051\363\326^\330\302\354\374eJ\222\2316\010\371\225\000^p\013\003""; }; requestCookie: 2; "
1750527642511,1750527642512,0,1,0,2,TMLedgerData,"ledgerHash: ""\335\377\321\353\327\331\302\023\347y\016\263\271\317\306\017UV\314qu?\0064A\315{3D\010\016S""; ledgerSeq: 34; type: liBASE; nodes {;   nodedata: ""\000\000\000""\001cEx]\211\377\330w^\203\302\311\316I7\371tTwp}\005|\372\214\251{R`\230V\244-\326I\351\255\325i\000\000\000\000\000\000\000\000\000\000\000\000\000\000\000\000\000\000\000\000\000\000\000\000\000\000\000\000\000\000\000\000.\324)q\375(\350\030*\347\377\262;s\017\252O\224\036\213o\270k\367fc\353\351\007\231\004\232/\351\253\030/\351\253\031\n\000""; }; nodes {;   nodedata: ""\323C\344\327\264{\312-\017:\006{\177\344N\002\326bO\260\220\006\033\362\345\005U\221DzJ0\001\301\025%1L\307\t\261\262z\374\222T\301\274V\236\223\262\270Ct\362\337b\356\024*\324\320\351\317\002k\336\234\027v\351\217\260\303\360\233ZPZWr\246$w\313\313\r\243r\232\2234\373\3539:N\004Q\245\272D\312D\300\300\t\323\0257\345e\271\na\215{\226\255x%T\257\037\333\004\344_/R\006E\344\037@\210\363\010\336T\226\247'\204_{\261\370""1\235\2445\343\033Y!\212\201\341\272\225'\007\020\342f\321\307\325(\036\376\263\217\004\2051\363\326^\330\302\354\374eJ\222\2316\010\371\225\000^p\013\003""; }; ","ledgerHash: ""\335\377\321\353\327\331\302\023\347y\016\263\271\317\306\017UV\314qu?\0064A\315{3D\010\016S""; ledgerSeq: 34; type: liBASE; nodes {;   nodedata: ""\000\000\000""\001cEx]\211\377\330w^\203\302\311\316I7\371tTwp}\005|\372\214\251{R`\230V\244-\326I\351\255\325i\000\000\000\000\000\000\000\000\000\000\000\000\000\000\000\000\000\000\000\000\000\000\000\000\000\000\000\000\000\000\000\000.\324)q\375(\350\030*\347\377\262;s\017\252O\224\036\213o\270k\367fc\353\351\007\231\004\232/\351\253\030/\351\253\031\n\000""; }; nodes {;   nodedata: ""\323C\344\327\264{\312-\017:\006{\177\344N\002\326bO\260\220\006\033\362\345\005U\221DzJ0\001\301\025%1L\307\t\261\262z\374\222T\301\274V\236\223\262\270Ct\362\337b\356\024*\324\320\351\317\002k\336\234\027v\351\217\260\303\360\233ZPZWr\246$w\313\313\r\243r\232\2234\373\3539:N\004Q\245\272D\312D\300\300\t\323\0257\345e\271\na\215{\226\255x%T\257\037\333\004\344_/R\006E\344\037@\210\363\010\336T\226\247'\204_{\261\370""1\235\2445\343\033Y!\212\201\341\272\225'\007\020\342f\321\307\325(\036\376\263\217\004\2051\363\326^\330\302\354\374eJ\222\2316\010\371\225\000^p\013\003""; }; "
1750527642512,1750527642512,0,1,2,0,TMLedgerData,"ledgerHash: ""\335\377\321\353\327\331\302\023\347y\016\263\271\317\306\017UV\314qu?\0064A\315{3D\010\016S""; ledgerSeq: 34; type: liBASE; nodes {;   nodedata: ""\000\000\000""\001cEx]\211\377\330w^\203\302\311\316I7\371tTwp}\005|\372\214\251{R`\230V\244-\326I\351\255\325i\000\000\000\000\000\000\000\000\000\000\000\000\000\000\000\000\000\000\000\000\000\000\000\000\000\000\000\000\000\000\000\000.\324)q\375(\350\030*\347\377\262;s\017\252O\224\036\213o\270k\367fc\353\351\007\231\004\232/\351\253\030/\351\253\031\n\000""; }; nodes {;   nodedata: ""\323C\344\327\264{\312-\017:\006{\177\344N\002\326bO\260\220\006\033\362\345\005U\221DzJ0\001\301\025%1L\307\t\261\262z\374\222T\301\274V\236\223\262\270Ct\362\337b\356\024*\324\320\351\317\002k\336\234\027v\351\217\260\303\360\233ZPZWr\246$w\313\313\r\243r\232\2234\373\3539:N\004Q\245\272D\312D\300\300\t\323\0257\345e\271\na\215{\226\255x%T\257\037\333\004\344_/R\006E\344\037@\210\363\010\336T\226\247'\204_{\261\370""1\235\2445\343\033Y!\212\201\341\272\225'\007\020\342f\321\307\325(\036\376\263\217\004\2051\363\326^\330\302\354\374eJ\222\2316\010\371\225\000^p\013\003""; }; ","ledgerHash: ""\335\377\321\353\327\331\302\023\347y\016\263\271\317\306\017UV\314qu?\0064A\315{3D\010\016S""; ledgerSeq: 34; type: liBASE; nodes {;   nodedata: ""\000\000\000""\001cEx]\211\377\330w^\203\302\311\316I7\371tTwp}\005|\372\214\251{R`\230V\244-\326I\351\255\325i\000\000\000\000\000\000\000\000\000\000\000\000\000\000\000\000\000\000\000\000\000\000\000\000\000\000\000\000\000\000\000\000.\324)q\375(\350\030*\347\377\262;s\017\252O\224\036\213o\270k\367fc\353\351\007\231\004\232/\351\253\030/\351\253\031\n\000""; }; nodes {;   nodedata: ""\323C\344\327\264{\312-\017:\006{\177\344N\002\326bO\260\220\006\033\362\345\005U\221DzJ0\001\301\025%1L\307\t\261\262z\374\222T\301\274V\236\223\262\270Ct\362\337b\356\024*\324\320\351\317\002k\336\234\027v\351\217\260\303\360\233ZPZWr\246$w\313\313\r\243r\232\2234\373\3539:N\004Q\245\272D\312D\300\300\t\323\0257\345e\271\na\215{\226\255x%T\257\037\333\004\344_/R\006E\344\037@\210\363\010\336T\226\247'\204_{\261\370""1\235\2445\343\033Y!\212\201\341\272\225'\007\020\342f\321\307\325(\036\376\263\217\004\2051\363\326^\330\302\354\374eJ\222\2316\010\371\225\000^p\013\003""; }; "
1750527642538,1750527642538,0,1,3,1,TMLedgerData,"ledgerHash: ""\335\377\321\353\327\331\302\023\347y\016\263\271\317\306\017UV\314qu?\0064A\315{3D\010\016S""; ledgerSeq: 34; type: liBASE; nodes {;   nodedata: ""\000\000\000""\001cEx]\211\377\330w^\203\302\311\316I7\371tTwp}\005|\372\214\251{R`\230V\244-\326I\351\255\325i\000\000\000\000\000\000\000\000\000\000\000\000\000\000\000\000\000\000\000\000\000\000\000\000\000\000\000\000\000\000\000\000.\324)q\375(\350\030*\347\377\262;s\017\252O\224\036\213o\270k\367fc\353\351\007\231\004\232/\351\253\030/\351\253\031\n\000""; }; nodes {;   nodedata: ""\323C\344\327\264{\312-\017:\006{\177\344N\002\326bO\260\220\006\033\362\345\005U\221DzJ0\001\301\025%1L\307\t\261\262z\374\222T\301\274V\236\223\262\270Ct\362\337b\356\024*\324\320\351\317\002k\336\234\027v\351\217\260\303\360\233ZPZWr\246$w\313\313\r\243r\232\2234\373\3539:N\004Q\245\272D\312D\300\300\t\323\0257\345e\271\na\215{\226\255x%T\257\037\333\004\344_/R\006E\344\037@\210\363\010\336T\226\247'\204_{\261\370""1\235\2445\343\033Y!\212\201\341\272\225'\007\020\342f\321\307\325(\036\376\263\217\004\2051\363\326^\330\302\354\374eJ\222\2316\010\371\225\000^p\013\003""; }; requestCookie: 2; ","ledgerHash: ""\335\377\321\353\327\331\302\023\347y\016\263\271\317\306\017UV\314qu?\0064A\315{3D\010\016S""; ledgerSeq: 34; type: liBASE; nodes {;   nodedata: ""\000\000\000""\001cEx]\211\377\330w^\203\302\311\316I7\371tTwp}\005|\372\214\251{R`\230V\244-\326I\351\255\325i\000\000\000\000\000\000\000\000\000\000\000\000\000\000\000\000\000\000\000\000\000\000\000\000\000\000\000\000\000\000\000\000.\324)q\375(\350\030*\347\377\262;s\017\252O\224\036\213o\270k\367fc\353\351\007\231\004\232/\351\253\030/\351\253\031\n\000""; }; nodes {;   nodedata: ""\323C\344\327\264{\312-\017:\006{\177\344N\002\326bO\260\220\006\033\362\345\005U\221DzJ0\001\301\025%1L\307\t\261\262z\374\222T\301\274V\236\223\262\270Ct\362\337b\356\024*\324\320\351\317\002k\336\234\027v\351\217\260\303\360\233ZPZWr\246$w\313\313\r\243r\232\2234\373\3539:N\004Q\245\272D\312D\300\300\t\323\0257\345e\271\na\215{\226\255x%T\257\037\333\004\344_/R\006E\344\037@\210\363\010\336T\226\247'\204_{\261\370""1\235\2445\343\033Y!\212\201\341\272\225'\007\020\342f\321\307\325(\036\376\263\217\004\2051\363\326^\330\302\354\374eJ\222\2316\010\371\225\000^p\013\003""; }; requestCookie: 2; "
1750527642538,1750527642539,0,1,1,0,TMLedgerData,"ledgerHash: ""\335\377\321\353\327\331\302\023\347y\016\263\271\317\306\017UV\314qu?\0064A\315{3D\010\016S""; ledgerSeq: 34; type: liBASE; nodes {;   nodedata: ""\000\000\000""\001cEx]\211\377\330w^\203\302\311\316I7\371tTwp}\005|\372\214\251{R`\230V\244-\326I\351\255\325i\000\000\000\000\000\000\000\000\000\000\000\000\000\000\000\000\000\000\000\000\000\000\000\000\000\000\000\000\000\000\000\000.\324)q\375(\350\030*\347\377\262;s\017\252O\224\036\213o\270k\367fc\353\351\007\231\004\232/\351\253\030/\351\253\031\n\000""; }; nodes {;   nodedata: ""\323C\344\327\264{\312-\017:\006{\177\344N\002\326bO\260\220\006\033\362\345\005U\221DzJ0\001\301\025%1L\307\t\261\262z\374\222T\301\274V\236\223\262\270Ct\362\337b\356\024*\324\320\351\317\002k\336\234\027v\351\217\260\303\360\233ZPZWr\246$w\313\313\r\243r\232\2234\373\3539:N\004Q\245\272D\312D\300\300\t\323\0257\345e\271\na\215{\226\255x%T\257\037\333\004\344_/R\006E\344\037@\210\363\010\336T\226\247'\204_{\261\370""1\235\2445\343\033Y!\212\201\341\272\225'\007\020\342f\321\307\325(\036\376\263\217\004\2051\363\326^\330\302\354\374eJ\222\2316\010\371\225\000^p\013\003""; }; ","ledgerHash: ""\335\377\321\353\327\331\302\023\347y\016\263\271\317\306\017UV\314qu?\0064A\315{3D\010\016S""; ledgerSeq: 34; type: liBASE; nodes {;   nodedata: ""\000\000\000""\001cEx]\211\377\330w^\203\302\311\316I7\371tTwp}\005|\372\214\251{R`\230V\244-\326I\351\255\325i\000\000\000\000\000\000\000\000\000\000\000\000\000\000\000\000\000\000\000\000\000\000\000\000\000\000\000\000\000\000\000\000.\324)q\375(\350\030*\347\377\262;s\017\252O\224\036\213o\270k\367fc\353\351\007\231\004\232/\351\253\030/\351\253\031\n\000""; }; nodes {;   nodedata: ""\323C\344\327\264{\312-\017:\006{\177\344N\002\326bO\260\220\006\033\362\345\005U\221DzJ0\001\301\025%1L\307\t\261\262z\374\222T\301\274V\236\223\262\270Ct\362\337b\356\024*\324\320\351\317\002k\336\234\027v\351\217\260\303\360\233ZPZWr\246$w\313\313\r\243r\232\2234\373\3539:N\004Q\245\272D\312D\300\300\t\323\0257\345e\271\na\215{\226\255x%T\257\037\333\004\344_/R\006E\344\037@\210\363\010\336T\226\247'\204_{\261\370""1\235\2445\343\033Y!\212\201\341\272\225'\007\020\342f\321\307\325(\036\376\263\217\004\2051\363\326^\330\302\354\374eJ\222\2316\010\371\225\000^p\013\003""; }; "
1750527642543,1750527642543,0,1,0,4,TMProposeSet,"proposeSeq: 1; currentTxHash: ""\000\000\000\000\000\000\000\000\000\000\000\000\000\000\000\000\000\000\000\000\000\000\000\000\000\000\000\000\000\000\000\000""; nodePubKey: ""\002\225aM\037\203M\271C\224]$\245\215\334\264;{{\365%Z\2443U\201\242\320iUc\207\367""; closeTime: 803842830; signature: ""0E\002!\000\277\354\205\213I\277\005m\324D\222#z\025\014\021y\n\303\000\t\332|v\341c\240\255FE\0353\002 G\327\305$\375O\t\320\030\n\322;\030\225\225\356\2429`\017,(N\016Gy\245\264\375\265\223\274""; previousledger: ""\027U|0.\0360\370\215\036\314\206\346\317zDP\223\241\204\277V\351i\247$\323\007\211CW\252""; ","proposeSeq: 1; currentTxHash: ""\000\000\000\000\000\000\000\000\000\000\000\000\000\000\000\000\000\000\000\000\000\000\000\000\000\000\000\000\000\000\000\000""; nodePubKey: ""\002\225aM\037\203M\271C\224]$\245\215\334\264;{{\365%Z\2443U\201\242\320iUc\207\367""; closeTime: 803842830; signature: ""0E\002!\000\277\354\205\213I\277\005m\324D\222#z\025\014\021y\n\303\000\t\332|v\341c\240\255FE\0353\002 G\327\305$\375O\t\320\030\n\322;\030\225\225\356\2429`\017,(N\016Gy\245\264\375\265\223\274""; previousledger: ""\027U|0.\0360\370\215\036\314\206\346\317zDP\223\241\204\277V\351i\247$\323\007\211CW\252""; "
1750527642544,1750527642544,0,1,0,3,TMProposeSet,"proposeSeq: 1; currentTxHash: ""\000\000\000\000\000\000\000\000\000\000\000\000\000\000\000\000\000\000\000\000\000\000\000\000\000\000\000\000\000\000\000\000""; nodePubKey: ""\002\225aM\037\203M\271C\224]$\245\215\334\264;{{\365%Z\2443U\201\242\320iUc\207\367""; closeTime: 803842830; signature: ""0E\002!\000\277\354\205\213I\277\005m\324D\222#z\025\014\021y\n\303\000\t\332|v\341c\240\255FE\0353\002 G\327\305$\375O\t\320\030\n\322;\030\225\225\356\2429`\017,(N\016Gy\245\264\375\265\223\274""; previousledger: ""\027U|0.\0360\370\215\036\314\206\346\317zDP\223\241\204\277V\351i\247$\323\007\211CW\252""; ","proposeSeq: 1; currentTxHash: ""\000\000\000\000\000\000\000\000\000\000\000\000\000\000\000\000\000\000\000\000\000\000\000\000\000\000\000\000\000\000\000\000""; nodePubKey: ""\002\225aM\037\203M\271C\224]$\245\215\334\264;{{\365%Z\2443U\201\242\320iUc\207\367""; closeTime: 803842830; signature: ""0E\002!\000\277\354\205\213I\277\005m\324D\222#z\025\014\021y\n\303\000\t\332|v\341c\240\255FE\0353\002 G\327\305$\375O\t\320\030\n\322;\030\225\225\356\2429`\017,(N\016Gy\245\264\375\265\223\274""; previousledger: ""\027U|0.\0360\370\215\036\314\206\346\317zDP\223\241\204\277V\351i\247$\323\007\211CW\252""; "
1750527642544,1750527642544,0,1,0,1,TMProposeSet,"proposeSeq: 1; currentTxHash: ""\000\000\000\000\000\000\000\000\000\000\000\000\000\000\000\000\000\000\000\000\000\000\000\000\000\000\000\000\000\000\000\000""; nodePubKey: ""\002\225aM\037\203M\271C\224]$\245\215\334\264;{{\365%Z\2443U\201\242\320iUc\207\367""; closeTime: 803842830; signature: ""0E\002!\000\277\354\205\213I\277\005m\324D\222#z\025\014\021y\n\303\000\t\332|v\341c\240\255FE\0353\002 G\327\305$\375O\t\320\030\n\322;\030\225\225\356\2429`\017,(N\016Gy\245\264\375\265\223\274""; previousledger: ""\027U|0.\0360\370\215\036\314\206\346\317zDP\223\241\204\277V\351i\247$\323\007\211CW\252""; ","proposeSeq: 1; currentTxHash: ""\000\000\000\000\000\000\000\000\000\000\000\000\000\000\000\000\000\000\000\000\000\000\000\000\000\000\000\000\000\000\000\000""; nodePubKey: ""\002\225aM\037\203M\271C\224]$\245\215\334\264;{{\365%Z\2443U\201\242\320iUc\207\367""; closeTime: 803842830; signature: ""0E\002!\000\277\354\205\213I\277\005m\324D\222#z\025\014\021y\n\303\000\t\332|v\341c\240\255FE\0353\002 G\327\305$\375O\t\320\030\n\322;\030\225\225\356\2429`\017,(N\016Gy\245\264\375\265\223\274""; previousledger: ""\027U|0.\0360\370\215\036\314\206\346\317zDP\223\241\204\277V\351i\247$\323\007\211CW\252""; "
1750527642543,1750527642543,0,1,0,2,TMProposeSet,"proposeSeq: 1; currentTxHash: ""\000\000\000\000\000\000\000\000\000\000\000\000\000\000\000\000\000\000\000\000\000\000\000\000\000\000\000\000\000\000\000\000""; nodePubKey: ""\002\225aM\037\203M\271C\224]$\245\215\334\264;{{\365%Z\2443U\201\242\320iUc\207\367""; closeTime: 803842830; signature: ""0E\002!\000\277\354\205\213I\277\005m\324D\222#z\025\014\021y\n\303\000\t\332|v\341c\240\255FE\0353\002 G\327\305$\375O\t\320\030\n\322;\030\225\225\356\2429`\017,(N\016Gy\245\264\375\265\223\274""; previousledger: ""\027U|0.\0360\370\215\036\314\206\346\317zDP\223\241\204\277V\351i\247$\323\007\211CW\252""; ","proposeSeq: 1; currentTxHash: ""\000\000\000\000\000\000\000\000\000\000\000\000\000\000\000\000\000\000\000\000\000\000\000\000\000\000\000\000\000\000\000\000""; nodePubKey: ""\002\225aM\037\203M\271C\224]$\245\215\334\264;{{\365%Z\2443U\201\242\320iUc\207\367""; closeTime: 803842830; signature: ""0E\002!\000\277\354\205\213I\277\005m\324D\222#z\025\014\021y\n\303\000\t\332|v\341c\240\255FE\0353\002 G\327\305$\375O\t\320\030\n\322;\030\225\225\356\2429`\017,(N\016Gy\245\264\375\265\223\274""; previousledger: ""\027U|0.\0360\370\215\036\314\206\346\317zDP\223\241\204\277V\351i\247$\323\007\211CW\252""; "
1750527642580,1750527642580,0,1,2,0,TMEndpoints,version: 2; ,version: 2; 
1750527642581,1750527642581,0,1,2,3,TMEndpoints,version: 2; ,version: 2; 
1750527642581,1750527642581,0,1,2,1,TMEndpoints,version: 2; ,version: 2; 
1750527642581,1750527642581,0,1,2,4,TMEndpoints,version: 2; ,version: 2; 
1750527642615,1750527642615,0,1,4,1,TMStatusChange,"newEvent: neACCEPTED_LEDGER; ledgerSeq: 34; ledgerHash: ""\335\377\321\353\327\331\302\023\347y\016\263\271\317\306\017UV\314qu?\0064A\315{3D\010\016S""; ledgerHashPrevious: ""w^\203\302\311\316I7\371tTwp}\005|\372\214\251{R`\230V\244-\326I\351\255\325i""; networkTime: 803842842; firstSeq: 1; lastSeq: 33; ","newEvent: neACCEPTED_LEDGER; ledgerSeq: 34; ledgerHash: ""\335\377\321\353\327\331\302\023\347y\016\263\271\317\306\017UV\314qu?\0064A\315{3D\010\016S""; ledgerHashPrevious: ""w^\203\302\311\316I7\371tTwp}\005|\372\214\251{R`\230V\244-\326I\351\255\325i""; networkTime: 803842842; firstSeq: 1; lastSeq: 33; "
1750527642616,1750527642616,0,1,4,3,TMStatusChange,"newEvent: neACCEPTED_LEDGER; ledgerSeq: 34; ledgerHash: ""\335\377\321\353\327\331\302\023\347y\016\263\271\317\306\017UV\314qu?\0064A\315{3D\010\016S""; ledgerHashPrevious: ""w^\203\302\311\316I7\371tTwp}\005|\372\214\251{R`\230V\244-\326I\351\255\325i""; networkTime: 803842842; firstSeq: 1; lastSeq: 33; ","newEvent: neACCEPTED_LEDGER; ledgerSeq: 34; ledgerHash: ""\335\377\321\353\327\331\302\023\347y\016\263\271\317\306\017UV\314qu?\0064A\315{3D\010\016S""; ledgerHashPrevious: ""w^\203\302\311\316I7\371tTwp}\005|\372\214\251{R`\230V\244-\326I\351\255\325i""; networkTime: 803842842; firstSeq: 1; lastSeq: 33; "
1750527642616,1750527642616,0,1,4,0,TMStatusChange,"newEvent: neACCEPTED_LEDGER; ledgerSeq: 34; ledgerHash: ""\335\377\321\353\327\331\302\023\347y\016\263\271\317\306\017UV\314qu?\0064A\315{3D\010\016S""; ledgerHashPrevious: ""w^\203\302\311\316I7\371tTwp}\005|\372\214\251{R`\230V\244-\326I\351\255\325i""; networkTime: 803842842; firstSeq: 1; lastSeq: 33; ","newEvent: neACCEPTED_LEDGER; ledgerSeq: 34; ledgerHash: ""\335\377\321\353\327\331\302\023\347y\016\263\271\317\306\017UV\314qu?\0064A\315{3D\010\016S""; ledgerHashPrevious: ""w^\203\302\311\316I7\371tTwp}\005|\372\214\251{R`\230V\244-\326I\351\255\325i""; networkTime: 803842842; firstSeq: 1; lastSeq: 33; "
1750527642616,1750527642616,0,1,4,2,TMStatusChange,"newEvent: neACCEPTED_LEDGER; ledgerSeq: 34; ledgerHash: ""\335\377\321\353\327\331\302\023\347y\016\263\271\317\306\017UV\314qu?\0064A\315{3D\010\016S""; ledgerHashPrevious: ""w^\203\302\311\316I7\371tTwp}\005|\372\214\251{R`\230V\244-\326I\351\255\325i""; networkTime: 803842842; firstSeq: 1; lastSeq: 33; ","newEvent: neACCEPTED_LEDGER; ledgerSeq: 34; ledgerHash: ""\335\377\321\353\327\331\302\023\347y\016\263\271\317\306\017UV\314qu?\0064A\315{3D\010\016S""; ledgerHashPrevious: ""w^\203\302\311\316I7\371tTwp}\005|\372\214\251{R`\230V\244-\326I\351\255\325i""; networkTime: 803842842; firstSeq: 1; lastSeq: 33; "
1750527642629,1750527642629,0,1,2,4,TMProposeSet,"proposeSeq: 1; currentTxHash: ""\000\000\000\000\000\000\000\000\000\000\000\000\000\000\000\000\000\000\000\000\000\000\000\000\000\000\000\000\000\000\000\000""; nodePubKey: ""\003\255\225A\213\332\224ehh\024BDq\224\250\335`\355\353{\357\266\335<\021\032\265\177\206\356&\215""; closeTime: 803842830; signature: ""0D\002 \031GE\253\006n\240\357\301q\\256(j\244\216JoG(\376k\212\264\305\022\310\2237\221\025\337\002 m\366\037""_pX\274\313\276\025\276\003\240\212\354\3644\313{\312\215\254\206k\271\340\301\364\322@\323""; previousledger: ""\351\200D\025\027\211\2170\311\\000\341\377\025\233{\306$7\251\215K\253\377\343=J\317\247\206A6""; ","proposeSeq: 1; currentTxHash: ""\000\000\000\000\000\000\000\000\000\000\000\000\000\000\000\000\000\000\000\000\000\000\000\000\000\000\000\000\000\000\000\000""; nodePubKey: ""\003\255\225A\213\332\224ehh\024BDq\224\250\335`\355\353{\357\266\335<\021\032\265\177\206\356&\215""; closeTime: 803842830; signature: ""0D\002 \031GE\253\006n\240\357\301q\\256(j\244\216JoG(\376k\212\264\305\022\310\2237\221\025\337\002 m\366\037""_pX\274\313\276\025\276\003\240\212\354\3644\313{\312\215\254\206k\271\340\301\364\322@\323""; previousledger: ""\351\200D\025\027\211\2170\311\\000\341\377\025\233{\306$7\251\215K\253\377\343=J\317\247\206A6""; "
1750527642629,1750527642629,0,1,2,0,TMProposeSet,"proposeSeq: 1; currentTxHash: ""\000\000\000\000\000\000\000\000\000\000\000\000\000\000\000\000\000\000\000\000\000\000\000\000\000\000\000\000\000\000\000\000""; nodePubKey: ""\003\255\225A\213\332\224ehh\024BDq\224\250\335`\355\353{\357\266\335<\021\032\265\177\206\356&\215""; closeTime: 803842830; signature: ""0D\002 \031GE\253\006n\240\357\301q\\256(j\244\216JoG(\376k\212\264\305\022\310\2237\221\025\337\002 m\366\037""_pX\274\313\276\025\276\003\240\212\354\3644\313{\312\215\254\206k\271\340\301\364\322@\323""; previousledger: ""\351\200D\025\027\211\2170\311\\000\341\377\025\233{\306$7\251\215K\253\377\343=J\317\247\206A6""; ","proposeSeq: 1; currentTxHash: ""\000\000\000\000\000\000\000\000\000\000\000\000\000\000\000\000\000\000\000\000\000\000\000\000\000\000\000\000\000\000\000\000""; nodePubKey: ""\003\255\225A\213\332\224ehh\024BDq\224\250\335`\355\353{\357\266\335<\021\032\265\177\206\356&\215""; closeTime: 803842830; signature: ""0D\002 \031GE\253\006n\240\357\301q\\256(j\244\216JoG(\376k\212\264\305\022\310\2237\221\025\337\002 m\366\037""_pX\274\313\276\025\276\003\240\212\354\3644\313{\312\215\254\206k\271\340\301\364\322@\323""; previousledger: ""\351\200D\025\027\211\2170\311\\000\341\377\025\233{\306$7\251\215K\253\377\343=J\317\247\206A6""; "
1750527642630,1750527642630,0,1,2,1,TMProposeSet,"proposeSeq: 1; currentTxHash: ""\000\000\000\000\000\000\000\000\000\000\000\000\000\000\000\000\000\000\000\000\000\000\000\000\000\000\000\000\000\000\000\000""; nodePubKey: ""\003\255\225A\213\332\224ehh\024BDq\224\250\335`\355\353{\357\266\335<\021\032\265\177\206\356&\215""; closeTime: 803842830; signature: ""0D\002 \031GE\253\006n\240\357\301q\\256(j\244\216JoG(\376k\212\264\305\022\310\2237\221\025\337\002 m\366\037""_pX\274\313\276\025\276\003\240\212\354\3644\313{\312\215\254\206k\271\340\301\364\322@\323""; previousledger: ""\351\200D\025\027\211\2170\311\\000\341\377\025\233{\306$7\251\215K\253\377\343=J\317\247\206A6""; ","proposeSeq: 1; currentTxHash: ""\000\000\000\000\000\000\000\000\000\000\000\000\000\000\000\000\000\000\000\000\000\000\000\000\000\000\000\000\000\000\000\000""; nodePubKey: ""\003\255\225A\213\332\224ehh\024BDq\224\250\335`\355\353{\357\266\335<\021\032\265\177\206\356&\215""; closeTime: 803842830; signature: ""0D\002 \031GE\253\006n\240\357\301q\\256(j\244\216JoG(\376k\212\264\305\022\310\2237\221\025\337\002 m\366\037""_pX\274\313\276\025\276\003\240\212\354\3644\313{\312\215\254\206k\271\340\301\364\322@\323""; previousledger: ""\351\200D\025\027\211\2170\311\\000\341\377\025\233{\306$7\251\215K\253\377\343=J\317\247\206A6""; "
1750527642630,1750527642630,0,1,2,3,TMProposeSet,"proposeSeq: 1; currentTxHash: ""\000\000\000\000\000\000\000\000\000\000\000\000\000\000\000\000\000\000\000\000\000\000\000\000\000\000\000\000\000\000\000\000""; nodePubKey: ""\003\255\225A\213\332\224ehh\024BDq\224\250\335`\355\353{\357\266\335<\021\032\265\177\206\356&\215""; closeTime: 803842830; signature: ""0D\002 \031GE\253\006n\240\357\301q\\256(j\244\216JoG(\376k\212\264\305\022\310\2237\221\025\337\002 m\366\037""_pX\274\313\276\025\276\003\240\212\354\3644\313{\312\215\254\206k\271\340\301\364\322@\323""; previousledger: ""\351\200D\025\027\211\2170\311\\000\341\377\025\233{\306$7\251\215K\253\377\343=J\317\247\206A6""; ","proposeSeq: 1; currentTxHash: ""\000\000\000\000\000\000\000\000\000\000\000\000\000\000\000\000\000\000\000\000\000\000\000\000\000\000\000\000\000\000\000\000""; nodePubKey: ""\003\255\225A\213\332\224ehh\024BDq\224\250\335`\355\353{\357\266\335<\021\032\265\177\206\356&\215""; closeTime: 803842830; signature: ""0D\002 \031GE\253\006n\240\357\301q\\256(j\244\216JoG(\376k\212\264\305\022\310\2237\221\025\337\002 m\366\037""_pX\274\313\276\025\276\003\240\212\354\3644\313{\312\215\254\206k\271\340\301\364\322@\323""; previousledger: ""\351\200D\025\027\211\2170\311\\000\341\377\025\233{\306$7\251\215K\253\377\343=J\317\247\206A6""; "
1750527642631,1750527642631,0,1,4,2,TMValidation,"validation: """"\200\000\000\001&\000\000\000"")/\351\253\032:\r\302\353\023?\373\240rQ\335\377\321\353\327\331\302\023\347y\016\263\271\317\306\017UV\314qu?\0064A\315{3D\010\016SP\027\000\000\000\000\000\000\000\000\000\000\000\000\000\000\000\000\000\000\000\000\000\000\000\000\000\000\000\000\000\000\000\000P\031w^\203\302\311\316I7\371tTwp}\005|\372\214\251{R`\230V\244-\326I\351\255\325is!\003R7o\362bV\300hf\266\241;}\200^\374\240\203[:\342Q\225\221\027y\372\255\235\216\323~vF0D\002!\000\300'Z""(\201\320\367\022r\324\006\324\375\261\205Pv\265\252MY^\315#\034@&'\204\230\367\002\0379\235\n\267\376u@t\203\347\324\273\217\034\231\363\032V\242\320\254\352\241S41\223\320\274m\237""; ","validation: """"\200\000\000\001&\000\000\000"")/\351\253\032:\r\302\353\023?\373\240rQ\335\377\321\353\327\331\302\023\347y\016\263\271\317\306\017UV\314qu?\0064A\315{3D\010\016SP\027\000\000\000\000\000\000\000\000\000\000\000\000\000\000\000\000\000\000\000\000\000\000\000\000\000\000\000\000\000\000\000\000P\031w^\203\302\311\316I7\371tTwp}\005|\372\214\251{R`\230V\244-\326I\351\255\325is!\003R7o\362bV\300hf\266\241;}\200^\374\240\203[:\342Q\225\221\027y\372\255\235\216\323~vF0D\002!\000\300'Z""(\201\320\367\022r\324\006\324\375\261\205Pv\265\252MY^\315#\034@&'\204\230\367\002\0379\235\n\267\376u@t\203\347\324\273\217\034\231\363\032V\242\320\254\352\241S41\223\320\274m\237""; "
1750527642633,1750527642633,0,1,2,3,TMValidation,"validation: """"\200\000\000\001&\000\000\000"")/\351\253\032:\r\302\353\023?\373\240rQ\335\377\321\353\327\331\302\023\347y\016\263\271\317\306\017UV\314qu?\0064A\315{3D\010\016SP\027\000\000\000\000\000\000\000\000\000\000\000\000\000\000\000\000\000\000\000\000\000\000\000\000\000\000\000\000\000\000\000\000P\031w^\203\302\311\316I7\371tTwp}\005|\372\214\251{R`\230V\244-\326I\351\255\325is!\003R7o\362bV\300hf\266\241;}\200^\374\240\203[:\342Q\225\221\027y\372\255\235\216\323~vF0D\002!\000\300'Z""(\201\320\367\022r\324\006\324\375\261\205Pv\265\252MY^\315#\034@&'\204\230\367\002\0379\235\n\267\376u@t\203\347\324\273\217\034\231\363\032V\242\320\254\352\241S41\223\320\274m\237""; ","validation: """"\200\000\000\001&\000\000\000"")/\351\253\032:\r\302\353\023?\373\240rQ\335\377\321\353\327\331\302\023\347y\016\263\271\317\306\017UV\314qu?\0064A\315{3D\010\016SP\027\000\000\000\000\000\000\000\000\000\000\000\000\000\000\000\000\000\000\000\000\000\000\000\000\000\000\000\000\000\000\000\000P\031w^\203\302\311\316I7\371tTwp}\005|\372\214\251{R`\230V\244-\326I\351\255\325is!\003R7o\362bV\300hf\266\241;}\200^\374\240\203[:\342Q\225\221\027y\372\255\235\216\323~vF0D\002!\000\300'Z""(\201\320\367\022r\324\006\324\375\261\205Pv\265\252MY^\315#\034@&'\204\230\367\002\0379\235\n\267\376u@t\203\347\324\273\217\034\231\363\032V\242\320\254\352\241S41\223\320\274m\237""; "
1750527642633,1750527642633,0,1,2,0,TMValidation,"validation: """"\200\000\000\001&\000\000\000"")/\351\253\032:\r\302\353\023?\373\240rQ\335\377\321\353\327\331\302\023\347y\016\263\271\317\306\017UV\314qu?\0064A\315{3D\010\016SP\027\000\000\000\000\000\000\000\000\000\000\000\000\000\000\000\000\000\000\000\000\000\000\000\000\000\000\000\000\000\000\000\000P\031w^\203\302\311\316I7\371tTwp}\005|\372\214\251{R`\230V\244-\326I\351\255\325is!\003R7o\362bV\300hf\266\241;}\200^\374\240\203[:\342Q\225\221\027y\372\255\235\216\323~vF0D\002!\000\300'Z""(\201\320\367\022r\324\006\324\375\261\205Pv\265\252MY^\315#\034@&'\204\230\367\002\0379\235\n\267\376u@t\203\347\324\273\217\034\231\363\032V\242\320\254\352\241S41\223\320\274m\237""; ","validation: """"\200\000\000\001&\000\000\000"")/\351\253\032:\r\302\353\023?\373\240rQ\335\377\321\353\327\331\302\023\347y\016\263\271\317\306\017UV\314qu?\0064A\315{3D\010\016SP\027\000\000\000\000\000\000\000\000\000\000\000\000\000\000\000\000\000\000\000\000\000\000\000\000\000\000\000\000\000\000\000\000P\031w^\203\302\311\316I7\371tTwp}\005|\372\214\251{R`\230V\244-\326I\351\255\325is!\003R7o\362bV\300hf\266\241;}\200^\374\240\203[:\342Q\225\221\027y\372\255\235\216\323~vF0D\002!\000\300'Z""(\201\320\367\022r\324\006\324\375\261\205Pv\265\252MY^\315#\034@&'\204\230\367\002\0379\235\n\267\376u@t\203\347\324\273\217\034\231\363\032V\242\320\254\352\241S41\223\320\274m\237""; "
1750527642634,1750527642634,0,1,2,1,TMValidation,"validation: """"\200\000\000\001&\000\000\000"")/\351\253\032:\r\302\353\023?\373\240rQ\335\377\321\353\327\331\302\023\347y\016\263\271\317\306\017UV\314qu?\0064A\315{3D\010\016SP\027\000\000\000\000\000\000\000\000\000\000\000\000\000\000\000\000\000\000\000\000\000\000\000\000\000\000\000\000\000\000\000\000P\031w^\203\302\311\316I7\371tTwp}\005|\372\214\251{R`\230V\244-\326I\351\255\325is!\003R7o\362bV\300hf\266\241;}\200^\374\240\203[:\342Q\225\221\027y\372\255\235\216\323~vF0D\002!\000\300'Z""(\201\320\367\022r\324\006\324\375\261\205Pv\265\252MY^\315#\034@&'\204\230\367\002\0379\235\n\267\376u@t\203\347\324\273\217\034\231\363\032V\242\320\254\352\241S41\223\320\274m\237""; ","validation: """"\200\000\000\001&\000\000\000"")/\351\253\032:\r\302\353\023?\373\240rQ\335\377\321\353\327\331\302\023\347y\016\263\271\317\306\017UV\314qu?\0064A\315{3D\010\016SP\027\000\000\000\000\000\000\000\000\000\000\000\000\000\000\000\000\000\000\000\000\000\000\000\000\000\000\000\000\000\000\000\000P\031w^\203\302\311\316I7\371tTwp}\005|\372\214\251{R`\230V\244-\326I\351\255\325is!\003R7o\362bV\300hf\266\241;}\200^\374\240\203[:\342Q\225\221\027y\372\255\235\216\323~vF0D\002!\000\300'Z""(\201\320\367\022r\324\006\324\375\261\205Pv\265\252MY^\315#\034@&'\204\230\367\002\0379\235\n\267\376u@t\203\347\324\273\217\034\231\363\032V\242\320\254\352\241S41\223\320\274m\237""; "
1750527642635,1750527642635,0,1,3,1,TMValidation,"validation: """"\200\000\000\001&\000\000\000"")/\351\253\032:\r\302\353\023?\373\240rQ\335\377\321\353\327\331\302\023\347y\016\263\271\317\306\017UV\314qu?\0064A\315{3D\010\016SP\027\000\000\000\000\000\000\000\000\000\000\000\000\000\000\000\000\000\000\000\000\000\000\000\000\000\000\000\000\000\000\000\000P\031w^\203\302\311\316I7\371tTwp}\005|\372\214\251{R`\230V\244-\326I\351\255\325is!\003R7o\362bV\300hf\266\241;}\200^\374\240\203[:\342Q\225\221\027y\372\255\235\216\323~vF0D\002!\000\300'Z""(\201\320\367\022r\324\006\324\375\261\205Pv\265\252MY^\315#\034@&'\204\230\367\002\0379\235\n\267\376u@t\203\347\324\273\217\034\231\363\032V\242\320\254\352\241S41\223\320\274m\237""; ","validation: """"\200\000\000\001&\000\000\000"")/\351\253\032:\r\302\353\023?\373\240rQ\335\377\321\353\327\331\302\023\347y\016\263\271\317\306\017UV\314qu?\0064A\315{3D\010\016SP\027\000\000\000\000\000\000\000\000\000\000\000\000\000\000\000\000\000\000\000\000\000\000\000\000\000\000\000\000\000\000\000\000P\031w^\203\302\311\316I7\371tTwp}\005|\372\214\251{R`\230V\244-\326I\351\255\325is!\003R7o\362bV\300hf\266\241;}\200^\374\240\203[:\342Q\225\221\027y\372\255\235\216\323~vF0D\002!\000\300'Z""(\201\320\367\022r\324\006\324\375\261\205Pv\265\252MY^\315#\034@&'\204\230\367\002\0379\235\n\267\376u@t\203\347\324\273\217\034\231\363\032V\242\320\254\352\241S41\223\320\274m\237""; "
1750527642635,1750527642635,0,1,3,4,TMValidation,"validation: """"\200\000\000\001&\000\000\000"")/\351\253\032:\r\302\353\023?\373\240rQ\335\377\321\353\327\331\302\023\347y\016\263\271\317\306\017UV\314qu?\0064A\315{3D\010\016SP\027\000\000\000\000\000\000\000\000\000\000\000\000\000\000\000\000\000\000\000\000\000\000\000\000\000\000\000\000\000\000\000\000P\031w^\203\302\311\316I7\371tTwp}\005|\372\214\251{R`\230V\244-\326I\351\255\325is!\003R7o\362bV\300hf\266\241;}\200^\374\240\203[:\342Q\225\221\027y\372\255\235\216\323~vF0D\002!\000\300'Z""(\201\320\367\022r\324\006\324\375\261\205Pv\265\252MY^\315#\034@&'\204\230\367\002\0379\235\n\267\376u@t\203\347\324\273\217\034\231\363\032V\242\320\254\352\241S41\223\320\274m\237""; ","validation: """"\200\000\000\001&\000\000\000"")/\351\253\032:\r\302\353\023?\373\240rQ\335\377\321\353\327\331\302\023\347y\016\263\271\317\306\017UV\314qu?\0064A\315{3D\010\016SP\027\000\000\000\000\000\000\000\000\000\000\000\000\000\000\000\000\000\000\000\000\000\000\000\000\000\000\000\000\000\000\000\000P\031w^\203\302\311\316I7\371tTwp}\005|\372\214\251{R`\230V\244-\326I\351\255\325is!\003R7o\362bV\300hf\266\241;}\200^\374\240\203[:\342Q\225\221\027y\372\255\235\216\323~vF0D\002!\000\300'Z""(\201\320\367\022r\324\006\324\375\261\205Pv\265\252MY^\315#\034@&'\204\230\367\002\0379\235\n\267\376u@t\203\347\324\273\217\034\231\363\032V\242\320\254\352\241S41\223\320\274m\237""; "
1750527642636,1750527642636,0,1,3,0,TMValidation,"validation: """"\200\000\000\001&\000\000\000"")/\351\253\032:\r\302\353\023?\373\240rQ\335\377\321\353\327\331\302\023\347y\016\263\271\317\306\017UV\314qu?\0064A\315{3D\010\016SP\027\000\000\000\000\000\000\000\000\000\000\000\000\000\000\000\000\000\000\000\000\000\000\000\000\000\000\000\000\000\000\000\000P\031w^\203\302\311\316I7\371tTwp}\005|\372\214\251{R`\230V\244-\326I\351\255\325is!\003R7o\362bV\300hf\266\241;}\200^\374\240\203[:\342Q\225\221\027y\372\255\235\216\323~vF0D\002!\000\300'Z""(\201\320\367\022r\324\006\324\375\261\205Pv\265\252MY^\315#\034@&'\204\230\367\002\0379\235\n\267\376u@t\203\347\324\273\217\034\231\363\032V\242\320\254\352\241S41\223\320\274m\237""; ","validation: """"\200\000\000\001&\000\000\000"")/\351\253\032:\r\302\353\023?\373\240rQ\335\377\321\353\327\331\302\023\347y\016\263\271\317\306\017UV\314qu?\0064A\315{3D\010\016SP\027\000\000\000\000\000\000\000\000\000\000\000\000\000\000\000\000\000\000\000\000\000\000\000\000\000\000\000\000\000\000\000\000P\031w^\203\302\311\316I7\371tTwp}\005|\372\214\251{R`\230V\244-\326I\351\255\325is!\003R7o\362bV\300hf\266\241;}\200^\374\240\203[:\342Q\225\221\027y\372\255\235\216\323~vF0D\002!\000\300'Z""(\201\320\367\022r\324\006\324\375\261\205Pv\265\252MY^\315#\034@&'\204\230\367\002\0379\235\n\267\376u@t\203\347\324\273\217\034\231\363\032V\242\320\254\352\241S41\223\320\274m\237""; "
1750527642637,1750527642637,0,1,0,4,TMValidation,"validation: """"\200\000\000\001&\000\000\000"")/\351\253\032:\r\302\353\023?\373\240rQ\335\377\321\353\327\331\302\023\347y\016\263\271\317\306\017UV\314qu?\0064A\315{3D\010\016SP\027\000\000\000\000\000\000\000\000\000\000\000\000\000\000\000\000\000\000\000\000\000\000\000\000\000\000\000\000\000\000\000\000P\031w^\203\302\311\316I7\371tTwp}\005|\372\214\251{R`\230V\244-\326I\351\255\325is!\003R7o\362bV\300hf\266\241;}\200^\374\240\203[:\342Q\225\221\027y\372\255\235\216\323~vF0D\002!\000\300'Z""(\201\320\367\022r\324\006\324\375\261\205Pv\265\252MY^\315#\034@&'\204\230\367\002\0379\235\n\267\376u@t\203\347\324\273\217\034\231\363\032V\242\320\254\352\241S41\223\320\274m\237""; ","validation: """"\200\000\000\001&\000\000\000"")/\351\253\032:\r\302\353\023?\373\240rQ\335\377\321\353\327\331\302\023\347y\016\263\271\317\306\017UV\314qu?\0064A\315{3D\010\016SP\027\000\000\000\000\000\000\000\000\000\000\000\000\000\000\000\000\000\000\000\000\000\000\000\000\000\000\000\000\000\000\000\000P\031w^\203\302\311\316I7\371tTwp}\005|\372\214\251{R`\230V\244-\326I\351\255\325is!\003R7o\362bV\300hf\266\241;}\200^\374\240\203[:\342Q\225\221\027y\372\255\235\216\323~vF0D\002!\000\300'Z""(\201\320\367\022r\324\006\324\375\261\205Pv\265\252MY^\315#\034@&'\204\230\367\002\0379\235\n\267\376u@t\203\347\324\273\217\034\231\363\032V\242\320\254\352\241S41\223\320\274m\237""; "
1750527642637,1750527642638,0,1,0,1,TMValidation,"validation: """"\200\000\000\001&\000\000\000"")/\351\253\032:\r\302\353\023?\373\240rQ\335\377\321\353\327\331\302\023\347y\016\263\271\317\306\017UV\314qu?\0064A\315{3D\010\016SP\027\000\000\000\000\000\000\000\000\000\000\000\000\000\000\000\000\000\000\000\000\000\000\000\000\000\000\000\000\000\000\000\000P\031w^\203\302\311\316I7\371tTwp}\005|\372\214\251{R`\230V\244-\326I\351\255\325is!\003R7o\362bV\300hf\266\241;}\200^\374\240\203[:\342Q\225\221\027y\372\255\235\216\323~vF0D\002!\000\300'Z""(\201\320\367\022r\324\006\324\375\261\205Pv\265\252MY^\315#\034@&'\204\230\367\002\0379\235\n\267\376u@t\203\347\324\273\217\034\231\363\032V\242\320\254\352\241S41\223\320\274m\237""; ","validation: """"\200\000\000\001&\000\000\000"")/\351\253\032:\r\302\353\023?\373\240rQ\335\377\321\353\327\331\302\023\347y\016\263\271\317\306\017UV\314qu?\0064A\315{3D\010\016SP\027\000\000\000\000\000\000\000\000\000\000\000\000\000\000\000\000\000\000\000\000\000\000\000\000\000\000\000\000\000\000\000\000P\031w^\203\302\311\316I7\371tTwp}\005|\372\214\251{R`\230V\244-\326I\351\255\325is!\003R7o\362bV\300hf\266\241;}\200^\374\240\203[:\342Q\225\221\027y\372\255\235\216\323~vF0D\002!\000\300'Z""(\201\320\367\022r\324\006\324\375\261\205Pv\265\252MY^\315#\034@&'\204\230\367\002\0379\235\n\267\376u@t\203\347\324\273\217\034\231\363\032V\242\320\254\352\241S41\223\320\274m\237""; "
1750527642638,1750527642638,0,1,1,4,TMValidation,"validation: """"\200\000\000\001&\000\000\000"")/\351\253\032:\r\302\353\023?\373\240rQ\335\377\321\353\327\331\302\023\347y\016\263\271\317\306\017UV\314qu?\0064A\315{3D\010\016SP\027\000\000\000\000\000\000\000\000\000\000\000\000\000\000\000\000\000\000\000\000\000\000\000\000\000\000\000\000\000\000\000\000P\031w^\203\302\311\316I7\371tTwp}\005|\372\214\251{R`\230V\244-\326I\351\255\325is!\003R7o\362bV\300hf\266\241;}\200^\374\240\203[:\342Q\225\221\027y\372\255\235\216\323~vF0D\002!\000\300'Z""(\201\320\367\022r\324\006\324\375\261\205Pv\265\252MY^\315#\034@&'\204\230\367\002\0379\235\n\267\376u@t\203\347\324\273\217\034\231\363\032V\242\320\254\352\241S41\223\320\274m\237""; ","validation: """"\200\000\000\001&\000\000\000"")/\351\253\032:\r\302\353\023?\373\240rQ\335\377\321\353\327\331\302\023\347y\016\263\271\317\306\017UV\314qu?\0064A\315{3D\010\016SP\027\000\000\000\000\000\000\000\000\000\000\000\000\000\000\000\000\000\000\000\000\000\000\000\000\000\000\000\000\000\000\000\000P\031w^\203\302\311\316I7\371tTwp}\005|\372\214\251{R`\230V\244-\326I\351\255\325is!\003R7o\362bV\300hf\266\241;}\200^\374\240\203[:\342Q\225\221\027y\372\255\235\216\323~vF0D\002!\000\300'Z""(\201\320\367\022r\324\006\324\375\261\205Pv\265\252MY^\315#\034@&'\204\230\367\002\0379\235\n\267\376u@t\203\347\324\273\217\034\231\363\032V\242\320\254\352\241S41\223\320\274m\237""; "
1750527642638,1750527642638,0,1,0,3,TMValidation,"validation: """"\200\000\000\001&\000\000\000"")/\351\253\032:\r\302\353\023?\373\240rQ\335\377\321\353\327\331\302\023\347y\016\263\271\317\306\017UV\314qu?\0064A\315{3D\010\016SP\027\000\000\000\000\000\000\000\000\000\000\000\000\000\000\000\000\000\000\000\000\000\000\000\000\000\000\000\000\000\000\000\000P\031w^\203\302\311\316I7\371tTwp}\005|\372\214\251{R`\230V\244-\326I\351\255\325is!\003R7o\362bV\300hf\266\241;}\200^\374\240\203[:\342Q\225\221\027y\372\255\235\216\323~vF0D\002!\000\300'Z""(\201\320\367\022r\324\006\324\375\261\205Pv\265\252MY^\315#\034@&'\204\230\367\002\0379\235\n\267\376u@t\203\347\324\273\217\034\231\363\032V\242\320\254\352\241S41\223\320\274m\237""; ","validation: """"\200\000\000\001&\000\000\000"")/\351\253\032:\r\302\353\023?\373\240rQ\335\377\321\353\327\331\302\023\347y\016\263\271\317\306\017UV\314qu?\0064A\315{3D\010\016SP\027\000\000\000\000\000\000\000\000\000\000\000\000\000\000\000\000\000\000\000\000\000\000\000\000\000\000\000\000\000\000\000\000P\031w^\203\302\311\316I7\371tTwp}\005|\372\214\251{R`\230V\244-\326I\351\255\325is!\003R7o\362bV\300hf\266\241;}\200^\374\240\203[:\342Q\225\221\027y\372\255\235\216\323~vF0D\002!\000\300'Z""(\201\320\367\022r\324\006\324\375\261\205Pv\265\252MY^\315#\034@&'\204\230\367\002\0379\235\n\267\376u@t\203\347\324\273\217\034\231\363\032V\242\320\254\352\241S41\223\320\274m\237""; "
1750527642639,1750527642639,0,1,1,0,TMValidation,"validation: """"\200\000\000\001&\000\000\000"")/\351\253\032:\r\302\353\023?\373\240rQ\335\377\321\353\327\331\302\023\347y\016\263\271\317\306\017UV\314qu?\0064A\315{3D\010\016SP\027\000\000\000\000\000\000\000\000\000\000\000\000\000\000\000\000\000\000\000\000\000\000\000\000\000\000\000\000\000\000\000\000P\031w^\203\302\311\316I7\371tTwp}\005|\372\214\251{R`\230V\244-\326I\351\255\325is!\003R7o\362bV\300hf\266\241;}\200^\374\240\203[:\342Q\225\221\027y\372\255\235\216\323~vF0D\002!\000\300'Z""(\201\320\367\022r\324\006\324\375\261\205Pv\265\252MY^\315#\034@&'\204\230\367\002\0379\235\n\267\376u@t\203\347\324\273\217\034\231\363\032V\242\320\254\352\241S41\223\320\274m\237""; ","validation: """"\200\000\000\001&\000\000\000"")/\351\253\032:\r\302\353\023?\373\240rQ\335\377\321\353\327\331\302\023\347y\016\263\271\317\306\017UV\314qu?\0064A\315{3D\010\016SP\027\000\000\000\000\000\000\000\000\000\000\000\000\000\000\000\000\000\000\000\000\000\000\000\000\000\000\000\000\000\000\000\000P\031w^\203\302\311\316I7\371tTwp}\005|\372\214\251{R`\230V\244-\326I\351\255\325is!\003R7o\362bV\300hf\266\241;}\200^\374\240\203[:\342Q\225\221\027y\372\255\235\216\323~vF0D\002!\000\300'Z""(\201\320\367\022r\324\006\324\375\261\205Pv\265\252MY^\315#\034@&'\204\230\367\002\0379\235\n\267\376u@t\203\347\324\273\217\034\231\363\032V\242\320\254\352\241S41\223\320\274m\237""; "
1750527642639,1750527642639,0,1,4,3,TMValidation,"validation: """"\200\000\000\001&\000\000\000"")/\351\253\032:\r\302\353\023?\373\240rQ\335\377\321\353\327\331\302\023\347y\016\263\271\317\306\017UV\314qu?\0064A\315{3D\010\016SP\027\000\000\000\000\000\000\000\000\000\000\000\000\000\000\000\000\000\000\000\000\000\000\000\000\000\000\000\000\000\000\000\000P\031w^\203\302\311\316I7\371tTwp}\005|\372\214\251{R`\230V\244-\326I\351\255\325is!\003R7o\362bV\300hf\266\241;}\200^\374\240\203[:\342Q\225\221\027y\372\255\235\216\323~vF0D\002!\000\300'Z""(\201\320\367\022r\324\006\324\375\261\205Pv\265\252MY^\315#\034@&'\204\230\367\002\0379\235\n\267\376u@t\203\347\324\273\217\034\231\363\032V\242\320\254\352\241S41\223\320\274m\237""; ","validation: """"\200\000\000\001&\000\000\000"")/\351\253\032:\r\302\353\023?\373\240rQ\335\377\321\353\327\331\302\023\347y\016\263\271\317\306\017UV\314qu?\0064A\315{3D\010\016SP\027\000\000\000\000\000\000\000\000\000\000\000\000\000\000\000\000\000\000\000\000\000\000\000\000\000\000\000\000\000\000\000\000P\031w^\203\302\311\316I7\371tTwp}\005|\372\214\251{R`\230V\244-\326I\351\255\325is!\003R7o\362bV\300hf\266\241;}\200^\374\240\203[:\342Q\225\221\027y\372\255\235\216\323~vF0D\002!\000\300'Z""(\201\320\367\022r\324\006\324\375\261\205Pv\265\252MY^\315#\034@&'\204\230\367\002\0379\235\n\267\376u@t\203\347\324\273\217\034\231\363\032V\242\320\254\352\241S41\223\320\274m\237""; "
1750527642639,1750527642639,0,1,1,3,TMValidation,"validation: """"\200\000\000\001&\000\000\000"")/\351\253\032:\r\302\353\023?\373\240rQ\335\377\321\353\327\331\302\023\347y\016\263\271\317\306\017UV\314qu?\0064A\315{3D\010\016SP\027\000\000\000\000\000\000\000\000\000\000\000\000\000\000\000\000\000\000\000\000\000\000\000\000\000\000\000\000\000\000\000\000P\031w^\203\302\311\316I7\371tTwp}\005|\372\214\251{R`\230V\244-\326I\351\255\325is!\003R7o\362bV\300hf\266\241;}\200^\374\240\203[:\342Q\225\221\027y\372\255\235\216\323~vF0D\002!\000\300'Z""(\201\320\367\022r\324\006\324\375\261\205Pv\265\252MY^\315#\034@&'\204\230\367\002\0379\235\n\267\376u@t\203\347\324\273\217\034\231\363\032V\242\320\254\352\241S41\223\320\274m\237""; ","validation: """"\200\000\000\001&\000\000\000"")/\351\253\032:\r\302\353\023?\373\240rQ\335\377\321\353\327\331\302\023\347y\016\263\271\317\306\017UV\314qu?\0064A\315{3D\010\016SP\027\000\000\000\000\000\000\000\000\000\000\000\000\000\000\000\000\000\000\000\000\000\000\000\000\000\000\000\000\000\000\000\000P\031w^\203\302\311\316I7\371tTwp}\005|\372\214\251{R`\230V\244-\326I\351\255\325is!\003R7o\362bV\300hf\266\241;}\200^\374\240\203[:\342Q\225\221\027y\372\255\235\216\323~vF0D\002!\000\300'Z""(\201\320\367\022r\324\006\324\375\261\205Pv\265\252MY^\315#\034@&'\204\230\367\002\0379\235\n\267\376u@t\203\347\324\273\217\034\231\363\032V\242\320\254\352\241S41\223\320\274m\237""; "
1750527642640,1750527642640,0,1,4,0,TMValidation,"validation: """"\200\000\000\001&\000\000\000"")/\351\253\032:\r\302\353\023?\373\240rQ\335\377\321\353\327\331\302\023\347y\016\263\271\317\306\017UV\314qu?\0064A\315{3D\010\016SP\027\000\000\000\000\000\000\000\000\000\000\000\000\000\000\000\000\000\000\000\000\000\000\000\000\000\000\000\000\000\000\000\000P\031w^\203\302\311\316I7\371tTwp}\005|\372\214\251{R`\230V\244-\326I\351\255\325is!\003R7o\362bV\300hf\266\241;}\200^\374\240\203[:\342Q\225\221\027y\372\255\235\216\323~vF0D\002!\000\300'Z""(\201\320\367\022r\324\006\324\375\261\205Pv\265\252MY^\315#\034@&'\204\230\367\002\0379\235\n\267\376u@t\203\347\324\273\217\034\231\363\032V\242\320\254\352\241S41\223\320\274m\237""; ","validation: """"\200\000\000\001&\000\000\000"")/\351\253\032:\r\302\353\023?\373\240rQ\335\377\321\353\327\331\302\023\347y\016\263\271\317\306\017UV\314qu?\0064A\315{3D\010\016SP\027\000\000\000\000\000\000\000\000\000\000\000\000\000\000\000\000\000\000\000\000\000\000\000\000\000\000\000\000\000\000\000\000P\031w^\203\302\311\316I7\371tTwp}\005|\372\214\251{R`\230V\244-\326I\351\255\325is!\003R7o\362bV\300hf\266\241;}\200^\374\240\203[:\342Q\225\221\027y\372\255\235\216\323~vF0D\002!\000\300'Z""(\201\320\367\022r\324\006\324\375\261\205Pv\265\252MY^\315#\034@&'\204\230\367\002\0379\235\n\267\376u@t\203\347\324\273\217\034\231\363\032V\242\320\254\352\241S41\223\320\274m\237""; "
1750527642641,1750527642641,0,1,4,1,TMValidation,"validation: """"\200\000\000\001&\000\000\000"")/\351\253\032:\r\302\353\023?\373\240rQ\335\377\321\353\327\331\302\023\347y\016\263\271\317\306\017UV\314qu?\0064A\315{3D\010\016SP\027\000\000\000\000\000\000\000\000\000\000\000\000\000\000\000\000\000\000\000\000\000\000\000\000\000\000\000\000\000\000\000\000P\031w^\203\302\311\316I7\371tTwp}\005|\372\214\251{R`\230V\244-\326I\351\255\325is!\003R7o\362bV\300hf\266\241;}\200^\374\240\203[:\342Q\225\221\027y\372\255\235\216\323~vF0D\002!\000\300'Z""(\201\320\367\022r\324\006\324\375\261\205Pv\265\252MY^\315#\034@&'\204\230\367\002\0379\235\n\267\376u@t\203\347\324\273\217\034\231\363\032V\242\320\254\352\241S41\223\320\274m\237""; ","validation: """"\200\000\000\001&\000\000\000"")/\351\253\032:\r\302\353\023?\373\240rQ\335\377\321\353\327\331\302\023\347y\016\263\271\317\306\017UV\314qu?\0064A\315{3D\010\016SP\027\000\000\000\000\000\000\000\000\000\000\000\000\000\000\000\000\000\000\000\000\000\000\000\000\000\000\000\000\000\000\000\000P\031w^\203\302\311\316I7\371tTwp}\005|\372\214\251{R`\230V\244-\326I\351\255\325is!\003R7o\362bV\300hf\266\241;}\200^\374\240\203[:\342Q\225\221\027y\372\255\235\216\323~vF0D\002!\000\300'Z""(\201\320\367\022r\324\006\324\375\261\205Pv\265\252MY^\315#\034@&'\204\230\367\002\0379\235\n\267\376u@t\203\347\324\273\217\034\231\363\032V\242\320\254\352\241S41\223\320\274m\237""; "
1750527643454,1750527643454,0,1,3,2,TMProposeSet,"proposeSeq: 0; currentTxHash: ""\000\000\000\000\000\000\000\000\000\000\000\000\000\000\000\000\000\000\000\000\000\000\000\000\000\000\000\000\000\000\000\000""; nodePubKey: ""\002\364d\217\366\217|\316F\232\231\241\n\261\333`\312O\367\235\025DD\336e\367\n\312\326\221\037\025\230""; closeTime: 803842843; signature: ""0E\002!\000\343-\360,\302\212\231J\020\035\014\303x}D\377\r\337\016y\007\022\300\335&:;\201\301\340U\312\002 \025M6T \365d\220\r\337OGK#9\341\377\374\3224\333\275\235\326\311\206\344\324\247\230\374&""; previousledger: ""\335\377\321\353\327\331\302\023\347y\016\263\271\317\306\017UV\314qu?\0064A\315{3D\010\016S""; ","proposeSeq: 0; currentTxHash: ""\000\000\000\000\000\000\000\000\000\000\000\000\000\000\000\000\000\000\000\000\000\000\000\000\000\000\000\000\000\000\000\000""; nodePubKey: ""\002\364d\217\366\217|\316F\232\231\241\n\261\333`\312O\367\235\025DD\336e\367\n\312\326\221\037\025\230""; closeTime: 803842843; signature: ""0E\002!\000\343-\360,\302\212\231J\020\035\014\303x}D\377\r\337\016y\007\022\300\335&:;\201\301\340U\312\002 \025M6T \365d\220\r\337OGK#9\341\377\374\3224\333\275\235\326\311\206\344\324\247\230\374&""; previousledger: ""\335\377\321\353\327\331\302\023\347y\016\263\271\317\306\017UV\314qu?\0064A\315{3D\010\016S""; "
1750527643494,1750527643494,0,1,3,1,TMProposeSet,"proposeSeq: 0; currentTxHash: ""\000\000\000\000\000\000\000\000\000\000\000\000\000\000\000\000\000\000\000\000\000\000\000\000\000\000\000\000\000\000\000\000""; nodePubKey: ""\002\364d\217\366\217|\316F\232\231\241\n\261\333`\312O\367\235\025DD\336e\367\n\312\326\221\037\025\230""; closeTime: 803842843; signature: ""0E\002!\000\343-\360,\302\212\231J\020\035\014\303x}D\377\r\337\016y\007\022\300\335&:;\201\301\340U\312\002 \025M6T \365d\220\r\337OGK#9\341\377\374\3224\333\275\235\326\311\206\344\324\247\230\374&""; previousledger: ""\335\377\321\353\327\331\302\023\347y\016\263\271\317\306\017UV\314qu?\0064A\315{3D\010\016S""; ","proposeSeq: 0; currentTxHash: ""\000\000\000\000\000\000\000\000\000\000\000\000\000\000\000\000\000\000\000\000\000\000\000\000\000\000\000\000\000\000\000\000""; nodePubKey: ""\002\364d\217\366\217|\316F\232\231\241\n\261\333`\312O\367\235\025DD\336e\367\n\312\326\221\037\025\230""; closeTime: 803842843; signature: ""0E\002!\000\343-\360,\302\212\231J\020\035\014\303x}D\377\r\337\016y\007\022\300\335&:;\201\301\340U\312\002 \025M6T \365d\220\r\337OGK#9\341\377\374\3224\333\275\235\326\311\206\344\324\247\230\374&""; previousledger: ""\335\377\321\353\327\331\302\023\347y\016\263\271\317\306\017UV\314qu?\0064A\315{3D\010\016S""; "
1750527643495,1750527643495,0,1,3,4,TMProposeSet,"proposeSeq: 0; currentTxHash: ""\000\000\000\000\000\000\000\000\000\000\000\000\000\000\000\000\000\000\000\000\000\000\000\000\000\000\000\000\000\000\000\000""; nodePubKey: ""\002\364d\217\366\217|\316F\232\231\241\n\261\333`\312O\367\235\025DD\336e\367\n\312\326\221\037\025\230""; closeTime: 803842843; signature: ""0E\002!\000\343-\360,\302\212\231J\020\035\014\303x}D\377\r\337\016y\007\022\300\335&:;\201\301\340U\312\002 \025M6T \365d\220\r\337OGK#9\341\377\374\3224\333\275\235\326\311\206\344\324\247\230\374&""; previousledger: ""\335\377\321\353\327\331\302\023\347y\016\263\271\317\306\017UV\314qu?\0064A\315{3D\010\016S""; ","proposeSeq: 0; currentTxHash: ""\000\000\000\000\000\000\000\000\000\000\000\000\000\000\000\000\000\000\000\000\000\000\000\000\000\000\000\000\000\000\000\000""; nodePubKey: ""\002\364d\217\366\217|\316F\232\231\241\n\261\333`\312O\367\235\025DD\336e\367\n\312\326\221\037\025\230""; closeTime: 803842843; signature: ""0E\002!\000\343-\360,\302\212\231J\020\035\014\303x}D\377\r\337\016y\007\022\300\335&:;\201\301\340U\312\002 \025M6T \365d\220\r\337OGK#9\341\377\374\3224\333\275\235\326\311\206\344\324\247\230\374&""; previousledger: ""\335\377\321\353\327\331\302\023\347y\016\263\271\317\306\017UV\314qu?\0064A\315{3D\010\016S""; "
1750527643495,1750527643495,0,1,3,0,TMProposeSet,"proposeSeq: 0; currentTxHash: ""\000\000\000\000\000\000\000\000\000\000\000\000\000\000\000\000\000\000\000\000\000\000\000\000\000\000\000\000\000\000\000\000""; nodePubKey: ""\002\364d\217\366\217|\316F\232\231\241\n\261\333`\312O\367\235\025DD\336e\367\n\312\326\221\037\025\230""; closeTime: 803842843; signature: ""0E\002!\000\343-\360,\302\212\231J\020\035\014\303x}D\377\r\337\016y\007\022\300\335&:;\201\301\340U\312\002 \025M6T \365d\220\r\337OGK#9\341\377\374\3224\333\275\235\326\311\206\344\324\247\230\374&""; previousledger: ""\335\377\321\353\327\331\302\023\347y\016\263\271\317\306\017UV\314qu?\0064A\315{3D\010\016S""; ","proposeSeq: 0; currentTxHash: ""\000\000\000\000\000\000\000\000\000\000\000\000\000\000\000\000\000\000\000\000\000\000\000\000\000\000\000\000\000\000\000\000""; nodePubKey: ""\002\364d\217\366\217|\316F\232\231\241\n\261\333`\312O\367\235\025DD\336e\367\n\312\326\221\037\025\230""; closeTime: 803842843; signature: ""0E\002!\000\343-\360,\302\212\231J\020\035\014\303x}D\377\r\337\016y\007\022\300\335&:;\201\301\340U\312\002 \025M6T \365d\220\r\337OGK#9\341\377\374\3224\333\275\235\326\311\206\344\324\247\230\374&""; previousledger: ""\335\377\321\353\327\331\302\023\347y\016\263\271\317\306\017UV\314qu?\0064A\315{3D\010\016S""; "
1750527643497,1750527643497,0,1,4,2,TMProposeSet,"proposeSeq: 0; currentTxHash: ""\000\000\000\000\000\000\000\000\000\000\000\000\000\000\000\000\000\000\000\000\000\000\000\000\000\000\000\000\000\000\000\000""; nodePubKey: ""\002\364d\217\366\217|\316F\232\231\241\n\261\333`\312O\367\235\025DD\336e\367\n\312\326\221\037\025\230""; closeTime: 803842843; signature: ""0E\002!\000\343-\360,\302\212\231J\020\035\014\303x}D\377\r\337\016y\007\022\300\335&:;\201\301\340U\312\002 \025M6T \365d\220\r\337OGK#9\341\377\374\3224\333\275\235\326\311\206\344\324\247\230\374&""; previousledger: ""\335\377\321\353\327\331\302\023\347y\016\263\271\317\306\017UV\314qu?\0064A\315{3D\010\016S""; ","proposeSeq: 0; currentTxHash: ""\000\000\000\000\000\000\000\000\000\000\000\000\000\000\000\000\000\000\000\000\000\000\000\000\000\000\000\000\000\000\000\000""; nodePubKey: ""\002\364d\217\366\217|\316F\232\231\241\n\261\333`\312O\367\235\025DD\336e\367\n\312\326\221\037\025\230""; closeTime: 803842843; signature: ""0E\002!\000\343-\360,\302\212\231J\020\035\014\303x}D\377\r\337\016y\007\022\300\335&:;\201\301\340U\312\002 \025M6T \365d\220\r\337OGK#9\341\377\374\3224\333\275\235\326\311\206\344\324\247\230\374&""; previousledger: ""\335\377\321\353\327\331\302\023\347y\016\263\271\317\306\017UV\314qu?\0064A\315{3D\010\016S""; "
1750527643497,1750527643497,0,1,4,0,TMProposeSet,"proposeSeq: 0; currentTxHash: ""\000\000\000\000\000\000\000\000\000\000\000\000\000\000\000\000\000\000\000\000\000\000\000\000\000\000\000\000\000\000\000\000""; nodePubKey: ""\002\364d\217\366\217|\316F\232\231\241\n\261\333`\312O\367\235\025DD\336e\367\n\312\326\221\037\025\230""; closeTime: 803842843; signature: ""0E\002!\000\343-\360,\302\212\231J\020\035\014\303x}D\377\r\337\016y\007\022\300\335&:;\201\301\340U\312\002 \025M6T \365d\220\r\337OGK#9\341\377\374\3224\333\275\235\326\311\206\344\324\247\230\374&""; previousledger: ""\335\377\321\353\327\331\302\023\347y\016\263\271\317\306\017UV\314qu?\0064A\315{3D\010\016S""; ","proposeSeq: 0; currentTxHash: ""\000\000\000\000\000\000\000\000\000\000\000\000\000\000\000\000\000\000\000\000\000\000\000\000\000\000\000\000\000\000\000\000""; nodePubKey: ""\002\364d\217\366\217|\316F\232\231\241\n\261\333`\312O\367\235\025DD\336e\367\n\312\326\221\037\025\230""; closeTime: 803842843; signature: ""0E\002!\000\343-\360,\302\212\231J\020\035\014\303x}D\377\r\337\016y\007\022\300\335&:;\201\301\340U\312\002 \025M6T \365d\220\r\337OGK#9\341\377\374\3224\333\275\235\326\311\206\344\324\247\230\374&""; previousledger: ""\335\377\321\353\327\331\302\023\347y\016\263\271\317\306\017UV\314qu?\0064A\315{3D\010\016S""; "
1750527643498,1750527643498,0,1,4,1,TMProposeSet,"proposeSeq: 0; currentTxHash: ""\000\000\000\000\000\000\000\000\000\000\000\000\000\000\000\000\000\000\000\000\000\000\000\000\000\000\000\000\000\000\000\000""; nodePubKey: ""\002\364d\217\366\217|\316F\232\231\241\n\261\333`\312O\367\235\025DD\336e\367\n\312\326\221\037\025\230""; closeTime: 803842843; signature: ""0E\002!\000\343-\360,\302\212\231J\020\035\014\303x}D\377\r\337\016y\007\022\300\335&:;\201\301\340U\312\002 \025M6T \365d\220\r\337OGK#9\341\377\374\3224\333\275\235\326\311\206\344\324\247\230\374&""; previousledger: ""\335\377\321\353\327\331\302\023\347y\016\263\271\317\306\017UV\314qu?\0064A\315{3D\010\016S""; ","proposeSeq: 0; currentTxHash: ""\000\000\000\000\000\000\000\000\000\000\000\000\000\000\000\000\000\000\000\000\000\000\000\000\000\000\000\000\000\000\000\000""; nodePubKey: ""\002\364d\217\366\217|\316F\232\231\241\n\261\333`\312O\367\235\025DD\336e\367\n\312\326\221\037\025\230""; closeTime: 803842843; signature: ""0E\002!\000\343-\360,\302\212\231J\020\035\014\303x}D\377\r\337\016y\007\022\300\335&:;\201\301\340U\312\002 \025M6T \365d\220\r\337OGK#9\341\377\374\3224\333\275\235\326\311\206\344\324\247\230\374&""; previousledger: ""\335\377\321\353\327\331\302\023\347y\016\263\271\317\306\017UV\314qu?\0064A\315{3D\010\016S""; "
1750527643454,1750527643526,0,1,3,2,TMStatusChange,"newEvent: neCLOSING_LEDGER; ledgerSeq: 34; ledgerHash: ""\335\377\321\353\327\331\302\023\347y\016\263\271\317\306\017UV\314qu?\0064A\315{3D\010\016S""; ledgerHashPrevious: ""w^\203\302\311\316I7\371tTwp}\005|\372\214\251{R`\230V\244-\326I\351\255\325i""; networkTime: 803842843; firstSeq: 1; lastSeq: 34; ","newEvent: neCLOSING_LEDGER; ledgerSeq: 34; ledgerHash: ""\335\377\321\353\327\331\302\023\347y\016\263\271\317\306\017UV\314qu?\0064A\315{3D\010\016S""; ledgerHashPrevious: ""w^\203\302\311\316I7\371tTwp}\005|\372\214\251{R`\230V\244-\326I\351\255\325i""; networkTime: 803842843; firstSeq: 1; lastSeq: 34; "
1750527643456,1750527643527,0,1,3,0,TMStatusChange,"newEvent: neCLOSING_LEDGER; ledgerSeq: 34; ledgerHash: ""\335\377\321\353\327\331\302\023\347y\016\263\271\317\306\017UV\314qu?\0064A\315{3D\010\016S""; ledgerHashPrevious: ""w^\203\302\311\316I7\371tTwp}\005|\372\214\251{R`\230V\244-\326I\351\255\325i""; networkTime: 803842843; firstSeq: 1; lastSeq: 34; ","newEvent: neCLOSING_LEDGER; ledgerSeq: 34; ledgerHash: ""\335\377\321\353\327\331\302\023\347y\016\263\271\317\306\017UV\314qu?\0064A\315{3D\010\016S""; ledgerHashPrevious: ""w^\203\302\311\316I7\371tTwp}\005|\372\214\251{R`\230V\244-\326I\351\255\325i""; networkTime: 803842843; firstSeq: 1; lastSeq: 34; "
1750527643455,1750527643526,0,1,3,1,TMStatusChange,"newEvent: neCLOSING_LEDGER; ledgerSeq: 34; ledgerHash: ""\335\377\321\353\327\331\302\023\347y\016\263\271\317\306\017UV\314qu?\0064A\315{3D\010\016S""; ledgerHashPrevious: ""w^\203\302\311\316I7\371tTwp}\005|\372\214\251{R`\230V\244-\326I\351\255\325i""; networkTime: 803842843; firstSeq: 1; lastSeq: 34; ","newEvent: neCLOSING_LEDGER; ledgerSeq: 34; ledgerHash: ""\335\377\321\353\327\331\302\023\347y\016\263\271\317\306\017UV\314qu?\0064A\315{3D\010\016S""; ledgerHashPrevious: ""w^\203\302\311\316I7\371tTwp}\005|\372\214\251{R`\230V\244-\326I\351\255\325i""; networkTime: 803842843; firstSeq: 1; lastSeq: 34; "
1750527643454,1750527643526,0,1,3,4,TMStatusChange,"newEvent: neCLOSING_LEDGER; ledgerSeq: 34; ledgerHash: ""\335\377\321\353\327\331\302\023\347y\016\263\271\317\306\017UV\314qu?\0064A\315{3D\010\016S""; ledgerHashPrevious: ""w^\203\302\311\316I7\371tTwp}\005|\372\214\251{R`\230V\244-\326I\351\255\325i""; networkTime: 803842843; firstSeq: 1; lastSeq: 34; ","newEvent: neCLOSING_LEDGER; ledgerSeq: 34; ledgerHash: ""\335\377\321\353\327\331\302\023\347y\016\263\271\317\306\017UV\314qu?\0064A\315{3D\010\016S""; ledgerHashPrevious: ""w^\203\302\311\316I7\371tTwp}\005|\372\214\251{R`\230V\244-\326I\351\255\325i""; networkTime: 803842843; firstSeq: 1; lastSeq: 34; "
1750527643615,1750527643615,0,1,4,2,TMProposeSet,"proposeSeq: 0; currentTxHash: ""\000\000\000\000\000\000\000\000\000\000\000\000\000\000\000\000\000\000\000\000\000\000\000\000\000\000\000\000\000\000\000\000""; nodePubKey: ""\003R7o\362bV\300hf\266\241;}\200^\374\240\203[:\342Q\225\221\027y\372\255\235\216\323~""; closeTime: 803842843; signature: ""0C\002 ""\304/A\272h\211""\2105u\352\010\362\313\232\350\251\007\235%\350\323\220\237\032\300\355\326\214r\216\002\037 5\024\307\217\006\000\203\375\322}\357,\r\317\365,K\363:\257\215q'\r\004\032;\262q\324""; previousledger: ""\335\377\321\353\327\331\302\023\347y\016\263\271\317\306\017UV\314qu?\0064A\315{3D\010\016S""; ","proposeSeq: 0; currentTxHash: ""\000\000\000\000\000\000\000\000\000\000\000\000\000\000\000\000\000\000\000\000\000\000\000\000\000\000\000\000\000\000\000\000""; nodePubKey: ""\003R7o\362bV\300hf\266\241;}\200^\374\240\203[:\342Q\225\221\027y\372\255\235\216\323~""; closeTime: 803842843; signature: ""0C\002 ""\304/A\272h\211""\2105u\352\010\362\313\232\350\251\007\235%\350\323\220\237\032\300\355\326\214r\216\002\037 5\024\307\217\006\000\203\375\322}\357,\r\317\365,K\363:\257\215q'\r\004\032;\262q\324""; previousledger: ""\335\377\321\353\327\331\302\023\347y\016\263\271\317\306\017UV\314qu?\0064A\315{3D\010\016S""; "
1750527643616,1750527643616,0,1,4,3,TMProposeSet,"proposeSeq: 0; currentTxHash: ""\000\000\000\000\000\000\000\000\000\000\000\000\000\000\000\000\000\000\000\000\000\000\000\000\000\000\000\000\000\000\000\000""; nodePubKey: ""\003R7o\362bV\300hf\266\241;}\200^\374\240\203[:\342Q\225\221\027y\372\255\235\216\323~""; closeTime: 803842843; signature: ""0C\002 ""\304/A\272h\211""\2105u\352\010\362\313\232\350\251\007\235%\350\323\220\237\032\300\355\326\214r\216\002\037 5\024\307\217\006\000\203\375\322}\357,\r\317\365,K\363:\257\215q'\r\004\032;\262q\324""; previousledger: ""\335\377\321\353\327\331\302\023\347y\016\263\271\317\306\017UV\314qu?\0064A\315{3D\010\016S""; ","proposeSeq: 0; currentTxHash: ""\000\000\000\000\000\000\000\000\000\000\000\000\000\000\000\000\000\000\000\000\000\000\000\000\000\000\000\000\000\000\000\000""; nodePubKey: ""\003R7o\362bV\300hf\266\241;}\200^\374\240\203[:\342Q\225\221\027y\372\255\235\216\323~""; closeTime: 803842843; signature: ""0C\002 ""\304/A\272h\211""\2105u\352\010\362\313\232\350\251\007\235%\350\323\220\237\032\300\355\326\214r\216\002\037 5\024\307\217\006\000\203\375\322}\357,\r\317\365,K\363:\257\215q'\r\004\032;\262q\324""; previousledger: ""\335\377\321\353\327\331\302\023\347y\016\263\271\317\306\017UV\314qu?\0064A\315{3D\010\016S""; "
1750527643617,1750527643617,0,1,4,1,TMProposeSet,"proposeSeq: 0; currentTxHash: ""\000\000\000\000\000\000\000\000\000\000\000\000\000\000\000\000\000\000\000\000\000\000\000\000\000\000\000\000\000\000\000\000""; nodePubKey: ""\003R7o\362bV\300hf\266\241;}\200^\374\240\203[:\342Q\225\221\027y\372\255\235\216\323~""; closeTime: 803842843; signature: ""0C\002 ""\304/A\272h\211""\2105u\352\010\362\313\232\350\251\007\235%\350\323\220\237\032\300\355\326\214r\216\002\037 5\024\307\217\006\000\203\375\322}\357,\r\317\365,K\363:\257\215q'\r\004\032;\262q\324""; previousledger: ""\335\377\321\353\327\331\302\023\347y\016\263\271\317\306\017UV\314qu?\0064A\315{3D\010\016S""; ","proposeSeq: 0; currentTxHash: ""\000\000\000\000\000\000\000\000\000\000\000\000\000\000\000\000\000\000\000\000\000\000\000\000\000\000\000\000\000\000\000\000""; nodePubKey: ""\003R7o\362bV\300hf\266\241;}\200^\374\240\203[:\342Q\225\221\027y\372\255\235\216\323~""; closeTime: 803842843; signature: ""0C\002 ""\304/A\272h\211""\2105u\352\010\362\313\232\350\251\007\235%\350\323\220\237\032\300\355\326\214r\216\002\037 5\024\307\217\006\000\203\375\322}\357,\r\317\365,K\363:\257\215q'\r\004\032;\262q\324""; previousledger: ""\335\377\321\353\327\331\302\023\347y\016\263\271\317\306\017UV\314qu?\0064A\315{3D\010\016S""; "
1750527643617,1750527643617,0,1,4,0,TMProposeSet,"proposeSeq: 0; currentTxHash: ""\000\000\000\000\000\000\000\000\000\000\000\000\000\000\000\000\000\000\000\000\000\000\000\000\000\000\000\000\000\000\000\000""; nodePubKey: ""\003R7o\362bV\300hf\266\241;}\200^\374\240\203[:\342Q\225\221\027y\372\255\235\216\323~""; closeTime: 803842843; signature: ""0C\002 ""\304/A\272h\211""\2105u\352\010\362\313\232\350\251\007\235%\350\323\220\237\032\300\355\326\214r\216\002\037 5\024\307\217\006\000\203\375\322}\357,\r\317\365,K\363:\257\215q'\r\004\032;\262q\324""; previousledger: ""\335\377\321\353\327\331\302\023\347y\016\263\271\317\306\017UV\314qu?\0064A\315{3D\010\016S""; ","proposeSeq: 0; currentTxHash: ""\000\000\000\000\000\000\000\000\000\000\000\000\000\000\000\000\000\000\000\000\000\000\000\000\000\000\000\000\000\000\000\000""; nodePubKey: ""\003R7o\362bV\300hf\266\241;}\200^\374\240\203[:\342Q\225\221\027y\372\255\235\216\323~""; closeTime: 803842843; signature: ""0C\002 ""\304/A\272h\211""\2105u\352\010\362\313\232\350\251\007\235%\350\323\220\237\032\300\355\326\214r\216\002\037 5\024\307\217\006\000\203\375\322}\357,\r\317\365,K\363:\257\215q'\r\004\032;\262q\324""; previousledger: ""\335\377\321\353\327\331\302\023\347y\016\263\271\317\306\017UV\314qu?\0064A\315{3D\010\016S""; "
1750527643619,1750527643619,0,1,3,2,TMProposeSet,"proposeSeq: 0; currentTxHash: ""\000\000\000\000\000\000\000\000\000\000\000\000\000\000\000\000\000\000\000\000\000\000\000\000\000\000\000\000\000\000\000\000""; nodePubKey: ""\003R7o\362bV\300hf\266\241;}\200^\374\240\203[:\342Q\225\221\027y\372\255\235\216\323~""; closeTime: 803842843; signature: ""0C\002 ""\304/A\272h\211""\2105u\352\010\362\313\232\350\251\007\235%\350\323\220\237\032\300\355\326\214r\216\002\037 5\024\307\217\006\000\203\375\322}\357,\r\317\365,K\363:\257\215q'\r\004\032;\262q\324""; previousledger: ""\335\377\321\353\327\331\302\023\347y\016\263\271\317\306\017UV\314qu?\0064A\315{3D\010\016S""; ","proposeSeq: 0; currentTxHash: ""\000\000\000\000\000\000\000\000\000\000\000\000\000\000\000\000\000\000\000\000\000\000\000\000\000\000\000\000\000\000\000\000""; nodePubKey: ""\003R7o\362bV\300hf\266\241;}\200^\374\240\203[:\342Q\225\221\027y\372\255\235\216\323~""; closeTime: 803842843; signature: ""0C\002 ""\304/A\272h\211""\2105u\352\010\362\313\232\350\251\007\235%\350\323\220\237\032\300\355\326\214r\216\002\037 5\024\307\217\006\000\203\375\322}\357,\r\317\365,K\363:\257\215q'\r\004\032;\262q\324""; previousledger: ""\335\377\321\353\327\331\302\023\347y\016\263\271\317\306\017UV\314qu?\0064A\315{3D\010\016S""; "
1750527643619,1750527643619,0,1,3,1,TMProposeSet,"proposeSeq: 0; currentTxHash: ""\000\000\000\000\000\000\000\000\000\000\000\000\000\000\000\000\000\000\000\000\000\000\000\000\000\000\000\000\000\000\000\000""; nodePubKey: ""\003R7o\362bV\300hf\266\241;}\200^\374\240\203[:\342Q\225\221\027y\372\255\235\216\323~""; closeTime: 803842843; signature: ""0C\002 ""\304/A\272h\211""\2105u\352\010\362\313\232\350\251\007\235%\350\323\220\237\032\300\355\326\214r\216\002\037 5\024\307\217\006\000\203\375\322}\357,\r\317\365,K\363:\257\215q'\r\004\032;\262q\324""; previousledger: ""\335\377\321\353\327\331\302\023\347y\016\263\271\317\306\017UV\314qu?\0064A\315{3D\010\016S""; ","proposeSeq: 0; currentTxHash: ""\000\000\000\000\000\000\000\000\000\000\000\000\000\000\000\000\000\000\000\000\000\000\000\000\000\000\000\000\000\000\000\000""; nodePubKey: ""\003R7o\362bV\300hf\266\241;}\200^\374\240\203[:\342Q\225\221\027y\372\255\235\216\323~""; closeTime: 803842843; signature: ""0C\002 ""\304/A\272h\211""\2105u\352\010\362\313\232\350\251\007\235%\350\323\220\237\032\300\355\326\214r\216\002\037 5\024\307\217\006\000\203\375\322}\357,\r\317\365,K\363:\257\215q'\r\004\032;\262q\324""; previousledger: ""\335\377\321\353\327\331\302\023\347y\016\263\271\317\306\017UV\314qu?\0064A\315{3D\010\016S""; "
1750527643619,1750527643619,0,1,3,0,TMProposeSet,"proposeSeq: 0; currentTxHash: ""\000\000\000\000\000\000\000\000\000\000\000\000\000\000\000\000\000\000\000\000\000\000\000\000\000\000\000\000\000\000\000\000""; nodePubKey: ""\003R7o\362bV\300hf\266\241;}\200^\374\240\203[:\342Q\225\221\027y\372\255\235\216\323~""; closeTime: 803842843; signature: ""0C\002 ""\304/A\272h\211""\2105u\352\010\362\313\232\350\251\007\235%\350\323\220\237\032\300\355\326\214r\216\002\037 5\024\307\217\006\000\203\375\322}\357,\r\317\365,K\363:\257\215q'\r\004\032;\262q\324""; previousledger: ""\335\377\321\353\327\331\302\023\347y\016\263\271\317\306\017UV\314qu?\0064A\315{3D\010\016S""; ","proposeSeq: 0; currentTxHash: ""\000\000\000\000\000\000\000\000\000\000\000\000\000\000\000\000\000\000\000\000\000\000\000\000\000\000\000\000\000\000\000\000""; nodePubKey: ""\003R7o\362bV\300hf\266\241;}\200^\374\240\203[:\342Q\225\221\027y\372\255\235\216\323~""; closeTime: 803842843; signature: ""0C\002 ""\304/A\272h\211""\2105u\352\010\362\313\232\350\251\007\235%\350\323\220\237\032\300\355\326\214r\216\002\037 5\024\307\217\006\000\203\375\322}\357,\r\317\365,K\363:\257\215q'\r\004\032;\262q\324""; previousledger: ""\335\377\321\353\327\331\302\023\347y\016\263\271\317\306\017UV\314qu?\0064A\315{3D\010\016S""; "
1750527643616,1750527643654,0,1,4,2,TMStatusChange,"newEvent: neCLOSING_LEDGER; ledgerSeq: 34; ledgerHash: ""\335\377\321\353\327\331\302\023\347y\016\263\271\317\306\017UV\314qu?\0064A\315{3D\010\016S""; ledgerHashPrevious: ""w^\203\302\311\316I7\371tTwp}\005|\372\214\251{R`\230V\244-\326I\351\255\325i""; networkTime: 803842843; firstSeq: 1; lastSeq: 34; ","newEvent: neCLOSING_LEDGER; ledgerSeq: 34; ledgerHash: ""\335\377\321\353\327\331\302\023\347y\016\263\271\317\306\017UV\314qu?\0064A\315{3D\010\016S""; ledgerHashPrevious: ""w^\203\302\311\316I7\371tTwp}\005|\372\214\251{R`\230V\244-\326I\351\255\325i""; networkTime: 803842843; firstSeq: 1; lastSeq: 34; "
1750527643617,1750527643654,0,1,4,3,TMStatusChange,"newEvent: neCLOSING_LEDGER; ledgerSeq: 34; ledgerHash: ""\335\377\321\353\327\331\302\023\347y\016\263\271\317\306\017UV\314qu?\0064A\315{3D\010\016S""; ledgerHashPrevious: ""w^\203\302\311\316I7\371tTwp}\005|\372\214\251{R`\230V\244-\326I\351\255\325i""; networkTime: 803842843; firstSeq: 1; lastSeq: 34; ","newEvent: neCLOSING_LEDGER; ledgerSeq: 34; ledgerHash: ""\335\377\321\353\327\331\302\023\347y\016\263\271\317\306\017UV\314qu?\0064A\315{3D\010\016S""; ledgerHashPrevious: ""w^\203\302\311\316I7\371tTwp}\005|\372\214\251{R`\230V\244-\326I\351\255\325i""; networkTime: 803842843; firstSeq: 1; lastSeq: 34; "
1750527643617,1750527643655,0,1,4,1,TMStatusChange,"newEvent: neCLOSING_LEDGER; ledgerSeq: 34; ledgerHash: ""\335\377\321\353\327\331\302\023\347y\016\263\271\317\306\017UV\314qu?\0064A\315{3D\010\016S""; ledgerHashPrevious: ""w^\203\302\311\316I7\371tTwp}\005|\372\214\251{R`\230V\244-\326I\351\255\325i""; networkTime: 803842843; firstSeq: 1; lastSeq: 34; ","newEvent: neCLOSING_LEDGER; ledgerSeq: 34; ledgerHash: ""\335\377\321\353\327\331\302\023\347y\016\263\271\317\306\017UV\314qu?\0064A\315{3D\010\016S""; ledgerHashPrevious: ""w^\203\302\311\316I7\371tTwp}\005|\372\214\251{R`\230V\244-\326I\351\255\325i""; networkTime: 803842843; firstSeq: 1; lastSeq: 34; "
1750527643617,1750527643656,0,1,4,0,TMStatusChange,"newEvent: neCLOSING_LEDGER; ledgerSeq: 34; ledgerHash: ""\335\377\321\353\327\331\302\023\347y\016\263\271\317\306\017UV\314qu?\0064A\315{3D\010\016S""; ledgerHashPrevious: ""w^\203\302\311\316I7\371tTwp}\005|\372\214\251{R`\230V\244-\326I\351\255\325i""; networkTime: 803842843; firstSeq: 1; lastSeq: 34; ","newEvent: neCLOSING_LEDGER; ledgerSeq: 34; ledgerHash: ""\335\377\321\353\327\331\302\023\347y\016\263\271\317\306\017UV\314qu?\0064A\315{3D\010\016S""; ledgerHashPrevious: ""w^\203\302\311\316I7\371tTwp}\005|\372\214\251{R`\230V\244-\326I\351\255\325i""; networkTime: 803842843; firstSeq: 1; lastSeq: 34; "
1750527645455,1750527645455,0,1,3,4,TMValidation,"validation: """"\200\000\000\001&\000\000\000#)/\351\253\035:p\210\265\307-\212\200\004Q\212\2353k0\361\214ID\303g\277\010Y_\001~\021\333\370\255\374\\331\306\255\336)\365RthP\027\000\000\000\000\000\000\000\000\000\000\000\000\000\000\000\000\000\000\000\000\000\000\000\000\000\000\000\000\000\000\000\000P\031\335\377\321\353\327\331\302\023\347y\016\263\271\317\306\017UV\314qu?\0064A\315{3D\010\016Ss!\002\364d\217\366\217|\316F\232\231\241\n\261\333`\312O\367\235\025DD\336e\367\n\312\326\221\037\025\230vG0E\002!\000\314\202'\347Q\276\022R\354oaWv\010P\205\346\363\037#\2747\323\221H\020\371\366C\226\0001\002 <\325\346\025\205\202R\013:\037\370\326{t\300\336\345\242\347N\3567\rh\370\020\237\001zS}\272""; ","validation: """"\200\000\000\001&\000\000\000#)/\351\253\035:p\210\265\307-\212\200\004Q\212\2353k0\361\214ID\303g\277\010Y_\001~\021\333\370\255\374\\331\306\255\336)\365RthP\027\000\000\000\000\000\000\000\000\000\000\000\000\000\000\000\000\000\000\000\000\000\000\000\000\000\000\000\000\000\000\000\000P\031\335\377\321\353\327\331\302\023\347y\016\263\271\317\306\017UV\314qu?\0064A\315{3D\010\016Ss!\002\364d\217\366\217|\316F\232\231\241\n\261\333`\312O\367\235\025DD\336e\367\n\312\326\221\037\025\230vG0E\002!\000\314\202'\347Q\276\022R\354oaWv\010P\205\346\363\037#\2747\323\221H\020\371\366C\226\0001\002 <\325\346\025\205\202R\013:\037\370\326{t\300\336\345\242\347N\3567\rh\370\020\237\001zS}\272""; "
1750527645455,1750527645455,0,1,3,4,TMStatusChange,"newEvent: neACCEPTED_LEDGER; ledgerSeq: 35; ledgerHash: ""\212\2353k0\361\214ID\303g\277\010Y_\001~\021\333\370\255\374\\331\306\255\336)\365Rth""; ledgerHashPrevious: ""\335\377\321\353\327\331\302\023\347y\016\263\271\317\306\017UV\314qu?\0064A\315{3D\010\016S""; networkTime: 803842845; firstSeq: 1; lastSeq: 34; ","newEvent: neACCEPTED_LEDGER; ledgerSeq: 35; ledgerHash: ""\212\2353k0\361\214ID\303g\277\010Y_\001~\021\333\370\255\374\\331\306\255\336)\365Rth""; ledgerHashPrevious: ""\335\377\321\353\327\331\302\023\347y\016\263\271\317\306\017UV\314qu?\0064A\315{3D\010\016S""; networkTime: 803842845; firstSeq: 1; lastSeq: 34; "
1750527645457,1750527645457,0,1,3,0,TMStatusChange,"newEvent: neACCEPTED_LEDGER; ledgerSeq: 35; ledgerHash: ""\212\2353k0\361\214ID\303g\277\010Y_\001~\021\333\370\255\374\\331\306\255\336)\365Rth""; ledgerHashPrevious: ""\335\377\321\353\327\331\302\023\347y\016\263\271\317\306\017UV\314qu?\0064A\315{3D\010\016S""; networkTime: 803842845; firstSeq: 1; lastSeq: 34; ","newEvent: neACCEPTED_LEDGER; ledgerSeq: 35; ledgerHash: ""\212\2353k0\361\214ID\303g\277\010Y_\001~\021\333\370\255\374\\331\306\255\336)\365Rth""; ledgerHashPrevious: ""\335\377\321\353\327\331\302\023\347y\016\263\271\317\306\017UV\314qu?\0064A\315{3D\010\016S""; networkTime: 803842845; firstSeq: 1; lastSeq: 34; "
1750527645457,1750527645457,0,1,3,2,TMValidation,"validation: """"\200\000\000\001&\000\000\000#)/\351\253\035:p\210\265\307-\212\200\004Q\212\2353k0\361\214ID\303g\277\010Y_\001~\021\333\370\255\374\\331\306\255\336)\365RthP\027\000\000\000\000\000\000\000\000\000\000\000\000\000\000\000\000\000\000\000\000\000\000\000\000\000\000\000\000\000\000\000\000P\031\335\377\321\353\327\331\302\023\347y\016\263\271\317\306\017UV\314qu?\0064A\315{3D\010\016Ss!\002\364d\217\366\217|\316F\232\231\241\n\261\333`\312O\367\235\025DD\336e\367\n\312\326\221\037\025\230vG0E\002!\000\314\202'\347Q\276\022R\354oaWv\010P\205\346\363\037#\2747\323\221H\020\371\366C\226\0001\002 <\325\346\025\205\202R\013:\037\370\326{t\300\336\345\242\347N\3567\rh\370\020\237\001zS}\272""; ","validation: """"\200\000\000\001&\000\000\000#)/\351\253\035:p\210\265\307-\212\200\004Q\212\2353k0\361\214ID\303g\277\010Y_\001~\021\333\370\255\374\\331\306\255\336)\365RthP\027\000\000\000\000\000\000\000\000\000\000\000\000\000\000\000\000\000\000\000\000\000\000\000\000\000\000\000\000\000\000\000\000P\031\335\377\321\353\327\331\302\023\347y\016\263\271\317\306\017UV\314qu?\0064A\315{3D\010\016Ss!\002\364d\217\366\217|\316F\232\231\241\n\261\333`\312O\367\235\025DD\336e\367\n\312\326\221\037\025\230vG0E\002!\000\314\202'\347Q\276\022R\354oaWv\010P\205\346\363\037#\2747\323\221H\020\371\366C\226\0001\002 <\325\346\025\205\202R\013:\037\370\326{t\300\336\345\242\347N\3567\rh\370\020\237\001zS}\272""; "
1750527645456,1750527645456,0,1,3,0,TMValidation,"validation: """"\200\000\000\001&\000\000\000#)/\351\253\035:p\210\265\307-\212\200\004Q\212\2353k0\361\214ID\303g\277\010Y_\001~\021\333\370\255\374\\331\306\255\336)\365RthP\027\000\000\000\000\000\000\000\000\000\000\000\000\000\000\000\000\000\000\000\000\000\000\000\000\000\000\000\000\000\000\000\000P\031\335\377\321\353\327\331\302\023\347y\016\263\271\317\306\017UV\314qu?\0064A\315{3D\010\016Ss!\002\364d\217\366\217|\316F\232\231\241\n\261\333`\312O\367\235\025DD\336e\367\n\312\326\221\037\025\230vG0E\002!\000\314\202'\347Q\276\022R\354oaWv\010P\205\346\363\037#\2747\323\221H\020\371\366C\226\0001\002 <\325\346\025\205\202R\013:\037\370\326{t\300\336\345\242\347N\3567\rh\370\020\237\001zS}\272""; ","validation: """"\200\000\000\001&\000\000\000#)/\351\253\035:p\210\265\307-\212\200\004Q\212\2353k0\361\214ID\303g\277\010Y_\001~\021\333\370\255\374\\331\306\255\336)\365RthP\027\000\000\000\000\000\000\000\000\000\000\000\000\000\000\000\000\000\000\000\000\000\000\000\000\000\000\000\000\000\000\000\000P\031\335\377\321\353\327\331\302\023\347y\016\263\271\317\306\017UV\314qu?\0064A\315{3D\010\016Ss!\002\364d\217\366\217|\316F\232\231\241\n\261\333`\312O\367\235\025DD\336e\367\n\312\326\221\037\025\230vG0E\002!\000\314\202'\347Q\276\022R\354oaWv\010P\205\346\363\037#\2747\323\221H\020\371\366C\226\0001\002 <\325\346\025\205\202R\013:\037\370\326{t\300\336\345\242\347N\3567\rh\370\020\237\001zS}\272""; "
1750527645458,1750527645458,0,1,3,2,TMStatusChange,"newEvent: neACCEPTED_LEDGER; ledgerSeq: 35; ledgerHash: ""\212\2353k0\361\214ID\303g\277\010Y_\001~\021\333\370\255\374\\331\306\255\336)\365Rth""; ledgerHashPrevious: ""\335\377\321\353\327\331\302\023\347y\016\263\271\317\306\017UV\314qu?\0064A\315{3D\010\016S""; networkTime: 803842845; firstSeq: 1; lastSeq: 34; ","newEvent: neACCEPTED_LEDGER; ledgerSeq: 35; ledgerHash: ""\212\2353k0\361\214ID\303g\277\010Y_\001~\021\333\370\255\374\\331\306\255\336)\365Rth""; ledgerHashPrevious: ""\335\377\321\353\327\331\302\023\347y\016\263\271\317\306\017UV\314qu?\0064A\315{3D\010\016S""; networkTime: 803842845; firstSeq: 1; lastSeq: 34; "
1750527645459,1750527645459,0,1,3,1,TMStatusChange,"newEvent: neACCEPTED_LEDGER; ledgerSeq: 35; ledgerHash: ""\212\2353k0\361\214ID\303g\277\010Y_\001~\021\333\370\255\374\\331\306\255\336)\365Rth""; ledgerHashPrevious: ""\335\377\321\353\327\331\302\023\347y\016\263\271\317\306\017UV\314qu?\0064A\315{3D\010\016S""; networkTime: 803842845; firstSeq: 1; lastSeq: 34; ","newEvent: neACCEPTED_LEDGER; ledgerSeq: 35; ledgerHash: ""\212\2353k0\361\214ID\303g\277\010Y_\001~\021\333\370\255\374\\331\306\255\336)\365Rth""; ledgerHashPrevious: ""\335\377\321\353\327\331\302\023\347y\016\263\271\317\306\017UV\314qu?\0064A\315{3D\010\016S""; networkTime: 803842845; firstSeq: 1; lastSeq: 34; "
1750527645459,1750527645459,0,1,3,1,TMValidation,"validation: """"\200\000\000\001&\000\000\000#)/\351\253\035:p\210\265\307-\212\200\004Q\212\2353k0\361\214ID\303g\277\010Y_\001~\021\333\370\255\374\\331\306\255\336)\365RthP\027\000\000\000\000\000\000\000\000\000\000\000\000\000\000\000\000\000\000\000\000\000\000\000\000\000\000\000\000\000\000\000\000P\031\335\377\321\353\327\331\302\023\347y\016\263\271\317\306\017UV\314qu?\0064A\315{3D\010\016Ss!\002\364d\217\366\217|\316F\232\231\241\n\261\333`\312O\367\235\025DD\336e\367\n\312\326\221\037\025\230vG0E\002!\000\314\202'\347Q\276\022R\354oaWv\010P\205\346\363\037#\2747\323\221H\020\371\366C\226\0001\002 <\325\346\025\205\202R\013:\037\370\326{t\300\336\345\242\347N\3567\rh\370\020\237\001zS}\272""; ","validation: """"\200\000\000\001&\000\000\000#)/\351\253\035:p\210\265\307-\212\200\004Q\212\2353k0\361\214ID\303g\277\010Y_\001~\021\333\370\255\374\\331\306\255\336)\365RthP\027\000\000\000\000\000\000\000\000\000\000\000\000\000\000\000\000\000\000\000\000\000\000\000\000\000\000\000\000\000\000\000\000P\031\335\377\321\353\327\331\302\023\347y\016\263\271\317\306\017UV\314qu?\0064A\315{3D\010\016Ss!\002\364d\217\366\217|\316F\232\231\241\n\261\333`\312O\367\235\025DD\336e\367\n\312\326\221\037\025\230vG0E\002!\000\314\202'\347Q\276\022R\354oaWv\010P\205\346\363\037#\2747\323\221H\020\371\366C\226\0001\002 <\325\346\025\205\202R\013:\037\370\326{t\300\336\345\242\347N\3567\rh\370\020\237\001zS}\272""; "
1750527645460,1750527645460,0,1,4,1,TMGetLedger,"itype: liBASE; ledgerHash: ""\212\2353k0\361\214ID\303g\277\010Y_\001~\021\333\370\255\374\\331\306\255\336)\365Rth""; ","itype: liBASE; ledgerHash: ""\212\2353k0\361\214ID\303g\277\010Y_\001~\021\333\370\255\374\\331\306\255\336)\365Rth""; "
1750527645460,1750527645460,0,1,4,2,TMGetLedger,"itype: liBASE; ledgerHash: ""\212\2353k0\361\214ID\303g\277\010Y_\001~\021\333\370\255\374\\331\306\255\336)\365Rth""; ","itype: liBASE; ledgerHash: ""\212\2353k0\361\214ID\303g\277\010Y_\001~\021\333\370\255\374\\331\306\255\336)\365Rth""; "
1750527645460,1750527645461,0,1,4,1,TMValidation,"validation: """"\200\000\000\001&\000\000\000#)/\351\253\035:p\210\265\307-\212\200\004Q\212\2353k0\361\214ID\303g\277\010Y_\001~\021\333\370\255\374\\331\306\255\336)\365RthP\027\000\000\000\000\000\000\000\000\000\000\000\000\000\000\000\000\000\000\000\000\000\000\000\000\000\000\000\000\000\000\000\000P\031\335\377\321\353\327\331\302\023\347y\016\263\271\317\306\017UV\314qu?\0064A\315{3D\010\016Ss!\002\364d\217\366\217|\316F\232\231\241\n\261\333`\312O\367\235\025DD\336e\367\n\312\326\221\037\025\230vG0E\002!\000\314\202'\347Q\276\022R\354oaWv\010P\205\346\363\037#\2747\323\221H\020\371\366C\226\0001\002 <\325\346\025\205\202R\013:\037\370\326{t\300\336\345\242\347N\3567\rh\370\020\237\001zS}\272""; ","validation: """"\200\000\000\001&\000\000\000#)/\351\253\035:p\210\265\307-\212\200\004Q\212\2353k0\361\214ID\303g\277\010Y_\001~\021\333\370\255\374\\331\306\255\336)\365RthP\027\000\000\000\000\000\000\000\000\000\000\000\000\000\000\000\000\000\000\000\000\000\000\000\000\000\000\000\000\000\000\000\000P\031\335\377\321\353\327\331\302\023\347y\016\263\271\317\306\017UV\314qu?\0064A\315{3D\010\016Ss!\002\364d\217\366\217|\316F\232\231\241\n\261\333`\312O\367\235\025DD\336e\367\n\312\326\221\037\025\230vG0E\002!\000\314\202'\347Q\276\022R\354oaWv\010P\205\346\363\037#\2747\323\221H\020\371\366C\226\0001\002 <\325\346\025\205\202R\013:\037\370\326{t\300\336\345\242\347N\3567\rh\370\020\237\001zS}\272""; "
1750527645461,1750527645461,0,1,4,2,TMValidation,"validation: """"\200\000\000\001&\000\000\000#)/\351\253\035:p\210\265\307-\212\200\004Q\212\2353k0\361\214ID\303g\277\010Y_\001~\021\333\370\255\374\\331\306\255\336)\365RthP\027\000\000\000\000\000\000\000\000\000\000\000\000\000\000\000\000\000\000\000\000\000\000\000\000\000\000\000\000\000\000\000\000P\031\335\377\321\353\327\331\302\023\347y\016\263\271\317\306\017UV\314qu?\0064A\315{3D\010\016Ss!\002\364d\217\366\217|\316F\232\231\241\n\261\333`\312O\367\235\025DD\336e\367\n\312\326\221\037\025\230vG0E\002!\000\314\202'\347Q\276\022R\354oaWv\010P\205\346\363\037#\2747\323\221H\020\371\366C\226\0001\002 <\325\346\025\205\202R\013:\037\370\326{t\300\336\345\242\347N\3567\rh\370\020\237\001zS}\272""; ","validation: """"\200\000\000\001&\000\000\000#)/\351\253\035:p\210\265\307-\212\200\004Q\212\2353k0\361\214ID\303g\277\010Y_\001~\021\333\370\255\374\\331\306\255\336)\365RthP\027\000\000\000\000\000\000\000\000\000\000\000\000\000\000\000\000\000\000\000\000\000\000\000\000\000\000\000\000\000\000\000\000P\031\335\377\321\353\327\331\302\023\347y\016\263\271\317\306\017UV\314qu?\0064A\315{3D\010\016Ss!\002\364d\217\366\217|\316F\232\231\241\n\261\333`\312O\367\235\025DD\336e\367\n\312\326\221\037\025\230vG0E\002!\000\314\202'\347Q\276\022R\354oaWv\010P\205\346\363\037#\2747\323\221H\020\371\366C\226\0001\002 <\325\346\025\205\202R\013:\037\370\326{t\300\336\345\242\347N\3567\rh\370\020\237\001zS}\272""; "
1750527645461,1750527645461,0,1,4,0,TMValidation,"validation: """"\200\000\000\001&\000\000\000#)/\351\253\035:p\210\265\307-\212\200\004Q\212\2353k0\361\214ID\303g\277\010Y_\001~\021\333\370\255\374\\331\306\255\336)\365RthP\027\000\000\000\000\000\000\000\000\000\000\000\000\000\000\000\000\000\000\000\000\000\000\000\000\000\000\000\000\000\000\000\000P\031\335\377\321\353\327\331\302\023\347y\016\263\271\317\306\017UV\314qu?\0064A\315{3D\010\016Ss!\002\364d\217\366\217|\316F\232\231\241\n\261\333`\312O\367\235\025DD\336e\367\n\312\326\221\037\025\230vG0E\002!\000\314\202'\347Q\276\022R\354oaWv\010P\205\346\363\037#\2747\323\221H\020\371\366C\226\0001\002 <\325\346\025\205\202R\013:\037\370\326{t\300\336\345\242\347N\3567\rh\370\020\237\001zS}\272""; ","validation: """"\200\000\000\001&\000\000\000#)/\351\253\035:p\210\265\307-\212\200\004Q\212\2353k0\361\214ID\303g\277\010Y_\001~\021\333\370\255\374\\331\306\255\336)\365RthP\027\000\000\000\000\000\000\000\000\000\000\000\000\000\000\000\000\000\000\000\000\000\000\000\000\000\000\000\000\000\000\000\000P\031\335\377\321\353\327\331\302\023\347y\016\263\271\317\306\017UV\314qu?\0064A\315{3D\010\016Ss!\002\364d\217\366\217|\316F\232\231\241\n\261\333`\312O\367\235\025DD\336e\367\n\312\326\221\037\025\230vG0E\002!\000\314\202'\347Q\276\022R\354oaWv\010P\205\346\363\037#\2747\323\221H\020\371\366C\226\0001\002 <\325\346\025\205\202R\013:\037\370\326{t\300\336\345\242\347N\3567\rh\370\020\237\001zS}\272""; "
1750527645462,1750527645462,0,1,4,3,TMGetLedger,"itype: liBASE; ledgerHash: ""\212\2353k0\361\214ID\303g\277\010Y_\001~\021\333\370\255\374\\331\306\255\336)\365Rth""; ","itype: liBASE; ledgerHash: ""\212\2353k0\361\214ID\303g\277\010Y_\001~\021\333\370\255\374\\331\306\255\336)\365Rth""; "
1750527645463,1750527645463,0,1,4,0,TMGetLedger,"itype: liBASE; ledgerHash: ""\212\2353k0\361\214ID\303g\277\010Y_\001~\021\333\370\255\374\\331\306\255\336)\365Rth""; ","itype: liBASE; ledgerHash: ""\212\2353k0\361\214ID\303g\277\010Y_\001~\021\333\370\255\374\\331\306\255\336)\365Rth""; "
1750527645463,1750527645463,0,1,4,1,TMGetLedger,"itype: liBASE; ledgerHash: ""\212\2353k0\361\214ID\303g\277\010Y_\001~\021\333\370\255\374\\331\306\255\336)\365Rth""; queryType: qtINDIRECT; ","itype: liBASE; ledgerHash: ""\212\2353k0\361\214ID\303g\277\010Y_\001~\021\333\370\255\374\\331\306\255\336)\365Rth""; queryType: qtINDIRECT; "
1750527645463,1750527645463,0,1,4,2,TMGetLedger,"itype: liBASE; ledgerHash: ""\212\2353k0\361\214ID\303g\277\010Y_\001~\021\333\370\255\374\\331\306\255\336)\365Rth""; queryType: qtINDIRECT; ","itype: liBASE; ledgerHash: ""\212\2353k0\361\214ID\303g\277\010Y_\001~\021\333\370\255\374\\331\306\255\336)\365Rth""; queryType: qtINDIRECT; "
1750527645464,1750527645464,0,1,4,3,TMGetLedger,"itype: liBASE; ledgerHash: ""\212\2353k0\361\214ID\303g\277\010Y_\001~\021\333\370\255\374\\331\306\255\336)\365Rth""; queryType: qtINDIRECT; ","itype: liBASE; ledgerHash: ""\212\2353k0\361\214ID\303g\277\010Y_\001~\021\333\370\255\374\\331\306\255\336)\365Rth""; queryType: qtINDIRECT; "
1750527645465,1750527645465,0,1,4,0,TMGetLedger,"itype: liBASE; ledgerHash: ""\212\2353k0\361\214ID\303g\277\010Y_\001~\021\333\370\255\374\\331\306\255\336)\365Rth""; queryType: qtINDIRECT; ","itype: liBASE; ledgerHash: ""\212\2353k0\361\214ID\303g\277\010Y_\001~\021\333\370\255\374\\331\306\255\336)\365Rth""; queryType: qtINDIRECT; "
1750527645465,1750527645465,0,1,2,3,TMGetLedger,"itype: liBASE; ledgerHash: ""\212\2353k0\361\214ID\303g\277\010Y_\001~\021\333\370\255\374\\331\306\255\336)\365Rth""; ledgerSeq: 35; ","itype: liBASE; ledgerHash: ""\212\2353k0\361\214ID\303g\277\010Y_\001~\021\333\370\255\374\\331\306\255\336)\365Rth""; ledgerSeq: 35; "
1750527645466,1750527645467,0,1,2,4,TMGetLedger,"itype: liBASE; ledgerHash: ""\212\2353k0\361\214ID\303g\277\010Y_\001~\021\333\370\255\374\\331\306\255\336)\365Rth""; ledgerSeq: 35; ","itype: liBASE; ledgerHash: ""\212\2353k0\361\214ID\303g\277\010Y_\001~\021\333\370\255\374\\331\306\255\336)\365Rth""; ledgerSeq: 35; "
1750527645467,1750527645467,0,1,2,0,TMGetLedger,"itype: liBASE; ledgerHash: ""\212\2353k0\361\214ID\303g\277\010Y_\001~\021\333\370\255\374\\331\306\255\336)\365Rth""; ledgerSeq: 35; ","itype: liBASE; ledgerHash: ""\212\2353k0\361\214ID\303g\277\010Y_\001~\021\333\370\255\374\\331\306\255\336)\365Rth""; ledgerSeq: 35; "
1750527645468,1750527645468,0,1,2,1,TMGetLedger,"itype: liBASE; ledgerHash: ""\212\2353k0\361\214ID\303g\277\010Y_\001~\021\333\370\255\374\\331\306\255\336)\365Rth""; ledgerSeq: 35; ","itype: liBASE; ledgerHash: ""\212\2353k0\361\214ID\303g\277\010Y_\001~\021\333\370\255\374\\331\306\255\336)\365Rth""; ledgerSeq: 35; "
1750527645468,1750527645468,0,1,0,2,TMGetLedger,"itype: liBASE; ledgerHash: ""\212\2353k0\361\214ID\303g\277\010Y_\001~\021\333\370\255\374\\331\306\255\336)\365Rth""; ","itype: liBASE; ledgerHash: ""\212\2353k0\361\214ID\303g\277\010Y_\001~\021\333\370\255\374\\331\306\255\336)\365Rth""; "
1750527645469,1750527645469,0,1,2,0,TMValidation,"validation: """"\200\000\000\001&\000\000\000#)/\351\253\035:p\210\265\307-\212\200\004Q\212\2353k0\361\214ID\303g\277\010Y_\001~\021\333\370\255\374\\331\306\255\336)\365RthP\027\000\000\000\000\000\000\000\000\000\000\000\000\000\000\000\000\000\000\000\000\000\000\000\000\000\000\000\000\000\000\000\000P\031\335\377\321\353\327\331\302\023\347y\016\263\271\317\306\017UV\314qu?\0064A\315{3D\010\016Ss!\002\364d\217\366\217|\316F\232\231\241\n\261\333`\312O\367\235\025DD\336e\367\n\312\326\221\037\025\230vG0E\002!\000\314\202'\347Q\276\022R\354oaWv\010P\205\346\363\037#\2747\323\221H\020\371\366C\226\0001\002 <\325\346\025\205\202R\013:\037\370\326{t\300\336\345\242\347N\3567\rh\370\020\237\001zS}\272""; ","validation: """"\200\000\000\001&\000\000\000#)/\351\253\035:p\210\265\307-\212\200\004Q\212\2353k0\361\214ID\303g\277\010Y_\001~\021\333\370\255\374\\331\306\255\336)\365RthP\027\000\000\000\000\000\000\000\000\000\000\000\000\000\000\000\000\000\000\000\000\000\000\000\000\000\000\000\000\000\000\000\000P\031\335\377\321\353\327\331\302\023\347y\016\263\271\317\306\017UV\314qu?\0064A\315{3D\010\016Ss!\002\364d\217\366\217|\316F\232\231\241\n\261\333`\312O\367\235\025DD\336e\367\n\312\326\221\037\025\230vG0E\002!\000\314\202'\347Q\276\022R\354oaWv\010P\205\346\363\037#\2747\323\221H\020\371\366C\226\0001\002 <\325\346\025\205\202R\013:\037\370\326{t\300\336\345\242\347N\3567\rh\370\020\237\001zS}\272""; "
1750527645469,1750527645469,0,1,2,0,TMGetLedger,"itype: liBASE; ledgerHash: ""\212\2353k0\361\214ID\303g\277\010Y_\001~\021\333\370\255\374\\331\306\255\336)\365Rth""; ledgerSeq: 35; queryType: qtINDIRECT; ","itype: liBASE; ledgerHash: ""\212\2353k0\361\214ID\303g\277\010Y_\001~\021\333\370\255\374\\331\306\255\336)\365Rth""; ledgerSeq: 35; queryType: qtINDIRECT; "
1750527645469,1750527645469,0,1,2,1,TMGetLedger,"itype: liBASE; ledgerHash: ""\212\2353k0\361\214ID\303g\277\010Y_\001~\021\333\370\255\374\\331\306\255\336)\365Rth""; ledgerSeq: 35; queryType: qtINDIRECT; ","itype: liBASE; ledgerHash: ""\212\2353k0\361\214ID\303g\277\010Y_\001~\021\333\370\255\374\\331\306\255\336)\365Rth""; ledgerSeq: 35; queryType: qtINDIRECT; "
1750527645470,1750527645470,0,1,0,3,TMGetLedger,"itype: liBASE; ledgerHash: ""\212\2353k0\361\214ID\303g\277\010Y_\001~\021\333\370\255\374\\331\306\255\336)\365Rth""; ","itype: liBASE; ledgerHash: ""\212\2353k0\361\214ID\303g\277\010Y_\001~\021\333\370\255\374\\331\306\255\336)\365Rth""; "
1750527645470,1750527645470,0,1,2,1,TMValidation,"validation: """"\200\000\000\001&\000\000\000#)/\351\253\035:p\210\265\307-\212\200\004Q\212\2353k0\361\214ID\303g\277\010Y_\001~\021\333\370\255\374\\331\306\255\336)\365RthP\027\000\000\000\000\000\000\000\000\000\000\000\000\000\000\000\000\000\000\000\000\000\000\000\000\000\000\000\000\000\000\000\000P\031\335\377\321\353\327\331\302\023\347y\016\263\271\317\306\017UV\314qu?\0064A\315{3D\010\016Ss!\002\364d\217\366\217|\316F\232\231\241\n\261\333`\312O\367\235\025DD\336e\367\n\312\326\221\037\025\230vG0E\002!\000\314\202'\347Q\276\022R\354oaWv\010P\205\346\363\037#\2747\323\221H\020\371\366C\226\0001\002 <\325\346\025\205\202R\013:\037\370\326{t\300\336\345\242\347N\3567\rh\370\020\237\001zS}\272""; ","validation: """"\200\000\000\001&\000\000\000#)/\351\253\035:p\210\265\307-\212\200\004Q\212\2353k0\361\214ID\303g\277\010Y_\001~\021\333\370\255\374\\331\306\255\336)\365RthP\027\000\000\000\000\000\000\000\000\000\000\000\000\000\000\000\000\000\000\000\000\000\000\000\000\000\000\000\000\000\000\000\000P\031\335\377\321\353\327\331\302\023\347y\016\263\271\317\306\017UV\314qu?\0064A\315{3D\010\016Ss!\002\364d\217\366\217|\316F\232\231\241\n\261\333`\312O\367\235\025DD\336e\367\n\312\326\221\037\025\230vG0E\002!\000\314\202'\347Q\276\022R\354oaWv\010P\205\346\363\037#\2747\323\221H\020\371\366C\226\0001\002 <\325\346\025\205\202R\013:\037\370\326{t\300\336\345\242\347N\3567\rh\370\020\237\001zS}\272""; "
1750527645471,1750527645471,0,1,0,4,TMGetLedger,"itype: liBASE; ledgerHash: ""\212\2353k0\361\214ID\303g\277\010Y_\001~\021\333\370\255\374\\331\306\255\336)\365Rth""; ","itype: liBASE; ledgerHash: ""\212\2353k0\361\214ID\303g\277\010Y_\001~\021\333\370\255\374\\331\306\255\336)\365Rth""; "
1750527645472,1750527645472,0,1,2,3,TMGetLedger,"itype: liBASE; ledgerHash: ""\212\2353k0\361\214ID\303g\277\010Y_\001~\021\333\370\255\374\\331\306\255\336)\365Rth""; ledgerSeq: 35; queryType: qtINDIRECT; ","itype: liBASE; ledgerHash: ""\212\2353k0\361\214ID\303g\277\010Y_\001~\021\333\370\255\374\\331\306\255\336)\365Rth""; ledgerSeq: 35; queryType: qtINDIRECT; "
1750527645472,1750527645472,0,1,0,1,TMGetLedger,"itype: liBASE; ledgerHash: ""\212\2353k0\361\214ID\303g\277\010Y_\001~\021\333\370\255\374\\331\306\255\336)\365Rth""; ","itype: liBASE; ledgerHash: ""\212\2353k0\361\214ID\303g\277\010Y_\001~\021\333\370\255\374\\331\306\255\336)\365Rth""; "
1750527645472,1750527645472,0,1,1,3,TMGetLedger,"itype: liBASE; ledgerHash: ""\212\2353k0\361\214ID\303g\277\010Y_\001~\021\333\370\255\374\\331\306\255\336)\365Rth""; ledgerSeq: 35; ","itype: liBASE; ledgerHash: ""\212\2353k0\361\214ID\303g\277\010Y_\001~\021\333\370\255\374\\331\306\255\336)\365Rth""; ledgerSeq: 35; "
1750527645473,1750527645473,0,1,1,2,TMGetLedger,"itype: liBASE; ledgerHash: ""\212\2353k0\361\214ID\303g\277\010Y_\001~\021\333\370\255\374\\331\306\255\336)\365Rth""; ledgerSeq: 35; ","itype: liBASE; ledgerHash: ""\212\2353k0\361\214ID\303g\277\010Y_\001~\021\333\370\255\374\\331\306\255\336)\365Rth""; ledgerSeq: 35; "
1750527645474,1750527645474,0,1,1,0,TMGetLedger,"itype: liBASE; ledgerHash: ""\212\2353k0\361\214ID\303g\277\010Y_\001~\021\333\370\255\374\\331\306\255\336)\365Rth""; ledgerSeq: 35; ","itype: liBASE; ledgerHash: ""\212\2353k0\361\214ID\303g\277\010Y_\001~\021\333\370\255\374\\331\306\255\336)\365Rth""; ledgerSeq: 35; "
1750527645474,1750527645474,0,1,1,4,TMGetLedger,"itype: liBASE; ledgerHash: ""\212\2353k0\361\214ID\303g\277\010Y_\001~\021\333\370\255\374\\331\306\255\336)\365Rth""; ledgerSeq: 35; ","itype: liBASE; ledgerHash: ""\212\2353k0\361\214ID\303g\277\010Y_\001~\021\333\370\255\374\\331\306\255\336)\365Rth""; ledgerSeq: 35; "
1750527645475,1750527645475,0,1,1,4,TMValidation,"validation: """"\200\000\000\001&\000\000\000#)/\351\253\035:p\210\265\307-\212\200\004Q\212\2353k0\361\214ID\303g\277\010Y_\001~\021\333\370\255\374\\331\306\255\336)\365RthP\027\000\000\000\000\000\000\000\000\000\000\000\000\000\000\000\000\000\000\000\000\000\000\000\000\000\000\000\000\000\000\000\000P\031\335\377\321\353\327\331\302\023\347y\016\263\271\317\306\017UV\314qu?\0064A\315{3D\010\016Ss!\002\364d\217\366\217|\316F\232\231\241\n\261\333`\312O\367\235\025DD\336e\367\n\312\326\221\037\025\230vG0E\002!\000\314\202'\347Q\276\022R\354oaWv\010P\205\346\363\037#\2747\323\221H\020\371\366C\226\0001\002 <\325\346\025\205\202R\013:\037\370\326{t\300\336\345\242\347N\3567\rh\370\020\237\001zS}\272""; ","validation: """"\200\000\000\001&\000\000\000#)/\351\253\035:p\210\265\307-\212\200\004Q\212\2353k0\361\214ID\303g\277\010Y_\001~\021\333\370\255\374\\331\306\255\336)\365RthP\027\000\000\000\000\000\000\000\000\000\000\000\000\000\000\000\000\000\000\000\000\000\000\000\000\000\000\000\000\000\000\000\000P\031\335\377\321\353\327\331\302\023\347y\016\263\271\317\306\017UV\314qu?\0064A\315{3D\010\016Ss!\002\364d\217\366\217|\316F\232\231\241\n\261\333`\312O\367\235\025DD\336e\367\n\312\326\221\037\025\230vG0E\002!\000\314\202'\347Q\276\022R\354oaWv\010P\205\346\363\037#\2747\323\221H\020\371\366C\226\0001\002 <\325\346\025\205\202R\013:\037\370\326{t\300\336\345\242\347N\3567\rh\370\020\237\001zS}\272""; "
1750527645475,1750527645475,0,1,1,4,TMGetLedger,"itype: liBASE; ledgerHash: ""\212\2353k0\361\214ID\303g\277\010Y_\001~\021\333\370\255\374\\331\306\255\336)\365Rth""; ledgerSeq: 35; queryType: qtINDIRECT; ","itype: liBASE; ledgerHash: ""\212\2353k0\361\214ID\303g\277\010Y_\001~\021\333\370\255\374\\331\306\255\336)\365Rth""; ledgerSeq: 35; queryType: qtINDIRECT; "
1750527645476,1750527645476,0,1,2,4,TMValidation,"validation: """"\200\000\000\001&\000\000\000#)/\351\253\035:p\210\265\307-\212\200\004Q\212\2353k0\361\214ID\303g\277\010Y_\001~\021\333\370\255\374\\331\306\255\336)\365RthP\027\000\000\000\000\000\000\000\000\000\000\000\000\000\000\000\000\000\000\000\000\000\000\000\000\000\000\000\000\000\000\000\000P\031\335\377\321\353\327\331\302\023\347y\016\263\271\317\306\017UV\314qu?\0064A\315{3D\010\016Ss!\002\364d\217\366\217|\316F\232\231\241\n\261\333`\312O\367\235\025DD\336e\367\n\312\326\221\037\025\230vG0E\002!\000\314\202'\347Q\276\022R\354oaWv\010P\205\346\363\037#\2747\323\221H\020\371\366C\226\0001\002 <\325\346\025\205\202R\013:\037\370\326{t\300\336\345\242\347N\3567\rh\370\020\237\001zS}\272""; ","validation: """"\200\000\000\001&\000\000\000#)/\351\253\035:p\210\265\307-\212\200\004Q\212\2353k0\361\214ID\303g\277\010Y_\001~\021\333\370\255\374\\331\306\255\336)\365RthP\027\000\000\000\000\000\000\000\000\000\000\000\000\000\000\000\000\000\000\000\000\000\000\000\000\000\000\000\000\000\000\000\000P\031\335\377\321\353\327\331\302\023\347y\016\263\271\317\306\017UV\314qu?\0064A\315{3D\010\016Ss!\002\364d\217\366\217|\316F\232\231\241\n\261\333`\312O\367\235\025DD\336e\367\n\312\326\221\037\025\230vG0E\002!\000\314\202'\347Q\276\022R\354oaWv\010P\205\346\363\037#\2747\323\221H\020\371\366C\226\0001\002 <\325\346\025\205\202R\013:\037\370\326{t\300\336\345\242\347N\3567\rh\370\020\237\001zS}\272""; "
1750527645476,1750527645476,0,1,2,4,TMGetLedger,"itype: liBASE; ledgerHash: ""\212\2353k0\361\214ID\303g\277\010Y_\001~\021\333\370\255\374\\331\306\255\336)\365Rth""; ledgerSeq: 35; queryType: qtINDIRECT; ","itype: liBASE; ledgerHash: ""\212\2353k0\361\214ID\303g\277\010Y_\001~\021\333\370\255\374\\331\306\255\336)\365Rth""; ledgerSeq: 35; queryType: qtINDIRECT; "
1750527645477,1750527645477,0,1,0,4,TMGetLedger,"itype: liBASE; ledgerHash: ""\212\2353k0\361\214ID\303g\277\010Y_\001~\021\333\370\255\374\\331\306\255\336)\365Rth""; queryType: qtINDIRECT; ","itype: liBASE; ledgerHash: ""\212\2353k0\361\214ID\303g\277\010Y_\001~\021\333\370\255\374\\331\306\255\336)\365Rth""; queryType: qtINDIRECT; "
1750527645478,1750527645478,0,1,0,4,TMValidation,"validation: """"\200\000\000\001&\000\000\000#)/\351\253\035:p\210\265\307-\212\200\004Q\212\2353k0\361\214ID\303g\277\010Y_\001~\021\333\370\255\374\\331\306\255\336)\365RthP\027\000\000\000\000\000\000\000\000\000\000\000\000\000\000\000\000\000\000\000\000\000\000\000\000\000\000\000\000\000\000\000\000P\031\335\377\321\353\327\331\302\023\347y\016\263\271\317\306\017UV\314qu?\0064A\315{3D\010\016Ss!\002\364d\217\366\217|\316F\232\231\241\n\261\333`\312O\367\235\025DD\336e\367\n\312\326\221\037\025\230vG0E\002!\000\314\202'\347Q\276\022R\354oaWv\010P\205\346\363\037#\2747\323\221H\020\371\366C\226\0001\002 <\325\346\025\205\202R\013:\037\370\326{t\300\336\345\242\347N\3567\rh\370\020\237\001zS}\272""; ","validation: """"\200\000\000\001&\000\000\000#)/\351\253\035:p\210\265\307-\212\200\004Q\212\2353k0\361\214ID\303g\277\010Y_\001~\021\333\370\255\374\\331\306\255\336)\365RthP\027\000\000\000\000\000\000\000\000\000\000\000\000\000\000\000\000\000\000\000\000\000\000\000\000\000\000\000\000\000\000\000\000P\031\335\377\321\353\327\331\302\023\347y\016\263\271\317\306\017UV\314qu?\0064A\315{3D\010\016Ss!\002\364d\217\366\217|\316F\232\231\241\n\261\333`\312O\367\235\025DD\336e\367\n\312\326\221\037\025\230vG0E\002!\000\314\202'\347Q\276\022R\354oaWv\010P\205\346\363\037#\2747\323\221H\020\371\366C\226\0001\002 <\325\346\025\205\202R\013:\037\370\326{t\300\336\345\242\347N\3567\rh\370\020\237\001zS}\272""; "
1750527645479,1750527645479,0,1,3,4,TMLedgerData,"ledgerHash: ""\212\2353k0\361\214ID\303g\277\010Y_\001~\021\333\370\255\374\\331\306\255\336)\365Rth""; ledgerSeq: 35; type: liBASE; nodes {;   nodedata: ""\000\000\000#\001cEx]\211\377\330\335\377\321\353\327\331\302\023\347y\016\263\271\317\306\017UV\314qu?\0064A\315{3D\010\016S\000\000\000\000\000\000\000\000\000\000\000\000\000\000\000\000\000\000\000\000\000\000\000\000\000\000\000\000\000\000\000\000\333\036\354\023!\307\217\311\270\337\242\014p\021\211 \337U\242%*\264\332s\212\366:\202<8a\366/\351\253\031/\351\253\032\n\000""; }; nodes {;   nodedata: ""\323C\344\327\264{\312-\017:\006{\177\344N\002\326bO\260\220\006\033\362\345\005U\221DzJ0\001\301\025%1L\307\t\261\262z\374\222T\301\274V\236\223\262\270Ct\362\337b\356\024*\324\320\351\317\002k\336\234\027v\351\217\260\303\360\233ZPZWr\246$w\313\313\r\243r\232\2234\373\3539:N\004Q\245\272D\312D\300\300\t\323\0257\345e\271\na\215{\226\255x%T\257\037\333\004\344_/R\006E\344\037@\210\363\010\336T\226\247'\204_{\261\370""1\235\2445\343\033Y!\212\201\341\272\225'\007\201\242\000\217\324\304\\342\r\377mr\223\317|\006ptw\373\027\017\350\230\250TSh\371HxR\013\003""; }; ","ledgerHash: ""\212\2353k0\361\214ID\303g\277\010Y_\001~\021\333\370\255\374\\331\306\255\336)\365Rth""; ledgerSeq: 35; type: liBASE; nodes {;   nodedata: ""\000\000\000#\001cEx]\211\377\330\335\377\321\353\327\331\302\023\347y\016\263\271\317\306\017UV\314qu?\0064A\315{3D\010\016S\000\000\000\000\000\000\000\000\000\000\000\000\000\000\000\000\000\000\000\000\000\000\000\000\000\000\000\000\000\000\000\000\333\036\354\023!\307\217\311\270\337\242\014p\021\211 \337U\242%*\264\332s\212\366:\202<8a\366/\351\253\031/\351\253\032\n\000""; }; nodes {;   nodedata: ""\323C\344\327\264{\312-\017:\006{\177\344N\002\326bO\260\220\006\033\362\345\005U\221DzJ0\001\301\025%1L\307\t\261\262z\374\222T\301\274V\236\223\262\270Ct\362\337b\356\024*\324\320\351\317\002k\336\234\027v\351\217\260\303\360\233ZPZWr\246$w\313\313\r\243r\232\2234\373\3539:N\004Q\245\272D\312D\300\300\t\323\0257\345e\271\na\215{\226\255x%T\257\037\333\004\344_/R\006E\344\037@\210\363\010\336T\226\247'\204_{\261\370""1\235\2445\343\033Y!\212\201\341\272\225'\007\201\242\000\217\324\304\\342\r\377mr\223\317|\006ptw\373\027\017\350\230\250TSh\371HxR\013\003""; }; "
1750527645480,1750527645480,0,1,2,3,TMGetLedger,"itype: liBASE; ledgerHash: ""\212\2353k0\361\214ID\303g\277\010Y_\001~\021\333\370\255\374\\331\306\255\336)\365Rth""; requestCookie: 5; queryType: qtINDIRECT; ","itype: liBASE; ledgerHash: ""\212\2353k0\361\214ID\303g\277\010Y_\001~\021\333\370\255\374\\331\306\255\336)\365Rth""; requestCookie: 5; queryType: qtINDIRECT; "
1750527645480,1750527645480,0,1,3,4,TMLedgerData,"ledgerHash: ""\212\2353k0\361\214ID\303g\277\010Y_\001~\021\333\370\255\374\\331\306\255\336)\365Rth""; ledgerSeq: 35; type: liBASE; nodes {;   nodedata: ""\000\000\000#\001cEx]\211\377\330\335\377\321\353\327\331\302\023\347y\016\263\271\317\306\017UV\314qu?\0064A\315{3D\010\016S\000\000\000\000\000\000\000\000\000\000\000\000\000\000\000\000\000\000\000\000\000\000\000\000\000\000\000\000\000\000\000\000\333\036\354\023!\307\217\311\270\337\242\014p\021\211 \337U\242%*\264\332s\212\366:\202<8a\366/\351\253\031/\351\253\032\n\000""; }; nodes {;   nodedata: ""\323C\344\327\264{\312-\017:\006{\177\344N\002\326bO\260\220\006\033\362\345\005U\221DzJ0\001\301\025%1L\307\t\261\262z\374\222T\301\274V\236\223\262\270Ct\362\337b\356\024*\324\320\351\317\002k\336\234\027v\351\217\260\303\360\233ZPZWr\246$w\313\313\r\243r\232\2234\373\3539:N\004Q\245\272D\312D\300\300\t\323\0257\345e\271\na\215{\226\255x%T\257\037\333\004\344_/R\006E\344\037@\210\363\010\336T\226\247'\204_{\261\370""1\235\2445\343\033Y!\212\201\341\272\225'\007\201\242\000\217\324\304\\342\r\377mr\223\317|\006ptw\373\027\017\350\230\250TSh\371HxR\013\003""; }; ","ledgerHash: ""\212\2353k0\361\214ID\303g\277\010Y_\001~\021\333\370\255\374\\331\306\255\336)\365Rth""; ledgerSeq: 35; type: liBASE; nodes {;   nodedata: ""\000\000\000#\001cEx]\211\377\330\335\377\321\353\327\331\302\023\347y\016\263\271\317\306\017UV\314qu?\0064A\315{3D\010\016S\000\000\000\000\000\000\000\000\000\000\000\000\000\000\000\000\000\000\000\000\000\000\000\000\000\000\000\000\000\000\000\000\333\036\354\023!\307\217\311\270\337\242\014p\021\211 \337U\242%*\264\332s\212\366:\202<8a\366/\351\253\031/\351\253\032\n\000""; }; nodes {;   nodedata: ""\323C\344\327\264{\312-\017:\006{\177\344N\002\326bO\260\220\006\033\362\345\005U\221DzJ0\001\301\025%1L\307\t\261\262z\374\222T\301\274V\236\223\262\270Ct\362\337b\356\024*\324\320\351\317\002k\336\234\027v\351\217\260\303\360\233ZPZWr\246$w\313\313\r\243r\232\2234\373\3539:N\004Q\245\272D\312D\300\300\t\323\0257\345e\271\na\215{\226\255x%T\257\037\333\004\344_/R\006E\344\037@\210\363\010\336T\226\247'\204_{\261\370""1\235\2445\343\033Y!\212\201\341\272\225'\007\201\242\000\217\324\304\\342\r\377mr\223\317|\006ptw\373\027\017\350\230\250TSh\371HxR\013\003""; }; "
1750527645481,1750527645481,0,1,3,2,TMLedgerData,"ledgerHash: ""\212\2353k0\361\214ID\303g\277\010Y_\001~\021\333\370\255\374\\331\306\255\336)\365Rth""; ledgerSeq: 35; type: liBASE; nodes {;   nodedata: ""\000\000\000#\001cEx]\211\377\330\335\377\321\353\327\331\302\023\347y\016\263\271\317\306\017UV\314qu?\0064A\315{3D\010\016S\000\000\000\000\000\000\000\000\000\000\000\000\000\000\000\000\000\000\000\000\000\000\000\000\000\000\000\000\000\000\000\000\333\036\354\023!\307\217\311\270\337\242\014p\021\211 \337U\242%*\264\332s\212\366:\202<8a\366/\351\253\031/\351\253\032\n\000""; }; nodes {;   nodedata: ""\323C\344\327\264{\312-\017:\006{\177\344N\002\326bO\260\220\006\033\362\345\005U\221DzJ0\001\301\025%1L\307\t\261\262z\374\222T\301\274V\236\223\262\270Ct\362\337b\356\024*\324\320\351\317\002k\336\234\027v\351\217\260\303\360\233ZPZWr\246$w\313\313\r\243r\232\2234\373\3539:N\004Q\245\272D\312D\300\300\t\323\0257\345e\271\na\215{\226\255x%T\257\037\333\004\344_/R\006E\344\037@\210\363\010\336T\226\247'\204_{\261\370""1\235\2445\343\033Y!\212\201\341\272\225'\007\201\242\000\217\324\304\\342\r\377mr\223\317|\006ptw\373\027\017\350\230\250TSh\371HxR\013\003""; }; ","ledgerHash: ""\212\2353k0\361\214ID\303g\277\010Y_\001~\021\333\370\255\374\\331\306\255\336)\365Rth""; ledgerSeq: 35; type: liBASE; nodes {;   nodedata: ""\000\000\000#\001cEx]\211\377\330\335\377\321\353\327\331\302\023\347y\016\263\271\317\306\017UV\314qu?\0064A\315{3D\010\016S\000\000\000\000\000\000\000\000\000\000\000\000\000\000\000\000\000\000\000\000\000\000\000\000\000\000\000\000\000\000\000\000\333\036\354\023!\307\217\311\270\337\242\014p\021\211 \337U\242%*\264\332s\212\366:\202<8a\366/\351\253\031/\351\253\032\n\000""; }; nodes {;   nodedata: ""\323C\344\327\264{\312-\017:\006{\177\344N\002\326bO\260\220\006\033\362\345\005U\221DzJ0\001\301\025%1L\307\t\261\262z\374\222T\301\274V\236\223\262\270Ct\362\337b\356\024*\324\320\351\317\002k\336\234\027v\351\217\260\303\360\233ZPZWr\246$w\313\313\r\243r\232\2234\373\3539:N\004Q\245\272D\312D\300\300\t\323\0257\345e\271\na\215{\226\255x%T\257\037\333\004\344_/R\006E\344\037@\210\363\010\336T\226\247'\204_{\261\370""1\235\2445\343\033Y!\212\201\341\272\225'\007\201\242\000\217\324\304\\342\r\377mr\223\317|\006ptw\373\027\017\350\230\250TSh\371HxR\013\003""; }; "
1750527645482,1750527645482,0,1,0,2,TMValidation,"validation: """"\200\000\000\001&\000\000\000#)/\351\253\035:p\210\265\307-\212\200\004Q\212\2353k0\361\214ID\303g\277\010Y_\001~\021\333\370\255\374\\331\306\255\336)\365RthP\027\000\000\000\000\000\000\000\000\000\000\000\000\000\000\000\000\000\000\000\000\000\000\000\000\000\000\000\000\000\000\000\000P\031\335\377\321\353\327\331\302\023\347y\016\263\271\317\306\017UV\314qu?\0064A\315{3D\010\016Ss!\002\364d\217\366\217|\316F\232\231\241\n\261\333`\312O\367\235\025DD\336e\367\n\312\326\221\037\025\230vG0E\002!\000\314\202'\347Q\276\022R\354oaWv\010P\205\346\363\037#\2747\323\221H\020\371\366C\226\0001\002 <\325\346\025\205\202R\013:\037\370\326{t\300\336\345\242\347N\3567\rh\370\020\237\001zS}\272""; ","validation: """"\200\000\000\001&\000\000\000#)/\351\253\035:p\210\265\307-\212\200\004Q\212\2353k0\361\214ID\303g\277\010Y_\001~\021\333\370\255\374\\331\306\255\336)\365RthP\027\000\000\000\000\000\000\000\000\000\000\000\000\000\000\000\000\000\000\000\000\000\000\000\000\000\000\000\000\000\000\000\000P\031\335\377\321\353\327\331\302\023\347y\016\263\271\317\306\017UV\314qu?\0064A\315{3D\010\016Ss!\002\364d\217\366\217|\316F\232\231\241\n\261\333`\312O\367\235\025DD\336e\367\n\312\326\221\037\025\230vG0E\002!\000\314\202'\347Q\276\022R\354oaWv\010P\205\346\363\037#\2747\323\221H\020\371\366C\226\0001\002 <\325\346\025\205\202R\013:\037\370\326{t\300\336\345\242\347N\3567\rh\370\020\237\001zS}\272""; "
1750527645482,1750527645482,0,1,0,2,TMGetLedger,"itype: liBASE; ledgerHash: ""\212\2353k0\361\214ID\303g\277\010Y_\001~\021\333\370\255\374\\331\306\255\336)\365Rth""; queryType: qtINDIRECT; ","itype: liBASE; ledgerHash: ""\212\2353k0\361\214ID\303g\277\010Y_\001~\021\333\370\255\374\\331\306\255\336)\365Rth""; queryType: qtINDIRECT; "
1750527645483,1750527645483,0,1,1,2,TMGetLedger,"itype: liBASE; ledgerHash: ""\212\2353k0\361\214ID\303g\277\010Y_\001~\021\333\370\255\374\\331\306\255\336)\365Rth""; ledgerSeq: 35; queryType: qtINDIRECT; ","itype: liBASE; ledgerHash: ""\212\2353k0\361\214ID\303g\277\010Y_\001~\021\333\370\255\374\\331\306\255\336)\365Rth""; ledgerSeq: 35; queryType: qtINDIRECT; "
1750527645483,1750527645483,0,1,1,2,TMValidation,"validation: """"\200\000\000\001&\000\000\000#)/\351\253\035:p\210\265\307-\212\200\004Q\212\2353k0\361\214ID\303g\277\010Y_\001~\021\333\370\255\374\\331\306\255\336)\365RthP\027\000\000\000\000\000\000\000\000\000\000\000\000\000\000\000\000\000\000\000\000\000\000\000\000\000\000\000\000\000\000\000\000P\031\335\377\321\353\327\331\302\023\347y\016\263\271\317\306\017UV\314qu?\0064A\315{3D\010\016Ss!\002\364d\217\366\217|\316F\232\231\241\n\261\333`\312O\367\235\025DD\336e\367\n\312\326\221\037\025\230vG0E\002!\000\314\202'\347Q\276\022R\354oaWv\010P\205\346\363\037#\2747\323\221H\020\371\366C\226\0001\002 <\325\346\025\205\202R\013:\037\370\326{t\300\336\345\242\347N\3567\rh\370\020\237\001zS}\272""; ","validation: """"\200\000\000\001&\000\000\000#)/\351\253\035:p\210\265\307-\212\200\004Q\212\2353k0\361\214ID\303g\277\010Y_\001~\021\333\370\255\374\\331\306\255\336)\365RthP\027\000\000\000\000\000\000\000\000\000\000\000\000\000\000\000\000\000\000\000\000\000\000\000\000\000\000\000\000\000\000\000\000P\031\335\377\321\353\327\331\302\023\347y\016\263\271\317\306\017UV\314qu?\0064A\315{3D\010\016Ss!\002\364d\217\366\217|\316F\232\231\241\n\261\333`\312O\367\235\025DD\336e\367\n\312\326\221\037\025\230vG0E\002!\000\314\202'\347Q\276\022R\354oaWv\010P\205\346\363\037#\2747\323\221H\020\371\366C\226\0001\002 <\325\346\025\205\202R\013:\037\370\326{t\300\336\345\242\347N\3567\rh\370\020\237\001zS}\272""; "
1750527645484,1750527645485,0,1,3,0,TMLedgerData,"ledgerHash: ""\212\2353k0\361\214ID\303g\277\010Y_\001~\021\333\370\255\374\\331\306\255\336)\365Rth""; ledgerSeq: 35; type: liBASE; nodes {;   nodedata: ""\000\000\000#\001cEx]\211\377\330\335\377\321\353\327\331\302\023\347y\016\263\271\317\306\017UV\314qu?\0064A\315{3D\010\016S\000\000\000\000\000\000\000\000\000\000\000\000\000\000\000\000\000\000\000\000\000\000\000\000\000\000\000\000\000\000\000\000\333\036\354\023!\307\217\311\270\337\242\014p\021\211 \337U\242%*\264\332s\212\366:\202<8a\366/\351\253\031/\351\253\032\n\000""; }; nodes {;   nodedata: ""\323C\344\327\264{\312-\017:\006{\177\344N\002\326bO\260\220\006\033\362\345\005U\221DzJ0\001\301\025%1L\307\t\261\262z\374\222T\301\274V\236\223\262\270Ct\362\337b\356\024*\324\320\351\317\002k\336\234\027v\351\217\260\303\360\233ZPZWr\246$w\313\313\r\243r\232\2234\373\3539:N\004Q\245\272D\312D\300\300\t\323\0257\345e\271\na\215{\226\255x%T\257\037\333\004\344_/R\006E\344\037@\210\363\010\336T\226\247'\204_{\261\370""1\235\2445\343\033Y!\212\201\341\272\225'\007\201\242\000\217\324\304\\342\r\377mr\223\317|\006ptw\373\027\017\350\230\250TSh\371HxR\013\003""; }; ","ledgerHash: ""\212\2353k0\361\214ID\303g\277\010Y_\001~\021\333\370\255\374\\331\306\255\336)\365Rth""; ledgerSeq: 35; type: liBASE; nodes {;   nodedata: ""\000\000\000#\001cEx]\211\377\330\335\377\321\353\327\331\302\023\347y\016\263\271\317\306\017UV\314qu?\0064A\315{3D\010\016S\000\000\000\000\000\000\000\000\000\000\000\000\000\000\000\000\000\000\000\000\000\000\000\000\000\000\000\000\000\000\000\000\333\036\354\023!\307\217\311\270\337\242\014p\021\211 \337U\242%*\264\332s\212\366:\202<8a\366/\351\253\031/\351\253\032\n\000""; }; nodes {;   nodedata: ""\323C\344\327\264{\312-\017:\006{\177\344N\002\326bO\260\220\006\033\362\345\005U\221DzJ0\001\301\025%1L\307\t\261\262z\374\222T\301\274V\236\223\262\270Ct\362\337b\356\024*\324\320\351\317\002k\336\234\027v\351\217\260\303\360\233ZPZWr\246$w\313\313\r\243r\232\2234\373\3539:N\004Q\245\272D\312D\300\300\t\323\0257\345e\271\na\215{\226\255x%T\257\037\333\004\344_/R\006E\344\037@\210\363\010\336T\226\247'\204_{\261\370""1\235\2445\343\033Y!\212\201\341\272\225'\007\201\242\000\217\324\304\\342\r\377mr\223\317|\006ptw\373\027\017\350\230\250TSh\371HxR\013\003""; }; "
1750527645485,1750527645486,0,1,3,2,TMLedgerData,"ledgerHash: ""\212\2353k0\361\214ID\303g\277\010Y_\001~\021\333\370\255\374\\331\306\255\336)\365Rth""; ledgerSeq: 35; type: liBASE; nodes {;   nodedata: ""\000\000\000#\001cEx]\211\377\330\335\377\321\353\327\331\302\023\347y\016\263\271\317\306\017UV\314qu?\0064A\315{3D\010\016S\000\000\000\000\000\000\000\000\000\000\000\000\000\000\000\000\000\000\000\000\000\000\000\000\000\000\000\000\000\000\000\000\333\036\354\023!\307\217\311\270\337\242\014p\021\211 \337U\242%*\264\332s\212\366:\202<8a\366/\351\253\031/\351\253\032\n\000""; }; nodes {;   nodedata: ""\323C\344\327\264{\312-\017:\006{\177\344N\002\326bO\260\220\006\033\362\345\005U\221DzJ0\001\301\025%1L\307\t\261\262z\374\222T\301\274V\236\223\262\270Ct\362\337b\356\024*\324\320\351\317\002k\336\234\027v\351\217\260\303\360\233ZPZWr\246$w\313\313\r\243r\232\2234\373\3539:N\004Q\245\272D\312D\300\300\t\323\0257\345e\271\na\215{\226\255x%T\257\037\333\004\344_/R\006E\344\037@\210\363\010\336T\226\247'\204_{\261\370""1\235\2445\343\033Y!\212\201\341\272\225'\007\201\242\000\217\324\304\\342\r\377mr\223\317|\006ptw\373\027\017\350\230\250TSh\371HxR\013\003""; }; ","ledgerHash: ""\212\2353k0\361\214ID\303g\277\010Y_\001~\021\333\370\255\374\\331\306\255\336)\365Rth""; ledgerSeq: 35; type: liBASE; nodes {;   nodedata: ""\000\000\000#\001cEx]\211\377\330\335\377\321\353\327\331\302\023\347y\016\263\271\317\306\017UV\314qu?\0064A\315{3D\010\016S\000\000\000\000\000\000\000\000\000\000\000\000\000\000\000\000\000\000\000\000\000\000\000\000\000\000\000\000\000\000\000\000\333\036\354\023!\307\217\311\270\337\242\014p\021\211 \337U\242%*\264\332s\212\366:\202<8a\366/\351\253\031/\351\253\032\n\000""; }; nodes {;   nodedata: ""\323C\344\327\264{\312-\017:\006{\177\344N\002\326bO\260\220\006\033\362\345\005U\221DzJ0\001\301\025%1L\307\t\261\262z\374\222T\301\274V\236\223\262\270Ct\362\337b\356\024*\324\320\351\317\002k\336\234\027v\351\217\260\303\360\233ZPZWr\246$w\313\313\r\243r\232\2234\373\3539:N\004Q\245\272D\312D\300\300\t\323\0257\345e\271\na\215{\226\255x%T\257\037\333\004\344_/R\006E\344\037@\210\363\010\336T\226\247'\204_{\261\370""1\235\2445\343\033Y!\212\201\341\272\225'\007\201\242\000\217\324\304\\342\r\377mr\223\317|\006ptw\373\027\017\350\230\250TSh\371HxR\013\003""; }; "
1750527645486,1750527645486,0,1,1,0,TMGetLedger,"itype: liBASE; ledgerHash: ""\212\2353k0\361\214ID\303g\277\010Y_\001~\021\333\370\255\374\\331\306\255\336)\365Rth""; ledgerSeq: 35; queryType: qtINDIRECT; ","itype: liBASE; ledgerHash: ""\212\2353k0\361\214ID\303g\277\010Y_\001~\021\333\370\255\374\\331\306\255\336)\365Rth""; ledgerSeq: 35; queryType: qtINDIRECT; "
1750527645487,1750527645487,0,1,1,0,TMValidation,"validation: """"\200\000\000\001&\000\000\000#)/\351\253\035:p\210\265\307-\212\200\004Q\212\2353k0\361\214ID\303g\277\010Y_\001~\021\333\370\255\374\\331\306\255\336)\365RthP\027\000\000\000\000\000\000\000\000\000\000\000\000\000\000\000\000\000\000\000\000\000\000\000\000\000\000\000\000\000\000\000\000P\031\335\377\321\353\327\331\302\023\347y\016\263\271\317\306\017UV\314qu?\0064A\315{3D\010\016Ss!\002\364d\217\366\217|\316F\232\231\241\n\261\333`\312O\367\235\025DD\336e\367\n\312\326\221\037\025\230vG0E\002!\000\314\202'\347Q\276\022R\354oaWv\010P\205\346\363\037#\2747\323\221H\020\371\366C\226\0001\002 <\325\346\025\205\202R\013:\037\370\326{t\300\336\345\242\347N\3567\rh\370\020\237\001zS}\272""; ","validation: """"\200\000\000\001&\000\000\000#)/\351\253\035:p\210\265\307-\212\200\004Q\212\2353k0\361\214ID\303g\277\010Y_\001~\021\333\370\255\374\\331\306\255\336)\365RthP\027\000\000\000\000\000\000\000\000\000\000\000\000\000\000\000\000\000\000\000\000\000\000\000\000\000\000\000\000\000\000\000\000P\031\335\377\321\353\327\331\302\023\347y\016\263\271\317\306\017UV\314qu?\0064A\315{3D\010\016Ss!\002\364d\217\366\217|\316F\232\231\241\n\261\333`\312O\367\235\025DD\336e\367\n\312\326\221\037\025\230vG0E\002!\000\314\202'\347Q\276\022R\354oaWv\010P\205\346\363\037#\2747\323\221H\020\371\366C\226\0001\002 <\325\346\025\205\202R\013:\037\370\326{t\300\336\345\242\347N\3567\rh\370\020\237\001zS}\272""; "
1750527645488,1750527645488,0,1,3,1,TMLedgerData,"ledgerHash: ""\212\2353k0\361\214ID\303g\277\010Y_\001~\021\333\370\255\374\\331\306\255\336)\365Rth""; ledgerSeq: 35; type: liBASE; nodes {;   nodedata: ""\000\000\000#\001cEx]\211\377\330\335\377\321\353\327\331\302\023\347y\016\263\271\317\306\017UV\314qu?\0064A\315{3D\010\016S\000\000\000\000\000\000\000\000\000\000\000\000\000\000\000\000\000\000\000\000\000\000\000\000\000\000\000\000\000\000\000\000\333\036\354\023!\307\217\311\270\337\242\014p\021\211 \337U\242%*\264\332s\212\366:\202<8a\366/\351\253\031/\351\253\032\n\000""; }; nodes {;   nodedata: ""\323C\344\327\264{\312-\017:\006{\177\344N\002\326bO\260\220\006\033\362\345\005U\221DzJ0\001\301\025%1L\307\t\261\262z\374\222T\301\274V\236\223\262\270Ct\362\337b\356\024*\324\320\351\317\002k\336\234\027v\351\217\260\303\360\233ZPZWr\246$w\313\313\r\243r\232\2234\373\3539:N\004Q\245\272D\312D\300\300\t\323\0257\345e\271\na\215{\226\255x%T\257\037\333\004\344_/R\006E\344\037@\210\363\010\336T\226\247'\204_{\261\370""1\235\2445\343\033Y!\212\201\341\272\225'\007\201\242\000\217\324\304\\342\r\377mr\223\317|\006ptw\373\027\017\350\230\250TSh\371HxR\013\003""; }; ","ledgerHash: ""\212\2353k0\361\214ID\303g\277\010Y_\001~\021\333\370\255\374\\331\306\255\336)\365Rth""; ledgerSeq: 35; type: liBASE; nodes {;   nodedata: ""\000\000\000#\001cEx]\211\377\330\335\377\321\353\327\331\302\023\347y\016\263\271\317\306\017UV\314qu?\0064A\315{3D\010\016S\000\000\000\000\000\000\000\000\000\000\000\000\000\000\000\000\000\000\000\000\000\000\000\000\000\000\000\000\000\000\000\000\333\036\354\023!\307\217\311\270\337\242\014p\021\211 \337U\242%*\264\332s\212\366:\202<8a\366/\351\253\031/\351\253\032\n\000""; }; nodes {;   nodedata: ""\323C\344\327\264{\312-\017:\006{\177\344N\002\326bO\260\220\006\033\362\345\005U\221DzJ0\001\301\025%1L\307\t\261\262z\374\222T\301\274V\236\223\262\270Ct\362\337b\356\024*\324\320\351\317\002k\336\234\027v\351\217\260\303\360\233ZPZWr\246$w\313\313\r\243r\232\2234\373\3539:N\004Q\245\272D\312D\300\300\t\323\0257\345e\271\na\215{\226\255x%T\257\037\333\004\344_/R\006E\344\037@\210\363\010\336T\226\247'\204_{\261\370""1\235\2445\343\033Y!\212\201\341\272\225'\007\201\242\000\217\324\304\\342\r\377mr\223\317|\006ptw\373\027\017\350\230\250TSh\371HxR\013\003""; }; "
1750527645488,1750527645488,0,1,0,1,TMGetLedger,"itype: liBASE; ledgerHash: ""\212\2353k0\361\214ID\303g\277\010Y_\001~\021\333\370\255\374\\331\306\255\336)\365Rth""; queryType: qtINDIRECT; ","itype: liBASE; ledgerHash: ""\212\2353k0\361\214ID\303g\277\010Y_\001~\021\333\370\255\374\\331\306\255\336)\365Rth""; queryType: qtINDIRECT; "
1750527645489,1750527645489,0,1,0,1,TMValidation,"validation: """"\200\000\000\001&\000\000\000#)/\351\253\035:p\210\265\307-\212\200\004Q\212\2353k0\361\214ID\303g\277\010Y_\001~\021\333\370\255\374\\331\306\255\336)\365RthP\027\000\000\000\000\000\000\000\000\000\000\000\000\000\000\000\000\000\000\000\000\000\000\000\000\000\000\000\000\000\000\000\000P\031\335\377\321\353\327\331\302\023\347y\016\263\271\317\306\017UV\314qu?\0064A\315{3D\010\016Ss!\002\364d\217\366\217|\316F\232\231\241\n\261\333`\312O\367\235\025DD\336e\367\n\312\326\221\037\025\230vG0E\002!\000\314\202'\347Q\276\022R\354oaWv\010P\205\346\363\037#\2747\323\221H\020\371\366C\226\0001\002 <\325\346\025\205\202R\013:\037\370\326{t\300\336\345\242\347N\3567\rh\370\020\237\001zS}\272""; ","validation: """"\200\000\000\001&\000\000\000#)/\351\253\035:p\210\265\307-\212\200\004Q\212\2353k0\361\214ID\303g\277\010Y_\001~\021\333\370\255\374\\331\306\255\336)\365RthP\027\000\000\000\000\000\000\000\000\000\000\000\000\000\000\000\000\000\000\000\000\000\000\000\000\000\000\000\000\000\000\000\000P\031\335\377\321\353\327\331\302\023\347y\016\263\271\317\306\017UV\314qu?\0064A\315{3D\010\016Ss!\002\364d\217\366\217|\316F\232\231\241\n\261\333`\312O\367\235\025DD\336e\367\n\312\326\221\037\025\230vG0E\002!\000\314\202'\347Q\276\022R\354oaWv\010P\205\346\363\037#\2747\323\221H\020\371\366C\226\0001\002 <\325\346\025\205\202R\013:\037\370\326{t\300\336\345\242\347N\3567\rh\370\020\237\001zS}\272""; "
1750527645489,1750527645489,0,1,4,3,TMGetLedger,"itype: liBASE; ledgerHash: ""\212\2353k0\361\214ID\303g\277\010Y_\001~\021\333\370\255\374\\331\306\255\336)\365Rth""; ledgerSeq: 35; requestCookie: 2; queryType: qtINDIRECT; ","itype: liBASE; ledgerHash: ""\212\2353k0\361\214ID\303g\277\010Y_\001~\021\333\370\255\374\\331\306\255\336)\365Rth""; ledgerSeq: 35; requestCookie: 2; queryType: qtINDIRECT; "
1750527645490,1750527645490,0,1,4,3,TMGetLedger,"itype: liBASE; ledgerHash: ""\212\2353k0\361\214ID\303g\277\010Y_\001~\021\333\370\255\374\\331\306\255\336)\365Rth""; ledgerSeq: 35; requestCookie: 3; queryType: qtINDIRECT; ","itype: liBASE; ledgerHash: ""\212\2353k0\361\214ID\303g\277\010Y_\001~\021\333\370\255\374\\331\306\255\336)\365Rth""; ledgerSeq: 35; requestCookie: 3; queryType: qtINDIRECT; "
1750527645490,1750527645490,0,1,4,3,TMGetLedger,"itype: liBASE; ledgerHash: ""\212\2353k0\361\214ID\303g\277\010Y_\001~\021\333\370\255\374\\331\306\255\336)\365Rth""; requestCookie: 1; queryType: qtINDIRECT; ","itype: liBASE; ledgerHash: ""\212\2353k0\361\214ID\303g\277\010Y_\001~\021\333\370\255\374\\331\306\255\336)\365Rth""; requestCookie: 1; queryType: qtINDIRECT; "
1750527645491,1750527645491,0,1,4,3,TMGetLedger,"itype: liAS_NODE; ledgerHash: ""\212\2353k0\361\214ID\303g\277\010Y_\001~\021\333\370\255\374\\331\306\255\336)\365Rth""; ledgerSeq: 35; nodeIDs: ""\260\000\000\000\000\000\000\000\000\000\000\000\000\000\000\000\000\000\000\000\000\000\000\000\000\000\000\000\000\000\000\000\001""; queryType: qtINDIRECT; queryDepth: 1; ","itype: liAS_NODE; ledgerHash: ""\212\2353k0\361\214ID\303g\277\010Y_\001~\021\333\370\255\374\\331\306\255\336)\365Rth""; ledgerSeq: 35; nodeIDs: ""\260\000\000\000\000\000\000\000\000\000\000\000\000\000\000\000\000\000\000\000\000\000\000\000\000\000\000\000\000\000\000\000\001""; queryType: qtINDIRECT; queryDepth: 1; "
1750527645491,1750527645492,0,1,3,2,TMLedgerData,"ledgerHash: ""\212\2353k0\361\214ID\303g\277\010Y_\001~\021\333\370\255\374\\331\306\255\336)\365Rth""; ledgerSeq: 35; type: liBASE; nodes {;   nodedata: ""\000\000\000#\001cEx]\211\377\330\335\377\321\353\327\331\302\023\347y\016\263\271\317\306\017UV\314qu?\0064A\315{3D\010\016S\000\000\000\000\000\000\000\000\000\000\000\000\000\000\000\000\000\000\000\000\000\000\000\000\000\000\000\000\000\000\000\000\333\036\354\023!\307\217\311\270\337\242\014p\021\211 \337U\242%*\264\332s\212\366:\202<8a\366/\351\253\031/\351\253\032\n\000""; }; nodes {;   nodedata: ""\323C\344\327\264{\312-\017:\006{\177\344N\002\326bO\260\220\006\033\362\345\005U\221DzJ0\001\301\025%1L\307\t\261\262z\374\222T\301\274V\236\223\262\270Ct\362\337b\356\024*\324\320\351\317\002k\336\234\027v\351\217\260\303\360\233ZPZWr\246$w\313\313\r\243r\232\2234\373\3539:N\004Q\245\272D\312D\300\300\t\323\0257\345e\271\na\215{\226\255x%T\257\037\333\004\344_/R\006E\344\037@\210\363\010\336T\226\247'\204_{\261\370""1\235\2445\343\033Y!\212\201\341\272\225'\007\201\242\000\217\324\304\\342\r\377mr\223\317|\006ptw\373\027\017\350\230\250TSh\371HxR\013\003""; }; requestCookie: 5; ","ledgerHash: ""\212\2353k0\361\214ID\303g\277\010Y_\001~\021\333\370\255\374\\331\306\255\336)\365Rth""; ledgerSeq: 35; type: liBASE; nodes {;   nodedata: ""\000\000\000#\001cEx]\211\377\330\335\377\321\353\327\331\302\023\347y\016\263\271\317\306\017UV\314qu?\0064A\315{3D\010\016S\000\000\000\000\000\000\000\000\000\000\000\000\000\000\000\000\000\000\000\000\000\000\000\000\000\000\000\000\000\000\000\000\333\036\354\023!\307\217\311\270\337\242\014p\021\211 \337U\242%*\264\332s\212\366:\202<8a\366/\351\253\031/\351\253\032\n\000""; }; nodes {;   nodedata: ""\323C\344\327\264{\312-\017:\006{\177\344N\002\326bO\260\220\006\033\362\345\005U\221DzJ0\001\301\025%1L\307\t\261\262z\374\222T\301\274V\236\223\262\270Ct\362\337b\356\024*\324\320\351\317\002k\336\234\027v\351\217\260\303\360\233ZPZWr\246$w\313\313\r\243r\232\2234\373\3539:N\004Q\245\272D\312D\300\300\t\323\0257\345e\271\na\215{\226\255x%T\257\037\333\004\344_/R\006E\344\037@\210\363\010\336T\226\247'\204_{\261\370""1\235\2445\343\033Y!\212\201\341\272\225'\007\201\242\000\217\324\304\\342\r\377mr\223\317|\006ptw\373\027\017\350\230\250TSh\371HxR\013\003""; }; requestCookie: 5; "
1750527645493,1750527645493,0,1,2,3,TMGetLedger,"itype: liAS_NODE; ledgerHash: ""\212\2353k0\361\214ID\303g\277\010Y_\001~\021\333\370\255\374\\331\306\255\336)\365Rth""; ledgerSeq: 35; nodeIDs: ""\260\000\000\000\000\000\000\000\000\000\000\000\000\000\000\000\000\000\000\000\000\000\000\000\000\000\000\000\000\000\000\000\001""; queryType: qtINDIRECT; queryDepth: 1; ","itype: liAS_NODE; ledgerHash: ""\212\2353k0\361\214ID\303g\277\010Y_\001~\021\333\370\255\374\\331\306\255\336)\365Rth""; ledgerSeq: 35; nodeIDs: ""\260\000\000\000\000\000\000\000\000\000\000\000\000\000\000\000\000\000\000\000\000\000\000\000\000\000\000\000\000\000\000\000\001""; queryType: qtINDIRECT; queryDepth: 1; "
1750527645493,1750527645493,0,1,0,3,TMGetLedger,"itype: liBASE; ledgerHash: ""\212\2353k0\361\214ID\303g\277\010Y_\001~\021\333\370\255\374\\331\306\255\336)\365Rth""; queryType: qtINDIRECT; ","itype: liBASE; ledgerHash: ""\212\2353k0\361\214ID\303g\277\010Y_\001~\021\333\370\255\374\\331\306\255\336)\365Rth""; queryType: qtINDIRECT; "
1750527645494,1750527645494,0,1,0,3,TMGetLedger,"itype: liBASE; ledgerHash: ""\212\2353k0\361\214ID\303g\277\010Y_\001~\021\333\370\255\374\\331\306\255\336)\365Rth""; ledgerSeq: 35; requestCookie: 3; queryType: qtINDIRECT; ","itype: liBASE; ledgerHash: ""\212\2353k0\361\214ID\303g\277\010Y_\001~\021\333\370\255\374\\331\306\255\336)\365Rth""; ledgerSeq: 35; requestCookie: 3; queryType: qtINDIRECT; "
1750527645495,1750527645495,0,1,0,3,TMGetLedger,"itype: liBASE; ledgerHash: ""\212\2353k0\361\214ID\303g\277\010Y_\001~\021\333\370\255\374\\331\306\255\336)\365Rth""; requestCookie: 5; queryType: qtINDIRECT; ","itype: liBASE; ledgerHash: ""\212\2353k0\361\214ID\303g\277\010Y_\001~\021\333\370\255\374\\331\306\255\336)\365Rth""; requestCookie: 5; queryType: qtINDIRECT; "
1750527645496,1750527645496,0,1,2,3,TMGetLedger,"itype: liBASE; ledgerHash: ""\212\2353k0\361\214ID\303g\277\010Y_\001~\021\333\370\255\374\\331\306\255\336)\365Rth""; ledgerSeq: 35; requestCookie: 3; queryType: qtINDIRECT; ","itype: liBASE; ledgerHash: ""\212\2353k0\361\214ID\303g\277\010Y_\001~\021\333\370\255\374\\331\306\255\336)\365Rth""; ledgerSeq: 35; requestCookie: 3; queryType: qtINDIRECT; "
1750527645496,1750527645496,0,1,2,3,TMGetLedger,"itype: liBASE; ledgerHash: ""\212\2353k0\361\214ID\303g\277\010Y_\001~\021\333\370\255\374\\331\306\255\336)\365Rth""; requestCookie: 2; queryType: qtINDIRECT; ","itype: liBASE; ledgerHash: ""\212\2353k0\361\214ID\303g\277\010Y_\001~\021\333\370\255\374\\331\306\255\336)\365Rth""; requestCookie: 2; queryType: qtINDIRECT; "
1750527645496,1750527645496,0,1,1,3,TMGetLedger,"itype: liBASE; ledgerHash: ""\212\2353k0\361\214ID\303g\277\010Y_\001~\021\333\370\255\374\\331\306\255\336)\365Rth""; ledgerSeq: 35; queryType: qtINDIRECT; ","itype: liBASE; ledgerHash: ""\212\2353k0\361\214ID\303g\277\010Y_\001~\021\333\370\255\374\\331\306\255\336)\365Rth""; ledgerSeq: 35; queryType: qtINDIRECT; "
1750527645497,1750527645497,0,1,1,3,TMGetLedger,"itype: liBASE; ledgerHash: ""\212\2353k0\361\214ID\303g\277\010Y_\001~\021\333\370\255\374\\331\306\255\336)\365Rth""; requestCookie: 5; queryType: qtINDIRECT; ","itype: liBASE; ledgerHash: ""\212\2353k0\361\214ID\303g\277\010Y_\001~\021\333\370\255\374\\331\306\255\336)\365Rth""; requestCookie: 5; queryType: qtINDIRECT; "
1750527645498,1750527645498,0,1,1,3,TMGetLedger,"itype: liBASE; ledgerHash: ""\212\2353k0\361\214ID\303g\277\010Y_\001~\021\333\370\255\374\\331\306\255\336)\365Rth""; ledgerSeq: 35; requestCookie: 3; queryType: qtINDIRECT; ","itype: liBASE; ledgerHash: ""\212\2353k0\361\214ID\303g\277\010Y_\001~\021\333\370\255\374\\331\306\255\336)\365Rth""; ledgerSeq: 35; requestCookie: 3; queryType: qtINDIRECT; "
1750527645499,1750527645499,0,1,3,4,TMLedgerData,"ledgerHash: ""\212\2353k0\361\214ID\303g\277\010Y_\001~\021\333\370\255\374\\331\306\255\336)\365Rth""; ledgerSeq: 35; type: liBASE; nodes {;   nodedata: ""\000\000\000#\001cEx]\211\377\330\335\377\321\353\327\331\302\023\347y\016\263\271\317\306\017UV\314qu?\0064A\315{3D\010\016S\000\000\000\000\000\000\000\000\000\000\000\000\000\000\000\000\000\000\000\000\000\000\000\000\000\000\000\000\000\000\000\000\333\036\354\023!\307\217\311\270\337\242\014p\021\211 \337U\242%*\264\332s\212\366:\202<8a\366/\351\253\031/\351\253\032\n\000""; }; nodes {;   nodedata: ""\323C\344\327\264{\312-\017:\006{\177\344N\002\326bO\260\220\006\033\362\345\005U\221DzJ0\001\301\025%1L\307\t\261\262z\374\222T\301\274V\236\223\262\270Ct\362\337b\356\024*\324\320\351\317\002k\336\234\027v\351\217\260\303\360\233ZPZWr\246$w\313\313\r\243r\232\2234\373\3539:N\004Q\245\272D\312D\300\300\t\323\0257\345e\271\na\215{\226\255x%T\257\037\333\004\344_/R\006E\344\037@\210\363\010\336T\226\247'\204_{\261\370""1\235\2445\343\033Y!\212\201\341\272\225'\007\201\242\000\217\324\304\\342\r\377mr\223\317|\006ptw\373\027\017\350\230\250TSh\371HxR\013\003""; }; requestCookie: 2; ","ledgerHash: ""\212\2353k0\361\214ID\303g\277\010Y_\001~\021\333\370\255\374\\331\306\255\336)\365Rth""; ledgerSeq: 35; type: liBASE; nodes {;   nodedata: ""\000\000\000#\001cEx]\211\377\330\335\377\321\353\327\331\302\023\347y\016\263\271\317\306\017UV\314qu?\0064A\315{3D\010\016S\000\000\000\000\000\000\000\000\000\000\000\000\000\000\000\000\000\000\000\000\000\000\000\000\000\000\000\000\000\000\000\000\333\036\354\023!\307\217\311\270\337\242\014p\021\211 \337U\242%*\264\332s\212\366:\202<8a\366/\351\253\031/\351\253\032\n\000""; }; nodes {;   nodedata: ""\323C\344\327\264{\312-\017:\006{\177\344N\002\326bO\260\220\006\033\362\345\005U\221DzJ0\001\301\025%1L\307\t\261\262z\374\222T\301\274V\236\223\262\270Ct\362\337b\356\024*\324\320\351\317\002k\336\234\027v\351\217\260\303\360\233ZPZWr\246$w\313\313\r\243r\232\2234\373\3539:N\004Q\245\272D\312D\300\300\t\323\0257\345e\271\na\215{\226\255x%T\257\037\333\004\344_/R\006E\344\037@\210\363\010\336T\226\247'\204_{\261\370""1\235\2445\343\033Y!\212\201\341\272\225'\007\201\242\000\217\324\304\\342\r\377mr\223\317|\006ptw\373\027\017\350\230\250TSh\371HxR\013\003""; }; requestCookie: 2; "
1750527645499,1750527645499,0,1,3,4,TMLedgerData,"ledgerHash: ""\212\2353k0\361\214ID\303g\277\010Y_\001~\021\333\370\255\374\\331\306\255\336)\365Rth""; ledgerSeq: 35; type: liBASE; nodes {;   nodedata: ""\000\000\000#\001cEx]\211\377\330\335\377\321\353\327\331\302\023\347y\016\263\271\317\306\017UV\314qu?\0064A\315{3D\010\016S\000\000\000\000\000\000\000\000\000\000\000\000\000\000\000\000\000\000\000\000\000\000\000\000\000\000\000\000\000\000\000\000\333\036\354\023!\307\217\311\270\337\242\014p\021\211 \337U\242%*\264\332s\212\366:\202<8a\366/\351\253\031/\351\253\032\n\000""; }; nodes {;   nodedata: ""\323C\344\327\264{\312-\017:\006{\177\344N\002\326bO\260\220\006\033\362\345\005U\221DzJ0\001\301\025%1L\307\t\261\262z\374\222T\301\274V\236\223\262\270Ct\362\337b\356\024*\324\320\351\317\002k\336\234\027v\351\217\260\303\360\233ZPZWr\246$w\313\313\r\243r\232\2234\373\3539:N\004Q\245\272D\312D\300\300\t\323\0257\345e\271\na\215{\226\255x%T\257\037\333\004\344_/R\006E\344\037@\210\363\010\336T\226\247'\204_{\261\370""1\235\2445\343\033Y!\212\201\341\272\225'\007\201\242\000\217\324\304\\342\r\377mr\223\317|\006ptw\373\027\017\350\230\250TSh\371HxR\013\003""; }; requestCookie: 3; ","ledgerHash: ""\212\2353k0\361\214ID\303g\277\010Y_\001~\021\333\370\255\374\\331\306\255\336)\365Rth""; ledgerSeq: 35; type: liBASE; nodes {;   nodedata: ""\000\000\000#\001cEx]\211\377\330\335\377\321\353\327\331\302\023\347y\016\263\271\317\306\017UV\314qu?\0064A\315{3D\010\016S\000\000\000\000\000\000\000\000\000\000\000\000\000\000\000\000\000\000\000\000\000\000\000\000\000\000\000\000\000\000\000\000\333\036\354\023!\307\217\311\270\337\242\014p\021\211 \337U\242%*\264\332s\212\366:\202<8a\366/\351\253\031/\351\253\032\n\000""; }; nodes {;   nodedata: ""\323C\344\327\264{\312-\017:\006{\177\344N\002\326bO\260\220\006\033\362\345\005U\221DzJ0\001\301\025%1L\307\t\261\262z\374\222T\301\274V\236\223\262\270Ct\362\337b\356\024*\324\320\351\317\002k\336\234\027v\351\217\260\303\360\233ZPZWr\246$w\313\313\r\243r\232\2234\373\3539:N\004Q\245\272D\312D\300\300\t\323\0257\345e\271\na\215{\226\255x%T\257\037\333\004\344_/R\006E\344\037@\210\363\010\336T\226\247'\204_{\261\370""1\235\2445\343\033Y!\212\201\341\272\225'\007\201\242\000\217\324\304\\342\r\377mr\223\317|\006ptw\373\027\017\350\230\250TSh\371HxR\013\003""; }; requestCookie: 3; "
1750527645500,1750527645500,0,1,3,4,TMLedgerData,"ledgerHash: ""\212\2353k0\361\214ID\303g\277\010Y_\001~\021\333\370\255\374\\331\306\255\336)\365Rth""; ledgerSeq: 35; type: liBASE; nodes {;   nodedata: ""\000\000\000#\001cEx]\211\377\330\335\377\321\353\327\331\302\023\347y\016\263\271\317\306\017UV\314qu?\0064A\315{3D\010\016S\000\000\000\000\000\000\000\000\000\000\000\000\000\000\000\000\000\000\000\000\000\000\000\000\000\000\000\000\000\000\000\000\333\036\354\023!\307\217\311\270\337\242\014p\021\211 \337U\242%*\264\332s\212\366:\202<8a\366/\351\253\031/\351\253\032\n\000""; }; nodes {;   nodedata: ""\323C\344\327\264{\312-\017:\006{\177\344N\002\326bO\260\220\006\033\362\345\005U\221DzJ0\001\301\025%1L\307\t\261\262z\374\222T\301\274V\236\223\262\270Ct\362\337b\356\024*\324\320\351\317\002k\336\234\027v\351\217\260\303\360\233ZPZWr\246$w\313\313\r\243r\232\2234\373\3539:N\004Q\245\272D\312D\300\300\t\323\0257\345e\271\na\215{\226\255x%T\257\037\333\004\344_/R\006E\344\037@\210\363\010\336T\226\247'\204_{\261\370""1\235\2445\343\033Y!\212\201\341\272\225'\007\201\242\000\217\324\304\\342\r\377mr\223\317|\006ptw\373\027\017\350\230\250TSh\371HxR\013\003""; }; requestCookie: 1; ","ledgerHash: ""\212\2353k0\361\214ID\303g\277\010Y_\001~\021\333\370\255\374\\331\306\255\336)\365Rth""; ledgerSeq: 35; type: liBASE; nodes {;   nodedata: ""\000\000\000#\001cEx]\211\377\330\335\377\321\353\327\331\302\023\347y\016\263\271\317\306\017UV\314qu?\0064A\315{3D\010\016S\000\000\000\000\000\000\000\000\000\000\000\000\000\000\000\000\000\000\000\000\000\000\000\000\000\000\000\000\000\000\000\000\333\036\354\023!\307\217\311\270\337\242\014p\021\211 \337U\242%*\264\332s\212\366:\202<8a\366/\351\253\031/\351\253\032\n\000""; }; nodes {;   nodedata: ""\323C\344\327\264{\312-\017:\006{\177\344N\002\326bO\260\220\006\033\362\345\005U\221DzJ0\001\301\025%1L\307\t\261\262z\374\222T\301\274V\236\223\262\270Ct\362\337b\356\024*\324\320\351\317\002k\336\234\027v\351\217\260\303\360\233ZPZWr\246$w\313\313\r\243r\232\2234\373\3539:N\004Q\245\272D\312D\300\300\t\323\0257\345e\271\na\215{\226\255x%T\257\037\333\004\344_/R\006E\344\037@\210\363\010\336T\226\247'\204_{\261\370""1\235\2445\343\033Y!\212\201\341\272\225'\007\201\242\000\217\324\304\\342\r\377mr\223\317|\006ptw\373\027\017\350\230\250TSh\371HxR\013\003""; }; requestCookie: 1; "
1750527645501,1750527645501,0,1,3,4,TMLedgerData,"ledgerHash: ""\212\2353k0\361\214ID\303g\277\010Y_\001~\021\333\370\255\374\\331\306\255\336)\365Rth""; ledgerSeq: 35; type: liAS_NODE; nodes {;   nodedata: ""\021\000h""\000\000\000\000 \033\000\000\000""\002\023\304\237\330\356GuH\375\327!\255\371\r\231\262R\256J\034\222\241\355X\265E\241^W\225\304\014\361CX-}\351f\032\255\274\334m\326c\017\014ao[\342\230\003\245\245\3341Hm\326^\017jy\335\261\032Yt\320\244{g\0306\\302\303*\341\215\223\257\364\277o\375\000r\241SOq\221\253\262\005\017\375T\356\014\360o'\030\311-\267\031\257!\031T\006><\315XM\334\324\345\034\000\325\367\240\271\013\265\024\321\362\354\211\250.\234s\225amc\305\035\366\276\037nD\277`\210\223N\3535\033\261\304f\331]\036\237\306o!\223\221\002\324\031\262\240R\177 ,\214\325\Q])\016\2067\277\t\354\010\000\360\215\2502\265\245\310\226\243c\302Ze\306\253#r\020\211\320iG\276\020E\317\035Sf\223F\254\033@\177e\277\016\010u\327\371&\262\312\317Q\2361t\377x\234\001v\003%\030\325_\225g\204\346a=\225\273\331\354\365*U\363\263N\367b\371\244\314-w\363\262\225Z\200\206\235\233\257?sE\2674\254\326mU\377?\177Ek\336\030!\316Aa\225\303\022\377{\210Y\226\271as\354L\035\004\341\361\035\301\024\220m#*\372\032\3178~\374\250\014*\323\342'z69\220\327\256\351G\367\317u\302\207\270b\315\333\333\334\310I\323&\014\352XZnW2.\335\347\202\021\247\362\212e\034\000\001\250\220\305;a\314\265R\310\017\317\331\235\360\262\240:\277\202\266\354\265X""\022\nh\252\352w\204\203\023]\001f\352\277\0031Q]\362\370R\350{\261\202\240\344\215\201\353\276\322p5p\350\354\017>\250r\241c\273\016\301\024\363\242\247\263\231\370\344\nBW\220K\316@3\243\200\036wk\253GSlU\010\360\231>\331\263H\214\324\030A\225\301o\346pkSF\004\241\213w9\223=\250\262*+\255\351r\265\244c\024\213\t\007`\223\325#\3477\210\345P\306\013\320\252[\0216+\227=`\371P\314\346 V7\271[~\n\237\274|\347\352@K\253~&\260\032\024\004B\200\255h\351\013\361\031:nG\211\005|\2003\266\274\251,W\006u\344\335d\003\306\212\313,\340\350bG\n\030Z\2732-\246\312\255\030\003\235207\005}D\260\0261ah\322M\304\216\273m0\271\234\237\007<w$\265C\245\232\033\023\313c\321B\032l\301h\005\320\252\301\361(\330[\343\357\343{\235\n\266g\272>\177\317\347\261qb&\270&\346ju\200\363N\320\307\004\034\001n\317\361\2653\254\2503\247\305\372\316W\022O\253x\250\025\373\247\354Tc\304\263\243^\352Gv\\264\261\r\035\226\306\2411\351\233\203\215\200$\231\300f\220\371c@\017\254\363\\371\340\340VaR\205~^\226\342t\360\022\204d\231\205)\272\364?\361!\334\331\315\254\230\rBG\314\023\246\244=\351\177\254\302b&\276+H;0\312\021&\275\036\237\350R\313\206R\331\304k\323u\263t\221\213yC\241\217A\242\027g\322\241'\212.E?B_\316\327\217J +\370\t^b\005\020\003\211\373\247|hC\271Nmk~J\270EU\274\036-\347\240\312FA\321\341bca\253\025\321\311\317\021\375\317\217\n\272\033o\353G>\275\361H\265\240\232um""\317\324`\214\221\314\000\211K\223+(""\200i \311\372g\254\343ZR0\224\275q\252\357\213\263\206N\357&Q\217\267\303\356I\236\357\264\311b\037\366\035\253\343\311\265\240\327q\206f\262ODi\215-\363>\034\236l\273\005G\316F\217}[\036\007\270:\260\335\271B\241N\345\330\204\327f\361\272Kb\0377p\334\264\237\177~\330]\252+:\317u\302h\n\351\n\364\231\277R\371\356\033y\265v\360Ny\246\332qY\262\231\251\n\305\334\202\305\362\n\367@k\231\016R:\327\242\366\242\253LZY\223$Gw^\203\302\311\316I7\371tTwp}\005|\372\214\251{R`\230V\244-\326I\351\255\325i\335\377\321\353\327\331\302\023\347y\016\263\271\317\306\017UV\314qu?\0064A\315{3D\010\016S\264\227\2326\315\307\363\323\325\303\032N\256*\307\327 \235\332\207u\210\271\257\306g\231i*\260\326k\001"";   nodeid: ""\260\000\000\000\000\000\000\000\000\000\000\000\000\000\000\000\000\000\000\000\000\000\000\000\000\000\000\000\000\000\000\000\001""; }; ","ledgerHash: ""\212\2353k0\361\214ID\303g\277\010Y_\001~\021\333\370\255\374\\331\306\255\336)\365Rth""; ledgerSeq: 35; type: liAS_NODE; nodes {;   nodedata: ""\021\000h""\000\000\000\000 \033\000\000\000""\002\023\304\237\330\356GuH\375\327!\255\371\r\231\262R\256J\034\222\241\355X\265E\241^W\225\304\014\361CX-}\351f\032\255\274\334m\326c\017\014ao[\342\230\003\245\245\3341Hm\326^\017jy\335\261\032Yt\320\244{g\0306\\302\303*\341\215\223\257\364\277o\375\000r\241SOq\221\253\262\005\017\375T\356\014\360o'\030\311-\267\031\257!\031T\006><\315XM\334\324\345\034\000\325\367\240\271\013\265\024\321\362\354\211\250.\234s\225amc\305\035\366\276\037nD\277`\210\223N\3535\033\261\304f\331]\036\237\306o!\223\221\002\324\031\262\240R\177 ,\214\325\Q])\016\2067\277\t\354\010\000\360\215\2502\265\245\310\226\243c\302Ze\306\253#r\020\211\320iG\276\020E\317\035Sf\223F\254\033@\177e\277\016\010u\327\371&\262\312\317Q\2361t\377x\234\001v\003%\030\325_\225g\204\346a=\225\273\331\354\365*U\363\263N\367b\371\244\314-w\363\262\225Z\200\206\235\233\257?sE\2674\254\326mU\377?\177Ek\336\030!\316Aa\225\303\022\377{\210Y\226\271as\354L\035\004\341\361\035\301\024\220m#*\372\032\3178~\374\250\014*\323\342'z69\220\327\256\351G\367\317u\302\207\270b\315\333\333\334\310I\323&\014\352XZnW2.\335\347\202\021\247\362\212e\034\000\001\250\220\305;a\314\265R\310\017\317\331\235\360\262\240:\277\202\266\354\265X""\022\nh\252\352w\204\203\023]\001f\352\277\0031Q]\362\370R\350{\261\202\240\344\215\201\353\276\322p5p\350\354\017>\250r\241c\273\016\301\024\363\242\247\263\231\370\344\nBW\220K\316@3\243\200\036wk\253GSlU\010\360\231>\331\263H\214\324\030A\225\301o\346pkSF\004\241\213w9\223=\250\262*+\255\351r\265\244c\024\213\t\007`\223\325#\3477\210\345P\306\013\320\252[\0216+\227=`\371P\314\346 V7\271[~\n\237\274|\347\352@K\253~&\260\032\024\004B\200\255h\351\013\361\031:nG\211\005|\2003\266\274\251,W\006u\344\335d\003\306\212\313,\340\350bG\n\030Z\2732-\246\312\255\030\003\235207\005}D\260\0261ah\322M\304\216\273m0\271\234\237\007<w$\265C\245\232\033\023\313c\321B\032l\301h\005\320\252\301\361(\330[\343\357\343{\235\n\266g\272>\177\317\347\261qb&\270&\346ju\200\363N\320\307\004\034\001n\317\361\2653\254\2503\247\305\372\316W\022O\253x\250\025\373\247\354Tc\304\263\243^\352Gv\\264\261\r\035\226\306\2411\351\233\203\215\200$\231\300f\220\371c@\017\254\363\\371\340\340VaR\205~^\226\342t\360\022\204d\231\205)\272\364?\361!\334\331\315\254\230\rBG\314\023\246\244=\351\177\254\302b&\276+H;0\312\021&\275\036\237\350R\313\206R\331\304k\323u\263t\221\213yC\241\217A\242\027g\322\241'\212.E?B_\316\327\217J +\370\t^b\005\020\003\211\373\247|hC\271Nmk~J\270EU\274\036-\347\240\312FA\321\341bca\253\025\321\311\317\021\375\317\217\n\272\033o\353G>\275\361H\265\240\232um""\317\324`\214\221\314\000\211K\223+(""\200i \311\372g\254\343ZR0\224\275q\252\357\213\263\206N\357&Q\217\267\303\356I\236\357\264\311b\037\366\035\253\343\311\265\240\327q\206f\262ODi\215-\363>\034\236l\273\005G\316F\217}[\036\007\270:\260\335\271B\241N\345\330\204\327f\361\272Kb\0377p\334\264\237\177~\330]\252+:\317u\302h\n\351\n\364\231\277R\371\356\033y\265v\360Ny\246\332qY\262\231\251\n\305\334\202\305\362\n\367@k\231\016R:\327\242\366\242\253LZY\223$Gw^\203\302\311\316I7\371tTwp}\005|\372\214\251{R`\230V\244-\326I\351\255\325i\335\377\321\353\327\331\302\023\347y\016\263\271\317\306\017UV\314qu?\0064A\315{3D\010\016S\264\227\2326\315\307\363\323\325\303\032N\256*\307\327 \235\332\207u\210\271\257\306g\231i*\260\326k\001"";   nodeid: ""\260\000\000\000\000\000\000\000\000\000\000\000\000\000\000\000\000\000\000\000\000\000\000\000\000\000\000\000\000\000\000\000\001""; }; "
1750527645502,1750527645502,0,1,2,4,TMLedgerData,"ledgerHash: ""\212\2353k0\361\214ID\303g\277\010Y_\001~\021\333\370\255\374\\331\306\255\336)\365Rth""; ledgerSeq: 35; type: liBASE; nodes {;   nodedata: ""\000\000\000#\001cEx]\211\377\330\335\377\321\353\327\331\302\023\347y\016\263\271\317\306\017UV\314qu?\0064A\315{3D\010\016S\000\000\000\000\000\000\000\000\000\000\000\000\000\000\000\000\000\000\000\000\000\000\000\000\000\000\000\000\000\000\000\000\333\036\354\023!\307\217\311\270\337\242\014p\021\211 \337U\242%*\264\332s\212\366:\202<8a\366/\351\253\031/\351\253\032\n\000""; }; nodes {;   nodedata: ""\323C\344\327\264{\312-\017:\006{\177\344N\002\326bO\260\220\006\033\362\345\005U\221DzJ0\001\301\025%1L\307\t\261\262z\374\222T\301\274V\236\223\262\270Ct\362\337b\356\024*\324\320\351\317\002k\336\234\027v\351\217\260\303\360\233ZPZWr\246$w\313\313\r\243r\232\2234\373\3539:N\004Q\245\272D\312D\300\300\t\323\0257\345e\271\na\215{\226\255x%T\257\037\333\004\344_/R\006E\344\037@\210\363\010\336T\226\247'\204_{\261\370""1\235\2445\343\033Y!\212\201\341\272\225'\007\201\242\000\217\324\304\\342\r\377mr\223\317|\006ptw\373\027\017\350\230\250TSh\371HxR\013\003""; }; ","ledgerHash: ""\212\2353k0\361\214ID\303g\277\010Y_\001~\021\333\370\255\374\\331\306\255\336)\365Rth""; ledgerSeq: 35; type: liBASE; nodes {;   nodedata: ""\000\000\000#\001cEx]\211\377\330\335\377\321\353\327\331\302\023\347y\016\263\271\317\306\017UV\314qu?\0064A\315{3D\010\016S\000\000\000\000\000\000\000\000\000\000\000\000\000\000\000\000\000\000\000\000\000\000\000\000\000\000\000\000\000\000\000\000\333\036\354\023!\307\217\311\270\337\242\014p\021\211 \337U\242%*\264\332s\212\366:\202<8a\366/\351\253\031/\351\253\032\n\000""; }; nodes {;   nodedata: ""\323C\344\327\264{\312-\017:\006{\177\344N\002\326bO\260\220\006\033\362\345\005U\221DzJ0\001\301\025%1L\307\t\261\262z\374\222T\301\274V\236\223\262\270Ct\362\337b\356\024*\324\320\351\317\002k\336\234\027v\351\217\260\303\360\233ZPZWr\246$w\313\313\r\243r\232\2234\373\3539:N\004Q\245\272D\312D\300\300\t\323\0257\345e\271\na\215{\226\255x%T\257\037\333\004\344_/R\006E\344\037@\210\363\010\336T\226\247'\204_{\261\370""1\235\2445\343\033Y!\212\201\341\272\225'\007\201\242\000\217\324\304\\342\r\377mr\223\317|\006ptw\373\027\017\350\230\250TSh\371HxR\013\003""; }; "
1750527645503,1750527645503,0,1,3,2,TMLedgerData,"ledgerHash: ""\212\2353k0\361\214ID\303g\277\010Y_\001~\021\333\370\255\374\\331\306\255\336)\365Rth""; ledgerSeq: 35; type: liAS_NODE; nodes {;   nodedata: ""\021\000h""\000\000\000\000 \033\000\000\000""\002\023\304\237\330\356GuH\375\327!\255\371\r\231\262R\256J\034\222\241\355X\265E\241^W\225\304\014\361CX-}\351f\032\255\274\334m\326c\017\014ao[\342\230\003\245\245\3341Hm\326^\017jy\335\261\032Yt\320\244{g\0306\\302\303*\341\215\223\257\364\277o\375\000r\241SOq\221\253\262\005\017\375T\356\014\360o'\030\311-\267\031\257!\031T\006><\315XM\334\324\345\034\000\325\367\240\271\013\265\024\321\362\354\211\250.\234s\225amc\305\035\366\276\037nD\277`\210\223N\3535\033\261\304f\331]\036\237\306o!\223\221\002\324\031\262\240R\177 ,\214\325\Q])\016\2067\277\t\354\010\000\360\215\2502\265\245\310\226\243c\302Ze\306\253#r\020\211\320iG\276\020E\317\035Sf\223F\254\033@\177e\277\016\010u\327\371&\262\312\317Q\2361t\377x\234\001v\003%\030\325_\225g\204\346a=\225\273\331\354\365*U\363\263N\367b\371\244\314-w\363\262\225Z\200\206\235\233\257?sE\2674\254\326mU\377?\177Ek\336\030!\316Aa\225\303\022\377{\210Y\226\271as\354L\035\004\341\361\035\301\024\220m#*\372\032\3178~\374\250\014*\323\342'z69\220\327\256\351G\367\317u\302\207\270b\315\333\333\334\310I\323&\014\352XZnW2.\335\347\202\021\247\362\212e\034\000\001\250\220\305;a\314\265R\310\017\317\331\235\360\262\240:\277\202\266\354\265X""\022\nh\252\352w\204\203\023]\001f\352\277\0031Q]\362\370R\350{\261\202\240\344\215\201\353\276\322p5p\350\354\017>\250r\241c\273\016\301\024\363\242\247\263\231\370\344\nBW\220K\316@3\243\200\036wk\253GSlU\010\360\231>\331\263H\214\324\030A\225\301o\346pkSF\004\241\213w9\223=\250\262*+\255\351r\265\244c\024\213\t\007`\223\325#\3477\210\345P\306\013\320\252[\0216+\227=`\371P\314\346 V7\271[~\n\237\274|\347\352@K\253~&\260\032\024\004B\200\255h\351\013\361\031:nG\211\005|\2003\266\274\251,W\006u\344\335d\003\306\212\313,\340\350bG\n\030Z\2732-\246\312\255\030\003\235207\005}D\260\0261ah\322M\304\216\273m0\271\234\237\007<w$\265C\245\232\033\023\313c\321B\032l\301h\005\320\252\301\361(\330[\343\357\343{\235\n\266g\272>\177\317\347\261qb&\270&\346ju\200\363N\320\307\004\034\001n\317\361\2653\254\2503\247\305\372\316W\022O\253x\250\025\373\247\354Tc\304\263\243^\352Gv\\264\261\r\035\226\306\2411\351\233\203\215\200$\231\300f\220\371c@\017\254\363\\371\340\340VaR\205~^\226\342t\360\022\204d\231\205)\272\364?\361!\334\331\315\254\230\rBG\314\023\246\244=\351\177\254\302b&\276+H;0\312\021&\275\036\237\350R\313\206R\331\304k\323u\263t\221\213yC\241\217A\242\027g\322\241'\212.E?B_\316\327\217J +\370\t^b\005\020\003\211\373\247|hC\271Nmk~J\270EU\274\036-\347\240\312FA\321\341bca\253\025\321\311\317\021\375\317\217\n\272\033o\353G>\275\361H\265\240\232um""\317\324`\214\221\314\000\211K\223+(""\200i \311\372g\254\343ZR0\224\275q\252\357\213\263\206N\357&Q\217\267\303\356I\236\357\264\311b\037\366\035\253\343\311\265\240\327q\206f\262ODi\215-\363>\034\236l\273\005G\316F\217}[\036\007\270:\260\335\271B\241N\345\330\204\327f\361\272Kb\0377p\334\264\237\177~\330]\252+:\317u\302h\n\351\n\364\231\277R\371\356\033y\265v\360Ny\246\332qY\262\231\251\n\305\334\202\305\362\n\367@k\231\016R:\327\242\366\242\253LZY\223$Gw^\203\302\311\316I7\371tTwp}\005|\372\214\251{R`\230V\244-\326I\351\255\325i\335\377\321\353\327\331\302\023\347y\016\263\271\317\306\017UV\314qu?\0064A\315{3D\010\016S\264\227\2326\315\307\363\323\325\303\032N\256*\307\327 \235\332\207u\210\271\257\306g\231i*\260\326k\001"";   nodeid: ""\260\000\000\000\000\000\000\000\000\000\000\000\000\000\000\000\000\000\000\000\000\000\000\000\000\000\000\000\000\000\000\000\001""; }; ","ledgerHash: ""\212\2353k0\361\214ID\303g\277\010Y_\001~\021\333\370\255\374\\331\306\255\336)\365Rth""; ledgerSeq: 35; type: liAS_NODE; nodes {;   nodedata: ""\021\000h""\000\000\000\000 \033\000\000\000""\002\023\304\237\330\356GuH\375\327!\255\371\r\231\262R\256J\034\222\241\355X\265E\241^W\225\304\014\361CX-}\351f\032\255\274\334m\326c\017\014ao[\342\230\003\245\245\3341Hm\326^\017jy\335\261\032Yt\320\244{g\0306\\302\303*\341\215\223\257\364\277o\375\000r\241SOq\221\253\262\005\017\375T\356\014\360o'\030\311-\267\031\257!\031T\006><\315XM\334\324\345\034\000\325\367\240\271\013\265\024\321\362\354\211\250.\234s\225amc\305\035\366\276\037nD\277`\210\223N\3535\033\261\304f\331]\036\237\306o!\223\221\002\324\031\262\240R\177 ,\214\325\Q])\016\2067\277\t\354\010\000\360\215\2502\265\245\310\226\243c\302Ze\306\253#r\020\211\320iG\276\020E\317\035Sf\223F\254\033@\177e\277\016\010u\327\371&\262\312\317Q\2361t\377x\234\001v\003%\030\325_\225g\204\346a=\225\273\331\354\365*U\363\263N\367b\371\244\314-w\363\262\225Z\200\206\235\233\257?sE\2674\254\326mU\377?\177Ek\336\030!\316Aa\225\303\022\377{\210Y\226\271as\354L\035\004\341\361\035\301\024\220m#*\372\032\3178~\374\250\014*\323\342'z69\220\327\256\351G\367\317u\302\207\270b\315\333\333\334\310I\323&\014\352XZnW2.\335\347\202\021\247\362\212e\034\000\001\250\220\305;a\314\265R\310\017\317\331\235\360\262\240:\277\202\266\354\265X""\022\nh\252\352w\204\203\023]\001f\352\277\0031Q]\362\370R\350{\261\202\240\344\215\201\353\276\322p5p\350\354\017>\250r\241c\273\016\301\024\363\242\247\263\231\370\344\nBW\220K\316@3\243\200\036wk\253GSlU\010\360\231>\331\263H\214\324\030A\225\301o\346pkSF\004\241\213w9\223=\250\262*+\255\351r\265\244c\024\213\t\007`\223\325#\3477\210\345P\306\013\320\252[\0216+\227=`\371P\314\346 V7\271[~\n\237\274|\347\352@K\253~&\260\032\024\004B\200\255h\351\013\361\031:nG\211\005|\2003\266\274\251,W\006u\344\335d\003\306\212\313,\340\350bG\n\030Z\2732-\246\312\255\030\003\235207\005}D\260\0261ah\322M\304\216\273m0\271\234\237\007<w$\265C\245\232\033\023\313c\321B\032l\301h\005\320\252\301\361(\330[\343\357\343{\235\n\266g\272>\177\317\347\261qb&\270&\346ju\200\363N\320\307\004\034\001n\317\361\2653\254\2503\247\305\372\316W\022O\253x\250\025\373\247\354Tc\304\263\243^\352Gv\\264\261\r\035\226\306\2411\351\233\203\215\200$\231\300f\220\371c@\017\254\363\\371\340\340VaR\205~^\226\342t\360\022\204d\231\205)\272\364?\361!\334\331\315\254\230\rBG\314\023\246\244=\351\177\254\302b&\276+H;0\312\021&\275\036\237\350R\313\206R\331\304k\323u\263t\221\213yC\241\217A\242\027g\322\241'\212.E?B_\316\327\217J +\370\t^b\005\020\003\211\373\247|hC\271Nmk~J\270EU\274\036-\347\240\312FA\321\341bca\253\025\321\311\317\021\375\317\217\n\272\033o\353G>\275\361H\265\240\232um""\317\324`\214\221\314\000\211K\223+(""\200i \311\372g\254\343ZR0\224\275q\252\357\213\263\206N\357&Q\217\267\303\356I\236\357\264\311b\037\366\035\253\343\311\265\240\327q\206f\262ODi\215-\363>\034\236l\273\005G\316F\217}[\036\007\270:\260\335\271B\241N\345\330\204\327f\361\272Kb\0377p\334\264\237\177~\330]\252+:\317u\302h\n\351\n\364\231\277R\371\356\033y\265v\360Ny\246\332qY\262\231\251\n\305\334\202\305\362\n\367@k\231\016R:\327\242\366\242\253LZY\223$Gw^\203\302\311\316I7\371tTwp}\005|\372\214\251{R`\230V\244-\326I\351\255\325i\335\377\321\353\327\331\302\023\347y\016\263\271\317\306\017UV\314qu?\0064A\315{3D\010\016S\264\227\2326\315\307\363\323\325\303\032N\256*\307\327 \235\332\207u\210\271\257\306g\231i*\260\326k\001"";   nodeid: ""\260\000\000\000\000\000\000\000\000\000\000\000\000\000\000\000\000\000\000\000\000\000\000\000\000\000\000\000\000\000\000\000\001""; }; "
1750527645504,1750527645504,0,1,3,0,TMLedgerData,"ledgerHash: ""\212\2353k0\361\214ID\303g\277\010Y_\001~\021\333\370\255\374\\331\306\255\336)\365Rth""; ledgerSeq: 35; type: liBASE; nodes {;   nodedata: ""\000\000\000#\001cEx]\211\377\330\335\377\321\353\327\331\302\023\347y\016\263\271\317\306\017UV\314qu?\0064A\315{3D\010\016S\000\000\000\000\000\000\000\000\000\000\000\000\000\000\000\000\000\000\000\000\000\000\000\000\000\000\000\000\000\000\000\000\333\036\354\023!\307\217\311\270\337\242\014p\021\211 \337U\242%*\264\332s\212\366:\202<8a\366/\351\253\031/\351\253\032\n\000""; }; nodes {;   nodedata: ""\323C\344\327\264{\312-\017:\006{\177\344N\002\326bO\260\220\006\033\362\345\005U\221DzJ0\001\301\025%1L\307\t\261\262z\374\222T\301\274V\236\223\262\270Ct\362\337b\356\024*\324\320\351\317\002k\336\234\027v\351\217\260\303\360\233ZPZWr\246$w\313\313\r\243r\232\2234\373\3539:N\004Q\245\272D\312D\300\300\t\323\0257\345e\271\na\215{\226\255x%T\257\037\333\004\344_/R\006E\344\037@\210\363\010\336T\226\247'\204_{\261\370""1\235\2445\343\033Y!\212\201\341\272\225'\007\201\242\000\217\324\304\\342\r\377mr\223\317|\006ptw\373\027\017\350\230\250TSh\371HxR\013\003""; }; ","ledgerHash: ""\212\2353k0\361\214ID\303g\277\010Y_\001~\021\333\370\255\374\\331\306\255\336)\365Rth""; ledgerSeq: 35; type: liBASE; nodes {;   nodedata: ""\000\000\000#\001cEx]\211\377\330\335\377\321\353\327\331\302\023\347y\016\263\271\317\306\017UV\314qu?\0064A\315{3D\010\016S\000\000\000\000\000\000\000\000\000\000\000\000\000\000\000\000\000\000\000\000\000\000\000\000\000\000\000\000\000\000\000\000\333\036\354\023!\307\217\311\270\337\242\014p\021\211 \337U\242%*\264\332s\212\366:\202<8a\366/\351\253\031/\351\253\032\n\000""; }; nodes {;   nodedata: ""\323C\344\327\264{\312-\017:\006{\177\344N\002\326bO\260\220\006\033\362\345\005U\221DzJ0\001\301\025%1L\307\t\261\262z\374\222T\301\274V\236\223\262\270Ct\362\337b\356\024*\324\320\351\317\002k\336\234\027v\351\217\260\303\360\233ZPZWr\246$w\313\313\r\243r\232\2234\373\3539:N\004Q\245\272D\312D\300\300\t\323\0257\345e\271\na\215{\226\255x%T\257\037\333\004\344_/R\006E\344\037@\210\363\010\336T\226\247'\204_{\261\370""1\235\2445\343\033Y!\212\201\341\272\225'\007\201\242\000\217\324\304\\342\r\377mr\223\317|\006ptw\373\027\017\350\230\250TSh\371HxR\013\003""; }; "
1750527645505,1750527645505,0,1,3,0,TMLedgerData,"ledgerHash: ""\212\2353k0\361\214ID\303g\277\010Y_\001~\021\333\370\255\374\\331\306\255\336)\365Rth""; ledgerSeq: 35; type: liBASE; nodes {;   nodedata: ""\000\000\000#\001cEx]\211\377\330\335\377\321\353\327\331\302\023\347y\016\263\271\317\306\017UV\314qu?\0064A\315{3D\010\016S\000\000\000\000\000\000\000\000\000\000\000\000\000\000\000\000\000\000\000\000\000\000\000\000\000\000\000\000\000\000\000\000\333\036\354\023!\307\217\311\270\337\242\014p\021\211 \337U\242%*\264\332s\212\366:\202<8a\366/\351\253\031/\351\253\032\n\000""; }; nodes {;   nodedata: ""\323C\344\327\264{\312-\017:\006{\177\344N\002\326bO\260\220\006\033\362\345\005U\221DzJ0\001\301\025%1L\307\t\261\262z\374\222T\301\274V\236\223\262\270Ct\362\337b\356\024*\324\320\351\317\002k\336\234\027v\351\217\260\303\360\233ZPZWr\246$w\313\313\r\243r\232\2234\373\3539:N\004Q\245\272D\312D\300\300\t\323\0257\345e\271\na\215{\226\255x%T\257\037\333\004\344_/R\006E\344\037@\210\363\010\336T\226\247'\204_{\261\370""1\235\2445\343\033Y!\212\201\341\272\225'\007\201\242\000\217\324\304\\342\r\377mr\223\317|\006ptw\373\027\017\350\230\250TSh\371HxR\013\003""; }; requestCookie: 3; ","ledgerHash: ""\212\2353k0\361\214ID\303g\277\010Y_\001~\021\333\370\255\374\\331\306\255\336)\365Rth""; ledgerSeq: 35; type: liBASE; nodes {;   nodedata: ""\000\000\000#\001cEx]\211\377\330\335\377\321\353\327\331\302\023\347y\016\263\271\317\306\017UV\314qu?\0064A\315{3D\010\016S\000\000\000\000\000\000\000\000\000\000\000\000\000\000\000\000\000\000\000\000\000\000\000\000\000\000\000\000\000\000\000\000\333\036\354\023!\307\217\311\270\337\242\014p\021\211 \337U\242%*\264\332s\212\366:\202<8a\366/\351\253\031/\351\253\032\n\000""; }; nodes {;   nodedata: ""\323C\344\327\264{\312-\017:\006{\177\344N\002\326bO\260\220\006\033\362\345\005U\221DzJ0\001\301\025%1L\307\t\261\262z\374\222T\301\274V\236\223\262\270Ct\362\337b\356\024*\324\320\351\317\002k\336\234\027v\351\217\260\303\360\233ZPZWr\246$w\313\313\r\243r\232\2234\373\3539:N\004Q\245\272D\312D\300\300\t\323\0257\345e\271\na\215{\226\255x%T\257\037\333\004\344_/R\006E\344\037@\210\363\010\336T\226\247'\204_{\261\370""1\235\2445\343\033Y!\212\201\341\272\225'\007\201\242\000\217\324\304\\342\r\377mr\223\317|\006ptw\373\027\017\350\230\250TSh\371HxR\013\003""; }; requestCookie: 3; "
1750527645506,1750527645506,0,1,3,2,TMLedgerData,"ledgerHash: ""\212\2353k0\361\214ID\303g\277\010Y_\001~\021\333\370\255\374\\331\306\255\336)\365Rth""; ledgerSeq: 35; type: liBASE; nodes {;   nodedata: ""\000\000\000#\001cEx]\211\377\330\335\377\321\353\327\331\302\023\347y\016\263\271\317\306\017UV\314qu?\0064A\315{3D\010\016S\000\000\000\000\000\000\000\000\000\000\000\000\000\000\000\000\000\000\000\000\000\000\000\000\000\000\000\000\000\000\000\000\333\036\354\023!\307\217\311\270\337\242\014p\021\211 \337U\242%*\264\332s\212\366:\202<8a\366/\351\253\031/\351\253\032\n\000""; }; nodes {;   nodedata: ""\323C\344\327\264{\312-\017:\006{\177\344N\002\326bO\260\220\006\033\362\345\005U\221DzJ0\001\301\025%1L\307\t\261\262z\374\222T\301\274V\236\223\262\270Ct\362\337b\356\024*\324\320\351\317\002k\336\234\027v\351\217\260\303\360\233ZPZWr\246$w\313\313\r\243r\232\2234\373\3539:N\004Q\245\272D\312D\300\300\t\323\0257\345e\271\na\215{\226\255x%T\257\037\333\004\344_/R\006E\344\037@\210\363\010\336T\226\247'\204_{\261\370""1\235\2445\343\033Y!\212\201\341\272\225'\007\201\242\000\217\324\304\\342\r\377mr\223\317|\006ptw\373\027\017\350\230\250TSh\371HxR\013\003""; }; requestCookie: 3; ","ledgerHash: ""\212\2353k0\361\214ID\303g\277\010Y_\001~\021\333\370\255\374\\331\306\255\336)\365Rth""; ledgerSeq: 35; type: liBASE; nodes {;   nodedata: ""\000\000\000#\001cEx]\211\377\330\335\377\321\353\327\331\302\023\347y\016\263\271\317\306\017UV\314qu?\0064A\315{3D\010\016S\000\000\000\000\000\000\000\000\000\000\000\000\000\000\000\000\000\000\000\000\000\000\000\000\000\000\000\000\000\000\000\000\333\036\354\023!\307\217\311\270\337\242\014p\021\211 \337U\242%*\264\332s\212\366:\202<8a\366/\351\253\031/\351\253\032\n\000""; }; nodes {;   nodedata: ""\323C\344\327\264{\312-\017:\006{\177\344N\002\326bO\260\220\006\033\362\345\005U\221DzJ0\001\301\025%1L\307\t\261\262z\374\222T\301\274V\236\223\262\270Ct\362\337b\356\024*\324\320\351\317\002k\336\234\027v\351\217\260\303\360\233ZPZWr\246$w\313\313\r\243r\232\2234\373\3539:N\004Q\245\272D\312D\300\300\t\323\0257\345e\271\na\215{\226\255x%T\257\037\333\004\344_/R\006E\344\037@\210\363\010\336T\226\247'\204_{\261\370""1\235\2445\343\033Y!\212\201\341\272\225'\007\201\242\000\217\324\304\\342\r\377mr\223\317|\006ptw\373\027\017\350\230\250TSh\371HxR\013\003""; }; requestCookie: 3; "
1750527645507,1750527645507,0,1,3,2,TMLedgerData,"ledgerHash: ""\212\2353k0\361\214ID\303g\277\010Y_\001~\021\333\370\255\374\\331\306\255\336)\365Rth""; ledgerSeq: 35; type: liBASE; nodes {;   nodedata: ""\000\000\000#\001cEx]\211\377\330\335\377\321\353\327\331\302\023\347y\016\263\271\317\306\017UV\314qu?\0064A\315{3D\010\016S\000\000\000\000\000\000\000\000\000\000\000\000\000\000\000\000\000\000\000\000\000\000\000\000\000\000\000\000\000\000\000\000\333\036\354\023!\307\217\311\270\337\242\014p\021\211 \337U\242%*\264\332s\212\366:\202<8a\366/\351\253\031/\351\253\032\n\000""; }; nodes {;   nodedata: ""\323C\344\327\264{\312-\017:\006{\177\344N\002\326bO\260\220\006\033\362\345\005U\221DzJ0\001\301\025%1L\307\t\261\262z\374\222T\301\274V\236\223\262\270Ct\362\337b\356\024*\324\320\351\317\002k\336\234\027v\351\217\260\303\360\233ZPZWr\246$w\313\313\r\243r\232\2234\373\3539:N\004Q\245\272D\312D\300\300\t\323\0257\345e\271\na\215{\226\255x%T\257\037\333\004\344_/R\006E\344\037@\210\363\010\336T\226\247'\204_{\261\370""1\235\2445\343\033Y!\212\201\341\272\225'\007\201\242\000\217\324\304\\342\r\377mr\223\317|\006ptw\373\027\017\350\230\250TSh\371HxR\013\003""; }; requestCookie: 2; ","ledgerHash: ""\212\2353k0\361\214ID\303g\277\010Y_\001~\021\333\370\255\374\\331\306\255\336)\365Rth""; ledgerSeq: 35; type: liBASE; nodes {;   nodedata: ""\000\000\000#\001cEx]\211\377\330\335\377\321\353\327\331\302\023\347y\016\263\271\317\306\017UV\314qu?\0064A\315{3D\010\016S\000\000\000\000\000\000\000\000\000\000\000\000\000\000\000\000\000\000\000\000\000\000\000\000\000\000\000\000\000\000\000\000\333\036\354\023!\307\217\311\270\337\242\014p\021\211 \337U\242%*\264\332s\212\366:\202<8a\366/\351\253\031/\351\253\032\n\000""; }; nodes {;   nodedata: ""\323C\344\327\264{\312-\017:\006{\177\344N\002\326bO\260\220\006\033\362\345\005U\221DzJ0\001\301\025%1L\307\t\261\262z\374\222T\301\274V\236\223\262\270Ct\362\337b\356\024*\324\320\351\317\002k\336\234\027v\351\217\260\303\360\233ZPZWr\246$w\313\313\r\243r\232\2234\373\3539:N\004Q\245\272D\312D\300\300\t\323\0257\345e\271\na\215{\226\255x%T\257\037\333\004\344_/R\006E\344\037@\210\363\010\336T\226\247'\204_{\261\370""1\235\2445\343\033Y!\212\201\341\272\225'\007\201\242\000\217\324\304\\342\r\377mr\223\317|\006ptw\373\027\017\350\230\250TSh\371HxR\013\003""; }; requestCookie: 2; "
1750527645507,1750527645507,0,1,3,1,TMLedgerData,"ledgerHash: ""\212\2353k0\361\214ID\303g\277\010Y_\001~\021\333\370\255\374\\331\306\255\336)\365Rth""; ledgerSeq: 35; type: liBASE; nodes {;   nodedata: ""\000\000\000#\001cEx]\211\377\330\335\377\321\353\327\331\302\023\347y\016\263\271\317\306\017UV\314qu?\0064A\315{3D\010\016S\000\000\000\000\000\000\000\000\000\000\000\000\000\000\000\000\000\000\000\000\000\000\000\000\000\000\000\000\000\000\000\000\333\036\354\023!\307\217\311\270\337\242\014p\021\211 \337U\242%*\264\332s\212\366:\202<8a\366/\351\253\031/\351\253\032\n\000""; }; nodes {;   nodedata: ""\323C\344\327\264{\312-\017:\006{\177\344N\002\326bO\260\220\006\033\362\345\005U\221DzJ0\001\301\025%1L\307\t\261\262z\374\222T\301\274V\236\223\262\270Ct\362\337b\356\024*\324\320\351\317\002k\336\234\027v\351\217\260\303\360\233ZPZWr\246$w\313\313\r\243r\232\2234\373\3539:N\004Q\245\272D\312D\300\300\t\323\0257\345e\271\na\215{\226\255x%T\257\037\333\004\344_/R\006E\344\037@\210\363\010\336T\226\247'\204_{\261\370""1\235\2445\343\033Y!\212\201\341\272\225'\007\201\242\000\217\324\304\\342\r\377mr\223\317|\006ptw\373\027\017\350\230\250TSh\371HxR\013\003""; }; ","ledgerHash: ""\212\2353k0\361\214ID\303g\277\010Y_\001~\021\333\370\255\374\\331\306\255\336)\365Rth""; ledgerSeq: 35; type: liBASE; nodes {;   nodedata: ""\000\000\000#\001cEx]\211\377\330\335\377\321\353\327\331\302\023\347y\016\263\271\317\306\017UV\314qu?\0064A\315{3D\010\016S\000\000\000\000\000\000\000\000\000\000\000\000\000\000\000\000\000\000\000\000\000\000\000\000\000\000\000\000\000\000\000\000\333\036\354\023!\307\217\311\270\337\242\014p\021\211 \337U\242%*\264\332s\212\366:\202<8a\366/\351\253\031/\351\253\032\n\000""; }; nodes {;   nodedata: ""\323C\344\327\264{\312-\017:\006{\177\344N\002\326bO\260\220\006\033\362\345\005U\221DzJ0\001\301\025%1L\307\t\261\262z\374\222T\301\274V\236\223\262\270Ct\362\337b\356\024*\324\320\351\317\002k\336\234\027v\351\217\260\303\360\233ZPZWr\246$w\313\313\r\243r\232\2234\373\3539:N\004Q\245\272D\312D\300\300\t\323\0257\345e\271\na\215{\226\255x%T\257\037\333\004\344_/R\006E\344\037@\210\363\010\336T\226\247'\204_{\261\370""1\235\2445\343\033Y!\212\201\341\272\225'\007\201\242\000\217\324\304\\342\r\377mr\223\317|\006ptw\373\027\017\350\230\250TSh\371HxR\013\003""; }; "
1750527645508,1750527645509,0,1,3,1,TMLedgerData,"ledgerHash: ""\212\2353k0\361\214ID\303g\277\010Y_\001~\021\333\370\255\374\\331\306\255\336)\365Rth""; ledgerSeq: 35; type: liBASE; nodes {;   nodedata: ""\000\000\000#\001cEx]\211\377\330\335\377\321\353\327\331\302\023\347y\016\263\271\317\306\017UV\314qu?\0064A\315{3D\010\016S\000\000\000\000\000\000\000\000\000\000\000\000\000\000\000\000\000\000\000\000\000\000\000\000\000\000\000\000\000\000\000\000\333\036\354\023!\307\217\311\270\337\242\014p\021\211 \337U\242%*\264\332s\212\366:\202<8a\366/\351\253\031/\351\253\032\n\000""; }; nodes {;   nodedata: ""\323C\344\327\264{\312-\017:\006{\177\344N\002\326bO\260\220\006\033\362\345\005U\221DzJ0\001\301\025%1L\307\t\261\262z\374\222T\301\274V\236\223\262\270Ct\362\337b\356\024*\324\320\351\317\002k\336\234\027v\351\217\260\303\360\233ZPZWr\246$w\313\313\r\243r\232\2234\373\3539:N\004Q\245\272D\312D\300\300\t\323\0257\345e\271\na\215{\226\255x%T\257\037\333\004\344_/R\006E\344\037@\210\363\010\336T\226\247'\204_{\261\370""1\235\2445\343\033Y!\212\201\341\272\225'\007\201\242\000\217\324\304\\342\r\377mr\223\317|\006ptw\373\027\017\350\230\250TSh\371HxR\013\003""; }; requestCookie: 5; ","ledgerHash: ""\212\2353k0\361\214ID\303g\277\010Y_\001~\021\333\370\255\374\\331\306\255\336)\365Rth""; ledgerSeq: 35; type: liBASE; nodes {;   nodedata: ""\000\000\000#\001cEx]\211\377\330\335\377\321\353\327\331\302\023\347y\016\263\271\317\306\017UV\314qu?\0064A\315{3D\010\016S\000\000\000\000\000\000\000\000\000\000\000\000\000\000\000\000\000\000\000\000\000\000\000\000\000\000\000\000\000\000\000\000\333\036\354\023!\307\217\311\270\337\242\014p\021\211 \337U\242%*\264\332s\212\366:\202<8a\366/\351\253\031/\351\253\032\n\000""; }; nodes {;   nodedata: ""\323C\344\327\264{\312-\017:\006{\177\344N\002\326bO\260\220\006\033\362\345\005U\221DzJ0\001\301\025%1L\307\t\261\262z\374\222T\301\274V\236\223\262\270Ct\362\337b\356\024*\324\320\351\317\002k\336\234\027v\351\217\260\303\360\233ZPZWr\246$w\313\313\r\243r\232\2234\373\3539:N\004Q\245\272D\312D\300\300\t\323\0257\345e\271\na\215{\226\255x%T\257\037\333\004\344_/R\006E\344\037@\210\363\010\336T\226\247'\204_{\261\370""1\235\2445\343\033Y!\212\201\341\272\225'\007\201\242\000\217\324\304\\342\r\377mr\223\317|\006ptw\373\027\017\350\230\250TSh\371HxR\013\003""; }; requestCookie: 5; "
1750527645509,1750527645509,0,1,3,1,TMLedgerData,"ledgerHash: ""\212\2353k0\361\214ID\303g\277\010Y_\001~\021\333\370\255\374\\331\306\255\336)\365Rth""; ledgerSeq: 35; type: liBASE; nodes {;   nodedata: ""\000\000\000#\001cEx]\211\377\330\335\377\321\353\327\331\302\023\347y\016\263\271\317\306\017UV\314qu?\0064A\315{3D\010\016S\000\000\000\000\000\000\000\000\000\000\000\000\000\000\000\000\000\000\000\000\000\000\000\000\000\000\000\000\000\000\000\000\333\036\354\023!\307\217\311\270\337\242\014p\021\211 \337U\242%*\264\332s\212\366:\202<8a\366/\351\253\031/\351\253\032\n\000""; }; nodes {;   nodedata: ""\323C\344\327\264{\312-\017:\006{\177\344N\002\326bO\260\220\006\033\362\345\005U\221DzJ0\001\301\025%1L\307\t\261\262z\374\222T\301\274V\236\223\262\270Ct\362\337b\356\024*\324\320\351\317\002k\336\234\027v\351\217\260\303\360\233ZPZWr\246$w\313\313\r\243r\232\2234\373\3539:N\004Q\245\272D\312D\300\300\t\323\0257\345e\271\na\215{\226\255x%T\257\037\333\004\344_/R\006E\344\037@\210\363\010\336T\226\247'\204_{\261\370""1\235\2445\343\033Y!\212\201\341\272\225'\007\201\242\000\217\324\304\\342\r\377mr\223\317|\006ptw\373\027\017\350\230\250TSh\371HxR\013\003""; }; requestCookie: 3; ","ledgerHash: ""\212\2353k0\361\214ID\303g\277\010Y_\001~\021\333\370\255\374\\331\306\255\336)\365Rth""; ledgerSeq: 35; type: liBASE; nodes {;   nodedata: ""\000\000\000#\001cEx]\211\377\330\335\377\321\353\327\331\302\023\347y\016\263\271\317\306\017UV\314qu?\0064A\315{3D\010\016S\000\000\000\000\000\000\000\000\000\000\000\000\000\000\000\000\000\000\000\000\000\000\000\000\000\000\000\000\000\000\000\000\333\036\354\023!\307\217\311\270\337\242\014p\021\211 \337U\242%*\264\332s\212\366:\202<8a\366/\351\253\031/\351\253\032\n\000""; }; nodes {;   nodedata: ""\323C\344\327\264{\312-\017:\006{\177\344N\002\326bO\260\220\006\033\362\345\005U\221DzJ0\001\301\025%1L\307\t\261\262z\374\222T\301\274V\236\223\262\270Ct\362\337b\356\024*\324\320\351\317\002k\336\234\027v\351\217\260\303\360\233ZPZWr\246$w\313\313\r\243r\232\2234\373\3539:N\004Q\245\272D\312D\300\300\t\323\0257\345e\271\na\215{\226\255x%T\257\037\333\004\344_/R\006E\344\037@\210\363\010\336T\226\247'\204_{\261\370""1\235\2445\343\033Y!\212\201\341\272\225'\007\201\242\000\217\324\304\\342\r\377mr\223\317|\006ptw\373\027\017\350\230\250TSh\371HxR\013\003""; }; requestCookie: 3; "
1750527645510,1750527645510,0,1,4,1,TMLedgerData,"ledgerHash: ""\212\2353k0\361\214ID\303g\277\010Y_\001~\021\333\370\255\374\\331\306\255\336)\365Rth""; ledgerSeq: 35; type: liBASE; nodes {;   nodedata: ""\000\000\000#\001cEx]\211\377\330\335\377\321\353\327\331\302\023\347y\016\263\271\317\306\017UV\314qu?\0064A\315{3D\010\016S\000\000\000\000\000\000\000\000\000\000\000\000\000\000\000\000\000\000\000\000\000\000\000\000\000\000\000\000\000\000\000\000\333\036\354\023!\307\217\311\270\337\242\014p\021\211 \337U\242%*\264\332s\212\366:\202<8a\366/\351\253\031/\351\253\032\n\000""; }; nodes {;   nodedata: ""\323C\344\327\264{\312-\017:\006{\177\344N\002\326bO\260\220\006\033\362\345\005U\221DzJ0\001\301\025%1L\307\t\261\262z\374\222T\301\274V\236\223\262\270Ct\362\337b\356\024*\324\320\351\317\002k\336\234\027v\351\217\260\303\360\233ZPZWr\246$w\313\313\r\243r\232\2234\373\3539:N\004Q\245\272D\312D\300\300\t\323\0257\345e\271\na\215{\226\255x%T\257\037\333\004\344_/R\006E\344\037@\210\363\010\336T\226\247'\204_{\261\370""1\235\2445\343\033Y!\212\201\341\272\225'\007\201\242\000\217\324\304\\342\r\377mr\223\317|\006ptw\373\027\017\350\230\250TSh\371HxR\013\003""; }; ","ledgerHash: ""\212\2353k0\361\214ID\303g\277\010Y_\001~\021\333\370\255\374\\331\306\255\336)\365Rth""; ledgerSeq: 35; type: liBASE; nodes {;   nodedata: ""\000\000\000#\001cEx]\211\377\330\335\377\321\353\327\331\302\023\347y\016\263\271\317\306\017UV\314qu?\0064A\315{3D\010\016S\000\000\000\000\000\000\000\000\000\000\000\000\000\000\000\000\000\000\000\000\000\000\000\000\000\000\000\000\000\000\000\000\333\036\354\023!\307\217\311\270\337\242\014p\021\211 \337U\242%*\264\332s\212\366:\202<8a\366/\351\253\031/\351\253\032\n\000""; }; nodes {;   nodedata: ""\323C\344\327\264{\312-\017:\006{\177\344N\002\326bO\260\220\006\033\362\345\005U\221DzJ0\001\301\025%1L\307\t\261\262z\374\222T\301\274V\236\223\262\270Ct\362\337b\356\024*\324\320\351\317\002k\336\234\027v\351\217\260\303\360\233ZPZWr\246$w\313\313\r\243r\232\2234\373\3539:N\004Q\245\272D\312D\300\300\t\323\0257\345e\271\na\215{\226\255x%T\257\037\333\004\344_/R\006E\344\037@\210\363\010\336T\226\247'\204_{\261\370""1\235\2445\343\033Y!\212\201\341\272\225'\007\201\242\000\217\324\304\\342\r\377mr\223\317|\006ptw\373\027\017\350\230\250TSh\371HxR\013\003""; }; "
1750527645511,1750527645511,0,1,4,2,TMLedgerData,"ledgerHash: ""\212\2353k0\361\214ID\303g\277\010Y_\001~\021\333\370\255\374\\331\306\255\336)\365Rth""; ledgerSeq: 35; type: liBASE; nodes {;   nodedata: ""\000\000\000#\001cEx]\211\377\330\335\377\321\353\327\331\302\023\347y\016\263\271\317\306\017UV\314qu?\0064A\315{3D\010\016S\000\000\000\000\000\000\000\000\000\000\000\000\000\000\000\000\000\000\000\000\000\000\000\000\000\000\000\000\000\000\000\000\333\036\354\023!\307\217\311\270\337\242\014p\021\211 \337U\242%*\264\332s\212\366:\202<8a\366/\351\253\031/\351\253\032\n\000""; }; nodes {;   nodedata: ""\323C\344\327\264{\312-\017:\006{\177\344N\002\326bO\260\220\006\033\362\345\005U\221DzJ0\001\301\025%1L\307\t\261\262z\374\222T\301\274V\236\223\262\270Ct\362\337b\356\024*\324\320\351\317\002k\336\234\027v\351\217\260\303\360\233ZPZWr\246$w\313\313\r\243r\232\2234\373\3539:N\004Q\245\272D\312D\300\300\t\323\0257\345e\271\na\215{\226\255x%T\257\037\333\004\344_/R\006E\344\037@\210\363\010\336T\226\247'\204_{\261\370""1\235\2445\343\033Y!\212\201\341\272\225'\007\201\242\000\217\324\304\\342\r\377mr\223\317|\006ptw\373\027\017\350\230\250TSh\371HxR\013\003""; }; ","ledgerHash: ""\212\2353k0\361\214ID\303g\277\010Y_\001~\021\333\370\255\374\\331\306\255\336)\365Rth""; ledgerSeq: 35; type: liBASE; nodes {;   nodedata: ""\000\000\000#\001cEx]\211\377\330\335\377\321\353\327\331\302\023\347y\016\263\271\317\306\017UV\314qu?\0064A\315{3D\010\016S\000\000\000\000\000\000\000\000\000\000\000\000\000\000\000\000\000\000\000\000\000\000\000\000\000\000\000\000\000\000\000\000\333\036\354\023!\307\217\311\270\337\242\014p\021\211 \337U\242%*\264\332s\212\366:\202<8a\366/\351\253\031/\351\253\032\n\000""; }; nodes {;   nodedata: ""\323C\344\327\264{\312-\017:\006{\177\344N\002\326bO\260\220\006\033\362\345\005U\221DzJ0\001\301\025%1L\307\t\261\262z\374\222T\301\274V\236\223\262\270Ct\362\337b\356\024*\324\320\351\317\002k\336\234\027v\351\217\260\303\360\233ZPZWr\246$w\313\313\r\243r\232\2234\373\3539:N\004Q\245\272D\312D\300\300\t\323\0257\345e\271\na\215{\226\255x%T\257\037\333\004\344_/R\006E\344\037@\210\363\010\336T\226\247'\204_{\261\370""1\235\2445\343\033Y!\212\201\341\272\225'\007\201\242\000\217\324\304\\342\r\377mr\223\317|\006ptw\373\027\017\350\230\250TSh\371HxR\013\003""; }; "
1750527645512,1750527645512,0,1,4,0,TMLedgerData,"ledgerHash: ""\212\2353k0\361\214ID\303g\277\010Y_\001~\021\333\370\255\374\\331\306\255\336)\365Rth""; ledgerSeq: 35; type: liBASE; nodes {;   nodedata: ""\000\000\000#\001cEx]\211\377\330\335\377\321\353\327\331\302\023\347y\016\263\271\317\306\017UV\314qu?\0064A\315{3D\010\016S\000\000\000\000\000\000\000\000\000\000\000\000\000\000\000\000\000\000\000\000\000\000\000\000\000\000\000\000\000\000\000\000\333\036\354\023!\307\217\311\270\337\242\014p\021\211 \337U\242%*\264\332s\212\366:\202<8a\366/\351\253\031/\351\253\032\n\000""; }; nodes {;   nodedata: ""\323C\344\327\264{\312-\017:\006{\177\344N\002\326bO\260\220\006\033\362\345\005U\221DzJ0\001\301\025%1L\307\t\261\262z\374\222T\301\274V\236\223\262\270Ct\362\337b\356\024*\324\320\351\317\002k\336\234\027v\351\217\260\303\360\233ZPZWr\246$w\313\313\r\243r\232\2234\373\3539:N\004Q\245\272D\312D\300\300\t\323\0257\345e\271\na\215{\226\255x%T\257\037\333\004\344_/R\006E\344\037@\210\363\010\336T\226\247'\204_{\261\370""1\235\2445\343\033Y!\212\201\341\272\225'\007\201\242\000\217\324\304\\342\r\377mr\223\317|\006ptw\373\027\017\350\230\250TSh\371HxR\013\003""; }; ","ledgerHash: ""\212\2353k0\361\214ID\303g\277\010Y_\001~\021\333\370\255\374\\331\306\255\336)\365Rth""; ledgerSeq: 35; type: liBASE; nodes {;   nodedata: ""\000\000\000#\001cEx]\211\377\330\335\377\321\353\327\331\302\023\347y\016\263\271\317\306\017UV\314qu?\0064A\315{3D\010\016S\000\000\000\000\000\000\000\000\000\000\000\000\000\000\000\000\000\000\000\000\000\000\000\000\000\000\000\000\000\000\000\000\333\036\354\023!\307\217\311\270\337\242\014p\021\211 \337U\242%*\264\332s\212\366:\202<8a\366/\351\253\031/\351\253\032\n\000""; }; nodes {;   nodedata: ""\323C\344\327\264{\312-\017:\006{\177\344N\002\326bO\260\220\006\033\362\345\005U\221DzJ0\001\301\025%1L\307\t\261\262z\374\222T\301\274V\236\223\262\270Ct\362\337b\356\024*\324\320\351\317\002k\336\234\027v\351\217\260\303\360\233ZPZWr\246$w\313\313\r\243r\232\2234\373\3539:N\004Q\245\272D\312D\300\300\t\323\0257\345e\271\na\215{\226\255x%T\257\037\333\004\344_/R\006E\344\037@\210\363\010\336T\226\247'\204_{\261\370""1\235\2445\343\033Y!\212\201\341\272\225'\007\201\242\000\217\324\304\\342\r\377mr\223\317|\006ptw\373\027\017\350\230\250TSh\371HxR\013\003""; }; "
1750527645513,1750527645513,0,1,0,3,TMGetLedger,"itype: liAS_NODE; ledgerHash: ""\212\2353k0\361\214ID\303g\277\010Y_\001~\021\333\370\255\374\\331\306\255\336)\365Rth""; ledgerSeq: 35; nodeIDs: ""\260\000\000\000\000\000\000\000\000\000\000\000\000\000\000\000\000\000\000\000\000\000\000\000\000\000\000\000\000\000\000\000\001""; queryType: qtINDIRECT; queryDepth: 1; ","itype: liAS_NODE; ledgerHash: ""\212\2353k0\361\214ID\303g\277\010Y_\001~\021\333\370\255\374\\331\306\255\336)\365Rth""; ledgerSeq: 35; nodeIDs: ""\260\000\000\000\000\000\000\000\000\000\000\000\000\000\000\000\000\000\000\000\000\000\000\000\000\000\000\000\000\000\000\000\001""; queryType: qtINDIRECT; queryDepth: 1; "
1750527645514,1750527645514,0,1,0,3,TMGetLedger,"itype: liBASE; ledgerHash: ""\212\2353k0\361\214ID\303g\277\010Y_\001~\021\333\370\255\374\\331\306\255\336)\365Rth""; ledgerSeq: 35; requestCookie: 2; queryType: qtINDIRECT; ","itype: liBASE; ledgerHash: ""\212\2353k0\361\214ID\303g\277\010Y_\001~\021\333\370\255\374\\331\306\255\336)\365Rth""; ledgerSeq: 35; requestCookie: 2; queryType: qtINDIRECT; "
1750527645514,1750527645514,0,1,0,2,TMLedgerData,"ledgerHash: ""\212\2353k0\361\214ID\303g\277\010Y_\001~\021\333\370\255\374\\331\306\255\336)\365Rth""; ledgerSeq: 35; type: liBASE; nodes {;   nodedata: ""\000\000\000#\001cEx]\211\377\330\335\377\321\353\327\331\302\023\347y\016\263\271\317\306\017UV\314qu?\0064A\315{3D\010\016S\000\000\000\000\000\000\000\000\000\000\000\000\000\000\000\000\000\000\000\000\000\000\000\000\000\000\000\000\000\000\000\000\333\036\354\023!\307\217\311\270\337\242\014p\021\211 \337U\242%*\264\332s\212\366:\202<8a\366/\351\253\031/\351\253\032\n\000""; }; nodes {;   nodedata: ""\323C\344\327\264{\312-\017:\006{\177\344N\002\326bO\260\220\006\033\362\345\005U\221DzJ0\001\301\025%1L\307\t\261\262z\374\222T\301\274V\236\223\262\270Ct\362\337b\356\024*\324\320\351\317\002k\336\234\027v\351\217\260\303\360\233ZPZWr\246$w\313\313\r\243r\232\2234\373\3539:N\004Q\245\272D\312D\300\300\t\323\0257\345e\271\na\215{\226\255x%T\257\037\333\004\344_/R\006E\344\037@\210\363\010\336T\226\247'\204_{\261\370""1\235\2445\343\033Y!\212\201\341\272\225'\007\201\242\000\217\324\304\\342\r\377mr\223\317|\006ptw\373\027\017\350\230\250TSh\371HxR\013\003""; }; ","ledgerHash: ""\212\2353k0\361\214ID\303g\277\010Y_\001~\021\333\370\255\374\\331\306\255\336)\365Rth""; ledgerSeq: 35; type: liBASE; nodes {;   nodedata: ""\000\000\000#\001cEx]\211\377\330\335\377\321\353\327\331\302\023\347y\016\263\271\317\306\017UV\314qu?\0064A\315{3D\010\016S\000\000\000\000\000\000\000\000\000\000\000\000\000\000\000\000\000\000\000\000\000\000\000\000\000\000\000\000\000\000\000\000\333\036\354\023!\307\217\311\270\337\242\014p\021\211 \337U\242%*\264\332s\212\366:\202<8a\366/\351\253\031/\351\253\032\n\000""; }; nodes {;   nodedata: ""\323C\344\327\264{\312-\017:\006{\177\344N\002\326bO\260\220\006\033\362\345\005U\221DzJ0\001\301\025%1L\307\t\261\262z\374\222T\301\274V\236\223\262\270Ct\362\337b\356\024*\324\320\351\317\002k\336\234\027v\351\217\260\303\360\233ZPZWr\246$w\313\313\r\243r\232\2234\373\3539:N\004Q\245\272D\312D\300\300\t\323\0257\345e\271\na\215{\226\255x%T\257\037\333\004\344_/R\006E\344\037@\210\363\010\336T\226\247'\204_{\261\370""1\235\2445\343\033Y!\212\201\341\272\225'\007\201\242\000\217\324\304\\342\r\377mr\223\317|\006ptw\373\027\017\350\230\250TSh\371HxR\013\003""; }; "
1750527645516,1750527645516,0,1,2,1,TMLedgerData,"ledgerHash: ""\212\2353k0\361\214ID\303g\277\010Y_\001~\021\333\370\255\374\\331\306\255\336)\365Rth""; ledgerSeq: 35; type: liBASE; nodes {;   nodedata: ""\000\000\000#\001cEx]\211\377\330\335\377\321\353\327\331\302\023\347y\016\263\271\317\306\017UV\314qu?\0064A\315{3D\010\016S\000\000\000\000\000\000\000\000\000\000\000\000\000\000\000\000\000\000\000\000\000\000\000\000\000\000\000\000\000\000\000\000\333\036\354\023!\307\217\311\270\337\242\014p\021\211 \337U\242%*\264\332s\212\366:\202<8a\366/\351\253\031/\351\253\032\n\000""; }; nodes {;   nodedata: ""\323C\344\327\264{\312-\017:\006{\177\344N\002\326bO\260\220\006\033\362\345\005U\221DzJ0\001\301\025%1L\307\t\261\262z\374\222T\301\274V\236\223\262\270Ct\362\337b\356\024*\324\320\351\317\002k\336\234\027v\351\217\260\303\360\233ZPZWr\246$w\313\313\r\243r\232\2234\373\3539:N\004Q\245\272D\312D\300\300\t\323\0257\345e\271\na\215{\226\255x%T\257\037\333\004\344_/R\006E\344\037@\210\363\010\336T\226\247'\204_{\261\370""1\235\2445\343\033Y!\212\201\341\272\225'\007\201\242\000\217\324\304\\342\r\377mr\223\317|\006ptw\373\027\017\350\230\250TSh\371HxR\013\003""; }; ","ledgerHash: ""\212\2353k0\361\214ID\303g\277\010Y_\001~\021\333\370\255\374\\331\306\255\336)\365Rth""; ledgerSeq: 35; type: liBASE; nodes {;   nodedata: ""\000\000\000#\001cEx]\211\377\330\335\377\321\353\327\331\302\023\347y\016\263\271\317\306\017UV\314qu?\0064A\315{3D\010\016S\000\000\000\000\000\000\000\000\000\000\000\000\000\000\000\000\000\000\000\000\000\000\000\000\000\000\000\000\000\000\000\000\333\036\354\023!\307\217\311\270\337\242\014p\021\211 \337U\242%*\264\332s\212\366:\202<8a\366/\351\253\031/\351\253\032\n\000""; }; nodes {;   nodedata: ""\323C\344\327\264{\312-\017:\006{\177\344N\002\326bO\260\220\006\033\362\345\005U\221DzJ0\001\301\025%1L\307\t\261\262z\374\222T\301\274V\236\223\262\270Ct\362\337b\356\024*\324\320\351\317\002k\336\234\027v\351\217\260\303\360\233ZPZWr\246$w\313\313\r\243r\232\2234\373\3539:N\004Q\245\272D\312D\300\300\t\323\0257\345e\271\na\215{\226\255x%T\257\037\333\004\344_/R\006E\344\037@\210\363\010\336T\226\247'\204_{\261\370""1\235\2445\343\033Y!\212\201\341\272\225'\007\201\242\000\217\324\304\\342\r\377mr\223\317|\006ptw\373\027\017\350\230\250TSh\371HxR\013\003""; }; "
1750527645516,1750527645517,0,1,2,0,TMLedgerData,"ledgerHash: ""\212\2353k0\361\214ID\303g\277\010Y_\001~\021\333\370\255\374\\331\306\255\336)\365Rth""; ledgerSeq: 35; type: liBASE; nodes {;   nodedata: ""\000\000\000#\001cEx]\211\377\330\335\377\321\353\327\331\302\023\347y\016\263\271\317\306\017UV\314qu?\0064A\315{3D\010\016S\000\000\000\000\000\000\000\000\000\000\000\000\000\000\000\000\000\000\000\000\000\000\000\000\000\000\000\000\000\000\000\000\333\036\354\023!\307\217\311\270\337\242\014p\021\211 \337U\242%*\264\332s\212\366:\202<8a\366/\351\253\031/\351\253\032\n\000""; }; nodes {;   nodedata: ""\323C\344\327\264{\312-\017:\006{\177\344N\002\326bO\260\220\006\033\362\345\005U\221DzJ0\001\301\025%1L\307\t\261\262z\374\222T\301\274V\236\223\262\270Ct\362\337b\356\024*\324\320\351\317\002k\336\234\027v\351\217\260\303\360\233ZPZWr\246$w\313\313\r\243r\232\2234\373\3539:N\004Q\245\272D\312D\300\300\t\323\0257\345e\271\na\215{\226\255x%T\257\037\333\004\344_/R\006E\344\037@\210\363\010\336T\226\247'\204_{\261\370""1\235\2445\343\033Y!\212\201\341\272\225'\007\201\242\000\217\324\304\\342\r\377mr\223\317|\006ptw\373\027\017\350\230\250TSh\371HxR\013\003""; }; ","ledgerHash: ""\212\2353k0\361\214ID\303g\277\010Y_\001~\021\333\370\255\374\\331\306\255\336)\365Rth""; ledgerSeq: 35; type: liBASE; nodes {;   nodedata: ""\000\000\000#\001cEx]\211\377\330\335\377\321\353\327\331\302\023\347y\016\263\271\317\306\017UV\314qu?\0064A\315{3D\010\016S\000\000\000\000\000\000\000\000\000\000\000\000\000\000\000\000\000\000\000\000\000\000\000\000\000\000\000\000\000\000\000\000\333\036\354\023!\307\217\311\270\337\242\014p\021\211 \337U\242%*\264\332s\212\366:\202<8a\366/\351\253\031/\351\253\032\n\000""; }; nodes {;   nodedata: ""\323C\344\327\264{\312-\017:\006{\177\344N\002\326bO\260\220\006\033\362\345\005U\221DzJ0\001\301\025%1L\307\t\261\262z\374\222T\301\274V\236\223\262\270Ct\362\337b\356\024*\324\320\351\317\002k\336\234\027v\351\217\260\303\360\233ZPZWr\246$w\313\313\r\243r\232\2234\373\3539:N\004Q\245\272D\312D\300\300\t\323\0257\345e\271\na\215{\226\255x%T\257\037\333\004\344_/R\006E\344\037@\210\363\010\336T\226\247'\204_{\261\370""1\235\2445\343\033Y!\212\201\341\272\225'\007\201\242\000\217\324\304\\342\r\377mr\223\317|\006ptw\373\027\017\350\230\250TSh\371HxR\013\003""; }; "
1750527645517,1750527645517,0,1,1,3,TMGetLedger,"itype: liBASE; ledgerHash: ""\212\2353k0\361\214ID\303g\277\010Y_\001~\021\333\370\255\374\\331\306\255\336)\365Rth""; requestCookie: 2; queryType: qtINDIRECT; ","itype: liBASE; ledgerHash: ""\212\2353k0\361\214ID\303g\277\010Y_\001~\021\333\370\255\374\\331\306\255\336)\365Rth""; requestCookie: 2; queryType: qtINDIRECT; "
1750527645518,1750527645518,0,1,1,3,TMGetLedger,"itype: liAS_NODE; ledgerHash: ""\212\2353k0\361\214ID\303g\277\010Y_\001~\021\333\370\255\374\\331\306\255\336)\365Rth""; ledgerSeq: 35; nodeIDs: ""\260\000\000\000\000\000\000\000\000\000\000\000\000\000\000\000\000\000\000\000\000\000\000\000\000\000\000\000\000\000\000\000\001""; queryType: qtINDIRECT; queryDepth: 1; ","itype: liAS_NODE; ledgerHash: ""\212\2353k0\361\214ID\303g\277\010Y_\001~\021\333\370\255\374\\331\306\255\336)\365Rth""; ledgerSeq: 35; nodeIDs: ""\260\000\000\000\000\000\000\000\000\000\000\000\000\000\000\000\000\000\000\000\000\000\000\000\000\000\000\000\000\000\000\000\001""; queryType: qtINDIRECT; queryDepth: 1; "
1750527645518,1750527645518,0,1,1,4,TMLedgerData,"ledgerHash: ""\212\2353k0\361\214ID\303g\277\010Y_\001~\021\333\370\255\374\\331\306\255\336)\365Rth""; ledgerSeq: 35; type: liBASE; nodes {;   nodedata: ""\000\000\000#\001cEx]\211\377\330\335\377\321\353\327\331\302\023\347y\016\263\271\317\306\017UV\314qu?\0064A\315{3D\010\016S\000\000\000\000\000\000\000\000\000\000\000\000\000\000\000\000\000\000\000\000\000\000\000\000\000\000\000\000\000\000\000\000\333\036\354\023!\307\217\311\270\337\242\014p\021\211 \337U\242%*\264\332s\212\366:\202<8a\366/\351\253\031/\351\253\032\n\000""; }; nodes {;   nodedata: ""\323C\344\327\264{\312-\017:\006{\177\344N\002\326bO\260\220\006\033\362\345\005U\221DzJ0\001\301\025%1L\307\t\261\262z\374\222T\301\274V\236\223\262\270Ct\362\337b\356\024*\324\320\351\317\002k\336\234\027v\351\217\260\303\360\233ZPZWr\246$w\313\313\r\243r\232\2234\373\3539:N\004Q\245\272D\312D\300\300\t\323\0257\345e\271\na\215{\226\255x%T\257\037\333\004\344_/R\006E\344\037@\210\363\010\336T\226\247'\204_{\261\370""1\235\2445\343\033Y!\212\201\341\272\225'\007\201\242\000\217\324\304\\342\r\377mr\223\317|\006ptw\373\027\017\350\230\250TSh\371HxR\013\003""; }; ","ledgerHash: ""\212\2353k0\361\214ID\303g\277\010Y_\001~\021\333\370\255\374\\331\306\255\336)\365Rth""; ledgerSeq: 35; type: liBASE; nodes {;   nodedata: ""\000\000\000#\001cEx]\211\377\330\335\377\321\353\327\331\302\023\347y\016\263\271\317\306\017UV\314qu?\0064A\315{3D\010\016S\000\000\000\000\000\000\000\000\000\000\000\000\000\000\000\000\000\000\000\000\000\000\000\000\000\000\000\000\000\000\000\000\333\036\354\023!\307\217\311\270\337\242\014p\021\211 \337U\242%*\264\332s\212\366:\202<8a\366/\351\253\031/\351\253\032\n\000""; }; nodes {;   nodedata: ""\323C\344\327\264{\312-\017:\006{\177\344N\002\326bO\260\220\006\033\362\345\005U\221DzJ0\001\301\025%1L\307\t\261\262z\374\222T\301\274V\236\223\262\270Ct\362\337b\356\024*\324\320\351\317\002k\336\234\027v\351\217\260\303\360\233ZPZWr\246$w\313\313\r\243r\232\2234\373\3539:N\004Q\245\272D\312D\300\300\t\323\0257\345e\271\na\215{\226\255x%T\257\037\333\004\344_/R\006E\344\037@\210\363\010\336T\226\247'\204_{\261\370""1\235\2445\343\033Y!\212\201\341\272\225'\007\201\242\000\217\324\304\\342\r\377mr\223\317|\006ptw\373\027\017\350\230\250TSh\371HxR\013\003""; }; "
1750527645519,1750527645519,0,1,1,2,TMLedgerData,"ledgerHash: ""\212\2353k0\361\214ID\303g\277\010Y_\001~\021\333\370\255\374\\331\306\255\336)\365Rth""; ledgerSeq: 35; type: liBASE; nodes {;   nodedata: ""\000\000\000#\001cEx]\211\377\330\335\377\321\353\327\331\302\023\347y\016\263\271\317\306\017UV\314qu?\0064A\315{3D\010\016S\000\000\000\000\000\000\000\000\000\000\000\000\000\000\000\000\000\000\000\000\000\000\000\000\000\000\000\000\000\000\000\000\333\036\354\023!\307\217\311\270\337\242\014p\021\211 \337U\242%*\264\332s\212\366:\202<8a\366/\351\253\031/\351\253\032\n\000""; }; nodes {;   nodedata: ""\323C\344\327\264{\312-\017:\006{\177\344N\002\326bO\260\220\006\033\362\345\005U\221DzJ0\001\301\025%1L\307\t\261\262z\374\222T\301\274V\236\223\262\270Ct\362\337b\356\024*\324\320\351\317\002k\336\234\027v\351\217\260\303\360\233ZPZWr\246$w\313\313\r\243r\232\2234\373\3539:N\004Q\245\272D\312D\300\300\t\323\0257\345e\271\na\215{\226\255x%T\257\037\333\004\344_/R\006E\344\037@\210\363\010\336T\226\247'\204_{\261\370""1\235\2445\343\033Y!\212\201\341\272\225'\007\201\242\000\217\324\304\\342\r\377mr\223\317|\006ptw\373\027\017\350\230\250TSh\371HxR\013\003""; }; ","ledgerHash: ""\212\2353k0\361\214ID\303g\277\010Y_\001~\021\333\370\255\374\\331\306\255\336)\365Rth""; ledgerSeq: 35; type: liBASE; nodes {;   nodedata: ""\000\000\000#\001cEx]\211\377\330\335\377\321\353\327\331\302\023\347y\016\263\271\317\306\017UV\314qu?\0064A\315{3D\010\016S\000\000\000\000\000\000\000\000\000\000\000\000\000\000\000\000\000\000\000\000\000\000\000\000\000\000\000\000\000\000\000\000\333\036\354\023!\307\217\311\270\337\242\014p\021\211 \337U\242%*\264\332s\212\366:\202<8a\366/\351\253\031/\351\253\032\n\000""; }; nodes {;   nodedata: ""\323C\344\327\264{\312-\017:\006{\177\344N\002\326bO\260\220\006\033\362\345\005U\221DzJ0\001\301\025%1L\307\t\261\262z\374\222T\301\274V\236\223\262\270Ct\362\337b\356\024*\324\320\351\317\002k\336\234\027v\351\217\260\303\360\233ZPZWr\246$w\313\313\r\243r\232\2234\373\3539:N\004Q\245\272D\312D\300\300\t\323\0257\345e\271\na\215{\226\255x%T\257\037\333\004\344_/R\006E\344\037@\210\363\010\336T\226\247'\204_{\261\370""1\235\2445\343\033Y!\212\201\341\272\225'\007\201\242\000\217\324\304\\342\r\377mr\223\317|\006ptw\373\027\017\350\230\250TSh\371HxR\013\003""; }; "
1750527645521,1750527645522,0,1,3,0,TMLedgerData,"ledgerHash: ""\212\2353k0\361\214ID\303g\277\010Y_\001~\021\333\370\255\374\\331\306\255\336)\365Rth""; ledgerSeq: 35; type: liAS_NODE; nodes {;   nodedata: ""\021\000h""\000\000\000\000 \033\000\000\000""\002\023\304\237\330\356GuH\375\327!\255\371\r\231\262R\256J\034\222\241\355X\265E\241^W\225\304\014\361CX-}\351f\032\255\274\334m\326c\017\014ao[\342\230\003\245\245\3341Hm\326^\017jy\335\261\032Yt\320\244{g\0306\\302\303*\341\215\223\257\364\277o\375\000r\241SOq\221\253\262\005\017\375T\356\014\360o'\030\311-\267\031\257!\031T\006><\315XM\334\324\345\034\000\325\367\240\271\013\265\024\321\362\354\211\250.\234s\225amc\305\035\366\276\037nD\277`\210\223N\3535\033\261\304f\331]\036\237\306o!\223\221\002\324\031\262\240R\177 ,\214\325\Q])\016\2067\277\t\354\010\000\360\215\2502\265\245\310\226\243c\302Ze\306\253#r\020\211\320iG\276\020E\317\035Sf\223F\254\033@\177e\277\016\010u\327\371&\262\312\317Q\2361t\377x\234\001v\003%\030\325_\225g\204\346a=\225\273\331\354\365*U\363\263N\367b\371\244\314-w\363\262\225Z\200\206\235\233\257?sE\2674\254\326mU\377?\177Ek\336\030!\316Aa\225\303\022\377{\210Y\226\271as\354L\035\004\341\361\035\301\024\220m#*\372\032\3178~\374\250\014*\323\342'z69\220\327\256\351G\367\317u\302\207\270b\315\333\333\334\310I\323&\014\352XZnW2.\335\347\202\021\247\362\212e\034\000\001\250\220\305;a\314\265R\310\017\317\331\235\360\262\240:\277\202\266\354\265X""\022\nh\252\352w\204\203\023]\001f\352\277\0031Q]\362\370R\350{\261\202\240\344\215\201\353\276\322p5p\350\354\017>\250r\241c\273\016\301\024\363\242\247\263\231\370\344\nBW\220K\316@3\243\200\036wk\253GSlU\010\360\231>\331\263H\214\324\030A\225\301o\346pkSF\004\241\213w9\223=\250\262*+\255\351r\265\244c\024\213\t\007`\223\325#\3477\210\345P\306\013\320\252[\0216+\227=`\371P\314\346 V7\271[~\n\237\274|\347\352@K\253~&\260\032\024\004B\200\255h\351\013\361\031:nG\211\005|\2003\266\274\251,W\006u\344\335d\003\306\212\313,\340\350bG\n\030Z\2732-\246\312\255\030\003\235207\005}D\260\0261ah\322M\304\216\273m0\271\234\237\007<w$\265C\245\232\033\023\313c\321B\032l\301h\005\320\252\301\361(\330[\343\357\343{\235\n\266g\272>\177\317\347\261qb&\270&\346ju\200\363N\320\307\004\034\001n\317\361\2653\254\2503\247\305\372\316W\022O\253x\250\025\373\247\354Tc\304\263\243^\352Gv\\264\261\r\035\226\306\2411\351\233\203\215\200$\231\300f\220\371c@\017\254\363\\371\340\340VaR\205~^\226\342t\360\022\204d\231\205)\272\364?\361!\334\331\315\254\230\rBG\314\023\246\244=\351\177\254\302b&\276+H;0\312\021&\275\036\237\350R\313\206R\331\304k\323u\263t\221\213yC\241\217A\242\027g\322\241'\212.E?B_\316\327\217J +\370\t^b\005\020\003\211\373\247|hC\271Nmk~J\270EU\274\036-\347\240\312FA\321\341bca\253\025\321\311\317\021\375\317\217\n\272\033o\353G>\275\361H\265\240\232um""\317\324`\214\221\314\000\211K\223+(""\200i \311\372g\254\343ZR0\224\275q\252\357\213\263\206N\357&Q\217\267\303\356I\236\357\264\311b\037\366\035\253\343\311\265\240\327q\206f\262ODi\215-\363>\034\236l\273\005G\316F\217}[\036\007\270:\260\335\271B\241N\345\330\204\327f\361\272Kb\0377p\334\264\237\177~\330]\252+:\317u\302h\n\351\n\364\231\277R\371\356\033y\265v\360Ny\246\332qY\262\231\251\n\305\334\202\305\362\n\367@k\231\016R:\327\242\366\242\253LZY\223$Gw^\203\302\311\316I7\371tTwp}\005|\372\214\251{R`\230V\244-\326I\351\255\325i\335\377\321\353\327\331\302\023\347y\016\263\271\317\306\017UV\314qu?\0064A\315{3D\010\016S\264\227\2326\315\307\363\323\325\303\032N\256*\307\327 \235\332\207u\210\271\257\306g\231i*\260\326k\001"";   nodeid: ""\260\000\000\000\000\000\000\000\000\000\000\000\000\000\000\000\000\000\000\000\000\000\000\000\000\000\000\000\000\000\000\000\001""; }; ","ledgerHash: ""\212\2353k0\361\214ID\303g\277\010Y_\001~\021\333\370\255\374\\331\306\255\336)\365Rth""; ledgerSeq: 35; type: liAS_NODE; nodes {;   nodedata: ""\021\000h""\000\000\000\000 \033\000\000\000""\002\023\304\237\330\356GuH\375\327!\255\371\r\231\262R\256J\034\222\241\355X\265E\241^W\225\304\014\361CX-}\351f\032\255\274\334m\326c\017\014ao[\342\230\003\245\245\3341Hm\326^\017jy\335\261\032Yt\320\244{g\0306\\302\303*\341\215\223\257\364\277o\375\000r\241SOq\221\253\262\005\017\375T\356\014\360o'\030\311-\267\031\257!\031T\006><\315XM\334\324\345\034\000\325\367\240\271\013\265\024\321\362\354\211\250.\234s\225amc\305\035\366\276\037nD\277`\210\223N\3535\033\261\304f\331]\036\237\306o!\223\221\002\324\031\262\240R\177 ,\214\325\Q])\016\2067\277\t\354\010\000\360\215\2502\265\245\310\226\243c\302Ze\306\253#r\020\211\320iG\276\020E\317\035Sf\223F\254\033@\177e\277\016\010u\327\371&\262\312\317Q\2361t\377x\234\001v\003%\030\325_\225g\204\346a=\225\273\331\354\365*U\363\263N\367b\371\244\314-w\363\262\225Z\200\206\235\233\257?sE\2674\254\326mU\377?\177Ek\336\030!\316Aa\225\303\022\377{\210Y\226\271as\354L\035\004\341\361\035\301\024\220m#*\372\032\3178~\374\250\014*\323\342'z69\220\327\256\351G\367\317u\302\207\270b\315\333\333\334\310I\323&\014\352XZnW2.\335\347\202\021\247\362\212e\034\000\001\250\220\305;a\314\265R\310\017\317\331\235\360\262\240:\277\202\266\354\265X""\022\nh\252\352w\204\203\023]\001f\352\277\0031Q]\362\370R\350{\261\202\240\344\215\201\353\276\322p5p\350\354\017>\250r\241c\273\016\301\024\363\242\247\263\231\370\344\nBW\220K\316@3\243\200\036wk\253GSlU\010\360\231>\331\263H\214\324\030A\225\301o\346pkSF\004\241\213w9\223=\250\262*+\255\351r\265\244c\024\213\t\007`\223\325#\3477\210\345P\306\013\320\252[\0216+\227=`\371P\314\346 V7\271[~\n\237\274|\347\352@K\253~&\260\032\024\004B\200\255h\351\013\361\031:nG\211\005|\2003\266\274\251,W\006u\344\335d\003\306\212\313,\340\350bG\n\030Z\2732-\246\312\255\030\003\235207\005}D\260\0261ah\322M\304\216\273m0\271\234\237\007<w$\265C\245\232\033\023\313c\321B\032l\301h\005\320\252\301\361(\330[\343\357\343{\235\n\266g\272>\177\317\347\261qb&\270&\346ju\200\363N\320\307\004\034\001n\317\361\2653\254\2503\247\305\372\316W\022O\253x\250\025\373\247\354Tc\304\263\243^\352Gv\\264\261\r\035\226\306\2411\351\233\203\215\200$\231\300f\220\371c@\017\254\363\\371\340\340VaR\205~^\226\342t\360\022\204d\231\205)\272\364?\361!\334\331\315\254\230\rBG\314\023\246\244=\351\177\254\302b&\276+H;0\312\021&\275\036\237\350R\313\206R\331\304k\323u\263t\221\213yC\241\217A\242\027g\322\241'\212.E?B_\316\327\217J +\370\t^b\005\020\003\211\373\247|hC\271Nmk~J\270EU\274\036-\347\240\312FA\321\341bca\253\025\321\311\317\021\375\317\217\n\272\033o\353G>\275\361H\265\240\232um""\317\324`\214\221\314\000\211K\223+(""\200i \311\372g\254\343ZR0\224\275q\252\357\213\263\206N\357&Q\217\267\303\356I\236\357\264\311b\037\366\035\253\343\311\265\240\327q\206f\262ODi\215-\363>\034\236l\273\005G\316F\217}[\036\007\270:\260\335\271B\241N\345\330\204\327f\361\272Kb\0377p\334\264\237\177~\330]\252+:\317u\302h\n\351\n\364\231\277R\371\356\033y\265v\360Ny\246\332qY\262\231\251\n\305\334\202\305\362\n\367@k\231\016R:\327\242\366\242\253LZY\223$Gw^\203\302\311\316I7\371tTwp}\005|\372\214\251{R`\230V\244-\326I\351\255\325i\335\377\321\353\327\331\302\023\347y\016\263\271\317\306\017UV\314qu?\0064A\315{3D\010\016S\264\227\2326\315\307\363\323\325\303\032N\256*\307\327 \235\332\207u\210\271\257\306g\231i*\260\326k\001"";   nodeid: ""\260\000\000\000\000\000\000\000\000\000\000\000\000\000\000\000\000\000\000\000\000\000\000\000\000\000\000\000\000\000\000\000\001""; }; "
1750527645522,1750527645523,0,1,3,0,TMLedgerData,"ledgerHash: ""\212\2353k0\361\214ID\303g\277\010Y_\001~\021\333\370\255\374\\331\306\255\336)\365Rth""; ledgerSeq: 35; type: liBASE; nodes {;   nodedata: ""\000\000\000#\001cEx]\211\377\330\335\377\321\353\327\331\302\023\347y\016\263\271\317\306\017UV\314qu?\0064A\315{3D\010\016S\000\000\000\000\000\000\000\000\000\000\000\000\000\000\000\000\000\000\000\000\000\000\000\000\000\000\000\000\000\000\000\000\333\036\354\023!\307\217\311\270\337\242\014p\021\211 \337U\242%*\264\332s\212\366:\202<8a\366/\351\253\031/\351\253\032\n\000""; }; nodes {;   nodedata: ""\323C\344\327\264{\312-\017:\006{\177\344N\002\326bO\260\220\006\033\362\345\005U\221DzJ0\001\301\025%1L\307\t\261\262z\374\222T\301\274V\236\223\262\270Ct\362\337b\356\024*\324\320\351\317\002k\336\234\027v\351\217\260\303\360\233ZPZWr\246$w\313\313\r\243r\232\2234\373\3539:N\004Q\245\272D\312D\300\300\t\323\0257\345e\271\na\215{\226\255x%T\257\037\333\004\344_/R\006E\344\037@\210\363\010\336T\226\247'\204_{\261\370""1\235\2445\343\033Y!\212\201\341\272\225'\007\201\242\000\217\324\304\\342\r\377mr\223\317|\006ptw\373\027\017\350\230\250TSh\371HxR\013\003""; }; requestCookie: 5; ","ledgerHash: ""\212\2353k0\361\214ID\303g\277\010Y_\001~\021\333\370\255\374\\331\306\255\336)\365Rth""; ledgerSeq: 35; type: liBASE; nodes {;   nodedata: ""\000\000\000#\001cEx]\211\377\330\335\377\321\353\327\331\302\023\347y\016\263\271\317\306\017UV\314qu?\0064A\315{3D\010\016S\000\000\000\000\000\000\000\000\000\000\000\000\000\000\000\000\000\000\000\000\000\000\000\000\000\000\000\000\000\000\000\000\333\036\354\023!\307\217\311\270\337\242\014p\021\211 \337U\242%*\264\332s\212\366:\202<8a\366/\351\253\031/\351\253\032\n\000""; }; nodes {;   nodedata: ""\323C\344\327\264{\312-\017:\006{\177\344N\002\326bO\260\220\006\033\362\345\005U\221DzJ0\001\301\025%1L\307\t\261\262z\374\222T\301\274V\236\223\262\270Ct\362\337b\356\024*\324\320\351\317\002k\336\234\027v\351\217\260\303\360\233ZPZWr\246$w\313\313\r\243r\232\2234\373\3539:N\004Q\245\272D\312D\300\300\t\323\0257\345e\271\na\215{\226\255x%T\257\037\333\004\344_/R\006E\344\037@\210\363\010\336T\226\247'\204_{\261\370""1\235\2445\343\033Y!\212\201\341\272\225'\007\201\242\000\217\324\304\\342\r\377mr\223\317|\006ptw\373\027\017\350\230\250TSh\371HxR\013\003""; }; requestCookie: 5; "
1750527645525,1750527645525,0,1,3,1,TMLedgerData,"ledgerHash: ""\212\2353k0\361\214ID\303g\277\010Y_\001~\021\333\370\255\374\\331\306\255\336)\365Rth""; ledgerSeq: 35; type: liBASE; nodes {;   nodedata: ""\000\000\000#\001cEx]\211\377\330\335\377\321\353\327\331\302\023\347y\016\263\271\317\306\017UV\314qu?\0064A\315{3D\010\016S\000\000\000\000\000\000\000\000\000\000\000\000\000\000\000\000\000\000\000\000\000\000\000\000\000\000\000\000\000\000\000\000\333\036\354\023!\307\217\311\270\337\242\014p\021\211 \337U\242%*\264\332s\212\366:\202<8a\366/\351\253\031/\351\253\032\n\000""; }; nodes {;   nodedata: ""\323C\344\327\264{\312-\017:\006{\177\344N\002\326bO\260\220\006\033\362\345\005U\221DzJ0\001\301\025%1L\307\t\261\262z\374\222T\301\274V\236\223\262\270Ct\362\337b\356\024*\324\320\351\317\002k\336\234\027v\351\217\260\303\360\233ZPZWr\246$w\313\313\r\243r\232\2234\373\3539:N\004Q\245\272D\312D\300\300\t\323\0257\345e\271\na\215{\226\255x%T\257\037\333\004\344_/R\006E\344\037@\210\363\010\336T\226\247'\204_{\261\370""1\235\2445\343\033Y!\212\201\341\272\225'\007\201\242\000\217\324\304\\342\r\377mr\223\317|\006ptw\373\027\017\350\230\250TSh\371HxR\013\003""; }; requestCookie: 2; ","ledgerHash: ""\212\2353k0\361\214ID\303g\277\010Y_\001~\021\333\370\255\374\\331\306\255\336)\365Rth""; ledgerSeq: 35; type: liBASE; nodes {;   nodedata: ""\000\000\000#\001cEx]\211\377\330\335\377\321\353\327\331\302\023\347y\016\263\271\317\306\017UV\314qu?\0064A\315{3D\010\016S\000\000\000\000\000\000\000\000\000\000\000\000\000\000\000\000\000\000\000\000\000\000\000\000\000\000\000\000\000\000\000\000\333\036\354\023!\307\217\311\270\337\242\014p\021\211 \337U\242%*\264\332s\212\366:\202<8a\366/\351\253\031/\351\253\032\n\000""; }; nodes {;   nodedata: ""\323C\344\327\264{\312-\017:\006{\177\344N\002\326bO\260\220\006\033\362\345\005U\221DzJ0\001\301\025%1L\307\t\261\262z\374\222T\301\274V\236\223\262\270Ct\362\337b\356\024*\324\320\351\317\002k\336\234\027v\351\217\260\303\360\233ZPZWr\246$w\313\313\r\243r\232\2234\373\3539:N\004Q\245\272D\312D\300\300\t\323\0257\345e\271\na\215{\226\255x%T\257\037\333\004\344_/R\006E\344\037@\210\363\010\336T\226\247'\204_{\261\370""1\235\2445\343\033Y!\212\201\341\272\225'\007\201\242\000\217\324\304\\342\r\377mr\223\317|\006ptw\373\027\017\350\230\250TSh\371HxR\013\003""; }; requestCookie: 2; "
1750527645526,1750527645526,0,1,3,1,TMLedgerData,"ledgerHash: ""\212\2353k0\361\214ID\303g\277\010Y_\001~\021\333\370\255\374\\331\306\255\336)\365Rth""; ledgerSeq: 35; type: liAS_NODE; nodes {;   nodedata: ""\021\000h""\000\000\000\000 \033\000\000\000""\002\023\304\237\330\356GuH\375\327!\255\371\r\231\262R\256J\034\222\241\355X\265E\241^W\225\304\014\361CX-}\351f\032\255\274\334m\326c\017\014ao[\342\230\003\245\245\3341Hm\326^\017jy\335\261\032Yt\320\244{g\0306\\302\303*\341\215\223\257\364\277o\375\000r\241SOq\221\253\262\005\017\375T\356\014\360o'\030\311-\267\031\257!\031T\006><\315XM\334\324\345\034\000\325\367\240\271\013\265\024\321\362\354\211\250.\234s\225amc\305\035\366\276\037nD\277`\210\223N\3535\033\261\304f\331]\036\237\306o!\223\221\002\324\031\262\240R\177 ,\214\325\Q])\016\2067\277\t\354\010\000\360\215\2502\265\245\310\226\243c\302Ze\306\253#r\020\211\320iG\276\020E\317\035Sf\223F\254\033@\177e\277\016\010u\327\371&\262\312\317Q\2361t\377x\234\001v\003%\030\325_\225g\204\346a=\225\273\331\354\365*U\363\263N\367b\371\244\314-w\363\262\225Z\200\206\235\233\257?sE\2674\254\326mU\377?\177Ek\336\030!\316Aa\225\303\022\377{\210Y\226\271as\354L\035\004\341\361\035\301\024\220m#*\372\032\3178~\374\250\014*\323\342'z69\220\327\256\351G\367\317u\302\207\270b\315\333\333\334\310I\323&\014\352XZnW2.\335\347\202\021\247\362\212e\034\000\001\250\220\305;a\314\265R\310\017\317\331\235\360\262\240:\277\202\266\354\265X""\022\nh\252\352w\204\203\023]\001f\352\277\0031Q]\362\370R\350{\261\202\240\344\215\201\353\276\322p5p\350\354\017>\250r\241c\273\016\301\024\363\242\247\263\231\370\344\nBW\220K\316@3\243\200\036wk\253GSlU\010\360\231>\331\263H\214\324\030A\225\301o\346pkSF\004\241\213w9\223=\250\262*+\255\351r\265\244c\024\213\t\007`\223\325#\3477\210\345P\306\013\320\252[\0216+\227=`\371P\314\346 V7\271[~\n\237\274|\347\352@K\253~&\260\032\024\004B\200\255h\351\013\361\031:nG\211\005|\2003\266\274\251,W\006u\344\335d\003\306\212\313,\340\350bG\n\030Z\2732-\246\312\255\030\003\235207\005}D\260\0261ah\322M\304\216\273m0\271\234\237\007<w$\265C\245\232\033\023\313c\321B\032l\301h\005\320\252\301\361(\330[\343\357\343{\235\n\266g\272>\177\317\347\261qb&\270&\346ju\200\363N\320\307\004\034\001n\317\361\2653\254\2503\247\305\372\316W\022O\253x\250\025\373\247\354Tc\304\263\243^\352Gv\\264\261\r\035\226\306\2411\351\233\203\215\200$\231\300f\220\371c@\017\254\363\\371\340\340VaR\205~^\226\342t\360\022\204d\231\205)\272\364?\361!\334\331\315\254\230\rBG\314\023\246\244=\351\177\254\302b&\276+H;0\312\021&\275\036\237\350R\313\206R\331\304k\323u\263t\221\213yC\241\217A\242\027g\322\241'\212.E?B_\316\327\217J +\370\t^b\005\020\003\211\373\247|hC\271Nmk~J\270EU\274\036-\347\240\312FA\321\341bca\253\025\321\311\317\021\375\317\217\n\272\033o\353G>\275\361H\265\240\232um""\317\324`\214\221\314\000\211K\223+(""\200i \311\372g\254\343ZR0\224\275q\252\357\213\263\206N\357&Q\217\267\303\356I\236\357\264\311b\037\366\035\253\343\311\265\240\327q\206f\262ODi\215-\363>\034\236l\273\005G\316F\217}[\036\007\270:\260\335\271B\241N\345\330\204\327f\361\272Kb\0377p\334\264\237\177~\330]\252+:\317u\302h\n\351\n\364\231\277R\371\356\033y\265v\360Ny\246\332qY\262\231\251\n\305\334\202\305\362\n\367@k\231\016R:\327\242\366\242\253LZY\223$Gw^\203\302\311\316I7\371tTwp}\005|\372\214\251{R`\230V\244-\326I\351\255\325i\335\377\321\353\327\331\302\023\347y\016\263\271\317\306\017UV\314qu?\0064A\315{3D\010\016S\264\227\2326\315\307\363\323\325\303\032N\256*\307\327 \235\332\207u\210\271\257\306g\231i*\260\326k\001"";   nodeid: ""\260\000\000\000\000\000\000\000\000\000\000\000\000\000\000\000\000\000\000\000\000\000\000\000\000\000\000\000\000\000\000\000\001""; }; ","ledgerHash: ""\212\2353k0\361\214ID\303g\277\010Y_\001~\021\333\370\255\374\\331\306\255\336)\365Rth""; ledgerSeq: 35; type: liAS_NODE; nodes {;   nodedata: ""\021\000h""\000\000\000\000 \033\000\000\000""\002\023\304\237\330\356GuH\375\327!\255\371\r\231\262R\256J\034\222\241\355X\265E\241^W\225\304\014\361CX-}\351f\032\255\274\334m\326c\017\014ao[\342\230\003\245\245\3341Hm\326^\017jy\335\261\032Yt\320\244{g\0306\\302\303*\341\215\223\257\364\277o\375\000r\241SOq\221\253\262\005\017\375T\356\014\360o'\030\311-\267\031\257!\031T\006><\315XM\334\324\345\034\000\325\367\240\271\013\265\024\321\362\354\211\250.\234s\225amc\305\035\366\276\037nD\277`\210\223N\3535\033\261\304f\331]\036\237\306o!\223\221\002\324\031\262\240R\177 ,\214\325\Q])\016\2067\277\t\354\010\000\360\215\2502\265\245\310\226\243c\302Ze\306\253#r\020\211\320iG\276\020E\317\035Sf\223F\254\033@\177e\277\016\010u\327\371&\262\312\317Q\2361t\377x\234\001v\003%\030\325_\225g\204\346a=\225\273\331\354\365*U\363\263N\367b\371\244\314-w\363\262\225Z\200\206\235\233\257?sE\2674\254\326mU\377?\177Ek\336\030!\316Aa\225\303\022\377{\210Y\226\271as\354L\035\004\341\361\035\301\024\220m#*\372\032\3178~\374\250\014*\323\342'z69\220\327\256\351G\367\317u\302\207\270b\315\333\333\334\310I\323&\014\352XZnW2.\335\347\202\021\247\362\212e\034\000\001\250\220\305;a\314\265R\310\017\317\331\235\360\262\240:\277\202\266\354\265X""\022\nh\252\352w\204\203\023]\001f\352\277\0031Q]\362\370R\350{\261\202\240\344\215\201\353\276\322p5p\350\354\017>\250r\241c\273\016\301\024\363\242\247\263\231\370\344\nBW\220K\316@3\243\200\036wk\253GSlU\010\360\231>\331\263H\214\324\030A\225\301o\346pkSF\004\241\213w9\223=\250\262*+\255\351r\265\244c\024\213\t\007`\223\325#\3477\210\345P\306\013\320\252[\0216+\227=`\371P\314\346 V7\271[~\n\237\274|\347\352@K\253~&\260\032\024\004B\200\255h\351\013\361\031:nG\211\005|\2003\266\274\251,W\006u\344\335d\003\306\212\313,\340\350bG\n\030Z\2732-\246\312\255\030\003\235207\005}D\260\0261ah\322M\304\216\273m0\271\234\237\007<w$\265C\245\232\033\023\313c\321B\032l\301h\005\320\252\301\361(\330[\343\357\343{\235\n\266g\272>\177\317\347\261qb&\270&\346ju\200\363N\320\307\004\034\001n\317\361\2653\254\2503\247\305\372\316W\022O\253x\250\025\373\247\354Tc\304\263\243^\352Gv\\264\261\r\035\226\306\2411\351\233\203\215\200$\231\300f\220\371c@\017\254\363\\371\340\340VaR\205~^\226\342t\360\022\204d\231\205)\272\364?\361!\334\331\315\254\230\rBG\314\023\246\244=\351\177\254\302b&\276+H;0\312\021&\275\036\237\350R\313\206R\331\304k\323u\263t\221\213yC\241\217A\242\027g\322\241'\212.E?B_\316\327\217J +\370\t^b\005\020\003\211\373\247|hC\271Nmk~J\270EU\274\036-\347\240\312FA\321\341bca\253\025\321\311\317\021\375\317\217\n\272\033o\353G>\275\361H\265\240\232um""\317\324`\214\221\314\000\211K\223+(""\200i \311\372g\254\343ZR0\224\275q\252\357\213\263\206N\357&Q\217\267\303\356I\236\357\264\311b\037\366\035\253\343\311\265\240\327q\206f\262ODi\215-\363>\034\236l\273\005G\316F\217}[\036\007\270:\260\335\271B\241N\345\330\204\327f\361\272Kb\0377p\334\264\237\177~\330]\252+:\317u\302h\n\351\n\364\231\277R\371\356\033y\265v\360Ny\246\332qY\262\231\251\n\305\334\202\305\362\n\367@k\231\016R:\327\242\366\242\253LZY\223$Gw^\203\302\311\316I7\371tTwp}\005|\372\214\251{R`\230V\244-\326I\351\255\325i\335\377\321\353\327\331\302\023\347y\016\263\271\317\306\017UV\314qu?\0064A\315{3D\010\016S\264\227\2326\315\307\363\323\325\303\032N\256*\307\327 \235\332\207u\210\271\257\306g\231i*\260\326k\001"";   nodeid: ""\260\000\000\000\000\000\000\000\000\000\000\000\000\000\000\000\000\000\000\000\000\000\000\000\000\000\000\000\000\000\000\000\001""; }; "
1750527645528,1750527645528,0,1,0,4,TMLedgerData,"ledgerHash: ""\212\2353k0\361\214ID\303g\277\010Y_\001~\021\333\370\255\374\\331\306\255\336)\365Rth""; ledgerSeq: 35; type: liBASE; nodes {;   nodedata: ""\000\000\000#\001cEx]\211\377\330\335\377\321\353\327\331\302\023\347y\016\263\271\317\306\017UV\314qu?\0064A\315{3D\010\016S\000\000\000\000\000\000\000\000\000\000\000\000\000\000\000\000\000\000\000\000\000\000\000\000\000\000\000\000\000\000\000\000\333\036\354\023!\307\217\311\270\337\242\014p\021\211 \337U\242%*\264\332s\212\366:\202<8a\366/\351\253\031/\351\253\032\n\000""; }; nodes {;   nodedata: ""\323C\344\327\264{\312-\017:\006{\177\344N\002\326bO\260\220\006\033\362\345\005U\221DzJ0\001\301\025%1L\307\t\261\262z\374\222T\301\274V\236\223\262\270Ct\362\337b\356\024*\324\320\351\317\002k\336\234\027v\351\217\260\303\360\233ZPZWr\246$w\313\313\r\243r\232\2234\373\3539:N\004Q\245\272D\312D\300\300\t\323\0257\345e\271\na\215{\226\255x%T\257\037\333\004\344_/R\006E\344\037@\210\363\010\336T\226\247'\204_{\261\370""1\235\2445\343\033Y!\212\201\341\272\225'\007\201\242\000\217\324\304\\342\r\377mr\223\317|\006ptw\373\027\017\350\230\250TSh\371HxR\013\003""; }; ","ledgerHash: ""\212\2353k0\361\214ID\303g\277\010Y_\001~\021\333\370\255\374\\331\306\255\336)\365Rth""; ledgerSeq: 35; type: liBASE; nodes {;   nodedata: ""\000\000\000#\001cEx]\211\377\330\335\377\321\353\327\331\302\023\347y\016\263\271\317\306\017UV\314qu?\0064A\315{3D\010\016S\000\000\000\000\000\000\000\000\000\000\000\000\000\000\000\000\000\000\000\000\000\000\000\000\000\000\000\000\000\000\000\000\333\036\354\023!\307\217\311\270\337\242\014p\021\211 \337U\242%*\264\332s\212\366:\202<8a\366/\351\253\031/\351\253\032\n\000""; }; nodes {;   nodedata: ""\323C\344\327\264{\312-\017:\006{\177\344N\002\326bO\260\220\006\033\362\345\005U\221DzJ0\001\301\025%1L\307\t\261\262z\374\222T\301\274V\236\223\262\270Ct\362\337b\356\024*\324\320\351\317\002k\336\234\027v\351\217\260\303\360\233ZPZWr\246$w\313\313\r\243r\232\2234\373\3539:N\004Q\245\272D\312D\300\300\t\323\0257\345e\271\na\215{\226\255x%T\257\037\333\004\344_/R\006E\344\037@\210\363\010\336T\226\247'\204_{\261\370""1\235\2445\343\033Y!\212\201\341\272\225'\007\201\242\000\217\324\304\\342\r\377mr\223\317|\006ptw\373\027\017\350\230\250TSh\371HxR\013\003""; }; "
1750527645529,1750527645530,0,1,1,0,TMLedgerData,"ledgerHash: ""\212\2353k0\361\214ID\303g\277\010Y_\001~\021\333\370\255\374\\331\306\255\336)\365Rth""; ledgerSeq: 35; type: liBASE; nodes {;   nodedata: ""\000\000\000#\001cEx]\211\377\330\335\377\321\353\327\331\302\023\347y\016\263\271\317\306\017UV\314qu?\0064A\315{3D\010\016S\000\000\000\000\000\000\000\000\000\000\000\000\000\000\000\000\000\000\000\000\000\000\000\000\000\000\000\000\000\000\000\000\333\036\354\023!\307\217\311\270\337\242\014p\021\211 \337U\242%*\264\332s\212\366:\202<8a\366/\351\253\031/\351\253\032\n\000""; }; nodes {;   nodedata: ""\323C\344\327\264{\312-\017:\006{\177\344N\002\326bO\260\220\006\033\362\345\005U\221DzJ0\001\301\025%1L\307\t\261\262z\374\222T\301\274V\236\223\262\270Ct\362\337b\356\024*\324\320\351\317\002k\336\234\027v\351\217\260\303\360\233ZPZWr\246$w\313\313\r\243r\232\2234\373\3539:N\004Q\245\272D\312D\300\300\t\323\0257\345e\271\na\215{\226\255x%T\257\037\333\004\344_/R\006E\344\037@\210\363\010\336T\226\247'\204_{\261\370""1\235\2445\343\033Y!\212\201\341\272\225'\007\201\242\000\217\324\304\\342\r\377mr\223\317|\006ptw\373\027\017\350\230\250TSh\371HxR\013\003""; }; ","ledgerHash: ""\212\2353k0\361\214ID\303g\277\010Y_\001~\021\333\370\255\374\\331\306\255\336)\365Rth""; ledgerSeq: 35; type: liBASE; nodes {;   nodedata: ""\000\000\000#\001cEx]\211\377\330\335\377\321\353\327\331\302\023\347y\016\263\271\317\306\017UV\314qu?\0064A\315{3D\010\016S\000\000\000\000\000\000\000\000\000\000\000\000\000\000\000\000\000\000\000\000\000\000\000\000\000\000\000\000\000\000\000\000\333\036\354\023!\307\217\311\270\337\242\014p\021\211 \337U\242%*\264\332s\212\366:\202<8a\366/\351\253\031/\351\253\032\n\000""; }; nodes {;   nodedata: ""\323C\344\327\264{\312-\017:\006{\177\344N\002\326bO\260\220\006\033\362\345\005U\221DzJ0\001\301\025%1L\307\t\261\262z\374\222T\301\274V\236\223\262\270Ct\362\337b\356\024*\324\320\351\317\002k\336\234\027v\351\217\260\303\360\233ZPZWr\246$w\313\313\r\243r\232\2234\373\3539:N\004Q\245\272D\312D\300\300\t\323\0257\345e\271\na\215{\226\255x%T\257\037\333\004\344_/R\006E\344\037@\210\363\010\336T\226\247'\204_{\261\370""1\235\2445\343\033Y!\212\201\341\272\225'\007\201\242\000\217\324\304\\342\r\377mr\223\317|\006ptw\373\027\017\350\230\250TSh\371HxR\013\003""; }; "
1750527645545,1750527645545,0,1,0,3,TMStatusChange,"newEvent: neACCEPTED_LEDGER; ledgerSeq: 12; ledgerHash: ""\212\221\310\013\200\331\347e\201\327V-\007\357\327\346\2263\031K\255s\310&\251\322\367\316F\360\310\245""; ledgerHashPrevious: ""\027U|0.\0360\370\215\036\314\206\346\317zDP\223\241\204\277V\351i\247$\323\007\211CW\252""; networkTime: 803842845; firstSeq: 1; lastSeq: 34; ","newEvent: neACCEPTED_LEDGER; ledgerSeq: 12; ledgerHash: ""\212\221\310\013\200\331\347e\201\327V-\007\357\327\346\2263\031K\255s\310&\251\322\367\316F\360\310\245""; ledgerHashPrevious: ""\027U|0.\0360\370\215\036\314\206\346\317zDP\223\241\204\277V\351i\247$\323\007\211CW\252""; networkTime: 803842845; firstSeq: 1; lastSeq: 34; "
1750527645545,1750527645545,0,1,0,2,TMStatusChange,"newEvent: neACCEPTED_LEDGER; ledgerSeq: 12; ledgerHash: ""\212\221\310\013\200\331\347e\201\327V-\007\357\327\346\2263\031K\255s\310&\251\322\367\316F\360\310\245""; ledgerHashPrevious: ""\027U|0.\0360\370\215\036\314\206\346\317zDP\223\241\204\277V\351i\247$\323\007\211CW\252""; networkTime: 803842845; firstSeq: 1; lastSeq: 34; ","newEvent: neACCEPTED_LEDGER; ledgerSeq: 12; ledgerHash: ""\212\221\310\013\200\331\347e\201\327V-\007\357\327\346\2263\031K\255s\310&\251\322\367\316F\360\310\245""; ledgerHashPrevious: ""\027U|0.\0360\370\215\036\314\206\346\317zDP\223\241\204\277V\351i\247$\323\007\211CW\252""; networkTime: 803842845; firstSeq: 1; lastSeq: 34; "
1750527645546,1750527645546,0,1,0,1,TMStatusChange,"newEvent: neACCEPTED_LEDGER; ledgerSeq: 12; ledgerHash: ""\212\221\310\013\200\331\347e\201\327V-\007\357\327\346\2263\031K\255s\310&\251\322\367\316F\360\310\245""; ledgerHashPrevious: ""\027U|0.\0360\370\215\036\314\206\346\317zDP\223\241\204\277V\351i\247$\323\007\211CW\252""; networkTime: 803842845; firstSeq: 1; lastSeq: 34; ","newEvent: neACCEPTED_LEDGER; ledgerSeq: 12; ledgerHash: ""\212\221\310\013\200\331\347e\201\327V-\007\357\327\346\2263\031K\255s\310&\251\322\367\316F\360\310\245""; ledgerHashPrevious: ""\027U|0.\0360\370\215\036\314\206\346\317zDP\223\241\204\277V\351i\247$\323\007\211CW\252""; networkTime: 803842845; firstSeq: 1; lastSeq: 34; "
1750527645547,1750527645547,0,1,3,0,TMLedgerData,"ledgerHash: ""\212\2353k0\361\214ID\303g\277\010Y_\001~\021\333\370\255\374\\331\306\255\336)\365Rth""; ledgerSeq: 35; type: liBASE; nodes {;   nodedata: ""\000\000\000#\001cEx]\211\377\330\335\377\321\353\327\331\302\023\347y\016\263\271\317\306\017UV\314qu?\0064A\315{3D\010\016S\000\000\000\000\000\000\000\000\000\000\000\000\000\000\000\000\000\000\000\000\000\000\000\000\000\000\000\000\000\000\000\000\333\036\354\023!\307\217\311\270\337\242\014p\021\211 \337U\242%*\264\332s\212\366:\202<8a\366/\351\253\031/\351\253\032\n\000""; }; nodes {;   nodedata: ""\323C\344\327\264{\312-\017:\006{\177\344N\002\326bO\260\220\006\033\362\345\005U\221DzJ0\001\301\025%1L\307\t\261\262z\374\222T\301\274V\236\223\262\270Ct\362\337b\356\024*\324\320\351\317\002k\336\234\027v\351\217\260\303\360\233ZPZWr\246$w\313\313\r\243r\232\2234\373\3539:N\004Q\245\272D\312D\300\300\t\323\0257\345e\271\na\215{\226\255x%T\257\037\333\004\344_/R\006E\344\037@\210\363\010\336T\226\247'\204_{\261\370""1\235\2445\343\033Y!\212\201\341\272\225'\007\201\242\000\217\324\304\\342\r\377mr\223\317|\006ptw\373\027\017\350\230\250TSh\371HxR\013\003""; }; requestCookie: 2; ","ledgerHash: ""\212\2353k0\361\214ID\303g\277\010Y_\001~\021\333\370\255\374\\331\306\255\336)\365Rth""; ledgerSeq: 35; type: liBASE; nodes {;   nodedata: ""\000\000\000#\001cEx]\211\377\330\335\377\321\353\327\331\302\023\347y\016\263\271\317\306\017UV\314qu?\0064A\315{3D\010\016S\000\000\000\000\000\000\000\000\000\000\000\000\000\000\000\000\000\000\000\000\000\000\000\000\000\000\000\000\000\000\000\000\333\036\354\023!\307\217\311\270\337\242\014p\021\211 \337U\242%*\264\332s\212\366:\202<8a\366/\351\253\031/\351\253\032\n\000""; }; nodes {;   nodedata: ""\323C\344\327\264{\312-\017:\006{\177\344N\002\326bO\260\220\006\033\362\345\005U\221DzJ0\001\301\025%1L\307\t\261\262z\374\222T\301\274V\236\223\262\270Ct\362\337b\356\024*\324\320\351\317\002k\336\234\027v\351\217\260\303\360\233ZPZWr\246$w\313\313\r\243r\232\2234\373\3539:N\004Q\245\272D\312D\300\300\t\323\0257\345e\271\na\215{\226\255x%T\257\037\333\004\344_/R\006E\344\037@\210\363\010\336T\226\247'\204_{\261\370""1\235\2445\343\033Y!\212\201\341\272\225'\007\201\242\000\217\324\304\\342\r\377mr\223\317|\006ptw\373\027\017\350\230\250TSh\371HxR\013\003""; }; requestCookie: 2; "
1750527645570,1750527645570,0,1,0,4,TMStatusChange,"newEvent: neACCEPTED_LEDGER; ledgerSeq: 12; ledgerHash: ""\212\221\310\013\200\331\347e\201\327V-\007\357\327\346\2263\031K\255s\310&\251\322\367\316F\360\310\245""; ledgerHashPrevious: ""\027U|0.\0360\370\215\036\314\206\346\317zDP\223\241\204\277V\351i\247$\323\007\211CW\252""; networkTime: 803842845; firstSeq: 1; lastSeq: 34; ","newEvent: neACCEPTED_LEDGER; ledgerSeq: 12; ledgerHash: ""\212\221\310\013\200\331\347e\201\327V-\007\357\327\346\2263\031K\255s\310&\251\322\367\316F\360\310\245""; ledgerHashPrevious: ""\027U|0.\0360\370\215\036\314\206\346\317zDP\223\241\204\277V\351i\247$\323\007\211CW\252""; networkTime: 803842845; firstSeq: 1; lastSeq: 34; "
1750527645586,1750527645586,0,1,0,1,TMLedgerData,"ledgerHash: ""\212\2353k0\361\214ID\303g\277\010Y_\001~\021\333\370\255\374\\331\306\255\336)\365Rth""; ledgerSeq: 35; type: liBASE; nodes {;   nodedata: ""\000\000\000#\001cEx]\211\377\330\335\377\321\353\327\331\302\023\347y\016\263\271\317\306\017UV\314qu?\0064A\315{3D\010\016S\000\000\000\000\000\000\000\000\000\000\000\000\000\000\000\000\000\000\000\000\000\000\000\000\000\000\000\000\000\000\000\000\333\036\354\023!\307\217\311\270\337\242\014p\021\211 \337U\242%*\264\332s\212\366:\202<8a\366/\351\253\031/\351\253\032\n\000""; }; nodes {;   nodedata: ""\323C\344\327\264{\312-\017:\006{\177\344N\002\326bO\260\220\006\033\362\345\005U\221DzJ0\001\301\025%1L\307\t\261\262z\374\222T\301\274V\236\223\262\270Ct\362\337b\356\024*\324\320\351\317\002k\336\234\027v\351\217\260\303\360\233ZPZWr\246$w\313\313\r\243r\232\2234\373\3539:N\004Q\245\272D\312D\300\300\t\323\0257\345e\271\na\215{\226\255x%T\257\037\333\004\344_/R\006E\344\037@\210\363\010\336T\226\247'\204_{\261\370""1\235\2445\343\033Y!\212\201\341\272\225'\007\201\242\000\217\324\304\\342\r\377mr\223\317|\006ptw\373\027\017\350\230\250TSh\371HxR\013\003""; }; ","ledgerHash: ""\212\2353k0\361\214ID\303g\277\010Y_\001~\021\333\370\255\374\\331\306\255\336)\365Rth""; ledgerSeq: 35; type: liBASE; nodes {;   nodedata: ""\000\000\000#\001cEx]\211\377\330\335\377\321\353\327\331\302\023\347y\016\263\271\317\306\017UV\314qu?\0064A\315{3D\010\016S\000\000\000\000\000\000\000\000\000\000\000\000\000\000\000\000\000\000\000\000\000\000\000\000\000\000\000\000\000\000\000\000\333\036\354\023!\307\217\311\270\337\242\014p\021\211 \337U\242%*\264\332s\212\366:\202<8a\366/\351\253\031/\351\253\032\n\000""; }; nodes {;   nodedata: ""\323C\344\327\264{\312-\017:\006{\177\344N\002\326bO\260\220\006\033\362\345\005U\221DzJ0\001\301\025%1L\307\t\261\262z\374\222T\301\274V\236\223\262\270Ct\362\337b\356\024*\324\320\351\317\002k\336\234\027v\351\217\260\303\360\233ZPZWr\246$w\313\313\r\243r\232\2234\373\3539:N\004Q\245\272D\312D\300\300\t\323\0257\345e\271\na\215{\226\255x%T\257\037\333\004\344_/R\006E\344\037@\210\363\010\336T\226\247'\204_{\261\370""1\235\2445\343\033Y!\212\201\341\272\225'\007\201\242\000\217\324\304\\342\r\377mr\223\317|\006ptw\373\027\017\350\230\250TSh\371HxR\013\003""; }; "
1750527645617,1750527645617,0,1,4,3,TMStatusChange,"newEvent: neACCEPTED_LEDGER; ledgerSeq: 35; ledgerHash: ""\212\2353k0\361\214ID\303g\277\010Y_\001~\021\333\370\255\374\\331\306\255\336)\365Rth""; ledgerHashPrevious: ""\335\377\321\353\327\331\302\023\347y\016\263\271\317\306\017UV\314qu?\0064A\315{3D\010\016S""; networkTime: 803842845; firstSeq: 1; lastSeq: 34; ","newEvent: neACCEPTED_LEDGER; ledgerSeq: 35; ledgerHash: ""\212\2353k0\361\214ID\303g\277\010Y_\001~\021\333\370\255\374\\331\306\255\336)\365Rth""; ledgerHashPrevious: ""\335\377\321\353\327\331\302\023\347y\016\263\271\317\306\017UV\314qu?\0064A\315{3D\010\016S""; networkTime: 803842845; firstSeq: 1; lastSeq: 34; "
1750527645617,1750527645617,0,1,4,1,TMStatusChange,"newEvent: neACCEPTED_LEDGER; ledgerSeq: 35; ledgerHash: ""\212\2353k0\361\214ID\303g\277\010Y_\001~\021\333\370\255\374\\331\306\255\336)\365Rth""; ledgerHashPrevious: ""\335\377\321\353\327\331\302\023\347y\016\263\271\317\306\017UV\314qu?\0064A\315{3D\010\016S""; networkTime: 803842845; firstSeq: 1; lastSeq: 34; ","newEvent: neACCEPTED_LEDGER; ledgerSeq: 35; ledgerHash: ""\212\2353k0\361\214ID\303g\277\010Y_\001~\021\333\370\255\374\\331\306\255\336)\365Rth""; ledgerHashPrevious: ""\335\377\321\353\327\331\302\023\347y\016\263\271\317\306\017UV\314qu?\0064A\315{3D\010\016S""; networkTime: 803842845; firstSeq: 1; lastSeq: 34; "
1750527645618,1750527645618,0,1,4,2,TMStatusChange,"newEvent: neACCEPTED_LEDGER; ledgerSeq: 35; ledgerHash: ""\212\2353k0\361\214ID\303g\277\010Y_\001~\021\333\370\255\374\\331\306\255\336)\365Rth""; ledgerHashPrevious: ""\335\377\321\353\327\331\302\023\347y\016\263\271\317\306\017UV\314qu?\0064A\315{3D\010\016S""; networkTime: 803842845; firstSeq: 1; lastSeq: 34; ","newEvent: neACCEPTED_LEDGER; ledgerSeq: 35; ledgerHash: ""\212\2353k0\361\214ID\303g\277\010Y_\001~\021\333\370\255\374\\331\306\255\336)\365Rth""; ledgerHashPrevious: ""\335\377\321\353\327\331\302\023\347y\016\263\271\317\306\017UV\314qu?\0064A\315{3D\010\016S""; networkTime: 803842845; firstSeq: 1; lastSeq: 34; "
1750527645619,1750527645619,0,1,4,0,TMStatusChange,"newEvent: neACCEPTED_LEDGER; ledgerSeq: 35; ledgerHash: ""\212\2353k0\361\214ID\303g\277\010Y_\001~\021\333\370\255\374\\331\306\255\336)\365Rth""; ledgerHashPrevious: ""\335\377\321\353\327\331\302\023\347y\016\263\271\317\306\017UV\314qu?\0064A\315{3D\010\016S""; networkTime: 803842845; firstSeq: 1; lastSeq: 34; ","newEvent: neACCEPTED_LEDGER; ledgerSeq: 35; ledgerHash: ""\212\2353k0\361\214ID\303g\277\010Y_\001~\021\333\370\255\374\\331\306\255\336)\365Rth""; ledgerHashPrevious: ""\335\377\321\353\327\331\302\023\347y\016\263\271\317\306\017UV\314qu?\0064A\315{3D\010\016S""; networkTime: 803842845; firstSeq: 1; lastSeq: 34; "
1750527645630,1750527645631,0,1,2,4,TMStatusChange,"newEvent: neACCEPTED_LEDGER; ledgerSeq: 12; ledgerHash: ""\236R\330\360\256\004\260CN\250\277\334\000\r\262\020\2237\211\373\270\347\n\311\222a=\321\276Z\2313""; ledgerHashPrevious: ""\351\200D\025\027\211\2170\311\\000\341\377\025\233{\306$7\251\215K\253\377\343=J\317\247\206A6""; networkTime: 803842845; firstSeq: 1; lastSeq: 34; ","newEvent: neACCEPTED_LEDGER; ledgerSeq: 12; ledgerHash: ""\236R\330\360\256\004\260CN\250\277\334\000\r\262\020\2237\211\373\270\347\n\311\222a=\321\276Z\2313""; ledgerHashPrevious: ""\351\200D\025\027\211\2170\311\\000\341\377\025\233{\306$7\251\215K\253\377\343=J\317\247\206A6""; networkTime: 803842845; firstSeq: 1; lastSeq: 34; "
1750527645631,1750527645631,0,1,2,1,TMStatusChange,"newEvent: neACCEPTED_LEDGER; ledgerSeq: 12; ledgerHash: ""\236R\330\360\256\004\260CN\250\277\334\000\r\262\020\2237\211\373\270\347\n\311\222a=\321\276Z\2313""; ledgerHashPrevious: ""\351\200D\025\027\211\2170\311\\000\341\377\025\233{\306$7\251\215K\253\377\343=J\317\247\206A6""; networkTime: 803842845; firstSeq: 1; lastSeq: 34; ","newEvent: neACCEPTED_LEDGER; ledgerSeq: 12; ledgerHash: ""\236R\330\360\256\004\260CN\250\277\334\000\r\262\020\2237\211\373\270\347\n\311\222a=\321\276Z\2313""; ledgerHashPrevious: ""\351\200D\025\027\211\2170\311\\000\341\377\025\233{\306$7\251\215K\253\377\343=J\317\247\206A6""; networkTime: 803842845; firstSeq: 1; lastSeq: 34; "
1750527645631,1750527645631,0,1,2,0,TMStatusChange,"newEvent: neACCEPTED_LEDGER; ledgerSeq: 12; ledgerHash: ""\236R\330\360\256\004\260CN\250\277\334\000\r\262\020\2237\211\373\270\347\n\311\222a=\321\276Z\2313""; ledgerHashPrevious: ""\351\200D\025\027\211\2170\311\\000\341\377\025\233{\306$7\251\215K\253\377\343=J\317\247\206A6""; networkTime: 803842845; firstSeq: 1; lastSeq: 34; ","newEvent: neACCEPTED_LEDGER; ledgerSeq: 12; ledgerHash: ""\236R\330\360\256\004\260CN\250\277\334\000\r\262\020\2237\211\373\270\347\n\311\222a=\321\276Z\2313""; ledgerHashPrevious: ""\351\200D\025\027\211\2170\311\\000\341\377\025\233{\306$7\251\215K\253\377\343=J\317\247\206A6""; networkTime: 803842845; firstSeq: 1; lastSeq: 34; "
1750527645631,1750527645632,0,1,2,3,TMStatusChange,"newEvent: neACCEPTED_LEDGER; ledgerSeq: 12; ledgerHash: ""\236R\330\360\256\004\260CN\250\277\334\000\r\262\020\2237\211\373\270\347\n\311\222a=\321\276Z\2313""; ledgerHashPrevious: ""\351\200D\025\027\211\2170\311\\000\341\377\025\233{\306$7\251\215K\253\377\343=J\317\247\206A6""; networkTime: 803842845; firstSeq: 1; lastSeq: 34; ","newEvent: neACCEPTED_LEDGER; ledgerSeq: 12; ledgerHash: ""\236R\330\360\256\004\260CN\250\277\334\000\r\262\020\2237\211\373\270\347\n\311\222a=\321\276Z\2313""; ledgerHashPrevious: ""\351\200D\025\027\211\2170\311\\000\341\377\025\233{\306$7\251\215K\253\377\343=J\317\247\206A6""; networkTime: 803842845; firstSeq: 1; lastSeq: 34; "
1750527645633,1750527645633,0,1,4,2,TMValidation,"validation: """"\200\000\000\001&\000\000\000#)/\351\253\035:\r\302\353\023?\373\240rQ\212\2353k0\361\214ID\303g\277\010Y_\001~\021\333\370\255\374\\331\306\255\336)\365RthP\027\000\000\000\000\000\000\000\000\000\000\000\000\000\000\000\000\000\000\000\000\000\000\000\000\000\000\000\000\000\000\000\000P\031\335\377\321\353\327\331\302\023\347y\016\263\271\317\306\017UV\314qu?\0064A\315{3D\010\016Ss!\003R7o\362bV\300hf\266\241;}\200^\374\240\203[:\342Q\225\221\027y\372\255\235\216\323~vG0E\002!\000\376\216P\344\200\212\305r\016\346&\356j\212\256S\375\006[\251\331aT q\2720\263\316g\024\004\002 @\302\312h\210\310a\231\273""\234\000ur\346\322\274\332\2331\374B\301\013#\253D\365[\250\371F""; ","validation: """"\200\000\000\001&\000\000\000#)/\351\253\035:\r\302\353\023?\373\240rQ\212\2353k0\361\214ID\303g\277\010Y_\001~\021\333\370\255\374\\331\306\255\336)\365RthP\027\000\000\000\000\000\000\000\000\000\000\000\000\000\000\000\000\000\000\000\000\000\000\000\000\000\000\000\000\000\000\000\000P\031\335\377\321\353\327\331\302\023\347y\016\263\271\317\306\017UV\314qu?\0064A\315{3D\010\016Ss!\003R7o\362bV\300hf\266\241;}\200^\374\240\203[:\342Q\225\221\027y\372\255\235\216\323~vG0E\002!\000\376\216P\344\200\212\305r\016\346&\356j\212\256S\375\006[\251\331aT q\2720\263\316g\024\004\002 @\302\312h\210\310a\231\273""\234\000ur\346\322\274\332\2331\374B\301\013#\253D\365[\250\371F""; "
1750527645658,1750527645658,0,1,4,1,TMValidation,"validation: """"\200\000\000\001&\000\000\000#)/\351\253\035:\r\302\353\023?\373\240rQ\212\2353k0\361\214ID\303g\277\010Y_\001~\021\333\370\255\374\\331\306\255\336)\365RthP\027\000\000\000\000\000\000\000\000\000\000\000\000\000\000\000\000\000\000\000\000\000\000\000\000\000\000\000\000\000\000\000\000P\031\335\377\321\353\327\331\302\023\347y\016\263\271\317\306\017UV\314qu?\0064A\315{3D\010\016Ss!\003R7o\362bV\300hf\266\241;}\200^\374\240\203[:\342Q\225\221\027y\372\255\235\216\323~vG0E\002!\000\376\216P\344\200\212\305r\016\346&\356j\212\256S\375\006[\251\331aT q\2720\263\316g\024\004\002 @\302\312h\210\310a\231\273""\234\000ur\346\322\274\332\2331\374B\301\013#\253D\365[\250\371F""; ","validation: """"\200\000\000\001&\000\000\000#)/\351\253\035:\r\302\353\023?\373\240rQ\212\2353k0\361\214ID\303g\277\010Y_\001~\021\333\370\255\374\\331\306\255\336)\365RthP\027\000\000\000\000\000\000\000\000\000\000\000\000\000\000\000\000\000\000\000\000\000\000\000\000\000\000\000\000\000\000\000\000P\031\335\377\321\353\327\331\302\023\347y\016\263\271\317\306\017UV\314qu?\0064A\315{3D\010\016Ss!\003R7o\362bV\300hf\266\241;}\200^\374\240\203[:\342Q\225\221\027y\372\255\235\216\323~vG0E\002!\000\376\216P\344\200\212\305r\016\346&\356j\212\256S\375\006[\251\331aT q\2720\263\316g\024\004\002 @\302\312h\210\310a\231\273""\234\000ur\346\322\274\332\2331\374B\301\013#\253D\365[\250\371F""; "
1750527645658,1750527645658,0,1,4,3,TMValidation,"validation: """"\200\000\000\001&\000\000\000#)/\351\253\035:\r\302\353\023?\373\240rQ\212\2353k0\361\214ID\303g\277\010Y_\001~\021\333\370\255\374\\331\306\255\336)\365RthP\027\000\000\000\000\000\000\000\000\000\000\000\000\000\000\000\000\000\000\000\000\000\000\000\000\000\000\000\000\000\000\000\000P\031\335\377\321\353\327\331\302\023\347y\016\263\271\317\306\017UV\314qu?\0064A\315{3D\010\016Ss!\003R7o\362bV\300hf\266\241;}\200^\374\240\203[:\342Q\225\221\027y\372\255\235\216\323~vG0E\002!\000\376\216P\344\200\212\305r\016\346&\356j\212\256S\375\006[\251\331aT q\2720\263\316g\024\004\002 @\302\312h\210\310a\231\273""\234\000ur\346\322\274\332\2331\374B\301\013#\253D\365[\250\371F""; ","validation: """"\200\000\000\001&\000\000\000#)/\351\253\035:\r\302\353\023?\373\240rQ\212\2353k0\361\214ID\303g\277\010Y_\001~\021\333\370\255\374\\331\306\255\336)\365RthP\027\000\000\000\000\000\000\000\000\000\000\000\000\000\000\000\000\000\000\000\000\000\000\000\000\000\000\000\000\000\000\000\000P\031\335\377\321\353\327\331\302\023\347y\016\263\271\317\306\017UV\314qu?\0064A\315{3D\010\016Ss!\003R7o\362bV\300hf\266\241;}\200^\374\240\203[:\342Q\225\221\027y\372\255\235\216\323~vG0E\002!\000\376\216P\344\200\212\305r\016\346&\356j\212\256S\375\006[\251\331aT q\2720\263\316g\024\004\002 @\302\312h\210\310a\231\273""\234\000ur\346\322\274\332\2331\374B\301\013#\253D\365[\250\371F""; "
1750527645658,1750527645658,0,1,4,0,TMValidation,"validation: """"\200\000\000\001&\000\000\000#)/\351\253\035:\r\302\353\023?\373\240rQ\212\2353k0\361\214ID\303g\277\010Y_\001~\021\333\370\255\374\\331\306\255\336)\365RthP\027\000\000\000\000\000\000\000\000\000\000\000\000\000\000\000\000\000\000\000\000\000\000\000\000\000\000\000\000\000\000\000\000P\031\335\377\321\353\327\331\302\023\347y\016\263\271\317\306\017UV\314qu?\0064A\315{3D\010\016Ss!\003R7o\362bV\300hf\266\241;}\200^\374\240\203[:\342Q\225\221\027y\372\255\235\216\323~vG0E\002!\000\376\216P\344\200\212\305r\016\346&\356j\212\256S\375\006[\251\331aT q\2720\263\316g\024\004\002 @\302\312h\210\310a\231\273""\234\000ur\346\322\274\332\2331\374B\301\013#\253D\365[\250\371F""; ","validation: """"\200\000\000\001&\000\000\000#)/\351\253\035:\r\302\353\023?\373\240rQ\212\2353k0\361\214ID\303g\277\010Y_\001~\021\333\370\255\374\\331\306\255\336)\365RthP\027\000\000\000\000\000\000\000\000\000\000\000\000\000\000\000\000\000\000\000\000\000\000\000\000\000\000\000\000\000\000\000\000P\031\335\377\321\353\327\331\302\023\347y\016\263\271\317\306\017UV\314qu?\0064A\315{3D\010\016Ss!\003R7o\362bV\300hf\266\241;}\200^\374\240\203[:\342Q\225\221\027y\372\255\235\216\323~vG0E\002!\000\376\216P\344\200\212\305r\016\346&\356j\212\256S\375\006[\251\331aT q\2720\263\316g\024\004\002 @\302\312h\210\310a\231\273""\234\000ur\346\322\274\332\2331\374B\301\013#\253D\365[\250\371F""; "
1750527645660,1750527645660,0,1,1,2,TMValidation,"validation: """"\200\000\000\001&\000\000\000#)/\351\253\035:\r\302\353\023?\373\240rQ\212\2353k0\361\214ID\303g\277\010Y_\001~\021\333\370\255\374\\331\306\255\336)\365RthP\027\000\000\000\000\000\000\000\000\000\000\000\000\000\000\000\000\000\000\000\000\000\000\000\000\000\000\000\000\000\000\000\000P\031\335\377\321\353\327\331\302\023\347y\016\263\271\317\306\017UV\314qu?\0064A\315{3D\010\016Ss!\003R7o\362bV\300hf\266\241;}\200^\374\240\203[:\342Q\225\221\027y\372\255\235\216\323~vG0E\002!\000\376\216P\344\200\212\305r\016\346&\356j\212\256S\375\006[\251\331aT q\2720\263\316g\024\004\002 @\302\312h\210\310a\231\273""\234\000ur\346\322\274\332\2331\374B\301\013#\253D\365[\250\371F""; ","validation: """"\200\000\000\001&\000\000\000#)/\351\253\035:\r\302\353\023?\373\240rQ\212\2353k0\361\214ID\303g\277\010Y_\001~\021\333\370\255\374\\331\306\255\336)\365RthP\027\000\000\000\000\000\000\000\000\000\000\000\000\000\000\000\000\000\000\000\000\000\000\000\000\000\000\000\000\000\000\000\000P\031\335\377\321\353\327\331\302\023\347y\016\263\271\317\306\017UV\314qu?\0064A\315{3D\010\016Ss!\003R7o\362bV\300hf\266\241;}\200^\374\240\203[:\342Q\225\221\027y\372\255\235\216\323~vG0E\002!\000\376\216P\344\200\212\305r\016\346&\356j\212\256S\375\006[\251\331aT q\2720\263\316g\024\004\002 @\302\312h\210\310a\231\273""\234\000ur\346\322\274\332\2331\374B\301\013#\253D\365[\250\371F""; "
1750527645661,1750527645661,0,1,3,0,TMValidation,"validation: """"\200\000\000\001&\000\000\000#)/\351\253\035:\r\302\353\023?\373\240rQ\212\2353k0\361\214ID\303g\277\010Y_\001~\021\333\370\255\374\\331\306\255\336)\365RthP\027\000\000\000\000\000\000\000\000\000\000\000\000\000\000\000\000\000\000\000\000\000\000\000\000\000\000\000\000\000\000\000\000P\031\335\377\321\353\327\331\302\023\347y\016\263\271\317\306\017UV\314qu?\0064A\315{3D\010\016Ss!\003R7o\362bV\300hf\266\241;}\200^\374\240\203[:\342Q\225\221\027y\372\255\235\216\323~vG0E\002!\000\376\216P\344\200\212\305r\016\346&\356j\212\256S\375\006[\251\331aT q\2720\263\316g\024\004\002 @\302\312h\210\310a\231\273""\234\000ur\346\322\274\332\2331\374B\301\013#\253D\365[\250\371F""; ","validation: """"\200\000\000\001&\000\000\000#)/\351\253\035:\r\302\353\023?\373\240rQ\212\2353k0\361\214ID\303g\277\010Y_\001~\021\333\370\255\374\\331\306\255\336)\365RthP\027\000\000\000\000\000\000\000\000\000\000\000\000\000\000\000\000\000\000\000\000\000\000\000\000\000\000\000\000\000\000\000\000P\031\335\377\321\353\327\331\302\023\347y\016\263\271\317\306\017UV\314qu?\0064A\315{3D\010\016Ss!\003R7o\362bV\300hf\266\241;}\200^\374\240\203[:\342Q\225\221\027y\372\255\235\216\323~vG0E\002!\000\376\216P\344\200\212\305r\016\346&\356j\212\256S\375\006[\251\331aT q\2720\263\316g\024\004\002 @\302\312h\210\310a\231\273""\234\000ur\346\322\274\332\2331\374B\301\013#\253D\365[\250\371F""; "
1750527645661,1750527645661,0,1,1,0,TMValidation,"validation: """"\200\000\000\001&\000\000\000#)/\351\253\035:\r\302\353\023?\373\240rQ\212\2353k0\361\214ID\303g\277\010Y_\001~\021\333\370\255\374\\331\306\255\336)\365RthP\027\000\000\000\000\000\000\000\000\000\000\000\000\000\000\000\000\000\000\000\000\000\000\000\000\000\000\000\000\000\000\000\000P\031\335\377\321\353\327\331\302\023\347y\016\263\271\317\306\017UV\314qu?\0064A\315{3D\010\016Ss!\003R7o\362bV\300hf\266\241;}\200^\374\240\203[:\342Q\225\221\027y\372\255\235\216\323~vG0E\002!\000\376\216P\344\200\212\305r\016\346&\356j\212\256S\375\006[\251\331aT q\2720\263\316g\024\004\002 @\302\312h\210\310a\231\273""\234\000ur\346\322\274\332\2331\374B\301\013#\253D\365[\250\371F""; ","validation: """"\200\000\000\001&\000\000\000#)/\351\253\035:\r\302\353\023?\373\240rQ\212\2353k0\361\214ID\303g\277\010Y_\001~\021\333\370\255\374\\331\306\255\336)\365RthP\027\000\000\000\000\000\000\000\000\000\000\000\000\000\000\000\000\000\000\000\000\000\000\000\000\000\000\000\000\000\000\000\000P\031\335\377\321\353\327\331\302\023\347y\016\263\271\317\306\017UV\314qu?\0064A\315{3D\010\016Ss!\003R7o\362bV\300hf\266\241;}\200^\374\240\203[:\342Q\225\221\027y\372\255\235\216\323~vG0E\002!\000\376\216P\344\200\212\305r\016\346&\356j\212\256S\375\006[\251\331aT q\2720\263\316g\024\004\002 @\302\312h\210\310a\231\273""\234\000ur\346\322\274\332\2331\374B\301\013#\253D\365[\250\371F""; "
1750527645664,1750527645664,0,1,0,1,TMValidation,"validation: """"\200\000\000\001&\000\000\000#)/\351\253\035:\r\302\353\023?\373\240rQ\212\2353k0\361\214ID\303g\277\010Y_\001~\021\333\370\255\374\\331\306\255\336)\365RthP\027\000\000\000\000\000\000\000\000\000\000\000\000\000\000\000\000\000\000\000\000\000\000\000\000\000\000\000\000\000\000\000\000P\031\335\377\321\353\327\331\302\023\347y\016\263\271\317\306\017UV\314qu?\0064A\315{3D\010\016Ss!\003R7o\362bV\300hf\266\241;}\200^\374\240\203[:\342Q\225\221\027y\372\255\235\216\323~vG0E\002!\000\376\216P\344\200\212\305r\016\346&\356j\212\256S\375\006[\251\331aT q\2720\263\316g\024\004\002 @\302\312h\210\310a\231\273""\234\000ur\346\322\274\332\2331\374B\301\013#\253D\365[\250\371F""; ","validation: """"\200\000\000\001&\000\000\000#)/\351\253\035:\r\302\353\023?\373\240rQ\212\2353k0\361\214ID\303g\277\010Y_\001~\021\333\370\255\374\\331\306\255\336)\365RthP\027\000\000\000\000\000\000\000\000\000\000\000\000\000\000\000\000\000\000\000\000\000\000\000\000\000\000\000\000\000\000\000\000P\031\335\377\321\353\327\331\302\023\347y\016\263\271\317\306\017UV\314qu?\0064A\315{3D\010\016Ss!\003R7o\362bV\300hf\266\241;}\200^\374\240\203[:\342Q\225\221\027y\372\255\235\216\323~vG0E\002!\000\376\216P\344\200\212\305r\016\346&\356j\212\256S\375\006[\251\331aT q\2720\263\316g\024\004\002 @\302\312h\210\310a\231\273""\234\000ur\346\322\274\332\2331\374B\301\013#\253D\365[\250\371F""; "
1750527645663,1750527645663,0,1,3,2,TMValidation,"validation: """"\200\000\000\001&\000\000\000#)/\351\253\035:\r\302\353\023?\373\240rQ\212\2353k0\361\214ID\303g\277\010Y_\001~\021\333\370\255\374\\331\306\255\336)\365RthP\027\000\000\000\000\000\000\000\000\000\000\000\000\000\000\000\000\000\000\000\000\000\000\000\000\000\000\000\000\000\000\000\000P\031\335\377\321\353\327\331\302\023\347y\016\263\271\317\306\017UV\314qu?\0064A\315{3D\010\016Ss!\003R7o\362bV\300hf\266\241;}\200^\374\240\203[:\342Q\225\221\027y\372\255\235\216\323~vG0E\002!\000\376\216P\344\200\212\305r\016\346&\356j\212\256S\375\006[\251\331aT q\2720\263\316g\024\004\002 @\302\312h\210\310a\231\273""\234\000ur\346\322\274\332\2331\374B\301\013#\253D\365[\250\371F""; ","validation: """"\200\000\000\001&\000\000\000#)/\351\253\035:\r\302\353\023?\373\240rQ\212\2353k0\361\214ID\303g\277\010Y_\001~\021\333\370\255\374\\331\306\255\336)\365RthP\027\000\000\000\000\000\000\000\000\000\000\000\000\000\000\000\000\000\000\000\000\000\000\000\000\000\000\000\000\000\000\000\000P\031\335\377\321\353\327\331\302\023\347y\016\263\271\317\306\017UV\314qu?\0064A\315{3D\010\016Ss!\003R7o\362bV\300hf\266\241;}\200^\374\240\203[:\342Q\225\221\027y\372\255\235\216\323~vG0E\002!\000\376\216P\344\200\212\305r\016\346&\356j\212\256S\375\006[\251\331aT q\2720\263\316g\024\004\002 @\302\312h\210\310a\231\273""\234\000ur\346\322\274\332\2331\374B\301\013#\253D\365[\250\371F""; "
1750527645663,1750527645663,0,1,0,3,TMValidation,"validation: """"\200\000\000\001&\000\000\000#)/\351\253\035:\r\302\353\023?\373\240rQ\212\2353k0\361\214ID\303g\277\010Y_\001~\021\333\370\255\374\\331\306\255\336)\365RthP\027\000\000\000\000\000\000\000\000\000\000\000\000\000\000\000\000\000\000\000\000\000\000\000\000\000\000\000\000\000\000\000\000P\031\335\377\321\353\327\331\302\023\347y\016\263\271\317\306\017UV\314qu?\0064A\315{3D\010\016Ss!\003R7o\362bV\300hf\266\241;}\200^\374\240\203[:\342Q\225\221\027y\372\255\235\216\323~vG0E\002!\000\376\216P\344\200\212\305r\016\346&\356j\212\256S\375\006[\251\331aT q\2720\263\316g\024\004\002 @\302\312h\210\310a\231\273""\234\000ur\346\322\274\332\2331\374B\301\013#\253D\365[\250\371F""; ","validation: """"\200\000\000\001&\000\000\000#)/\351\253\035:\r\302\353\023?\373\240rQ\212\2353k0\361\214ID\303g\277\010Y_\001~\021\333\370\255\374\\331\306\255\336)\365RthP\027\000\000\000\000\000\000\000\000\000\000\000\000\000\000\000\000\000\000\000\000\000\000\000\000\000\000\000\000\000\000\000\000P\031\335\377\321\353\327\331\302\023\347y\016\263\271\317\306\017UV\314qu?\0064A\315{3D\010\016Ss!\003R7o\362bV\300hf\266\241;}\200^\374\240\203[:\342Q\225\221\027y\372\255\235\216\323~vG0E\002!\000\376\216P\344\200\212\305r\016\346&\356j\212\256S\375\006[\251\331aT q\2720\263\316g\024\004\002 @\302\312h\210\310a\231\273""\234\000ur\346\322\274\332\2331\374B\301\013#\253D\365[\250\371F""; "
1750527645663,1750527645663,0,1,1,3,TMValidation,"validation: """"\200\000\000\001&\000\000\000#)/\351\253\035:\r\302\353\023?\373\240rQ\212\2353k0\361\214ID\303g\277\010Y_\001~\021\333\370\255\374\\331\306\255\336)\365RthP\027\000\000\000\000\000\000\000\000\000\000\000\000\000\000\000\000\000\000\000\000\000\000\000\000\000\000\000\000\000\000\000\000P\031\335\377\321\353\327\331\302\023\347y\016\263\271\317\306\017UV\314qu?\0064A\315{3D\010\016Ss!\003R7o\362bV\300hf\266\241;}\200^\374\240\203[:\342Q\225\221\027y\372\255\235\216\323~vG0E\002!\000\376\216P\344\200\212\305r\016\346&\356j\212\256S\375\006[\251\331aT q\2720\263\316g\024\004\002 @\302\312h\210\310a\231\273""\234\000ur\346\322\274\332\2331\374B\301\013#\253D\365[\250\371F""; ","validation: """"\200\000\000\001&\000\000\000#)/\351\253\035:\r\302\353\023?\373\240rQ\212\2353k0\361\214ID\303g\277\010Y_\001~\021\333\370\255\374\\331\306\255\336)\365RthP\027\000\000\000\000\000\000\000\000\000\000\000\000\000\000\000\000\000\000\000\000\000\000\000\000\000\000\000\000\000\000\000\000P\031\335\377\321\353\327\331\302\023\347y\016\263\271\317\306\017UV\314qu?\0064A\315{3D\010\016Ss!\003R7o\362bV\300hf\266\241;}\200^\374\240\203[:\342Q\225\221\027y\372\255\235\216\323~vG0E\002!\000\376\216P\344\200\212\305r\016\346&\356j\212\256S\375\006[\251\331aT q\2720\263\316g\024\004\002 @\302\312h\210\310a\231\273""\234\000ur\346\322\274\332\2331\374B\301\013#\253D\365[\250\371F""; "
1750527645663,1750527645663,0,1,3,1,TMValidation,"validation: """"\200\000\000\001&\000\000\000#)/\351\253\035:\r\302\353\023?\373\240rQ\212\2353k0\361\214ID\303g\277\010Y_\001~\021\333\370\255\374\\331\306\255\336)\365RthP\027\000\000\000\000\000\000\000\000\000\000\000\000\000\000\000\000\000\000\000\000\000\000\000\000\000\000\000\000\000\000\000\000P\031\335\377\321\353\327\331\302\023\347y\016\263\271\317\306\017UV\314qu?\0064A\315{3D\010\016Ss!\003R7o\362bV\300hf\266\241;}\200^\374\240\203[:\342Q\225\221\027y\372\255\235\216\323~vG0E\002!\000\376\216P\344\200\212\305r\016\346&\356j\212\256S\375\006[\251\331aT q\2720\263\316g\024\004\002 @\302\312h\210\310a\231\273""\234\000ur\346\322\274\332\2331\374B\301\013#\253D\365[\250\371F""; ","validation: """"\200\000\000\001&\000\000\000#)/\351\253\035:\r\302\353\023?\373\240rQ\212\2353k0\361\214ID\303g\277\010Y_\001~\021\333\370\255\374\\331\306\255\336)\365RthP\027\000\000\000\000\000\000\000\000\000\000\000\000\000\000\000\000\000\000\000\000\000\000\000\000\000\000\000\000\000\000\000\000P\031\335\377\321\353\327\331\302\023\347y\016\263\271\317\306\017UV\314qu?\0064A\315{3D\010\016Ss!\003R7o\362bV\300hf\266\241;}\200^\374\240\203[:\342Q\225\221\027y\372\255\235\216\323~vG0E\002!\000\376\216P\344\200\212\305r\016\346&\356j\212\256S\375\006[\251\331aT q\2720\263\316g\024\004\002 @\302\312h\210\310a\231\273""\234\000ur\346\322\274\332\2331\374B\301\013#\253D\365[\250\371F""; "
1750527645664,1750527645664,0,1,0,2,TMValidation,"validation: """"\200\000\000\001&\000\000\000#)/\351\253\035:\r\302\353\023?\373\240rQ\212\2353k0\361\214ID\303g\277\010Y_\001~\021\333\370\255\374\\331\306\255\336)\365RthP\027\000\000\000\000\000\000\000\000\000\000\000\000\000\000\000\000\000\000\000\000\000\000\000\000\000\000\000\000\000\000\000\000P\031\335\377\321\353\327\331\302\023\347y\016\263\271\317\306\017UV\314qu?\0064A\315{3D\010\016Ss!\003R7o\362bV\300hf\266\241;}\200^\374\240\203[:\342Q\225\221\027y\372\255\235\216\323~vG0E\002!\000\376\216P\344\200\212\305r\016\346&\356j\212\256S\375\006[\251\331aT q\2720\263\316g\024\004\002 @\302\312h\210\310a\231\273""\234\000ur\346\322\274\332\2331\374B\301\013#\253D\365[\250\371F""; ","validation: """"\200\000\000\001&\000\000\000#)/\351\253\035:\r\302\353\023?\373\240rQ\212\2353k0\361\214ID\303g\277\010Y_\001~\021\333\370\255\374\\331\306\255\336)\365RthP\027\000\000\000\000\000\000\000\000\000\000\000\000\000\000\000\000\000\000\000\000\000\000\000\000\000\000\000\000\000\000\000\000P\031\335\377\321\353\327\331\302\023\347y\016\263\271\317\306\017UV\314qu?\0064A\315{3D\010\016Ss!\003R7o\362bV\300hf\266\241;}\200^\374\240\203[:\342Q\225\221\027y\372\255\235\216\323~vG0E\002!\000\376\216P\344\200\212\305r\016\346&\356j\212\256S\375\006[\251\331aT q\2720\263\316g\024\004\002 @\302\312h\210\310a\231\273""\234\000ur\346\322\274\332\2331\374B\301\013#\253D\365[\250\371F""; "
1750527645665,1750527645665,0,1,2,1,TMValidation,"validation: """"\200\000\000\001&\000\000\000#)/\351\253\035:\r\302\353\023?\373\240rQ\212\2353k0\361\214ID\303g\277\010Y_\001~\021\333\370\255\374\\331\306\255\336)\365RthP\027\000\000\000\000\000\000\000\000\000\000\000\000\000\000\000\000\000\000\000\000\000\000\000\000\000\000\000\000\000\000\000\000P\031\335\377\321\353\327\331\302\023\347y\016\263\271\317\306\017UV\314qu?\0064A\315{3D\010\016Ss!\003R7o\362bV\300hf\266\241;}\200^\374\240\203[:\342Q\225\221\027y\372\255\235\216\323~vG0E\002!\000\376\216P\344\200\212\305r\016\346&\356j\212\256S\375\006[\251\331aT q\2720\263\316g\024\004\002 @\302\312h\210\310a\231\273""\234\000ur\346\322\274\332\2331\374B\301\013#\253D\365[\250\371F""; ","validation: """"\200\000\000\001&\000\000\000#)/\351\253\035:\r\302\353\023?\373\240rQ\212\2353k0\361\214ID\303g\277\010Y_\001~\021\333\370\255\374\\331\306\255\336)\365RthP\027\000\000\000\000\000\000\000\000\000\000\000\000\000\000\000\000\000\000\000\000\000\000\000\000\000\000\000\000\000\000\000\000P\031\335\377\321\353\327\331\302\023\347y\016\263\271\317\306\017UV\314qu?\0064A\315{3D\010\016Ss!\003R7o\362bV\300hf\266\241;}\200^\374\240\203[:\342Q\225\221\027y\372\255\235\216\323~vG0E\002!\000\376\216P\344\200\212\305r\016\346&\356j\212\256S\375\006[\251\331aT q\2720\263\316g\024\004\002 @\302\312h\210\310a\231\273""\234\000ur\346\322\274\332\2331\374B\301\013#\253D\365[\250\371F""; "
1750527645666,1750527645666,0,1,2,3,TMValidation,"validation: """"\200\000\000\001&\000\000\000#)/\351\253\035:\r\302\353\023?\373\240rQ\212\2353k0\361\214ID\303g\277\010Y_\001~\021\333\370\255\374\\331\306\255\336)\365RthP\027\000\000\000\000\000\000\000\000\000\000\000\000\000\000\000\000\000\000\000\000\000\000\000\000\000\000\000\000\000\000\000\000P\031\335\377\321\353\327\331\302\023\347y\016\263\271\317\306\017UV\314qu?\0064A\315{3D\010\016Ss!\003R7o\362bV\300hf\266\241;}\200^\374\240\203[:\342Q\225\221\027y\372\255\235\216\323~vG0E\002!\000\376\216P\344\200\212\305r\016\346&\356j\212\256S\375\006[\251\331aT q\2720\263\316g\024\004\002 @\302\312h\210\310a\231\273""\234\000ur\346\322\274\332\2331\374B\301\013#\253D\365[\250\371F""; ","validation: """"\200\000\000\001&\000\000\000#)/\351\253\035:\r\302\353\023?\373\240rQ\212\2353k0\361\214ID\303g\277\010Y_\001~\021\333\370\255\374\\331\306\255\336)\365RthP\027\000\000\000\000\000\000\000\000\000\000\000\000\000\000\000\000\000\000\000\000\000\000\000\000\000\000\000\000\000\000\000\000P\031\335\377\321\353\327\331\302\023\347y\016\263\271\317\306\017UV\314qu?\0064A\315{3D\010\016Ss!\003R7o\362bV\300hf\266\241;}\200^\374\240\203[:\342Q\225\221\027y\372\255\235\216\323~vG0E\002!\000\376\216P\344\200\212\305r\016\346&\356j\212\256S\375\006[\251\331aT q\2720\263\316g\024\004\002 @\302\312h\210\310a\231\273""\234\000ur\346\322\274\332\2331\374B\301\013#\253D\365[\250\371F""; "
1750527645668,1750527645668,0,1,2,0,TMValidation,"validation: """"\200\000\000\001&\000\000\000#)/\351\253\035:\r\302\353\023?\373\240rQ\212\2353k0\361\214ID\303g\277\010Y_\001~\021\333\370\255\374\\331\306\255\336)\365RthP\027\000\000\000\000\000\000\000\000\000\000\000\000\000\000\000\000\000\000\000\000\000\000\000\000\000\000\000\000\000\000\000\000P\031\335\377\321\353\327\331\302\023\347y\016\263\271\317\306\017UV\314qu?\0064A\315{3D\010\016Ss!\003R7o\362bV\300hf\266\241;}\200^\374\240\203[:\342Q\225\221\027y\372\255\235\216\323~vG0E\002!\000\376\216P\344\200\212\305r\016\346&\356j\212\256S\375\006[\251\331aT q\2720\263\316g\024\004\002 @\302\312h\210\310a\231\273""\234\000ur\346\322\274\332\2331\374B\301\013#\253D\365[\250\371F""; ","validation: """"\200\000\000\001&\000\000\000#)/\351\253\035:\r\302\353\023?\373\240rQ\212\2353k0\361\214ID\303g\277\010Y_\001~\021\333\370\255\374\\331\306\255\336)\365RthP\027\000\000\000\000\000\000\000\000\000\000\000\000\000\000\000\000\000\000\000\000\000\000\000\000\000\000\000\000\000\000\000\000P\031\335\377\321\353\327\331\302\023\347y\016\263\271\317\306\017UV\314qu?\0064A\315{3D\010\016Ss!\003R7o\362bV\300hf\266\241;}\200^\374\240\203[:\342Q\225\221\027y\372\255\235\216\323~vG0E\002!\000\376\216P\344\200\212\305r\016\346&\356j\212\256S\375\006[\251\331aT q\2720\263\316g\024\004\002 @\302\312h\210\310a\231\273""\234\000ur\346\322\274\332\2331\374B\301\013#\253D\365[\250\371F""; "
1750527646456,1750527646456,0,1,3,4,TMProposeSet,"proposeSeq: 0; currentTxHash: ""\000\000\000\000\000\000\000\000\000\000\000\000\000\000\000\000\000\000\000\000\000\000\000\000\000\000\000\000\000\000\000\000""; nodePubKey: ""\002\364d\217\366\217|\316F\232\231\241\n\261\333`\312O\367\235\025DD\336e\367\n\312\326\221\037\025\230""; closeTime: 803842846; signature: ""0D\002 \037B+?^\254\324H\222\213\020I\003\310\350\375\312\357>A\362\236\241\314\345\031\276\246\037\201\237\210\002 \0074\261\332\214\021\016\347\016\251\226bA\365\013pF\210H\336\033@T\367\207rDe\013\273:Q""; previousledger: ""\212\2353k0\361\214ID\303g\277\010Y_\001~\021\333\370\255\374\\331\306\255\336)\365Rth""; ","proposeSeq: 0; currentTxHash: ""\000\000\000\000\000\000\000\000\000\000\000\000\000\000\000\000\000\000\000\000\000\000\000\000\000\000\000\000\000\000\000\000""; nodePubKey: ""\002\364d\217\366\217|\316F\232\231\241\n\261\333`\312O\367\235\025DD\336e\367\n\312\326\221\037\025\230""; closeTime: 803842846; signature: ""0D\002 \037B+?^\254\324H\222\213\020I\003\310\350\375\312\357>A\362\236\241\314\345\031\276\246\037\201\237\210\002 \0074\261\332\214\021\016\347\016\251\226bA\365\013pF\210H\336\033@T\367\207rDe\013\273:Q""; previousledger: ""\212\2353k0\361\214ID\303g\277\010Y_\001~\021\333\370\255\374\\331\306\255\336)\365Rth""; "
1750527646458,1750527646458,0,1,4,0,TMProposeSet,"proposeSeq: 0; currentTxHash: ""\000\000\000\000\000\000\000\000\000\000\000\000\000\000\000\000\000\000\000\000\000\000\000\000\000\000\000\000\000\000\000\000""; nodePubKey: ""\002\364d\217\366\217|\316F\232\231\241\n\261\333`\312O\367\235\025DD\336e\367\n\312\326\221\037\025\230""; closeTime: 803842846; signature: ""0D\002 \037B+?^\254\324H\222\213\020I\003\310\350\375\312\357>A\362\236\241\314\345\031\276\246\037\201\237\210\002 \0074\261\332\214\021\016\347\016\251\226bA\365\013pF\210H\336\033@T\367\207rDe\013\273:Q""; previousledger: ""\212\2353k0\361\214ID\303g\277\010Y_\001~\021\333\370\255\374\\331\306\255\336)\365Rth""; ","proposeSeq: 0; currentTxHash: ""\000\000\000\000\000\000\000\000\000\000\000\000\000\000\000\000\000\000\000\000\000\000\000\000\000\000\000\000\000\000\000\000""; nodePubKey: ""\002\364d\217\366\217|\316F\232\231\241\n\261\333`\312O\367\235\025DD\336e\367\n\312\326\221\037\025\230""; closeTime: 803842846; signature: ""0D\002 \037B+?^\254\324H\222\213\020I\003\310\350\375\312\357>A\362\236\241\314\345\031\276\246\037\201\237\210\002 \0074\261\332\214\021\016\347\016\251\226bA\365\013pF\210H\336\033@T\367\207rDe\013\273:Q""; previousledger: ""\212\2353k0\361\214ID\303g\277\010Y_\001~\021\333\370\255\374\\331\306\255\336)\365Rth""; "
1750527646459,1750527646459,0,1,4,2,TMProposeSet,"proposeSeq: 0; currentTxHash: ""\000\000\000\000\000\000\000\000\000\000\000\000\000\000\000\000\000\000\000\000\000\000\000\000\000\000\000\000\000\000\000\000""; nodePubKey: ""\002\364d\217\366\217|\316F\232\231\241\n\261\333`\312O\367\235\025DD\336e\367\n\312\326\221\037\025\230""; closeTime: 803842846; signature: ""0D\002 \037B+?^\254\324H\222\213\020I\003\310\350\375\312\357>A\362\236\241\314\345\031\276\246\037\201\237\210\002 \0074\261\332\214\021\016\347\016\251\226bA\365\013pF\210H\336\033@T\367\207rDe\013\273:Q""; previousledger: ""\212\2353k0\361\214ID\303g\277\010Y_\001~\021\333\370\255\374\\331\306\255\336)\365Rth""; ","proposeSeq: 0; currentTxHash: ""\000\000\000\000\000\000\000\000\000\000\000\000\000\000\000\000\000\000\000\000\000\000\000\000\000\000\000\000\000\000\000\000""; nodePubKey: ""\002\364d\217\366\217|\316F\232\231\241\n\261\333`\312O\367\235\025DD\336e\367\n\312\326\221\037\025\230""; closeTime: 803842846; signature: ""0D\002 \037B+?^\254\324H\222\213\020I\003\310\350\375\312\357>A\362\236\241\314\345\031\276\246\037\201\237\210\002 \0074\261\332\214\021\016\347\016\251\226bA\365\013pF\210H\336\033@T\367\207rDe\013\273:Q""; previousledger: ""\212\2353k0\361\214ID\303g\277\010Y_\001~\021\333\370\255\374\\331\306\255\336)\365Rth""; "
1750527646459,1750527646459,0,1,4,1,TMProposeSet,"proposeSeq: 0; currentTxHash: ""\000\000\000\000\000\000\000\000\000\000\000\000\000\000\000\000\000\000\000\000\000\000\000\000\000\000\000\000\000\000\000\000""; nodePubKey: ""\002\364d\217\366\217|\316F\232\231\241\n\261\333`\312O\367\235\025DD\336e\367\n\312\326\221\037\025\230""; closeTime: 803842846; signature: ""0D\002 \037B+?^\254\324H\222\213\020I\003\310\350\375\312\357>A\362\236\241\314\345\031\276\246\037\201\237\210\002 \0074\261\332\214\021\016\347\016\251\226bA\365\013pF\210H\336\033@T\367\207rDe\013\273:Q""; previousledger: ""\212\2353k0\361\214ID\303g\277\010Y_\001~\021\333\370\255\374\\331\306\255\336)\365Rth""; ","proposeSeq: 0; currentTxHash: ""\000\000\000\000\000\000\000\000\000\000\000\000\000\000\000\000\000\000\000\000\000\000\000\000\000\000\000\000\000\000\000\000""; nodePubKey: ""\002\364d\217\366\217|\316F\232\231\241\n\261\333`\312O\367\235\025DD\336e\367\n\312\326\221\037\025\230""; closeTime: 803842846; signature: ""0D\002 \037B+?^\254\324H\222\213\020I\003\310\350\375\312\357>A\362\236\241\314\345\031\276\246\037\201\237\210\002 \0074\261\332\214\021\016\347\016\251\226bA\365\013pF\210H\336\033@T\367\207rDe\013\273:Q""; previousledger: ""\212\2353k0\361\214ID\303g\277\010Y_\001~\021\333\370\255\374\\331\306\255\336)\365Rth""; "
1750527646494,1750527646494,0,1,3,1,TMProposeSet,"proposeSeq: 0; currentTxHash: ""\000\000\000\000\000\000\000\000\000\000\000\000\000\000\000\000\000\000\000\000\000\000\000\000\000\000\000\000\000\000\000\000""; nodePubKey: ""\002\364d\217\366\217|\316F\232\231\241\n\261\333`\312O\367\235\025DD\336e\367\n\312\326\221\037\025\230""; closeTime: 803842846; signature: ""0D\002 \037B+?^\254\324H\222\213\020I\003\310\350\375\312\357>A\362\236\241\314\345\031\276\246\037\201\237\210\002 \0074\261\332\214\021\016\347\016\251\226bA\365\013pF\210H\336\033@T\367\207rDe\013\273:Q""; previousledger: ""\212\2353k0\361\214ID\303g\277\010Y_\001~\021\333\370\255\374\\331\306\255\336)\365Rth""; ","proposeSeq: 0; currentTxHash: ""\000\000\000\000\000\000\000\000\000\000\000\000\000\000\000\000\000\000\000\000\000\000\000\000\000\000\000\000\000\000\000\000""; nodePubKey: ""\002\364d\217\366\217|\316F\232\231\241\n\261\333`\312O\367\235\025DD\336e\367\n\312\326\221\037\025\230""; closeTime: 803842846; signature: ""0D\002 \037B+?^\254\324H\222\213\020I\003\310\350\375\312\357>A\362\236\241\314\345\031\276\246\037\201\237\210\002 \0074\261\332\214\021\016\347\016\251\226bA\365\013pF\210H\336\033@T\367\207rDe\013\273:Q""; previousledger: ""\212\2353k0\361\214ID\303g\277\010Y_\001~\021\333\370\255\374\\331\306\255\336)\365Rth""; "
1750527646494,1750527646495,0,1,3,2,TMProposeSet,"proposeSeq: 0; currentTxHash: ""\000\000\000\000\000\000\000\000\000\000\000\000\000\000\000\000\000\000\000\000\000\000\000\000\000\000\000\000\000\000\000\000""; nodePubKey: ""\002\364d\217\366\217|\316F\232\231\241\n\261\333`\312O\367\235\025DD\336e\367\n\312\326\221\037\025\230""; closeTime: 803842846; signature: ""0D\002 \037B+?^\254\324H\222\213\020I\003\310\350\375\312\357>A\362\236\241\314\345\031\276\246\037\201\237\210\002 \0074\261\332\214\021\016\347\016\251\226bA\365\013pF\210H\336\033@T\367\207rDe\013\273:Q""; previousledger: ""\212\2353k0\361\214ID\303g\277\010Y_\001~\021\333\370\255\374\\331\306\255\336)\365Rth""; ","proposeSeq: 0; currentTxHash: ""\000\000\000\000\000\000\000\000\000\000\000\000\000\000\000\000\000\000\000\000\000\000\000\000\000\000\000\000\000\000\000\000""; nodePubKey: ""\002\364d\217\366\217|\316F\232\231\241\n\261\333`\312O\367\235\025DD\336e\367\n\312\326\221\037\025\230""; closeTime: 803842846; signature: ""0D\002 \037B+?^\254\324H\222\213\020I\003\310\350\375\312\357>A\362\236\241\314\345\031\276\246\037\201\237\210\002 \0074\261\332\214\021\016\347\016\251\226bA\365\013pF\210H\336\033@T\367\207rDe\013\273:Q""; previousledger: ""\212\2353k0\361\214ID\303g\277\010Y_\001~\021\333\370\255\374\\331\306\255\336)\365Rth""; "
1750527646495,1750527646495,0,1,3,0,TMProposeSet,"proposeSeq: 0; currentTxHash: ""\000\000\000\000\000\000\000\000\000\000\000\000\000\000\000\000\000\000\000\000\000\000\000\000\000\000\000\000\000\000\000\000""; nodePubKey: ""\002\364d\217\366\217|\316F\232\231\241\n\261\333`\312O\367\235\025DD\336e\367\n\312\326\221\037\025\230""; closeTime: 803842846; signature: ""0D\002 \037B+?^\254\324H\222\213\020I\003\310\350\375\312\357>A\362\236\241\314\345\031\276\246\037\201\237\210\002 \0074\261\332\214\021\016\347\016\251\226bA\365\013pF\210H\336\033@T\367\207rDe\013\273:Q""; previousledger: ""\212\2353k0\361\214ID\303g\277\010Y_\001~\021\333\370\255\374\\331\306\255\336)\365Rth""; ","proposeSeq: 0; currentTxHash: ""\000\000\000\000\000\000\000\000\000\000\000\000\000\000\000\000\000\000\000\000\000\000\000\000\000\000\000\000\000\000\000\000""; nodePubKey: ""\002\364d\217\366\217|\316F\232\231\241\n\261\333`\312O\367\235\025DD\336e\367\n\312\326\221\037\025\230""; closeTime: 803842846; signature: ""0D\002 \037B+?^\254\324H\222\213\020I\003\310\350\375\312\357>A\362\236\241\314\345\031\276\246\037\201\237\210\002 \0074\261\332\214\021\016\347\016\251\226bA\365\013pF\210H\336\033@T\367\207rDe\013\273:Q""; previousledger: ""\212\2353k0\361\214ID\303g\277\010Y_\001~\021\333\370\255\374\\331\306\255\336)\365Rth""; "
1750527646454,1750527646526,0,1,3,2,TMStatusChange,"newEvent: neCLOSING_LEDGER; ledgerSeq: 35; ledgerHash: ""\212\2353k0\361\214ID\303g\277\010Y_\001~\021\333\370\255\374\\331\306\255\336)\365Rth""; ledgerHashPrevious: ""\335\377\321\353\327\331\302\023\347y\016\263\271\317\306\017UV\314qu?\0064A\315{3D\010\016S""; networkTime: 803842846; firstSeq: 1; lastSeq: 35; ","newEvent: neCLOSING_LEDGER; ledgerSeq: 35; ledgerHash: ""\212\2353k0\361\214ID\303g\277\010Y_\001~\021\333\370\255\374\\331\306\255\336)\365Rth""; ledgerHashPrevious: ""\335\377\321\353\327\331\302\023\347y\016\263\271\317\306\017UV\314qu?\0064A\315{3D\010\016S""; networkTime: 803842846; firstSeq: 1; lastSeq: 35; "
1750527646455,1750527646527,0,1,3,4,TMStatusChange,"newEvent: neCLOSING_LEDGER; ledgerSeq: 35; ledgerHash: ""\212\2353k0\361\214ID\303g\277\010Y_\001~\021\333\370\255\374\\331\306\255\336)\365Rth""; ledgerHashPrevious: ""\335\377\321\353\327\331\302\023\347y\016\263\271\317\306\017UV\314qu?\0064A\315{3D\010\016S""; networkTime: 803842846; firstSeq: 1; lastSeq: 35; ","newEvent: neCLOSING_LEDGER; ledgerSeq: 35; ledgerHash: ""\212\2353k0\361\214ID\303g\277\010Y_\001~\021\333\370\255\374\\331\306\255\336)\365Rth""; ledgerHashPrevious: ""\335\377\321\353\327\331\302\023\347y\016\263\271\317\306\017UV\314qu?\0064A\315{3D\010\016S""; networkTime: 803842846; firstSeq: 1; lastSeq: 35; "
1750527646456,1750527646527,0,1,3,1,TMStatusChange,"newEvent: neCLOSING_LEDGER; ledgerSeq: 35; ledgerHash: ""\212\2353k0\361\214ID\303g\277\010Y_\001~\021\333\370\255\374\\331\306\255\336)\365Rth""; ledgerHashPrevious: ""\335\377\321\353\327\331\302\023\347y\016\263\271\317\306\017UV\314qu?\0064A\315{3D\010\016S""; networkTime: 803842846; firstSeq: 1; lastSeq: 35; ","newEvent: neCLOSING_LEDGER; ledgerSeq: 35; ledgerHash: ""\212\2353k0\361\214ID\303g\277\010Y_\001~\021\333\370\255\374\\331\306\255\336)\365Rth""; ledgerHashPrevious: ""\335\377\321\353\327\331\302\023\347y\016\263\271\317\306\017UV\314qu?\0064A\315{3D\010\016S""; networkTime: 803842846; firstSeq: 1; lastSeq: 35; "
1750527646456,1750527646528,0,1,3,0,TMStatusChange,"newEvent: neCLOSING_LEDGER; ledgerSeq: 35; ledgerHash: ""\212\2353k0\361\214ID\303g\277\010Y_\001~\021\333\370\255\374\\331\306\255\336)\365Rth""; ledgerHashPrevious: ""\335\377\321\353\327\331\302\023\347y\016\263\271\317\306\017UV\314qu?\0064A\315{3D\010\016S""; networkTime: 803842846; firstSeq: 1; lastSeq: 35; ","newEvent: neCLOSING_LEDGER; ledgerSeq: 35; ledgerHash: ""\212\2353k0\361\214ID\303g\277\010Y_\001~\021\333\370\255\374\\331\306\255\336)\365Rth""; ledgerHashPrevious: ""\335\377\321\353\327\331\302\023\347y\016\263\271\317\306\017UV\314qu?\0064A\315{3D\010\016S""; networkTime: 803842846; firstSeq: 1; lastSeq: 35; "
1750527646618,1750527646618,0,1,4,2,TMProposeSet,"proposeSeq: 0; currentTxHash: ""\000\000\000\000\000\000\000\000\000\000\000\000\000\000\000\000\000\000\000\000\000\000\000\000\000\000\000\000\000\000\000\000""; nodePubKey: ""\003R7o\362bV\300hf\266\241;}\200^\374\240\203[:\342Q\225\221\027y\372\255\235\216\323~""; closeTime: 803842846; signature: ""0D\002 a$\325\243\244\323J\364\360C<\352\214@\240\317m\320\375\343\275L\235\253\253\305\036\262\020\206\360\245\002 )\207\301Qp\251\227\2755\023k{\022\306\245\364\200\212\010\267\031\223\233\361\333\217\214\272\007\341\326W""; previousledger: ""\212\2353k0\361\214ID\303g\277\010Y_\001~\021\333\370\255\374\\331\306\255\336)\365Rth""; ","proposeSeq: 0; currentTxHash: ""\000\000\000\000\000\000\000\000\000\000\000\000\000\000\000\000\000\000\000\000\000\000\000\000\000\000\000\000\000\000\000\000""; nodePubKey: ""\003R7o\362bV\300hf\266\241;}\200^\374\240\203[:\342Q\225\221\027y\372\255\235\216\323~""; closeTime: 803842846; signature: ""0D\002 a$\325\243\244\323J\364\360C<\352\214@\240\317m\320\375\343\275L\235\253\253\305\036\262\020\206\360\245\002 )\207\301Qp\251\227\2755\023k{\022\306\245\364\200\212\010\267\031\223\233\361\333\217\214\272\007\341\326W""; previousledger: ""\212\2353k0\361\214ID\303g\277\010Y_\001~\021\333\370\255\374\\331\306\255\336)\365Rth""; "
1750527646620,1750527646620,0,1,4,0,TMProposeSet,"proposeSeq: 0; currentTxHash: ""\000\000\000\000\000\000\000\000\000\000\000\000\000\000\000\000\000\000\000\000\000\000\000\000\000\000\000\000\000\000\000\000""; nodePubKey: ""\003R7o\362bV\300hf\266\241;}\200^\374\240\203[:\342Q\225\221\027y\372\255\235\216\323~""; closeTime: 803842846; signature: ""0D\002 a$\325\243\244\323J\364\360C<\352\214@\240\317m\320\375\343\275L\235\253\253\305\036\262\020\206\360\245\002 )\207\301Qp\251\227\2755\023k{\022\306\245\364\200\212\010\267\031\223\233\361\333\217\214\272\007\341\326W""; previousledger: ""\212\2353k0\361\214ID\303g\277\010Y_\001~\021\333\370\255\374\\331\306\255\336)\365Rth""; ","proposeSeq: 0; currentTxHash: ""\000\000\000\000\000\000\000\000\000\000\000\000\000\000\000\000\000\000\000\000\000\000\000\000\000\000\000\000\000\000\000\000""; nodePubKey: ""\003R7o\362bV\300hf\266\241;}\200^\374\240\203[:\342Q\225\221\027y\372\255\235\216\323~""; closeTime: 803842846; signature: ""0D\002 a$\325\243\244\323J\364\360C<\352\214@\240\317m\320\375\343\275L\235\253\253\305\036\262\020\206\360\245\002 )\207\301Qp\251\227\2755\023k{\022\306\245\364\200\212\010\267\031\223\233\361\333\217\214\272\007\341\326W""; previousledger: ""\212\2353k0\361\214ID\303g\277\010Y_\001~\021\333\370\255\374\\331\306\255\336)\365Rth""; "
1750527646619,1750527646619,0,1,4,1,TMProposeSet,"proposeSeq: 0; currentTxHash: ""\000\000\000\000\000\000\000\000\000\000\000\000\000\000\000\000\000\000\000\000\000\000\000\000\000\000\000\000\000\000\000\000""; nodePubKey: ""\003R7o\362bV\300hf\266\241;}\200^\374\240\203[:\342Q\225\221\027y\372\255\235\216\323~""; closeTime: 803842846; signature: ""0D\002 a$\325\243\244\323J\364\360C<\352\214@\240\317m\320\375\343\275L\235\253\253\305\036\262\020\206\360\245\002 )\207\301Qp\251\227\2755\023k{\022\306\245\364\200\212\010\267\031\223\233\361\333\217\214\272\007\341\326W""; previousledger: ""\212\2353k0\361\214ID\303g\277\010Y_\001~\021\333\370\255\374\\331\306\255\336)\365Rth""; ","proposeSeq: 0; currentTxHash: ""\000\000\000\000\000\000\000\000\000\000\000\000\000\000\000\000\000\000\000\000\000\000\000\000\000\000\000\000\000\000\000\000""; nodePubKey: ""\003R7o\362bV\300hf\266\241;}\200^\374\240\203[:\342Q\225\221\027y\372\255\235\216\323~""; closeTime: 803842846; signature: ""0D\002 a$\325\243\244\323J\364\360C<\352\214@\240\317m\320\375\343\275L\235\253\253\305\036\262\020\206\360\245\002 )\207\301Qp\251\227\2755\023k{\022\306\245\364\200\212\010\267\031\223\233\361\333\217\214\272\007\341\326W""; previousledger: ""\212\2353k0\361\214ID\303g\277\010Y_\001~\021\333\370\255\374\\331\306\255\336)\365Rth""; "
1750527646619,1750527646619,0,1,4,3,TMProposeSet,"proposeSeq: 0; currentTxHash: ""\000\000\000\000\000\000\000\000\000\000\000\000\000\000\000\000\000\000\000\000\000\000\000\000\000\000\000\000\000\000\000\000""; nodePubKey: ""\003R7o\362bV\300hf\266\241;}\200^\374\240\203[:\342Q\225\221\027y\372\255\235\216\323~""; closeTime: 803842846; signature: ""0D\002 a$\325\243\244\323J\364\360C<\352\214@\240\317m\320\375\343\275L\235\253\253\305\036\262\020\206\360\245\002 )\207\301Qp\251\227\2755\023k{\022\306\245\364\200\212\010\267\031\223\233\361\333\217\214\272\007\341\326W""; previousledger: ""\212\2353k0\361\214ID\303g\277\010Y_\001~\021\333\370\255\374\\331\306\255\336)\365Rth""; ","proposeSeq: 0; currentTxHash: ""\000\000\000\000\000\000\000\000\000\000\000\000\000\000\000\000\000\000\000\000\000\000\000\000\000\000\000\000\000\000\000\000""; nodePubKey: ""\003R7o\362bV\300hf\266\241;}\200^\374\240\203[:\342Q\225\221\027y\372\255\235\216\323~""; closeTime: 803842846; signature: ""0D\002 a$\325\243\244\323J\364\360C<\352\214@\240\317m\320\375\343\275L\235\253\253\305\036\262\020\206\360\245\002 )\207\301Qp\251\227\2755\023k{\022\306\245\364\200\212\010\267\031\223\233\361\333\217\214\272\007\341\326W""; previousledger: ""\212\2353k0\361\214ID\303g\277\010Y_\001~\021\333\370\255\374\\331\306\255\336)\365Rth""; "
1750527646622,1750527646622,0,1,3,0,TMProposeSet,"proposeSeq: 0; currentTxHash: ""\000\000\000\000\000\000\000\000\000\000\000\000\000\000\000\000\000\000\000\000\000\000\000\000\000\000\000\000\000\000\000\000""; nodePubKey: ""\003R7o\362bV\300hf\266\241;}\200^\374\240\203[:\342Q\225\221\027y\372\255\235\216\323~""; closeTime: 803842846; signature: ""0D\002 a$\325\243\244\323J\364\360C<\352\214@\240\317m\320\375\343\275L\235\253\253\305\036\262\020\206\360\245\002 )\207\301Qp\251\227\2755\023k{\022\306\245\364\200\212\010\267\031\223\233\361\333\217\214\272\007\341\326W""; previousledger: ""\212\2353k0\361\214ID\303g\277\010Y_\001~\021\333\370\255\374\\331\306\255\336)\365Rth""; ","proposeSeq: 0; currentTxHash: ""\000\000\000\000\000\000\000\000\000\000\000\000\000\000\000\000\000\000\000\000\000\000\000\000\000\000\000\000\000\000\000\000""; nodePubKey: ""\003R7o\362bV\300hf\266\241;}\200^\374\240\203[:\342Q\225\221\027y\372\255\235\216\323~""; closeTime: 803842846; signature: ""0D\002 a$\325\243\244\323J\364\360C<\352\214@\240\317m\320\375\343\275L\235\253\253\305\036\262\020\206\360\245\002 )\207\301Qp\251\227\2755\023k{\022\306\245\364\200\212\010\267\031\223\233\361\333\217\214\272\007\341\326W""; previousledger: ""\212\2353k0\361\214ID\303g\277\010Y_\001~\021\333\370\255\374\\331\306\255\336)\365Rth""; "
1750527646622,1750527646622,0,1,3,2,TMProposeSet,"proposeSeq: 0; currentTxHash: ""\000\000\000\000\000\000\000\000\000\000\000\000\000\000\000\000\000\000\000\000\000\000\000\000\000\000\000\000\000\000\000\000""; nodePubKey: ""\003R7o\362bV\300hf\266\241;}\200^\374\240\203[:\342Q\225\221\027y\372\255\235\216\323~""; closeTime: 803842846; signature: ""0D\002 a$\325\243\244\323J\364\360C<\352\214@\240\317m\320\375\343\275L\235\253\253\305\036\262\020\206\360\245\002 )\207\301Qp\251\227\2755\023k{\022\306\245\364\200\212\010\267\031\223\233\361\333\217\214\272\007\341\326W""; previousledger: ""\212\2353k0\361\214ID\303g\277\010Y_\001~\021\333\370\255\374\\331\306\255\336)\365Rth""; ","proposeSeq: 0; currentTxHash: ""\000\000\000\000\000\000\000\000\000\000\000\000\000\000\000\000\000\000\000\000\000\000\000\000\000\000\000\000\000\000\000\000""; nodePubKey: ""\003R7o\362bV\300hf\266\241;}\200^\374\240\203[:\342Q\225\221\027y\372\255\235\216\323~""; closeTime: 803842846; signature: ""0D\002 a$\325\243\244\323J\364\360C<\352\214@\240\317m\320\375\343\275L\235\253\253\305\036\262\020\206\360\245\002 )\207\301Qp\251\227\2755\023k{\022\306\245\364\200\212\010\267\031\223\233\361\333\217\214\272\007\341\326W""; previousledger: ""\212\2353k0\361\214ID\303g\277\010Y_\001~\021\333\370\255\374\\331\306\255\336)\365Rth""; "
1750527646622,1750527646622,0,1,3,1,TMProposeSet,"proposeSeq: 0; currentTxHash: ""\000\000\000\000\000\000\000\000\000\000\000\000\000\000\000\000\000\000\000\000\000\000\000\000\000\000\000\000\000\000\000\000""; nodePubKey: ""\003R7o\362bV\300hf\266\241;}\200^\374\240\203[:\342Q\225\221\027y\372\255\235\216\323~""; closeTime: 803842846; signature: ""0D\002 a$\325\243\244\323J\364\360C<\352\214@\240\317m\320\375\343\275L\235\253\253\305\036\262\020\206\360\245\002 )\207\301Qp\251\227\2755\023k{\022\306\245\364\200\212\010\267\031\223\233\361\333\217\214\272\007\341\326W""; previousledger: ""\212\2353k0\361\214ID\303g\277\010Y_\001~\021\333\370\255\374\\331\306\255\336)\365Rth""; ","proposeSeq: 0; currentTxHash: ""\000\000\000\000\000\000\000\000\000\000\000\000\000\000\000\000\000\000\000\000\000\000\000\000\000\000\000\000\000\000\000\000""; nodePubKey: ""\003R7o\362bV\300hf\266\241;}\200^\374\240\203[:\342Q\225\221\027y\372\255\235\216\323~""; closeTime: 803842846; signature: ""0D\002 a$\325\243\244\323J\364\360C<\352\214@\240\317m\320\375\343\275L\235\253\253\305\036\262\020\206\360\245\002 )\207\301Qp\251\227\2755\023k{\022\306\245\364\200\212\010\267\031\223\233\361\333\217\214\272\007\341\326W""; previousledger: ""\212\2353k0\361\214ID\303g\277\010Y_\001~\021\333\370\255\374\\331\306\255\336)\365Rth""; "
1750527646617,1750527646664,0,1,4,0,TMStatusChange,"newEvent: neCLOSING_LEDGER; ledgerSeq: 35; ledgerHash: ""\212\2353k0\361\214ID\303g\277\010Y_\001~\021\333\370\255\374\\331\306\255\336)\365Rth""; ledgerHashPrevious: ""\335\377\321\353\327\331\302\023\347y\016\263\271\317\306\017UV\314qu?\0064A\315{3D\010\016S""; networkTime: 803842846; firstSeq: 1; lastSeq: 35; ","newEvent: neCLOSING_LEDGER; ledgerSeq: 35; ledgerHash: ""\212\2353k0\361\214ID\303g\277\010Y_\001~\021\333\370\255\374\\331\306\255\336)\365Rth""; ledgerHashPrevious: ""\335\377\321\353\327\331\302\023\347y\016\263\271\317\306\017UV\314qu?\0064A\315{3D\010\016S""; networkTime: 803842846; firstSeq: 1; lastSeq: 35; "
1750527646619,1750527646665,0,1,4,2,TMStatusChange,"newEvent: neCLOSING_LEDGER; ledgerSeq: 35; ledgerHash: ""\212\2353k0\361\214ID\303g\277\010Y_\001~\021\333\370\255\374\\331\306\255\336)\365Rth""; ledgerHashPrevious: ""\335\377\321\353\327\331\302\023\347y\016\263\271\317\306\017UV\314qu?\0064A\315{3D\010\016S""; networkTime: 803842846; firstSeq: 1; lastSeq: 35; ","newEvent: neCLOSING_LEDGER; ledgerSeq: 35; ledgerHash: ""\212\2353k0\361\214ID\303g\277\010Y_\001~\021\333\370\255\374\\331\306\255\336)\365Rth""; ledgerHashPrevious: ""\335\377\321\353\327\331\302\023\347y\016\263\271\317\306\017UV\314qu?\0064A\315{3D\010\016S""; networkTime: 803842846; firstSeq: 1; lastSeq: 35; "
1750527646619,1750527646665,0,1,4,1,TMStatusChange,"newEvent: neCLOSING_LEDGER; ledgerSeq: 35; ledgerHash: ""\212\2353k0\361\214ID\303g\277\010Y_\001~\021\333\370\255\374\\331\306\255\336)\365Rth""; ledgerHashPrevious: ""\335\377\321\353\327\331\302\023\347y\016\263\271\317\306\017UV\314qu?\0064A\315{3D\010\016S""; networkTime: 803842846; firstSeq: 1; lastSeq: 35; ","newEvent: neCLOSING_LEDGER; ledgerSeq: 35; ledgerHash: ""\212\2353k0\361\214ID\303g\277\010Y_\001~\021\333\370\255\374\\331\306\255\336)\365Rth""; ledgerHashPrevious: ""\335\377\321\353\327\331\302\023\347y\016\263\271\317\306\017UV\314qu?\0064A\315{3D\010\016S""; networkTime: 803842846; firstSeq: 1; lastSeq: 35; "
1750527646619,1750527646664,0,1,4,3,TMStatusChange,"newEvent: neCLOSING_LEDGER; ledgerSeq: 35; ledgerHash: ""\212\2353k0\361\214ID\303g\277\010Y_\001~\021\333\370\255\374\\331\306\255\336)\365Rth""; ledgerHashPrevious: ""\335\377\321\353\327\331\302\023\347y\016\263\271\317\306\017UV\314qu?\0064A\315{3D\010\016S""; networkTime: 803842846; firstSeq: 1; lastSeq: 35; ","newEvent: neCLOSING_LEDGER; ledgerSeq: 35; ledgerHash: ""\212\2353k0\361\214ID\303g\277\010Y_\001~\021\333\370\255\374\\331\306\255\336)\365Rth""; ledgerHashPrevious: ""\335\377\321\353\327\331\302\023\347y\016\263\271\317\306\017UV\314qu?\0064A\315{3D\010\016S""; networkTime: 803842846; firstSeq: 1; lastSeq: 35; "
1750527648456,1750527648456,0,1,3,4,TMValidation,"validation: """"\200\000\000\001&\000\000\000$)/\351\253 :p\210\265\307-\212\200\004Q\024\t\300.M\315\321S\257\224\252\362\326P\316\303%nX\3742\333\036\004Y\264yG^\234\177\214P\027\000\000\000\000\000\000\000\000\000\000\000\000\000\000\000\000\000\000\000\000\000\000\000\000\000\000\000\000\000\000\000\000P\031\212\2353k0\361\214ID\303g\277\010Y_\001~\021\333\370\255\374\\331\306\255\336)\365Rths!\002\364d\217\366\217|\316F\232\231\241\n\261\333`\312O\367\235\025DD\336e\367\n\312\326\221\037\025\230vF0D\002 \010|\002\256-\201\356\346\265\2067\315\322\342\020\330*S\245_\267P\220\255\352\250X$\226\347\022d\002 k\334\251\245\010fd]V\261&Z\025\032\302&\266\265\306\223\265\024BV\343)\""\250\243\225\260""; ","validation: """"\200\000\000\001&\000\000\000$)/\351\253 :p\210\265\307-\212\200\004Q\024\t\300.M\315\321S\257\224\252\362\326P\316\303%nX\3742\333\036\004Y\264yG^\234\177\214P\027\000\000\000\000\000\000\000\000\000\000\000\000\000\000\000\000\000\000\000\000\000\000\000\000\000\000\000\000\000\000\000\000P\031\212\2353k0\361\214ID\303g\277\010Y_\001~\021\333\370\255\374\\331\306\255\336)\365Rths!\002\364d\217\366\217|\316F\232\231\241\n\261\333`\312O\367\235\025DD\336e\367\n\312\326\221\037\025\230vF0D\002 \010|\002\256-\201\356\346\265\2067\315\322\342\020\330*S\245_\267P\220\255\352\250X$\226\347\022d\002 k\334\251\245\010fd]V\261&Z\025\032\302&\266\265\306\223\265\024BV\343)\""\250\243\225\260""; "
1750527648456,1750527648456,0,1,3,4,TMStatusChange,"newEvent: neACCEPTED_LEDGER; ledgerSeq: 36; ledgerHash: ""\024\t\300.M\315\321S\257\224\252\362\326P\316\303%nX\3742\333\036\004Y\264yG^\234\177\214""; ledgerHashPrevious: ""\212\2353k0\361\214ID\303g\277\010Y_\001~\021\333\370\255\374\\331\306\255\336)\365Rth""; networkTime: 803842848; firstSeq: 1; lastSeq: 35; ","newEvent: neACCEPTED_LEDGER; ledgerSeq: 36; ledgerHash: ""\024\t\300.M\315\321S\257\224\252\362\326P\316\303%nX\3742\333\036\004Y\264yG^\234\177\214""; ledgerHashPrevious: ""\212\2353k0\361\214ID\303g\277\010Y_\001~\021\333\370\255\374\\331\306\255\336)\365Rth""; networkTime: 803842848; firstSeq: 1; lastSeq: 35; "
1750527648457,1750527648457,0,1,3,2,TMStatusChange,"newEvent: neACCEPTED_LEDGER; ledgerSeq: 36; ledgerHash: ""\024\t\300.M\315\321S\257\224\252\362\326P\316\303%nX\3742\333\036\004Y\264yG^\234\177\214""; ledgerHashPrevious: ""\212\2353k0\361\214ID\303g\277\010Y_\001~\021\333\370\255\374\\331\306\255\336)\365Rth""; networkTime: 803842848; firstSeq: 1; lastSeq: 35; ","newEvent: neACCEPTED_LEDGER; ledgerSeq: 36; ledgerHash: ""\024\t\300.M\315\321S\257\224\252\362\326P\316\303%nX\3742\333\036\004Y\264yG^\234\177\214""; ledgerHashPrevious: ""\212\2353k0\361\214ID\303g\277\010Y_\001~\021\333\370\255\374\\331\306\255\336)\365Rth""; networkTime: 803842848; firstSeq: 1; lastSeq: 35; "
1750527648457,1750527648457,0,1,3,2,TMValidation,"validation: """"\200\000\000\001&\000\000\000$)/\351\253 :p\210\265\307-\212\200\004Q\024\t\300.M\315\321S\257\224\252\362\326P\316\303%nX\3742\333\036\004Y\264yG^\234\177\214P\027\000\000\000\000\000\000\000\000\000\000\000\000\000\000\000\000\000\000\000\000\000\000\000\000\000\000\000\000\000\000\000\000P\031\212\2353k0\361\214ID\303g\277\010Y_\001~\021\333\370\255\374\\331\306\255\336)\365Rths!\002\364d\217\366\217|\316F\232\231\241\n\261\333`\312O\367\235\025DD\336e\367\n\312\326\221\037\025\230vF0D\002 \010|\002\256-\201\356\346\265\2067\315\322\342\020\330*S\245_\267P\220\255\352\250X$\226\347\022d\002 k\334\251\245\010fd]V\261&Z\025\032\302&\266\265\306\223\265\024BV\343)\""\250\243\225\260""; ","validation: """"\200\000\000\001&\000\000\000$)/\351\253 :p\210\265\307-\212\200\004Q\024\t\300.M\315\321S\257\224\252\362\326P\316\303%nX\3742\333\036\004Y\264yG^\234\177\214P\027\000\000\000\000\000\000\000\000\000\000\000\000\000\000\000\000\000\000\000\000\000\000\000\000\000\000\000\000\000\000\000\000P\031\212\2353k0\361\214ID\303g\277\010Y_\001~\021\333\370\255\374\\331\306\255\336)\365Rths!\002\364d\217\366\217|\316F\232\231\241\n\261\333`\312O\367\235\025DD\336e\367\n\312\326\221\037\025\230vF0D\002 \010|\002\256-\201\356\346\265\2067\315\322\342\020\330*S\245_\267P\220\255\352\250X$\226\347\022d\002 k\334\251\245\010fd]V\261&Z\025\032\302&\266\265\306\223\265\024BV\343)\""\250\243\225\260""; "
1750527648457,1750527648457,0,1,3,0,TMValidation,"validation: """"\200\000\000\001&\000\000\000$)/\351\253 :p\210\265\307-\212\200\004Q\024\t\300.M\315\321S\257\224\252\362\326P\316\303%nX\3742\333\036\004Y\264yG^\234\177\214P\027\000\000\000\000\000\000\000\000\000\000\000\000\000\000\000\000\000\000\000\000\000\000\000\000\000\000\000\000\000\000\000\000P\031\212\2353k0\361\214ID\303g\277\010Y_\001~\021\333\370\255\374\\331\306\255\336)\365Rths!\002\364d\217\366\217|\316F\232\231\241\n\261\333`\312O\367\235\025DD\336e\367\n\312\326\221\037\025\230vF0D\002 \010|\002\256-\201\356\346\265\2067\315\322\342\020\330*S\245_\267P\220\255\352\250X$\226\347\022d\002 k\334\251\245\010fd]V\261&Z\025\032\302&\266\265\306\223\265\024BV\343)\""\250\243\225\260""; ","validation: """"\200\000\000\001&\000\000\000$)/\351\253 :p\210\265\307-\212\200\004Q\024\t\300.M\315\321S\257\224\252\362\326P\316\303%nX\3742\333\036\004Y\264yG^\234\177\214P\027\000\000\000\000\000\000\000\000\000\000\000\000\000\000\000\000\000\000\000\000\000\000\000\000\000\000\000\000\000\000\000\000P\031\212\2353k0\361\214ID\303g\277\010Y_\001~\021\333\370\255\374\\331\306\255\336)\365Rths!\002\364d\217\366\217|\316F\232\231\241\n\261\333`\312O\367\235\025DD\336e\367\n\312\326\221\037\025\230vF0D\002 \010|\002\256-\201\356\346\265\2067\315\322\342\020\330*S\245_\267P\220\255\352\250X$\226\347\022d\002 k\334\251\245\010fd]V\261&Z\025\032\302&\266\265\306\223\265\024BV\343)\""\250\243\225\260""; "
1750527648458,1750527648458,0,1,3,1,TMValidation,"validation: """"\200\000\000\001&\000\000\000$)/\351\253 :p\210\265\307-\212\200\004Q\024\t\300.M\315\321S\257\224\252\362\326P\316\303%nX\3742\333\036\004Y\264yG^\234\177\214P\027\000\000\000\000\000\000\000\000\000\000\000\000\000\000\000\000\000\000\000\000\000\000\000\000\000\000\000\000\000\000\000\000P\031\212\2353k0\361\214ID\303g\277\010Y_\001~\021\333\370\255\374\\331\306\255\336)\365Rths!\002\364d\217\366\217|\316F\232\231\241\n\261\333`\312O\367\235\025DD\336e\367\n\312\326\221\037\025\230vF0D\002 \010|\002\256-\201\356\346\265\2067\315\322\342\020\330*S\245_\267P\220\255\352\250X$\226\347\022d\002 k\334\251\245\010fd]V\261&Z\025\032\302&\266\265\306\223\265\024BV\343)\""\250\243\225\260""; ","validation: """"\200\000\000\001&\000\000\000$)/\351\253 :p\210\265\307-\212\200\004Q\024\t\300.M\315\321S\257\224\252\362\326P\316\303%nX\3742\333\036\004Y\264yG^\234\177\214P\027\000\000\000\000\000\000\000\000\000\000\000\000\000\000\000\000\000\000\000\000\000\000\000\000\000\000\000\000\000\000\000\000P\031\212\2353k0\361\214ID\303g\277\010Y_\001~\021\333\370\255\374\\331\306\255\336)\365Rths!\002\364d\217\366\217|\316F\232\231\241\n\261\333`\312O\367\235\025DD\336e\367\n\312\326\221\037\025\230vF0D\002 \010|\002\256-\201\356\346\265\2067\315\322\342\020\330*S\245_\267P\220\255\352\250X$\226\347\022d\002 k\334\251\245\010fd]V\261&Z\025\032\302&\266\265\306\223\265\024BV\343)\""\250\243\225\260""; "
1750527648458,1750527648458,0,1,3,1,TMStatusChange,"newEvent: neACCEPTED_LEDGER; ledgerSeq: 36; ledgerHash: ""\024\t\300.M\315\321S\257\224\252\362\326P\316\303%nX\3742\333\036\004Y\264yG^\234\177\214""; ledgerHashPrevious: ""\212\2353k0\361\214ID\303g\277\010Y_\001~\021\333\370\255\374\\331\306\255\336)\365Rth""; networkTime: 803842848; firstSeq: 1; lastSeq: 35; ","newEvent: neACCEPTED_LEDGER; ledgerSeq: 36; ledgerHash: ""\024\t\300.M\315\321S\257\224\252\362\326P\316\303%nX\3742\333\036\004Y\264yG^\234\177\214""; ledgerHashPrevious: ""\212\2353k0\361\214ID\303g\277\010Y_\001~\021\333\370\255\374\\331\306\255\336)\365Rth""; networkTime: 803842848; firstSeq: 1; lastSeq: 35; "
1750527648459,1750527648459,0,1,3,0,TMStatusChange,"newEvent: neACCEPTED_LEDGER; ledgerSeq: 36; ledgerHash: ""\024\t\300.M\315\321S\257\224\252\362\326P\316\303%nX\3742\333\036\004Y\264yG^\234\177\214""; ledgerHashPrevious: ""\212\2353k0\361\214ID\303g\277\010Y_\001~\021\333\370\255\374\\331\306\255\336)\365Rth""; networkTime: 803842848; firstSeq: 1; lastSeq: 35; ","newEvent: neACCEPTED_LEDGER; ledgerSeq: 36; ledgerHash: ""\024\t\300.M\315\321S\257\224\252\362\326P\316\303%nX\3742\333\036\004Y\264yG^\234\177\214""; ledgerHashPrevious: ""\212\2353k0\361\214ID\303g\277\010Y_\001~\021\333\370\255\374\\331\306\255\336)\365Rth""; networkTime: 803842848; firstSeq: 1; lastSeq: 35; "
1750527648461,1750527648461,0,1,4,2,TMValidation,"validation: """"\200\000\000\001&\000\000\000$)/\351\253 :p\210\265\307-\212\200\004Q\024\t\300.M\315\321S\257\224\252\362\326P\316\303%nX\3742\333\036\004Y\264yG^\234\177\214P\027\000\000\000\000\000\000\000\000\000\000\000\000\000\000\000\000\000\000\000\000\000\000\000\000\000\000\000\000\000\000\000\000P\031\212\2353k0\361\214ID\303g\277\010Y_\001~\021\333\370\255\374\\331\306\255\336)\365Rths!\002\364d\217\366\217|\316F\232\231\241\n\261\333`\312O\367\235\025DD\336e\367\n\312\326\221\037\025\230vF0D\002 \010|\002\256-\201\356\346\265\2067\315\322\342\020\330*S\245_\267P\220\255\352\250X$\226\347\022d\002 k\334\251\245\010fd]V\261&Z\025\032\302&\266\265\306\223\265\024BV\343)\""\250\243\225\260""; ","validation: """"\200\000\000\001&\000\000\000$)/\351\253 :p\210\265\307-\212\200\004Q\024\t\300.M\315\321S\257\224\252\362\326P\316\303%nX\3742\333\036\004Y\264yG^\234\177\214P\027\000\000\000\000\000\000\000\000\000\000\000\000\000\000\000\000\000\000\000\000\000\000\000\000\000\000\000\000\000\000\000\000P\031\212\2353k0\361\214ID\303g\277\010Y_\001~\021\333\370\255\374\\331\306\255\336)\365Rths!\002\364d\217\366\217|\316F\232\231\241\n\261\333`\312O\367\235\025DD\336e\367\n\312\326\221\037\025\230vF0D\002 \010|\002\256-\201\356\346\265\2067\315\322\342\020\330*S\245_\267P\220\255\352\250X$\226\347\022d\002 k\334\251\245\010fd]V\261&Z\025\032\302&\266\265\306\223\265\024BV\343)\""\250\243\225\260""; "
1750527648461,1750527648461,0,1,4,2,TMGetLedger,"itype: liBASE; ledgerHash: ""\024\t\300.M\315\321S\257\224\252\362\326P\316\303%nX\3742\333\036\004Y\264yG^\234\177\214""; ","itype: liBASE; ledgerHash: ""\024\t\300.M\315\321S\257\224\252\362\326P\316\303%nX\3742\333\036\004Y\264yG^\234\177\214""; "
1750527648462,1750527648462,0,1,4,3,TMGetLedger,"itype: liBASE; ledgerHash: ""\024\t\300.M\315\321S\257\224\252\362\326P\316\303%nX\3742\333\036\004Y\264yG^\234\177\214""; ","itype: liBASE; ledgerHash: ""\024\t\300.M\315\321S\257\224\252\362\326P\316\303%nX\3742\333\036\004Y\264yG^\234\177\214""; "
1750527648462,1750527648462,0,1,4,1,TMValidation,"validation: """"\200\000\000\001&\000\000\000$)/\351\253 :p\210\265\307-\212\200\004Q\024\t\300.M\315\321S\257\224\252\362\326P\316\303%nX\3742\333\036\004Y\264yG^\234\177\214P\027\000\000\000\000\000\000\000\000\000\000\000\000\000\000\000\000\000\000\000\000\000\000\000\000\000\000\000\000\000\000\000\000P\031\212\2353k0\361\214ID\303g\277\010Y_\001~\021\333\370\255\374\\331\306\255\336)\365Rths!\002\364d\217\366\217|\316F\232\231\241\n\261\333`\312O\367\235\025DD\336e\367\n\312\326\221\037\025\230vF0D\002 \010|\002\256-\201\356\346\265\2067\315\322\342\020\330*S\245_\267P\220\255\352\250X$\226\347\022d\002 k\334\251\245\010fd]V\261&Z\025\032\302&\266\265\306\223\265\024BV\343)\""\250\243\225\260""; ","validation: """"\200\000\000\001&\000\000\000$)/\351\253 :p\210\265\307-\212\200\004Q\024\t\300.M\315\321S\257\224\252\362\326P\316\303%nX\3742\333\036\004Y\264yG^\234\177\214P\027\000\000\000\000\000\000\000\000\000\000\000\000\000\000\000\000\000\000\000\000\000\000\000\000\000\000\000\000\000\000\000\000P\031\212\2353k0\361\214ID\303g\277\010Y_\001~\021\333\370\255\374\\331\306\255\336)\365Rths!\002\364d\217\366\217|\316F\232\231\241\n\261\333`\312O\367\235\025DD\336e\367\n\312\326\221\037\025\230vF0D\002 \010|\002\256-\201\356\346\265\2067\315\322\342\020\330*S\245_\267P\220\255\352\250X$\226\347\022d\002 k\334\251\245\010fd]V\261&Z\025\032\302&\266\265\306\223\265\024BV\343)\""\250\243\225\260""; "
1750527648463,1750527648463,0,1,4,0,TMValidation,"validation: """"\200\000\000\001&\000\000\000$)/\351\253 :p\210\265\307-\212\200\004Q\024\t\300.M\315\321S\257\224\252\362\326P\316\303%nX\3742\333\036\004Y\264yG^\234\177\214P\027\000\000\000\000\000\000\000\000\000\000\000\000\000\000\000\000\000\000\000\000\000\000\000\000\000\000\000\000\000\000\000\000P\031\212\2353k0\361\214ID\303g\277\010Y_\001~\021\333\370\255\374\\331\306\255\336)\365Rths!\002\364d\217\366\217|\316F\232\231\241\n\261\333`\312O\367\235\025DD\336e\367\n\312\326\221\037\025\230vF0D\002 \010|\002\256-\201\356\346\265\2067\315\322\342\020\330*S\245_\267P\220\255\352\250X$\226\347\022d\002 k\334\251\245\010fd]V\261&Z\025\032\302&\266\265\306\223\265\024BV\343)\""\250\243\225\260""; ","validation: """"\200\000\000\001&\000\000\000$)/\351\253 :p\210\265\307-\212\200\004Q\024\t\300.M\315\321S\257\224\252\362\326P\316\303%nX\3742\333\036\004Y\264yG^\234\177\214P\027\000\000\000\000\000\000\000\000\000\000\000\000\000\000\000\000\000\000\000\000\000\000\000\000\000\000\000\000\000\000\000\000P\031\212\2353k0\361\214ID\303g\277\010Y_\001~\021\333\370\255\374\\331\306\255\336)\365Rths!\002\364d\217\366\217|\316F\232\231\241\n\261\333`\312O\367\235\025DD\336e\367\n\312\326\221\037\025\230vF0D\002 \010|\002\256-\201\356\346\265\2067\315\322\342\020\330*S\245_\267P\220\255\352\250X$\226\347\022d\002 k\334\251\245\010fd]V\261&Z\025\032\302&\266\265\306\223\265\024BV\343)\""\250\243\225\260""; "
1750527648463,1750527648463,0,1,4,1,TMGetLedger,"itype: liBASE; ledgerHash: ""\024\t\300.M\315\321S\257\224\252\362\326P\316\303%nX\3742\333\036\004Y\264yG^\234\177\214""; queryType: qtINDIRECT; ","itype: liBASE; ledgerHash: ""\024\t\300.M\315\321S\257\224\252\362\326P\316\303%nX\3742\333\036\004Y\264yG^\234\177\214""; queryType: qtINDIRECT; "
1750527648463,1750527648463,0,1,4,0,TMGetLedger,"itype: liBASE; ledgerHash: ""\024\t\300.M\315\321S\257\224\252\362\326P\316\303%nX\3742\333\036\004Y\264yG^\234\177\214""; ","itype: liBASE; ledgerHash: ""\024\t\300.M\315\321S\257\224\252\362\326P\316\303%nX\3742\333\036\004Y\264yG^\234\177\214""; "
1750527648463,1750527648463,0,1,4,0,TMGetLedger,"itype: liBASE; ledgerHash: ""\024\t\300.M\315\321S\257\224\252\362\326P\316\303%nX\3742\333\036\004Y\264yG^\234\177\214""; queryType: qtINDIRECT; ","itype: liBASE; ledgerHash: ""\024\t\300.M\315\321S\257\224\252\362\326P\316\303%nX\3742\333\036\004Y\264yG^\234\177\214""; queryType: qtINDIRECT; "
1750527648463,1750527648464,0,1,4,1,TMGetLedger,"itype: liBASE; ledgerHash: ""\024\t\300.M\315\321S\257\224\252\362\326P\316\303%nX\3742\333\036\004Y\264yG^\234\177\214""; ","itype: liBASE; ledgerHash: ""\024\t\300.M\315\321S\257\224\252\362\326P\316\303%nX\3742\333\036\004Y\264yG^\234\177\214""; "
1750527648471,1750527648471,0,1,4,3,TMGetLedger,"itype: liBASE; ledgerHash: ""\024\t\300.M\315\321S\257\224\252\362\326P\316\303%nX\3742\333\036\004Y\264yG^\234\177\214""; queryType: qtINDIRECT; ","itype: liBASE; ledgerHash: ""\024\t\300.M\315\321S\257\224\252\362\326P\316\303%nX\3742\333\036\004Y\264yG^\234\177\214""; queryType: qtINDIRECT; "
1750527648472,1750527648472,0,1,4,2,TMGetLedger,"itype: liBASE; ledgerHash: ""\024\t\300.M\315\321S\257\224\252\362\326P\316\303%nX\3742\333\036\004Y\264yG^\234\177\214""; queryType: qtINDIRECT; ","itype: liBASE; ledgerHash: ""\024\t\300.M\315\321S\257\224\252\362\326P\316\303%nX\3742\333\036\004Y\264yG^\234\177\214""; queryType: qtINDIRECT; "
1750527648472,1750527648472,0,1,2,3,TMGetLedger,"itype: liBASE; ledgerHash: ""\024\t\300.M\315\321S\257\224\252\362\326P\316\303%nX\3742\333\036\004Y\264yG^\234\177\214""; ledgerSeq: 36; ","itype: liBASE; ledgerHash: ""\024\t\300.M\315\321S\257\224\252\362\326P\316\303%nX\3742\333\036\004Y\264yG^\234\177\214""; ledgerSeq: 36; "
1750527648473,1750527648473,0,1,2,1,TMGetLedger,"itype: liBASE; ledgerHash: ""\024\t\300.M\315\321S\257\224\252\362\326P\316\303%nX\3742\333\036\004Y\264yG^\234\177\214""; ledgerSeq: 36; ","itype: liBASE; ledgerHash: ""\024\t\300.M\315\321S\257\224\252\362\326P\316\303%nX\3742\333\036\004Y\264yG^\234\177\214""; ledgerSeq: 36; "
1750527648473,1750527648474,0,1,2,4,TMGetLedger,"itype: liBASE; ledgerHash: ""\024\t\300.M\315\321S\257\224\252\362\326P\316\303%nX\3742\333\036\004Y\264yG^\234\177\214""; ledgerSeq: 36; ","itype: liBASE; ledgerHash: ""\024\t\300.M\315\321S\257\224\252\362\326P\316\303%nX\3742\333\036\004Y\264yG^\234\177\214""; ledgerSeq: 36; "
1750527648475,1750527648475,0,1,2,0,TMGetLedger,"itype: liBASE; ledgerHash: ""\024\t\300.M\315\321S\257\224\252\362\326P\316\303%nX\3742\333\036\004Y\264yG^\234\177\214""; ledgerSeq: 36; ","itype: liBASE; ledgerHash: ""\024\t\300.M\315\321S\257\224\252\362\326P\316\303%nX\3742\333\036\004Y\264yG^\234\177\214""; ledgerSeq: 36; "
1750527648475,1750527648475,0,1,2,1,TMValidation,"validation: """"\200\000\000\001&\000\000\000$)/\351\253 :p\210\265\307-\212\200\004Q\024\t\300.M\315\321S\257\224\252\362\326P\316\303%nX\3742\333\036\004Y\264yG^\234\177\214P\027\000\000\000\000\000\000\000\000\000\000\000\000\000\000\000\000\000\000\000\000\000\000\000\000\000\000\000\000\000\000\000\000P\031\212\2353k0\361\214ID\303g\277\010Y_\001~\021\333\370\255\374\\331\306\255\336)\365Rths!\002\364d\217\366\217|\316F\232\231\241\n\261\333`\312O\367\235\025DD\336e\367\n\312\326\221\037\025\230vF0D\002 \010|\002\256-\201\356\346\265\2067\315\322\342\020\330*S\245_\267P\220\255\352\250X$\226\347\022d\002 k\334\251\245\010fd]V\261&Z\025\032\302&\266\265\306\223\265\024BV\343)\""\250\243\225\260""; ","validation: """"\200\000\000\001&\000\000\000$)/\351\253 :p\210\265\307-\212\200\004Q\024\t\300.M\315\321S\257\224\252\362\326P\316\303%nX\3742\333\036\004Y\264yG^\234\177\214P\027\000\000\000\000\000\000\000\000\000\000\000\000\000\000\000\000\000\000\000\000\000\000\000\000\000\000\000\000\000\000\000\000P\031\212\2353k0\361\214ID\303g\277\010Y_\001~\021\333\370\255\374\\331\306\255\336)\365Rths!\002\364d\217\366\217|\316F\232\231\241\n\261\333`\312O\367\235\025DD\336e\367\n\312\326\221\037\025\230vF0D\002 \010|\002\256-\201\356\346\265\2067\315\322\342\020\330*S\245_\267P\220\255\352\250X$\226\347\022d\002 k\334\251\245\010fd]V\261&Z\025\032\302&\266\265\306\223\265\024BV\343)\""\250\243\225\260""; "
1750527648476,1750527648476,0,1,2,0,TMGetLedger,"itype: liBASE; ledgerHash: ""\024\t\300.M\315\321S\257\224\252\362\326P\316\303%nX\3742\333\036\004Y\264yG^\234\177\214""; ledgerSeq: 36; queryType: qtINDIRECT; ","itype: liBASE; ledgerHash: ""\024\t\300.M\315\321S\257\224\252\362\326P\316\303%nX\3742\333\036\004Y\264yG^\234\177\214""; ledgerSeq: 36; queryType: qtINDIRECT; "
1750527648476,1750527648476,0,1,2,0,TMValidation,"validation: """"\200\000\000\001&\000\000\000$)/\351\253 :p\210\265\307-\212\200\004Q\024\t\300.M\315\321S\257\224\252\362\326P\316\303%nX\3742\333\036\004Y\264yG^\234\177\214P\027\000\000\000\000\000\000\000\000\000\000\000\000\000\000\000\000\000\000\000\000\000\000\000\000\000\000\000\000\000\000\000\000P\031\212\2353k0\361\214ID\303g\277\010Y_\001~\021\333\370\255\374\\331\306\255\336)\365Rths!\002\364d\217\366\217|\316F\232\231\241\n\261\333`\312O\367\235\025DD\336e\367\n\312\326\221\037\025\230vF0D\002 \010|\002\256-\201\356\346\265\2067\315\322\342\020\330*S\245_\267P\220\255\352\250X$\226\347\022d\002 k\334\251\245\010fd]V\261&Z\025\032\302&\266\265\306\223\265\024BV\343)\""\250\243\225\260""; ","validation: """"\200\000\000\001&\000\000\000$)/\351\253 :p\210\265\307-\212\200\004Q\024\t\300.M\315\321S\257\224\252\362\326P\316\303%nX\3742\333\036\004Y\264yG^\234\177\214P\027\000\000\000\000\000\000\000\000\000\000\000\000\000\000\000\000\000\000\000\000\000\000\000\000\000\000\000\000\000\000\000\000P\031\212\2353k0\361\214ID\303g\277\010Y_\001~\021\333\370\255\374\\331\306\255\336)\365Rths!\002\364d\217\366\217|\316F\232\231\241\n\261\333`\312O\367\235\025DD\336e\367\n\312\326\221\037\025\230vF0D\002 \010|\002\256-\201\356\346\265\2067\315\322\342\020\330*S\245_\267P\220\255\352\250X$\226\347\022d\002 k\334\251\245\010fd]V\261&Z\025\032\302&\266\265\306\223\265\024BV\343)\""\250\243\225\260""; "
1750527648477,1750527648477,0,1,2,3,TMGetLedger,"itype: liBASE; ledgerHash: ""\024\t\300.M\315\321S\257\224\252\362\326P\316\303%nX\3742\333\036\004Y\264yG^\234\177\214""; ledgerSeq: 36; queryType: qtINDIRECT; ","itype: liBASE; ledgerHash: ""\024\t\300.M\315\321S\257\224\252\362\326P\316\303%nX\3742\333\036\004Y\264yG^\234\177\214""; ledgerSeq: 36; queryType: qtINDIRECT; "
1750527648477,1750527648477,0,1,2,1,TMGetLedger,"itype: liBASE; ledgerHash: ""\024\t\300.M\315\321S\257\224\252\362\326P\316\303%nX\3742\333\036\004Y\264yG^\234\177\214""; ledgerSeq: 36; queryType: qtINDIRECT; ","itype: liBASE; ledgerHash: ""\024\t\300.M\315\321S\257\224\252\362\326P\316\303%nX\3742\333\036\004Y\264yG^\234\177\214""; ledgerSeq: 36; queryType: qtINDIRECT; "
1750527648478,1750527648478,0,1,1,3,TMGetLedger,"itype: liBASE; ledgerHash: ""\024\t\300.M\315\321S\257\224\252\362\326P\316\303%nX\3742\333\036\004Y\264yG^\234\177\214""; ledgerSeq: 36; ","itype: liBASE; ledgerHash: ""\024\t\300.M\315\321S\257\224\252\362\326P\316\303%nX\3742\333\036\004Y\264yG^\234\177\214""; ledgerSeq: 36; "
1750527648478,1750527648478,0,1,1,0,TMGetLedger,"itype: liBASE; ledgerHash: ""\024\t\300.M\315\321S\257\224\252\362\326P\316\303%nX\3742\333\036\004Y\264yG^\234\177\214""; ledgerSeq: 36; ","itype: liBASE; ledgerHash: ""\024\t\300.M\315\321S\257\224\252\362\326P\316\303%nX\3742\333\036\004Y\264yG^\234\177\214""; ledgerSeq: 36; "
1750527648479,1750527648479,0,1,1,4,TMGetLedger,"itype: liBASE; ledgerHash: ""\024\t\300.M\315\321S\257\224\252\362\326P\316\303%nX\3742\333\036\004Y\264yG^\234\177\214""; ledgerSeq: 36; ","itype: liBASE; ledgerHash: ""\024\t\300.M\315\321S\257\224\252\362\326P\316\303%nX\3742\333\036\004Y\264yG^\234\177\214""; ledgerSeq: 36; "
1750527648480,1750527648480,0,1,1,2,TMGetLedger,"itype: liBASE; ledgerHash: ""\024\t\300.M\315\321S\257\224\252\362\326P\316\303%nX\3742\333\036\004Y\264yG^\234\177\214""; ledgerSeq: 36; ","itype: liBASE; ledgerHash: ""\024\t\300.M\315\321S\257\224\252\362\326P\316\303%nX\3742\333\036\004Y\264yG^\234\177\214""; ledgerSeq: 36; "
1750527648480,1750527648480,0,1,0,2,TMGetLedger,"itype: liBASE; ledgerHash: ""\024\t\300.M\315\321S\257\224\252\362\326P\316\303%nX\3742\333\036\004Y\264yG^\234\177\214""; ","itype: liBASE; ledgerHash: ""\024\t\300.M\315\321S\257\224\252\362\326P\316\303%nX\3742\333\036\004Y\264yG^\234\177\214""; "
1750527648481,1750527648481,0,1,1,3,TMGetLedger,"itype: liBASE; ledgerHash: ""\024\t\300.M\315\321S\257\224\252\362\326P\316\303%nX\3742\333\036\004Y\264yG^\234\177\214""; ledgerSeq: 36; queryType: qtINDIRECT; ","itype: liBASE; ledgerHash: ""\024\t\300.M\315\321S\257\224\252\362\326P\316\303%nX\3742\333\036\004Y\264yG^\234\177\214""; ledgerSeq: 36; queryType: qtINDIRECT; "
1750527648482,1750527648482,0,1,0,3,TMGetLedger,"itype: liBASE; ledgerHash: ""\024\t\300.M\315\321S\257\224\252\362\326P\316\303%nX\3742\333\036\004Y\264yG^\234\177\214""; ","itype: liBASE; ledgerHash: ""\024\t\300.M\315\321S\257\224\252\362\326P\316\303%nX\3742\333\036\004Y\264yG^\234\177\214""; "
1750527648482,1750527648482,0,1,0,1,TMGetLedger,"itype: liBASE; ledgerHash: ""\024\t\300.M\315\321S\257\224\252\362\326P\316\303%nX\3742\333\036\004Y\264yG^\234\177\214""; ","itype: liBASE; ledgerHash: ""\024\t\300.M\315\321S\257\224\252\362\326P\316\303%nX\3742\333\036\004Y\264yG^\234\177\214""; "
1750527648482,1750527648483,0,1,0,4,TMGetLedger,"itype: liBASE; ledgerHash: ""\024\t\300.M\315\321S\257\224\252\362\326P\316\303%nX\3742\333\036\004Y\264yG^\234\177\214""; ","itype: liBASE; ledgerHash: ""\024\t\300.M\315\321S\257\224\252\362\326P\316\303%nX\3742\333\036\004Y\264yG^\234\177\214""; "
1750527648483,1750527648483,0,1,0,4,TMValidation,"validation: """"\200\000\000\001&\000\000\000$)/\351\253 :p\210\265\307-\212\200\004Q\024\t\300.M\315\321S\257\224\252\362\326P\316\303%nX\3742\333\036\004Y\264yG^\234\177\214P\027\000\000\000\000\000\000\000\000\000\000\000\000\000\000\000\000\000\000\000\000\000\000\000\000\000\000\000\000\000\000\000\000P\031\212\2353k0\361\214ID\303g\277\010Y_\001~\021\333\370\255\374\\331\306\255\336)\365Rths!\002\364d\217\366\217|\316F\232\231\241\n\261\333`\312O\367\235\025DD\336e\367\n\312\326\221\037\025\230vF0D\002 \010|\002\256-\201\356\346\265\2067\315\322\342\020\330*S\245_\267P\220\255\352\250X$\226\347\022d\002 k\334\251\245\010fd]V\261&Z\025\032\302&\266\265\306\223\265\024BV\343)\""\250\243\225\260""; ","validation: """"\200\000\000\001&\000\000\000$)/\351\253 :p\210\265\307-\212\200\004Q\024\t\300.M\315\321S\257\224\252\362\326P\316\303%nX\3742\333\036\004Y\264yG^\234\177\214P\027\000\000\000\000\000\000\000\000\000\000\000\000\000\000\000\000\000\000\000\000\000\000\000\000\000\000\000\000\000\000\000\000P\031\212\2353k0\361\214ID\303g\277\010Y_\001~\021\333\370\255\374\\331\306\255\336)\365Rths!\002\364d\217\366\217|\316F\232\231\241\n\261\333`\312O\367\235\025DD\336e\367\n\312\326\221\037\025\230vF0D\002 \010|\002\256-\201\356\346\265\2067\315\322\342\020\330*S\245_\267P\220\255\352\250X$\226\347\022d\002 k\334\251\245\010fd]V\261&Z\025\032\302&\266\265\306\223\265\024BV\343)\""\250\243\225\260""; "
1750527648484,1750527648484,0,1,0,4,TMGetLedger,"itype: liBASE; ledgerHash: ""\024\t\300.M\315\321S\257\224\252\362\326P\316\303%nX\3742\333\036\004Y\264yG^\234\177\214""; queryType: qtINDIRECT; ","itype: liBASE; ledgerHash: ""\024\t\300.M\315\321S\257\224\252\362\326P\316\303%nX\3742\333\036\004Y\264yG^\234\177\214""; queryType: qtINDIRECT; "
1750527648484,1750527648484,0,1,0,3,TMGetLedger,"itype: liBASE; ledgerHash: ""\024\t\300.M\315\321S\257\224\252\362\326P\316\303%nX\3742\333\036\004Y\264yG^\234\177\214""; queryType: qtINDIRECT; ","itype: liBASE; ledgerHash: ""\024\t\300.M\315\321S\257\224\252\362\326P\316\303%nX\3742\333\036\004Y\264yG^\234\177\214""; queryType: qtINDIRECT; "
1750527648485,1750527648485,0,1,2,4,TMGetLedger,"itype: liBASE; ledgerHash: ""\024\t\300.M\315\321S\257\224\252\362\326P\316\303%nX\3742\333\036\004Y\264yG^\234\177\214""; ledgerSeq: 36; queryType: qtINDIRECT; ","itype: liBASE; ledgerHash: ""\024\t\300.M\315\321S\257\224\252\362\326P\316\303%nX\3742\333\036\004Y\264yG^\234\177\214""; ledgerSeq: 36; queryType: qtINDIRECT; "
1750527648486,1750527648486,0,1,2,4,TMValidation,"validation: """"\200\000\000\001&\000\000\000$)/\351\253 :p\210\265\307-\212\200\004Q\024\t\300.M\315\321S\257\224\252\362\326P\316\303%nX\3742\333\036\004Y\264yG^\234\177\214P\027\000\000\000\000\000\000\000\000\000\000\000\000\000\000\000\000\000\000\000\000\000\000\000\000\000\000\000\000\000\000\000\000P\031\212\2353k0\361\214ID\303g\277\010Y_\001~\021\333\370\255\374\\331\306\255\336)\365Rths!\002\364d\217\366\217|\316F\232\231\241\n\261\333`\312O\367\235\025DD\336e\367\n\312\326\221\037\025\230vF0D\002 \010|\002\256-\201\356\346\265\2067\315\322\342\020\330*S\245_\267P\220\255\352\250X$\226\347\022d\002 k\334\251\245\010fd]V\261&Z\025\032\302&\266\265\306\223\265\024BV\343)\""\250\243\225\260""; ","validation: """"\200\000\000\001&\000\000\000$)/\351\253 :p\210\265\307-\212\200\004Q\024\t\300.M\315\321S\257\224\252\362\326P\316\303%nX\3742\333\036\004Y\264yG^\234\177\214P\027\000\000\000\000\000\000\000\000\000\000\000\000\000\000\000\000\000\000\000\000\000\000\000\000\000\000\000\000\000\000\000\000P\031\212\2353k0\361\214ID\303g\277\010Y_\001~\021\333\370\255\374\\331\306\255\336)\365Rths!\002\364d\217\366\217|\316F\232\231\241\n\261\333`\312O\367\235\025DD\336e\367\n\312\326\221\037\025\230vF0D\002 \010|\002\256-\201\356\346\265\2067\315\322\342\020\330*S\245_\267P\220\255\352\250X$\226\347\022d\002 k\334\251\245\010fd]V\261&Z\025\032\302&\266\265\306\223\265\024BV\343)\""\250\243\225\260""; "
1750527648486,1750527648486,0,1,3,4,TMLedgerData,"ledgerHash: ""\024\t\300.M\315\321S\257\224\252\362\326P\316\303%nX\3742\333\036\004Y\264yG^\234\177\214""; ledgerSeq: 36; type: liBASE; nodes {;   nodedata: ""\000\000\000$\001cEx]\211\377\330\212\2353k0\361\214ID\303g\277\010Y_\001~\021\333\370\255\374\\331\306\255\336)\365Rth\000\000\000\000\000\000\000\000\000\000\000\000\000\000\000\000\000\000\000\000\000\000\000\000\000\000\000\000\000\000\000\000x\335D\017#\237\342\330r\340y\030}\363\316y\332\323\242\006\255\226\376\rG\t\367n\331\205\323[/\351\253\032/\351\253""\n\000""; }; nodes {;   nodedata: ""\323C\344\327\264{\312-\017:\006{\177\344N\002\326bO\260\220\006\033\362\345\005U\221DzJ0\001\301\025%1L\307\t\261\262z\374\222T\301\274V\236\223\262\270Ct\362\337b\356\024*\324\320\351\317\002k\336\234\027v\351\217\260\303\360\233ZPZWr\246$w\313\313\r\243r\232\2234\373\3539:N\004Q\245\272D\312D\300\300\t\323\0257\345e\271\na\215{\226\255x%T\257\037\333\004\344_/R\006E\344\037@\210\363\010\336T\226\247'\204_{\261\370""1\235\2445\343\033Y!\212\201\341\272\225'\007\251\246\273\271$\352~\251\032\020\036N\371\354\363\003\242\231\266S\013(pm2\3271\035/\266\231u\013\003""; }; ","ledgerHash: ""\024\t\300.M\315\321S\257\224\252\362\326P\316\303%nX\3742\333\036\004Y\264yG^\234\177\214""; ledgerSeq: 36; type: liBASE; nodes {;   nodedata: ""\000\000\000$\001cEx]\211\377\330\212\2353k0\361\214ID\303g\277\010Y_\001~\021\333\370\255\374\\331\306\255\336)\365Rth\000\000\000\000\000\000\000\000\000\000\000\000\000\000\000\000\000\000\000\000\000\000\000\000\000\000\000\000\000\000\000\000x\335D\017#\237\342\330r\340y\030}\363\316y\332\323\242\006\255\226\376\rG\t\367n\331\205\323[/\351\253\032/\351\253""\n\000""; }; nodes {;   nodedata: ""\323C\344\327\264{\312-\017:\006{\177\344N\002\326bO\260\220\006\033\362\345\005U\221DzJ0\001\301\025%1L\307\t\261\262z\374\222T\301\274V\236\223\262\270Ct\362\337b\356\024*\324\320\351\317\002k\336\234\027v\351\217\260\303\360\233ZPZWr\246$w\313\313\r\243r\232\2234\373\3539:N\004Q\245\272D\312D\300\300\t\323\0257\345e\271\na\215{\226\255x%T\257\037\333\004\344_/R\006E\344\037@\210\363\010\336T\226\247'\204_{\261\370""1\235\2445\343\033Y!\212\201\341\272\225'\007\251\246\273\271$\352~\251\032\020\036N\371\354\363\003\242\231\266S\013(pm2\3271\035/\266\231u\013\003""; }; "
1750527648487,1750527648487,0,1,1,4,TMGetLedger,"itype: liBASE; ledgerHash: ""\024\t\300.M\315\321S\257\224\252\362\326P\316\303%nX\3742\333\036\004Y\264yG^\234\177\214""; ledgerSeq: 36; queryType: qtINDIRECT; ","itype: liBASE; ledgerHash: ""\024\t\300.M\315\321S\257\224\252\362\326P\316\303%nX\3742\333\036\004Y\264yG^\234\177\214""; ledgerSeq: 36; queryType: qtINDIRECT; "
1750527648487,1750527648487,0,1,1,4,TMValidation,"validation: """"\200\000\000\001&\000\000\000$)/\351\253 :p\210\265\307-\212\200\004Q\024\t\300.M\315\321S\257\224\252\362\326P\316\303%nX\3742\333\036\004Y\264yG^\234\177\214P\027\000\000\000\000\000\000\000\000\000\000\000\000\000\000\000\000\000\000\000\000\000\000\000\000\000\000\000\000\000\000\000\000P\031\212\2353k0\361\214ID\303g\277\010Y_\001~\021\333\370\255\374\\331\306\255\336)\365Rths!\002\364d\217\366\217|\316F\232\231\241\n\261\333`\312O\367\235\025DD\336e\367\n\312\326\221\037\025\230vF0D\002 \010|\002\256-\201\356\346\265\2067\315\322\342\020\330*S\245_\267P\220\255\352\250X$\226\347\022d\002 k\334\251\245\010fd]V\261&Z\025\032\302&\266\265\306\223\265\024BV\343)\""\250\243\225\260""; ","validation: """"\200\000\000\001&\000\000\000$)/\351\253 :p\210\265\307-\212\200\004Q\024\t\300.M\315\321S\257\224\252\362\326P\316\303%nX\3742\333\036\004Y\264yG^\234\177\214P\027\000\000\000\000\000\000\000\000\000\000\000\000\000\000\000\000\000\000\000\000\000\000\000\000\000\000\000\000\000\000\000\000P\031\212\2353k0\361\214ID\303g\277\010Y_\001~\021\333\370\255\374\\331\306\255\336)\365Rths!\002\364d\217\366\217|\316F\232\231\241\n\261\333`\312O\367\235\025DD\336e\367\n\312\326\221\037\025\230vF0D\002 \010|\002\256-\201\356\346\265\2067\315\322\342\020\330*S\245_\267P\220\255\352\250X$\226\347\022d\002 k\334\251\245\010fd]V\261&Z\025\032\302&\266\265\306\223\265\024BV\343)\""\250\243\225\260""; "
1750527648488,1750527648489,0,1,3,4,TMLedgerData,"ledgerHash: ""\024\t\300.M\315\321S\257\224\252\362\326P\316\303%nX\3742\333\036\004Y\264yG^\234\177\214""; ledgerSeq: 36; type: liBASE; nodes {;   nodedata: ""\000\000\000$\001cEx]\211\377\330\212\2353k0\361\214ID\303g\277\010Y_\001~\021\333\370\255\374\\331\306\255\336)\365Rth\000\000\000\000\000\000\000\000\000\000\000\000\000\000\000\000\000\000\000\000\000\000\000\000\000\000\000\000\000\000\000\000x\335D\017#\237\342\330r\340y\030}\363\316y\332\323\242\006\255\226\376\rG\t\367n\331\205\323[/\351\253\032/\351\253""\n\000""; }; nodes {;   nodedata: ""\323C\344\327\264{\312-\017:\006{\177\344N\002\326bO\260\220\006\033\362\345\005U\221DzJ0\001\301\025%1L\307\t\261\262z\374\222T\301\274V\236\223\262\270Ct\362\337b\356\024*\324\320\351\317\002k\336\234\027v\351\217\260\303\360\233ZPZWr\246$w\313\313\r\243r\232\2234\373\3539:N\004Q\245\272D\312D\300\300\t\323\0257\345e\271\na\215{\226\255x%T\257\037\333\004\344_/R\006E\344\037@\210\363\010\336T\226\247'\204_{\261\370""1\235\2445\343\033Y!\212\201\341\272\225'\007\251\246\273\271$\352~\251\032\020\036N\371\354\363\003\242\231\266S\013(pm2\3271\035/\266\231u\013\003""; }; ","ledgerHash: ""\024\t\300.M\315\321S\257\224\252\362\326P\316\303%nX\3742\333\036\004Y\264yG^\234\177\214""; ledgerSeq: 36; type: liBASE; nodes {;   nodedata: ""\000\000\000$\001cEx]\211\377\330\212\2353k0\361\214ID\303g\277\010Y_\001~\021\333\370\255\374\\331\306\255\336)\365Rth\000\000\000\000\000\000\000\000\000\000\000\000\000\000\000\000\000\000\000\000\000\000\000\000\000\000\000\000\000\000\000\000x\335D\017#\237\342\330r\340y\030}\363\316y\332\323\242\006\255\226\376\rG\t\367n\331\205\323[/\351\253\032/\351\253""\n\000""; }; nodes {;   nodedata: ""\323C\344\327\264{\312-\017:\006{\177\344N\002\326bO\260\220\006\033\362\345\005U\221DzJ0\001\301\025%1L\307\t\261\262z\374\222T\301\274V\236\223\262\270Ct\362\337b\356\024*\324\320\351\317\002k\336\234\027v\351\217\260\303\360\233ZPZWr\246$w\313\313\r\243r\232\2234\373\3539:N\004Q\245\272D\312D\300\300\t\323\0257\345e\271\na\215{\226\255x%T\257\037\333\004\344_/R\006E\344\037@\210\363\010\336T\226\247'\204_{\261\370""1\235\2445\343\033Y!\212\201\341\272\225'\007\251\246\273\271$\352~\251\032\020\036N\371\354\363\003\242\231\266S\013(pm2\3271\035/\266\231u\013\003""; }; "
1750527648489,1750527648489,0,1,2,3,TMGetLedger,"itype: liBASE; ledgerHash: ""\024\t\300.M\315\321S\257\224\252\362\326P\316\303%nX\3742\333\036\004Y\264yG^\234\177\214""; requestCookie: 5; queryType: qtINDIRECT; ","itype: liBASE; ledgerHash: ""\024\t\300.M\315\321S\257\224\252\362\326P\316\303%nX\3742\333\036\004Y\264yG^\234\177\214""; requestCookie: 5; queryType: qtINDIRECT; "
1750527648490,1750527648490,0,1,3,2,TMLedgerData,"ledgerHash: ""\024\t\300.M\315\321S\257\224\252\362\326P\316\303%nX\3742\333\036\004Y\264yG^\234\177\214""; ledgerSeq: 36; type: liBASE; nodes {;   nodedata: ""\000\000\000$\001cEx]\211\377\330\212\2353k0\361\214ID\303g\277\010Y_\001~\021\333\370\255\374\\331\306\255\336)\365Rth\000\000\000\000\000\000\000\000\000\000\000\000\000\000\000\000\000\000\000\000\000\000\000\000\000\000\000\000\000\000\000\000x\335D\017#\237\342\330r\340y\030}\363\316y\332\323\242\006\255\226\376\rG\t\367n\331\205\323[/\351\253\032/\351\253""\n\000""; }; nodes {;   nodedata: ""\323C\344\327\264{\312-\017:\006{\177\344N\002\326bO\260\220\006\033\362\345\005U\221DzJ0\001\301\025%1L\307\t\261\262z\374\222T\301\274V\236\223\262\270Ct\362\337b\356\024*\324\320\351\317\002k\336\234\027v\351\217\260\303\360\233ZPZWr\246$w\313\313\r\243r\232\2234\373\3539:N\004Q\245\272D\312D\300\300\t\323\0257\345e\271\na\215{\226\255x%T\257\037\333\004\344_/R\006E\344\037@\210\363\010\336T\226\247'\204_{\261\370""1\235\2445\343\033Y!\212\201\341\272\225'\007\251\246\273\271$\352~\251\032\020\036N\371\354\363\003\242\231\266S\013(pm2\3271\035/\266\231u\013\003""; }; ","ledgerHash: ""\024\t\300.M\315\321S\257\224\252\362\326P\316\303%nX\3742\333\036\004Y\264yG^\234\177\214""; ledgerSeq: 36; type: liBASE; nodes {;   nodedata: ""\000\000\000$\001cEx]\211\377\330\212\2353k0\361\214ID\303g\277\010Y_\001~\021\333\370\255\374\\331\306\255\336)\365Rth\000\000\000\000\000\000\000\000\000\000\000\000\000\000\000\000\000\000\000\000\000\000\000\000\000\000\000\000\000\000\000\000x\335D\017#\237\342\330r\340y\030}\363\316y\332\323\242\006\255\226\376\rG\t\367n\331\205\323[/\351\253\032/\351\253""\n\000""; }; nodes {;   nodedata: ""\323C\344\327\264{\312-\017:\006{\177\344N\002\326bO\260\220\006\033\362\345\005U\221DzJ0\001\301\025%1L\307\t\261\262z\374\222T\301\274V\236\223\262\270Ct\362\337b\356\024*\324\320\351\317\002k\336\234\027v\351\217\260\303\360\233ZPZWr\246$w\313\313\r\243r\232\2234\373\3539:N\004Q\245\272D\312D\300\300\t\323\0257\345e\271\na\215{\226\255x%T\257\037\333\004\344_/R\006E\344\037@\210\363\010\336T\226\247'\204_{\261\370""1\235\2445\343\033Y!\212\201\341\272\225'\007\251\246\273\271$\352~\251\032\020\036N\371\354\363\003\242\231\266S\013(pm2\3271\035/\266\231u\013\003""; }; "
1750527648490,1750527648491,0,1,1,2,TMValidation,"validation: """"\200\000\000\001&\000\000\000$)/\351\253 :p\210\265\307-\212\200\004Q\024\t\300.M\315\321S\257\224\252\362\326P\316\303%nX\3742\333\036\004Y\264yG^\234\177\214P\027\000\000\000\000\000\000\000\000\000\000\000\000\000\000\000\000\000\000\000\000\000\000\000\000\000\000\000\000\000\000\000\000P\031\212\2353k0\361\214ID\303g\277\010Y_\001~\021\333\370\255\374\\331\306\255\336)\365Rths!\002\364d\217\366\217|\316F\232\231\241\n\261\333`\312O\367\235\025DD\336e\367\n\312\326\221\037\025\230vF0D\002 \010|\002\256-\201\356\346\265\2067\315\322\342\020\330*S\245_\267P\220\255\352\250X$\226\347\022d\002 k\334\251\245\010fd]V\261&Z\025\032\302&\266\265\306\223\265\024BV\343)\""\250\243\225\260""; ","validation: """"\200\000\000\001&\000\000\000$)/\351\253 :p\210\265\307-\212\200\004Q\024\t\300.M\315\321S\257\224\252\362\326P\316\303%nX\3742\333\036\004Y\264yG^\234\177\214P\027\000\000\000\000\000\000\000\000\000\000\000\000\000\000\000\000\000\000\000\000\000\000\000\000\000\000\000\000\000\000\000\000P\031\212\2353k0\361\214ID\303g\277\010Y_\001~\021\333\370\255\374\\331\306\255\336)\365Rths!\002\364d\217\366\217|\316F\232\231\241\n\261\333`\312O\367\235\025DD\336e\367\n\312\326\221\037\025\230vF0D\002 \010|\002\256-\201\356\346\265\2067\315\322\342\020\330*S\245_\267P\220\255\352\250X$\226\347\022d\002 k\334\251\245\010fd]V\261&Z\025\032\302&\266\265\306\223\265\024BV\343)\""\250\243\225\260""; "
1750527648491,1750527648491,0,1,1,2,TMGetLedger,"itype: liBASE; ledgerHash: ""\024\t\300.M\315\321S\257\224\252\362\326P\316\303%nX\3742\333\036\004Y\264yG^\234\177\214""; ledgerSeq: 36; queryType: qtINDIRECT; ","itype: liBASE; ledgerHash: ""\024\t\300.M\315\321S\257\224\252\362\326P\316\303%nX\3742\333\036\004Y\264yG^\234\177\214""; ledgerSeq: 36; queryType: qtINDIRECT; "
1750527648491,1750527648492,0,1,0,2,TMValidation,"validation: """"\200\000\000\001&\000\000\000$)/\351\253 :p\210\265\307-\212\200\004Q\024\t\300.M\315\321S\257\224\252\362\326P\316\303%nX\3742\333\036\004Y\264yG^\234\177\214P\027\000\000\000\000\000\000\000\000\000\000\000\000\000\000\000\000\000\000\000\000\000\000\000\000\000\000\000\000\000\000\000\000P\031\212\2353k0\361\214ID\303g\277\010Y_\001~\021\333\370\255\374\\331\306\255\336)\365Rths!\002\364d\217\366\217|\316F\232\231\241\n\261\333`\312O\367\235\025DD\336e\367\n\312\326\221\037\025\230vF0D\002 \010|\002\256-\201\356\346\265\2067\315\322\342\020\330*S\245_\267P\220\255\352\250X$\226\347\022d\002 k\334\251\245\010fd]V\261&Z\025\032\302&\266\265\306\223\265\024BV\343)\""\250\243\225\260""; ","validation: """"\200\000\000\001&\000\000\000$)/\351\253 :p\210\265\307-\212\200\004Q\024\t\300.M\315\321S\257\224\252\362\326P\316\303%nX\3742\333\036\004Y\264yG^\234\177\214P\027\000\000\000\000\000\000\000\000\000\000\000\000\000\000\000\000\000\000\000\000\000\000\000\000\000\000\000\000\000\000\000\000P\031\212\2353k0\361\214ID\303g\277\010Y_\001~\021\333\370\255\374\\331\306\255\336)\365Rths!\002\364d\217\366\217|\316F\232\231\241\n\261\333`\312O\367\235\025DD\336e\367\n\312\326\221\037\025\230vF0D\002 \010|\002\256-\201\356\346\265\2067\315\322\342\020\330*S\245_\267P\220\255\352\250X$\226\347\022d\002 k\334\251\245\010fd]V\261&Z\025\032\302&\266\265\306\223\265\024BV\343)\""\250\243\225\260""; "
1750527648492,1750527648492,0,1,0,2,TMGetLedger,"itype: liBASE; ledgerHash: ""\024\t\300.M\315\321S\257\224\252\362\326P\316\303%nX\3742\333\036\004Y\264yG^\234\177\214""; queryType: qtINDIRECT; ","itype: liBASE; ledgerHash: ""\024\t\300.M\315\321S\257\224\252\362\326P\316\303%nX\3742\333\036\004Y\264yG^\234\177\214""; queryType: qtINDIRECT; "
1750527648493,1750527648493,0,1,3,2,TMLedgerData,"ledgerHash: ""\024\t\300.M\315\321S\257\224\252\362\326P\316\303%nX\3742\333\036\004Y\264yG^\234\177\214""; ledgerSeq: 36; type: liBASE; nodes {;   nodedata: ""\000\000\000$\001cEx]\211\377\330\212\2353k0\361\214ID\303g\277\010Y_\001~\021\333\370\255\374\\331\306\255\336)\365Rth\000\000\000\000\000\000\000\000\000\000\000\000\000\000\000\000\000\000\000\000\000\000\000\000\000\000\000\000\000\000\000\000x\335D\017#\237\342\330r\340y\030}\363\316y\332\323\242\006\255\226\376\rG\t\367n\331\205\323[/\351\253\032/\351\253""\n\000""; }; nodes {;   nodedata: ""\323C\344\327\264{\312-\017:\006{\177\344N\002\326bO\260\220\006\033\362\345\005U\221DzJ0\001\301\025%1L\307\t\261\262z\374\222T\301\274V\236\223\262\270Ct\362\337b\356\024*\324\320\351\317\002k\336\234\027v\351\217\260\303\360\233ZPZWr\246$w\313\313\r\243r\232\2234\373\3539:N\004Q\245\272D\312D\300\300\t\323\0257\345e\271\na\215{\226\255x%T\257\037\333\004\344_/R\006E\344\037@\210\363\010\336T\226\247'\204_{\261\370""1\235\2445\343\033Y!\212\201\341\272\225'\007\251\246\273\271$\352~\251\032\020\036N\371\354\363\003\242\231\266S\013(pm2\3271\035/\266\231u\013\003""; }; ","ledgerHash: ""\024\t\300.M\315\321S\257\224\252\362\326P\316\303%nX\3742\333\036\004Y\264yG^\234\177\214""; ledgerSeq: 36; type: liBASE; nodes {;   nodedata: ""\000\000\000$\001cEx]\211\377\330\212\2353k0\361\214ID\303g\277\010Y_\001~\021\333\370\255\374\\331\306\255\336)\365Rth\000\000\000\000\000\000\000\000\000\000\000\000\000\000\000\000\000\000\000\000\000\000\000\000\000\000\000\000\000\000\000\000x\335D\017#\237\342\330r\340y\030}\363\316y\332\323\242\006\255\226\376\rG\t\367n\331\205\323[/\351\253\032/\351\253""\n\000""; }; nodes {;   nodedata: ""\323C\344\327\264{\312-\017:\006{\177\344N\002\326bO\260\220\006\033\362\345\005U\221DzJ0\001\301\025%1L\307\t\261\262z\374\222T\301\274V\236\223\262\270Ct\362\337b\356\024*\324\320\351\317\002k\336\234\027v\351\217\260\303\360\233ZPZWr\246$w\313\313\r\243r\232\2234\373\3539:N\004Q\245\272D\312D\300\300\t\323\0257\345e\271\na\215{\226\255x%T\257\037\333\004\344_/R\006E\344\037@\210\363\010\336T\226\247'\204_{\261\370""1\235\2445\343\033Y!\212\201\341\272\225'\007\251\246\273\271$\352~\251\032\020\036N\371\354\363\003\242\231\266S\013(pm2\3271\035/\266\231u\013\003""; }; "
1750527648493,1750527648493,0,1,3,1,TMLedgerData,"ledgerHash: ""\024\t\300.M\315\321S\257\224\252\362\326P\316\303%nX\3742\333\036\004Y\264yG^\234\177\214""; ledgerSeq: 36; type: liBASE; nodes {;   nodedata: ""\000\000\000$\001cEx]\211\377\330\212\2353k0\361\214ID\303g\277\010Y_\001~\021\333\370\255\374\\331\306\255\336)\365Rth\000\000\000\000\000\000\000\000\000\000\000\000\000\000\000\000\000\000\000\000\000\000\000\000\000\000\000\000\000\000\000\000x\335D\017#\237\342\330r\340y\030}\363\316y\332\323\242\006\255\226\376\rG\t\367n\331\205\323[/\351\253\032/\351\253""\n\000""; }; nodes {;   nodedata: ""\323C\344\327\264{\312-\017:\006{\177\344N\002\326bO\260\220\006\033\362\345\005U\221DzJ0\001\301\025%1L\307\t\261\262z\374\222T\301\274V\236\223\262\270Ct\362\337b\356\024*\324\320\351\317\002k\336\234\027v\351\217\260\303\360\233ZPZWr\246$w\313\313\r\243r\232\2234\373\3539:N\004Q\245\272D\312D\300\300\t\323\0257\345e\271\na\215{\226\255x%T\257\037\333\004\344_/R\006E\344\037@\210\363\010\336T\226\247'\204_{\261\370""1\235\2445\343\033Y!\212\201\341\272\225'\007\251\246\273\271$\352~\251\032\020\036N\371\354\363\003\242\231\266S\013(pm2\3271\035/\266\231u\013\003""; }; ","ledgerHash: ""\024\t\300.M\315\321S\257\224\252\362\326P\316\303%nX\3742\333\036\004Y\264yG^\234\177\214""; ledgerSeq: 36; type: liBASE; nodes {;   nodedata: ""\000\000\000$\001cEx]\211\377\330\212\2353k0\361\214ID\303g\277\010Y_\001~\021\333\370\255\374\\331\306\255\336)\365Rth\000\000\000\000\000\000\000\000\000\000\000\000\000\000\000\000\000\000\000\000\000\000\000\000\000\000\000\000\000\000\000\000x\335D\017#\237\342\330r\340y\030}\363\316y\332\323\242\006\255\226\376\rG\t\367n\331\205\323[/\351\253\032/\351\253""\n\000""; }; nodes {;   nodedata: ""\323C\344\327\264{\312-\017:\006{\177\344N\002\326bO\260\220\006\033\362\345\005U\221DzJ0\001\301\025%1L\307\t\261\262z\374\222T\301\274V\236\223\262\270Ct\362\337b\356\024*\324\320\351\317\002k\336\234\027v\351\217\260\303\360\233ZPZWr\246$w\313\313\r\243r\232\2234\373\3539:N\004Q\245\272D\312D\300\300\t\323\0257\345e\271\na\215{\226\255x%T\257\037\333\004\344_/R\006E\344\037@\210\363\010\336T\226\247'\204_{\261\370""1\235\2445\343\033Y!\212\201\341\272\225'\007\251\246\273\271$\352~\251\032\020\036N\371\354\363\003\242\231\266S\013(pm2\3271\035/\266\231u\013\003""; }; "
1750527648494,1750527648494,0,1,0,1,TMGetLedger,"itype: liBASE; ledgerHash: ""\024\t\300.M\315\321S\257\224\252\362\326P\316\303%nX\3742\333\036\004Y\264yG^\234\177\214""; queryType: qtINDIRECT; ","itype: liBASE; ledgerHash: ""\024\t\300.M\315\321S\257\224\252\362\326P\316\303%nX\3742\333\036\004Y\264yG^\234\177\214""; queryType: qtINDIRECT; "
1750527648494,1750527648494,0,1,0,1,TMValidation,"validation: """"\200\000\000\001&\000\000\000$)/\351\253 :p\210\265\307-\212\200\004Q\024\t\300.M\315\321S\257\224\252\362\326P\316\303%nX\3742\333\036\004Y\264yG^\234\177\214P\027\000\000\000\000\000\000\000\000\000\000\000\000\000\000\000\000\000\000\000\000\000\000\000\000\000\000\000\000\000\000\000\000P\031\212\2353k0\361\214ID\303g\277\010Y_\001~\021\333\370\255\374\\331\306\255\336)\365Rths!\002\364d\217\366\217|\316F\232\231\241\n\261\333`\312O\367\235\025DD\336e\367\n\312\326\221\037\025\230vF0D\002 \010|\002\256-\201\356\346\265\2067\315\322\342\020\330*S\245_\267P\220\255\352\250X$\226\347\022d\002 k\334\251\245\010fd]V\261&Z\025\032\302&\266\265\306\223\265\024BV\343)\""\250\243\225\260""; ","validation: """"\200\000\000\001&\000\000\000$)/\351\253 :p\210\265\307-\212\200\004Q\024\t\300.M\315\321S\257\224\252\362\326P\316\303%nX\3742\333\036\004Y\264yG^\234\177\214P\027\000\000\000\000\000\000\000\000\000\000\000\000\000\000\000\000\000\000\000\000\000\000\000\000\000\000\000\000\000\000\000\000P\031\212\2353k0\361\214ID\303g\277\010Y_\001~\021\333\370\255\374\\331\306\255\336)\365Rths!\002\364d\217\366\217|\316F\232\231\241\n\261\333`\312O\367\235\025DD\336e\367\n\312\326\221\037\025\230vF0D\002 \010|\002\256-\201\356\346\265\2067\315\322\342\020\330*S\245_\267P\220\255\352\250X$\226\347\022d\002 k\334\251\245\010fd]V\261&Z\025\032\302&\266\265\306\223\265\024BV\343)\""\250\243\225\260""; "
1750527648495,1750527648495,0,1,3,1,TMLedgerData,"ledgerHash: ""\024\t\300.M\315\321S\257\224\252\362\326P\316\303%nX\3742\333\036\004Y\264yG^\234\177\214""; ledgerSeq: 36; type: liBASE; nodes {;   nodedata: ""\000\000\000$\001cEx]\211\377\330\212\2353k0\361\214ID\303g\277\010Y_\001~\021\333\370\255\374\\331\306\255\336)\365Rth\000\000\000\000\000\000\000\000\000\000\000\000\000\000\000\000\000\000\000\000\000\000\000\000\000\000\000\000\000\000\000\000x\335D\017#\237\342\330r\340y\030}\363\316y\332\323\242\006\255\226\376\rG\t\367n\331\205\323[/\351\253\032/\351\253""\n\000""; }; nodes {;   nodedata: ""\323C\344\327\264{\312-\017:\006{\177\344N\002\326bO\260\220\006\033\362\345\005U\221DzJ0\001\301\025%1L\307\t\261\262z\374\222T\301\274V\236\223\262\270Ct\362\337b\356\024*\324\320\351\317\002k\336\234\027v\351\217\260\303\360\233ZPZWr\246$w\313\313\r\243r\232\2234\373\3539:N\004Q\245\272D\312D\300\300\t\323\0257\345e\271\na\215{\226\255x%T\257\037\333\004\344_/R\006E\344\037@\210\363\010\336T\226\247'\204_{\261\370""1\235\2445\343\033Y!\212\201\341\272\225'\007\251\246\273\271$\352~\251\032\020\036N\371\354\363\003\242\231\266S\013(pm2\3271\035/\266\231u\013\003""; }; ","ledgerHash: ""\024\t\300.M\315\321S\257\224\252\362\326P\316\303%nX\3742\333\036\004Y\264yG^\234\177\214""; ledgerSeq: 36; type: liBASE; nodes {;   nodedata: ""\000\000\000$\001cEx]\211\377\330\212\2353k0\361\214ID\303g\277\010Y_\001~\021\333\370\255\374\\331\306\255\336)\365Rth\000\000\000\000\000\000\000\000\000\000\000\000\000\000\000\000\000\000\000\000\000\000\000\000\000\000\000\000\000\000\000\000x\335D\017#\237\342\330r\340y\030}\363\316y\332\323\242\006\255\226\376\rG\t\367n\331\205\323[/\351\253\032/\351\253""\n\000""; }; nodes {;   nodedata: ""\323C\344\327\264{\312-\017:\006{\177\344N\002\326bO\260\220\006\033\362\345\005U\221DzJ0\001\301\025%1L\307\t\261\262z\374\222T\301\274V\236\223\262\270Ct\362\337b\356\024*\324\320\351\317\002k\336\234\027v\351\217\260\303\360\233ZPZWr\246$w\313\313\r\243r\232\2234\373\3539:N\004Q\245\272D\312D\300\300\t\323\0257\345e\271\na\215{\226\255x%T\257\037\333\004\344_/R\006E\344\037@\210\363\010\336T\226\247'\204_{\261\370""1\235\2445\343\033Y!\212\201\341\272\225'\007\251\246\273\271$\352~\251\032\020\036N\371\354\363\003\242\231\266S\013(pm2\3271\035/\266\231u\013\003""; }; "
1750527648496,1750527648496,0,1,3,0,TMLedgerData,"ledgerHash: ""\024\t\300.M\315\321S\257\224\252\362\326P\316\303%nX\3742\333\036\004Y\264yG^\234\177\214""; ledgerSeq: 36; type: liBASE; nodes {;   nodedata: ""\000\000\000$\001cEx]\211\377\330\212\2353k0\361\214ID\303g\277\010Y_\001~\021\333\370\255\374\\331\306\255\336)\365Rth\000\000\000\000\000\000\000\000\000\000\000\000\000\000\000\000\000\000\000\000\000\000\000\000\000\000\000\000\000\000\000\000x\335D\017#\237\342\330r\340y\030}\363\316y\332\323\242\006\255\226\376\rG\t\367n\331\205\323[/\351\253\032/\351\253""\n\000""; }; nodes {;   nodedata: ""\323C\344\327\264{\312-\017:\006{\177\344N\002\326bO\260\220\006\033\362\345\005U\221DzJ0\001\301\025%1L\307\t\261\262z\374\222T\301\274V\236\223\262\270Ct\362\337b\356\024*\324\320\351\317\002k\336\234\027v\351\217\260\303\360\233ZPZWr\246$w\313\313\r\243r\232\2234\373\3539:N\004Q\245\272D\312D\300\300\t\323\0257\345e\271\na\215{\226\255x%T\257\037\333\004\344_/R\006E\344\037@\210\363\010\336T\226\247'\204_{\261\370""1\235\2445\343\033Y!\212\201\341\272\225'\007\251\246\273\271$\352~\251\032\020\036N\371\354\363\003\242\231\266S\013(pm2\3271\035/\266\231u\013\003""; }; ","ledgerHash: ""\024\t\300.M\315\321S\257\224\252\362\326P\316\303%nX\3742\333\036\004Y\264yG^\234\177\214""; ledgerSeq: 36; type: liBASE; nodes {;   nodedata: ""\000\000\000$\001cEx]\211\377\330\212\2353k0\361\214ID\303g\277\010Y_\001~\021\333\370\255\374\\331\306\255\336)\365Rth\000\000\000\000\000\000\000\000\000\000\000\000\000\000\000\000\000\000\000\000\000\000\000\000\000\000\000\000\000\000\000\000x\335D\017#\237\342\330r\340y\030}\363\316y\332\323\242\006\255\226\376\rG\t\367n\331\205\323[/\351\253\032/\351\253""\n\000""; }; nodes {;   nodedata: ""\323C\344\327\264{\312-\017:\006{\177\344N\002\326bO\260\220\006\033\362\345\005U\221DzJ0\001\301\025%1L\307\t\261\262z\374\222T\301\274V\236\223\262\270Ct\362\337b\356\024*\324\320\351\317\002k\336\234\027v\351\217\260\303\360\233ZPZWr\246$w\313\313\r\243r\232\2234\373\3539:N\004Q\245\272D\312D\300\300\t\323\0257\345e\271\na\215{\226\255x%T\257\037\333\004\344_/R\006E\344\037@\210\363\010\336T\226\247'\204_{\261\370""1\235\2445\343\033Y!\212\201\341\272\225'\007\251\246\273\271$\352~\251\032\020\036N\371\354\363\003\242\231\266S\013(pm2\3271\035/\266\231u\013\003""; }; "
1750527648497,1750527648497,0,1,1,0,TMValidation,"validation: """"\200\000\000\001&\000\000\000$)/\351\253 :p\210\265\307-\212\200\004Q\024\t\300.M\315\321S\257\224\252\362\326P\316\303%nX\3742\333\036\004Y\264yG^\234\177\214P\027\000\000\000\000\000\000\000\000\000\000\000\000\000\000\000\000\000\000\000\000\000\000\000\000\000\000\000\000\000\000\000\000P\031\212\2353k0\361\214ID\303g\277\010Y_\001~\021\333\370\255\374\\331\306\255\336)\365Rths!\002\364d\217\366\217|\316F\232\231\241\n\261\333`\312O\367\235\025DD\336e\367\n\312\326\221\037\025\230vF0D\002 \010|\002\256-\201\356\346\265\2067\315\322\342\020\330*S\245_\267P\220\255\352\250X$\226\347\022d\002 k\334\251\245\010fd]V\261&Z\025\032\302&\266\265\306\223\265\024BV\343)\""\250\243\225\260""; ","validation: """"\200\000\000\001&\000\000\000$)/\351\253 :p\210\265\307-\212\200\004Q\024\t\300.M\315\321S\257\224\252\362\326P\316\303%nX\3742\333\036\004Y\264yG^\234\177\214P\027\000\000\000\000\000\000\000\000\000\000\000\000\000\000\000\000\000\000\000\000\000\000\000\000\000\000\000\000\000\000\000\000P\031\212\2353k0\361\214ID\303g\277\010Y_\001~\021\333\370\255\374\\331\306\255\336)\365Rths!\002\364d\217\366\217|\316F\232\231\241\n\261\333`\312O\367\235\025DD\336e\367\n\312\326\221\037\025\230vF0D\002 \010|\002\256-\201\356\346\265\2067\315\322\342\020\330*S\245_\267P\220\255\352\250X$\226\347\022d\002 k\334\251\245\010fd]V\261&Z\025\032\302&\266\265\306\223\265\024BV\343)\""\250\243\225\260""; "
1750527648497,1750527648497,0,1,1,0,TMGetLedger,"itype: liBASE; ledgerHash: ""\024\t\300.M\315\321S\257\224\252\362\326P\316\303%nX\3742\333\036\004Y\264yG^\234\177\214""; ledgerSeq: 36; queryType: qtINDIRECT; ","itype: liBASE; ledgerHash: ""\024\t\300.M\315\321S\257\224\252\362\326P\316\303%nX\3742\333\036\004Y\264yG^\234\177\214""; ledgerSeq: 36; queryType: qtINDIRECT; "
1750527648498,1750527648498,0,1,4,3,TMGetLedger,"itype: liBASE; ledgerHash: ""\024\t\300.M\315\321S\257\224\252\362\326P\316\303%nX\3742\333\036\004Y\264yG^\234\177\214""; requestCookie: 1; queryType: qtINDIRECT; ","itype: liBASE; ledgerHash: ""\024\t\300.M\315\321S\257\224\252\362\326P\316\303%nX\3742\333\036\004Y\264yG^\234\177\214""; requestCookie: 1; queryType: qtINDIRECT; "
1750527648498,1750527648498,0,1,3,0,TMLedgerData,"ledgerHash: ""\024\t\300.M\315\321S\257\224\252\362\326P\316\303%nX\3742\333\036\004Y\264yG^\234\177\214""; ledgerSeq: 36; type: liBASE; nodes {;   nodedata: ""\000\000\000$\001cEx]\211\377\330\212\2353k0\361\214ID\303g\277\010Y_\001~\021\333\370\255\374\\331\306\255\336)\365Rth\000\000\000\000\000\000\000\000\000\000\000\000\000\000\000\000\000\000\000\000\000\000\000\000\000\000\000\000\000\000\000\000x\335D\017#\237\342\330r\340y\030}\363\316y\332\323\242\006\255\226\376\rG\t\367n\331\205\323[/\351\253\032/\351\253""\n\000""; }; nodes {;   nodedata: ""\323C\344\327\264{\312-\017:\006{\177\344N\002\326bO\260\220\006\033\362\345\005U\221DzJ0\001\301\025%1L\307\t\261\262z\374\222T\301\274V\236\223\262\270Ct\362\337b\356\024*\324\320\351\317\002k\336\234\027v\351\217\260\303\360\233ZPZWr\246$w\313\313\r\243r\232\2234\373\3539:N\004Q\245\272D\312D\300\300\t\323\0257\345e\271\na\215{\226\255x%T\257\037\333\004\344_/R\006E\344\037@\210\363\010\336T\226\247'\204_{\261\370""1\235\2445\343\033Y!\212\201\341\272\225'\007\251\246\273\271$\352~\251\032\020\036N\371\354\363\003\242\231\266S\013(pm2\3271\035/\266\231u\013\003""; }; ","ledgerHash: ""\024\t\300.M\315\321S\257\224\252\362\326P\316\303%nX\3742\333\036\004Y\264yG^\234\177\214""; ledgerSeq: 36; type: liBASE; nodes {;   nodedata: ""\000\000\000$\001cEx]\211\377\330\212\2353k0\361\214ID\303g\277\010Y_\001~\021\333\370\255\374\\331\306\255\336)\365Rth\000\000\000\000\000\000\000\000\000\000\000\000\000\000\000\000\000\000\000\000\000\000\000\000\000\000\000\000\000\000\000\000x\335D\017#\237\342\330r\340y\030}\363\316y\332\323\242\006\255\226\376\rG\t\367n\331\205\323[/\351\253\032/\351\253""\n\000""; }; nodes {;   nodedata: ""\323C\344\327\264{\312-\017:\006{\177\344N\002\326bO\260\220\006\033\362\345\005U\221DzJ0\001\301\025%1L\307\t\261\262z\374\222T\301\274V\236\223\262\270Ct\362\337b\356\024*\324\320\351\317\002k\336\234\027v\351\217\260\303\360\233ZPZWr\246$w\313\313\r\243r\232\2234\373\3539:N\004Q\245\272D\312D\300\300\t\323\0257\345e\271\na\215{\226\255x%T\257\037\333\004\344_/R\006E\344\037@\210\363\010\336T\226\247'\204_{\261\370""1\235\2445\343\033Y!\212\201\341\272\225'\007\251\246\273\271$\352~\251\032\020\036N\371\354\363\003\242\231\266S\013(pm2\3271\035/\266\231u\013\003""; }; "
1750527648499,1750527648499,0,1,4,3,TMGetLedger,"itype: liBASE; ledgerHash: ""\024\t\300.M\315\321S\257\224\252\362\326P\316\303%nX\3742\333\036\004Y\264yG^\234\177\214""; ledgerSeq: 36; requestCookie: 3; queryType: qtINDIRECT; ","itype: liBASE; ledgerHash: ""\024\t\300.M\315\321S\257\224\252\362\326P\316\303%nX\3742\333\036\004Y\264yG^\234\177\214""; ledgerSeq: 36; requestCookie: 3; queryType: qtINDIRECT; "
1750527648499,1750527648499,0,1,4,3,TMGetLedger,"itype: liAS_NODE; ledgerHash: ""\024\t\300.M\315\321S\257\224\252\362\326P\316\303%nX\3742\333\036\004Y\264yG^\234\177\214""; ledgerSeq: 36; nodeIDs: ""\260\000\000\000\000\000\000\000\000\000\000\000\000\000\000\000\000\000\000\000\000\000\000\000\000\000\000\000\000\000\000\000\001""; queryType: qtINDIRECT; queryDepth: 1; ","itype: liAS_NODE; ledgerHash: ""\024\t\300.M\315\321S\257\224\252\362\326P\316\303%nX\3742\333\036\004Y\264yG^\234\177\214""; ledgerSeq: 36; nodeIDs: ""\260\000\000\000\000\000\000\000\000\000\000\000\000\000\000\000\000\000\000\000\000\000\000\000\000\000\000\000\000\000\000\000\001""; queryType: qtINDIRECT; queryDepth: 1; "
1750527648500,1750527648500,0,1,4,3,TMGetLedger,"itype: liBASE; ledgerHash: ""\024\t\300.M\315\321S\257\224\252\362\326P\316\303%nX\3742\333\036\004Y\264yG^\234\177\214""; ledgerSeq: 36; requestCookie: 2; queryType: qtINDIRECT; ","itype: liBASE; ledgerHash: ""\024\t\300.M\315\321S\257\224\252\362\326P\316\303%nX\3742\333\036\004Y\264yG^\234\177\214""; ledgerSeq: 36; requestCookie: 2; queryType: qtINDIRECT; "
1750527648501,1750527648501,0,1,2,3,TMGetLedger,"itype: liAS_NODE; ledgerHash: ""\024\t\300.M\315\321S\257\224\252\362\326P\316\303%nX\3742\333\036\004Y\264yG^\234\177\214""; ledgerSeq: 36; nodeIDs: ""\260\000\000\000\000\000\000\000\000\000\000\000\000\000\000\000\000\000\000\000\000\000\000\000\000\000\000\000\000\000\000\000\001""; queryType: qtINDIRECT; queryDepth: 1; ","itype: liAS_NODE; ledgerHash: ""\024\t\300.M\315\321S\257\224\252\362\326P\316\303%nX\3742\333\036\004Y\264yG^\234\177\214""; ledgerSeq: 36; nodeIDs: ""\260\000\000\000\000\000\000\000\000\000\000\000\000\000\000\000\000\000\000\000\000\000\000\000\000\000\000\000\000\000\000\000\001""; queryType: qtINDIRECT; queryDepth: 1; "
1750527648501,1750527648501,0,1,3,2,TMLedgerData,"ledgerHash: ""\024\t\300.M\315\321S\257\224\252\362\326P\316\303%nX\3742\333\036\004Y\264yG^\234\177\214""; ledgerSeq: 36; type: liBASE; nodes {;   nodedata: ""\000\000\000$\001cEx]\211\377\330\212\2353k0\361\214ID\303g\277\010Y_\001~\021\333\370\255\374\\331\306\255\336)\365Rth\000\000\000\000\000\000\000\000\000\000\000\000\000\000\000\000\000\000\000\000\000\000\000\000\000\000\000\000\000\000\000\000x\335D\017#\237\342\330r\340y\030}\363\316y\332\323\242\006\255\226\376\rG\t\367n\331\205\323[/\351\253\032/\351\253""\n\000""; }; nodes {;   nodedata: ""\323C\344\327\264{\312-\017:\006{\177\344N\002\326bO\260\220\006\033\362\345\005U\221DzJ0\001\301\025%1L\307\t\261\262z\374\222T\301\274V\236\223\262\270Ct\362\337b\356\024*\324\320\351\317\002k\336\234\027v\351\217\260\303\360\233ZPZWr\246$w\313\313\r\243r\232\2234\373\3539:N\004Q\245\272D\312D\300\300\t\323\0257\345e\271\na\215{\226\255x%T\257\037\333\004\344_/R\006E\344\037@\210\363\010\336T\226\247'\204_{\261\370""1\235\2445\343\033Y!\212\201\341\272\225'\007\251\246\273\271$\352~\251\032\020\036N\371\354\363\003\242\231\266S\013(pm2\3271\035/\266\231u\013\003""; }; requestCookie: 5; ","ledgerHash: ""\024\t\300.M\315\321S\257\224\252\362\326P\316\303%nX\3742\333\036\004Y\264yG^\234\177\214""; ledgerSeq: 36; type: liBASE; nodes {;   nodedata: ""\000\000\000$\001cEx]\211\377\330\212\2353k0\361\214ID\303g\277\010Y_\001~\021\333\370\255\374\\331\306\255\336)\365Rth\000\000\000\000\000\000\000\000\000\000\000\000\000\000\000\000\000\000\000\000\000\000\000\000\000\000\000\000\000\000\000\000x\335D\017#\237\342\330r\340y\030}\363\316y\332\323\242\006\255\226\376\rG\t\367n\331\205\323[/\351\253\032/\351\253""\n\000""; }; nodes {;   nodedata: ""\323C\344\327\264{\312-\017:\006{\177\344N\002\326bO\260\220\006\033\362\345\005U\221DzJ0\001\301\025%1L\307\t\261\262z\374\222T\301\274V\236\223\262\270Ct\362\337b\356\024*\324\320\351\317\002k\336\234\027v\351\217\260\303\360\233ZPZWr\246$w\313\313\r\243r\232\2234\373\3539:N\004Q\245\272D\312D\300\300\t\323\0257\345e\271\na\215{\226\255x%T\257\037\333\004\344_/R\006E\344\037@\210\363\010\336T\226\247'\204_{\261\370""1\235\2445\343\033Y!\212\201\341\272\225'\007\251\246\273\271$\352~\251\032\020\036N\371\354\363\003\242\231\266S\013(pm2\3271\035/\266\231u\013\003""; }; requestCookie: 5; "
1750527648502,1750527648502,0,1,2,3,TMGetLedger,"itype: liBASE; ledgerHash: ""\024\t\300.M\315\321S\257\224\252\362\326P\316\303%nX\3742\333\036\004Y\264yG^\234\177\214""; requestCookie: 2; queryType: qtINDIRECT; ","itype: liBASE; ledgerHash: ""\024\t\300.M\315\321S\257\224\252\362\326P\316\303%nX\3742\333\036\004Y\264yG^\234\177\214""; requestCookie: 2; queryType: qtINDIRECT; "
1750527648502,1750527648502,0,1,2,3,TMGetLedger,"itype: liBASE; ledgerHash: ""\024\t\300.M\315\321S\257\224\252\362\326P\316\303%nX\3742\333\036\004Y\264yG^\234\177\214""; ledgerSeq: 36; requestCookie: 3; queryType: qtINDIRECT; ","itype: liBASE; ledgerHash: ""\024\t\300.M\315\321S\257\224\252\362\326P\316\303%nX\3742\333\036\004Y\264yG^\234\177\214""; ledgerSeq: 36; requestCookie: 3; queryType: qtINDIRECT; "
1750527648503,1750527648503,0,1,1,3,TMGetLedger,"itype: liBASE; ledgerHash: ""\024\t\300.M\315\321S\257\224\252\362\326P\316\303%nX\3742\333\036\004Y\264yG^\234\177\214""; ledgerSeq: 36; requestCookie: 3; queryType: qtINDIRECT; ","itype: liBASE; ledgerHash: ""\024\t\300.M\315\321S\257\224\252\362\326P\316\303%nX\3742\333\036\004Y\264yG^\234\177\214""; ledgerSeq: 36; requestCookie: 3; queryType: qtINDIRECT; "
1750527648503,1750527648503,0,1,1,3,TMGetLedger,"itype: liBASE; ledgerHash: ""\024\t\300.M\315\321S\257\224\252\362\326P\316\303%nX\3742\333\036\004Y\264yG^\234\177\214""; requestCookie: 5; queryType: qtINDIRECT; ","itype: liBASE; ledgerHash: ""\024\t\300.M\315\321S\257\224\252\362\326P\316\303%nX\3742\333\036\004Y\264yG^\234\177\214""; requestCookie: 5; queryType: qtINDIRECT; "
1750527648504,1750527648504,0,1,1,3,TMGetLedger,"itype: liBASE; ledgerHash: ""\024\t\300.M\315\321S\257\224\252\362\326P\316\303%nX\3742\333\036\004Y\264yG^\234\177\214""; requestCookie: 2; queryType: qtINDIRECT; ","itype: liBASE; ledgerHash: ""\024\t\300.M\315\321S\257\224\252\362\326P\316\303%nX\3742\333\036\004Y\264yG^\234\177\214""; requestCookie: 2; queryType: qtINDIRECT; "
1750527648504,1750527648504,0,1,1,3,TMGetLedger,"itype: liAS_NODE; ledgerHash: ""\024\t\300.M\315\321S\257\224\252\362\326P\316\303%nX\3742\333\036\004Y\264yG^\234\177\214""; ledgerSeq: 36; nodeIDs: ""\260\000\000\000\000\000\000\000\000\000\000\000\000\000\000\000\000\000\000\000\000\000\000\000\000\000\000\000\000\000\000\000\001""; queryType: qtINDIRECT; queryDepth: 1; ","itype: liAS_NODE; ledgerHash: ""\024\t\300.M\315\321S\257\224\252\362\326P\316\303%nX\3742\333\036\004Y\264yG^\234\177\214""; ledgerSeq: 36; nodeIDs: ""\260\000\000\000\000\000\000\000\000\000\000\000\000\000\000\000\000\000\000\000\000\000\000\000\000\000\000\000\000\000\000\000\001""; queryType: qtINDIRECT; queryDepth: 1; "
1750527648505,1750527648505,0,1,0,3,TMGetLedger,"itype: liBASE; ledgerHash: ""\024\t\300.M\315\321S\257\224\252\362\326P\316\303%nX\3742\333\036\004Y\264yG^\234\177\214""; ledgerSeq: 36; requestCookie: 3; queryType: qtINDIRECT; ","itype: liBASE; ledgerHash: ""\024\t\300.M\315\321S\257\224\252\362\326P\316\303%nX\3742\333\036\004Y\264yG^\234\177\214""; ledgerSeq: 36; requestCookie: 3; queryType: qtINDIRECT; "
1750527648505,1750527648505,0,1,0,3,TMGetLedger,"itype: liBASE; ledgerHash: ""\024\t\300.M\315\321S\257\224\252\362\326P\316\303%nX\3742\333\036\004Y\264yG^\234\177\214""; requestCookie: 5; queryType: qtINDIRECT; ","itype: liBASE; ledgerHash: ""\024\t\300.M\315\321S\257\224\252\362\326P\316\303%nX\3742\333\036\004Y\264yG^\234\177\214""; requestCookie: 5; queryType: qtINDIRECT; "
1750527648507,1750527648507,0,1,3,4,TMLedgerData,"ledgerHash: ""\024\t\300.M\315\321S\257\224\252\362\326P\316\303%nX\3742\333\036\004Y\264yG^\234\177\214""; ledgerSeq: 36; type: liBASE; nodes {;   nodedata: ""\000\000\000$\001cEx]\211\377\330\212\2353k0\361\214ID\303g\277\010Y_\001~\021\333\370\255\374\\331\306\255\336)\365Rth\000\000\000\000\000\000\000\000\000\000\000\000\000\000\000\000\000\000\000\000\000\000\000\000\000\000\000\000\000\000\000\000x\335D\017#\237\342\330r\340y\030}\363\316y\332\323\242\006\255\226\376\rG\t\367n\331\205\323[/\351\253\032/\351\253""\n\000""; }; nodes {;   nodedata: ""\323C\344\327\264{\312-\017:\006{\177\344N\002\326bO\260\220\006\033\362\345\005U\221DzJ0\001\301\025%1L\307\t\261\262z\374\222T\301\274V\236\223\262\270Ct\362\337b\356\024*\324\320\351\317\002k\336\234\027v\351\217\260\303\360\233ZPZWr\246$w\313\313\r\243r\232\2234\373\3539:N\004Q\245\272D\312D\300\300\t\323\0257\345e\271\na\215{\226\255x%T\257\037\333\004\344_/R\006E\344\037@\210\363\010\336T\226\247'\204_{\261\370""1\235\2445\343\033Y!\212\201\341\272\225'\007\251\246\273\271$\352~\251\032\020\036N\371\354\363\003\242\231\266S\013(pm2\3271\035/\266\231u\013\003""; }; requestCookie: 1; ","ledgerHash: ""\024\t\300.M\315\321S\257\224\252\362\326P\316\303%nX\3742\333\036\004Y\264yG^\234\177\214""; ledgerSeq: 36; type: liBASE; nodes {;   nodedata: ""\000\000\000$\001cEx]\211\377\330\212\2353k0\361\214ID\303g\277\010Y_\001~\021\333\370\255\374\\331\306\255\336)\365Rth\000\000\000\000\000\000\000\000\000\000\000\000\000\000\000\000\000\000\000\000\000\000\000\000\000\000\000\000\000\000\000\000x\335D\017#\237\342\330r\340y\030}\363\316y\332\323\242\006\255\226\376\rG\t\367n\331\205\323[/\351\253\032/\351\253""\n\000""; }; nodes {;   nodedata: ""\323C\344\327\264{\312-\017:\006{\177\344N\002\326bO\260\220\006\033\362\345\005U\221DzJ0\001\301\025%1L\307\t\261\262z\374\222T\301\274V\236\223\262\270Ct\362\337b\356\024*\324\320\351\317\002k\336\234\027v\351\217\260\303\360\233ZPZWr\246$w\313\313\r\243r\232\2234\373\3539:N\004Q\245\272D\312D\300\300\t\323\0257\345e\271\na\215{\226\255x%T\257\037\333\004\344_/R\006E\344\037@\210\363\010\336T\226\247'\204_{\261\370""1\235\2445\343\033Y!\212\201\341\272\225'\007\251\246\273\271$\352~\251\032\020\036N\371\354\363\003\242\231\266S\013(pm2\3271\035/\266\231u\013\003""; }; requestCookie: 1; "
1750527648507,1750527648507,0,1,0,3,TMGetLedger,"itype: liBASE; ledgerHash: ""\024\t\300.M\315\321S\257\224\252\362\326P\316\303%nX\3742\333\036\004Y\264yG^\234\177\214""; ledgerSeq: 36; requestCookie: 2; queryType: qtINDIRECT; ","itype: liBASE; ledgerHash: ""\024\t\300.M\315\321S\257\224\252\362\326P\316\303%nX\3742\333\036\004Y\264yG^\234\177\214""; ledgerSeq: 36; requestCookie: 2; queryType: qtINDIRECT; "
1750527648508,1750527648509,0,1,0,3,TMGetLedger,"itype: liAS_NODE; ledgerHash: ""\024\t\300.M\315\321S\257\224\252\362\326P\316\303%nX\3742\333\036\004Y\264yG^\234\177\214""; ledgerSeq: 36; nodeIDs: ""\260\000\000\000\000\000\000\000\000\000\000\000\000\000\000\000\000\000\000\000\000\000\000\000\000\000\000\000\000\000\000\000\001""; queryType: qtINDIRECT; queryDepth: 1; ","itype: liAS_NODE; ledgerHash: ""\024\t\300.M\315\321S\257\224\252\362\326P\316\303%nX\3742\333\036\004Y\264yG^\234\177\214""; ledgerSeq: 36; nodeIDs: ""\260\000\000\000\000\000\000\000\000\000\000\000\000\000\000\000\000\000\000\000\000\000\000\000\000\000\000\000\000\000\000\000\001""; queryType: qtINDIRECT; queryDepth: 1; "
1750527648509,1750527648509,0,1,3,4,TMLedgerData,"ledgerHash: ""\024\t\300.M\315\321S\257\224\252\362\326P\316\303%nX\3742\333\036\004Y\264yG^\234\177\214""; ledgerSeq: 36; type: liBASE; nodes {;   nodedata: ""\000\000\000$\001cEx]\211\377\330\212\2353k0\361\214ID\303g\277\010Y_\001~\021\333\370\255\374\\331\306\255\336)\365Rth\000\000\000\000\000\000\000\000\000\000\000\000\000\000\000\000\000\000\000\000\000\000\000\000\000\000\000\000\000\000\000\000x\335D\017#\237\342\330r\340y\030}\363\316y\332\323\242\006\255\226\376\rG\t\367n\331\205\323[/\351\253\032/\351\253""\n\000""; }; nodes {;   nodedata: ""\323C\344\327\264{\312-\017:\006{\177\344N\002\326bO\260\220\006\033\362\345\005U\221DzJ0\001\301\025%1L\307\t\261\262z\374\222T\301\274V\236\223\262\270Ct\362\337b\356\024*\324\320\351\317\002k\336\234\027v\351\217\260\303\360\233ZPZWr\246$w\313\313\r\243r\232\2234\373\3539:N\004Q\245\272D\312D\300\300\t\323\0257\345e\271\na\215{\226\255x%T\257\037\333\004\344_/R\006E\344\037@\210\363\010\336T\226\247'\204_{\261\370""1\235\2445\343\033Y!\212\201\341\272\225'\007\251\246\273\271$\352~\251\032\020\036N\371\354\363\003\242\231\266S\013(pm2\3271\035/\266\231u\013\003""; }; requestCookie: 3; ","ledgerHash: ""\024\t\300.M\315\321S\257\224\252\362\326P\316\303%nX\3742\333\036\004Y\264yG^\234\177\214""; ledgerSeq: 36; type: liBASE; nodes {;   nodedata: ""\000\000\000$\001cEx]\211\377\330\212\2353k0\361\214ID\303g\277\010Y_\001~\021\333\370\255\374\\331\306\255\336)\365Rth\000\000\000\000\000\000\000\000\000\000\000\000\000\000\000\000\000\000\000\000\000\000\000\000\000\000\000\000\000\000\000\000x\335D\017#\237\342\330r\340y\030}\363\316y\332\323\242\006\255\226\376\rG\t\367n\331\205\323[/\351\253\032/\351\253""\n\000""; }; nodes {;   nodedata: ""\323C\344\327\264{\312-\017:\006{\177\344N\002\326bO\260\220\006\033\362\345\005U\221DzJ0\001\301\025%1L\307\t\261\262z\374\222T\301\274V\236\223\262\270Ct\362\337b\356\024*\324\320\351\317\002k\336\234\027v\351\217\260\303\360\233ZPZWr\246$w\313\313\r\243r\232\2234\373\3539:N\004Q\245\272D\312D\300\300\t\323\0257\345e\271\na\215{\226\255x%T\257\037\333\004\344_/R\006E\344\037@\210\363\010\336T\226\247'\204_{\261\370""1\235\2445\343\033Y!\212\201\341\272\225'\007\251\246\273\271$\352~\251\032\020\036N\371\354\363\003\242\231\266S\013(pm2\3271\035/\266\231u\013\003""; }; requestCookie: 3; "
1750527648509,1750527648510,0,1,3,4,TMLedgerData,"ledgerHash: ""\024\t\300.M\315\321S\257\224\252\362\326P\316\303%nX\3742\333\036\004Y\264yG^\234\177\214""; ledgerSeq: 36; type: liAS_NODE; nodes {;   nodedata: ""\021\000h""\000\000\000\000 \033\000\000\000#\002\023\304\277\330\356GuH\375\327!\255\371\r\231\262R\256J\034\222\241\355X\265E\241^W\225\304\014\361CX-}\351f\032\255\274\334m\326c\017\014ao[\342\230\003\245\245\3341Hm\326^\017jy\335\261\032Yt\320\244{g\0306\\302\303*\341\215\223\257\364\277o\375\000r\241SOq\221\253\262\005\017\375T\356\014\360o'\030\311-\267\031\257!\031T\006><\315XM\334\324\345\034\000\325\367\240\271\013\265\024\321\362\354\211\250.\234s\225amc\305\035\366\276\037nD\277`\210\223N\3535\033\261\304f\331]\036\237\306o!\223\221\002\324\031\262\240R\177 ,\214\325\Q])\016\2067\277\t\354\010\000\360\215\2502\265\245\310\226\243c\302Ze\306\253#r\020\211\320iG\276\020E\317\035Sf\223F\254\033@\177e\277\016\010u\327\371&\262\312\317Q\2361t\377x\234\001v\003%\030\325_\225g\204\346a=\225\273\331\354\365*U\363\263N\367b\371\244\314-w\363\262\225Z\200\206\235\233\257?sE\2674\254\326mU\377?\177Ek\336\030!\316Aa\225\303\022\377{\210Y\226\271as\354L\035\004\341\361\035\301\024\220m#*\372\032\3178~\374\250\014*\323\342'z69\220\327\256\351G\367\317u\302\207\270b\315\333\333\334\310I\323&\014\352XZnW2.\335\347\202\021\247\362\212e\034\000\001\250\220\305;a\314\265R\310\017\317\331\235\360\262\240:\277\202\266\354\265X""\022\nh\252\352w\204\203\023]\001f\352\277\0031Q]\362\370R\350{\261\202\240\344\215\201\353\276\322p5p\350\354\017>\250r\241c\273\016\301\024\363\242\247\263\231\370\344\nBW\220K\316@3\243\200\036wk\253GSlU\010\360\231>\331\263H\214\324\030A\225\301o\346pkSF\004\241\213w9\223=\250\262*+\255\351r\265\244c\024\213\t\007`\223\325#\3477\210\345P\306\013\320\252[\0216+\227=`\371P\314\346 V7\271[~\n\237\274|\347\352@K\253~&\260\032\024\004B\200\255h\351\013\361\031:nG\211\005|\2003\266\274\251,W\006u\344\335d\003\306\212\313,\340\350bG\n\030Z\2732-\246\312\255\030\003\235207\005}D\260\0261ah\322M\304\216\273m0\271\234\237\007<w$\265C\245\232\033\023\313c\321B\032l\301h\005\320\252\301\361(\330[\343\357\343{\235\n\266g\272>\177\317\347\261qb&\270&\346ju\200\363N\320\307\004\034\001n\317\361\2653\254\2503\247\305\372\316W\022O\253x\250\025\373\247\354Tc\304\263\243^\352Gv\\264\261\r\035\226\306\2411\351\233\203\215\200$\231\300f\220\371c@\017\254\363\\371\340\340VaR\205~^\226\342t\360\022\204d\231\205)\272\364?\361!\334\331\315\254\230\rBG\314\023\246\244=\351\177\254\302b&\276+H;0\312\021&\275\036\237\350R\313\206R\331\304k\323u\263t\221\213yC\241\217A\242\027g\322\241'\212.E?B_\316\327\217J +\370\t^b\005\020\003\211\373\247|hC\271Nmk~J\270EU\274\036-\347\240\312FA\321\341bca\253\025\321\311\317\021\375\317\217\n\272\033o\353G>\275\361H\265\240\232um""\317\324`\214\221\314\000\211K\223+(""\200i \311\372g\254\343ZR0\224\275q\252\357\213\263\206N\357&Q\217\267\303\356I\236\357\264\311b\037\366\035\253\343\311\265\240\327q\206f\262ODi\215-\363>\034\236l\273\005G\316F\217}[\036\007\270:\260\335\271B\241N\345\330\204\327f\361\272Kb\0377p\334\264\237\177~\330]\252+:\317u\302h\n\351\n\364\231\277R\371\356\033y\265v\360Ny\246\332qY\262\231\251\n\305\334\202\305\362\n\367@k\231\016R:\327\242\366\242\253LZY\223$Gw^\203\302\311\316I7\371tTwp}\005|\372\214\251{R`\230V\244-\326I\351\255\325i\335\377\321\353\327\331\302\023\347y\016\263\271\317\306\017UV\314qu?\0064A\315{3D\010\016S\212\2353k0\361\214ID\303g\277\010Y_\001~\021\333\370\255\374\\331\306\255\336)\365Rth\264\227\2326\315\307\363\323\325\303\032N\256*\307\327 \235\332\207u\210\271\257\306g\231i*\260\326k\001"";   nodeid: ""\260\000\000\000\000\000\000\000\000\000\000\000\000\000\000\000\000\000\000\000\000\000\000\000\000\000\000\000\000\000\000\000\001""; }; ","ledgerHash: ""\024\t\300.M\315\321S\257\224\252\362\326P\316\303%nX\3742\333\036\004Y\264yG^\234\177\214""; ledgerSeq: 36; type: liAS_NODE; nodes {;   nodedata: ""\021\000h""\000\000\000\000 \033\000\000\000#\002\023\304\277\330\356GuH\375\327!\255\371\r\231\262R\256J\034\222\241\355X\265E\241^W\225\304\014\361CX-}\351f\032\255\274\334m\326c\017\014ao[\342\230\003\245\245\3341Hm\326^\017jy\335\261\032Yt\320\244{g\0306\\302\303*\341\215\223\257\364\277o\375\000r\241SOq\221\253\262\005\017\375T\356\014\360o'\030\311-\267\031\257!\031T\006><\315XM\334\324\345\034\000\325\367\240\271\013\265\024\321\362\354\211\250.\234s\225amc\305\035\366\276\037nD\277`\210\223N\3535\033\261\304f\331]\036\237\306o!\223\221\002\324\031\262\240R\177 ,\214\325\Q])\016\2067\277\t\354\010\000\360\215\2502\265\245\310\226\243c\302Ze\306\253#r\020\211\320iG\276\020E\317\035Sf\223F\254\033@\177e\277\016\010u\327\371&\262\312\317Q\2361t\377x\234\001v\003%\030\325_\225g\204\346a=\225\273\331\354\365*U\363\263N\367b\371\244\314-w\363\262\225Z\200\206\235\233\257?sE\2674\254\326mU\377?\177Ek\336\030!\316Aa\225\303\022\377{\210Y\226\271as\354L\035\004\341\361\035\301\024\220m#*\372\032\3178~\374\250\014*\323\342'z69\220\327\256\351G\367\317u\302\207\270b\315\333\333\334\310I\323&\014\352XZnW2.\335\347\202\021\247\362\212e\034\000\001\250\220\305;a\314\265R\310\017\317\331\235\360\262\240:\277\202\266\354\265X""\022\nh\252\352w\204\203\023]\001f\352\277\0031Q]\362\370R\350{\261\202\240\344\215\201\353\276\322p5p\350\354\017>\250r\241c\273\016\301\024\363\242\247\263\231\370\344\nBW\220K\316@3\243\200\036wk\253GSlU\010\360\231>\331\263H\214\324\030A\225\301o\346pkSF\004\241\213w9\223=\250\262*+\255\351r\265\244c\024\213\t\007`\223\325#\3477\210\345P\306\013\320\252[\0216+\227=`\371P\314\346 V7\271[~\n\237\274|\347\352@K\253~&\260\032\024\004B\200\255h\351\013\361\031:nG\211\005|\2003\266\274\251,W\006u\344\335d\003\306\212\313,\340\350bG\n\030Z\2732-\246\312\255\030\003\235207\005}D\260\0261ah\322M\304\216\273m0\271\234\237\007<w$\265C\245\232\033\023\313c\321B\032l\301h\005\320\252\301\361(\330[\343\357\343{\235\n\266g\272>\177\317\347\261qb&\270&\346ju\200\363N\320\307\004\034\001n\317\361\2653\254\2503\247\305\372\316W\022O\253x\250\025\373\247\354Tc\304\263\243^\352Gv\\264\261\r\035\226\306\2411\351\233\203\215\200$\231\300f\220\371c@\017\254\363\\371\340\340VaR\205~^\226\342t\360\022\204d\231\205)\272\364?\361!\334\331\315\254\230\rBG\314\023\246\244=\351\177\254\302b&\276+H;0\312\021&\275\036\237\350R\313\206R\331\304k\323u\263t\221\213yC\241\217A\242\027g\322\241'\212.E?B_\316\327\217J +\370\t^b\005\020\003\211\373\247|hC\271Nmk~J\270EU\274\036-\347\240\312FA\321\341bca\253\025\321\311\317\021\375\317\217\n\272\033o\353G>\275\361H\265\240\232um""\317\324`\214\221\314\000\211K\223+(""\200i \311\372g\254\343ZR0\224\275q\252\357\213\263\206N\357&Q\217\267\303\356I\236\357\264\311b\037\366\035\253\343\311\265\240\327q\206f\262ODi\215-\363>\034\236l\273\005G\316F\217}[\036\007\270:\260\335\271B\241N\345\330\204\327f\361\272Kb\0377p\334\264\237\177~\330]\252+:\317u\302h\n\351\n\364\231\277R\371\356\033y\265v\360Ny\246\332qY\262\231\251\n\305\334\202\305\362\n\367@k\231\016R:\327\242\366\242\253LZY\223$Gw^\203\302\311\316I7\371tTwp}\005|\372\214\251{R`\230V\244-\326I\351\255\325i\335\377\321\353\327\331\302\023\347y\016\263\271\317\306\017UV\314qu?\0064A\315{3D\010\016S\212\2353k0\361\214ID\303g\277\010Y_\001~\021\333\370\255\374\\331\306\255\336)\365Rth\264\227\2326\315\307\363\323\325\303\032N\256*\307\327 \235\332\207u\210\271\257\306g\231i*\260\326k\001"";   nodeid: ""\260\000\000\000\000\000\000\000\000\000\000\000\000\000\000\000\000\000\000\000\000\000\000\000\000\000\000\000\000\000\000\000\001""; }; "
1750527648510,1750527648510,0,1,3,4,TMLedgerData,"ledgerHash: ""\024\t\300.M\315\321S\257\224\252\362\326P\316\303%nX\3742\333\036\004Y\264yG^\234\177\214""; ledgerSeq: 36; type: liBASE; nodes {;   nodedata: ""\000\000\000$\001cEx]\211\377\330\212\2353k0\361\214ID\303g\277\010Y_\001~\021\333\370\255\374\\331\306\255\336)\365Rth\000\000\000\000\000\000\000\000\000\000\000\000\000\000\000\000\000\000\000\000\000\000\000\000\000\000\000\000\000\000\000\000x\335D\017#\237\342\330r\340y\030}\363\316y\332\323\242\006\255\226\376\rG\t\367n\331\205\323[/\351\253\032/\351\253""\n\000""; }; nodes {;   nodedata: ""\323C\344\327\264{\312-\017:\006{\177\344N\002\326bO\260\220\006\033\362\345\005U\221DzJ0\001\301\025%1L\307\t\261\262z\374\222T\301\274V\236\223\262\270Ct\362\337b\356\024*\324\320\351\317\002k\336\234\027v\351\217\260\303\360\233ZPZWr\246$w\313\313\r\243r\232\2234\373\3539:N\004Q\245\272D\312D\300\300\t\323\0257\345e\271\na\215{\226\255x%T\257\037\333\004\344_/R\006E\344\037@\210\363\010\336T\226\247'\204_{\261\370""1\235\2445\343\033Y!\212\201\341\272\225'\007\251\246\273\271$\352~\251\032\020\036N\371\354\363\003\242\231\266S\013(pm2\3271\035/\266\231u\013\003""; }; requestCookie: 2; ","ledgerHash: ""\024\t\300.M\315\321S\257\224\252\362\326P\316\303%nX\3742\333\036\004Y\264yG^\234\177\214""; ledgerSeq: 36; type: liBASE; nodes {;   nodedata: ""\000\000\000$\001cEx]\211\377\330\212\2353k0\361\214ID\303g\277\010Y_\001~\021\333\370\255\374\\331\306\255\336)\365Rth\000\000\000\000\000\000\000\000\000\000\000\000\000\000\000\000\000\000\000\000\000\000\000\000\000\000\000\000\000\000\000\000x\335D\017#\237\342\330r\340y\030}\363\316y\332\323\242\006\255\226\376\rG\t\367n\331\205\323[/\351\253\032/\351\253""\n\000""; }; nodes {;   nodedata: ""\323C\344\327\264{\312-\017:\006{\177\344N\002\326bO\260\220\006\033\362\345\005U\221DzJ0\001\301\025%1L\307\t\261\262z\374\222T\301\274V\236\223\262\270Ct\362\337b\356\024*\324\320\351\317\002k\336\234\027v\351\217\260\303\360\233ZPZWr\246$w\313\313\r\243r\232\2234\373\3539:N\004Q\245\272D\312D\300\300\t\323\0257\345e\271\na\215{\226\255x%T\257\037\333\004\344_/R\006E\344\037@\210\363\010\336T\226\247'\204_{\261\370""1\235\2445\343\033Y!\212\201\341\272\225'\007\251\246\273\271$\352~\251\032\020\036N\371\354\363\003\242\231\266S\013(pm2\3271\035/\266\231u\013\003""; }; requestCookie: 2; "
1750527648511,1750527648512,0,1,3,2,TMLedgerData,"ledgerHash: ""\024\t\300.M\315\321S\257\224\252\362\326P\316\303%nX\3742\333\036\004Y\264yG^\234\177\214""; ledgerSeq: 36; type: liAS_NODE; nodes {;   nodedata: ""\021\000h""\000\000\000\000 \033\000\000\000#\002\023\304\277\330\356GuH\375\327!\255\371\r\231\262R\256J\034\222\241\355X\265E\241^W\225\304\014\361CX-}\351f\032\255\274\334m\326c\017\014ao[\342\230\003\245\245\3341Hm\326^\017jy\335\261\032Yt\320\244{g\0306\\302\303*\341\215\223\257\364\277o\375\000r\241SOq\221\253\262\005\017\375T\356\014\360o'\030\311-\267\031\257!\031T\006><\315XM\334\324\345\034\000\325\367\240\271\013\265\024\321\362\354\211\250.\234s\225amc\305\035\366\276\037nD\277`\210\223N\3535\033\261\304f\331]\036\237\306o!\223\221\002\324\031\262\240R\177 ,\214\325\Q])\016\2067\277\t\354\010\000\360\215\2502\265\245\310\226\243c\302Ze\306\253#r\020\211\320iG\276\020E\317\035Sf\223F\254\033@\177e\277\016\010u\327\371&\262\312\317Q\2361t\377x\234\001v\003%\030\325_\225g\204\346a=\225\273\331\354\365*U\363\263N\367b\371\244\314-w\363\262\225Z\200\206\235\233\257?sE\2674\254\326mU\377?\177Ek\336\030!\316Aa\225\303\022\377{\210Y\226\271as\354L\035\004\341\361\035\301\024\220m#*\372\032\3178~\374\250\014*\323\342'z69\220\327\256\351G\367\317u\302\207\270b\315\333\333\334\310I\323&\014\352XZnW2.\335\347\202\021\247\362\212e\034\000\001\250\220\305;a\314\265R\310\017\317\331\235\360\262\240:\277\202\266\354\265X""\022\nh\252\352w\204\203\023]\001f\352\277\0031Q]\362\370R\350{\261\202\240\344\215\201\353\276\322p5p\350\354\017>\250r\241c\273\016\301\024\363\242\247\263\231\370\344\nBW\220K\316@3\243\200\036wk\253GSlU\010\360\231>\331\263H\214\324\030A\225\301o\346pkSF\004\241\213w9\223=\250\262*+\255\351r\265\244c\024\213\t\007`\223\325#\3477\210\345P\306\013\320\252[\0216+\227=`\371P\314\346 V7\271[~\n\237\274|\347\352@K\253~&\260\032\024\004B\200\255h\351\013\361\031:nG\211\005|\2003\266\274\251,W\006u\344\335d\003\306\212\313,\340\350bG\n\030Z\2732-\246\312\255\030\003\235207\005}D\260\0261ah\322M\304\216\273m0\271\234\237\007<w$\265C\245\232\033\023\313c\321B\032l\301h\005\320\252\301\361(\330[\343\357\343{\235\n\266g\272>\177\317\347\261qb&\270&\346ju\200\363N\320\307\004\034\001n\317\361\2653\254\2503\247\305\372\316W\022O\253x\250\025\373\247\354Tc\304\263\243^\352Gv\\264\261\r\035\226\306\2411\351\233\203\215\200$\231\300f\220\371c@\017\254\363\\371\340\340VaR\205~^\226\342t\360\022\204d\231\205)\272\364?\361!\334\331\315\254\230\rBG\314\023\246\244=\351\177\254\302b&\276+H;0\312\021&\275\036\237\350R\313\206R\331\304k\323u\263t\221\213yC\241\217A\242\027g\322\241'\212.E?B_\316\327\217J +\370\t^b\005\020\003\211\373\247|hC\271Nmk~J\270EU\274\036-\347\240\312FA\321\341bca\253\025\321\311\317\021\375\317\217\n\272\033o\353G>\275\361H\265\240\232um""\317\324`\214\221\314\000\211K\223+(""\200i \311\372g\254\343ZR0\224\275q\252\357\213\263\206N\357&Q\217\267\303\356I\236\357\264\311b\037\366\035\253\343\311\265\240\327q\206f\262ODi\215-\363>\034\236l\273\005G\316F\217}[\036\007\270:\260\335\271B\241N\345\330\204\327f\361\272Kb\0377p\334\264\237\177~\330]\252+:\317u\302h\n\351\n\364\231\277R\371\356\033y\265v\360Ny\246\332qY\262\231\251\n\305\334\202\305\362\n\367@k\231\016R:\327\242\366\242\253LZY\223$Gw^\203\302\311\316I7\371tTwp}\005|\372\214\251{R`\230V\244-\326I\351\255\325i\335\377\321\353\327\331\302\023\347y\016\263\271\317\306\017UV\314qu?\0064A\315{3D\010\016S\212\2353k0\361\214ID\303g\277\010Y_\001~\021\333\370\255\374\\331\306\255\336)\365Rth\264\227\2326\315\307\363\323\325\303\032N\256*\307\327 \235\332\207u\210\271\257\306g\231i*\260\326k\001"";   nodeid: ""\260\000\000\000\000\000\000\000\000\000\000\000\000\000\000\000\000\000\000\000\000\000\000\000\000\000\000\000\000\000\000\000\001""; }; ","ledgerHash: ""\024\t\300.M\315\321S\257\224\252\362\326P\316\303%nX\3742\333\036\004Y\264yG^\234\177\214""; ledgerSeq: 36; type: liAS_NODE; nodes {;   nodedata: ""\021\000h""\000\000\000\000 \033\000\000\000#\002\023\304\277\330\356GuH\375\327!\255\371\r\231\262R\256J\034\222\241\355X\265E\241^W\225\304\014\361CX-}\351f\032\255\274\334m\326c\017\014ao[\342\230\003\245\245\3341Hm\326^\017jy\335\261\032Yt\320\244{g\0306\\302\303*\341\215\223\257\364\277o\375\000r\241SOq\221\253\262\005\017\375T\356\014\360o'\030\311-\267\031\257!\031T\006><\315XM\334\324\345\034\000\325\367\240\271\013\265\024\321\362\354\211\250.\234s\225amc\305\035\366\276\037nD\277`\210\223N\3535\033\261\304f\331]\036\237\306o!\223\221\002\324\031\262\240R\177 ,\214\325\Q])\016\2067\277\t\354\010\000\360\215\2502\265\245\310\226\243c\302Ze\306\253#r\020\211\320iG\276\020E\317\035Sf\223F\254\033@\177e\277\016\010u\327\371&\262\312\317Q\2361t\377x\234\001v\003%\030\325_\225g\204\346a=\225\273\331\354\365*U\363\263N\367b\371\244\314-w\363\262\225Z\200\206\235\233\257?sE\2674\254\326mU\377?\177Ek\336\030!\316Aa\225\303\022\377{\210Y\226\271as\354L\035\004\341\361\035\301\024\220m#*\372\032\3178~\374\250\014*\323\342'z69\220\327\256\351G\367\317u\302\207\270b\315\333\333\334\310I\323&\014\352XZnW2.\335\347\202\021\247\362\212e\034\000\001\250\220\305;a\314\265R\310\017\317\331\235\360\262\240:\277\202\266\354\265X""\022\nh\252\352w\204\203\023]\001f\352\277\0031Q]\362\370R\350{\261\202\240\344\215\201\353\276\322p5p\350\354\017>\250r\241c\273\016\301\024\363\242\247\263\231\370\344\nBW\220K\316@3\243\200\036wk\253GSlU\010\360\231>\331\263H\214\324\030A\225\301o\346pkSF\004\241\213w9\223=\250\262*+\255\351r\265\244c\024\213\t\007`\223\325#\3477\210\345P\306\013\320\252[\0216+\227=`\371P\314\346 V7\271[~\n\237\274|\347\352@K\253~&\260\032\024\004B\200\255h\351\013\361\031:nG\211\005|\2003\266\274\251,W\006u\344\335d\003\306\212\313,\340\350bG\n\030Z\2732-\246\312\255\030\003\235207\005}D\260\0261ah\322M\304\216\273m0\271\234\237\007<w$\265C\245\232\033\023\313c\321B\032l\301h\005\320\252\301\361(\330[\343\357\343{\235\n\266g\272>\177\317\347\261qb&\270&\346ju\200\363N\320\307\004\034\001n\317\361\2653\254\2503\247\305\372\316W\022O\253x\250\025\373\247\354Tc\304\263\243^\352Gv\\264\261\r\035\226\306\2411\351\233\203\215\200$\231\300f\220\371c@\017\254\363\\371\340\340VaR\205~^\226\342t\360\022\204d\231\205)\272\364?\361!\334\331\315\254\230\rBG\314\023\246\244=\351\177\254\302b&\276+H;0\312\021&\275\036\237\350R\313\206R\331\304k\323u\263t\221\213yC\241\217A\242\027g\322\241'\212.E?B_\316\327\217J +\370\t^b\005\020\003\211\373\247|hC\271Nmk~J\270EU\274\036-\347\240\312FA\321\341bca\253\025\321\311\317\021\375\317\217\n\272\033o\353G>\275\361H\265\240\232um""\317\324`\214\221\314\000\211K\223+(""\200i \311\372g\254\343ZR0\224\275q\252\357\213\263\206N\357&Q\217\267\303\356I\236\357\264\311b\037\366\035\253\343\311\265\240\327q\206f\262ODi\215-\363>\034\236l\273\005G\316F\217}[\036\007\270:\260\335\271B\241N\345\330\204\327f\361\272Kb\0377p\334\264\237\177~\330]\252+:\317u\302h\n\351\n\364\231\277R\371\356\033y\265v\360Ny\246\332qY\262\231\251\n\305\334\202\305\362\n\367@k\231\016R:\327\242\366\242\253LZY\223$Gw^\203\302\311\316I7\371tTwp}\005|\372\214\251{R`\230V\244-\326I\351\255\325i\335\377\321\353\327\331\302\023\347y\016\263\271\317\306\017UV\314qu?\0064A\315{3D\010\016S\212\2353k0\361\214ID\303g\277\010Y_\001~\021\333\370\255\374\\331\306\255\336)\365Rth\264\227\2326\315\307\363\323\325\303\032N\256*\307\327 \235\332\207u\210\271\257\306g\231i*\260\326k\001"";   nodeid: ""\260\000\000\000\000\000\000\000\000\000\000\000\000\000\000\000\000\000\000\000\000\000\000\000\000\000\000\000\000\000\000\000\001""; }; "
1750527648512,1750527648512,0,1,2,4,TMLedgerData,"ledgerHash: ""\024\t\300.M\315\321S\257\224\252\362\326P\316\303%nX\3742\333\036\004Y\264yG^\234\177\214""; ledgerSeq: 36; type: liBASE; nodes {;   nodedata: ""\000\000\000$\001cEx]\211\377\330\212\2353k0\361\214ID\303g\277\010Y_\001~\021\333\370\255\374\\331\306\255\336)\365Rth\000\000\000\000\000\000\000\000\000\000\000\000\000\000\000\000\000\000\000\000\000\000\000\000\000\000\000\000\000\000\000\000x\335D\017#\237\342\330r\340y\030}\363\316y\332\323\242\006\255\226\376\rG\t\367n\331\205\323[/\351\253\032/\351\253""\n\000""; }; nodes {;   nodedata: ""\323C\344\327\264{\312-\017:\006{\177\344N\002\326bO\260\220\006\033\362\345\005U\221DzJ0\001\301\025%1L\307\t\261\262z\374\222T\301\274V\236\223\262\270Ct\362\337b\356\024*\324\320\351\317\002k\336\234\027v\351\217\260\303\360\233ZPZWr\246$w\313\313\r\243r\232\2234\373\3539:N\004Q\245\272D\312D\300\300\t\323\0257\345e\271\na\215{\226\255x%T\257\037\333\004\344_/R\006E\344\037@\210\363\010\336T\226\247'\204_{\261\370""1\235\2445\343\033Y!\212\201\341\272\225'\007\251\246\273\271$\352~\251\032\020\036N\371\354\363\003\242\231\266S\013(pm2\3271\035/\266\231u\013\003""; }; ","ledgerHash: ""\024\t\300.M\315\321S\257\224\252\362\326P\316\303%nX\3742\333\036\004Y\264yG^\234\177\214""; ledgerSeq: 36; type: liBASE; nodes {;   nodedata: ""\000\000\000$\001cEx]\211\377\330\212\2353k0\361\214ID\303g\277\010Y_\001~\021\333\370\255\374\\331\306\255\336)\365Rth\000\000\000\000\000\000\000\000\000\000\000\000\000\000\000\000\000\000\000\000\000\000\000\000\000\000\000\000\000\000\000\000x\335D\017#\237\342\330r\340y\030}\363\316y\332\323\242\006\255\226\376\rG\t\367n\331\205\323[/\351\253\032/\351\253""\n\000""; }; nodes {;   nodedata: ""\323C\344\327\264{\312-\017:\006{\177\344N\002\326bO\260\220\006\033\362\345\005U\221DzJ0\001\301\025%1L\307\t\261\262z\374\222T\301\274V\236\223\262\270Ct\362\337b\356\024*\324\320\351\317\002k\336\234\027v\351\217\260\303\360\233ZPZWr\246$w\313\313\r\243r\232\2234\373\3539:N\004Q\245\272D\312D\300\300\t\323\0257\345e\271\na\215{\226\255x%T\257\037\333\004\344_/R\006E\344\037@\210\363\010\336T\226\247'\204_{\261\370""1\235\2445\343\033Y!\212\201\341\272\225'\007\251\246\273\271$\352~\251\032\020\036N\371\354\363\003\242\231\266S\013(pm2\3271\035/\266\231u\013\003""; }; "
1750527648513,1750527648513,0,1,3,2,TMLedgerData,"ledgerHash: ""\024\t\300.M\315\321S\257\224\252\362\326P\316\303%nX\3742\333\036\004Y\264yG^\234\177\214""; ledgerSeq: 36; type: liBASE; nodes {;   nodedata: ""\000\000\000$\001cEx]\211\377\330\212\2353k0\361\214ID\303g\277\010Y_\001~\021\333\370\255\374\\331\306\255\336)\365Rth\000\000\000\000\000\000\000\000\000\000\000\000\000\000\000\000\000\000\000\000\000\000\000\000\000\000\000\000\000\000\000\000x\335D\017#\237\342\330r\340y\030}\363\316y\332\323\242\006\255\226\376\rG\t\367n\331\205\323[/\351\253\032/\351\253""\n\000""; }; nodes {;   nodedata: ""\323C\344\327\264{\312-\017:\006{\177\344N\002\326bO\260\220\006\033\362\345\005U\221DzJ0\001\301\025%1L\307\t\261\262z\374\222T\301\274V\236\223\262\270Ct\362\337b\356\024*\324\320\351\317\002k\336\234\027v\351\217\260\303\360\233ZPZWr\246$w\313\313\r\243r\232\2234\373\3539:N\004Q\245\272D\312D\300\300\t\323\0257\345e\271\na\215{\226\255x%T\257\037\333\004\344_/R\006E\344\037@\210\363\010\336T\226\247'\204_{\261\370""1\235\2445\343\033Y!\212\201\341\272\225'\007\251\246\273\271$\352~\251\032\020\036N\371\354\363\003\242\231\266S\013(pm2\3271\035/\266\231u\013\003""; }; requestCookie: 2; ","ledgerHash: ""\024\t\300.M\315\321S\257\224\252\362\326P\316\303%nX\3742\333\036\004Y\264yG^\234\177\214""; ledgerSeq: 36; type: liBASE; nodes {;   nodedata: ""\000\000\000$\001cEx]\211\377\330\212\2353k0\361\214ID\303g\277\010Y_\001~\021\333\370\255\374\\331\306\255\336)\365Rth\000\000\000\000\000\000\000\000\000\000\000\000\000\000\000\000\000\000\000\000\000\000\000\000\000\000\000\000\000\000\000\000x\335D\017#\237\342\330r\340y\030}\363\316y\332\323\242\006\255\226\376\rG\t\367n\331\205\323[/\351\253\032/\351\253""\n\000""; }; nodes {;   nodedata: ""\323C\344\327\264{\312-\017:\006{\177\344N\002\326bO\260\220\006\033\362\345\005U\221DzJ0\001\301\025%1L\307\t\261\262z\374\222T\301\274V\236\223\262\270Ct\362\337b\356\024*\324\320\351\317\002k\336\234\027v\351\217\260\303\360\233ZPZWr\246$w\313\313\r\243r\232\2234\373\3539:N\004Q\245\272D\312D\300\300\t\323\0257\345e\271\na\215{\226\255x%T\257\037\333\004\344_/R\006E\344\037@\210\363\010\336T\226\247'\204_{\261\370""1\235\2445\343\033Y!\212\201\341\272\225'\007\251\246\273\271$\352~\251\032\020\036N\371\354\363\003\242\231\266S\013(pm2\3271\035/\266\231u\013\003""; }; requestCookie: 2; "
1750527648514,1750527648514,0,1,3,1,TMLedgerData,"ledgerHash: ""\024\t\300.M\315\321S\257\224\252\362\326P\316\303%nX\3742\333\036\004Y\264yG^\234\177\214""; ledgerSeq: 36; type: liBASE; nodes {;   nodedata: ""\000\000\000$\001cEx]\211\377\330\212\2353k0\361\214ID\303g\277\010Y_\001~\021\333\370\255\374\\331\306\255\336)\365Rth\000\000\000\000\000\000\000\000\000\000\000\000\000\000\000\000\000\000\000\000\000\000\000\000\000\000\000\000\000\000\000\000x\335D\017#\237\342\330r\340y\030}\363\316y\332\323\242\006\255\226\376\rG\t\367n\331\205\323[/\351\253\032/\351\253""\n\000""; }; nodes {;   nodedata: ""\323C\344\327\264{\312-\017:\006{\177\344N\002\326bO\260\220\006\033\362\345\005U\221DzJ0\001\301\025%1L\307\t\261\262z\374\222T\301\274V\236\223\262\270Ct\362\337b\356\024*\324\320\351\317\002k\336\234\027v\351\217\260\303\360\233ZPZWr\246$w\313\313\r\243r\232\2234\373\3539:N\004Q\245\272D\312D\300\300\t\323\0257\345e\271\na\215{\226\255x%T\257\037\333\004\344_/R\006E\344\037@\210\363\010\336T\226\247'\204_{\261\370""1\235\2445\343\033Y!\212\201\341\272\225'\007\251\246\273\271$\352~\251\032\020\036N\371\354\363\003\242\231\266S\013(pm2\3271\035/\266\231u\013\003""; }; requestCookie: 3; ","ledgerHash: ""\024\t\300.M\315\321S\257\224\252\362\326P\316\303%nX\3742\333\036\004Y\264yG^\234\177\214""; ledgerSeq: 36; type: liBASE; nodes {;   nodedata: ""\000\000\000$\001cEx]\211\377\330\212\2353k0\361\214ID\303g\277\010Y_\001~\021\333\370\255\374\\331\306\255\336)\365Rth\000\000\000\000\000\000\000\000\000\000\000\000\000\000\000\000\000\000\000\000\000\000\000\000\000\000\000\000\000\000\000\000x\335D\017#\237\342\330r\340y\030}\363\316y\332\323\242\006\255\226\376\rG\t\367n\331\205\323[/\351\253\032/\351\253""\n\000""; }; nodes {;   nodedata: ""\323C\344\327\264{\312-\017:\006{\177\344N\002\326bO\260\220\006\033\362\345\005U\221DzJ0\001\301\025%1L\307\t\261\262z\374\222T\301\274V\236\223\262\270Ct\362\337b\356\024*\324\320\351\317\002k\336\234\027v\351\217\260\303\360\233ZPZWr\246$w\313\313\r\243r\232\2234\373\3539:N\004Q\245\272D\312D\300\300\t\323\0257\345e\271\na\215{\226\255x%T\257\037\333\004\344_/R\006E\344\037@\210\363\010\336T\226\247'\204_{\261\370""1\235\2445\343\033Y!\212\201\341\272\225'\007\251\246\273\271$\352~\251\032\020\036N\371\354\363\003\242\231\266S\013(pm2\3271\035/\266\231u\013\003""; }; requestCookie: 3; "
1750527648514,1750527648515,0,1,3,1,TMLedgerData,"ledgerHash: ""\024\t\300.M\315\321S\257\224\252\362\326P\316\303%nX\3742\333\036\004Y\264yG^\234\177\214""; ledgerSeq: 36; type: liBASE; nodes {;   nodedata: ""\000\000\000$\001cEx]\211\377\330\212\2353k0\361\214ID\303g\277\010Y_\001~\021\333\370\255\374\\331\306\255\336)\365Rth\000\000\000\000\000\000\000\000\000\000\000\000\000\000\000\000\000\000\000\000\000\000\000\000\000\000\000\000\000\000\000\000x\335D\017#\237\342\330r\340y\030}\363\316y\332\323\242\006\255\226\376\rG\t\367n\331\205\323[/\351\253\032/\351\253""\n\000""; }; nodes {;   nodedata: ""\323C\344\327\264{\312-\017:\006{\177\344N\002\326bO\260\220\006\033\362\345\005U\221DzJ0\001\301\025%1L\307\t\261\262z\374\222T\301\274V\236\223\262\270Ct\362\337b\356\024*\324\320\351\317\002k\336\234\027v\351\217\260\303\360\233ZPZWr\246$w\313\313\r\243r\232\2234\373\3539:N\004Q\245\272D\312D\300\300\t\323\0257\345e\271\na\215{\226\255x%T\257\037\333\004\344_/R\006E\344\037@\210\363\010\336T\226\247'\204_{\261\370""1\235\2445\343\033Y!\212\201\341\272\225'\007\251\246\273\271$\352~\251\032\020\036N\371\354\363\003\242\231\266S\013(pm2\3271\035/\266\231u\013\003""; }; requestCookie: 5; ","ledgerHash: ""\024\t\300.M\315\321S\257\224\252\362\326P\316\303%nX\3742\333\036\004Y\264yG^\234\177\214""; ledgerSeq: 36; type: liBASE; nodes {;   nodedata: ""\000\000\000$\001cEx]\211\377\330\212\2353k0\361\214ID\303g\277\010Y_\001~\021\333\370\255\374\\331\306\255\336)\365Rth\000\000\000\000\000\000\000\000\000\000\000\000\000\000\000\000\000\000\000\000\000\000\000\000\000\000\000\000\000\000\000\000x\335D\017#\237\342\330r\340y\030}\363\316y\332\323\242\006\255\226\376\rG\t\367n\331\205\323[/\351\253\032/\351\253""\n\000""; }; nodes {;   nodedata: ""\323C\344\327\264{\312-\017:\006{\177\344N\002\326bO\260\220\006\033\362\345\005U\221DzJ0\001\301\025%1L\307\t\261\262z\374\222T\301\274V\236\223\262\270Ct\362\337b\356\024*\324\320\351\317\002k\336\234\027v\351\217\260\303\360\233ZPZWr\246$w\313\313\r\243r\232\2234\373\3539:N\004Q\245\272D\312D\300\300\t\323\0257\345e\271\na\215{\226\255x%T\257\037\333\004\344_/R\006E\344\037@\210\363\010\336T\226\247'\204_{\261\370""1\235\2445\343\033Y!\212\201\341\272\225'\007\251\246\273\271$\352~\251\032\020\036N\371\354\363\003\242\231\266S\013(pm2\3271\035/\266\231u\013\003""; }; requestCookie: 5; "
1750527648515,1750527648516,0,1,3,1,TMLedgerData,"ledgerHash: ""\024\t\300.M\315\321S\257\224\252\362\326P\316\303%nX\3742\333\036\004Y\264yG^\234\177\214""; ledgerSeq: 36; type: liBASE; nodes {;   nodedata: ""\000\000\000$\001cEx]\211\377\330\212\2353k0\361\214ID\303g\277\010Y_\001~\021\333\370\255\374\\331\306\255\336)\365Rth\000\000\000\000\000\000\000\000\000\000\000\000\000\000\000\000\000\000\000\000\000\000\000\000\000\000\000\000\000\000\000\000x\335D\017#\237\342\330r\340y\030}\363\316y\332\323\242\006\255\226\376\rG\t\367n\331\205\323[/\351\253\032/\351\253""\n\000""; }; nodes {;   nodedata: ""\323C\344\327\264{\312-\017:\006{\177\344N\002\326bO\260\220\006\033\362\345\005U\221DzJ0\001\301\025%1L\307\t\261\262z\374\222T\301\274V\236\223\262\270Ct\362\337b\356\024*\324\320\351\317\002k\336\234\027v\351\217\260\303\360\233ZPZWr\246$w\313\313\r\243r\232\2234\373\3539:N\004Q\245\272D\312D\300\300\t\323\0257\345e\271\na\215{\226\255x%T\257\037\333\004\344_/R\006E\344\037@\210\363\010\336T\226\247'\204_{\261\370""1\235\2445\343\033Y!\212\201\341\272\225'\007\251\246\273\271$\352~\251\032\020\036N\371\354\363\003\242\231\266S\013(pm2\3271\035/\266\231u\013\003""; }; requestCookie: 2; ","ledgerHash: ""\024\t\300.M\315\321S\257\224\252\362\326P\316\303%nX\3742\333\036\004Y\264yG^\234\177\214""; ledgerSeq: 36; type: liBASE; nodes {;   nodedata: ""\000\000\000$\001cEx]\211\377\330\212\2353k0\361\214ID\303g\277\010Y_\001~\021\333\370\255\374\\331\306\255\336)\365Rth\000\000\000\000\000\000\000\000\000\000\000\000\000\000\000\000\000\000\000\000\000\000\000\000\000\000\000\000\000\000\000\000x\335D\017#\237\342\330r\340y\030}\363\316y\332\323\242\006\255\226\376\rG\t\367n\331\205\323[/\351\253\032/\351\253""\n\000""; }; nodes {;   nodedata: ""\323C\344\327\264{\312-\017:\006{\177\344N\002\326bO\260\220\006\033\362\345\005U\221DzJ0\001\301\025%1L\307\t\261\262z\374\222T\301\274V\236\223\262\270Ct\362\337b\356\024*\324\320\351\317\002k\336\234\027v\351\217\260\303\360\233ZPZWr\246$w\313\313\r\243r\232\2234\373\3539:N\004Q\245\272D\312D\300\300\t\323\0257\345e\271\na\215{\226\255x%T\257\037\333\004\344_/R\006E\344\037@\210\363\010\336T\226\247'\204_{\261\370""1\235\2445\343\033Y!\212\201\341\272\225'\007\251\246\273\271$\352~\251\032\020\036N\371\354\363\003\242\231\266S\013(pm2\3271\035/\266\231u\013\003""; }; requestCookie: 2; "
1750527648516,1750527648516,0,1,3,0,TMLedgerData,"ledgerHash: ""\024\t\300.M\315\321S\257\224\252\362\326P\316\303%nX\3742\333\036\004Y\264yG^\234\177\214""; ledgerSeq: 36; type: liBASE; nodes {;   nodedata: ""\000\000\000$\001cEx]\211\377\330\212\2353k0\361\214ID\303g\277\010Y_\001~\021\333\370\255\374\\331\306\255\336)\365Rth\000\000\000\000\000\000\000\000\000\000\000\000\000\000\000\000\000\000\000\000\000\000\000\000\000\000\000\000\000\000\000\000x\335D\017#\237\342\330r\340y\030}\363\316y\332\323\242\006\255\226\376\rG\t\367n\331\205\323[/\351\253\032/\351\253""\n\000""; }; nodes {;   nodedata: ""\323C\344\327\264{\312-\017:\006{\177\344N\002\326bO\260\220\006\033\362\345\005U\221DzJ0\001\301\025%1L\307\t\261\262z\374\222T\301\274V\236\223\262\270Ct\362\337b\356\024*\324\320\351\317\002k\336\234\027v\351\217\260\303\360\233ZPZWr\246$w\313\313\r\243r\232\2234\373\3539:N\004Q\245\272D\312D\300\300\t\323\0257\345e\271\na\215{\226\255x%T\257\037\333\004\344_/R\006E\344\037@\210\363\010\336T\226\247'\204_{\261\370""1\235\2445\343\033Y!\212\201\341\272\225'\007\251\246\273\271$\352~\251\032\020\036N\371\354\363\003\242\231\266S\013(pm2\3271\035/\266\231u\013\003""; }; requestCookie: 3; ","ledgerHash: ""\024\t\300.M\315\321S\257\224\252\362\326P\316\303%nX\3742\333\036\004Y\264yG^\234\177\214""; ledgerSeq: 36; type: liBASE; nodes {;   nodedata: ""\000\000\000$\001cEx]\211\377\330\212\2353k0\361\214ID\303g\277\010Y_\001~\021\333\370\255\374\\331\306\255\336)\365Rth\000\000\000\000\000\000\000\000\000\000\000\000\000\000\000\000\000\000\000\000\000\000\000\000\000\000\000\000\000\000\000\000x\335D\017#\237\342\330r\340y\030}\363\316y\332\323\242\006\255\226\376\rG\t\367n\331\205\323[/\351\253\032/\351\253""\n\000""; }; nodes {;   nodedata: ""\323C\344\327\264{\312-\017:\006{\177\344N\002\326bO\260\220\006\033\362\345\005U\221DzJ0\001\301\025%1L\307\t\261\262z\374\222T\301\274V\236\223\262\270Ct\362\337b\356\024*\324\320\351\317\002k\336\234\027v\351\217\260\303\360\233ZPZWr\246$w\313\313\r\243r\232\2234\373\3539:N\004Q\245\272D\312D\300\300\t\323\0257\345e\271\na\215{\226\255x%T\257\037\333\004\344_/R\006E\344\037@\210\363\010\336T\226\247'\204_{\261\370""1\235\2445\343\033Y!\212\201\341\272\225'\007\251\246\273\271$\352~\251\032\020\036N\371\354\363\003\242\231\266S\013(pm2\3271\035/\266\231u\013\003""; }; requestCookie: 3; "
1750527648517,1750527648517,0,1,3,0,TMLedgerData,"ledgerHash: ""\024\t\300.M\315\321S\257\224\252\362\326P\316\303%nX\3742\333\036\004Y\264yG^\234\177\214""; ledgerSeq: 36; type: liBASE; nodes {;   nodedata: ""\000\000\000$\001cEx]\211\377\330\212\2353k0\361\214ID\303g\277\010Y_\001~\021\333\370\255\374\\331\306\255\336)\365Rth\000\000\000\000\000\000\000\000\000\000\000\000\000\000\000\000\000\000\000\000\000\000\000\000\000\000\000\000\000\000\000\000x\335D\017#\237\342\330r\340y\030}\363\316y\332\323\242\006\255\226\376\rG\t\367n\331\205\323[/\351\253\032/\351\253""\n\000""; }; nodes {;   nodedata: ""\323C\344\327\264{\312-\017:\006{\177\344N\002\326bO\260\220\006\033\362\345\005U\221DzJ0\001\301\025%1L\307\t\261\262z\374\222T\301\274V\236\223\262\270Ct\362\337b\356\024*\324\320\351\317\002k\336\234\027v\351\217\260\303\360\233ZPZWr\246$w\313\313\r\243r\232\2234\373\3539:N\004Q\245\272D\312D\300\300\t\323\0257\345e\271\na\215{\226\255x%T\257\037\333\004\344_/R\006E\344\037@\210\363\010\336T\226\247'\204_{\261\370""1\235\2445\343\033Y!\212\201\341\272\225'\007\251\246\273\271$\352~\251\032\020\036N\371\354\363\003\242\231\266S\013(pm2\3271\035/\266\231u\013\003""; }; requestCookie: 5; ","ledgerHash: ""\024\t\300.M\315\321S\257\224\252\362\326P\316\303%nX\3742\333\036\004Y\264yG^\234\177\214""; ledgerSeq: 36; type: liBASE; nodes {;   nodedata: ""\000\000\000$\001cEx]\211\377\330\212\2353k0\361\214ID\303g\277\010Y_\001~\021\333\370\255\374\\331\306\255\336)\365Rth\000\000\000\000\000\000\000\000\000\000\000\000\000\000\000\000\000\000\000\000\000\000\000\000\000\000\000\000\000\000\000\000x\335D\017#\237\342\330r\340y\030}\363\316y\332\323\242\006\255\226\376\rG\t\367n\331\205\323[/\351\253\032/\351\253""\n\000""; }; nodes {;   nodedata: ""\323C\344\327\264{\312-\017:\006{\177\344N\002\326bO\260\220\006\033\362\345\005U\221DzJ0\001\301\025%1L\307\t\261\262z\374\222T\301\274V\236\223\262\270Ct\362\337b\356\024*\324\320\351\317\002k\336\234\027v\351\217\260\303\360\233ZPZWr\246$w\313\313\r\243r\232\2234\373\3539:N\004Q\245\272D\312D\300\300\t\323\0257\345e\271\na\215{\226\255x%T\257\037\333\004\344_/R\006E\344\037@\210\363\010\336T\226\247'\204_{\261\370""1\235\2445\343\033Y!\212\201\341\272\225'\007\251\246\273\271$\352~\251\032\020\036N\371\354\363\003\242\231\266S\013(pm2\3271\035/\266\231u\013\003""; }; requestCookie: 5; "
1750527648518,1750527648518,0,1,3,0,TMLedgerData,"ledgerHash: ""\024\t\300.M\315\321S\257\224\252\362\326P\316\303%nX\3742\333\036\004Y\264yG^\234\177\214""; ledgerSeq: 36; type: liBASE; nodes {;   nodedata: ""\000\000\000$\001cEx]\211\377\330\212\2353k0\361\214ID\303g\277\010Y_\001~\021\333\370\255\374\\331\306\255\336)\365Rth\000\000\000\000\000\000\000\000\000\000\000\000\000\000\000\000\000\000\000\000\000\000\000\000\000\000\000\000\000\000\000\000x\335D\017#\237\342\330r\340y\030}\363\316y\332\323\242\006\255\226\376\rG\t\367n\331\205\323[/\351\253\032/\351\253""\n\000""; }; nodes {;   nodedata: ""\323C\344\327\264{\312-\017:\006{\177\344N\002\326bO\260\220\006\033\362\345\005U\221DzJ0\001\301\025%1L\307\t\261\262z\374\222T\301\274V\236\223\262\270Ct\362\337b\356\024*\324\320\351\317\002k\336\234\027v\351\217\260\303\360\233ZPZWr\246$w\313\313\r\243r\232\2234\373\3539:N\004Q\245\272D\312D\300\300\t\323\0257\345e\271\na\215{\226\255x%T\257\037\333\004\344_/R\006E\344\037@\210\363\010\336T\226\247'\204_{\261\370""1\235\2445\343\033Y!\212\201\341\272\225'\007\251\246\273\271$\352~\251\032\020\036N\371\354\363\003\242\231\266S\013(pm2\3271\035/\266\231u\013\003""; }; requestCookie: 2; ","ledgerHash: ""\024\t\300.M\315\321S\257\224\252\362\326P\316\303%nX\3742\333\036\004Y\264yG^\234\177\214""; ledgerSeq: 36; type: liBASE; nodes {;   nodedata: ""\000\000\000$\001cEx]\211\377\330\212\2353k0\361\214ID\303g\277\010Y_\001~\021\333\370\255\374\\331\306\255\336)\365Rth\000\000\000\000\000\000\000\000\000\000\000\000\000\000\000\000\000\000\000\000\000\000\000\000\000\000\000\000\000\000\000\000x\335D\017#\237\342\330r\340y\030}\363\316y\332\323\242\006\255\226\376\rG\t\367n\331\205\323[/\351\253\032/\351\253""\n\000""; }; nodes {;   nodedata: ""\323C\344\327\264{\312-\017:\006{\177\344N\002\326bO\260\220\006\033\362\345\005U\221DzJ0\001\301\025%1L\307\t\261\262z\374\222T\301\274V\236\223\262\270Ct\362\337b\356\024*\324\320\351\317\002k\336\234\027v\351\217\260\303\360\233ZPZWr\246$w\313\313\r\243r\232\2234\373\3539:N\004Q\245\272D\312D\300\300\t\323\0257\345e\271\na\215{\226\255x%T\257\037\333\004\344_/R\006E\344\037@\210\363\010\336T\226\247'\204_{\261\370""1\235\2445\343\033Y!\212\201\341\272\225'\007\251\246\273\271$\352~\251\032\020\036N\371\354\363\003\242\231\266S\013(pm2\3271\035/\266\231u\013\003""; }; requestCookie: 2; "
1750527648518,1750527648519,0,1,4,0,TMLedgerData,"ledgerHash: ""\024\t\300.M\315\321S\257\224\252\362\326P\316\303%nX\3742\333\036\004Y\264yG^\234\177\214""; ledgerSeq: 36; type: liBASE; nodes {;   nodedata: ""\000\000\000$\001cEx]\211\377\330\212\2353k0\361\214ID\303g\277\010Y_\001~\021\333\370\255\374\\331\306\255\336)\365Rth\000\000\000\000\000\000\000\000\000\000\000\000\000\000\000\000\000\000\000\000\000\000\000\000\000\000\000\000\000\000\000\000x\335D\017#\237\342\330r\340y\030}\363\316y\332\323\242\006\255\226\376\rG\t\367n\331\205\323[/\351\253\032/\351\253""\n\000""; }; nodes {;   nodedata: ""\323C\344\327\264{\312-\017:\006{\177\344N\002\326bO\260\220\006\033\362\345\005U\221DzJ0\001\301\025%1L\307\t\261\262z\374\222T\301\274V\236\223\262\270Ct\362\337b\356\024*\324\320\351\317\002k\336\234\027v\351\217\260\303\360\233ZPZWr\246$w\313\313\r\243r\232\2234\373\3539:N\004Q\245\272D\312D\300\300\t\323\0257\345e\271\na\215{\226\255x%T\257\037\333\004\344_/R\006E\344\037@\210\363\010\336T\226\247'\204_{\261\370""1\235\2445\343\033Y!\212\201\341\272\225'\007\251\246\273\271$\352~\251\032\020\036N\371\354\363\003\242\231\266S\013(pm2\3271\035/\266\231u\013\003""; }; ","ledgerHash: ""\024\t\300.M\315\321S\257\224\252\362\326P\316\303%nX\3742\333\036\004Y\264yG^\234\177\214""; ledgerSeq: 36; type: liBASE; nodes {;   nodedata: ""\000\000\000$\001cEx]\211\377\330\212\2353k0\361\214ID\303g\277\010Y_\001~\021\333\370\255\374\\331\306\255\336)\365Rth\000\000\000\000\000\000\000\000\000\000\000\000\000\000\000\000\000\000\000\000\000\000\000\000\000\000\000\000\000\000\000\000x\335D\017#\237\342\330r\340y\030}\363\316y\332\323\242\006\255\226\376\rG\t\367n\331\205\323[/\351\253\032/\351\253""\n\000""; }; nodes {;   nodedata: ""\323C\344\327\264{\312-\017:\006{\177\344N\002\326bO\260\220\006\033\362\345\005U\221DzJ0\001\301\025%1L\307\t\261\262z\374\222T\301\274V\236\223\262\270Ct\362\337b\356\024*\324\320\351\317\002k\336\234\027v\351\217\260\303\360\233ZPZWr\246$w\313\313\r\243r\232\2234\373\3539:N\004Q\245\272D\312D\300\300\t\323\0257\345e\271\na\215{\226\255x%T\257\037\333\004\344_/R\006E\344\037@\210\363\010\336T\226\247'\204_{\261\370""1\235\2445\343\033Y!\212\201\341\272\225'\007\251\246\273\271$\352~\251\032\020\036N\371\354\363\003\242\231\266S\013(pm2\3271\035/\266\231u\013\003""; }; "
1750527648520,1750527648521,0,1,3,0,TMLedgerData,"ledgerHash: ""\024\t\300.M\315\321S\257\224\252\362\326P\316\303%nX\3742\333\036\004Y\264yG^\234\177\214""; ledgerSeq: 36; type: liAS_NODE; nodes {;   nodedata: ""\021\000h""\000\000\000\000 \033\000\000\000#\002\023\304\277\330\356GuH\375\327!\255\371\r\231\262R\256J\034\222\241\355X\265E\241^W\225\304\014\361CX-}\351f\032\255\274\334m\326c\017\014ao[\342\230\003\245\245\3341Hm\326^\017jy\335\261\032Yt\320\244{g\0306\\302\303*\341\215\223\257\364\277o\375\000r\241SOq\221\253\262\005\017\375T\356\014\360o'\030\311-\267\031\257!\031T\006><\315XM\334\324\345\034\000\325\367\240\271\013\265\024\321\362\354\211\250.\234s\225amc\305\035\366\276\037nD\277`\210\223N\3535\033\261\304f\331]\036\237\306o!\223\221\002\324\031\262\240R\177 ,\214\325\Q])\016\2067\277\t\354\010\000\360\215\2502\265\245\310\226\243c\302Ze\306\253#r\020\211\320iG\276\020E\317\035Sf\223F\254\033@\177e\277\016\010u\327\371&\262\312\317Q\2361t\377x\234\001v\003%\030\325_\225g\204\346a=\225\273\331\354\365*U\363\263N\367b\371\244\314-w\363\262\225Z\200\206\235\233\257?sE\2674\254\326mU\377?\177Ek\336\030!\316Aa\225\303\022\377{\210Y\226\271as\354L\035\004\341\361\035\301\024\220m#*\372\032\3178~\374\250\014*\323\342'z69\220\327\256\351G\367\317u\302\207\270b\315\333\333\334\310I\323&\014\352XZnW2.\335\347\202\021\247\362\212e\034\000\001\250\220\305;a\314\265R\310\017\317\331\235\360\262\240:\277\202\266\354\265X""\022\nh\252\352w\204\203\023]\001f\352\277\0031Q]\362\370R\350{\261\202\240\344\215\201\353\276\322p5p\350\354\017>\250r\241c\273\016\301\024\363\242\247\263\231\370\344\nBW\220K\316@3\243\200\036wk\253GSlU\010\360\231>\331\263H\214\324\030A\225\301o\346pkSF\004\241\213w9\223=\250\262*+\255\351r\265\244c\024\213\t\007`\223\325#\3477\210\345P\306\013\320\252[\0216+\227=`\371P\314\346 V7\271[~\n\237\274|\347\352@K\253~&\260\032\024\004B\200\255h\351\013\361\031:nG\211\005|\2003\266\274\251,W\006u\344\335d\003\306\212\313,\340\350bG\n\030Z\2732-\246\312\255\030\003\235207\005}D\260\0261ah\322M\304\216\273m0\271\234\237\007<w$\265C\245\232\033\023\313c\321B\032l\301h\005\320\252\301\361(\330[\343\357\343{\235\n\266g\272>\177\317\347\261qb&\270&\346ju\200\363N\320\307\004\034\001n\317\361\2653\254\2503\247\305\372\316W\022O\253x\250\025\373\247\354Tc\304\263\243^\352Gv\\264\261\r\035\226\306\2411\351\233\203\215\200$\231\300f\220\371c@\017\254\363\\371\340\340VaR\205~^\226\342t\360\022\204d\231\205)\272\364?\361!\334\331\315\254\230\rBG\314\023\246\244=\351\177\254\302b&\276+H;0\312\021&\275\036\237\350R\313\206R\331\304k\323u\263t\221\213yC\241\217A\242\027g\322\241'\212.E?B_\316\327\217J +\370\t^b\005\020\003\211\373\247|hC\271Nmk~J\270EU\274\036-\347\240\312FA\321\341bca\253\025\321\311\317\021\375\317\217\n\272\033o\353G>\275\361H\265\240\232um""\317\324`\214\221\314\000\211K\223+(""\200i \311\372g\254\343ZR0\224\275q\252\357\213\263\206N\357&Q\217\267\303\356I\236\357\264\311b\037\366\035\253\343\311\265\240\327q\206f\262ODi\215-\363>\034\236l\273\005G\316F\217}[\036\007\270:\260\335\271B\241N\345\330\204\327f\361\272Kb\0377p\334\264\237\177~\330]\252+:\317u\302h\n\351\n\364\231\277R\371\356\033y\265v\360Ny\246\332qY\262\231\251\n\305\334\202\305\362\n\367@k\231\016R:\327\242\366\242\253LZY\223$Gw^\203\302\311\316I7\371tTwp}\005|\372\214\251{R`\230V\244-\326I\351\255\325i\335\377\321\353\327\331\302\023\347y\016\263\271\317\306\017UV\314qu?\0064A\315{3D\010\016S\212\2353k0\361\214ID\303g\277\010Y_\001~\021\333\370\255\374\\331\306\255\336)\365Rth\264\227\2326\315\307\363\323\325\303\032N\256*\307\327 \235\332\207u\210\271\257\306g\231i*\260\326k\001"";   nodeid: ""\260\000\000\000\000\000\000\000\000\000\000\000\000\000\000\000\000\000\000\000\000\000\000\000\000\000\000\000\000\000\000\000\001""; }; ","ledgerHash: ""\024\t\300.M\315\321S\257\224\252\362\326P\316\303%nX\3742\333\036\004Y\264yG^\234\177\214""; ledgerSeq: 36; type: liAS_NODE; nodes {;   nodedata: ""\021\000h""\000\000\000\000 \033\000\000\000#\002\023\304\277\330\356GuH\375\327!\255\371\r\231\262R\256J\034\222\241\355X\265E\241^W\225\304\014\361CX-}\351f\032\255\274\334m\326c\017\014ao[\342\230\003\245\245\3341Hm\326^\017jy\335\261\032Yt\320\244{g\0306\\302\303*\341\215\223\257\364\277o\375\000r\241SOq\221\253\262\005\017\375T\356\014\360o'\030\311-\267\031\257!\031T\006><\315XM\334\324\345\034\000\325\367\240\271\013\265\024\321\362\354\211\250.\234s\225amc\305\035\366\276\037nD\277`\210\223N\3535\033\261\304f\331]\036\237\306o!\223\221\002\324\031\262\240R\177 ,\214\325\Q])\016\2067\277\t\354\010\000\360\215\2502\265\245\310\226\243c\302Ze\306\253#r\020\211\320iG\276\020E\317\035Sf\223F\254\033@\177e\277\016\010u\327\371&\262\312\317Q\2361t\377x\234\001v\003%\030\325_\225g\204\346a=\225\273\331\354\365*U\363\263N\367b\371\244\314-w\363\262\225Z\200\206\235\233\257?sE\2674\254\326mU\377?\177Ek\336\030!\316Aa\225\303\022\377{\210Y\226\271as\354L\035\004\341\361\035\301\024\220m#*\372\032\3178~\374\250\014*\323\342'z69\220\327\256\351G\367\317u\302\207\270b\315\333\333\334\310I\323&\014\352XZnW2.\335\347\202\021\247\362\212e\034\000\001\250\220\305;a\314\265R\310\017\317\331\235\360\262\240:\277\202\266\354\265X""\022\nh\252\352w\204\203\023]\001f\352\277\0031Q]\362\370R\350{\261\202\240\344\215\201\353\276\322p5p\350\354\017>\250r\241c\273\016\301\024\363\242\247\263\231\370\344\nBW\220K\316@3\243\200\036wk\253GSlU\010\360\231>\331\263H\214\324\030A\225\301o\346pkSF\004\241\213w9\223=\250\262*+\255\351r\265\244c\024\213\t\007`\223\325#\3477\210\345P\306\013\320\252[\0216+\227=`\371P\314\346 V7\271[~\n\237\274|\347\352@K\253~&\260\032\024\004B\200\255h\351\013\361\031:nG\211\005|\2003\266\274\251,W\006u\344\335d\003\306\212\313,\340\350bG\n\030Z\2732-\246\312\255\030\003\235207\005}D\260\0261ah\322M\304\216\273m0\271\234\237\007<w$\265C\245\232\033\023\313c\321B\032l\301h\005\320\252\301\361(\330[\343\357\343{\235\n\266g\272>\177\317\347\261qb&\270&\346ju\200\363N\320\307\004\034\001n\317\361\2653\254\2503\247\305\372\316W\022O\253x\250\025\373\247\354Tc\304\263\243^\352Gv\\264\261\r\035\226\306\2411\351\233\203\215\200$\231\300f\220\371c@\017\254\363\\371\340\340VaR\205~^\226\342t\360\022\204d\231\205)\272\364?\361!\334\331\315\254\230\rBG\314\023\246\244=\351\177\254\302b&\276+H;0\312\021&\275\036\237\350R\313\206R\331\304k\323u\263t\221\213yC\241\217A\242\027g\322\241'\212.E?B_\316\327\217J +\370\t^b\005\020\003\211\373\247|hC\271Nmk~J\270EU\274\036-\347\240\312FA\321\341bca\253\025\321\311\317\021\375\317\217\n\272\033o\353G>\275\361H\265\240\232um""\317\324`\214\221\314\000\211K\223+(""\200i \311\372g\254\343ZR0\224\275q\252\357\213\263\206N\357&Q\217\267\303\356I\236\357\264\311b\037\366\035\253\343\311\265\240\327q\206f\262ODi\215-\363>\034\236l\273\005G\316F\217}[\036\007\270:\260\335\271B\241N\345\330\204\327f\361\272Kb\0377p\334\264\237\177~\330]\252+:\317u\302h\n\351\n\364\231\277R\371\356\033y\265v\360Ny\246\332qY\262\231\251\n\305\334\202\305\362\n\367@k\231\016R:\327\242\366\242\253LZY\223$Gw^\203\302\311\316I7\371tTwp}\005|\372\214\251{R`\230V\244-\326I\351\255\325i\335\377\321\353\327\331\302\023\347y\016\263\271\317\306\017UV\314qu?\0064A\315{3D\010\016S\212\2353k0\361\214ID\303g\277\010Y_\001~\021\333\370\255\374\\331\306\255\336)\365Rth\264\227\2326\315\307\363\323\325\303\032N\256*\307\327 \235\332\207u\210\271\257\306g\231i*\260\326k\001"";   nodeid: ""\260\000\000\000\000\000\000\000\000\000\000\000\000\000\000\000\000\000\000\000\000\000\000\000\000\000\000\000\000\000\000\000\001""; }; "
1750527648521,1750527648521,0,1,4,2,TMLedgerData,"ledgerHash: ""\024\t\300.M\315\321S\257\224\252\362\326P\316\303%nX\3742\333\036\004Y\264yG^\234\177\214""; ledgerSeq: 36; type: liBASE; nodes {;   nodedata: ""\000\000\000$\001cEx]\211\377\330\212\2353k0\361\214ID\303g\277\010Y_\001~\021\333\370\255\374\\331\306\255\336)\365Rth\000\000\000\000\000\000\000\000\000\000\000\000\000\000\000\000\000\000\000\000\000\000\000\000\000\000\000\000\000\000\000\000x\335D\017#\237\342\330r\340y\030}\363\316y\332\323\242\006\255\226\376\rG\t\367n\331\205\323[/\351\253\032/\351\253""\n\000""; }; nodes {;   nodedata: ""\323C\344\327\264{\312-\017:\006{\177\344N\002\326bO\260\220\006\033\362\345\005U\221DzJ0\001\301\025%1L\307\t\261\262z\374\222T\301\274V\236\223\262\270Ct\362\337b\356\024*\324\320\351\317\002k\336\234\027v\351\217\260\303\360\233ZPZWr\246$w\313\313\r\243r\232\2234\373\3539:N\004Q\245\272D\312D\300\300\t\323\0257\345e\271\na\215{\226\255x%T\257\037\333\004\344_/R\006E\344\037@\210\363\010\336T\226\247'\204_{\261\370""1\235\2445\343\033Y!\212\201\341\272\225'\007\251\246\273\271$\352~\251\032\020\036N\371\354\363\003\242\231\266S\013(pm2\3271\035/\266\231u\013\003""; }; ","ledgerHash: ""\024\t\300.M\315\321S\257\224\252\362\326P\316\303%nX\3742\333\036\004Y\264yG^\234\177\214""; ledgerSeq: 36; type: liBASE; nodes {;   nodedata: ""\000\000\000$\001cEx]\211\377\330\212\2353k0\361\214ID\303g\277\010Y_\001~\021\333\370\255\374\\331\306\255\336)\365Rth\000\000\000\000\000\000\000\000\000\000\000\000\000\000\000\000\000\000\000\000\000\000\000\000\000\000\000\000\000\000\000\000x\335D\017#\237\342\330r\340y\030}\363\316y\332\323\242\006\255\226\376\rG\t\367n\331\205\323[/\351\253\032/\351\253""\n\000""; }; nodes {;   nodedata: ""\323C\344\327\264{\312-\017:\006{\177\344N\002\326bO\260\220\006\033\362\345\005U\221DzJ0\001\301\025%1L\307\t\261\262z\374\222T\301\274V\236\223\262\270Ct\362\337b\356\024*\324\320\351\317\002k\336\234\027v\351\217\260\303\360\233ZPZWr\246$w\313\313\r\243r\232\2234\373\3539:N\004Q\245\272D\312D\300\300\t\323\0257\345e\271\na\215{\226\255x%T\257\037\333\004\344_/R\006E\344\037@\210\363\010\336T\226\247'\204_{\261\370""1\235\2445\343\033Y!\212\201\341\272\225'\007\251\246\273\271$\352~\251\032\020\036N\371\354\363\003\242\231\266S\013(pm2\3271\035/\266\231u\013\003""; }; "
1750527648522,1750527648522,0,1,4,1,TMLedgerData,"ledgerHash: ""\024\t\300.M\315\321S\257\224\252\362\326P\316\303%nX\3742\333\036\004Y\264yG^\234\177\214""; ledgerSeq: 36; type: liBASE; nodes {;   nodedata: ""\000\000\000$\001cEx]\211\377\330\212\2353k0\361\214ID\303g\277\010Y_\001~\021\333\370\255\374\\331\306\255\336)\365Rth\000\000\000\000\000\000\000\000\000\000\000\000\000\000\000\000\000\000\000\000\000\000\000\000\000\000\000\000\000\000\000\000x\335D\017#\237\342\330r\340y\030}\363\316y\332\323\242\006\255\226\376\rG\t\367n\331\205\323[/\351\253\032/\351\253""\n\000""; }; nodes {;   nodedata: ""\323C\344\327\264{\312-\017:\006{\177\344N\002\326bO\260\220\006\033\362\345\005U\221DzJ0\001\301\025%1L\307\t\261\262z\374\222T\301\274V\236\223\262\270Ct\362\337b\356\024*\324\320\351\317\002k\336\234\027v\351\217\260\303\360\233ZPZWr\246$w\313\313\r\243r\232\2234\373\3539:N\004Q\245\272D\312D\300\300\t\323\0257\345e\271\na\215{\226\255x%T\257\037\333\004\344_/R\006E\344\037@\210\363\010\336T\226\247'\204_{\261\370""1\235\2445\343\033Y!\212\201\341\272\225'\007\251\246\273\271$\352~\251\032\020\036N\371\354\363\003\242\231\266S\013(pm2\3271\035/\266\231u\013\003""; }; ","ledgerHash: ""\024\t\300.M\315\321S\257\224\252\362\326P\316\303%nX\3742\333\036\004Y\264yG^\234\177\214""; ledgerSeq: 36; type: liBASE; nodes {;   nodedata: ""\000\000\000$\001cEx]\211\377\330\212\2353k0\361\214ID\303g\277\010Y_\001~\021\333\370\255\374\\331\306\255\336)\365Rth\000\000\000\000\000\000\000\000\000\000\000\000\000\000\000\000\000\000\000\000\000\000\000\000\000\000\000\000\000\000\000\000x\335D\017#\237\342\330r\340y\030}\363\316y\332\323\242\006\255\226\376\rG\t\367n\331\205\323[/\351\253\032/\351\253""\n\000""; }; nodes {;   nodedata: ""\323C\344\327\264{\312-\017:\006{\177\344N\002\326bO\260\220\006\033\362\345\005U\221DzJ0\001\301\025%1L\307\t\261\262z\374\222T\301\274V\236\223\262\270Ct\362\337b\356\024*\324\320\351\317\002k\336\234\027v\351\217\260\303\360\233ZPZWr\246$w\313\313\r\243r\232\2234\373\3539:N\004Q\245\272D\312D\300\300\t\323\0257\345e\271\na\215{\226\255x%T\257\037\333\004\344_/R\006E\344\037@\210\363\010\336T\226\247'\204_{\261\370""1\235\2445\343\033Y!\212\201\341\272\225'\007\251\246\273\271$\352~\251\032\020\036N\371\354\363\003\242\231\266S\013(pm2\3271\035/\266\231u\013\003""; }; "
1750527648523,1750527648523,0,1,2,0,TMLedgerData,"ledgerHash: ""\024\t\300.M\315\321S\257\224\252\362\326P\316\303%nX\3742\333\036\004Y\264yG^\234\177\214""; ledgerSeq: 36; type: liBASE; nodes {;   nodedata: ""\000\000\000$\001cEx]\211\377\330\212\2353k0\361\214ID\303g\277\010Y_\001~\021\333\370\255\374\\331\306\255\336)\365Rth\000\000\000\000\000\000\000\000\000\000\000\000\000\000\000\000\000\000\000\000\000\000\000\000\000\000\000\000\000\000\000\000x\335D\017#\237\342\330r\340y\030}\363\316y\332\323\242\006\255\226\376\rG\t\367n\331\205\323[/\351\253\032/\351\253""\n\000""; }; nodes {;   nodedata: ""\323C\344\327\264{\312-\017:\006{\177\344N\002\326bO\260\220\006\033\362\345\005U\221DzJ0\001\301\025%1L\307\t\261\262z\374\222T\301\274V\236\223\262\270Ct\362\337b\356\024*\324\320\351\317\002k\336\234\027v\351\217\260\303\360\233ZPZWr\246$w\313\313\r\243r\232\2234\373\3539:N\004Q\245\272D\312D\300\300\t\323\0257\345e\271\na\215{\226\255x%T\257\037\333\004\344_/R\006E\344\037@\210\363\010\336T\226\247'\204_{\261\370""1\235\2445\343\033Y!\212\201\341\272\225'\007\251\246\273\271$\352~\251\032\020\036N\371\354\363\003\242\231\266S\013(pm2\3271\035/\266\231u\013\003""; }; ","ledgerHash: ""\024\t\300.M\315\321S\257\224\252\362\326P\316\303%nX\3742\333\036\004Y\264yG^\234\177\214""; ledgerSeq: 36; type: liBASE; nodes {;   nodedata: ""\000\000\000$\001cEx]\211\377\330\212\2353k0\361\214ID\303g\277\010Y_\001~\021\333\370\255\374\\331\306\255\336)\365Rth\000\000\000\000\000\000\000\000\000\000\000\000\000\000\000\000\000\000\000\000\000\000\000\000\000\000\000\000\000\000\000\000x\335D\017#\237\342\330r\340y\030}\363\316y\332\323\242\006\255\226\376\rG\t\367n\331\205\323[/\351\253\032/\351\253""\n\000""; }; nodes {;   nodedata: ""\323C\344\327\264{\312-\017:\006{\177\344N\002\326bO\260\220\006\033\362\345\005U\221DzJ0\001\301\025%1L\307\t\261\262z\374\222T\301\274V\236\223\262\270Ct\362\337b\356\024*\324\320\351\317\002k\336\234\027v\351\217\260\303\360\233ZPZWr\246$w\313\313\r\243r\232\2234\373\3539:N\004Q\245\272D\312D\300\300\t\323\0257\345e\271\na\215{\226\255x%T\257\037\333\004\344_/R\006E\344\037@\210\363\010\336T\226\247'\204_{\261\370""1\235\2445\343\033Y!\212\201\341\272\225'\007\251\246\273\271$\352~\251\032\020\036N\371\354\363\003\242\231\266S\013(pm2\3271\035/\266\231u\013\003""; }; "
1750527648523,1750527648524,0,1,1,2,TMLedgerData,"ledgerHash: ""\024\t\300.M\315\321S\257\224\252\362\326P\316\303%nX\3742\333\036\004Y\264yG^\234\177\214""; ledgerSeq: 36; type: liBASE; nodes {;   nodedata: ""\000\000\000$\001cEx]\211\377\330\212\2353k0\361\214ID\303g\277\010Y_\001~\021\333\370\255\374\\331\306\255\336)\365Rth\000\000\000\000\000\000\000\000\000\000\000\000\000\000\000\000\000\000\000\000\000\000\000\000\000\000\000\000\000\000\000\000x\335D\017#\237\342\330r\340y\030}\363\316y\332\323\242\006\255\226\376\rG\t\367n\331\205\323[/\351\253\032/\351\253""\n\000""; }; nodes {;   nodedata: ""\323C\344\327\264{\312-\017:\006{\177\344N\002\326bO\260\220\006\033\362\345\005U\221DzJ0\001\301\025%1L\307\t\261\262z\374\222T\301\274V\236\223\262\270Ct\362\337b\356\024*\324\320\351\317\002k\336\234\027v\351\217\260\303\360\233ZPZWr\246$w\313\313\r\243r\232\2234\373\3539:N\004Q\245\272D\312D\300\300\t\323\0257\345e\271\na\215{\226\255x%T\257\037\333\004\344_/R\006E\344\037@\210\363\010\336T\226\247'\204_{\261\370""1\235\2445\343\033Y!\212\201\341\272\225'\007\251\246\273\271$\352~\251\032\020\036N\371\354\363\003\242\231\266S\013(pm2\3271\035/\266\231u\013\003""; }; ","ledgerHash: ""\024\t\300.M\315\321S\257\224\252\362\326P\316\303%nX\3742\333\036\004Y\264yG^\234\177\214""; ledgerSeq: 36; type: liBASE; nodes {;   nodedata: ""\000\000\000$\001cEx]\211\377\330\212\2353k0\361\214ID\303g\277\010Y_\001~\021\333\370\255\374\\331\306\255\336)\365Rth\000\000\000\000\000\000\000\000\000\000\000\000\000\000\000\000\000\000\000\000\000\000\000\000\000\000\000\000\000\000\000\000x\335D\017#\237\342\330r\340y\030}\363\316y\332\323\242\006\255\226\376\rG\t\367n\331\205\323[/\351\253\032/\351\253""\n\000""; }; nodes {;   nodedata: ""\323C\344\327\264{\312-\017:\006{\177\344N\002\326bO\260\220\006\033\362\345\005U\221DzJ0\001\301\025%1L\307\t\261\262z\374\222T\301\274V\236\223\262\270Ct\362\337b\356\024*\324\320\351\317\002k\336\234\027v\351\217\260\303\360\233ZPZWr\246$w\313\313\r\243r\232\2234\373\3539:N\004Q\245\272D\312D\300\300\t\323\0257\345e\271\na\215{\226\255x%T\257\037\333\004\344_/R\006E\344\037@\210\363\010\336T\226\247'\204_{\261\370""1\235\2445\343\033Y!\212\201\341\272\225'\007\251\246\273\271$\352~\251\032\020\036N\371\354\363\003\242\231\266S\013(pm2\3271\035/\266\231u\013\003""; }; "
1750527648524,1750527648525,0,1,1,4,TMLedgerData,"ledgerHash: ""\024\t\300.M\315\321S\257\224\252\362\326P\316\303%nX\3742\333\036\004Y\264yG^\234\177\214""; ledgerSeq: 36; type: liBASE; nodes {;   nodedata: ""\000\000\000$\001cEx]\211\377\330\212\2353k0\361\214ID\303g\277\010Y_\001~\021\333\370\255\374\\331\306\255\336)\365Rth\000\000\000\000\000\000\000\000\000\000\000\000\000\000\000\000\000\000\000\000\000\000\000\000\000\000\000\000\000\000\000\000x\335D\017#\237\342\330r\340y\030}\363\316y\332\323\242\006\255\226\376\rG\t\367n\331\205\323[/\351\253\032/\351\253""\n\000""; }; nodes {;   nodedata: ""\323C\344\327\264{\312-\017:\006{\177\344N\002\326bO\260\220\006\033\362\345\005U\221DzJ0\001\301\025%1L\307\t\261\262z\374\222T\301\274V\236\223\262\270Ct\362\337b\356\024*\324\320\351\317\002k\336\234\027v\351\217\260\303\360\233ZPZWr\246$w\313\313\r\243r\232\2234\373\3539:N\004Q\245\272D\312D\300\300\t\323\0257\345e\271\na\215{\226\255x%T\257\037\333\004\344_/R\006E\344\037@\210\363\010\336T\226\247'\204_{\261\370""1\235\2445\343\033Y!\212\201\341\272\225'\007\251\246\273\271$\352~\251\032\020\036N\371\354\363\003\242\231\266S\013(pm2\3271\035/\266\231u\013\003""; }; ","ledgerHash: ""\024\t\300.M\315\321S\257\224\252\362\326P\316\303%nX\3742\333\036\004Y\264yG^\234\177\214""; ledgerSeq: 36; type: liBASE; nodes {;   nodedata: ""\000\000\000$\001cEx]\211\377\330\212\2353k0\361\214ID\303g\277\010Y_\001~\021\333\370\255\374\\331\306\255\336)\365Rth\000\000\000\000\000\000\000\000\000\000\000\000\000\000\000\000\000\000\000\000\000\000\000\000\000\000\000\000\000\000\000\000x\335D\017#\237\342\330r\340y\030}\363\316y\332\323\242\006\255\226\376\rG\t\367n\331\205\323[/\351\253\032/\351\253""\n\000""; }; nodes {;   nodedata: ""\323C\344\327\264{\312-\017:\006{\177\344N\002\326bO\260\220\006\033\362\345\005U\221DzJ0\001\301\025%1L\307\t\261\262z\374\222T\301\274V\236\223\262\270Ct\362\337b\356\024*\324\320\351\317\002k\336\234\027v\351\217\260\303\360\233ZPZWr\246$w\313\313\r\243r\232\2234\373\3539:N\004Q\245\272D\312D\300\300\t\323\0257\345e\271\na\215{\226\255x%T\257\037\333\004\344_/R\006E\344\037@\210\363\010\336T\226\247'\204_{\261\370""1\235\2445\343\033Y!\212\201\341\272\225'\007\251\246\273\271$\352~\251\032\020\036N\371\354\363\003\242\231\266S\013(pm2\3271\035/\266\231u\013\003""; }; "
1750527648525,1750527648525,0,1,1,0,TMLedgerData,"ledgerHash: ""\024\t\300.M\315\321S\257\224\252\362\326P\316\303%nX\3742\333\036\004Y\264yG^\234\177\214""; ledgerSeq: 36; type: liBASE; nodes {;   nodedata: ""\000\000\000$\001cEx]\211\377\330\212\2353k0\361\214ID\303g\277\010Y_\001~\021\333\370\255\374\\331\306\255\336)\365Rth\000\000\000\000\000\000\000\000\000\000\000\000\000\000\000\000\000\000\000\000\000\000\000\000\000\000\000\000\000\000\000\000x\335D\017#\237\342\330r\340y\030}\363\316y\332\323\242\006\255\226\376\rG\t\367n\331\205\323[/\351\253\032/\351\253""\n\000""; }; nodes {;   nodedata: ""\323C\344\327\264{\312-\017:\006{\177\344N\002\326bO\260\220\006\033\362\345\005U\221DzJ0\001\301\025%1L\307\t\261\262z\374\222T\301\274V\236\223\262\270Ct\362\337b\356\024*\324\320\351\317\002k\336\234\027v\351\217\260\303\360\233ZPZWr\246$w\313\313\r\243r\232\2234\373\3539:N\004Q\245\272D\312D\300\300\t\323\0257\345e\271\na\215{\226\255x%T\257\037\333\004\344_/R\006E\344\037@\210\363\010\336T\226\247'\204_{\261\370""1\235\2445\343\033Y!\212\201\341\272\225'\007\251\246\273\271$\352~\251\032\020\036N\371\354\363\003\242\231\266S\013(pm2\3271\035/\266\231u\013\003""; }; ","ledgerHash: ""\024\t\300.M\315\321S\257\224\252\362\326P\316\303%nX\3742\333\036\004Y\264yG^\234\177\214""; ledgerSeq: 36; type: liBASE; nodes {;   nodedata: ""\000\000\000$\001cEx]\211\377\330\212\2353k0\361\214ID\303g\277\010Y_\001~\021\333\370\255\374\\331\306\255\336)\365Rth\000\000\000\000\000\000\000\000\000\000\000\000\000\000\000\000\000\000\000\000\000\000\000\000\000\000\000\000\000\000\000\000x\335D\017#\237\342\330r\340y\030}\363\316y\332\323\242\006\255\226\376\rG\t\367n\331\205\323[/\351\253\032/\351\253""\n\000""; }; nodes {;   nodedata: ""\323C\344\327\264{\312-\017:\006{\177\344N\002\326bO\260\220\006\033\362\345\005U\221DzJ0\001\301\025%1L\307\t\261\262z\374\222T\301\274V\236\223\262\270Ct\362\337b\356\024*\324\320\351\317\002k\336\234\027v\351\217\260\303\360\233ZPZWr\246$w\313\313\r\243r\232\2234\373\3539:N\004Q\245\272D\312D\300\300\t\323\0257\345e\271\na\215{\226\255x%T\257\037\333\004\344_/R\006E\344\037@\210\363\010\336T\226\247'\204_{\261\370""1\235\2445\343\033Y!\212\201\341\272\225'\007\251\246\273\271$\352~\251\032\020\036N\371\354\363\003\242\231\266S\013(pm2\3271\035/\266\231u\013\003""; }; "
1750527648526,1750527648526,0,1,0,2,TMLedgerData,"ledgerHash: ""\024\t\300.M\315\321S\257\224\252\362\326P\316\303%nX\3742\333\036\004Y\264yG^\234\177\214""; ledgerSeq: 36; type: liBASE; nodes {;   nodedata: ""\000\000\000$\001cEx]\211\377\330\212\2353k0\361\214ID\303g\277\010Y_\001~\021\333\370\255\374\\331\306\255\336)\365Rth\000\000\000\000\000\000\000\000\000\000\000\000\000\000\000\000\000\000\000\000\000\000\000\000\000\000\000\000\000\000\000\000x\335D\017#\237\342\330r\340y\030}\363\316y\332\323\242\006\255\226\376\rG\t\367n\331\205\323[/\351\253\032/\351\253""\n\000""; }; nodes {;   nodedata: ""\323C\344\327\264{\312-\017:\006{\177\344N\002\326bO\260\220\006\033\362\345\005U\221DzJ0\001\301\025%1L\307\t\261\262z\374\222T\301\274V\236\223\262\270Ct\362\337b\356\024*\324\320\351\317\002k\336\234\027v\351\217\260\303\360\233ZPZWr\246$w\313\313\r\243r\232\2234\373\3539:N\004Q\245\272D\312D\300\300\t\323\0257\345e\271\na\215{\226\255x%T\257\037\333\004\344_/R\006E\344\037@\210\363\010\336T\226\247'\204_{\261\370""1\235\2445\343\033Y!\212\201\341\272\225'\007\251\246\273\271$\352~\251\032\020\036N\371\354\363\003\242\231\266S\013(pm2\3271\035/\266\231u\013\003""; }; ","ledgerHash: ""\024\t\300.M\315\321S\257\224\252\362\326P\316\303%nX\3742\333\036\004Y\264yG^\234\177\214""; ledgerSeq: 36; type: liBASE; nodes {;   nodedata: ""\000\000\000$\001cEx]\211\377\330\212\2353k0\361\214ID\303g\277\010Y_\001~\021\333\370\255\374\\331\306\255\336)\365Rth\000\000\000\000\000\000\000\000\000\000\000\000\000\000\000\000\000\000\000\000\000\000\000\000\000\000\000\000\000\000\000\000x\335D\017#\237\342\330r\340y\030}\363\316y\332\323\242\006\255\226\376\rG\t\367n\331\205\323[/\351\253\032/\351\253""\n\000""; }; nodes {;   nodedata: ""\323C\344\327\264{\312-\017:\006{\177\344N\002\326bO\260\220\006\033\362\345\005U\221DzJ0\001\301\025%1L\307\t\261\262z\374\222T\301\274V\236\223\262\270Ct\362\337b\356\024*\324\320\351\317\002k\336\234\027v\351\217\260\303\360\233ZPZWr\246$w\313\313\r\243r\232\2234\373\3539:N\004Q\245\272D\312D\300\300\t\323\0257\345e\271\na\215{\226\255x%T\257\037\333\004\344_/R\006E\344\037@\210\363\010\336T\226\247'\204_{\261\370""1\235\2445\343\033Y!\212\201\341\272\225'\007\251\246\273\271$\352~\251\032\020\036N\371\354\363\003\242\231\266S\013(pm2\3271\035/\266\231u\013\003""; }; "
1750527648527,1750527648527,0,1,0,4,TMLedgerData,"ledgerHash: ""\024\t\300.M\315\321S\257\224\252\362\326P\316\303%nX\3742\333\036\004Y\264yG^\234\177\214""; ledgerSeq: 36; type: liBASE; nodes {;   nodedata: ""\000\000\000$\001cEx]\211\377\330\212\2353k0\361\214ID\303g\277\010Y_\001~\021\333\370\255\374\\331\306\255\336)\365Rth\000\000\000\000\000\000\000\000\000\000\000\000\000\000\000\000\000\000\000\000\000\000\000\000\000\000\000\000\000\000\000\000x\335D\017#\237\342\330r\340y\030}\363\316y\332\323\242\006\255\226\376\rG\t\367n\331\205\323[/\351\253\032/\351\253""\n\000""; }; nodes {;   nodedata: ""\323C\344\327\264{\312-\017:\006{\177\344N\002\326bO\260\220\006\033\362\345\005U\221DzJ0\001\301\025%1L\307\t\261\262z\374\222T\301\274V\236\223\262\270Ct\362\337b\356\024*\324\320\351\317\002k\336\234\027v\351\217\260\303\360\233ZPZWr\246$w\313\313\r\243r\232\2234\373\3539:N\004Q\245\272D\312D\300\300\t\323\0257\345e\271\na\215{\226\255x%T\257\037\333\004\344_/R\006E\344\037@\210\363\010\336T\226\247'\204_{\261\370""1\235\2445\343\033Y!\212\201\341\272\225'\007\251\246\273\271$\352~\251\032\020\036N\371\354\363\003\242\231\266S\013(pm2\3271\035/\266\231u\013\003""; }; ","ledgerHash: ""\024\t\300.M\315\321S\257\224\252\362\326P\316\303%nX\3742\333\036\004Y\264yG^\234\177\214""; ledgerSeq: 36; type: liBASE; nodes {;   nodedata: ""\000\000\000$\001cEx]\211\377\330\212\2353k0\361\214ID\303g\277\010Y_\001~\021\333\370\255\374\\331\306\255\336)\365Rth\000\000\000\000\000\000\000\000\000\000\000\000\000\000\000\000\000\000\000\000\000\000\000\000\000\000\000\000\000\000\000\000x\335D\017#\237\342\330r\340y\030}\363\316y\332\323\242\006\255\226\376\rG\t\367n\331\205\323[/\351\253\032/\351\253""\n\000""; }; nodes {;   nodedata: ""\323C\344\327\264{\312-\017:\006{\177\344N\002\326bO\260\220\006\033\362\345\005U\221DzJ0\001\301\025%1L\307\t\261\262z\374\222T\301\274V\236\223\262\270Ct\362\337b\356\024*\324\320\351\317\002k\336\234\027v\351\217\260\303\360\233ZPZWr\246$w\313\313\r\243r\232\2234\373\3539:N\004Q\245\272D\312D\300\300\t\323\0257\345e\271\na\215{\226\255x%T\257\037\333\004\344_/R\006E\344\037@\210\363\010\336T\226\247'\204_{\261\370""1\235\2445\343\033Y!\212\201\341\272\225'\007\251\246\273\271$\352~\251\032\020\036N\371\354\363\003\242\231\266S\013(pm2\3271\035/\266\231u\013\003""; }; "
1750527648528,1750527648528,0,1,0,1,TMLedgerData,"ledgerHash: ""\024\t\300.M\315\321S\257\224\252\362\326P\316\303%nX\3742\333\036\004Y\264yG^\234\177\214""; ledgerSeq: 36; type: liBASE; nodes {;   nodedata: ""\000\000\000$\001cEx]\211\377\330\212\2353k0\361\214ID\303g\277\010Y_\001~\021\333\370\255\374\\331\306\255\336)\365Rth\000\000\000\000\000\000\000\000\000\000\000\000\000\000\000\000\000\000\000\000\000\000\000\000\000\000\000\000\000\000\000\000x\335D\017#\237\342\330r\340y\030}\363\316y\332\323\242\006\255\226\376\rG\t\367n\331\205\323[/\351\253\032/\351\253""\n\000""; }; nodes {;   nodedata: ""\323C\344\327\264{\312-\017:\006{\177\344N\002\326bO\260\220\006\033\362\345\005U\221DzJ0\001\301\025%1L\307\t\261\262z\374\222T\301\274V\236\223\262\270Ct\362\337b\356\024*\324\320\351\317\002k\336\234\027v\351\217\260\303\360\233ZPZWr\246$w\313\313\r\243r\232\2234\373\3539:N\004Q\245\272D\312D\300\300\t\323\0257\345e\271\na\215{\226\255x%T\257\037\333\004\344_/R\006E\344\037@\210\363\010\336T\226\247'\204_{\261\370""1\235\2445\343\033Y!\212\201\341\272\225'\007\251\246\273\271$\352~\251\032\020\036N\371\354\363\003\242\231\266S\013(pm2\3271\035/\266\231u\013\003""; }; ","ledgerHash: ""\024\t\300.M\315\321S\257\224\252\362\326P\316\303%nX\3742\333\036\004Y\264yG^\234\177\214""; ledgerSeq: 36; type: liBASE; nodes {;   nodedata: ""\000\000\000$\001cEx]\211\377\330\212\2353k0\361\214ID\303g\277\010Y_\001~\021\333\370\255\374\\331\306\255\336)\365Rth\000\000\000\000\000\000\000\000\000\000\000\000\000\000\000\000\000\000\000\000\000\000\000\000\000\000\000\000\000\000\000\000x\335D\017#\237\342\330r\340y\030}\363\316y\332\323\242\006\255\226\376\rG\t\367n\331\205\323[/\351\253\032/\351\253""\n\000""; }; nodes {;   nodedata: ""\323C\344\327\264{\312-\017:\006{\177\344N\002\326bO\260\220\006\033\362\345\005U\221DzJ0\001\301\025%1L\307\t\261\262z\374\222T\301\274V\236\223\262\270Ct\362\337b\356\024*\324\320\351\317\002k\336\234\027v\351\217\260\303\360\233ZPZWr\246$w\313\313\r\243r\232\2234\373\3539:N\004Q\245\272D\312D\300\300\t\323\0257\345e\271\na\215{\226\255x%T\257\037\333\004\344_/R\006E\344\037@\210\363\010\336T\226\247'\204_{\261\370""1\235\2445\343\033Y!\212\201\341\272\225'\007\251\246\273\271$\352~\251\032\020\036N\371\354\363\003\242\231\266S\013(pm2\3271\035/\266\231u\013\003""; }; "
1750527648550,1750527648550,0,1,3,2,TMLedgerData,"ledgerHash: ""\024\t\300.M\315\321S\257\224\252\362\326P\316\303%nX\3742\333\036\004Y\264yG^\234\177\214""; ledgerSeq: 36; type: liBASE; nodes {;   nodedata: ""\000\000\000$\001cEx]\211\377\330\212\2353k0\361\214ID\303g\277\010Y_\001~\021\333\370\255\374\\331\306\255\336)\365Rth\000\000\000\000\000\000\000\000\000\000\000\000\000\000\000\000\000\000\000\000\000\000\000\000\000\000\000\000\000\000\000\000x\335D\017#\237\342\330r\340y\030}\363\316y\332\323\242\006\255\226\376\rG\t\367n\331\205\323[/\351\253\032/\351\253""\n\000""; }; nodes {;   nodedata: ""\323C\344\327\264{\312-\017:\006{\177\344N\002\326bO\260\220\006\033\362\345\005U\221DzJ0\001\301\025%1L\307\t\261\262z\374\222T\301\274V\236\223\262\270Ct\362\337b\356\024*\324\320\351\317\002k\336\234\027v\351\217\260\303\360\233ZPZWr\246$w\313\313\r\243r\232\2234\373\3539:N\004Q\245\272D\312D\300\300\t\323\0257\345e\271\na\215{\226\255x%T\257\037\333\004\344_/R\006E\344\037@\210\363\010\336T\226\247'\204_{\261\370""1\235\2445\343\033Y!\212\201\341\272\225'\007\251\246\273\271$\352~\251\032\020\036N\371\354\363\003\242\231\266S\013(pm2\3271\035/\266\231u\013\003""; }; requestCookie: 3; ","ledgerHash: ""\024\t\300.M\315\321S\257\224\252\362\326P\316\303%nX\3742\333\036\004Y\264yG^\234\177\214""; ledgerSeq: 36; type: liBASE; nodes {;   nodedata: ""\000\000\000$\001cEx]\211\377\330\212\2353k0\361\214ID\303g\277\010Y_\001~\021\333\370\255\374\\331\306\255\336)\365Rth\000\000\000\000\000\000\000\000\000\000\000\000\000\000\000\000\000\000\000\000\000\000\000\000\000\000\000\000\000\000\000\000x\335D\017#\237\342\330r\340y\030}\363\316y\332\323\242\006\255\226\376\rG\t\367n\331\205\323[/\351\253\032/\351\253""\n\000""; }; nodes {;   nodedata: ""\323C\344\327\264{\312-\017:\006{\177\344N\002\326bO\260\220\006\033\362\345\005U\221DzJ0\001\301\025%1L\307\t\261\262z\374\222T\301\274V\236\223\262\270Ct\362\337b\356\024*\324\320\351\317\002k\336\234\027v\351\217\260\303\360\233ZPZWr\246$w\313\313\r\243r\232\2234\373\3539:N\004Q\245\272D\312D\300\300\t\323\0257\345e\271\na\215{\226\255x%T\257\037\333\004\344_/R\006E\344\037@\210\363\010\336T\226\247'\204_{\261\370""1\235\2445\343\033Y!\212\201\341\272\225'\007\251\246\273\271$\352~\251\032\020\036N\371\354\363\003\242\231\266S\013(pm2\3271\035/\266\231u\013\003""; }; requestCookie: 3; "
1750527648551,1750527648552,0,1,2,1,TMLedgerData,"ledgerHash: ""\024\t\300.M\315\321S\257\224\252\362\326P\316\303%nX\3742\333\036\004Y\264yG^\234\177\214""; ledgerSeq: 36; type: liBASE; nodes {;   nodedata: ""\000\000\000$\001cEx]\211\377\330\212\2353k0\361\214ID\303g\277\010Y_\001~\021\333\370\255\374\\331\306\255\336)\365Rth\000\000\000\000\000\000\000\000\000\000\000\000\000\000\000\000\000\000\000\000\000\000\000\000\000\000\000\000\000\000\000\000x\335D\017#\237\342\330r\340y\030}\363\316y\332\323\242\006\255\226\376\rG\t\367n\331\205\323[/\351\253\032/\351\253""\n\000""; }; nodes {;   nodedata: ""\323C\344\327\264{\312-\017:\006{\177\344N\002\326bO\260\220\006\033\362\345\005U\221DzJ0\001\301\025%1L\307\t\261\262z\374\222T\301\274V\236\223\262\270Ct\362\337b\356\024*\324\320\351\317\002k\336\234\027v\351\217\260\303\360\233ZPZWr\246$w\313\313\r\243r\232\2234\373\3539:N\004Q\245\272D\312D\300\300\t\323\0257\345e\271\na\215{\226\255x%T\257\037\333\004\344_/R\006E\344\037@\210\363\010\336T\226\247'\204_{\261\370""1\235\2445\343\033Y!\212\201\341\272\225'\007\251\246\273\271$\352~\251\032\020\036N\371\354\363\003\242\231\266S\013(pm2\3271\035/\266\231u\013\003""; }; ","ledgerHash: ""\024\t\300.M\315\321S\257\224\252\362\326P\316\303%nX\3742\333\036\004Y\264yG^\234\177\214""; ledgerSeq: 36; type: liBASE; nodes {;   nodedata: ""\000\000\000$\001cEx]\211\377\330\212\2353k0\361\214ID\303g\277\010Y_\001~\021\333\370\255\374\\331\306\255\336)\365Rth\000\000\000\000\000\000\000\000\000\000\000\000\000\000\000\000\000\000\000\000\000\000\000\000\000\000\000\000\000\000\000\000x\335D\017#\237\342\330r\340y\030}\363\316y\332\323\242\006\255\226\376\rG\t\367n\331\205\323[/\351\253\032/\351\253""\n\000""; }; nodes {;   nodedata: ""\323C\344\327\264{\312-\017:\006{\177\344N\002\326bO\260\220\006\033\362\345\005U\221DzJ0\001\301\025%1L\307\t\261\262z\374\222T\301\274V\236\223\262\270Ct\362\337b\356\024*\324\320\351\317\002k\336\234\027v\351\217\260\303\360\233ZPZWr\246$w\313\313\r\243r\232\2234\373\3539:N\004Q\245\272D\312D\300\300\t\323\0257\345e\271\na\215{\226\255x%T\257\037\333\004\344_/R\006E\344\037@\210\363\010\336T\226\247'\204_{\261\370""1\235\2445\343\033Y!\212\201\341\272\225'\007\251\246\273\271$\352~\251\032\020\036N\371\354\363\003\242\231\266S\013(pm2\3271\035/\266\231u\013\003""; }; "
1750527648554,1750527648554,0,1,3,1,TMLedgerData,"ledgerHash: ""\024\t\300.M\315\321S\257\224\252\362\326P\316\303%nX\3742\333\036\004Y\264yG^\234\177\214""; ledgerSeq: 36; type: liAS_NODE; nodes {;   nodedata: ""\021\000h""\000\000\000\000 \033\000\000\000#\002\023\304\277\330\356GuH\375\327!\255\371\r\231\262R\256J\034\222\241\355X\265E\241^W\225\304\014\361CX-}\351f\032\255\274\334m\326c\017\014ao[\342\230\003\245\245\3341Hm\326^\017jy\335\261\032Yt\320\244{g\0306\\302\303*\341\215\223\257\364\277o\375\000r\241SOq\221\253\262\005\017\375T\356\014\360o'\030\311-\267\031\257!\031T\006><\315XM\334\324\345\034\000\325\367\240\271\013\265\024\321\362\354\211\250.\234s\225amc\305\035\366\276\037nD\277`\210\223N\3535\033\261\304f\331]\036\237\306o!\223\221\002\324\031\262\240R\177 ,\214\325\Q])\016\2067\277\t\354\010\000\360\215\2502\265\245\310\226\243c\302Ze\306\253#r\020\211\320iG\276\020E\317\035Sf\223F\254\033@\177e\277\016\010u\327\371&\262\312\317Q\2361t\377x\234\001v\003%\030\325_\225g\204\346a=\225\273\331\354\365*U\363\263N\367b\371\244\314-w\363\262\225Z\200\206\235\233\257?sE\2674\254\326mU\377?\177Ek\336\030!\316Aa\225\303\022\377{\210Y\226\271as\354L\035\004\341\361\035\301\024\220m#*\372\032\3178~\374\250\014*\323\342'z69\220\327\256\351G\367\317u\302\207\270b\315\333\333\334\310I\323&\014\352XZnW2.\335\347\202\021\247\362\212e\034\000\001\250\220\305;a\314\265R\310\017\317\331\235\360\262\240:\277\202\266\354\265X""\022\nh\252\352w\204\203\023]\001f\352\277\0031Q]\362\370R\350{\261\202\240\344\215\201\353\276\322p5p\350\354\017>\250r\241c\273\016\301\024\363\242\247\263\231\370\344\nBW\220K\316@3\243\200\036wk\253GSlU\010\360\231>\331\263H\214\324\030A\225\301o\346pkSF\004\241\213w9\223=\250\262*+\255\351r\265\244c\024\213\t\007`\223\325#\3477\210\345P\306\013\320\252[\0216+\227=`\371P\314\346 V7\271[~\n\237\274|\347\352@K\253~&\260\032\024\004B\200\255h\351\013\361\031:nG\211\005|\2003\266\274\251,W\006u\344\335d\003\306\212\313,\340\350bG\n\030Z\2732-\246\312\255\030\003\235207\005}D\260\0261ah\322M\304\216\273m0\271\234\237\007<w$\265C\245\232\033\023\313c\321B\032l\301h\005\320\252\301\361(\330[\343\357\343{\235\n\266g\272>\177\317\347\261qb&\270&\346ju\200\363N\320\307\004\034\001n\317\361\2653\254\2503\247\305\372\316W\022O\253x\250\025\373\247\354Tc\304\263\243^\352Gv\\264\261\r\035\226\306\2411\351\233\203\215\200$\231\300f\220\371c@\017\254\363\\371\340\340VaR\205~^\226\342t\360\022\204d\231\205)\272\364?\361!\334\331\315\254\230\rBG\314\023\246\244=\351\177\254\302b&\276+H;0\312\021&\275\036\237\350R\313\206R\331\304k\323u\263t\221\213yC\241\217A\242\027g\322\241'\212.E?B_\316\327\217J +\370\t^b\005\020\003\211\373\247|hC\271Nmk~J\270EU\274\036-\347\240\312FA\321\341bca\253\025\321\311\317\021\375\317\217\n\272\033o\353G>\275\361H\265\240\232um""\317\324`\214\221\314\000\211K\223+(""\200i \311\372g\254\343ZR0\224\275q\252\357\213\263\206N\357&Q\217\267\303\356I\236\357\264\311b\037\366\035\253\343\311\265\240\327q\206f\262ODi\215-\363>\034\236l\273\005G\316F\217}[\036\007\270:\260\335\271B\241N\345\330\204\327f\361\272Kb\0377p\334\264\237\177~\330]\252+:\317u\302h\n\351\n\364\231\277R\371\356\033y\265v\360Ny\246\332qY\262\231\251\n\305\334\202\305\362\n\367@k\231\016R:\327\242\366\242\253LZY\223$Gw^\203\302\311\316I7\371tTwp}\005|\372\214\251{R`\230V\244-\326I\351\255\325i\335\377\321\353\327\331\302\023\347y\016\263\271\317\306\017UV\314qu?\0064A\315{3D\010\016S\212\2353k0\361\214ID\303g\277\010Y_\001~\021\333\370\255\374\\331\306\255\336)\365Rth\264\227\2326\315\307\363\323\325\303\032N\256*\307\327 \235\332\207u\210\271\257\306g\231i*\260\326k\001"";   nodeid: ""\260\000\000\000\000\000\000\000\000\000\000\000\000\000\000\000\000\000\000\000\000\000\000\000\000\000\000\000\000\000\000\000\001""; }; ","ledgerHash: ""\024\t\300.M\315\321S\257\224\252\362\326P\316\303%nX\3742\333\036\004Y\264yG^\234\177\214""; ledgerSeq: 36; type: liAS_NODE; nodes {;   nodedata: ""\021\000h""\000\000\000\000 \033\000\000\000#\002\023\304\277\330\356GuH\375\327!\255\371\r\231\262R\256J\034\222\241\355X\265E\241^W\225\304\014\361CX-}\351f\032\255\274\334m\326c\017\014ao[\342\230\003\245\245\3341Hm\326^\017jy\335\261\032Yt\320\244{g\0306\\302\303*\341\215\223\257\364\277o\375\000r\241SOq\221\253\262\005\017\375T\356\014\360o'\030\311-\267\031\257!\031T\006><\315XM\334\324\345\034\000\325\367\240\271\013\265\024\321\362\354\211\250.\234s\225amc\305\035\366\276\037nD\277`\210\223N\3535\033\261\304f\331]\036\237\306o!\223\221\002\324\031\262\240R\177 ,\214\325\Q])\016\2067\277\t\354\010\000\360\215\2502\265\245\310\226\243c\302Ze\306\253#r\020\211\320iG\276\020E\317\035Sf\223F\254\033@\177e\277\016\010u\327\371&\262\312\317Q\2361t\377x\234\001v\003%\030\325_\225g\204\346a=\225\273\331\354\365*U\363\263N\367b\371\244\314-w\363\262\225Z\200\206\235\233\257?sE\2674\254\326mU\377?\177Ek\336\030!\316Aa\225\303\022\377{\210Y\226\271as\354L\035\004\341\361\035\301\024\220m#*\372\032\3178~\374\250\014*\323\342'z69\220\327\256\351G\367\317u\302\207\270b\315\333\333\334\310I\323&\014\352XZnW2.\335\347\202\021\247\362\212e\034\000\001\250\220\305;a\314\265R\310\017\317\331\235\360\262\240:\277\202\266\354\265X""\022\nh\252\352w\204\203\023]\001f\352\277\0031Q]\362\370R\350{\261\202\240\344\215\201\353\276\322p5p\350\354\017>\250r\241c\273\016\301\024\363\242\247\263\231\370\344\nBW\220K\316@3\243\200\036wk\253GSlU\010\360\231>\331\263H\214\324\030A\225\301o\346pkSF\004\241\213w9\223=\250\262*+\255\351r\265\244c\024\213\t\007`\223\325#\3477\210\345P\306\013\320\252[\0216+\227=`\371P\314\346 V7\271[~\n\237\274|\347\352@K\253~&\260\032\024\004B\200\255h\351\013\361\031:nG\211\005|\2003\266\274\251,W\006u\344\335d\003\306\212\313,\340\350bG\n\030Z\2732-\246\312\255\030\003\235207\005}D\260\0261ah\322M\304\216\273m0\271\234\237\007<w$\265C\245\232\033\023\313c\321B\032l\301h\005\320\252\301\361(\330[\343\357\343{\235\n\266g\272>\177\317\347\261qb&\270&\346ju\200\363N\320\307\004\034\001n\317\361\2653\254\2503\247\305\372\316W\022O\253x\250\025\373\247\354Tc\304\263\243^\352Gv\\264\261\r\035\226\306\2411\351\233\203\215\200$\231\300f\220\371c@\017\254\363\\371\340\340VaR\205~^\226\342t\360\022\204d\231\205)\272\364?\361!\334\331\315\254\230\rBG\314\023\246\244=\351\177\254\302b&\276+H;0\312\021&\275\036\237\350R\313\206R\331\304k\323u\263t\221\213yC\241\217A\242\027g\322\241'\212.E?B_\316\327\217J +\370\t^b\005\020\003\211\373\247|hC\271Nmk~J\270EU\274\036-\347\240\312FA\321\341bca\253\025\321\311\317\021\375\317\217\n\272\033o\353G>\275\361H\265\240\232um""\317\324`\214\221\314\000\211K\223+(""\200i \311\372g\254\343ZR0\224\275q\252\357\213\263\206N\357&Q\217\267\303\356I\236\357\264\311b\037\366\035\253\343\311\265\240\327q\206f\262ODi\215-\363>\034\236l\273\005G\316F\217}[\036\007\270:\260\335\271B\241N\345\330\204\327f\361\272Kb\0377p\334\264\237\177~\330]\252+:\317u\302h\n\351\n\364\231\277R\371\356\033y\265v\360Ny\246\332qY\262\231\251\n\305\334\202\305\362\n\367@k\231\016R:\327\242\366\242\253LZY\223$Gw^\203\302\311\316I7\371tTwp}\005|\372\214\251{R`\230V\244-\326I\351\255\325i\335\377\321\353\327\331\302\023\347y\016\263\271\317\306\017UV\314qu?\0064A\315{3D\010\016S\212\2353k0\361\214ID\303g\277\010Y_\001~\021\333\370\255\374\\331\306\255\336)\365Rth\264\227\2326\315\307\363\323\325\303\032N\256*\307\327 \235\332\207u\210\271\257\306g\231i*\260\326k\001"";   nodeid: ""\260\000\000\000\000\000\000\000\000\000\000\000\000\000\000\000\000\000\000\000\000\000\000\000\000\000\000\000\000\000\000\000\001""; }; "
1750527648618,1750527648618,0,1,4,3,TMStatusChange,"newEvent: neACCEPTED_LEDGER; ledgerSeq: 36; ledgerHash: ""\024\t\300.M\315\321S\257\224\252\362\326P\316\303%nX\3742\333\036\004Y\264yG^\234\177\214""; ledgerHashPrevious: ""\212\2353k0\361\214ID\303g\277\010Y_\001~\021\333\370\255\374\\331\306\255\336)\365Rth""; networkTime: 803842848; firstSeq: 1; lastSeq: 35; ","newEvent: neACCEPTED_LEDGER; ledgerSeq: 36; ledgerHash: ""\024\t\300.M\315\321S\257\224\252\362\326P\316\303%nX\3742\333\036\004Y\264yG^\234\177\214""; ledgerHashPrevious: ""\212\2353k0\361\214ID\303g\277\010Y_\001~\021\333\370\255\374\\331\306\255\336)\365Rth""; networkTime: 803842848; firstSeq: 1; lastSeq: 35; "
1750527648619,1750527648619,0,1,4,0,TMStatusChange,"newEvent: neACCEPTED_LEDGER; ledgerSeq: 36; ledgerHash: ""\024\t\300.M\315\321S\257\224\252\362\326P\316\303%nX\3742\333\036\004Y\264yG^\234\177\214""; ledgerHashPrevious: ""\212\2353k0\361\214ID\303g\277\010Y_\001~\021\333\370\255\374\\331\306\255\336)\365Rth""; networkTime: 803842848; firstSeq: 1; lastSeq: 35; ","newEvent: neACCEPTED_LEDGER; ledgerSeq: 36; ledgerHash: ""\024\t\300.M\315\321S\257\224\252\362\326P\316\303%nX\3742\333\036\004Y\264yG^\234\177\214""; ledgerHashPrevious: ""\212\2353k0\361\214ID\303g\277\010Y_\001~\021\333\370\255\374\\331\306\255\336)\365Rth""; networkTime: 803842848; firstSeq: 1; lastSeq: 35; "
1750527648618,1750527648619,0,1,4,2,TMStatusChange,"newEvent: neACCEPTED_LEDGER; ledgerSeq: 36; ledgerHash: ""\024\t\300.M\315\321S\257\224\252\362\326P\316\303%nX\3742\333\036\004Y\264yG^\234\177\214""; ledgerHashPrevious: ""\212\2353k0\361\214ID\303g\277\010Y_\001~\021\333\370\255\374\\331\306\255\336)\365Rth""; networkTime: 803842848; firstSeq: 1; lastSeq: 35; ","newEvent: neACCEPTED_LEDGER; ledgerSeq: 36; ledgerHash: ""\024\t\300.M\315\321S\257\224\252\362\326P\316\303%nX\3742\333\036\004Y\264yG^\234\177\214""; ledgerHashPrevious: ""\212\2353k0\361\214ID\303g\277\010Y_\001~\021\333\370\255\374\\331\306\255\336)\365Rth""; networkTime: 803842848; firstSeq: 1; lastSeq: 35; "
1750527648619,1750527648619,0,1,4,1,TMStatusChange,"newEvent: neACCEPTED_LEDGER; ledgerSeq: 36; ledgerHash: ""\024\t\300.M\315\321S\257\224\252\362\326P\316\303%nX\3742\333\036\004Y\264yG^\234\177\214""; ledgerHashPrevious: ""\212\2353k0\361\214ID\303g\277\010Y_\001~\021\333\370\255\374\\331\306\255\336)\365Rth""; networkTime: 803842848; firstSeq: 1; lastSeq: 35; ","newEvent: neACCEPTED_LEDGER; ledgerSeq: 36; ledgerHash: ""\024\t\300.M\315\321S\257\224\252\362\326P\316\303%nX\3742\333\036\004Y\264yG^\234\177\214""; ledgerHashPrevious: ""\212\2353k0\361\214ID\303g\277\010Y_\001~\021\333\370\255\374\\331\306\255\336)\365Rth""; networkTime: 803842848; firstSeq: 1; lastSeq: 35; "
1750527648662,1750527648662,0,1,4,3,TMValidation,"validation: """"\200\000\000\001&\000\000\000$)/\351\253 :\r\302\353\023?\373\240rQ\024\t\300.M\315\321S\257\224\252\362\326P\316\303%nX\3742\333\036\004Y\264yG^\234\177\214P\027\000\000\000\000\000\000\000\000\000\000\000\000\000\000\000\000\000\000\000\000\000\000\000\000\000\000\000\000\000\000\000\000P\031\212\2353k0\361\214ID\303g\277\010Y_\001~\021\333\370\255\374\\331\306\255\336)\365Rths!\003R7o\362bV\300hf\266\241;}\200^\374\240\203[:\342Q\225\221\027y\372\255\235\216\323~vG0E\002!\000\373\240\3755\2378\320fgjq\271\2130\273sC\374\365O\230\303\347\032\312\006\204mv-ah\002 7\305\325B\307\363\321N\235\374\035\242\241\367\r>\267\226I\224,\237\362\271\354\037\214P\030\315S2""; ","validation: """"\200\000\000\001&\000\000\000$)/\351\253 :\r\302\353\023?\373\240rQ\024\t\300.M\315\321S\257\224\252\362\326P\316\303%nX\3742\333\036\004Y\264yG^\234\177\214P\027\000\000\000\000\000\000\000\000\000\000\000\000\000\000\000\000\000\000\000\000\000\000\000\000\000\000\000\000\000\000\000\000P\031\212\2353k0\361\214ID\303g\277\010Y_\001~\021\333\370\255\374\\331\306\255\336)\365Rths!\003R7o\362bV\300hf\266\241;}\200^\374\240\203[:\342Q\225\221\027y\372\255\235\216\323~vG0E\002!\000\373\240\3755\2378\320fgjq\271\2130\273sC\374\365O\230\303\347\032\312\006\204mv-ah\002 7\305\325B\307\363\321N\235\374\035\242\241\367\r>\267\226I\224,\237\362\271\354\037\214P\030\315S2""; "
1750527648662,1750527648663,0,1,4,2,TMValidation,"validation: """"\200\000\000\001&\000\000\000$)/\351\253 :\r\302\353\023?\373\240rQ\024\t\300.M\315\321S\257\224\252\362\326P\316\303%nX\3742\333\036\004Y\264yG^\234\177\214P\027\000\000\000\000\000\000\000\000\000\000\000\000\000\000\000\000\000\000\000\000\000\000\000\000\000\000\000\000\000\000\000\000P\031\212\2353k0\361\214ID\303g\277\010Y_\001~\021\333\370\255\374\\331\306\255\336)\365Rths!\003R7o\362bV\300hf\266\241;}\200^\374\240\203[:\342Q\225\221\027y\372\255\235\216\323~vG0E\002!\000\373\240\3755\2378\320fgjq\271\2130\273sC\374\365O\230\303\347\032\312\006\204mv-ah\002 7\305\325B\307\363\321N\235\374\035\242\241\367\r>\267\226I\224,\237\362\271\354\037\214P\030\315S2""; ","validation: """"\200\000\000\001&\000\000\000$)/\351\253 :\r\302\353\023?\373\240rQ\024\t\300.M\315\321S\257\224\252\362\326P\316\303%nX\3742\333\036\004Y\264yG^\234\177\214P\027\000\000\000\000\000\000\000\000\000\000\000\000\000\000\000\000\000\000\000\000\000\000\000\000\000\000\000\000\000\000\000\000P\031\212\2353k0\361\214ID\303g\277\010Y_\001~\021\333\370\255\374\\331\306\255\336)\365Rths!\003R7o\362bV\300hf\266\241;}\200^\374\240\203[:\342Q\225\221\027y\372\255\235\216\323~vG0E\002!\000\373\240\3755\2378\320fgjq\271\2130\273sC\374\365O\230\303\347\032\312\006\204mv-ah\002 7\305\325B\307\363\321N\235\374\035\242\241\367\r>\267\226I\224,\237\362\271\354\037\214P\030\315S2""; "
1750527648663,1750527648663,0,1,4,1,TMValidation,"validation: """"\200\000\000\001&\000\000\000$)/\351\253 :\r\302\353\023?\373\240rQ\024\t\300.M\315\321S\257\224\252\362\326P\316\303%nX\3742\333\036\004Y\264yG^\234\177\214P\027\000\000\000\000\000\000\000\000\000\000\000\000\000\000\000\000\000\000\000\000\000\000\000\000\000\000\000\000\000\000\000\000P\031\212\2353k0\361\214ID\303g\277\010Y_\001~\021\333\370\255\374\\331\306\255\336)\365Rths!\003R7o\362bV\300hf\266\241;}\200^\374\240\203[:\342Q\225\221\027y\372\255\235\216\323~vG0E\002!\000\373\240\3755\2378\320fgjq\271\2130\273sC\374\365O\230\303\347\032\312\006\204mv-ah\002 7\305\325B\307\363\321N\235\374\035\242\241\367\r>\267\226I\224,\237\362\271\354\037\214P\030\315S2""; ","validation: """"\200\000\000\001&\000\000\000$)/\351\253 :\r\302\353\023?\373\240rQ\024\t\300.M\315\321S\257\224\252\362\326P\316\303%nX\3742\333\036\004Y\264yG^\234\177\214P\027\000\000\000\000\000\000\000\000\000\000\000\000\000\000\000\000\000\000\000\000\000\000\000\000\000\000\000\000\000\000\000\000P\031\212\2353k0\361\214ID\303g\277\010Y_\001~\021\333\370\255\374\\331\306\255\336)\365Rths!\003R7o\362bV\300hf\266\241;}\200^\374\240\203[:\342Q\225\221\027y\372\255\235\216\323~vG0E\002!\000\373\240\3755\2378\320fgjq\271\2130\273sC\374\365O\230\303\347\032\312\006\204mv-ah\002 7\305\325B\307\363\321N\235\374\035\242\241\367\r>\267\226I\224,\237\362\271\354\037\214P\030\315S2""; "
1750527648664,1750527648664,0,1,4,0,TMValidation,"validation: """"\200\000\000\001&\000\000\000$)/\351\253 :\r\302\353\023?\373\240rQ\024\t\300.M\315\321S\257\224\252\362\326P\316\303%nX\3742\333\036\004Y\264yG^\234\177\214P\027\000\000\000\000\000\000\000\000\000\000\000\000\000\000\000\000\000\000\000\000\000\000\000\000\000\000\000\000\000\000\000\000P\031\212\2353k0\361\214ID\303g\277\010Y_\001~\021\333\370\255\374\\331\306\255\336)\365Rths!\003R7o\362bV\300hf\266\241;}\200^\374\240\203[:\342Q\225\221\027y\372\255\235\216\323~vG0E\002!\000\373\240\3755\2378\320fgjq\271\2130\273sC\374\365O\230\303\347\032\312\006\204mv-ah\002 7\305\325B\307\363\321N\235\374\035\242\241\367\r>\267\226I\224,\237\362\271\354\037\214P\030\315S2""; ","validation: """"\200\000\000\001&\000\000\000$)/\351\253 :\r\302\353\023?\373\240rQ\024\t\300.M\315\321S\257\224\252\362\326P\316\303%nX\3742\333\036\004Y\264yG^\234\177\214P\027\000\000\000\000\000\000\000\000\000\000\000\000\000\000\000\000\000\000\000\000\000\000\000\000\000\000\000\000\000\000\000\000P\031\212\2353k0\361\214ID\303g\277\010Y_\001~\021\333\370\255\374\\331\306\255\336)\365Rths!\003R7o\362bV\300hf\266\241;}\200^\374\240\203[:\342Q\225\221\027y\372\255\235\216\323~vG0E\002!\000\373\240\3755\2378\320fgjq\271\2130\273sC\374\365O\230\303\347\032\312\006\204mv-ah\002 7\305\325B\307\363\321N\235\374\035\242\241\367\r>\267\226I\224,\237\362\271\354\037\214P\030\315S2""; "
1750527648665,1750527648665,0,1,3,2,TMValidation,"validation: """"\200\000\000\001&\000\000\000$)/\351\253 :\r\302\353\023?\373\240rQ\024\t\300.M\315\321S\257\224\252\362\326P\316\303%nX\3742\333\036\004Y\264yG^\234\177\214P\027\000\000\000\000\000\000\000\000\000\000\000\000\000\000\000\000\000\000\000\000\000\000\000\000\000\000\000\000\000\000\000\000P\031\212\2353k0\361\214ID\303g\277\010Y_\001~\021\333\370\255\374\\331\306\255\336)\365Rths!\003R7o\362bV\300hf\266\241;}\200^\374\240\203[:\342Q\225\221\027y\372\255\235\216\323~vG0E\002!\000\373\240\3755\2378\320fgjq\271\2130\273sC\374\365O\230\303\347\032\312\006\204mv-ah\002 7\305\325B\307\363\321N\235\374\035\242\241\367\r>\267\226I\224,\237\362\271\354\037\214P\030\315S2""; ","validation: """"\200\000\000\001&\000\000\000$)/\351\253 :\r\302\353\023?\373\240rQ\024\t\300.M\315\321S\257\224\252\362\326P\316\303%nX\3742\333\036\004Y\264yG^\234\177\214P\027\000\000\000\000\000\000\000\000\000\000\000\000\000\000\000\000\000\000\000\000\000\000\000\000\000\000\000\000\000\000\000\000P\031\212\2353k0\361\214ID\303g\277\010Y_\001~\021\333\370\255\374\\331\306\255\336)\365Rths!\003R7o\362bV\300hf\266\241;}\200^\374\240\203[:\342Q\225\221\027y\372\255\235\216\323~vG0E\002!\000\373\240\3755\2378\320fgjq\271\2130\273sC\374\365O\230\303\347\032\312\006\204mv-ah\002 7\305\325B\307\363\321N\235\374\035\242\241\367\r>\267\226I\224,\237\362\271\354\037\214P\030\315S2""; "
1750527648665,1750527648665,0,1,3,0,TMValidation,"validation: """"\200\000\000\001&\000\000\000$)/\351\253 :\r\302\353\023?\373\240rQ\024\t\300.M\315\321S\257\224\252\362\326P\316\303%nX\3742\333\036\004Y\264yG^\234\177\214P\027\000\000\000\000\000\000\000\000\000\000\000\000\000\000\000\000\000\000\000\000\000\000\000\000\000\000\000\000\000\000\000\000P\031\212\2353k0\361\214ID\303g\277\010Y_\001~\021\333\370\255\374\\331\306\255\336)\365Rths!\003R7o\362bV\300hf\266\241;}\200^\374\240\203[:\342Q\225\221\027y\372\255\235\216\323~vG0E\002!\000\373\240\3755\2378\320fgjq\271\2130\273sC\374\365O\230\303\347\032\312\006\204mv-ah\002 7\305\325B\307\363\321N\235\374\035\242\241\367\r>\267\226I\224,\237\362\271\354\037\214P\030\315S2""; ","validation: """"\200\000\000\001&\000\000\000$)/\351\253 :\r\302\353\023?\373\240rQ\024\t\300.M\315\321S\257\224\252\362\326P\316\303%nX\3742\333\036\004Y\264yG^\234\177\214P\027\000\000\000\000\000\000\000\000\000\000\000\000\000\000\000\000\000\000\000\000\000\000\000\000\000\000\000\000\000\000\000\000P\031\212\2353k0\361\214ID\303g\277\010Y_\001~\021\333\370\255\374\\331\306\255\336)\365Rths!\003R7o\362bV\300hf\266\241;}\200^\374\240\203[:\342Q\225\221\027y\372\255\235\216\323~vG0E\002!\000\373\240\3755\2378\320fgjq\271\2130\273sC\374\365O\230\303\347\032\312\006\204mv-ah\002 7\305\325B\307\363\321N\235\374\035\242\241\367\r>\267\226I\224,\237\362\271\354\037\214P\030\315S2""; "
1750527648665,1750527648666,0,1,3,1,TMValidation,"validation: """"\200\000\000\001&\000\000\000$)/\351\253 :\r\302\353\023?\373\240rQ\024\t\300.M\315\321S\257\224\252\362\326P\316\303%nX\3742\333\036\004Y\264yG^\234\177\214P\027\000\000\000\000\000\000\000\000\000\000\000\000\000\000\000\000\000\000\000\000\000\000\000\000\000\000\000\000\000\000\000\000P\031\212\2353k0\361\214ID\303g\277\010Y_\001~\021\333\370\255\374\\331\306\255\336)\365Rths!\003R7o\362bV\300hf\266\241;}\200^\374\240\203[:\342Q\225\221\027y\372\255\235\216\323~vG0E\002!\000\373\240\3755\2378\320fgjq\271\2130\273sC\374\365O\230\303\347\032\312\006\204mv-ah\002 7\305\325B\307\363\321N\235\374\035\242\241\367\r>\267\226I\224,\237\362\271\354\037\214P\030\315S2""; ","validation: """"\200\000\000\001&\000\000\000$)/\351\253 :\r\302\353\023?\373\240rQ\024\t\300.M\315\321S\257\224\252\362\326P\316\303%nX\3742\333\036\004Y\264yG^\234\177\214P\027\000\000\000\000\000\000\000\000\000\000\000\000\000\000\000\000\000\000\000\000\000\000\000\000\000\000\000\000\000\000\000\000P\031\212\2353k0\361\214ID\303g\277\010Y_\001~\021\333\370\255\374\\331\306\255\336)\365Rths!\003R7o\362bV\300hf\266\241;}\200^\374\240\203[:\342Q\225\221\027y\372\255\235\216\323~vG0E\002!\000\373\240\3755\2378\320fgjq\271\2130\273sC\374\365O\230\303\347\032\312\006\204mv-ah\002 7\305\325B\307\363\321N\235\374\035\242\241\367\r>\267\226I\224,\237\362\271\354\037\214P\030\315S2""; "
1750527648667,1750527648667,0,1,2,0,TMValidation,"validation: """"\200\000\000\001&\000\000\000$)/\351\253 :\r\302\353\023?\373\240rQ\024\t\300.M\315\321S\257\224\252\362\326P\316\303%nX\3742\333\036\004Y\264yG^\234\177\214P\027\000\000\000\000\000\000\000\000\000\000\000\000\000\000\000\000\000\000\000\000\000\000\000\000\000\000\000\000\000\000\000\000P\031\212\2353k0\361\214ID\303g\277\010Y_\001~\021\333\370\255\374\\331\306\255\336)\365Rths!\003R7o\362bV\300hf\266\241;}\200^\374\240\203[:\342Q\225\221\027y\372\255\235\216\323~vG0E\002!\000\373\240\3755\2378\320fgjq\271\2130\273sC\374\365O\230\303\347\032\312\006\204mv-ah\002 7\305\325B\307\363\321N\235\374\035\242\241\367\r>\267\226I\224,\237\362\271\354\037\214P\030\315S2""; ","validation: """"\200\000\000\001&\000\000\000$)/\351\253 :\r\302\353\023?\373\240rQ\024\t\300.M\315\321S\257\224\252\362\326P\316\303%nX\3742\333\036\004Y\264yG^\234\177\214P\027\000\000\000\000\000\000\000\000\000\000\000\000\000\000\000\000\000\000\000\000\000\000\000\000\000\000\000\000\000\000\000\000P\031\212\2353k0\361\214ID\303g\277\010Y_\001~\021\333\370\255\374\\331\306\255\336)\365Rths!\003R7o\362bV\300hf\266\241;}\200^\374\240\203[:\342Q\225\221\027y\372\255\235\216\323~vG0E\002!\000\373\240\3755\2378\320fgjq\271\2130\273sC\374\365O\230\303\347\032\312\006\204mv-ah\002 7\305\325B\307\363\321N\235\374\035\242\241\367\r>\267\226I\224,\237\362\271\354\037\214P\030\315S2""; "
1750527648667,1750527648667,0,1,2,3,TMValidation,"validation: """"\200\000\000\001&\000\000\000$)/\351\253 :\r\302\353\023?\373\240rQ\024\t\300.M\315\321S\257\224\252\362\326P\316\303%nX\3742\333\036\004Y\264yG^\234\177\214P\027\000\000\000\000\000\000\000\000\000\000\000\000\000\000\000\000\000\000\000\000\000\000\000\000\000\000\000\000\000\000\000\000P\031\212\2353k0\361\214ID\303g\277\010Y_\001~\021\333\370\255\374\\331\306\255\336)\365Rths!\003R7o\362bV\300hf\266\241;}\200^\374\240\203[:\342Q\225\221\027y\372\255\235\216\323~vG0E\002!\000\373\240\3755\2378\320fgjq\271\2130\273sC\374\365O\230\303\347\032\312\006\204mv-ah\002 7\305\325B\307\363\321N\235\374\035\242\241\367\r>\267\226I\224,\237\362\271\354\037\214P\030\315S2""; ","validation: """"\200\000\000\001&\000\000\000$)/\351\253 :\r\302\353\023?\373\240rQ\024\t\300.M\315\321S\257\224\252\362\326P\316\303%nX\3742\333\036\004Y\264yG^\234\177\214P\027\000\000\000\000\000\000\000\000\000\000\000\000\000\000\000\000\000\000\000\000\000\000\000\000\000\000\000\000\000\000\000\000P\031\212\2353k0\361\214ID\303g\277\010Y_\001~\021\333\370\255\374\\331\306\255\336)\365Rths!\003R7o\362bV\300hf\266\241;}\200^\374\240\203[:\342Q\225\221\027y\372\255\235\216\323~vG0E\002!\000\373\240\3755\2378\320fgjq\271\2130\273sC\374\365O\230\303\347\032\312\006\204mv-ah\002 7\305\325B\307\363\321N\235\374\035\242\241\367\r>\267\226I\224,\237\362\271\354\037\214P\030\315S2""; "
1750527648667,1750527648667,0,1,2,1,TMValidation,"validation: """"\200\000\000\001&\000\000\000$)/\351\253 :\r\302\353\023?\373\240rQ\024\t\300.M\315\321S\257\224\252\362\326P\316\303%nX\3742\333\036\004Y\264yG^\234\177\214P\027\000\000\000\000\000\000\000\000\000\000\000\000\000\000\000\000\000\000\000\000\000\000\000\000\000\000\000\000\000\000\000\000P\031\212\2353k0\361\214ID\303g\277\010Y_\001~\021\333\370\255\374\\331\306\255\336)\365Rths!\003R7o\362bV\300hf\266\241;}\200^\374\240\203[:\342Q\225\221\027y\372\255\235\216\323~vG0E\002!\000\373\240\3755\2378\320fgjq\271\2130\273sC\374\365O\230\303\347\032\312\006\204mv-ah\002 7\305\325B\307\363\321N\235\374\035\242\241\367\r>\267\226I\224,\237\362\271\354\037\214P\030\315S2""; ","validation: """"\200\000\000\001&\000\000\000$)/\351\253 :\r\302\353\023?\373\240rQ\024\t\300.M\315\321S\257\224\252\362\326P\316\303%nX\3742\333\036\004Y\264yG^\234\177\214P\027\000\000\000\000\000\000\000\000\000\000\000\000\000\000\000\000\000\000\000\000\000\000\000\000\000\000\000\000\000\000\000\000P\031\212\2353k0\361\214ID\303g\277\010Y_\001~\021\333\370\255\374\\331\306\255\336)\365Rths!\003R7o\362bV\300hf\266\241;}\200^\374\240\203[:\342Q\225\221\027y\372\255\235\216\323~vG0E\002!\000\373\240\3755\2378\320fgjq\271\2130\273sC\374\365O\230\303\347\032\312\006\204mv-ah\002 7\305\325B\307\363\321N\235\374\035\242\241\367\r>\267\226I\224,\237\362\271\354\037\214P\030\315S2""; "
1750527648668,1750527648668,0,1,0,1,TMValidation,"validation: """"\200\000\000\001&\000\000\000$)/\351\253 :\r\302\353\023?\373\240rQ\024\t\300.M\315\321S\257\224\252\362\326P\316\303%nX\3742\333\036\004Y\264yG^\234\177\214P\027\000\000\000\000\000\000\000\000\000\000\000\000\000\000\000\000\000\000\000\000\000\000\000\000\000\000\000\000\000\000\000\000P\031\212\2353k0\361\214ID\303g\277\010Y_\001~\021\333\370\255\374\\331\306\255\336)\365Rths!\003R7o\362bV\300hf\266\241;}\200^\374\240\203[:\342Q\225\221\027y\372\255\235\216\323~vG0E\002!\000\373\240\3755\2378\320fgjq\271\2130\273sC\374\365O\230\303\347\032\312\006\204mv-ah\002 7\305\325B\307\363\321N\235\374\035\242\241\367\r>\267\226I\224,\237\362\271\354\037\214P\030\315S2""; ","validation: """"\200\000\000\001&\000\000\000$)/\351\253 :\r\302\353\023?\373\240rQ\024\t\300.M\315\321S\257\224\252\362\326P\316\303%nX\3742\333\036\004Y\264yG^\234\177\214P\027\000\000\000\000\000\000\000\000\000\000\000\000\000\000\000\000\000\000\000\000\000\000\000\000\000\000\000\000\000\000\000\000P\031\212\2353k0\361\214ID\303g\277\010Y_\001~\021\333\370\255\374\\331\306\255\336)\365Rths!\003R7o\362bV\300hf\266\241;}\200^\374\240\203[:\342Q\225\221\027y\372\255\235\216\323~vG0E\002!\000\373\240\3755\2378\320fgjq\271\2130\273sC\374\365O\230\303\347\032\312\006\204mv-ah\002 7\305\325B\307\363\321N\235\374\035\242\241\367\r>\267\226I\224,\237\362\271\354\037\214P\030\315S2""; "
1750527648669,1750527648669,0,1,0,3,TMValidation,"validation: """"\200\000\000\001&\000\000\000$)/\351\253 :\r\302\353\023?\373\240rQ\024\t\300.M\315\321S\257\224\252\362\326P\316\303%nX\3742\333\036\004Y\264yG^\234\177\214P\027\000\000\000\000\000\000\000\000\000\000\000\000\000\000\000\000\000\000\000\000\000\000\000\000\000\000\000\000\000\000\000\000P\031\212\2353k0\361\214ID\303g\277\010Y_\001~\021\333\370\255\374\\331\306\255\336)\365Rths!\003R7o\362bV\300hf\266\241;}\200^\374\240\203[:\342Q\225\221\027y\372\255\235\216\323~vG0E\002!\000\373\240\3755\2378\320fgjq\271\2130\273sC\374\365O\230\303\347\032\312\006\204mv-ah\002 7\305\325B\307\363\321N\235\374\035\242\241\367\r>\267\226I\224,\237\362\271\354\037\214P\030\315S2""; ","validation: """"\200\000\000\001&\000\000\000$)/\351\253 :\r\302\353\023?\373\240rQ\024\t\300.M\315\321S\257\224\252\362\326P\316\303%nX\3742\333\036\004Y\264yG^\234\177\214P\027\000\000\000\000\000\000\000\000\000\000\000\000\000\000\000\000\000\000\000\000\000\000\000\000\000\000\000\000\000\000\000\000P\031\212\2353k0\361\214ID\303g\277\010Y_\001~\021\333\370\255\374\\331\306\255\336)\365Rths!\003R7o\362bV\300hf\266\241;}\200^\374\240\203[:\342Q\225\221\027y\372\255\235\216\323~vG0E\002!\000\373\240\3755\2378\320fgjq\271\2130\273sC\374\365O\230\303\347\032\312\006\204mv-ah\002 7\305\325B\307\363\321N\235\374\035\242\241\367\r>\267\226I\224,\237\362\271\354\037\214P\030\315S2""; "
1750527648669,1750527648669,0,1,0,2,TMValidation,"validation: """"\200\000\000\001&\000\000\000$)/\351\253 :\r\302\353\023?\373\240rQ\024\t\300.M\315\321S\257\224\252\362\326P\316\303%nX\3742\333\036\004Y\264yG^\234\177\214P\027\000\000\000\000\000\000\000\000\000\000\000\000\000\000\000\000\000\000\000\000\000\000\000\000\000\000\000\000\000\000\000\000P\031\212\2353k0\361\214ID\303g\277\010Y_\001~\021\333\370\255\374\\331\306\255\336)\365Rths!\003R7o\362bV\300hf\266\241;}\200^\374\240\203[:\342Q\225\221\027y\372\255\235\216\323~vG0E\002!\000\373\240\3755\2378\320fgjq\271\2130\273sC\374\365O\230\303\347\032\312\006\204mv-ah\002 7\305\325B\307\363\321N\235\374\035\242\241\367\r>\267\226I\224,\237\362\271\354\037\214P\030\315S2""; ","validation: """"\200\000\000\001&\000\000\000$)/\351\253 :\r\302\353\023?\373\240rQ\024\t\300.M\315\321S\257\224\252\362\326P\316\303%nX\3742\333\036\004Y\264yG^\234\177\214P\027\000\000\000\000\000\000\000\000\000\000\000\000\000\000\000\000\000\000\000\000\000\000\000\000\000\000\000\000\000\000\000\000P\031\212\2353k0\361\214ID\303g\277\010Y_\001~\021\333\370\255\374\\331\306\255\336)\365Rths!\003R7o\362bV\300hf\266\241;}\200^\374\240\203[:\342Q\225\221\027y\372\255\235\216\323~vG0E\002!\000\373\240\3755\2378\320fgjq\271\2130\273sC\374\365O\230\303\347\032\312\006\204mv-ah\002 7\305\325B\307\363\321N\235\374\035\242\241\367\r>\267\226I\224,\237\362\271\354\037\214P\030\315S2""; "
1750527648671,1750527648671,0,1,1,0,TMValidation,"validation: """"\200\000\000\001&\000\000\000$)/\351\253 :\r\302\353\023?\373\240rQ\024\t\300.M\315\321S\257\224\252\362\326P\316\303%nX\3742\333\036\004Y\264yG^\234\177\214P\027\000\000\000\000\000\000\000\000\000\000\000\000\000\000\000\000\000\000\000\000\000\000\000\000\000\000\000\000\000\000\000\000P\031\212\2353k0\361\214ID\303g\277\010Y_\001~\021\333\370\255\374\\331\306\255\336)\365Rths!\003R7o\362bV\300hf\266\241;}\200^\374\240\203[:\342Q\225\221\027y\372\255\235\216\323~vG0E\002!\000\373\240\3755\2378\320fgjq\271\2130\273sC\374\365O\230\303\347\032\312\006\204mv-ah\002 7\305\325B\307\363\321N\235\374\035\242\241\367\r>\267\226I\224,\237\362\271\354\037\214P\030\315S2""; ","validation: """"\200\000\000\001&\000\000\000$)/\351\253 :\r\302\353\023?\373\240rQ\024\t\300.M\315\321S\257\224\252\362\326P\316\303%nX\3742\333\036\004Y\264yG^\234\177\214P\027\000\000\000\000\000\000\000\000\000\000\000\000\000\000\000\000\000\000\000\000\000\000\000\000\000\000\000\000\000\000\000\000P\031\212\2353k0\361\214ID\303g\277\010Y_\001~\021\333\370\255\374\\331\306\255\336)\365Rths!\003R7o\362bV\300hf\266\241;}\200^\374\240\203[:\342Q\225\221\027y\372\255\235\216\323~vG0E\002!\000\373\240\3755\2378\320fgjq\271\2130\273sC\374\365O\230\303\347\032\312\006\204mv-ah\002 7\305\325B\307\363\321N\235\374\035\242\241\367\r>\267\226I\224,\237\362\271\354\037\214P\030\315S2""; "
1750527649413,1750527649413,0,1,3,0,TMEndpoints,version: 2; ,version: 2; 
1750527649414,1750527649414,0,1,3,4,TMEndpoints,version: 2; ,version: 2; 
1750527649414,1750527649414,0,1,3,2,TMEndpoints,version: 2; ,version: 2; 
1750527649414,1750527649414,0,1,3,1,TMEndpoints,version: 2; ,version: 2; 
1750527649455,1750527649455,0,1,3,2,TMProposeSet,"proposeSeq: 0; currentTxHash: ""\000\000\000\000\000\000\000\000\000\000\000\000\000\000\000\000\000\000\000\000\000\000\000\000\000\000\000\000\000\000\000\000""; nodePubKey: ""\002\364d\217\366\217|\316F\232\231\241\n\261\333`\312O\367\235\025DD\336e\367\n\312\326\221\037\025\230""; closeTime: 803842849; signature: ""0E\002!\000\364\354pdRM\324N\314\244\374vA\216\254\346\031\206\357\005-\360\017t\373\314\206\210W\206\3542\002 \027\002\030\236\273,\217G\222\254u\256\005\305%\323\373gR(\271\326\004C.\250\204\375\224n\301k""; previousledger: ""\024\t\300.M\315\321S\257\224\252\362\326P\316\303%nX\3742\333\036\004Y\264yG^\234\177\214""; ","proposeSeq: 0; currentTxHash: ""\000\000\000\000\000\000\000\000\000\000\000\000\000\000\000\000\000\000\000\000\000\000\000\000\000\000\000\000\000\000\000\000""; nodePubKey: ""\002\364d\217\366\217|\316F\232\231\241\n\261\333`\312O\367\235\025DD\336e\367\n\312\326\221\037\025\230""; closeTime: 803842849; signature: ""0E\002!\000\364\354pdRM\324N\314\244\374vA\216\254\346\031\206\357\005-\360\017t\373\314\206\210W\206\3542\002 \027\002\030\236\273,\217G\222\254u\256\005\305%\323\373gR(\271\326\004C.\250\204\375\224n\301k""; previousledger: ""\024\t\300.M\315\321S\257\224\252\362\326P\316\303%nX\3742\333\036\004Y\264yG^\234\177\214""; "
1750527649457,1750527649457,0,1,3,0,TMProposeSet,"proposeSeq: 0; currentTxHash: ""\000\000\000\000\000\000\000\000\000\000\000\000\000\000\000\000\000\000\000\000\000\000\000\000\000\000\000\000\000\000\000\000""; nodePubKey: ""\002\364d\217\366\217|\316F\232\231\241\n\261\333`\312O\367\235\025DD\336e\367\n\312\326\221\037\025\230""; closeTime: 803842849; signature: ""0E\002!\000\364\354pdRM\324N\314\244\374vA\216\254\346\031\206\357\005-\360\017t\373\314\206\210W\206\3542\002 \027\002\030\236\273,\217G\222\254u\256\005\305%\323\373gR(\271\326\004C.\250\204\375\224n\301k""; previousledger: ""\024\t\300.M\315\321S\257\224\252\362\326P\316\303%nX\3742\333\036\004Y\264yG^\234\177\214""; ","proposeSeq: 0; currentTxHash: ""\000\000\000\000\000\000\000\000\000\000\000\000\000\000\000\000\000\000\000\000\000\000\000\000\000\000\000\000\000\000\000\000""; nodePubKey: ""\002\364d\217\366\217|\316F\232\231\241\n\261\333`\312O\367\235\025DD\336e\367\n\312\326\221\037\025\230""; closeTime: 803842849; signature: ""0E\002!\000\364\354pdRM\324N\314\244\374vA\216\254\346\031\206\357\005-\360\017t\373\314\206\210W\206\3542\002 \027\002\030\236\273,\217G\222\254u\256\005\305%\323\373gR(\271\326\004C.\250\204\375\224n\301k""; previousledger: ""\024\t\300.M\315\321S\257\224\252\362\326P\316\303%nX\3742\333\036\004Y\264yG^\234\177\214""; "
1750527649458,1750527649458,0,1,3,1,TMProposeSet,"proposeSeq: 0; currentTxHash: ""\000\000\000\000\000\000\000\000\000\000\000\000\000\000\000\000\000\000\000\000\000\000\000\000\000\000\000\000\000\000\000\000""; nodePubKey: ""\002\364d\217\366\217|\316F\232\231\241\n\261\333`\312O\367\235\025DD\336e\367\n\312\326\221\037\025\230""; closeTime: 803842849; signature: ""0E\002!\000\364\354pdRM\324N\314\244\374vA\216\254\346\031\206\357\005-\360\017t\373\314\206\210W\206\3542\002 \027\002\030\236\273,\217G\222\254u\256\005\305%\323\373gR(\271\326\004C.\250\204\375\224n\301k""; previousledger: ""\024\t\300.M\315\321S\257\224\252\362\326P\316\303%nX\3742\333\036\004Y\264yG^\234\177\214""; ","proposeSeq: 0; currentTxHash: ""\000\000\000\000\000\000\000\000\000\000\000\000\000\000\000\000\000\000\000\000\000\000\000\000\000\000\000\000\000\000\000\000""; nodePubKey: ""\002\364d\217\366\217|\316F\232\231\241\n\261\333`\312O\367\235\025DD\336e\367\n\312\326\221\037\025\230""; closeTime: 803842849; signature: ""0E\002!\000\364\354pdRM\324N\314\244\374vA\216\254\346\031\206\357\005-\360\017t\373\314\206\210W\206\3542\002 \027\002\030\236\273,\217G\222\254u\256\005\305%\323\373gR(\271\326\004C.\250\204\375\224n\301k""; previousledger: ""\024\t\300.M\315\321S\257\224\252\362\326P\316\303%nX\3742\333\036\004Y\264yG^\234\177\214""; "
1750527649457,1750527649457,0,1,3,4,TMProposeSet,"proposeSeq: 0; currentTxHash: ""\000\000\000\000\000\000\000\000\000\000\000\000\000\000\000\000\000\000\000\000\000\000\000\000\000\000\000\000\000\000\000\000""; nodePubKey: ""\002\364d\217\366\217|\316F\232\231\241\n\261\333`\312O\367\235\025DD\336e\367\n\312\326\221\037\025\230""; closeTime: 803842849; signature: ""0E\002!\000\364\354pdRM\324N\314\244\374vA\216\254\346\031\206\357\005-\360\017t\373\314\206\210W\206\3542\002 \027\002\030\236\273,\217G\222\254u\256\005\305%\323\373gR(\271\326\004C.\250\204\375\224n\301k""; previousledger: ""\024\t\300.M\315\321S\257\224\252\362\326P\316\303%nX\3742\333\036\004Y\264yG^\234\177\214""; ","proposeSeq: 0; currentTxHash: ""\000\000\000\000\000\000\000\000\000\000\000\000\000\000\000\000\000\000\000\000\000\000\000\000\000\000\000\000\000\000\000\000""; nodePubKey: ""\002\364d\217\366\217|\316F\232\231\241\n\261\333`\312O\367\235\025DD\336e\367\n\312\326\221\037\025\230""; closeTime: 803842849; signature: ""0E\002!\000\364\354pdRM\324N\314\244\374vA\216\254\346\031\206\357\005-\360\017t\373\314\206\210W\206\3542\002 \027\002\030\236\273,\217G\222\254u\256\005\305%\323\373gR(\271\326\004C.\250\204\375\224n\301k""; previousledger: ""\024\t\300.M\315\321S\257\224\252\362\326P\316\303%nX\3742\333\036\004Y\264yG^\234\177\214""; "
1750527649460,1750527649460,0,1,4,0,TMProposeSet,"proposeSeq: 0; currentTxHash: ""\000\000\000\000\000\000\000\000\000\000\000\000\000\000\000\000\000\000\000\000\000\000\000\000\000\000\000\000\000\000\000\000""; nodePubKey: ""\002\364d\217\366\217|\316F\232\231\241\n\261\333`\312O\367\235\025DD\336e\367\n\312\326\221\037\025\230""; closeTime: 803842849; signature: ""0E\002!\000\364\354pdRM\324N\314\244\374vA\216\254\346\031\206\357\005-\360\017t\373\314\206\210W\206\3542\002 \027\002\030\236\273,\217G\222\254u\256\005\305%\323\373gR(\271\326\004C.\250\204\375\224n\301k""; previousledger: ""\024\t\300.M\315\321S\257\224\252\362\326P\316\303%nX\3742\333\036\004Y\264yG^\234\177\214""; ","proposeSeq: 0; currentTxHash: ""\000\000\000\000\000\000\000\000\000\000\000\000\000\000\000\000\000\000\000\000\000\000\000\000\000\000\000\000\000\000\000\000""; nodePubKey: ""\002\364d\217\366\217|\316F\232\231\241\n\261\333`\312O\367\235\025DD\336e\367\n\312\326\221\037\025\230""; closeTime: 803842849; signature: ""0E\002!\000\364\354pdRM\324N\314\244\374vA\216\254\346\031\206\357\005-\360\017t\373\314\206\210W\206\3542\002 \027\002\030\236\273,\217G\222\254u\256\005\305%\323\373gR(\271\326\004C.\250\204\375\224n\301k""; previousledger: ""\024\t\300.M\315\321S\257\224\252\362\326P\316\303%nX\3742\333\036\004Y\264yG^\234\177\214""; "
1750527649461,1750527649461,0,1,4,2,TMProposeSet,"proposeSeq: 0; currentTxHash: ""\000\000\000\000\000\000\000\000\000\000\000\000\000\000\000\000\000\000\000\000\000\000\000\000\000\000\000\000\000\000\000\000""; nodePubKey: ""\002\364d\217\366\217|\316F\232\231\241\n\261\333`\312O\367\235\025DD\336e\367\n\312\326\221\037\025\230""; closeTime: 803842849; signature: ""0E\002!\000\364\354pdRM\324N\314\244\374vA\216\254\346\031\206\357\005-\360\017t\373\314\206\210W\206\3542\002 \027\002\030\236\273,\217G\222\254u\256\005\305%\323\373gR(\271\326\004C.\250\204\375\224n\301k""; previousledger: ""\024\t\300.M\315\321S\257\224\252\362\326P\316\303%nX\3742\333\036\004Y\264yG^\234\177\214""; ","proposeSeq: 0; currentTxHash: ""\000\000\000\000\000\000\000\000\000\000\000\000\000\000\000\000\000\000\000\000\000\000\000\000\000\000\000\000\000\000\000\000""; nodePubKey: ""\002\364d\217\366\217|\316F\232\231\241\n\261\333`\312O\367\235\025DD\336e\367\n\312\326\221\037\025\230""; closeTime: 803842849; signature: ""0E\002!\000\364\354pdRM\324N\314\244\374vA\216\254\346\031\206\357\005-\360\017t\373\314\206\210W\206\3542\002 \027\002\030\236\273,\217G\222\254u\256\005\305%\323\373gR(\271\326\004C.\250\204\375\224n\301k""; previousledger: ""\024\t\300.M\315\321S\257\224\252\362\326P\316\303%nX\3742\333\036\004Y\264yG^\234\177\214""; "
1750527649461,1750527649461,0,1,4,1,TMProposeSet,"proposeSeq: 0; currentTxHash: ""\000\000\000\000\000\000\000\000\000\000\000\000\000\000\000\000\000\000\000\000\000\000\000\000\000\000\000\000\000\000\000\000""; nodePubKey: ""\002\364d\217\366\217|\316F\232\231\241\n\261\333`\312O\367\235\025DD\336e\367\n\312\326\221\037\025\230""; closeTime: 803842849; signature: ""0E\002!\000\364\354pdRM\324N\314\244\374vA\216\254\346\031\206\357\005-\360\017t\373\314\206\210W\206\3542\002 \027\002\030\236\273,\217G\222\254u\256\005\305%\323\373gR(\271\326\004C.\250\204\375\224n\301k""; previousledger: ""\024\t\300.M\315\321S\257\224\252\362\326P\316\303%nX\3742\333\036\004Y\264yG^\234\177\214""; ","proposeSeq: 0; currentTxHash: ""\000\000\000\000\000\000\000\000\000\000\000\000\000\000\000\000\000\000\000\000\000\000\000\000\000\000\000\000\000\000\000\000""; nodePubKey: ""\002\364d\217\366\217|\316F\232\231\241\n\261\333`\312O\367\235\025DD\336e\367\n\312\326\221\037\025\230""; closeTime: 803842849; signature: ""0E\002!\000\364\354pdRM\324N\314\244\374vA\216\254\346\031\206\357\005-\360\017t\373\314\206\210W\206\3542\002 \027\002\030\236\273,\217G\222\254u\256\005\305%\323\373gR(\271\326\004C.\250\204\375\224n\301k""; previousledger: ""\024\t\300.M\315\321S\257\224\252\362\326P\316\303%nX\3742\333\036\004Y\264yG^\234\177\214""; "
1750527649456,1750527649494,0,1,3,2,TMStatusChange,"newEvent: neCLOSING_LEDGER; ledgerSeq: 36; ledgerHash: ""\024\t\300.M\315\321S\257\224\252\362\326P\316\303%nX\3742\333\036\004Y\264yG^\234\177\214""; ledgerHashPrevious: ""\212\2353k0\361\214ID\303g\277\010Y_\001~\021\333\370\255\374\\331\306\255\336)\365Rth""; networkTime: 803842849; firstSeq: 1; lastSeq: 36; ","newEvent: neCLOSING_LEDGER; ledgerSeq: 36; ledgerHash: ""\024\t\300.M\315\321S\257\224\252\362\326P\316\303%nX\3742\333\036\004Y\264yG^\234\177\214""; ledgerHashPrevious: ""\212\2353k0\361\214ID\303g\277\010Y_\001~\021\333\370\255\374\\331\306\255\336)\365Rth""; networkTime: 803842849; firstSeq: 1; lastSeq: 36; "
1750527649457,1750527649494,0,1,3,4,TMStatusChange,"newEvent: neCLOSING_LEDGER; ledgerSeq: 36; ledgerHash: ""\024\t\300.M\315\321S\257\224\252\362\326P\316\303%nX\3742\333\036\004Y\264yG^\234\177\214""; ledgerHashPrevious: ""\212\2353k0\361\214ID\303g\277\010Y_\001~\021\333\370\255\374\\331\306\255\336)\365Rth""; networkTime: 803842849; firstSeq: 1; lastSeq: 36; ","newEvent: neCLOSING_LEDGER; ledgerSeq: 36; ledgerHash: ""\024\t\300.M\315\321S\257\224\252\362\326P\316\303%nX\3742\333\036\004Y\264yG^\234\177\214""; ledgerHashPrevious: ""\212\2353k0\361\214ID\303g\277\010Y_\001~\021\333\370\255\374\\331\306\255\336)\365Rth""; networkTime: 803842849; firstSeq: 1; lastSeq: 36; "
1750527649458,1750527649495,0,1,3,1,TMStatusChange,"newEvent: neCLOSING_LEDGER; ledgerSeq: 36; ledgerHash: ""\024\t\300.M\315\321S\257\224\252\362\326P\316\303%nX\3742\333\036\004Y\264yG^\234\177\214""; ledgerHashPrevious: ""\212\2353k0\361\214ID\303g\277\010Y_\001~\021\333\370\255\374\\331\306\255\336)\365Rth""; networkTime: 803842849; firstSeq: 1; lastSeq: 36; ","newEvent: neCLOSING_LEDGER; ledgerSeq: 36; ledgerHash: ""\024\t\300.M\315\321S\257\224\252\362\326P\316\303%nX\3742\333\036\004Y\264yG^\234\177\214""; ledgerHashPrevious: ""\212\2353k0\361\214ID\303g\277\010Y_\001~\021\333\370\255\374\\331\306\255\336)\365Rth""; networkTime: 803842849; firstSeq: 1; lastSeq: 36; "
1750527649458,1750527649495,0,1,3,0,TMStatusChange,"newEvent: neCLOSING_LEDGER; ledgerSeq: 36; ledgerHash: ""\024\t\300.M\315\321S\257\224\252\362\326P\316\303%nX\3742\333\036\004Y\264yG^\234\177\214""; ledgerHashPrevious: ""\212\2353k0\361\214ID\303g\277\010Y_\001~\021\333\370\255\374\\331\306\255\336)\365Rth""; networkTime: 803842849; firstSeq: 1; lastSeq: 36; ","newEvent: neCLOSING_LEDGER; ledgerSeq: 36; ledgerHash: ""\024\t\300.M\315\321S\257\224\252\362\326P\316\303%nX\3742\333\036\004Y\264yG^\234\177\214""; ledgerHashPrevious: ""\212\2353k0\361\214ID\303g\277\010Y_\001~\021\333\370\255\374\\331\306\255\336)\365Rth""; networkTime: 803842849; firstSeq: 1; lastSeq: 36; "
1750527649619,1750527649619,0,1,4,2,TMProposeSet,"proposeSeq: 0; currentTxHash: ""\000\000\000\000\000\000\000\000\000\000\000\000\000\000\000\000\000\000\000\000\000\000\000\000\000\000\000\000\000\000\000\000""; nodePubKey: ""\003R7o\362bV\300hf\266\241;}\200^\374\240\203[:\342Q\225\221\027y\372\255\235\216\323~""; closeTime: 803842849; signature: ""0E\002!\000\371\350\307\240/WY\333\246\017\014\336zi\013\004\240DwB\307\72\025\257\233\277\016Y\226\235\002 b\236\370\272\320\346J\244\020_'\317\027e\033\035\203\324\224M\203S/2(CZz\252\257\245\333""; previousledger: ""\024\t\300.M\315\321S\257\224\252\362\326P\316\303%nX\3742\333\036\004Y\264yG^\234\177\214""; ","proposeSeq: 0; currentTxHash: ""\000\000\000\000\000\000\000\000\000\000\000\000\000\000\000\000\000\000\000\000\000\000\000\000\000\000\000\000\000\000\000\000""; nodePubKey: ""\003R7o\362bV\300hf\266\241;}\200^\374\240\203[:\342Q\225\221\027y\372\255\235\216\323~""; closeTime: 803842849; signature: ""0E\002!\000\371\350\307\240/WY\333\246\017\014\336zi\013\004\240DwB\307\72\025\257\233\277\016Y\226\235\002 b\236\370\272\320\346J\244\020_'\317\027e\033\035\203\324\224M\203S/2(CZz\252\257\245\333""; previousledger: ""\024\t\300.M\315\321S\257\224\252\362\326P\316\303%nX\3742\333\036\004Y\264yG^\234\177\214""; "
1750527649621,1750527649621,0,1,4,3,TMProposeSet,"proposeSeq: 0; currentTxHash: ""\000\000\000\000\000\000\000\000\000\000\000\000\000\000\000\000\000\000\000\000\000\000\000\000\000\000\000\000\000\000\000\000""; nodePubKey: ""\003R7o\362bV\300hf\266\241;}\200^\374\240\203[:\342Q\225\221\027y\372\255\235\216\323~""; closeTime: 803842849; signature: ""0E\002!\000\371\350\307\240/WY\333\246\017\014\336zi\013\004\240DwB\307\72\025\257\233\277\016Y\226\235\002 b\236\370\272\320\346J\244\020_'\317\027e\033\035\203\324\224M\203S/2(CZz\252\257\245\333""; previousledger: ""\024\t\300.M\315\321S\257\224\252\362\326P\316\303%nX\3742\333\036\004Y\264yG^\234\177\214""; ","proposeSeq: 0; currentTxHash: ""\000\000\000\000\000\000\000\000\000\000\000\000\000\000\000\000\000\000\000\000\000\000\000\000\000\000\000\000\000\000\000\000""; nodePubKey: ""\003R7o\362bV\300hf\266\241;}\200^\374\240\203[:\342Q\225\221\027y\372\255\235\216\323~""; closeTime: 803842849; signature: ""0E\002!\000\371\350\307\240/WY\333\246\017\014\336zi\013\004\240DwB\307\72\025\257\233\277\016Y\226\235\002 b\236\370\272\320\346J\244\020_'\317\027e\033\035\203\324\224M\203S/2(CZz\252\257\245\333""; previousledger: ""\024\t\300.M\315\321S\257\224\252\362\326P\316\303%nX\3742\333\036\004Y\264yG^\234\177\214""; "
1750527649620,1750527649620,0,1,4,0,TMProposeSet,"proposeSeq: 0; currentTxHash: ""\000\000\000\000\000\000\000\000\000\000\000\000\000\000\000\000\000\000\000\000\000\000\000\000\000\000\000\000\000\000\000\000""; nodePubKey: ""\003R7o\362bV\300hf\266\241;}\200^\374\240\203[:\342Q\225\221\027y\372\255\235\216\323~""; closeTime: 803842849; signature: ""0E\002!\000\371\350\307\240/WY\333\246\017\014\336zi\013\004\240DwB\307\72\025\257\233\277\016Y\226\235\002 b\236\370\272\320\346J\244\020_'\317\027e\033\035\203\324\224M\203S/2(CZz\252\257\245\333""; previousledger: ""\024\t\300.M\315\321S\257\224\252\362\326P\316\303%nX\3742\333\036\004Y\264yG^\234\177\214""; ","proposeSeq: 0; currentTxHash: ""\000\000\000\000\000\000\000\000\000\000\000\000\000\000\000\000\000\000\000\000\000\000\000\000\000\000\000\000\000\000\000\000""; nodePubKey: ""\003R7o\362bV\300hf\266\241;}\200^\374\240\203[:\342Q\225\221\027y\372\255\235\216\323~""; closeTime: 803842849; signature: ""0E\002!\000\371\350\307\240/WY\333\246\017\014\336zi\013\004\240DwB\307\72\025\257\233\277\016Y\226\235\002 b\236\370\272\320\346J\244\020_'\317\027e\033\035\203\324\224M\203S/2(CZz\252\257\245\333""; previousledger: ""\024\t\300.M\315\321S\257\224\252\362\326P\316\303%nX\3742\333\036\004Y\264yG^\234\177\214""; "
1750527649621,1750527649621,0,1,4,1,TMProposeSet,"proposeSeq: 0; currentTxHash: ""\000\000\000\000\000\000\000\000\000\000\000\000\000\000\000\000\000\000\000\000\000\000\000\000\000\000\000\000\000\000\000\000""; nodePubKey: ""\003R7o\362bV\300hf\266\241;}\200^\374\240\203[:\342Q\225\221\027y\372\255\235\216\323~""; closeTime: 803842849; signature: ""0E\002!\000\371\350\307\240/WY\333\246\017\014\336zi\013\004\240DwB\307\72\025\257\233\277\016Y\226\235\002 b\236\370\272\320\346J\244\020_'\317\027e\033\035\203\324\224M\203S/2(CZz\252\257\245\333""; previousledger: ""\024\t\300.M\315\321S\257\224\252\362\326P\316\303%nX\3742\333\036\004Y\264yG^\234\177\214""; ","proposeSeq: 0; currentTxHash: ""\000\000\000\000\000\000\000\000\000\000\000\000\000\000\000\000\000\000\000\000\000\000\000\000\000\000\000\000\000\000\000\000""; nodePubKey: ""\003R7o\362bV\300hf\266\241;}\200^\374\240\203[:\342Q\225\221\027y\372\255\235\216\323~""; closeTime: 803842849; signature: ""0E\002!\000\371\350\307\240/WY\333\246\017\014\336zi\013\004\240DwB\307\72\025\257\233\277\016Y\226\235\002 b\236\370\272\320\346J\244\020_'\317\027e\033\035\203\324\224M\203S/2(CZz\252\257\245\333""; previousledger: ""\024\t\300.M\315\321S\257\224\252\362\326P\316\303%nX\3742\333\036\004Y\264yG^\234\177\214""; "
1750527649623,1750527649623,0,1,3,2,TMProposeSet,"proposeSeq: 0; currentTxHash: ""\000\000\000\000\000\000\000\000\000\000\000\000\000\000\000\000\000\000\000\000\000\000\000\000\000\000\000\000\000\000\000\000""; nodePubKey: ""\003R7o\362bV\300hf\266\241;}\200^\374\240\203[:\342Q\225\221\027y\372\255\235\216\323~""; closeTime: 803842849; signature: ""0E\002!\000\371\350\307\240/WY\333\246\017\014\336zi\013\004\240DwB\307\72\025\257\233\277\016Y\226\235\002 b\236\370\272\320\346J\244\020_'\317\027e\033\035\203\324\224M\203S/2(CZz\252\257\245\333""; previousledger: ""\024\t\300.M\315\321S\257\224\252\362\326P\316\303%nX\3742\333\036\004Y\264yG^\234\177\214""; ","proposeSeq: 0; currentTxHash: ""\000\000\000\000\000\000\000\000\000\000\000\000\000\000\000\000\000\000\000\000\000\000\000\000\000\000\000\000\000\000\000\000""; nodePubKey: ""\003R7o\362bV\300hf\266\241;}\200^\374\240\203[:\342Q\225\221\027y\372\255\235\216\323~""; closeTime: 803842849; signature: ""0E\002!\000\371\350\307\240/WY\333\246\017\014\336zi\013\004\240DwB\307\72\025\257\233\277\016Y\226\235\002 b\236\370\272\320\346J\244\020_'\317\027e\033\035\203\324\224M\203S/2(CZz\252\257\245\333""; previousledger: ""\024\t\300.M\315\321S\257\224\252\362\326P\316\303%nX\3742\333\036\004Y\264yG^\234\177\214""; "
1750527649623,1750527649623,0,1,3,1,TMProposeSet,"proposeSeq: 0; currentTxHash: ""\000\000\000\000\000\000\000\000\000\000\000\000\000\000\000\000\000\000\000\000\000\000\000\000\000\000\000\000\000\000\000\000""; nodePubKey: ""\003R7o\362bV\300hf\266\241;}\200^\374\240\203[:\342Q\225\221\027y\372\255\235\216\323~""; closeTime: 803842849; signature: ""0E\002!\000\371\350\307\240/WY\333\246\017\014\336zi\013\004\240DwB\307\72\025\257\233\277\016Y\226\235\002 b\236\370\272\320\346J\244\020_'\317\027e\033\035\203\324\224M\203S/2(CZz\252\257\245\333""; previousledger: ""\024\t\300.M\315\321S\257\224\252\362\326P\316\303%nX\3742\333\036\004Y\264yG^\234\177\214""; ","proposeSeq: 0; currentTxHash: ""\000\000\000\000\000\000\000\000\000\000\000\000\000\000\000\000\000\000\000\000\000\000\000\000\000\000\000\000\000\000\000\000""; nodePubKey: ""\003R7o\362bV\300hf\266\241;}\200^\374\240\203[:\342Q\225\221\027y\372\255\235\216\323~""; closeTime: 803842849; signature: ""0E\002!\000\371\350\307\240/WY\333\246\017\014\336zi\013\004\240DwB\307\72\025\257\233\277\016Y\226\235\002 b\236\370\272\320\346J\244\020_'\317\027e\033\035\203\324\224M\203S/2(CZz\252\257\245\333""; previousledger: ""\024\t\300.M\315\321S\257\224\252\362\326P\316\303%nX\3742\333\036\004Y\264yG^\234\177\214""; "
1750527649623,1750527649623,0,1,3,0,TMProposeSet,"proposeSeq: 0; currentTxHash: ""\000\000\000\000\000\000\000\000\000\000\000\000\000\000\000\000\000\000\000\000\000\000\000\000\000\000\000\000\000\000\000\000""; nodePubKey: ""\003R7o\362bV\300hf\266\241;}\200^\374\240\203[:\342Q\225\221\027y\372\255\235\216\323~""; closeTime: 803842849; signature: ""0E\002!\000\371\350\307\240/WY\333\246\017\014\336zi\013\004\240DwB\307\72\025\257\233\277\016Y\226\235\002 b\236\370\272\320\346J\244\020_'\317\027e\033\035\203\324\224M\203S/2(CZz\252\257\245\333""; previousledger: ""\024\t\300.M\315\321S\257\224\252\362\326P\316\303%nX\3742\333\036\004Y\264yG^\234\177\214""; ","proposeSeq: 0; currentTxHash: ""\000\000\000\000\000\000\000\000\000\000\000\000\000\000\000\000\000\000\000\000\000\000\000\000\000\000\000\000\000\000\000\000""; nodePubKey: ""\003R7o\362bV\300hf\266\241;}\200^\374\240\203[:\342Q\225\221\027y\372\255\235\216\323~""; closeTime: 803842849; signature: ""0E\002!\000\371\350\307\240/WY\333\246\017\014\336zi\013\004\240DwB\307\72\025\257\233\277\016Y\226\235\002 b\236\370\272\320\346J\244\020_'\317\027e\033\035\203\324\224M\203S/2(CZz\252\257\245\333""; previousledger: ""\024\t\300.M\315\321S\257\224\252\362\326P\316\303%nX\3742\333\036\004Y\264yG^\234\177\214""; "
1750527649618,1750527649674,0,1,4,2,TMStatusChange,"newEvent: neCLOSING_LEDGER; ledgerSeq: 36; ledgerHash: ""\024\t\300.M\315\321S\257\224\252\362\326P\316\303%nX\3742\333\036\004Y\264yG^\234\177\214""; ledgerHashPrevious: ""\212\2353k0\361\214ID\303g\277\010Y_\001~\021\333\370\255\374\\331\306\255\336)\365Rth""; networkTime: 803842849; firstSeq: 1; lastSeq: 36; ","newEvent: neCLOSING_LEDGER; ledgerSeq: 36; ledgerHash: ""\024\t\300.M\315\321S\257\224\252\362\326P\316\303%nX\3742\333\036\004Y\264yG^\234\177\214""; ledgerHashPrevious: ""\212\2353k0\361\214ID\303g\277\010Y_\001~\021\333\370\255\374\\331\306\255\336)\365Rth""; networkTime: 803842849; firstSeq: 1; lastSeq: 36; "
1750527649620,1750527649675,0,1,4,3,TMStatusChange,"newEvent: neCLOSING_LEDGER; ledgerSeq: 36; ledgerHash: ""\024\t\300.M\315\321S\257\224\252\362\326P\316\303%nX\3742\333\036\004Y\264yG^\234\177\214""; ledgerHashPrevious: ""\212\2353k0\361\214ID\303g\277\010Y_\001~\021\333\370\255\374\\331\306\255\336)\365Rth""; networkTime: 803842849; firstSeq: 1; lastSeq: 36; ","newEvent: neCLOSING_LEDGER; ledgerSeq: 36; ledgerHash: ""\024\t\300.M\315\321S\257\224\252\362\326P\316\303%nX\3742\333\036\004Y\264yG^\234\177\214""; ledgerHashPrevious: ""\212\2353k0\361\214ID\303g\277\010Y_\001~\021\333\370\255\374\\331\306\255\336)\365Rth""; networkTime: 803842849; firstSeq: 1; lastSeq: 36; "
1750527649621,1750527649675,0,1,4,0,TMStatusChange,"newEvent: neCLOSING_LEDGER; ledgerSeq: 36; ledgerHash: ""\024\t\300.M\315\321S\257\224\252\362\326P\316\303%nX\3742\333\036\004Y\264yG^\234\177\214""; ledgerHashPrevious: ""\212\2353k0\361\214ID\303g\277\010Y_\001~\021\333\370\255\374\\331\306\255\336)\365Rth""; networkTime: 803842849; firstSeq: 1; lastSeq: 36; ","newEvent: neCLOSING_LEDGER; ledgerSeq: 36; ledgerHash: ""\024\t\300.M\315\321S\257\224\252\362\326P\316\303%nX\3742\333\036\004Y\264yG^\234\177\214""; ledgerHashPrevious: ""\212\2353k0\361\214ID\303g\277\010Y_\001~\021\333\370\255\374\\331\306\255\336)\365Rth""; networkTime: 803842849; firstSeq: 1; lastSeq: 36; "
1750527649622,1750527649675,0,1,4,1,TMStatusChange,"newEvent: neCLOSING_LEDGER; ledgerSeq: 36; ledgerHash: ""\024\t\300.M\315\321S\257\224\252\362\326P\316\303%nX\3742\333\036\004Y\264yG^\234\177\214""; ledgerHashPrevious: ""\212\2353k0\361\214ID\303g\277\010Y_\001~\021\333\370\255\374\\331\306\255\336)\365Rth""; networkTime: 803842849; firstSeq: 1; lastSeq: 36; ","newEvent: neCLOSING_LEDGER; ledgerSeq: 36; ledgerHash: ""\024\t\300.M\315\321S\257\224\252\362\326P\316\303%nX\3742\333\036\004Y\264yG^\234\177\214""; ledgerHashPrevious: ""\212\2353k0\361\214ID\303g\277\010Y_\001~\021\333\370\255\374\\331\306\255\336)\365Rth""; networkTime: 803842849; firstSeq: 1; lastSeq: 36; "
1750527650590,1750527650590,0,1,0,4,TMProposeSet,"proposeSeq: 0; currentTxHash: ""\000\000\000\000\000\000\000\000\000\000\000\000\000\000\000\000\000\000\000\000\000\000\000\000\000\000\000\000\000\000\000\000""; nodePubKey: ""\002\225aM\037\203M\271C\224]$\245\215\334\264;{{\365%Z\2443U\201\242\320iUc\207\367""; closeTime: 803842850; signature: ""0E\002!\000\377\266\2306s\013\272\224\250\315m\356W\255\027\320\345Q(\230\212:6\226E\303\371N\325GT\202\002 oL\037Q8Z\362\241K=,)\340\274\223{\231=\363\177\341\301\021\361\014\372qR&\221\243*""; previousledger: ""\212\221\310\013\200\331\347e\201\327V-\007\357\327\346\2263\031K\255s\310&\251\322\367\316F\360\310\245""; ","proposeSeq: 0; currentTxHash: ""\000\000\000\000\000\000\000\000\000\000\000\000\000\000\000\000\000\000\000\000\000\000\000\000\000\000\000\000\000\000\000\000""; nodePubKey: ""\002\225aM\037\203M\271C\224]$\245\215\334\264;{{\365%Z\2443U\201\242\320iUc\207\367""; closeTime: 803842850; signature: ""0E\002!\000\377\266\2306s\013\272\224\250\315m\356W\255\027\320\345Q(\230\212:6\226E\303\371N\325GT\202\002 oL\037Q8Z\362\241K=,)\340\274\223{\231=\363\177\341\301\021\361\014\372qR&\221\243*""; previousledger: ""\212\221\310\013\200\331\347e\201\327V-\007\357\327\346\2263\031K\255s\310&\251\322\367\316F\360\310\245""; "
1750527650591,1750527650591,0,1,0,3,TMProposeSet,"proposeSeq: 0; currentTxHash: ""\000\000\000\000\000\000\000\000\000\000\000\000\000\000\000\000\000\000\000\000\000\000\000\000\000\000\000\000\000\000\000\000""; nodePubKey: ""\002\225aM\037\203M\271C\224]$\245\215\334\264;{{\365%Z\2443U\201\242\320iUc\207\367""; closeTime: 803842850; signature: ""0E\002!\000\377\266\2306s\013\272\224\250\315m\356W\255\027\320\345Q(\230\212:6\226E\303\371N\325GT\202\002 oL\037Q8Z\362\241K=,)\340\274\223{\231=\363\177\341\301\021\361\014\372qR&\221\243*""; previousledger: ""\212\221\310\013\200\331\347e\201\327V-\007\357\327\346\2263\031K\255s\310&\251\322\367\316F\360\310\245""; ","proposeSeq: 0; currentTxHash: ""\000\000\000\000\000\000\000\000\000\000\000\000\000\000\000\000\000\000\000\000\000\000\000\000\000\000\000\000\000\000\000\000""; nodePubKey: ""\002\225aM\037\203M\271C\224]$\245\215\334\264;{{\365%Z\2443U\201\242\320iUc\207\367""; closeTime: 803842850; signature: ""0E\002!\000\377\266\2306s\013\272\224\250\315m\356W\255\027\320\345Q(\230\212:6\226E\303\371N\325GT\202\002 oL\037Q8Z\362\241K=,)\340\274\223{\231=\363\177\341\301\021\361\014\372qR&\221\243*""; previousledger: ""\212\221\310\013\200\331\347e\201\327V-\007\357\327\346\2263\031K\255s\310&\251\322\367\316F\360\310\245""; "
1750527650592,1750527650592,0,1,0,1,TMProposeSet,"proposeSeq: 0; currentTxHash: ""\000\000\000\000\000\000\000\000\000\000\000\000\000\000\000\000\000\000\000\000\000\000\000\000\000\000\000\000\000\000\000\000""; nodePubKey: ""\002\225aM\037\203M\271C\224]$\245\215\334\264;{{\365%Z\2443U\201\242\320iUc\207\367""; closeTime: 803842850; signature: ""0E\002!\000\377\266\2306s\013\272\224\250\315m\356W\255\027\320\345Q(\230\212:6\226E\303\371N\325GT\202\002 oL\037Q8Z\362\241K=,)\340\274\223{\231=\363\177\341\301\021\361\014\372qR&\221\243*""; previousledger: ""\212\221\310\013\200\331\347e\201\327V-\007\357\327\346\2263\031K\255s\310&\251\322\367\316F\360\310\245""; ","proposeSeq: 0; currentTxHash: ""\000\000\000\000\000\000\000\000\000\000\000\000\000\000\000\000\000\000\000\000\000\000\000\000\000\000\000\000\000\000\000\000""; nodePubKey: ""\002\225aM\037\203M\271C\224]$\245\215\334\264;{{\365%Z\2443U\201\242\320iUc\207\367""; closeTime: 803842850; signature: ""0E\002!\000\377\266\2306s\013\272\224\250\315m\356W\255\027\320\345Q(\230\212:6\226E\303\371N\325GT\202\002 oL\037Q8Z\362\241K=,)\340\274\223{\231=\363\177\341\301\021\361\014\372qR&\221\243*""; previousledger: ""\212\221\310\013\200\331\347e\201\327V-\007\357\327\346\2263\031K\255s\310&\251\322\367\316F\360\310\245""; "
1750527650592,1750527650592,0,1,0,2,TMProposeSet,"proposeSeq: 0; currentTxHash: ""\000\000\000\000\000\000\000\000\000\000\000\000\000\000\000\000\000\000\000\000\000\000\000\000\000\000\000\000\000\000\000\000""; nodePubKey: ""\002\225aM\037\203M\271C\224]$\245\215\334\264;{{\365%Z\2443U\201\242\320iUc\207\367""; closeTime: 803842850; signature: ""0E\002!\000\377\266\2306s\013\272\224\250\315m\356W\255\027\320\345Q(\230\212:6\226E\303\371N\325GT\202\002 oL\037Q8Z\362\241K=,)\340\274\223{\231=\363\177\341\301\021\361\014\372qR&\221\243*""; previousledger: ""\212\221\310\013\200\331\347e\201\327V-\007\357\327\346\2263\031K\255s\310&\251\322\367\316F\360\310\245""; ","proposeSeq: 0; currentTxHash: ""\000\000\000\000\000\000\000\000\000\000\000\000\000\000\000\000\000\000\000\000\000\000\000\000\000\000\000\000\000\000\000\000""; nodePubKey: ""\002\225aM\037\203M\271C\224]$\245\215\334\264;{{\365%Z\2443U\201\242\320iUc\207\367""; closeTime: 803842850; signature: ""0E\002!\000\377\266\2306s\013\272\224\250\315m\356W\255\027\320\345Q(\230\212:6\226E\303\371N\325GT\202\002 oL\037Q8Z\362\241K=,)\340\274\223{\231=\363\177\341\301\021\361\014\372qR&\221\243*""; previousledger: ""\212\221\310\013\200\331\347e\201\327V-\007\357\327\346\2263\031K\255s\310&\251\322\367\316F\360\310\245""; "
1750527650547,1750527650609,0,1,0,3,TMStatusChange,"newEvent: neCLOSING_LEDGER; ledgerSeq: 12; ledgerHash: ""\212\221\310\013\200\331\347e\201\327V-\007\357\327\346\2263\031K\255s\310&\251\322\367\316F\360\310\245""; ledgerHashPrevious: ""\027U|0.\0360\370\215\036\314\206\346\317zDP\223\241\204\277V\351i\247$\323\007\211CW\252""; networkTime: 803842850; firstSeq: 1; lastSeq: 36; ","newEvent: neCLOSING_LEDGER; ledgerSeq: 12; ledgerHash: ""\212\221\310\013\200\331\347e\201\327V-\007\357\327\346\2263\031K\255s\310&\251\322\367\316F\360\310\245""; ledgerHashPrevious: ""\027U|0.\0360\370\215\036\314\206\346\317zDP\223\241\204\277V\351i\247$\323\007\211CW\252""; networkTime: 803842850; firstSeq: 1; lastSeq: 36; "
1750527650548,1750527650611,0,1,0,2,TMStatusChange,"newEvent: neCLOSING_LEDGER; ledgerSeq: 12; ledgerHash: ""\212\221\310\013\200\331\347e\201\327V-\007\357\327\346\2263\031K\255s\310&\251\322\367\316F\360\310\245""; ledgerHashPrevious: ""\027U|0.\0360\370\215\036\314\206\346\317zDP\223\241\204\277V\351i\247$\323\007\211CW\252""; networkTime: 803842850; firstSeq: 1; lastSeq: 36; ","newEvent: neCLOSING_LEDGER; ledgerSeq: 12; ledgerHash: ""\212\221\310\013\200\331\347e\201\327V-\007\357\327\346\2263\031K\255s\310&\251\322\367\316F\360\310\245""; ledgerHashPrevious: ""\027U|0.\0360\370\215\036\314\206\346\317zDP\223\241\204\277V\351i\247$\323\007\211CW\252""; networkTime: 803842850; firstSeq: 1; lastSeq: 36; "
1750527650548,1750527650610,0,1,0,4,TMStatusChange,"newEvent: neCLOSING_LEDGER; ledgerSeq: 12; ledgerHash: ""\212\221\310\013\200\331\347e\201\327V-\007\357\327\346\2263\031K\255s\310&\251\322\367\316F\360\310\245""; ledgerHashPrevious: ""\027U|0.\0360\370\215\036\314\206\346\317zDP\223\241\204\277V\351i\247$\323\007\211CW\252""; networkTime: 803842850; firstSeq: 1; lastSeq: 36; ","newEvent: neCLOSING_LEDGER; ledgerSeq: 12; ledgerHash: ""\212\221\310\013\200\331\347e\201\327V-\007\357\327\346\2263\031K\255s\310&\251\322\367\316F\360\310\245""; ledgerHashPrevious: ""\027U|0.\0360\370\215\036\314\206\346\317zDP\223\241\204\277V\351i\247$\323\007\211CW\252""; networkTime: 803842850; firstSeq: 1; lastSeq: 36; "
1750527650548,1750527650609,0,1,0,1,TMStatusChange,"newEvent: neCLOSING_LEDGER; ledgerSeq: 12; ledgerHash: ""\212\221\310\013\200\331\347e\201\327V-\007\357\327\346\2263\031K\255s\310&\251\322\367\316F\360\310\245""; ledgerHashPrevious: ""\027U|0.\0360\370\215\036\314\206\346\317zDP\223\241\204\277V\351i\247$\323\007\211CW\252""; networkTime: 803842850; firstSeq: 1; lastSeq: 36; ","newEvent: neCLOSING_LEDGER; ledgerSeq: 12; ledgerHash: ""\212\221\310\013\200\331\347e\201\327V-\007\357\327\346\2263\031K\255s\310&\251\322\367\316F\360\310\245""; ledgerHashPrevious: ""\027U|0.\0360\370\215\036\314\206\346\317zDP\223\241\204\277V\351i\247$\323\007\211CW\252""; networkTime: 803842850; firstSeq: 1; lastSeq: 36; "
1750527650633,1750527650633,0,1,2,1,TMProposeSet,"proposeSeq: 0; currentTxHash: ""\000\000\000\000\000\000\000\000\000\000\000\000\000\000\000\000\000\000\000\000\000\000\000\000\000\000\000\000\000\000\000\000""; nodePubKey: ""\003\255\225A\213\332\224ehh\024BDq\224\250\335`\355\353{\357\266\335<\021\032\265\177\206\356&\215""; closeTime: 803842850; signature: ""0D\002 3\265E\265\336\324\203a\375\203^\301\347\337h\305\036\353\327M\365\0141*4p:\372\215m\252\360\002 \027z<\337\371\007\366m\372\201A\375\363\310\001\323\242E\351-\310ie\260\341\237\267b\226\374\364\357""; previousledger: ""\236R\330\360\256\004\260CN\250\277\334\000\r\262\020\2237\211\373\270\347\n\311\222a=\321\276Z\2313""; ","proposeSeq: 0; currentTxHash: ""\000\000\000\000\000\000\000\000\000\000\000\000\000\000\000\000\000\000\000\000\000\000\000\000\000\000\000\000\000\000\000\000""; nodePubKey: ""\003\255\225A\213\332\224ehh\024BDq\224\250\335`\355\353{\357\266\335<\021\032\265\177\206\356&\215""; closeTime: 803842850; signature: ""0D\002 3\265E\265\336\324\203a\375\203^\301\347\337h\305\036\353\327M\365\0141*4p:\372\215m\252\360\002 \027z<\337\371\007\366m\372\201A\375\363\310\001\323\242E\351-\310ie\260\341\237\267b\226\374\364\357""; previousledger: ""\236R\330\360\256\004\260CN\250\277\334\000\r\262\020\2237\211\373\270\347\n\311\222a=\321\276Z\2313""; "
1750527650674,1750527650674,0,1,2,3,TMProposeSet,"proposeSeq: 0; currentTxHash: ""\000\000\000\000\000\000\000\000\000\000\000\000\000\000\000\000\000\000\000\000\000\000\000\000\000\000\000\000\000\000\000\000""; nodePubKey: ""\003\255\225A\213\332\224ehh\024BDq\224\250\335`\355\353{\357\266\335<\021\032\265\177\206\356&\215""; closeTime: 803842850; signature: ""0D\002 3\265E\265\336\324\203a\375\203^\301\347\337h\305\036\353\327M\365\0141*4p:\372\215m\252\360\002 \027z<\337\371\007\366m\372\201A\375\363\310\001\323\242E\351-\310ie\260\341\237\267b\226\374\364\357""; previousledger: ""\236R\330\360\256\004\260CN\250\277\334\000\r\262\020\2237\211\373\270\347\n\311\222a=\321\276Z\2313""; ","proposeSeq: 0; currentTxHash: ""\000\000\000\000\000\000\000\000\000\000\000\000\000\000\000\000\000\000\000\000\000\000\000\000\000\000\000\000\000\000\000\000""; nodePubKey: ""\003\255\225A\213\332\224ehh\024BDq\224\250\335`\355\353{\357\266\335<\021\032\265\177\206\356&\215""; closeTime: 803842850; signature: ""0D\002 3\265E\265\336\324\203a\375\203^\301\347\337h\305\036\353\327M\365\0141*4p:\372\215m\252\360\002 \027z<\337\371\007\366m\372\201A\375\363\310\001\323\242E\351-\310ie\260\341\237\267b\226\374\364\357""; previousledger: ""\236R\330\360\256\004\260CN\250\277\334\000\r\262\020\2237\211\373\270\347\n\311\222a=\321\276Z\2313""; "
1750527650674,1750527650674,0,1,2,4,TMProposeSet,"proposeSeq: 0; currentTxHash: ""\000\000\000\000\000\000\000\000\000\000\000\000\000\000\000\000\000\000\000\000\000\000\000\000\000\000\000\000\000\000\000\000""; nodePubKey: ""\003\255\225A\213\332\224ehh\024BDq\224\250\335`\355\353{\357\266\335<\021\032\265\177\206\356&\215""; closeTime: 803842850; signature: ""0D\002 3\265E\265\336\324\203a\375\203^\301\347\337h\305\036\353\327M\365\0141*4p:\372\215m\252\360\002 \027z<\337\371\007\366m\372\201A\375\363\310\001\323\242E\351-\310ie\260\341\237\267b\226\374\364\357""; previousledger: ""\236R\330\360\256\004\260CN\250\277\334\000\r\262\020\2237\211\373\270\347\n\311\222a=\321\276Z\2313""; ","proposeSeq: 0; currentTxHash: ""\000\000\000\000\000\000\000\000\000\000\000\000\000\000\000\000\000\000\000\000\000\000\000\000\000\000\000\000\000\000\000\000""; nodePubKey: ""\003\255\225A\213\332\224ehh\024BDq\224\250\335`\355\353{\357\266\335<\021\032\265\177\206\356&\215""; closeTime: 803842850; signature: ""0D\002 3\265E\265\336\324\203a\375\203^\301\347\337h\305\036\353\327M\365\0141*4p:\372\215m\252\360\002 \027z<\337\371\007\366m\372\201A\375\363\310\001\323\242E\351-\310ie\260\341\237\267b\226\374\364\357""; previousledger: ""\236R\330\360\256\004\260CN\250\277\334\000\r\262\020\2237\211\373\270\347\n\311\222a=\321\276Z\2313""; "
1750527650675,1750527650675,0,1,2,0,TMProposeSet,"proposeSeq: 0; currentTxHash: ""\000\000\000\000\000\000\000\000\000\000\000\000\000\000\000\000\000\000\000\000\000\000\000\000\000\000\000\000\000\000\000\000""; nodePubKey: ""\003\255\225A\213\332\224ehh\024BDq\224\250\335`\355\353{\357\266\335<\021\032\265\177\206\356&\215""; closeTime: 803842850; signature: ""0D\002 3\265E\265\336\324\203a\375\203^\301\347\337h\305\036\353\327M\365\0141*4p:\372\215m\252\360\002 \027z<\337\371\007\366m\372\201A\375\363\310\001\323\242E\351-\310ie\260\341\237\267b\226\374\364\357""; previousledger: ""\236R\330\360\256\004\260CN\250\277\334\000\r\262\020\2237\211\373\270\347\n\311\222a=\321\276Z\2313""; ","proposeSeq: 0; currentTxHash: ""\000\000\000\000\000\000\000\000\000\000\000\000\000\000\000\000\000\000\000\000\000\000\000\000\000\000\000\000\000\000\000\000""; nodePubKey: ""\003\255\225A\213\332\224ehh\024BDq\224\250\335`\355\353{\357\266\335<\021\032\265\177\206\356&\215""; closeTime: 803842850; signature: ""0D\002 3\265E\265\336\324\203a\375\203^\301\347\337h\305\036\353\327M\365\0141*4p:\372\215m\252\360\002 \027z<\337\371\007\366m\372\201A\375\363\310\001\323\242E\351-\310ie\260\341\237\267b\226\374\364\357""; previousledger: ""\236R\330\360\256\004\260CN\250\277\334\000\r\262\020\2237\211\373\270\347\n\311\222a=\321\276Z\2313""; "
1750527650632,1750527650694,0,1,2,3,TMStatusChange,"newEvent: neCLOSING_LEDGER; ledgerSeq: 12; ledgerHash: ""\236R\330\360\256\004\260CN\250\277\334\000\r\262\020\2237\211\373\270\347\n\311\222a=\321\276Z\2313""; ledgerHashPrevious: ""\351\200D\025\027\211\2170\311\\000\341\377\025\233{\306$7\251\215K\253\377\343=J\317\247\206A6""; networkTime: 803842850; firstSeq: 1; lastSeq: 36; ","newEvent: neCLOSING_LEDGER; ledgerSeq: 12; ledgerHash: ""\236R\330\360\256\004\260CN\250\277\334\000\r\262\020\2237\211\373\270\347\n\311\222a=\321\276Z\2313""; ledgerHashPrevious: ""\351\200D\025\027\211\2170\311\\000\341\377\025\233{\306$7\251\215K\253\377\343=J\317\247\206A6""; networkTime: 803842850; firstSeq: 1; lastSeq: 36; "
1750527650633,1750527650694,0,1,2,0,TMStatusChange,"newEvent: neCLOSING_LEDGER; ledgerSeq: 12; ledgerHash: ""\236R\330\360\256\004\260CN\250\277\334\000\r\262\020\2237\211\373\270\347\n\311\222a=\321\276Z\2313""; ledgerHashPrevious: ""\351\200D\025\027\211\2170\311\\000\341\377\025\233{\306$7\251\215K\253\377\343=J\317\247\206A6""; networkTime: 803842850; firstSeq: 1; lastSeq: 36; ","newEvent: neCLOSING_LEDGER; ledgerSeq: 12; ledgerHash: ""\236R\330\360\256\004\260CN\250\277\334\000\r\262\020\2237\211\373\270\347\n\311\222a=\321\276Z\2313""; ledgerHashPrevious: ""\351\200D\025\027\211\2170\311\\000\341\377\025\233{\306$7\251\215K\253\377\343=J\317\247\206A6""; networkTime: 803842850; firstSeq: 1; lastSeq: 36; "
1750527650634,1750527650695,0,1,2,4,TMStatusChange,"newEvent: neCLOSING_LEDGER; ledgerSeq: 12; ledgerHash: ""\236R\330\360\256\004\260CN\250\277\334\000\r\262\020\2237\211\373\270\347\n\311\222a=\321\276Z\2313""; ledgerHashPrevious: ""\351\200D\025\027\211\2170\311\\000\341\377\025\233{\306$7\251\215K\253\377\343=J\317\247\206A6""; networkTime: 803842850; firstSeq: 1; lastSeq: 36; ","newEvent: neCLOSING_LEDGER; ledgerSeq: 12; ledgerHash: ""\236R\330\360\256\004\260CN\250\277\334\000\r\262\020\2237\211\373\270\347\n\311\222a=\321\276Z\2313""; ledgerHashPrevious: ""\351\200D\025\027\211\2170\311\\000\341\377\025\233{\306$7\251\215K\253\377\343=J\317\247\206A6""; networkTime: 803842850; firstSeq: 1; lastSeq: 36; "
1750527650634,1750527650696,0,1,2,1,TMStatusChange,"newEvent: neCLOSING_LEDGER; ledgerSeq: 12; ledgerHash: ""\236R\330\360\256\004\260CN\250\277\334\000\r\262\020\2237\211\373\270\347\n\311\222a=\321\276Z\2313""; ledgerHashPrevious: ""\351\200D\025\027\211\2170\311\\000\341\377\025\233{\306$7\251\215K\253\377\343=J\317\247\206A6""; networkTime: 803842850; firstSeq: 1; lastSeq: 36; ","newEvent: neCLOSING_LEDGER; ledgerSeq: 12; ledgerHash: ""\236R\330\360\256\004\260CN\250\277\334\000\r\262\020\2237\211\373\270\347\n\311\222a=\321\276Z\2313""; ledgerHashPrevious: ""\351\200D\025\027\211\2170\311\\000\341\377\025\233{\306$7\251\215K\253\377\343=J\317\247\206A6""; networkTime: 803842850; firstSeq: 1; lastSeq: 36; "
1750527651457,1750527651457,0,1,3,2,TMStatusChange,"newEvent: neACCEPTED_LEDGER; ledgerSeq: 37; ledgerHash: ""\305q\237\274G\300a4\275\240s\215\222\210\016\020G\344=-:GK\312\035\271\201\350\376F\260G""; ledgerHashPrevious: ""\024\t\300.M\315\321S\257\224\252\362\326P\316\303%nX\3742\333\036\004Y\264yG^\234\177\214""; networkTime: 803842851; firstSeq: 1; lastSeq: 36; ","newEvent: neACCEPTED_LEDGER; ledgerSeq: 37; ledgerHash: ""\305q\237\274G\300a4\275\240s\215\222\210\016\020G\344=-:GK\312\035\271\201\350\376F\260G""; ledgerHashPrevious: ""\024\t\300.M\315\321S\257\224\252\362\326P\316\303%nX\3742\333\036\004Y\264yG^\234\177\214""; networkTime: 803842851; firstSeq: 1; lastSeq: 36; "
1750527651458,1750527651458,0,1,3,2,TMValidation,"validation: """"\200\000\000\001&\000\000\000%)/\351\253#:p\210\265\307-\212\200\004Q\305q\237\274G\300a4\275\240s\215\222\210\016\020G\344=-:GK\312\035\271\201\350\376F\260GP\027\000\000\000\000\000\000\000\000\000\000\000\000\000\000\000\000\000\000\000\000\000\000\000\000\000\000\000\000\000\000\000\000P\031\024\t\300.M\315\321S\257\224\252\362\326P\316\303%nX\3742\333\036\004Y\264yG^\234\177\214s!\002\364d\217\366\217|\316F\232\231\241\n\261\333`\312O\367\235\025DD\336e\367\n\312\326\221\037\025\230vG0E\002!\000\271D\263\335\244\226\313\241\262\265#\326n\024\3721,\361\010\255}\3702\370\217\340\314\210\030ll\207\002 w\213\257u\266\302\243\313\037\257\321aQ\220L\037\310\034\n\225\347\331\375\264;\371\003,\210\021\\014""; ","validation: """"\200\000\000\001&\000\000\000%)/\351\253#:p\210\265\307-\212\200\004Q\305q\237\274G\300a4\275\240s\215\222\210\016\020G\344=-:GK\312\035\271\201\350\376F\260GP\027\000\000\000\000\000\000\000\000\000\000\000\000\000\000\000\000\000\000\000\000\000\000\000\000\000\000\000\000\000\000\000\000P\031\024\t\300.M\315\321S\257\224\252\362\326P\316\303%nX\3742\333\036\004Y\264yG^\234\177\214s!\002\364d\217\366\217|\316F\232\231\241\n\261\333`\312O\367\235\025DD\336e\367\n\312\326\221\037\025\230vG0E\002!\000\271D\263\335\244\226\313\241\262\265#\326n\024\3721,\361\010\255}\3702\370\217\340\314\210\030ll\207\002 w\213\257u\266\302\243\313\037\257\321aQ\220L\037\310\034\n\225\347\331\375\264;\371\003,\210\021\\014""; "
1750527651458,1750527651458,0,1,3,4,TMStatusChange,"newEvent: neACCEPTED_LEDGER; ledgerSeq: 37; ledgerHash: ""\305q\237\274G\300a4\275\240s\215\222\210\016\020G\344=-:GK\312\035\271\201\350\376F\260G""; ledgerHashPrevious: ""\024\t\300.M\315\321S\257\224\252\362\326P\316\303%nX\3742\333\036\004Y\264yG^\234\177\214""; networkTime: 803842851; firstSeq: 1; lastSeq: 36; ","newEvent: neACCEPTED_LEDGER; ledgerSeq: 37; ledgerHash: ""\305q\237\274G\300a4\275\240s\215\222\210\016\020G\344=-:GK\312\035\271\201\350\376F\260G""; ledgerHashPrevious: ""\024\t\300.M\315\321S\257\224\252\362\326P\316\303%nX\3742\333\036\004Y\264yG^\234\177\214""; networkTime: 803842851; firstSeq: 1; lastSeq: 36; "
1750527651459,1750527651459,0,1,3,4,TMValidation,"validation: """"\200\000\000\001&\000\000\000%)/\351\253#:p\210\265\307-\212\200\004Q\305q\237\274G\300a4\275\240s\215\222\210\016\020G\344=-:GK\312\035\271\201\350\376F\260GP\027\000\000\000\000\000\000\000\000\000\000\000\000\000\000\000\000\000\000\000\000\000\000\000\000\000\000\000\000\000\000\000\000P\031\024\t\300.M\315\321S\257\224\252\362\326P\316\303%nX\3742\333\036\004Y\264yG^\234\177\214s!\002\364d\217\366\217|\316F\232\231\241\n\261\333`\312O\367\235\025DD\336e\367\n\312\326\221\037\025\230vG0E\002!\000\271D\263\335\244\226\313\241\262\265#\326n\024\3721,\361\010\255}\3702\370\217\340\314\210\030ll\207\002 w\213\257u\266\302\243\313\037\257\321aQ\220L\037\310\034\n\225\347\331\375\264;\371\003,\210\021\\014""; ","validation: """"\200\000\000\001&\000\000\000%)/\351\253#:p\210\265\307-\212\200\004Q\305q\237\274G\300a4\275\240s\215\222\210\016\020G\344=-:GK\312\035\271\201\350\376F\260GP\027\000\000\000\000\000\000\000\000\000\000\000\000\000\000\000\000\000\000\000\000\000\000\000\000\000\000\000\000\000\000\000\000P\031\024\t\300.M\315\321S\257\224\252\362\326P\316\303%nX\3742\333\036\004Y\264yG^\234\177\214s!\002\364d\217\366\217|\316F\232\231\241\n\261\333`\312O\367\235\025DD\336e\367\n\312\326\221\037\025\230vG0E\002!\000\271D\263\335\244\226\313\241\262\265#\326n\024\3721,\361\010\255}\3702\370\217\340\314\210\030ll\207\002 w\213\257u\266\302\243\313\037\257\321aQ\220L\037\310\034\n\225\347\331\375\264;\371\003,\210\021\\014""; "
1750527651461,1750527651461,0,1,3,1,TMValidation,"validation: """"\200\000\000\001&\000\000\000%)/\351\253#:p\210\265\307-\212\200\004Q\305q\237\274G\300a4\275\240s\215\222\210\016\020G\344=-:GK\312\035\271\201\350\376F\260GP\027\000\000\000\000\000\000\000\000\000\000\000\000\000\000\000\000\000\000\000\000\000\000\000\000\000\000\000\000\000\000\000\000P\031\024\t\300.M\315\321S\257\224\252\362\326P\316\303%nX\3742\333\036\004Y\264yG^\234\177\214s!\002\364d\217\366\217|\316F\232\231\241\n\261\333`\312O\367\235\025DD\336e\367\n\312\326\221\037\025\230vG0E\002!\000\271D\263\335\244\226\313\241\262\265#\326n\024\3721,\361\010\255}\3702\370\217\340\314\210\030ll\207\002 w\213\257u\266\302\243\313\037\257\321aQ\220L\037\310\034\n\225\347\331\375\264;\371\003,\210\021\\014""; ","validation: """"\200\000\000\001&\000\000\000%)/\351\253#:p\210\265\307-\212\200\004Q\305q\237\274G\300a4\275\240s\215\222\210\016\020G\344=-:GK\312\035\271\201\350\376F\260GP\027\000\000\000\000\000\000\000\000\000\000\000\000\000\000\000\000\000\000\000\000\000\000\000\000\000\000\000\000\000\000\000\000P\031\024\t\300.M\315\321S\257\224\252\362\326P\316\303%nX\3742\333\036\004Y\264yG^\234\177\214s!\002\364d\217\366\217|\316F\232\231\241\n\261\333`\312O\367\235\025DD\336e\367\n\312\326\221\037\025\230vG0E\002!\000\271D\263\335\244\226\313\241\262\265#\326n\024\3721,\361\010\255}\3702\370\217\340\314\210\030ll\207\002 w\213\257u\266\302\243\313\037\257\321aQ\220L\037\310\034\n\225\347\331\375\264;\371\003,\210\021\\014""; "
1750527651461,1750527651461,0,1,3,0,TMValidation,"validation: """"\200\000\000\001&\000\000\000%)/\351\253#:p\210\265\307-\212\200\004Q\305q\237\274G\300a4\275\240s\215\222\210\016\020G\344=-:GK\312\035\271\201\350\376F\260GP\027\000\000\000\000\000\000\000\000\000\000\000\000\000\000\000\000\000\000\000\000\000\000\000\000\000\000\000\000\000\000\000\000P\031\024\t\300.M\315\321S\257\224\252\362\326P\316\303%nX\3742\333\036\004Y\264yG^\234\177\214s!\002\364d\217\366\217|\316F\232\231\241\n\261\333`\312O\367\235\025DD\336e\367\n\312\326\221\037\025\230vG0E\002!\000\271D\263\335\244\226\313\241\262\265#\326n\024\3721,\361\010\255}\3702\370\217\340\314\210\030ll\207\002 w\213\257u\266\302\243\313\037\257\321aQ\220L\037\310\034\n\225\347\331\375\264;\371\003,\210\021\\014""; ","validation: """"\200\000\000\001&\000\000\000%)/\351\253#:p\210\265\307-\212\200\004Q\305q\237\274G\300a4\275\240s\215\222\210\016\020G\344=-:GK\312\035\271\201\350\376F\260GP\027\000\000\000\000\000\000\000\000\000\000\000\000\000\000\000\000\000\000\000\000\000\000\000\000\000\000\000\000\000\000\000\000P\031\024\t\300.M\315\321S\257\224\252\362\326P\316\303%nX\3742\333\036\004Y\264yG^\234\177\214s!\002\364d\217\366\217|\316F\232\231\241\n\261\333`\312O\367\235\025DD\336e\367\n\312\326\221\037\025\230vG0E\002!\000\271D\263\335\244\226\313\241\262\265#\326n\024\3721,\361\010\255}\3702\370\217\340\314\210\030ll\207\002 w\213\257u\266\302\243\313\037\257\321aQ\220L\037\310\034\n\225\347\331\375\264;\371\003,\210\021\\014""; "
1750527651461,1750527651461,0,1,3,1,TMStatusChange,"newEvent: neACCEPTED_LEDGER; ledgerSeq: 37; ledgerHash: ""\305q\237\274G\300a4\275\240s\215\222\210\016\020G\344=-:GK\312\035\271\201\350\376F\260G""; ledgerHashPrevious: ""\024\t\300.M\315\321S\257\224\252\362\326P\316\303%nX\3742\333\036\004Y\264yG^\234\177\214""; networkTime: 803842851; firstSeq: 1; lastSeq: 36; ","newEvent: neACCEPTED_LEDGER; ledgerSeq: 37; ledgerHash: ""\305q\237\274G\300a4\275\240s\215\222\210\016\020G\344=-:GK\312\035\271\201\350\376F\260G""; ledgerHashPrevious: ""\024\t\300.M\315\321S\257\224\252\362\326P\316\303%nX\3742\333\036\004Y\264yG^\234\177\214""; networkTime: 803842851; firstSeq: 1; lastSeq: 36; "
1750527651461,1750527651462,0,1,3,0,TMStatusChange,"newEvent: neACCEPTED_LEDGER; ledgerSeq: 37; ledgerHash: ""\305q\237\274G\300a4\275\240s\215\222\210\016\020G\344=-:GK\312\035\271\201\350\376F\260G""; ledgerHashPrevious: ""\024\t\300.M\315\321S\257\224\252\362\326P\316\303%nX\3742\333\036\004Y\264yG^\234\177\214""; networkTime: 803842851; firstSeq: 1; lastSeq: 36; ","newEvent: neACCEPTED_LEDGER; ledgerSeq: 37; ledgerHash: ""\305q\237\274G\300a4\275\240s\215\222\210\016\020G\344=-:GK\312\035\271\201\350\376F\260G""; ledgerHashPrevious: ""\024\t\300.M\315\321S\257\224\252\362\326P\316\303%nX\3742\333\036\004Y\264yG^\234\177\214""; networkTime: 803842851; firstSeq: 1; lastSeq: 36; "
1750527651462,1750527651463,0,1,2,3,TMGetLedger,"itype: liBASE; ledgerHash: ""\305q\237\274G\300a4\275\240s\215\222\210\016\020G\344=-:GK\312\035\271\201\350\376F\260G""; ledgerSeq: 37; ","itype: liBASE; ledgerHash: ""\305q\237\274G\300a4\275\240s\215\222\210\016\020G\344=-:GK\312\035\271\201\350\376F\260G""; ledgerSeq: 37; "
1750527651463,1750527651463,0,1,2,0,TMGetLedger,"itype: liBASE; ledgerHash: ""\305q\237\274G\300a4\275\240s\215\222\210\016\020G\344=-:GK\312\035\271\201\350\376F\260G""; ledgerSeq: 37; ","itype: liBASE; ledgerHash: ""\305q\237\274G\300a4\275\240s\215\222\210\016\020G\344=-:GK\312\035\271\201\350\376F\260G""; ledgerSeq: 37; "
1750527651464,1750527651464,0,1,2,1,TMValidation,"validation: """"\200\000\000\001&\000\000\000%)/\351\253#:p\210\265\307-\212\200\004Q\305q\237\274G\300a4\275\240s\215\222\210\016\020G\344=-:GK\312\035\271\201\350\376F\260GP\027\000\000\000\000\000\000\000\000\000\000\000\000\000\000\000\000\000\000\000\000\000\000\000\000\000\000\000\000\000\000\000\000P\031\024\t\300.M\315\321S\257\224\252\362\326P\316\303%nX\3742\333\036\004Y\264yG^\234\177\214s!\002\364d\217\366\217|\316F\232\231\241\n\261\333`\312O\367\235\025DD\336e\367\n\312\326\221\037\025\230vG0E\002!\000\271D\263\335\244\226\313\241\262\265#\326n\024\3721,\361\010\255}\3702\370\217\340\314\210\030ll\207\002 w\213\257u\266\302\243\313\037\257\321aQ\220L\037\310\034\n\225\347\331\375\264;\371\003,\210\021\\014""; ","validation: """"\200\000\000\001&\000\000\000%)/\351\253#:p\210\265\307-\212\200\004Q\305q\237\274G\300a4\275\240s\215\222\210\016\020G\344=-:GK\312\035\271\201\350\376F\260GP\027\000\000\000\000\000\000\000\000\000\000\000\000\000\000\000\000\000\000\000\000\000\000\000\000\000\000\000\000\000\000\000\000P\031\024\t\300.M\315\321S\257\224\252\362\326P\316\303%nX\3742\333\036\004Y\264yG^\234\177\214s!\002\364d\217\366\217|\316F\232\231\241\n\261\333`\312O\367\235\025DD\336e\367\n\312\326\221\037\025\230vG0E\002!\000\271D\263\335\244\226\313\241\262\265#\326n\024\3721,\361\010\255}\3702\370\217\340\314\210\030ll\207\002 w\213\257u\266\302\243\313\037\257\321aQ\220L\037\310\034\n\225\347\331\375\264;\371\003,\210\021\\014""; "
1750527651464,1750527651464,0,1,2,4,TMValidation,"validation: """"\200\000\000\001&\000\000\000%)/\351\253#:p\210\265\307-\212\200\004Q\305q\237\274G\300a4\275\240s\215\222\210\016\020G\344=-:GK\312\035\271\201\350\376F\260GP\027\000\000\000\000\000\000\000\000\000\000\000\000\000\000\000\000\000\000\000\000\000\000\000\000\000\000\000\000\000\000\000\000P\031\024\t\300.M\315\321S\257\224\252\362\326P\316\303%nX\3742\333\036\004Y\264yG^\234\177\214s!\002\364d\217\366\217|\316F\232\231\241\n\261\333`\312O\367\235\025DD\336e\367\n\312\326\221\037\025\230vG0E\002!\000\271D\263\335\244\226\313\241\262\265#\326n\024\3721,\361\010\255}\3702\370\217\340\314\210\030ll\207\002 w\213\257u\266\302\243\313\037\257\321aQ\220L\037\310\034\n\225\347\331\375\264;\371\003,\210\021\\014""; ","validation: """"\200\000\000\001&\000\000\000%)/\351\253#:p\210\265\307-\212\200\004Q\305q\237\274G\300a4\275\240s\215\222\210\016\020G\344=-:GK\312\035\271\201\350\376F\260GP\027\000\000\000\000\000\000\000\000\000\000\000\000\000\000\000\000\000\000\000\000\000\000\000\000\000\000\000\000\000\000\000\000P\031\024\t\300.M\315\321S\257\224\252\362\326P\316\303%nX\3742\333\036\004Y\264yG^\234\177\214s!\002\364d\217\366\217|\316F\232\231\241\n\261\333`\312O\367\235\025DD\336e\367\n\312\326\221\037\025\230vG0E\002!\000\271D\263\335\244\226\313\241\262\265#\326n\024\3721,\361\010\255}\3702\370\217\340\314\210\030ll\207\002 w\213\257u\266\302\243\313\037\257\321aQ\220L\037\310\034\n\225\347\331\375\264;\371\003,\210\021\\014""; "
1750527651465,1750527651465,0,1,2,4,TMGetLedger,"itype: liBASE; ledgerHash: ""\305q\237\274G\300a4\275\240s\215\222\210\016\020G\344=-:GK\312\035\271\201\350\376F\260G""; ledgerSeq: 37; ","itype: liBASE; ledgerHash: ""\305q\237\274G\300a4\275\240s\215\222\210\016\020G\344=-:GK\312\035\271\201\350\376F\260G""; ledgerSeq: 37; "
1750527651466,1750527651466,0,1,2,0,TMValidation,"validation: """"\200\000\000\001&\000\000\000%)/\351\253#:p\210\265\307-\212\200\004Q\305q\237\274G\300a4\275\240s\215\222\210\016\020G\344=-:GK\312\035\271\201\350\376F\260GP\027\000\000\000\000\000\000\000\000\000\000\000\000\000\000\000\000\000\000\000\000\000\000\000\000\000\000\000\000\000\000\000\000P\031\024\t\300.M\315\321S\257\224\252\362\326P\316\303%nX\3742\333\036\004Y\264yG^\234\177\214s!\002\364d\217\366\217|\316F\232\231\241\n\261\333`\312O\367\235\025DD\336e\367\n\312\326\221\037\025\230vG0E\002!\000\271D\263\335\244\226\313\241\262\265#\326n\024\3721,\361\010\255}\3702\370\217\340\314\210\030ll\207\002 w\213\257u\266\302\243\313\037\257\321aQ\220L\037\310\034\n\225\347\331\375\264;\371\003,\210\021\\014""; ","validation: """"\200\000\000\001&\000\000\000%)/\351\253#:p\210\265\307-\212\200\004Q\305q\237\274G\300a4\275\240s\215\222\210\016\020G\344=-:GK\312\035\271\201\350\376F\260GP\027\000\000\000\000\000\000\000\000\000\000\000\000\000\000\000\000\000\000\000\000\000\000\000\000\000\000\000\000\000\000\000\000P\031\024\t\300.M\315\321S\257\224\252\362\326P\316\303%nX\3742\333\036\004Y\264yG^\234\177\214s!\002\364d\217\366\217|\316F\232\231\241\n\261\333`\312O\367\235\025DD\336e\367\n\312\326\221\037\025\230vG0E\002!\000\271D\263\335\244\226\313\241\262\265#\326n\024\3721,\361\010\255}\3702\370\217\340\314\210\030ll\207\002 w\213\257u\266\302\243\313\037\257\321aQ\220L\037\310\034\n\225\347\331\375\264;\371\003,\210\021\\014""; "
1750527651466,1750527651466,0,1,2,1,TMGetLedger,"itype: liBASE; ledgerHash: ""\305q\237\274G\300a4\275\240s\215\222\210\016\020G\344=-:GK\312\035\271\201\350\376F\260G""; ledgerSeq: 37; ","itype: liBASE; ledgerHash: ""\305q\237\274G\300a4\275\240s\215\222\210\016\020G\344=-:GK\312\035\271\201\350\376F\260G""; ledgerSeq: 37; "
1750527651467,1750527651467,0,1,2,0,TMGetLedger,"itype: liBASE; ledgerHash: ""\305q\237\274G\300a4\275\240s\215\222\210\016\020G\344=-:GK\312\035\271\201\350\376F\260G""; ledgerSeq: 37; queryType: qtINDIRECT; ","itype: liBASE; ledgerHash: ""\305q\237\274G\300a4\275\240s\215\222\210\016\020G\344=-:GK\312\035\271\201\350\376F\260G""; ledgerSeq: 37; queryType: qtINDIRECT; "
1750527651468,1750527651468,0,1,2,1,TMGetLedger,"itype: liBASE; ledgerHash: ""\305q\237\274G\300a4\275\240s\215\222\210\016\020G\344=-:GK\312\035\271\201\350\376F\260G""; ledgerSeq: 37; queryType: qtINDIRECT; ","itype: liBASE; ledgerHash: ""\305q\237\274G\300a4\275\240s\215\222\210\016\020G\344=-:GK\312\035\271\201\350\376F\260G""; ledgerSeq: 37; queryType: qtINDIRECT; "
1750527651477,1750527651477,0,1,2,3,TMGetLedger,"itype: liBASE; ledgerHash: ""\305q\237\274G\300a4\275\240s\215\222\210\016\020G\344=-:GK\312\035\271\201\350\376F\260G""; ledgerSeq: 37; queryType: qtINDIRECT; ","itype: liBASE; ledgerHash: ""\305q\237\274G\300a4\275\240s\215\222\210\016\020G\344=-:GK\312\035\271\201\350\376F\260G""; ledgerSeq: 37; queryType: qtINDIRECT; "
1750527651478,1750527651478,0,1,2,4,TMGetLedger,"itype: liBASE; ledgerHash: ""\305q\237\274G\300a4\275\240s\215\222\210\016\020G\344=-:GK\312\035\271\201\350\376F\260G""; ledgerSeq: 37; queryType: qtINDIRECT; ","itype: liBASE; ledgerHash: ""\305q\237\274G\300a4\275\240s\215\222\210\016\020G\344=-:GK\312\035\271\201\350\376F\260G""; ledgerSeq: 37; queryType: qtINDIRECT; "
1750527651478,1750527651479,0,1,4,2,TMValidation,"validation: """"\200\000\000\001&\000\000\000%)/\351\253#:p\210\265\307-\212\200\004Q\305q\237\274G\300a4\275\240s\215\222\210\016\020G\344=-:GK\312\035\271\201\350\376F\260GP\027\000\000\000\000\000\000\000\000\000\000\000\000\000\000\000\000\000\000\000\000\000\000\000\000\000\000\000\000\000\000\000\000P\031\024\t\300.M\315\321S\257\224\252\362\326P\316\303%nX\3742\333\036\004Y\264yG^\234\177\214s!\002\364d\217\366\217|\316F\232\231\241\n\261\333`\312O\367\235\025DD\336e\367\n\312\326\221\037\025\230vG0E\002!\000\271D\263\335\244\226\313\241\262\265#\326n\024\3721,\361\010\255}\3702\370\217\340\314\210\030ll\207\002 w\213\257u\266\302\243\313\037\257\321aQ\220L\037\310\034\n\225\347\331\375\264;\371\003,\210\021\\014""; ","validation: """"\200\000\000\001&\000\000\000%)/\351\253#:p\210\265\307-\212\200\004Q\305q\237\274G\300a4\275\240s\215\222\210\016\020G\344=-:GK\312\035\271\201\350\376F\260GP\027\000\000\000\000\000\000\000\000\000\000\000\000\000\000\000\000\000\000\000\000\000\000\000\000\000\000\000\000\000\000\000\000P\031\024\t\300.M\315\321S\257\224\252\362\326P\316\303%nX\3742\333\036\004Y\264yG^\234\177\214s!\002\364d\217\366\217|\316F\232\231\241\n\261\333`\312O\367\235\025DD\336e\367\n\312\326\221\037\025\230vG0E\002!\000\271D\263\335\244\226\313\241\262\265#\326n\024\3721,\361\010\255}\3702\370\217\340\314\210\030ll\207\002 w\213\257u\266\302\243\313\037\257\321aQ\220L\037\310\034\n\225\347\331\375\264;\371\003,\210\021\\014""; "
1750527651480,1750527651480,0,1,4,2,TMGetLedger,"itype: liBASE; ledgerHash: ""\305q\237\274G\300a4\275\240s\215\222\210\016\020G\344=-:GK\312\035\271\201\350\376F\260G""; ","itype: liBASE; ledgerHash: ""\305q\237\274G\300a4\275\240s\215\222\210\016\020G\344=-:GK\312\035\271\201\350\376F\260G""; "
1750527651481,1750527651481,0,1,4,3,TMGetLedger,"itype: liBASE; ledgerHash: ""\305q\237\274G\300a4\275\240s\215\222\210\016\020G\344=-:GK\312\035\271\201\350\376F\260G""; ","itype: liBASE; ledgerHash: ""\305q\237\274G\300a4\275\240s\215\222\210\016\020G\344=-:GK\312\035\271\201\350\376F\260G""; "
1750527651482,1750527651482,0,1,4,1,TMValidation,"validation: """"\200\000\000\001&\000\000\000%)/\351\253#:p\210\265\307-\212\200\004Q\305q\237\274G\300a4\275\240s\215\222\210\016\020G\344=-:GK\312\035\271\201\350\376F\260GP\027\000\000\000\000\000\000\000\000\000\000\000\000\000\000\000\000\000\000\000\000\000\000\000\000\000\000\000\000\000\000\000\000P\031\024\t\300.M\315\321S\257\224\252\362\326P\316\303%nX\3742\333\036\004Y\264yG^\234\177\214s!\002\364d\217\366\217|\316F\232\231\241\n\261\333`\312O\367\235\025DD\336e\367\n\312\326\221\037\025\230vG0E\002!\000\271D\263\335\244\226\313\241\262\265#\326n\024\3721,\361\010\255}\3702\370\217\340\314\210\030ll\207\002 w\213\257u\266\302\243\313\037\257\321aQ\220L\037\310\034\n\225\347\331\375\264;\371\003,\210\021\\014""; ","validation: """"\200\000\000\001&\000\000\000%)/\351\253#:p\210\265\307-\212\200\004Q\305q\237\274G\300a4\275\240s\215\222\210\016\020G\344=-:GK\312\035\271\201\350\376F\260GP\027\000\000\000\000\000\000\000\000\000\000\000\000\000\000\000\000\000\000\000\000\000\000\000\000\000\000\000\000\000\000\000\000P\031\024\t\300.M\315\321S\257\224\252\362\326P\316\303%nX\3742\333\036\004Y\264yG^\234\177\214s!\002\364d\217\366\217|\316F\232\231\241\n\261\333`\312O\367\235\025DD\336e\367\n\312\326\221\037\025\230vG0E\002!\000\271D\263\335\244\226\313\241\262\265#\326n\024\3721,\361\010\255}\3702\370\217\340\314\210\030ll\207\002 w\213\257u\266\302\243\313\037\257\321aQ\220L\037\310\034\n\225\347\331\375\264;\371\003,\210\021\\014""; "
1750527651483,1750527651483,0,1,4,0,TMValidation,"validation: """"\200\000\000\001&\000\000\000%)/\351\253#:p\210\265\307-\212\200\004Q\305q\237\274G\300a4\275\240s\215\222\210\016\020G\344=-:GK\312\035\271\201\350\376F\260GP\027\000\000\000\000\000\000\000\000\000\000\000\000\000\000\000\000\000\000\000\000\000\000\000\000\000\000\000\000\000\000\000\000P\031\024\t\300.M\315\321S\257\224\252\362\326P\316\303%nX\3742\333\036\004Y\264yG^\234\177\214s!\002\364d\217\366\217|\316F\232\231\241\n\261\333`\312O\367\235\025DD\336e\367\n\312\326\221\037\025\230vG0E\002!\000\271D\263\335\244\226\313\241\262\265#\326n\024\3721,\361\010\255}\3702\370\217\340\314\210\030ll\207\002 w\213\257u\266\302\243\313\037\257\321aQ\220L\037\310\034\n\225\347\331\375\264;\371\003,\210\021\\014""; ","validation: """"\200\000\000\001&\000\000\000%)/\351\253#:p\210\265\307-\212\200\004Q\305q\237\274G\300a4\275\240s\215\222\210\016\020G\344=-:GK\312\035\271\201\350\376F\260GP\027\000\000\000\000\000\000\000\000\000\000\000\000\000\000\000\000\000\000\000\000\000\000\000\000\000\000\000\000\000\000\000\000P\031\024\t\300.M\315\321S\257\224\252\362\326P\316\303%nX\3742\333\036\004Y\264yG^\234\177\214s!\002\364d\217\366\217|\316F\232\231\241\n\261\333`\312O\367\235\025DD\336e\367\n\312\326\221\037\025\230vG0E\002!\000\271D\263\335\244\226\313\241\262\265#\326n\024\3721,\361\010\255}\3702\370\217\340\314\210\030ll\207\002 w\213\257u\266\302\243\313\037\257\321aQ\220L\037\310\034\n\225\347\331\375\264;\371\003,\210\021\\014""; "
1750527651483,1750527651484,0,1,4,1,TMGetLedger,"itype: liBASE; ledgerHash: ""\305q\237\274G\300a4\275\240s\215\222\210\016\020G\344=-:GK\312\035\271\201\350\376F\260G""; ","itype: liBASE; ledgerHash: ""\305q\237\274G\300a4\275\240s\215\222\210\016\020G\344=-:GK\312\035\271\201\350\376F\260G""; "
1750527651484,1750527651484,0,1,4,0,TMGetLedger,"itype: liBASE; ledgerHash: ""\305q\237\274G\300a4\275\240s\215\222\210\016\020G\344=-:GK\312\035\271\201\350\376F\260G""; queryType: qtINDIRECT; ","itype: liBASE; ledgerHash: ""\305q\237\274G\300a4\275\240s\215\222\210\016\020G\344=-:GK\312\035\271\201\350\376F\260G""; queryType: qtINDIRECT; "
1750527651485,1750527651485,0,1,4,1,TMGetLedger,"itype: liBASE; ledgerHash: ""\305q\237\274G\300a4\275\240s\215\222\210\016\020G\344=-:GK\312\035\271\201\350\376F\260G""; queryType: qtINDIRECT; ","itype: liBASE; ledgerHash: ""\305q\237\274G\300a4\275\240s\215\222\210\016\020G\344=-:GK\312\035\271\201\350\376F\260G""; queryType: qtINDIRECT; "
1750527651486,1750527651486,0,1,4,0,TMGetLedger,"itype: liBASE; ledgerHash: ""\305q\237\274G\300a4\275\240s\215\222\210\016\020G\344=-:GK\312\035\271\201\350\376F\260G""; ","itype: liBASE; ledgerHash: ""\305q\237\274G\300a4\275\240s\215\222\210\016\020G\344=-:GK\312\035\271\201\350\376F\260G""; "
1750527651487,1750527651487,0,1,4,2,TMGetLedger,"itype: liBASE; ledgerHash: ""\305q\237\274G\300a4\275\240s\215\222\210\016\020G\344=-:GK\312\035\271\201\350\376F\260G""; queryType: qtINDIRECT; ","itype: liBASE; ledgerHash: ""\305q\237\274G\300a4\275\240s\215\222\210\016\020G\344=-:GK\312\035\271\201\350\376F\260G""; queryType: qtINDIRECT; "
1750527651487,1750527651487,0,1,4,3,TMGetLedger,"itype: liBASE; ledgerHash: ""\305q\237\274G\300a4\275\240s\215\222\210\016\020G\344=-:GK\312\035\271\201\350\376F\260G""; queryType: qtINDIRECT; ","itype: liBASE; ledgerHash: ""\305q\237\274G\300a4\275\240s\215\222\210\016\020G\344=-:GK\312\035\271\201\350\376F\260G""; queryType: qtINDIRECT; "
1750527651488,1750527651488,0,1,1,2,TMGetLedger,"itype: liBASE; ledgerHash: ""\305q\237\274G\300a4\275\240s\215\222\210\016\020G\344=-:GK\312\035\271\201\350\376F\260G""; ledgerSeq: 37; ","itype: liBASE; ledgerHash: ""\305q\237\274G\300a4\275\240s\215\222\210\016\020G\344=-:GK\312\035\271\201\350\376F\260G""; ledgerSeq: 37; "
1750527651488,1750527651488,0,1,1,0,TMGetLedger,"itype: liBASE; ledgerHash: ""\305q\237\274G\300a4\275\240s\215\222\210\016\020G\344=-:GK\312\035\271\201\350\376F\260G""; ledgerSeq: 37; ","itype: liBASE; ledgerHash: ""\305q\237\274G\300a4\275\240s\215\222\210\016\020G\344=-:GK\312\035\271\201\350\376F\260G""; ledgerSeq: 37; "
1750527651489,1750527651489,0,1,1,4,TMGetLedger,"itype: liBASE; ledgerHash: ""\305q\237\274G\300a4\275\240s\215\222\210\016\020G\344=-:GK\312\035\271\201\350\376F\260G""; ledgerSeq: 37; ","itype: liBASE; ledgerHash: ""\305q\237\274G\300a4\275\240s\215\222\210\016\020G\344=-:GK\312\035\271\201\350\376F\260G""; ledgerSeq: 37; "
1750527651489,1750527651489,0,1,1,0,TMValidation,"validation: """"\200\000\000\001&\000\000\000%)/\351\253#:p\210\265\307-\212\200\004Q\305q\237\274G\300a4\275\240s\215\222\210\016\020G\344=-:GK\312\035\271\201\350\376F\260GP\027\000\000\000\000\000\000\000\000\000\000\000\000\000\000\000\000\000\000\000\000\000\000\000\000\000\000\000\000\000\000\000\000P\031\024\t\300.M\315\321S\257\224\252\362\326P\316\303%nX\3742\333\036\004Y\264yG^\234\177\214s!\002\364d\217\366\217|\316F\232\231\241\n\261\333`\312O\367\235\025DD\336e\367\n\312\326\221\037\025\230vG0E\002!\000\271D\263\335\244\226\313\241\262\265#\326n\024\3721,\361\010\255}\3702\370\217\340\314\210\030ll\207\002 w\213\257u\266\302\243\313\037\257\321aQ\220L\037\310\034\n\225\347\331\375\264;\371\003,\210\021\\014""; ","validation: """"\200\000\000\001&\000\000\000%)/\351\253#:p\210\265\307-\212\200\004Q\305q\237\274G\300a4\275\240s\215\222\210\016\020G\344=-:GK\312\035\271\201\350\376F\260GP\027\000\000\000\000\000\000\000\000\000\000\000\000\000\000\000\000\000\000\000\000\000\000\000\000\000\000\000\000\000\000\000\000P\031\024\t\300.M\315\321S\257\224\252\362\326P\316\303%nX\3742\333\036\004Y\264yG^\234\177\214s!\002\364d\217\366\217|\316F\232\231\241\n\261\333`\312O\367\235\025DD\336e\367\n\312\326\221\037\025\230vG0E\002!\000\271D\263\335\244\226\313\241\262\265#\326n\024\3721,\361\010\255}\3702\370\217\340\314\210\030ll\207\002 w\213\257u\266\302\243\313\037\257\321aQ\220L\037\310\034\n\225\347\331\375\264;\371\003,\210\021\\014""; "
1750527651490,1750527651490,0,1,1,3,TMGetLedger,"itype: liBASE; ledgerHash: ""\305q\237\274G\300a4\275\240s\215\222\210\016\020G\344=-:GK\312\035\271\201\350\376F\260G""; ledgerSeq: 37; ","itype: liBASE; ledgerHash: ""\305q\237\274G\300a4\275\240s\215\222\210\016\020G\344=-:GK\312\035\271\201\350\376F\260G""; ledgerSeq: 37; "
1750527651490,1750527651491,0,1,1,0,TMGetLedger,"itype: liBASE; ledgerHash: ""\305q\237\274G\300a4\275\240s\215\222\210\016\020G\344=-:GK\312\035\271\201\350\376F\260G""; ledgerSeq: 37; queryType: qtINDIRECT; ","itype: liBASE; ledgerHash: ""\305q\237\274G\300a4\275\240s\215\222\210\016\020G\344=-:GK\312\035\271\201\350\376F\260G""; ledgerSeq: 37; queryType: qtINDIRECT; "
1750527651491,1750527651491,0,1,0,4,TMGetLedger,"itype: liBASE; ledgerHash: ""\305q\237\274G\300a4\275\240s\215\222\210\016\020G\344=-:GK\312\035\271\201\350\376F\260G""; ledgerSeq: 37; ","itype: liBASE; ledgerHash: ""\305q\237\274G\300a4\275\240s\215\222\210\016\020G\344=-:GK\312\035\271\201\350\376F\260G""; ledgerSeq: 37; "
1750527651491,1750527651491,0,1,0,3,TMGetLedger,"itype: liBASE; ledgerHash: ""\305q\237\274G\300a4\275\240s\215\222\210\016\020G\344=-:GK\312\035\271\201\350\376F\260G""; ledgerSeq: 37; ","itype: liBASE; ledgerHash: ""\305q\237\274G\300a4\275\240s\215\222\210\016\020G\344=-:GK\312\035\271\201\350\376F\260G""; ledgerSeq: 37; "
1750527651492,1750527651492,0,1,0,2,TMValidation,"validation: """"\200\000\000\001&\000\000\000%)/\351\253#:p\210\265\307-\212\200\004Q\305q\237\274G\300a4\275\240s\215\222\210\016\020G\344=-:GK\312\035\271\201\350\376F\260GP\027\000\000\000\000\000\000\000\000\000\000\000\000\000\000\000\000\000\000\000\000\000\000\000\000\000\000\000\000\000\000\000\000P\031\024\t\300.M\315\321S\257\224\252\362\326P\316\303%nX\3742\333\036\004Y\264yG^\234\177\214s!\002\364d\217\366\217|\316F\232\231\241\n\261\333`\312O\367\235\025DD\336e\367\n\312\326\221\037\025\230vG0E\002!\000\271D\263\335\244\226\313\241\262\265#\326n\024\3721,\361\010\255}\3702\370\217\340\314\210\030ll\207\002 w\213\257u\266\302\243\313\037\257\321aQ\220L\037\310\034\n\225\347\331\375\264;\371\003,\210\021\\014""; ","validation: """"\200\000\000\001&\000\000\000%)/\351\253#:p\210\265\307-\212\200\004Q\305q\237\274G\300a4\275\240s\215\222\210\016\020G\344=-:GK\312\035\271\201\350\376F\260GP\027\000\000\000\000\000\000\000\000\000\000\000\000\000\000\000\000\000\000\000\000\000\000\000\000\000\000\000\000\000\000\000\000P\031\024\t\300.M\315\321S\257\224\252\362\326P\316\303%nX\3742\333\036\004Y\264yG^\234\177\214s!\002\364d\217\366\217|\316F\232\231\241\n\261\333`\312O\367\235\025DD\336e\367\n\312\326\221\037\025\230vG0E\002!\000\271D\263\335\244\226\313\241\262\265#\326n\024\3721,\361\010\255}\3702\370\217\340\314\210\030ll\207\002 w\213\257u\266\302\243\313\037\257\321aQ\220L\037\310\034\n\225\347\331\375\264;\371\003,\210\021\\014""; "
1750527651493,1750527651493,0,1,0,2,TMGetLedger,"itype: liBASE; ledgerHash: ""\305q\237\274G\300a4\275\240s\215\222\210\016\020G\344=-:GK\312\035\271\201\350\376F\260G""; ledgerSeq: 37; ","itype: liBASE; ledgerHash: ""\305q\237\274G\300a4\275\240s\215\222\210\016\020G\344=-:GK\312\035\271\201\350\376F\260G""; ledgerSeq: 37; "
1750527651493,1750527651493,0,1,0,1,TMGetLedger,"itype: liBASE; ledgerHash: ""\305q\237\274G\300a4\275\240s\215\222\210\016\020G\344=-:GK\312\035\271\201\350\376F\260G""; ledgerSeq: 37; ","itype: liBASE; ledgerHash: ""\305q\237\274G\300a4\275\240s\215\222\210\016\020G\344=-:GK\312\035\271\201\350\376F\260G""; ledgerSeq: 37; "
1750527651494,1750527651494,0,1,0,4,TMValidation,"validation: """"\200\000\000\001&\000\000\000%)/\351\253#:p\210\265\307-\212\200\004Q\305q\237\274G\300a4\275\240s\215\222\210\016\020G\344=-:GK\312\035\271\201\350\376F\260GP\027\000\000\000\000\000\000\000\000\000\000\000\000\000\000\000\000\000\000\000\000\000\000\000\000\000\000\000\000\000\000\000\000P\031\024\t\300.M\315\321S\257\224\252\362\326P\316\303%nX\3742\333\036\004Y\264yG^\234\177\214s!\002\364d\217\366\217|\316F\232\231\241\n\261\333`\312O\367\235\025DD\336e\367\n\312\326\221\037\025\230vG0E\002!\000\271D\263\335\244\226\313\241\262\265#\326n\024\3721,\361\010\255}\3702\370\217\340\314\210\030ll\207\002 w\213\257u\266\302\243\313\037\257\321aQ\220L\037\310\034\n\225\347\331\375\264;\371\003,\210\021\\014""; ","validation: """"\200\000\000\001&\000\000\000%)/\351\253#:p\210\265\307-\212\200\004Q\305q\237\274G\300a4\275\240s\215\222\210\016\020G\344=-:GK\312\035\271\201\350\376F\260GP\027\000\000\000\000\000\000\000\000\000\000\000\000\000\000\000\000\000\000\000\000\000\000\000\000\000\000\000\000\000\000\000\000P\031\024\t\300.M\315\321S\257\224\252\362\326P\316\303%nX\3742\333\036\004Y\264yG^\234\177\214s!\002\364d\217\366\217|\316F\232\231\241\n\261\333`\312O\367\235\025DD\336e\367\n\312\326\221\037\025\230vG0E\002!\000\271D\263\335\244\226\313\241\262\265#\326n\024\3721,\361\010\255}\3702\370\217\340\314\210\030ll\207\002 w\213\257u\266\302\243\313\037\257\321aQ\220L\037\310\034\n\225\347\331\375\264;\371\003,\210\021\\014""; "
1750527651494,1750527651494,0,1,0,3,TMGetLedger,"itype: liBASE; ledgerHash: ""\305q\237\274G\300a4\275\240s\215\222\210\016\020G\344=-:GK\312\035\271\201\350\376F\260G""; ledgerSeq: 37; queryType: qtINDIRECT; ","itype: liBASE; ledgerHash: ""\305q\237\274G\300a4\275\240s\215\222\210\016\020G\344=-:GK\312\035\271\201\350\376F\260G""; ledgerSeq: 37; queryType: qtINDIRECT; "
1750527651495,1750527651496,0,1,0,1,TMGetLedger,"itype: liBASE; ledgerHash: ""\305q\237\274G\300a4\275\240s\215\222\210\016\020G\344=-:GK\312\035\271\201\350\376F\260G""; ledgerSeq: 37; queryType: qtINDIRECT; ","itype: liBASE; ledgerHash: ""\305q\237\274G\300a4\275\240s\215\222\210\016\020G\344=-:GK\312\035\271\201\350\376F\260G""; ledgerSeq: 37; queryType: qtINDIRECT; "
1750527651496,1750527651496,0,1,0,4,TMGetLedger,"itype: liBASE; ledgerHash: ""\305q\237\274G\300a4\275\240s\215\222\210\016\020G\344=-:GK\312\035\271\201\350\376F\260G""; ledgerSeq: 37; queryType: qtINDIRECT; ","itype: liBASE; ledgerHash: ""\305q\237\274G\300a4\275\240s\215\222\210\016\020G\344=-:GK\312\035\271\201\350\376F\260G""; ledgerSeq: 37; queryType: qtINDIRECT; "
1750527651497,1750527651497,0,1,0,1,TMValidation,"validation: """"\200\000\000\001&\000\000\000%)/\351\253#:p\210\265\307-\212\200\004Q\305q\237\274G\300a4\275\240s\215\222\210\016\020G\344=-:GK\312\035\271\201\350\376F\260GP\027\000\000\000\000\000\000\000\000\000\000\000\000\000\000\000\000\000\000\000\000\000\000\000\000\000\000\000\000\000\000\000\000P\031\024\t\300.M\315\321S\257\224\252\362\326P\316\303%nX\3742\333\036\004Y\264yG^\234\177\214s!\002\364d\217\366\217|\316F\232\231\241\n\261\333`\312O\367\235\025DD\336e\367\n\312\326\221\037\025\230vG0E\002!\000\271D\263\335\244\226\313\241\262\265#\326n\024\3721,\361\010\255}\3702\370\217\340\314\210\030ll\207\002 w\213\257u\266\302\243\313\037\257\321aQ\220L\037\310\034\n\225\347\331\375\264;\371\003,\210\021\\014""; ","validation: """"\200\000\000\001&\000\000\000%)/\351\253#:p\210\265\307-\212\200\004Q\305q\237\274G\300a4\275\240s\215\222\210\016\020G\344=-:GK\312\035\271\201\350\376F\260GP\027\000\000\000\000\000\000\000\000\000\000\000\000\000\000\000\000\000\000\000\000\000\000\000\000\000\000\000\000\000\000\000\000P\031\024\t\300.M\315\321S\257\224\252\362\326P\316\303%nX\3742\333\036\004Y\264yG^\234\177\214s!\002\364d\217\366\217|\316F\232\231\241\n\261\333`\312O\367\235\025DD\336e\367\n\312\326\221\037\025\230vG0E\002!\000\271D\263\335\244\226\313\241\262\265#\326n\024\3721,\361\010\255}\3702\370\217\340\314\210\030ll\207\002 w\213\257u\266\302\243\313\037\257\321aQ\220L\037\310\034\n\225\347\331\375\264;\371\003,\210\021\\014""; "
1750527651497,1750527651497,0,1,0,2,TMGetLedger,"itype: liBASE; ledgerHash: ""\305q\237\274G\300a4\275\240s\215\222\210\016\020G\344=-:GK\312\035\271\201\350\376F\260G""; ledgerSeq: 37; queryType: qtINDIRECT; ","itype: liBASE; ledgerHash: ""\305q\237\274G\300a4\275\240s\215\222\210\016\020G\344=-:GK\312\035\271\201\350\376F\260G""; ledgerSeq: 37; queryType: qtINDIRECT; "
1750527651497,1750527651497,0,1,1,3,TMGetLedger,"itype: liBASE; ledgerHash: ""\305q\237\274G\300a4\275\240s\215\222\210\016\020G\344=-:GK\312\035\271\201\350\376F\260G""; ledgerSeq: 37; queryType: qtINDIRECT; ","itype: liBASE; ledgerHash: ""\305q\237\274G\300a4\275\240s\215\222\210\016\020G\344=-:GK\312\035\271\201\350\376F\260G""; ledgerSeq: 37; queryType: qtINDIRECT; "
1750527651498,1750527651498,0,1,3,2,TMLedgerData,"ledgerHash: ""\305q\237\274G\300a4\275\240s\215\222\210\016\020G\344=-:GK\312\035\271\201\350\376F\260G""; ledgerSeq: 37; type: liBASE; nodes {;   nodedata: ""\000\000\000%\001cEx]\211\377\330\024\t\300.M\315\321S\257\224\252\362\326P\316\303%nX\3742\333\036\004Y\264yG^\234\177\214\000\000\000\000\000\000\000\000\000\000\000\000\000\000\000\000\000\000\000\000\000\000\000\000\000\000\000\000\000\000\000\000\224]\215\226\266%\227\276\377\346\027\346\025\306\3433\035\247\017 \240[E\263j\024\\027\262K\370[/\351\253""/\351\253#\n\000""; }; nodes {;   nodedata: ""\323C\344\327\264{\312-\017:\006{\177\344N\002\326bO\260\220\006\033\362\345\005U\221DzJ0\001\301\025%1L\307\t\261\262z\374\222T\301\274V\236\223\262\270Ct\362\337b\356\024*\324\320\351\317\002k\336\234\027v\351\217\260\303\360\233ZPZWr\246$w\313\313\r\243r\232\2234\373\3539:N\004Q\245\272D\312D\300\300\t\323\0257\345e\271\na\215{\226\255x%T\257\037\333\004\344_/R\006E\344\037@\210\363\010\336T\226\247'\204_{\261\370""1\235\2445\343\033Y!\212\201\341\272\225'\007;\373\236\032\n\001\265\006\342\313\304\273I\032#B\216\232I)\017w\311\256\210\263\367}*\335+Z\013\003""; }; ","ledgerHash: ""\305q\237\274G\300a4\275\240s\215\222\210\016\020G\344=-:GK\312\035\271\201\350\376F\260G""; ledgerSeq: 37; type: liBASE; nodes {;   nodedata: ""\000\000\000%\001cEx]\211\377\330\024\t\300.M\315\321S\257\224\252\362\326P\316\303%nX\3742\333\036\004Y\264yG^\234\177\214\000\000\000\000\000\000\000\000\000\000\000\000\000\000\000\000\000\000\000\000\000\000\000\000\000\000\000\000\000\000\000\000\224]\215\226\266%\227\276\377\346\027\346\025\306\3433\035\247\017 \240[E\263j\024\\027\262K\370[/\351\253""/\351\253#\n\000""; }; nodes {;   nodedata: ""\323C\344\327\264{\312-\017:\006{\177\344N\002\326bO\260\220\006\033\362\345\005U\221DzJ0\001\301\025%1L\307\t\261\262z\374\222T\301\274V\236\223\262\270Ct\362\337b\356\024*\324\320\351\317\002k\336\234\027v\351\217\260\303\360\233ZPZWr\246$w\313\313\r\243r\232\2234\373\3539:N\004Q\245\272D\312D\300\300\t\323\0257\345e\271\na\215{\226\255x%T\257\037\333\004\344_/R\006E\344\037@\210\363\010\336T\226\247'\204_{\261\370""1\235\2445\343\033Y!\212\201\341\272\225'\007;\373\236\032\n\001\265\006\342\313\304\273I\032#B\216\232I)\017w\311\256\210\263\367}*\335+Z\013\003""; }; "
1750527651499,1750527651499,0,1,1,2,TMGetLedger,"itype: liBASE; ledgerHash: ""\305q\237\274G\300a4\275\240s\215\222\210\016\020G\344=-:GK\312\035\271\201\350\376F\260G""; ledgerSeq: 37; queryType: qtINDIRECT; ","itype: liBASE; ledgerHash: ""\305q\237\274G\300a4\275\240s\215\222\210\016\020G\344=-:GK\312\035\271\201\350\376F\260G""; ledgerSeq: 37; queryType: qtINDIRECT; "
1750527651500,1750527651500,0,1,1,2,TMValidation,"validation: """"\200\000\000\001&\000\000\000%)/\351\253#:p\210\265\307-\212\200\004Q\305q\237\274G\300a4\275\240s\215\222\210\016\020G\344=-:GK\312\035\271\201\350\376F\260GP\027\000\000\000\000\000\000\000\000\000\000\000\000\000\000\000\000\000\000\000\000\000\000\000\000\000\000\000\000\000\000\000\000P\031\024\t\300.M\315\321S\257\224\252\362\326P\316\303%nX\3742\333\036\004Y\264yG^\234\177\214s!\002\364d\217\366\217|\316F\232\231\241\n\261\333`\312O\367\235\025DD\336e\367\n\312\326\221\037\025\230vG0E\002!\000\271D\263\335\244\226\313\241\262\265#\326n\024\3721,\361\010\255}\3702\370\217\340\314\210\030ll\207\002 w\213\257u\266\302\243\313\037\257\321aQ\220L\037\310\034\n\225\347\331\375\264;\371\003,\210\021\\014""; ","validation: """"\200\000\000\001&\000\000\000%)/\351\253#:p\210\265\307-\212\200\004Q\305q\237\274G\300a4\275\240s\215\222\210\016\020G\344=-:GK\312\035\271\201\350\376F\260GP\027\000\000\000\000\000\000\000\000\000\000\000\000\000\000\000\000\000\000\000\000\000\000\000\000\000\000\000\000\000\000\000\000P\031\024\t\300.M\315\321S\257\224\252\362\326P\316\303%nX\3742\333\036\004Y\264yG^\234\177\214s!\002\364d\217\366\217|\316F\232\231\241\n\261\333`\312O\367\235\025DD\336e\367\n\312\326\221\037\025\230vG0E\002!\000\271D\263\335\244\226\313\241\262\265#\326n\024\3721,\361\010\255}\3702\370\217\340\314\210\030ll\207\002 w\213\257u\266\302\243\313\037\257\321aQ\220L\037\310\034\n\225\347\331\375\264;\371\003,\210\021\\014""; "
1750527651500,1750527651500,0,1,0,3,TMGetLedger,"itype: liBASE; ledgerHash: ""\305q\237\274G\300a4\275\240s\215\222\210\016\020G\344=-:GK\312\035\271\201\350\376F\260G""; ledgerSeq: 37; requestCookie: 3; queryType: qtINDIRECT; ","itype: liBASE; ledgerHash: ""\305q\237\274G\300a4\275\240s\215\222\210\016\020G\344=-:GK\312\035\271\201\350\376F\260G""; ledgerSeq: 37; requestCookie: 3; queryType: qtINDIRECT; "
1750527651500,1750527651501,0,1,3,2,TMLedgerData,"ledgerHash: ""\305q\237\274G\300a4\275\240s\215\222\210\016\020G\344=-:GK\312\035\271\201\350\376F\260G""; ledgerSeq: 37; type: liBASE; nodes {;   nodedata: ""\000\000\000%\001cEx]\211\377\330\024\t\300.M\315\321S\257\224\252\362\326P\316\303%nX\3742\333\036\004Y\264yG^\234\177\214\000\000\000\000\000\000\000\000\000\000\000\000\000\000\000\000\000\000\000\000\000\000\000\000\000\000\000\000\000\000\000\000\224]\215\226\266%\227\276\377\346\027\346\025\306\3433\035\247\017 \240[E\263j\024\\027\262K\370[/\351\253""/\351\253#\n\000""; }; nodes {;   nodedata: ""\323C\344\327\264{\312-\017:\006{\177\344N\002\326bO\260\220\006\033\362\345\005U\221DzJ0\001\301\025%1L\307\t\261\262z\374\222T\301\274V\236\223\262\270Ct\362\337b\356\024*\324\320\351\317\002k\336\234\027v\351\217\260\303\360\233ZPZWr\246$w\313\313\r\243r\232\2234\373\3539:N\004Q\245\272D\312D\300\300\t\323\0257\345e\271\na\215{\226\255x%T\257\037\333\004\344_/R\006E\344\037@\210\363\010\336T\226\247'\204_{\261\370""1\235\2445\343\033Y!\212\201\341\272\225'\007;\373\236\032\n\001\265\006\342\313\304\273I\032#B\216\232I)\017w\311\256\210\263\367}*\335+Z\013\003""; }; ","ledgerHash: ""\305q\237\274G\300a4\275\240s\215\222\210\016\020G\344=-:GK\312\035\271\201\350\376F\260G""; ledgerSeq: 37; type: liBASE; nodes {;   nodedata: ""\000\000\000%\001cEx]\211\377\330\024\t\300.M\315\321S\257\224\252\362\326P\316\303%nX\3742\333\036\004Y\264yG^\234\177\214\000\000\000\000\000\000\000\000\000\000\000\000\000\000\000\000\000\000\000\000\000\000\000\000\000\000\000\000\000\000\000\000\224]\215\226\266%\227\276\377\346\027\346\025\306\3433\035\247\017 \240[E\263j\024\\027\262K\370[/\351\253""/\351\253#\n\000""; }; nodes {;   nodedata: ""\323C\344\327\264{\312-\017:\006{\177\344N\002\326bO\260\220\006\033\362\345\005U\221DzJ0\001\301\025%1L\307\t\261\262z\374\222T\301\274V\236\223\262\270Ct\362\337b\356\024*\324\320\351\317\002k\336\234\027v\351\217\260\303\360\233ZPZWr\246$w\313\313\r\243r\232\2234\373\3539:N\004Q\245\272D\312D\300\300\t\323\0257\345e\271\na\215{\226\255x%T\257\037\333\004\344_/R\006E\344\037@\210\363\010\336T\226\247'\204_{\261\370""1\235\2445\343\033Y!\212\201\341\272\225'\007;\373\236\032\n\001\265\006\342\313\304\273I\032#B\216\232I)\017w\311\256\210\263\367}*\335+Z\013\003""; }; "
1750527651501,1750527651501,0,1,4,3,TMGetLedger,"itype: liBASE; ledgerHash: ""\305q\237\274G\300a4\275\240s\215\222\210\016\020G\344=-:GK\312\035\271\201\350\376F\260G""; ledgerSeq: 37; requestCookie: 3; queryType: qtINDIRECT; ","itype: liBASE; ledgerHash: ""\305q\237\274G\300a4\275\240s\215\222\210\016\020G\344=-:GK\312\035\271\201\350\376F\260G""; ledgerSeq: 37; requestCookie: 3; queryType: qtINDIRECT; "
1750527651502,1750527651502,0,1,3,4,TMLedgerData,"ledgerHash: ""\305q\237\274G\300a4\275\240s\215\222\210\016\020G\344=-:GK\312\035\271\201\350\376F\260G""; ledgerSeq: 37; type: liBASE; nodes {;   nodedata: ""\000\000\000%\001cEx]\211\377\330\024\t\300.M\315\321S\257\224\252\362\326P\316\303%nX\3742\333\036\004Y\264yG^\234\177\214\000\000\000\000\000\000\000\000\000\000\000\000\000\000\000\000\000\000\000\000\000\000\000\000\000\000\000\000\000\000\000\000\224]\215\226\266%\227\276\377\346\027\346\025\306\3433\035\247\017 \240[E\263j\024\\027\262K\370[/\351\253""/\351\253#\n\000""; }; nodes {;   nodedata: ""\323C\344\327\264{\312-\017:\006{\177\344N\002\326bO\260\220\006\033\362\345\005U\221DzJ0\001\301\025%1L\307\t\261\262z\374\222T\301\274V\236\223\262\270Ct\362\337b\356\024*\324\320\351\317\002k\336\234\027v\351\217\260\303\360\233ZPZWr\246$w\313\313\r\243r\232\2234\373\3539:N\004Q\245\272D\312D\300\300\t\323\0257\345e\271\na\215{\226\255x%T\257\037\333\004\344_/R\006E\344\037@\210\363\010\336T\226\247'\204_{\261\370""1\235\2445\343\033Y!\212\201\341\272\225'\007;\373\236\032\n\001\265\006\342\313\304\273I\032#B\216\232I)\017w\311\256\210\263\367}*\335+Z\013\003""; }; ","ledgerHash: ""\305q\237\274G\300a4\275\240s\215\222\210\016\020G\344=-:GK\312\035\271\201\350\376F\260G""; ledgerSeq: 37; type: liBASE; nodes {;   nodedata: ""\000\000\000%\001cEx]\211\377\330\024\t\300.M\315\321S\257\224\252\362\326P\316\303%nX\3742\333\036\004Y\264yG^\234\177\214\000\000\000\000\000\000\000\000\000\000\000\000\000\000\000\000\000\000\000\000\000\000\000\000\000\000\000\000\000\000\000\000\224]\215\226\266%\227\276\377\346\027\346\025\306\3433\035\247\017 \240[E\263j\024\\027\262K\370[/\351\253""/\351\253#\n\000""; }; nodes {;   nodedata: ""\323C\344\327\264{\312-\017:\006{\177\344N\002\326bO\260\220\006\033\362\345\005U\221DzJ0\001\301\025%1L\307\t\261\262z\374\222T\301\274V\236\223\262\270Ct\362\337b\356\024*\324\320\351\317\002k\336\234\027v\351\217\260\303\360\233ZPZWr\246$w\313\313\r\243r\232\2234\373\3539:N\004Q\245\272D\312D\300\300\t\323\0257\345e\271\na\215{\226\255x%T\257\037\333\004\344_/R\006E\344\037@\210\363\010\336T\226\247'\204_{\261\370""1\235\2445\343\033Y!\212\201\341\272\225'\007;\373\236\032\n\001\265\006\342\313\304\273I\032#B\216\232I)\017w\311\256\210\263\367}*\335+Z\013\003""; }; "
1750527651503,1750527651503,0,1,1,4,TMValidation,"validation: """"\200\000\000\001&\000\000\000%)/\351\253#:p\210\265\307-\212\200\004Q\305q\237\274G\300a4\275\240s\215\222\210\016\020G\344=-:GK\312\035\271\201\350\376F\260GP\027\000\000\000\000\000\000\000\000\000\000\000\000\000\000\000\000\000\000\000\000\000\000\000\000\000\000\000\000\000\000\000\000P\031\024\t\300.M\315\321S\257\224\252\362\326P\316\303%nX\3742\333\036\004Y\264yG^\234\177\214s!\002\364d\217\366\217|\316F\232\231\241\n\261\333`\312O\367\235\025DD\336e\367\n\312\326\221\037\025\230vG0E\002!\000\271D\263\335\244\226\313\241\262\265#\326n\024\3721,\361\010\255}\3702\370\217\340\314\210\030ll\207\002 w\213\257u\266\302\243\313\037\257\321aQ\220L\037\310\034\n\225\347\331\375\264;\371\003,\210\021\\014""; ","validation: """"\200\000\000\001&\000\000\000%)/\351\253#:p\210\265\307-\212\200\004Q\305q\237\274G\300a4\275\240s\215\222\210\016\020G\344=-:GK\312\035\271\201\350\376F\260GP\027\000\000\000\000\000\000\000\000\000\000\000\000\000\000\000\000\000\000\000\000\000\000\000\000\000\000\000\000\000\000\000\000P\031\024\t\300.M\315\321S\257\224\252\362\326P\316\303%nX\3742\333\036\004Y\264yG^\234\177\214s!\002\364d\217\366\217|\316F\232\231\241\n\261\333`\312O\367\235\025DD\336e\367\n\312\326\221\037\025\230vG0E\002!\000\271D\263\335\244\226\313\241\262\265#\326n\024\3721,\361\010\255}\3702\370\217\340\314\210\030ll\207\002 w\213\257u\266\302\243\313\037\257\321aQ\220L\037\310\034\n\225\347\331\375\264;\371\003,\210\021\\014""; "
1750527651503,1750527651503,0,1,1,4,TMGetLedger,"itype: liBASE; ledgerHash: ""\305q\237\274G\300a4\275\240s\215\222\210\016\020G\344=-:GK\312\035\271\201\350\376F\260G""; ledgerSeq: 37; queryType: qtINDIRECT; ","itype: liBASE; ledgerHash: ""\305q\237\274G\300a4\275\240s\215\222\210\016\020G\344=-:GK\312\035\271\201\350\376F\260G""; ledgerSeq: 37; queryType: qtINDIRECT; "
1750527651504,1750527651504,0,1,2,3,TMGetLedger,"itype: liBASE; ledgerHash: ""\305q\237\274G\300a4\275\240s\215\222\210\016\020G\344=-:GK\312\035\271\201\350\376F\260G""; requestCookie: 5; queryType: qtINDIRECT; ","itype: liBASE; ledgerHash: ""\305q\237\274G\300a4\275\240s\215\222\210\016\020G\344=-:GK\312\035\271\201\350\376F\260G""; requestCookie: 5; queryType: qtINDIRECT; "
1750527651505,1750527651505,0,1,3,4,TMLedgerData,"ledgerHash: ""\305q\237\274G\300a4\275\240s\215\222\210\016\020G\344=-:GK\312\035\271\201\350\376F\260G""; ledgerSeq: 37; type: liBASE; nodes {;   nodedata: ""\000\000\000%\001cEx]\211\377\330\024\t\300.M\315\321S\257\224\252\362\326P\316\303%nX\3742\333\036\004Y\264yG^\234\177\214\000\000\000\000\000\000\000\000\000\000\000\000\000\000\000\000\000\000\000\000\000\000\000\000\000\000\000\000\000\000\000\000\224]\215\226\266%\227\276\377\346\027\346\025\306\3433\035\247\017 \240[E\263j\024\\027\262K\370[/\351\253""/\351\253#\n\000""; }; nodes {;   nodedata: ""\323C\344\327\264{\312-\017:\006{\177\344N\002\326bO\260\220\006\033\362\345\005U\221DzJ0\001\301\025%1L\307\t\261\262z\374\222T\301\274V\236\223\262\270Ct\362\337b\356\024*\324\320\351\317\002k\336\234\027v\351\217\260\303\360\233ZPZWr\246$w\313\313\r\243r\232\2234\373\3539:N\004Q\245\272D\312D\300\300\t\323\0257\345e\271\na\215{\226\255x%T\257\037\333\004\344_/R\006E\344\037@\210\363\010\336T\226\247'\204_{\261\370""1\235\2445\343\033Y!\212\201\341\272\225'\007;\373\236\032\n\001\265\006\342\313\304\273I\032#B\216\232I)\017w\311\256\210\263\367}*\335+Z\013\003""; }; ","ledgerHash: ""\305q\237\274G\300a4\275\240s\215\222\210\016\020G\344=-:GK\312\035\271\201\350\376F\260G""; ledgerSeq: 37; type: liBASE; nodes {;   nodedata: ""\000\000\000%\001cEx]\211\377\330\024\t\300.M\315\321S\257\224\252\362\326P\316\303%nX\3742\333\036\004Y\264yG^\234\177\214\000\000\000\000\000\000\000\000\000\000\000\000\000\000\000\000\000\000\000\000\000\000\000\000\000\000\000\000\000\000\000\000\224]\215\226\266%\227\276\377\346\027\346\025\306\3433\035\247\017 \240[E\263j\024\\027\262K\370[/\351\253""/\351\253#\n\000""; }; nodes {;   nodedata: ""\323C\344\327\264{\312-\017:\006{\177\344N\002\326bO\260\220\006\033\362\345\005U\221DzJ0\001\301\025%1L\307\t\261\262z\374\222T\301\274V\236\223\262\270Ct\362\337b\356\024*\324\320\351\317\002k\336\234\027v\351\217\260\303\360\233ZPZWr\246$w\313\313\r\243r\232\2234\373\3539:N\004Q\245\272D\312D\300\300\t\323\0257\345e\271\na\215{\226\255x%T\257\037\333\004\344_/R\006E\344\037@\210\363\010\336T\226\247'\204_{\261\370""1\235\2445\343\033Y!\212\201\341\272\225'\007;\373\236\032\n\001\265\006\342\313\304\273I\032#B\216\232I)\017w\311\256\210\263\367}*\335+Z\013\003""; }; "
1750527651505,1750527651506,0,1,3,1,TMLedgerData,"ledgerHash: ""\305q\237\274G\300a4\275\240s\215\222\210\016\020G\344=-:GK\312\035\271\201\350\376F\260G""; ledgerSeq: 37; type: liBASE; nodes {;   nodedata: ""\000\000\000%\001cEx]\211\377\330\024\t\300.M\315\321S\257\224\252\362\326P\316\303%nX\3742\333\036\004Y\264yG^\234\177\214\000\000\000\000\000\000\000\000\000\000\000\000\000\000\000\000\000\000\000\000\000\000\000\000\000\000\000\000\000\000\000\000\224]\215\226\266%\227\276\377\346\027\346\025\306\3433\035\247\017 \240[E\263j\024\\027\262K\370[/\351\253""/\351\253#\n\000""; }; nodes {;   nodedata: ""\323C\344\327\264{\312-\017:\006{\177\344N\002\326bO\260\220\006\033\362\345\005U\221DzJ0\001\301\025%1L\307\t\261\262z\374\222T\301\274V\236\223\262\270Ct\362\337b\356\024*\324\320\351\317\002k\336\234\027v\351\217\260\303\360\233ZPZWr\246$w\313\313\r\243r\232\2234\373\3539:N\004Q\245\272D\312D\300\300\t\323\0257\345e\271\na\215{\226\255x%T\257\037\333\004\344_/R\006E\344\037@\210\363\010\336T\226\247'\204_{\261\370""1\235\2445\343\033Y!\212\201\341\272\225'\007;\373\236\032\n\001\265\006\342\313\304\273I\032#B\216\232I)\017w\311\256\210\263\367}*\335+Z\013\003""; }; ","ledgerHash: ""\305q\237\274G\300a4\275\240s\215\222\210\016\020G\344=-:GK\312\035\271\201\350\376F\260G""; ledgerSeq: 37; type: liBASE; nodes {;   nodedata: ""\000\000\000%\001cEx]\211\377\330\024\t\300.M\315\321S\257\224\252\362\326P\316\303%nX\3742\333\036\004Y\264yG^\234\177\214\000\000\000\000\000\000\000\000\000\000\000\000\000\000\000\000\000\000\000\000\000\000\000\000\000\000\000\000\000\000\000\000\224]\215\226\266%\227\276\377\346\027\346\025\306\3433\035\247\017 \240[E\263j\024\\027\262K\370[/\351\253""/\351\253#\n\000""; }; nodes {;   nodedata: ""\323C\344\327\264{\312-\017:\006{\177\344N\002\326bO\260\220\006\033\362\345\005U\221DzJ0\001\301\025%1L\307\t\261\262z\374\222T\301\274V\236\223\262\270Ct\362\337b\356\024*\324\320\351\317\002k\336\234\027v\351\217\260\303\360\233ZPZWr\246$w\313\313\r\243r\232\2234\373\3539:N\004Q\245\272D\312D\300\300\t\323\0257\345e\271\na\215{\226\255x%T\257\037\333\004\344_/R\006E\344\037@\210\363\010\336T\226\247'\204_{\261\370""1\235\2445\343\033Y!\212\201\341\272\225'\007;\373\236\032\n\001\265\006\342\313\304\273I\032#B\216\232I)\017w\311\256\210\263\367}*\335+Z\013\003""; }; "
1750527651506,1750527651506,0,1,3,0,TMLedgerData,"ledgerHash: ""\305q\237\274G\300a4\275\240s\215\222\210\016\020G\344=-:GK\312\035\271\201\350\376F\260G""; ledgerSeq: 37; type: liBASE; nodes {;   nodedata: ""\000\000\000%\001cEx]\211\377\330\024\t\300.M\315\321S\257\224\252\362\326P\316\303%nX\3742\333\036\004Y\264yG^\234\177\214\000\000\000\000\000\000\000\000\000\000\000\000\000\000\000\000\000\000\000\000\000\000\000\000\000\000\000\000\000\000\000\000\224]\215\226\266%\227\276\377\346\027\346\025\306\3433\035\247\017 \240[E\263j\024\\027\262K\370[/\351\253""/\351\253#\n\000""; }; nodes {;   nodedata: ""\323C\344\327\264{\312-\017:\006{\177\344N\002\326bO\260\220\006\033\362\345\005U\221DzJ0\001\301\025%1L\307\t\261\262z\374\222T\301\274V\236\223\262\270Ct\362\337b\356\024*\324\320\351\317\002k\336\234\027v\351\217\260\303\360\233ZPZWr\246$w\313\313\r\243r\232\2234\373\3539:N\004Q\245\272D\312D\300\300\t\323\0257\345e\271\na\215{\226\255x%T\257\037\333\004\344_/R\006E\344\037@\210\363\010\336T\226\247'\204_{\261\370""1\235\2445\343\033Y!\212\201\341\272\225'\007;\373\236\032\n\001\265\006\342\313\304\273I\032#B\216\232I)\017w\311\256\210\263\367}*\335+Z\013\003""; }; ","ledgerHash: ""\305q\237\274G\300a4\275\240s\215\222\210\016\020G\344=-:GK\312\035\271\201\350\376F\260G""; ledgerSeq: 37; type: liBASE; nodes {;   nodedata: ""\000\000\000%\001cEx]\211\377\330\024\t\300.M\315\321S\257\224\252\362\326P\316\303%nX\3742\333\036\004Y\264yG^\234\177\214\000\000\000\000\000\000\000\000\000\000\000\000\000\000\000\000\000\000\000\000\000\000\000\000\000\000\000\000\000\000\000\000\224]\215\226\266%\227\276\377\346\027\346\025\306\3433\035\247\017 \240[E\263j\024\\027\262K\370[/\351\253""/\351\253#\n\000""; }; nodes {;   nodedata: ""\323C\344\327\264{\312-\017:\006{\177\344N\002\326bO\260\220\006\033\362\345\005U\221DzJ0\001\301\025%1L\307\t\261\262z\374\222T\301\274V\236\223\262\270Ct\362\337b\356\024*\324\320\351\317\002k\336\234\027v\351\217\260\303\360\233ZPZWr\246$w\313\313\r\243r\232\2234\373\3539:N\004Q\245\272D\312D\300\300\t\323\0257\345e\271\na\215{\226\255x%T\257\037\333\004\344_/R\006E\344\037@\210\363\010\336T\226\247'\204_{\261\370""1\235\2445\343\033Y!\212\201\341\272\225'\007;\373\236\032\n\001\265\006\342\313\304\273I\032#B\216\232I)\017w\311\256\210\263\367}*\335+Z\013\003""; }; "
1750527651507,1750527651507,0,1,3,0,TMLedgerData,"ledgerHash: ""\305q\237\274G\300a4\275\240s\215\222\210\016\020G\344=-:GK\312\035\271\201\350\376F\260G""; ledgerSeq: 37; type: liBASE; nodes {;   nodedata: ""\000\000\000%\001cEx]\211\377\330\024\t\300.M\315\321S\257\224\252\362\326P\316\303%nX\3742\333\036\004Y\264yG^\234\177\214\000\000\000\000\000\000\000\000\000\000\000\000\000\000\000\000\000\000\000\000\000\000\000\000\000\000\000\000\000\000\000\000\224]\215\226\266%\227\276\377\346\027\346\025\306\3433\035\247\017 \240[E\263j\024\\027\262K\370[/\351\253""/\351\253#\n\000""; }; nodes {;   nodedata: ""\323C\344\327\264{\312-\017:\006{\177\344N\002\326bO\260\220\006\033\362\345\005U\221DzJ0\001\301\025%1L\307\t\261\262z\374\222T\301\274V\236\223\262\270Ct\362\337b\356\024*\324\320\351\317\002k\336\234\027v\351\217\260\303\360\233ZPZWr\246$w\313\313\r\243r\232\2234\373\3539:N\004Q\245\272D\312D\300\300\t\323\0257\345e\271\na\215{\226\255x%T\257\037\333\004\344_/R\006E\344\037@\210\363\010\336T\226\247'\204_{\261\370""1\235\2445\343\033Y!\212\201\341\272\225'\007;\373\236\032\n\001\265\006\342\313\304\273I\032#B\216\232I)\017w\311\256\210\263\367}*\335+Z\013\003""; }; ","ledgerHash: ""\305q\237\274G\300a4\275\240s\215\222\210\016\020G\344=-:GK\312\035\271\201\350\376F\260G""; ledgerSeq: 37; type: liBASE; nodes {;   nodedata: ""\000\000\000%\001cEx]\211\377\330\024\t\300.M\315\321S\257\224\252\362\326P\316\303%nX\3742\333\036\004Y\264yG^\234\177\214\000\000\000\000\000\000\000\000\000\000\000\000\000\000\000\000\000\000\000\000\000\000\000\000\000\000\000\000\000\000\000\000\224]\215\226\266%\227\276\377\346\027\346\025\306\3433\035\247\017 \240[E\263j\024\\027\262K\370[/\351\253""/\351\253#\n\000""; }; nodes {;   nodedata: ""\323C\344\327\264{\312-\017:\006{\177\344N\002\326bO\260\220\006\033\362\345\005U\221DzJ0\001\301\025%1L\307\t\261\262z\374\222T\301\274V\236\223\262\270Ct\362\337b\356\024*\324\320\351\317\002k\336\234\027v\351\217\260\303\360\233ZPZWr\246$w\313\313\r\243r\232\2234\373\3539:N\004Q\245\272D\312D\300\300\t\323\0257\345e\271\na\215{\226\255x%T\257\037\333\004\344_/R\006E\344\037@\210\363\010\336T\226\247'\204_{\261\370""1\235\2445\343\033Y!\212\201\341\272\225'\007;\373\236\032\n\001\265\006\342\313\304\273I\032#B\216\232I)\017w\311\256\210\263\367}*\335+Z\013\003""; }; "
1750527651508,1750527651508,0,1,4,3,TMGetLedger,"itype: liBASE; ledgerHash: ""\305q\237\274G\300a4\275\240s\215\222\210\016\020G\344=-:GK\312\035\271\201\350\376F\260G""; ledgerSeq: 37; requestCookie: 1; queryType: qtINDIRECT; ","itype: liBASE; ledgerHash: ""\305q\237\274G\300a4\275\240s\215\222\210\016\020G\344=-:GK\312\035\271\201\350\376F\260G""; ledgerSeq: 37; requestCookie: 1; queryType: qtINDIRECT; "
1750527651508,1750527651508,0,1,2,3,TMGetLedger,"itype: liBASE; ledgerHash: ""\305q\237\274G\300a4\275\240s\215\222\210\016\020G\344=-:GK\312\035\271\201\350\376F\260G""; ledgerSeq: 37; requestCookie: 2; queryType: qtINDIRECT; ","itype: liBASE; ledgerHash: ""\305q\237\274G\300a4\275\240s\215\222\210\016\020G\344=-:GK\312\035\271\201\350\376F\260G""; ledgerSeq: 37; requestCookie: 2; queryType: qtINDIRECT; "
1750527651509,1750527651509,0,1,3,1,TMLedgerData,"ledgerHash: ""\305q\237\274G\300a4\275\240s\215\222\210\016\020G\344=-:GK\312\035\271\201\350\376F\260G""; ledgerSeq: 37; type: liBASE; nodes {;   nodedata: ""\000\000\000%\001cEx]\211\377\330\024\t\300.M\315\321S\257\224\252\362\326P\316\303%nX\3742\333\036\004Y\264yG^\234\177\214\000\000\000\000\000\000\000\000\000\000\000\000\000\000\000\000\000\000\000\000\000\000\000\000\000\000\000\000\000\000\000\000\224]\215\226\266%\227\276\377\346\027\346\025\306\3433\035\247\017 \240[E\263j\024\\027\262K\370[/\351\253""/\351\253#\n\000""; }; nodes {;   nodedata: ""\323C\344\327\264{\312-\017:\006{\177\344N\002\326bO\260\220\006\033\362\345\005U\221DzJ0\001\301\025%1L\307\t\261\262z\374\222T\301\274V\236\223\262\270Ct\362\337b\356\024*\324\320\351\317\002k\336\234\027v\351\217\260\303\360\233ZPZWr\246$w\313\313\r\243r\232\2234\373\3539:N\004Q\245\272D\312D\300\300\t\323\0257\345e\271\na\215{\226\255x%T\257\037\333\004\344_/R\006E\344\037@\210\363\010\336T\226\247'\204_{\261\370""1\235\2445\343\033Y!\212\201\341\272\225'\007;\373\236\032\n\001\265\006\342\313\304\273I\032#B\216\232I)\017w\311\256\210\263\367}*\335+Z\013\003""; }; ","ledgerHash: ""\305q\237\274G\300a4\275\240s\215\222\210\016\020G\344=-:GK\312\035\271\201\350\376F\260G""; ledgerSeq: 37; type: liBASE; nodes {;   nodedata: ""\000\000\000%\001cEx]\211\377\330\024\t\300.M\315\321S\257\224\252\362\326P\316\303%nX\3742\333\036\004Y\264yG^\234\177\214\000\000\000\000\000\000\000\000\000\000\000\000\000\000\000\000\000\000\000\000\000\000\000\000\000\000\000\000\000\000\000\000\224]\215\226\266%\227\276\377\346\027\346\025\306\3433\035\247\017 \240[E\263j\024\\027\262K\370[/\351\253""/\351\253#\n\000""; }; nodes {;   nodedata: ""\323C\344\327\264{\312-\017:\006{\177\344N\002\326bO\260\220\006\033\362\345\005U\221DzJ0\001\301\025%1L\307\t\261\262z\374\222T\301\274V\236\223\262\270Ct\362\337b\356\024*\324\320\351\317\002k\336\234\027v\351\217\260\303\360\233ZPZWr\246$w\313\313\r\243r\232\2234\373\3539:N\004Q\245\272D\312D\300\300\t\323\0257\345e\271\na\215{\226\255x%T\257\037\333\004\344_/R\006E\344\037@\210\363\010\336T\226\247'\204_{\261\370""1\235\2445\343\033Y!\212\201\341\272\225'\007;\373\236\032\n\001\265\006\342\313\304\273I\032#B\216\232I)\017w\311\256\210\263\367}*\335+Z\013\003""; }; "
1750527651510,1750527651510,0,1,2,3,TMGetLedger,"itype: liAS_NODE; ledgerHash: ""\305q\237\274G\300a4\275\240s\215\222\210\016\020G\344=-:GK\312\035\271\201\350\376F\260G""; ledgerSeq: 37; nodeIDs: ""\260\000\000\000\000\000\000\000\000\000\000\000\000\000\000\000\000\000\000\000\000\000\000\000\000\000\000\000\000\000\000\000\001""; queryType: qtINDIRECT; queryDepth: 1; ","itype: liAS_NODE; ledgerHash: ""\305q\237\274G\300a4\275\240s\215\222\210\016\020G\344=-:GK\312\035\271\201\350\376F\260G""; ledgerSeq: 37; nodeIDs: ""\260\000\000\000\000\000\000\000\000\000\000\000\000\000\000\000\000\000\000\000\000\000\000\000\000\000\000\000\000\000\000\000\001""; queryType: qtINDIRECT; queryDepth: 1; "
1750527651510,1750527651511,0,1,3,0,TMLedgerData,"ledgerHash: ""\305q\237\274G\300a4\275\240s\215\222\210\016\020G\344=-:GK\312\035\271\201\350\376F\260G""; ledgerSeq: 37; type: liBASE; nodes {;   nodedata: ""\000\000\000%\001cEx]\211\377\330\024\t\300.M\315\321S\257\224\252\362\326P\316\303%nX\3742\333\036\004Y\264yG^\234\177\214\000\000\000\000\000\000\000\000\000\000\000\000\000\000\000\000\000\000\000\000\000\000\000\000\000\000\000\000\000\000\000\000\224]\215\226\266%\227\276\377\346\027\346\025\306\3433\035\247\017 \240[E\263j\024\\027\262K\370[/\351\253""/\351\253#\n\000""; }; nodes {;   nodedata: ""\323C\344\327\264{\312-\017:\006{\177\344N\002\326bO\260\220\006\033\362\345\005U\221DzJ0\001\301\025%1L\307\t\261\262z\374\222T\301\274V\236\223\262\270Ct\362\337b\356\024*\324\320\351\317\002k\336\234\027v\351\217\260\303\360\233ZPZWr\246$w\313\313\r\243r\232\2234\373\3539:N\004Q\245\272D\312D\300\300\t\323\0257\345e\271\na\215{\226\255x%T\257\037\333\004\344_/R\006E\344\037@\210\363\010\336T\226\247'\204_{\261\370""1\235\2445\343\033Y!\212\201\341\272\225'\007;\373\236\032\n\001\265\006\342\313\304\273I\032#B\216\232I)\017w\311\256\210\263\367}*\335+Z\013\003""; }; requestCookie: 3; ","ledgerHash: ""\305q\237\274G\300a4\275\240s\215\222\210\016\020G\344=-:GK\312\035\271\201\350\376F\260G""; ledgerSeq: 37; type: liBASE; nodes {;   nodedata: ""\000\000\000%\001cEx]\211\377\330\024\t\300.M\315\321S\257\224\252\362\326P\316\303%nX\3742\333\036\004Y\264yG^\234\177\214\000\000\000\000\000\000\000\000\000\000\000\000\000\000\000\000\000\000\000\000\000\000\000\000\000\000\000\000\000\000\000\000\224]\215\226\266%\227\276\377\346\027\346\025\306\3433\035\247\017 \240[E\263j\024\\027\262K\370[/\351\253""/\351\253#\n\000""; }; nodes {;   nodedata: ""\323C\344\327\264{\312-\017:\006{\177\344N\002\326bO\260\220\006\033\362\345\005U\221DzJ0\001\301\025%1L\307\t\261\262z\374\222T\301\274V\236\223\262\270Ct\362\337b\356\024*\324\320\351\317\002k\336\234\027v\351\217\260\303\360\233ZPZWr\246$w\313\313\r\243r\232\2234\373\3539:N\004Q\245\272D\312D\300\300\t\323\0257\345e\271\na\215{\226\255x%T\257\037\333\004\344_/R\006E\344\037@\210\363\010\336T\226\247'\204_{\261\370""1\235\2445\343\033Y!\212\201\341\272\225'\007;\373\236\032\n\001\265\006\342\313\304\273I\032#B\216\232I)\017w\311\256\210\263\367}*\335+Z\013\003""; }; requestCookie: 3; "
1750527651511,1750527651511,0,1,2,3,TMGetLedger,"itype: liBASE; ledgerHash: ""\305q\237\274G\300a4\275\240s\215\222\210\016\020G\344=-:GK\312\035\271\201\350\376F\260G""; ledgerSeq: 37; requestCookie: 3; queryType: qtINDIRECT; ","itype: liBASE; ledgerHash: ""\305q\237\274G\300a4\275\240s\215\222\210\016\020G\344=-:GK\312\035\271\201\350\376F\260G""; ledgerSeq: 37; requestCookie: 3; queryType: qtINDIRECT; "
1750527651512,1750527651512,0,1,3,4,TMLedgerData,"ledgerHash: ""\305q\237\274G\300a4\275\240s\215\222\210\016\020G\344=-:GK\312\035\271\201\350\376F\260G""; ledgerSeq: 37; type: liBASE; nodes {;   nodedata: ""\000\000\000%\001cEx]\211\377\330\024\t\300.M\315\321S\257\224\252\362\326P\316\303%nX\3742\333\036\004Y\264yG^\234\177\214\000\000\000\000\000\000\000\000\000\000\000\000\000\000\000\000\000\000\000\000\000\000\000\000\000\000\000\000\000\000\000\000\224]\215\226\266%\227\276\377\346\027\346\025\306\3433\035\247\017 \240[E\263j\024\\027\262K\370[/\351\253""/\351\253#\n\000""; }; nodes {;   nodedata: ""\323C\344\327\264{\312-\017:\006{\177\344N\002\326bO\260\220\006\033\362\345\005U\221DzJ0\001\301\025%1L\307\t\261\262z\374\222T\301\274V\236\223\262\270Ct\362\337b\356\024*\324\320\351\317\002k\336\234\027v\351\217\260\303\360\233ZPZWr\246$w\313\313\r\243r\232\2234\373\3539:N\004Q\245\272D\312D\300\300\t\323\0257\345e\271\na\215{\226\255x%T\257\037\333\004\344_/R\006E\344\037@\210\363\010\336T\226\247'\204_{\261\370""1\235\2445\343\033Y!\212\201\341\272\225'\007;\373\236\032\n\001\265\006\342\313\304\273I\032#B\216\232I)\017w\311\256\210\263\367}*\335+Z\013\003""; }; requestCookie: 3; ","ledgerHash: ""\305q\237\274G\300a4\275\240s\215\222\210\016\020G\344=-:GK\312\035\271\201\350\376F\260G""; ledgerSeq: 37; type: liBASE; nodes {;   nodedata: ""\000\000\000%\001cEx]\211\377\330\024\t\300.M\315\321S\257\224\252\362\326P\316\303%nX\3742\333\036\004Y\264yG^\234\177\214\000\000\000\000\000\000\000\000\000\000\000\000\000\000\000\000\000\000\000\000\000\000\000\000\000\000\000\000\000\000\000\000\224]\215\226\266%\227\276\377\346\027\346\025\306\3433\035\247\017 \240[E\263j\024\\027\262K\370[/\351\253""/\351\253#\n\000""; }; nodes {;   nodedata: ""\323C\344\327\264{\312-\017:\006{\177\344N\002\326bO\260\220\006\033\362\345\005U\221DzJ0\001\301\025%1L\307\t\261\262z\374\222T\301\274V\236\223\262\270Ct\362\337b\356\024*\324\320\351\317\002k\336\234\027v\351\217\260\303\360\233ZPZWr\246$w\313\313\r\243r\232\2234\373\3539:N\004Q\245\272D\312D\300\300\t\323\0257\345e\271\na\215{\226\255x%T\257\037\333\004\344_/R\006E\344\037@\210\363\010\336T\226\247'\204_{\261\370""1\235\2445\343\033Y!\212\201\341\272\225'\007;\373\236\032\n\001\265\006\342\313\304\273I\032#B\216\232I)\017w\311\256\210\263\367}*\335+Z\013\003""; }; requestCookie: 3; "
1750527651513,1750527651513,0,1,1,3,TMGetLedger,"itype: liBASE; ledgerHash: ""\305q\237\274G\300a4\275\240s\215\222\210\016\020G\344=-:GK\312\035\271\201\350\376F\260G""; ledgerSeq: 37; requestCookie: 3; queryType: qtINDIRECT; ","itype: liBASE; ledgerHash: ""\305q\237\274G\300a4\275\240s\215\222\210\016\020G\344=-:GK\312\035\271\201\350\376F\260G""; ledgerSeq: 37; requestCookie: 3; queryType: qtINDIRECT; "
1750527651514,1750527651514,0,1,1,3,TMGetLedger,"itype: liBASE; ledgerHash: ""\305q\237\274G\300a4\275\240s\215\222\210\016\020G\344=-:GK\312\035\271\201\350\376F\260G""; ledgerSeq: 37; requestCookie: 2; queryType: qtINDIRECT; ","itype: liBASE; ledgerHash: ""\305q\237\274G\300a4\275\240s\215\222\210\016\020G\344=-:GK\312\035\271\201\350\376F\260G""; ledgerSeq: 37; requestCookie: 2; queryType: qtINDIRECT; "
1750527651514,1750527651515,0,1,1,3,TMGetLedger,"itype: liBASE; ledgerHash: ""\305q\237\274G\300a4\275\240s\215\222\210\016\020G\344=-:GK\312\035\271\201\350\376F\260G""; requestCookie: 5; queryType: qtINDIRECT; ","itype: liBASE; ledgerHash: ""\305q\237\274G\300a4\275\240s\215\222\210\016\020G\344=-:GK\312\035\271\201\350\376F\260G""; requestCookie: 5; queryType: qtINDIRECT; "
1750527651515,1750527651515,0,1,4,3,TMGetLedger,"itype: liAS_NODE; ledgerHash: ""\305q\237\274G\300a4\275\240s\215\222\210\016\020G\344=-:GK\312\035\271\201\350\376F\260G""; ledgerSeq: 37; nodeIDs: ""\260\000\000\000\000\000\000\000\000\000\000\000\000\000\000\000\000\000\000\000\000\000\000\000\000\000\000\000\000\000\000\000\001""; queryType: qtINDIRECT; queryDepth: 1; ","itype: liAS_NODE; ledgerHash: ""\305q\237\274G\300a4\275\240s\215\222\210\016\020G\344=-:GK\312\035\271\201\350\376F\260G""; ledgerSeq: 37; nodeIDs: ""\260\000\000\000\000\000\000\000\000\000\000\000\000\000\000\000\000\000\000\000\000\000\000\000\000\000\000\000\000\000\000\000\001""; queryType: qtINDIRECT; queryDepth: 1; "
1750527651516,1750527651516,0,1,3,2,TMLedgerData,"ledgerHash: ""\305q\237\274G\300a4\275\240s\215\222\210\016\020G\344=-:GK\312\035\271\201\350\376F\260G""; ledgerSeq: 37; type: liBASE; nodes {;   nodedata: ""\000\000\000%\001cEx]\211\377\330\024\t\300.M\315\321S\257\224\252\362\326P\316\303%nX\3742\333\036\004Y\264yG^\234\177\214\000\000\000\000\000\000\000\000\000\000\000\000\000\000\000\000\000\000\000\000\000\000\000\000\000\000\000\000\000\000\000\000\224]\215\226\266%\227\276\377\346\027\346\025\306\3433\035\247\017 \240[E\263j\024\\027\262K\370[/\351\253""/\351\253#\n\000""; }; nodes {;   nodedata: ""\323C\344\327\264{\312-\017:\006{\177\344N\002\326bO\260\220\006\033\362\345\005U\221DzJ0\001\301\025%1L\307\t\261\262z\374\222T\301\274V\236\223\262\270Ct\362\337b\356\024*\324\320\351\317\002k\336\234\027v\351\217\260\303\360\233ZPZWr\246$w\313\313\r\243r\232\2234\373\3539:N\004Q\245\272D\312D\300\300\t\323\0257\345e\271\na\215{\226\255x%T\257\037\333\004\344_/R\006E\344\037@\210\363\010\336T\226\247'\204_{\261\370""1\235\2445\343\033Y!\212\201\341\272\225'\007;\373\236\032\n\001\265\006\342\313\304\273I\032#B\216\232I)\017w\311\256\210\263\367}*\335+Z\013\003""; }; requestCookie: 5; ","ledgerHash: ""\305q\237\274G\300a4\275\240s\215\222\210\016\020G\344=-:GK\312\035\271\201\350\376F\260G""; ledgerSeq: 37; type: liBASE; nodes {;   nodedata: ""\000\000\000%\001cEx]\211\377\330\024\t\300.M\315\321S\257\224\252\362\326P\316\303%nX\3742\333\036\004Y\264yG^\234\177\214\000\000\000\000\000\000\000\000\000\000\000\000\000\000\000\000\000\000\000\000\000\000\000\000\000\000\000\000\000\000\000\000\224]\215\226\266%\227\276\377\346\027\346\025\306\3433\035\247\017 \240[E\263j\024\\027\262K\370[/\351\253""/\351\253#\n\000""; }; nodes {;   nodedata: ""\323C\344\327\264{\312-\017:\006{\177\344N\002\326bO\260\220\006\033\362\345\005U\221DzJ0\001\301\025%1L\307\t\261\262z\374\222T\301\274V\236\223\262\270Ct\362\337b\356\024*\324\320\351\317\002k\336\234\027v\351\217\260\303\360\233ZPZWr\246$w\313\313\r\243r\232\2234\373\3539:N\004Q\245\272D\312D\300\300\t\323\0257\345e\271\na\215{\226\255x%T\257\037\333\004\344_/R\006E\344\037@\210\363\010\336T\226\247'\204_{\261\370""1\235\2445\343\033Y!\212\201\341\272\225'\007;\373\236\032\n\001\265\006\342\313\304\273I\032#B\216\232I)\017w\311\256\210\263\367}*\335+Z\013\003""; }; requestCookie: 5; "
1750527651517,1750527651517,0,1,4,3,TMGetLedger,"itype: liBASE; ledgerHash: ""\305q\237\274G\300a4\275\240s\215\222\210\016\020G\344=-:GK\312\035\271\201\350\376F\260G""; ledgerSeq: 37; requestCookie: 2; queryType: qtINDIRECT; ","itype: liBASE; ledgerHash: ""\305q\237\274G\300a4\275\240s\215\222\210\016\020G\344=-:GK\312\035\271\201\350\376F\260G""; ledgerSeq: 37; requestCookie: 2; queryType: qtINDIRECT; "
1750527651517,1750527651517,0,1,1,3,TMGetLedger,"itype: liAS_NODE; ledgerHash: ""\305q\237\274G\300a4\275\240s\215\222\210\016\020G\344=-:GK\312\035\271\201\350\376F\260G""; ledgerSeq: 37; nodeIDs: ""\260\000\000\000\000\000\000\000\000\000\000\000\000\000\000\000\000\000\000\000\000\000\000\000\000\000\000\000\000\000\000\000\001""; queryType: qtINDIRECT; queryDepth: 1; ","itype: liAS_NODE; ledgerHash: ""\305q\237\274G\300a4\275\240s\215\222\210\016\020G\344=-:GK\312\035\271\201\350\376F\260G""; ledgerSeq: 37; nodeIDs: ""\260\000\000\000\000\000\000\000\000\000\000\000\000\000\000\000\000\000\000\000\000\000\000\000\000\000\000\000\000\000\000\000\001""; queryType: qtINDIRECT; queryDepth: 1; "
1750527651518,1750527651518,0,1,0,3,TMGetLedger,"itype: liBASE; ledgerHash: ""\305q\237\274G\300a4\275\240s\215\222\210\016\020G\344=-:GK\312\035\271\201\350\376F\260G""; ledgerSeq: 37; requestCookie: 2; queryType: qtINDIRECT; ","itype: liBASE; ledgerHash: ""\305q\237\274G\300a4\275\240s\215\222\210\016\020G\344=-:GK\312\035\271\201\350\376F\260G""; ledgerSeq: 37; requestCookie: 2; queryType: qtINDIRECT; "
1750527651518,1750527651518,0,1,0,3,TMGetLedger,"itype: liBASE; ledgerHash: ""\305q\237\274G\300a4\275\240s\215\222\210\016\020G\344=-:GK\312\035\271\201\350\376F\260G""; requestCookie: 5; queryType: qtINDIRECT; ","itype: liBASE; ledgerHash: ""\305q\237\274G\300a4\275\240s\215\222\210\016\020G\344=-:GK\312\035\271\201\350\376F\260G""; requestCookie: 5; queryType: qtINDIRECT; "
1750527651519,1750527651519,0,1,0,3,TMGetLedger,"itype: liAS_NODE; ledgerHash: ""\305q\237\274G\300a4\275\240s\215\222\210\016\020G\344=-:GK\312\035\271\201\350\376F\260G""; ledgerSeq: 37; nodeIDs: ""\260\000\000\000\000\000\000\000\000\000\000\000\000\000\000\000\000\000\000\000\000\000\000\000\000\000\000\000\000\000\000\000\001""; queryType: qtINDIRECT; queryDepth: 1; ","itype: liAS_NODE; ledgerHash: ""\305q\237\274G\300a4\275\240s\215\222\210\016\020G\344=-:GK\312\035\271\201\350\376F\260G""; ledgerSeq: 37; nodeIDs: ""\260\000\000\000\000\000\000\000\000\000\000\000\000\000\000\000\000\000\000\000\000\000\000\000\000\000\000\000\000\000\000\000\001""; queryType: qtINDIRECT; queryDepth: 1; "
1750527651520,1750527651520,0,1,3,4,TMLedgerData,"ledgerHash: ""\305q\237\274G\300a4\275\240s\215\222\210\016\020G\344=-:GK\312\035\271\201\350\376F\260G""; ledgerSeq: 37; type: liBASE; nodes {;   nodedata: ""\000\000\000%\001cEx]\211\377\330\024\t\300.M\315\321S\257\224\252\362\326P\316\303%nX\3742\333\036\004Y\264yG^\234\177\214\000\000\000\000\000\000\000\000\000\000\000\000\000\000\000\000\000\000\000\000\000\000\000\000\000\000\000\000\000\000\000\000\224]\215\226\266%\227\276\377\346\027\346\025\306\3433\035\247\017 \240[E\263j\024\\027\262K\370[/\351\253""/\351\253#\n\000""; }; nodes {;   nodedata: ""\323C\344\327\264{\312-\017:\006{\177\344N\002\326bO\260\220\006\033\362\345\005U\221DzJ0\001\301\025%1L\307\t\261\262z\374\222T\301\274V\236\223\262\270Ct\362\337b\356\024*\324\320\351\317\002k\336\234\027v\351\217\260\303\360\233ZPZWr\246$w\313\313\r\243r\232\2234\373\3539:N\004Q\245\272D\312D\300\300\t\323\0257\345e\271\na\215{\226\255x%T\257\037\333\004\344_/R\006E\344\037@\210\363\010\336T\226\247'\204_{\261\370""1\235\2445\343\033Y!\212\201\341\272\225'\007;\373\236\032\n\001\265\006\342\313\304\273I\032#B\216\232I)\017w\311\256\210\263\367}*\335+Z\013\003""; }; requestCookie: 1; ","ledgerHash: ""\305q\237\274G\300a4\275\240s\215\222\210\016\020G\344=-:GK\312\035\271\201\350\376F\260G""; ledgerSeq: 37; type: liBASE; nodes {;   nodedata: ""\000\000\000%\001cEx]\211\377\330\024\t\300.M\315\321S\257\224\252\362\326P\316\303%nX\3742\333\036\004Y\264yG^\234\177\214\000\000\000\000\000\000\000\000\000\000\000\000\000\000\000\000\000\000\000\000\000\000\000\000\000\000\000\000\000\000\000\000\224]\215\226\266%\227\276\377\346\027\346\025\306\3433\035\247\017 \240[E\263j\024\\027\262K\370[/\351\253""/\351\253#\n\000""; }; nodes {;   nodedata: ""\323C\344\327\264{\312-\017:\006{\177\344N\002\326bO\260\220\006\033\362\345\005U\221DzJ0\001\301\025%1L\307\t\261\262z\374\222T\301\274V\236\223\262\270Ct\362\337b\356\024*\324\320\351\317\002k\336\234\027v\351\217\260\303\360\233ZPZWr\246$w\313\313\r\243r\232\2234\373\3539:N\004Q\245\272D\312D\300\300\t\323\0257\345e\271\na\215{\226\255x%T\257\037\333\004\344_/R\006E\344\037@\210\363\010\336T\226\247'\204_{\261\370""1\235\2445\343\033Y!\212\201\341\272\225'\007;\373\236\032\n\001\265\006\342\313\304\273I\032#B\216\232I)\017w\311\256\210\263\367}*\335+Z\013\003""; }; requestCookie: 1; "
1750527651521,1750527651522,0,1,3,2,TMLedgerData,"ledgerHash: ""\305q\237\274G\300a4\275\240s\215\222\210\016\020G\344=-:GK\312\035\271\201\350\376F\260G""; ledgerSeq: 37; type: liBASE; nodes {;   nodedata: ""\000\000\000%\001cEx]\211\377\330\024\t\300.M\315\321S\257\224\252\362\326P\316\303%nX\3742\333\036\004Y\264yG^\234\177\214\000\000\000\000\000\000\000\000\000\000\000\000\000\000\000\000\000\000\000\000\000\000\000\000\000\000\000\000\000\000\000\000\224]\215\226\266%\227\276\377\346\027\346\025\306\3433\035\247\017 \240[E\263j\024\\027\262K\370[/\351\253""/\351\253#\n\000""; }; nodes {;   nodedata: ""\323C\344\327\264{\312-\017:\006{\177\344N\002\326bO\260\220\006\033\362\345\005U\221DzJ0\001\301\025%1L\307\t\261\262z\374\222T\301\274V\236\223\262\270Ct\362\337b\356\024*\324\320\351\317\002k\336\234\027v\351\217\260\303\360\233ZPZWr\246$w\313\313\r\243r\232\2234\373\3539:N\004Q\245\272D\312D\300\300\t\323\0257\345e\271\na\215{\226\255x%T\257\037\333\004\344_/R\006E\344\037@\210\363\010\336T\226\247'\204_{\261\370""1\235\2445\343\033Y!\212\201\341\272\225'\007;\373\236\032\n\001\265\006\342\313\304\273I\032#B\216\232I)\017w\311\256\210\263\367}*\335+Z\013\003""; }; requestCookie: 2; ","ledgerHash: ""\305q\237\274G\300a4\275\240s\215\222\210\016\020G\344=-:GK\312\035\271\201\350\376F\260G""; ledgerSeq: 37; type: liBASE; nodes {;   nodedata: ""\000\000\000%\001cEx]\211\377\330\024\t\300.M\315\321S\257\224\252\362\326P\316\303%nX\3742\333\036\004Y\264yG^\234\177\214\000\000\000\000\000\000\000\000\000\000\000\000\000\000\000\000\000\000\000\000\000\000\000\000\000\000\000\000\000\000\000\000\224]\215\226\266%\227\276\377\346\027\346\025\306\3433\035\247\017 \240[E\263j\024\\027\262K\370[/\351\253""/\351\253#\n\000""; }; nodes {;   nodedata: ""\323C\344\327\264{\312-\017:\006{\177\344N\002\326bO\260\220\006\033\362\345\005U\221DzJ0\001\301\025%1L\307\t\261\262z\374\222T\301\274V\236\223\262\270Ct\362\337b\356\024*\324\320\351\317\002k\336\234\027v\351\217\260\303\360\233ZPZWr\246$w\313\313\r\243r\232\2234\373\3539:N\004Q\245\272D\312D\300\300\t\323\0257\345e\271\na\215{\226\255x%T\257\037\333\004\344_/R\006E\344\037@\210\363\010\336T\226\247'\204_{\261\370""1\235\2445\343\033Y!\212\201\341\272\225'\007;\373\236\032\n\001\265\006\342\313\304\273I\032#B\216\232I)\017w\311\256\210\263\367}*\335+Z\013\003""; }; requestCookie: 2; "
1750527651522,1750527651522,0,1,3,2,TMLedgerData,"ledgerHash: ""\305q\237\274G\300a4\275\240s\215\222\210\016\020G\344=-:GK\312\035\271\201\350\376F\260G""; ledgerSeq: 37; type: liAS_NODE; nodes {;   nodedata: ""\021\000h""\000\000\000\000 \033\000\000\000$\002\023\304\337\330\356GuH\375\327!\255\371\r\231\262R\256J\034\222\241\355X\265E\241^W\225\304\014\361CX-}\351f\032\255\274\334m\326c\017\014ao[\342\230\003\245\245\3341Hm\326^\017jy\335\261\032Yt\320\244{g\0306\\302\303*\341\215\223\257\364\277o\375\000r\241SOq\221\253\262\005\017\375T\356\014\360o'\030\311-\267\031\257!\031T\006><\315XM\334\324\345\034\000\325\367\240\271\013\265\024\321\362\354\211\250.\234s\225amc\305\035\366\276\037nD\277`\210\223N\3535\033\261\304f\331]\036\237\306o!\223\221\002\324\031\262\240R\177 ,\214\325\Q])\016\2067\277\t\354\010\000\360\215\2502\265\245\310\226\243c\302Ze\306\253#r\020\211\320iG\276\020E\317\035Sf\223F\254\033@\177e\277\016\010u\327\371&\262\312\317Q\2361t\377x\234\001v\003%\030\325_\225g\204\346a=\225\273\331\354\365*U\363\263N\367b\371\244\314-w\363\262\225Z\200\206\235\233\257?sE\2674\254\326mU\377?\177Ek\336\030!\316Aa\225\303\022\377{\210Y\226\271as\354L\035\004\341\361\035\301\024\220m#*\372\032\3178~\374\250\014*\323\342'z69\220\327\256\351G\367\317u\302\207\270b\315\333\333\334\310I\323&\014\352XZnW2.\335\347\202\021\247\362\212e\034\000\001\250\220\305;a\314\265R\310\017\317\331\235\360\262\240:\277\202\266\354\265X""\022\nh\252\352w\204\203\023]\001f\352\277\0031Q]\362\370R\350{\261\202\240\344\215\201\353\276\322p5p\350\354\017>\250r\241c\273\016\301\024\363\242\247\263\231\370\344\nBW\220K\316@3\243\200\036wk\253GSlU\010\360\231>\331\263H\214\324\030A\225\301o\346pkSF\004\241\213w9\223=\250\262*+\255\351r\265\244c\024\213\t\007`\223\325#\3477\210\345P\306\013\320\252[\0216+\227=`\371P\314\346 V7\271[~\n\237\274|\347\352@K\253~&\260\032\024\004B\200\255h\351\013\361\031:nG\211\005|\2003\266\274\251,W\006u\344\335d\003\306\212\313,\340\350bG\n\030Z\2732-\246\312\255\030\003\235207\005}D\260\0261ah\322M\304\216\273m0\271\234\237\007<w$\265C\245\232\033\023\313c\321B\032l\301h\005\320\252\301\361(\330[\343\357\343{\235\n\266g\272>\177\317\347\261qb&\270&\346ju\200\363N\320\307\004\034\001n\317\361\2653\254\2503\247\305\372\316W\022O\253x\250\025\373\247\354Tc\304\263\243^\352Gv\\264\261\r\035\226\306\2411\351\233\203\215\200$\231\300f\220\371c@\017\254\363\\371\340\340VaR\205~^\226\342t\360\022\204d\231\205)\272\364?\361!\334\331\315\254\230\rBG\314\023\246\244=\351\177\254\302b&\276+H;0\312\021&\275\036\237\350R\313\206R\331\304k\323u\263t\221\213yC\241\217A\242\027g\322\241'\212.E?B_\316\327\217J +\370\t^b\005\020\003\211\373\247|hC\271Nmk~J\270EU\274\036-\347\240\312FA\321\341bca\253\025\321\311\317\021\375\317\217\n\272\033o\353G>\275\361H\265\240\232um""\317\324`\214\221\314\000\211K\223+(""\200i \311\372g\254\343ZR0\224\275q\252\357\213\263\206N\357&Q\217\267\303\356I\236\357\264\311b\037\366\035\253\343\311\265\240\327q\206f\262ODi\215-\363>\034\236l\273\005G\316F\217}[\036\007\270:\260\335\271B\241N\345\330\204\327f\361\272Kb\0377p\334\264\237\177~\330]\252+:\317u\302h\n\351\n\364\231\277R\371\356\033y\265v\360Ny\246\332qY\262\231\251\n\305\334\202\305\362\n\367@k\231\016R:\327\242\366\242\253LZY\223$Gw^\203\302\311\316I7\371tTwp}\005|\372\214\251{R`\230V\244-\326I\351\255\325i\335\377\321\353\327\331\302\023\347y\016\263\271\317\306\017UV\314qu?\0064A\315{3D\010\016S\212\2353k0\361\214ID\303g\277\010Y_\001~\021\333\370\255\374\\331\306\255\336)\365Rth\024\t\300.M\315\321S\257\224\252\362\326P\316\303%nX\3742\333\036\004Y\264yG^\234\177\214\264\227\2326\315\307\363\323\325\303\032N\256*\307\327 \235\332\207u\210\271\257\306g\231i*\260\326k\001"";   nodeid: ""\260\000\000\000\000\000\000\000\000\000\000\000\000\000\000\000\000\000\000\000\000\000\000\000\000\000\000\000\000\000\000\000\001""; }; ","ledgerHash: ""\305q\237\274G\300a4\275\240s\215\222\210\016\020G\344=-:GK\312\035\271\201\350\376F\260G""; ledgerSeq: 37; type: liAS_NODE; nodes {;   nodedata: ""\021\000h""\000\000\000\000 \033\000\000\000$\002\023\304\337\330\356GuH\375\327!\255\371\r\231\262R\256J\034\222\241\355X\265E\241^W\225\304\014\361CX-}\351f\032\255\274\334m\326c\017\014ao[\342\230\003\245\245\3341Hm\326^\017jy\335\261\032Yt\320\244{g\0306\\302\303*\341\215\223\257\364\277o\375\000r\241SOq\221\253\262\005\017\375T\356\014\360o'\030\311-\267\031\257!\031T\006><\315XM\334\324\345\034\000\325\367\240\271\013\265\024\321\362\354\211\250.\234s\225amc\305\035\366\276\037nD\277`\210\223N\3535\033\261\304f\331]\036\237\306o!\223\221\002\324\031\262\240R\177 ,\214\325\Q])\016\2067\277\t\354\010\000\360\215\2502\265\245\310\226\243c\302Ze\306\253#r\020\211\320iG\276\020E\317\035Sf\223F\254\033@\177e\277\016\010u\327\371&\262\312\317Q\2361t\377x\234\001v\003%\030\325_\225g\204\346a=\225\273\331\354\365*U\363\263N\367b\371\244\314-w\363\262\225Z\200\206\235\233\257?sE\2674\254\326mU\377?\177Ek\336\030!\316Aa\225\303\022\377{\210Y\226\271as\354L\035\004\341\361\035\301\024\220m#*\372\032\3178~\374\250\014*\323\342'z69\220\327\256\351G\367\317u\302\207\270b\315\333\333\334\310I\323&\014\352XZnW2.\335\347\202\021\247\362\212e\034\000\001\250\220\305;a\314\265R\310\017\317\331\235\360\262\240:\277\202\266\354\265X""\022\nh\252\352w\204\203\023]\001f\352\277\0031Q]\362\370R\350{\261\202\240\344\215\201\353\276\322p5p\350\354\017>\250r\241c\273\016\301\024\363\242\247\263\231\370\344\nBW\220K\316@3\243\200\036wk\253GSlU\010\360\231>\331\263H\214\324\030A\225\301o\346pkSF\004\241\213w9\223=\250\262*+\255\351r\265\244c\024\213\t\007`\223\325#\3477\210\345P\306\013\320\252[\0216+\227=`\371P\314\346 V7\271[~\n\237\274|\347\352@K\253~&\260\032\024\004B\200\255h\351\013\361\031:nG\211\005|\2003\266\274\251,W\006u\344\335d\003\306\212\313,\340\350bG\n\030Z\2732-\246\312\255\030\003\235207\005}D\260\0261ah\322M\304\216\273m0\271\234\237\007<w$\265C\245\232\033\023\313c\321B\032l\301h\005\320\252\301\361(\330[\343\357\343{\235\n\266g\272>\177\317\347\261qb&\270&\346ju\200\363N\320\307\004\034\001n\317\361\2653\254\2503\247\305\372\316W\022O\253x\250\025\373\247\354Tc\304\263\243^\352Gv\\264\261\r\035\226\306\2411\351\233\203\215\200$\231\300f\220\371c@\017\254\363\\371\340\340VaR\205~^\226\342t\360\022\204d\231\205)\272\364?\361!\334\331\315\254\230\rBG\314\023\246\244=\351\177\254\302b&\276+H;0\312\021&\275\036\237\350R\313\206R\331\304k\323u\263t\221\213yC\241\217A\242\027g\322\241'\212.E?B_\316\327\217J +\370\t^b\005\020\003\211\373\247|hC\271Nmk~J\270EU\274\036-\347\240\312FA\321\341bca\253\025\321\311\317\021\375\317\217\n\272\033o\353G>\275\361H\265\240\232um""\317\324`\214\221\314\000\211K\223+(""\200i \311\372g\254\343ZR0\224\275q\252\357\213\263\206N\357&Q\217\267\303\356I\236\357\264\311b\037\366\035\253\343\311\265\240\327q\206f\262ODi\215-\363>\034\236l\273\005G\316F\217}[\036\007\270:\260\335\271B\241N\345\330\204\327f\361\272Kb\0377p\334\264\237\177~\330]\252+:\317u\302h\n\351\n\364\231\277R\371\356\033y\265v\360Ny\246\332qY\262\231\251\n\305\334\202\305\362\n\367@k\231\016R:\327\242\366\242\253LZY\223$Gw^\203\302\311\316I7\371tTwp}\005|\372\214\251{R`\230V\244-\326I\351\255\325i\335\377\321\353\327\331\302\023\347y\016\263\271\317\306\017UV\314qu?\0064A\315{3D\010\016S\212\2353k0\361\214ID\303g\277\010Y_\001~\021\333\370\255\374\\331\306\255\336)\365Rth\024\t\300.M\315\321S\257\224\252\362\326P\316\303%nX\3742\333\036\004Y\264yG^\234\177\214\264\227\2326\315\307\363\323\325\303\032N\256*\307\327 \235\332\207u\210\271\257\306g\231i*\260\326k\001"";   nodeid: ""\260\000\000\000\000\000\000\000\000\000\000\000\000\000\000\000\000\000\000\000\000\000\000\000\000\000\000\000\000\000\000\000\001""; }; "
1750527651523,1750527651524,0,1,0,2,TMLedgerData,"ledgerHash: ""\305q\237\274G\300a4\275\240s\215\222\210\016\020G\344=-:GK\312\035\271\201\350\376F\260G""; ledgerSeq: 37; type: liBASE; nodes {;   nodedata: ""\000\000\000%\001cEx]\211\377\330\024\t\300.M\315\321S\257\224\252\362\326P\316\303%nX\3742\333\036\004Y\264yG^\234\177\214\000\000\000\000\000\000\000\000\000\000\000\000\000\000\000\000\000\000\000\000\000\000\000\000\000\000\000\000\000\000\000\000\224]\215\226\266%\227\276\377\346\027\346\025\306\3433\035\247\017 \240[E\263j\024\\027\262K\370[/\351\253""/\351\253#\n\000""; }; nodes {;   nodedata: ""\323C\344\327\264{\312-\017:\006{\177\344N\002\326bO\260\220\006\033\362\345\005U\221DzJ0\001\301\025%1L\307\t\261\262z\374\222T\301\274V\236\223\262\270Ct\362\337b\356\024*\324\320\351\317\002k\336\234\027v\351\217\260\303\360\233ZPZWr\246$w\313\313\r\243r\232\2234\373\3539:N\004Q\245\272D\312D\300\300\t\323\0257\345e\271\na\215{\226\255x%T\257\037\333\004\344_/R\006E\344\037@\210\363\010\336T\226\247'\204_{\261\370""1\235\2445\343\033Y!\212\201\341\272\225'\007;\373\236\032\n\001\265\006\342\313\304\273I\032#B\216\232I)\017w\311\256\210\263\367}*\335+Z\013\003""; }; ","ledgerHash: ""\305q\237\274G\300a4\275\240s\215\222\210\016\020G\344=-:GK\312\035\271\201\350\376F\260G""; ledgerSeq: 37; type: liBASE; nodes {;   nodedata: ""\000\000\000%\001cEx]\211\377\330\024\t\300.M\315\321S\257\224\252\362\326P\316\303%nX\3742\333\036\004Y\264yG^\234\177\214\000\000\000\000\000\000\000\000\000\000\000\000\000\000\000\000\000\000\000\000\000\000\000\000\000\000\000\000\000\000\000\000\224]\215\226\266%\227\276\377\346\027\346\025\306\3433\035\247\017 \240[E\263j\024\\027\262K\370[/\351\253""/\351\253#\n\000""; }; nodes {;   nodedata: ""\323C\344\327\264{\312-\017:\006{\177\344N\002\326bO\260\220\006\033\362\345\005U\221DzJ0\001\301\025%1L\307\t\261\262z\374\222T\301\274V\236\223\262\270Ct\362\337b\356\024*\324\320\351\317\002k\336\234\027v\351\217\260\303\360\233ZPZWr\246$w\313\313\r\243r\232\2234\373\3539:N\004Q\245\272D\312D\300\300\t\323\0257\345e\271\na\215{\226\255x%T\257\037\333\004\344_/R\006E\344\037@\210\363\010\336T\226\247'\204_{\261\370""1\235\2445\343\033Y!\212\201\341\272\225'\007;\373\236\032\n\001\265\006\342\313\304\273I\032#B\216\232I)\017w\311\256\210\263\367}*\335+Z\013\003""; }; "
1750527651524,1750527651524,0,1,3,2,TMLedgerData,"ledgerHash: ""\305q\237\274G\300a4\275\240s\215\222\210\016\020G\344=-:GK\312\035\271\201\350\376F\260G""; ledgerSeq: 37; type: liBASE; nodes {;   nodedata: ""\000\000\000%\001cEx]\211\377\330\024\t\300.M\315\321S\257\224\252\362\326P\316\303%nX\3742\333\036\004Y\264yG^\234\177\214\000\000\000\000\000\000\000\000\000\000\000\000\000\000\000\000\000\000\000\000\000\000\000\000\000\000\000\000\000\000\000\000\224]\215\226\266%\227\276\377\346\027\346\025\306\3433\035\247\017 \240[E\263j\024\\027\262K\370[/\351\253""/\351\253#\n\000""; }; nodes {;   nodedata: ""\323C\344\327\264{\312-\017:\006{\177\344N\002\326bO\260\220\006\033\362\345\005U\221DzJ0\001\301\025%1L\307\t\261\262z\374\222T\301\274V\236\223\262\270Ct\362\337b\356\024*\324\320\351\317\002k\336\234\027v\351\217\260\303\360\233ZPZWr\246$w\313\313\r\243r\232\2234\373\3539:N\004Q\245\272D\312D\300\300\t\323\0257\345e\271\na\215{\226\255x%T\257\037\333\004\344_/R\006E\344\037@\210\363\010\336T\226\247'\204_{\261\370""1\235\2445\343\033Y!\212\201\341\272\225'\007;\373\236\032\n\001\265\006\342\313\304\273I\032#B\216\232I)\017w\311\256\210\263\367}*\335+Z\013\003""; }; requestCookie: 3; ","ledgerHash: ""\305q\237\274G\300a4\275\240s\215\222\210\016\020G\344=-:GK\312\035\271\201\350\376F\260G""; ledgerSeq: 37; type: liBASE; nodes {;   nodedata: ""\000\000\000%\001cEx]\211\377\330\024\t\300.M\315\321S\257\224\252\362\326P\316\303%nX\3742\333\036\004Y\264yG^\234\177\214\000\000\000\000\000\000\000\000\000\000\000\000\000\000\000\000\000\000\000\000\000\000\000\000\000\000\000\000\000\000\000\000\224]\215\226\266%\227\276\377\346\027\346\025\306\3433\035\247\017 \240[E\263j\024\\027\262K\370[/\351\253""/\351\253#\n\000""; }; nodes {;   nodedata: ""\323C\344\327\264{\312-\017:\006{\177\344N\002\326bO\260\220\006\033\362\345\005U\221DzJ0\001\301\025%1L\307\t\261\262z\374\222T\301\274V\236\223\262\270Ct\362\337b\356\024*\324\320\351\317\002k\336\234\027v\351\217\260\303\360\233ZPZWr\246$w\313\313\r\243r\232\2234\373\3539:N\004Q\245\272D\312D\300\300\t\323\0257\345e\271\na\215{\226\255x%T\257\037\333\004\344_/R\006E\344\037@\210\363\010\336T\226\247'\204_{\261\370""1\235\2445\343\033Y!\212\201\341\272\225'\007;\373\236\032\n\001\265\006\342\313\304\273I\032#B\216\232I)\017w\311\256\210\263\367}*\335+Z\013\003""; }; requestCookie: 3; "
1750527651525,1750527651525,0,1,4,2,TMLedgerData,"ledgerHash: ""\305q\237\274G\300a4\275\240s\215\222\210\016\020G\344=-:GK\312\035\271\201\350\376F\260G""; ledgerSeq: 37; type: liBASE; nodes {;   nodedata: ""\000\000\000%\001cEx]\211\377\330\024\t\300.M\315\321S\257\224\252\362\326P\316\303%nX\3742\333\036\004Y\264yG^\234\177\214\000\000\000\000\000\000\000\000\000\000\000\000\000\000\000\000\000\000\000\000\000\000\000\000\000\000\000\000\000\000\000\000\224]\215\226\266%\227\276\377\346\027\346\025\306\3433\035\247\017 \240[E\263j\024\\027\262K\370[/\351\253""/\351\253#\n\000""; }; nodes {;   nodedata: ""\323C\344\327\264{\312-\017:\006{\177\344N\002\326bO\260\220\006\033\362\345\005U\221DzJ0\001\301\025%1L\307\t\261\262z\374\222T\301\274V\236\223\262\270Ct\362\337b\356\024*\324\320\351\317\002k\336\234\027v\351\217\260\303\360\233ZPZWr\246$w\313\313\r\243r\232\2234\373\3539:N\004Q\245\272D\312D\300\300\t\323\0257\345e\271\na\215{\226\255x%T\257\037\333\004\344_/R\006E\344\037@\210\363\010\336T\226\247'\204_{\261\370""1\235\2445\343\033Y!\212\201\341\272\225'\007;\373\236\032\n\001\265\006\342\313\304\273I\032#B\216\232I)\017w\311\256\210\263\367}*\335+Z\013\003""; }; ","ledgerHash: ""\305q\237\274G\300a4\275\240s\215\222\210\016\020G\344=-:GK\312\035\271\201\350\376F\260G""; ledgerSeq: 37; type: liBASE; nodes {;   nodedata: ""\000\000\000%\001cEx]\211\377\330\024\t\300.M\315\321S\257\224\252\362\326P\316\303%nX\3742\333\036\004Y\264yG^\234\177\214\000\000\000\000\000\000\000\000\000\000\000\000\000\000\000\000\000\000\000\000\000\000\000\000\000\000\000\000\000\000\000\000\224]\215\226\266%\227\276\377\346\027\346\025\306\3433\035\247\017 \240[E\263j\024\\027\262K\370[/\351\253""/\351\253#\n\000""; }; nodes {;   nodedata: ""\323C\344\327\264{\312-\017:\006{\177\344N\002\326bO\260\220\006\033\362\345\005U\221DzJ0\001\301\025%1L\307\t\261\262z\374\222T\301\274V\236\223\262\270Ct\362\337b\356\024*\324\320\351\317\002k\336\234\027v\351\217\260\303\360\233ZPZWr\246$w\313\313\r\243r\232\2234\373\3539:N\004Q\245\272D\312D\300\300\t\323\0257\345e\271\na\215{\226\255x%T\257\037\333\004\344_/R\006E\344\037@\210\363\010\336T\226\247'\204_{\261\370""1\235\2445\343\033Y!\212\201\341\272\225'\007;\373\236\032\n\001\265\006\342\313\304\273I\032#B\216\232I)\017w\311\256\210\263\367}*\335+Z\013\003""; }; "
1750527651526,1750527651526,0,1,3,1,TMLedgerData,"ledgerHash: ""\305q\237\274G\300a4\275\240s\215\222\210\016\020G\344=-:GK\312\035\271\201\350\376F\260G""; ledgerSeq: 37; type: liBASE; nodes {;   nodedata: ""\000\000\000%\001cEx]\211\377\330\024\t\300.M\315\321S\257\224\252\362\326P\316\303%nX\3742\333\036\004Y\264yG^\234\177\214\000\000\000\000\000\000\000\000\000\000\000\000\000\000\000\000\000\000\000\000\000\000\000\000\000\000\000\000\000\000\000\000\224]\215\226\266%\227\276\377\346\027\346\025\306\3433\035\247\017 \240[E\263j\024\\027\262K\370[/\351\253""/\351\253#\n\000""; }; nodes {;   nodedata: ""\323C\344\327\264{\312-\017:\006{\177\344N\002\326bO\260\220\006\033\362\345\005U\221DzJ0\001\301\025%1L\307\t\261\262z\374\222T\301\274V\236\223\262\270Ct\362\337b\356\024*\324\320\351\317\002k\336\234\027v\351\217\260\303\360\233ZPZWr\246$w\313\313\r\243r\232\2234\373\3539:N\004Q\245\272D\312D\300\300\t\323\0257\345e\271\na\215{\226\255x%T\257\037\333\004\344_/R\006E\344\037@\210\363\010\336T\226\247'\204_{\261\370""1\235\2445\343\033Y!\212\201\341\272\225'\007;\373\236\032\n\001\265\006\342\313\304\273I\032#B\216\232I)\017w\311\256\210\263\367}*\335+Z\013\003""; }; requestCookie: 3; ","ledgerHash: ""\305q\237\274G\300a4\275\240s\215\222\210\016\020G\344=-:GK\312\035\271\201\350\376F\260G""; ledgerSeq: 37; type: liBASE; nodes {;   nodedata: ""\000\000\000%\001cEx]\211\377\330\024\t\300.M\315\321S\257\224\252\362\326P\316\303%nX\3742\333\036\004Y\264yG^\234\177\214\000\000\000\000\000\000\000\000\000\000\000\000\000\000\000\000\000\000\000\000\000\000\000\000\000\000\000\000\000\000\000\000\224]\215\226\266%\227\276\377\346\027\346\025\306\3433\035\247\017 \240[E\263j\024\\027\262K\370[/\351\253""/\351\253#\n\000""; }; nodes {;   nodedata: ""\323C\344\327\264{\312-\017:\006{\177\344N\002\326bO\260\220\006\033\362\345\005U\221DzJ0\001\301\025%1L\307\t\261\262z\374\222T\301\274V\236\223\262\270Ct\362\337b\356\024*\324\320\351\317\002k\336\234\027v\351\217\260\303\360\233ZPZWr\246$w\313\313\r\243r\232\2234\373\3539:N\004Q\245\272D\312D\300\300\t\323\0257\345e\271\na\215{\226\255x%T\257\037\333\004\344_/R\006E\344\037@\210\363\010\336T\226\247'\204_{\261\370""1\235\2445\343\033Y!\212\201\341\272\225'\007;\373\236\032\n\001\265\006\342\313\304\273I\032#B\216\232I)\017w\311\256\210\263\367}*\335+Z\013\003""; }; requestCookie: 3; "
1750527651526,1750527651526,0,1,3,1,TMLedgerData,"ledgerHash: ""\305q\237\274G\300a4\275\240s\215\222\210\016\020G\344=-:GK\312\035\271\201\350\376F\260G""; ledgerSeq: 37; type: liBASE; nodes {;   nodedata: ""\000\000\000%\001cEx]\211\377\330\024\t\300.M\315\321S\257\224\252\362\326P\316\303%nX\3742\333\036\004Y\264yG^\234\177\214\000\000\000\000\000\000\000\000\000\000\000\000\000\000\000\000\000\000\000\000\000\000\000\000\000\000\000\000\000\000\000\000\224]\215\226\266%\227\276\377\346\027\346\025\306\3433\035\247\017 \240[E\263j\024\\027\262K\370[/\351\253""/\351\253#\n\000""; }; nodes {;   nodedata: ""\323C\344\327\264{\312-\017:\006{\177\344N\002\326bO\260\220\006\033\362\345\005U\221DzJ0\001\301\025%1L\307\t\261\262z\374\222T\301\274V\236\223\262\270Ct\362\337b\356\024*\324\320\351\317\002k\336\234\027v\351\217\260\303\360\233ZPZWr\246$w\313\313\r\243r\232\2234\373\3539:N\004Q\245\272D\312D\300\300\t\323\0257\345e\271\na\215{\226\255x%T\257\037\333\004\344_/R\006E\344\037@\210\363\010\336T\226\247'\204_{\261\370""1\235\2445\343\033Y!\212\201\341\272\225'\007;\373\236\032\n\001\265\006\342\313\304\273I\032#B\216\232I)\017w\311\256\210\263\367}*\335+Z\013\003""; }; requestCookie: 2; ","ledgerHash: ""\305q\237\274G\300a4\275\240s\215\222\210\016\020G\344=-:GK\312\035\271\201\350\376F\260G""; ledgerSeq: 37; type: liBASE; nodes {;   nodedata: ""\000\000\000%\001cEx]\211\377\330\024\t\300.M\315\321S\257\224\252\362\326P\316\303%nX\3742\333\036\004Y\264yG^\234\177\214\000\000\000\000\000\000\000\000\000\000\000\000\000\000\000\000\000\000\000\000\000\000\000\000\000\000\000\000\000\000\000\000\224]\215\226\266%\227\276\377\346\027\346\025\306\3433\035\247\017 \240[E\263j\024\\027\262K\370[/\351\253""/\351\253#\n\000""; }; nodes {;   nodedata: ""\323C\344\327\264{\312-\017:\006{\177\344N\002\326bO\260\220\006\033\362\345\005U\221DzJ0\001\301\025%1L\307\t\261\262z\374\222T\301\274V\236\223\262\270Ct\362\337b\356\024*\324\320\351\317\002k\336\234\027v\351\217\260\303\360\233ZPZWr\246$w\313\313\r\243r\232\2234\373\3539:N\004Q\245\272D\312D\300\300\t\323\0257\345e\271\na\215{\226\255x%T\257\037\333\004\344_/R\006E\344\037@\210\363\010\336T\226\247'\204_{\261\370""1\235\2445\343\033Y!\212\201\341\272\225'\007;\373\236\032\n\001\265\006\342\313\304\273I\032#B\216\232I)\017w\311\256\210\263\367}*\335+Z\013\003""; }; requestCookie: 2; "
1750527651527,1750527651528,0,1,3,1,TMLedgerData,"ledgerHash: ""\305q\237\274G\300a4\275\240s\215\222\210\016\020G\344=-:GK\312\035\271\201\350\376F\260G""; ledgerSeq: 37; type: liBASE; nodes {;   nodedata: ""\000\000\000%\001cEx]\211\377\330\024\t\300.M\315\321S\257\224\252\362\326P\316\303%nX\3742\333\036\004Y\264yG^\234\177\214\000\000\000\000\000\000\000\000\000\000\000\000\000\000\000\000\000\000\000\000\000\000\000\000\000\000\000\000\000\000\000\000\224]\215\226\266%\227\276\377\346\027\346\025\306\3433\035\247\017 \240[E\263j\024\\027\262K\370[/\351\253""/\351\253#\n\000""; }; nodes {;   nodedata: ""\323C\344\327\264{\312-\017:\006{\177\344N\002\326bO\260\220\006\033\362\345\005U\221DzJ0\001\301\025%1L\307\t\261\262z\374\222T\301\274V\236\223\262\270Ct\362\337b\356\024*\324\320\351\317\002k\336\234\027v\351\217\260\303\360\233ZPZWr\246$w\313\313\r\243r\232\2234\373\3539:N\004Q\245\272D\312D\300\300\t\323\0257\345e\271\na\215{\226\255x%T\257\037\333\004\344_/R\006E\344\037@\210\363\010\336T\226\247'\204_{\261\370""1\235\2445\343\033Y!\212\201\341\272\225'\007;\373\236\032\n\001\265\006\342\313\304\273I\032#B\216\232I)\017w\311\256\210\263\367}*\335+Z\013\003""; }; requestCookie: 5; ","ledgerHash: ""\305q\237\274G\300a4\275\240s\215\222\210\016\020G\344=-:GK\312\035\271\201\350\376F\260G""; ledgerSeq: 37; type: liBASE; nodes {;   nodedata: ""\000\000\000%\001cEx]\211\377\330\024\t\300.M\315\321S\257\224\252\362\326P\316\303%nX\3742\333\036\004Y\264yG^\234\177\214\000\000\000\000\000\000\000\000\000\000\000\000\000\000\000\000\000\000\000\000\000\000\000\000\000\000\000\000\000\000\000\000\224]\215\226\266%\227\276\377\346\027\346\025\306\3433\035\247\017 \240[E\263j\024\\027\262K\370[/\351\253""/\351\253#\n\000""; }; nodes {;   nodedata: ""\323C\344\327\264{\312-\017:\006{\177\344N\002\326bO\260\220\006\033\362\345\005U\221DzJ0\001\301\025%1L\307\t\261\262z\374\222T\301\274V\236\223\262\270Ct\362\337b\356\024*\324\320\351\317\002k\336\234\027v\351\217\260\303\360\233ZPZWr\246$w\313\313\r\243r\232\2234\373\3539:N\004Q\245\272D\312D\300\300\t\323\0257\345e\271\na\215{\226\255x%T\257\037\333\004\344_/R\006E\344\037@\210\363\010\336T\226\247'\204_{\261\370""1\235\2445\343\033Y!\212\201\341\272\225'\007;\373\236\032\n\001\265\006\342\313\304\273I\032#B\216\232I)\017w\311\256\210\263\367}*\335+Z\013\003""; }; requestCookie: 5; "
1750527651528,1750527651529,0,1,3,4,TMLedgerData,"ledgerHash: ""\305q\237\274G\300a4\275\240s\215\222\210\016\020G\344=-:GK\312\035\271\201\350\376F\260G""; ledgerSeq: 37; type: liAS_NODE; nodes {;   nodedata: ""\021\000h""\000\000\000\000 \033\000\000\000$\002\023\304\337\330\356GuH\375\327!\255\371\r\231\262R\256J\034\222\241\355X\265E\241^W\225\304\014\361CX-}\351f\032\255\274\334m\326c\017\014ao[\342\230\003\245\245\3341Hm\326^\017jy\335\261\032Yt\320\244{g\0306\\302\303*\341\215\223\257\364\277o\375\000r\241SOq\221\253\262\005\017\375T\356\014\360o'\030\311-\267\031\257!\031T\006><\315XM\334\324\345\034\000\325\367\240\271\013\265\024\321\362\354\211\250.\234s\225amc\305\035\366\276\037nD\277`\210\223N\3535\033\261\304f\331]\036\237\306o!\223\221\002\324\031\262\240R\177 ,\214\325\Q])\016\2067\277\t\354\010\000\360\215\2502\265\245\310\226\243c\302Ze\306\253#r\020\211\320iG\276\020E\317\035Sf\223F\254\033@\177e\277\016\010u\327\371&\262\312\317Q\2361t\377x\234\001v\003%\030\325_\225g\204\346a=\225\273\331\354\365*U\363\263N\367b\371\244\314-w\363\262\225Z\200\206\235\233\257?sE\2674\254\326mU\377?\177Ek\336\030!\316Aa\225\303\022\377{\210Y\226\271as\354L\035\004\341\361\035\301\024\220m#*\372\032\3178~\374\250\014*\323\342'z69\220\327\256\351G\367\317u\302\207\270b\315\333\333\334\310I\323&\014\352XZnW2.\335\347\202\021\247\362\212e\034\000\001\250\220\305;a\314\265R\310\017\317\331\235\360\262\240:\277\202\266\354\265X""\022\nh\252\352w\204\203\023]\001f\352\277\0031Q]\362\370R\350{\261\202\240\344\215\201\353\276\322p5p\350\354\017>\250r\241c\273\016\301\024\363\242\247\263\231\370\344\nBW\220K\316@3\243\200\036wk\253GSlU\010\360\231>\331\263H\214\324\030A\225\301o\346pkSF\004\241\213w9\223=\250\262*+\255\351r\265\244c\024\213\t\007`\223\325#\3477\210\345P\306\013\320\252[\0216+\227=`\371P\314\346 V7\271[~\n\237\274|\347\352@K\253~&\260\032\024\004B\200\255h\351\013\361\031:nG\211\005|\2003\266\274\251,W\006u\344\335d\003\306\212\313,\340\350bG\n\030Z\2732-\246\312\255\030\003\235207\005}D\260\0261ah\322M\304\216\273m0\271\234\237\007<w$\265C\245\232\033\023\313c\321B\032l\301h\005\320\252\301\361(\330[\343\357\343{\235\n\266g\272>\177\317\347\261qb&\270&\346ju\200\363N\320\307\004\034\001n\317\361\2653\254\2503\247\305\372\316W\022O\253x\250\025\373\247\354Tc\304\263\243^\352Gv\\264\261\r\035\226\306\2411\351\233\203\215\200$\231\300f\220\371c@\017\254\363\\371\340\340VaR\205~^\226\342t\360\022\204d\231\205)\272\364?\361!\334\331\315\254\230\rBG\314\023\246\244=\351\177\254\302b&\276+H;0\312\021&\275\036\237\350R\313\206R\331\304k\323u\263t\221\213yC\241\217A\242\027g\322\241'\212.E?B_\316\327\217J +\370\t^b\005\020\003\211\373\247|hC\271Nmk~J\270EU\274\036-\347\240\312FA\321\341bca\253\025\321\311\317\021\375\317\217\n\272\033o\353G>\275\361H\265\240\232um""\317\324`\214\221\314\000\211K\223+(""\200i \311\372g\254\343ZR0\224\275q\252\357\213\263\206N\357&Q\217\267\303\356I\236\357\264\311b\037\366\035\253\343\311\265\240\327q\206f\262ODi\215-\363>\034\236l\273\005G\316F\217}[\036\007\270:\260\335\271B\241N\345\330\204\327f\361\272Kb\0377p\334\264\237\177~\330]\252+:\317u\302h\n\351\n\364\231\277R\371\356\033y\265v\360Ny\246\332qY\262\231\251\n\305\334\202\305\362\n\367@k\231\016R:\327\242\366\242\253LZY\223$Gw^\203\302\311\316I7\371tTwp}\005|\372\214\251{R`\230V\244-\326I\351\255\325i\335\377\321\353\327\331\302\023\347y\016\263\271\317\306\017UV\314qu?\0064A\315{3D\010\016S\212\2353k0\361\214ID\303g\277\010Y_\001~\021\333\370\255\374\\331\306\255\336)\365Rth\024\t\300.M\315\321S\257\224\252\362\326P\316\303%nX\3742\333\036\004Y\264yG^\234\177\214\264\227\2326\315\307\363\323\325\303\032N\256*\307\327 \235\332\207u\210\271\257\306g\231i*\260\326k\001"";   nodeid: ""\260\000\000\000\000\000\000\000\000\000\000\000\000\000\000\000\000\000\000\000\000\000\000\000\000\000\000\000\000\000\000\000\001""; }; ","ledgerHash: ""\305q\237\274G\300a4\275\240s\215\222\210\016\020G\344=-:GK\312\035\271\201\350\376F\260G""; ledgerSeq: 37; type: liAS_NODE; nodes {;   nodedata: ""\021\000h""\000\000\000\000 \033\000\000\000$\002\023\304\337\330\356GuH\375\327!\255\371\r\231\262R\256J\034\222\241\355X\265E\241^W\225\304\014\361CX-}\351f\032\255\274\334m\326c\017\014ao[\342\230\003\245\245\3341Hm\326^\017jy\335\261\032Yt\320\244{g\0306\\302\303*\341\215\223\257\364\277o\375\000r\241SOq\221\253\262\005\017\375T\356\014\360o'\030\311-\267\031\257!\031T\006><\315XM\334\324\345\034\000\325\367\240\271\013\265\024\321\362\354\211\250.\234s\225amc\305\035\366\276\037nD\277`\210\223N\3535\033\261\304f\331]\036\237\306o!\223\221\002\324\031\262\240R\177 ,\214\325\Q])\016\2067\277\t\354\010\000\360\215\2502\265\245\310\226\243c\302Ze\306\253#r\020\211\320iG\276\020E\317\035Sf\223F\254\033@\177e\277\016\010u\327\371&\262\312\317Q\2361t\377x\234\001v\003%\030\325_\225g\204\346a=\225\273\331\354\365*U\363\263N\367b\371\244\314-w\363\262\225Z\200\206\235\233\257?sE\2674\254\326mU\377?\177Ek\336\030!\316Aa\225\303\022\377{\210Y\226\271as\354L\035\004\341\361\035\301\024\220m#*\372\032\3178~\374\250\014*\323\342'z69\220\327\256\351G\367\317u\302\207\270b\315\333\333\334\310I\323&\014\352XZnW2.\335\347\202\021\247\362\212e\034\000\001\250\220\305;a\314\265R\310\017\317\331\235\360\262\240:\277\202\266\354\265X""\022\nh\252\352w\204\203\023]\001f\352\277\0031Q]\362\370R\350{\261\202\240\344\215\201\353\276\322p5p\350\354\017>\250r\241c\273\016\301\024\363\242\247\263\231\370\344\nBW\220K\316@3\243\200\036wk\253GSlU\010\360\231>\331\263H\214\324\030A\225\301o\346pkSF\004\241\213w9\223=\250\262*+\255\351r\265\244c\024\213\t\007`\223\325#\3477\210\345P\306\013\320\252[\0216+\227=`\371P\314\346 V7\271[~\n\237\274|\347\352@K\253~&\260\032\024\004B\200\255h\351\013\361\031:nG\211\005|\2003\266\274\251,W\006u\344\335d\003\306\212\313,\340\350bG\n\030Z\2732-\246\312\255\030\003\235207\005}D\260\0261ah\322M\304\216\273m0\271\234\237\007<w$\265C\245\232\033\023\313c\321B\032l\301h\005\320\252\301\361(\330[\343\357\343{\235\n\266g\272>\177\317\347\261qb&\270&\346ju\200\363N\320\307\004\034\001n\317\361\2653\254\2503\247\305\372\316W\022O\253x\250\025\373\247\354Tc\304\263\243^\352Gv\\264\261\r\035\226\306\2411\351\233\203\215\200$\231\300f\220\371c@\017\254\363\\371\340\340VaR\205~^\226\342t\360\022\204d\231\205)\272\364?\361!\334\331\315\254\230\rBG\314\023\246\244=\351\177\254\302b&\276+H;0\312\021&\275\036\237\350R\313\206R\331\304k\323u\263t\221\213yC\241\217A\242\027g\322\241'\212.E?B_\316\327\217J +\370\t^b\005\020\003\211\373\247|hC\271Nmk~J\270EU\274\036-\347\240\312FA\321\341bca\253\025\321\311\317\021\375\317\217\n\272\033o\353G>\275\361H\265\240\232um""\317\324`\214\221\314\000\211K\223+(""\200i \311\372g\254\343ZR0\224\275q\252\357\213\263\206N\357&Q\217\267\303\356I\236\357\264\311b\037\366\035\253\343\311\265\240\327q\206f\262ODi\215-\363>\034\236l\273\005G\316F\217}[\036\007\270:\260\335\271B\241N\345\330\204\327f\361\272Kb\0377p\334\264\237\177~\330]\252+:\317u\302h\n\351\n\364\231\277R\371\356\033y\265v\360Ny\246\332qY\262\231\251\n\305\334\202\305\362\n\367@k\231\016R:\327\242\366\242\253LZY\223$Gw^\203\302\311\316I7\371tTwp}\005|\372\214\251{R`\230V\244-\326I\351\255\325i\335\377\321\353\327\331\302\023\347y\016\263\271\317\306\017UV\314qu?\0064A\315{3D\010\016S\212\2353k0\361\214ID\303g\277\010Y_\001~\021\333\370\255\374\\331\306\255\336)\365Rth\024\t\300.M\315\321S\257\224\252\362\326P\316\303%nX\3742\333\036\004Y\264yG^\234\177\214\264\227\2326\315\307\363\323\325\303\032N\256*\307\327 \235\332\207u\210\271\257\306g\231i*\260\326k\001"";   nodeid: ""\260\000\000\000\000\000\000\000\000\000\000\000\000\000\000\000\000\000\000\000\000\000\000\000\000\000\000\000\000\000\000\000\001""; }; "
1750527651530,1750527651530,0,1,2,4,TMLedgerData,"ledgerHash: ""\305q\237\274G\300a4\275\240s\215\222\210\016\020G\344=-:GK\312\035\271\201\350\376F\260G""; ledgerSeq: 37; type: liBASE; nodes {;   nodedata: ""\000\000\000%\001cEx]\211\377\330\024\t\300.M\315\321S\257\224\252\362\326P\316\303%nX\3742\333\036\004Y\264yG^\234\177\214\000\000\000\000\000\000\000\000\000\000\000\000\000\000\000\000\000\000\000\000\000\000\000\000\000\000\000\000\000\000\000\000\224]\215\226\266%\227\276\377\346\027\346\025\306\3433\035\247\017 \240[E\263j\024\\027\262K\370[/\351\253""/\351\253#\n\000""; }; nodes {;   nodedata: ""\323C\344\327\264{\312-\017:\006{\177\344N\002\326bO\260\220\006\033\362\345\005U\221DzJ0\001\301\025%1L\307\t\261\262z\374\222T\301\274V\236\223\262\270Ct\362\337b\356\024*\324\320\351\317\002k\336\234\027v\351\217\260\303\360\233ZPZWr\246$w\313\313\r\243r\232\2234\373\3539:N\004Q\245\272D\312D\300\300\t\323\0257\345e\271\na\215{\226\255x%T\257\037\333\004\344_/R\006E\344\037@\210\363\010\336T\226\247'\204_{\261\370""1\235\2445\343\033Y!\212\201\341\272\225'\007;\373\236\032\n\001\265\006\342\313\304\273I\032#B\216\232I)\017w\311\256\210\263\367}*\335+Z\013\003""; }; ","ledgerHash: ""\305q\237\274G\300a4\275\240s\215\222\210\016\020G\344=-:GK\312\035\271\201\350\376F\260G""; ledgerSeq: 37; type: liBASE; nodes {;   nodedata: ""\000\000\000%\001cEx]\211\377\330\024\t\300.M\315\321S\257\224\252\362\326P\316\303%nX\3742\333\036\004Y\264yG^\234\177\214\000\000\000\000\000\000\000\000\000\000\000\000\000\000\000\000\000\000\000\000\000\000\000\000\000\000\000\000\000\000\000\000\224]\215\226\266%\227\276\377\346\027\346\025\306\3433\035\247\017 \240[E\263j\024\\027\262K\370[/\351\253""/\351\253#\n\000""; }; nodes {;   nodedata: ""\323C\344\327\264{\312-\017:\006{\177\344N\002\326bO\260\220\006\033\362\345\005U\221DzJ0\001\301\025%1L\307\t\261\262z\374\222T\301\274V\236\223\262\270Ct\362\337b\356\024*\324\320\351\317\002k\336\234\027v\351\217\260\303\360\233ZPZWr\246$w\313\313\r\243r\232\2234\373\3539:N\004Q\245\272D\312D\300\300\t\323\0257\345e\271\na\215{\226\255x%T\257\037\333\004\344_/R\006E\344\037@\210\363\010\336T\226\247'\204_{\261\370""1\235\2445\343\033Y!\212\201\341\272\225'\007;\373\236\032\n\001\265\006\342\313\304\273I\032#B\216\232I)\017w\311\256\210\263\367}*\335+Z\013\003""; }; "
1750527651531,1750527651531,0,1,3,4,TMLedgerData,"ledgerHash: ""\305q\237\274G\300a4\275\240s\215\222\210\016\020G\344=-:GK\312\035\271\201\350\376F\260G""; ledgerSeq: 37; type: liBASE; nodes {;   nodedata: ""\000\000\000%\001cEx]\211\377\330\024\t\300.M\315\321S\257\224\252\362\326P\316\303%nX\3742\333\036\004Y\264yG^\234\177\214\000\000\000\000\000\000\000\000\000\000\000\000\000\000\000\000\000\000\000\000\000\000\000\000\000\000\000\000\000\000\000\000\224]\215\226\266%\227\276\377\346\027\346\025\306\3433\035\247\017 \240[E\263j\024\\027\262K\370[/\351\253""/\351\253#\n\000""; }; nodes {;   nodedata: ""\323C\344\327\264{\312-\017:\006{\177\344N\002\326bO\260\220\006\033\362\345\005U\221DzJ0\001\301\025%1L\307\t\261\262z\374\222T\301\274V\236\223\262\270Ct\362\337b\356\024*\324\320\351\317\002k\336\234\027v\351\217\260\303\360\233ZPZWr\246$w\313\313\r\243r\232\2234\373\3539:N\004Q\245\272D\312D\300\300\t\323\0257\345e\271\na\215{\226\255x%T\257\037\333\004\344_/R\006E\344\037@\210\363\010\336T\226\247'\204_{\261\370""1\235\2445\343\033Y!\212\201\341\272\225'\007;\373\236\032\n\001\265\006\342\313\304\273I\032#B\216\232I)\017w\311\256\210\263\367}*\335+Z\013\003""; }; requestCookie: 2; ","ledgerHash: ""\305q\237\274G\300a4\275\240s\215\222\210\016\020G\344=-:GK\312\035\271\201\350\376F\260G""; ledgerSeq: 37; type: liBASE; nodes {;   nodedata: ""\000\000\000%\001cEx]\211\377\330\024\t\300.M\315\321S\257\224\252\362\326P\316\303%nX\3742\333\036\004Y\264yG^\234\177\214\000\000\000\000\000\000\000\000\000\000\000\000\000\000\000\000\000\000\000\000\000\000\000\000\000\000\000\000\000\000\000\000\224]\215\226\266%\227\276\377\346\027\346\025\306\3433\035\247\017 \240[E\263j\024\\027\262K\370[/\351\253""/\351\253#\n\000""; }; nodes {;   nodedata: ""\323C\344\327\264{\312-\017:\006{\177\344N\002\326bO\260\220\006\033\362\345\005U\221DzJ0\001\301\025%1L\307\t\261\262z\374\222T\301\274V\236\223\262\270Ct\362\337b\356\024*\324\320\351\317\002k\336\234\027v\351\217\260\303\360\233ZPZWr\246$w\313\313\r\243r\232\2234\373\3539:N\004Q\245\272D\312D\300\300\t\323\0257\345e\271\na\215{\226\255x%T\257\037\333\004\344_/R\006E\344\037@\210\363\010\336T\226\247'\204_{\261\370""1\235\2445\343\033Y!\212\201\341\272\225'\007;\373\236\032\n\001\265\006\342\313\304\273I\032#B\216\232I)\017w\311\256\210\263\367}*\335+Z\013\003""; }; requestCookie: 2; "
1750527651532,1750527651532,0,1,3,1,TMLedgerData,"ledgerHash: ""\305q\237\274G\300a4\275\240s\215\222\210\016\020G\344=-:GK\312\035\271\201\350\376F\260G""; ledgerSeq: 37; type: liAS_NODE; nodes {;   nodedata: ""\021\000h""\000\000\000\000 \033\000\000\000$\002\023\304\337\330\356GuH\375\327!\255\371\r\231\262R\256J\034\222\241\355X\265E\241^W\225\304\014\361CX-}\351f\032\255\274\334m\326c\017\014ao[\342\230\003\245\245\3341Hm\326^\017jy\335\261\032Yt\320\244{g\0306\\302\303*\341\215\223\257\364\277o\375\000r\241SOq\221\253\262\005\017\375T\356\014\360o'\030\311-\267\031\257!\031T\006><\315XM\334\324\345\034\000\325\367\240\271\013\265\024\321\362\354\211\250.\234s\225amc\305\035\366\276\037nD\277`\210\223N\3535\033\261\304f\331]\036\237\306o!\223\221\002\324\031\262\240R\177 ,\214\325\Q])\016\2067\277\t\354\010\000\360\215\2502\265\245\310\226\243c\302Ze\306\253#r\020\211\320iG\276\020E\317\035Sf\223F\254\033@\177e\277\016\010u\327\371&\262\312\317Q\2361t\377x\234\001v\003%\030\325_\225g\204\346a=\225\273\331\354\365*U\363\263N\367b\371\244\314-w\363\262\225Z\200\206\235\233\257?sE\2674\254\326mU\377?\177Ek\336\030!\316Aa\225\303\022\377{\210Y\226\271as\354L\035\004\341\361\035\301\024\220m#*\372\032\3178~\374\250\014*\323\342'z69\220\327\256\351G\367\317u\302\207\270b\315\333\333\334\310I\323&\014\352XZnW2.\335\347\202\021\247\362\212e\034\000\001\250\220\305;a\314\265R\310\017\317\331\235\360\262\240:\277\202\266\354\265X""\022\nh\252\352w\204\203\023]\001f\352\277\0031Q]\362\370R\350{\261\202\240\344\215\201\353\276\322p5p\350\354\017>\250r\241c\273\016\301\024\363\242\247\263\231\370\344\nBW\220K\316@3\243\200\036wk\253GSlU\010\360\231>\331\263H\214\324\030A\225\301o\346pkSF\004\241\213w9\223=\250\262*+\255\351r\265\244c\024\213\t\007`\223\325#\3477\210\345P\306\013\320\252[\0216+\227=`\371P\314\346 V7\271[~\n\237\274|\347\352@K\253~&\260\032\024\004B\200\255h\351\013\361\031:nG\211\005|\2003\266\274\251,W\006u\344\335d\003\306\212\313,\340\350bG\n\030Z\2732-\246\312\255\030\003\235207\005}D\260\0261ah\322M\304\216\273m0\271\234\237\007<w$\265C\245\232\033\023\313c\321B\032l\301h\005\320\252\301\361(\330[\343\357\343{\235\n\266g\272>\177\317\347\261qb&\270&\346ju\200\363N\320\307\004\034\001n\317\361\2653\254\2503\247\305\372\316W\022O\253x\250\025\373\247\354Tc\304\263\243^\352Gv\\264\261\r\035\226\306\2411\351\233\203\215\200$\231\300f\220\371c@\017\254\363\\371\340\340VaR\205~^\226\342t\360\022\204d\231\205)\272\364?\361!\334\331\315\254\230\rBG\314\023\246\244=\351\177\254\302b&\276+H;0\312\021&\275\036\237\350R\313\206R\331\304k\323u\263t\221\213yC\241\217A\242\027g\322\241'\212.E?B_\316\327\217J +\370\t^b\005\020\003\211\373\247|hC\271Nmk~J\270EU\274\036-\347\240\312FA\321\341bca\253\025\321\311\317\021\375\317\217\n\272\033o\353G>\275\361H\265\240\232um""\317\324`\214\221\314\000\211K\223+(""\200i \311\372g\254\343ZR0\224\275q\252\357\213\263\206N\357&Q\217\267\303\356I\236\357\264\311b\037\366\035\253\343\311\265\240\327q\206f\262ODi\215-\363>\034\236l\273\005G\316F\217}[\036\007\270:\260\335\271B\241N\345\330\204\327f\361\272Kb\0377p\334\264\237\177~\330]\252+:\317u\302h\n\351\n\364\231\277R\371\356\033y\265v\360Ny\246\332qY\262\231\251\n\305\334\202\305\362\n\367@k\231\016R:\327\242\366\242\253LZY\223$Gw^\203\302\311\316I7\371tTwp}\005|\372\214\251{R`\230V\244-\326I\351\255\325i\335\377\321\353\327\331\302\023\347y\016\263\271\317\306\017UV\314qu?\0064A\315{3D\010\016S\212\2353k0\361\214ID\303g\277\010Y_\001~\021\333\370\255\374\\331\306\255\336)\365Rth\024\t\300.M\315\321S\257\224\252\362\326P\316\303%nX\3742\333\036\004Y\264yG^\234\177\214\264\227\2326\315\307\363\323\325\303\032N\256*\307\327 \235\332\207u\210\271\257\306g\231i*\260\326k\001"";   nodeid: ""\260\000\000\000\000\000\000\000\000\000\000\000\000\000\000\000\000\000\000\000\000\000\000\000\000\000\000\000\000\000\000\000\001""; }; ","ledgerHash: ""\305q\237\274G\300a4\275\240s\215\222\210\016\020G\344=-:GK\312\035\271\201\350\376F\260G""; ledgerSeq: 37; type: liAS_NODE; nodes {;   nodedata: ""\021\000h""\000\000\000\000 \033\000\000\000$\002\023\304\337\330\356GuH\375\327!\255\371\r\231\262R\256J\034\222\241\355X\265E\241^W\225\304\014\361CX-}\351f\032\255\274\334m\326c\017\014ao[\342\230\003\245\245\3341Hm\326^\017jy\335\261\032Yt\320\244{g\0306\\302\303*\341\215\223\257\364\277o\375\000r\241SOq\221\253\262\005\017\375T\356\014\360o'\030\311-\267\031\257!\031T\006><\315XM\334\324\345\034\000\325\367\240\271\013\265\024\321\362\354\211\250.\234s\225amc\305\035\366\276\037nD\277`\210\223N\3535\033\261\304f\331]\036\237\306o!\223\221\002\324\031\262\240R\177 ,\214\325\Q])\016\2067\277\t\354\010\000\360\215\2502\265\245\310\226\243c\302Ze\306\253#r\020\211\320iG\276\020E\317\035Sf\223F\254\033@\177e\277\016\010u\327\371&\262\312\317Q\2361t\377x\234\001v\003%\030\325_\225g\204\346a=\225\273\331\354\365*U\363\263N\367b\371\244\314-w\363\262\225Z\200\206\235\233\257?sE\2674\254\326mU\377?\177Ek\336\030!\316Aa\225\303\022\377{\210Y\226\271as\354L\035\004\341\361\035\301\024\220m#*\372\032\3178~\374\250\014*\323\342'z69\220\327\256\351G\367\317u\302\207\270b\315\333\333\334\310I\323&\014\352XZnW2.\335\347\202\021\247\362\212e\034\000\001\250\220\305;a\314\265R\310\017\317\331\235\360\262\240:\277\202\266\354\265X""\022\nh\252\352w\204\203\023]\001f\352\277\0031Q]\362\370R\350{\261\202\240\344\215\201\353\276\322p5p\350\354\017>\250r\241c\273\016\301\024\363\242\247\263\231\370\344\nBW\220K\316@3\243\200\036wk\253GSlU\010\360\231>\331\263H\214\324\030A\225\301o\346pkSF\004\241\213w9\223=\250\262*+\255\351r\265\244c\024\213\t\007`\223\325#\3477\210\345P\306\013\320\252[\0216+\227=`\371P\314\346 V7\271[~\n\237\274|\347\352@K\253~&\260\032\024\004B\200\255h\351\013\361\031:nG\211\005|\2003\266\274\251,W\006u\344\335d\003\306\212\313,\340\350bG\n\030Z\2732-\246\312\255\030\003\235207\005}D\260\0261ah\322M\304\216\273m0\271\234\237\007<w$\265C\245\232\033\023\313c\321B\032l\301h\005\320\252\301\361(\330[\343\357\343{\235\n\266g\272>\177\317\347\261qb&\270&\346ju\200\363N\320\307\004\034\001n\317\361\2653\254\2503\247\305\372\316W\022O\253x\250\025\373\247\354Tc\304\263\243^\352Gv\\264\261\r\035\226\306\2411\351\233\203\215\200$\231\300f\220\371c@\017\254\363\\371\340\340VaR\205~^\226\342t\360\022\204d\231\205)\272\364?\361!\334\331\315\254\230\rBG\314\023\246\244=\351\177\254\302b&\276+H;0\312\021&\275\036\237\350R\313\206R\331\304k\323u\263t\221\213yC\241\217A\242\027g\322\241'\212.E?B_\316\327\217J +\370\t^b\005\020\003\211\373\247|hC\271Nmk~J\270EU\274\036-\347\240\312FA\321\341bca\253\025\321\311\317\021\375\317\217\n\272\033o\353G>\275\361H\265\240\232um""\317\324`\214\221\314\000\211K\223+(""\200i \311\372g\254\343ZR0\224\275q\252\357\213\263\206N\357&Q\217\267\303\356I\236\357\264\311b\037\366\035\253\343\311\265\240\327q\206f\262ODi\215-\363>\034\236l\273\005G\316F\217}[\036\007\270:\260\335\271B\241N\345\330\204\327f\361\272Kb\0377p\334\264\237\177~\330]\252+:\317u\302h\n\351\n\364\231\277R\371\356\033y\265v\360Ny\246\332qY\262\231\251\n\305\334\202\305\362\n\367@k\231\016R:\327\242\366\242\253LZY\223$Gw^\203\302\311\316I7\371tTwp}\005|\372\214\251{R`\230V\244-\326I\351\255\325i\335\377\321\353\327\331\302\023\347y\016\263\271\317\306\017UV\314qu?\0064A\315{3D\010\016S\212\2353k0\361\214ID\303g\277\010Y_\001~\021\333\370\255\374\\331\306\255\336)\365Rth\024\t\300.M\315\321S\257\224\252\362\326P\316\303%nX\3742\333\036\004Y\264yG^\234\177\214\264\227\2326\315\307\363\323\325\303\032N\256*\307\327 \235\332\207u\210\271\257\306g\231i*\260\326k\001"";   nodeid: ""\260\000\000\000\000\000\000\000\000\000\000\000\000\000\000\000\000\000\000\000\000\000\000\000\000\000\000\000\000\000\000\000\001""; }; "
1750527651533,1750527651533,0,1,3,0,TMLedgerData,"ledgerHash: ""\305q\237\274G\300a4\275\240s\215\222\210\016\020G\344=-:GK\312\035\271\201\350\376F\260G""; ledgerSeq: 37; type: liBASE; nodes {;   nodedata: ""\000\000\000%\001cEx]\211\377\330\024\t\300.M\315\321S\257\224\252\362\326P\316\303%nX\3742\333\036\004Y\264yG^\234\177\214\000\000\000\000\000\000\000\000\000\000\000\000\000\000\000\000\000\000\000\000\000\000\000\000\000\000\000\000\000\000\000\000\224]\215\226\266%\227\276\377\346\027\346\025\306\3433\035\247\017 \240[E\263j\024\\027\262K\370[/\351\253""/\351\253#\n\000""; }; nodes {;   nodedata: ""\323C\344\327\264{\312-\017:\006{\177\344N\002\326bO\260\220\006\033\362\345\005U\221DzJ0\001\301\025%1L\307\t\261\262z\374\222T\301\274V\236\223\262\270Ct\362\337b\356\024*\324\320\351\317\002k\336\234\027v\351\217\260\303\360\233ZPZWr\246$w\313\313\r\243r\232\2234\373\3539:N\004Q\245\272D\312D\300\300\t\323\0257\345e\271\na\215{\226\255x%T\257\037\333\004\344_/R\006E\344\037@\210\363\010\336T\226\247'\204_{\261\370""1\235\2445\343\033Y!\212\201\341\272\225'\007;\373\236\032\n\001\265\006\342\313\304\273I\032#B\216\232I)\017w\311\256\210\263\367}*\335+Z\013\003""; }; requestCookie: 2; ","ledgerHash: ""\305q\237\274G\300a4\275\240s\215\222\210\016\020G\344=-:GK\312\035\271\201\350\376F\260G""; ledgerSeq: 37; type: liBASE; nodes {;   nodedata: ""\000\000\000%\001cEx]\211\377\330\024\t\300.M\315\321S\257\224\252\362\326P\316\303%nX\3742\333\036\004Y\264yG^\234\177\214\000\000\000\000\000\000\000\000\000\000\000\000\000\000\000\000\000\000\000\000\000\000\000\000\000\000\000\000\000\000\000\000\224]\215\226\266%\227\276\377\346\027\346\025\306\3433\035\247\017 \240[E\263j\024\\027\262K\370[/\351\253""/\351\253#\n\000""; }; nodes {;   nodedata: ""\323C\344\327\264{\312-\017:\006{\177\344N\002\326bO\260\220\006\033\362\345\005U\221DzJ0\001\301\025%1L\307\t\261\262z\374\222T\301\274V\236\223\262\270Ct\362\337b\356\024*\324\320\351\317\002k\336\234\027v\351\217\260\303\360\233ZPZWr\246$w\313\313\r\243r\232\2234\373\3539:N\004Q\245\272D\312D\300\300\t\323\0257\345e\271\na\215{\226\255x%T\257\037\333\004\344_/R\006E\344\037@\210\363\010\336T\226\247'\204_{\261\370""1\235\2445\343\033Y!\212\201\341\272\225'\007;\373\236\032\n\001\265\006\342\313\304\273I\032#B\216\232I)\017w\311\256\210\263\367}*\335+Z\013\003""; }; requestCookie: 2; "
1750527651534,1750527651534,0,1,3,0,TMLedgerData,"ledgerHash: ""\305q\237\274G\300a4\275\240s\215\222\210\016\020G\344=-:GK\312\035\271\201\350\376F\260G""; ledgerSeq: 37; type: liBASE; nodes {;   nodedata: ""\000\000\000%\001cEx]\211\377\330\024\t\300.M\315\321S\257\224\252\362\326P\316\303%nX\3742\333\036\004Y\264yG^\234\177\214\000\000\000\000\000\000\000\000\000\000\000\000\000\000\000\000\000\000\000\000\000\000\000\000\000\000\000\000\000\000\000\000\224]\215\226\266%\227\276\377\346\027\346\025\306\3433\035\247\017 \240[E\263j\024\\027\262K\370[/\351\253""/\351\253#\n\000""; }; nodes {;   nodedata: ""\323C\344\327\264{\312-\017:\006{\177\344N\002\326bO\260\220\006\033\362\345\005U\221DzJ0\001\301\025%1L\307\t\261\262z\374\222T\301\274V\236\223\262\270Ct\362\337b\356\024*\324\320\351\317\002k\336\234\027v\351\217\260\303\360\233ZPZWr\246$w\313\313\r\243r\232\2234\373\3539:N\004Q\245\272D\312D\300\300\t\323\0257\345e\271\na\215{\226\255x%T\257\037\333\004\344_/R\006E\344\037@\210\363\010\336T\226\247'\204_{\261\370""1\235\2445\343\033Y!\212\201\341\272\225'\007;\373\236\032\n\001\265\006\342\313\304\273I\032#B\216\232I)\017w\311\256\210\263\367}*\335+Z\013\003""; }; requestCookie: 5; ","ledgerHash: ""\305q\237\274G\300a4\275\240s\215\222\210\016\020G\344=-:GK\312\035\271\201\350\376F\260G""; ledgerSeq: 37; type: liBASE; nodes {;   nodedata: ""\000\000\000%\001cEx]\211\377\330\024\t\300.M\315\321S\257\224\252\362\326P\316\303%nX\3742\333\036\004Y\264yG^\234\177\214\000\000\000\000\000\000\000\000\000\000\000\000\000\000\000\000\000\000\000\000\000\000\000\000\000\000\000\000\000\000\000\000\224]\215\226\266%\227\276\377\346\027\346\025\306\3433\035\247\017 \240[E\263j\024\\027\262K\370[/\351\253""/\351\253#\n\000""; }; nodes {;   nodedata: ""\323C\344\327\264{\312-\017:\006{\177\344N\002\326bO\260\220\006\033\362\345\005U\221DzJ0\001\301\025%1L\307\t\261\262z\374\222T\301\274V\236\223\262\270Ct\362\337b\356\024*\324\320\351\317\002k\336\234\027v\351\217\260\303\360\233ZPZWr\246$w\313\313\r\243r\232\2234\373\3539:N\004Q\245\272D\312D\300\300\t\323\0257\345e\271\na\215{\226\255x%T\257\037\333\004\344_/R\006E\344\037@\210\363\010\336T\226\247'\204_{\261\370""1\235\2445\343\033Y!\212\201\341\272\225'\007;\373\236\032\n\001\265\006\342\313\304\273I\032#B\216\232I)\017w\311\256\210\263\367}*\335+Z\013\003""; }; requestCookie: 5; "
1750527651535,1750527651535,0,1,4,0,TMLedgerData,"ledgerHash: ""\305q\237\274G\300a4\275\240s\215\222\210\016\020G\344=-:GK\312\035\271\201\350\376F\260G""; ledgerSeq: 37; type: liBASE; nodes {;   nodedata: ""\000\000\000%\001cEx]\211\377\330\024\t\300.M\315\321S\257\224\252\362\326P\316\303%nX\3742\333\036\004Y\264yG^\234\177\214\000\000\000\000\000\000\000\000\000\000\000\000\000\000\000\000\000\000\000\000\000\000\000\000\000\000\000\000\000\000\000\000\224]\215\226\266%\227\276\377\346\027\346\025\306\3433\035\247\017 \240[E\263j\024\\027\262K\370[/\351\253""/\351\253#\n\000""; }; nodes {;   nodedata: ""\323C\344\327\264{\312-\017:\006{\177\344N\002\326bO\260\220\006\033\362\345\005U\221DzJ0\001\301\025%1L\307\t\261\262z\374\222T\301\274V\236\223\262\270Ct\362\337b\356\024*\324\320\351\317\002k\336\234\027v\351\217\260\303\360\233ZPZWr\246$w\313\313\r\243r\232\2234\373\3539:N\004Q\245\272D\312D\300\300\t\323\0257\345e\271\na\215{\226\255x%T\257\037\333\004\344_/R\006E\344\037@\210\363\010\336T\226\247'\204_{\261\370""1\235\2445\343\033Y!\212\201\341\272\225'\007;\373\236\032\n\001\265\006\342\313\304\273I\032#B\216\232I)\017w\311\256\210\263\367}*\335+Z\013\003""; }; ","ledgerHash: ""\305q\237\274G\300a4\275\240s\215\222\210\016\020G\344=-:GK\312\035\271\201\350\376F\260G""; ledgerSeq: 37; type: liBASE; nodes {;   nodedata: ""\000\000\000%\001cEx]\211\377\330\024\t\300.M\315\321S\257\224\252\362\326P\316\303%nX\3742\333\036\004Y\264yG^\234\177\214\000\000\000\000\000\000\000\000\000\000\000\000\000\000\000\000\000\000\000\000\000\000\000\000\000\000\000\000\000\000\000\000\224]\215\226\266%\227\276\377\346\027\346\025\306\3433\035\247\017 \240[E\263j\024\\027\262K\370[/\351\253""/\351\253#\n\000""; }; nodes {;   nodedata: ""\323C\344\327\264{\312-\017:\006{\177\344N\002\326bO\260\220\006\033\362\345\005U\221DzJ0\001\301\025%1L\307\t\261\262z\374\222T\301\274V\236\223\262\270Ct\362\337b\356\024*\324\320\351\317\002k\336\234\027v\351\217\260\303\360\233ZPZWr\246$w\313\313\r\243r\232\2234\373\3539:N\004Q\245\272D\312D\300\300\t\323\0257\345e\271\na\215{\226\255x%T\257\037\333\004\344_/R\006E\344\037@\210\363\010\336T\226\247'\204_{\261\370""1\235\2445\343\033Y!\212\201\341\272\225'\007;\373\236\032\n\001\265\006\342\313\304\273I\032#B\216\232I)\017w\311\256\210\263\367}*\335+Z\013\003""; }; "
1750527651536,1750527651536,0,1,3,0,TMLedgerData,"ledgerHash: ""\305q\237\274G\300a4\275\240s\215\222\210\016\020G\344=-:GK\312\035\271\201\350\376F\260G""; ledgerSeq: 37; type: liAS_NODE; nodes {;   nodedata: ""\021\000h""\000\000\000\000 \033\000\000\000$\002\023\304\337\330\356GuH\375\327!\255\371\r\231\262R\256J\034\222\241\355X\265E\241^W\225\304\014\361CX-}\351f\032\255\274\334m\326c\017\014ao[\342\230\003\245\245\3341Hm\326^\017jy\335\261\032Yt\320\244{g\0306\\302\303*\341\215\223\257\364\277o\375\000r\241SOq\221\253\262\005\017\375T\356\014\360o'\030\311-\267\031\257!\031T\006><\315XM\334\324\345\034\000\325\367\240\271\013\265\024\321\362\354\211\250.\234s\225amc\305\035\366\276\037nD\277`\210\223N\3535\033\261\304f\331]\036\237\306o!\223\221\002\324\031\262\240R\177 ,\214\325\Q])\016\2067\277\t\354\010\000\360\215\2502\265\245\310\226\243c\302Ze\306\253#r\020\211\320iG\276\020E\317\035Sf\223F\254\033@\177e\277\016\010u\327\371&\262\312\317Q\2361t\377x\234\001v\003%\030\325_\225g\204\346a=\225\273\331\354\365*U\363\263N\367b\371\244\314-w\363\262\225Z\200\206\235\233\257?sE\2674\254\326mU\377?\177Ek\336\030!\316Aa\225\303\022\377{\210Y\226\271as\354L\035\004\341\361\035\301\024\220m#*\372\032\3178~\374\250\014*\323\342'z69\220\327\256\351G\367\317u\302\207\270b\315\333\333\334\310I\323&\014\352XZnW2.\335\347\202\021\247\362\212e\034\000\001\250\220\305;a\314\265R\310\017\317\331\235\360\262\240:\277\202\266\354\265X""\022\nh\252\352w\204\203\023]\001f\352\277\0031Q]\362\370R\350{\261\202\240\344\215\201\353\276\322p5p\350\354\017>\250r\241c\273\016\301\024\363\242\247\263\231\370\344\nBW\220K\316@3\243\200\036wk\253GSlU\010\360\231>\331\263H\214\324\030A\225\301o\346pkSF\004\241\213w9\223=\250\262*+\255\351r\265\244c\024\213\t\007`\223\325#\3477\210\345P\306\013\320\252[\0216+\227=`\371P\314\346 V7\271[~\n\237\274|\347\352@K\253~&\260\032\024\004B\200\255h\351\013\361\031:nG\211\005|\2003\266\274\251,W\006u\344\335d\003\306\212\313,\340\350bG\n\030Z\2732-\246\312\255\030\003\235207\005}D\260\0261ah\322M\304\216\273m0\271\234\237\007<w$\265C\245\232\033\023\313c\321B\032l\301h\005\320\252\301\361(\330[\343\357\343{\235\n\266g\272>\177\317\347\261qb&\270&\346ju\200\363N\320\307\004\034\001n\317\361\2653\254\2503\247\305\372\316W\022O\253x\250\025\373\247\354Tc\304\263\243^\352Gv\\264\261\r\035\226\306\2411\351\233\203\215\200$\231\300f\220\371c@\017\254\363\\371\340\340VaR\205~^\226\342t\360\022\204d\231\205)\272\364?\361!\334\331\315\254\230\rBG\314\023\246\244=\351\177\254\302b&\276+H;0\312\021&\275\036\237\350R\313\206R\331\304k\323u\263t\221\213yC\241\217A\242\027g\322\241'\212.E?B_\316\327\217J +\370\t^b\005\020\003\211\373\247|hC\271Nmk~J\270EU\274\036-\347\240\312FA\321\341bca\253\025\321\311\317\021\375\317\217\n\272\033o\353G>\275\361H\265\240\232um""\317\324`\214\221\314\000\211K\223+(""\200i \311\372g\254\343ZR0\224\275q\252\357\213\263\206N\357&Q\217\267\303\356I\236\357\264\311b\037\366\035\253\343\311\265\240\327q\206f\262ODi\215-\363>\034\236l\273\005G\316F\217}[\036\007\270:\260\335\271B\241N\345\330\204\327f\361\272Kb\0377p\334\264\237\177~\330]\252+:\317u\302h\n\351\n\364\231\277R\371\356\033y\265v\360Ny\246\332qY\262\231\251\n\305\334\202\305\362\n\367@k\231\016R:\327\242\366\242\253LZY\223$Gw^\203\302\311\316I7\371tTwp}\005|\372\214\251{R`\230V\244-\326I\351\255\325i\335\377\321\353\327\331\302\023\347y\016\263\271\317\306\017UV\314qu?\0064A\315{3D\010\016S\212\2353k0\361\214ID\303g\277\010Y_\001~\021\333\370\255\374\\331\306\255\336)\365Rth\024\t\300.M\315\321S\257\224\252\362\326P\316\303%nX\3742\333\036\004Y\264yG^\234\177\214\264\227\2326\315\307\363\323\325\303\032N\256*\307\327 \235\332\207u\210\271\257\306g\231i*\260\326k\001"";   nodeid: ""\260\000\000\000\000\000\000\000\000\000\000\000\000\000\000\000\000\000\000\000\000\000\000\000\000\000\000\000\000\000\000\000\001""; }; ","ledgerHash: ""\305q\237\274G\300a4\275\240s\215\222\210\016\020G\344=-:GK\312\035\271\201\350\376F\260G""; ledgerSeq: 37; type: liAS_NODE; nodes {;   nodedata: ""\021\000h""\000\000\000\000 \033\000\000\000$\002\023\304\337\330\356GuH\375\327!\255\371\r\231\262R\256J\034\222\241\355X\265E\241^W\225\304\014\361CX-}\351f\032\255\274\334m\326c\017\014ao[\342\230\003\245\245\3341Hm\326^\017jy\335\261\032Yt\320\244{g\0306\\302\303*\341\215\223\257\364\277o\375\000r\241SOq\221\253\262\005\017\375T\356\014\360o'\030\311-\267\031\257!\031T\006><\315XM\334\324\345\034\000\325\367\240\271\013\265\024\321\362\354\211\250.\234s\225amc\305\035\366\276\037nD\277`\210\223N\3535\033\261\304f\331]\036\237\306o!\223\221\002\324\031\262\240R\177 ,\214\325\Q])\016\2067\277\t\354\010\000\360\215\2502\265\245\310\226\243c\302Ze\306\253#r\020\211\320iG\276\020E\317\035Sf\223F\254\033@\177e\277\016\010u\327\371&\262\312\317Q\2361t\377x\234\001v\003%\030\325_\225g\204\346a=\225\273\331\354\365*U\363\263N\367b\371\244\314-w\363\262\225Z\200\206\235\233\257?sE\2674\254\326mU\377?\177Ek\336\030!\316Aa\225\303\022\377{\210Y\226\271as\354L\035\004\341\361\035\301\024\220m#*\372\032\3178~\374\250\014*\323\342'z69\220\327\256\351G\367\317u\302\207\270b\315\333\333\334\310I\323&\014\352XZnW2.\335\347\202\021\247\362\212e\034\000\001\250\220\305;a\314\265R\310\017\317\331\235\360\262\240:\277\202\266\354\265X""\022\nh\252\352w\204\203\023]\001f\352\277\0031Q]\362\370R\350{\261\202\240\344\215\201\353\276\322p5p\350\354\017>\250r\241c\273\016\301\024\363\242\247\263\231\370\344\nBW\220K\316@3\243\200\036wk\253GSlU\010\360\231>\331\263H\214\324\030A\225\301o\346pkSF\004\241\213w9\223=\250\262*+\255\351r\265\244c\024\213\t\007`\223\325#\3477\210\345P\306\013\320\252[\0216+\227=`\371P\314\346 V7\271[~\n\237\274|\347\352@K\253~&\260\032\024\004B\200\255h\351\013\361\031:nG\211\005|\2003\266\274\251,W\006u\344\335d\003\306\212\313,\340\350bG\n\030Z\2732-\246\312\255\030\003\235207\005}D\260\0261ah\322M\304\216\273m0\271\234\237\007<w$\265C\245\232\033\023\313c\321B\032l\301h\005\320\252\301\361(\330[\343\357\343{\235\n\266g\272>\177\317\347\261qb&\270&\346ju\200\363N\320\307\004\034\001n\317\361\2653\254\2503\247\305\372\316W\022O\253x\250\025\373\247\354Tc\304\263\243^\352Gv\\264\261\r\035\226\306\2411\351\233\203\215\200$\231\300f\220\371c@\017\254\363\\371\340\340VaR\205~^\226\342t\360\022\204d\231\205)\272\364?\361!\334\331\315\254\230\rBG\314\023\246\244=\351\177\254\302b&\276+H;0\312\021&\275\036\237\350R\313\206R\331\304k\323u\263t\221\213yC\241\217A\242\027g\322\241'\212.E?B_\316\327\217J +\370\t^b\005\020\003\211\373\247|hC\271Nmk~J\270EU\274\036-\347\240\312FA\321\341bca\253\025\321\311\317\021\375\317\217\n\272\033o\353G>\275\361H\265\240\232um""\317\324`\214\221\314\000\211K\223+(""\200i \311\372g\254\343ZR0\224\275q\252\357\213\263\206N\357&Q\217\267\303\356I\236\357\264\311b\037\366\035\253\343\311\265\240\327q\206f\262ODi\215-\363>\034\236l\273\005G\316F\217}[\036\007\270:\260\335\271B\241N\345\330\204\327f\361\272Kb\0377p\334\264\237\177~\330]\252+:\317u\302h\n\351\n\364\231\277R\371\356\033y\265v\360Ny\246\332qY\262\231\251\n\305\334\202\305\362\n\367@k\231\016R:\327\242\366\242\253LZY\223$Gw^\203\302\311\316I7\371tTwp}\005|\372\214\251{R`\230V\244-\326I\351\255\325i\335\377\321\353\327\331\302\023\347y\016\263\271\317\306\017UV\314qu?\0064A\315{3D\010\016S\212\2353k0\361\214ID\303g\277\010Y_\001~\021\333\370\255\374\\331\306\255\336)\365Rth\024\t\300.M\315\321S\257\224\252\362\326P\316\303%nX\3742\333\036\004Y\264yG^\234\177\214\264\227\2326\315\307\363\323\325\303\032N\256*\307\327 \235\332\207u\210\271\257\306g\231i*\260\326k\001"";   nodeid: ""\260\000\000\000\000\000\000\000\000\000\000\000\000\000\000\000\000\000\000\000\000\000\000\000\000\000\000\000\000\000\000\000\001""; }; "
1750527651537,1750527651537,0,1,2,0,TMLedgerData,"ledgerHash: ""\305q\237\274G\300a4\275\240s\215\222\210\016\020G\344=-:GK\312\035\271\201\350\376F\260G""; ledgerSeq: 37; type: liBASE; nodes {;   nodedata: ""\000\000\000%\001cEx]\211\377\330\024\t\300.M\315\321S\257\224\252\362\326P\316\303%nX\3742\333\036\004Y\264yG^\234\177\214\000\000\000\000\000\000\000\000\000\000\000\000\000\000\000\000\000\000\000\000\000\000\000\000\000\000\000\000\000\000\000\000\224]\215\226\266%\227\276\377\346\027\346\025\306\3433\035\247\017 \240[E\263j\024\\027\262K\370[/\351\253""/\351\253#\n\000""; }; nodes {;   nodedata: ""\323C\344\327\264{\312-\017:\006{\177\344N\002\326bO\260\220\006\033\362\345\005U\221DzJ0\001\301\025%1L\307\t\261\262z\374\222T\301\274V\236\223\262\270Ct\362\337b\356\024*\324\320\351\317\002k\336\234\027v\351\217\260\303\360\233ZPZWr\246$w\313\313\r\243r\232\2234\373\3539:N\004Q\245\272D\312D\300\300\t\323\0257\345e\271\na\215{\226\255x%T\257\037\333\004\344_/R\006E\344\037@\210\363\010\336T\226\247'\204_{\261\370""1\235\2445\343\033Y!\212\201\341\272\225'\007;\373\236\032\n\001\265\006\342\313\304\273I\032#B\216\232I)\017w\311\256\210\263\367}*\335+Z\013\003""; }; ","ledgerHash: ""\305q\237\274G\300a4\275\240s\215\222\210\016\020G\344=-:GK\312\035\271\201\350\376F\260G""; ledgerSeq: 37; type: liBASE; nodes {;   nodedata: ""\000\000\000%\001cEx]\211\377\330\024\t\300.M\315\321S\257\224\252\362\326P\316\303%nX\3742\333\036\004Y\264yG^\234\177\214\000\000\000\000\000\000\000\000\000\000\000\000\000\000\000\000\000\000\000\000\000\000\000\000\000\000\000\000\000\000\000\000\224]\215\226\266%\227\276\377\346\027\346\025\306\3433\035\247\017 \240[E\263j\024\\027\262K\370[/\351\253""/\351\253#\n\000""; }; nodes {;   nodedata: ""\323C\344\327\264{\312-\017:\006{\177\344N\002\326bO\260\220\006\033\362\345\005U\221DzJ0\001\301\025%1L\307\t\261\262z\374\222T\301\274V\236\223\262\270Ct\362\337b\356\024*\324\320\351\317\002k\336\234\027v\351\217\260\303\360\233ZPZWr\246$w\313\313\r\243r\232\2234\373\3539:N\004Q\245\272D\312D\300\300\t\323\0257\345e\271\na\215{\226\255x%T\257\037\333\004\344_/R\006E\344\037@\210\363\010\336T\226\247'\204_{\261\370""1\235\2445\343\033Y!\212\201\341\272\225'\007;\373\236\032\n\001\265\006\342\313\304\273I\032#B\216\232I)\017w\311\256\210\263\367}*\335+Z\013\003""; }; "
1750527651538,1750527651538,0,1,2,1,TMLedgerData,"ledgerHash: ""\305q\237\274G\300a4\275\240s\215\222\210\016\020G\344=-:GK\312\035\271\201\350\376F\260G""; ledgerSeq: 37; type: liBASE; nodes {;   nodedata: ""\000\000\000%\001cEx]\211\377\330\024\t\300.M\315\321S\257\224\252\362\326P\316\303%nX\3742\333\036\004Y\264yG^\234\177\214\000\000\000\000\000\000\000\000\000\000\000\000\000\000\000\000\000\000\000\000\000\000\000\000\000\000\000\000\000\000\000\000\224]\215\226\266%\227\276\377\346\027\346\025\306\3433\035\247\017 \240[E\263j\024\\027\262K\370[/\351\253""/\351\253#\n\000""; }; nodes {;   nodedata: ""\323C\344\327\264{\312-\017:\006{\177\344N\002\326bO\260\220\006\033\362\345\005U\221DzJ0\001\301\025%1L\307\t\261\262z\374\222T\301\274V\236\223\262\270Ct\362\337b\356\024*\324\320\351\317\002k\336\234\027v\351\217\260\303\360\233ZPZWr\246$w\313\313\r\243r\232\2234\373\3539:N\004Q\245\272D\312D\300\300\t\323\0257\345e\271\na\215{\226\255x%T\257\037\333\004\344_/R\006E\344\037@\210\363\010\336T\226\247'\204_{\261\370""1\235\2445\343\033Y!\212\201\341\272\225'\007;\373\236\032\n\001\265\006\342\313\304\273I\032#B\216\232I)\017w\311\256\210\263\367}*\335+Z\013\003""; }; ","ledgerHash: ""\305q\237\274G\300a4\275\240s\215\222\210\016\020G\344=-:GK\312\035\271\201\350\376F\260G""; ledgerSeq: 37; type: liBASE; nodes {;   nodedata: ""\000\000\000%\001cEx]\211\377\330\024\t\300.M\315\321S\257\224\252\362\326P\316\303%nX\3742\333\036\004Y\264yG^\234\177\214\000\000\000\000\000\000\000\000\000\000\000\000\000\000\000\000\000\000\000\000\000\000\000\000\000\000\000\000\000\000\000\000\224]\215\226\266%\227\276\377\346\027\346\025\306\3433\035\247\017 \240[E\263j\024\\027\262K\370[/\351\253""/\351\253#\n\000""; }; nodes {;   nodedata: ""\323C\344\327\264{\312-\017:\006{\177\344N\002\326bO\260\220\006\033\362\345\005U\221DzJ0\001\301\025%1L\307\t\261\262z\374\222T\301\274V\236\223\262\270Ct\362\337b\356\024*\324\320\351\317\002k\336\234\027v\351\217\260\303\360\233ZPZWr\246$w\313\313\r\243r\232\2234\373\3539:N\004Q\245\272D\312D\300\300\t\323\0257\345e\271\na\215{\226\255x%T\257\037\333\004\344_/R\006E\344\037@\210\363\010\336T\226\247'\204_{\261\370""1\235\2445\343\033Y!\212\201\341\272\225'\007;\373\236\032\n\001\265\006\342\313\304\273I\032#B\216\232I)\017w\311\256\210\263\367}*\335+Z\013\003""; }; "
1750527651539,1750527651539,0,1,1,2,TMLedgerData,"ledgerHash: ""\305q\237\274G\300a4\275\240s\215\222\210\016\020G\344=-:GK\312\035\271\201\350\376F\260G""; ledgerSeq: 37; type: liBASE; nodes {;   nodedata: ""\000\000\000%\001cEx]\211\377\330\024\t\300.M\315\321S\257\224\252\362\326P\316\303%nX\3742\333\036\004Y\264yG^\234\177\214\000\000\000\000\000\000\000\000\000\000\000\000\000\000\000\000\000\000\000\000\000\000\000\000\000\000\000\000\000\000\000\000\224]\215\226\266%\227\276\377\346\027\346\025\306\3433\035\247\017 \240[E\263j\024\\027\262K\370[/\351\253""/\351\253#\n\000""; }; nodes {;   nodedata: ""\323C\344\327\264{\312-\017:\006{\177\344N\002\326bO\260\220\006\033\362\345\005U\221DzJ0\001\301\025%1L\307\t\261\262z\374\222T\301\274V\236\223\262\270Ct\362\337b\356\024*\324\320\351\317\002k\336\234\027v\351\217\260\303\360\233ZPZWr\246$w\313\313\r\243r\232\2234\373\3539:N\004Q\245\272D\312D\300\300\t\323\0257\345e\271\na\215{\226\255x%T\257\037\333\004\344_/R\006E\344\037@\210\363\010\336T\226\247'\204_{\261\370""1\235\2445\343\033Y!\212\201\341\272\225'\007;\373\236\032\n\001\265\006\342\313\304\273I\032#B\216\232I)\017w\311\256\210\263\367}*\335+Z\013\003""; }; ","ledgerHash: ""\305q\237\274G\300a4\275\240s\215\222\210\016\020G\344=-:GK\312\035\271\201\350\376F\260G""; ledgerSeq: 37; type: liBASE; nodes {;   nodedata: ""\000\000\000%\001cEx]\211\377\330\024\t\300.M\315\321S\257\224\252\362\326P\316\303%nX\3742\333\036\004Y\264yG^\234\177\214\000\000\000\000\000\000\000\000\000\000\000\000\000\000\000\000\000\000\000\000\000\000\000\000\000\000\000\000\000\000\000\000\224]\215\226\266%\227\276\377\346\027\346\025\306\3433\035\247\017 \240[E\263j\024\\027\262K\370[/\351\253""/\351\253#\n\000""; }; nodes {;   nodedata: ""\323C\344\327\264{\312-\017:\006{\177\344N\002\326bO\260\220\006\033\362\345\005U\221DzJ0\001\301\025%1L\307\t\261\262z\374\222T\301\274V\236\223\262\270Ct\362\337b\356\024*\324\320\351\317\002k\336\234\027v\351\217\260\303\360\233ZPZWr\246$w\313\313\r\243r\232\2234\373\3539:N\004Q\245\272D\312D\300\300\t\323\0257\345e\271\na\215{\226\255x%T\257\037\333\004\344_/R\006E\344\037@\210\363\010\336T\226\247'\204_{\261\370""1\235\2445\343\033Y!\212\201\341\272\225'\007;\373\236\032\n\001\265\006\342\313\304\273I\032#B\216\232I)\017w\311\256\210\263\367}*\335+Z\013\003""; }; "
1750527651540,1750527651540,0,1,1,0,TMLedgerData,"ledgerHash: ""\305q\237\274G\300a4\275\240s\215\222\210\016\020G\344=-:GK\312\035\271\201\350\376F\260G""; ledgerSeq: 37; type: liBASE; nodes {;   nodedata: ""\000\000\000%\001cEx]\211\377\330\024\t\300.M\315\321S\257\224\252\362\326P\316\303%nX\3742\333\036\004Y\264yG^\234\177\214\000\000\000\000\000\000\000\000\000\000\000\000\000\000\000\000\000\000\000\000\000\000\000\000\000\000\000\000\000\000\000\000\224]\215\226\266%\227\276\377\346\027\346\025\306\3433\035\247\017 \240[E\263j\024\\027\262K\370[/\351\253""/\351\253#\n\000""; }; nodes {;   nodedata: ""\323C\344\327\264{\312-\017:\006{\177\344N\002\326bO\260\220\006\033\362\345\005U\221DzJ0\001\301\025%1L\307\t\261\262z\374\222T\301\274V\236\223\262\270Ct\362\337b\356\024*\324\320\351\317\002k\336\234\027v\351\217\260\303\360\233ZPZWr\246$w\313\313\r\243r\232\2234\373\3539:N\004Q\245\272D\312D\300\300\t\323\0257\345e\271\na\215{\226\255x%T\257\037\333\004\344_/R\006E\344\037@\210\363\010\336T\226\247'\204_{\261\370""1\235\2445\343\033Y!\212\201\341\272\225'\007;\373\236\032\n\001\265\006\342\313\304\273I\032#B\216\232I)\017w\311\256\210\263\367}*\335+Z\013\003""; }; ","ledgerHash: ""\305q\237\274G\300a4\275\240s\215\222\210\016\020G\344=-:GK\312\035\271\201\350\376F\260G""; ledgerSeq: 37; type: liBASE; nodes {;   nodedata: ""\000\000\000%\001cEx]\211\377\330\024\t\300.M\315\321S\257\224\252\362\326P\316\303%nX\3742\333\036\004Y\264yG^\234\177\214\000\000\000\000\000\000\000\000\000\000\000\000\000\000\000\000\000\000\000\000\000\000\000\000\000\000\000\000\000\000\000\000\224]\215\226\266%\227\276\377\346\027\346\025\306\3433\035\247\017 \240[E\263j\024\\027\262K\370[/\351\253""/\351\253#\n\000""; }; nodes {;   nodedata: ""\323C\344\327\264{\312-\017:\006{\177\344N\002\326bO\260\220\006\033\362\345\005U\221DzJ0\001\301\025%1L\307\t\261\262z\374\222T\301\274V\236\223\262\270Ct\362\337b\356\024*\324\320\351\317\002k\336\234\027v\351\217\260\303\360\233ZPZWr\246$w\313\313\r\243r\232\2234\373\3539:N\004Q\245\272D\312D\300\300\t\323\0257\345e\271\na\215{\226\255x%T\257\037\333\004\344_/R\006E\344\037@\210\363\010\336T\226\247'\204_{\261\370""1\235\2445\343\033Y!\212\201\341\272\225'\007;\373\236\032\n\001\265\006\342\313\304\273I\032#B\216\232I)\017w\311\256\210\263\367}*\335+Z\013\003""; }; "
1750527651541,1750527651541,0,1,1,4,TMLedgerData,"ledgerHash: ""\305q\237\274G\300a4\275\240s\215\222\210\016\020G\344=-:GK\312\035\271\201\350\376F\260G""; ledgerSeq: 37; type: liBASE; nodes {;   nodedata: ""\000\000\000%\001cEx]\211\377\330\024\t\300.M\315\321S\257\224\252\362\326P\316\303%nX\3742\333\036\004Y\264yG^\234\177\214\000\000\000\000\000\000\000\000\000\000\000\000\000\000\000\000\000\000\000\000\000\000\000\000\000\000\000\000\000\000\000\000\224]\215\226\266%\227\276\377\346\027\346\025\306\3433\035\247\017 \240[E\263j\024\\027\262K\370[/\351\253""/\351\253#\n\000""; }; nodes {;   nodedata: ""\323C\344\327\264{\312-\017:\006{\177\344N\002\326bO\260\220\006\033\362\345\005U\221DzJ0\001\301\025%1L\307\t\261\262z\374\222T\301\274V\236\223\262\270Ct\362\337b\356\024*\324\320\351\317\002k\336\234\027v\351\217\260\303\360\233ZPZWr\246$w\313\313\r\243r\232\2234\373\3539:N\004Q\245\272D\312D\300\300\t\323\0257\345e\271\na\215{\226\255x%T\257\037\333\004\344_/R\006E\344\037@\210\363\010\336T\226\247'\204_{\261\370""1\235\2445\343\033Y!\212\201\341\272\225'\007;\373\236\032\n\001\265\006\342\313\304\273I\032#B\216\232I)\017w\311\256\210\263\367}*\335+Z\013\003""; }; ","ledgerHash: ""\305q\237\274G\300a4\275\240s\215\222\210\016\020G\344=-:GK\312\035\271\201\350\376F\260G""; ledgerSeq: 37; type: liBASE; nodes {;   nodedata: ""\000\000\000%\001cEx]\211\377\330\024\t\300.M\315\321S\257\224\252\362\326P\316\303%nX\3742\333\036\004Y\264yG^\234\177\214\000\000\000\000\000\000\000\000\000\000\000\000\000\000\000\000\000\000\000\000\000\000\000\000\000\000\000\000\000\000\000\000\224]\215\226\266%\227\276\377\346\027\346\025\306\3433\035\247\017 \240[E\263j\024\\027\262K\370[/\351\253""/\351\253#\n\000""; }; nodes {;   nodedata: ""\323C\344\327\264{\312-\017:\006{\177\344N\002\326bO\260\220\006\033\362\345\005U\221DzJ0\001\301\025%1L\307\t\261\262z\374\222T\301\274V\236\223\262\270Ct\362\337b\356\024*\324\320\351\317\002k\336\234\027v\351\217\260\303\360\233ZPZWr\246$w\313\313\r\243r\232\2234\373\3539:N\004Q\245\272D\312D\300\300\t\323\0257\345e\271\na\215{\226\255x%T\257\037\333\004\344_/R\006E\344\037@\210\363\010\336T\226\247'\204_{\261\370""1\235\2445\343\033Y!\212\201\341\272\225'\007;\373\236\032\n\001\265\006\342\313\304\273I\032#B\216\232I)\017w\311\256\210\263\367}*\335+Z\013\003""; }; "
1750527651542,1750527651542,0,1,4,1,TMLedgerData,"ledgerHash: ""\305q\237\274G\300a4\275\240s\215\222\210\016\020G\344=-:GK\312\035\271\201\350\376F\260G""; ledgerSeq: 37; type: liBASE; nodes {;   nodedata: ""\000\000\000%\001cEx]\211\377\330\024\t\300.M\315\321S\257\224\252\362\326P\316\303%nX\3742\333\036\004Y\264yG^\234\177\214\000\000\000\000\000\000\000\000\000\000\000\000\000\000\000\000\000\000\000\000\000\000\000\000\000\000\000\000\000\000\000\000\224]\215\226\266%\227\276\377\346\027\346\025\306\3433\035\247\017 \240[E\263j\024\\027\262K\370[/\351\253""/\351\253#\n\000""; }; nodes {;   nodedata: ""\323C\344\327\264{\312-\017:\006{\177\344N\002\326bO\260\220\006\033\362\345\005U\221DzJ0\001\301\025%1L\307\t\261\262z\374\222T\301\274V\236\223\262\270Ct\362\337b\356\024*\324\320\351\317\002k\336\234\027v\351\217\260\303\360\233ZPZWr\246$w\313\313\r\243r\232\2234\373\3539:N\004Q\245\272D\312D\300\300\t\323\0257\345e\271\na\215{\226\255x%T\257\037\333\004\344_/R\006E\344\037@\210\363\010\336T\226\247'\204_{\261\370""1\235\2445\343\033Y!\212\201\341\272\225'\007;\373\236\032\n\001\265\006\342\313\304\273I\032#B\216\232I)\017w\311\256\210\263\367}*\335+Z\013\003""; }; ","ledgerHash: ""\305q\237\274G\300a4\275\240s\215\222\210\016\020G\344=-:GK\312\035\271\201\350\376F\260G""; ledgerSeq: 37; type: liBASE; nodes {;   nodedata: ""\000\000\000%\001cEx]\211\377\330\024\t\300.M\315\321S\257\224\252\362\326P\316\303%nX\3742\333\036\004Y\264yG^\234\177\214\000\000\000\000\000\000\000\000\000\000\000\000\000\000\000\000\000\000\000\000\000\000\000\000\000\000\000\000\000\000\000\000\224]\215\226\266%\227\276\377\346\027\346\025\306\3433\035\247\017 \240[E\263j\024\\027\262K\370[/\351\253""/\351\253#\n\000""; }; nodes {;   nodedata: ""\323C\344\327\264{\312-\017:\006{\177\344N\002\326bO\260\220\006\033\362\345\005U\221DzJ0\001\301\025%1L\307\t\261\262z\374\222T\301\274V\236\223\262\270Ct\362\337b\356\024*\324\320\351\317\002k\336\234\027v\351\217\260\303\360\233ZPZWr\246$w\313\313\r\243r\232\2234\373\3539:N\004Q\245\272D\312D\300\300\t\323\0257\345e\271\na\215{\226\255x%T\257\037\333\004\344_/R\006E\344\037@\210\363\010\336T\226\247'\204_{\261\370""1\235\2445\343\033Y!\212\201\341\272\225'\007;\373\236\032\n\001\265\006\342\313\304\273I\032#B\216\232I)\017w\311\256\210\263\367}*\335+Z\013\003""; }; "
1750527651543,1750527651543,0,1,0,1,TMLedgerData,"ledgerHash: ""\305q\237\274G\300a4\275\240s\215\222\210\016\020G\344=-:GK\312\035\271\201\350\376F\260G""; ledgerSeq: 37; type: liBASE; nodes {;   nodedata: ""\000\000\000%\001cEx]\211\377\330\024\t\300.M\315\321S\257\224\252\362\326P\316\303%nX\3742\333\036\004Y\264yG^\234\177\214\000\000\000\000\000\000\000\000\000\000\000\000\000\000\000\000\000\000\000\000\000\000\000\000\000\000\000\000\000\000\000\000\224]\215\226\266%\227\276\377\346\027\346\025\306\3433\035\247\017 \240[E\263j\024\\027\262K\370[/\351\253""/\351\253#\n\000""; }; nodes {;   nodedata: ""\323C\344\327\264{\312-\017:\006{\177\344N\002\326bO\260\220\006\033\362\345\005U\221DzJ0\001\301\025%1L\307\t\261\262z\374\222T\301\274V\236\223\262\270Ct\362\337b\356\024*\324\320\351\317\002k\336\234\027v\351\217\260\303\360\233ZPZWr\246$w\313\313\r\243r\232\2234\373\3539:N\004Q\245\272D\312D\300\300\t\323\0257\345e\271\na\215{\226\255x%T\257\037\333\004\344_/R\006E\344\037@\210\363\010\336T\226\247'\204_{\261\370""1\235\2445\343\033Y!\212\201\341\272\225'\007;\373\236\032\n\001\265\006\342\313\304\273I\032#B\216\232I)\017w\311\256\210\263\367}*\335+Z\013\003""; }; ","ledgerHash: ""\305q\237\274G\300a4\275\240s\215\222\210\016\020G\344=-:GK\312\035\271\201\350\376F\260G""; ledgerSeq: 37; type: liBASE; nodes {;   nodedata: ""\000\000\000%\001cEx]\211\377\330\024\t\300.M\315\321S\257\224\252\362\326P\316\303%nX\3742\333\036\004Y\264yG^\234\177\214\000\000\000\000\000\000\000\000\000\000\000\000\000\000\000\000\000\000\000\000\000\000\000\000\000\000\000\000\000\000\000\000\224]\215\226\266%\227\276\377\346\027\346\025\306\3433\035\247\017 \240[E\263j\024\\027\262K\370[/\351\253""/\351\253#\n\000""; }; nodes {;   nodedata: ""\323C\344\327\264{\312-\017:\006{\177\344N\002\326bO\260\220\006\033\362\345\005U\221DzJ0\001\301\025%1L\307\t\261\262z\374\222T\301\274V\236\223\262\270Ct\362\337b\356\024*\324\320\351\317\002k\336\234\027v\351\217\260\303\360\233ZPZWr\246$w\313\313\r\243r\232\2234\373\3539:N\004Q\245\272D\312D\300\300\t\323\0257\345e\271\na\215{\226\255x%T\257\037\333\004\344_/R\006E\344\037@\210\363\010\336T\226\247'\204_{\261\370""1\235\2445\343\033Y!\212\201\341\272\225'\007;\373\236\032\n\001\265\006\342\313\304\273I\032#B\216\232I)\017w\311\256\210\263\367}*\335+Z\013\003""; }; "
1750527651544,1750527651544,0,1,0,4,TMLedgerData,"ledgerHash: ""\305q\237\274G\300a4\275\240s\215\222\210\016\020G\344=-:GK\312\035\271\201\350\376F\260G""; ledgerSeq: 37; type: liBASE; nodes {;   nodedata: ""\000\000\000%\001cEx]\211\377\330\024\t\300.M\315\321S\257\224\252\362\326P\316\303%nX\3742\333\036\004Y\264yG^\234\177\214\000\000\000\000\000\000\000\000\000\000\000\000\000\000\000\000\000\000\000\000\000\000\000\000\000\000\000\000\000\000\000\000\224]\215\226\266%\227\276\377\346\027\346\025\306\3433\035\247\017 \240[E\263j\024\\027\262K\370[/\351\253""/\351\253#\n\000""; }; nodes {;   nodedata: ""\323C\344\327\264{\312-\017:\006{\177\344N\002\326bO\260\220\006\033\362\345\005U\221DzJ0\001\301\025%1L\307\t\261\262z\374\222T\301\274V\236\223\262\270Ct\362\337b\356\024*\324\320\351\317\002k\336\234\027v\351\217\260\303\360\233ZPZWr\246$w\313\313\r\243r\232\2234\373\3539:N\004Q\245\272D\312D\300\300\t\323\0257\345e\271\na\215{\226\255x%T\257\037\333\004\344_/R\006E\344\037@\210\363\010\336T\226\247'\204_{\261\370""1\235\2445\343\033Y!\212\201\341\272\225'\007;\373\236\032\n\001\265\006\342\313\304\273I\032#B\216\232I)\017w\311\256\210\263\367}*\335+Z\013\003""; }; ","ledgerHash: ""\305q\237\274G\300a4\275\240s\215\222\210\016\020G\344=-:GK\312\035\271\201\350\376F\260G""; ledgerSeq: 37; type: liBASE; nodes {;   nodedata: ""\000\000\000%\001cEx]\211\377\330\024\t\300.M\315\321S\257\224\252\362\326P\316\303%nX\3742\333\036\004Y\264yG^\234\177\214\000\000\000\000\000\000\000\000\000\000\000\000\000\000\000\000\000\000\000\000\000\000\000\000\000\000\000\000\000\000\000\000\224]\215\226\266%\227\276\377\346\027\346\025\306\3433\035\247\017 \240[E\263j\024\\027\262K\370[/\351\253""/\351\253#\n\000""; }; nodes {;   nodedata: ""\323C\344\327\264{\312-\017:\006{\177\344N\002\326bO\260\220\006\033\362\345\005U\221DzJ0\001\301\025%1L\307\t\261\262z\374\222T\301\274V\236\223\262\270Ct\362\337b\356\024*\324\320\351\317\002k\336\234\027v\351\217\260\303\360\233ZPZWr\246$w\313\313\r\243r\232\2234\373\3539:N\004Q\245\272D\312D\300\300\t\323\0257\345e\271\na\215{\226\255x%T\257\037\333\004\344_/R\006E\344\037@\210\363\010\336T\226\247'\204_{\261\370""1\235\2445\343\033Y!\212\201\341\272\225'\007;\373\236\032\n\001\265\006\342\313\304\273I\032#B\216\232I)\017w\311\256\210\263\367}*\335+Z\013\003""; }; "
1750527651619,1750527651619,0,1,4,3,TMStatusChange,"newEvent: neACCEPTED_LEDGER; ledgerSeq: 37; ledgerHash: ""\305q\237\274G\300a4\275\240s\215\222\210\016\020G\344=-:GK\312\035\271\201\350\376F\260G""; ledgerHashPrevious: ""\024\t\300.M\315\321S\257\224\252\362\326P\316\303%nX\3742\333\036\004Y\264yG^\234\177\214""; networkTime: 803842851; firstSeq: 1; lastSeq: 36; ","newEvent: neACCEPTED_LEDGER; ledgerSeq: 37; ledgerHash: ""\305q\237\274G\300a4\275\240s\215\222\210\016\020G\344=-:GK\312\035\271\201\350\376F\260G""; ledgerHashPrevious: ""\024\t\300.M\315\321S\257\224\252\362\326P\316\303%nX\3742\333\036\004Y\264yG^\234\177\214""; networkTime: 803842851; firstSeq: 1; lastSeq: 36; "
1750527651620,1750527651620,0,1,4,1,TMStatusChange,"newEvent: neACCEPTED_LEDGER; ledgerSeq: 37; ledgerHash: ""\305q\237\274G\300a4\275\240s\215\222\210\016\020G\344=-:GK\312\035\271\201\350\376F\260G""; ledgerHashPrevious: ""\024\t\300.M\315\321S\257\224\252\362\326P\316\303%nX\3742\333\036\004Y\264yG^\234\177\214""; networkTime: 803842851; firstSeq: 1; lastSeq: 36; ","newEvent: neACCEPTED_LEDGER; ledgerSeq: 37; ledgerHash: ""\305q\237\274G\300a4\275\240s\215\222\210\016\020G\344=-:GK\312\035\271\201\350\376F\260G""; ledgerHashPrevious: ""\024\t\300.M\315\321S\257\224\252\362\326P\316\303%nX\3742\333\036\004Y\264yG^\234\177\214""; networkTime: 803842851; firstSeq: 1; lastSeq: 36; "
1750527651620,1750527651621,0,1,4,0,TMStatusChange,"newEvent: neACCEPTED_LEDGER; ledgerSeq: 37; ledgerHash: ""\305q\237\274G\300a4\275\240s\215\222\210\016\020G\344=-:GK\312\035\271\201\350\376F\260G""; ledgerHashPrevious: ""\024\t\300.M\315\321S\257\224\252\362\326P\316\303%nX\3742\333\036\004Y\264yG^\234\177\214""; networkTime: 803842851; firstSeq: 1; lastSeq: 36; ","newEvent: neACCEPTED_LEDGER; ledgerSeq: 37; ledgerHash: ""\305q\237\274G\300a4\275\240s\215\222\210\016\020G\344=-:GK\312\035\271\201\350\376F\260G""; ledgerHashPrevious: ""\024\t\300.M\315\321S\257\224\252\362\326P\316\303%nX\3742\333\036\004Y\264yG^\234\177\214""; networkTime: 803842851; firstSeq: 1; lastSeq: 36; "
1750527651621,1750527651621,0,1,4,2,TMStatusChange,"newEvent: neACCEPTED_LEDGER; ledgerSeq: 37; ledgerHash: ""\305q\237\274G\300a4\275\240s\215\222\210\016\020G\344=-:GK\312\035\271\201\350\376F\260G""; ledgerHashPrevious: ""\024\t\300.M\315\321S\257\224\252\362\326P\316\303%nX\3742\333\036\004Y\264yG^\234\177\214""; networkTime: 803842851; firstSeq: 1; lastSeq: 36; ","newEvent: neACCEPTED_LEDGER; ledgerSeq: 37; ledgerHash: ""\305q\237\274G\300a4\275\240s\215\222\210\016\020G\344=-:GK\312\035\271\201\350\376F\260G""; ledgerHashPrevious: ""\024\t\300.M\315\321S\257\224\252\362\326P\316\303%nX\3742\333\036\004Y\264yG^\234\177\214""; networkTime: 803842851; firstSeq: 1; lastSeq: 36; "
1750527651662,1750527651662,0,1,4,2,TMValidation,"validation: """"\200\000\000\001&\000\000\000%)/\351\253#:\r\302\353\023?\373\240rQ\305q\237\274G\300a4\275\240s\215\222\210\016\020G\344=-:GK\312\035\271\201\350\376F\260GP\027\000\000\000\000\000\000\000\000\000\000\000\000\000\000\000\000\000\000\000\000\000\000\000\000\000\000\000\000\000\000\000\000P\031\024\t\300.M\315\321S\257\224\252\362\326P\316\303%nX\3742\333\036\004Y\264yG^\234\177\214s!\003R7o\362bV\300hf\266\241;}\200^\374\240\203[:\342Q\225\221\027y\372\255\235\216\323~vG0E\002!\000\254\276e\346\354\277\265.\027\347\251\244_\364\027!\317\271e\030\312\223C\252\344\367^\345\177\022\224O\002 \004\245\274\362\337\006\020\tA\234\353\253@b\232\223\274\007\307\3558&a\307\035= \005Fz\2513""; ","validation: """"\200\000\000\001&\000\000\000%)/\351\253#:\r\302\353\023?\373\240rQ\305q\237\274G\300a4\275\240s\215\222\210\016\020G\344=-:GK\312\035\271\201\350\376F\260GP\027\000\000\000\000\000\000\000\000\000\000\000\000\000\000\000\000\000\000\000\000\000\000\000\000\000\000\000\000\000\000\000\000P\031\024\t\300.M\315\321S\257\224\252\362\326P\316\303%nX\3742\333\036\004Y\264yG^\234\177\214s!\003R7o\362bV\300hf\266\241;}\200^\374\240\203[:\342Q\225\221\027y\372\255\235\216\323~vG0E\002!\000\254\276e\346\354\277\265.\027\347\251\244_\364\027!\317\271e\030\312\223C\252\344\367^\345\177\022\224O\002 \004\245\274\362\337\006\020\tA\234\353\253@b\232\223\274\007\307\3558&a\307\035= \005Fz\2513""; "
1750527651663,1750527651663,0,1,4,0,TMValidation,"validation: """"\200\000\000\001&\000\000\000%)/\351\253#:\r\302\353\023?\373\240rQ\305q\237\274G\300a4\275\240s\215\222\210\016\020G\344=-:GK\312\035\271\201\350\376F\260GP\027\000\000\000\000\000\000\000\000\000\000\000\000\000\000\000\000\000\000\000\000\000\000\000\000\000\000\000\000\000\000\000\000P\031\024\t\300.M\315\321S\257\224\252\362\326P\316\303%nX\3742\333\036\004Y\264yG^\234\177\214s!\003R7o\362bV\300hf\266\241;}\200^\374\240\203[:\342Q\225\221\027y\372\255\235\216\323~vG0E\002!\000\254\276e\346\354\277\265.\027\347\251\244_\364\027!\317\271e\030\312\223C\252\344\367^\345\177\022\224O\002 \004\245\274\362\337\006\020\tA\234\353\253@b\232\223\274\007\307\3558&a\307\035= \005Fz\2513""; ","validation: """"\200\000\000\001&\000\000\000%)/\351\253#:\r\302\353\023?\373\240rQ\305q\237\274G\300a4\275\240s\215\222\210\016\020G\344=-:GK\312\035\271\201\350\376F\260GP\027\000\000\000\000\000\000\000\000\000\000\000\000\000\000\000\000\000\000\000\000\000\000\000\000\000\000\000\000\000\000\000\000P\031\024\t\300.M\315\321S\257\224\252\362\326P\316\303%nX\3742\333\036\004Y\264yG^\234\177\214s!\003R7o\362bV\300hf\266\241;}\200^\374\240\203[:\342Q\225\221\027y\372\255\235\216\323~vG0E\002!\000\254\276e\346\354\277\265.\027\347\251\244_\364\027!\317\271e\030\312\223C\252\344\367^\345\177\022\224O\002 \004\245\274\362\337\006\020\tA\234\353\253@b\232\223\274\007\307\3558&a\307\035= \005Fz\2513""; "
1750527651663,1750527651663,0,1,4,3,TMValidation,"validation: """"\200\000\000\001&\000\000\000%)/\351\253#:\r\302\353\023?\373\240rQ\305q\237\274G\300a4\275\240s\215\222\210\016\020G\344=-:GK\312\035\271\201\350\376F\260GP\027\000\000\000\000\000\000\000\000\000\000\000\000\000\000\000\000\000\000\000\000\000\000\000\000\000\000\000\000\000\000\000\000P\031\024\t\300.M\315\321S\257\224\252\362\326P\316\303%nX\3742\333\036\004Y\264yG^\234\177\214s!\003R7o\362bV\300hf\266\241;}\200^\374\240\203[:\342Q\225\221\027y\372\255\235\216\323~vG0E\002!\000\254\276e\346\354\277\265.\027\347\251\244_\364\027!\317\271e\030\312\223C\252\344\367^\345\177\022\224O\002 \004\245\274\362\337\006\020\tA\234\353\253@b\232\223\274\007\307\3558&a\307\035= \005Fz\2513""; ","validation: """"\200\000\000\001&\000\000\000%)/\351\253#:\r\302\353\023?\373\240rQ\305q\237\274G\300a4\275\240s\215\222\210\016\020G\344=-:GK\312\035\271\201\350\376F\260GP\027\000\000\000\000\000\000\000\000\000\000\000\000\000\000\000\000\000\000\000\000\000\000\000\000\000\000\000\000\000\000\000\000P\031\024\t\300.M\315\321S\257\224\252\362\326P\316\303%nX\3742\333\036\004Y\264yG^\234\177\214s!\003R7o\362bV\300hf\266\241;}\200^\374\240\203[:\342Q\225\221\027y\372\255\235\216\323~vG0E\002!\000\254\276e\346\354\277\265.\027\347\251\244_\364\027!\317\271e\030\312\223C\252\344\367^\345\177\022\224O\002 \004\245\274\362\337\006\020\tA\234\353\253@b\232\223\274\007\307\3558&a\307\035= \005Fz\2513""; "
1750527651664,1750527651664,0,1,4,1,TMValidation,"validation: """"\200\000\000\001&\000\000\000%)/\351\253#:\r\302\353\023?\373\240rQ\305q\237\274G\300a4\275\240s\215\222\210\016\020G\344=-:GK\312\035\271\201\350\376F\260GP\027\000\000\000\000\000\000\000\000\000\000\000\000\000\000\000\000\000\000\000\000\000\000\000\000\000\000\000\000\000\000\000\000P\031\024\t\300.M\315\321S\257\224\252\362\326P\316\303%nX\3742\333\036\004Y\264yG^\234\177\214s!\003R7o\362bV\300hf\266\241;}\200^\374\240\203[:\342Q\225\221\027y\372\255\235\216\323~vG0E\002!\000\254\276e\346\354\277\265.\027\347\251\244_\364\027!\317\271e\030\312\223C\252\344\367^\345\177\022\224O\002 \004\245\274\362\337\006\020\tA\234\353\253@b\232\223\274\007\307\3558&a\307\035= \005Fz\2513""; ","validation: """"\200\000\000\001&\000\000\000%)/\351\253#:\r\302\353\023?\373\240rQ\305q\237\274G\300a4\275\240s\215\222\210\016\020G\344=-:GK\312\035\271\201\350\376F\260GP\027\000\000\000\000\000\000\000\000\000\000\000\000\000\000\000\000\000\000\000\000\000\000\000\000\000\000\000\000\000\000\000\000P\031\024\t\300.M\315\321S\257\224\252\362\326P\316\303%nX\3742\333\036\004Y\264yG^\234\177\214s!\003R7o\362bV\300hf\266\241;}\200^\374\240\203[:\342Q\225\221\027y\372\255\235\216\323~vG0E\002!\000\254\276e\346\354\277\265.\027\347\251\244_\364\027!\317\271e\030\312\223C\252\344\367^\345\177\022\224O\002 \004\245\274\362\337\006\020\tA\234\353\253@b\232\223\274\007\307\3558&a\307\035= \005Fz\2513""; "
1750527651665,1750527651665,0,1,2,0,TMValidation,"validation: """"\200\000\000\001&\000\000\000%)/\351\253#:\r\302\353\023?\373\240rQ\305q\237\274G\300a4\275\240s\215\222\210\016\020G\344=-:GK\312\035\271\201\350\376F\260GP\027\000\000\000\000\000\000\000\000\000\000\000\000\000\000\000\000\000\000\000\000\000\000\000\000\000\000\000\000\000\000\000\000P\031\024\t\300.M\315\321S\257\224\252\362\326P\316\303%nX\3742\333\036\004Y\264yG^\234\177\214s!\003R7o\362bV\300hf\266\241;}\200^\374\240\203[:\342Q\225\221\027y\372\255\235\216\323~vG0E\002!\000\254\276e\346\354\277\265.\027\347\251\244_\364\027!\317\271e\030\312\223C\252\344\367^\345\177\022\224O\002 \004\245\274\362\337\006\020\tA\234\353\253@b\232\223\274\007\307\3558&a\307\035= \005Fz\2513""; ","validation: """"\200\000\000\001&\000\000\000%)/\351\253#:\r\302\353\023?\373\240rQ\305q\237\274G\300a4\275\240s\215\222\210\016\020G\344=-:GK\312\035\271\201\350\376F\260GP\027\000\000\000\000\000\000\000\000\000\000\000\000\000\000\000\000\000\000\000\000\000\000\000\000\000\000\000\000\000\000\000\000P\031\024\t\300.M\315\321S\257\224\252\362\326P\316\303%nX\3742\333\036\004Y\264yG^\234\177\214s!\003R7o\362bV\300hf\266\241;}\200^\374\240\203[:\342Q\225\221\027y\372\255\235\216\323~vG0E\002!\000\254\276e\346\354\277\265.\027\347\251\244_\364\027!\317\271e\030\312\223C\252\344\367^\345\177\022\224O\002 \004\245\274\362\337\006\020\tA\234\353\253@b\232\223\274\007\307\3558&a\307\035= \005Fz\2513""; "
1750527651666,1750527651666,0,1,2,3,TMValidation,"validation: """"\200\000\000\001&\000\000\000%)/\351\253#:\r\302\353\023?\373\240rQ\305q\237\274G\300a4\275\240s\215\222\210\016\020G\344=-:GK\312\035\271\201\350\376F\260GP\027\000\000\000\000\000\000\000\000\000\000\000\000\000\000\000\000\000\000\000\000\000\000\000\000\000\000\000\000\000\000\000\000P\031\024\t\300.M\315\321S\257\224\252\362\326P\316\303%nX\3742\333\036\004Y\264yG^\234\177\214s!\003R7o\362bV\300hf\266\241;}\200^\374\240\203[:\342Q\225\221\027y\372\255\235\216\323~vG0E\002!\000\254\276e\346\354\277\265.\027\347\251\244_\364\027!\317\271e\030\312\223C\252\344\367^\345\177\022\224O\002 \004\245\274\362\337\006\020\tA\234\353\253@b\232\223\274\007\307\3558&a\307\035= \005Fz\2513""; ","validation: """"\200\000\000\001&\000\000\000%)/\351\253#:\r\302\353\023?\373\240rQ\305q\237\274G\300a4\275\240s\215\222\210\016\020G\344=-:GK\312\035\271\201\350\376F\260GP\027\000\000\000\000\000\000\000\000\000\000\000\000\000\000\000\000\000\000\000\000\000\000\000\000\000\000\000\000\000\000\000\000P\031\024\t\300.M\315\321S\257\224\252\362\326P\316\303%nX\3742\333\036\004Y\264yG^\234\177\214s!\003R7o\362bV\300hf\266\241;}\200^\374\240\203[:\342Q\225\221\027y\372\255\235\216\323~vG0E\002!\000\254\276e\346\354\277\265.\027\347\251\244_\364\027!\317\271e\030\312\223C\252\344\367^\345\177\022\224O\002 \004\245\274\362\337\006\020\tA\234\353\253@b\232\223\274\007\307\3558&a\307\035= \005Fz\2513""; "
1750527651667,1750527651667,0,1,2,1,TMValidation,"validation: """"\200\000\000\001&\000\000\000%)/\351\253#:\r\302\353\023?\373\240rQ\305q\237\274G\300a4\275\240s\215\222\210\016\020G\344=-:GK\312\035\271\201\350\376F\260GP\027\000\000\000\000\000\000\000\000\000\000\000\000\000\000\000\000\000\000\000\000\000\000\000\000\000\000\000\000\000\000\000\000P\031\024\t\300.M\315\321S\257\224\252\362\326P\316\303%nX\3742\333\036\004Y\264yG^\234\177\214s!\003R7o\362bV\300hf\266\241;}\200^\374\240\203[:\342Q\225\221\027y\372\255\235\216\323~vG0E\002!\000\254\276e\346\354\277\265.\027\347\251\244_\364\027!\317\271e\030\312\223C\252\344\367^\345\177\022\224O\002 \004\245\274\362\337\006\020\tA\234\353\253@b\232\223\274\007\307\3558&a\307\035= \005Fz\2513""; ","validation: """"\200\000\000\001&\000\000\000%)/\351\253#:\r\302\353\023?\373\240rQ\305q\237\274G\300a4\275\240s\215\222\210\016\020G\344=-:GK\312\035\271\201\350\376F\260GP\027\000\000\000\000\000\000\000\000\000\000\000\000\000\000\000\000\000\000\000\000\000\000\000\000\000\000\000\000\000\000\000\000P\031\024\t\300.M\315\321S\257\224\252\362\326P\316\303%nX\3742\333\036\004Y\264yG^\234\177\214s!\003R7o\362bV\300hf\266\241;}\200^\374\240\203[:\342Q\225\221\027y\372\255\235\216\323~vG0E\002!\000\254\276e\346\354\277\265.\027\347\251\244_\364\027!\317\271e\030\312\223C\252\344\367^\345\177\022\224O\002 \004\245\274\362\337\006\020\tA\234\353\253@b\232\223\274\007\307\3558&a\307\035= \005Fz\2513""; "
1750527651667,1750527651668,0,1,0,2,TMValidation,"validation: """"\200\000\000\001&\000\000\000%)/\351\253#:\r\302\353\023?\373\240rQ\305q\237\274G\300a4\275\240s\215\222\210\016\020G\344=-:GK\312\035\271\201\350\376F\260GP\027\000\000\000\000\000\000\000\000\000\000\000\000\000\000\000\000\000\000\000\000\000\000\000\000\000\000\000\000\000\000\000\000P\031\024\t\300.M\315\321S\257\224\252\362\326P\316\303%nX\3742\333\036\004Y\264yG^\234\177\214s!\003R7o\362bV\300hf\266\241;}\200^\374\240\203[:\342Q\225\221\027y\372\255\235\216\323~vG0E\002!\000\254\276e\346\354\277\265.\027\347\251\244_\364\027!\317\271e\030\312\223C\252\344\367^\345\177\022\224O\002 \004\245\274\362\337\006\020\tA\234\353\253@b\232\223\274\007\307\3558&a\307\035= \005Fz\2513""; ","validation: """"\200\000\000\001&\000\000\000%)/\351\253#:\r\302\353\023?\373\240rQ\305q\237\274G\300a4\275\240s\215\222\210\016\020G\344=-:GK\312\035\271\201\350\376F\260GP\027\000\000\000\000\000\000\000\000\000\000\000\000\000\000\000\000\000\000\000\000\000\000\000\000\000\000\000\000\000\000\000\000P\031\024\t\300.M\315\321S\257\224\252\362\326P\316\303%nX\3742\333\036\004Y\264yG^\234\177\214s!\003R7o\362bV\300hf\266\241;}\200^\374\240\203[:\342Q\225\221\027y\372\255\235\216\323~vG0E\002!\000\254\276e\346\354\277\265.\027\347\251\244_\364\027!\317\271e\030\312\223C\252\344\367^\345\177\022\224O\002 \004\245\274\362\337\006\020\tA\234\353\253@b\232\223\274\007\307\3558&a\307\035= \005Fz\2513""; "
1750527651668,1750527651668,0,1,0,3,TMValidation,"validation: """"\200\000\000\001&\000\000\000%)/\351\253#:\r\302\353\023?\373\240rQ\305q\237\274G\300a4\275\240s\215\222\210\016\020G\344=-:GK\312\035\271\201\350\376F\260GP\027\000\000\000\000\000\000\000\000\000\000\000\000\000\000\000\000\000\000\000\000\000\000\000\000\000\000\000\000\000\000\000\000P\031\024\t\300.M\315\321S\257\224\252\362\326P\316\303%nX\3742\333\036\004Y\264yG^\234\177\214s!\003R7o\362bV\300hf\266\241;}\200^\374\240\203[:\342Q\225\221\027y\372\255\235\216\323~vG0E\002!\000\254\276e\346\354\277\265.\027\347\251\244_\364\027!\317\271e\030\312\223C\252\344\367^\345\177\022\224O\002 \004\245\274\362\337\006\020\tA\234\353\253@b\232\223\274\007\307\3558&a\307\035= \005Fz\2513""; ","validation: """"\200\000\000\001&\000\000\000%)/\351\253#:\r\302\353\023?\373\240rQ\305q\237\274G\300a4\275\240s\215\222\210\016\020G\344=-:GK\312\035\271\201\350\376F\260GP\027\000\000\000\000\000\000\000\000\000\000\000\000\000\000\000\000\000\000\000\000\000\000\000\000\000\000\000\000\000\000\000\000P\031\024\t\300.M\315\321S\257\224\252\362\326P\316\303%nX\3742\333\036\004Y\264yG^\234\177\214s!\003R7o\362bV\300hf\266\241;}\200^\374\240\203[:\342Q\225\221\027y\372\255\235\216\323~vG0E\002!\000\254\276e\346\354\277\265.\027\347\251\244_\364\027!\317\271e\030\312\223C\252\344\367^\345\177\022\224O\002 \004\245\274\362\337\006\020\tA\234\353\253@b\232\223\274\007\307\3558&a\307\035= \005Fz\2513""; "
1750527651668,1750527651668,0,1,0,1,TMValidation,"validation: """"\200\000\000\001&\000\000\000%)/\351\253#:\r\302\353\023?\373\240rQ\305q\237\274G\300a4\275\240s\215\222\210\016\020G\344=-:GK\312\035\271\201\350\376F\260GP\027\000\000\000\000\000\000\000\000\000\000\000\000\000\000\000\000\000\000\000\000\000\000\000\000\000\000\000\000\000\000\000\000P\031\024\t\300.M\315\321S\257\224\252\362\326P\316\303%nX\3742\333\036\004Y\264yG^\234\177\214s!\003R7o\362bV\300hf\266\241;}\200^\374\240\203[:\342Q\225\221\027y\372\255\235\216\323~vG0E\002!\000\254\276e\346\354\277\265.\027\347\251\244_\364\027!\317\271e\030\312\223C\252\344\367^\345\177\022\224O\002 \004\245\274\362\337\006\020\tA\234\353\253@b\232\223\274\007\307\3558&a\307\035= \005Fz\2513""; ","validation: """"\200\000\000\001&\000\000\000%)/\351\253#:\r\302\353\023?\373\240rQ\305q\237\274G\300a4\275\240s\215\222\210\016\020G\344=-:GK\312\035\271\201\350\376F\260GP\027\000\000\000\000\000\000\000\000\000\000\000\000\000\000\000\000\000\000\000\000\000\000\000\000\000\000\000\000\000\000\000\000P\031\024\t\300.M\315\321S\257\224\252\362\326P\316\303%nX\3742\333\036\004Y\264yG^\234\177\214s!\003R7o\362bV\300hf\266\241;}\200^\374\240\203[:\342Q\225\221\027y\372\255\235\216\323~vG0E\002!\000\254\276e\346\354\277\265.\027\347\251\244_\364\027!\317\271e\030\312\223C\252\344\367^\345\177\022\224O\002 \004\245\274\362\337\006\020\tA\234\353\253@b\232\223\274\007\307\3558&a\307\035= \005Fz\2513""; "
1750527651668,1750527651668,0,1,3,1,TMValidation,"validation: """"\200\000\000\001&\000\000\000%)/\351\253#:\r\302\353\023?\373\240rQ\305q\237\274G\300a4\275\240s\215\222\210\016\020G\344=-:GK\312\035\271\201\350\376F\260GP\027\000\000\000\000\000\000\000\000\000\000\000\000\000\000\000\000\000\000\000\000\000\000\000\000\000\000\000\000\000\000\000\000P\031\024\t\300.M\315\321S\257\224\252\362\326P\316\303%nX\3742\333\036\004Y\264yG^\234\177\214s!\003R7o\362bV\300hf\266\241;}\200^\374\240\203[:\342Q\225\221\027y\372\255\235\216\323~vG0E\002!\000\254\276e\346\354\277\265.\027\347\251\244_\364\027!\317\271e\030\312\223C\252\344\367^\345\177\022\224O\002 \004\245\274\362\337\006\020\tA\234\353\253@b\232\223\274\007\307\3558&a\307\035= \005Fz\2513""; ","validation: """"\200\000\000\001&\000\000\000%)/\351\253#:\r\302\353\023?\373\240rQ\305q\237\274G\300a4\275\240s\215\222\210\016\020G\344=-:GK\312\035\271\201\350\376F\260GP\027\000\000\000\000\000\000\000\000\000\000\000\000\000\000\000\000\000\000\000\000\000\000\000\000\000\000\000\000\000\000\000\000P\031\024\t\300.M\315\321S\257\224\252\362\326P\316\303%nX\3742\333\036\004Y\264yG^\234\177\214s!\003R7o\362bV\300hf\266\241;}\200^\374\240\203[:\342Q\225\221\027y\372\255\235\216\323~vG0E\002!\000\254\276e\346\354\277\265.\027\347\251\244_\364\027!\317\271e\030\312\223C\252\344\367^\345\177\022\224O\002 \004\245\274\362\337\006\020\tA\234\353\253@b\232\223\274\007\307\3558&a\307\035= \005Fz\2513""; "
1750527651668,1750527651669,0,1,3,2,TMValidation,"validation: """"\200\000\000\001&\000\000\000%)/\351\253#:\r\302\353\023?\373\240rQ\305q\237\274G\300a4\275\240s\215\222\210\016\020G\344=-:GK\312\035\271\201\350\376F\260GP\027\000\000\000\000\000\000\000\000\000\000\000\000\000\000\000\000\000\000\000\000\000\000\000\000\000\000\000\000\000\000\000\000P\031\024\t\300.M\315\321S\257\224\252\362\326P\316\303%nX\3742\333\036\004Y\264yG^\234\177\214s!\003R7o\362bV\300hf\266\241;}\200^\374\240\203[:\342Q\225\221\027y\372\255\235\216\323~vG0E\002!\000\254\276e\346\354\277\265.\027\347\251\244_\364\027!\317\271e\030\312\223C\252\344\367^\345\177\022\224O\002 \004\245\274\362\337\006\020\tA\234\353\253@b\232\223\274\007\307\3558&a\307\035= \005Fz\2513""; ","validation: """"\200\000\000\001&\000\000\000%)/\351\253#:\r\302\353\023?\373\240rQ\305q\237\274G\300a4\275\240s\215\222\210\016\020G\344=-:GK\312\035\271\201\350\376F\260GP\027\000\000\000\000\000\000\000\000\000\000\000\000\000\000\000\000\000\000\000\000\000\000\000\000\000\000\000\000\000\000\000\000P\031\024\t\300.M\315\321S\257\224\252\362\326P\316\303%nX\3742\333\036\004Y\264yG^\234\177\214s!\003R7o\362bV\300hf\266\241;}\200^\374\240\203[:\342Q\225\221\027y\372\255\235\216\323~vG0E\002!\000\254\276e\346\354\277\265.\027\347\251\244_\364\027!\317\271e\030\312\223C\252\344\367^\345\177\022\224O\002 \004\245\274\362\337\006\020\tA\234\353\253@b\232\223\274\007\307\3558&a\307\035= \005Fz\2513""; "
1750527651669,1750527651669,0,1,1,3,TMValidation,"validation: """"\200\000\000\001&\000\000\000%)/\351\253#:\r\302\353\023?\373\240rQ\305q\237\274G\300a4\275\240s\215\222\210\016\020G\344=-:GK\312\035\271\201\350\376F\260GP\027\000\000\000\000\000\000\000\000\000\000\000\000\000\000\000\000\000\000\000\000\000\000\000\000\000\000\000\000\000\000\000\000P\031\024\t\300.M\315\321S\257\224\252\362\326P\316\303%nX\3742\333\036\004Y\264yG^\234\177\214s!\003R7o\362bV\300hf\266\241;}\200^\374\240\203[:\342Q\225\221\027y\372\255\235\216\323~vG0E\002!\000\254\276e\346\354\277\265.\027\347\251\244_\364\027!\317\271e\030\312\223C\252\344\367^\345\177\022\224O\002 \004\245\274\362\337\006\020\tA\234\353\253@b\232\223\274\007\307\3558&a\307\035= \005Fz\2513""; ","validation: """"\200\000\000\001&\000\000\000%)/\351\253#:\r\302\353\023?\373\240rQ\305q\237\274G\300a4\275\240s\215\222\210\016\020G\344=-:GK\312\035\271\201\350\376F\260GP\027\000\000\000\000\000\000\000\000\000\000\000\000\000\000\000\000\000\000\000\000\000\000\000\000\000\000\000\000\000\000\000\000P\031\024\t\300.M\315\321S\257\224\252\362\326P\316\303%nX\3742\333\036\004Y\264yG^\234\177\214s!\003R7o\362bV\300hf\266\241;}\200^\374\240\203[:\342Q\225\221\027y\372\255\235\216\323~vG0E\002!\000\254\276e\346\354\277\265.\027\347\251\244_\364\027!\317\271e\030\312\223C\252\344\367^\345\177\022\224O\002 \004\245\274\362\337\006\020\tA\234\353\253@b\232\223\274\007\307\3558&a\307\035= \005Fz\2513""; "
1750527651669,1750527651670,0,1,3,0,TMValidation,"validation: """"\200\000\000\001&\000\000\000%)/\351\253#:\r\302\353\023?\373\240rQ\305q\237\274G\300a4\275\240s\215\222\210\016\020G\344=-:GK\312\035\271\201\350\376F\260GP\027\000\000\000\000\000\000\000\000\000\000\000\000\000\000\000\000\000\000\000\000\000\000\000\000\000\000\000\000\000\000\000\000P\031\024\t\300.M\315\321S\257\224\252\362\326P\316\303%nX\3742\333\036\004Y\264yG^\234\177\214s!\003R7o\362bV\300hf\266\241;}\200^\374\240\203[:\342Q\225\221\027y\372\255\235\216\323~vG0E\002!\000\254\276e\346\354\277\265.\027\347\251\244_\364\027!\317\271e\030\312\223C\252\344\367^\345\177\022\224O\002 \004\245\274\362\337\006\020\tA\234\353\253@b\232\223\274\007\307\3558&a\307\035= \005Fz\2513""; ","validation: """"\200\000\000\001&\000\000\000%)/\351\253#:\r\302\353\023?\373\240rQ\305q\237\274G\300a4\275\240s\215\222\210\016\020G\344=-:GK\312\035\271\201\350\376F\260GP\027\000\000\000\000\000\000\000\000\000\000\000\000\000\000\000\000\000\000\000\000\000\000\000\000\000\000\000\000\000\000\000\000P\031\024\t\300.M\315\321S\257\224\252\362\326P\316\303%nX\3742\333\036\004Y\264yG^\234\177\214s!\003R7o\362bV\300hf\266\241;}\200^\374\240\203[:\342Q\225\221\027y\372\255\235\216\323~vG0E\002!\000\254\276e\346\354\277\265.\027\347\251\244_\364\027!\317\271e\030\312\223C\252\344\367^\345\177\022\224O\002 \004\245\274\362\337\006\020\tA\234\353\253@b\232\223\274\007\307\3558&a\307\035= \005Fz\2513""; "
1750527651670,1750527651670,0,1,1,0,TMValidation,"validation: """"\200\000\000\001&\000\000\000%)/\351\253#:\r\302\353\023?\373\240rQ\305q\237\274G\300a4\275\240s\215\222\210\016\020G\344=-:GK\312\035\271\201\350\376F\260GP\027\000\000\000\000\000\000\000\000\000\000\000\000\000\000\000\000\000\000\000\000\000\000\000\000\000\000\000\000\000\000\000\000P\031\024\t\300.M\315\321S\257\224\252\362\326P\316\303%nX\3742\333\036\004Y\264yG^\234\177\214s!\003R7o\362bV\300hf\266\241;}\200^\374\240\203[:\342Q\225\221\027y\372\255\235\216\323~vG0E\002!\000\254\276e\346\354\277\265.\027\347\251\244_\364\027!\317\271e\030\312\223C\252\344\367^\345\177\022\224O\002 \004\245\274\362\337\006\020\tA\234\353\253@b\232\223\274\007\307\3558&a\307\035= \005Fz\2513""; ","validation: """"\200\000\000\001&\000\000\000%)/\351\253#:\r\302\353\023?\373\240rQ\305q\237\274G\300a4\275\240s\215\222\210\016\020G\344=-:GK\312\035\271\201\350\376F\260GP\027\000\000\000\000\000\000\000\000\000\000\000\000\000\000\000\000\000\000\000\000\000\000\000\000\000\000\000\000\000\000\000\000P\031\024\t\300.M\315\321S\257\224\252\362\326P\316\303%nX\3742\333\036\004Y\264yG^\234\177\214s!\003R7o\362bV\300hf\266\241;}\200^\374\240\203[:\342Q\225\221\027y\372\255\235\216\323~vG0E\002!\000\254\276e\346\354\277\265.\027\347\251\244_\364\027!\317\271e\030\312\223C\252\344\367^\345\177\022\224O\002 \004\245\274\362\337\006\020\tA\234\353\253@b\232\223\274\007\307\3558&a\307\035= \005Fz\2513""; "
1750527651671,1750527651671,0,1,1,2,TMValidation,"validation: """"\200\000\000\001&\000\000\000%)/\351\253#:\r\302\353\023?\373\240rQ\305q\237\274G\300a4\275\240s\215\222\210\016\020G\344=-:GK\312\035\271\201\350\376F\260GP\027\000\000\000\000\000\000\000\000\000\000\000\000\000\000\000\000\000\000\000\000\000\000\000\000\000\000\000\000\000\000\000\000P\031\024\t\300.M\315\321S\257\224\252\362\326P\316\303%nX\3742\333\036\004Y\264yG^\234\177\214s!\003R7o\362bV\300hf\266\241;}\200^\374\240\203[:\342Q\225\221\027y\372\255\235\216\323~vG0E\002!\000\254\276e\346\354\277\265.\027\347\251\244_\364\027!\317\271e\030\312\223C\252\344\367^\345\177\022\224O\002 \004\245\274\362\337\006\020\tA\234\353\253@b\232\223\274\007\307\3558&a\307\035= \005Fz\2513""; ","validation: """"\200\000\000\001&\000\000\000%)/\351\253#:\r\302\353\023?\373\240rQ\305q\237\274G\300a4\275\240s\215\222\210\016\020G\344=-:GK\312\035\271\201\350\376F\260GP\027\000\000\000\000\000\000\000\000\000\000\000\000\000\000\000\000\000\000\000\000\000\000\000\000\000\000\000\000\000\000\000\000P\031\024\t\300.M\315\321S\257\224\252\362\326P\316\303%nX\3742\333\036\004Y\264yG^\234\177\214s!\003R7o\362bV\300hf\266\241;}\200^\374\240\203[:\342Q\225\221\027y\372\255\235\216\323~vG0E\002!\000\254\276e\346\354\277\265.\027\347\251\244_\364\027!\317\271e\030\312\223C\252\344\367^\345\177\022\224O\002 \004\245\274\362\337\006\020\tA\234\353\253@b\232\223\274\007\307\3558&a\307\035= \005Fz\2513""; "
1750527652458,1750527652458,0,1,3,4,TMProposeSet,"proposeSeq: 0; currentTxHash: ""\000\000\000\000\000\000\000\000\000\000\000\000\000\000\000\000\000\000\000\000\000\000\000\000\000\000\000\000\000\000\000\000""; nodePubKey: ""\002\364d\217\366\217|\316F\232\231\241\n\261\333`\312O\367\235\025DD\336e\367\n\312\326\221\037\025\230""; closeTime: 803842852; signature: ""0E\002!\000\223\023\355\035;\025A\277q\264\030A\026\373G\246M\003\261\227\256\002\027\230\tel#\354\251\325W\002 \n_I\250\372_vZ[6\350\024\000\244M\355EK\237\362 \323E\276\r\007\003r{Z\226\304""; previousledger: ""\305q\237\274G\300a4\275\240s\215\222\210\016\020G\344=-:GK\312\035\271\201\350\376F\260G""; ","proposeSeq: 0; currentTxHash: ""\000\000\000\000\000\000\000\000\000\000\000\000\000\000\000\000\000\000\000\000\000\000\000\000\000\000\000\000\000\000\000\000""; nodePubKey: ""\002\364d\217\366\217|\316F\232\231\241\n\261\333`\312O\367\235\025DD\336e\367\n\312\326\221\037\025\230""; closeTime: 803842852; signature: ""0E\002!\000\223\023\355\035;\025A\277q\264\030A\026\373G\246M\003\261\227\256\002\027\230\tel#\354\251\325W\002 \n_I\250\372_vZ[6\350\024\000\244M\355EK\237\362 \323E\276\r\007\003r{Z\226\304""; previousledger: ""\305q\237\274G\300a4\275\240s\215\222\210\016\020G\344=-:GK\312\035\271\201\350\376F\260G""; "
1750527652461,1750527652461,0,1,4,1,TMProposeSet,"proposeSeq: 0; currentTxHash: ""\000\000\000\000\000\000\000\000\000\000\000\000\000\000\000\000\000\000\000\000\000\000\000\000\000\000\000\000\000\000\000\000""; nodePubKey: ""\002\364d\217\366\217|\316F\232\231\241\n\261\333`\312O\367\235\025DD\336e\367\n\312\326\221\037\025\230""; closeTime: 803842852; signature: ""0E\002!\000\223\023\355\035;\025A\277q\264\030A\026\373G\246M\003\261\227\256\002\027\230\tel#\354\251\325W\002 \n_I\250\372_vZ[6\350\024\000\244M\355EK\237\362 \323E\276\r\007\003r{Z\226\304""; previousledger: ""\305q\237\274G\300a4\275\240s\215\222\210\016\020G\344=-:GK\312\035\271\201\350\376F\260G""; ","proposeSeq: 0; currentTxHash: ""\000\000\000\000\000\000\000\000\000\000\000\000\000\000\000\000\000\000\000\000\000\000\000\000\000\000\000\000\000\000\000\000""; nodePubKey: ""\002\364d\217\366\217|\316F\232\231\241\n\261\333`\312O\367\235\025DD\336e\367\n\312\326\221\037\025\230""; closeTime: 803842852; signature: ""0E\002!\000\223\023\355\035;\025A\277q\264\030A\026\373G\246M\003\261\227\256\002\027\230\tel#\354\251\325W\002 \n_I\250\372_vZ[6\350\024\000\244M\355EK\237\362 \323E\276\r\007\003r{Z\226\304""; previousledger: ""\305q\237\274G\300a4\275\240s\215\222\210\016\020G\344=-:GK\312\035\271\201\350\376F\260G""; "
1750527652462,1750527652462,0,1,4,0,TMProposeSet,"proposeSeq: 0; currentTxHash: ""\000\000\000\000\000\000\000\000\000\000\000\000\000\000\000\000\000\000\000\000\000\000\000\000\000\000\000\000\000\000\000\000""; nodePubKey: ""\002\364d\217\366\217|\316F\232\231\241\n\261\333`\312O\367\235\025DD\336e\367\n\312\326\221\037\025\230""; closeTime: 803842852; signature: ""0E\002!\000\223\023\355\035;\025A\277q\264\030A\026\373G\246M\003\261\227\256\002\027\230\tel#\354\251\325W\002 \n_I\250\372_vZ[6\350\024\000\244M\355EK\237\362 \323E\276\r\007\003r{Z\226\304""; previousledger: ""\305q\237\274G\300a4\275\240s\215\222\210\016\020G\344=-:GK\312\035\271\201\350\376F\260G""; ","proposeSeq: 0; currentTxHash: ""\000\000\000\000\000\000\000\000\000\000\000\000\000\000\000\000\000\000\000\000\000\000\000\000\000\000\000\000\000\000\000\000""; nodePubKey: ""\002\364d\217\366\217|\316F\232\231\241\n\261\333`\312O\367\235\025DD\336e\367\n\312\326\221\037\025\230""; closeTime: 803842852; signature: ""0E\002!\000\223\023\355\035;\025A\277q\264\030A\026\373G\246M\003\261\227\256\002\027\230\tel#\354\251\325W\002 \n_I\250\372_vZ[6\350\024\000\244M\355EK\237\362 \323E\276\r\007\003r{Z\226\304""; previousledger: ""\305q\237\274G\300a4\275\240s\215\222\210\016\020G\344=-:GK\312\035\271\201\350\376F\260G""; "
1750527652462,1750527652462,0,1,4,2,TMProposeSet,"proposeSeq: 0; currentTxHash: ""\000\000\000\000\000\000\000\000\000\000\000\000\000\000\000\000\000\000\000\000\000\000\000\000\000\000\000\000\000\000\000\000""; nodePubKey: ""\002\364d\217\366\217|\316F\232\231\241\n\261\333`\312O\367\235\025DD\336e\367\n\312\326\221\037\025\230""; closeTime: 803842852; signature: ""0E\002!\000\223\023\355\035;\025A\277q\264\030A\026\373G\246M\003\261\227\256\002\027\230\tel#\354\251\325W\002 \n_I\250\372_vZ[6\350\024\000\244M\355EK\237\362 \323E\276\r\007\003r{Z\226\304""; previousledger: ""\305q\237\274G\300a4\275\240s\215\222\210\016\020G\344=-:GK\312\035\271\201\350\376F\260G""; ","proposeSeq: 0; currentTxHash: ""\000\000\000\000\000\000\000\000\000\000\000\000\000\000\000\000\000\000\000\000\000\000\000\000\000\000\000\000\000\000\000\000""; nodePubKey: ""\002\364d\217\366\217|\316F\232\231\241\n\261\333`\312O\367\235\025DD\336e\367\n\312\326\221\037\025\230""; closeTime: 803842852; signature: ""0E\002!\000\223\023\355\035;\025A\277q\264\030A\026\373G\246M\003\261\227\256\002\027\230\tel#\354\251\325W\002 \n_I\250\372_vZ[6\350\024\000\244M\355EK\237\362 \323E\276\r\007\003r{Z\226\304""; previousledger: ""\305q\237\274G\300a4\275\240s\215\222\210\016\020G\344=-:GK\312\035\271\201\350\376F\260G""; "
1750527652498,1750527652498,0,1,3,2,TMProposeSet,"proposeSeq: 0; currentTxHash: ""\000\000\000\000\000\000\000\000\000\000\000\000\000\000\000\000\000\000\000\000\000\000\000\000\000\000\000\000\000\000\000\000""; nodePubKey: ""\002\364d\217\366\217|\316F\232\231\241\n\261\333`\312O\367\235\025DD\336e\367\n\312\326\221\037\025\230""; closeTime: 803842852; signature: ""0E\002!\000\223\023\355\035;\025A\277q\264\030A\026\373G\246M\003\261\227\256\002\027\230\tel#\354\251\325W\002 \n_I\250\372_vZ[6\350\024\000\244M\355EK\237\362 \323E\276\r\007\003r{Z\226\304""; previousledger: ""\305q\237\274G\300a4\275\240s\215\222\210\016\020G\344=-:GK\312\035\271\201\350\376F\260G""; ","proposeSeq: 0; currentTxHash: ""\000\000\000\000\000\000\000\000\000\000\000\000\000\000\000\000\000\000\000\000\000\000\000\000\000\000\000\000\000\000\000\000""; nodePubKey: ""\002\364d\217\366\217|\316F\232\231\241\n\261\333`\312O\367\235\025DD\336e\367\n\312\326\221\037\025\230""; closeTime: 803842852; signature: ""0E\002!\000\223\023\355\035;\025A\277q\264\030A\026\373G\246M\003\261\227\256\002\027\230\tel#\354\251\325W\002 \n_I\250\372_vZ[6\350\024\000\244M\355EK\237\362 \323E\276\r\007\003r{Z\226\304""; previousledger: ""\305q\237\274G\300a4\275\240s\215\222\210\016\020G\344=-:GK\312\035\271\201\350\376F\260G""; "
1750527652499,1750527652499,0,1,3,0,TMProposeSet,"proposeSeq: 0; currentTxHash: ""\000\000\000\000\000\000\000\000\000\000\000\000\000\000\000\000\000\000\000\000\000\000\000\000\000\000\000\000\000\000\000\000""; nodePubKey: ""\002\364d\217\366\217|\316F\232\231\241\n\261\333`\312O\367\235\025DD\336e\367\n\312\326\221\037\025\230""; closeTime: 803842852; signature: ""0E\002!\000\223\023\355\035;\025A\277q\264\030A\026\373G\246M\003\261\227\256\002\027\230\tel#\354\251\325W\002 \n_I\250\372_vZ[6\350\024\000\244M\355EK\237\362 \323E\276\r\007\003r{Z\226\304""; previousledger: ""\305q\237\274G\300a4\275\240s\215\222\210\016\020G\344=-:GK\312\035\271\201\350\376F\260G""; ","proposeSeq: 0; currentTxHash: ""\000\000\000\000\000\000\000\000\000\000\000\000\000\000\000\000\000\000\000\000\000\000\000\000\000\000\000\000\000\000\000\000""; nodePubKey: ""\002\364d\217\366\217|\316F\232\231\241\n\261\333`\312O\367\235\025DD\336e\367\n\312\326\221\037\025\230""; closeTime: 803842852; signature: ""0E\002!\000\223\023\355\035;\025A\277q\264\030A\026\373G\246M\003\261\227\256\002\027\230\tel#\354\251\325W\002 \n_I\250\372_vZ[6\350\024\000\244M\355EK\237\362 \323E\276\r\007\003r{Z\226\304""; previousledger: ""\305q\237\274G\300a4\275\240s\215\222\210\016\020G\344=-:GK\312\035\271\201\350\376F\260G""; "
1750527652499,1750527652499,0,1,3,1,TMProposeSet,"proposeSeq: 0; currentTxHash: ""\000\000\000\000\000\000\000\000\000\000\000\000\000\000\000\000\000\000\000\000\000\000\000\000\000\000\000\000\000\000\000\000""; nodePubKey: ""\002\364d\217\366\217|\316F\232\231\241\n\261\333`\312O\367\235\025DD\336e\367\n\312\326\221\037\025\230""; closeTime: 803842852; signature: ""0E\002!\000\223\023\355\035;\025A\277q\264\030A\026\373G\246M\003\261\227\256\002\027\230\tel#\354\251\325W\002 \n_I\250\372_vZ[6\350\024\000\244M\355EK\237\362 \323E\276\r\007\003r{Z\226\304""; previousledger: ""\305q\237\274G\300a4\275\240s\215\222\210\016\020G\344=-:GK\312\035\271\201\350\376F\260G""; ","proposeSeq: 0; currentTxHash: ""\000\000\000\000\000\000\000\000\000\000\000\000\000\000\000\000\000\000\000\000\000\000\000\000\000\000\000\000\000\000\000\000""; nodePubKey: ""\002\364d\217\366\217|\316F\232\231\241\n\261\333`\312O\367\235\025DD\336e\367\n\312\326\221\037\025\230""; closeTime: 803842852; signature: ""0E\002!\000\223\023\355\035;\025A\277q\264\030A\026\373G\246M\003\261\227\256\002\027\230\tel#\354\251\325W\002 \n_I\250\372_vZ[6\350\024\000\244M\355EK\237\362 \323E\276\r\007\003r{Z\226\304""; previousledger: ""\305q\237\274G\300a4\275\240s\215\222\210\016\020G\344=-:GK\312\035\271\201\350\376F\260G""; "
1750527652457,1750527652528,0,1,3,2,TMStatusChange,"newEvent: neCLOSING_LEDGER; ledgerSeq: 37; ledgerHash: ""\305q\237\274G\300a4\275\240s\215\222\210\016\020G\344=-:GK\312\035\271\201\350\376F\260G""; ledgerHashPrevious: ""\024\t\300.M\315\321S\257\224\252\362\326P\316\303%nX\3742\333\036\004Y\264yG^\234\177\214""; networkTime: 803842852; firstSeq: 1; lastSeq: 37; ","newEvent: neCLOSING_LEDGER; ledgerSeq: 37; ledgerHash: ""\305q\237\274G\300a4\275\240s\215\222\210\016\020G\344=-:GK\312\035\271\201\350\376F\260G""; ledgerHashPrevious: ""\024\t\300.M\315\321S\257\224\252\362\326P\316\303%nX\3742\333\036\004Y\264yG^\234\177\214""; networkTime: 803842852; firstSeq: 1; lastSeq: 37; "
1750527652458,1750527652529,0,1,3,0,TMStatusChange,"newEvent: neCLOSING_LEDGER; ledgerSeq: 37; ledgerHash: ""\305q\237\274G\300a4\275\240s\215\222\210\016\020G\344=-:GK\312\035\271\201\350\376F\260G""; ledgerHashPrevious: ""\024\t\300.M\315\321S\257\224\252\362\326P\316\303%nX\3742\333\036\004Y\264yG^\234\177\214""; networkTime: 803842852; firstSeq: 1; lastSeq: 37; ","newEvent: neCLOSING_LEDGER; ledgerSeq: 37; ledgerHash: ""\305q\237\274G\300a4\275\240s\215\222\210\016\020G\344=-:GK\312\035\271\201\350\376F\260G""; ledgerHashPrevious: ""\024\t\300.M\315\321S\257\224\252\362\326P\316\303%nX\3742\333\036\004Y\264yG^\234\177\214""; networkTime: 803842852; firstSeq: 1; lastSeq: 37; "
1750527652458,1750527652529,0,1,3,1,TMStatusChange,"newEvent: neCLOSING_LEDGER; ledgerSeq: 37; ledgerHash: ""\305q\237\274G\300a4\275\240s\215\222\210\016\020G\344=-:GK\312\035\271\201\350\376F\260G""; ledgerHashPrevious: ""\024\t\300.M\315\321S\257\224\252\362\326P\316\303%nX\3742\333\036\004Y\264yG^\234\177\214""; networkTime: 803842852; firstSeq: 1; lastSeq: 37; ","newEvent: neCLOSING_LEDGER; ledgerSeq: 37; ledgerHash: ""\305q\237\274G\300a4\275\240s\215\222\210\016\020G\344=-:GK\312\035\271\201\350\376F\260G""; ledgerHashPrevious: ""\024\t\300.M\315\321S\257\224\252\362\326P\316\303%nX\3742\333\036\004Y\264yG^\234\177\214""; networkTime: 803842852; firstSeq: 1; lastSeq: 37; "
1750527652459,1750527652529,0,1,3,4,TMStatusChange,"newEvent: neCLOSING_LEDGER; ledgerSeq: 37; ledgerHash: ""\305q\237\274G\300a4\275\240s\215\222\210\016\020G\344=-:GK\312\035\271\201\350\376F\260G""; ledgerHashPrevious: ""\024\t\300.M\315\321S\257\224\252\362\326P\316\303%nX\3742\333\036\004Y\264yG^\234\177\214""; networkTime: 803842852; firstSeq: 1; lastSeq: 37; ","newEvent: neCLOSING_LEDGER; ledgerSeq: 37; ledgerHash: ""\305q\237\274G\300a4\275\240s\215\222\210\016\020G\344=-:GK\312\035\271\201\350\376F\260G""; ledgerHashPrevious: ""\024\t\300.M\315\321S\257\224\252\362\326P\316\303%nX\3742\333\036\004Y\264yG^\234\177\214""; networkTime: 803842852; firstSeq: 1; lastSeq: 37; "
1750527652578,1750527652578,0,1,4,2,TMEndpoints,version: 2; ,version: 2; 
1750527652578,1750527652578,0,1,4,0,TMEndpoints,version: 2; ,version: 2; 
1750527652579,1750527652579,0,1,4,1,TMEndpoints,version: 2; ,version: 2; 
1750527652579,1750527652579,0,1,4,3,TMEndpoints,version: 2; ,version: 2; 
1750527652619,1750527652619,0,1,4,3,TMProposeSet,"proposeSeq: 0; currentTxHash: ""\000\000\000\000\000\000\000\000\000\000\000\000\000\000\000\000\000\000\000\000\000\000\000\000\000\000\000\000\000\000\000\000""; nodePubKey: ""\003R7o\362bV\300hf\266\241;}\200^\374\240\203[:\342Q\225\221\027y\372\255\235\216\323~""; closeTime: 803842852; signature: ""0D\002 ""`R\034{\324\006\202\231\311A\033CL\031\253\235\025\257\300\376n\305nj\177\364\244\004Wjp\002 .\326>\r)\347tZJ_\224\320p\204\264\203]\235\022\2224\336\004\006BV\367\375\001&7\353""; previousledger: ""\305q\237\274G\300a4\275\240s\215\222\210\016\020G\344=-:GK\312\035\271\201\350\376F\260G""; ","proposeSeq: 0; currentTxHash: ""\000\000\000\000\000\000\000\000\000\000\000\000\000\000\000\000\000\000\000\000\000\000\000\000\000\000\000\000\000\000\000\000""; nodePubKey: ""\003R7o\362bV\300hf\266\241;}\200^\374\240\203[:\342Q\225\221\027y\372\255\235\216\323~""; closeTime: 803842852; signature: ""0D\002 ""`R\034{\324\006\202\231\311A\033CL\031\253\235\025\257\300\376n\305nj\177\364\244\004Wjp\002 .\326>\r)\347tZJ_\224\320p\204\264\203]\235\022\2224\336\004\006BV\367\375\001&7\353""; previousledger: ""\305q\237\274G\300a4\275\240s\215\222\210\016\020G\344=-:GK\312\035\271\201\350\376F\260G""; "
1750527652622,1750527652622,0,1,4,1,TMProposeSet,"proposeSeq: 0; currentTxHash: ""\000\000\000\000\000\000\000\000\000\000\000\000\000\000\000\000\000\000\000\000\000\000\000\000\000\000\000\000\000\000\000\000""; nodePubKey: ""\003R7o\362bV\300hf\266\241;}\200^\374\240\203[:\342Q\225\221\027y\372\255\235\216\323~""; closeTime: 803842852; signature: ""0D\002 ""`R\034{\324\006\202\231\311A\033CL\031\253\235\025\257\300\376n\305nj\177\364\244\004Wjp\002 .\326>\r)\347tZJ_\224\320p\204\264\203]\235\022\2224\336\004\006BV\367\375\001&7\353""; previousledger: ""\305q\237\274G\300a4\275\240s\215\222\210\016\020G\344=-:GK\312\035\271\201\350\376F\260G""; ","proposeSeq: 0; currentTxHash: ""\000\000\000\000\000\000\000\000\000\000\000\000\000\000\000\000\000\000\000\000\000\000\000\000\000\000\000\000\000\000\000\000""; nodePubKey: ""\003R7o\362bV\300hf\266\241;}\200^\374\240\203[:\342Q\225\221\027y\372\255\235\216\323~""; closeTime: 803842852; signature: ""0D\002 ""`R\034{\324\006\202\231\311A\033CL\031\253\235\025\257\300\376n\305nj\177\364\244\004Wjp\002 .\326>\r)\347tZJ_\224\320p\204\264\203]\235\022\2224\336\004\006BV\367\375\001&7\353""; previousledger: ""\305q\237\274G\300a4\275\240s\215\222\210\016\020G\344=-:GK\312\035\271\201\350\376F\260G""; "
1750527652622,1750527652622,0,1,4,2,TMProposeSet,"proposeSeq: 0; currentTxHash: ""\000\000\000\000\000\000\000\000\000\000\000\000\000\000\000\000\000\000\000\000\000\000\000\000\000\000\000\000\000\000\000\000""; nodePubKey: ""\003R7o\362bV\300hf\266\241;}\200^\374\240\203[:\342Q\225\221\027y\372\255\235\216\323~""; closeTime: 803842852; signature: ""0D\002 ""`R\034{\324\006\202\231\311A\033CL\031\253\235\025\257\300\376n\305nj\177\364\244\004Wjp\002 .\326>\r)\347tZJ_\224\320p\204\264\203]\235\022\2224\336\004\006BV\367\375\001&7\353""; previousledger: ""\305q\237\274G\300a4\275\240s\215\222\210\016\020G\344=-:GK\312\035\271\201\350\376F\260G""; ","proposeSeq: 0; currentTxHash: ""\000\000\000\000\000\000\000\000\000\000\000\000\000\000\000\000\000\000\000\000\000\000\000\000\000\000\000\000\000\000\000\000""; nodePubKey: ""\003R7o\362bV\300hf\266\241;}\200^\374\240\203[:\342Q\225\221\027y\372\255\235\216\323~""; closeTime: 803842852; signature: ""0D\002 ""`R\034{\324\006\202\231\311A\033CL\031\253\235\025\257\300\376n\305nj\177\364\244\004Wjp\002 .\326>\r)\347tZJ_\224\320p\204\264\203]\235\022\2224\336\004\006BV\367\375\001&7\353""; previousledger: ""\305q\237\274G\300a4\275\240s\215\222\210\016\020G\344=-:GK\312\035\271\201\350\376F\260G""; "
1750527652623,1750527652623,0,1,3,1,TMProposeSet,"proposeSeq: 0; currentTxHash: ""\000\000\000\000\000\000\000\000\000\000\000\000\000\000\000\000\000\000\000\000\000\000\000\000\000\000\000\000\000\000\000\000""; nodePubKey: ""\003R7o\362bV\300hf\266\241;}\200^\374\240\203[:\342Q\225\221\027y\372\255\235\216\323~""; closeTime: 803842852; signature: ""0D\002 ""`R\034{\324\006\202\231\311A\033CL\031\253\235\025\257\300\376n\305nj\177\364\244\004Wjp\002 .\326>\r)\347tZJ_\224\320p\204\264\203]\235\022\2224\336\004\006BV\367\375\001&7\353""; previousledger: ""\305q\237\274G\300a4\275\240s\215\222\210\016\020G\344=-:GK\312\035\271\201\350\376F\260G""; ","proposeSeq: 0; currentTxHash: ""\000\000\000\000\000\000\000\000\000\000\000\000\000\000\000\000\000\000\000\000\000\000\000\000\000\000\000\000\000\000\000\000""; nodePubKey: ""\003R7o\362bV\300hf\266\241;}\200^\374\240\203[:\342Q\225\221\027y\372\255\235\216\323~""; closeTime: 803842852; signature: ""0D\002 ""`R\034{\324\006\202\231\311A\033CL\031\253\235\025\257\300\376n\305nj\177\364\244\004Wjp\002 .\326>\r)\347tZJ_\224\320p\204\264\203]\235\022\2224\336\004\006BV\367\375\001&7\353""; previousledger: ""\305q\237\274G\300a4\275\240s\215\222\210\016\020G\344=-:GK\312\035\271\201\350\376F\260G""; "
1750527652624,1750527652624,0,1,4,0,TMProposeSet,"proposeSeq: 0; currentTxHash: ""\000\000\000\000\000\000\000\000\000\000\000\000\000\000\000\000\000\000\000\000\000\000\000\000\000\000\000\000\000\000\000\000""; nodePubKey: ""\003R7o\362bV\300hf\266\241;}\200^\374\240\203[:\342Q\225\221\027y\372\255\235\216\323~""; closeTime: 803842852; signature: ""0D\002 ""`R\034{\324\006\202\231\311A\033CL\031\253\235\025\257\300\376n\305nj\177\364\244\004Wjp\002 .\326>\r)\347tZJ_\224\320p\204\264\203]\235\022\2224\336\004\006BV\367\375\001&7\353""; previousledger: ""\305q\237\274G\300a4\275\240s\215\222\210\016\020G\344=-:GK\312\035\271\201\350\376F\260G""; ","proposeSeq: 0; currentTxHash: ""\000\000\000\000\000\000\000\000\000\000\000\000\000\000\000\000\000\000\000\000\000\000\000\000\000\000\000\000\000\000\000\000""; nodePubKey: ""\003R7o\362bV\300hf\266\241;}\200^\374\240\203[:\342Q\225\221\027y\372\255\235\216\323~""; closeTime: 803842852; signature: ""0D\002 ""`R\034{\324\006\202\231\311A\033CL\031\253\235\025\257\300\376n\305nj\177\364\244\004Wjp\002 .\326>\r)\347tZJ_\224\320p\204\264\203]\235\022\2224\336\004\006BV\367\375\001&7\353""; previousledger: ""\305q\237\274G\300a4\275\240s\215\222\210\016\020G\344=-:GK\312\035\271\201\350\376F\260G""; "
1750527652624,1750527652624,0,1,3,2,TMProposeSet,"proposeSeq: 0; currentTxHash: ""\000\000\000\000\000\000\000\000\000\000\000\000\000\000\000\000\000\000\000\000\000\000\000\000\000\000\000\000\000\000\000\000""; nodePubKey: ""\003R7o\362bV\300hf\266\241;}\200^\374\240\203[:\342Q\225\221\027y\372\255\235\216\323~""; closeTime: 803842852; signature: ""0D\002 ""`R\034{\324\006\202\231\311A\033CL\031\253\235\025\257\300\376n\305nj\177\364\244\004Wjp\002 .\326>\r)\347tZJ_\224\320p\204\264\203]\235\022\2224\336\004\006BV\367\375\001&7\353""; previousledger: ""\305q\237\274G\300a4\275\240s\215\222\210\016\020G\344=-:GK\312\035\271\201\350\376F\260G""; ","proposeSeq: 0; currentTxHash: ""\000\000\000\000\000\000\000\000\000\000\000\000\000\000\000\000\000\000\000\000\000\000\000\000\000\000\000\000\000\000\000\000""; nodePubKey: ""\003R7o\362bV\300hf\266\241;}\200^\374\240\203[:\342Q\225\221\027y\372\255\235\216\323~""; closeTime: 803842852; signature: ""0D\002 ""`R\034{\324\006\202\231\311A\033CL\031\253\235\025\257\300\376n\305nj\177\364\244\004Wjp\002 .\326>\r)\347tZJ_\224\320p\204\264\203]\235\022\2224\336\004\006BV\367\375\001&7\353""; previousledger: ""\305q\237\274G\300a4\275\240s\215\222\210\016\020G\344=-:GK\312\035\271\201\350\376F\260G""; "
1750527652625,1750527652625,0,1,3,0,TMProposeSet,"proposeSeq: 0; currentTxHash: ""\000\000\000\000\000\000\000\000\000\000\000\000\000\000\000\000\000\000\000\000\000\000\000\000\000\000\000\000\000\000\000\000""; nodePubKey: ""\003R7o\362bV\300hf\266\241;}\200^\374\240\203[:\342Q\225\221\027y\372\255\235\216\323~""; closeTime: 803842852; signature: ""0D\002 ""`R\034{\324\006\202\231\311A\033CL\031\253\235\025\257\300\376n\305nj\177\364\244\004Wjp\002 .\326>\r)\347tZJ_\224\320p\204\264\203]\235\022\2224\336\004\006BV\367\375\001&7\353""; previousledger: ""\305q\237\274G\300a4\275\240s\215\222\210\016\020G\344=-:GK\312\035\271\201\350\376F\260G""; ","proposeSeq: 0; currentTxHash: ""\000\000\000\000\000\000\000\000\000\000\000\000\000\000\000\000\000\000\000\000\000\000\000\000\000\000\000\000\000\000\000\000""; nodePubKey: ""\003R7o\362bV\300hf\266\241;}\200^\374\240\203[:\342Q\225\221\027y\372\255\235\216\323~""; closeTime: 803842852; signature: ""0D\002 ""`R\034{\324\006\202\231\311A\033CL\031\253\235\025\257\300\376n\305nj\177\364\244\004Wjp\002 .\326>\r)\347tZJ_\224\320p\204\264\203]\235\022\2224\336\004\006BV\367\375\001&7\353""; previousledger: ""\305q\237\274G\300a4\275\240s\215\222\210\016\020G\344=-:GK\312\035\271\201\350\376F\260G""; "
1750527652690,1750527652691,0,1,1,4,TMProposeSet,"proposeSeq: 1; currentTxHash: ""\000\000\000\000\000\000\000\000\000\000\000\000\000\000\000\000\000\000\000\000\000\000\000\000\000\000\000\000\000\000\000\000""; nodePubKey: ""\002\266\377\271\344:\030\221i\267\257\215\237M\014\3345f\014\273|\207\367\334\337F\325\004cxB\211L""; closeTime: 803842840; signature: ""0D\002 ,\352j!\260\376\277z\303\224!\335\334\017J\2236j\2617\336\253\nr\370uU\202\355\265\307\275\002 8\370\341e\227b`\301\024\217|T\304\202\320u\212]\356V-%kI\274\177\016\376\3524\210\200""; previousledger: ""s\0079\313\230\355\262\256\324\364\274&\034p\210@K\347#\343\030\246\353\321\312\303\353m\240\026\264\302""; ","proposeSeq: 1; currentTxHash: ""\000\000\000\000\000\000\000\000\000\000\000\000\000\000\000\000\000\000\000\000\000\000\000\000\000\000\000\000\000\000\000\000""; nodePubKey: ""\002\266\377\271\344:\030\221i\267\257\215\237M\014\3345f\014\273|\207\367\334\337F\325\004cxB\211L""; closeTime: 803842840; signature: ""0D\002 ,\352j!\260\376\277z\303\224!\335\334\017J\2236j\2617\336\253\nr\370uU\202\355\265\307\275\002 8\370\341e\227b`\301\024\217|T\304\202\320u\212]\356V-%kI\274\177\016\376\3524\210\200""; previousledger: ""s\0079\313\230\355\262\256\324\364\274&\034p\210@K\347#\343\030\246\353\321\312\303\353m\240\026\264\302""; "
1750527652692,1750527652692,0,1,1,3,TMProposeSet,"proposeSeq: 1; currentTxHash: ""\000\000\000\000\000\000\000\000\000\000\000\000\000\000\000\000\000\000\000\000\000\000\000\000\000\000\000\000\000\000\000\000""; nodePubKey: ""\002\266\377\271\344:\030\221i\267\257\215\237M\014\3345f\014\273|\207\367\334\337F\325\004cxB\211L""; closeTime: 803842840; signature: ""0D\002 ,\352j!\260\376\277z\303\224!\335\334\017J\2236j\2617\336\253\nr\370uU\202\355\265\307\275\002 8\370\341e\227b`\301\024\217|T\304\202\320u\212]\356V-%kI\274\177\016\376\3524\210\200""; previousledger: ""s\0079\313\230\355\262\256\324\364\274&\034p\210@K\347#\343\030\246\353\321\312\303\353m\240\026\264\302""; ","proposeSeq: 1; currentTxHash: ""\000\000\000\000\000\000\000\000\000\000\000\000\000\000\000\000\000\000\000\000\000\000\000\000\000\000\000\000\000\000\000\000""; nodePubKey: ""\002\266\377\271\344:\030\221i\267\257\215\237M\014\3345f\014\273|\207\367\334\337F\325\004cxB\211L""; closeTime: 803842840; signature: ""0D\002 ,\352j!\260\376\277z\303\224!\335\334\017J\2236j\2617\336\253\nr\370uU\202\355\265\307\275\002 8\370\341e\227b`\301\024\217|T\304\202\320u\212]\356V-%kI\274\177\016\376\3524\210\200""; previousledger: ""s\0079\313\230\355\262\256\324\364\274&\034p\210@K\347#\343\030\246\353\321\312\303\353m\240\026\264\302""; "
1750527652693,1750527652693,0,1,1,0,TMProposeSet,"proposeSeq: 1; currentTxHash: ""\000\000\000\000\000\000\000\000\000\000\000\000\000\000\000\000\000\000\000\000\000\000\000\000\000\000\000\000\000\000\000\000""; nodePubKey: ""\002\266\377\271\344:\030\221i\267\257\215\237M\014\3345f\014\273|\207\367\334\337F\325\004cxB\211L""; closeTime: 803842840; signature: ""0D\002 ,\352j!\260\376\277z\303\224!\335\334\017J\2236j\2617\336\253\nr\370uU\202\355\265\307\275\002 8\370\341e\227b`\301\024\217|T\304\202\320u\212]\356V-%kI\274\177\016\376\3524\210\200""; previousledger: ""s\0079\313\230\355\262\256\324\364\274&\034p\210@K\347#\343\030\246\353\321\312\303\353m\240\026\264\302""; ","proposeSeq: 1; currentTxHash: ""\000\000\000\000\000\000\000\000\000\000\000\000\000\000\000\000\000\000\000\000\000\000\000\000\000\000\000\000\000\000\000\000""; nodePubKey: ""\002\266\377\271\344:\030\221i\267\257\215\237M\014\3345f\014\273|\207\367\334\337F\325\004cxB\211L""; closeTime: 803842840; signature: ""0D\002 ,\352j!\260\376\277z\303\224!\335\334\017J\2236j\2617\336\253\nr\370uU\202\355\265\307\275\002 8\370\341e\227b`\301\024\217|T\304\202\320u\212]\356V-%kI\274\177\016\376\3524\210\200""; previousledger: ""s\0079\313\230\355\262\256\324\364\274&\034p\210@K\347#\343\030\246\353\321\312\303\353m\240\026\264\302""; "
1750527652693,1750527652693,0,1,1,2,TMProposeSet,"proposeSeq: 1; currentTxHash: ""\000\000\000\000\000\000\000\000\000\000\000\000\000\000\000\000\000\000\000\000\000\000\000\000\000\000\000\000\000\000\000\000""; nodePubKey: ""\002\266\377\271\344:\030\221i\267\257\215\237M\014\3345f\014\273|\207\367\334\337F\325\004cxB\211L""; closeTime: 803842840; signature: ""0D\002 ,\352j!\260\376\277z\303\224!\335\334\017J\2236j\2617\336\253\nr\370uU\202\355\265\307\275\002 8\370\341e\227b`\301\024\217|T\304\202\320u\212]\356V-%kI\274\177\016\376\3524\210\200""; previousledger: ""s\0079\313\230\355\262\256\324\364\274&\034p\210@K\347#\343\030\246\353\321\312\303\353m\240\026\264\302""; ","proposeSeq: 1; currentTxHash: ""\000\000\000\000\000\000\000\000\000\000\000\000\000\000\000\000\000\000\000\000\000\000\000\000\000\000\000\000\000\000\000\000""; nodePubKey: ""\002\266\377\271\344:\030\221i\267\257\215\237M\014\3345f\014\273|\207\367\334\337F\325\004cxB\211L""; closeTime: 803842840; signature: ""0D\002 ,\352j!\260\376\277z\303\224!\335\334\017J\2236j\2617\336\253\nr\370uU\202\355\265\307\275\002 8\370\341e\227b`\301\024\217|T\304\202\320u\212]\356V-%kI\274\177\016\376\3524\210\200""; previousledger: ""s\0079\313\230\355\262\256\324\364\274&\034p\210@K\347#\343\030\246\353\321\312\303\353m\240\026\264\302""; "
1750527652620,1750527652696,0,1,4,2,TMStatusChange,"newEvent: neCLOSING_LEDGER; ledgerSeq: 37; ledgerHash: ""\305q\237\274G\300a4\275\240s\215\222\210\016\020G\344=-:GK\312\035\271\201\350\376F\260G""; ledgerHashPrevious: ""\024\t\300.M\315\321S\257\224\252\362\326P\316\303%nX\3742\333\036\004Y\264yG^\234\177\214""; networkTime: 803842852; firstSeq: 1; lastSeq: 37; ","newEvent: neCLOSING_LEDGER; ledgerSeq: 37; ledgerHash: ""\305q\237\274G\300a4\275\240s\215\222\210\016\020G\344=-:GK\312\035\271\201\350\376F\260G""; ledgerHashPrevious: ""\024\t\300.M\315\321S\257\224\252\362\326P\316\303%nX\3742\333\036\004Y\264yG^\234\177\214""; networkTime: 803842852; firstSeq: 1; lastSeq: 37; "
1750527652620,1750527652696,0,1,4,3,TMStatusChange,"newEvent: neCLOSING_LEDGER; ledgerSeq: 37; ledgerHash: ""\305q\237\274G\300a4\275\240s\215\222\210\016\020G\344=-:GK\312\035\271\201\350\376F\260G""; ledgerHashPrevious: ""\024\t\300.M\315\321S\257\224\252\362\326P\316\303%nX\3742\333\036\004Y\264yG^\234\177\214""; networkTime: 803842852; firstSeq: 1; lastSeq: 37; ","newEvent: neCLOSING_LEDGER; ledgerSeq: 37; ledgerHash: ""\305q\237\274G\300a4\275\240s\215\222\210\016\020G\344=-:GK\312\035\271\201\350\376F\260G""; ledgerHashPrevious: ""\024\t\300.M\315\321S\257\224\252\362\326P\316\303%nX\3742\333\036\004Y\264yG^\234\177\214""; networkTime: 803842852; firstSeq: 1; lastSeq: 37; "
1750527652622,1750527652697,0,1,4,1,TMStatusChange,"newEvent: neCLOSING_LEDGER; ledgerSeq: 37; ledgerHash: ""\305q\237\274G\300a4\275\240s\215\222\210\016\020G\344=-:GK\312\035\271\201\350\376F\260G""; ledgerHashPrevious: ""\024\t\300.M\315\321S\257\224\252\362\326P\316\303%nX\3742\333\036\004Y\264yG^\234\177\214""; networkTime: 803842852; firstSeq: 1; lastSeq: 37; ","newEvent: neCLOSING_LEDGER; ledgerSeq: 37; ledgerHash: ""\305q\237\274G\300a4\275\240s\215\222\210\016\020G\344=-:GK\312\035\271\201\350\376F\260G""; ledgerHashPrevious: ""\024\t\300.M\315\321S\257\224\252\362\326P\316\303%nX\3742\333\036\004Y\264yG^\234\177\214""; networkTime: 803842852; firstSeq: 1; lastSeq: 37; "
1750527652624,1750527652697,0,1,4,0,TMStatusChange,"newEvent: neCLOSING_LEDGER; ledgerSeq: 37; ledgerHash: ""\305q\237\274G\300a4\275\240s\215\222\210\016\020G\344=-:GK\312\035\271\201\350\376F\260G""; ledgerHashPrevious: ""\024\t\300.M\315\321S\257\224\252\362\326P\316\303%nX\3742\333\036\004Y\264yG^\234\177\214""; networkTime: 803842852; firstSeq: 1; lastSeq: 37; ","newEvent: neCLOSING_LEDGER; ledgerSeq: 37; ledgerHash: ""\305q\237\274G\300a4\275\240s\215\222\210\016\020G\344=-:GK\312\035\271\201\350\376F\260G""; ledgerHashPrevious: ""\024\t\300.M\315\321S\257\224\252\362\326P\316\303%nX\3742\333\036\004Y\264yG^\234\177\214""; networkTime: 803842852; firstSeq: 1; lastSeq: 37; "
1750527654458,1750527654458,0,1,3,4,TMValidation,"validation: """"\200\000\000\001&\000\000\000&)/\351\253&:p\210\265\307-\212\200\004Q\347\000\235\365P6pmH\033\373\212c\377o\232\356\320D\002\277,]os{\354/?\312e\006P\027\000\000\000\000\000\000\000\000\000\000\000\000\000\000\000\000\000\000\000\000\000\000\000\000\000\000\000\000\000\000\000\000P\031\305q\237\274G\300a4\275\240s\215\222\210\016\020G\344=-:GK\312\035\271\201\350\376F\260Gs!\002\364d\217\366\217|\316F\232\231\241\n\261\333`\312O\367\235\025DD\336e\367\n\312\326\221\037\025\230vF0D\002 <\020\232\035.\320\370\\353n\316\306\212\000\372\025\033\1778\323\273\355~\246\236iu8\332ky\250\002 \026\215\356<\263\261\241\2257\303\332@\366\326-\2260|<\004\362i\375\326\232\263\222\370\222V=K""; ","validation: """"\200\000\000\001&\000\000\000&)/\351\253&:p\210\265\307-\212\200\004Q\347\000\235\365P6pmH\033\373\212c\377o\232\356\320D\002\277,]os{\354/?\312e\006P\027\000\000\000\000\000\000\000\000\000\000\000\000\000\000\000\000\000\000\000\000\000\000\000\000\000\000\000\000\000\000\000\000P\031\305q\237\274G\300a4\275\240s\215\222\210\016\020G\344=-:GK\312\035\271\201\350\376F\260Gs!\002\364d\217\366\217|\316F\232\231\241\n\261\333`\312O\367\235\025DD\336e\367\n\312\326\221\037\025\230vF0D\002 <\020\232\035.\320\370\\353n\316\306\212\000\372\025\033\1778\323\273\355~\246\236iu8\332ky\250\002 \026\215\356<\263\261\241\2257\303\332@\366\326-\2260|<\004\362i\375\326\232\263\222\370\222V=K""; "
1750527654459,1750527654459,0,1,3,0,TMValidation,"validation: """"\200\000\000\001&\000\000\000&)/\351\253&:p\210\265\307-\212\200\004Q\347\000\235\365P6pmH\033\373\212c\377o\232\356\320D\002\277,]os{\354/?\312e\006P\027\000\000\000\000\000\000\000\000\000\000\000\000\000\000\000\000\000\000\000\000\000\000\000\000\000\000\000\000\000\000\000\000P\031\305q\237\274G\300a4\275\240s\215\222\210\016\020G\344=-:GK\312\035\271\201\350\376F\260Gs!\002\364d\217\366\217|\316F\232\231\241\n\261\333`\312O\367\235\025DD\336e\367\n\312\326\221\037\025\230vF0D\002 <\020\232\035.\320\370\\353n\316\306\212\000\372\025\033\1778\323\273\355~\246\236iu8\332ky\250\002 \026\215\356<\263\261\241\2257\303\332@\366\326-\2260|<\004\362i\375\326\232\263\222\370\222V=K""; ","validation: """"\200\000\000\001&\000\000\000&)/\351\253&:p\210\265\307-\212\200\004Q\347\000\235\365P6pmH\033\373\212c\377o\232\356\320D\002\277,]os{\354/?\312e\006P\027\000\000\000\000\000\000\000\000\000\000\000\000\000\000\000\000\000\000\000\000\000\000\000\000\000\000\000\000\000\000\000\000P\031\305q\237\274G\300a4\275\240s\215\222\210\016\020G\344=-:GK\312\035\271\201\350\376F\260Gs!\002\364d\217\366\217|\316F\232\231\241\n\261\333`\312O\367\235\025DD\336e\367\n\312\326\221\037\025\230vF0D\002 <\020\232\035.\320\370\\353n\316\306\212\000\372\025\033\1778\323\273\355~\246\236iu8\332ky\250\002 \026\215\356<\263\261\241\2257\303\332@\366\326-\2260|<\004\362i\375\326\232\263\222\370\222V=K""; "
1750527654459,1750527654460,0,1,3,4,TMStatusChange,"newEvent: neACCEPTED_LEDGER; ledgerSeq: 38; ledgerHash: ""\347\000\235\365P6pmH\033\373\212c\377o\232\356\320D\002\277,]os{\354/?\312e\006""; ledgerHashPrevious: ""\305q\237\274G\300a4\275\240s\215\222\210\016\020G\344=-:GK\312\035\271\201\350\376F\260G""; networkTime: 803842854; firstSeq: 1; lastSeq: 37; ","newEvent: neACCEPTED_LEDGER; ledgerSeq: 38; ledgerHash: ""\347\000\235\365P6pmH\033\373\212c\377o\232\356\320D\002\277,]os{\354/?\312e\006""; ledgerHashPrevious: ""\305q\237\274G\300a4\275\240s\215\222\210\016\020G\344=-:GK\312\035\271\201\350\376F\260G""; networkTime: 803842854; firstSeq: 1; lastSeq: 37; "
1750527654461,1750527654461,0,1,3,0,TMStatusChange,"newEvent: neACCEPTED_LEDGER; ledgerSeq: 38; ledgerHash: ""\347\000\235\365P6pmH\033\373\212c\377o\232\356\320D\002\277,]os{\354/?\312e\006""; ledgerHashPrevious: ""\305q\237\274G\300a4\275\240s\215\222\210\016\020G\344=-:GK\312\035\271\201\350\376F\260G""; networkTime: 803842854; firstSeq: 1; lastSeq: 37; ","newEvent: neACCEPTED_LEDGER; ledgerSeq: 38; ledgerHash: ""\347\000\235\365P6pmH\033\373\212c\377o\232\356\320D\002\277,]os{\354/?\312e\006""; ledgerHashPrevious: ""\305q\237\274G\300a4\275\240s\215\222\210\016\020G\344=-:GK\312\035\271\201\350\376F\260G""; networkTime: 803842854; firstSeq: 1; lastSeq: 37; "
1750527654461,1750527654461,0,1,3,1,TMStatusChange,"newEvent: neACCEPTED_LEDGER; ledgerSeq: 38; ledgerHash: ""\347\000\235\365P6pmH\033\373\212c\377o\232\356\320D\002\277,]os{\354/?\312e\006""; ledgerHashPrevious: ""\305q\237\274G\300a4\275\240s\215\222\210\016\020G\344=-:GK\312\035\271\201\350\376F\260G""; networkTime: 803842854; firstSeq: 1; lastSeq: 37; ","newEvent: neACCEPTED_LEDGER; ledgerSeq: 38; ledgerHash: ""\347\000\235\365P6pmH\033\373\212c\377o\232\356\320D\002\277,]os{\354/?\312e\006""; ledgerHashPrevious: ""\305q\237\274G\300a4\275\240s\215\222\210\016\020G\344=-:GK\312\035\271\201\350\376F\260G""; networkTime: 803842854; firstSeq: 1; lastSeq: 37; "
1750527654462,1750527654462,0,1,3,1,TMValidation,"validation: """"\200\000\000\001&\000\000\000&)/\351\253&:p\210\265\307-\212\200\004Q\347\000\235\365P6pmH\033\373\212c\377o\232\356\320D\002\277,]os{\354/?\312e\006P\027\000\000\000\000\000\000\000\000\000\000\000\000\000\000\000\000\000\000\000\000\000\000\000\000\000\000\000\000\000\000\000\000P\031\305q\237\274G\300a4\275\240s\215\222\210\016\020G\344=-:GK\312\035\271\201\350\376F\260Gs!\002\364d\217\366\217|\316F\232\231\241\n\261\333`\312O\367\235\025DD\336e\367\n\312\326\221\037\025\230vF0D\002 <\020\232\035.\320\370\\353n\316\306\212\000\372\025\033\1778\323\273\355~\246\236iu8\332ky\250\002 \026\215\356<\263\261\241\2257\303\332@\366\326-\2260|<\004\362i\375\326\232\263\222\370\222V=K""; ","validation: """"\200\000\000\001&\000\000\000&)/\351\253&:p\210\265\307-\212\200\004Q\347\000\235\365P6pmH\033\373\212c\377o\232\356\320D\002\277,]os{\354/?\312e\006P\027\000\000\000\000\000\000\000\000\000\000\000\000\000\000\000\000\000\000\000\000\000\000\000\000\000\000\000\000\000\000\000\000P\031\305q\237\274G\300a4\275\240s\215\222\210\016\020G\344=-:GK\312\035\271\201\350\376F\260Gs!\002\364d\217\366\217|\316F\232\231\241\n\261\333`\312O\367\235\025DD\336e\367\n\312\326\221\037\025\230vF0D\002 <\020\232\035.\320\370\\353n\316\306\212\000\372\025\033\1778\323\273\355~\246\236iu8\332ky\250\002 \026\215\356<\263\261\241\2257\303\332@\366\326-\2260|<\004\362i\375\326\232\263\222\370\222V=K""; "
1750527654462,1750527654462,0,1,3,2,TMValidation,"validation: """"\200\000\000\001&\000\000\000&)/\351\253&:p\210\265\307-\212\200\004Q\347\000\235\365P6pmH\033\373\212c\377o\232\356\320D\002\277,]os{\354/?\312e\006P\027\000\000\000\000\000\000\000\000\000\000\000\000\000\000\000\000\000\000\000\000\000\000\000\000\000\000\000\000\000\000\000\000P\031\305q\237\274G\300a4\275\240s\215\222\210\016\020G\344=-:GK\312\035\271\201\350\376F\260Gs!\002\364d\217\366\217|\316F\232\231\241\n\261\333`\312O\367\235\025DD\336e\367\n\312\326\221\037\025\230vF0D\002 <\020\232\035.\320\370\\353n\316\306\212\000\372\025\033\1778\323\273\355~\246\236iu8\332ky\250\002 \026\215\356<\263\261\241\2257\303\332@\366\326-\2260|<\004\362i\375\326\232\263\222\370\222V=K""; ","validation: """"\200\000\000\001&\000\000\000&)/\351\253&:p\210\265\307-\212\200\004Q\347\000\235\365P6pmH\033\373\212c\377o\232\356\320D\002\277,]os{\354/?\312e\006P\027\000\000\000\000\000\000\000\000\000\000\000\000\000\000\000\000\000\000\000\000\000\000\000\000\000\000\000\000\000\000\000\000P\031\305q\237\274G\300a4\275\240s\215\222\210\016\020G\344=-:GK\312\035\271\201\350\376F\260Gs!\002\364d\217\366\217|\316F\232\231\241\n\261\333`\312O\367\235\025DD\336e\367\n\312\326\221\037\025\230vF0D\002 <\020\232\035.\320\370\\353n\316\306\212\000\372\025\033\1778\323\273\355~\246\236iu8\332ky\250\002 \026\215\356<\263\261\241\2257\303\332@\366\326-\2260|<\004\362i\375\326\232\263\222\370\222V=K""; "
1750527654463,1750527654463,0,1,3,2,TMStatusChange,"newEvent: neACCEPTED_LEDGER; ledgerSeq: 38; ledgerHash: ""\347\000\235\365P6pmH\033\373\212c\377o\232\356\320D\002\277,]os{\354/?\312e\006""; ledgerHashPrevious: ""\305q\237\274G\300a4\275\240s\215\222\210\016\020G\344=-:GK\312\035\271\201\350\376F\260G""; networkTime: 803842854; firstSeq: 1; lastSeq: 37; ","newEvent: neACCEPTED_LEDGER; ledgerSeq: 38; ledgerHash: ""\347\000\235\365P6pmH\033\373\212c\377o\232\356\320D\002\277,]os{\354/?\312e\006""; ledgerHashPrevious: ""\305q\237\274G\300a4\275\240s\215\222\210\016\020G\344=-:GK\312\035\271\201\350\376F\260G""; networkTime: 803842854; firstSeq: 1; lastSeq: 37; "
1750527654465,1750527654465,0,1,4,2,TMValidation,"validation: """"\200\000\000\001&\000\000\000&)/\351\253&:p\210\265\307-\212\200\004Q\347\000\235\365P6pmH\033\373\212c\377o\232\356\320D\002\277,]os{\354/?\312e\006P\027\000\000\000\000\000\000\000\000\000\000\000\000\000\000\000\000\000\000\000\000\000\000\000\000\000\000\000\000\000\000\000\000P\031\305q\237\274G\300a4\275\240s\215\222\210\016\020G\344=-:GK\312\035\271\201\350\376F\260Gs!\002\364d\217\366\217|\316F\232\231\241\n\261\333`\312O\367\235\025DD\336e\367\n\312\326\221\037\025\230vF0D\002 <\020\232\035.\320\370\\353n\316\306\212\000\372\025\033\1778\323\273\355~\246\236iu8\332ky\250\002 \026\215\356<\263\261\241\2257\303\332@\366\326-\2260|<\004\362i\375\326\232\263\222\370\222V=K""; ","validation: """"\200\000\000\001&\000\000\000&)/\351\253&:p\210\265\307-\212\200\004Q\347\000\235\365P6pmH\033\373\212c\377o\232\356\320D\002\277,]os{\354/?\312e\006P\027\000\000\000\000\000\000\000\000\000\000\000\000\000\000\000\000\000\000\000\000\000\000\000\000\000\000\000\000\000\000\000\000P\031\305q\237\274G\300a4\275\240s\215\222\210\016\020G\344=-:GK\312\035\271\201\350\376F\260Gs!\002\364d\217\366\217|\316F\232\231\241\n\261\333`\312O\367\235\025DD\336e\367\n\312\326\221\037\025\230vF0D\002 <\020\232\035.\320\370\\353n\316\306\212\000\372\025\033\1778\323\273\355~\246\236iu8\332ky\250\002 \026\215\356<\263\261\241\2257\303\332@\366\326-\2260|<\004\362i\375\326\232\263\222\370\222V=K""; "
1750527654465,1750527654465,0,1,4,2,TMGetLedger,"itype: liBASE; ledgerHash: ""\347\000\235\365P6pmH\033\373\212c\377o\232\356\320D\002\277,]os{\354/?\312e\006""; ","itype: liBASE; ledgerHash: ""\347\000\235\365P6pmH\033\373\212c\377o\232\356\320D\002\277,]os{\354/?\312e\006""; "
1750527654465,1750527654465,0,1,4,1,TMGetLedger,"itype: liBASE; ledgerHash: ""\347\000\235\365P6pmH\033\373\212c\377o\232\356\320D\002\277,]os{\354/?\312e\006""; ","itype: liBASE; ledgerHash: ""\347\000\235\365P6pmH\033\373\212c\377o\232\356\320D\002\277,]os{\354/?\312e\006""; "
1750527654466,1750527654466,0,1,4,0,TMGetLedger,"itype: liBASE; ledgerHash: ""\347\000\235\365P6pmH\033\373\212c\377o\232\356\320D\002\277,]os{\354/?\312e\006""; ","itype: liBASE; ledgerHash: ""\347\000\235\365P6pmH\033\373\212c\377o\232\356\320D\002\277,]os{\354/?\312e\006""; "
1750527654466,1750527654466,0,1,4,1,TMValidation,"validation: """"\200\000\000\001&\000\000\000&)/\351\253&:p\210\265\307-\212\200\004Q\347\000\235\365P6pmH\033\373\212c\377o\232\356\320D\002\277,]os{\354/?\312e\006P\027\000\000\000\000\000\000\000\000\000\000\000\000\000\000\000\000\000\000\000\000\000\000\000\000\000\000\000\000\000\000\000\000P\031\305q\237\274G\300a4\275\240s\215\222\210\016\020G\344=-:GK\312\035\271\201\350\376F\260Gs!\002\364d\217\366\217|\316F\232\231\241\n\261\333`\312O\367\235\025DD\336e\367\n\312\326\221\037\025\230vF0D\002 <\020\232\035.\320\370\\353n\316\306\212\000\372\025\033\1778\323\273\355~\246\236iu8\332ky\250\002 \026\215\356<\263\261\241\2257\303\332@\366\326-\2260|<\004\362i\375\326\232\263\222\370\222V=K""; ","validation: """"\200\000\000\001&\000\000\000&)/\351\253&:p\210\265\307-\212\200\004Q\347\000\235\365P6pmH\033\373\212c\377o\232\356\320D\002\277,]os{\354/?\312e\006P\027\000\000\000\000\000\000\000\000\000\000\000\000\000\000\000\000\000\000\000\000\000\000\000\000\000\000\000\000\000\000\000\000P\031\305q\237\274G\300a4\275\240s\215\222\210\016\020G\344=-:GK\312\035\271\201\350\376F\260Gs!\002\364d\217\366\217|\316F\232\231\241\n\261\333`\312O\367\235\025DD\336e\367\n\312\326\221\037\025\230vF0D\002 <\020\232\035.\320\370\\353n\316\306\212\000\372\025\033\1778\323\273\355~\246\236iu8\332ky\250\002 \026\215\356<\263\261\241\2257\303\332@\366\326-\2260|<\004\362i\375\326\232\263\222\370\222V=K""; "
1750527654466,1750527654466,0,1,4,0,TMValidation,"validation: """"\200\000\000\001&\000\000\000&)/\351\253&:p\210\265\307-\212\200\004Q\347\000\235\365P6pmH\033\373\212c\377o\232\356\320D\002\277,]os{\354/?\312e\006P\027\000\000\000\000\000\000\000\000\000\000\000\000\000\000\000\000\000\000\000\000\000\000\000\000\000\000\000\000\000\000\000\000P\031\305q\237\274G\300a4\275\240s\215\222\210\016\020G\344=-:GK\312\035\271\201\350\376F\260Gs!\002\364d\217\366\217|\316F\232\231\241\n\261\333`\312O\367\235\025DD\336e\367\n\312\326\221\037\025\230vF0D\002 <\020\232\035.\320\370\\353n\316\306\212\000\372\025\033\1778\323\273\355~\246\236iu8\332ky\250\002 \026\215\356<\263\261\241\2257\303\332@\366\326-\2260|<\004\362i\375\326\232\263\222\370\222V=K""; ","validation: """"\200\000\000\001&\000\000\000&)/\351\253&:p\210\265\307-\212\200\004Q\347\000\235\365P6pmH\033\373\212c\377o\232\356\320D\002\277,]os{\354/?\312e\006P\027\000\000\000\000\000\000\000\000\000\000\000\000\000\000\000\000\000\000\000\000\000\000\000\000\000\000\000\000\000\000\000\000P\031\305q\237\274G\300a4\275\240s\215\222\210\016\020G\344=-:GK\312\035\271\201\350\376F\260Gs!\002\364d\217\366\217|\316F\232\231\241\n\261\333`\312O\367\235\025DD\336e\367\n\312\326\221\037\025\230vF0D\002 <\020\232\035.\320\370\\353n\316\306\212\000\372\025\033\1778\323\273\355~\246\236iu8\332ky\250\002 \026\215\356<\263\261\241\2257\303\332@\366\326-\2260|<\004\362i\375\326\232\263\222\370\222V=K""; "
1750527654467,1750527654467,0,1,4,0,TMGetLedger,"itype: liBASE; ledgerHash: ""\347\000\235\365P6pmH\033\373\212c\377o\232\356\320D\002\277,]os{\354/?\312e\006""; queryType: qtINDIRECT; ","itype: liBASE; ledgerHash: ""\347\000\235\365P6pmH\033\373\212c\377o\232\356\320D\002\277,]os{\354/?\312e\006""; queryType: qtINDIRECT; "
1750527654467,1750527654467,0,1,4,1,TMGetLedger,"itype: liBASE; ledgerHash: ""\347\000\235\365P6pmH\033\373\212c\377o\232\356\320D\002\277,]os{\354/?\312e\006""; queryType: qtINDIRECT; ","itype: liBASE; ledgerHash: ""\347\000\235\365P6pmH\033\373\212c\377o\232\356\320D\002\277,]os{\354/?\312e\006""; queryType: qtINDIRECT; "
1750527654468,1750527654468,0,1,4,2,TMGetLedger,"itype: liBASE; ledgerHash: ""\347\000\235\365P6pmH\033\373\212c\377o\232\356\320D\002\277,]os{\354/?\312e\006""; queryType: qtINDIRECT; ","itype: liBASE; ledgerHash: ""\347\000\235\365P6pmH\033\373\212c\377o\232\356\320D\002\277,]os{\354/?\312e\006""; queryType: qtINDIRECT; "
1750527654468,1750527654468,0,1,4,3,TMGetLedger,"itype: liBASE; ledgerHash: ""\347\000\235\365P6pmH\033\373\212c\377o\232\356\320D\002\277,]os{\354/?\312e\006""; ","itype: liBASE; ledgerHash: ""\347\000\235\365P6pmH\033\373\212c\377o\232\356\320D\002\277,]os{\354/?\312e\006""; "
1750527654468,1750527654469,0,1,4,3,TMGetLedger,"itype: liBASE; ledgerHash: ""\347\000\235\365P6pmH\033\373\212c\377o\232\356\320D\002\277,]os{\354/?\312e\006""; queryType: qtINDIRECT; ","itype: liBASE; ledgerHash: ""\347\000\235\365P6pmH\033\373\212c\377o\232\356\320D\002\277,]os{\354/?\312e\006""; queryType: qtINDIRECT; "
1750527654469,1750527654469,0,1,0,3,TMGetLedger,"itype: liBASE; ledgerHash: ""\347\000\235\365P6pmH\033\373\212c\377o\232\356\320D\002\277,]os{\354/?\312e\006""; ledgerSeq: 38; ","itype: liBASE; ledgerHash: ""\347\000\235\365P6pmH\033\373\212c\377o\232\356\320D\002\277,]os{\354/?\312e\006""; ledgerSeq: 38; "
1750527654470,1750527654470,0,1,0,2,TMGetLedger,"itype: liBASE; ledgerHash: ""\347\000\235\365P6pmH\033\373\212c\377o\232\356\320D\002\277,]os{\354/?\312e\006""; ledgerSeq: 38; ","itype: liBASE; ledgerHash: ""\347\000\235\365P6pmH\033\373\212c\377o\232\356\320D\002\277,]os{\354/?\312e\006""; ledgerSeq: 38; "
1750527654471,1750527654471,0,1,0,1,TMGetLedger,"itype: liBASE; ledgerHash: ""\347\000\235\365P6pmH\033\373\212c\377o\232\356\320D\002\277,]os{\354/?\312e\006""; ledgerSeq: 38; ","itype: liBASE; ledgerHash: ""\347\000\235\365P6pmH\033\373\212c\377o\232\356\320D\002\277,]os{\354/?\312e\006""; ledgerSeq: 38; "
1750527654472,1750527654472,0,1,0,4,TMGetLedger,"itype: liBASE; ledgerHash: ""\347\000\235\365P6pmH\033\373\212c\377o\232\356\320D\002\277,]os{\354/?\312e\006""; ledgerSeq: 38; ","itype: liBASE; ledgerHash: ""\347\000\235\365P6pmH\033\373\212c\377o\232\356\320D\002\277,]os{\354/?\312e\006""; ledgerSeq: 38; "
1750527654472,1750527654472,0,1,0,3,TMGetLedger,"itype: liBASE; ledgerHash: ""\347\000\235\365P6pmH\033\373\212c\377o\232\356\320D\002\277,]os{\354/?\312e\006""; ledgerSeq: 38; queryType: qtINDIRECT; ","itype: liBASE; ledgerHash: ""\347\000\235\365P6pmH\033\373\212c\377o\232\356\320D\002\277,]os{\354/?\312e\006""; ledgerSeq: 38; queryType: qtINDIRECT; "
1750527654473,1750527654473,0,1,1,0,TMGetLedger,"itype: liBASE; ledgerHash: ""\347\000\235\365P6pmH\033\373\212c\377o\232\356\320D\002\277,]os{\354/?\312e\006""; ledgerSeq: 38; ","itype: liBASE; ledgerHash: ""\347\000\235\365P6pmH\033\373\212c\377o\232\356\320D\002\277,]os{\354/?\312e\006""; ledgerSeq: 38; "
1750527654473,1750527654474,0,1,1,3,TMGetLedger,"itype: liBASE; ledgerHash: ""\347\000\235\365P6pmH\033\373\212c\377o\232\356\320D\002\277,]os{\354/?\312e\006""; ledgerSeq: 38; ","itype: liBASE; ledgerHash: ""\347\000\235\365P6pmH\033\373\212c\377o\232\356\320D\002\277,]os{\354/?\312e\006""; ledgerSeq: 38; "
1750527654474,1750527654474,0,1,1,4,TMGetLedger,"itype: liBASE; ledgerHash: ""\347\000\235\365P6pmH\033\373\212c\377o\232\356\320D\002\277,]os{\354/?\312e\006""; ledgerSeq: 38; ","itype: liBASE; ledgerHash: ""\347\000\235\365P6pmH\033\373\212c\377o\232\356\320D\002\277,]os{\354/?\312e\006""; ledgerSeq: 38; "
1750527654474,1750527654474,0,1,1,2,TMGetLedger,"itype: liBASE; ledgerHash: ""\347\000\235\365P6pmH\033\373\212c\377o\232\356\320D\002\277,]os{\354/?\312e\006""; ledgerSeq: 38; ","itype: liBASE; ledgerHash: ""\347\000\235\365P6pmH\033\373\212c\377o\232\356\320D\002\277,]os{\354/?\312e\006""; ledgerSeq: 38; "
1750527654475,1750527654475,0,1,1,0,TMValidation,"validation: """"\200\000\000\001&\000\000\000&)/\351\253&:p\210\265\307-\212\200\004Q\347\000\235\365P6pmH\033\373\212c\377o\232\356\320D\002\277,]os{\354/?\312e\006P\027\000\000\000\000\000\000\000\000\000\000\000\000\000\000\000\000\000\000\000\000\000\000\000\000\000\000\000\000\000\000\000\000P\031\305q\237\274G\300a4\275\240s\215\222\210\016\020G\344=-:GK\312\035\271\201\350\376F\260Gs!\002\364d\217\366\217|\316F\232\231\241\n\261\333`\312O\367\235\025DD\336e\367\n\312\326\221\037\025\230vF0D\002 <\020\232\035.\320\370\\353n\316\306\212\000\372\025\033\1778\323\273\355~\246\236iu8\332ky\250\002 \026\215\356<\263\261\241\2257\303\332@\366\326-\2260|<\004\362i\375\326\232\263\222\370\222V=K""; ","validation: """"\200\000\000\001&\000\000\000&)/\351\253&:p\210\265\307-\212\200\004Q\347\000\235\365P6pmH\033\373\212c\377o\232\356\320D\002\277,]os{\354/?\312e\006P\027\000\000\000\000\000\000\000\000\000\000\000\000\000\000\000\000\000\000\000\000\000\000\000\000\000\000\000\000\000\000\000\000P\031\305q\237\274G\300a4\275\240s\215\222\210\016\020G\344=-:GK\312\035\271\201\350\376F\260Gs!\002\364d\217\366\217|\316F\232\231\241\n\261\333`\312O\367\235\025DD\336e\367\n\312\326\221\037\025\230vF0D\002 <\020\232\035.\320\370\\353n\316\306\212\000\372\025\033\1778\323\273\355~\246\236iu8\332ky\250\002 \026\215\356<\263\261\241\2257\303\332@\366\326-\2260|<\004\362i\375\326\232\263\222\370\222V=K""; "
1750527654475,1750527654475,0,1,1,2,TMValidation,"validation: """"\200\000\000\001&\000\000\000&)/\351\253&:p\210\265\307-\212\200\004Q\347\000\235\365P6pmH\033\373\212c\377o\232\356\320D\002\277,]os{\354/?\312e\006P\027\000\000\000\000\000\000\000\000\000\000\000\000\000\000\000\000\000\000\000\000\000\000\000\000\000\000\000\000\000\000\000\000P\031\305q\237\274G\300a4\275\240s\215\222\210\016\020G\344=-:GK\312\035\271\201\350\376F\260Gs!\002\364d\217\366\217|\316F\232\231\241\n\261\333`\312O\367\235\025DD\336e\367\n\312\326\221\037\025\230vF0D\002 <\020\232\035.\320\370\\353n\316\306\212\000\372\025\033\1778\323\273\355~\246\236iu8\332ky\250\002 \026\215\356<\263\261\241\2257\303\332@\366\326-\2260|<\004\362i\375\326\232\263\222\370\222V=K""; ","validation: """"\200\000\000\001&\000\000\000&)/\351\253&:p\210\265\307-\212\200\004Q\347\000\235\365P6pmH\033\373\212c\377o\232\356\320D\002\277,]os{\354/?\312e\006P\027\000\000\000\000\000\000\000\000\000\000\000\000\000\000\000\000\000\000\000\000\000\000\000\000\000\000\000\000\000\000\000\000P\031\305q\237\274G\300a4\275\240s\215\222\210\016\020G\344=-:GK\312\035\271\201\350\376F\260Gs!\002\364d\217\366\217|\316F\232\231\241\n\261\333`\312O\367\235\025DD\336e\367\n\312\326\221\037\025\230vF0D\002 <\020\232\035.\320\370\\353n\316\306\212\000\372\025\033\1778\323\273\355~\246\236iu8\332ky\250\002 \026\215\356<\263\261\241\2257\303\332@\366\326-\2260|<\004\362i\375\326\232\263\222\370\222V=K""; "
1750527654476,1750527654476,0,1,1,2,TMGetLedger,"itype: liBASE; ledgerHash: ""\347\000\235\365P6pmH\033\373\212c\377o\232\356\320D\002\277,]os{\354/?\312e\006""; ledgerSeq: 38; queryType: qtINDIRECT; ","itype: liBASE; ledgerHash: ""\347\000\235\365P6pmH\033\373\212c\377o\232\356\320D\002\277,]os{\354/?\312e\006""; ledgerSeq: 38; queryType: qtINDIRECT; "
1750527654476,1750527654477,0,1,1,0,TMGetLedger,"itype: liBASE; ledgerHash: ""\347\000\235\365P6pmH\033\373\212c\377o\232\356\320D\002\277,]os{\354/?\312e\006""; ledgerSeq: 38; queryType: qtINDIRECT; ","itype: liBASE; ledgerHash: ""\347\000\235\365P6pmH\033\373\212c\377o\232\356\320D\002\277,]os{\354/?\312e\006""; ledgerSeq: 38; queryType: qtINDIRECT; "
1750527654477,1750527654477,0,1,1,3,TMGetLedger,"itype: liBASE; ledgerHash: ""\347\000\235\365P6pmH\033\373\212c\377o\232\356\320D\002\277,]os{\354/?\312e\006""; ledgerSeq: 38; queryType: qtINDIRECT; ","itype: liBASE; ledgerHash: ""\347\000\235\365P6pmH\033\373\212c\377o\232\356\320D\002\277,]os{\354/?\312e\006""; ledgerSeq: 38; queryType: qtINDIRECT; "
1750527654478,1750527654478,0,1,2,4,TMGetLedger,"itype: liBASE; ledgerHash: ""\347\000\235\365P6pmH\033\373\212c\377o\232\356\320D\002\277,]os{\354/?\312e\006""; ledgerSeq: 38; ","itype: liBASE; ledgerHash: ""\347\000\235\365P6pmH\033\373\212c\377o\232\356\320D\002\277,]os{\354/?\312e\006""; ledgerSeq: 38; "
1750527654478,1750527654478,0,1,2,1,TMGetLedger,"itype: liBASE; ledgerHash: ""\347\000\235\365P6pmH\033\373\212c\377o\232\356\320D\002\277,]os{\354/?\312e\006""; ledgerSeq: 38; ","itype: liBASE; ledgerHash: ""\347\000\235\365P6pmH\033\373\212c\377o\232\356\320D\002\277,]os{\354/?\312e\006""; ledgerSeq: 38; "
1750527654479,1750527654479,0,1,2,3,TMGetLedger,"itype: liBASE; ledgerHash: ""\347\000\235\365P6pmH\033\373\212c\377o\232\356\320D\002\277,]os{\354/?\312e\006""; ledgerSeq: 38; ","itype: liBASE; ledgerHash: ""\347\000\235\365P6pmH\033\373\212c\377o\232\356\320D\002\277,]os{\354/?\312e\006""; ledgerSeq: 38; "
1750527654479,1750527654479,0,1,2,0,TMGetLedger,"itype: liBASE; ledgerHash: ""\347\000\235\365P6pmH\033\373\212c\377o\232\356\320D\002\277,]os{\354/?\312e\006""; ledgerSeq: 38; ","itype: liBASE; ledgerHash: ""\347\000\235\365P6pmH\033\373\212c\377o\232\356\320D\002\277,]os{\354/?\312e\006""; ledgerSeq: 38; "
1750527654480,1750527654480,0,1,2,3,TMGetLedger,"itype: liBASE; ledgerHash: ""\347\000\235\365P6pmH\033\373\212c\377o\232\356\320D\002\277,]os{\354/?\312e\006""; ledgerSeq: 38; queryType: qtINDIRECT; ","itype: liBASE; ledgerHash: ""\347\000\235\365P6pmH\033\373\212c\377o\232\356\320D\002\277,]os{\354/?\312e\006""; ledgerSeq: 38; queryType: qtINDIRECT; "
1750527654481,1750527654481,0,1,2,4,TMGetLedger,"itype: liBASE; ledgerHash: ""\347\000\235\365P6pmH\033\373\212c\377o\232\356\320D\002\277,]os{\354/?\312e\006""; ledgerSeq: 38; queryType: qtINDIRECT; ","itype: liBASE; ledgerHash: ""\347\000\235\365P6pmH\033\373\212c\377o\232\356\320D\002\277,]os{\354/?\312e\006""; ledgerSeq: 38; queryType: qtINDIRECT; "
1750527654481,1750527654481,0,1,2,4,TMValidation,"validation: """"\200\000\000\001&\000\000\000&)/\351\253&:p\210\265\307-\212\200\004Q\347\000\235\365P6pmH\033\373\212c\377o\232\356\320D\002\277,]os{\354/?\312e\006P\027\000\000\000\000\000\000\000\000\000\000\000\000\000\000\000\000\000\000\000\000\000\000\000\000\000\000\000\000\000\000\000\000P\031\305q\237\274G\300a4\275\240s\215\222\210\016\020G\344=-:GK\312\035\271\201\350\376F\260Gs!\002\364d\217\366\217|\316F\232\231\241\n\261\333`\312O\367\235\025DD\336e\367\n\312\326\221\037\025\230vF0D\002 <\020\232\035.\320\370\\353n\316\306\212\000\372\025\033\1778\323\273\355~\246\236iu8\332ky\250\002 \026\215\356<\263\261\241\2257\303\332@\366\326-\2260|<\004\362i\375\326\232\263\222\370\222V=K""; ","validation: """"\200\000\000\001&\000\000\000&)/\351\253&:p\210\265\307-\212\200\004Q\347\000\235\365P6pmH\033\373\212c\377o\232\356\320D\002\277,]os{\354/?\312e\006P\027\000\000\000\000\000\000\000\000\000\000\000\000\000\000\000\000\000\000\000\000\000\000\000\000\000\000\000\000\000\000\000\000P\031\305q\237\274G\300a4\275\240s\215\222\210\016\020G\344=-:GK\312\035\271\201\350\376F\260Gs!\002\364d\217\366\217|\316F\232\231\241\n\261\333`\312O\367\235\025DD\336e\367\n\312\326\221\037\025\230vF0D\002 <\020\232\035.\320\370\\353n\316\306\212\000\372\025\033\1778\323\273\355~\246\236iu8\332ky\250\002 \026\215\356<\263\261\241\2257\303\332@\366\326-\2260|<\004\362i\375\326\232\263\222\370\222V=K""; "
1750527654482,1750527654482,0,1,1,4,TMGetLedger,"itype: liBASE; ledgerHash: ""\347\000\235\365P6pmH\033\373\212c\377o\232\356\320D\002\277,]os{\354/?\312e\006""; ledgerSeq: 38; queryType: qtINDIRECT; ","itype: liBASE; ledgerHash: ""\347\000\235\365P6pmH\033\373\212c\377o\232\356\320D\002\277,]os{\354/?\312e\006""; ledgerSeq: 38; queryType: qtINDIRECT; "
1750527654482,1750527654482,0,1,1,4,TMValidation,"validation: """"\200\000\000\001&\000\000\000&)/\351\253&:p\210\265\307-\212\200\004Q\347\000\235\365P6pmH\033\373\212c\377o\232\356\320D\002\277,]os{\354/?\312e\006P\027\000\000\000\000\000\000\000\000\000\000\000\000\000\000\000\000\000\000\000\000\000\000\000\000\000\000\000\000\000\000\000\000P\031\305q\237\274G\300a4\275\240s\215\222\210\016\020G\344=-:GK\312\035\271\201\350\376F\260Gs!\002\364d\217\366\217|\316F\232\231\241\n\261\333`\312O\367\235\025DD\336e\367\n\312\326\221\037\025\230vF0D\002 <\020\232\035.\320\370\\353n\316\306\212\000\372\025\033\1778\323\273\355~\246\236iu8\332ky\250\002 \026\215\356<\263\261\241\2257\303\332@\366\326-\2260|<\004\362i\375\326\232\263\222\370\222V=K""; ","validation: """"\200\000\000\001&\000\000\000&)/\351\253&:p\210\265\307-\212\200\004Q\347\000\235\365P6pmH\033\373\212c\377o\232\356\320D\002\277,]os{\354/?\312e\006P\027\000\000\000\000\000\000\000\000\000\000\000\000\000\000\000\000\000\000\000\000\000\000\000\000\000\000\000\000\000\000\000\000P\031\305q\237\274G\300a4\275\240s\215\222\210\016\020G\344=-:GK\312\035\271\201\350\376F\260Gs!\002\364d\217\366\217|\316F\232\231\241\n\261\333`\312O\367\235\025DD\336e\367\n\312\326\221\037\025\230vF0D\002 <\020\232\035.\320\370\\353n\316\306\212\000\372\025\033\1778\323\273\355~\246\236iu8\332ky\250\002 \026\215\356<\263\261\241\2257\303\332@\366\326-\2260|<\004\362i\375\326\232\263\222\370\222V=K""; "
1750527654483,1750527654483,0,1,0,4,TMGetLedger,"itype: liBASE; ledgerHash: ""\347\000\235\365P6pmH\033\373\212c\377o\232\356\320D\002\277,]os{\354/?\312e\006""; ledgerSeq: 38; queryType: qtINDIRECT; ","itype: liBASE; ledgerHash: ""\347\000\235\365P6pmH\033\373\212c\377o\232\356\320D\002\277,]os{\354/?\312e\006""; ledgerSeq: 38; queryType: qtINDIRECT; "
1750527654483,1750527654483,0,1,0,4,TMValidation,"validation: """"\200\000\000\001&\000\000\000&)/\351\253&:p\210\265\307-\212\200\004Q\347\000\235\365P6pmH\033\373\212c\377o\232\356\320D\002\277,]os{\354/?\312e\006P\027\000\000\000\000\000\000\000\000\000\000\000\000\000\000\000\000\000\000\000\000\000\000\000\000\000\000\000\000\000\000\000\000P\031\305q\237\274G\300a4\275\240s\215\222\210\016\020G\344=-:GK\312\035\271\201\350\376F\260Gs!\002\364d\217\366\217|\316F\232\231\241\n\261\333`\312O\367\235\025DD\336e\367\n\312\326\221\037\025\230vF0D\002 <\020\232\035.\320\370\\353n\316\306\212\000\372\025\033\1778\323\273\355~\246\236iu8\332ky\250\002 \026\215\356<\263\261\241\2257\303\332@\366\326-\2260|<\004\362i\375\326\232\263\222\370\222V=K""; ","validation: """"\200\000\000\001&\000\000\000&)/\351\253&:p\210\265\307-\212\200\004Q\347\000\235\365P6pmH\033\373\212c\377o\232\356\320D\002\277,]os{\354/?\312e\006P\027\000\000\000\000\000\000\000\000\000\000\000\000\000\000\000\000\000\000\000\000\000\000\000\000\000\000\000\000\000\000\000\000P\031\305q\237\274G\300a4\275\240s\215\222\210\016\020G\344=-:GK\312\035\271\201\350\376F\260Gs!\002\364d\217\366\217|\316F\232\231\241\n\261\333`\312O\367\235\025DD\336e\367\n\312\326\221\037\025\230vF0D\002 <\020\232\035.\320\370\\353n\316\306\212\000\372\025\033\1778\323\273\355~\246\236iu8\332ky\250\002 \026\215\356<\263\261\241\2257\303\332@\366\326-\2260|<\004\362i\375\326\232\263\222\370\222V=K""; "
1750527654484,1750527654484,0,1,1,3,TMGetLedger,"itype: liBASE; ledgerHash: ""\347\000\235\365P6pmH\033\373\212c\377o\232\356\320D\002\277,]os{\354/?\312e\006""; requestCookie: 5; queryType: qtINDIRECT; ","itype: liBASE; ledgerHash: ""\347\000\235\365P6pmH\033\373\212c\377o\232\356\320D\002\277,]os{\354/?\312e\006""; requestCookie: 5; queryType: qtINDIRECT; "
1750527654485,1750527654485,0,1,3,4,TMLedgerData,"ledgerHash: ""\347\000\235\365P6pmH\033\373\212c\377o\232\356\320D\002\277,]os{\354/?\312e\006""; ledgerSeq: 38; type: liBASE; nodes {;   nodedata: ""\000\000\000&\001cEx]\211\377\330\305q\237\274G\300a4\275\240s\215\222\210\016\020G\344=-:GK\312\035\271\201\350\376F\260G\000\000\000\000\000\000\000\000\000\000\000\000\000\000\000\000\000\000\000\000\000\000\000\000\000\000\000\000\000\000\000\000s\260\220Vjo\021\236\251\375P,6\017\361\024#y\3547\252\205\213aB\226l\357\t\306\201\312/\351\253#/\351\253$\n\000""; }; nodes {;   nodedata: ""\323C\344\327\264{\312-\017:\006{\177\344N\002\326bO\260\220\006\033\362\345\005U\221DzJ0\001\301\025%1L\307\t\261\262z\374\222T\301\274V\236\223\262\270Ct\362\337b\356\024*\324\320\351\317\002k\336\234\027v\351\217\260\303\360\233ZPZWr\246$w\313\313\r\243r\232\2234\373\3539:N\004Q\245\272D\312D\300\300\t\323\0257\345e\271\na\215{\226\255x%T\257\037\333\004\344_/R\006E\344\037@\210\363\010\336T\226\247'\204_{\261\370""1\235\2445\343\033Y!\212\201\341\272\225'\007\363Tc\332C\274\372:\317y\223\224\370\013l\244\210o\200n\021-\037f\214\353\335\210\216\220\3521\013\003""; }; ","ledgerHash: ""\347\000\235\365P6pmH\033\373\212c\377o\232\356\320D\002\277,]os{\354/?\312e\006""; ledgerSeq: 38; type: liBASE; nodes {;   nodedata: ""\000\000\000&\001cEx]\211\377\330\305q\237\274G\300a4\275\240s\215\222\210\016\020G\344=-:GK\312\035\271\201\350\376F\260G\000\000\000\000\000\000\000\000\000\000\000\000\000\000\000\000\000\000\000\000\000\000\000\000\000\000\000\000\000\000\000\000s\260\220Vjo\021\236\251\375P,6\017\361\024#y\3547\252\205\213aB\226l\357\t\306\201\312/\351\253#/\351\253$\n\000""; }; nodes {;   nodedata: ""\323C\344\327\264{\312-\017:\006{\177\344N\002\326bO\260\220\006\033\362\345\005U\221DzJ0\001\301\025%1L\307\t\261\262z\374\222T\301\274V\236\223\262\270Ct\362\337b\356\024*\324\320\351\317\002k\336\234\027v\351\217\260\303\360\233ZPZWr\246$w\313\313\r\243r\232\2234\373\3539:N\004Q\245\272D\312D\300\300\t\323\0257\345e\271\na\215{\226\255x%T\257\037\333\004\344_/R\006E\344\037@\210\363\010\336T\226\247'\204_{\261\370""1\235\2445\343\033Y!\212\201\341\272\225'\007\363Tc\332C\274\372:\317y\223\224\370\013l\244\210o\200n\021-\037f\214\353\335\210\216\220\3521\013\003""; }; "
1750527654485,1750527654485,0,1,3,4,TMLedgerData,"ledgerHash: ""\347\000\235\365P6pmH\033\373\212c\377o\232\356\320D\002\277,]os{\354/?\312e\006""; ledgerSeq: 38; type: liBASE; nodes {;   nodedata: ""\000\000\000&\001cEx]\211\377\330\305q\237\274G\300a4\275\240s\215\222\210\016\020G\344=-:GK\312\035\271\201\350\376F\260G\000\000\000\000\000\000\000\000\000\000\000\000\000\000\000\000\000\000\000\000\000\000\000\000\000\000\000\000\000\000\000\000s\260\220Vjo\021\236\251\375P,6\017\361\024#y\3547\252\205\213aB\226l\357\t\306\201\312/\351\253#/\351\253$\n\000""; }; nodes {;   nodedata: ""\323C\344\327\264{\312-\017:\006{\177\344N\002\326bO\260\220\006\033\362\345\005U\221DzJ0\001\301\025%1L\307\t\261\262z\374\222T\301\274V\236\223\262\270Ct\362\337b\356\024*\324\320\351\317\002k\336\234\027v\351\217\260\303\360\233ZPZWr\246$w\313\313\r\243r\232\2234\373\3539:N\004Q\245\272D\312D\300\300\t\323\0257\345e\271\na\215{\226\255x%T\257\037\333\004\344_/R\006E\344\037@\210\363\010\336T\226\247'\204_{\261\370""1\235\2445\343\033Y!\212\201\341\272\225'\007\363Tc\332C\274\372:\317y\223\224\370\013l\244\210o\200n\021-\037f\214\353\335\210\216\220\3521\013\003""; }; ","ledgerHash: ""\347\000\235\365P6pmH\033\373\212c\377o\232\356\320D\002\277,]os{\354/?\312e\006""; ledgerSeq: 38; type: liBASE; nodes {;   nodedata: ""\000\000\000&\001cEx]\211\377\330\305q\237\274G\300a4\275\240s\215\222\210\016\020G\344=-:GK\312\035\271\201\350\376F\260G\000\000\000\000\000\000\000\000\000\000\000\000\000\000\000\000\000\000\000\000\000\000\000\000\000\000\000\000\000\000\000\000s\260\220Vjo\021\236\251\375P,6\017\361\024#y\3547\252\205\213aB\226l\357\t\306\201\312/\351\253#/\351\253$\n\000""; }; nodes {;   nodedata: ""\323C\344\327\264{\312-\017:\006{\177\344N\002\326bO\260\220\006\033\362\345\005U\221DzJ0\001\301\025%1L\307\t\261\262z\374\222T\301\274V\236\223\262\270Ct\362\337b\356\024*\324\320\351\317\002k\336\234\027v\351\217\260\303\360\233ZPZWr\246$w\313\313\r\243r\232\2234\373\3539:N\004Q\245\272D\312D\300\300\t\323\0257\345e\271\na\215{\226\255x%T\257\037\333\004\344_/R\006E\344\037@\210\363\010\336T\226\247'\204_{\261\370""1\235\2445\343\033Y!\212\201\341\272\225'\007\363Tc\332C\274\372:\317y\223\224\370\013l\244\210o\200n\021-\037f\214\353\335\210\216\220\3521\013\003""; }; "
1750527654486,1750527654487,0,1,3,0,TMLedgerData,"ledgerHash: ""\347\000\235\365P6pmH\033\373\212c\377o\232\356\320D\002\277,]os{\354/?\312e\006""; ledgerSeq: 38; type: liBASE; nodes {;   nodedata: ""\000\000\000&\001cEx]\211\377\330\305q\237\274G\300a4\275\240s\215\222\210\016\020G\344=-:GK\312\035\271\201\350\376F\260G\000\000\000\000\000\000\000\000\000\000\000\000\000\000\000\000\000\000\000\000\000\000\000\000\000\000\000\000\000\000\000\000s\260\220Vjo\021\236\251\375P,6\017\361\024#y\3547\252\205\213aB\226l\357\t\306\201\312/\351\253#/\351\253$\n\000""; }; nodes {;   nodedata: ""\323C\344\327\264{\312-\017:\006{\177\344N\002\326bO\260\220\006\033\362\345\005U\221DzJ0\001\301\025%1L\307\t\261\262z\374\222T\301\274V\236\223\262\270Ct\362\337b\356\024*\324\320\351\317\002k\336\234\027v\351\217\260\303\360\233ZPZWr\246$w\313\313\r\243r\232\2234\373\3539:N\004Q\245\272D\312D\300\300\t\323\0257\345e\271\na\215{\226\255x%T\257\037\333\004\344_/R\006E\344\037@\210\363\010\336T\226\247'\204_{\261\370""1\235\2445\343\033Y!\212\201\341\272\225'\007\363Tc\332C\274\372:\317y\223\224\370\013l\244\210o\200n\021-\037f\214\353\335\210\216\220\3521\013\003""; }; ","ledgerHash: ""\347\000\235\365P6pmH\033\373\212c\377o\232\356\320D\002\277,]os{\354/?\312e\006""; ledgerSeq: 38; type: liBASE; nodes {;   nodedata: ""\000\000\000&\001cEx]\211\377\330\305q\237\274G\300a4\275\240s\215\222\210\016\020G\344=-:GK\312\035\271\201\350\376F\260G\000\000\000\000\000\000\000\000\000\000\000\000\000\000\000\000\000\000\000\000\000\000\000\000\000\000\000\000\000\000\000\000s\260\220Vjo\021\236\251\375P,6\017\361\024#y\3547\252\205\213aB\226l\357\t\306\201\312/\351\253#/\351\253$\n\000""; }; nodes {;   nodedata: ""\323C\344\327\264{\312-\017:\006{\177\344N\002\326bO\260\220\006\033\362\345\005U\221DzJ0\001\301\025%1L\307\t\261\262z\374\222T\301\274V\236\223\262\270Ct\362\337b\356\024*\324\320\351\317\002k\336\234\027v\351\217\260\303\360\233ZPZWr\246$w\313\313\r\243r\232\2234\373\3539:N\004Q\245\272D\312D\300\300\t\323\0257\345e\271\na\215{\226\255x%T\257\037\333\004\344_/R\006E\344\037@\210\363\010\336T\226\247'\204_{\261\370""1\235\2445\343\033Y!\212\201\341\272\225'\007\363Tc\332C\274\372:\317y\223\224\370\013l\244\210o\200n\021-\037f\214\353\335\210\216\220\3521\013\003""; }; "
1750527654487,1750527654487,0,1,2,0,TMValidation,"validation: """"\200\000\000\001&\000\000\000&)/\351\253&:p\210\265\307-\212\200\004Q\347\000\235\365P6pmH\033\373\212c\377o\232\356\320D\002\277,]os{\354/?\312e\006P\027\000\000\000\000\000\000\000\000\000\000\000\000\000\000\000\000\000\000\000\000\000\000\000\000\000\000\000\000\000\000\000\000P\031\305q\237\274G\300a4\275\240s\215\222\210\016\020G\344=-:GK\312\035\271\201\350\376F\260Gs!\002\364d\217\366\217|\316F\232\231\241\n\261\333`\312O\367\235\025DD\336e\367\n\312\326\221\037\025\230vF0D\002 <\020\232\035.\320\370\\353n\316\306\212\000\372\025\033\1778\323\273\355~\246\236iu8\332ky\250\002 \026\215\356<\263\261\241\2257\303\332@\366\326-\2260|<\004\362i\375\326\232\263\222\370\222V=K""; ","validation: """"\200\000\000\001&\000\000\000&)/\351\253&:p\210\265\307-\212\200\004Q\347\000\235\365P6pmH\033\373\212c\377o\232\356\320D\002\277,]os{\354/?\312e\006P\027\000\000\000\000\000\000\000\000\000\000\000\000\000\000\000\000\000\000\000\000\000\000\000\000\000\000\000\000\000\000\000\000P\031\305q\237\274G\300a4\275\240s\215\222\210\016\020G\344=-:GK\312\035\271\201\350\376F\260Gs!\002\364d\217\366\217|\316F\232\231\241\n\261\333`\312O\367\235\025DD\336e\367\n\312\326\221\037\025\230vF0D\002 <\020\232\035.\320\370\\353n\316\306\212\000\372\025\033\1778\323\273\355~\246\236iu8\332ky\250\002 \026\215\356<\263\261\241\2257\303\332@\366\326-\2260|<\004\362i\375\326\232\263\222\370\222V=K""; "
1750527654487,1750527654487,0,1,2,0,TMGetLedger,"itype: liBASE; ledgerHash: ""\347\000\235\365P6pmH\033\373\212c\377o\232\356\320D\002\277,]os{\354/?\312e\006""; ledgerSeq: 38; queryType: qtINDIRECT; ","itype: liBASE; ledgerHash: ""\347\000\235\365P6pmH\033\373\212c\377o\232\356\320D\002\277,]os{\354/?\312e\006""; ledgerSeq: 38; queryType: qtINDIRECT; "
1750527654488,1750527654488,0,1,0,1,TMGetLedger,"itype: liBASE; ledgerHash: ""\347\000\235\365P6pmH\033\373\212c\377o\232\356\320D\002\277,]os{\354/?\312e\006""; ledgerSeq: 38; queryType: qtINDIRECT; ","itype: liBASE; ledgerHash: ""\347\000\235\365P6pmH\033\373\212c\377o\232\356\320D\002\277,]os{\354/?\312e\006""; ledgerSeq: 38; queryType: qtINDIRECT; "
1750527654488,1750527654488,0,1,0,1,TMValidation,"validation: """"\200\000\000\001&\000\000\000&)/\351\253&:p\210\265\307-\212\200\004Q\347\000\235\365P6pmH\033\373\212c\377o\232\356\320D\002\277,]os{\354/?\312e\006P\027\000\000\000\000\000\000\000\000\000\000\000\000\000\000\000\000\000\000\000\000\000\000\000\000\000\000\000\000\000\000\000\000P\031\305q\237\274G\300a4\275\240s\215\222\210\016\020G\344=-:GK\312\035\271\201\350\376F\260Gs!\002\364d\217\366\217|\316F\232\231\241\n\261\333`\312O\367\235\025DD\336e\367\n\312\326\221\037\025\230vF0D\002 <\020\232\035.\320\370\\353n\316\306\212\000\372\025\033\1778\323\273\355~\246\236iu8\332ky\250\002 \026\215\356<\263\261\241\2257\303\332@\366\326-\2260|<\004\362i\375\326\232\263\222\370\222V=K""; ","validation: """"\200\000\000\001&\000\000\000&)/\351\253&:p\210\265\307-\212\200\004Q\347\000\235\365P6pmH\033\373\212c\377o\232\356\320D\002\277,]os{\354/?\312e\006P\027\000\000\000\000\000\000\000\000\000\000\000\000\000\000\000\000\000\000\000\000\000\000\000\000\000\000\000\000\000\000\000\000P\031\305q\237\274G\300a4\275\240s\215\222\210\016\020G\344=-:GK\312\035\271\201\350\376F\260Gs!\002\364d\217\366\217|\316F\232\231\241\n\261\333`\312O\367\235\025DD\336e\367\n\312\326\221\037\025\230vF0D\002 <\020\232\035.\320\370\\353n\316\306\212\000\372\025\033\1778\323\273\355~\246\236iu8\332ky\250\002 \026\215\356<\263\261\241\2257\303\332@\366\326-\2260|<\004\362i\375\326\232\263\222\370\222V=K""; "
1750527654489,1750527654489,0,1,3,0,TMLedgerData,"ledgerHash: ""\347\000\235\365P6pmH\033\373\212c\377o\232\356\320D\002\277,]os{\354/?\312e\006""; ledgerSeq: 38; type: liBASE; nodes {;   nodedata: ""\000\000\000&\001cEx]\211\377\330\305q\237\274G\300a4\275\240s\215\222\210\016\020G\344=-:GK\312\035\271\201\350\376F\260G\000\000\000\000\000\000\000\000\000\000\000\000\000\000\000\000\000\000\000\000\000\000\000\000\000\000\000\000\000\000\000\000s\260\220Vjo\021\236\251\375P,6\017\361\024#y\3547\252\205\213aB\226l\357\t\306\201\312/\351\253#/\351\253$\n\000""; }; nodes {;   nodedata: ""\323C\344\327\264{\312-\017:\006{\177\344N\002\326bO\260\220\006\033\362\345\005U\221DzJ0\001\301\025%1L\307\t\261\262z\374\222T\301\274V\236\223\262\270Ct\362\337b\356\024*\324\320\351\317\002k\336\234\027v\351\217\260\303\360\233ZPZWr\246$w\313\313\r\243r\232\2234\373\3539:N\004Q\245\272D\312D\300\300\t\323\0257\345e\271\na\215{\226\255x%T\257\037\333\004\344_/R\006E\344\037@\210\363\010\336T\226\247'\204_{\261\370""1\235\2445\343\033Y!\212\201\341\272\225'\007\363Tc\332C\274\372:\317y\223\224\370\013l\244\210o\200n\021-\037f\214\353\335\210\216\220\3521\013\003""; }; ","ledgerHash: ""\347\000\235\365P6pmH\033\373\212c\377o\232\356\320D\002\277,]os{\354/?\312e\006""; ledgerSeq: 38; type: liBASE; nodes {;   nodedata: ""\000\000\000&\001cEx]\211\377\330\305q\237\274G\300a4\275\240s\215\222\210\016\020G\344=-:GK\312\035\271\201\350\376F\260G\000\000\000\000\000\000\000\000\000\000\000\000\000\000\000\000\000\000\000\000\000\000\000\000\000\000\000\000\000\000\000\000s\260\220Vjo\021\236\251\375P,6\017\361\024#y\3547\252\205\213aB\226l\357\t\306\201\312/\351\253#/\351\253$\n\000""; }; nodes {;   nodedata: ""\323C\344\327\264{\312-\017:\006{\177\344N\002\326bO\260\220\006\033\362\345\005U\221DzJ0\001\301\025%1L\307\t\261\262z\374\222T\301\274V\236\223\262\270Ct\362\337b\356\024*\324\320\351\317\002k\336\234\027v\351\217\260\303\360\233ZPZWr\246$w\313\313\r\243r\232\2234\373\3539:N\004Q\245\272D\312D\300\300\t\323\0257\345e\271\na\215{\226\255x%T\257\037\333\004\344_/R\006E\344\037@\210\363\010\336T\226\247'\204_{\261\370""1\235\2445\343\033Y!\212\201\341\272\225'\007\363Tc\332C\274\372:\317y\223\224\370\013l\244\210o\200n\021-\037f\214\353\335\210\216\220\3521\013\003""; }; "
1750527654489,1750527654490,0,1,3,1,TMLedgerData,"ledgerHash: ""\347\000\235\365P6pmH\033\373\212c\377o\232\356\320D\002\277,]os{\354/?\312e\006""; ledgerSeq: 38; type: liBASE; nodes {;   nodedata: ""\000\000\000&\001cEx]\211\377\330\305q\237\274G\300a4\275\240s\215\222\210\016\020G\344=-:GK\312\035\271\201\350\376F\260G\000\000\000\000\000\000\000\000\000\000\000\000\000\000\000\000\000\000\000\000\000\000\000\000\000\000\000\000\000\000\000\000s\260\220Vjo\021\236\251\375P,6\017\361\024#y\3547\252\205\213aB\226l\357\t\306\201\312/\351\253#/\351\253$\n\000""; }; nodes {;   nodedata: ""\323C\344\327\264{\312-\017:\006{\177\344N\002\326bO\260\220\006\033\362\345\005U\221DzJ0\001\301\025%1L\307\t\261\262z\374\222T\301\274V\236\223\262\270Ct\362\337b\356\024*\324\320\351\317\002k\336\234\027v\351\217\260\303\360\233ZPZWr\246$w\313\313\r\243r\232\2234\373\3539:N\004Q\245\272D\312D\300\300\t\323\0257\345e\271\na\215{\226\255x%T\257\037\333\004\344_/R\006E\344\037@\210\363\010\336T\226\247'\204_{\261\370""1\235\2445\343\033Y!\212\201\341\272\225'\007\363Tc\332C\274\372:\317y\223\224\370\013l\244\210o\200n\021-\037f\214\353\335\210\216\220\3521\013\003""; }; ","ledgerHash: ""\347\000\235\365P6pmH\033\373\212c\377o\232\356\320D\002\277,]os{\354/?\312e\006""; ledgerSeq: 38; type: liBASE; nodes {;   nodedata: ""\000\000\000&\001cEx]\211\377\330\305q\237\274G\300a4\275\240s\215\222\210\016\020G\344=-:GK\312\035\271\201\350\376F\260G\000\000\000\000\000\000\000\000\000\000\000\000\000\000\000\000\000\000\000\000\000\000\000\000\000\000\000\000\000\000\000\000s\260\220Vjo\021\236\251\375P,6\017\361\024#y\3547\252\205\213aB\226l\357\t\306\201\312/\351\253#/\351\253$\n\000""; }; nodes {;   nodedata: ""\323C\344\327\264{\312-\017:\006{\177\344N\002\326bO\260\220\006\033\362\345\005U\221DzJ0\001\301\025%1L\307\t\261\262z\374\222T\301\274V\236\223\262\270Ct\362\337b\356\024*\324\320\351\317\002k\336\234\027v\351\217\260\303\360\233ZPZWr\246$w\313\313\r\243r\232\2234\373\3539:N\004Q\245\272D\312D\300\300\t\323\0257\345e\271\na\215{\226\255x%T\257\037\333\004\344_/R\006E\344\037@\210\363\010\336T\226\247'\204_{\261\370""1\235\2445\343\033Y!\212\201\341\272\225'\007\363Tc\332C\274\372:\317y\223\224\370\013l\244\210o\200n\021-\037f\214\353\335\210\216\220\3521\013\003""; }; "
1750527654490,1750527654490,0,1,2,1,TMGetLedger,"itype: liBASE; ledgerHash: ""\347\000\235\365P6pmH\033\373\212c\377o\232\356\320D\002\277,]os{\354/?\312e\006""; ledgerSeq: 38; queryType: qtINDIRECT; ","itype: liBASE; ledgerHash: ""\347\000\235\365P6pmH\033\373\212c\377o\232\356\320D\002\277,]os{\354/?\312e\006""; ledgerSeq: 38; queryType: qtINDIRECT; "
1750527654490,1750527654491,0,1,2,1,TMValidation,"validation: """"\200\000\000\001&\000\000\000&)/\351\253&:p\210\265\307-\212\200\004Q\347\000\235\365P6pmH\033\373\212c\377o\232\356\320D\002\277,]os{\354/?\312e\006P\027\000\000\000\000\000\000\000\000\000\000\000\000\000\000\000\000\000\000\000\000\000\000\000\000\000\000\000\000\000\000\000\000P\031\305q\237\274G\300a4\275\240s\215\222\210\016\020G\344=-:GK\312\035\271\201\350\376F\260Gs!\002\364d\217\366\217|\316F\232\231\241\n\261\333`\312O\367\235\025DD\336e\367\n\312\326\221\037\025\230vF0D\002 <\020\232\035.\320\370\\353n\316\306\212\000\372\025\033\1778\323\273\355~\246\236iu8\332ky\250\002 \026\215\356<\263\261\241\2257\303\332@\366\326-\2260|<\004\362i\375\326\232\263\222\370\222V=K""; ","validation: """"\200\000\000\001&\000\000\000&)/\351\253&:p\210\265\307-\212\200\004Q\347\000\235\365P6pmH\033\373\212c\377o\232\356\320D\002\277,]os{\354/?\312e\006P\027\000\000\000\000\000\000\000\000\000\000\000\000\000\000\000\000\000\000\000\000\000\000\000\000\000\000\000\000\000\000\000\000P\031\305q\237\274G\300a4\275\240s\215\222\210\016\020G\344=-:GK\312\035\271\201\350\376F\260Gs!\002\364d\217\366\217|\316F\232\231\241\n\261\333`\312O\367\235\025DD\336e\367\n\312\326\221\037\025\230vF0D\002 <\020\232\035.\320\370\\353n\316\306\212\000\372\025\033\1778\323\273\355~\246\236iu8\332ky\250\002 \026\215\356<\263\261\241\2257\303\332@\366\326-\2260|<\004\362i\375\326\232\263\222\370\222V=K""; "
1750527654491,1750527654491,0,1,3,1,TMLedgerData,"ledgerHash: ""\347\000\235\365P6pmH\033\373\212c\377o\232\356\320D\002\277,]os{\354/?\312e\006""; ledgerSeq: 38; type: liBASE; nodes {;   nodedata: ""\000\000\000&\001cEx]\211\377\330\305q\237\274G\300a4\275\240s\215\222\210\016\020G\344=-:GK\312\035\271\201\350\376F\260G\000\000\000\000\000\000\000\000\000\000\000\000\000\000\000\000\000\000\000\000\000\000\000\000\000\000\000\000\000\000\000\000s\260\220Vjo\021\236\251\375P,6\017\361\024#y\3547\252\205\213aB\226l\357\t\306\201\312/\351\253#/\351\253$\n\000""; }; nodes {;   nodedata: ""\323C\344\327\264{\312-\017:\006{\177\344N\002\326bO\260\220\006\033\362\345\005U\221DzJ0\001\301\025%1L\307\t\261\262z\374\222T\301\274V\236\223\262\270Ct\362\337b\356\024*\324\320\351\317\002k\336\234\027v\351\217\260\303\360\233ZPZWr\246$w\313\313\r\243r\232\2234\373\3539:N\004Q\245\272D\312D\300\300\t\323\0257\345e\271\na\215{\226\255x%T\257\037\333\004\344_/R\006E\344\037@\210\363\010\336T\226\247'\204_{\261\370""1\235\2445\343\033Y!\212\201\341\272\225'\007\363Tc\332C\274\372:\317y\223\224\370\013l\244\210o\200n\021-\037f\214\353\335\210\216\220\3521\013\003""; }; ","ledgerHash: ""\347\000\235\365P6pmH\033\373\212c\377o\232\356\320D\002\277,]os{\354/?\312e\006""; ledgerSeq: 38; type: liBASE; nodes {;   nodedata: ""\000\000\000&\001cEx]\211\377\330\305q\237\274G\300a4\275\240s\215\222\210\016\020G\344=-:GK\312\035\271\201\350\376F\260G\000\000\000\000\000\000\000\000\000\000\000\000\000\000\000\000\000\000\000\000\000\000\000\000\000\000\000\000\000\000\000\000s\260\220Vjo\021\236\251\375P,6\017\361\024#y\3547\252\205\213aB\226l\357\t\306\201\312/\351\253#/\351\253$\n\000""; }; nodes {;   nodedata: ""\323C\344\327\264{\312-\017:\006{\177\344N\002\326bO\260\220\006\033\362\345\005U\221DzJ0\001\301\025%1L\307\t\261\262z\374\222T\301\274V\236\223\262\270Ct\362\337b\356\024*\324\320\351\317\002k\336\234\027v\351\217\260\303\360\233ZPZWr\246$w\313\313\r\243r\232\2234\373\3539:N\004Q\245\272D\312D\300\300\t\323\0257\345e\271\na\215{\226\255x%T\257\037\333\004\344_/R\006E\344\037@\210\363\010\336T\226\247'\204_{\261\370""1\235\2445\343\033Y!\212\201\341\272\225'\007\363Tc\332C\274\372:\317y\223\224\370\013l\244\210o\200n\021-\037f\214\353\335\210\216\220\3521\013\003""; }; "
1750527654492,1750527654493,0,1,3,2,TMLedgerData,"ledgerHash: ""\347\000\235\365P6pmH\033\373\212c\377o\232\356\320D\002\277,]os{\354/?\312e\006""; ledgerSeq: 38; type: liBASE; nodes {;   nodedata: ""\000\000\000&\001cEx]\211\377\330\305q\237\274G\300a4\275\240s\215\222\210\016\020G\344=-:GK\312\035\271\201\350\376F\260G\000\000\000\000\000\000\000\000\000\000\000\000\000\000\000\000\000\000\000\000\000\000\000\000\000\000\000\000\000\000\000\000s\260\220Vjo\021\236\251\375P,6\017\361\024#y\3547\252\205\213aB\226l\357\t\306\201\312/\351\253#/\351\253$\n\000""; }; nodes {;   nodedata: ""\323C\344\327\264{\312-\017:\006{\177\344N\002\326bO\260\220\006\033\362\345\005U\221DzJ0\001\301\025%1L\307\t\261\262z\374\222T\301\274V\236\223\262\270Ct\362\337b\356\024*\324\320\351\317\002k\336\234\027v\351\217\260\303\360\233ZPZWr\246$w\313\313\r\243r\232\2234\373\3539:N\004Q\245\272D\312D\300\300\t\323\0257\345e\271\na\215{\226\255x%T\257\037\333\004\344_/R\006E\344\037@\210\363\010\336T\226\247'\204_{\261\370""1\235\2445\343\033Y!\212\201\341\272\225'\007\363Tc\332C\274\372:\317y\223\224\370\013l\244\210o\200n\021-\037f\214\353\335\210\216\220\3521\013\003""; }; ","ledgerHash: ""\347\000\235\365P6pmH\033\373\212c\377o\232\356\320D\002\277,]os{\354/?\312e\006""; ledgerSeq: 38; type: liBASE; nodes {;   nodedata: ""\000\000\000&\001cEx]\211\377\330\305q\237\274G\300a4\275\240s\215\222\210\016\020G\344=-:GK\312\035\271\201\350\376F\260G\000\000\000\000\000\000\000\000\000\000\000\000\000\000\000\000\000\000\000\000\000\000\000\000\000\000\000\000\000\000\000\000s\260\220Vjo\021\236\251\375P,6\017\361\024#y\3547\252\205\213aB\226l\357\t\306\201\312/\351\253#/\351\253$\n\000""; }; nodes {;   nodedata: ""\323C\344\327\264{\312-\017:\006{\177\344N\002\326bO\260\220\006\033\362\345\005U\221DzJ0\001\301\025%1L\307\t\261\262z\374\222T\301\274V\236\223\262\270Ct\362\337b\356\024*\324\320\351\317\002k\336\234\027v\351\217\260\303\360\233ZPZWr\246$w\313\313\r\243r\232\2234\373\3539:N\004Q\245\272D\312D\300\300\t\323\0257\345e\271\na\215{\226\255x%T\257\037\333\004\344_/R\006E\344\037@\210\363\010\336T\226\247'\204_{\261\370""1\235\2445\343\033Y!\212\201\341\272\225'\007\363Tc\332C\274\372:\317y\223\224\370\013l\244\210o\200n\021-\037f\214\353\335\210\216\220\3521\013\003""; }; "
1750527654493,1750527654493,0,1,0,2,TMValidation,"validation: """"\200\000\000\001&\000\000\000&)/\351\253&:p\210\265\307-\212\200\004Q\347\000\235\365P6pmH\033\373\212c\377o\232\356\320D\002\277,]os{\354/?\312e\006P\027\000\000\000\000\000\000\000\000\000\000\000\000\000\000\000\000\000\000\000\000\000\000\000\000\000\000\000\000\000\000\000\000P\031\305q\237\274G\300a4\275\240s\215\222\210\016\020G\344=-:GK\312\035\271\201\350\376F\260Gs!\002\364d\217\366\217|\316F\232\231\241\n\261\333`\312O\367\235\025DD\336e\367\n\312\326\221\037\025\230vF0D\002 <\020\232\035.\320\370\\353n\316\306\212\000\372\025\033\1778\323\273\355~\246\236iu8\332ky\250\002 \026\215\356<\263\261\241\2257\303\332@\366\326-\2260|<\004\362i\375\326\232\263\222\370\222V=K""; ","validation: """"\200\000\000\001&\000\000\000&)/\351\253&:p\210\265\307-\212\200\004Q\347\000\235\365P6pmH\033\373\212c\377o\232\356\320D\002\277,]os{\354/?\312e\006P\027\000\000\000\000\000\000\000\000\000\000\000\000\000\000\000\000\000\000\000\000\000\000\000\000\000\000\000\000\000\000\000\000P\031\305q\237\274G\300a4\275\240s\215\222\210\016\020G\344=-:GK\312\035\271\201\350\376F\260Gs!\002\364d\217\366\217|\316F\232\231\241\n\261\333`\312O\367\235\025DD\336e\367\n\312\326\221\037\025\230vF0D\002 <\020\232\035.\320\370\\353n\316\306\212\000\372\025\033\1778\323\273\355~\246\236iu8\332ky\250\002 \026\215\356<\263\261\241\2257\303\332@\366\326-\2260|<\004\362i\375\326\232\263\222\370\222V=K""; "
1750527654494,1750527654494,0,1,0,2,TMGetLedger,"itype: liBASE; ledgerHash: ""\347\000\235\365P6pmH\033\373\212c\377o\232\356\320D\002\277,]os{\354/?\312e\006""; ledgerSeq: 38; queryType: qtINDIRECT; ","itype: liBASE; ledgerHash: ""\347\000\235\365P6pmH\033\373\212c\377o\232\356\320D\002\277,]os{\354/?\312e\006""; ledgerSeq: 38; queryType: qtINDIRECT; "
1750527654494,1750527654494,0,1,3,2,TMLedgerData,"ledgerHash: ""\347\000\235\365P6pmH\033\373\212c\377o\232\356\320D\002\277,]os{\354/?\312e\006""; ledgerSeq: 38; type: liBASE; nodes {;   nodedata: ""\000\000\000&\001cEx]\211\377\330\305q\237\274G\300a4\275\240s\215\222\210\016\020G\344=-:GK\312\035\271\201\350\376F\260G\000\000\000\000\000\000\000\000\000\000\000\000\000\000\000\000\000\000\000\000\000\000\000\000\000\000\000\000\000\000\000\000s\260\220Vjo\021\236\251\375P,6\017\361\024#y\3547\252\205\213aB\226l\357\t\306\201\312/\351\253#/\351\253$\n\000""; }; nodes {;   nodedata: ""\323C\344\327\264{\312-\017:\006{\177\344N\002\326bO\260\220\006\033\362\345\005U\221DzJ0\001\301\025%1L\307\t\261\262z\374\222T\301\274V\236\223\262\270Ct\362\337b\356\024*\324\320\351\317\002k\336\234\027v\351\217\260\303\360\233ZPZWr\246$w\313\313\r\243r\232\2234\373\3539:N\004Q\245\272D\312D\300\300\t\323\0257\345e\271\na\215{\226\255x%T\257\037\333\004\344_/R\006E\344\037@\210\363\010\336T\226\247'\204_{\261\370""1\235\2445\343\033Y!\212\201\341\272\225'\007\363Tc\332C\274\372:\317y\223\224\370\013l\244\210o\200n\021-\037f\214\353\335\210\216\220\3521\013\003""; }; ","ledgerHash: ""\347\000\235\365P6pmH\033\373\212c\377o\232\356\320D\002\277,]os{\354/?\312e\006""; ledgerSeq: 38; type: liBASE; nodes {;   nodedata: ""\000\000\000&\001cEx]\211\377\330\305q\237\274G\300a4\275\240s\215\222\210\016\020G\344=-:GK\312\035\271\201\350\376F\260G\000\000\000\000\000\000\000\000\000\000\000\000\000\000\000\000\000\000\000\000\000\000\000\000\000\000\000\000\000\000\000\000s\260\220Vjo\021\236\251\375P,6\017\361\024#y\3547\252\205\213aB\226l\357\t\306\201\312/\351\253#/\351\253$\n\000""; }; nodes {;   nodedata: ""\323C\344\327\264{\312-\017:\006{\177\344N\002\326bO\260\220\006\033\362\345\005U\221DzJ0\001\301\025%1L\307\t\261\262z\374\222T\301\274V\236\223\262\270Ct\362\337b\356\024*\324\320\351\317\002k\336\234\027v\351\217\260\303\360\233ZPZWr\246$w\313\313\r\243r\232\2234\373\3539:N\004Q\245\272D\312D\300\300\t\323\0257\345e\271\na\215{\226\255x%T\257\037\333\004\344_/R\006E\344\037@\210\363\010\336T\226\247'\204_{\261\370""1\235\2445\343\033Y!\212\201\341\272\225'\007\363Tc\332C\274\372:\317y\223\224\370\013l\244\210o\200n\021-\037f\214\353\335\210\216\220\3521\013\003""; }; "
1750527654495,1750527654495,0,1,4,3,TMGetLedger,"itype: liBASE; ledgerHash: ""\347\000\235\365P6pmH\033\373\212c\377o\232\356\320D\002\277,]os{\354/?\312e\006""; ledgerSeq: 38; requestCookie: 3; queryType: qtINDIRECT; ","itype: liBASE; ledgerHash: ""\347\000\235\365P6pmH\033\373\212c\377o\232\356\320D\002\277,]os{\354/?\312e\006""; ledgerSeq: 38; requestCookie: 3; queryType: qtINDIRECT; "
1750527654495,1750527654496,0,1,3,1,TMLedgerData,"ledgerHash: ""\347\000\235\365P6pmH\033\373\212c\377o\232\356\320D\002\277,]os{\354/?\312e\006""; ledgerSeq: 38; type: liBASE; nodes {;   nodedata: ""\000\000\000&\001cEx]\211\377\330\305q\237\274G\300a4\275\240s\215\222\210\016\020G\344=-:GK\312\035\271\201\350\376F\260G\000\000\000\000\000\000\000\000\000\000\000\000\000\000\000\000\000\000\000\000\000\000\000\000\000\000\000\000\000\000\000\000s\260\220Vjo\021\236\251\375P,6\017\361\024#y\3547\252\205\213aB\226l\357\t\306\201\312/\351\253#/\351\253$\n\000""; }; nodes {;   nodedata: ""\323C\344\327\264{\312-\017:\006{\177\344N\002\326bO\260\220\006\033\362\345\005U\221DzJ0\001\301\025%1L\307\t\261\262z\374\222T\301\274V\236\223\262\270Ct\362\337b\356\024*\324\320\351\317\002k\336\234\027v\351\217\260\303\360\233ZPZWr\246$w\313\313\r\243r\232\2234\373\3539:N\004Q\245\272D\312D\300\300\t\323\0257\345e\271\na\215{\226\255x%T\257\037\333\004\344_/R\006E\344\037@\210\363\010\336T\226\247'\204_{\261\370""1\235\2445\343\033Y!\212\201\341\272\225'\007\363Tc\332C\274\372:\317y\223\224\370\013l\244\210o\200n\021-\037f\214\353\335\210\216\220\3521\013\003""; }; requestCookie: 5; ","ledgerHash: ""\347\000\235\365P6pmH\033\373\212c\377o\232\356\320D\002\277,]os{\354/?\312e\006""; ledgerSeq: 38; type: liBASE; nodes {;   nodedata: ""\000\000\000&\001cEx]\211\377\330\305q\237\274G\300a4\275\240s\215\222\210\016\020G\344=-:GK\312\035\271\201\350\376F\260G\000\000\000\000\000\000\000\000\000\000\000\000\000\000\000\000\000\000\000\000\000\000\000\000\000\000\000\000\000\000\000\000s\260\220Vjo\021\236\251\375P,6\017\361\024#y\3547\252\205\213aB\226l\357\t\306\201\312/\351\253#/\351\253$\n\000""; }; nodes {;   nodedata: ""\323C\344\327\264{\312-\017:\006{\177\344N\002\326bO\260\220\006\033\362\345\005U\221DzJ0\001\301\025%1L\307\t\261\262z\374\222T\301\274V\236\223\262\270Ct\362\337b\356\024*\324\320\351\317\002k\336\234\027v\351\217\260\303\360\233ZPZWr\246$w\313\313\r\243r\232\2234\373\3539:N\004Q\245\272D\312D\300\300\t\323\0257\345e\271\na\215{\226\255x%T\257\037\333\004\344_/R\006E\344\037@\210\363\010\336T\226\247'\204_{\261\370""1\235\2445\343\033Y!\212\201\341\272\225'\007\363Tc\332C\274\372:\317y\223\224\370\013l\244\210o\200n\021-\037f\214\353\335\210\216\220\3521\013\003""; }; requestCookie: 5; "
1750527654496,1750527654496,0,1,4,3,TMGetLedger,"itype: liBASE; ledgerHash: ""\347\000\235\365P6pmH\033\373\212c\377o\232\356\320D\002\277,]os{\354/?\312e\006""; ledgerSeq: 38; requestCookie: 2; queryType: qtINDIRECT; ","itype: liBASE; ledgerHash: ""\347\000\235\365P6pmH\033\373\212c\377o\232\356\320D\002\277,]os{\354/?\312e\006""; ledgerSeq: 38; requestCookie: 2; queryType: qtINDIRECT; "
1750527654497,1750527654497,0,1,4,3,TMGetLedger,"itype: liBASE; ledgerHash: ""\347\000\235\365P6pmH\033\373\212c\377o\232\356\320D\002\277,]os{\354/?\312e\006""; ledgerSeq: 38; requestCookie: 1; queryType: qtINDIRECT; ","itype: liBASE; ledgerHash: ""\347\000\235\365P6pmH\033\373\212c\377o\232\356\320D\002\277,]os{\354/?\312e\006""; ledgerSeq: 38; requestCookie: 1; queryType: qtINDIRECT; "
1750527654498,1750527654498,0,1,4,3,TMGetLedger,"itype: liAS_NODE; ledgerHash: ""\347\000\235\365P6pmH\033\373\212c\377o\232\356\320D\002\277,]os{\354/?\312e\006""; ledgerSeq: 38; nodeIDs: ""\260\000\000\000\000\000\000\000\000\000\000\000\000\000\000\000\000\000\000\000\000\000\000\000\000\000\000\000\000\000\000\000\001""; queryType: qtINDIRECT; queryDepth: 1; ","itype: liAS_NODE; ledgerHash: ""\347\000\235\365P6pmH\033\373\212c\377o\232\356\320D\002\277,]os{\354/?\312e\006""; ledgerSeq: 38; nodeIDs: ""\260\000\000\000\000\000\000\000\000\000\000\000\000\000\000\000\000\000\000\000\000\000\000\000\000\000\000\000\000\000\000\000\001""; queryType: qtINDIRECT; queryDepth: 1; "
1750527654498,1750527654498,0,1,0,3,TMGetLedger,"itype: liBASE; ledgerHash: ""\347\000\235\365P6pmH\033\373\212c\377o\232\356\320D\002\277,]os{\354/?\312e\006""; ledgerSeq: 38; requestCookie: 2; queryType: qtINDIRECT; ","itype: liBASE; ledgerHash: ""\347\000\235\365P6pmH\033\373\212c\377o\232\356\320D\002\277,]os{\354/?\312e\006""; ledgerSeq: 38; requestCookie: 2; queryType: qtINDIRECT; "
1750527654499,1750527654499,0,1,0,3,TMGetLedger,"itype: liBASE; ledgerHash: ""\347\000\235\365P6pmH\033\373\212c\377o\232\356\320D\002\277,]os{\354/?\312e\006""; requestCookie: 5; queryType: qtINDIRECT; ","itype: liBASE; ledgerHash: ""\347\000\235\365P6pmH\033\373\212c\377o\232\356\320D\002\277,]os{\354/?\312e\006""; requestCookie: 5; queryType: qtINDIRECT; "
1750527654499,1750527654500,0,1,1,3,TMGetLedger,"itype: liBASE; ledgerHash: ""\347\000\235\365P6pmH\033\373\212c\377o\232\356\320D\002\277,]os{\354/?\312e\006""; ledgerSeq: 38; requestCookie: 2; queryType: qtINDIRECT; ","itype: liBASE; ledgerHash: ""\347\000\235\365P6pmH\033\373\212c\377o\232\356\320D\002\277,]os{\354/?\312e\006""; ledgerSeq: 38; requestCookie: 2; queryType: qtINDIRECT; "
1750527654500,1750527654500,0,1,0,3,TMGetLedger,"itype: liAS_NODE; ledgerHash: ""\347\000\235\365P6pmH\033\373\212c\377o\232\356\320D\002\277,]os{\354/?\312e\006""; ledgerSeq: 38; nodeIDs: ""\260\000\000\000\000\000\000\000\000\000\000\000\000\000\000\000\000\000\000\000\000\000\000\000\000\000\000\000\000\000\000\000\001""; queryType: qtINDIRECT; queryDepth: 1; ","itype: liAS_NODE; ledgerHash: ""\347\000\235\365P6pmH\033\373\212c\377o\232\356\320D\002\277,]os{\354/?\312e\006""; ledgerSeq: 38; nodeIDs: ""\260\000\000\000\000\000\000\000\000\000\000\000\000\000\000\000\000\000\000\000\000\000\000\000\000\000\000\000\000\000\000\000\001""; queryType: qtINDIRECT; queryDepth: 1; "
1750527654500,1750527654500,0,1,0,3,TMGetLedger,"itype: liBASE; ledgerHash: ""\347\000\235\365P6pmH\033\373\212c\377o\232\356\320D\002\277,]os{\354/?\312e\006""; ledgerSeq: 38; requestCookie: 3; queryType: qtINDIRECT; ","itype: liBASE; ledgerHash: ""\347\000\235\365P6pmH\033\373\212c\377o\232\356\320D\002\277,]os{\354/?\312e\006""; ledgerSeq: 38; requestCookie: 3; queryType: qtINDIRECT; "
1750527654501,1750527654501,0,1,1,3,TMGetLedger,"itype: liAS_NODE; ledgerHash: ""\347\000\235\365P6pmH\033\373\212c\377o\232\356\320D\002\277,]os{\354/?\312e\006""; ledgerSeq: 38; nodeIDs: ""\260\000\000\000\000\000\000\000\000\000\000\000\000\000\000\000\000\000\000\000\000\000\000\000\000\000\000\000\000\000\000\000\001""; queryType: qtINDIRECT; queryDepth: 1; ","itype: liAS_NODE; ledgerHash: ""\347\000\235\365P6pmH\033\373\212c\377o\232\356\320D\002\277,]os{\354/?\312e\006""; ledgerSeq: 38; nodeIDs: ""\260\000\000\000\000\000\000\000\000\000\000\000\000\000\000\000\000\000\000\000\000\000\000\000\000\000\000\000\000\000\000\000\001""; queryType: qtINDIRECT; queryDepth: 1; "
1750527654502,1750527654502,0,1,1,3,TMGetLedger,"itype: liBASE; ledgerHash: ""\347\000\235\365P6pmH\033\373\212c\377o\232\356\320D\002\277,]os{\354/?\312e\006""; ledgerSeq: 38; requestCookie: 3; queryType: qtINDIRECT; ","itype: liBASE; ledgerHash: ""\347\000\235\365P6pmH\033\373\212c\377o\232\356\320D\002\277,]os{\354/?\312e\006""; ledgerSeq: 38; requestCookie: 3; queryType: qtINDIRECT; "
1750527654502,1750527654502,0,1,2,3,TMGetLedger,"itype: liBASE; ledgerHash: ""\347\000\235\365P6pmH\033\373\212c\377o\232\356\320D\002\277,]os{\354/?\312e\006""; requestCookie: 5; queryType: qtINDIRECT; ","itype: liBASE; ledgerHash: ""\347\000\235\365P6pmH\033\373\212c\377o\232\356\320D\002\277,]os{\354/?\312e\006""; requestCookie: 5; queryType: qtINDIRECT; "
1750527654503,1750527654503,0,1,2,3,TMGetLedger,"itype: liBASE; ledgerHash: ""\347\000\235\365P6pmH\033\373\212c\377o\232\356\320D\002\277,]os{\354/?\312e\006""; ledgerSeq: 38; requestCookie: 3; queryType: qtINDIRECT; ","itype: liBASE; ledgerHash: ""\347\000\235\365P6pmH\033\373\212c\377o\232\356\320D\002\277,]os{\354/?\312e\006""; ledgerSeq: 38; requestCookie: 3; queryType: qtINDIRECT; "
1750527654504,1750527654504,0,1,2,3,TMGetLedger,"itype: liAS_NODE; ledgerHash: ""\347\000\235\365P6pmH\033\373\212c\377o\232\356\320D\002\277,]os{\354/?\312e\006""; ledgerSeq: 38; nodeIDs: ""\260\000\000\000\000\000\000\000\000\000\000\000\000\000\000\000\000\000\000\000\000\000\000\000\000\000\000\000\000\000\000\000\001""; queryType: qtINDIRECT; queryDepth: 1; ","itype: liAS_NODE; ledgerHash: ""\347\000\235\365P6pmH\033\373\212c\377o\232\356\320D\002\277,]os{\354/?\312e\006""; ledgerSeq: 38; nodeIDs: ""\260\000\000\000\000\000\000\000\000\000\000\000\000\000\000\000\000\000\000\000\000\000\000\000\000\000\000\000\000\000\000\000\001""; queryType: qtINDIRECT; queryDepth: 1; "
1750527654504,1750527654504,0,1,2,3,TMGetLedger,"itype: liBASE; ledgerHash: ""\347\000\235\365P6pmH\033\373\212c\377o\232\356\320D\002\277,]os{\354/?\312e\006""; ledgerSeq: 38; requestCookie: 2; queryType: qtINDIRECT; ","itype: liBASE; ledgerHash: ""\347\000\235\365P6pmH\033\373\212c\377o\232\356\320D\002\277,]os{\354/?\312e\006""; ledgerSeq: 38; requestCookie: 2; queryType: qtINDIRECT; "
1750527654505,1750527654505,0,1,3,4,TMLedgerData,"ledgerHash: ""\347\000\235\365P6pmH\033\373\212c\377o\232\356\320D\002\277,]os{\354/?\312e\006""; ledgerSeq: 38; type: liBASE; nodes {;   nodedata: ""\000\000\000&\001cEx]\211\377\330\305q\237\274G\300a4\275\240s\215\222\210\016\020G\344=-:GK\312\035\271\201\350\376F\260G\000\000\000\000\000\000\000\000\000\000\000\000\000\000\000\000\000\000\000\000\000\000\000\000\000\000\000\000\000\000\000\000s\260\220Vjo\021\236\251\375P,6\017\361\024#y\3547\252\205\213aB\226l\357\t\306\201\312/\351\253#/\351\253$\n\000""; }; nodes {;   nodedata: ""\323C\344\327\264{\312-\017:\006{\177\344N\002\326bO\260\220\006\033\362\345\005U\221DzJ0\001\301\025%1L\307\t\261\262z\374\222T\301\274V\236\223\262\270Ct\362\337b\356\024*\324\320\351\317\002k\336\234\027v\351\217\260\303\360\233ZPZWr\246$w\313\313\r\243r\232\2234\373\3539:N\004Q\245\272D\312D\300\300\t\323\0257\345e\271\na\215{\226\255x%T\257\037\333\004\344_/R\006E\344\037@\210\363\010\336T\226\247'\204_{\261\370""1\235\2445\343\033Y!\212\201\341\272\225'\007\363Tc\332C\274\372:\317y\223\224\370\013l\244\210o\200n\021-\037f\214\353\335\210\216\220\3521\013\003""; }; requestCookie: 3; ","ledgerHash: ""\347\000\235\365P6pmH\033\373\212c\377o\232\356\320D\002\277,]os{\354/?\312e\006""; ledgerSeq: 38; type: liBASE; nodes {;   nodedata: ""\000\000\000&\001cEx]\211\377\330\305q\237\274G\300a4\275\240s\215\222\210\016\020G\344=-:GK\312\035\271\201\350\376F\260G\000\000\000\000\000\000\000\000\000\000\000\000\000\000\000\000\000\000\000\000\000\000\000\000\000\000\000\000\000\000\000\000s\260\220Vjo\021\236\251\375P,6\017\361\024#y\3547\252\205\213aB\226l\357\t\306\201\312/\351\253#/\351\253$\n\000""; }; nodes {;   nodedata: ""\323C\344\327\264{\312-\017:\006{\177\344N\002\326bO\260\220\006\033\362\345\005U\221DzJ0\001\301\025%1L\307\t\261\262z\374\222T\301\274V\236\223\262\270Ct\362\337b\356\024*\324\320\351\317\002k\336\234\027v\351\217\260\303\360\233ZPZWr\246$w\313\313\r\243r\232\2234\373\3539:N\004Q\245\272D\312D\300\300\t\323\0257\345e\271\na\215{\226\255x%T\257\037\333\004\344_/R\006E\344\037@\210\363\010\336T\226\247'\204_{\261\370""1\235\2445\343\033Y!\212\201\341\272\225'\007\363Tc\332C\274\372:\317y\223\224\370\013l\244\210o\200n\021-\037f\214\353\335\210\216\220\3521\013\003""; }; requestCookie: 3; "
1750527654506,1750527654506,0,1,1,4,TMLedgerData,"ledgerHash: ""\347\000\235\365P6pmH\033\373\212c\377o\232\356\320D\002\277,]os{\354/?\312e\006""; ledgerSeq: 38; type: liBASE; nodes {;   nodedata: ""\000\000\000&\001cEx]\211\377\330\305q\237\274G\300a4\275\240s\215\222\210\016\020G\344=-:GK\312\035\271\201\350\376F\260G\000\000\000\000\000\000\000\000\000\000\000\000\000\000\000\000\000\000\000\000\000\000\000\000\000\000\000\000\000\000\000\000s\260\220Vjo\021\236\251\375P,6\017\361\024#y\3547\252\205\213aB\226l\357\t\306\201\312/\351\253#/\351\253$\n\000""; }; nodes {;   nodedata: ""\323C\344\327\264{\312-\017:\006{\177\344N\002\326bO\260\220\006\033\362\345\005U\221DzJ0\001\301\025%1L\307\t\261\262z\374\222T\301\274V\236\223\262\270Ct\362\337b\356\024*\324\320\351\317\002k\336\234\027v\351\217\260\303\360\233ZPZWr\246$w\313\313\r\243r\232\2234\373\3539:N\004Q\245\272D\312D\300\300\t\323\0257\345e\271\na\215{\226\255x%T\257\037\333\004\344_/R\006E\344\037@\210\363\010\336T\226\247'\204_{\261\370""1\235\2445\343\033Y!\212\201\341\272\225'\007\363Tc\332C\274\372:\317y\223\224\370\013l\244\210o\200n\021-\037f\214\353\335\210\216\220\3521\013\003""; }; ","ledgerHash: ""\347\000\235\365P6pmH\033\373\212c\377o\232\356\320D\002\277,]os{\354/?\312e\006""; ledgerSeq: 38; type: liBASE; nodes {;   nodedata: ""\000\000\000&\001cEx]\211\377\330\305q\237\274G\300a4\275\240s\215\222\210\016\020G\344=-:GK\312\035\271\201\350\376F\260G\000\000\000\000\000\000\000\000\000\000\000\000\000\000\000\000\000\000\000\000\000\000\000\000\000\000\000\000\000\000\000\000s\260\220Vjo\021\236\251\375P,6\017\361\024#y\3547\252\205\213aB\226l\357\t\306\201\312/\351\253#/\351\253$\n\000""; }; nodes {;   nodedata: ""\323C\344\327\264{\312-\017:\006{\177\344N\002\326bO\260\220\006\033\362\345\005U\221DzJ0\001\301\025%1L\307\t\261\262z\374\222T\301\274V\236\223\262\270Ct\362\337b\356\024*\324\320\351\317\002k\336\234\027v\351\217\260\303\360\233ZPZWr\246$w\313\313\r\243r\232\2234\373\3539:N\004Q\245\272D\312D\300\300\t\323\0257\345e\271\na\215{\226\255x%T\257\037\333\004\344_/R\006E\344\037@\210\363\010\336T\226\247'\204_{\261\370""1\235\2445\343\033Y!\212\201\341\272\225'\007\363Tc\332C\274\372:\317y\223\224\370\013l\244\210o\200n\021-\037f\214\353\335\210\216\220\3521\013\003""; }; "
1750527654506,1750527654506,0,1,3,4,TMLedgerData,"ledgerHash: ""\347\000\235\365P6pmH\033\373\212c\377o\232\356\320D\002\277,]os{\354/?\312e\006""; ledgerSeq: 38; type: liBASE; nodes {;   nodedata: ""\000\000\000&\001cEx]\211\377\330\305q\237\274G\300a4\275\240s\215\222\210\016\020G\344=-:GK\312\035\271\201\350\376F\260G\000\000\000\000\000\000\000\000\000\000\000\000\000\000\000\000\000\000\000\000\000\000\000\000\000\000\000\000\000\000\000\000s\260\220Vjo\021\236\251\375P,6\017\361\024#y\3547\252\205\213aB\226l\357\t\306\201\312/\351\253#/\351\253$\n\000""; }; nodes {;   nodedata: ""\323C\344\327\264{\312-\017:\006{\177\344N\002\326bO\260\220\006\033\362\345\005U\221DzJ0\001\301\025%1L\307\t\261\262z\374\222T\301\274V\236\223\262\270Ct\362\337b\356\024*\324\320\351\317\002k\336\234\027v\351\217\260\303\360\233ZPZWr\246$w\313\313\r\243r\232\2234\373\3539:N\004Q\245\272D\312D\300\300\t\323\0257\345e\271\na\215{\226\255x%T\257\037\333\004\344_/R\006E\344\037@\210\363\010\336T\226\247'\204_{\261\370""1\235\2445\343\033Y!\212\201\341\272\225'\007\363Tc\332C\274\372:\317y\223\224\370\013l\244\210o\200n\021-\037f\214\353\335\210\216\220\3521\013\003""; }; requestCookie: 2; ","ledgerHash: ""\347\000\235\365P6pmH\033\373\212c\377o\232\356\320D\002\277,]os{\354/?\312e\006""; ledgerSeq: 38; type: liBASE; nodes {;   nodedata: ""\000\000\000&\001cEx]\211\377\330\305q\237\274G\300a4\275\240s\215\222\210\016\020G\344=-:GK\312\035\271\201\350\376F\260G\000\000\000\000\000\000\000\000\000\000\000\000\000\000\000\000\000\000\000\000\000\000\000\000\000\000\000\000\000\000\000\000s\260\220Vjo\021\236\251\375P,6\017\361\024#y\3547\252\205\213aB\226l\357\t\306\201\312/\351\253#/\351\253$\n\000""; }; nodes {;   nodedata: ""\323C\344\327\264{\312-\017:\006{\177\344N\002\326bO\260\220\006\033\362\345\005U\221DzJ0\001\301\025%1L\307\t\261\262z\374\222T\301\274V\236\223\262\270Ct\362\337b\356\024*\324\320\351\317\002k\336\234\027v\351\217\260\303\360\233ZPZWr\246$w\313\313\r\243r\232\2234\373\3539:N\004Q\245\272D\312D\300\300\t\323\0257\345e\271\na\215{\226\255x%T\257\037\333\004\344_/R\006E\344\037@\210\363\010\336T\226\247'\204_{\261\370""1\235\2445\343\033Y!\212\201\341\272\225'\007\363Tc\332C\274\372:\317y\223\224\370\013l\244\210o\200n\021-\037f\214\353\335\210\216\220\3521\013\003""; }; requestCookie: 2; "
1750527654507,1750527654507,0,1,3,4,TMLedgerData,"ledgerHash: ""\347\000\235\365P6pmH\033\373\212c\377o\232\356\320D\002\277,]os{\354/?\312e\006""; ledgerSeq: 38; type: liBASE; nodes {;   nodedata: ""\000\000\000&\001cEx]\211\377\330\305q\237\274G\300a4\275\240s\215\222\210\016\020G\344=-:GK\312\035\271\201\350\376F\260G\000\000\000\000\000\000\000\000\000\000\000\000\000\000\000\000\000\000\000\000\000\000\000\000\000\000\000\000\000\000\000\000s\260\220Vjo\021\236\251\375P,6\017\361\024#y\3547\252\205\213aB\226l\357\t\306\201\312/\351\253#/\351\253$\n\000""; }; nodes {;   nodedata: ""\323C\344\327\264{\312-\017:\006{\177\344N\002\326bO\260\220\006\033\362\345\005U\221DzJ0\001\301\025%1L\307\t\261\262z\374\222T\301\274V\236\223\262\270Ct\362\337b\356\024*\324\320\351\317\002k\336\234\027v\351\217\260\303\360\233ZPZWr\246$w\313\313\r\243r\232\2234\373\3539:N\004Q\245\272D\312D\300\300\t\323\0257\345e\271\na\215{\226\255x%T\257\037\333\004\344_/R\006E\344\037@\210\363\010\336T\226\247'\204_{\261\370""1\235\2445\343\033Y!\212\201\341\272\225'\007\363Tc\332C\274\372:\317y\223\224\370\013l\244\210o\200n\021-\037f\214\353\335\210\216\220\3521\013\003""; }; requestCookie: 1; ","ledgerHash: ""\347\000\235\365P6pmH\033\373\212c\377o\232\356\320D\002\277,]os{\354/?\312e\006""; ledgerSeq: 38; type: liBASE; nodes {;   nodedata: ""\000\000\000&\001cEx]\211\377\330\305q\237\274G\300a4\275\240s\215\222\210\016\020G\344=-:GK\312\035\271\201\350\376F\260G\000\000\000\000\000\000\000\000\000\000\000\000\000\000\000\000\000\000\000\000\000\000\000\000\000\000\000\000\000\000\000\000s\260\220Vjo\021\236\251\375P,6\017\361\024#y\3547\252\205\213aB\226l\357\t\306\201\312/\351\253#/\351\253$\n\000""; }; nodes {;   nodedata: ""\323C\344\327\264{\312-\017:\006{\177\344N\002\326bO\260\220\006\033\362\345\005U\221DzJ0\001\301\025%1L\307\t\261\262z\374\222T\301\274V\236\223\262\270Ct\362\337b\356\024*\324\320\351\317\002k\336\234\027v\351\217\260\303\360\233ZPZWr\246$w\313\313\r\243r\232\2234\373\3539:N\004Q\245\272D\312D\300\300\t\323\0257\345e\271\na\215{\226\255x%T\257\037\333\004\344_/R\006E\344\037@\210\363\010\336T\226\247'\204_{\261\370""1\235\2445\343\033Y!\212\201\341\272\225'\007\363Tc\332C\274\372:\317y\223\224\370\013l\244\210o\200n\021-\037f\214\353\335\210\216\220\3521\013\003""; }; requestCookie: 1; "
1750527654508,1750527654508,0,1,3,4,TMLedgerData,"ledgerHash: ""\347\000\235\365P6pmH\033\373\212c\377o\232\356\320D\002\277,]os{\354/?\312e\006""; ledgerSeq: 38; type: liAS_NODE; nodes {;   nodedata: ""\021\000h""\000\000\000\000 \033\000\000\000%\002\023\304\377\330\356GuH\375\327!\255\371\r\231\262R\256J\034\222\241\355X\265E\241^W\225\304\014\361CX-}\351f\032\255\274\334m\326c\017\014ao[\342\230\003\245\245\3341Hm\326^\017jy\335\261\032Yt\320\244{g\0306\\302\303*\341\215\223\257\364\277o\375\000r\241SOq\221\253\262\005\017\375T\356\014\360o'\030\311-\267\031\257!\031T\006><\315XM\334\324\345\034\000\325\367\240\271\013\265\024\321\362\354\211\250.\234s\225amc\305\035\366\276\037nD\277`\210\223N\3535\033\261\304f\331]\036\237\306o!\223\221\002\324\031\262\240R\177 ,\214\325\Q])\016\2067\277\t\354\010\000\360\215\2502\265\245\310\226\243c\302Ze\306\253#r\020\211\320iG\276\020E\317\035Sf\223F\254\033@\177e\277\016\010u\327\371&\262\312\317Q\2361t\377x\234\001v\003%\030\325_\225g\204\346a=\225\273\331\354\365*U\363\263N\367b\371\244\314-w\363\262\225Z\200\206\235\233\257?sE\2674\254\326mU\377?\177Ek\336\030!\316Aa\225\303\022\377{\210Y\226\271as\354L\035\004\341\361\035\301\024\220m#*\372\032\3178~\374\250\014*\323\342'z69\220\327\256\351G\367\317u\302\207\270b\315\333\333\334\310I\323&\014\352XZnW2.\335\347\202\021\247\362\212e\034\000\001\250\220\305;a\314\265R\310\017\317\331\235\360\262\240:\277\202\266\354\265X""\022\nh\252\352w\204\203\023]\001f\352\277\0031Q]\362\370R\350{\261\202\240\344\215\201\353\276\322p5p\350\354\017>\250r\241c\273\016\301\024\363\242\247\263\231\370\344\nBW\220K\316@3\243\200\036wk\253GSlU\010\360\231>\331\263H\214\324\030A\225\301o\346pkSF\004\241\213w9\223=\250\262*+\255\351r\265\244c\024\213\t\007`\223\325#\3477\210\345P\306\013\320\252[\0216+\227=`\371P\314\346 V7\271[~\n\237\274|\347\352@K\253~&\260\032\024\004B\200\255h\351\013\361\031:nG\211\005|\2003\266\274\251,W\006u\344\335d\003\306\212\313,\340\350bG\n\030Z\2732-\246\312\255\030\003\235207\005}D\260\0261ah\322M\304\216\273m0\271\234\237\007<w$\265C\245\232\033\023\313c\321B\032l\301h\005\320\252\301\361(\330[\343\357\343{\235\n\266g\272>\177\317\347\261qb&\270&\346ju\200\363N\320\307\004\034\001n\317\361\2653\254\2503\247\305\372\316W\022O\253x\250\025\373\247\354Tc\304\263\243^\352Gv\\264\261\r\035\226\306\2411\351\233\203\215\200$\231\300f\220\371c@\017\254\363\\371\340\340VaR\205~^\226\342t\360\022\204d\231\205)\272\364?\361!\334\331\315\254\230\rBG\314\023\246\244=\351\177\254\302b&\276+H;0\312\021&\275\036\237\350R\313\206R\331\304k\323u\263t\221\213yC\241\217A\242\027g\322\241'\212.E?B_\316\327\217J +\370\t^b\005\020\003\211\373\247|hC\271Nmk~J\270EU\274\036-\347\240\312FA\321\341bca\253\025\321\311\317\021\375\317\217\n\272\033o\353G>\275\361H\265\240\232um""\317\324`\214\221\314\000\211K\223+(""\200i \311\372g\254\343ZR0\224\275q\252\357\213\263\206N\357&Q\217\267\303\356I\236\357\264\311b\037\366\035\253\343\311\265\240\327q\206f\262ODi\215-\363>\034\236l\273\005G\316F\217}[\036\007\270:\260\335\271B\241N\345\330\204\327f\361\272Kb\0377p\334\264\237\177~\330]\252+:\317u\302h\n\351\n\364\231\277R\371\356\033y\265v\360Ny\246\332qY\262\231\251\n\305\334\202\305\362\n\367@k\231\016R:\327\242\366\242\253LZY\223$Gw^\203\302\311\316I7\371tTwp}\005|\372\214\251{R`\230V\244-\326I\351\255\325i\335\377\321\353\327\331\302\023\347y\016\263\271\317\306\017UV\314qu?\0064A\315{3D\010\016S\212\2353k0\361\214ID\303g\277\010Y_\001~\021\333\370\255\374\\331\306\255\336)\365Rth\024\t\300.M\315\321S\257\224\252\362\326P\316\303%nX\3742\333\036\004Y\264yG^\234\177\214\305q\237\274G\300a4\275\240s\215\222\210\016\020G\344=-:GK\312\035\271\201\350\376F\260G\264\227\2326\315\307\363\323\325\303\032N\256*\307\327 \235\332\207u\210\271\257\306g\231i*\260\326k\001"";   nodeid: ""\260\000\000\000\000\000\000\000\000\000\000\000\000\000\000\000\000\000\000\000\000\000\000\000\000\000\000\000\000\000\000\000\001""; }; ","ledgerHash: ""\347\000\235\365P6pmH\033\373\212c\377o\232\356\320D\002\277,]os{\354/?\312e\006""; ledgerSeq: 38; type: liAS_NODE; nodes {;   nodedata: ""\021\000h""\000\000\000\000 \033\000\000\000%\002\023\304\377\330\356GuH\375\327!\255\371\r\231\262R\256J\034\222\241\355X\265E\241^W\225\304\014\361CX-}\351f\032\255\274\334m\326c\017\014ao[\342\230\003\245\245\3341Hm\326^\017jy\335\261\032Yt\320\244{g\0306\\302\303*\341\215\223\257\364\277o\375\000r\241SOq\221\253\262\005\017\375T\356\014\360o'\030\311-\267\031\257!\031T\006><\315XM\334\324\345\034\000\325\367\240\271\013\265\024\321\362\354\211\250.\234s\225amc\305\035\366\276\037nD\277`\210\223N\3535\033\261\304f\331]\036\237\306o!\223\221\002\324\031\262\240R\177 ,\214\325\Q])\016\2067\277\t\354\010\000\360\215\2502\265\245\310\226\243c\302Ze\306\253#r\020\211\320iG\276\020E\317\035Sf\223F\254\033@\177e\277\016\010u\327\371&\262\312\317Q\2361t\377x\234\001v\003%\030\325_\225g\204\346a=\225\273\331\354\365*U\363\263N\367b\371\244\314-w\363\262\225Z\200\206\235\233\257?sE\2674\254\326mU\377?\177Ek\336\030!\316Aa\225\303\022\377{\210Y\226\271as\354L\035\004\341\361\035\301\024\220m#*\372\032\3178~\374\250\014*\323\342'z69\220\327\256\351G\367\317u\302\207\270b\315\333\333\334\310I\323&\014\352XZnW2.\335\347\202\021\247\362\212e\034\000\001\250\220\305;a\314\265R\310\017\317\331\235\360\262\240:\277\202\266\354\265X""\022\nh\252\352w\204\203\023]\001f\352\277\0031Q]\362\370R\350{\261\202\240\344\215\201\353\276\322p5p\350\354\017>\250r\241c\273\016\301\024\363\242\247\263\231\370\344\nBW\220K\316@3\243\200\036wk\253GSlU\010\360\231>\331\263H\214\324\030A\225\301o\346pkSF\004\241\213w9\223=\250\262*+\255\351r\265\244c\024\213\t\007`\223\325#\3477\210\345P\306\013\320\252[\0216+\227=`\371P\314\346 V7\271[~\n\237\274|\347\352@K\253~&\260\032\024\004B\200\255h\351\013\361\031:nG\211\005|\2003\266\274\251,W\006u\344\335d\003\306\212\313,\340\350bG\n\030Z\2732-\246\312\255\030\003\235207\005}D\260\0261ah\322M\304\216\273m0\271\234\237\007<w$\265C\245\232\033\023\313c\321B\032l\301h\005\320\252\301\361(\330[\343\357\343{\235\n\266g\272>\177\317\347\261qb&\270&\346ju\200\363N\320\307\004\034\001n\317\361\2653\254\2503\247\305\372\316W\022O\253x\250\025\373\247\354Tc\304\263\243^\352Gv\\264\261\r\035\226\306\2411\351\233\203\215\200$\231\300f\220\371c@\017\254\363\\371\340\340VaR\205~^\226\342t\360\022\204d\231\205)\272\364?\361!\334\331\315\254\230\rBG\314\023\246\244=\351\177\254\302b&\276+H;0\312\021&\275\036\237\350R\313\206R\331\304k\323u\263t\221\213yC\241\217A\242\027g\322\241'\212.E?B_\316\327\217J +\370\t^b\005\020\003\211\373\247|hC\271Nmk~J\270EU\274\036-\347\240\312FA\321\341bca\253\025\321\311\317\021\375\317\217\n\272\033o\353G>\275\361H\265\240\232um""\317\324`\214\221\314\000\211K\223+(""\200i \311\372g\254\343ZR0\224\275q\252\357\213\263\206N\357&Q\217\267\303\356I\236\357\264\311b\037\366\035\253\343\311\265\240\327q\206f\262ODi\215-\363>\034\236l\273\005G\316F\217}[\036\007\270:\260\335\271B\241N\345\330\204\327f\361\272Kb\0377p\334\264\237\177~\330]\252+:\317u\302h\n\351\n\364\231\277R\371\356\033y\265v\360Ny\246\332qY\262\231\251\n\305\334\202\305\362\n\367@k\231\016R:\327\242\366\242\253LZY\223$Gw^\203\302\311\316I7\371tTwp}\005|\372\214\251{R`\230V\244-\326I\351\255\325i\335\377\321\353\327\331\302\023\347y\016\263\271\317\306\017UV\314qu?\0064A\315{3D\010\016S\212\2353k0\361\214ID\303g\277\010Y_\001~\021\333\370\255\374\\331\306\255\336)\365Rth\024\t\300.M\315\321S\257\224\252\362\326P\316\303%nX\3742\333\036\004Y\264yG^\234\177\214\305q\237\274G\300a4\275\240s\215\222\210\016\020G\344=-:GK\312\035\271\201\350\376F\260G\264\227\2326\315\307\363\323\325\303\032N\256*\307\327 \235\332\207u\210\271\257\306g\231i*\260\326k\001"";   nodeid: ""\260\000\000\000\000\000\000\000\000\000\000\000\000\000\000\000\000\000\000\000\000\000\000\000\000\000\000\000\000\000\000\000\001""; }; "
1750527654509,1750527654509,0,1,3,0,TMLedgerData,"ledgerHash: ""\347\000\235\365P6pmH\033\373\212c\377o\232\356\320D\002\277,]os{\354/?\312e\006""; ledgerSeq: 38; type: liBASE; nodes {;   nodedata: ""\000\000\000&\001cEx]\211\377\330\305q\237\274G\300a4\275\240s\215\222\210\016\020G\344=-:GK\312\035\271\201\350\376F\260G\000\000\000\000\000\000\000\000\000\000\000\000\000\000\000\000\000\000\000\000\000\000\000\000\000\000\000\000\000\000\000\000s\260\220Vjo\021\236\251\375P,6\017\361\024#y\3547\252\205\213aB\226l\357\t\306\201\312/\351\253#/\351\253$\n\000""; }; nodes {;   nodedata: ""\323C\344\327\264{\312-\017:\006{\177\344N\002\326bO\260\220\006\033\362\345\005U\221DzJ0\001\301\025%1L\307\t\261\262z\374\222T\301\274V\236\223\262\270Ct\362\337b\356\024*\324\320\351\317\002k\336\234\027v\351\217\260\303\360\233ZPZWr\246$w\313\313\r\243r\232\2234\373\3539:N\004Q\245\272D\312D\300\300\t\323\0257\345e\271\na\215{\226\255x%T\257\037\333\004\344_/R\006E\344\037@\210\363\010\336T\226\247'\204_{\261\370""1\235\2445\343\033Y!\212\201\341\272\225'\007\363Tc\332C\274\372:\317y\223\224\370\013l\244\210o\200n\021-\037f\214\353\335\210\216\220\3521\013\003""; }; requestCookie: 2; ","ledgerHash: ""\347\000\235\365P6pmH\033\373\212c\377o\232\356\320D\002\277,]os{\354/?\312e\006""; ledgerSeq: 38; type: liBASE; nodes {;   nodedata: ""\000\000\000&\001cEx]\211\377\330\305q\237\274G\300a4\275\240s\215\222\210\016\020G\344=-:GK\312\035\271\201\350\376F\260G\000\000\000\000\000\000\000\000\000\000\000\000\000\000\000\000\000\000\000\000\000\000\000\000\000\000\000\000\000\000\000\000s\260\220Vjo\021\236\251\375P,6\017\361\024#y\3547\252\205\213aB\226l\357\t\306\201\312/\351\253#/\351\253$\n\000""; }; nodes {;   nodedata: ""\323C\344\327\264{\312-\017:\006{\177\344N\002\326bO\260\220\006\033\362\345\005U\221DzJ0\001\301\025%1L\307\t\261\262z\374\222T\301\274V\236\223\262\270Ct\362\337b\356\024*\324\320\351\317\002k\336\234\027v\351\217\260\303\360\233ZPZWr\246$w\313\313\r\243r\232\2234\373\3539:N\004Q\245\272D\312D\300\300\t\323\0257\345e\271\na\215{\226\255x%T\257\037\333\004\344_/R\006E\344\037@\210\363\010\336T\226\247'\204_{\261\370""1\235\2445\343\033Y!\212\201\341\272\225'\007\363Tc\332C\274\372:\317y\223\224\370\013l\244\210o\200n\021-\037f\214\353\335\210\216\220\3521\013\003""; }; requestCookie: 2; "
1750527654509,1750527654509,0,1,3,0,TMLedgerData,"ledgerHash: ""\347\000\235\365P6pmH\033\373\212c\377o\232\356\320D\002\277,]os{\354/?\312e\006""; ledgerSeq: 38; type: liBASE; nodes {;   nodedata: ""\000\000\000&\001cEx]\211\377\330\305q\237\274G\300a4\275\240s\215\222\210\016\020G\344=-:GK\312\035\271\201\350\376F\260G\000\000\000\000\000\000\000\000\000\000\000\000\000\000\000\000\000\000\000\000\000\000\000\000\000\000\000\000\000\000\000\000s\260\220Vjo\021\236\251\375P,6\017\361\024#y\3547\252\205\213aB\226l\357\t\306\201\312/\351\253#/\351\253$\n\000""; }; nodes {;   nodedata: ""\323C\344\327\264{\312-\017:\006{\177\344N\002\326bO\260\220\006\033\362\345\005U\221DzJ0\001\301\025%1L\307\t\261\262z\374\222T\301\274V\236\223\262\270Ct\362\337b\356\024*\324\320\351\317\002k\336\234\027v\351\217\260\303\360\233ZPZWr\246$w\313\313\r\243r\232\2234\373\3539:N\004Q\245\272D\312D\300\300\t\323\0257\345e\271\na\215{\226\255x%T\257\037\333\004\344_/R\006E\344\037@\210\363\010\336T\226\247'\204_{\261\370""1\235\2445\343\033Y!\212\201\341\272\225'\007\363Tc\332C\274\372:\317y\223\224\370\013l\244\210o\200n\021-\037f\214\353\335\210\216\220\3521\013\003""; }; requestCookie: 5; ","ledgerHash: ""\347\000\235\365P6pmH\033\373\212c\377o\232\356\320D\002\277,]os{\354/?\312e\006""; ledgerSeq: 38; type: liBASE; nodes {;   nodedata: ""\000\000\000&\001cEx]\211\377\330\305q\237\274G\300a4\275\240s\215\222\210\016\020G\344=-:GK\312\035\271\201\350\376F\260G\000\000\000\000\000\000\000\000\000\000\000\000\000\000\000\000\000\000\000\000\000\000\000\000\000\000\000\000\000\000\000\000s\260\220Vjo\021\236\251\375P,6\017\361\024#y\3547\252\205\213aB\226l\357\t\306\201\312/\351\253#/\351\253$\n\000""; }; nodes {;   nodedata: ""\323C\344\327\264{\312-\017:\006{\177\344N\002\326bO\260\220\006\033\362\345\005U\221DzJ0\001\301\025%1L\307\t\261\262z\374\222T\301\274V\236\223\262\270Ct\362\337b\356\024*\324\320\351\317\002k\336\234\027v\351\217\260\303\360\233ZPZWr\246$w\313\313\r\243r\232\2234\373\3539:N\004Q\245\272D\312D\300\300\t\323\0257\345e\271\na\215{\226\255x%T\257\037\333\004\344_/R\006E\344\037@\210\363\010\336T\226\247'\204_{\261\370""1\235\2445\343\033Y!\212\201\341\272\225'\007\363Tc\332C\274\372:\317y\223\224\370\013l\244\210o\200n\021-\037f\214\353\335\210\216\220\3521\013\003""; }; requestCookie: 5; "
1750527654510,1750527654510,0,1,3,1,TMLedgerData,"ledgerHash: ""\347\000\235\365P6pmH\033\373\212c\377o\232\356\320D\002\277,]os{\354/?\312e\006""; ledgerSeq: 38; type: liBASE; nodes {;   nodedata: ""\000\000\000&\001cEx]\211\377\330\305q\237\274G\300a4\275\240s\215\222\210\016\020G\344=-:GK\312\035\271\201\350\376F\260G\000\000\000\000\000\000\000\000\000\000\000\000\000\000\000\000\000\000\000\000\000\000\000\000\000\000\000\000\000\000\000\000s\260\220Vjo\021\236\251\375P,6\017\361\024#y\3547\252\205\213aB\226l\357\t\306\201\312/\351\253#/\351\253$\n\000""; }; nodes {;   nodedata: ""\323C\344\327\264{\312-\017:\006{\177\344N\002\326bO\260\220\006\033\362\345\005U\221DzJ0\001\301\025%1L\307\t\261\262z\374\222T\301\274V\236\223\262\270Ct\362\337b\356\024*\324\320\351\317\002k\336\234\027v\351\217\260\303\360\233ZPZWr\246$w\313\313\r\243r\232\2234\373\3539:N\004Q\245\272D\312D\300\300\t\323\0257\345e\271\na\215{\226\255x%T\257\037\333\004\344_/R\006E\344\037@\210\363\010\336T\226\247'\204_{\261\370""1\235\2445\343\033Y!\212\201\341\272\225'\007\363Tc\332C\274\372:\317y\223\224\370\013l\244\210o\200n\021-\037f\214\353\335\210\216\220\3521\013\003""; }; requestCookie: 2; ","ledgerHash: ""\347\000\235\365P6pmH\033\373\212c\377o\232\356\320D\002\277,]os{\354/?\312e\006""; ledgerSeq: 38; type: liBASE; nodes {;   nodedata: ""\000\000\000&\001cEx]\211\377\330\305q\237\274G\300a4\275\240s\215\222\210\016\020G\344=-:GK\312\035\271\201\350\376F\260G\000\000\000\000\000\000\000\000\000\000\000\000\000\000\000\000\000\000\000\000\000\000\000\000\000\000\000\000\000\000\000\000s\260\220Vjo\021\236\251\375P,6\017\361\024#y\3547\252\205\213aB\226l\357\t\306\201\312/\351\253#/\351\253$\n\000""; }; nodes {;   nodedata: ""\323C\344\327\264{\312-\017:\006{\177\344N\002\326bO\260\220\006\033\362\345\005U\221DzJ0\001\301\025%1L\307\t\261\262z\374\222T\301\274V\236\223\262\270Ct\362\337b\356\024*\324\320\351\317\002k\336\234\027v\351\217\260\303\360\233ZPZWr\246$w\313\313\r\243r\232\2234\373\3539:N\004Q\245\272D\312D\300\300\t\323\0257\345e\271\na\215{\226\255x%T\257\037\333\004\344_/R\006E\344\037@\210\363\010\336T\226\247'\204_{\261\370""1\235\2445\343\033Y!\212\201\341\272\225'\007\363Tc\332C\274\372:\317y\223\224\370\013l\244\210o\200n\021-\037f\214\353\335\210\216\220\3521\013\003""; }; requestCookie: 2; "
1750527654511,1750527654511,0,1,3,0,TMLedgerData,"ledgerHash: ""\347\000\235\365P6pmH\033\373\212c\377o\232\356\320D\002\277,]os{\354/?\312e\006""; ledgerSeq: 38; type: liAS_NODE; nodes {;   nodedata: ""\021\000h""\000\000\000\000 \033\000\000\000%\002\023\304\377\330\356GuH\375\327!\255\371\r\231\262R\256J\034\222\241\355X\265E\241^W\225\304\014\361CX-}\351f\032\255\274\334m\326c\017\014ao[\342\230\003\245\245\3341Hm\326^\017jy\335\261\032Yt\320\244{g\0306\\302\303*\341\215\223\257\364\277o\375\000r\241SOq\221\253\262\005\017\375T\356\014\360o'\030\311-\267\031\257!\031T\006><\315XM\334\324\345\034\000\325\367\240\271\013\265\024\321\362\354\211\250.\234s\225amc\305\035\366\276\037nD\277`\210\223N\3535\033\261\304f\331]\036\237\306o!\223\221\002\324\031\262\240R\177 ,\214\325\Q])\016\2067\277\t\354\010\000\360\215\2502\265\245\310\226\243c\302Ze\306\253#r\020\211\320iG\276\020E\317\035Sf\223F\254\033@\177e\277\016\010u\327\371&\262\312\317Q\2361t\377x\234\001v\003%\030\325_\225g\204\346a=\225\273\331\354\365*U\363\263N\367b\371\244\314-w\363\262\225Z\200\206\235\233\257?sE\2674\254\326mU\377?\177Ek\336\030!\316Aa\225\303\022\377{\210Y\226\271as\354L\035\004\341\361\035\301\024\220m#*\372\032\3178~\374\250\014*\323\342'z69\220\327\256\351G\367\317u\302\207\270b\315\333\333\334\310I\323&\014\352XZnW2.\335\347\202\021\247\362\212e\034\000\001\250\220\305;a\314\265R\310\017\317\331\235\360\262\240:\277\202\266\354\265X""\022\nh\252\352w\204\203\023]\001f\352\277\0031Q]\362\370R\350{\261\202\240\344\215\201\353\276\322p5p\350\354\017>\250r\241c\273\016\301\024\363\242\247\263\231\370\344\nBW\220K\316@3\243\200\036wk\253GSlU\010\360\231>\331\263H\214\324\030A\225\301o\346pkSF\004\241\213w9\223=\250\262*+\255\351r\265\244c\024\213\t\007`\223\325#\3477\210\345P\306\013\320\252[\0216+\227=`\371P\314\346 V7\271[~\n\237\274|\347\352@K\253~&\260\032\024\004B\200\255h\351\013\361\031:nG\211\005|\2003\266\274\251,W\006u\344\335d\003\306\212\313,\340\350bG\n\030Z\2732-\246\312\255\030\003\235207\005}D\260\0261ah\322M\304\216\273m0\271\234\237\007<w$\265C\245\232\033\023\313c\321B\032l\301h\005\320\252\301\361(\330[\343\357\343{\235\n\266g\272>\177\317\347\261qb&\270&\346ju\200\363N\320\307\004\034\001n\317\361\2653\254\2503\247\305\372\316W\022O\253x\250\025\373\247\354Tc\304\263\243^\352Gv\\264\261\r\035\226\306\2411\351\233\203\215\200$\231\300f\220\371c@\017\254\363\\371\340\340VaR\205~^\226\342t\360\022\204d\231\205)\272\364?\361!\334\331\315\254\230\rBG\314\023\246\244=\351\177\254\302b&\276+H;0\312\021&\275\036\237\350R\313\206R\331\304k\323u\263t\221\213yC\241\217A\242\027g\322\241'\212.E?B_\316\327\217J +\370\t^b\005\020\003\211\373\247|hC\271Nmk~J\270EU\274\036-\347\240\312FA\321\341bca\253\025\321\311\317\021\375\317\217\n\272\033o\353G>\275\361H\265\240\232um""\317\324`\214\221\314\000\211K\223+(""\200i \311\372g\254\343ZR0\224\275q\252\357\213\263\206N\357&Q\217\267\303\356I\236\357\264\311b\037\366\035\253\343\311\265\240\327q\206f\262ODi\215-\363>\034\236l\273\005G\316F\217}[\036\007\270:\260\335\271B\241N\345\330\204\327f\361\272Kb\0377p\334\264\237\177~\330]\252+:\317u\302h\n\351\n\364\231\277R\371\356\033y\265v\360Ny\246\332qY\262\231\251\n\305\334\202\305\362\n\367@k\231\016R:\327\242\366\242\253LZY\223$Gw^\203\302\311\316I7\371tTwp}\005|\372\214\251{R`\230V\244-\326I\351\255\325i\335\377\321\353\327\331\302\023\347y\016\263\271\317\306\017UV\314qu?\0064A\315{3D\010\016S\212\2353k0\361\214ID\303g\277\010Y_\001~\021\333\370\255\374\\331\306\255\336)\365Rth\024\t\300.M\315\321S\257\224\252\362\326P\316\303%nX\3742\333\036\004Y\264yG^\234\177\214\305q\237\274G\300a4\275\240s\215\222\210\016\020G\344=-:GK\312\035\271\201\350\376F\260G\264\227\2326\315\307\363\323\325\303\032N\256*\307\327 \235\332\207u\210\271\257\306g\231i*\260\326k\001"";   nodeid: ""\260\000\000\000\000\000\000\000\000\000\000\000\000\000\000\000\000\000\000\000\000\000\000\000\000\000\000\000\000\000\000\000\001""; }; ","ledgerHash: ""\347\000\235\365P6pmH\033\373\212c\377o\232\356\320D\002\277,]os{\354/?\312e\006""; ledgerSeq: 38; type: liAS_NODE; nodes {;   nodedata: ""\021\000h""\000\000\000\000 \033\000\000\000%\002\023\304\377\330\356GuH\375\327!\255\371\r\231\262R\256J\034\222\241\355X\265E\241^W\225\304\014\361CX-}\351f\032\255\274\334m\326c\017\014ao[\342\230\003\245\245\3341Hm\326^\017jy\335\261\032Yt\320\244{g\0306\\302\303*\341\215\223\257\364\277o\375\000r\241SOq\221\253\262\005\017\375T\356\014\360o'\030\311-\267\031\257!\031T\006><\315XM\334\324\345\034\000\325\367\240\271\013\265\024\321\362\354\211\250.\234s\225amc\305\035\366\276\037nD\277`\210\223N\3535\033\261\304f\331]\036\237\306o!\223\221\002\324\031\262\240R\177 ,\214\325\Q])\016\2067\277\t\354\010\000\360\215\2502\265\245\310\226\243c\302Ze\306\253#r\020\211\320iG\276\020E\317\035Sf\223F\254\033@\177e\277\016\010u\327\371&\262\312\317Q\2361t\377x\234\001v\003%\030\325_\225g\204\346a=\225\273\331\354\365*U\363\263N\367b\371\244\314-w\363\262\225Z\200\206\235\233\257?sE\2674\254\326mU\377?\177Ek\336\030!\316Aa\225\303\022\377{\210Y\226\271as\354L\035\004\341\361\035\301\024\220m#*\372\032\3178~\374\250\014*\323\342'z69\220\327\256\351G\367\317u\302\207\270b\315\333\333\334\310I\323&\014\352XZnW2.\335\347\202\021\247\362\212e\034\000\001\250\220\305;a\314\265R\310\017\317\331\235\360\262\240:\277\202\266\354\265X""\022\nh\252\352w\204\203\023]\001f\352\277\0031Q]\362\370R\350{\261\202\240\344\215\201\353\276\322p5p\350\354\017>\250r\241c\273\016\301\024\363\242\247\263\231\370\344\nBW\220K\316@3\243\200\036wk\253GSlU\010\360\231>\331\263H\214\324\030A\225\301o\346pkSF\004\241\213w9\223=\250\262*+\255\351r\265\244c\024\213\t\007`\223\325#\3477\210\345P\306\013\320\252[\0216+\227=`\371P\314\346 V7\271[~\n\237\274|\347\352@K\253~&\260\032\024\004B\200\255h\351\013\361\031:nG\211\005|\2003\266\274\251,W\006u\344\335d\003\306\212\313,\340\350bG\n\030Z\2732-\246\312\255\030\003\235207\005}D\260\0261ah\322M\304\216\273m0\271\234\237\007<w$\265C\245\232\033\023\313c\321B\032l\301h\005\320\252\301\361(\330[\343\357\343{\235\n\266g\272>\177\317\347\261qb&\270&\346ju\200\363N\320\307\004\034\001n\317\361\2653\254\2503\247\305\372\316W\022O\253x\250\025\373\247\354Tc\304\263\243^\352Gv\\264\261\r\035\226\306\2411\351\233\203\215\200$\231\300f\220\371c@\017\254\363\\371\340\340VaR\205~^\226\342t\360\022\204d\231\205)\272\364?\361!\334\331\315\254\230\rBG\314\023\246\244=\351\177\254\302b&\276+H;0\312\021&\275\036\237\350R\313\206R\331\304k\323u\263t\221\213yC\241\217A\242\027g\322\241'\212.E?B_\316\327\217J +\370\t^b\005\020\003\211\373\247|hC\271Nmk~J\270EU\274\036-\347\240\312FA\321\341bca\253\025\321\311\317\021\375\317\217\n\272\033o\353G>\275\361H\265\240\232um""\317\324`\214\221\314\000\211K\223+(""\200i \311\372g\254\343ZR0\224\275q\252\357\213\263\206N\357&Q\217\267\303\356I\236\357\264\311b\037\366\035\253\343\311\265\240\327q\206f\262ODi\215-\363>\034\236l\273\005G\316F\217}[\036\007\270:\260\335\271B\241N\345\330\204\327f\361\272Kb\0377p\334\264\237\177~\330]\252+:\317u\302h\n\351\n\364\231\277R\371\356\033y\265v\360Ny\246\332qY\262\231\251\n\305\334\202\305\362\n\367@k\231\016R:\327\242\366\242\253LZY\223$Gw^\203\302\311\316I7\371tTwp}\005|\372\214\251{R`\230V\244-\326I\351\255\325i\335\377\321\353\327\331\302\023\347y\016\263\271\317\306\017UV\314qu?\0064A\315{3D\010\016S\212\2353k0\361\214ID\303g\277\010Y_\001~\021\333\370\255\374\\331\306\255\336)\365Rth\024\t\300.M\315\321S\257\224\252\362\326P\316\303%nX\3742\333\036\004Y\264yG^\234\177\214\305q\237\274G\300a4\275\240s\215\222\210\016\020G\344=-:GK\312\035\271\201\350\376F\260G\264\227\2326\315\307\363\323\325\303\032N\256*\307\327 \235\332\207u\210\271\257\306g\231i*\260\326k\001"";   nodeid: ""\260\000\000\000\000\000\000\000\000\000\000\000\000\000\000\000\000\000\000\000\000\000\000\000\000\000\000\000\000\000\000\000\001""; }; "
1750527654512,1750527654512,0,1,3,0,TMLedgerData,"ledgerHash: ""\347\000\235\365P6pmH\033\373\212c\377o\232\356\320D\002\277,]os{\354/?\312e\006""; ledgerSeq: 38; type: liBASE; nodes {;   nodedata: ""\000\000\000&\001cEx]\211\377\330\305q\237\274G\300a4\275\240s\215\222\210\016\020G\344=-:GK\312\035\271\201\350\376F\260G\000\000\000\000\000\000\000\000\000\000\000\000\000\000\000\000\000\000\000\000\000\000\000\000\000\000\000\000\000\000\000\000s\260\220Vjo\021\236\251\375P,6\017\361\024#y\3547\252\205\213aB\226l\357\t\306\201\312/\351\253#/\351\253$\n\000""; }; nodes {;   nodedata: ""\323C\344\327\264{\312-\017:\006{\177\344N\002\326bO\260\220\006\033\362\345\005U\221DzJ0\001\301\025%1L\307\t\261\262z\374\222T\301\274V\236\223\262\270Ct\362\337b\356\024*\324\320\351\317\002k\336\234\027v\351\217\260\303\360\233ZPZWr\246$w\313\313\r\243r\232\2234\373\3539:N\004Q\245\272D\312D\300\300\t\323\0257\345e\271\na\215{\226\255x%T\257\037\333\004\344_/R\006E\344\037@\210\363\010\336T\226\247'\204_{\261\370""1\235\2445\343\033Y!\212\201\341\272\225'\007\363Tc\332C\274\372:\317y\223\224\370\013l\244\210o\200n\021-\037f\214\353\335\210\216\220\3521\013\003""; }; requestCookie: 3; ","ledgerHash: ""\347\000\235\365P6pmH\033\373\212c\377o\232\356\320D\002\277,]os{\354/?\312e\006""; ledgerSeq: 38; type: liBASE; nodes {;   nodedata: ""\000\000\000&\001cEx]\211\377\330\305q\237\274G\300a4\275\240s\215\222\210\016\020G\344=-:GK\312\035\271\201\350\376F\260G\000\000\000\000\000\000\000\000\000\000\000\000\000\000\000\000\000\000\000\000\000\000\000\000\000\000\000\000\000\000\000\000s\260\220Vjo\021\236\251\375P,6\017\361\024#y\3547\252\205\213aB\226l\357\t\306\201\312/\351\253#/\351\253$\n\000""; }; nodes {;   nodedata: ""\323C\344\327\264{\312-\017:\006{\177\344N\002\326bO\260\220\006\033\362\345\005U\221DzJ0\001\301\025%1L\307\t\261\262z\374\222T\301\274V\236\223\262\270Ct\362\337b\356\024*\324\320\351\317\002k\336\234\027v\351\217\260\303\360\233ZPZWr\246$w\313\313\r\243r\232\2234\373\3539:N\004Q\245\272D\312D\300\300\t\323\0257\345e\271\na\215{\226\255x%T\257\037\333\004\344_/R\006E\344\037@\210\363\010\336T\226\247'\204_{\261\370""1\235\2445\343\033Y!\212\201\341\272\225'\007\363Tc\332C\274\372:\317y\223\224\370\013l\244\210o\200n\021-\037f\214\353\335\210\216\220\3521\013\003""; }; requestCookie: 3; "
1750527654513,1750527654514,0,1,3,1,TMLedgerData,"ledgerHash: ""\347\000\235\365P6pmH\033\373\212c\377o\232\356\320D\002\277,]os{\354/?\312e\006""; ledgerSeq: 38; type: liAS_NODE; nodes {;   nodedata: ""\021\000h""\000\000\000\000 \033\000\000\000%\002\023\304\377\330\356GuH\375\327!\255\371\r\231\262R\256J\034\222\241\355X\265E\241^W\225\304\014\361CX-}\351f\032\255\274\334m\326c\017\014ao[\342\230\003\245\245\3341Hm\326^\017jy\335\261\032Yt\320\244{g\0306\\302\303*\341\215\223\257\364\277o\375\000r\241SOq\221\253\262\005\017\375T\356\014\360o'\030\311-\267\031\257!\031T\006><\315XM\334\324\345\034\000\325\367\240\271\013\265\024\321\362\354\211\250.\234s\225amc\305\035\366\276\037nD\277`\210\223N\3535\033\261\304f\331]\036\237\306o!\223\221\002\324\031\262\240R\177 ,\214\325\Q])\016\2067\277\t\354\010\000\360\215\2502\265\245\310\226\243c\302Ze\306\253#r\020\211\320iG\276\020E\317\035Sf\223F\254\033@\177e\277\016\010u\327\371&\262\312\317Q\2361t\377x\234\001v\003%\030\325_\225g\204\346a=\225\273\331\354\365*U\363\263N\367b\371\244\314-w\363\262\225Z\200\206\235\233\257?sE\2674\254\326mU\377?\177Ek\336\030!\316Aa\225\303\022\377{\210Y\226\271as\354L\035\004\341\361\035\301\024\220m#*\372\032\3178~\374\250\014*\323\342'z69\220\327\256\351G\367\317u\302\207\270b\315\333\333\334\310I\323&\014\352XZnW2.\335\347\202\021\247\362\212e\034\000\001\250\220\305;a\314\265R\310\017\317\331\235\360\262\240:\277\202\266\354\265X""\022\nh\252\352w\204\203\023]\001f\352\277\0031Q]\362\370R\350{\261\202\240\344\215\201\353\276\322p5p\350\354\017>\250r\241c\273\016\301\024\363\242\247\263\231\370\344\nBW\220K\316@3\243\200\036wk\253GSlU\010\360\231>\331\263H\214\324\030A\225\301o\346pkSF\004\241\213w9\223=\250\262*+\255\351r\265\244c\024\213\t\007`\223\325#\3477\210\345P\306\013\320\252[\0216+\227=`\371P\314\346 V7\271[~\n\237\274|\347\352@K\253~&\260\032\024\004B\200\255h\351\013\361\031:nG\211\005|\2003\266\274\251,W\006u\344\335d\003\306\212\313,\340\350bG\n\030Z\2732-\246\312\255\030\003\235207\005}D\260\0261ah\322M\304\216\273m0\271\234\237\007<w$\265C\245\232\033\023\313c\321B\032l\301h\005\320\252\301\361(\330[\343\357\343{\235\n\266g\272>\177\317\347\261qb&\270&\346ju\200\363N\320\307\004\034\001n\317\361\2653\254\2503\247\305\372\316W\022O\253x\250\025\373\247\354Tc\304\263\243^\352Gv\\264\261\r\035\226\306\2411\351\233\203\215\200$\231\300f\220\371c@\017\254\363\\371\340\340VaR\205~^\226\342t\360\022\204d\231\205)\272\364?\361!\334\331\315\254\230\rBG\314\023\246\244=\351\177\254\302b&\276+H;0\312\021&\275\036\237\350R\313\206R\331\304k\323u\263t\221\213yC\241\217A\242\027g\322\241'\212.E?B_\316\327\217J +\370\t^b\005\020\003\211\373\247|hC\271Nmk~J\270EU\274\036-\347\240\312FA\321\341bca\253\025\321\311\317\021\375\317\217\n\272\033o\353G>\275\361H\265\240\232um""\317\324`\214\221\314\000\211K\223+(""\200i \311\372g\254\343ZR0\224\275q\252\357\213\263\206N\357&Q\217\267\303\356I\236\357\264\311b\037\366\035\253\343\311\265\240\327q\206f\262ODi\215-\363>\034\236l\273\005G\316F\217}[\036\007\270:\260\335\271B\241N\345\330\204\327f\361\272Kb\0377p\334\264\237\177~\330]\252+:\317u\302h\n\351\n\364\231\277R\371\356\033y\265v\360Ny\246\332qY\262\231\251\n\305\334\202\305\362\n\367@k\231\016R:\327\242\366\242\253LZY\223$Gw^\203\302\311\316I7\371tTwp}\005|\372\214\251{R`\230V\244-\326I\351\255\325i\335\377\321\353\327\331\302\023\347y\016\263\271\317\306\017UV\314qu?\0064A\315{3D\010\016S\212\2353k0\361\214ID\303g\277\010Y_\001~\021\333\370\255\374\\331\306\255\336)\365Rth\024\t\300.M\315\321S\257\224\252\362\326P\316\303%nX\3742\333\036\004Y\264yG^\234\177\214\305q\237\274G\300a4\275\240s\215\222\210\016\020G\344=-:GK\312\035\271\201\350\376F\260G\264\227\2326\315\307\363\323\325\303\032N\256*\307\327 \235\332\207u\210\271\257\306g\231i*\260\326k\001"";   nodeid: ""\260\000\000\000\000\000\000\000\000\000\000\000\000\000\000\000\000\000\000\000\000\000\000\000\000\000\000\000\000\000\000\000\001""; }; ","ledgerHash: ""\347\000\235\365P6pmH\033\373\212c\377o\232\356\320D\002\277,]os{\354/?\312e\006""; ledgerSeq: 38; type: liAS_NODE; nodes {;   nodedata: ""\021\000h""\000\000\000\000 \033\000\000\000%\002\023\304\377\330\356GuH\375\327!\255\371\r\231\262R\256J\034\222\241\355X\265E\241^W\225\304\014\361CX-}\351f\032\255\274\334m\326c\017\014ao[\342\230\003\245\245\3341Hm\326^\017jy\335\261\032Yt\320\244{g\0306\\302\303*\341\215\223\257\364\277o\375\000r\241SOq\221\253\262\005\017\375T\356\014\360o'\030\311-\267\031\257!\031T\006><\315XM\334\324\345\034\000\325\367\240\271\013\265\024\321\362\354\211\250.\234s\225amc\305\035\366\276\037nD\277`\210\223N\3535\033\261\304f\331]\036\237\306o!\223\221\002\324\031\262\240R\177 ,\214\325\Q])\016\2067\277\t\354\010\000\360\215\2502\265\245\310\226\243c\302Ze\306\253#r\020\211\320iG\276\020E\317\035Sf\223F\254\033@\177e\277\016\010u\327\371&\262\312\317Q\2361t\377x\234\001v\003%\030\325_\225g\204\346a=\225\273\331\354\365*U\363\263N\367b\371\244\314-w\363\262\225Z\200\206\235\233\257?sE\2674\254\326mU\377?\177Ek\336\030!\316Aa\225\303\022\377{\210Y\226\271as\354L\035\004\341\361\035\301\024\220m#*\372\032\3178~\374\250\014*\323\342'z69\220\327\256\351G\367\317u\302\207\270b\315\333\333\334\310I\323&\014\352XZnW2.\335\347\202\021\247\362\212e\034\000\001\250\220\305;a\314\265R\310\017\317\331\235\360\262\240:\277\202\266\354\265X""\022\nh\252\352w\204\203\023]\001f\352\277\0031Q]\362\370R\350{\261\202\240\344\215\201\353\276\322p5p\350\354\017>\250r\241c\273\016\301\024\363\242\247\263\231\370\344\nBW\220K\316@3\243\200\036wk\253GSlU\010\360\231>\331\263H\214\324\030A\225\301o\346pkSF\004\241\213w9\223=\250\262*+\255\351r\265\244c\024\213\t\007`\223\325#\3477\210\345P\306\013\320\252[\0216+\227=`\371P\314\346 V7\271[~\n\237\274|\347\352@K\253~&\260\032\024\004B\200\255h\351\013\361\031:nG\211\005|\2003\266\274\251,W\006u\344\335d\003\306\212\313,\340\350bG\n\030Z\2732-\246\312\255\030\003\235207\005}D\260\0261ah\322M\304\216\273m0\271\234\237\007<w$\265C\245\232\033\023\313c\321B\032l\301h\005\320\252\301\361(\330[\343\357\343{\235\n\266g\272>\177\317\347\261qb&\270&\346ju\200\363N\320\307\004\034\001n\317\361\2653\254\2503\247\305\372\316W\022O\253x\250\025\373\247\354Tc\304\263\243^\352Gv\\264\261\r\035\226\306\2411\351\233\203\215\200$\231\300f\220\371c@\017\254\363\\371\340\340VaR\205~^\226\342t\360\022\204d\231\205)\272\364?\361!\334\331\315\254\230\rBG\314\023\246\244=\351\177\254\302b&\276+H;0\312\021&\275\036\237\350R\313\206R\331\304k\323u\263t\221\213yC\241\217A\242\027g\322\241'\212.E?B_\316\327\217J +\370\t^b\005\020\003\211\373\247|hC\271Nmk~J\270EU\274\036-\347\240\312FA\321\341bca\253\025\321\311\317\021\375\317\217\n\272\033o\353G>\275\361H\265\240\232um""\317\324`\214\221\314\000\211K\223+(""\200i \311\372g\254\343ZR0\224\275q\252\357\213\263\206N\357&Q\217\267\303\356I\236\357\264\311b\037\366\035\253\343\311\265\240\327q\206f\262ODi\215-\363>\034\236l\273\005G\316F\217}[\036\007\270:\260\335\271B\241N\345\330\204\327f\361\272Kb\0377p\334\264\237\177~\330]\252+:\317u\302h\n\351\n\364\231\277R\371\356\033y\265v\360Ny\246\332qY\262\231\251\n\305\334\202\305\362\n\367@k\231\016R:\327\242\366\242\253LZY\223$Gw^\203\302\311\316I7\371tTwp}\005|\372\214\251{R`\230V\244-\326I\351\255\325i\335\377\321\353\327\331\302\023\347y\016\263\271\317\306\017UV\314qu?\0064A\315{3D\010\016S\212\2353k0\361\214ID\303g\277\010Y_\001~\021\333\370\255\374\\331\306\255\336)\365Rth\024\t\300.M\315\321S\257\224\252\362\326P\316\303%nX\3742\333\036\004Y\264yG^\234\177\214\305q\237\274G\300a4\275\240s\215\222\210\016\020G\344=-:GK\312\035\271\201\350\376F\260G\264\227\2326\315\307\363\323\325\303\032N\256*\307\327 \235\332\207u\210\271\257\306g\231i*\260\326k\001"";   nodeid: ""\260\000\000\000\000\000\000\000\000\000\000\000\000\000\000\000\000\000\000\000\000\000\000\000\000\000\000\000\000\000\000\000\001""; }; "
1750527654515,1750527654515,0,1,3,2,TMLedgerData,"ledgerHash: ""\347\000\235\365P6pmH\033\373\212c\377o\232\356\320D\002\277,]os{\354/?\312e\006""; ledgerSeq: 38; type: liBASE; nodes {;   nodedata: ""\000\000\000&\001cEx]\211\377\330\305q\237\274G\300a4\275\240s\215\222\210\016\020G\344=-:GK\312\035\271\201\350\376F\260G\000\000\000\000\000\000\000\000\000\000\000\000\000\000\000\000\000\000\000\000\000\000\000\000\000\000\000\000\000\000\000\000s\260\220Vjo\021\236\251\375P,6\017\361\024#y\3547\252\205\213aB\226l\357\t\306\201\312/\351\253#/\351\253$\n\000""; }; nodes {;   nodedata: ""\323C\344\327\264{\312-\017:\006{\177\344N\002\326bO\260\220\006\033\362\345\005U\221DzJ0\001\301\025%1L\307\t\261\262z\374\222T\301\274V\236\223\262\270Ct\362\337b\356\024*\324\320\351\317\002k\336\234\027v\351\217\260\303\360\233ZPZWr\246$w\313\313\r\243r\232\2234\373\3539:N\004Q\245\272D\312D\300\300\t\323\0257\345e\271\na\215{\226\255x%T\257\037\333\004\344_/R\006E\344\037@\210\363\010\336T\226\247'\204_{\261\370""1\235\2445\343\033Y!\212\201\341\272\225'\007\363Tc\332C\274\372:\317y\223\224\370\013l\244\210o\200n\021-\037f\214\353\335\210\216\220\3521\013\003""; }; requestCookie: 5; ","ledgerHash: ""\347\000\235\365P6pmH\033\373\212c\377o\232\356\320D\002\277,]os{\354/?\312e\006""; ledgerSeq: 38; type: liBASE; nodes {;   nodedata: ""\000\000\000&\001cEx]\211\377\330\305q\237\274G\300a4\275\240s\215\222\210\016\020G\344=-:GK\312\035\271\201\350\376F\260G\000\000\000\000\000\000\000\000\000\000\000\000\000\000\000\000\000\000\000\000\000\000\000\000\000\000\000\000\000\000\000\000s\260\220Vjo\021\236\251\375P,6\017\361\024#y\3547\252\205\213aB\226l\357\t\306\201\312/\351\253#/\351\253$\n\000""; }; nodes {;   nodedata: ""\323C\344\327\264{\312-\017:\006{\177\344N\002\326bO\260\220\006\033\362\345\005U\221DzJ0\001\301\025%1L\307\t\261\262z\374\222T\301\274V\236\223\262\270Ct\362\337b\356\024*\324\320\351\317\002k\336\234\027v\351\217\260\303\360\233ZPZWr\246$w\313\313\r\243r\232\2234\373\3539:N\004Q\245\272D\312D\300\300\t\323\0257\345e\271\na\215{\226\255x%T\257\037\333\004\344_/R\006E\344\037@\210\363\010\336T\226\247'\204_{\261\370""1\235\2445\343\033Y!\212\201\341\272\225'\007\363Tc\332C\274\372:\317y\223\224\370\013l\244\210o\200n\021-\037f\214\353\335\210\216\220\3521\013\003""; }; requestCookie: 5; "
1750527654515,1750527654515,0,1,3,2,TMLedgerData,"ledgerHash: ""\347\000\235\365P6pmH\033\373\212c\377o\232\356\320D\002\277,]os{\354/?\312e\006""; ledgerSeq: 38; type: liBASE; nodes {;   nodedata: ""\000\000\000&\001cEx]\211\377\330\305q\237\274G\300a4\275\240s\215\222\210\016\020G\344=-:GK\312\035\271\201\350\376F\260G\000\000\000\000\000\000\000\000\000\000\000\000\000\000\000\000\000\000\000\000\000\000\000\000\000\000\000\000\000\000\000\000s\260\220Vjo\021\236\251\375P,6\017\361\024#y\3547\252\205\213aB\226l\357\t\306\201\312/\351\253#/\351\253$\n\000""; }; nodes {;   nodedata: ""\323C\344\327\264{\312-\017:\006{\177\344N\002\326bO\260\220\006\033\362\345\005U\221DzJ0\001\301\025%1L\307\t\261\262z\374\222T\301\274V\236\223\262\270Ct\362\337b\356\024*\324\320\351\317\002k\336\234\027v\351\217\260\303\360\233ZPZWr\246$w\313\313\r\243r\232\2234\373\3539:N\004Q\245\272D\312D\300\300\t\323\0257\345e\271\na\215{\226\255x%T\257\037\333\004\344_/R\006E\344\037@\210\363\010\336T\226\247'\204_{\261\370""1\235\2445\343\033Y!\212\201\341\272\225'\007\363Tc\332C\274\372:\317y\223\224\370\013l\244\210o\200n\021-\037f\214\353\335\210\216\220\3521\013\003""; }; requestCookie: 3; ","ledgerHash: ""\347\000\235\365P6pmH\033\373\212c\377o\232\356\320D\002\277,]os{\354/?\312e\006""; ledgerSeq: 38; type: liBASE; nodes {;   nodedata: ""\000\000\000&\001cEx]\211\377\330\305q\237\274G\300a4\275\240s\215\222\210\016\020G\344=-:GK\312\035\271\201\350\376F\260G\000\000\000\000\000\000\000\000\000\000\000\000\000\000\000\000\000\000\000\000\000\000\000\000\000\000\000\000\000\000\000\000s\260\220Vjo\021\236\251\375P,6\017\361\024#y\3547\252\205\213aB\226l\357\t\306\201\312/\351\253#/\351\253$\n\000""; }; nodes {;   nodedata: ""\323C\344\327\264{\312-\017:\006{\177\344N\002\326bO\260\220\006\033\362\345\005U\221DzJ0\001\301\025%1L\307\t\261\262z\374\222T\301\274V\236\223\262\270Ct\362\337b\356\024*\324\320\351\317\002k\336\234\027v\351\217\260\303\360\233ZPZWr\246$w\313\313\r\243r\232\2234\373\3539:N\004Q\245\272D\312D\300\300\t\323\0257\345e\271\na\215{\226\255x%T\257\037\333\004\344_/R\006E\344\037@\210\363\010\336T\226\247'\204_{\261\370""1\235\2445\343\033Y!\212\201\341\272\225'\007\363Tc\332C\274\372:\317y\223\224\370\013l\244\210o\200n\021-\037f\214\353\335\210\216\220\3521\013\003""; }; requestCookie: 3; "
1750527654516,1750527654517,0,1,3,2,TMLedgerData,"ledgerHash: ""\347\000\235\365P6pmH\033\373\212c\377o\232\356\320D\002\277,]os{\354/?\312e\006""; ledgerSeq: 38; type: liAS_NODE; nodes {;   nodedata: ""\021\000h""\000\000\000\000 \033\000\000\000%\002\023\304\377\330\356GuH\375\327!\255\371\r\231\262R\256J\034\222\241\355X\265E\241^W\225\304\014\361CX-}\351f\032\255\274\334m\326c\017\014ao[\342\230\003\245\245\3341Hm\326^\017jy\335\261\032Yt\320\244{g\0306\\302\303*\341\215\223\257\364\277o\375\000r\241SOq\221\253\262\005\017\375T\356\014\360o'\030\311-\267\031\257!\031T\006><\315XM\334\324\345\034\000\325\367\240\271\013\265\024\321\362\354\211\250.\234s\225amc\305\035\366\276\037nD\277`\210\223N\3535\033\261\304f\331]\036\237\306o!\223\221\002\324\031\262\240R\177 ,\214\325\Q])\016\2067\277\t\354\010\000\360\215\2502\265\245\310\226\243c\302Ze\306\253#r\020\211\320iG\276\020E\317\035Sf\223F\254\033@\177e\277\016\010u\327\371&\262\312\317Q\2361t\377x\234\001v\003%\030\325_\225g\204\346a=\225\273\331\354\365*U\363\263N\367b\371\244\314-w\363\262\225Z\200\206\235\233\257?sE\2674\254\326mU\377?\177Ek\336\030!\316Aa\225\303\022\377{\210Y\226\271as\354L\035\004\341\361\035\301\024\220m#*\372\032\3178~\374\250\014*\323\342'z69\220\327\256\351G\367\317u\302\207\270b\315\333\333\334\310I\323&\014\352XZnW2.\335\347\202\021\247\362\212e\034\000\001\250\220\305;a\314\265R\310\017\317\331\235\360\262\240:\277\202\266\354\265X""\022\nh\252\352w\204\203\023]\001f\352\277\0031Q]\362\370R\350{\261\202\240\344\215\201\353\276\322p5p\350\354\017>\250r\241c\273\016\301\024\363\242\247\263\231\370\344\nBW\220K\316@3\243\200\036wk\253GSlU\010\360\231>\331\263H\214\324\030A\225\301o\346pkSF\004\241\213w9\223=\250\262*+\255\351r\265\244c\024\213\t\007`\223\325#\3477\210\345P\306\013\320\252[\0216+\227=`\371P\314\346 V7\271[~\n\237\274|\347\352@K\253~&\260\032\024\004B\200\255h\351\013\361\031:nG\211\005|\2003\266\274\251,W\006u\344\335d\003\306\212\313,\340\350bG\n\030Z\2732-\246\312\255\030\003\235207\005}D\260\0261ah\322M\304\216\273m0\271\234\237\007<w$\265C\245\232\033\023\313c\321B\032l\301h\005\320\252\301\361(\330[\343\357\343{\235\n\266g\272>\177\317\347\261qb&\270&\346ju\200\363N\320\307\004\034\001n\317\361\2653\254\2503\247\305\372\316W\022O\253x\250\025\373\247\354Tc\304\263\243^\352Gv\\264\261\r\035\226\306\2411\351\233\203\215\200$\231\300f\220\371c@\017\254\363\\371\340\340VaR\205~^\226\342t\360\022\204d\231\205)\272\364?\361!\334\331\315\254\230\rBG\314\023\246\244=\351\177\254\302b&\276+H;0\312\021&\275\036\237\350R\313\206R\331\304k\323u\263t\221\213yC\241\217A\242\027g\322\241'\212.E?B_\316\327\217J +\370\t^b\005\020\003\211\373\247|hC\271Nmk~J\270EU\274\036-\347\240\312FA\321\341bca\253\025\321\311\317\021\375\317\217\n\272\033o\353G>\275\361H\265\240\232um""\317\324`\214\221\314\000\211K\223+(""\200i \311\372g\254\343ZR0\224\275q\252\357\213\263\206N\357&Q\217\267\303\356I\236\357\264\311b\037\366\035\253\343\311\265\240\327q\206f\262ODi\215-\363>\034\236l\273\005G\316F\217}[\036\007\270:\260\335\271B\241N\345\330\204\327f\361\272Kb\0377p\334\264\237\177~\330]\252+:\317u\302h\n\351\n\364\231\277R\371\356\033y\265v\360Ny\246\332qY\262\231\251\n\305\334\202\305\362\n\367@k\231\016R:\327\242\366\242\253LZY\223$Gw^\203\302\311\316I7\371tTwp}\005|\372\214\251{R`\230V\244-\326I\351\255\325i\335\377\321\353\327\331\302\023\347y\016\263\271\317\306\017UV\314qu?\0064A\315{3D\010\016S\212\2353k0\361\214ID\303g\277\010Y_\001~\021\333\370\255\374\\331\306\255\336)\365Rth\024\t\300.M\315\321S\257\224\252\362\326P\316\303%nX\3742\333\036\004Y\264yG^\234\177\214\305q\237\274G\300a4\275\240s\215\222\210\016\020G\344=-:GK\312\035\271\201\350\376F\260G\264\227\2326\315\307\363\323\325\303\032N\256*\307\327 \235\332\207u\210\271\257\306g\231i*\260\326k\001"";   nodeid: ""\260\000\000\000\000\000\000\000\000\000\000\000\000\000\000\000\000\000\000\000\000\000\000\000\000\000\000\000\000\000\000\000\001""; }; ","ledgerHash: ""\347\000\235\365P6pmH\033\373\212c\377o\232\356\320D\002\277,]os{\354/?\312e\006""; ledgerSeq: 38; type: liAS_NODE; nodes {;   nodedata: ""\021\000h""\000\000\000\000 \033\000\000\000%\002\023\304\377\330\356GuH\375\327!\255\371\r\231\262R\256J\034\222\241\355X\265E\241^W\225\304\014\361CX-}\351f\032\255\274\334m\326c\017\014ao[\342\230\003\245\245\3341Hm\326^\017jy\335\261\032Yt\320\244{g\0306\\302\303*\341\215\223\257\364\277o\375\000r\241SOq\221\253\262\005\017\375T\356\014\360o'\030\311-\267\031\257!\031T\006><\315XM\334\324\345\034\000\325\367\240\271\013\265\024\321\362\354\211\250.\234s\225amc\305\035\366\276\037nD\277`\210\223N\3535\033\261\304f\331]\036\237\306o!\223\221\002\324\031\262\240R\177 ,\214\325\Q])\016\2067\277\t\354\010\000\360\215\2502\265\245\310\226\243c\302Ze\306\253#r\020\211\320iG\276\020E\317\035Sf\223F\254\033@\177e\277\016\010u\327\371&\262\312\317Q\2361t\377x\234\001v\003%\030\325_\225g\204\346a=\225\273\331\354\365*U\363\263N\367b\371\244\314-w\363\262\225Z\200\206\235\233\257?sE\2674\254\326mU\377?\177Ek\336\030!\316Aa\225\303\022\377{\210Y\226\271as\354L\035\004\341\361\035\301\024\220m#*\372\032\3178~\374\250\014*\323\342'z69\220\327\256\351G\367\317u\302\207\270b\315\333\333\334\310I\323&\014\352XZnW2.\335\347\202\021\247\362\212e\034\000\001\250\220\305;a\314\265R\310\017\317\331\235\360\262\240:\277\202\266\354\265X""\022\nh\252\352w\204\203\023]\001f\352\277\0031Q]\362\370R\350{\261\202\240\344\215\201\353\276\322p5p\350\354\017>\250r\241c\273\016\301\024\363\242\247\263\231\370\344\nBW\220K\316@3\243\200\036wk\253GSlU\010\360\231>\331\263H\214\324\030A\225\301o\346pkSF\004\241\213w9\223=\250\262*+\255\351r\265\244c\024\213\t\007`\223\325#\3477\210\345P\306\013\320\252[\0216+\227=`\371P\314\346 V7\271[~\n\237\274|\347\352@K\253~&\260\032\024\004B\200\255h\351\013\361\031:nG\211\005|\2003\266\274\251,W\006u\344\335d\003\306\212\313,\340\350bG\n\030Z\2732-\246\312\255\030\003\235207\005}D\260\0261ah\322M\304\216\273m0\271\234\237\007<w$\265C\245\232\033\023\313c\321B\032l\301h\005\320\252\301\361(\330[\343\357\343{\235\n\266g\272>\177\317\347\261qb&\270&\346ju\200\363N\320\307\004\034\001n\317\361\2653\254\2503\247\305\372\316W\022O\253x\250\025\373\247\354Tc\304\263\243^\352Gv\\264\261\r\035\226\306\2411\351\233\203\215\200$\231\300f\220\371c@\017\254\363\\371\340\340VaR\205~^\226\342t\360\022\204d\231\205)\272\364?\361!\334\331\315\254\230\rBG\314\023\246\244=\351\177\254\302b&\276+H;0\312\021&\275\036\237\350R\313\206R\331\304k\323u\263t\221\213yC\241\217A\242\027g\322\241'\212.E?B_\316\327\217J +\370\t^b\005\020\003\211\373\247|hC\271Nmk~J\270EU\274\036-\347\240\312FA\321\341bca\253\025\321\311\317\021\375\317\217\n\272\033o\353G>\275\361H\265\240\232um""\317\324`\214\221\314\000\211K\223+(""\200i \311\372g\254\343ZR0\224\275q\252\357\213\263\206N\357&Q\217\267\303\356I\236\357\264\311b\037\366\035\253\343\311\265\240\327q\206f\262ODi\215-\363>\034\236l\273\005G\316F\217}[\036\007\270:\260\335\271B\241N\345\330\204\327f\361\272Kb\0377p\334\264\237\177~\330]\252+:\317u\302h\n\351\n\364\231\277R\371\356\033y\265v\360Ny\246\332qY\262\231\251\n\305\334\202\305\362\n\367@k\231\016R:\327\242\366\242\253LZY\223$Gw^\203\302\311\316I7\371tTwp}\005|\372\214\251{R`\230V\244-\326I\351\255\325i\335\377\321\353\327\331\302\023\347y\016\263\271\317\306\017UV\314qu?\0064A\315{3D\010\016S\212\2353k0\361\214ID\303g\277\010Y_\001~\021\333\370\255\374\\331\306\255\336)\365Rth\024\t\300.M\315\321S\257\224\252\362\326P\316\303%nX\3742\333\036\004Y\264yG^\234\177\214\305q\237\274G\300a4\275\240s\215\222\210\016\020G\344=-:GK\312\035\271\201\350\376F\260G\264\227\2326\315\307\363\323\325\303\032N\256*\307\327 \235\332\207u\210\271\257\306g\231i*\260\326k\001"";   nodeid: ""\260\000\000\000\000\000\000\000\000\000\000\000\000\000\000\000\000\000\000\000\000\000\000\000\000\000\000\000\000\000\000\000\001""; }; "
1750527654517,1750527654518,0,1,3,2,TMLedgerData,"ledgerHash: ""\347\000\235\365P6pmH\033\373\212c\377o\232\356\320D\002\277,]os{\354/?\312e\006""; ledgerSeq: 38; type: liBASE; nodes {;   nodedata: ""\000\000\000&\001cEx]\211\377\330\305q\237\274G\300a4\275\240s\215\222\210\016\020G\344=-:GK\312\035\271\201\350\376F\260G\000\000\000\000\000\000\000\000\000\000\000\000\000\000\000\000\000\000\000\000\000\000\000\000\000\000\000\000\000\000\000\000s\260\220Vjo\021\236\251\375P,6\017\361\024#y\3547\252\205\213aB\226l\357\t\306\201\312/\351\253#/\351\253$\n\000""; }; nodes {;   nodedata: ""\323C\344\327\264{\312-\017:\006{\177\344N\002\326bO\260\220\006\033\362\345\005U\221DzJ0\001\301\025%1L\307\t\261\262z\374\222T\301\274V\236\223\262\270Ct\362\337b\356\024*\324\320\351\317\002k\336\234\027v\351\217\260\303\360\233ZPZWr\246$w\313\313\r\243r\232\2234\373\3539:N\004Q\245\272D\312D\300\300\t\323\0257\345e\271\na\215{\226\255x%T\257\037\333\004\344_/R\006E\344\037@\210\363\010\336T\226\247'\204_{\261\370""1\235\2445\343\033Y!\212\201\341\272\225'\007\363Tc\332C\274\372:\317y\223\224\370\013l\244\210o\200n\021-\037f\214\353\335\210\216\220\3521\013\003""; }; requestCookie: 2; ","ledgerHash: ""\347\000\235\365P6pmH\033\373\212c\377o\232\356\320D\002\277,]os{\354/?\312e\006""; ledgerSeq: 38; type: liBASE; nodes {;   nodedata: ""\000\000\000&\001cEx]\211\377\330\305q\237\274G\300a4\275\240s\215\222\210\016\020G\344=-:GK\312\035\271\201\350\376F\260G\000\000\000\000\000\000\000\000\000\000\000\000\000\000\000\000\000\000\000\000\000\000\000\000\000\000\000\000\000\000\000\000s\260\220Vjo\021\236\251\375P,6\017\361\024#y\3547\252\205\213aB\226l\357\t\306\201\312/\351\253#/\351\253$\n\000""; }; nodes {;   nodedata: ""\323C\344\327\264{\312-\017:\006{\177\344N\002\326bO\260\220\006\033\362\345\005U\221DzJ0\001\301\025%1L\307\t\261\262z\374\222T\301\274V\236\223\262\270Ct\362\337b\356\024*\324\320\351\317\002k\336\234\027v\351\217\260\303\360\233ZPZWr\246$w\313\313\r\243r\232\2234\373\3539:N\004Q\245\272D\312D\300\300\t\323\0257\345e\271\na\215{\226\255x%T\257\037\333\004\344_/R\006E\344\037@\210\363\010\336T\226\247'\204_{\261\370""1\235\2445\343\033Y!\212\201\341\272\225'\007\363Tc\332C\274\372:\317y\223\224\370\013l\244\210o\200n\021-\037f\214\353\335\210\216\220\3521\013\003""; }; requestCookie: 2; "
1750527654518,1750527654518,0,1,4,2,TMLedgerData,"ledgerHash: ""\347\000\235\365P6pmH\033\373\212c\377o\232\356\320D\002\277,]os{\354/?\312e\006""; ledgerSeq: 38; type: liBASE; nodes {;   nodedata: ""\000\000\000&\001cEx]\211\377\330\305q\237\274G\300a4\275\240s\215\222\210\016\020G\344=-:GK\312\035\271\201\350\376F\260G\000\000\000\000\000\000\000\000\000\000\000\000\000\000\000\000\000\000\000\000\000\000\000\000\000\000\000\000\000\000\000\000s\260\220Vjo\021\236\251\375P,6\017\361\024#y\3547\252\205\213aB\226l\357\t\306\201\312/\351\253#/\351\253$\n\000""; }; nodes {;   nodedata: ""\323C\344\327\264{\312-\017:\006{\177\344N\002\326bO\260\220\006\033\362\345\005U\221DzJ0\001\301\025%1L\307\t\261\262z\374\222T\301\274V\236\223\262\270Ct\362\337b\356\024*\324\320\351\317\002k\336\234\027v\351\217\260\303\360\233ZPZWr\246$w\313\313\r\243r\232\2234\373\3539:N\004Q\245\272D\312D\300\300\t\323\0257\345e\271\na\215{\226\255x%T\257\037\333\004\344_/R\006E\344\037@\210\363\010\336T\226\247'\204_{\261\370""1\235\2445\343\033Y!\212\201\341\272\225'\007\363Tc\332C\274\372:\317y\223\224\370\013l\244\210o\200n\021-\037f\214\353\335\210\216\220\3521\013\003""; }; ","ledgerHash: ""\347\000\235\365P6pmH\033\373\212c\377o\232\356\320D\002\277,]os{\354/?\312e\006""; ledgerSeq: 38; type: liBASE; nodes {;   nodedata: ""\000\000\000&\001cEx]\211\377\330\305q\237\274G\300a4\275\240s\215\222\210\016\020G\344=-:GK\312\035\271\201\350\376F\260G\000\000\000\000\000\000\000\000\000\000\000\000\000\000\000\000\000\000\000\000\000\000\000\000\000\000\000\000\000\000\000\000s\260\220Vjo\021\236\251\375P,6\017\361\024#y\3547\252\205\213aB\226l\357\t\306\201\312/\351\253#/\351\253$\n\000""; }; nodes {;   nodedata: ""\323C\344\327\264{\312-\017:\006{\177\344N\002\326bO\260\220\006\033\362\345\005U\221DzJ0\001\301\025%1L\307\t\261\262z\374\222T\301\274V\236\223\262\270Ct\362\337b\356\024*\324\320\351\317\002k\336\234\027v\351\217\260\303\360\233ZPZWr\246$w\313\313\r\243r\232\2234\373\3539:N\004Q\245\272D\312D\300\300\t\323\0257\345e\271\na\215{\226\255x%T\257\037\333\004\344_/R\006E\344\037@\210\363\010\336T\226\247'\204_{\261\370""1\235\2445\343\033Y!\212\201\341\272\225'\007\363Tc\332C\274\372:\317y\223\224\370\013l\244\210o\200n\021-\037f\214\353\335\210\216\220\3521\013\003""; }; "
1750527654519,1750527654519,0,1,4,1,TMLedgerData,"ledgerHash: ""\347\000\235\365P6pmH\033\373\212c\377o\232\356\320D\002\277,]os{\354/?\312e\006""; ledgerSeq: 38; type: liBASE; nodes {;   nodedata: ""\000\000\000&\001cEx]\211\377\330\305q\237\274G\300a4\275\240s\215\222\210\016\020G\344=-:GK\312\035\271\201\350\376F\260G\000\000\000\000\000\000\000\000\000\000\000\000\000\000\000\000\000\000\000\000\000\000\000\000\000\000\000\000\000\000\000\000s\260\220Vjo\021\236\251\375P,6\017\361\024#y\3547\252\205\213aB\226l\357\t\306\201\312/\351\253#/\351\253$\n\000""; }; nodes {;   nodedata: ""\323C\344\327\264{\312-\017:\006{\177\344N\002\326bO\260\220\006\033\362\345\005U\221DzJ0\001\301\025%1L\307\t\261\262z\374\222T\301\274V\236\223\262\270Ct\362\337b\356\024*\324\320\351\317\002k\336\234\027v\351\217\260\303\360\233ZPZWr\246$w\313\313\r\243r\232\2234\373\3539:N\004Q\245\272D\312D\300\300\t\323\0257\345e\271\na\215{\226\255x%T\257\037\333\004\344_/R\006E\344\037@\210\363\010\336T\226\247'\204_{\261\370""1\235\2445\343\033Y!\212\201\341\272\225'\007\363Tc\332C\274\372:\317y\223\224\370\013l\244\210o\200n\021-\037f\214\353\335\210\216\220\3521\013\003""; }; ","ledgerHash: ""\347\000\235\365P6pmH\033\373\212c\377o\232\356\320D\002\277,]os{\354/?\312e\006""; ledgerSeq: 38; type: liBASE; nodes {;   nodedata: ""\000\000\000&\001cEx]\211\377\330\305q\237\274G\300a4\275\240s\215\222\210\016\020G\344=-:GK\312\035\271\201\350\376F\260G\000\000\000\000\000\000\000\000\000\000\000\000\000\000\000\000\000\000\000\000\000\000\000\000\000\000\000\000\000\000\000\000s\260\220Vjo\021\236\251\375P,6\017\361\024#y\3547\252\205\213aB\226l\357\t\306\201\312/\351\253#/\351\253$\n\000""; }; nodes {;   nodedata: ""\323C\344\327\264{\312-\017:\006{\177\344N\002\326bO\260\220\006\033\362\345\005U\221DzJ0\001\301\025%1L\307\t\261\262z\374\222T\301\274V\236\223\262\270Ct\362\337b\356\024*\324\320\351\317\002k\336\234\027v\351\217\260\303\360\233ZPZWr\246$w\313\313\r\243r\232\2234\373\3539:N\004Q\245\272D\312D\300\300\t\323\0257\345e\271\na\215{\226\255x%T\257\037\333\004\344_/R\006E\344\037@\210\363\010\336T\226\247'\204_{\261\370""1\235\2445\343\033Y!\212\201\341\272\225'\007\363Tc\332C\274\372:\317y\223\224\370\013l\244\210o\200n\021-\037f\214\353\335\210\216\220\3521\013\003""; }; "
1750527654520,1750527654520,0,1,4,0,TMLedgerData,"ledgerHash: ""\347\000\235\365P6pmH\033\373\212c\377o\232\356\320D\002\277,]os{\354/?\312e\006""; ledgerSeq: 38; type: liBASE; nodes {;   nodedata: ""\000\000\000&\001cEx]\211\377\330\305q\237\274G\300a4\275\240s\215\222\210\016\020G\344=-:GK\312\035\271\201\350\376F\260G\000\000\000\000\000\000\000\000\000\000\000\000\000\000\000\000\000\000\000\000\000\000\000\000\000\000\000\000\000\000\000\000s\260\220Vjo\021\236\251\375P,6\017\361\024#y\3547\252\205\213aB\226l\357\t\306\201\312/\351\253#/\351\253$\n\000""; }; nodes {;   nodedata: ""\323C\344\327\264{\312-\017:\006{\177\344N\002\326bO\260\220\006\033\362\345\005U\221DzJ0\001\301\025%1L\307\t\261\262z\374\222T\301\274V\236\223\262\270Ct\362\337b\356\024*\324\320\351\317\002k\336\234\027v\351\217\260\303\360\233ZPZWr\246$w\313\313\r\243r\232\2234\373\3539:N\004Q\245\272D\312D\300\300\t\323\0257\345e\271\na\215{\226\255x%T\257\037\333\004\344_/R\006E\344\037@\210\363\010\336T\226\247'\204_{\261\370""1\235\2445\343\033Y!\212\201\341\272\225'\007\363Tc\332C\274\372:\317y\223\224\370\013l\244\210o\200n\021-\037f\214\353\335\210\216\220\3521\013\003""; }; ","ledgerHash: ""\347\000\235\365P6pmH\033\373\212c\377o\232\356\320D\002\277,]os{\354/?\312e\006""; ledgerSeq: 38; type: liBASE; nodes {;   nodedata: ""\000\000\000&\001cEx]\211\377\330\305q\237\274G\300a4\275\240s\215\222\210\016\020G\344=-:GK\312\035\271\201\350\376F\260G\000\000\000\000\000\000\000\000\000\000\000\000\000\000\000\000\000\000\000\000\000\000\000\000\000\000\000\000\000\000\000\000s\260\220Vjo\021\236\251\375P,6\017\361\024#y\3547\252\205\213aB\226l\357\t\306\201\312/\351\253#/\351\253$\n\000""; }; nodes {;   nodedata: ""\323C\344\327\264{\312-\017:\006{\177\344N\002\326bO\260\220\006\033\362\345\005U\221DzJ0\001\301\025%1L\307\t\261\262z\374\222T\301\274V\236\223\262\270Ct\362\337b\356\024*\324\320\351\317\002k\336\234\027v\351\217\260\303\360\233ZPZWr\246$w\313\313\r\243r\232\2234\373\3539:N\004Q\245\272D\312D\300\300\t\323\0257\345e\271\na\215{\226\255x%T\257\037\333\004\344_/R\006E\344\037@\210\363\010\336T\226\247'\204_{\261\370""1\235\2445\343\033Y!\212\201\341\272\225'\007\363Tc\332C\274\372:\317y\223\224\370\013l\244\210o\200n\021-\037f\214\353\335\210\216\220\3521\013\003""; }; "
1750527654521,1750527654521,0,1,0,1,TMLedgerData,"ledgerHash: ""\347\000\235\365P6pmH\033\373\212c\377o\232\356\320D\002\277,]os{\354/?\312e\006""; ledgerSeq: 38; type: liBASE; nodes {;   nodedata: ""\000\000\000&\001cEx]\211\377\330\305q\237\274G\300a4\275\240s\215\222\210\016\020G\344=-:GK\312\035\271\201\350\376F\260G\000\000\000\000\000\000\000\000\000\000\000\000\000\000\000\000\000\000\000\000\000\000\000\000\000\000\000\000\000\000\000\000s\260\220Vjo\021\236\251\375P,6\017\361\024#y\3547\252\205\213aB\226l\357\t\306\201\312/\351\253#/\351\253$\n\000""; }; nodes {;   nodedata: ""\323C\344\327\264{\312-\017:\006{\177\344N\002\326bO\260\220\006\033\362\345\005U\221DzJ0\001\301\025%1L\307\t\261\262z\374\222T\301\274V\236\223\262\270Ct\362\337b\356\024*\324\320\351\317\002k\336\234\027v\351\217\260\303\360\233ZPZWr\246$w\313\313\r\243r\232\2234\373\3539:N\004Q\245\272D\312D\300\300\t\323\0257\345e\271\na\215{\226\255x%T\257\037\333\004\344_/R\006E\344\037@\210\363\010\336T\226\247'\204_{\261\370""1\235\2445\343\033Y!\212\201\341\272\225'\007\363Tc\332C\274\372:\317y\223\224\370\013l\244\210o\200n\021-\037f\214\353\335\210\216\220\3521\013\003""; }; ","ledgerHash: ""\347\000\235\365P6pmH\033\373\212c\377o\232\356\320D\002\277,]os{\354/?\312e\006""; ledgerSeq: 38; type: liBASE; nodes {;   nodedata: ""\000\000\000&\001cEx]\211\377\330\305q\237\274G\300a4\275\240s\215\222\210\016\020G\344=-:GK\312\035\271\201\350\376F\260G\000\000\000\000\000\000\000\000\000\000\000\000\000\000\000\000\000\000\000\000\000\000\000\000\000\000\000\000\000\000\000\000s\260\220Vjo\021\236\251\375P,6\017\361\024#y\3547\252\205\213aB\226l\357\t\306\201\312/\351\253#/\351\253$\n\000""; }; nodes {;   nodedata: ""\323C\344\327\264{\312-\017:\006{\177\344N\002\326bO\260\220\006\033\362\345\005U\221DzJ0\001\301\025%1L\307\t\261\262z\374\222T\301\274V\236\223\262\270Ct\362\337b\356\024*\324\320\351\317\002k\336\234\027v\351\217\260\303\360\233ZPZWr\246$w\313\313\r\243r\232\2234\373\3539:N\004Q\245\272D\312D\300\300\t\323\0257\345e\271\na\215{\226\255x%T\257\037\333\004\344_/R\006E\344\037@\210\363\010\336T\226\247'\204_{\261\370""1\235\2445\343\033Y!\212\201\341\272\225'\007\363Tc\332C\274\372:\317y\223\224\370\013l\244\210o\200n\021-\037f\214\353\335\210\216\220\3521\013\003""; }; "
1750527654522,1750527654522,0,1,0,4,TMLedgerData,"ledgerHash: ""\347\000\235\365P6pmH\033\373\212c\377o\232\356\320D\002\277,]os{\354/?\312e\006""; ledgerSeq: 38; type: liBASE; nodes {;   nodedata: ""\000\000\000&\001cEx]\211\377\330\305q\237\274G\300a4\275\240s\215\222\210\016\020G\344=-:GK\312\035\271\201\350\376F\260G\000\000\000\000\000\000\000\000\000\000\000\000\000\000\000\000\000\000\000\000\000\000\000\000\000\000\000\000\000\000\000\000s\260\220Vjo\021\236\251\375P,6\017\361\024#y\3547\252\205\213aB\226l\357\t\306\201\312/\351\253#/\351\253$\n\000""; }; nodes {;   nodedata: ""\323C\344\327\264{\312-\017:\006{\177\344N\002\326bO\260\220\006\033\362\345\005U\221DzJ0\001\301\025%1L\307\t\261\262z\374\222T\301\274V\236\223\262\270Ct\362\337b\356\024*\324\320\351\317\002k\336\234\027v\351\217\260\303\360\233ZPZWr\246$w\313\313\r\243r\232\2234\373\3539:N\004Q\245\272D\312D\300\300\t\323\0257\345e\271\na\215{\226\255x%T\257\037\333\004\344_/R\006E\344\037@\210\363\010\336T\226\247'\204_{\261\370""1\235\2445\343\033Y!\212\201\341\272\225'\007\363Tc\332C\274\372:\317y\223\224\370\013l\244\210o\200n\021-\037f\214\353\335\210\216\220\3521\013\003""; }; ","ledgerHash: ""\347\000\235\365P6pmH\033\373\212c\377o\232\356\320D\002\277,]os{\354/?\312e\006""; ledgerSeq: 38; type: liBASE; nodes {;   nodedata: ""\000\000\000&\001cEx]\211\377\330\305q\237\274G\300a4\275\240s\215\222\210\016\020G\344=-:GK\312\035\271\201\350\376F\260G\000\000\000\000\000\000\000\000\000\000\000\000\000\000\000\000\000\000\000\000\000\000\000\000\000\000\000\000\000\000\000\000s\260\220Vjo\021\236\251\375P,6\017\361\024#y\3547\252\205\213aB\226l\357\t\306\201\312/\351\253#/\351\253$\n\000""; }; nodes {;   nodedata: ""\323C\344\327\264{\312-\017:\006{\177\344N\002\326bO\260\220\006\033\362\345\005U\221DzJ0\001\301\025%1L\307\t\261\262z\374\222T\301\274V\236\223\262\270Ct\362\337b\356\024*\324\320\351\317\002k\336\234\027v\351\217\260\303\360\233ZPZWr\246$w\313\313\r\243r\232\2234\373\3539:N\004Q\245\272D\312D\300\300\t\323\0257\345e\271\na\215{\226\255x%T\257\037\333\004\344_/R\006E\344\037@\210\363\010\336T\226\247'\204_{\261\370""1\235\2445\343\033Y!\212\201\341\272\225'\007\363Tc\332C\274\372:\317y\223\224\370\013l\244\210o\200n\021-\037f\214\353\335\210\216\220\3521\013\003""; }; "
1750527654523,1750527654523,0,1,1,0,TMLedgerData,"ledgerHash: ""\347\000\235\365P6pmH\033\373\212c\377o\232\356\320D\002\277,]os{\354/?\312e\006""; ledgerSeq: 38; type: liBASE; nodes {;   nodedata: ""\000\000\000&\001cEx]\211\377\330\305q\237\274G\300a4\275\240s\215\222\210\016\020G\344=-:GK\312\035\271\201\350\376F\260G\000\000\000\000\000\000\000\000\000\000\000\000\000\000\000\000\000\000\000\000\000\000\000\000\000\000\000\000\000\000\000\000s\260\220Vjo\021\236\251\375P,6\017\361\024#y\3547\252\205\213aB\226l\357\t\306\201\312/\351\253#/\351\253$\n\000""; }; nodes {;   nodedata: ""\323C\344\327\264{\312-\017:\006{\177\344N\002\326bO\260\220\006\033\362\345\005U\221DzJ0\001\301\025%1L\307\t\261\262z\374\222T\301\274V\236\223\262\270Ct\362\337b\356\024*\324\320\351\317\002k\336\234\027v\351\217\260\303\360\233ZPZWr\246$w\313\313\r\243r\232\2234\373\3539:N\004Q\245\272D\312D\300\300\t\323\0257\345e\271\na\215{\226\255x%T\257\037\333\004\344_/R\006E\344\037@\210\363\010\336T\226\247'\204_{\261\370""1\235\2445\343\033Y!\212\201\341\272\225'\007\363Tc\332C\274\372:\317y\223\224\370\013l\244\210o\200n\021-\037f\214\353\335\210\216\220\3521\013\003""; }; ","ledgerHash: ""\347\000\235\365P6pmH\033\373\212c\377o\232\356\320D\002\277,]os{\354/?\312e\006""; ledgerSeq: 38; type: liBASE; nodes {;   nodedata: ""\000\000\000&\001cEx]\211\377\330\305q\237\274G\300a4\275\240s\215\222\210\016\020G\344=-:GK\312\035\271\201\350\376F\260G\000\000\000\000\000\000\000\000\000\000\000\000\000\000\000\000\000\000\000\000\000\000\000\000\000\000\000\000\000\000\000\000s\260\220Vjo\021\236\251\375P,6\017\361\024#y\3547\252\205\213aB\226l\357\t\306\201\312/\351\253#/\351\253$\n\000""; }; nodes {;   nodedata: ""\323C\344\327\264{\312-\017:\006{\177\344N\002\326bO\260\220\006\033\362\345\005U\221DzJ0\001\301\025%1L\307\t\261\262z\374\222T\301\274V\236\223\262\270Ct\362\337b\356\024*\324\320\351\317\002k\336\234\027v\351\217\260\303\360\233ZPZWr\246$w\313\313\r\243r\232\2234\373\3539:N\004Q\245\272D\312D\300\300\t\323\0257\345e\271\na\215{\226\255x%T\257\037\333\004\344_/R\006E\344\037@\210\363\010\336T\226\247'\204_{\261\370""1\235\2445\343\033Y!\212\201\341\272\225'\007\363Tc\332C\274\372:\317y\223\224\370\013l\244\210o\200n\021-\037f\214\353\335\210\216\220\3521\013\003""; }; "
1750527654523,1750527654524,0,1,0,2,TMLedgerData,"ledgerHash: ""\347\000\235\365P6pmH\033\373\212c\377o\232\356\320D\002\277,]os{\354/?\312e\006""; ledgerSeq: 38; type: liBASE; nodes {;   nodedata: ""\000\000\000&\001cEx]\211\377\330\305q\237\274G\300a4\275\240s\215\222\210\016\020G\344=-:GK\312\035\271\201\350\376F\260G\000\000\000\000\000\000\000\000\000\000\000\000\000\000\000\000\000\000\000\000\000\000\000\000\000\000\000\000\000\000\000\000s\260\220Vjo\021\236\251\375P,6\017\361\024#y\3547\252\205\213aB\226l\357\t\306\201\312/\351\253#/\351\253$\n\000""; }; nodes {;   nodedata: ""\323C\344\327\264{\312-\017:\006{\177\344N\002\326bO\260\220\006\033\362\345\005U\221DzJ0\001\301\025%1L\307\t\261\262z\374\222T\301\274V\236\223\262\270Ct\362\337b\356\024*\324\320\351\317\002k\336\234\027v\351\217\260\303\360\233ZPZWr\246$w\313\313\r\243r\232\2234\373\3539:N\004Q\245\272D\312D\300\300\t\323\0257\345e\271\na\215{\226\255x%T\257\037\333\004\344_/R\006E\344\037@\210\363\010\336T\226\247'\204_{\261\370""1\235\2445\343\033Y!\212\201\341\272\225'\007\363Tc\332C\274\372:\317y\223\224\370\013l\244\210o\200n\021-\037f\214\353\335\210\216\220\3521\013\003""; }; ","ledgerHash: ""\347\000\235\365P6pmH\033\373\212c\377o\232\356\320D\002\277,]os{\354/?\312e\006""; ledgerSeq: 38; type: liBASE; nodes {;   nodedata: ""\000\000\000&\001cEx]\211\377\330\305q\237\274G\300a4\275\240s\215\222\210\016\020G\344=-:GK\312\035\271\201\350\376F\260G\000\000\000\000\000\000\000\000\000\000\000\000\000\000\000\000\000\000\000\000\000\000\000\000\000\000\000\000\000\000\000\000s\260\220Vjo\021\236\251\375P,6\017\361\024#y\3547\252\205\213aB\226l\357\t\306\201\312/\351\253#/\351\253$\n\000""; }; nodes {;   nodedata: ""\323C\344\327\264{\312-\017:\006{\177\344N\002\326bO\260\220\006\033\362\345\005U\221DzJ0\001\301\025%1L\307\t\261\262z\374\222T\301\274V\236\223\262\270Ct\362\337b\356\024*\324\320\351\317\002k\336\234\027v\351\217\260\303\360\233ZPZWr\246$w\313\313\r\243r\232\2234\373\3539:N\004Q\245\272D\312D\300\300\t\323\0257\345e\271\na\215{\226\255x%T\257\037\333\004\344_/R\006E\344\037@\210\363\010\336T\226\247'\204_{\261\370""1\235\2445\343\033Y!\212\201\341\272\225'\007\363Tc\332C\274\372:\317y\223\224\370\013l\244\210o\200n\021-\037f\214\353\335\210\216\220\3521\013\003""; }; "
1750527654525,1750527654525,0,1,2,4,TMLedgerData,"ledgerHash: ""\347\000\235\365P6pmH\033\373\212c\377o\232\356\320D\002\277,]os{\354/?\312e\006""; ledgerSeq: 38; type: liBASE; nodes {;   nodedata: ""\000\000\000&\001cEx]\211\377\330\305q\237\274G\300a4\275\240s\215\222\210\016\020G\344=-:GK\312\035\271\201\350\376F\260G\000\000\000\000\000\000\000\000\000\000\000\000\000\000\000\000\000\000\000\000\000\000\000\000\000\000\000\000\000\000\000\000s\260\220Vjo\021\236\251\375P,6\017\361\024#y\3547\252\205\213aB\226l\357\t\306\201\312/\351\253#/\351\253$\n\000""; }; nodes {;   nodedata: ""\323C\344\327\264{\312-\017:\006{\177\344N\002\326bO\260\220\006\033\362\345\005U\221DzJ0\001\301\025%1L\307\t\261\262z\374\222T\301\274V\236\223\262\270Ct\362\337b\356\024*\324\320\351\317\002k\336\234\027v\351\217\260\303\360\233ZPZWr\246$w\313\313\r\243r\232\2234\373\3539:N\004Q\245\272D\312D\300\300\t\323\0257\345e\271\na\215{\226\255x%T\257\037\333\004\344_/R\006E\344\037@\210\363\010\336T\226\247'\204_{\261\370""1\235\2445\343\033Y!\212\201\341\272\225'\007\363Tc\332C\274\372:\317y\223\224\370\013l\244\210o\200n\021-\037f\214\353\335\210\216\220\3521\013\003""; }; ","ledgerHash: ""\347\000\235\365P6pmH\033\373\212c\377o\232\356\320D\002\277,]os{\354/?\312e\006""; ledgerSeq: 38; type: liBASE; nodes {;   nodedata: ""\000\000\000&\001cEx]\211\377\330\305q\237\274G\300a4\275\240s\215\222\210\016\020G\344=-:GK\312\035\271\201\350\376F\260G\000\000\000\000\000\000\000\000\000\000\000\000\000\000\000\000\000\000\000\000\000\000\000\000\000\000\000\000\000\000\000\000s\260\220Vjo\021\236\251\375P,6\017\361\024#y\3547\252\205\213aB\226l\357\t\306\201\312/\351\253#/\351\253$\n\000""; }; nodes {;   nodedata: ""\323C\344\327\264{\312-\017:\006{\177\344N\002\326bO\260\220\006\033\362\345\005U\221DzJ0\001\301\025%1L\307\t\261\262z\374\222T\301\274V\236\223\262\270Ct\362\337b\356\024*\324\320\351\317\002k\336\234\027v\351\217\260\303\360\233ZPZWr\246$w\313\313\r\243r\232\2234\373\3539:N\004Q\245\272D\312D\300\300\t\323\0257\345e\271\na\215{\226\255x%T\257\037\333\004\344_/R\006E\344\037@\210\363\010\336T\226\247'\204_{\261\370""1\235\2445\343\033Y!\212\201\341\272\225'\007\363Tc\332C\274\372:\317y\223\224\370\013l\244\210o\200n\021-\037f\214\353\335\210\216\220\3521\013\003""; }; "
1750527654525,1750527654525,0,1,2,1,TMLedgerData,"ledgerHash: ""\347\000\235\365P6pmH\033\373\212c\377o\232\356\320D\002\277,]os{\354/?\312e\006""; ledgerSeq: 38; type: liBASE; nodes {;   nodedata: ""\000\000\000&\001cEx]\211\377\330\305q\237\274G\300a4\275\240s\215\222\210\016\020G\344=-:GK\312\035\271\201\350\376F\260G\000\000\000\000\000\000\000\000\000\000\000\000\000\000\000\000\000\000\000\000\000\000\000\000\000\000\000\000\000\000\000\000s\260\220Vjo\021\236\251\375P,6\017\361\024#y\3547\252\205\213aB\226l\357\t\306\201\312/\351\253#/\351\253$\n\000""; }; nodes {;   nodedata: ""\323C\344\327\264{\312-\017:\006{\177\344N\002\326bO\260\220\006\033\362\345\005U\221DzJ0\001\301\025%1L\307\t\261\262z\374\222T\301\274V\236\223\262\270Ct\362\337b\356\024*\324\320\351\317\002k\336\234\027v\351\217\260\303\360\233ZPZWr\246$w\313\313\r\243r\232\2234\373\3539:N\004Q\245\272D\312D\300\300\t\323\0257\345e\271\na\215{\226\255x%T\257\037\333\004\344_/R\006E\344\037@\210\363\010\336T\226\247'\204_{\261\370""1\235\2445\343\033Y!\212\201\341\272\225'\007\363Tc\332C\274\372:\317y\223\224\370\013l\244\210o\200n\021-\037f\214\353\335\210\216\220\3521\013\003""; }; ","ledgerHash: ""\347\000\235\365P6pmH\033\373\212c\377o\232\356\320D\002\277,]os{\354/?\312e\006""; ledgerSeq: 38; type: liBASE; nodes {;   nodedata: ""\000\000\000&\001cEx]\211\377\330\305q\237\274G\300a4\275\240s\215\222\210\016\020G\344=-:GK\312\035\271\201\350\376F\260G\000\000\000\000\000\000\000\000\000\000\000\000\000\000\000\000\000\000\000\000\000\000\000\000\000\000\000\000\000\000\000\000s\260\220Vjo\021\236\251\375P,6\017\361\024#y\3547\252\205\213aB\226l\357\t\306\201\312/\351\253#/\351\253$\n\000""; }; nodes {;   nodedata: ""\323C\344\327\264{\312-\017:\006{\177\344N\002\326bO\260\220\006\033\362\345\005U\221DzJ0\001\301\025%1L\307\t\261\262z\374\222T\301\274V\236\223\262\270Ct\362\337b\356\024*\324\320\351\317\002k\336\234\027v\351\217\260\303\360\233ZPZWr\246$w\313\313\r\243r\232\2234\373\3539:N\004Q\245\272D\312D\300\300\t\323\0257\345e\271\na\215{\226\255x%T\257\037\333\004\344_/R\006E\344\037@\210\363\010\336T\226\247'\204_{\261\370""1\235\2445\343\033Y!\212\201\341\272\225'\007\363Tc\332C\274\372:\317y\223\224\370\013l\244\210o\200n\021-\037f\214\353\335\210\216\220\3521\013\003""; }; "
1750527654527,1750527654527,0,1,2,0,TMLedgerData,"ledgerHash: ""\347\000\235\365P6pmH\033\373\212c\377o\232\356\320D\002\277,]os{\354/?\312e\006""; ledgerSeq: 38; type: liBASE; nodes {;   nodedata: ""\000\000\000&\001cEx]\211\377\330\305q\237\274G\300a4\275\240s\215\222\210\016\020G\344=-:GK\312\035\271\201\350\376F\260G\000\000\000\000\000\000\000\000\000\000\000\000\000\000\000\000\000\000\000\000\000\000\000\000\000\000\000\000\000\000\000\000s\260\220Vjo\021\236\251\375P,6\017\361\024#y\3547\252\205\213aB\226l\357\t\306\201\312/\351\253#/\351\253$\n\000""; }; nodes {;   nodedata: ""\323C\344\327\264{\312-\017:\006{\177\344N\002\326bO\260\220\006\033\362\345\005U\221DzJ0\001\301\025%1L\307\t\261\262z\374\222T\301\274V\236\223\262\270Ct\362\337b\356\024*\324\320\351\317\002k\336\234\027v\351\217\260\303\360\233ZPZWr\246$w\313\313\r\243r\232\2234\373\3539:N\004Q\245\272D\312D\300\300\t\323\0257\345e\271\na\215{\226\255x%T\257\037\333\004\344_/R\006E\344\037@\210\363\010\336T\226\247'\204_{\261\370""1\235\2445\343\033Y!\212\201\341\272\225'\007\363Tc\332C\274\372:\317y\223\224\370\013l\244\210o\200n\021-\037f\214\353\335\210\216\220\3521\013\003""; }; ","ledgerHash: ""\347\000\235\365P6pmH\033\373\212c\377o\232\356\320D\002\277,]os{\354/?\312e\006""; ledgerSeq: 38; type: liBASE; nodes {;   nodedata: ""\000\000\000&\001cEx]\211\377\330\305q\237\274G\300a4\275\240s\215\222\210\016\020G\344=-:GK\312\035\271\201\350\376F\260G\000\000\000\000\000\000\000\000\000\000\000\000\000\000\000\000\000\000\000\000\000\000\000\000\000\000\000\000\000\000\000\000s\260\220Vjo\021\236\251\375P,6\017\361\024#y\3547\252\205\213aB\226l\357\t\306\201\312/\351\253#/\351\253$\n\000""; }; nodes {;   nodedata: ""\323C\344\327\264{\312-\017:\006{\177\344N\002\326bO\260\220\006\033\362\345\005U\221DzJ0\001\301\025%1L\307\t\261\262z\374\222T\301\274V\236\223\262\270Ct\362\337b\356\024*\324\320\351\317\002k\336\234\027v\351\217\260\303\360\233ZPZWr\246$w\313\313\r\243r\232\2234\373\3539:N\004Q\245\272D\312D\300\300\t\323\0257\345e\271\na\215{\226\255x%T\257\037\333\004\344_/R\006E\344\037@\210\363\010\336T\226\247'\204_{\261\370""1\235\2445\343\033Y!\212\201\341\272\225'\007\363Tc\332C\274\372:\317y\223\224\370\013l\244\210o\200n\021-\037f\214\353\335\210\216\220\3521\013\003""; }; "
1750527654550,1750527654550,0,1,3,1,TMLedgerData,"ledgerHash: ""\347\000\235\365P6pmH\033\373\212c\377o\232\356\320D\002\277,]os{\354/?\312e\006""; ledgerSeq: 38; type: liBASE; nodes {;   nodedata: ""\000\000\000&\001cEx]\211\377\330\305q\237\274G\300a4\275\240s\215\222\210\016\020G\344=-:GK\312\035\271\201\350\376F\260G\000\000\000\000\000\000\000\000\000\000\000\000\000\000\000\000\000\000\000\000\000\000\000\000\000\000\000\000\000\000\000\000s\260\220Vjo\021\236\251\375P,6\017\361\024#y\3547\252\205\213aB\226l\357\t\306\201\312/\351\253#/\351\253$\n\000""; }; nodes {;   nodedata: ""\323C\344\327\264{\312-\017:\006{\177\344N\002\326bO\260\220\006\033\362\345\005U\221DzJ0\001\301\025%1L\307\t\261\262z\374\222T\301\274V\236\223\262\270Ct\362\337b\356\024*\324\320\351\317\002k\336\234\027v\351\217\260\303\360\233ZPZWr\246$w\313\313\r\243r\232\2234\373\3539:N\004Q\245\272D\312D\300\300\t\323\0257\345e\271\na\215{\226\255x%T\257\037\333\004\344_/R\006E\344\037@\210\363\010\336T\226\247'\204_{\261\370""1\235\2445\343\033Y!\212\201\341\272\225'\007\363Tc\332C\274\372:\317y\223\224\370\013l\244\210o\200n\021-\037f\214\353\335\210\216\220\3521\013\003""; }; requestCookie: 3; ","ledgerHash: ""\347\000\235\365P6pmH\033\373\212c\377o\232\356\320D\002\277,]os{\354/?\312e\006""; ledgerSeq: 38; type: liBASE; nodes {;   nodedata: ""\000\000\000&\001cEx]\211\377\330\305q\237\274G\300a4\275\240s\215\222\210\016\020G\344=-:GK\312\035\271\201\350\376F\260G\000\000\000\000\000\000\000\000\000\000\000\000\000\000\000\000\000\000\000\000\000\000\000\000\000\000\000\000\000\000\000\000s\260\220Vjo\021\236\251\375P,6\017\361\024#y\3547\252\205\213aB\226l\357\t\306\201\312/\351\253#/\351\253$\n\000""; }; nodes {;   nodedata: ""\323C\344\327\264{\312-\017:\006{\177\344N\002\326bO\260\220\006\033\362\345\005U\221DzJ0\001\301\025%1L\307\t\261\262z\374\222T\301\274V\236\223\262\270Ct\362\337b\356\024*\324\320\351\317\002k\336\234\027v\351\217\260\303\360\233ZPZWr\246$w\313\313\r\243r\232\2234\373\3539:N\004Q\245\272D\312D\300\300\t\323\0257\345e\271\na\215{\226\255x%T\257\037\333\004\344_/R\006E\344\037@\210\363\010\336T\226\247'\204_{\261\370""1\235\2445\343\033Y!\212\201\341\272\225'\007\363Tc\332C\274\372:\317y\223\224\370\013l\244\210o\200n\021-\037f\214\353\335\210\216\220\3521\013\003""; }; requestCookie: 3; "
1750527654551,1750527654551,0,1,1,2,TMLedgerData,"ledgerHash: ""\347\000\235\365P6pmH\033\373\212c\377o\232\356\320D\002\277,]os{\354/?\312e\006""; ledgerSeq: 38; type: liBASE; nodes {;   nodedata: ""\000\000\000&\001cEx]\211\377\330\305q\237\274G\300a4\275\240s\215\222\210\016\020G\344=-:GK\312\035\271\201\350\376F\260G\000\000\000\000\000\000\000\000\000\000\000\000\000\000\000\000\000\000\000\000\000\000\000\000\000\000\000\000\000\000\000\000s\260\220Vjo\021\236\251\375P,6\017\361\024#y\3547\252\205\213aB\226l\357\t\306\201\312/\351\253#/\351\253$\n\000""; }; nodes {;   nodedata: ""\323C\344\327\264{\312-\017:\006{\177\344N\002\326bO\260\220\006\033\362\345\005U\221DzJ0\001\301\025%1L\307\t\261\262z\374\222T\301\274V\236\223\262\270Ct\362\337b\356\024*\324\320\351\317\002k\336\234\027v\351\217\260\303\360\233ZPZWr\246$w\313\313\r\243r\232\2234\373\3539:N\004Q\245\272D\312D\300\300\t\323\0257\345e\271\na\215{\226\255x%T\257\037\333\004\344_/R\006E\344\037@\210\363\010\336T\226\247'\204_{\261\370""1\235\2445\343\033Y!\212\201\341\272\225'\007\363Tc\332C\274\372:\317y\223\224\370\013l\244\210o\200n\021-\037f\214\353\335\210\216\220\3521\013\003""; }; ","ledgerHash: ""\347\000\235\365P6pmH\033\373\212c\377o\232\356\320D\002\277,]os{\354/?\312e\006""; ledgerSeq: 38; type: liBASE; nodes {;   nodedata: ""\000\000\000&\001cEx]\211\377\330\305q\237\274G\300a4\275\240s\215\222\210\016\020G\344=-:GK\312\035\271\201\350\376F\260G\000\000\000\000\000\000\000\000\000\000\000\000\000\000\000\000\000\000\000\000\000\000\000\000\000\000\000\000\000\000\000\000s\260\220Vjo\021\236\251\375P,6\017\361\024#y\3547\252\205\213aB\226l\357\t\306\201\312/\351\253#/\351\253$\n\000""; }; nodes {;   nodedata: ""\323C\344\327\264{\312-\017:\006{\177\344N\002\326bO\260\220\006\033\362\345\005U\221DzJ0\001\301\025%1L\307\t\261\262z\374\222T\301\274V\236\223\262\270Ct\362\337b\356\024*\324\320\351\317\002k\336\234\027v\351\217\260\303\360\233ZPZWr\246$w\313\313\r\243r\232\2234\373\3539:N\004Q\245\272D\312D\300\300\t\323\0257\345e\271\na\215{\226\255x%T\257\037\333\004\344_/R\006E\344\037@\210\363\010\336T\226\247'\204_{\261\370""1\235\2445\343\033Y!\212\201\341\272\225'\007\363Tc\332C\274\372:\317y\223\224\370\013l\244\210o\200n\021-\037f\214\353\335\210\216\220\3521\013\003""; }; "
1750527654621,1750527654621,0,1,4,2,TMStatusChange,"newEvent: neACCEPTED_LEDGER; ledgerSeq: 38; ledgerHash: ""\347\000\235\365P6pmH\033\373\212c\377o\232\356\320D\002\277,]os{\354/?\312e\006""; ledgerHashPrevious: ""\305q\237\274G\300a4\275\240s\215\222\210\016\020G\344=-:GK\312\035\271\201\350\376F\260G""; networkTime: 803842854; firstSeq: 1; lastSeq: 37; ","newEvent: neACCEPTED_LEDGER; ledgerSeq: 38; ledgerHash: ""\347\000\235\365P6pmH\033\373\212c\377o\232\356\320D\002\277,]os{\354/?\312e\006""; ledgerHashPrevious: ""\305q\237\274G\300a4\275\240s\215\222\210\016\020G\344=-:GK\312\035\271\201\350\376F\260G""; networkTime: 803842854; firstSeq: 1; lastSeq: 37; "
1750527654622,1750527654622,0,1,4,1,TMStatusChange,"newEvent: neACCEPTED_LEDGER; ledgerSeq: 38; ledgerHash: ""\347\000\235\365P6pmH\033\373\212c\377o\232\356\320D\002\277,]os{\354/?\312e\006""; ledgerHashPrevious: ""\305q\237\274G\300a4\275\240s\215\222\210\016\020G\344=-:GK\312\035\271\201\350\376F\260G""; networkTime: 803842854; firstSeq: 1; lastSeq: 37; ","newEvent: neACCEPTED_LEDGER; ledgerSeq: 38; ledgerHash: ""\347\000\235\365P6pmH\033\373\212c\377o\232\356\320D\002\277,]os{\354/?\312e\006""; ledgerHashPrevious: ""\305q\237\274G\300a4\275\240s\215\222\210\016\020G\344=-:GK\312\035\271\201\350\376F\260G""; networkTime: 803842854; firstSeq: 1; lastSeq: 37; "
1750527654621,1750527654621,0,1,4,3,TMStatusChange,"newEvent: neACCEPTED_LEDGER; ledgerSeq: 38; ledgerHash: ""\347\000\235\365P6pmH\033\373\212c\377o\232\356\320D\002\277,]os{\354/?\312e\006""; ledgerHashPrevious: ""\305q\237\274G\300a4\275\240s\215\222\210\016\020G\344=-:GK\312\035\271\201\350\376F\260G""; networkTime: 803842854; firstSeq: 1; lastSeq: 37; ","newEvent: neACCEPTED_LEDGER; ledgerSeq: 38; ledgerHash: ""\347\000\235\365P6pmH\033\373\212c\377o\232\356\320D\002\277,]os{\354/?\312e\006""; ledgerHashPrevious: ""\305q\237\274G\300a4\275\240s\215\222\210\016\020G\344=-:GK\312\035\271\201\350\376F\260G""; networkTime: 803842854; firstSeq: 1; lastSeq: 37; "
1750527654621,1750527654621,0,1,4,1,TMValidation,"validation: """"\200\000\000\001&\000\000\000&)/\351\253&:\r\302\353\023?\373\240rQ\347\000\235\365P6pmH\033\373\212c\377o\232\356\320D\002\277,]os{\354/?\312e\006P\027\000\000\000\000\000\000\000\000\000\000\000\000\000\000\000\000\000\000\000\000\000\000\000\000\000\000\000\000\000\000\000\000P\031\305q\237\274G\300a4\275\240s\215\222\210\016\020G\344=-:GK\312\035\271\201\350\376F\260Gs!\003R7o\362bV\300hf\266\241;}\200^\374\240\203[:\342Q\225\221\027y\372\255\235\216\323~vG0E\002!\000\230[\235phN\300\260<\356_e\3717\307\262\310\n\241<\276(/\245F`P&\215fh~\002 \036\227\271\312f\204\331\034,\207F\356P\373\347\336x\r\220\206`R\220\223/4\345:l\032\020&""; ","validation: """"\200\000\000\001&\000\000\000&)/\351\253&:\r\302\353\023?\373\240rQ\347\000\235\365P6pmH\033\373\212c\377o\232\356\320D\002\277,]os{\354/?\312e\006P\027\000\000\000\000\000\000\000\000\000\000\000\000\000\000\000\000\000\000\000\000\000\000\000\000\000\000\000\000\000\000\000\000P\031\305q\237\274G\300a4\275\240s\215\222\210\016\020G\344=-:GK\312\035\271\201\350\376F\260Gs!\003R7o\362bV\300hf\266\241;}\200^\374\240\203[:\342Q\225\221\027y\372\255\235\216\323~vG0E\002!\000\230[\235phN\300\260<\356_e\3717\307\262\310\n\241<\276(/\245F`P&\215fh~\002 \036\227\271\312f\204\331\034,\207F\356P\373\347\336x\r\220\206`R\220\223/4\345:l\032\020&""; "
1750527654622,1750527654623,0,1,4,0,TMStatusChange,"newEvent: neACCEPTED_LEDGER; ledgerSeq: 38; ledgerHash: ""\347\000\235\365P6pmH\033\373\212c\377o\232\356\320D\002\277,]os{\354/?\312e\006""; ledgerHashPrevious: ""\305q\237\274G\300a4\275\240s\215\222\210\016\020G\344=-:GK\312\035\271\201\350\376F\260G""; networkTime: 803842854; firstSeq: 1; lastSeq: 37; ","newEvent: neACCEPTED_LEDGER; ledgerSeq: 38; ledgerHash: ""\347\000\235\365P6pmH\033\373\212c\377o\232\356\320D\002\277,]os{\354/?\312e\006""; ledgerHashPrevious: ""\305q\237\274G\300a4\275\240s\215\222\210\016\020G\344=-:GK\312\035\271\201\350\376F\260G""; networkTime: 803842854; firstSeq: 1; lastSeq: 37; "
1750527654625,1750527654625,0,1,1,0,TMValidation,"validation: """"\200\000\000\001&\000\000\000&)/\351\253&:\r\302\353\023?\373\240rQ\347\000\235\365P6pmH\033\373\212c\377o\232\356\320D\002\277,]os{\354/?\312e\006P\027\000\000\000\000\000\000\000\000\000\000\000\000\000\000\000\000\000\000\000\000\000\000\000\000\000\000\000\000\000\000\000\000P\031\305q\237\274G\300a4\275\240s\215\222\210\016\020G\344=-:GK\312\035\271\201\350\376F\260Gs!\003R7o\362bV\300hf\266\241;}\200^\374\240\203[:\342Q\225\221\027y\372\255\235\216\323~vG0E\002!\000\230[\235phN\300\260<\356_e\3717\307\262\310\n\241<\276(/\245F`P&\215fh~\002 \036\227\271\312f\204\331\034,\207F\356P\373\347\336x\r\220\206`R\220\223/4\345:l\032\020&""; ","validation: """"\200\000\000\001&\000\000\000&)/\351\253&:\r\302\353\023?\373\240rQ\347\000\235\365P6pmH\033\373\212c\377o\232\356\320D\002\277,]os{\354/?\312e\006P\027\000\000\000\000\000\000\000\000\000\000\000\000\000\000\000\000\000\000\000\000\000\000\000\000\000\000\000\000\000\000\000\000P\031\305q\237\274G\300a4\275\240s\215\222\210\016\020G\344=-:GK\312\035\271\201\350\376F\260Gs!\003R7o\362bV\300hf\266\241;}\200^\374\240\203[:\342Q\225\221\027y\372\255\235\216\323~vG0E\002!\000\230[\235phN\300\260<\356_e\3717\307\262\310\n\241<\276(/\245F`P&\215fh~\002 \036\227\271\312f\204\331\034,\207F\356P\373\347\336x\r\220\206`R\220\223/4\345:l\032\020&""; "
1750527654626,1750527654626,0,1,1,3,TMValidation,"validation: """"\200\000\000\001&\000\000\000&)/\351\253&:\r\302\353\023?\373\240rQ\347\000\235\365P6pmH\033\373\212c\377o\232\356\320D\002\277,]os{\354/?\312e\006P\027\000\000\000\000\000\000\000\000\000\000\000\000\000\000\000\000\000\000\000\000\000\000\000\000\000\000\000\000\000\000\000\000P\031\305q\237\274G\300a4\275\240s\215\222\210\016\020G\344=-:GK\312\035\271\201\350\376F\260Gs!\003R7o\362bV\300hf\266\241;}\200^\374\240\203[:\342Q\225\221\027y\372\255\235\216\323~vG0E\002!\000\230[\235phN\300\260<\356_e\3717\307\262\310\n\241<\276(/\245F`P&\215fh~\002 \036\227\271\312f\204\331\034,\207F\356P\373\347\336x\r\220\206`R\220\223/4\345:l\032\020&""; ","validation: """"\200\000\000\001&\000\000\000&)/\351\253&:\r\302\353\023?\373\240rQ\347\000\235\365P6pmH\033\373\212c\377o\232\356\320D\002\277,]os{\354/?\312e\006P\027\000\000\000\000\000\000\000\000\000\000\000\000\000\000\000\000\000\000\000\000\000\000\000\000\000\000\000\000\000\000\000\000P\031\305q\237\274G\300a4\275\240s\215\222\210\016\020G\344=-:GK\312\035\271\201\350\376F\260Gs!\003R7o\362bV\300hf\266\241;}\200^\374\240\203[:\342Q\225\221\027y\372\255\235\216\323~vG0E\002!\000\230[\235phN\300\260<\356_e\3717\307\262\310\n\241<\276(/\245F`P&\215fh~\002 \036\227\271\312f\204\331\034,\207F\356P\373\347\336x\r\220\206`R\220\223/4\345:l\032\020&""; "
1750527654626,1750527654626,0,1,1,2,TMValidation,"validation: """"\200\000\000\001&\000\000\000&)/\351\253&:\r\302\353\023?\373\240rQ\347\000\235\365P6pmH\033\373\212c\377o\232\356\320D\002\277,]os{\354/?\312e\006P\027\000\000\000\000\000\000\000\000\000\000\000\000\000\000\000\000\000\000\000\000\000\000\000\000\000\000\000\000\000\000\000\000P\031\305q\237\274G\300a4\275\240s\215\222\210\016\020G\344=-:GK\312\035\271\201\350\376F\260Gs!\003R7o\362bV\300hf\266\241;}\200^\374\240\203[:\342Q\225\221\027y\372\255\235\216\323~vG0E\002!\000\230[\235phN\300\260<\356_e\3717\307\262\310\n\241<\276(/\245F`P&\215fh~\002 \036\227\271\312f\204\331\034,\207F\356P\373\347\336x\r\220\206`R\220\223/4\345:l\032\020&""; ","validation: """"\200\000\000\001&\000\000\000&)/\351\253&:\r\302\353\023?\373\240rQ\347\000\235\365P6pmH\033\373\212c\377o\232\356\320D\002\277,]os{\354/?\312e\006P\027\000\000\000\000\000\000\000\000\000\000\000\000\000\000\000\000\000\000\000\000\000\000\000\000\000\000\000\000\000\000\000\000P\031\305q\237\274G\300a4\275\240s\215\222\210\016\020G\344=-:GK\312\035\271\201\350\376F\260Gs!\003R7o\362bV\300hf\266\241;}\200^\374\240\203[:\342Q\225\221\027y\372\255\235\216\323~vG0E\002!\000\230[\235phN\300\260<\356_e\3717\307\262\310\n\241<\276(/\245F`P&\215fh~\002 \036\227\271\312f\204\331\034,\207F\356P\373\347\336x\r\220\206`R\220\223/4\345:l\032\020&""; "
1750527654628,1750527654628,0,1,3,0,TMValidation,"validation: """"\200\000\000\001&\000\000\000&)/\351\253&:\r\302\353\023?\373\240rQ\347\000\235\365P6pmH\033\373\212c\377o\232\356\320D\002\277,]os{\354/?\312e\006P\027\000\000\000\000\000\000\000\000\000\000\000\000\000\000\000\000\000\000\000\000\000\000\000\000\000\000\000\000\000\000\000\000P\031\305q\237\274G\300a4\275\240s\215\222\210\016\020G\344=-:GK\312\035\271\201\350\376F\260Gs!\003R7o\362bV\300hf\266\241;}\200^\374\240\203[:\342Q\225\221\027y\372\255\235\216\323~vG0E\002!\000\230[\235phN\300\260<\356_e\3717\307\262\310\n\241<\276(/\245F`P&\215fh~\002 \036\227\271\312f\204\331\034,\207F\356P\373\347\336x\r\220\206`R\220\223/4\345:l\032\020&""; ","validation: """"\200\000\000\001&\000\000\000&)/\351\253&:\r\302\353\023?\373\240rQ\347\000\235\365P6pmH\033\373\212c\377o\232\356\320D\002\277,]os{\354/?\312e\006P\027\000\000\000\000\000\000\000\000\000\000\000\000\000\000\000\000\000\000\000\000\000\000\000\000\000\000\000\000\000\000\000\000P\031\305q\237\274G\300a4\275\240s\215\222\210\016\020G\344=-:GK\312\035\271\201\350\376F\260Gs!\003R7o\362bV\300hf\266\241;}\200^\374\240\203[:\342Q\225\221\027y\372\255\235\216\323~vG0E\002!\000\230[\235phN\300\260<\356_e\3717\307\262\310\n\241<\276(/\245F`P&\215fh~\002 \036\227\271\312f\204\331\034,\207F\356P\373\347\336x\r\220\206`R\220\223/4\345:l\032\020&""; "
1750527654629,1750527654629,0,1,0,4,TMValidation,"validation: """"\200\000\000\001&\000\000\000&)/\351\253&:\r\302\353\023?\373\240rQ\347\000\235\365P6pmH\033\373\212c\377o\232\356\320D\002\277,]os{\354/?\312e\006P\027\000\000\000\000\000\000\000\000\000\000\000\000\000\000\000\000\000\000\000\000\000\000\000\000\000\000\000\000\000\000\000\000P\031\305q\237\274G\300a4\275\240s\215\222\210\016\020G\344=-:GK\312\035\271\201\350\376F\260Gs!\003R7o\362bV\300hf\266\241;}\200^\374\240\203[:\342Q\225\221\027y\372\255\235\216\323~vG0E\002!\000\230[\235phN\300\260<\356_e\3717\307\262\310\n\241<\276(/\245F`P&\215fh~\002 \036\227\271\312f\204\331\034,\207F\356P\373\347\336x\r\220\206`R\220\223/4\345:l\032\020&""; ","validation: """"\200\000\000\001&\000\000\000&)/\351\253&:\r\302\353\023?\373\240rQ\347\000\235\365P6pmH\033\373\212c\377o\232\356\320D\002\277,]os{\354/?\312e\006P\027\000\000\000\000\000\000\000\000\000\000\000\000\000\000\000\000\000\000\000\000\000\000\000\000\000\000\000\000\000\000\000\000P\031\305q\237\274G\300a4\275\240s\215\222\210\016\020G\344=-:GK\312\035\271\201\350\376F\260Gs!\003R7o\362bV\300hf\266\241;}\200^\374\240\203[:\342Q\225\221\027y\372\255\235\216\323~vG0E\002!\000\230[\235phN\300\260<\356_e\3717\307\262\310\n\241<\276(/\245F`P&\215fh~\002 \036\227\271\312f\204\331\034,\207F\356P\373\347\336x\r\220\206`R\220\223/4\345:l\032\020&""; "
1750527654629,1750527654629,0,1,3,4,TMValidation,"validation: """"\200\000\000\001&\000\000\000&)/\351\253&:\r\302\353\023?\373\240rQ\347\000\235\365P6pmH\033\373\212c\377o\232\356\320D\002\277,]os{\354/?\312e\006P\027\000\000\000\000\000\000\000\000\000\000\000\000\000\000\000\000\000\000\000\000\000\000\000\000\000\000\000\000\000\000\000\000P\031\305q\237\274G\300a4\275\240s\215\222\210\016\020G\344=-:GK\312\035\271\201\350\376F\260Gs!\003R7o\362bV\300hf\266\241;}\200^\374\240\203[:\342Q\225\221\027y\372\255\235\216\323~vG0E\002!\000\230[\235phN\300\260<\356_e\3717\307\262\310\n\241<\276(/\245F`P&\215fh~\002 \036\227\271\312f\204\331\034,\207F\356P\373\347\336x\r\220\206`R\220\223/4\345:l\032\020&""; ","validation: """"\200\000\000\001&\000\000\000&)/\351\253&:\r\302\353\023?\373\240rQ\347\000\235\365P6pmH\033\373\212c\377o\232\356\320D\002\277,]os{\354/?\312e\006P\027\000\000\000\000\000\000\000\000\000\000\000\000\000\000\000\000\000\000\000\000\000\000\000\000\000\000\000\000\000\000\000\000P\031\305q\237\274G\300a4\275\240s\215\222\210\016\020G\344=-:GK\312\035\271\201\350\376F\260Gs!\003R7o\362bV\300hf\266\241;}\200^\374\240\203[:\342Q\225\221\027y\372\255\235\216\323~vG0E\002!\000\230[\235phN\300\260<\356_e\3717\307\262\310\n\241<\276(/\245F`P&\215fh~\002 \036\227\271\312f\204\331\034,\207F\356P\373\347\336x\r\220\206`R\220\223/4\345:l\032\020&""; "
1750527654629,1750527654629,0,1,0,2,TMValidation,"validation: """"\200\000\000\001&\000\000\000&)/\351\253&:\r\302\353\023?\373\240rQ\347\000\235\365P6pmH\033\373\212c\377o\232\356\320D\002\277,]os{\354/?\312e\006P\027\000\000\000\000\000\000\000\000\000\000\000\000\000\000\000\000\000\000\000\000\000\000\000\000\000\000\000\000\000\000\000\000P\031\305q\237\274G\300a4\275\240s\215\222\210\016\020G\344=-:GK\312\035\271\201\350\376F\260Gs!\003R7o\362bV\300hf\266\241;}\200^\374\240\203[:\342Q\225\221\027y\372\255\235\216\323~vG0E\002!\000\230[\235phN\300\260<\356_e\3717\307\262\310\n\241<\276(/\245F`P&\215fh~\002 \036\227\271\312f\204\331\034,\207F\356P\373\347\336x\r\220\206`R\220\223/4\345:l\032\020&""; ","validation: """"\200\000\000\001&\000\000\000&)/\351\253&:\r\302\353\023?\373\240rQ\347\000\235\365P6pmH\033\373\212c\377o\232\356\320D\002\277,]os{\354/?\312e\006P\027\000\000\000\000\000\000\000\000\000\000\000\000\000\000\000\000\000\000\000\000\000\000\000\000\000\000\000\000\000\000\000\000P\031\305q\237\274G\300a4\275\240s\215\222\210\016\020G\344=-:GK\312\035\271\201\350\376F\260Gs!\003R7o\362bV\300hf\266\241;}\200^\374\240\203[:\342Q\225\221\027y\372\255\235\216\323~vG0E\002!\000\230[\235phN\300\260<\356_e\3717\307\262\310\n\241<\276(/\245F`P&\215fh~\002 \036\227\271\312f\204\331\034,\207F\356P\373\347\336x\r\220\206`R\220\223/4\345:l\032\020&""; "
1750527654631,1750527654631,0,1,0,3,TMValidation,"validation: """"\200\000\000\001&\000\000\000&)/\351\253&:\r\302\353\023?\373\240rQ\347\000\235\365P6pmH\033\373\212c\377o\232\356\320D\002\277,]os{\354/?\312e\006P\027\000\000\000\000\000\000\000\000\000\000\000\000\000\000\000\000\000\000\000\000\000\000\000\000\000\000\000\000\000\000\000\000P\031\305q\237\274G\300a4\275\240s\215\222\210\016\020G\344=-:GK\312\035\271\201\350\376F\260Gs!\003R7o\362bV\300hf\266\241;}\200^\374\240\203[:\342Q\225\221\027y\372\255\235\216\323~vG0E\002!\000\230[\235phN\300\260<\356_e\3717\307\262\310\n\241<\276(/\245F`P&\215fh~\002 \036\227\271\312f\204\331\034,\207F\356P\373\347\336x\r\220\206`R\220\223/4\345:l\032\020&""; ","validation: """"\200\000\000\001&\000\000\000&)/\351\253&:\r\302\353\023?\373\240rQ\347\000\235\365P6pmH\033\373\212c\377o\232\356\320D\002\277,]os{\354/?\312e\006P\027\000\000\000\000\000\000\000\000\000\000\000\000\000\000\000\000\000\000\000\000\000\000\000\000\000\000\000\000\000\000\000\000P\031\305q\237\274G\300a4\275\240s\215\222\210\016\020G\344=-:GK\312\035\271\201\350\376F\260Gs!\003R7o\362bV\300hf\266\241;}\200^\374\240\203[:\342Q\225\221\027y\372\255\235\216\323~vG0E\002!\000\230[\235phN\300\260<\356_e\3717\307\262\310\n\241<\276(/\245F`P&\215fh~\002 \036\227\271\312f\204\331\034,\207F\356P\373\347\336x\r\220\206`R\220\223/4\345:l\032\020&""; "
1750527654631,1750527654631,0,1,3,2,TMValidation,"validation: """"\200\000\000\001&\000\000\000&)/\351\253&:\r\302\353\023?\373\240rQ\347\000\235\365P6pmH\033\373\212c\377o\232\356\320D\002\277,]os{\354/?\312e\006P\027\000\000\000\000\000\000\000\000\000\000\000\000\000\000\000\000\000\000\000\000\000\000\000\000\000\000\000\000\000\000\000\000P\031\305q\237\274G\300a4\275\240s\215\222\210\016\020G\344=-:GK\312\035\271\201\350\376F\260Gs!\003R7o\362bV\300hf\266\241;}\200^\374\240\203[:\342Q\225\221\027y\372\255\235\216\323~vG0E\002!\000\230[\235phN\300\260<\356_e\3717\307\262\310\n\241<\276(/\245F`P&\215fh~\002 \036\227\271\312f\204\331\034,\207F\356P\373\347\336x\r\220\206`R\220\223/4\345:l\032\020&""; ","validation: """"\200\000\000\001&\000\000\000&)/\351\253&:\r\302\353\023?\373\240rQ\347\000\235\365P6pmH\033\373\212c\377o\232\356\320D\002\277,]os{\354/?\312e\006P\027\000\000\000\000\000\000\000\000\000\000\000\000\000\000\000\000\000\000\000\000\000\000\000\000\000\000\000\000\000\000\000\000P\031\305q\237\274G\300a4\275\240s\215\222\210\016\020G\344=-:GK\312\035\271\201\350\376F\260Gs!\003R7o\362bV\300hf\266\241;}\200^\374\240\203[:\342Q\225\221\027y\372\255\235\216\323~vG0E\002!\000\230[\235phN\300\260<\356_e\3717\307\262\310\n\241<\276(/\245F`P&\215fh~\002 \036\227\271\312f\204\331\034,\207F\356P\373\347\336x\r\220\206`R\220\223/4\345:l\032\020&""; "
1750527654632,1750527654632,0,1,2,3,TMValidation,"validation: """"\200\000\000\001&\000\000\000&)/\351\253&:\r\302\353\023?\373\240rQ\347\000\235\365P6pmH\033\373\212c\377o\232\356\320D\002\277,]os{\354/?\312e\006P\027\000\000\000\000\000\000\000\000\000\000\000\000\000\000\000\000\000\000\000\000\000\000\000\000\000\000\000\000\000\000\000\000P\031\305q\237\274G\300a4\275\240s\215\222\210\016\020G\344=-:GK\312\035\271\201\350\376F\260Gs!\003R7o\362bV\300hf\266\241;}\200^\374\240\203[:\342Q\225\221\027y\372\255\235\216\323~vG0E\002!\000\230[\235phN\300\260<\356_e\3717\307\262\310\n\241<\276(/\245F`P&\215fh~\002 \036\227\271\312f\204\331\034,\207F\356P\373\347\336x\r\220\206`R\220\223/4\345:l\032\020&""; ","validation: """"\200\000\000\001&\000\000\000&)/\351\253&:\r\302\353\023?\373\240rQ\347\000\235\365P6pmH\033\373\212c\377o\232\356\320D\002\277,]os{\354/?\312e\006P\027\000\000\000\000\000\000\000\000\000\000\000\000\000\000\000\000\000\000\000\000\000\000\000\000\000\000\000\000\000\000\000\000P\031\305q\237\274G\300a4\275\240s\215\222\210\016\020G\344=-:GK\312\035\271\201\350\376F\260Gs!\003R7o\362bV\300hf\266\241;}\200^\374\240\203[:\342Q\225\221\027y\372\255\235\216\323~vG0E\002!\000\230[\235phN\300\260<\356_e\3717\307\262\310\n\241<\276(/\245F`P&\215fh~\002 \036\227\271\312f\204\331\034,\207F\356P\373\347\336x\r\220\206`R\220\223/4\345:l\032\020&""; "
1750527654632,1750527654632,0,1,2,0,TMValidation,"validation: """"\200\000\000\001&\000\000\000&)/\351\253&:\r\302\353\023?\373\240rQ\347\000\235\365P6pmH\033\373\212c\377o\232\356\320D\002\277,]os{\354/?\312e\006P\027\000\000\000\000\000\000\000\000\000\000\000\000\000\000\000\000\000\000\000\000\000\000\000\000\000\000\000\000\000\000\000\000P\031\305q\237\274G\300a4\275\240s\215\222\210\016\020G\344=-:GK\312\035\271\201\350\376F\260Gs!\003R7o\362bV\300hf\266\241;}\200^\374\240\203[:\342Q\225\221\027y\372\255\235\216\323~vG0E\002!\000\230[\235phN\300\260<\356_e\3717\307\262\310\n\241<\276(/\245F`P&\215fh~\002 \036\227\271\312f\204\331\034,\207F\356P\373\347\336x\r\220\206`R\220\223/4\345:l\032\020&""; ","validation: """"\200\000\000\001&\000\000\000&)/\351\253&:\r\302\353\023?\373\240rQ\347\000\235\365P6pmH\033\373\212c\377o\232\356\320D\002\277,]os{\354/?\312e\006P\027\000\000\000\000\000\000\000\000\000\000\000\000\000\000\000\000\000\000\000\000\000\000\000\000\000\000\000\000\000\000\000\000P\031\305q\237\274G\300a4\275\240s\215\222\210\016\020G\344=-:GK\312\035\271\201\350\376F\260Gs!\003R7o\362bV\300hf\266\241;}\200^\374\240\203[:\342Q\225\221\027y\372\255\235\216\323~vG0E\002!\000\230[\235phN\300\260<\356_e\3717\307\262\310\n\241<\276(/\245F`P&\215fh~\002 \036\227\271\312f\204\331\034,\207F\356P\373\347\336x\r\220\206`R\220\223/4\345:l\032\020&""; "
1750527654632,1750527654632,0,1,2,4,TMValidation,"validation: """"\200\000\000\001&\000\000\000&)/\351\253&:\r\302\353\023?\373\240rQ\347\000\235\365P6pmH\033\373\212c\377o\232\356\320D\002\277,]os{\354/?\312e\006P\027\000\000\000\000\000\000\000\000\000\000\000\000\000\000\000\000\000\000\000\000\000\000\000\000\000\000\000\000\000\000\000\000P\031\305q\237\274G\300a4\275\240s\215\222\210\016\020G\344=-:GK\312\035\271\201\350\376F\260Gs!\003R7o\362bV\300hf\266\241;}\200^\374\240\203[:\342Q\225\221\027y\372\255\235\216\323~vG0E\002!\000\230[\235phN\300\260<\356_e\3717\307\262\310\n\241<\276(/\245F`P&\215fh~\002 \036\227\271\312f\204\331\034,\207F\356P\373\347\336x\r\220\206`R\220\223/4\345:l\032\020&""; ","validation: """"\200\000\000\001&\000\000\000&)/\351\253&:\r\302\353\023?\373\240rQ\347\000\235\365P6pmH\033\373\212c\377o\232\356\320D\002\277,]os{\354/?\312e\006P\027\000\000\000\000\000\000\000\000\000\000\000\000\000\000\000\000\000\000\000\000\000\000\000\000\000\000\000\000\000\000\000\000P\031\305q\237\274G\300a4\275\240s\215\222\210\016\020G\344=-:GK\312\035\271\201\350\376F\260Gs!\003R7o\362bV\300hf\266\241;}\200^\374\240\203[:\342Q\225\221\027y\372\255\235\216\323~vG0E\002!\000\230[\235phN\300\260<\356_e\3717\307\262\310\n\241<\276(/\245F`P&\215fh~\002 \036\227\271\312f\204\331\034,\207F\356P\373\347\336x\r\220\206`R\220\223/4\345:l\032\020&""; "
1750527654633,1750527654633,0,1,4,0,TMValidation,"validation: """"\200\000\000\001&\000\000\000&)/\351\253&:\r\302\353\023?\373\240rQ\347\000\235\365P6pmH\033\373\212c\377o\232\356\320D\002\277,]os{\354/?\312e\006P\027\000\000\000\000\000\000\000\000\000\000\000\000\000\000\000\000\000\000\000\000\000\000\000\000\000\000\000\000\000\000\000\000P\031\305q\237\274G\300a4\275\240s\215\222\210\016\020G\344=-:GK\312\035\271\201\350\376F\260Gs!\003R7o\362bV\300hf\266\241;}\200^\374\240\203[:\342Q\225\221\027y\372\255\235\216\323~vG0E\002!\000\230[\235phN\300\260<\356_e\3717\307\262\310\n\241<\276(/\245F`P&\215fh~\002 \036\227\271\312f\204\331\034,\207F\356P\373\347\336x\r\220\206`R\220\223/4\345:l\032\020&""; ","validation: """"\200\000\000\001&\000\000\000&)/\351\253&:\r\302\353\023?\373\240rQ\347\000\235\365P6pmH\033\373\212c\377o\232\356\320D\002\277,]os{\354/?\312e\006P\027\000\000\000\000\000\000\000\000\000\000\000\000\000\000\000\000\000\000\000\000\000\000\000\000\000\000\000\000\000\000\000\000P\031\305q\237\274G\300a4\275\240s\215\222\210\016\020G\344=-:GK\312\035\271\201\350\376F\260Gs!\003R7o\362bV\300hf\266\241;}\200^\374\240\203[:\342Q\225\221\027y\372\255\235\216\323~vG0E\002!\000\230[\235phN\300\260<\356_e\3717\307\262\310\n\241<\276(/\245F`P&\215fh~\002 \036\227\271\312f\204\331\034,\207F\356P\373\347\336x\r\220\206`R\220\223/4\345:l\032\020&""; "
1750527654634,1750527654634,0,1,4,3,TMValidation,"validation: """"\200\000\000\001&\000\000\000&)/\351\253&:\r\302\353\023?\373\240rQ\347\000\235\365P6pmH\033\373\212c\377o\232\356\320D\002\277,]os{\354/?\312e\006P\027\000\000\000\000\000\000\000\000\000\000\000\000\000\000\000\000\000\000\000\000\000\000\000\000\000\000\000\000\000\000\000\000P\031\305q\237\274G\300a4\275\240s\215\222\210\016\020G\344=-:GK\312\035\271\201\350\376F\260Gs!\003R7o\362bV\300hf\266\241;}\200^\374\240\203[:\342Q\225\221\027y\372\255\235\216\323~vG0E\002!\000\230[\235phN\300\260<\356_e\3717\307\262\310\n\241<\276(/\245F`P&\215fh~\002 \036\227\271\312f\204\331\034,\207F\356P\373\347\336x\r\220\206`R\220\223/4\345:l\032\020&""; ","validation: """"\200\000\000\001&\000\000\000&)/\351\253&:\r\302\353\023?\373\240rQ\347\000\235\365P6pmH\033\373\212c\377o\232\356\320D\002\277,]os{\354/?\312e\006P\027\000\000\000\000\000\000\000\000\000\000\000\000\000\000\000\000\000\000\000\000\000\000\000\000\000\000\000\000\000\000\000\000P\031\305q\237\274G\300a4\275\240s\215\222\210\016\020G\344=-:GK\312\035\271\201\350\376F\260Gs!\003R7o\362bV\300hf\266\241;}\200^\374\240\203[:\342Q\225\221\027y\372\255\235\216\323~vG0E\002!\000\230[\235phN\300\260<\356_e\3717\307\262\310\n\241<\276(/\245F`P&\215fh~\002 \036\227\271\312f\204\331\034,\207F\356P\373\347\336x\r\220\206`R\220\223/4\345:l\032\020&""; "
1750527654637,1750527654637,0,1,4,2,TMValidation,"validation: """"\200\000\000\001&\000\000\000&)/\351\253&:\r\302\353\023?\373\240rQ\347\000\235\365P6pmH\033\373\212c\377o\232\356\320D\002\277,]os{\354/?\312e\006P\027\000\000\000\000\000\000\000\000\000\000\000\000\000\000\000\000\000\000\000\000\000\000\000\000\000\000\000\000\000\000\000\000P\031\305q\237\274G\300a4\275\240s\215\222\210\016\020G\344=-:GK\312\035\271\201\350\376F\260Gs!\003R7o\362bV\300hf\266\241;}\200^\374\240\203[:\342Q\225\221\027y\372\255\235\216\323~vG0E\002!\000\230[\235phN\300\260<\356_e\3717\307\262\310\n\241<\276(/\245F`P&\215fh~\002 \036\227\271\312f\204\331\034,\207F\356P\373\347\336x\r\220\206`R\220\223/4\345:l\032\020&""; ","validation: """"\200\000\000\001&\000\000\000&)/\351\253&:\r\302\353\023?\373\240rQ\347\000\235\365P6pmH\033\373\212c\377o\232\356\320D\002\277,]os{\354/?\312e\006P\027\000\000\000\000\000\000\000\000\000\000\000\000\000\000\000\000\000\000\000\000\000\000\000\000\000\000\000\000\000\000\000\000P\031\305q\237\274G\300a4\275\240s\215\222\210\016\020G\344=-:GK\312\035\271\201\350\376F\260Gs!\003R7o\362bV\300hf\266\241;}\200^\374\240\203[:\342Q\225\221\027y\372\255\235\216\323~vG0E\002!\000\230[\235phN\300\260<\356_e\3717\307\262\310\n\241<\276(/\245F`P&\215fh~\002 \036\227\271\312f\204\331\034,\207F\356P\373\347\336x\r\220\206`R\220\223/4\345:l\032\020&""; "
1750527655460,1750527655460,0,1,3,1,TMProposeSet,"proposeSeq: 0; currentTxHash: ""\000\000\000\000\000\000\000\000\000\000\000\000\000\000\000\000\000\000\000\000\000\000\000\000\000\000\000\000\000\000\000\000""; nodePubKey: ""\002\364d\217\366\217|\316F\232\231\241\n\261\333`\312O\367\235\025DD\336e\367\n\312\326\221\037\025\230""; closeTime: 803842855; signature: ""0C\002\037\031>UZ.u\240\226\237\r\210\271\322\365\351\336\203GB/\334=\307\003P\357\233wq\006\336\002 %\020^\235\036T\243e\274l\360W[\272\274Q\rS\375>\243\310j[\2102\316\305FR\212\346""; previousledger: ""\347\000\235\365P6pmH\033\373\212c\377o\232\356\320D\002\277,]os{\354/?\312e\006""; ","proposeSeq: 0; currentTxHash: ""\000\000\000\000\000\000\000\000\000\000\000\000\000\000\000\000\000\000\000\000\000\000\000\000\000\000\000\000\000\000\000\000""; nodePubKey: ""\002\364d\217\366\217|\316F\232\231\241\n\261\333`\312O\367\235\025DD\336e\367\n\312\326\221\037\025\230""; closeTime: 803842855; signature: ""0C\002\037\031>UZ.u\240\226\237\r\210\271\322\365\351\336\203GB/\334=\307\003P\357\233wq\006\336\002 %\020^\235\036T\243e\274l\360W[\272\274Q\rS\375>\243\310j[\2102\316\305FR\212\346""; previousledger: ""\347\000\235\365P6pmH\033\373\212c\377o\232\356\320D\002\277,]os{\354/?\312e\006""; "
1750527655498,1750527655498,0,1,3,0,TMProposeSet,"proposeSeq: 0; currentTxHash: ""\000\000\000\000\000\000\000\000\000\000\000\000\000\000\000\000\000\000\000\000\000\000\000\000\000\000\000\000\000\000\000\000""; nodePubKey: ""\002\364d\217\366\217|\316F\232\231\241\n\261\333`\312O\367\235\025DD\336e\367\n\312\326\221\037\025\230""; closeTime: 803842855; signature: ""0C\002\037\031>UZ.u\240\226\237\r\210\271\322\365\351\336\203GB/\334=\307\003P\357\233wq\006\336\002 %\020^\235\036T\243e\274l\360W[\272\274Q\rS\375>\243\310j[\2102\316\305FR\212\346""; previousledger: ""\347\000\235\365P6pmH\033\373\212c\377o\232\356\320D\002\277,]os{\354/?\312e\006""; ","proposeSeq: 0; currentTxHash: ""\000\000\000\000\000\000\000\000\000\000\000\000\000\000\000\000\000\000\000\000\000\000\000\000\000\000\000\000\000\000\000\000""; nodePubKey: ""\002\364d\217\366\217|\316F\232\231\241\n\261\333`\312O\367\235\025DD\336e\367\n\312\326\221\037\025\230""; closeTime: 803842855; signature: ""0C\002\037\031>UZ.u\240\226\237\r\210\271\322\365\351\336\203GB/\334=\307\003P\357\233wq\006\336\002 %\020^\235\036T\243e\274l\360W[\272\274Q\rS\375>\243\310j[\2102\316\305FR\212\346""; previousledger: ""\347\000\235\365P6pmH\033\373\212c\377o\232\356\320D\002\277,]os{\354/?\312e\006""; "
1750527655498,1750527655498,0,1,3,4,TMProposeSet,"proposeSeq: 0; currentTxHash: ""\000\000\000\000\000\000\000\000\000\000\000\000\000\000\000\000\000\000\000\000\000\000\000\000\000\000\000\000\000\000\000\000""; nodePubKey: ""\002\364d\217\366\217|\316F\232\231\241\n\261\333`\312O\367\235\025DD\336e\367\n\312\326\221\037\025\230""; closeTime: 803842855; signature: ""0C\002\037\031>UZ.u\240\226\237\r\210\271\322\365\351\336\203GB/\334=\307\003P\357\233wq\006\336\002 %\020^\235\036T\243e\274l\360W[\272\274Q\rS\375>\243\310j[\2102\316\305FR\212\346""; previousledger: ""\347\000\235\365P6pmH\033\373\212c\377o\232\356\320D\002\277,]os{\354/?\312e\006""; ","proposeSeq: 0; currentTxHash: ""\000\000\000\000\000\000\000\000\000\000\000\000\000\000\000\000\000\000\000\000\000\000\000\000\000\000\000\000\000\000\000\000""; nodePubKey: ""\002\364d\217\366\217|\316F\232\231\241\n\261\333`\312O\367\235\025DD\336e\367\n\312\326\221\037\025\230""; closeTime: 803842855; signature: ""0C\002\037\031>UZ.u\240\226\237\r\210\271\322\365\351\336\203GB/\334=\307\003P\357\233wq\006\336\002 %\020^\235\036T\243e\274l\360W[\272\274Q\rS\375>\243\310j[\2102\316\305FR\212\346""; previousledger: ""\347\000\235\365P6pmH\033\373\212c\377o\232\356\320D\002\277,]os{\354/?\312e\006""; "
1750527655499,1750527655499,0,1,3,2,TMProposeSet,"proposeSeq: 0; currentTxHash: ""\000\000\000\000\000\000\000\000\000\000\000\000\000\000\000\000\000\000\000\000\000\000\000\000\000\000\000\000\000\000\000\000""; nodePubKey: ""\002\364d\217\366\217|\316F\232\231\241\n\261\333`\312O\367\235\025DD\336e\367\n\312\326\221\037\025\230""; closeTime: 803842855; signature: ""0C\002\037\031>UZ.u\240\226\237\r\210\271\322\365\351\336\203GB/\334=\307\003P\357\233wq\006\336\002 %\020^\235\036T\243e\274l\360W[\272\274Q\rS\375>\243\310j[\2102\316\305FR\212\346""; previousledger: ""\347\000\235\365P6pmH\033\373\212c\377o\232\356\320D\002\277,]os{\354/?\312e\006""; ","proposeSeq: 0; currentTxHash: ""\000\000\000\000\000\000\000\000\000\000\000\000\000\000\000\000\000\000\000\000\000\000\000\000\000\000\000\000\000\000\000\000""; nodePubKey: ""\002\364d\217\366\217|\316F\232\231\241\n\261\333`\312O\367\235\025DD\336e\367\n\312\326\221\037\025\230""; closeTime: 803842855; signature: ""0C\002\037\031>UZ.u\240\226\237\r\210\271\322\365\351\336\203GB/\334=\307\003P\357\233wq\006\336\002 %\020^\235\036T\243e\274l\360W[\272\274Q\rS\375>\243\310j[\2102\316\305FR\212\346""; previousledger: ""\347\000\235\365P6pmH\033\373\212c\377o\232\356\320D\002\277,]os{\354/?\312e\006""; "
1750527655501,1750527655501,0,1,4,1,TMProposeSet,"proposeSeq: 0; currentTxHash: ""\000\000\000\000\000\000\000\000\000\000\000\000\000\000\000\000\000\000\000\000\000\000\000\000\000\000\000\000\000\000\000\000""; nodePubKey: ""\002\364d\217\366\217|\316F\232\231\241\n\261\333`\312O\367\235\025DD\336e\367\n\312\326\221\037\025\230""; closeTime: 803842855; signature: ""0C\002\037\031>UZ.u\240\226\237\r\210\271\322\365\351\336\203GB/\334=\307\003P\357\233wq\006\336\002 %\020^\235\036T\243e\274l\360W[\272\274Q\rS\375>\243\310j[\2102\316\305FR\212\346""; previousledger: ""\347\000\235\365P6pmH\033\373\212c\377o\232\356\320D\002\277,]os{\354/?\312e\006""; ","proposeSeq: 0; currentTxHash: ""\000\000\000\000\000\000\000\000\000\000\000\000\000\000\000\000\000\000\000\000\000\000\000\000\000\000\000\000\000\000\000\000""; nodePubKey: ""\002\364d\217\366\217|\316F\232\231\241\n\261\333`\312O\367\235\025DD\336e\367\n\312\326\221\037\025\230""; closeTime: 803842855; signature: ""0C\002\037\031>UZ.u\240\226\237\r\210\271\322\365\351\336\203GB/\334=\307\003P\357\233wq\006\336\002 %\020^\235\036T\243e\274l\360W[\272\274Q\rS\375>\243\310j[\2102\316\305FR\212\346""; previousledger: ""\347\000\235\365P6pmH\033\373\212c\377o\232\356\320D\002\277,]os{\354/?\312e\006""; "
1750527655502,1750527655502,0,1,4,0,TMProposeSet,"proposeSeq: 0; currentTxHash: ""\000\000\000\000\000\000\000\000\000\000\000\000\000\000\000\000\000\000\000\000\000\000\000\000\000\000\000\000\000\000\000\000""; nodePubKey: ""\002\364d\217\366\217|\316F\232\231\241\n\261\333`\312O\367\235\025DD\336e\367\n\312\326\221\037\025\230""; closeTime: 803842855; signature: ""0C\002\037\031>UZ.u\240\226\237\r\210\271\322\365\351\336\203GB/\334=\307\003P\357\233wq\006\336\002 %\020^\235\036T\243e\274l\360W[\272\274Q\rS\375>\243\310j[\2102\316\305FR\212\346""; previousledger: ""\347\000\235\365P6pmH\033\373\212c\377o\232\356\320D\002\277,]os{\354/?\312e\006""; ","proposeSeq: 0; currentTxHash: ""\000\000\000\000\000\000\000\000\000\000\000\000\000\000\000\000\000\000\000\000\000\000\000\000\000\000\000\000\000\000\000\000""; nodePubKey: ""\002\364d\217\366\217|\316F\232\231\241\n\261\333`\312O\367\235\025DD\336e\367\n\312\326\221\037\025\230""; closeTime: 803842855; signature: ""0C\002\037\031>UZ.u\240\226\237\r\210\271\322\365\351\336\203GB/\334=\307\003P\357\233wq\006\336\002 %\020^\235\036T\243e\274l\360W[\272\274Q\rS\375>\243\310j[\2102\316\305FR\212\346""; previousledger: ""\347\000\235\365P6pmH\033\373\212c\377o\232\356\320D\002\277,]os{\354/?\312e\006""; "
1750527655502,1750527655502,0,1,4,2,TMProposeSet,"proposeSeq: 0; currentTxHash: ""\000\000\000\000\000\000\000\000\000\000\000\000\000\000\000\000\000\000\000\000\000\000\000\000\000\000\000\000\000\000\000\000""; nodePubKey: ""\002\364d\217\366\217|\316F\232\231\241\n\261\333`\312O\367\235\025DD\336e\367\n\312\326\221\037\025\230""; closeTime: 803842855; signature: ""0C\002\037\031>UZ.u\240\226\237\r\210\271\322\365\351\336\203GB/\334=\307\003P\357\233wq\006\336\002 %\020^\235\036T\243e\274l\360W[\272\274Q\rS\375>\243\310j[\2102\316\305FR\212\346""; previousledger: ""\347\000\235\365P6pmH\033\373\212c\377o\232\356\320D\002\277,]os{\354/?\312e\006""; ","proposeSeq: 0; currentTxHash: ""\000\000\000\000\000\000\000\000\000\000\000\000\000\000\000\000\000\000\000\000\000\000\000\000\000\000\000\000\000\000\000\000""; nodePubKey: ""\002\364d\217\366\217|\316F\232\231\241\n\261\333`\312O\367\235\025DD\336e\367\n\312\326\221\037\025\230""; closeTime: 803842855; signature: ""0C\002\037\031>UZ.u\240\226\237\r\210\271\322\365\351\336\203GB/\334=\307\003P\357\233wq\006\336\002 %\020^\235\036T\243e\274l\360W[\272\274Q\rS\375>\243\310j[\2102\316\305FR\212\346""; previousledger: ""\347\000\235\365P6pmH\033\373\212c\377o\232\356\320D\002\277,]os{\354/?\312e\006""; "
1750527655458,1750527655533,0,1,3,4,TMStatusChange,"newEvent: neCLOSING_LEDGER; ledgerSeq: 38; ledgerHash: ""\347\000\235\365P6pmH\033\373\212c\377o\232\356\320D\002\277,]os{\354/?\312e\006""; ledgerHashPrevious: ""\305q\237\274G\300a4\275\240s\215\222\210\016\020G\344=-:GK\312\035\271\201\350\376F\260G""; networkTime: 803842855; firstSeq: 1; lastSeq: 38; ","newEvent: neCLOSING_LEDGER; ledgerSeq: 38; ledgerHash: ""\347\000\235\365P6pmH\033\373\212c\377o\232\356\320D\002\277,]os{\354/?\312e\006""; ledgerHashPrevious: ""\305q\237\274G\300a4\275\240s\215\222\210\016\020G\344=-:GK\312\035\271\201\350\376F\260G""; networkTime: 803842855; firstSeq: 1; lastSeq: 38; "
1750527655459,1750527655533,0,1,3,2,TMStatusChange,"newEvent: neCLOSING_LEDGER; ledgerSeq: 38; ledgerHash: ""\347\000\235\365P6pmH\033\373\212c\377o\232\356\320D\002\277,]os{\354/?\312e\006""; ledgerHashPrevious: ""\305q\237\274G\300a4\275\240s\215\222\210\016\020G\344=-:GK\312\035\271\201\350\376F\260G""; networkTime: 803842855; firstSeq: 1; lastSeq: 38; ","newEvent: neCLOSING_LEDGER; ledgerSeq: 38; ledgerHash: ""\347\000\235\365P6pmH\033\373\212c\377o\232\356\320D\002\277,]os{\354/?\312e\006""; ledgerHashPrevious: ""\305q\237\274G\300a4\275\240s\215\222\210\016\020G\344=-:GK\312\035\271\201\350\376F\260G""; networkTime: 803842855; firstSeq: 1; lastSeq: 38; "
1750527655460,1750527655533,0,1,3,1,TMStatusChange,"newEvent: neCLOSING_LEDGER; ledgerSeq: 38; ledgerHash: ""\347\000\235\365P6pmH\033\373\212c\377o\232\356\320D\002\277,]os{\354/?\312e\006""; ledgerHashPrevious: ""\305q\237\274G\300a4\275\240s\215\222\210\016\020G\344=-:GK\312\035\271\201\350\376F\260G""; networkTime: 803842855; firstSeq: 1; lastSeq: 38; ","newEvent: neCLOSING_LEDGER; ledgerSeq: 38; ledgerHash: ""\347\000\235\365P6pmH\033\373\212c\377o\232\356\320D\002\277,]os{\354/?\312e\006""; ledgerHashPrevious: ""\305q\237\274G\300a4\275\240s\215\222\210\016\020G\344=-:GK\312\035\271\201\350\376F\260G""; networkTime: 803842855; firstSeq: 1; lastSeq: 38; "
1750527655460,1750527655534,0,1,3,0,TMStatusChange,"newEvent: neCLOSING_LEDGER; ledgerSeq: 38; ledgerHash: ""\347\000\235\365P6pmH\033\373\212c\377o\232\356\320D\002\277,]os{\354/?\312e\006""; ledgerHashPrevious: ""\305q\237\274G\300a4\275\240s\215\222\210\016\020G\344=-:GK\312\035\271\201\350\376F\260G""; networkTime: 803842855; firstSeq: 1; lastSeq: 38; ","newEvent: neCLOSING_LEDGER; ledgerSeq: 38; ledgerHash: ""\347\000\235\365P6pmH\033\373\212c\377o\232\356\320D\002\277,]os{\354/?\312e\006""; ledgerHashPrevious: ""\305q\237\274G\300a4\275\240s\215\222\210\016\020G\344=-:GK\312\035\271\201\350\376F\260G""; networkTime: 803842855; firstSeq: 1; lastSeq: 38; "
1750527655620,1750527655620,0,1,4,2,TMProposeSet,"proposeSeq: 0; currentTxHash: ""\000\000\000\000\000\000\000\000\000\000\000\000\000\000\000\000\000\000\000\000\000\000\000\000\000\000\000\000\000\000\000\000""; nodePubKey: ""\003R7o\362bV\300hf\266\241;}\200^\374\240\203[:\342Q\225\221\027y\372\255\235\216\323~""; closeTime: 803842855; signature: ""0D\002 \036\352\217\234w\224\331\230z\306U\2521\345\311/m\247\342\234\240D\217\256\373AIQ\365>\320a\002 \022\331\035kV4s\331\036\324\323=\302\003|Rz$%\n\031\352\363\343\3440\333\352\265~\223\217""; previousledger: ""\347\000\235\365P6pmH\033\373\212c\377o\232\356\320D\002\277,]os{\354/?\312e\006""; ","proposeSeq: 0; currentTxHash: ""\000\000\000\000\000\000\000\000\000\000\000\000\000\000\000\000\000\000\000\000\000\000\000\000\000\000\000\000\000\000\000\000""; nodePubKey: ""\003R7o\362bV\300hf\266\241;}\200^\374\240\203[:\342Q\225\221\027y\372\255\235\216\323~""; closeTime: 803842855; signature: ""0D\002 \036\352\217\234w\224\331\230z\306U\2521\345\311/m\247\342\234\240D\217\256\373AIQ\365>\320a\002 \022\331\035kV4s\331\036\324\323=\302\003|Rz$%\n\031\352\363\343\3440\333\352\265~\223\217""; previousledger: ""\347\000\235\365P6pmH\033\373\212c\377o\232\356\320D\002\277,]os{\354/?\312e\006""; "
1750527655621,1750527655622,0,1,4,3,TMProposeSet,"proposeSeq: 0; currentTxHash: ""\000\000\000\000\000\000\000\000\000\000\000\000\000\000\000\000\000\000\000\000\000\000\000\000\000\000\000\000\000\000\000\000""; nodePubKey: ""\003R7o\362bV\300hf\266\241;}\200^\374\240\203[:\342Q\225\221\027y\372\255\235\216\323~""; closeTime: 803842855; signature: ""0D\002 \036\352\217\234w\224\331\230z\306U\2521\345\311/m\247\342\234\240D\217\256\373AIQ\365>\320a\002 \022\331\035kV4s\331\036\324\323=\302\003|Rz$%\n\031\352\363\343\3440\333\352\265~\223\217""; previousledger: ""\347\000\235\365P6pmH\033\373\212c\377o\232\356\320D\002\277,]os{\354/?\312e\006""; ","proposeSeq: 0; currentTxHash: ""\000\000\000\000\000\000\000\000\000\000\000\000\000\000\000\000\000\000\000\000\000\000\000\000\000\000\000\000\000\000\000\000""; nodePubKey: ""\003R7o\362bV\300hf\266\241;}\200^\374\240\203[:\342Q\225\221\027y\372\255\235\216\323~""; closeTime: 803842855; signature: ""0D\002 \036\352\217\234w\224\331\230z\306U\2521\345\311/m\247\342\234\240D\217\256\373AIQ\365>\320a\002 \022\331\035kV4s\331\036\324\323=\302\003|Rz$%\n\031\352\363\343\3440\333\352\265~\223\217""; previousledger: ""\347\000\235\365P6pmH\033\373\212c\377o\232\356\320D\002\277,]os{\354/?\312e\006""; "
1750527655624,1750527655624,0,1,4,0,TMProposeSet,"proposeSeq: 0; currentTxHash: ""\000\000\000\000\000\000\000\000\000\000\000\000\000\000\000\000\000\000\000\000\000\000\000\000\000\000\000\000\000\000\000\000""; nodePubKey: ""\003R7o\362bV\300hf\266\241;}\200^\374\240\203[:\342Q\225\221\027y\372\255\235\216\323~""; closeTime: 803842855; signature: ""0D\002 \036\352\217\234w\224\331\230z\306U\2521\345\311/m\247\342\234\240D\217\256\373AIQ\365>\320a\002 \022\331\035kV4s\331\036\324\323=\302\003|Rz$%\n\031\352\363\343\3440\333\352\265~\223\217""; previousledger: ""\347\000\235\365P6pmH\033\373\212c\377o\232\356\320D\002\277,]os{\354/?\312e\006""; ","proposeSeq: 0; currentTxHash: ""\000\000\000\000\000\000\000\000\000\000\000\000\000\000\000\000\000\000\000\000\000\000\000\000\000\000\000\000\000\000\000\000""; nodePubKey: ""\003R7o\362bV\300hf\266\241;}\200^\374\240\203[:\342Q\225\221\027y\372\255\235\216\323~""; closeTime: 803842855; signature: ""0D\002 \036\352\217\234w\224\331\230z\306U\2521\345\311/m\247\342\234\240D\217\256\373AIQ\365>\320a\002 \022\331\035kV4s\331\036\324\323=\302\003|Rz$%\n\031\352\363\343\3440\333\352\265~\223\217""; previousledger: ""\347\000\235\365P6pmH\033\373\212c\377o\232\356\320D\002\277,]os{\354/?\312e\006""; "
1750527655625,1750527655625,0,1,4,1,TMProposeSet,"proposeSeq: 0; currentTxHash: ""\000\000\000\000\000\000\000\000\000\000\000\000\000\000\000\000\000\000\000\000\000\000\000\000\000\000\000\000\000\000\000\000""; nodePubKey: ""\003R7o\362bV\300hf\266\241;}\200^\374\240\203[:\342Q\225\221\027y\372\255\235\216\323~""; closeTime: 803842855; signature: ""0D\002 \036\352\217\234w\224\331\230z\306U\2521\345\311/m\247\342\234\240D\217\256\373AIQ\365>\320a\002 \022\331\035kV4s\331\036\324\323=\302\003|Rz$%\n\031\352\363\343\3440\333\352\265~\223\217""; previousledger: ""\347\000\235\365P6pmH\033\373\212c\377o\232\356\320D\002\277,]os{\354/?\312e\006""; ","proposeSeq: 0; currentTxHash: ""\000\000\000\000\000\000\000\000\000\000\000\000\000\000\000\000\000\000\000\000\000\000\000\000\000\000\000\000\000\000\000\000""; nodePubKey: ""\003R7o\362bV\300hf\266\241;}\200^\374\240\203[:\342Q\225\221\027y\372\255\235\216\323~""; closeTime: 803842855; signature: ""0D\002 \036\352\217\234w\224\331\230z\306U\2521\345\311/m\247\342\234\240D\217\256\373AIQ\365>\320a\002 \022\331\035kV4s\331\036\324\323=\302\003|Rz$%\n\031\352\363\343\3440\333\352\265~\223\217""; previousledger: ""\347\000\235\365P6pmH\033\373\212c\377o\232\356\320D\002\277,]os{\354/?\312e\006""; "
1750527655626,1750527655626,0,1,3,2,TMProposeSet,"proposeSeq: 0; currentTxHash: ""\000\000\000\000\000\000\000\000\000\000\000\000\000\000\000\000\000\000\000\000\000\000\000\000\000\000\000\000\000\000\000\000""; nodePubKey: ""\003R7o\362bV\300hf\266\241;}\200^\374\240\203[:\342Q\225\221\027y\372\255\235\216\323~""; closeTime: 803842855; signature: ""0D\002 \036\352\217\234w\224\331\230z\306U\2521\345\311/m\247\342\234\240D\217\256\373AIQ\365>\320a\002 \022\331\035kV4s\331\036\324\323=\302\003|Rz$%\n\031\352\363\343\3440\333\352\265~\223\217""; previousledger: ""\347\000\235\365P6pmH\033\373\212c\377o\232\356\320D\002\277,]os{\354/?\312e\006""; ","proposeSeq: 0; currentTxHash: ""\000\000\000\000\000\000\000\000\000\000\000\000\000\000\000\000\000\000\000\000\000\000\000\000\000\000\000\000\000\000\000\000""; nodePubKey: ""\003R7o\362bV\300hf\266\241;}\200^\374\240\203[:\342Q\225\221\027y\372\255\235\216\323~""; closeTime: 803842855; signature: ""0D\002 \036\352\217\234w\224\331\230z\306U\2521\345\311/m\247\342\234\240D\217\256\373AIQ\365>\320a\002 \022\331\035kV4s\331\036\324\323=\302\003|Rz$%\n\031\352\363\343\3440\333\352\265~\223\217""; previousledger: ""\347\000\235\365P6pmH\033\373\212c\377o\232\356\320D\002\277,]os{\354/?\312e\006""; "
1750527655627,1750527655627,0,1,3,1,TMProposeSet,"proposeSeq: 0; currentTxHash: ""\000\000\000\000\000\000\000\000\000\000\000\000\000\000\000\000\000\000\000\000\000\000\000\000\000\000\000\000\000\000\000\000""; nodePubKey: ""\003R7o\362bV\300hf\266\241;}\200^\374\240\203[:\342Q\225\221\027y\372\255\235\216\323~""; closeTime: 803842855; signature: ""0D\002 \036\352\217\234w\224\331\230z\306U\2521\345\311/m\247\342\234\240D\217\256\373AIQ\365>\320a\002 \022\331\035kV4s\331\036\324\323=\302\003|Rz$%\n\031\352\363\343\3440\333\352\265~\223\217""; previousledger: ""\347\000\235\365P6pmH\033\373\212c\377o\232\356\320D\002\277,]os{\354/?\312e\006""; ","proposeSeq: 0; currentTxHash: ""\000\000\000\000\000\000\000\000\000\000\000\000\000\000\000\000\000\000\000\000\000\000\000\000\000\000\000\000\000\000\000\000""; nodePubKey: ""\003R7o\362bV\300hf\266\241;}\200^\374\240\203[:\342Q\225\221\027y\372\255\235\216\323~""; closeTime: 803842855; signature: ""0D\002 \036\352\217\234w\224\331\230z\306U\2521\345\311/m\247\342\234\240D\217\256\373AIQ\365>\320a\002 \022\331\035kV4s\331\036\324\323=\302\003|Rz$%\n\031\352\363\343\3440\333\352\265~\223\217""; previousledger: ""\347\000\235\365P6pmH\033\373\212c\377o\232\356\320D\002\277,]os{\354/?\312e\006""; "
1750527655626,1750527655626,0,1,3,0,TMProposeSet,"proposeSeq: 0; currentTxHash: ""\000\000\000\000\000\000\000\000\000\000\000\000\000\000\000\000\000\000\000\000\000\000\000\000\000\000\000\000\000\000\000\000""; nodePubKey: ""\003R7o\362bV\300hf\266\241;}\200^\374\240\203[:\342Q\225\221\027y\372\255\235\216\323~""; closeTime: 803842855; signature: ""0D\002 \036\352\217\234w\224\331\230z\306U\2521\345\311/m\247\342\234\240D\217\256\373AIQ\365>\320a\002 \022\331\035kV4s\331\036\324\323=\302\003|Rz$%\n\031\352\363\343\3440\333\352\265~\223\217""; previousledger: ""\347\000\235\365P6pmH\033\373\212c\377o\232\356\320D\002\277,]os{\354/?\312e\006""; ","proposeSeq: 0; currentTxHash: ""\000\000\000\000\000\000\000\000\000\000\000\000\000\000\000\000\000\000\000\000\000\000\000\000\000\000\000\000\000\000\000\000""; nodePubKey: ""\003R7o\362bV\300hf\266\241;}\200^\374\240\203[:\342Q\225\221\027y\372\255\235\216\323~""; closeTime: 803842855; signature: ""0D\002 \036\352\217\234w\224\331\230z\306U\2521\345\311/m\247\342\234\240D\217\256\373AIQ\365>\320a\002 \022\331\035kV4s\331\036\324\323=\302\003|Rz$%\n\031\352\363\343\3440\333\352\265~\223\217""; previousledger: ""\347\000\235\365P6pmH\033\373\212c\377o\232\356\320D\002\277,]os{\354/?\312e\006""; "
1750527655621,1750527655702,0,1,4,2,TMStatusChange,"newEvent: neCLOSING_LEDGER; ledgerSeq: 38; ledgerHash: ""\347\000\235\365P6pmH\033\373\212c\377o\232\356\320D\002\277,]os{\354/?\312e\006""; ledgerHashPrevious: ""\305q\237\274G\300a4\275\240s\215\222\210\016\020G\344=-:GK\312\035\271\201\350\376F\260G""; networkTime: 803842855; firstSeq: 1; lastSeq: 38; ","newEvent: neCLOSING_LEDGER; ledgerSeq: 38; ledgerHash: ""\347\000\235\365P6pmH\033\373\212c\377o\232\356\320D\002\277,]os{\354/?\312e\006""; ledgerHashPrevious: ""\305q\237\274G\300a4\275\240s\215\222\210\016\020G\344=-:GK\312\035\271\201\350\376F\260G""; networkTime: 803842855; firstSeq: 1; lastSeq: 38; "
1750527655623,1750527655702,0,1,4,3,TMStatusChange,"newEvent: neCLOSING_LEDGER; ledgerSeq: 38; ledgerHash: ""\347\000\235\365P6pmH\033\373\212c\377o\232\356\320D\002\277,]os{\354/?\312e\006""; ledgerHashPrevious: ""\305q\237\274G\300a4\275\240s\215\222\210\016\020G\344=-:GK\312\035\271\201\350\376F\260G""; networkTime: 803842855; firstSeq: 1; lastSeq: 38; ","newEvent: neCLOSING_LEDGER; ledgerSeq: 38; ledgerHash: ""\347\000\235\365P6pmH\033\373\212c\377o\232\356\320D\002\277,]os{\354/?\312e\006""; ledgerHashPrevious: ""\305q\237\274G\300a4\275\240s\215\222\210\016\020G\344=-:GK\312\035\271\201\350\376F\260G""; networkTime: 803842855; firstSeq: 1; lastSeq: 38; "
1750527655624,1750527655703,0,1,4,0,TMStatusChange,"newEvent: neCLOSING_LEDGER; ledgerSeq: 38; ledgerHash: ""\347\000\235\365P6pmH\033\373\212c\377o\232\356\320D\002\277,]os{\354/?\312e\006""; ledgerHashPrevious: ""\305q\237\274G\300a4\275\240s\215\222\210\016\020G\344=-:GK\312\035\271\201\350\376F\260G""; networkTime: 803842855; firstSeq: 1; lastSeq: 38; ","newEvent: neCLOSING_LEDGER; ledgerSeq: 38; ledgerHash: ""\347\000\235\365P6pmH\033\373\212c\377o\232\356\320D\002\277,]os{\354/?\312e\006""; ledgerHashPrevious: ""\305q\237\274G\300a4\275\240s\215\222\210\016\020G\344=-:GK\312\035\271\201\350\376F\260G""; networkTime: 803842855; firstSeq: 1; lastSeq: 38; "
1750527655625,1750527655704,0,1,4,1,TMStatusChange,"newEvent: neCLOSING_LEDGER; ledgerSeq: 38; ledgerHash: ""\347\000\235\365P6pmH\033\373\212c\377o\232\356\320D\002\277,]os{\354/?\312e\006""; ledgerHashPrevious: ""\305q\237\274G\300a4\275\240s\215\222\210\016\020G\344=-:GK\312\035\271\201\350\376F\260G""; networkTime: 803842855; firstSeq: 1; lastSeq: 38; ","newEvent: neCLOSING_LEDGER; ledgerSeq: 38; ledgerHash: ""\347\000\235\365P6pmH\033\373\212c\377o\232\356\320D\002\277,]os{\354/?\312e\006""; ledgerHashPrevious: ""\305q\237\274G\300a4\275\240s\215\222\210\016\020G\344=-:GK\312\035\271\201\350\376F\260G""; networkTime: 803842855; firstSeq: 1; lastSeq: 38; "
1750527655695,1750527655704,0,1,1,3,TMStatusChange,"newEvent: neACCEPTED_LEDGER; ledgerSeq: 13; ledgerHash: ""<\327\304JT*\320""\007\201l\357[\\227ps\341\177(\335\333&R\276\033\202\032\346\375*\254""; ledgerHashPrevious: ""s\0079\313\230\355\262\256\324\364\274&\034p\210@K\347#\343\030\246\353\321\312\303\353m\240\026\264\302""; networkTime: 803842855; firstSeq: 1; lastSeq: 38; ","newEvent: neACCEPTED_LEDGER; ledgerSeq: 13; ledgerHash: ""<\327\304JT*\320""\007\201l\357[\\227ps\341\177(\335\333&R\276\033\202\032\346\375*\254""; ledgerHashPrevious: ""s\0079\313\230\355\262\256\324\364\274&\034p\210@K\347#\343\030\246\353\321\312\303\353m\240\026\264\302""; networkTime: 803842855; firstSeq: 1; lastSeq: 38; "
1750527655696,1750527655704,0,1,1,0,TMStatusChange,"newEvent: neACCEPTED_LEDGER; ledgerSeq: 13; ledgerHash: ""<\327\304JT*\320""\007\201l\357[\\227ps\341\177(\335\333&R\276\033\202\032\346\375*\254""; ledgerHashPrevious: ""s\0079\313\230\355\262\256\324\364\274&\034p\210@K\347#\343\030\246\353\321\312\303\353m\240\026\264\302""; networkTime: 803842855; firstSeq: 1; lastSeq: 38; ","newEvent: neACCEPTED_LEDGER; ledgerSeq: 13; ledgerHash: ""<\327\304JT*\320""\007\201l\357[\\227ps\341\177(\335\333&R\276\033\202\032\346\375*\254""; ledgerHashPrevious: ""s\0079\313\230\355\262\256\324\364\274&\034p\210@K\347#\343\030\246\353\321\312\303\353m\240\026\264\302""; networkTime: 803842855; firstSeq: 1; lastSeq: 38; "
1750527655696,1750527655705,0,1,1,4,TMStatusChange,"newEvent: neACCEPTED_LEDGER; ledgerSeq: 13; ledgerHash: ""<\327\304JT*\320""\007\201l\357[\\227ps\341\177(\335\333&R\276\033\202\032\346\375*\254""; ledgerHashPrevious: ""s\0079\313\230\355\262\256\324\364\274&\034p\210@K\347#\343\030\246\353\321\312\303\353m\240\026\264\302""; networkTime: 803842855; firstSeq: 1; lastSeq: 38; ","newEvent: neACCEPTED_LEDGER; ledgerSeq: 13; ledgerHash: ""<\327\304JT*\320""\007\201l\357[\\227ps\341\177(\335\333&R\276\033\202\032\346\375*\254""; ledgerHashPrevious: ""s\0079\313\230\355\262\256\324\364\274&\034p\210@K\347#\343\030\246\353\321\312\303\353m\240\026\264\302""; networkTime: 803842855; firstSeq: 1; lastSeq: 38; "
1750527655699,1750527655705,0,1,1,2,TMStatusChange,"newEvent: neACCEPTED_LEDGER; ledgerSeq: 13; ledgerHash: ""<\327\304JT*\320""\007\201l\357[\\227ps\341\177(\335\333&R\276\033\202\032\346\375*\254""; ledgerHashPrevious: ""s\0079\313\230\355\262\256\324\364\274&\034p\210@K\347#\343\030\246\353\321\312\303\353m\240\026\264\302""; networkTime: 803842855; firstSeq: 1; lastSeq: 38; ","newEvent: neACCEPTED_LEDGER; ledgerSeq: 13; ledgerHash: ""<\327\304JT*\320""\007\201l\357[\\227ps\341\177(\335\333&R\276\033\202\032\346\375*\254""; ledgerHashPrevious: ""s\0079\313\230\355\262\256\324\364\274&\034p\210@K\347#\343\030\246\353\321\312\303\353m\240\026\264\302""; networkTime: 803842855; firstSeq: 1; lastSeq: 38; "
1750527657460,1750527657460,0,1,3,4,TMValidation,"validation: """"\200\000\000\001&\000\000\000')/\351\253):p\210\265\307-\212\200\004Qwda\001\023\375\316\025\254\321\244\370+Y`\220\270\254\2601E[FI\310\235<qI \356\032P\027\000\000\000\000\000\000\000\000\000\000\000\000\000\000\000\000\000\000\000\000\000\000\000\000\000\000\000\000\000\000\000\000P\031\347\000\235\365P6pmH\033\373\212c\377o\232\356\320D\002\277,]os{\354/?\312e\006s!\002\364d\217\366\217|\316F\232\231\241\n\261\333`\312O\367\235\025DD\336e\367\n\312\326\221\037\025\230vG0E\002!\000\304mC0\211\265\313\003\240Z\277\024\022\345\213\275\273n\200\234\t\324b\n\322\243=\023\262z\350<\002 \034\026g\233\374Qp@\225\005\200m$Z\004\005u\016\213H\006]6\027\254\357\236V<\317\234\313""; ","validation: """"\200\000\000\001&\000\000\000')/\351\253):p\210\265\307-\212\200\004Qwda\001\023\375\316\025\254\321\244\370+Y`\220\270\254\2601E[FI\310\235<qI \356\032P\027\000\000\000\000\000\000\000\000\000\000\000\000\000\000\000\000\000\000\000\000\000\000\000\000\000\000\000\000\000\000\000\000P\031\347\000\235\365P6pmH\033\373\212c\377o\232\356\320D\002\277,]os{\354/?\312e\006s!\002\364d\217\366\217|\316F\232\231\241\n\261\333`\312O\367\235\025DD\336e\367\n\312\326\221\037\025\230vG0E\002!\000\304mC0\211\265\313\003\240Z\277\024\022\345\213\275\273n\200\234\t\324b\n\322\243=\023\262z\350<\002 \034\026g\233\374Qp@\225\005\200m$Z\004\005u\016\213H\006]6\027\254\357\236V<\317\234\313""; "
1750527657461,1750527657461,0,1,3,0,TMValidation,"validation: """"\200\000\000\001&\000\000\000')/\351\253):p\210\265\307-\212\200\004Qwda\001\023\375\316\025\254\321\244\370+Y`\220\270\254\2601E[FI\310\235<qI \356\032P\027\000\000\000\000\000\000\000\000\000\000\000\000\000\000\000\000\000\000\000\000\000\000\000\000\000\000\000\000\000\000\000\000P\031\347\000\235\365P6pmH\033\373\212c\377o\232\356\320D\002\277,]os{\354/?\312e\006s!\002\364d\217\366\217|\316F\232\231\241\n\261\333`\312O\367\235\025DD\336e\367\n\312\326\221\037\025\230vG0E\002!\000\304mC0\211\265\313\003\240Z\277\024\022\345\213\275\273n\200\234\t\324b\n\322\243=\023\262z\350<\002 \034\026g\233\374Qp@\225\005\200m$Z\004\005u\016\213H\006]6\027\254\357\236V<\317\234\313""; ","validation: """"\200\000\000\001&\000\000\000')/\351\253):p\210\265\307-\212\200\004Qwda\001\023\375\316\025\254\321\244\370+Y`\220\270\254\2601E[FI\310\235<qI \356\032P\027\000\000\000\000\000\000\000\000\000\000\000\000\000\000\000\000\000\000\000\000\000\000\000\000\000\000\000\000\000\000\000\000P\031\347\000\235\365P6pmH\033\373\212c\377o\232\356\320D\002\277,]os{\354/?\312e\006s!\002\364d\217\366\217|\316F\232\231\241\n\261\333`\312O\367\235\025DD\336e\367\n\312\326\221\037\025\230vG0E\002!\000\304mC0\211\265\313\003\240Z\277\024\022\345\213\275\273n\200\234\t\324b\n\322\243=\023\262z\350<\002 \034\026g\233\374Qp@\225\005\200m$Z\004\005u\016\213H\006]6\027\254\357\236V<\317\234\313""; "
1750527657461,1750527657461,0,1,3,4,TMStatusChange,"newEvent: neACCEPTED_LEDGER; ledgerSeq: 39; ledgerHash: ""wda\001\023\375\316\025\254\321\244\370+Y`\220\270\254\2601E[FI\310\235<qI \356\032""; ledgerHashPrevious: ""\347\000\235\365P6pmH\033\373\212c\377o\232\356\320D\002\277,]os{\354/?\312e\006""; networkTime: 803842857; firstSeq: 1; lastSeq: 38; ","newEvent: neACCEPTED_LEDGER; ledgerSeq: 39; ledgerHash: ""wda\001\023\375\316\025\254\321\244\370+Y`\220\270\254\2601E[FI\310\235<qI \356\032""; ledgerHashPrevious: ""\347\000\235\365P6pmH\033\373\212c\377o\232\356\320D\002\277,]os{\354/?\312e\006""; networkTime: 803842857; firstSeq: 1; lastSeq: 38; "
1750527657462,1750527657462,0,1,3,2,TMStatusChange,"newEvent: neACCEPTED_LEDGER; ledgerSeq: 39; ledgerHash: ""wda\001\023\375\316\025\254\321\244\370+Y`\220\270\254\2601E[FI\310\235<qI \356\032""; ledgerHashPrevious: ""\347\000\235\365P6pmH\033\373\212c\377o\232\356\320D\002\277,]os{\354/?\312e\006""; networkTime: 803842857; firstSeq: 1; lastSeq: 38; ","newEvent: neACCEPTED_LEDGER; ledgerSeq: 39; ledgerHash: ""wda\001\023\375\316\025\254\321\244\370+Y`\220\270\254\2601E[FI\310\235<qI \356\032""; ledgerHashPrevious: ""\347\000\235\365P6pmH\033\373\212c\377o\232\356\320D\002\277,]os{\354/?\312e\006""; networkTime: 803842857; firstSeq: 1; lastSeq: 38; "
1750527657462,1750527657462,0,1,3,0,TMStatusChange,"newEvent: neACCEPTED_LEDGER; ledgerSeq: 39; ledgerHash: ""wda\001\023\375\316\025\254\321\244\370+Y`\220\270\254\2601E[FI\310\235<qI \356\032""; ledgerHashPrevious: ""\347\000\235\365P6pmH\033\373\212c\377o\232\356\320D\002\277,]os{\354/?\312e\006""; networkTime: 803842857; firstSeq: 1; lastSeq: 38; ","newEvent: neACCEPTED_LEDGER; ledgerSeq: 39; ledgerHash: ""wda\001\023\375\316\025\254\321\244\370+Y`\220\270\254\2601E[FI\310\235<qI \356\032""; ledgerHashPrevious: ""\347\000\235\365P6pmH\033\373\212c\377o\232\356\320D\002\277,]os{\354/?\312e\006""; networkTime: 803842857; firstSeq: 1; lastSeq: 38; "
1750527657463,1750527657463,0,1,3,2,TMValidation,"validation: """"\200\000\000\001&\000\000\000')/\351\253):p\210\265\307-\212\200\004Qwda\001\023\375\316\025\254\321\244\370+Y`\220\270\254\2601E[FI\310\235<qI \356\032P\027\000\000\000\000\000\000\000\000\000\000\000\000\000\000\000\000\000\000\000\000\000\000\000\000\000\000\000\000\000\000\000\000P\031\347\000\235\365P6pmH\033\373\212c\377o\232\356\320D\002\277,]os{\354/?\312e\006s!\002\364d\217\366\217|\316F\232\231\241\n\261\333`\312O\367\235\025DD\336e\367\n\312\326\221\037\025\230vG0E\002!\000\304mC0\211\265\313\003\240Z\277\024\022\345\213\275\273n\200\234\t\324b\n\322\243=\023\262z\350<\002 \034\026g\233\374Qp@\225\005\200m$Z\004\005u\016\213H\006]6\027\254\357\236V<\317\234\313""; ","validation: """"\200\000\000\001&\000\000\000')/\351\253):p\210\265\307-\212\200\004Qwda\001\023\375\316\025\254\321\244\370+Y`\220\270\254\2601E[FI\310\235<qI \356\032P\027\000\000\000\000\000\000\000\000\000\000\000\000\000\000\000\000\000\000\000\000\000\000\000\000\000\000\000\000\000\000\000\000P\031\347\000\235\365P6pmH\033\373\212c\377o\232\356\320D\002\277,]os{\354/?\312e\006s!\002\364d\217\366\217|\316F\232\231\241\n\261\333`\312O\367\235\025DD\336e\367\n\312\326\221\037\025\230vG0E\002!\000\304mC0\211\265\313\003\240Z\277\024\022\345\213\275\273n\200\234\t\324b\n\322\243=\023\262z\350<\002 \034\026g\233\374Qp@\225\005\200m$Z\004\005u\016\213H\006]6\027\254\357\236V<\317\234\313""; "
1750527657463,1750527657463,0,1,3,1,TMValidation,"validation: """"\200\000\000\001&\000\000\000')/\351\253):p\210\265\307-\212\200\004Qwda\001\023\375\316\025\254\321\244\370+Y`\220\270\254\2601E[FI\310\235<qI \356\032P\027\000\000\000\000\000\000\000\000\000\000\000\000\000\000\000\000\000\000\000\000\000\000\000\000\000\000\000\000\000\000\000\000P\031\347\000\235\365P6pmH\033\373\212c\377o\232\356\320D\002\277,]os{\354/?\312e\006s!\002\364d\217\366\217|\316F\232\231\241\n\261\333`\312O\367\235\025DD\336e\367\n\312\326\221\037\025\230vG0E\002!\000\304mC0\211\265\313\003\240Z\277\024\022\345\213\275\273n\200\234\t\324b\n\322\243=\023\262z\350<\002 \034\026g\233\374Qp@\225\005\200m$Z\004\005u\016\213H\006]6\027\254\357\236V<\317\234\313""; ","validation: """"\200\000\000\001&\000\000\000')/\351\253):p\210\265\307-\212\200\004Qwda\001\023\375\316\025\254\321\244\370+Y`\220\270\254\2601E[FI\310\235<qI \356\032P\027\000\000\000\000\000\000\000\000\000\000\000\000\000\000\000\000\000\000\000\000\000\000\000\000\000\000\000\000\000\000\000\000P\031\347\000\235\365P6pmH\033\373\212c\377o\232\356\320D\002\277,]os{\354/?\312e\006s!\002\364d\217\366\217|\316F\232\231\241\n\261\333`\312O\367\235\025DD\336e\367\n\312\326\221\037\025\230vG0E\002!\000\304mC0\211\265\313\003\240Z\277\024\022\345\213\275\273n\200\234\t\324b\n\322\243=\023\262z\350<\002 \034\026g\233\374Qp@\225\005\200m$Z\004\005u\016\213H\006]6\027\254\357\236V<\317\234\313""; "
1750527657463,1750527657463,0,1,3,1,TMStatusChange,"newEvent: neACCEPTED_LEDGER; ledgerSeq: 39; ledgerHash: ""wda\001\023\375\316\025\254\321\244\370+Y`\220\270\254\2601E[FI\310\235<qI \356\032""; ledgerHashPrevious: ""\347\000\235\365P6pmH\033\373\212c\377o\232\356\320D\002\277,]os{\354/?\312e\006""; networkTime: 803842857; firstSeq: 1; lastSeq: 38; ","newEvent: neACCEPTED_LEDGER; ledgerSeq: 39; ledgerHash: ""wda\001\023\375\316\025\254\321\244\370+Y`\220\270\254\2601E[FI\310\235<qI \356\032""; ledgerHashPrevious: ""\347\000\235\365P6pmH\033\373\212c\377o\232\356\320D\002\277,]os{\354/?\312e\006""; networkTime: 803842857; firstSeq: 1; lastSeq: 38; "
1750527657465,1750527657465,0,1,4,1,TMValidation,"validation: """"\200\000\000\001&\000\000\000')/\351\253):p\210\265\307-\212\200\004Qwda\001\023\375\316\025\254\321\244\370+Y`\220\270\254\2601E[FI\310\235<qI \356\032P\027\000\000\000\000\000\000\000\000\000\000\000\000\000\000\000\000\000\000\000\000\000\000\000\000\000\000\000\000\000\000\000\000P\031\347\000\235\365P6pmH\033\373\212c\377o\232\356\320D\002\277,]os{\354/?\312e\006s!\002\364d\217\366\217|\316F\232\231\241\n\261\333`\312O\367\235\025DD\336e\367\n\312\326\221\037\025\230vG0E\002!\000\304mC0\211\265\313\003\240Z\277\024\022\345\213\275\273n\200\234\t\324b\n\322\243=\023\262z\350<\002 \034\026g\233\374Qp@\225\005\200m$Z\004\005u\016\213H\006]6\027\254\357\236V<\317\234\313""; ","validation: """"\200\000\000\001&\000\000\000')/\351\253):p\210\265\307-\212\200\004Qwda\001\023\375\316\025\254\321\244\370+Y`\220\270\254\2601E[FI\310\235<qI \356\032P\027\000\000\000\000\000\000\000\000\000\000\000\000\000\000\000\000\000\000\000\000\000\000\000\000\000\000\000\000\000\000\000\000P\031\347\000\235\365P6pmH\033\373\212c\377o\232\356\320D\002\277,]os{\354/?\312e\006s!\002\364d\217\366\217|\316F\232\231\241\n\261\333`\312O\367\235\025DD\336e\367\n\312\326\221\037\025\230vG0E\002!\000\304mC0\211\265\313\003\240Z\277\024\022\345\213\275\273n\200\234\t\324b\n\322\243=\023\262z\350<\002 \034\026g\233\374Qp@\225\005\200m$Z\004\005u\016\213H\006]6\027\254\357\236V<\317\234\313""; "
1750527657466,1750527657466,0,1,4,2,TMValidation,"validation: """"\200\000\000\001&\000\000\000')/\351\253):p\210\265\307-\212\200\004Qwda\001\023\375\316\025\254\321\244\370+Y`\220\270\254\2601E[FI\310\235<qI \356\032P\027\000\000\000\000\000\000\000\000\000\000\000\000\000\000\000\000\000\000\000\000\000\000\000\000\000\000\000\000\000\000\000\000P\031\347\000\235\365P6pmH\033\373\212c\377o\232\356\320D\002\277,]os{\354/?\312e\006s!\002\364d\217\366\217|\316F\232\231\241\n\261\333`\312O\367\235\025DD\336e\367\n\312\326\221\037\025\230vG0E\002!\000\304mC0\211\265\313\003\240Z\277\024\022\345\213\275\273n\200\234\t\324b\n\322\243=\023\262z\350<\002 \034\026g\233\374Qp@\225\005\200m$Z\004\005u\016\213H\006]6\027\254\357\236V<\317\234\313""; ","validation: """"\200\000\000\001&\000\000\000')/\351\253):p\210\265\307-\212\200\004Qwda\001\023\375\316\025\254\321\244\370+Y`\220\270\254\2601E[FI\310\235<qI \356\032P\027\000\000\000\000\000\000\000\000\000\000\000\000\000\000\000\000\000\000\000\000\000\000\000\000\000\000\000\000\000\000\000\000P\031\347\000\235\365P6pmH\033\373\212c\377o\232\356\320D\002\277,]os{\354/?\312e\006s!\002\364d\217\366\217|\316F\232\231\241\n\261\333`\312O\367\235\025DD\336e\367\n\312\326\221\037\025\230vG0E\002!\000\304mC0\211\265\313\003\240Z\277\024\022\345\213\275\273n\200\234\t\324b\n\322\243=\023\262z\350<\002 \034\026g\233\374Qp@\225\005\200m$Z\004\005u\016\213H\006]6\027\254\357\236V<\317\234\313""; "
1750527657466,1750527657466,0,1,4,3,TMGetLedger,"itype: liBASE; ledgerHash: ""wda\001\023\375\316\025\254\321\244\370+Y`\220\270\254\2601E[FI\310\235<qI \356\032""; ","itype: liBASE; ledgerHash: ""wda\001\023\375\316\025\254\321\244\370+Y`\220\270\254\2601E[FI\310\235<qI \356\032""; "
1750527657466,1750527657467,0,1,4,0,TMValidation,"validation: """"\200\000\000\001&\000\000\000')/\351\253):p\210\265\307-\212\200\004Qwda\001\023\375\316\025\254\321\244\370+Y`\220\270\254\2601E[FI\310\235<qI \356\032P\027\000\000\000\000\000\000\000\000\000\000\000\000\000\000\000\000\000\000\000\000\000\000\000\000\000\000\000\000\000\000\000\000P\031\347\000\235\365P6pmH\033\373\212c\377o\232\356\320D\002\277,]os{\354/?\312e\006s!\002\364d\217\366\217|\316F\232\231\241\n\261\333`\312O\367\235\025DD\336e\367\n\312\326\221\037\025\230vG0E\002!\000\304mC0\211\265\313\003\240Z\277\024\022\345\213\275\273n\200\234\t\324b\n\322\243=\023\262z\350<\002 \034\026g\233\374Qp@\225\005\200m$Z\004\005u\016\213H\006]6\027\254\357\236V<\317\234\313""; ","validation: """"\200\000\000\001&\000\000\000')/\351\253):p\210\265\307-\212\200\004Qwda\001\023\375\316\025\254\321\244\370+Y`\220\270\254\2601E[FI\310\235<qI \356\032P\027\000\000\000\000\000\000\000\000\000\000\000\000\000\000\000\000\000\000\000\000\000\000\000\000\000\000\000\000\000\000\000\000P\031\347\000\235\365P6pmH\033\373\212c\377o\232\356\320D\002\277,]os{\354/?\312e\006s!\002\364d\217\366\217|\316F\232\231\241\n\261\333`\312O\367\235\025DD\336e\367\n\312\326\221\037\025\230vG0E\002!\000\304mC0\211\265\313\003\240Z\277\024\022\345\213\275\273n\200\234\t\324b\n\322\243=\023\262z\350<\002 \034\026g\233\374Qp@\225\005\200m$Z\004\005u\016\213H\006]6\027\254\357\236V<\317\234\313""; "
1750527657467,1750527657467,0,1,4,0,TMGetLedger,"itype: liBASE; ledgerHash: ""wda\001\023\375\316\025\254\321\244\370+Y`\220\270\254\2601E[FI\310\235<qI \356\032""; ","itype: liBASE; ledgerHash: ""wda\001\023\375\316\025\254\321\244\370+Y`\220\270\254\2601E[FI\310\235<qI \356\032""; "
1750527657467,1750527657467,0,1,4,2,TMGetLedger,"itype: liBASE; ledgerHash: ""wda\001\023\375\316\025\254\321\244\370+Y`\220\270\254\2601E[FI\310\235<qI \356\032""; ","itype: liBASE; ledgerHash: ""wda\001\023\375\316\025\254\321\244\370+Y`\220\270\254\2601E[FI\310\235<qI \356\032""; "
1750527657468,1750527657468,0,1,4,1,TMGetLedger,"itype: liBASE; ledgerHash: ""wda\001\023\375\316\025\254\321\244\370+Y`\220\270\254\2601E[FI\310\235<qI \356\032""; ","itype: liBASE; ledgerHash: ""wda\001\023\375\316\025\254\321\244\370+Y`\220\270\254\2601E[FI\310\235<qI \356\032""; "
1750527657468,1750527657469,0,1,4,0,TMGetLedger,"itype: liBASE; ledgerHash: ""wda\001\023\375\316\025\254\321\244\370+Y`\220\270\254\2601E[FI\310\235<qI \356\032""; queryType: qtINDIRECT; ","itype: liBASE; ledgerHash: ""wda\001\023\375\316\025\254\321\244\370+Y`\220\270\254\2601E[FI\310\235<qI \356\032""; queryType: qtINDIRECT; "
1750527657469,1750527657469,0,1,4,1,TMGetLedger,"itype: liBASE; ledgerHash: ""wda\001\023\375\316\025\254\321\244\370+Y`\220\270\254\2601E[FI\310\235<qI \356\032""; queryType: qtINDIRECT; ","itype: liBASE; ledgerHash: ""wda\001\023\375\316\025\254\321\244\370+Y`\220\270\254\2601E[FI\310\235<qI \356\032""; queryType: qtINDIRECT; "
1750527657470,1750527657470,0,1,4,3,TMGetLedger,"itype: liBASE; ledgerHash: ""wda\001\023\375\316\025\254\321\244\370+Y`\220\270\254\2601E[FI\310\235<qI \356\032""; queryType: qtINDIRECT; ","itype: liBASE; ledgerHash: ""wda\001\023\375\316\025\254\321\244\370+Y`\220\270\254\2601E[FI\310\235<qI \356\032""; queryType: qtINDIRECT; "
1750527657471,1750527657471,0,1,4,2,TMGetLedger,"itype: liBASE; ledgerHash: ""wda\001\023\375\316\025\254\321\244\370+Y`\220\270\254\2601E[FI\310\235<qI \356\032""; queryType: qtINDIRECT; ","itype: liBASE; ledgerHash: ""wda\001\023\375\316\025\254\321\244\370+Y`\220\270\254\2601E[FI\310\235<qI \356\032""; queryType: qtINDIRECT; "
1750527657471,1750527657471,0,1,0,2,TMGetLedger,"itype: liBASE; ledgerHash: ""wda\001\023\375\316\025\254\321\244\370+Y`\220\270\254\2601E[FI\310\235<qI \356\032""; ledgerSeq: 39; ","itype: liBASE; ledgerHash: ""wda\001\023\375\316\025\254\321\244\370+Y`\220\270\254\2601E[FI\310\235<qI \356\032""; ledgerSeq: 39; "
1750527657472,1750527657472,0,1,0,4,TMGetLedger,"itype: liBASE; ledgerHash: ""wda\001\023\375\316\025\254\321\244\370+Y`\220\270\254\2601E[FI\310\235<qI \356\032""; ledgerSeq: 39; ","itype: liBASE; ledgerHash: ""wda\001\023\375\316\025\254\321\244\370+Y`\220\270\254\2601E[FI\310\235<qI \356\032""; ledgerSeq: 39; "
1750527657473,1750527657473,0,1,0,3,TMGetLedger,"itype: liBASE; ledgerHash: ""wda\001\023\375\316\025\254\321\244\370+Y`\220\270\254\2601E[FI\310\235<qI \356\032""; ledgerSeq: 39; ","itype: liBASE; ledgerHash: ""wda\001\023\375\316\025\254\321\244\370+Y`\220\270\254\2601E[FI\310\235<qI \356\032""; ledgerSeq: 39; "
1750527657474,1750527657474,0,1,0,1,TMGetLedger,"itype: liBASE; ledgerHash: ""wda\001\023\375\316\025\254\321\244\370+Y`\220\270\254\2601E[FI\310\235<qI \356\032""; ledgerSeq: 39; ","itype: liBASE; ledgerHash: ""wda\001\023\375\316\025\254\321\244\370+Y`\220\270\254\2601E[FI\310\235<qI \356\032""; ledgerSeq: 39; "
1750527657475,1750527657475,0,1,0,3,TMGetLedger,"itype: liBASE; ledgerHash: ""wda\001\023\375\316\025\254\321\244\370+Y`\220\270\254\2601E[FI\310\235<qI \356\032""; ledgerSeq: 39; queryType: qtINDIRECT; ","itype: liBASE; ledgerHash: ""wda\001\023\375\316\025\254\321\244\370+Y`\220\270\254\2601E[FI\310\235<qI \356\032""; ledgerSeq: 39; queryType: qtINDIRECT; "
1750527657475,1750527657476,0,1,2,4,TMGetLedger,"itype: liBASE; ledgerHash: ""wda\001\023\375\316\025\254\321\244\370+Y`\220\270\254\2601E[FI\310\235<qI \356\032""; ledgerSeq: 39; ","itype: liBASE; ledgerHash: ""wda\001\023\375\316\025\254\321\244\370+Y`\220\270\254\2601E[FI\310\235<qI \356\032""; ledgerSeq: 39; "
1750527657476,1750527657476,0,1,2,0,TMGetLedger,"itype: liBASE; ledgerHash: ""wda\001\023\375\316\025\254\321\244\370+Y`\220\270\254\2601E[FI\310\235<qI \356\032""; ledgerSeq: 39; ","itype: liBASE; ledgerHash: ""wda\001\023\375\316\025\254\321\244\370+Y`\220\270\254\2601E[FI\310\235<qI \356\032""; ledgerSeq: 39; "
1750527657476,1750527657476,0,1,2,1,TMGetLedger,"itype: liBASE; ledgerHash: ""wda\001\023\375\316\025\254\321\244\370+Y`\220\270\254\2601E[FI\310\235<qI \356\032""; ledgerSeq: 39; ","itype: liBASE; ledgerHash: ""wda\001\023\375\316\025\254\321\244\370+Y`\220\270\254\2601E[FI\310\235<qI \356\032""; ledgerSeq: 39; "
1750527657476,1750527657476,0,1,2,3,TMGetLedger,"itype: liBASE; ledgerHash: ""wda\001\023\375\316\025\254\321\244\370+Y`\220\270\254\2601E[FI\310\235<qI \356\032""; ledgerSeq: 39; ","itype: liBASE; ledgerHash: ""wda\001\023\375\316\025\254\321\244\370+Y`\220\270\254\2601E[FI\310\235<qI \356\032""; ledgerSeq: 39; "
1750527657477,1750527657477,0,1,1,3,TMGetLedger,"itype: liBASE; ledgerHash: ""wda\001\023\375\316\025\254\321\244\370+Y`\220\270\254\2601E[FI\310\235<qI \356\032""; ledgerSeq: 39; ","itype: liBASE; ledgerHash: ""wda\001\023\375\316\025\254\321\244\370+Y`\220\270\254\2601E[FI\310\235<qI \356\032""; ledgerSeq: 39; "
1750527657478,1750527657478,0,1,1,0,TMGetLedger,"itype: liBASE; ledgerHash: ""wda\001\023\375\316\025\254\321\244\370+Y`\220\270\254\2601E[FI\310\235<qI \356\032""; ledgerSeq: 39; ","itype: liBASE; ledgerHash: ""wda\001\023\375\316\025\254\321\244\370+Y`\220\270\254\2601E[FI\310\235<qI \356\032""; ledgerSeq: 39; "
1750527657478,1750527657478,0,1,1,4,TMGetLedger,"itype: liBASE; ledgerHash: ""wda\001\023\375\316\025\254\321\244\370+Y`\220\270\254\2601E[FI\310\235<qI \356\032""; ledgerSeq: 39; ","itype: liBASE; ledgerHash: ""wda\001\023\375\316\025\254\321\244\370+Y`\220\270\254\2601E[FI\310\235<qI \356\032""; ledgerSeq: 39; "
1750527657478,1750527657479,0,1,1,2,TMGetLedger,"itype: liBASE; ledgerHash: ""wda\001\023\375\316\025\254\321\244\370+Y`\220\270\254\2601E[FI\310\235<qI \356\032""; ledgerSeq: 39; ","itype: liBASE; ledgerHash: ""wda\001\023\375\316\025\254\321\244\370+Y`\220\270\254\2601E[FI\310\235<qI \356\032""; ledgerSeq: 39; "
1750527657479,1750527657479,0,1,1,2,TMValidation,"validation: """"\200\000\000\001&\000\000\000')/\351\253):p\210\265\307-\212\200\004Qwda\001\023\375\316\025\254\321\244\370+Y`\220\270\254\2601E[FI\310\235<qI \356\032P\027\000\000\000\000\000\000\000\000\000\000\000\000\000\000\000\000\000\000\000\000\000\000\000\000\000\000\000\000\000\000\000\000P\031\347\000\235\365P6pmH\033\373\212c\377o\232\356\320D\002\277,]os{\354/?\312e\006s!\002\364d\217\366\217|\316F\232\231\241\n\261\333`\312O\367\235\025DD\336e\367\n\312\326\221\037\025\230vG0E\002!\000\304mC0\211\265\313\003\240Z\277\024\022\345\213\275\273n\200\234\t\324b\n\322\243=\023\262z\350<\002 \034\026g\233\374Qp@\225\005\200m$Z\004\005u\016\213H\006]6\027\254\357\236V<\317\234\313""; ","validation: """"\200\000\000\001&\000\000\000')/\351\253):p\210\265\307-\212\200\004Qwda\001\023\375\316\025\254\321\244\370+Y`\220\270\254\2601E[FI\310\235<qI \356\032P\027\000\000\000\000\000\000\000\000\000\000\000\000\000\000\000\000\000\000\000\000\000\000\000\000\000\000\000\000\000\000\000\000P\031\347\000\235\365P6pmH\033\373\212c\377o\232\356\320D\002\277,]os{\354/?\312e\006s!\002\364d\217\366\217|\316F\232\231\241\n\261\333`\312O\367\235\025DD\336e\367\n\312\326\221\037\025\230vG0E\002!\000\304mC0\211\265\313\003\240Z\277\024\022\345\213\275\273n\200\234\t\324b\n\322\243=\023\262z\350<\002 \034\026g\233\374Qp@\225\005\200m$Z\004\005u\016\213H\006]6\027\254\357\236V<\317\234\313""; "
1750527657479,1750527657479,0,1,1,2,TMGetLedger,"itype: liBASE; ledgerHash: ""wda\001\023\375\316\025\254\321\244\370+Y`\220\270\254\2601E[FI\310\235<qI \356\032""; ledgerSeq: 39; queryType: qtINDIRECT; ","itype: liBASE; ledgerHash: ""wda\001\023\375\316\025\254\321\244\370+Y`\220\270\254\2601E[FI\310\235<qI \356\032""; ledgerSeq: 39; queryType: qtINDIRECT; "
1750527657481,1750527657481,0,1,1,4,TMGetLedger,"itype: liBASE; ledgerHash: ""wda\001\023\375\316\025\254\321\244\370+Y`\220\270\254\2601E[FI\310\235<qI \356\032""; ledgerSeq: 39; queryType: qtINDIRECT; ","itype: liBASE; ledgerHash: ""wda\001\023\375\316\025\254\321\244\370+Y`\220\270\254\2601E[FI\310\235<qI \356\032""; ledgerSeq: 39; queryType: qtINDIRECT; "
1750527657481,1750527657481,0,1,1,3,TMGetLedger,"itype: liBASE; ledgerHash: ""wda\001\023\375\316\025\254\321\244\370+Y`\220\270\254\2601E[FI\310\235<qI \356\032""; ledgerSeq: 39; queryType: qtINDIRECT; ","itype: liBASE; ledgerHash: ""wda\001\023\375\316\025\254\321\244\370+Y`\220\270\254\2601E[FI\310\235<qI \356\032""; ledgerSeq: 39; queryType: qtINDIRECT; "
1750527657481,1750527657481,0,1,1,0,TMGetLedger,"itype: liBASE; ledgerHash: ""wda\001\023\375\316\025\254\321\244\370+Y`\220\270\254\2601E[FI\310\235<qI \356\032""; ledgerSeq: 39; queryType: qtINDIRECT; ","itype: liBASE; ledgerHash: ""wda\001\023\375\316\025\254\321\244\370+Y`\220\270\254\2601E[FI\310\235<qI \356\032""; ledgerSeq: 39; queryType: qtINDIRECT; "
1750527657482,1750527657482,0,1,1,0,TMValidation,"validation: """"\200\000\000\001&\000\000\000')/\351\253):p\210\265\307-\212\200\004Qwda\001\023\375\316\025\254\321\244\370+Y`\220\270\254\2601E[FI\310\235<qI \356\032P\027\000\000\000\000\000\000\000\000\000\000\000\000\000\000\000\000\000\000\000\000\000\000\000\000\000\000\000\000\000\000\000\000P\031\347\000\235\365P6pmH\033\373\212c\377o\232\356\320D\002\277,]os{\354/?\312e\006s!\002\364d\217\366\217|\316F\232\231\241\n\261\333`\312O\367\235\025DD\336e\367\n\312\326\221\037\025\230vG0E\002!\000\304mC0\211\265\313\003\240Z\277\024\022\345\213\275\273n\200\234\t\324b\n\322\243=\023\262z\350<\002 \034\026g\233\374Qp@\225\005\200m$Z\004\005u\016\213H\006]6\027\254\357\236V<\317\234\313""; ","validation: """"\200\000\000\001&\000\000\000')/\351\253):p\210\265\307-\212\200\004Qwda\001\023\375\316\025\254\321\244\370+Y`\220\270\254\2601E[FI\310\235<qI \356\032P\027\000\000\000\000\000\000\000\000\000\000\000\000\000\000\000\000\000\000\000\000\000\000\000\000\000\000\000\000\000\000\000\000P\031\347\000\235\365P6pmH\033\373\212c\377o\232\356\320D\002\277,]os{\354/?\312e\006s!\002\364d\217\366\217|\316F\232\231\241\n\261\333`\312O\367\235\025DD\336e\367\n\312\326\221\037\025\230vG0E\002!\000\304mC0\211\265\313\003\240Z\277\024\022\345\213\275\273n\200\234\t\324b\n\322\243=\023\262z\350<\002 \034\026g\233\374Qp@\225\005\200m$Z\004\005u\016\213H\006]6\027\254\357\236V<\317\234\313""; "
1750527657482,1750527657482,0,1,2,4,TMValidation,"validation: """"\200\000\000\001&\000\000\000')/\351\253):p\210\265\307-\212\200\004Qwda\001\023\375\316\025\254\321\244\370+Y`\220\270\254\2601E[FI\310\235<qI \356\032P\027\000\000\000\000\000\000\000\000\000\000\000\000\000\000\000\000\000\000\000\000\000\000\000\000\000\000\000\000\000\000\000\000P\031\347\000\235\365P6pmH\033\373\212c\377o\232\356\320D\002\277,]os{\354/?\312e\006s!\002\364d\217\366\217|\316F\232\231\241\n\261\333`\312O\367\235\025DD\336e\367\n\312\326\221\037\025\230vG0E\002!\000\304mC0\211\265\313\003\240Z\277\024\022\345\213\275\273n\200\234\t\324b\n\322\243=\023\262z\350<\002 \034\026g\233\374Qp@\225\005\200m$Z\004\005u\016\213H\006]6\027\254\357\236V<\317\234\313""; ","validation: """"\200\000\000\001&\000\000\000')/\351\253):p\210\265\307-\212\200\004Qwda\001\023\375\316\025\254\321\244\370+Y`\220\270\254\2601E[FI\310\235<qI \356\032P\027\000\000\000\000\000\000\000\000\000\000\000\000\000\000\000\000\000\000\000\000\000\000\000\000\000\000\000\000\000\000\000\000P\031\347\000\235\365P6pmH\033\373\212c\377o\232\356\320D\002\277,]os{\354/?\312e\006s!\002\364d\217\366\217|\316F\232\231\241\n\261\333`\312O\367\235\025DD\336e\367\n\312\326\221\037\025\230vG0E\002!\000\304mC0\211\265\313\003\240Z\277\024\022\345\213\275\273n\200\234\t\324b\n\322\243=\023\262z\350<\002 \034\026g\233\374Qp@\225\005\200m$Z\004\005u\016\213H\006]6\027\254\357\236V<\317\234\313""; "
1750527657483,1750527657483,0,1,2,4,TMGetLedger,"itype: liBASE; ledgerHash: ""wda\001\023\375\316\025\254\321\244\370+Y`\220\270\254\2601E[FI\310\235<qI \356\032""; ledgerSeq: 39; queryType: qtINDIRECT; ","itype: liBASE; ledgerHash: ""wda\001\023\375\316\025\254\321\244\370+Y`\220\270\254\2601E[FI\310\235<qI \356\032""; ledgerSeq: 39; queryType: qtINDIRECT; "
1750527657484,1750527657484,0,1,3,4,TMLedgerData,"ledgerHash: ""wda\001\023\375\316\025\254\321\244\370+Y`\220\270\254\2601E[FI\310\235<qI \356\032""; ledgerSeq: 39; type: liBASE; nodes {;   nodedata: ""\000\000\000'\001cEx]\211\377\330\347\000\235\365P6pmH\033\373\212c\377o\232\356\320D\002\277,]os{\354/?\312e\006\000\000\000\000\000\000\000\000\000\000\000\000\000\000\000\000\000\000\000\000\000\000\000\000\000\000\000\000\000\000\000\000\231\214\271LV\207H\346g\243\257\363\004H\305Kd\317Fs\353i\340\241H\220\374-S\313-~/\351\253$/\351\253,\n\000""; }; nodes {;   nodedata: ""\323C\344\327\264{\312-\017:\006{\177\344N\002\326bO\260\220\006\033\362\345\005U\221DzJ0\001\301\025%1L\307\t\261\262z\374\222T\301\274V\236\223\262\270Ct\362\337b\356\024*\324\320\351\317\002k\336\234\027v\351\217\260\303\360\233ZPZWr\246$w\313\313\r\243r\232\2234\373\3539:N\004Q\245\272D\312D\300\300\t\323\0257\345e\271\na\215{\226\255x%T\257\037\333\004\344_/R\006E\344\037@\210\363\010\336T\226\247'\204_{\261\370""1\235\2445\343\033Y!\212\201\341\272\225'\007Vv\034R\264\030\255d:Cf4\252\241oR\226\303\205Ly\30061#\213n\371?\260\263@\013\003""; }; ","ledgerHash: ""wda\001\023\375\316\025\254\321\244\370+Y`\220\270\254\2601E[FI\310\235<qI \356\032""; ledgerSeq: 39; type: liBASE; nodes {;   nodedata: ""\000\000\000'\001cEx]\211\377\330\347\000\235\365P6pmH\033\373\212c\377o\232\356\320D\002\277,]os{\354/?\312e\006\000\000\000\000\000\000\000\000\000\000\000\000\000\000\000\000\000\000\000\000\000\000\000\000\000\000\000\000\000\000\000\000\231\214\271LV\207H\346g\243\257\363\004H\305Kd\317Fs\353i\340\241H\220\374-S\313-~/\351\253$/\351\253,\n\000""; }; nodes {;   nodedata: ""\323C\344\327\264{\312-\017:\006{\177\344N\002\326bO\260\220\006\033\362\345\005U\221DzJ0\001\301\025%1L\307\t\261\262z\374\222T\301\274V\236\223\262\270Ct\362\337b\356\024*\324\320\351\317\002k\336\234\027v\351\217\260\303\360\233ZPZWr\246$w\313\313\r\243r\232\2234\373\3539:N\004Q\245\272D\312D\300\300\t\323\0257\345e\271\na\215{\226\255x%T\257\037\333\004\344_/R\006E\344\037@\210\363\010\336T\226\247'\204_{\261\370""1\235\2445\343\033Y!\212\201\341\272\225'\007Vv\034R\264\030\255d:Cf4\252\241oR\226\303\205Ly\30061#\213n\371?\260\263@\013\003""; }; "
1750527657485,1750527657485,0,1,0,4,TMGetLedger,"itype: liBASE; ledgerHash: ""wda\001\023\375\316\025\254\321\244\370+Y`\220\270\254\2601E[FI\310\235<qI \356\032""; ledgerSeq: 39; queryType: qtINDIRECT; ","itype: liBASE; ledgerHash: ""wda\001\023\375\316\025\254\321\244\370+Y`\220\270\254\2601E[FI\310\235<qI \356\032""; ledgerSeq: 39; queryType: qtINDIRECT; "
1750527657485,1750527657485,0,1,0,4,TMValidation,"validation: """"\200\000\000\001&\000\000\000')/\351\253):p\210\265\307-\212\200\004Qwda\001\023\375\316\025\254\321\244\370+Y`\220\270\254\2601E[FI\310\235<qI \356\032P\027\000\000\000\000\000\000\000\000\000\000\000\000\000\000\000\000\000\000\000\000\000\000\000\000\000\000\000\000\000\000\000\000P\031\347\000\235\365P6pmH\033\373\212c\377o\232\356\320D\002\277,]os{\354/?\312e\006s!\002\364d\217\366\217|\316F\232\231\241\n\261\333`\312O\367\235\025DD\336e\367\n\312\326\221\037\025\230vG0E\002!\000\304mC0\211\265\313\003\240Z\277\024\022\345\213\275\273n\200\234\t\324b\n\322\243=\023\262z\350<\002 \034\026g\233\374Qp@\225\005\200m$Z\004\005u\016\213H\006]6\027\254\357\236V<\317\234\313""; ","validation: """"\200\000\000\001&\000\000\000')/\351\253):p\210\265\307-\212\200\004Qwda\001\023\375\316\025\254\321\244\370+Y`\220\270\254\2601E[FI\310\235<qI \356\032P\027\000\000\000\000\000\000\000\000\000\000\000\000\000\000\000\000\000\000\000\000\000\000\000\000\000\000\000\000\000\000\000\000P\031\347\000\235\365P6pmH\033\373\212c\377o\232\356\320D\002\277,]os{\354/?\312e\006s!\002\364d\217\366\217|\316F\232\231\241\n\261\333`\312O\367\235\025DD\336e\367\n\312\326\221\037\025\230vG0E\002!\000\304mC0\211\265\313\003\240Z\277\024\022\345\213\275\273n\200\234\t\324b\n\322\243=\023\262z\350<\002 \034\026g\233\374Qp@\225\005\200m$Z\004\005u\016\213H\006]6\027\254\357\236V<\317\234\313""; "
1750527657486,1750527657486,0,1,1,3,TMGetLedger,"itype: liBASE; ledgerHash: ""wda\001\023\375\316\025\254\321\244\370+Y`\220\270\254\2601E[FI\310\235<qI \356\032""; requestCookie: 5; queryType: qtINDIRECT; ","itype: liBASE; ledgerHash: ""wda\001\023\375\316\025\254\321\244\370+Y`\220\270\254\2601E[FI\310\235<qI \356\032""; requestCookie: 5; queryType: qtINDIRECT; "
1750527657486,1750527657486,0,1,3,4,TMLedgerData,"ledgerHash: ""wda\001\023\375\316\025\254\321\244\370+Y`\220\270\254\2601E[FI\310\235<qI \356\032""; ledgerSeq: 39; type: liBASE; nodes {;   nodedata: ""\000\000\000'\001cEx]\211\377\330\347\000\235\365P6pmH\033\373\212c\377o\232\356\320D\002\277,]os{\354/?\312e\006\000\000\000\000\000\000\000\000\000\000\000\000\000\000\000\000\000\000\000\000\000\000\000\000\000\000\000\000\000\000\000\000\231\214\271LV\207H\346g\243\257\363\004H\305Kd\317Fs\353i\340\241H\220\374-S\313-~/\351\253$/\351\253,\n\000""; }; nodes {;   nodedata: ""\323C\344\327\264{\312-\017:\006{\177\344N\002\326bO\260\220\006\033\362\345\005U\221DzJ0\001\301\025%1L\307\t\261\262z\374\222T\301\274V\236\223\262\270Ct\362\337b\356\024*\324\320\351\317\002k\336\234\027v\351\217\260\303\360\233ZPZWr\246$w\313\313\r\243r\232\2234\373\3539:N\004Q\245\272D\312D\300\300\t\323\0257\345e\271\na\215{\226\255x%T\257\037\333\004\344_/R\006E\344\037@\210\363\010\336T\226\247'\204_{\261\370""1\235\2445\343\033Y!\212\201\341\272\225'\007Vv\034R\264\030\255d:Cf4\252\241oR\226\303\205Ly\30061#\213n\371?\260\263@\013\003""; }; ","ledgerHash: ""wda\001\023\375\316\025\254\321\244\370+Y`\220\270\254\2601E[FI\310\235<qI \356\032""; ledgerSeq: 39; type: liBASE; nodes {;   nodedata: ""\000\000\000'\001cEx]\211\377\330\347\000\235\365P6pmH\033\373\212c\377o\232\356\320D\002\277,]os{\354/?\312e\006\000\000\000\000\000\000\000\000\000\000\000\000\000\000\000\000\000\000\000\000\000\000\000\000\000\000\000\000\000\000\000\000\231\214\271LV\207H\346g\243\257\363\004H\305Kd\317Fs\353i\340\241H\220\374-S\313-~/\351\253$/\351\253,\n\000""; }; nodes {;   nodedata: ""\323C\344\327\264{\312-\017:\006{\177\344N\002\326bO\260\220\006\033\362\345\005U\221DzJ0\001\301\025%1L\307\t\261\262z\374\222T\301\274V\236\223\262\270Ct\362\337b\356\024*\324\320\351\317\002k\336\234\027v\351\217\260\303\360\233ZPZWr\246$w\313\313\r\243r\232\2234\373\3539:N\004Q\245\272D\312D\300\300\t\323\0257\345e\271\na\215{\226\255x%T\257\037\333\004\344_/R\006E\344\037@\210\363\010\336T\226\247'\204_{\261\370""1\235\2445\343\033Y!\212\201\341\272\225'\007Vv\034R\264\030\255d:Cf4\252\241oR\226\303\205Ly\30061#\213n\371?\260\263@\013\003""; }; "
1750527657487,1750527657487,0,1,2,0,TMGetLedger,"itype: liBASE; ledgerHash: ""wda\001\023\375\316\025\254\321\244\370+Y`\220\270\254\2601E[FI\310\235<qI \356\032""; ledgerSeq: 39; queryType: qtINDIRECT; ","itype: liBASE; ledgerHash: ""wda\001\023\375\316\025\254\321\244\370+Y`\220\270\254\2601E[FI\310\235<qI \356\032""; ledgerSeq: 39; queryType: qtINDIRECT; "
1750527657488,1750527657488,0,1,2,0,TMValidation,"validation: """"\200\000\000\001&\000\000\000')/\351\253):p\210\265\307-\212\200\004Qwda\001\023\375\316\025\254\321\244\370+Y`\220\270\254\2601E[FI\310\235<qI \356\032P\027\000\000\000\000\000\000\000\000\000\000\000\000\000\000\000\000\000\000\000\000\000\000\000\000\000\000\000\000\000\000\000\000P\031\347\000\235\365P6pmH\033\373\212c\377o\232\356\320D\002\277,]os{\354/?\312e\006s!\002\364d\217\366\217|\316F\232\231\241\n\261\333`\312O\367\235\025DD\336e\367\n\312\326\221\037\025\230vG0E\002!\000\304mC0\211\265\313\003\240Z\277\024\022\345\213\275\273n\200\234\t\324b\n\322\243=\023\262z\350<\002 \034\026g\233\374Qp@\225\005\200m$Z\004\005u\016\213H\006]6\027\254\357\236V<\317\234\313""; ","validation: """"\200\000\000\001&\000\000\000')/\351\253):p\210\265\307-\212\200\004Qwda\001\023\375\316\025\254\321\244\370+Y`\220\270\254\2601E[FI\310\235<qI \356\032P\027\000\000\000\000\000\000\000\000\000\000\000\000\000\000\000\000\000\000\000\000\000\000\000\000\000\000\000\000\000\000\000\000P\031\347\000\235\365P6pmH\033\373\212c\377o\232\356\320D\002\277,]os{\354/?\312e\006s!\002\364d\217\366\217|\316F\232\231\241\n\261\333`\312O\367\235\025DD\336e\367\n\312\326\221\037\025\230vG0E\002!\000\304mC0\211\265\313\003\240Z\277\024\022\345\213\275\273n\200\234\t\324b\n\322\243=\023\262z\350<\002 \034\026g\233\374Qp@\225\005\200m$Z\004\005u\016\213H\006]6\027\254\357\236V<\317\234\313""; "
1750527657488,1750527657489,0,1,3,0,TMLedgerData,"ledgerHash: ""wda\001\023\375\316\025\254\321\244\370+Y`\220\270\254\2601E[FI\310\235<qI \356\032""; ledgerSeq: 39; type: liBASE; nodes {;   nodedata: ""\000\000\000'\001cEx]\211\377\330\347\000\235\365P6pmH\033\373\212c\377o\232\356\320D\002\277,]os{\354/?\312e\006\000\000\000\000\000\000\000\000\000\000\000\000\000\000\000\000\000\000\000\000\000\000\000\000\000\000\000\000\000\000\000\000\231\214\271LV\207H\346g\243\257\363\004H\305Kd\317Fs\353i\340\241H\220\374-S\313-~/\351\253$/\351\253,\n\000""; }; nodes {;   nodedata: ""\323C\344\327\264{\312-\017:\006{\177\344N\002\326bO\260\220\006\033\362\345\005U\221DzJ0\001\301\025%1L\307\t\261\262z\374\222T\301\274V\236\223\262\270Ct\362\337b\356\024*\324\320\351\317\002k\336\234\027v\351\217\260\303\360\233ZPZWr\246$w\313\313\r\243r\232\2234\373\3539:N\004Q\245\272D\312D\300\300\t\323\0257\345e\271\na\215{\226\255x%T\257\037\333\004\344_/R\006E\344\037@\210\363\010\336T\226\247'\204_{\261\370""1\235\2445\343\033Y!\212\201\341\272\225'\007Vv\034R\264\030\255d:Cf4\252\241oR\226\303\205Ly\30061#\213n\371?\260\263@\013\003""; }; ","ledgerHash: ""wda\001\023\375\316\025\254\321\244\370+Y`\220\270\254\2601E[FI\310\235<qI \356\032""; ledgerSeq: 39; type: liBASE; nodes {;   nodedata: ""\000\000\000'\001cEx]\211\377\330\347\000\235\365P6pmH\033\373\212c\377o\232\356\320D\002\277,]os{\354/?\312e\006\000\000\000\000\000\000\000\000\000\000\000\000\000\000\000\000\000\000\000\000\000\000\000\000\000\000\000\000\000\000\000\000\231\214\271LV\207H\346g\243\257\363\004H\305Kd\317Fs\353i\340\241H\220\374-S\313-~/\351\253$/\351\253,\n\000""; }; nodes {;   nodedata: ""\323C\344\327\264{\312-\017:\006{\177\344N\002\326bO\260\220\006\033\362\345\005U\221DzJ0\001\301\025%1L\307\t\261\262z\374\222T\301\274V\236\223\262\270Ct\362\337b\356\024*\324\320\351\317\002k\336\234\027v\351\217\260\303\360\233ZPZWr\246$w\313\313\r\243r\232\2234\373\3539:N\004Q\245\272D\312D\300\300\t\323\0257\345e\271\na\215{\226\255x%T\257\037\333\004\344_/R\006E\344\037@\210\363\010\336T\226\247'\204_{\261\370""1\235\2445\343\033Y!\212\201\341\272\225'\007Vv\034R\264\030\255d:Cf4\252\241oR\226\303\205Ly\30061#\213n\371?\260\263@\013\003""; }; "
1750527657489,1750527657489,0,1,3,0,TMLedgerData,"ledgerHash: ""wda\001\023\375\316\025\254\321\244\370+Y`\220\270\254\2601E[FI\310\235<qI \356\032""; ledgerSeq: 39; type: liBASE; nodes {;   nodedata: ""\000\000\000'\001cEx]\211\377\330\347\000\235\365P6pmH\033\373\212c\377o\232\356\320D\002\277,]os{\354/?\312e\006\000\000\000\000\000\000\000\000\000\000\000\000\000\000\000\000\000\000\000\000\000\000\000\000\000\000\000\000\000\000\000\000\231\214\271LV\207H\346g\243\257\363\004H\305Kd\317Fs\353i\340\241H\220\374-S\313-~/\351\253$/\351\253,\n\000""; }; nodes {;   nodedata: ""\323C\344\327\264{\312-\017:\006{\177\344N\002\326bO\260\220\006\033\362\345\005U\221DzJ0\001\301\025%1L\307\t\261\262z\374\222T\301\274V\236\223\262\270Ct\362\337b\356\024*\324\320\351\317\002k\336\234\027v\351\217\260\303\360\233ZPZWr\246$w\313\313\r\243r\232\2234\373\3539:N\004Q\245\272D\312D\300\300\t\323\0257\345e\271\na\215{\226\255x%T\257\037\333\004\344_/R\006E\344\037@\210\363\010\336T\226\247'\204_{\261\370""1\235\2445\343\033Y!\212\201\341\272\225'\007Vv\034R\264\030\255d:Cf4\252\241oR\226\303\205Ly\30061#\213n\371?\260\263@\013\003""; }; ","ledgerHash: ""wda\001\023\375\316\025\254\321\244\370+Y`\220\270\254\2601E[FI\310\235<qI \356\032""; ledgerSeq: 39; type: liBASE; nodes {;   nodedata: ""\000\000\000'\001cEx]\211\377\330\347\000\235\365P6pmH\033\373\212c\377o\232\356\320D\002\277,]os{\354/?\312e\006\000\000\000\000\000\000\000\000\000\000\000\000\000\000\000\000\000\000\000\000\000\000\000\000\000\000\000\000\000\000\000\000\231\214\271LV\207H\346g\243\257\363\004H\305Kd\317Fs\353i\340\241H\220\374-S\313-~/\351\253$/\351\253,\n\000""; }; nodes {;   nodedata: ""\323C\344\327\264{\312-\017:\006{\177\344N\002\326bO\260\220\006\033\362\345\005U\221DzJ0\001\301\025%1L\307\t\261\262z\374\222T\301\274V\236\223\262\270Ct\362\337b\356\024*\324\320\351\317\002k\336\234\027v\351\217\260\303\360\233ZPZWr\246$w\313\313\r\243r\232\2234\373\3539:N\004Q\245\272D\312D\300\300\t\323\0257\345e\271\na\215{\226\255x%T\257\037\333\004\344_/R\006E\344\037@\210\363\010\336T\226\247'\204_{\261\370""1\235\2445\343\033Y!\212\201\341\272\225'\007Vv\034R\264\030\255d:Cf4\252\241oR\226\303\205Ly\30061#\213n\371?\260\263@\013\003""; }; "
1750527657490,1750527657490,0,1,0,2,TMGetLedger,"itype: liBASE; ledgerHash: ""wda\001\023\375\316\025\254\321\244\370+Y`\220\270\254\2601E[FI\310\235<qI \356\032""; ledgerSeq: 39; queryType: qtINDIRECT; ","itype: liBASE; ledgerHash: ""wda\001\023\375\316\025\254\321\244\370+Y`\220\270\254\2601E[FI\310\235<qI \356\032""; ledgerSeq: 39; queryType: qtINDIRECT; "
1750527657490,1750527657490,0,1,0,2,TMValidation,"validation: """"\200\000\000\001&\000\000\000')/\351\253):p\210\265\307-\212\200\004Qwda\001\023\375\316\025\254\321\244\370+Y`\220\270\254\2601E[FI\310\235<qI \356\032P\027\000\000\000\000\000\000\000\000\000\000\000\000\000\000\000\000\000\000\000\000\000\000\000\000\000\000\000\000\000\000\000\000P\031\347\000\235\365P6pmH\033\373\212c\377o\232\356\320D\002\277,]os{\354/?\312e\006s!\002\364d\217\366\217|\316F\232\231\241\n\261\333`\312O\367\235\025DD\336e\367\n\312\326\221\037\025\230vG0E\002!\000\304mC0\211\265\313\003\240Z\277\024\022\345\213\275\273n\200\234\t\324b\n\322\243=\023\262z\350<\002 \034\026g\233\374Qp@\225\005\200m$Z\004\005u\016\213H\006]6\027\254\357\236V<\317\234\313""; ","validation: """"\200\000\000\001&\000\000\000')/\351\253):p\210\265\307-\212\200\004Qwda\001\023\375\316\025\254\321\244\370+Y`\220\270\254\2601E[FI\310\235<qI \356\032P\027\000\000\000\000\000\000\000\000\000\000\000\000\000\000\000\000\000\000\000\000\000\000\000\000\000\000\000\000\000\000\000\000P\031\347\000\235\365P6pmH\033\373\212c\377o\232\356\320D\002\277,]os{\354/?\312e\006s!\002\364d\217\366\217|\316F\232\231\241\n\261\333`\312O\367\235\025DD\336e\367\n\312\326\221\037\025\230vG0E\002!\000\304mC0\211\265\313\003\240Z\277\024\022\345\213\275\273n\200\234\t\324b\n\322\243=\023\262z\350<\002 \034\026g\233\374Qp@\225\005\200m$Z\004\005u\016\213H\006]6\027\254\357\236V<\317\234\313""; "
1750527657490,1750527657491,0,1,3,2,TMLedgerData,"ledgerHash: ""wda\001\023\375\316\025\254\321\244\370+Y`\220\270\254\2601E[FI\310\235<qI \356\032""; ledgerSeq: 39; type: liBASE; nodes {;   nodedata: ""\000\000\000'\001cEx]\211\377\330\347\000\235\365P6pmH\033\373\212c\377o\232\356\320D\002\277,]os{\354/?\312e\006\000\000\000\000\000\000\000\000\000\000\000\000\000\000\000\000\000\000\000\000\000\000\000\000\000\000\000\000\000\000\000\000\231\214\271LV\207H\346g\243\257\363\004H\305Kd\317Fs\353i\340\241H\220\374-S\313-~/\351\253$/\351\253,\n\000""; }; nodes {;   nodedata: ""\323C\344\327\264{\312-\017:\006{\177\344N\002\326bO\260\220\006\033\362\345\005U\221DzJ0\001\301\025%1L\307\t\261\262z\374\222T\301\274V\236\223\262\270Ct\362\337b\356\024*\324\320\351\317\002k\336\234\027v\351\217\260\303\360\233ZPZWr\246$w\313\313\r\243r\232\2234\373\3539:N\004Q\245\272D\312D\300\300\t\323\0257\345e\271\na\215{\226\255x%T\257\037\333\004\344_/R\006E\344\037@\210\363\010\336T\226\247'\204_{\261\370""1\235\2445\343\033Y!\212\201\341\272\225'\007Vv\034R\264\030\255d:Cf4\252\241oR\226\303\205Ly\30061#\213n\371?\260\263@\013\003""; }; ","ledgerHash: ""wda\001\023\375\316\025\254\321\244\370+Y`\220\270\254\2601E[FI\310\235<qI \356\032""; ledgerSeq: 39; type: liBASE; nodes {;   nodedata: ""\000\000\000'\001cEx]\211\377\330\347\000\235\365P6pmH\033\373\212c\377o\232\356\320D\002\277,]os{\354/?\312e\006\000\000\000\000\000\000\000\000\000\000\000\000\000\000\000\000\000\000\000\000\000\000\000\000\000\000\000\000\000\000\000\000\231\214\271LV\207H\346g\243\257\363\004H\305Kd\317Fs\353i\340\241H\220\374-S\313-~/\351\253$/\351\253,\n\000""; }; nodes {;   nodedata: ""\323C\344\327\264{\312-\017:\006{\177\344N\002\326bO\260\220\006\033\362\345\005U\221DzJ0\001\301\025%1L\307\t\261\262z\374\222T\301\274V\236\223\262\270Ct\362\337b\356\024*\324\320\351\317\002k\336\234\027v\351\217\260\303\360\233ZPZWr\246$w\313\313\r\243r\232\2234\373\3539:N\004Q\245\272D\312D\300\300\t\323\0257\345e\271\na\215{\226\255x%T\257\037\333\004\344_/R\006E\344\037@\210\363\010\336T\226\247'\204_{\261\370""1\235\2445\343\033Y!\212\201\341\272\225'\007Vv\034R\264\030\255d:Cf4\252\241oR\226\303\205Ly\30061#\213n\371?\260\263@\013\003""; }; "
1750527657491,1750527657491,0,1,3,1,TMLedgerData,"ledgerHash: ""wda\001\023\375\316\025\254\321\244\370+Y`\220\270\254\2601E[FI\310\235<qI \356\032""; ledgerSeq: 39; type: liBASE; nodes {;   nodedata: ""\000\000\000'\001cEx]\211\377\330\347\000\235\365P6pmH\033\373\212c\377o\232\356\320D\002\277,]os{\354/?\312e\006\000\000\000\000\000\000\000\000\000\000\000\000\000\000\000\000\000\000\000\000\000\000\000\000\000\000\000\000\000\000\000\000\231\214\271LV\207H\346g\243\257\363\004H\305Kd\317Fs\353i\340\241H\220\374-S\313-~/\351\253$/\351\253,\n\000""; }; nodes {;   nodedata: ""\323C\344\327\264{\312-\017:\006{\177\344N\002\326bO\260\220\006\033\362\345\005U\221DzJ0\001\301\025%1L\307\t\261\262z\374\222T\301\274V\236\223\262\270Ct\362\337b\356\024*\324\320\351\317\002k\336\234\027v\351\217\260\303\360\233ZPZWr\246$w\313\313\r\243r\232\2234\373\3539:N\004Q\245\272D\312D\300\300\t\323\0257\345e\271\na\215{\226\255x%T\257\037\333\004\344_/R\006E\344\037@\210\363\010\336T\226\247'\204_{\261\370""1\235\2445\343\033Y!\212\201\341\272\225'\007Vv\034R\264\030\255d:Cf4\252\241oR\226\303\205Ly\30061#\213n\371?\260\263@\013\003""; }; ","ledgerHash: ""wda\001\023\375\316\025\254\321\244\370+Y`\220\270\254\2601E[FI\310\235<qI \356\032""; ledgerSeq: 39; type: liBASE; nodes {;   nodedata: ""\000\000\000'\001cEx]\211\377\330\347\000\235\365P6pmH\033\373\212c\377o\232\356\320D\002\277,]os{\354/?\312e\006\000\000\000\000\000\000\000\000\000\000\000\000\000\000\000\000\000\000\000\000\000\000\000\000\000\000\000\000\000\000\000\000\231\214\271LV\207H\346g\243\257\363\004H\305Kd\317Fs\353i\340\241H\220\374-S\313-~/\351\253$/\351\253,\n\000""; }; nodes {;   nodedata: ""\323C\344\327\264{\312-\017:\006{\177\344N\002\326bO\260\220\006\033\362\345\005U\221DzJ0\001\301\025%1L\307\t\261\262z\374\222T\301\274V\236\223\262\270Ct\362\337b\356\024*\324\320\351\317\002k\336\234\027v\351\217\260\303\360\233ZPZWr\246$w\313\313\r\243r\232\2234\373\3539:N\004Q\245\272D\312D\300\300\t\323\0257\345e\271\na\215{\226\255x%T\257\037\333\004\344_/R\006E\344\037@\210\363\010\336T\226\247'\204_{\261\370""1\235\2445\343\033Y!\212\201\341\272\225'\007Vv\034R\264\030\255d:Cf4\252\241oR\226\303\205Ly\30061#\213n\371?\260\263@\013\003""; }; "
1750527657492,1750527657492,0,1,0,1,TMValidation,"validation: """"\200\000\000\001&\000\000\000')/\351\253):p\210\265\307-\212\200\004Qwda\001\023\375\316\025\254\321\244\370+Y`\220\270\254\2601E[FI\310\235<qI \356\032P\027\000\000\000\000\000\000\000\000\000\000\000\000\000\000\000\000\000\000\000\000\000\000\000\000\000\000\000\000\000\000\000\000P\031\347\000\235\365P6pmH\033\373\212c\377o\232\356\320D\002\277,]os{\354/?\312e\006s!\002\364d\217\366\217|\316F\232\231\241\n\261\333`\312O\367\235\025DD\336e\367\n\312\326\221\037\025\230vG0E\002!\000\304mC0\211\265\313\003\240Z\277\024\022\345\213\275\273n\200\234\t\324b\n\322\243=\023\262z\350<\002 \034\026g\233\374Qp@\225\005\200m$Z\004\005u\016\213H\006]6\027\254\357\236V<\317\234\313""; ","validation: """"\200\000\000\001&\000\000\000')/\351\253):p\210\265\307-\212\200\004Qwda\001\023\375\316\025\254\321\244\370+Y`\220\270\254\2601E[FI\310\235<qI \356\032P\027\000\000\000\000\000\000\000\000\000\000\000\000\000\000\000\000\000\000\000\000\000\000\000\000\000\000\000\000\000\000\000\000P\031\347\000\235\365P6pmH\033\373\212c\377o\232\356\320D\002\277,]os{\354/?\312e\006s!\002\364d\217\366\217|\316F\232\231\241\n\261\333`\312O\367\235\025DD\336e\367\n\312\326\221\037\025\230vG0E\002!\000\304mC0\211\265\313\003\240Z\277\024\022\345\213\275\273n\200\234\t\324b\n\322\243=\023\262z\350<\002 \034\026g\233\374Qp@\225\005\200m$Z\004\005u\016\213H\006]6\027\254\357\236V<\317\234\313""; "
1750527657492,1750527657492,0,1,0,1,TMGetLedger,"itype: liBASE; ledgerHash: ""wda\001\023\375\316\025\254\321\244\370+Y`\220\270\254\2601E[FI\310\235<qI \356\032""; ledgerSeq: 39; queryType: qtINDIRECT; ","itype: liBASE; ledgerHash: ""wda\001\023\375\316\025\254\321\244\370+Y`\220\270\254\2601E[FI\310\235<qI \356\032""; ledgerSeq: 39; queryType: qtINDIRECT; "
1750527657493,1750527657493,0,1,2,1,TMGetLedger,"itype: liBASE; ledgerHash: ""wda\001\023\375\316\025\254\321\244\370+Y`\220\270\254\2601E[FI\310\235<qI \356\032""; ledgerSeq: 39; queryType: qtINDIRECT; ","itype: liBASE; ledgerHash: ""wda\001\023\375\316\025\254\321\244\370+Y`\220\270\254\2601E[FI\310\235<qI \356\032""; ledgerSeq: 39; queryType: qtINDIRECT; "
1750527657493,1750527657494,0,1,2,1,TMValidation,"validation: """"\200\000\000\001&\000\000\000')/\351\253):p\210\265\307-\212\200\004Qwda\001\023\375\316\025\254\321\244\370+Y`\220\270\254\2601E[FI\310\235<qI \356\032P\027\000\000\000\000\000\000\000\000\000\000\000\000\000\000\000\000\000\000\000\000\000\000\000\000\000\000\000\000\000\000\000\000P\031\347\000\235\365P6pmH\033\373\212c\377o\232\356\320D\002\277,]os{\354/?\312e\006s!\002\364d\217\366\217|\316F\232\231\241\n\261\333`\312O\367\235\025DD\336e\367\n\312\326\221\037\025\230vG0E\002!\000\304mC0\211\265\313\003\240Z\277\024\022\345\213\275\273n\200\234\t\324b\n\322\243=\023\262z\350<\002 \034\026g\233\374Qp@\225\005\200m$Z\004\005u\016\213H\006]6\027\254\357\236V<\317\234\313""; ","validation: """"\200\000\000\001&\000\000\000')/\351\253):p\210\265\307-\212\200\004Qwda\001\023\375\316\025\254\321\244\370+Y`\220\270\254\2601E[FI\310\235<qI \356\032P\027\000\000\000\000\000\000\000\000\000\000\000\000\000\000\000\000\000\000\000\000\000\000\000\000\000\000\000\000\000\000\000\000P\031\347\000\235\365P6pmH\033\373\212c\377o\232\356\320D\002\277,]os{\354/?\312e\006s!\002\364d\217\366\217|\316F\232\231\241\n\261\333`\312O\367\235\025DD\336e\367\n\312\326\221\037\025\230vG0E\002!\000\304mC0\211\265\313\003\240Z\277\024\022\345\213\275\273n\200\234\t\324b\n\322\243=\023\262z\350<\002 \034\026g\233\374Qp@\225\005\200m$Z\004\005u\016\213H\006]6\027\254\357\236V<\317\234\313""; "
1750527657494,1750527657494,0,1,4,3,TMGetLedger,"itype: liBASE; ledgerHash: ""wda\001\023\375\316\025\254\321\244\370+Y`\220\270\254\2601E[FI\310\235<qI \356\032""; ledgerSeq: 39; requestCookie: 2; queryType: qtINDIRECT; ","itype: liBASE; ledgerHash: ""wda\001\023\375\316\025\254\321\244\370+Y`\220\270\254\2601E[FI\310\235<qI \356\032""; ledgerSeq: 39; requestCookie: 2; queryType: qtINDIRECT; "
1750527657494,1750527657495,0,1,3,1,TMLedgerData,"ledgerHash: ""wda\001\023\375\316\025\254\321\244\370+Y`\220\270\254\2601E[FI\310\235<qI \356\032""; ledgerSeq: 39; type: liBASE; nodes {;   nodedata: ""\000\000\000'\001cEx]\211\377\330\347\000\235\365P6pmH\033\373\212c\377o\232\356\320D\002\277,]os{\354/?\312e\006\000\000\000\000\000\000\000\000\000\000\000\000\000\000\000\000\000\000\000\000\000\000\000\000\000\000\000\000\000\000\000\000\231\214\271LV\207H\346g\243\257\363\004H\305Kd\317Fs\353i\340\241H\220\374-S\313-~/\351\253$/\351\253,\n\000""; }; nodes {;   nodedata: ""\323C\344\327\264{\312-\017:\006{\177\344N\002\326bO\260\220\006\033\362\345\005U\221DzJ0\001\301\025%1L\307\t\261\262z\374\222T\301\274V\236\223\262\270Ct\362\337b\356\024*\324\320\351\317\002k\336\234\027v\351\217\260\303\360\233ZPZWr\246$w\313\313\r\243r\232\2234\373\3539:N\004Q\245\272D\312D\300\300\t\323\0257\345e\271\na\215{\226\255x%T\257\037\333\004\344_/R\006E\344\037@\210\363\010\336T\226\247'\204_{\261\370""1\235\2445\343\033Y!\212\201\341\272\225'\007Vv\034R\264\030\255d:Cf4\252\241oR\226\303\205Ly\30061#\213n\371?\260\263@\013\003""; }; ","ledgerHash: ""wda\001\023\375\316\025\254\321\244\370+Y`\220\270\254\2601E[FI\310\235<qI \356\032""; ledgerSeq: 39; type: liBASE; nodes {;   nodedata: ""\000\000\000'\001cEx]\211\377\330\347\000\235\365P6pmH\033\373\212c\377o\232\356\320D\002\277,]os{\354/?\312e\006\000\000\000\000\000\000\000\000\000\000\000\000\000\000\000\000\000\000\000\000\000\000\000\000\000\000\000\000\000\000\000\000\231\214\271LV\207H\346g\243\257\363\004H\305Kd\317Fs\353i\340\241H\220\374-S\313-~/\351\253$/\351\253,\n\000""; }; nodes {;   nodedata: ""\323C\344\327\264{\312-\017:\006{\177\344N\002\326bO\260\220\006\033\362\345\005U\221DzJ0\001\301\025%1L\307\t\261\262z\374\222T\301\274V\236\223\262\270Ct\362\337b\356\024*\324\320\351\317\002k\336\234\027v\351\217\260\303\360\233ZPZWr\246$w\313\313\r\243r\232\2234\373\3539:N\004Q\245\272D\312D\300\300\t\323\0257\345e\271\na\215{\226\255x%T\257\037\333\004\344_/R\006E\344\037@\210\363\010\336T\226\247'\204_{\261\370""1\235\2445\343\033Y!\212\201\341\272\225'\007Vv\034R\264\030\255d:Cf4\252\241oR\226\303\205Ly\30061#\213n\371?\260\263@\013\003""; }; "
1750527657495,1750527657495,0,1,4,3,TMGetLedger,"itype: liBASE; ledgerHash: ""wda\001\023\375\316\025\254\321\244\370+Y`\220\270\254\2601E[FI\310\235<qI \356\032""; ledgerSeq: 39; requestCookie: 3; queryType: qtINDIRECT; ","itype: liBASE; ledgerHash: ""wda\001\023\375\316\025\254\321\244\370+Y`\220\270\254\2601E[FI\310\235<qI \356\032""; ledgerSeq: 39; requestCookie: 3; queryType: qtINDIRECT; "
1750527657496,1750527657496,0,1,3,1,TMLedgerData,"ledgerHash: ""wda\001\023\375\316\025\254\321\244\370+Y`\220\270\254\2601E[FI\310\235<qI \356\032""; ledgerSeq: 39; type: liBASE; nodes {;   nodedata: ""\000\000\000'\001cEx]\211\377\330\347\000\235\365P6pmH\033\373\212c\377o\232\356\320D\002\277,]os{\354/?\312e\006\000\000\000\000\000\000\000\000\000\000\000\000\000\000\000\000\000\000\000\000\000\000\000\000\000\000\000\000\000\000\000\000\231\214\271LV\207H\346g\243\257\363\004H\305Kd\317Fs\353i\340\241H\220\374-S\313-~/\351\253$/\351\253,\n\000""; }; nodes {;   nodedata: ""\323C\344\327\264{\312-\017:\006{\177\344N\002\326bO\260\220\006\033\362\345\005U\221DzJ0\001\301\025%1L\307\t\261\262z\374\222T\301\274V\236\223\262\270Ct\362\337b\356\024*\324\320\351\317\002k\336\234\027v\351\217\260\303\360\233ZPZWr\246$w\313\313\r\243r\232\2234\373\3539:N\004Q\245\272D\312D\300\300\t\323\0257\345e\271\na\215{\226\255x%T\257\037\333\004\344_/R\006E\344\037@\210\363\010\336T\226\247'\204_{\261\370""1\235\2445\343\033Y!\212\201\341\272\225'\007Vv\034R\264\030\255d:Cf4\252\241oR\226\303\205Ly\30061#\213n\371?\260\263@\013\003""; }; requestCookie: 5; ","ledgerHash: ""wda\001\023\375\316\025\254\321\244\370+Y`\220\270\254\2601E[FI\310\235<qI \356\032""; ledgerSeq: 39; type: liBASE; nodes {;   nodedata: ""\000\000\000'\001cEx]\211\377\330\347\000\235\365P6pmH\033\373\212c\377o\232\356\320D\002\277,]os{\354/?\312e\006\000\000\000\000\000\000\000\000\000\000\000\000\000\000\000\000\000\000\000\000\000\000\000\000\000\000\000\000\000\000\000\000\231\214\271LV\207H\346g\243\257\363\004H\305Kd\317Fs\353i\340\241H\220\374-S\313-~/\351\253$/\351\253,\n\000""; }; nodes {;   nodedata: ""\323C\344\327\264{\312-\017:\006{\177\344N\002\326bO\260\220\006\033\362\345\005U\221DzJ0\001\301\025%1L\307\t\261\262z\374\222T\301\274V\236\223\262\270Ct\362\337b\356\024*\324\320\351\317\002k\336\234\027v\351\217\260\303\360\233ZPZWr\246$w\313\313\r\243r\232\2234\373\3539:N\004Q\245\272D\312D\300\300\t\323\0257\345e\271\na\215{\226\255x%T\257\037\333\004\344_/R\006E\344\037@\210\363\010\336T\226\247'\204_{\261\370""1\235\2445\343\033Y!\212\201\341\272\225'\007Vv\034R\264\030\255d:Cf4\252\241oR\226\303\205Ly\30061#\213n\371?\260\263@\013\003""; }; requestCookie: 5; "
1750527657497,1750527657497,0,1,4,3,TMGetLedger,"itype: liBASE; ledgerHash: ""wda\001\023\375\316\025\254\321\244\370+Y`\220\270\254\2601E[FI\310\235<qI \356\032""; ledgerSeq: 39; requestCookie: 1; queryType: qtINDIRECT; ","itype: liBASE; ledgerHash: ""wda\001\023\375\316\025\254\321\244\370+Y`\220\270\254\2601E[FI\310\235<qI \356\032""; ledgerSeq: 39; requestCookie: 1; queryType: qtINDIRECT; "
1750527657497,1750527657497,0,1,4,3,TMGetLedger,"itype: liAS_NODE; ledgerHash: ""wda\001\023\375\316\025\254\321\244\370+Y`\220\270\254\2601E[FI\310\235<qI \356\032""; ledgerSeq: 39; nodeIDs: ""\260\000\000\000\000\000\000\000\000\000\000\000\000\000\000\000\000\000\000\000\000\000\000\000\000\000\000\000\000\000\000\000\001""; queryType: qtINDIRECT; queryDepth: 1; ","itype: liAS_NODE; ledgerHash: ""wda\001\023\375\316\025\254\321\244\370+Y`\220\270\254\2601E[FI\310\235<qI \356\032""; ledgerSeq: 39; nodeIDs: ""\260\000\000\000\000\000\000\000\000\000\000\000\000\000\000\000\000\000\000\000\000\000\000\000\000\000\000\000\000\000\000\000\001""; queryType: qtINDIRECT; queryDepth: 1; "
1750527657498,1750527657498,0,1,0,3,TMGetLedger,"itype: liBASE; ledgerHash: ""wda\001\023\375\316\025\254\321\244\370+Y`\220\270\254\2601E[FI\310\235<qI \356\032""; ledgerSeq: 39; requestCookie: 3; queryType: qtINDIRECT; ","itype: liBASE; ledgerHash: ""wda\001\023\375\316\025\254\321\244\370+Y`\220\270\254\2601E[FI\310\235<qI \356\032""; ledgerSeq: 39; requestCookie: 3; queryType: qtINDIRECT; "
1750527657499,1750527657499,0,1,0,3,TMGetLedger,"itype: liBASE; ledgerHash: ""wda\001\023\375\316\025\254\321\244\370+Y`\220\270\254\2601E[FI\310\235<qI \356\032""; requestCookie: 5; queryType: qtINDIRECT; ","itype: liBASE; ledgerHash: ""wda\001\023\375\316\025\254\321\244\370+Y`\220\270\254\2601E[FI\310\235<qI \356\032""; requestCookie: 5; queryType: qtINDIRECT; "
1750527657499,1750527657499,0,1,0,3,TMGetLedger,"itype: liBASE; ledgerHash: ""wda\001\023\375\316\025\254\321\244\370+Y`\220\270\254\2601E[FI\310\235<qI \356\032""; ledgerSeq: 39; requestCookie: 2; queryType: qtINDIRECT; ","itype: liBASE; ledgerHash: ""wda\001\023\375\316\025\254\321\244\370+Y`\220\270\254\2601E[FI\310\235<qI \356\032""; ledgerSeq: 39; requestCookie: 2; queryType: qtINDIRECT; "
1750527657499,1750527657499,0,1,0,3,TMGetLedger,"itype: liAS_NODE; ledgerHash: ""wda\001\023\375\316\025\254\321\244\370+Y`\220\270\254\2601E[FI\310\235<qI \356\032""; ledgerSeq: 39; nodeIDs: ""\260\000\000\000\000\000\000\000\000\000\000\000\000\000\000\000\000\000\000\000\000\000\000\000\000\000\000\000\000\000\000\000\001""; queryType: qtINDIRECT; queryDepth: 1; ","itype: liAS_NODE; ledgerHash: ""wda\001\023\375\316\025\254\321\244\370+Y`\220\270\254\2601E[FI\310\235<qI \356\032""; ledgerSeq: 39; nodeIDs: ""\260\000\000\000\000\000\000\000\000\000\000\000\000\000\000\000\000\000\000\000\000\000\000\000\000\000\000\000\000\000\000\000\001""; queryType: qtINDIRECT; queryDepth: 1; "
1750527657500,1750527657500,0,1,2,3,TMGetLedger,"itype: liBASE; ledgerHash: ""wda\001\023\375\316\025\254\321\244\370+Y`\220\270\254\2601E[FI\310\235<qI \356\032""; ledgerSeq: 39; queryType: qtINDIRECT; ","itype: liBASE; ledgerHash: ""wda\001\023\375\316\025\254\321\244\370+Y`\220\270\254\2601E[FI\310\235<qI \356\032""; ledgerSeq: 39; queryType: qtINDIRECT; "
1750527657500,1750527657500,0,1,2,3,TMGetLedger,"itype: liBASE; ledgerHash: ""wda\001\023\375\316\025\254\321\244\370+Y`\220\270\254\2601E[FI\310\235<qI \356\032""; ledgerSeq: 39; requestCookie: 3; queryType: qtINDIRECT; ","itype: liBASE; ledgerHash: ""wda\001\023\375\316\025\254\321\244\370+Y`\220\270\254\2601E[FI\310\235<qI \356\032""; ledgerSeq: 39; requestCookie: 3; queryType: qtINDIRECT; "
1750527657501,1750527657501,0,1,2,3,TMGetLedger,"itype: liBASE; ledgerHash: ""wda\001\023\375\316\025\254\321\244\370+Y`\220\270\254\2601E[FI\310\235<qI \356\032""; requestCookie: 5; queryType: qtINDIRECT; ","itype: liBASE; ledgerHash: ""wda\001\023\375\316\025\254\321\244\370+Y`\220\270\254\2601E[FI\310\235<qI \356\032""; requestCookie: 5; queryType: qtINDIRECT; "
1750527657502,1750527657502,0,1,2,3,TMGetLedger,"itype: liBASE; ledgerHash: ""wda\001\023\375\316\025\254\321\244\370+Y`\220\270\254\2601E[FI\310\235<qI \356\032""; ledgerSeq: 39; requestCookie: 2; queryType: qtINDIRECT; ","itype: liBASE; ledgerHash: ""wda\001\023\375\316\025\254\321\244\370+Y`\220\270\254\2601E[FI\310\235<qI \356\032""; ledgerSeq: 39; requestCookie: 2; queryType: qtINDIRECT; "
1750527657502,1750527657503,0,1,1,3,TMGetLedger,"itype: liAS_NODE; ledgerHash: ""wda\001\023\375\316\025\254\321\244\370+Y`\220\270\254\2601E[FI\310\235<qI \356\032""; ledgerSeq: 39; nodeIDs: ""\260\000\000\000\000\000\000\000\000\000\000\000\000\000\000\000\000\000\000\000\000\000\000\000\000\000\000\000\000\000\000\000\001""; queryType: qtINDIRECT; queryDepth: 1; ","itype: liAS_NODE; ledgerHash: ""wda\001\023\375\316\025\254\321\244\370+Y`\220\270\254\2601E[FI\310\235<qI \356\032""; ledgerSeq: 39; nodeIDs: ""\260\000\000\000\000\000\000\000\000\000\000\000\000\000\000\000\000\000\000\000\000\000\000\000\000\000\000\000\000\000\000\000\001""; queryType: qtINDIRECT; queryDepth: 1; "
1750527657503,1750527657503,0,1,3,4,TMLedgerData,"ledgerHash: ""wda\001\023\375\316\025\254\321\244\370+Y`\220\270\254\2601E[FI\310\235<qI \356\032""; ledgerSeq: 39; type: liBASE; nodes {;   nodedata: ""\000\000\000'\001cEx]\211\377\330\347\000\235\365P6pmH\033\373\212c\377o\232\356\320D\002\277,]os{\354/?\312e\006\000\000\000\000\000\000\000\000\000\000\000\000\000\000\000\000\000\000\000\000\000\000\000\000\000\000\000\000\000\000\000\000\231\214\271LV\207H\346g\243\257\363\004H\305Kd\317Fs\353i\340\241H\220\374-S\313-~/\351\253$/\351\253,\n\000""; }; nodes {;   nodedata: ""\323C\344\327\264{\312-\017:\006{\177\344N\002\326bO\260\220\006\033\362\345\005U\221DzJ0\001\301\025%1L\307\t\261\262z\374\222T\301\274V\236\223\262\270Ct\362\337b\356\024*\324\320\351\317\002k\336\234\027v\351\217\260\303\360\233ZPZWr\246$w\313\313\r\243r\232\2234\373\3539:N\004Q\245\272D\312D\300\300\t\323\0257\345e\271\na\215{\226\255x%T\257\037\333\004\344_/R\006E\344\037@\210\363\010\336T\226\247'\204_{\261\370""1\235\2445\343\033Y!\212\201\341\272\225'\007Vv\034R\264\030\255d:Cf4\252\241oR\226\303\205Ly\30061#\213n\371?\260\263@\013\003""; }; requestCookie: 2; ","ledgerHash: ""wda\001\023\375\316\025\254\321\244\370+Y`\220\270\254\2601E[FI\310\235<qI \356\032""; ledgerSeq: 39; type: liBASE; nodes {;   nodedata: ""\000\000\000'\001cEx]\211\377\330\347\000\235\365P6pmH\033\373\212c\377o\232\356\320D\002\277,]os{\354/?\312e\006\000\000\000\000\000\000\000\000\000\000\000\000\000\000\000\000\000\000\000\000\000\000\000\000\000\000\000\000\000\000\000\000\231\214\271LV\207H\346g\243\257\363\004H\305Kd\317Fs\353i\340\241H\220\374-S\313-~/\351\253$/\351\253,\n\000""; }; nodes {;   nodedata: ""\323C\344\327\264{\312-\017:\006{\177\344N\002\326bO\260\220\006\033\362\345\005U\221DzJ0\001\301\025%1L\307\t\261\262z\374\222T\301\274V\236\223\262\270Ct\362\337b\356\024*\324\320\351\317\002k\336\234\027v\351\217\260\303\360\233ZPZWr\246$w\313\313\r\243r\232\2234\373\3539:N\004Q\245\272D\312D\300\300\t\323\0257\345e\271\na\215{\226\255x%T\257\037\333\004\344_/R\006E\344\037@\210\363\010\336T\226\247'\204_{\261\370""1\235\2445\343\033Y!\212\201\341\272\225'\007Vv\034R\264\030\255d:Cf4\252\241oR\226\303\205Ly\30061#\213n\371?\260\263@\013\003""; }; requestCookie: 2; "
1750527657503,1750527657503,0,1,1,3,TMGetLedger,"itype: liBASE; ledgerHash: ""wda\001\023\375\316\025\254\321\244\370+Y`\220\270\254\2601E[FI\310\235<qI \356\032""; ledgerSeq: 39; requestCookie: 2; queryType: qtINDIRECT; ","itype: liBASE; ledgerHash: ""wda\001\023\375\316\025\254\321\244\370+Y`\220\270\254\2601E[FI\310\235<qI \356\032""; ledgerSeq: 39; requestCookie: 2; queryType: qtINDIRECT; "
1750527657504,1750527657504,0,1,1,3,TMGetLedger,"itype: liBASE; ledgerHash: ""wda\001\023\375\316\025\254\321\244\370+Y`\220\270\254\2601E[FI\310\235<qI \356\032""; ledgerSeq: 39; requestCookie: 3; queryType: qtINDIRECT; ","itype: liBASE; ledgerHash: ""wda\001\023\375\316\025\254\321\244\370+Y`\220\270\254\2601E[FI\310\235<qI \356\032""; ledgerSeq: 39; requestCookie: 3; queryType: qtINDIRECT; "
1750527657505,1750527657505,0,1,3,4,TMLedgerData,"ledgerHash: ""wda\001\023\375\316\025\254\321\244\370+Y`\220\270\254\2601E[FI\310\235<qI \356\032""; ledgerSeq: 39; type: liBASE; nodes {;   nodedata: ""\000\000\000'\001cEx]\211\377\330\347\000\235\365P6pmH\033\373\212c\377o\232\356\320D\002\277,]os{\354/?\312e\006\000\000\000\000\000\000\000\000\000\000\000\000\000\000\000\000\000\000\000\000\000\000\000\000\000\000\000\000\000\000\000\000\231\214\271LV\207H\346g\243\257\363\004H\305Kd\317Fs\353i\340\241H\220\374-S\313-~/\351\253$/\351\253,\n\000""; }; nodes {;   nodedata: ""\323C\344\327\264{\312-\017:\006{\177\344N\002\326bO\260\220\006\033\362\345\005U\221DzJ0\001\301\025%1L\307\t\261\262z\374\222T\301\274V\236\223\262\270Ct\362\337b\356\024*\324\320\351\317\002k\336\234\027v\351\217\260\303\360\233ZPZWr\246$w\313\313\r\243r\232\2234\373\3539:N\004Q\245\272D\312D\300\300\t\323\0257\345e\271\na\215{\226\255x%T\257\037\333\004\344_/R\006E\344\037@\210\363\010\336T\226\247'\204_{\261\370""1\235\2445\343\033Y!\212\201\341\272\225'\007Vv\034R\264\030\255d:Cf4\252\241oR\226\303\205Ly\30061#\213n\371?\260\263@\013\003""; }; requestCookie: 3; ","ledgerHash: ""wda\001\023\375\316\025\254\321\244\370+Y`\220\270\254\2601E[FI\310\235<qI \356\032""; ledgerSeq: 39; type: liBASE; nodes {;   nodedata: ""\000\000\000'\001cEx]\211\377\330\347\000\235\365P6pmH\033\373\212c\377o\232\356\320D\002\277,]os{\354/?\312e\006\000\000\000\000\000\000\000\000\000\000\000\000\000\000\000\000\000\000\000\000\000\000\000\000\000\000\000\000\000\000\000\000\231\214\271LV\207H\346g\243\257\363\004H\305Kd\317Fs\353i\340\241H\220\374-S\313-~/\351\253$/\351\253,\n\000""; }; nodes {;   nodedata: ""\323C\344\327\264{\312-\017:\006{\177\344N\002\326bO\260\220\006\033\362\345\005U\221DzJ0\001\301\025%1L\307\t\261\262z\374\222T\301\274V\236\223\262\270Ct\362\337b\356\024*\324\320\351\317\002k\336\234\027v\351\217\260\303\360\233ZPZWr\246$w\313\313\r\243r\232\2234\373\3539:N\004Q\245\272D\312D\300\300\t\323\0257\345e\271\na\215{\226\255x%T\257\037\333\004\344_/R\006E\344\037@\210\363\010\336T\226\247'\204_{\261\370""1\235\2445\343\033Y!\212\201\341\272\225'\007Vv\034R\264\030\255d:Cf4\252\241oR\226\303\205Ly\30061#\213n\371?\260\263@\013\003""; }; requestCookie: 3; "
1750527657505,1750527657505,0,1,1,4,TMLedgerData,"ledgerHash: ""wda\001\023\375\316\025\254\321\244\370+Y`\220\270\254\2601E[FI\310\235<qI \356\032""; ledgerSeq: 39; type: liBASE; nodes {;   nodedata: ""\000\000\000'\001cEx]\211\377\330\347\000\235\365P6pmH\033\373\212c\377o\232\356\320D\002\277,]os{\354/?\312e\006\000\000\000\000\000\000\000\000\000\000\000\000\000\000\000\000\000\000\000\000\000\000\000\000\000\000\000\000\000\000\000\000\231\214\271LV\207H\346g\243\257\363\004H\305Kd\317Fs\353i\340\241H\220\374-S\313-~/\351\253$/\351\253,\n\000""; }; nodes {;   nodedata: ""\323C\344\327\264{\312-\017:\006{\177\344N\002\326bO\260\220\006\033\362\345\005U\221DzJ0\001\301\025%1L\307\t\261\262z\374\222T\301\274V\236\223\262\270Ct\362\337b\356\024*\324\320\351\317\002k\336\234\027v\351\217\260\303\360\233ZPZWr\246$w\313\313\r\243r\232\2234\373\3539:N\004Q\245\272D\312D\300\300\t\323\0257\345e\271\na\215{\226\255x%T\257\037\333\004\344_/R\006E\344\037@\210\363\010\336T\226\247'\204_{\261\370""1\235\2445\343\033Y!\212\201\341\272\225'\007Vv\034R\264\030\255d:Cf4\252\241oR\226\303\205Ly\30061#\213n\371?\260\263@\013\003""; }; ","ledgerHash: ""wda\001\023\375\316\025\254\321\244\370+Y`\220\270\254\2601E[FI\310\235<qI \356\032""; ledgerSeq: 39; type: liBASE; nodes {;   nodedata: ""\000\000\000'\001cEx]\211\377\330\347\000\235\365P6pmH\033\373\212c\377o\232\356\320D\002\277,]os{\354/?\312e\006\000\000\000\000\000\000\000\000\000\000\000\000\000\000\000\000\000\000\000\000\000\000\000\000\000\000\000\000\000\000\000\000\231\214\271LV\207H\346g\243\257\363\004H\305Kd\317Fs\353i\340\241H\220\374-S\313-~/\351\253$/\351\253,\n\000""; }; nodes {;   nodedata: ""\323C\344\327\264{\312-\017:\006{\177\344N\002\326bO\260\220\006\033\362\345\005U\221DzJ0\001\301\025%1L\307\t\261\262z\374\222T\301\274V\236\223\262\270Ct\362\337b\356\024*\324\320\351\317\002k\336\234\027v\351\217\260\303\360\233ZPZWr\246$w\313\313\r\243r\232\2234\373\3539:N\004Q\245\272D\312D\300\300\t\323\0257\345e\271\na\215{\226\255x%T\257\037\333\004\344_/R\006E\344\037@\210\363\010\336T\226\247'\204_{\261\370""1\235\2445\343\033Y!\212\201\341\272\225'\007Vv\034R\264\030\255d:Cf4\252\241oR\226\303\205Ly\30061#\213n\371?\260\263@\013\003""; }; "
1750527657506,1750527657506,0,1,3,4,TMLedgerData,"ledgerHash: ""wda\001\023\375\316\025\254\321\244\370+Y`\220\270\254\2601E[FI\310\235<qI \356\032""; ledgerSeq: 39; type: liBASE; nodes {;   nodedata: ""\000\000\000'\001cEx]\211\377\330\347\000\235\365P6pmH\033\373\212c\377o\232\356\320D\002\277,]os{\354/?\312e\006\000\000\000\000\000\000\000\000\000\000\000\000\000\000\000\000\000\000\000\000\000\000\000\000\000\000\000\000\000\000\000\000\231\214\271LV\207H\346g\243\257\363\004H\305Kd\317Fs\353i\340\241H\220\374-S\313-~/\351\253$/\351\253,\n\000""; }; nodes {;   nodedata: ""\323C\344\327\264{\312-\017:\006{\177\344N\002\326bO\260\220\006\033\362\345\005U\221DzJ0\001\301\025%1L\307\t\261\262z\374\222T\301\274V\236\223\262\270Ct\362\337b\356\024*\324\320\351\317\002k\336\234\027v\351\217\260\303\360\233ZPZWr\246$w\313\313\r\243r\232\2234\373\3539:N\004Q\245\272D\312D\300\300\t\323\0257\345e\271\na\215{\226\255x%T\257\037\333\004\344_/R\006E\344\037@\210\363\010\336T\226\247'\204_{\261\370""1\235\2445\343\033Y!\212\201\341\272\225'\007Vv\034R\264\030\255d:Cf4\252\241oR\226\303\205Ly\30061#\213n\371?\260\263@\013\003""; }; requestCookie: 1; ","ledgerHash: ""wda\001\023\375\316\025\254\321\244\370+Y`\220\270\254\2601E[FI\310\235<qI \356\032""; ledgerSeq: 39; type: liBASE; nodes {;   nodedata: ""\000\000\000'\001cEx]\211\377\330\347\000\235\365P6pmH\033\373\212c\377o\232\356\320D\002\277,]os{\354/?\312e\006\000\000\000\000\000\000\000\000\000\000\000\000\000\000\000\000\000\000\000\000\000\000\000\000\000\000\000\000\000\000\000\000\231\214\271LV\207H\346g\243\257\363\004H\305Kd\317Fs\353i\340\241H\220\374-S\313-~/\351\253$/\351\253,\n\000""; }; nodes {;   nodedata: ""\323C\344\327\264{\312-\017:\006{\177\344N\002\326bO\260\220\006\033\362\345\005U\221DzJ0\001\301\025%1L\307\t\261\262z\374\222T\301\274V\236\223\262\270Ct\362\337b\356\024*\324\320\351\317\002k\336\234\027v\351\217\260\303\360\233ZPZWr\246$w\313\313\r\243r\232\2234\373\3539:N\004Q\245\272D\312D\300\300\t\323\0257\345e\271\na\215{\226\255x%T\257\037\333\004\344_/R\006E\344\037@\210\363\010\336T\226\247'\204_{\261\370""1\235\2445\343\033Y!\212\201\341\272\225'\007Vv\034R\264\030\255d:Cf4\252\241oR\226\303\205Ly\30061#\213n\371?\260\263@\013\003""; }; requestCookie: 1; "
1750527657507,1750527657507,0,1,3,4,TMLedgerData,"ledgerHash: ""wda\001\023\375\316\025\254\321\244\370+Y`\220\270\254\2601E[FI\310\235<qI \356\032""; ledgerSeq: 39; type: liAS_NODE; nodes {;   nodedata: ""\021\000h""\000\000\000\000 \033\000\000\000&\002\023\305\037\330\356GuH\375\327!\255\371\r\231\262R\256J\034\222\241\355X\265E\241^W\225\304\014\361CX-}\351f\032\255\274\334m\326c\017\014ao[\342\230\003\245\245\3341Hm\326^\017jy\335\261\032Yt\320\244{g\0306\\302\303*\341\215\223\257\364\277o\375\000r\241SOq\221\253\262\005\017\375T\356\014\360o'\030\311-\267\031\257!\031T\006><\315XM\334\324\345\034\000\325\367\240\271\013\265\024\321\362\354\211\250.\234s\225amc\305\035\366\276\037nD\277`\210\223N\3535\033\261\304f\331]\036\237\306o!\223\221\002\324\031\262\240R\177 ,\214\325\Q])\016\2067\277\t\354\010\000\360\215\2502\265\245\310\226\243c\302Ze\306\253#r\020\211\320iG\276\020E\317\035Sf\223F\254\033@\177e\277\016\010u\327\371&\262\312\317Q\2361t\377x\234\001v\003%\030\325_\225g\204\346a=\225\273\331\354\365*U\363\263N\367b\371\244\314-w\363\262\225Z\200\206\235\233\257?sE\2674\254\326mU\377?\177Ek\336\030!\316Aa\225\303\022\377{\210Y\226\271as\354L\035\004\341\361\035\301\024\220m#*\372\032\3178~\374\250\014*\323\342'z69\220\327\256\351G\367\317u\302\207\270b\315\333\333\334\310I\323&\014\352XZnW2.\335\347\202\021\247\362\212e\034\000\001\250\220\305;a\314\265R\310\017\317\331\235\360\262\240:\277\202\266\354\265X""\022\nh\252\352w\204\203\023]\001f\352\277\0031Q]\362\370R\350{\261\202\240\344\215\201\353\276\322p5p\350\354\017>\250r\241c\273\016\301\024\363\242\247\263\231\370\344\nBW\220K\316@3\243\200\036wk\253GSlU\010\360\231>\331\263H\214\324\030A\225\301o\346pkSF\004\241\213w9\223=\250\262*+\255\351r\265\244c\024\213\t\007`\223\325#\3477\210\345P\306\013\320\252[\0216+\227=`\371P\314\346 V7\271[~\n\237\274|\347\352@K\253~&\260\032\024\004B\200\255h\351\013\361\031:nG\211\005|\2003\266\274\251,W\006u\344\335d\003\306\212\313,\340\350bG\n\030Z\2732-\246\312\255\030\003\235207\005}D\260\0261ah\322M\304\216\273m0\271\234\237\007<w$\265C\245\232\033\023\313c\321B\032l\301h\005\320\252\301\361(\330[\343\357\343{\235\n\266g\272>\177\317\347\261qb&\270&\346ju\200\363N\320\307\004\034\001n\317\361\2653\254\2503\247\305\372\316W\022O\253x\250\025\373\247\354Tc\304\263\243^\352Gv\\264\261\r\035\226\306\2411\351\233\203\215\200$\231\300f\220\371c@\017\254\363\\371\340\340VaR\205~^\226\342t\360\022\204d\231\205)\272\364?\361!\334\331\315\254\230\rBG\314\023\246\244=\351\177\254\302b&\276+H;0\312\021&\275\036\237\350R\313\206R\331\304k\323u\263t\221\213yC\241\217A\242\027g\322\241'\212.E?B_\316\327\217J +\370\t^b\005\020\003\211\373\247|hC\271Nmk~J\270EU\274\036-\347\240\312FA\321\341bca\253\025\321\311\317\021\375\317\217\n\272\033o\353G>\275\361H\265\240\232um""\317\324`\214\221\314\000\211K\223+(""\200i \311\372g\254\343ZR0\224\275q\252\357\213\263\206N\357&Q\217\267\303\356I\236\357\264\311b\037\366\035\253\343\311\265\240\327q\206f\262ODi\215-\363>\034\236l\273\005G\316F\217}[\036\007\270:\260\335\271B\241N\345\330\204\327f\361\272Kb\0377p\334\264\237\177~\330]\252+:\317u\302h\n\351\n\364\231\277R\371\356\033y\265v\360Ny\246\332qY\262\231\251\n\305\334\202\305\362\n\367@k\231\016R:\327\242\366\242\253LZY\223$Gw^\203\302\311\316I7\371tTwp}\005|\372\214\251{R`\230V\244-\326I\351\255\325i\335\377\321\353\327\331\302\023\347y\016\263\271\317\306\017UV\314qu?\0064A\315{3D\010\016S\212\2353k0\361\214ID\303g\277\010Y_\001~\021\333\370\255\374\\331\306\255\336)\365Rth\024\t\300.M\315\321S\257\224\252\362\326P\316\303%nX\3742\333\036\004Y\264yG^\234\177\214\305q\237\274G\300a4\275\240s\215\222\210\016\020G\344=-:GK\312\035\271\201\350\376F\260G\347\000\235\365P6pmH\033\373\212c\377o\232\356\320D\002\277,]os{\354/?\312e\006\264\227\2326\315\307\363\323\325\303\032N\256*\307\327 \235\332\207u\210\271\257\306g\231i*\260\326k\001"";   nodeid: ""\260\000\000\000\000\000\000\000\000\000\000\000\000\000\000\000\000\000\000\000\000\000\000\000\000\000\000\000\000\000\000\000\001""; }; ","ledgerHash: ""wda\001\023\375\316\025\254\321\244\370+Y`\220\270\254\2601E[FI\310\235<qI \356\032""; ledgerSeq: 39; type: liAS_NODE; nodes {;   nodedata: ""\021\000h""\000\000\000\000 \033\000\000\000&\002\023\305\037\330\356GuH\375\327!\255\371\r\231\262R\256J\034\222\241\355X\265E\241^W\225\304\014\361CX-}\351f\032\255\274\334m\326c\017\014ao[\342\230\003\245\245\3341Hm\326^\017jy\335\261\032Yt\320\244{g\0306\\302\303*\341\215\223\257\364\277o\375\000r\241SOq\221\253\262\005\017\375T\356\014\360o'\030\311-\267\031\257!\031T\006><\315XM\334\324\345\034\000\325\367\240\271\013\265\024\321\362\354\211\250.\234s\225amc\305\035\366\276\037nD\277`\210\223N\3535\033\261\304f\331]\036\237\306o!\223\221\002\324\031\262\240R\177 ,\214\325\Q])\016\2067\277\t\354\010\000\360\215\2502\265\245\310\226\243c\302Ze\306\253#r\020\211\320iG\276\020E\317\035Sf\223F\254\033@\177e\277\016\010u\327\371&\262\312\317Q\2361t\377x\234\001v\003%\030\325_\225g\204\346a=\225\273\331\354\365*U\363\263N\367b\371\244\314-w\363\262\225Z\200\206\235\233\257?sE\2674\254\326mU\377?\177Ek\336\030!\316Aa\225\303\022\377{\210Y\226\271as\354L\035\004\341\361\035\301\024\220m#*\372\032\3178~\374\250\014*\323\342'z69\220\327\256\351G\367\317u\302\207\270b\315\333\333\334\310I\323&\014\352XZnW2.\335\347\202\021\247\362\212e\034\000\001\250\220\305;a\314\265R\310\017\317\331\235\360\262\240:\277\202\266\354\265X""\022\nh\252\352w\204\203\023]\001f\352\277\0031Q]\362\370R\350{\261\202\240\344\215\201\353\276\322p5p\350\354\017>\250r\241c\273\016\301\024\363\242\247\263\231\370\344\nBW\220K\316@3\243\200\036wk\253GSlU\010\360\231>\331\263H\214\324\030A\225\301o\346pkSF\004\241\213w9\223=\250\262*+\255\351r\265\244c\024\213\t\007`\223\325#\3477\210\345P\306\013\320\252[\0216+\227=`\371P\314\346 V7\271[~\n\237\274|\347\352@K\253~&\260\032\024\004B\200\255h\351\013\361\031:nG\211\005|\2003\266\274\251,W\006u\344\335d\003\306\212\313,\340\350bG\n\030Z\2732-\246\312\255\030\003\235207\005}D\260\0261ah\322M\304\216\273m0\271\234\237\007<w$\265C\245\232\033\023\313c\321B\032l\301h\005\320\252\301\361(\330[\343\357\343{\235\n\266g\272>\177\317\347\261qb&\270&\346ju\200\363N\320\307\004\034\001n\317\361\2653\254\2503\247\305\372\316W\022O\253x\250\025\373\247\354Tc\304\263\243^\352Gv\\264\261\r\035\226\306\2411\351\233\203\215\200$\231\300f\220\371c@\017\254\363\\371\340\340VaR\205~^\226\342t\360\022\204d\231\205)\272\364?\361!\334\331\315\254\230\rBG\314\023\246\244=\351\177\254\302b&\276+H;0\312\021&\275\036\237\350R\313\206R\331\304k\323u\263t\221\213yC\241\217A\242\027g\322\241'\212.E?B_\316\327\217J +\370\t^b\005\020\003\211\373\247|hC\271Nmk~J\270EU\274\036-\347\240\312FA\321\341bca\253\025\321\311\317\021\375\317\217\n\272\033o\353G>\275\361H\265\240\232um""\317\324`\214\221\314\000\211K\223+(""\200i \311\372g\254\343ZR0\224\275q\252\357\213\263\206N\357&Q\217\267\303\356I\236\357\264\311b\037\366\035\253\343\311\265\240\327q\206f\262ODi\215-\363>\034\236l\273\005G\316F\217}[\036\007\270:\260\335\271B\241N\345\330\204\327f\361\272Kb\0377p\334\264\237\177~\330]\252+:\317u\302h\n\351\n\364\231\277R\371\356\033y\265v\360Ny\246\332qY\262\231\251\n\305\334\202\305\362\n\367@k\231\016R:\327\242\366\242\253LZY\223$Gw^\203\302\311\316I7\371tTwp}\005|\372\214\251{R`\230V\244-\326I\351\255\325i\335\377\321\353\327\331\302\023\347y\016\263\271\317\306\017UV\314qu?\0064A\315{3D\010\016S\212\2353k0\361\214ID\303g\277\010Y_\001~\021\333\370\255\374\\331\306\255\336)\365Rth\024\t\300.M\315\321S\257\224\252\362\326P\316\303%nX\3742\333\036\004Y\264yG^\234\177\214\305q\237\274G\300a4\275\240s\215\222\210\016\020G\344=-:GK\312\035\271\201\350\376F\260G\347\000\235\365P6pmH\033\373\212c\377o\232\356\320D\002\277,]os{\354/?\312e\006\264\227\2326\315\307\363\323\325\303\032N\256*\307\327 \235\332\207u\210\271\257\306g\231i*\260\326k\001"";   nodeid: ""\260\000\000\000\000\000\000\000\000\000\000\000\000\000\000\000\000\000\000\000\000\000\000\000\000\000\000\000\000\000\000\000\001""; }; "
1750527657508,1750527657508,0,1,3,0,TMLedgerData,"ledgerHash: ""wda\001\023\375\316\025\254\321\244\370+Y`\220\270\254\2601E[FI\310\235<qI \356\032""; ledgerSeq: 39; type: liBASE; nodes {;   nodedata: ""\000\000\000'\001cEx]\211\377\330\347\000\235\365P6pmH\033\373\212c\377o\232\356\320D\002\277,]os{\354/?\312e\006\000\000\000\000\000\000\000\000\000\000\000\000\000\000\000\000\000\000\000\000\000\000\000\000\000\000\000\000\000\000\000\000\231\214\271LV\207H\346g\243\257\363\004H\305Kd\317Fs\353i\340\241H\220\374-S\313-~/\351\253$/\351\253,\n\000""; }; nodes {;   nodedata: ""\323C\344\327\264{\312-\017:\006{\177\344N\002\326bO\260\220\006\033\362\345\005U\221DzJ0\001\301\025%1L\307\t\261\262z\374\222T\301\274V\236\223\262\270Ct\362\337b\356\024*\324\320\351\317\002k\336\234\027v\351\217\260\303\360\233ZPZWr\246$w\313\313\r\243r\232\2234\373\3539:N\004Q\245\272D\312D\300\300\t\323\0257\345e\271\na\215{\226\255x%T\257\037\333\004\344_/R\006E\344\037@\210\363\010\336T\226\247'\204_{\261\370""1\235\2445\343\033Y!\212\201\341\272\225'\007Vv\034R\264\030\255d:Cf4\252\241oR\226\303\205Ly\30061#\213n\371?\260\263@\013\003""; }; requestCookie: 3; ","ledgerHash: ""wda\001\023\375\316\025\254\321\244\370+Y`\220\270\254\2601E[FI\310\235<qI \356\032""; ledgerSeq: 39; type: liBASE; nodes {;   nodedata: ""\000\000\000'\001cEx]\211\377\330\347\000\235\365P6pmH\033\373\212c\377o\232\356\320D\002\277,]os{\354/?\312e\006\000\000\000\000\000\000\000\000\000\000\000\000\000\000\000\000\000\000\000\000\000\000\000\000\000\000\000\000\000\000\000\000\231\214\271LV\207H\346g\243\257\363\004H\305Kd\317Fs\353i\340\241H\220\374-S\313-~/\351\253$/\351\253,\n\000""; }; nodes {;   nodedata: ""\323C\344\327\264{\312-\017:\006{\177\344N\002\326bO\260\220\006\033\362\345\005U\221DzJ0\001\301\025%1L\307\t\261\262z\374\222T\301\274V\236\223\262\270Ct\362\337b\356\024*\324\320\351\317\002k\336\234\027v\351\217\260\303\360\233ZPZWr\246$w\313\313\r\243r\232\2234\373\3539:N\004Q\245\272D\312D\300\300\t\323\0257\345e\271\na\215{\226\255x%T\257\037\333\004\344_/R\006E\344\037@\210\363\010\336T\226\247'\204_{\261\370""1\235\2445\343\033Y!\212\201\341\272\225'\007Vv\034R\264\030\255d:Cf4\252\241oR\226\303\205Ly\30061#\213n\371?\260\263@\013\003""; }; requestCookie: 3; "
1750527657508,1750527657509,0,1,3,0,TMLedgerData,"ledgerHash: ""wda\001\023\375\316\025\254\321\244\370+Y`\220\270\254\2601E[FI\310\235<qI \356\032""; ledgerSeq: 39; type: liBASE; nodes {;   nodedata: ""\000\000\000'\001cEx]\211\377\330\347\000\235\365P6pmH\033\373\212c\377o\232\356\320D\002\277,]os{\354/?\312e\006\000\000\000\000\000\000\000\000\000\000\000\000\000\000\000\000\000\000\000\000\000\000\000\000\000\000\000\000\000\000\000\000\231\214\271LV\207H\346g\243\257\363\004H\305Kd\317Fs\353i\340\241H\220\374-S\313-~/\351\253$/\351\253,\n\000""; }; nodes {;   nodedata: ""\323C\344\327\264{\312-\017:\006{\177\344N\002\326bO\260\220\006\033\362\345\005U\221DzJ0\001\301\025%1L\307\t\261\262z\374\222T\301\274V\236\223\262\270Ct\362\337b\356\024*\324\320\351\317\002k\336\234\027v\351\217\260\303\360\233ZPZWr\246$w\313\313\r\243r\232\2234\373\3539:N\004Q\245\272D\312D\300\300\t\323\0257\345e\271\na\215{\226\255x%T\257\037\333\004\344_/R\006E\344\037@\210\363\010\336T\226\247'\204_{\261\370""1\235\2445\343\033Y!\212\201\341\272\225'\007Vv\034R\264\030\255d:Cf4\252\241oR\226\303\205Ly\30061#\213n\371?\260\263@\013\003""; }; requestCookie: 5; ","ledgerHash: ""wda\001\023\375\316\025\254\321\244\370+Y`\220\270\254\2601E[FI\310\235<qI \356\032""; ledgerSeq: 39; type: liBASE; nodes {;   nodedata: ""\000\000\000'\001cEx]\211\377\330\347\000\235\365P6pmH\033\373\212c\377o\232\356\320D\002\277,]os{\354/?\312e\006\000\000\000\000\000\000\000\000\000\000\000\000\000\000\000\000\000\000\000\000\000\000\000\000\000\000\000\000\000\000\000\000\231\214\271LV\207H\346g\243\257\363\004H\305Kd\317Fs\353i\340\241H\220\374-S\313-~/\351\253$/\351\253,\n\000""; }; nodes {;   nodedata: ""\323C\344\327\264{\312-\017:\006{\177\344N\002\326bO\260\220\006\033\362\345\005U\221DzJ0\001\301\025%1L\307\t\261\262z\374\222T\301\274V\236\223\262\270Ct\362\337b\356\024*\324\320\351\317\002k\336\234\027v\351\217\260\303\360\233ZPZWr\246$w\313\313\r\243r\232\2234\373\3539:N\004Q\245\272D\312D\300\300\t\323\0257\345e\271\na\215{\226\255x%T\257\037\333\004\344_/R\006E\344\037@\210\363\010\336T\226\247'\204_{\261\370""1\235\2445\343\033Y!\212\201\341\272\225'\007Vv\034R\264\030\255d:Cf4\252\241oR\226\303\205Ly\30061#\213n\371?\260\263@\013\003""; }; requestCookie: 5; "
1750527657510,1750527657510,0,1,3,0,TMLedgerData,"ledgerHash: ""wda\001\023\375\316\025\254\321\244\370+Y`\220\270\254\2601E[FI\310\235<qI \356\032""; ledgerSeq: 39; type: liBASE; nodes {;   nodedata: ""\000\000\000'\001cEx]\211\377\330\347\000\235\365P6pmH\033\373\212c\377o\232\356\320D\002\277,]os{\354/?\312e\006\000\000\000\000\000\000\000\000\000\000\000\000\000\000\000\000\000\000\000\000\000\000\000\000\000\000\000\000\000\000\000\000\231\214\271LV\207H\346g\243\257\363\004H\305Kd\317Fs\353i\340\241H\220\374-S\313-~/\351\253$/\351\253,\n\000""; }; nodes {;   nodedata: ""\323C\344\327\264{\312-\017:\006{\177\344N\002\326bO\260\220\006\033\362\345\005U\221DzJ0\001\301\025%1L\307\t\261\262z\374\222T\301\274V\236\223\262\270Ct\362\337b\356\024*\324\320\351\317\002k\336\234\027v\351\217\260\303\360\233ZPZWr\246$w\313\313\r\243r\232\2234\373\3539:N\004Q\245\272D\312D\300\300\t\323\0257\345e\271\na\215{\226\255x%T\257\037\333\004\344_/R\006E\344\037@\210\363\010\336T\226\247'\204_{\261\370""1\235\2445\343\033Y!\212\201\341\272\225'\007Vv\034R\264\030\255d:Cf4\252\241oR\226\303\205Ly\30061#\213n\371?\260\263@\013\003""; }; requestCookie: 2; ","ledgerHash: ""wda\001\023\375\316\025\254\321\244\370+Y`\220\270\254\2601E[FI\310\235<qI \356\032""; ledgerSeq: 39; type: liBASE; nodes {;   nodedata: ""\000\000\000'\001cEx]\211\377\330\347\000\235\365P6pmH\033\373\212c\377o\232\356\320D\002\277,]os{\354/?\312e\006\000\000\000\000\000\000\000\000\000\000\000\000\000\000\000\000\000\000\000\000\000\000\000\000\000\000\000\000\000\000\000\000\231\214\271LV\207H\346g\243\257\363\004H\305Kd\317Fs\353i\340\241H\220\374-S\313-~/\351\253$/\351\253,\n\000""; }; nodes {;   nodedata: ""\323C\344\327\264{\312-\017:\006{\177\344N\002\326bO\260\220\006\033\362\345\005U\221DzJ0\001\301\025%1L\307\t\261\262z\374\222T\301\274V\236\223\262\270Ct\362\337b\356\024*\324\320\351\317\002k\336\234\027v\351\217\260\303\360\233ZPZWr\246$w\313\313\r\243r\232\2234\373\3539:N\004Q\245\272D\312D\300\300\t\323\0257\345e\271\na\215{\226\255x%T\257\037\333\004\344_/R\006E\344\037@\210\363\010\336T\226\247'\204_{\261\370""1\235\2445\343\033Y!\212\201\341\272\225'\007Vv\034R\264\030\255d:Cf4\252\241oR\226\303\205Ly\30061#\213n\371?\260\263@\013\003""; }; requestCookie: 2; "
1750527657510,1750527657511,0,1,3,0,TMLedgerData,"ledgerHash: ""wda\001\023\375\316\025\254\321\244\370+Y`\220\270\254\2601E[FI\310\235<qI \356\032""; ledgerSeq: 39; type: liAS_NODE; nodes {;   nodedata: ""\021\000h""\000\000\000\000 \033\000\000\000&\002\023\305\037\330\356GuH\375\327!\255\371\r\231\262R\256J\034\222\241\355X\265E\241^W\225\304\014\361CX-}\351f\032\255\274\334m\326c\017\014ao[\342\230\003\245\245\3341Hm\326^\017jy\335\261\032Yt\320\244{g\0306\\302\303*\341\215\223\257\364\277o\375\000r\241SOq\221\253\262\005\017\375T\356\014\360o'\030\311-\267\031\257!\031T\006><\315XM\334\324\345\034\000\325\367\240\271\013\265\024\321\362\354\211\250.\234s\225amc\305\035\366\276\037nD\277`\210\223N\3535\033\261\304f\331]\036\237\306o!\223\221\002\324\031\262\240R\177 ,\214\325\Q])\016\2067\277\t\354\010\000\360\215\2502\265\245\310\226\243c\302Ze\306\253#r\020\211\320iG\276\020E\317\035Sf\223F\254\033@\177e\277\016\010u\327\371&\262\312\317Q\2361t\377x\234\001v\003%\030\325_\225g\204\346a=\225\273\331\354\365*U\363\263N\367b\371\244\314-w\363\262\225Z\200\206\235\233\257?sE\2674\254\326mU\377?\177Ek\336\030!\316Aa\225\303\022\377{\210Y\226\271as\354L\035\004\341\361\035\301\024\220m#*\372\032\3178~\374\250\014*\323\342'z69\220\327\256\351G\367\317u\302\207\270b\315\333\333\334\310I\323&\014\352XZnW2.\335\347\202\021\247\362\212e\034\000\001\250\220\305;a\314\265R\310\017\317\331\235\360\262\240:\277\202\266\354\265X""\022\nh\252\352w\204\203\023]\001f\352\277\0031Q]\362\370R\350{\261\202\240\344\215\201\353\276\322p5p\350\354\017>\250r\241c\273\016\301\024\363\242\247\263\231\370\344\nBW\220K\316@3\243\200\036wk\253GSlU\010\360\231>\331\263H\214\324\030A\225\301o\346pkSF\004\241\213w9\223=\250\262*+\255\351r\265\244c\024\213\t\007`\223\325#\3477\210\345P\306\013\320\252[\0216+\227=`\371P\314\346 V7\271[~\n\237\274|\347\352@K\253~&\260\032\024\004B\200\255h\351\013\361\031:nG\211\005|\2003\266\274\251,W\006u\344\335d\003\306\212\313,\340\350bG\n\030Z\2732-\246\312\255\030\003\235207\005}D\260\0261ah\322M\304\216\273m0\271\234\237\007<w$\265C\245\232\033\023\313c\321B\032l\301h\005\320\252\301\361(\330[\343\357\343{\235\n\266g\272>\177\317\347\261qb&\270&\346ju\200\363N\320\307\004\034\001n\317\361\2653\254\2503\247\305\372\316W\022O\253x\250\025\373\247\354Tc\304\263\243^\352Gv\\264\261\r\035\226\306\2411\351\233\203\215\200$\231\300f\220\371c@\017\254\363\\371\340\340VaR\205~^\226\342t\360\022\204d\231\205)\272\364?\361!\334\331\315\254\230\rBG\314\023\246\244=\351\177\254\302b&\276+H;0\312\021&\275\036\237\350R\313\206R\331\304k\323u\263t\221\213yC\241\217A\242\027g\322\241'\212.E?B_\316\327\217J +\370\t^b\005\020\003\211\373\247|hC\271Nmk~J\270EU\274\036-\347\240\312FA\321\341bca\253\025\321\311\317\021\375\317\217\n\272\033o\353G>\275\361H\265\240\232um""\317\324`\214\221\314\000\211K\223+(""\200i \311\372g\254\343ZR0\224\275q\252\357\213\263\206N\357&Q\217\267\303\356I\236\357\264\311b\037\366\035\253\343\311\265\240\327q\206f\262ODi\215-\363>\034\236l\273\005G\316F\217}[\036\007\270:\260\335\271B\241N\345\330\204\327f\361\272Kb\0377p\334\264\237\177~\330]\252+:\317u\302h\n\351\n\364\231\277R\371\356\033y\265v\360Ny\246\332qY\262\231\251\n\305\334\202\305\362\n\367@k\231\016R:\327\242\366\242\253LZY\223$Gw^\203\302\311\316I7\371tTwp}\005|\372\214\251{R`\230V\244-\326I\351\255\325i\335\377\321\353\327\331\302\023\347y\016\263\271\317\306\017UV\314qu?\0064A\315{3D\010\016S\212\2353k0\361\214ID\303g\277\010Y_\001~\021\333\370\255\374\\331\306\255\336)\365Rth\024\t\300.M\315\321S\257\224\252\362\326P\316\303%nX\3742\333\036\004Y\264yG^\234\177\214\305q\237\274G\300a4\275\240s\215\222\210\016\020G\344=-:GK\312\035\271\201\350\376F\260G\347\000\235\365P6pmH\033\373\212c\377o\232\356\320D\002\277,]os{\354/?\312e\006\264\227\2326\315\307\363\323\325\303\032N\256*\307\327 \235\332\207u\210\271\257\306g\231i*\260\326k\001"";   nodeid: ""\260\000\000\000\000\000\000\000\000\000\000\000\000\000\000\000\000\000\000\000\000\000\000\000\000\000\000\000\000\000\000\000\001""; }; ","ledgerHash: ""wda\001\023\375\316\025\254\321\244\370+Y`\220\270\254\2601E[FI\310\235<qI \356\032""; ledgerSeq: 39; type: liAS_NODE; nodes {;   nodedata: ""\021\000h""\000\000\000\000 \033\000\000\000&\002\023\305\037\330\356GuH\375\327!\255\371\r\231\262R\256J\034\222\241\355X\265E\241^W\225\304\014\361CX-}\351f\032\255\274\334m\326c\017\014ao[\342\230\003\245\245\3341Hm\326^\017jy\335\261\032Yt\320\244{g\0306\\302\303*\341\215\223\257\364\277o\375\000r\241SOq\221\253\262\005\017\375T\356\014\360o'\030\311-\267\031\257!\031T\006><\315XM\334\324\345\034\000\325\367\240\271\013\265\024\321\362\354\211\250.\234s\225amc\305\035\366\276\037nD\277`\210\223N\3535\033\261\304f\331]\036\237\306o!\223\221\002\324\031\262\240R\177 ,\214\325\Q])\016\2067\277\t\354\010\000\360\215\2502\265\245\310\226\243c\302Ze\306\253#r\020\211\320iG\276\020E\317\035Sf\223F\254\033@\177e\277\016\010u\327\371&\262\312\317Q\2361t\377x\234\001v\003%\030\325_\225g\204\346a=\225\273\331\354\365*U\363\263N\367b\371\244\314-w\363\262\225Z\200\206\235\233\257?sE\2674\254\326mU\377?\177Ek\336\030!\316Aa\225\303\022\377{\210Y\226\271as\354L\035\004\341\361\035\301\024\220m#*\372\032\3178~\374\250\014*\323\342'z69\220\327\256\351G\367\317u\302\207\270b\315\333\333\334\310I\323&\014\352XZnW2.\335\347\202\021\247\362\212e\034\000\001\250\220\305;a\314\265R\310\017\317\331\235\360\262\240:\277\202\266\354\265X""\022\nh\252\352w\204\203\023]\001f\352\277\0031Q]\362\370R\350{\261\202\240\344\215\201\353\276\322p5p\350\354\017>\250r\241c\273\016\301\024\363\242\247\263\231\370\344\nBW\220K\316@3\243\200\036wk\253GSlU\010\360\231>\331\263H\214\324\030A\225\301o\346pkSF\004\241\213w9\223=\250\262*+\255\351r\265\244c\024\213\t\007`\223\325#\3477\210\345P\306\013\320\252[\0216+\227=`\371P\314\346 V7\271[~\n\237\274|\347\352@K\253~&\260\032\024\004B\200\255h\351\013\361\031:nG\211\005|\2003\266\274\251,W\006u\344\335d\003\306\212\313,\340\350bG\n\030Z\2732-\246\312\255\030\003\235207\005}D\260\0261ah\322M\304\216\273m0\271\234\237\007<w$\265C\245\232\033\023\313c\321B\032l\301h\005\320\252\301\361(\330[\343\357\343{\235\n\266g\272>\177\317\347\261qb&\270&\346ju\200\363N\320\307\004\034\001n\317\361\2653\254\2503\247\305\372\316W\022O\253x\250\025\373\247\354Tc\304\263\243^\352Gv\\264\261\r\035\226\306\2411\351\233\203\215\200$\231\300f\220\371c@\017\254\363\\371\340\340VaR\205~^\226\342t\360\022\204d\231\205)\272\364?\361!\334\331\315\254\230\rBG\314\023\246\244=\351\177\254\302b&\276+H;0\312\021&\275\036\237\350R\313\206R\331\304k\323u\263t\221\213yC\241\217A\242\027g\322\241'\212.E?B_\316\327\217J +\370\t^b\005\020\003\211\373\247|hC\271Nmk~J\270EU\274\036-\347\240\312FA\321\341bca\253\025\321\311\317\021\375\317\217\n\272\033o\353G>\275\361H\265\240\232um""\317\324`\214\221\314\000\211K\223+(""\200i \311\372g\254\343ZR0\224\275q\252\357\213\263\206N\357&Q\217\267\303\356I\236\357\264\311b\037\366\035\253\343\311\265\240\327q\206f\262ODi\215-\363>\034\236l\273\005G\316F\217}[\036\007\270:\260\335\271B\241N\345\330\204\327f\361\272Kb\0377p\334\264\237\177~\330]\252+:\317u\302h\n\351\n\364\231\277R\371\356\033y\265v\360Ny\246\332qY\262\231\251\n\305\334\202\305\362\n\367@k\231\016R:\327\242\366\242\253LZY\223$Gw^\203\302\311\316I7\371tTwp}\005|\372\214\251{R`\230V\244-\326I\351\255\325i\335\377\321\353\327\331\302\023\347y\016\263\271\317\306\017UV\314qu?\0064A\315{3D\010\016S\212\2353k0\361\214ID\303g\277\010Y_\001~\021\333\370\255\374\\331\306\255\336)\365Rth\024\t\300.M\315\321S\257\224\252\362\326P\316\303%nX\3742\333\036\004Y\264yG^\234\177\214\305q\237\274G\300a4\275\240s\215\222\210\016\020G\344=-:GK\312\035\271\201\350\376F\260G\347\000\235\365P6pmH\033\373\212c\377o\232\356\320D\002\277,]os{\354/?\312e\006\264\227\2326\315\307\363\323\325\303\032N\256*\307\327 \235\332\207u\210\271\257\306g\231i*\260\326k\001"";   nodeid: ""\260\000\000\000\000\000\000\000\000\000\000\000\000\000\000\000\000\000\000\000\000\000\000\000\000\000\000\000\000\000\000\000\001""; }; "
1750527657511,1750527657511,0,1,3,2,TMLedgerData,"ledgerHash: ""wda\001\023\375\316\025\254\321\244\370+Y`\220\270\254\2601E[FI\310\235<qI \356\032""; ledgerSeq: 39; type: liBASE; nodes {;   nodedata: ""\000\000\000'\001cEx]\211\377\330\347\000\235\365P6pmH\033\373\212c\377o\232\356\320D\002\277,]os{\354/?\312e\006\000\000\000\000\000\000\000\000\000\000\000\000\000\000\000\000\000\000\000\000\000\000\000\000\000\000\000\000\000\000\000\000\231\214\271LV\207H\346g\243\257\363\004H\305Kd\317Fs\353i\340\241H\220\374-S\313-~/\351\253$/\351\253,\n\000""; }; nodes {;   nodedata: ""\323C\344\327\264{\312-\017:\006{\177\344N\002\326bO\260\220\006\033\362\345\005U\221DzJ0\001\301\025%1L\307\t\261\262z\374\222T\301\274V\236\223\262\270Ct\362\337b\356\024*\324\320\351\317\002k\336\234\027v\351\217\260\303\360\233ZPZWr\246$w\313\313\r\243r\232\2234\373\3539:N\004Q\245\272D\312D\300\300\t\323\0257\345e\271\na\215{\226\255x%T\257\037\333\004\344_/R\006E\344\037@\210\363\010\336T\226\247'\204_{\261\370""1\235\2445\343\033Y!\212\201\341\272\225'\007Vv\034R\264\030\255d:Cf4\252\241oR\226\303\205Ly\30061#\213n\371?\260\263@\013\003""; }; ","ledgerHash: ""wda\001\023\375\316\025\254\321\244\370+Y`\220\270\254\2601E[FI\310\235<qI \356\032""; ledgerSeq: 39; type: liBASE; nodes {;   nodedata: ""\000\000\000'\001cEx]\211\377\330\347\000\235\365P6pmH\033\373\212c\377o\232\356\320D\002\277,]os{\354/?\312e\006\000\000\000\000\000\000\000\000\000\000\000\000\000\000\000\000\000\000\000\000\000\000\000\000\000\000\000\000\000\000\000\000\231\214\271LV\207H\346g\243\257\363\004H\305Kd\317Fs\353i\340\241H\220\374-S\313-~/\351\253$/\351\253,\n\000""; }; nodes {;   nodedata: ""\323C\344\327\264{\312-\017:\006{\177\344N\002\326bO\260\220\006\033\362\345\005U\221DzJ0\001\301\025%1L\307\t\261\262z\374\222T\301\274V\236\223\262\270Ct\362\337b\356\024*\324\320\351\317\002k\336\234\027v\351\217\260\303\360\233ZPZWr\246$w\313\313\r\243r\232\2234\373\3539:N\004Q\245\272D\312D\300\300\t\323\0257\345e\271\na\215{\226\255x%T\257\037\333\004\344_/R\006E\344\037@\210\363\010\336T\226\247'\204_{\261\370""1\235\2445\343\033Y!\212\201\341\272\225'\007Vv\034R\264\030\255d:Cf4\252\241oR\226\303\205Ly\30061#\213n\371?\260\263@\013\003""; }; "
1750527657512,1750527657512,0,1,3,2,TMLedgerData,"ledgerHash: ""wda\001\023\375\316\025\254\321\244\370+Y`\220\270\254\2601E[FI\310\235<qI \356\032""; ledgerSeq: 39; type: liBASE; nodes {;   nodedata: ""\000\000\000'\001cEx]\211\377\330\347\000\235\365P6pmH\033\373\212c\377o\232\356\320D\002\277,]os{\354/?\312e\006\000\000\000\000\000\000\000\000\000\000\000\000\000\000\000\000\000\000\000\000\000\000\000\000\000\000\000\000\000\000\000\000\231\214\271LV\207H\346g\243\257\363\004H\305Kd\317Fs\353i\340\241H\220\374-S\313-~/\351\253$/\351\253,\n\000""; }; nodes {;   nodedata: ""\323C\344\327\264{\312-\017:\006{\177\344N\002\326bO\260\220\006\033\362\345\005U\221DzJ0\001\301\025%1L\307\t\261\262z\374\222T\301\274V\236\223\262\270Ct\362\337b\356\024*\324\320\351\317\002k\336\234\027v\351\217\260\303\360\233ZPZWr\246$w\313\313\r\243r\232\2234\373\3539:N\004Q\245\272D\312D\300\300\t\323\0257\345e\271\na\215{\226\255x%T\257\037\333\004\344_/R\006E\344\037@\210\363\010\336T\226\247'\204_{\261\370""1\235\2445\343\033Y!\212\201\341\272\225'\007Vv\034R\264\030\255d:Cf4\252\241oR\226\303\205Ly\30061#\213n\371?\260\263@\013\003""; }; requestCookie: 3; ","ledgerHash: ""wda\001\023\375\316\025\254\321\244\370+Y`\220\270\254\2601E[FI\310\235<qI \356\032""; ledgerSeq: 39; type: liBASE; nodes {;   nodedata: ""\000\000\000'\001cEx]\211\377\330\347\000\235\365P6pmH\033\373\212c\377o\232\356\320D\002\277,]os{\354/?\312e\006\000\000\000\000\000\000\000\000\000\000\000\000\000\000\000\000\000\000\000\000\000\000\000\000\000\000\000\000\000\000\000\000\231\214\271LV\207H\346g\243\257\363\004H\305Kd\317Fs\353i\340\241H\220\374-S\313-~/\351\253$/\351\253,\n\000""; }; nodes {;   nodedata: ""\323C\344\327\264{\312-\017:\006{\177\344N\002\326bO\260\220\006\033\362\345\005U\221DzJ0\001\301\025%1L\307\t\261\262z\374\222T\301\274V\236\223\262\270Ct\362\337b\356\024*\324\320\351\317\002k\336\234\027v\351\217\260\303\360\233ZPZWr\246$w\313\313\r\243r\232\2234\373\3539:N\004Q\245\272D\312D\300\300\t\323\0257\345e\271\na\215{\226\255x%T\257\037\333\004\344_/R\006E\344\037@\210\363\010\336T\226\247'\204_{\261\370""1\235\2445\343\033Y!\212\201\341\272\225'\007Vv\034R\264\030\255d:Cf4\252\241oR\226\303\205Ly\30061#\213n\371?\260\263@\013\003""; }; requestCookie: 3; "
1750527657512,1750527657512,0,1,3,2,TMLedgerData,"ledgerHash: ""wda\001\023\375\316\025\254\321\244\370+Y`\220\270\254\2601E[FI\310\235<qI \356\032""; ledgerSeq: 39; type: liBASE; nodes {;   nodedata: ""\000\000\000'\001cEx]\211\377\330\347\000\235\365P6pmH\033\373\212c\377o\232\356\320D\002\277,]os{\354/?\312e\006\000\000\000\000\000\000\000\000\000\000\000\000\000\000\000\000\000\000\000\000\000\000\000\000\000\000\000\000\000\000\000\000\231\214\271LV\207H\346g\243\257\363\004H\305Kd\317Fs\353i\340\241H\220\374-S\313-~/\351\253$/\351\253,\n\000""; }; nodes {;   nodedata: ""\323C\344\327\264{\312-\017:\006{\177\344N\002\326bO\260\220\006\033\362\345\005U\221DzJ0\001\301\025%1L\307\t\261\262z\374\222T\301\274V\236\223\262\270Ct\362\337b\356\024*\324\320\351\317\002k\336\234\027v\351\217\260\303\360\233ZPZWr\246$w\313\313\r\243r\232\2234\373\3539:N\004Q\245\272D\312D\300\300\t\323\0257\345e\271\na\215{\226\255x%T\257\037\333\004\344_/R\006E\344\037@\210\363\010\336T\226\247'\204_{\261\370""1\235\2445\343\033Y!\212\201\341\272\225'\007Vv\034R\264\030\255d:Cf4\252\241oR\226\303\205Ly\30061#\213n\371?\260\263@\013\003""; }; requestCookie: 5; ","ledgerHash: ""wda\001\023\375\316\025\254\321\244\370+Y`\220\270\254\2601E[FI\310\235<qI \356\032""; ledgerSeq: 39; type: liBASE; nodes {;   nodedata: ""\000\000\000'\001cEx]\211\377\330\347\000\235\365P6pmH\033\373\212c\377o\232\356\320D\002\277,]os{\354/?\312e\006\000\000\000\000\000\000\000\000\000\000\000\000\000\000\000\000\000\000\000\000\000\000\000\000\000\000\000\000\000\000\000\000\231\214\271LV\207H\346g\243\257\363\004H\305Kd\317Fs\353i\340\241H\220\374-S\313-~/\351\253$/\351\253,\n\000""; }; nodes {;   nodedata: ""\323C\344\327\264{\312-\017:\006{\177\344N\002\326bO\260\220\006\033\362\345\005U\221DzJ0\001\301\025%1L\307\t\261\262z\374\222T\301\274V\236\223\262\270Ct\362\337b\356\024*\324\320\351\317\002k\336\234\027v\351\217\260\303\360\233ZPZWr\246$w\313\313\r\243r\232\2234\373\3539:N\004Q\245\272D\312D\300\300\t\323\0257\345e\271\na\215{\226\255x%T\257\037\333\004\344_/R\006E\344\037@\210\363\010\336T\226\247'\204_{\261\370""1\235\2445\343\033Y!\212\201\341\272\225'\007Vv\034R\264\030\255d:Cf4\252\241oR\226\303\205Ly\30061#\213n\371?\260\263@\013\003""; }; requestCookie: 5; "
1750527657513,1750527657513,0,1,3,2,TMLedgerData,"ledgerHash: ""wda\001\023\375\316\025\254\321\244\370+Y`\220\270\254\2601E[FI\310\235<qI \356\032""; ledgerSeq: 39; type: liBASE; nodes {;   nodedata: ""\000\000\000'\001cEx]\211\377\330\347\000\235\365P6pmH\033\373\212c\377o\232\356\320D\002\277,]os{\354/?\312e\006\000\000\000\000\000\000\000\000\000\000\000\000\000\000\000\000\000\000\000\000\000\000\000\000\000\000\000\000\000\000\000\000\231\214\271LV\207H\346g\243\257\363\004H\305Kd\317Fs\353i\340\241H\220\374-S\313-~/\351\253$/\351\253,\n\000""; }; nodes {;   nodedata: ""\323C\344\327\264{\312-\017:\006{\177\344N\002\326bO\260\220\006\033\362\345\005U\221DzJ0\001\301\025%1L\307\t\261\262z\374\222T\301\274V\236\223\262\270Ct\362\337b\356\024*\324\320\351\317\002k\336\234\027v\351\217\260\303\360\233ZPZWr\246$w\313\313\r\243r\232\2234\373\3539:N\004Q\245\272D\312D\300\300\t\323\0257\345e\271\na\215{\226\255x%T\257\037\333\004\344_/R\006E\344\037@\210\363\010\336T\226\247'\204_{\261\370""1\235\2445\343\033Y!\212\201\341\272\225'\007Vv\034R\264\030\255d:Cf4\252\241oR\226\303\205Ly\30061#\213n\371?\260\263@\013\003""; }; requestCookie: 2; ","ledgerHash: ""wda\001\023\375\316\025\254\321\244\370+Y`\220\270\254\2601E[FI\310\235<qI \356\032""; ledgerSeq: 39; type: liBASE; nodes {;   nodedata: ""\000\000\000'\001cEx]\211\377\330\347\000\235\365P6pmH\033\373\212c\377o\232\356\320D\002\277,]os{\354/?\312e\006\000\000\000\000\000\000\000\000\000\000\000\000\000\000\000\000\000\000\000\000\000\000\000\000\000\000\000\000\000\000\000\000\231\214\271LV\207H\346g\243\257\363\004H\305Kd\317Fs\353i\340\241H\220\374-S\313-~/\351\253$/\351\253,\n\000""; }; nodes {;   nodedata: ""\323C\344\327\264{\312-\017:\006{\177\344N\002\326bO\260\220\006\033\362\345\005U\221DzJ0\001\301\025%1L\307\t\261\262z\374\222T\301\274V\236\223\262\270Ct\362\337b\356\024*\324\320\351\317\002k\336\234\027v\351\217\260\303\360\233ZPZWr\246$w\313\313\r\243r\232\2234\373\3539:N\004Q\245\272D\312D\300\300\t\323\0257\345e\271\na\215{\226\255x%T\257\037\333\004\344_/R\006E\344\037@\210\363\010\336T\226\247'\204_{\261\370""1\235\2445\343\033Y!\212\201\341\272\225'\007Vv\034R\264\030\255d:Cf4\252\241oR\226\303\205Ly\30061#\213n\371?\260\263@\013\003""; }; requestCookie: 2; "
1750527657514,1750527657514,0,1,3,1,TMLedgerData,"ledgerHash: ""wda\001\023\375\316\025\254\321\244\370+Y`\220\270\254\2601E[FI\310\235<qI \356\032""; ledgerSeq: 39; type: liAS_NODE; nodes {;   nodedata: ""\021\000h""\000\000\000\000 \033\000\000\000&\002\023\305\037\330\356GuH\375\327!\255\371\r\231\262R\256J\034\222\241\355X\265E\241^W\225\304\014\361CX-}\351f\032\255\274\334m\326c\017\014ao[\342\230\003\245\245\3341Hm\326^\017jy\335\261\032Yt\320\244{g\0306\\302\303*\341\215\223\257\364\277o\375\000r\241SOq\221\253\262\005\017\375T\356\014\360o'\030\311-\267\031\257!\031T\006><\315XM\334\324\345\034\000\325\367\240\271\013\265\024\321\362\354\211\250.\234s\225amc\305\035\366\276\037nD\277`\210\223N\3535\033\261\304f\331]\036\237\306o!\223\221\002\324\031\262\240R\177 ,\214\325\Q])\016\2067\277\t\354\010\000\360\215\2502\265\245\310\226\243c\302Ze\306\253#r\020\211\320iG\276\020E\317\035Sf\223F\254\033@\177e\277\016\010u\327\371&\262\312\317Q\2361t\377x\234\001v\003%\030\325_\225g\204\346a=\225\273\331\354\365*U\363\263N\367b\371\244\314-w\363\262\225Z\200\206\235\233\257?sE\2674\254\326mU\377?\177Ek\336\030!\316Aa\225\303\022\377{\210Y\226\271as\354L\035\004\341\361\035\301\024\220m#*\372\032\3178~\374\250\014*\323\342'z69\220\327\256\351G\367\317u\302\207\270b\315\333\333\334\310I\323&\014\352XZnW2.\335\347\202\021\247\362\212e\034\000\001\250\220\305;a\314\265R\310\017\317\331\235\360\262\240:\277\202\266\354\265X""\022\nh\252\352w\204\203\023]\001f\352\277\0031Q]\362\370R\350{\261\202\240\344\215\201\353\276\322p5p\350\354\017>\250r\241c\273\016\301\024\363\242\247\263\231\370\344\nBW\220K\316@3\243\200\036wk\253GSlU\010\360\231>\331\263H\214\324\030A\225\301o\346pkSF\004\241\213w9\223=\250\262*+\255\351r\265\244c\024\213\t\007`\223\325#\3477\210\345P\306\013\320\252[\0216+\227=`\371P\314\346 V7\271[~\n\237\274|\347\352@K\253~&\260\032\024\004B\200\255h\351\013\361\031:nG\211\005|\2003\266\274\251,W\006u\344\335d\003\306\212\313,\340\350bG\n\030Z\2732-\246\312\255\030\003\235207\005}D\260\0261ah\322M\304\216\273m0\271\234\237\007<w$\265C\245\232\033\023\313c\321B\032l\301h\005\320\252\301\361(\330[\343\357\343{\235\n\266g\272>\177\317\347\261qb&\270&\346ju\200\363N\320\307\004\034\001n\317\361\2653\254\2503\247\305\372\316W\022O\253x\250\025\373\247\354Tc\304\263\243^\352Gv\\264\261\r\035\226\306\2411\351\233\203\215\200$\231\300f\220\371c@\017\254\363\\371\340\340VaR\205~^\226\342t\360\022\204d\231\205)\272\364?\361!\334\331\315\254\230\rBG\314\023\246\244=\351\177\254\302b&\276+H;0\312\021&\275\036\237\350R\313\206R\331\304k\323u\263t\221\213yC\241\217A\242\027g\322\241'\212.E?B_\316\327\217J +\370\t^b\005\020\003\211\373\247|hC\271Nmk~J\270EU\274\036-\347\240\312FA\321\341bca\253\025\321\311\317\021\375\317\217\n\272\033o\353G>\275\361H\265\240\232um""\317\324`\214\221\314\000\211K\223+(""\200i \311\372g\254\343ZR0\224\275q\252\357\213\263\206N\357&Q\217\267\303\356I\236\357\264\311b\037\366\035\253\343\311\265\240\327q\206f\262ODi\215-\363>\034\236l\273\005G\316F\217}[\036\007\270:\260\335\271B\241N\345\330\204\327f\361\272Kb\0377p\334\264\237\177~\330]\252+:\317u\302h\n\351\n\364\231\277R\371\356\033y\265v\360Ny\246\332qY\262\231\251\n\305\334\202\305\362\n\367@k\231\016R:\327\242\366\242\253LZY\223$Gw^\203\302\311\316I7\371tTwp}\005|\372\214\251{R`\230V\244-\326I\351\255\325i\335\377\321\353\327\331\302\023\347y\016\263\271\317\306\017UV\314qu?\0064A\315{3D\010\016S\212\2353k0\361\214ID\303g\277\010Y_\001~\021\333\370\255\374\\331\306\255\336)\365Rth\024\t\300.M\315\321S\257\224\252\362\326P\316\303%nX\3742\333\036\004Y\264yG^\234\177\214\305q\237\274G\300a4\275\240s\215\222\210\016\020G\344=-:GK\312\035\271\201\350\376F\260G\347\000\235\365P6pmH\033\373\212c\377o\232\356\320D\002\277,]os{\354/?\312e\006\264\227\2326\315\307\363\323\325\303\032N\256*\307\327 \235\332\207u\210\271\257\306g\231i*\260\326k\001"";   nodeid: ""\260\000\000\000\000\000\000\000\000\000\000\000\000\000\000\000\000\000\000\000\000\000\000\000\000\000\000\000\000\000\000\000\001""; }; ","ledgerHash: ""wda\001\023\375\316\025\254\321\244\370+Y`\220\270\254\2601E[FI\310\235<qI \356\032""; ledgerSeq: 39; type: liAS_NODE; nodes {;   nodedata: ""\021\000h""\000\000\000\000 \033\000\000\000&\002\023\305\037\330\356GuH\375\327!\255\371\r\231\262R\256J\034\222\241\355X\265E\241^W\225\304\014\361CX-}\351f\032\255\274\334m\326c\017\014ao[\342\230\003\245\245\3341Hm\326^\017jy\335\261\032Yt\320\244{g\0306\\302\303*\341\215\223\257\364\277o\375\000r\241SOq\221\253\262\005\017\375T\356\014\360o'\030\311-\267\031\257!\031T\006><\315XM\334\324\345\034\000\325\367\240\271\013\265\024\321\362\354\211\250.\234s\225amc\305\035\366\276\037nD\277`\210\223N\3535\033\261\304f\331]\036\237\306o!\223\221\002\324\031\262\240R\177 ,\214\325\Q])\016\2067\277\t\354\010\000\360\215\2502\265\245\310\226\243c\302Ze\306\253#r\020\211\320iG\276\020E\317\035Sf\223F\254\033@\177e\277\016\010u\327\371&\262\312\317Q\2361t\377x\234\001v\003%\030\325_\225g\204\346a=\225\273\331\354\365*U\363\263N\367b\371\244\314-w\363\262\225Z\200\206\235\233\257?sE\2674\254\326mU\377?\177Ek\336\030!\316Aa\225\303\022\377{\210Y\226\271as\354L\035\004\341\361\035\301\024\220m#*\372\032\3178~\374\250\014*\323\342'z69\220\327\256\351G\367\317u\302\207\270b\315\333\333\334\310I\323&\014\352XZnW2.\335\347\202\021\247\362\212e\034\000\001\250\220\305;a\314\265R\310\017\317\331\235\360\262\240:\277\202\266\354\265X""\022\nh\252\352w\204\203\023]\001f\352\277\0031Q]\362\370R\350{\261\202\240\344\215\201\353\276\322p5p\350\354\017>\250r\241c\273\016\301\024\363\242\247\263\231\370\344\nBW\220K\316@3\243\200\036wk\253GSlU\010\360\231>\331\263H\214\324\030A\225\301o\346pkSF\004\241\213w9\223=\250\262*+\255\351r\265\244c\024\213\t\007`\223\325#\3477\210\345P\306\013\320\252[\0216+\227=`\371P\314\346 V7\271[~\n\237\274|\347\352@K\253~&\260\032\024\004B\200\255h\351\013\361\031:nG\211\005|\2003\266\274\251,W\006u\344\335d\003\306\212\313,\340\350bG\n\030Z\2732-\246\312\255\030\003\235207\005}D\260\0261ah\322M\304\216\273m0\271\234\237\007<w$\265C\245\232\033\023\313c\321B\032l\301h\005\320\252\301\361(\330[\343\357\343{\235\n\266g\272>\177\317\347\261qb&\270&\346ju\200\363N\320\307\004\034\001n\317\361\2653\254\2503\247\305\372\316W\022O\253x\250\025\373\247\354Tc\304\263\243^\352Gv\\264\261\r\035\226\306\2411\351\233\203\215\200$\231\300f\220\371c@\017\254\363\\371\340\340VaR\205~^\226\342t\360\022\204d\231\205)\272\364?\361!\334\331\315\254\230\rBG\314\023\246\244=\351\177\254\302b&\276+H;0\312\021&\275\036\237\350R\313\206R\331\304k\323u\263t\221\213yC\241\217A\242\027g\322\241'\212.E?B_\316\327\217J +\370\t^b\005\020\003\211\373\247|hC\271Nmk~J\270EU\274\036-\347\240\312FA\321\341bca\253\025\321\311\317\021\375\317\217\n\272\033o\353G>\275\361H\265\240\232um""\317\324`\214\221\314\000\211K\223+(""\200i \311\372g\254\343ZR0\224\275q\252\357\213\263\206N\357&Q\217\267\303\356I\236\357\264\311b\037\366\035\253\343\311\265\240\327q\206f\262ODi\215-\363>\034\236l\273\005G\316F\217}[\036\007\270:\260\335\271B\241N\345\330\204\327f\361\272Kb\0377p\334\264\237\177~\330]\252+:\317u\302h\n\351\n\364\231\277R\371\356\033y\265v\360Ny\246\332qY\262\231\251\n\305\334\202\305\362\n\367@k\231\016R:\327\242\366\242\253LZY\223$Gw^\203\302\311\316I7\371tTwp}\005|\372\214\251{R`\230V\244-\326I\351\255\325i\335\377\321\353\327\331\302\023\347y\016\263\271\317\306\017UV\314qu?\0064A\315{3D\010\016S\212\2353k0\361\214ID\303g\277\010Y_\001~\021\333\370\255\374\\331\306\255\336)\365Rth\024\t\300.M\315\321S\257\224\252\362\326P\316\303%nX\3742\333\036\004Y\264yG^\234\177\214\305q\237\274G\300a4\275\240s\215\222\210\016\020G\344=-:GK\312\035\271\201\350\376F\260G\347\000\235\365P6pmH\033\373\212c\377o\232\356\320D\002\277,]os{\354/?\312e\006\264\227\2326\315\307\363\323\325\303\032N\256*\307\327 \235\332\207u\210\271\257\306g\231i*\260\326k\001"";   nodeid: ""\260\000\000\000\000\000\000\000\000\000\000\000\000\000\000\000\000\000\000\000\000\000\000\000\000\000\000\000\000\000\000\000\001""; }; "
1750527657515,1750527657515,0,1,4,1,TMLedgerData,"ledgerHash: ""wda\001\023\375\316\025\254\321\244\370+Y`\220\270\254\2601E[FI\310\235<qI \356\032""; ledgerSeq: 39; type: liBASE; nodes {;   nodedata: ""\000\000\000'\001cEx]\211\377\330\347\000\235\365P6pmH\033\373\212c\377o\232\356\320D\002\277,]os{\354/?\312e\006\000\000\000\000\000\000\000\000\000\000\000\000\000\000\000\000\000\000\000\000\000\000\000\000\000\000\000\000\000\000\000\000\231\214\271LV\207H\346g\243\257\363\004H\305Kd\317Fs\353i\340\241H\220\374-S\313-~/\351\253$/\351\253,\n\000""; }; nodes {;   nodedata: ""\323C\344\327\264{\312-\017:\006{\177\344N\002\326bO\260\220\006\033\362\345\005U\221DzJ0\001\301\025%1L\307\t\261\262z\374\222T\301\274V\236\223\262\270Ct\362\337b\356\024*\324\320\351\317\002k\336\234\027v\351\217\260\303\360\233ZPZWr\246$w\313\313\r\243r\232\2234\373\3539:N\004Q\245\272D\312D\300\300\t\323\0257\345e\271\na\215{\226\255x%T\257\037\333\004\344_/R\006E\344\037@\210\363\010\336T\226\247'\204_{\261\370""1\235\2445\343\033Y!\212\201\341\272\225'\007Vv\034R\264\030\255d:Cf4\252\241oR\226\303\205Ly\30061#\213n\371?\260\263@\013\003""; }; ","ledgerHash: ""wda\001\023\375\316\025\254\321\244\370+Y`\220\270\254\2601E[FI\310\235<qI \356\032""; ledgerSeq: 39; type: liBASE; nodes {;   nodedata: ""\000\000\000'\001cEx]\211\377\330\347\000\235\365P6pmH\033\373\212c\377o\232\356\320D\002\277,]os{\354/?\312e\006\000\000\000\000\000\000\000\000\000\000\000\000\000\000\000\000\000\000\000\000\000\000\000\000\000\000\000\000\000\000\000\000\231\214\271LV\207H\346g\243\257\363\004H\305Kd\317Fs\353i\340\241H\220\374-S\313-~/\351\253$/\351\253,\n\000""; }; nodes {;   nodedata: ""\323C\344\327\264{\312-\017:\006{\177\344N\002\326bO\260\220\006\033\362\345\005U\221DzJ0\001\301\025%1L\307\t\261\262z\374\222T\301\274V\236\223\262\270Ct\362\337b\356\024*\324\320\351\317\002k\336\234\027v\351\217\260\303\360\233ZPZWr\246$w\313\313\r\243r\232\2234\373\3539:N\004Q\245\272D\312D\300\300\t\323\0257\345e\271\na\215{\226\255x%T\257\037\333\004\344_/R\006E\344\037@\210\363\010\336T\226\247'\204_{\261\370""1\235\2445\343\033Y!\212\201\341\272\225'\007Vv\034R\264\030\255d:Cf4\252\241oR\226\303\205Ly\30061#\213n\371?\260\263@\013\003""; }; "
1750527657516,1750527657516,0,1,3,1,TMLedgerData,"ledgerHash: ""wda\001\023\375\316\025\254\321\244\370+Y`\220\270\254\2601E[FI\310\235<qI \356\032""; ledgerSeq: 39; type: liBASE; nodes {;   nodedata: ""\000\000\000'\001cEx]\211\377\330\347\000\235\365P6pmH\033\373\212c\377o\232\356\320D\002\277,]os{\354/?\312e\006\000\000\000\000\000\000\000\000\000\000\000\000\000\000\000\000\000\000\000\000\000\000\000\000\000\000\000\000\000\000\000\000\231\214\271LV\207H\346g\243\257\363\004H\305Kd\317Fs\353i\340\241H\220\374-S\313-~/\351\253$/\351\253,\n\000""; }; nodes {;   nodedata: ""\323C\344\327\264{\312-\017:\006{\177\344N\002\326bO\260\220\006\033\362\345\005U\221DzJ0\001\301\025%1L\307\t\261\262z\374\222T\301\274V\236\223\262\270Ct\362\337b\356\024*\324\320\351\317\002k\336\234\027v\351\217\260\303\360\233ZPZWr\246$w\313\313\r\243r\232\2234\373\3539:N\004Q\245\272D\312D\300\300\t\323\0257\345e\271\na\215{\226\255x%T\257\037\333\004\344_/R\006E\344\037@\210\363\010\336T\226\247'\204_{\261\370""1\235\2445\343\033Y!\212\201\341\272\225'\007Vv\034R\264\030\255d:Cf4\252\241oR\226\303\205Ly\30061#\213n\371?\260\263@\013\003""; }; requestCookie: 2; ","ledgerHash: ""wda\001\023\375\316\025\254\321\244\370+Y`\220\270\254\2601E[FI\310\235<qI \356\032""; ledgerSeq: 39; type: liBASE; nodes {;   nodedata: ""\000\000\000'\001cEx]\211\377\330\347\000\235\365P6pmH\033\373\212c\377o\232\356\320D\002\277,]os{\354/?\312e\006\000\000\000\000\000\000\000\000\000\000\000\000\000\000\000\000\000\000\000\000\000\000\000\000\000\000\000\000\000\000\000\000\231\214\271LV\207H\346g\243\257\363\004H\305Kd\317Fs\353i\340\241H\220\374-S\313-~/\351\253$/\351\253,\n\000""; }; nodes {;   nodedata: ""\323C\344\327\264{\312-\017:\006{\177\344N\002\326bO\260\220\006\033\362\345\005U\221DzJ0\001\301\025%1L\307\t\261\262z\374\222T\301\274V\236\223\262\270Ct\362\337b\356\024*\324\320\351\317\002k\336\234\027v\351\217\260\303\360\233ZPZWr\246$w\313\313\r\243r\232\2234\373\3539:N\004Q\245\272D\312D\300\300\t\323\0257\345e\271\na\215{\226\255x%T\257\037\333\004\344_/R\006E\344\037@\210\363\010\336T\226\247'\204_{\261\370""1\235\2445\343\033Y!\212\201\341\272\225'\007Vv\034R\264\030\255d:Cf4\252\241oR\226\303\205Ly\30061#\213n\371?\260\263@\013\003""; }; requestCookie: 2; "
1750527657516,1750527657516,0,1,3,1,TMLedgerData,"ledgerHash: ""wda\001\023\375\316\025\254\321\244\370+Y`\220\270\254\2601E[FI\310\235<qI \356\032""; ledgerSeq: 39; type: liBASE; nodes {;   nodedata: ""\000\000\000'\001cEx]\211\377\330\347\000\235\365P6pmH\033\373\212c\377o\232\356\320D\002\277,]os{\354/?\312e\006\000\000\000\000\000\000\000\000\000\000\000\000\000\000\000\000\000\000\000\000\000\000\000\000\000\000\000\000\000\000\000\000\231\214\271LV\207H\346g\243\257\363\004H\305Kd\317Fs\353i\340\241H\220\374-S\313-~/\351\253$/\351\253,\n\000""; }; nodes {;   nodedata: ""\323C\344\327\264{\312-\017:\006{\177\344N\002\326bO\260\220\006\033\362\345\005U\221DzJ0\001\301\025%1L\307\t\261\262z\374\222T\301\274V\236\223\262\270Ct\362\337b\356\024*\324\320\351\317\002k\336\234\027v\351\217\260\303\360\233ZPZWr\246$w\313\313\r\243r\232\2234\373\3539:N\004Q\245\272D\312D\300\300\t\323\0257\345e\271\na\215{\226\255x%T\257\037\333\004\344_/R\006E\344\037@\210\363\010\336T\226\247'\204_{\261\370""1\235\2445\343\033Y!\212\201\341\272\225'\007Vv\034R\264\030\255d:Cf4\252\241oR\226\303\205Ly\30061#\213n\371?\260\263@\013\003""; }; requestCookie: 3; ","ledgerHash: ""wda\001\023\375\316\025\254\321\244\370+Y`\220\270\254\2601E[FI\310\235<qI \356\032""; ledgerSeq: 39; type: liBASE; nodes {;   nodedata: ""\000\000\000'\001cEx]\211\377\330\347\000\235\365P6pmH\033\373\212c\377o\232\356\320D\002\277,]os{\354/?\312e\006\000\000\000\000\000\000\000\000\000\000\000\000\000\000\000\000\000\000\000\000\000\000\000\000\000\000\000\000\000\000\000\000\231\214\271LV\207H\346g\243\257\363\004H\305Kd\317Fs\353i\340\241H\220\374-S\313-~/\351\253$/\351\253,\n\000""; }; nodes {;   nodedata: ""\323C\344\327\264{\312-\017:\006{\177\344N\002\326bO\260\220\006\033\362\345\005U\221DzJ0\001\301\025%1L\307\t\261\262z\374\222T\301\274V\236\223\262\270Ct\362\337b\356\024*\324\320\351\317\002k\336\234\027v\351\217\260\303\360\233ZPZWr\246$w\313\313\r\243r\232\2234\373\3539:N\004Q\245\272D\312D\300\300\t\323\0257\345e\271\na\215{\226\255x%T\257\037\333\004\344_/R\006E\344\037@\210\363\010\336T\226\247'\204_{\261\370""1\235\2445\343\033Y!\212\201\341\272\225'\007Vv\034R\264\030\255d:Cf4\252\241oR\226\303\205Ly\30061#\213n\371?\260\263@\013\003""; }; requestCookie: 3; "
1750527657517,1750527657517,0,1,4,2,TMLedgerData,"ledgerHash: ""wda\001\023\375\316\025\254\321\244\370+Y`\220\270\254\2601E[FI\310\235<qI \356\032""; ledgerSeq: 39; type: liBASE; nodes {;   nodedata: ""\000\000\000'\001cEx]\211\377\330\347\000\235\365P6pmH\033\373\212c\377o\232\356\320D\002\277,]os{\354/?\312e\006\000\000\000\000\000\000\000\000\000\000\000\000\000\000\000\000\000\000\000\000\000\000\000\000\000\000\000\000\000\000\000\000\231\214\271LV\207H\346g\243\257\363\004H\305Kd\317Fs\353i\340\241H\220\374-S\313-~/\351\253$/\351\253,\n\000""; }; nodes {;   nodedata: ""\323C\344\327\264{\312-\017:\006{\177\344N\002\326bO\260\220\006\033\362\345\005U\221DzJ0\001\301\025%1L\307\t\261\262z\374\222T\301\274V\236\223\262\270Ct\362\337b\356\024*\324\320\351\317\002k\336\234\027v\351\217\260\303\360\233ZPZWr\246$w\313\313\r\243r\232\2234\373\3539:N\004Q\245\272D\312D\300\300\t\323\0257\345e\271\na\215{\226\255x%T\257\037\333\004\344_/R\006E\344\037@\210\363\010\336T\226\247'\204_{\261\370""1\235\2445\343\033Y!\212\201\341\272\225'\007Vv\034R\264\030\255d:Cf4\252\241oR\226\303\205Ly\30061#\213n\371?\260\263@\013\003""; }; ","ledgerHash: ""wda\001\023\375\316\025\254\321\244\370+Y`\220\270\254\2601E[FI\310\235<qI \356\032""; ledgerSeq: 39; type: liBASE; nodes {;   nodedata: ""\000\000\000'\001cEx]\211\377\330\347\000\235\365P6pmH\033\373\212c\377o\232\356\320D\002\277,]os{\354/?\312e\006\000\000\000\000\000\000\000\000\000\000\000\000\000\000\000\000\000\000\000\000\000\000\000\000\000\000\000\000\000\000\000\000\231\214\271LV\207H\346g\243\257\363\004H\305Kd\317Fs\353i\340\241H\220\374-S\313-~/\351\253$/\351\253,\n\000""; }; nodes {;   nodedata: ""\323C\344\327\264{\312-\017:\006{\177\344N\002\326bO\260\220\006\033\362\345\005U\221DzJ0\001\301\025%1L\307\t\261\262z\374\222T\301\274V\236\223\262\270Ct\362\337b\356\024*\324\320\351\317\002k\336\234\027v\351\217\260\303\360\233ZPZWr\246$w\313\313\r\243r\232\2234\373\3539:N\004Q\245\272D\312D\300\300\t\323\0257\345e\271\na\215{\226\255x%T\257\037\333\004\344_/R\006E\344\037@\210\363\010\336T\226\247'\204_{\261\370""1\235\2445\343\033Y!\212\201\341\272\225'\007Vv\034R\264\030\255d:Cf4\252\241oR\226\303\205Ly\30061#\213n\371?\260\263@\013\003""; }; "
1750527657518,1750527657518,0,1,4,0,TMLedgerData,"ledgerHash: ""wda\001\023\375\316\025\254\321\244\370+Y`\220\270\254\2601E[FI\310\235<qI \356\032""; ledgerSeq: 39; type: liBASE; nodes {;   nodedata: ""\000\000\000'\001cEx]\211\377\330\347\000\235\365P6pmH\033\373\212c\377o\232\356\320D\002\277,]os{\354/?\312e\006\000\000\000\000\000\000\000\000\000\000\000\000\000\000\000\000\000\000\000\000\000\000\000\000\000\000\000\000\000\000\000\000\231\214\271LV\207H\346g\243\257\363\004H\305Kd\317Fs\353i\340\241H\220\374-S\313-~/\351\253$/\351\253,\n\000""; }; nodes {;   nodedata: ""\323C\344\327\264{\312-\017:\006{\177\344N\002\326bO\260\220\006\033\362\345\005U\221DzJ0\001\301\025%1L\307\t\261\262z\374\222T\301\274V\236\223\262\270Ct\362\337b\356\024*\324\320\351\317\002k\336\234\027v\351\217\260\303\360\233ZPZWr\246$w\313\313\r\243r\232\2234\373\3539:N\004Q\245\272D\312D\300\300\t\323\0257\345e\271\na\215{\226\255x%T\257\037\333\004\344_/R\006E\344\037@\210\363\010\336T\226\247'\204_{\261\370""1\235\2445\343\033Y!\212\201\341\272\225'\007Vv\034R\264\030\255d:Cf4\252\241oR\226\303\205Ly\30061#\213n\371?\260\263@\013\003""; }; ","ledgerHash: ""wda\001\023\375\316\025\254\321\244\370+Y`\220\270\254\2601E[FI\310\235<qI \356\032""; ledgerSeq: 39; type: liBASE; nodes {;   nodedata: ""\000\000\000'\001cEx]\211\377\330\347\000\235\365P6pmH\033\373\212c\377o\232\356\320D\002\277,]os{\354/?\312e\006\000\000\000\000\000\000\000\000\000\000\000\000\000\000\000\000\000\000\000\000\000\000\000\000\000\000\000\000\000\000\000\000\231\214\271LV\207H\346g\243\257\363\004H\305Kd\317Fs\353i\340\241H\220\374-S\313-~/\351\253$/\351\253,\n\000""; }; nodes {;   nodedata: ""\323C\344\327\264{\312-\017:\006{\177\344N\002\326bO\260\220\006\033\362\345\005U\221DzJ0\001\301\025%1L\307\t\261\262z\374\222T\301\274V\236\223\262\270Ct\362\337b\356\024*\324\320\351\317\002k\336\234\027v\351\217\260\303\360\233ZPZWr\246$w\313\313\r\243r\232\2234\373\3539:N\004Q\245\272D\312D\300\300\t\323\0257\345e\271\na\215{\226\255x%T\257\037\333\004\344_/R\006E\344\037@\210\363\010\336T\226\247'\204_{\261\370""1\235\2445\343\033Y!\212\201\341\272\225'\007Vv\034R\264\030\255d:Cf4\252\241oR\226\303\205Ly\30061#\213n\371?\260\263@\013\003""; }; "
1750527657519,1750527657519,0,1,0,2,TMLedgerData,"ledgerHash: ""wda\001\023\375\316\025\254\321\244\370+Y`\220\270\254\2601E[FI\310\235<qI \356\032""; ledgerSeq: 39; type: liBASE; nodes {;   nodedata: ""\000\000\000'\001cEx]\211\377\330\347\000\235\365P6pmH\033\373\212c\377o\232\356\320D\002\277,]os{\354/?\312e\006\000\000\000\000\000\000\000\000\000\000\000\000\000\000\000\000\000\000\000\000\000\000\000\000\000\000\000\000\000\000\000\000\231\214\271LV\207H\346g\243\257\363\004H\305Kd\317Fs\353i\340\241H\220\374-S\313-~/\351\253$/\351\253,\n\000""; }; nodes {;   nodedata: ""\323C\344\327\264{\312-\017:\006{\177\344N\002\326bO\260\220\006\033\362\345\005U\221DzJ0\001\301\025%1L\307\t\261\262z\374\222T\301\274V\236\223\262\270Ct\362\337b\356\024*\324\320\351\317\002k\336\234\027v\351\217\260\303\360\233ZPZWr\246$w\313\313\r\243r\232\2234\373\3539:N\004Q\245\272D\312D\300\300\t\323\0257\345e\271\na\215{\226\255x%T\257\037\333\004\344_/R\006E\344\037@\210\363\010\336T\226\247'\204_{\261\370""1\235\2445\343\033Y!\212\201\341\272\225'\007Vv\034R\264\030\255d:Cf4\252\241oR\226\303\205Ly\30061#\213n\371?\260\263@\013\003""; }; ","ledgerHash: ""wda\001\023\375\316\025\254\321\244\370+Y`\220\270\254\2601E[FI\310\235<qI \356\032""; ledgerSeq: 39; type: liBASE; nodes {;   nodedata: ""\000\000\000'\001cEx]\211\377\330\347\000\235\365P6pmH\033\373\212c\377o\232\356\320D\002\277,]os{\354/?\312e\006\000\000\000\000\000\000\000\000\000\000\000\000\000\000\000\000\000\000\000\000\000\000\000\000\000\000\000\000\000\000\000\000\231\214\271LV\207H\346g\243\257\363\004H\305Kd\317Fs\353i\340\241H\220\374-S\313-~/\351\253$/\351\253,\n\000""; }; nodes {;   nodedata: ""\323C\344\327\264{\312-\017:\006{\177\344N\002\326bO\260\220\006\033\362\345\005U\221DzJ0\001\301\025%1L\307\t\261\262z\374\222T\301\274V\236\223\262\270Ct\362\337b\356\024*\324\320\351\317\002k\336\234\027v\351\217\260\303\360\233ZPZWr\246$w\313\313\r\243r\232\2234\373\3539:N\004Q\245\272D\312D\300\300\t\323\0257\345e\271\na\215{\226\255x%T\257\037\333\004\344_/R\006E\344\037@\210\363\010\336T\226\247'\204_{\261\370""1\235\2445\343\033Y!\212\201\341\272\225'\007Vv\034R\264\030\255d:Cf4\252\241oR\226\303\205Ly\30061#\213n\371?\260\263@\013\003""; }; "
1750527657519,1750527657519,0,1,0,4,TMLedgerData,"ledgerHash: ""wda\001\023\375\316\025\254\321\244\370+Y`\220\270\254\2601E[FI\310\235<qI \356\032""; ledgerSeq: 39; type: liBASE; nodes {;   nodedata: ""\000\000\000'\001cEx]\211\377\330\347\000\235\365P6pmH\033\373\212c\377o\232\356\320D\002\277,]os{\354/?\312e\006\000\000\000\000\000\000\000\000\000\000\000\000\000\000\000\000\000\000\000\000\000\000\000\000\000\000\000\000\000\000\000\000\231\214\271LV\207H\346g\243\257\363\004H\305Kd\317Fs\353i\340\241H\220\374-S\313-~/\351\253$/\351\253,\n\000""; }; nodes {;   nodedata: ""\323C\344\327\264{\312-\017:\006{\177\344N\002\326bO\260\220\006\033\362\345\005U\221DzJ0\001\301\025%1L\307\t\261\262z\374\222T\301\274V\236\223\262\270Ct\362\337b\356\024*\324\320\351\317\002k\336\234\027v\351\217\260\303\360\233ZPZWr\246$w\313\313\r\243r\232\2234\373\3539:N\004Q\245\272D\312D\300\300\t\323\0257\345e\271\na\215{\226\255x%T\257\037\333\004\344_/R\006E\344\037@\210\363\010\336T\226\247'\204_{\261\370""1\235\2445\343\033Y!\212\201\341\272\225'\007Vv\034R\264\030\255d:Cf4\252\241oR\226\303\205Ly\30061#\213n\371?\260\263@\013\003""; }; ","ledgerHash: ""wda\001\023\375\316\025\254\321\244\370+Y`\220\270\254\2601E[FI\310\235<qI \356\032""; ledgerSeq: 39; type: liBASE; nodes {;   nodedata: ""\000\000\000'\001cEx]\211\377\330\347\000\235\365P6pmH\033\373\212c\377o\232\356\320D\002\277,]os{\354/?\312e\006\000\000\000\000\000\000\000\000\000\000\000\000\000\000\000\000\000\000\000\000\000\000\000\000\000\000\000\000\000\000\000\000\231\214\271LV\207H\346g\243\257\363\004H\305Kd\317Fs\353i\340\241H\220\374-S\313-~/\351\253$/\351\253,\n\000""; }; nodes {;   nodedata: ""\323C\344\327\264{\312-\017:\006{\177\344N\002\326bO\260\220\006\033\362\345\005U\221DzJ0\001\301\025%1L\307\t\261\262z\374\222T\301\274V\236\223\262\270Ct\362\337b\356\024*\324\320\351\317\002k\336\234\027v\351\217\260\303\360\233ZPZWr\246$w\313\313\r\243r\232\2234\373\3539:N\004Q\245\272D\312D\300\300\t\323\0257\345e\271\na\215{\226\255x%T\257\037\333\004\344_/R\006E\344\037@\210\363\010\336T\226\247'\204_{\261\370""1\235\2445\343\033Y!\212\201\341\272\225'\007Vv\034R\264\030\255d:Cf4\252\241oR\226\303\205Ly\30061#\213n\371?\260\263@\013\003""; }; "
1750527657520,1750527657520,0,1,0,1,TMLedgerData,"ledgerHash: ""wda\001\023\375\316\025\254\321\244\370+Y`\220\270\254\2601E[FI\310\235<qI \356\032""; ledgerSeq: 39; type: liBASE; nodes {;   nodedata: ""\000\000\000'\001cEx]\211\377\330\347\000\235\365P6pmH\033\373\212c\377o\232\356\320D\002\277,]os{\354/?\312e\006\000\000\000\000\000\000\000\000\000\000\000\000\000\000\000\000\000\000\000\000\000\000\000\000\000\000\000\000\000\000\000\000\231\214\271LV\207H\346g\243\257\363\004H\305Kd\317Fs\353i\340\241H\220\374-S\313-~/\351\253$/\351\253,\n\000""; }; nodes {;   nodedata: ""\323C\344\327\264{\312-\017:\006{\177\344N\002\326bO\260\220\006\033\362\345\005U\221DzJ0\001\301\025%1L\307\t\261\262z\374\222T\301\274V\236\223\262\270Ct\362\337b\356\024*\324\320\351\317\002k\336\234\027v\351\217\260\303\360\233ZPZWr\246$w\313\313\r\243r\232\2234\373\3539:N\004Q\245\272D\312D\300\300\t\323\0257\345e\271\na\215{\226\255x%T\257\037\333\004\344_/R\006E\344\037@\210\363\010\336T\226\247'\204_{\261\370""1\235\2445\343\033Y!\212\201\341\272\225'\007Vv\034R\264\030\255d:Cf4\252\241oR\226\303\205Ly\30061#\213n\371?\260\263@\013\003""; }; ","ledgerHash: ""wda\001\023\375\316\025\254\321\244\370+Y`\220\270\254\2601E[FI\310\235<qI \356\032""; ledgerSeq: 39; type: liBASE; nodes {;   nodedata: ""\000\000\000'\001cEx]\211\377\330\347\000\235\365P6pmH\033\373\212c\377o\232\356\320D\002\277,]os{\354/?\312e\006\000\000\000\000\000\000\000\000\000\000\000\000\000\000\000\000\000\000\000\000\000\000\000\000\000\000\000\000\000\000\000\000\231\214\271LV\207H\346g\243\257\363\004H\305Kd\317Fs\353i\340\241H\220\374-S\313-~/\351\253$/\351\253,\n\000""; }; nodes {;   nodedata: ""\323C\344\327\264{\312-\017:\006{\177\344N\002\326bO\260\220\006\033\362\345\005U\221DzJ0\001\301\025%1L\307\t\261\262z\374\222T\301\274V\236\223\262\270Ct\362\337b\356\024*\324\320\351\317\002k\336\234\027v\351\217\260\303\360\233ZPZWr\246$w\313\313\r\243r\232\2234\373\3539:N\004Q\245\272D\312D\300\300\t\323\0257\345e\271\na\215{\226\255x%T\257\037\333\004\344_/R\006E\344\037@\210\363\010\336T\226\247'\204_{\261\370""1\235\2445\343\033Y!\212\201\341\272\225'\007Vv\034R\264\030\255d:Cf4\252\241oR\226\303\205Ly\30061#\213n\371?\260\263@\013\003""; }; "
1750527657521,1750527657521,0,1,2,3,TMGetLedger,"itype: liAS_NODE; ledgerHash: ""wda\001\023\375\316\025\254\321\244\370+Y`\220\270\254\2601E[FI\310\235<qI \356\032""; ledgerSeq: 39; nodeIDs: ""\260\000\000\000\000\000\000\000\000\000\000\000\000\000\000\000\000\000\000\000\000\000\000\000\000\000\000\000\000\000\000\000\001""; queryType: qtINDIRECT; queryDepth: 1; ","itype: liAS_NODE; ledgerHash: ""wda\001\023\375\316\025\254\321\244\370+Y`\220\270\254\2601E[FI\310\235<qI \356\032""; ledgerSeq: 39; nodeIDs: ""\260\000\000\000\000\000\000\000\000\000\000\000\000\000\000\000\000\000\000\000\000\000\000\000\000\000\000\000\000\000\000\000\001""; queryType: qtINDIRECT; queryDepth: 1; "
1750527657521,1750527657521,0,1,2,1,TMLedgerData,"ledgerHash: ""wda\001\023\375\316\025\254\321\244\370+Y`\220\270\254\2601E[FI\310\235<qI \356\032""; ledgerSeq: 39; type: liBASE; nodes {;   nodedata: ""\000\000\000'\001cEx]\211\377\330\347\000\235\365P6pmH\033\373\212c\377o\232\356\320D\002\277,]os{\354/?\312e\006\000\000\000\000\000\000\000\000\000\000\000\000\000\000\000\000\000\000\000\000\000\000\000\000\000\000\000\000\000\000\000\000\231\214\271LV\207H\346g\243\257\363\004H\305Kd\317Fs\353i\340\241H\220\374-S\313-~/\351\253$/\351\253,\n\000""; }; nodes {;   nodedata: ""\323C\344\327\264{\312-\017:\006{\177\344N\002\326bO\260\220\006\033\362\345\005U\221DzJ0\001\301\025%1L\307\t\261\262z\374\222T\301\274V\236\223\262\270Ct\362\337b\356\024*\324\320\351\317\002k\336\234\027v\351\217\260\303\360\233ZPZWr\246$w\313\313\r\243r\232\2234\373\3539:N\004Q\245\272D\312D\300\300\t\323\0257\345e\271\na\215{\226\255x%T\257\037\333\004\344_/R\006E\344\037@\210\363\010\336T\226\247'\204_{\261\370""1\235\2445\343\033Y!\212\201\341\272\225'\007Vv\034R\264\030\255d:Cf4\252\241oR\226\303\205Ly\30061#\213n\371?\260\263@\013\003""; }; ","ledgerHash: ""wda\001\023\375\316\025\254\321\244\370+Y`\220\270\254\2601E[FI\310\235<qI \356\032""; ledgerSeq: 39; type: liBASE; nodes {;   nodedata: ""\000\000\000'\001cEx]\211\377\330\347\000\235\365P6pmH\033\373\212c\377o\232\356\320D\002\277,]os{\354/?\312e\006\000\000\000\000\000\000\000\000\000\000\000\000\000\000\000\000\000\000\000\000\000\000\000\000\000\000\000\000\000\000\000\000\231\214\271LV\207H\346g\243\257\363\004H\305Kd\317Fs\353i\340\241H\220\374-S\313-~/\351\253$/\351\253,\n\000""; }; nodes {;   nodedata: ""\323C\344\327\264{\312-\017:\006{\177\344N\002\326bO\260\220\006\033\362\345\005U\221DzJ0\001\301\025%1L\307\t\261\262z\374\222T\301\274V\236\223\262\270Ct\362\337b\356\024*\324\320\351\317\002k\336\234\027v\351\217\260\303\360\233ZPZWr\246$w\313\313\r\243r\232\2234\373\3539:N\004Q\245\272D\312D\300\300\t\323\0257\345e\271\na\215{\226\255x%T\257\037\333\004\344_/R\006E\344\037@\210\363\010\336T\226\247'\204_{\261\370""1\235\2445\343\033Y!\212\201\341\272\225'\007Vv\034R\264\030\255d:Cf4\252\241oR\226\303\205Ly\30061#\213n\371?\260\263@\013\003""; }; "
1750527657522,1750527657522,0,1,2,4,TMLedgerData,"ledgerHash: ""wda\001\023\375\316\025\254\321\244\370+Y`\220\270\254\2601E[FI\310\235<qI \356\032""; ledgerSeq: 39; type: liBASE; nodes {;   nodedata: ""\000\000\000'\001cEx]\211\377\330\347\000\235\365P6pmH\033\373\212c\377o\232\356\320D\002\277,]os{\354/?\312e\006\000\000\000\000\000\000\000\000\000\000\000\000\000\000\000\000\000\000\000\000\000\000\000\000\000\000\000\000\000\000\000\000\231\214\271LV\207H\346g\243\257\363\004H\305Kd\317Fs\353i\340\241H\220\374-S\313-~/\351\253$/\351\253,\n\000""; }; nodes {;   nodedata: ""\323C\344\327\264{\312-\017:\006{\177\344N\002\326bO\260\220\006\033\362\345\005U\221DzJ0\001\301\025%1L\307\t\261\262z\374\222T\301\274V\236\223\262\270Ct\362\337b\356\024*\324\320\351\317\002k\336\234\027v\351\217\260\303\360\233ZPZWr\246$w\313\313\r\243r\232\2234\373\3539:N\004Q\245\272D\312D\300\300\t\323\0257\345e\271\na\215{\226\255x%T\257\037\333\004\344_/R\006E\344\037@\210\363\010\336T\226\247'\204_{\261\370""1\235\2445\343\033Y!\212\201\341\272\225'\007Vv\034R\264\030\255d:Cf4\252\241oR\226\303\205Ly\30061#\213n\371?\260\263@\013\003""; }; ","ledgerHash: ""wda\001\023\375\316\025\254\321\244\370+Y`\220\270\254\2601E[FI\310\235<qI \356\032""; ledgerSeq: 39; type: liBASE; nodes {;   nodedata: ""\000\000\000'\001cEx]\211\377\330\347\000\235\365P6pmH\033\373\212c\377o\232\356\320D\002\277,]os{\354/?\312e\006\000\000\000\000\000\000\000\000\000\000\000\000\000\000\000\000\000\000\000\000\000\000\000\000\000\000\000\000\000\000\000\000\231\214\271LV\207H\346g\243\257\363\004H\305Kd\317Fs\353i\340\241H\220\374-S\313-~/\351\253$/\351\253,\n\000""; }; nodes {;   nodedata: ""\323C\344\327\264{\312-\017:\006{\177\344N\002\326bO\260\220\006\033\362\345\005U\221DzJ0\001\301\025%1L\307\t\261\262z\374\222T\301\274V\236\223\262\270Ct\362\337b\356\024*\324\320\351\317\002k\336\234\027v\351\217\260\303\360\233ZPZWr\246$w\313\313\r\243r\232\2234\373\3539:N\004Q\245\272D\312D\300\300\t\323\0257\345e\271\na\215{\226\255x%T\257\037\333\004\344_/R\006E\344\037@\210\363\010\336T\226\247'\204_{\261\370""1\235\2445\343\033Y!\212\201\341\272\225'\007Vv\034R\264\030\255d:Cf4\252\241oR\226\303\205Ly\30061#\213n\371?\260\263@\013\003""; }; "
1750527657523,1750527657523,0,1,2,0,TMLedgerData,"ledgerHash: ""wda\001\023\375\316\025\254\321\244\370+Y`\220\270\254\2601E[FI\310\235<qI \356\032""; ledgerSeq: 39; type: liBASE; nodes {;   nodedata: ""\000\000\000'\001cEx]\211\377\330\347\000\235\365P6pmH\033\373\212c\377o\232\356\320D\002\277,]os{\354/?\312e\006\000\000\000\000\000\000\000\000\000\000\000\000\000\000\000\000\000\000\000\000\000\000\000\000\000\000\000\000\000\000\000\000\231\214\271LV\207H\346g\243\257\363\004H\305Kd\317Fs\353i\340\241H\220\374-S\313-~/\351\253$/\351\253,\n\000""; }; nodes {;   nodedata: ""\323C\344\327\264{\312-\017:\006{\177\344N\002\326bO\260\220\006\033\362\345\005U\221DzJ0\001\301\025%1L\307\t\261\262z\374\222T\301\274V\236\223\262\270Ct\362\337b\356\024*\324\320\351\317\002k\336\234\027v\351\217\260\303\360\233ZPZWr\246$w\313\313\r\243r\232\2234\373\3539:N\004Q\245\272D\312D\300\300\t\323\0257\345e\271\na\215{\226\255x%T\257\037\333\004\344_/R\006E\344\037@\210\363\010\336T\226\247'\204_{\261\370""1\235\2445\343\033Y!\212\201\341\272\225'\007Vv\034R\264\030\255d:Cf4\252\241oR\226\303\205Ly\30061#\213n\371?\260\263@\013\003""; }; ","ledgerHash: ""wda\001\023\375\316\025\254\321\244\370+Y`\220\270\254\2601E[FI\310\235<qI \356\032""; ledgerSeq: 39; type: liBASE; nodes {;   nodedata: ""\000\000\000'\001cEx]\211\377\330\347\000\235\365P6pmH\033\373\212c\377o\232\356\320D\002\277,]os{\354/?\312e\006\000\000\000\000\000\000\000\000\000\000\000\000\000\000\000\000\000\000\000\000\000\000\000\000\000\000\000\000\000\000\000\000\231\214\271LV\207H\346g\243\257\363\004H\305Kd\317Fs\353i\340\241H\220\374-S\313-~/\351\253$/\351\253,\n\000""; }; nodes {;   nodedata: ""\323C\344\327\264{\312-\017:\006{\177\344N\002\326bO\260\220\006\033\362\345\005U\221DzJ0\001\301\025%1L\307\t\261\262z\374\222T\301\274V\236\223\262\270Ct\362\337b\356\024*\324\320\351\317\002k\336\234\027v\351\217\260\303\360\233ZPZWr\246$w\313\313\r\243r\232\2234\373\3539:N\004Q\245\272D\312D\300\300\t\323\0257\345e\271\na\215{\226\255x%T\257\037\333\004\344_/R\006E\344\037@\210\363\010\336T\226\247'\204_{\261\370""1\235\2445\343\033Y!\212\201\341\272\225'\007Vv\034R\264\030\255d:Cf4\252\241oR\226\303\205Ly\30061#\213n\371?\260\263@\013\003""; }; "
1750527657523,1750527657523,0,1,1,0,TMLedgerData,"ledgerHash: ""wda\001\023\375\316\025\254\321\244\370+Y`\220\270\254\2601E[FI\310\235<qI \356\032""; ledgerSeq: 39; type: liBASE; nodes {;   nodedata: ""\000\000\000'\001cEx]\211\377\330\347\000\235\365P6pmH\033\373\212c\377o\232\356\320D\002\277,]os{\354/?\312e\006\000\000\000\000\000\000\000\000\000\000\000\000\000\000\000\000\000\000\000\000\000\000\000\000\000\000\000\000\000\000\000\000\231\214\271LV\207H\346g\243\257\363\004H\305Kd\317Fs\353i\340\241H\220\374-S\313-~/\351\253$/\351\253,\n\000""; }; nodes {;   nodedata: ""\323C\344\327\264{\312-\017:\006{\177\344N\002\326bO\260\220\006\033\362\345\005U\221DzJ0\001\301\025%1L\307\t\261\262z\374\222T\301\274V\236\223\262\270Ct\362\337b\356\024*\324\320\351\317\002k\336\234\027v\351\217\260\303\360\233ZPZWr\246$w\313\313\r\243r\232\2234\373\3539:N\004Q\245\272D\312D\300\300\t\323\0257\345e\271\na\215{\226\255x%T\257\037\333\004\344_/R\006E\344\037@\210\363\010\336T\226\247'\204_{\261\370""1\235\2445\343\033Y!\212\201\341\272\225'\007Vv\034R\264\030\255d:Cf4\252\241oR\226\303\205Ly\30061#\213n\371?\260\263@\013\003""; }; ","ledgerHash: ""wda\001\023\375\316\025\254\321\244\370+Y`\220\270\254\2601E[FI\310\235<qI \356\032""; ledgerSeq: 39; type: liBASE; nodes {;   nodedata: ""\000\000\000'\001cEx]\211\377\330\347\000\235\365P6pmH\033\373\212c\377o\232\356\320D\002\277,]os{\354/?\312e\006\000\000\000\000\000\000\000\000\000\000\000\000\000\000\000\000\000\000\000\000\000\000\000\000\000\000\000\000\000\000\000\000\231\214\271LV\207H\346g\243\257\363\004H\305Kd\317Fs\353i\340\241H\220\374-S\313-~/\351\253$/\351\253,\n\000""; }; nodes {;   nodedata: ""\323C\344\327\264{\312-\017:\006{\177\344N\002\326bO\260\220\006\033\362\345\005U\221DzJ0\001\301\025%1L\307\t\261\262z\374\222T\301\274V\236\223\262\270Ct\362\337b\356\024*\324\320\351\317\002k\336\234\027v\351\217\260\303\360\233ZPZWr\246$w\313\313\r\243r\232\2234\373\3539:N\004Q\245\272D\312D\300\300\t\323\0257\345e\271\na\215{\226\255x%T\257\037\333\004\344_/R\006E\344\037@\210\363\010\336T\226\247'\204_{\261\370""1\235\2445\343\033Y!\212\201\341\272\225'\007Vv\034R\264\030\255d:Cf4\252\241oR\226\303\205Ly\30061#\213n\371?\260\263@\013\003""; }; "
1750527657524,1750527657524,0,1,1,2,TMLedgerData,"ledgerHash: ""wda\001\023\375\316\025\254\321\244\370+Y`\220\270\254\2601E[FI\310\235<qI \356\032""; ledgerSeq: 39; type: liBASE; nodes {;   nodedata: ""\000\000\000'\001cEx]\211\377\330\347\000\235\365P6pmH\033\373\212c\377o\232\356\320D\002\277,]os{\354/?\312e\006\000\000\000\000\000\000\000\000\000\000\000\000\000\000\000\000\000\000\000\000\000\000\000\000\000\000\000\000\000\000\000\000\231\214\271LV\207H\346g\243\257\363\004H\305Kd\317Fs\353i\340\241H\220\374-S\313-~/\351\253$/\351\253,\n\000""; }; nodes {;   nodedata: ""\323C\344\327\264{\312-\017:\006{\177\344N\002\326bO\260\220\006\033\362\345\005U\221DzJ0\001\301\025%1L\307\t\261\262z\374\222T\301\274V\236\223\262\270Ct\362\337b\356\024*\324\320\351\317\002k\336\234\027v\351\217\260\303\360\233ZPZWr\246$w\313\313\r\243r\232\2234\373\3539:N\004Q\245\272D\312D\300\300\t\323\0257\345e\271\na\215{\226\255x%T\257\037\333\004\344_/R\006E\344\037@\210\363\010\336T\226\247'\204_{\261\370""1\235\2445\343\033Y!\212\201\341\272\225'\007Vv\034R\264\030\255d:Cf4\252\241oR\226\303\205Ly\30061#\213n\371?\260\263@\013\003""; }; ","ledgerHash: ""wda\001\023\375\316\025\254\321\244\370+Y`\220\270\254\2601E[FI\310\235<qI \356\032""; ledgerSeq: 39; type: liBASE; nodes {;   nodedata: ""\000\000\000'\001cEx]\211\377\330\347\000\235\365P6pmH\033\373\212c\377o\232\356\320D\002\277,]os{\354/?\312e\006\000\000\000\000\000\000\000\000\000\000\000\000\000\000\000\000\000\000\000\000\000\000\000\000\000\000\000\000\000\000\000\000\231\214\271LV\207H\346g\243\257\363\004H\305Kd\317Fs\353i\340\241H\220\374-S\313-~/\351\253$/\351\253,\n\000""; }; nodes {;   nodedata: ""\323C\344\327\264{\312-\017:\006{\177\344N\002\326bO\260\220\006\033\362\345\005U\221DzJ0\001\301\025%1L\307\t\261\262z\374\222T\301\274V\236\223\262\270Ct\362\337b\356\024*\324\320\351\317\002k\336\234\027v\351\217\260\303\360\233ZPZWr\246$w\313\313\r\243r\232\2234\373\3539:N\004Q\245\272D\312D\300\300\t\323\0257\345e\271\na\215{\226\255x%T\257\037\333\004\344_/R\006E\344\037@\210\363\010\336T\226\247'\204_{\261\370""1\235\2445\343\033Y!\212\201\341\272\225'\007Vv\034R\264\030\255d:Cf4\252\241oR\226\303\205Ly\30061#\213n\371?\260\263@\013\003""; }; "
1750527657527,1750527657528,0,1,3,2,TMLedgerData,"ledgerHash: ""wda\001\023\375\316\025\254\321\244\370+Y`\220\270\254\2601E[FI\310\235<qI \356\032""; ledgerSeq: 39; type: liAS_NODE; nodes {;   nodedata: ""\021\000h""\000\000\000\000 \033\000\000\000&\002\023\305\037\330\356GuH\375\327!\255\371\r\231\262R\256J\034\222\241\355X\265E\241^W\225\304\014\361CX-}\351f\032\255\274\334m\326c\017\014ao[\342\230\003\245\245\3341Hm\326^\017jy\335\261\032Yt\320\244{g\0306\\302\303*\341\215\223\257\364\277o\375\000r\241SOq\221\253\262\005\017\375T\356\014\360o'\030\311-\267\031\257!\031T\006><\315XM\334\324\345\034\000\325\367\240\271\013\265\024\321\362\354\211\250.\234s\225amc\305\035\366\276\037nD\277`\210\223N\3535\033\261\304f\331]\036\237\306o!\223\221\002\324\031\262\240R\177 ,\214\325\Q])\016\2067\277\t\354\010\000\360\215\2502\265\245\310\226\243c\302Ze\306\253#r\020\211\320iG\276\020E\317\035Sf\223F\254\033@\177e\277\016\010u\327\371&\262\312\317Q\2361t\377x\234\001v\003%\030\325_\225g\204\346a=\225\273\331\354\365*U\363\263N\367b\371\244\314-w\363\262\225Z\200\206\235\233\257?sE\2674\254\326mU\377?\177Ek\336\030!\316Aa\225\303\022\377{\210Y\226\271as\354L\035\004\341\361\035\301\024\220m#*\372\032\3178~\374\250\014*\323\342'z69\220\327\256\351G\367\317u\302\207\270b\315\333\333\334\310I\323&\014\352XZnW2.\335\347\202\021\247\362\212e\034\000\001\250\220\305;a\314\265R\310\017\317\331\235\360\262\240:\277\202\266\354\265X""\022\nh\252\352w\204\203\023]\001f\352\277\0031Q]\362\370R\350{\261\202\240\344\215\201\353\276\322p5p\350\354\017>\250r\241c\273\016\301\024\363\242\247\263\231\370\344\nBW\220K\316@3\243\200\036wk\253GSlU\010\360\231>\331\263H\214\324\030A\225\301o\346pkSF\004\241\213w9\223=\250\262*+\255\351r\265\244c\024\213\t\007`\223\325#\3477\210\345P\306\013\320\252[\0216+\227=`\371P\314\346 V7\271[~\n\237\274|\347\352@K\253~&\260\032\024\004B\200\255h\351\013\361\031:nG\211\005|\2003\266\274\251,W\006u\344\335d\003\306\212\313,\340\350bG\n\030Z\2732-\246\312\255\030\003\235207\005}D\260\0261ah\322M\304\216\273m0\271\234\237\007<w$\265C\245\232\033\023\313c\321B\032l\301h\005\320\252\301\361(\330[\343\357\343{\235\n\266g\272>\177\317\347\261qb&\270&\346ju\200\363N\320\307\004\034\001n\317\361\2653\254\2503\247\305\372\316W\022O\253x\250\025\373\247\354Tc\304\263\243^\352Gv\\264\261\r\035\226\306\2411\351\233\203\215\200$\231\300f\220\371c@\017\254\363\\371\340\340VaR\205~^\226\342t\360\022\204d\231\205)\272\364?\361!\334\331\315\254\230\rBG\314\023\246\244=\351\177\254\302b&\276+H;0\312\021&\275\036\237\350R\313\206R\331\304k\323u\263t\221\213yC\241\217A\242\027g\322\241'\212.E?B_\316\327\217J +\370\t^b\005\020\003\211\373\247|hC\271Nmk~J\270EU\274\036-\347\240\312FA\321\341bca\253\025\321\311\317\021\375\317\217\n\272\033o\353G>\275\361H\265\240\232um""\317\324`\214\221\314\000\211K\223+(""\200i \311\372g\254\343ZR0\224\275q\252\357\213\263\206N\357&Q\217\267\303\356I\236\357\264\311b\037\366\035\253\343\311\265\240\327q\206f\262ODi\215-\363>\034\236l\273\005G\316F\217}[\036\007\270:\260\335\271B\241N\345\330\204\327f\361\272Kb\0377p\334\264\237\177~\330]\252+:\317u\302h\n\351\n\364\231\277R\371\356\033y\265v\360Ny\246\332qY\262\231\251\n\305\334\202\305\362\n\367@k\231\016R:\327\242\366\242\253LZY\223$Gw^\203\302\311\316I7\371tTwp}\005|\372\214\251{R`\230V\244-\326I\351\255\325i\335\377\321\353\327\331\302\023\347y\016\263\271\317\306\017UV\314qu?\0064A\315{3D\010\016S\212\2353k0\361\214ID\303g\277\010Y_\001~\021\333\370\255\374\\331\306\255\336)\365Rth\024\t\300.M\315\321S\257\224\252\362\326P\316\303%nX\3742\333\036\004Y\264yG^\234\177\214\305q\237\274G\300a4\275\240s\215\222\210\016\020G\344=-:GK\312\035\271\201\350\376F\260G\347\000\235\365P6pmH\033\373\212c\377o\232\356\320D\002\277,]os{\354/?\312e\006\264\227\2326\315\307\363\323\325\303\032N\256*\307\327 \235\332\207u\210\271\257\306g\231i*\260\326k\001"";   nodeid: ""\260\000\000\000\000\000\000\000\000\000\000\000\000\000\000\000\000\000\000\000\000\000\000\000\000\000\000\000\000\000\000\000\001""; }; ","ledgerHash: ""wda\001\023\375\316\025\254\321\244\370+Y`\220\270\254\2601E[FI\310\235<qI \356\032""; ledgerSeq: 39; type: liAS_NODE; nodes {;   nodedata: ""\021\000h""\000\000\000\000 \033\000\000\000&\002\023\305\037\330\356GuH\375\327!\255\371\r\231\262R\256J\034\222\241\355X\265E\241^W\225\304\014\361CX-}\351f\032\255\274\334m\326c\017\014ao[\342\230\003\245\245\3341Hm\326^\017jy\335\261\032Yt\320\244{g\0306\\302\303*\341\215\223\257\364\277o\375\000r\241SOq\221\253\262\005\017\375T\356\014\360o'\030\311-\267\031\257!\031T\006><\315XM\334\324\345\034\000\325\367\240\271\013\265\024\321\362\354\211\250.\234s\225amc\305\035\366\276\037nD\277`\210\223N\3535\033\261\304f\331]\036\237\306o!\223\221\002\324\031\262\240R\177 ,\214\325\Q])\016\2067\277\t\354\010\000\360\215\2502\265\245\310\226\243c\302Ze\306\253#r\020\211\320iG\276\020E\317\035Sf\223F\254\033@\177e\277\016\010u\327\371&\262\312\317Q\2361t\377x\234\001v\003%\030\325_\225g\204\346a=\225\273\331\354\365*U\363\263N\367b\371\244\314-w\363\262\225Z\200\206\235\233\257?sE\2674\254\326mU\377?\177Ek\336\030!\316Aa\225\303\022\377{\210Y\226\271as\354L\035\004\341\361\035\301\024\220m#*\372\032\3178~\374\250\014*\323\342'z69\220\327\256\351G\367\317u\302\207\270b\315\333\333\334\310I\323&\014\352XZnW2.\335\347\202\021\247\362\212e\034\000\001\250\220\305;a\314\265R\310\017\317\331\235\360\262\240:\277\202\266\354\265X""\022\nh\252\352w\204\203\023]\001f\352\277\0031Q]\362\370R\350{\261\202\240\344\215\201\353\276\322p5p\350\354\017>\250r\241c\273\016\301\024\363\242\247\263\231\370\344\nBW\220K\316@3\243\200\036wk\253GSlU\010\360\231>\331\263H\214\324\030A\225\301o\346pkSF\004\241\213w9\223=\250\262*+\255\351r\265\244c\024\213\t\007`\223\325#\3477\210\345P\306\013\320\252[\0216+\227=`\371P\314\346 V7\271[~\n\237\274|\347\352@K\253~&\260\032\024\004B\200\255h\351\013\361\031:nG\211\005|\2003\266\274\251,W\006u\344\335d\003\306\212\313,\340\350bG\n\030Z\2732-\246\312\255\030\003\235207\005}D\260\0261ah\322M\304\216\273m0\271\234\237\007<w$\265C\245\232\033\023\313c\321B\032l\301h\005\320\252\301\361(\330[\343\357\343{\235\n\266g\272>\177\317\347\261qb&\270&\346ju\200\363N\320\307\004\034\001n\317\361\2653\254\2503\247\305\372\316W\022O\253x\250\025\373\247\354Tc\304\263\243^\352Gv\\264\261\r\035\226\306\2411\351\233\203\215\200$\231\300f\220\371c@\017\254\363\\371\340\340VaR\205~^\226\342t\360\022\204d\231\205)\272\364?\361!\334\331\315\254\230\rBG\314\023\246\244=\351\177\254\302b&\276+H;0\312\021&\275\036\237\350R\313\206R\331\304k\323u\263t\221\213yC\241\217A\242\027g\322\241'\212.E?B_\316\327\217J +\370\t^b\005\020\003\211\373\247|hC\271Nmk~J\270EU\274\036-\347\240\312FA\321\341bca\253\025\321\311\317\021\375\317\217\n\272\033o\353G>\275\361H\265\240\232um""\317\324`\214\221\314\000\211K\223+(""\200i \311\372g\254\343ZR0\224\275q\252\357\213\263\206N\357&Q\217\267\303\356I\236\357\264\311b\037\366\035\253\343\311\265\240\327q\206f\262ODi\215-\363>\034\236l\273\005G\316F\217}[\036\007\270:\260\335\271B\241N\345\330\204\327f\361\272Kb\0377p\334\264\237\177~\330]\252+:\317u\302h\n\351\n\364\231\277R\371\356\033y\265v\360Ny\246\332qY\262\231\251\n\305\334\202\305\362\n\367@k\231\016R:\327\242\366\242\253LZY\223$Gw^\203\302\311\316I7\371tTwp}\005|\372\214\251{R`\230V\244-\326I\351\255\325i\335\377\321\353\327\331\302\023\347y\016\263\271\317\306\017UV\314qu?\0064A\315{3D\010\016S\212\2353k0\361\214ID\303g\277\010Y_\001~\021\333\370\255\374\\331\306\255\336)\365Rth\024\t\300.M\315\321S\257\224\252\362\326P\316\303%nX\3742\333\036\004Y\264yG^\234\177\214\305q\237\274G\300a4\275\240s\215\222\210\016\020G\344=-:GK\312\035\271\201\350\376F\260G\347\000\235\365P6pmH\033\373\212c\377o\232\356\320D\002\277,]os{\354/?\312e\006\264\227\2326\315\307\363\323\325\303\032N\256*\307\327 \235\332\207u\210\271\257\306g\231i*\260\326k\001"";   nodeid: ""\260\000\000\000\000\000\000\000\000\000\000\000\000\000\000\000\000\000\000\000\000\000\000\000\000\000\000\000\000\000\000\000\001""; }; "
1750527657621,1750527657621,0,1,4,3,TMStatusChange,"newEvent: neACCEPTED_LEDGER; ledgerSeq: 39; ledgerHash: ""wda\001\023\375\316\025\254\321\244\370+Y`\220\270\254\2601E[FI\310\235<qI \356\032""; ledgerHashPrevious: ""\347\000\235\365P6pmH\033\373\212c\377o\232\356\320D\002\277,]os{\354/?\312e\006""; networkTime: 803842857; firstSeq: 1; lastSeq: 38; ","newEvent: neACCEPTED_LEDGER; ledgerSeq: 39; ledgerHash: ""wda\001\023\375\316\025\254\321\244\370+Y`\220\270\254\2601E[FI\310\235<qI \356\032""; ledgerHashPrevious: ""\347\000\235\365P6pmH\033\373\212c\377o\232\356\320D\002\277,]os{\354/?\312e\006""; networkTime: 803842857; firstSeq: 1; lastSeq: 38; "
1750527657622,1750527657622,0,1,4,1,TMStatusChange,"newEvent: neACCEPTED_LEDGER; ledgerSeq: 39; ledgerHash: ""wda\001\023\375\316\025\254\321\244\370+Y`\220\270\254\2601E[FI\310\235<qI \356\032""; ledgerHashPrevious: ""\347\000\235\365P6pmH\033\373\212c\377o\232\356\320D\002\277,]os{\354/?\312e\006""; networkTime: 803842857; firstSeq: 1; lastSeq: 38; ","newEvent: neACCEPTED_LEDGER; ledgerSeq: 39; ledgerHash: ""wda\001\023\375\316\025\254\321\244\370+Y`\220\270\254\2601E[FI\310\235<qI \356\032""; ledgerHashPrevious: ""\347\000\235\365P6pmH\033\373\212c\377o\232\356\320D\002\277,]os{\354/?\312e\006""; networkTime: 803842857; firstSeq: 1; lastSeq: 38; "
1750527657622,1750527657622,0,1,4,2,TMStatusChange,"newEvent: neACCEPTED_LEDGER; ledgerSeq: 39; ledgerHash: ""wda\001\023\375\316\025\254\321\244\370+Y`\220\270\254\2601E[FI\310\235<qI \356\032""; ledgerHashPrevious: ""\347\000\235\365P6pmH\033\373\212c\377o\232\356\320D\002\277,]os{\354/?\312e\006""; networkTime: 803842857; firstSeq: 1; lastSeq: 38; ","newEvent: neACCEPTED_LEDGER; ledgerSeq: 39; ledgerHash: ""wda\001\023\375\316\025\254\321\244\370+Y`\220\270\254\2601E[FI\310\235<qI \356\032""; ledgerHashPrevious: ""\347\000\235\365P6pmH\033\373\212c\377o\232\356\320D\002\277,]os{\354/?\312e\006""; networkTime: 803842857; firstSeq: 1; lastSeq: 38; "
1750527657622,1750527657622,0,1,4,0,TMStatusChange,"newEvent: neACCEPTED_LEDGER; ledgerSeq: 39; ledgerHash: ""wda\001\023\375\316\025\254\321\244\370+Y`\220\270\254\2601E[FI\310\235<qI \356\032""; ledgerHashPrevious: ""\347\000\235\365P6pmH\033\373\212c\377o\232\356\320D\002\277,]os{\354/?\312e\006""; networkTime: 803842857; firstSeq: 1; lastSeq: 38; ","newEvent: neACCEPTED_LEDGER; ledgerSeq: 39; ledgerHash: ""wda\001\023\375\316\025\254\321\244\370+Y`\220\270\254\2601E[FI\310\235<qI \356\032""; ledgerHashPrevious: ""\347\000\235\365P6pmH\033\373\212c\377o\232\356\320D\002\277,]os{\354/?\312e\006""; networkTime: 803842857; firstSeq: 1; lastSeq: 38; "
1750527657662,1750527657662,0,1,4,2,TMValidation,"validation: """"\200\000\000\001&\000\000\000')/\351\253):\r\302\353\023?\373\240rQwda\001\023\375\316\025\254\321\244\370+Y`\220\270\254\2601E[FI\310\235<qI \356\032P\027\000\000\000\000\000\000\000\000\000\000\000\000\000\000\000\000\000\000\000\000\000\000\000\000\000\000\000\000\000\000\000\000P\031\347\000\235\365P6pmH\033\373\212c\377o\232\356\320D\002\277,]os{\354/?\312e\006s!\003R7o\362bV\300hf\266\241;}\200^\374\240\203[:\342Q\225\221\027y\372\255\235\216\323~vF0D\002 jj\037\0348!S\324R\361\\262\304n)\326\250\013\224\366\330\350\327\212Y\263\305uG\232J\234\002 [c\2631\225\377*(d\227\024\222\232\255^\225\243\310|\220\302\020\245""\345\227'w\255D4\235""; ","validation: """"\200\000\000\001&\000\000\000')/\351\253):\r\302\353\023?\373\240rQwda\001\023\375\316\025\254\321\244\370+Y`\220\270\254\2601E[FI\310\235<qI \356\032P\027\000\000\000\000\000\000\000\000\000\000\000\000\000\000\000\000\000\000\000\000\000\000\000\000\000\000\000\000\000\000\000\000P\031\347\000\235\365P6pmH\033\373\212c\377o\232\356\320D\002\277,]os{\354/?\312e\006s!\003R7o\362bV\300hf\266\241;}\200^\374\240\203[:\342Q\225\221\027y\372\255\235\216\323~vF0D\002 jj\037\0348!S\324R\361\\262\304n)\326\250\013\224\366\330\350\327\212Y\263\305uG\232J\234\002 [c\2631\225\377*(d\227\024\222\232\255^\225\243\310|\220\302\020\245""\345\227'w\255D4\235""; "
1750527657662,1750527657662,0,1,4,3,TMValidation,"validation: """"\200\000\000\001&\000\000\000')/\351\253):\r\302\353\023?\373\240rQwda\001\023\375\316\025\254\321\244\370+Y`\220\270\254\2601E[FI\310\235<qI \356\032P\027\000\000\000\000\000\000\000\000\000\000\000\000\000\000\000\000\000\000\000\000\000\000\000\000\000\000\000\000\000\000\000\000P\031\347\000\235\365P6pmH\033\373\212c\377o\232\356\320D\002\277,]os{\354/?\312e\006s!\003R7o\362bV\300hf\266\241;}\200^\374\240\203[:\342Q\225\221\027y\372\255\235\216\323~vF0D\002 jj\037\0348!S\324R\361\\262\304n)\326\250\013\224\366\330\350\327\212Y\263\305uG\232J\234\002 [c\2631\225\377*(d\227\024\222\232\255^\225\243\310|\220\302\020\245""\345\227'w\255D4\235""; ","validation: """"\200\000\000\001&\000\000\000')/\351\253):\r\302\353\023?\373\240rQwda\001\023\375\316\025\254\321\244\370+Y`\220\270\254\2601E[FI\310\235<qI \356\032P\027\000\000\000\000\000\000\000\000\000\000\000\000\000\000\000\000\000\000\000\000\000\000\000\000\000\000\000\000\000\000\000\000P\031\347\000\235\365P6pmH\033\373\212c\377o\232\356\320D\002\277,]os{\354/?\312e\006s!\003R7o\362bV\300hf\266\241;}\200^\374\240\203[:\342Q\225\221\027y\372\255\235\216\323~vF0D\002 jj\037\0348!S\324R\361\\262\304n)\326\250\013\224\366\330\350\327\212Y\263\305uG\232J\234\002 [c\2631\225\377*(d\227\024\222\232\255^\225\243\310|\220\302\020\245""\345\227'w\255D4\235""; "
1750527657663,1750527657663,0,1,4,1,TMValidation,"validation: """"\200\000\000\001&\000\000\000')/\351\253):\r\302\353\023?\373\240rQwda\001\023\375\316\025\254\321\244\370+Y`\220\270\254\2601E[FI\310\235<qI \356\032P\027\000\000\000\000\000\000\000\000\000\000\000\000\000\000\000\000\000\000\000\000\000\000\000\000\000\000\000\000\000\000\000\000P\031\347\000\235\365P6pmH\033\373\212c\377o\232\356\320D\002\277,]os{\354/?\312e\006s!\003R7o\362bV\300hf\266\241;}\200^\374\240\203[:\342Q\225\221\027y\372\255\235\216\323~vF0D\002 jj\037\0348!S\324R\361\\262\304n)\326\250\013\224\366\330\350\327\212Y\263\305uG\232J\234\002 [c\2631\225\377*(d\227\024\222\232\255^\225\243\310|\220\302\020\245""\345\227'w\255D4\235""; ","validation: """"\200\000\000\001&\000\000\000')/\351\253):\r\302\353\023?\373\240rQwda\001\023\375\316\025\254\321\244\370+Y`\220\270\254\2601E[FI\310\235<qI \356\032P\027\000\000\000\000\000\000\000\000\000\000\000\000\000\000\000\000\000\000\000\000\000\000\000\000\000\000\000\000\000\000\000\000P\031\347\000\235\365P6pmH\033\373\212c\377o\232\356\320D\002\277,]os{\354/?\312e\006s!\003R7o\362bV\300hf\266\241;}\200^\374\240\203[:\342Q\225\221\027y\372\255\235\216\323~vF0D\002 jj\037\0348!S\324R\361\\262\304n)\326\250\013\224\366\330\350\327\212Y\263\305uG\232J\234\002 [c\2631\225\377*(d\227\024\222\232\255^\225\243\310|\220\302\020\245""\345\227'w\255D4\235""; "
1750527657663,1750527657663,0,1,4,0,TMValidation,"validation: """"\200\000\000\001&\000\000\000')/\351\253):\r\302\353\023?\373\240rQwda\001\023\375\316\025\254\321\244\370+Y`\220\270\254\2601E[FI\310\235<qI \356\032P\027\000\000\000\000\000\000\000\000\000\000\000\000\000\000\000\000\000\000\000\000\000\000\000\000\000\000\000\000\000\000\000\000P\031\347\000\235\365P6pmH\033\373\212c\377o\232\356\320D\002\277,]os{\354/?\312e\006s!\003R7o\362bV\300hf\266\241;}\200^\374\240\203[:\342Q\225\221\027y\372\255\235\216\323~vF0D\002 jj\037\0348!S\324R\361\\262\304n)\326\250\013\224\366\330\350\327\212Y\263\305uG\232J\234\002 [c\2631\225\377*(d\227\024\222\232\255^\225\243\310|\220\302\020\245""\345\227'w\255D4\235""; ","validation: """"\200\000\000\001&\000\000\000')/\351\253):\r\302\353\023?\373\240rQwda\001\023\375\316\025\254\321\244\370+Y`\220\270\254\2601E[FI\310\235<qI \356\032P\027\000\000\000\000\000\000\000\000\000\000\000\000\000\000\000\000\000\000\000\000\000\000\000\000\000\000\000\000\000\000\000\000P\031\347\000\235\365P6pmH\033\373\212c\377o\232\356\320D\002\277,]os{\354/?\312e\006s!\003R7o\362bV\300hf\266\241;}\200^\374\240\203[:\342Q\225\221\027y\372\255\235\216\323~vF0D\002 jj\037\0348!S\324R\361\\262\304n)\326\250\013\224\366\330\350\327\212Y\263\305uG\232J\234\002 [c\2631\225\377*(d\227\024\222\232\255^\225\243\310|\220\302\020\245""\345\227'w\255D4\235""; "
1750527657665,1750527657665,0,1,2,1,TMValidation,"validation: """"\200\000\000\001&\000\000\000')/\351\253):\r\302\353\023?\373\240rQwda\001\023\375\316\025\254\321\244\370+Y`\220\270\254\2601E[FI\310\235<qI \356\032P\027\000\000\000\000\000\000\000\000\000\000\000\000\000\000\000\000\000\000\000\000\000\000\000\000\000\000\000\000\000\000\000\000P\031\347\000\235\365P6pmH\033\373\212c\377o\232\356\320D\002\277,]os{\354/?\312e\006s!\003R7o\362bV\300hf\266\241;}\200^\374\240\203[:\342Q\225\221\027y\372\255\235\216\323~vF0D\002 jj\037\0348!S\324R\361\\262\304n)\326\250\013\224\366\330\350\327\212Y\263\305uG\232J\234\002 [c\2631\225\377*(d\227\024\222\232\255^\225\243\310|\220\302\020\245""\345\227'w\255D4\235""; ","validation: """"\200\000\000\001&\000\000\000')/\351\253):\r\302\353\023?\373\240rQwda\001\023\375\316\025\254\321\244\370+Y`\220\270\254\2601E[FI\310\235<qI \356\032P\027\000\000\000\000\000\000\000\000\000\000\000\000\000\000\000\000\000\000\000\000\000\000\000\000\000\000\000\000\000\000\000\000P\031\347\000\235\365P6pmH\033\373\212c\377o\232\356\320D\002\277,]os{\354/?\312e\006s!\003R7o\362bV\300hf\266\241;}\200^\374\240\203[:\342Q\225\221\027y\372\255\235\216\323~vF0D\002 jj\037\0348!S\324R\361\\262\304n)\326\250\013\224\366\330\350\327\212Y\263\305uG\232J\234\002 [c\2631\225\377*(d\227\024\222\232\255^\225\243\310|\220\302\020\245""\345\227'w\255D4\235""; "
1750527657666,1750527657666,0,1,2,3,TMValidation,"validation: """"\200\000\000\001&\000\000\000')/\351\253):\r\302\353\023?\373\240rQwda\001\023\375\316\025\254\321\244\370+Y`\220\270\254\2601E[FI\310\235<qI \356\032P\027\000\000\000\000\000\000\000\000\000\000\000\000\000\000\000\000\000\000\000\000\000\000\000\000\000\000\000\000\000\000\000\000P\031\347\000\235\365P6pmH\033\373\212c\377o\232\356\320D\002\277,]os{\354/?\312e\006s!\003R7o\362bV\300hf\266\241;}\200^\374\240\203[:\342Q\225\221\027y\372\255\235\216\323~vF0D\002 jj\037\0348!S\324R\361\\262\304n)\326\250\013\224\366\330\350\327\212Y\263\305uG\232J\234\002 [c\2631\225\377*(d\227\024\222\232\255^\225\243\310|\220\302\020\245""\345\227'w\255D4\235""; ","validation: """"\200\000\000\001&\000\000\000')/\351\253):\r\302\353\023?\373\240rQwda\001\023\375\316\025\254\321\244\370+Y`\220\270\254\2601E[FI\310\235<qI \356\032P\027\000\000\000\000\000\000\000\000\000\000\000\000\000\000\000\000\000\000\000\000\000\000\000\000\000\000\000\000\000\000\000\000P\031\347\000\235\365P6pmH\033\373\212c\377o\232\356\320D\002\277,]os{\354/?\312e\006s!\003R7o\362bV\300hf\266\241;}\200^\374\240\203[:\342Q\225\221\027y\372\255\235\216\323~vF0D\002 jj\037\0348!S\324R\361\\262\304n)\326\250\013\224\366\330\350\327\212Y\263\305uG\232J\234\002 [c\2631\225\377*(d\227\024\222\232\255^\225\243\310|\220\302\020\245""\345\227'w\255D4\235""; "
1750527657668,1750527657668,0,1,3,1,TMValidation,"validation: """"\200\000\000\001&\000\000\000')/\351\253):\r\302\353\023?\373\240rQwda\001\023\375\316\025\254\321\244\370+Y`\220\270\254\2601E[FI\310\235<qI \356\032P\027\000\000\000\000\000\000\000\000\000\000\000\000\000\000\000\000\000\000\000\000\000\000\000\000\000\000\000\000\000\000\000\000P\031\347\000\235\365P6pmH\033\373\212c\377o\232\356\320D\002\277,]os{\354/?\312e\006s!\003R7o\362bV\300hf\266\241;}\200^\374\240\203[:\342Q\225\221\027y\372\255\235\216\323~vF0D\002 jj\037\0348!S\324R\361\\262\304n)\326\250\013\224\366\330\350\327\212Y\263\305uG\232J\234\002 [c\2631\225\377*(d\227\024\222\232\255^\225\243\310|\220\302\020\245""\345\227'w\255D4\235""; ","validation: """"\200\000\000\001&\000\000\000')/\351\253):\r\302\353\023?\373\240rQwda\001\023\375\316\025\254\321\244\370+Y`\220\270\254\2601E[FI\310\235<qI \356\032P\027\000\000\000\000\000\000\000\000\000\000\000\000\000\000\000\000\000\000\000\000\000\000\000\000\000\000\000\000\000\000\000\000P\031\347\000\235\365P6pmH\033\373\212c\377o\232\356\320D\002\277,]os{\354/?\312e\006s!\003R7o\362bV\300hf\266\241;}\200^\374\240\203[:\342Q\225\221\027y\372\255\235\216\323~vF0D\002 jj\037\0348!S\324R\361\\262\304n)\326\250\013\224\366\330\350\327\212Y\263\305uG\232J\234\002 [c\2631\225\377*(d\227\024\222\232\255^\225\243\310|\220\302\020\245""\345\227'w\255D4\235""; "
1750527657667,1750527657667,0,1,3,2,TMValidation,"validation: """"\200\000\000\001&\000\000\000')/\351\253):\r\302\353\023?\373\240rQwda\001\023\375\316\025\254\321\244\370+Y`\220\270\254\2601E[FI\310\235<qI \356\032P\027\000\000\000\000\000\000\000\000\000\000\000\000\000\000\000\000\000\000\000\000\000\000\000\000\000\000\000\000\000\000\000\000P\031\347\000\235\365P6pmH\033\373\212c\377o\232\356\320D\002\277,]os{\354/?\312e\006s!\003R7o\362bV\300hf\266\241;}\200^\374\240\203[:\342Q\225\221\027y\372\255\235\216\323~vF0D\002 jj\037\0348!S\324R\361\\262\304n)\326\250\013\224\366\330\350\327\212Y\263\305uG\232J\234\002 [c\2631\225\377*(d\227\024\222\232\255^\225\243\310|\220\302\020\245""\345\227'w\255D4\235""; ","validation: """"\200\000\000\001&\000\000\000')/\351\253):\r\302\353\023?\373\240rQwda\001\023\375\316\025\254\321\244\370+Y`\220\270\254\2601E[FI\310\235<qI \356\032P\027\000\000\000\000\000\000\000\000\000\000\000\000\000\000\000\000\000\000\000\000\000\000\000\000\000\000\000\000\000\000\000\000P\031\347\000\235\365P6pmH\033\373\212c\377o\232\356\320D\002\277,]os{\354/?\312e\006s!\003R7o\362bV\300hf\266\241;}\200^\374\240\203[:\342Q\225\221\027y\372\255\235\216\323~vF0D\002 jj\037\0348!S\324R\361\\262\304n)\326\250\013\224\366\330\350\327\212Y\263\305uG\232J\234\002 [c\2631\225\377*(d\227\024\222\232\255^\225\243\310|\220\302\020\245""\345\227'w\255D4\235""; "
1750527657666,1750527657667,0,1,2,0,TMValidation,"validation: """"\200\000\000\001&\000\000\000')/\351\253):\r\302\353\023?\373\240rQwda\001\023\375\316\025\254\321\244\370+Y`\220\270\254\2601E[FI\310\235<qI \356\032P\027\000\000\000\000\000\000\000\000\000\000\000\000\000\000\000\000\000\000\000\000\000\000\000\000\000\000\000\000\000\000\000\000P\031\347\000\235\365P6pmH\033\373\212c\377o\232\356\320D\002\277,]os{\354/?\312e\006s!\003R7o\362bV\300hf\266\241;}\200^\374\240\203[:\342Q\225\221\027y\372\255\235\216\323~vF0D\002 jj\037\0348!S\324R\361\\262\304n)\326\250\013\224\366\330\350\327\212Y\263\305uG\232J\234\002 [c\2631\225\377*(d\227\024\222\232\255^\225\243\310|\220\302\020\245""\345\227'w\255D4\235""; ","validation: """"\200\000\000\001&\000\000\000')/\351\253):\r\302\353\023?\373\240rQwda\001\023\375\316\025\254\321\244\370+Y`\220\270\254\2601E[FI\310\235<qI \356\032P\027\000\000\000\000\000\000\000\000\000\000\000\000\000\000\000\000\000\000\000\000\000\000\000\000\000\000\000\000\000\000\000\000P\031\347\000\235\365P6pmH\033\373\212c\377o\232\356\320D\002\277,]os{\354/?\312e\006s!\003R7o\362bV\300hf\266\241;}\200^\374\240\203[:\342Q\225\221\027y\372\255\235\216\323~vF0D\002 jj\037\0348!S\324R\361\\262\304n)\326\250\013\224\366\330\350\327\212Y\263\305uG\232J\234\002 [c\2631\225\377*(d\227\024\222\232\255^\225\243\310|\220\302\020\245""\345\227'w\255D4\235""; "
1750527657669,1750527657669,0,1,3,0,TMValidation,"validation: """"\200\000\000\001&\000\000\000')/\351\253):\r\302\353\023?\373\240rQwda\001\023\375\316\025\254\321\244\370+Y`\220\270\254\2601E[FI\310\235<qI \356\032P\027\000\000\000\000\000\000\000\000\000\000\000\000\000\000\000\000\000\000\000\000\000\000\000\000\000\000\000\000\000\000\000\000P\031\347\000\235\365P6pmH\033\373\212c\377o\232\356\320D\002\277,]os{\354/?\312e\006s!\003R7o\362bV\300hf\266\241;}\200^\374\240\203[:\342Q\225\221\027y\372\255\235\216\323~vF0D\002 jj\037\0348!S\324R\361\\262\304n)\326\250\013\224\366\330\350\327\212Y\263\305uG\232J\234\002 [c\2631\225\377*(d\227\024\222\232\255^\225\243\310|\220\302\020\245""\345\227'w\255D4\235""; ","validation: """"\200\000\000\001&\000\000\000')/\351\253):\r\302\353\023?\373\240rQwda\001\023\375\316\025\254\321\244\370+Y`\220\270\254\2601E[FI\310\235<qI \356\032P\027\000\000\000\000\000\000\000\000\000\000\000\000\000\000\000\000\000\000\000\000\000\000\000\000\000\000\000\000\000\000\000\000P\031\347\000\235\365P6pmH\033\373\212c\377o\232\356\320D\002\277,]os{\354/?\312e\006s!\003R7o\362bV\300hf\266\241;}\200^\374\240\203[:\342Q\225\221\027y\372\255\235\216\323~vF0D\002 jj\037\0348!S\324R\361\\262\304n)\326\250\013\224\366\330\350\327\212Y\263\305uG\232J\234\002 [c\2631\225\377*(d\227\024\222\232\255^\225\243\310|\220\302\020\245""\345\227'w\255D4\235""; "
1750527657669,1750527657669,0,1,1,3,TMValidation,"validation: """"\200\000\000\001&\000\000\000')/\351\253):\r\302\353\023?\373\240rQwda\001\023\375\316\025\254\321\244\370+Y`\220\270\254\2601E[FI\310\235<qI \356\032P\027\000\000\000\000\000\000\000\000\000\000\000\000\000\000\000\000\000\000\000\000\000\000\000\000\000\000\000\000\000\000\000\000P\031\347\000\235\365P6pmH\033\373\212c\377o\232\356\320D\002\277,]os{\354/?\312e\006s!\003R7o\362bV\300hf\266\241;}\200^\374\240\203[:\342Q\225\221\027y\372\255\235\216\323~vF0D\002 jj\037\0348!S\324R\361\\262\304n)\326\250\013\224\366\330\350\327\212Y\263\305uG\232J\234\002 [c\2631\225\377*(d\227\024\222\232\255^\225\243\310|\220\302\020\245""\345\227'w\255D4\235""; ","validation: """"\200\000\000\001&\000\000\000')/\351\253):\r\302\353\023?\373\240rQwda\001\023\375\316\025\254\321\244\370+Y`\220\270\254\2601E[FI\310\235<qI \356\032P\027\000\000\000\000\000\000\000\000\000\000\000\000\000\000\000\000\000\000\000\000\000\000\000\000\000\000\000\000\000\000\000\000P\031\347\000\235\365P6pmH\033\373\212c\377o\232\356\320D\002\277,]os{\354/?\312e\006s!\003R7o\362bV\300hf\266\241;}\200^\374\240\203[:\342Q\225\221\027y\372\255\235\216\323~vF0D\002 jj\037\0348!S\324R\361\\262\304n)\326\250\013\224\366\330\350\327\212Y\263\305uG\232J\234\002 [c\2631\225\377*(d\227\024\222\232\255^\225\243\310|\220\302\020\245""\345\227'w\255D4\235""; "
1750527657670,1750527657670,0,1,1,2,TMValidation,"validation: """"\200\000\000\001&\000\000\000')/\351\253):\r\302\353\023?\373\240rQwda\001\023\375\316\025\254\321\244\370+Y`\220\270\254\2601E[FI\310\235<qI \356\032P\027\000\000\000\000\000\000\000\000\000\000\000\000\000\000\000\000\000\000\000\000\000\000\000\000\000\000\000\000\000\000\000\000P\031\347\000\235\365P6pmH\033\373\212c\377o\232\356\320D\002\277,]os{\354/?\312e\006s!\003R7o\362bV\300hf\266\241;}\200^\374\240\203[:\342Q\225\221\027y\372\255\235\216\323~vF0D\002 jj\037\0348!S\324R\361\\262\304n)\326\250\013\224\366\330\350\327\212Y\263\305uG\232J\234\002 [c\2631\225\377*(d\227\024\222\232\255^\225\243\310|\220\302\020\245""\345\227'w\255D4\235""; ","validation: """"\200\000\000\001&\000\000\000')/\351\253):\r\302\353\023?\373\240rQwda\001\023\375\316\025\254\321\244\370+Y`\220\270\254\2601E[FI\310\235<qI \356\032P\027\000\000\000\000\000\000\000\000\000\000\000\000\000\000\000\000\000\000\000\000\000\000\000\000\000\000\000\000\000\000\000\000P\031\347\000\235\365P6pmH\033\373\212c\377o\232\356\320D\002\277,]os{\354/?\312e\006s!\003R7o\362bV\300hf\266\241;}\200^\374\240\203[:\342Q\225\221\027y\372\255\235\216\323~vF0D\002 jj\037\0348!S\324R\361\\262\304n)\326\250\013\224\366\330\350\327\212Y\263\305uG\232J\234\002 [c\2631\225\377*(d\227\024\222\232\255^\225\243\310|\220\302\020\245""\345\227'w\255D4\235""; "
1750527657670,1750527657670,0,1,1,0,TMValidation,"validation: """"\200\000\000\001&\000\000\000')/\351\253):\r\302\353\023?\373\240rQwda\001\023\375\316\025\254\321\244\370+Y`\220\270\254\2601E[FI\310\235<qI \356\032P\027\000\000\000\000\000\000\000\000\000\000\000\000\000\000\000\000\000\000\000\000\000\000\000\000\000\000\000\000\000\000\000\000P\031\347\000\235\365P6pmH\033\373\212c\377o\232\356\320D\002\277,]os{\354/?\312e\006s!\003R7o\362bV\300hf\266\241;}\200^\374\240\203[:\342Q\225\221\027y\372\255\235\216\323~vF0D\002 jj\037\0348!S\324R\361\\262\304n)\326\250\013\224\366\330\350\327\212Y\263\305uG\232J\234\002 [c\2631\225\377*(d\227\024\222\232\255^\225\243\310|\220\302\020\245""\345\227'w\255D4\235""; ","validation: """"\200\000\000\001&\000\000\000')/\351\253):\r\302\353\023?\373\240rQwda\001\023\375\316\025\254\321\244\370+Y`\220\270\254\2601E[FI\310\235<qI \356\032P\027\000\000\000\000\000\000\000\000\000\000\000\000\000\000\000\000\000\000\000\000\000\000\000\000\000\000\000\000\000\000\000\000P\031\347\000\235\365P6pmH\033\373\212c\377o\232\356\320D\002\277,]os{\354/?\312e\006s!\003R7o\362bV\300hf\266\241;}\200^\374\240\203[:\342Q\225\221\027y\372\255\235\216\323~vF0D\002 jj\037\0348!S\324R\361\\262\304n)\326\250\013\224\366\330\350\327\212Y\263\305uG\232J\234\002 [c\2631\225\377*(d\227\024\222\232\255^\225\243\310|\220\302\020\245""\345\227'w\255D4\235""; "
1750527657671,1750527657671,0,1,0,3,TMValidation,"validation: """"\200\000\000\001&\000\000\000')/\351\253):\r\302\353\023?\373\240rQwda\001\023\375\316\025\254\321\244\370+Y`\220\270\254\2601E[FI\310\235<qI \356\032P\027\000\000\000\000\000\000\000\000\000\000\000\000\000\000\000\000\000\000\000\000\000\000\000\000\000\000\000\000\000\000\000\000P\031\347\000\235\365P6pmH\033\373\212c\377o\232\356\320D\002\277,]os{\354/?\312e\006s!\003R7o\362bV\300hf\266\241;}\200^\374\240\203[:\342Q\225\221\027y\372\255\235\216\323~vF0D\002 jj\037\0348!S\324R\361\\262\304n)\326\250\013\224\366\330\350\327\212Y\263\305uG\232J\234\002 [c\2631\225\377*(d\227\024\222\232\255^\225\243\310|\220\302\020\245""\345\227'w\255D4\235""; ","validation: """"\200\000\000\001&\000\000\000')/\351\253):\r\302\353\023?\373\240rQwda\001\023\375\316\025\254\321\244\370+Y`\220\270\254\2601E[FI\310\235<qI \356\032P\027\000\000\000\000\000\000\000\000\000\000\000\000\000\000\000\000\000\000\000\000\000\000\000\000\000\000\000\000\000\000\000\000P\031\347\000\235\365P6pmH\033\373\212c\377o\232\356\320D\002\277,]os{\354/?\312e\006s!\003R7o\362bV\300hf\266\241;}\200^\374\240\203[:\342Q\225\221\027y\372\255\235\216\323~vF0D\002 jj\037\0348!S\324R\361\\262\304n)\326\250\013\224\366\330\350\327\212Y\263\305uG\232J\234\002 [c\2631\225\377*(d\227\024\222\232\255^\225\243\310|\220\302\020\245""\345\227'w\255D4\235""; "
1750527657671,1750527657671,0,1,0,2,TMValidation,"validation: """"\200\000\000\001&\000\000\000')/\351\253):\r\302\353\023?\373\240rQwda\001\023\375\316\025\254\321\244\370+Y`\220\270\254\2601E[FI\310\235<qI \356\032P\027\000\000\000\000\000\000\000\000\000\000\000\000\000\000\000\000\000\000\000\000\000\000\000\000\000\000\000\000\000\000\000\000P\031\347\000\235\365P6pmH\033\373\212c\377o\232\356\320D\002\277,]os{\354/?\312e\006s!\003R7o\362bV\300hf\266\241;}\200^\374\240\203[:\342Q\225\221\027y\372\255\235\216\323~vF0D\002 jj\037\0348!S\324R\361\\262\304n)\326\250\013\224\366\330\350\327\212Y\263\305uG\232J\234\002 [c\2631\225\377*(d\227\024\222\232\255^\225\243\310|\220\302\020\245""\345\227'w\255D4\235""; ","validation: """"\200\000\000\001&\000\000\000')/\351\253):\r\302\353\023?\373\240rQwda\001\023\375\316\025\254\321\244\370+Y`\220\270\254\2601E[FI\310\235<qI \356\032P\027\000\000\000\000\000\000\000\000\000\000\000\000\000\000\000\000\000\000\000\000\000\000\000\000\000\000\000\000\000\000\000\000P\031\347\000\235\365P6pmH\033\373\212c\377o\232\356\320D\002\277,]os{\354/?\312e\006s!\003R7o\362bV\300hf\266\241;}\200^\374\240\203[:\342Q\225\221\027y\372\255\235\216\323~vF0D\002 jj\037\0348!S\324R\361\\262\304n)\326\250\013\224\366\330\350\327\212Y\263\305uG\232J\234\002 [c\2631\225\377*(d\227\024\222\232\255^\225\243\310|\220\302\020\245""\345\227'w\255D4\235""; "
1750527657671,1750527657671,0,1,0,1,TMValidation,"validation: """"\200\000\000\001&\000\000\000')/\351\253):\r\302\353\023?\373\240rQwda\001\023\375\316\025\254\321\244\370+Y`\220\270\254\2601E[FI\310\235<qI \356\032P\027\000\000\000\000\000\000\000\000\000\000\000\000\000\000\000\000\000\000\000\000\000\000\000\000\000\000\000\000\000\000\000\000P\031\347\000\235\365P6pmH\033\373\212c\377o\232\356\320D\002\277,]os{\354/?\312e\006s!\003R7o\362bV\300hf\266\241;}\200^\374\240\203[:\342Q\225\221\027y\372\255\235\216\323~vF0D\002 jj\037\0348!S\324R\361\\262\304n)\326\250\013\224\366\330\350\327\212Y\263\305uG\232J\234\002 [c\2631\225\377*(d\227\024\222\232\255^\225\243\310|\220\302\020\245""\345\227'w\255D4\235""; ","validation: """"\200\000\000\001&\000\000\000')/\351\253):\r\302\353\023?\373\240rQwda\001\023\375\316\025\254\321\244\370+Y`\220\270\254\2601E[FI\310\235<qI \356\032P\027\000\000\000\000\000\000\000\000\000\000\000\000\000\000\000\000\000\000\000\000\000\000\000\000\000\000\000\000\000\000\000\000P\031\347\000\235\365P6pmH\033\373\212c\377o\232\356\320D\002\277,]os{\354/?\312e\006s!\003R7o\362bV\300hf\266\241;}\200^\374\240\203[:\342Q\225\221\027y\372\255\235\216\323~vF0D\002 jj\037\0348!S\324R\361\\262\304n)\326\250\013\224\366\330\350\327\212Y\263\305uG\232J\234\002 [c\2631\225\377*(d\227\024\222\232\255^\225\243\310|\220\302\020\245""\345\227'w\255D4\235""; "
1750527658460,1750527658460,0,1,3,4,TMProposeSet,"proposeSeq: 0; currentTxHash: ""\000\000\000\000\000\000\000\000\000\000\000\000\000\000\000\000\000\000\000\000\000\000\000\000\000\000\000\000\000\000\000\000""; nodePubKey: ""\002\364d\217\366\217|\316F\232\231\241\n\261\333`\312O\367\235\025DD\336e\367\n\312\326\221\037\025\230""; closeTime: 803842858; signature: ""0E\002!\000\340TG\303ZD\332\246\2719\336\030\237\315\355!b\242\355\305He\265\343t \363\235D\242\243\027\002 %\327\215V\206$\trr\340\333\231\223\215\013\312o<j\r\210Cqu\211nm5\233\334d>""; previousledger: ""wda\001\023\375\316\025\254\321\244\370+Y`\220\270\254\2601E[FI\310\235<qI \356\032""; ","proposeSeq: 0; currentTxHash: ""\000\000\000\000\000\000\000\000\000\000\000\000\000\000\000\000\000\000\000\000\000\000\000\000\000\000\000\000\000\000\000\000""; nodePubKey: ""\002\364d\217\366\217|\316F\232\231\241\n\261\333`\312O\367\235\025DD\336e\367\n\312\326\221\037\025\230""; closeTime: 803842858; signature: ""0E\002!\000\340TG\303ZD\332\246\2719\336\030\237\315\355!b\242\355\305He\265\343t \363\235D\242\243\027\002 %\327\215V\206$\trr\340\333\231\223\215\013\312o<j\r\210Cqu\211nm5\233\334d>""; previousledger: ""wda\001\023\375\316\025\254\321\244\370+Y`\220\270\254\2601E[FI\310\235<qI \356\032""; "
1750527658462,1750527658463,0,1,4,1,TMProposeSet,"proposeSeq: 0; currentTxHash: ""\000\000\000\000\000\000\000\000\000\000\000\000\000\000\000\000\000\000\000\000\000\000\000\000\000\000\000\000\000\000\000\000""; nodePubKey: ""\002\364d\217\366\217|\316F\232\231\241\n\261\333`\312O\367\235\025DD\336e\367\n\312\326\221\037\025\230""; closeTime: 803842858; signature: ""0E\002!\000\340TG\303ZD\332\246\2719\336\030\237\315\355!b\242\355\305He\265\343t \363\235D\242\243\027\002 %\327\215V\206$\trr\340\333\231\223\215\013\312o<j\r\210Cqu\211nm5\233\334d>""; previousledger: ""wda\001\023\375\316\025\254\321\244\370+Y`\220\270\254\2601E[FI\310\235<qI \356\032""; ","proposeSeq: 0; currentTxHash: ""\000\000\000\000\000\000\000\000\000\000\000\000\000\000\000\000\000\000\000\000\000\000\000\000\000\000\000\000\000\000\000\000""; nodePubKey: ""\002\364d\217\366\217|\316F\232\231\241\n\261\333`\312O\367\235\025DD\336e\367\n\312\326\221\037\025\230""; closeTime: 803842858; signature: ""0E\002!\000\340TG\303ZD\332\246\2719\336\030\237\315\355!b\242\355\305He\265\343t \363\235D\242\243\027\002 %\327\215V\206$\trr\340\333\231\223\215\013\312o<j\r\210Cqu\211nm5\233\334d>""; previousledger: ""wda\001\023\375\316\025\254\321\244\370+Y`\220\270\254\2601E[FI\310\235<qI \356\032""; "
1750527658463,1750527658463,0,1,4,2,TMProposeSet,"proposeSeq: 0; currentTxHash: ""\000\000\000\000\000\000\000\000\000\000\000\000\000\000\000\000\000\000\000\000\000\000\000\000\000\000\000\000\000\000\000\000""; nodePubKey: ""\002\364d\217\366\217|\316F\232\231\241\n\261\333`\312O\367\235\025DD\336e\367\n\312\326\221\037\025\230""; closeTime: 803842858; signature: ""0E\002!\000\340TG\303ZD\332\246\2719\336\030\237\315\355!b\242\355\305He\265\343t \363\235D\242\243\027\002 %\327\215V\206$\trr\340\333\231\223\215\013\312o<j\r\210Cqu\211nm5\233\334d>""; previousledger: ""wda\001\023\375\316\025\254\321\244\370+Y`\220\270\254\2601E[FI\310\235<qI \356\032""; ","proposeSeq: 0; currentTxHash: ""\000\000\000\000\000\000\000\000\000\000\000\000\000\000\000\000\000\000\000\000\000\000\000\000\000\000\000\000\000\000\000\000""; nodePubKey: ""\002\364d\217\366\217|\316F\232\231\241\n\261\333`\312O\367\235\025DD\336e\367\n\312\326\221\037\025\230""; closeTime: 803842858; signature: ""0E\002!\000\340TG\303ZD\332\246\2719\336\030\237\315\355!b\242\355\305He\265\343t \363\235D\242\243\027\002 %\327\215V\206$\trr\340\333\231\223\215\013\312o<j\r\210Cqu\211nm5\233\334d>""; previousledger: ""wda\001\023\375\316\025\254\321\244\370+Y`\220\270\254\2601E[FI\310\235<qI \356\032""; "
1750527658463,1750527658463,0,1,4,0,TMProposeSet,"proposeSeq: 0; currentTxHash: ""\000\000\000\000\000\000\000\000\000\000\000\000\000\000\000\000\000\000\000\000\000\000\000\000\000\000\000\000\000\000\000\000""; nodePubKey: ""\002\364d\217\366\217|\316F\232\231\241\n\261\333`\312O\367\235\025DD\336e\367\n\312\326\221\037\025\230""; closeTime: 803842858; signature: ""0E\002!\000\340TG\303ZD\332\246\2719\336\030\237\315\355!b\242\355\305He\265\343t \363\235D\242\243\027\002 %\327\215V\206$\trr\340\333\231\223\215\013\312o<j\r\210Cqu\211nm5\233\334d>""; previousledger: ""wda\001\023\375\316\025\254\321\244\370+Y`\220\270\254\2601E[FI\310\235<qI \356\032""; ","proposeSeq: 0; currentTxHash: ""\000\000\000\000\000\000\000\000\000\000\000\000\000\000\000\000\000\000\000\000\000\000\000\000\000\000\000\000\000\000\000\000""; nodePubKey: ""\002\364d\217\366\217|\316F\232\231\241\n\261\333`\312O\367\235\025DD\336e\367\n\312\326\221\037\025\230""; closeTime: 803842858; signature: ""0E\002!\000\340TG\303ZD\332\246\2719\336\030\237\315\355!b\242\355\305He\265\343t \363\235D\242\243\027\002 %\327\215V\206$\trr\340\333\231\223\215\013\312o<j\r\210Cqu\211nm5\233\334d>""; previousledger: ""wda\001\023\375\316\025\254\321\244\370+Y`\220\270\254\2601E[FI\310\235<qI \356\032""; "
1750527658502,1750527658502,0,1,3,2,TMProposeSet,"proposeSeq: 0; currentTxHash: ""\000\000\000\000\000\000\000\000\000\000\000\000\000\000\000\000\000\000\000\000\000\000\000\000\000\000\000\000\000\000\000\000""; nodePubKey: ""\002\364d\217\366\217|\316F\232\231\241\n\261\333`\312O\367\235\025DD\336e\367\n\312\326\221\037\025\230""; closeTime: 803842858; signature: ""0E\002!\000\340TG\303ZD\332\246\2719\336\030\237\315\355!b\242\355\305He\265\343t \363\235D\242\243\027\002 %\327\215V\206$\trr\340\333\231\223\215\013\312o<j\r\210Cqu\211nm5\233\334d>""; previousledger: ""wda\001\023\375\316\025\254\321\244\370+Y`\220\270\254\2601E[FI\310\235<qI \356\032""; ","proposeSeq: 0; currentTxHash: ""\000\000\000\000\000\000\000\000\000\000\000\000\000\000\000\000\000\000\000\000\000\000\000\000\000\000\000\000\000\000\000\000""; nodePubKey: ""\002\364d\217\366\217|\316F\232\231\241\n\261\333`\312O\367\235\025DD\336e\367\n\312\326\221\037\025\230""; closeTime: 803842858; signature: ""0E\002!\000\340TG\303ZD\332\246\2719\336\030\237\315\355!b\242\355\305He\265\343t \363\235D\242\243\027\002 %\327\215V\206$\trr\340\333\231\223\215\013\312o<j\r\210Cqu\211nm5\233\334d>""; previousledger: ""wda\001\023\375\316\025\254\321\244\370+Y`\220\270\254\2601E[FI\310\235<qI \356\032""; "
1750527658502,1750527658503,0,1,3,1,TMProposeSet,"proposeSeq: 0; currentTxHash: ""\000\000\000\000\000\000\000\000\000\000\000\000\000\000\000\000\000\000\000\000\000\000\000\000\000\000\000\000\000\000\000\000""; nodePubKey: ""\002\364d\217\366\217|\316F\232\231\241\n\261\333`\312O\367\235\025DD\336e\367\n\312\326\221\037\025\230""; closeTime: 803842858; signature: ""0E\002!\000\340TG\303ZD\332\246\2719\336\030\237\315\355!b\242\355\305He\265\343t \363\235D\242\243\027\002 %\327\215V\206$\trr\340\333\231\223\215\013\312o<j\r\210Cqu\211nm5\233\334d>""; previousledger: ""wda\001\023\375\316\025\254\321\244\370+Y`\220\270\254\2601E[FI\310\235<qI \356\032""; ","proposeSeq: 0; currentTxHash: ""\000\000\000\000\000\000\000\000\000\000\000\000\000\000\000\000\000\000\000\000\000\000\000\000\000\000\000\000\000\000\000\000""; nodePubKey: ""\002\364d\217\366\217|\316F\232\231\241\n\261\333`\312O\367\235\025DD\336e\367\n\312\326\221\037\025\230""; closeTime: 803842858; signature: ""0E\002!\000\340TG\303ZD\332\246\2719\336\030\237\315\355!b\242\355\305He\265\343t \363\235D\242\243\027\002 %\327\215V\206$\trr\340\333\231\223\215\013\312o<j\r\210Cqu\211nm5\233\334d>""; previousledger: ""wda\001\023\375\316\025\254\321\244\370+Y`\220\270\254\2601E[FI\310\235<qI \356\032""; "
1750527658503,1750527658503,0,1,3,0,TMProposeSet,"proposeSeq: 0; currentTxHash: ""\000\000\000\000\000\000\000\000\000\000\000\000\000\000\000\000\000\000\000\000\000\000\000\000\000\000\000\000\000\000\000\000""; nodePubKey: ""\002\364d\217\366\217|\316F\232\231\241\n\261\333`\312O\367\235\025DD\336e\367\n\312\326\221\037\025\230""; closeTime: 803842858; signature: ""0E\002!\000\340TG\303ZD\332\246\2719\336\030\237\315\355!b\242\355\305He\265\343t \363\235D\242\243\027\002 %\327\215V\206$\trr\340\333\231\223\215\013\312o<j\r\210Cqu\211nm5\233\334d>""; previousledger: ""wda\001\023\375\316\025\254\321\244\370+Y`\220\270\254\2601E[FI\310\235<qI \356\032""; ","proposeSeq: 0; currentTxHash: ""\000\000\000\000\000\000\000\000\000\000\000\000\000\000\000\000\000\000\000\000\000\000\000\000\000\000\000\000\000\000\000\000""; nodePubKey: ""\002\364d\217\366\217|\316F\232\231\241\n\261\333`\312O\367\235\025DD\336e\367\n\312\326\221\037\025\230""; closeTime: 803842858; signature: ""0E\002!\000\340TG\303ZD\332\246\2719\336\030\237\315\355!b\242\355\305He\265\343t \363\235D\242\243\027\002 %\327\215V\206$\trr\340\333\231\223\215\013\312o<j\r\210Cqu\211nm5\233\334d>""; previousledger: ""wda\001\023\375\316\025\254\321\244\370+Y`\220\270\254\2601E[FI\310\235<qI \356\032""; "
1750527658459,1750527658521,0,1,3,4,TMStatusChange,"newEvent: neCLOSING_LEDGER; ledgerSeq: 39; ledgerHash: ""wda\001\023\375\316\025\254\321\244\370+Y`\220\270\254\2601E[FI\310\235<qI \356\032""; ledgerHashPrevious: ""\347\000\235\365P6pmH\033\373\212c\377o\232\356\320D\002\277,]os{\354/?\312e\006""; networkTime: 803842858; firstSeq: 1; lastSeq: 39; ","newEvent: neCLOSING_LEDGER; ledgerSeq: 39; ledgerHash: ""wda\001\023\375\316\025\254\321\244\370+Y`\220\270\254\2601E[FI\310\235<qI \356\032""; ledgerHashPrevious: ""\347\000\235\365P6pmH\033\373\212c\377o\232\356\320D\002\277,]os{\354/?\312e\006""; networkTime: 803842858; firstSeq: 1; lastSeq: 39; "
1750527658460,1750527658521,0,1,3,2,TMStatusChange,"newEvent: neCLOSING_LEDGER; ledgerSeq: 39; ledgerHash: ""wda\001\023\375\316\025\254\321\244\370+Y`\220\270\254\2601E[FI\310\235<qI \356\032""; ledgerHashPrevious: ""\347\000\235\365P6pmH\033\373\212c\377o\232\356\320D\002\277,]os{\354/?\312e\006""; networkTime: 803842858; firstSeq: 1; lastSeq: 39; ","newEvent: neCLOSING_LEDGER; ledgerSeq: 39; ledgerHash: ""wda\001\023\375\316\025\254\321\244\370+Y`\220\270\254\2601E[FI\310\235<qI \356\032""; ledgerHashPrevious: ""\347\000\235\365P6pmH\033\373\212c\377o\232\356\320D\002\277,]os{\354/?\312e\006""; networkTime: 803842858; firstSeq: 1; lastSeq: 39; "
1750527658461,1750527658523,0,1,3,0,TMStatusChange,"newEvent: neCLOSING_LEDGER; ledgerSeq: 39; ledgerHash: ""wda\001\023\375\316\025\254\321\244\370+Y`\220\270\254\2601E[FI\310\235<qI \356\032""; ledgerHashPrevious: ""\347\000\235\365P6pmH\033\373\212c\377o\232\356\320D\002\277,]os{\354/?\312e\006""; networkTime: 803842858; firstSeq: 1; lastSeq: 39; ","newEvent: neCLOSING_LEDGER; ledgerSeq: 39; ledgerHash: ""wda\001\023\375\316\025\254\321\244\370+Y`\220\270\254\2601E[FI\310\235<qI \356\032""; ledgerHashPrevious: ""\347\000\235\365P6pmH\033\373\212c\377o\232\356\320D\002\277,]os{\354/?\312e\006""; networkTime: 803842858; firstSeq: 1; lastSeq: 39; "
1750527658461,1750527658523,0,1,3,1,TMStatusChange,"newEvent: neCLOSING_LEDGER; ledgerSeq: 39; ledgerHash: ""wda\001\023\375\316\025\254\321\244\370+Y`\220\270\254\2601E[FI\310\235<qI \356\032""; ledgerHashPrevious: ""\347\000\235\365P6pmH\033\373\212c\377o\232\356\320D\002\277,]os{\354/?\312e\006""; networkTime: 803842858; firstSeq: 1; lastSeq: 39; ","newEvent: neCLOSING_LEDGER; ledgerSeq: 39; ledgerHash: ""wda\001\023\375\316\025\254\321\244\370+Y`\220\270\254\2601E[FI\310\235<qI \356\032""; ledgerHashPrevious: ""\347\000\235\365P6pmH\033\373\212c\377o\232\356\320D\002\277,]os{\354/?\312e\006""; networkTime: 803842858; firstSeq: 1; lastSeq: 39; "
1750527658621,1750527658621,0,1,4,3,TMProposeSet,"proposeSeq: 0; currentTxHash: ""\000\000\000\000\000\000\000\000\000\000\000\000\000\000\000\000\000\000\000\000\000\000\000\000\000\000\000\000\000\000\000\000""; nodePubKey: ""\003R7o\362bV\300hf\266\241;}\200^\374\240\203[:\342Q\225\221\027y\372\255\235\216\323~""; closeTime: 803842858; signature: ""0E\002!\000\3431\244T\317S\226*\005\301\362\014Zt\217\231R\237\210\033\354 \007\210\036\207b\016hk\335.\002 e@x\373.%kn\034\225\237$5\353\213\336|\261\266\201\203\033\333\204\026\263q\336Fo\2245""; previousledger: ""wda\001\023\375\316\025\254\321\244\370+Y`\220\270\254\2601E[FI\310\235<qI \356\032""; ","proposeSeq: 0; currentTxHash: ""\000\000\000\000\000\000\000\000\000\000\000\000\000\000\000\000\000\000\000\000\000\000\000\000\000\000\000\000\000\000\000\000""; nodePubKey: ""\003R7o\362bV\300hf\266\241;}\200^\374\240\203[:\342Q\225\221\027y\372\255\235\216\323~""; closeTime: 803842858; signature: ""0E\002!\000\3431\244T\317S\226*\005\301\362\014Zt\217\231R\237\210\033\354 \007\210\036\207b\016hk\335.\002 e@x\373.%kn\034\225\237$5\353\213\336|\261\266\201\203\033\333\204\026\263q\336Fo\2245""; previousledger: ""wda\001\023\375\316\025\254\321\244\370+Y`\220\270\254\2601E[FI\310\235<qI \356\032""; "
1750527658624,1750527658624,0,1,4,2,TMProposeSet,"proposeSeq: 0; currentTxHash: ""\000\000\000\000\000\000\000\000\000\000\000\000\000\000\000\000\000\000\000\000\000\000\000\000\000\000\000\000\000\000\000\000""; nodePubKey: ""\003R7o\362bV\300hf\266\241;}\200^\374\240\203[:\342Q\225\221\027y\372\255\235\216\323~""; closeTime: 803842858; signature: ""0E\002!\000\3431\244T\317S\226*\005\301\362\014Zt\217\231R\237\210\033\354 \007\210\036\207b\016hk\335.\002 e@x\373.%kn\034\225\237$5\353\213\336|\261\266\201\203\033\333\204\026\263q\336Fo\2245""; previousledger: ""wda\001\023\375\316\025\254\321\244\370+Y`\220\270\254\2601E[FI\310\235<qI \356\032""; ","proposeSeq: 0; currentTxHash: ""\000\000\000\000\000\000\000\000\000\000\000\000\000\000\000\000\000\000\000\000\000\000\000\000\000\000\000\000\000\000\000\000""; nodePubKey: ""\003R7o\362bV\300hf\266\241;}\200^\374\240\203[:\342Q\225\221\027y\372\255\235\216\323~""; closeTime: 803842858; signature: ""0E\002!\000\3431\244T\317S\226*\005\301\362\014Zt\217\231R\237\210\033\354 \007\210\036\207b\016hk\335.\002 e@x\373.%kn\034\225\237$5\353\213\336|\261\266\201\203\033\333\204\026\263q\336Fo\2245""; previousledger: ""wda\001\023\375\316\025\254\321\244\370+Y`\220\270\254\2601E[FI\310\235<qI \356\032""; "
1750527658626,1750527658626,0,1,4,0,TMProposeSet,"proposeSeq: 0; currentTxHash: ""\000\000\000\000\000\000\000\000\000\000\000\000\000\000\000\000\000\000\000\000\000\000\000\000\000\000\000\000\000\000\000\000""; nodePubKey: ""\003R7o\362bV\300hf\266\241;}\200^\374\240\203[:\342Q\225\221\027y\372\255\235\216\323~""; closeTime: 803842858; signature: ""0E\002!\000\3431\244T\317S\226*\005\301\362\014Zt\217\231R\237\210\033\354 \007\210\036\207b\016hk\335.\002 e@x\373.%kn\034\225\237$5\353\213\336|\261\266\201\203\033\333\204\026\263q\336Fo\2245""; previousledger: ""wda\001\023\375\316\025\254\321\244\370+Y`\220\270\254\2601E[FI\310\235<qI \356\032""; ","proposeSeq: 0; currentTxHash: ""\000\000\000\000\000\000\000\000\000\000\000\000\000\000\000\000\000\000\000\000\000\000\000\000\000\000\000\000\000\000\000\000""; nodePubKey: ""\003R7o\362bV\300hf\266\241;}\200^\374\240\203[:\342Q\225\221\027y\372\255\235\216\323~""; closeTime: 803842858; signature: ""0E\002!\000\3431\244T\317S\226*\005\301\362\014Zt\217\231R\237\210\033\354 \007\210\036\207b\016hk\335.\002 e@x\373.%kn\034\225\237$5\353\213\336|\261\266\201\203\033\333\204\026\263q\336Fo\2245""; previousledger: ""wda\001\023\375\316\025\254\321\244\370+Y`\220\270\254\2601E[FI\310\235<qI \356\032""; "
1750527658625,1750527658625,0,1,4,1,TMProposeSet,"proposeSeq: 0; currentTxHash: ""\000\000\000\000\000\000\000\000\000\000\000\000\000\000\000\000\000\000\000\000\000\000\000\000\000\000\000\000\000\000\000\000""; nodePubKey: ""\003R7o\362bV\300hf\266\241;}\200^\374\240\203[:\342Q\225\221\027y\372\255\235\216\323~""; closeTime: 803842858; signature: ""0E\002!\000\3431\244T\317S\226*\005\301\362\014Zt\217\231R\237\210\033\354 \007\210\036\207b\016hk\335.\002 e@x\373.%kn\034\225\237$5\353\213\336|\261\266\201\203\033\333\204\026\263q\336Fo\2245""; previousledger: ""wda\001\023\375\316\025\254\321\244\370+Y`\220\270\254\2601E[FI\310\235<qI \356\032""; ","proposeSeq: 0; currentTxHash: ""\000\000\000\000\000\000\000\000\000\000\000\000\000\000\000\000\000\000\000\000\000\000\000\000\000\000\000\000\000\000\000\000""; nodePubKey: ""\003R7o\362bV\300hf\266\241;}\200^\374\240\203[:\342Q\225\221\027y\372\255\235\216\323~""; closeTime: 803842858; signature: ""0E\002!\000\3431\244T\317S\226*\005\301\362\014Zt\217\231R\237\210\033\354 \007\210\036\207b\016hk\335.\002 e@x\373.%kn\034\225\237$5\353\213\336|\261\266\201\203\033\333\204\026\263q\336Fo\2245""; previousledger: ""wda\001\023\375\316\025\254\321\244\370+Y`\220\270\254\2601E[FI\310\235<qI \356\032""; "
1750527658628,1750527658628,0,1,3,0,TMProposeSet,"proposeSeq: 0; currentTxHash: ""\000\000\000\000\000\000\000\000\000\000\000\000\000\000\000\000\000\000\000\000\000\000\000\000\000\000\000\000\000\000\000\000""; nodePubKey: ""\003R7o\362bV\300hf\266\241;}\200^\374\240\203[:\342Q\225\221\027y\372\255\235\216\323~""; closeTime: 803842858; signature: ""0E\002!\000\3431\244T\317S\226*\005\301\362\014Zt\217\231R\237\210\033\354 \007\210\036\207b\016hk\335.\002 e@x\373.%kn\034\225\237$5\353\213\336|\261\266\201\203\033\333\204\026\263q\336Fo\2245""; previousledger: ""wda\001\023\375\316\025\254\321\244\370+Y`\220\270\254\2601E[FI\310\235<qI \356\032""; ","proposeSeq: 0; currentTxHash: ""\000\000\000\000\000\000\000\000\000\000\000\000\000\000\000\000\000\000\000\000\000\000\000\000\000\000\000\000\000\000\000\000""; nodePubKey: ""\003R7o\362bV\300hf\266\241;}\200^\374\240\203[:\342Q\225\221\027y\372\255\235\216\323~""; closeTime: 803842858; signature: ""0E\002!\000\3431\244T\317S\226*\005\301\362\014Zt\217\231R\237\210\033\354 \007\210\036\207b\016hk\335.\002 e@x\373.%kn\034\225\237$5\353\213\336|\261\266\201\203\033\333\204\026\263q\336Fo\2245""; previousledger: ""wda\001\023\375\316\025\254\321\244\370+Y`\220\270\254\2601E[FI\310\235<qI \356\032""; "
1750527658627,1750527658628,0,1,3,1,TMProposeSet,"proposeSeq: 0; currentTxHash: ""\000\000\000\000\000\000\000\000\000\000\000\000\000\000\000\000\000\000\000\000\000\000\000\000\000\000\000\000\000\000\000\000""; nodePubKey: ""\003R7o\362bV\300hf\266\241;}\200^\374\240\203[:\342Q\225\221\027y\372\255\235\216\323~""; closeTime: 803842858; signature: ""0E\002!\000\3431\244T\317S\226*\005\301\362\014Zt\217\231R\237\210\033\354 \007\210\036\207b\016hk\335.\002 e@x\373.%kn\034\225\237$5\353\213\336|\261\266\201\203\033\333\204\026\263q\336Fo\2245""; previousledger: ""wda\001\023\375\316\025\254\321\244\370+Y`\220\270\254\2601E[FI\310\235<qI \356\032""; ","proposeSeq: 0; currentTxHash: ""\000\000\000\000\000\000\000\000\000\000\000\000\000\000\000\000\000\000\000\000\000\000\000\000\000\000\000\000\000\000\000\000""; nodePubKey: ""\003R7o\362bV\300hf\266\241;}\200^\374\240\203[:\342Q\225\221\027y\372\255\235\216\323~""; closeTime: 803842858; signature: ""0E\002!\000\3431\244T\317S\226*\005\301\362\014Zt\217\231R\237\210\033\354 \007\210\036\207b\016hk\335.\002 e@x\373.%kn\034\225\237$5\353\213\336|\261\266\201\203\033\333\204\026\263q\336Fo\2245""; previousledger: ""wda\001\023\375\316\025\254\321\244\370+Y`\220\270\254\2601E[FI\310\235<qI \356\032""; "
1750527658628,1750527658628,0,1,3,2,TMProposeSet,"proposeSeq: 0; currentTxHash: ""\000\000\000\000\000\000\000\000\000\000\000\000\000\000\000\000\000\000\000\000\000\000\000\000\000\000\000\000\000\000\000\000""; nodePubKey: ""\003R7o\362bV\300hf\266\241;}\200^\374\240\203[:\342Q\225\221\027y\372\255\235\216\323~""; closeTime: 803842858; signature: ""0E\002!\000\3431\244T\317S\226*\005\301\362\014Zt\217\231R\237\210\033\354 \007\210\036\207b\016hk\335.\002 e@x\373.%kn\034\225\237$5\353\213\336|\261\266\201\203\033\333\204\026\263q\336Fo\2245""; previousledger: ""wda\001\023\375\316\025\254\321\244\370+Y`\220\270\254\2601E[FI\310\235<qI \356\032""; ","proposeSeq: 0; currentTxHash: ""\000\000\000\000\000\000\000\000\000\000\000\000\000\000\000\000\000\000\000\000\000\000\000\000\000\000\000\000\000\000\000\000""; nodePubKey: ""\003R7o\362bV\300hf\266\241;}\200^\374\240\203[:\342Q\225\221\027y\372\255\235\216\323~""; closeTime: 803842858; signature: ""0E\002!\000\3431\244T\317S\226*\005\301\362\014Zt\217\231R\237\210\033\354 \007\210\036\207b\016hk\335.\002 e@x\373.%kn\034\225\237$5\353\213\336|\261\266\201\203\033\333\204\026\263q\336Fo\2245""; previousledger: ""wda\001\023\375\316\025\254\321\244\370+Y`\220\270\254\2601E[FI\310\235<qI \356\032""; "
1750527658623,1750527658696,0,1,4,2,TMStatusChange,"newEvent: neCLOSING_LEDGER; ledgerSeq: 39; ledgerHash: ""wda\001\023\375\316\025\254\321\244\370+Y`\220\270\254\2601E[FI\310\235<qI \356\032""; ledgerHashPrevious: ""\347\000\235\365P6pmH\033\373\212c\377o\232\356\320D\002\277,]os{\354/?\312e\006""; networkTime: 803842858; firstSeq: 1; lastSeq: 39; ","newEvent: neCLOSING_LEDGER; ledgerSeq: 39; ledgerHash: ""wda\001\023\375\316\025\254\321\244\370+Y`\220\270\254\2601E[FI\310\235<qI \356\032""; ledgerHashPrevious: ""\347\000\235\365P6pmH\033\373\212c\377o\232\356\320D\002\277,]os{\354/?\312e\006""; networkTime: 803842858; firstSeq: 1; lastSeq: 39; "
1750527658623,1750527658696,0,1,4,3,TMStatusChange,"newEvent: neCLOSING_LEDGER; ledgerSeq: 39; ledgerHash: ""wda\001\023\375\316\025\254\321\244\370+Y`\220\270\254\2601E[FI\310\235<qI \356\032""; ledgerHashPrevious: ""\347\000\235\365P6pmH\033\373\212c\377o\232\356\320D\002\277,]os{\354/?\312e\006""; networkTime: 803842858; firstSeq: 1; lastSeq: 39; ","newEvent: neCLOSING_LEDGER; ledgerSeq: 39; ledgerHash: ""wda\001\023\375\316\025\254\321\244\370+Y`\220\270\254\2601E[FI\310\235<qI \356\032""; ledgerHashPrevious: ""\347\000\235\365P6pmH\033\373\212c\377o\232\356\320D\002\277,]os{\354/?\312e\006""; networkTime: 803842858; firstSeq: 1; lastSeq: 39; "
1750527658625,1750527658696,0,1,4,1,TMStatusChange,"newEvent: neCLOSING_LEDGER; ledgerSeq: 39; ledgerHash: ""wda\001\023\375\316\025\254\321\244\370+Y`\220\270\254\2601E[FI\310\235<qI \356\032""; ledgerHashPrevious: ""\347\000\235\365P6pmH\033\373\212c\377o\232\356\320D\002\277,]os{\354/?\312e\006""; networkTime: 803842858; firstSeq: 1; lastSeq: 39; ","newEvent: neCLOSING_LEDGER; ledgerSeq: 39; ledgerHash: ""wda\001\023\375\316\025\254\321\244\370+Y`\220\270\254\2601E[FI\310\235<qI \356\032""; ledgerHashPrevious: ""\347\000\235\365P6pmH\033\373\212c\377o\232\356\320D\002\277,]os{\354/?\312e\006""; networkTime: 803842858; firstSeq: 1; lastSeq: 39; "
1750527658626,1750527658697,0,1,4,0,TMStatusChange,"newEvent: neCLOSING_LEDGER; ledgerSeq: 39; ledgerHash: ""wda\001\023\375\316\025\254\321\244\370+Y`\220\270\254\2601E[FI\310\235<qI \356\032""; ledgerHashPrevious: ""\347\000\235\365P6pmH\033\373\212c\377o\232\356\320D\002\277,]os{\354/?\312e\006""; networkTime: 803842858; firstSeq: 1; lastSeq: 39; ","newEvent: neCLOSING_LEDGER; ledgerSeq: 39; ledgerHash: ""wda\001\023\375\316\025\254\321\244\370+Y`\220\270\254\2601E[FI\310\235<qI \356\032""; ledgerHashPrevious: ""\347\000\235\365P6pmH\033\373\212c\377o\232\356\320D\002\277,]os{\354/?\312e\006""; networkTime: 803842858; firstSeq: 1; lastSeq: 39; "
1750527660460,1750527660460,0,1,3,4,TMValidation,"validation: """"\200\000\000\001&\000\000\000()/\351\253,:p\210\265\307-\212\200\004Qv%\001\230\016\203\200\251UD\347\304\373\034\211\340@\342\033\263\365\356\341\357\350\324\035J\032\177\230\207P\027\000\000\000\000\000\000\000\000\000\000\000\000\000\000\000\000\000\000\000\000\000\000\000\000\000\000\000\000\000\000\000\000P\031wda\001\023\375\316\025\254\321\244\370+Y`\220\270\254\2601E[FI\310\235<qI \356\032s!\002\364d\217\366\217|\316F\232\231\241\n\261\333`\312O\367\235\025DD\336e\367\n\312\326\221\037\025\230vF0D\002 \024\017\014,a\220\255c\341\344\210\204\214\026m}(4\247I\266\202f\302\253i'\246\001\nB\033\002 Ow\272,\321}\254\224\227x\321\256\262\361\207\263#o\231]\306I\246|\314\236\244>\007\264h\266""; ","validation: """"\200\000\000\001&\000\000\000()/\351\253,:p\210\265\307-\212\200\004Qv%\001\230\016\203\200\251UD\347\304\373\034\211\340@\342\033\263\365\356\341\357\350\324\035J\032\177\230\207P\027\000\000\000\000\000\000\000\000\000\000\000\000\000\000\000\000\000\000\000\000\000\000\000\000\000\000\000\000\000\000\000\000P\031wda\001\023\375\316\025\254\321\244\370+Y`\220\270\254\2601E[FI\310\235<qI \356\032s!\002\364d\217\366\217|\316F\232\231\241\n\261\333`\312O\367\235\025DD\336e\367\n\312\326\221\037\025\230vF0D\002 \024\017\014,a\220\255c\341\344\210\204\214\026m}(4\247I\266\202f\302\253i'\246\001\nB\033\002 Ow\272,\321}\254\224\227x\321\256\262\361\207\263#o\231]\306I\246|\314\236\244>\007\264h\266""; "
1750527660461,1750527660461,0,1,3,0,TMValidation,"validation: """"\200\000\000\001&\000\000\000()/\351\253,:p\210\265\307-\212\200\004Qv%\001\230\016\203\200\251UD\347\304\373\034\211\340@\342\033\263\365\356\341\357\350\324\035J\032\177\230\207P\027\000\000\000\000\000\000\000\000\000\000\000\000\000\000\000\000\000\000\000\000\000\000\000\000\000\000\000\000\000\000\000\000P\031wda\001\023\375\316\025\254\321\244\370+Y`\220\270\254\2601E[FI\310\235<qI \356\032s!\002\364d\217\366\217|\316F\232\231\241\n\261\333`\312O\367\235\025DD\336e\367\n\312\326\221\037\025\230vF0D\002 \024\017\014,a\220\255c\341\344\210\204\214\026m}(4\247I\266\202f\302\253i'\246\001\nB\033\002 Ow\272,\321}\254\224\227x\321\256\262\361\207\263#o\231]\306I\246|\314\236\244>\007\264h\266""; ","validation: """"\200\000\000\001&\000\000\000()/\351\253,:p\210\265\307-\212\200\004Qv%\001\230\016\203\200\251UD\347\304\373\034\211\340@\342\033\263\365\356\341\357\350\324\035J\032\177\230\207P\027\000\000\000\000\000\000\000\000\000\000\000\000\000\000\000\000\000\000\000\000\000\000\000\000\000\000\000\000\000\000\000\000P\031wda\001\023\375\316\025\254\321\244\370+Y`\220\270\254\2601E[FI\310\235<qI \356\032s!\002\364d\217\366\217|\316F\232\231\241\n\261\333`\312O\367\235\025DD\336e\367\n\312\326\221\037\025\230vF0D\002 \024\017\014,a\220\255c\341\344\210\204\214\026m}(4\247I\266\202f\302\253i'\246\001\nB\033\002 Ow\272,\321}\254\224\227x\321\256\262\361\207\263#o\231]\306I\246|\314\236\244>\007\264h\266""; "
1750527660461,1750527660462,0,1,3,4,TMStatusChange,"newEvent: neACCEPTED_LEDGER; ledgerSeq: 40; ledgerHash: ""v%\001\230\016\203\200\251UD\347\304\373\034\211\340@\342\033\263\365\356\341\357\350\324\035J\032\177\230\207""; ledgerHashPrevious: ""wda\001\023\375\316\025\254\321\244\370+Y`\220\270\254\2601E[FI\310\235<qI \356\032""; networkTime: 803842860; firstSeq: 1; lastSeq: 39; ","newEvent: neACCEPTED_LEDGER; ledgerSeq: 40; ledgerHash: ""v%\001\230\016\203\200\251UD\347\304\373\034\211\340@\342\033\263\365\356\341\357\350\324\035J\032\177\230\207""; ledgerHashPrevious: ""wda\001\023\375\316\025\254\321\244\370+Y`\220\270\254\2601E[FI\310\235<qI \356\032""; networkTime: 803842860; firstSeq: 1; lastSeq: 39; "
1750527660461,1750527660461,0,1,3,2,TMValidation,"validation: """"\200\000\000\001&\000\000\000()/\351\253,:p\210\265\307-\212\200\004Qv%\001\230\016\203\200\251UD\347\304\373\034\211\340@\342\033\263\365\356\341\357\350\324\035J\032\177\230\207P\027\000\000\000\000\000\000\000\000\000\000\000\000\000\000\000\000\000\000\000\000\000\000\000\000\000\000\000\000\000\000\000\000P\031wda\001\023\375\316\025\254\321\244\370+Y`\220\270\254\2601E[FI\310\235<qI \356\032s!\002\364d\217\366\217|\316F\232\231\241\n\261\333`\312O\367\235\025DD\336e\367\n\312\326\221\037\025\230vF0D\002 \024\017\014,a\220\255c\341\344\210\204\214\026m}(4\247I\266\202f\302\253i'\246\001\nB\033\002 Ow\272,\321}\254\224\227x\321\256\262\361\207\263#o\231]\306I\246|\314\236\244>\007\264h\266""; ","validation: """"\200\000\000\001&\000\000\000()/\351\253,:p\210\265\307-\212\200\004Qv%\001\230\016\203\200\251UD\347\304\373\034\211\340@\342\033\263\365\356\341\357\350\324\035J\032\177\230\207P\027\000\000\000\000\000\000\000\000\000\000\000\000\000\000\000\000\000\000\000\000\000\000\000\000\000\000\000\000\000\000\000\000P\031wda\001\023\375\316\025\254\321\244\370+Y`\220\270\254\2601E[FI\310\235<qI \356\032s!\002\364d\217\366\217|\316F\232\231\241\n\261\333`\312O\367\235\025DD\336e\367\n\312\326\221\037\025\230vF0D\002 \024\017\014,a\220\255c\341\344\210\204\214\026m}(4\247I\266\202f\302\253i'\246\001\nB\033\002 Ow\272,\321}\254\224\227x\321\256\262\361\207\263#o\231]\306I\246|\314\236\244>\007\264h\266""; "
1750527660462,1750527660462,0,1,3,2,TMStatusChange,"newEvent: neACCEPTED_LEDGER; ledgerSeq: 40; ledgerHash: ""v%\001\230\016\203\200\251UD\347\304\373\034\211\340@\342\033\263\365\356\341\357\350\324\035J\032\177\230\207""; ledgerHashPrevious: ""wda\001\023\375\316\025\254\321\244\370+Y`\220\270\254\2601E[FI\310\235<qI \356\032""; networkTime: 803842860; firstSeq: 1; lastSeq: 39; ","newEvent: neACCEPTED_LEDGER; ledgerSeq: 40; ledgerHash: ""v%\001\230\016\203\200\251UD\347\304\373\034\211\340@\342\033\263\365\356\341\357\350\324\035J\032\177\230\207""; ledgerHashPrevious: ""wda\001\023\375\316\025\254\321\244\370+Y`\220\270\254\2601E[FI\310\235<qI \356\032""; networkTime: 803842860; firstSeq: 1; lastSeq: 39; "
1750527660462,1750527660462,0,1,3,0,TMStatusChange,"newEvent: neACCEPTED_LEDGER; ledgerSeq: 40; ledgerHash: ""v%\001\230\016\203\200\251UD\347\304\373\034\211\340@\342\033\263\365\356\341\357\350\324\035J\032\177\230\207""; ledgerHashPrevious: ""wda\001\023\375\316\025\254\321\244\370+Y`\220\270\254\2601E[FI\310\235<qI \356\032""; networkTime: 803842860; firstSeq: 1; lastSeq: 39; ","newEvent: neACCEPTED_LEDGER; ledgerSeq: 40; ledgerHash: ""v%\001\230\016\203\200\251UD\347\304\373\034\211\340@\342\033\263\365\356\341\357\350\324\035J\032\177\230\207""; ledgerHashPrevious: ""wda\001\023\375\316\025\254\321\244\370+Y`\220\270\254\2601E[FI\310\235<qI \356\032""; networkTime: 803842860; firstSeq: 1; lastSeq: 39; "
1750527660462,1750527660462,0,1,3,1,TMValidation,"validation: """"\200\000\000\001&\000\000\000()/\351\253,:p\210\265\307-\212\200\004Qv%\001\230\016\203\200\251UD\347\304\373\034\211\340@\342\033\263\365\356\341\357\350\324\035J\032\177\230\207P\027\000\000\000\000\000\000\000\000\000\000\000\000\000\000\000\000\000\000\000\000\000\000\000\000\000\000\000\000\000\000\000\000P\031wda\001\023\375\316\025\254\321\244\370+Y`\220\270\254\2601E[FI\310\235<qI \356\032s!\002\364d\217\366\217|\316F\232\231\241\n\261\333`\312O\367\235\025DD\336e\367\n\312\326\221\037\025\230vF0D\002 \024\017\014,a\220\255c\341\344\210\204\214\026m}(4\247I\266\202f\302\253i'\246\001\nB\033\002 Ow\272,\321}\254\224\227x\321\256\262\361\207\263#o\231]\306I\246|\314\236\244>\007\264h\266""; ","validation: """"\200\000\000\001&\000\000\000()/\351\253,:p\210\265\307-\212\200\004Qv%\001\230\016\203\200\251UD\347\304\373\034\211\340@\342\033\263\365\356\341\357\350\324\035J\032\177\230\207P\027\000\000\000\000\000\000\000\000\000\000\000\000\000\000\000\000\000\000\000\000\000\000\000\000\000\000\000\000\000\000\000\000P\031wda\001\023\375\316\025\254\321\244\370+Y`\220\270\254\2601E[FI\310\235<qI \356\032s!\002\364d\217\366\217|\316F\232\231\241\n\261\333`\312O\367\235\025DD\336e\367\n\312\326\221\037\025\230vF0D\002 \024\017\014,a\220\255c\341\344\210\204\214\026m}(4\247I\266\202f\302\253i'\246\001\nB\033\002 Ow\272,\321}\254\224\227x\321\256\262\361\207\263#o\231]\306I\246|\314\236\244>\007\264h\266""; "
1750527660462,1750527660462,0,1,3,1,TMStatusChange,"newEvent: neACCEPTED_LEDGER; ledgerSeq: 40; ledgerHash: ""v%\001\230\016\203\200\251UD\347\304\373\034\211\340@\342\033\263\365\356\341\357\350\324\035J\032\177\230\207""; ledgerHashPrevious: ""wda\001\023\375\316\025\254\321\244\370+Y`\220\270\254\2601E[FI\310\235<qI \356\032""; networkTime: 803842860; firstSeq: 1; lastSeq: 39; ","newEvent: neACCEPTED_LEDGER; ledgerSeq: 40; ledgerHash: ""v%\001\230\016\203\200\251UD\347\304\373\034\211\340@\342\033\263\365\356\341\357\350\324\035J\032\177\230\207""; ledgerHashPrevious: ""wda\001\023\375\316\025\254\321\244\370+Y`\220\270\254\2601E[FI\310\235<qI \356\032""; networkTime: 803842860; firstSeq: 1; lastSeq: 39; "
1750527660463,1750527660463,0,1,4,2,TMValidation,"validation: """"\200\000\000\001&\000\000\000()/\351\253,:p\210\265\307-\212\200\004Qv%\001\230\016\203\200\251UD\347\304\373\034\211\340@\342\033\263\365\356\341\357\350\324\035J\032\177\230\207P\027\000\000\000\000\000\000\000\000\000\000\000\000\000\000\000\000\000\000\000\000\000\000\000\000\000\000\000\000\000\000\000\000P\031wda\001\023\375\316\025\254\321\244\370+Y`\220\270\254\2601E[FI\310\235<qI \356\032s!\002\364d\217\366\217|\316F\232\231\241\n\261\333`\312O\367\235\025DD\336e\367\n\312\326\221\037\025\230vF0D\002 \024\017\014,a\220\255c\341\344\210\204\214\026m}(4\247I\266\202f\302\253i'\246\001\nB\033\002 Ow\272,\321}\254\224\227x\321\256\262\361\207\263#o\231]\306I\246|\314\236\244>\007\264h\266""; ","validation: """"\200\000\000\001&\000\000\000()/\351\253,:p\210\265\307-\212\200\004Qv%\001\230\016\203\200\251UD\347\304\373\034\211\340@\342\033\263\365\356\341\357\350\324\035J\032\177\230\207P\027\000\000\000\000\000\000\000\000\000\000\000\000\000\000\000\000\000\000\000\000\000\000\000\000\000\000\000\000\000\000\000\000P\031wda\001\023\375\316\025\254\321\244\370+Y`\220\270\254\2601E[FI\310\235<qI \356\032s!\002\364d\217\366\217|\316F\232\231\241\n\261\333`\312O\367\235\025DD\336e\367\n\312\326\221\037\025\230vF0D\002 \024\017\014,a\220\255c\341\344\210\204\214\026m}(4\247I\266\202f\302\253i'\246\001\nB\033\002 Ow\272,\321}\254\224\227x\321\256\262\361\207\263#o\231]\306I\246|\314\236\244>\007\264h\266""; "
1750527660464,1750527660464,0,1,4,2,TMGetLedger,"itype: liBASE; ledgerHash: ""v%\001\230\016\203\200\251UD\347\304\373\034\211\340@\342\033\263\365\356\341\357\350\324\035J\032\177\230\207""; ","itype: liBASE; ledgerHash: ""v%\001\230\016\203\200\251UD\347\304\373\034\211\340@\342\033\263\365\356\341\357\350\324\035J\032\177\230\207""; "
1750527660464,1750527660464,0,1,4,3,TMGetLedger,"itype: liBASE; ledgerHash: ""v%\001\230\016\203\200\251UD\347\304\373\034\211\340@\342\033\263\365\356\341\357\350\324\035J\032\177\230\207""; ","itype: liBASE; ledgerHash: ""v%\001\230\016\203\200\251UD\347\304\373\034\211\340@\342\033\263\365\356\341\357\350\324\035J\032\177\230\207""; "
1750527660464,1750527660464,0,1,4,0,TMGetLedger,"itype: liBASE; ledgerHash: ""v%\001\230\016\203\200\251UD\347\304\373\034\211\340@\342\033\263\365\356\341\357\350\324\035J\032\177\230\207""; ","itype: liBASE; ledgerHash: ""v%\001\230\016\203\200\251UD\347\304\373\034\211\340@\342\033\263\365\356\341\357\350\324\035J\032\177\230\207""; "
1750527660464,1750527660464,0,1,4,0,TMValidation,"validation: """"\200\000\000\001&\000\000\000()/\351\253,:p\210\265\307-\212\200\004Qv%\001\230\016\203\200\251UD\347\304\373\034\211\340@\342\033\263\365\356\341\357\350\324\035J\032\177\230\207P\027\000\000\000\000\000\000\000\000\000\000\000\000\000\000\000\000\000\000\000\000\000\000\000\000\000\000\000\000\000\000\000\000P\031wda\001\023\375\316\025\254\321\244\370+Y`\220\270\254\2601E[FI\310\235<qI \356\032s!\002\364d\217\366\217|\316F\232\231\241\n\261\333`\312O\367\235\025DD\336e\367\n\312\326\221\037\025\230vF0D\002 \024\017\014,a\220\255c\341\344\210\204\214\026m}(4\247I\266\202f\302\253i'\246\001\nB\033\002 Ow\272,\321}\254\224\227x\321\256\262\361\207\263#o\231]\306I\246|\314\236\244>\007\264h\266""; ","validation: """"\200\000\000\001&\000\000\000()/\351\253,:p\210\265\307-\212\200\004Qv%\001\230\016\203\200\251UD\347\304\373\034\211\340@\342\033\263\365\356\341\357\350\324\035J\032\177\230\207P\027\000\000\000\000\000\000\000\000\000\000\000\000\000\000\000\000\000\000\000\000\000\000\000\000\000\000\000\000\000\000\000\000P\031wda\001\023\375\316\025\254\321\244\370+Y`\220\270\254\2601E[FI\310\235<qI \356\032s!\002\364d\217\366\217|\316F\232\231\241\n\261\333`\312O\367\235\025DD\336e\367\n\312\326\221\037\025\230vF0D\002 \024\017\014,a\220\255c\341\344\210\204\214\026m}(4\247I\266\202f\302\253i'\246\001\nB\033\002 Ow\272,\321}\254\224\227x\321\256\262\361\207\263#o\231]\306I\246|\314\236\244>\007\264h\266""; "
1750527660465,1750527660465,0,1,4,1,TMGetLedger,"itype: liBASE; ledgerHash: ""v%\001\230\016\203\200\251UD\347\304\373\034\211\340@\342\033\263\365\356\341\357\350\324\035J\032\177\230\207""; ","itype: liBASE; ledgerHash: ""v%\001\230\016\203\200\251UD\347\304\373\034\211\340@\342\033\263\365\356\341\357\350\324\035J\032\177\230\207""; "
1750527660468,1750527660468,0,1,4,1,TMValidation,"validation: """"\200\000\000\001&\000\000\000()/\351\253,:p\210\265\307-\212\200\004Qv%\001\230\016\203\200\251UD\347\304\373\034\211\340@\342\033\263\365\356\341\357\350\324\035J\032\177\230\207P\027\000\000\000\000\000\000\000\000\000\000\000\000\000\000\000\000\000\000\000\000\000\000\000\000\000\000\000\000\000\000\000\000P\031wda\001\023\375\316\025\254\321\244\370+Y`\220\270\254\2601E[FI\310\235<qI \356\032s!\002\364d\217\366\217|\316F\232\231\241\n\261\333`\312O\367\235\025DD\336e\367\n\312\326\221\037\025\230vF0D\002 \024\017\014,a\220\255c\341\344\210\204\214\026m}(4\247I\266\202f\302\253i'\246\001\nB\033\002 Ow\272,\321}\254\224\227x\321\256\262\361\207\263#o\231]\306I\246|\314\236\244>\007\264h\266""; ","validation: """"\200\000\000\001&\000\000\000()/\351\253,:p\210\265\307-\212\200\004Qv%\001\230\016\203\200\251UD\347\304\373\034\211\340@\342\033\263\365\356\341\357\350\324\035J\032\177\230\207P\027\000\000\000\000\000\000\000\000\000\000\000\000\000\000\000\000\000\000\000\000\000\000\000\000\000\000\000\000\000\000\000\000P\031wda\001\023\375\316\025\254\321\244\370+Y`\220\270\254\2601E[FI\310\235<qI \356\032s!\002\364d\217\366\217|\316F\232\231\241\n\261\333`\312O\367\235\025DD\336e\367\n\312\326\221\037\025\230vF0D\002 \024\017\014,a\220\255c\341\344\210\204\214\026m}(4\247I\266\202f\302\253i'\246\001\nB\033\002 Ow\272,\321}\254\224\227x\321\256\262\361\207\263#o\231]\306I\246|\314\236\244>\007\264h\266""; "
1750527660468,1750527660468,0,1,4,0,TMGetLedger,"itype: liBASE; ledgerHash: ""v%\001\230\016\203\200\251UD\347\304\373\034\211\340@\342\033\263\365\356\341\357\350\324\035J\032\177\230\207""; queryType: qtINDIRECT; ","itype: liBASE; ledgerHash: ""v%\001\230\016\203\200\251UD\347\304\373\034\211\340@\342\033\263\365\356\341\357\350\324\035J\032\177\230\207""; queryType: qtINDIRECT; "
1750527660476,1750527660476,0,1,4,2,TMGetLedger,"itype: liBASE; ledgerHash: ""v%\001\230\016\203\200\251UD\347\304\373\034\211\340@\342\033\263\365\356\341\357\350\324\035J\032\177\230\207""; queryType: qtINDIRECT; ","itype: liBASE; ledgerHash: ""v%\001\230\016\203\200\251UD\347\304\373\034\211\340@\342\033\263\365\356\341\357\350\324\035J\032\177\230\207""; queryType: qtINDIRECT; "
1750527660478,1750527660478,0,1,4,3,TMGetLedger,"itype: liBASE; ledgerHash: ""v%\001\230\016\203\200\251UD\347\304\373\034\211\340@\342\033\263\365\356\341\357\350\324\035J\032\177\230\207""; queryType: qtINDIRECT; ","itype: liBASE; ledgerHash: ""v%\001\230\016\203\200\251UD\347\304\373\034\211\340@\342\033\263\365\356\341\357\350\324\035J\032\177\230\207""; queryType: qtINDIRECT; "
1750527660479,1750527660479,0,1,4,1,TMGetLedger,"itype: liBASE; ledgerHash: ""v%\001\230\016\203\200\251UD\347\304\373\034\211\340@\342\033\263\365\356\341\357\350\324\035J\032\177\230\207""; queryType: qtINDIRECT; ","itype: liBASE; ledgerHash: ""v%\001\230\016\203\200\251UD\347\304\373\034\211\340@\342\033\263\365\356\341\357\350\324\035J\032\177\230\207""; queryType: qtINDIRECT; "
1750527660480,1750527660480,0,1,0,2,TMGetLedger,"itype: liBASE; ledgerHash: ""v%\001\230\016\203\200\251UD\347\304\373\034\211\340@\342\033\263\365\356\341\357\350\324\035J\032\177\230\207""; ledgerSeq: 40; ","itype: liBASE; ledgerHash: ""v%\001\230\016\203\200\251UD\347\304\373\034\211\340@\342\033\263\365\356\341\357\350\324\035J\032\177\230\207""; ledgerSeq: 40; "
1750527660480,1750527660480,0,1,0,1,TMGetLedger,"itype: liBASE; ledgerHash: ""v%\001\230\016\203\200\251UD\347\304\373\034\211\340@\342\033\263\365\356\341\357\350\324\035J\032\177\230\207""; ledgerSeq: 40; ","itype: liBASE; ledgerHash: ""v%\001\230\016\203\200\251UD\347\304\373\034\211\340@\342\033\263\365\356\341\357\350\324\035J\032\177\230\207""; ledgerSeq: 40; "
1750527660481,1750527660481,0,1,0,4,TMGetLedger,"itype: liBASE; ledgerHash: ""v%\001\230\016\203\200\251UD\347\304\373\034\211\340@\342\033\263\365\356\341\357\350\324\035J\032\177\230\207""; ledgerSeq: 40; ","itype: liBASE; ledgerHash: ""v%\001\230\016\203\200\251UD\347\304\373\034\211\340@\342\033\263\365\356\341\357\350\324\035J\032\177\230\207""; ledgerSeq: 40; "
1750527660481,1750527660481,0,1,0,3,TMGetLedger,"itype: liBASE; ledgerHash: ""v%\001\230\016\203\200\251UD\347\304\373\034\211\340@\342\033\263\365\356\341\357\350\324\035J\032\177\230\207""; ledgerSeq: 40; ","itype: liBASE; ledgerHash: ""v%\001\230\016\203\200\251UD\347\304\373\034\211\340@\342\033\263\365\356\341\357\350\324\035J\032\177\230\207""; ledgerSeq: 40; "
1750527660482,1750527660482,0,1,2,3,TMGetLedger,"itype: liBASE; ledgerHash: ""v%\001\230\016\203\200\251UD\347\304\373\034\211\340@\342\033\263\365\356\341\357\350\324\035J\032\177\230\207""; ledgerSeq: 40; ","itype: liBASE; ledgerHash: ""v%\001\230\016\203\200\251UD\347\304\373\034\211\340@\342\033\263\365\356\341\357\350\324\035J\032\177\230\207""; ledgerSeq: 40; "
1750527660482,1750527660482,0,1,2,0,TMGetLedger,"itype: liBASE; ledgerHash: ""v%\001\230\016\203\200\251UD\347\304\373\034\211\340@\342\033\263\365\356\341\357\350\324\035J\032\177\230\207""; ledgerSeq: 40; ","itype: liBASE; ledgerHash: ""v%\001\230\016\203\200\251UD\347\304\373\034\211\340@\342\033\263\365\356\341\357\350\324\035J\032\177\230\207""; ledgerSeq: 40; "
1750527660482,1750527660482,0,1,2,4,TMGetLedger,"itype: liBASE; ledgerHash: ""v%\001\230\016\203\200\251UD\347\304\373\034\211\340@\342\033\263\365\356\341\357\350\324\035J\032\177\230\207""; ledgerSeq: 40; ","itype: liBASE; ledgerHash: ""v%\001\230\016\203\200\251UD\347\304\373\034\211\340@\342\033\263\365\356\341\357\350\324\035J\032\177\230\207""; ledgerSeq: 40; "
1750527660482,1750527660482,0,1,2,1,TMGetLedger,"itype: liBASE; ledgerHash: ""v%\001\230\016\203\200\251UD\347\304\373\034\211\340@\342\033\263\365\356\341\357\350\324\035J\032\177\230\207""; ledgerSeq: 40; ","itype: liBASE; ledgerHash: ""v%\001\230\016\203\200\251UD\347\304\373\034\211\340@\342\033\263\365\356\341\357\350\324\035J\032\177\230\207""; ledgerSeq: 40; "
1750527660483,1750527660483,0,1,0,3,TMGetLedger,"itype: liBASE; ledgerHash: ""v%\001\230\016\203\200\251UD\347\304\373\034\211\340@\342\033\263\365\356\341\357\350\324\035J\032\177\230\207""; ledgerSeq: 40; queryType: qtINDIRECT; ","itype: liBASE; ledgerHash: ""v%\001\230\016\203\200\251UD\347\304\373\034\211\340@\342\033\263\365\356\341\357\350\324\035J\032\177\230\207""; ledgerSeq: 40; queryType: qtINDIRECT; "
1750527660483,1750527660483,0,1,1,3,TMGetLedger,"itype: liBASE; ledgerHash: ""v%\001\230\016\203\200\251UD\347\304\373\034\211\340@\342\033\263\365\356\341\357\350\324\035J\032\177\230\207""; ledgerSeq: 40; ","itype: liBASE; ledgerHash: ""v%\001\230\016\203\200\251UD\347\304\373\034\211\340@\342\033\263\365\356\341\357\350\324\035J\032\177\230\207""; ledgerSeq: 40; "
1750527660484,1750527660484,0,1,1,2,TMGetLedger,"itype: liBASE; ledgerHash: ""v%\001\230\016\203\200\251UD\347\304\373\034\211\340@\342\033\263\365\356\341\357\350\324\035J\032\177\230\207""; ledgerSeq: 40; ","itype: liBASE; ledgerHash: ""v%\001\230\016\203\200\251UD\347\304\373\034\211\340@\342\033\263\365\356\341\357\350\324\035J\032\177\230\207""; ledgerSeq: 40; "
1750527660484,1750527660484,0,1,1,4,TMGetLedger,"itype: liBASE; ledgerHash: ""v%\001\230\016\203\200\251UD\347\304\373\034\211\340@\342\033\263\365\356\341\357\350\324\035J\032\177\230\207""; ledgerSeq: 40; ","itype: liBASE; ledgerHash: ""v%\001\230\016\203\200\251UD\347\304\373\034\211\340@\342\033\263\365\356\341\357\350\324\035J\032\177\230\207""; ledgerSeq: 40; "
1750527660484,1750527660484,0,1,1,0,TMGetLedger,"itype: liBASE; ledgerHash: ""v%\001\230\016\203\200\251UD\347\304\373\034\211\340@\342\033\263\365\356\341\357\350\324\035J\032\177\230\207""; ledgerSeq: 40; ","itype: liBASE; ledgerHash: ""v%\001\230\016\203\200\251UD\347\304\373\034\211\340@\342\033\263\365\356\341\357\350\324\035J\032\177\230\207""; ledgerSeq: 40; "
1750527660484,1750527660485,0,1,2,4,TMValidation,"validation: """"\200\000\000\001&\000\000\000()/\351\253,:p\210\265\307-\212\200\004Qv%\001\230\016\203\200\251UD\347\304\373\034\211\340@\342\033\263\365\356\341\357\350\324\035J\032\177\230\207P\027\000\000\000\000\000\000\000\000\000\000\000\000\000\000\000\000\000\000\000\000\000\000\000\000\000\000\000\000\000\000\000\000P\031wda\001\023\375\316\025\254\321\244\370+Y`\220\270\254\2601E[FI\310\235<qI \356\032s!\002\364d\217\366\217|\316F\232\231\241\n\261\333`\312O\367\235\025DD\336e\367\n\312\326\221\037\025\230vF0D\002 \024\017\014,a\220\255c\341\344\210\204\214\026m}(4\247I\266\202f\302\253i'\246\001\nB\033\002 Ow\272,\321}\254\224\227x\321\256\262\361\207\263#o\231]\306I\246|\314\236\244>\007\264h\266""; ","validation: """"\200\000\000\001&\000\000\000()/\351\253,:p\210\265\307-\212\200\004Qv%\001\230\016\203\200\251UD\347\304\373\034\211\340@\342\033\263\365\356\341\357\350\324\035J\032\177\230\207P\027\000\000\000\000\000\000\000\000\000\000\000\000\000\000\000\000\000\000\000\000\000\000\000\000\000\000\000\000\000\000\000\000P\031wda\001\023\375\316\025\254\321\244\370+Y`\220\270\254\2601E[FI\310\235<qI \356\032s!\002\364d\217\366\217|\316F\232\231\241\n\261\333`\312O\367\235\025DD\336e\367\n\312\326\221\037\025\230vF0D\002 \024\017\014,a\220\255c\341\344\210\204\214\026m}(4\247I\266\202f\302\253i'\246\001\nB\033\002 Ow\272,\321}\254\224\227x\321\256\262\361\207\263#o\231]\306I\246|\314\236\244>\007\264h\266""; "
1750527660485,1750527660485,0,1,2,4,TMGetLedger,"itype: liBASE; ledgerHash: ""v%\001\230\016\203\200\251UD\347\304\373\034\211\340@\342\033\263\365\356\341\357\350\324\035J\032\177\230\207""; ledgerSeq: 40; queryType: qtINDIRECT; ","itype: liBASE; ledgerHash: ""v%\001\230\016\203\200\251UD\347\304\373\034\211\340@\342\033\263\365\356\341\357\350\324\035J\032\177\230\207""; ledgerSeq: 40; queryType: qtINDIRECT; "
1750527660485,1750527660485,0,1,0,4,TMValidation,"validation: """"\200\000\000\001&\000\000\000()/\351\253,:p\210\265\307-\212\200\004Qv%\001\230\016\203\200\251UD\347\304\373\034\211\340@\342\033\263\365\356\341\357\350\324\035J\032\177\230\207P\027\000\000\000\000\000\000\000\000\000\000\000\000\000\000\000\000\000\000\000\000\000\000\000\000\000\000\000\000\000\000\000\000P\031wda\001\023\375\316\025\254\321\244\370+Y`\220\270\254\2601E[FI\310\235<qI \356\032s!\002\364d\217\366\217|\316F\232\231\241\n\261\333`\312O\367\235\025DD\336e\367\n\312\326\221\037\025\230vF0D\002 \024\017\014,a\220\255c\341\344\210\204\214\026m}(4\247I\266\202f\302\253i'\246\001\nB\033\002 Ow\272,\321}\254\224\227x\321\256\262\361\207\263#o\231]\306I\246|\314\236\244>\007\264h\266""; ","validation: """"\200\000\000\001&\000\000\000()/\351\253,:p\210\265\307-\212\200\004Qv%\001\230\016\203\200\251UD\347\304\373\034\211\340@\342\033\263\365\356\341\357\350\324\035J\032\177\230\207P\027\000\000\000\000\000\000\000\000\000\000\000\000\000\000\000\000\000\000\000\000\000\000\000\000\000\000\000\000\000\000\000\000P\031wda\001\023\375\316\025\254\321\244\370+Y`\220\270\254\2601E[FI\310\235<qI \356\032s!\002\364d\217\366\217|\316F\232\231\241\n\261\333`\312O\367\235\025DD\336e\367\n\312\326\221\037\025\230vF0D\002 \024\017\014,a\220\255c\341\344\210\204\214\026m}(4\247I\266\202f\302\253i'\246\001\nB\033\002 Ow\272,\321}\254\224\227x\321\256\262\361\207\263#o\231]\306I\246|\314\236\244>\007\264h\266""; "
1750527660486,1750527660486,0,1,0,4,TMGetLedger,"itype: liBASE; ledgerHash: ""v%\001\230\016\203\200\251UD\347\304\373\034\211\340@\342\033\263\365\356\341\357\350\324\035J\032\177\230\207""; ledgerSeq: 40; queryType: qtINDIRECT; ","itype: liBASE; ledgerHash: ""v%\001\230\016\203\200\251UD\347\304\373\034\211\340@\342\033\263\365\356\341\357\350\324\035J\032\177\230\207""; ledgerSeq: 40; queryType: qtINDIRECT; "
1750527660486,1750527660486,0,1,3,4,TMLedgerData,"ledgerHash: ""v%\001\230\016\203\200\251UD\347\304\373\034\211\340@\342\033\263\365\356\341\357\350\324\035J\032\177\230\207""; ledgerSeq: 40; type: liBASE; nodes {;   nodedata: ""\000\000\000(\001cEx]\211\377\330wda\001\023\375\316\025\254\321\244\370+Y`\220\270\254\2601E[FI\310\235<qI \356\032\000\000\000\000\000\000\000\000\000\000\000\000\000\000\000\000\000\000\000\000\000\000\000\000\000\000\000\000\000\000\000\000\221\225*\236\001\324p\323\221\026\212\351f{\276\316a\257\206} \242/\006\232\002k0\313\314\312\317/\351\253,/\351\253-\n\000""; }; nodes {;   nodedata: ""\323C\344\327\264{\312-\017:\006{\177\344N\002\326bO\260\220\006\033\362\345\005U\221DzJ0\001\301\025%1L\307\t\261\262z\374\222T\301\274V\236\223\262\270Ct\362\337b\356\024*\324\320\351\317\002k\336\234\027v\351\217\260\303\360\233ZPZWr\246$w\313\313\r\243r\232\2234\373\3539:N\004Q\245\272D\312D\300\300\t\323\0257\345e\271\na\215{\226\255x%T\257\037\333\004\344_/R\006E\344\037@\210\363\010\336T\226\247'\204_{\261\370""1\235\2445\343\033Y!\212\201\341\272\225'\007\213\035\024\177\217\222\314\307\364\352m\350\210vi\322\321\341\202\300\006\267\037#1\217;\300\227SH\320\013\003""; }; ","ledgerHash: ""v%\001\230\016\203\200\251UD\347\304\373\034\211\340@\342\033\263\365\356\341\357\350\324\035J\032\177\230\207""; ledgerSeq: 40; type: liBASE; nodes {;   nodedata: ""\000\000\000(\001cEx]\211\377\330wda\001\023\375\316\025\254\321\244\370+Y`\220\270\254\2601E[FI\310\235<qI \356\032\000\000\000\000\000\000\000\000\000\000\000\000\000\000\000\000\000\000\000\000\000\000\000\000\000\000\000\000\000\000\000\000\221\225*\236\001\324p\323\221\026\212\351f{\276\316a\257\206} \242/\006\232\002k0\313\314\312\317/\351\253,/\351\253-\n\000""; }; nodes {;   nodedata: ""\323C\344\327\264{\312-\017:\006{\177\344N\002\326bO\260\220\006\033\362\345\005U\221DzJ0\001\301\025%1L\307\t\261\262z\374\222T\301\274V\236\223\262\270Ct\362\337b\356\024*\324\320\351\317\002k\336\234\027v\351\217\260\303\360\233ZPZWr\246$w\313\313\r\243r\232\2234\373\3539:N\004Q\245\272D\312D\300\300\t\323\0257\345e\271\na\215{\226\255x%T\257\037\333\004\344_/R\006E\344\037@\210\363\010\336T\226\247'\204_{\261\370""1\235\2445\343\033Y!\212\201\341\272\225'\007\213\035\024\177\217\222\314\307\364\352m\350\210vi\322\321\341\202\300\006\267\037#1\217;\300\227SH\320\013\003""; }; "
1750527660487,1750527660487,0,1,1,4,TMGetLedger,"itype: liBASE; ledgerHash: ""v%\001\230\016\203\200\251UD\347\304\373\034\211\340@\342\033\263\365\356\341\357\350\324\035J\032\177\230\207""; ledgerSeq: 40; queryType: qtINDIRECT; ","itype: liBASE; ledgerHash: ""v%\001\230\016\203\200\251UD\347\304\373\034\211\340@\342\033\263\365\356\341\357\350\324\035J\032\177\230\207""; ledgerSeq: 40; queryType: qtINDIRECT; "
1750527660487,1750527660487,0,1,1,4,TMValidation,"validation: """"\200\000\000\001&\000\000\000()/\351\253,:p\210\265\307-\212\200\004Qv%\001\230\016\203\200\251UD\347\304\373\034\211\340@\342\033\263\365\356\341\357\350\324\035J\032\177\230\207P\027\000\000\000\000\000\000\000\000\000\000\000\000\000\000\000\000\000\000\000\000\000\000\000\000\000\000\000\000\000\000\000\000P\031wda\001\023\375\316\025\254\321\244\370+Y`\220\270\254\2601E[FI\310\235<qI \356\032s!\002\364d\217\366\217|\316F\232\231\241\n\261\333`\312O\367\235\025DD\336e\367\n\312\326\221\037\025\230vF0D\002 \024\017\014,a\220\255c\341\344\210\204\214\026m}(4\247I\266\202f\302\253i'\246\001\nB\033\002 Ow\272,\321}\254\224\227x\321\256\262\361\207\263#o\231]\306I\246|\314\236\244>\007\264h\266""; ","validation: """"\200\000\000\001&\000\000\000()/\351\253,:p\210\265\307-\212\200\004Qv%\001\230\016\203\200\251UD\347\304\373\034\211\340@\342\033\263\365\356\341\357\350\324\035J\032\177\230\207P\027\000\000\000\000\000\000\000\000\000\000\000\000\000\000\000\000\000\000\000\000\000\000\000\000\000\000\000\000\000\000\000\000P\031wda\001\023\375\316\025\254\321\244\370+Y`\220\270\254\2601E[FI\310\235<qI \356\032s!\002\364d\217\366\217|\316F\232\231\241\n\261\333`\312O\367\235\025DD\336e\367\n\312\326\221\037\025\230vF0D\002 \024\017\014,a\220\255c\341\344\210\204\214\026m}(4\247I\266\202f\302\253i'\246\001\nB\033\002 Ow\272,\321}\254\224\227x\321\256\262\361\207\263#o\231]\306I\246|\314\236\244>\007\264h\266""; "
1750527660487,1750527660487,0,1,3,4,TMLedgerData,"ledgerHash: ""v%\001\230\016\203\200\251UD\347\304\373\034\211\340@\342\033\263\365\356\341\357\350\324\035J\032\177\230\207""; ledgerSeq: 40; type: liBASE; nodes {;   nodedata: ""\000\000\000(\001cEx]\211\377\330wda\001\023\375\316\025\254\321\244\370+Y`\220\270\254\2601E[FI\310\235<qI \356\032\000\000\000\000\000\000\000\000\000\000\000\000\000\000\000\000\000\000\000\000\000\000\000\000\000\000\000\000\000\000\000\000\221\225*\236\001\324p\323\221\026\212\351f{\276\316a\257\206} \242/\006\232\002k0\313\314\312\317/\351\253,/\351\253-\n\000""; }; nodes {;   nodedata: ""\323C\344\327\264{\312-\017:\006{\177\344N\002\326bO\260\220\006\033\362\345\005U\221DzJ0\001\301\025%1L\307\t\261\262z\374\222T\301\274V\236\223\262\270Ct\362\337b\356\024*\324\320\351\317\002k\336\234\027v\351\217\260\303\360\233ZPZWr\246$w\313\313\r\243r\232\2234\373\3539:N\004Q\245\272D\312D\300\300\t\323\0257\345e\271\na\215{\226\255x%T\257\037\333\004\344_/R\006E\344\037@\210\363\010\336T\226\247'\204_{\261\370""1\235\2445\343\033Y!\212\201\341\272\225'\007\213\035\024\177\217\222\314\307\364\352m\350\210vi\322\321\341\202\300\006\267\037#1\217;\300\227SH\320\013\003""; }; ","ledgerHash: ""v%\001\230\016\203\200\251UD\347\304\373\034\211\340@\342\033\263\365\356\341\357\350\324\035J\032\177\230\207""; ledgerSeq: 40; type: liBASE; nodes {;   nodedata: ""\000\000\000(\001cEx]\211\377\330wda\001\023\375\316\025\254\321\244\370+Y`\220\270\254\2601E[FI\310\235<qI \356\032\000\000\000\000\000\000\000\000\000\000\000\000\000\000\000\000\000\000\000\000\000\000\000\000\000\000\000\000\000\000\000\000\221\225*\236\001\324p\323\221\026\212\351f{\276\316a\257\206} \242/\006\232\002k0\313\314\312\317/\351\253,/\351\253-\n\000""; }; nodes {;   nodedata: ""\323C\344\327\264{\312-\017:\006{\177\344N\002\326bO\260\220\006\033\362\345\005U\221DzJ0\001\301\025%1L\307\t\261\262z\374\222T\301\274V\236\223\262\270Ct\362\337b\356\024*\324\320\351\317\002k\336\234\027v\351\217\260\303\360\233ZPZWr\246$w\313\313\r\243r\232\2234\373\3539:N\004Q\245\272D\312D\300\300\t\323\0257\345e\271\na\215{\226\255x%T\257\037\333\004\344_/R\006E\344\037@\210\363\010\336T\226\247'\204_{\261\370""1\235\2445\343\033Y!\212\201\341\272\225'\007\213\035\024\177\217\222\314\307\364\352m\350\210vi\322\321\341\202\300\006\267\037#1\217;\300\227SH\320\013\003""; }; "
1750527660488,1750527660488,0,1,2,0,TMGetLedger,"itype: liBASE; ledgerHash: ""v%\001\230\016\203\200\251UD\347\304\373\034\211\340@\342\033\263\365\356\341\357\350\324\035J\032\177\230\207""; ledgerSeq: 40; queryType: qtINDIRECT; ","itype: liBASE; ledgerHash: ""v%\001\230\016\203\200\251UD\347\304\373\034\211\340@\342\033\263\365\356\341\357\350\324\035J\032\177\230\207""; ledgerSeq: 40; queryType: qtINDIRECT; "
1750527660488,1750527660488,0,1,2,0,TMValidation,"validation: """"\200\000\000\001&\000\000\000()/\351\253,:p\210\265\307-\212\200\004Qv%\001\230\016\203\200\251UD\347\304\373\034\211\340@\342\033\263\365\356\341\357\350\324\035J\032\177\230\207P\027\000\000\000\000\000\000\000\000\000\000\000\000\000\000\000\000\000\000\000\000\000\000\000\000\000\000\000\000\000\000\000\000P\031wda\001\023\375\316\025\254\321\244\370+Y`\220\270\254\2601E[FI\310\235<qI \356\032s!\002\364d\217\366\217|\316F\232\231\241\n\261\333`\312O\367\235\025DD\336e\367\n\312\326\221\037\025\230vF0D\002 \024\017\014,a\220\255c\341\344\210\204\214\026m}(4\247I\266\202f\302\253i'\246\001\nB\033\002 Ow\272,\321}\254\224\227x\321\256\262\361\207\263#o\231]\306I\246|\314\236\244>\007\264h\266""; ","validation: """"\200\000\000\001&\000\000\000()/\351\253,:p\210\265\307-\212\200\004Qv%\001\230\016\203\200\251UD\347\304\373\034\211\340@\342\033\263\365\356\341\357\350\324\035J\032\177\230\207P\027\000\000\000\000\000\000\000\000\000\000\000\000\000\000\000\000\000\000\000\000\000\000\000\000\000\000\000\000\000\000\000\000P\031wda\001\023\375\316\025\254\321\244\370+Y`\220\270\254\2601E[FI\310\235<qI \356\032s!\002\364d\217\366\217|\316F\232\231\241\n\261\333`\312O\367\235\025DD\336e\367\n\312\326\221\037\025\230vF0D\002 \024\017\014,a\220\255c\341\344\210\204\214\026m}(4\247I\266\202f\302\253i'\246\001\nB\033\002 Ow\272,\321}\254\224\227x\321\256\262\361\207\263#o\231]\306I\246|\314\236\244>\007\264h\266""; "
1750527660488,1750527660488,0,1,1,0,TMGetLedger,"itype: liBASE; ledgerHash: ""v%\001\230\016\203\200\251UD\347\304\373\034\211\340@\342\033\263\365\356\341\357\350\324\035J\032\177\230\207""; ledgerSeq: 40; queryType: qtINDIRECT; ","itype: liBASE; ledgerHash: ""v%\001\230\016\203\200\251UD\347\304\373\034\211\340@\342\033\263\365\356\341\357\350\324\035J\032\177\230\207""; ledgerSeq: 40; queryType: qtINDIRECT; "
1750527660489,1750527660489,0,1,1,0,TMValidation,"validation: """"\200\000\000\001&\000\000\000()/\351\253,:p\210\265\307-\212\200\004Qv%\001\230\016\203\200\251UD\347\304\373\034\211\340@\342\033\263\365\356\341\357\350\324\035J\032\177\230\207P\027\000\000\000\000\000\000\000\000\000\000\000\000\000\000\000\000\000\000\000\000\000\000\000\000\000\000\000\000\000\000\000\000P\031wda\001\023\375\316\025\254\321\244\370+Y`\220\270\254\2601E[FI\310\235<qI \356\032s!\002\364d\217\366\217|\316F\232\231\241\n\261\333`\312O\367\235\025DD\336e\367\n\312\326\221\037\025\230vF0D\002 \024\017\014,a\220\255c\341\344\210\204\214\026m}(4\247I\266\202f\302\253i'\246\001\nB\033\002 Ow\272,\321}\254\224\227x\321\256\262\361\207\263#o\231]\306I\246|\314\236\244>\007\264h\266""; ","validation: """"\200\000\000\001&\000\000\000()/\351\253,:p\210\265\307-\212\200\004Qv%\001\230\016\203\200\251UD\347\304\373\034\211\340@\342\033\263\365\356\341\357\350\324\035J\032\177\230\207P\027\000\000\000\000\000\000\000\000\000\000\000\000\000\000\000\000\000\000\000\000\000\000\000\000\000\000\000\000\000\000\000\000P\031wda\001\023\375\316\025\254\321\244\370+Y`\220\270\254\2601E[FI\310\235<qI \356\032s!\002\364d\217\366\217|\316F\232\231\241\n\261\333`\312O\367\235\025DD\336e\367\n\312\326\221\037\025\230vF0D\002 \024\017\014,a\220\255c\341\344\210\204\214\026m}(4\247I\266\202f\302\253i'\246\001\nB\033\002 Ow\272,\321}\254\224\227x\321\256\262\361\207\263#o\231]\306I\246|\314\236\244>\007\264h\266""; "
1750527660489,1750527660489,0,1,3,0,TMLedgerData,"ledgerHash: ""v%\001\230\016\203\200\251UD\347\304\373\034\211\340@\342\033\263\365\356\341\357\350\324\035J\032\177\230\207""; ledgerSeq: 40; type: liBASE; nodes {;   nodedata: ""\000\000\000(\001cEx]\211\377\330wda\001\023\375\316\025\254\321\244\370+Y`\220\270\254\2601E[FI\310\235<qI \356\032\000\000\000\000\000\000\000\000\000\000\000\000\000\000\000\000\000\000\000\000\000\000\000\000\000\000\000\000\000\000\000\000\221\225*\236\001\324p\323\221\026\212\351f{\276\316a\257\206} \242/\006\232\002k0\313\314\312\317/\351\253,/\351\253-\n\000""; }; nodes {;   nodedata: ""\323C\344\327\264{\312-\017:\006{\177\344N\002\326bO\260\220\006\033\362\345\005U\221DzJ0\001\301\025%1L\307\t\261\262z\374\222T\301\274V\236\223\262\270Ct\362\337b\356\024*\324\320\351\317\002k\336\234\027v\351\217\260\303\360\233ZPZWr\246$w\313\313\r\243r\232\2234\373\3539:N\004Q\245\272D\312D\300\300\t\323\0257\345e\271\na\215{\226\255x%T\257\037\333\004\344_/R\006E\344\037@\210\363\010\336T\226\247'\204_{\261\370""1\235\2445\343\033Y!\212\201\341\272\225'\007\213\035\024\177\217\222\314\307\364\352m\350\210vi\322\321\341\202\300\006\267\037#1\217;\300\227SH\320\013\003""; }; ","ledgerHash: ""v%\001\230\016\203\200\251UD\347\304\373\034\211\340@\342\033\263\365\356\341\357\350\324\035J\032\177\230\207""; ledgerSeq: 40; type: liBASE; nodes {;   nodedata: ""\000\000\000(\001cEx]\211\377\330wda\001\023\375\316\025\254\321\244\370+Y`\220\270\254\2601E[FI\310\235<qI \356\032\000\000\000\000\000\000\000\000\000\000\000\000\000\000\000\000\000\000\000\000\000\000\000\000\000\000\000\000\000\000\000\000\221\225*\236\001\324p\323\221\026\212\351f{\276\316a\257\206} \242/\006\232\002k0\313\314\312\317/\351\253,/\351\253-\n\000""; }; nodes {;   nodedata: ""\323C\344\327\264{\312-\017:\006{\177\344N\002\326bO\260\220\006\033\362\345\005U\221DzJ0\001\301\025%1L\307\t\261\262z\374\222T\301\274V\236\223\262\270Ct\362\337b\356\024*\324\320\351\317\002k\336\234\027v\351\217\260\303\360\233ZPZWr\246$w\313\313\r\243r\232\2234\373\3539:N\004Q\245\272D\312D\300\300\t\323\0257\345e\271\na\215{\226\255x%T\257\037\333\004\344_/R\006E\344\037@\210\363\010\336T\226\247'\204_{\261\370""1\235\2445\343\033Y!\212\201\341\272\225'\007\213\035\024\177\217\222\314\307\364\352m\350\210vi\322\321\341\202\300\006\267\037#1\217;\300\227SH\320\013\003""; }; "
1750527660489,1750527660489,0,1,3,2,TMLedgerData,"ledgerHash: ""v%\001\230\016\203\200\251UD\347\304\373\034\211\340@\342\033\263\365\356\341\357\350\324\035J\032\177\230\207""; ledgerSeq: 40; type: liBASE; nodes {;   nodedata: ""\000\000\000(\001cEx]\211\377\330wda\001\023\375\316\025\254\321\244\370+Y`\220\270\254\2601E[FI\310\235<qI \356\032\000\000\000\000\000\000\000\000\000\000\000\000\000\000\000\000\000\000\000\000\000\000\000\000\000\000\000\000\000\000\000\000\221\225*\236\001\324p\323\221\026\212\351f{\276\316a\257\206} \242/\006\232\002k0\313\314\312\317/\351\253,/\351\253-\n\000""; }; nodes {;   nodedata: ""\323C\344\327\264{\312-\017:\006{\177\344N\002\326bO\260\220\006\033\362\345\005U\221DzJ0\001\301\025%1L\307\t\261\262z\374\222T\301\274V\236\223\262\270Ct\362\337b\356\024*\324\320\351\317\002k\336\234\027v\351\217\260\303\360\233ZPZWr\246$w\313\313\r\243r\232\2234\373\3539:N\004Q\245\272D\312D\300\300\t\323\0257\345e\271\na\215{\226\255x%T\257\037\333\004\344_/R\006E\344\037@\210\363\010\336T\226\247'\204_{\261\370""1\235\2445\343\033Y!\212\201\341\272\225'\007\213\035\024\177\217\222\314\307\364\352m\350\210vi\322\321\341\202\300\006\267\037#1\217;\300\227SH\320\013\003""; }; ","ledgerHash: ""v%\001\230\016\203\200\251UD\347\304\373\034\211\340@\342\033\263\365\356\341\357\350\324\035J\032\177\230\207""; ledgerSeq: 40; type: liBASE; nodes {;   nodedata: ""\000\000\000(\001cEx]\211\377\330wda\001\023\375\316\025\254\321\244\370+Y`\220\270\254\2601E[FI\310\235<qI \356\032\000\000\000\000\000\000\000\000\000\000\000\000\000\000\000\000\000\000\000\000\000\000\000\000\000\000\000\000\000\000\000\000\221\225*\236\001\324p\323\221\026\212\351f{\276\316a\257\206} \242/\006\232\002k0\313\314\312\317/\351\253,/\351\253-\n\000""; }; nodes {;   nodedata: ""\323C\344\327\264{\312-\017:\006{\177\344N\002\326bO\260\220\006\033\362\345\005U\221DzJ0\001\301\025%1L\307\t\261\262z\374\222T\301\274V\236\223\262\270Ct\362\337b\356\024*\324\320\351\317\002k\336\234\027v\351\217\260\303\360\233ZPZWr\246$w\313\313\r\243r\232\2234\373\3539:N\004Q\245\272D\312D\300\300\t\323\0257\345e\271\na\215{\226\255x%T\257\037\333\004\344_/R\006E\344\037@\210\363\010\336T\226\247'\204_{\261\370""1\235\2445\343\033Y!\212\201\341\272\225'\007\213\035\024\177\217\222\314\307\364\352m\350\210vi\322\321\341\202\300\006\267\037#1\217;\300\227SH\320\013\003""; }; "
1750527660490,1750527660490,0,1,0,2,TMGetLedger,"itype: liBASE; ledgerHash: ""v%\001\230\016\203\200\251UD\347\304\373\034\211\340@\342\033\263\365\356\341\357\350\324\035J\032\177\230\207""; ledgerSeq: 40; queryType: qtINDIRECT; ","itype: liBASE; ledgerHash: ""v%\001\230\016\203\200\251UD\347\304\373\034\211\340@\342\033\263\365\356\341\357\350\324\035J\032\177\230\207""; ledgerSeq: 40; queryType: qtINDIRECT; "
1750527660490,1750527660490,0,1,0,2,TMValidation,"validation: """"\200\000\000\001&\000\000\000()/\351\253,:p\210\265\307-\212\200\004Qv%\001\230\016\203\200\251UD\347\304\373\034\211\340@\342\033\263\365\356\341\357\350\324\035J\032\177\230\207P\027\000\000\000\000\000\000\000\000\000\000\000\000\000\000\000\000\000\000\000\000\000\000\000\000\000\000\000\000\000\000\000\000P\031wda\001\023\375\316\025\254\321\244\370+Y`\220\270\254\2601E[FI\310\235<qI \356\032s!\002\364d\217\366\217|\316F\232\231\241\n\261\333`\312O\367\235\025DD\336e\367\n\312\326\221\037\025\230vF0D\002 \024\017\014,a\220\255c\341\344\210\204\214\026m}(4\247I\266\202f\302\253i'\246\001\nB\033\002 Ow\272,\321}\254\224\227x\321\256\262\361\207\263#o\231]\306I\246|\314\236\244>\007\264h\266""; ","validation: """"\200\000\000\001&\000\000\000()/\351\253,:p\210\265\307-\212\200\004Qv%\001\230\016\203\200\251UD\347\304\373\034\211\340@\342\033\263\365\356\341\357\350\324\035J\032\177\230\207P\027\000\000\000\000\000\000\000\000\000\000\000\000\000\000\000\000\000\000\000\000\000\000\000\000\000\000\000\000\000\000\000\000P\031wda\001\023\375\316\025\254\321\244\370+Y`\220\270\254\2601E[FI\310\235<qI \356\032s!\002\364d\217\366\217|\316F\232\231\241\n\261\333`\312O\367\235\025DD\336e\367\n\312\326\221\037\025\230vF0D\002 \024\017\014,a\220\255c\341\344\210\204\214\026m}(4\247I\266\202f\302\253i'\246\001\nB\033\002 Ow\272,\321}\254\224\227x\321\256\262\361\207\263#o\231]\306I\246|\314\236\244>\007\264h\266""; "
1750527660491,1750527660491,0,1,1,2,TMGetLedger,"itype: liBASE; ledgerHash: ""v%\001\230\016\203\200\251UD\347\304\373\034\211\340@\342\033\263\365\356\341\357\350\324\035J\032\177\230\207""; ledgerSeq: 40; queryType: qtINDIRECT; ","itype: liBASE; ledgerHash: ""v%\001\230\016\203\200\251UD\347\304\373\034\211\340@\342\033\263\365\356\341\357\350\324\035J\032\177\230\207""; ledgerSeq: 40; queryType: qtINDIRECT; "
1750527660491,1750527660491,0,1,1,2,TMValidation,"validation: """"\200\000\000\001&\000\000\000()/\351\253,:p\210\265\307-\212\200\004Qv%\001\230\016\203\200\251UD\347\304\373\034\211\340@\342\033\263\365\356\341\357\350\324\035J\032\177\230\207P\027\000\000\000\000\000\000\000\000\000\000\000\000\000\000\000\000\000\000\000\000\000\000\000\000\000\000\000\000\000\000\000\000P\031wda\001\023\375\316\025\254\321\244\370+Y`\220\270\254\2601E[FI\310\235<qI \356\032s!\002\364d\217\366\217|\316F\232\231\241\n\261\333`\312O\367\235\025DD\336e\367\n\312\326\221\037\025\230vF0D\002 \024\017\014,a\220\255c\341\344\210\204\214\026m}(4\247I\266\202f\302\253i'\246\001\nB\033\002 Ow\272,\321}\254\224\227x\321\256\262\361\207\263#o\231]\306I\246|\314\236\244>\007\264h\266""; ","validation: """"\200\000\000\001&\000\000\000()/\351\253,:p\210\265\307-\212\200\004Qv%\001\230\016\203\200\251UD\347\304\373\034\211\340@\342\033\263\365\356\341\357\350\324\035J\032\177\230\207P\027\000\000\000\000\000\000\000\000\000\000\000\000\000\000\000\000\000\000\000\000\000\000\000\000\000\000\000\000\000\000\000\000P\031wda\001\023\375\316\025\254\321\244\370+Y`\220\270\254\2601E[FI\310\235<qI \356\032s!\002\364d\217\366\217|\316F\232\231\241\n\261\333`\312O\367\235\025DD\336e\367\n\312\326\221\037\025\230vF0D\002 \024\017\014,a\220\255c\341\344\210\204\214\026m}(4\247I\266\202f\302\253i'\246\001\nB\033\002 Ow\272,\321}\254\224\227x\321\256\262\361\207\263#o\231]\306I\246|\314\236\244>\007\264h\266""; "
1750527660491,1750527660491,0,1,3,0,TMLedgerData,"ledgerHash: ""v%\001\230\016\203\200\251UD\347\304\373\034\211\340@\342\033\263\365\356\341\357\350\324\035J\032\177\230\207""; ledgerSeq: 40; type: liBASE; nodes {;   nodedata: ""\000\000\000(\001cEx]\211\377\330wda\001\023\375\316\025\254\321\244\370+Y`\220\270\254\2601E[FI\310\235<qI \356\032\000\000\000\000\000\000\000\000\000\000\000\000\000\000\000\000\000\000\000\000\000\000\000\000\000\000\000\000\000\000\000\000\221\225*\236\001\324p\323\221\026\212\351f{\276\316a\257\206} \242/\006\232\002k0\313\314\312\317/\351\253,/\351\253-\n\000""; }; nodes {;   nodedata: ""\323C\344\327\264{\312-\017:\006{\177\344N\002\326bO\260\220\006\033\362\345\005U\221DzJ0\001\301\025%1L\307\t\261\262z\374\222T\301\274V\236\223\262\270Ct\362\337b\356\024*\324\320\351\317\002k\336\234\027v\351\217\260\303\360\233ZPZWr\246$w\313\313\r\243r\232\2234\373\3539:N\004Q\245\272D\312D\300\300\t\323\0257\345e\271\na\215{\226\255x%T\257\037\333\004\344_/R\006E\344\037@\210\363\010\336T\226\247'\204_{\261\370""1\235\2445\343\033Y!\212\201\341\272\225'\007\213\035\024\177\217\222\314\307\364\352m\350\210vi\322\321\341\202\300\006\267\037#1\217;\300\227SH\320\013\003""; }; ","ledgerHash: ""v%\001\230\016\203\200\251UD\347\304\373\034\211\340@\342\033\263\365\356\341\357\350\324\035J\032\177\230\207""; ledgerSeq: 40; type: liBASE; nodes {;   nodedata: ""\000\000\000(\001cEx]\211\377\330wda\001\023\375\316\025\254\321\244\370+Y`\220\270\254\2601E[FI\310\235<qI \356\032\000\000\000\000\000\000\000\000\000\000\000\000\000\000\000\000\000\000\000\000\000\000\000\000\000\000\000\000\000\000\000\000\221\225*\236\001\324p\323\221\026\212\351f{\276\316a\257\206} \242/\006\232\002k0\313\314\312\317/\351\253,/\351\253-\n\000""; }; nodes {;   nodedata: ""\323C\344\327\264{\312-\017:\006{\177\344N\002\326bO\260\220\006\033\362\345\005U\221DzJ0\001\301\025%1L\307\t\261\262z\374\222T\301\274V\236\223\262\270Ct\362\337b\356\024*\324\320\351\317\002k\336\234\027v\351\217\260\303\360\233ZPZWr\246$w\313\313\r\243r\232\2234\373\3539:N\004Q\245\272D\312D\300\300\t\323\0257\345e\271\na\215{\226\255x%T\257\037\333\004\344_/R\006E\344\037@\210\363\010\336T\226\247'\204_{\261\370""1\235\2445\343\033Y!\212\201\341\272\225'\007\213\035\024\177\217\222\314\307\364\352m\350\210vi\322\321\341\202\300\006\267\037#1\217;\300\227SH\320\013\003""; }; "
1750527660492,1750527660492,0,1,3,1,TMLedgerData,"ledgerHash: ""v%\001\230\016\203\200\251UD\347\304\373\034\211\340@\342\033\263\365\356\341\357\350\324\035J\032\177\230\207""; ledgerSeq: 40; type: liBASE; nodes {;   nodedata: ""\000\000\000(\001cEx]\211\377\330wda\001\023\375\316\025\254\321\244\370+Y`\220\270\254\2601E[FI\310\235<qI \356\032\000\000\000\000\000\000\000\000\000\000\000\000\000\000\000\000\000\000\000\000\000\000\000\000\000\000\000\000\000\000\000\000\221\225*\236\001\324p\323\221\026\212\351f{\276\316a\257\206} \242/\006\232\002k0\313\314\312\317/\351\253,/\351\253-\n\000""; }; nodes {;   nodedata: ""\323C\344\327\264{\312-\017:\006{\177\344N\002\326bO\260\220\006\033\362\345\005U\221DzJ0\001\301\025%1L\307\t\261\262z\374\222T\301\274V\236\223\262\270Ct\362\337b\356\024*\324\320\351\317\002k\336\234\027v\351\217\260\303\360\233ZPZWr\246$w\313\313\r\243r\232\2234\373\3539:N\004Q\245\272D\312D\300\300\t\323\0257\345e\271\na\215{\226\255x%T\257\037\333\004\344_/R\006E\344\037@\210\363\010\336T\226\247'\204_{\261\370""1\235\2445\343\033Y!\212\201\341\272\225'\007\213\035\024\177\217\222\314\307\364\352m\350\210vi\322\321\341\202\300\006\267\037#1\217;\300\227SH\320\013\003""; }; ","ledgerHash: ""v%\001\230\016\203\200\251UD\347\304\373\034\211\340@\342\033\263\365\356\341\357\350\324\035J\032\177\230\207""; ledgerSeq: 40; type: liBASE; nodes {;   nodedata: ""\000\000\000(\001cEx]\211\377\330wda\001\023\375\316\025\254\321\244\370+Y`\220\270\254\2601E[FI\310\235<qI \356\032\000\000\000\000\000\000\000\000\000\000\000\000\000\000\000\000\000\000\000\000\000\000\000\000\000\000\000\000\000\000\000\000\221\225*\236\001\324p\323\221\026\212\351f{\276\316a\257\206} \242/\006\232\002k0\313\314\312\317/\351\253,/\351\253-\n\000""; }; nodes {;   nodedata: ""\323C\344\327\264{\312-\017:\006{\177\344N\002\326bO\260\220\006\033\362\345\005U\221DzJ0\001\301\025%1L\307\t\261\262z\374\222T\301\274V\236\223\262\270Ct\362\337b\356\024*\324\320\351\317\002k\336\234\027v\351\217\260\303\360\233ZPZWr\246$w\313\313\r\243r\232\2234\373\3539:N\004Q\245\272D\312D\300\300\t\323\0257\345e\271\na\215{\226\255x%T\257\037\333\004\344_/R\006E\344\037@\210\363\010\336T\226\247'\204_{\261\370""1\235\2445\343\033Y!\212\201\341\272\225'\007\213\035\024\177\217\222\314\307\364\352m\350\210vi\322\321\341\202\300\006\267\037#1\217;\300\227SH\320\013\003""; }; "
1750527660492,1750527660492,0,1,2,1,TMValidation,"validation: """"\200\000\000\001&\000\000\000()/\351\253,:p\210\265\307-\212\200\004Qv%\001\230\016\203\200\251UD\347\304\373\034\211\340@\342\033\263\365\356\341\357\350\324\035J\032\177\230\207P\027\000\000\000\000\000\000\000\000\000\000\000\000\000\000\000\000\000\000\000\000\000\000\000\000\000\000\000\000\000\000\000\000P\031wda\001\023\375\316\025\254\321\244\370+Y`\220\270\254\2601E[FI\310\235<qI \356\032s!\002\364d\217\366\217|\316F\232\231\241\n\261\333`\312O\367\235\025DD\336e\367\n\312\326\221\037\025\230vF0D\002 \024\017\014,a\220\255c\341\344\210\204\214\026m}(4\247I\266\202f\302\253i'\246\001\nB\033\002 Ow\272,\321}\254\224\227x\321\256\262\361\207\263#o\231]\306I\246|\314\236\244>\007\264h\266""; ","validation: """"\200\000\000\001&\000\000\000()/\351\253,:p\210\265\307-\212\200\004Qv%\001\230\016\203\200\251UD\347\304\373\034\211\340@\342\033\263\365\356\341\357\350\324\035J\032\177\230\207P\027\000\000\000\000\000\000\000\000\000\000\000\000\000\000\000\000\000\000\000\000\000\000\000\000\000\000\000\000\000\000\000\000P\031wda\001\023\375\316\025\254\321\244\370+Y`\220\270\254\2601E[FI\310\235<qI \356\032s!\002\364d\217\366\217|\316F\232\231\241\n\261\333`\312O\367\235\025DD\336e\367\n\312\326\221\037\025\230vF0D\002 \024\017\014,a\220\255c\341\344\210\204\214\026m}(4\247I\266\202f\302\253i'\246\001\nB\033\002 Ow\272,\321}\254\224\227x\321\256\262\361\207\263#o\231]\306I\246|\314\236\244>\007\264h\266""; "
1750527660492,1750527660492,0,1,2,1,TMGetLedger,"itype: liBASE; ledgerHash: ""v%\001\230\016\203\200\251UD\347\304\373\034\211\340@\342\033\263\365\356\341\357\350\324\035J\032\177\230\207""; ledgerSeq: 40; queryType: qtINDIRECT; ","itype: liBASE; ledgerHash: ""v%\001\230\016\203\200\251UD\347\304\373\034\211\340@\342\033\263\365\356\341\357\350\324\035J\032\177\230\207""; ledgerSeq: 40; queryType: qtINDIRECT; "
1750527660493,1750527660493,0,1,0,1,TMValidation,"validation: """"\200\000\000\001&\000\000\000()/\351\253,:p\210\265\307-\212\200\004Qv%\001\230\016\203\200\251UD\347\304\373\034\211\340@\342\033\263\365\356\341\357\350\324\035J\032\177\230\207P\027\000\000\000\000\000\000\000\000\000\000\000\000\000\000\000\000\000\000\000\000\000\000\000\000\000\000\000\000\000\000\000\000P\031wda\001\023\375\316\025\254\321\244\370+Y`\220\270\254\2601E[FI\310\235<qI \356\032s!\002\364d\217\366\217|\316F\232\231\241\n\261\333`\312O\367\235\025DD\336e\367\n\312\326\221\037\025\230vF0D\002 \024\017\014,a\220\255c\341\344\210\204\214\026m}(4\247I\266\202f\302\253i'\246\001\nB\033\002 Ow\272,\321}\254\224\227x\321\256\262\361\207\263#o\231]\306I\246|\314\236\244>\007\264h\266""; ","validation: """"\200\000\000\001&\000\000\000()/\351\253,:p\210\265\307-\212\200\004Qv%\001\230\016\203\200\251UD\347\304\373\034\211\340@\342\033\263\365\356\341\357\350\324\035J\032\177\230\207P\027\000\000\000\000\000\000\000\000\000\000\000\000\000\000\000\000\000\000\000\000\000\000\000\000\000\000\000\000\000\000\000\000P\031wda\001\023\375\316\025\254\321\244\370+Y`\220\270\254\2601E[FI\310\235<qI \356\032s!\002\364d\217\366\217|\316F\232\231\241\n\261\333`\312O\367\235\025DD\336e\367\n\312\326\221\037\025\230vF0D\002 \024\017\014,a\220\255c\341\344\210\204\214\026m}(4\247I\266\202f\302\253i'\246\001\nB\033\002 Ow\272,\321}\254\224\227x\321\256\262\361\207\263#o\231]\306I\246|\314\236\244>\007\264h\266""; "
1750527660493,1750527660493,0,1,0,1,TMGetLedger,"itype: liBASE; ledgerHash: ""v%\001\230\016\203\200\251UD\347\304\373\034\211\340@\342\033\263\365\356\341\357\350\324\035J\032\177\230\207""; ledgerSeq: 40; queryType: qtINDIRECT; ","itype: liBASE; ledgerHash: ""v%\001\230\016\203\200\251UD\347\304\373\034\211\340@\342\033\263\365\356\341\357\350\324\035J\032\177\230\207""; ledgerSeq: 40; queryType: qtINDIRECT; "
1750527660493,1750527660493,0,1,4,3,TMGetLedger,"itype: liBASE; ledgerHash: ""v%\001\230\016\203\200\251UD\347\304\373\034\211\340@\342\033\263\365\356\341\357\350\324\035J\032\177\230\207""; ledgerSeq: 40; requestCookie: 3; queryType: qtINDIRECT; ","itype: liBASE; ledgerHash: ""v%\001\230\016\203\200\251UD\347\304\373\034\211\340@\342\033\263\365\356\341\357\350\324\035J\032\177\230\207""; ledgerSeq: 40; requestCookie: 3; queryType: qtINDIRECT; "
1750527660494,1750527660494,0,1,4,3,TMGetLedger,"itype: liBASE; ledgerHash: ""v%\001\230\016\203\200\251UD\347\304\373\034\211\340@\342\033\263\365\356\341\357\350\324\035J\032\177\230\207""; ledgerSeq: 40; requestCookie: 1; queryType: qtINDIRECT; ","itype: liBASE; ledgerHash: ""v%\001\230\016\203\200\251UD\347\304\373\034\211\340@\342\033\263\365\356\341\357\350\324\035J\032\177\230\207""; ledgerSeq: 40; requestCookie: 1; queryType: qtINDIRECT; "
1750527660494,1750527660494,0,1,4,3,TMGetLedger,"itype: liAS_NODE; ledgerHash: ""v%\001\230\016\203\200\251UD\347\304\373\034\211\340@\342\033\263\365\356\341\357\350\324\035J\032\177\230\207""; ledgerSeq: 40; nodeIDs: ""\260\000\000\000\000\000\000\000\000\000\000\000\000\000\000\000\000\000\000\000\000\000\000\000\000\000\000\000\000\000\000\000\001""; queryType: qtINDIRECT; queryDepth: 1; ","itype: liAS_NODE; ledgerHash: ""v%\001\230\016\203\200\251UD\347\304\373\034\211\340@\342\033\263\365\356\341\357\350\324\035J\032\177\230\207""; ledgerSeq: 40; nodeIDs: ""\260\000\000\000\000\000\000\000\000\000\000\000\000\000\000\000\000\000\000\000\000\000\000\000\000\000\000\000\000\000\000\000\001""; queryType: qtINDIRECT; queryDepth: 1; "
1750527660494,1750527660494,0,1,4,3,TMGetLedger,"itype: liBASE; ledgerHash: ""v%\001\230\016\203\200\251UD\347\304\373\034\211\340@\342\033\263\365\356\341\357\350\324\035J\032\177\230\207""; ledgerSeq: 40; requestCookie: 2; queryType: qtINDIRECT; ","itype: liBASE; ledgerHash: ""v%\001\230\016\203\200\251UD\347\304\373\034\211\340@\342\033\263\365\356\341\357\350\324\035J\032\177\230\207""; ledgerSeq: 40; requestCookie: 2; queryType: qtINDIRECT; "
1750527660495,1750527660495,0,1,0,3,TMGetLedger,"itype: liBASE; ledgerHash: ""v%\001\230\016\203\200\251UD\347\304\373\034\211\340@\342\033\263\365\356\341\357\350\324\035J\032\177\230\207""; ledgerSeq: 40; requestCookie: 2; queryType: qtINDIRECT; ","itype: liBASE; ledgerHash: ""v%\001\230\016\203\200\251UD\347\304\373\034\211\340@\342\033\263\365\356\341\357\350\324\035J\032\177\230\207""; ledgerSeq: 40; requestCookie: 2; queryType: qtINDIRECT; "
1750527660495,1750527660495,0,1,0,3,TMGetLedger,"itype: liBASE; ledgerHash: ""v%\001\230\016\203\200\251UD\347\304\373\034\211\340@\342\033\263\365\356\341\357\350\324\035J\032\177\230\207""; requestCookie: 5; queryType: qtINDIRECT; ","itype: liBASE; ledgerHash: ""v%\001\230\016\203\200\251UD\347\304\373\034\211\340@\342\033\263\365\356\341\357\350\324\035J\032\177\230\207""; requestCookie: 5; queryType: qtINDIRECT; "
1750527660495,1750527660495,0,1,0,3,TMGetLedger,"itype: liBASE; ledgerHash: ""v%\001\230\016\203\200\251UD\347\304\373\034\211\340@\342\033\263\365\356\341\357\350\324\035J\032\177\230\207""; ledgerSeq: 40; requestCookie: 3; queryType: qtINDIRECT; ","itype: liBASE; ledgerHash: ""v%\001\230\016\203\200\251UD\347\304\373\034\211\340@\342\033\263\365\356\341\357\350\324\035J\032\177\230\207""; ledgerSeq: 40; requestCookie: 3; queryType: qtINDIRECT; "
1750527660496,1750527660496,0,1,2,3,TMGetLedger,"itype: liBASE; ledgerHash: ""v%\001\230\016\203\200\251UD\347\304\373\034\211\340@\342\033\263\365\356\341\357\350\324\035J\032\177\230\207""; requestCookie: 5; queryType: qtINDIRECT; ","itype: liBASE; ledgerHash: ""v%\001\230\016\203\200\251UD\347\304\373\034\211\340@\342\033\263\365\356\341\357\350\324\035J\032\177\230\207""; requestCookie: 5; queryType: qtINDIRECT; "
1750527660496,1750527660496,0,1,2,3,TMGetLedger,"itype: liBASE; ledgerHash: ""v%\001\230\016\203\200\251UD\347\304\373\034\211\340@\342\033\263\365\356\341\357\350\324\035J\032\177\230\207""; ledgerSeq: 40; queryType: qtINDIRECT; ","itype: liBASE; ledgerHash: ""v%\001\230\016\203\200\251UD\347\304\373\034\211\340@\342\033\263\365\356\341\357\350\324\035J\032\177\230\207""; ledgerSeq: 40; queryType: qtINDIRECT; "
1750527660496,1750527660496,0,1,0,3,TMGetLedger,"itype: liAS_NODE; ledgerHash: ""v%\001\230\016\203\200\251UD\347\304\373\034\211\340@\342\033\263\365\356\341\357\350\324\035J\032\177\230\207""; ledgerSeq: 40; nodeIDs: ""\260\000\000\000\000\000\000\000\000\000\000\000\000\000\000\000\000\000\000\000\000\000\000\000\000\000\000\000\000\000\000\000\001""; queryType: qtINDIRECT; queryDepth: 1; ","itype: liAS_NODE; ledgerHash: ""v%\001\230\016\203\200\251UD\347\304\373\034\211\340@\342\033\263\365\356\341\357\350\324\035J\032\177\230\207""; ledgerSeq: 40; nodeIDs: ""\260\000\000\000\000\000\000\000\000\000\000\000\000\000\000\000\000\000\000\000\000\000\000\000\000\000\000\000\000\000\000\000\001""; queryType: qtINDIRECT; queryDepth: 1; "
1750527660496,1750527660496,0,1,1,3,TMGetLedger,"itype: liBASE; ledgerHash: ""v%\001\230\016\203\200\251UD\347\304\373\034\211\340@\342\033\263\365\356\341\357\350\324\035J\032\177\230\207""; requestCookie: 5; queryType: qtINDIRECT; ","itype: liBASE; ledgerHash: ""v%\001\230\016\203\200\251UD\347\304\373\034\211\340@\342\033\263\365\356\341\357\350\324\035J\032\177\230\207""; requestCookie: 5; queryType: qtINDIRECT; "
1750527660496,1750527660496,0,1,1,3,TMGetLedger,"itype: liBASE; ledgerHash: ""v%\001\230\016\203\200\251UD\347\304\373\034\211\340@\342\033\263\365\356\341\357\350\324\035J\032\177\230\207""; ledgerSeq: 40; queryType: qtINDIRECT; ","itype: liBASE; ledgerHash: ""v%\001\230\016\203\200\251UD\347\304\373\034\211\340@\342\033\263\365\356\341\357\350\324\035J\032\177\230\207""; ledgerSeq: 40; queryType: qtINDIRECT; "
1750527660497,1750527660497,0,1,3,4,TMLedgerData,"ledgerHash: ""v%\001\230\016\203\200\251UD\347\304\373\034\211\340@\342\033\263\365\356\341\357\350\324\035J\032\177\230\207""; ledgerSeq: 40; type: liBASE; nodes {;   nodedata: ""\000\000\000(\001cEx]\211\377\330wda\001\023\375\316\025\254\321\244\370+Y`\220\270\254\2601E[FI\310\235<qI \356\032\000\000\000\000\000\000\000\000\000\000\000\000\000\000\000\000\000\000\000\000\000\000\000\000\000\000\000\000\000\000\000\000\221\225*\236\001\324p\323\221\026\212\351f{\276\316a\257\206} \242/\006\232\002k0\313\314\312\317/\351\253,/\351\253-\n\000""; }; nodes {;   nodedata: ""\323C\344\327\264{\312-\017:\006{\177\344N\002\326bO\260\220\006\033\362\345\005U\221DzJ0\001\301\025%1L\307\t\261\262z\374\222T\301\274V\236\223\262\270Ct\362\337b\356\024*\324\320\351\317\002k\336\234\027v\351\217\260\303\360\233ZPZWr\246$w\313\313\r\243r\232\2234\373\3539:N\004Q\245\272D\312D\300\300\t\323\0257\345e\271\na\215{\226\255x%T\257\037\333\004\344_/R\006E\344\037@\210\363\010\336T\226\247'\204_{\261\370""1\235\2445\343\033Y!\212\201\341\272\225'\007\213\035\024\177\217\222\314\307\364\352m\350\210vi\322\321\341\202\300\006\267\037#1\217;\300\227SH\320\013\003""; }; requestCookie: 3; ","ledgerHash: ""v%\001\230\016\203\200\251UD\347\304\373\034\211\340@\342\033\263\365\356\341\357\350\324\035J\032\177\230\207""; ledgerSeq: 40; type: liBASE; nodes {;   nodedata: ""\000\000\000(\001cEx]\211\377\330wda\001\023\375\316\025\254\321\244\370+Y`\220\270\254\2601E[FI\310\235<qI \356\032\000\000\000\000\000\000\000\000\000\000\000\000\000\000\000\000\000\000\000\000\000\000\000\000\000\000\000\000\000\000\000\000\221\225*\236\001\324p\323\221\026\212\351f{\276\316a\257\206} \242/\006\232\002k0\313\314\312\317/\351\253,/\351\253-\n\000""; }; nodes {;   nodedata: ""\323C\344\327\264{\312-\017:\006{\177\344N\002\326bO\260\220\006\033\362\345\005U\221DzJ0\001\301\025%1L\307\t\261\262z\374\222T\301\274V\236\223\262\270Ct\362\337b\356\024*\324\320\351\317\002k\336\234\027v\351\217\260\303\360\233ZPZWr\246$w\313\313\r\243r\232\2234\373\3539:N\004Q\245\272D\312D\300\300\t\323\0257\345e\271\na\215{\226\255x%T\257\037\333\004\344_/R\006E\344\037@\210\363\010\336T\226\247'\204_{\261\370""1\235\2445\343\033Y!\212\201\341\272\225'\007\213\035\024\177\217\222\314\307\364\352m\350\210vi\322\321\341\202\300\006\267\037#1\217;\300\227SH\320\013\003""; }; requestCookie: 3; "
1750527660498,1750527660498,0,1,3,4,TMLedgerData,"ledgerHash: ""v%\001\230\016\203\200\251UD\347\304\373\034\211\340@\342\033\263\365\356\341\357\350\324\035J\032\177\230\207""; ledgerSeq: 40; type: liBASE; nodes {;   nodedata: ""\000\000\000(\001cEx]\211\377\330wda\001\023\375\316\025\254\321\244\370+Y`\220\270\254\2601E[FI\310\235<qI \356\032\000\000\000\000\000\000\000\000\000\000\000\000\000\000\000\000\000\000\000\000\000\000\000\000\000\000\000\000\000\000\000\000\221\225*\236\001\324p\323\221\026\212\351f{\276\316a\257\206} \242/\006\232\002k0\313\314\312\317/\351\253,/\351\253-\n\000""; }; nodes {;   nodedata: ""\323C\344\327\264{\312-\017:\006{\177\344N\002\326bO\260\220\006\033\362\345\005U\221DzJ0\001\301\025%1L\307\t\261\262z\374\222T\301\274V\236\223\262\270Ct\362\337b\356\024*\324\320\351\317\002k\336\234\027v\351\217\260\303\360\233ZPZWr\246$w\313\313\r\243r\232\2234\373\3539:N\004Q\245\272D\312D\300\300\t\323\0257\345e\271\na\215{\226\255x%T\257\037\333\004\344_/R\006E\344\037@\210\363\010\336T\226\247'\204_{\261\370""1\235\2445\343\033Y!\212\201\341\272\225'\007\213\035\024\177\217\222\314\307\364\352m\350\210vi\322\321\341\202\300\006\267\037#1\217;\300\227SH\320\013\003""; }; requestCookie: 1; ","ledgerHash: ""v%\001\230\016\203\200\251UD\347\304\373\034\211\340@\342\033\263\365\356\341\357\350\324\035J\032\177\230\207""; ledgerSeq: 40; type: liBASE; nodes {;   nodedata: ""\000\000\000(\001cEx]\211\377\330wda\001\023\375\316\025\254\321\244\370+Y`\220\270\254\2601E[FI\310\235<qI \356\032\000\000\000\000\000\000\000\000\000\000\000\000\000\000\000\000\000\000\000\000\000\000\000\000\000\000\000\000\000\000\000\000\221\225*\236\001\324p\323\221\026\212\351f{\276\316a\257\206} \242/\006\232\002k0\313\314\312\317/\351\253,/\351\253-\n\000""; }; nodes {;   nodedata: ""\323C\344\327\264{\312-\017:\006{\177\344N\002\326bO\260\220\006\033\362\345\005U\221DzJ0\001\301\025%1L\307\t\261\262z\374\222T\301\274V\236\223\262\270Ct\362\337b\356\024*\324\320\351\317\002k\336\234\027v\351\217\260\303\360\233ZPZWr\246$w\313\313\r\243r\232\2234\373\3539:N\004Q\245\272D\312D\300\300\t\323\0257\345e\271\na\215{\226\255x%T\257\037\333\004\344_/R\006E\344\037@\210\363\010\336T\226\247'\204_{\261\370""1\235\2445\343\033Y!\212\201\341\272\225'\007\213\035\024\177\217\222\314\307\364\352m\350\210vi\322\321\341\202\300\006\267\037#1\217;\300\227SH\320\013\003""; }; requestCookie: 1; "
1750527660498,1750527660499,0,1,3,4,TMLedgerData,"ledgerHash: ""v%\001\230\016\203\200\251UD\347\304\373\034\211\340@\342\033\263\365\356\341\357\350\324\035J\032\177\230\207""; ledgerSeq: 40; type: liAS_NODE; nodes {;   nodedata: ""\021\000h""\000\000\000\000 \033\000\000\000'\002\023\305?\330\356GuH\375\327!\255\371\r\231\262R\256J\034\222\241\355X\265E\241^W\225\304\014\361CX-}\351f\032\255\274\334m\326c\017\014ao[\342\230\003\245\245\3341Hm\326^\017jy\335\261\032Yt\320\244{g\0306\\302\303*\341\215\223\257\364\277o\375\000r\241SOq\221\253\262\005\017\375T\356\014\360o'\030\311-\267\031\257!\031T\006><\315XM\334\324\345\034\000\325\367\240\271\013\265\024\321\362\354\211\250.\234s\225amc\305\035\366\276\037nD\277`\210\223N\3535\033\261\304f\331]\036\237\306o!\223\221\002\324\031\262\240R\177 ,\214\325\Q])\016\2067\277\t\354\010\000\360\215\2502\265\245\310\226\243c\302Ze\306\253#r\020\211\320iG\276\020E\317\035Sf\223F\254\033@\177e\277\016\010u\327\371&\262\312\317Q\2361t\377x\234\001v\003%\030\325_\225g\204\346a=\225\273\331\354\365*U\363\263N\367b\371\244\314-w\363\262\225Z\200\206\235\233\257?sE\2674\254\326mU\377?\177Ek\336\030!\316Aa\225\303\022\377{\210Y\226\271as\354L\035\004\341\361\035\301\024\220m#*\372\032\3178~\374\250\014*\323\342'z69\220\327\256\351G\367\317u\302\207\270b\315\333\333\334\310I\323&\014\352XZnW2.\335\347\202\021\247\362\212e\034\000\001\250\220\305;a\314\265R\310\017\317\331\235\360\262\240:\277\202\266\354\265X""\022\nh\252\352w\204\203\023]\001f\352\277\0031Q]\362\370R\350{\261\202\240\344\215\201\353\276\322p5p\350\354\017>\250r\241c\273\016\301\024\363\242\247\263\231\370\344\nBW\220K\316@3\243\200\036wk\253GSlU\010\360\231>\331\263H\214\324\030A\225\301o\346pkSF\004\241\213w9\223=\250\262*+\255\351r\265\244c\024\213\t\007`\223\325#\3477\210\345P\306\013\320\252[\0216+\227=`\371P\314\346 V7\271[~\n\237\274|\347\352@K\253~&\260\032\024\004B\200\255h\351\013\361\031:nG\211\005|\2003\266\274\251,W\006u\344\335d\003\306\212\313,\340\350bG\n\030Z\2732-\246\312\255\030\003\235207\005}D\260\0261ah\322M\304\216\273m0\271\234\237\007<w$\265C\245\232\033\023\313c\321B\032l\301h\005\320\252\301\361(\330[\343\357\343{\235\n\266g\272>\177\317\347\261qb&\270&\346ju\200\363N\320\307\004\034\001n\317\361\2653\254\2503\247\305\372\316W\022O\253x\250\025\373\247\354Tc\304\263\243^\352Gv\\264\261\r\035\226\306\2411\351\233\203\215\200$\231\300f\220\371c@\017\254\363\\371\340\340VaR\205~^\226\342t\360\022\204d\231\205)\272\364?\361!\334\331\315\254\230\rBG\314\023\246\244=\351\177\254\302b&\276+H;0\312\021&\275\036\237\350R\313\206R\331\304k\323u\263t\221\213yC\241\217A\242\027g\322\241'\212.E?B_\316\327\217J +\370\t^b\005\020\003\211\373\247|hC\271Nmk~J\270EU\274\036-\347\240\312FA\321\341bca\253\025\321\311\317\021\375\317\217\n\272\033o\353G>\275\361H\265\240\232um""\317\324`\214\221\314\000\211K\223+(""\200i \311\372g\254\343ZR0\224\275q\252\357\213\263\206N\357&Q\217\267\303\356I\236\357\264\311b\037\366\035\253\343\311\265\240\327q\206f\262ODi\215-\363>\034\236l\273\005G\316F\217}[\036\007\270:\260\335\271B\241N\345\330\204\327f\361\272Kb\0377p\334\264\237\177~\330]\252+:\317u\302h\n\351\n\364\231\277R\371\356\033y\265v\360Ny\246\332qY\262\231\251\n\305\334\202\305\362\n\367@k\231\016R:\327\242\366\242\253LZY\223$Gw^\203\302\311\316I7\371tTwp}\005|\372\214\251{R`\230V\244-\326I\351\255\325i\335\377\321\353\327\331\302\023\347y\016\263\271\317\306\017UV\314qu?\0064A\315{3D\010\016S\212\2353k0\361\214ID\303g\277\010Y_\001~\021\333\370\255\374\\331\306\255\336)\365Rth\024\t\300.M\315\321S\257\224\252\362\326P\316\303%nX\3742\333\036\004Y\264yG^\234\177\214\305q\237\274G\300a4\275\240s\215\222\210\016\020G\344=-:GK\312\035\271\201\350\376F\260G\347\000\235\365P6pmH\033\373\212c\377o\232\356\320D\002\277,]os{\354/?\312e\006wda\001\023\375\316\025\254\321\244\370+Y`\220\270\254\2601E[FI\310\235<qI \356\032\264\227\2326\315\307\363\323\325\303\032N\256*\307\327 \235\332\207u\210\271\257\306g\231i*\260\326k\001"";   nodeid: ""\260\000\000\000\000\000\000\000\000\000\000\000\000\000\000\000\000\000\000\000\000\000\000\000\000\000\000\000\000\000\000\000\001""; }; ","ledgerHash: ""v%\001\230\016\203\200\251UD\347\304\373\034\211\340@\342\033\263\365\356\341\357\350\324\035J\032\177\230\207""; ledgerSeq: 40; type: liAS_NODE; nodes {;   nodedata: ""\021\000h""\000\000\000\000 \033\000\000\000'\002\023\305?\330\356GuH\375\327!\255\371\r\231\262R\256J\034\222\241\355X\265E\241^W\225\304\014\361CX-}\351f\032\255\274\334m\326c\017\014ao[\342\230\003\245\245\3341Hm\326^\017jy\335\261\032Yt\320\244{g\0306\\302\303*\341\215\223\257\364\277o\375\000r\241SOq\221\253\262\005\017\375T\356\014\360o'\030\311-\267\031\257!\031T\006><\315XM\334\324\345\034\000\325\367\240\271\013\265\024\321\362\354\211\250.\234s\225amc\305\035\366\276\037nD\277`\210\223N\3535\033\261\304f\331]\036\237\306o!\223\221\002\324\031\262\240R\177 ,\214\325\Q])\016\2067\277\t\354\010\000\360\215\2502\265\245\310\226\243c\302Ze\306\253#r\020\211\320iG\276\020E\317\035Sf\223F\254\033@\177e\277\016\010u\327\371&\262\312\317Q\2361t\377x\234\001v\003%\030\325_\225g\204\346a=\225\273\331\354\365*U\363\263N\367b\371\244\314-w\363\262\225Z\200\206\235\233\257?sE\2674\254\326mU\377?\177Ek\336\030!\316Aa\225\303\022\377{\210Y\226\271as\354L\035\004\341\361\035\301\024\220m#*\372\032\3178~\374\250\014*\323\342'z69\220\327\256\351G\367\317u\302\207\270b\315\333\333\334\310I\323&\014\352XZnW2.\335\347\202\021\247\362\212e\034\000\001\250\220\305;a\314\265R\310\017\317\331\235\360\262\240:\277\202\266\354\265X""\022\nh\252\352w\204\203\023]\001f\352\277\0031Q]\362\370R\350{\261\202\240\344\215\201\353\276\322p5p\350\354\017>\250r\241c\273\016\301\024\363\242\247\263\231\370\344\nBW\220K\316@3\243\200\036wk\253GSlU\010\360\231>\331\263H\214\324\030A\225\301o\346pkSF\004\241\213w9\223=\250\262*+\255\351r\265\244c\024\213\t\007`\223\325#\3477\210\345P\306\013\320\252[\0216+\227=`\371P\314\346 V7\271[~\n\237\274|\347\352@K\253~&\260\032\024\004B\200\255h\351\013\361\031:nG\211\005|\2003\266\274\251,W\006u\344\335d\003\306\212\313,\340\350bG\n\030Z\2732-\246\312\255\030\003\235207\005}D\260\0261ah\322M\304\216\273m0\271\234\237\007<w$\265C\245\232\033\023\313c\321B\032l\301h\005\320\252\301\361(\330[\343\357\343{\235\n\266g\272>\177\317\347\261qb&\270&\346ju\200\363N\320\307\004\034\001n\317\361\2653\254\2503\247\305\372\316W\022O\253x\250\025\373\247\354Tc\304\263\243^\352Gv\\264\261\r\035\226\306\2411\351\233\203\215\200$\231\300f\220\371c@\017\254\363\\371\340\340VaR\205~^\226\342t\360\022\204d\231\205)\272\364?\361!\334\331\315\254\230\rBG\314\023\246\244=\351\177\254\302b&\276+H;0\312\021&\275\036\237\350R\313\206R\331\304k\323u\263t\221\213yC\241\217A\242\027g\322\241'\212.E?B_\316\327\217J +\370\t^b\005\020\003\211\373\247|hC\271Nmk~J\270EU\274\036-\347\240\312FA\321\341bca\253\025\321\311\317\021\375\317\217\n\272\033o\353G>\275\361H\265\240\232um""\317\324`\214\221\314\000\211K\223+(""\200i \311\372g\254\343ZR0\224\275q\252\357\213\263\206N\357&Q\217\267\303\356I\236\357\264\311b\037\366\035\253\343\311\265\240\327q\206f\262ODi\215-\363>\034\236l\273\005G\316F\217}[\036\007\270:\260\335\271B\241N\345\330\204\327f\361\272Kb\0377p\334\264\237\177~\330]\252+:\317u\302h\n\351\n\364\231\277R\371\356\033y\265v\360Ny\246\332qY\262\231\251\n\305\334\202\305\362\n\367@k\231\016R:\327\242\366\242\253LZY\223$Gw^\203\302\311\316I7\371tTwp}\005|\372\214\251{R`\230V\244-\326I\351\255\325i\335\377\321\353\327\331\302\023\347y\016\263\271\317\306\017UV\314qu?\0064A\315{3D\010\016S\212\2353k0\361\214ID\303g\277\010Y_\001~\021\333\370\255\374\\331\306\255\336)\365Rth\024\t\300.M\315\321S\257\224\252\362\326P\316\303%nX\3742\333\036\004Y\264yG^\234\177\214\305q\237\274G\300a4\275\240s\215\222\210\016\020G\344=-:GK\312\035\271\201\350\376F\260G\347\000\235\365P6pmH\033\373\212c\377o\232\356\320D\002\277,]os{\354/?\312e\006wda\001\023\375\316\025\254\321\244\370+Y`\220\270\254\2601E[FI\310\235<qI \356\032\264\227\2326\315\307\363\323\325\303\032N\256*\307\327 \235\332\207u\210\271\257\306g\231i*\260\326k\001"";   nodeid: ""\260\000\000\000\000\000\000\000\000\000\000\000\000\000\000\000\000\000\000\000\000\000\000\000\000\000\000\000\000\000\000\000\001""; }; "
1750527660499,1750527660499,0,1,3,0,TMLedgerData,"ledgerHash: ""v%\001\230\016\203\200\251UD\347\304\373\034\211\340@\342\033\263\365\356\341\357\350\324\035J\032\177\230\207""; ledgerSeq: 40; type: liBASE; nodes {;   nodedata: ""\000\000\000(\001cEx]\211\377\330wda\001\023\375\316\025\254\321\244\370+Y`\220\270\254\2601E[FI\310\235<qI \356\032\000\000\000\000\000\000\000\000\000\000\000\000\000\000\000\000\000\000\000\000\000\000\000\000\000\000\000\000\000\000\000\000\221\225*\236\001\324p\323\221\026\212\351f{\276\316a\257\206} \242/\006\232\002k0\313\314\312\317/\351\253,/\351\253-\n\000""; }; nodes {;   nodedata: ""\323C\344\327\264{\312-\017:\006{\177\344N\002\326bO\260\220\006\033\362\345\005U\221DzJ0\001\301\025%1L\307\t\261\262z\374\222T\301\274V\236\223\262\270Ct\362\337b\356\024*\324\320\351\317\002k\336\234\027v\351\217\260\303\360\233ZPZWr\246$w\313\313\r\243r\232\2234\373\3539:N\004Q\245\272D\312D\300\300\t\323\0257\345e\271\na\215{\226\255x%T\257\037\333\004\344_/R\006E\344\037@\210\363\010\336T\226\247'\204_{\261\370""1\235\2445\343\033Y!\212\201\341\272\225'\007\213\035\024\177\217\222\314\307\364\352m\350\210vi\322\321\341\202\300\006\267\037#1\217;\300\227SH\320\013\003""; }; requestCookie: 2; ","ledgerHash: ""v%\001\230\016\203\200\251UD\347\304\373\034\211\340@\342\033\263\365\356\341\357\350\324\035J\032\177\230\207""; ledgerSeq: 40; type: liBASE; nodes {;   nodedata: ""\000\000\000(\001cEx]\211\377\330wda\001\023\375\316\025\254\321\244\370+Y`\220\270\254\2601E[FI\310\235<qI \356\032\000\000\000\000\000\000\000\000\000\000\000\000\000\000\000\000\000\000\000\000\000\000\000\000\000\000\000\000\000\000\000\000\221\225*\236\001\324p\323\221\026\212\351f{\276\316a\257\206} \242/\006\232\002k0\313\314\312\317/\351\253,/\351\253-\n\000""; }; nodes {;   nodedata: ""\323C\344\327\264{\312-\017:\006{\177\344N\002\326bO\260\220\006\033\362\345\005U\221DzJ0\001\301\025%1L\307\t\261\262z\374\222T\301\274V\236\223\262\270Ct\362\337b\356\024*\324\320\351\317\002k\336\234\027v\351\217\260\303\360\233ZPZWr\246$w\313\313\r\243r\232\2234\373\3539:N\004Q\245\272D\312D\300\300\t\323\0257\345e\271\na\215{\226\255x%T\257\037\333\004\344_/R\006E\344\037@\210\363\010\336T\226\247'\204_{\261\370""1\235\2445\343\033Y!\212\201\341\272\225'\007\213\035\024\177\217\222\314\307\364\352m\350\210vi\322\321\341\202\300\006\267\037#1\217;\300\227SH\320\013\003""; }; requestCookie: 2; "
1750527660499,1750527660499,0,1,3,0,TMLedgerData,"ledgerHash: ""v%\001\230\016\203\200\251UD\347\304\373\034\211\340@\342\033\263\365\356\341\357\350\324\035J\032\177\230\207""; ledgerSeq: 40; type: liBASE; nodes {;   nodedata: ""\000\000\000(\001cEx]\211\377\330wda\001\023\375\316\025\254\321\244\370+Y`\220\270\254\2601E[FI\310\235<qI \356\032\000\000\000\000\000\000\000\000\000\000\000\000\000\000\000\000\000\000\000\000\000\000\000\000\000\000\000\000\000\000\000\000\221\225*\236\001\324p\323\221\026\212\351f{\276\316a\257\206} \242/\006\232\002k0\313\314\312\317/\351\253,/\351\253-\n\000""; }; nodes {;   nodedata: ""\323C\344\327\264{\312-\017:\006{\177\344N\002\326bO\260\220\006\033\362\345\005U\221DzJ0\001\301\025%1L\307\t\261\262z\374\222T\301\274V\236\223\262\270Ct\362\337b\356\024*\324\320\351\317\002k\336\234\027v\351\217\260\303\360\233ZPZWr\246$w\313\313\r\243r\232\2234\373\3539:N\004Q\245\272D\312D\300\300\t\323\0257\345e\271\na\215{\226\255x%T\257\037\333\004\344_/R\006E\344\037@\210\363\010\336T\226\247'\204_{\261\370""1\235\2445\343\033Y!\212\201\341\272\225'\007\213\035\024\177\217\222\314\307\364\352m\350\210vi\322\321\341\202\300\006\267\037#1\217;\300\227SH\320\013\003""; }; requestCookie: 5; ","ledgerHash: ""v%\001\230\016\203\200\251UD\347\304\373\034\211\340@\342\033\263\365\356\341\357\350\324\035J\032\177\230\207""; ledgerSeq: 40; type: liBASE; nodes {;   nodedata: ""\000\000\000(\001cEx]\211\377\330wda\001\023\375\316\025\254\321\244\370+Y`\220\270\254\2601E[FI\310\235<qI \356\032\000\000\000\000\000\000\000\000\000\000\000\000\000\000\000\000\000\000\000\000\000\000\000\000\000\000\000\000\000\000\000\000\221\225*\236\001\324p\323\221\026\212\351f{\276\316a\257\206} \242/\006\232\002k0\313\314\312\317/\351\253,/\351\253-\n\000""; }; nodes {;   nodedata: ""\323C\344\327\264{\312-\017:\006{\177\344N\002\326bO\260\220\006\033\362\345\005U\221DzJ0\001\301\025%1L\307\t\261\262z\374\222T\301\274V\236\223\262\270Ct\362\337b\356\024*\324\320\351\317\002k\336\234\027v\351\217\260\303\360\233ZPZWr\246$w\313\313\r\243r\232\2234\373\3539:N\004Q\245\272D\312D\300\300\t\323\0257\345e\271\na\215{\226\255x%T\257\037\333\004\344_/R\006E\344\037@\210\363\010\336T\226\247'\204_{\261\370""1\235\2445\343\033Y!\212\201\341\272\225'\007\213\035\024\177\217\222\314\307\364\352m\350\210vi\322\321\341\202\300\006\267\037#1\217;\300\227SH\320\013\003""; }; requestCookie: 5; "
1750527660500,1750527660500,0,1,3,2,TMLedgerData,"ledgerHash: ""v%\001\230\016\203\200\251UD\347\304\373\034\211\340@\342\033\263\365\356\341\357\350\324\035J\032\177\230\207""; ledgerSeq: 40; type: liBASE; nodes {;   nodedata: ""\000\000\000(\001cEx]\211\377\330wda\001\023\375\316\025\254\321\244\370+Y`\220\270\254\2601E[FI\310\235<qI \356\032\000\000\000\000\000\000\000\000\000\000\000\000\000\000\000\000\000\000\000\000\000\000\000\000\000\000\000\000\000\000\000\000\221\225*\236\001\324p\323\221\026\212\351f{\276\316a\257\206} \242/\006\232\002k0\313\314\312\317/\351\253,/\351\253-\n\000""; }; nodes {;   nodedata: ""\323C\344\327\264{\312-\017:\006{\177\344N\002\326bO\260\220\006\033\362\345\005U\221DzJ0\001\301\025%1L\307\t\261\262z\374\222T\301\274V\236\223\262\270Ct\362\337b\356\024*\324\320\351\317\002k\336\234\027v\351\217\260\303\360\233ZPZWr\246$w\313\313\r\243r\232\2234\373\3539:N\004Q\245\272D\312D\300\300\t\323\0257\345e\271\na\215{\226\255x%T\257\037\333\004\344_/R\006E\344\037@\210\363\010\336T\226\247'\204_{\261\370""1\235\2445\343\033Y!\212\201\341\272\225'\007\213\035\024\177\217\222\314\307\364\352m\350\210vi\322\321\341\202\300\006\267\037#1\217;\300\227SH\320\013\003""; }; requestCookie: 5; ","ledgerHash: ""v%\001\230\016\203\200\251UD\347\304\373\034\211\340@\342\033\263\365\356\341\357\350\324\035J\032\177\230\207""; ledgerSeq: 40; type: liBASE; nodes {;   nodedata: ""\000\000\000(\001cEx]\211\377\330wda\001\023\375\316\025\254\321\244\370+Y`\220\270\254\2601E[FI\310\235<qI \356\032\000\000\000\000\000\000\000\000\000\000\000\000\000\000\000\000\000\000\000\000\000\000\000\000\000\000\000\000\000\000\000\000\221\225*\236\001\324p\323\221\026\212\351f{\276\316a\257\206} \242/\006\232\002k0\313\314\312\317/\351\253,/\351\253-\n\000""; }; nodes {;   nodedata: ""\323C\344\327\264{\312-\017:\006{\177\344N\002\326bO\260\220\006\033\362\345\005U\221DzJ0\001\301\025%1L\307\t\261\262z\374\222T\301\274V\236\223\262\270Ct\362\337b\356\024*\324\320\351\317\002k\336\234\027v\351\217\260\303\360\233ZPZWr\246$w\313\313\r\243r\232\2234\373\3539:N\004Q\245\272D\312D\300\300\t\323\0257\345e\271\na\215{\226\255x%T\257\037\333\004\344_/R\006E\344\037@\210\363\010\336T\226\247'\204_{\261\370""1\235\2445\343\033Y!\212\201\341\272\225'\007\213\035\024\177\217\222\314\307\364\352m\350\210vi\322\321\341\202\300\006\267\037#1\217;\300\227SH\320\013\003""; }; requestCookie: 5; "
1750527660501,1750527660501,0,1,3,2,TMLedgerData,"ledgerHash: ""v%\001\230\016\203\200\251UD\347\304\373\034\211\340@\342\033\263\365\356\341\357\350\324\035J\032\177\230\207""; ledgerSeq: 40; type: liBASE; nodes {;   nodedata: ""\000\000\000(\001cEx]\211\377\330wda\001\023\375\316\025\254\321\244\370+Y`\220\270\254\2601E[FI\310\235<qI \356\032\000\000\000\000\000\000\000\000\000\000\000\000\000\000\000\000\000\000\000\000\000\000\000\000\000\000\000\000\000\000\000\000\221\225*\236\001\324p\323\221\026\212\351f{\276\316a\257\206} \242/\006\232\002k0\313\314\312\317/\351\253,/\351\253-\n\000""; }; nodes {;   nodedata: ""\323C\344\327\264{\312-\017:\006{\177\344N\002\326bO\260\220\006\033\362\345\005U\221DzJ0\001\301\025%1L\307\t\261\262z\374\222T\301\274V\236\223\262\270Ct\362\337b\356\024*\324\320\351\317\002k\336\234\027v\351\217\260\303\360\233ZPZWr\246$w\313\313\r\243r\232\2234\373\3539:N\004Q\245\272D\312D\300\300\t\323\0257\345e\271\na\215{\226\255x%T\257\037\333\004\344_/R\006E\344\037@\210\363\010\336T\226\247'\204_{\261\370""1\235\2445\343\033Y!\212\201\341\272\225'\007\213\035\024\177\217\222\314\307\364\352m\350\210vi\322\321\341\202\300\006\267\037#1\217;\300\227SH\320\013\003""; }; ","ledgerHash: ""v%\001\230\016\203\200\251UD\347\304\373\034\211\340@\342\033\263\365\356\341\357\350\324\035J\032\177\230\207""; ledgerSeq: 40; type: liBASE; nodes {;   nodedata: ""\000\000\000(\001cEx]\211\377\330wda\001\023\375\316\025\254\321\244\370+Y`\220\270\254\2601E[FI\310\235<qI \356\032\000\000\000\000\000\000\000\000\000\000\000\000\000\000\000\000\000\000\000\000\000\000\000\000\000\000\000\000\000\000\000\000\221\225*\236\001\324p\323\221\026\212\351f{\276\316a\257\206} \242/\006\232\002k0\313\314\312\317/\351\253,/\351\253-\n\000""; }; nodes {;   nodedata: ""\323C\344\327\264{\312-\017:\006{\177\344N\002\326bO\260\220\006\033\362\345\005U\221DzJ0\001\301\025%1L\307\t\261\262z\374\222T\301\274V\236\223\262\270Ct\362\337b\356\024*\324\320\351\317\002k\336\234\027v\351\217\260\303\360\233ZPZWr\246$w\313\313\r\243r\232\2234\373\3539:N\004Q\245\272D\312D\300\300\t\323\0257\345e\271\na\215{\226\255x%T\257\037\333\004\344_/R\006E\344\037@\210\363\010\336T\226\247'\204_{\261\370""1\235\2445\343\033Y!\212\201\341\272\225'\007\213\035\024\177\217\222\314\307\364\352m\350\210vi\322\321\341\202\300\006\267\037#1\217;\300\227SH\320\013\003""; }; "
1750527660501,1750527660501,0,1,3,0,TMLedgerData,"ledgerHash: ""v%\001\230\016\203\200\251UD\347\304\373\034\211\340@\342\033\263\365\356\341\357\350\324\035J\032\177\230\207""; ledgerSeq: 40; type: liBASE; nodes {;   nodedata: ""\000\000\000(\001cEx]\211\377\330wda\001\023\375\316\025\254\321\244\370+Y`\220\270\254\2601E[FI\310\235<qI \356\032\000\000\000\000\000\000\000\000\000\000\000\000\000\000\000\000\000\000\000\000\000\000\000\000\000\000\000\000\000\000\000\000\221\225*\236\001\324p\323\221\026\212\351f{\276\316a\257\206} \242/\006\232\002k0\313\314\312\317/\351\253,/\351\253-\n\000""; }; nodes {;   nodedata: ""\323C\344\327\264{\312-\017:\006{\177\344N\002\326bO\260\220\006\033\362\345\005U\221DzJ0\001\301\025%1L\307\t\261\262z\374\222T\301\274V\236\223\262\270Ct\362\337b\356\024*\324\320\351\317\002k\336\234\027v\351\217\260\303\360\233ZPZWr\246$w\313\313\r\243r\232\2234\373\3539:N\004Q\245\272D\312D\300\300\t\323\0257\345e\271\na\215{\226\255x%T\257\037\333\004\344_/R\006E\344\037@\210\363\010\336T\226\247'\204_{\261\370""1\235\2445\343\033Y!\212\201\341\272\225'\007\213\035\024\177\217\222\314\307\364\352m\350\210vi\322\321\341\202\300\006\267\037#1\217;\300\227SH\320\013\003""; }; requestCookie: 3; ","ledgerHash: ""v%\001\230\016\203\200\251UD\347\304\373\034\211\340@\342\033\263\365\356\341\357\350\324\035J\032\177\230\207""; ledgerSeq: 40; type: liBASE; nodes {;   nodedata: ""\000\000\000(\001cEx]\211\377\330wda\001\023\375\316\025\254\321\244\370+Y`\220\270\254\2601E[FI\310\235<qI \356\032\000\000\000\000\000\000\000\000\000\000\000\000\000\000\000\000\000\000\000\000\000\000\000\000\000\000\000\000\000\000\000\000\221\225*\236\001\324p\323\221\026\212\351f{\276\316a\257\206} \242/\006\232\002k0\313\314\312\317/\351\253,/\351\253-\n\000""; }; nodes {;   nodedata: ""\323C\344\327\264{\312-\017:\006{\177\344N\002\326bO\260\220\006\033\362\345\005U\221DzJ0\001\301\025%1L\307\t\261\262z\374\222T\301\274V\236\223\262\270Ct\362\337b\356\024*\324\320\351\317\002k\336\234\027v\351\217\260\303\360\233ZPZWr\246$w\313\313\r\243r\232\2234\373\3539:N\004Q\245\272D\312D\300\300\t\323\0257\345e\271\na\215{\226\255x%T\257\037\333\004\344_/R\006E\344\037@\210\363\010\336T\226\247'\204_{\261\370""1\235\2445\343\033Y!\212\201\341\272\225'\007\213\035\024\177\217\222\314\307\364\352m\350\210vi\322\321\341\202\300\006\267\037#1\217;\300\227SH\320\013\003""; }; requestCookie: 3; "
1750527660502,1750527660502,0,1,3,1,TMLedgerData,"ledgerHash: ""v%\001\230\016\203\200\251UD\347\304\373\034\211\340@\342\033\263\365\356\341\357\350\324\035J\032\177\230\207""; ledgerSeq: 40; type: liBASE; nodes {;   nodedata: ""\000\000\000(\001cEx]\211\377\330wda\001\023\375\316\025\254\321\244\370+Y`\220\270\254\2601E[FI\310\235<qI \356\032\000\000\000\000\000\000\000\000\000\000\000\000\000\000\000\000\000\000\000\000\000\000\000\000\000\000\000\000\000\000\000\000\221\225*\236\001\324p\323\221\026\212\351f{\276\316a\257\206} \242/\006\232\002k0\313\314\312\317/\351\253,/\351\253-\n\000""; }; nodes {;   nodedata: ""\323C\344\327\264{\312-\017:\006{\177\344N\002\326bO\260\220\006\033\362\345\005U\221DzJ0\001\301\025%1L\307\t\261\262z\374\222T\301\274V\236\223\262\270Ct\362\337b\356\024*\324\320\351\317\002k\336\234\027v\351\217\260\303\360\233ZPZWr\246$w\313\313\r\243r\232\2234\373\3539:N\004Q\245\272D\312D\300\300\t\323\0257\345e\271\na\215{\226\255x%T\257\037\333\004\344_/R\006E\344\037@\210\363\010\336T\226\247'\204_{\261\370""1\235\2445\343\033Y!\212\201\341\272\225'\007\213\035\024\177\217\222\314\307\364\352m\350\210vi\322\321\341\202\300\006\267\037#1\217;\300\227SH\320\013\003""; }; ","ledgerHash: ""v%\001\230\016\203\200\251UD\347\304\373\034\211\340@\342\033\263\365\356\341\357\350\324\035J\032\177\230\207""; ledgerSeq: 40; type: liBASE; nodes {;   nodedata: ""\000\000\000(\001cEx]\211\377\330wda\001\023\375\316\025\254\321\244\370+Y`\220\270\254\2601E[FI\310\235<qI \356\032\000\000\000\000\000\000\000\000\000\000\000\000\000\000\000\000\000\000\000\000\000\000\000\000\000\000\000\000\000\000\000\000\221\225*\236\001\324p\323\221\026\212\351f{\276\316a\257\206} \242/\006\232\002k0\313\314\312\317/\351\253,/\351\253-\n\000""; }; nodes {;   nodedata: ""\323C\344\327\264{\312-\017:\006{\177\344N\002\326bO\260\220\006\033\362\345\005U\221DzJ0\001\301\025%1L\307\t\261\262z\374\222T\301\274V\236\223\262\270Ct\362\337b\356\024*\324\320\351\317\002k\336\234\027v\351\217\260\303\360\233ZPZWr\246$w\313\313\r\243r\232\2234\373\3539:N\004Q\245\272D\312D\300\300\t\323\0257\345e\271\na\215{\226\255x%T\257\037\333\004\344_/R\006E\344\037@\210\363\010\336T\226\247'\204_{\261\370""1\235\2445\343\033Y!\212\201\341\272\225'\007\213\035\024\177\217\222\314\307\364\352m\350\210vi\322\321\341\202\300\006\267\037#1\217;\300\227SH\320\013\003""; }; "
1750527660502,1750527660502,0,1,3,1,TMLedgerData,"ledgerHash: ""v%\001\230\016\203\200\251UD\347\304\373\034\211\340@\342\033\263\365\356\341\357\350\324\035J\032\177\230\207""; ledgerSeq: 40; type: liBASE; nodes {;   nodedata: ""\000\000\000(\001cEx]\211\377\330wda\001\023\375\316\025\254\321\244\370+Y`\220\270\254\2601E[FI\310\235<qI \356\032\000\000\000\000\000\000\000\000\000\000\000\000\000\000\000\000\000\000\000\000\000\000\000\000\000\000\000\000\000\000\000\000\221\225*\236\001\324p\323\221\026\212\351f{\276\316a\257\206} \242/\006\232\002k0\313\314\312\317/\351\253,/\351\253-\n\000""; }; nodes {;   nodedata: ""\323C\344\327\264{\312-\017:\006{\177\344N\002\326bO\260\220\006\033\362\345\005U\221DzJ0\001\301\025%1L\307\t\261\262z\374\222T\301\274V\236\223\262\270Ct\362\337b\356\024*\324\320\351\317\002k\336\234\027v\351\217\260\303\360\233ZPZWr\246$w\313\313\r\243r\232\2234\373\3539:N\004Q\245\272D\312D\300\300\t\323\0257\345e\271\na\215{\226\255x%T\257\037\333\004\344_/R\006E\344\037@\210\363\010\336T\226\247'\204_{\261\370""1\235\2445\343\033Y!\212\201\341\272\225'\007\213\035\024\177\217\222\314\307\364\352m\350\210vi\322\321\341\202\300\006\267\037#1\217;\300\227SH\320\013\003""; }; requestCookie: 5; ","ledgerHash: ""v%\001\230\016\203\200\251UD\347\304\373\034\211\340@\342\033\263\365\356\341\357\350\324\035J\032\177\230\207""; ledgerSeq: 40; type: liBASE; nodes {;   nodedata: ""\000\000\000(\001cEx]\211\377\330wda\001\023\375\316\025\254\321\244\370+Y`\220\270\254\2601E[FI\310\235<qI \356\032\000\000\000\000\000\000\000\000\000\000\000\000\000\000\000\000\000\000\000\000\000\000\000\000\000\000\000\000\000\000\000\000\221\225*\236\001\324p\323\221\026\212\351f{\276\316a\257\206} \242/\006\232\002k0\313\314\312\317/\351\253,/\351\253-\n\000""; }; nodes {;   nodedata: ""\323C\344\327\264{\312-\017:\006{\177\344N\002\326bO\260\220\006\033\362\345\005U\221DzJ0\001\301\025%1L\307\t\261\262z\374\222T\301\274V\236\223\262\270Ct\362\337b\356\024*\324\320\351\317\002k\336\234\027v\351\217\260\303\360\233ZPZWr\246$w\313\313\r\243r\232\2234\373\3539:N\004Q\245\272D\312D\300\300\t\323\0257\345e\271\na\215{\226\255x%T\257\037\333\004\344_/R\006E\344\037@\210\363\010\336T\226\247'\204_{\261\370""1\235\2445\343\033Y!\212\201\341\272\225'\007\213\035\024\177\217\222\314\307\364\352m\350\210vi\322\321\341\202\300\006\267\037#1\217;\300\227SH\320\013\003""; }; requestCookie: 5; "
1750527660502,1750527660502,0,1,4,2,TMLedgerData,"ledgerHash: ""v%\001\230\016\203\200\251UD\347\304\373\034\211\340@\342\033\263\365\356\341\357\350\324\035J\032\177\230\207""; ledgerSeq: 40; type: liBASE; nodes {;   nodedata: ""\000\000\000(\001cEx]\211\377\330wda\001\023\375\316\025\254\321\244\370+Y`\220\270\254\2601E[FI\310\235<qI \356\032\000\000\000\000\000\000\000\000\000\000\000\000\000\000\000\000\000\000\000\000\000\000\000\000\000\000\000\000\000\000\000\000\221\225*\236\001\324p\323\221\026\212\351f{\276\316a\257\206} \242/\006\232\002k0\313\314\312\317/\351\253,/\351\253-\n\000""; }; nodes {;   nodedata: ""\323C\344\327\264{\312-\017:\006{\177\344N\002\326bO\260\220\006\033\362\345\005U\221DzJ0\001\301\025%1L\307\t\261\262z\374\222T\301\274V\236\223\262\270Ct\362\337b\356\024*\324\320\351\317\002k\336\234\027v\351\217\260\303\360\233ZPZWr\246$w\313\313\r\243r\232\2234\373\3539:N\004Q\245\272D\312D\300\300\t\323\0257\345e\271\na\215{\226\255x%T\257\037\333\004\344_/R\006E\344\037@\210\363\010\336T\226\247'\204_{\261\370""1\235\2445\343\033Y!\212\201\341\272\225'\007\213\035\024\177\217\222\314\307\364\352m\350\210vi\322\321\341\202\300\006\267\037#1\217;\300\227SH\320\013\003""; }; ","ledgerHash: ""v%\001\230\016\203\200\251UD\347\304\373\034\211\340@\342\033\263\365\356\341\357\350\324\035J\032\177\230\207""; ledgerSeq: 40; type: liBASE; nodes {;   nodedata: ""\000\000\000(\001cEx]\211\377\330wda\001\023\375\316\025\254\321\244\370+Y`\220\270\254\2601E[FI\310\235<qI \356\032\000\000\000\000\000\000\000\000\000\000\000\000\000\000\000\000\000\000\000\000\000\000\000\000\000\000\000\000\000\000\000\000\221\225*\236\001\324p\323\221\026\212\351f{\276\316a\257\206} \242/\006\232\002k0\313\314\312\317/\351\253,/\351\253-\n\000""; }; nodes {;   nodedata: ""\323C\344\327\264{\312-\017:\006{\177\344N\002\326bO\260\220\006\033\362\345\005U\221DzJ0\001\301\025%1L\307\t\261\262z\374\222T\301\274V\236\223\262\270Ct\362\337b\356\024*\324\320\351\317\002k\336\234\027v\351\217\260\303\360\233ZPZWr\246$w\313\313\r\243r\232\2234\373\3539:N\004Q\245\272D\312D\300\300\t\323\0257\345e\271\na\215{\226\255x%T\257\037\333\004\344_/R\006E\344\037@\210\363\010\336T\226\247'\204_{\261\370""1\235\2445\343\033Y!\212\201\341\272\225'\007\213\035\024\177\217\222\314\307\364\352m\350\210vi\322\321\341\202\300\006\267\037#1\217;\300\227SH\320\013\003""; }; "
1750527660503,1750527660503,0,1,4,0,TMLedgerData,"ledgerHash: ""v%\001\230\016\203\200\251UD\347\304\373\034\211\340@\342\033\263\365\356\341\357\350\324\035J\032\177\230\207""; ledgerSeq: 40; type: liBASE; nodes {;   nodedata: ""\000\000\000(\001cEx]\211\377\330wda\001\023\375\316\025\254\321\244\370+Y`\220\270\254\2601E[FI\310\235<qI \356\032\000\000\000\000\000\000\000\000\000\000\000\000\000\000\000\000\000\000\000\000\000\000\000\000\000\000\000\000\000\000\000\000\221\225*\236\001\324p\323\221\026\212\351f{\276\316a\257\206} \242/\006\232\002k0\313\314\312\317/\351\253,/\351\253-\n\000""; }; nodes {;   nodedata: ""\323C\344\327\264{\312-\017:\006{\177\344N\002\326bO\260\220\006\033\362\345\005U\221DzJ0\001\301\025%1L\307\t\261\262z\374\222T\301\274V\236\223\262\270Ct\362\337b\356\024*\324\320\351\317\002k\336\234\027v\351\217\260\303\360\233ZPZWr\246$w\313\313\r\243r\232\2234\373\3539:N\004Q\245\272D\312D\300\300\t\323\0257\345e\271\na\215{\226\255x%T\257\037\333\004\344_/R\006E\344\037@\210\363\010\336T\226\247'\204_{\261\370""1\235\2445\343\033Y!\212\201\341\272\225'\007\213\035\024\177\217\222\314\307\364\352m\350\210vi\322\321\341\202\300\006\267\037#1\217;\300\227SH\320\013\003""; }; ","ledgerHash: ""v%\001\230\016\203\200\251UD\347\304\373\034\211\340@\342\033\263\365\356\341\357\350\324\035J\032\177\230\207""; ledgerSeq: 40; type: liBASE; nodes {;   nodedata: ""\000\000\000(\001cEx]\211\377\330wda\001\023\375\316\025\254\321\244\370+Y`\220\270\254\2601E[FI\310\235<qI \356\032\000\000\000\000\000\000\000\000\000\000\000\000\000\000\000\000\000\000\000\000\000\000\000\000\000\000\000\000\000\000\000\000\221\225*\236\001\324p\323\221\026\212\351f{\276\316a\257\206} \242/\006\232\002k0\313\314\312\317/\351\253,/\351\253-\n\000""; }; nodes {;   nodedata: ""\323C\344\327\264{\312-\017:\006{\177\344N\002\326bO\260\220\006\033\362\345\005U\221DzJ0\001\301\025%1L\307\t\261\262z\374\222T\301\274V\236\223\262\270Ct\362\337b\356\024*\324\320\351\317\002k\336\234\027v\351\217\260\303\360\233ZPZWr\246$w\313\313\r\243r\232\2234\373\3539:N\004Q\245\272D\312D\300\300\t\323\0257\345e\271\na\215{\226\255x%T\257\037\333\004\344_/R\006E\344\037@\210\363\010\336T\226\247'\204_{\261\370""1\235\2445\343\033Y!\212\201\341\272\225'\007\213\035\024\177\217\222\314\307\364\352m\350\210vi\322\321\341\202\300\006\267\037#1\217;\300\227SH\320\013\003""; }; "
1750527660503,1750527660503,0,1,0,1,TMLedgerData,"ledgerHash: ""v%\001\230\016\203\200\251UD\347\304\373\034\211\340@\342\033\263\365\356\341\357\350\324\035J\032\177\230\207""; ledgerSeq: 40; type: liBASE; nodes {;   nodedata: ""\000\000\000(\001cEx]\211\377\330wda\001\023\375\316\025\254\321\244\370+Y`\220\270\254\2601E[FI\310\235<qI \356\032\000\000\000\000\000\000\000\000\000\000\000\000\000\000\000\000\000\000\000\000\000\000\000\000\000\000\000\000\000\000\000\000\221\225*\236\001\324p\323\221\026\212\351f{\276\316a\257\206} \242/\006\232\002k0\313\314\312\317/\351\253,/\351\253-\n\000""; }; nodes {;   nodedata: ""\323C\344\327\264{\312-\017:\006{\177\344N\002\326bO\260\220\006\033\362\345\005U\221DzJ0\001\301\025%1L\307\t\261\262z\374\222T\301\274V\236\223\262\270Ct\362\337b\356\024*\324\320\351\317\002k\336\234\027v\351\217\260\303\360\233ZPZWr\246$w\313\313\r\243r\232\2234\373\3539:N\004Q\245\272D\312D\300\300\t\323\0257\345e\271\na\215{\226\255x%T\257\037\333\004\344_/R\006E\344\037@\210\363\010\336T\226\247'\204_{\261\370""1\235\2445\343\033Y!\212\201\341\272\225'\007\213\035\024\177\217\222\314\307\364\352m\350\210vi\322\321\341\202\300\006\267\037#1\217;\300\227SH\320\013\003""; }; ","ledgerHash: ""v%\001\230\016\203\200\251UD\347\304\373\034\211\340@\342\033\263\365\356\341\357\350\324\035J\032\177\230\207""; ledgerSeq: 40; type: liBASE; nodes {;   nodedata: ""\000\000\000(\001cEx]\211\377\330wda\001\023\375\316\025\254\321\244\370+Y`\220\270\254\2601E[FI\310\235<qI \356\032\000\000\000\000\000\000\000\000\000\000\000\000\000\000\000\000\000\000\000\000\000\000\000\000\000\000\000\000\000\000\000\000\221\225*\236\001\324p\323\221\026\212\351f{\276\316a\257\206} \242/\006\232\002k0\313\314\312\317/\351\253,/\351\253-\n\000""; }; nodes {;   nodedata: ""\323C\344\327\264{\312-\017:\006{\177\344N\002\326bO\260\220\006\033\362\345\005U\221DzJ0\001\301\025%1L\307\t\261\262z\374\222T\301\274V\236\223\262\270Ct\362\337b\356\024*\324\320\351\317\002k\336\234\027v\351\217\260\303\360\233ZPZWr\246$w\313\313\r\243r\232\2234\373\3539:N\004Q\245\272D\312D\300\300\t\323\0257\345e\271\na\215{\226\255x%T\257\037\333\004\344_/R\006E\344\037@\210\363\010\336T\226\247'\204_{\261\370""1\235\2445\343\033Y!\212\201\341\272\225'\007\213\035\024\177\217\222\314\307\364\352m\350\210vi\322\321\341\202\300\006\267\037#1\217;\300\227SH\320\013\003""; }; "
1750527660504,1750527660504,0,1,0,4,TMLedgerData,"ledgerHash: ""v%\001\230\016\203\200\251UD\347\304\373\034\211\340@\342\033\263\365\356\341\357\350\324\035J\032\177\230\207""; ledgerSeq: 40; type: liBASE; nodes {;   nodedata: ""\000\000\000(\001cEx]\211\377\330wda\001\023\375\316\025\254\321\244\370+Y`\220\270\254\2601E[FI\310\235<qI \356\032\000\000\000\000\000\000\000\000\000\000\000\000\000\000\000\000\000\000\000\000\000\000\000\000\000\000\000\000\000\000\000\000\221\225*\236\001\324p\323\221\026\212\351f{\276\316a\257\206} \242/\006\232\002k0\313\314\312\317/\351\253,/\351\253-\n\000""; }; nodes {;   nodedata: ""\323C\344\327\264{\312-\017:\006{\177\344N\002\326bO\260\220\006\033\362\345\005U\221DzJ0\001\301\025%1L\307\t\261\262z\374\222T\301\274V\236\223\262\270Ct\362\337b\356\024*\324\320\351\317\002k\336\234\027v\351\217\260\303\360\233ZPZWr\246$w\313\313\r\243r\232\2234\373\3539:N\004Q\245\272D\312D\300\300\t\323\0257\345e\271\na\215{\226\255x%T\257\037\333\004\344_/R\006E\344\037@\210\363\010\336T\226\247'\204_{\261\370""1\235\2445\343\033Y!\212\201\341\272\225'\007\213\035\024\177\217\222\314\307\364\352m\350\210vi\322\321\341\202\300\006\267\037#1\217;\300\227SH\320\013\003""; }; ","ledgerHash: ""v%\001\230\016\203\200\251UD\347\304\373\034\211\340@\342\033\263\365\356\341\357\350\324\035J\032\177\230\207""; ledgerSeq: 40; type: liBASE; nodes {;   nodedata: ""\000\000\000(\001cEx]\211\377\330wda\001\023\375\316\025\254\321\244\370+Y`\220\270\254\2601E[FI\310\235<qI \356\032\000\000\000\000\000\000\000\000\000\000\000\000\000\000\000\000\000\000\000\000\000\000\000\000\000\000\000\000\000\000\000\000\221\225*\236\001\324p\323\221\026\212\351f{\276\316a\257\206} \242/\006\232\002k0\313\314\312\317/\351\253,/\351\253-\n\000""; }; nodes {;   nodedata: ""\323C\344\327\264{\312-\017:\006{\177\344N\002\326bO\260\220\006\033\362\345\005U\221DzJ0\001\301\025%1L\307\t\261\262z\374\222T\301\274V\236\223\262\270Ct\362\337b\356\024*\324\320\351\317\002k\336\234\027v\351\217\260\303\360\233ZPZWr\246$w\313\313\r\243r\232\2234\373\3539:N\004Q\245\272D\312D\300\300\t\323\0257\345e\271\na\215{\226\255x%T\257\037\333\004\344_/R\006E\344\037@\210\363\010\336T\226\247'\204_{\261\370""1\235\2445\343\033Y!\212\201\341\272\225'\007\213\035\024\177\217\222\314\307\364\352m\350\210vi\322\321\341\202\300\006\267\037#1\217;\300\227SH\320\013\003""; }; "
1750527660504,1750527660504,0,1,2,3,TMGetLedger,"itype: liAS_NODE; ledgerHash: ""v%\001\230\016\203\200\251UD\347\304\373\034\211\340@\342\033\263\365\356\341\357\350\324\035J\032\177\230\207""; ledgerSeq: 40; nodeIDs: ""\260\000\000\000\000\000\000\000\000\000\000\000\000\000\000\000\000\000\000\000\000\000\000\000\000\000\000\000\000\000\000\000\001""; queryType: qtINDIRECT; queryDepth: 1; ","itype: liAS_NODE; ledgerHash: ""v%\001\230\016\203\200\251UD\347\304\373\034\211\340@\342\033\263\365\356\341\357\350\324\035J\032\177\230\207""; ledgerSeq: 40; nodeIDs: ""\260\000\000\000\000\000\000\000\000\000\000\000\000\000\000\000\000\000\000\000\000\000\000\000\000\000\000\000\000\000\000\000\001""; queryType: qtINDIRECT; queryDepth: 1; "
1750527660505,1750527660505,0,1,2,3,TMGetLedger,"itype: liBASE; ledgerHash: ""v%\001\230\016\203\200\251UD\347\304\373\034\211\340@\342\033\263\365\356\341\357\350\324\035J\032\177\230\207""; ledgerSeq: 40; requestCookie: 2; queryType: qtINDIRECT; ","itype: liBASE; ledgerHash: ""v%\001\230\016\203\200\251UD\347\304\373\034\211\340@\342\033\263\365\356\341\357\350\324\035J\032\177\230\207""; ledgerSeq: 40; requestCookie: 2; queryType: qtINDIRECT; "
1750527660505,1750527660505,0,1,2,3,TMGetLedger,"itype: liBASE; ledgerHash: ""v%\001\230\016\203\200\251UD\347\304\373\034\211\340@\342\033\263\365\356\341\357\350\324\035J\032\177\230\207""; ledgerSeq: 40; requestCookie: 3; queryType: qtINDIRECT; ","itype: liBASE; ledgerHash: ""v%\001\230\016\203\200\251UD\347\304\373\034\211\340@\342\033\263\365\356\341\357\350\324\035J\032\177\230\207""; ledgerSeq: 40; requestCookie: 3; queryType: qtINDIRECT; "
1750527660505,1750527660505,0,1,2,4,TMLedgerData,"ledgerHash: ""v%\001\230\016\203\200\251UD\347\304\373\034\211\340@\342\033\263\365\356\341\357\350\324\035J\032\177\230\207""; ledgerSeq: 40; type: liBASE; nodes {;   nodedata: ""\000\000\000(\001cEx]\211\377\330wda\001\023\375\316\025\254\321\244\370+Y`\220\270\254\2601E[FI\310\235<qI \356\032\000\000\000\000\000\000\000\000\000\000\000\000\000\000\000\000\000\000\000\000\000\000\000\000\000\000\000\000\000\000\000\000\221\225*\236\001\324p\323\221\026\212\351f{\276\316a\257\206} \242/\006\232\002k0\313\314\312\317/\351\253,/\351\253-\n\000""; }; nodes {;   nodedata: ""\323C\344\327\264{\312-\017:\006{\177\344N\002\326bO\260\220\006\033\362\345\005U\221DzJ0\001\301\025%1L\307\t\261\262z\374\222T\301\274V\236\223\262\270Ct\362\337b\356\024*\324\320\351\317\002k\336\234\027v\351\217\260\303\360\233ZPZWr\246$w\313\313\r\243r\232\2234\373\3539:N\004Q\245\272D\312D\300\300\t\323\0257\345e\271\na\215{\226\255x%T\257\037\333\004\344_/R\006E\344\037@\210\363\010\336T\226\247'\204_{\261\370""1\235\2445\343\033Y!\212\201\341\272\225'\007\213\035\024\177\217\222\314\307\364\352m\350\210vi\322\321\341\202\300\006\267\037#1\217;\300\227SH\320\013\003""; }; ","ledgerHash: ""v%\001\230\016\203\200\251UD\347\304\373\034\211\340@\342\033\263\365\356\341\357\350\324\035J\032\177\230\207""; ledgerSeq: 40; type: liBASE; nodes {;   nodedata: ""\000\000\000(\001cEx]\211\377\330wda\001\023\375\316\025\254\321\244\370+Y`\220\270\254\2601E[FI\310\235<qI \356\032\000\000\000\000\000\000\000\000\000\000\000\000\000\000\000\000\000\000\000\000\000\000\000\000\000\000\000\000\000\000\000\000\221\225*\236\001\324p\323\221\026\212\351f{\276\316a\257\206} \242/\006\232\002k0\313\314\312\317/\351\253,/\351\253-\n\000""; }; nodes {;   nodedata: ""\323C\344\327\264{\312-\017:\006{\177\344N\002\326bO\260\220\006\033\362\345\005U\221DzJ0\001\301\025%1L\307\t\261\262z\374\222T\301\274V\236\223\262\270Ct\362\337b\356\024*\324\320\351\317\002k\336\234\027v\351\217\260\303\360\233ZPZWr\246$w\313\313\r\243r\232\2234\373\3539:N\004Q\245\272D\312D\300\300\t\323\0257\345e\271\na\215{\226\255x%T\257\037\333\004\344_/R\006E\344\037@\210\363\010\336T\226\247'\204_{\261\370""1\235\2445\343\033Y!\212\201\341\272\225'\007\213\035\024\177\217\222\314\307\364\352m\350\210vi\322\321\341\202\300\006\267\037#1\217;\300\227SH\320\013\003""; }; "
1750527660506,1750527660506,0,1,0,2,TMLedgerData,"ledgerHash: ""v%\001\230\016\203\200\251UD\347\304\373\034\211\340@\342\033\263\365\356\341\357\350\324\035J\032\177\230\207""; ledgerSeq: 40; type: liBASE; nodes {;   nodedata: ""\000\000\000(\001cEx]\211\377\330wda\001\023\375\316\025\254\321\244\370+Y`\220\270\254\2601E[FI\310\235<qI \356\032\000\000\000\000\000\000\000\000\000\000\000\000\000\000\000\000\000\000\000\000\000\000\000\000\000\000\000\000\000\000\000\000\221\225*\236\001\324p\323\221\026\212\351f{\276\316a\257\206} \242/\006\232\002k0\313\314\312\317/\351\253,/\351\253-\n\000""; }; nodes {;   nodedata: ""\323C\344\327\264{\312-\017:\006{\177\344N\002\326bO\260\220\006\033\362\345\005U\221DzJ0\001\301\025%1L\307\t\261\262z\374\222T\301\274V\236\223\262\270Ct\362\337b\356\024*\324\320\351\317\002k\336\234\027v\351\217\260\303\360\233ZPZWr\246$w\313\313\r\243r\232\2234\373\3539:N\004Q\245\272D\312D\300\300\t\323\0257\345e\271\na\215{\226\255x%T\257\037\333\004\344_/R\006E\344\037@\210\363\010\336T\226\247'\204_{\261\370""1\235\2445\343\033Y!\212\201\341\272\225'\007\213\035\024\177\217\222\314\307\364\352m\350\210vi\322\321\341\202\300\006\267\037#1\217;\300\227SH\320\013\003""; }; ","ledgerHash: ""v%\001\230\016\203\200\251UD\347\304\373\034\211\340@\342\033\263\365\356\341\357\350\324\035J\032\177\230\207""; ledgerSeq: 40; type: liBASE; nodes {;   nodedata: ""\000\000\000(\001cEx]\211\377\330wda\001\023\375\316\025\254\321\244\370+Y`\220\270\254\2601E[FI\310\235<qI \356\032\000\000\000\000\000\000\000\000\000\000\000\000\000\000\000\000\000\000\000\000\000\000\000\000\000\000\000\000\000\000\000\000\221\225*\236\001\324p\323\221\026\212\351f{\276\316a\257\206} \242/\006\232\002k0\313\314\312\317/\351\253,/\351\253-\n\000""; }; nodes {;   nodedata: ""\323C\344\327\264{\312-\017:\006{\177\344N\002\326bO\260\220\006\033\362\345\005U\221DzJ0\001\301\025%1L\307\t\261\262z\374\222T\301\274V\236\223\262\270Ct\362\337b\356\024*\324\320\351\317\002k\336\234\027v\351\217\260\303\360\233ZPZWr\246$w\313\313\r\243r\232\2234\373\3539:N\004Q\245\272D\312D\300\300\t\323\0257\345e\271\na\215{\226\255x%T\257\037\333\004\344_/R\006E\344\037@\210\363\010\336T\226\247'\204_{\261\370""1\235\2445\343\033Y!\212\201\341\272\225'\007\213\035\024\177\217\222\314\307\364\352m\350\210vi\322\321\341\202\300\006\267\037#1\217;\300\227SH\320\013\003""; }; "
1750527660506,1750527660506,0,1,1,3,TMGetLedger,"itype: liAS_NODE; ledgerHash: ""v%\001\230\016\203\200\251UD\347\304\373\034\211\340@\342\033\263\365\356\341\357\350\324\035J\032\177\230\207""; ledgerSeq: 40; nodeIDs: ""\260\000\000\000\000\000\000\000\000\000\000\000\000\000\000\000\000\000\000\000\000\000\000\000\000\000\000\000\000\000\000\000\001""; queryType: qtINDIRECT; queryDepth: 1; ","itype: liAS_NODE; ledgerHash: ""v%\001\230\016\203\200\251UD\347\304\373\034\211\340@\342\033\263\365\356\341\357\350\324\035J\032\177\230\207""; ledgerSeq: 40; nodeIDs: ""\260\000\000\000\000\000\000\000\000\000\000\000\000\000\000\000\000\000\000\000\000\000\000\000\000\000\000\000\000\000\000\000\001""; queryType: qtINDIRECT; queryDepth: 1; "
1750527660506,1750527660506,0,1,1,3,TMGetLedger,"itype: liBASE; ledgerHash: ""v%\001\230\016\203\200\251UD\347\304\373\034\211\340@\342\033\263\365\356\341\357\350\324\035J\032\177\230\207""; ledgerSeq: 40; requestCookie: 2; queryType: qtINDIRECT; ","itype: liBASE; ledgerHash: ""v%\001\230\016\203\200\251UD\347\304\373\034\211\340@\342\033\263\365\356\341\357\350\324\035J\032\177\230\207""; ledgerSeq: 40; requestCookie: 2; queryType: qtINDIRECT; "
1750527660507,1750527660507,0,1,1,3,TMGetLedger,"itype: liBASE; ledgerHash: ""v%\001\230\016\203\200\251UD\347\304\373\034\211\340@\342\033\263\365\356\341\357\350\324\035J\032\177\230\207""; ledgerSeq: 40; requestCookie: 3; queryType: qtINDIRECT; ","itype: liBASE; ledgerHash: ""v%\001\230\016\203\200\251UD\347\304\373\034\211\340@\342\033\263\365\356\341\357\350\324\035J\032\177\230\207""; ledgerSeq: 40; requestCookie: 3; queryType: qtINDIRECT; "
1750527660507,1750527660507,0,1,1,4,TMLedgerData,"ledgerHash: ""v%\001\230\016\203\200\251UD\347\304\373\034\211\340@\342\033\263\365\356\341\357\350\324\035J\032\177\230\207""; ledgerSeq: 40; type: liBASE; nodes {;   nodedata: ""\000\000\000(\001cEx]\211\377\330wda\001\023\375\316\025\254\321\244\370+Y`\220\270\254\2601E[FI\310\235<qI \356\032\000\000\000\000\000\000\000\000\000\000\000\000\000\000\000\000\000\000\000\000\000\000\000\000\000\000\000\000\000\000\000\000\221\225*\236\001\324p\323\221\026\212\351f{\276\316a\257\206} \242/\006\232\002k0\313\314\312\317/\351\253,/\351\253-\n\000""; }; nodes {;   nodedata: ""\323C\344\327\264{\312-\017:\006{\177\344N\002\326bO\260\220\006\033\362\345\005U\221DzJ0\001\301\025%1L\307\t\261\262z\374\222T\301\274V\236\223\262\270Ct\362\337b\356\024*\324\320\351\317\002k\336\234\027v\351\217\260\303\360\233ZPZWr\246$w\313\313\r\243r\232\2234\373\3539:N\004Q\245\272D\312D\300\300\t\323\0257\345e\271\na\215{\226\255x%T\257\037\333\004\344_/R\006E\344\037@\210\363\010\336T\226\247'\204_{\261\370""1\235\2445\343\033Y!\212\201\341\272\225'\007\213\035\024\177\217\222\314\307\364\352m\350\210vi\322\321\341\202\300\006\267\037#1\217;\300\227SH\320\013\003""; }; ","ledgerHash: ""v%\001\230\016\203\200\251UD\347\304\373\034\211\340@\342\033\263\365\356\341\357\350\324\035J\032\177\230\207""; ledgerSeq: 40; type: liBASE; nodes {;   nodedata: ""\000\000\000(\001cEx]\211\377\330wda\001\023\375\316\025\254\321\244\370+Y`\220\270\254\2601E[FI\310\235<qI \356\032\000\000\000\000\000\000\000\000\000\000\000\000\000\000\000\000\000\000\000\000\000\000\000\000\000\000\000\000\000\000\000\000\221\225*\236\001\324p\323\221\026\212\351f{\276\316a\257\206} \242/\006\232\002k0\313\314\312\317/\351\253,/\351\253-\n\000""; }; nodes {;   nodedata: ""\323C\344\327\264{\312-\017:\006{\177\344N\002\326bO\260\220\006\033\362\345\005U\221DzJ0\001\301\025%1L\307\t\261\262z\374\222T\301\274V\236\223\262\270Ct\362\337b\356\024*\324\320\351\317\002k\336\234\027v\351\217\260\303\360\233ZPZWr\246$w\313\313\r\243r\232\2234\373\3539:N\004Q\245\272D\312D\300\300\t\323\0257\345e\271\na\215{\226\255x%T\257\037\333\004\344_/R\006E\344\037@\210\363\010\336T\226\247'\204_{\261\370""1\235\2445\343\033Y!\212\201\341\272\225'\007\213\035\024\177\217\222\314\307\364\352m\350\210vi\322\321\341\202\300\006\267\037#1\217;\300\227SH\320\013\003""; }; "
1750527660509,1750527660509,0,1,3,2,TMLedgerData,"ledgerHash: ""v%\001\230\016\203\200\251UD\347\304\373\034\211\340@\342\033\263\365\356\341\357\350\324\035J\032\177\230\207""; ledgerSeq: 40; type: liAS_NODE; nodes {;   nodedata: ""\021\000h""\000\000\000\000 \033\000\000\000'\002\023\305?\330\356GuH\375\327!\255\371\r\231\262R\256J\034\222\241\355X\265E\241^W\225\304\014\361CX-}\351f\032\255\274\334m\326c\017\014ao[\342\230\003\245\245\3341Hm\326^\017jy\335\261\032Yt\320\244{g\0306\\302\303*\341\215\223\257\364\277o\375\000r\241SOq\221\253\262\005\017\375T\356\014\360o'\030\311-\267\031\257!\031T\006><\315XM\334\324\345\034\000\325\367\240\271\013\265\024\321\362\354\211\250.\234s\225amc\305\035\366\276\037nD\277`\210\223N\3535\033\261\304f\331]\036\237\306o!\223\221\002\324\031\262\240R\177 ,\214\325\Q])\016\2067\277\t\354\010\000\360\215\2502\265\245\310\226\243c\302Ze\306\253#r\020\211\320iG\276\020E\317\035Sf\223F\254\033@\177e\277\016\010u\327\371&\262\312\317Q\2361t\377x\234\001v\003%\030\325_\225g\204\346a=\225\273\331\354\365*U\363\263N\367b\371\244\314-w\363\262\225Z\200\206\235\233\257?sE\2674\254\326mU\377?\177Ek\336\030!\316Aa\225\303\022\377{\210Y\226\271as\354L\035\004\341\361\035\301\024\220m#*\372\032\3178~\374\250\014*\323\342'z69\220\327\256\351G\367\317u\302\207\270b\315\333\333\334\310I\323&\014\352XZnW2.\335\347\202\021\247\362\212e\034\000\001\250\220\305;a\314\265R\310\017\317\331\235\360\262\240:\277\202\266\354\265X""\022\nh\252\352w\204\203\023]\001f\352\277\0031Q]\362\370R\350{\261\202\240\344\215\201\353\276\322p5p\350\354\017>\250r\241c\273\016\301\024\363\242\247\263\231\370\344\nBW\220K\316@3\243\200\036wk\253GSlU\010\360\231>\331\263H\214\324\030A\225\301o\346pkSF\004\241\213w9\223=\250\262*+\255\351r\265\244c\024\213\t\007`\223\325#\3477\210\345P\306\013\320\252[\0216+\227=`\371P\314\346 V7\271[~\n\237\274|\347\352@K\253~&\260\032\024\004B\200\255h\351\013\361\031:nG\211\005|\2003\266\274\251,W\006u\344\335d\003\306\212\313,\340\350bG\n\030Z\2732-\246\312\255\030\003\235207\005}D\260\0261ah\322M\304\216\273m0\271\234\237\007<w$\265C\245\232\033\023\313c\321B\032l\301h\005\320\252\301\361(\330[\343\357\343{\235\n\266g\272>\177\317\347\261qb&\270&\346ju\200\363N\320\307\004\034\001n\317\361\2653\254\2503\247\305\372\316W\022O\253x\250\025\373\247\354Tc\304\263\243^\352Gv\\264\261\r\035\226\306\2411\351\233\203\215\200$\231\300f\220\371c@\017\254\363\\371\340\340VaR\205~^\226\342t\360\022\204d\231\205)\272\364?\361!\334\331\315\254\230\rBG\314\023\246\244=\351\177\254\302b&\276+H;0\312\021&\275\036\237\350R\313\206R\331\304k\323u\263t\221\213yC\241\217A\242\027g\322\241'\212.E?B_\316\327\217J +\370\t^b\005\020\003\211\373\247|hC\271Nmk~J\270EU\274\036-\347\240\312FA\321\341bca\253\025\321\311\317\021\375\317\217\n\272\033o\353G>\275\361H\265\240\232um""\317\324`\214\221\314\000\211K\223+(""\200i \311\372g\254\343ZR0\224\275q\252\357\213\263\206N\357&Q\217\267\303\356I\236\357\264\311b\037\366\035\253\343\311\265\240\327q\206f\262ODi\215-\363>\034\236l\273\005G\316F\217}[\036\007\270:\260\335\271B\241N\345\330\204\327f\361\272Kb\0377p\334\264\237\177~\330]\252+:\317u\302h\n\351\n\364\231\277R\371\356\033y\265v\360Ny\246\332qY\262\231\251\n\305\334\202\305\362\n\367@k\231\016R:\327\242\366\242\253LZY\223$Gw^\203\302\311\316I7\371tTwp}\005|\372\214\251{R`\230V\244-\326I\351\255\325i\335\377\321\353\327\331\302\023\347y\016\263\271\317\306\017UV\314qu?\0064A\315{3D\010\016S\212\2353k0\361\214ID\303g\277\010Y_\001~\021\333\370\255\374\\331\306\255\336)\365Rth\024\t\300.M\315\321S\257\224\252\362\326P\316\303%nX\3742\333\036\004Y\264yG^\234\177\214\305q\237\274G\300a4\275\240s\215\222\210\016\020G\344=-:GK\312\035\271\201\350\376F\260G\347\000\235\365P6pmH\033\373\212c\377o\232\356\320D\002\277,]os{\354/?\312e\006wda\001\023\375\316\025\254\321\244\370+Y`\220\270\254\2601E[FI\310\235<qI \356\032\264\227\2326\315\307\363\323\325\303\032N\256*\307\327 \235\332\207u\210\271\257\306g\231i*\260\326k\001"";   nodeid: ""\260\000\000\000\000\000\000\000\000\000\000\000\000\000\000\000\000\000\000\000\000\000\000\000\000\000\000\000\000\000\000\000\001""; }; ","ledgerHash: ""v%\001\230\016\203\200\251UD\347\304\373\034\211\340@\342\033\263\365\356\341\357\350\324\035J\032\177\230\207""; ledgerSeq: 40; type: liAS_NODE; nodes {;   nodedata: ""\021\000h""\000\000\000\000 \033\000\000\000'\002\023\305?\330\356GuH\375\327!\255\371\r\231\262R\256J\034\222\241\355X\265E\241^W\225\304\014\361CX-}\351f\032\255\274\334m\326c\017\014ao[\342\230\003\245\245\3341Hm\326^\017jy\335\261\032Yt\320\244{g\0306\\302\303*\341\215\223\257\364\277o\375\000r\241SOq\221\253\262\005\017\375T\356\014\360o'\030\311-\267\031\257!\031T\006><\315XM\334\324\345\034\000\325\367\240\271\013\265\024\321\362\354\211\250.\234s\225amc\305\035\366\276\037nD\277`\210\223N\3535\033\261\304f\331]\036\237\306o!\223\221\002\324\031\262\240R\177 ,\214\325\Q])\016\2067\277\t\354\010\000\360\215\2502\265\245\310\226\243c\302Ze\306\253#r\020\211\320iG\276\020E\317\035Sf\223F\254\033@\177e\277\016\010u\327\371&\262\312\317Q\2361t\377x\234\001v\003%\030\325_\225g\204\346a=\225\273\331\354\365*U\363\263N\367b\371\244\314-w\363\262\225Z\200\206\235\233\257?sE\2674\254\326mU\377?\177Ek\336\030!\316Aa\225\303\022\377{\210Y\226\271as\354L\035\004\341\361\035\301\024\220m#*\372\032\3178~\374\250\014*\323\342'z69\220\327\256\351G\367\317u\302\207\270b\315\333\333\334\310I\323&\014\352XZnW2.\335\347\202\021\247\362\212e\034\000\001\250\220\305;a\314\265R\310\017\317\331\235\360\262\240:\277\202\266\354\265X""\022\nh\252\352w\204\203\023]\001f\352\277\0031Q]\362\370R\350{\261\202\240\344\215\201\353\276\322p5p\350\354\017>\250r\241c\273\016\301\024\363\242\247\263\231\370\344\nBW\220K\316@3\243\200\036wk\253GSlU\010\360\231>\331\263H\214\324\030A\225\301o\346pkSF\004\241\213w9\223=\250\262*+\255\351r\265\244c\024\213\t\007`\223\325#\3477\210\345P\306\013\320\252[\0216+\227=`\371P\314\346 V7\271[~\n\237\274|\347\352@K\253~&\260\032\024\004B\200\255h\351\013\361\031:nG\211\005|\2003\266\274\251,W\006u\344\335d\003\306\212\313,\340\350bG\n\030Z\2732-\246\312\255\030\003\235207\005}D\260\0261ah\322M\304\216\273m0\271\234\237\007<w$\265C\245\232\033\023\313c\321B\032l\301h\005\320\252\301\361(\330[\343\357\343{\235\n\266g\272>\177\317\347\261qb&\270&\346ju\200\363N\320\307\004\034\001n\317\361\2653\254\2503\247\305\372\316W\022O\253x\250\025\373\247\354Tc\304\263\243^\352Gv\\264\261\r\035\226\306\2411\351\233\203\215\200$\231\300f\220\371c@\017\254\363\\371\340\340VaR\205~^\226\342t\360\022\204d\231\205)\272\364?\361!\334\331\315\254\230\rBG\314\023\246\244=\351\177\254\302b&\276+H;0\312\021&\275\036\237\350R\313\206R\331\304k\323u\263t\221\213yC\241\217A\242\027g\322\241'\212.E?B_\316\327\217J +\370\t^b\005\020\003\211\373\247|hC\271Nmk~J\270EU\274\036-\347\240\312FA\321\341bca\253\025\321\311\317\021\375\317\217\n\272\033o\353G>\275\361H\265\240\232um""\317\324`\214\221\314\000\211K\223+(""\200i \311\372g\254\343ZR0\224\275q\252\357\213\263\206N\357&Q\217\267\303\356I\236\357\264\311b\037\366\035\253\343\311\265\240\327q\206f\262ODi\215-\363>\034\236l\273\005G\316F\217}[\036\007\270:\260\335\271B\241N\345\330\204\327f\361\272Kb\0377p\334\264\237\177~\330]\252+:\317u\302h\n\351\n\364\231\277R\371\356\033y\265v\360Ny\246\332qY\262\231\251\n\305\334\202\305\362\n\367@k\231\016R:\327\242\366\242\253LZY\223$Gw^\203\302\311\316I7\371tTwp}\005|\372\214\251{R`\230V\244-\326I\351\255\325i\335\377\321\353\327\331\302\023\347y\016\263\271\317\306\017UV\314qu?\0064A\315{3D\010\016S\212\2353k0\361\214ID\303g\277\010Y_\001~\021\333\370\255\374\\331\306\255\336)\365Rth\024\t\300.M\315\321S\257\224\252\362\326P\316\303%nX\3742\333\036\004Y\264yG^\234\177\214\305q\237\274G\300a4\275\240s\215\222\210\016\020G\344=-:GK\312\035\271\201\350\376F\260G\347\000\235\365P6pmH\033\373\212c\377o\232\356\320D\002\277,]os{\354/?\312e\006wda\001\023\375\316\025\254\321\244\370+Y`\220\270\254\2601E[FI\310\235<qI \356\032\264\227\2326\315\307\363\323\325\303\032N\256*\307\327 \235\332\207u\210\271\257\306g\231i*\260\326k\001"";   nodeid: ""\260\000\000\000\000\000\000\000\000\000\000\000\000\000\000\000\000\000\000\000\000\000\000\000\000\000\000\000\000\000\000\000\001""; }; "
1750527660510,1750527660510,0,1,3,1,TMLedgerData,"ledgerHash: ""v%\001\230\016\203\200\251UD\347\304\373\034\211\340@\342\033\263\365\356\341\357\350\324\035J\032\177\230\207""; ledgerSeq: 40; type: liAS_NODE; nodes {;   nodedata: ""\021\000h""\000\000\000\000 \033\000\000\000'\002\023\305?\330\356GuH\375\327!\255\371\r\231\262R\256J\034\222\241\355X\265E\241^W\225\304\014\361CX-}\351f\032\255\274\334m\326c\017\014ao[\342\230\003\245\245\3341Hm\326^\017jy\335\261\032Yt\320\244{g\0306\\302\303*\341\215\223\257\364\277o\375\000r\241SOq\221\253\262\005\017\375T\356\014\360o'\030\311-\267\031\257!\031T\006><\315XM\334\324\345\034\000\325\367\240\271\013\265\024\321\362\354\211\250.\234s\225amc\305\035\366\276\037nD\277`\210\223N\3535\033\261\304f\331]\036\237\306o!\223\221\002\324\031\262\240R\177 ,\214\325\Q])\016\2067\277\t\354\010\000\360\215\2502\265\245\310\226\243c\302Ze\306\253#r\020\211\320iG\276\020E\317\035Sf\223F\254\033@\177e\277\016\010u\327\371&\262\312\317Q\2361t\377x\234\001v\003%\030\325_\225g\204\346a=\225\273\331\354\365*U\363\263N\367b\371\244\314-w\363\262\225Z\200\206\235\233\257?sE\2674\254\326mU\377?\177Ek\336\030!\316Aa\225\303\022\377{\210Y\226\271as\354L\035\004\341\361\035\301\024\220m#*\372\032\3178~\374\250\014*\323\342'z69\220\327\256\351G\367\317u\302\207\270b\315\333\333\334\310I\323&\014\352XZnW2.\335\347\202\021\247\362\212e\034\000\001\250\220\305;a\314\265R\310\017\317\331\235\360\262\240:\277\202\266\354\265X""\022\nh\252\352w\204\203\023]\001f\352\277\0031Q]\362\370R\350{\261\202\240\344\215\201\353\276\322p5p\350\354\017>\250r\241c\273\016\301\024\363\242\247\263\231\370\344\nBW\220K\316@3\243\200\036wk\253GSlU\010\360\231>\331\263H\214\324\030A\225\301o\346pkSF\004\241\213w9\223=\250\262*+\255\351r\265\244c\024\213\t\007`\223\325#\3477\210\345P\306\013\320\252[\0216+\227=`\371P\314\346 V7\271[~\n\237\274|\347\352@K\253~&\260\032\024\004B\200\255h\351\013\361\031:nG\211\005|\2003\266\274\251,W\006u\344\335d\003\306\212\313,\340\350bG\n\030Z\2732-\246\312\255\030\003\235207\005}D\260\0261ah\322M\304\216\273m0\271\234\237\007<w$\265C\245\232\033\023\313c\321B\032l\301h\005\320\252\301\361(\330[\343\357\343{\235\n\266g\272>\177\317\347\261qb&\270&\346ju\200\363N\320\307\004\034\001n\317\361\2653\254\2503\247\305\372\316W\022O\253x\250\025\373\247\354Tc\304\263\243^\352Gv\\264\261\r\035\226\306\2411\351\233\203\215\200$\231\300f\220\371c@\017\254\363\\371\340\340VaR\205~^\226\342t\360\022\204d\231\205)\272\364?\361!\334\331\315\254\230\rBG\314\023\246\244=\351\177\254\302b&\276+H;0\312\021&\275\036\237\350R\313\206R\331\304k\323u\263t\221\213yC\241\217A\242\027g\322\241'\212.E?B_\316\327\217J +\370\t^b\005\020\003\211\373\247|hC\271Nmk~J\270EU\274\036-\347\240\312FA\321\341bca\253\025\321\311\317\021\375\317\217\n\272\033o\353G>\275\361H\265\240\232um""\317\324`\214\221\314\000\211K\223+(""\200i \311\372g\254\343ZR0\224\275q\252\357\213\263\206N\357&Q\217\267\303\356I\236\357\264\311b\037\366\035\253\343\311\265\240\327q\206f\262ODi\215-\363>\034\236l\273\005G\316F\217}[\036\007\270:\260\335\271B\241N\345\330\204\327f\361\272Kb\0377p\334\264\237\177~\330]\252+:\317u\302h\n\351\n\364\231\277R\371\356\033y\265v\360Ny\246\332qY\262\231\251\n\305\334\202\305\362\n\367@k\231\016R:\327\242\366\242\253LZY\223$Gw^\203\302\311\316I7\371tTwp}\005|\372\214\251{R`\230V\244-\326I\351\255\325i\335\377\321\353\327\331\302\023\347y\016\263\271\317\306\017UV\314qu?\0064A\315{3D\010\016S\212\2353k0\361\214ID\303g\277\010Y_\001~\021\333\370\255\374\\331\306\255\336)\365Rth\024\t\300.M\315\321S\257\224\252\362\326P\316\303%nX\3742\333\036\004Y\264yG^\234\177\214\305q\237\274G\300a4\275\240s\215\222\210\016\020G\344=-:GK\312\035\271\201\350\376F\260G\347\000\235\365P6pmH\033\373\212c\377o\232\356\320D\002\277,]os{\354/?\312e\006wda\001\023\375\316\025\254\321\244\370+Y`\220\270\254\2601E[FI\310\235<qI \356\032\264\227\2326\315\307\363\323\325\303\032N\256*\307\327 \235\332\207u\210\271\257\306g\231i*\260\326k\001"";   nodeid: ""\260\000\000\000\000\000\000\000\000\000\000\000\000\000\000\000\000\000\000\000\000\000\000\000\000\000\000\000\000\000\000\000\001""; }; ","ledgerHash: ""v%\001\230\016\203\200\251UD\347\304\373\034\211\340@\342\033\263\365\356\341\357\350\324\035J\032\177\230\207""; ledgerSeq: 40; type: liAS_NODE; nodes {;   nodedata: ""\021\000h""\000\000\000\000 \033\000\000\000'\002\023\305?\330\356GuH\375\327!\255\371\r\231\262R\256J\034\222\241\355X\265E\241^W\225\304\014\361CX-}\351f\032\255\274\334m\326c\017\014ao[\342\230\003\245\245\3341Hm\326^\017jy\335\261\032Yt\320\244{g\0306\\302\303*\341\215\223\257\364\277o\375\000r\241SOq\221\253\262\005\017\375T\356\014\360o'\030\311-\267\031\257!\031T\006><\315XM\334\324\345\034\000\325\367\240\271\013\265\024\321\362\354\211\250.\234s\225amc\305\035\366\276\037nD\277`\210\223N\3535\033\261\304f\331]\036\237\306o!\223\221\002\324\031\262\240R\177 ,\214\325\Q])\016\2067\277\t\354\010\000\360\215\2502\265\245\310\226\243c\302Ze\306\253#r\020\211\320iG\276\020E\317\035Sf\223F\254\033@\177e\277\016\010u\327\371&\262\312\317Q\2361t\377x\234\001v\003%\030\325_\225g\204\346a=\225\273\331\354\365*U\363\263N\367b\371\244\314-w\363\262\225Z\200\206\235\233\257?sE\2674\254\326mU\377?\177Ek\336\030!\316Aa\225\303\022\377{\210Y\226\271as\354L\035\004\341\361\035\301\024\220m#*\372\032\3178~\374\250\014*\323\342'z69\220\327\256\351G\367\317u\302\207\270b\315\333\333\334\310I\323&\014\352XZnW2.\335\347\202\021\247\362\212e\034\000\001\250\220\305;a\314\265R\310\017\317\331\235\360\262\240:\277\202\266\354\265X""\022\nh\252\352w\204\203\023]\001f\352\277\0031Q]\362\370R\350{\261\202\240\344\215\201\353\276\322p5p\350\354\017>\250r\241c\273\016\301\024\363\242\247\263\231\370\344\nBW\220K\316@3\243\200\036wk\253GSlU\010\360\231>\331\263H\214\324\030A\225\301o\346pkSF\004\241\213w9\223=\250\262*+\255\351r\265\244c\024\213\t\007`\223\325#\3477\210\345P\306\013\320\252[\0216+\227=`\371P\314\346 V7\271[~\n\237\274|\347\352@K\253~&\260\032\024\004B\200\255h\351\013\361\031:nG\211\005|\2003\266\274\251,W\006u\344\335d\003\306\212\313,\340\350bG\n\030Z\2732-\246\312\255\030\003\235207\005}D\260\0261ah\322M\304\216\273m0\271\234\237\007<w$\265C\245\232\033\023\313c\321B\032l\301h\005\320\252\301\361(\330[\343\357\343{\235\n\266g\272>\177\317\347\261qb&\270&\346ju\200\363N\320\307\004\034\001n\317\361\2653\254\2503\247\305\372\316W\022O\253x\250\025\373\247\354Tc\304\263\243^\352Gv\\264\261\r\035\226\306\2411\351\233\203\215\200$\231\300f\220\371c@\017\254\363\\371\340\340VaR\205~^\226\342t\360\022\204d\231\205)\272\364?\361!\334\331\315\254\230\rBG\314\023\246\244=\351\177\254\302b&\276+H;0\312\021&\275\036\237\350R\313\206R\331\304k\323u\263t\221\213yC\241\217A\242\027g\322\241'\212.E?B_\316\327\217J +\370\t^b\005\020\003\211\373\247|hC\271Nmk~J\270EU\274\036-\347\240\312FA\321\341bca\253\025\321\311\317\021\375\317\217\n\272\033o\353G>\275\361H\265\240\232um""\317\324`\214\221\314\000\211K\223+(""\200i \311\372g\254\343ZR0\224\275q\252\357\213\263\206N\357&Q\217\267\303\356I\236\357\264\311b\037\366\035\253\343\311\265\240\327q\206f\262ODi\215-\363>\034\236l\273\005G\316F\217}[\036\007\270:\260\335\271B\241N\345\330\204\327f\361\272Kb\0377p\334\264\237\177~\330]\252+:\317u\302h\n\351\n\364\231\277R\371\356\033y\265v\360Ny\246\332qY\262\231\251\n\305\334\202\305\362\n\367@k\231\016R:\327\242\366\242\253LZY\223$Gw^\203\302\311\316I7\371tTwp}\005|\372\214\251{R`\230V\244-\326I\351\255\325i\335\377\321\353\327\331\302\023\347y\016\263\271\317\306\017UV\314qu?\0064A\315{3D\010\016S\212\2353k0\361\214ID\303g\277\010Y_\001~\021\333\370\255\374\\331\306\255\336)\365Rth\024\t\300.M\315\321S\257\224\252\362\326P\316\303%nX\3742\333\036\004Y\264yG^\234\177\214\305q\237\274G\300a4\275\240s\215\222\210\016\020G\344=-:GK\312\035\271\201\350\376F\260G\347\000\235\365P6pmH\033\373\212c\377o\232\356\320D\002\277,]os{\354/?\312e\006wda\001\023\375\316\025\254\321\244\370+Y`\220\270\254\2601E[FI\310\235<qI \356\032\264\227\2326\315\307\363\323\325\303\032N\256*\307\327 \235\332\207u\210\271\257\306g\231i*\260\326k\001"";   nodeid: ""\260\000\000\000\000\000\000\000\000\000\000\000\000\000\000\000\000\000\000\000\000\000\000\000\000\000\000\000\000\000\000\000\001""; }; "
1750527660510,1750527660510,0,1,3,1,TMLedgerData,"ledgerHash: ""v%\001\230\016\203\200\251UD\347\304\373\034\211\340@\342\033\263\365\356\341\357\350\324\035J\032\177\230\207""; ledgerSeq: 40; type: liBASE; nodes {;   nodedata: ""\000\000\000(\001cEx]\211\377\330wda\001\023\375\316\025\254\321\244\370+Y`\220\270\254\2601E[FI\310\235<qI \356\032\000\000\000\000\000\000\000\000\000\000\000\000\000\000\000\000\000\000\000\000\000\000\000\000\000\000\000\000\000\000\000\000\221\225*\236\001\324p\323\221\026\212\351f{\276\316a\257\206} \242/\006\232\002k0\313\314\312\317/\351\253,/\351\253-\n\000""; }; nodes {;   nodedata: ""\323C\344\327\264{\312-\017:\006{\177\344N\002\326bO\260\220\006\033\362\345\005U\221DzJ0\001\301\025%1L\307\t\261\262z\374\222T\301\274V\236\223\262\270Ct\362\337b\356\024*\324\320\351\317\002k\336\234\027v\351\217\260\303\360\233ZPZWr\246$w\313\313\r\243r\232\2234\373\3539:N\004Q\245\272D\312D\300\300\t\323\0257\345e\271\na\215{\226\255x%T\257\037\333\004\344_/R\006E\344\037@\210\363\010\336T\226\247'\204_{\261\370""1\235\2445\343\033Y!\212\201\341\272\225'\007\213\035\024\177\217\222\314\307\364\352m\350\210vi\322\321\341\202\300\006\267\037#1\217;\300\227SH\320\013\003""; }; requestCookie: 2; ","ledgerHash: ""v%\001\230\016\203\200\251UD\347\304\373\034\211\340@\342\033\263\365\356\341\357\350\324\035J\032\177\230\207""; ledgerSeq: 40; type: liBASE; nodes {;   nodedata: ""\000\000\000(\001cEx]\211\377\330wda\001\023\375\316\025\254\321\244\370+Y`\220\270\254\2601E[FI\310\235<qI \356\032\000\000\000\000\000\000\000\000\000\000\000\000\000\000\000\000\000\000\000\000\000\000\000\000\000\000\000\000\000\000\000\000\221\225*\236\001\324p\323\221\026\212\351f{\276\316a\257\206} \242/\006\232\002k0\313\314\312\317/\351\253,/\351\253-\n\000""; }; nodes {;   nodedata: ""\323C\344\327\264{\312-\017:\006{\177\344N\002\326bO\260\220\006\033\362\345\005U\221DzJ0\001\301\025%1L\307\t\261\262z\374\222T\301\274V\236\223\262\270Ct\362\337b\356\024*\324\320\351\317\002k\336\234\027v\351\217\260\303\360\233ZPZWr\246$w\313\313\r\243r\232\2234\373\3539:N\004Q\245\272D\312D\300\300\t\323\0257\345e\271\na\215{\226\255x%T\257\037\333\004\344_/R\006E\344\037@\210\363\010\336T\226\247'\204_{\261\370""1\235\2445\343\033Y!\212\201\341\272\225'\007\213\035\024\177\217\222\314\307\364\352m\350\210vi\322\321\341\202\300\006\267\037#1\217;\300\227SH\320\013\003""; }; requestCookie: 2; "
1750527660511,1750527660511,0,1,3,1,TMLedgerData,"ledgerHash: ""v%\001\230\016\203\200\251UD\347\304\373\034\211\340@\342\033\263\365\356\341\357\350\324\035J\032\177\230\207""; ledgerSeq: 40; type: liBASE; nodes {;   nodedata: ""\000\000\000(\001cEx]\211\377\330wda\001\023\375\316\025\254\321\244\370+Y`\220\270\254\2601E[FI\310\235<qI \356\032\000\000\000\000\000\000\000\000\000\000\000\000\000\000\000\000\000\000\000\000\000\000\000\000\000\000\000\000\000\000\000\000\221\225*\236\001\324p\323\221\026\212\351f{\276\316a\257\206} \242/\006\232\002k0\313\314\312\317/\351\253,/\351\253-\n\000""; }; nodes {;   nodedata: ""\323C\344\327\264{\312-\017:\006{\177\344N\002\326bO\260\220\006\033\362\345\005U\221DzJ0\001\301\025%1L\307\t\261\262z\374\222T\301\274V\236\223\262\270Ct\362\337b\356\024*\324\320\351\317\002k\336\234\027v\351\217\260\303\360\233ZPZWr\246$w\313\313\r\243r\232\2234\373\3539:N\004Q\245\272D\312D\300\300\t\323\0257\345e\271\na\215{\226\255x%T\257\037\333\004\344_/R\006E\344\037@\210\363\010\336T\226\247'\204_{\261\370""1\235\2445\343\033Y!\212\201\341\272\225'\007\213\035\024\177\217\222\314\307\364\352m\350\210vi\322\321\341\202\300\006\267\037#1\217;\300\227SH\320\013\003""; }; requestCookie: 3; ","ledgerHash: ""v%\001\230\016\203\200\251UD\347\304\373\034\211\340@\342\033\263\365\356\341\357\350\324\035J\032\177\230\207""; ledgerSeq: 40; type: liBASE; nodes {;   nodedata: ""\000\000\000(\001cEx]\211\377\330wda\001\023\375\316\025\254\321\244\370+Y`\220\270\254\2601E[FI\310\235<qI \356\032\000\000\000\000\000\000\000\000\000\000\000\000\000\000\000\000\000\000\000\000\000\000\000\000\000\000\000\000\000\000\000\000\221\225*\236\001\324p\323\221\026\212\351f{\276\316a\257\206} \242/\006\232\002k0\313\314\312\317/\351\253,/\351\253-\n\000""; }; nodes {;   nodedata: ""\323C\344\327\264{\312-\017:\006{\177\344N\002\326bO\260\220\006\033\362\345\005U\221DzJ0\001\301\025%1L\307\t\261\262z\374\222T\301\274V\236\223\262\270Ct\362\337b\356\024*\324\320\351\317\002k\336\234\027v\351\217\260\303\360\233ZPZWr\246$w\313\313\r\243r\232\2234\373\3539:N\004Q\245\272D\312D\300\300\t\323\0257\345e\271\na\215{\226\255x%T\257\037\333\004\344_/R\006E\344\037@\210\363\010\336T\226\247'\204_{\261\370""1\235\2445\343\033Y!\212\201\341\272\225'\007\213\035\024\177\217\222\314\307\364\352m\350\210vi\322\321\341\202\300\006\267\037#1\217;\300\227SH\320\013\003""; }; requestCookie: 3; "
1750527660512,1750527660512,0,1,1,0,TMLedgerData,"ledgerHash: ""v%\001\230\016\203\200\251UD\347\304\373\034\211\340@\342\033\263\365\356\341\357\350\324\035J\032\177\230\207""; ledgerSeq: 40; type: liBASE; nodes {;   nodedata: ""\000\000\000(\001cEx]\211\377\330wda\001\023\375\316\025\254\321\244\370+Y`\220\270\254\2601E[FI\310\235<qI \356\032\000\000\000\000\000\000\000\000\000\000\000\000\000\000\000\000\000\000\000\000\000\000\000\000\000\000\000\000\000\000\000\000\221\225*\236\001\324p\323\221\026\212\351f{\276\316a\257\206} \242/\006\232\002k0\313\314\312\317/\351\253,/\351\253-\n\000""; }; nodes {;   nodedata: ""\323C\344\327\264{\312-\017:\006{\177\344N\002\326bO\260\220\006\033\362\345\005U\221DzJ0\001\301\025%1L\307\t\261\262z\374\222T\301\274V\236\223\262\270Ct\362\337b\356\024*\324\320\351\317\002k\336\234\027v\351\217\260\303\360\233ZPZWr\246$w\313\313\r\243r\232\2234\373\3539:N\004Q\245\272D\312D\300\300\t\323\0257\345e\271\na\215{\226\255x%T\257\037\333\004\344_/R\006E\344\037@\210\363\010\336T\226\247'\204_{\261\370""1\235\2445\343\033Y!\212\201\341\272\225'\007\213\035\024\177\217\222\314\307\364\352m\350\210vi\322\321\341\202\300\006\267\037#1\217;\300\227SH\320\013\003""; }; ","ledgerHash: ""v%\001\230\016\203\200\251UD\347\304\373\034\211\340@\342\033\263\365\356\341\357\350\324\035J\032\177\230\207""; ledgerSeq: 40; type: liBASE; nodes {;   nodedata: ""\000\000\000(\001cEx]\211\377\330wda\001\023\375\316\025\254\321\244\370+Y`\220\270\254\2601E[FI\310\235<qI \356\032\000\000\000\000\000\000\000\000\000\000\000\000\000\000\000\000\000\000\000\000\000\000\000\000\000\000\000\000\000\000\000\000\221\225*\236\001\324p\323\221\026\212\351f{\276\316a\257\206} \242/\006\232\002k0\313\314\312\317/\351\253,/\351\253-\n\000""; }; nodes {;   nodedata: ""\323C\344\327\264{\312-\017:\006{\177\344N\002\326bO\260\220\006\033\362\345\005U\221DzJ0\001\301\025%1L\307\t\261\262z\374\222T\301\274V\236\223\262\270Ct\362\337b\356\024*\324\320\351\317\002k\336\234\027v\351\217\260\303\360\233ZPZWr\246$w\313\313\r\243r\232\2234\373\3539:N\004Q\245\272D\312D\300\300\t\323\0257\345e\271\na\215{\226\255x%T\257\037\333\004\344_/R\006E\344\037@\210\363\010\336T\226\247'\204_{\261\370""1\235\2445\343\033Y!\212\201\341\272\225'\007\213\035\024\177\217\222\314\307\364\352m\350\210vi\322\321\341\202\300\006\267\037#1\217;\300\227SH\320\013\003""; }; "
1750527660512,1750527660512,0,1,1,2,TMLedgerData,"ledgerHash: ""v%\001\230\016\203\200\251UD\347\304\373\034\211\340@\342\033\263\365\356\341\357\350\324\035J\032\177\230\207""; ledgerSeq: 40; type: liBASE; nodes {;   nodedata: ""\000\000\000(\001cEx]\211\377\330wda\001\023\375\316\025\254\321\244\370+Y`\220\270\254\2601E[FI\310\235<qI \356\032\000\000\000\000\000\000\000\000\000\000\000\000\000\000\000\000\000\000\000\000\000\000\000\000\000\000\000\000\000\000\000\000\221\225*\236\001\324p\323\221\026\212\351f{\276\316a\257\206} \242/\006\232\002k0\313\314\312\317/\351\253,/\351\253-\n\000""; }; nodes {;   nodedata: ""\323C\344\327\264{\312-\017:\006{\177\344N\002\326bO\260\220\006\033\362\345\005U\221DzJ0\001\301\025%1L\307\t\261\262z\374\222T\301\274V\236\223\262\270Ct\362\337b\356\024*\324\320\351\317\002k\336\234\027v\351\217\260\303\360\233ZPZWr\246$w\313\313\r\243r\232\2234\373\3539:N\004Q\245\272D\312D\300\300\t\323\0257\345e\271\na\215{\226\255x%T\257\037\333\004\344_/R\006E\344\037@\210\363\010\336T\226\247'\204_{\261\370""1\235\2445\343\033Y!\212\201\341\272\225'\007\213\035\024\177\217\222\314\307\364\352m\350\210vi\322\321\341\202\300\006\267\037#1\217;\300\227SH\320\013\003""; }; ","ledgerHash: ""v%\001\230\016\203\200\251UD\347\304\373\034\211\340@\342\033\263\365\356\341\357\350\324\035J\032\177\230\207""; ledgerSeq: 40; type: liBASE; nodes {;   nodedata: ""\000\000\000(\001cEx]\211\377\330wda\001\023\375\316\025\254\321\244\370+Y`\220\270\254\2601E[FI\310\235<qI \356\032\000\000\000\000\000\000\000\000\000\000\000\000\000\000\000\000\000\000\000\000\000\000\000\000\000\000\000\000\000\000\000\000\221\225*\236\001\324p\323\221\026\212\351f{\276\316a\257\206} \242/\006\232\002k0\313\314\312\317/\351\253,/\351\253-\n\000""; }; nodes {;   nodedata: ""\323C\344\327\264{\312-\017:\006{\177\344N\002\326bO\260\220\006\033\362\345\005U\221DzJ0\001\301\025%1L\307\t\261\262z\374\222T\301\274V\236\223\262\270Ct\362\337b\356\024*\324\320\351\317\002k\336\234\027v\351\217\260\303\360\233ZPZWr\246$w\313\313\r\243r\232\2234\373\3539:N\004Q\245\272D\312D\300\300\t\323\0257\345e\271\na\215{\226\255x%T\257\037\333\004\344_/R\006E\344\037@\210\363\010\336T\226\247'\204_{\261\370""1\235\2445\343\033Y!\212\201\341\272\225'\007\213\035\024\177\217\222\314\307\364\352m\350\210vi\322\321\341\202\300\006\267\037#1\217;\300\227SH\320\013\003""; }; "
1750527660537,1750527660537,0,1,3,4,TMLedgerData,"ledgerHash: ""v%\001\230\016\203\200\251UD\347\304\373\034\211\340@\342\033\263\365\356\341\357\350\324\035J\032\177\230\207""; ledgerSeq: 40; type: liBASE; nodes {;   nodedata: ""\000\000\000(\001cEx]\211\377\330wda\001\023\375\316\025\254\321\244\370+Y`\220\270\254\2601E[FI\310\235<qI \356\032\000\000\000\000\000\000\000\000\000\000\000\000\000\000\000\000\000\000\000\000\000\000\000\000\000\000\000\000\000\000\000\000\221\225*\236\001\324p\323\221\026\212\351f{\276\316a\257\206} \242/\006\232\002k0\313\314\312\317/\351\253,/\351\253-\n\000""; }; nodes {;   nodedata: ""\323C\344\327\264{\312-\017:\006{\177\344N\002\326bO\260\220\006\033\362\345\005U\221DzJ0\001\301\025%1L\307\t\261\262z\374\222T\301\274V\236\223\262\270Ct\362\337b\356\024*\324\320\351\317\002k\336\234\027v\351\217\260\303\360\233ZPZWr\246$w\313\313\r\243r\232\2234\373\3539:N\004Q\245\272D\312D\300\300\t\323\0257\345e\271\na\215{\226\255x%T\257\037\333\004\344_/R\006E\344\037@\210\363\010\336T\226\247'\204_{\261\370""1\235\2445\343\033Y!\212\201\341\272\225'\007\213\035\024\177\217\222\314\307\364\352m\350\210vi\322\321\341\202\300\006\267\037#1\217;\300\227SH\320\013\003""; }; requestCookie: 2; ","ledgerHash: ""v%\001\230\016\203\200\251UD\347\304\373\034\211\340@\342\033\263\365\356\341\357\350\324\035J\032\177\230\207""; ledgerSeq: 40; type: liBASE; nodes {;   nodedata: ""\000\000\000(\001cEx]\211\377\330wda\001\023\375\316\025\254\321\244\370+Y`\220\270\254\2601E[FI\310\235<qI \356\032\000\000\000\000\000\000\000\000\000\000\000\000\000\000\000\000\000\000\000\000\000\000\000\000\000\000\000\000\000\000\000\000\221\225*\236\001\324p\323\221\026\212\351f{\276\316a\257\206} \242/\006\232\002k0\313\314\312\317/\351\253,/\351\253-\n\000""; }; nodes {;   nodedata: ""\323C\344\327\264{\312-\017:\006{\177\344N\002\326bO\260\220\006\033\362\345\005U\221DzJ0\001\301\025%1L\307\t\261\262z\374\222T\301\274V\236\223\262\270Ct\362\337b\356\024*\324\320\351\317\002k\336\234\027v\351\217\260\303\360\233ZPZWr\246$w\313\313\r\243r\232\2234\373\3539:N\004Q\245\272D\312D\300\300\t\323\0257\345e\271\na\215{\226\255x%T\257\037\333\004\344_/R\006E\344\037@\210\363\010\336T\226\247'\204_{\261\370""1\235\2445\343\033Y!\212\201\341\272\225'\007\213\035\024\177\217\222\314\307\364\352m\350\210vi\322\321\341\202\300\006\267\037#1\217;\300\227SH\320\013\003""; }; requestCookie: 2; "
1750527660538,1750527660538,0,1,4,1,TMLedgerData,"ledgerHash: ""v%\001\230\016\203\200\251UD\347\304\373\034\211\340@\342\033\263\365\356\341\357\350\324\035J\032\177\230\207""; ledgerSeq: 40; type: liBASE; nodes {;   nodedata: ""\000\000\000(\001cEx]\211\377\330wda\001\023\375\316\025\254\321\244\370+Y`\220\270\254\2601E[FI\310\235<qI \356\032\000\000\000\000\000\000\000\000\000\000\000\000\000\000\000\000\000\000\000\000\000\000\000\000\000\000\000\000\000\000\000\000\221\225*\236\001\324p\323\221\026\212\351f{\276\316a\257\206} \242/\006\232\002k0\313\314\312\317/\351\253,/\351\253-\n\000""; }; nodes {;   nodedata: ""\323C\344\327\264{\312-\017:\006{\177\344N\002\326bO\260\220\006\033\362\345\005U\221DzJ0\001\301\025%1L\307\t\261\262z\374\222T\301\274V\236\223\262\270Ct\362\337b\356\024*\324\320\351\317\002k\336\234\027v\351\217\260\303\360\233ZPZWr\246$w\313\313\r\243r\232\2234\373\3539:N\004Q\245\272D\312D\300\300\t\323\0257\345e\271\na\215{\226\255x%T\257\037\333\004\344_/R\006E\344\037@\210\363\010\336T\226\247'\204_{\261\370""1\235\2445\343\033Y!\212\201\341\272\225'\007\213\035\024\177\217\222\314\307\364\352m\350\210vi\322\321\341\202\300\006\267\037#1\217;\300\227SH\320\013\003""; }; ","ledgerHash: ""v%\001\230\016\203\200\251UD\347\304\373\034\211\340@\342\033\263\365\356\341\357\350\324\035J\032\177\230\207""; ledgerSeq: 40; type: liBASE; nodes {;   nodedata: ""\000\000\000(\001cEx]\211\377\330wda\001\023\375\316\025\254\321\244\370+Y`\220\270\254\2601E[FI\310\235<qI \356\032\000\000\000\000\000\000\000\000\000\000\000\000\000\000\000\000\000\000\000\000\000\000\000\000\000\000\000\000\000\000\000\000\221\225*\236\001\324p\323\221\026\212\351f{\276\316a\257\206} \242/\006\232\002k0\313\314\312\317/\351\253,/\351\253-\n\000""; }; nodes {;   nodedata: ""\323C\344\327\264{\312-\017:\006{\177\344N\002\326bO\260\220\006\033\362\345\005U\221DzJ0\001\301\025%1L\307\t\261\262z\374\222T\301\274V\236\223\262\270Ct\362\337b\356\024*\324\320\351\317\002k\336\234\027v\351\217\260\303\360\233ZPZWr\246$w\313\313\r\243r\232\2234\373\3539:N\004Q\245\272D\312D\300\300\t\323\0257\345e\271\na\215{\226\255x%T\257\037\333\004\344_/R\006E\344\037@\210\363\010\336T\226\247'\204_{\261\370""1\235\2445\343\033Y!\212\201\341\272\225'\007\213\035\024\177\217\222\314\307\364\352m\350\210vi\322\321\341\202\300\006\267\037#1\217;\300\227SH\320\013\003""; }; "
1750527660541,1750527660542,0,1,3,0,TMLedgerData,"ledgerHash: ""v%\001\230\016\203\200\251UD\347\304\373\034\211\340@\342\033\263\365\356\341\357\350\324\035J\032\177\230\207""; ledgerSeq: 40; type: liAS_NODE; nodes {;   nodedata: ""\021\000h""\000\000\000\000 \033\000\000\000'\002\023\305?\330\356GuH\375\327!\255\371\r\231\262R\256J\034\222\241\355X\265E\241^W\225\304\014\361CX-}\351f\032\255\274\334m\326c\017\014ao[\342\230\003\245\245\3341Hm\326^\017jy\335\261\032Yt\320\244{g\0306\\302\303*\341\215\223\257\364\277o\375\000r\241SOq\221\253\262\005\017\375T\356\014\360o'\030\311-\267\031\257!\031T\006><\315XM\334\324\345\034\000\325\367\240\271\013\265\024\321\362\354\211\250.\234s\225amc\305\035\366\276\037nD\277`\210\223N\3535\033\261\304f\331]\036\237\306o!\223\221\002\324\031\262\240R\177 ,\214\325\Q])\016\2067\277\t\354\010\000\360\215\2502\265\245\310\226\243c\302Ze\306\253#r\020\211\320iG\276\020E\317\035Sf\223F\254\033@\177e\277\016\010u\327\371&\262\312\317Q\2361t\377x\234\001v\003%\030\325_\225g\204\346a=\225\273\331\354\365*U\363\263N\367b\371\244\314-w\363\262\225Z\200\206\235\233\257?sE\2674\254\326mU\377?\177Ek\336\030!\316Aa\225\303\022\377{\210Y\226\271as\354L\035\004\341\361\035\301\024\220m#*\372\032\3178~\374\250\014*\323\342'z69\220\327\256\351G\367\317u\302\207\270b\315\333\333\334\310I\323&\014\352XZnW2.\335\347\202\021\247\362\212e\034\000\001\250\220\305;a\314\265R\310\017\317\331\235\360\262\240:\277\202\266\354\265X""\022\nh\252\352w\204\203\023]\001f\352\277\0031Q]\362\370R\350{\261\202\240\344\215\201\353\276\322p5p\350\354\017>\250r\241c\273\016\301\024\363\242\247\263\231\370\344\nBW\220K\316@3\243\200\036wk\253GSlU\010\360\231>\331\263H\214\324\030A\225\301o\346pkSF\004\241\213w9\223=\250\262*+\255\351r\265\244c\024\213\t\007`\223\325#\3477\210\345P\306\013\320\252[\0216+\227=`\371P\314\346 V7\271[~\n\237\274|\347\352@K\253~&\260\032\024\004B\200\255h\351\013\361\031:nG\211\005|\2003\266\274\251,W\006u\344\335d\003\306\212\313,\340\350bG\n\030Z\2732-\246\312\255\030\003\235207\005}D\260\0261ah\322M\304\216\273m0\271\234\237\007<w$\265C\245\232\033\023\313c\321B\032l\301h\005\320\252\301\361(\330[\343\357\343{\235\n\266g\272>\177\317\347\261qb&\270&\346ju\200\363N\320\307\004\034\001n\317\361\2653\254\2503\247\305\372\316W\022O\253x\250\025\373\247\354Tc\304\263\243^\352Gv\\264\261\r\035\226\306\2411\351\233\203\215\200$\231\300f\220\371c@\017\254\363\\371\340\340VaR\205~^\226\342t\360\022\204d\231\205)\272\364?\361!\334\331\315\254\230\rBG\314\023\246\244=\351\177\254\302b&\276+H;0\312\021&\275\036\237\350R\313\206R\331\304k\323u\263t\221\213yC\241\217A\242\027g\322\241'\212.E?B_\316\327\217J +\370\t^b\005\020\003\211\373\247|hC\271Nmk~J\270EU\274\036-\347\240\312FA\321\341bca\253\025\321\311\317\021\375\317\217\n\272\033o\353G>\275\361H\265\240\232um""\317\324`\214\221\314\000\211K\223+(""\200i \311\372g\254\343ZR0\224\275q\252\357\213\263\206N\357&Q\217\267\303\356I\236\357\264\311b\037\366\035\253\343\311\265\240\327q\206f\262ODi\215-\363>\034\236l\273\005G\316F\217}[\036\007\270:\260\335\271B\241N\345\330\204\327f\361\272Kb\0377p\334\264\237\177~\330]\252+:\317u\302h\n\351\n\364\231\277R\371\356\033y\265v\360Ny\246\332qY\262\231\251\n\305\334\202\305\362\n\367@k\231\016R:\327\242\366\242\253LZY\223$Gw^\203\302\311\316I7\371tTwp}\005|\372\214\251{R`\230V\244-\326I\351\255\325i\335\377\321\353\327\331\302\023\347y\016\263\271\317\306\017UV\314qu?\0064A\315{3D\010\016S\212\2353k0\361\214ID\303g\277\010Y_\001~\021\333\370\255\374\\331\306\255\336)\365Rth\024\t\300.M\315\321S\257\224\252\362\326P\316\303%nX\3742\333\036\004Y\264yG^\234\177\214\305q\237\274G\300a4\275\240s\215\222\210\016\020G\344=-:GK\312\035\271\201\350\376F\260G\347\000\235\365P6pmH\033\373\212c\377o\232\356\320D\002\277,]os{\354/?\312e\006wda\001\023\375\316\025\254\321\244\370+Y`\220\270\254\2601E[FI\310\235<qI \356\032\264\227\2326\315\307\363\323\325\303\032N\256*\307\327 \235\332\207u\210\271\257\306g\231i*\260\326k\001"";   nodeid: ""\260\000\000\000\000\000\000\000\000\000\000\000\000\000\000\000\000\000\000\000\000\000\000\000\000\000\000\000\000\000\000\000\001""; }; ","ledgerHash: ""v%\001\230\016\203\200\251UD\347\304\373\034\211\340@\342\033\263\365\356\341\357\350\324\035J\032\177\230\207""; ledgerSeq: 40; type: liAS_NODE; nodes {;   nodedata: ""\021\000h""\000\000\000\000 \033\000\000\000'\002\023\305?\330\356GuH\375\327!\255\371\r\231\262R\256J\034\222\241\355X\265E\241^W\225\304\014\361CX-}\351f\032\255\274\334m\326c\017\014ao[\342\230\003\245\245\3341Hm\326^\017jy\335\261\032Yt\320\244{g\0306\\302\303*\341\215\223\257\364\277o\375\000r\241SOq\221\253\262\005\017\375T\356\014\360o'\030\311-\267\031\257!\031T\006><\315XM\334\324\345\034\000\325\367\240\271\013\265\024\321\362\354\211\250.\234s\225amc\305\035\366\276\037nD\277`\210\223N\3535\033\261\304f\331]\036\237\306o!\223\221\002\324\031\262\240R\177 ,\214\325\Q])\016\2067\277\t\354\010\000\360\215\2502\265\245\310\226\243c\302Ze\306\253#r\020\211\320iG\276\020E\317\035Sf\223F\254\033@\177e\277\016\010u\327\371&\262\312\317Q\2361t\377x\234\001v\003%\030\325_\225g\204\346a=\225\273\331\354\365*U\363\263N\367b\371\244\314-w\363\262\225Z\200\206\235\233\257?sE\2674\254\326mU\377?\177Ek\336\030!\316Aa\225\303\022\377{\210Y\226\271as\354L\035\004\341\361\035\301\024\220m#*\372\032\3178~\374\250\014*\323\342'z69\220\327\256\351G\367\317u\302\207\270b\315\333\333\334\310I\323&\014\352XZnW2.\335\347\202\021\247\362\212e\034\000\001\250\220\305;a\314\265R\310\017\317\331\235\360\262\240:\277\202\266\354\265X""\022\nh\252\352w\204\203\023]\001f\352\277\0031Q]\362\370R\350{\261\202\240\344\215\201\353\276\322p5p\350\354\017>\250r\241c\273\016\301\024\363\242\247\263\231\370\344\nBW\220K\316@3\243\200\036wk\253GSlU\010\360\231>\331\263H\214\324\030A\225\301o\346pkSF\004\241\213w9\223=\250\262*+\255\351r\265\244c\024\213\t\007`\223\325#\3477\210\345P\306\013\320\252[\0216+\227=`\371P\314\346 V7\271[~\n\237\274|\347\352@K\253~&\260\032\024\004B\200\255h\351\013\361\031:nG\211\005|\2003\266\274\251,W\006u\344\335d\003\306\212\313,\340\350bG\n\030Z\2732-\246\312\255\030\003\235207\005}D\260\0261ah\322M\304\216\273m0\271\234\237\007<w$\265C\245\232\033\023\313c\321B\032l\301h\005\320\252\301\361(\330[\343\357\343{\235\n\266g\272>\177\317\347\261qb&\270&\346ju\200\363N\320\307\004\034\001n\317\361\2653\254\2503\247\305\372\316W\022O\253x\250\025\373\247\354Tc\304\263\243^\352Gv\\264\261\r\035\226\306\2411\351\233\203\215\200$\231\300f\220\371c@\017\254\363\\371\340\340VaR\205~^\226\342t\360\022\204d\231\205)\272\364?\361!\334\331\315\254\230\rBG\314\023\246\244=\351\177\254\302b&\276+H;0\312\021&\275\036\237\350R\313\206R\331\304k\323u\263t\221\213yC\241\217A\242\027g\322\241'\212.E?B_\316\327\217J +\370\t^b\005\020\003\211\373\247|hC\271Nmk~J\270EU\274\036-\347\240\312FA\321\341bca\253\025\321\311\317\021\375\317\217\n\272\033o\353G>\275\361H\265\240\232um""\317\324`\214\221\314\000\211K\223+(""\200i \311\372g\254\343ZR0\224\275q\252\357\213\263\206N\357&Q\217\267\303\356I\236\357\264\311b\037\366\035\253\343\311\265\240\327q\206f\262ODi\215-\363>\034\236l\273\005G\316F\217}[\036\007\270:\260\335\271B\241N\345\330\204\327f\361\272Kb\0377p\334\264\237\177~\330]\252+:\317u\302h\n\351\n\364\231\277R\371\356\033y\265v\360Ny\246\332qY\262\231\251\n\305\334\202\305\362\n\367@k\231\016R:\327\242\366\242\253LZY\223$Gw^\203\302\311\316I7\371tTwp}\005|\372\214\251{R`\230V\244-\326I\351\255\325i\335\377\321\353\327\331\302\023\347y\016\263\271\317\306\017UV\314qu?\0064A\315{3D\010\016S\212\2353k0\361\214ID\303g\277\010Y_\001~\021\333\370\255\374\\331\306\255\336)\365Rth\024\t\300.M\315\321S\257\224\252\362\326P\316\303%nX\3742\333\036\004Y\264yG^\234\177\214\305q\237\274G\300a4\275\240s\215\222\210\016\020G\344=-:GK\312\035\271\201\350\376F\260G\347\000\235\365P6pmH\033\373\212c\377o\232\356\320D\002\277,]os{\354/?\312e\006wda\001\023\375\316\025\254\321\244\370+Y`\220\270\254\2601E[FI\310\235<qI \356\032\264\227\2326\315\307\363\323\325\303\032N\256*\307\327 \235\332\207u\210\271\257\306g\231i*\260\326k\001"";   nodeid: ""\260\000\000\000\000\000\000\000\000\000\000\000\000\000\000\000\000\000\000\000\000\000\000\000\000\000\000\000\000\000\000\000\001""; }; "
1750527660550,1750527660550,0,1,3,2,TMLedgerData,"ledgerHash: ""v%\001\230\016\203\200\251UD\347\304\373\034\211\340@\342\033\263\365\356\341\357\350\324\035J\032\177\230\207""; ledgerSeq: 40; type: liBASE; nodes {;   nodedata: ""\000\000\000(\001cEx]\211\377\330wda\001\023\375\316\025\254\321\244\370+Y`\220\270\254\2601E[FI\310\235<qI \356\032\000\000\000\000\000\000\000\000\000\000\000\000\000\000\000\000\000\000\000\000\000\000\000\000\000\000\000\000\000\000\000\000\221\225*\236\001\324p\323\221\026\212\351f{\276\316a\257\206} \242/\006\232\002k0\313\314\312\317/\351\253,/\351\253-\n\000""; }; nodes {;   nodedata: ""\323C\344\327\264{\312-\017:\006{\177\344N\002\326bO\260\220\006\033\362\345\005U\221DzJ0\001\301\025%1L\307\t\261\262z\374\222T\301\274V\236\223\262\270Ct\362\337b\356\024*\324\320\351\317\002k\336\234\027v\351\217\260\303\360\233ZPZWr\246$w\313\313\r\243r\232\2234\373\3539:N\004Q\245\272D\312D\300\300\t\323\0257\345e\271\na\215{\226\255x%T\257\037\333\004\344_/R\006E\344\037@\210\363\010\336T\226\247'\204_{\261\370""1\235\2445\343\033Y!\212\201\341\272\225'\007\213\035\024\177\217\222\314\307\364\352m\350\210vi\322\321\341\202\300\006\267\037#1\217;\300\227SH\320\013\003""; }; requestCookie: 3; ","ledgerHash: ""v%\001\230\016\203\200\251UD\347\304\373\034\211\340@\342\033\263\365\356\341\357\350\324\035J\032\177\230\207""; ledgerSeq: 40; type: liBASE; nodes {;   nodedata: ""\000\000\000(\001cEx]\211\377\330wda\001\023\375\316\025\254\321\244\370+Y`\220\270\254\2601E[FI\310\235<qI \356\032\000\000\000\000\000\000\000\000\000\000\000\000\000\000\000\000\000\000\000\000\000\000\000\000\000\000\000\000\000\000\000\000\221\225*\236\001\324p\323\221\026\212\351f{\276\316a\257\206} \242/\006\232\002k0\313\314\312\317/\351\253,/\351\253-\n\000""; }; nodes {;   nodedata: ""\323C\344\327\264{\312-\017:\006{\177\344N\002\326bO\260\220\006\033\362\345\005U\221DzJ0\001\301\025%1L\307\t\261\262z\374\222T\301\274V\236\223\262\270Ct\362\337b\356\024*\324\320\351\317\002k\336\234\027v\351\217\260\303\360\233ZPZWr\246$w\313\313\r\243r\232\2234\373\3539:N\004Q\245\272D\312D\300\300\t\323\0257\345e\271\na\215{\226\255x%T\257\037\333\004\344_/R\006E\344\037@\210\363\010\336T\226\247'\204_{\261\370""1\235\2445\343\033Y!\212\201\341\272\225'\007\213\035\024\177\217\222\314\307\364\352m\350\210vi\322\321\341\202\300\006\267\037#1\217;\300\227SH\320\013\003""; }; requestCookie: 3; "
1750527660550,1750527660550,0,1,3,2,TMLedgerData,"ledgerHash: ""v%\001\230\016\203\200\251UD\347\304\373\034\211\340@\342\033\263\365\356\341\357\350\324\035J\032\177\230\207""; ledgerSeq: 40; type: liBASE; nodes {;   nodedata: ""\000\000\000(\001cEx]\211\377\330wda\001\023\375\316\025\254\321\244\370+Y`\220\270\254\2601E[FI\310\235<qI \356\032\000\000\000\000\000\000\000\000\000\000\000\000\000\000\000\000\000\000\000\000\000\000\000\000\000\000\000\000\000\000\000\000\221\225*\236\001\324p\323\221\026\212\351f{\276\316a\257\206} \242/\006\232\002k0\313\314\312\317/\351\253,/\351\253-\n\000""; }; nodes {;   nodedata: ""\323C\344\327\264{\312-\017:\006{\177\344N\002\326bO\260\220\006\033\362\345\005U\221DzJ0\001\301\025%1L\307\t\261\262z\374\222T\301\274V\236\223\262\270Ct\362\337b\356\024*\324\320\351\317\002k\336\234\027v\351\217\260\303\360\233ZPZWr\246$w\313\313\r\243r\232\2234\373\3539:N\004Q\245\272D\312D\300\300\t\323\0257\345e\271\na\215{\226\255x%T\257\037\333\004\344_/R\006E\344\037@\210\363\010\336T\226\247'\204_{\261\370""1\235\2445\343\033Y!\212\201\341\272\225'\007\213\035\024\177\217\222\314\307\364\352m\350\210vi\322\321\341\202\300\006\267\037#1\217;\300\227SH\320\013\003""; }; requestCookie: 2; ","ledgerHash: ""v%\001\230\016\203\200\251UD\347\304\373\034\211\340@\342\033\263\365\356\341\357\350\324\035J\032\177\230\207""; ledgerSeq: 40; type: liBASE; nodes {;   nodedata: ""\000\000\000(\001cEx]\211\377\330wda\001\023\375\316\025\254\321\244\370+Y`\220\270\254\2601E[FI\310\235<qI \356\032\000\000\000\000\000\000\000\000\000\000\000\000\000\000\000\000\000\000\000\000\000\000\000\000\000\000\000\000\000\000\000\000\221\225*\236\001\324p\323\221\026\212\351f{\276\316a\257\206} \242/\006\232\002k0\313\314\312\317/\351\253,/\351\253-\n\000""; }; nodes {;   nodedata: ""\323C\344\327\264{\312-\017:\006{\177\344N\002\326bO\260\220\006\033\362\345\005U\221DzJ0\001\301\025%1L\307\t\261\262z\374\222T\301\274V\236\223\262\270Ct\362\337b\356\024*\324\320\351\317\002k\336\234\027v\351\217\260\303\360\233ZPZWr\246$w\313\313\r\243r\232\2234\373\3539:N\004Q\245\272D\312D\300\300\t\323\0257\345e\271\na\215{\226\255x%T\257\037\333\004\344_/R\006E\344\037@\210\363\010\336T\226\247'\204_{\261\370""1\235\2445\343\033Y!\212\201\341\272\225'\007\213\035\024\177\217\222\314\307\364\352m\350\210vi\322\321\341\202\300\006\267\037#1\217;\300\227SH\320\013\003""; }; requestCookie: 2; "
1750527660551,1750527660551,0,1,2,1,TMLedgerData,"ledgerHash: ""v%\001\230\016\203\200\251UD\347\304\373\034\211\340@\342\033\263\365\356\341\357\350\324\035J\032\177\230\207""; ledgerSeq: 40; type: liBASE; nodes {;   nodedata: ""\000\000\000(\001cEx]\211\377\330wda\001\023\375\316\025\254\321\244\370+Y`\220\270\254\2601E[FI\310\235<qI \356\032\000\000\000\000\000\000\000\000\000\000\000\000\000\000\000\000\000\000\000\000\000\000\000\000\000\000\000\000\000\000\000\000\221\225*\236\001\324p\323\221\026\212\351f{\276\316a\257\206} \242/\006\232\002k0\313\314\312\317/\351\253,/\351\253-\n\000""; }; nodes {;   nodedata: ""\323C\344\327\264{\312-\017:\006{\177\344N\002\326bO\260\220\006\033\362\345\005U\221DzJ0\001\301\025%1L\307\t\261\262z\374\222T\301\274V\236\223\262\270Ct\362\337b\356\024*\324\320\351\317\002k\336\234\027v\351\217\260\303\360\233ZPZWr\246$w\313\313\r\243r\232\2234\373\3539:N\004Q\245\272D\312D\300\300\t\323\0257\345e\271\na\215{\226\255x%T\257\037\333\004\344_/R\006E\344\037@\210\363\010\336T\226\247'\204_{\261\370""1\235\2445\343\033Y!\212\201\341\272\225'\007\213\035\024\177\217\222\314\307\364\352m\350\210vi\322\321\341\202\300\006\267\037#1\217;\300\227SH\320\013\003""; }; ","ledgerHash: ""v%\001\230\016\203\200\251UD\347\304\373\034\211\340@\342\033\263\365\356\341\357\350\324\035J\032\177\230\207""; ledgerSeq: 40; type: liBASE; nodes {;   nodedata: ""\000\000\000(\001cEx]\211\377\330wda\001\023\375\316\025\254\321\244\370+Y`\220\270\254\2601E[FI\310\235<qI \356\032\000\000\000\000\000\000\000\000\000\000\000\000\000\000\000\000\000\000\000\000\000\000\000\000\000\000\000\000\000\000\000\000\221\225*\236\001\324p\323\221\026\212\351f{\276\316a\257\206} \242/\006\232\002k0\313\314\312\317/\351\253,/\351\253-\n\000""; }; nodes {;   nodedata: ""\323C\344\327\264{\312-\017:\006{\177\344N\002\326bO\260\220\006\033\362\345\005U\221DzJ0\001\301\025%1L\307\t\261\262z\374\222T\301\274V\236\223\262\270Ct\362\337b\356\024*\324\320\351\317\002k\336\234\027v\351\217\260\303\360\233ZPZWr\246$w\313\313\r\243r\232\2234\373\3539:N\004Q\245\272D\312D\300\300\t\323\0257\345e\271\na\215{\226\255x%T\257\037\333\004\344_/R\006E\344\037@\210\363\010\336T\226\247'\204_{\261\370""1\235\2445\343\033Y!\212\201\341\272\225'\007\213\035\024\177\217\222\314\307\364\352m\350\210vi\322\321\341\202\300\006\267\037#1\217;\300\227SH\320\013\003""; }; "
1750527660551,1750527660551,0,1,2,0,TMLedgerData,"ledgerHash: ""v%\001\230\016\203\200\251UD\347\304\373\034\211\340@\342\033\263\365\356\341\357\350\324\035J\032\177\230\207""; ledgerSeq: 40; type: liBASE; nodes {;   nodedata: ""\000\000\000(\001cEx]\211\377\330wda\001\023\375\316\025\254\321\244\370+Y`\220\270\254\2601E[FI\310\235<qI \356\032\000\000\000\000\000\000\000\000\000\000\000\000\000\000\000\000\000\000\000\000\000\000\000\000\000\000\000\000\000\000\000\000\221\225*\236\001\324p\323\221\026\212\351f{\276\316a\257\206} \242/\006\232\002k0\313\314\312\317/\351\253,/\351\253-\n\000""; }; nodes {;   nodedata: ""\323C\344\327\264{\312-\017:\006{\177\344N\002\326bO\260\220\006\033\362\345\005U\221DzJ0\001\301\025%1L\307\t\261\262z\374\222T\301\274V\236\223\262\270Ct\362\337b\356\024*\324\320\351\317\002k\336\234\027v\351\217\260\303\360\233ZPZWr\246$w\313\313\r\243r\232\2234\373\3539:N\004Q\245\272D\312D\300\300\t\323\0257\345e\271\na\215{\226\255x%T\257\037\333\004\344_/R\006E\344\037@\210\363\010\336T\226\247'\204_{\261\370""1\235\2445\343\033Y!\212\201\341\272\225'\007\213\035\024\177\217\222\314\307\364\352m\350\210vi\322\321\341\202\300\006\267\037#1\217;\300\227SH\320\013\003""; }; ","ledgerHash: ""v%\001\230\016\203\200\251UD\347\304\373\034\211\340@\342\033\263\365\356\341\357\350\324\035J\032\177\230\207""; ledgerSeq: 40; type: liBASE; nodes {;   nodedata: ""\000\000\000(\001cEx]\211\377\330wda\001\023\375\316\025\254\321\244\370+Y`\220\270\254\2601E[FI\310\235<qI \356\032\000\000\000\000\000\000\000\000\000\000\000\000\000\000\000\000\000\000\000\000\000\000\000\000\000\000\000\000\000\000\000\000\221\225*\236\001\324p\323\221\026\212\351f{\276\316a\257\206} \242/\006\232\002k0\313\314\312\317/\351\253,/\351\253-\n\000""; }; nodes {;   nodedata: ""\323C\344\327\264{\312-\017:\006{\177\344N\002\326bO\260\220\006\033\362\345\005U\221DzJ0\001\301\025%1L\307\t\261\262z\374\222T\301\274V\236\223\262\270Ct\362\337b\356\024*\324\320\351\317\002k\336\234\027v\351\217\260\303\360\233ZPZWr\246$w\313\313\r\243r\232\2234\373\3539:N\004Q\245\272D\312D\300\300\t\323\0257\345e\271\na\215{\226\255x%T\257\037\333\004\344_/R\006E\344\037@\210\363\010\336T\226\247'\204_{\261\370""1\235\2445\343\033Y!\212\201\341\272\225'\007\213\035\024\177\217\222\314\307\364\352m\350\210vi\322\321\341\202\300\006\267\037#1\217;\300\227SH\320\013\003""; }; "
1750527660622,1750527660622,0,1,4,3,TMStatusChange,"newEvent: neACCEPTED_LEDGER; ledgerSeq: 40; ledgerHash: ""v%\001\230\016\203\200\251UD\347\304\373\034\211\340@\342\033\263\365\356\341\357\350\324\035J\032\177\230\207""; ledgerHashPrevious: ""wda\001\023\375\316\025\254\321\244\370+Y`\220\270\254\2601E[FI\310\235<qI \356\032""; networkTime: 803842860; firstSeq: 1; lastSeq: 39; ","newEvent: neACCEPTED_LEDGER; ledgerSeq: 40; ledgerHash: ""v%\001\230\016\203\200\251UD\347\304\373\034\211\340@\342\033\263\365\356\341\357\350\324\035J\032\177\230\207""; ledgerHashPrevious: ""wda\001\023\375\316\025\254\321\244\370+Y`\220\270\254\2601E[FI\310\235<qI \356\032""; networkTime: 803842860; firstSeq: 1; lastSeq: 39; "
1750527660622,1750527660622,0,1,4,1,TMStatusChange,"newEvent: neACCEPTED_LEDGER; ledgerSeq: 40; ledgerHash: ""v%\001\230\016\203\200\251UD\347\304\373\034\211\340@\342\033\263\365\356\341\357\350\324\035J\032\177\230\207""; ledgerHashPrevious: ""wda\001\023\375\316\025\254\321\244\370+Y`\220\270\254\2601E[FI\310\235<qI \356\032""; networkTime: 803842860; firstSeq: 1; lastSeq: 39; ","newEvent: neACCEPTED_LEDGER; ledgerSeq: 40; ledgerHash: ""v%\001\230\016\203\200\251UD\347\304\373\034\211\340@\342\033\263\365\356\341\357\350\324\035J\032\177\230\207""; ledgerHashPrevious: ""wda\001\023\375\316\025\254\321\244\370+Y`\220\270\254\2601E[FI\310\235<qI \356\032""; networkTime: 803842860; firstSeq: 1; lastSeq: 39; "
1750527660622,1750527660622,0,1,4,0,TMStatusChange,"newEvent: neACCEPTED_LEDGER; ledgerSeq: 40; ledgerHash: ""v%\001\230\016\203\200\251UD\347\304\373\034\211\340@\342\033\263\365\356\341\357\350\324\035J\032\177\230\207""; ledgerHashPrevious: ""wda\001\023\375\316\025\254\321\244\370+Y`\220\270\254\2601E[FI\310\235<qI \356\032""; networkTime: 803842860; firstSeq: 1; lastSeq: 39; ","newEvent: neACCEPTED_LEDGER; ledgerSeq: 40; ledgerHash: ""v%\001\230\016\203\200\251UD\347\304\373\034\211\340@\342\033\263\365\356\341\357\350\324\035J\032\177\230\207""; ledgerHashPrevious: ""wda\001\023\375\316\025\254\321\244\370+Y`\220\270\254\2601E[FI\310\235<qI \356\032""; networkTime: 803842860; firstSeq: 1; lastSeq: 39; "
1750527660622,1750527660622,0,1,4,2,TMStatusChange,"newEvent: neACCEPTED_LEDGER; ledgerSeq: 40; ledgerHash: ""v%\001\230\016\203\200\251UD\347\304\373\034\211\340@\342\033\263\365\356\341\357\350\324\035J\032\177\230\207""; ledgerHashPrevious: ""wda\001\023\375\316\025\254\321\244\370+Y`\220\270\254\2601E[FI\310\235<qI \356\032""; networkTime: 803842860; firstSeq: 1; lastSeq: 39; ","newEvent: neACCEPTED_LEDGER; ledgerSeq: 40; ledgerHash: ""v%\001\230\016\203\200\251UD\347\304\373\034\211\340@\342\033\263\365\356\341\357\350\324\035J\032\177\230\207""; ledgerHashPrevious: ""wda\001\023\375\316\025\254\321\244\370+Y`\220\270\254\2601E[FI\310\235<qI \356\032""; networkTime: 803842860; firstSeq: 1; lastSeq: 39; "
1750527660623,1750527660623,0,1,4,1,TMValidation,"validation: """"\200\000\000\001&\000\000\000()/\351\253,:\r\302\353\023?\373\240rQv%\001\230\016\203\200\251UD\347\304\373\034\211\340@\342\033\263\365\356\341\357\350\324\035J\032\177\230\207P\027\000\000\000\000\000\000\000\000\000\000\000\000\000\000\000\000\000\000\000\000\000\000\000\000\000\000\000\000\000\000\000\000P\031wda\001\023\375\316\025\254\321\244\370+Y`\220\270\254\2601E[FI\310\235<qI \356\032s!\003R7o\362bV\300hf\266\241;}\200^\374\240\203[:\342Q\225\221\027y\372\255\235\216\323~vF0D\002 #G\200\277\317H[\2378\251p\033\300r\222\307,\205\313ah\231|\013\331\317\236\242*)[\311\002 \003\201\201\036\335\007fKP9C\224\205(\257\320\235\3013bKL\n\264\306\373]\213\350JZ\333""; ","validation: """"\200\000\000\001&\000\000\000()/\351\253,:\r\302\353\023?\373\240rQv%\001\230\016\203\200\251UD\347\304\373\034\211\340@\342\033\263\365\356\341\357\350\324\035J\032\177\230\207P\027\000\000\000\000\000\000\000\000\000\000\000\000\000\000\000\000\000\000\000\000\000\000\000\000\000\000\000\000\000\000\000\000P\031wda\001\023\375\316\025\254\321\244\370+Y`\220\270\254\2601E[FI\310\235<qI \356\032s!\003R7o\362bV\300hf\266\241;}\200^\374\240\203[:\342Q\225\221\027y\372\255\235\216\323~vF0D\002 #G\200\277\317H[\2378\251p\033\300r\222\307,\205\313ah\231|\013\331\317\236\242*)[\311\002 \003\201\201\036\335\007fKP9C\224\205(\257\320\235\3013bKL\n\264\306\373]\213\350JZ\333""; "
1750527660624,1750527660624,0,1,1,2,TMValidation,"validation: """"\200\000\000\001&\000\000\000()/\351\253,:\r\302\353\023?\373\240rQv%\001\230\016\203\200\251UD\347\304\373\034\211\340@\342\033\263\365\356\341\357\350\324\035J\032\177\230\207P\027\000\000\000\000\000\000\000\000\000\000\000\000\000\000\000\000\000\000\000\000\000\000\000\000\000\000\000\000\000\000\000\000P\031wda\001\023\375\316\025\254\321\244\370+Y`\220\270\254\2601E[FI\310\235<qI \356\032s!\003R7o\362bV\300hf\266\241;}\200^\374\240\203[:\342Q\225\221\027y\372\255\235\216\323~vF0D\002 #G\200\277\317H[\2378\251p\033\300r\222\307,\205\313ah\231|\013\331\317\236\242*)[\311\002 \003\201\201\036\335\007fKP9C\224\205(\257\320\235\3013bKL\n\264\306\373]\213\350JZ\333""; ","validation: """"\200\000\000\001&\000\000\000()/\351\253,:\r\302\353\023?\373\240rQv%\001\230\016\203\200\251UD\347\304\373\034\211\340@\342\033\263\365\356\341\357\350\324\035J\032\177\230\207P\027\000\000\000\000\000\000\000\000\000\000\000\000\000\000\000\000\000\000\000\000\000\000\000\000\000\000\000\000\000\000\000\000P\031wda\001\023\375\316\025\254\321\244\370+Y`\220\270\254\2601E[FI\310\235<qI \356\032s!\003R7o\362bV\300hf\266\241;}\200^\374\240\203[:\342Q\225\221\027y\372\255\235\216\323~vF0D\002 #G\200\277\317H[\2378\251p\033\300r\222\307,\205\313ah\231|\013\331\317\236\242*)[\311\002 \003\201\201\036\335\007fKP9C\224\205(\257\320\235\3013bKL\n\264\306\373]\213\350JZ\333""; "
1750527660625,1750527660625,0,1,1,0,TMValidation,"validation: """"\200\000\000\001&\000\000\000()/\351\253,:\r\302\353\023?\373\240rQv%\001\230\016\203\200\251UD\347\304\373\034\211\340@\342\033\263\365\356\341\357\350\324\035J\032\177\230\207P\027\000\000\000\000\000\000\000\000\000\000\000\000\000\000\000\000\000\000\000\000\000\000\000\000\000\000\000\000\000\000\000\000P\031wda\001\023\375\316\025\254\321\244\370+Y`\220\270\254\2601E[FI\310\235<qI \356\032s!\003R7o\362bV\300hf\266\241;}\200^\374\240\203[:\342Q\225\221\027y\372\255\235\216\323~vF0D\002 #G\200\277\317H[\2378\251p\033\300r\222\307,\205\313ah\231|\013\331\317\236\242*)[\311\002 \003\201\201\036\335\007fKP9C\224\205(\257\320\235\3013bKL\n\264\306\373]\213\350JZ\333""; ","validation: """"\200\000\000\001&\000\000\000()/\351\253,:\r\302\353\023?\373\240rQv%\001\230\016\203\200\251UD\347\304\373\034\211\340@\342\033\263\365\356\341\357\350\324\035J\032\177\230\207P\027\000\000\000\000\000\000\000\000\000\000\000\000\000\000\000\000\000\000\000\000\000\000\000\000\000\000\000\000\000\000\000\000P\031wda\001\023\375\316\025\254\321\244\370+Y`\220\270\254\2601E[FI\310\235<qI \356\032s!\003R7o\362bV\300hf\266\241;}\200^\374\240\203[:\342Q\225\221\027y\372\255\235\216\323~vF0D\002 #G\200\277\317H[\2378\251p\033\300r\222\307,\205\313ah\231|\013\331\317\236\242*)[\311\002 \003\201\201\036\335\007fKP9C\224\205(\257\320\235\3013bKL\n\264\306\373]\213\350JZ\333""; "
1750527660625,1750527660625,0,1,1,3,TMValidation,"validation: """"\200\000\000\001&\000\000\000()/\351\253,:\r\302\353\023?\373\240rQv%\001\230\016\203\200\251UD\347\304\373\034\211\340@\342\033\263\365\356\341\357\350\324\035J\032\177\230\207P\027\000\000\000\000\000\000\000\000\000\000\000\000\000\000\000\000\000\000\000\000\000\000\000\000\000\000\000\000\000\000\000\000P\031wda\001\023\375\316\025\254\321\244\370+Y`\220\270\254\2601E[FI\310\235<qI \356\032s!\003R7o\362bV\300hf\266\241;}\200^\374\240\203[:\342Q\225\221\027y\372\255\235\216\323~vF0D\002 #G\200\277\317H[\2378\251p\033\300r\222\307,\205\313ah\231|\013\331\317\236\242*)[\311\002 \003\201\201\036\335\007fKP9C\224\205(\257\320\235\3013bKL\n\264\306\373]\213\350JZ\333""; ","validation: """"\200\000\000\001&\000\000\000()/\351\253,:\r\302\353\023?\373\240rQv%\001\230\016\203\200\251UD\347\304\373\034\211\340@\342\033\263\365\356\341\357\350\324\035J\032\177\230\207P\027\000\000\000\000\000\000\000\000\000\000\000\000\000\000\000\000\000\000\000\000\000\000\000\000\000\000\000\000\000\000\000\000P\031wda\001\023\375\316\025\254\321\244\370+Y`\220\270\254\2601E[FI\310\235<qI \356\032s!\003R7o\362bV\300hf\266\241;}\200^\374\240\203[:\342Q\225\221\027y\372\255\235\216\323~vF0D\002 #G\200\277\317H[\2378\251p\033\300r\222\307,\205\313ah\231|\013\331\317\236\242*)[\311\002 \003\201\201\036\335\007fKP9C\224\205(\257\320\235\3013bKL\n\264\306\373]\213\350JZ\333""; "
1750527660626,1750527660626,0,1,2,4,TMValidation,"validation: """"\200\000\000\001&\000\000\000()/\351\253,:\r\302\353\023?\373\240rQv%\001\230\016\203\200\251UD\347\304\373\034\211\340@\342\033\263\365\356\341\357\350\324\035J\032\177\230\207P\027\000\000\000\000\000\000\000\000\000\000\000\000\000\000\000\000\000\000\000\000\000\000\000\000\000\000\000\000\000\000\000\000P\031wda\001\023\375\316\025\254\321\244\370+Y`\220\270\254\2601E[FI\310\235<qI \356\032s!\003R7o\362bV\300hf\266\241;}\200^\374\240\203[:\342Q\225\221\027y\372\255\235\216\323~vF0D\002 #G\200\277\317H[\2378\251p\033\300r\222\307,\205\313ah\231|\013\331\317\236\242*)[\311\002 \003\201\201\036\335\007fKP9C\224\205(\257\320\235\3013bKL\n\264\306\373]\213\350JZ\333""; ","validation: """"\200\000\000\001&\000\000\000()/\351\253,:\r\302\353\023?\373\240rQv%\001\230\016\203\200\251UD\347\304\373\034\211\340@\342\033\263\365\356\341\357\350\324\035J\032\177\230\207P\027\000\000\000\000\000\000\000\000\000\000\000\000\000\000\000\000\000\000\000\000\000\000\000\000\000\000\000\000\000\000\000\000P\031wda\001\023\375\316\025\254\321\244\370+Y`\220\270\254\2601E[FI\310\235<qI \356\032s!\003R7o\362bV\300hf\266\241;}\200^\374\240\203[:\342Q\225\221\027y\372\255\235\216\323~vF0D\002 #G\200\277\317H[\2378\251p\033\300r\222\307,\205\313ah\231|\013\331\317\236\242*)[\311\002 \003\201\201\036\335\007fKP9C\224\205(\257\320\235\3013bKL\n\264\306\373]\213\350JZ\333""; "
1750527660626,1750527660626,0,1,2,3,TMValidation,"validation: """"\200\000\000\001&\000\000\000()/\351\253,:\r\302\353\023?\373\240rQv%\001\230\016\203\200\251UD\347\304\373\034\211\340@\342\033\263\365\356\341\357\350\324\035J\032\177\230\207P\027\000\000\000\000\000\000\000\000\000\000\000\000\000\000\000\000\000\000\000\000\000\000\000\000\000\000\000\000\000\000\000\000P\031wda\001\023\375\316\025\254\321\244\370+Y`\220\270\254\2601E[FI\310\235<qI \356\032s!\003R7o\362bV\300hf\266\241;}\200^\374\240\203[:\342Q\225\221\027y\372\255\235\216\323~vF0D\002 #G\200\277\317H[\2378\251p\033\300r\222\307,\205\313ah\231|\013\331\317\236\242*)[\311\002 \003\201\201\036\335\007fKP9C\224\205(\257\320\235\3013bKL\n\264\306\373]\213\350JZ\333""; ","validation: """"\200\000\000\001&\000\000\000()/\351\253,:\r\302\353\023?\373\240rQv%\001\230\016\203\200\251UD\347\304\373\034\211\340@\342\033\263\365\356\341\357\350\324\035J\032\177\230\207P\027\000\000\000\000\000\000\000\000\000\000\000\000\000\000\000\000\000\000\000\000\000\000\000\000\000\000\000\000\000\000\000\000P\031wda\001\023\375\316\025\254\321\244\370+Y`\220\270\254\2601E[FI\310\235<qI \356\032s!\003R7o\362bV\300hf\266\241;}\200^\374\240\203[:\342Q\225\221\027y\372\255\235\216\323~vF0D\002 #G\200\277\317H[\2378\251p\033\300r\222\307,\205\313ah\231|\013\331\317\236\242*)[\311\002 \003\201\201\036\335\007fKP9C\224\205(\257\320\235\3013bKL\n\264\306\373]\213\350JZ\333""; "
1750527660627,1750527660627,0,1,0,4,TMValidation,"validation: """"\200\000\000\001&\000\000\000()/\351\253,:\r\302\353\023?\373\240rQv%\001\230\016\203\200\251UD\347\304\373\034\211\340@\342\033\263\365\356\341\357\350\324\035J\032\177\230\207P\027\000\000\000\000\000\000\000\000\000\000\000\000\000\000\000\000\000\000\000\000\000\000\000\000\000\000\000\000\000\000\000\000P\031wda\001\023\375\316\025\254\321\244\370+Y`\220\270\254\2601E[FI\310\235<qI \356\032s!\003R7o\362bV\300hf\266\241;}\200^\374\240\203[:\342Q\225\221\027y\372\255\235\216\323~vF0D\002 #G\200\277\317H[\2378\251p\033\300r\222\307,\205\313ah\231|\013\331\317\236\242*)[\311\002 \003\201\201\036\335\007fKP9C\224\205(\257\320\235\3013bKL\n\264\306\373]\213\350JZ\333""; ","validation: """"\200\000\000\001&\000\000\000()/\351\253,:\r\302\353\023?\373\240rQv%\001\230\016\203\200\251UD\347\304\373\034\211\340@\342\033\263\365\356\341\357\350\324\035J\032\177\230\207P\027\000\000\000\000\000\000\000\000\000\000\000\000\000\000\000\000\000\000\000\000\000\000\000\000\000\000\000\000\000\000\000\000P\031wda\001\023\375\316\025\254\321\244\370+Y`\220\270\254\2601E[FI\310\235<qI \356\032s!\003R7o\362bV\300hf\266\241;}\200^\374\240\203[:\342Q\225\221\027y\372\255\235\216\323~vF0D\002 #G\200\277\317H[\2378\251p\033\300r\222\307,\205\313ah\231|\013\331\317\236\242*)[\311\002 \003\201\201\036\335\007fKP9C\224\205(\257\320\235\3013bKL\n\264\306\373]\213\350JZ\333""; "
1750527660627,1750527660627,0,1,2,0,TMValidation,"validation: """"\200\000\000\001&\000\000\000()/\351\253,:\r\302\353\023?\373\240rQv%\001\230\016\203\200\251UD\347\304\373\034\211\340@\342\033\263\365\356\341\357\350\324\035J\032\177\230\207P\027\000\000\000\000\000\000\000\000\000\000\000\000\000\000\000\000\000\000\000\000\000\000\000\000\000\000\000\000\000\000\000\000P\031wda\001\023\375\316\025\254\321\244\370+Y`\220\270\254\2601E[FI\310\235<qI \356\032s!\003R7o\362bV\300hf\266\241;}\200^\374\240\203[:\342Q\225\221\027y\372\255\235\216\323~vF0D\002 #G\200\277\317H[\2378\251p\033\300r\222\307,\205\313ah\231|\013\331\317\236\242*)[\311\002 \003\201\201\036\335\007fKP9C\224\205(\257\320\235\3013bKL\n\264\306\373]\213\350JZ\333""; ","validation: """"\200\000\000\001&\000\000\000()/\351\253,:\r\302\353\023?\373\240rQv%\001\230\016\203\200\251UD\347\304\373\034\211\340@\342\033\263\365\356\341\357\350\324\035J\032\177\230\207P\027\000\000\000\000\000\000\000\000\000\000\000\000\000\000\000\000\000\000\000\000\000\000\000\000\000\000\000\000\000\000\000\000P\031wda\001\023\375\316\025\254\321\244\370+Y`\220\270\254\2601E[FI\310\235<qI \356\032s!\003R7o\362bV\300hf\266\241;}\200^\374\240\203[:\342Q\225\221\027y\372\255\235\216\323~vF0D\002 #G\200\277\317H[\2378\251p\033\300r\222\307,\205\313ah\231|\013\331\317\236\242*)[\311\002 \003\201\201\036\335\007fKP9C\224\205(\257\320\235\3013bKL\n\264\306\373]\213\350JZ\333""; "
1750527660627,1750527660627,0,1,0,3,TMValidation,"validation: """"\200\000\000\001&\000\000\000()/\351\253,:\r\302\353\023?\373\240rQv%\001\230\016\203\200\251UD\347\304\373\034\211\340@\342\033\263\365\356\341\357\350\324\035J\032\177\230\207P\027\000\000\000\000\000\000\000\000\000\000\000\000\000\000\000\000\000\000\000\000\000\000\000\000\000\000\000\000\000\000\000\000P\031wda\001\023\375\316\025\254\321\244\370+Y`\220\270\254\2601E[FI\310\235<qI \356\032s!\003R7o\362bV\300hf\266\241;}\200^\374\240\203[:\342Q\225\221\027y\372\255\235\216\323~vF0D\002 #G\200\277\317H[\2378\251p\033\300r\222\307,\205\313ah\231|\013\331\317\236\242*)[\311\002 \003\201\201\036\335\007fKP9C\224\205(\257\320\235\3013bKL\n\264\306\373]\213\350JZ\333""; ","validation: """"\200\000\000\001&\000\000\000()/\351\253,:\r\302\353\023?\373\240rQv%\001\230\016\203\200\251UD\347\304\373\034\211\340@\342\033\263\365\356\341\357\350\324\035J\032\177\230\207P\027\000\000\000\000\000\000\000\000\000\000\000\000\000\000\000\000\000\000\000\000\000\000\000\000\000\000\000\000\000\000\000\000P\031wda\001\023\375\316\025\254\321\244\370+Y`\220\270\254\2601E[FI\310\235<qI \356\032s!\003R7o\362bV\300hf\266\241;}\200^\374\240\203[:\342Q\225\221\027y\372\255\235\216\323~vF0D\002 #G\200\277\317H[\2378\251p\033\300r\222\307,\205\313ah\231|\013\331\317\236\242*)[\311\002 \003\201\201\036\335\007fKP9C\224\205(\257\320\235\3013bKL\n\264\306\373]\213\350JZ\333""; "
1750527660627,1750527660627,0,1,3,2,TMValidation,"validation: """"\200\000\000\001&\000\000\000()/\351\253,:\r\302\353\023?\373\240rQv%\001\230\016\203\200\251UD\347\304\373\034\211\340@\342\033\263\365\356\341\357\350\324\035J\032\177\230\207P\027\000\000\000\000\000\000\000\000\000\000\000\000\000\000\000\000\000\000\000\000\000\000\000\000\000\000\000\000\000\000\000\000P\031wda\001\023\375\316\025\254\321\244\370+Y`\220\270\254\2601E[FI\310\235<qI \356\032s!\003R7o\362bV\300hf\266\241;}\200^\374\240\203[:\342Q\225\221\027y\372\255\235\216\323~vF0D\002 #G\200\277\317H[\2378\251p\033\300r\222\307,\205\313ah\231|\013\331\317\236\242*)[\311\002 \003\201\201\036\335\007fKP9C\224\205(\257\320\235\3013bKL\n\264\306\373]\213\350JZ\333""; ","validation: """"\200\000\000\001&\000\000\000()/\351\253,:\r\302\353\023?\373\240rQv%\001\230\016\203\200\251UD\347\304\373\034\211\340@\342\033\263\365\356\341\357\350\324\035J\032\177\230\207P\027\000\000\000\000\000\000\000\000\000\000\000\000\000\000\000\000\000\000\000\000\000\000\000\000\000\000\000\000\000\000\000\000P\031wda\001\023\375\316\025\254\321\244\370+Y`\220\270\254\2601E[FI\310\235<qI \356\032s!\003R7o\362bV\300hf\266\241;}\200^\374\240\203[:\342Q\225\221\027y\372\255\235\216\323~vF0D\002 #G\200\277\317H[\2378\251p\033\300r\222\307,\205\313ah\231|\013\331\317\236\242*)[\311\002 \003\201\201\036\335\007fKP9C\224\205(\257\320\235\3013bKL\n\264\306\373]\213\350JZ\333""; "
1750527660628,1750527660628,0,1,3,4,TMValidation,"validation: """"\200\000\000\001&\000\000\000()/\351\253,:\r\302\353\023?\373\240rQv%\001\230\016\203\200\251UD\347\304\373\034\211\340@\342\033\263\365\356\341\357\350\324\035J\032\177\230\207P\027\000\000\000\000\000\000\000\000\000\000\000\000\000\000\000\000\000\000\000\000\000\000\000\000\000\000\000\000\000\000\000\000P\031wda\001\023\375\316\025\254\321\244\370+Y`\220\270\254\2601E[FI\310\235<qI \356\032s!\003R7o\362bV\300hf\266\241;}\200^\374\240\203[:\342Q\225\221\027y\372\255\235\216\323~vF0D\002 #G\200\277\317H[\2378\251p\033\300r\222\307,\205\313ah\231|\013\331\317\236\242*)[\311\002 \003\201\201\036\335\007fKP9C\224\205(\257\320\235\3013bKL\n\264\306\373]\213\350JZ\333""; ","validation: """"\200\000\000\001&\000\000\000()/\351\253,:\r\302\353\023?\373\240rQv%\001\230\016\203\200\251UD\347\304\373\034\211\340@\342\033\263\365\356\341\357\350\324\035J\032\177\230\207P\027\000\000\000\000\000\000\000\000\000\000\000\000\000\000\000\000\000\000\000\000\000\000\000\000\000\000\000\000\000\000\000\000P\031wda\001\023\375\316\025\254\321\244\370+Y`\220\270\254\2601E[FI\310\235<qI \356\032s!\003R7o\362bV\300hf\266\241;}\200^\374\240\203[:\342Q\225\221\027y\372\255\235\216\323~vF0D\002 #G\200\277\317H[\2378\251p\033\300r\222\307,\205\313ah\231|\013\331\317\236\242*)[\311\002 \003\201\201\036\335\007fKP9C\224\205(\257\320\235\3013bKL\n\264\306\373]\213\350JZ\333""; "
1750527660628,1750527660628,0,1,0,2,TMValidation,"validation: """"\200\000\000\001&\000\000\000()/\351\253,:\r\302\353\023?\373\240rQv%\001\230\016\203\200\251UD\347\304\373\034\211\340@\342\033\263\365\356\341\357\350\324\035J\032\177\230\207P\027\000\000\000\000\000\000\000\000\000\000\000\000\000\000\000\000\000\000\000\000\000\000\000\000\000\000\000\000\000\000\000\000P\031wda\001\023\375\316\025\254\321\244\370+Y`\220\270\254\2601E[FI\310\235<qI \356\032s!\003R7o\362bV\300hf\266\241;}\200^\374\240\203[:\342Q\225\221\027y\372\255\235\216\323~vF0D\002 #G\200\277\317H[\2378\251p\033\300r\222\307,\205\313ah\231|\013\331\317\236\242*)[\311\002 \003\201\201\036\335\007fKP9C\224\205(\257\320\235\3013bKL\n\264\306\373]\213\350JZ\333""; ","validation: """"\200\000\000\001&\000\000\000()/\351\253,:\r\302\353\023?\373\240rQv%\001\230\016\203\200\251UD\347\304\373\034\211\340@\342\033\263\365\356\341\357\350\324\035J\032\177\230\207P\027\000\000\000\000\000\000\000\000\000\000\000\000\000\000\000\000\000\000\000\000\000\000\000\000\000\000\000\000\000\000\000\000P\031wda\001\023\375\316\025\254\321\244\370+Y`\220\270\254\2601E[FI\310\235<qI \356\032s!\003R7o\362bV\300hf\266\241;}\200^\374\240\203[:\342Q\225\221\027y\372\255\235\216\323~vF0D\002 #G\200\277\317H[\2378\251p\033\300r\222\307,\205\313ah\231|\013\331\317\236\242*)[\311\002 \003\201\201\036\335\007fKP9C\224\205(\257\320\235\3013bKL\n\264\306\373]\213\350JZ\333""; "
1750527660628,1750527660628,0,1,3,0,TMValidation,"validation: """"\200\000\000\001&\000\000\000()/\351\253,:\r\302\353\023?\373\240rQv%\001\230\016\203\200\251UD\347\304\373\034\211\340@\342\033\263\365\356\341\357\350\324\035J\032\177\230\207P\027\000\000\000\000\000\000\000\000\000\000\000\000\000\000\000\000\000\000\000\000\000\000\000\000\000\000\000\000\000\000\000\000P\031wda\001\023\375\316\025\254\321\244\370+Y`\220\270\254\2601E[FI\310\235<qI \356\032s!\003R7o\362bV\300hf\266\241;}\200^\374\240\203[:\342Q\225\221\027y\372\255\235\216\323~vF0D\002 #G\200\277\317H[\2378\251p\033\300r\222\307,\205\313ah\231|\013\331\317\236\242*)[\311\002 \003\201\201\036\335\007fKP9C\224\205(\257\320\235\3013bKL\n\264\306\373]\213\350JZ\333""; ","validation: """"\200\000\000\001&\000\000\000()/\351\253,:\r\302\353\023?\373\240rQv%\001\230\016\203\200\251UD\347\304\373\034\211\340@\342\033\263\365\356\341\357\350\324\035J\032\177\230\207P\027\000\000\000\000\000\000\000\000\000\000\000\000\000\000\000\000\000\000\000\000\000\000\000\000\000\000\000\000\000\000\000\000P\031wda\001\023\375\316\025\254\321\244\370+Y`\220\270\254\2601E[FI\310\235<qI \356\032s!\003R7o\362bV\300hf\266\241;}\200^\374\240\203[:\342Q\225\221\027y\372\255\235\216\323~vF0D\002 #G\200\277\317H[\2378\251p\033\300r\222\307,\205\313ah\231|\013\331\317\236\242*)[\311\002 \003\201\201\036\335\007fKP9C\224\205(\257\320\235\3013bKL\n\264\306\373]\213\350JZ\333""; "
1750527660628,1750527660628,0,1,4,2,TMValidation,"validation: """"\200\000\000\001&\000\000\000()/\351\253,:\r\302\353\023?\373\240rQv%\001\230\016\203\200\251UD\347\304\373\034\211\340@\342\033\263\365\356\341\357\350\324\035J\032\177\230\207P\027\000\000\000\000\000\000\000\000\000\000\000\000\000\000\000\000\000\000\000\000\000\000\000\000\000\000\000\000\000\000\000\000P\031wda\001\023\375\316\025\254\321\244\370+Y`\220\270\254\2601E[FI\310\235<qI \356\032s!\003R7o\362bV\300hf\266\241;}\200^\374\240\203[:\342Q\225\221\027y\372\255\235\216\323~vF0D\002 #G\200\277\317H[\2378\251p\033\300r\222\307,\205\313ah\231|\013\331\317\236\242*)[\311\002 \003\201\201\036\335\007fKP9C\224\205(\257\320\235\3013bKL\n\264\306\373]\213\350JZ\333""; ","validation: """"\200\000\000\001&\000\000\000()/\351\253,:\r\302\353\023?\373\240rQv%\001\230\016\203\200\251UD\347\304\373\034\211\340@\342\033\263\365\356\341\357\350\324\035J\032\177\230\207P\027\000\000\000\000\000\000\000\000\000\000\000\000\000\000\000\000\000\000\000\000\000\000\000\000\000\000\000\000\000\000\000\000P\031wda\001\023\375\316\025\254\321\244\370+Y`\220\270\254\2601E[FI\310\235<qI \356\032s!\003R7o\362bV\300hf\266\241;}\200^\374\240\203[:\342Q\225\221\027y\372\255\235\216\323~vF0D\002 #G\200\277\317H[\2378\251p\033\300r\222\307,\205\313ah\231|\013\331\317\236\242*)[\311\002 \003\201\201\036\335\007fKP9C\224\205(\257\320\235\3013bKL\n\264\306\373]\213\350JZ\333""; "
1750527660629,1750527660629,0,1,4,0,TMValidation,"validation: """"\200\000\000\001&\000\000\000()/\351\253,:\r\302\353\023?\373\240rQv%\001\230\016\203\200\251UD\347\304\373\034\211\340@\342\033\263\365\356\341\357\350\324\035J\032\177\230\207P\027\000\000\000\000\000\000\000\000\000\000\000\000\000\000\000\000\000\000\000\000\000\000\000\000\000\000\000\000\000\000\000\000P\031wda\001\023\375\316\025\254\321\244\370+Y`\220\270\254\2601E[FI\310\235<qI \356\032s!\003R7o\362bV\300hf\266\241;}\200^\374\240\203[:\342Q\225\221\027y\372\255\235\216\323~vF0D\002 #G\200\277\317H[\2378\251p\033\300r\222\307,\205\313ah\231|\013\331\317\236\242*)[\311\002 \003\201\201\036\335\007fKP9C\224\205(\257\320\235\3013bKL\n\264\306\373]\213\350JZ\333""; ","validation: """"\200\000\000\001&\000\000\000()/\351\253,:\r\302\353\023?\373\240rQv%\001\230\016\203\200\251UD\347\304\373\034\211\340@\342\033\263\365\356\341\357\350\324\035J\032\177\230\207P\027\000\000\000\000\000\000\000\000\000\000\000\000\000\000\000\000\000\000\000\000\000\000\000\000\000\000\000\000\000\000\000\000P\031wda\001\023\375\316\025\254\321\244\370+Y`\220\270\254\2601E[FI\310\235<qI \356\032s!\003R7o\362bV\300hf\266\241;}\200^\374\240\203[:\342Q\225\221\027y\372\255\235\216\323~vF0D\002 #G\200\277\317H[\2378\251p\033\300r\222\307,\205\313ah\231|\013\331\317\236\242*)[\311\002 \003\201\201\036\335\007fKP9C\224\205(\257\320\235\3013bKL\n\264\306\373]\213\350JZ\333""; "
1750527660630,1750527660630,0,1,4,3,TMValidation,"validation: """"\200\000\000\001&\000\000\000()/\351\253,:\r\302\353\023?\373\240rQv%\001\230\016\203\200\251UD\347\304\373\034\211\340@\342\033\263\365\356\341\357\350\324\035J\032\177\230\207P\027\000\000\000\000\000\000\000\000\000\000\000\000\000\000\000\000\000\000\000\000\000\000\000\000\000\000\000\000\000\000\000\000P\031wda\001\023\375\316\025\254\321\244\370+Y`\220\270\254\2601E[FI\310\235<qI \356\032s!\003R7o\362bV\300hf\266\241;}\200^\374\240\203[:\342Q\225\221\027y\372\255\235\216\323~vF0D\002 #G\200\277\317H[\2378\251p\033\300r\222\307,\205\313ah\231|\013\331\317\236\242*)[\311\002 \003\201\201\036\335\007fKP9C\224\205(\257\320\235\3013bKL\n\264\306\373]\213\350JZ\333""; ","validation: """"\200\000\000\001&\000\000\000()/\351\253,:\r\302\353\023?\373\240rQv%\001\230\016\203\200\251UD\347\304\373\034\211\340@\342\033\263\365\356\341\357\350\324\035J\032\177\230\207P\027\000\000\000\000\000\000\000\000\000\000\000\000\000\000\000\000\000\000\000\000\000\000\000\000\000\000\000\000\000\000\000\000P\031wda\001\023\375\316\025\254\321\244\370+Y`\220\270\254\2601E[FI\310\235<qI \356\032s!\003R7o\362bV\300hf\266\241;}\200^\374\240\203[:\342Q\225\221\027y\372\255\235\216\323~vF0D\002 #G\200\277\317H[\2378\251p\033\300r\222\307,\205\313ah\231|\013\331\317\236\242*)[\311\002 \003\201\201\036\335\007fKP9C\224\205(\257\320\235\3013bKL\n\264\306\373]\213\350JZ\333""; "
1750527660693,1750527660693,0,1,1,3,TMProposeSet,"proposeSeq: 0; currentTxHash: ""\000\000\000\000\000\000\000\000\000\000\000\000\000\000\000\000\000\000\000\000\000\000\000\000\000\000\000\000\000\000\000\000""; nodePubKey: ""\002\266\377\271\344:\030\221i\267\257\215\237M\014\3345f\014\273|\207\367\334\337F\325\004cxB\211L""; closeTime: 803842860; signature: ""0E\002!\000\330\354\210\222f\306Z\345\242\005\252\3751o\3139\334\301\302\255|\264\030L\202m\232\262\306\251\005\370\002 \035\3351\376\000z\307\301RBBT\215N\264 \224\245D&\355\371\007vo\321\360\272=\343!\273""; previousledger: ""<\327\304JT*\320""\007\201l\357[\\227ps\341\177(\335\333&R\276\033\202\032\346\375*\254""; ","proposeSeq: 0; currentTxHash: ""\000\000\000\000\000\000\000\000\000\000\000\000\000\000\000\000\000\000\000\000\000\000\000\000\000\000\000\000\000\000\000\000""; nodePubKey: ""\002\266\377\271\344:\030\221i\267\257\215\237M\014\3345f\014\273|\207\367\334\337F\325\004cxB\211L""; closeTime: 803842860; signature: ""0E\002!\000\330\354\210\222f\306Z\345\242\005\252\3751o\3139\334\301\302\255|\264\030L\202m\232\262\306\251\005\370\002 \035\3351\376\000z\307\301RBBT\215N\264 \224\245D&\355\371\007vo\321\360\272=\343!\273""; previousledger: ""<\327\304JT*\320""\007\201l\357[\\227ps\341\177(\335\333&R\276\033\202\032\346\375*\254""; "
1750527660695,1750527660695,0,1,1,0,TMProposeSet,"proposeSeq: 0; currentTxHash: ""\000\000\000\000\000\000\000\000\000\000\000\000\000\000\000\000\000\000\000\000\000\000\000\000\000\000\000\000\000\000\000\000""; nodePubKey: ""\002\266\377\271\344:\030\221i\267\257\215\237M\014\3345f\014\273|\207\367\334\337F\325\004cxB\211L""; closeTime: 803842860; signature: ""0E\002!\000\330\354\210\222f\306Z\345\242\005\252\3751o\3139\334\301\302\255|\264\030L\202m\232\262\306\251\005\370\002 \035\3351\376\000z\307\301RBBT\215N\264 \224\245D&\355\371\007vo\321\360\272=\343!\273""; previousledger: ""<\327\304JT*\320""\007\201l\357[\\227ps\341\177(\335\333&R\276\033\202\032\346\375*\254""; ","proposeSeq: 0; currentTxHash: ""\000\000\000\000\000\000\000\000\000\000\000\000\000\000\000\000\000\000\000\000\000\000\000\000\000\000\000\000\000\000\000\000""; nodePubKey: ""\002\266\377\271\344:\030\221i\267\257\215\237M\014\3345f\014\273|\207\367\334\337F\325\004cxB\211L""; closeTime: 803842860; signature: ""0E\002!\000\330\354\210\222f\306Z\345\242\005\252\3751o\3139\334\301\302\255|\264\030L\202m\232\262\306\251\005\370\002 \035\3351\376\000z\307\301RBBT\215N\264 \224\245D&\355\371\007vo\321\360\272=\343!\273""; previousledger: ""<\327\304JT*\320""\007\201l\357[\\227ps\341\177(\335\333&R\276\033\202\032\346\375*\254""; "
1750527660695,1750527660695,0,1,1,2,TMProposeSet,"proposeSeq: 0; currentTxHash: ""\000\000\000\000\000\000\000\000\000\000\000\000\000\000\000\000\000\000\000\000\000\000\000\000\000\000\000\000\000\000\000\000""; nodePubKey: ""\002\266\377\271\344:\030\221i\267\257\215\237M\014\3345f\014\273|\207\367\334\337F\325\004cxB\211L""; closeTime: 803842860; signature: ""0E\002!\000\330\354\210\222f\306Z\345\242\005\252\3751o\3139\334\301\302\255|\264\030L\202m\232\262\306\251\005\370\002 \035\3351\376\000z\307\301RBBT\215N\264 \224\245D&\355\371\007vo\321\360\272=\343!\273""; previousledger: ""<\327\304JT*\320""\007\201l\357[\\227ps\341\177(\335\333&R\276\033\202\032\346\375*\254""; ","proposeSeq: 0; currentTxHash: ""\000\000\000\000\000\000\000\000\000\000\000\000\000\000\000\000\000\000\000\000\000\000\000\000\000\000\000\000\000\000\000\000""; nodePubKey: ""\002\266\377\271\344:\030\221i\267\257\215\237M\014\3345f\014\273|\207\367\334\337F\325\004cxB\211L""; closeTime: 803842860; signature: ""0E\002!\000\330\354\210\222f\306Z\345\242\005\252\3751o\3139\334\301\302\255|\264\030L\202m\232\262\306\251\005\370\002 \035\3351\376\000z\307\301RBBT\215N\264 \224\245D&\355\371\007vo\321\360\272=\343!\273""; previousledger: ""<\327\304JT*\320""\007\201l\357[\\227ps\341\177(\335\333&R\276\033\202\032\346\375*\254""; "
1750527660734,1750527660734,0,1,1,4,TMProposeSet,"proposeSeq: 0; currentTxHash: ""\000\000\000\000\000\000\000\000\000\000\000\000\000\000\000\000\000\000\000\000\000\000\000\000\000\000\000\000\000\000\000\000""; nodePubKey: ""\002\266\377\271\344:\030\221i\267\257\215\237M\014\3345f\014\273|\207\367\334\337F\325\004cxB\211L""; closeTime: 803842860; signature: ""0E\002!\000\330\354\210\222f\306Z\345\242\005\252\3751o\3139\334\301\302\255|\264\030L\202m\232\262\306\251\005\370\002 \035\3351\376\000z\307\301RBBT\215N\264 \224\245D&\355\371\007vo\321\360\272=\343!\273""; previousledger: ""<\327\304JT*\320""\007\201l\357[\\227ps\341\177(\335\333&R\276\033\202\032\346\375*\254""; ","proposeSeq: 0; currentTxHash: ""\000\000\000\000\000\000\000\000\000\000\000\000\000\000\000\000\000\000\000\000\000\000\000\000\000\000\000\000\000\000\000\000""; nodePubKey: ""\002\266\377\271\344:\030\221i\267\257\215\237M\014\3345f\014\273|\207\367\334\337F\325\004cxB\211L""; closeTime: 803842860; signature: ""0E\002!\000\330\354\210\222f\306Z\345\242\005\252\3751o\3139\334\301\302\255|\264\030L\202m\232\262\306\251\005\370\002 \035\3351\376\000z\307\301RBBT\215N\264 \224\245D&\355\371\007vo\321\360\272=\343!\273""; previousledger: ""<\327\304JT*\320""\007\201l\357[\\227ps\341\177(\335\333&R\276\033\202\032\346\375*\254""; "
1750527660692,1750527660766,0,1,1,4,TMStatusChange,"newEvent: neCLOSING_LEDGER; ledgerSeq: 13; ledgerHash: ""<\327\304JT*\320""\007\201l\357[\\227ps\341\177(\335\333&R\276\033\202\032\346\375*\254""; ledgerHashPrevious: ""s\0079\313\230\355\262\256\324\364\274&\034p\210@K\347#\343\030\246\353\321\312\303\353m\240\026\264\302""; networkTime: 803842860; firstSeq: 1; lastSeq: 40; ","newEvent: neCLOSING_LEDGER; ledgerSeq: 13; ledgerHash: ""<\327\304JT*\320""\007\201l\357[\\227ps\341\177(\335\333&R\276\033\202\032\346\375*\254""; ledgerHashPrevious: ""s\0079\313\230\355\262\256\324\364\274&\034p\210@K\347#\343\030\246\353\321\312\303\353m\240\026\264\302""; networkTime: 803842860; firstSeq: 1; lastSeq: 40; "
1750527660694,1750527660767,0,1,1,3,TMStatusChange,"newEvent: neCLOSING_LEDGER; ledgerSeq: 13; ledgerHash: ""<\327\304JT*\320""\007\201l\357[\\227ps\341\177(\335\333&R\276\033\202\032\346\375*\254""; ledgerHashPrevious: ""s\0079\313\230\355\262\256\324\364\274&\034p\210@K\347#\343\030\246\353\321\312\303\353m\240\026\264\302""; networkTime: 803842860; firstSeq: 1; lastSeq: 40; ","newEvent: neCLOSING_LEDGER; ledgerSeq: 13; ledgerHash: ""<\327\304JT*\320""\007\201l\357[\\227ps\341\177(\335\333&R\276\033\202\032\346\375*\254""; ledgerHashPrevious: ""s\0079\313\230\355\262\256\324\364\274&\034p\210@K\347#\343\030\246\353\321\312\303\353m\240\026\264\302""; networkTime: 803842860; firstSeq: 1; lastSeq: 40; "
1750527660695,1750527660767,0,1,1,2,TMStatusChange,"newEvent: neCLOSING_LEDGER; ledgerSeq: 13; ledgerHash: ""<\327\304JT*\320""\007\201l\357[\\227ps\341\177(\335\333&R\276\033\202\032\346\375*\254""; ledgerHashPrevious: ""s\0079\313\230\355\262\256\324\364\274&\034p\210@K\347#\343\030\246\353\321\312\303\353m\240\026\264\302""; networkTime: 803842860; firstSeq: 1; lastSeq: 40; ","newEvent: neCLOSING_LEDGER; ledgerSeq: 13; ledgerHash: ""<\327\304JT*\320""\007\201l\357[\\227ps\341\177(\335\333&R\276\033\202\032\346\375*\254""; ledgerHashPrevious: ""s\0079\313\230\355\262\256\324\364\274&\034p\210@K\347#\343\030\246\353\321\312\303\353m\240\026\264\302""; networkTime: 803842860; firstSeq: 1; lastSeq: 40; "
1750527660695,1750527660769,0,1,1,0,TMStatusChange,"newEvent: neCLOSING_LEDGER; ledgerSeq: 13; ledgerHash: ""<\327\304JT*\320""\007\201l\357[\\227ps\341\177(\335\333&R\276\033\202\032\346\375*\254""; ledgerHashPrevious: ""s\0079\313\230\355\262\256\324\364\274&\034p\210@K\347#\343\030\246\353\321\312\303\353m\240\026\264\302""; networkTime: 803842860; firstSeq: 1; lastSeq: 40; ","newEvent: neCLOSING_LEDGER; ledgerSeq: 13; ledgerHash: ""<\327\304JT*\320""\007\201l\357[\\227ps\341\177(\335\333&R\276\033\202\032\346\375*\254""; ledgerHashPrevious: ""s\0079\313\230\355\262\256\324\364\274&\034p\210@K\347#\343\030\246\353\321\312\303\353m\240\026\264\302""; networkTime: 803842860; firstSeq: 1; lastSeq: 40; "
1750527661461,1750527661461,0,1,3,1,TMProposeSet,"proposeSeq: 0; currentTxHash: ""\000\000\000\000\000\000\000\000\000\000\000\000\000\000\000\000\000\000\000\000\000\000\000\000\000\000\000\000\000\000\000\000""; nodePubKey: ""\002\364d\217\366\217|\316F\232\231\241\n\261\333`\312O\367\235\025DD\336e\367\n\312\326\221\037\025\230""; closeTime: 803842861; signature: ""0E\002!\000\360\022\315\264\226\256\205\346\255X\353\234i/\252\021T\317\017|=\247rU\376\000\245Ya\272\020l\002 \010\315\245>\3242>\226C{e=+\207\320\377\370MLN\260\376\242P\240\3712-\225\256\252\341""; previousledger: ""v%\001\230\016\203\200\251UD\347\304\373\034\211\340@\342\033\263\365\356\341\357\350\324\035J\032\177\230\207""; ","proposeSeq: 0; currentTxHash: ""\000\000\000\000\000\000\000\000\000\000\000\000\000\000\000\000\000\000\000\000\000\000\000\000\000\000\000\000\000\000\000\000""; nodePubKey: ""\002\364d\217\366\217|\316F\232\231\241\n\261\333`\312O\367\235\025DD\336e\367\n\312\326\221\037\025\230""; closeTime: 803842861; signature: ""0E\002!\000\360\022\315\264\226\256\205\346\255X\353\234i/\252\021T\317\017|=\247rU\376\000\245Ya\272\020l\002 \010\315\245>\3242>\226C{e=+\207\320\377\370MLN\260\376\242P\240\3712-\225\256\252\341""; previousledger: ""v%\001\230\016\203\200\251UD\347\304\373\034\211\340@\342\033\263\365\356\341\357\350\324\035J\032\177\230\207""; "
1750527661460,1750527661501,0,1,3,4,TMStatusChange,"newEvent: neCLOSING_LEDGER; ledgerSeq: 40; ledgerHash: ""v%\001\230\016\203\200\251UD\347\304\373\034\211\340@\342\033\263\365\356\341\357\350\324\035J\032\177\230\207""; ledgerHashPrevious: ""wda\001\023\375\316\025\254\321\244\370+Y`\220\270\254\2601E[FI\310\235<qI \356\032""; networkTime: 803842861; firstSeq: 1; lastSeq: 40; ","newEvent: neCLOSING_LEDGER; ledgerSeq: 40; ledgerHash: ""v%\001\230\016\203\200\251UD\347\304\373\034\211\340@\342\033\263\365\356\341\357\350\324\035J\032\177\230\207""; ledgerHashPrevious: ""wda\001\023\375\316\025\254\321\244\370+Y`\220\270\254\2601E[FI\310\235<qI \356\032""; networkTime: 803842861; firstSeq: 1; lastSeq: 40; "
1750527661460,1750527661501,0,1,3,2,TMStatusChange,"newEvent: neCLOSING_LEDGER; ledgerSeq: 40; ledgerHash: ""v%\001\230\016\203\200\251UD\347\304\373\034\211\340@\342\033\263\365\356\341\357\350\324\035J\032\177\230\207""; ledgerHashPrevious: ""wda\001\023\375\316\025\254\321\244\370+Y`\220\270\254\2601E[FI\310\235<qI \356\032""; networkTime: 803842861; firstSeq: 1; lastSeq: 40; ","newEvent: neCLOSING_LEDGER; ledgerSeq: 40; ledgerHash: ""v%\001\230\016\203\200\251UD\347\304\373\034\211\340@\342\033\263\365\356\341\357\350\324\035J\032\177\230\207""; ledgerHashPrevious: ""wda\001\023\375\316\025\254\321\244\370+Y`\220\270\254\2601E[FI\310\235<qI \356\032""; networkTime: 803842861; firstSeq: 1; lastSeq: 40; "
1750527661461,1750527661502,0,1,3,0,TMStatusChange,"newEvent: neCLOSING_LEDGER; ledgerSeq: 40; ledgerHash: ""v%\001\230\016\203\200\251UD\347\304\373\034\211\340@\342\033\263\365\356\341\357\350\324\035J\032\177\230\207""; ledgerHashPrevious: ""wda\001\023\375\316\025\254\321\244\370+Y`\220\270\254\2601E[FI\310\235<qI \356\032""; networkTime: 803842861; firstSeq: 1; lastSeq: 40; ","newEvent: neCLOSING_LEDGER; ledgerSeq: 40; ledgerHash: ""v%\001\230\016\203\200\251UD\347\304\373\034\211\340@\342\033\263\365\356\341\357\350\324\035J\032\177\230\207""; ledgerHashPrevious: ""wda\001\023\375\316\025\254\321\244\370+Y`\220\270\254\2601E[FI\310\235<qI \356\032""; networkTime: 803842861; firstSeq: 1; lastSeq: 40; "
1750527661461,1750527661502,0,1,3,1,TMStatusChange,"newEvent: neCLOSING_LEDGER; ledgerSeq: 40; ledgerHash: ""v%\001\230\016\203\200\251UD\347\304\373\034\211\340@\342\033\263\365\356\341\357\350\324\035J\032\177\230\207""; ledgerHashPrevious: ""wda\001\023\375\316\025\254\321\244\370+Y`\220\270\254\2601E[FI\310\235<qI \356\032""; networkTime: 803842861; firstSeq: 1; lastSeq: 40; ","newEvent: neCLOSING_LEDGER; ledgerSeq: 40; ledgerHash: ""v%\001\230\016\203\200\251UD\347\304\373\034\211\340@\342\033\263\365\356\341\357\350\324\035J\032\177\230\207""; ledgerHashPrevious: ""wda\001\023\375\316\025\254\321\244\370+Y`\220\270\254\2601E[FI\310\235<qI \356\032""; networkTime: 803842861; firstSeq: 1; lastSeq: 40; "
1750527661502,1750527661502,0,1,3,2,TMProposeSet,"proposeSeq: 0; currentTxHash: ""\000\000\000\000\000\000\000\000\000\000\000\000\000\000\000\000\000\000\000\000\000\000\000\000\000\000\000\000\000\000\000\000""; nodePubKey: ""\002\364d\217\366\217|\316F\232\231\241\n\261\333`\312O\367\235\025DD\336e\367\n\312\326\221\037\025\230""; closeTime: 803842861; signature: ""0E\002!\000\360\022\315\264\226\256\205\346\255X\353\234i/\252\021T\317\017|=\247rU\376\000\245Ya\272\020l\002 \010\315\245>\3242>\226C{e=+\207\320\377\370MLN\260\376\242P\240\3712-\225\256\252\341""; previousledger: ""v%\001\230\016\203\200\251UD\347\304\373\034\211\340@\342\033\263\365\356\341\357\350\324\035J\032\177\230\207""; ","proposeSeq: 0; currentTxHash: ""\000\000\000\000\000\000\000\000\000\000\000\000\000\000\000\000\000\000\000\000\000\000\000\000\000\000\000\000\000\000\000\000""; nodePubKey: ""\002\364d\217\366\217|\316F\232\231\241\n\261\333`\312O\367\235\025DD\336e\367\n\312\326\221\037\025\230""; closeTime: 803842861; signature: ""0E\002!\000\360\022\315\264\226\256\205\346\255X\353\234i/\252\021T\317\017|=\247rU\376\000\245Ya\272\020l\002 \010\315\245>\3242>\226C{e=+\207\320\377\370MLN\260\376\242P\240\3712-\225\256\252\341""; previousledger: ""v%\001\230\016\203\200\251UD\347\304\373\034\211\340@\342\033\263\365\356\341\357\350\324\035J\032\177\230\207""; "
1750527661503,1750527661503,0,1,3,0,TMProposeSet,"proposeSeq: 0; currentTxHash: ""\000\000\000\000\000\000\000\000\000\000\000\000\000\000\000\000\000\000\000\000\000\000\000\000\000\000\000\000\000\000\000\000""; nodePubKey: ""\002\364d\217\366\217|\316F\232\231\241\n\261\333`\312O\367\235\025DD\336e\367\n\312\326\221\037\025\230""; closeTime: 803842861; signature: ""0E\002!\000\360\022\315\264\226\256\205\346\255X\353\234i/\252\021T\317\017|=\247rU\376\000\245Ya\272\020l\002 \010\315\245>\3242>\226C{e=+\207\320\377\370MLN\260\376\242P\240\3712-\225\256\252\341""; previousledger: ""v%\001\230\016\203\200\251UD\347\304\373\034\211\340@\342\033\263\365\356\341\357\350\324\035J\032\177\230\207""; ","proposeSeq: 0; currentTxHash: ""\000\000\000\000\000\000\000\000\000\000\000\000\000\000\000\000\000\000\000\000\000\000\000\000\000\000\000\000\000\000\000\000""; nodePubKey: ""\002\364d\217\366\217|\316F\232\231\241\n\261\333`\312O\367\235\025DD\336e\367\n\312\326\221\037\025\230""; closeTime: 803842861; signature: ""0E\002!\000\360\022\315\264\226\256\205\346\255X\353\234i/\252\021T\317\017|=\247rU\376\000\245Ya\272\020l\002 \010\315\245>\3242>\226C{e=+\207\320\377\370MLN\260\376\242P\240\3712-\225\256\252\341""; previousledger: ""v%\001\230\016\203\200\251UD\347\304\373\034\211\340@\342\033\263\365\356\341\357\350\324\035J\032\177\230\207""; "
1750527661507,1750527661507,0,1,3,4,TMProposeSet,"proposeSeq: 0; currentTxHash: ""\000\000\000\000\000\000\000\000\000\000\000\000\000\000\000\000\000\000\000\000\000\000\000\000\000\000\000\000\000\000\000\000""; nodePubKey: ""\002\364d\217\366\217|\316F\232\231\241\n\261\333`\312O\367\235\025DD\336e\367\n\312\326\221\037\025\230""; closeTime: 803842861; signature: ""0E\002!\000\360\022\315\264\226\256\205\346\255X\353\234i/\252\021T\317\017|=\247rU\376\000\245Ya\272\020l\002 \010\315\245>\3242>\226C{e=+\207\320\377\370MLN\260\376\242P\240\3712-\225\256\252\341""; previousledger: ""v%\001\230\016\203\200\251UD\347\304\373\034\211\340@\342\033\263\365\356\341\357\350\324\035J\032\177\230\207""; ","proposeSeq: 0; currentTxHash: ""\000\000\000\000\000\000\000\000\000\000\000\000\000\000\000\000\000\000\000\000\000\000\000\000\000\000\000\000\000\000\000\000""; nodePubKey: ""\002\364d\217\366\217|\316F\232\231\241\n\261\333`\312O\367\235\025DD\336e\367\n\312\326\221\037\025\230""; closeTime: 803842861; signature: ""0E\002!\000\360\022\315\264\226\256\205\346\255X\353\234i/\252\021T\317\017|=\247rU\376\000\245Ya\272\020l\002 \010\315\245>\3242>\226C{e=+\207\320\377\370MLN\260\376\242P\240\3712-\225\256\252\341""; previousledger: ""v%\001\230\016\203\200\251UD\347\304\373\034\211\340@\342\033\263\365\356\341\357\350\324\035J\032\177\230\207""; "
1750527661510,1750527661510,0,1,4,0,TMProposeSet,"proposeSeq: 0; currentTxHash: ""\000\000\000\000\000\000\000\000\000\000\000\000\000\000\000\000\000\000\000\000\000\000\000\000\000\000\000\000\000\000\000\000""; nodePubKey: ""\002\364d\217\366\217|\316F\232\231\241\n\261\333`\312O\367\235\025DD\336e\367\n\312\326\221\037\025\230""; closeTime: 803842861; signature: ""0E\002!\000\360\022\315\264\226\256\205\346\255X\353\234i/\252\021T\317\017|=\247rU\376\000\245Ya\272\020l\002 \010\315\245>\3242>\226C{e=+\207\320\377\370MLN\260\376\242P\240\3712-\225\256\252\341""; previousledger: ""v%\001\230\016\203\200\251UD\347\304\373\034\211\340@\342\033\263\365\356\341\357\350\324\035J\032\177\230\207""; ","proposeSeq: 0; currentTxHash: ""\000\000\000\000\000\000\000\000\000\000\000\000\000\000\000\000\000\000\000\000\000\000\000\000\000\000\000\000\000\000\000\000""; nodePubKey: ""\002\364d\217\366\217|\316F\232\231\241\n\261\333`\312O\367\235\025DD\336e\367\n\312\326\221\037\025\230""; closeTime: 803842861; signature: ""0E\002!\000\360\022\315\264\226\256\205\346\255X\353\234i/\252\021T\317\017|=\247rU\376\000\245Ya\272\020l\002 \010\315\245>\3242>\226C{e=+\207\320\377\370MLN\260\376\242P\240\3712-\225\256\252\341""; previousledger: ""v%\001\230\016\203\200\251UD\347\304\373\034\211\340@\342\033\263\365\356\341\357\350\324\035J\032\177\230\207""; "
1750527661510,1750527661510,0,1,4,2,TMProposeSet,"proposeSeq: 0; currentTxHash: ""\000\000\000\000\000\000\000\000\000\000\000\000\000\000\000\000\000\000\000\000\000\000\000\000\000\000\000\000\000\000\000\000""; nodePubKey: ""\002\364d\217\366\217|\316F\232\231\241\n\261\333`\312O\367\235\025DD\336e\367\n\312\326\221\037\025\230""; closeTime: 803842861; signature: ""0E\002!\000\360\022\315\264\226\256\205\346\255X\353\234i/\252\021T\317\017|=\247rU\376\000\245Ya\272\020l\002 \010\315\245>\3242>\226C{e=+\207\320\377\370MLN\260\376\242P\240\3712-\225\256\252\341""; previousledger: ""v%\001\230\016\203\200\251UD\347\304\373\034\211\340@\342\033\263\365\356\341\357\350\324\035J\032\177\230\207""; ","proposeSeq: 0; currentTxHash: ""\000\000\000\000\000\000\000\000\000\000\000\000\000\000\000\000\000\000\000\000\000\000\000\000\000\000\000\000\000\000\000\000""; nodePubKey: ""\002\364d\217\366\217|\316F\232\231\241\n\261\333`\312O\367\235\025DD\336e\367\n\312\326\221\037\025\230""; closeTime: 803842861; signature: ""0E\002!\000\360\022\315\264\226\256\205\346\255X\353\234i/\252\021T\317\017|=\247rU\376\000\245Ya\272\020l\002 \010\315\245>\3242>\226C{e=+\207\320\377\370MLN\260\376\242P\240\3712-\225\256\252\341""; previousledger: ""v%\001\230\016\203\200\251UD\347\304\373\034\211\340@\342\033\263\365\356\341\357\350\324\035J\032\177\230\207""; "
1750527661511,1750527661512,0,1,4,1,TMProposeSet,"proposeSeq: 0; currentTxHash: ""\000\000\000\000\000\000\000\000\000\000\000\000\000\000\000\000\000\000\000\000\000\000\000\000\000\000\000\000\000\000\000\000""; nodePubKey: ""\002\364d\217\366\217|\316F\232\231\241\n\261\333`\312O\367\235\025DD\336e\367\n\312\326\221\037\025\230""; closeTime: 803842861; signature: ""0E\002!\000\360\022\315\264\226\256\205\346\255X\353\234i/\252\021T\317\017|=\247rU\376\000\245Ya\272\020l\002 \010\315\245>\3242>\226C{e=+\207\320\377\370MLN\260\376\242P\240\3712-\225\256\252\341""; previousledger: ""v%\001\230\016\203\200\251UD\347\304\373\034\211\340@\342\033\263\365\356\341\357\350\324\035J\032\177\230\207""; ","proposeSeq: 0; currentTxHash: ""\000\000\000\000\000\000\000\000\000\000\000\000\000\000\000\000\000\000\000\000\000\000\000\000\000\000\000\000\000\000\000\000""; nodePubKey: ""\002\364d\217\366\217|\316F\232\231\241\n\261\333`\312O\367\235\025DD\336e\367\n\312\326\221\037\025\230""; closeTime: 803842861; signature: ""0E\002!\000\360\022\315\264\226\256\205\346\255X\353\234i/\252\021T\317\017|=\247rU\376\000\245Ya\272\020l\002 \010\315\245>\3242>\226C{e=+\207\320\377\370MLN\260\376\242P\240\3712-\225\256\252\341""; previousledger: ""v%\001\230\016\203\200\251UD\347\304\373\034\211\340@\342\033\263\365\356\341\357\350\324\035J\032\177\230\207""; "
1750527661622,1750527661622,0,1,4,2,TMProposeSet,"proposeSeq: 0; currentTxHash: ""\000\000\000\000\000\000\000\000\000\000\000\000\000\000\000\000\000\000\000\000\000\000\000\000\000\000\000\000\000\000\000\000""; nodePubKey: ""\003R7o\362bV\300hf\266\241;}\200^\374\240\203[:\342Q\225\221\027y\372\255\235\216\323~""; closeTime: 803842861; signature: ""0D\002 i\177\003uR\337\353\004\330Hk\321\2453\200\235=\223!E\244\300;\002}\374\327\013\345A\001}\002 D\371{\362\211IW|\355]\032~ly\n\230\330\213\342\240\205`\361\322}Dk\027=\214^W""; previousledger: ""v%\001\230\016\203\200\251UD\347\304\373\034\211\340@\342\033\263\365\356\341\357\350\324\035J\032\177\230\207""; ","proposeSeq: 0; currentTxHash: ""\000\000\000\000\000\000\000\000\000\000\000\000\000\000\000\000\000\000\000\000\000\000\000\000\000\000\000\000\000\000\000\000""; nodePubKey: ""\003R7o\362bV\300hf\266\241;}\200^\374\240\203[:\342Q\225\221\027y\372\255\235\216\323~""; closeTime: 803842861; signature: ""0D\002 i\177\003uR\337\353\004\330Hk\321\2453\200\235=\223!E\244\300;\002}\374\327\013\345A\001}\002 D\371{\362\211IW|\355]\032~ly\n\230\330\213\342\240\205`\361\322}Dk\027=\214^W""; previousledger: ""v%\001\230\016\203\200\251UD\347\304\373\034\211\340@\342\033\263\365\356\341\357\350\324\035J\032\177\230\207""; "
1750527661623,1750527661623,0,1,4,3,TMProposeSet,"proposeSeq: 0; currentTxHash: ""\000\000\000\000\000\000\000\000\000\000\000\000\000\000\000\000\000\000\000\000\000\000\000\000\000\000\000\000\000\000\000\000""; nodePubKey: ""\003R7o\362bV\300hf\266\241;}\200^\374\240\203[:\342Q\225\221\027y\372\255\235\216\323~""; closeTime: 803842861; signature: ""0D\002 i\177\003uR\337\353\004\330Hk\321\2453\200\235=\223!E\244\300;\002}\374\327\013\345A\001}\002 D\371{\362\211IW|\355]\032~ly\n\230\330\213\342\240\205`\361\322}Dk\027=\214^W""; previousledger: ""v%\001\230\016\203\200\251UD\347\304\373\034\211\340@\342\033\263\365\356\341\357\350\324\035J\032\177\230\207""; ","proposeSeq: 0; currentTxHash: ""\000\000\000\000\000\000\000\000\000\000\000\000\000\000\000\000\000\000\000\000\000\000\000\000\000\000\000\000\000\000\000\000""; nodePubKey: ""\003R7o\362bV\300hf\266\241;}\200^\374\240\203[:\342Q\225\221\027y\372\255\235\216\323~""; closeTime: 803842861; signature: ""0D\002 i\177\003uR\337\353\004\330Hk\321\2453\200\235=\223!E\244\300;\002}\374\327\013\345A\001}\002 D\371{\362\211IW|\355]\032~ly\n\230\330\213\342\240\205`\361\322}Dk\027=\214^W""; previousledger: ""v%\001\230\016\203\200\251UD\347\304\373\034\211\340@\342\033\263\365\356\341\357\350\324\035J\032\177\230\207""; "
1750527661624,1750527661624,0,1,4,0,TMProposeSet,"proposeSeq: 0; currentTxHash: ""\000\000\000\000\000\000\000\000\000\000\000\000\000\000\000\000\000\000\000\000\000\000\000\000\000\000\000\000\000\000\000\000""; nodePubKey: ""\003R7o\362bV\300hf\266\241;}\200^\374\240\203[:\342Q\225\221\027y\372\255\235\216\323~""; closeTime: 803842861; signature: ""0D\002 i\177\003uR\337\353\004\330Hk\321\2453\200\235=\223!E\244\300;\002}\374\327\013\345A\001}\002 D\371{\362\211IW|\355]\032~ly\n\230\330\213\342\240\205`\361\322}Dk\027=\214^W""; previousledger: ""v%\001\230\016\203\200\251UD\347\304\373\034\211\340@\342\033\263\365\356\341\357\350\324\035J\032\177\230\207""; ","proposeSeq: 0; currentTxHash: ""\000\000\000\000\000\000\000\000\000\000\000\000\000\000\000\000\000\000\000\000\000\000\000\000\000\000\000\000\000\000\000\000""; nodePubKey: ""\003R7o\362bV\300hf\266\241;}\200^\374\240\203[:\342Q\225\221\027y\372\255\235\216\323~""; closeTime: 803842861; signature: ""0D\002 i\177\003uR\337\353\004\330Hk\321\2453\200\235=\223!E\244\300;\002}\374\327\013\345A\001}\002 D\371{\362\211IW|\355]\032~ly\n\230\330\213\342\240\205`\361\322}Dk\027=\214^W""; previousledger: ""v%\001\230\016\203\200\251UD\347\304\373\034\211\340@\342\033\263\365\356\341\357\350\324\035J\032\177\230\207""; "
1750527661624,1750527661624,0,1,4,1,TMProposeSet,"proposeSeq: 0; currentTxHash: ""\000\000\000\000\000\000\000\000\000\000\000\000\000\000\000\000\000\000\000\000\000\000\000\000\000\000\000\000\000\000\000\000""; nodePubKey: ""\003R7o\362bV\300hf\266\241;}\200^\374\240\203[:\342Q\225\221\027y\372\255\235\216\323~""; closeTime: 803842861; signature: ""0D\002 i\177\003uR\337\353\004\330Hk\321\2453\200\235=\223!E\244\300;\002}\374\327\013\345A\001}\002 D\371{\362\211IW|\355]\032~ly\n\230\330\213\342\240\205`\361\322}Dk\027=\214^W""; previousledger: ""v%\001\230\016\203\200\251UD\347\304\373\034\211\340@\342\033\263\365\356\341\357\350\324\035J\032\177\230\207""; ","proposeSeq: 0; currentTxHash: ""\000\000\000\000\000\000\000\000\000\000\000\000\000\000\000\000\000\000\000\000\000\000\000\000\000\000\000\000\000\000\000\000""; nodePubKey: ""\003R7o\362bV\300hf\266\241;}\200^\374\240\203[:\342Q\225\221\027y\372\255\235\216\323~""; closeTime: 803842861; signature: ""0D\002 i\177\003uR\337\353\004\330Hk\321\2453\200\235=\223!E\244\300;\002}\374\327\013\345A\001}\002 D\371{\362\211IW|\355]\032~ly\n\230\330\213\342\240\205`\361\322}Dk\027=\214^W""; previousledger: ""v%\001\230\016\203\200\251UD\347\304\373\034\211\340@\342\033\263\365\356\341\357\350\324\035J\032\177\230\207""; "
1750527661625,1750527661625,0,1,3,2,TMProposeSet,"proposeSeq: 0; currentTxHash: ""\000\000\000\000\000\000\000\000\000\000\000\000\000\000\000\000\000\000\000\000\000\000\000\000\000\000\000\000\000\000\000\000""; nodePubKey: ""\003R7o\362bV\300hf\266\241;}\200^\374\240\203[:\342Q\225\221\027y\372\255\235\216\323~""; closeTime: 803842861; signature: ""0D\002 i\177\003uR\337\353\004\330Hk\321\2453\200\235=\223!E\244\300;\002}\374\327\013\345A\001}\002 D\371{\362\211IW|\355]\032~ly\n\230\330\213\342\240\205`\361\322}Dk\027=\214^W""; previousledger: ""v%\001\230\016\203\200\251UD\347\304\373\034\211\340@\342\033\263\365\356\341\357\350\324\035J\032\177\230\207""; ","proposeSeq: 0; currentTxHash: ""\000\000\000\000\000\000\000\000\000\000\000\000\000\000\000\000\000\000\000\000\000\000\000\000\000\000\000\000\000\000\000\000""; nodePubKey: ""\003R7o\362bV\300hf\266\241;}\200^\374\240\203[:\342Q\225\221\027y\372\255\235\216\323~""; closeTime: 803842861; signature: ""0D\002 i\177\003uR\337\353\004\330Hk\321\2453\200\235=\223!E\244\300;\002}\374\327\013\345A\001}\002 D\371{\362\211IW|\355]\032~ly\n\230\330\213\342\240\205`\361\322}Dk\027=\214^W""; previousledger: ""v%\001\230\016\203\200\251UD\347\304\373\034\211\340@\342\033\263\365\356\341\357\350\324\035J\032\177\230\207""; "
1750527661626,1750527661626,0,1,3,0,TMProposeSet,"proposeSeq: 0; currentTxHash: ""\000\000\000\000\000\000\000\000\000\000\000\000\000\000\000\000\000\000\000\000\000\000\000\000\000\000\000\000\000\000\000\000""; nodePubKey: ""\003R7o\362bV\300hf\266\241;}\200^\374\240\203[:\342Q\225\221\027y\372\255\235\216\323~""; closeTime: 803842861; signature: ""0D\002 i\177\003uR\337\353\004\330Hk\321\2453\200\235=\223!E\244\300;\002}\374\327\013\345A\001}\002 D\371{\362\211IW|\355]\032~ly\n\230\330\213\342\240\205`\361\322}Dk\027=\214^W""; previousledger: ""v%\001\230\016\203\200\251UD\347\304\373\034\211\340@\342\033\263\365\356\341\357\350\324\035J\032\177\230\207""; ","proposeSeq: 0; currentTxHash: ""\000\000\000\000\000\000\000\000\000\000\000\000\000\000\000\000\000\000\000\000\000\000\000\000\000\000\000\000\000\000\000\000""; nodePubKey: ""\003R7o\362bV\300hf\266\241;}\200^\374\240\203[:\342Q\225\221\027y\372\255\235\216\323~""; closeTime: 803842861; signature: ""0D\002 i\177\003uR\337\353\004\330Hk\321\2453\200\235=\223!E\244\300;\002}\374\327\013\345A\001}\002 D\371{\362\211IW|\355]\032~ly\n\230\330\213\342\240\205`\361\322}Dk\027=\214^W""; previousledger: ""v%\001\230\016\203\200\251UD\347\304\373\034\211\340@\342\033\263\365\356\341\357\350\324\035J\032\177\230\207""; "
1750527661626,1750527661626,0,1,3,1,TMProposeSet,"proposeSeq: 0; currentTxHash: ""\000\000\000\000\000\000\000\000\000\000\000\000\000\000\000\000\000\000\000\000\000\000\000\000\000\000\000\000\000\000\000\000""; nodePubKey: ""\003R7o\362bV\300hf\266\241;}\200^\374\240\203[:\342Q\225\221\027y\372\255\235\216\323~""; closeTime: 803842861; signature: ""0D\002 i\177\003uR\337\353\004\330Hk\321\2453\200\235=\223!E\244\300;\002}\374\327\013\345A\001}\002 D\371{\362\211IW|\355]\032~ly\n\230\330\213\342\240\205`\361\322}Dk\027=\214^W""; previousledger: ""v%\001\230\016\203\200\251UD\347\304\373\034\211\340@\342\033\263\365\356\341\357\350\324\035J\032\177\230\207""; ","proposeSeq: 0; currentTxHash: ""\000\000\000\000\000\000\000\000\000\000\000\000\000\000\000\000\000\000\000\000\000\000\000\000\000\000\000\000\000\000\000\000""; nodePubKey: ""\003R7o\362bV\300hf\266\241;}\200^\374\240\203[:\342Q\225\221\027y\372\255\235\216\323~""; closeTime: 803842861; signature: ""0D\002 i\177\003uR\337\353\004\330Hk\321\2453\200\235=\223!E\244\300;\002}\374\327\013\345A\001}\002 D\371{\362\211IW|\355]\032~ly\n\230\330\213\342\240\205`\361\322}Dk\027=\214^W""; previousledger: ""v%\001\230\016\203\200\251UD\347\304\373\034\211\340@\342\033\263\365\356\341\357\350\324\035J\032\177\230\207""; "
1750527661622,1750527661661,0,1,4,2,TMStatusChange,"newEvent: neCLOSING_LEDGER; ledgerSeq: 40; ledgerHash: ""v%\001\230\016\203\200\251UD\347\304\373\034\211\340@\342\033\263\365\356\341\357\350\324\035J\032\177\230\207""; ledgerHashPrevious: ""wda\001\023\375\316\025\254\321\244\370+Y`\220\270\254\2601E[FI\310\235<qI \356\032""; networkTime: 803842861; firstSeq: 1; lastSeq: 40; ","newEvent: neCLOSING_LEDGER; ledgerSeq: 40; ledgerHash: ""v%\001\230\016\203\200\251UD\347\304\373\034\211\340@\342\033\263\365\356\341\357\350\324\035J\032\177\230\207""; ledgerHashPrevious: ""wda\001\023\375\316\025\254\321\244\370+Y`\220\270\254\2601E[FI\310\235<qI \356\032""; networkTime: 803842861; firstSeq: 1; lastSeq: 40; "
1750527661623,1750527661661,0,1,4,3,TMStatusChange,"newEvent: neCLOSING_LEDGER; ledgerSeq: 40; ledgerHash: ""v%\001\230\016\203\200\251UD\347\304\373\034\211\340@\342\033\263\365\356\341\357\350\324\035J\032\177\230\207""; ledgerHashPrevious: ""wda\001\023\375\316\025\254\321\244\370+Y`\220\270\254\2601E[FI\310\235<qI \356\032""; networkTime: 803842861; firstSeq: 1; lastSeq: 40; ","newEvent: neCLOSING_LEDGER; ledgerSeq: 40; ledgerHash: ""v%\001\230\016\203\200\251UD\347\304\373\034\211\340@\342\033\263\365\356\341\357\350\324\035J\032\177\230\207""; ledgerHashPrevious: ""wda\001\023\375\316\025\254\321\244\370+Y`\220\270\254\2601E[FI\310\235<qI \356\032""; networkTime: 803842861; firstSeq: 1; lastSeq: 40; "
1750527661624,1750527661661,0,1,4,0,TMStatusChange,"newEvent: neCLOSING_LEDGER; ledgerSeq: 40; ledgerHash: ""v%\001\230\016\203\200\251UD\347\304\373\034\211\340@\342\033\263\365\356\341\357\350\324\035J\032\177\230\207""; ledgerHashPrevious: ""wda\001\023\375\316\025\254\321\244\370+Y`\220\270\254\2601E[FI\310\235<qI \356\032""; networkTime: 803842861; firstSeq: 1; lastSeq: 40; ","newEvent: neCLOSING_LEDGER; ledgerSeq: 40; ledgerHash: ""v%\001\230\016\203\200\251UD\347\304\373\034\211\340@\342\033\263\365\356\341\357\350\324\035J\032\177\230\207""; ledgerHashPrevious: ""wda\001\023\375\316\025\254\321\244\370+Y`\220\270\254\2601E[FI\310\235<qI \356\032""; networkTime: 803842861; firstSeq: 1; lastSeq: 40; "
1750527661625,1750527661661,0,1,4,1,TMStatusChange,"newEvent: neCLOSING_LEDGER; ledgerSeq: 40; ledgerHash: ""v%\001\230\016\203\200\251UD\347\304\373\034\211\340@\342\033\263\365\356\341\357\350\324\035J\032\177\230\207""; ledgerHashPrevious: ""wda\001\023\375\316\025\254\321\244\370+Y`\220\270\254\2601E[FI\310\235<qI \356\032""; networkTime: 803842861; firstSeq: 1; lastSeq: 40; ","newEvent: neCLOSING_LEDGER; ledgerSeq: 40; ledgerHash: ""v%\001\230\016\203\200\251UD\347\304\373\034\211\340@\342\033\263\365\356\341\357\350\324\035J\032\177\230\207""; ledgerHashPrevious: ""wda\001\023\375\316\025\254\321\244\370+Y`\220\270\254\2601E[FI\310\235<qI \356\032""; networkTime: 803842861; firstSeq: 1; lastSeq: 40; "
1750527662551,1750527662552,0,1,0,4,TMProposeSet,"proposeSeq: 1; currentTxHash: ""\000\000\000\000\000\000\000\000\000\000\000\000\000\000\000\000\000\000\000\000\000\000\000\000\000\000\000\000\000\000\000\000""; nodePubKey: ""\002\225aM\037\203M\271C\224]$\245\215\334\264;{{\365%Z\2443U\201\242\320iUc\207\367""; closeTime: 803842850; signature: ""0D\002 b`\254:\264\263'\311\261\223x\321\204-\2765\304p0G?\243\316\211\212\324\357V\t\276\003\260\002 |\266\365""+z\373|l\256\020\r4\235\355g\2467?C\016mA\332\275v#\237\356\213u\014""; previousledger: ""\212\221\310\013\200\331\347e\201\327V-\007\357\327\346\2263\031K\255s\310&\251\322\367\316F\360\310\245""; ","proposeSeq: 1; currentTxHash: ""\000\000\000\000\000\000\000\000\000\000\000\000\000\000\000\000\000\000\000\000\000\000\000\000\000\000\000\000\000\000\000\000""; nodePubKey: ""\002\225aM\037\203M\271C\224]$\245\215\334\264;{{\365%Z\2443U\201\242\320iUc\207\367""; closeTime: 803842850; signature: ""0D\002 b`\254:\264\263'\311\261\223x\321\204-\2765\304p0G?\243\316\211\212\324\357V\t\276\003\260\002 |\266\365""+z\373|l\256\020\r4\235\355g\2467?C\016mA\332\275v#\237\356\213u\014""; previousledger: ""\212\221\310\013\200\331\347e\201\327V-\007\357\327\346\2263\031K\255s\310&\251\322\367\316F\360\310\245""; "
1750527662552,1750527662552,0,1,0,3,TMProposeSet,"proposeSeq: 1; currentTxHash: ""\000\000\000\000\000\000\000\000\000\000\000\000\000\000\000\000\000\000\000\000\000\000\000\000\000\000\000\000\000\000\000\000""; nodePubKey: ""\002\225aM\037\203M\271C\224]$\245\215\334\264;{{\365%Z\2443U\201\242\320iUc\207\367""; closeTime: 803842850; signature: ""0D\002 b`\254:\264\263'\311\261\223x\321\204-\2765\304p0G?\243\316\211\212\324\357V\t\276\003\260\002 |\266\365""+z\373|l\256\020\r4\235\355g\2467?C\016mA\332\275v#\237\356\213u\014""; previousledger: ""\212\221\310\013\200\331\347e\201\327V-\007\357\327\346\2263\031K\255s\310&\251\322\367\316F\360\310\245""; ","proposeSeq: 1; currentTxHash: ""\000\000\000\000\000\000\000\000\000\000\000\000\000\000\000\000\000\000\000\000\000\000\000\000\000\000\000\000\000\000\000\000""; nodePubKey: ""\002\225aM\037\203M\271C\224]$\245\215\334\264;{{\365%Z\2443U\201\242\320iUc\207\367""; closeTime: 803842850; signature: ""0D\002 b`\254:\264\263'\311\261\223x\321\204-\2765\304p0G?\243\316\211\212\324\357V\t\276\003\260\002 |\266\365""+z\373|l\256\020\r4\235\355g\2467?C\016mA\332\275v#\237\356\213u\014""; previousledger: ""\212\221\310\013\200\331\347e\201\327V-\007\357\327\346\2263\031K\255s\310&\251\322\367\316F\360\310\245""; "
1750527662552,1750527662552,0,1,0,2,TMProposeSet,"proposeSeq: 1; currentTxHash: ""\000\000\000\000\000\000\000\000\000\000\000\000\000\000\000\000\000\000\000\000\000\000\000\000\000\000\000\000\000\000\000\000""; nodePubKey: ""\002\225aM\037\203M\271C\224]$\245\215\334\264;{{\365%Z\2443U\201\242\320iUc\207\367""; closeTime: 803842850; signature: ""0D\002 b`\254:\264\263'\311\261\223x\321\204-\2765\304p0G?\243\316\211\212\324\357V\t\276\003\260\002 |\266\365""+z\373|l\256\020\r4\235\355g\2467?C\016mA\332\275v#\237\356\213u\014""; previousledger: ""\212\221\310\013\200\331\347e\201\327V-\007\357\327\346\2263\031K\255s\310&\251\322\367\316F\360\310\245""; ","proposeSeq: 1; currentTxHash: ""\000\000\000\000\000\000\000\000\000\000\000\000\000\000\000\000\000\000\000\000\000\000\000\000\000\000\000\000\000\000\000\000""; nodePubKey: ""\002\225aM\037\203M\271C\224]$\245\215\334\264;{{\365%Z\2443U\201\242\320iUc\207\367""; closeTime: 803842850; signature: ""0D\002 b`\254:\264\263'\311\261\223x\321\204-\2765\304p0G?\243\316\211\212\324\357V\t\276\003\260\002 |\266\365""+z\373|l\256\020\r4\235\355g\2467?C\016mA\332\275v#\237\356\213u\014""; previousledger: ""\212\221\310\013\200\331\347e\201\327V-\007\357\327\346\2263\031K\255s\310&\251\322\367\316F\360\310\245""; "
1750527662552,1750527662553,0,1,0,1,TMProposeSet,"proposeSeq: 1; currentTxHash: ""\000\000\000\000\000\000\000\000\000\000\000\000\000\000\000\000\000\000\000\000\000\000\000\000\000\000\000\000\000\000\000\000""; nodePubKey: ""\002\225aM\037\203M\271C\224]$\245\215\334\264;{{\365%Z\2443U\201\242\320iUc\207\367""; closeTime: 803842850; signature: ""0D\002 b`\254:\264\263'\311\261\223x\321\204-\2765\304p0G?\243\316\211\212\324\357V\t\276\003\260\002 |\266\365""+z\373|l\256\020\r4\235\355g\2467?C\016mA\332\275v#\237\356\213u\014""; previousledger: ""\212\221\310\013\200\331\347e\201\327V-\007\357\327\346\2263\031K\255s\310&\251\322\367\316F\360\310\245""; ","proposeSeq: 1; currentTxHash: ""\000\000\000\000\000\000\000\000\000\000\000\000\000\000\000\000\000\000\000\000\000\000\000\000\000\000\000\000\000\000\000\000""; nodePubKey: ""\002\225aM\037\203M\271C\224]$\245\215\334\264;{{\365%Z\2443U\201\242\320iUc\207\367""; closeTime: 803842850; signature: ""0D\002 b`\254:\264\263'\311\261\223x\321\204-\2765\304p0G?\243\316\211\212\324\357V\t\276\003\260\002 |\266\365""+z\373|l\256\020\r4\235\355g\2467?C\016mA\332\275v#\237\356\213u\014""; previousledger: ""\212\221\310\013\200\331\347e\201\327V-\007\357\327\346\2263\031K\255s\310&\251\322\367\316F\360\310\245""; "
1750527662636,1750527662636,0,1,2,1,TMProposeSet,"proposeSeq: 1; currentTxHash: ""\000\000\000\000\000\000\000\000\000\000\000\000\000\000\000\000\000\000\000\000\000\000\000\000\000\000\000\000\000\000\000\000""; nodePubKey: ""\003\255\225A\213\332\224ehh\024BDq\224\250\335`\355\353{\357\266\335<\021\032\265\177\206\356&\215""; closeTime: 803842850; signature: ""0E\002!\000\344\315\355\030\270r\364\200c\270r\034\034\3518\254\230m\203\035PV8F\323\301@\226k\364\3260\002 $\K\305\306h^1\354\333n\342\3178_\264\314\2506\303\026\370\032\364.{\307\272f\303\023\321""; previousledger: ""\236R\330\360\256\004\260CN\250\277\334\000\r\262\020\2237\211\373\270\347\n\311\222a=\321\276Z\2313""; ","proposeSeq: 1; currentTxHash: ""\000\000\000\000\000\000\000\000\000\000\000\000\000\000\000\000\000\000\000\000\000\000\000\000\000\000\000\000\000\000\000\000""; nodePubKey: ""\003\255\225A\213\332\224ehh\024BDq\224\250\335`\355\353{\357\266\335<\021\032\265\177\206\356&\215""; closeTime: 803842850; signature: ""0E\002!\000\344\315\355\030\270r\364\200c\270r\034\034\3518\254\230m\203\035PV8F\323\301@\226k\364\3260\002 $\K\305\306h^1\354\333n\342\3178_\264\314\2506\303\026\370\032\364.{\307\272f\303\023\321""; previousledger: ""\236R\330\360\256\004\260CN\250\277\334\000\r\262\020\2237\211\373\270\347\n\311\222a=\321\276Z\2313""; "
1750527662637,1750527662637,0,1,2,4,TMProposeSet,"proposeSeq: 1; currentTxHash: ""\000\000\000\000\000\000\000\000\000\000\000\000\000\000\000\000\000\000\000\000\000\000\000\000\000\000\000\000\000\000\000\000""; nodePubKey: ""\003\255\225A\213\332\224ehh\024BDq\224\250\335`\355\353{\357\266\335<\021\032\265\177\206\356&\215""; closeTime: 803842850; signature: ""0E\002!\000\344\315\355\030\270r\364\200c\270r\034\034\3518\254\230m\203\035PV8F\323\301@\226k\364\3260\002 $\K\305\306h^1\354\333n\342\3178_\264\314\2506\303\026\370\032\364.{\307\272f\303\023\321""; previousledger: ""\236R\330\360\256\004\260CN\250\277\334\000\r\262\020\2237\211\373\270\347\n\311\222a=\321\276Z\2313""; ","proposeSeq: 1; currentTxHash: ""\000\000\000\000\000\000\000\000\000\000\000\000\000\000\000\000\000\000\000\000\000\000\000\000\000\000\000\000\000\000\000\000""; nodePubKey: ""\003\255\225A\213\332\224ehh\024BDq\224\250\335`\355\353{\357\266\335<\021\032\265\177\206\356&\215""; closeTime: 803842850; signature: ""0E\002!\000\344\315\355\030\270r\364\200c\270r\034\034\3518\254\230m\203\035PV8F\323\301@\226k\364\3260\002 $\K\305\306h^1\354\333n\342\3178_\264\314\2506\303\026\370\032\364.{\307\272f\303\023\321""; previousledger: ""\236R\330\360\256\004\260CN\250\277\334\000\r\262\020\2237\211\373\270\347\n\311\222a=\321\276Z\2313""; "
1750527662637,1750527662637,0,1,2,3,TMProposeSet,"proposeSeq: 1; currentTxHash: ""\000\000\000\000\000\000\000\000\000\000\000\000\000\000\000\000\000\000\000\000\000\000\000\000\000\000\000\000\000\000\000\000""; nodePubKey: ""\003\255\225A\213\332\224ehh\024BDq\224\250\335`\355\353{\357\266\335<\021\032\265\177\206\356&\215""; closeTime: 803842850; signature: ""0E\002!\000\344\315\355\030\270r\364\200c\270r\034\034\3518\254\230m\203\035PV8F\323\301@\226k\364\3260\002 $\K\305\306h^1\354\333n\342\3178_\264\314\2506\303\026\370\032\364.{\307\272f\303\023\321""; previousledger: ""\236R\330\360\256\004\260CN\250\277\334\000\r\262\020\2237\211\373\270\347\n\311\222a=\321\276Z\2313""; ","proposeSeq: 1; currentTxHash: ""\000\000\000\000\000\000\000\000\000\000\000\000\000\000\000\000\000\000\000\000\000\000\000\000\000\000\000\000\000\000\000\000""; nodePubKey: ""\003\255\225A\213\332\224ehh\024BDq\224\250\335`\355\353{\357\266\335<\021\032\265\177\206\356&\215""; closeTime: 803842850; signature: ""0E\002!\000\344\315\355\030\270r\364\200c\270r\034\034\3518\254\230m\203\035PV8F\323\301@\226k\364\3260\002 $\K\305\306h^1\354\333n\342\3178_\264\314\2506\303\026\370\032\364.{\307\272f\303\023\321""; previousledger: ""\236R\330\360\256\004\260CN\250\277\334\000\r\262\020\2237\211\373\270\347\n\311\222a=\321\276Z\2313""; "
1750527662638,1750527662638,0,1,2,0,TMProposeSet,"proposeSeq: 1; currentTxHash: ""\000\000\000\000\000\000\000\000\000\000\000\000\000\000\000\000\000\000\000\000\000\000\000\000\000\000\000\000\000\000\000\000""; nodePubKey: ""\003\255\225A\213\332\224ehh\024BDq\224\250\335`\355\353{\357\266\335<\021\032\265\177\206\356&\215""; closeTime: 803842850; signature: ""0E\002!\000\344\315\355\030\270r\364\200c\270r\034\034\3518\254\230m\203\035PV8F\323\301@\226k\364\3260\002 $\K\305\306h^1\354\333n\342\3178_\264\314\2506\303\026\370\032\364.{\307\272f\303\023\321""; previousledger: ""\236R\330\360\256\004\260CN\250\277\334\000\r\262\020\2237\211\373\270\347\n\311\222a=\321\276Z\2313""; ","proposeSeq: 1; currentTxHash: ""\000\000\000\000\000\000\000\000\000\000\000\000\000\000\000\000\000\000\000\000\000\000\000\000\000\000\000\000\000\000\000\000""; nodePubKey: ""\003\255\225A\213\332\224ehh\024BDq\224\250\335`\355\353{\357\266\335<\021\032\265\177\206\356&\215""; closeTime: 803842850; signature: ""0E\002!\000\344\315\355\030\270r\364\200c\270r\034\034\3518\254\230m\203\035PV8F\323\301@\226k\364\3260\002 $\K\305\306h^1\354\333n\342\3178_\264\314\2506\303\026\370\032\364.{\307\272f\303\023\321""; previousledger: ""\236R\330\360\256\004\260CN\250\277\334\000\r\262\020\2237\211\373\270\347\n\311\222a=\321\276Z\2313""; "
1750527663462,1750527663462,0,1,3,2,TMValidation,"validation: """"\200\000\000\001&\000\000\000))/\351\253/:p\210\265\307-\212\200\004Q\220\303+\207\352g\317N\027>\222M\271m\033\236\021:\272\233r\373\233hC}\256\020\210\010\233\335P\027\000\000\000\000\000\000\000\000\000\000\000\000\000\000\000\000\000\000\000\000\000\000\000\000\000\000\000\000\000\000\000\000P\031v%\001\230\016\203\200\251UD\347\304\373\034\211\340@\342\033\263\365\356\341\357\350\324\035J\032\177\230\207s!\002\364d\217\366\217|\316F\232\231\241\n\261\333`\312O\367\235\025DD\336e\367\n\312\326\221\037\025\230vG0E\002!\000\253\211\311\255H\341\i\276T\237\246\350w\023\260\016\315\210\324\366\037+2};D\216\256\331:\365\002 \003\3700\244\333\006D\273\353\216\251\370\300\256\010\217!t\366Y\272\356\361\307\370\277\374\003}w\254f""; ","validation: """"\200\000\000\001&\000\000\000))/\351\253/:p\210\265\307-\212\200\004Q\220\303+\207\352g\317N\027>\222M\271m\033\236\021:\272\233r\373\233hC}\256\020\210\010\233\335P\027\000\000\000\000\000\000\000\000\000\000\000\000\000\000\000\000\000\000\000\000\000\000\000\000\000\000\000\000\000\000\000\000P\031v%\001\230\016\203\200\251UD\347\304\373\034\211\340@\342\033\263\365\356\341\357\350\324\035J\032\177\230\207s!\002\364d\217\366\217|\316F\232\231\241\n\261\333`\312O\367\235\025DD\336e\367\n\312\326\221\037\025\230vG0E\002!\000\253\211\311\255H\341\i\276T\237\246\350w\023\260\016\315\210\324\366\037+2};D\216\256\331:\365\002 \003\3700\244\333\006D\273\353\216\251\370\300\256\010\217!t\366Y\272\356\361\307\370\277\374\003}w\254f""; "
1750527663463,1750527663463,0,1,3,2,TMStatusChange,"newEvent: neACCEPTED_LEDGER; ledgerSeq: 41; ledgerHash: ""\220\303+\207\352g\317N\027>\222M\271m\033\236\021:\272\233r\373\233hC}\256\020\210\010\233\335""; ledgerHashPrevious: ""v%\001\230\016\203\200\251UD\347\304\373\034\211\340@\342\033\263\365\356\341\357\350\324\035J\032\177\230\207""; networkTime: 803842863; firstSeq: 1; lastSeq: 40; ","newEvent: neACCEPTED_LEDGER; ledgerSeq: 41; ledgerHash: ""\220\303+\207\352g\317N\027>\222M\271m\033\236\021:\272\233r\373\233hC}\256\020\210\010\233\335""; ledgerHashPrevious: ""v%\001\230\016\203\200\251UD\347\304\373\034\211\340@\342\033\263\365\356\341\357\350\324\035J\032\177\230\207""; networkTime: 803842863; firstSeq: 1; lastSeq: 40; "
1750527663463,1750527663463,0,1,3,4,TMValidation,"validation: """"\200\000\000\001&\000\000\000))/\351\253/:p\210\265\307-\212\200\004Q\220\303+\207\352g\317N\027>\222M\271m\033\236\021:\272\233r\373\233hC}\256\020\210\010\233\335P\027\000\000\000\000\000\000\000\000\000\000\000\000\000\000\000\000\000\000\000\000\000\000\000\000\000\000\000\000\000\000\000\000P\031v%\001\230\016\203\200\251UD\347\304\373\034\211\340@\342\033\263\365\356\341\357\350\324\035J\032\177\230\207s!\002\364d\217\366\217|\316F\232\231\241\n\261\333`\312O\367\235\025DD\336e\367\n\312\326\221\037\025\230vG0E\002!\000\253\211\311\255H\341\i\276T\237\246\350w\023\260\016\315\210\324\366\037+2};D\216\256\331:\365\002 \003\3700\244\333\006D\273\353\216\251\370\300\256\010\217!t\366Y\272\356\361\307\370\277\374\003}w\254f""; ","validation: """"\200\000\000\001&\000\000\000))/\351\253/:p\210\265\307-\212\200\004Q\220\303+\207\352g\317N\027>\222M\271m\033\236\021:\272\233r\373\233hC}\256\020\210\010\233\335P\027\000\000\000\000\000\000\000\000\000\000\000\000\000\000\000\000\000\000\000\000\000\000\000\000\000\000\000\000\000\000\000\000P\031v%\001\230\016\203\200\251UD\347\304\373\034\211\340@\342\033\263\365\356\341\357\350\324\035J\032\177\230\207s!\002\364d\217\366\217|\316F\232\231\241\n\261\333`\312O\367\235\025DD\336e\367\n\312\326\221\037\025\230vG0E\002!\000\253\211\311\255H\341\i\276T\237\246\350w\023\260\016\315\210\324\366\037+2};D\216\256\331:\365\002 \003\3700\244\333\006D\273\353\216\251\370\300\256\010\217!t\366Y\272\356\361\307\370\277\374\003}w\254f""; "
1750527663464,1750527663465,0,1,3,4,TMStatusChange,"newEvent: neACCEPTED_LEDGER; ledgerSeq: 41; ledgerHash: ""\220\303+\207\352g\317N\027>\222M\271m\033\236\021:\272\233r\373\233hC}\256\020\210\010\233\335""; ledgerHashPrevious: ""v%\001\230\016\203\200\251UD\347\304\373\034\211\340@\342\033\263\365\356\341\357\350\324\035J\032\177\230\207""; networkTime: 803842863; firstSeq: 1; lastSeq: 40; ","newEvent: neACCEPTED_LEDGER; ledgerSeq: 41; ledgerHash: ""\220\303+\207\352g\317N\027>\222M\271m\033\236\021:\272\233r\373\233hC}\256\020\210\010\233\335""; ledgerHashPrevious: ""v%\001\230\016\203\200\251UD\347\304\373\034\211\340@\342\033\263\365\356\341\357\350\324\035J\032\177\230\207""; networkTime: 803842863; firstSeq: 1; lastSeq: 40; "
1750527663465,1750527663465,0,1,3,0,TMValidation,"validation: """"\200\000\000\001&\000\000\000))/\351\253/:p\210\265\307-\212\200\004Q\220\303+\207\352g\317N\027>\222M\271m\033\236\021:\272\233r\373\233hC}\256\020\210\010\233\335P\027\000\000\000\000\000\000\000\000\000\000\000\000\000\000\000\000\000\000\000\000\000\000\000\000\000\000\000\000\000\000\000\000P\031v%\001\230\016\203\200\251UD\347\304\373\034\211\340@\342\033\263\365\356\341\357\350\324\035J\032\177\230\207s!\002\364d\217\366\217|\316F\232\231\241\n\261\333`\312O\367\235\025DD\336e\367\n\312\326\221\037\025\230vG0E\002!\000\253\211\311\255H\341\i\276T\237\246\350w\023\260\016\315\210\324\366\037+2};D\216\256\331:\365\002 \003\3700\244\333\006D\273\353\216\251\370\300\256\010\217!t\366Y\272\356\361\307\370\277\374\003}w\254f""; ","validation: """"\200\000\000\001&\000\000\000))/\351\253/:p\210\265\307-\212\200\004Q\220\303+\207\352g\317N\027>\222M\271m\033\236\021:\272\233r\373\233hC}\256\020\210\010\233\335P\027\000\000\000\000\000\000\000\000\000\000\000\000\000\000\000\000\000\000\000\000\000\000\000\000\000\000\000\000\000\000\000\000P\031v%\001\230\016\203\200\251UD\347\304\373\034\211\340@\342\033\263\365\356\341\357\350\324\035J\032\177\230\207s!\002\364d\217\366\217|\316F\232\231\241\n\261\333`\312O\367\235\025DD\336e\367\n\312\326\221\037\025\230vG0E\002!\000\253\211\311\255H\341\i\276T\237\246\350w\023\260\016\315\210\324\366\037+2};D\216\256\331:\365\002 \003\3700\244\333\006D\273\353\216\251\370\300\256\010\217!t\366Y\272\356\361\307\370\277\374\003}w\254f""; "
1750527663467,1750527663467,0,1,3,0,TMStatusChange,"newEvent: neACCEPTED_LEDGER; ledgerSeq: 41; ledgerHash: ""\220\303+\207\352g\317N\027>\222M\271m\033\236\021:\272\233r\373\233hC}\256\020\210\010\233\335""; ledgerHashPrevious: ""v%\001\230\016\203\200\251UD\347\304\373\034\211\340@\342\033\263\365\356\341\357\350\324\035J\032\177\230\207""; networkTime: 803842863; firstSeq: 1; lastSeq: 40; ","newEvent: neACCEPTED_LEDGER; ledgerSeq: 41; ledgerHash: ""\220\303+\207\352g\317N\027>\222M\271m\033\236\021:\272\233r\373\233hC}\256\020\210\010\233\335""; ledgerHashPrevious: ""v%\001\230\016\203\200\251UD\347\304\373\034\211\340@\342\033\263\365\356\341\357\350\324\035J\032\177\230\207""; networkTime: 803842863; firstSeq: 1; lastSeq: 40; "
1750527663467,1750527663467,0,1,3,1,TMValidation,"validation: """"\200\000\000\001&\000\000\000))/\351\253/:p\210\265\307-\212\200\004Q\220\303+\207\352g\317N\027>\222M\271m\033\236\021:\272\233r\373\233hC}\256\020\210\010\233\335P\027\000\000\000\000\000\000\000\000\000\000\000\000\000\000\000\000\000\000\000\000\000\000\000\000\000\000\000\000\000\000\000\000P\031v%\001\230\016\203\200\251UD\347\304\373\034\211\340@\342\033\263\365\356\341\357\350\324\035J\032\177\230\207s!\002\364d\217\366\217|\316F\232\231\241\n\261\333`\312O\367\235\025DD\336e\367\n\312\326\221\037\025\230vG0E\002!\000\253\211\311\255H\341\i\276T\237\246\350w\023\260\016\315\210\324\366\037+2};D\216\256\331:\365\002 \003\3700\244\333\006D\273\353\216\251\370\300\256\010\217!t\366Y\272\356\361\307\370\277\374\003}w\254f""; ","validation: """"\200\000\000\001&\000\000\000))/\351\253/:p\210\265\307-\212\200\004Q\220\303+\207\352g\317N\027>\222M\271m\033\236\021:\272\233r\373\233hC}\256\020\210\010\233\335P\027\000\000\000\000\000\000\000\000\000\000\000\000\000\000\000\000\000\000\000\000\000\000\000\000\000\000\000\000\000\000\000\000P\031v%\001\230\016\203\200\251UD\347\304\373\034\211\340@\342\033\263\365\356\341\357\350\324\035J\032\177\230\207s!\002\364d\217\366\217|\316F\232\231\241\n\261\333`\312O\367\235\025DD\336e\367\n\312\326\221\037\025\230vG0E\002!\000\253\211\311\255H\341\i\276T\237\246\350w\023\260\016\315\210\324\366\037+2};D\216\256\331:\365\002 \003\3700\244\333\006D\273\353\216\251\370\300\256\010\217!t\366Y\272\356\361\307\370\277\374\003}w\254f""; "
1750527663468,1750527663468,0,1,3,1,TMStatusChange,"newEvent: neACCEPTED_LEDGER; ledgerSeq: 41; ledgerHash: ""\220\303+\207\352g\317N\027>\222M\271m\033\236\021:\272\233r\373\233hC}\256\020\210\010\233\335""; ledgerHashPrevious: ""v%\001\230\016\203\200\251UD\347\304\373\034\211\340@\342\033\263\365\356\341\357\350\324\035J\032\177\230\207""; networkTime: 803842863; firstSeq: 1; lastSeq: 40; ","newEvent: neACCEPTED_LEDGER; ledgerSeq: 41; ledgerHash: ""\220\303+\207\352g\317N\027>\222M\271m\033\236\021:\272\233r\373\233hC}\256\020\210\010\233\335""; ledgerHashPrevious: ""v%\001\230\016\203\200\251UD\347\304\373\034\211\340@\342\033\263\365\356\341\357\350\324\035J\032\177\230\207""; networkTime: 803842863; firstSeq: 1; lastSeq: 40; "
1750527663469,1750527663469,0,1,2,4,TMGetLedger,"itype: liBASE; ledgerHash: ""\220\303+\207\352g\317N\027>\222M\271m\033\236\021:\272\233r\373\233hC}\256\020\210\010\233\335""; ledgerSeq: 41; ","itype: liBASE; ledgerHash: ""\220\303+\207\352g\317N\027>\222M\271m\033\236\021:\272\233r\373\233hC}\256\020\210\010\233\335""; ledgerSeq: 41; "
1750527663469,1750527663469,0,1,2,3,TMGetLedger,"itype: liBASE; ledgerHash: ""\220\303+\207\352g\317N\027>\222M\271m\033\236\021:\272\233r\373\233hC}\256\020\210\010\233\335""; ledgerSeq: 41; ","itype: liBASE; ledgerHash: ""\220\303+\207\352g\317N\027>\222M\271m\033\236\021:\272\233r\373\233hC}\256\020\210\010\233\335""; ledgerSeq: 41; "
1750527663470,1750527663470,0,1,2,0,TMGetLedger,"itype: liBASE; ledgerHash: ""\220\303+\207\352g\317N\027>\222M\271m\033\236\021:\272\233r\373\233hC}\256\020\210\010\233\335""; ledgerSeq: 41; ","itype: liBASE; ledgerHash: ""\220\303+\207\352g\317N\027>\222M\271m\033\236\021:\272\233r\373\233hC}\256\020\210\010\233\335""; ledgerSeq: 41; "
1750527663470,1750527663470,0,1,2,1,TMGetLedger,"itype: liBASE; ledgerHash: ""\220\303+\207\352g\317N\027>\222M\271m\033\236\021:\272\233r\373\233hC}\256\020\210\010\233\335""; ledgerSeq: 41; ","itype: liBASE; ledgerHash: ""\220\303+\207\352g\317N\027>\222M\271m\033\236\021:\272\233r\373\233hC}\256\020\210\010\233\335""; ledgerSeq: 41; "
1750527663471,1750527663471,0,1,2,4,TMValidation,"validation: """"\200\000\000\001&\000\000\000))/\351\253/:p\210\265\307-\212\200\004Q\220\303+\207\352g\317N\027>\222M\271m\033\236\021:\272\233r\373\233hC}\256\020\210\010\233\335P\027\000\000\000\000\000\000\000\000\000\000\000\000\000\000\000\000\000\000\000\000\000\000\000\000\000\000\000\000\000\000\000\000P\031v%\001\230\016\203\200\251UD\347\304\373\034\211\340@\342\033\263\365\356\341\357\350\324\035J\032\177\230\207s!\002\364d\217\366\217|\316F\232\231\241\n\261\333`\312O\367\235\025DD\336e\367\n\312\326\221\037\025\230vG0E\002!\000\253\211\311\255H\341\i\276T\237\246\350w\023\260\016\315\210\324\366\037+2};D\216\256\331:\365\002 \003\3700\244\333\006D\273\353\216\251\370\300\256\010\217!t\366Y\272\356\361\307\370\277\374\003}w\254f""; ","validation: """"\200\000\000\001&\000\000\000))/\351\253/:p\210\265\307-\212\200\004Q\220\303+\207\352g\317N\027>\222M\271m\033\236\021:\272\233r\373\233hC}\256\020\210\010\233\335P\027\000\000\000\000\000\000\000\000\000\000\000\000\000\000\000\000\000\000\000\000\000\000\000\000\000\000\000\000\000\000\000\000P\031v%\001\230\016\203\200\251UD\347\304\373\034\211\340@\342\033\263\365\356\341\357\350\324\035J\032\177\230\207s!\002\364d\217\366\217|\316F\232\231\241\n\261\333`\312O\367\235\025DD\336e\367\n\312\326\221\037\025\230vG0E\002!\000\253\211\311\255H\341\i\276T\237\246\350w\023\260\016\315\210\324\366\037+2};D\216\256\331:\365\002 \003\3700\244\333\006D\273\353\216\251\370\300\256\010\217!t\366Y\272\356\361\307\370\277\374\003}w\254f""; "
1750527663472,1750527663472,0,1,2,1,TMValidation,"validation: """"\200\000\000\001&\000\000\000))/\351\253/:p\210\265\307-\212\200\004Q\220\303+\207\352g\317N\027>\222M\271m\033\236\021:\272\233r\373\233hC}\256\020\210\010\233\335P\027\000\000\000\000\000\000\000\000\000\000\000\000\000\000\000\000\000\000\000\000\000\000\000\000\000\000\000\000\000\000\000\000P\031v%\001\230\016\203\200\251UD\347\304\373\034\211\340@\342\033\263\365\356\341\357\350\324\035J\032\177\230\207s!\002\364d\217\366\217|\316F\232\231\241\n\261\333`\312O\367\235\025DD\336e\367\n\312\326\221\037\025\230vG0E\002!\000\253\211\311\255H\341\i\276T\237\246\350w\023\260\016\315\210\324\366\037+2};D\216\256\331:\365\002 \003\3700\244\333\006D\273\353\216\251\370\300\256\010\217!t\366Y\272\356\361\307\370\277\374\003}w\254f""; ","validation: """"\200\000\000\001&\000\000\000))/\351\253/:p\210\265\307-\212\200\004Q\220\303+\207\352g\317N\027>\222M\271m\033\236\021:\272\233r\373\233hC}\256\020\210\010\233\335P\027\000\000\000\000\000\000\000\000\000\000\000\000\000\000\000\000\000\000\000\000\000\000\000\000\000\000\000\000\000\000\000\000P\031v%\001\230\016\203\200\251UD\347\304\373\034\211\340@\342\033\263\365\356\341\357\350\324\035J\032\177\230\207s!\002\364d\217\366\217|\316F\232\231\241\n\261\333`\312O\367\235\025DD\336e\367\n\312\326\221\037\025\230vG0E\002!\000\253\211\311\255H\341\i\276T\237\246\350w\023\260\016\315\210\324\366\037+2};D\216\256\331:\365\002 \003\3700\244\333\006D\273\353\216\251\370\300\256\010\217!t\366Y\272\356\361\307\370\277\374\003}w\254f""; "
1750527663472,1750527663472,0,1,2,0,TMValidation,"validation: """"\200\000\000\001&\000\000\000))/\351\253/:p\210\265\307-\212\200\004Q\220\303+\207\352g\317N\027>\222M\271m\033\236\021:\272\233r\373\233hC}\256\020\210\010\233\335P\027\000\000\000\000\000\000\000\000\000\000\000\000\000\000\000\000\000\000\000\000\000\000\000\000\000\000\000\000\000\000\000\000P\031v%\001\230\016\203\200\251UD\347\304\373\034\211\340@\342\033\263\365\356\341\357\350\324\035J\032\177\230\207s!\002\364d\217\366\217|\316F\232\231\241\n\261\333`\312O\367\235\025DD\336e\367\n\312\326\221\037\025\230vG0E\002!\000\253\211\311\255H\341\i\276T\237\246\350w\023\260\016\315\210\324\366\037+2};D\216\256\331:\365\002 \003\3700\244\333\006D\273\353\216\251\370\300\256\010\217!t\366Y\272\356\361\307\370\277\374\003}w\254f""; ","validation: """"\200\000\000\001&\000\000\000))/\351\253/:p\210\265\307-\212\200\004Q\220\303+\207\352g\317N\027>\222M\271m\033\236\021:\272\233r\373\233hC}\256\020\210\010\233\335P\027\000\000\000\000\000\000\000\000\000\000\000\000\000\000\000\000\000\000\000\000\000\000\000\000\000\000\000\000\000\000\000\000P\031v%\001\230\016\203\200\251UD\347\304\373\034\211\340@\342\033\263\365\356\341\357\350\324\035J\032\177\230\207s!\002\364d\217\366\217|\316F\232\231\241\n\261\333`\312O\367\235\025DD\336e\367\n\312\326\221\037\025\230vG0E\002!\000\253\211\311\255H\341\i\276T\237\246\350w\023\260\016\315\210\324\366\037+2};D\216\256\331:\365\002 \003\3700\244\333\006D\273\353\216\251\370\300\256\010\217!t\366Y\272\356\361\307\370\277\374\003}w\254f""; "
1750527663473,1750527663473,0,1,2,1,TMGetLedger,"itype: liBASE; ledgerHash: ""\220\303+\207\352g\317N\027>\222M\271m\033\236\021:\272\233r\373\233hC}\256\020\210\010\233\335""; ledgerSeq: 41; queryType: qtINDIRECT; ","itype: liBASE; ledgerHash: ""\220\303+\207\352g\317N\027>\222M\271m\033\236\021:\272\233r\373\233hC}\256\020\210\010\233\335""; ledgerSeq: 41; queryType: qtINDIRECT; "
1750527663474,1750527663474,0,1,2,0,TMGetLedger,"itype: liBASE; ledgerHash: ""\220\303+\207\352g\317N\027>\222M\271m\033\236\021:\272\233r\373\233hC}\256\020\210\010\233\335""; ledgerSeq: 41; queryType: qtINDIRECT; ","itype: liBASE; ledgerHash: ""\220\303+\207\352g\317N\027>\222M\271m\033\236\021:\272\233r\373\233hC}\256\020\210\010\233\335""; ledgerSeq: 41; queryType: qtINDIRECT; "
1750527663474,1750527663474,0,1,2,3,TMGetLedger,"itype: liBASE; ledgerHash: ""\220\303+\207\352g\317N\027>\222M\271m\033\236\021:\272\233r\373\233hC}\256\020\210\010\233\335""; ledgerSeq: 41; queryType: qtINDIRECT; ","itype: liBASE; ledgerHash: ""\220\303+\207\352g\317N\027>\222M\271m\033\236\021:\272\233r\373\233hC}\256\020\210\010\233\335""; ledgerSeq: 41; queryType: qtINDIRECT; "
1750527663476,1750527663476,0,1,2,4,TMGetLedger,"itype: liBASE; ledgerHash: ""\220\303+\207\352g\317N\027>\222M\271m\033\236\021:\272\233r\373\233hC}\256\020\210\010\233\335""; ledgerSeq: 41; queryType: qtINDIRECT; ","itype: liBASE; ledgerHash: ""\220\303+\207\352g\317N\027>\222M\271m\033\236\021:\272\233r\373\233hC}\256\020\210\010\233\335""; ledgerSeq: 41; queryType: qtINDIRECT; "
1750527663477,1750527663477,0,1,4,2,TMValidation,"validation: """"\200\000\000\001&\000\000\000))/\351\253/:p\210\265\307-\212\200\004Q\220\303+\207\352g\317N\027>\222M\271m\033\236\021:\272\233r\373\233hC}\256\020\210\010\233\335P\027\000\000\000\000\000\000\000\000\000\000\000\000\000\000\000\000\000\000\000\000\000\000\000\000\000\000\000\000\000\000\000\000P\031v%\001\230\016\203\200\251UD\347\304\373\034\211\340@\342\033\263\365\356\341\357\350\324\035J\032\177\230\207s!\002\364d\217\366\217|\316F\232\231\241\n\261\333`\312O\367\235\025DD\336e\367\n\312\326\221\037\025\230vG0E\002!\000\253\211\311\255H\341\i\276T\237\246\350w\023\260\016\315\210\324\366\037+2};D\216\256\331:\365\002 \003\3700\244\333\006D\273\353\216\251\370\300\256\010\217!t\366Y\272\356\361\307\370\277\374\003}w\254f""; ","validation: """"\200\000\000\001&\000\000\000))/\351\253/:p\210\265\307-\212\200\004Q\220\303+\207\352g\317N\027>\222M\271m\033\236\021:\272\233r\373\233hC}\256\020\210\010\233\335P\027\000\000\000\000\000\000\000\000\000\000\000\000\000\000\000\000\000\000\000\000\000\000\000\000\000\000\000\000\000\000\000\000P\031v%\001\230\016\203\200\251UD\347\304\373\034\211\340@\342\033\263\365\356\341\357\350\324\035J\032\177\230\207s!\002\364d\217\366\217|\316F\232\231\241\n\261\333`\312O\367\235\025DD\336e\367\n\312\326\221\037\025\230vG0E\002!\000\253\211\311\255H\341\i\276T\237\246\350w\023\260\016\315\210\324\366\037+2};D\216\256\331:\365\002 \003\3700\244\333\006D\273\353\216\251\370\300\256\010\217!t\366Y\272\356\361\307\370\277\374\003}w\254f""; "
1750527663478,1750527663478,0,1,4,1,TMValidation,"validation: """"\200\000\000\001&\000\000\000))/\351\253/:p\210\265\307-\212\200\004Q\220\303+\207\352g\317N\027>\222M\271m\033\236\021:\272\233r\373\233hC}\256\020\210\010\233\335P\027\000\000\000\000\000\000\000\000\000\000\000\000\000\000\000\000\000\000\000\000\000\000\000\000\000\000\000\000\000\000\000\000P\031v%\001\230\016\203\200\251UD\347\304\373\034\211\340@\342\033\263\365\356\341\357\350\324\035J\032\177\230\207s!\002\364d\217\366\217|\316F\232\231\241\n\261\333`\312O\367\235\025DD\336e\367\n\312\326\221\037\025\230vG0E\002!\000\253\211\311\255H\341\i\276T\237\246\350w\023\260\016\315\210\324\366\037+2};D\216\256\331:\365\002 \003\3700\244\333\006D\273\353\216\251\370\300\256\010\217!t\366Y\272\356\361\307\370\277\374\003}w\254f""; ","validation: """"\200\000\000\001&\000\000\000))/\351\253/:p\210\265\307-\212\200\004Q\220\303+\207\352g\317N\027>\222M\271m\033\236\021:\272\233r\373\233hC}\256\020\210\010\233\335P\027\000\000\000\000\000\000\000\000\000\000\000\000\000\000\000\000\000\000\000\000\000\000\000\000\000\000\000\000\000\000\000\000P\031v%\001\230\016\203\200\251UD\347\304\373\034\211\340@\342\033\263\365\356\341\357\350\324\035J\032\177\230\207s!\002\364d\217\366\217|\316F\232\231\241\n\261\333`\312O\367\235\025DD\336e\367\n\312\326\221\037\025\230vG0E\002!\000\253\211\311\255H\341\i\276T\237\246\350w\023\260\016\315\210\324\366\037+2};D\216\256\331:\365\002 \003\3700\244\333\006D\273\353\216\251\370\300\256\010\217!t\366Y\272\356\361\307\370\277\374\003}w\254f""; "
1750527663485,1750527663485,0,1,4,0,TMGetLedger,"itype: liBASE; ledgerHash: ""\220\303+\207\352g\317N\027>\222M\271m\033\236\021:\272\233r\373\233hC}\256\020\210\010\233\335""; ","itype: liBASE; ledgerHash: ""\220\303+\207\352g\317N\027>\222M\271m\033\236\021:\272\233r\373\233hC}\256\020\210\010\233\335""; "
1750527663486,1750527663486,0,1,4,0,TMValidation,"validation: """"\200\000\000\001&\000\000\000))/\351\253/:p\210\265\307-\212\200\004Q\220\303+\207\352g\317N\027>\222M\271m\033\236\021:\272\233r\373\233hC}\256\020\210\010\233\335P\027\000\000\000\000\000\000\000\000\000\000\000\000\000\000\000\000\000\000\000\000\000\000\000\000\000\000\000\000\000\000\000\000P\031v%\001\230\016\203\200\251UD\347\304\373\034\211\340@\342\033\263\365\356\341\357\350\324\035J\032\177\230\207s!\002\364d\217\366\217|\316F\232\231\241\n\261\333`\312O\367\235\025DD\336e\367\n\312\326\221\037\025\230vG0E\002!\000\253\211\311\255H\341\i\276T\237\246\350w\023\260\016\315\210\324\366\037+2};D\216\256\331:\365\002 \003\3700\244\333\006D\273\353\216\251\370\300\256\010\217!t\366Y\272\356\361\307\370\277\374\003}w\254f""; ","validation: """"\200\000\000\001&\000\000\000))/\351\253/:p\210\265\307-\212\200\004Q\220\303+\207\352g\317N\027>\222M\271m\033\236\021:\272\233r\373\233hC}\256\020\210\010\233\335P\027\000\000\000\000\000\000\000\000\000\000\000\000\000\000\000\000\000\000\000\000\000\000\000\000\000\000\000\000\000\000\000\000P\031v%\001\230\016\203\200\251UD\347\304\373\034\211\340@\342\033\263\365\356\341\357\350\324\035J\032\177\230\207s!\002\364d\217\366\217|\316F\232\231\241\n\261\333`\312O\367\235\025DD\336e\367\n\312\326\221\037\025\230vG0E\002!\000\253\211\311\255H\341\i\276T\237\246\350w\023\260\016\315\210\324\366\037+2};D\216\256\331:\365\002 \003\3700\244\333\006D\273\353\216\251\370\300\256\010\217!t\366Y\272\356\361\307\370\277\374\003}w\254f""; "
1750527663487,1750527663487,0,1,4,2,TMGetLedger,"itype: liBASE; ledgerHash: ""\220\303+\207\352g\317N\027>\222M\271m\033\236\021:\272\233r\373\233hC}\256\020\210\010\233\335""; ","itype: liBASE; ledgerHash: ""\220\303+\207\352g\317N\027>\222M\271m\033\236\021:\272\233r\373\233hC}\256\020\210\010\233\335""; "
1750527663487,1750527663488,0,1,4,3,TMGetLedger,"itype: liBASE; ledgerHash: ""\220\303+\207\352g\317N\027>\222M\271m\033\236\021:\272\233r\373\233hC}\256\020\210\010\233\335""; ","itype: liBASE; ledgerHash: ""\220\303+\207\352g\317N\027>\222M\271m\033\236\021:\272\233r\373\233hC}\256\020\210\010\233\335""; "
1750527663488,1750527663488,0,1,4,1,TMGetLedger,"itype: liBASE; ledgerHash: ""\220\303+\207\352g\317N\027>\222M\271m\033\236\021:\272\233r\373\233hC}\256\020\210\010\233\335""; ","itype: liBASE; ledgerHash: ""\220\303+\207\352g\317N\027>\222M\271m\033\236\021:\272\233r\373\233hC}\256\020\210\010\233\335""; "
1750527663489,1750527663489,0,1,4,1,TMGetLedger,"itype: liBASE; ledgerHash: ""\220\303+\207\352g\317N\027>\222M\271m\033\236\021:\272\233r\373\233hC}\256\020\210\010\233\335""; queryType: qtINDIRECT; ","itype: liBASE; ledgerHash: ""\220\303+\207\352g\317N\027>\222M\271m\033\236\021:\272\233r\373\233hC}\256\020\210\010\233\335""; queryType: qtINDIRECT; "
1750527663490,1750527663490,0,1,4,0,TMGetLedger,"itype: liBASE; ledgerHash: ""\220\303+\207\352g\317N\027>\222M\271m\033\236\021:\272\233r\373\233hC}\256\020\210\010\233\335""; queryType: qtINDIRECT; ","itype: liBASE; ledgerHash: ""\220\303+\207\352g\317N\027>\222M\271m\033\236\021:\272\233r\373\233hC}\256\020\210\010\233\335""; queryType: qtINDIRECT; "
1750527663490,1750527663491,0,1,4,2,TMGetLedger,"itype: liBASE; ledgerHash: ""\220\303+\207\352g\317N\027>\222M\271m\033\236\021:\272\233r\373\233hC}\256\020\210\010\233\335""; queryType: qtINDIRECT; ","itype: liBASE; ledgerHash: ""\220\303+\207\352g\317N\027>\222M\271m\033\236\021:\272\233r\373\233hC}\256\020\210\010\233\335""; queryType: qtINDIRECT; "
1750527663491,1750527663491,0,1,4,3,TMGetLedger,"itype: liBASE; ledgerHash: ""\220\303+\207\352g\317N\027>\222M\271m\033\236\021:\272\233r\373\233hC}\256\020\210\010\233\335""; queryType: qtINDIRECT; ","itype: liBASE; ledgerHash: ""\220\303+\207\352g\317N\027>\222M\271m\033\236\021:\272\233r\373\233hC}\256\020\210\010\233\335""; queryType: qtINDIRECT; "
1750527663492,1750527663492,0,1,0,3,TMGetLedger,"itype: liBASE; ledgerHash: ""\220\303+\207\352g\317N\027>\222M\271m\033\236\021:\272\233r\373\233hC}\256\020\210\010\233\335""; ledgerSeq: 41; ","itype: liBASE; ledgerHash: ""\220\303+\207\352g\317N\027>\222M\271m\033\236\021:\272\233r\373\233hC}\256\020\210\010\233\335""; ledgerSeq: 41; "
1750527663493,1750527663493,0,1,0,2,TMGetLedger,"itype: liBASE; ledgerHash: ""\220\303+\207\352g\317N\027>\222M\271m\033\236\021:\272\233r\373\233hC}\256\020\210\010\233\335""; ledgerSeq: 41; ","itype: liBASE; ledgerHash: ""\220\303+\207\352g\317N\027>\222M\271m\033\236\021:\272\233r\373\233hC}\256\020\210\010\233\335""; ledgerSeq: 41; "
1750527663494,1750527663494,0,1,0,4,TMGetLedger,"itype: liBASE; ledgerHash: ""\220\303+\207\352g\317N\027>\222M\271m\033\236\021:\272\233r\373\233hC}\256\020\210\010\233\335""; ledgerSeq: 41; ","itype: liBASE; ledgerHash: ""\220\303+\207\352g\317N\027>\222M\271m\033\236\021:\272\233r\373\233hC}\256\020\210\010\233\335""; ledgerSeq: 41; "
1750527663494,1750527663494,0,1,0,1,TMGetLedger,"itype: liBASE; ledgerHash: ""\220\303+\207\352g\317N\027>\222M\271m\033\236\021:\272\233r\373\233hC}\256\020\210\010\233\335""; ledgerSeq: 41; ","itype: liBASE; ledgerHash: ""\220\303+\207\352g\317N\027>\222M\271m\033\236\021:\272\233r\373\233hC}\256\020\210\010\233\335""; ledgerSeq: 41; "
1750527663495,1750527663495,0,1,0,4,TMValidation,"validation: """"\200\000\000\001&\000\000\000))/\351\253/:p\210\265\307-\212\200\004Q\220\303+\207\352g\317N\027>\222M\271m\033\236\021:\272\233r\373\233hC}\256\020\210\010\233\335P\027\000\000\000\000\000\000\000\000\000\000\000\000\000\000\000\000\000\000\000\000\000\000\000\000\000\000\000\000\000\000\000\000P\031v%\001\230\016\203\200\251UD\347\304\373\034\211\340@\342\033\263\365\356\341\357\350\324\035J\032\177\230\207s!\002\364d\217\366\217|\316F\232\231\241\n\261\333`\312O\367\235\025DD\336e\367\n\312\326\221\037\025\230vG0E\002!\000\253\211\311\255H\341\i\276T\237\246\350w\023\260\016\315\210\324\366\037+2};D\216\256\331:\365\002 \003\3700\244\333\006D\273\353\216\251\370\300\256\010\217!t\366Y\272\356\361\307\370\277\374\003}w\254f""; ","validation: """"\200\000\000\001&\000\000\000))/\351\253/:p\210\265\307-\212\200\004Q\220\303+\207\352g\317N\027>\222M\271m\033\236\021:\272\233r\373\233hC}\256\020\210\010\233\335P\027\000\000\000\000\000\000\000\000\000\000\000\000\000\000\000\000\000\000\000\000\000\000\000\000\000\000\000\000\000\000\000\000P\031v%\001\230\016\203\200\251UD\347\304\373\034\211\340@\342\033\263\365\356\341\357\350\324\035J\032\177\230\207s!\002\364d\217\366\217|\316F\232\231\241\n\261\333`\312O\367\235\025DD\336e\367\n\312\326\221\037\025\230vG0E\002!\000\253\211\311\255H\341\i\276T\237\246\350w\023\260\016\315\210\324\366\037+2};D\216\256\331:\365\002 \003\3700\244\333\006D\273\353\216\251\370\300\256\010\217!t\366Y\272\356\361\307\370\277\374\003}w\254f""; "
1750527663495,1750527663495,0,1,0,2,TMGetLedger,"itype: liBASE; ledgerHash: ""\220\303+\207\352g\317N\027>\222M\271m\033\236\021:\272\233r\373\233hC}\256\020\210\010\233\335""; ledgerSeq: 41; queryType: qtINDIRECT; ","itype: liBASE; ledgerHash: ""\220\303+\207\352g\317N\027>\222M\271m\033\236\021:\272\233r\373\233hC}\256\020\210\010\233\335""; ledgerSeq: 41; queryType: qtINDIRECT; "
1750527663496,1750527663496,0,1,0,4,TMGetLedger,"itype: liBASE; ledgerHash: ""\220\303+\207\352g\317N\027>\222M\271m\033\236\021:\272\233r\373\233hC}\256\020\210\010\233\335""; ledgerSeq: 41; queryType: qtINDIRECT; ","itype: liBASE; ledgerHash: ""\220\303+\207\352g\317N\027>\222M\271m\033\236\021:\272\233r\373\233hC}\256\020\210\010\233\335""; ledgerSeq: 41; queryType: qtINDIRECT; "
1750527663497,1750527663497,0,1,0,2,TMValidation,"validation: """"\200\000\000\001&\000\000\000))/\351\253/:p\210\265\307-\212\200\004Q\220\303+\207\352g\317N\027>\222M\271m\033\236\021:\272\233r\373\233hC}\256\020\210\010\233\335P\027\000\000\000\000\000\000\000\000\000\000\000\000\000\000\000\000\000\000\000\000\000\000\000\000\000\000\000\000\000\000\000\000P\031v%\001\230\016\203\200\251UD\347\304\373\034\211\340@\342\033\263\365\356\341\357\350\324\035J\032\177\230\207s!\002\364d\217\366\217|\316F\232\231\241\n\261\333`\312O\367\235\025DD\336e\367\n\312\326\221\037\025\230vG0E\002!\000\253\211\311\255H\341\i\276T\237\246\350w\023\260\016\315\210\324\366\037+2};D\216\256\331:\365\002 \003\3700\244\333\006D\273\353\216\251\370\300\256\010\217!t\366Y\272\356\361\307\370\277\374\003}w\254f""; ","validation: """"\200\000\000\001&\000\000\000))/\351\253/:p\210\265\307-\212\200\004Q\220\303+\207\352g\317N\027>\222M\271m\033\236\021:\272\233r\373\233hC}\256\020\210\010\233\335P\027\000\000\000\000\000\000\000\000\000\000\000\000\000\000\000\000\000\000\000\000\000\000\000\000\000\000\000\000\000\000\000\000P\031v%\001\230\016\203\200\251UD\347\304\373\034\211\340@\342\033\263\365\356\341\357\350\324\035J\032\177\230\207s!\002\364d\217\366\217|\316F\232\231\241\n\261\333`\312O\367\235\025DD\336e\367\n\312\326\221\037\025\230vG0E\002!\000\253\211\311\255H\341\i\276T\237\246\350w\023\260\016\315\210\324\366\037+2};D\216\256\331:\365\002 \003\3700\244\333\006D\273\353\216\251\370\300\256\010\217!t\366Y\272\356\361\307\370\277\374\003}w\254f""; "
1750527663497,1750527663497,0,1,0,1,TMGetLedger,"itype: liBASE; ledgerHash: ""\220\303+\207\352g\317N\027>\222M\271m\033\236\021:\272\233r\373\233hC}\256\020\210\010\233\335""; ledgerSeq: 41; queryType: qtINDIRECT; ","itype: liBASE; ledgerHash: ""\220\303+\207\352g\317N\027>\222M\271m\033\236\021:\272\233r\373\233hC}\256\020\210\010\233\335""; ledgerSeq: 41; queryType: qtINDIRECT; "
1750527663498,1750527663498,0,1,0,1,TMValidation,"validation: """"\200\000\000\001&\000\000\000))/\351\253/:p\210\265\307-\212\200\004Q\220\303+\207\352g\317N\027>\222M\271m\033\236\021:\272\233r\373\233hC}\256\020\210\010\233\335P\027\000\000\000\000\000\000\000\000\000\000\000\000\000\000\000\000\000\000\000\000\000\000\000\000\000\000\000\000\000\000\000\000P\031v%\001\230\016\203\200\251UD\347\304\373\034\211\340@\342\033\263\365\356\341\357\350\324\035J\032\177\230\207s!\002\364d\217\366\217|\316F\232\231\241\n\261\333`\312O\367\235\025DD\336e\367\n\312\326\221\037\025\230vG0E\002!\000\253\211\311\255H\341\i\276T\237\246\350w\023\260\016\315\210\324\366\037+2};D\216\256\331:\365\002 \003\3700\244\333\006D\273\353\216\251\370\300\256\010\217!t\366Y\272\356\361\307\370\277\374\003}w\254f""; ","validation: """"\200\000\000\001&\000\000\000))/\351\253/:p\210\265\307-\212\200\004Q\220\303+\207\352g\317N\027>\222M\271m\033\236\021:\272\233r\373\233hC}\256\020\210\010\233\335P\027\000\000\000\000\000\000\000\000\000\000\000\000\000\000\000\000\000\000\000\000\000\000\000\000\000\000\000\000\000\000\000\000P\031v%\001\230\016\203\200\251UD\347\304\373\034\211\340@\342\033\263\365\356\341\357\350\324\035J\032\177\230\207s!\002\364d\217\366\217|\316F\232\231\241\n\261\333`\312O\367\235\025DD\336e\367\n\312\326\221\037\025\230vG0E\002!\000\253\211\311\255H\341\i\276T\237\246\350w\023\260\016\315\210\324\366\037+2};D\216\256\331:\365\002 \003\3700\244\333\006D\273\353\216\251\370\300\256\010\217!t\366Y\272\356\361\307\370\277\374\003}w\254f""; "
1750527663499,1750527663499,0,1,0,3,TMGetLedger,"itype: liBASE; ledgerHash: ""\220\303+\207\352g\317N\027>\222M\271m\033\236\021:\272\233r\373\233hC}\256\020\210\010\233\335""; ledgerSeq: 41; queryType: qtINDIRECT; ","itype: liBASE; ledgerHash: ""\220\303+\207\352g\317N\027>\222M\271m\033\236\021:\272\233r\373\233hC}\256\020\210\010\233\335""; ledgerSeq: 41; queryType: qtINDIRECT; "
1750527663499,1750527663499,0,1,1,3,TMGetLedger,"itype: liBASE; ledgerHash: ""\220\303+\207\352g\317N\027>\222M\271m\033\236\021:\272\233r\373\233hC}\256\020\210\010\233\335""; ledgerSeq: 41; ","itype: liBASE; ledgerHash: ""\220\303+\207\352g\317N\027>\222M\271m\033\236\021:\272\233r\373\233hC}\256\020\210\010\233\335""; ledgerSeq: 41; "
1750527663500,1750527663500,0,1,1,0,TMGetLedger,"itype: liBASE; ledgerHash: ""\220\303+\207\352g\317N\027>\222M\271m\033\236\021:\272\233r\373\233hC}\256\020\210\010\233\335""; ledgerSeq: 41; ","itype: liBASE; ledgerHash: ""\220\303+\207\352g\317N\027>\222M\271m\033\236\021:\272\233r\373\233hC}\256\020\210\010\233\335""; ledgerSeq: 41; "
1750527663501,1750527663501,0,1,1,4,TMGetLedger,"itype: liBASE; ledgerHash: ""\220\303+\207\352g\317N\027>\222M\271m\033\236\021:\272\233r\373\233hC}\256\020\210\010\233\335""; ledgerSeq: 41; ","itype: liBASE; ledgerHash: ""\220\303+\207\352g\317N\027>\222M\271m\033\236\021:\272\233r\373\233hC}\256\020\210\010\233\335""; ledgerSeq: 41; "
1750527663501,1750527663501,0,1,1,2,TMGetLedger,"itype: liBASE; ledgerHash: ""\220\303+\207\352g\317N\027>\222M\271m\033\236\021:\272\233r\373\233hC}\256\020\210\010\233\335""; ledgerSeq: 41; ","itype: liBASE; ledgerHash: ""\220\303+\207\352g\317N\027>\222M\271m\033\236\021:\272\233r\373\233hC}\256\020\210\010\233\335""; ledgerSeq: 41; "
1750527663502,1750527663502,0,1,1,4,TMValidation,"validation: """"\200\000\000\001&\000\000\000))/\351\253/:p\210\265\307-\212\200\004Q\220\303+\207\352g\317N\027>\222M\271m\033\236\021:\272\233r\373\233hC}\256\020\210\010\233\335P\027\000\000\000\000\000\000\000\000\000\000\000\000\000\000\000\000\000\000\000\000\000\000\000\000\000\000\000\000\000\000\000\000P\031v%\001\230\016\203\200\251UD\347\304\373\034\211\340@\342\033\263\365\356\341\357\350\324\035J\032\177\230\207s!\002\364d\217\366\217|\316F\232\231\241\n\261\333`\312O\367\235\025DD\336e\367\n\312\326\221\037\025\230vG0E\002!\000\253\211\311\255H\341\i\276T\237\246\350w\023\260\016\315\210\324\366\037+2};D\216\256\331:\365\002 \003\3700\244\333\006D\273\353\216\251\370\300\256\010\217!t\366Y\272\356\361\307\370\277\374\003}w\254f""; ","validation: """"\200\000\000\001&\000\000\000))/\351\253/:p\210\265\307-\212\200\004Q\220\303+\207\352g\317N\027>\222M\271m\033\236\021:\272\233r\373\233hC}\256\020\210\010\233\335P\027\000\000\000\000\000\000\000\000\000\000\000\000\000\000\000\000\000\000\000\000\000\000\000\000\000\000\000\000\000\000\000\000P\031v%\001\230\016\203\200\251UD\347\304\373\034\211\340@\342\033\263\365\356\341\357\350\324\035J\032\177\230\207s!\002\364d\217\366\217|\316F\232\231\241\n\261\333`\312O\367\235\025DD\336e\367\n\312\326\221\037\025\230vG0E\002!\000\253\211\311\255H\341\i\276T\237\246\350w\023\260\016\315\210\324\366\037+2};D\216\256\331:\365\002 \003\3700\244\333\006D\273\353\216\251\370\300\256\010\217!t\366Y\272\356\361\307\370\277\374\003}w\254f""; "
1750527663503,1750527663503,0,1,1,2,TMValidation,"validation: """"\200\000\000\001&\000\000\000))/\351\253/:p\210\265\307-\212\200\004Q\220\303+\207\352g\317N\027>\222M\271m\033\236\021:\272\233r\373\233hC}\256\020\210\010\233\335P\027\000\000\000\000\000\000\000\000\000\000\000\000\000\000\000\000\000\000\000\000\000\000\000\000\000\000\000\000\000\000\000\000P\031v%\001\230\016\203\200\251UD\347\304\373\034\211\340@\342\033\263\365\356\341\357\350\324\035J\032\177\230\207s!\002\364d\217\366\217|\316F\232\231\241\n\261\333`\312O\367\235\025DD\336e\367\n\312\326\221\037\025\230vG0E\002!\000\253\211\311\255H\341\i\276T\237\246\350w\023\260\016\315\210\324\366\037+2};D\216\256\331:\365\002 \003\3700\244\333\006D\273\353\216\251\370\300\256\010\217!t\366Y\272\356\361\307\370\277\374\003}w\254f""; ","validation: """"\200\000\000\001&\000\000\000))/\351\253/:p\210\265\307-\212\200\004Q\220\303+\207\352g\317N\027>\222M\271m\033\236\021:\272\233r\373\233hC}\256\020\210\010\233\335P\027\000\000\000\000\000\000\000\000\000\000\000\000\000\000\000\000\000\000\000\000\000\000\000\000\000\000\000\000\000\000\000\000P\031v%\001\230\016\203\200\251UD\347\304\373\034\211\340@\342\033\263\365\356\341\357\350\324\035J\032\177\230\207s!\002\364d\217\366\217|\316F\232\231\241\n\261\333`\312O\367\235\025DD\336e\367\n\312\326\221\037\025\230vG0E\002!\000\253\211\311\255H\341\i\276T\237\246\350w\023\260\016\315\210\324\366\037+2};D\216\256\331:\365\002 \003\3700\244\333\006D\273\353\216\251\370\300\256\010\217!t\366Y\272\356\361\307\370\277\374\003}w\254f""; "
1750527663504,1750527663504,0,1,1,3,TMGetLedger,"itype: liBASE; ledgerHash: ""\220\303+\207\352g\317N\027>\222M\271m\033\236\021:\272\233r\373\233hC}\256\020\210\010\233\335""; ledgerSeq: 41; queryType: qtINDIRECT; ","itype: liBASE; ledgerHash: ""\220\303+\207\352g\317N\027>\222M\271m\033\236\021:\272\233r\373\233hC}\256\020\210\010\233\335""; ledgerSeq: 41; queryType: qtINDIRECT; "
1750527663504,1750527663505,0,1,1,0,TMValidation,"validation: """"\200\000\000\001&\000\000\000))/\351\253/:p\210\265\307-\212\200\004Q\220\303+\207\352g\317N\027>\222M\271m\033\236\021:\272\233r\373\233hC}\256\020\210\010\233\335P\027\000\000\000\000\000\000\000\000\000\000\000\000\000\000\000\000\000\000\000\000\000\000\000\000\000\000\000\000\000\000\000\000P\031v%\001\230\016\203\200\251UD\347\304\373\034\211\340@\342\033\263\365\356\341\357\350\324\035J\032\177\230\207s!\002\364d\217\366\217|\316F\232\231\241\n\261\333`\312O\367\235\025DD\336e\367\n\312\326\221\037\025\230vG0E\002!\000\253\211\311\255H\341\i\276T\237\246\350w\023\260\016\315\210\324\366\037+2};D\216\256\331:\365\002 \003\3700\244\333\006D\273\353\216\251\370\300\256\010\217!t\366Y\272\356\361\307\370\277\374\003}w\254f""; ","validation: """"\200\000\000\001&\000\000\000))/\351\253/:p\210\265\307-\212\200\004Q\220\303+\207\352g\317N\027>\222M\271m\033\236\021:\272\233r\373\233hC}\256\020\210\010\233\335P\027\000\000\000\000\000\000\000\000\000\000\000\000\000\000\000\000\000\000\000\000\000\000\000\000\000\000\000\000\000\000\000\000P\031v%\001\230\016\203\200\251UD\347\304\373\034\211\340@\342\033\263\365\356\341\357\350\324\035J\032\177\230\207s!\002\364d\217\366\217|\316F\232\231\241\n\261\333`\312O\367\235\025DD\336e\367\n\312\326\221\037\025\230vG0E\002!\000\253\211\311\255H\341\i\276T\237\246\350w\023\260\016\315\210\324\366\037+2};D\216\256\331:\365\002 \003\3700\244\333\006D\273\353\216\251\370\300\256\010\217!t\366Y\272\356\361\307\370\277\374\003}w\254f""; "
1750527663505,1750527663506,0,1,1,2,TMGetLedger,"itype: liBASE; ledgerHash: ""\220\303+\207\352g\317N\027>\222M\271m\033\236\021:\272\233r\373\233hC}\256\020\210\010\233\335""; ledgerSeq: 41; queryType: qtINDIRECT; ","itype: liBASE; ledgerHash: ""\220\303+\207\352g\317N\027>\222M\271m\033\236\021:\272\233r\373\233hC}\256\020\210\010\233\335""; ledgerSeq: 41; queryType: qtINDIRECT; "
1750527663506,1750527663506,0,1,1,4,TMGetLedger,"itype: liBASE; ledgerHash: ""\220\303+\207\352g\317N\027>\222M\271m\033\236\021:\272\233r\373\233hC}\256\020\210\010\233\335""; ledgerSeq: 41; queryType: qtINDIRECT; ","itype: liBASE; ledgerHash: ""\220\303+\207\352g\317N\027>\222M\271m\033\236\021:\272\233r\373\233hC}\256\020\210\010\233\335""; ledgerSeq: 41; queryType: qtINDIRECT; "
1750527663506,1750527663507,0,1,1,0,TMGetLedger,"itype: liBASE; ledgerHash: ""\220\303+\207\352g\317N\027>\222M\271m\033\236\021:\272\233r\373\233hC}\256\020\210\010\233\335""; ledgerSeq: 41; queryType: qtINDIRECT; ","itype: liBASE; ledgerHash: ""\220\303+\207\352g\317N\027>\222M\271m\033\236\021:\272\233r\373\233hC}\256\020\210\010\233\335""; ledgerSeq: 41; queryType: qtINDIRECT; "
1750527663507,1750527663507,0,1,3,2,TMLedgerData,"ledgerHash: ""\220\303+\207\352g\317N\027>\222M\271m\033\236\021:\272\233r\373\233hC}\256\020\210\010\233\335""; ledgerSeq: 41; type: liBASE; nodes {;   nodedata: ""\000\000\000)\001cEx]\211\377\330v%\001\230\016\203\200\251UD\347\304\373\034\211\340@\342\033\263\365\356\341\357\350\324\035J\032\177\230\207\000\000\000\000\000\000\000\000\000\000\000\000\000\000\000\000\000\000\000\000\000\000\000\000\000\000\000\000\000\000\000\000\271\010\314\001\274\334\021\336i\227\025\331-X\253\246\331;k\314\030\213\311q\232N\354\226X\357f\203/\351\253-/\351\253.\n\000""; }; nodes {;   nodedata: ""\323C\344\327\264{\312-\017:\006{\177\344N\002\326bO\260\220\006\033\362\345\005U\221DzJ0\001\301\025%1L\307\t\261\262z\374\222T\301\274V\236\223\262\270Ct\362\337b\356\024*\324\320\351\317\002k\336\234\027v\351\217\260\303\360\233ZPZWr\246$w\313\313\r\243r\232\2234\373\3539:N\004Q\245\272D\312D\300\300\t\323\0257\345e\271\na\215{\226\255x%T\257\037\333\004\344_/R\006E\344\037@\210\363\010\336T\226\247'\204_{\261\370""1\235\2445\343\033Y!\212\201\341\272\225'\007\257\203\334m\353e\3177\002\247\312\342M\303\001\000\033\311\322Z\374\327\272z\004@\325\204j\305\205*\013\003""; }; ","ledgerHash: ""\220\303+\207\352g\317N\027>\222M\271m\033\236\021:\272\233r\373\233hC}\256\020\210\010\233\335""; ledgerSeq: 41; type: liBASE; nodes {;   nodedata: ""\000\000\000)\001cEx]\211\377\330v%\001\230\016\203\200\251UD\347\304\373\034\211\340@\342\033\263\365\356\341\357\350\324\035J\032\177\230\207\000\000\000\000\000\000\000\000\000\000\000\000\000\000\000\000\000\000\000\000\000\000\000\000\000\000\000\000\000\000\000\000\271\010\314\001\274\334\021\336i\227\025\331-X\253\246\331;k\314\030\213\311q\232N\354\226X\357f\203/\351\253-/\351\253.\n\000""; }; nodes {;   nodedata: ""\323C\344\327\264{\312-\017:\006{\177\344N\002\326bO\260\220\006\033\362\345\005U\221DzJ0\001\301\025%1L\307\t\261\262z\374\222T\301\274V\236\223\262\270Ct\362\337b\356\024*\324\320\351\317\002k\336\234\027v\351\217\260\303\360\233ZPZWr\246$w\313\313\r\243r\232\2234\373\3539:N\004Q\245\272D\312D\300\300\t\323\0257\345e\271\na\215{\226\255x%T\257\037\333\004\344_/R\006E\344\037@\210\363\010\336T\226\247'\204_{\261\370""1\235\2445\343\033Y!\212\201\341\272\225'\007\257\203\334m\353e\3177\002\247\312\342M\303\001\000\033\311\322Z\374\327\272z\004@\325\204j\305\205*\013\003""; }; "
1750527663508,1750527663508,0,1,1,3,TMGetLedger,"itype: liBASE; ledgerHash: ""\220\303+\207\352g\317N\027>\222M\271m\033\236\021:\272\233r\373\233hC}\256\020\210\010\233\335""; ledgerSeq: 41; requestCookie: 3; queryType: qtINDIRECT; ","itype: liBASE; ledgerHash: ""\220\303+\207\352g\317N\027>\222M\271m\033\236\021:\272\233r\373\233hC}\256\020\210\010\233\335""; ledgerSeq: 41; requestCookie: 3; queryType: qtINDIRECT; "
1750527663509,1750527663509,0,1,3,2,TMLedgerData,"ledgerHash: ""\220\303+\207\352g\317N\027>\222M\271m\033\236\021:\272\233r\373\233hC}\256\020\210\010\233\335""; ledgerSeq: 41; type: liBASE; nodes {;   nodedata: ""\000\000\000)\001cEx]\211\377\330v%\001\230\016\203\200\251UD\347\304\373\034\211\340@\342\033\263\365\356\341\357\350\324\035J\032\177\230\207\000\000\000\000\000\000\000\000\000\000\000\000\000\000\000\000\000\000\000\000\000\000\000\000\000\000\000\000\000\000\000\000\271\010\314\001\274\334\021\336i\227\025\331-X\253\246\331;k\314\030\213\311q\232N\354\226X\357f\203/\351\253-/\351\253.\n\000""; }; nodes {;   nodedata: ""\323C\344\327\264{\312-\017:\006{\177\344N\002\326bO\260\220\006\033\362\345\005U\221DzJ0\001\301\025%1L\307\t\261\262z\374\222T\301\274V\236\223\262\270Ct\362\337b\356\024*\324\320\351\317\002k\336\234\027v\351\217\260\303\360\233ZPZWr\246$w\313\313\r\243r\232\2234\373\3539:N\004Q\245\272D\312D\300\300\t\323\0257\345e\271\na\215{\226\255x%T\257\037\333\004\344_/R\006E\344\037@\210\363\010\336T\226\247'\204_{\261\370""1\235\2445\343\033Y!\212\201\341\272\225'\007\257\203\334m\353e\3177\002\247\312\342M\303\001\000\033\311\322Z\374\327\272z\004@\325\204j\305\205*\013\003""; }; ","ledgerHash: ""\220\303+\207\352g\317N\027>\222M\271m\033\236\021:\272\233r\373\233hC}\256\020\210\010\233\335""; ledgerSeq: 41; type: liBASE; nodes {;   nodedata: ""\000\000\000)\001cEx]\211\377\330v%\001\230\016\203\200\251UD\347\304\373\034\211\340@\342\033\263\365\356\341\357\350\324\035J\032\177\230\207\000\000\000\000\000\000\000\000\000\000\000\000\000\000\000\000\000\000\000\000\000\000\000\000\000\000\000\000\000\000\000\000\271\010\314\001\274\334\021\336i\227\025\331-X\253\246\331;k\314\030\213\311q\232N\354\226X\357f\203/\351\253-/\351\253.\n\000""; }; nodes {;   nodedata: ""\323C\344\327\264{\312-\017:\006{\177\344N\002\326bO\260\220\006\033\362\345\005U\221DzJ0\001\301\025%1L\307\t\261\262z\374\222T\301\274V\236\223\262\270Ct\362\337b\356\024*\324\320\351\317\002k\336\234\027v\351\217\260\303\360\233ZPZWr\246$w\313\313\r\243r\232\2234\373\3539:N\004Q\245\272D\312D\300\300\t\323\0257\345e\271\na\215{\226\255x%T\257\037\333\004\344_/R\006E\344\037@\210\363\010\336T\226\247'\204_{\261\370""1\235\2445\343\033Y!\212\201\341\272\225'\007\257\203\334m\353e\3177\002\247\312\342M\303\001\000\033\311\322Z\374\327\272z\004@\325\204j\305\205*\013\003""; }; "
1750527663509,1750527663509,0,1,0,3,TMGetLedger,"itype: liBASE; ledgerHash: ""\220\303+\207\352g\317N\027>\222M\271m\033\236\021:\272\233r\373\233hC}\256\020\210\010\233\335""; ledgerSeq: 41; requestCookie: 3; queryType: qtINDIRECT; ","itype: liBASE; ledgerHash: ""\220\303+\207\352g\317N\027>\222M\271m\033\236\021:\272\233r\373\233hC}\256\020\210\010\233\335""; ledgerSeq: 41; requestCookie: 3; queryType: qtINDIRECT; "
1750527663510,1750527663510,0,1,4,3,TMGetLedger,"itype: liBASE; ledgerHash: ""\220\303+\207\352g\317N\027>\222M\271m\033\236\021:\272\233r\373\233hC}\256\020\210\010\233\335""; ledgerSeq: 41; requestCookie: 3; queryType: qtINDIRECT; ","itype: liBASE; ledgerHash: ""\220\303+\207\352g\317N\027>\222M\271m\033\236\021:\272\233r\373\233hC}\256\020\210\010\233\335""; ledgerSeq: 41; requestCookie: 3; queryType: qtINDIRECT; "
1750527663510,1750527663511,0,1,3,4,TMLedgerData,"ledgerHash: ""\220\303+\207\352g\317N\027>\222M\271m\033\236\021:\272\233r\373\233hC}\256\020\210\010\233\335""; ledgerSeq: 41; type: liBASE; nodes {;   nodedata: ""\000\000\000)\001cEx]\211\377\330v%\001\230\016\203\200\251UD\347\304\373\034\211\340@\342\033\263\365\356\341\357\350\324\035J\032\177\230\207\000\000\000\000\000\000\000\000\000\000\000\000\000\000\000\000\000\000\000\000\000\000\000\000\000\000\000\000\000\000\000\000\271\010\314\001\274\334\021\336i\227\025\331-X\253\246\331;k\314\030\213\311q\232N\354\226X\357f\203/\351\253-/\351\253.\n\000""; }; nodes {;   nodedata: ""\323C\344\327\264{\312-\017:\006{\177\344N\002\326bO\260\220\006\033\362\345\005U\221DzJ0\001\301\025%1L\307\t\261\262z\374\222T\301\274V\236\223\262\270Ct\362\337b\356\024*\324\320\351\317\002k\336\234\027v\351\217\260\303\360\233ZPZWr\246$w\313\313\r\243r\232\2234\373\3539:N\004Q\245\272D\312D\300\300\t\323\0257\345e\271\na\215{\226\255x%T\257\037\333\004\344_/R\006E\344\037@\210\363\010\336T\226\247'\204_{\261\370""1\235\2445\343\033Y!\212\201\341\272\225'\007\257\203\334m\353e\3177\002\247\312\342M\303\001\000\033\311\322Z\374\327\272z\004@\325\204j\305\205*\013\003""; }; ","ledgerHash: ""\220\303+\207\352g\317N\027>\222M\271m\033\236\021:\272\233r\373\233hC}\256\020\210\010\233\335""; ledgerSeq: 41; type: liBASE; nodes {;   nodedata: ""\000\000\000)\001cEx]\211\377\330v%\001\230\016\203\200\251UD\347\304\373\034\211\340@\342\033\263\365\356\341\357\350\324\035J\032\177\230\207\000\000\000\000\000\000\000\000\000\000\000\000\000\000\000\000\000\000\000\000\000\000\000\000\000\000\000\000\000\000\000\000\271\010\314\001\274\334\021\336i\227\025\331-X\253\246\331;k\314\030\213\311q\232N\354\226X\357f\203/\351\253-/\351\253.\n\000""; }; nodes {;   nodedata: ""\323C\344\327\264{\312-\017:\006{\177\344N\002\326bO\260\220\006\033\362\345\005U\221DzJ0\001\301\025%1L\307\t\261\262z\374\222T\301\274V\236\223\262\270Ct\362\337b\356\024*\324\320\351\317\002k\336\234\027v\351\217\260\303\360\233ZPZWr\246$w\313\313\r\243r\232\2234\373\3539:N\004Q\245\272D\312D\300\300\t\323\0257\345e\271\na\215{\226\255x%T\257\037\333\004\344_/R\006E\344\037@\210\363\010\336T\226\247'\204_{\261\370""1\235\2445\343\033Y!\212\201\341\272\225'\007\257\203\334m\353e\3177\002\247\312\342M\303\001\000\033\311\322Z\374\327\272z\004@\325\204j\305\205*\013\003""; }; "
1750527663511,1750527663511,0,1,2,3,TMGetLedger,"itype: liBASE; ledgerHash: ""\220\303+\207\352g\317N\027>\222M\271m\033\236\021:\272\233r\373\233hC}\256\020\210\010\233\335""; requestCookie: 5; queryType: qtINDIRECT; ","itype: liBASE; ledgerHash: ""\220\303+\207\352g\317N\027>\222M\271m\033\236\021:\272\233r\373\233hC}\256\020\210\010\233\335""; requestCookie: 5; queryType: qtINDIRECT; "
1750527663512,1750527663512,0,1,3,4,TMLedgerData,"ledgerHash: ""\220\303+\207\352g\317N\027>\222M\271m\033\236\021:\272\233r\373\233hC}\256\020\210\010\233\335""; ledgerSeq: 41; type: liBASE; nodes {;   nodedata: ""\000\000\000)\001cEx]\211\377\330v%\001\230\016\203\200\251UD\347\304\373\034\211\340@\342\033\263\365\356\341\357\350\324\035J\032\177\230\207\000\000\000\000\000\000\000\000\000\000\000\000\000\000\000\000\000\000\000\000\000\000\000\000\000\000\000\000\000\000\000\000\271\010\314\001\274\334\021\336i\227\025\331-X\253\246\331;k\314\030\213\311q\232N\354\226X\357f\203/\351\253-/\351\253.\n\000""; }; nodes {;   nodedata: ""\323C\344\327\264{\312-\017:\006{\177\344N\002\326bO\260\220\006\033\362\345\005U\221DzJ0\001\301\025%1L\307\t\261\262z\374\222T\301\274V\236\223\262\270Ct\362\337b\356\024*\324\320\351\317\002k\336\234\027v\351\217\260\303\360\233ZPZWr\246$w\313\313\r\243r\232\2234\373\3539:N\004Q\245\272D\312D\300\300\t\323\0257\345e\271\na\215{\226\255x%T\257\037\333\004\344_/R\006E\344\037@\210\363\010\336T\226\247'\204_{\261\370""1\235\2445\343\033Y!\212\201\341\272\225'\007\257\203\334m\353e\3177\002\247\312\342M\303\001\000\033\311\322Z\374\327\272z\004@\325\204j\305\205*\013\003""; }; ","ledgerHash: ""\220\303+\207\352g\317N\027>\222M\271m\033\236\021:\272\233r\373\233hC}\256\020\210\010\233\335""; ledgerSeq: 41; type: liBASE; nodes {;   nodedata: ""\000\000\000)\001cEx]\211\377\330v%\001\230\016\203\200\251UD\347\304\373\034\211\340@\342\033\263\365\356\341\357\350\324\035J\032\177\230\207\000\000\000\000\000\000\000\000\000\000\000\000\000\000\000\000\000\000\000\000\000\000\000\000\000\000\000\000\000\000\000\000\271\010\314\001\274\334\021\336i\227\025\331-X\253\246\331;k\314\030\213\311q\232N\354\226X\357f\203/\351\253-/\351\253.\n\000""; }; nodes {;   nodedata: ""\323C\344\327\264{\312-\017:\006{\177\344N\002\326bO\260\220\006\033\362\345\005U\221DzJ0\001\301\025%1L\307\t\261\262z\374\222T\301\274V\236\223\262\270Ct\362\337b\356\024*\324\320\351\317\002k\336\234\027v\351\217\260\303\360\233ZPZWr\246$w\313\313\r\243r\232\2234\373\3539:N\004Q\245\272D\312D\300\300\t\323\0257\345e\271\na\215{\226\255x%T\257\037\333\004\344_/R\006E\344\037@\210\363\010\336T\226\247'\204_{\261\370""1\235\2445\343\033Y!\212\201\341\272\225'\007\257\203\334m\353e\3177\002\247\312\342M\303\001\000\033\311\322Z\374\327\272z\004@\325\204j\305\205*\013\003""; }; "
1750527663513,1750527663513,0,1,3,0,TMLedgerData,"ledgerHash: ""\220\303+\207\352g\317N\027>\222M\271m\033\236\021:\272\233r\373\233hC}\256\020\210\010\233\335""; ledgerSeq: 41; type: liBASE; nodes {;   nodedata: ""\000\000\000)\001cEx]\211\377\330v%\001\230\016\203\200\251UD\347\304\373\034\211\340@\342\033\263\365\356\341\357\350\324\035J\032\177\230\207\000\000\000\000\000\000\000\000\000\000\000\000\000\000\000\000\000\000\000\000\000\000\000\000\000\000\000\000\000\000\000\000\271\010\314\001\274\334\021\336i\227\025\331-X\253\246\331;k\314\030\213\311q\232N\354\226X\357f\203/\351\253-/\351\253.\n\000""; }; nodes {;   nodedata: ""\323C\344\327\264{\312-\017:\006{\177\344N\002\326bO\260\220\006\033\362\345\005U\221DzJ0\001\301\025%1L\307\t\261\262z\374\222T\301\274V\236\223\262\270Ct\362\337b\356\024*\324\320\351\317\002k\336\234\027v\351\217\260\303\360\233ZPZWr\246$w\313\313\r\243r\232\2234\373\3539:N\004Q\245\272D\312D\300\300\t\323\0257\345e\271\na\215{\226\255x%T\257\037\333\004\344_/R\006E\344\037@\210\363\010\336T\226\247'\204_{\261\370""1\235\2445\343\033Y!\212\201\341\272\225'\007\257\203\334m\353e\3177\002\247\312\342M\303\001\000\033\311\322Z\374\327\272z\004@\325\204j\305\205*\013\003""; }; ","ledgerHash: ""\220\303+\207\352g\317N\027>\222M\271m\033\236\021:\272\233r\373\233hC}\256\020\210\010\233\335""; ledgerSeq: 41; type: liBASE; nodes {;   nodedata: ""\000\000\000)\001cEx]\211\377\330v%\001\230\016\203\200\251UD\347\304\373\034\211\340@\342\033\263\365\356\341\357\350\324\035J\032\177\230\207\000\000\000\000\000\000\000\000\000\000\000\000\000\000\000\000\000\000\000\000\000\000\000\000\000\000\000\000\000\000\000\000\271\010\314\001\274\334\021\336i\227\025\331-X\253\246\331;k\314\030\213\311q\232N\354\226X\357f\203/\351\253-/\351\253.\n\000""; }; nodes {;   nodedata: ""\323C\344\327\264{\312-\017:\006{\177\344N\002\326bO\260\220\006\033\362\345\005U\221DzJ0\001\301\025%1L\307\t\261\262z\374\222T\301\274V\236\223\262\270Ct\362\337b\356\024*\324\320\351\317\002k\336\234\027v\351\217\260\303\360\233ZPZWr\246$w\313\313\r\243r\232\2234\373\3539:N\004Q\245\272D\312D\300\300\t\323\0257\345e\271\na\215{\226\255x%T\257\037\333\004\344_/R\006E\344\037@\210\363\010\336T\226\247'\204_{\261\370""1\235\2445\343\033Y!\212\201\341\272\225'\007\257\203\334m\353e\3177\002\247\312\342M\303\001\000\033\311\322Z\374\327\272z\004@\325\204j\305\205*\013\003""; }; "
1750527663514,1750527663514,0,1,2,3,TMGetLedger,"itype: liBASE; ledgerHash: ""\220\303+\207\352g\317N\027>\222M\271m\033\236\021:\272\233r\373\233hC}\256\020\210\010\233\335""; ledgerSeq: 41; requestCookie: 2; queryType: qtINDIRECT; ","itype: liBASE; ledgerHash: ""\220\303+\207\352g\317N\027>\222M\271m\033\236\021:\272\233r\373\233hC}\256\020\210\010\233\335""; ledgerSeq: 41; requestCookie: 2; queryType: qtINDIRECT; "
1750527663515,1750527663515,0,1,4,3,TMGetLedger,"itype: liBASE; ledgerHash: ""\220\303+\207\352g\317N\027>\222M\271m\033\236\021:\272\233r\373\233hC}\256\020\210\010\233\335""; ledgerSeq: 41; requestCookie: 1; queryType: qtINDIRECT; ","itype: liBASE; ledgerHash: ""\220\303+\207\352g\317N\027>\222M\271m\033\236\021:\272\233r\373\233hC}\256\020\210\010\233\335""; ledgerSeq: 41; requestCookie: 1; queryType: qtINDIRECT; "
1750527663515,1750527663515,0,1,3,0,TMLedgerData,"ledgerHash: ""\220\303+\207\352g\317N\027>\222M\271m\033\236\021:\272\233r\373\233hC}\256\020\210\010\233\335""; ledgerSeq: 41; type: liBASE; nodes {;   nodedata: ""\000\000\000)\001cEx]\211\377\330v%\001\230\016\203\200\251UD\347\304\373\034\211\340@\342\033\263\365\356\341\357\350\324\035J\032\177\230\207\000\000\000\000\000\000\000\000\000\000\000\000\000\000\000\000\000\000\000\000\000\000\000\000\000\000\000\000\000\000\000\000\271\010\314\001\274\334\021\336i\227\025\331-X\253\246\331;k\314\030\213\311q\232N\354\226X\357f\203/\351\253-/\351\253.\n\000""; }; nodes {;   nodedata: ""\323C\344\327\264{\312-\017:\006{\177\344N\002\326bO\260\220\006\033\362\345\005U\221DzJ0\001\301\025%1L\307\t\261\262z\374\222T\301\274V\236\223\262\270Ct\362\337b\356\024*\324\320\351\317\002k\336\234\027v\351\217\260\303\360\233ZPZWr\246$w\313\313\r\243r\232\2234\373\3539:N\004Q\245\272D\312D\300\300\t\323\0257\345e\271\na\215{\226\255x%T\257\037\333\004\344_/R\006E\344\037@\210\363\010\336T\226\247'\204_{\261\370""1\235\2445\343\033Y!\212\201\341\272\225'\007\257\203\334m\353e\3177\002\247\312\342M\303\001\000\033\311\322Z\374\327\272z\004@\325\204j\305\205*\013\003""; }; ","ledgerHash: ""\220\303+\207\352g\317N\027>\222M\271m\033\236\021:\272\233r\373\233hC}\256\020\210\010\233\335""; ledgerSeq: 41; type: liBASE; nodes {;   nodedata: ""\000\000\000)\001cEx]\211\377\330v%\001\230\016\203\200\251UD\347\304\373\034\211\340@\342\033\263\365\356\341\357\350\324\035J\032\177\230\207\000\000\000\000\000\000\000\000\000\000\000\000\000\000\000\000\000\000\000\000\000\000\000\000\000\000\000\000\000\000\000\000\271\010\314\001\274\334\021\336i\227\025\331-X\253\246\331;k\314\030\213\311q\232N\354\226X\357f\203/\351\253-/\351\253.\n\000""; }; nodes {;   nodedata: ""\323C\344\327\264{\312-\017:\006{\177\344N\002\326bO\260\220\006\033\362\345\005U\221DzJ0\001\301\025%1L\307\t\261\262z\374\222T\301\274V\236\223\262\270Ct\362\337b\356\024*\324\320\351\317\002k\336\234\027v\351\217\260\303\360\233ZPZWr\246$w\313\313\r\243r\232\2234\373\3539:N\004Q\245\272D\312D\300\300\t\323\0257\345e\271\na\215{\226\255x%T\257\037\333\004\344_/R\006E\344\037@\210\363\010\336T\226\247'\204_{\261\370""1\235\2445\343\033Y!\212\201\341\272\225'\007\257\203\334m\353e\3177\002\247\312\342M\303\001\000\033\311\322Z\374\327\272z\004@\325\204j\305\205*\013\003""; }; "
1750527663516,1750527663516,0,1,3,1,TMLedgerData,"ledgerHash: ""\220\303+\207\352g\317N\027>\222M\271m\033\236\021:\272\233r\373\233hC}\256\020\210\010\233\335""; ledgerSeq: 41; type: liBASE; nodes {;   nodedata: ""\000\000\000)\001cEx]\211\377\330v%\001\230\016\203\200\251UD\347\304\373\034\211\340@\342\033\263\365\356\341\357\350\324\035J\032\177\230\207\000\000\000\000\000\000\000\000\000\000\000\000\000\000\000\000\000\000\000\000\000\000\000\000\000\000\000\000\000\000\000\000\271\010\314\001\274\334\021\336i\227\025\331-X\253\246\331;k\314\030\213\311q\232N\354\226X\357f\203/\351\253-/\351\253.\n\000""; }; nodes {;   nodedata: ""\323C\344\327\264{\312-\017:\006{\177\344N\002\326bO\260\220\006\033\362\345\005U\221DzJ0\001\301\025%1L\307\t\261\262z\374\222T\301\274V\236\223\262\270Ct\362\337b\356\024*\324\320\351\317\002k\336\234\027v\351\217\260\303\360\233ZPZWr\246$w\313\313\r\243r\232\2234\373\3539:N\004Q\245\272D\312D\300\300\t\323\0257\345e\271\na\215{\226\255x%T\257\037\333\004\344_/R\006E\344\037@\210\363\010\336T\226\247'\204_{\261\370""1\235\2445\343\033Y!\212\201\341\272\225'\007\257\203\334m\353e\3177\002\247\312\342M\303\001\000\033\311\322Z\374\327\272z\004@\325\204j\305\205*\013\003""; }; ","ledgerHash: ""\220\303+\207\352g\317N\027>\222M\271m\033\236\021:\272\233r\373\233hC}\256\020\210\010\233\335""; ledgerSeq: 41; type: liBASE; nodes {;   nodedata: ""\000\000\000)\001cEx]\211\377\330v%\001\230\016\203\200\251UD\347\304\373\034\211\340@\342\033\263\365\356\341\357\350\324\035J\032\177\230\207\000\000\000\000\000\000\000\000\000\000\000\000\000\000\000\000\000\000\000\000\000\000\000\000\000\000\000\000\000\000\000\000\271\010\314\001\274\334\021\336i\227\025\331-X\253\246\331;k\314\030\213\311q\232N\354\226X\357f\203/\351\253-/\351\253.\n\000""; }; nodes {;   nodedata: ""\323C\344\327\264{\312-\017:\006{\177\344N\002\326bO\260\220\006\033\362\345\005U\221DzJ0\001\301\025%1L\307\t\261\262z\374\222T\301\274V\236\223\262\270Ct\362\337b\356\024*\324\320\351\317\002k\336\234\027v\351\217\260\303\360\233ZPZWr\246$w\313\313\r\243r\232\2234\373\3539:N\004Q\245\272D\312D\300\300\t\323\0257\345e\271\na\215{\226\255x%T\257\037\333\004\344_/R\006E\344\037@\210\363\010\336T\226\247'\204_{\261\370""1\235\2445\343\033Y!\212\201\341\272\225'\007\257\203\334m\353e\3177\002\247\312\342M\303\001\000\033\311\322Z\374\327\272z\004@\325\204j\305\205*\013\003""; }; "
1750527663517,1750527663518,0,1,3,1,TMLedgerData,"ledgerHash: ""\220\303+\207\352g\317N\027>\222M\271m\033\236\021:\272\233r\373\233hC}\256\020\210\010\233\335""; ledgerSeq: 41; type: liBASE; nodes {;   nodedata: ""\000\000\000)\001cEx]\211\377\330v%\001\230\016\203\200\251UD\347\304\373\034\211\340@\342\033\263\365\356\341\357\350\324\035J\032\177\230\207\000\000\000\000\000\000\000\000\000\000\000\000\000\000\000\000\000\000\000\000\000\000\000\000\000\000\000\000\000\000\000\000\271\010\314\001\274\334\021\336i\227\025\331-X\253\246\331;k\314\030\213\311q\232N\354\226X\357f\203/\351\253-/\351\253.\n\000""; }; nodes {;   nodedata: ""\323C\344\327\264{\312-\017:\006{\177\344N\002\326bO\260\220\006\033\362\345\005U\221DzJ0\001\301\025%1L\307\t\261\262z\374\222T\301\274V\236\223\262\270Ct\362\337b\356\024*\324\320\351\317\002k\336\234\027v\351\217\260\303\360\233ZPZWr\246$w\313\313\r\243r\232\2234\373\3539:N\004Q\245\272D\312D\300\300\t\323\0257\345e\271\na\215{\226\255x%T\257\037\333\004\344_/R\006E\344\037@\210\363\010\336T\226\247'\204_{\261\370""1\235\2445\343\033Y!\212\201\341\272\225'\007\257\203\334m\353e\3177\002\247\312\342M\303\001\000\033\311\322Z\374\327\272z\004@\325\204j\305\205*\013\003""; }; ","ledgerHash: ""\220\303+\207\352g\317N\027>\222M\271m\033\236\021:\272\233r\373\233hC}\256\020\210\010\233\335""; ledgerSeq: 41; type: liBASE; nodes {;   nodedata: ""\000\000\000)\001cEx]\211\377\330v%\001\230\016\203\200\251UD\347\304\373\034\211\340@\342\033\263\365\356\341\357\350\324\035J\032\177\230\207\000\000\000\000\000\000\000\000\000\000\000\000\000\000\000\000\000\000\000\000\000\000\000\000\000\000\000\000\000\000\000\000\271\010\314\001\274\334\021\336i\227\025\331-X\253\246\331;k\314\030\213\311q\232N\354\226X\357f\203/\351\253-/\351\253.\n\000""; }; nodes {;   nodedata: ""\323C\344\327\264{\312-\017:\006{\177\344N\002\326bO\260\220\006\033\362\345\005U\221DzJ0\001\301\025%1L\307\t\261\262z\374\222T\301\274V\236\223\262\270Ct\362\337b\356\024*\324\320\351\317\002k\336\234\027v\351\217\260\303\360\233ZPZWr\246$w\313\313\r\243r\232\2234\373\3539:N\004Q\245\272D\312D\300\300\t\323\0257\345e\271\na\215{\226\255x%T\257\037\333\004\344_/R\006E\344\037@\210\363\010\336T\226\247'\204_{\261\370""1\235\2445\343\033Y!\212\201\341\272\225'\007\257\203\334m\353e\3177\002\247\312\342M\303\001\000\033\311\322Z\374\327\272z\004@\325\204j\305\205*\013\003""; }; "
1750527663518,1750527663518,0,1,2,3,TMGetLedger,"itype: liBASE; ledgerHash: ""\220\303+\207\352g\317N\027>\222M\271m\033\236\021:\272\233r\373\233hC}\256\020\210\010\233\335""; ledgerSeq: 41; requestCookie: 3; queryType: qtINDIRECT; ","itype: liBASE; ledgerHash: ""\220\303+\207\352g\317N\027>\222M\271m\033\236\021:\272\233r\373\233hC}\256\020\210\010\233\335""; ledgerSeq: 41; requestCookie: 3; queryType: qtINDIRECT; "
1750527663519,1750527663519,0,1,4,3,TMGetLedger,"itype: liBASE; ledgerHash: ""\220\303+\207\352g\317N\027>\222M\271m\033\236\021:\272\233r\373\233hC}\256\020\210\010\233\335""; ledgerSeq: 41; requestCookie: 2; queryType: qtINDIRECT; ","itype: liBASE; ledgerHash: ""\220\303+\207\352g\317N\027>\222M\271m\033\236\021:\272\233r\373\233hC}\256\020\210\010\233\335""; ledgerSeq: 41; requestCookie: 2; queryType: qtINDIRECT; "
1750527663520,1750527663520,0,1,3,1,TMLedgerData,"ledgerHash: ""\220\303+\207\352g\317N\027>\222M\271m\033\236\021:\272\233r\373\233hC}\256\020\210\010\233\335""; ledgerSeq: 41; type: liBASE; nodes {;   nodedata: ""\000\000\000)\001cEx]\211\377\330v%\001\230\016\203\200\251UD\347\304\373\034\211\340@\342\033\263\365\356\341\357\350\324\035J\032\177\230\207\000\000\000\000\000\000\000\000\000\000\000\000\000\000\000\000\000\000\000\000\000\000\000\000\000\000\000\000\000\000\000\000\271\010\314\001\274\334\021\336i\227\025\331-X\253\246\331;k\314\030\213\311q\232N\354\226X\357f\203/\351\253-/\351\253.\n\000""; }; nodes {;   nodedata: ""\323C\344\327\264{\312-\017:\006{\177\344N\002\326bO\260\220\006\033\362\345\005U\221DzJ0\001\301\025%1L\307\t\261\262z\374\222T\301\274V\236\223\262\270Ct\362\337b\356\024*\324\320\351\317\002k\336\234\027v\351\217\260\303\360\233ZPZWr\246$w\313\313\r\243r\232\2234\373\3539:N\004Q\245\272D\312D\300\300\t\323\0257\345e\271\na\215{\226\255x%T\257\037\333\004\344_/R\006E\344\037@\210\363\010\336T\226\247'\204_{\261\370""1\235\2445\343\033Y!\212\201\341\272\225'\007\257\203\334m\353e\3177\002\247\312\342M\303\001\000\033\311\322Z\374\327\272z\004@\325\204j\305\205*\013\003""; }; requestCookie: 3; ","ledgerHash: ""\220\303+\207\352g\317N\027>\222M\271m\033\236\021:\272\233r\373\233hC}\256\020\210\010\233\335""; ledgerSeq: 41; type: liBASE; nodes {;   nodedata: ""\000\000\000)\001cEx]\211\377\330v%\001\230\016\203\200\251UD\347\304\373\034\211\340@\342\033\263\365\356\341\357\350\324\035J\032\177\230\207\000\000\000\000\000\000\000\000\000\000\000\000\000\000\000\000\000\000\000\000\000\000\000\000\000\000\000\000\000\000\000\000\271\010\314\001\274\334\021\336i\227\025\331-X\253\246\331;k\314\030\213\311q\232N\354\226X\357f\203/\351\253-/\351\253.\n\000""; }; nodes {;   nodedata: ""\323C\344\327\264{\312-\017:\006{\177\344N\002\326bO\260\220\006\033\362\345\005U\221DzJ0\001\301\025%1L\307\t\261\262z\374\222T\301\274V\236\223\262\270Ct\362\337b\356\024*\324\320\351\317\002k\336\234\027v\351\217\260\303\360\233ZPZWr\246$w\313\313\r\243r\232\2234\373\3539:N\004Q\245\272D\312D\300\300\t\323\0257\345e\271\na\215{\226\255x%T\257\037\333\004\344_/R\006E\344\037@\210\363\010\336T\226\247'\204_{\261\370""1\235\2445\343\033Y!\212\201\341\272\225'\007\257\203\334m\353e\3177\002\247\312\342M\303\001\000\033\311\322Z\374\327\272z\004@\325\204j\305\205*\013\003""; }; requestCookie: 3; "
1750527663520,1750527663520,0,1,2,3,TMGetLedger,"itype: liAS_NODE; ledgerHash: ""\220\303+\207\352g\317N\027>\222M\271m\033\236\021:\272\233r\373\233hC}\256\020\210\010\233\335""; ledgerSeq: 41; nodeIDs: ""\260\000\000\000\000\000\000\000\000\000\000\000\000\000\000\000\000\000\000\000\000\000\000\000\000\000\000\000\000\000\000\000\001""; queryType: qtINDIRECT; queryDepth: 1; ","itype: liAS_NODE; ledgerHash: ""\220\303+\207\352g\317N\027>\222M\271m\033\236\021:\272\233r\373\233hC}\256\020\210\010\233\335""; ledgerSeq: 41; nodeIDs: ""\260\000\000\000\000\000\000\000\000\000\000\000\000\000\000\000\000\000\000\000\000\000\000\000\000\000\000\000\000\000\000\000\001""; queryType: qtINDIRECT; queryDepth: 1; "
1750527663521,1750527663521,0,1,3,0,TMLedgerData,"ledgerHash: ""\220\303+\207\352g\317N\027>\222M\271m\033\236\021:\272\233r\373\233hC}\256\020\210\010\233\335""; ledgerSeq: 41; type: liBASE; nodes {;   nodedata: ""\000\000\000)\001cEx]\211\377\330v%\001\230\016\203\200\251UD\347\304\373\034\211\340@\342\033\263\365\356\341\357\350\324\035J\032\177\230\207\000\000\000\000\000\000\000\000\000\000\000\000\000\000\000\000\000\000\000\000\000\000\000\000\000\000\000\000\000\000\000\000\271\010\314\001\274\334\021\336i\227\025\331-X\253\246\331;k\314\030\213\311q\232N\354\226X\357f\203/\351\253-/\351\253.\n\000""; }; nodes {;   nodedata: ""\323C\344\327\264{\312-\017:\006{\177\344N\002\326bO\260\220\006\033\362\345\005U\221DzJ0\001\301\025%1L\307\t\261\262z\374\222T\301\274V\236\223\262\270Ct\362\337b\356\024*\324\320\351\317\002k\336\234\027v\351\217\260\303\360\233ZPZWr\246$w\313\313\r\243r\232\2234\373\3539:N\004Q\245\272D\312D\300\300\t\323\0257\345e\271\na\215{\226\255x%T\257\037\333\004\344_/R\006E\344\037@\210\363\010\336T\226\247'\204_{\261\370""1\235\2445\343\033Y!\212\201\341\272\225'\007\257\203\334m\353e\3177\002\247\312\342M\303\001\000\033\311\322Z\374\327\272z\004@\325\204j\305\205*\013\003""; }; requestCookie: 3; ","ledgerHash: ""\220\303+\207\352g\317N\027>\222M\271m\033\236\021:\272\233r\373\233hC}\256\020\210\010\233\335""; ledgerSeq: 41; type: liBASE; nodes {;   nodedata: ""\000\000\000)\001cEx]\211\377\330v%\001\230\016\203\200\251UD\347\304\373\034\211\340@\342\033\263\365\356\341\357\350\324\035J\032\177\230\207\000\000\000\000\000\000\000\000\000\000\000\000\000\000\000\000\000\000\000\000\000\000\000\000\000\000\000\000\000\000\000\000\271\010\314\001\274\334\021\336i\227\025\331-X\253\246\331;k\314\030\213\311q\232N\354\226X\357f\203/\351\253-/\351\253.\n\000""; }; nodes {;   nodedata: ""\323C\344\327\264{\312-\017:\006{\177\344N\002\326bO\260\220\006\033\362\345\005U\221DzJ0\001\301\025%1L\307\t\261\262z\374\222T\301\274V\236\223\262\270Ct\362\337b\356\024*\324\320\351\317\002k\336\234\027v\351\217\260\303\360\233ZPZWr\246$w\313\313\r\243r\232\2234\373\3539:N\004Q\245\272D\312D\300\300\t\323\0257\345e\271\na\215{\226\255x%T\257\037\333\004\344_/R\006E\344\037@\210\363\010\336T\226\247'\204_{\261\370""1\235\2445\343\033Y!\212\201\341\272\225'\007\257\203\334m\353e\3177\002\247\312\342M\303\001\000\033\311\322Z\374\327\272z\004@\325\204j\305\205*\013\003""; }; requestCookie: 3; "
1750527663522,1750527663522,0,1,3,4,TMLedgerData,"ledgerHash: ""\220\303+\207\352g\317N\027>\222M\271m\033\236\021:\272\233r\373\233hC}\256\020\210\010\233\335""; ledgerSeq: 41; type: liBASE; nodes {;   nodedata: ""\000\000\000)\001cEx]\211\377\330v%\001\230\016\203\200\251UD\347\304\373\034\211\340@\342\033\263\365\356\341\357\350\324\035J\032\177\230\207\000\000\000\000\000\000\000\000\000\000\000\000\000\000\000\000\000\000\000\000\000\000\000\000\000\000\000\000\000\000\000\000\271\010\314\001\274\334\021\336i\227\025\331-X\253\246\331;k\314\030\213\311q\232N\354\226X\357f\203/\351\253-/\351\253.\n\000""; }; nodes {;   nodedata: ""\323C\344\327\264{\312-\017:\006{\177\344N\002\326bO\260\220\006\033\362\345\005U\221DzJ0\001\301\025%1L\307\t\261\262z\374\222T\301\274V\236\223\262\270Ct\362\337b\356\024*\324\320\351\317\002k\336\234\027v\351\217\260\303\360\233ZPZWr\246$w\313\313\r\243r\232\2234\373\3539:N\004Q\245\272D\312D\300\300\t\323\0257\345e\271\na\215{\226\255x%T\257\037\333\004\344_/R\006E\344\037@\210\363\010\336T\226\247'\204_{\261\370""1\235\2445\343\033Y!\212\201\341\272\225'\007\257\203\334m\353e\3177\002\247\312\342M\303\001\000\033\311\322Z\374\327\272z\004@\325\204j\305\205*\013\003""; }; requestCookie: 3; ","ledgerHash: ""\220\303+\207\352g\317N\027>\222M\271m\033\236\021:\272\233r\373\233hC}\256\020\210\010\233\335""; ledgerSeq: 41; type: liBASE; nodes {;   nodedata: ""\000\000\000)\001cEx]\211\377\330v%\001\230\016\203\200\251UD\347\304\373\034\211\340@\342\033\263\365\356\341\357\350\324\035J\032\177\230\207\000\000\000\000\000\000\000\000\000\000\000\000\000\000\000\000\000\000\000\000\000\000\000\000\000\000\000\000\000\000\000\000\271\010\314\001\274\334\021\336i\227\025\331-X\253\246\331;k\314\030\213\311q\232N\354\226X\357f\203/\351\253-/\351\253.\n\000""; }; nodes {;   nodedata: ""\323C\344\327\264{\312-\017:\006{\177\344N\002\326bO\260\220\006\033\362\345\005U\221DzJ0\001\301\025%1L\307\t\261\262z\374\222T\301\274V\236\223\262\270Ct\362\337b\356\024*\324\320\351\317\002k\336\234\027v\351\217\260\303\360\233ZPZWr\246$w\313\313\r\243r\232\2234\373\3539:N\004Q\245\272D\312D\300\300\t\323\0257\345e\271\na\215{\226\255x%T\257\037\333\004\344_/R\006E\344\037@\210\363\010\336T\226\247'\204_{\261\370""1\235\2445\343\033Y!\212\201\341\272\225'\007\257\203\334m\353e\3177\002\247\312\342M\303\001\000\033\311\322Z\374\327\272z\004@\325\204j\305\205*\013\003""; }; requestCookie: 3; "
1750527663523,1750527663523,0,1,4,3,TMGetLedger,"itype: liAS_NODE; ledgerHash: ""\220\303+\207\352g\317N\027>\222M\271m\033\236\021:\272\233r\373\233hC}\256\020\210\010\233\335""; ledgerSeq: 41; nodeIDs: ""\260\000\000\000\000\000\000\000\000\000\000\000\000\000\000\000\000\000\000\000\000\000\000\000\000\000\000\000\000\000\000\000\001""; queryType: qtINDIRECT; queryDepth: 1; ","itype: liAS_NODE; ledgerHash: ""\220\303+\207\352g\317N\027>\222M\271m\033\236\021:\272\233r\373\233hC}\256\020\210\010\233\335""; ledgerSeq: 41; nodeIDs: ""\260\000\000\000\000\000\000\000\000\000\000\000\000\000\000\000\000\000\000\000\000\000\000\000\000\000\000\000\000\000\000\000\001""; queryType: qtINDIRECT; queryDepth: 1; "
1750527663524,1750527663524,0,1,3,2,TMLedgerData,"ledgerHash: ""\220\303+\207\352g\317N\027>\222M\271m\033\236\021:\272\233r\373\233hC}\256\020\210\010\233\335""; ledgerSeq: 41; type: liBASE; nodes {;   nodedata: ""\000\000\000)\001cEx]\211\377\330v%\001\230\016\203\200\251UD\347\304\373\034\211\340@\342\033\263\365\356\341\357\350\324\035J\032\177\230\207\000\000\000\000\000\000\000\000\000\000\000\000\000\000\000\000\000\000\000\000\000\000\000\000\000\000\000\000\000\000\000\000\271\010\314\001\274\334\021\336i\227\025\331-X\253\246\331;k\314\030\213\311q\232N\354\226X\357f\203/\351\253-/\351\253.\n\000""; }; nodes {;   nodedata: ""\323C\344\327\264{\312-\017:\006{\177\344N\002\326bO\260\220\006\033\362\345\005U\221DzJ0\001\301\025%1L\307\t\261\262z\374\222T\301\274V\236\223\262\270Ct\362\337b\356\024*\324\320\351\317\002k\336\234\027v\351\217\260\303\360\233ZPZWr\246$w\313\313\r\243r\232\2234\373\3539:N\004Q\245\272D\312D\300\300\t\323\0257\345e\271\na\215{\226\255x%T\257\037\333\004\344_/R\006E\344\037@\210\363\010\336T\226\247'\204_{\261\370""1\235\2445\343\033Y!\212\201\341\272\225'\007\257\203\334m\353e\3177\002\247\312\342M\303\001\000\033\311\322Z\374\327\272z\004@\325\204j\305\205*\013\003""; }; requestCookie: 5; ","ledgerHash: ""\220\303+\207\352g\317N\027>\222M\271m\033\236\021:\272\233r\373\233hC}\256\020\210\010\233\335""; ledgerSeq: 41; type: liBASE; nodes {;   nodedata: ""\000\000\000)\001cEx]\211\377\330v%\001\230\016\203\200\251UD\347\304\373\034\211\340@\342\033\263\365\356\341\357\350\324\035J\032\177\230\207\000\000\000\000\000\000\000\000\000\000\000\000\000\000\000\000\000\000\000\000\000\000\000\000\000\000\000\000\000\000\000\000\271\010\314\001\274\334\021\336i\227\025\331-X\253\246\331;k\314\030\213\311q\232N\354\226X\357f\203/\351\253-/\351\253.\n\000""; }; nodes {;   nodedata: ""\323C\344\327\264{\312-\017:\006{\177\344N\002\326bO\260\220\006\033\362\345\005U\221DzJ0\001\301\025%1L\307\t\261\262z\374\222T\301\274V\236\223\262\270Ct\362\337b\356\024*\324\320\351\317\002k\336\234\027v\351\217\260\303\360\233ZPZWr\246$w\313\313\r\243r\232\2234\373\3539:N\004Q\245\272D\312D\300\300\t\323\0257\345e\271\na\215{\226\255x%T\257\037\333\004\344_/R\006E\344\037@\210\363\010\336T\226\247'\204_{\261\370""1\235\2445\343\033Y!\212\201\341\272\225'\007\257\203\334m\353e\3177\002\247\312\342M\303\001\000\033\311\322Z\374\327\272z\004@\325\204j\305\205*\013\003""; }; requestCookie: 5; "
1750527663524,1750527663525,0,1,0,3,TMGetLedger,"itype: liBASE; ledgerHash: ""\220\303+\207\352g\317N\027>\222M\271m\033\236\021:\272\233r\373\233hC}\256\020\210\010\233\335""; requestCookie: 5; queryType: qtINDIRECT; ","itype: liBASE; ledgerHash: ""\220\303+\207\352g\317N\027>\222M\271m\033\236\021:\272\233r\373\233hC}\256\020\210\010\233\335""; requestCookie: 5; queryType: qtINDIRECT; "
1750527663525,1750527663526,0,1,0,3,TMGetLedger,"itype: liBASE; ledgerHash: ""\220\303+\207\352g\317N\027>\222M\271m\033\236\021:\272\233r\373\233hC}\256\020\210\010\233\335""; ledgerSeq: 41; requestCookie: 2; queryType: qtINDIRECT; ","itype: liBASE; ledgerHash: ""\220\303+\207\352g\317N\027>\222M\271m\033\236\021:\272\233r\373\233hC}\256\020\210\010\233\335""; ledgerSeq: 41; requestCookie: 2; queryType: qtINDIRECT; "
1750527663526,1750527663526,0,1,3,2,TMLedgerData,"ledgerHash: ""\220\303+\207\352g\317N\027>\222M\271m\033\236\021:\272\233r\373\233hC}\256\020\210\010\233\335""; ledgerSeq: 41; type: liBASE; nodes {;   nodedata: ""\000\000\000)\001cEx]\211\377\330v%\001\230\016\203\200\251UD\347\304\373\034\211\340@\342\033\263\365\356\341\357\350\324\035J\032\177\230\207\000\000\000\000\000\000\000\000\000\000\000\000\000\000\000\000\000\000\000\000\000\000\000\000\000\000\000\000\000\000\000\000\271\010\314\001\274\334\021\336i\227\025\331-X\253\246\331;k\314\030\213\311q\232N\354\226X\357f\203/\351\253-/\351\253.\n\000""; }; nodes {;   nodedata: ""\323C\344\327\264{\312-\017:\006{\177\344N\002\326bO\260\220\006\033\362\345\005U\221DzJ0\001\301\025%1L\307\t\261\262z\374\222T\301\274V\236\223\262\270Ct\362\337b\356\024*\324\320\351\317\002k\336\234\027v\351\217\260\303\360\233ZPZWr\246$w\313\313\r\243r\232\2234\373\3539:N\004Q\245\272D\312D\300\300\t\323\0257\345e\271\na\215{\226\255x%T\257\037\333\004\344_/R\006E\344\037@\210\363\010\336T\226\247'\204_{\261\370""1\235\2445\343\033Y!\212\201\341\272\225'\007\257\203\334m\353e\3177\002\247\312\342M\303\001\000\033\311\322Z\374\327\272z\004@\325\204j\305\205*\013\003""; }; requestCookie: 2; ","ledgerHash: ""\220\303+\207\352g\317N\027>\222M\271m\033\236\021:\272\233r\373\233hC}\256\020\210\010\233\335""; ledgerSeq: 41; type: liBASE; nodes {;   nodedata: ""\000\000\000)\001cEx]\211\377\330v%\001\230\016\203\200\251UD\347\304\373\034\211\340@\342\033\263\365\356\341\357\350\324\035J\032\177\230\207\000\000\000\000\000\000\000\000\000\000\000\000\000\000\000\000\000\000\000\000\000\000\000\000\000\000\000\000\000\000\000\000\271\010\314\001\274\334\021\336i\227\025\331-X\253\246\331;k\314\030\213\311q\232N\354\226X\357f\203/\351\253-/\351\253.\n\000""; }; nodes {;   nodedata: ""\323C\344\327\264{\312-\017:\006{\177\344N\002\326bO\260\220\006\033\362\345\005U\221DzJ0\001\301\025%1L\307\t\261\262z\374\222T\301\274V\236\223\262\270Ct\362\337b\356\024*\324\320\351\317\002k\336\234\027v\351\217\260\303\360\233ZPZWr\246$w\313\313\r\243r\232\2234\373\3539:N\004Q\245\272D\312D\300\300\t\323\0257\345e\271\na\215{\226\255x%T\257\037\333\004\344_/R\006E\344\037@\210\363\010\336T\226\247'\204_{\261\370""1\235\2445\343\033Y!\212\201\341\272\225'\007\257\203\334m\353e\3177\002\247\312\342M\303\001\000\033\311\322Z\374\327\272z\004@\325\204j\305\205*\013\003""; }; requestCookie: 2; "
1750527663527,1750527663527,0,1,3,4,TMLedgerData,"ledgerHash: ""\220\303+\207\352g\317N\027>\222M\271m\033\236\021:\272\233r\373\233hC}\256\020\210\010\233\335""; ledgerSeq: 41; type: liBASE; nodes {;   nodedata: ""\000\000\000)\001cEx]\211\377\330v%\001\230\016\203\200\251UD\347\304\373\034\211\340@\342\033\263\365\356\341\357\350\324\035J\032\177\230\207\000\000\000\000\000\000\000\000\000\000\000\000\000\000\000\000\000\000\000\000\000\000\000\000\000\000\000\000\000\000\000\000\271\010\314\001\274\334\021\336i\227\025\331-X\253\246\331;k\314\030\213\311q\232N\354\226X\357f\203/\351\253-/\351\253.\n\000""; }; nodes {;   nodedata: ""\323C\344\327\264{\312-\017:\006{\177\344N\002\326bO\260\220\006\033\362\345\005U\221DzJ0\001\301\025%1L\307\t\261\262z\374\222T\301\274V\236\223\262\270Ct\362\337b\356\024*\324\320\351\317\002k\336\234\027v\351\217\260\303\360\233ZPZWr\246$w\313\313\r\243r\232\2234\373\3539:N\004Q\245\272D\312D\300\300\t\323\0257\345e\271\na\215{\226\255x%T\257\037\333\004\344_/R\006E\344\037@\210\363\010\336T\226\247'\204_{\261\370""1\235\2445\343\033Y!\212\201\341\272\225'\007\257\203\334m\353e\3177\002\247\312\342M\303\001\000\033\311\322Z\374\327\272z\004@\325\204j\305\205*\013\003""; }; requestCookie: 1; ","ledgerHash: ""\220\303+\207\352g\317N\027>\222M\271m\033\236\021:\272\233r\373\233hC}\256\020\210\010\233\335""; ledgerSeq: 41; type: liBASE; nodes {;   nodedata: ""\000\000\000)\001cEx]\211\377\330v%\001\230\016\203\200\251UD\347\304\373\034\211\340@\342\033\263\365\356\341\357\350\324\035J\032\177\230\207\000\000\000\000\000\000\000\000\000\000\000\000\000\000\000\000\000\000\000\000\000\000\000\000\000\000\000\000\000\000\000\000\271\010\314\001\274\334\021\336i\227\025\331-X\253\246\331;k\314\030\213\311q\232N\354\226X\357f\203/\351\253-/\351\253.\n\000""; }; nodes {;   nodedata: ""\323C\344\327\264{\312-\017:\006{\177\344N\002\326bO\260\220\006\033\362\345\005U\221DzJ0\001\301\025%1L\307\t\261\262z\374\222T\301\274V\236\223\262\270Ct\362\337b\356\024*\324\320\351\317\002k\336\234\027v\351\217\260\303\360\233ZPZWr\246$w\313\313\r\243r\232\2234\373\3539:N\004Q\245\272D\312D\300\300\t\323\0257\345e\271\na\215{\226\255x%T\257\037\333\004\344_/R\006E\344\037@\210\363\010\336T\226\247'\204_{\261\370""1\235\2445\343\033Y!\212\201\341\272\225'\007\257\203\334m\353e\3177\002\247\312\342M\303\001\000\033\311\322Z\374\327\272z\004@\325\204j\305\205*\013\003""; }; requestCookie: 1; "
1750527663528,1750527663528,0,1,0,3,TMGetLedger,"itype: liAS_NODE; ledgerHash: ""\220\303+\207\352g\317N\027>\222M\271m\033\236\021:\272\233r\373\233hC}\256\020\210\010\233\335""; ledgerSeq: 41; nodeIDs: ""\260\000\000\000\000\000\000\000\000\000\000\000\000\000\000\000\000\000\000\000\000\000\000\000\000\000\000\000\000\000\000\000\001""; queryType: qtINDIRECT; queryDepth: 1; ","itype: liAS_NODE; ledgerHash: ""\220\303+\207\352g\317N\027>\222M\271m\033\236\021:\272\233r\373\233hC}\256\020\210\010\233\335""; ledgerSeq: 41; nodeIDs: ""\260\000\000\000\000\000\000\000\000\000\000\000\000\000\000\000\000\000\000\000\000\000\000\000\000\000\000\000\000\000\000\000\001""; queryType: qtINDIRECT; queryDepth: 1; "
1750527663529,1750527663529,0,1,1,3,TMGetLedger,"itype: liBASE; ledgerHash: ""\220\303+\207\352g\317N\027>\222M\271m\033\236\021:\272\233r\373\233hC}\256\020\210\010\233\335""; ledgerSeq: 41; requestCookie: 2; queryType: qtINDIRECT; ","itype: liBASE; ledgerHash: ""\220\303+\207\352g\317N\027>\222M\271m\033\236\021:\272\233r\373\233hC}\256\020\210\010\233\335""; ledgerSeq: 41; requestCookie: 2; queryType: qtINDIRECT; "
1750527663529,1750527663529,0,1,1,3,TMGetLedger,"itype: liBASE; ledgerHash: ""\220\303+\207\352g\317N\027>\222M\271m\033\236\021:\272\233r\373\233hC}\256\020\210\010\233\335""; requestCookie: 5; queryType: qtINDIRECT; ","itype: liBASE; ledgerHash: ""\220\303+\207\352g\317N\027>\222M\271m\033\236\021:\272\233r\373\233hC}\256\020\210\010\233\335""; requestCookie: 5; queryType: qtINDIRECT; "
1750527663530,1750527663530,0,1,1,3,TMGetLedger,"itype: liAS_NODE; ledgerHash: ""\220\303+\207\352g\317N\027>\222M\271m\033\236\021:\272\233r\373\233hC}\256\020\210\010\233\335""; ledgerSeq: 41; nodeIDs: ""\260\000\000\000\000\000\000\000\000\000\000\000\000\000\000\000\000\000\000\000\000\000\000\000\000\000\000\000\000\000\000\000\001""; queryType: qtINDIRECT; queryDepth: 1; ","itype: liAS_NODE; ledgerHash: ""\220\303+\207\352g\317N\027>\222M\271m\033\236\021:\272\233r\373\233hC}\256\020\210\010\233\335""; ledgerSeq: 41; nodeIDs: ""\260\000\000\000\000\000\000\000\000\000\000\000\000\000\000\000\000\000\000\000\000\000\000\000\000\000\000\000\000\000\000\000\001""; queryType: qtINDIRECT; queryDepth: 1; "
1750527663531,1750527663531,0,1,3,2,TMLedgerData,"ledgerHash: ""\220\303+\207\352g\317N\027>\222M\271m\033\236\021:\272\233r\373\233hC}\256\020\210\010\233\335""; ledgerSeq: 41; type: liBASE; nodes {;   nodedata: ""\000\000\000)\001cEx]\211\377\330v%\001\230\016\203\200\251UD\347\304\373\034\211\340@\342\033\263\365\356\341\357\350\324\035J\032\177\230\207\000\000\000\000\000\000\000\000\000\000\000\000\000\000\000\000\000\000\000\000\000\000\000\000\000\000\000\000\000\000\000\000\271\010\314\001\274\334\021\336i\227\025\331-X\253\246\331;k\314\030\213\311q\232N\354\226X\357f\203/\351\253-/\351\253.\n\000""; }; nodes {;   nodedata: ""\323C\344\327\264{\312-\017:\006{\177\344N\002\326bO\260\220\006\033\362\345\005U\221DzJ0\001\301\025%1L\307\t\261\262z\374\222T\301\274V\236\223\262\270Ct\362\337b\356\024*\324\320\351\317\002k\336\234\027v\351\217\260\303\360\233ZPZWr\246$w\313\313\r\243r\232\2234\373\3539:N\004Q\245\272D\312D\300\300\t\323\0257\345e\271\na\215{\226\255x%T\257\037\333\004\344_/R\006E\344\037@\210\363\010\336T\226\247'\204_{\261\370""1\235\2445\343\033Y!\212\201\341\272\225'\007\257\203\334m\353e\3177\002\247\312\342M\303\001\000\033\311\322Z\374\327\272z\004@\325\204j\305\205*\013\003""; }; requestCookie: 3; ","ledgerHash: ""\220\303+\207\352g\317N\027>\222M\271m\033\236\021:\272\233r\373\233hC}\256\020\210\010\233\335""; ledgerSeq: 41; type: liBASE; nodes {;   nodedata: ""\000\000\000)\001cEx]\211\377\330v%\001\230\016\203\200\251UD\347\304\373\034\211\340@\342\033\263\365\356\341\357\350\324\035J\032\177\230\207\000\000\000\000\000\000\000\000\000\000\000\000\000\000\000\000\000\000\000\000\000\000\000\000\000\000\000\000\000\000\000\000\271\010\314\001\274\334\021\336i\227\025\331-X\253\246\331;k\314\030\213\311q\232N\354\226X\357f\203/\351\253-/\351\253.\n\000""; }; nodes {;   nodedata: ""\323C\344\327\264{\312-\017:\006{\177\344N\002\326bO\260\220\006\033\362\345\005U\221DzJ0\001\301\025%1L\307\t\261\262z\374\222T\301\274V\236\223\262\270Ct\362\337b\356\024*\324\320\351\317\002k\336\234\027v\351\217\260\303\360\233ZPZWr\246$w\313\313\r\243r\232\2234\373\3539:N\004Q\245\272D\312D\300\300\t\323\0257\345e\271\na\215{\226\255x%T\257\037\333\004\344_/R\006E\344\037@\210\363\010\336T\226\247'\204_{\261\370""1\235\2445\343\033Y!\212\201\341\272\225'\007\257\203\334m\353e\3177\002\247\312\342M\303\001\000\033\311\322Z\374\327\272z\004@\325\204j\305\205*\013\003""; }; requestCookie: 3; "
1750527663532,1750527663532,0,1,3,4,TMLedgerData,"ledgerHash: ""\220\303+\207\352g\317N\027>\222M\271m\033\236\021:\272\233r\373\233hC}\256\020\210\010\233\335""; ledgerSeq: 41; type: liBASE; nodes {;   nodedata: ""\000\000\000)\001cEx]\211\377\330v%\001\230\016\203\200\251UD\347\304\373\034\211\340@\342\033\263\365\356\341\357\350\324\035J\032\177\230\207\000\000\000\000\000\000\000\000\000\000\000\000\000\000\000\000\000\000\000\000\000\000\000\000\000\000\000\000\000\000\000\000\271\010\314\001\274\334\021\336i\227\025\331-X\253\246\331;k\314\030\213\311q\232N\354\226X\357f\203/\351\253-/\351\253.\n\000""; }; nodes {;   nodedata: ""\323C\344\327\264{\312-\017:\006{\177\344N\002\326bO\260\220\006\033\362\345\005U\221DzJ0\001\301\025%1L\307\t\261\262z\374\222T\301\274V\236\223\262\270Ct\362\337b\356\024*\324\320\351\317\002k\336\234\027v\351\217\260\303\360\233ZPZWr\246$w\313\313\r\243r\232\2234\373\3539:N\004Q\245\272D\312D\300\300\t\323\0257\345e\271\na\215{\226\255x%T\257\037\333\004\344_/R\006E\344\037@\210\363\010\336T\226\247'\204_{\261\370""1\235\2445\343\033Y!\212\201\341\272\225'\007\257\203\334m\353e\3177\002\247\312\342M\303\001\000\033\311\322Z\374\327\272z\004@\325\204j\305\205*\013\003""; }; requestCookie: 2; ","ledgerHash: ""\220\303+\207\352g\317N\027>\222M\271m\033\236\021:\272\233r\373\233hC}\256\020\210\010\233\335""; ledgerSeq: 41; type: liBASE; nodes {;   nodedata: ""\000\000\000)\001cEx]\211\377\330v%\001\230\016\203\200\251UD\347\304\373\034\211\340@\342\033\263\365\356\341\357\350\324\035J\032\177\230\207\000\000\000\000\000\000\000\000\000\000\000\000\000\000\000\000\000\000\000\000\000\000\000\000\000\000\000\000\000\000\000\000\271\010\314\001\274\334\021\336i\227\025\331-X\253\246\331;k\314\030\213\311q\232N\354\226X\357f\203/\351\253-/\351\253.\n\000""; }; nodes {;   nodedata: ""\323C\344\327\264{\312-\017:\006{\177\344N\002\326bO\260\220\006\033\362\345\005U\221DzJ0\001\301\025%1L\307\t\261\262z\374\222T\301\274V\236\223\262\270Ct\362\337b\356\024*\324\320\351\317\002k\336\234\027v\351\217\260\303\360\233ZPZWr\246$w\313\313\r\243r\232\2234\373\3539:N\004Q\245\272D\312D\300\300\t\323\0257\345e\271\na\215{\226\255x%T\257\037\333\004\344_/R\006E\344\037@\210\363\010\336T\226\247'\204_{\261\370""1\235\2445\343\033Y!\212\201\341\272\225'\007\257\203\334m\353e\3177\002\247\312\342M\303\001\000\033\311\322Z\374\327\272z\004@\325\204j\305\205*\013\003""; }; requestCookie: 2; "
1750527663532,1750527663533,0,1,1,2,TMLedgerData,"ledgerHash: ""\220\303+\207\352g\317N\027>\222M\271m\033\236\021:\272\233r\373\233hC}\256\020\210\010\233\335""; ledgerSeq: 41; type: liBASE; nodes {;   nodedata: ""\000\000\000)\001cEx]\211\377\330v%\001\230\016\203\200\251UD\347\304\373\034\211\340@\342\033\263\365\356\341\357\350\324\035J\032\177\230\207\000\000\000\000\000\000\000\000\000\000\000\000\000\000\000\000\000\000\000\000\000\000\000\000\000\000\000\000\000\000\000\000\271\010\314\001\274\334\021\336i\227\025\331-X\253\246\331;k\314\030\213\311q\232N\354\226X\357f\203/\351\253-/\351\253.\n\000""; }; nodes {;   nodedata: ""\323C\344\327\264{\312-\017:\006{\177\344N\002\326bO\260\220\006\033\362\345\005U\221DzJ0\001\301\025%1L\307\t\261\262z\374\222T\301\274V\236\223\262\270Ct\362\337b\356\024*\324\320\351\317\002k\336\234\027v\351\217\260\303\360\233ZPZWr\246$w\313\313\r\243r\232\2234\373\3539:N\004Q\245\272D\312D\300\300\t\323\0257\345e\271\na\215{\226\255x%T\257\037\333\004\344_/R\006E\344\037@\210\363\010\336T\226\247'\204_{\261\370""1\235\2445\343\033Y!\212\201\341\272\225'\007\257\203\334m\353e\3177\002\247\312\342M\303\001\000\033\311\322Z\374\327\272z\004@\325\204j\305\205*\013\003""; }; ","ledgerHash: ""\220\303+\207\352g\317N\027>\222M\271m\033\236\021:\272\233r\373\233hC}\256\020\210\010\233\335""; ledgerSeq: 41; type: liBASE; nodes {;   nodedata: ""\000\000\000)\001cEx]\211\377\330v%\001\230\016\203\200\251UD\347\304\373\034\211\340@\342\033\263\365\356\341\357\350\324\035J\032\177\230\207\000\000\000\000\000\000\000\000\000\000\000\000\000\000\000\000\000\000\000\000\000\000\000\000\000\000\000\000\000\000\000\000\271\010\314\001\274\334\021\336i\227\025\331-X\253\246\331;k\314\030\213\311q\232N\354\226X\357f\203/\351\253-/\351\253.\n\000""; }; nodes {;   nodedata: ""\323C\344\327\264{\312-\017:\006{\177\344N\002\326bO\260\220\006\033\362\345\005U\221DzJ0\001\301\025%1L\307\t\261\262z\374\222T\301\274V\236\223\262\270Ct\362\337b\356\024*\324\320\351\317\002k\336\234\027v\351\217\260\303\360\233ZPZWr\246$w\313\313\r\243r\232\2234\373\3539:N\004Q\245\272D\312D\300\300\t\323\0257\345e\271\na\215{\226\255x%T\257\037\333\004\344_/R\006E\344\037@\210\363\010\336T\226\247'\204_{\261\370""1\235\2445\343\033Y!\212\201\341\272\225'\007\257\203\334m\353e\3177\002\247\312\342M\303\001\000\033\311\322Z\374\327\272z\004@\325\204j\305\205*\013\003""; }; "
1750527663533,1750527663534,0,1,3,2,TMLedgerData,"ledgerHash: ""\220\303+\207\352g\317N\027>\222M\271m\033\236\021:\272\233r\373\233hC}\256\020\210\010\233\335""; ledgerSeq: 41; type: liAS_NODE; nodes {;   nodedata: ""\021\000h""\000\000\000\000 \033\000\000\000(\002\023\305_\330\356GuH\375\327!\255\371\r\231\262R\256J\034\222\241\355X\265E\241^W\225\304\014\361CX-}\351f\032\255\274\334m\326c\017\014ao[\342\230\003\245\245\3341Hm\326^\017jy\335\261\032Yt\320\244{g\0306\\302\303*\341\215\223\257\364\277o\375\000r\241SOq\221\253\262\005\017\375T\356\014\360o'\030\311-\267\031\257!\031T\006><\315XM\334\324\345\034\000\325\367\240\271\013\265\024\321\362\354\211\250.\234s\225amc\305\035\366\276\037nD\277`\210\223N\3535\033\261\304f\331]\036\237\306o!\223\221\002\324\031\262\240R\177 ,\214\325\Q])\016\2067\277\t\354\010\000\360\215\2502\265\245\310\226\243c\302Ze\306\253#r\020\211\320iG\276\020E\317\035Sf\223F\254\033@\177e\277\016\010u\327\371&\262\312\317Q\2361t\377x\234\001v\003%\030\325_\225g\204\346a=\225\273\331\354\365*U\363\263N\367b\371\244\314-w\363\262\225Z\200\206\235\233\257?sE\2674\254\326mU\377?\177Ek\336\030!\316Aa\225\303\022\377{\210Y\226\271as\354L\035\004\341\361\035\301\024\220m#*\372\032\3178~\374\250\014*\323\342'z69\220\327\256\351G\367\317u\302\207\270b\315\333\333\334\310I\323&\014\352XZnW2.\335\347\202\021\247\362\212e\034\000\001\250\220\305;a\314\265R\310\017\317\331\235\360\262\240:\277\202\266\354\265X""\022\nh\252\352w\204\203\023]\001f\352\277\0031Q]\362\370R\350{\261\202\240\344\215\201\353\276\322p5p\350\354\017>\250r\241c\273\016\301\024\363\242\247\263\231\370\344\nBW\220K\316@3\243\200\036wk\253GSlU\010\360\231>\331\263H\214\324\030A\225\301o\346pkSF\004\241\213w9\223=\250\262*+\255\351r\265\244c\024\213\t\007`\223\325#\3477\210\345P\306\013\320\252[\0216+\227=`\371P\314\346 V7\271[~\n\237\274|\347\352@K\253~&\260\032\024\004B\200\255h\351\013\361\031:nG\211\005|\2003\266\274\251,W\006u\344\335d\003\306\212\313,\340\350bG\n\030Z\2732-\246\312\255\030\003\235207\005}D\260\0261ah\322M\304\216\273m0\271\234\237\007<w$\265C\245\232\033\023\313c\321B\032l\301h\005\320\252\301\361(\330[\343\357\343{\235\n\266g\272>\177\317\347\261qb&\270&\346ju\200\363N\320\307\004\034\001n\317\361\2653\254\2503\247\305\372\316W\022O\253x\250\025\373\247\354Tc\304\263\243^\352Gv\\264\261\r\035\226\306\2411\351\233\203\215\200$\231\300f\220\371c@\017\254\363\\371\340\340VaR\205~^\226\342t\360\022\204d\231\205)\272\364?\361!\334\331\315\254\230\rBG\314\023\246\244=\351\177\254\302b&\276+H;0\312\021&\275\036\237\350R\313\206R\331\304k\323u\263t\221\213yC\241\217A\242\027g\322\241'\212.E?B_\316\327\217J +\370\t^b\005\020\003\211\373\247|hC\271Nmk~J\270EU\274\036-\347\240\312FA\321\341bca\253\025\321\311\317\021\375\317\217\n\272\033o\353G>\275\361H\265\240\232um""\317\324`\214\221\314\000\211K\223+(""\200i \311\372g\254\343ZR0\224\275q\252\357\213\263\206N\357&Q\217\267\303\356I\236\357\264\311b\037\366\035\253\343\311\265\240\327q\206f\262ODi\215-\363>\034\236l\273\005G\316F\217}[\036\007\270:\260\335\271B\241N\345\330\204\327f\361\272Kb\0377p\334\264\237\177~\330]\252+:\317u\302h\n\351\n\364\231\277R\371\356\033y\265v\360Ny\246\332qY\262\231\251\n\305\334\202\305\362\n\367@k\231\016R:\327\242\366\242\253LZY\223$Gw^\203\302\311\316I7\371tTwp}\005|\372\214\251{R`\230V\244-\326I\351\255\325i\335\377\321\353\327\331\302\023\347y\016\263\271\317\306\017UV\314qu?\0064A\315{3D\010\016S\212\2353k0\361\214ID\303g\277\010Y_\001~\021\333\370\255\374\\331\306\255\336)\365Rth\024\t\300.M\315\321S\257\224\252\362\326P\316\303%nX\3742\333\036\004Y\264yG^\234\177\214\305q\237\274G\300a4\275\240s\215\222\210\016\020G\344=-:GK\312\035\271\201\350\376F\260G\347\000\235\365P6pmH\033\373\212c\377o\232\356\320D\002\277,]os{\354/?\312e\006wda\001\023\375\316\025\254\321\244\370+Y`\220\270\254\2601E[FI\310\235<qI \356\032v%\001\230\016\203\200\251UD\347\304\373\034\211\340@\342\033\263\365\356\341\357\350\324\035J\032\177\230\207\264\227\2326\315\307\363\323\325\303\032N\256*\307\327 \235\332\207u\210\271\257\306g\231i*\260\326k\001"";   nodeid: ""\260\000\000\000\000\000\000\000\000\000\000\000\000\000\000\000\000\000\000\000\000\000\000\000\000\000\000\000\000\000\000\000\001""; }; ","ledgerHash: ""\220\303+\207\352g\317N\027>\222M\271m\033\236\021:\272\233r\373\233hC}\256\020\210\010\233\335""; ledgerSeq: 41; type: liAS_NODE; nodes {;   nodedata: ""\021\000h""\000\000\000\000 \033\000\000\000(\002\023\305_\330\356GuH\375\327!\255\371\r\231\262R\256J\034\222\241\355X\265E\241^W\225\304\014\361CX-}\351f\032\255\274\334m\326c\017\014ao[\342\230\003\245\245\3341Hm\326^\017jy\335\261\032Yt\320\244{g\0306\\302\303*\341\215\223\257\364\277o\375\000r\241SOq\221\253\262\005\017\375T\356\014\360o'\030\311-\267\031\257!\031T\006><\315XM\334\324\345\034\000\325\367\240\271\013\265\024\321\362\354\211\250.\234s\225amc\305\035\366\276\037nD\277`\210\223N\3535\033\261\304f\331]\036\237\306o!\223\221\002\324\031\262\240R\177 ,\214\325\Q])\016\2067\277\t\354\010\000\360\215\2502\265\245\310\226\243c\302Ze\306\253#r\020\211\320iG\276\020E\317\035Sf\223F\254\033@\177e\277\016\010u\327\371&\262\312\317Q\2361t\377x\234\001v\003%\030\325_\225g\204\346a=\225\273\331\354\365*U\363\263N\367b\371\244\314-w\363\262\225Z\200\206\235\233\257?sE\2674\254\326mU\377?\177Ek\336\030!\316Aa\225\303\022\377{\210Y\226\271as\354L\035\004\341\361\035\301\024\220m#*\372\032\3178~\374\250\014*\323\342'z69\220\327\256\351G\367\317u\302\207\270b\315\333\333\334\310I\323&\014\352XZnW2.\335\347\202\021\247\362\212e\034\000\001\250\220\305;a\314\265R\310\017\317\331\235\360\262\240:\277\202\266\354\265X""\022\nh\252\352w\204\203\023]\001f\352\277\0031Q]\362\370R\350{\261\202\240\344\215\201\353\276\322p5p\350\354\017>\250r\241c\273\016\301\024\363\242\247\263\231\370\344\nBW\220K\316@3\243\200\036wk\253GSlU\010\360\231>\331\263H\214\324\030A\225\301o\346pkSF\004\241\213w9\223=\250\262*+\255\351r\265\244c\024\213\t\007`\223\325#\3477\210\345P\306\013\320\252[\0216+\227=`\371P\314\346 V7\271[~\n\237\274|\347\352@K\253~&\260\032\024\004B\200\255h\351\013\361\031:nG\211\005|\2003\266\274\251,W\006u\344\335d\003\306\212\313,\340\350bG\n\030Z\2732-\246\312\255\030\003\235207\005}D\260\0261ah\322M\304\216\273m0\271\234\237\007<w$\265C\245\232\033\023\313c\321B\032l\301h\005\320\252\301\361(\330[\343\357\343{\235\n\266g\272>\177\317\347\261qb&\270&\346ju\200\363N\320\307\004\034\001n\317\361\2653\254\2503\247\305\372\316W\022O\253x\250\025\373\247\354Tc\304\263\243^\352Gv\\264\261\r\035\226\306\2411\351\233\203\215\200$\231\300f\220\371c@\017\254\363\\371\340\340VaR\205~^\226\342t\360\022\204d\231\205)\272\364?\361!\334\331\315\254\230\rBG\314\023\246\244=\351\177\254\302b&\276+H;0\312\021&\275\036\237\350R\313\206R\331\304k\323u\263t\221\213yC\241\217A\242\027g\322\241'\212.E?B_\316\327\217J +\370\t^b\005\020\003\211\373\247|hC\271Nmk~J\270EU\274\036-\347\240\312FA\321\341bca\253\025\321\311\317\021\375\317\217\n\272\033o\353G>\275\361H\265\240\232um""\317\324`\214\221\314\000\211K\223+(""\200i \311\372g\254\343ZR0\224\275q\252\357\213\263\206N\357&Q\217\267\303\356I\236\357\264\311b\037\366\035\253\343\311\265\240\327q\206f\262ODi\215-\363>\034\236l\273\005G\316F\217}[\036\007\270:\260\335\271B\241N\345\330\204\327f\361\272Kb\0377p\334\264\237\177~\330]\252+:\317u\302h\n\351\n\364\231\277R\371\356\033y\265v\360Ny\246\332qY\262\231\251\n\305\334\202\305\362\n\367@k\231\016R:\327\242\366\242\253LZY\223$Gw^\203\302\311\316I7\371tTwp}\005|\372\214\251{R`\230V\244-\326I\351\255\325i\335\377\321\353\327\331\302\023\347y\016\263\271\317\306\017UV\314qu?\0064A\315{3D\010\016S\212\2353k0\361\214ID\303g\277\010Y_\001~\021\333\370\255\374\\331\306\255\336)\365Rth\024\t\300.M\315\321S\257\224\252\362\326P\316\303%nX\3742\333\036\004Y\264yG^\234\177\214\305q\237\274G\300a4\275\240s\215\222\210\016\020G\344=-:GK\312\035\271\201\350\376F\260G\347\000\235\365P6pmH\033\373\212c\377o\232\356\320D\002\277,]os{\354/?\312e\006wda\001\023\375\316\025\254\321\244\370+Y`\220\270\254\2601E[FI\310\235<qI \356\032v%\001\230\016\203\200\251UD\347\304\373\034\211\340@\342\033\263\365\356\341\357\350\324\035J\032\177\230\207\264\227\2326\315\307\363\323\325\303\032N\256*\307\327 \235\332\207u\210\271\257\306g\231i*\260\326k\001"";   nodeid: ""\260\000\000\000\000\000\000\000\000\000\000\000\000\000\000\000\000\000\000\000\000\000\000\000\000\000\000\000\000\000\000\000\001""; }; "
1750527663535,1750527663536,0,1,0,2,TMLedgerData,"ledgerHash: ""\220\303+\207\352g\317N\027>\222M\271m\033\236\021:\272\233r\373\233hC}\256\020\210\010\233\335""; ledgerSeq: 41; type: liBASE; nodes {;   nodedata: ""\000\000\000)\001cEx]\211\377\330v%\001\230\016\203\200\251UD\347\304\373\034\211\340@\342\033\263\365\356\341\357\350\324\035J\032\177\230\207\000\000\000\000\000\000\000\000\000\000\000\000\000\000\000\000\000\000\000\000\000\000\000\000\000\000\000\000\000\000\000\000\271\010\314\001\274\334\021\336i\227\025\331-X\253\246\331;k\314\030\213\311q\232N\354\226X\357f\203/\351\253-/\351\253.\n\000""; }; nodes {;   nodedata: ""\323C\344\327\264{\312-\017:\006{\177\344N\002\326bO\260\220\006\033\362\345\005U\221DzJ0\001\301\025%1L\307\t\261\262z\374\222T\301\274V\236\223\262\270Ct\362\337b\356\024*\324\320\351\317\002k\336\234\027v\351\217\260\303\360\233ZPZWr\246$w\313\313\r\243r\232\2234\373\3539:N\004Q\245\272D\312D\300\300\t\323\0257\345e\271\na\215{\226\255x%T\257\037\333\004\344_/R\006E\344\037@\210\363\010\336T\226\247'\204_{\261\370""1\235\2445\343\033Y!\212\201\341\272\225'\007\257\203\334m\353e\3177\002\247\312\342M\303\001\000\033\311\322Z\374\327\272z\004@\325\204j\305\205*\013\003""; }; ","ledgerHash: ""\220\303+\207\352g\317N\027>\222M\271m\033\236\021:\272\233r\373\233hC}\256\020\210\010\233\335""; ledgerSeq: 41; type: liBASE; nodes {;   nodedata: ""\000\000\000)\001cEx]\211\377\330v%\001\230\016\203\200\251UD\347\304\373\034\211\340@\342\033\263\365\356\341\357\350\324\035J\032\177\230\207\000\000\000\000\000\000\000\000\000\000\000\000\000\000\000\000\000\000\000\000\000\000\000\000\000\000\000\000\000\000\000\000\271\010\314\001\274\334\021\336i\227\025\331-X\253\246\331;k\314\030\213\311q\232N\354\226X\357f\203/\351\253-/\351\253.\n\000""; }; nodes {;   nodedata: ""\323C\344\327\264{\312-\017:\006{\177\344N\002\326bO\260\220\006\033\362\345\005U\221DzJ0\001\301\025%1L\307\t\261\262z\374\222T\301\274V\236\223\262\270Ct\362\337b\356\024*\324\320\351\317\002k\336\234\027v\351\217\260\303\360\233ZPZWr\246$w\313\313\r\243r\232\2234\373\3539:N\004Q\245\272D\312D\300\300\t\323\0257\345e\271\na\215{\226\255x%T\257\037\333\004\344_/R\006E\344\037@\210\363\010\336T\226\247'\204_{\261\370""1\235\2445\343\033Y!\212\201\341\272\225'\007\257\203\334m\353e\3177\002\247\312\342M\303\001\000\033\311\322Z\374\327\272z\004@\325\204j\305\205*\013\003""; }; "
1750527663536,1750527663536,0,1,4,2,TMLedgerData,"ledgerHash: ""\220\303+\207\352g\317N\027>\222M\271m\033\236\021:\272\233r\373\233hC}\256\020\210\010\233\335""; ledgerSeq: 41; type: liBASE; nodes {;   nodedata: ""\000\000\000)\001cEx]\211\377\330v%\001\230\016\203\200\251UD\347\304\373\034\211\340@\342\033\263\365\356\341\357\350\324\035J\032\177\230\207\000\000\000\000\000\000\000\000\000\000\000\000\000\000\000\000\000\000\000\000\000\000\000\000\000\000\000\000\000\000\000\000\271\010\314\001\274\334\021\336i\227\025\331-X\253\246\331;k\314\030\213\311q\232N\354\226X\357f\203/\351\253-/\351\253.\n\000""; }; nodes {;   nodedata: ""\323C\344\327\264{\312-\017:\006{\177\344N\002\326bO\260\220\006\033\362\345\005U\221DzJ0\001\301\025%1L\307\t\261\262z\374\222T\301\274V\236\223\262\270Ct\362\337b\356\024*\324\320\351\317\002k\336\234\027v\351\217\260\303\360\233ZPZWr\246$w\313\313\r\243r\232\2234\373\3539:N\004Q\245\272D\312D\300\300\t\323\0257\345e\271\na\215{\226\255x%T\257\037\333\004\344_/R\006E\344\037@\210\363\010\336T\226\247'\204_{\261\370""1\235\2445\343\033Y!\212\201\341\272\225'\007\257\203\334m\353e\3177\002\247\312\342M\303\001\000\033\311\322Z\374\327\272z\004@\325\204j\305\205*\013\003""; }; ","ledgerHash: ""\220\303+\207\352g\317N\027>\222M\271m\033\236\021:\272\233r\373\233hC}\256\020\210\010\233\335""; ledgerSeq: 41; type: liBASE; nodes {;   nodedata: ""\000\000\000)\001cEx]\211\377\330v%\001\230\016\203\200\251UD\347\304\373\034\211\340@\342\033\263\365\356\341\357\350\324\035J\032\177\230\207\000\000\000\000\000\000\000\000\000\000\000\000\000\000\000\000\000\000\000\000\000\000\000\000\000\000\000\000\000\000\000\000\271\010\314\001\274\334\021\336i\227\025\331-X\253\246\331;k\314\030\213\311q\232N\354\226X\357f\203/\351\253-/\351\253.\n\000""; }; nodes {;   nodedata: ""\323C\344\327\264{\312-\017:\006{\177\344N\002\326bO\260\220\006\033\362\345\005U\221DzJ0\001\301\025%1L\307\t\261\262z\374\222T\301\274V\236\223\262\270Ct\362\337b\356\024*\324\320\351\317\002k\336\234\027v\351\217\260\303\360\233ZPZWr\246$w\313\313\r\243r\232\2234\373\3539:N\004Q\245\272D\312D\300\300\t\323\0257\345e\271\na\215{\226\255x%T\257\037\333\004\344_/R\006E\344\037@\210\363\010\336T\226\247'\204_{\261\370""1\235\2445\343\033Y!\212\201\341\272\225'\007\257\203\334m\353e\3177\002\247\312\342M\303\001\000\033\311\322Z\374\327\272z\004@\325\204j\305\205*\013\003""; }; "
1750527663537,1750527663538,0,1,3,4,TMLedgerData,"ledgerHash: ""\220\303+\207\352g\317N\027>\222M\271m\033\236\021:\272\233r\373\233hC}\256\020\210\010\233\335""; ledgerSeq: 41; type: liAS_NODE; nodes {;   nodedata: ""\021\000h""\000\000\000\000 \033\000\000\000(\002\023\305_\330\356GuH\375\327!\255\371\r\231\262R\256J\034\222\241\355X\265E\241^W\225\304\014\361CX-}\351f\032\255\274\334m\326c\017\014ao[\342\230\003\245\245\3341Hm\326^\017jy\335\261\032Yt\320\244{g\0306\\302\303*\341\215\223\257\364\277o\375\000r\241SOq\221\253\262\005\017\375T\356\014\360o'\030\311-\267\031\257!\031T\006><\315XM\334\324\345\034\000\325\367\240\271\013\265\024\321\362\354\211\250.\234s\225amc\305\035\366\276\037nD\277`\210\223N\3535\033\261\304f\331]\036\237\306o!\223\221\002\324\031\262\240R\177 ,\214\325\Q])\016\2067\277\t\354\010\000\360\215\2502\265\245\310\226\243c\302Ze\306\253#r\020\211\320iG\276\020E\317\035Sf\223F\254\033@\177e\277\016\010u\327\371&\262\312\317Q\2361t\377x\234\001v\003%\030\325_\225g\204\346a=\225\273\331\354\365*U\363\263N\367b\371\244\314-w\363\262\225Z\200\206\235\233\257?sE\2674\254\326mU\377?\177Ek\336\030!\316Aa\225\303\022\377{\210Y\226\271as\354L\035\004\341\361\035\301\024\220m#*\372\032\3178~\374\250\014*\323\342'z69\220\327\256\351G\367\317u\302\207\270b\315\333\333\334\310I\323&\014\352XZnW2.\335\347\202\021\247\362\212e\034\000\001\250\220\305;a\314\265R\310\017\317\331\235\360\262\240:\277\202\266\354\265X""\022\nh\252\352w\204\203\023]\001f\352\277\0031Q]\362\370R\350{\261\202\240\344\215\201\353\276\322p5p\350\354\017>\250r\241c\273\016\301\024\363\242\247\263\231\370\344\nBW\220K\316@3\243\200\036wk\253GSlU\010\360\231>\331\263H\214\324\030A\225\301o\346pkSF\004\241\213w9\223=\250\262*+\255\351r\265\244c\024\213\t\007`\223\325#\3477\210\345P\306\013\320\252[\0216+\227=`\371P\314\346 V7\271[~\n\237\274|\347\352@K\253~&\260\032\024\004B\200\255h\351\013\361\031:nG\211\005|\2003\266\274\251,W\006u\344\335d\003\306\212\313,\340\350bG\n\030Z\2732-\246\312\255\030\003\235207\005}D\260\0261ah\322M\304\216\273m0\271\234\237\007<w$\265C\245\232\033\023\313c\321B\032l\301h\005\320\252\301\361(\330[\343\357\343{\235\n\266g\272>\177\317\347\261qb&\270&\346ju\200\363N\320\307\004\034\001n\317\361\2653\254\2503\247\305\372\316W\022O\253x\250\025\373\247\354Tc\304\263\243^\352Gv\\264\261\r\035\226\306\2411\351\233\203\215\200$\231\300f\220\371c@\017\254\363\\371\340\340VaR\205~^\226\342t\360\022\204d\231\205)\272\364?\361!\334\331\315\254\230\rBG\314\023\246\244=\351\177\254\302b&\276+H;0\312\021&\275\036\237\350R\313\206R\331\304k\323u\263t\221\213yC\241\217A\242\027g\322\241'\212.E?B_\316\327\217J +\370\t^b\005\020\003\211\373\247|hC\271Nmk~J\270EU\274\036-\347\240\312FA\321\341bca\253\025\321\311\317\021\375\317\217\n\272\033o\353G>\275\361H\265\240\232um""\317\324`\214\221\314\000\211K\223+(""\200i \311\372g\254\343ZR0\224\275q\252\357\213\263\206N\357&Q\217\267\303\356I\236\357\264\311b\037\366\035\253\343\311\265\240\327q\206f\262ODi\215-\363>\034\236l\273\005G\316F\217}[\036\007\270:\260\335\271B\241N\345\330\204\327f\361\272Kb\0377p\334\264\237\177~\330]\252+:\317u\302h\n\351\n\364\231\277R\371\356\033y\265v\360Ny\246\332qY\262\231\251\n\305\334\202\305\362\n\367@k\231\016R:\327\242\366\242\253LZY\223$Gw^\203\302\311\316I7\371tTwp}\005|\372\214\251{R`\230V\244-\326I\351\255\325i\335\377\321\353\327\331\302\023\347y\016\263\271\317\306\017UV\314qu?\0064A\315{3D\010\016S\212\2353k0\361\214ID\303g\277\010Y_\001~\021\333\370\255\374\\331\306\255\336)\365Rth\024\t\300.M\315\321S\257\224\252\362\326P\316\303%nX\3742\333\036\004Y\264yG^\234\177\214\305q\237\274G\300a4\275\240s\215\222\210\016\020G\344=-:GK\312\035\271\201\350\376F\260G\347\000\235\365P6pmH\033\373\212c\377o\232\356\320D\002\277,]os{\354/?\312e\006wda\001\023\375\316\025\254\321\244\370+Y`\220\270\254\2601E[FI\310\235<qI \356\032v%\001\230\016\203\200\251UD\347\304\373\034\211\340@\342\033\263\365\356\341\357\350\324\035J\032\177\230\207\264\227\2326\315\307\363\323\325\303\032N\256*\307\327 \235\332\207u\210\271\257\306g\231i*\260\326k\001"";   nodeid: ""\260\000\000\000\000\000\000\000\000\000\000\000\000\000\000\000\000\000\000\000\000\000\000\000\000\000\000\000\000\000\000\000\001""; }; ","ledgerHash: ""\220\303+\207\352g\317N\027>\222M\271m\033\236\021:\272\233r\373\233hC}\256\020\210\010\233\335""; ledgerSeq: 41; type: liAS_NODE; nodes {;   nodedata: ""\021\000h""\000\000\000\000 \033\000\000\000(\002\023\305_\330\356GuH\375\327!\255\371\r\231\262R\256J\034\222\241\355X\265E\241^W\225\304\014\361CX-}\351f\032\255\274\334m\326c\017\014ao[\342\230\003\245\245\3341Hm\326^\017jy\335\261\032Yt\320\244{g\0306\\302\303*\341\215\223\257\364\277o\375\000r\241SOq\221\253\262\005\017\375T\356\014\360o'\030\311-\267\031\257!\031T\006><\315XM\334\324\345\034\000\325\367\240\271\013\265\024\321\362\354\211\250.\234s\225amc\305\035\366\276\037nD\277`\210\223N\3535\033\261\304f\331]\036\237\306o!\223\221\002\324\031\262\240R\177 ,\214\325\Q])\016\2067\277\t\354\010\000\360\215\2502\265\245\310\226\243c\302Ze\306\253#r\020\211\320iG\276\020E\317\035Sf\223F\254\033@\177e\277\016\010u\327\371&\262\312\317Q\2361t\377x\234\001v\003%\030\325_\225g\204\346a=\225\273\331\354\365*U\363\263N\367b\371\244\314-w\363\262\225Z\200\206\235\233\257?sE\2674\254\326mU\377?\177Ek\336\030!\316Aa\225\303\022\377{\210Y\226\271as\354L\035\004\341\361\035\301\024\220m#*\372\032\3178~\374\250\014*\323\342'z69\220\327\256\351G\367\317u\302\207\270b\315\333\333\334\310I\323&\014\352XZnW2.\335\347\202\021\247\362\212e\034\000\001\250\220\305;a\314\265R\310\017\317\331\235\360\262\240:\277\202\266\354\265X""\022\nh\252\352w\204\203\023]\001f\352\277\0031Q]\362\370R\350{\261\202\240\344\215\201\353\276\322p5p\350\354\017>\250r\241c\273\016\301\024\363\242\247\263\231\370\344\nBW\220K\316@3\243\200\036wk\253GSlU\010\360\231>\331\263H\214\324\030A\225\301o\346pkSF\004\241\213w9\223=\250\262*+\255\351r\265\244c\024\213\t\007`\223\325#\3477\210\345P\306\013\320\252[\0216+\227=`\371P\314\346 V7\271[~\n\237\274|\347\352@K\253~&\260\032\024\004B\200\255h\351\013\361\031:nG\211\005|\2003\266\274\251,W\006u\344\335d\003\306\212\313,\340\350bG\n\030Z\2732-\246\312\255\030\003\235207\005}D\260\0261ah\322M\304\216\273m0\271\234\237\007<w$\265C\245\232\033\023\313c\321B\032l\301h\005\320\252\301\361(\330[\343\357\343{\235\n\266g\272>\177\317\347\261qb&\270&\346ju\200\363N\320\307\004\034\001n\317\361\2653\254\2503\247\305\372\316W\022O\253x\250\025\373\247\354Tc\304\263\243^\352Gv\\264\261\r\035\226\306\2411\351\233\203\215\200$\231\300f\220\371c@\017\254\363\\371\340\340VaR\205~^\226\342t\360\022\204d\231\205)\272\364?\361!\334\331\315\254\230\rBG\314\023\246\244=\351\177\254\302b&\276+H;0\312\021&\275\036\237\350R\313\206R\331\304k\323u\263t\221\213yC\241\217A\242\027g\322\241'\212.E?B_\316\327\217J +\370\t^b\005\020\003\211\373\247|hC\271Nmk~J\270EU\274\036-\347\240\312FA\321\341bca\253\025\321\311\317\021\375\317\217\n\272\033o\353G>\275\361H\265\240\232um""\317\324`\214\221\314\000\211K\223+(""\200i \311\372g\254\343ZR0\224\275q\252\357\213\263\206N\357&Q\217\267\303\356I\236\357\264\311b\037\366\035\253\343\311\265\240\327q\206f\262ODi\215-\363>\034\236l\273\005G\316F\217}[\036\007\270:\260\335\271B\241N\345\330\204\327f\361\272Kb\0377p\334\264\237\177~\330]\252+:\317u\302h\n\351\n\364\231\277R\371\356\033y\265v\360Ny\246\332qY\262\231\251\n\305\334\202\305\362\n\367@k\231\016R:\327\242\366\242\253LZY\223$Gw^\203\302\311\316I7\371tTwp}\005|\372\214\251{R`\230V\244-\326I\351\255\325i\335\377\321\353\327\331\302\023\347y\016\263\271\317\306\017UV\314qu?\0064A\315{3D\010\016S\212\2353k0\361\214ID\303g\277\010Y_\001~\021\333\370\255\374\\331\306\255\336)\365Rth\024\t\300.M\315\321S\257\224\252\362\326P\316\303%nX\3742\333\036\004Y\264yG^\234\177\214\305q\237\274G\300a4\275\240s\215\222\210\016\020G\344=-:GK\312\035\271\201\350\376F\260G\347\000\235\365P6pmH\033\373\212c\377o\232\356\320D\002\277,]os{\354/?\312e\006wda\001\023\375\316\025\254\321\244\370+Y`\220\270\254\2601E[FI\310\235<qI \356\032v%\001\230\016\203\200\251UD\347\304\373\034\211\340@\342\033\263\365\356\341\357\350\324\035J\032\177\230\207\264\227\2326\315\307\363\323\325\303\032N\256*\307\327 \235\332\207u\210\271\257\306g\231i*\260\326k\001"";   nodeid: ""\260\000\000\000\000\000\000\000\000\000\000\000\000\000\000\000\000\000\000\000\000\000\000\000\000\000\000\000\000\000\000\000\001""; }; "
1750527663538,1750527663539,0,1,2,4,TMLedgerData,"ledgerHash: ""\220\303+\207\352g\317N\027>\222M\271m\033\236\021:\272\233r\373\233hC}\256\020\210\010\233\335""; ledgerSeq: 41; type: liBASE; nodes {;   nodedata: ""\000\000\000)\001cEx]\211\377\330v%\001\230\016\203\200\251UD\347\304\373\034\211\340@\342\033\263\365\356\341\357\350\324\035J\032\177\230\207\000\000\000\000\000\000\000\000\000\000\000\000\000\000\000\000\000\000\000\000\000\000\000\000\000\000\000\000\000\000\000\000\271\010\314\001\274\334\021\336i\227\025\331-X\253\246\331;k\314\030\213\311q\232N\354\226X\357f\203/\351\253-/\351\253.\n\000""; }; nodes {;   nodedata: ""\323C\344\327\264{\312-\017:\006{\177\344N\002\326bO\260\220\006\033\362\345\005U\221DzJ0\001\301\025%1L\307\t\261\262z\374\222T\301\274V\236\223\262\270Ct\362\337b\356\024*\324\320\351\317\002k\336\234\027v\351\217\260\303\360\233ZPZWr\246$w\313\313\r\243r\232\2234\373\3539:N\004Q\245\272D\312D\300\300\t\323\0257\345e\271\na\215{\226\255x%T\257\037\333\004\344_/R\006E\344\037@\210\363\010\336T\226\247'\204_{\261\370""1\235\2445\343\033Y!\212\201\341\272\225'\007\257\203\334m\353e\3177\002\247\312\342M\303\001\000\033\311\322Z\374\327\272z\004@\325\204j\305\205*\013\003""; }; ","ledgerHash: ""\220\303+\207\352g\317N\027>\222M\271m\033\236\021:\272\233r\373\233hC}\256\020\210\010\233\335""; ledgerSeq: 41; type: liBASE; nodes {;   nodedata: ""\000\000\000)\001cEx]\211\377\330v%\001\230\016\203\200\251UD\347\304\373\034\211\340@\342\033\263\365\356\341\357\350\324\035J\032\177\230\207\000\000\000\000\000\000\000\000\000\000\000\000\000\000\000\000\000\000\000\000\000\000\000\000\000\000\000\000\000\000\000\000\271\010\314\001\274\334\021\336i\227\025\331-X\253\246\331;k\314\030\213\311q\232N\354\226X\357f\203/\351\253-/\351\253.\n\000""; }; nodes {;   nodedata: ""\323C\344\327\264{\312-\017:\006{\177\344N\002\326bO\260\220\006\033\362\345\005U\221DzJ0\001\301\025%1L\307\t\261\262z\374\222T\301\274V\236\223\262\270Ct\362\337b\356\024*\324\320\351\317\002k\336\234\027v\351\217\260\303\360\233ZPZWr\246$w\313\313\r\243r\232\2234\373\3539:N\004Q\245\272D\312D\300\300\t\323\0257\345e\271\na\215{\226\255x%T\257\037\333\004\344_/R\006E\344\037@\210\363\010\336T\226\247'\204_{\261\370""1\235\2445\343\033Y!\212\201\341\272\225'\007\257\203\334m\353e\3177\002\247\312\342M\303\001\000\033\311\322Z\374\327\272z\004@\325\204j\305\205*\013\003""; }; "
1750527663539,1750527663540,0,1,3,0,TMLedgerData,"ledgerHash: ""\220\303+\207\352g\317N\027>\222M\271m\033\236\021:\272\233r\373\233hC}\256\020\210\010\233\335""; ledgerSeq: 41; type: liBASE; nodes {;   nodedata: ""\000\000\000)\001cEx]\211\377\330v%\001\230\016\203\200\251UD\347\304\373\034\211\340@\342\033\263\365\356\341\357\350\324\035J\032\177\230\207\000\000\000\000\000\000\000\000\000\000\000\000\000\000\000\000\000\000\000\000\000\000\000\000\000\000\000\000\000\000\000\000\271\010\314\001\274\334\021\336i\227\025\331-X\253\246\331;k\314\030\213\311q\232N\354\226X\357f\203/\351\253-/\351\253.\n\000""; }; nodes {;   nodedata: ""\323C\344\327\264{\312-\017:\006{\177\344N\002\326bO\260\220\006\033\362\345\005U\221DzJ0\001\301\025%1L\307\t\261\262z\374\222T\301\274V\236\223\262\270Ct\362\337b\356\024*\324\320\351\317\002k\336\234\027v\351\217\260\303\360\233ZPZWr\246$w\313\313\r\243r\232\2234\373\3539:N\004Q\245\272D\312D\300\300\t\323\0257\345e\271\na\215{\226\255x%T\257\037\333\004\344_/R\006E\344\037@\210\363\010\336T\226\247'\204_{\261\370""1\235\2445\343\033Y!\212\201\341\272\225'\007\257\203\334m\353e\3177\002\247\312\342M\303\001\000\033\311\322Z\374\327\272z\004@\325\204j\305\205*\013\003""; }; requestCookie: 5; ","ledgerHash: ""\220\303+\207\352g\317N\027>\222M\271m\033\236\021:\272\233r\373\233hC}\256\020\210\010\233\335""; ledgerSeq: 41; type: liBASE; nodes {;   nodedata: ""\000\000\000)\001cEx]\211\377\330v%\001\230\016\203\200\251UD\347\304\373\034\211\340@\342\033\263\365\356\341\357\350\324\035J\032\177\230\207\000\000\000\000\000\000\000\000\000\000\000\000\000\000\000\000\000\000\000\000\000\000\000\000\000\000\000\000\000\000\000\000\271\010\314\001\274\334\021\336i\227\025\331-X\253\246\331;k\314\030\213\311q\232N\354\226X\357f\203/\351\253-/\351\253.\n\000""; }; nodes {;   nodedata: ""\323C\344\327\264{\312-\017:\006{\177\344N\002\326bO\260\220\006\033\362\345\005U\221DzJ0\001\301\025%1L\307\t\261\262z\374\222T\301\274V\236\223\262\270Ct\362\337b\356\024*\324\320\351\317\002k\336\234\027v\351\217\260\303\360\233ZPZWr\246$w\313\313\r\243r\232\2234\373\3539:N\004Q\245\272D\312D\300\300\t\323\0257\345e\271\na\215{\226\255x%T\257\037\333\004\344_/R\006E\344\037@\210\363\010\336T\226\247'\204_{\261\370""1\235\2445\343\033Y!\212\201\341\272\225'\007\257\203\334m\353e\3177\002\247\312\342M\303\001\000\033\311\322Z\374\327\272z\004@\325\204j\305\205*\013\003""; }; requestCookie: 5; "
1750527663540,1750527663541,0,1,3,0,TMLedgerData,"ledgerHash: ""\220\303+\207\352g\317N\027>\222M\271m\033\236\021:\272\233r\373\233hC}\256\020\210\010\233\335""; ledgerSeq: 41; type: liBASE; nodes {;   nodedata: ""\000\000\000)\001cEx]\211\377\330v%\001\230\016\203\200\251UD\347\304\373\034\211\340@\342\033\263\365\356\341\357\350\324\035J\032\177\230\207\000\000\000\000\000\000\000\000\000\000\000\000\000\000\000\000\000\000\000\000\000\000\000\000\000\000\000\000\000\000\000\000\271\010\314\001\274\334\021\336i\227\025\331-X\253\246\331;k\314\030\213\311q\232N\354\226X\357f\203/\351\253-/\351\253.\n\000""; }; nodes {;   nodedata: ""\323C\344\327\264{\312-\017:\006{\177\344N\002\326bO\260\220\006\033\362\345\005U\221DzJ0\001\301\025%1L\307\t\261\262z\374\222T\301\274V\236\223\262\270Ct\362\337b\356\024*\324\320\351\317\002k\336\234\027v\351\217\260\303\360\233ZPZWr\246$w\313\313\r\243r\232\2234\373\3539:N\004Q\245\272D\312D\300\300\t\323\0257\345e\271\na\215{\226\255x%T\257\037\333\004\344_/R\006E\344\037@\210\363\010\336T\226\247'\204_{\261\370""1\235\2445\343\033Y!\212\201\341\272\225'\007\257\203\334m\353e\3177\002\247\312\342M\303\001\000\033\311\322Z\374\327\272z\004@\325\204j\305\205*\013\003""; }; requestCookie: 2; ","ledgerHash: ""\220\303+\207\352g\317N\027>\222M\271m\033\236\021:\272\233r\373\233hC}\256\020\210\010\233\335""; ledgerSeq: 41; type: liBASE; nodes {;   nodedata: ""\000\000\000)\001cEx]\211\377\330v%\001\230\016\203\200\251UD\347\304\373\034\211\340@\342\033\263\365\356\341\357\350\324\035J\032\177\230\207\000\000\000\000\000\000\000\000\000\000\000\000\000\000\000\000\000\000\000\000\000\000\000\000\000\000\000\000\000\000\000\000\271\010\314\001\274\334\021\336i\227\025\331-X\253\246\331;k\314\030\213\311q\232N\354\226X\357f\203/\351\253-/\351\253.\n\000""; }; nodes {;   nodedata: ""\323C\344\327\264{\312-\017:\006{\177\344N\002\326bO\260\220\006\033\362\345\005U\221DzJ0\001\301\025%1L\307\t\261\262z\374\222T\301\274V\236\223\262\270Ct\362\337b\356\024*\324\320\351\317\002k\336\234\027v\351\217\260\303\360\233ZPZWr\246$w\313\313\r\243r\232\2234\373\3539:N\004Q\245\272D\312D\300\300\t\323\0257\345e\271\na\215{\226\255x%T\257\037\333\004\344_/R\006E\344\037@\210\363\010\336T\226\247'\204_{\261\370""1\235\2445\343\033Y!\212\201\341\272\225'\007\257\203\334m\353e\3177\002\247\312\342M\303\001\000\033\311\322Z\374\327\272z\004@\325\204j\305\205*\013\003""; }; requestCookie: 2; "
1750527663541,1750527663541,0,1,2,0,TMLedgerData,"ledgerHash: ""\220\303+\207\352g\317N\027>\222M\271m\033\236\021:\272\233r\373\233hC}\256\020\210\010\233\335""; ledgerSeq: 41; type: liBASE; nodes {;   nodedata: ""\000\000\000)\001cEx]\211\377\330v%\001\230\016\203\200\251UD\347\304\373\034\211\340@\342\033\263\365\356\341\357\350\324\035J\032\177\230\207\000\000\000\000\000\000\000\000\000\000\000\000\000\000\000\000\000\000\000\000\000\000\000\000\000\000\000\000\000\000\000\000\271\010\314\001\274\334\021\336i\227\025\331-X\253\246\331;k\314\030\213\311q\232N\354\226X\357f\203/\351\253-/\351\253.\n\000""; }; nodes {;   nodedata: ""\323C\344\327\264{\312-\017:\006{\177\344N\002\326bO\260\220\006\033\362\345\005U\221DzJ0\001\301\025%1L\307\t\261\262z\374\222T\301\274V\236\223\262\270Ct\362\337b\356\024*\324\320\351\317\002k\336\234\027v\351\217\260\303\360\233ZPZWr\246$w\313\313\r\243r\232\2234\373\3539:N\004Q\245\272D\312D\300\300\t\323\0257\345e\271\na\215{\226\255x%T\257\037\333\004\344_/R\006E\344\037@\210\363\010\336T\226\247'\204_{\261\370""1\235\2445\343\033Y!\212\201\341\272\225'\007\257\203\334m\353e\3177\002\247\312\342M\303\001\000\033\311\322Z\374\327\272z\004@\325\204j\305\205*\013\003""; }; ","ledgerHash: ""\220\303+\207\352g\317N\027>\222M\271m\033\236\021:\272\233r\373\233hC}\256\020\210\010\233\335""; ledgerSeq: 41; type: liBASE; nodes {;   nodedata: ""\000\000\000)\001cEx]\211\377\330v%\001\230\016\203\200\251UD\347\304\373\034\211\340@\342\033\263\365\356\341\357\350\324\035J\032\177\230\207\000\000\000\000\000\000\000\000\000\000\000\000\000\000\000\000\000\000\000\000\000\000\000\000\000\000\000\000\000\000\000\000\271\010\314\001\274\334\021\336i\227\025\331-X\253\246\331;k\314\030\213\311q\232N\354\226X\357f\203/\351\253-/\351\253.\n\000""; }; nodes {;   nodedata: ""\323C\344\327\264{\312-\017:\006{\177\344N\002\326bO\260\220\006\033\362\345\005U\221DzJ0\001\301\025%1L\307\t\261\262z\374\222T\301\274V\236\223\262\270Ct\362\337b\356\024*\324\320\351\317\002k\336\234\027v\351\217\260\303\360\233ZPZWr\246$w\313\313\r\243r\232\2234\373\3539:N\004Q\245\272D\312D\300\300\t\323\0257\345e\271\na\215{\226\255x%T\257\037\333\004\344_/R\006E\344\037@\210\363\010\336T\226\247'\204_{\261\370""1\235\2445\343\033Y!\212\201\341\272\225'\007\257\203\334m\353e\3177\002\247\312\342M\303\001\000\033\311\322Z\374\327\272z\004@\325\204j\305\205*\013\003""; }; "
1750527663542,1750527663542,0,1,4,0,TMLedgerData,"ledgerHash: ""\220\303+\207\352g\317N\027>\222M\271m\033\236\021:\272\233r\373\233hC}\256\020\210\010\233\335""; ledgerSeq: 41; type: liBASE; nodes {;   nodedata: ""\000\000\000)\001cEx]\211\377\330v%\001\230\016\203\200\251UD\347\304\373\034\211\340@\342\033\263\365\356\341\357\350\324\035J\032\177\230\207\000\000\000\000\000\000\000\000\000\000\000\000\000\000\000\000\000\000\000\000\000\000\000\000\000\000\000\000\000\000\000\000\271\010\314\001\274\334\021\336i\227\025\331-X\253\246\331;k\314\030\213\311q\232N\354\226X\357f\203/\351\253-/\351\253.\n\000""; }; nodes {;   nodedata: ""\323C\344\327\264{\312-\017:\006{\177\344N\002\326bO\260\220\006\033\362\345\005U\221DzJ0\001\301\025%1L\307\t\261\262z\374\222T\301\274V\236\223\262\270Ct\362\337b\356\024*\324\320\351\317\002k\336\234\027v\351\217\260\303\360\233ZPZWr\246$w\313\313\r\243r\232\2234\373\3539:N\004Q\245\272D\312D\300\300\t\323\0257\345e\271\na\215{\226\255x%T\257\037\333\004\344_/R\006E\344\037@\210\363\010\336T\226\247'\204_{\261\370""1\235\2445\343\033Y!\212\201\341\272\225'\007\257\203\334m\353e\3177\002\247\312\342M\303\001\000\033\311\322Z\374\327\272z\004@\325\204j\305\205*\013\003""; }; ","ledgerHash: ""\220\303+\207\352g\317N\027>\222M\271m\033\236\021:\272\233r\373\233hC}\256\020\210\010\233\335""; ledgerSeq: 41; type: liBASE; nodes {;   nodedata: ""\000\000\000)\001cEx]\211\377\330v%\001\230\016\203\200\251UD\347\304\373\034\211\340@\342\033\263\365\356\341\357\350\324\035J\032\177\230\207\000\000\000\000\000\000\000\000\000\000\000\000\000\000\000\000\000\000\000\000\000\000\000\000\000\000\000\000\000\000\000\000\271\010\314\001\274\334\021\336i\227\025\331-X\253\246\331;k\314\030\213\311q\232N\354\226X\357f\203/\351\253-/\351\253.\n\000""; }; nodes {;   nodedata: ""\323C\344\327\264{\312-\017:\006{\177\344N\002\326bO\260\220\006\033\362\345\005U\221DzJ0\001\301\025%1L\307\t\261\262z\374\222T\301\274V\236\223\262\270Ct\362\337b\356\024*\324\320\351\317\002k\336\234\027v\351\217\260\303\360\233ZPZWr\246$w\313\313\r\243r\232\2234\373\3539:N\004Q\245\272D\312D\300\300\t\323\0257\345e\271\na\215{\226\255x%T\257\037\333\004\344_/R\006E\344\037@\210\363\010\336T\226\247'\204_{\261\370""1\235\2445\343\033Y!\212\201\341\272\225'\007\257\203\334m\353e\3177\002\247\312\342M\303\001\000\033\311\322Z\374\327\272z\004@\325\204j\305\205*\013\003""; }; "
1750527663543,1750527663543,0,1,3,0,TMLedgerData,"ledgerHash: ""\220\303+\207\352g\317N\027>\222M\271m\033\236\021:\272\233r\373\233hC}\256\020\210\010\233\335""; ledgerSeq: 41; type: liAS_NODE; nodes {;   nodedata: ""\021\000h""\000\000\000\000 \033\000\000\000(\002\023\305_\330\356GuH\375\327!\255\371\r\231\262R\256J\034\222\241\355X\265E\241^W\225\304\014\361CX-}\351f\032\255\274\334m\326c\017\014ao[\342\230\003\245\245\3341Hm\326^\017jy\335\261\032Yt\320\244{g\0306\\302\303*\341\215\223\257\364\277o\375\000r\241SOq\221\253\262\005\017\375T\356\014\360o'\030\311-\267\031\257!\031T\006><\315XM\334\324\345\034\000\325\367\240\271\013\265\024\321\362\354\211\250.\234s\225amc\305\035\366\276\037nD\277`\210\223N\3535\033\261\304f\331]\036\237\306o!\223\221\002\324\031\262\240R\177 ,\214\325\Q])\016\2067\277\t\354\010\000\360\215\2502\265\245\310\226\243c\302Ze\306\253#r\020\211\320iG\276\020E\317\035Sf\223F\254\033@\177e\277\016\010u\327\371&\262\312\317Q\2361t\377x\234\001v\003%\030\325_\225g\204\346a=\225\273\331\354\365*U\363\263N\367b\371\244\314-w\363\262\225Z\200\206\235\233\257?sE\2674\254\326mU\377?\177Ek\336\030!\316Aa\225\303\022\377{\210Y\226\271as\354L\035\004\341\361\035\301\024\220m#*\372\032\3178~\374\250\014*\323\342'z69\220\327\256\351G\367\317u\302\207\270b\315\333\333\334\310I\323&\014\352XZnW2.\335\347\202\021\247\362\212e\034\000\001\250\220\305;a\314\265R\310\017\317\331\235\360\262\240:\277\202\266\354\265X""\022\nh\252\352w\204\203\023]\001f\352\277\0031Q]\362\370R\350{\261\202\240\344\215\201\353\276\322p5p\350\354\017>\250r\241c\273\016\301\024\363\242\247\263\231\370\344\nBW\220K\316@3\243\200\036wk\253GSlU\010\360\231>\331\263H\214\324\030A\225\301o\346pkSF\004\241\213w9\223=\250\262*+\255\351r\265\244c\024\213\t\007`\223\325#\3477\210\345P\306\013\320\252[\0216+\227=`\371P\314\346 V7\271[~\n\237\274|\347\352@K\253~&\260\032\024\004B\200\255h\351\013\361\031:nG\211\005|\2003\266\274\251,W\006u\344\335d\003\306\212\313,\340\350bG\n\030Z\2732-\246\312\255\030\003\235207\005}D\260\0261ah\322M\304\216\273m0\271\234\237\007<w$\265C\245\232\033\023\313c\321B\032l\301h\005\320\252\301\361(\330[\343\357\343{\235\n\266g\272>\177\317\347\261qb&\270&\346ju\200\363N\320\307\004\034\001n\317\361\2653\254\2503\247\305\372\316W\022O\253x\250\025\373\247\354Tc\304\263\243^\352Gv\\264\261\r\035\226\306\2411\351\233\203\215\200$\231\300f\220\371c@\017\254\363\\371\340\340VaR\205~^\226\342t\360\022\204d\231\205)\272\364?\361!\334\331\315\254\230\rBG\314\023\246\244=\351\177\254\302b&\276+H;0\312\021&\275\036\237\350R\313\206R\331\304k\323u\263t\221\213yC\241\217A\242\027g\322\241'\212.E?B_\316\327\217J +\370\t^b\005\020\003\211\373\247|hC\271Nmk~J\270EU\274\036-\347\240\312FA\321\341bca\253\025\321\311\317\021\375\317\217\n\272\033o\353G>\275\361H\265\240\232um""\317\324`\214\221\314\000\211K\223+(""\200i \311\372g\254\343ZR0\224\275q\252\357\213\263\206N\357&Q\217\267\303\356I\236\357\264\311b\037\366\035\253\343\311\265\240\327q\206f\262ODi\215-\363>\034\236l\273\005G\316F\217}[\036\007\270:\260\335\271B\241N\345\330\204\327f\361\272Kb\0377p\334\264\237\177~\330]\252+:\317u\302h\n\351\n\364\231\277R\371\356\033y\265v\360Ny\246\332qY\262\231\251\n\305\334\202\305\362\n\367@k\231\016R:\327\242\366\242\253LZY\223$Gw^\203\302\311\316I7\371tTwp}\005|\372\214\251{R`\230V\244-\326I\351\255\325i\335\377\321\353\327\331\302\023\347y\016\263\271\317\306\017UV\314qu?\0064A\315{3D\010\016S\212\2353k0\361\214ID\303g\277\010Y_\001~\021\333\370\255\374\\331\306\255\336)\365Rth\024\t\300.M\315\321S\257\224\252\362\326P\316\303%nX\3742\333\036\004Y\264yG^\234\177\214\305q\237\274G\300a4\275\240s\215\222\210\016\020G\344=-:GK\312\035\271\201\350\376F\260G\347\000\235\365P6pmH\033\373\212c\377o\232\356\320D\002\277,]os{\354/?\312e\006wda\001\023\375\316\025\254\321\244\370+Y`\220\270\254\2601E[FI\310\235<qI \356\032v%\001\230\016\203\200\251UD\347\304\373\034\211\340@\342\033\263\365\356\341\357\350\324\035J\032\177\230\207\264\227\2326\315\307\363\323\325\303\032N\256*\307\327 \235\332\207u\210\271\257\306g\231i*\260\326k\001"";   nodeid: ""\260\000\000\000\000\000\000\000\000\000\000\000\000\000\000\000\000\000\000\000\000\000\000\000\000\000\000\000\000\000\000\000\001""; }; ","ledgerHash: ""\220\303+\207\352g\317N\027>\222M\271m\033\236\021:\272\233r\373\233hC}\256\020\210\010\233\335""; ledgerSeq: 41; type: liAS_NODE; nodes {;   nodedata: ""\021\000h""\000\000\000\000 \033\000\000\000(\002\023\305_\330\356GuH\375\327!\255\371\r\231\262R\256J\034\222\241\355X\265E\241^W\225\304\014\361CX-}\351f\032\255\274\334m\326c\017\014ao[\342\230\003\245\245\3341Hm\326^\017jy\335\261\032Yt\320\244{g\0306\\302\303*\341\215\223\257\364\277o\375\000r\241SOq\221\253\262\005\017\375T\356\014\360o'\030\311-\267\031\257!\031T\006><\315XM\334\324\345\034\000\325\367\240\271\013\265\024\321\362\354\211\250.\234s\225amc\305\035\366\276\037nD\277`\210\223N\3535\033\261\304f\331]\036\237\306o!\223\221\002\324\031\262\240R\177 ,\214\325\Q])\016\2067\277\t\354\010\000\360\215\2502\265\245\310\226\243c\302Ze\306\253#r\020\211\320iG\276\020E\317\035Sf\223F\254\033@\177e\277\016\010u\327\371&\262\312\317Q\2361t\377x\234\001v\003%\030\325_\225g\204\346a=\225\273\331\354\365*U\363\263N\367b\371\244\314-w\363\262\225Z\200\206\235\233\257?sE\2674\254\326mU\377?\177Ek\336\030!\316Aa\225\303\022\377{\210Y\226\271as\354L\035\004\341\361\035\301\024\220m#*\372\032\3178~\374\250\014*\323\342'z69\220\327\256\351G\367\317u\302\207\270b\315\333\333\334\310I\323&\014\352XZnW2.\335\347\202\021\247\362\212e\034\000\001\250\220\305;a\314\265R\310\017\317\331\235\360\262\240:\277\202\266\354\265X""\022\nh\252\352w\204\203\023]\001f\352\277\0031Q]\362\370R\350{\261\202\240\344\215\201\353\276\322p5p\350\354\017>\250r\241c\273\016\301\024\363\242\247\263\231\370\344\nBW\220K\316@3\243\200\036wk\253GSlU\010\360\231>\331\263H\214\324\030A\225\301o\346pkSF\004\241\213w9\223=\250\262*+\255\351r\265\244c\024\213\t\007`\223\325#\3477\210\345P\306\013\320\252[\0216+\227=`\371P\314\346 V7\271[~\n\237\274|\347\352@K\253~&\260\032\024\004B\200\255h\351\013\361\031:nG\211\005|\2003\266\274\251,W\006u\344\335d\003\306\212\313,\340\350bG\n\030Z\2732-\246\312\255\030\003\235207\005}D\260\0261ah\322M\304\216\273m0\271\234\237\007<w$\265C\245\232\033\023\313c\321B\032l\301h\005\320\252\301\361(\330[\343\357\343{\235\n\266g\272>\177\317\347\261qb&\270&\346ju\200\363N\320\307\004\034\001n\317\361\2653\254\2503\247\305\372\316W\022O\253x\250\025\373\247\354Tc\304\263\243^\352Gv\\264\261\r\035\226\306\2411\351\233\203\215\200$\231\300f\220\371c@\017\254\363\\371\340\340VaR\205~^\226\342t\360\022\204d\231\205)\272\364?\361!\334\331\315\254\230\rBG\314\023\246\244=\351\177\254\302b&\276+H;0\312\021&\275\036\237\350R\313\206R\331\304k\323u\263t\221\213yC\241\217A\242\027g\322\241'\212.E?B_\316\327\217J +\370\t^b\005\020\003\211\373\247|hC\271Nmk~J\270EU\274\036-\347\240\312FA\321\341bca\253\025\321\311\317\021\375\317\217\n\272\033o\353G>\275\361H\265\240\232um""\317\324`\214\221\314\000\211K\223+(""\200i \311\372g\254\343ZR0\224\275q\252\357\213\263\206N\357&Q\217\267\303\356I\236\357\264\311b\037\366\035\253\343\311\265\240\327q\206f\262ODi\215-\363>\034\236l\273\005G\316F\217}[\036\007\270:\260\335\271B\241N\345\330\204\327f\361\272Kb\0377p\334\264\237\177~\330]\252+:\317u\302h\n\351\n\364\231\277R\371\356\033y\265v\360Ny\246\332qY\262\231\251\n\305\334\202\305\362\n\367@k\231\016R:\327\242\366\242\253LZY\223$Gw^\203\302\311\316I7\371tTwp}\005|\372\214\251{R`\230V\244-\326I\351\255\325i\335\377\321\353\327\331\302\023\347y\016\263\271\317\306\017UV\314qu?\0064A\315{3D\010\016S\212\2353k0\361\214ID\303g\277\010Y_\001~\021\333\370\255\374\\331\306\255\336)\365Rth\024\t\300.M\315\321S\257\224\252\362\326P\316\303%nX\3742\333\036\004Y\264yG^\234\177\214\305q\237\274G\300a4\275\240s\215\222\210\016\020G\344=-:GK\312\035\271\201\350\376F\260G\347\000\235\365P6pmH\033\373\212c\377o\232\356\320D\002\277,]os{\354/?\312e\006wda\001\023\375\316\025\254\321\244\370+Y`\220\270\254\2601E[FI\310\235<qI \356\032v%\001\230\016\203\200\251UD\347\304\373\034\211\340@\342\033\263\365\356\341\357\350\324\035J\032\177\230\207\264\227\2326\315\307\363\323\325\303\032N\256*\307\327 \235\332\207u\210\271\257\306g\231i*\260\326k\001"";   nodeid: ""\260\000\000\000\000\000\000\000\000\000\000\000\000\000\000\000\000\000\000\000\000\000\000\000\000\000\000\000\000\000\000\000\001""; }; "
1750527663545,1750527663545,0,1,3,1,TMLedgerData,"ledgerHash: ""\220\303+\207\352g\317N\027>\222M\271m\033\236\021:\272\233r\373\233hC}\256\020\210\010\233\335""; ledgerSeq: 41; type: liBASE; nodes {;   nodedata: ""\000\000\000)\001cEx]\211\377\330v%\001\230\016\203\200\251UD\347\304\373\034\211\340@\342\033\263\365\356\341\357\350\324\035J\032\177\230\207\000\000\000\000\000\000\000\000\000\000\000\000\000\000\000\000\000\000\000\000\000\000\000\000\000\000\000\000\000\000\000\000\271\010\314\001\274\334\021\336i\227\025\331-X\253\246\331;k\314\030\213\311q\232N\354\226X\357f\203/\351\253-/\351\253.\n\000""; }; nodes {;   nodedata: ""\323C\344\327\264{\312-\017:\006{\177\344N\002\326bO\260\220\006\033\362\345\005U\221DzJ0\001\301\025%1L\307\t\261\262z\374\222T\301\274V\236\223\262\270Ct\362\337b\356\024*\324\320\351\317\002k\336\234\027v\351\217\260\303\360\233ZPZWr\246$w\313\313\r\243r\232\2234\373\3539:N\004Q\245\272D\312D\300\300\t\323\0257\345e\271\na\215{\226\255x%T\257\037\333\004\344_/R\006E\344\037@\210\363\010\336T\226\247'\204_{\261\370""1\235\2445\343\033Y!\212\201\341\272\225'\007\257\203\334m\353e\3177\002\247\312\342M\303\001\000\033\311\322Z\374\327\272z\004@\325\204j\305\205*\013\003""; }; requestCookie: 2; ","ledgerHash: ""\220\303+\207\352g\317N\027>\222M\271m\033\236\021:\272\233r\373\233hC}\256\020\210\010\233\335""; ledgerSeq: 41; type: liBASE; nodes {;   nodedata: ""\000\000\000)\001cEx]\211\377\330v%\001\230\016\203\200\251UD\347\304\373\034\211\340@\342\033\263\365\356\341\357\350\324\035J\032\177\230\207\000\000\000\000\000\000\000\000\000\000\000\000\000\000\000\000\000\000\000\000\000\000\000\000\000\000\000\000\000\000\000\000\271\010\314\001\274\334\021\336i\227\025\331-X\253\246\331;k\314\030\213\311q\232N\354\226X\357f\203/\351\253-/\351\253.\n\000""; }; nodes {;   nodedata: ""\323C\344\327\264{\312-\017:\006{\177\344N\002\326bO\260\220\006\033\362\345\005U\221DzJ0\001\301\025%1L\307\t\261\262z\374\222T\301\274V\236\223\262\270Ct\362\337b\356\024*\324\320\351\317\002k\336\234\027v\351\217\260\303\360\233ZPZWr\246$w\313\313\r\243r\232\2234\373\3539:N\004Q\245\272D\312D\300\300\t\323\0257\345e\271\na\215{\226\255x%T\257\037\333\004\344_/R\006E\344\037@\210\363\010\336T\226\247'\204_{\261\370""1\235\2445\343\033Y!\212\201\341\272\225'\007\257\203\334m\353e\3177\002\247\312\342M\303\001\000\033\311\322Z\374\327\272z\004@\325\204j\305\205*\013\003""; }; requestCookie: 2; "
1750527663545,1750527663546,0,1,3,1,TMLedgerData,"ledgerHash: ""\220\303+\207\352g\317N\027>\222M\271m\033\236\021:\272\233r\373\233hC}\256\020\210\010\233\335""; ledgerSeq: 41; type: liBASE; nodes {;   nodedata: ""\000\000\000)\001cEx]\211\377\330v%\001\230\016\203\200\251UD\347\304\373\034\211\340@\342\033\263\365\356\341\357\350\324\035J\032\177\230\207\000\000\000\000\000\000\000\000\000\000\000\000\000\000\000\000\000\000\000\000\000\000\000\000\000\000\000\000\000\000\000\000\271\010\314\001\274\334\021\336i\227\025\331-X\253\246\331;k\314\030\213\311q\232N\354\226X\357f\203/\351\253-/\351\253.\n\000""; }; nodes {;   nodedata: ""\323C\344\327\264{\312-\017:\006{\177\344N\002\326bO\260\220\006\033\362\345\005U\221DzJ0\001\301\025%1L\307\t\261\262z\374\222T\301\274V\236\223\262\270Ct\362\337b\356\024*\324\320\351\317\002k\336\234\027v\351\217\260\303\360\233ZPZWr\246$w\313\313\r\243r\232\2234\373\3539:N\004Q\245\272D\312D\300\300\t\323\0257\345e\271\na\215{\226\255x%T\257\037\333\004\344_/R\006E\344\037@\210\363\010\336T\226\247'\204_{\261\370""1\235\2445\343\033Y!\212\201\341\272\225'\007\257\203\334m\353e\3177\002\247\312\342M\303\001\000\033\311\322Z\374\327\272z\004@\325\204j\305\205*\013\003""; }; requestCookie: 5; ","ledgerHash: ""\220\303+\207\352g\317N\027>\222M\271m\033\236\021:\272\233r\373\233hC}\256\020\210\010\233\335""; ledgerSeq: 41; type: liBASE; nodes {;   nodedata: ""\000\000\000)\001cEx]\211\377\330v%\001\230\016\203\200\251UD\347\304\373\034\211\340@\342\033\263\365\356\341\357\350\324\035J\032\177\230\207\000\000\000\000\000\000\000\000\000\000\000\000\000\000\000\000\000\000\000\000\000\000\000\000\000\000\000\000\000\000\000\000\271\010\314\001\274\334\021\336i\227\025\331-X\253\246\331;k\314\030\213\311q\232N\354\226X\357f\203/\351\253-/\351\253.\n\000""; }; nodes {;   nodedata: ""\323C\344\327\264{\312-\017:\006{\177\344N\002\326bO\260\220\006\033\362\345\005U\221DzJ0\001\301\025%1L\307\t\261\262z\374\222T\301\274V\236\223\262\270Ct\362\337b\356\024*\324\320\351\317\002k\336\234\027v\351\217\260\303\360\233ZPZWr\246$w\313\313\r\243r\232\2234\373\3539:N\004Q\245\272D\312D\300\300\t\323\0257\345e\271\na\215{\226\255x%T\257\037\333\004\344_/R\006E\344\037@\210\363\010\336T\226\247'\204_{\261\370""1\235\2445\343\033Y!\212\201\341\272\225'\007\257\203\334m\353e\3177\002\247\312\342M\303\001\000\033\311\322Z\374\327\272z\004@\325\204j\305\205*\013\003""; }; requestCookie: 5; "
1750527663546,1750527663547,0,1,3,1,TMLedgerData,"ledgerHash: ""\220\303+\207\352g\317N\027>\222M\271m\033\236\021:\272\233r\373\233hC}\256\020\210\010\233\335""; ledgerSeq: 41; type: liAS_NODE; nodes {;   nodedata: ""\021\000h""\000\000\000\000 \033\000\000\000(\002\023\305_\330\356GuH\375\327!\255\371\r\231\262R\256J\034\222\241\355X\265E\241^W\225\304\014\361CX-}\351f\032\255\274\334m\326c\017\014ao[\342\230\003\245\245\3341Hm\326^\017jy\335\261\032Yt\320\244{g\0306\\302\303*\341\215\223\257\364\277o\375\000r\241SOq\221\253\262\005\017\375T\356\014\360o'\030\311-\267\031\257!\031T\006><\315XM\334\324\345\034\000\325\367\240\271\013\265\024\321\362\354\211\250.\234s\225amc\305\035\366\276\037nD\277`\210\223N\3535\033\261\304f\331]\036\237\306o!\223\221\002\324\031\262\240R\177 ,\214\325\Q])\016\2067\277\t\354\010\000\360\215\2502\265\245\310\226\243c\302Ze\306\253#r\020\211\320iG\276\020E\317\035Sf\223F\254\033@\177e\277\016\010u\327\371&\262\312\317Q\2361t\377x\234\001v\003%\030\325_\225g\204\346a=\225\273\331\354\365*U\363\263N\367b\371\244\314-w\363\262\225Z\200\206\235\233\257?sE\2674\254\326mU\377?\177Ek\336\030!\316Aa\225\303\022\377{\210Y\226\271as\354L\035\004\341\361\035\301\024\220m#*\372\032\3178~\374\250\014*\323\342'z69\220\327\256\351G\367\317u\302\207\270b\315\333\333\334\310I\323&\014\352XZnW2.\335\347\202\021\247\362\212e\034\000\001\250\220\305;a\314\265R\310\017\317\331\235\360\262\240:\277\202\266\354\265X""\022\nh\252\352w\204\203\023]\001f\352\277\0031Q]\362\370R\350{\261\202\240\344\215\201\353\276\322p5p\350\354\017>\250r\241c\273\016\301\024\363\242\247\263\231\370\344\nBW\220K\316@3\243\200\036wk\253GSlU\010\360\231>\331\263H\214\324\030A\225\301o\346pkSF\004\241\213w9\223=\250\262*+\255\351r\265\244c\024\213\t\007`\223\325#\3477\210\345P\306\013\320\252[\0216+\227=`\371P\314\346 V7\271[~\n\237\274|\347\352@K\253~&\260\032\024\004B\200\255h\351\013\361\031:nG\211\005|\2003\266\274\251,W\006u\344\335d\003\306\212\313,\340\350bG\n\030Z\2732-\246\312\255\030\003\235207\005}D\260\0261ah\322M\304\216\273m0\271\234\237\007<w$\265C\245\232\033\023\313c\321B\032l\301h\005\320\252\301\361(\330[\343\357\343{\235\n\266g\272>\177\317\347\261qb&\270&\346ju\200\363N\320\307\004\034\001n\317\361\2653\254\2503\247\305\372\316W\022O\253x\250\025\373\247\354Tc\304\263\243^\352Gv\\264\261\r\035\226\306\2411\351\233\203\215\200$\231\300f\220\371c@\017\254\363\\371\340\340VaR\205~^\226\342t\360\022\204d\231\205)\272\364?\361!\334\331\315\254\230\rBG\314\023\246\244=\351\177\254\302b&\276+H;0\312\021&\275\036\237\350R\313\206R\331\304k\323u\263t\221\213yC\241\217A\242\027g\322\241'\212.E?B_\316\327\217J +\370\t^b\005\020\003\211\373\247|hC\271Nmk~J\270EU\274\036-\347\240\312FA\321\341bca\253\025\321\311\317\021\375\317\217\n\272\033o\353G>\275\361H\265\240\232um""\317\324`\214\221\314\000\211K\223+(""\200i \311\372g\254\343ZR0\224\275q\252\357\213\263\206N\357&Q\217\267\303\356I\236\357\264\311b\037\366\035\253\343\311\265\240\327q\206f\262ODi\215-\363>\034\236l\273\005G\316F\217}[\036\007\270:\260\335\271B\241N\345\330\204\327f\361\272Kb\0377p\334\264\237\177~\330]\252+:\317u\302h\n\351\n\364\231\277R\371\356\033y\265v\360Ny\246\332qY\262\231\251\n\305\334\202\305\362\n\367@k\231\016R:\327\242\366\242\253LZY\223$Gw^\203\302\311\316I7\371tTwp}\005|\372\214\251{R`\230V\244-\326I\351\255\325i\335\377\321\353\327\331\302\023\347y\016\263\271\317\306\017UV\314qu?\0064A\315{3D\010\016S\212\2353k0\361\214ID\303g\277\010Y_\001~\021\333\370\255\374\\331\306\255\336)\365Rth\024\t\300.M\315\321S\257\224\252\362\326P\316\303%nX\3742\333\036\004Y\264yG^\234\177\214\305q\237\274G\300a4\275\240s\215\222\210\016\020G\344=-:GK\312\035\271\201\350\376F\260G\347\000\235\365P6pmH\033\373\212c\377o\232\356\320D\002\277,]os{\354/?\312e\006wda\001\023\375\316\025\254\321\244\370+Y`\220\270\254\2601E[FI\310\235<qI \356\032v%\001\230\016\203\200\251UD\347\304\373\034\211\340@\342\033\263\365\356\341\357\350\324\035J\032\177\230\207\264\227\2326\315\307\363\323\325\303\032N\256*\307\327 \235\332\207u\210\271\257\306g\231i*\260\326k\001"";   nodeid: ""\260\000\000\000\000\000\000\000\000\000\000\000\000\000\000\000\000\000\000\000\000\000\000\000\000\000\000\000\000\000\000\000\001""; }; ","ledgerHash: ""\220\303+\207\352g\317N\027>\222M\271m\033\236\021:\272\233r\373\233hC}\256\020\210\010\233\335""; ledgerSeq: 41; type: liAS_NODE; nodes {;   nodedata: ""\021\000h""\000\000\000\000 \033\000\000\000(\002\023\305_\330\356GuH\375\327!\255\371\r\231\262R\256J\034\222\241\355X\265E\241^W\225\304\014\361CX-}\351f\032\255\274\334m\326c\017\014ao[\342\230\003\245\245\3341Hm\326^\017jy\335\261\032Yt\320\244{g\0306\\302\303*\341\215\223\257\364\277o\375\000r\241SOq\221\253\262\005\017\375T\356\014\360o'\030\311-\267\031\257!\031T\006><\315XM\334\324\345\034\000\325\367\240\271\013\265\024\321\362\354\211\250.\234s\225amc\305\035\366\276\037nD\277`\210\223N\3535\033\261\304f\331]\036\237\306o!\223\221\002\324\031\262\240R\177 ,\214\325\Q])\016\2067\277\t\354\010\000\360\215\2502\265\245\310\226\243c\302Ze\306\253#r\020\211\320iG\276\020E\317\035Sf\223F\254\033@\177e\277\016\010u\327\371&\262\312\317Q\2361t\377x\234\001v\003%\030\325_\225g\204\346a=\225\273\331\354\365*U\363\263N\367b\371\244\314-w\363\262\225Z\200\206\235\233\257?sE\2674\254\326mU\377?\177Ek\336\030!\316Aa\225\303\022\377{\210Y\226\271as\354L\035\004\341\361\035\301\024\220m#*\372\032\3178~\374\250\014*\323\342'z69\220\327\256\351G\367\317u\302\207\270b\315\333\333\334\310I\323&\014\352XZnW2.\335\347\202\021\247\362\212e\034\000\001\250\220\305;a\314\265R\310\017\317\331\235\360\262\240:\277\202\266\354\265X""\022\nh\252\352w\204\203\023]\001f\352\277\0031Q]\362\370R\350{\261\202\240\344\215\201\353\276\322p5p\350\354\017>\250r\241c\273\016\301\024\363\242\247\263\231\370\344\nBW\220K\316@3\243\200\036wk\253GSlU\010\360\231>\331\263H\214\324\030A\225\301o\346pkSF\004\241\213w9\223=\250\262*+\255\351r\265\244c\024\213\t\007`\223\325#\3477\210\345P\306\013\320\252[\0216+\227=`\371P\314\346 V7\271[~\n\237\274|\347\352@K\253~&\260\032\024\004B\200\255h\351\013\361\031:nG\211\005|\2003\266\274\251,W\006u\344\335d\003\306\212\313,\340\350bG\n\030Z\2732-\246\312\255\030\003\235207\005}D\260\0261ah\322M\304\216\273m0\271\234\237\007<w$\265C\245\232\033\023\313c\321B\032l\301h\005\320\252\301\361(\330[\343\357\343{\235\n\266g\272>\177\317\347\261qb&\270&\346ju\200\363N\320\307\004\034\001n\317\361\2653\254\2503\247\305\372\316W\022O\253x\250\025\373\247\354Tc\304\263\243^\352Gv\\264\261\r\035\226\306\2411\351\233\203\215\200$\231\300f\220\371c@\017\254\363\\371\340\340VaR\205~^\226\342t\360\022\204d\231\205)\272\364?\361!\334\331\315\254\230\rBG\314\023\246\244=\351\177\254\302b&\276+H;0\312\021&\275\036\237\350R\313\206R\331\304k\323u\263t\221\213yC\241\217A\242\027g\322\241'\212.E?B_\316\327\217J +\370\t^b\005\020\003\211\373\247|hC\271Nmk~J\270EU\274\036-\347\240\312FA\321\341bca\253\025\321\311\317\021\375\317\217\n\272\033o\353G>\275\361H\265\240\232um""\317\324`\214\221\314\000\211K\223+(""\200i \311\372g\254\343ZR0\224\275q\252\357\213\263\206N\357&Q\217\267\303\356I\236\357\264\311b\037\366\035\253\343\311\265\240\327q\206f\262ODi\215-\363>\034\236l\273\005G\316F\217}[\036\007\270:\260\335\271B\241N\345\330\204\327f\361\272Kb\0377p\334\264\237\177~\330]\252+:\317u\302h\n\351\n\364\231\277R\371\356\033y\265v\360Ny\246\332qY\262\231\251\n\305\334\202\305\362\n\367@k\231\016R:\327\242\366\242\253LZY\223$Gw^\203\302\311\316I7\371tTwp}\005|\372\214\251{R`\230V\244-\326I\351\255\325i\335\377\321\353\327\331\302\023\347y\016\263\271\317\306\017UV\314qu?\0064A\315{3D\010\016S\212\2353k0\361\214ID\303g\277\010Y_\001~\021\333\370\255\374\\331\306\255\336)\365Rth\024\t\300.M\315\321S\257\224\252\362\326P\316\303%nX\3742\333\036\004Y\264yG^\234\177\214\305q\237\274G\300a4\275\240s\215\222\210\016\020G\344=-:GK\312\035\271\201\350\376F\260G\347\000\235\365P6pmH\033\373\212c\377o\232\356\320D\002\277,]os{\354/?\312e\006wda\001\023\375\316\025\254\321\244\370+Y`\220\270\254\2601E[FI\310\235<qI \356\032v%\001\230\016\203\200\251UD\347\304\373\034\211\340@\342\033\263\365\356\341\357\350\324\035J\032\177\230\207\264\227\2326\315\307\363\323\325\303\032N\256*\307\327 \235\332\207u\210\271\257\306g\231i*\260\326k\001"";   nodeid: ""\260\000\000\000\000\000\000\000\000\000\000\000\000\000\000\000\000\000\000\000\000\000\000\000\000\000\000\000\000\000\000\000\001""; }; "
1750527663548,1750527663548,0,1,2,1,TMLedgerData,"ledgerHash: ""\220\303+\207\352g\317N\027>\222M\271m\033\236\021:\272\233r\373\233hC}\256\020\210\010\233\335""; ledgerSeq: 41; type: liBASE; nodes {;   nodedata: ""\000\000\000)\001cEx]\211\377\330v%\001\230\016\203\200\251UD\347\304\373\034\211\340@\342\033\263\365\356\341\357\350\324\035J\032\177\230\207\000\000\000\000\000\000\000\000\000\000\000\000\000\000\000\000\000\000\000\000\000\000\000\000\000\000\000\000\000\000\000\000\271\010\314\001\274\334\021\336i\227\025\331-X\253\246\331;k\314\030\213\311q\232N\354\226X\357f\203/\351\253-/\351\253.\n\000""; }; nodes {;   nodedata: ""\323C\344\327\264{\312-\017:\006{\177\344N\002\326bO\260\220\006\033\362\345\005U\221DzJ0\001\301\025%1L\307\t\261\262z\374\222T\301\274V\236\223\262\270Ct\362\337b\356\024*\324\320\351\317\002k\336\234\027v\351\217\260\303\360\233ZPZWr\246$w\313\313\r\243r\232\2234\373\3539:N\004Q\245\272D\312D\300\300\t\323\0257\345e\271\na\215{\226\255x%T\257\037\333\004\344_/R\006E\344\037@\210\363\010\336T\226\247'\204_{\261\370""1\235\2445\343\033Y!\212\201\341\272\225'\007\257\203\334m\353e\3177\002\247\312\342M\303\001\000\033\311\322Z\374\327\272z\004@\325\204j\305\205*\013\003""; }; ","ledgerHash: ""\220\303+\207\352g\317N\027>\222M\271m\033\236\021:\272\233r\373\233hC}\256\020\210\010\233\335""; ledgerSeq: 41; type: liBASE; nodes {;   nodedata: ""\000\000\000)\001cEx]\211\377\330v%\001\230\016\203\200\251UD\347\304\373\034\211\340@\342\033\263\365\356\341\357\350\324\035J\032\177\230\207\000\000\000\000\000\000\000\000\000\000\000\000\000\000\000\000\000\000\000\000\000\000\000\000\000\000\000\000\000\000\000\000\271\010\314\001\274\334\021\336i\227\025\331-X\253\246\331;k\314\030\213\311q\232N\354\226X\357f\203/\351\253-/\351\253.\n\000""; }; nodes {;   nodedata: ""\323C\344\327\264{\312-\017:\006{\177\344N\002\326bO\260\220\006\033\362\345\005U\221DzJ0\001\301\025%1L\307\t\261\262z\374\222T\301\274V\236\223\262\270Ct\362\337b\356\024*\324\320\351\317\002k\336\234\027v\351\217\260\303\360\233ZPZWr\246$w\313\313\r\243r\232\2234\373\3539:N\004Q\245\272D\312D\300\300\t\323\0257\345e\271\na\215{\226\255x%T\257\037\333\004\344_/R\006E\344\037@\210\363\010\336T\226\247'\204_{\261\370""1\235\2445\343\033Y!\212\201\341\272\225'\007\257\203\334m\353e\3177\002\247\312\342M\303\001\000\033\311\322Z\374\327\272z\004@\325\204j\305\205*\013\003""; }; "
1750527663549,1750527663549,0,1,4,1,TMLedgerData,"ledgerHash: ""\220\303+\207\352g\317N\027>\222M\271m\033\236\021:\272\233r\373\233hC}\256\020\210\010\233\335""; ledgerSeq: 41; type: liBASE; nodes {;   nodedata: ""\000\000\000)\001cEx]\211\377\330v%\001\230\016\203\200\251UD\347\304\373\034\211\340@\342\033\263\365\356\341\357\350\324\035J\032\177\230\207\000\000\000\000\000\000\000\000\000\000\000\000\000\000\000\000\000\000\000\000\000\000\000\000\000\000\000\000\000\000\000\000\271\010\314\001\274\334\021\336i\227\025\331-X\253\246\331;k\314\030\213\311q\232N\354\226X\357f\203/\351\253-/\351\253.\n\000""; }; nodes {;   nodedata: ""\323C\344\327\264{\312-\017:\006{\177\344N\002\326bO\260\220\006\033\362\345\005U\221DzJ0\001\301\025%1L\307\t\261\262z\374\222T\301\274V\236\223\262\270Ct\362\337b\356\024*\324\320\351\317\002k\336\234\027v\351\217\260\303\360\233ZPZWr\246$w\313\313\r\243r\232\2234\373\3539:N\004Q\245\272D\312D\300\300\t\323\0257\345e\271\na\215{\226\255x%T\257\037\333\004\344_/R\006E\344\037@\210\363\010\336T\226\247'\204_{\261\370""1\235\2445\343\033Y!\212\201\341\272\225'\007\257\203\334m\353e\3177\002\247\312\342M\303\001\000\033\311\322Z\374\327\272z\004@\325\204j\305\205*\013\003""; }; ","ledgerHash: ""\220\303+\207\352g\317N\027>\222M\271m\033\236\021:\272\233r\373\233hC}\256\020\210\010\233\335""; ledgerSeq: 41; type: liBASE; nodes {;   nodedata: ""\000\000\000)\001cEx]\211\377\330v%\001\230\016\203\200\251UD\347\304\373\034\211\340@\342\033\263\365\356\341\357\350\324\035J\032\177\230\207\000\000\000\000\000\000\000\000\000\000\000\000\000\000\000\000\000\000\000\000\000\000\000\000\000\000\000\000\000\000\000\000\271\010\314\001\274\334\021\336i\227\025\331-X\253\246\331;k\314\030\213\311q\232N\354\226X\357f\203/\351\253-/\351\253.\n\000""; }; nodes {;   nodedata: ""\323C\344\327\264{\312-\017:\006{\177\344N\002\326bO\260\220\006\033\362\345\005U\221DzJ0\001\301\025%1L\307\t\261\262z\374\222T\301\274V\236\223\262\270Ct\362\337b\356\024*\324\320\351\317\002k\336\234\027v\351\217\260\303\360\233ZPZWr\246$w\313\313\r\243r\232\2234\373\3539:N\004Q\245\272D\312D\300\300\t\323\0257\345e\271\na\215{\226\255x%T\257\037\333\004\344_/R\006E\344\037@\210\363\010\336T\226\247'\204_{\261\370""1\235\2445\343\033Y!\212\201\341\272\225'\007\257\203\334m\353e\3177\002\247\312\342M\303\001\000\033\311\322Z\374\327\272z\004@\325\204j\305\205*\013\003""; }; "
1750527663550,1750527663550,0,1,0,4,TMLedgerData,"ledgerHash: ""\220\303+\207\352g\317N\027>\222M\271m\033\236\021:\272\233r\373\233hC}\256\020\210\010\233\335""; ledgerSeq: 41; type: liBASE; nodes {;   nodedata: ""\000\000\000)\001cEx]\211\377\330v%\001\230\016\203\200\251UD\347\304\373\034\211\340@\342\033\263\365\356\341\357\350\324\035J\032\177\230\207\000\000\000\000\000\000\000\000\000\000\000\000\000\000\000\000\000\000\000\000\000\000\000\000\000\000\000\000\000\000\000\000\271\010\314\001\274\334\021\336i\227\025\331-X\253\246\331;k\314\030\213\311q\232N\354\226X\357f\203/\351\253-/\351\253.\n\000""; }; nodes {;   nodedata: ""\323C\344\327\264{\312-\017:\006{\177\344N\002\326bO\260\220\006\033\362\345\005U\221DzJ0\001\301\025%1L\307\t\261\262z\374\222T\301\274V\236\223\262\270Ct\362\337b\356\024*\324\320\351\317\002k\336\234\027v\351\217\260\303\360\233ZPZWr\246$w\313\313\r\243r\232\2234\373\3539:N\004Q\245\272D\312D\300\300\t\323\0257\345e\271\na\215{\226\255x%T\257\037\333\004\344_/R\006E\344\037@\210\363\010\336T\226\247'\204_{\261\370""1\235\2445\343\033Y!\212\201\341\272\225'\007\257\203\334m\353e\3177\002\247\312\342M\303\001\000\033\311\322Z\374\327\272z\004@\325\204j\305\205*\013\003""; }; ","ledgerHash: ""\220\303+\207\352g\317N\027>\222M\271m\033\236\021:\272\233r\373\233hC}\256\020\210\010\233\335""; ledgerSeq: 41; type: liBASE; nodes {;   nodedata: ""\000\000\000)\001cEx]\211\377\330v%\001\230\016\203\200\251UD\347\304\373\034\211\340@\342\033\263\365\356\341\357\350\324\035J\032\177\230\207\000\000\000\000\000\000\000\000\000\000\000\000\000\000\000\000\000\000\000\000\000\000\000\000\000\000\000\000\000\000\000\000\271\010\314\001\274\334\021\336i\227\025\331-X\253\246\331;k\314\030\213\311q\232N\354\226X\357f\203/\351\253-/\351\253.\n\000""; }; nodes {;   nodedata: ""\323C\344\327\264{\312-\017:\006{\177\344N\002\326bO\260\220\006\033\362\345\005U\221DzJ0\001\301\025%1L\307\t\261\262z\374\222T\301\274V\236\223\262\270Ct\362\337b\356\024*\324\320\351\317\002k\336\234\027v\351\217\260\303\360\233ZPZWr\246$w\313\313\r\243r\232\2234\373\3539:N\004Q\245\272D\312D\300\300\t\323\0257\345e\271\na\215{\226\255x%T\257\037\333\004\344_/R\006E\344\037@\210\363\010\336T\226\247'\204_{\261\370""1\235\2445\343\033Y!\212\201\341\272\225'\007\257\203\334m\353e\3177\002\247\312\342M\303\001\000\033\311\322Z\374\327\272z\004@\325\204j\305\205*\013\003""; }; "
1750527663551,1750527663551,0,1,0,1,TMLedgerData,"ledgerHash: ""\220\303+\207\352g\317N\027>\222M\271m\033\236\021:\272\233r\373\233hC}\256\020\210\010\233\335""; ledgerSeq: 41; type: liBASE; nodes {;   nodedata: ""\000\000\000)\001cEx]\211\377\330v%\001\230\016\203\200\251UD\347\304\373\034\211\340@\342\033\263\365\356\341\357\350\324\035J\032\177\230\207\000\000\000\000\000\000\000\000\000\000\000\000\000\000\000\000\000\000\000\000\000\000\000\000\000\000\000\000\000\000\000\000\271\010\314\001\274\334\021\336i\227\025\331-X\253\246\331;k\314\030\213\311q\232N\354\226X\357f\203/\351\253-/\351\253.\n\000""; }; nodes {;   nodedata: ""\323C\344\327\264{\312-\017:\006{\177\344N\002\326bO\260\220\006\033\362\345\005U\221DzJ0\001\301\025%1L\307\t\261\262z\374\222T\301\274V\236\223\262\270Ct\362\337b\356\024*\324\320\351\317\002k\336\234\027v\351\217\260\303\360\233ZPZWr\246$w\313\313\r\243r\232\2234\373\3539:N\004Q\245\272D\312D\300\300\t\323\0257\345e\271\na\215{\226\255x%T\257\037\333\004\344_/R\006E\344\037@\210\363\010\336T\226\247'\204_{\261\370""1\235\2445\343\033Y!\212\201\341\272\225'\007\257\203\334m\353e\3177\002\247\312\342M\303\001\000\033\311\322Z\374\327\272z\004@\325\204j\305\205*\013\003""; }; ","ledgerHash: ""\220\303+\207\352g\317N\027>\222M\271m\033\236\021:\272\233r\373\233hC}\256\020\210\010\233\335""; ledgerSeq: 41; type: liBASE; nodes {;   nodedata: ""\000\000\000)\001cEx]\211\377\330v%\001\230\016\203\200\251UD\347\304\373\034\211\340@\342\033\263\365\356\341\357\350\324\035J\032\177\230\207\000\000\000\000\000\000\000\000\000\000\000\000\000\000\000\000\000\000\000\000\000\000\000\000\000\000\000\000\000\000\000\000\271\010\314\001\274\334\021\336i\227\025\331-X\253\246\331;k\314\030\213\311q\232N\354\226X\357f\203/\351\253-/\351\253.\n\000""; }; nodes {;   nodedata: ""\323C\344\327\264{\312-\017:\006{\177\344N\002\326bO\260\220\006\033\362\345\005U\221DzJ0\001\301\025%1L\307\t\261\262z\374\222T\301\274V\236\223\262\270Ct\362\337b\356\024*\324\320\351\317\002k\336\234\027v\351\217\260\303\360\233ZPZWr\246$w\313\313\r\243r\232\2234\373\3539:N\004Q\245\272D\312D\300\300\t\323\0257\345e\271\na\215{\226\255x%T\257\037\333\004\344_/R\006E\344\037@\210\363\010\336T\226\247'\204_{\261\370""1\235\2445\343\033Y!\212\201\341\272\225'\007\257\203\334m\353e\3177\002\247\312\342M\303\001\000\033\311\322Z\374\327\272z\004@\325\204j\305\205*\013\003""; }; "
1750527663554,1750527663554,0,1,1,0,TMLedgerData,"ledgerHash: ""\220\303+\207\352g\317N\027>\222M\271m\033\236\021:\272\233r\373\233hC}\256\020\210\010\233\335""; ledgerSeq: 41; type: liBASE; nodes {;   nodedata: ""\000\000\000)\001cEx]\211\377\330v%\001\230\016\203\200\251UD\347\304\373\034\211\340@\342\033\263\365\356\341\357\350\324\035J\032\177\230\207\000\000\000\000\000\000\000\000\000\000\000\000\000\000\000\000\000\000\000\000\000\000\000\000\000\000\000\000\000\000\000\000\271\010\314\001\274\334\021\336i\227\025\331-X\253\246\331;k\314\030\213\311q\232N\354\226X\357f\203/\351\253-/\351\253.\n\000""; }; nodes {;   nodedata: ""\323C\344\327\264{\312-\017:\006{\177\344N\002\326bO\260\220\006\033\362\345\005U\221DzJ0\001\301\025%1L\307\t\261\262z\374\222T\301\274V\236\223\262\270Ct\362\337b\356\024*\324\320\351\317\002k\336\234\027v\351\217\260\303\360\233ZPZWr\246$w\313\313\r\243r\232\2234\373\3539:N\004Q\245\272D\312D\300\300\t\323\0257\345e\271\na\215{\226\255x%T\257\037\333\004\344_/R\006E\344\037@\210\363\010\336T\226\247'\204_{\261\370""1\235\2445\343\033Y!\212\201\341\272\225'\007\257\203\334m\353e\3177\002\247\312\342M\303\001\000\033\311\322Z\374\327\272z\004@\325\204j\305\205*\013\003""; }; ","ledgerHash: ""\220\303+\207\352g\317N\027>\222M\271m\033\236\021:\272\233r\373\233hC}\256\020\210\010\233\335""; ledgerSeq: 41; type: liBASE; nodes {;   nodedata: ""\000\000\000)\001cEx]\211\377\330v%\001\230\016\203\200\251UD\347\304\373\034\211\340@\342\033\263\365\356\341\357\350\324\035J\032\177\230\207\000\000\000\000\000\000\000\000\000\000\000\000\000\000\000\000\000\000\000\000\000\000\000\000\000\000\000\000\000\000\000\000\271\010\314\001\274\334\021\336i\227\025\331-X\253\246\331;k\314\030\213\311q\232N\354\226X\357f\203/\351\253-/\351\253.\n\000""; }; nodes {;   nodedata: ""\323C\344\327\264{\312-\017:\006{\177\344N\002\326bO\260\220\006\033\362\345\005U\221DzJ0\001\301\025%1L\307\t\261\262z\374\222T\301\274V\236\223\262\270Ct\362\337b\356\024*\324\320\351\317\002k\336\234\027v\351\217\260\303\360\233ZPZWr\246$w\313\313\r\243r\232\2234\373\3539:N\004Q\245\272D\312D\300\300\t\323\0257\345e\271\na\215{\226\255x%T\257\037\333\004\344_/R\006E\344\037@\210\363\010\336T\226\247'\204_{\261\370""1\235\2445\343\033Y!\212\201\341\272\225'\007\257\203\334m\353e\3177\002\247\312\342M\303\001\000\033\311\322Z\374\327\272z\004@\325\204j\305\205*\013\003""; }; "
1750527663555,1750527663555,0,1,1,4,TMLedgerData,"ledgerHash: ""\220\303+\207\352g\317N\027>\222M\271m\033\236\021:\272\233r\373\233hC}\256\020\210\010\233\335""; ledgerSeq: 41; type: liBASE; nodes {;   nodedata: ""\000\000\000)\001cEx]\211\377\330v%\001\230\016\203\200\251UD\347\304\373\034\211\340@\342\033\263\365\356\341\357\350\324\035J\032\177\230\207\000\000\000\000\000\000\000\000\000\000\000\000\000\000\000\000\000\000\000\000\000\000\000\000\000\000\000\000\000\000\000\000\271\010\314\001\274\334\021\336i\227\025\331-X\253\246\331;k\314\030\213\311q\232N\354\226X\357f\203/\351\253-/\351\253.\n\000""; }; nodes {;   nodedata: ""\323C\344\327\264{\312-\017:\006{\177\344N\002\326bO\260\220\006\033\362\345\005U\221DzJ0\001\301\025%1L\307\t\261\262z\374\222T\301\274V\236\223\262\270Ct\362\337b\356\024*\324\320\351\317\002k\336\234\027v\351\217\260\303\360\233ZPZWr\246$w\313\313\r\243r\232\2234\373\3539:N\004Q\245\272D\312D\300\300\t\323\0257\345e\271\na\215{\226\255x%T\257\037\333\004\344_/R\006E\344\037@\210\363\010\336T\226\247'\204_{\261\370""1\235\2445\343\033Y!\212\201\341\272\225'\007\257\203\334m\353e\3177\002\247\312\342M\303\001\000\033\311\322Z\374\327\272z\004@\325\204j\305\205*\013\003""; }; ","ledgerHash: ""\220\303+\207\352g\317N\027>\222M\271m\033\236\021:\272\233r\373\233hC}\256\020\210\010\233\335""; ledgerSeq: 41; type: liBASE; nodes {;   nodedata: ""\000\000\000)\001cEx]\211\377\330v%\001\230\016\203\200\251UD\347\304\373\034\211\340@\342\033\263\365\356\341\357\350\324\035J\032\177\230\207\000\000\000\000\000\000\000\000\000\000\000\000\000\000\000\000\000\000\000\000\000\000\000\000\000\000\000\000\000\000\000\000\271\010\314\001\274\334\021\336i\227\025\331-X\253\246\331;k\314\030\213\311q\232N\354\226X\357f\203/\351\253-/\351\253.\n\000""; }; nodes {;   nodedata: ""\323C\344\327\264{\312-\017:\006{\177\344N\002\326bO\260\220\006\033\362\345\005U\221DzJ0\001\301\025%1L\307\t\261\262z\374\222T\301\274V\236\223\262\270Ct\362\337b\356\024*\324\320\351\317\002k\336\234\027v\351\217\260\303\360\233ZPZWr\246$w\313\313\r\243r\232\2234\373\3539:N\004Q\245\272D\312D\300\300\t\323\0257\345e\271\na\215{\226\255x%T\257\037\333\004\344_/R\006E\344\037@\210\363\010\336T\226\247'\204_{\261\370""1\235\2445\343\033Y!\212\201\341\272\225'\007\257\203\334m\353e\3177\002\247\312\342M\303\001\000\033\311\322Z\374\327\272z\004@\325\204j\305\205*\013\003""; }; "
1750527663624,1750527663624,0,1,4,3,TMStatusChange,"newEvent: neACCEPTED_LEDGER; ledgerSeq: 41; ledgerHash: ""\220\303+\207\352g\317N\027>\222M\271m\033\236\021:\272\233r\373\233hC}\256\020\210\010\233\335""; ledgerHashPrevious: ""v%\001\230\016\203\200\251UD\347\304\373\034\211\340@\342\033\263\365\356\341\357\350\324\035J\032\177\230\207""; networkTime: 803842863; firstSeq: 1; lastSeq: 40; ","newEvent: neACCEPTED_LEDGER; ledgerSeq: 41; ledgerHash: ""\220\303+\207\352g\317N\027>\222M\271m\033\236\021:\272\233r\373\233hC}\256\020\210\010\233\335""; ledgerHashPrevious: ""v%\001\230\016\203\200\251UD\347\304\373\034\211\340@\342\033\263\365\356\341\357\350\324\035J\032\177\230\207""; networkTime: 803842863; firstSeq: 1; lastSeq: 40; "
1750527663624,1750527663624,0,1,4,2,TMStatusChange,"newEvent: neACCEPTED_LEDGER; ledgerSeq: 41; ledgerHash: ""\220\303+\207\352g\317N\027>\222M\271m\033\236\021:\272\233r\373\233hC}\256\020\210\010\233\335""; ledgerHashPrevious: ""v%\001\230\016\203\200\251UD\347\304\373\034\211\340@\342\033\263\365\356\341\357\350\324\035J\032\177\230\207""; networkTime: 803842863; firstSeq: 1; lastSeq: 40; ","newEvent: neACCEPTED_LEDGER; ledgerSeq: 41; ledgerHash: ""\220\303+\207\352g\317N\027>\222M\271m\033\236\021:\272\233r\373\233hC}\256\020\210\010\233\335""; ledgerHashPrevious: ""v%\001\230\016\203\200\251UD\347\304\373\034\211\340@\342\033\263\365\356\341\357\350\324\035J\032\177\230\207""; networkTime: 803842863; firstSeq: 1; lastSeq: 40; "
1750527663625,1750527663625,0,1,4,0,TMStatusChange,"newEvent: neACCEPTED_LEDGER; ledgerSeq: 41; ledgerHash: ""\220\303+\207\352g\317N\027>\222M\271m\033\236\021:\272\233r\373\233hC}\256\020\210\010\233\335""; ledgerHashPrevious: ""v%\001\230\016\203\200\251UD\347\304\373\034\211\340@\342\033\263\365\356\341\357\350\324\035J\032\177\230\207""; networkTime: 803842863; firstSeq: 1; lastSeq: 40; ","newEvent: neACCEPTED_LEDGER; ledgerSeq: 41; ledgerHash: ""\220\303+\207\352g\317N\027>\222M\271m\033\236\021:\272\233r\373\233hC}\256\020\210\010\233\335""; ledgerHashPrevious: ""v%\001\230\016\203\200\251UD\347\304\373\034\211\340@\342\033\263\365\356\341\357\350\324\035J\032\177\230\207""; networkTime: 803842863; firstSeq: 1; lastSeq: 40; "
1750527663625,1750527663625,0,1,4,1,TMStatusChange,"newEvent: neACCEPTED_LEDGER; ledgerSeq: 41; ledgerHash: ""\220\303+\207\352g\317N\027>\222M\271m\033\236\021:\272\233r\373\233hC}\256\020\210\010\233\335""; ledgerHashPrevious: ""v%\001\230\016\203\200\251UD\347\304\373\034\211\340@\342\033\263\365\356\341\357\350\324\035J\032\177\230\207""; networkTime: 803842863; firstSeq: 1; lastSeq: 40; ","newEvent: neACCEPTED_LEDGER; ledgerSeq: 41; ledgerHash: ""\220\303+\207\352g\317N\027>\222M\271m\033\236\021:\272\233r\373\233hC}\256\020\210\010\233\335""; ledgerHashPrevious: ""v%\001\230\016\203\200\251UD\347\304\373\034\211\340@\342\033\263\365\356\341\357\350\324\035J\032\177\230\207""; networkTime: 803842863; firstSeq: 1; lastSeq: 40; "
1750527663667,1750527663667,0,1,4,1,TMValidation,"validation: """"\200\000\000\001&\000\000\000))/\351\253/:\r\302\353\023?\373\240rQ\220\303+\207\352g\317N\027>\222M\271m\033\236\021:\272\233r\373\233hC}\256\020\210\010\233\335P\027\000\000\000\000\000\000\000\000\000\000\000\000\000\000\000\000\000\000\000\000\000\000\000\000\000\000\000\000\000\000\000\000P\031v%\001\230\016\203\200\251UD\347\304\373\034\211\340@\342\033\263\365\356\341\357\350\324\035J\032\177\230\207s!\003R7o\362bV\300hf\266\241;}\200^\374\240\203[:\342Q\225\221\027y\372\255\235\216\323~vG0E\002!\000\225\247\037\305\2605\023\235\376\215^\307\026\351\257\002P\201\277XE\\026\255\005\310\366\265\326\212\266\303\002 \026\302\006\334\255\001\353[\216\316^\324\363a\350\361\020%U\361\027\353h~\332\376k\037\006\200q'""; ","validation: """"\200\000\000\001&\000\000\000))/\351\253/:\r\302\353\023?\373\240rQ\220\303+\207\352g\317N\027>\222M\271m\033\236\021:\272\233r\373\233hC}\256\020\210\010\233\335P\027\000\000\000\000\000\000\000\000\000\000\000\000\000\000\000\000\000\000\000\000\000\000\000\000\000\000\000\000\000\000\000\000P\031v%\001\230\016\203\200\251UD\347\304\373\034\211\340@\342\033\263\365\356\341\357\350\324\035J\032\177\230\207s!\003R7o\362bV\300hf\266\241;}\200^\374\240\203[:\342Q\225\221\027y\372\255\235\216\323~vG0E\002!\000\225\247\037\305\2605\023\235\376\215^\307\026\351\257\002P\201\277XE\\026\255\005\310\366\265\326\212\266\303\002 \026\302\006\334\255\001\353[\216\316^\324\363a\350\361\020%U\361\027\353h~\332\376k\037\006\200q'""; "
1750527663667,1750527663667,0,1,4,3,TMValidation,"validation: """"\200\000\000\001&\000\000\000))/\351\253/:\r\302\353\023?\373\240rQ\220\303+\207\352g\317N\027>\222M\271m\033\236\021:\272\233r\373\233hC}\256\020\210\010\233\335P\027\000\000\000\000\000\000\000\000\000\000\000\000\000\000\000\000\000\000\000\000\000\000\000\000\000\000\000\000\000\000\000\000P\031v%\001\230\016\203\200\251UD\347\304\373\034\211\340@\342\033\263\365\356\341\357\350\324\035J\032\177\230\207s!\003R7o\362bV\300hf\266\241;}\200^\374\240\203[:\342Q\225\221\027y\372\255\235\216\323~vG0E\002!\000\225\247\037\305\2605\023\235\376\215^\307\026\351\257\002P\201\277XE\\026\255\005\310\366\265\326\212\266\303\002 \026\302\006\334\255\001\353[\216\316^\324\363a\350\361\020%U\361\027\353h~\332\376k\037\006\200q'""; ","validation: """"\200\000\000\001&\000\000\000))/\351\253/:\r\302\353\023?\373\240rQ\220\303+\207\352g\317N\027>\222M\271m\033\236\021:\272\233r\373\233hC}\256\020\210\010\233\335P\027\000\000\000\000\000\000\000\000\000\000\000\000\000\000\000\000\000\000\000\000\000\000\000\000\000\000\000\000\000\000\000\000P\031v%\001\230\016\203\200\251UD\347\304\373\034\211\340@\342\033\263\365\356\341\357\350\324\035J\032\177\230\207s!\003R7o\362bV\300hf\266\241;}\200^\374\240\203[:\342Q\225\221\027y\372\255\235\216\323~vG0E\002!\000\225\247\037\305\2605\023\235\376\215^\307\026\351\257\002P\201\277XE\\026\255\005\310\366\265\326\212\266\303\002 \026\302\006\334\255\001\353[\216\316^\324\363a\350\361\020%U\361\027\353h~\332\376k\037\006\200q'""; "
1750527663667,1750527663667,0,1,4,0,TMValidation,"validation: """"\200\000\000\001&\000\000\000))/\351\253/:\r\302\353\023?\373\240rQ\220\303+\207\352g\317N\027>\222M\271m\033\236\021:\272\233r\373\233hC}\256\020\210\010\233\335P\027\000\000\000\000\000\000\000\000\000\000\000\000\000\000\000\000\000\000\000\000\000\000\000\000\000\000\000\000\000\000\000\000P\031v%\001\230\016\203\200\251UD\347\304\373\034\211\340@\342\033\263\365\356\341\357\350\324\035J\032\177\230\207s!\003R7o\362bV\300hf\266\241;}\200^\374\240\203[:\342Q\225\221\027y\372\255\235\216\323~vG0E\002!\000\225\247\037\305\2605\023\235\376\215^\307\026\351\257\002P\201\277XE\\026\255\005\310\366\265\326\212\266\303\002 \026\302\006\334\255\001\353[\216\316^\324\363a\350\361\020%U\361\027\353h~\332\376k\037\006\200q'""; ","validation: """"\200\000\000\001&\000\000\000))/\351\253/:\r\302\353\023?\373\240rQ\220\303+\207\352g\317N\027>\222M\271m\033\236\021:\272\233r\373\233hC}\256\020\210\010\233\335P\027\000\000\000\000\000\000\000\000\000\000\000\000\000\000\000\000\000\000\000\000\000\000\000\000\000\000\000\000\000\000\000\000P\031v%\001\230\016\203\200\251UD\347\304\373\034\211\340@\342\033\263\365\356\341\357\350\324\035J\032\177\230\207s!\003R7o\362bV\300hf\266\241;}\200^\374\240\203[:\342Q\225\221\027y\372\255\235\216\323~vG0E\002!\000\225\247\037\305\2605\023\235\376\215^\307\026\351\257\002P\201\277XE\\026\255\005\310\366\265\326\212\266\303\002 \026\302\006\334\255\001\353[\216\316^\324\363a\350\361\020%U\361\027\353h~\332\376k\037\006\200q'""; "
1750527663668,1750527663668,0,1,4,2,TMValidation,"validation: """"\200\000\000\001&\000\000\000))/\351\253/:\r\302\353\023?\373\240rQ\220\303+\207\352g\317N\027>\222M\271m\033\236\021:\272\233r\373\233hC}\256\020\210\010\233\335P\027\000\000\000\000\000\000\000\000\000\000\000\000\000\000\000\000\000\000\000\000\000\000\000\000\000\000\000\000\000\000\000\000P\031v%\001\230\016\203\200\251UD\347\304\373\034\211\340@\342\033\263\365\356\341\357\350\324\035J\032\177\230\207s!\003R7o\362bV\300hf\266\241;}\200^\374\240\203[:\342Q\225\221\027y\372\255\235\216\323~vG0E\002!\000\225\247\037\305\2605\023\235\376\215^\307\026\351\257\002P\201\277XE\\026\255\005\310\366\265\326\212\266\303\002 \026\302\006\334\255\001\353[\216\316^\324\363a\350\361\020%U\361\027\353h~\332\376k\037\006\200q'""; ","validation: """"\200\000\000\001&\000\000\000))/\351\253/:\r\302\353\023?\373\240rQ\220\303+\207\352g\317N\027>\222M\271m\033\236\021:\272\233r\373\233hC}\256\020\210\010\233\335P\027\000\000\000\000\000\000\000\000\000\000\000\000\000\000\000\000\000\000\000\000\000\000\000\000\000\000\000\000\000\000\000\000P\031v%\001\230\016\203\200\251UD\347\304\373\034\211\340@\342\033\263\365\356\341\357\350\324\035J\032\177\230\207s!\003R7o\362bV\300hf\266\241;}\200^\374\240\203[:\342Q\225\221\027y\372\255\235\216\323~vG0E\002!\000\225\247\037\305\2605\023\235\376\215^\307\026\351\257\002P\201\277XE\\026\255\005\310\366\265\326\212\266\303\002 \026\302\006\334\255\001\353[\216\316^\324\363a\350\361\020%U\361\027\353h~\332\376k\037\006\200q'""; "
1750527663671,1750527663671,0,1,1,0,TMValidation,"validation: """"\200\000\000\001&\000\000\000))/\351\253/:\r\302\353\023?\373\240rQ\220\303+\207\352g\317N\027>\222M\271m\033\236\021:\272\233r\373\233hC}\256\020\210\010\233\335P\027\000\000\000\000\000\000\000\000\000\000\000\000\000\000\000\000\000\000\000\000\000\000\000\000\000\000\000\000\000\000\000\000P\031v%\001\230\016\203\200\251UD\347\304\373\034\211\340@\342\033\263\365\356\341\357\350\324\035J\032\177\230\207s!\003R7o\362bV\300hf\266\241;}\200^\374\240\203[:\342Q\225\221\027y\372\255\235\216\323~vG0E\002!\000\225\247\037\305\2605\023\235\376\215^\307\026\351\257\002P\201\277XE\\026\255\005\310\366\265\326\212\266\303\002 \026\302\006\334\255\001\353[\216\316^\324\363a\350\361\020%U\361\027\353h~\332\376k\037\006\200q'""; ","validation: """"\200\000\000\001&\000\000\000))/\351\253/:\r\302\353\023?\373\240rQ\220\303+\207\352g\317N\027>\222M\271m\033\236\021:\272\233r\373\233hC}\256\020\210\010\233\335P\027\000\000\000\000\000\000\000\000\000\000\000\000\000\000\000\000\000\000\000\000\000\000\000\000\000\000\000\000\000\000\000\000P\031v%\001\230\016\203\200\251UD\347\304\373\034\211\340@\342\033\263\365\356\341\357\350\324\035J\032\177\230\207s!\003R7o\362bV\300hf\266\241;}\200^\374\240\203[:\342Q\225\221\027y\372\255\235\216\323~vG0E\002!\000\225\247\037\305\2605\023\235\376\215^\307\026\351\257\002P\201\277XE\\026\255\005\310\366\265\326\212\266\303\002 \026\302\006\334\255\001\353[\216\316^\324\363a\350\361\020%U\361\027\353h~\332\376k\037\006\200q'""; "
1750527663671,1750527663671,0,1,1,2,TMValidation,"validation: """"\200\000\000\001&\000\000\000))/\351\253/:\r\302\353\023?\373\240rQ\220\303+\207\352g\317N\027>\222M\271m\033\236\021:\272\233r\373\233hC}\256\020\210\010\233\335P\027\000\000\000\000\000\000\000\000\000\000\000\000\000\000\000\000\000\000\000\000\000\000\000\000\000\000\000\000\000\000\000\000P\031v%\001\230\016\203\200\251UD\347\304\373\034\211\340@\342\033\263\365\356\341\357\350\324\035J\032\177\230\207s!\003R7o\362bV\300hf\266\241;}\200^\374\240\203[:\342Q\225\221\027y\372\255\235\216\323~vG0E\002!\000\225\247\037\305\2605\023\235\376\215^\307\026\351\257\002P\201\277XE\\026\255\005\310\366\265\326\212\266\303\002 \026\302\006\334\255\001\353[\216\316^\324\363a\350\361\020%U\361\027\353h~\332\376k\037\006\200q'""; ","validation: """"\200\000\000\001&\000\000\000))/\351\253/:\r\302\353\023?\373\240rQ\220\303+\207\352g\317N\027>\222M\271m\033\236\021:\272\233r\373\233hC}\256\020\210\010\233\335P\027\000\000\000\000\000\000\000\000\000\000\000\000\000\000\000\000\000\000\000\000\000\000\000\000\000\000\000\000\000\000\000\000P\031v%\001\230\016\203\200\251UD\347\304\373\034\211\340@\342\033\263\365\356\341\357\350\324\035J\032\177\230\207s!\003R7o\362bV\300hf\266\241;}\200^\374\240\203[:\342Q\225\221\027y\372\255\235\216\323~vG0E\002!\000\225\247\037\305\2605\023\235\376\215^\307\026\351\257\002P\201\277XE\\026\255\005\310\366\265\326\212\266\303\002 \026\302\006\334\255\001\353[\216\316^\324\363a\350\361\020%U\361\027\353h~\332\376k\037\006\200q'""; "
1750527663671,1750527663671,0,1,1,3,TMValidation,"validation: """"\200\000\000\001&\000\000\000))/\351\253/:\r\302\353\023?\373\240rQ\220\303+\207\352g\317N\027>\222M\271m\033\236\021:\272\233r\373\233hC}\256\020\210\010\233\335P\027\000\000\000\000\000\000\000\000\000\000\000\000\000\000\000\000\000\000\000\000\000\000\000\000\000\000\000\000\000\000\000\000P\031v%\001\230\016\203\200\251UD\347\304\373\034\211\340@\342\033\263\365\356\341\357\350\324\035J\032\177\230\207s!\003R7o\362bV\300hf\266\241;}\200^\374\240\203[:\342Q\225\221\027y\372\255\235\216\323~vG0E\002!\000\225\247\037\305\2605\023\235\376\215^\307\026\351\257\002P\201\277XE\\026\255\005\310\366\265\326\212\266\303\002 \026\302\006\334\255\001\353[\216\316^\324\363a\350\361\020%U\361\027\353h~\332\376k\037\006\200q'""; ","validation: """"\200\000\000\001&\000\000\000))/\351\253/:\r\302\353\023?\373\240rQ\220\303+\207\352g\317N\027>\222M\271m\033\236\021:\272\233r\373\233hC}\256\020\210\010\233\335P\027\000\000\000\000\000\000\000\000\000\000\000\000\000\000\000\000\000\000\000\000\000\000\000\000\000\000\000\000\000\000\000\000P\031v%\001\230\016\203\200\251UD\347\304\373\034\211\340@\342\033\263\365\356\341\357\350\324\035J\032\177\230\207s!\003R7o\362bV\300hf\266\241;}\200^\374\240\203[:\342Q\225\221\027y\372\255\235\216\323~vG0E\002!\000\225\247\037\305\2605\023\235\376\215^\307\026\351\257\002P\201\277XE\\026\255\005\310\366\265\326\212\266\303\002 \026\302\006\334\255\001\353[\216\316^\324\363a\350\361\020%U\361\027\353h~\332\376k\037\006\200q'""; "
1750527663672,1750527663672,0,1,3,0,TMValidation,"validation: """"\200\000\000\001&\000\000\000))/\351\253/:\r\302\353\023?\373\240rQ\220\303+\207\352g\317N\027>\222M\271m\033\236\021:\272\233r\373\233hC}\256\020\210\010\233\335P\027\000\000\000\000\000\000\000\000\000\000\000\000\000\000\000\000\000\000\000\000\000\000\000\000\000\000\000\000\000\000\000\000P\031v%\001\230\016\203\200\251UD\347\304\373\034\211\340@\342\033\263\365\356\341\357\350\324\035J\032\177\230\207s!\003R7o\362bV\300hf\266\241;}\200^\374\240\203[:\342Q\225\221\027y\372\255\235\216\323~vG0E\002!\000\225\247\037\305\2605\023\235\376\215^\307\026\351\257\002P\201\277XE\\026\255\005\310\366\265\326\212\266\303\002 \026\302\006\334\255\001\353[\216\316^\324\363a\350\361\020%U\361\027\353h~\332\376k\037\006\200q'""; ","validation: """"\200\000\000\001&\000\000\000))/\351\253/:\r\302\353\023?\373\240rQ\220\303+\207\352g\317N\027>\222M\271m\033\236\021:\272\233r\373\233hC}\256\020\210\010\233\335P\027\000\000\000\000\000\000\000\000\000\000\000\000\000\000\000\000\000\000\000\000\000\000\000\000\000\000\000\000\000\000\000\000P\031v%\001\230\016\203\200\251UD\347\304\373\034\211\340@\342\033\263\365\356\341\357\350\324\035J\032\177\230\207s!\003R7o\362bV\300hf\266\241;}\200^\374\240\203[:\342Q\225\221\027y\372\255\235\216\323~vG0E\002!\000\225\247\037\305\2605\023\235\376\215^\307\026\351\257\002P\201\277XE\\026\255\005\310\366\265\326\212\266\303\002 \026\302\006\334\255\001\353[\216\316^\324\363a\350\361\020%U\361\027\353h~\332\376k\037\006\200q'""; "
1750527663672,1750527663672,0,1,3,1,TMValidation,"validation: """"\200\000\000\001&\000\000\000))/\351\253/:\r\302\353\023?\373\240rQ\220\303+\207\352g\317N\027>\222M\271m\033\236\021:\272\233r\373\233hC}\256\020\210\010\233\335P\027\000\000\000\000\000\000\000\000\000\000\000\000\000\000\000\000\000\000\000\000\000\000\000\000\000\000\000\000\000\000\000\000P\031v%\001\230\016\203\200\251UD\347\304\373\034\211\340@\342\033\263\365\356\341\357\350\324\035J\032\177\230\207s!\003R7o\362bV\300hf\266\241;}\200^\374\240\203[:\342Q\225\221\027y\372\255\235\216\323~vG0E\002!\000\225\247\037\305\2605\023\235\376\215^\307\026\351\257\002P\201\277XE\\026\255\005\310\366\265\326\212\266\303\002 \026\302\006\334\255\001\353[\216\316^\324\363a\350\361\020%U\361\027\353h~\332\376k\037\006\200q'""; ","validation: """"\200\000\000\001&\000\000\000))/\351\253/:\r\302\353\023?\373\240rQ\220\303+\207\352g\317N\027>\222M\271m\033\236\021:\272\233r\373\233hC}\256\020\210\010\233\335P\027\000\000\000\000\000\000\000\000\000\000\000\000\000\000\000\000\000\000\000\000\000\000\000\000\000\000\000\000\000\000\000\000P\031v%\001\230\016\203\200\251UD\347\304\373\034\211\340@\342\033\263\365\356\341\357\350\324\035J\032\177\230\207s!\003R7o\362bV\300hf\266\241;}\200^\374\240\203[:\342Q\225\221\027y\372\255\235\216\323~vG0E\002!\000\225\247\037\305\2605\023\235\376\215^\307\026\351\257\002P\201\277XE\\026\255\005\310\366\265\326\212\266\303\002 \026\302\006\334\255\001\353[\216\316^\324\363a\350\361\020%U\361\027\353h~\332\376k\037\006\200q'""; "
1750527663673,1750527663673,0,1,0,3,TMValidation,"validation: """"\200\000\000\001&\000\000\000))/\351\253/:\r\302\353\023?\373\240rQ\220\303+\207\352g\317N\027>\222M\271m\033\236\021:\272\233r\373\233hC}\256\020\210\010\233\335P\027\000\000\000\000\000\000\000\000\000\000\000\000\000\000\000\000\000\000\000\000\000\000\000\000\000\000\000\000\000\000\000\000P\031v%\001\230\016\203\200\251UD\347\304\373\034\211\340@\342\033\263\365\356\341\357\350\324\035J\032\177\230\207s!\003R7o\362bV\300hf\266\241;}\200^\374\240\203[:\342Q\225\221\027y\372\255\235\216\323~vG0E\002!\000\225\247\037\305\2605\023\235\376\215^\307\026\351\257\002P\201\277XE\\026\255\005\310\366\265\326\212\266\303\002 \026\302\006\334\255\001\353[\216\316^\324\363a\350\361\020%U\361\027\353h~\332\376k\037\006\200q'""; ","validation: """"\200\000\000\001&\000\000\000))/\351\253/:\r\302\353\023?\373\240rQ\220\303+\207\352g\317N\027>\222M\271m\033\236\021:\272\233r\373\233hC}\256\020\210\010\233\335P\027\000\000\000\000\000\000\000\000\000\000\000\000\000\000\000\000\000\000\000\000\000\000\000\000\000\000\000\000\000\000\000\000P\031v%\001\230\016\203\200\251UD\347\304\373\034\211\340@\342\033\263\365\356\341\357\350\324\035J\032\177\230\207s!\003R7o\362bV\300hf\266\241;}\200^\374\240\203[:\342Q\225\221\027y\372\255\235\216\323~vG0E\002!\000\225\247\037\305\2605\023\235\376\215^\307\026\351\257\002P\201\277XE\\026\255\005\310\366\265\326\212\266\303\002 \026\302\006\334\255\001\353[\216\316^\324\363a\350\361\020%U\361\027\353h~\332\376k\037\006\200q'""; "
1750527663673,1750527663674,0,1,0,2,TMValidation,"validation: """"\200\000\000\001&\000\000\000))/\351\253/:\r\302\353\023?\373\240rQ\220\303+\207\352g\317N\027>\222M\271m\033\236\021:\272\233r\373\233hC}\256\020\210\010\233\335P\027\000\000\000\000\000\000\000\000\000\000\000\000\000\000\000\000\000\000\000\000\000\000\000\000\000\000\000\000\000\000\000\000P\031v%\001\230\016\203\200\251UD\347\304\373\034\211\340@\342\033\263\365\356\341\357\350\324\035J\032\177\230\207s!\003R7o\362bV\300hf\266\241;}\200^\374\240\203[:\342Q\225\221\027y\372\255\235\216\323~vG0E\002!\000\225\247\037\305\2605\023\235\376\215^\307\026\351\257\002P\201\277XE\\026\255\005\310\366\265\326\212\266\303\002 \026\302\006\334\255\001\353[\216\316^\324\363a\350\361\020%U\361\027\353h~\332\376k\037\006\200q'""; ","validation: """"\200\000\000\001&\000\000\000))/\351\253/:\r\302\353\023?\373\240rQ\220\303+\207\352g\317N\027>\222M\271m\033\236\021:\272\233r\373\233hC}\256\020\210\010\233\335P\027\000\000\000\000\000\000\000\000\000\000\000\000\000\000\000\000\000\000\000\000\000\000\000\000\000\000\000\000\000\000\000\000P\031v%\001\230\016\203\200\251UD\347\304\373\034\211\340@\342\033\263\365\356\341\357\350\324\035J\032\177\230\207s!\003R7o\362bV\300hf\266\241;}\200^\374\240\203[:\342Q\225\221\027y\372\255\235\216\323~vG0E\002!\000\225\247\037\305\2605\023\235\376\215^\307\026\351\257\002P\201\277XE\\026\255\005\310\366\265\326\212\266\303\002 \026\302\006\334\255\001\353[\216\316^\324\363a\350\361\020%U\361\027\353h~\332\376k\037\006\200q'""; "
1750527663674,1750527663674,0,1,3,2,TMValidation,"validation: """"\200\000\000\001&\000\000\000))/\351\253/:\r\302\353\023?\373\240rQ\220\303+\207\352g\317N\027>\222M\271m\033\236\021:\272\233r\373\233hC}\256\020\210\010\233\335P\027\000\000\000\000\000\000\000\000\000\000\000\000\000\000\000\000\000\000\000\000\000\000\000\000\000\000\000\000\000\000\000\000P\031v%\001\230\016\203\200\251UD\347\304\373\034\211\340@\342\033\263\365\356\341\357\350\324\035J\032\177\230\207s!\003R7o\362bV\300hf\266\241;}\200^\374\240\203[:\342Q\225\221\027y\372\255\235\216\323~vG0E\002!\000\225\247\037\305\2605\023\235\376\215^\307\026\351\257\002P\201\277XE\\026\255\005\310\366\265\326\212\266\303\002 \026\302\006\334\255\001\353[\216\316^\324\363a\350\361\020%U\361\027\353h~\332\376k\037\006\200q'""; ","validation: """"\200\000\000\001&\000\000\000))/\351\253/:\r\302\353\023?\373\240rQ\220\303+\207\352g\317N\027>\222M\271m\033\236\021:\272\233r\373\233hC}\256\020\210\010\233\335P\027\000\000\000\000\000\000\000\000\000\000\000\000\000\000\000\000\000\000\000\000\000\000\000\000\000\000\000\000\000\000\000\000P\031v%\001\230\016\203\200\251UD\347\304\373\034\211\340@\342\033\263\365\356\341\357\350\324\035J\032\177\230\207s!\003R7o\362bV\300hf\266\241;}\200^\374\240\203[:\342Q\225\221\027y\372\255\235\216\323~vG0E\002!\000\225\247\037\305\2605\023\235\376\215^\307\026\351\257\002P\201\277XE\\026\255\005\310\366\265\326\212\266\303\002 \026\302\006\334\255\001\353[\216\316^\324\363a\350\361\020%U\361\027\353h~\332\376k\037\006\200q'""; "
1750527663675,1750527663675,0,1,2,3,TMValidation,"validation: """"\200\000\000\001&\000\000\000))/\351\253/:\r\302\353\023?\373\240rQ\220\303+\207\352g\317N\027>\222M\271m\033\236\021:\272\233r\373\233hC}\256\020\210\010\233\335P\027\000\000\000\000\000\000\000\000\000\000\000\000\000\000\000\000\000\000\000\000\000\000\000\000\000\000\000\000\000\000\000\000P\031v%\001\230\016\203\200\251UD\347\304\373\034\211\340@\342\033\263\365\356\341\357\350\324\035J\032\177\230\207s!\003R7o\362bV\300hf\266\241;}\200^\374\240\203[:\342Q\225\221\027y\372\255\235\216\323~vG0E\002!\000\225\247\037\305\2605\023\235\376\215^\307\026\351\257\002P\201\277XE\\026\255\005\310\366\265\326\212\266\303\002 \026\302\006\334\255\001\353[\216\316^\324\363a\350\361\020%U\361\027\353h~\332\376k\037\006\200q'""; ","validation: """"\200\000\000\001&\000\000\000))/\351\253/:\r\302\353\023?\373\240rQ\220\303+\207\352g\317N\027>\222M\271m\033\236\021:\272\233r\373\233hC}\256\020\210\010\233\335P\027\000\000\000\000\000\000\000\000\000\000\000\000\000\000\000\000\000\000\000\000\000\000\000\000\000\000\000\000\000\000\000\000P\031v%\001\230\016\203\200\251UD\347\304\373\034\211\340@\342\033\263\365\356\341\357\350\324\035J\032\177\230\207s!\003R7o\362bV\300hf\266\241;}\200^\374\240\203[:\342Q\225\221\027y\372\255\235\216\323~vG0E\002!\000\225\247\037\305\2605\023\235\376\215^\307\026\351\257\002P\201\277XE\\026\255\005\310\366\265\326\212\266\303\002 \026\302\006\334\255\001\353[\216\316^\324\363a\350\361\020%U\361\027\353h~\332\376k\037\006\200q'""; "
1750527663675,1750527663675,0,1,0,1,TMValidation,"validation: """"\200\000\000\001&\000\000\000))/\351\253/:\r\302\353\023?\373\240rQ\220\303+\207\352g\317N\027>\222M\271m\033\236\021:\272\233r\373\233hC}\256\020\210\010\233\335P\027\000\000\000\000\000\000\000\000\000\000\000\000\000\000\000\000\000\000\000\000\000\000\000\000\000\000\000\000\000\000\000\000P\031v%\001\230\016\203\200\251UD\347\304\373\034\211\340@\342\033\263\365\356\341\357\350\324\035J\032\177\230\207s!\003R7o\362bV\300hf\266\241;}\200^\374\240\203[:\342Q\225\221\027y\372\255\235\216\323~vG0E\002!\000\225\247\037\305\2605\023\235\376\215^\307\026\351\257\002P\201\277XE\\026\255\005\310\366\265\326\212\266\303\002 \026\302\006\334\255\001\353[\216\316^\324\363a\350\361\020%U\361\027\353h~\332\376k\037\006\200q'""; ","validation: """"\200\000\000\001&\000\000\000))/\351\253/:\r\302\353\023?\373\240rQ\220\303+\207\352g\317N\027>\222M\271m\033\236\021:\272\233r\373\233hC}\256\020\210\010\233\335P\027\000\000\000\000\000\000\000\000\000\000\000\000\000\000\000\000\000\000\000\000\000\000\000\000\000\000\000\000\000\000\000\000P\031v%\001\230\016\203\200\251UD\347\304\373\034\211\340@\342\033\263\365\356\341\357\350\324\035J\032\177\230\207s!\003R7o\362bV\300hf\266\241;}\200^\374\240\203[:\342Q\225\221\027y\372\255\235\216\323~vG0E\002!\000\225\247\037\305\2605\023\235\376\215^\307\026\351\257\002P\201\277XE\\026\255\005\310\366\265\326\212\266\303\002 \026\302\006\334\255\001\353[\216\316^\324\363a\350\361\020%U\361\027\353h~\332\376k\037\006\200q'""; "
1750527663675,1750527663676,0,1,2,0,TMValidation,"validation: """"\200\000\000\001&\000\000\000))/\351\253/:\r\302\353\023?\373\240rQ\220\303+\207\352g\317N\027>\222M\271m\033\236\021:\272\233r\373\233hC}\256\020\210\010\233\335P\027\000\000\000\000\000\000\000\000\000\000\000\000\000\000\000\000\000\000\000\000\000\000\000\000\000\000\000\000\000\000\000\000P\031v%\001\230\016\203\200\251UD\347\304\373\034\211\340@\342\033\263\365\356\341\357\350\324\035J\032\177\230\207s!\003R7o\362bV\300hf\266\241;}\200^\374\240\203[:\342Q\225\221\027y\372\255\235\216\323~vG0E\002!\000\225\247\037\305\2605\023\235\376\215^\307\026\351\257\002P\201\277XE\\026\255\005\310\366\265\326\212\266\303\002 \026\302\006\334\255\001\353[\216\316^\324\363a\350\361\020%U\361\027\353h~\332\376k\037\006\200q'""; ","validation: """"\200\000\000\001&\000\000\000))/\351\253/:\r\302\353\023?\373\240rQ\220\303+\207\352g\317N\027>\222M\271m\033\236\021:\272\233r\373\233hC}\256\020\210\010\233\335P\027\000\000\000\000\000\000\000\000\000\000\000\000\000\000\000\000\000\000\000\000\000\000\000\000\000\000\000\000\000\000\000\000P\031v%\001\230\016\203\200\251UD\347\304\373\034\211\340@\342\033\263\365\356\341\357\350\324\035J\032\177\230\207s!\003R7o\362bV\300hf\266\241;}\200^\374\240\203[:\342Q\225\221\027y\372\255\235\216\323~vG0E\002!\000\225\247\037\305\2605\023\235\376\215^\307\026\351\257\002P\201\277XE\\026\255\005\310\366\265\326\212\266\303\002 \026\302\006\334\255\001\353[\216\316^\324\363a\350\361\020%U\361\027\353h~\332\376k\037\006\200q'""; "
1750527663676,1750527663676,0,1,2,1,TMValidation,"validation: """"\200\000\000\001&\000\000\000))/\351\253/:\r\302\353\023?\373\240rQ\220\303+\207\352g\317N\027>\222M\271m\033\236\021:\272\233r\373\233hC}\256\020\210\010\233\335P\027\000\000\000\000\000\000\000\000\000\000\000\000\000\000\000\000\000\000\000\000\000\000\000\000\000\000\000\000\000\000\000\000P\031v%\001\230\016\203\200\251UD\347\304\373\034\211\340@\342\033\263\365\356\341\357\350\324\035J\032\177\230\207s!\003R7o\362bV\300hf\266\241;}\200^\374\240\203[:\342Q\225\221\027y\372\255\235\216\323~vG0E\002!\000\225\247\037\305\2605\023\235\376\215^\307\026\351\257\002P\201\277XE\\026\255\005\310\366\265\326\212\266\303\002 \026\302\006\334\255\001\353[\216\316^\324\363a\350\361\020%U\361\027\353h~\332\376k\037\006\200q'""; ","validation: """"\200\000\000\001&\000\000\000))/\351\253/:\r\302\353\023?\373\240rQ\220\303+\207\352g\317N\027>\222M\271m\033\236\021:\272\233r\373\233hC}\256\020\210\010\233\335P\027\000\000\000\000\000\000\000\000\000\000\000\000\000\000\000\000\000\000\000\000\000\000\000\000\000\000\000\000\000\000\000\000P\031v%\001\230\016\203\200\251UD\347\304\373\034\211\340@\342\033\263\365\356\341\357\350\324\035J\032\177\230\207s!\003R7o\362bV\300hf\266\241;}\200^\374\240\203[:\342Q\225\221\027y\372\255\235\216\323~vG0E\002!\000\225\247\037\305\2605\023\235\376\215^\307\026\351\257\002P\201\277XE\\026\255\005\310\366\265\326\212\266\303\002 \026\302\006\334\255\001\353[\216\316^\324\363a\350\361\020%U\361\027\353h~\332\376k\037\006\200q'""; "
1750527664462,1750527664500,0,1,3,4,TMStatusChange,"newEvent: neCLOSING_LEDGER; ledgerSeq: 41; ledgerHash: ""\220\303+\207\352g\317N\027>\222M\271m\033\236\021:\272\233r\373\233hC}\256\020\210\010\233\335""; ledgerHashPrevious: ""v%\001\230\016\203\200\251UD\347\304\373\034\211\340@\342\033\263\365\356\341\357\350\324\035J\032\177\230\207""; networkTime: 803842864; firstSeq: 1; lastSeq: 41; ","newEvent: neCLOSING_LEDGER; ledgerSeq: 41; ledgerHash: ""\220\303+\207\352g\317N\027>\222M\271m\033\236\021:\272\233r\373\233hC}\256\020\210\010\233\335""; ledgerHashPrevious: ""v%\001\230\016\203\200\251UD\347\304\373\034\211\340@\342\033\263\365\356\341\357\350\324\035J\032\177\230\207""; networkTime: 803842864; firstSeq: 1; lastSeq: 41; "
1750527664463,1750527664500,0,1,3,0,TMStatusChange,"newEvent: neCLOSING_LEDGER; ledgerSeq: 41; ledgerHash: ""\220\303+\207\352g\317N\027>\222M\271m\033\236\021:\272\233r\373\233hC}\256\020\210\010\233\335""; ledgerHashPrevious: ""v%\001\230\016\203\200\251UD\347\304\373\034\211\340@\342\033\263\365\356\341\357\350\324\035J\032\177\230\207""; networkTime: 803842864; firstSeq: 1; lastSeq: 41; ","newEvent: neCLOSING_LEDGER; ledgerSeq: 41; ledgerHash: ""\220\303+\207\352g\317N\027>\222M\271m\033\236\021:\272\233r\373\233hC}\256\020\210\010\233\335""; ledgerHashPrevious: ""v%\001\230\016\203\200\251UD\347\304\373\034\211\340@\342\033\263\365\356\341\357\350\324\035J\032\177\230\207""; networkTime: 803842864; firstSeq: 1; lastSeq: 41; "
1750527664463,1750527664500,0,1,3,2,TMStatusChange,"newEvent: neCLOSING_LEDGER; ledgerSeq: 41; ledgerHash: ""\220\303+\207\352g\317N\027>\222M\271m\033\236\021:\272\233r\373\233hC}\256\020\210\010\233\335""; ledgerHashPrevious: ""v%\001\230\016\203\200\251UD\347\304\373\034\211\340@\342\033\263\365\356\341\357\350\324\035J\032\177\230\207""; networkTime: 803842864; firstSeq: 1; lastSeq: 41; ","newEvent: neCLOSING_LEDGER; ledgerSeq: 41; ledgerHash: ""\220\303+\207\352g\317N\027>\222M\271m\033\236\021:\272\233r\373\233hC}\256\020\210\010\233\335""; ledgerHashPrevious: ""v%\001\230\016\203\200\251UD\347\304\373\034\211\340@\342\033\263\365\356\341\357\350\324\035J\032\177\230\207""; networkTime: 803842864; firstSeq: 1; lastSeq: 41; "
1750527664463,1750527664500,0,1,3,1,TMStatusChange,"newEvent: neCLOSING_LEDGER; ledgerSeq: 41; ledgerHash: ""\220\303+\207\352g\317N\027>\222M\271m\033\236\021:\272\233r\373\233hC}\256\020\210\010\233\335""; ledgerHashPrevious: ""v%\001\230\016\203\200\251UD\347\304\373\034\211\340@\342\033\263\365\356\341\357\350\324\035J\032\177\230\207""; networkTime: 803842864; firstSeq: 1; lastSeq: 41; ","newEvent: neCLOSING_LEDGER; ledgerSeq: 41; ledgerHash: ""\220\303+\207\352g\317N\027>\222M\271m\033\236\021:\272\233r\373\233hC}\256\020\210\010\233\335""; ledgerHashPrevious: ""v%\001\230\016\203\200\251UD\347\304\373\034\211\340@\342\033\263\365\356\341\357\350\324\035J\032\177\230\207""; networkTime: 803842864; firstSeq: 1; lastSeq: 41; "
1750527664504,1750527664504,0,1,3,2,TMProposeSet,"proposeSeq: 0; currentTxHash: ""\000\000\000\000\000\000\000\000\000\000\000\000\000\000\000\000\000\000\000\000\000\000\000\000\000\000\000\000\000\000\000\000""; nodePubKey: ""\002\364d\217\366\217|\316F\232\231\241\n\261\333`\312O\367\235\025DD\336e\367\n\312\326\221\037\025\230""; closeTime: 803842864; signature: ""0D\002 L\267\377\356Z6<\205\301\014\202~\321\177\026\364\202\303\270z\252)\350\020\240\303/3\257\033!c\002 &\373C\003\255\210w\374e\240\021\374E\371\356\025\243\304k\347\302\371m\020j\272\325%\350I\300+""; previousledger: ""\220\303+\207\352g\317N\027>\222M\271m\033\236\021:\272\233r\373\233hC}\256\020\210\010\233\335""; ","proposeSeq: 0; currentTxHash: ""\000\000\000\000\000\000\000\000\000\000\000\000\000\000\000\000\000\000\000\000\000\000\000\000\000\000\000\000\000\000\000\000""; nodePubKey: ""\002\364d\217\366\217|\316F\232\231\241\n\261\333`\312O\367\235\025DD\336e\367\n\312\326\221\037\025\230""; closeTime: 803842864; signature: ""0D\002 L\267\377\356Z6<\205\301\014\202~\321\177\026\364\202\303\270z\252)\350\020\240\303/3\257\033!c\002 &\373C\003\255\210w\374e\240\021\374E\371\356\025\243\304k\347\302\371m\020j\272\325%\350I\300+""; previousledger: ""\220\303+\207\352g\317N\027>\222M\271m\033\236\021:\272\233r\373\233hC}\256\020\210\010\233\335""; "
1750527664503,1750527664503,0,1,3,1,TMProposeSet,"proposeSeq: 0; currentTxHash: ""\000\000\000\000\000\000\000\000\000\000\000\000\000\000\000\000\000\000\000\000\000\000\000\000\000\000\000\000\000\000\000\000""; nodePubKey: ""\002\364d\217\366\217|\316F\232\231\241\n\261\333`\312O\367\235\025DD\336e\367\n\312\326\221\037\025\230""; closeTime: 803842864; signature: ""0D\002 L\267\377\356Z6<\205\301\014\202~\321\177\026\364\202\303\270z\252)\350\020\240\303/3\257\033!c\002 &\373C\003\255\210w\374e\240\021\374E\371\356\025\243\304k\347\302\371m\020j\272\325%\350I\300+""; previousledger: ""\220\303+\207\352g\317N\027>\222M\271m\033\236\021:\272\233r\373\233hC}\256\020\210\010\233\335""; ","proposeSeq: 0; currentTxHash: ""\000\000\000\000\000\000\000\000\000\000\000\000\000\000\000\000\000\000\000\000\000\000\000\000\000\000\000\000\000\000\000\000""; nodePubKey: ""\002\364d\217\366\217|\316F\232\231\241\n\261\333`\312O\367\235\025DD\336e\367\n\312\326\221\037\025\230""; closeTime: 803842864; signature: ""0D\002 L\267\377\356Z6<\205\301\014\202~\321\177\026\364\202\303\270z\252)\350\020\240\303/3\257\033!c\002 &\373C\003\255\210w\374e\240\021\374E\371\356\025\243\304k\347\302\371m\020j\272\325%\350I\300+""; previousledger: ""\220\303+\207\352g\317N\027>\222M\271m\033\236\021:\272\233r\373\233hC}\256\020\210\010\233\335""; "
1750527664503,1750527664503,0,1,3,0,TMProposeSet,"proposeSeq: 0; currentTxHash: ""\000\000\000\000\000\000\000\000\000\000\000\000\000\000\000\000\000\000\000\000\000\000\000\000\000\000\000\000\000\000\000\000""; nodePubKey: ""\002\364d\217\366\217|\316F\232\231\241\n\261\333`\312O\367\235\025DD\336e\367\n\312\326\221\037\025\230""; closeTime: 803842864; signature: ""0D\002 L\267\377\356Z6<\205\301\014\202~\321\177\026\364\202\303\270z\252)\350\020\240\303/3\257\033!c\002 &\373C\003\255\210w\374e\240\021\374E\371\356\025\243\304k\347\302\371m\020j\272\325%\350I\300+""; previousledger: ""\220\303+\207\352g\317N\027>\222M\271m\033\236\021:\272\233r\373\233hC}\256\020\210\010\233\335""; ","proposeSeq: 0; currentTxHash: ""\000\000\000\000\000\000\000\000\000\000\000\000\000\000\000\000\000\000\000\000\000\000\000\000\000\000\000\000\000\000\000\000""; nodePubKey: ""\002\364d\217\366\217|\316F\232\231\241\n\261\333`\312O\367\235\025DD\336e\367\n\312\326\221\037\025\230""; closeTime: 803842864; signature: ""0D\002 L\267\377\356Z6<\205\301\014\202~\321\177\026\364\202\303\270z\252)\350\020\240\303/3\257\033!c\002 &\373C\003\255\210w\374e\240\021\374E\371\356\025\243\304k\347\302\371m\020j\272\325%\350I\300+""; previousledger: ""\220\303+\207\352g\317N\027>\222M\271m\033\236\021:\272\233r\373\233hC}\256\020\210\010\233\335""; "
1750527664504,1750527664504,0,1,3,4,TMProposeSet,"proposeSeq: 0; currentTxHash: ""\000\000\000\000\000\000\000\000\000\000\000\000\000\000\000\000\000\000\000\000\000\000\000\000\000\000\000\000\000\000\000\000""; nodePubKey: ""\002\364d\217\366\217|\316F\232\231\241\n\261\333`\312O\367\235\025DD\336e\367\n\312\326\221\037\025\230""; closeTime: 803842864; signature: ""0D\002 L\267\377\356Z6<\205\301\014\202~\321\177\026\364\202\303\270z\252)\350\020\240\303/3\257\033!c\002 &\373C\003\255\210w\374e\240\021\374E\371\356\025\243\304k\347\302\371m\020j\272\325%\350I\300+""; previousledger: ""\220\303+\207\352g\317N\027>\222M\271m\033\236\021:\272\233r\373\233hC}\256\020\210\010\233\335""; ","proposeSeq: 0; currentTxHash: ""\000\000\000\000\000\000\000\000\000\000\000\000\000\000\000\000\000\000\000\000\000\000\000\000\000\000\000\000\000\000\000\000""; nodePubKey: ""\002\364d\217\366\217|\316F\232\231\241\n\261\333`\312O\367\235\025DD\336e\367\n\312\326\221\037\025\230""; closeTime: 803842864; signature: ""0D\002 L\267\377\356Z6<\205\301\014\202~\321\177\026\364\202\303\270z\252)\350\020\240\303/3\257\033!c\002 &\373C\003\255\210w\374e\240\021\374E\371\356\025\243\304k\347\302\371m\020j\272\325%\350I\300+""; previousledger: ""\220\303+\207\352g\317N\027>\222M\271m\033\236\021:\272\233r\373\233hC}\256\020\210\010\233\335""; "
1750527664508,1750527664508,0,1,4,2,TMProposeSet,"proposeSeq: 0; currentTxHash: ""\000\000\000\000\000\000\000\000\000\000\000\000\000\000\000\000\000\000\000\000\000\000\000\000\000\000\000\000\000\000\000\000""; nodePubKey: ""\002\364d\217\366\217|\316F\232\231\241\n\261\333`\312O\367\235\025DD\336e\367\n\312\326\221\037\025\230""; closeTime: 803842864; signature: ""0D\002 L\267\377\356Z6<\205\301\014\202~\321\177\026\364\202\303\270z\252)\350\020\240\303/3\257\033!c\002 &\373C\003\255\210w\374e\240\021\374E\371\356\025\243\304k\347\302\371m\020j\272\325%\350I\300+""; previousledger: ""\220\303+\207\352g\317N\027>\222M\271m\033\236\021:\272\233r\373\233hC}\256\020\210\010\233\335""; ","proposeSeq: 0; currentTxHash: ""\000\000\000\000\000\000\000\000\000\000\000\000\000\000\000\000\000\000\000\000\000\000\000\000\000\000\000\000\000\000\000\000""; nodePubKey: ""\002\364d\217\366\217|\316F\232\231\241\n\261\333`\312O\367\235\025DD\336e\367\n\312\326\221\037\025\230""; closeTime: 803842864; signature: ""0D\002 L\267\377\356Z6<\205\301\014\202~\321\177\026\364\202\303\270z\252)\350\020\240\303/3\257\033!c\002 &\373C\003\255\210w\374e\240\021\374E\371\356\025\243\304k\347\302\371m\020j\272\325%\350I\300+""; previousledger: ""\220\303+\207\352g\317N\027>\222M\271m\033\236\021:\272\233r\373\233hC}\256\020\210\010\233\335""; "
1750527664508,1750527664508,0,1,4,0,TMProposeSet,"proposeSeq: 0; currentTxHash: ""\000\000\000\000\000\000\000\000\000\000\000\000\000\000\000\000\000\000\000\000\000\000\000\000\000\000\000\000\000\000\000\000""; nodePubKey: ""\002\364d\217\366\217|\316F\232\231\241\n\261\333`\312O\367\235\025DD\336e\367\n\312\326\221\037\025\230""; closeTime: 803842864; signature: ""0D\002 L\267\377\356Z6<\205\301\014\202~\321\177\026\364\202\303\270z\252)\350\020\240\303/3\257\033!c\002 &\373C\003\255\210w\374e\240\021\374E\371\356\025\243\304k\347\302\371m\020j\272\325%\350I\300+""; previousledger: ""\220\303+\207\352g\317N\027>\222M\271m\033\236\021:\272\233r\373\233hC}\256\020\210\010\233\335""; ","proposeSeq: 0; currentTxHash: ""\000\000\000\000\000\000\000\000\000\000\000\000\000\000\000\000\000\000\000\000\000\000\000\000\000\000\000\000\000\000\000\000""; nodePubKey: ""\002\364d\217\366\217|\316F\232\231\241\n\261\333`\312O\367\235\025DD\336e\367\n\312\326\221\037\025\230""; closeTime: 803842864; signature: ""0D\002 L\267\377\356Z6<\205\301\014\202~\321\177\026\364\202\303\270z\252)\350\020\240\303/3\257\033!c\002 &\373C\003\255\210w\374e\240\021\374E\371\356\025\243\304k\347\302\371m\020j\272\325%\350I\300+""; previousledger: ""\220\303+\207\352g\317N\027>\222M\271m\033\236\021:\272\233r\373\233hC}\256\020\210\010\233\335""; "
1750527664508,1750527664508,0,1,4,1,TMProposeSet,"proposeSeq: 0; currentTxHash: ""\000\000\000\000\000\000\000\000\000\000\000\000\000\000\000\000\000\000\000\000\000\000\000\000\000\000\000\000\000\000\000\000""; nodePubKey: ""\002\364d\217\366\217|\316F\232\231\241\n\261\333`\312O\367\235\025DD\336e\367\n\312\326\221\037\025\230""; closeTime: 803842864; signature: ""0D\002 L\267\377\356Z6<\205\301\014\202~\321\177\026\364\202\303\270z\252)\350\020\240\303/3\257\033!c\002 &\373C\003\255\210w\374e\240\021\374E\371\356\025\243\304k\347\302\371m\020j\272\325%\350I\300+""; previousledger: ""\220\303+\207\352g\317N\027>\222M\271m\033\236\021:\272\233r\373\233hC}\256\020\210\010\233\335""; ","proposeSeq: 0; currentTxHash: ""\000\000\000\000\000\000\000\000\000\000\000\000\000\000\000\000\000\000\000\000\000\000\000\000\000\000\000\000\000\000\000\000""; nodePubKey: ""\002\364d\217\366\217|\316F\232\231\241\n\261\333`\312O\367\235\025DD\336e\367\n\312\326\221\037\025\230""; closeTime: 803842864; signature: ""0D\002 L\267\377\356Z6<\205\301\014\202~\321\177\026\364\202\303\270z\252)\350\020\240\303/3\257\033!c\002 &\373C\003\255\210w\374e\240\021\374E\371\356\025\243\304k\347\302\371m\020j\272\325%\350I\300+""; previousledger: ""\220\303+\207\352g\317N\027>\222M\271m\033\236\021:\272\233r\373\233hC}\256\020\210\010\233\335""; "
1750527664623,1750527664624,0,1,4,3,TMProposeSet,"proposeSeq: 0; currentTxHash: ""\000\000\000\000\000\000\000\000\000\000\000\000\000\000\000\000\000\000\000\000\000\000\000\000\000\000\000\000\000\000\000\000""; nodePubKey: ""\003R7o\362bV\300hf\266\241;}\200^\374\240\203[:\342Q\225\221\027y\372\255\235\216\323~""; closeTime: 803842864; signature: ""0E\002!\000\266\265\032\013_\306@\375\317\324\200\264\3560\335}\245\376\247\307\023\234\307\\373\3732\263pZ\031\334\002 \006\210kc6F\247;=U\314NI\314C\230\327c\206\200\212\2150\013Ro\267\316\317#\213\314""; previousledger: ""\220\303+\207\352g\317N\027>\222M\271m\033\236\021:\272\233r\373\233hC}\256\020\210\010\233\335""; ","proposeSeq: 0; currentTxHash: ""\000\000\000\000\000\000\000\000\000\000\000\000\000\000\000\000\000\000\000\000\000\000\000\000\000\000\000\000\000\000\000\000""; nodePubKey: ""\003R7o\362bV\300hf\266\241;}\200^\374\240\203[:\342Q\225\221\027y\372\255\235\216\323~""; closeTime: 803842864; signature: ""0E\002!\000\266\265\032\013_\306@\375\317\324\200\264\3560\335}\245\376\247\307\023\234\307\\373\3732\263pZ\031\334\002 \006\210kc6F\247;=U\314NI\314C\230\327c\206\200\212\2150\013Ro\267\316\317#\213\314""; previousledger: ""\220\303+\207\352g\317N\027>\222M\271m\033\236\021:\272\233r\373\233hC}\256\020\210\010\233\335""; "
1750527664624,1750527664624,0,1,4,2,TMProposeSet,"proposeSeq: 0; currentTxHash: ""\000\000\000\000\000\000\000\000\000\000\000\000\000\000\000\000\000\000\000\000\000\000\000\000\000\000\000\000\000\000\000\000""; nodePubKey: ""\003R7o\362bV\300hf\266\241;}\200^\374\240\203[:\342Q\225\221\027y\372\255\235\216\323~""; closeTime: 803842864; signature: ""0E\002!\000\266\265\032\013_\306@\375\317\324\200\264\3560\335}\245\376\247\307\023\234\307\\373\3732\263pZ\031\334\002 \006\210kc6F\247;=U\314NI\314C\230\327c\206\200\212\2150\013Ro\267\316\317#\213\314""; previousledger: ""\220\303+\207\352g\317N\027>\222M\271m\033\236\021:\272\233r\373\233hC}\256\020\210\010\233\335""; ","proposeSeq: 0; currentTxHash: ""\000\000\000\000\000\000\000\000\000\000\000\000\000\000\000\000\000\000\000\000\000\000\000\000\000\000\000\000\000\000\000\000""; nodePubKey: ""\003R7o\362bV\300hf\266\241;}\200^\374\240\203[:\342Q\225\221\027y\372\255\235\216\323~""; closeTime: 803842864; signature: ""0E\002!\000\266\265\032\013_\306@\375\317\324\200\264\3560\335}\245\376\247\307\023\234\307\\373\3732\263pZ\031\334\002 \006\210kc6F\247;=U\314NI\314C\230\327c\206\200\212\2150\013Ro\267\316\317#\213\314""; previousledger: ""\220\303+\207\352g\317N\027>\222M\271m\033\236\021:\272\233r\373\233hC}\256\020\210\010\233\335""; "
1750527664625,1750527664625,0,1,4,0,TMProposeSet,"proposeSeq: 0; currentTxHash: ""\000\000\000\000\000\000\000\000\000\000\000\000\000\000\000\000\000\000\000\000\000\000\000\000\000\000\000\000\000\000\000\000""; nodePubKey: ""\003R7o\362bV\300hf\266\241;}\200^\374\240\203[:\342Q\225\221\027y\372\255\235\216\323~""; closeTime: 803842864; signature: ""0E\002!\000\266\265\032\013_\306@\375\317\324\200\264\3560\335}\245\376\247\307\023\234\307\\373\3732\263pZ\031\334\002 \006\210kc6F\247;=U\314NI\314C\230\327c\206\200\212\2150\013Ro\267\316\317#\213\314""; previousledger: ""\220\303+\207\352g\317N\027>\222M\271m\033\236\021:\272\233r\373\233hC}\256\020\210\010\233\335""; ","proposeSeq: 0; currentTxHash: ""\000\000\000\000\000\000\000\000\000\000\000\000\000\000\000\000\000\000\000\000\000\000\000\000\000\000\000\000\000\000\000\000""; nodePubKey: ""\003R7o\362bV\300hf\266\241;}\200^\374\240\203[:\342Q\225\221\027y\372\255\235\216\323~""; closeTime: 803842864; signature: ""0E\002!\000\266\265\032\013_\306@\375\317\324\200\264\3560\335}\245\376\247\307\023\234\307\\373\3732\263pZ\031\334\002 \006\210kc6F\247;=U\314NI\314C\230\327c\206\200\212\2150\013Ro\267\316\317#\213\314""; previousledger: ""\220\303+\207\352g\317N\027>\222M\271m\033\236\021:\272\233r\373\233hC}\256\020\210\010\233\335""; "
1750527664625,1750527664625,0,1,4,1,TMProposeSet,"proposeSeq: 0; currentTxHash: ""\000\000\000\000\000\000\000\000\000\000\000\000\000\000\000\000\000\000\000\000\000\000\000\000\000\000\000\000\000\000\000\000""; nodePubKey: ""\003R7o\362bV\300hf\266\241;}\200^\374\240\203[:\342Q\225\221\027y\372\255\235\216\323~""; closeTime: 803842864; signature: ""0E\002!\000\266\265\032\013_\306@\375\317\324\200\264\3560\335}\245\376\247\307\023\234\307\\373\3732\263pZ\031\334\002 \006\210kc6F\247;=U\314NI\314C\230\327c\206\200\212\2150\013Ro\267\316\317#\213\314""; previousledger: ""\220\303+\207\352g\317N\027>\222M\271m\033\236\021:\272\233r\373\233hC}\256\020\210\010\233\335""; ","proposeSeq: 0; currentTxHash: ""\000\000\000\000\000\000\000\000\000\000\000\000\000\000\000\000\000\000\000\000\000\000\000\000\000\000\000\000\000\000\000\000""; nodePubKey: ""\003R7o\362bV\300hf\266\241;}\200^\374\240\203[:\342Q\225\221\027y\372\255\235\216\323~""; closeTime: 803842864; signature: ""0E\002!\000\266\265\032\013_\306@\375\317\324\200\264\3560\335}\245\376\247\307\023\234\307\\373\3732\263pZ\031\334\002 \006\210kc6F\247;=U\314NI\314C\230\327c\206\200\212\2150\013Ro\267\316\317#\213\314""; previousledger: ""\220\303+\207\352g\317N\027>\222M\271m\033\236\021:\272\233r\373\233hC}\256\020\210\010\233\335""; "
1750527664627,1750527664627,0,1,3,2,TMProposeSet,"proposeSeq: 0; currentTxHash: ""\000\000\000\000\000\000\000\000\000\000\000\000\000\000\000\000\000\000\000\000\000\000\000\000\000\000\000\000\000\000\000\000""; nodePubKey: ""\003R7o\362bV\300hf\266\241;}\200^\374\240\203[:\342Q\225\221\027y\372\255\235\216\323~""; closeTime: 803842864; signature: ""0E\002!\000\266\265\032\013_\306@\375\317\324\200\264\3560\335}\245\376\247\307\023\234\307\\373\3732\263pZ\031\334\002 \006\210kc6F\247;=U\314NI\314C\230\327c\206\200\212\2150\013Ro\267\316\317#\213\314""; previousledger: ""\220\303+\207\352g\317N\027>\222M\271m\033\236\021:\272\233r\373\233hC}\256\020\210\010\233\335""; ","proposeSeq: 0; currentTxHash: ""\000\000\000\000\000\000\000\000\000\000\000\000\000\000\000\000\000\000\000\000\000\000\000\000\000\000\000\000\000\000\000\000""; nodePubKey: ""\003R7o\362bV\300hf\266\241;}\200^\374\240\203[:\342Q\225\221\027y\372\255\235\216\323~""; closeTime: 803842864; signature: ""0E\002!\000\266\265\032\013_\306@\375\317\324\200\264\3560\335}\245\376\247\307\023\234\307\\373\3732\263pZ\031\334\002 \006\210kc6F\247;=U\314NI\314C\230\327c\206\200\212\2150\013Ro\267\316\317#\213\314""; previousledger: ""\220\303+\207\352g\317N\027>\222M\271m\033\236\021:\272\233r\373\233hC}\256\020\210\010\233\335""; "
1750527664627,1750527664627,0,1,3,1,TMProposeSet,"proposeSeq: 0; currentTxHash: ""\000\000\000\000\000\000\000\000\000\000\000\000\000\000\000\000\000\000\000\000\000\000\000\000\000\000\000\000\000\000\000\000""; nodePubKey: ""\003R7o\362bV\300hf\266\241;}\200^\374\240\203[:\342Q\225\221\027y\372\255\235\216\323~""; closeTime: 803842864; signature: ""0E\002!\000\266\265\032\013_\306@\375\317\324\200\264\3560\335}\245\376\247\307\023\234\307\\373\3732\263pZ\031\334\002 \006\210kc6F\247;=U\314NI\314C\230\327c\206\200\212\2150\013Ro\267\316\317#\213\314""; previousledger: ""\220\303+\207\352g\317N\027>\222M\271m\033\236\021:\272\233r\373\233hC}\256\020\210\010\233\335""; ","proposeSeq: 0; currentTxHash: ""\000\000\000\000\000\000\000\000\000\000\000\000\000\000\000\000\000\000\000\000\000\000\000\000\000\000\000\000\000\000\000\000""; nodePubKey: ""\003R7o\362bV\300hf\266\241;}\200^\374\240\203[:\342Q\225\221\027y\372\255\235\216\323~""; closeTime: 803842864; signature: ""0E\002!\000\266\265\032\013_\306@\375\317\324\200\264\3560\335}\245\376\247\307\023\234\307\\373\3732\263pZ\031\334\002 \006\210kc6F\247;=U\314NI\314C\230\327c\206\200\212\2150\013Ro\267\316\317#\213\314""; previousledger: ""\220\303+\207\352g\317N\027>\222M\271m\033\236\021:\272\233r\373\233hC}\256\020\210\010\233\335""; "
1750527664628,1750527664628,0,1,3,0,TMProposeSet,"proposeSeq: 0; currentTxHash: ""\000\000\000\000\000\000\000\000\000\000\000\000\000\000\000\000\000\000\000\000\000\000\000\000\000\000\000\000\000\000\000\000""; nodePubKey: ""\003R7o\362bV\300hf\266\241;}\200^\374\240\203[:\342Q\225\221\027y\372\255\235\216\323~""; closeTime: 803842864; signature: ""0E\002!\000\266\265\032\013_\306@\375\317\324\200\264\3560\335}\245\376\247\307\023\234\307\\373\3732\263pZ\031\334\002 \006\210kc6F\247;=U\314NI\314C\230\327c\206\200\212\2150\013Ro\267\316\317#\213\314""; previousledger: ""\220\303+\207\352g\317N\027>\222M\271m\033\236\021:\272\233r\373\233hC}\256\020\210\010\233\335""; ","proposeSeq: 0; currentTxHash: ""\000\000\000\000\000\000\000\000\000\000\000\000\000\000\000\000\000\000\000\000\000\000\000\000\000\000\000\000\000\000\000\000""; nodePubKey: ""\003R7o\362bV\300hf\266\241;}\200^\374\240\203[:\342Q\225\221\027y\372\255\235\216\323~""; closeTime: 803842864; signature: ""0E\002!\000\266\265\032\013_\306@\375\317\324\200\264\3560\335}\245\376\247\307\023\234\307\\373\3732\263pZ\031\334\002 \006\210kc6F\247;=U\314NI\314C\230\327c\206\200\212\2150\013Ro\267\316\317#\213\314""; previousledger: ""\220\303+\207\352g\317N\027>\222M\271m\033\236\021:\272\233r\373\233hC}\256\020\210\010\233\335""; "
1750527664624,1750527664662,0,1,4,2,TMStatusChange,"newEvent: neCLOSING_LEDGER; ledgerSeq: 41; ledgerHash: ""\220\303+\207\352g\317N\027>\222M\271m\033\236\021:\272\233r\373\233hC}\256\020\210\010\233\335""; ledgerHashPrevious: ""v%\001\230\016\203\200\251UD\347\304\373\034\211\340@\342\033\263\365\356\341\357\350\324\035J\032\177\230\207""; networkTime: 803842864; firstSeq: 1; lastSeq: 41; ","newEvent: neCLOSING_LEDGER; ledgerSeq: 41; ledgerHash: ""\220\303+\207\352g\317N\027>\222M\271m\033\236\021:\272\233r\373\233hC}\256\020\210\010\233\335""; ledgerHashPrevious: ""v%\001\230\016\203\200\251UD\347\304\373\034\211\340@\342\033\263\365\356\341\357\350\324\035J\032\177\230\207""; networkTime: 803842864; firstSeq: 1; lastSeq: 41; "
1750527664626,1750527664662,0,1,4,0,TMStatusChange,"newEvent: neCLOSING_LEDGER; ledgerSeq: 41; ledgerHash: ""\220\303+\207\352g\317N\027>\222M\271m\033\236\021:\272\233r\373\233hC}\256\020\210\010\233\335""; ledgerHashPrevious: ""v%\001\230\016\203\200\251UD\347\304\373\034\211\340@\342\033\263\365\356\341\357\350\324\035J\032\177\230\207""; networkTime: 803842864; firstSeq: 1; lastSeq: 41; ","newEvent: neCLOSING_LEDGER; ledgerSeq: 41; ledgerHash: ""\220\303+\207\352g\317N\027>\222M\271m\033\236\021:\272\233r\373\233hC}\256\020\210\010\233\335""; ledgerHashPrevious: ""v%\001\230\016\203\200\251UD\347\304\373\034\211\340@\342\033\263\365\356\341\357\350\324\035J\032\177\230\207""; networkTime: 803842864; firstSeq: 1; lastSeq: 41; "
1750527664625,1750527664662,0,1,4,1,TMStatusChange,"newEvent: neCLOSING_LEDGER; ledgerSeq: 41; ledgerHash: ""\220\303+\207\352g\317N\027>\222M\271m\033\236\021:\272\233r\373\233hC}\256\020\210\010\233\335""; ledgerHashPrevious: ""v%\001\230\016\203\200\251UD\347\304\373\034\211\340@\342\033\263\365\356\341\357\350\324\035J\032\177\230\207""; networkTime: 803842864; firstSeq: 1; lastSeq: 41; ","newEvent: neCLOSING_LEDGER; ledgerSeq: 41; ledgerHash: ""\220\303+\207\352g\317N\027>\222M\271m\033\236\021:\272\233r\373\233hC}\256\020\210\010\233\335""; ledgerHashPrevious: ""v%\001\230\016\203\200\251UD\347\304\373\034\211\340@\342\033\263\365\356\341\357\350\324\035J\032\177\230\207""; networkTime: 803842864; firstSeq: 1; lastSeq: 41; "
1750527664624,1750527664662,0,1,4,3,TMStatusChange,"newEvent: neCLOSING_LEDGER; ledgerSeq: 41; ledgerHash: ""\220\303+\207\352g\317N\027>\222M\271m\033\236\021:\272\233r\373\233hC}\256\020\210\010\233\335""; ledgerHashPrevious: ""v%\001\230\016\203\200\251UD\347\304\373\034\211\340@\342\033\263\365\356\341\357\350\324\035J\032\177\230\207""; networkTime: 803842864; firstSeq: 1; lastSeq: 41; ","newEvent: neCLOSING_LEDGER; ledgerSeq: 41; ledgerHash: ""\220\303+\207\352g\317N\027>\222M\271m\033\236\021:\272\233r\373\233hC}\256\020\210\010\233\335""; ledgerHashPrevious: ""v%\001\230\016\203\200\251UD\347\304\373\034\211\340@\342\033\263\365\356\341\357\350\324\035J\032\177\230\207""; networkTime: 803842864; firstSeq: 1; lastSeq: 41; "
1750527665553,1750527665553,0,1,0,3,TMStatusChange,"newEvent: neACCEPTED_LEDGER; ledgerSeq: 13; ledgerHash: ""=\3153\201i2\351\305qG\027\273i\345\234\273\252\306\261)(\316\370\223\246\361\3364\201\024jn""; ledgerHashPrevious: ""\212\221\310\013\200\331\347e\201\327V-\007\357\327\346\2263\031K\255s\310&\251\322\367\316F\360\310\245""; networkTime: 803842865; firstSeq: 1; lastSeq: 41; ","newEvent: neACCEPTED_LEDGER; ledgerSeq: 13; ledgerHash: ""=\3153\201i2\351\305qG\027\273i\345\234\273\252\306\261)(\316\370\223\246\361\3364\201\024jn""; ledgerHashPrevious: ""\212\221\310\013\200\331\347e\201\327V-\007\357\327\346\2263\031K\255s\310&\251\322\367\316F\360\310\245""; networkTime: 803842865; firstSeq: 1; lastSeq: 41; "
1750527665554,1750527665554,0,1,0,4,TMStatusChange,"newEvent: neACCEPTED_LEDGER; ledgerSeq: 13; ledgerHash: ""=\3153\201i2\351\305qG\027\273i\345\234\273\252\306\261)(\316\370\223\246\361\3364\201\024jn""; ledgerHashPrevious: ""\212\221\310\013\200\331\347e\201\327V-\007\357\327\346\2263\031K\255s\310&\251\322\367\316F\360\310\245""; networkTime: 803842865; firstSeq: 1; lastSeq: 41; ","newEvent: neACCEPTED_LEDGER; ledgerSeq: 13; ledgerHash: ""=\3153\201i2\351\305qG\027\273i\345\234\273\252\306\261)(\316\370\223\246\361\3364\201\024jn""; ledgerHashPrevious: ""\212\221\310\013\200\331\347e\201\327V-\007\357\327\346\2263\031K\255s\310&\251\322\367\316F\360\310\245""; networkTime: 803842865; firstSeq: 1; lastSeq: 41; "
1750527665554,1750527665554,0,1,0,1,TMStatusChange,"newEvent: neACCEPTED_LEDGER; ledgerSeq: 13; ledgerHash: ""=\3153\201i2\351\305qG\027\273i\345\234\273\252\306\261)(\316\370\223\246\361\3364\201\024jn""; ledgerHashPrevious: ""\212\221\310\013\200\331\347e\201\327V-\007\357\327\346\2263\031K\255s\310&\251\322\367\316F\360\310\245""; networkTime: 803842865; firstSeq: 1; lastSeq: 41; ","newEvent: neACCEPTED_LEDGER; ledgerSeq: 13; ledgerHash: ""=\3153\201i2\351\305qG\027\273i\345\234\273\252\306\261)(\316\370\223\246\361\3364\201\024jn""; ledgerHashPrevious: ""\212\221\310\013\200\331\347e\201\327V-\007\357\327\346\2263\031K\255s\310&\251\322\367\316F\360\310\245""; networkTime: 803842865; firstSeq: 1; lastSeq: 41; "
1750527665554,1750527665554,0,1,0,2,TMStatusChange,"newEvent: neACCEPTED_LEDGER; ledgerSeq: 13; ledgerHash: ""=\3153\201i2\351\305qG\027\273i\345\234\273\252\306\261)(\316\370\223\246\361\3364\201\024jn""; ledgerHashPrevious: ""\212\221\310\013\200\331\347e\201\327V-\007\357\327\346\2263\031K\255s\310&\251\322\367\316F\360\310\245""; networkTime: 803842865; firstSeq: 1; lastSeq: 41; ","newEvent: neACCEPTED_LEDGER; ledgerSeq: 13; ledgerHash: ""=\3153\201i2\351\305qG\027\273i\345\234\273\252\306\261)(\316\370\223\246\361\3364\201\024jn""; ledgerHashPrevious: ""\212\221\310\013\200\331\347e\201\327V-\007\357\327\346\2263\031K\255s\310&\251\322\367\316F\360\310\245""; networkTime: 803842865; firstSeq: 1; lastSeq: 41; "
1750527665638,1750527665638,0,1,2,4,TMStatusChange,"newEvent: neACCEPTED_LEDGER; ledgerSeq: 13; ledgerHash: ""\331I\204\016\276\321\276\006\357\356_\363\302\211\374\3168-\334\260;S\007r\271:!i\362bs\344""; ledgerHashPrevious: ""\236R\330\360\256\004\260CN\250\277\334\000\r\262\020\2237\211\373\270\347\n\311\222a=\321\276Z\2313""; networkTime: 803842865; firstSeq: 1; lastSeq: 41; ","newEvent: neACCEPTED_LEDGER; ledgerSeq: 13; ledgerHash: ""\331I\204\016\276\321\276\006\357\356_\363\302\211\374\3168-\334\260;S\007r\271:!i\362bs\344""; ledgerHashPrevious: ""\236R\330\360\256\004\260CN\250\277\334\000\r\262\020\2237\211\373\270\347\n\311\222a=\321\276Z\2313""; networkTime: 803842865; firstSeq: 1; lastSeq: 41; "
1750527665638,1750527665638,0,1,2,3,TMStatusChange,"newEvent: neACCEPTED_LEDGER; ledgerSeq: 13; ledgerHash: ""\331I\204\016\276\321\276\006\357\356_\363\302\211\374\3168-\334\260;S\007r\271:!i\362bs\344""; ledgerHashPrevious: ""\236R\330\360\256\004\260CN\250\277\334\000\r\262\020\2237\211\373\270\347\n\311\222a=\321\276Z\2313""; networkTime: 803842865; firstSeq: 1; lastSeq: 41; ","newEvent: neACCEPTED_LEDGER; ledgerSeq: 13; ledgerHash: ""\331I\204\016\276\321\276\006\357\356_\363\302\211\374\3168-\334\260;S\007r\271:!i\362bs\344""; ledgerHashPrevious: ""\236R\330\360\256\004\260CN\250\277\334\000\r\262\020\2237\211\373\270\347\n\311\222a=\321\276Z\2313""; networkTime: 803842865; firstSeq: 1; lastSeq: 41; "
1750527665638,1750527665638,0,1,2,0,TMStatusChange,"newEvent: neACCEPTED_LEDGER; ledgerSeq: 13; ledgerHash: ""\331I\204\016\276\321\276\006\357\356_\363\302\211\374\3168-\334\260;S\007r\271:!i\362bs\344""; ledgerHashPrevious: ""\236R\330\360\256\004\260CN\250\277\334\000\r\262\020\2237\211\373\270\347\n\311\222a=\321\276Z\2313""; networkTime: 803842865; firstSeq: 1; lastSeq: 41; ","newEvent: neACCEPTED_LEDGER; ledgerSeq: 13; ledgerHash: ""\331I\204\016\276\321\276\006\357\356_\363\302\211\374\3168-\334\260;S\007r\271:!i\362bs\344""; ledgerHashPrevious: ""\236R\330\360\256\004\260CN\250\277\334\000\r\262\020\2237\211\373\270\347\n\311\222a=\321\276Z\2313""; networkTime: 803842865; firstSeq: 1; lastSeq: 41; "
1750527665638,1750527665639,0,1,2,1,TMStatusChange,"newEvent: neACCEPTED_LEDGER; ledgerSeq: 13; ledgerHash: ""\331I\204\016\276\321\276\006\357\356_\363\302\211\374\3168-\334\260;S\007r\271:!i\362bs\344""; ledgerHashPrevious: ""\236R\330\360\256\004\260CN\250\277\334\000\r\262\020\2237\211\373\270\347\n\311\222a=\321\276Z\2313""; networkTime: 803842865; firstSeq: 1; lastSeq: 41; ","newEvent: neACCEPTED_LEDGER; ledgerSeq: 13; ledgerHash: ""\331I\204\016\276\321\276\006\357\356_\363\302\211\374\3168-\334\260;S\007r\271:!i\362bs\344""; ledgerHashPrevious: ""\236R\330\360\256\004\260CN\250\277\334\000\r\262\020\2237\211\373\270\347\n\311\222a=\321\276Z\2313""; networkTime: 803842865; firstSeq: 1; lastSeq: 41; "
1750527666463,1750527666463,0,1,3,4,TMValidation,"validation: """"\200\000\000\001&\000\000\000*)/\351\2532:p\210\265\307-\212\200\004Q\025[ d(\343\263\327\177\030\246\254H\277\254E\231\006\033_lB\210\264\334Y\322\314\362\320L\000P\027\000\000\000\000\000\000\000\000\000\000\000\000\000\000\000\000\000\000\000\000\000\000\000\000\000\000\000\000\000\000\000\000P\031\220\303+\207\352g\317N\027>\222M\271m\033\236\021:\272\233r\373\233hC}\256\020\210\010\233\335s!\002\364d\217\366\217|\316F\232\231\241\n\261\333`\312O\367\235\025DD\336e\367\n\312\326\221\037\025\230vF0D\002 M\305\325\233@\334y\260\034\240\233\270\347Ih\342\261\\320\035\343\304\221v\333\320\360\2572\021t~\002 \036\004,k\262\0328\205\222\271\316\343\206Su\334Y\254\003\001\312N\263$@n\240\235\013\332\211\002""; ","validation: """"\200\000\000\001&\000\000\000*)/\351\2532:p\210\265\307-\212\200\004Q\025[ d(\343\263\327\177\030\246\254H\277\254E\231\006\033_lB\210\264\334Y\322\314\362\320L\000P\027\000\000\000\000\000\000\000\000\000\000\000\000\000\000\000\000\000\000\000\000\000\000\000\000\000\000\000\000\000\000\000\000P\031\220\303+\207\352g\317N\027>\222M\271m\033\236\021:\272\233r\373\233hC}\256\020\210\010\233\335s!\002\364d\217\366\217|\316F\232\231\241\n\261\333`\312O\367\235\025DD\336e\367\n\312\326\221\037\025\230vF0D\002 M\305\325\233@\334y\260\034\240\233\270\347Ih\342\261\\320\035\343\304\221v\333\320\360\2572\021t~\002 \036\004,k\262\0328\205\222\271\316\343\206Su\334Y\254\003\001\312N\263$@n\240\235\013\332\211\002""; "
1750527666463,1750527666463,0,1,3,4,TMStatusChange,"newEvent: neACCEPTED_LEDGER; ledgerSeq: 42; ledgerHash: ""\025[ d(\343\263\327\177\030\246\254H\277\254E\231\006\033_lB\210\264\334Y\322\314\362\320L\000""; ledgerHashPrevious: ""\220\303+\207\352g\317N\027>\222M\271m\033\236\021:\272\233r\373\233hC}\256\020\210\010\233\335""; networkTime: 803842866; firstSeq: 1; lastSeq: 41; ","newEvent: neACCEPTED_LEDGER; ledgerSeq: 42; ledgerHash: ""\025[ d(\343\263\327\177\030\246\254H\277\254E\231\006\033_lB\210\264\334Y\322\314\362\320L\000""; ledgerHashPrevious: ""\220\303+\207\352g\317N\027>\222M\271m\033\236\021:\272\233r\373\233hC}\256\020\210\010\233\335""; networkTime: 803842866; firstSeq: 1; lastSeq: 41; "
1750527666463,1750527666464,0,1,3,2,TMValidation,"validation: """"\200\000\000\001&\000\000\000*)/\351\2532:p\210\265\307-\212\200\004Q\025[ d(\343\263\327\177\030\246\254H\277\254E\231\006\033_lB\210\264\334Y\322\314\362\320L\000P\027\000\000\000\000\000\000\000\000\000\000\000\000\000\000\000\000\000\000\000\000\000\000\000\000\000\000\000\000\000\000\000\000P\031\220\303+\207\352g\317N\027>\222M\271m\033\236\021:\272\233r\373\233hC}\256\020\210\010\233\335s!\002\364d\217\366\217|\316F\232\231\241\n\261\333`\312O\367\235\025DD\336e\367\n\312\326\221\037\025\230vF0D\002 M\305\325\233@\334y\260\034\240\233\270\347Ih\342\261\\320\035\343\304\221v\333\320\360\2572\021t~\002 \036\004,k\262\0328\205\222\271\316\343\206Su\334Y\254\003\001\312N\263$@n\240\235\013\332\211\002""; ","validation: """"\200\000\000\001&\000\000\000*)/\351\2532:p\210\265\307-\212\200\004Q\025[ d(\343\263\327\177\030\246\254H\277\254E\231\006\033_lB\210\264\334Y\322\314\362\320L\000P\027\000\000\000\000\000\000\000\000\000\000\000\000\000\000\000\000\000\000\000\000\000\000\000\000\000\000\000\000\000\000\000\000P\031\220\303+\207\352g\317N\027>\222M\271m\033\236\021:\272\233r\373\233hC}\256\020\210\010\233\335s!\002\364d\217\366\217|\316F\232\231\241\n\261\333`\312O\367\235\025DD\336e\367\n\312\326\221\037\025\230vF0D\002 M\305\325\233@\334y\260\034\240\233\270\347Ih\342\261\\320\035\343\304\221v\333\320\360\2572\021t~\002 \036\004,k\262\0328\205\222\271\316\343\206Su\334Y\254\003\001\312N\263$@n\240\235\013\332\211\002""; "
1750527666464,1750527666464,0,1,3,1,TMValidation,"validation: """"\200\000\000\001&\000\000\000*)/\351\2532:p\210\265\307-\212\200\004Q\025[ d(\343\263\327\177\030\246\254H\277\254E\231\006\033_lB\210\264\334Y\322\314\362\320L\000P\027\000\000\000\000\000\000\000\000\000\000\000\000\000\000\000\000\000\000\000\000\000\000\000\000\000\000\000\000\000\000\000\000P\031\220\303+\207\352g\317N\027>\222M\271m\033\236\021:\272\233r\373\233hC}\256\020\210\010\233\335s!\002\364d\217\366\217|\316F\232\231\241\n\261\333`\312O\367\235\025DD\336e\367\n\312\326\221\037\025\230vF0D\002 M\305\325\233@\334y\260\034\240\233\270\347Ih\342\261\\320\035\343\304\221v\333\320\360\2572\021t~\002 \036\004,k\262\0328\205\222\271\316\343\206Su\334Y\254\003\001\312N\263$@n\240\235\013\332\211\002""; ","validation: """"\200\000\000\001&\000\000\000*)/\351\2532:p\210\265\307-\212\200\004Q\025[ d(\343\263\327\177\030\246\254H\277\254E\231\006\033_lB\210\264\334Y\322\314\362\320L\000P\027\000\000\000\000\000\000\000\000\000\000\000\000\000\000\000\000\000\000\000\000\000\000\000\000\000\000\000\000\000\000\000\000P\031\220\303+\207\352g\317N\027>\222M\271m\033\236\021:\272\233r\373\233hC}\256\020\210\010\233\335s!\002\364d\217\366\217|\316F\232\231\241\n\261\333`\312O\367\235\025DD\336e\367\n\312\326\221\037\025\230vF0D\002 M\305\325\233@\334y\260\034\240\233\270\347Ih\342\261\\320\035\343\304\221v\333\320\360\2572\021t~\002 \036\004,k\262\0328\205\222\271\316\343\206Su\334Y\254\003\001\312N\263$@n\240\235\013\332\211\002""; "
1750527666464,1750527666464,0,1,3,2,TMStatusChange,"newEvent: neACCEPTED_LEDGER; ledgerSeq: 42; ledgerHash: ""\025[ d(\343\263\327\177\030\246\254H\277\254E\231\006\033_lB\210\264\334Y\322\314\362\320L\000""; ledgerHashPrevious: ""\220\303+\207\352g\317N\027>\222M\271m\033\236\021:\272\233r\373\233hC}\256\020\210\010\233\335""; networkTime: 803842866; firstSeq: 1; lastSeq: 41; ","newEvent: neACCEPTED_LEDGER; ledgerSeq: 42; ledgerHash: ""\025[ d(\343\263\327\177\030\246\254H\277\254E\231\006\033_lB\210\264\334Y\322\314\362\320L\000""; ledgerHashPrevious: ""\220\303+\207\352g\317N\027>\222M\271m\033\236\021:\272\233r\373\233hC}\256\020\210\010\233\335""; networkTime: 803842866; firstSeq: 1; lastSeq: 41; "
1750527666465,1750527666465,0,1,3,0,TMStatusChange,"newEvent: neACCEPTED_LEDGER; ledgerSeq: 42; ledgerHash: ""\025[ d(\343\263\327\177\030\246\254H\277\254E\231\006\033_lB\210\264\334Y\322\314\362\320L\000""; ledgerHashPrevious: ""\220\303+\207\352g\317N\027>\222M\271m\033\236\021:\272\233r\373\233hC}\256\020\210\010\233\335""; networkTime: 803842866; firstSeq: 1; lastSeq: 41; ","newEvent: neACCEPTED_LEDGER; ledgerSeq: 42; ledgerHash: ""\025[ d(\343\263\327\177\030\246\254H\277\254E\231\006\033_lB\210\264\334Y\322\314\362\320L\000""; ledgerHashPrevious: ""\220\303+\207\352g\317N\027>\222M\271m\033\236\021:\272\233r\373\233hC}\256\020\210\010\233\335""; networkTime: 803842866; firstSeq: 1; lastSeq: 41; "
1750527666465,1750527666465,0,1,3,0,TMValidation,"validation: """"\200\000\000\001&\000\000\000*)/\351\2532:p\210\265\307-\212\200\004Q\025[ d(\343\263\327\177\030\246\254H\277\254E\231\006\033_lB\210\264\334Y\322\314\362\320L\000P\027\000\000\000\000\000\000\000\000\000\000\000\000\000\000\000\000\000\000\000\000\000\000\000\000\000\000\000\000\000\000\000\000P\031\220\303+\207\352g\317N\027>\222M\271m\033\236\021:\272\233r\373\233hC}\256\020\210\010\233\335s!\002\364d\217\366\217|\316F\232\231\241\n\261\333`\312O\367\235\025DD\336e\367\n\312\326\221\037\025\230vF0D\002 M\305\325\233@\334y\260\034\240\233\270\347Ih\342\261\\320\035\343\304\221v\333\320\360\2572\021t~\002 \036\004,k\262\0328\205\222\271\316\343\206Su\334Y\254\003\001\312N\263$@n\240\235\013\332\211\002""; ","validation: """"\200\000\000\001&\000\000\000*)/\351\2532:p\210\265\307-\212\200\004Q\025[ d(\343\263\327\177\030\246\254H\277\254E\231\006\033_lB\210\264\334Y\322\314\362\320L\000P\027\000\000\000\000\000\000\000\000\000\000\000\000\000\000\000\000\000\000\000\000\000\000\000\000\000\000\000\000\000\000\000\000P\031\220\303+\207\352g\317N\027>\222M\271m\033\236\021:\272\233r\373\233hC}\256\020\210\010\233\335s!\002\364d\217\366\217|\316F\232\231\241\n\261\333`\312O\367\235\025DD\336e\367\n\312\326\221\037\025\230vF0D\002 M\305\325\233@\334y\260\034\240\233\270\347Ih\342\261\\320\035\343\304\221v\333\320\360\2572\021t~\002 \036\004,k\262\0328\205\222\271\316\343\206Su\334Y\254\003\001\312N\263$@n\240\235\013\332\211\002""; "
1750527666465,1750527666465,0,1,3,1,TMStatusChange,"newEvent: neACCEPTED_LEDGER; ledgerSeq: 42; ledgerHash: ""\025[ d(\343\263\327\177\030\246\254H\277\254E\231\006\033_lB\210\264\334Y\322\314\362\320L\000""; ledgerHashPrevious: ""\220\303+\207\352g\317N\027>\222M\271m\033\236\021:\272\233r\373\233hC}\256\020\210\010\233\335""; networkTime: 803842866; firstSeq: 1; lastSeq: 41; ","newEvent: neACCEPTED_LEDGER; ledgerSeq: 42; ledgerHash: ""\025[ d(\343\263\327\177\030\246\254H\277\254E\231\006\033_lB\210\264\334Y\322\314\362\320L\000""; ledgerHashPrevious: ""\220\303+\207\352g\317N\027>\222M\271m\033\236\021:\272\233r\373\233hC}\256\020\210\010\233\335""; networkTime: 803842866; firstSeq: 1; lastSeq: 41; "
1750527666468,1750527666468,0,1,4,2,TMValidation,"validation: """"\200\000\000\001&\000\000\000*)/\351\2532:p\210\265\307-\212\200\004Q\025[ d(\343\263\327\177\030\246\254H\277\254E\231\006\033_lB\210\264\334Y\322\314\362\320L\000P\027\000\000\000\000\000\000\000\000\000\000\000\000\000\000\000\000\000\000\000\000\000\000\000\000\000\000\000\000\000\000\000\000P\031\220\303+\207\352g\317N\027>\222M\271m\033\236\021:\272\233r\373\233hC}\256\020\210\010\233\335s!\002\364d\217\366\217|\316F\232\231\241\n\261\333`\312O\367\235\025DD\336e\367\n\312\326\221\037\025\230vF0D\002 M\305\325\233@\334y\260\034\240\233\270\347Ih\342\261\\320\035\343\304\221v\333\320\360\2572\021t~\002 \036\004,k\262\0328\205\222\271\316\343\206Su\334Y\254\003\001\312N\263$@n\240\235\013\332\211\002""; ","validation: """"\200\000\000\001&\000\000\000*)/\351\2532:p\210\265\307-\212\200\004Q\025[ d(\343\263\327\177\030\246\254H\277\254E\231\006\033_lB\210\264\334Y\322\314\362\320L\000P\027\000\000\000\000\000\000\000\000\000\000\000\000\000\000\000\000\000\000\000\000\000\000\000\000\000\000\000\000\000\000\000\000P\031\220\303+\207\352g\317N\027>\222M\271m\033\236\021:\272\233r\373\233hC}\256\020\210\010\233\335s!\002\364d\217\366\217|\316F\232\231\241\n\261\333`\312O\367\235\025DD\336e\367\n\312\326\221\037\025\230vF0D\002 M\305\325\233@\334y\260\034\240\233\270\347Ih\342\261\\320\035\343\304\221v\333\320\360\2572\021t~\002 \036\004,k\262\0328\205\222\271\316\343\206Su\334Y\254\003\001\312N\263$@n\240\235\013\332\211\002""; "
1750527666468,1750527666468,0,1,4,3,TMGetLedger,"itype: liBASE; ledgerHash: ""\025[ d(\343\263\327\177\030\246\254H\277\254E\231\006\033_lB\210\264\334Y\322\314\362\320L\000""; ","itype: liBASE; ledgerHash: ""\025[ d(\343\263\327\177\030\246\254H\277\254E\231\006\033_lB\210\264\334Y\322\314\362\320L\000""; "
1750527666469,1750527666469,0,1,4,1,TMValidation,"validation: """"\200\000\000\001&\000\000\000*)/\351\2532:p\210\265\307-\212\200\004Q\025[ d(\343\263\327\177\030\246\254H\277\254E\231\006\033_lB\210\264\334Y\322\314\362\320L\000P\027\000\000\000\000\000\000\000\000\000\000\000\000\000\000\000\000\000\000\000\000\000\000\000\000\000\000\000\000\000\000\000\000P\031\220\303+\207\352g\317N\027>\222M\271m\033\236\021:\272\233r\373\233hC}\256\020\210\010\233\335s!\002\364d\217\366\217|\316F\232\231\241\n\261\333`\312O\367\235\025DD\336e\367\n\312\326\221\037\025\230vF0D\002 M\305\325\233@\334y\260\034\240\233\270\347Ih\342\261\\320\035\343\304\221v\333\320\360\2572\021t~\002 \036\004,k\262\0328\205\222\271\316\343\206Su\334Y\254\003\001\312N\263$@n\240\235\013\332\211\002""; ","validation: """"\200\000\000\001&\000\000\000*)/\351\2532:p\210\265\307-\212\200\004Q\025[ d(\343\263\327\177\030\246\254H\277\254E\231\006\033_lB\210\264\334Y\322\314\362\320L\000P\027\000\000\000\000\000\000\000\000\000\000\000\000\000\000\000\000\000\000\000\000\000\000\000\000\000\000\000\000\000\000\000\000P\031\220\303+\207\352g\317N\027>\222M\271m\033\236\021:\272\233r\373\233hC}\256\020\210\010\233\335s!\002\364d\217\366\217|\316F\232\231\241\n\261\333`\312O\367\235\025DD\336e\367\n\312\326\221\037\025\230vF0D\002 M\305\325\233@\334y\260\034\240\233\270\347Ih\342\261\\320\035\343\304\221v\333\320\360\2572\021t~\002 \036\004,k\262\0328\205\222\271\316\343\206Su\334Y\254\003\001\312N\263$@n\240\235\013\332\211\002""; "
1750527666469,1750527666469,0,1,4,2,TMGetLedger,"itype: liBASE; ledgerHash: ""\025[ d(\343\263\327\177\030\246\254H\277\254E\231\006\033_lB\210\264\334Y\322\314\362\320L\000""; ","itype: liBASE; ledgerHash: ""\025[ d(\343\263\327\177\030\246\254H\277\254E\231\006\033_lB\210\264\334Y\322\314\362\320L\000""; "
1750527666469,1750527666470,0,1,4,1,TMGetLedger,"itype: liBASE; ledgerHash: ""\025[ d(\343\263\327\177\030\246\254H\277\254E\231\006\033_lB\210\264\334Y\322\314\362\320L\000""; ","itype: liBASE; ledgerHash: ""\025[ d(\343\263\327\177\030\246\254H\277\254E\231\006\033_lB\210\264\334Y\322\314\362\320L\000""; "
1750527666470,1750527666470,0,1,4,0,TMGetLedger,"itype: liBASE; ledgerHash: ""\025[ d(\343\263\327\177\030\246\254H\277\254E\231\006\033_lB\210\264\334Y\322\314\362\320L\000""; ","itype: liBASE; ledgerHash: ""\025[ d(\343\263\327\177\030\246\254H\277\254E\231\006\033_lB\210\264\334Y\322\314\362\320L\000""; "
1750527666470,1750527666470,0,1,4,0,TMValidation,"validation: """"\200\000\000\001&\000\000\000*)/\351\2532:p\210\265\307-\212\200\004Q\025[ d(\343\263\327\177\030\246\254H\277\254E\231\006\033_lB\210\264\334Y\322\314\362\320L\000P\027\000\000\000\000\000\000\000\000\000\000\000\000\000\000\000\000\000\000\000\000\000\000\000\000\000\000\000\000\000\000\000\000P\031\220\303+\207\352g\317N\027>\222M\271m\033\236\021:\272\233r\373\233hC}\256\020\210\010\233\335s!\002\364d\217\366\217|\316F\232\231\241\n\261\333`\312O\367\235\025DD\336e\367\n\312\326\221\037\025\230vF0D\002 M\305\325\233@\334y\260\034\240\233\270\347Ih\342\261\\320\035\343\304\221v\333\320\360\2572\021t~\002 \036\004,k\262\0328\205\222\271\316\343\206Su\334Y\254\003\001\312N\263$@n\240\235\013\332\211\002""; ","validation: """"\200\000\000\001&\000\000\000*)/\351\2532:p\210\265\307-\212\200\004Q\025[ d(\343\263\327\177\030\246\254H\277\254E\231\006\033_lB\210\264\334Y\322\314\362\320L\000P\027\000\000\000\000\000\000\000\000\000\000\000\000\000\000\000\000\000\000\000\000\000\000\000\000\000\000\000\000\000\000\000\000P\031\220\303+\207\352g\317N\027>\222M\271m\033\236\021:\272\233r\373\233hC}\256\020\210\010\233\335s!\002\364d\217\366\217|\316F\232\231\241\n\261\333`\312O\367\235\025DD\336e\367\n\312\326\221\037\025\230vF0D\002 M\305\325\233@\334y\260\034\240\233\270\347Ih\342\261\\320\035\343\304\221v\333\320\360\2572\021t~\002 \036\004,k\262\0328\205\222\271\316\343\206Su\334Y\254\003\001\312N\263$@n\240\235\013\332\211\002""; "
1750527666471,1750527666471,0,1,4,0,TMGetLedger,"itype: liBASE; ledgerHash: ""\025[ d(\343\263\327\177\030\246\254H\277\254E\231\006\033_lB\210\264\334Y\322\314\362\320L\000""; queryType: qtINDIRECT; ","itype: liBASE; ledgerHash: ""\025[ d(\343\263\327\177\030\246\254H\277\254E\231\006\033_lB\210\264\334Y\322\314\362\320L\000""; queryType: qtINDIRECT; "
1750527666471,1750527666471,0,1,4,3,TMGetLedger,"itype: liBASE; ledgerHash: ""\025[ d(\343\263\327\177\030\246\254H\277\254E\231\006\033_lB\210\264\334Y\322\314\362\320L\000""; queryType: qtINDIRECT; ","itype: liBASE; ledgerHash: ""\025[ d(\343\263\327\177\030\246\254H\277\254E\231\006\033_lB\210\264\334Y\322\314\362\320L\000""; queryType: qtINDIRECT; "
1750527666471,1750527666471,0,1,4,2,TMGetLedger,"itype: liBASE; ledgerHash: ""\025[ d(\343\263\327\177\030\246\254H\277\254E\231\006\033_lB\210\264\334Y\322\314\362\320L\000""; queryType: qtINDIRECT; ","itype: liBASE; ledgerHash: ""\025[ d(\343\263\327\177\030\246\254H\277\254E\231\006\033_lB\210\264\334Y\322\314\362\320L\000""; queryType: qtINDIRECT; "
1750527666471,1750527666471,0,1,4,1,TMGetLedger,"itype: liBASE; ledgerHash: ""\025[ d(\343\263\327\177\030\246\254H\277\254E\231\006\033_lB\210\264\334Y\322\314\362\320L\000""; queryType: qtINDIRECT; ","itype: liBASE; ledgerHash: ""\025[ d(\343\263\327\177\030\246\254H\277\254E\231\006\033_lB\210\264\334Y\322\314\362\320L\000""; queryType: qtINDIRECT; "
1750527666472,1750527666472,0,1,2,3,TMGetLedger,"itype: liBASE; ledgerHash: ""\025[ d(\343\263\327\177\030\246\254H\277\254E\231\006\033_lB\210\264\334Y\322\314\362\320L\000""; ledgerSeq: 42; ","itype: liBASE; ledgerHash: ""\025[ d(\343\263\327\177\030\246\254H\277\254E\231\006\033_lB\210\264\334Y\322\314\362\320L\000""; ledgerSeq: 42; "
1750527666473,1750527666473,0,1,1,0,TMGetLedger,"itype: liBASE; ledgerHash: ""\025[ d(\343\263\327\177\030\246\254H\277\254E\231\006\033_lB\210\264\334Y\322\314\362\320L\000""; ledgerSeq: 42; ","itype: liBASE; ledgerHash: ""\025[ d(\343\263\327\177\030\246\254H\277\254E\231\006\033_lB\210\264\334Y\322\314\362\320L\000""; ledgerSeq: 42; "
1750527666474,1750527666474,0,1,1,4,TMGetLedger,"itype: liBASE; ledgerHash: ""\025[ d(\343\263\327\177\030\246\254H\277\254E\231\006\033_lB\210\264\334Y\322\314\362\320L\000""; ledgerSeq: 42; ","itype: liBASE; ledgerHash: ""\025[ d(\343\263\327\177\030\246\254H\277\254E\231\006\033_lB\210\264\334Y\322\314\362\320L\000""; ledgerSeq: 42; "
1750527666475,1750527666475,0,1,1,2,TMGetLedger,"itype: liBASE; ledgerHash: ""\025[ d(\343\263\327\177\030\246\254H\277\254E\231\006\033_lB\210\264\334Y\322\314\362\320L\000""; ledgerSeq: 42; ","itype: liBASE; ledgerHash: ""\025[ d(\343\263\327\177\030\246\254H\277\254E\231\006\033_lB\210\264\334Y\322\314\362\320L\000""; ledgerSeq: 42; "
1750527666475,1750527666476,0,1,2,0,TMValidation,"validation: """"\200\000\000\001&\000\000\000*)/\351\2532:p\210\265\307-\212\200\004Q\025[ d(\343\263\327\177\030\246\254H\277\254E\231\006\033_lB\210\264\334Y\322\314\362\320L\000P\027\000\000\000\000\000\000\000\000\000\000\000\000\000\000\000\000\000\000\000\000\000\000\000\000\000\000\000\000\000\000\000\000P\031\220\303+\207\352g\317N\027>\222M\271m\033\236\021:\272\233r\373\233hC}\256\020\210\010\233\335s!\002\364d\217\366\217|\316F\232\231\241\n\261\333`\312O\367\235\025DD\336e\367\n\312\326\221\037\025\230vF0D\002 M\305\325\233@\334y\260\034\240\233\270\347Ih\342\261\\320\035\343\304\221v\333\320\360\2572\021t~\002 \036\004,k\262\0328\205\222\271\316\343\206Su\334Y\254\003\001\312N\263$@n\240\235\013\332\211\002""; ","validation: """"\200\000\000\001&\000\000\000*)/\351\2532:p\210\265\307-\212\200\004Q\025[ d(\343\263\327\177\030\246\254H\277\254E\231\006\033_lB\210\264\334Y\322\314\362\320L\000P\027\000\000\000\000\000\000\000\000\000\000\000\000\000\000\000\000\000\000\000\000\000\000\000\000\000\000\000\000\000\000\000\000P\031\220\303+\207\352g\317N\027>\222M\271m\033\236\021:\272\233r\373\233hC}\256\020\210\010\233\335s!\002\364d\217\366\217|\316F\232\231\241\n\261\333`\312O\367\235\025DD\336e\367\n\312\326\221\037\025\230vF0D\002 M\305\325\233@\334y\260\034\240\233\270\347Ih\342\261\\320\035\343\304\221v\333\320\360\2572\021t~\002 \036\004,k\262\0328\205\222\271\316\343\206Su\334Y\254\003\001\312N\263$@n\240\235\013\332\211\002""; "
1750527666476,1750527666476,0,1,2,4,TMGetLedger,"itype: liBASE; ledgerHash: ""\025[ d(\343\263\327\177\030\246\254H\277\254E\231\006\033_lB\210\264\334Y\322\314\362\320L\000""; ledgerSeq: 42; ","itype: liBASE; ledgerHash: ""\025[ d(\343\263\327\177\030\246\254H\277\254E\231\006\033_lB\210\264\334Y\322\314\362\320L\000""; ledgerSeq: 42; "
1750527666476,1750527666477,0,1,2,4,TMValidation,"validation: """"\200\000\000\001&\000\000\000*)/\351\2532:p\210\265\307-\212\200\004Q\025[ d(\343\263\327\177\030\246\254H\277\254E\231\006\033_lB\210\264\334Y\322\314\362\320L\000P\027\000\000\000\000\000\000\000\000\000\000\000\000\000\000\000\000\000\000\000\000\000\000\000\000\000\000\000\000\000\000\000\000P\031\220\303+\207\352g\317N\027>\222M\271m\033\236\021:\272\233r\373\233hC}\256\020\210\010\233\335s!\002\364d\217\366\217|\316F\232\231\241\n\261\333`\312O\367\235\025DD\336e\367\n\312\326\221\037\025\230vF0D\002 M\305\325\233@\334y\260\034\240\233\270\347Ih\342\261\\320\035\343\304\221v\333\320\360\2572\021t~\002 \036\004,k\262\0328\205\222\271\316\343\206Su\334Y\254\003\001\312N\263$@n\240\235\013\332\211\002""; ","validation: """"\200\000\000\001&\000\000\000*)/\351\2532:p\210\265\307-\212\200\004Q\025[ d(\343\263\327\177\030\246\254H\277\254E\231\006\033_lB\210\264\334Y\322\314\362\320L\000P\027\000\000\000\000\000\000\000\000\000\000\000\000\000\000\000\000\000\000\000\000\000\000\000\000\000\000\000\000\000\000\000\000P\031\220\303+\207\352g\317N\027>\222M\271m\033\236\021:\272\233r\373\233hC}\256\020\210\010\233\335s!\002\364d\217\366\217|\316F\232\231\241\n\261\333`\312O\367\235\025DD\336e\367\n\312\326\221\037\025\230vF0D\002 M\305\325\233@\334y\260\034\240\233\270\347Ih\342\261\\320\035\343\304\221v\333\320\360\2572\021t~\002 \036\004,k\262\0328\205\222\271\316\343\206Su\334Y\254\003\001\312N\263$@n\240\235\013\332\211\002""; "
1750527666477,1750527666478,0,1,2,1,TMValidation,"validation: """"\200\000\000\001&\000\000\000*)/\351\2532:p\210\265\307-\212\200\004Q\025[ d(\343\263\327\177\030\246\254H\277\254E\231\006\033_lB\210\264\334Y\322\314\362\320L\000P\027\000\000\000\000\000\000\000\000\000\000\000\000\000\000\000\000\000\000\000\000\000\000\000\000\000\000\000\000\000\000\000\000P\031\220\303+\207\352g\317N\027>\222M\271m\033\236\021:\272\233r\373\233hC}\256\020\210\010\233\335s!\002\364d\217\366\217|\316F\232\231\241\n\261\333`\312O\367\235\025DD\336e\367\n\312\326\221\037\025\230vF0D\002 M\305\325\233@\334y\260\034\240\233\270\347Ih\342\261\\320\035\343\304\221v\333\320\360\2572\021t~\002 \036\004,k\262\0328\205\222\271\316\343\206Su\334Y\254\003\001\312N\263$@n\240\235\013\332\211\002""; ","validation: """"\200\000\000\001&\000\000\000*)/\351\2532:p\210\265\307-\212\200\004Q\025[ d(\343\263\327\177\030\246\254H\277\254E\231\006\033_lB\210\264\334Y\322\314\362\320L\000P\027\000\000\000\000\000\000\000\000\000\000\000\000\000\000\000\000\000\000\000\000\000\000\000\000\000\000\000\000\000\000\000\000P\031\220\303+\207\352g\317N\027>\222M\271m\033\236\021:\272\233r\373\233hC}\256\020\210\010\233\335s!\002\364d\217\366\217|\316F\232\231\241\n\261\333`\312O\367\235\025DD\336e\367\n\312\326\221\037\025\230vF0D\002 M\305\325\233@\334y\260\034\240\233\270\347Ih\342\261\\320\035\343\304\221v\333\320\360\2572\021t~\002 \036\004,k\262\0328\205\222\271\316\343\206Su\334Y\254\003\001\312N\263$@n\240\235\013\332\211\002""; "
1750527666478,1750527666478,0,1,2,0,TMGetLedger,"itype: liBASE; ledgerHash: ""\025[ d(\343\263\327\177\030\246\254H\277\254E\231\006\033_lB\210\264\334Y\322\314\362\320L\000""; ledgerSeq: 42; ","itype: liBASE; ledgerHash: ""\025[ d(\343\263\327\177\030\246\254H\277\254E\231\006\033_lB\210\264\334Y\322\314\362\320L\000""; ledgerSeq: 42; "
1750527666478,1750527666478,0,1,2,1,TMGetLedger,"itype: liBASE; ledgerHash: ""\025[ d(\343\263\327\177\030\246\254H\277\254E\231\006\033_lB\210\264\334Y\322\314\362\320L\000""; ledgerSeq: 42; ","itype: liBASE; ledgerHash: ""\025[ d(\343\263\327\177\030\246\254H\277\254E\231\006\033_lB\210\264\334Y\322\314\362\320L\000""; ledgerSeq: 42; "
1750527666479,1750527666479,0,1,2,0,TMGetLedger,"itype: liBASE; ledgerHash: ""\025[ d(\343\263\327\177\030\246\254H\277\254E\231\006\033_lB\210\264\334Y\322\314\362\320L\000""; ledgerSeq: 42; queryType: qtINDIRECT; ","itype: liBASE; ledgerHash: ""\025[ d(\343\263\327\177\030\246\254H\277\254E\231\006\033_lB\210\264\334Y\322\314\362\320L\000""; ledgerSeq: 42; queryType: qtINDIRECT; "
1750527666479,1750527666479,0,1,2,3,TMGetLedger,"itype: liBASE; ledgerHash: ""\025[ d(\343\263\327\177\030\246\254H\277\254E\231\006\033_lB\210\264\334Y\322\314\362\320L\000""; ledgerSeq: 42; queryType: qtINDIRECT; ","itype: liBASE; ledgerHash: ""\025[ d(\343\263\327\177\030\246\254H\277\254E\231\006\033_lB\210\264\334Y\322\314\362\320L\000""; ledgerSeq: 42; queryType: qtINDIRECT; "
1750527666480,1750527666480,0,1,1,3,TMGetLedger,"itype: liBASE; ledgerHash: ""\025[ d(\343\263\327\177\030\246\254H\277\254E\231\006\033_lB\210\264\334Y\322\314\362\320L\000""; ledgerSeq: 42; ","itype: liBASE; ledgerHash: ""\025[ d(\343\263\327\177\030\246\254H\277\254E\231\006\033_lB\210\264\334Y\322\314\362\320L\000""; ledgerSeq: 42; "
1750527666481,1750527666481,0,1,2,1,TMGetLedger,"itype: liBASE; ledgerHash: ""\025[ d(\343\263\327\177\030\246\254H\277\254E\231\006\033_lB\210\264\334Y\322\314\362\320L\000""; ledgerSeq: 42; queryType: qtINDIRECT; ","itype: liBASE; ledgerHash: ""\025[ d(\343\263\327\177\030\246\254H\277\254E\231\006\033_lB\210\264\334Y\322\314\362\320L\000""; ledgerSeq: 42; queryType: qtINDIRECT; "
1750527666481,1750527666481,0,1,2,4,TMGetLedger,"itype: liBASE; ledgerHash: ""\025[ d(\343\263\327\177\030\246\254H\277\254E\231\006\033_lB\210\264\334Y\322\314\362\320L\000""; ledgerSeq: 42; queryType: qtINDIRECT; ","itype: liBASE; ledgerHash: ""\025[ d(\343\263\327\177\030\246\254H\277\254E\231\006\033_lB\210\264\334Y\322\314\362\320L\000""; ledgerSeq: 42; queryType: qtINDIRECT; "
1750527666481,1750527666481,0,1,1,3,TMGetLedger,"itype: liBASE; ledgerHash: ""\025[ d(\343\263\327\177\030\246\254H\277\254E\231\006\033_lB\210\264\334Y\322\314\362\320L\000""; ledgerSeq: 42; queryType: qtINDIRECT; ","itype: liBASE; ledgerHash: ""\025[ d(\343\263\327\177\030\246\254H\277\254E\231\006\033_lB\210\264\334Y\322\314\362\320L\000""; ledgerSeq: 42; queryType: qtINDIRECT; "
1750527666482,1750527666482,0,1,0,3,TMGetLedger,"itype: liBASE; ledgerHash: ""\025[ d(\343\263\327\177\030\246\254H\277\254E\231\006\033_lB\210\264\334Y\322\314\362\320L\000""; ledgerSeq: 42; ","itype: liBASE; ledgerHash: ""\025[ d(\343\263\327\177\030\246\254H\277\254E\231\006\033_lB\210\264\334Y\322\314\362\320L\000""; ledgerSeq: 42; "
1750527666482,1750527666483,0,1,0,1,TMGetLedger,"itype: liBASE; ledgerHash: ""\025[ d(\343\263\327\177\030\246\254H\277\254E\231\006\033_lB\210\264\334Y\322\314\362\320L\000""; ledgerSeq: 42; ","itype: liBASE; ledgerHash: ""\025[ d(\343\263\327\177\030\246\254H\277\254E\231\006\033_lB\210\264\334Y\322\314\362\320L\000""; ledgerSeq: 42; "
1750527666483,1750527666483,0,1,0,4,TMGetLedger,"itype: liBASE; ledgerHash: ""\025[ d(\343\263\327\177\030\246\254H\277\254E\231\006\033_lB\210\264\334Y\322\314\362\320L\000""; ledgerSeq: 42; ","itype: liBASE; ledgerHash: ""\025[ d(\343\263\327\177\030\246\254H\277\254E\231\006\033_lB\210\264\334Y\322\314\362\320L\000""; ledgerSeq: 42; "
1750527666484,1750527666484,0,1,0,2,TMGetLedger,"itype: liBASE; ledgerHash: ""\025[ d(\343\263\327\177\030\246\254H\277\254E\231\006\033_lB\210\264\334Y\322\314\362\320L\000""; ledgerSeq: 42; ","itype: liBASE; ledgerHash: ""\025[ d(\343\263\327\177\030\246\254H\277\254E\231\006\033_lB\210\264\334Y\322\314\362\320L\000""; ledgerSeq: 42; "
1750527666484,1750527666484,0,1,0,4,TMValidation,"validation: """"\200\000\000\001&\000\000\000*)/\351\2532:p\210\265\307-\212\200\004Q\025[ d(\343\263\327\177\030\246\254H\277\254E\231\006\033_lB\210\264\334Y\322\314\362\320L\000P\027\000\000\000\000\000\000\000\000\000\000\000\000\000\000\000\000\000\000\000\000\000\000\000\000\000\000\000\000\000\000\000\000P\031\220\303+\207\352g\317N\027>\222M\271m\033\236\021:\272\233r\373\233hC}\256\020\210\010\233\335s!\002\364d\217\366\217|\316F\232\231\241\n\261\333`\312O\367\235\025DD\336e\367\n\312\326\221\037\025\230vF0D\002 M\305\325\233@\334y\260\034\240\233\270\347Ih\342\261\\320\035\343\304\221v\333\320\360\2572\021t~\002 \036\004,k\262\0328\205\222\271\316\343\206Su\334Y\254\003\001\312N\263$@n\240\235\013\332\211\002""; ","validation: """"\200\000\000\001&\000\000\000*)/\351\2532:p\210\265\307-\212\200\004Q\025[ d(\343\263\327\177\030\246\254H\277\254E\231\006\033_lB\210\264\334Y\322\314\362\320L\000P\027\000\000\000\000\000\000\000\000\000\000\000\000\000\000\000\000\000\000\000\000\000\000\000\000\000\000\000\000\000\000\000\000P\031\220\303+\207\352g\317N\027>\222M\271m\033\236\021:\272\233r\373\233hC}\256\020\210\010\233\335s!\002\364d\217\366\217|\316F\232\231\241\n\261\333`\312O\367\235\025DD\336e\367\n\312\326\221\037\025\230vF0D\002 M\305\325\233@\334y\260\034\240\233\270\347Ih\342\261\\320\035\343\304\221v\333\320\360\2572\021t~\002 \036\004,k\262\0328\205\222\271\316\343\206Su\334Y\254\003\001\312N\263$@n\240\235\013\332\211\002""; "
1750527666485,1750527666485,0,1,0,3,TMGetLedger,"itype: liBASE; ledgerHash: ""\025[ d(\343\263\327\177\030\246\254H\277\254E\231\006\033_lB\210\264\334Y\322\314\362\320L\000""; ledgerSeq: 42; queryType: qtINDIRECT; ","itype: liBASE; ledgerHash: ""\025[ d(\343\263\327\177\030\246\254H\277\254E\231\006\033_lB\210\264\334Y\322\314\362\320L\000""; ledgerSeq: 42; queryType: qtINDIRECT; "
1750527666485,1750527666485,0,1,0,1,TMValidation,"validation: """"\200\000\000\001&\000\000\000*)/\351\2532:p\210\265\307-\212\200\004Q\025[ d(\343\263\327\177\030\246\254H\277\254E\231\006\033_lB\210\264\334Y\322\314\362\320L\000P\027\000\000\000\000\000\000\000\000\000\000\000\000\000\000\000\000\000\000\000\000\000\000\000\000\000\000\000\000\000\000\000\000P\031\220\303+\207\352g\317N\027>\222M\271m\033\236\021:\272\233r\373\233hC}\256\020\210\010\233\335s!\002\364d\217\366\217|\316F\232\231\241\n\261\333`\312O\367\235\025DD\336e\367\n\312\326\221\037\025\230vF0D\002 M\305\325\233@\334y\260\034\240\233\270\347Ih\342\261\\320\035\343\304\221v\333\320\360\2572\021t~\002 \036\004,k\262\0328\205\222\271\316\343\206Su\334Y\254\003\001\312N\263$@n\240\235\013\332\211\002""; ","validation: """"\200\000\000\001&\000\000\000*)/\351\2532:p\210\265\307-\212\200\004Q\025[ d(\343\263\327\177\030\246\254H\277\254E\231\006\033_lB\210\264\334Y\322\314\362\320L\000P\027\000\000\000\000\000\000\000\000\000\000\000\000\000\000\000\000\000\000\000\000\000\000\000\000\000\000\000\000\000\000\000\000P\031\220\303+\207\352g\317N\027>\222M\271m\033\236\021:\272\233r\373\233hC}\256\020\210\010\233\335s!\002\364d\217\366\217|\316F\232\231\241\n\261\333`\312O\367\235\025DD\336e\367\n\312\326\221\037\025\230vF0D\002 M\305\325\233@\334y\260\034\240\233\270\347Ih\342\261\\320\035\343\304\221v\333\320\360\2572\021t~\002 \036\004,k\262\0328\205\222\271\316\343\206Su\334Y\254\003\001\312N\263$@n\240\235\013\332\211\002""; "
1750527666486,1750527666486,0,1,0,1,TMGetLedger,"itype: liBASE; ledgerHash: ""\025[ d(\343\263\327\177\030\246\254H\277\254E\231\006\033_lB\210\264\334Y\322\314\362\320L\000""; ledgerSeq: 42; queryType: qtINDIRECT; ","itype: liBASE; ledgerHash: ""\025[ d(\343\263\327\177\030\246\254H\277\254E\231\006\033_lB\210\264\334Y\322\314\362\320L\000""; ledgerSeq: 42; queryType: qtINDIRECT; "
1750527666487,1750527666487,0,1,0,2,TMValidation,"validation: """"\200\000\000\001&\000\000\000*)/\351\2532:p\210\265\307-\212\200\004Q\025[ d(\343\263\327\177\030\246\254H\277\254E\231\006\033_lB\210\264\334Y\322\314\362\320L\000P\027\000\000\000\000\000\000\000\000\000\000\000\000\000\000\000\000\000\000\000\000\000\000\000\000\000\000\000\000\000\000\000\000P\031\220\303+\207\352g\317N\027>\222M\271m\033\236\021:\272\233r\373\233hC}\256\020\210\010\233\335s!\002\364d\217\366\217|\316F\232\231\241\n\261\333`\312O\367\235\025DD\336e\367\n\312\326\221\037\025\230vF0D\002 M\305\325\233@\334y\260\034\240\233\270\347Ih\342\261\\320\035\343\304\221v\333\320\360\2572\021t~\002 \036\004,k\262\0328\205\222\271\316\343\206Su\334Y\254\003\001\312N\263$@n\240\235\013\332\211\002""; ","validation: """"\200\000\000\001&\000\000\000*)/\351\2532:p\210\265\307-\212\200\004Q\025[ d(\343\263\327\177\030\246\254H\277\254E\231\006\033_lB\210\264\334Y\322\314\362\320L\000P\027\000\000\000\000\000\000\000\000\000\000\000\000\000\000\000\000\000\000\000\000\000\000\000\000\000\000\000\000\000\000\000\000P\031\220\303+\207\352g\317N\027>\222M\271m\033\236\021:\272\233r\373\233hC}\256\020\210\010\233\335s!\002\364d\217\366\217|\316F\232\231\241\n\261\333`\312O\367\235\025DD\336e\367\n\312\326\221\037\025\230vF0D\002 M\305\325\233@\334y\260\034\240\233\270\347Ih\342\261\\320\035\343\304\221v\333\320\360\2572\021t~\002 \036\004,k\262\0328\205\222\271\316\343\206Su\334Y\254\003\001\312N\263$@n\240\235\013\332\211\002""; "
1750527666487,1750527666487,0,1,0,2,TMGetLedger,"itype: liBASE; ledgerHash: ""\025[ d(\343\263\327\177\030\246\254H\277\254E\231\006\033_lB\210\264\334Y\322\314\362\320L\000""; ledgerSeq: 42; queryType: qtINDIRECT; ","itype: liBASE; ledgerHash: ""\025[ d(\343\263\327\177\030\246\254H\277\254E\231\006\033_lB\210\264\334Y\322\314\362\320L\000""; ledgerSeq: 42; queryType: qtINDIRECT; "
1750527666488,1750527666488,0,1,0,4,TMGetLedger,"itype: liBASE; ledgerHash: ""\025[ d(\343\263\327\177\030\246\254H\277\254E\231\006\033_lB\210\264\334Y\322\314\362\320L\000""; ledgerSeq: 42; queryType: qtINDIRECT; ","itype: liBASE; ledgerHash: ""\025[ d(\343\263\327\177\030\246\254H\277\254E\231\006\033_lB\210\264\334Y\322\314\362\320L\000""; ledgerSeq: 42; queryType: qtINDIRECT; "
1750527666489,1750527666489,0,1,3,4,TMLedgerData,"ledgerHash: ""\025[ d(\343\263\327\177\030\246\254H\277\254E\231\006\033_lB\210\264\334Y\322\314\362\320L\000""; ledgerSeq: 42; type: liBASE; nodes {;   nodedata: ""\000\000\000*\001cEx]\211\377\330\220\303+\207\352g\317N\027>\222M\271m\033\236\021:\272\233r\373\233hC}\256\020\210\010\233\335\000\000\000\000\000\000\000\000\000\000\000\000\000\000\000\000\000\000\000\000\000\000\000\000\000\000\000\000\000\000\000\000\005\261\266v\374v\352\246\235\231*LY\263\2579H\027N\332Q\317\273\352Y@)i\312\273\267\003/\351\253./\351\253/\n\000""; }; nodes {;   nodedata: ""\323C\344\327\264{\312-\017:\006{\177\344N\002\326bO\260\220\006\033\362\345\005U\221DzJ0\001\301\025%1L\307\t\261\262z\374\222T\301\274V\236\223\262\270Ct\362\337b\356\024*\324\320\351\317\002k\336\234\027v\351\217\260\303\360\233ZPZWr\246$w\313\313\r\243r\232\2234\373\3539:N\004Q\245\272D\312D\300\300\t\323\0257\345e\271\na\215{\226\255x%T\257\037\333\004\344_/R\006E\344\037@\210\363\010\336T\226\247'\204_{\261\370""1\235\2445\343\033Y!\212\201\341\272\225'\007\335q\346\257\334t\020\344\301\214x\336\n\317\201\355\007b0\201\3458\364n\301sY\342\023\243<\353\013\003""; }; ","ledgerHash: ""\025[ d(\343\263\327\177\030\246\254H\277\254E\231\006\033_lB\210\264\334Y\322\314\362\320L\000""; ledgerSeq: 42; type: liBASE; nodes {;   nodedata: ""\000\000\000*\001cEx]\211\377\330\220\303+\207\352g\317N\027>\222M\271m\033\236\021:\272\233r\373\233hC}\256\020\210\010\233\335\000\000\000\000\000\000\000\000\000\000\000\000\000\000\000\000\000\000\000\000\000\000\000\000\000\000\000\000\000\000\000\000\005\261\266v\374v\352\246\235\231*LY\263\2579H\027N\332Q\317\273\352Y@)i\312\273\267\003/\351\253./\351\253/\n\000""; }; nodes {;   nodedata: ""\323C\344\327\264{\312-\017:\006{\177\344N\002\326bO\260\220\006\033\362\345\005U\221DzJ0\001\301\025%1L\307\t\261\262z\374\222T\301\274V\236\223\262\270Ct\362\337b\356\024*\324\320\351\317\002k\336\234\027v\351\217\260\303\360\233ZPZWr\246$w\313\313\r\243r\232\2234\373\3539:N\004Q\245\272D\312D\300\300\t\323\0257\345e\271\na\215{\226\255x%T\257\037\333\004\344_/R\006E\344\037@\210\363\010\336T\226\247'\204_{\261\370""1\235\2445\343\033Y!\212\201\341\272\225'\007\335q\346\257\334t\020\344\301\214x\336\n\317\201\355\007b0\201\3458\364n\301sY\342\023\243<\353\013\003""; }; "
1750527666489,1750527666489,0,1,1,4,TMGetLedger,"itype: liBASE; ledgerHash: ""\025[ d(\343\263\327\177\030\246\254H\277\254E\231\006\033_lB\210\264\334Y\322\314\362\320L\000""; ledgerSeq: 42; queryType: qtINDIRECT; ","itype: liBASE; ledgerHash: ""\025[ d(\343\263\327\177\030\246\254H\277\254E\231\006\033_lB\210\264\334Y\322\314\362\320L\000""; ledgerSeq: 42; queryType: qtINDIRECT; "
1750527666490,1750527666490,0,1,1,4,TMValidation,"validation: """"\200\000\000\001&\000\000\000*)/\351\2532:p\210\265\307-\212\200\004Q\025[ d(\343\263\327\177\030\246\254H\277\254E\231\006\033_lB\210\264\334Y\322\314\362\320L\000P\027\000\000\000\000\000\000\000\000\000\000\000\000\000\000\000\000\000\000\000\000\000\000\000\000\000\000\000\000\000\000\000\000P\031\220\303+\207\352g\317N\027>\222M\271m\033\236\021:\272\233r\373\233hC}\256\020\210\010\233\335s!\002\364d\217\366\217|\316F\232\231\241\n\261\333`\312O\367\235\025DD\336e\367\n\312\326\221\037\025\230vF0D\002 M\305\325\233@\334y\260\034\240\233\270\347Ih\342\261\\320\035\343\304\221v\333\320\360\2572\021t~\002 \036\004,k\262\0328\205\222\271\316\343\206Su\334Y\254\003\001\312N\263$@n\240\235\013\332\211\002""; ","validation: """"\200\000\000\001&\000\000\000*)/\351\2532:p\210\265\307-\212\200\004Q\025[ d(\343\263\327\177\030\246\254H\277\254E\231\006\033_lB\210\264\334Y\322\314\362\320L\000P\027\000\000\000\000\000\000\000\000\000\000\000\000\000\000\000\000\000\000\000\000\000\000\000\000\000\000\000\000\000\000\000\000P\031\220\303+\207\352g\317N\027>\222M\271m\033\236\021:\272\233r\373\233hC}\256\020\210\010\233\335s!\002\364d\217\366\217|\316F\232\231\241\n\261\333`\312O\367\235\025DD\336e\367\n\312\326\221\037\025\230vF0D\002 M\305\325\233@\334y\260\034\240\233\270\347Ih\342\261\\320\035\343\304\221v\333\320\360\2572\021t~\002 \036\004,k\262\0328\205\222\271\316\343\206Su\334Y\254\003\001\312N\263$@n\240\235\013\332\211\002""; "
1750527666490,1750527666490,0,1,0,3,TMGetLedger,"itype: liBASE; ledgerHash: ""\025[ d(\343\263\327\177\030\246\254H\277\254E\231\006\033_lB\210\264\334Y\322\314\362\320L\000""; requestCookie: 5; queryType: qtINDIRECT; ","itype: liBASE; ledgerHash: ""\025[ d(\343\263\327\177\030\246\254H\277\254E\231\006\033_lB\210\264\334Y\322\314\362\320L\000""; requestCookie: 5; queryType: qtINDIRECT; "
1750527666491,1750527666491,0,1,3,4,TMLedgerData,"ledgerHash: ""\025[ d(\343\263\327\177\030\246\254H\277\254E\231\006\033_lB\210\264\334Y\322\314\362\320L\000""; ledgerSeq: 42; type: liBASE; nodes {;   nodedata: ""\000\000\000*\001cEx]\211\377\330\220\303+\207\352g\317N\027>\222M\271m\033\236\021:\272\233r\373\233hC}\256\020\210\010\233\335\000\000\000\000\000\000\000\000\000\000\000\000\000\000\000\000\000\000\000\000\000\000\000\000\000\000\000\000\000\000\000\000\005\261\266v\374v\352\246\235\231*LY\263\2579H\027N\332Q\317\273\352Y@)i\312\273\267\003/\351\253./\351\253/\n\000""; }; nodes {;   nodedata: ""\323C\344\327\264{\312-\017:\006{\177\344N\002\326bO\260\220\006\033\362\345\005U\221DzJ0\001\301\025%1L\307\t\261\262z\374\222T\301\274V\236\223\262\270Ct\362\337b\356\024*\324\320\351\317\002k\336\234\027v\351\217\260\303\360\233ZPZWr\246$w\313\313\r\243r\232\2234\373\3539:N\004Q\245\272D\312D\300\300\t\323\0257\345e\271\na\215{\226\255x%T\257\037\333\004\344_/R\006E\344\037@\210\363\010\336T\226\247'\204_{\261\370""1\235\2445\343\033Y!\212\201\341\272\225'\007\335q\346\257\334t\020\344\301\214x\336\n\317\201\355\007b0\201\3458\364n\301sY\342\023\243<\353\013\003""; }; ","ledgerHash: ""\025[ d(\343\263\327\177\030\246\254H\277\254E\231\006\033_lB\210\264\334Y\322\314\362\320L\000""; ledgerSeq: 42; type: liBASE; nodes {;   nodedata: ""\000\000\000*\001cEx]\211\377\330\220\303+\207\352g\317N\027>\222M\271m\033\236\021:\272\233r\373\233hC}\256\020\210\010\233\335\000\000\000\000\000\000\000\000\000\000\000\000\000\000\000\000\000\000\000\000\000\000\000\000\000\000\000\000\000\000\000\000\005\261\266v\374v\352\246\235\231*LY\263\2579H\027N\332Q\317\273\352Y@)i\312\273\267\003/\351\253./\351\253/\n\000""; }; nodes {;   nodedata: ""\323C\344\327\264{\312-\017:\006{\177\344N\002\326bO\260\220\006\033\362\345\005U\221DzJ0\001\301\025%1L\307\t\261\262z\374\222T\301\274V\236\223\262\270Ct\362\337b\356\024*\324\320\351\317\002k\336\234\027v\351\217\260\303\360\233ZPZWr\246$w\313\313\r\243r\232\2234\373\3539:N\004Q\245\272D\312D\300\300\t\323\0257\345e\271\na\215{\226\255x%T\257\037\333\004\344_/R\006E\344\037@\210\363\010\336T\226\247'\204_{\261\370""1\235\2445\343\033Y!\212\201\341\272\225'\007\335q\346\257\334t\020\344\301\214x\336\n\317\201\355\007b0\201\3458\364n\301sY\342\023\243<\353\013\003""; }; "
1750527666492,1750527666492,0,1,2,3,TMGetLedger,"itype: liBASE; ledgerHash: ""\025[ d(\343\263\327\177\030\246\254H\277\254E\231\006\033_lB\210\264\334Y\322\314\362\320L\000""; requestCookie: 5; queryType: qtINDIRECT; ","itype: liBASE; ledgerHash: ""\025[ d(\343\263\327\177\030\246\254H\277\254E\231\006\033_lB\210\264\334Y\322\314\362\320L\000""; requestCookie: 5; queryType: qtINDIRECT; "
1750527666492,1750527666493,0,1,3,2,TMLedgerData,"ledgerHash: ""\025[ d(\343\263\327\177\030\246\254H\277\254E\231\006\033_lB\210\264\334Y\322\314\362\320L\000""; ledgerSeq: 42; type: liBASE; nodes {;   nodedata: ""\000\000\000*\001cEx]\211\377\330\220\303+\207\352g\317N\027>\222M\271m\033\236\021:\272\233r\373\233hC}\256\020\210\010\233\335\000\000\000\000\000\000\000\000\000\000\000\000\000\000\000\000\000\000\000\000\000\000\000\000\000\000\000\000\000\000\000\000\005\261\266v\374v\352\246\235\231*LY\263\2579H\027N\332Q\317\273\352Y@)i\312\273\267\003/\351\253./\351\253/\n\000""; }; nodes {;   nodedata: ""\323C\344\327\264{\312-\017:\006{\177\344N\002\326bO\260\220\006\033\362\345\005U\221DzJ0\001\301\025%1L\307\t\261\262z\374\222T\301\274V\236\223\262\270Ct\362\337b\356\024*\324\320\351\317\002k\336\234\027v\351\217\260\303\360\233ZPZWr\246$w\313\313\r\243r\232\2234\373\3539:N\004Q\245\272D\312D\300\300\t\323\0257\345e\271\na\215{\226\255x%T\257\037\333\004\344_/R\006E\344\037@\210\363\010\336T\226\247'\204_{\261\370""1\235\2445\343\033Y!\212\201\341\272\225'\007\335q\346\257\334t\020\344\301\214x\336\n\317\201\355\007b0\201\3458\364n\301sY\342\023\243<\353\013\003""; }; ","ledgerHash: ""\025[ d(\343\263\327\177\030\246\254H\277\254E\231\006\033_lB\210\264\334Y\322\314\362\320L\000""; ledgerSeq: 42; type: liBASE; nodes {;   nodedata: ""\000\000\000*\001cEx]\211\377\330\220\303+\207\352g\317N\027>\222M\271m\033\236\021:\272\233r\373\233hC}\256\020\210\010\233\335\000\000\000\000\000\000\000\000\000\000\000\000\000\000\000\000\000\000\000\000\000\000\000\000\000\000\000\000\000\000\000\000\005\261\266v\374v\352\246\235\231*LY\263\2579H\027N\332Q\317\273\352Y@)i\312\273\267\003/\351\253./\351\253/\n\000""; }; nodes {;   nodedata: ""\323C\344\327\264{\312-\017:\006{\177\344N\002\326bO\260\220\006\033\362\345\005U\221DzJ0\001\301\025%1L\307\t\261\262z\374\222T\301\274V\236\223\262\270Ct\362\337b\356\024*\324\320\351\317\002k\336\234\027v\351\217\260\303\360\233ZPZWr\246$w\313\313\r\243r\232\2234\373\3539:N\004Q\245\272D\312D\300\300\t\323\0257\345e\271\na\215{\226\255x%T\257\037\333\004\344_/R\006E\344\037@\210\363\010\336T\226\247'\204_{\261\370""1\235\2445\343\033Y!\212\201\341\272\225'\007\335q\346\257\334t\020\344\301\214x\336\n\317\201\355\007b0\201\3458\364n\301sY\342\023\243<\353\013\003""; }; "
1750527666493,1750527666493,0,1,1,2,TMGetLedger,"itype: liBASE; ledgerHash: ""\025[ d(\343\263\327\177\030\246\254H\277\254E\231\006\033_lB\210\264\334Y\322\314\362\320L\000""; ledgerSeq: 42; queryType: qtINDIRECT; ","itype: liBASE; ledgerHash: ""\025[ d(\343\263\327\177\030\246\254H\277\254E\231\006\033_lB\210\264\334Y\322\314\362\320L\000""; ledgerSeq: 42; queryType: qtINDIRECT; "
1750527666493,1750527666493,0,1,1,2,TMValidation,"validation: """"\200\000\000\001&\000\000\000*)/\351\2532:p\210\265\307-\212\200\004Q\025[ d(\343\263\327\177\030\246\254H\277\254E\231\006\033_lB\210\264\334Y\322\314\362\320L\000P\027\000\000\000\000\000\000\000\000\000\000\000\000\000\000\000\000\000\000\000\000\000\000\000\000\000\000\000\000\000\000\000\000P\031\220\303+\207\352g\317N\027>\222M\271m\033\236\021:\272\233r\373\233hC}\256\020\210\010\233\335s!\002\364d\217\366\217|\316F\232\231\241\n\261\333`\312O\367\235\025DD\336e\367\n\312\326\221\037\025\230vF0D\002 M\305\325\233@\334y\260\034\240\233\270\347Ih\342\261\\320\035\343\304\221v\333\320\360\2572\021t~\002 \036\004,k\262\0328\205\222\271\316\343\206Su\334Y\254\003\001\312N\263$@n\240\235\013\332\211\002""; ","validation: """"\200\000\000\001&\000\000\000*)/\351\2532:p\210\265\307-\212\200\004Q\025[ d(\343\263\327\177\030\246\254H\277\254E\231\006\033_lB\210\264\334Y\322\314\362\320L\000P\027\000\000\000\000\000\000\000\000\000\000\000\000\000\000\000\000\000\000\000\000\000\000\000\000\000\000\000\000\000\000\000\000P\031\220\303+\207\352g\317N\027>\222M\271m\033\236\021:\272\233r\373\233hC}\256\020\210\010\233\335s!\002\364d\217\366\217|\316F\232\231\241\n\261\333`\312O\367\235\025DD\336e\367\n\312\326\221\037\025\230vF0D\002 M\305\325\233@\334y\260\034\240\233\270\347Ih\342\261\\320\035\343\304\221v\333\320\360\2572\021t~\002 \036\004,k\262\0328\205\222\271\316\343\206Su\334Y\254\003\001\312N\263$@n\240\235\013\332\211\002""; "
1750527666494,1750527666494,0,1,0,3,TMGetLedger,"itype: liBASE; ledgerHash: ""\025[ d(\343\263\327\177\030\246\254H\277\254E\231\006\033_lB\210\264\334Y\322\314\362\320L\000""; ledgerSeq: 42; requestCookie: 3; queryType: qtINDIRECT; ","itype: liBASE; ledgerHash: ""\025[ d(\343\263\327\177\030\246\254H\277\254E\231\006\033_lB\210\264\334Y\322\314\362\320L\000""; ledgerSeq: 42; requestCookie: 3; queryType: qtINDIRECT; "
1750527666495,1750527666495,0,1,3,2,TMLedgerData,"ledgerHash: ""\025[ d(\343\263\327\177\030\246\254H\277\254E\231\006\033_lB\210\264\334Y\322\314\362\320L\000""; ledgerSeq: 42; type: liBASE; nodes {;   nodedata: ""\000\000\000*\001cEx]\211\377\330\220\303+\207\352g\317N\027>\222M\271m\033\236\021:\272\233r\373\233hC}\256\020\210\010\233\335\000\000\000\000\000\000\000\000\000\000\000\000\000\000\000\000\000\000\000\000\000\000\000\000\000\000\000\000\000\000\000\000\005\261\266v\374v\352\246\235\231*LY\263\2579H\027N\332Q\317\273\352Y@)i\312\273\267\003/\351\253./\351\253/\n\000""; }; nodes {;   nodedata: ""\323C\344\327\264{\312-\017:\006{\177\344N\002\326bO\260\220\006\033\362\345\005U\221DzJ0\001\301\025%1L\307\t\261\262z\374\222T\301\274V\236\223\262\270Ct\362\337b\356\024*\324\320\351\317\002k\336\234\027v\351\217\260\303\360\233ZPZWr\246$w\313\313\r\243r\232\2234\373\3539:N\004Q\245\272D\312D\300\300\t\323\0257\345e\271\na\215{\226\255x%T\257\037\333\004\344_/R\006E\344\037@\210\363\010\336T\226\247'\204_{\261\370""1\235\2445\343\033Y!\212\201\341\272\225'\007\335q\346\257\334t\020\344\301\214x\336\n\317\201\355\007b0\201\3458\364n\301sY\342\023\243<\353\013\003""; }; ","ledgerHash: ""\025[ d(\343\263\327\177\030\246\254H\277\254E\231\006\033_lB\210\264\334Y\322\314\362\320L\000""; ledgerSeq: 42; type: liBASE; nodes {;   nodedata: ""\000\000\000*\001cEx]\211\377\330\220\303+\207\352g\317N\027>\222M\271m\033\236\021:\272\233r\373\233hC}\256\020\210\010\233\335\000\000\000\000\000\000\000\000\000\000\000\000\000\000\000\000\000\000\000\000\000\000\000\000\000\000\000\000\000\000\000\000\005\261\266v\374v\352\246\235\231*LY\263\2579H\027N\332Q\317\273\352Y@)i\312\273\267\003/\351\253./\351\253/\n\000""; }; nodes {;   nodedata: ""\323C\344\327\264{\312-\017:\006{\177\344N\002\326bO\260\220\006\033\362\345\005U\221DzJ0\001\301\025%1L\307\t\261\262z\374\222T\301\274V\236\223\262\270Ct\362\337b\356\024*\324\320\351\317\002k\336\234\027v\351\217\260\303\360\233ZPZWr\246$w\313\313\r\243r\232\2234\373\3539:N\004Q\245\272D\312D\300\300\t\323\0257\345e\271\na\215{\226\255x%T\257\037\333\004\344_/R\006E\344\037@\210\363\010\336T\226\247'\204_{\261\370""1\235\2445\343\033Y!\212\201\341\272\225'\007\335q\346\257\334t\020\344\301\214x\336\n\317\201\355\007b0\201\3458\364n\301sY\342\023\243<\353\013\003""; }; "
1750527666495,1750527666496,0,1,3,1,TMLedgerData,"ledgerHash: ""\025[ d(\343\263\327\177\030\246\254H\277\254E\231\006\033_lB\210\264\334Y\322\314\362\320L\000""; ledgerSeq: 42; type: liBASE; nodes {;   nodedata: ""\000\000\000*\001cEx]\211\377\330\220\303+\207\352g\317N\027>\222M\271m\033\236\021:\272\233r\373\233hC}\256\020\210\010\233\335\000\000\000\000\000\000\000\000\000\000\000\000\000\000\000\000\000\000\000\000\000\000\000\000\000\000\000\000\000\000\000\000\005\261\266v\374v\352\246\235\231*LY\263\2579H\027N\332Q\317\273\352Y@)i\312\273\267\003/\351\253./\351\253/\n\000""; }; nodes {;   nodedata: ""\323C\344\327\264{\312-\017:\006{\177\344N\002\326bO\260\220\006\033\362\345\005U\221DzJ0\001\301\025%1L\307\t\261\262z\374\222T\301\274V\236\223\262\270Ct\362\337b\356\024*\324\320\351\317\002k\336\234\027v\351\217\260\303\360\233ZPZWr\246$w\313\313\r\243r\232\2234\373\3539:N\004Q\245\272D\312D\300\300\t\323\0257\345e\271\na\215{\226\255x%T\257\037\333\004\344_/R\006E\344\037@\210\363\010\336T\226\247'\204_{\261\370""1\235\2445\343\033Y!\212\201\341\272\225'\007\335q\346\257\334t\020\344\301\214x\336\n\317\201\355\007b0\201\3458\364n\301sY\342\023\243<\353\013\003""; }; ","ledgerHash: ""\025[ d(\343\263\327\177\030\246\254H\277\254E\231\006\033_lB\210\264\334Y\322\314\362\320L\000""; ledgerSeq: 42; type: liBASE; nodes {;   nodedata: ""\000\000\000*\001cEx]\211\377\330\220\303+\207\352g\317N\027>\222M\271m\033\236\021:\272\233r\373\233hC}\256\020\210\010\233\335\000\000\000\000\000\000\000\000\000\000\000\000\000\000\000\000\000\000\000\000\000\000\000\000\000\000\000\000\000\000\000\000\005\261\266v\374v\352\246\235\231*LY\263\2579H\027N\332Q\317\273\352Y@)i\312\273\267\003/\351\253./\351\253/\n\000""; }; nodes {;   nodedata: ""\323C\344\327\264{\312-\017:\006{\177\344N\002\326bO\260\220\006\033\362\345\005U\221DzJ0\001\301\025%1L\307\t\261\262z\374\222T\301\274V\236\223\262\270Ct\362\337b\356\024*\324\320\351\317\002k\336\234\027v\351\217\260\303\360\233ZPZWr\246$w\313\313\r\243r\232\2234\373\3539:N\004Q\245\272D\312D\300\300\t\323\0257\345e\271\na\215{\226\255x%T\257\037\333\004\344_/R\006E\344\037@\210\363\010\336T\226\247'\204_{\261\370""1\235\2445\343\033Y!\212\201\341\272\225'\007\335q\346\257\334t\020\344\301\214x\336\n\317\201\355\007b0\201\3458\364n\301sY\342\023\243<\353\013\003""; }; "
1750527666496,1750527666496,0,1,4,3,TMGetLedger,"itype: liBASE; ledgerHash: ""\025[ d(\343\263\327\177\030\246\254H\277\254E\231\006\033_lB\210\264\334Y\322\314\362\320L\000""; ledgerSeq: 42; requestCookie: 3; queryType: qtINDIRECT; ","itype: liBASE; ledgerHash: ""\025[ d(\343\263\327\177\030\246\254H\277\254E\231\006\033_lB\210\264\334Y\322\314\362\320L\000""; ledgerSeq: 42; requestCookie: 3; queryType: qtINDIRECT; "
1750527666496,1750527666497,0,1,3,1,TMLedgerData,"ledgerHash: ""\025[ d(\343\263\327\177\030\246\254H\277\254E\231\006\033_lB\210\264\334Y\322\314\362\320L\000""; ledgerSeq: 42; type: liBASE; nodes {;   nodedata: ""\000\000\000*\001cEx]\211\377\330\220\303+\207\352g\317N\027>\222M\271m\033\236\021:\272\233r\373\233hC}\256\020\210\010\233\335\000\000\000\000\000\000\000\000\000\000\000\000\000\000\000\000\000\000\000\000\000\000\000\000\000\000\000\000\000\000\000\000\005\261\266v\374v\352\246\235\231*LY\263\2579H\027N\332Q\317\273\352Y@)i\312\273\267\003/\351\253./\351\253/\n\000""; }; nodes {;   nodedata: ""\323C\344\327\264{\312-\017:\006{\177\344N\002\326bO\260\220\006\033\362\345\005U\221DzJ0\001\301\025%1L\307\t\261\262z\374\222T\301\274V\236\223\262\270Ct\362\337b\356\024*\324\320\351\317\002k\336\234\027v\351\217\260\303\360\233ZPZWr\246$w\313\313\r\243r\232\2234\373\3539:N\004Q\245\272D\312D\300\300\t\323\0257\345e\271\na\215{\226\255x%T\257\037\333\004\344_/R\006E\344\037@\210\363\010\336T\226\247'\204_{\261\370""1\235\2445\343\033Y!\212\201\341\272\225'\007\335q\346\257\334t\020\344\301\214x\336\n\317\201\355\007b0\201\3458\364n\301sY\342\023\243<\353\013\003""; }; ","ledgerHash: ""\025[ d(\343\263\327\177\030\246\254H\277\254E\231\006\033_lB\210\264\334Y\322\314\362\320L\000""; ledgerSeq: 42; type: liBASE; nodes {;   nodedata: ""\000\000\000*\001cEx]\211\377\330\220\303+\207\352g\317N\027>\222M\271m\033\236\021:\272\233r\373\233hC}\256\020\210\010\233\335\000\000\000\000\000\000\000\000\000\000\000\000\000\000\000\000\000\000\000\000\000\000\000\000\000\000\000\000\000\000\000\000\005\261\266v\374v\352\246\235\231*LY\263\2579H\027N\332Q\317\273\352Y@)i\312\273\267\003/\351\253./\351\253/\n\000""; }; nodes {;   nodedata: ""\323C\344\327\264{\312-\017:\006{\177\344N\002\326bO\260\220\006\033\362\345\005U\221DzJ0\001\301\025%1L\307\t\261\262z\374\222T\301\274V\236\223\262\270Ct\362\337b\356\024*\324\320\351\317\002k\336\234\027v\351\217\260\303\360\233ZPZWr\246$w\313\313\r\243r\232\2234\373\3539:N\004Q\245\272D\312D\300\300\t\323\0257\345e\271\na\215{\226\255x%T\257\037\333\004\344_/R\006E\344\037@\210\363\010\336T\226\247'\204_{\261\370""1\235\2445\343\033Y!\212\201\341\272\225'\007\335q\346\257\334t\020\344\301\214x\336\n\317\201\355\007b0\201\3458\364n\301sY\342\023\243<\353\013\003""; }; "
1750527666497,1750527666497,0,1,3,0,TMLedgerData,"ledgerHash: ""\025[ d(\343\263\327\177\030\246\254H\277\254E\231\006\033_lB\210\264\334Y\322\314\362\320L\000""; ledgerSeq: 42; type: liBASE; nodes {;   nodedata: ""\000\000\000*\001cEx]\211\377\330\220\303+\207\352g\317N\027>\222M\271m\033\236\021:\272\233r\373\233hC}\256\020\210\010\233\335\000\000\000\000\000\000\000\000\000\000\000\000\000\000\000\000\000\000\000\000\000\000\000\000\000\000\000\000\000\000\000\000\005\261\266v\374v\352\246\235\231*LY\263\2579H\027N\332Q\317\273\352Y@)i\312\273\267\003/\351\253./\351\253/\n\000""; }; nodes {;   nodedata: ""\323C\344\327\264{\312-\017:\006{\177\344N\002\326bO\260\220\006\033\362\345\005U\221DzJ0\001\301\025%1L\307\t\261\262z\374\222T\301\274V\236\223\262\270Ct\362\337b\356\024*\324\320\351\317\002k\336\234\027v\351\217\260\303\360\233ZPZWr\246$w\313\313\r\243r\232\2234\373\3539:N\004Q\245\272D\312D\300\300\t\323\0257\345e\271\na\215{\226\255x%T\257\037\333\004\344_/R\006E\344\037@\210\363\010\336T\226\247'\204_{\261\370""1\235\2445\343\033Y!\212\201\341\272\225'\007\335q\346\257\334t\020\344\301\214x\336\n\317\201\355\007b0\201\3458\364n\301sY\342\023\243<\353\013\003""; }; ","ledgerHash: ""\025[ d(\343\263\327\177\030\246\254H\277\254E\231\006\033_lB\210\264\334Y\322\314\362\320L\000""; ledgerSeq: 42; type: liBASE; nodes {;   nodedata: ""\000\000\000*\001cEx]\211\377\330\220\303+\207\352g\317N\027>\222M\271m\033\236\021:\272\233r\373\233hC}\256\020\210\010\233\335\000\000\000\000\000\000\000\000\000\000\000\000\000\000\000\000\000\000\000\000\000\000\000\000\000\000\000\000\000\000\000\000\005\261\266v\374v\352\246\235\231*LY\263\2579H\027N\332Q\317\273\352Y@)i\312\273\267\003/\351\253./\351\253/\n\000""; }; nodes {;   nodedata: ""\323C\344\327\264{\312-\017:\006{\177\344N\002\326bO\260\220\006\033\362\345\005U\221DzJ0\001\301\025%1L\307\t\261\262z\374\222T\301\274V\236\223\262\270Ct\362\337b\356\024*\324\320\351\317\002k\336\234\027v\351\217\260\303\360\233ZPZWr\246$w\313\313\r\243r\232\2234\373\3539:N\004Q\245\272D\312D\300\300\t\323\0257\345e\271\na\215{\226\255x%T\257\037\333\004\344_/R\006E\344\037@\210\363\010\336T\226\247'\204_{\261\370""1\235\2445\343\033Y!\212\201\341\272\225'\007\335q\346\257\334t\020\344\301\214x\336\n\317\201\355\007b0\201\3458\364n\301sY\342\023\243<\353\013\003""; }; "
1750527666498,1750527666498,0,1,1,0,TMGetLedger,"itype: liBASE; ledgerHash: ""\025[ d(\343\263\327\177\030\246\254H\277\254E\231\006\033_lB\210\264\334Y\322\314\362\320L\000""; ledgerSeq: 42; queryType: qtINDIRECT; ","itype: liBASE; ledgerHash: ""\025[ d(\343\263\327\177\030\246\254H\277\254E\231\006\033_lB\210\264\334Y\322\314\362\320L\000""; ledgerSeq: 42; queryType: qtINDIRECT; "
1750527666498,1750527666498,0,1,1,0,TMValidation,"validation: """"\200\000\000\001&\000\000\000*)/\351\2532:p\210\265\307-\212\200\004Q\025[ d(\343\263\327\177\030\246\254H\277\254E\231\006\033_lB\210\264\334Y\322\314\362\320L\000P\027\000\000\000\000\000\000\000\000\000\000\000\000\000\000\000\000\000\000\000\000\000\000\000\000\000\000\000\000\000\000\000\000P\031\220\303+\207\352g\317N\027>\222M\271m\033\236\021:\272\233r\373\233hC}\256\020\210\010\233\335s!\002\364d\217\366\217|\316F\232\231\241\n\261\333`\312O\367\235\025DD\336e\367\n\312\326\221\037\025\230vF0D\002 M\305\325\233@\334y\260\034\240\233\270\347Ih\342\261\\320\035\343\304\221v\333\320\360\2572\021t~\002 \036\004,k\262\0328\205\222\271\316\343\206Su\334Y\254\003\001\312N\263$@n\240\235\013\332\211\002""; ","validation: """"\200\000\000\001&\000\000\000*)/\351\2532:p\210\265\307-\212\200\004Q\025[ d(\343\263\327\177\030\246\254H\277\254E\231\006\033_lB\210\264\334Y\322\314\362\320L\000P\027\000\000\000\000\000\000\000\000\000\000\000\000\000\000\000\000\000\000\000\000\000\000\000\000\000\000\000\000\000\000\000\000P\031\220\303+\207\352g\317N\027>\222M\271m\033\236\021:\272\233r\373\233hC}\256\020\210\010\233\335s!\002\364d\217\366\217|\316F\232\231\241\n\261\333`\312O\367\235\025DD\336e\367\n\312\326\221\037\025\230vF0D\002 M\305\325\233@\334y\260\034\240\233\270\347Ih\342\261\\320\035\343\304\221v\333\320\360\2572\021t~\002 \036\004,k\262\0328\205\222\271\316\343\206Su\334Y\254\003\001\312N\263$@n\240\235\013\332\211\002""; "
1750527666499,1750527666499,0,1,3,0,TMLedgerData,"ledgerHash: ""\025[ d(\343\263\327\177\030\246\254H\277\254E\231\006\033_lB\210\264\334Y\322\314\362\320L\000""; ledgerSeq: 42; type: liBASE; nodes {;   nodedata: ""\000\000\000*\001cEx]\211\377\330\220\303+\207\352g\317N\027>\222M\271m\033\236\021:\272\233r\373\233hC}\256\020\210\010\233\335\000\000\000\000\000\000\000\000\000\000\000\000\000\000\000\000\000\000\000\000\000\000\000\000\000\000\000\000\000\000\000\000\005\261\266v\374v\352\246\235\231*LY\263\2579H\027N\332Q\317\273\352Y@)i\312\273\267\003/\351\253./\351\253/\n\000""; }; nodes {;   nodedata: ""\323C\344\327\264{\312-\017:\006{\177\344N\002\326bO\260\220\006\033\362\345\005U\221DzJ0\001\301\025%1L\307\t\261\262z\374\222T\301\274V\236\223\262\270Ct\362\337b\356\024*\324\320\351\317\002k\336\234\027v\351\217\260\303\360\233ZPZWr\246$w\313\313\r\243r\232\2234\373\3539:N\004Q\245\272D\312D\300\300\t\323\0257\345e\271\na\215{\226\255x%T\257\037\333\004\344_/R\006E\344\037@\210\363\010\336T\226\247'\204_{\261\370""1\235\2445\343\033Y!\212\201\341\272\225'\007\335q\346\257\334t\020\344\301\214x\336\n\317\201\355\007b0\201\3458\364n\301sY\342\023\243<\353\013\003""; }; ","ledgerHash: ""\025[ d(\343\263\327\177\030\246\254H\277\254E\231\006\033_lB\210\264\334Y\322\314\362\320L\000""; ledgerSeq: 42; type: liBASE; nodes {;   nodedata: ""\000\000\000*\001cEx]\211\377\330\220\303+\207\352g\317N\027>\222M\271m\033\236\021:\272\233r\373\233hC}\256\020\210\010\233\335\000\000\000\000\000\000\000\000\000\000\000\000\000\000\000\000\000\000\000\000\000\000\000\000\000\000\000\000\000\000\000\000\005\261\266v\374v\352\246\235\231*LY\263\2579H\027N\332Q\317\273\352Y@)i\312\273\267\003/\351\253./\351\253/\n\000""; }; nodes {;   nodedata: ""\323C\344\327\264{\312-\017:\006{\177\344N\002\326bO\260\220\006\033\362\345\005U\221DzJ0\001\301\025%1L\307\t\261\262z\374\222T\301\274V\236\223\262\270Ct\362\337b\356\024*\324\320\351\317\002k\336\234\027v\351\217\260\303\360\233ZPZWr\246$w\313\313\r\243r\232\2234\373\3539:N\004Q\245\272D\312D\300\300\t\323\0257\345e\271\na\215{\226\255x%T\257\037\333\004\344_/R\006E\344\037@\210\363\010\336T\226\247'\204_{\261\370""1\235\2445\343\033Y!\212\201\341\272\225'\007\335q\346\257\334t\020\344\301\214x\336\n\317\201\355\007b0\201\3458\364n\301sY\342\023\243<\353\013\003""; }; "
1750527666500,1750527666500,0,1,4,3,TMGetLedger,"itype: liBASE; ledgerHash: ""\025[ d(\343\263\327\177\030\246\254H\277\254E\231\006\033_lB\210\264\334Y\322\314\362\320L\000""; ledgerSeq: 42; requestCookie: 1; queryType: qtINDIRECT; ","itype: liBASE; ledgerHash: ""\025[ d(\343\263\327\177\030\246\254H\277\254E\231\006\033_lB\210\264\334Y\322\314\362\320L\000""; ledgerSeq: 42; requestCookie: 1; queryType: qtINDIRECT; "
1750527666500,1750527666500,0,1,2,3,TMGetLedger,"itype: liBASE; ledgerHash: ""\025[ d(\343\263\327\177\030\246\254H\277\254E\231\006\033_lB\210\264\334Y\322\314\362\320L\000""; ledgerSeq: 42; requestCookie: 2; queryType: qtINDIRECT; ","itype: liBASE; ledgerHash: ""\025[ d(\343\263\327\177\030\246\254H\277\254E\231\006\033_lB\210\264\334Y\322\314\362\320L\000""; ledgerSeq: 42; requestCookie: 2; queryType: qtINDIRECT; "
1750527666500,1750527666500,0,1,4,3,TMGetLedger,"itype: liAS_NODE; ledgerHash: ""\025[ d(\343\263\327\177\030\246\254H\277\254E\231\006\033_lB\210\264\334Y\322\314\362\320L\000""; ledgerSeq: 42; nodeIDs: ""\260\000\000\000\000\000\000\000\000\000\000\000\000\000\000\000\000\000\000\000\000\000\000\000\000\000\000\000\000\000\000\000\001""; queryType: qtINDIRECT; queryDepth: 1; ","itype: liAS_NODE; ledgerHash: ""\025[ d(\343\263\327\177\030\246\254H\277\254E\231\006\033_lB\210\264\334Y\322\314\362\320L\000""; ledgerSeq: 42; nodeIDs: ""\260\000\000\000\000\000\000\000\000\000\000\000\000\000\000\000\000\000\000\000\000\000\000\000\000\000\000\000\000\000\000\000\001""; queryType: qtINDIRECT; queryDepth: 1; "
1750527666501,1750527666501,0,1,3,0,TMLedgerData,"ledgerHash: ""\025[ d(\343\263\327\177\030\246\254H\277\254E\231\006\033_lB\210\264\334Y\322\314\362\320L\000""; ledgerSeq: 42; type: liBASE; nodes {;   nodedata: ""\000\000\000*\001cEx]\211\377\330\220\303+\207\352g\317N\027>\222M\271m\033\236\021:\272\233r\373\233hC}\256\020\210\010\233\335\000\000\000\000\000\000\000\000\000\000\000\000\000\000\000\000\000\000\000\000\000\000\000\000\000\000\000\000\000\000\000\000\005\261\266v\374v\352\246\235\231*LY\263\2579H\027N\332Q\317\273\352Y@)i\312\273\267\003/\351\253./\351\253/\n\000""; }; nodes {;   nodedata: ""\323C\344\327\264{\312-\017:\006{\177\344N\002\326bO\260\220\006\033\362\345\005U\221DzJ0\001\301\025%1L\307\t\261\262z\374\222T\301\274V\236\223\262\270Ct\362\337b\356\024*\324\320\351\317\002k\336\234\027v\351\217\260\303\360\233ZPZWr\246$w\313\313\r\243r\232\2234\373\3539:N\004Q\245\272D\312D\300\300\t\323\0257\345e\271\na\215{\226\255x%T\257\037\333\004\344_/R\006E\344\037@\210\363\010\336T\226\247'\204_{\261\370""1\235\2445\343\033Y!\212\201\341\272\225'\007\335q\346\257\334t\020\344\301\214x\336\n\317\201\355\007b0\201\3458\364n\301sY\342\023\243<\353\013\003""; }; requestCookie: 5; ","ledgerHash: ""\025[ d(\343\263\327\177\030\246\254H\277\254E\231\006\033_lB\210\264\334Y\322\314\362\320L\000""; ledgerSeq: 42; type: liBASE; nodes {;   nodedata: ""\000\000\000*\001cEx]\211\377\330\220\303+\207\352g\317N\027>\222M\271m\033\236\021:\272\233r\373\233hC}\256\020\210\010\233\335\000\000\000\000\000\000\000\000\000\000\000\000\000\000\000\000\000\000\000\000\000\000\000\000\000\000\000\000\000\000\000\000\005\261\266v\374v\352\246\235\231*LY\263\2579H\027N\332Q\317\273\352Y@)i\312\273\267\003/\351\253./\351\253/\n\000""; }; nodes {;   nodedata: ""\323C\344\327\264{\312-\017:\006{\177\344N\002\326bO\260\220\006\033\362\345\005U\221DzJ0\001\301\025%1L\307\t\261\262z\374\222T\301\274V\236\223\262\270Ct\362\337b\356\024*\324\320\351\317\002k\336\234\027v\351\217\260\303\360\233ZPZWr\246$w\313\313\r\243r\232\2234\373\3539:N\004Q\245\272D\312D\300\300\t\323\0257\345e\271\na\215{\226\255x%T\257\037\333\004\344_/R\006E\344\037@\210\363\010\336T\226\247'\204_{\261\370""1\235\2445\343\033Y!\212\201\341\272\225'\007\335q\346\257\334t\020\344\301\214x\336\n\317\201\355\007b0\201\3458\364n\301sY\342\023\243<\353\013\003""; }; requestCookie: 5; "
1750527666501,1750527666501,0,1,4,3,TMGetLedger,"itype: liBASE; ledgerHash: ""\025[ d(\343\263\327\177\030\246\254H\277\254E\231\006\033_lB\210\264\334Y\322\314\362\320L\000""; ledgerSeq: 42; requestCookie: 2; queryType: qtINDIRECT; ","itype: liBASE; ledgerHash: ""\025[ d(\343\263\327\177\030\246\254H\277\254E\231\006\033_lB\210\264\334Y\322\314\362\320L\000""; ledgerSeq: 42; requestCookie: 2; queryType: qtINDIRECT; "
1750527666502,1750527666502,0,1,3,2,TMLedgerData,"ledgerHash: ""\025[ d(\343\263\327\177\030\246\254H\277\254E\231\006\033_lB\210\264\334Y\322\314\362\320L\000""; ledgerSeq: 42; type: liBASE; nodes {;   nodedata: ""\000\000\000*\001cEx]\211\377\330\220\303+\207\352g\317N\027>\222M\271m\033\236\021:\272\233r\373\233hC}\256\020\210\010\233\335\000\000\000\000\000\000\000\000\000\000\000\000\000\000\000\000\000\000\000\000\000\000\000\000\000\000\000\000\000\000\000\000\005\261\266v\374v\352\246\235\231*LY\263\2579H\027N\332Q\317\273\352Y@)i\312\273\267\003/\351\253./\351\253/\n\000""; }; nodes {;   nodedata: ""\323C\344\327\264{\312-\017:\006{\177\344N\002\326bO\260\220\006\033\362\345\005U\221DzJ0\001\301\025%1L\307\t\261\262z\374\222T\301\274V\236\223\262\270Ct\362\337b\356\024*\324\320\351\317\002k\336\234\027v\351\217\260\303\360\233ZPZWr\246$w\313\313\r\243r\232\2234\373\3539:N\004Q\245\272D\312D\300\300\t\323\0257\345e\271\na\215{\226\255x%T\257\037\333\004\344_/R\006E\344\037@\210\363\010\336T\226\247'\204_{\261\370""1\235\2445\343\033Y!\212\201\341\272\225'\007\335q\346\257\334t\020\344\301\214x\336\n\317\201\355\007b0\201\3458\364n\301sY\342\023\243<\353\013\003""; }; requestCookie: 5; ","ledgerHash: ""\025[ d(\343\263\327\177\030\246\254H\277\254E\231\006\033_lB\210\264\334Y\322\314\362\320L\000""; ledgerSeq: 42; type: liBASE; nodes {;   nodedata: ""\000\000\000*\001cEx]\211\377\330\220\303+\207\352g\317N\027>\222M\271m\033\236\021:\272\233r\373\233hC}\256\020\210\010\233\335\000\000\000\000\000\000\000\000\000\000\000\000\000\000\000\000\000\000\000\000\000\000\000\000\000\000\000\000\000\000\000\000\005\261\266v\374v\352\246\235\231*LY\263\2579H\027N\332Q\317\273\352Y@)i\312\273\267\003/\351\253./\351\253/\n\000""; }; nodes {;   nodedata: ""\323C\344\327\264{\312-\017:\006{\177\344N\002\326bO\260\220\006\033\362\345\005U\221DzJ0\001\301\025%1L\307\t\261\262z\374\222T\301\274V\236\223\262\270Ct\362\337b\356\024*\324\320\351\317\002k\336\234\027v\351\217\260\303\360\233ZPZWr\246$w\313\313\r\243r\232\2234\373\3539:N\004Q\245\272D\312D\300\300\t\323\0257\345e\271\na\215{\226\255x%T\257\037\333\004\344_/R\006E\344\037@\210\363\010\336T\226\247'\204_{\261\370""1\235\2445\343\033Y!\212\201\341\272\225'\007\335q\346\257\334t\020\344\301\214x\336\n\317\201\355\007b0\201\3458\364n\301sY\342\023\243<\353\013\003""; }; requestCookie: 5; "
1750527666503,1750527666503,0,1,2,3,TMGetLedger,"itype: liAS_NODE; ledgerHash: ""\025[ d(\343\263\327\177\030\246\254H\277\254E\231\006\033_lB\210\264\334Y\322\314\362\320L\000""; ledgerSeq: 42; nodeIDs: ""\260\000\000\000\000\000\000\000\000\000\000\000\000\000\000\000\000\000\000\000\000\000\000\000\000\000\000\000\000\000\000\000\001""; queryType: qtINDIRECT; queryDepth: 1; ","itype: liAS_NODE; ledgerHash: ""\025[ d(\343\263\327\177\030\246\254H\277\254E\231\006\033_lB\210\264\334Y\322\314\362\320L\000""; ledgerSeq: 42; nodeIDs: ""\260\000\000\000\000\000\000\000\000\000\000\000\000\000\000\000\000\000\000\000\000\000\000\000\000\000\000\000\000\000\000\000\001""; queryType: qtINDIRECT; queryDepth: 1; "
1750527666503,1750527666504,0,1,3,0,TMLedgerData,"ledgerHash: ""\025[ d(\343\263\327\177\030\246\254H\277\254E\231\006\033_lB\210\264\334Y\322\314\362\320L\000""; ledgerSeq: 42; type: liBASE; nodes {;   nodedata: ""\000\000\000*\001cEx]\211\377\330\220\303+\207\352g\317N\027>\222M\271m\033\236\021:\272\233r\373\233hC}\256\020\210\010\233\335\000\000\000\000\000\000\000\000\000\000\000\000\000\000\000\000\000\000\000\000\000\000\000\000\000\000\000\000\000\000\000\000\005\261\266v\374v\352\246\235\231*LY\263\2579H\027N\332Q\317\273\352Y@)i\312\273\267\003/\351\253./\351\253/\n\000""; }; nodes {;   nodedata: ""\323C\344\327\264{\312-\017:\006{\177\344N\002\326bO\260\220\006\033\362\345\005U\221DzJ0\001\301\025%1L\307\t\261\262z\374\222T\301\274V\236\223\262\270Ct\362\337b\356\024*\324\320\351\317\002k\336\234\027v\351\217\260\303\360\233ZPZWr\246$w\313\313\r\243r\232\2234\373\3539:N\004Q\245\272D\312D\300\300\t\323\0257\345e\271\na\215{\226\255x%T\257\037\333\004\344_/R\006E\344\037@\210\363\010\336T\226\247'\204_{\261\370""1\235\2445\343\033Y!\212\201\341\272\225'\007\335q\346\257\334t\020\344\301\214x\336\n\317\201\355\007b0\201\3458\364n\301sY\342\023\243<\353\013\003""; }; requestCookie: 3; ","ledgerHash: ""\025[ d(\343\263\327\177\030\246\254H\277\254E\231\006\033_lB\210\264\334Y\322\314\362\320L\000""; ledgerSeq: 42; type: liBASE; nodes {;   nodedata: ""\000\000\000*\001cEx]\211\377\330\220\303+\207\352g\317N\027>\222M\271m\033\236\021:\272\233r\373\233hC}\256\020\210\010\233\335\000\000\000\000\000\000\000\000\000\000\000\000\000\000\000\000\000\000\000\000\000\000\000\000\000\000\000\000\000\000\000\000\005\261\266v\374v\352\246\235\231*LY\263\2579H\027N\332Q\317\273\352Y@)i\312\273\267\003/\351\253./\351\253/\n\000""; }; nodes {;   nodedata: ""\323C\344\327\264{\312-\017:\006{\177\344N\002\326bO\260\220\006\033\362\345\005U\221DzJ0\001\301\025%1L\307\t\261\262z\374\222T\301\274V\236\223\262\270Ct\362\337b\356\024*\324\320\351\317\002k\336\234\027v\351\217\260\303\360\233ZPZWr\246$w\313\313\r\243r\232\2234\373\3539:N\004Q\245\272D\312D\300\300\t\323\0257\345e\271\na\215{\226\255x%T\257\037\333\004\344_/R\006E\344\037@\210\363\010\336T\226\247'\204_{\261\370""1\235\2445\343\033Y!\212\201\341\272\225'\007\335q\346\257\334t\020\344\301\214x\336\n\317\201\355\007b0\201\3458\364n\301sY\342\023\243<\353\013\003""; }; requestCookie: 3; "
1750527666504,1750527666504,0,1,2,3,TMGetLedger,"itype: liBASE; ledgerHash: ""\025[ d(\343\263\327\177\030\246\254H\277\254E\231\006\033_lB\210\264\334Y\322\314\362\320L\000""; ledgerSeq: 42; requestCookie: 3; queryType: qtINDIRECT; ","itype: liBASE; ledgerHash: ""\025[ d(\343\263\327\177\030\246\254H\277\254E\231\006\033_lB\210\264\334Y\322\314\362\320L\000""; ledgerSeq: 42; requestCookie: 3; queryType: qtINDIRECT; "
1750527666504,1750527666504,0,1,1,3,TMGetLedger,"itype: liBASE; ledgerHash: ""\025[ d(\343\263\327\177\030\246\254H\277\254E\231\006\033_lB\210\264\334Y\322\314\362\320L\000""; requestCookie: 5; queryType: qtINDIRECT; ","itype: liBASE; ledgerHash: ""\025[ d(\343\263\327\177\030\246\254H\277\254E\231\006\033_lB\210\264\334Y\322\314\362\320L\000""; requestCookie: 5; queryType: qtINDIRECT; "
1750527666505,1750527666505,0,1,1,3,TMGetLedger,"itype: liBASE; ledgerHash: ""\025[ d(\343\263\327\177\030\246\254H\277\254E\231\006\033_lB\210\264\334Y\322\314\362\320L\000""; ledgerSeq: 42; requestCookie: 2; queryType: qtINDIRECT; ","itype: liBASE; ledgerHash: ""\025[ d(\343\263\327\177\030\246\254H\277\254E\231\006\033_lB\210\264\334Y\322\314\362\320L\000""; ledgerSeq: 42; requestCookie: 2; queryType: qtINDIRECT; "
1750527666505,1750527666505,0,1,1,3,TMGetLedger,"itype: liBASE; ledgerHash: ""\025[ d(\343\263\327\177\030\246\254H\277\254E\231\006\033_lB\210\264\334Y\322\314\362\320L\000""; ledgerSeq: 42; requestCookie: 3; queryType: qtINDIRECT; ","itype: liBASE; ledgerHash: ""\025[ d(\343\263\327\177\030\246\254H\277\254E\231\006\033_lB\210\264\334Y\322\314\362\320L\000""; ledgerSeq: 42; requestCookie: 3; queryType: qtINDIRECT; "
1750527666506,1750527666506,0,1,3,4,TMLedgerData,"ledgerHash: ""\025[ d(\343\263\327\177\030\246\254H\277\254E\231\006\033_lB\210\264\334Y\322\314\362\320L\000""; ledgerSeq: 42; type: liBASE; nodes {;   nodedata: ""\000\000\000*\001cEx]\211\377\330\220\303+\207\352g\317N\027>\222M\271m\033\236\021:\272\233r\373\233hC}\256\020\210\010\233\335\000\000\000\000\000\000\000\000\000\000\000\000\000\000\000\000\000\000\000\000\000\000\000\000\000\000\000\000\000\000\000\000\005\261\266v\374v\352\246\235\231*LY\263\2579H\027N\332Q\317\273\352Y@)i\312\273\267\003/\351\253./\351\253/\n\000""; }; nodes {;   nodedata: ""\323C\344\327\264{\312-\017:\006{\177\344N\002\326bO\260\220\006\033\362\345\005U\221DzJ0\001\301\025%1L\307\t\261\262z\374\222T\301\274V\236\223\262\270Ct\362\337b\356\024*\324\320\351\317\002k\336\234\027v\351\217\260\303\360\233ZPZWr\246$w\313\313\r\243r\232\2234\373\3539:N\004Q\245\272D\312D\300\300\t\323\0257\345e\271\na\215{\226\255x%T\257\037\333\004\344_/R\006E\344\037@\210\363\010\336T\226\247'\204_{\261\370""1\235\2445\343\033Y!\212\201\341\272\225'\007\335q\346\257\334t\020\344\301\214x\336\n\317\201\355\007b0\201\3458\364n\301sY\342\023\243<\353\013\003""; }; requestCookie: 3; ","ledgerHash: ""\025[ d(\343\263\327\177\030\246\254H\277\254E\231\006\033_lB\210\264\334Y\322\314\362\320L\000""; ledgerSeq: 42; type: liBASE; nodes {;   nodedata: ""\000\000\000*\001cEx]\211\377\330\220\303+\207\352g\317N\027>\222M\271m\033\236\021:\272\233r\373\233hC}\256\020\210\010\233\335\000\000\000\000\000\000\000\000\000\000\000\000\000\000\000\000\000\000\000\000\000\000\000\000\000\000\000\000\000\000\000\000\005\261\266v\374v\352\246\235\231*LY\263\2579H\027N\332Q\317\273\352Y@)i\312\273\267\003/\351\253./\351\253/\n\000""; }; nodes {;   nodedata: ""\323C\344\327\264{\312-\017:\006{\177\344N\002\326bO\260\220\006\033\362\345\005U\221DzJ0\001\301\025%1L\307\t\261\262z\374\222T\301\274V\236\223\262\270Ct\362\337b\356\024*\324\320\351\317\002k\336\234\027v\351\217\260\303\360\233ZPZWr\246$w\313\313\r\243r\232\2234\373\3539:N\004Q\245\272D\312D\300\300\t\323\0257\345e\271\na\215{\226\255x%T\257\037\333\004\344_/R\006E\344\037@\210\363\010\336T\226\247'\204_{\261\370""1\235\2445\343\033Y!\212\201\341\272\225'\007\335q\346\257\334t\020\344\301\214x\336\n\317\201\355\007b0\201\3458\364n\301sY\342\023\243<\353\013\003""; }; requestCookie: 3; "
1750527666507,1750527666507,0,1,1,3,TMGetLedger,"itype: liAS_NODE; ledgerHash: ""\025[ d(\343\263\327\177\030\246\254H\277\254E\231\006\033_lB\210\264\334Y\322\314\362\320L\000""; ledgerSeq: 42; nodeIDs: ""\260\000\000\000\000\000\000\000\000\000\000\000\000\000\000\000\000\000\000\000\000\000\000\000\000\000\000\000\000\000\000\000\001""; queryType: qtINDIRECT; queryDepth: 1; ","itype: liAS_NODE; ledgerHash: ""\025[ d(\343\263\327\177\030\246\254H\277\254E\231\006\033_lB\210\264\334Y\322\314\362\320L\000""; ledgerSeq: 42; nodeIDs: ""\260\000\000\000\000\000\000\000\000\000\000\000\000\000\000\000\000\000\000\000\000\000\000\000\000\000\000\000\000\000\000\000\001""; queryType: qtINDIRECT; queryDepth: 1; "
1750527666507,1750527666507,0,1,0,3,TMGetLedger,"itype: liAS_NODE; ledgerHash: ""\025[ d(\343\263\327\177\030\246\254H\277\254E\231\006\033_lB\210\264\334Y\322\314\362\320L\000""; ledgerSeq: 42; nodeIDs: ""\260\000\000\000\000\000\000\000\000\000\000\000\000\000\000\000\000\000\000\000\000\000\000\000\000\000\000\000\000\000\000\000\001""; queryType: qtINDIRECT; queryDepth: 1; ","itype: liAS_NODE; ledgerHash: ""\025[ d(\343\263\327\177\030\246\254H\277\254E\231\006\033_lB\210\264\334Y\322\314\362\320L\000""; ledgerSeq: 42; nodeIDs: ""\260\000\000\000\000\000\000\000\000\000\000\000\000\000\000\000\000\000\000\000\000\000\000\000\000\000\000\000\000\000\000\000\001""; queryType: qtINDIRECT; queryDepth: 1; "
1750527666508,1750527666508,0,1,0,3,TMGetLedger,"itype: liBASE; ledgerHash: ""\025[ d(\343\263\327\177\030\246\254H\277\254E\231\006\033_lB\210\264\334Y\322\314\362\320L\000""; ledgerSeq: 42; requestCookie: 2; queryType: qtINDIRECT; ","itype: liBASE; ledgerHash: ""\025[ d(\343\263\327\177\030\246\254H\277\254E\231\006\033_lB\210\264\334Y\322\314\362\320L\000""; ledgerSeq: 42; requestCookie: 2; queryType: qtINDIRECT; "
1750527666508,1750527666509,0,1,3,4,TMLedgerData,"ledgerHash: ""\025[ d(\343\263\327\177\030\246\254H\277\254E\231\006\033_lB\210\264\334Y\322\314\362\320L\000""; ledgerSeq: 42; type: liBASE; nodes {;   nodedata: ""\000\000\000*\001cEx]\211\377\330\220\303+\207\352g\317N\027>\222M\271m\033\236\021:\272\233r\373\233hC}\256\020\210\010\233\335\000\000\000\000\000\000\000\000\000\000\000\000\000\000\000\000\000\000\000\000\000\000\000\000\000\000\000\000\000\000\000\000\005\261\266v\374v\352\246\235\231*LY\263\2579H\027N\332Q\317\273\352Y@)i\312\273\267\003/\351\253./\351\253/\n\000""; }; nodes {;   nodedata: ""\323C\344\327\264{\312-\017:\006{\177\344N\002\326bO\260\220\006\033\362\345\005U\221DzJ0\001\301\025%1L\307\t\261\262z\374\222T\301\274V\236\223\262\270Ct\362\337b\356\024*\324\320\351\317\002k\336\234\027v\351\217\260\303\360\233ZPZWr\246$w\313\313\r\243r\232\2234\373\3539:N\004Q\245\272D\312D\300\300\t\323\0257\345e\271\na\215{\226\255x%T\257\037\333\004\344_/R\006E\344\037@\210\363\010\336T\226\247'\204_{\261\370""1\235\2445\343\033Y!\212\201\341\272\225'\007\335q\346\257\334t\020\344\301\214x\336\n\317\201\355\007b0\201\3458\364n\301sY\342\023\243<\353\013\003""; }; requestCookie: 1; ","ledgerHash: ""\025[ d(\343\263\327\177\030\246\254H\277\254E\231\006\033_lB\210\264\334Y\322\314\362\320L\000""; ledgerSeq: 42; type: liBASE; nodes {;   nodedata: ""\000\000\000*\001cEx]\211\377\330\220\303+\207\352g\317N\027>\222M\271m\033\236\021:\272\233r\373\233hC}\256\020\210\010\233\335\000\000\000\000\000\000\000\000\000\000\000\000\000\000\000\000\000\000\000\000\000\000\000\000\000\000\000\000\000\000\000\000\005\261\266v\374v\352\246\235\231*LY\263\2579H\027N\332Q\317\273\352Y@)i\312\273\267\003/\351\253./\351\253/\n\000""; }; nodes {;   nodedata: ""\323C\344\327\264{\312-\017:\006{\177\344N\002\326bO\260\220\006\033\362\345\005U\221DzJ0\001\301\025%1L\307\t\261\262z\374\222T\301\274V\236\223\262\270Ct\362\337b\356\024*\324\320\351\317\002k\336\234\027v\351\217\260\303\360\233ZPZWr\246$w\313\313\r\243r\232\2234\373\3539:N\004Q\245\272D\312D\300\300\t\323\0257\345e\271\na\215{\226\255x%T\257\037\333\004\344_/R\006E\344\037@\210\363\010\336T\226\247'\204_{\261\370""1\235\2445\343\033Y!\212\201\341\272\225'\007\335q\346\257\334t\020\344\301\214x\336\n\317\201\355\007b0\201\3458\364n\301sY\342\023\243<\353\013\003""; }; requestCookie: 1; "
1750527666509,1750527666509,0,1,3,2,TMLedgerData,"ledgerHash: ""\025[ d(\343\263\327\177\030\246\254H\277\254E\231\006\033_lB\210\264\334Y\322\314\362\320L\000""; ledgerSeq: 42; type: liBASE; nodes {;   nodedata: ""\000\000\000*\001cEx]\211\377\330\220\303+\207\352g\317N\027>\222M\271m\033\236\021:\272\233r\373\233hC}\256\020\210\010\233\335\000\000\000\000\000\000\000\000\000\000\000\000\000\000\000\000\000\000\000\000\000\000\000\000\000\000\000\000\000\000\000\000\005\261\266v\374v\352\246\235\231*LY\263\2579H\027N\332Q\317\273\352Y@)i\312\273\267\003/\351\253./\351\253/\n\000""; }; nodes {;   nodedata: ""\323C\344\327\264{\312-\017:\006{\177\344N\002\326bO\260\220\006\033\362\345\005U\221DzJ0\001\301\025%1L\307\t\261\262z\374\222T\301\274V\236\223\262\270Ct\362\337b\356\024*\324\320\351\317\002k\336\234\027v\351\217\260\303\360\233ZPZWr\246$w\313\313\r\243r\232\2234\373\3539:N\004Q\245\272D\312D\300\300\t\323\0257\345e\271\na\215{\226\255x%T\257\037\333\004\344_/R\006E\344\037@\210\363\010\336T\226\247'\204_{\261\370""1\235\2445\343\033Y!\212\201\341\272\225'\007\335q\346\257\334t\020\344\301\214x\336\n\317\201\355\007b0\201\3458\364n\301sY\342\023\243<\353\013\003""; }; requestCookie: 2; ","ledgerHash: ""\025[ d(\343\263\327\177\030\246\254H\277\254E\231\006\033_lB\210\264\334Y\322\314\362\320L\000""; ledgerSeq: 42; type: liBASE; nodes {;   nodedata: ""\000\000\000*\001cEx]\211\377\330\220\303+\207\352g\317N\027>\222M\271m\033\236\021:\272\233r\373\233hC}\256\020\210\010\233\335\000\000\000\000\000\000\000\000\000\000\000\000\000\000\000\000\000\000\000\000\000\000\000\000\000\000\000\000\000\000\000\000\005\261\266v\374v\352\246\235\231*LY\263\2579H\027N\332Q\317\273\352Y@)i\312\273\267\003/\351\253./\351\253/\n\000""; }; nodes {;   nodedata: ""\323C\344\327\264{\312-\017:\006{\177\344N\002\326bO\260\220\006\033\362\345\005U\221DzJ0\001\301\025%1L\307\t\261\262z\374\222T\301\274V\236\223\262\270Ct\362\337b\356\024*\324\320\351\317\002k\336\234\027v\351\217\260\303\360\233ZPZWr\246$w\313\313\r\243r\232\2234\373\3539:N\004Q\245\272D\312D\300\300\t\323\0257\345e\271\na\215{\226\255x%T\257\037\333\004\344_/R\006E\344\037@\210\363\010\336T\226\247'\204_{\261\370""1\235\2445\343\033Y!\212\201\341\272\225'\007\335q\346\257\334t\020\344\301\214x\336\n\317\201\355\007b0\201\3458\364n\301sY\342\023\243<\353\013\003""; }; requestCookie: 2; "
1750527666510,1750527666510,0,1,3,4,TMLedgerData,"ledgerHash: ""\025[ d(\343\263\327\177\030\246\254H\277\254E\231\006\033_lB\210\264\334Y\322\314\362\320L\000""; ledgerSeq: 42; type: liAS_NODE; nodes {;   nodedata: ""\021\000h""\000\000\000\000 \033\000\000\000)\002\023\305\177\330\356GuH\375\327!\255\371\r\231\262R\256J\034\222\241\355X\265E\241^W\225\304\014\361CX-}\351f\032\255\274\334m\326c\017\014ao[\342\230\003\245\245\3341Hm\326^\017jy\335\261\032Yt\320\244{g\0306\\302\303*\341\215\223\257\364\277o\375\000r\241SOq\221\253\262\005\017\375T\356\014\360o'\030\311-\267\031\257!\031T\006><\315XM\334\324\345\034\000\325\367\240\271\013\265\024\321\362\354\211\250.\234s\225amc\305\035\366\276\037nD\277`\210\223N\3535\033\261\304f\331]\036\237\306o!\223\221\002\324\031\262\240R\177 ,\214\325\Q])\016\2067\277\t\354\010\000\360\215\2502\265\245\310\226\243c\302Ze\306\253#r\020\211\320iG\276\020E\317\035Sf\223F\254\033@\177e\277\016\010u\327\371&\262\312\317Q\2361t\377x\234\001v\003%\030\325_\225g\204\346a=\225\273\331\354\365*U\363\263N\367b\371\244\314-w\363\262\225Z\200\206\235\233\257?sE\2674\254\326mU\377?\177Ek\336\030!\316Aa\225\303\022\377{\210Y\226\271as\354L\035\004\341\361\035\301\024\220m#*\372\032\3178~\374\250\014*\323\342'z69\220\327\256\351G\367\317u\302\207\270b\315\333\333\334\310I\323&\014\352XZnW2.\335\347\202\021\247\362\212e\034\000\001\250\220\305;a\314\265R\310\017\317\331\235\360\262\240:\277\202\266\354\265X""\022\nh\252\352w\204\203\023]\001f\352\277\0031Q]\362\370R\350{\261\202\240\344\215\201\353\276\322p5p\350\354\017>\250r\241c\273\016\301\024\363\242\247\263\231\370\344\nBW\220K\316@3\243\200\036wk\253GSlU\010\360\231>\331\263H\214\324\030A\225\301o\346pkSF\004\241\213w9\223=\250\262*+\255\351r\265\244c\024\213\t\007`\223\325#\3477\210\345P\306\013\320\252[\0216+\227=`\371P\314\346 V7\271[~\n\237\274|\347\352@K\253~&\260\032\024\004B\200\255h\351\013\361\031:nG\211\005|\2003\266\274\251,W\006u\344\335d\003\306\212\313,\340\350bG\n\030Z\2732-\246\312\255\030\003\235207\005}D\260\0261ah\322M\304\216\273m0\271\234\237\007<w$\265C\245\232\033\023\313c\321B\032l\301h\005\320\252\301\361(\330[\343\357\343{\235\n\266g\272>\177\317\347\261qb&\270&\346ju\200\363N\320\307\004\034\001n\317\361\2653\254\2503\247\305\372\316W\022O\253x\250\025\373\247\354Tc\304\263\243^\352Gv\\264\261\r\035\226\306\2411\351\233\203\215\200$\231\300f\220\371c@\017\254\363\\371\340\340VaR\205~^\226\342t\360\022\204d\231\205)\272\364?\361!\334\331\315\254\230\rBG\314\023\246\244=\351\177\254\302b&\276+H;0\312\021&\275\036\237\350R\313\206R\331\304k\323u\263t\221\213yC\241\217A\242\027g\322\241'\212.E?B_\316\327\217J +\370\t^b\005\020\003\211\373\247|hC\271Nmk~J\270EU\274\036-\347\240\312FA\321\341bca\253\025\321\311\317\021\375\317\217\n\272\033o\353G>\275\361H\265\240\232um""\317\324`\214\221\314\000\211K\223+(""\200i \311\372g\254\343ZR0\224\275q\252\357\213\263\206N\357&Q\217\267\303\356I\236\357\264\311b\037\366\035\253\343\311\265\240\327q\206f\262ODi\215-\363>\034\236l\273\005G\316F\217}[\036\007\270:\260\335\271B\241N\345\330\204\327f\361\272Kb\0377p\334\264\237\177~\330]\252+:\317u\302h\n\351\n\364\231\277R\371\356\033y\265v\360Ny\246\332qY\262\231\251\n\305\334\202\305\362\n\367@k\231\016R:\327\242\366\242\253LZY\223$Gw^\203\302\311\316I7\371tTwp}\005|\372\214\251{R`\230V\244-\326I\351\255\325i\335\377\321\353\327\331\302\023\347y\016\263\271\317\306\017UV\314qu?\0064A\315{3D\010\016S\212\2353k0\361\214ID\303g\277\010Y_\001~\021\333\370\255\374\\331\306\255\336)\365Rth\024\t\300.M\315\321S\257\224\252\362\326P\316\303%nX\3742\333\036\004Y\264yG^\234\177\214\305q\237\274G\300a4\275\240s\215\222\210\016\020G\344=-:GK\312\035\271\201\350\376F\260G\347\000\235\365P6pmH\033\373\212c\377o\232\356\320D\002\277,]os{\354/?\312e\006wda\001\023\375\316\025\254\321\244\370+Y`\220\270\254\2601E[FI\310\235<qI \356\032v%\001\230\016\203\200\251UD\347\304\373\034\211\340@\342\033\263\365\356\341\357\350\324\035J\032\177\230\207\220\303+\207\352g\317N\027>\222M\271m\033\236\021:\272\233r\373\233hC}\256\020\210\010\233\335\264\227\2326\315\307\363\323\325\303\032N\256*\307\327 \235\332\207u\210\271\257\306g\231i*\260\326k\001"";   nodeid: ""\260\000\000\000\000\000\000\000\000\000\000\000\000\000\000\000\000\000\000\000\000\000\000\000\000\000\000\000\000\000\000\000\001""; }; ","ledgerHash: ""\025[ d(\343\263\327\177\030\246\254H\277\254E\231\006\033_lB\210\264\334Y\322\314\362\320L\000""; ledgerSeq: 42; type: liAS_NODE; nodes {;   nodedata: ""\021\000h""\000\000\000\000 \033\000\000\000)\002\023\305\177\330\356GuH\375\327!\255\371\r\231\262R\256J\034\222\241\355X\265E\241^W\225\304\014\361CX-}\351f\032\255\274\334m\326c\017\014ao[\342\230\003\245\245\3341Hm\326^\017jy\335\261\032Yt\320\244{g\0306\\302\303*\341\215\223\257\364\277o\375\000r\241SOq\221\253\262\005\017\375T\356\014\360o'\030\311-\267\031\257!\031T\006><\315XM\334\324\345\034\000\325\367\240\271\013\265\024\321\362\354\211\250.\234s\225amc\305\035\366\276\037nD\277`\210\223N\3535\033\261\304f\331]\036\237\306o!\223\221\002\324\031\262\240R\177 ,\214\325\Q])\016\2067\277\t\354\010\000\360\215\2502\265\245\310\226\243c\302Ze\306\253#r\020\211\320iG\276\020E\317\035Sf\223F\254\033@\177e\277\016\010u\327\371&\262\312\317Q\2361t\377x\234\001v\003%\030\325_\225g\204\346a=\225\273\331\354\365*U\363\263N\367b\371\244\314-w\363\262\225Z\200\206\235\233\257?sE\2674\254\326mU\377?\177Ek\336\030!\316Aa\225\303\022\377{\210Y\226\271as\354L\035\004\341\361\035\301\024\220m#*\372\032\3178~\374\250\014*\323\342'z69\220\327\256\351G\367\317u\302\207\270b\315\333\333\334\310I\323&\014\352XZnW2.\335\347\202\021\247\362\212e\034\000\001\250\220\305;a\314\265R\310\017\317\331\235\360\262\240:\277\202\266\354\265X""\022\nh\252\352w\204\203\023]\001f\352\277\0031Q]\362\370R\350{\261\202\240\344\215\201\353\276\322p5p\350\354\017>\250r\241c\273\016\301\024\363\242\247\263\231\370\344\nBW\220K\316@3\243\200\036wk\253GSlU\010\360\231>\331\263H\214\324\030A\225\301o\346pkSF\004\241\213w9\223=\250\262*+\255\351r\265\244c\024\213\t\007`\223\325#\3477\210\345P\306\013\320\252[\0216+\227=`\371P\314\346 V7\271[~\n\237\274|\347\352@K\253~&\260\032\024\004B\200\255h\351\013\361\031:nG\211\005|\2003\266\274\251,W\006u\344\335d\003\306\212\313,\340\350bG\n\030Z\2732-\246\312\255\030\003\235207\005}D\260\0261ah\322M\304\216\273m0\271\234\237\007<w$\265C\245\232\033\023\313c\321B\032l\301h\005\320\252\301\361(\330[\343\357\343{\235\n\266g\272>\177\317\347\261qb&\270&\346ju\200\363N\320\307\004\034\001n\317\361\2653\254\2503\247\305\372\316W\022O\253x\250\025\373\247\354Tc\304\263\243^\352Gv\\264\261\r\035\226\306\2411\351\233\203\215\200$\231\300f\220\371c@\017\254\363\\371\340\340VaR\205~^\226\342t\360\022\204d\231\205)\272\364?\361!\334\331\315\254\230\rBG\314\023\246\244=\351\177\254\302b&\276+H;0\312\021&\275\036\237\350R\313\206R\331\304k\323u\263t\221\213yC\241\217A\242\027g\322\241'\212.E?B_\316\327\217J +\370\t^b\005\020\003\211\373\247|hC\271Nmk~J\270EU\274\036-\347\240\312FA\321\341bca\253\025\321\311\317\021\375\317\217\n\272\033o\353G>\275\361H\265\240\232um""\317\324`\214\221\314\000\211K\223+(""\200i \311\372g\254\343ZR0\224\275q\252\357\213\263\206N\357&Q\217\267\303\356I\236\357\264\311b\037\366\035\253\343\311\265\240\327q\206f\262ODi\215-\363>\034\236l\273\005G\316F\217}[\036\007\270:\260\335\271B\241N\345\330\204\327f\361\272Kb\0377p\334\264\237\177~\330]\252+:\317u\302h\n\351\n\364\231\277R\371\356\033y\265v\360Ny\246\332qY\262\231\251\n\305\334\202\305\362\n\367@k\231\016R:\327\242\366\242\253LZY\223$Gw^\203\302\311\316I7\371tTwp}\005|\372\214\251{R`\230V\244-\326I\351\255\325i\335\377\321\353\327\331\302\023\347y\016\263\271\317\306\017UV\314qu?\0064A\315{3D\010\016S\212\2353k0\361\214ID\303g\277\010Y_\001~\021\333\370\255\374\\331\306\255\336)\365Rth\024\t\300.M\315\321S\257\224\252\362\326P\316\303%nX\3742\333\036\004Y\264yG^\234\177\214\305q\237\274G\300a4\275\240s\215\222\210\016\020G\344=-:GK\312\035\271\201\350\376F\260G\347\000\235\365P6pmH\033\373\212c\377o\232\356\320D\002\277,]os{\354/?\312e\006wda\001\023\375\316\025\254\321\244\370+Y`\220\270\254\2601E[FI\310\235<qI \356\032v%\001\230\016\203\200\251UD\347\304\373\034\211\340@\342\033\263\365\356\341\357\350\324\035J\032\177\230\207\220\303+\207\352g\317N\027>\222M\271m\033\236\021:\272\233r\373\233hC}\256\020\210\010\233\335\264\227\2326\315\307\363\323\325\303\032N\256*\307\327 \235\332\207u\210\271\257\306g\231i*\260\326k\001"";   nodeid: ""\260\000\000\000\000\000\000\000\000\000\000\000\000\000\000\000\000\000\000\000\000\000\000\000\000\000\000\000\000\000\000\000\001""; }; "
1750527666511,1750527666511,0,1,0,4,TMLedgerData,"ledgerHash: ""\025[ d(\343\263\327\177\030\246\254H\277\254E\231\006\033_lB\210\264\334Y\322\314\362\320L\000""; ledgerSeq: 42; type: liBASE; nodes {;   nodedata: ""\000\000\000*\001cEx]\211\377\330\220\303+\207\352g\317N\027>\222M\271m\033\236\021:\272\233r\373\233hC}\256\020\210\010\233\335\000\000\000\000\000\000\000\000\000\000\000\000\000\000\000\000\000\000\000\000\000\000\000\000\000\000\000\000\000\000\000\000\005\261\266v\374v\352\246\235\231*LY\263\2579H\027N\332Q\317\273\352Y@)i\312\273\267\003/\351\253./\351\253/\n\000""; }; nodes {;   nodedata: ""\323C\344\327\264{\312-\017:\006{\177\344N\002\326bO\260\220\006\033\362\345\005U\221DzJ0\001\301\025%1L\307\t\261\262z\374\222T\301\274V\236\223\262\270Ct\362\337b\356\024*\324\320\351\317\002k\336\234\027v\351\217\260\303\360\233ZPZWr\246$w\313\313\r\243r\232\2234\373\3539:N\004Q\245\272D\312D\300\300\t\323\0257\345e\271\na\215{\226\255x%T\257\037\333\004\344_/R\006E\344\037@\210\363\010\336T\226\247'\204_{\261\370""1\235\2445\343\033Y!\212\201\341\272\225'\007\335q\346\257\334t\020\344\301\214x\336\n\317\201\355\007b0\201\3458\364n\301sY\342\023\243<\353\013\003""; }; ","ledgerHash: ""\025[ d(\343\263\327\177\030\246\254H\277\254E\231\006\033_lB\210\264\334Y\322\314\362\320L\000""; ledgerSeq: 42; type: liBASE; nodes {;   nodedata: ""\000\000\000*\001cEx]\211\377\330\220\303+\207\352g\317N\027>\222M\271m\033\236\021:\272\233r\373\233hC}\256\020\210\010\233\335\000\000\000\000\000\000\000\000\000\000\000\000\000\000\000\000\000\000\000\000\000\000\000\000\000\000\000\000\000\000\000\000\005\261\266v\374v\352\246\235\231*LY\263\2579H\027N\332Q\317\273\352Y@)i\312\273\267\003/\351\253./\351\253/\n\000""; }; nodes {;   nodedata: ""\323C\344\327\264{\312-\017:\006{\177\344N\002\326bO\260\220\006\033\362\345\005U\221DzJ0\001\301\025%1L\307\t\261\262z\374\222T\301\274V\236\223\262\270Ct\362\337b\356\024*\324\320\351\317\002k\336\234\027v\351\217\260\303\360\233ZPZWr\246$w\313\313\r\243r\232\2234\373\3539:N\004Q\245\272D\312D\300\300\t\323\0257\345e\271\na\215{\226\255x%T\257\037\333\004\344_/R\006E\344\037@\210\363\010\336T\226\247'\204_{\261\370""1\235\2445\343\033Y!\212\201\341\272\225'\007\335q\346\257\334t\020\344\301\214x\336\n\317\201\355\007b0\201\3458\364n\301sY\342\023\243<\353\013\003""; }; "
1750527666512,1750527666512,0,1,3,4,TMLedgerData,"ledgerHash: ""\025[ d(\343\263\327\177\030\246\254H\277\254E\231\006\033_lB\210\264\334Y\322\314\362\320L\000""; ledgerSeq: 42; type: liBASE; nodes {;   nodedata: ""\000\000\000*\001cEx]\211\377\330\220\303+\207\352g\317N\027>\222M\271m\033\236\021:\272\233r\373\233hC}\256\020\210\010\233\335\000\000\000\000\000\000\000\000\000\000\000\000\000\000\000\000\000\000\000\000\000\000\000\000\000\000\000\000\000\000\000\000\005\261\266v\374v\352\246\235\231*LY\263\2579H\027N\332Q\317\273\352Y@)i\312\273\267\003/\351\253./\351\253/\n\000""; }; nodes {;   nodedata: ""\323C\344\327\264{\312-\017:\006{\177\344N\002\326bO\260\220\006\033\362\345\005U\221DzJ0\001\301\025%1L\307\t\261\262z\374\222T\301\274V\236\223\262\270Ct\362\337b\356\024*\324\320\351\317\002k\336\234\027v\351\217\260\303\360\233ZPZWr\246$w\313\313\r\243r\232\2234\373\3539:N\004Q\245\272D\312D\300\300\t\323\0257\345e\271\na\215{\226\255x%T\257\037\333\004\344_/R\006E\344\037@\210\363\010\336T\226\247'\204_{\261\370""1\235\2445\343\033Y!\212\201\341\272\225'\007\335q\346\257\334t\020\344\301\214x\336\n\317\201\355\007b0\201\3458\364n\301sY\342\023\243<\353\013\003""; }; requestCookie: 2; ","ledgerHash: ""\025[ d(\343\263\327\177\030\246\254H\277\254E\231\006\033_lB\210\264\334Y\322\314\362\320L\000""; ledgerSeq: 42; type: liBASE; nodes {;   nodedata: ""\000\000\000*\001cEx]\211\377\330\220\303+\207\352g\317N\027>\222M\271m\033\236\021:\272\233r\373\233hC}\256\020\210\010\233\335\000\000\000\000\000\000\000\000\000\000\000\000\000\000\000\000\000\000\000\000\000\000\000\000\000\000\000\000\000\000\000\000\005\261\266v\374v\352\246\235\231*LY\263\2579H\027N\332Q\317\273\352Y@)i\312\273\267\003/\351\253./\351\253/\n\000""; }; nodes {;   nodedata: ""\323C\344\327\264{\312-\017:\006{\177\344N\002\326bO\260\220\006\033\362\345\005U\221DzJ0\001\301\025%1L\307\t\261\262z\374\222T\301\274V\236\223\262\270Ct\362\337b\356\024*\324\320\351\317\002k\336\234\027v\351\217\260\303\360\233ZPZWr\246$w\313\313\r\243r\232\2234\373\3539:N\004Q\245\272D\312D\300\300\t\323\0257\345e\271\na\215{\226\255x%T\257\037\333\004\344_/R\006E\344\037@\210\363\010\336T\226\247'\204_{\261\370""1\235\2445\343\033Y!\212\201\341\272\225'\007\335q\346\257\334t\020\344\301\214x\336\n\317\201\355\007b0\201\3458\364n\301sY\342\023\243<\353\013\003""; }; requestCookie: 2; "
1750527666512,1750527666512,0,1,2,4,TMLedgerData,"ledgerHash: ""\025[ d(\343\263\327\177\030\246\254H\277\254E\231\006\033_lB\210\264\334Y\322\314\362\320L\000""; ledgerSeq: 42; type: liBASE; nodes {;   nodedata: ""\000\000\000*\001cEx]\211\377\330\220\303+\207\352g\317N\027>\222M\271m\033\236\021:\272\233r\373\233hC}\256\020\210\010\233\335\000\000\000\000\000\000\000\000\000\000\000\000\000\000\000\000\000\000\000\000\000\000\000\000\000\000\000\000\000\000\000\000\005\261\266v\374v\352\246\235\231*LY\263\2579H\027N\332Q\317\273\352Y@)i\312\273\267\003/\351\253./\351\253/\n\000""; }; nodes {;   nodedata: ""\323C\344\327\264{\312-\017:\006{\177\344N\002\326bO\260\220\006\033\362\345\005U\221DzJ0\001\301\025%1L\307\t\261\262z\374\222T\301\274V\236\223\262\270Ct\362\337b\356\024*\324\320\351\317\002k\336\234\027v\351\217\260\303\360\233ZPZWr\246$w\313\313\r\243r\232\2234\373\3539:N\004Q\245\272D\312D\300\300\t\323\0257\345e\271\na\215{\226\255x%T\257\037\333\004\344_/R\006E\344\037@\210\363\010\336T\226\247'\204_{\261\370""1\235\2445\343\033Y!\212\201\341\272\225'\007\335q\346\257\334t\020\344\301\214x\336\n\317\201\355\007b0\201\3458\364n\301sY\342\023\243<\353\013\003""; }; ","ledgerHash: ""\025[ d(\343\263\327\177\030\246\254H\277\254E\231\006\033_lB\210\264\334Y\322\314\362\320L\000""; ledgerSeq: 42; type: liBASE; nodes {;   nodedata: ""\000\000\000*\001cEx]\211\377\330\220\303+\207\352g\317N\027>\222M\271m\033\236\021:\272\233r\373\233hC}\256\020\210\010\233\335\000\000\000\000\000\000\000\000\000\000\000\000\000\000\000\000\000\000\000\000\000\000\000\000\000\000\000\000\000\000\000\000\005\261\266v\374v\352\246\235\231*LY\263\2579H\027N\332Q\317\273\352Y@)i\312\273\267\003/\351\253./\351\253/\n\000""; }; nodes {;   nodedata: ""\323C\344\327\264{\312-\017:\006{\177\344N\002\326bO\260\220\006\033\362\345\005U\221DzJ0\001\301\025%1L\307\t\261\262z\374\222T\301\274V\236\223\262\270Ct\362\337b\356\024*\324\320\351\317\002k\336\234\027v\351\217\260\303\360\233ZPZWr\246$w\313\313\r\243r\232\2234\373\3539:N\004Q\245\272D\312D\300\300\t\323\0257\345e\271\na\215{\226\255x%T\257\037\333\004\344_/R\006E\344\037@\210\363\010\336T\226\247'\204_{\261\370""1\235\2445\343\033Y!\212\201\341\272\225'\007\335q\346\257\334t\020\344\301\214x\336\n\317\201\355\007b0\201\3458\364n\301sY\342\023\243<\353\013\003""; }; "
1750527666513,1750527666513,0,1,3,2,TMLedgerData,"ledgerHash: ""\025[ d(\343\263\327\177\030\246\254H\277\254E\231\006\033_lB\210\264\334Y\322\314\362\320L\000""; ledgerSeq: 42; type: liAS_NODE; nodes {;   nodedata: ""\021\000h""\000\000\000\000 \033\000\000\000)\002\023\305\177\330\356GuH\375\327!\255\371\r\231\262R\256J\034\222\241\355X\265E\241^W\225\304\014\361CX-}\351f\032\255\274\334m\326c\017\014ao[\342\230\003\245\245\3341Hm\326^\017jy\335\261\032Yt\320\244{g\0306\\302\303*\341\215\223\257\364\277o\375\000r\241SOq\221\253\262\005\017\375T\356\014\360o'\030\311-\267\031\257!\031T\006><\315XM\334\324\345\034\000\325\367\240\271\013\265\024\321\362\354\211\250.\234s\225amc\305\035\366\276\037nD\277`\210\223N\3535\033\261\304f\331]\036\237\306o!\223\221\002\324\031\262\240R\177 ,\214\325\Q])\016\2067\277\t\354\010\000\360\215\2502\265\245\310\226\243c\302Ze\306\253#r\020\211\320iG\276\020E\317\035Sf\223F\254\033@\177e\277\016\010u\327\371&\262\312\317Q\2361t\377x\234\001v\003%\030\325_\225g\204\346a=\225\273\331\354\365*U\363\263N\367b\371\244\314-w\363\262\225Z\200\206\235\233\257?sE\2674\254\326mU\377?\177Ek\336\030!\316Aa\225\303\022\377{\210Y\226\271as\354L\035\004\341\361\035\301\024\220m#*\372\032\3178~\374\250\014*\323\342'z69\220\327\256\351G\367\317u\302\207\270b\315\333\333\334\310I\323&\014\352XZnW2.\335\347\202\021\247\362\212e\034\000\001\250\220\305;a\314\265R\310\017\317\331\235\360\262\240:\277\202\266\354\265X""\022\nh\252\352w\204\203\023]\001f\352\277\0031Q]\362\370R\350{\261\202\240\344\215\201\353\276\322p5p\350\354\017>\250r\241c\273\016\301\024\363\242\247\263\231\370\344\nBW\220K\316@3\243\200\036wk\253GSlU\010\360\231>\331\263H\214\324\030A\225\301o\346pkSF\004\241\213w9\223=\250\262*+\255\351r\265\244c\024\213\t\007`\223\325#\3477\210\345P\306\013\320\252[\0216+\227=`\371P\314\346 V7\271[~\n\237\274|\347\352@K\253~&\260\032\024\004B\200\255h\351\013\361\031:nG\211\005|\2003\266\274\251,W\006u\344\335d\003\306\212\313,\340\350bG\n\030Z\2732-\246\312\255\030\003\235207\005}D\260\0261ah\322M\304\216\273m0\271\234\237\007<w$\265C\245\232\033\023\313c\321B\032l\301h\005\320\252\301\361(\330[\343\357\343{\235\n\266g\272>\177\317\347\261qb&\270&\346ju\200\363N\320\307\004\034\001n\317\361\2653\254\2503\247\305\372\316W\022O\253x\250\025\373\247\354Tc\304\263\243^\352Gv\\264\261\r\035\226\306\2411\351\233\203\215\200$\231\300f\220\371c@\017\254\363\\371\340\340VaR\205~^\226\342t\360\022\204d\231\205)\272\364?\361!\334\331\315\254\230\rBG\314\023\246\244=\351\177\254\302b&\276+H;0\312\021&\275\036\237\350R\313\206R\331\304k\323u\263t\221\213yC\241\217A\242\027g\322\241'\212.E?B_\316\327\217J +\370\t^b\005\020\003\211\373\247|hC\271Nmk~J\270EU\274\036-\347\240\312FA\321\341bca\253\025\321\311\317\021\375\317\217\n\272\033o\353G>\275\361H\265\240\232um""\317\324`\214\221\314\000\211K\223+(""\200i \311\372g\254\343ZR0\224\275q\252\357\213\263\206N\357&Q\217\267\303\356I\236\357\264\311b\037\366\035\253\343\311\265\240\327q\206f\262ODi\215-\363>\034\236l\273\005G\316F\217}[\036\007\270:\260\335\271B\241N\345\330\204\327f\361\272Kb\0377p\334\264\237\177~\330]\252+:\317u\302h\n\351\n\364\231\277R\371\356\033y\265v\360Ny\246\332qY\262\231\251\n\305\334\202\305\362\n\367@k\231\016R:\327\242\366\242\253LZY\223$Gw^\203\302\311\316I7\371tTwp}\005|\372\214\251{R`\230V\244-\326I\351\255\325i\335\377\321\353\327\331\302\023\347y\016\263\271\317\306\017UV\314qu?\0064A\315{3D\010\016S\212\2353k0\361\214ID\303g\277\010Y_\001~\021\333\370\255\374\\331\306\255\336)\365Rth\024\t\300.M\315\321S\257\224\252\362\326P\316\303%nX\3742\333\036\004Y\264yG^\234\177\214\305q\237\274G\300a4\275\240s\215\222\210\016\020G\344=-:GK\312\035\271\201\350\376F\260G\347\000\235\365P6pmH\033\373\212c\377o\232\356\320D\002\277,]os{\354/?\312e\006wda\001\023\375\316\025\254\321\244\370+Y`\220\270\254\2601E[FI\310\235<qI \356\032v%\001\230\016\203\200\251UD\347\304\373\034\211\340@\342\033\263\365\356\341\357\350\324\035J\032\177\230\207\220\303+\207\352g\317N\027>\222M\271m\033\236\021:\272\233r\373\233hC}\256\020\210\010\233\335\264\227\2326\315\307\363\323\325\303\032N\256*\307\327 \235\332\207u\210\271\257\306g\231i*\260\326k\001"";   nodeid: ""\260\000\000\000\000\000\000\000\000\000\000\000\000\000\000\000\000\000\000\000\000\000\000\000\000\000\000\000\000\000\000\000\001""; }; ","ledgerHash: ""\025[ d(\343\263\327\177\030\246\254H\277\254E\231\006\033_lB\210\264\334Y\322\314\362\320L\000""; ledgerSeq: 42; type: liAS_NODE; nodes {;   nodedata: ""\021\000h""\000\000\000\000 \033\000\000\000)\002\023\305\177\330\356GuH\375\327!\255\371\r\231\262R\256J\034\222\241\355X\265E\241^W\225\304\014\361CX-}\351f\032\255\274\334m\326c\017\014ao[\342\230\003\245\245\3341Hm\326^\017jy\335\261\032Yt\320\244{g\0306\\302\303*\341\215\223\257\364\277o\375\000r\241SOq\221\253\262\005\017\375T\356\014\360o'\030\311-\267\031\257!\031T\006><\315XM\334\324\345\034\000\325\367\240\271\013\265\024\321\362\354\211\250.\234s\225amc\305\035\366\276\037nD\277`\210\223N\3535\033\261\304f\331]\036\237\306o!\223\221\002\324\031\262\240R\177 ,\214\325\Q])\016\2067\277\t\354\010\000\360\215\2502\265\245\310\226\243c\302Ze\306\253#r\020\211\320iG\276\020E\317\035Sf\223F\254\033@\177e\277\016\010u\327\371&\262\312\317Q\2361t\377x\234\001v\003%\030\325_\225g\204\346a=\225\273\331\354\365*U\363\263N\367b\371\244\314-w\363\262\225Z\200\206\235\233\257?sE\2674\254\326mU\377?\177Ek\336\030!\316Aa\225\303\022\377{\210Y\226\271as\354L\035\004\341\361\035\301\024\220m#*\372\032\3178~\374\250\014*\323\342'z69\220\327\256\351G\367\317u\302\207\270b\315\333\333\334\310I\323&\014\352XZnW2.\335\347\202\021\247\362\212e\034\000\001\250\220\305;a\314\265R\310\017\317\331\235\360\262\240:\277\202\266\354\265X""\022\nh\252\352w\204\203\023]\001f\352\277\0031Q]\362\370R\350{\261\202\240\344\215\201\353\276\322p5p\350\354\017>\250r\241c\273\016\301\024\363\242\247\263\231\370\344\nBW\220K\316@3\243\200\036wk\253GSlU\010\360\231>\331\263H\214\324\030A\225\301o\346pkSF\004\241\213w9\223=\250\262*+\255\351r\265\244c\024\213\t\007`\223\325#\3477\210\345P\306\013\320\252[\0216+\227=`\371P\314\346 V7\271[~\n\237\274|\347\352@K\253~&\260\032\024\004B\200\255h\351\013\361\031:nG\211\005|\2003\266\274\251,W\006u\344\335d\003\306\212\313,\340\350bG\n\030Z\2732-\246\312\255\030\003\235207\005}D\260\0261ah\322M\304\216\273m0\271\234\237\007<w$\265C\245\232\033\023\313c\321B\032l\301h\005\320\252\301\361(\330[\343\357\343{\235\n\266g\272>\177\317\347\261qb&\270&\346ju\200\363N\320\307\004\034\001n\317\361\2653\254\2503\247\305\372\316W\022O\253x\250\025\373\247\354Tc\304\263\243^\352Gv\\264\261\r\035\226\306\2411\351\233\203\215\200$\231\300f\220\371c@\017\254\363\\371\340\340VaR\205~^\226\342t\360\022\204d\231\205)\272\364?\361!\334\331\315\254\230\rBG\314\023\246\244=\351\177\254\302b&\276+H;0\312\021&\275\036\237\350R\313\206R\331\304k\323u\263t\221\213yC\241\217A\242\027g\322\241'\212.E?B_\316\327\217J +\370\t^b\005\020\003\211\373\247|hC\271Nmk~J\270EU\274\036-\347\240\312FA\321\341bca\253\025\321\311\317\021\375\317\217\n\272\033o\353G>\275\361H\265\240\232um""\317\324`\214\221\314\000\211K\223+(""\200i \311\372g\254\343ZR0\224\275q\252\357\213\263\206N\357&Q\217\267\303\356I\236\357\264\311b\037\366\035\253\343\311\265\240\327q\206f\262ODi\215-\363>\034\236l\273\005G\316F\217}[\036\007\270:\260\335\271B\241N\345\330\204\327f\361\272Kb\0377p\334\264\237\177~\330]\252+:\317u\302h\n\351\n\364\231\277R\371\356\033y\265v\360Ny\246\332qY\262\231\251\n\305\334\202\305\362\n\367@k\231\016R:\327\242\366\242\253LZY\223$Gw^\203\302\311\316I7\371tTwp}\005|\372\214\251{R`\230V\244-\326I\351\255\325i\335\377\321\353\327\331\302\023\347y\016\263\271\317\306\017UV\314qu?\0064A\315{3D\010\016S\212\2353k0\361\214ID\303g\277\010Y_\001~\021\333\370\255\374\\331\306\255\336)\365Rth\024\t\300.M\315\321S\257\224\252\362\326P\316\303%nX\3742\333\036\004Y\264yG^\234\177\214\305q\237\274G\300a4\275\240s\215\222\210\016\020G\344=-:GK\312\035\271\201\350\376F\260G\347\000\235\365P6pmH\033\373\212c\377o\232\356\320D\002\277,]os{\354/?\312e\006wda\001\023\375\316\025\254\321\244\370+Y`\220\270\254\2601E[FI\310\235<qI \356\032v%\001\230\016\203\200\251UD\347\304\373\034\211\340@\342\033\263\365\356\341\357\350\324\035J\032\177\230\207\220\303+\207\352g\317N\027>\222M\271m\033\236\021:\272\233r\373\233hC}\256\020\210\010\233\335\264\227\2326\315\307\363\323\325\303\032N\256*\307\327 \235\332\207u\210\271\257\306g\231i*\260\326k\001"";   nodeid: ""\260\000\000\000\000\000\000\000\000\000\000\000\000\000\000\000\000\000\000\000\000\000\000\000\000\000\000\000\000\000\000\000\001""; }; "
1750527666514,1750527666514,0,1,0,2,TMLedgerData,"ledgerHash: ""\025[ d(\343\263\327\177\030\246\254H\277\254E\231\006\033_lB\210\264\334Y\322\314\362\320L\000""; ledgerSeq: 42; type: liBASE; nodes {;   nodedata: ""\000\000\000*\001cEx]\211\377\330\220\303+\207\352g\317N\027>\222M\271m\033\236\021:\272\233r\373\233hC}\256\020\210\010\233\335\000\000\000\000\000\000\000\000\000\000\000\000\000\000\000\000\000\000\000\000\000\000\000\000\000\000\000\000\000\000\000\000\005\261\266v\374v\352\246\235\231*LY\263\2579H\027N\332Q\317\273\352Y@)i\312\273\267\003/\351\253./\351\253/\n\000""; }; nodes {;   nodedata: ""\323C\344\327\264{\312-\017:\006{\177\344N\002\326bO\260\220\006\033\362\345\005U\221DzJ0\001\301\025%1L\307\t\261\262z\374\222T\301\274V\236\223\262\270Ct\362\337b\356\024*\324\320\351\317\002k\336\234\027v\351\217\260\303\360\233ZPZWr\246$w\313\313\r\243r\232\2234\373\3539:N\004Q\245\272D\312D\300\300\t\323\0257\345e\271\na\215{\226\255x%T\257\037\333\004\344_/R\006E\344\037@\210\363\010\336T\226\247'\204_{\261\370""1\235\2445\343\033Y!\212\201\341\272\225'\007\335q\346\257\334t\020\344\301\214x\336\n\317\201\355\007b0\201\3458\364n\301sY\342\023\243<\353\013\003""; }; ","ledgerHash: ""\025[ d(\343\263\327\177\030\246\254H\277\254E\231\006\033_lB\210\264\334Y\322\314\362\320L\000""; ledgerSeq: 42; type: liBASE; nodes {;   nodedata: ""\000\000\000*\001cEx]\211\377\330\220\303+\207\352g\317N\027>\222M\271m\033\236\021:\272\233r\373\233hC}\256\020\210\010\233\335\000\000\000\000\000\000\000\000\000\000\000\000\000\000\000\000\000\000\000\000\000\000\000\000\000\000\000\000\000\000\000\000\005\261\266v\374v\352\246\235\231*LY\263\2579H\027N\332Q\317\273\352Y@)i\312\273\267\003/\351\253./\351\253/\n\000""; }; nodes {;   nodedata: ""\323C\344\327\264{\312-\017:\006{\177\344N\002\326bO\260\220\006\033\362\345\005U\221DzJ0\001\301\025%1L\307\t\261\262z\374\222T\301\274V\236\223\262\270Ct\362\337b\356\024*\324\320\351\317\002k\336\234\027v\351\217\260\303\360\233ZPZWr\246$w\313\313\r\243r\232\2234\373\3539:N\004Q\245\272D\312D\300\300\t\323\0257\345e\271\na\215{\226\255x%T\257\037\333\004\344_/R\006E\344\037@\210\363\010\336T\226\247'\204_{\261\370""1\235\2445\343\033Y!\212\201\341\272\225'\007\335q\346\257\334t\020\344\301\214x\336\n\317\201\355\007b0\201\3458\364n\301sY\342\023\243<\353\013\003""; }; "
1750527666514,1750527666515,0,1,3,2,TMLedgerData,"ledgerHash: ""\025[ d(\343\263\327\177\030\246\254H\277\254E\231\006\033_lB\210\264\334Y\322\314\362\320L\000""; ledgerSeq: 42; type: liBASE; nodes {;   nodedata: ""\000\000\000*\001cEx]\211\377\330\220\303+\207\352g\317N\027>\222M\271m\033\236\021:\272\233r\373\233hC}\256\020\210\010\233\335\000\000\000\000\000\000\000\000\000\000\000\000\000\000\000\000\000\000\000\000\000\000\000\000\000\000\000\000\000\000\000\000\005\261\266v\374v\352\246\235\231*LY\263\2579H\027N\332Q\317\273\352Y@)i\312\273\267\003/\351\253./\351\253/\n\000""; }; nodes {;   nodedata: ""\323C\344\327\264{\312-\017:\006{\177\344N\002\326bO\260\220\006\033\362\345\005U\221DzJ0\001\301\025%1L\307\t\261\262z\374\222T\301\274V\236\223\262\270Ct\362\337b\356\024*\324\320\351\317\002k\336\234\027v\351\217\260\303\360\233ZPZWr\246$w\313\313\r\243r\232\2234\373\3539:N\004Q\245\272D\312D\300\300\t\323\0257\345e\271\na\215{\226\255x%T\257\037\333\004\344_/R\006E\344\037@\210\363\010\336T\226\247'\204_{\261\370""1\235\2445\343\033Y!\212\201\341\272\225'\007\335q\346\257\334t\020\344\301\214x\336\n\317\201\355\007b0\201\3458\364n\301sY\342\023\243<\353\013\003""; }; requestCookie: 3; ","ledgerHash: ""\025[ d(\343\263\327\177\030\246\254H\277\254E\231\006\033_lB\210\264\334Y\322\314\362\320L\000""; ledgerSeq: 42; type: liBASE; nodes {;   nodedata: ""\000\000\000*\001cEx]\211\377\330\220\303+\207\352g\317N\027>\222M\271m\033\236\021:\272\233r\373\233hC}\256\020\210\010\233\335\000\000\000\000\000\000\000\000\000\000\000\000\000\000\000\000\000\000\000\000\000\000\000\000\000\000\000\000\000\000\000\000\005\261\266v\374v\352\246\235\231*LY\263\2579H\027N\332Q\317\273\352Y@)i\312\273\267\003/\351\253./\351\253/\n\000""; }; nodes {;   nodedata: ""\323C\344\327\264{\312-\017:\006{\177\344N\002\326bO\260\220\006\033\362\345\005U\221DzJ0\001\301\025%1L\307\t\261\262z\374\222T\301\274V\236\223\262\270Ct\362\337b\356\024*\324\320\351\317\002k\336\234\027v\351\217\260\303\360\233ZPZWr\246$w\313\313\r\243r\232\2234\373\3539:N\004Q\245\272D\312D\300\300\t\323\0257\345e\271\na\215{\226\255x%T\257\037\333\004\344_/R\006E\344\037@\210\363\010\336T\226\247'\204_{\261\370""1\235\2445\343\033Y!\212\201\341\272\225'\007\335q\346\257\334t\020\344\301\214x\336\n\317\201\355\007b0\201\3458\364n\301sY\342\023\243<\353\013\003""; }; requestCookie: 3; "
1750527666515,1750527666515,0,1,3,1,TMLedgerData,"ledgerHash: ""\025[ d(\343\263\327\177\030\246\254H\277\254E\231\006\033_lB\210\264\334Y\322\314\362\320L\000""; ledgerSeq: 42; type: liBASE; nodes {;   nodedata: ""\000\000\000*\001cEx]\211\377\330\220\303+\207\352g\317N\027>\222M\271m\033\236\021:\272\233r\373\233hC}\256\020\210\010\233\335\000\000\000\000\000\000\000\000\000\000\000\000\000\000\000\000\000\000\000\000\000\000\000\000\000\000\000\000\000\000\000\000\005\261\266v\374v\352\246\235\231*LY\263\2579H\027N\332Q\317\273\352Y@)i\312\273\267\003/\351\253./\351\253/\n\000""; }; nodes {;   nodedata: ""\323C\344\327\264{\312-\017:\006{\177\344N\002\326bO\260\220\006\033\362\345\005U\221DzJ0\001\301\025%1L\307\t\261\262z\374\222T\301\274V\236\223\262\270Ct\362\337b\356\024*\324\320\351\317\002k\336\234\027v\351\217\260\303\360\233ZPZWr\246$w\313\313\r\243r\232\2234\373\3539:N\004Q\245\272D\312D\300\300\t\323\0257\345e\271\na\215{\226\255x%T\257\037\333\004\344_/R\006E\344\037@\210\363\010\336T\226\247'\204_{\261\370""1\235\2445\343\033Y!\212\201\341\272\225'\007\335q\346\257\334t\020\344\301\214x\336\n\317\201\355\007b0\201\3458\364n\301sY\342\023\243<\353\013\003""; }; requestCookie: 5; ","ledgerHash: ""\025[ d(\343\263\327\177\030\246\254H\277\254E\231\006\033_lB\210\264\334Y\322\314\362\320L\000""; ledgerSeq: 42; type: liBASE; nodes {;   nodedata: ""\000\000\000*\001cEx]\211\377\330\220\303+\207\352g\317N\027>\222M\271m\033\236\021:\272\233r\373\233hC}\256\020\210\010\233\335\000\000\000\000\000\000\000\000\000\000\000\000\000\000\000\000\000\000\000\000\000\000\000\000\000\000\000\000\000\000\000\000\005\261\266v\374v\352\246\235\231*LY\263\2579H\027N\332Q\317\273\352Y@)i\312\273\267\003/\351\253./\351\253/\n\000""; }; nodes {;   nodedata: ""\323C\344\327\264{\312-\017:\006{\177\344N\002\326bO\260\220\006\033\362\345\005U\221DzJ0\001\301\025%1L\307\t\261\262z\374\222T\301\274V\236\223\262\270Ct\362\337b\356\024*\324\320\351\317\002k\336\234\027v\351\217\260\303\360\233ZPZWr\246$w\313\313\r\243r\232\2234\373\3539:N\004Q\245\272D\312D\300\300\t\323\0257\345e\271\na\215{\226\255x%T\257\037\333\004\344_/R\006E\344\037@\210\363\010\336T\226\247'\204_{\261\370""1\235\2445\343\033Y!\212\201\341\272\225'\007\335q\346\257\334t\020\344\301\214x\336\n\317\201\355\007b0\201\3458\364n\301sY\342\023\243<\353\013\003""; }; requestCookie: 5; "
1750527666517,1750527666517,0,1,3,1,TMLedgerData,"ledgerHash: ""\025[ d(\343\263\327\177\030\246\254H\277\254E\231\006\033_lB\210\264\334Y\322\314\362\320L\000""; ledgerSeq: 42; type: liBASE; nodes {;   nodedata: ""\000\000\000*\001cEx]\211\377\330\220\303+\207\352g\317N\027>\222M\271m\033\236\021:\272\233r\373\233hC}\256\020\210\010\233\335\000\000\000\000\000\000\000\000\000\000\000\000\000\000\000\000\000\000\000\000\000\000\000\000\000\000\000\000\000\000\000\000\005\261\266v\374v\352\246\235\231*LY\263\2579H\027N\332Q\317\273\352Y@)i\312\273\267\003/\351\253./\351\253/\n\000""; }; nodes {;   nodedata: ""\323C\344\327\264{\312-\017:\006{\177\344N\002\326bO\260\220\006\033\362\345\005U\221DzJ0\001\301\025%1L\307\t\261\262z\374\222T\301\274V\236\223\262\270Ct\362\337b\356\024*\324\320\351\317\002k\336\234\027v\351\217\260\303\360\233ZPZWr\246$w\313\313\r\243r\232\2234\373\3539:N\004Q\245\272D\312D\300\300\t\323\0257\345e\271\na\215{\226\255x%T\257\037\333\004\344_/R\006E\344\037@\210\363\010\336T\226\247'\204_{\261\370""1\235\2445\343\033Y!\212\201\341\272\225'\007\335q\346\257\334t\020\344\301\214x\336\n\317\201\355\007b0\201\3458\364n\301sY\342\023\243<\353\013\003""; }; requestCookie: 2; ","ledgerHash: ""\025[ d(\343\263\327\177\030\246\254H\277\254E\231\006\033_lB\210\264\334Y\322\314\362\320L\000""; ledgerSeq: 42; type: liBASE; nodes {;   nodedata: ""\000\000\000*\001cEx]\211\377\330\220\303+\207\352g\317N\027>\222M\271m\033\236\021:\272\233r\373\233hC}\256\020\210\010\233\335\000\000\000\000\000\000\000\000\000\000\000\000\000\000\000\000\000\000\000\000\000\000\000\000\000\000\000\000\000\000\000\000\005\261\266v\374v\352\246\235\231*LY\263\2579H\027N\332Q\317\273\352Y@)i\312\273\267\003/\351\253./\351\253/\n\000""; }; nodes {;   nodedata: ""\323C\344\327\264{\312-\017:\006{\177\344N\002\326bO\260\220\006\033\362\345\005U\221DzJ0\001\301\025%1L\307\t\261\262z\374\222T\301\274V\236\223\262\270Ct\362\337b\356\024*\324\320\351\317\002k\336\234\027v\351\217\260\303\360\233ZPZWr\246$w\313\313\r\243r\232\2234\373\3539:N\004Q\245\272D\312D\300\300\t\323\0257\345e\271\na\215{\226\255x%T\257\037\333\004\344_/R\006E\344\037@\210\363\010\336T\226\247'\204_{\261\370""1\235\2445\343\033Y!\212\201\341\272\225'\007\335q\346\257\334t\020\344\301\214x\336\n\317\201\355\007b0\201\3458\364n\301sY\342\023\243<\353\013\003""; }; requestCookie: 2; "
1750527666517,1750527666517,0,1,3,1,TMLedgerData,"ledgerHash: ""\025[ d(\343\263\327\177\030\246\254H\277\254E\231\006\033_lB\210\264\334Y\322\314\362\320L\000""; ledgerSeq: 42; type: liBASE; nodes {;   nodedata: ""\000\000\000*\001cEx]\211\377\330\220\303+\207\352g\317N\027>\222M\271m\033\236\021:\272\233r\373\233hC}\256\020\210\010\233\335\000\000\000\000\000\000\000\000\000\000\000\000\000\000\000\000\000\000\000\000\000\000\000\000\000\000\000\000\000\000\000\000\005\261\266v\374v\352\246\235\231*LY\263\2579H\027N\332Q\317\273\352Y@)i\312\273\267\003/\351\253./\351\253/\n\000""; }; nodes {;   nodedata: ""\323C\344\327\264{\312-\017:\006{\177\344N\002\326bO\260\220\006\033\362\345\005U\221DzJ0\001\301\025%1L\307\t\261\262z\374\222T\301\274V\236\223\262\270Ct\362\337b\356\024*\324\320\351\317\002k\336\234\027v\351\217\260\303\360\233ZPZWr\246$w\313\313\r\243r\232\2234\373\3539:N\004Q\245\272D\312D\300\300\t\323\0257\345e\271\na\215{\226\255x%T\257\037\333\004\344_/R\006E\344\037@\210\363\010\336T\226\247'\204_{\261\370""1\235\2445\343\033Y!\212\201\341\272\225'\007\335q\346\257\334t\020\344\301\214x\336\n\317\201\355\007b0\201\3458\364n\301sY\342\023\243<\353\013\003""; }; requestCookie: 3; ","ledgerHash: ""\025[ d(\343\263\327\177\030\246\254H\277\254E\231\006\033_lB\210\264\334Y\322\314\362\320L\000""; ledgerSeq: 42; type: liBASE; nodes {;   nodedata: ""\000\000\000*\001cEx]\211\377\330\220\303+\207\352g\317N\027>\222M\271m\033\236\021:\272\233r\373\233hC}\256\020\210\010\233\335\000\000\000\000\000\000\000\000\000\000\000\000\000\000\000\000\000\000\000\000\000\000\000\000\000\000\000\000\000\000\000\000\005\261\266v\374v\352\246\235\231*LY\263\2579H\027N\332Q\317\273\352Y@)i\312\273\267\003/\351\253./\351\253/\n\000""; }; nodes {;   nodedata: ""\323C\344\327\264{\312-\017:\006{\177\344N\002\326bO\260\220\006\033\362\345\005U\221DzJ0\001\301\025%1L\307\t\261\262z\374\222T\301\274V\236\223\262\270Ct\362\337b\356\024*\324\320\351\317\002k\336\234\027v\351\217\260\303\360\233ZPZWr\246$w\313\313\r\243r\232\2234\373\3539:N\004Q\245\272D\312D\300\300\t\323\0257\345e\271\na\215{\226\255x%T\257\037\333\004\344_/R\006E\344\037@\210\363\010\336T\226\247'\204_{\261\370""1\235\2445\343\033Y!\212\201\341\272\225'\007\335q\346\257\334t\020\344\301\214x\336\n\317\201\355\007b0\201\3458\364n\301sY\342\023\243<\353\013\003""; }; requestCookie: 3; "
1750527666518,1750527666518,0,1,4,2,TMLedgerData,"ledgerHash: ""\025[ d(\343\263\327\177\030\246\254H\277\254E\231\006\033_lB\210\264\334Y\322\314\362\320L\000""; ledgerSeq: 42; type: liBASE; nodes {;   nodedata: ""\000\000\000*\001cEx]\211\377\330\220\303+\207\352g\317N\027>\222M\271m\033\236\021:\272\233r\373\233hC}\256\020\210\010\233\335\000\000\000\000\000\000\000\000\000\000\000\000\000\000\000\000\000\000\000\000\000\000\000\000\000\000\000\000\000\000\000\000\005\261\266v\374v\352\246\235\231*LY\263\2579H\027N\332Q\317\273\352Y@)i\312\273\267\003/\351\253./\351\253/\n\000""; }; nodes {;   nodedata: ""\323C\344\327\264{\312-\017:\006{\177\344N\002\326bO\260\220\006\033\362\345\005U\221DzJ0\001\301\025%1L\307\t\261\262z\374\222T\301\274V\236\223\262\270Ct\362\337b\356\024*\324\320\351\317\002k\336\234\027v\351\217\260\303\360\233ZPZWr\246$w\313\313\r\243r\232\2234\373\3539:N\004Q\245\272D\312D\300\300\t\323\0257\345e\271\na\215{\226\255x%T\257\037\333\004\344_/R\006E\344\037@\210\363\010\336T\226\247'\204_{\261\370""1\235\2445\343\033Y!\212\201\341\272\225'\007\335q\346\257\334t\020\344\301\214x\336\n\317\201\355\007b0\201\3458\364n\301sY\342\023\243<\353\013\003""; }; ","ledgerHash: ""\025[ d(\343\263\327\177\030\246\254H\277\254E\231\006\033_lB\210\264\334Y\322\314\362\320L\000""; ledgerSeq: 42; type: liBASE; nodes {;   nodedata: ""\000\000\000*\001cEx]\211\377\330\220\303+\207\352g\317N\027>\222M\271m\033\236\021:\272\233r\373\233hC}\256\020\210\010\233\335\000\000\000\000\000\000\000\000\000\000\000\000\000\000\000\000\000\000\000\000\000\000\000\000\000\000\000\000\000\000\000\000\005\261\266v\374v\352\246\235\231*LY\263\2579H\027N\332Q\317\273\352Y@)i\312\273\267\003/\351\253./\351\253/\n\000""; }; nodes {;   nodedata: ""\323C\344\327\264{\312-\017:\006{\177\344N\002\326bO\260\220\006\033\362\345\005U\221DzJ0\001\301\025%1L\307\t\261\262z\374\222T\301\274V\236\223\262\270Ct\362\337b\356\024*\324\320\351\317\002k\336\234\027v\351\217\260\303\360\233ZPZWr\246$w\313\313\r\243r\232\2234\373\3539:N\004Q\245\272D\312D\300\300\t\323\0257\345e\271\na\215{\226\255x%T\257\037\333\004\344_/R\006E\344\037@\210\363\010\336T\226\247'\204_{\261\370""1\235\2445\343\033Y!\212\201\341\272\225'\007\335q\346\257\334t\020\344\301\214x\336\n\317\201\355\007b0\201\3458\364n\301sY\342\023\243<\353\013\003""; }; "
1750527666518,1750527666519,0,1,3,1,TMLedgerData,"ledgerHash: ""\025[ d(\343\263\327\177\030\246\254H\277\254E\231\006\033_lB\210\264\334Y\322\314\362\320L\000""; ledgerSeq: 42; type: liAS_NODE; nodes {;   nodedata: ""\021\000h""\000\000\000\000 \033\000\000\000)\002\023\305\177\330\356GuH\375\327!\255\371\r\231\262R\256J\034\222\241\355X\265E\241^W\225\304\014\361CX-}\351f\032\255\274\334m\326c\017\014ao[\342\230\003\245\245\3341Hm\326^\017jy\335\261\032Yt\320\244{g\0306\\302\303*\341\215\223\257\364\277o\375\000r\241SOq\221\253\262\005\017\375T\356\014\360o'\030\311-\267\031\257!\031T\006><\315XM\334\324\345\034\000\325\367\240\271\013\265\024\321\362\354\211\250.\234s\225amc\305\035\366\276\037nD\277`\210\223N\3535\033\261\304f\331]\036\237\306o!\223\221\002\324\031\262\240R\177 ,\214\325\Q])\016\2067\277\t\354\010\000\360\215\2502\265\245\310\226\243c\302Ze\306\253#r\020\211\320iG\276\020E\317\035Sf\223F\254\033@\177e\277\016\010u\327\371&\262\312\317Q\2361t\377x\234\001v\003%\030\325_\225g\204\346a=\225\273\331\354\365*U\363\263N\367b\371\244\314-w\363\262\225Z\200\206\235\233\257?sE\2674\254\326mU\377?\177Ek\336\030!\316Aa\225\303\022\377{\210Y\226\271as\354L\035\004\341\361\035\301\024\220m#*\372\032\3178~\374\250\014*\323\342'z69\220\327\256\351G\367\317u\302\207\270b\315\333\333\334\310I\323&\014\352XZnW2.\335\347\202\021\247\362\212e\034\000\001\250\220\305;a\314\265R\310\017\317\331\235\360\262\240:\277\202\266\354\265X""\022\nh\252\352w\204\203\023]\001f\352\277\0031Q]\362\370R\350{\261\202\240\344\215\201\353\276\322p5p\350\354\017>\250r\241c\273\016\301\024\363\242\247\263\231\370\344\nBW\220K\316@3\243\200\036wk\253GSlU\010\360\231>\331\263H\214\324\030A\225\301o\346pkSF\004\241\213w9\223=\250\262*+\255\351r\265\244c\024\213\t\007`\223\325#\3477\210\345P\306\013\320\252[\0216+\227=`\371P\314\346 V7\271[~\n\237\274|\347\352@K\253~&\260\032\024\004B\200\255h\351\013\361\031:nG\211\005|\2003\266\274\251,W\006u\344\335d\003\306\212\313,\340\350bG\n\030Z\2732-\246\312\255\030\003\235207\005}D\260\0261ah\322M\304\216\273m0\271\234\237\007<w$\265C\245\232\033\023\313c\321B\032l\301h\005\320\252\301\361(\330[\343\357\343{\235\n\266g\272>\177\317\347\261qb&\270&\346ju\200\363N\320\307\004\034\001n\317\361\2653\254\2503\247\305\372\316W\022O\253x\250\025\373\247\354Tc\304\263\243^\352Gv\\264\261\r\035\226\306\2411\351\233\203\215\200$\231\300f\220\371c@\017\254\363\\371\340\340VaR\205~^\226\342t\360\022\204d\231\205)\272\364?\361!\334\331\315\254\230\rBG\314\023\246\244=\351\177\254\302b&\276+H;0\312\021&\275\036\237\350R\313\206R\331\304k\323u\263t\221\213yC\241\217A\242\027g\322\241'\212.E?B_\316\327\217J +\370\t^b\005\020\003\211\373\247|hC\271Nmk~J\270EU\274\036-\347\240\312FA\321\341bca\253\025\321\311\317\021\375\317\217\n\272\033o\353G>\275\361H\265\240\232um""\317\324`\214\221\314\000\211K\223+(""\200i \311\372g\254\343ZR0\224\275q\252\357\213\263\206N\357&Q\217\267\303\356I\236\357\264\311b\037\366\035\253\343\311\265\240\327q\206f\262ODi\215-\363>\034\236l\273\005G\316F\217}[\036\007\270:\260\335\271B\241N\345\330\204\327f\361\272Kb\0377p\334\264\237\177~\330]\252+:\317u\302h\n\351\n\364\231\277R\371\356\033y\265v\360Ny\246\332qY\262\231\251\n\305\334\202\305\362\n\367@k\231\016R:\327\242\366\242\253LZY\223$Gw^\203\302\311\316I7\371tTwp}\005|\372\214\251{R`\230V\244-\326I\351\255\325i\335\377\321\353\327\331\302\023\347y\016\263\271\317\306\017UV\314qu?\0064A\315{3D\010\016S\212\2353k0\361\214ID\303g\277\010Y_\001~\021\333\370\255\374\\331\306\255\336)\365Rth\024\t\300.M\315\321S\257\224\252\362\326P\316\303%nX\3742\333\036\004Y\264yG^\234\177\214\305q\237\274G\300a4\275\240s\215\222\210\016\020G\344=-:GK\312\035\271\201\350\376F\260G\347\000\235\365P6pmH\033\373\212c\377o\232\356\320D\002\277,]os{\354/?\312e\006wda\001\023\375\316\025\254\321\244\370+Y`\220\270\254\2601E[FI\310\235<qI \356\032v%\001\230\016\203\200\251UD\347\304\373\034\211\340@\342\033\263\365\356\341\357\350\324\035J\032\177\230\207\220\303+\207\352g\317N\027>\222M\271m\033\236\021:\272\233r\373\233hC}\256\020\210\010\233\335\264\227\2326\315\307\363\323\325\303\032N\256*\307\327 \235\332\207u\210\271\257\306g\231i*\260\326k\001"";   nodeid: ""\260\000\000\000\000\000\000\000\000\000\000\000\000\000\000\000\000\000\000\000\000\000\000\000\000\000\000\000\000\000\000\000\001""; }; ","ledgerHash: ""\025[ d(\343\263\327\177\030\246\254H\277\254E\231\006\033_lB\210\264\334Y\322\314\362\320L\000""; ledgerSeq: 42; type: liAS_NODE; nodes {;   nodedata: ""\021\000h""\000\000\000\000 \033\000\000\000)\002\023\305\177\330\356GuH\375\327!\255\371\r\231\262R\256J\034\222\241\355X\265E\241^W\225\304\014\361CX-}\351f\032\255\274\334m\326c\017\014ao[\342\230\003\245\245\3341Hm\326^\017jy\335\261\032Yt\320\244{g\0306\\302\303*\341\215\223\257\364\277o\375\000r\241SOq\221\253\262\005\017\375T\356\014\360o'\030\311-\267\031\257!\031T\006><\315XM\334\324\345\034\000\325\367\240\271\013\265\024\321\362\354\211\250.\234s\225amc\305\035\366\276\037nD\277`\210\223N\3535\033\261\304f\331]\036\237\306o!\223\221\002\324\031\262\240R\177 ,\214\325\Q])\016\2067\277\t\354\010\000\360\215\2502\265\245\310\226\243c\302Ze\306\253#r\020\211\320iG\276\020E\317\035Sf\223F\254\033@\177e\277\016\010u\327\371&\262\312\317Q\2361t\377x\234\001v\003%\030\325_\225g\204\346a=\225\273\331\354\365*U\363\263N\367b\371\244\314-w\363\262\225Z\200\206\235\233\257?sE\2674\254\326mU\377?\177Ek\336\030!\316Aa\225\303\022\377{\210Y\226\271as\354L\035\004\341\361\035\301\024\220m#*\372\032\3178~\374\250\014*\323\342'z69\220\327\256\351G\367\317u\302\207\270b\315\333\333\334\310I\323&\014\352XZnW2.\335\347\202\021\247\362\212e\034\000\001\250\220\305;a\314\265R\310\017\317\331\235\360\262\240:\277\202\266\354\265X""\022\nh\252\352w\204\203\023]\001f\352\277\0031Q]\362\370R\350{\261\202\240\344\215\201\353\276\322p5p\350\354\017>\250r\241c\273\016\301\024\363\242\247\263\231\370\344\nBW\220K\316@3\243\200\036wk\253GSlU\010\360\231>\331\263H\214\324\030A\225\301o\346pkSF\004\241\213w9\223=\250\262*+\255\351r\265\244c\024\213\t\007`\223\325#\3477\210\345P\306\013\320\252[\0216+\227=`\371P\314\346 V7\271[~\n\237\274|\347\352@K\253~&\260\032\024\004B\200\255h\351\013\361\031:nG\211\005|\2003\266\274\251,W\006u\344\335d\003\306\212\313,\340\350bG\n\030Z\2732-\246\312\255\030\003\235207\005}D\260\0261ah\322M\304\216\273m0\271\234\237\007<w$\265C\245\232\033\023\313c\321B\032l\301h\005\320\252\301\361(\330[\343\357\343{\235\n\266g\272>\177\317\347\261qb&\270&\346ju\200\363N\320\307\004\034\001n\317\361\2653\254\2503\247\305\372\316W\022O\253x\250\025\373\247\354Tc\304\263\243^\352Gv\\264\261\r\035\226\306\2411\351\233\203\215\200$\231\300f\220\371c@\017\254\363\\371\340\340VaR\205~^\226\342t\360\022\204d\231\205)\272\364?\361!\334\331\315\254\230\rBG\314\023\246\244=\351\177\254\302b&\276+H;0\312\021&\275\036\237\350R\313\206R\331\304k\323u\263t\221\213yC\241\217A\242\027g\322\241'\212.E?B_\316\327\217J +\370\t^b\005\020\003\211\373\247|hC\271Nmk~J\270EU\274\036-\347\240\312FA\321\341bca\253\025\321\311\317\021\375\317\217\n\272\033o\353G>\275\361H\265\240\232um""\317\324`\214\221\314\000\211K\223+(""\200i \311\372g\254\343ZR0\224\275q\252\357\213\263\206N\357&Q\217\267\303\356I\236\357\264\311b\037\366\035\253\343\311\265\240\327q\206f\262ODi\215-\363>\034\236l\273\005G\316F\217}[\036\007\270:\260\335\271B\241N\345\330\204\327f\361\272Kb\0377p\334\264\237\177~\330]\252+:\317u\302h\n\351\n\364\231\277R\371\356\033y\265v\360Ny\246\332qY\262\231\251\n\305\334\202\305\362\n\367@k\231\016R:\327\242\366\242\253LZY\223$Gw^\203\302\311\316I7\371tTwp}\005|\372\214\251{R`\230V\244-\326I\351\255\325i\335\377\321\353\327\331\302\023\347y\016\263\271\317\306\017UV\314qu?\0064A\315{3D\010\016S\212\2353k0\361\214ID\303g\277\010Y_\001~\021\333\370\255\374\\331\306\255\336)\365Rth\024\t\300.M\315\321S\257\224\252\362\326P\316\303%nX\3742\333\036\004Y\264yG^\234\177\214\305q\237\274G\300a4\275\240s\215\222\210\016\020G\344=-:GK\312\035\271\201\350\376F\260G\347\000\235\365P6pmH\033\373\212c\377o\232\356\320D\002\277,]os{\354/?\312e\006wda\001\023\375\316\025\254\321\244\370+Y`\220\270\254\2601E[FI\310\235<qI \356\032v%\001\230\016\203\200\251UD\347\304\373\034\211\340@\342\033\263\365\356\341\357\350\324\035J\032\177\230\207\220\303+\207\352g\317N\027>\222M\271m\033\236\021:\272\233r\373\233hC}\256\020\210\010\233\335\264\227\2326\315\307\363\323\325\303\032N\256*\307\327 \235\332\207u\210\271\257\306g\231i*\260\326k\001"";   nodeid: ""\260\000\000\000\000\000\000\000\000\000\000\000\000\000\000\000\000\000\000\000\000\000\000\000\000\000\000\000\000\000\000\000\001""; }; "
1750527666519,1750527666520,0,1,3,0,TMLedgerData,"ledgerHash: ""\025[ d(\343\263\327\177\030\246\254H\277\254E\231\006\033_lB\210\264\334Y\322\314\362\320L\000""; ledgerSeq: 42; type: liAS_NODE; nodes {;   nodedata: ""\021\000h""\000\000\000\000 \033\000\000\000)\002\023\305\177\330\356GuH\375\327!\255\371\r\231\262R\256J\034\222\241\355X\265E\241^W\225\304\014\361CX-}\351f\032\255\274\334m\326c\017\014ao[\342\230\003\245\245\3341Hm\326^\017jy\335\261\032Yt\320\244{g\0306\\302\303*\341\215\223\257\364\277o\375\000r\241SOq\221\253\262\005\017\375T\356\014\360o'\030\311-\267\031\257!\031T\006><\315XM\334\324\345\034\000\325\367\240\271\013\265\024\321\362\354\211\250.\234s\225amc\305\035\366\276\037nD\277`\210\223N\3535\033\261\304f\331]\036\237\306o!\223\221\002\324\031\262\240R\177 ,\214\325\Q])\016\2067\277\t\354\010\000\360\215\2502\265\245\310\226\243c\302Ze\306\253#r\020\211\320iG\276\020E\317\035Sf\223F\254\033@\177e\277\016\010u\327\371&\262\312\317Q\2361t\377x\234\001v\003%\030\325_\225g\204\346a=\225\273\331\354\365*U\363\263N\367b\371\244\314-w\363\262\225Z\200\206\235\233\257?sE\2674\254\326mU\377?\177Ek\336\030!\316Aa\225\303\022\377{\210Y\226\271as\354L\035\004\341\361\035\301\024\220m#*\372\032\3178~\374\250\014*\323\342'z69\220\327\256\351G\367\317u\302\207\270b\315\333\333\334\310I\323&\014\352XZnW2.\335\347\202\021\247\362\212e\034\000\001\250\220\305;a\314\265R\310\017\317\331\235\360\262\240:\277\202\266\354\265X""\022\nh\252\352w\204\203\023]\001f\352\277\0031Q]\362\370R\350{\261\202\240\344\215\201\353\276\322p5p\350\354\017>\250r\241c\273\016\301\024\363\242\247\263\231\370\344\nBW\220K\316@3\243\200\036wk\253GSlU\010\360\231>\331\263H\214\324\030A\225\301o\346pkSF\004\241\213w9\223=\250\262*+\255\351r\265\244c\024\213\t\007`\223\325#\3477\210\345P\306\013\320\252[\0216+\227=`\371P\314\346 V7\271[~\n\237\274|\347\352@K\253~&\260\032\024\004B\200\255h\351\013\361\031:nG\211\005|\2003\266\274\251,W\006u\344\335d\003\306\212\313,\340\350bG\n\030Z\2732-\246\312\255\030\003\235207\005}D\260\0261ah\322M\304\216\273m0\271\234\237\007<w$\265C\245\232\033\023\313c\321B\032l\301h\005\320\252\301\361(\330[\343\357\343{\235\n\266g\272>\177\317\347\261qb&\270&\346ju\200\363N\320\307\004\034\001n\317\361\2653\254\2503\247\305\372\316W\022O\253x\250\025\373\247\354Tc\304\263\243^\352Gv\\264\261\r\035\226\306\2411\351\233\203\215\200$\231\300f\220\371c@\017\254\363\\371\340\340VaR\205~^\226\342t\360\022\204d\231\205)\272\364?\361!\334\331\315\254\230\rBG\314\023\246\244=\351\177\254\302b&\276+H;0\312\021&\275\036\237\350R\313\206R\331\304k\323u\263t\221\213yC\241\217A\242\027g\322\241'\212.E?B_\316\327\217J +\370\t^b\005\020\003\211\373\247|hC\271Nmk~J\270EU\274\036-\347\240\312FA\321\341bca\253\025\321\311\317\021\375\317\217\n\272\033o\353G>\275\361H\265\240\232um""\317\324`\214\221\314\000\211K\223+(""\200i \311\372g\254\343ZR0\224\275q\252\357\213\263\206N\357&Q\217\267\303\356I\236\357\264\311b\037\366\035\253\343\311\265\240\327q\206f\262ODi\215-\363>\034\236l\273\005G\316F\217}[\036\007\270:\260\335\271B\241N\345\330\204\327f\361\272Kb\0377p\334\264\237\177~\330]\252+:\317u\302h\n\351\n\364\231\277R\371\356\033y\265v\360Ny\246\332qY\262\231\251\n\305\334\202\305\362\n\367@k\231\016R:\327\242\366\242\253LZY\223$Gw^\203\302\311\316I7\371tTwp}\005|\372\214\251{R`\230V\244-\326I\351\255\325i\335\377\321\353\327\331\302\023\347y\016\263\271\317\306\017UV\314qu?\0064A\315{3D\010\016S\212\2353k0\361\214ID\303g\277\010Y_\001~\021\333\370\255\374\\331\306\255\336)\365Rth\024\t\300.M\315\321S\257\224\252\362\326P\316\303%nX\3742\333\036\004Y\264yG^\234\177\214\305q\237\274G\300a4\275\240s\215\222\210\016\020G\344=-:GK\312\035\271\201\350\376F\260G\347\000\235\365P6pmH\033\373\212c\377o\232\356\320D\002\277,]os{\354/?\312e\006wda\001\023\375\316\025\254\321\244\370+Y`\220\270\254\2601E[FI\310\235<qI \356\032v%\001\230\016\203\200\251UD\347\304\373\034\211\340@\342\033\263\365\356\341\357\350\324\035J\032\177\230\207\220\303+\207\352g\317N\027>\222M\271m\033\236\021:\272\233r\373\233hC}\256\020\210\010\233\335\264\227\2326\315\307\363\323\325\303\032N\256*\307\327 \235\332\207u\210\271\257\306g\231i*\260\326k\001"";   nodeid: ""\260\000\000\000\000\000\000\000\000\000\000\000\000\000\000\000\000\000\000\000\000\000\000\000\000\000\000\000\000\000\000\000\001""; }; ","ledgerHash: ""\025[ d(\343\263\327\177\030\246\254H\277\254E\231\006\033_lB\210\264\334Y\322\314\362\320L\000""; ledgerSeq: 42; type: liAS_NODE; nodes {;   nodedata: ""\021\000h""\000\000\000\000 \033\000\000\000)\002\023\305\177\330\356GuH\375\327!\255\371\r\231\262R\256J\034\222\241\355X\265E\241^W\225\304\014\361CX-}\351f\032\255\274\334m\326c\017\014ao[\342\230\003\245\245\3341Hm\326^\017jy\335\261\032Yt\320\244{g\0306\\302\303*\341\215\223\257\364\277o\375\000r\241SOq\221\253\262\005\017\375T\356\014\360o'\030\311-\267\031\257!\031T\006><\315XM\334\324\345\034\000\325\367\240\271\013\265\024\321\362\354\211\250.\234s\225amc\305\035\366\276\037nD\277`\210\223N\3535\033\261\304f\331]\036\237\306o!\223\221\002\324\031\262\240R\177 ,\214\325\Q])\016\2067\277\t\354\010\000\360\215\2502\265\245\310\226\243c\302Ze\306\253#r\020\211\320iG\276\020E\317\035Sf\223F\254\033@\177e\277\016\010u\327\371&\262\312\317Q\2361t\377x\234\001v\003%\030\325_\225g\204\346a=\225\273\331\354\365*U\363\263N\367b\371\244\314-w\363\262\225Z\200\206\235\233\257?sE\2674\254\326mU\377?\177Ek\336\030!\316Aa\225\303\022\377{\210Y\226\271as\354L\035\004\341\361\035\301\024\220m#*\372\032\3178~\374\250\014*\323\342'z69\220\327\256\351G\367\317u\302\207\270b\315\333\333\334\310I\323&\014\352XZnW2.\335\347\202\021\247\362\212e\034\000\001\250\220\305;a\314\265R\310\017\317\331\235\360\262\240:\277\202\266\354\265X""\022\nh\252\352w\204\203\023]\001f\352\277\0031Q]\362\370R\350{\261\202\240\344\215\201\353\276\322p5p\350\354\017>\250r\241c\273\016\301\024\363\242\247\263\231\370\344\nBW\220K\316@3\243\200\036wk\253GSlU\010\360\231>\331\263H\214\324\030A\225\301o\346pkSF\004\241\213w9\223=\250\262*+\255\351r\265\244c\024\213\t\007`\223\325#\3477\210\345P\306\013\320\252[\0216+\227=`\371P\314\346 V7\271[~\n\237\274|\347\352@K\253~&\260\032\024\004B\200\255h\351\013\361\031:nG\211\005|\2003\266\274\251,W\006u\344\335d\003\306\212\313,\340\350bG\n\030Z\2732-\246\312\255\030\003\235207\005}D\260\0261ah\322M\304\216\273m0\271\234\237\007<w$\265C\245\232\033\023\313c\321B\032l\301h\005\320\252\301\361(\330[\343\357\343{\235\n\266g\272>\177\317\347\261qb&\270&\346ju\200\363N\320\307\004\034\001n\317\361\2653\254\2503\247\305\372\316W\022O\253x\250\025\373\247\354Tc\304\263\243^\352Gv\\264\261\r\035\226\306\2411\351\233\203\215\200$\231\300f\220\371c@\017\254\363\\371\340\340VaR\205~^\226\342t\360\022\204d\231\205)\272\364?\361!\334\331\315\254\230\rBG\314\023\246\244=\351\177\254\302b&\276+H;0\312\021&\275\036\237\350R\313\206R\331\304k\323u\263t\221\213yC\241\217A\242\027g\322\241'\212.E?B_\316\327\217J +\370\t^b\005\020\003\211\373\247|hC\271Nmk~J\270EU\274\036-\347\240\312FA\321\341bca\253\025\321\311\317\021\375\317\217\n\272\033o\353G>\275\361H\265\240\232um""\317\324`\214\221\314\000\211K\223+(""\200i \311\372g\254\343ZR0\224\275q\252\357\213\263\206N\357&Q\217\267\303\356I\236\357\264\311b\037\366\035\253\343\311\265\240\327q\206f\262ODi\215-\363>\034\236l\273\005G\316F\217}[\036\007\270:\260\335\271B\241N\345\330\204\327f\361\272Kb\0377p\334\264\237\177~\330]\252+:\317u\302h\n\351\n\364\231\277R\371\356\033y\265v\360Ny\246\332qY\262\231\251\n\305\334\202\305\362\n\367@k\231\016R:\327\242\366\242\253LZY\223$Gw^\203\302\311\316I7\371tTwp}\005|\372\214\251{R`\230V\244-\326I\351\255\325i\335\377\321\353\327\331\302\023\347y\016\263\271\317\306\017UV\314qu?\0064A\315{3D\010\016S\212\2353k0\361\214ID\303g\277\010Y_\001~\021\333\370\255\374\\331\306\255\336)\365Rth\024\t\300.M\315\321S\257\224\252\362\326P\316\303%nX\3742\333\036\004Y\264yG^\234\177\214\305q\237\274G\300a4\275\240s\215\222\210\016\020G\344=-:GK\312\035\271\201\350\376F\260G\347\000\235\365P6pmH\033\373\212c\377o\232\356\320D\002\277,]os{\354/?\312e\006wda\001\023\375\316\025\254\321\244\370+Y`\220\270\254\2601E[FI\310\235<qI \356\032v%\001\230\016\203\200\251UD\347\304\373\034\211\340@\342\033\263\365\356\341\357\350\324\035J\032\177\230\207\220\303+\207\352g\317N\027>\222M\271m\033\236\021:\272\233r\373\233hC}\256\020\210\010\233\335\264\227\2326\315\307\363\323\325\303\032N\256*\307\327 \235\332\207u\210\271\257\306g\231i*\260\326k\001"";   nodeid: ""\260\000\000\000\000\000\000\000\000\000\000\000\000\000\000\000\000\000\000\000\000\000\000\000\000\000\000\000\000\000\000\000\001""; }; "
1750527666520,1750527666520,0,1,3,0,TMLedgerData,"ledgerHash: ""\025[ d(\343\263\327\177\030\246\254H\277\254E\231\006\033_lB\210\264\334Y\322\314\362\320L\000""; ledgerSeq: 42; type: liBASE; nodes {;   nodedata: ""\000\000\000*\001cEx]\211\377\330\220\303+\207\352g\317N\027>\222M\271m\033\236\021:\272\233r\373\233hC}\256\020\210\010\233\335\000\000\000\000\000\000\000\000\000\000\000\000\000\000\000\000\000\000\000\000\000\000\000\000\000\000\000\000\000\000\000\000\005\261\266v\374v\352\246\235\231*LY\263\2579H\027N\332Q\317\273\352Y@)i\312\273\267\003/\351\253./\351\253/\n\000""; }; nodes {;   nodedata: ""\323C\344\327\264{\312-\017:\006{\177\344N\002\326bO\260\220\006\033\362\345\005U\221DzJ0\001\301\025%1L\307\t\261\262z\374\222T\301\274V\236\223\262\270Ct\362\337b\356\024*\324\320\351\317\002k\336\234\027v\351\217\260\303\360\233ZPZWr\246$w\313\313\r\243r\232\2234\373\3539:N\004Q\245\272D\312D\300\300\t\323\0257\345e\271\na\215{\226\255x%T\257\037\333\004\344_/R\006E\344\037@\210\363\010\336T\226\247'\204_{\261\370""1\235\2445\343\033Y!\212\201\341\272\225'\007\335q\346\257\334t\020\344\301\214x\336\n\317\201\355\007b0\201\3458\364n\301sY\342\023\243<\353\013\003""; }; requestCookie: 2; ","ledgerHash: ""\025[ d(\343\263\327\177\030\246\254H\277\254E\231\006\033_lB\210\264\334Y\322\314\362\320L\000""; ledgerSeq: 42; type: liBASE; nodes {;   nodedata: ""\000\000\000*\001cEx]\211\377\330\220\303+\207\352g\317N\027>\222M\271m\033\236\021:\272\233r\373\233hC}\256\020\210\010\233\335\000\000\000\000\000\000\000\000\000\000\000\000\000\000\000\000\000\000\000\000\000\000\000\000\000\000\000\000\000\000\000\000\005\261\266v\374v\352\246\235\231*LY\263\2579H\027N\332Q\317\273\352Y@)i\312\273\267\003/\351\253./\351\253/\n\000""; }; nodes {;   nodedata: ""\323C\344\327\264{\312-\017:\006{\177\344N\002\326bO\260\220\006\033\362\345\005U\221DzJ0\001\301\025%1L\307\t\261\262z\374\222T\301\274V\236\223\262\270Ct\362\337b\356\024*\324\320\351\317\002k\336\234\027v\351\217\260\303\360\233ZPZWr\246$w\313\313\r\243r\232\2234\373\3539:N\004Q\245\272D\312D\300\300\t\323\0257\345e\271\na\215{\226\255x%T\257\037\333\004\344_/R\006E\344\037@\210\363\010\336T\226\247'\204_{\261\370""1\235\2445\343\033Y!\212\201\341\272\225'\007\335q\346\257\334t\020\344\301\214x\336\n\317\201\355\007b0\201\3458\364n\301sY\342\023\243<\353\013\003""; }; requestCookie: 2; "
1750527666521,1750527666521,0,1,4,0,TMLedgerData,"ledgerHash: ""\025[ d(\343\263\327\177\030\246\254H\277\254E\231\006\033_lB\210\264\334Y\322\314\362\320L\000""; ledgerSeq: 42; type: liBASE; nodes {;   nodedata: ""\000\000\000*\001cEx]\211\377\330\220\303+\207\352g\317N\027>\222M\271m\033\236\021:\272\233r\373\233hC}\256\020\210\010\233\335\000\000\000\000\000\000\000\000\000\000\000\000\000\000\000\000\000\000\000\000\000\000\000\000\000\000\000\000\000\000\000\000\005\261\266v\374v\352\246\235\231*LY\263\2579H\027N\332Q\317\273\352Y@)i\312\273\267\003/\351\253./\351\253/\n\000""; }; nodes {;   nodedata: ""\323C\344\327\264{\312-\017:\006{\177\344N\002\326bO\260\220\006\033\362\345\005U\221DzJ0\001\301\025%1L\307\t\261\262z\374\222T\301\274V\236\223\262\270Ct\362\337b\356\024*\324\320\351\317\002k\336\234\027v\351\217\260\303\360\233ZPZWr\246$w\313\313\r\243r\232\2234\373\3539:N\004Q\245\272D\312D\300\300\t\323\0257\345e\271\na\215{\226\255x%T\257\037\333\004\344_/R\006E\344\037@\210\363\010\336T\226\247'\204_{\261\370""1\235\2445\343\033Y!\212\201\341\272\225'\007\335q\346\257\334t\020\344\301\214x\336\n\317\201\355\007b0\201\3458\364n\301sY\342\023\243<\353\013\003""; }; ","ledgerHash: ""\025[ d(\343\263\327\177\030\246\254H\277\254E\231\006\033_lB\210\264\334Y\322\314\362\320L\000""; ledgerSeq: 42; type: liBASE; nodes {;   nodedata: ""\000\000\000*\001cEx]\211\377\330\220\303+\207\352g\317N\027>\222M\271m\033\236\021:\272\233r\373\233hC}\256\020\210\010\233\335\000\000\000\000\000\000\000\000\000\000\000\000\000\000\000\000\000\000\000\000\000\000\000\000\000\000\000\000\000\000\000\000\005\261\266v\374v\352\246\235\231*LY\263\2579H\027N\332Q\317\273\352Y@)i\312\273\267\003/\351\253./\351\253/\n\000""; }; nodes {;   nodedata: ""\323C\344\327\264{\312-\017:\006{\177\344N\002\326bO\260\220\006\033\362\345\005U\221DzJ0\001\301\025%1L\307\t\261\262z\374\222T\301\274V\236\223\262\270Ct\362\337b\356\024*\324\320\351\317\002k\336\234\027v\351\217\260\303\360\233ZPZWr\246$w\313\313\r\243r\232\2234\373\3539:N\004Q\245\272D\312D\300\300\t\323\0257\345e\271\na\215{\226\255x%T\257\037\333\004\344_/R\006E\344\037@\210\363\010\336T\226\247'\204_{\261\370""1\235\2445\343\033Y!\212\201\341\272\225'\007\335q\346\257\334t\020\344\301\214x\336\n\317\201\355\007b0\201\3458\364n\301sY\342\023\243<\353\013\003""; }; "
1750527666522,1750527666522,0,1,2,0,TMLedgerData,"ledgerHash: ""\025[ d(\343\263\327\177\030\246\254H\277\254E\231\006\033_lB\210\264\334Y\322\314\362\320L\000""; ledgerSeq: 42; type: liBASE; nodes {;   nodedata: ""\000\000\000*\001cEx]\211\377\330\220\303+\207\352g\317N\027>\222M\271m\033\236\021:\272\233r\373\233hC}\256\020\210\010\233\335\000\000\000\000\000\000\000\000\000\000\000\000\000\000\000\000\000\000\000\000\000\000\000\000\000\000\000\000\000\000\000\000\005\261\266v\374v\352\246\235\231*LY\263\2579H\027N\332Q\317\273\352Y@)i\312\273\267\003/\351\253./\351\253/\n\000""; }; nodes {;   nodedata: ""\323C\344\327\264{\312-\017:\006{\177\344N\002\326bO\260\220\006\033\362\345\005U\221DzJ0\001\301\025%1L\307\t\261\262z\374\222T\301\274V\236\223\262\270Ct\362\337b\356\024*\324\320\351\317\002k\336\234\027v\351\217\260\303\360\233ZPZWr\246$w\313\313\r\243r\232\2234\373\3539:N\004Q\245\272D\312D\300\300\t\323\0257\345e\271\na\215{\226\255x%T\257\037\333\004\344_/R\006E\344\037@\210\363\010\336T\226\247'\204_{\261\370""1\235\2445\343\033Y!\212\201\341\272\225'\007\335q\346\257\334t\020\344\301\214x\336\n\317\201\355\007b0\201\3458\364n\301sY\342\023\243<\353\013\003""; }; ","ledgerHash: ""\025[ d(\343\263\327\177\030\246\254H\277\254E\231\006\033_lB\210\264\334Y\322\314\362\320L\000""; ledgerSeq: 42; type: liBASE; nodes {;   nodedata: ""\000\000\000*\001cEx]\211\377\330\220\303+\207\352g\317N\027>\222M\271m\033\236\021:\272\233r\373\233hC}\256\020\210\010\233\335\000\000\000\000\000\000\000\000\000\000\000\000\000\000\000\000\000\000\000\000\000\000\000\000\000\000\000\000\000\000\000\000\005\261\266v\374v\352\246\235\231*LY\263\2579H\027N\332Q\317\273\352Y@)i\312\273\267\003/\351\253./\351\253/\n\000""; }; nodes {;   nodedata: ""\323C\344\327\264{\312-\017:\006{\177\344N\002\326bO\260\220\006\033\362\345\005U\221DzJ0\001\301\025%1L\307\t\261\262z\374\222T\301\274V\236\223\262\270Ct\362\337b\356\024*\324\320\351\317\002k\336\234\027v\351\217\260\303\360\233ZPZWr\246$w\313\313\r\243r\232\2234\373\3539:N\004Q\245\272D\312D\300\300\t\323\0257\345e\271\na\215{\226\255x%T\257\037\333\004\344_/R\006E\344\037@\210\363\010\336T\226\247'\204_{\261\370""1\235\2445\343\033Y!\212\201\341\272\225'\007\335q\346\257\334t\020\344\301\214x\336\n\317\201\355\007b0\201\3458\364n\301sY\342\023\243<\353\013\003""; }; "
1750527666522,1750527666522,0,1,4,1,TMLedgerData,"ledgerHash: ""\025[ d(\343\263\327\177\030\246\254H\277\254E\231\006\033_lB\210\264\334Y\322\314\362\320L\000""; ledgerSeq: 42; type: liBASE; nodes {;   nodedata: ""\000\000\000*\001cEx]\211\377\330\220\303+\207\352g\317N\027>\222M\271m\033\236\021:\272\233r\373\233hC}\256\020\210\010\233\335\000\000\000\000\000\000\000\000\000\000\000\000\000\000\000\000\000\000\000\000\000\000\000\000\000\000\000\000\000\000\000\000\005\261\266v\374v\352\246\235\231*LY\263\2579H\027N\332Q\317\273\352Y@)i\312\273\267\003/\351\253./\351\253/\n\000""; }; nodes {;   nodedata: ""\323C\344\327\264{\312-\017:\006{\177\344N\002\326bO\260\220\006\033\362\345\005U\221DzJ0\001\301\025%1L\307\t\261\262z\374\222T\301\274V\236\223\262\270Ct\362\337b\356\024*\324\320\351\317\002k\336\234\027v\351\217\260\303\360\233ZPZWr\246$w\313\313\r\243r\232\2234\373\3539:N\004Q\245\272D\312D\300\300\t\323\0257\345e\271\na\215{\226\255x%T\257\037\333\004\344_/R\006E\344\037@\210\363\010\336T\226\247'\204_{\261\370""1\235\2445\343\033Y!\212\201\341\272\225'\007\335q\346\257\334t\020\344\301\214x\336\n\317\201\355\007b0\201\3458\364n\301sY\342\023\243<\353\013\003""; }; ","ledgerHash: ""\025[ d(\343\263\327\177\030\246\254H\277\254E\231\006\033_lB\210\264\334Y\322\314\362\320L\000""; ledgerSeq: 42; type: liBASE; nodes {;   nodedata: ""\000\000\000*\001cEx]\211\377\330\220\303+\207\352g\317N\027>\222M\271m\033\236\021:\272\233r\373\233hC}\256\020\210\010\233\335\000\000\000\000\000\000\000\000\000\000\000\000\000\000\000\000\000\000\000\000\000\000\000\000\000\000\000\000\000\000\000\000\005\261\266v\374v\352\246\235\231*LY\263\2579H\027N\332Q\317\273\352Y@)i\312\273\267\003/\351\253./\351\253/\n\000""; }; nodes {;   nodedata: ""\323C\344\327\264{\312-\017:\006{\177\344N\002\326bO\260\220\006\033\362\345\005U\221DzJ0\001\301\025%1L\307\t\261\262z\374\222T\301\274V\236\223\262\270Ct\362\337b\356\024*\324\320\351\317\002k\336\234\027v\351\217\260\303\360\233ZPZWr\246$w\313\313\r\243r\232\2234\373\3539:N\004Q\245\272D\312D\300\300\t\323\0257\345e\271\na\215{\226\255x%T\257\037\333\004\344_/R\006E\344\037@\210\363\010\336T\226\247'\204_{\261\370""1\235\2445\343\033Y!\212\201\341\272\225'\007\335q\346\257\334t\020\344\301\214x\336\n\317\201\355\007b0\201\3458\364n\301sY\342\023\243<\353\013\003""; }; "
1750527666523,1750527666523,0,1,2,1,TMLedgerData,"ledgerHash: ""\025[ d(\343\263\327\177\030\246\254H\277\254E\231\006\033_lB\210\264\334Y\322\314\362\320L\000""; ledgerSeq: 42; type: liBASE; nodes {;   nodedata: ""\000\000\000*\001cEx]\211\377\330\220\303+\207\352g\317N\027>\222M\271m\033\236\021:\272\233r\373\233hC}\256\020\210\010\233\335\000\000\000\000\000\000\000\000\000\000\000\000\000\000\000\000\000\000\000\000\000\000\000\000\000\000\000\000\000\000\000\000\005\261\266v\374v\352\246\235\231*LY\263\2579H\027N\332Q\317\273\352Y@)i\312\273\267\003/\351\253./\351\253/\n\000""; }; nodes {;   nodedata: ""\323C\344\327\264{\312-\017:\006{\177\344N\002\326bO\260\220\006\033\362\345\005U\221DzJ0\001\301\025%1L\307\t\261\262z\374\222T\301\274V\236\223\262\270Ct\362\337b\356\024*\324\320\351\317\002k\336\234\027v\351\217\260\303\360\233ZPZWr\246$w\313\313\r\243r\232\2234\373\3539:N\004Q\245\272D\312D\300\300\t\323\0257\345e\271\na\215{\226\255x%T\257\037\333\004\344_/R\006E\344\037@\210\363\010\336T\226\247'\204_{\261\370""1\235\2445\343\033Y!\212\201\341\272\225'\007\335q\346\257\334t\020\344\301\214x\336\n\317\201\355\007b0\201\3458\364n\301sY\342\023\243<\353\013\003""; }; ","ledgerHash: ""\025[ d(\343\263\327\177\030\246\254H\277\254E\231\006\033_lB\210\264\334Y\322\314\362\320L\000""; ledgerSeq: 42; type: liBASE; nodes {;   nodedata: ""\000\000\000*\001cEx]\211\377\330\220\303+\207\352g\317N\027>\222M\271m\033\236\021:\272\233r\373\233hC}\256\020\210\010\233\335\000\000\000\000\000\000\000\000\000\000\000\000\000\000\000\000\000\000\000\000\000\000\000\000\000\000\000\000\000\000\000\000\005\261\266v\374v\352\246\235\231*LY\263\2579H\027N\332Q\317\273\352Y@)i\312\273\267\003/\351\253./\351\253/\n\000""; }; nodes {;   nodedata: ""\323C\344\327\264{\312-\017:\006{\177\344N\002\326bO\260\220\006\033\362\345\005U\221DzJ0\001\301\025%1L\307\t\261\262z\374\222T\301\274V\236\223\262\270Ct\362\337b\356\024*\324\320\351\317\002k\336\234\027v\351\217\260\303\360\233ZPZWr\246$w\313\313\r\243r\232\2234\373\3539:N\004Q\245\272D\312D\300\300\t\323\0257\345e\271\na\215{\226\255x%T\257\037\333\004\344_/R\006E\344\037@\210\363\010\336T\226\247'\204_{\261\370""1\235\2445\343\033Y!\212\201\341\272\225'\007\335q\346\257\334t\020\344\301\214x\336\n\317\201\355\007b0\201\3458\364n\301sY\342\023\243<\353\013\003""; }; "
1750527666524,1750527666525,0,1,1,0,TMLedgerData,"ledgerHash: ""\025[ d(\343\263\327\177\030\246\254H\277\254E\231\006\033_lB\210\264\334Y\322\314\362\320L\000""; ledgerSeq: 42; type: liBASE; nodes {;   nodedata: ""\000\000\000*\001cEx]\211\377\330\220\303+\207\352g\317N\027>\222M\271m\033\236\021:\272\233r\373\233hC}\256\020\210\010\233\335\000\000\000\000\000\000\000\000\000\000\000\000\000\000\000\000\000\000\000\000\000\000\000\000\000\000\000\000\000\000\000\000\005\261\266v\374v\352\246\235\231*LY\263\2579H\027N\332Q\317\273\352Y@)i\312\273\267\003/\351\253./\351\253/\n\000""; }; nodes {;   nodedata: ""\323C\344\327\264{\312-\017:\006{\177\344N\002\326bO\260\220\006\033\362\345\005U\221DzJ0\001\301\025%1L\307\t\261\262z\374\222T\301\274V\236\223\262\270Ct\362\337b\356\024*\324\320\351\317\002k\336\234\027v\351\217\260\303\360\233ZPZWr\246$w\313\313\r\243r\232\2234\373\3539:N\004Q\245\272D\312D\300\300\t\323\0257\345e\271\na\215{\226\255x%T\257\037\333\004\344_/R\006E\344\037@\210\363\010\336T\226\247'\204_{\261\370""1\235\2445\343\033Y!\212\201\341\272\225'\007\335q\346\257\334t\020\344\301\214x\336\n\317\201\355\007b0\201\3458\364n\301sY\342\023\243<\353\013\003""; }; ","ledgerHash: ""\025[ d(\343\263\327\177\030\246\254H\277\254E\231\006\033_lB\210\264\334Y\322\314\362\320L\000""; ledgerSeq: 42; type: liBASE; nodes {;   nodedata: ""\000\000\000*\001cEx]\211\377\330\220\303+\207\352g\317N\027>\222M\271m\033\236\021:\272\233r\373\233hC}\256\020\210\010\233\335\000\000\000\000\000\000\000\000\000\000\000\000\000\000\000\000\000\000\000\000\000\000\000\000\000\000\000\000\000\000\000\000\005\261\266v\374v\352\246\235\231*LY\263\2579H\027N\332Q\317\273\352Y@)i\312\273\267\003/\351\253./\351\253/\n\000""; }; nodes {;   nodedata: ""\323C\344\327\264{\312-\017:\006{\177\344N\002\326bO\260\220\006\033\362\345\005U\221DzJ0\001\301\025%1L\307\t\261\262z\374\222T\301\274V\236\223\262\270Ct\362\337b\356\024*\324\320\351\317\002k\336\234\027v\351\217\260\303\360\233ZPZWr\246$w\313\313\r\243r\232\2234\373\3539:N\004Q\245\272D\312D\300\300\t\323\0257\345e\271\na\215{\226\255x%T\257\037\333\004\344_/R\006E\344\037@\210\363\010\336T\226\247'\204_{\261\370""1\235\2445\343\033Y!\212\201\341\272\225'\007\335q\346\257\334t\020\344\301\214x\336\n\317\201\355\007b0\201\3458\364n\301sY\342\023\243<\353\013\003""; }; "
1750527666525,1750527666525,0,1,1,4,TMLedgerData,"ledgerHash: ""\025[ d(\343\263\327\177\030\246\254H\277\254E\231\006\033_lB\210\264\334Y\322\314\362\320L\000""; ledgerSeq: 42; type: liBASE; nodes {;   nodedata: ""\000\000\000*\001cEx]\211\377\330\220\303+\207\352g\317N\027>\222M\271m\033\236\021:\272\233r\373\233hC}\256\020\210\010\233\335\000\000\000\000\000\000\000\000\000\000\000\000\000\000\000\000\000\000\000\000\000\000\000\000\000\000\000\000\000\000\000\000\005\261\266v\374v\352\246\235\231*LY\263\2579H\027N\332Q\317\273\352Y@)i\312\273\267\003/\351\253./\351\253/\n\000""; }; nodes {;   nodedata: ""\323C\344\327\264{\312-\017:\006{\177\344N\002\326bO\260\220\006\033\362\345\005U\221DzJ0\001\301\025%1L\307\t\261\262z\374\222T\301\274V\236\223\262\270Ct\362\337b\356\024*\324\320\351\317\002k\336\234\027v\351\217\260\303\360\233ZPZWr\246$w\313\313\r\243r\232\2234\373\3539:N\004Q\245\272D\312D\300\300\t\323\0257\345e\271\na\215{\226\255x%T\257\037\333\004\344_/R\006E\344\037@\210\363\010\336T\226\247'\204_{\261\370""1\235\2445\343\033Y!\212\201\341\272\225'\007\335q\346\257\334t\020\344\301\214x\336\n\317\201\355\007b0\201\3458\364n\301sY\342\023\243<\353\013\003""; }; ","ledgerHash: ""\025[ d(\343\263\327\177\030\246\254H\277\254E\231\006\033_lB\210\264\334Y\322\314\362\320L\000""; ledgerSeq: 42; type: liBASE; nodes {;   nodedata: ""\000\000\000*\001cEx]\211\377\330\220\303+\207\352g\317N\027>\222M\271m\033\236\021:\272\233r\373\233hC}\256\020\210\010\233\335\000\000\000\000\000\000\000\000\000\000\000\000\000\000\000\000\000\000\000\000\000\000\000\000\000\000\000\000\000\000\000\000\005\261\266v\374v\352\246\235\231*LY\263\2579H\027N\332Q\317\273\352Y@)i\312\273\267\003/\351\253./\351\253/\n\000""; }; nodes {;   nodedata: ""\323C\344\327\264{\312-\017:\006{\177\344N\002\326bO\260\220\006\033\362\345\005U\221DzJ0\001\301\025%1L\307\t\261\262z\374\222T\301\274V\236\223\262\270Ct\362\337b\356\024*\324\320\351\317\002k\336\234\027v\351\217\260\303\360\233ZPZWr\246$w\313\313\r\243r\232\2234\373\3539:N\004Q\245\272D\312D\300\300\t\323\0257\345e\271\na\215{\226\255x%T\257\037\333\004\344_/R\006E\344\037@\210\363\010\336T\226\247'\204_{\261\370""1\235\2445\343\033Y!\212\201\341\272\225'\007\335q\346\257\334t\020\344\301\214x\336\n\317\201\355\007b0\201\3458\364n\301sY\342\023\243<\353\013\003""; }; "
1750527666526,1750527666526,0,1,1,2,TMLedgerData,"ledgerHash: ""\025[ d(\343\263\327\177\030\246\254H\277\254E\231\006\033_lB\210\264\334Y\322\314\362\320L\000""; ledgerSeq: 42; type: liBASE; nodes {;   nodedata: ""\000\000\000*\001cEx]\211\377\330\220\303+\207\352g\317N\027>\222M\271m\033\236\021:\272\233r\373\233hC}\256\020\210\010\233\335\000\000\000\000\000\000\000\000\000\000\000\000\000\000\000\000\000\000\000\000\000\000\000\000\000\000\000\000\000\000\000\000\005\261\266v\374v\352\246\235\231*LY\263\2579H\027N\332Q\317\273\352Y@)i\312\273\267\003/\351\253./\351\253/\n\000""; }; nodes {;   nodedata: ""\323C\344\327\264{\312-\017:\006{\177\344N\002\326bO\260\220\006\033\362\345\005U\221DzJ0\001\301\025%1L\307\t\261\262z\374\222T\301\274V\236\223\262\270Ct\362\337b\356\024*\324\320\351\317\002k\336\234\027v\351\217\260\303\360\233ZPZWr\246$w\313\313\r\243r\232\2234\373\3539:N\004Q\245\272D\312D\300\300\t\323\0257\345e\271\na\215{\226\255x%T\257\037\333\004\344_/R\006E\344\037@\210\363\010\336T\226\247'\204_{\261\370""1\235\2445\343\033Y!\212\201\341\272\225'\007\335q\346\257\334t\020\344\301\214x\336\n\317\201\355\007b0\201\3458\364n\301sY\342\023\243<\353\013\003""; }; ","ledgerHash: ""\025[ d(\343\263\327\177\030\246\254H\277\254E\231\006\033_lB\210\264\334Y\322\314\362\320L\000""; ledgerSeq: 42; type: liBASE; nodes {;   nodedata: ""\000\000\000*\001cEx]\211\377\330\220\303+\207\352g\317N\027>\222M\271m\033\236\021:\272\233r\373\233hC}\256\020\210\010\233\335\000\000\000\000\000\000\000\000\000\000\000\000\000\000\000\000\000\000\000\000\000\000\000\000\000\000\000\000\000\000\000\000\005\261\266v\374v\352\246\235\231*LY\263\2579H\027N\332Q\317\273\352Y@)i\312\273\267\003/\351\253./\351\253/\n\000""; }; nodes {;   nodedata: ""\323C\344\327\264{\312-\017:\006{\177\344N\002\326bO\260\220\006\033\362\345\005U\221DzJ0\001\301\025%1L\307\t\261\262z\374\222T\301\274V\236\223\262\270Ct\362\337b\356\024*\324\320\351\317\002k\336\234\027v\351\217\260\303\360\233ZPZWr\246$w\313\313\r\243r\232\2234\373\3539:N\004Q\245\272D\312D\300\300\t\323\0257\345e\271\na\215{\226\255x%T\257\037\333\004\344_/R\006E\344\037@\210\363\010\336T\226\247'\204_{\261\370""1\235\2445\343\033Y!\212\201\341\272\225'\007\335q\346\257\334t\020\344\301\214x\336\n\317\201\355\007b0\201\3458\364n\301sY\342\023\243<\353\013\003""; }; "
1750527666528,1750527666528,0,1,0,1,TMLedgerData,"ledgerHash: ""\025[ d(\343\263\327\177\030\246\254H\277\254E\231\006\033_lB\210\264\334Y\322\314\362\320L\000""; ledgerSeq: 42; type: liBASE; nodes {;   nodedata: ""\000\000\000*\001cEx]\211\377\330\220\303+\207\352g\317N\027>\222M\271m\033\236\021:\272\233r\373\233hC}\256\020\210\010\233\335\000\000\000\000\000\000\000\000\000\000\000\000\000\000\000\000\000\000\000\000\000\000\000\000\000\000\000\000\000\000\000\000\005\261\266v\374v\352\246\235\231*LY\263\2579H\027N\332Q\317\273\352Y@)i\312\273\267\003/\351\253./\351\253/\n\000""; }; nodes {;   nodedata: ""\323C\344\327\264{\312-\017:\006{\177\344N\002\326bO\260\220\006\033\362\345\005U\221DzJ0\001\301\025%1L\307\t\261\262z\374\222T\301\274V\236\223\262\270Ct\362\337b\356\024*\324\320\351\317\002k\336\234\027v\351\217\260\303\360\233ZPZWr\246$w\313\313\r\243r\232\2234\373\3539:N\004Q\245\272D\312D\300\300\t\323\0257\345e\271\na\215{\226\255x%T\257\037\333\004\344_/R\006E\344\037@\210\363\010\336T\226\247'\204_{\261\370""1\235\2445\343\033Y!\212\201\341\272\225'\007\335q\346\257\334t\020\344\301\214x\336\n\317\201\355\007b0\201\3458\364n\301sY\342\023\243<\353\013\003""; }; ","ledgerHash: ""\025[ d(\343\263\327\177\030\246\254H\277\254E\231\006\033_lB\210\264\334Y\322\314\362\320L\000""; ledgerSeq: 42; type: liBASE; nodes {;   nodedata: ""\000\000\000*\001cEx]\211\377\330\220\303+\207\352g\317N\027>\222M\271m\033\236\021:\272\233r\373\233hC}\256\020\210\010\233\335\000\000\000\000\000\000\000\000\000\000\000\000\000\000\000\000\000\000\000\000\000\000\000\000\000\000\000\000\000\000\000\000\005\261\266v\374v\352\246\235\231*LY\263\2579H\027N\332Q\317\273\352Y@)i\312\273\267\003/\351\253./\351\253/\n\000""; }; nodes {;   nodedata: ""\323C\344\327\264{\312-\017:\006{\177\344N\002\326bO\260\220\006\033\362\345\005U\221DzJ0\001\301\025%1L\307\t\261\262z\374\222T\301\274V\236\223\262\270Ct\362\337b\356\024*\324\320\351\317\002k\336\234\027v\351\217\260\303\360\233ZPZWr\246$w\313\313\r\243r\232\2234\373\3539:N\004Q\245\272D\312D\300\300\t\323\0257\345e\271\na\215{\226\255x%T\257\037\333\004\344_/R\006E\344\037@\210\363\010\336T\226\247'\204_{\261\370""1\235\2445\343\033Y!\212\201\341\272\225'\007\335q\346\257\334t\020\344\301\214x\336\n\317\201\355\007b0\201\3458\364n\301sY\342\023\243<\353\013\003""; }; "
1750527666625,1750527666625,0,1,4,2,TMStatusChange,"newEvent: neACCEPTED_LEDGER; ledgerSeq: 42; ledgerHash: ""\025[ d(\343\263\327\177\030\246\254H\277\254E\231\006\033_lB\210\264\334Y\322\314\362\320L\000""; ledgerHashPrevious: ""\220\303+\207\352g\317N\027>\222M\271m\033\236\021:\272\233r\373\233hC}\256\020\210\010\233\335""; networkTime: 803842866; firstSeq: 1; lastSeq: 41; ","newEvent: neACCEPTED_LEDGER; ledgerSeq: 42; ledgerHash: ""\025[ d(\343\263\327\177\030\246\254H\277\254E\231\006\033_lB\210\264\334Y\322\314\362\320L\000""; ledgerHashPrevious: ""\220\303+\207\352g\317N\027>\222M\271m\033\236\021:\272\233r\373\233hC}\256\020\210\010\233\335""; networkTime: 803842866; firstSeq: 1; lastSeq: 41; "
1750527666626,1750527666626,0,1,4,1,TMStatusChange,"newEvent: neACCEPTED_LEDGER; ledgerSeq: 42; ledgerHash: ""\025[ d(\343\263\327\177\030\246\254H\277\254E\231\006\033_lB\210\264\334Y\322\314\362\320L\000""; ledgerHashPrevious: ""\220\303+\207\352g\317N\027>\222M\271m\033\236\021:\272\233r\373\233hC}\256\020\210\010\233\335""; networkTime: 803842866; firstSeq: 1; lastSeq: 41; ","newEvent: neACCEPTED_LEDGER; ledgerSeq: 42; ledgerHash: ""\025[ d(\343\263\327\177\030\246\254H\277\254E\231\006\033_lB\210\264\334Y\322\314\362\320L\000""; ledgerHashPrevious: ""\220\303+\207\352g\317N\027>\222M\271m\033\236\021:\272\233r\373\233hC}\256\020\210\010\233\335""; networkTime: 803842866; firstSeq: 1; lastSeq: 41; "
1750527666625,1750527666625,0,1,4,3,TMStatusChange,"newEvent: neACCEPTED_LEDGER; ledgerSeq: 42; ledgerHash: ""\025[ d(\343\263\327\177\030\246\254H\277\254E\231\006\033_lB\210\264\334Y\322\314\362\320L\000""; ledgerHashPrevious: ""\220\303+\207\352g\317N\027>\222M\271m\033\236\021:\272\233r\373\233hC}\256\020\210\010\233\335""; networkTime: 803842866; firstSeq: 1; lastSeq: 41; ","newEvent: neACCEPTED_LEDGER; ledgerSeq: 42; ledgerHash: ""\025[ d(\343\263\327\177\030\246\254H\277\254E\231\006\033_lB\210\264\334Y\322\314\362\320L\000""; ledgerHashPrevious: ""\220\303+\207\352g\317N\027>\222M\271m\033\236\021:\272\233r\373\233hC}\256\020\210\010\233\335""; networkTime: 803842866; firstSeq: 1; lastSeq: 41; "
1750527666626,1750527666626,0,1,4,0,TMStatusChange,"newEvent: neACCEPTED_LEDGER; ledgerSeq: 42; ledgerHash: ""\025[ d(\343\263\327\177\030\246\254H\277\254E\231\006\033_lB\210\264\334Y\322\314\362\320L\000""; ledgerHashPrevious: ""\220\303+\207\352g\317N\027>\222M\271m\033\236\021:\272\233r\373\233hC}\256\020\210\010\233\335""; networkTime: 803842866; firstSeq: 1; lastSeq: 41; ","newEvent: neACCEPTED_LEDGER; ledgerSeq: 42; ledgerHash: ""\025[ d(\343\263\327\177\030\246\254H\277\254E\231\006\033_lB\210\264\334Y\322\314\362\320L\000""; ledgerHashPrevious: ""\220\303+\207\352g\317N\027>\222M\271m\033\236\021:\272\233r\373\233hC}\256\020\210\010\233\335""; networkTime: 803842866; firstSeq: 1; lastSeq: 41; "
1750527666666,1750527666666,0,1,4,1,TMValidation,"validation: """"\200\000\000\001&\000\000\000*)/\351\2532:\r\302\353\023?\373\240rQ\025[ d(\343\263\327\177\030\246\254H\277\254E\231\006\033_lB\210\264\334Y\322\314\362\320L\000P\027\000\000\000\000\000\000\000\000\000\000\000\000\000\000\000\000\000\000\000\000\000\000\000\000\000\000\000\000\000\000\000\000P\031\220\303+\207\352g\317N\027>\222M\271m\033\236\021:\272\233r\373\233hC}\256\020\210\010\233\335s!\003R7o\362bV\300hf\266\241;}\200^\374\240\203[:\342Q\225\221\027y\372\255\235\216\323~vF0D\002 v\014^G\216mNF#Pc\221&\275K\375\377\331\177,3&\253\253\331\202\014\244\010>\203\255\002 m\027\267\307\030QO\273_\226\322\227pL\277\n\273[\002p\034)\227\227\222\020\250e\225V\n~""; ","validation: """"\200\000\000\001&\000\000\000*)/\351\2532:\r\302\353\023?\373\240rQ\025[ d(\343\263\327\177\030\246\254H\277\254E\231\006\033_lB\210\264\334Y\322\314\362\320L\000P\027\000\000\000\000\000\000\000\000\000\000\000\000\000\000\000\000\000\000\000\000\000\000\000\000\000\000\000\000\000\000\000\000P\031\220\303+\207\352g\317N\027>\222M\271m\033\236\021:\272\233r\373\233hC}\256\020\210\010\233\335s!\003R7o\362bV\300hf\266\241;}\200^\374\240\203[:\342Q\225\221\027y\372\255\235\216\323~vF0D\002 v\014^G\216mNF#Pc\221&\275K\375\377\331\177,3&\253\253\331\202\014\244\010>\203\255\002 m\027\267\307\030QO\273_\226\322\227pL\277\n\273[\002p\034)\227\227\222\020\250e\225V\n~""; "
1750527666666,1750527666666,0,1,4,0,TMValidation,"validation: """"\200\000\000\001&\000\000\000*)/\351\2532:\r\302\353\023?\373\240rQ\025[ d(\343\263\327\177\030\246\254H\277\254E\231\006\033_lB\210\264\334Y\322\314\362\320L\000P\027\000\000\000\000\000\000\000\000\000\000\000\000\000\000\000\000\000\000\000\000\000\000\000\000\000\000\000\000\000\000\000\000P\031\220\303+\207\352g\317N\027>\222M\271m\033\236\021:\272\233r\373\233hC}\256\020\210\010\233\335s!\003R7o\362bV\300hf\266\241;}\200^\374\240\203[:\342Q\225\221\027y\372\255\235\216\323~vF0D\002 v\014^G\216mNF#Pc\221&\275K\375\377\331\177,3&\253\253\331\202\014\244\010>\203\255\002 m\027\267\307\030QO\273_\226\322\227pL\277\n\273[\002p\034)\227\227\222\020\250e\225V\n~""; ","validation: """"\200\000\000\001&\000\000\000*)/\351\2532:\r\302\353\023?\373\240rQ\025[ d(\343\263\327\177\030\246\254H\277\254E\231\006\033_lB\210\264\334Y\322\314\362\320L\000P\027\000\000\000\000\000\000\000\000\000\000\000\000\000\000\000\000\000\000\000\000\000\000\000\000\000\000\000\000\000\000\000\000P\031\220\303+\207\352g\317N\027>\222M\271m\033\236\021:\272\233r\373\233hC}\256\020\210\010\233\335s!\003R7o\362bV\300hf\266\241;}\200^\374\240\203[:\342Q\225\221\027y\372\255\235\216\323~vF0D\002 v\014^G\216mNF#Pc\221&\275K\375\377\331\177,3&\253\253\331\202\014\244\010>\203\255\002 m\027\267\307\030QO\273_\226\322\227pL\277\n\273[\002p\034)\227\227\222\020\250e\225V\n~""; "
1750527666666,1750527666666,0,1,4,3,TMValidation,"validation: """"\200\000\000\001&\000\000\000*)/\351\2532:\r\302\353\023?\373\240rQ\025[ d(\343\263\327\177\030\246\254H\277\254E\231\006\033_lB\210\264\334Y\322\314\362\320L\000P\027\000\000\000\000\000\000\000\000\000\000\000\000\000\000\000\000\000\000\000\000\000\000\000\000\000\000\000\000\000\000\000\000P\031\220\303+\207\352g\317N\027>\222M\271m\033\236\021:\272\233r\373\233hC}\256\020\210\010\233\335s!\003R7o\362bV\300hf\266\241;}\200^\374\240\203[:\342Q\225\221\027y\372\255\235\216\323~vF0D\002 v\014^G\216mNF#Pc\221&\275K\375\377\331\177,3&\253\253\331\202\014\244\010>\203\255\002 m\027\267\307\030QO\273_\226\322\227pL\277\n\273[\002p\034)\227\227\222\020\250e\225V\n~""; ","validation: """"\200\000\000\001&\000\000\000*)/\351\2532:\r\302\353\023?\373\240rQ\025[ d(\343\263\327\177\030\246\254H\277\254E\231\006\033_lB\210\264\334Y\322\314\362\320L\000P\027\000\000\000\000\000\000\000\000\000\000\000\000\000\000\000\000\000\000\000\000\000\000\000\000\000\000\000\000\000\000\000\000P\031\220\303+\207\352g\317N\027>\222M\271m\033\236\021:\272\233r\373\233hC}\256\020\210\010\233\335s!\003R7o\362bV\300hf\266\241;}\200^\374\240\203[:\342Q\225\221\027y\372\255\235\216\323~vF0D\002 v\014^G\216mNF#Pc\221&\275K\375\377\331\177,3&\253\253\331\202\014\244\010>\203\255\002 m\027\267\307\030QO\273_\226\322\227pL\277\n\273[\002p\034)\227\227\222\020\250e\225V\n~""; "
1750527666666,1750527666666,0,1,4,2,TMValidation,"validation: """"\200\000\000\001&\000\000\000*)/\351\2532:\r\302\353\023?\373\240rQ\025[ d(\343\263\327\177\030\246\254H\277\254E\231\006\033_lB\210\264\334Y\322\314\362\320L\000P\027\000\000\000\000\000\000\000\000\000\000\000\000\000\000\000\000\000\000\000\000\000\000\000\000\000\000\000\000\000\000\000\000P\031\220\303+\207\352g\317N\027>\222M\271m\033\236\021:\272\233r\373\233hC}\256\020\210\010\233\335s!\003R7o\362bV\300hf\266\241;}\200^\374\240\203[:\342Q\225\221\027y\372\255\235\216\323~vF0D\002 v\014^G\216mNF#Pc\221&\275K\375\377\331\177,3&\253\253\331\202\014\244\010>\203\255\002 m\027\267\307\030QO\273_\226\322\227pL\277\n\273[\002p\034)\227\227\222\020\250e\225V\n~""; ","validation: """"\200\000\000\001&\000\000\000*)/\351\2532:\r\302\353\023?\373\240rQ\025[ d(\343\263\327\177\030\246\254H\277\254E\231\006\033_lB\210\264\334Y\322\314\362\320L\000P\027\000\000\000\000\000\000\000\000\000\000\000\000\000\000\000\000\000\000\000\000\000\000\000\000\000\000\000\000\000\000\000\000P\031\220\303+\207\352g\317N\027>\222M\271m\033\236\021:\272\233r\373\233hC}\256\020\210\010\233\335s!\003R7o\362bV\300hf\266\241;}\200^\374\240\203[:\342Q\225\221\027y\372\255\235\216\323~vF0D\002 v\014^G\216mNF#Pc\221&\275K\375\377\331\177,3&\253\253\331\202\014\244\010>\203\255\002 m\027\267\307\030QO\273_\226\322\227pL\277\n\273[\002p\034)\227\227\222\020\250e\225V\n~""; "
1750527666668,1750527666668,0,1,1,2,TMValidation,"validation: """"\200\000\000\001&\000\000\000*)/\351\2532:\r\302\353\023?\373\240rQ\025[ d(\343\263\327\177\030\246\254H\277\254E\231\006\033_lB\210\264\334Y\322\314\362\320L\000P\027\000\000\000\000\000\000\000\000\000\000\000\000\000\000\000\000\000\000\000\000\000\000\000\000\000\000\000\000\000\000\000\000P\031\220\303+\207\352g\317N\027>\222M\271m\033\236\021:\272\233r\373\233hC}\256\020\210\010\233\335s!\003R7o\362bV\300hf\266\241;}\200^\374\240\203[:\342Q\225\221\027y\372\255\235\216\323~vF0D\002 v\014^G\216mNF#Pc\221&\275K\375\377\331\177,3&\253\253\331\202\014\244\010>\203\255\002 m\027\267\307\030QO\273_\226\322\227pL\277\n\273[\002p\034)\227\227\222\020\250e\225V\n~""; ","validation: """"\200\000\000\001&\000\000\000*)/\351\2532:\r\302\353\023?\373\240rQ\025[ d(\343\263\327\177\030\246\254H\277\254E\231\006\033_lB\210\264\334Y\322\314\362\320L\000P\027\000\000\000\000\000\000\000\000\000\000\000\000\000\000\000\000\000\000\000\000\000\000\000\000\000\000\000\000\000\000\000\000P\031\220\303+\207\352g\317N\027>\222M\271m\033\236\021:\272\233r\373\233hC}\256\020\210\010\233\335s!\003R7o\362bV\300hf\266\241;}\200^\374\240\203[:\342Q\225\221\027y\372\255\235\216\323~vF0D\002 v\014^G\216mNF#Pc\221&\275K\375\377\331\177,3&\253\253\331\202\014\244\010>\203\255\002 m\027\267\307\030QO\273_\226\322\227pL\277\n\273[\002p\034)\227\227\222\020\250e\225V\n~""; "
1750527666669,1750527666669,0,1,0,1,TMValidation,"validation: """"\200\000\000\001&\000\000\000*)/\351\2532:\r\302\353\023?\373\240rQ\025[ d(\343\263\327\177\030\246\254H\277\254E\231\006\033_lB\210\264\334Y\322\314\362\320L\000P\027\000\000\000\000\000\000\000\000\000\000\000\000\000\000\000\000\000\000\000\000\000\000\000\000\000\000\000\000\000\000\000\000P\031\220\303+\207\352g\317N\027>\222M\271m\033\236\021:\272\233r\373\233hC}\256\020\210\010\233\335s!\003R7o\362bV\300hf\266\241;}\200^\374\240\203[:\342Q\225\221\027y\372\255\235\216\323~vF0D\002 v\014^G\216mNF#Pc\221&\275K\375\377\331\177,3&\253\253\331\202\014\244\010>\203\255\002 m\027\267\307\030QO\273_\226\322\227pL\277\n\273[\002p\034)\227\227\222\020\250e\225V\n~""; ","validation: """"\200\000\000\001&\000\000\000*)/\351\2532:\r\302\353\023?\373\240rQ\025[ d(\343\263\327\177\030\246\254H\277\254E\231\006\033_lB\210\264\334Y\322\314\362\320L\000P\027\000\000\000\000\000\000\000\000\000\000\000\000\000\000\000\000\000\000\000\000\000\000\000\000\000\000\000\000\000\000\000\000P\031\220\303+\207\352g\317N\027>\222M\271m\033\236\021:\272\233r\373\233hC}\256\020\210\010\233\335s!\003R7o\362bV\300hf\266\241;}\200^\374\240\203[:\342Q\225\221\027y\372\255\235\216\323~vF0D\002 v\014^G\216mNF#Pc\221&\275K\375\377\331\177,3&\253\253\331\202\014\244\010>\203\255\002 m\027\267\307\030QO\273_\226\322\227pL\277\n\273[\002p\034)\227\227\222\020\250e\225V\n~""; "
1750527666669,1750527666669,0,1,1,0,TMValidation,"validation: """"\200\000\000\001&\000\000\000*)/\351\2532:\r\302\353\023?\373\240rQ\025[ d(\343\263\327\177\030\246\254H\277\254E\231\006\033_lB\210\264\334Y\322\314\362\320L\000P\027\000\000\000\000\000\000\000\000\000\000\000\000\000\000\000\000\000\000\000\000\000\000\000\000\000\000\000\000\000\000\000\000P\031\220\303+\207\352g\317N\027>\222M\271m\033\236\021:\272\233r\373\233hC}\256\020\210\010\233\335s!\003R7o\362bV\300hf\266\241;}\200^\374\240\203[:\342Q\225\221\027y\372\255\235\216\323~vF0D\002 v\014^G\216mNF#Pc\221&\275K\375\377\331\177,3&\253\253\331\202\014\244\010>\203\255\002 m\027\267\307\030QO\273_\226\322\227pL\277\n\273[\002p\034)\227\227\222\020\250e\225V\n~""; ","validation: """"\200\000\000\001&\000\000\000*)/\351\2532:\r\302\353\023?\373\240rQ\025[ d(\343\263\327\177\030\246\254H\277\254E\231\006\033_lB\210\264\334Y\322\314\362\320L\000P\027\000\000\000\000\000\000\000\000\000\000\000\000\000\000\000\000\000\000\000\000\000\000\000\000\000\000\000\000\000\000\000\000P\031\220\303+\207\352g\317N\027>\222M\271m\033\236\021:\272\233r\373\233hC}\256\020\210\010\233\335s!\003R7o\362bV\300hf\266\241;}\200^\374\240\203[:\342Q\225\221\027y\372\255\235\216\323~vF0D\002 v\014^G\216mNF#Pc\221&\275K\375\377\331\177,3&\253\253\331\202\014\244\010>\203\255\002 m\027\267\307\030QO\273_\226\322\227pL\277\n\273[\002p\034)\227\227\222\020\250e\225V\n~""; "
1750527666670,1750527666670,0,1,0,3,TMValidation,"validation: """"\200\000\000\001&\000\000\000*)/\351\2532:\r\302\353\023?\373\240rQ\025[ d(\343\263\327\177\030\246\254H\277\254E\231\006\033_lB\210\264\334Y\322\314\362\320L\000P\027\000\000\000\000\000\000\000\000\000\000\000\000\000\000\000\000\000\000\000\000\000\000\000\000\000\000\000\000\000\000\000\000P\031\220\303+\207\352g\317N\027>\222M\271m\033\236\021:\272\233r\373\233hC}\256\020\210\010\233\335s!\003R7o\362bV\300hf\266\241;}\200^\374\240\203[:\342Q\225\221\027y\372\255\235\216\323~vF0D\002 v\014^G\216mNF#Pc\221&\275K\375\377\331\177,3&\253\253\331\202\014\244\010>\203\255\002 m\027\267\307\030QO\273_\226\322\227pL\277\n\273[\002p\034)\227\227\222\020\250e\225V\n~""; ","validation: """"\200\000\000\001&\000\000\000*)/\351\2532:\r\302\353\023?\373\240rQ\025[ d(\343\263\327\177\030\246\254H\277\254E\231\006\033_lB\210\264\334Y\322\314\362\320L\000P\027\000\000\000\000\000\000\000\000\000\000\000\000\000\000\000\000\000\000\000\000\000\000\000\000\000\000\000\000\000\000\000\000P\031\220\303+\207\352g\317N\027>\222M\271m\033\236\021:\272\233r\373\233hC}\256\020\210\010\233\335s!\003R7o\362bV\300hf\266\241;}\200^\374\240\203[:\342Q\225\221\027y\372\255\235\216\323~vF0D\002 v\014^G\216mNF#Pc\221&\275K\375\377\331\177,3&\253\253\331\202\014\244\010>\203\255\002 m\027\267\307\030QO\273_\226\322\227pL\277\n\273[\002p\034)\227\227\222\020\250e\225V\n~""; "
1750527666668,1750527666668,0,1,1,3,TMValidation,"validation: """"\200\000\000\001&\000\000\000*)/\351\2532:\r\302\353\023?\373\240rQ\025[ d(\343\263\327\177\030\246\254H\277\254E\231\006\033_lB\210\264\334Y\322\314\362\320L\000P\027\000\000\000\000\000\000\000\000\000\000\000\000\000\000\000\000\000\000\000\000\000\000\000\000\000\000\000\000\000\000\000\000P\031\220\303+\207\352g\317N\027>\222M\271m\033\236\021:\272\233r\373\233hC}\256\020\210\010\233\335s!\003R7o\362bV\300hf\266\241;}\200^\374\240\203[:\342Q\225\221\027y\372\255\235\216\323~vF0D\002 v\014^G\216mNF#Pc\221&\275K\375\377\331\177,3&\253\253\331\202\014\244\010>\203\255\002 m\027\267\307\030QO\273_\226\322\227pL\277\n\273[\002p\034)\227\227\222\020\250e\225V\n~""; ","validation: """"\200\000\000\001&\000\000\000*)/\351\2532:\r\302\353\023?\373\240rQ\025[ d(\343\263\327\177\030\246\254H\277\254E\231\006\033_lB\210\264\334Y\322\314\362\320L\000P\027\000\000\000\000\000\000\000\000\000\000\000\000\000\000\000\000\000\000\000\000\000\000\000\000\000\000\000\000\000\000\000\000P\031\220\303+\207\352g\317N\027>\222M\271m\033\236\021:\272\233r\373\233hC}\256\020\210\010\233\335s!\003R7o\362bV\300hf\266\241;}\200^\374\240\203[:\342Q\225\221\027y\372\255\235\216\323~vF0D\002 v\014^G\216mNF#Pc\221&\275K\375\377\331\177,3&\253\253\331\202\014\244\010>\203\255\002 m\027\267\307\030QO\273_\226\322\227pL\277\n\273[\002p\034)\227\227\222\020\250e\225V\n~""; "
1750527666670,1750527666670,0,1,0,2,TMValidation,"validation: """"\200\000\000\001&\000\000\000*)/\351\2532:\r\302\353\023?\373\240rQ\025[ d(\343\263\327\177\030\246\254H\277\254E\231\006\033_lB\210\264\334Y\322\314\362\320L\000P\027\000\000\000\000\000\000\000\000\000\000\000\000\000\000\000\000\000\000\000\000\000\000\000\000\000\000\000\000\000\000\000\000P\031\220\303+\207\352g\317N\027>\222M\271m\033\236\021:\272\233r\373\233hC}\256\020\210\010\233\335s!\003R7o\362bV\300hf\266\241;}\200^\374\240\203[:\342Q\225\221\027y\372\255\235\216\323~vF0D\002 v\014^G\216mNF#Pc\221&\275K\375\377\331\177,3&\253\253\331\202\014\244\010>\203\255\002 m\027\267\307\030QO\273_\226\322\227pL\277\n\273[\002p\034)\227\227\222\020\250e\225V\n~""; ","validation: """"\200\000\000\001&\000\000\000*)/\351\2532:\r\302\353\023?\373\240rQ\025[ d(\343\263\327\177\030\246\254H\277\254E\231\006\033_lB\210\264\334Y\322\314\362\320L\000P\027\000\000\000\000\000\000\000\000\000\000\000\000\000\000\000\000\000\000\000\000\000\000\000\000\000\000\000\000\000\000\000\000P\031\220\303+\207\352g\317N\027>\222M\271m\033\236\021:\272\233r\373\233hC}\256\020\210\010\233\335s!\003R7o\362bV\300hf\266\241;}\200^\374\240\203[:\342Q\225\221\027y\372\255\235\216\323~vF0D\002 v\014^G\216mNF#Pc\221&\275K\375\377\331\177,3&\253\253\331\202\014\244\010>\203\255\002 m\027\267\307\030QO\273_\226\322\227pL\277\n\273[\002p\034)\227\227\222\020\250e\225V\n~""; "
1750527666670,1750527666671,0,1,3,2,TMValidation,"validation: """"\200\000\000\001&\000\000\000*)/\351\2532:\r\302\353\023?\373\240rQ\025[ d(\343\263\327\177\030\246\254H\277\254E\231\006\033_lB\210\264\334Y\322\314\362\320L\000P\027\000\000\000\000\000\000\000\000\000\000\000\000\000\000\000\000\000\000\000\000\000\000\000\000\000\000\000\000\000\000\000\000P\031\220\303+\207\352g\317N\027>\222M\271m\033\236\021:\272\233r\373\233hC}\256\020\210\010\233\335s!\003R7o\362bV\300hf\266\241;}\200^\374\240\203[:\342Q\225\221\027y\372\255\235\216\323~vF0D\002 v\014^G\216mNF#Pc\221&\275K\375\377\331\177,3&\253\253\331\202\014\244\010>\203\255\002 m\027\267\307\030QO\273_\226\322\227pL\277\n\273[\002p\034)\227\227\222\020\250e\225V\n~""; ","validation: """"\200\000\000\001&\000\000\000*)/\351\2532:\r\302\353\023?\373\240rQ\025[ d(\343\263\327\177\030\246\254H\277\254E\231\006\033_lB\210\264\334Y\322\314\362\320L\000P\027\000\000\000\000\000\000\000\000\000\000\000\000\000\000\000\000\000\000\000\000\000\000\000\000\000\000\000\000\000\000\000\000P\031\220\303+\207\352g\317N\027>\222M\271m\033\236\021:\272\233r\373\233hC}\256\020\210\010\233\335s!\003R7o\362bV\300hf\266\241;}\200^\374\240\203[:\342Q\225\221\027y\372\255\235\216\323~vF0D\002 v\014^G\216mNF#Pc\221&\275K\375\377\331\177,3&\253\253\331\202\014\244\010>\203\255\002 m\027\267\307\030QO\273_\226\322\227pL\277\n\273[\002p\034)\227\227\222\020\250e\225V\n~""; "
1750527666671,1750527666671,0,1,3,0,TMValidation,"validation: """"\200\000\000\001&\000\000\000*)/\351\2532:\r\302\353\023?\373\240rQ\025[ d(\343\263\327\177\030\246\254H\277\254E\231\006\033_lB\210\264\334Y\322\314\362\320L\000P\027\000\000\000\000\000\000\000\000\000\000\000\000\000\000\000\000\000\000\000\000\000\000\000\000\000\000\000\000\000\000\000\000P\031\220\303+\207\352g\317N\027>\222M\271m\033\236\021:\272\233r\373\233hC}\256\020\210\010\233\335s!\003R7o\362bV\300hf\266\241;}\200^\374\240\203[:\342Q\225\221\027y\372\255\235\216\323~vF0D\002 v\014^G\216mNF#Pc\221&\275K\375\377\331\177,3&\253\253\331\202\014\244\010>\203\255\002 m\027\267\307\030QO\273_\226\322\227pL\277\n\273[\002p\034)\227\227\222\020\250e\225V\n~""; ","validation: """"\200\000\000\001&\000\000\000*)/\351\2532:\r\302\353\023?\373\240rQ\025[ d(\343\263\327\177\030\246\254H\277\254E\231\006\033_lB\210\264\334Y\322\314\362\320L\000P\027\000\000\000\000\000\000\000\000\000\000\000\000\000\000\000\000\000\000\000\000\000\000\000\000\000\000\000\000\000\000\000\000P\031\220\303+\207\352g\317N\027>\222M\271m\033\236\021:\272\233r\373\233hC}\256\020\210\010\233\335s!\003R7o\362bV\300hf\266\241;}\200^\374\240\203[:\342Q\225\221\027y\372\255\235\216\323~vF0D\002 v\014^G\216mNF#Pc\221&\275K\375\377\331\177,3&\253\253\331\202\014\244\010>\203\255\002 m\027\267\307\030QO\273_\226\322\227pL\277\n\273[\002p\034)\227\227\222\020\250e\225V\n~""; "
1750527666671,1750527666671,0,1,3,1,TMValidation,"validation: """"\200\000\000\001&\000\000\000*)/\351\2532:\r\302\353\023?\373\240rQ\025[ d(\343\263\327\177\030\246\254H\277\254E\231\006\033_lB\210\264\334Y\322\314\362\320L\000P\027\000\000\000\000\000\000\000\000\000\000\000\000\000\000\000\000\000\000\000\000\000\000\000\000\000\000\000\000\000\000\000\000P\031\220\303+\207\352g\317N\027>\222M\271m\033\236\021:\272\233r\373\233hC}\256\020\210\010\233\335s!\003R7o\362bV\300hf\266\241;}\200^\374\240\203[:\342Q\225\221\027y\372\255\235\216\323~vF0D\002 v\014^G\216mNF#Pc\221&\275K\375\377\331\177,3&\253\253\331\202\014\244\010>\203\255\002 m\027\267\307\030QO\273_\226\322\227pL\277\n\273[\002p\034)\227\227\222\020\250e\225V\n~""; ","validation: """"\200\000\000\001&\000\000\000*)/\351\2532:\r\302\353\023?\373\240rQ\025[ d(\343\263\327\177\030\246\254H\277\254E\231\006\033_lB\210\264\334Y\322\314\362\320L\000P\027\000\000\000\000\000\000\000\000\000\000\000\000\000\000\000\000\000\000\000\000\000\000\000\000\000\000\000\000\000\000\000\000P\031\220\303+\207\352g\317N\027>\222M\271m\033\236\021:\272\233r\373\233hC}\256\020\210\010\233\335s!\003R7o\362bV\300hf\266\241;}\200^\374\240\203[:\342Q\225\221\027y\372\255\235\216\323~vF0D\002 v\014^G\216mNF#Pc\221&\275K\375\377\331\177,3&\253\253\331\202\014\244\010>\203\255\002 m\027\267\307\030QO\273_\226\322\227pL\277\n\273[\002p\034)\227\227\222\020\250e\225V\n~""; "
1750527666671,1750527666671,0,1,2,3,TMValidation,"validation: """"\200\000\000\001&\000\000\000*)/\351\2532:\r\302\353\023?\373\240rQ\025[ d(\343\263\327\177\030\246\254H\277\254E\231\006\033_lB\210\264\334Y\322\314\362\320L\000P\027\000\000\000\000\000\000\000\000\000\000\000\000\000\000\000\000\000\000\000\000\000\000\000\000\000\000\000\000\000\000\000\000P\031\220\303+\207\352g\317N\027>\222M\271m\033\236\021:\272\233r\373\233hC}\256\020\210\010\233\335s!\003R7o\362bV\300hf\266\241;}\200^\374\240\203[:\342Q\225\221\027y\372\255\235\216\323~vF0D\002 v\014^G\216mNF#Pc\221&\275K\375\377\331\177,3&\253\253\331\202\014\244\010>\203\255\002 m\027\267\307\030QO\273_\226\322\227pL\277\n\273[\002p\034)\227\227\222\020\250e\225V\n~""; ","validation: """"\200\000\000\001&\000\000\000*)/\351\2532:\r\302\353\023?\373\240rQ\025[ d(\343\263\327\177\030\246\254H\277\254E\231\006\033_lB\210\264\334Y\322\314\362\320L\000P\027\000\000\000\000\000\000\000\000\000\000\000\000\000\000\000\000\000\000\000\000\000\000\000\000\000\000\000\000\000\000\000\000P\031\220\303+\207\352g\317N\027>\222M\271m\033\236\021:\272\233r\373\233hC}\256\020\210\010\233\335s!\003R7o\362bV\300hf\266\241;}\200^\374\240\203[:\342Q\225\221\027y\372\255\235\216\323~vF0D\002 v\014^G\216mNF#Pc\221&\275K\375\377\331\177,3&\253\253\331\202\014\244\010>\203\255\002 m\027\267\307\030QO\273_\226\322\227pL\277\n\273[\002p\034)\227\227\222\020\250e\225V\n~""; "
1750527666671,1750527666671,0,1,2,0,TMValidation,"validation: """"\200\000\000\001&\000\000\000*)/\351\2532:\r\302\353\023?\373\240rQ\025[ d(\343\263\327\177\030\246\254H\277\254E\231\006\033_lB\210\264\334Y\322\314\362\320L\000P\027\000\000\000\000\000\000\000\000\000\000\000\000\000\000\000\000\000\000\000\000\000\000\000\000\000\000\000\000\000\000\000\000P\031\220\303+\207\352g\317N\027>\222M\271m\033\236\021:\272\233r\373\233hC}\256\020\210\010\233\335s!\003R7o\362bV\300hf\266\241;}\200^\374\240\203[:\342Q\225\221\027y\372\255\235\216\323~vF0D\002 v\014^G\216mNF#Pc\221&\275K\375\377\331\177,3&\253\253\331\202\014\244\010>\203\255\002 m\027\267\307\030QO\273_\226\322\227pL\277\n\273[\002p\034)\227\227\222\020\250e\225V\n~""; ","validation: """"\200\000\000\001&\000\000\000*)/\351\2532:\r\302\353\023?\373\240rQ\025[ d(\343\263\327\177\030\246\254H\277\254E\231\006\033_lB\210\264\334Y\322\314\362\320L\000P\027\000\000\000\000\000\000\000\000\000\000\000\000\000\000\000\000\000\000\000\000\000\000\000\000\000\000\000\000\000\000\000\000P\031\220\303+\207\352g\317N\027>\222M\271m\033\236\021:\272\233r\373\233hC}\256\020\210\010\233\335s!\003R7o\362bV\300hf\266\241;}\200^\374\240\203[:\342Q\225\221\027y\372\255\235\216\323~vF0D\002 v\014^G\216mNF#Pc\221&\275K\375\377\331\177,3&\253\253\331\202\014\244\010>\203\255\002 m\027\267\307\030QO\273_\226\322\227pL\277\n\273[\002p\034)\227\227\222\020\250e\225V\n~""; "
1750527666672,1750527666672,0,1,2,1,TMValidation,"validation: """"\200\000\000\001&\000\000\000*)/\351\2532:\r\302\353\023?\373\240rQ\025[ d(\343\263\327\177\030\246\254H\277\254E\231\006\033_lB\210\264\334Y\322\314\362\320L\000P\027\000\000\000\000\000\000\000\000\000\000\000\000\000\000\000\000\000\000\000\000\000\000\000\000\000\000\000\000\000\000\000\000P\031\220\303+\207\352g\317N\027>\222M\271m\033\236\021:\272\233r\373\233hC}\256\020\210\010\233\335s!\003R7o\362bV\300hf\266\241;}\200^\374\240\203[:\342Q\225\221\027y\372\255\235\216\323~vF0D\002 v\014^G\216mNF#Pc\221&\275K\375\377\331\177,3&\253\253\331\202\014\244\010>\203\255\002 m\027\267\307\030QO\273_\226\322\227pL\277\n\273[\002p\034)\227\227\222\020\250e\225V\n~""; ","validation: """"\200\000\000\001&\000\000\000*)/\351\2532:\r\302\353\023?\373\240rQ\025[ d(\343\263\327\177\030\246\254H\277\254E\231\006\033_lB\210\264\334Y\322\314\362\320L\000P\027\000\000\000\000\000\000\000\000\000\000\000\000\000\000\000\000\000\000\000\000\000\000\000\000\000\000\000\000\000\000\000\000P\031\220\303+\207\352g\317N\027>\222M\271m\033\236\021:\272\233r\373\233hC}\256\020\210\010\233\335s!\003R7o\362bV\300hf\266\241;}\200^\374\240\203[:\342Q\225\221\027y\372\255\235\216\323~vF0D\002 v\014^G\216mNF#Pc\221&\275K\375\377\331\177,3&\253\253\331\202\014\244\010>\203\255\002 m\027\267\307\030QO\273_\226\322\227pL\277\n\273[\002p\034)\227\227\222\020\250e\225V\n~""; "
1750527667463,1750527667463,0,1,3,4,TMProposeSet,"proposeSeq: 0; currentTxHash: ""\000\000\000\000\000\000\000\000\000\000\000\000\000\000\000\000\000\000\000\000\000\000\000\000\000\000\000\000\000\000\000\000""; nodePubKey: ""\002\364d\217\366\217|\316F\232\231\241\n\261\333`\312O\367\235\025DD\336e\367\n\312\326\221\037\025\230""; closeTime: 803842867; signature: ""0D\002 \013\250\274\324\222\002\340KS\323\205\311\326,\300\252\277\313=\327\033&\325\370(n\351\376E\306.h\002 !v\rH\305\002\327\242\267\r\242\371\256\242\305\004;\177\224\221}\247\330\324\263|\265\220\355\347\272\200""; previousledger: ""\025[ d(\343\263\327\177\030\246\254H\277\254E\231\006\033_lB\210\264\334Y\322\314\362\320L\000""; ","proposeSeq: 0; currentTxHash: ""\000\000\000\000\000\000\000\000\000\000\000\000\000\000\000\000\000\000\000\000\000\000\000\000\000\000\000\000\000\000\000\000""; nodePubKey: ""\002\364d\217\366\217|\316F\232\231\241\n\261\333`\312O\367\235\025DD\336e\367\n\312\326\221\037\025\230""; closeTime: 803842867; signature: ""0D\002 \013\250\274\324\222\002\340KS\323\205\311\326,\300\252\277\313=\327\033&\325\370(n\351\376E\306.h\002 !v\rH\305\002\327\242\267\r\242\371\256\242\305\004;\177\224\221}\247\330\324\263|\265\220\355\347\272\200""; previousledger: ""\025[ d(\343\263\327\177\030\246\254H\277\254E\231\006\033_lB\210\264\334Y\322\314\362\320L\000""; "
1750527667466,1750527667466,0,1,4,2,TMProposeSet,"proposeSeq: 0; currentTxHash: ""\000\000\000\000\000\000\000\000\000\000\000\000\000\000\000\000\000\000\000\000\000\000\000\000\000\000\000\000\000\000\000\000""; nodePubKey: ""\002\364d\217\366\217|\316F\232\231\241\n\261\333`\312O\367\235\025DD\336e\367\n\312\326\221\037\025\230""; closeTime: 803842867; signature: ""0D\002 \013\250\274\324\222\002\340KS\323\205\311\326,\300\252\277\313=\327\033&\325\370(n\351\376E\306.h\002 !v\rH\305\002\327\242\267\r\242\371\256\242\305\004;\177\224\221}\247\330\324\263|\265\220\355\347\272\200""; previousledger: ""\025[ d(\343\263\327\177\030\246\254H\277\254E\231\006\033_lB\210\264\334Y\322\314\362\320L\000""; ","proposeSeq: 0; currentTxHash: ""\000\000\000\000\000\000\000\000\000\000\000\000\000\000\000\000\000\000\000\000\000\000\000\000\000\000\000\000\000\000\000\000""; nodePubKey: ""\002\364d\217\366\217|\316F\232\231\241\n\261\333`\312O\367\235\025DD\336e\367\n\312\326\221\037\025\230""; closeTime: 803842867; signature: ""0D\002 \013\250\274\324\222\002\340KS\323\205\311\326,\300\252\277\313=\327\033&\325\370(n\351\376E\306.h\002 !v\rH\305\002\327\242\267\r\242\371\256\242\305\004;\177\224\221}\247\330\324\263|\265\220\355\347\272\200""; previousledger: ""\025[ d(\343\263\327\177\030\246\254H\277\254E\231\006\033_lB\210\264\334Y\322\314\362\320L\000""; "
1750527667467,1750527667467,0,1,4,0,TMProposeSet,"proposeSeq: 0; currentTxHash: ""\000\000\000\000\000\000\000\000\000\000\000\000\000\000\000\000\000\000\000\000\000\000\000\000\000\000\000\000\000\000\000\000""; nodePubKey: ""\002\364d\217\366\217|\316F\232\231\241\n\261\333`\312O\367\235\025DD\336e\367\n\312\326\221\037\025\230""; closeTime: 803842867; signature: ""0D\002 \013\250\274\324\222\002\340KS\323\205\311\326,\300\252\277\313=\327\033&\325\370(n\351\376E\306.h\002 !v\rH\305\002\327\242\267\r\242\371\256\242\305\004;\177\224\221}\247\330\324\263|\265\220\355\347\272\200""; previousledger: ""\025[ d(\343\263\327\177\030\246\254H\277\254E\231\006\033_lB\210\264\334Y\322\314\362\320L\000""; ","proposeSeq: 0; currentTxHash: ""\000\000\000\000\000\000\000\000\000\000\000\000\000\000\000\000\000\000\000\000\000\000\000\000\000\000\000\000\000\000\000\000""; nodePubKey: ""\002\364d\217\366\217|\316F\232\231\241\n\261\333`\312O\367\235\025DD\336e\367\n\312\326\221\037\025\230""; closeTime: 803842867; signature: ""0D\002 \013\250\274\324\222\002\340KS\323\205\311\326,\300\252\277\313=\327\033&\325\370(n\351\376E\306.h\002 !v\rH\305\002\327\242\267\r\242\371\256\242\305\004;\177\224\221}\247\330\324\263|\265\220\355\347\272\200""; previousledger: ""\025[ d(\343\263\327\177\030\246\254H\277\254E\231\006\033_lB\210\264\334Y\322\314\362\320L\000""; "
1750527667467,1750527667467,0,1,4,1,TMProposeSet,"proposeSeq: 0; currentTxHash: ""\000\000\000\000\000\000\000\000\000\000\000\000\000\000\000\000\000\000\000\000\000\000\000\000\000\000\000\000\000\000\000\000""; nodePubKey: ""\002\364d\217\366\217|\316F\232\231\241\n\261\333`\312O\367\235\025DD\336e\367\n\312\326\221\037\025\230""; closeTime: 803842867; signature: ""0D\002 \013\250\274\324\222\002\340KS\323\205\311\326,\300\252\277\313=\327\033&\325\370(n\351\376E\306.h\002 !v\rH\305\002\327\242\267\r\242\371\256\242\305\004;\177\224\221}\247\330\324\263|\265\220\355\347\272\200""; previousledger: ""\025[ d(\343\263\327\177\030\246\254H\277\254E\231\006\033_lB\210\264\334Y\322\314\362\320L\000""; ","proposeSeq: 0; currentTxHash: ""\000\000\000\000\000\000\000\000\000\000\000\000\000\000\000\000\000\000\000\000\000\000\000\000\000\000\000\000\000\000\000\000""; nodePubKey: ""\002\364d\217\366\217|\316F\232\231\241\n\261\333`\312O\367\235\025DD\336e\367\n\312\326\221\037\025\230""; closeTime: 803842867; signature: ""0D\002 \013\250\274\324\222\002\340KS\323\205\311\326,\300\252\277\313=\327\033&\325\370(n\351\376E\306.h\002 !v\rH\305\002\327\242\267\r\242\371\256\242\305\004;\177\224\221}\247\330\324\263|\265\220\355\347\272\200""; previousledger: ""\025[ d(\343\263\327\177\030\246\254H\277\254E\231\006\033_lB\210\264\334Y\322\314\362\320L\000""; "
1750527667506,1750527667506,0,1,3,1,TMProposeSet,"proposeSeq: 0; currentTxHash: ""\000\000\000\000\000\000\000\000\000\000\000\000\000\000\000\000\000\000\000\000\000\000\000\000\000\000\000\000\000\000\000\000""; nodePubKey: ""\002\364d\217\366\217|\316F\232\231\241\n\261\333`\312O\367\235\025DD\336e\367\n\312\326\221\037\025\230""; closeTime: 803842867; signature: ""0D\002 \013\250\274\324\222\002\340KS\323\205\311\326,\300\252\277\313=\327\033&\325\370(n\351\376E\306.h\002 !v\rH\305\002\327\242\267\r\242\371\256\242\305\004;\177\224\221}\247\330\324\263|\265\220\355\347\272\200""; previousledger: ""\025[ d(\343\263\327\177\030\246\254H\277\254E\231\006\033_lB\210\264\334Y\322\314\362\320L\000""; ","proposeSeq: 0; currentTxHash: ""\000\000\000\000\000\000\000\000\000\000\000\000\000\000\000\000\000\000\000\000\000\000\000\000\000\000\000\000\000\000\000\000""; nodePubKey: ""\002\364d\217\366\217|\316F\232\231\241\n\261\333`\312O\367\235\025DD\336e\367\n\312\326\221\037\025\230""; closeTime: 803842867; signature: ""0D\002 \013\250\274\324\222\002\340KS\323\205\311\326,\300\252\277\313=\327\033&\325\370(n\351\376E\306.h\002 !v\rH\305\002\327\242\267\r\242\371\256\242\305\004;\177\224\221}\247\330\324\263|\265\220\355\347\272\200""; previousledger: ""\025[ d(\343\263\327\177\030\246\254H\277\254E\231\006\033_lB\210\264\334Y\322\314\362\320L\000""; "
1750527667506,1750527667507,0,1,3,2,TMProposeSet,"proposeSeq: 0; currentTxHash: ""\000\000\000\000\000\000\000\000\000\000\000\000\000\000\000\000\000\000\000\000\000\000\000\000\000\000\000\000\000\000\000\000""; nodePubKey: ""\002\364d\217\366\217|\316F\232\231\241\n\261\333`\312O\367\235\025DD\336e\367\n\312\326\221\037\025\230""; closeTime: 803842867; signature: ""0D\002 \013\250\274\324\222\002\340KS\323\205\311\326,\300\252\277\313=\327\033&\325\370(n\351\376E\306.h\002 !v\rH\305\002\327\242\267\r\242\371\256\242\305\004;\177\224\221}\247\330\324\263|\265\220\355\347\272\200""; previousledger: ""\025[ d(\343\263\327\177\030\246\254H\277\254E\231\006\033_lB\210\264\334Y\322\314\362\320L\000""; ","proposeSeq: 0; currentTxHash: ""\000\000\000\000\000\000\000\000\000\000\000\000\000\000\000\000\000\000\000\000\000\000\000\000\000\000\000\000\000\000\000\000""; nodePubKey: ""\002\364d\217\366\217|\316F\232\231\241\n\261\333`\312O\367\235\025DD\336e\367\n\312\326\221\037\025\230""; closeTime: 803842867; signature: ""0D\002 \013\250\274\324\222\002\340KS\323\205\311\326,\300\252\277\313=\327\033&\325\370(n\351\376E\306.h\002 !v\rH\305\002\327\242\267\r\242\371\256\242\305\004;\177\224\221}\247\330\324\263|\265\220\355\347\272\200""; previousledger: ""\025[ d(\343\263\327\177\030\246\254H\277\254E\231\006\033_lB\210\264\334Y\322\314\362\320L\000""; "
1750527667507,1750527667507,0,1,3,0,TMProposeSet,"proposeSeq: 0; currentTxHash: ""\000\000\000\000\000\000\000\000\000\000\000\000\000\000\000\000\000\000\000\000\000\000\000\000\000\000\000\000\000\000\000\000""; nodePubKey: ""\002\364d\217\366\217|\316F\232\231\241\n\261\333`\312O\367\235\025DD\336e\367\n\312\326\221\037\025\230""; closeTime: 803842867; signature: ""0D\002 \013\250\274\324\222\002\340KS\323\205\311\326,\300\252\277\313=\327\033&\325\370(n\351\376E\306.h\002 !v\rH\305\002\327\242\267\r\242\371\256\242\305\004;\177\224\221}\247\330\324\263|\265\220\355\347\272\200""; previousledger: ""\025[ d(\343\263\327\177\030\246\254H\277\254E\231\006\033_lB\210\264\334Y\322\314\362\320L\000""; ","proposeSeq: 0; currentTxHash: ""\000\000\000\000\000\000\000\000\000\000\000\000\000\000\000\000\000\000\000\000\000\000\000\000\000\000\000\000\000\000\000\000""; nodePubKey: ""\002\364d\217\366\217|\316F\232\231\241\n\261\333`\312O\367\235\025DD\336e\367\n\312\326\221\037\025\230""; closeTime: 803842867; signature: ""0D\002 \013\250\274\324\222\002\340KS\323\205\311\326,\300\252\277\313=\327\033&\325\370(n\351\376E\306.h\002 !v\rH\305\002\327\242\267\r\242\371\256\242\305\004;\177\224\221}\247\330\324\263|\265\220\355\347\272\200""; previousledger: ""\025[ d(\343\263\327\177\030\246\254H\277\254E\231\006\033_lB\210\264\334Y\322\314\362\320L\000""; "
1750527667463,1750527667536,0,1,3,2,TMStatusChange,"newEvent: neCLOSING_LEDGER; ledgerSeq: 42; ledgerHash: ""\025[ d(\343\263\327\177\030\246\254H\277\254E\231\006\033_lB\210\264\334Y\322\314\362\320L\000""; ledgerHashPrevious: ""\220\303+\207\352g\317N\027>\222M\271m\033\236\021:\272\233r\373\233hC}\256\020\210\010\233\335""; networkTime: 803842867; firstSeq: 1; lastSeq: 42; ","newEvent: neCLOSING_LEDGER; ledgerSeq: 42; ledgerHash: ""\025[ d(\343\263\327\177\030\246\254H\277\254E\231\006\033_lB\210\264\334Y\322\314\362\320L\000""; ledgerHashPrevious: ""\220\303+\207\352g\317N\027>\222M\271m\033\236\021:\272\233r\373\233hC}\256\020\210\010\233\335""; networkTime: 803842867; firstSeq: 1; lastSeq: 42; "
1750527667465,1750527667537,0,1,3,1,TMStatusChange,"newEvent: neCLOSING_LEDGER; ledgerSeq: 42; ledgerHash: ""\025[ d(\343\263\327\177\030\246\254H\277\254E\231\006\033_lB\210\264\334Y\322\314\362\320L\000""; ledgerHashPrevious: ""\220\303+\207\352g\317N\027>\222M\271m\033\236\021:\272\233r\373\233hC}\256\020\210\010\233\335""; networkTime: 803842867; firstSeq: 1; lastSeq: 42; ","newEvent: neCLOSING_LEDGER; ledgerSeq: 42; ledgerHash: ""\025[ d(\343\263\327\177\030\246\254H\277\254E\231\006\033_lB\210\264\334Y\322\314\362\320L\000""; ledgerHashPrevious: ""\220\303+\207\352g\317N\027>\222M\271m\033\236\021:\272\233r\373\233hC}\256\020\210\010\233\335""; networkTime: 803842867; firstSeq: 1; lastSeq: 42; "
1750527667465,1750527667537,0,1,3,0,TMStatusChange,"newEvent: neCLOSING_LEDGER; ledgerSeq: 42; ledgerHash: ""\025[ d(\343\263\327\177\030\246\254H\277\254E\231\006\033_lB\210\264\334Y\322\314\362\320L\000""; ledgerHashPrevious: ""\220\303+\207\352g\317N\027>\222M\271m\033\236\021:\272\233r\373\233hC}\256\020\210\010\233\335""; networkTime: 803842867; firstSeq: 1; lastSeq: 42; ","newEvent: neCLOSING_LEDGER; ledgerSeq: 42; ledgerHash: ""\025[ d(\343\263\327\177\030\246\254H\277\254E\231\006\033_lB\210\264\334Y\322\314\362\320L\000""; ledgerHashPrevious: ""\220\303+\207\352g\317N\027>\222M\271m\033\236\021:\272\233r\373\233hC}\256\020\210\010\233\335""; networkTime: 803842867; firstSeq: 1; lastSeq: 42; "
1750527667465,1750527667537,0,1,3,4,TMStatusChange,"newEvent: neCLOSING_LEDGER; ledgerSeq: 42; ledgerHash: ""\025[ d(\343\263\327\177\030\246\254H\277\254E\231\006\033_lB\210\264\334Y\322\314\362\320L\000""; ledgerHashPrevious: ""\220\303+\207\352g\317N\027>\222M\271m\033\236\021:\272\233r\373\233hC}\256\020\210\010\233\335""; networkTime: 803842867; firstSeq: 1; lastSeq: 42; ","newEvent: neCLOSING_LEDGER; ledgerSeq: 42; ledgerHash: ""\025[ d(\343\263\327\177\030\246\254H\277\254E\231\006\033_lB\210\264\334Y\322\314\362\320L\000""; ledgerHashPrevious: ""\220\303+\207\352g\317N\027>\222M\271m\033\236\021:\272\233r\373\233hC}\256\020\210\010\233\335""; networkTime: 803842867; firstSeq: 1; lastSeq: 42; "
1750527667625,1750527667625,0,1,4,1,TMProposeSet,"proposeSeq: 0; currentTxHash: ""\000\000\000\000\000\000\000\000\000\000\000\000\000\000\000\000\000\000\000\000\000\000\000\000\000\000\000\000\000\000\000\000""; nodePubKey: ""\003R7o\362bV\300hf\266\241;}\200^\374\240\203[:\342Q\225\221\027y\372\255\235\216\323~""; closeTime: 803842867; signature: ""0D\002 2\311\330\357\022\201\242O\017\245\375\242\307L\t\371\204\263.u\352\n\253\207\260\345\330\342\025\257\250l\002 OQG\274\022\327`U\341\264>\207\002\247\212NU\347\365\333\371\022\3225\257\200`4\327\305\342\251""; previousledger: ""\025[ d(\343\263\327\177\030\246\254H\277\254E\231\006\033_lB\210\264\334Y\322\314\362\320L\000""; ","proposeSeq: 0; currentTxHash: ""\000\000\000\000\000\000\000\000\000\000\000\000\000\000\000\000\000\000\000\000\000\000\000\000\000\000\000\000\000\000\000\000""; nodePubKey: ""\003R7o\362bV\300hf\266\241;}\200^\374\240\203[:\342Q\225\221\027y\372\255\235\216\323~""; closeTime: 803842867; signature: ""0D\002 2\311\330\357\022\201\242O\017\245\375\242\307L\t\371\204\263.u\352\n\253\207\260\345\330\342\025\257\250l\002 OQG\274\022\327`U\341\264>\207\002\247\212NU\347\365\333\371\022\3225\257\200`4\327\305\342\251""; previousledger: ""\025[ d(\343\263\327\177\030\246\254H\277\254E\231\006\033_lB\210\264\334Y\322\314\362\320L\000""; "
1750527667626,1750527667626,0,1,4,3,TMProposeSet,"proposeSeq: 0; currentTxHash: ""\000\000\000\000\000\000\000\000\000\000\000\000\000\000\000\000\000\000\000\000\000\000\000\000\000\000\000\000\000\000\000\000""; nodePubKey: ""\003R7o\362bV\300hf\266\241;}\200^\374\240\203[:\342Q\225\221\027y\372\255\235\216\323~""; closeTime: 803842867; signature: ""0D\002 2\311\330\357\022\201\242O\017\245\375\242\307L\t\371\204\263.u\352\n\253\207\260\345\330\342\025\257\250l\002 OQG\274\022\327`U\341\264>\207\002\247\212NU\347\365\333\371\022\3225\257\200`4\327\305\342\251""; previousledger: ""\025[ d(\343\263\327\177\030\246\254H\277\254E\231\006\033_lB\210\264\334Y\322\314\362\320L\000""; ","proposeSeq: 0; currentTxHash: ""\000\000\000\000\000\000\000\000\000\000\000\000\000\000\000\000\000\000\000\000\000\000\000\000\000\000\000\000\000\000\000\000""; nodePubKey: ""\003R7o\362bV\300hf\266\241;}\200^\374\240\203[:\342Q\225\221\027y\372\255\235\216\323~""; closeTime: 803842867; signature: ""0D\002 2\311\330\357\022\201\242O\017\245\375\242\307L\t\371\204\263.u\352\n\253\207\260\345\330\342\025\257\250l\002 OQG\274\022\327`U\341\264>\207\002\247\212NU\347\365\333\371\022\3225\257\200`4\327\305\342\251""; previousledger: ""\025[ d(\343\263\327\177\030\246\254H\277\254E\231\006\033_lB\210\264\334Y\322\314\362\320L\000""; "
1750527667628,1750527667628,0,1,4,0,TMProposeSet,"proposeSeq: 0; currentTxHash: ""\000\000\000\000\000\000\000\000\000\000\000\000\000\000\000\000\000\000\000\000\000\000\000\000\000\000\000\000\000\000\000\000""; nodePubKey: ""\003R7o\362bV\300hf\266\241;}\200^\374\240\203[:\342Q\225\221\027y\372\255\235\216\323~""; closeTime: 803842867; signature: ""0D\002 2\311\330\357\022\201\242O\017\245\375\242\307L\t\371\204\263.u\352\n\253\207\260\345\330\342\025\257\250l\002 OQG\274\022\327`U\341\264>\207\002\247\212NU\347\365\333\371\022\3225\257\200`4\327\305\342\251""; previousledger: ""\025[ d(\343\263\327\177\030\246\254H\277\254E\231\006\033_lB\210\264\334Y\322\314\362\320L\000""; ","proposeSeq: 0; currentTxHash: ""\000\000\000\000\000\000\000\000\000\000\000\000\000\000\000\000\000\000\000\000\000\000\000\000\000\000\000\000\000\000\000\000""; nodePubKey: ""\003R7o\362bV\300hf\266\241;}\200^\374\240\203[:\342Q\225\221\027y\372\255\235\216\323~""; closeTime: 803842867; signature: ""0D\002 2\311\330\357\022\201\242O\017\245\375\242\307L\t\371\204\263.u\352\n\253\207\260\345\330\342\025\257\250l\002 OQG\274\022\327`U\341\264>\207\002\247\212NU\347\365\333\371\022\3225\257\200`4\327\305\342\251""; previousledger: ""\025[ d(\343\263\327\177\030\246\254H\277\254E\231\006\033_lB\210\264\334Y\322\314\362\320L\000""; "
1750527667630,1750527667630,0,1,3,1,TMProposeSet,"proposeSeq: 0; currentTxHash: ""\000\000\000\000\000\000\000\000\000\000\000\000\000\000\000\000\000\000\000\000\000\000\000\000\000\000\000\000\000\000\000\000""; nodePubKey: ""\003R7o\362bV\300hf\266\241;}\200^\374\240\203[:\342Q\225\221\027y\372\255\235\216\323~""; closeTime: 803842867; signature: ""0D\002 2\311\330\357\022\201\242O\017\245\375\242\307L\t\371\204\263.u\352\n\253\207\260\345\330\342\025\257\250l\002 OQG\274\022\327`U\341\264>\207\002\247\212NU\347\365\333\371\022\3225\257\200`4\327\305\342\251""; previousledger: ""\025[ d(\343\263\327\177\030\246\254H\277\254E\231\006\033_lB\210\264\334Y\322\314\362\320L\000""; ","proposeSeq: 0; currentTxHash: ""\000\000\000\000\000\000\000\000\000\000\000\000\000\000\000\000\000\000\000\000\000\000\000\000\000\000\000\000\000\000\000\000""; nodePubKey: ""\003R7o\362bV\300hf\266\241;}\200^\374\240\203[:\342Q\225\221\027y\372\255\235\216\323~""; closeTime: 803842867; signature: ""0D\002 2\311\330\357\022\201\242O\017\245\375\242\307L\t\371\204\263.u\352\n\253\207\260\345\330\342\025\257\250l\002 OQG\274\022\327`U\341\264>\207\002\247\212NU\347\365\333\371\022\3225\257\200`4\327\305\342\251""; previousledger: ""\025[ d(\343\263\327\177\030\246\254H\277\254E\231\006\033_lB\210\264\334Y\322\314\362\320L\000""; "
1750527667629,1750527667629,0,1,3,2,TMProposeSet,"proposeSeq: 0; currentTxHash: ""\000\000\000\000\000\000\000\000\000\000\000\000\000\000\000\000\000\000\000\000\000\000\000\000\000\000\000\000\000\000\000\000""; nodePubKey: ""\003R7o\362bV\300hf\266\241;}\200^\374\240\203[:\342Q\225\221\027y\372\255\235\216\323~""; closeTime: 803842867; signature: ""0D\002 2\311\330\357\022\201\242O\017\245\375\242\307L\t\371\204\263.u\352\n\253\207\260\345\330\342\025\257\250l\002 OQG\274\022\327`U\341\264>\207\002\247\212NU\347\365\333\371\022\3225\257\200`4\327\305\342\251""; previousledger: ""\025[ d(\343\263\327\177\030\246\254H\277\254E\231\006\033_lB\210\264\334Y\322\314\362\320L\000""; ","proposeSeq: 0; currentTxHash: ""\000\000\000\000\000\000\000\000\000\000\000\000\000\000\000\000\000\000\000\000\000\000\000\000\000\000\000\000\000\000\000\000""; nodePubKey: ""\003R7o\362bV\300hf\266\241;}\200^\374\240\203[:\342Q\225\221\027y\372\255\235\216\323~""; closeTime: 803842867; signature: ""0D\002 2\311\330\357\022\201\242O\017\245\375\242\307L\t\371\204\263.u\352\n\253\207\260\345\330\342\025\257\250l\002 OQG\274\022\327`U\341\264>\207\002\247\212NU\347\365\333\371\022\3225\257\200`4\327\305\342\251""; previousledger: ""\025[ d(\343\263\327\177\030\246\254H\277\254E\231\006\033_lB\210\264\334Y\322\314\362\320L\000""; "
1750527667630,1750527667630,0,1,3,0,TMProposeSet,"proposeSeq: 0; currentTxHash: ""\000\000\000\000\000\000\000\000\000\000\000\000\000\000\000\000\000\000\000\000\000\000\000\000\000\000\000\000\000\000\000\000""; nodePubKey: ""\003R7o\362bV\300hf\266\241;}\200^\374\240\203[:\342Q\225\221\027y\372\255\235\216\323~""; closeTime: 803842867; signature: ""0D\002 2\311\330\357\022\201\242O\017\245\375\242\307L\t\371\204\263.u\352\n\253\207\260\345\330\342\025\257\250l\002 OQG\274\022\327`U\341\264>\207\002\247\212NU\347\365\333\371\022\3225\257\200`4\327\305\342\251""; previousledger: ""\025[ d(\343\263\327\177\030\246\254H\277\254E\231\006\033_lB\210\264\334Y\322\314\362\320L\000""; ","proposeSeq: 0; currentTxHash: ""\000\000\000\000\000\000\000\000\000\000\000\000\000\000\000\000\000\000\000\000\000\000\000\000\000\000\000\000\000\000\000\000""; nodePubKey: ""\003R7o\362bV\300hf\266\241;}\200^\374\240\203[:\342Q\225\221\027y\372\255\235\216\323~""; closeTime: 803842867; signature: ""0D\002 2\311\330\357\022\201\242O\017\245\375\242\307L\t\371\204\263.u\352\n\253\207\260\345\330\342\025\257\250l\002 OQG\274\022\327`U\341\264>\207\002\247\212NU\347\365\333\371\022\3225\257\200`4\327\305\342\251""; previousledger: ""\025[ d(\343\263\327\177\030\246\254H\277\254E\231\006\033_lB\210\264\334Y\322\314\362\320L\000""; "
1750527667629,1750527667629,0,1,4,2,TMProposeSet,"proposeSeq: 0; currentTxHash: ""\000\000\000\000\000\000\000\000\000\000\000\000\000\000\000\000\000\000\000\000\000\000\000\000\000\000\000\000\000\000\000\000""; nodePubKey: ""\003R7o\362bV\300hf\266\241;}\200^\374\240\203[:\342Q\225\221\027y\372\255\235\216\323~""; closeTime: 803842867; signature: ""0D\002 2\311\330\357\022\201\242O\017\245\375\242\307L\t\371\204\263.u\352\n\253\207\260\345\330\342\025\257\250l\002 OQG\274\022\327`U\341\264>\207\002\247\212NU\347\365\333\371\022\3225\257\200`4\327\305\342\251""; previousledger: ""\025[ d(\343\263\327\177\030\246\254H\277\254E\231\006\033_lB\210\264\334Y\322\314\362\320L\000""; ","proposeSeq: 0; currentTxHash: ""\000\000\000\000\000\000\000\000\000\000\000\000\000\000\000\000\000\000\000\000\000\000\000\000\000\000\000\000\000\000\000\000""; nodePubKey: ""\003R7o\362bV\300hf\266\241;}\200^\374\240\203[:\342Q\225\221\027y\372\255\235\216\323~""; closeTime: 803842867; signature: ""0D\002 2\311\330\357\022\201\242O\017\245\375\242\307L\t\371\204\263.u\352\n\253\207\260\345\330\342\025\257\250l\002 OQG\274\022\327`U\341\264>\207\002\247\212NU\347\365\333\371\022\3225\257\200`4\327\305\342\251""; previousledger: ""\025[ d(\343\263\327\177\030\246\254H\277\254E\231\006\033_lB\210\264\334Y\322\314\362\320L\000""; "
1750527667624,1750527667701,0,1,4,3,TMStatusChange,"newEvent: neCLOSING_LEDGER; ledgerSeq: 42; ledgerHash: ""\025[ d(\343\263\327\177\030\246\254H\277\254E\231\006\033_lB\210\264\334Y\322\314\362\320L\000""; ledgerHashPrevious: ""\220\303+\207\352g\317N\027>\222M\271m\033\236\021:\272\233r\373\233hC}\256\020\210\010\233\335""; networkTime: 803842867; firstSeq: 1; lastSeq: 42; ","newEvent: neCLOSING_LEDGER; ledgerSeq: 42; ledgerHash: ""\025[ d(\343\263\327\177\030\246\254H\277\254E\231\006\033_lB\210\264\334Y\322\314\362\320L\000""; ledgerHashPrevious: ""\220\303+\207\352g\317N\027>\222M\271m\033\236\021:\272\233r\373\233hC}\256\020\210\010\233\335""; networkTime: 803842867; firstSeq: 1; lastSeq: 42; "
1750527667625,1750527667701,0,1,4,1,TMStatusChange,"newEvent: neCLOSING_LEDGER; ledgerSeq: 42; ledgerHash: ""\025[ d(\343\263\327\177\030\246\254H\277\254E\231\006\033_lB\210\264\334Y\322\314\362\320L\000""; ledgerHashPrevious: ""\220\303+\207\352g\317N\027>\222M\271m\033\236\021:\272\233r\373\233hC}\256\020\210\010\233\335""; networkTime: 803842867; firstSeq: 1; lastSeq: 42; ","newEvent: neCLOSING_LEDGER; ledgerSeq: 42; ledgerHash: ""\025[ d(\343\263\327\177\030\246\254H\277\254E\231\006\033_lB\210\264\334Y\322\314\362\320L\000""; ledgerHashPrevious: ""\220\303+\207\352g\317N\027>\222M\271m\033\236\021:\272\233r\373\233hC}\256\020\210\010\233\335""; networkTime: 803842867; firstSeq: 1; lastSeq: 42; "
1750527667627,1750527667702,0,1,4,0,TMStatusChange,"newEvent: neCLOSING_LEDGER; ledgerSeq: 42; ledgerHash: ""\025[ d(\343\263\327\177\030\246\254H\277\254E\231\006\033_lB\210\264\334Y\322\314\362\320L\000""; ledgerHashPrevious: ""\220\303+\207\352g\317N\027>\222M\271m\033\236\021:\272\233r\373\233hC}\256\020\210\010\233\335""; networkTime: 803842867; firstSeq: 1; lastSeq: 42; ","newEvent: neCLOSING_LEDGER; ledgerSeq: 42; ledgerHash: ""\025[ d(\343\263\327\177\030\246\254H\277\254E\231\006\033_lB\210\264\334Y\322\314\362\320L\000""; ledgerHashPrevious: ""\220\303+\207\352g\317N\027>\222M\271m\033\236\021:\272\233r\373\233hC}\256\020\210\010\233\335""; networkTime: 803842867; firstSeq: 1; lastSeq: 42; "
1750527667628,1750527667702,0,1,4,2,TMStatusChange,"newEvent: neCLOSING_LEDGER; ledgerSeq: 42; ledgerHash: ""\025[ d(\343\263\327\177\030\246\254H\277\254E\231\006\033_lB\210\264\334Y\322\314\362\320L\000""; ledgerHashPrevious: ""\220\303+\207\352g\317N\027>\222M\271m\033\236\021:\272\233r\373\233hC}\256\020\210\010\233\335""; networkTime: 803842867; firstSeq: 1; lastSeq: 42; ","newEvent: neCLOSING_LEDGER; ledgerSeq: 42; ledgerHash: ""\025[ d(\343\263\327\177\030\246\254H\277\254E\231\006\033_lB\210\264\334Y\322\314\362\320L\000""; ledgerHashPrevious: ""\220\303+\207\352g\317N\027>\222M\271m\033\236\021:\272\233r\373\233hC}\256\020\210\010\233\335""; networkTime: 803842867; firstSeq: 1; lastSeq: 42; "
1750527669465,1750527669465,0,1,3,2,TMValidation,"validation: """"\200\000\000\001&\000\000\000+)/\351\2535:p\210\265\307-\212\200\004QQ\240\317\3502\006,|\364\004\275\034\006\337\370""\330\364\202\314\315\311?\030\260\361u)\336\202\265YP\027\000\000\000\000\000\000\000\000\000\000\000\000\000\000\000\000\000\000\000\000\000\000\000\000\000\000\000\000\000\000\000\000P\031\025[ d(\343\263\327\177\030\246\254H\277\254E\231\006\033_lB\210\264\334Y\322\314\362\320L\000s!\002\364d\217\366\217|\316F\232\231\241\n\261\333`\312O\367\235\025DD\336e\367\n\312\326\221\037\025\230vF0D\002 }<\343f\377\005\210,\340\204\250\n\273HY\252\233\276\374\271\217\312\244\340""4B\243\021\020\331!\002 z\324e\006_\224\274[d\327{\365_2bm\3434\020)\0337\002\313\267\3722H=g\330F""; ","validation: """"\200\000\000\001&\000\000\000+)/\351\2535:p\210\265\307-\212\200\004QQ\240\317\3502\006,|\364\004\275\034\006\337\370""\330\364\202\314\315\311?\030\260\361u)\336\202\265YP\027\000\000\000\000\000\000\000\000\000\000\000\000\000\000\000\000\000\000\000\000\000\000\000\000\000\000\000\000\000\000\000\000P\031\025[ d(\343\263\327\177\030\246\254H\277\254E\231\006\033_lB\210\264\334Y\322\314\362\320L\000s!\002\364d\217\366\217|\316F\232\231\241\n\261\333`\312O\367\235\025DD\336e\367\n\312\326\221\037\025\230vF0D\002 }<\343f\377\005\210,\340\204\250\n\273HY\252\233\276\374\271\217\312\244\340""4B\243\021\020\331!\002 z\324e\006_\224\274[d\327{\365_2bm\3434\020)\0337\002\313\267\3722H=g\330F""; "
1750527669466,1750527669466,0,1,3,4,TMValidation,"validation: """"\200\000\000\001&\000\000\000+)/\351\2535:p\210\265\307-\212\200\004QQ\240\317\3502\006,|\364\004\275\034\006\337\370""\330\364\202\314\315\311?\030\260\361u)\336\202\265YP\027\000\000\000\000\000\000\000\000\000\000\000\000\000\000\000\000\000\000\000\000\000\000\000\000\000\000\000\000\000\000\000\000P\031\025[ d(\343\263\327\177\030\246\254H\277\254E\231\006\033_lB\210\264\334Y\322\314\362\320L\000s!\002\364d\217\366\217|\316F\232\231\241\n\261\333`\312O\367\235\025DD\336e\367\n\312\326\221\037\025\230vF0D\002 }<\343f\377\005\210,\340\204\250\n\273HY\252\233\276\374\271\217\312\244\340""4B\243\021\020\331!\002 z\324e\006_\224\274[d\327{\365_2bm\3434\020)\0337\002\313\267\3722H=g\330F""; ","validation: """"\200\000\000\001&\000\000\000+)/\351\2535:p\210\265\307-\212\200\004QQ\240\317\3502\006,|\364\004\275\034\006\337\370""\330\364\202\314\315\311?\030\260\361u)\336\202\265YP\027\000\000\000\000\000\000\000\000\000\000\000\000\000\000\000\000\000\000\000\000\000\000\000\000\000\000\000\000\000\000\000\000P\031\025[ d(\343\263\327\177\030\246\254H\277\254E\231\006\033_lB\210\264\334Y\322\314\362\320L\000s!\002\364d\217\366\217|\316F\232\231\241\n\261\333`\312O\367\235\025DD\336e\367\n\312\326\221\037\025\230vF0D\002 }<\343f\377\005\210,\340\204\250\n\273HY\252\233\276\374\271\217\312\244\340""4B\243\021\020\331!\002 z\324e\006_\224\274[d\327{\365_2bm\3434\020)\0337\002\313\267\3722H=g\330F""; "
1750527669465,1750527669465,0,1,3,2,TMStatusChange,"newEvent: neACCEPTED_LEDGER; ledgerSeq: 43; ledgerHash: ""Q\240\317\3502\006,|\364\004\275\034\006\337\370""\330\364\202\314\315\311?\030\260\361u)\336\202\265Y""; ledgerHashPrevious: ""\025[ d(\343\263\327\177\030\246\254H\277\254E\231\006\033_lB\210\264\334Y\322\314\362\320L\000""; networkTime: 803842869; firstSeq: 1; lastSeq: 42; ","newEvent: neACCEPTED_LEDGER; ledgerSeq: 43; ledgerHash: ""Q\240\317\3502\006,|\364\004\275\034\006\337\370""\330\364\202\314\315\311?\030\260\361u)\336\202\265Y""; ledgerHashPrevious: ""\025[ d(\343\263\327\177\030\246\254H\277\254E\231\006\033_lB\210\264\334Y\322\314\362\320L\000""; networkTime: 803842869; firstSeq: 1; lastSeq: 42; "
1750527669467,1750527669468,0,1,3,1,TMStatusChange,"newEvent: neACCEPTED_LEDGER; ledgerSeq: 43; ledgerHash: ""Q\240\317\3502\006,|\364\004\275\034\006\337\370""\330\364\202\314\315\311?\030\260\361u)\336\202\265Y""; ledgerHashPrevious: ""\025[ d(\343\263\327\177\030\246\254H\277\254E\231\006\033_lB\210\264\334Y\322\314\362\320L\000""; networkTime: 803842869; firstSeq: 1; lastSeq: 42; ","newEvent: neACCEPTED_LEDGER; ledgerSeq: 43; ledgerHash: ""Q\240\317\3502\006,|\364\004\275\034\006\337\370""\330\364\202\314\315\311?\030\260\361u)\336\202\265Y""; ledgerHashPrevious: ""\025[ d(\343\263\327\177\030\246\254H\277\254E\231\006\033_lB\210\264\334Y\322\314\362\320L\000""; networkTime: 803842869; firstSeq: 1; lastSeq: 42; "
1750527669468,1750527669468,0,1,3,0,TMValidation,"validation: """"\200\000\000\001&\000\000\000+)/\351\2535:p\210\265\307-\212\200\004QQ\240\317\3502\006,|\364\004\275\034\006\337\370""\330\364\202\314\315\311?\030\260\361u)\336\202\265YP\027\000\000\000\000\000\000\000\000\000\000\000\000\000\000\000\000\000\000\000\000\000\000\000\000\000\000\000\000\000\000\000\000P\031\025[ d(\343\263\327\177\030\246\254H\277\254E\231\006\033_lB\210\264\334Y\322\314\362\320L\000s!\002\364d\217\366\217|\316F\232\231\241\n\261\333`\312O\367\235\025DD\336e\367\n\312\326\221\037\025\230vF0D\002 }<\343f\377\005\210,\340\204\250\n\273HY\252\233\276\374\271\217\312\244\340""4B\243\021\020\331!\002 z\324e\006_\224\274[d\327{\365_2bm\3434\020)\0337\002\313\267\3722H=g\330F""; ","validation: """"\200\000\000\001&\000\000\000+)/\351\2535:p\210\265\307-\212\200\004QQ\240\317\3502\006,|\364\004\275\034\006\337\370""\330\364\202\314\315\311?\030\260\361u)\336\202\265YP\027\000\000\000\000\000\000\000\000\000\000\000\000\000\000\000\000\000\000\000\000\000\000\000\000\000\000\000\000\000\000\000\000P\031\025[ d(\343\263\327\177\030\246\254H\277\254E\231\006\033_lB\210\264\334Y\322\314\362\320L\000s!\002\364d\217\366\217|\316F\232\231\241\n\261\333`\312O\367\235\025DD\336e\367\n\312\326\221\037\025\230vF0D\002 }<\343f\377\005\210,\340\204\250\n\273HY\252\233\276\374\271\217\312\244\340""4B\243\021\020\331!\002 z\324e\006_\224\274[d\327{\365_2bm\3434\020)\0337\002\313\267\3722H=g\330F""; "
1750527669468,1750527669468,0,1,3,0,TMStatusChange,"newEvent: neACCEPTED_LEDGER; ledgerSeq: 43; ledgerHash: ""Q\240\317\3502\006,|\364\004\275\034\006\337\370""\330\364\202\314\315\311?\030\260\361u)\336\202\265Y""; ledgerHashPrevious: ""\025[ d(\343\263\327\177\030\246\254H\277\254E\231\006\033_lB\210\264\334Y\322\314\362\320L\000""; networkTime: 803842869; firstSeq: 1; lastSeq: 42; ","newEvent: neACCEPTED_LEDGER; ledgerSeq: 43; ledgerHash: ""Q\240\317\3502\006,|\364\004\275\034\006\337\370""\330\364\202\314\315\311?\030\260\361u)\336\202\265Y""; ledgerHashPrevious: ""\025[ d(\343\263\327\177\030\246\254H\277\254E\231\006\033_lB\210\264\334Y\322\314\362\320L\000""; networkTime: 803842869; firstSeq: 1; lastSeq: 42; "
1750527669469,1750527669469,0,1,3,4,TMStatusChange,"newEvent: neACCEPTED_LEDGER; ledgerSeq: 43; ledgerHash: ""Q\240\317\3502\006,|\364\004\275\034\006\337\370""\330\364\202\314\315\311?\030\260\361u)\336\202\265Y""; ledgerHashPrevious: ""\025[ d(\343\263\327\177\030\246\254H\277\254E\231\006\033_lB\210\264\334Y\322\314\362\320L\000""; networkTime: 803842869; firstSeq: 1; lastSeq: 42; ","newEvent: neACCEPTED_LEDGER; ledgerSeq: 43; ledgerHash: ""Q\240\317\3502\006,|\364\004\275\034\006\337\370""\330\364\202\314\315\311?\030\260\361u)\336\202\265Y""; ledgerHashPrevious: ""\025[ d(\343\263\327\177\030\246\254H\277\254E\231\006\033_lB\210\264\334Y\322\314\362\320L\000""; networkTime: 803842869; firstSeq: 1; lastSeq: 42; "
1750527669469,1750527669470,0,1,3,1,TMValidation,"validation: """"\200\000\000\001&\000\000\000+)/\351\2535:p\210\265\307-\212\200\004QQ\240\317\3502\006,|\364\004\275\034\006\337\370""\330\364\202\314\315\311?\030\260\361u)\336\202\265YP\027\000\000\000\000\000\000\000\000\000\000\000\000\000\000\000\000\000\000\000\000\000\000\000\000\000\000\000\000\000\000\000\000P\031\025[ d(\343\263\327\177\030\246\254H\277\254E\231\006\033_lB\210\264\334Y\322\314\362\320L\000s!\002\364d\217\366\217|\316F\232\231\241\n\261\333`\312O\367\235\025DD\336e\367\n\312\326\221\037\025\230vF0D\002 }<\343f\377\005\210,\340\204\250\n\273HY\252\233\276\374\271\217\312\244\340""4B\243\021\020\331!\002 z\324e\006_\224\274[d\327{\365_2bm\3434\020)\0337\002\313\267\3722H=g\330F""; ","validation: """"\200\000\000\001&\000\000\000+)/\351\2535:p\210\265\307-\212\200\004QQ\240\317\3502\006,|\364\004\275\034\006\337\370""\330\364\202\314\315\311?\030\260\361u)\336\202\265YP\027\000\000\000\000\000\000\000\000\000\000\000\000\000\000\000\000\000\000\000\000\000\000\000\000\000\000\000\000\000\000\000\000P\031\025[ d(\343\263\327\177\030\246\254H\277\254E\231\006\033_lB\210\264\334Y\322\314\362\320L\000s!\002\364d\217\366\217|\316F\232\231\241\n\261\333`\312O\367\235\025DD\336e\367\n\312\326\221\037\025\230vF0D\002 }<\343f\377\005\210,\340\204\250\n\273HY\252\233\276\374\271\217\312\244\340""4B\243\021\020\331!\002 z\324e\006_\224\274[d\327{\365_2bm\3434\020)\0337\002\313\267\3722H=g\330F""; "
1750527669470,1750527669471,0,1,2,3,TMGetLedger,"itype: liBASE; ledgerHash: ""Q\240\317\3502\006,|\364\004\275\034\006\337\370""\330\364\202\314\315\311?\030\260\361u)\336\202\265Y""; ledgerSeq: 43; ","itype: liBASE; ledgerHash: ""Q\240\317\3502\006,|\364\004\275\034\006\337\370""\330\364\202\314\315\311?\030\260\361u)\336\202\265Y""; ledgerSeq: 43; "
1750527669471,1750527669471,0,1,2,0,TMGetLedger,"itype: liBASE; ledgerHash: ""Q\240\317\3502\006,|\364\004\275\034\006\337\370""\330\364\202\314\315\311?\030\260\361u)\336\202\265Y""; ledgerSeq: 43; ","itype: liBASE; ledgerHash: ""Q\240\317\3502\006,|\364\004\275\034\006\337\370""\330\364\202\314\315\311?\030\260\361u)\336\202\265Y""; ledgerSeq: 43; "
1750527669472,1750527669472,0,1,2,4,TMGetLedger,"itype: liBASE; ledgerHash: ""Q\240\317\3502\006,|\364\004\275\034\006\337\370""\330\364\202\314\315\311?\030\260\361u)\336\202\265Y""; ledgerSeq: 43; ","itype: liBASE; ledgerHash: ""Q\240\317\3502\006,|\364\004\275\034\006\337\370""\330\364\202\314\315\311?\030\260\361u)\336\202\265Y""; ledgerSeq: 43; "
1750527669472,1750527669472,0,1,2,1,TMGetLedger,"itype: liBASE; ledgerHash: ""Q\240\317\3502\006,|\364\004\275\034\006\337\370""\330\364\202\314\315\311?\030\260\361u)\336\202\265Y""; ledgerSeq: 43; ","itype: liBASE; ledgerHash: ""Q\240\317\3502\006,|\364\004\275\034\006\337\370""\330\364\202\314\315\311?\030\260\361u)\336\202\265Y""; ledgerSeq: 43; "
1750527669473,1750527669473,0,1,4,2,TMValidation,"validation: """"\200\000\000\001&\000\000\000+)/\351\2535:p\210\265\307-\212\200\004QQ\240\317\3502\006,|\364\004\275\034\006\337\370""\330\364\202\314\315\311?\030\260\361u)\336\202\265YP\027\000\000\000\000\000\000\000\000\000\000\000\000\000\000\000\000\000\000\000\000\000\000\000\000\000\000\000\000\000\000\000\000P\031\025[ d(\343\263\327\177\030\246\254H\277\254E\231\006\033_lB\210\264\334Y\322\314\362\320L\000s!\002\364d\217\366\217|\316F\232\231\241\n\261\333`\312O\367\235\025DD\336e\367\n\312\326\221\037\025\230vF0D\002 }<\343f\377\005\210,\340\204\250\n\273HY\252\233\276\374\271\217\312\244\340""4B\243\021\020\331!\002 z\324e\006_\224\274[d\327{\365_2bm\3434\020)\0337\002\313\267\3722H=g\330F""; ","validation: """"\200\000\000\001&\000\000\000+)/\351\2535:p\210\265\307-\212\200\004QQ\240\317\3502\006,|\364\004\275\034\006\337\370""\330\364\202\314\315\311?\030\260\361u)\336\202\265YP\027\000\000\000\000\000\000\000\000\000\000\000\000\000\000\000\000\000\000\000\000\000\000\000\000\000\000\000\000\000\000\000\000P\031\025[ d(\343\263\327\177\030\246\254H\277\254E\231\006\033_lB\210\264\334Y\322\314\362\320L\000s!\002\364d\217\366\217|\316F\232\231\241\n\261\333`\312O\367\235\025DD\336e\367\n\312\326\221\037\025\230vF0D\002 }<\343f\377\005\210,\340\204\250\n\273HY\252\233\276\374\271\217\312\244\340""4B\243\021\020\331!\002 z\324e\006_\224\274[d\327{\365_2bm\3434\020)\0337\002\313\267\3722H=g\330F""; "
1750527669474,1750527669474,0,1,4,1,TMGetLedger,"itype: liBASE; ledgerHash: ""Q\240\317\3502\006,|\364\004\275\034\006\337\370""\330\364\202\314\315\311?\030\260\361u)\336\202\265Y""; ","itype: liBASE; ledgerHash: ""Q\240\317\3502\006,|\364\004\275\034\006\337\370""\330\364\202\314\315\311?\030\260\361u)\336\202\265Y""; "
1750527669475,1750527669475,0,1,4,0,TMValidation,"validation: """"\200\000\000\001&\000\000\000+)/\351\2535:p\210\265\307-\212\200\004QQ\240\317\3502\006,|\364\004\275\034\006\337\370""\330\364\202\314\315\311?\030\260\361u)\336\202\265YP\027\000\000\000\000\000\000\000\000\000\000\000\000\000\000\000\000\000\000\000\000\000\000\000\000\000\000\000\000\000\000\000\000P\031\025[ d(\343\263\327\177\030\246\254H\277\254E\231\006\033_lB\210\264\334Y\322\314\362\320L\000s!\002\364d\217\366\217|\316F\232\231\241\n\261\333`\312O\367\235\025DD\336e\367\n\312\326\221\037\025\230vF0D\002 }<\343f\377\005\210,\340\204\250\n\273HY\252\233\276\374\271\217\312\244\340""4B\243\021\020\331!\002 z\324e\006_\224\274[d\327{\365_2bm\3434\020)\0337\002\313\267\3722H=g\330F""; ","validation: """"\200\000\000\001&\000\000\000+)/\351\2535:p\210\265\307-\212\200\004QQ\240\317\3502\006,|\364\004\275\034\006\337\370""\330\364\202\314\315\311?\030\260\361u)\336\202\265YP\027\000\000\000\000\000\000\000\000\000\000\000\000\000\000\000\000\000\000\000\000\000\000\000\000\000\000\000\000\000\000\000\000P\031\025[ d(\343\263\327\177\030\246\254H\277\254E\231\006\033_lB\210\264\334Y\322\314\362\320L\000s!\002\364d\217\366\217|\316F\232\231\241\n\261\333`\312O\367\235\025DD\336e\367\n\312\326\221\037\025\230vF0D\002 }<\343f\377\005\210,\340\204\250\n\273HY\252\233\276\374\271\217\312\244\340""4B\243\021\020\331!\002 z\324e\006_\224\274[d\327{\365_2bm\3434\020)\0337\002\313\267\3722H=g\330F""; "
1750527669476,1750527669476,0,1,4,1,TMValidation,"validation: """"\200\000\000\001&\000\000\000+)/\351\2535:p\210\265\307-\212\200\004QQ\240\317\3502\006,|\364\004\275\034\006\337\370""\330\364\202\314\315\311?\030\260\361u)\336\202\265YP\027\000\000\000\000\000\000\000\000\000\000\000\000\000\000\000\000\000\000\000\000\000\000\000\000\000\000\000\000\000\000\000\000P\031\025[ d(\343\263\327\177\030\246\254H\277\254E\231\006\033_lB\210\264\334Y\322\314\362\320L\000s!\002\364d\217\366\217|\316F\232\231\241\n\261\333`\312O\367\235\025DD\336e\367\n\312\326\221\037\025\230vF0D\002 }<\343f\377\005\210,\340\204\250\n\273HY\252\233\276\374\271\217\312\244\340""4B\243\021\020\331!\002 z\324e\006_\224\274[d\327{\365_2bm\3434\020)\0337\002\313\267\3722H=g\330F""; ","validation: """"\200\000\000\001&\000\000\000+)/\351\2535:p\210\265\307-\212\200\004QQ\240\317\3502\006,|\364\004\275\034\006\337\370""\330\364\202\314\315\311?\030\260\361u)\336\202\265YP\027\000\000\000\000\000\000\000\000\000\000\000\000\000\000\000\000\000\000\000\000\000\000\000\000\000\000\000\000\000\000\000\000P\031\025[ d(\343\263\327\177\030\246\254H\277\254E\231\006\033_lB\210\264\334Y\322\314\362\320L\000s!\002\364d\217\366\217|\316F\232\231\241\n\261\333`\312O\367\235\025DD\336e\367\n\312\326\221\037\025\230vF0D\002 }<\343f\377\005\210,\340\204\250\n\273HY\252\233\276\374\271\217\312\244\340""4B\243\021\020\331!\002 z\324e\006_\224\274[d\327{\365_2bm\3434\020)\0337\002\313\267\3722H=g\330F""; "
1750527669477,1750527669477,0,1,4,0,TMGetLedger,"itype: liBASE; ledgerHash: ""Q\240\317\3502\006,|\364\004\275\034\006\337\370""\330\364\202\314\315\311?\030\260\361u)\336\202\265Y""; ","itype: liBASE; ledgerHash: ""Q\240\317\3502\006,|\364\004\275\034\006\337\370""\330\364\202\314\315\311?\030\260\361u)\336\202\265Y""; "
1750527669477,1750527669477,0,1,4,2,TMGetLedger,"itype: liBASE; ledgerHash: ""Q\240\317\3502\006,|\364\004\275\034\006\337\370""\330\364\202\314\315\311?\030\260\361u)\336\202\265Y""; ","itype: liBASE; ledgerHash: ""Q\240\317\3502\006,|\364\004\275\034\006\337\370""\330\364\202\314\315\311?\030\260\361u)\336\202\265Y""; "
1750527669478,1750527669478,0,1,4,3,TMGetLedger,"itype: liBASE; ledgerHash: ""Q\240\317\3502\006,|\364\004\275\034\006\337\370""\330\364\202\314\315\311?\030\260\361u)\336\202\265Y""; ","itype: liBASE; ledgerHash: ""Q\240\317\3502\006,|\364\004\275\034\006\337\370""\330\364\202\314\315\311?\030\260\361u)\336\202\265Y""; "
1750527669478,1750527669478,0,1,4,2,TMGetLedger,"itype: liBASE; ledgerHash: ""Q\240\317\3502\006,|\364\004\275\034\006\337\370""\330\364\202\314\315\311?\030\260\361u)\336\202\265Y""; queryType: qtINDIRECT; ","itype: liBASE; ledgerHash: ""Q\240\317\3502\006,|\364\004\275\034\006\337\370""\330\364\202\314\315\311?\030\260\361u)\336\202\265Y""; queryType: qtINDIRECT; "
1750527669479,1750527669479,0,1,4,1,TMGetLedger,"itype: liBASE; ledgerHash: ""Q\240\317\3502\006,|\364\004\275\034\006\337\370""\330\364\202\314\315\311?\030\260\361u)\336\202\265Y""; queryType: qtINDIRECT; ","itype: liBASE; ledgerHash: ""Q\240\317\3502\006,|\364\004\275\034\006\337\370""\330\364\202\314\315\311?\030\260\361u)\336\202\265Y""; queryType: qtINDIRECT; "
1750527669480,1750527669481,0,1,4,3,TMGetLedger,"itype: liBASE; ledgerHash: ""Q\240\317\3502\006,|\364\004\275\034\006\337\370""\330\364\202\314\315\311?\030\260\361u)\336\202\265Y""; queryType: qtINDIRECT; ","itype: liBASE; ledgerHash: ""Q\240\317\3502\006,|\364\004\275\034\006\337\370""\330\364\202\314\315\311?\030\260\361u)\336\202\265Y""; queryType: qtINDIRECT; "
1750527669481,1750527669481,0,1,4,0,TMGetLedger,"itype: liBASE; ledgerHash: ""Q\240\317\3502\006,|\364\004\275\034\006\337\370""\330\364\202\314\315\311?\030\260\361u)\336\202\265Y""; queryType: qtINDIRECT; ","itype: liBASE; ledgerHash: ""Q\240\317\3502\006,|\364\004\275\034\006\337\370""\330\364\202\314\315\311?\030\260\361u)\336\202\265Y""; queryType: qtINDIRECT; "
1750527669482,1750527669482,0,1,2,3,TMGetLedger,"itype: liBASE; ledgerHash: ""Q\240\317\3502\006,|\364\004\275\034\006\337\370""\330\364\202\314\315\311?\030\260\361u)\336\202\265Y""; ledgerSeq: 43; queryType: qtINDIRECT; ","itype: liBASE; ledgerHash: ""Q\240\317\3502\006,|\364\004\275\034\006\337\370""\330\364\202\314\315\311?\030\260\361u)\336\202\265Y""; ledgerSeq: 43; queryType: qtINDIRECT; "
1750527669483,1750527669483,0,1,0,1,TMGetLedger,"itype: liBASE; ledgerHash: ""Q\240\317\3502\006,|\364\004\275\034\006\337\370""\330\364\202\314\315\311?\030\260\361u)\336\202\265Y""; ledgerSeq: 43; ","itype: liBASE; ledgerHash: ""Q\240\317\3502\006,|\364\004\275\034\006\337\370""\330\364\202\314\315\311?\030\260\361u)\336\202\265Y""; ledgerSeq: 43; "
1750527669484,1750527669484,0,1,0,3,TMGetLedger,"itype: liBASE; ledgerHash: ""Q\240\317\3502\006,|\364\004\275\034\006\337\370""\330\364\202\314\315\311?\030\260\361u)\336\202\265Y""; ledgerSeq: 43; ","itype: liBASE; ledgerHash: ""Q\240\317\3502\006,|\364\004\275\034\006\337\370""\330\364\202\314\315\311?\030\260\361u)\336\202\265Y""; ledgerSeq: 43; "
1750527669484,1750527669484,0,1,0,4,TMGetLedger,"itype: liBASE; ledgerHash: ""Q\240\317\3502\006,|\364\004\275\034\006\337\370""\330\364\202\314\315\311?\030\260\361u)\336\202\265Y""; ledgerSeq: 43; ","itype: liBASE; ledgerHash: ""Q\240\317\3502\006,|\364\004\275\034\006\337\370""\330\364\202\314\315\311?\030\260\361u)\336\202\265Y""; ledgerSeq: 43; "
1750527669484,1750527669485,0,1,0,2,TMGetLedger,"itype: liBASE; ledgerHash: ""Q\240\317\3502\006,|\364\004\275\034\006\337\370""\330\364\202\314\315\311?\030\260\361u)\336\202\265Y""; ledgerSeq: 43; ","itype: liBASE; ledgerHash: ""Q\240\317\3502\006,|\364\004\275\034\006\337\370""\330\364\202\314\315\311?\030\260\361u)\336\202\265Y""; ledgerSeq: 43; "
1750527669485,1750527669485,0,1,0,3,TMGetLedger,"itype: liBASE; ledgerHash: ""Q\240\317\3502\006,|\364\004\275\034\006\337\370""\330\364\202\314\315\311?\030\260\361u)\336\202\265Y""; ledgerSeq: 43; queryType: qtINDIRECT; ","itype: liBASE; ledgerHash: ""Q\240\317\3502\006,|\364\004\275\034\006\337\370""\330\364\202\314\315\311?\030\260\361u)\336\202\265Y""; ledgerSeq: 43; queryType: qtINDIRECT; "
1750527669486,1750527669486,0,1,1,3,TMGetLedger,"itype: liBASE; ledgerHash: ""Q\240\317\3502\006,|\364\004\275\034\006\337\370""\330\364\202\314\315\311?\030\260\361u)\336\202\265Y""; ledgerSeq: 43; ","itype: liBASE; ledgerHash: ""Q\240\317\3502\006,|\364\004\275\034\006\337\370""\330\364\202\314\315\311?\030\260\361u)\336\202\265Y""; ledgerSeq: 43; "
1750527669486,1750527669486,0,1,1,2,TMGetLedger,"itype: liBASE; ledgerHash: ""Q\240\317\3502\006,|\364\004\275\034\006\337\370""\330\364\202\314\315\311?\030\260\361u)\336\202\265Y""; ledgerSeq: 43; ","itype: liBASE; ledgerHash: ""Q\240\317\3502\006,|\364\004\275\034\006\337\370""\330\364\202\314\315\311?\030\260\361u)\336\202\265Y""; ledgerSeq: 43; "
1750527669492,1750527669493,0,1,1,0,TMGetLedger,"itype: liBASE; ledgerHash: ""Q\240\317\3502\006,|\364\004\275\034\006\337\370""\330\364\202\314\315\311?\030\260\361u)\336\202\265Y""; ledgerSeq: 43; ","itype: liBASE; ledgerHash: ""Q\240\317\3502\006,|\364\004\275\034\006\337\370""\330\364\202\314\315\311?\030\260\361u)\336\202\265Y""; ledgerSeq: 43; "
1750527669493,1750527669493,0,1,1,4,TMGetLedger,"itype: liBASE; ledgerHash: ""Q\240\317\3502\006,|\364\004\275\034\006\337\370""\330\364\202\314\315\311?\030\260\361u)\336\202\265Y""; ledgerSeq: 43; ","itype: liBASE; ledgerHash: ""Q\240\317\3502\006,|\364\004\275\034\006\337\370""\330\364\202\314\315\311?\030\260\361u)\336\202\265Y""; ledgerSeq: 43; "
1750527669494,1750527669494,0,1,3,2,TMLedgerData,"ledgerHash: ""Q\240\317\3502\006,|\364\004\275\034\006\337\370""\330\364\202\314\315\311?\030\260\361u)\336\202\265Y""; ledgerSeq: 43; type: liBASE; nodes {;   nodedata: ""\000\000\000+\001cEx]\211\377\330\025[ d(\343\263\327\177\030\246\254H\277\254E\231\006\033_lB\210\264\334Y\322\314\362\320L\000\000\000\000\000\000\000\000\000\000\000\000\000\000\000\000\000\000\000\000\000\000\000\000\000\000\000\000\000\000\000\000\000\210\310\332\324Ut\313\201\005\326Fo\3508?\242r\370q\217\301\237\314c\rQ]\207\212\315\3672/\351\253//\351\2536\n\000""; }; nodes {;   nodedata: ""\323C\344\327\264{\312-\017:\006{\177\344N\002\326bO\260\220\006\033\362\345\005U\221DzJ0\001\301\025%1L\307\t\261\262z\374\222T\301\274V\236\223\262\270Ct\362\337b\356\024*\324\320\351\317\002k\336\234\027v\351\217\260\303\360\233ZPZWr\246$w\313\313\r\243r\232\2234\373\3539:N\004Q\245\272D\312D\300\300\t\323\0257\345e\271\na\215{\226\255x%T\257\037\333\004\344_/R\006E\344\037@\210\363\010\336T\226\247'\204_{\261\370""1\235\2445\343\033Y!\212\201\341\272\225'\007\377\254\3776\332\357\325\334\326I!.=\237\205\357\0207\332\357c\253\006iY\246\027#""\276\276\307\013\003""; }; ","ledgerHash: ""Q\240\317\3502\006,|\364\004\275\034\006\337\370""\330\364\202\314\315\311?\030\260\361u)\336\202\265Y""; ledgerSeq: 43; type: liBASE; nodes {;   nodedata: ""\000\000\000+\001cEx]\211\377\330\025[ d(\343\263\327\177\030\246\254H\277\254E\231\006\033_lB\210\264\334Y\322\314\362\320L\000\000\000\000\000\000\000\000\000\000\000\000\000\000\000\000\000\000\000\000\000\000\000\000\000\000\000\000\000\000\000\000\000\210\310\332\324Ut\313\201\005\326Fo\3508?\242r\370q\217\301\237\314c\rQ]\207\212\315\3672/\351\253//\351\2536\n\000""; }; nodes {;   nodedata: ""\323C\344\327\264{\312-\017:\006{\177\344N\002\326bO\260\220\006\033\362\345\005U\221DzJ0\001\301\025%1L\307\t\261\262z\374\222T\301\274V\236\223\262\270Ct\362\337b\356\024*\324\320\351\317\002k\336\234\027v\351\217\260\303\360\233ZPZWr\246$w\313\313\r\243r\232\2234\373\3539:N\004Q\245\272D\312D\300\300\t\323\0257\345e\271\na\215{\226\255x%T\257\037\333\004\344_/R\006E\344\037@\210\363\010\336T\226\247'\204_{\261\370""1\235\2445\343\033Y!\212\201\341\272\225'\007\377\254\3776\332\357\325\334\326I!.=\237\205\357\0207\332\357c\253\006iY\246\027#""\276\276\307\013\003""; }; "
1750527669506,1750527669506,0,1,0,2,TMValidation,"validation: """"\200\000\000\001&\000\000\000+)/\351\2535:p\210\265\307-\212\200\004QQ\240\317\3502\006,|\364\004\275\034\006\337\370""\330\364\202\314\315\311?\030\260\361u)\336\202\265YP\027\000\000\000\000\000\000\000\000\000\000\000\000\000\000\000\000\000\000\000\000\000\000\000\000\000\000\000\000\000\000\000\000P\031\025[ d(\343\263\327\177\030\246\254H\277\254E\231\006\033_lB\210\264\334Y\322\314\362\320L\000s!\002\364d\217\366\217|\316F\232\231\241\n\261\333`\312O\367\235\025DD\336e\367\n\312\326\221\037\025\230vF0D\002 }<\343f\377\005\210,\340\204\250\n\273HY\252\233\276\374\271\217\312\244\340""4B\243\021\020\331!\002 z\324e\006_\224\274[d\327{\365_2bm\3434\020)\0337\002\313\267\3722H=g\330F""; ","validation: """"\200\000\000\001&\000\000\000+)/\351\2535:p\210\265\307-\212\200\004QQ\240\317\3502\006,|\364\004\275\034\006\337\370""\330\364\202\314\315\311?\030\260\361u)\336\202\265YP\027\000\000\000\000\000\000\000\000\000\000\000\000\000\000\000\000\000\000\000\000\000\000\000\000\000\000\000\000\000\000\000\000P\031\025[ d(\343\263\327\177\030\246\254H\277\254E\231\006\033_lB\210\264\334Y\322\314\362\320L\000s!\002\364d\217\366\217|\316F\232\231\241\n\261\333`\312O\367\235\025DD\336e\367\n\312\326\221\037\025\230vF0D\002 }<\343f\377\005\210,\340\204\250\n\273HY\252\233\276\374\271\217\312\244\340""4B\243\021\020\331!\002 z\324e\006_\224\274[d\327{\365_2bm\3434\020)\0337\002\313\267\3722H=g\330F""; "
1750527669508,1750527669508,0,1,1,2,TMGetLedger,"itype: liBASE; ledgerHash: ""Q\240\317\3502\006,|\364\004\275\034\006\337\370""\330\364\202\314\315\311?\030\260\361u)\336\202\265Y""; ledgerSeq: 43; queryType: qtINDIRECT; ","itype: liBASE; ledgerHash: ""Q\240\317\3502\006,|\364\004\275\034\006\337\370""\330\364\202\314\315\311?\030\260\361u)\336\202\265Y""; ledgerSeq: 43; queryType: qtINDIRECT; "
1750527669508,1750527669508,0,1,1,2,TMValidation,"validation: """"\200\000\000\001&\000\000\000+)/\351\2535:p\210\265\307-\212\200\004QQ\240\317\3502\006,|\364\004\275\034\006\337\370""\330\364\202\314\315\311?\030\260\361u)\336\202\265YP\027\000\000\000\000\000\000\000\000\000\000\000\000\000\000\000\000\000\000\000\000\000\000\000\000\000\000\000\000\000\000\000\000P\031\025[ d(\343\263\327\177\030\246\254H\277\254E\231\006\033_lB\210\264\334Y\322\314\362\320L\000s!\002\364d\217\366\217|\316F\232\231\241\n\261\333`\312O\367\235\025DD\336e\367\n\312\326\221\037\025\230vF0D\002 }<\343f\377\005\210,\340\204\250\n\273HY\252\233\276\374\271\217\312\244\340""4B\243\021\020\331!\002 z\324e\006_\224\274[d\327{\365_2bm\3434\020)\0337\002\313\267\3722H=g\330F""; ","validation: """"\200\000\000\001&\000\000\000+)/\351\2535:p\210\265\307-\212\200\004QQ\240\317\3502\006,|\364\004\275\034\006\337\370""\330\364\202\314\315\311?\030\260\361u)\336\202\265YP\027\000\000\000\000\000\000\000\000\000\000\000\000\000\000\000\000\000\000\000\000\000\000\000\000\000\000\000\000\000\000\000\000P\031\025[ d(\343\263\327\177\030\246\254H\277\254E\231\006\033_lB\210\264\334Y\322\314\362\320L\000s!\002\364d\217\366\217|\316F\232\231\241\n\261\333`\312O\367\235\025DD\336e\367\n\312\326\221\037\025\230vF0D\002 }<\343f\377\005\210,\340\204\250\n\273HY\252\233\276\374\271\217\312\244\340""4B\243\021\020\331!\002 z\324e\006_\224\274[d\327{\365_2bm\3434\020)\0337\002\313\267\3722H=g\330F""; "
1750527669508,1750527669508,0,1,0,2,TMGetLedger,"itype: liBASE; ledgerHash: ""Q\240\317\3502\006,|\364\004\275\034\006\337\370""\330\364\202\314\315\311?\030\260\361u)\336\202\265Y""; ledgerSeq: 43; queryType: qtINDIRECT; ","itype: liBASE; ledgerHash: ""Q\240\317\3502\006,|\364\004\275\034\006\337\370""\330\364\202\314\315\311?\030\260\361u)\336\202\265Y""; ledgerSeq: 43; queryType: qtINDIRECT; "
1750527669509,1750527669509,0,1,2,4,TMValidation,"validation: """"\200\000\000\001&\000\000\000+)/\351\2535:p\210\265\307-\212\200\004QQ\240\317\3502\006,|\364\004\275\034\006\337\370""\330\364\202\314\315\311?\030\260\361u)\336\202\265YP\027\000\000\000\000\000\000\000\000\000\000\000\000\000\000\000\000\000\000\000\000\000\000\000\000\000\000\000\000\000\000\000\000P\031\025[ d(\343\263\327\177\030\246\254H\277\254E\231\006\033_lB\210\264\334Y\322\314\362\320L\000s!\002\364d\217\366\217|\316F\232\231\241\n\261\333`\312O\367\235\025DD\336e\367\n\312\326\221\037\025\230vF0D\002 }<\343f\377\005\210,\340\204\250\n\273HY\252\233\276\374\271\217\312\244\340""4B\243\021\020\331!\002 z\324e\006_\224\274[d\327{\365_2bm\3434\020)\0337\002\313\267\3722H=g\330F""; ","validation: """"\200\000\000\001&\000\000\000+)/\351\2535:p\210\265\307-\212\200\004QQ\240\317\3502\006,|\364\004\275\034\006\337\370""\330\364\202\314\315\311?\030\260\361u)\336\202\265YP\027\000\000\000\000\000\000\000\000\000\000\000\000\000\000\000\000\000\000\000\000\000\000\000\000\000\000\000\000\000\000\000\000P\031\025[ d(\343\263\327\177\030\246\254H\277\254E\231\006\033_lB\210\264\334Y\322\314\362\320L\000s!\002\364d\217\366\217|\316F\232\231\241\n\261\333`\312O\367\235\025DD\336e\367\n\312\326\221\037\025\230vF0D\002 }<\343f\377\005\210,\340\204\250\n\273HY\252\233\276\374\271\217\312\244\340""4B\243\021\020\331!\002 z\324e\006_\224\274[d\327{\365_2bm\3434\020)\0337\002\313\267\3722H=g\330F""; "
1750527669509,1750527669509,0,1,2,4,TMGetLedger,"itype: liBASE; ledgerHash: ""Q\240\317\3502\006,|\364\004\275\034\006\337\370""\330\364\202\314\315\311?\030\260\361u)\336\202\265Y""; ledgerSeq: 43; queryType: qtINDIRECT; ","itype: liBASE; ledgerHash: ""Q\240\317\3502\006,|\364\004\275\034\006\337\370""\330\364\202\314\315\311?\030\260\361u)\336\202\265Y""; ledgerSeq: 43; queryType: qtINDIRECT; "
1750527669510,1750527669511,0,1,1,4,TMGetLedger,"itype: liBASE; ledgerHash: ""Q\240\317\3502\006,|\364\004\275\034\006\337\370""\330\364\202\314\315\311?\030\260\361u)\336\202\265Y""; ledgerSeq: 43; queryType: qtINDIRECT; ","itype: liBASE; ledgerHash: ""Q\240\317\3502\006,|\364\004\275\034\006\337\370""\330\364\202\314\315\311?\030\260\361u)\336\202\265Y""; ledgerSeq: 43; queryType: qtINDIRECT; "
1750527669512,1750527669513,0,1,1,4,TMValidation,"validation: """"\200\000\000\001&\000\000\000+)/\351\2535:p\210\265\307-\212\200\004QQ\240\317\3502\006,|\364\004\275\034\006\337\370""\330\364\202\314\315\311?\030\260\361u)\336\202\265YP\027\000\000\000\000\000\000\000\000\000\000\000\000\000\000\000\000\000\000\000\000\000\000\000\000\000\000\000\000\000\000\000\000P\031\025[ d(\343\263\327\177\030\246\254H\277\254E\231\006\033_lB\210\264\334Y\322\314\362\320L\000s!\002\364d\217\366\217|\316F\232\231\241\n\261\333`\312O\367\235\025DD\336e\367\n\312\326\221\037\025\230vF0D\002 }<\343f\377\005\210,\340\204\250\n\273HY\252\233\276\374\271\217\312\244\340""4B\243\021\020\331!\002 z\324e\006_\224\274[d\327{\365_2bm\3434\020)\0337\002\313\267\3722H=g\330F""; ","validation: """"\200\000\000\001&\000\000\000+)/\351\2535:p\210\265\307-\212\200\004QQ\240\317\3502\006,|\364\004\275\034\006\337\370""\330\364\202\314\315\311?\030\260\361u)\336\202\265YP\027\000\000\000\000\000\000\000\000\000\000\000\000\000\000\000\000\000\000\000\000\000\000\000\000\000\000\000\000\000\000\000\000P\031\025[ d(\343\263\327\177\030\246\254H\277\254E\231\006\033_lB\210\264\334Y\322\314\362\320L\000s!\002\364d\217\366\217|\316F\232\231\241\n\261\333`\312O\367\235\025DD\336e\367\n\312\326\221\037\025\230vF0D\002 }<\343f\377\005\210,\340\204\250\n\273HY\252\233\276\374\271\217\312\244\340""4B\243\021\020\331!\002 z\324e\006_\224\274[d\327{\365_2bm\3434\020)\0337\002\313\267\3722H=g\330F""; "
1750527669513,1750527669513,0,1,0,4,TMGetLedger,"itype: liBASE; ledgerHash: ""Q\240\317\3502\006,|\364\004\275\034\006\337\370""\330\364\202\314\315\311?\030\260\361u)\336\202\265Y""; ledgerSeq: 43; queryType: qtINDIRECT; ","itype: liBASE; ledgerHash: ""Q\240\317\3502\006,|\364\004\275\034\006\337\370""\330\364\202\314\315\311?\030\260\361u)\336\202\265Y""; ledgerSeq: 43; queryType: qtINDIRECT; "
1750527669514,1750527669514,0,1,0,4,TMValidation,"validation: """"\200\000\000\001&\000\000\000+)/\351\2535:p\210\265\307-\212\200\004QQ\240\317\3502\006,|\364\004\275\034\006\337\370""\330\364\202\314\315\311?\030\260\361u)\336\202\265YP\027\000\000\000\000\000\000\000\000\000\000\000\000\000\000\000\000\000\000\000\000\000\000\000\000\000\000\000\000\000\000\000\000P\031\025[ d(\343\263\327\177\030\246\254H\277\254E\231\006\033_lB\210\264\334Y\322\314\362\320L\000s!\002\364d\217\366\217|\316F\232\231\241\n\261\333`\312O\367\235\025DD\336e\367\n\312\326\221\037\025\230vF0D\002 }<\343f\377\005\210,\340\204\250\n\273HY\252\233\276\374\271\217\312\244\340""4B\243\021\020\331!\002 z\324e\006_\224\274[d\327{\365_2bm\3434\020)\0337\002\313\267\3722H=g\330F""; ","validation: """"\200\000\000\001&\000\000\000+)/\351\2535:p\210\265\307-\212\200\004QQ\240\317\3502\006,|\364\004\275\034\006\337\370""\330\364\202\314\315\311?\030\260\361u)\336\202\265YP\027\000\000\000\000\000\000\000\000\000\000\000\000\000\000\000\000\000\000\000\000\000\000\000\000\000\000\000\000\000\000\000\000P\031\025[ d(\343\263\327\177\030\246\254H\277\254E\231\006\033_lB\210\264\334Y\322\314\362\320L\000s!\002\364d\217\366\217|\316F\232\231\241\n\261\333`\312O\367\235\025DD\336e\367\n\312\326\221\037\025\230vF0D\002 }<\343f\377\005\210,\340\204\250\n\273HY\252\233\276\374\271\217\312\244\340""4B\243\021\020\331!\002 z\324e\006_\224\274[d\327{\365_2bm\3434\020)\0337\002\313\267\3722H=g\330F""; "
1750527669515,1750527669515,0,1,3,4,TMLedgerData,"ledgerHash: ""Q\240\317\3502\006,|\364\004\275\034\006\337\370""\330\364\202\314\315\311?\030\260\361u)\336\202\265Y""; ledgerSeq: 43; type: liBASE; nodes {;   nodedata: ""\000\000\000+\001cEx]\211\377\330\025[ d(\343\263\327\177\030\246\254H\277\254E\231\006\033_lB\210\264\334Y\322\314\362\320L\000\000\000\000\000\000\000\000\000\000\000\000\000\000\000\000\000\000\000\000\000\000\000\000\000\000\000\000\000\000\000\000\000\210\310\332\324Ut\313\201\005\326Fo\3508?\242r\370q\217\301\237\314c\rQ]\207\212\315\3672/\351\253//\351\2536\n\000""; }; nodes {;   nodedata: ""\323C\344\327\264{\312-\017:\006{\177\344N\002\326bO\260\220\006\033\362\345\005U\221DzJ0\001\301\025%1L\307\t\261\262z\374\222T\301\274V\236\223\262\270Ct\362\337b\356\024*\324\320\351\317\002k\336\234\027v\351\217\260\303\360\233ZPZWr\246$w\313\313\r\243r\232\2234\373\3539:N\004Q\245\272D\312D\300\300\t\323\0257\345e\271\na\215{\226\255x%T\257\037\333\004\344_/R\006E\344\037@\210\363\010\336T\226\247'\204_{\261\370""1\235\2445\343\033Y!\212\201\341\272\225'\007\377\254\3776\332\357\325\334\326I!.=\237\205\357\0207\332\357c\253\006iY\246\027#""\276\276\307\013\003""; }; ","ledgerHash: ""Q\240\317\3502\006,|\364\004\275\034\006\337\370""\330\364\202\314\315\311?\030\260\361u)\336\202\265Y""; ledgerSeq: 43; type: liBASE; nodes {;   nodedata: ""\000\000\000+\001cEx]\211\377\330\025[ d(\343\263\327\177\030\246\254H\277\254E\231\006\033_lB\210\264\334Y\322\314\362\320L\000\000\000\000\000\000\000\000\000\000\000\000\000\000\000\000\000\000\000\000\000\000\000\000\000\000\000\000\000\000\000\000\000\210\310\332\324Ut\313\201\005\326Fo\3508?\242r\370q\217\301\237\314c\rQ]\207\212\315\3672/\351\253//\351\2536\n\000""; }; nodes {;   nodedata: ""\323C\344\327\264{\312-\017:\006{\177\344N\002\326bO\260\220\006\033\362\345\005U\221DzJ0\001\301\025%1L\307\t\261\262z\374\222T\301\274V\236\223\262\270Ct\362\337b\356\024*\324\320\351\317\002k\336\234\027v\351\217\260\303\360\233ZPZWr\246$w\313\313\r\243r\232\2234\373\3539:N\004Q\245\272D\312D\300\300\t\323\0257\345e\271\na\215{\226\255x%T\257\037\333\004\344_/R\006E\344\037@\210\363\010\336T\226\247'\204_{\261\370""1\235\2445\343\033Y!\212\201\341\272\225'\007\377\254\3776\332\357\325\334\326I!.=\237\205\357\0207\332\357c\253\006iY\246\027#""\276\276\307\013\003""; }; "
1750527669515,1750527669515,0,1,3,4,TMLedgerData,"ledgerHash: ""Q\240\317\3502\006,|\364\004\275\034\006\337\370""\330\364\202\314\315\311?\030\260\361u)\336\202\265Y""; ledgerSeq: 43; type: liBASE; nodes {;   nodedata: ""\000\000\000+\001cEx]\211\377\330\025[ d(\343\263\327\177\030\246\254H\277\254E\231\006\033_lB\210\264\334Y\322\314\362\320L\000\000\000\000\000\000\000\000\000\000\000\000\000\000\000\000\000\000\000\000\000\000\000\000\000\000\000\000\000\000\000\000\000\210\310\332\324Ut\313\201\005\326Fo\3508?\242r\370q\217\301\237\314c\rQ]\207\212\315\3672/\351\253//\351\2536\n\000""; }; nodes {;   nodedata: ""\323C\344\327\264{\312-\017:\006{\177\344N\002\326bO\260\220\006\033\362\345\005U\221DzJ0\001\301\025%1L\307\t\261\262z\374\222T\301\274V\236\223\262\270Ct\362\337b\356\024*\324\320\351\317\002k\336\234\027v\351\217\260\303\360\233ZPZWr\246$w\313\313\r\243r\232\2234\373\3539:N\004Q\245\272D\312D\300\300\t\323\0257\345e\271\na\215{\226\255x%T\257\037\333\004\344_/R\006E\344\037@\210\363\010\336T\226\247'\204_{\261\370""1\235\2445\343\033Y!\212\201\341\272\225'\007\377\254\3776\332\357\325\334\326I!.=\237\205\357\0207\332\357c\253\006iY\246\027#""\276\276\307\013\003""; }; ","ledgerHash: ""Q\240\317\3502\006,|\364\004\275\034\006\337\370""\330\364\202\314\315\311?\030\260\361u)\336\202\265Y""; ledgerSeq: 43; type: liBASE; nodes {;   nodedata: ""\000\000\000+\001cEx]\211\377\330\025[ d(\343\263\327\177\030\246\254H\277\254E\231\006\033_lB\210\264\334Y\322\314\362\320L\000\000\000\000\000\000\000\000\000\000\000\000\000\000\000\000\000\000\000\000\000\000\000\000\000\000\000\000\000\000\000\000\000\210\310\332\324Ut\313\201\005\326Fo\3508?\242r\370q\217\301\237\314c\rQ]\207\212\315\3672/\351\253//\351\2536\n\000""; }; nodes {;   nodedata: ""\323C\344\327\264{\312-\017:\006{\177\344N\002\326bO\260\220\006\033\362\345\005U\221DzJ0\001\301\025%1L\307\t\261\262z\374\222T\301\274V\236\223\262\270Ct\362\337b\356\024*\324\320\351\317\002k\336\234\027v\351\217\260\303\360\233ZPZWr\246$w\313\313\r\243r\232\2234\373\3539:N\004Q\245\272D\312D\300\300\t\323\0257\345e\271\na\215{\226\255x%T\257\037\333\004\344_/R\006E\344\037@\210\363\010\336T\226\247'\204_{\261\370""1\235\2445\343\033Y!\212\201\341\272\225'\007\377\254\3776\332\357\325\334\326I!.=\237\205\357\0207\332\357c\253\006iY\246\027#""\276\276\307\013\003""; }; "
1750527669516,1750527669516,0,1,3,2,TMLedgerData,"ledgerHash: ""Q\240\317\3502\006,|\364\004\275\034\006\337\370""\330\364\202\314\315\311?\030\260\361u)\336\202\265Y""; ledgerSeq: 43; type: liBASE; nodes {;   nodedata: ""\000\000\000+\001cEx]\211\377\330\025[ d(\343\263\327\177\030\246\254H\277\254E\231\006\033_lB\210\264\334Y\322\314\362\320L\000\000\000\000\000\000\000\000\000\000\000\000\000\000\000\000\000\000\000\000\000\000\000\000\000\000\000\000\000\000\000\000\000\210\310\332\324Ut\313\201\005\326Fo\3508?\242r\370q\217\301\237\314c\rQ]\207\212\315\3672/\351\253//\351\2536\n\000""; }; nodes {;   nodedata: ""\323C\344\327\264{\312-\017:\006{\177\344N\002\326bO\260\220\006\033\362\345\005U\221DzJ0\001\301\025%1L\307\t\261\262z\374\222T\301\274V\236\223\262\270Ct\362\337b\356\024*\324\320\351\317\002k\336\234\027v\351\217\260\303\360\233ZPZWr\246$w\313\313\r\243r\232\2234\373\3539:N\004Q\245\272D\312D\300\300\t\323\0257\345e\271\na\215{\226\255x%T\257\037\333\004\344_/R\006E\344\037@\210\363\010\336T\226\247'\204_{\261\370""1\235\2445\343\033Y!\212\201\341\272\225'\007\377\254\3776\332\357\325\334\326I!.=\237\205\357\0207\332\357c\253\006iY\246\027#""\276\276\307\013\003""; }; ","ledgerHash: ""Q\240\317\3502\006,|\364\004\275\034\006\337\370""\330\364\202\314\315\311?\030\260\361u)\336\202\265Y""; ledgerSeq: 43; type: liBASE; nodes {;   nodedata: ""\000\000\000+\001cEx]\211\377\330\025[ d(\343\263\327\177\030\246\254H\277\254E\231\006\033_lB\210\264\334Y\322\314\362\320L\000\000\000\000\000\000\000\000\000\000\000\000\000\000\000\000\000\000\000\000\000\000\000\000\000\000\000\000\000\000\000\000\000\210\310\332\324Ut\313\201\005\326Fo\3508?\242r\370q\217\301\237\314c\rQ]\207\212\315\3672/\351\253//\351\2536\n\000""; }; nodes {;   nodedata: ""\323C\344\327\264{\312-\017:\006{\177\344N\002\326bO\260\220\006\033\362\345\005U\221DzJ0\001\301\025%1L\307\t\261\262z\374\222T\301\274V\236\223\262\270Ct\362\337b\356\024*\324\320\351\317\002k\336\234\027v\351\217\260\303\360\233ZPZWr\246$w\313\313\r\243r\232\2234\373\3539:N\004Q\245\272D\312D\300\300\t\323\0257\345e\271\na\215{\226\255x%T\257\037\333\004\344_/R\006E\344\037@\210\363\010\336T\226\247'\204_{\261\370""1\235\2445\343\033Y!\212\201\341\272\225'\007\377\254\3776\332\357\325\334\326I!.=\237\205\357\0207\332\357c\253\006iY\246\027#""\276\276\307\013\003""; }; "
1750527669516,1750527669517,0,1,1,0,TMGetLedger,"itype: liBASE; ledgerHash: ""Q\240\317\3502\006,|\364\004\275\034\006\337\370""\330\364\202\314\315\311?\030\260\361u)\336\202\265Y""; ledgerSeq: 43; queryType: qtINDIRECT; ","itype: liBASE; ledgerHash: ""Q\240\317\3502\006,|\364\004\275\034\006\337\370""\330\364\202\314\315\311?\030\260\361u)\336\202\265Y""; ledgerSeq: 43; queryType: qtINDIRECT; "
1750527669517,1750527669517,0,1,3,0,TMLedgerData,"ledgerHash: ""Q\240\317\3502\006,|\364\004\275\034\006\337\370""\330\364\202\314\315\311?\030\260\361u)\336\202\265Y""; ledgerSeq: 43; type: liBASE; nodes {;   nodedata: ""\000\000\000+\001cEx]\211\377\330\025[ d(\343\263\327\177\030\246\254H\277\254E\231\006\033_lB\210\264\334Y\322\314\362\320L\000\000\000\000\000\000\000\000\000\000\000\000\000\000\000\000\000\000\000\000\000\000\000\000\000\000\000\000\000\000\000\000\000\210\310\332\324Ut\313\201\005\326Fo\3508?\242r\370q\217\301\237\314c\rQ]\207\212\315\3672/\351\253//\351\2536\n\000""; }; nodes {;   nodedata: ""\323C\344\327\264{\312-\017:\006{\177\344N\002\326bO\260\220\006\033\362\345\005U\221DzJ0\001\301\025%1L\307\t\261\262z\374\222T\301\274V\236\223\262\270Ct\362\337b\356\024*\324\320\351\317\002k\336\234\027v\351\217\260\303\360\233ZPZWr\246$w\313\313\r\243r\232\2234\373\3539:N\004Q\245\272D\312D\300\300\t\323\0257\345e\271\na\215{\226\255x%T\257\037\333\004\344_/R\006E\344\037@\210\363\010\336T\226\247'\204_{\261\370""1\235\2445\343\033Y!\212\201\341\272\225'\007\377\254\3776\332\357\325\334\326I!.=\237\205\357\0207\332\357c\253\006iY\246\027#""\276\276\307\013\003""; }; ","ledgerHash: ""Q\240\317\3502\006,|\364\004\275\034\006\337\370""\330\364\202\314\315\311?\030\260\361u)\336\202\265Y""; ledgerSeq: 43; type: liBASE; nodes {;   nodedata: ""\000\000\000+\001cEx]\211\377\330\025[ d(\343\263\327\177\030\246\254H\277\254E\231\006\033_lB\210\264\334Y\322\314\362\320L\000\000\000\000\000\000\000\000\000\000\000\000\000\000\000\000\000\000\000\000\000\000\000\000\000\000\000\000\000\000\000\000\000\210\310\332\324Ut\313\201\005\326Fo\3508?\242r\370q\217\301\237\314c\rQ]\207\212\315\3672/\351\253//\351\2536\n\000""; }; nodes {;   nodedata: ""\323C\344\327\264{\312-\017:\006{\177\344N\002\326bO\260\220\006\033\362\345\005U\221DzJ0\001\301\025%1L\307\t\261\262z\374\222T\301\274V\236\223\262\270Ct\362\337b\356\024*\324\320\351\317\002k\336\234\027v\351\217\260\303\360\233ZPZWr\246$w\313\313\r\243r\232\2234\373\3539:N\004Q\245\272D\312D\300\300\t\323\0257\345e\271\na\215{\226\255x%T\257\037\333\004\344_/R\006E\344\037@\210\363\010\336T\226\247'\204_{\261\370""1\235\2445\343\033Y!\212\201\341\272\225'\007\377\254\3776\332\357\325\334\326I!.=\237\205\357\0207\332\357c\253\006iY\246\027#""\276\276\307\013\003""; }; "
1750527669517,1750527669517,0,1,1,0,TMValidation,"validation: """"\200\000\000\001&\000\000\000+)/\351\2535:p\210\265\307-\212\200\004QQ\240\317\3502\006,|\364\004\275\034\006\337\370""\330\364\202\314\315\311?\030\260\361u)\336\202\265YP\027\000\000\000\000\000\000\000\000\000\000\000\000\000\000\000\000\000\000\000\000\000\000\000\000\000\000\000\000\000\000\000\000P\031\025[ d(\343\263\327\177\030\246\254H\277\254E\231\006\033_lB\210\264\334Y\322\314\362\320L\000s!\002\364d\217\366\217|\316F\232\231\241\n\261\333`\312O\367\235\025DD\336e\367\n\312\326\221\037\025\230vF0D\002 }<\343f\377\005\210,\340\204\250\n\273HY\252\233\276\374\271\217\312\244\340""4B\243\021\020\331!\002 z\324e\006_\224\274[d\327{\365_2bm\3434\020)\0337\002\313\267\3722H=g\330F""; ","validation: """"\200\000\000\001&\000\000\000+)/\351\2535:p\210\265\307-\212\200\004QQ\240\317\3502\006,|\364\004\275\034\006\337\370""\330\364\202\314\315\311?\030\260\361u)\336\202\265YP\027\000\000\000\000\000\000\000\000\000\000\000\000\000\000\000\000\000\000\000\000\000\000\000\000\000\000\000\000\000\000\000\000P\031\025[ d(\343\263\327\177\030\246\254H\277\254E\231\006\033_lB\210\264\334Y\322\314\362\320L\000s!\002\364d\217\366\217|\316F\232\231\241\n\261\333`\312O\367\235\025DD\336e\367\n\312\326\221\037\025\230vF0D\002 }<\343f\377\005\210,\340\204\250\n\273HY\252\233\276\374\271\217\312\244\340""4B\243\021\020\331!\002 z\324e\006_\224\274[d\327{\365_2bm\3434\020)\0337\002\313\267\3722H=g\330F""; "
1750527669518,1750527669518,0,1,2,0,TMGetLedger,"itype: liBASE; ledgerHash: ""Q\240\317\3502\006,|\364\004\275\034\006\337\370""\330\364\202\314\315\311?\030\260\361u)\336\202\265Y""; ledgerSeq: 43; queryType: qtINDIRECT; ","itype: liBASE; ledgerHash: ""Q\240\317\3502\006,|\364\004\275\034\006\337\370""\330\364\202\314\315\311?\030\260\361u)\336\202\265Y""; ledgerSeq: 43; queryType: qtINDIRECT; "
1750527669518,1750527669518,0,1,2,0,TMValidation,"validation: """"\200\000\000\001&\000\000\000+)/\351\2535:p\210\265\307-\212\200\004QQ\240\317\3502\006,|\364\004\275\034\006\337\370""\330\364\202\314\315\311?\030\260\361u)\336\202\265YP\027\000\000\000\000\000\000\000\000\000\000\000\000\000\000\000\000\000\000\000\000\000\000\000\000\000\000\000\000\000\000\000\000P\031\025[ d(\343\263\327\177\030\246\254H\277\254E\231\006\033_lB\210\264\334Y\322\314\362\320L\000s!\002\364d\217\366\217|\316F\232\231\241\n\261\333`\312O\367\235\025DD\336e\367\n\312\326\221\037\025\230vF0D\002 }<\343f\377\005\210,\340\204\250\n\273HY\252\233\276\374\271\217\312\244\340""4B\243\021\020\331!\002 z\324e\006_\224\274[d\327{\365_2bm\3434\020)\0337\002\313\267\3722H=g\330F""; ","validation: """"\200\000\000\001&\000\000\000+)/\351\2535:p\210\265\307-\212\200\004QQ\240\317\3502\006,|\364\004\275\034\006\337\370""\330\364\202\314\315\311?\030\260\361u)\336\202\265YP\027\000\000\000\000\000\000\000\000\000\000\000\000\000\000\000\000\000\000\000\000\000\000\000\000\000\000\000\000\000\000\000\000P\031\025[ d(\343\263\327\177\030\246\254H\277\254E\231\006\033_lB\210\264\334Y\322\314\362\320L\000s!\002\364d\217\366\217|\316F\232\231\241\n\261\333`\312O\367\235\025DD\336e\367\n\312\326\221\037\025\230vF0D\002 }<\343f\377\005\210,\340\204\250\n\273HY\252\233\276\374\271\217\312\244\340""4B\243\021\020\331!\002 z\324e\006_\224\274[d\327{\365_2bm\3434\020)\0337\002\313\267\3722H=g\330F""; "
1750527669518,1750527669519,0,1,3,1,TMLedgerData,"ledgerHash: ""Q\240\317\3502\006,|\364\004\275\034\006\337\370""\330\364\202\314\315\311?\030\260\361u)\336\202\265Y""; ledgerSeq: 43; type: liBASE; nodes {;   nodedata: ""\000\000\000+\001cEx]\211\377\330\025[ d(\343\263\327\177\030\246\254H\277\254E\231\006\033_lB\210\264\334Y\322\314\362\320L\000\000\000\000\000\000\000\000\000\000\000\000\000\000\000\000\000\000\000\000\000\000\000\000\000\000\000\000\000\000\000\000\000\210\310\332\324Ut\313\201\005\326Fo\3508?\242r\370q\217\301\237\314c\rQ]\207\212\315\3672/\351\253//\351\2536\n\000""; }; nodes {;   nodedata: ""\323C\344\327\264{\312-\017:\006{\177\344N\002\326bO\260\220\006\033\362\345\005U\221DzJ0\001\301\025%1L\307\t\261\262z\374\222T\301\274V\236\223\262\270Ct\362\337b\356\024*\324\320\351\317\002k\336\234\027v\351\217\260\303\360\233ZPZWr\246$w\313\313\r\243r\232\2234\373\3539:N\004Q\245\272D\312D\300\300\t\323\0257\345e\271\na\215{\226\255x%T\257\037\333\004\344_/R\006E\344\037@\210\363\010\336T\226\247'\204_{\261\370""1\235\2445\343\033Y!\212\201\341\272\225'\007\377\254\3776\332\357\325\334\326I!.=\237\205\357\0207\332\357c\253\006iY\246\027#""\276\276\307\013\003""; }; ","ledgerHash: ""Q\240\317\3502\006,|\364\004\275\034\006\337\370""\330\364\202\314\315\311?\030\260\361u)\336\202\265Y""; ledgerSeq: 43; type: liBASE; nodes {;   nodedata: ""\000\000\000+\001cEx]\211\377\330\025[ d(\343\263\327\177\030\246\254H\277\254E\231\006\033_lB\210\264\334Y\322\314\362\320L\000\000\000\000\000\000\000\000\000\000\000\000\000\000\000\000\000\000\000\000\000\000\000\000\000\000\000\000\000\000\000\000\000\210\310\332\324Ut\313\201\005\326Fo\3508?\242r\370q\217\301\237\314c\rQ]\207\212\315\3672/\351\253//\351\2536\n\000""; }; nodes {;   nodedata: ""\323C\344\327\264{\312-\017:\006{\177\344N\002\326bO\260\220\006\033\362\345\005U\221DzJ0\001\301\025%1L\307\t\261\262z\374\222T\301\274V\236\223\262\270Ct\362\337b\356\024*\324\320\351\317\002k\336\234\027v\351\217\260\303\360\233ZPZWr\246$w\313\313\r\243r\232\2234\373\3539:N\004Q\245\272D\312D\300\300\t\323\0257\345e\271\na\215{\226\255x%T\257\037\333\004\344_/R\006E\344\037@\210\363\010\336T\226\247'\204_{\261\370""1\235\2445\343\033Y!\212\201\341\272\225'\007\377\254\3776\332\357\325\334\326I!.=\237\205\357\0207\332\357c\253\006iY\246\027#""\276\276\307\013\003""; }; "
1750527669519,1750527669519,0,1,3,0,TMLedgerData,"ledgerHash: ""Q\240\317\3502\006,|\364\004\275\034\006\337\370""\330\364\202\314\315\311?\030\260\361u)\336\202\265Y""; ledgerSeq: 43; type: liBASE; nodes {;   nodedata: ""\000\000\000+\001cEx]\211\377\330\025[ d(\343\263\327\177\030\246\254H\277\254E\231\006\033_lB\210\264\334Y\322\314\362\320L\000\000\000\000\000\000\000\000\000\000\000\000\000\000\000\000\000\000\000\000\000\000\000\000\000\000\000\000\000\000\000\000\000\210\310\332\324Ut\313\201\005\326Fo\3508?\242r\370q\217\301\237\314c\rQ]\207\212\315\3672/\351\253//\351\2536\n\000""; }; nodes {;   nodedata: ""\323C\344\327\264{\312-\017:\006{\177\344N\002\326bO\260\220\006\033\362\345\005U\221DzJ0\001\301\025%1L\307\t\261\262z\374\222T\301\274V\236\223\262\270Ct\362\337b\356\024*\324\320\351\317\002k\336\234\027v\351\217\260\303\360\233ZPZWr\246$w\313\313\r\243r\232\2234\373\3539:N\004Q\245\272D\312D\300\300\t\323\0257\345e\271\na\215{\226\255x%T\257\037\333\004\344_/R\006E\344\037@\210\363\010\336T\226\247'\204_{\261\370""1\235\2445\343\033Y!\212\201\341\272\225'\007\377\254\3776\332\357\325\334\326I!.=\237\205\357\0207\332\357c\253\006iY\246\027#""\276\276\307\013\003""; }; ","ledgerHash: ""Q\240\317\3502\006,|\364\004\275\034\006\337\370""\330\364\202\314\315\311?\030\260\361u)\336\202\265Y""; ledgerSeq: 43; type: liBASE; nodes {;   nodedata: ""\000\000\000+\001cEx]\211\377\330\025[ d(\343\263\327\177\030\246\254H\277\254E\231\006\033_lB\210\264\334Y\322\314\362\320L\000\000\000\000\000\000\000\000\000\000\000\000\000\000\000\000\000\000\000\000\000\000\000\000\000\000\000\000\000\000\000\000\000\210\310\332\324Ut\313\201\005\326Fo\3508?\242r\370q\217\301\237\314c\rQ]\207\212\315\3672/\351\253//\351\2536\n\000""; }; nodes {;   nodedata: ""\323C\344\327\264{\312-\017:\006{\177\344N\002\326bO\260\220\006\033\362\345\005U\221DzJ0\001\301\025%1L\307\t\261\262z\374\222T\301\274V\236\223\262\270Ct\362\337b\356\024*\324\320\351\317\002k\336\234\027v\351\217\260\303\360\233ZPZWr\246$w\313\313\r\243r\232\2234\373\3539:N\004Q\245\272D\312D\300\300\t\323\0257\345e\271\na\215{\226\255x%T\257\037\333\004\344_/R\006E\344\037@\210\363\010\336T\226\247'\204_{\261\370""1\235\2445\343\033Y!\212\201\341\272\225'\007\377\254\3776\332\357\325\334\326I!.=\237\205\357\0207\332\357c\253\006iY\246\027#""\276\276\307\013\003""; }; "
1750527669520,1750527669520,0,1,2,1,TMGetLedger,"itype: liBASE; ledgerHash: ""Q\240\317\3502\006,|\364\004\275\034\006\337\370""\330\364\202\314\315\311?\030\260\361u)\336\202\265Y""; ledgerSeq: 43; queryType: qtINDIRECT; ","itype: liBASE; ledgerHash: ""Q\240\317\3502\006,|\364\004\275\034\006\337\370""\330\364\202\314\315\311?\030\260\361u)\336\202\265Y""; ledgerSeq: 43; queryType: qtINDIRECT; "
1750527669520,1750527669520,0,1,2,1,TMValidation,"validation: """"\200\000\000\001&\000\000\000+)/\351\2535:p\210\265\307-\212\200\004QQ\240\317\3502\006,|\364\004\275\034\006\337\370""\330\364\202\314\315\311?\030\260\361u)\336\202\265YP\027\000\000\000\000\000\000\000\000\000\000\000\000\000\000\000\000\000\000\000\000\000\000\000\000\000\000\000\000\000\000\000\000P\031\025[ d(\343\263\327\177\030\246\254H\277\254E\231\006\033_lB\210\264\334Y\322\314\362\320L\000s!\002\364d\217\366\217|\316F\232\231\241\n\261\333`\312O\367\235\025DD\336e\367\n\312\326\221\037\025\230vF0D\002 }<\343f\377\005\210,\340\204\250\n\273HY\252\233\276\374\271\217\312\244\340""4B\243\021\020\331!\002 z\324e\006_\224\274[d\327{\365_2bm\3434\020)\0337\002\313\267\3722H=g\330F""; ","validation: """"\200\000\000\001&\000\000\000+)/\351\2535:p\210\265\307-\212\200\004QQ\240\317\3502\006,|\364\004\275\034\006\337\370""\330\364\202\314\315\311?\030\260\361u)\336\202\265YP\027\000\000\000\000\000\000\000\000\000\000\000\000\000\000\000\000\000\000\000\000\000\000\000\000\000\000\000\000\000\000\000\000P\031\025[ d(\343\263\327\177\030\246\254H\277\254E\231\006\033_lB\210\264\334Y\322\314\362\320L\000s!\002\364d\217\366\217|\316F\232\231\241\n\261\333`\312O\367\235\025DD\336e\367\n\312\326\221\037\025\230vF0D\002 }<\343f\377\005\210,\340\204\250\n\273HY\252\233\276\374\271\217\312\244\340""4B\243\021\020\331!\002 z\324e\006_\224\274[d\327{\365_2bm\3434\020)\0337\002\313\267\3722H=g\330F""; "
1750527669521,1750527669521,0,1,0,1,TMValidation,"validation: """"\200\000\000\001&\000\000\000+)/\351\2535:p\210\265\307-\212\200\004QQ\240\317\3502\006,|\364\004\275\034\006\337\370""\330\364\202\314\315\311?\030\260\361u)\336\202\265YP\027\000\000\000\000\000\000\000\000\000\000\000\000\000\000\000\000\000\000\000\000\000\000\000\000\000\000\000\000\000\000\000\000P\031\025[ d(\343\263\327\177\030\246\254H\277\254E\231\006\033_lB\210\264\334Y\322\314\362\320L\000s!\002\364d\217\366\217|\316F\232\231\241\n\261\333`\312O\367\235\025DD\336e\367\n\312\326\221\037\025\230vF0D\002 }<\343f\377\005\210,\340\204\250\n\273HY\252\233\276\374\271\217\312\244\340""4B\243\021\020\331!\002 z\324e\006_\224\274[d\327{\365_2bm\3434\020)\0337\002\313\267\3722H=g\330F""; ","validation: """"\200\000\000\001&\000\000\000+)/\351\2535:p\210\265\307-\212\200\004QQ\240\317\3502\006,|\364\004\275\034\006\337\370""\330\364\202\314\315\311?\030\260\361u)\336\202\265YP\027\000\000\000\000\000\000\000\000\000\000\000\000\000\000\000\000\000\000\000\000\000\000\000\000\000\000\000\000\000\000\000\000P\031\025[ d(\343\263\327\177\030\246\254H\277\254E\231\006\033_lB\210\264\334Y\322\314\362\320L\000s!\002\364d\217\366\217|\316F\232\231\241\n\261\333`\312O\367\235\025DD\336e\367\n\312\326\221\037\025\230vF0D\002 }<\343f\377\005\210,\340\204\250\n\273HY\252\233\276\374\271\217\312\244\340""4B\243\021\020\331!\002 z\324e\006_\224\274[d\327{\365_2bm\3434\020)\0337\002\313\267\3722H=g\330F""; "
1750527669521,1750527669521,0,1,0,1,TMGetLedger,"itype: liBASE; ledgerHash: ""Q\240\317\3502\006,|\364\004\275\034\006\337\370""\330\364\202\314\315\311?\030\260\361u)\336\202\265Y""; ledgerSeq: 43; queryType: qtINDIRECT; ","itype: liBASE; ledgerHash: ""Q\240\317\3502\006,|\364\004\275\034\006\337\370""\330\364\202\314\315\311?\030\260\361u)\336\202\265Y""; ledgerSeq: 43; queryType: qtINDIRECT; "
1750527669522,1750527669522,0,1,2,3,TMGetLedger,"itype: liBASE; ledgerHash: ""Q\240\317\3502\006,|\364\004\275\034\006\337\370""\330\364\202\314\315\311?\030\260\361u)\336\202\265Y""; requestCookie: 5; queryType: qtINDIRECT; ","itype: liBASE; ledgerHash: ""Q\240\317\3502\006,|\364\004\275\034\006\337\370""\330\364\202\314\315\311?\030\260\361u)\336\202\265Y""; requestCookie: 5; queryType: qtINDIRECT; "
1750527669522,1750527669523,0,1,4,3,TMGetLedger,"itype: liBASE; ledgerHash: ""Q\240\317\3502\006,|\364\004\275\034\006\337\370""\330\364\202\314\315\311?\030\260\361u)\336\202\265Y""; ledgerSeq: 43; requestCookie: 3; queryType: qtINDIRECT; ","itype: liBASE; ledgerHash: ""Q\240\317\3502\006,|\364\004\275\034\006\337\370""\330\364\202\314\315\311?\030\260\361u)\336\202\265Y""; ledgerSeq: 43; requestCookie: 3; queryType: qtINDIRECT; "
1750527669526,1750527669526,0,1,4,3,TMGetLedger,"itype: liBASE; ledgerHash: ""Q\240\317\3502\006,|\364\004\275\034\006\337\370""\330\364\202\314\315\311?\030\260\361u)\336\202\265Y""; ledgerSeq: 43; requestCookie: 2; queryType: qtINDIRECT; ","itype: liBASE; ledgerHash: ""Q\240\317\3502\006,|\364\004\275\034\006\337\370""\330\364\202\314\315\311?\030\260\361u)\336\202\265Y""; ledgerSeq: 43; requestCookie: 2; queryType: qtINDIRECT; "
1750527669526,1750527669526,0,1,0,3,TMGetLedger,"itype: liBASE; ledgerHash: ""Q\240\317\3502\006,|\364\004\275\034\006\337\370""\330\364\202\314\315\311?\030\260\361u)\336\202\265Y""; requestCookie: 5; queryType: qtINDIRECT; ","itype: liBASE; ledgerHash: ""Q\240\317\3502\006,|\364\004\275\034\006\337\370""\330\364\202\314\315\311?\030\260\361u)\336\202\265Y""; requestCookie: 5; queryType: qtINDIRECT; "
1750527669526,1750527669526,0,1,4,3,TMGetLedger,"itype: liBASE; ledgerHash: ""Q\240\317\3502\006,|\364\004\275\034\006\337\370""\330\364\202\314\315\311?\030\260\361u)\336\202\265Y""; ledgerSeq: 43; requestCookie: 1; queryType: qtINDIRECT; ","itype: liBASE; ledgerHash: ""Q\240\317\3502\006,|\364\004\275\034\006\337\370""\330\364\202\314\315\311?\030\260\361u)\336\202\265Y""; ledgerSeq: 43; requestCookie: 1; queryType: qtINDIRECT; "
1750527669530,1750527669530,0,1,4,3,TMGetLedger,"itype: liAS_NODE; ledgerHash: ""Q\240\317\3502\006,|\364\004\275\034\006\337\370""\330\364\202\314\315\311?\030\260\361u)\336\202\265Y""; ledgerSeq: 43; nodeIDs: ""\260\000\000\000\000\000\000\000\000\000\000\000\000\000\000\000\000\000\000\000\000\000\000\000\000\000\000\000\000\000\000\000\001""; queryType: qtINDIRECT; queryDepth: 1; ","itype: liAS_NODE; ledgerHash: ""Q\240\317\3502\006,|\364\004\275\034\006\337\370""\330\364\202\314\315\311?\030\260\361u)\336\202\265Y""; ledgerSeq: 43; nodeIDs: ""\260\000\000\000\000\000\000\000\000\000\000\000\000\000\000\000\000\000\000\000\000\000\000\000\000\000\000\000\000\000\000\000\001""; queryType: qtINDIRECT; queryDepth: 1; "
1750527669535,1750527669535,0,1,2,3,TMGetLedger,"itype: liBASE; ledgerHash: ""Q\240\317\3502\006,|\364\004\275\034\006\337\370""\330\364\202\314\315\311?\030\260\361u)\336\202\265Y""; ledgerSeq: 43; requestCookie: 3; queryType: qtINDIRECT; ","itype: liBASE; ledgerHash: ""Q\240\317\3502\006,|\364\004\275\034\006\337\370""\330\364\202\314\315\311?\030\260\361u)\336\202\265Y""; ledgerSeq: 43; requestCookie: 3; queryType: qtINDIRECT; "
1750527669536,1750527669536,0,1,2,3,TMGetLedger,"itype: liBASE; ledgerHash: ""Q\240\317\3502\006,|\364\004\275\034\006\337\370""\330\364\202\314\315\311?\030\260\361u)\336\202\265Y""; ledgerSeq: 43; requestCookie: 2; queryType: qtINDIRECT; ","itype: liBASE; ledgerHash: ""Q\240\317\3502\006,|\364\004\275\034\006\337\370""\330\364\202\314\315\311?\030\260\361u)\336\202\265Y""; ledgerSeq: 43; requestCookie: 2; queryType: qtINDIRECT; "
1750527669536,1750527669536,0,1,1,3,TMGetLedger,"itype: liBASE; ledgerHash: ""Q\240\317\3502\006,|\364\004\275\034\006\337\370""\330\364\202\314\315\311?\030\260\361u)\336\202\265Y""; ledgerSeq: 43; queryType: qtINDIRECT; ","itype: liBASE; ledgerHash: ""Q\240\317\3502\006,|\364\004\275\034\006\337\370""\330\364\202\314\315\311?\030\260\361u)\336\202\265Y""; ledgerSeq: 43; queryType: qtINDIRECT; "
1750527669541,1750527669541,0,1,2,3,TMGetLedger,"itype: liAS_NODE; ledgerHash: ""Q\240\317\3502\006,|\364\004\275\034\006\337\370""\330\364\202\314\315\311?\030\260\361u)\336\202\265Y""; ledgerSeq: 43; nodeIDs: ""\260\000\000\000\000\000\000\000\000\000\000\000\000\000\000\000\000\000\000\000\000\000\000\000\000\000\000\000\000\000\000\000\001""; queryType: qtINDIRECT; queryDepth: 1; ","itype: liAS_NODE; ledgerHash: ""Q\240\317\3502\006,|\364\004\275\034\006\337\370""\330\364\202\314\315\311?\030\260\361u)\336\202\265Y""; ledgerSeq: 43; nodeIDs: ""\260\000\000\000\000\000\000\000\000\000\000\000\000\000\000\000\000\000\000\000\000\000\000\000\000\000\000\000\000\000\000\000\001""; queryType: qtINDIRECT; queryDepth: 1; "
1750527669541,1750527669541,0,1,1,3,TMGetLedger,"itype: liBASE; ledgerHash: ""Q\240\317\3502\006,|\364\004\275\034\006\337\370""\330\364\202\314\315\311?\030\260\361u)\336\202\265Y""; requestCookie: 5; queryType: qtINDIRECT; ","itype: liBASE; ledgerHash: ""Q\240\317\3502\006,|\364\004\275\034\006\337\370""\330\364\202\314\315\311?\030\260\361u)\336\202\265Y""; requestCookie: 5; queryType: qtINDIRECT; "
1750527669542,1750527669542,0,1,0,3,TMGetLedger,"itype: liBASE; ledgerHash: ""Q\240\317\3502\006,|\364\004\275\034\006\337\370""\330\364\202\314\315\311?\030\260\361u)\336\202\265Y""; ledgerSeq: 43; requestCookie: 2; queryType: qtINDIRECT; ","itype: liBASE; ledgerHash: ""Q\240\317\3502\006,|\364\004\275\034\006\337\370""\330\364\202\314\315\311?\030\260\361u)\336\202\265Y""; ledgerSeq: 43; requestCookie: 2; queryType: qtINDIRECT; "
1750527669543,1750527669543,0,1,1,3,TMGetLedger,"itype: liAS_NODE; ledgerHash: ""Q\240\317\3502\006,|\364\004\275\034\006\337\370""\330\364\202\314\315\311?\030\260\361u)\336\202\265Y""; ledgerSeq: 43; nodeIDs: ""\260\000\000\000\000\000\000\000\000\000\000\000\000\000\000\000\000\000\000\000\000\000\000\000\000\000\000\000\000\000\000\000\001""; queryType: qtINDIRECT; queryDepth: 1; ","itype: liAS_NODE; ledgerHash: ""Q\240\317\3502\006,|\364\004\275\034\006\337\370""\330\364\202\314\315\311?\030\260\361u)\336\202\265Y""; ledgerSeq: 43; nodeIDs: ""\260\000\000\000\000\000\000\000\000\000\000\000\000\000\000\000\000\000\000\000\000\000\000\000\000\000\000\000\000\000\000\000\001""; queryType: qtINDIRECT; queryDepth: 1; "
1750527669544,1750527669544,0,1,0,3,TMGetLedger,"itype: liBASE; ledgerHash: ""Q\240\317\3502\006,|\364\004\275\034\006\337\370""\330\364\202\314\315\311?\030\260\361u)\336\202\265Y""; ledgerSeq: 43; requestCookie: 3; queryType: qtINDIRECT; ","itype: liBASE; ledgerHash: ""Q\240\317\3502\006,|\364\004\275\034\006\337\370""\330\364\202\314\315\311?\030\260\361u)\336\202\265Y""; ledgerSeq: 43; requestCookie: 3; queryType: qtINDIRECT; "
1750527669544,1750527669544,0,1,0,3,TMGetLedger,"itype: liAS_NODE; ledgerHash: ""Q\240\317\3502\006,|\364\004\275\034\006\337\370""\330\364\202\314\315\311?\030\260\361u)\336\202\265Y""; ledgerSeq: 43; nodeIDs: ""\260\000\000\000\000\000\000\000\000\000\000\000\000\000\000\000\000\000\000\000\000\000\000\000\000\000\000\000\000\000\000\000\001""; queryType: qtINDIRECT; queryDepth: 1; ","itype: liAS_NODE; ledgerHash: ""Q\240\317\3502\006,|\364\004\275\034\006\337\370""\330\364\202\314\315\311?\030\260\361u)\336\202\265Y""; ledgerSeq: 43; nodeIDs: ""\260\000\000\000\000\000\000\000\000\000\000\000\000\000\000\000\000\000\000\000\000\000\000\000\000\000\000\000\000\000\000\000\001""; queryType: qtINDIRECT; queryDepth: 1; "
1750527669545,1750527669545,0,1,3,4,TMLedgerData,"ledgerHash: ""Q\240\317\3502\006,|\364\004\275\034\006\337\370""\330\364\202\314\315\311?\030\260\361u)\336\202\265Y""; ledgerSeq: 43; type: liBASE; nodes {;   nodedata: ""\000\000\000+\001cEx]\211\377\330\025[ d(\343\263\327\177\030\246\254H\277\254E\231\006\033_lB\210\264\334Y\322\314\362\320L\000\000\000\000\000\000\000\000\000\000\000\000\000\000\000\000\000\000\000\000\000\000\000\000\000\000\000\000\000\000\000\000\000\210\310\332\324Ut\313\201\005\326Fo\3508?\242r\370q\217\301\237\314c\rQ]\207\212\315\3672/\351\253//\351\2536\n\000""; }; nodes {;   nodedata: ""\323C\344\327\264{\312-\017:\006{\177\344N\002\326bO\260\220\006\033\362\345\005U\221DzJ0\001\301\025%1L\307\t\261\262z\374\222T\301\274V\236\223\262\270Ct\362\337b\356\024*\324\320\351\317\002k\336\234\027v\351\217\260\303\360\233ZPZWr\246$w\313\313\r\243r\232\2234\373\3539:N\004Q\245\272D\312D\300\300\t\323\0257\345e\271\na\215{\226\255x%T\257\037\333\004\344_/R\006E\344\037@\210\363\010\336T\226\247'\204_{\261\370""1\235\2445\343\033Y!\212\201\341\272\225'\007\377\254\3776\332\357\325\334\326I!.=\237\205\357\0207\332\357c\253\006iY\246\027#""\276\276\307\013\003""; }; requestCookie: 3; ","ledgerHash: ""Q\240\317\3502\006,|\364\004\275\034\006\337\370""\330\364\202\314\315\311?\030\260\361u)\336\202\265Y""; ledgerSeq: 43; type: liBASE; nodes {;   nodedata: ""\000\000\000+\001cEx]\211\377\330\025[ d(\343\263\327\177\030\246\254H\277\254E\231\006\033_lB\210\264\334Y\322\314\362\320L\000\000\000\000\000\000\000\000\000\000\000\000\000\000\000\000\000\000\000\000\000\000\000\000\000\000\000\000\000\000\000\000\000\210\310\332\324Ut\313\201\005\326Fo\3508?\242r\370q\217\301\237\314c\rQ]\207\212\315\3672/\351\253//\351\2536\n\000""; }; nodes {;   nodedata: ""\323C\344\327\264{\312-\017:\006{\177\344N\002\326bO\260\220\006\033\362\345\005U\221DzJ0\001\301\025%1L\307\t\261\262z\374\222T\301\274V\236\223\262\270Ct\362\337b\356\024*\324\320\351\317\002k\336\234\027v\351\217\260\303\360\233ZPZWr\246$w\313\313\r\243r\232\2234\373\3539:N\004Q\245\272D\312D\300\300\t\323\0257\345e\271\na\215{\226\255x%T\257\037\333\004\344_/R\006E\344\037@\210\363\010\336T\226\247'\204_{\261\370""1\235\2445\343\033Y!\212\201\341\272\225'\007\377\254\3776\332\357\325\334\326I!.=\237\205\357\0207\332\357c\253\006iY\246\027#""\276\276\307\013\003""; }; requestCookie: 3; "
1750527669545,1750527669545,0,1,3,2,TMLedgerData,"ledgerHash: ""Q\240\317\3502\006,|\364\004\275\034\006\337\370""\330\364\202\314\315\311?\030\260\361u)\336\202\265Y""; ledgerSeq: 43; type: liBASE; nodes {;   nodedata: ""\000\000\000+\001cEx]\211\377\330\025[ d(\343\263\327\177\030\246\254H\277\254E\231\006\033_lB\210\264\334Y\322\314\362\320L\000\000\000\000\000\000\000\000\000\000\000\000\000\000\000\000\000\000\000\000\000\000\000\000\000\000\000\000\000\000\000\000\000\210\310\332\324Ut\313\201\005\326Fo\3508?\242r\370q\217\301\237\314c\rQ]\207\212\315\3672/\351\253//\351\2536\n\000""; }; nodes {;   nodedata: ""\323C\344\327\264{\312-\017:\006{\177\344N\002\326bO\260\220\006\033\362\345\005U\221DzJ0\001\301\025%1L\307\t\261\262z\374\222T\301\274V\236\223\262\270Ct\362\337b\356\024*\324\320\351\317\002k\336\234\027v\351\217\260\303\360\233ZPZWr\246$w\313\313\r\243r\232\2234\373\3539:N\004Q\245\272D\312D\300\300\t\323\0257\345e\271\na\215{\226\255x%T\257\037\333\004\344_/R\006E\344\037@\210\363\010\336T\226\247'\204_{\261\370""1\235\2445\343\033Y!\212\201\341\272\225'\007\377\254\3776\332\357\325\334\326I!.=\237\205\357\0207\332\357c\253\006iY\246\027#""\276\276\307\013\003""; }; requestCookie: 5; ","ledgerHash: ""Q\240\317\3502\006,|\364\004\275\034\006\337\370""\330\364\202\314\315\311?\030\260\361u)\336\202\265Y""; ledgerSeq: 43; type: liBASE; nodes {;   nodedata: ""\000\000\000+\001cEx]\211\377\330\025[ d(\343\263\327\177\030\246\254H\277\254E\231\006\033_lB\210\264\334Y\322\314\362\320L\000\000\000\000\000\000\000\000\000\000\000\000\000\000\000\000\000\000\000\000\000\000\000\000\000\000\000\000\000\000\000\000\000\210\310\332\324Ut\313\201\005\326Fo\3508?\242r\370q\217\301\237\314c\rQ]\207\212\315\3672/\351\253//\351\2536\n\000""; }; nodes {;   nodedata: ""\323C\344\327\264{\312-\017:\006{\177\344N\002\326bO\260\220\006\033\362\345\005U\221DzJ0\001\301\025%1L\307\t\261\262z\374\222T\301\274V\236\223\262\270Ct\362\337b\356\024*\324\320\351\317\002k\336\234\027v\351\217\260\303\360\233ZPZWr\246$w\313\313\r\243r\232\2234\373\3539:N\004Q\245\272D\312D\300\300\t\323\0257\345e\271\na\215{\226\255x%T\257\037\333\004\344_/R\006E\344\037@\210\363\010\336T\226\247'\204_{\261\370""1\235\2445\343\033Y!\212\201\341\272\225'\007\377\254\3776\332\357\325\334\326I!.=\237\205\357\0207\332\357c\253\006iY\246\027#""\276\276\307\013\003""; }; requestCookie: 5; "
1750527669550,1750527669550,0,1,3,4,TMLedgerData,"ledgerHash: ""Q\240\317\3502\006,|\364\004\275\034\006\337\370""\330\364\202\314\315\311?\030\260\361u)\336\202\265Y""; ledgerSeq: 43; type: liBASE; nodes {;   nodedata: ""\000\000\000+\001cEx]\211\377\330\025[ d(\343\263\327\177\030\246\254H\277\254E\231\006\033_lB\210\264\334Y\322\314\362\320L\000\000\000\000\000\000\000\000\000\000\000\000\000\000\000\000\000\000\000\000\000\000\000\000\000\000\000\000\000\000\000\000\000\210\310\332\324Ut\313\201\005\326Fo\3508?\242r\370q\217\301\237\314c\rQ]\207\212\315\3672/\351\253//\351\2536\n\000""; }; nodes {;   nodedata: ""\323C\344\327\264{\312-\017:\006{\177\344N\002\326bO\260\220\006\033\362\345\005U\221DzJ0\001\301\025%1L\307\t\261\262z\374\222T\301\274V\236\223\262\270Ct\362\337b\356\024*\324\320\351\317\002k\336\234\027v\351\217\260\303\360\233ZPZWr\246$w\313\313\r\243r\232\2234\373\3539:N\004Q\245\272D\312D\300\300\t\323\0257\345e\271\na\215{\226\255x%T\257\037\333\004\344_/R\006E\344\037@\210\363\010\336T\226\247'\204_{\261\370""1\235\2445\343\033Y!\212\201\341\272\225'\007\377\254\3776\332\357\325\334\326I!.=\237\205\357\0207\332\357c\253\006iY\246\027#""\276\276\307\013\003""; }; requestCookie: 2; ","ledgerHash: ""Q\240\317\3502\006,|\364\004\275\034\006\337\370""\330\364\202\314\315\311?\030\260\361u)\336\202\265Y""; ledgerSeq: 43; type: liBASE; nodes {;   nodedata: ""\000\000\000+\001cEx]\211\377\330\025[ d(\343\263\327\177\030\246\254H\277\254E\231\006\033_lB\210\264\334Y\322\314\362\320L\000\000\000\000\000\000\000\000\000\000\000\000\000\000\000\000\000\000\000\000\000\000\000\000\000\000\000\000\000\000\000\000\000\210\310\332\324Ut\313\201\005\326Fo\3508?\242r\370q\217\301\237\314c\rQ]\207\212\315\3672/\351\253//\351\2536\n\000""; }; nodes {;   nodedata: ""\323C\344\327\264{\312-\017:\006{\177\344N\002\326bO\260\220\006\033\362\345\005U\221DzJ0\001\301\025%1L\307\t\261\262z\374\222T\301\274V\236\223\262\270Ct\362\337b\356\024*\324\320\351\317\002k\336\234\027v\351\217\260\303\360\233ZPZWr\246$w\313\313\r\243r\232\2234\373\3539:N\004Q\245\272D\312D\300\300\t\323\0257\345e\271\na\215{\226\255x%T\257\037\333\004\344_/R\006E\344\037@\210\363\010\336T\226\247'\204_{\261\370""1\235\2445\343\033Y!\212\201\341\272\225'\007\377\254\3776\332\357\325\334\326I!.=\237\205\357\0207\332\357c\253\006iY\246\027#""\276\276\307\013\003""; }; requestCookie: 2; "
1750527669550,1750527669550,0,1,3,0,TMLedgerData,"ledgerHash: ""Q\240\317\3502\006,|\364\004\275\034\006\337\370""\330\364\202\314\315\311?\030\260\361u)\336\202\265Y""; ledgerSeq: 43; type: liBASE; nodes {;   nodedata: ""\000\000\000+\001cEx]\211\377\330\025[ d(\343\263\327\177\030\246\254H\277\254E\231\006\033_lB\210\264\334Y\322\314\362\320L\000\000\000\000\000\000\000\000\000\000\000\000\000\000\000\000\000\000\000\000\000\000\000\000\000\000\000\000\000\000\000\000\000\210\310\332\324Ut\313\201\005\326Fo\3508?\242r\370q\217\301\237\314c\rQ]\207\212\315\3672/\351\253//\351\2536\n\000""; }; nodes {;   nodedata: ""\323C\344\327\264{\312-\017:\006{\177\344N\002\326bO\260\220\006\033\362\345\005U\221DzJ0\001\301\025%1L\307\t\261\262z\374\222T\301\274V\236\223\262\270Ct\362\337b\356\024*\324\320\351\317\002k\336\234\027v\351\217\260\303\360\233ZPZWr\246$w\313\313\r\243r\232\2234\373\3539:N\004Q\245\272D\312D\300\300\t\323\0257\345e\271\na\215{\226\255x%T\257\037\333\004\344_/R\006E\344\037@\210\363\010\336T\226\247'\204_{\261\370""1\235\2445\343\033Y!\212\201\341\272\225'\007\377\254\3776\332\357\325\334\326I!.=\237\205\357\0207\332\357c\253\006iY\246\027#""\276\276\307\013\003""; }; requestCookie: 5; ","ledgerHash: ""Q\240\317\3502\006,|\364\004\275\034\006\337\370""\330\364\202\314\315\311?\030\260\361u)\336\202\265Y""; ledgerSeq: 43; type: liBASE; nodes {;   nodedata: ""\000\000\000+\001cEx]\211\377\330\025[ d(\343\263\327\177\030\246\254H\277\254E\231\006\033_lB\210\264\334Y\322\314\362\320L\000\000\000\000\000\000\000\000\000\000\000\000\000\000\000\000\000\000\000\000\000\000\000\000\000\000\000\000\000\000\000\000\000\210\310\332\324Ut\313\201\005\326Fo\3508?\242r\370q\217\301\237\314c\rQ]\207\212\315\3672/\351\253//\351\2536\n\000""; }; nodes {;   nodedata: ""\323C\344\327\264{\312-\017:\006{\177\344N\002\326bO\260\220\006\033\362\345\005U\221DzJ0\001\301\025%1L\307\t\261\262z\374\222T\301\274V\236\223\262\270Ct\362\337b\356\024*\324\320\351\317\002k\336\234\027v\351\217\260\303\360\233ZPZWr\246$w\313\313\r\243r\232\2234\373\3539:N\004Q\245\272D\312D\300\300\t\323\0257\345e\271\na\215{\226\255x%T\257\037\333\004\344_/R\006E\344\037@\210\363\010\336T\226\247'\204_{\261\370""1\235\2445\343\033Y!\212\201\341\272\225'\007\377\254\3776\332\357\325\334\326I!.=\237\205\357\0207\332\357c\253\006iY\246\027#""\276\276\307\013\003""; }; requestCookie: 5; "
1750527669551,1750527669551,0,1,3,4,TMLedgerData,"ledgerHash: ""Q\240\317\3502\006,|\364\004\275\034\006\337\370""\330\364\202\314\315\311?\030\260\361u)\336\202\265Y""; ledgerSeq: 43; type: liBASE; nodes {;   nodedata: ""\000\000\000+\001cEx]\211\377\330\025[ d(\343\263\327\177\030\246\254H\277\254E\231\006\033_lB\210\264\334Y\322\314\362\320L\000\000\000\000\000\000\000\000\000\000\000\000\000\000\000\000\000\000\000\000\000\000\000\000\000\000\000\000\000\000\000\000\000\210\310\332\324Ut\313\201\005\326Fo\3508?\242r\370q\217\301\237\314c\rQ]\207\212\315\3672/\351\253//\351\2536\n\000""; }; nodes {;   nodedata: ""\323C\344\327\264{\312-\017:\006{\177\344N\002\326bO\260\220\006\033\362\345\005U\221DzJ0\001\301\025%1L\307\t\261\262z\374\222T\301\274V\236\223\262\270Ct\362\337b\356\024*\324\320\351\317\002k\336\234\027v\351\217\260\303\360\233ZPZWr\246$w\313\313\r\243r\232\2234\373\3539:N\004Q\245\272D\312D\300\300\t\323\0257\345e\271\na\215{\226\255x%T\257\037\333\004\344_/R\006E\344\037@\210\363\010\336T\226\247'\204_{\261\370""1\235\2445\343\033Y!\212\201\341\272\225'\007\377\254\3776\332\357\325\334\326I!.=\237\205\357\0207\332\357c\253\006iY\246\027#""\276\276\307\013\003""; }; requestCookie: 1; ","ledgerHash: ""Q\240\317\3502\006,|\364\004\275\034\006\337\370""\330\364\202\314\315\311?\030\260\361u)\336\202\265Y""; ledgerSeq: 43; type: liBASE; nodes {;   nodedata: ""\000\000\000+\001cEx]\211\377\330\025[ d(\343\263\327\177\030\246\254H\277\254E\231\006\033_lB\210\264\334Y\322\314\362\320L\000\000\000\000\000\000\000\000\000\000\000\000\000\000\000\000\000\000\000\000\000\000\000\000\000\000\000\000\000\000\000\000\000\210\310\332\324Ut\313\201\005\326Fo\3508?\242r\370q\217\301\237\314c\rQ]\207\212\315\3672/\351\253//\351\2536\n\000""; }; nodes {;   nodedata: ""\323C\344\327\264{\312-\017:\006{\177\344N\002\326bO\260\220\006\033\362\345\005U\221DzJ0\001\301\025%1L\307\t\261\262z\374\222T\301\274V\236\223\262\270Ct\362\337b\356\024*\324\320\351\317\002k\336\234\027v\351\217\260\303\360\233ZPZWr\246$w\313\313\r\243r\232\2234\373\3539:N\004Q\245\272D\312D\300\300\t\323\0257\345e\271\na\215{\226\255x%T\257\037\333\004\344_/R\006E\344\037@\210\363\010\336T\226\247'\204_{\261\370""1\235\2445\343\033Y!\212\201\341\272\225'\007\377\254\3776\332\357\325\334\326I!.=\237\205\357\0207\332\357c\253\006iY\246\027#""\276\276\307\013\003""; }; requestCookie: 1; "
1750527669551,1750527669552,0,1,3,4,TMLedgerData,"ledgerHash: ""Q\240\317\3502\006,|\364\004\275\034\006\337\370""\330\364\202\314\315\311?\030\260\361u)\336\202\265Y""; ledgerSeq: 43; type: liAS_NODE; nodes {;   nodedata: ""\021\000h""\000\000\000\000 \033\000\000\000*\002\023\305\237\330\356GuH\375\327!\255\371\r\231\262R\256J\034\222\241\355X\265E\241^W\225\304\014\361CX-}\351f\032\255\274\334m\326c\017\014ao[\342\230\003\245\245\3341Hm\326^\017jy\335\261\032Yt\320\244{g\0306\\302\303*\341\215\223\257\364\277o\375\000r\241SOq\221\253\262\005\017\375T\356\014\360o'\030\311-\267\031\257!\031T\006><\315XM\334\324\345\034\000\325\367\240\271\013\265\024\321\362\354\211\250.\234s\225amc\305\035\366\276\037nD\277`\210\223N\3535\033\261\304f\331]\036\237\306o!\223\221\002\324\031\262\240R\177 ,\214\325\Q])\016\2067\277\t\354\010\000\360\215\2502\265\245\310\226\243c\302Ze\306\253#r\020\211\320iG\276\020E\317\035Sf\223F\254\033@\177e\277\016\010u\327\371&\262\312\317Q\2361t\377x\234\001v\003%\030\325_\225g\204\346a=\225\273\331\354\365*U\363\263N\367b\371\244\314-w\363\262\225Z\200\206\235\233\257?sE\2674\254\326mU\377?\177Ek\336\030!\316Aa\225\303\022\377{\210Y\226\271as\354L\035\004\341\361\035\301\024\220m#*\372\032\3178~\374\250\014*\323\342'z69\220\327\256\351G\367\317u\302\207\270b\315\333\333\334\310I\323&\014\352XZnW2.\335\347\202\021\247\362\212e\034\000\001\250\220\305;a\314\265R\310\017\317\331\235\360\262\240:\277\202\266\354\265X""\022\nh\252\352w\204\203\023]\001f\352\277\0031Q]\362\370R\350{\261\202\240\344\215\201\353\276\322p5p\350\354\017>\250r\241c\273\016\301\024\363\242\247\263\231\370\344\nBW\220K\316@3\243\200\036wk\253GSlU\010\360\231>\331\263H\214\324\030A\225\301o\346pkSF\004\241\213w9\223=\250\262*+\255\351r\265\244c\024\213\t\007`\223\325#\3477\210\345P\306\013\320\252[\0216+\227=`\371P\314\346 V7\271[~\n\237\274|\347\352@K\253~&\260\032\024\004B\200\255h\351\013\361\031:nG\211\005|\2003\266\274\251,W\006u\344\335d\003\306\212\313,\340\350bG\n\030Z\2732-\246\312\255\030\003\235207\005}D\260\0261ah\322M\304\216\273m0\271\234\237\007<w$\265C\245\232\033\023\313c\321B\032l\301h\005\320\252\301\361(\330[\343\357\343{\235\n\266g\272>\177\317\347\261qb&\270&\346ju\200\363N\320\307\004\034\001n\317\361\2653\254\2503\247\305\372\316W\022O\253x\250\025\373\247\354Tc\304\263\243^\352Gv\\264\261\r\035\226\306\2411\351\233\203\215\200$\231\300f\220\371c@\017\254\363\\371\340\340VaR\205~^\226\342t\360\022\204d\231\205)\272\364?\361!\334\331\315\254\230\rBG\314\023\246\244=\351\177\254\302b&\276+H;0\312\021&\275\036\237\350R\313\206R\331\304k\323u\263t\221\213yC\241\217A\242\027g\322\241'\212.E?B_\316\327\217J +\370\t^b\005\020\003\211\373\247|hC\271Nmk~J\270EU\274\036-\347\240\312FA\321\341bca\253\025\321\311\317\021\375\317\217\n\272\033o\353G>\275\361H\265\240\232um""\317\324`\214\221\314\000\211K\223+(""\200i \311\372g\254\343ZR0\224\275q\252\357\213\263\206N\357&Q\217\267\303\356I\236\357\264\311b\037\366\035\253\343\311\265\240\327q\206f\262ODi\215-\363>\034\236l\273\005G\316F\217}[\036\007\270:\260\335\271B\241N\345\330\204\327f\361\272Kb\0377p\334\264\237\177~\330]\252+:\317u\302h\n\351\n\364\231\277R\371\356\033y\265v\360Ny\246\332qY\262\231\251\n\305\334\202\305\362\n\367@k\231\016R:\327\242\366\242\253LZY\223$Gw^\203\302\311\316I7\371tTwp}\005|\372\214\251{R`\230V\244-\326I\351\255\325i\335\377\321\353\327\331\302\023\347y\016\263\271\317\306\017UV\314qu?\0064A\315{3D\010\016S\212\2353k0\361\214ID\303g\277\010Y_\001~\021\333\370\255\374\\331\306\255\336)\365Rth\024\t\300.M\315\321S\257\224\252\362\326P\316\303%nX\3742\333\036\004Y\264yG^\234\177\214\305q\237\274G\300a4\275\240s\215\222\210\016\020G\344=-:GK\312\035\271\201\350\376F\260G\347\000\235\365P6pmH\033\373\212c\377o\232\356\320D\002\277,]os{\354/?\312e\006wda\001\023\375\316\025\254\321\244\370+Y`\220\270\254\2601E[FI\310\235<qI \356\032v%\001\230\016\203\200\251UD\347\304\373\034\211\340@\342\033\263\365\356\341\357\350\324\035J\032\177\230\207\220\303+\207\352g\317N\027>\222M\271m\033\236\021:\272\233r\373\233hC}\256\020\210\010\233\335\025[ d(\343\263\327\177\030\246\254H\277\254E\231\006\033_lB\210\264\334Y\322\314\362\320L\000\264\227\2326\315\307\363\323\325\303\032N\256*\307\327 \235\332\207u\210\271\257\306g\231i*\260\326k\001"";   nodeid: ""\260\000\000\000\000\000\000\000\000\000\000\000\000\000\000\000\000\000\000\000\000\000\000\000\000\000\000\000\000\000\000\000\001""; }; ","ledgerHash: ""Q\240\317\3502\006,|\364\004\275\034\006\337\370""\330\364\202\314\315\311?\030\260\361u)\336\202\265Y""; ledgerSeq: 43; type: liAS_NODE; nodes {;   nodedata: ""\021\000h""\000\000\000\000 \033\000\000\000*\002\023\305\237\330\356GuH\375\327!\255\371\r\231\262R\256J\034\222\241\355X\265E\241^W\225\304\014\361CX-}\351f\032\255\274\334m\326c\017\014ao[\342\230\003\245\245\3341Hm\326^\017jy\335\261\032Yt\320\244{g\0306\\302\303*\341\215\223\257\364\277o\375\000r\241SOq\221\253\262\005\017\375T\356\014\360o'\030\311-\267\031\257!\031T\006><\315XM\334\324\345\034\000\325\367\240\271\013\265\024\321\362\354\211\250.\234s\225amc\305\035\366\276\037nD\277`\210\223N\3535\033\261\304f\331]\036\237\306o!\223\221\002\324\031\262\240R\177 ,\214\325\Q])\016\2067\277\t\354\010\000\360\215\2502\265\245\310\226\243c\302Ze\306\253#r\020\211\320iG\276\020E\317\035Sf\223F\254\033@\177e\277\016\010u\327\371&\262\312\317Q\2361t\377x\234\001v\003%\030\325_\225g\204\346a=\225\273\331\354\365*U\363\263N\367b\371\244\314-w\363\262\225Z\200\206\235\233\257?sE\2674\254\326mU\377?\177Ek\336\030!\316Aa\225\303\022\377{\210Y\226\271as\354L\035\004\341\361\035\301\024\220m#*\372\032\3178~\374\250\014*\323\342'z69\220\327\256\351G\367\317u\302\207\270b\315\333\333\334\310I\323&\014\352XZnW2.\335\347\202\021\247\362\212e\034\000\001\250\220\305;a\314\265R\310\017\317\331\235\360\262\240:\277\202\266\354\265X""\022\nh\252\352w\204\203\023]\001f\352\277\0031Q]\362\370R\350{\261\202\240\344\215\201\353\276\322p5p\350\354\017>\250r\241c\273\016\301\024\363\242\247\263\231\370\344\nBW\220K\316@3\243\200\036wk\253GSlU\010\360\231>\331\263H\214\324\030A\225\301o\346pkSF\004\241\213w9\223=\250\262*+\255\351r\265\244c\024\213\t\007`\223\325#\3477\210\345P\306\013\320\252[\0216+\227=`\371P\314\346 V7\271[~\n\237\274|\347\352@K\253~&\260\032\024\004B\200\255h\351\013\361\031:nG\211\005|\2003\266\274\251,W\006u\344\335d\003\306\212\313,\340\350bG\n\030Z\2732-\246\312\255\030\003\235207\005}D\260\0261ah\322M\304\216\273m0\271\234\237\007<w$\265C\245\232\033\023\313c\321B\032l\301h\005\320\252\301\361(\330[\343\357\343{\235\n\266g\272>\177\317\347\261qb&\270&\346ju\200\363N\320\307\004\034\001n\317\361\2653\254\2503\247\305\372\316W\022O\253x\250\025\373\247\354Tc\304\263\243^\352Gv\\264\261\r\035\226\306\2411\351\233\203\215\200$\231\300f\220\371c@\017\254\363\\371\340\340VaR\205~^\226\342t\360\022\204d\231\205)\272\364?\361!\334\331\315\254\230\rBG\314\023\246\244=\351\177\254\302b&\276+H;0\312\021&\275\036\237\350R\313\206R\331\304k\323u\263t\221\213yC\241\217A\242\027g\322\241'\212.E?B_\316\327\217J +\370\t^b\005\020\003\211\373\247|hC\271Nmk~J\270EU\274\036-\347\240\312FA\321\341bca\253\025\321\311\317\021\375\317\217\n\272\033o\353G>\275\361H\265\240\232um""\317\324`\214\221\314\000\211K\223+(""\200i \311\372g\254\343ZR0\224\275q\252\357\213\263\206N\357&Q\217\267\303\356I\236\357\264\311b\037\366\035\253\343\311\265\240\327q\206f\262ODi\215-\363>\034\236l\273\005G\316F\217}[\036\007\270:\260\335\271B\241N\345\330\204\327f\361\272Kb\0377p\334\264\237\177~\330]\252+:\317u\302h\n\351\n\364\231\277R\371\356\033y\265v\360Ny\246\332qY\262\231\251\n\305\334\202\305\362\n\367@k\231\016R:\327\242\366\242\253LZY\223$Gw^\203\302\311\316I7\371tTwp}\005|\372\214\251{R`\230V\244-\326I\351\255\325i\335\377\321\353\327\331\302\023\347y\016\263\271\317\306\017UV\314qu?\0064A\315{3D\010\016S\212\2353k0\361\214ID\303g\277\010Y_\001~\021\333\370\255\374\\331\306\255\336)\365Rth\024\t\300.M\315\321S\257\224\252\362\326P\316\303%nX\3742\333\036\004Y\264yG^\234\177\214\305q\237\274G\300a4\275\240s\215\222\210\016\020G\344=-:GK\312\035\271\201\350\376F\260G\347\000\235\365P6pmH\033\373\212c\377o\232\356\320D\002\277,]os{\354/?\312e\006wda\001\023\375\316\025\254\321\244\370+Y`\220\270\254\2601E[FI\310\235<qI \356\032v%\001\230\016\203\200\251UD\347\304\373\034\211\340@\342\033\263\365\356\341\357\350\324\035J\032\177\230\207\220\303+\207\352g\317N\027>\222M\271m\033\236\021:\272\233r\373\233hC}\256\020\210\010\233\335\025[ d(\343\263\327\177\030\246\254H\277\254E\231\006\033_lB\210\264\334Y\322\314\362\320L\000\264\227\2326\315\307\363\323\325\303\032N\256*\307\327 \235\332\207u\210\271\257\306g\231i*\260\326k\001"";   nodeid: ""\260\000\000\000\000\000\000\000\000\000\000\000\000\000\000\000\000\000\000\000\000\000\000\000\000\000\000\000\000\000\000\000\001""; }; "
1750527669552,1750527669553,0,1,3,2,TMLedgerData,"ledgerHash: ""Q\240\317\3502\006,|\364\004\275\034\006\337\370""\330\364\202\314\315\311?\030\260\361u)\336\202\265Y""; ledgerSeq: 43; type: liBASE; nodes {;   nodedata: ""\000\000\000+\001cEx]\211\377\330\025[ d(\343\263\327\177\030\246\254H\277\254E\231\006\033_lB\210\264\334Y\322\314\362\320L\000\000\000\000\000\000\000\000\000\000\000\000\000\000\000\000\000\000\000\000\000\000\000\000\000\000\000\000\000\000\000\000\000\210\310\332\324Ut\313\201\005\326Fo\3508?\242r\370q\217\301\237\314c\rQ]\207\212\315\3672/\351\253//\351\2536\n\000""; }; nodes {;   nodedata: ""\323C\344\327\264{\312-\017:\006{\177\344N\002\326bO\260\220\006\033\362\345\005U\221DzJ0\001\301\025%1L\307\t\261\262z\374\222T\301\274V\236\223\262\270Ct\362\337b\356\024*\324\320\351\317\002k\336\234\027v\351\217\260\303\360\233ZPZWr\246$w\313\313\r\243r\232\2234\373\3539:N\004Q\245\272D\312D\300\300\t\323\0257\345e\271\na\215{\226\255x%T\257\037\333\004\344_/R\006E\344\037@\210\363\010\336T\226\247'\204_{\261\370""1\235\2445\343\033Y!\212\201\341\272\225'\007\377\254\3776\332\357\325\334\326I!.=\237\205\357\0207\332\357c\253\006iY\246\027#""\276\276\307\013\003""; }; requestCookie: 3; ","ledgerHash: ""Q\240\317\3502\006,|\364\004\275\034\006\337\370""\330\364\202\314\315\311?\030\260\361u)\336\202\265Y""; ledgerSeq: 43; type: liBASE; nodes {;   nodedata: ""\000\000\000+\001cEx]\211\377\330\025[ d(\343\263\327\177\030\246\254H\277\254E\231\006\033_lB\210\264\334Y\322\314\362\320L\000\000\000\000\000\000\000\000\000\000\000\000\000\000\000\000\000\000\000\000\000\000\000\000\000\000\000\000\000\000\000\000\000\210\310\332\324Ut\313\201\005\326Fo\3508?\242r\370q\217\301\237\314c\rQ]\207\212\315\3672/\351\253//\351\2536\n\000""; }; nodes {;   nodedata: ""\323C\344\327\264{\312-\017:\006{\177\344N\002\326bO\260\220\006\033\362\345\005U\221DzJ0\001\301\025%1L\307\t\261\262z\374\222T\301\274V\236\223\262\270Ct\362\337b\356\024*\324\320\351\317\002k\336\234\027v\351\217\260\303\360\233ZPZWr\246$w\313\313\r\243r\232\2234\373\3539:N\004Q\245\272D\312D\300\300\t\323\0257\345e\271\na\215{\226\255x%T\257\037\333\004\344_/R\006E\344\037@\210\363\010\336T\226\247'\204_{\261\370""1\235\2445\343\033Y!\212\201\341\272\225'\007\377\254\3776\332\357\325\334\326I!.=\237\205\357\0207\332\357c\253\006iY\246\027#""\276\276\307\013\003""; }; requestCookie: 3; "
1750527669553,1750527669553,0,1,3,1,TMLedgerData,"ledgerHash: ""Q\240\317\3502\006,|\364\004\275\034\006\337\370""\330\364\202\314\315\311?\030\260\361u)\336\202\265Y""; ledgerSeq: 43; type: liBASE; nodes {;   nodedata: ""\000\000\000+\001cEx]\211\377\330\025[ d(\343\263\327\177\030\246\254H\277\254E\231\006\033_lB\210\264\334Y\322\314\362\320L\000\000\000\000\000\000\000\000\000\000\000\000\000\000\000\000\000\000\000\000\000\000\000\000\000\000\000\000\000\000\000\000\000\210\310\332\324Ut\313\201\005\326Fo\3508?\242r\370q\217\301\237\314c\rQ]\207\212\315\3672/\351\253//\351\2536\n\000""; }; nodes {;   nodedata: ""\323C\344\327\264{\312-\017:\006{\177\344N\002\326bO\260\220\006\033\362\345\005U\221DzJ0\001\301\025%1L\307\t\261\262z\374\222T\301\274V\236\223\262\270Ct\362\337b\356\024*\324\320\351\317\002k\336\234\027v\351\217\260\303\360\233ZPZWr\246$w\313\313\r\243r\232\2234\373\3539:N\004Q\245\272D\312D\300\300\t\323\0257\345e\271\na\215{\226\255x%T\257\037\333\004\344_/R\006E\344\037@\210\363\010\336T\226\247'\204_{\261\370""1\235\2445\343\033Y!\212\201\341\272\225'\007\377\254\3776\332\357\325\334\326I!.=\237\205\357\0207\332\357c\253\006iY\246\027#""\276\276\307\013\003""; }; ","ledgerHash: ""Q\240\317\3502\006,|\364\004\275\034\006\337\370""\330\364\202\314\315\311?\030\260\361u)\336\202\265Y""; ledgerSeq: 43; type: liBASE; nodes {;   nodedata: ""\000\000\000+\001cEx]\211\377\330\025[ d(\343\263\327\177\030\246\254H\277\254E\231\006\033_lB\210\264\334Y\322\314\362\320L\000\000\000\000\000\000\000\000\000\000\000\000\000\000\000\000\000\000\000\000\000\000\000\000\000\000\000\000\000\000\000\000\000\210\310\332\324Ut\313\201\005\326Fo\3508?\242r\370q\217\301\237\314c\rQ]\207\212\315\3672/\351\253//\351\2536\n\000""; }; nodes {;   nodedata: ""\323C\344\327\264{\312-\017:\006{\177\344N\002\326bO\260\220\006\033\362\345\005U\221DzJ0\001\301\025%1L\307\t\261\262z\374\222T\301\274V\236\223\262\270Ct\362\337b\356\024*\324\320\351\317\002k\336\234\027v\351\217\260\303\360\233ZPZWr\246$w\313\313\r\243r\232\2234\373\3539:N\004Q\245\272D\312D\300\300\t\323\0257\345e\271\na\215{\226\255x%T\257\037\333\004\344_/R\006E\344\037@\210\363\010\336T\226\247'\204_{\261\370""1\235\2445\343\033Y!\212\201\341\272\225'\007\377\254\3776\332\357\325\334\326I!.=\237\205\357\0207\332\357c\253\006iY\246\027#""\276\276\307\013\003""; }; "
1750527669553,1750527669553,0,1,3,2,TMLedgerData,"ledgerHash: ""Q\240\317\3502\006,|\364\004\275\034\006\337\370""\330\364\202\314\315\311?\030\260\361u)\336\202\265Y""; ledgerSeq: 43; type: liBASE; nodes {;   nodedata: ""\000\000\000+\001cEx]\211\377\330\025[ d(\343\263\327\177\030\246\254H\277\254E\231\006\033_lB\210\264\334Y\322\314\362\320L\000\000\000\000\000\000\000\000\000\000\000\000\000\000\000\000\000\000\000\000\000\000\000\000\000\000\000\000\000\000\000\000\000\210\310\332\324Ut\313\201\005\326Fo\3508?\242r\370q\217\301\237\314c\rQ]\207\212\315\3672/\351\253//\351\2536\n\000""; }; nodes {;   nodedata: ""\323C\344\327\264{\312-\017:\006{\177\344N\002\326bO\260\220\006\033\362\345\005U\221DzJ0\001\301\025%1L\307\t\261\262z\374\222T\301\274V\236\223\262\270Ct\362\337b\356\024*\324\320\351\317\002k\336\234\027v\351\217\260\303\360\233ZPZWr\246$w\313\313\r\243r\232\2234\373\3539:N\004Q\245\272D\312D\300\300\t\323\0257\345e\271\na\215{\226\255x%T\257\037\333\004\344_/R\006E\344\037@\210\363\010\336T\226\247'\204_{\261\370""1\235\2445\343\033Y!\212\201\341\272\225'\007\377\254\3776\332\357\325\334\326I!.=\237\205\357\0207\332\357c\253\006iY\246\027#""\276\276\307\013\003""; }; requestCookie: 2; ","ledgerHash: ""Q\240\317\3502\006,|\364\004\275\034\006\337\370""\330\364\202\314\315\311?\030\260\361u)\336\202\265Y""; ledgerSeq: 43; type: liBASE; nodes {;   nodedata: ""\000\000\000+\001cEx]\211\377\330\025[ d(\343\263\327\177\030\246\254H\277\254E\231\006\033_lB\210\264\334Y\322\314\362\320L\000\000\000\000\000\000\000\000\000\000\000\000\000\000\000\000\000\000\000\000\000\000\000\000\000\000\000\000\000\000\000\000\000\210\310\332\324Ut\313\201\005\326Fo\3508?\242r\370q\217\301\237\314c\rQ]\207\212\315\3672/\351\253//\351\2536\n\000""; }; nodes {;   nodedata: ""\323C\344\327\264{\312-\017:\006{\177\344N\002\326bO\260\220\006\033\362\345\005U\221DzJ0\001\301\025%1L\307\t\261\262z\374\222T\301\274V\236\223\262\270Ct\362\337b\356\024*\324\320\351\317\002k\336\234\027v\351\217\260\303\360\233ZPZWr\246$w\313\313\r\243r\232\2234\373\3539:N\004Q\245\272D\312D\300\300\t\323\0257\345e\271\na\215{\226\255x%T\257\037\333\004\344_/R\006E\344\037@\210\363\010\336T\226\247'\204_{\261\370""1\235\2445\343\033Y!\212\201\341\272\225'\007\377\254\3776\332\357\325\334\326I!.=\237\205\357\0207\332\357c\253\006iY\246\027#""\276\276\307\013\003""; }; requestCookie: 2; "
1750527669554,1750527669554,0,1,3,2,TMLedgerData,"ledgerHash: ""Q\240\317\3502\006,|\364\004\275\034\006\337\370""\330\364\202\314\315\311?\030\260\361u)\336\202\265Y""; ledgerSeq: 43; type: liAS_NODE; nodes {;   nodedata: ""\021\000h""\000\000\000\000 \033\000\000\000*\002\023\305\237\330\356GuH\375\327!\255\371\r\231\262R\256J\034\222\241\355X\265E\241^W\225\304\014\361CX-}\351f\032\255\274\334m\326c\017\014ao[\342\230\003\245\245\3341Hm\326^\017jy\335\261\032Yt\320\244{g\0306\\302\303*\341\215\223\257\364\277o\375\000r\241SOq\221\253\262\005\017\375T\356\014\360o'\030\311-\267\031\257!\031T\006><\315XM\334\324\345\034\000\325\367\240\271\013\265\024\321\362\354\211\250.\234s\225amc\305\035\366\276\037nD\277`\210\223N\3535\033\261\304f\331]\036\237\306o!\223\221\002\324\031\262\240R\177 ,\214\325\Q])\016\2067\277\t\354\010\000\360\215\2502\265\245\310\226\243c\302Ze\306\253#r\020\211\320iG\276\020E\317\035Sf\223F\254\033@\177e\277\016\010u\327\371&\262\312\317Q\2361t\377x\234\001v\003%\030\325_\225g\204\346a=\225\273\331\354\365*U\363\263N\367b\371\244\314-w\363\262\225Z\200\206\235\233\257?sE\2674\254\326mU\377?\177Ek\336\030!\316Aa\225\303\022\377{\210Y\226\271as\354L\035\004\341\361\035\301\024\220m#*\372\032\3178~\374\250\014*\323\342'z69\220\327\256\351G\367\317u\302\207\270b\315\333\333\334\310I\323&\014\352XZnW2.\335\347\202\021\247\362\212e\034\000\001\250\220\305;a\314\265R\310\017\317\331\235\360\262\240:\277\202\266\354\265X""\022\nh\252\352w\204\203\023]\001f\352\277\0031Q]\362\370R\350{\261\202\240\344\215\201\353\276\322p5p\350\354\017>\250r\241c\273\016\301\024\363\242\247\263\231\370\344\nBW\220K\316@3\243\200\036wk\253GSlU\010\360\231>\331\263H\214\324\030A\225\301o\346pkSF\004\241\213w9\223=\250\262*+\255\351r\265\244c\024\213\t\007`\223\325#\3477\210\345P\306\013\320\252[\0216+\227=`\371P\314\346 V7\271[~\n\237\274|\347\352@K\253~&\260\032\024\004B\200\255h\351\013\361\031:nG\211\005|\2003\266\274\251,W\006u\344\335d\003\306\212\313,\340\350bG\n\030Z\2732-\246\312\255\030\003\235207\005}D\260\0261ah\322M\304\216\273m0\271\234\237\007<w$\265C\245\232\033\023\313c\321B\032l\301h\005\320\252\301\361(\330[\343\357\343{\235\n\266g\272>\177\317\347\261qb&\270&\346ju\200\363N\320\307\004\034\001n\317\361\2653\254\2503\247\305\372\316W\022O\253x\250\025\373\247\354Tc\304\263\243^\352Gv\\264\261\r\035\226\306\2411\351\233\203\215\200$\231\300f\220\371c@\017\254\363\\371\340\340VaR\205~^\226\342t\360\022\204d\231\205)\272\364?\361!\334\331\315\254\230\rBG\314\023\246\244=\351\177\254\302b&\276+H;0\312\021&\275\036\237\350R\313\206R\331\304k\323u\263t\221\213yC\241\217A\242\027g\322\241'\212.E?B_\316\327\217J +\370\t^b\005\020\003\211\373\247|hC\271Nmk~J\270EU\274\036-\347\240\312FA\321\341bca\253\025\321\311\317\021\375\317\217\n\272\033o\353G>\275\361H\265\240\232um""\317\324`\214\221\314\000\211K\223+(""\200i \311\372g\254\343ZR0\224\275q\252\357\213\263\206N\357&Q\217\267\303\356I\236\357\264\311b\037\366\035\253\343\311\265\240\327q\206f\262ODi\215-\363>\034\236l\273\005G\316F\217}[\036\007\270:\260\335\271B\241N\345\330\204\327f\361\272Kb\0377p\334\264\237\177~\330]\252+:\317u\302h\n\351\n\364\231\277R\371\356\033y\265v\360Ny\246\332qY\262\231\251\n\305\334\202\305\362\n\367@k\231\016R:\327\242\366\242\253LZY\223$Gw^\203\302\311\316I7\371tTwp}\005|\372\214\251{R`\230V\244-\326I\351\255\325i\335\377\321\353\327\331\302\023\347y\016\263\271\317\306\017UV\314qu?\0064A\315{3D\010\016S\212\2353k0\361\214ID\303g\277\010Y_\001~\021\333\370\255\374\\331\306\255\336)\365Rth\024\t\300.M\315\321S\257\224\252\362\326P\316\303%nX\3742\333\036\004Y\264yG^\234\177\214\305q\237\274G\300a4\275\240s\215\222\210\016\020G\344=-:GK\312\035\271\201\350\376F\260G\347\000\235\365P6pmH\033\373\212c\377o\232\356\320D\002\277,]os{\354/?\312e\006wda\001\023\375\316\025\254\321\244\370+Y`\220\270\254\2601E[FI\310\235<qI \356\032v%\001\230\016\203\200\251UD\347\304\373\034\211\340@\342\033\263\365\356\341\357\350\324\035J\032\177\230\207\220\303+\207\352g\317N\027>\222M\271m\033\236\021:\272\233r\373\233hC}\256\020\210\010\233\335\025[ d(\343\263\327\177\030\246\254H\277\254E\231\006\033_lB\210\264\334Y\322\314\362\320L\000\264\227\2326\315\307\363\323\325\303\032N\256*\307\327 \235\332\207u\210\271\257\306g\231i*\260\326k\001"";   nodeid: ""\260\000\000\000\000\000\000\000\000\000\000\000\000\000\000\000\000\000\000\000\000\000\000\000\000\000\000\000\000\000\000\000\001""; }; ","ledgerHash: ""Q\240\317\3502\006,|\364\004\275\034\006\337\370""\330\364\202\314\315\311?\030\260\361u)\336\202\265Y""; ledgerSeq: 43; type: liAS_NODE; nodes {;   nodedata: ""\021\000h""\000\000\000\000 \033\000\000\000*\002\023\305\237\330\356GuH\375\327!\255\371\r\231\262R\256J\034\222\241\355X\265E\241^W\225\304\014\361CX-}\351f\032\255\274\334m\326c\017\014ao[\342\230\003\245\245\3341Hm\326^\017jy\335\261\032Yt\320\244{g\0306\\302\303*\341\215\223\257\364\277o\375\000r\241SOq\221\253\262\005\017\375T\356\014\360o'\030\311-\267\031\257!\031T\006><\315XM\334\324\345\034\000\325\367\240\271\013\265\024\321\362\354\211\250.\234s\225amc\305\035\366\276\037nD\277`\210\223N\3535\033\261\304f\331]\036\237\306o!\223\221\002\324\031\262\240R\177 ,\214\325\Q])\016\2067\277\t\354\010\000\360\215\2502\265\245\310\226\243c\302Ze\306\253#r\020\211\320iG\276\020E\317\035Sf\223F\254\033@\177e\277\016\010u\327\371&\262\312\317Q\2361t\377x\234\001v\003%\030\325_\225g\204\346a=\225\273\331\354\365*U\363\263N\367b\371\244\314-w\363\262\225Z\200\206\235\233\257?sE\2674\254\326mU\377?\177Ek\336\030!\316Aa\225\303\022\377{\210Y\226\271as\354L\035\004\341\361\035\301\024\220m#*\372\032\3178~\374\250\014*\323\342'z69\220\327\256\351G\367\317u\302\207\270b\315\333\333\334\310I\323&\014\352XZnW2.\335\347\202\021\247\362\212e\034\000\001\250\220\305;a\314\265R\310\017\317\331\235\360\262\240:\277\202\266\354\265X""\022\nh\252\352w\204\203\023]\001f\352\277\0031Q]\362\370R\350{\261\202\240\344\215\201\353\276\322p5p\350\354\017>\250r\241c\273\016\301\024\363\242\247\263\231\370\344\nBW\220K\316@3\243\200\036wk\253GSlU\010\360\231>\331\263H\214\324\030A\225\301o\346pkSF\004\241\213w9\223=\250\262*+\255\351r\265\244c\024\213\t\007`\223\325#\3477\210\345P\306\013\320\252[\0216+\227=`\371P\314\346 V7\271[~\n\237\274|\347\352@K\253~&\260\032\024\004B\200\255h\351\013\361\031:nG\211\005|\2003\266\274\251,W\006u\344\335d\003\306\212\313,\340\350bG\n\030Z\2732-\246\312\255\030\003\235207\005}D\260\0261ah\322M\304\216\273m0\271\234\237\007<w$\265C\245\232\033\023\313c\321B\032l\301h\005\320\252\301\361(\330[\343\357\343{\235\n\266g\272>\177\317\347\261qb&\270&\346ju\200\363N\320\307\004\034\001n\317\361\2653\254\2503\247\305\372\316W\022O\253x\250\025\373\247\354Tc\304\263\243^\352Gv\\264\261\r\035\226\306\2411\351\233\203\215\200$\231\300f\220\371c@\017\254\363\\371\340\340VaR\205~^\226\342t\360\022\204d\231\205)\272\364?\361!\334\331\315\254\230\rBG\314\023\246\244=\351\177\254\302b&\276+H;0\312\021&\275\036\237\350R\313\206R\331\304k\323u\263t\221\213yC\241\217A\242\027g\322\241'\212.E?B_\316\327\217J +\370\t^b\005\020\003\211\373\247|hC\271Nmk~J\270EU\274\036-\347\240\312FA\321\341bca\253\025\321\311\317\021\375\317\217\n\272\033o\353G>\275\361H\265\240\232um""\317\324`\214\221\314\000\211K\223+(""\200i \311\372g\254\343ZR0\224\275q\252\357\213\263\206N\357&Q\217\267\303\356I\236\357\264\311b\037\366\035\253\343\311\265\240\327q\206f\262ODi\215-\363>\034\236l\273\005G\316F\217}[\036\007\270:\260\335\271B\241N\345\330\204\327f\361\272Kb\0377p\334\264\237\177~\330]\252+:\317u\302h\n\351\n\364\231\277R\371\356\033y\265v\360Ny\246\332qY\262\231\251\n\305\334\202\305\362\n\367@k\231\016R:\327\242\366\242\253LZY\223$Gw^\203\302\311\316I7\371tTwp}\005|\372\214\251{R`\230V\244-\326I\351\255\325i\335\377\321\353\327\331\302\023\347y\016\263\271\317\306\017UV\314qu?\0064A\315{3D\010\016S\212\2353k0\361\214ID\303g\277\010Y_\001~\021\333\370\255\374\\331\306\255\336)\365Rth\024\t\300.M\315\321S\257\224\252\362\326P\316\303%nX\3742\333\036\004Y\264yG^\234\177\214\305q\237\274G\300a4\275\240s\215\222\210\016\020G\344=-:GK\312\035\271\201\350\376F\260G\347\000\235\365P6pmH\033\373\212c\377o\232\356\320D\002\277,]os{\354/?\312e\006wda\001\023\375\316\025\254\321\244\370+Y`\220\270\254\2601E[FI\310\235<qI \356\032v%\001\230\016\203\200\251UD\347\304\373\034\211\340@\342\033\263\365\356\341\357\350\324\035J\032\177\230\207\220\303+\207\352g\317N\027>\222M\271m\033\236\021:\272\233r\373\233hC}\256\020\210\010\233\335\025[ d(\343\263\327\177\030\246\254H\277\254E\231\006\033_lB\210\264\334Y\322\314\362\320L\000\264\227\2326\315\307\363\323\325\303\032N\256*\307\327 \235\332\207u\210\271\257\306g\231i*\260\326k\001"";   nodeid: ""\260\000\000\000\000\000\000\000\000\000\000\000\000\000\000\000\000\000\000\000\000\000\000\000\000\000\000\000\000\000\000\000\001""; }; "
1750527669555,1750527669555,0,1,3,1,TMLedgerData,"ledgerHash: ""Q\240\317\3502\006,|\364\004\275\034\006\337\370""\330\364\202\314\315\311?\030\260\361u)\336\202\265Y""; ledgerSeq: 43; type: liBASE; nodes {;   nodedata: ""\000\000\000+\001cEx]\211\377\330\025[ d(\343\263\327\177\030\246\254H\277\254E\231\006\033_lB\210\264\334Y\322\314\362\320L\000\000\000\000\000\000\000\000\000\000\000\000\000\000\000\000\000\000\000\000\000\000\000\000\000\000\000\000\000\000\000\000\000\210\310\332\324Ut\313\201\005\326Fo\3508?\242r\370q\217\301\237\314c\rQ]\207\212\315\3672/\351\253//\351\2536\n\000""; }; nodes {;   nodedata: ""\323C\344\327\264{\312-\017:\006{\177\344N\002\326bO\260\220\006\033\362\345\005U\221DzJ0\001\301\025%1L\307\t\261\262z\374\222T\301\274V\236\223\262\270Ct\362\337b\356\024*\324\320\351\317\002k\336\234\027v\351\217\260\303\360\233ZPZWr\246$w\313\313\r\243r\232\2234\373\3539:N\004Q\245\272D\312D\300\300\t\323\0257\345e\271\na\215{\226\255x%T\257\037\333\004\344_/R\006E\344\037@\210\363\010\336T\226\247'\204_{\261\370""1\235\2445\343\033Y!\212\201\341\272\225'\007\377\254\3776\332\357\325\334\326I!.=\237\205\357\0207\332\357c\253\006iY\246\027#""\276\276\307\013\003""; }; requestCookie: 5; ","ledgerHash: ""Q\240\317\3502\006,|\364\004\275\034\006\337\370""\330\364\202\314\315\311?\030\260\361u)\336\202\265Y""; ledgerSeq: 43; type: liBASE; nodes {;   nodedata: ""\000\000\000+\001cEx]\211\377\330\025[ d(\343\263\327\177\030\246\254H\277\254E\231\006\033_lB\210\264\334Y\322\314\362\320L\000\000\000\000\000\000\000\000\000\000\000\000\000\000\000\000\000\000\000\000\000\000\000\000\000\000\000\000\000\000\000\000\000\210\310\332\324Ut\313\201\005\326Fo\3508?\242r\370q\217\301\237\314c\rQ]\207\212\315\3672/\351\253//\351\2536\n\000""; }; nodes {;   nodedata: ""\323C\344\327\264{\312-\017:\006{\177\344N\002\326bO\260\220\006\033\362\345\005U\221DzJ0\001\301\025%1L\307\t\261\262z\374\222T\301\274V\236\223\262\270Ct\362\337b\356\024*\324\320\351\317\002k\336\234\027v\351\217\260\303\360\233ZPZWr\246$w\313\313\r\243r\232\2234\373\3539:N\004Q\245\272D\312D\300\300\t\323\0257\345e\271\na\215{\226\255x%T\257\037\333\004\344_/R\006E\344\037@\210\363\010\336T\226\247'\204_{\261\370""1\235\2445\343\033Y!\212\201\341\272\225'\007\377\254\3776\332\357\325\334\326I!.=\237\205\357\0207\332\357c\253\006iY\246\027#""\276\276\307\013\003""; }; requestCookie: 5; "
1750527669555,1750527669555,0,1,3,0,TMLedgerData,"ledgerHash: ""Q\240\317\3502\006,|\364\004\275\034\006\337\370""\330\364\202\314\315\311?\030\260\361u)\336\202\265Y""; ledgerSeq: 43; type: liBASE; nodes {;   nodedata: ""\000\000\000+\001cEx]\211\377\330\025[ d(\343\263\327\177\030\246\254H\277\254E\231\006\033_lB\210\264\334Y\322\314\362\320L\000\000\000\000\000\000\000\000\000\000\000\000\000\000\000\000\000\000\000\000\000\000\000\000\000\000\000\000\000\000\000\000\000\210\310\332\324Ut\313\201\005\326Fo\3508?\242r\370q\217\301\237\314c\rQ]\207\212\315\3672/\351\253//\351\2536\n\000""; }; nodes {;   nodedata: ""\323C\344\327\264{\312-\017:\006{\177\344N\002\326bO\260\220\006\033\362\345\005U\221DzJ0\001\301\025%1L\307\t\261\262z\374\222T\301\274V\236\223\262\270Ct\362\337b\356\024*\324\320\351\317\002k\336\234\027v\351\217\260\303\360\233ZPZWr\246$w\313\313\r\243r\232\2234\373\3539:N\004Q\245\272D\312D\300\300\t\323\0257\345e\271\na\215{\226\255x%T\257\037\333\004\344_/R\006E\344\037@\210\363\010\336T\226\247'\204_{\261\370""1\235\2445\343\033Y!\212\201\341\272\225'\007\377\254\3776\332\357\325\334\326I!.=\237\205\357\0207\332\357c\253\006iY\246\027#""\276\276\307\013\003""; }; requestCookie: 2; ","ledgerHash: ""Q\240\317\3502\006,|\364\004\275\034\006\337\370""\330\364\202\314\315\311?\030\260\361u)\336\202\265Y""; ledgerSeq: 43; type: liBASE; nodes {;   nodedata: ""\000\000\000+\001cEx]\211\377\330\025[ d(\343\263\327\177\030\246\254H\277\254E\231\006\033_lB\210\264\334Y\322\314\362\320L\000\000\000\000\000\000\000\000\000\000\000\000\000\000\000\000\000\000\000\000\000\000\000\000\000\000\000\000\000\000\000\000\000\210\310\332\324Ut\313\201\005\326Fo\3508?\242r\370q\217\301\237\314c\rQ]\207\212\315\3672/\351\253//\351\2536\n\000""; }; nodes {;   nodedata: ""\323C\344\327\264{\312-\017:\006{\177\344N\002\326bO\260\220\006\033\362\345\005U\221DzJ0\001\301\025%1L\307\t\261\262z\374\222T\301\274V\236\223\262\270Ct\362\337b\356\024*\324\320\351\317\002k\336\234\027v\351\217\260\303\360\233ZPZWr\246$w\313\313\r\243r\232\2234\373\3539:N\004Q\245\272D\312D\300\300\t\323\0257\345e\271\na\215{\226\255x%T\257\037\333\004\344_/R\006E\344\037@\210\363\010\336T\226\247'\204_{\261\370""1\235\2445\343\033Y!\212\201\341\272\225'\007\377\254\3776\332\357\325\334\326I!.=\237\205\357\0207\332\357c\253\006iY\246\027#""\276\276\307\013\003""; }; requestCookie: 2; "
1750527669556,1750527669556,0,1,3,1,TMLedgerData,"ledgerHash: ""Q\240\317\3502\006,|\364\004\275\034\006\337\370""\330\364\202\314\315\311?\030\260\361u)\336\202\265Y""; ledgerSeq: 43; type: liAS_NODE; nodes {;   nodedata: ""\021\000h""\000\000\000\000 \033\000\000\000*\002\023\305\237\330\356GuH\375\327!\255\371\r\231\262R\256J\034\222\241\355X\265E\241^W\225\304\014\361CX-}\351f\032\255\274\334m\326c\017\014ao[\342\230\003\245\245\3341Hm\326^\017jy\335\261\032Yt\320\244{g\0306\\302\303*\341\215\223\257\364\277o\375\000r\241SOq\221\253\262\005\017\375T\356\014\360o'\030\311-\267\031\257!\031T\006><\315XM\334\324\345\034\000\325\367\240\271\013\265\024\321\362\354\211\250.\234s\225amc\305\035\366\276\037nD\277`\210\223N\3535\033\261\304f\331]\036\237\306o!\223\221\002\324\031\262\240R\177 ,\214\325\Q])\016\2067\277\t\354\010\000\360\215\2502\265\245\310\226\243c\302Ze\306\253#r\020\211\320iG\276\020E\317\035Sf\223F\254\033@\177e\277\016\010u\327\371&\262\312\317Q\2361t\377x\234\001v\003%\030\325_\225g\204\346a=\225\273\331\354\365*U\363\263N\367b\371\244\314-w\363\262\225Z\200\206\235\233\257?sE\2674\254\326mU\377?\177Ek\336\030!\316Aa\225\303\022\377{\210Y\226\271as\354L\035\004\341\361\035\301\024\220m#*\372\032\3178~\374\250\014*\323\342'z69\220\327\256\351G\367\317u\302\207\270b\315\333\333\334\310I\323&\014\352XZnW2.\335\347\202\021\247\362\212e\034\000\001\250\220\305;a\314\265R\310\017\317\331\235\360\262\240:\277\202\266\354\265X""\022\nh\252\352w\204\203\023]\001f\352\277\0031Q]\362\370R\350{\261\202\240\344\215\201\353\276\322p5p\350\354\017>\250r\241c\273\016\301\024\363\242\247\263\231\370\344\nBW\220K\316@3\243\200\036wk\253GSlU\010\360\231>\331\263H\214\324\030A\225\301o\346pkSF\004\241\213w9\223=\250\262*+\255\351r\265\244c\024\213\t\007`\223\325#\3477\210\345P\306\013\320\252[\0216+\227=`\371P\314\346 V7\271[~\n\237\274|\347\352@K\253~&\260\032\024\004B\200\255h\351\013\361\031:nG\211\005|\2003\266\274\251,W\006u\344\335d\003\306\212\313,\340\350bG\n\030Z\2732-\246\312\255\030\003\235207\005}D\260\0261ah\322M\304\216\273m0\271\234\237\007<w$\265C\245\232\033\023\313c\321B\032l\301h\005\320\252\301\361(\330[\343\357\343{\235\n\266g\272>\177\317\347\261qb&\270&\346ju\200\363N\320\307\004\034\001n\317\361\2653\254\2503\247\305\372\316W\022O\253x\250\025\373\247\354Tc\304\263\243^\352Gv\\264\261\r\035\226\306\2411\351\233\203\215\200$\231\300f\220\371c@\017\254\363\\371\340\340VaR\205~^\226\342t\360\022\204d\231\205)\272\364?\361!\334\331\315\254\230\rBG\314\023\246\244=\351\177\254\302b&\276+H;0\312\021&\275\036\237\350R\313\206R\331\304k\323u\263t\221\213yC\241\217A\242\027g\322\241'\212.E?B_\316\327\217J +\370\t^b\005\020\003\211\373\247|hC\271Nmk~J\270EU\274\036-\347\240\312FA\321\341bca\253\025\321\311\317\021\375\317\217\n\272\033o\353G>\275\361H\265\240\232um""\317\324`\214\221\314\000\211K\223+(""\200i \311\372g\254\343ZR0\224\275q\252\357\213\263\206N\357&Q\217\267\303\356I\236\357\264\311b\037\366\035\253\343\311\265\240\327q\206f\262ODi\215-\363>\034\236l\273\005G\316F\217}[\036\007\270:\260\335\271B\241N\345\330\204\327f\361\272Kb\0377p\334\264\237\177~\330]\252+:\317u\302h\n\351\n\364\231\277R\371\356\033y\265v\360Ny\246\332qY\262\231\251\n\305\334\202\305\362\n\367@k\231\016R:\327\242\366\242\253LZY\223$Gw^\203\302\311\316I7\371tTwp}\005|\372\214\251{R`\230V\244-\326I\351\255\325i\335\377\321\353\327\331\302\023\347y\016\263\271\317\306\017UV\314qu?\0064A\315{3D\010\016S\212\2353k0\361\214ID\303g\277\010Y_\001~\021\333\370\255\374\\331\306\255\336)\365Rth\024\t\300.M\315\321S\257\224\252\362\326P\316\303%nX\3742\333\036\004Y\264yG^\234\177\214\305q\237\274G\300a4\275\240s\215\222\210\016\020G\344=-:GK\312\035\271\201\350\376F\260G\347\000\235\365P6pmH\033\373\212c\377o\232\356\320D\002\277,]os{\354/?\312e\006wda\001\023\375\316\025\254\321\244\370+Y`\220\270\254\2601E[FI\310\235<qI \356\032v%\001\230\016\203\200\251UD\347\304\373\034\211\340@\342\033\263\365\356\341\357\350\324\035J\032\177\230\207\220\303+\207\352g\317N\027>\222M\271m\033\236\021:\272\233r\373\233hC}\256\020\210\010\233\335\025[ d(\343\263\327\177\030\246\254H\277\254E\231\006\033_lB\210\264\334Y\322\314\362\320L\000\264\227\2326\315\307\363\323\325\303\032N\256*\307\327 \235\332\207u\210\271\257\306g\231i*\260\326k\001"";   nodeid: ""\260\000\000\000\000\000\000\000\000\000\000\000\000\000\000\000\000\000\000\000\000\000\000\000\000\000\000\000\000\000\000\000\001""; }; ","ledgerHash: ""Q\240\317\3502\006,|\364\004\275\034\006\337\370""\330\364\202\314\315\311?\030\260\361u)\336\202\265Y""; ledgerSeq: 43; type: liAS_NODE; nodes {;   nodedata: ""\021\000h""\000\000\000\000 \033\000\000\000*\002\023\305\237\330\356GuH\375\327!\255\371\r\231\262R\256J\034\222\241\355X\265E\241^W\225\304\014\361CX-}\351f\032\255\274\334m\326c\017\014ao[\342\230\003\245\245\3341Hm\326^\017jy\335\261\032Yt\320\244{g\0306\\302\303*\341\215\223\257\364\277o\375\000r\241SOq\221\253\262\005\017\375T\356\014\360o'\030\311-\267\031\257!\031T\006><\315XM\334\324\345\034\000\325\367\240\271\013\265\024\321\362\354\211\250.\234s\225amc\305\035\366\276\037nD\277`\210\223N\3535\033\261\304f\331]\036\237\306o!\223\221\002\324\031\262\240R\177 ,\214\325\Q])\016\2067\277\t\354\010\000\360\215\2502\265\245\310\226\243c\302Ze\306\253#r\020\211\320iG\276\020E\317\035Sf\223F\254\033@\177e\277\016\010u\327\371&\262\312\317Q\2361t\377x\234\001v\003%\030\325_\225g\204\346a=\225\273\331\354\365*U\363\263N\367b\371\244\314-w\363\262\225Z\200\206\235\233\257?sE\2674\254\326mU\377?\177Ek\336\030!\316Aa\225\303\022\377{\210Y\226\271as\354L\035\004\341\361\035\301\024\220m#*\372\032\3178~\374\250\014*\323\342'z69\220\327\256\351G\367\317u\302\207\270b\315\333\333\334\310I\323&\014\352XZnW2.\335\347\202\021\247\362\212e\034\000\001\250\220\305;a\314\265R\310\017\317\331\235\360\262\240:\277\202\266\354\265X""\022\nh\252\352w\204\203\023]\001f\352\277\0031Q]\362\370R\350{\261\202\240\344\215\201\353\276\322p5p\350\354\017>\250r\241c\273\016\301\024\363\242\247\263\231\370\344\nBW\220K\316@3\243\200\036wk\253GSlU\010\360\231>\331\263H\214\324\030A\225\301o\346pkSF\004\241\213w9\223=\250\262*+\255\351r\265\244c\024\213\t\007`\223\325#\3477\210\345P\306\013\320\252[\0216+\227=`\371P\314\346 V7\271[~\n\237\274|\347\352@K\253~&\260\032\024\004B\200\255h\351\013\361\031:nG\211\005|\2003\266\274\251,W\006u\344\335d\003\306\212\313,\340\350bG\n\030Z\2732-\246\312\255\030\003\235207\005}D\260\0261ah\322M\304\216\273m0\271\234\237\007<w$\265C\245\232\033\023\313c\321B\032l\301h\005\320\252\301\361(\330[\343\357\343{\235\n\266g\272>\177\317\347\261qb&\270&\346ju\200\363N\320\307\004\034\001n\317\361\2653\254\2503\247\305\372\316W\022O\253x\250\025\373\247\354Tc\304\263\243^\352Gv\\264\261\r\035\226\306\2411\351\233\203\215\200$\231\300f\220\371c@\017\254\363\\371\340\340VaR\205~^\226\342t\360\022\204d\231\205)\272\364?\361!\334\331\315\254\230\rBG\314\023\246\244=\351\177\254\302b&\276+H;0\312\021&\275\036\237\350R\313\206R\331\304k\323u\263t\221\213yC\241\217A\242\027g\322\241'\212.E?B_\316\327\217J +\370\t^b\005\020\003\211\373\247|hC\271Nmk~J\270EU\274\036-\347\240\312FA\321\341bca\253\025\321\311\317\021\375\317\217\n\272\033o\353G>\275\361H\265\240\232um""\317\324`\214\221\314\000\211K\223+(""\200i \311\372g\254\343ZR0\224\275q\252\357\213\263\206N\357&Q\217\267\303\356I\236\357\264\311b\037\366\035\253\343\311\265\240\327q\206f\262ODi\215-\363>\034\236l\273\005G\316F\217}[\036\007\270:\260\335\271B\241N\345\330\204\327f\361\272Kb\0377p\334\264\237\177~\330]\252+:\317u\302h\n\351\n\364\231\277R\371\356\033y\265v\360Ny\246\332qY\262\231\251\n\305\334\202\305\362\n\367@k\231\016R:\327\242\366\242\253LZY\223$Gw^\203\302\311\316I7\371tTwp}\005|\372\214\251{R`\230V\244-\326I\351\255\325i\335\377\321\353\327\331\302\023\347y\016\263\271\317\306\017UV\314qu?\0064A\315{3D\010\016S\212\2353k0\361\214ID\303g\277\010Y_\001~\021\333\370\255\374\\331\306\255\336)\365Rth\024\t\300.M\315\321S\257\224\252\362\326P\316\303%nX\3742\333\036\004Y\264yG^\234\177\214\305q\237\274G\300a4\275\240s\215\222\210\016\020G\344=-:GK\312\035\271\201\350\376F\260G\347\000\235\365P6pmH\033\373\212c\377o\232\356\320D\002\277,]os{\354/?\312e\006wda\001\023\375\316\025\254\321\244\370+Y`\220\270\254\2601E[FI\310\235<qI \356\032v%\001\230\016\203\200\251UD\347\304\373\034\211\340@\342\033\263\365\356\341\357\350\324\035J\032\177\230\207\220\303+\207\352g\317N\027>\222M\271m\033\236\021:\272\233r\373\233hC}\256\020\210\010\233\335\025[ d(\343\263\327\177\030\246\254H\277\254E\231\006\033_lB\210\264\334Y\322\314\362\320L\000\264\227\2326\315\307\363\323\325\303\032N\256*\307\327 \235\332\207u\210\271\257\306g\231i*\260\326k\001"";   nodeid: ""\260\000\000\000\000\000\000\000\000\000\000\000\000\000\000\000\000\000\000\000\000\000\000\000\000\000\000\000\000\000\000\000\001""; }; "
1750527669556,1750527669557,0,1,3,0,TMLedgerData,"ledgerHash: ""Q\240\317\3502\006,|\364\004\275\034\006\337\370""\330\364\202\314\315\311?\030\260\361u)\336\202\265Y""; ledgerSeq: 43; type: liBASE; nodes {;   nodedata: ""\000\000\000+\001cEx]\211\377\330\025[ d(\343\263\327\177\030\246\254H\277\254E\231\006\033_lB\210\264\334Y\322\314\362\320L\000\000\000\000\000\000\000\000\000\000\000\000\000\000\000\000\000\000\000\000\000\000\000\000\000\000\000\000\000\000\000\000\000\210\310\332\324Ut\313\201\005\326Fo\3508?\242r\370q\217\301\237\314c\rQ]\207\212\315\3672/\351\253//\351\2536\n\000""; }; nodes {;   nodedata: ""\323C\344\327\264{\312-\017:\006{\177\344N\002\326bO\260\220\006\033\362\345\005U\221DzJ0\001\301\025%1L\307\t\261\262z\374\222T\301\274V\236\223\262\270Ct\362\337b\356\024*\324\320\351\317\002k\336\234\027v\351\217\260\303\360\233ZPZWr\246$w\313\313\r\243r\232\2234\373\3539:N\004Q\245\272D\312D\300\300\t\323\0257\345e\271\na\215{\226\255x%T\257\037\333\004\344_/R\006E\344\037@\210\363\010\336T\226\247'\204_{\261\370""1\235\2445\343\033Y!\212\201\341\272\225'\007\377\254\3776\332\357\325\334\326I!.=\237\205\357\0207\332\357c\253\006iY\246\027#""\276\276\307\013\003""; }; requestCookie: 3; ","ledgerHash: ""Q\240\317\3502\006,|\364\004\275\034\006\337\370""\330\364\202\314\315\311?\030\260\361u)\336\202\265Y""; ledgerSeq: 43; type: liBASE; nodes {;   nodedata: ""\000\000\000+\001cEx]\211\377\330\025[ d(\343\263\327\177\030\246\254H\277\254E\231\006\033_lB\210\264\334Y\322\314\362\320L\000\000\000\000\000\000\000\000\000\000\000\000\000\000\000\000\000\000\000\000\000\000\000\000\000\000\000\000\000\000\000\000\000\210\310\332\324Ut\313\201\005\326Fo\3508?\242r\370q\217\301\237\314c\rQ]\207\212\315\3672/\351\253//\351\2536\n\000""; }; nodes {;   nodedata: ""\323C\344\327\264{\312-\017:\006{\177\344N\002\326bO\260\220\006\033\362\345\005U\221DzJ0\001\301\025%1L\307\t\261\262z\374\222T\301\274V\236\223\262\270Ct\362\337b\356\024*\324\320\351\317\002k\336\234\027v\351\217\260\303\360\233ZPZWr\246$w\313\313\r\243r\232\2234\373\3539:N\004Q\245\272D\312D\300\300\t\323\0257\345e\271\na\215{\226\255x%T\257\037\333\004\344_/R\006E\344\037@\210\363\010\336T\226\247'\204_{\261\370""1\235\2445\343\033Y!\212\201\341\272\225'\007\377\254\3776\332\357\325\334\326I!.=\237\205\357\0207\332\357c\253\006iY\246\027#""\276\276\307\013\003""; }; requestCookie: 3; "
1750527669557,1750527669558,0,1,3,0,TMLedgerData,"ledgerHash: ""Q\240\317\3502\006,|\364\004\275\034\006\337\370""\330\364\202\314\315\311?\030\260\361u)\336\202\265Y""; ledgerSeq: 43; type: liAS_NODE; nodes {;   nodedata: ""\021\000h""\000\000\000\000 \033\000\000\000*\002\023\305\237\330\356GuH\375\327!\255\371\r\231\262R\256J\034\222\241\355X\265E\241^W\225\304\014\361CX-}\351f\032\255\274\334m\326c\017\014ao[\342\230\003\245\245\3341Hm\326^\017jy\335\261\032Yt\320\244{g\0306\\302\303*\341\215\223\257\364\277o\375\000r\241SOq\221\253\262\005\017\375T\356\014\360o'\030\311-\267\031\257!\031T\006><\315XM\334\324\345\034\000\325\367\240\271\013\265\024\321\362\354\211\250.\234s\225amc\305\035\366\276\037nD\277`\210\223N\3535\033\261\304f\331]\036\237\306o!\223\221\002\324\031\262\240R\177 ,\214\325\Q])\016\2067\277\t\354\010\000\360\215\2502\265\245\310\226\243c\302Ze\306\253#r\020\211\320iG\276\020E\317\035Sf\223F\254\033@\177e\277\016\010u\327\371&\262\312\317Q\2361t\377x\234\001v\003%\030\325_\225g\204\346a=\225\273\331\354\365*U\363\263N\367b\371\244\314-w\363\262\225Z\200\206\235\233\257?sE\2674\254\326mU\377?\177Ek\336\030!\316Aa\225\303\022\377{\210Y\226\271as\354L\035\004\341\361\035\301\024\220m#*\372\032\3178~\374\250\014*\323\342'z69\220\327\256\351G\367\317u\302\207\270b\315\333\333\334\310I\323&\014\352XZnW2.\335\347\202\021\247\362\212e\034\000\001\250\220\305;a\314\265R\310\017\317\331\235\360\262\240:\277\202\266\354\265X""\022\nh\252\352w\204\203\023]\001f\352\277\0031Q]\362\370R\350{\261\202\240\344\215\201\353\276\322p5p\350\354\017>\250r\241c\273\016\301\024\363\242\247\263\231\370\344\nBW\220K\316@3\243\200\036wk\253GSlU\010\360\231>\331\263H\214\324\030A\225\301o\346pkSF\004\241\213w9\223=\250\262*+\255\351r\265\244c\024\213\t\007`\223\325#\3477\210\345P\306\013\320\252[\0216+\227=`\371P\314\346 V7\271[~\n\237\274|\347\352@K\253~&\260\032\024\004B\200\255h\351\013\361\031:nG\211\005|\2003\266\274\251,W\006u\344\335d\003\306\212\313,\340\350bG\n\030Z\2732-\246\312\255\030\003\235207\005}D\260\0261ah\322M\304\216\273m0\271\234\237\007<w$\265C\245\232\033\023\313c\321B\032l\301h\005\320\252\301\361(\330[\343\357\343{\235\n\266g\272>\177\317\347\261qb&\270&\346ju\200\363N\320\307\004\034\001n\317\361\2653\254\2503\247\305\372\316W\022O\253x\250\025\373\247\354Tc\304\263\243^\352Gv\\264\261\r\035\226\306\2411\351\233\203\215\200$\231\300f\220\371c@\017\254\363\\371\340\340VaR\205~^\226\342t\360\022\204d\231\205)\272\364?\361!\334\331\315\254\230\rBG\314\023\246\244=\351\177\254\302b&\276+H;0\312\021&\275\036\237\350R\313\206R\331\304k\323u\263t\221\213yC\241\217A\242\027g\322\241'\212.E?B_\316\327\217J +\370\t^b\005\020\003\211\373\247|hC\271Nmk~J\270EU\274\036-\347\240\312FA\321\341bca\253\025\321\311\317\021\375\317\217\n\272\033o\353G>\275\361H\265\240\232um""\317\324`\214\221\314\000\211K\223+(""\200i \311\372g\254\343ZR0\224\275q\252\357\213\263\206N\357&Q\217\267\303\356I\236\357\264\311b\037\366\035\253\343\311\265\240\327q\206f\262ODi\215-\363>\034\236l\273\005G\316F\217}[\036\007\270:\260\335\271B\241N\345\330\204\327f\361\272Kb\0377p\334\264\237\177~\330]\252+:\317u\302h\n\351\n\364\231\277R\371\356\033y\265v\360Ny\246\332qY\262\231\251\n\305\334\202\305\362\n\367@k\231\016R:\327\242\366\242\253LZY\223$Gw^\203\302\311\316I7\371tTwp}\005|\372\214\251{R`\230V\244-\326I\351\255\325i\335\377\321\353\327\331\302\023\347y\016\263\271\317\306\017UV\314qu?\0064A\315{3D\010\016S\212\2353k0\361\214ID\303g\277\010Y_\001~\021\333\370\255\374\\331\306\255\336)\365Rth\024\t\300.M\315\321S\257\224\252\362\326P\316\303%nX\3742\333\036\004Y\264yG^\234\177\214\305q\237\274G\300a4\275\240s\215\222\210\016\020G\344=-:GK\312\035\271\201\350\376F\260G\347\000\235\365P6pmH\033\373\212c\377o\232\356\320D\002\277,]os{\354/?\312e\006wda\001\023\375\316\025\254\321\244\370+Y`\220\270\254\2601E[FI\310\235<qI \356\032v%\001\230\016\203\200\251UD\347\304\373\034\211\340@\342\033\263\365\356\341\357\350\324\035J\032\177\230\207\220\303+\207\352g\317N\027>\222M\271m\033\236\021:\272\233r\373\233hC}\256\020\210\010\233\335\025[ d(\343\263\327\177\030\246\254H\277\254E\231\006\033_lB\210\264\334Y\322\314\362\320L\000\264\227\2326\315\307\363\323\325\303\032N\256*\307\327 \235\332\207u\210\271\257\306g\231i*\260\326k\001"";   nodeid: ""\260\000\000\000\000\000\000\000\000\000\000\000\000\000\000\000\000\000\000\000\000\000\000\000\000\000\000\000\000\000\000\000\001""; }; ","ledgerHash: ""Q\240\317\3502\006,|\364\004\275\034\006\337\370""\330\364\202\314\315\311?\030\260\361u)\336\202\265Y""; ledgerSeq: 43; type: liAS_NODE; nodes {;   nodedata: ""\021\000h""\000\000\000\000 \033\000\000\000*\002\023\305\237\330\356GuH\375\327!\255\371\r\231\262R\256J\034\222\241\355X\265E\241^W\225\304\014\361CX-}\351f\032\255\274\334m\326c\017\014ao[\342\230\003\245\245\3341Hm\326^\017jy\335\261\032Yt\320\244{g\0306\\302\303*\341\215\223\257\364\277o\375\000r\241SOq\221\253\262\005\017\375T\356\014\360o'\030\311-\267\031\257!\031T\006><\315XM\334\324\345\034\000\325\367\240\271\013\265\024\321\362\354\211\250.\234s\225amc\305\035\366\276\037nD\277`\210\223N\3535\033\261\304f\331]\036\237\306o!\223\221\002\324\031\262\240R\177 ,\214\325\Q])\016\2067\277\t\354\010\000\360\215\2502\265\245\310\226\243c\302Ze\306\253#r\020\211\320iG\276\020E\317\035Sf\223F\254\033@\177e\277\016\010u\327\371&\262\312\317Q\2361t\377x\234\001v\003%\030\325_\225g\204\346a=\225\273\331\354\365*U\363\263N\367b\371\244\314-w\363\262\225Z\200\206\235\233\257?sE\2674\254\326mU\377?\177Ek\336\030!\316Aa\225\303\022\377{\210Y\226\271as\354L\035\004\341\361\035\301\024\220m#*\372\032\3178~\374\250\014*\323\342'z69\220\327\256\351G\367\317u\302\207\270b\315\333\333\334\310I\323&\014\352XZnW2.\335\347\202\021\247\362\212e\034\000\001\250\220\305;a\314\265R\310\017\317\331\235\360\262\240:\277\202\266\354\265X""\022\nh\252\352w\204\203\023]\001f\352\277\0031Q]\362\370R\350{\261\202\240\344\215\201\353\276\322p5p\350\354\017>\250r\241c\273\016\301\024\363\242\247\263\231\370\344\nBW\220K\316@3\243\200\036wk\253GSlU\010\360\231>\331\263H\214\324\030A\225\301o\346pkSF\004\241\213w9\223=\250\262*+\255\351r\265\244c\024\213\t\007`\223\325#\3477\210\345P\306\013\320\252[\0216+\227=`\371P\314\346 V7\271[~\n\237\274|\347\352@K\253~&\260\032\024\004B\200\255h\351\013\361\031:nG\211\005|\2003\266\274\251,W\006u\344\335d\003\306\212\313,\340\350bG\n\030Z\2732-\246\312\255\030\003\235207\005}D\260\0261ah\322M\304\216\273m0\271\234\237\007<w$\265C\245\232\033\023\313c\321B\032l\301h\005\320\252\301\361(\330[\343\357\343{\235\n\266g\272>\177\317\347\261qb&\270&\346ju\200\363N\320\307\004\034\001n\317\361\2653\254\2503\247\305\372\316W\022O\253x\250\025\373\247\354Tc\304\263\243^\352Gv\\264\261\r\035\226\306\2411\351\233\203\215\200$\231\300f\220\371c@\017\254\363\\371\340\340VaR\205~^\226\342t\360\022\204d\231\205)\272\364?\361!\334\331\315\254\230\rBG\314\023\246\244=\351\177\254\302b&\276+H;0\312\021&\275\036\237\350R\313\206R\331\304k\323u\263t\221\213yC\241\217A\242\027g\322\241'\212.E?B_\316\327\217J +\370\t^b\005\020\003\211\373\247|hC\271Nmk~J\270EU\274\036-\347\240\312FA\321\341bca\253\025\321\311\317\021\375\317\217\n\272\033o\353G>\275\361H\265\240\232um""\317\324`\214\221\314\000\211K\223+(""\200i \311\372g\254\343ZR0\224\275q\252\357\213\263\206N\357&Q\217\267\303\356I\236\357\264\311b\037\366\035\253\343\311\265\240\327q\206f\262ODi\215-\363>\034\236l\273\005G\316F\217}[\036\007\270:\260\335\271B\241N\345\330\204\327f\361\272Kb\0377p\334\264\237\177~\330]\252+:\317u\302h\n\351\n\364\231\277R\371\356\033y\265v\360Ny\246\332qY\262\231\251\n\305\334\202\305\362\n\367@k\231\016R:\327\242\366\242\253LZY\223$Gw^\203\302\311\316I7\371tTwp}\005|\372\214\251{R`\230V\244-\326I\351\255\325i\335\377\321\353\327\331\302\023\347y\016\263\271\317\306\017UV\314qu?\0064A\315{3D\010\016S\212\2353k0\361\214ID\303g\277\010Y_\001~\021\333\370\255\374\\331\306\255\336)\365Rth\024\t\300.M\315\321S\257\224\252\362\326P\316\303%nX\3742\333\036\004Y\264yG^\234\177\214\305q\237\274G\300a4\275\240s\215\222\210\016\020G\344=-:GK\312\035\271\201\350\376F\260G\347\000\235\365P6pmH\033\373\212c\377o\232\356\320D\002\277,]os{\354/?\312e\006wda\001\023\375\316\025\254\321\244\370+Y`\220\270\254\2601E[FI\310\235<qI \356\032v%\001\230\016\203\200\251UD\347\304\373\034\211\340@\342\033\263\365\356\341\357\350\324\035J\032\177\230\207\220\303+\207\352g\317N\027>\222M\271m\033\236\021:\272\233r\373\233hC}\256\020\210\010\233\335\025[ d(\343\263\327\177\030\246\254H\277\254E\231\006\033_lB\210\264\334Y\322\314\362\320L\000\264\227\2326\315\307\363\323\325\303\032N\256*\307\327 \235\332\207u\210\271\257\306g\231i*\260\326k\001"";   nodeid: ""\260\000\000\000\000\000\000\000\000\000\000\000\000\000\000\000\000\000\000\000\000\000\000\000\000\000\000\000\000\000\000\000\001""; }; "
1750527669558,1750527669558,0,1,4,2,TMLedgerData,"ledgerHash: ""Q\240\317\3502\006,|\364\004\275\034\006\337\370""\330\364\202\314\315\311?\030\260\361u)\336\202\265Y""; ledgerSeq: 43; type: liBASE; nodes {;   nodedata: ""\000\000\000+\001cEx]\211\377\330\025[ d(\343\263\327\177\030\246\254H\277\254E\231\006\033_lB\210\264\334Y\322\314\362\320L\000\000\000\000\000\000\000\000\000\000\000\000\000\000\000\000\000\000\000\000\000\000\000\000\000\000\000\000\000\000\000\000\000\210\310\332\324Ut\313\201\005\326Fo\3508?\242r\370q\217\301\237\314c\rQ]\207\212\315\3672/\351\253//\351\2536\n\000""; }; nodes {;   nodedata: ""\323C\344\327\264{\312-\017:\006{\177\344N\002\326bO\260\220\006\033\362\345\005U\221DzJ0\001\301\025%1L\307\t\261\262z\374\222T\301\274V\236\223\262\270Ct\362\337b\356\024*\324\320\351\317\002k\336\234\027v\351\217\260\303\360\233ZPZWr\246$w\313\313\r\243r\232\2234\373\3539:N\004Q\245\272D\312D\300\300\t\323\0257\345e\271\na\215{\226\255x%T\257\037\333\004\344_/R\006E\344\037@\210\363\010\336T\226\247'\204_{\261\370""1\235\2445\343\033Y!\212\201\341\272\225'\007\377\254\3776\332\357\325\334\326I!.=\237\205\357\0207\332\357c\253\006iY\246\027#""\276\276\307\013\003""; }; ","ledgerHash: ""Q\240\317\3502\006,|\364\004\275\034\006\337\370""\330\364\202\314\315\311?\030\260\361u)\336\202\265Y""; ledgerSeq: 43; type: liBASE; nodes {;   nodedata: ""\000\000\000+\001cEx]\211\377\330\025[ d(\343\263\327\177\030\246\254H\277\254E\231\006\033_lB\210\264\334Y\322\314\362\320L\000\000\000\000\000\000\000\000\000\000\000\000\000\000\000\000\000\000\000\000\000\000\000\000\000\000\000\000\000\000\000\000\000\210\310\332\324Ut\313\201\005\326Fo\3508?\242r\370q\217\301\237\314c\rQ]\207\212\315\3672/\351\253//\351\2536\n\000""; }; nodes {;   nodedata: ""\323C\344\327\264{\312-\017:\006{\177\344N\002\326bO\260\220\006\033\362\345\005U\221DzJ0\001\301\025%1L\307\t\261\262z\374\222T\301\274V\236\223\262\270Ct\362\337b\356\024*\324\320\351\317\002k\336\234\027v\351\217\260\303\360\233ZPZWr\246$w\313\313\r\243r\232\2234\373\3539:N\004Q\245\272D\312D\300\300\t\323\0257\345e\271\na\215{\226\255x%T\257\037\333\004\344_/R\006E\344\037@\210\363\010\336T\226\247'\204_{\261\370""1\235\2445\343\033Y!\212\201\341\272\225'\007\377\254\3776\332\357\325\334\326I!.=\237\205\357\0207\332\357c\253\006iY\246\027#""\276\276\307\013\003""; }; "
1750527669559,1750527669559,0,1,4,1,TMLedgerData,"ledgerHash: ""Q\240\317\3502\006,|\364\004\275\034\006\337\370""\330\364\202\314\315\311?\030\260\361u)\336\202\265Y""; ledgerSeq: 43; type: liBASE; nodes {;   nodedata: ""\000\000\000+\001cEx]\211\377\330\025[ d(\343\263\327\177\030\246\254H\277\254E\231\006\033_lB\210\264\334Y\322\314\362\320L\000\000\000\000\000\000\000\000\000\000\000\000\000\000\000\000\000\000\000\000\000\000\000\000\000\000\000\000\000\000\000\000\000\210\310\332\324Ut\313\201\005\326Fo\3508?\242r\370q\217\301\237\314c\rQ]\207\212\315\3672/\351\253//\351\2536\n\000""; }; nodes {;   nodedata: ""\323C\344\327\264{\312-\017:\006{\177\344N\002\326bO\260\220\006\033\362\345\005U\221DzJ0\001\301\025%1L\307\t\261\262z\374\222T\301\274V\236\223\262\270Ct\362\337b\356\024*\324\320\351\317\002k\336\234\027v\351\217\260\303\360\233ZPZWr\246$w\313\313\r\243r\232\2234\373\3539:N\004Q\245\272D\312D\300\300\t\323\0257\345e\271\na\215{\226\255x%T\257\037\333\004\344_/R\006E\344\037@\210\363\010\336T\226\247'\204_{\261\370""1\235\2445\343\033Y!\212\201\341\272\225'\007\377\254\3776\332\357\325\334\326I!.=\237\205\357\0207\332\357c\253\006iY\246\027#""\276\276\307\013\003""; }; ","ledgerHash: ""Q\240\317\3502\006,|\364\004\275\034\006\337\370""\330\364\202\314\315\311?\030\260\361u)\336\202\265Y""; ledgerSeq: 43; type: liBASE; nodes {;   nodedata: ""\000\000\000+\001cEx]\211\377\330\025[ d(\343\263\327\177\030\246\254H\277\254E\231\006\033_lB\210\264\334Y\322\314\362\320L\000\000\000\000\000\000\000\000\000\000\000\000\000\000\000\000\000\000\000\000\000\000\000\000\000\000\000\000\000\000\000\000\000\210\310\332\324Ut\313\201\005\326Fo\3508?\242r\370q\217\301\237\314c\rQ]\207\212\315\3672/\351\253//\351\2536\n\000""; }; nodes {;   nodedata: ""\323C\344\327\264{\312-\017:\006{\177\344N\002\326bO\260\220\006\033\362\345\005U\221DzJ0\001\301\025%1L\307\t\261\262z\374\222T\301\274V\236\223\262\270Ct\362\337b\356\024*\324\320\351\317\002k\336\234\027v\351\217\260\303\360\233ZPZWr\246$w\313\313\r\243r\232\2234\373\3539:N\004Q\245\272D\312D\300\300\t\323\0257\345e\271\na\215{\226\255x%T\257\037\333\004\344_/R\006E\344\037@\210\363\010\336T\226\247'\204_{\261\370""1\235\2445\343\033Y!\212\201\341\272\225'\007\377\254\3776\332\357\325\334\326I!.=\237\205\357\0207\332\357c\253\006iY\246\027#""\276\276\307\013\003""; }; "
1750527669559,1750527669559,0,1,2,4,TMLedgerData,"ledgerHash: ""Q\240\317\3502\006,|\364\004\275\034\006\337\370""\330\364\202\314\315\311?\030\260\361u)\336\202\265Y""; ledgerSeq: 43; type: liBASE; nodes {;   nodedata: ""\000\000\000+\001cEx]\211\377\330\025[ d(\343\263\327\177\030\246\254H\277\254E\231\006\033_lB\210\264\334Y\322\314\362\320L\000\000\000\000\000\000\000\000\000\000\000\000\000\000\000\000\000\000\000\000\000\000\000\000\000\000\000\000\000\000\000\000\000\210\310\332\324Ut\313\201\005\326Fo\3508?\242r\370q\217\301\237\314c\rQ]\207\212\315\3672/\351\253//\351\2536\n\000""; }; nodes {;   nodedata: ""\323C\344\327\264{\312-\017:\006{\177\344N\002\326bO\260\220\006\033\362\345\005U\221DzJ0\001\301\025%1L\307\t\261\262z\374\222T\301\274V\236\223\262\270Ct\362\337b\356\024*\324\320\351\317\002k\336\234\027v\351\217\260\303\360\233ZPZWr\246$w\313\313\r\243r\232\2234\373\3539:N\004Q\245\272D\312D\300\300\t\323\0257\345e\271\na\215{\226\255x%T\257\037\333\004\344_/R\006E\344\037@\210\363\010\336T\226\247'\204_{\261\370""1\235\2445\343\033Y!\212\201\341\272\225'\007\377\254\3776\332\357\325\334\326I!.=\237\205\357\0207\332\357c\253\006iY\246\027#""\276\276\307\013\003""; }; ","ledgerHash: ""Q\240\317\3502\006,|\364\004\275\034\006\337\370""\330\364\202\314\315\311?\030\260\361u)\336\202\265Y""; ledgerSeq: 43; type: liBASE; nodes {;   nodedata: ""\000\000\000+\001cEx]\211\377\330\025[ d(\343\263\327\177\030\246\254H\277\254E\231\006\033_lB\210\264\334Y\322\314\362\320L\000\000\000\000\000\000\000\000\000\000\000\000\000\000\000\000\000\000\000\000\000\000\000\000\000\000\000\000\000\000\000\000\000\210\310\332\324Ut\313\201\005\326Fo\3508?\242r\370q\217\301\237\314c\rQ]\207\212\315\3672/\351\253//\351\2536\n\000""; }; nodes {;   nodedata: ""\323C\344\327\264{\312-\017:\006{\177\344N\002\326bO\260\220\006\033\362\345\005U\221DzJ0\001\301\025%1L\307\t\261\262z\374\222T\301\274V\236\223\262\270Ct\362\337b\356\024*\324\320\351\317\002k\336\234\027v\351\217\260\303\360\233ZPZWr\246$w\313\313\r\243r\232\2234\373\3539:N\004Q\245\272D\312D\300\300\t\323\0257\345e\271\na\215{\226\255x%T\257\037\333\004\344_/R\006E\344\037@\210\363\010\336T\226\247'\204_{\261\370""1\235\2445\343\033Y!\212\201\341\272\225'\007\377\254\3776\332\357\325\334\326I!.=\237\205\357\0207\332\357c\253\006iY\246\027#""\276\276\307\013\003""; }; "
1750527669560,1750527669560,0,1,0,4,TMLedgerData,"ledgerHash: ""Q\240\317\3502\006,|\364\004\275\034\006\337\370""\330\364\202\314\315\311?\030\260\361u)\336\202\265Y""; ledgerSeq: 43; type: liBASE; nodes {;   nodedata: ""\000\000\000+\001cEx]\211\377\330\025[ d(\343\263\327\177\030\246\254H\277\254E\231\006\033_lB\210\264\334Y\322\314\362\320L\000\000\000\000\000\000\000\000\000\000\000\000\000\000\000\000\000\000\000\000\000\000\000\000\000\000\000\000\000\000\000\000\000\210\310\332\324Ut\313\201\005\326Fo\3508?\242r\370q\217\301\237\314c\rQ]\207\212\315\3672/\351\253//\351\2536\n\000""; }; nodes {;   nodedata: ""\323C\344\327\264{\312-\017:\006{\177\344N\002\326bO\260\220\006\033\362\345\005U\221DzJ0\001\301\025%1L\307\t\261\262z\374\222T\301\274V\236\223\262\270Ct\362\337b\356\024*\324\320\351\317\002k\336\234\027v\351\217\260\303\360\233ZPZWr\246$w\313\313\r\243r\232\2234\373\3539:N\004Q\245\272D\312D\300\300\t\323\0257\345e\271\na\215{\226\255x%T\257\037\333\004\344_/R\006E\344\037@\210\363\010\336T\226\247'\204_{\261\370""1\235\2445\343\033Y!\212\201\341\272\225'\007\377\254\3776\332\357\325\334\326I!.=\237\205\357\0207\332\357c\253\006iY\246\027#""\276\276\307\013\003""; }; ","ledgerHash: ""Q\240\317\3502\006,|\364\004\275\034\006\337\370""\330\364\202\314\315\311?\030\260\361u)\336\202\265Y""; ledgerSeq: 43; type: liBASE; nodes {;   nodedata: ""\000\000\000+\001cEx]\211\377\330\025[ d(\343\263\327\177\030\246\254H\277\254E\231\006\033_lB\210\264\334Y\322\314\362\320L\000\000\000\000\000\000\000\000\000\000\000\000\000\000\000\000\000\000\000\000\000\000\000\000\000\000\000\000\000\000\000\000\000\210\310\332\324Ut\313\201\005\326Fo\3508?\242r\370q\217\301\237\314c\rQ]\207\212\315\3672/\351\253//\351\2536\n\000""; }; nodes {;   nodedata: ""\323C\344\327\264{\312-\017:\006{\177\344N\002\326bO\260\220\006\033\362\345\005U\221DzJ0\001\301\025%1L\307\t\261\262z\374\222T\301\274V\236\223\262\270Ct\362\337b\356\024*\324\320\351\317\002k\336\234\027v\351\217\260\303\360\233ZPZWr\246$w\313\313\r\243r\232\2234\373\3539:N\004Q\245\272D\312D\300\300\t\323\0257\345e\271\na\215{\226\255x%T\257\037\333\004\344_/R\006E\344\037@\210\363\010\336T\226\247'\204_{\261\370""1\235\2445\343\033Y!\212\201\341\272\225'\007\377\254\3776\332\357\325\334\326I!.=\237\205\357\0207\332\357c\253\006iY\246\027#""\276\276\307\013\003""; }; "
1750527669561,1750527669561,0,1,4,0,TMLedgerData,"ledgerHash: ""Q\240\317\3502\006,|\364\004\275\034\006\337\370""\330\364\202\314\315\311?\030\260\361u)\336\202\265Y""; ledgerSeq: 43; type: liBASE; nodes {;   nodedata: ""\000\000\000+\001cEx]\211\377\330\025[ d(\343\263\327\177\030\246\254H\277\254E\231\006\033_lB\210\264\334Y\322\314\362\320L\000\000\000\000\000\000\000\000\000\000\000\000\000\000\000\000\000\000\000\000\000\000\000\000\000\000\000\000\000\000\000\000\000\210\310\332\324Ut\313\201\005\326Fo\3508?\242r\370q\217\301\237\314c\rQ]\207\212\315\3672/\351\253//\351\2536\n\000""; }; nodes {;   nodedata: ""\323C\344\327\264{\312-\017:\006{\177\344N\002\326bO\260\220\006\033\362\345\005U\221DzJ0\001\301\025%1L\307\t\261\262z\374\222T\301\274V\236\223\262\270Ct\362\337b\356\024*\324\320\351\317\002k\336\234\027v\351\217\260\303\360\233ZPZWr\246$w\313\313\r\243r\232\2234\373\3539:N\004Q\245\272D\312D\300\300\t\323\0257\345e\271\na\215{\226\255x%T\257\037\333\004\344_/R\006E\344\037@\210\363\010\336T\226\247'\204_{\261\370""1\235\2445\343\033Y!\212\201\341\272\225'\007\377\254\3776\332\357\325\334\326I!.=\237\205\357\0207\332\357c\253\006iY\246\027#""\276\276\307\013\003""; }; ","ledgerHash: ""Q\240\317\3502\006,|\364\004\275\034\006\337\370""\330\364\202\314\315\311?\030\260\361u)\336\202\265Y""; ledgerSeq: 43; type: liBASE; nodes {;   nodedata: ""\000\000\000+\001cEx]\211\377\330\025[ d(\343\263\327\177\030\246\254H\277\254E\231\006\033_lB\210\264\334Y\322\314\362\320L\000\000\000\000\000\000\000\000\000\000\000\000\000\000\000\000\000\000\000\000\000\000\000\000\000\000\000\000\000\000\000\000\000\210\310\332\324Ut\313\201\005\326Fo\3508?\242r\370q\217\301\237\314c\rQ]\207\212\315\3672/\351\253//\351\2536\n\000""; }; nodes {;   nodedata: ""\323C\344\327\264{\312-\017:\006{\177\344N\002\326bO\260\220\006\033\362\345\005U\221DzJ0\001\301\025%1L\307\t\261\262z\374\222T\301\274V\236\223\262\270Ct\362\337b\356\024*\324\320\351\317\002k\336\234\027v\351\217\260\303\360\233ZPZWr\246$w\313\313\r\243r\232\2234\373\3539:N\004Q\245\272D\312D\300\300\t\323\0257\345e\271\na\215{\226\255x%T\257\037\333\004\344_/R\006E\344\037@\210\363\010\336T\226\247'\204_{\261\370""1\235\2445\343\033Y!\212\201\341\272\225'\007\377\254\3776\332\357\325\334\326I!.=\237\205\357\0207\332\357c\253\006iY\246\027#""\276\276\307\013\003""; }; "
1750527669561,1750527669561,0,1,2,1,TMLedgerData,"ledgerHash: ""Q\240\317\3502\006,|\364\004\275\034\006\337\370""\330\364\202\314\315\311?\030\260\361u)\336\202\265Y""; ledgerSeq: 43; type: liBASE; nodes {;   nodedata: ""\000\000\000+\001cEx]\211\377\330\025[ d(\343\263\327\177\030\246\254H\277\254E\231\006\033_lB\210\264\334Y\322\314\362\320L\000\000\000\000\000\000\000\000\000\000\000\000\000\000\000\000\000\000\000\000\000\000\000\000\000\000\000\000\000\000\000\000\000\210\310\332\324Ut\313\201\005\326Fo\3508?\242r\370q\217\301\237\314c\rQ]\207\212\315\3672/\351\253//\351\2536\n\000""; }; nodes {;   nodedata: ""\323C\344\327\264{\312-\017:\006{\177\344N\002\326bO\260\220\006\033\362\345\005U\221DzJ0\001\301\025%1L\307\t\261\262z\374\222T\301\274V\236\223\262\270Ct\362\337b\356\024*\324\320\351\317\002k\336\234\027v\351\217\260\303\360\233ZPZWr\246$w\313\313\r\243r\232\2234\373\3539:N\004Q\245\272D\312D\300\300\t\323\0257\345e\271\na\215{\226\255x%T\257\037\333\004\344_/R\006E\344\037@\210\363\010\336T\226\247'\204_{\261\370""1\235\2445\343\033Y!\212\201\341\272\225'\007\377\254\3776\332\357\325\334\326I!.=\237\205\357\0207\332\357c\253\006iY\246\027#""\276\276\307\013\003""; }; ","ledgerHash: ""Q\240\317\3502\006,|\364\004\275\034\006\337\370""\330\364\202\314\315\311?\030\260\361u)\336\202\265Y""; ledgerSeq: 43; type: liBASE; nodes {;   nodedata: ""\000\000\000+\001cEx]\211\377\330\025[ d(\343\263\327\177\030\246\254H\277\254E\231\006\033_lB\210\264\334Y\322\314\362\320L\000\000\000\000\000\000\000\000\000\000\000\000\000\000\000\000\000\000\000\000\000\000\000\000\000\000\000\000\000\000\000\000\000\210\310\332\324Ut\313\201\005\326Fo\3508?\242r\370q\217\301\237\314c\rQ]\207\212\315\3672/\351\253//\351\2536\n\000""; }; nodes {;   nodedata: ""\323C\344\327\264{\312-\017:\006{\177\344N\002\326bO\260\220\006\033\362\345\005U\221DzJ0\001\301\025%1L\307\t\261\262z\374\222T\301\274V\236\223\262\270Ct\362\337b\356\024*\324\320\351\317\002k\336\234\027v\351\217\260\303\360\233ZPZWr\246$w\313\313\r\243r\232\2234\373\3539:N\004Q\245\272D\312D\300\300\t\323\0257\345e\271\na\215{\226\255x%T\257\037\333\004\344_/R\006E\344\037@\210\363\010\336T\226\247'\204_{\261\370""1\235\2445\343\033Y!\212\201\341\272\225'\007\377\254\3776\332\357\325\334\326I!.=\237\205\357\0207\332\357c\253\006iY\246\027#""\276\276\307\013\003""; }; "
1750527669562,1750527669562,0,1,1,3,TMGetLedger,"itype: liBASE; ledgerHash: ""Q\240\317\3502\006,|\364\004\275\034\006\337\370""\330\364\202\314\315\311?\030\260\361u)\336\202\265Y""; ledgerSeq: 43; requestCookie: 3; queryType: qtINDIRECT; ","itype: liBASE; ledgerHash: ""Q\240\317\3502\006,|\364\004\275\034\006\337\370""\330\364\202\314\315\311?\030\260\361u)\336\202\265Y""; ledgerSeq: 43; requestCookie: 3; queryType: qtINDIRECT; "
1750527669562,1750527669562,0,1,1,3,TMGetLedger,"itype: liBASE; ledgerHash: ""Q\240\317\3502\006,|\364\004\275\034\006\337\370""\330\364\202\314\315\311?\030\260\361u)\336\202\265Y""; ledgerSeq: 43; requestCookie: 2; queryType: qtINDIRECT; ","itype: liBASE; ledgerHash: ""Q\240\317\3502\006,|\364\004\275\034\006\337\370""\330\364\202\314\315\311?\030\260\361u)\336\202\265Y""; ledgerSeq: 43; requestCookie: 2; queryType: qtINDIRECT; "
1750527669562,1750527669562,0,1,2,0,TMLedgerData,"ledgerHash: ""Q\240\317\3502\006,|\364\004\275\034\006\337\370""\330\364\202\314\315\311?\030\260\361u)\336\202\265Y""; ledgerSeq: 43; type: liBASE; nodes {;   nodedata: ""\000\000\000+\001cEx]\211\377\330\025[ d(\343\263\327\177\030\246\254H\277\254E\231\006\033_lB\210\264\334Y\322\314\362\320L\000\000\000\000\000\000\000\000\000\000\000\000\000\000\000\000\000\000\000\000\000\000\000\000\000\000\000\000\000\000\000\000\000\210\310\332\324Ut\313\201\005\326Fo\3508?\242r\370q\217\301\237\314c\rQ]\207\212\315\3672/\351\253//\351\2536\n\000""; }; nodes {;   nodedata: ""\323C\344\327\264{\312-\017:\006{\177\344N\002\326bO\260\220\006\033\362\345\005U\221DzJ0\001\301\025%1L\307\t\261\262z\374\222T\301\274V\236\223\262\270Ct\362\337b\356\024*\324\320\351\317\002k\336\234\027v\351\217\260\303\360\233ZPZWr\246$w\313\313\r\243r\232\2234\373\3539:N\004Q\245\272D\312D\300\300\t\323\0257\345e\271\na\215{\226\255x%T\257\037\333\004\344_/R\006E\344\037@\210\363\010\336T\226\247'\204_{\261\370""1\235\2445\343\033Y!\212\201\341\272\225'\007\377\254\3776\332\357\325\334\326I!.=\237\205\357\0207\332\357c\253\006iY\246\027#""\276\276\307\013\003""; }; ","ledgerHash: ""Q\240\317\3502\006,|\364\004\275\034\006\337\370""\330\364\202\314\315\311?\030\260\361u)\336\202\265Y""; ledgerSeq: 43; type: liBASE; nodes {;   nodedata: ""\000\000\000+\001cEx]\211\377\330\025[ d(\343\263\327\177\030\246\254H\277\254E\231\006\033_lB\210\264\334Y\322\314\362\320L\000\000\000\000\000\000\000\000\000\000\000\000\000\000\000\000\000\000\000\000\000\000\000\000\000\000\000\000\000\000\000\000\000\210\310\332\324Ut\313\201\005\326Fo\3508?\242r\370q\217\301\237\314c\rQ]\207\212\315\3672/\351\253//\351\2536\n\000""; }; nodes {;   nodedata: ""\323C\344\327\264{\312-\017:\006{\177\344N\002\326bO\260\220\006\033\362\345\005U\221DzJ0\001\301\025%1L\307\t\261\262z\374\222T\301\274V\236\223\262\270Ct\362\337b\356\024*\324\320\351\317\002k\336\234\027v\351\217\260\303\360\233ZPZWr\246$w\313\313\r\243r\232\2234\373\3539:N\004Q\245\272D\312D\300\300\t\323\0257\345e\271\na\215{\226\255x%T\257\037\333\004\344_/R\006E\344\037@\210\363\010\336T\226\247'\204_{\261\370""1\235\2445\343\033Y!\212\201\341\272\225'\007\377\254\3776\332\357\325\334\326I!.=\237\205\357\0207\332\357c\253\006iY\246\027#""\276\276\307\013\003""; }; "
1750527669563,1750527669563,0,1,1,4,TMLedgerData,"ledgerHash: ""Q\240\317\3502\006,|\364\004\275\034\006\337\370""\330\364\202\314\315\311?\030\260\361u)\336\202\265Y""; ledgerSeq: 43; type: liBASE; nodes {;   nodedata: ""\000\000\000+\001cEx]\211\377\330\025[ d(\343\263\327\177\030\246\254H\277\254E\231\006\033_lB\210\264\334Y\322\314\362\320L\000\000\000\000\000\000\000\000\000\000\000\000\000\000\000\000\000\000\000\000\000\000\000\000\000\000\000\000\000\000\000\000\000\210\310\332\324Ut\313\201\005\326Fo\3508?\242r\370q\217\301\237\314c\rQ]\207\212\315\3672/\351\253//\351\2536\n\000""; }; nodes {;   nodedata: ""\323C\344\327\264{\312-\017:\006{\177\344N\002\326bO\260\220\006\033\362\345\005U\221DzJ0\001\301\025%1L\307\t\261\262z\374\222T\301\274V\236\223\262\270Ct\362\337b\356\024*\324\320\351\317\002k\336\234\027v\351\217\260\303\360\233ZPZWr\246$w\313\313\r\243r\232\2234\373\3539:N\004Q\245\272D\312D\300\300\t\323\0257\345e\271\na\215{\226\255x%T\257\037\333\004\344_/R\006E\344\037@\210\363\010\336T\226\247'\204_{\261\370""1\235\2445\343\033Y!\212\201\341\272\225'\007\377\254\3776\332\357\325\334\326I!.=\237\205\357\0207\332\357c\253\006iY\246\027#""\276\276\307\013\003""; }; ","ledgerHash: ""Q\240\317\3502\006,|\364\004\275\034\006\337\370""\330\364\202\314\315\311?\030\260\361u)\336\202\265Y""; ledgerSeq: 43; type: liBASE; nodes {;   nodedata: ""\000\000\000+\001cEx]\211\377\330\025[ d(\343\263\327\177\030\246\254H\277\254E\231\006\033_lB\210\264\334Y\322\314\362\320L\000\000\000\000\000\000\000\000\000\000\000\000\000\000\000\000\000\000\000\000\000\000\000\000\000\000\000\000\000\000\000\000\000\210\310\332\324Ut\313\201\005\326Fo\3508?\242r\370q\217\301\237\314c\rQ]\207\212\315\3672/\351\253//\351\2536\n\000""; }; nodes {;   nodedata: ""\323C\344\327\264{\312-\017:\006{\177\344N\002\326bO\260\220\006\033\362\345\005U\221DzJ0\001\301\025%1L\307\t\261\262z\374\222T\301\274V\236\223\262\270Ct\362\337b\356\024*\324\320\351\317\002k\336\234\027v\351\217\260\303\360\233ZPZWr\246$w\313\313\r\243r\232\2234\373\3539:N\004Q\245\272D\312D\300\300\t\323\0257\345e\271\na\215{\226\255x%T\257\037\333\004\344_/R\006E\344\037@\210\363\010\336T\226\247'\204_{\261\370""1\235\2445\343\033Y!\212\201\341\272\225'\007\377\254\3776\332\357\325\334\326I!.=\237\205\357\0207\332\357c\253\006iY\246\027#""\276\276\307\013\003""; }; "
1750527669564,1750527669564,0,1,0,1,TMLedgerData,"ledgerHash: ""Q\240\317\3502\006,|\364\004\275\034\006\337\370""\330\364\202\314\315\311?\030\260\361u)\336\202\265Y""; ledgerSeq: 43; type: liBASE; nodes {;   nodedata: ""\000\000\000+\001cEx]\211\377\330\025[ d(\343\263\327\177\030\246\254H\277\254E\231\006\033_lB\210\264\334Y\322\314\362\320L\000\000\000\000\000\000\000\000\000\000\000\000\000\000\000\000\000\000\000\000\000\000\000\000\000\000\000\000\000\000\000\000\000\210\310\332\324Ut\313\201\005\326Fo\3508?\242r\370q\217\301\237\314c\rQ]\207\212\315\3672/\351\253//\351\2536\n\000""; }; nodes {;   nodedata: ""\323C\344\327\264{\312-\017:\006{\177\344N\002\326bO\260\220\006\033\362\345\005U\221DzJ0\001\301\025%1L\307\t\261\262z\374\222T\301\274V\236\223\262\270Ct\362\337b\356\024*\324\320\351\317\002k\336\234\027v\351\217\260\303\360\233ZPZWr\246$w\313\313\r\243r\232\2234\373\3539:N\004Q\245\272D\312D\300\300\t\323\0257\345e\271\na\215{\226\255x%T\257\037\333\004\344_/R\006E\344\037@\210\363\010\336T\226\247'\204_{\261\370""1\235\2445\343\033Y!\212\201\341\272\225'\007\377\254\3776\332\357\325\334\326I!.=\237\205\357\0207\332\357c\253\006iY\246\027#""\276\276\307\013\003""; }; ","ledgerHash: ""Q\240\317\3502\006,|\364\004\275\034\006\337\370""\330\364\202\314\315\311?\030\260\361u)\336\202\265Y""; ledgerSeq: 43; type: liBASE; nodes {;   nodedata: ""\000\000\000+\001cEx]\211\377\330\025[ d(\343\263\327\177\030\246\254H\277\254E\231\006\033_lB\210\264\334Y\322\314\362\320L\000\000\000\000\000\000\000\000\000\000\000\000\000\000\000\000\000\000\000\000\000\000\000\000\000\000\000\000\000\000\000\000\000\210\310\332\324Ut\313\201\005\326Fo\3508?\242r\370q\217\301\237\314c\rQ]\207\212\315\3672/\351\253//\351\2536\n\000""; }; nodes {;   nodedata: ""\323C\344\327\264{\312-\017:\006{\177\344N\002\326bO\260\220\006\033\362\345\005U\221DzJ0\001\301\025%1L\307\t\261\262z\374\222T\301\274V\236\223\262\270Ct\362\337b\356\024*\324\320\351\317\002k\336\234\027v\351\217\260\303\360\233ZPZWr\246$w\313\313\r\243r\232\2234\373\3539:N\004Q\245\272D\312D\300\300\t\323\0257\345e\271\na\215{\226\255x%T\257\037\333\004\344_/R\006E\344\037@\210\363\010\336T\226\247'\204_{\261\370""1\235\2445\343\033Y!\212\201\341\272\225'\007\377\254\3776\332\357\325\334\326I!.=\237\205\357\0207\332\357c\253\006iY\246\027#""\276\276\307\013\003""; }; "
1750527669564,1750527669564,0,1,0,2,TMLedgerData,"ledgerHash: ""Q\240\317\3502\006,|\364\004\275\034\006\337\370""\330\364\202\314\315\311?\030\260\361u)\336\202\265Y""; ledgerSeq: 43; type: liBASE; nodes {;   nodedata: ""\000\000\000+\001cEx]\211\377\330\025[ d(\343\263\327\177\030\246\254H\277\254E\231\006\033_lB\210\264\334Y\322\314\362\320L\000\000\000\000\000\000\000\000\000\000\000\000\000\000\000\000\000\000\000\000\000\000\000\000\000\000\000\000\000\000\000\000\000\210\310\332\324Ut\313\201\005\326Fo\3508?\242r\370q\217\301\237\314c\rQ]\207\212\315\3672/\351\253//\351\2536\n\000""; }; nodes {;   nodedata: ""\323C\344\327\264{\312-\017:\006{\177\344N\002\326bO\260\220\006\033\362\345\005U\221DzJ0\001\301\025%1L\307\t\261\262z\374\222T\301\274V\236\223\262\270Ct\362\337b\356\024*\324\320\351\317\002k\336\234\027v\351\217\260\303\360\233ZPZWr\246$w\313\313\r\243r\232\2234\373\3539:N\004Q\245\272D\312D\300\300\t\323\0257\345e\271\na\215{\226\255x%T\257\037\333\004\344_/R\006E\344\037@\210\363\010\336T\226\247'\204_{\261\370""1\235\2445\343\033Y!\212\201\341\272\225'\007\377\254\3776\332\357\325\334\326I!.=\237\205\357\0207\332\357c\253\006iY\246\027#""\276\276\307\013\003""; }; ","ledgerHash: ""Q\240\317\3502\006,|\364\004\275\034\006\337\370""\330\364\202\314\315\311?\030\260\361u)\336\202\265Y""; ledgerSeq: 43; type: liBASE; nodes {;   nodedata: ""\000\000\000+\001cEx]\211\377\330\025[ d(\343\263\327\177\030\246\254H\277\254E\231\006\033_lB\210\264\334Y\322\314\362\320L\000\000\000\000\000\000\000\000\000\000\000\000\000\000\000\000\000\000\000\000\000\000\000\000\000\000\000\000\000\000\000\000\000\210\310\332\324Ut\313\201\005\326Fo\3508?\242r\370q\217\301\237\314c\rQ]\207\212\315\3672/\351\253//\351\2536\n\000""; }; nodes {;   nodedata: ""\323C\344\327\264{\312-\017:\006{\177\344N\002\326bO\260\220\006\033\362\345\005U\221DzJ0\001\301\025%1L\307\t\261\262z\374\222T\301\274V\236\223\262\270Ct\362\337b\356\024*\324\320\351\317\002k\336\234\027v\351\217\260\303\360\233ZPZWr\246$w\313\313\r\243r\232\2234\373\3539:N\004Q\245\272D\312D\300\300\t\323\0257\345e\271\na\215{\226\255x%T\257\037\333\004\344_/R\006E\344\037@\210\363\010\336T\226\247'\204_{\261\370""1\235\2445\343\033Y!\212\201\341\272\225'\007\377\254\3776\332\357\325\334\326I!.=\237\205\357\0207\332\357c\253\006iY\246\027#""\276\276\307\013\003""; }; "
1750527669566,1750527669566,0,1,3,1,TMLedgerData,"ledgerHash: ""Q\240\317\3502\006,|\364\004\275\034\006\337\370""\330\364\202\314\315\311?\030\260\361u)\336\202\265Y""; ledgerSeq: 43; type: liBASE; nodes {;   nodedata: ""\000\000\000+\001cEx]\211\377\330\025[ d(\343\263\327\177\030\246\254H\277\254E\231\006\033_lB\210\264\334Y\322\314\362\320L\000\000\000\000\000\000\000\000\000\000\000\000\000\000\000\000\000\000\000\000\000\000\000\000\000\000\000\000\000\000\000\000\000\210\310\332\324Ut\313\201\005\326Fo\3508?\242r\370q\217\301\237\314c\rQ]\207\212\315\3672/\351\253//\351\2536\n\000""; }; nodes {;   nodedata: ""\323C\344\327\264{\312-\017:\006{\177\344N\002\326bO\260\220\006\033\362\345\005U\221DzJ0\001\301\025%1L\307\t\261\262z\374\222T\301\274V\236\223\262\270Ct\362\337b\356\024*\324\320\351\317\002k\336\234\027v\351\217\260\303\360\233ZPZWr\246$w\313\313\r\243r\232\2234\373\3539:N\004Q\245\272D\312D\300\300\t\323\0257\345e\271\na\215{\226\255x%T\257\037\333\004\344_/R\006E\344\037@\210\363\010\336T\226\247'\204_{\261\370""1\235\2445\343\033Y!\212\201\341\272\225'\007\377\254\3776\332\357\325\334\326I!.=\237\205\357\0207\332\357c\253\006iY\246\027#""\276\276\307\013\003""; }; requestCookie: 2; ","ledgerHash: ""Q\240\317\3502\006,|\364\004\275\034\006\337\370""\330\364\202\314\315\311?\030\260\361u)\336\202\265Y""; ledgerSeq: 43; type: liBASE; nodes {;   nodedata: ""\000\000\000+\001cEx]\211\377\330\025[ d(\343\263\327\177\030\246\254H\277\254E\231\006\033_lB\210\264\334Y\322\314\362\320L\000\000\000\000\000\000\000\000\000\000\000\000\000\000\000\000\000\000\000\000\000\000\000\000\000\000\000\000\000\000\000\000\000\210\310\332\324Ut\313\201\005\326Fo\3508?\242r\370q\217\301\237\314c\rQ]\207\212\315\3672/\351\253//\351\2536\n\000""; }; nodes {;   nodedata: ""\323C\344\327\264{\312-\017:\006{\177\344N\002\326bO\260\220\006\033\362\345\005U\221DzJ0\001\301\025%1L\307\t\261\262z\374\222T\301\274V\236\223\262\270Ct\362\337b\356\024*\324\320\351\317\002k\336\234\027v\351\217\260\303\360\233ZPZWr\246$w\313\313\r\243r\232\2234\373\3539:N\004Q\245\272D\312D\300\300\t\323\0257\345e\271\na\215{\226\255x%T\257\037\333\004\344_/R\006E\344\037@\210\363\010\336T\226\247'\204_{\261\370""1\235\2445\343\033Y!\212\201\341\272\225'\007\377\254\3776\332\357\325\334\326I!.=\237\205\357\0207\332\357c\253\006iY\246\027#""\276\276\307\013\003""; }; requestCookie: 2; "
1750527669567,1750527669567,0,1,3,1,TMLedgerData,"ledgerHash: ""Q\240\317\3502\006,|\364\004\275\034\006\337\370""\330\364\202\314\315\311?\030\260\361u)\336\202\265Y""; ledgerSeq: 43; type: liBASE; nodes {;   nodedata: ""\000\000\000+\001cEx]\211\377\330\025[ d(\343\263\327\177\030\246\254H\277\254E\231\006\033_lB\210\264\334Y\322\314\362\320L\000\000\000\000\000\000\000\000\000\000\000\000\000\000\000\000\000\000\000\000\000\000\000\000\000\000\000\000\000\000\000\000\000\210\310\332\324Ut\313\201\005\326Fo\3508?\242r\370q\217\301\237\314c\rQ]\207\212\315\3672/\351\253//\351\2536\n\000""; }; nodes {;   nodedata: ""\323C\344\327\264{\312-\017:\006{\177\344N\002\326bO\260\220\006\033\362\345\005U\221DzJ0\001\301\025%1L\307\t\261\262z\374\222T\301\274V\236\223\262\270Ct\362\337b\356\024*\324\320\351\317\002k\336\234\027v\351\217\260\303\360\233ZPZWr\246$w\313\313\r\243r\232\2234\373\3539:N\004Q\245\272D\312D\300\300\t\323\0257\345e\271\na\215{\226\255x%T\257\037\333\004\344_/R\006E\344\037@\210\363\010\336T\226\247'\204_{\261\370""1\235\2445\343\033Y!\212\201\341\272\225'\007\377\254\3776\332\357\325\334\326I!.=\237\205\357\0207\332\357c\253\006iY\246\027#""\276\276\307\013\003""; }; requestCookie: 3; ","ledgerHash: ""Q\240\317\3502\006,|\364\004\275\034\006\337\370""\330\364\202\314\315\311?\030\260\361u)\336\202\265Y""; ledgerSeq: 43; type: liBASE; nodes {;   nodedata: ""\000\000\000+\001cEx]\211\377\330\025[ d(\343\263\327\177\030\246\254H\277\254E\231\006\033_lB\210\264\334Y\322\314\362\320L\000\000\000\000\000\000\000\000\000\000\000\000\000\000\000\000\000\000\000\000\000\000\000\000\000\000\000\000\000\000\000\000\000\210\310\332\324Ut\313\201\005\326Fo\3508?\242r\370q\217\301\237\314c\rQ]\207\212\315\3672/\351\253//\351\2536\n\000""; }; nodes {;   nodedata: ""\323C\344\327\264{\312-\017:\006{\177\344N\002\326bO\260\220\006\033\362\345\005U\221DzJ0\001\301\025%1L\307\t\261\262z\374\222T\301\274V\236\223\262\270Ct\362\337b\356\024*\324\320\351\317\002k\336\234\027v\351\217\260\303\360\233ZPZWr\246$w\313\313\r\243r\232\2234\373\3539:N\004Q\245\272D\312D\300\300\t\323\0257\345e\271\na\215{\226\255x%T\257\037\333\004\344_/R\006E\344\037@\210\363\010\336T\226\247'\204_{\261\370""1\235\2445\343\033Y!\212\201\341\272\225'\007\377\254\3776\332\357\325\334\326I!.=\237\205\357\0207\332\357c\253\006iY\246\027#""\276\276\307\013\003""; }; requestCookie: 3; "
1750527669568,1750527669568,0,1,1,0,TMLedgerData,"ledgerHash: ""Q\240\317\3502\006,|\364\004\275\034\006\337\370""\330\364\202\314\315\311?\030\260\361u)\336\202\265Y""; ledgerSeq: 43; type: liBASE; nodes {;   nodedata: ""\000\000\000+\001cEx]\211\377\330\025[ d(\343\263\327\177\030\246\254H\277\254E\231\006\033_lB\210\264\334Y\322\314\362\320L\000\000\000\000\000\000\000\000\000\000\000\000\000\000\000\000\000\000\000\000\000\000\000\000\000\000\000\000\000\000\000\000\000\210\310\332\324Ut\313\201\005\326Fo\3508?\242r\370q\217\301\237\314c\rQ]\207\212\315\3672/\351\253//\351\2536\n\000""; }; nodes {;   nodedata: ""\323C\344\327\264{\312-\017:\006{\177\344N\002\326bO\260\220\006\033\362\345\005U\221DzJ0\001\301\025%1L\307\t\261\262z\374\222T\301\274V\236\223\262\270Ct\362\337b\356\024*\324\320\351\317\002k\336\234\027v\351\217\260\303\360\233ZPZWr\246$w\313\313\r\243r\232\2234\373\3539:N\004Q\245\272D\312D\300\300\t\323\0257\345e\271\na\215{\226\255x%T\257\037\333\004\344_/R\006E\344\037@\210\363\010\336T\226\247'\204_{\261\370""1\235\2445\343\033Y!\212\201\341\272\225'\007\377\254\3776\332\357\325\334\326I!.=\237\205\357\0207\332\357c\253\006iY\246\027#""\276\276\307\013\003""; }; ","ledgerHash: ""Q\240\317\3502\006,|\364\004\275\034\006\337\370""\330\364\202\314\315\311?\030\260\361u)\336\202\265Y""; ledgerSeq: 43; type: liBASE; nodes {;   nodedata: ""\000\000\000+\001cEx]\211\377\330\025[ d(\343\263\327\177\030\246\254H\277\254E\231\006\033_lB\210\264\334Y\322\314\362\320L\000\000\000\000\000\000\000\000\000\000\000\000\000\000\000\000\000\000\000\000\000\000\000\000\000\000\000\000\000\000\000\000\000\210\310\332\324Ut\313\201\005\326Fo\3508?\242r\370q\217\301\237\314c\rQ]\207\212\315\3672/\351\253//\351\2536\n\000""; }; nodes {;   nodedata: ""\323C\344\327\264{\312-\017:\006{\177\344N\002\326bO\260\220\006\033\362\345\005U\221DzJ0\001\301\025%1L\307\t\261\262z\374\222T\301\274V\236\223\262\270Ct\362\337b\356\024*\324\320\351\317\002k\336\234\027v\351\217\260\303\360\233ZPZWr\246$w\313\313\r\243r\232\2234\373\3539:N\004Q\245\272D\312D\300\300\t\323\0257\345e\271\na\215{\226\255x%T\257\037\333\004\344_/R\006E\344\037@\210\363\010\336T\226\247'\204_{\261\370""1\235\2445\343\033Y!\212\201\341\272\225'\007\377\254\3776\332\357\325\334\326I!.=\237\205\357\0207\332\357c\253\006iY\246\027#""\276\276\307\013\003""; }; "
1750527669569,1750527669569,0,1,1,2,TMLedgerData,"ledgerHash: ""Q\240\317\3502\006,|\364\004\275\034\006\337\370""\330\364\202\314\315\311?\030\260\361u)\336\202\265Y""; ledgerSeq: 43; type: liBASE; nodes {;   nodedata: ""\000\000\000+\001cEx]\211\377\330\025[ d(\343\263\327\177\030\246\254H\277\254E\231\006\033_lB\210\264\334Y\322\314\362\320L\000\000\000\000\000\000\000\000\000\000\000\000\000\000\000\000\000\000\000\000\000\000\000\000\000\000\000\000\000\000\000\000\000\210\310\332\324Ut\313\201\005\326Fo\3508?\242r\370q\217\301\237\314c\rQ]\207\212\315\3672/\351\253//\351\2536\n\000""; }; nodes {;   nodedata: ""\323C\344\327\264{\312-\017:\006{\177\344N\002\326bO\260\220\006\033\362\345\005U\221DzJ0\001\301\025%1L\307\t\261\262z\374\222T\301\274V\236\223\262\270Ct\362\337b\356\024*\324\320\351\317\002k\336\234\027v\351\217\260\303\360\233ZPZWr\246$w\313\313\r\243r\232\2234\373\3539:N\004Q\245\272D\312D\300\300\t\323\0257\345e\271\na\215{\226\255x%T\257\037\333\004\344_/R\006E\344\037@\210\363\010\336T\226\247'\204_{\261\370""1\235\2445\343\033Y!\212\201\341\272\225'\007\377\254\3776\332\357\325\334\326I!.=\237\205\357\0207\332\357c\253\006iY\246\027#""\276\276\307\013\003""; }; ","ledgerHash: ""Q\240\317\3502\006,|\364\004\275\034\006\337\370""\330\364\202\314\315\311?\030\260\361u)\336\202\265Y""; ledgerSeq: 43; type: liBASE; nodes {;   nodedata: ""\000\000\000+\001cEx]\211\377\330\025[ d(\343\263\327\177\030\246\254H\277\254E\231\006\033_lB\210\264\334Y\322\314\362\320L\000\000\000\000\000\000\000\000\000\000\000\000\000\000\000\000\000\000\000\000\000\000\000\000\000\000\000\000\000\000\000\000\000\210\310\332\324Ut\313\201\005\326Fo\3508?\242r\370q\217\301\237\314c\rQ]\207\212\315\3672/\351\253//\351\2536\n\000""; }; nodes {;   nodedata: ""\323C\344\327\264{\312-\017:\006{\177\344N\002\326bO\260\220\006\033\362\345\005U\221DzJ0\001\301\025%1L\307\t\261\262z\374\222T\301\274V\236\223\262\270Ct\362\337b\356\024*\324\320\351\317\002k\336\234\027v\351\217\260\303\360\233ZPZWr\246$w\313\313\r\243r\232\2234\373\3539:N\004Q\245\272D\312D\300\300\t\323\0257\345e\271\na\215{\226\255x%T\257\037\333\004\344_/R\006E\344\037@\210\363\010\336T\226\247'\204_{\261\370""1\235\2445\343\033Y!\212\201\341\272\225'\007\377\254\3776\332\357\325\334\326I!.=\237\205\357\0207\332\357c\253\006iY\246\027#""\276\276\307\013\003""; }; "
1750527669625,1750527669625,0,1,4,3,TMStatusChange,"newEvent: neACCEPTED_LEDGER; ledgerSeq: 43; ledgerHash: ""Q\240\317\3502\006,|\364\004\275\034\006\337\370""\330\364\202\314\315\311?\030\260\361u)\336\202\265Y""; ledgerHashPrevious: ""\025[ d(\343\263\327\177\030\246\254H\277\254E\231\006\033_lB\210\264\334Y\322\314\362\320L\000""; networkTime: 803842869; firstSeq: 1; lastSeq: 42; ","newEvent: neACCEPTED_LEDGER; ledgerSeq: 43; ledgerHash: ""Q\240\317\3502\006,|\364\004\275\034\006\337\370""\330\364\202\314\315\311?\030\260\361u)\336\202\265Y""; ledgerHashPrevious: ""\025[ d(\343\263\327\177\030\246\254H\277\254E\231\006\033_lB\210\264\334Y\322\314\362\320L\000""; networkTime: 803842869; firstSeq: 1; lastSeq: 42; "
1750527669626,1750527669626,0,1,4,1,TMStatusChange,"newEvent: neACCEPTED_LEDGER; ledgerSeq: 43; ledgerHash: ""Q\240\317\3502\006,|\364\004\275\034\006\337\370""\330\364\202\314\315\311?\030\260\361u)\336\202\265Y""; ledgerHashPrevious: ""\025[ d(\343\263\327\177\030\246\254H\277\254E\231\006\033_lB\210\264\334Y\322\314\362\320L\000""; networkTime: 803842869; firstSeq: 1; lastSeq: 42; ","newEvent: neACCEPTED_LEDGER; ledgerSeq: 43; ledgerHash: ""Q\240\317\3502\006,|\364\004\275\034\006\337\370""\330\364\202\314\315\311?\030\260\361u)\336\202\265Y""; ledgerHashPrevious: ""\025[ d(\343\263\327\177\030\246\254H\277\254E\231\006\033_lB\210\264\334Y\322\314\362\320L\000""; networkTime: 803842869; firstSeq: 1; lastSeq: 42; "
1750527669626,1750527669626,0,1,4,0,TMStatusChange,"newEvent: neACCEPTED_LEDGER; ledgerSeq: 43; ledgerHash: ""Q\240\317\3502\006,|\364\004\275\034\006\337\370""\330\364\202\314\315\311?\030\260\361u)\336\202\265Y""; ledgerHashPrevious: ""\025[ d(\343\263\327\177\030\246\254H\277\254E\231\006\033_lB\210\264\334Y\322\314\362\320L\000""; networkTime: 803842869; firstSeq: 1; lastSeq: 42; ","newEvent: neACCEPTED_LEDGER; ledgerSeq: 43; ledgerHash: ""Q\240\317\3502\006,|\364\004\275\034\006\337\370""\330\364\202\314\315\311?\030\260\361u)\336\202\265Y""; ledgerHashPrevious: ""\025[ d(\343\263\327\177\030\246\254H\277\254E\231\006\033_lB\210\264\334Y\322\314\362\320L\000""; networkTime: 803842869; firstSeq: 1; lastSeq: 42; "
1750527669625,1750527669625,0,1,4,2,TMStatusChange,"newEvent: neACCEPTED_LEDGER; ledgerSeq: 43; ledgerHash: ""Q\240\317\3502\006,|\364\004\275\034\006\337\370""\330\364\202\314\315\311?\030\260\361u)\336\202\265Y""; ledgerHashPrevious: ""\025[ d(\343\263\327\177\030\246\254H\277\254E\231\006\033_lB\210\264\334Y\322\314\362\320L\000""; networkTime: 803842869; firstSeq: 1; lastSeq: 42; ","newEvent: neACCEPTED_LEDGER; ledgerSeq: 43; ledgerHash: ""Q\240\317\3502\006,|\364\004\275\034\006\337\370""\330\364\202\314\315\311?\030\260\361u)\336\202\265Y""; ledgerHashPrevious: ""\025[ d(\343\263\327\177\030\246\254H\277\254E\231\006\033_lB\210\264\334Y\322\314\362\320L\000""; networkTime: 803842869; firstSeq: 1; lastSeq: 42; "
1750527669666,1750527669666,0,1,4,2,TMValidation,"validation: """"\200\000\000\001&\000\000\000+)/\351\2535:\r\302\353\023?\373\240rQQ\240\317\3502\006,|\364\004\275\034\006\337\370""\330\364\202\314\315\311?\030\260\361u)\336\202\265YP\027\000\000\000\000\000\000\000\000\000\000\000\000\000\000\000\000\000\000\000\000\000\000\000\000\000\000\000\000\000\000\000\000P\031\025[ d(\343\263\327\177\030\246\254H\277\254E\231\006\033_lB\210\264\334Y\322\314\362\320L\000s!\003R7o\362bV\300hf\266\241;}\200^\374\240\203[:\342Q\225\221\027y\372\255\235\216\323~vG0E\002!\000\256\355P6\343\204\347\373\200`\216\325,\224\364/\224)\301V\033\250g\036\354\r_\322\317\203\241\321\002 li\030t>\031\266\256\304\365\325F2\343\025K\265)\355,A\342\371\313]\nv\323\262d\002\021""; ","validation: """"\200\000\000\001&\000\000\000+)/\351\2535:\r\302\353\023?\373\240rQQ\240\317\3502\006,|\364\004\275\034\006\337\370""\330\364\202\314\315\311?\030\260\361u)\336\202\265YP\027\000\000\000\000\000\000\000\000\000\000\000\000\000\000\000\000\000\000\000\000\000\000\000\000\000\000\000\000\000\000\000\000P\031\025[ d(\343\263\327\177\030\246\254H\277\254E\231\006\033_lB\210\264\334Y\322\314\362\320L\000s!\003R7o\362bV\300hf\266\241;}\200^\374\240\203[:\342Q\225\221\027y\372\255\235\216\323~vG0E\002!\000\256\355P6\343\204\347\373\200`\216\325,\224\364/\224)\301V\033\250g\036\354\r_\322\317\203\241\321\002 li\030t>\031\266\256\304\365\325F2\343\025K\265)\355,A\342\371\313]\nv\323\262d\002\021""; "
1750527669666,1750527669666,0,1,4,0,TMValidation,"validation: """"\200\000\000\001&\000\000\000+)/\351\2535:\r\302\353\023?\373\240rQQ\240\317\3502\006,|\364\004\275\034\006\337\370""\330\364\202\314\315\311?\030\260\361u)\336\202\265YP\027\000\000\000\000\000\000\000\000\000\000\000\000\000\000\000\000\000\000\000\000\000\000\000\000\000\000\000\000\000\000\000\000P\031\025[ d(\343\263\327\177\030\246\254H\277\254E\231\006\033_lB\210\264\334Y\322\314\362\320L\000s!\003R7o\362bV\300hf\266\241;}\200^\374\240\203[:\342Q\225\221\027y\372\255\235\216\323~vG0E\002!\000\256\355P6\343\204\347\373\200`\216\325,\224\364/\224)\301V\033\250g\036\354\r_\322\317\203\241\321\002 li\030t>\031\266\256\304\365\325F2\343\025K\265)\355,A\342\371\313]\nv\323\262d\002\021""; ","validation: """"\200\000\000\001&\000\000\000+)/\351\2535:\r\302\353\023?\373\240rQQ\240\317\3502\006,|\364\004\275\034\006\337\370""\330\364\202\314\315\311?\030\260\361u)\336\202\265YP\027\000\000\000\000\000\000\000\000\000\000\000\000\000\000\000\000\000\000\000\000\000\000\000\000\000\000\000\000\000\000\000\000P\031\025[ d(\343\263\327\177\030\246\254H\277\254E\231\006\033_lB\210\264\334Y\322\314\362\320L\000s!\003R7o\362bV\300hf\266\241;}\200^\374\240\203[:\342Q\225\221\027y\372\255\235\216\323~vG0E\002!\000\256\355P6\343\204\347\373\200`\216\325,\224\364/\224)\301V\033\250g\036\354\r_\322\317\203\241\321\002 li\030t>\031\266\256\304\365\325F2\343\025K\265)\355,A\342\371\313]\nv\323\262d\002\021""; "
1750527669666,1750527669666,0,1,4,1,TMValidation,"validation: """"\200\000\000\001&\000\000\000+)/\351\2535:\r\302\353\023?\373\240rQQ\240\317\3502\006,|\364\004\275\034\006\337\370""\330\364\202\314\315\311?\030\260\361u)\336\202\265YP\027\000\000\000\000\000\000\000\000\000\000\000\000\000\000\000\000\000\000\000\000\000\000\000\000\000\000\000\000\000\000\000\000P\031\025[ d(\343\263\327\177\030\246\254H\277\254E\231\006\033_lB\210\264\334Y\322\314\362\320L\000s!\003R7o\362bV\300hf\266\241;}\200^\374\240\203[:\342Q\225\221\027y\372\255\235\216\323~vG0E\002!\000\256\355P6\343\204\347\373\200`\216\325,\224\364/\224)\301V\033\250g\036\354\r_\322\317\203\241\321\002 li\030t>\031\266\256\304\365\325F2\343\025K\265)\355,A\342\371\313]\nv\323\262d\002\021""; ","validation: """"\200\000\000\001&\000\000\000+)/\351\2535:\r\302\353\023?\373\240rQQ\240\317\3502\006,|\364\004\275\034\006\337\370""\330\364\202\314\315\311?\030\260\361u)\336\202\265YP\027\000\000\000\000\000\000\000\000\000\000\000\000\000\000\000\000\000\000\000\000\000\000\000\000\000\000\000\000\000\000\000\000P\031\025[ d(\343\263\327\177\030\246\254H\277\254E\231\006\033_lB\210\264\334Y\322\314\362\320L\000s!\003R7o\362bV\300hf\266\241;}\200^\374\240\203[:\342Q\225\221\027y\372\255\235\216\323~vG0E\002!\000\256\355P6\343\204\347\373\200`\216\325,\224\364/\224)\301V\033\250g\036\354\r_\322\317\203\241\321\002 li\030t>\031\266\256\304\365\325F2\343\025K\265)\355,A\342\371\313]\nv\323\262d\002\021""; "
1750527669666,1750527669666,0,1,4,3,TMValidation,"validation: """"\200\000\000\001&\000\000\000+)/\351\2535:\r\302\353\023?\373\240rQQ\240\317\3502\006,|\364\004\275\034\006\337\370""\330\364\202\314\315\311?\030\260\361u)\336\202\265YP\027\000\000\000\000\000\000\000\000\000\000\000\000\000\000\000\000\000\000\000\000\000\000\000\000\000\000\000\000\000\000\000\000P\031\025[ d(\343\263\327\177\030\246\254H\277\254E\231\006\033_lB\210\264\334Y\322\314\362\320L\000s!\003R7o\362bV\300hf\266\241;}\200^\374\240\203[:\342Q\225\221\027y\372\255\235\216\323~vG0E\002!\000\256\355P6\343\204\347\373\200`\216\325,\224\364/\224)\301V\033\250g\036\354\r_\322\317\203\241\321\002 li\030t>\031\266\256\304\365\325F2\343\025K\265)\355,A\342\371\313]\nv\323\262d\002\021""; ","validation: """"\200\000\000\001&\000\000\000+)/\351\2535:\r\302\353\023?\373\240rQQ\240\317\3502\006,|\364\004\275\034\006\337\370""\330\364\202\314\315\311?\030\260\361u)\336\202\265YP\027\000\000\000\000\000\000\000\000\000\000\000\000\000\000\000\000\000\000\000\000\000\000\000\000\000\000\000\000\000\000\000\000P\031\025[ d(\343\263\327\177\030\246\254H\277\254E\231\006\033_lB\210\264\334Y\322\314\362\320L\000s!\003R7o\362bV\300hf\266\241;}\200^\374\240\203[:\342Q\225\221\027y\372\255\235\216\323~vG0E\002!\000\256\355P6\343\204\347\373\200`\216\325,\224\364/\224)\301V\033\250g\036\354\r_\322\317\203\241\321\002 li\030t>\031\266\256\304\365\325F2\343\025K\265)\355,A\342\371\313]\nv\323\262d\002\021""; "
1750527669667,1750527669667,0,1,2,1,TMValidation,"validation: """"\200\000\000\001&\000\000\000+)/\351\2535:\r\302\353\023?\373\240rQQ\240\317\3502\006,|\364\004\275\034\006\337\370""\330\364\202\314\315\311?\030\260\361u)\336\202\265YP\027\000\000\000\000\000\000\000\000\000\000\000\000\000\000\000\000\000\000\000\000\000\000\000\000\000\000\000\000\000\000\000\000P\031\025[ d(\343\263\327\177\030\246\254H\277\254E\231\006\033_lB\210\264\334Y\322\314\362\320L\000s!\003R7o\362bV\300hf\266\241;}\200^\374\240\203[:\342Q\225\221\027y\372\255\235\216\323~vG0E\002!\000\256\355P6\343\204\347\373\200`\216\325,\224\364/\224)\301V\033\250g\036\354\r_\322\317\203\241\321\002 li\030t>\031\266\256\304\365\325F2\343\025K\265)\355,A\342\371\313]\nv\323\262d\002\021""; ","validation: """"\200\000\000\001&\000\000\000+)/\351\2535:\r\302\353\023?\373\240rQQ\240\317\3502\006,|\364\004\275\034\006\337\370""\330\364\202\314\315\311?\030\260\361u)\336\202\265YP\027\000\000\000\000\000\000\000\000\000\000\000\000\000\000\000\000\000\000\000\000\000\000\000\000\000\000\000\000\000\000\000\000P\031\025[ d(\343\263\327\177\030\246\254H\277\254E\231\006\033_lB\210\264\334Y\322\314\362\320L\000s!\003R7o\362bV\300hf\266\241;}\200^\374\240\203[:\342Q\225\221\027y\372\255\235\216\323~vG0E\002!\000\256\355P6\343\204\347\373\200`\216\325,\224\364/\224)\301V\033\250g\036\354\r_\322\317\203\241\321\002 li\030t>\031\266\256\304\365\325F2\343\025K\265)\355,A\342\371\313]\nv\323\262d\002\021""; "
1750527669669,1750527669669,0,1,1,2,TMValidation,"validation: """"\200\000\000\001&\000\000\000+)/\351\2535:\r\302\353\023?\373\240rQQ\240\317\3502\006,|\364\004\275\034\006\337\370""\330\364\202\314\315\311?\030\260\361u)\336\202\265YP\027\000\000\000\000\000\000\000\000\000\000\000\000\000\000\000\000\000\000\000\000\000\000\000\000\000\000\000\000\000\000\000\000P\031\025[ d(\343\263\327\177\030\246\254H\277\254E\231\006\033_lB\210\264\334Y\322\314\362\320L\000s!\003R7o\362bV\300hf\266\241;}\200^\374\240\203[:\342Q\225\221\027y\372\255\235\216\323~vG0E\002!\000\256\355P6\343\204\347\373\200`\216\325,\224\364/\224)\301V\033\250g\036\354\r_\322\317\203\241\321\002 li\030t>\031\266\256\304\365\325F2\343\025K\265)\355,A\342\371\313]\nv\323\262d\002\021""; ","validation: """"\200\000\000\001&\000\000\000+)/\351\2535:\r\302\353\023?\373\240rQQ\240\317\3502\006,|\364\004\275\034\006\337\370""\330\364\202\314\315\311?\030\260\361u)\336\202\265YP\027\000\000\000\000\000\000\000\000\000\000\000\000\000\000\000\000\000\000\000\000\000\000\000\000\000\000\000\000\000\000\000\000P\031\025[ d(\343\263\327\177\030\246\254H\277\254E\231\006\033_lB\210\264\334Y\322\314\362\320L\000s!\003R7o\362bV\300hf\266\241;}\200^\374\240\203[:\342Q\225\221\027y\372\255\235\216\323~vG0E\002!\000\256\355P6\343\204\347\373\200`\216\325,\224\364/\224)\301V\033\250g\036\354\r_\322\317\203\241\321\002 li\030t>\031\266\256\304\365\325F2\343\025K\265)\355,A\342\371\313]\nv\323\262d\002\021""; "
1750527669668,1750527669668,0,1,0,3,TMValidation,"validation: """"\200\000\000\001&\000\000\000+)/\351\2535:\r\302\353\023?\373\240rQQ\240\317\3502\006,|\364\004\275\034\006\337\370""\330\364\202\314\315\311?\030\260\361u)\336\202\265YP\027\000\000\000\000\000\000\000\000\000\000\000\000\000\000\000\000\000\000\000\000\000\000\000\000\000\000\000\000\000\000\000\000P\031\025[ d(\343\263\327\177\030\246\254H\277\254E\231\006\033_lB\210\264\334Y\322\314\362\320L\000s!\003R7o\362bV\300hf\266\241;}\200^\374\240\203[:\342Q\225\221\027y\372\255\235\216\323~vG0E\002!\000\256\355P6\343\204\347\373\200`\216\325,\224\364/\224)\301V\033\250g\036\354\r_\322\317\203\241\321\002 li\030t>\031\266\256\304\365\325F2\343\025K\265)\355,A\342\371\313]\nv\323\262d\002\021""; ","validation: """"\200\000\000\001&\000\000\000+)/\351\2535:\r\302\353\023?\373\240rQQ\240\317\3502\006,|\364\004\275\034\006\337\370""\330\364\202\314\315\311?\030\260\361u)\336\202\265YP\027\000\000\000\000\000\000\000\000\000\000\000\000\000\000\000\000\000\000\000\000\000\000\000\000\000\000\000\000\000\000\000\000P\031\025[ d(\343\263\327\177\030\246\254H\277\254E\231\006\033_lB\210\264\334Y\322\314\362\320L\000s!\003R7o\362bV\300hf\266\241;}\200^\374\240\203[:\342Q\225\221\027y\372\255\235\216\323~vG0E\002!\000\256\355P6\343\204\347\373\200`\216\325,\224\364/\224)\301V\033\250g\036\354\r_\322\317\203\241\321\002 li\030t>\031\266\256\304\365\325F2\343\025K\265)\355,A\342\371\313]\nv\323\262d\002\021""; "
1750527669668,1750527669668,0,1,2,3,TMValidation,"validation: """"\200\000\000\001&\000\000\000+)/\351\2535:\r\302\353\023?\373\240rQQ\240\317\3502\006,|\364\004\275\034\006\337\370""\330\364\202\314\315\311?\030\260\361u)\336\202\265YP\027\000\000\000\000\000\000\000\000\000\000\000\000\000\000\000\000\000\000\000\000\000\000\000\000\000\000\000\000\000\000\000\000P\031\025[ d(\343\263\327\177\030\246\254H\277\254E\231\006\033_lB\210\264\334Y\322\314\362\320L\000s!\003R7o\362bV\300hf\266\241;}\200^\374\240\203[:\342Q\225\221\027y\372\255\235\216\323~vG0E\002!\000\256\355P6\343\204\347\373\200`\216\325,\224\364/\224)\301V\033\250g\036\354\r_\322\317\203\241\321\002 li\030t>\031\266\256\304\365\325F2\343\025K\265)\355,A\342\371\313]\nv\323\262d\002\021""; ","validation: """"\200\000\000\001&\000\000\000+)/\351\2535:\r\302\353\023?\373\240rQQ\240\317\3502\006,|\364\004\275\034\006\337\370""\330\364\202\314\315\311?\030\260\361u)\336\202\265YP\027\000\000\000\000\000\000\000\000\000\000\000\000\000\000\000\000\000\000\000\000\000\000\000\000\000\000\000\000\000\000\000\000P\031\025[ d(\343\263\327\177\030\246\254H\277\254E\231\006\033_lB\210\264\334Y\322\314\362\320L\000s!\003R7o\362bV\300hf\266\241;}\200^\374\240\203[:\342Q\225\221\027y\372\255\235\216\323~vG0E\002!\000\256\355P6\343\204\347\373\200`\216\325,\224\364/\224)\301V\033\250g\036\354\r_\322\317\203\241\321\002 li\030t>\031\266\256\304\365\325F2\343\025K\265)\355,A\342\371\313]\nv\323\262d\002\021""; "
1750527669668,1750527669668,0,1,2,0,TMValidation,"validation: """"\200\000\000\001&\000\000\000+)/\351\2535:\r\302\353\023?\373\240rQQ\240\317\3502\006,|\364\004\275\034\006\337\370""\330\364\202\314\315\311?\030\260\361u)\336\202\265YP\027\000\000\000\000\000\000\000\000\000\000\000\000\000\000\000\000\000\000\000\000\000\000\000\000\000\000\000\000\000\000\000\000P\031\025[ d(\343\263\327\177\030\246\254H\277\254E\231\006\033_lB\210\264\334Y\322\314\362\320L\000s!\003R7o\362bV\300hf\266\241;}\200^\374\240\203[:\342Q\225\221\027y\372\255\235\216\323~vG0E\002!\000\256\355P6\343\204\347\373\200`\216\325,\224\364/\224)\301V\033\250g\036\354\r_\322\317\203\241\321\002 li\030t>\031\266\256\304\365\325F2\343\025K\265)\355,A\342\371\313]\nv\323\262d\002\021""; ","validation: """"\200\000\000\001&\000\000\000+)/\351\2535:\r\302\353\023?\373\240rQQ\240\317\3502\006,|\364\004\275\034\006\337\370""\330\364\202\314\315\311?\030\260\361u)\336\202\265YP\027\000\000\000\000\000\000\000\000\000\000\000\000\000\000\000\000\000\000\000\000\000\000\000\000\000\000\000\000\000\000\000\000P\031\025[ d(\343\263\327\177\030\246\254H\277\254E\231\006\033_lB\210\264\334Y\322\314\362\320L\000s!\003R7o\362bV\300hf\266\241;}\200^\374\240\203[:\342Q\225\221\027y\372\255\235\216\323~vG0E\002!\000\256\355P6\343\204\347\373\200`\216\325,\224\364/\224)\301V\033\250g\036\354\r_\322\317\203\241\321\002 li\030t>\031\266\256\304\365\325F2\343\025K\265)\355,A\342\371\313]\nv\323\262d\002\021""; "
1750527669669,1750527669669,0,1,0,2,TMValidation,"validation: """"\200\000\000\001&\000\000\000+)/\351\2535:\r\302\353\023?\373\240rQQ\240\317\3502\006,|\364\004\275\034\006\337\370""\330\364\202\314\315\311?\030\260\361u)\336\202\265YP\027\000\000\000\000\000\000\000\000\000\000\000\000\000\000\000\000\000\000\000\000\000\000\000\000\000\000\000\000\000\000\000\000P\031\025[ d(\343\263\327\177\030\246\254H\277\254E\231\006\033_lB\210\264\334Y\322\314\362\320L\000s!\003R7o\362bV\300hf\266\241;}\200^\374\240\203[:\342Q\225\221\027y\372\255\235\216\323~vG0E\002!\000\256\355P6\343\204\347\373\200`\216\325,\224\364/\224)\301V\033\250g\036\354\r_\322\317\203\241\321\002 li\030t>\031\266\256\304\365\325F2\343\025K\265)\355,A\342\371\313]\nv\323\262d\002\021""; ","validation: """"\200\000\000\001&\000\000\000+)/\351\2535:\r\302\353\023?\373\240rQQ\240\317\3502\006,|\364\004\275\034\006\337\370""\330\364\202\314\315\311?\030\260\361u)\336\202\265YP\027\000\000\000\000\000\000\000\000\000\000\000\000\000\000\000\000\000\000\000\000\000\000\000\000\000\000\000\000\000\000\000\000P\031\025[ d(\343\263\327\177\030\246\254H\277\254E\231\006\033_lB\210\264\334Y\322\314\362\320L\000s!\003R7o\362bV\300hf\266\241;}\200^\374\240\203[:\342Q\225\221\027y\372\255\235\216\323~vG0E\002!\000\256\355P6\343\204\347\373\200`\216\325,\224\364/\224)\301V\033\250g\036\354\r_\322\317\203\241\321\002 li\030t>\031\266\256\304\365\325F2\343\025K\265)\355,A\342\371\313]\nv\323\262d\002\021""; "
1750527669669,1750527669669,0,1,0,1,TMValidation,"validation: """"\200\000\000\001&\000\000\000+)/\351\2535:\r\302\353\023?\373\240rQQ\240\317\3502\006,|\364\004\275\034\006\337\370""\330\364\202\314\315\311?\030\260\361u)\336\202\265YP\027\000\000\000\000\000\000\000\000\000\000\000\000\000\000\000\000\000\000\000\000\000\000\000\000\000\000\000\000\000\000\000\000P\031\025[ d(\343\263\327\177\030\246\254H\277\254E\231\006\033_lB\210\264\334Y\322\314\362\320L\000s!\003R7o\362bV\300hf\266\241;}\200^\374\240\203[:\342Q\225\221\027y\372\255\235\216\323~vG0E\002!\000\256\355P6\343\204\347\373\200`\216\325,\224\364/\224)\301V\033\250g\036\354\r_\322\317\203\241\321\002 li\030t>\031\266\256\304\365\325F2\343\025K\265)\355,A\342\371\313]\nv\323\262d\002\021""; ","validation: """"\200\000\000\001&\000\000\000+)/\351\2535:\r\302\353\023?\373\240rQQ\240\317\3502\006,|\364\004\275\034\006\337\370""\330\364\202\314\315\311?\030\260\361u)\336\202\265YP\027\000\000\000\000\000\000\000\000\000\000\000\000\000\000\000\000\000\000\000\000\000\000\000\000\000\000\000\000\000\000\000\000P\031\025[ d(\343\263\327\177\030\246\254H\277\254E\231\006\033_lB\210\264\334Y\322\314\362\320L\000s!\003R7o\362bV\300hf\266\241;}\200^\374\240\203[:\342Q\225\221\027y\372\255\235\216\323~vG0E\002!\000\256\355P6\343\204\347\373\200`\216\325,\224\364/\224)\301V\033\250g\036\354\r_\322\317\203\241\321\002 li\030t>\031\266\256\304\365\325F2\343\025K\265)\355,A\342\371\313]\nv\323\262d\002\021""; "
1750527669670,1750527669670,0,1,1,3,TMValidation,"validation: """"\200\000\000\001&\000\000\000+)/\351\2535:\r\302\353\023?\373\240rQQ\240\317\3502\006,|\364\004\275\034\006\337\370""\330\364\202\314\315\311?\030\260\361u)\336\202\265YP\027\000\000\000\000\000\000\000\000\000\000\000\000\000\000\000\000\000\000\000\000\000\000\000\000\000\000\000\000\000\000\000\000P\031\025[ d(\343\263\327\177\030\246\254H\277\254E\231\006\033_lB\210\264\334Y\322\314\362\320L\000s!\003R7o\362bV\300hf\266\241;}\200^\374\240\203[:\342Q\225\221\027y\372\255\235\216\323~vG0E\002!\000\256\355P6\343\204\347\373\200`\216\325,\224\364/\224)\301V\033\250g\036\354\r_\322\317\203\241\321\002 li\030t>\031\266\256\304\365\325F2\343\025K\265)\355,A\342\371\313]\nv\323\262d\002\021""; ","validation: """"\200\000\000\001&\000\000\000+)/\351\2535:\r\302\353\023?\373\240rQQ\240\317\3502\006,|\364\004\275\034\006\337\370""\330\364\202\314\315\311?\030\260\361u)\336\202\265YP\027\000\000\000\000\000\000\000\000\000\000\000\000\000\000\000\000\000\000\000\000\000\000\000\000\000\000\000\000\000\000\000\000P\031\025[ d(\343\263\327\177\030\246\254H\277\254E\231\006\033_lB\210\264\334Y\322\314\362\320L\000s!\003R7o\362bV\300hf\266\241;}\200^\374\240\203[:\342Q\225\221\027y\372\255\235\216\323~vG0E\002!\000\256\355P6\343\204\347\373\200`\216\325,\224\364/\224)\301V\033\250g\036\354\r_\322\317\203\241\321\002 li\030t>\031\266\256\304\365\325F2\343\025K\265)\355,A\342\371\313]\nv\323\262d\002\021""; "
1750527669670,1750527669670,0,1,1,0,TMValidation,"validation: """"\200\000\000\001&\000\000\000+)/\351\2535:\r\302\353\023?\373\240rQQ\240\317\3502\006,|\364\004\275\034\006\337\370""\330\364\202\314\315\311?\030\260\361u)\336\202\265YP\027\000\000\000\000\000\000\000\000\000\000\000\000\000\000\000\000\000\000\000\000\000\000\000\000\000\000\000\000\000\000\000\000P\031\025[ d(\343\263\327\177\030\246\254H\277\254E\231\006\033_lB\210\264\334Y\322\314\362\320L\000s!\003R7o\362bV\300hf\266\241;}\200^\374\240\203[:\342Q\225\221\027y\372\255\235\216\323~vG0E\002!\000\256\355P6\343\204\347\373\200`\216\325,\224\364/\224)\301V\033\250g\036\354\r_\322\317\203\241\321\002 li\030t>\031\266\256\304\365\325F2\343\025K\265)\355,A\342\371\313]\nv\323\262d\002\021""; ","validation: """"\200\000\000\001&\000\000\000+)/\351\2535:\r\302\353\023?\373\240rQQ\240\317\3502\006,|\364\004\275\034\006\337\370""\330\364\202\314\315\311?\030\260\361u)\336\202\265YP\027\000\000\000\000\000\000\000\000\000\000\000\000\000\000\000\000\000\000\000\000\000\000\000\000\000\000\000\000\000\000\000\000P\031\025[ d(\343\263\327\177\030\246\254H\277\254E\231\006\033_lB\210\264\334Y\322\314\362\320L\000s!\003R7o\362bV\300hf\266\241;}\200^\374\240\203[:\342Q\225\221\027y\372\255\235\216\323~vG0E\002!\000\256\355P6\343\204\347\373\200`\216\325,\224\364/\224)\301V\033\250g\036\354\r_\322\317\203\241\321\002 li\030t>\031\266\256\304\365\325F2\343\025K\265)\355,A\342\371\313]\nv\323\262d\002\021""; "
1750527669671,1750527669671,0,1,3,2,TMValidation,"validation: """"\200\000\000\001&\000\000\000+)/\351\2535:\r\302\353\023?\373\240rQQ\240\317\3502\006,|\364\004\275\034\006\337\370""\330\364\202\314\315\311?\030\260\361u)\336\202\265YP\027\000\000\000\000\000\000\000\000\000\000\000\000\000\000\000\000\000\000\000\000\000\000\000\000\000\000\000\000\000\000\000\000P\031\025[ d(\343\263\327\177\030\246\254H\277\254E\231\006\033_lB\210\264\334Y\322\314\362\320L\000s!\003R7o\362bV\300hf\266\241;}\200^\374\240\203[:\342Q\225\221\027y\372\255\235\216\323~vG0E\002!\000\256\355P6\343\204\347\373\200`\216\325,\224\364/\224)\301V\033\250g\036\354\r_\322\317\203\241\321\002 li\030t>\031\266\256\304\365\325F2\343\025K\265)\355,A\342\371\313]\nv\323\262d\002\021""; ","validation: """"\200\000\000\001&\000\000\000+)/\351\2535:\r\302\353\023?\373\240rQQ\240\317\3502\006,|\364\004\275\034\006\337\370""\330\364\202\314\315\311?\030\260\361u)\336\202\265YP\027\000\000\000\000\000\000\000\000\000\000\000\000\000\000\000\000\000\000\000\000\000\000\000\000\000\000\000\000\000\000\000\000P\031\025[ d(\343\263\327\177\030\246\254H\277\254E\231\006\033_lB\210\264\334Y\322\314\362\320L\000s!\003R7o\362bV\300hf\266\241;}\200^\374\240\203[:\342Q\225\221\027y\372\255\235\216\323~vG0E\002!\000\256\355P6\343\204\347\373\200`\216\325,\224\364/\224)\301V\033\250g\036\354\r_\322\317\203\241\321\002 li\030t>\031\266\256\304\365\325F2\343\025K\265)\355,A\342\371\313]\nv\323\262d\002\021""; "
1750527669671,1750527669671,0,1,3,1,TMValidation,"validation: """"\200\000\000\001&\000\000\000+)/\351\2535:\r\302\353\023?\373\240rQQ\240\317\3502\006,|\364\004\275\034\006\337\370""\330\364\202\314\315\311?\030\260\361u)\336\202\265YP\027\000\000\000\000\000\000\000\000\000\000\000\000\000\000\000\000\000\000\000\000\000\000\000\000\000\000\000\000\000\000\000\000P\031\025[ d(\343\263\327\177\030\246\254H\277\254E\231\006\033_lB\210\264\334Y\322\314\362\320L\000s!\003R7o\362bV\300hf\266\241;}\200^\374\240\203[:\342Q\225\221\027y\372\255\235\216\323~vG0E\002!\000\256\355P6\343\204\347\373\200`\216\325,\224\364/\224)\301V\033\250g\036\354\r_\322\317\203\241\321\002 li\030t>\031\266\256\304\365\325F2\343\025K\265)\355,A\342\371\313]\nv\323\262d\002\021""; ","validation: """"\200\000\000\001&\000\000\000+)/\351\2535:\r\302\353\023?\373\240rQQ\240\317\3502\006,|\364\004\275\034\006\337\370""\330\364\202\314\315\311?\030\260\361u)\336\202\265YP\027\000\000\000\000\000\000\000\000\000\000\000\000\000\000\000\000\000\000\000\000\000\000\000\000\000\000\000\000\000\000\000\000P\031\025[ d(\343\263\327\177\030\246\254H\277\254E\231\006\033_lB\210\264\334Y\322\314\362\320L\000s!\003R7o\362bV\300hf\266\241;}\200^\374\240\203[:\342Q\225\221\027y\372\255\235\216\323~vG0E\002!\000\256\355P6\343\204\347\373\200`\216\325,\224\364/\224)\301V\033\250g\036\354\r_\322\317\203\241\321\002 li\030t>\031\266\256\304\365\325F2\343\025K\265)\355,A\342\371\313]\nv\323\262d\002\021""; "
1750527669671,1750527669671,0,1,3,0,TMValidation,"validation: """"\200\000\000\001&\000\000\000+)/\351\2535:\r\302\353\023?\373\240rQQ\240\317\3502\006,|\364\004\275\034\006\337\370""\330\364\202\314\315\311?\030\260\361u)\336\202\265YP\027\000\000\000\000\000\000\000\000\000\000\000\000\000\000\000\000\000\000\000\000\000\000\000\000\000\000\000\000\000\000\000\000P\031\025[ d(\343\263\327\177\030\246\254H\277\254E\231\006\033_lB\210\264\334Y\322\314\362\320L\000s!\003R7o\362bV\300hf\266\241;}\200^\374\240\203[:\342Q\225\221\027y\372\255\235\216\323~vG0E\002!\000\256\355P6\343\204\347\373\200`\216\325,\224\364/\224)\301V\033\250g\036\354\r_\322\317\203\241\321\002 li\030t>\031\266\256\304\365\325F2\343\025K\265)\355,A\342\371\313]\nv\323\262d\002\021""; ","validation: """"\200\000\000\001&\000\000\000+)/\351\2535:\r\302\353\023?\373\240rQQ\240\317\3502\006,|\364\004\275\034\006\337\370""\330\364\202\314\315\311?\030\260\361u)\336\202\265YP\027\000\000\000\000\000\000\000\000\000\000\000\000\000\000\000\000\000\000\000\000\000\000\000\000\000\000\000\000\000\000\000\000P\031\025[ d(\343\263\327\177\030\246\254H\277\254E\231\006\033_lB\210\264\334Y\322\314\362\320L\000s!\003R7o\362bV\300hf\266\241;}\200^\374\240\203[:\342Q\225\221\027y\372\255\235\216\323~vG0E\002!\000\256\355P6\343\204\347\373\200`\216\325,\224\364/\224)\301V\033\250g\036\354\r_\322\317\203\241\321\002 li\030t>\031\266\256\304\365\325F2\343\025K\265)\355,A\342\371\313]\nv\323\262d\002\021""; "
1750527670506,1750527670506,0,1,3,0,TMProposeSet,"proposeSeq: 0; currentTxHash: ""\000\000\000\000\000\000\000\000\000\000\000\000\000\000\000\000\000\000\000\000\000\000\000\000\000\000\000\000\000\000\000\000""; nodePubKey: ""\002\364d\217\366\217|\316F\232\231\241\n\261\333`\312O\367\235\025DD\336e\367\n\312\326\221\037\025\230""; closeTime: 803842870; signature: ""0E\002!\000\3574\256\241\256\267l\303<\222^6\305o\255\331\261-F\303\336W\376\022\216\035\237\233\027SW\320\002 n\003w\216\310\373\224\225\243\263\275s\206\227&\252o\264\020m\202\302\346\004\220\307\203c\037g\210]""; previousledger: ""Q\240\317\3502\006,|\364\004\275\034\006\337\370""\330\364\202\314\315\311?\030\260\361u)\336\202\265Y""; ","proposeSeq: 0; currentTxHash: ""\000\000\000\000\000\000\000\000\000\000\000\000\000\000\000\000\000\000\000\000\000\000\000\000\000\000\000\000\000\000\000\000""; nodePubKey: ""\002\364d\217\366\217|\316F\232\231\241\n\261\333`\312O\367\235\025DD\336e\367\n\312\326\221\037\025\230""; closeTime: 803842870; signature: ""0E\002!\000\3574\256\241\256\267l\303<\222^6\305o\255\331\261-F\303\336W\376\022\216\035\237\233\027SW\320\002 n\003w\216\310\373\224\225\243\263\275s\206\227&\252o\264\020m\202\302\346\004\220\307\203c\037g\210]""; previousledger: ""Q\240\317\3502\006,|\364\004\275\034\006\337\370""\330\364\202\314\315\311?\030\260\361u)\336\202\265Y""; "
1750527670507,1750527670507,0,1,3,2,TMProposeSet,"proposeSeq: 0; currentTxHash: ""\000\000\000\000\000\000\000\000\000\000\000\000\000\000\000\000\000\000\000\000\000\000\000\000\000\000\000\000\000\000\000\000""; nodePubKey: ""\002\364d\217\366\217|\316F\232\231\241\n\261\333`\312O\367\235\025DD\336e\367\n\312\326\221\037\025\230""; closeTime: 803842870; signature: ""0E\002!\000\3574\256\241\256\267l\303<\222^6\305o\255\331\261-F\303\336W\376\022\216\035\237\233\027SW\320\002 n\003w\216\310\373\224\225\243\263\275s\206\227&\252o\264\020m\202\302\346\004\220\307\203c\037g\210]""; previousledger: ""Q\240\317\3502\006,|\364\004\275\034\006\337\370""\330\364\202\314\315\311?\030\260\361u)\336\202\265Y""; ","proposeSeq: 0; currentTxHash: ""\000\000\000\000\000\000\000\000\000\000\000\000\000\000\000\000\000\000\000\000\000\000\000\000\000\000\000\000\000\000\000\000""; nodePubKey: ""\002\364d\217\366\217|\316F\232\231\241\n\261\333`\312O\367\235\025DD\336e\367\n\312\326\221\037\025\230""; closeTime: 803842870; signature: ""0E\002!\000\3574\256\241\256\267l\303<\222^6\305o\255\331\261-F\303\336W\376\022\216\035\237\233\027SW\320\002 n\003w\216\310\373\224\225\243\263\275s\206\227&\252o\264\020m\202\302\346\004\220\307\203c\037g\210]""; previousledger: ""Q\240\317\3502\006,|\364\004\275\034\006\337\370""\330\364\202\314\315\311?\030\260\361u)\336\202\265Y""; "
1750527670507,1750527670507,0,1,3,1,TMProposeSet,"proposeSeq: 0; currentTxHash: ""\000\000\000\000\000\000\000\000\000\000\000\000\000\000\000\000\000\000\000\000\000\000\000\000\000\000\000\000\000\000\000\000""; nodePubKey: ""\002\364d\217\366\217|\316F\232\231\241\n\261\333`\312O\367\235\025DD\336e\367\n\312\326\221\037\025\230""; closeTime: 803842870; signature: ""0E\002!\000\3574\256\241\256\267l\303<\222^6\305o\255\331\261-F\303\336W\376\022\216\035\237\233\027SW\320\002 n\003w\216\310\373\224\225\243\263\275s\206\227&\252o\264\020m\202\302\346\004\220\307\203c\037g\210]""; previousledger: ""Q\240\317\3502\006,|\364\004\275\034\006\337\370""\330\364\202\314\315\311?\030\260\361u)\336\202\265Y""; ","proposeSeq: 0; currentTxHash: ""\000\000\000\000\000\000\000\000\000\000\000\000\000\000\000\000\000\000\000\000\000\000\000\000\000\000\000\000\000\000\000\000""; nodePubKey: ""\002\364d\217\366\217|\316F\232\231\241\n\261\333`\312O\367\235\025DD\336e\367\n\312\326\221\037\025\230""; closeTime: 803842870; signature: ""0E\002!\000\3574\256\241\256\267l\303<\222^6\305o\255\331\261-F\303\336W\376\022\216\035\237\233\027SW\320\002 n\003w\216\310\373\224\225\243\263\275s\206\227&\252o\264\020m\202\302\346\004\220\307\203c\037g\210]""; previousledger: ""Q\240\317\3502\006,|\364\004\275\034\006\337\370""\330\364\202\314\315\311?\030\260\361u)\336\202\265Y""; "
1750527670506,1750527670506,0,1,3,4,TMProposeSet,"proposeSeq: 0; currentTxHash: ""\000\000\000\000\000\000\000\000\000\000\000\000\000\000\000\000\000\000\000\000\000\000\000\000\000\000\000\000\000\000\000\000""; nodePubKey: ""\002\364d\217\366\217|\316F\232\231\241\n\261\333`\312O\367\235\025DD\336e\367\n\312\326\221\037\025\230""; closeTime: 803842870; signature: ""0E\002!\000\3574\256\241\256\267l\303<\222^6\305o\255\331\261-F\303\336W\376\022\216\035\237\233\027SW\320\002 n\003w\216\310\373\224\225\243\263\275s\206\227&\252o\264\020m\202\302\346\004\220\307\203c\037g\210]""; previousledger: ""Q\240\317\3502\006,|\364\004\275\034\006\337\370""\330\364\202\314\315\311?\030\260\361u)\336\202\265Y""; ","proposeSeq: 0; currentTxHash: ""\000\000\000\000\000\000\000\000\000\000\000\000\000\000\000\000\000\000\000\000\000\000\000\000\000\000\000\000\000\000\000\000""; nodePubKey: ""\002\364d\217\366\217|\316F\232\231\241\n\261\333`\312O\367\235\025DD\336e\367\n\312\326\221\037\025\230""; closeTime: 803842870; signature: ""0E\002!\000\3574\256\241\256\267l\303<\222^6\305o\255\331\261-F\303\336W\376\022\216\035\237\233\027SW\320\002 n\003w\216\310\373\224\225\243\263\275s\206\227&\252o\264\020m\202\302\346\004\220\307\203c\037g\210]""; previousledger: ""Q\240\317\3502\006,|\364\004\275\034\006\337\370""\330\364\202\314\315\311?\030\260\361u)\336\202\265Y""; "
1750527670511,1750527670511,0,1,4,2,TMProposeSet,"proposeSeq: 0; currentTxHash: ""\000\000\000\000\000\000\000\000\000\000\000\000\000\000\000\000\000\000\000\000\000\000\000\000\000\000\000\000\000\000\000\000""; nodePubKey: ""\002\364d\217\366\217|\316F\232\231\241\n\261\333`\312O\367\235\025DD\336e\367\n\312\326\221\037\025\230""; closeTime: 803842870; signature: ""0E\002!\000\3574\256\241\256\267l\303<\222^6\305o\255\331\261-F\303\336W\376\022\216\035\237\233\027SW\320\002 n\003w\216\310\373\224\225\243\263\275s\206\227&\252o\264\020m\202\302\346\004\220\307\203c\037g\210]""; previousledger: ""Q\240\317\3502\006,|\364\004\275\034\006\337\370""\330\364\202\314\315\311?\030\260\361u)\336\202\265Y""; ","proposeSeq: 0; currentTxHash: ""\000\000\000\000\000\000\000\000\000\000\000\000\000\000\000\000\000\000\000\000\000\000\000\000\000\000\000\000\000\000\000\000""; nodePubKey: ""\002\364d\217\366\217|\316F\232\231\241\n\261\333`\312O\367\235\025DD\336e\367\n\312\326\221\037\025\230""; closeTime: 803842870; signature: ""0E\002!\000\3574\256\241\256\267l\303<\222^6\305o\255\331\261-F\303\336W\376\022\216\035\237\233\027SW\320\002 n\003w\216\310\373\224\225\243\263\275s\206\227&\252o\264\020m\202\302\346\004\220\307\203c\037g\210]""; previousledger: ""Q\240\317\3502\006,|\364\004\275\034\006\337\370""\330\364\202\314\315\311?\030\260\361u)\336\202\265Y""; "
1750527670511,1750527670511,0,1,4,0,TMProposeSet,"proposeSeq: 0; currentTxHash: ""\000\000\000\000\000\000\000\000\000\000\000\000\000\000\000\000\000\000\000\000\000\000\000\000\000\000\000\000\000\000\000\000""; nodePubKey: ""\002\364d\217\366\217|\316F\232\231\241\n\261\333`\312O\367\235\025DD\336e\367\n\312\326\221\037\025\230""; closeTime: 803842870; signature: ""0E\002!\000\3574\256\241\256\267l\303<\222^6\305o\255\331\261-F\303\336W\376\022\216\035\237\233\027SW\320\002 n\003w\216\310\373\224\225\243\263\275s\206\227&\252o\264\020m\202\302\346\004\220\307\203c\037g\210]""; previousledger: ""Q\240\317\3502\006,|\364\004\275\034\006\337\370""\330\364\202\314\315\311?\030\260\361u)\336\202\265Y""; ","proposeSeq: 0; currentTxHash: ""\000\000\000\000\000\000\000\000\000\000\000\000\000\000\000\000\000\000\000\000\000\000\000\000\000\000\000\000\000\000\000\000""; nodePubKey: ""\002\364d\217\366\217|\316F\232\231\241\n\261\333`\312O\367\235\025DD\336e\367\n\312\326\221\037\025\230""; closeTime: 803842870; signature: ""0E\002!\000\3574\256\241\256\267l\303<\222^6\305o\255\331\261-F\303\336W\376\022\216\035\237\233\027SW\320\002 n\003w\216\310\373\224\225\243\263\275s\206\227&\252o\264\020m\202\302\346\004\220\307\203c\037g\210]""; previousledger: ""Q\240\317\3502\006,|\364\004\275\034\006\337\370""\330\364\202\314\315\311?\030\260\361u)\336\202\265Y""; "
1750527670511,1750527670511,0,1,4,1,TMProposeSet,"proposeSeq: 0; currentTxHash: ""\000\000\000\000\000\000\000\000\000\000\000\000\000\000\000\000\000\000\000\000\000\000\000\000\000\000\000\000\000\000\000\000""; nodePubKey: ""\002\364d\217\366\217|\316F\232\231\241\n\261\333`\312O\367\235\025DD\336e\367\n\312\326\221\037\025\230""; closeTime: 803842870; signature: ""0E\002!\000\3574\256\241\256\267l\303<\222^6\305o\255\331\261-F\303\336W\376\022\216\035\237\233\027SW\320\002 n\003w\216\310\373\224\225\243\263\275s\206\227&\252o\264\020m\202\302\346\004\220\307\203c\037g\210]""; previousledger: ""Q\240\317\3502\006,|\364\004\275\034\006\337\370""\330\364\202\314\315\311?\030\260\361u)\336\202\265Y""; ","proposeSeq: 0; currentTxHash: ""\000\000\000\000\000\000\000\000\000\000\000\000\000\000\000\000\000\000\000\000\000\000\000\000\000\000\000\000\000\000\000\000""; nodePubKey: ""\002\364d\217\366\217|\316F\232\231\241\n\261\333`\312O\367\235\025DD\336e\367\n\312\326\221\037\025\230""; closeTime: 803842870; signature: ""0E\002!\000\3574\256\241\256\267l\303<\222^6\305o\255\331\261-F\303\336W\376\022\216\035\237\233\027SW\320\002 n\003w\216\310\373\224\225\243\263\275s\206\227&\252o\264\020m\202\302\346\004\220\307\203c\037g\210]""; previousledger: ""Q\240\317\3502\006,|\364\004\275\034\006\337\370""\330\364\202\314\315\311?\030\260\361u)\336\202\265Y""; "
1750527670464,1750527670520,0,1,3,2,TMStatusChange,"newEvent: neCLOSING_LEDGER; ledgerSeq: 43; ledgerHash: ""Q\240\317\3502\006,|\364\004\275\034\006\337\370""\330\364\202\314\315\311?\030\260\361u)\336\202\265Y""; ledgerHashPrevious: ""\025[ d(\343\263\327\177\030\246\254H\277\254E\231\006\033_lB\210\264\334Y\322\314\362\320L\000""; networkTime: 803842870; firstSeq: 1; lastSeq: 43; ","newEvent: neCLOSING_LEDGER; ledgerSeq: 43; ledgerHash: ""Q\240\317\3502\006,|\364\004\275\034\006\337\370""\330\364\202\314\315\311?\030\260\361u)\336\202\265Y""; ledgerHashPrevious: ""\025[ d(\343\263\327\177\030\246\254H\277\254E\231\006\033_lB\210\264\334Y\322\314\362\320L\000""; networkTime: 803842870; firstSeq: 1; lastSeq: 43; "
1750527670466,1750527670521,0,1,3,4,TMStatusChange,"newEvent: neCLOSING_LEDGER; ledgerSeq: 43; ledgerHash: ""Q\240\317\3502\006,|\364\004\275\034\006\337\370""\330\364\202\314\315\311?\030\260\361u)\336\202\265Y""; ledgerHashPrevious: ""\025[ d(\343\263\327\177\030\246\254H\277\254E\231\006\033_lB\210\264\334Y\322\314\362\320L\000""; networkTime: 803842870; firstSeq: 1; lastSeq: 43; ","newEvent: neCLOSING_LEDGER; ledgerSeq: 43; ledgerHash: ""Q\240\317\3502\006,|\364\004\275\034\006\337\370""\330\364\202\314\315\311?\030\260\361u)\336\202\265Y""; ledgerHashPrevious: ""\025[ d(\343\263\327\177\030\246\254H\277\254E\231\006\033_lB\210\264\334Y\322\314\362\320L\000""; networkTime: 803842870; firstSeq: 1; lastSeq: 43; "
1750527670465,1750527670520,0,1,3,0,TMStatusChange,"newEvent: neCLOSING_LEDGER; ledgerSeq: 43; ledgerHash: ""Q\240\317\3502\006,|\364\004\275\034\006\337\370""\330\364\202\314\315\311?\030\260\361u)\336\202\265Y""; ledgerHashPrevious: ""\025[ d(\343\263\327\177\030\246\254H\277\254E\231\006\033_lB\210\264\334Y\322\314\362\320L\000""; networkTime: 803842870; firstSeq: 1; lastSeq: 43; ","newEvent: neCLOSING_LEDGER; ledgerSeq: 43; ledgerHash: ""Q\240\317\3502\006,|\364\004\275\034\006\337\370""\330\364\202\314\315\311?\030\260\361u)\336\202\265Y""; ledgerHashPrevious: ""\025[ d(\343\263\327\177\030\246\254H\277\254E\231\006\033_lB\210\264\334Y\322\314\362\320L\000""; networkTime: 803842870; firstSeq: 1; lastSeq: 43; "
1750527670465,1750527670520,0,1,3,1,TMStatusChange,"newEvent: neCLOSING_LEDGER; ledgerSeq: 43; ledgerHash: ""Q\240\317\3502\006,|\364\004\275\034\006\337\370""\330\364\202\314\315\311?\030\260\361u)\336\202\265Y""; ledgerHashPrevious: ""\025[ d(\343\263\327\177\030\246\254H\277\254E\231\006\033_lB\210\264\334Y\322\314\362\320L\000""; networkTime: 803842870; firstSeq: 1; lastSeq: 43; ","newEvent: neCLOSING_LEDGER; ledgerSeq: 43; ledgerHash: ""Q\240\317\3502\006,|\364\004\275\034\006\337\370""\330\364\202\314\315\311?\030\260\361u)\336\202\265Y""; ledgerHashPrevious: ""\025[ d(\343\263\327\177\030\246\254H\277\254E\231\006\033_lB\210\264\334Y\322\314\362\320L\000""; networkTime: 803842870; firstSeq: 1; lastSeq: 43; "
1750527670595,1750527670595,0,1,0,4,TMProposeSet,"proposeSeq: 0; currentTxHash: ""\000\000\000\000\000\000\000\000\000\000\000\000\000\000\000\000\000\000\000\000\000\000\000\000\000\000\000\000\000\000\000\000""; nodePubKey: ""\002\225aM\037\203M\271C\224]$\245\215\334\264;{{\365%Z\2443U\201\242\320iUc\207\367""; closeTime: 803842870; signature: ""0E\002!\000\314\306M6\006\017\033\240\335EK\313\026\260\035RQ.:|\260$m\277\021\013&\266\342\037M\224\002 \X\177T\344""\271\016g\214tJ\217\003\006\350\030\247\031\206~\314\203M;\203\325O\021R#\006""; previousledger: ""=\3153\201i2\351\305qG\027\273i\345\234\273\252\306\261)(\316\370\223\246\361\3364\201\024jn""; ","proposeSeq: 0; currentTxHash: ""\000\000\000\000\000\000\000\000\000\000\000\000\000\000\000\000\000\000\000\000\000\000\000\000\000\000\000\000\000\000\000\000""; nodePubKey: ""\002\225aM\037\203M\271C\224]$\245\215\334\264;{{\365%Z\2443U\201\242\320iUc\207\367""; closeTime: 803842870; signature: ""0E\002!\000\314\306M6\006\017\033\240\335EK\313\026\260\035RQ.:|\260$m\277\021\013&\266\342\037M\224\002 \X\177T\344""\271\016g\214tJ\217\003\006\350\030\247\031\206~\314\203M;\203\325O\021R#\006""; previousledger: ""=\3153\201i2\351\305qG\027\273i\345\234\273\252\306\261)(\316\370\223\246\361\3364\201\024jn""; "
1750527670596,1750527670596,0,1,0,1,TMProposeSet,"proposeSeq: 0; currentTxHash: ""\000\000\000\000\000\000\000\000\000\000\000\000\000\000\000\000\000\000\000\000\000\000\000\000\000\000\000\000\000\000\000\000""; nodePubKey: ""\002\225aM\037\203M\271C\224]$\245\215\334\264;{{\365%Z\2443U\201\242\320iUc\207\367""; closeTime: 803842870; signature: ""0E\002!\000\314\306M6\006\017\033\240\335EK\313\026\260\035RQ.:|\260$m\277\021\013&\266\342\037M\224\002 \X\177T\344""\271\016g\214tJ\217\003\006\350\030\247\031\206~\314\203M;\203\325O\021R#\006""; previousledger: ""=\3153\201i2\351\305qG\027\273i\345\234\273\252\306\261)(\316\370\223\246\361\3364\201\024jn""; ","proposeSeq: 0; currentTxHash: ""\000\000\000\000\000\000\000\000\000\000\000\000\000\000\000\000\000\000\000\000\000\000\000\000\000\000\000\000\000\000\000\000""; nodePubKey: ""\002\225aM\037\203M\271C\224]$\245\215\334\264;{{\365%Z\2443U\201\242\320iUc\207\367""; closeTime: 803842870; signature: ""0E\002!\000\314\306M6\006\017\033\240\335EK\313\026\260\035RQ.:|\260$m\277\021\013&\266\342\037M\224\002 \X\177T\344""\271\016g\214tJ\217\003\006\350\030\247\031\206~\314\203M;\203\325O\021R#\006""; previousledger: ""=\3153\201i2\351\305qG\027\273i\345\234\273\252\306\261)(\316\370\223\246\361\3364\201\024jn""; "
1750527670595,1750527670595,0,1,0,3,TMProposeSet,"proposeSeq: 0; currentTxHash: ""\000\000\000\000\000\000\000\000\000\000\000\000\000\000\000\000\000\000\000\000\000\000\000\000\000\000\000\000\000\000\000\000""; nodePubKey: ""\002\225aM\037\203M\271C\224]$\245\215\334\264;{{\365%Z\2443U\201\242\320iUc\207\367""; closeTime: 803842870; signature: ""0E\002!\000\314\306M6\006\017\033\240\335EK\313\026\260\035RQ.:|\260$m\277\021\013&\266\342\037M\224\002 \X\177T\344""\271\016g\214tJ\217\003\006\350\030\247\031\206~\314\203M;\203\325O\021R#\006""; previousledger: ""=\3153\201i2\351\305qG\027\273i\345\234\273\252\306\261)(\316\370\223\246\361\3364\201\024jn""; ","proposeSeq: 0; currentTxHash: ""\000\000\000\000\000\000\000\000\000\000\000\000\000\000\000\000\000\000\000\000\000\000\000\000\000\000\000\000\000\000\000\000""; nodePubKey: ""\002\225aM\037\203M\271C\224]$\245\215\334\264;{{\365%Z\2443U\201\242\320iUc\207\367""; closeTime: 803842870; signature: ""0E\002!\000\314\306M6\006\017\033\240\335EK\313\026\260\035RQ.:|\260$m\277\021\013&\266\342\037M\224\002 \X\177T\344""\271\016g\214tJ\217\003\006\350\030\247\031\206~\314\203M;\203\325O\021R#\006""; previousledger: ""=\3153\201i2\351\305qG\027\273i\345\234\273\252\306\261)(\316\370\223\246\361\3364\201\024jn""; "
1750527670597,1750527670597,0,1,0,2,TMProposeSet,"proposeSeq: 0; currentTxHash: ""\000\000\000\000\000\000\000\000\000\000\000\000\000\000\000\000\000\000\000\000\000\000\000\000\000\000\000\000\000\000\000\000""; nodePubKey: ""\002\225aM\037\203M\271C\224]$\245\215\334\264;{{\365%Z\2443U\201\242\320iUc\207\367""; closeTime: 803842870; signature: ""0E\002!\000\314\306M6\006\017\033\240\335EK\313\026\260\035RQ.:|\260$m\277\021\013&\266\342\037M\224\002 \X\177T\344""\271\016g\214tJ\217\003\006\350\030\247\031\206~\314\203M;\203\325O\021R#\006""; previousledger: ""=\3153\201i2\351\305qG\027\273i\345\234\273\252\306\261)(\316\370\223\246\361\3364\201\024jn""; ","proposeSeq: 0; currentTxHash: ""\000\000\000\000\000\000\000\000\000\000\000\000\000\000\000\000\000\000\000\000\000\000\000\000\000\000\000\000\000\000\000\000""; nodePubKey: ""\002\225aM\037\203M\271C\224]$\245\215\334\264;{{\365%Z\2443U\201\242\320iUc\207\367""; closeTime: 803842870; signature: ""0E\002!\000\314\306M6\006\017\033\240\335EK\313\026\260\035RQ.:|\260$m\277\021\013&\266\342\037M\224\002 \X\177T\344""\271\016g\214tJ\217\003\006\350\030\247\031\206~\314\203M;\203\325O\021R#\006""; previousledger: ""=\3153\201i2\351\305qG\027\273i\345\234\273\252\306\261)(\316\370\223\246\361\3364\201\024jn""; "
1750527670554,1750527670597,0,1,0,3,TMStatusChange,"newEvent: neCLOSING_LEDGER; ledgerSeq: 13; ledgerHash: ""=\3153\201i2\351\305qG\027\273i\345\234\273\252\306\261)(\316\370\223\246\361\3364\201\024jn""; ledgerHashPrevious: ""\212\221\310\013\200\331\347e\201\327V-\007\357\327\346\2263\031K\255s\310&\251\322\367\316F\360\310\245""; networkTime: 803842870; firstSeq: 1; lastSeq: 43; ","newEvent: neCLOSING_LEDGER; ledgerSeq: 13; ledgerHash: ""=\3153\201i2\351\305qG\027\273i\345\234\273\252\306\261)(\316\370\223\246\361\3364\201\024jn""; ledgerHashPrevious: ""\212\221\310\013\200\331\347e\201\327V-\007\357\327\346\2263\031K\255s\310&\251\322\367\316F\360\310\245""; networkTime: 803842870; firstSeq: 1; lastSeq: 43; "
1750527670554,1750527670598,0,1,0,4,TMStatusChange,"newEvent: neCLOSING_LEDGER; ledgerSeq: 13; ledgerHash: ""=\3153\201i2\351\305qG\027\273i\345\234\273\252\306\261)(\316\370\223\246\361\3364\201\024jn""; ledgerHashPrevious: ""\212\221\310\013\200\331\347e\201\327V-\007\357\327\346\2263\031K\255s\310&\251\322\367\316F\360\310\245""; networkTime: 803842870; firstSeq: 1; lastSeq: 43; ","newEvent: neCLOSING_LEDGER; ledgerSeq: 13; ledgerHash: ""=\3153\201i2\351\305qG\027\273i\345\234\273\252\306\261)(\316\370\223\246\361\3364\201\024jn""; ledgerHashPrevious: ""\212\221\310\013\200\331\347e\201\327V-\007\357\327\346\2263\031K\255s\310&\251\322\367\316F\360\310\245""; networkTime: 803842870; firstSeq: 1; lastSeq: 43; "
1750527670555,1750527670598,0,1,0,2,TMStatusChange,"newEvent: neCLOSING_LEDGER; ledgerSeq: 13; ledgerHash: ""=\3153\201i2\351\305qG\027\273i\345\234\273\252\306\261)(\316\370\223\246\361\3364\201\024jn""; ledgerHashPrevious: ""\212\221\310\013\200\331\347e\201\327V-\007\357\327\346\2263\031K\255s\310&\251\322\367\316F\360\310\245""; networkTime: 803842870; firstSeq: 1; lastSeq: 43; ","newEvent: neCLOSING_LEDGER; ledgerSeq: 13; ledgerHash: ""=\3153\201i2\351\305qG\027\273i\345\234\273\252\306\261)(\316\370\223\246\361\3364\201\024jn""; ledgerHashPrevious: ""\212\221\310\013\200\331\347e\201\327V-\007\357\327\346\2263\031K\255s\310&\251\322\367\316F\360\310\245""; networkTime: 803842870; firstSeq: 1; lastSeq: 43; "
1750527670555,1750527670599,0,1,0,1,TMStatusChange,"newEvent: neCLOSING_LEDGER; ledgerSeq: 13; ledgerHash: ""=\3153\201i2\351\305qG\027\273i\345\234\273\252\306\261)(\316\370\223\246\361\3364\201\024jn""; ledgerHashPrevious: ""\212\221\310\013\200\331\347e\201\327V-\007\357\327\346\2263\031K\255s\310&\251\322\367\316F\360\310\245""; networkTime: 803842870; firstSeq: 1; lastSeq: 43; ","newEvent: neCLOSING_LEDGER; ledgerSeq: 13; ledgerHash: ""=\3153\201i2\351\305qG\027\273i\345\234\273\252\306\261)(\316\370\223\246\361\3364\201\024jn""; ledgerHashPrevious: ""\212\221\310\013\200\331\347e\201\327V-\007\357\327\346\2263\031K\255s\310&\251\322\367\316F\360\310\245""; networkTime: 803842870; firstSeq: 1; lastSeq: 43; "
1750527670627,1750527670627,0,1,4,2,TMProposeSet,"proposeSeq: 0; currentTxHash: ""\000\000\000\000\000\000\000\000\000\000\000\000\000\000\000\000\000\000\000\000\000\000\000\000\000\000\000\000\000\000\000\000""; nodePubKey: ""\003R7o\362bV\300hf\266\241;}\200^\374\240\203[:\342Q\225\221\027y\372\255\235\216\323~""; closeTime: 803842870; signature: ""0E\002!\000\326\214\036\031\236\263\306L1P\227\001\010\000\210\347\227\251\214\277]\333)\310\247\017_|74\337g\002 \023\177>#\306F\332?m\3317\nL\003\354)\354\000\362_j\303\277.f^\005\337\242f\350\254""; previousledger: ""Q\240\317\3502\006,|\364\004\275\034\006\337\370""\330\364\202\314\315\311?\030\260\361u)\336\202\265Y""; ","proposeSeq: 0; currentTxHash: ""\000\000\000\000\000\000\000\000\000\000\000\000\000\000\000\000\000\000\000\000\000\000\000\000\000\000\000\000\000\000\000\000""; nodePubKey: ""\003R7o\362bV\300hf\266\241;}\200^\374\240\203[:\342Q\225\221\027y\372\255\235\216\323~""; closeTime: 803842870; signature: ""0E\002!\000\326\214\036\031\236\263\306L1P\227\001\010\000\210\347\227\251\214\277]\333)\310\247\017_|74\337g\002 \023\177>#\306F\332?m\3317\nL\003\354)\354\000\362_j\303\277.f^\005\337\242f\350\254""; previousledger: ""Q\240\317\3502\006,|\364\004\275\034\006\337\370""\330\364\202\314\315\311?\030\260\361u)\336\202\265Y""; "
1750527670627,1750527670627,0,1,4,3,TMProposeSet,"proposeSeq: 0; currentTxHash: ""\000\000\000\000\000\000\000\000\000\000\000\000\000\000\000\000\000\000\000\000\000\000\000\000\000\000\000\000\000\000\000\000""; nodePubKey: ""\003R7o\362bV\300hf\266\241;}\200^\374\240\203[:\342Q\225\221\027y\372\255\235\216\323~""; closeTime: 803842870; signature: ""0E\002!\000\326\214\036\031\236\263\306L1P\227\001\010\000\210\347\227\251\214\277]\333)\310\247\017_|74\337g\002 \023\177>#\306F\332?m\3317\nL\003\354)\354\000\362_j\303\277.f^\005\337\242f\350\254""; previousledger: ""Q\240\317\3502\006,|\364\004\275\034\006\337\370""\330\364\202\314\315\311?\030\260\361u)\336\202\265Y""; ","proposeSeq: 0; currentTxHash: ""\000\000\000\000\000\000\000\000\000\000\000\000\000\000\000\000\000\000\000\000\000\000\000\000\000\000\000\000\000\000\000\000""; nodePubKey: ""\003R7o\362bV\300hf\266\241;}\200^\374\240\203[:\342Q\225\221\027y\372\255\235\216\323~""; closeTime: 803842870; signature: ""0E\002!\000\326\214\036\031\236\263\306L1P\227\001\010\000\210\347\227\251\214\277]\333)\310\247\017_|74\337g\002 \023\177>#\306F\332?m\3317\nL\003\354)\354\000\362_j\303\277.f^\005\337\242f\350\254""; previousledger: ""Q\240\317\3502\006,|\364\004\275\034\006\337\370""\330\364\202\314\315\311?\030\260\361u)\336\202\265Y""; "
1750527670628,1750527670629,0,1,4,1,TMProposeSet,"proposeSeq: 0; currentTxHash: ""\000\000\000\000\000\000\000\000\000\000\000\000\000\000\000\000\000\000\000\000\000\000\000\000\000\000\000\000\000\000\000\000""; nodePubKey: ""\003R7o\362bV\300hf\266\241;}\200^\374\240\203[:\342Q\225\221\027y\372\255\235\216\323~""; closeTime: 803842870; signature: ""0E\002!\000\326\214\036\031\236\263\306L1P\227\001\010\000\210\347\227\251\214\277]\333)\310\247\017_|74\337g\002 \023\177>#\306F\332?m\3317\nL\003\354)\354\000\362_j\303\277.f^\005\337\242f\350\254""; previousledger: ""Q\240\317\3502\006,|\364\004\275\034\006\337\370""\330\364\202\314\315\311?\030\260\361u)\336\202\265Y""; ","proposeSeq: 0; currentTxHash: ""\000\000\000\000\000\000\000\000\000\000\000\000\000\000\000\000\000\000\000\000\000\000\000\000\000\000\000\000\000\000\000\000""; nodePubKey: ""\003R7o\362bV\300hf\266\241;}\200^\374\240\203[:\342Q\225\221\027y\372\255\235\216\323~""; closeTime: 803842870; signature: ""0E\002!\000\326\214\036\031\236\263\306L1P\227\001\010\000\210\347\227\251\214\277]\333)\310\247\017_|74\337g\002 \023\177>#\306F\332?m\3317\nL\003\354)\354\000\362_j\303\277.f^\005\337\242f\350\254""; previousledger: ""Q\240\317\3502\006,|\364\004\275\034\006\337\370""\330\364\202\314\315\311?\030\260\361u)\336\202\265Y""; "
1750527670629,1750527670629,0,1,4,0,TMProposeSet,"proposeSeq: 0; currentTxHash: ""\000\000\000\000\000\000\000\000\000\000\000\000\000\000\000\000\000\000\000\000\000\000\000\000\000\000\000\000\000\000\000\000""; nodePubKey: ""\003R7o\362bV\300hf\266\241;}\200^\374\240\203[:\342Q\225\221\027y\372\255\235\216\323~""; closeTime: 803842870; signature: ""0E\002!\000\326\214\036\031\236\263\306L1P\227\001\010\000\210\347\227\251\214\277]\333)\310\247\017_|74\337g\002 \023\177>#\306F\332?m\3317\nL\003\354)\354\000\362_j\303\277.f^\005\337\242f\350\254""; previousledger: ""Q\240\317\3502\006,|\364\004\275\034\006\337\370""\330\364\202\314\315\311?\030\260\361u)\336\202\265Y""; ","proposeSeq: 0; currentTxHash: ""\000\000\000\000\000\000\000\000\000\000\000\000\000\000\000\000\000\000\000\000\000\000\000\000\000\000\000\000\000\000\000\000""; nodePubKey: ""\003R7o\362bV\300hf\266\241;}\200^\374\240\203[:\342Q\225\221\027y\372\255\235\216\323~""; closeTime: 803842870; signature: ""0E\002!\000\326\214\036\031\236\263\306L1P\227\001\010\000\210\347\227\251\214\277]\333)\310\247\017_|74\337g\002 \023\177>#\306F\332?m\3317\nL\003\354)\354\000\362_j\303\277.f^\005\337\242f\350\254""; previousledger: ""Q\240\317\3502\006,|\364\004\275\034\006\337\370""\330\364\202\314\315\311?\030\260\361u)\336\202\265Y""; "
1750527670631,1750527670631,0,1,3,1,TMProposeSet,"proposeSeq: 0; currentTxHash: ""\000\000\000\000\000\000\000\000\000\000\000\000\000\000\000\000\000\000\000\000\000\000\000\000\000\000\000\000\000\000\000\000""; nodePubKey: ""\003R7o\362bV\300hf\266\241;}\200^\374\240\203[:\342Q\225\221\027y\372\255\235\216\323~""; closeTime: 803842870; signature: ""0E\002!\000\326\214\036\031\236\263\306L1P\227\001\010\000\210\347\227\251\214\277]\333)\310\247\017_|74\337g\002 \023\177>#\306F\332?m\3317\nL\003\354)\354\000\362_j\303\277.f^\005\337\242f\350\254""; previousledger: ""Q\240\317\3502\006,|\364\004\275\034\006\337\370""\330\364\202\314\315\311?\030\260\361u)\336\202\265Y""; ","proposeSeq: 0; currentTxHash: ""\000\000\000\000\000\000\000\000\000\000\000\000\000\000\000\000\000\000\000\000\000\000\000\000\000\000\000\000\000\000\000\000""; nodePubKey: ""\003R7o\362bV\300hf\266\241;}\200^\374\240\203[:\342Q\225\221\027y\372\255\235\216\323~""; closeTime: 803842870; signature: ""0E\002!\000\326\214\036\031\236\263\306L1P\227\001\010\000\210\347\227\251\214\277]\333)\310\247\017_|74\337g\002 \023\177>#\306F\332?m\3317\nL\003\354)\354\000\362_j\303\277.f^\005\337\242f\350\254""; previousledger: ""Q\240\317\3502\006,|\364\004\275\034\006\337\370""\330\364\202\314\315\311?\030\260\361u)\336\202\265Y""; "
1750527670632,1750527670632,0,1,3,0,TMProposeSet,"proposeSeq: 0; currentTxHash: ""\000\000\000\000\000\000\000\000\000\000\000\000\000\000\000\000\000\000\000\000\000\000\000\000\000\000\000\000\000\000\000\000""; nodePubKey: ""\003R7o\362bV\300hf\266\241;}\200^\374\240\203[:\342Q\225\221\027y\372\255\235\216\323~""; closeTime: 803842870; signature: ""0E\002!\000\326\214\036\031\236\263\306L1P\227\001\010\000\210\347\227\251\214\277]\333)\310\247\017_|74\337g\002 \023\177>#\306F\332?m\3317\nL\003\354)\354\000\362_j\303\277.f^\005\337\242f\350\254""; previousledger: ""Q\240\317\3502\006,|\364\004\275\034\006\337\370""\330\364\202\314\315\311?\030\260\361u)\336\202\265Y""; ","proposeSeq: 0; currentTxHash: ""\000\000\000\000\000\000\000\000\000\000\000\000\000\000\000\000\000\000\000\000\000\000\000\000\000\000\000\000\000\000\000\000""; nodePubKey: ""\003R7o\362bV\300hf\266\241;}\200^\374\240\203[:\342Q\225\221\027y\372\255\235\216\323~""; closeTime: 803842870; signature: ""0E\002!\000\326\214\036\031\236\263\306L1P\227\001\010\000\210\347\227\251\214\277]\333)\310\247\017_|74\337g\002 \023\177>#\306F\332?m\3317\nL\003\354)\354\000\362_j\303\277.f^\005\337\242f\350\254""; previousledger: ""Q\240\317\3502\006,|\364\004\275\034\006\337\370""\330\364\202\314\315\311?\030\260\361u)\336\202\265Y""; "
1750527670631,1750527670631,0,1,3,2,TMProposeSet,"proposeSeq: 0; currentTxHash: ""\000\000\000\000\000\000\000\000\000\000\000\000\000\000\000\000\000\000\000\000\000\000\000\000\000\000\000\000\000\000\000\000""; nodePubKey: ""\003R7o\362bV\300hf\266\241;}\200^\374\240\203[:\342Q\225\221\027y\372\255\235\216\323~""; closeTime: 803842870; signature: ""0E\002!\000\326\214\036\031\236\263\306L1P\227\001\010\000\210\347\227\251\214\277]\333)\310\247\017_|74\337g\002 \023\177>#\306F\332?m\3317\nL\003\354)\354\000\362_j\303\277.f^\005\337\242f\350\254""; previousledger: ""Q\240\317\3502\006,|\364\004\275\034\006\337\370""\330\364\202\314\315\311?\030\260\361u)\336\202\265Y""; ","proposeSeq: 0; currentTxHash: ""\000\000\000\000\000\000\000\000\000\000\000\000\000\000\000\000\000\000\000\000\000\000\000\000\000\000\000\000\000\000\000\000""; nodePubKey: ""\003R7o\362bV\300hf\266\241;}\200^\374\240\203[:\342Q\225\221\027y\372\255\235\216\323~""; closeTime: 803842870; signature: ""0E\002!\000\326\214\036\031\236\263\306L1P\227\001\010\000\210\347\227\251\214\277]\333)\310\247\017_|74\337g\002 \023\177>#\306F\332?m\3317\nL\003\354)\354\000\362_j\303\277.f^\005\337\242f\350\254""; previousledger: ""Q\240\317\3502\006,|\364\004\275\034\006\337\370""\330\364\202\314\315\311?\030\260\361u)\336\202\265Y""; "
1750527670625,1750527670668,0,1,4,3,TMStatusChange,"newEvent: neCLOSING_LEDGER; ledgerSeq: 43; ledgerHash: ""Q\240\317\3502\006,|\364\004\275\034\006\337\370""\330\364\202\314\315\311?\030\260\361u)\336\202\265Y""; ledgerHashPrevious: ""\025[ d(\343\263\327\177\030\246\254H\277\254E\231\006\033_lB\210\264\334Y\322\314\362\320L\000""; networkTime: 803842870; firstSeq: 1; lastSeq: 43; ","newEvent: neCLOSING_LEDGER; ledgerSeq: 43; ledgerHash: ""Q\240\317\3502\006,|\364\004\275\034\006\337\370""\330\364\202\314\315\311?\030\260\361u)\336\202\265Y""; ledgerHashPrevious: ""\025[ d(\343\263\327\177\030\246\254H\277\254E\231\006\033_lB\210\264\334Y\322\314\362\320L\000""; networkTime: 803842870; firstSeq: 1; lastSeq: 43; "
1750527670628,1750527670668,0,1,4,0,TMStatusChange,"newEvent: neCLOSING_LEDGER; ledgerSeq: 43; ledgerHash: ""Q\240\317\3502\006,|\364\004\275\034\006\337\370""\330\364\202\314\315\311?\030\260\361u)\336\202\265Y""; ledgerHashPrevious: ""\025[ d(\343\263\327\177\030\246\254H\277\254E\231\006\033_lB\210\264\334Y\322\314\362\320L\000""; networkTime: 803842870; firstSeq: 1; lastSeq: 43; ","newEvent: neCLOSING_LEDGER; ledgerSeq: 43; ledgerHash: ""Q\240\317\3502\006,|\364\004\275\034\006\337\370""\330\364\202\314\315\311?\030\260\361u)\336\202\265Y""; ledgerHashPrevious: ""\025[ d(\343\263\327\177\030\246\254H\277\254E\231\006\033_lB\210\264\334Y\322\314\362\320L\000""; networkTime: 803842870; firstSeq: 1; lastSeq: 43; "
1750527670628,1750527670668,0,1,4,1,TMStatusChange,"newEvent: neCLOSING_LEDGER; ledgerSeq: 43; ledgerHash: ""Q\240\317\3502\006,|\364\004\275\034\006\337\370""\330\364\202\314\315\311?\030\260\361u)\336\202\265Y""; ledgerHashPrevious: ""\025[ d(\343\263\327\177\030\246\254H\277\254E\231\006\033_lB\210\264\334Y\322\314\362\320L\000""; networkTime: 803842870; firstSeq: 1; lastSeq: 43; ","newEvent: neCLOSING_LEDGER; ledgerSeq: 43; ledgerHash: ""Q\240\317\3502\006,|\364\004\275\034\006\337\370""\330\364\202\314\315\311?\030\260\361u)\336\202\265Y""; ledgerHashPrevious: ""\025[ d(\343\263\327\177\030\246\254H\277\254E\231\006\033_lB\210\264\334Y\322\314\362\320L\000""; networkTime: 803842870; firstSeq: 1; lastSeq: 43; "
1750527670629,1750527670668,0,1,4,2,TMStatusChange,"newEvent: neCLOSING_LEDGER; ledgerSeq: 43; ledgerHash: ""Q\240\317\3502\006,|\364\004\275\034\006\337\370""\330\364\202\314\315\311?\030\260\361u)\336\202\265Y""; ledgerHashPrevious: ""\025[ d(\343\263\327\177\030\246\254H\277\254E\231\006\033_lB\210\264\334Y\322\314\362\320L\000""; networkTime: 803842870; firstSeq: 1; lastSeq: 43; ","newEvent: neCLOSING_LEDGER; ledgerSeq: 43; ledgerHash: ""Q\240\317\3502\006,|\364\004\275\034\006\337\370""\330\364\202\314\315\311?\030\260\361u)\336\202\265Y""; ledgerHashPrevious: ""\025[ d(\343\263\327\177\030\246\254H\277\254E\231\006\033_lB\210\264\334Y\322\314\362\320L\000""; networkTime: 803842870; firstSeq: 1; lastSeq: 43; "
1750527670675,1750527670675,0,1,2,4,TMProposeSet,"proposeSeq: 0; currentTxHash: ""\000\000\000\000\000\000\000\000\000\000\000\000\000\000\000\000\000\000\000\000\000\000\000\000\000\000\000\000\000\000\000\000""; nodePubKey: ""\003\255\225A\213\332\224ehh\024BDq\224\250\335`\355\353{\357\266\335<\021\032\265\177\206\356&\215""; closeTime: 803842870; signature: ""0E\002!\000\241s\277\303I\336\223\033{\321\230\001 \271\202\376\331\354L\037\214@ \370\272\306\267\247 \t\377\241\002 W\223n\312C2\031O\205\214p\244\216\211\234O\270p\037\035\343\026\274\215\350\272\033\340\353\021c\r""; previousledger: ""\331I\204\016\276\321\276\006\357\356_\363\302\211\374\3168-\334\260;S\007r\271:!i\362bs\344""; ","proposeSeq: 0; currentTxHash: ""\000\000\000\000\000\000\000\000\000\000\000\000\000\000\000\000\000\000\000\000\000\000\000\000\000\000\000\000\000\000\000\000""; nodePubKey: ""\003\255\225A\213\332\224ehh\024BDq\224\250\335`\355\353{\357\266\335<\021\032\265\177\206\356&\215""; closeTime: 803842870; signature: ""0E\002!\000\241s\277\303I\336\223\033{\321\230\001 \271\202\376\331\354L\037\214@ \370\272\306\267\247 \t\377\241\002 W\223n\312C2\031O\205\214p\244\216\211\234O\270p\037\035\343\026\274\215\350\272\033\340\353\021c\r""; previousledger: ""\331I\204\016\276\321\276\006\357\356_\363\302\211\374\3168-\334\260;S\007r\271:!i\362bs\344""; "
1750527670681,1750527670682,0,1,2,0,TMProposeSet,"proposeSeq: 0; currentTxHash: ""\000\000\000\000\000\000\000\000\000\000\000\000\000\000\000\000\000\000\000\000\000\000\000\000\000\000\000\000\000\000\000\000""; nodePubKey: ""\003\255\225A\213\332\224ehh\024BDq\224\250\335`\355\353{\357\266\335<\021\032\265\177\206\356&\215""; closeTime: 803842870; signature: ""0E\002!\000\241s\277\303I\336\223\033{\321\230\001 \271\202\376\331\354L\037\214@ \370\272\306\267\247 \t\377\241\002 W\223n\312C2\031O\205\214p\244\216\211\234O\270p\037\035\343\026\274\215\350\272\033\340\353\021c\r""; previousledger: ""\331I\204\016\276\321\276\006\357\356_\363\302\211\374\3168-\334\260;S\007r\271:!i\362bs\344""; ","proposeSeq: 0; currentTxHash: ""\000\000\000\000\000\000\000\000\000\000\000\000\000\000\000\000\000\000\000\000\000\000\000\000\000\000\000\000\000\000\000\000""; nodePubKey: ""\003\255\225A\213\332\224ehh\024BDq\224\250\335`\355\353{\357\266\335<\021\032\265\177\206\356&\215""; closeTime: 803842870; signature: ""0E\002!\000\241s\277\303I\336\223\033{\321\230\001 \271\202\376\331\354L\037\214@ \370\272\306\267\247 \t\377\241\002 W\223n\312C2\031O\205\214p\244\216\211\234O\270p\037\035\343\026\274\215\350\272\033\340\353\021c\r""; previousledger: ""\331I\204\016\276\321\276\006\357\356_\363\302\211\374\3168-\334\260;S\007r\271:!i\362bs\344""; "
1750527670682,1750527670682,0,1,2,1,TMProposeSet,"proposeSeq: 0; currentTxHash: ""\000\000\000\000\000\000\000\000\000\000\000\000\000\000\000\000\000\000\000\000\000\000\000\000\000\000\000\000\000\000\000\000""; nodePubKey: ""\003\255\225A\213\332\224ehh\024BDq\224\250\335`\355\353{\357\266\335<\021\032\265\177\206\356&\215""; closeTime: 803842870; signature: ""0E\002!\000\241s\277\303I\336\223\033{\321\230\001 \271\202\376\331\354L\037\214@ \370\272\306\267\247 \t\377\241\002 W\223n\312C2\031O\205\214p\244\216\211\234O\270p\037\035\343\026\274\215\350\272\033\340\353\021c\r""; previousledger: ""\331I\204\016\276\321\276\006\357\356_\363\302\211\374\3168-\334\260;S\007r\271:!i\362bs\344""; ","proposeSeq: 0; currentTxHash: ""\000\000\000\000\000\000\000\000\000\000\000\000\000\000\000\000\000\000\000\000\000\000\000\000\000\000\000\000\000\000\000\000""; nodePubKey: ""\003\255\225A\213\332\224ehh\024BDq\224\250\335`\355\353{\357\266\335<\021\032\265\177\206\356&\215""; closeTime: 803842870; signature: ""0E\002!\000\241s\277\303I\336\223\033{\321\230\001 \271\202\376\331\354L\037\214@ \370\272\306\267\247 \t\377\241\002 W\223n\312C2\031O\205\214p\244\216\211\234O\270p\037\035\343\026\274\215\350\272\033\340\353\021c\r""; previousledger: ""\331I\204\016\276\321\276\006\357\356_\363\302\211\374\3168-\334\260;S\007r\271:!i\362bs\344""; "
1750527670683,1750527670683,0,1,2,3,TMProposeSet,"proposeSeq: 0; currentTxHash: ""\000\000\000\000\000\000\000\000\000\000\000\000\000\000\000\000\000\000\000\000\000\000\000\000\000\000\000\000\000\000\000\000""; nodePubKey: ""\003\255\225A\213\332\224ehh\024BDq\224\250\335`\355\353{\357\266\335<\021\032\265\177\206\356&\215""; closeTime: 803842870; signature: ""0E\002!\000\241s\277\303I\336\223\033{\321\230\001 \271\202\376\331\354L\037\214@ \370\272\306\267\247 \t\377\241\002 W\223n\312C2\031O\205\214p\244\216\211\234O\270p\037\035\343\026\274\215\350\272\033\340\353\021c\r""; previousledger: ""\331I\204\016\276\321\276\006\357\356_\363\302\211\374\3168-\334\260;S\007r\271:!i\362bs\344""; ","proposeSeq: 0; currentTxHash: ""\000\000\000\000\000\000\000\000\000\000\000\000\000\000\000\000\000\000\000\000\000\000\000\000\000\000\000\000\000\000\000\000""; nodePubKey: ""\003\255\225A\213\332\224ehh\024BDq\224\250\335`\355\353{\357\266\335<\021\032\265\177\206\356&\215""; closeTime: 803842870; signature: ""0E\002!\000\241s\277\303I\336\223\033{\321\230\001 \271\202\376\331\354L\037\214@ \370\272\306\267\247 \t\377\241\002 W\223n\312C2\031O\205\214p\244\216\211\234O\270p\037\035\343\026\274\215\350\272\033\340\353\021c\r""; previousledger: ""\331I\204\016\276\321\276\006\357\356_\363\302\211\374\3168-\334\260;S\007r\271:!i\362bs\344""; "
1750527670638,1750527670713,0,1,2,3,TMStatusChange,"newEvent: neCLOSING_LEDGER; ledgerSeq: 13; ledgerHash: ""\331I\204\016\276\321\276\006\357\356_\363\302\211\374\3168-\334\260;S\007r\271:!i\362bs\344""; ledgerHashPrevious: ""\236R\330\360\256\004\260CN\250\277\334\000\r\262\020\2237\211\373\270\347\n\311\222a=\321\276Z\2313""; networkTime: 803842870; firstSeq: 1; lastSeq: 43; ","newEvent: neCLOSING_LEDGER; ledgerSeq: 13; ledgerHash: ""\331I\204\016\276\321\276\006\357\356_\363\302\211\374\3168-\334\260;S\007r\271:!i\362bs\344""; ledgerHashPrevious: ""\236R\330\360\256\004\260CN\250\277\334\000\r\262\020\2237\211\373\270\347\n\311\222a=\321\276Z\2313""; networkTime: 803842870; firstSeq: 1; lastSeq: 43; "
1750527670639,1750527670714,0,1,2,4,TMStatusChange,"newEvent: neCLOSING_LEDGER; ledgerSeq: 13; ledgerHash: ""\331I\204\016\276\321\276\006\357\356_\363\302\211\374\3168-\334\260;S\007r\271:!i\362bs\344""; ledgerHashPrevious: ""\236R\330\360\256\004\260CN\250\277\334\000\r\262\020\2237\211\373\270\347\n\311\222a=\321\276Z\2313""; networkTime: 803842870; firstSeq: 1; lastSeq: 43; ","newEvent: neCLOSING_LEDGER; ledgerSeq: 13; ledgerHash: ""\331I\204\016\276\321\276\006\357\356_\363\302\211\374\3168-\334\260;S\007r\271:!i\362bs\344""; ledgerHashPrevious: ""\236R\330\360\256\004\260CN\250\277\334\000\r\262\020\2237\211\373\270\347\n\311\222a=\321\276Z\2313""; networkTime: 803842870; firstSeq: 1; lastSeq: 43; "
1750527670638,1750527670713,0,1,2,1,TMStatusChange,"newEvent: neCLOSING_LEDGER; ledgerSeq: 13; ledgerHash: ""\331I\204\016\276\321\276\006\357\356_\363\302\211\374\3168-\334\260;S\007r\271:!i\362bs\344""; ledgerHashPrevious: ""\236R\330\360\256\004\260CN\250\277\334\000\r\262\020\2237\211\373\270\347\n\311\222a=\321\276Z\2313""; networkTime: 803842870; firstSeq: 1; lastSeq: 43; ","newEvent: neCLOSING_LEDGER; ledgerSeq: 13; ledgerHash: ""\331I\204\016\276\321\276\006\357\356_\363\302\211\374\3168-\334\260;S\007r\271:!i\362bs\344""; ledgerHashPrevious: ""\236R\330\360\256\004\260CN\250\277\334\000\r\262\020\2237\211\373\270\347\n\311\222a=\321\276Z\2313""; networkTime: 803842870; firstSeq: 1; lastSeq: 43; "
1750527670639,1750527670714,0,1,2,0,TMStatusChange,"newEvent: neCLOSING_LEDGER; ledgerSeq: 13; ledgerHash: ""\331I\204\016\276\321\276\006\357\356_\363\302\211\374\3168-\334\260;S\007r\271:!i\362bs\344""; ledgerHashPrevious: ""\236R\330\360\256\004\260CN\250\277\334\000\r\262\020\2237\211\373\270\347\n\311\222a=\321\276Z\2313""; networkTime: 803842870; firstSeq: 1; lastSeq: 43; ","newEvent: neCLOSING_LEDGER; ledgerSeq: 13; ledgerHash: ""\331I\204\016\276\321\276\006\357\356_\363\302\211\374\3168-\334\260;S\007r\271:!i\362bs\344""; ledgerHashPrevious: ""\236R\330\360\256\004\260CN\250\277\334\000\r\262\020\2237\211\373\270\347\n\311\222a=\321\276Z\2313""; networkTime: 803842870; firstSeq: 1; lastSeq: 43; "
1750527672466,1750527672466,0,1,3,4,TMValidation,"validation: """"\200\000\000\001&\000\000\000,)/\351\2538:p\210\265\307-\212\200\004Q\177X\227$\245tCB\345\314d\231A\300\204\371KJ\036\321\330\014]""EN\266$]\331\226cP\027\000\000\000\000\000\000\000\000\000\000\000\000\000\000\000\000\000\000\000\000\000\000\000\000\000\000\000\000\000\000\000\000P\031Q\240\317\3502\006,|\364\004\275\034\006\337\370""\330\364\202\314\315\311?\030\260\361u)\336\202\265Ys!\002\364d\217\366\217|\316F\232\231\241\n\261\333`\312O\367\235\025DD\336e\367\n\312\326\221\037\025\230vF0D\002 (E2\257ju\226K\343\303\227d\004\207Gp\007\224Hy\216y\022\212\252\260\032\275\357\301\327\341\002 \020\333\210\365\347:8J\267\020\373\210\212$\205i~b\261\330\353\342\346 \017r\007\237\335\275\315\264""; ","validation: """"\200\000\000\001&\000\000\000,)/\351\2538:p\210\265\307-\212\200\004Q\177X\227$\245tCB\345\314d\231A\300\204\371KJ\036\321\330\014]""EN\266$]\331\226cP\027\000\000\000\000\000\000\000\000\000\000\000\000\000\000\000\000\000\000\000\000\000\000\000\000\000\000\000\000\000\000\000\000P\031Q\240\317\3502\006,|\364\004\275\034\006\337\370""\330\364\202\314\315\311?\030\260\361u)\336\202\265Ys!\002\364d\217\366\217|\316F\232\231\241\n\261\333`\312O\367\235\025DD\336e\367\n\312\326\221\037\025\230vF0D\002 (E2\257ju\226K\343\303\227d\004\207Gp\007\224Hy\216y\022\212\252\260\032\275\357\301\327\341\002 \020\333\210\365\347:8J\267\020\373\210\212$\205i~b\261\330\353\342\346 \017r\007\237\335\275\315\264""; "
1750527672467,1750527672468,0,1,3,2,TMStatusChange,"newEvent: neACCEPTED_LEDGER; ledgerSeq: 44; ledgerHash: ""\177X\227$\245tCB\345\314d\231A\300\204\371KJ\036\321\330\014]""EN\266$]\331\226c""; ledgerHashPrevious: ""Q\240\317\3502\006,|\364\004\275\034\006\337\370""\330\364\202\314\315\311?\030\260\361u)\336\202\265Y""; networkTime: 803842872; firstSeq: 1; lastSeq: 43; ","newEvent: neACCEPTED_LEDGER; ledgerSeq: 44; ledgerHash: ""\177X\227$\245tCB\345\314d\231A\300\204\371KJ\036\321\330\014]""EN\266$]\331\226c""; ledgerHashPrevious: ""Q\240\317\3502\006,|\364\004\275\034\006\337\370""\330\364\202\314\315\311?\030\260\361u)\336\202\265Y""; networkTime: 803842872; firstSeq: 1; lastSeq: 43; "
1750527672467,1750527672467,0,1,3,2,TMValidation,"validation: """"\200\000\000\001&\000\000\000,)/\351\2538:p\210\265\307-\212\200\004Q\177X\227$\245tCB\345\314d\231A\300\204\371KJ\036\321\330\014]""EN\266$]\331\226cP\027\000\000\000\000\000\000\000\000\000\000\000\000\000\000\000\000\000\000\000\000\000\000\000\000\000\000\000\000\000\000\000\000P\031Q\240\317\3502\006,|\364\004\275\034\006\337\370""\330\364\202\314\315\311?\030\260\361u)\336\202\265Ys!\002\364d\217\366\217|\316F\232\231\241\n\261\333`\312O\367\235\025DD\336e\367\n\312\326\221\037\025\230vF0D\002 (E2\257ju\226K\343\303\227d\004\207Gp\007\224Hy\216y\022\212\252\260\032\275\357\301\327\341\002 \020\333\210\365\347:8J\267\020\373\210\212$\205i~b\261\330\353\342\346 \017r\007\237\335\275\315\264""; ","validation: """"\200\000\000\001&\000\000\000,)/\351\2538:p\210\265\307-\212\200\004Q\177X\227$\245tCB\345\314d\231A\300\204\371KJ\036\321\330\014]""EN\266$]\331\226cP\027\000\000\000\000\000\000\000\000\000\000\000\000\000\000\000\000\000\000\000\000\000\000\000\000\000\000\000\000\000\000\000\000P\031Q\240\317\3502\006,|\364\004\275\034\006\337\370""\330\364\202\314\315\311?\030\260\361u)\336\202\265Ys!\002\364d\217\366\217|\316F\232\231\241\n\261\333`\312O\367\235\025DD\336e\367\n\312\326\221\037\025\230vF0D\002 (E2\257ju\226K\343\303\227d\004\207Gp\007\224Hy\216y\022\212\252\260\032\275\357\301\327\341\002 \020\333\210\365\347:8J\267\020\373\210\212$\205i~b\261\330\353\342\346 \017r\007\237\335\275\315\264""; "
1750527672467,1750527672467,0,1,3,1,TMStatusChange,"newEvent: neACCEPTED_LEDGER; ledgerSeq: 44; ledgerHash: ""\177X\227$\245tCB\345\314d\231A\300\204\371KJ\036\321\330\014]""EN\266$]\331\226c""; ledgerHashPrevious: ""Q\240\317\3502\006,|\364\004\275\034\006\337\370""\330\364\202\314\315\311?\030\260\361u)\336\202\265Y""; networkTime: 803842872; firstSeq: 1; lastSeq: 43; ","newEvent: neACCEPTED_LEDGER; ledgerSeq: 44; ledgerHash: ""\177X\227$\245tCB\345\314d\231A\300\204\371KJ\036\321\330\014]""EN\266$]\331\226c""; ledgerHashPrevious: ""Q\240\317\3502\006,|\364\004\275\034\006\337\370""\330\364\202\314\315\311?\030\260\361u)\336\202\265Y""; networkTime: 803842872; firstSeq: 1; lastSeq: 43; "
1750527672469,1750527672469,0,1,3,4,TMStatusChange,"newEvent: neACCEPTED_LEDGER; ledgerSeq: 44; ledgerHash: ""\177X\227$\245tCB\345\314d\231A\300\204\371KJ\036\321\330\014]""EN\266$]\331\226c""; ledgerHashPrevious: ""Q\240\317\3502\006,|\364\004\275\034\006\337\370""\330\364\202\314\315\311?\030\260\361u)\336\202\265Y""; networkTime: 803842872; firstSeq: 1; lastSeq: 43; ","newEvent: neACCEPTED_LEDGER; ledgerSeq: 44; ledgerHash: ""\177X\227$\245tCB\345\314d\231A\300\204\371KJ\036\321\330\014]""EN\266$]\331\226c""; ledgerHashPrevious: ""Q\240\317\3502\006,|\364\004\275\034\006\337\370""\330\364\202\314\315\311?\030\260\361u)\336\202\265Y""; networkTime: 803842872; firstSeq: 1; lastSeq: 43; "
1750527672469,1750527672469,0,1,3,0,TMStatusChange,"newEvent: neACCEPTED_LEDGER; ledgerSeq: 44; ledgerHash: ""\177X\227$\245tCB\345\314d\231A\300\204\371KJ\036\321\330\014]""EN\266$]\331\226c""; ledgerHashPrevious: ""Q\240\317\3502\006,|\364\004\275\034\006\337\370""\330\364\202\314\315\311?\030\260\361u)\336\202\265Y""; networkTime: 803842872; firstSeq: 1; lastSeq: 43; ","newEvent: neACCEPTED_LEDGER; ledgerSeq: 44; ledgerHash: ""\177X\227$\245tCB\345\314d\231A\300\204\371KJ\036\321\330\014]""EN\266$]\331\226c""; ledgerHashPrevious: ""Q\240\317\3502\006,|\364\004\275\034\006\337\370""\330\364\202\314\315\311?\030\260\361u)\336\202\265Y""; networkTime: 803842872; firstSeq: 1; lastSeq: 43; "
1750527672469,1750527672469,0,1,3,0,TMValidation,"validation: """"\200\000\000\001&\000\000\000,)/\351\2538:p\210\265\307-\212\200\004Q\177X\227$\245tCB\345\314d\231A\300\204\371KJ\036\321\330\014]""EN\266$]\331\226cP\027\000\000\000\000\000\000\000\000\000\000\000\000\000\000\000\000\000\000\000\000\000\000\000\000\000\000\000\000\000\000\000\000P\031Q\240\317\3502\006,|\364\004\275\034\006\337\370""\330\364\202\314\315\311?\030\260\361u)\336\202\265Ys!\002\364d\217\366\217|\316F\232\231\241\n\261\333`\312O\367\235\025DD\336e\367\n\312\326\221\037\025\230vF0D\002 (E2\257ju\226K\343\303\227d\004\207Gp\007\224Hy\216y\022\212\252\260\032\275\357\301\327\341\002 \020\333\210\365\347:8J\267\020\373\210\212$\205i~b\261\330\353\342\346 \017r\007\237\335\275\315\264""; ","validation: """"\200\000\000\001&\000\000\000,)/\351\2538:p\210\265\307-\212\200\004Q\177X\227$\245tCB\345\314d\231A\300\204\371KJ\036\321\330\014]""EN\266$]\331\226cP\027\000\000\000\000\000\000\000\000\000\000\000\000\000\000\000\000\000\000\000\000\000\000\000\000\000\000\000\000\000\000\000\000P\031Q\240\317\3502\006,|\364\004\275\034\006\337\370""\330\364\202\314\315\311?\030\260\361u)\336\202\265Ys!\002\364d\217\366\217|\316F\232\231\241\n\261\333`\312O\367\235\025DD\336e\367\n\312\326\221\037\025\230vF0D\002 (E2\257ju\226K\343\303\227d\004\207Gp\007\224Hy\216y\022\212\252\260\032\275\357\301\327\341\002 \020\333\210\365\347:8J\267\020\373\210\212$\205i~b\261\330\353\342\346 \017r\007\237\335\275\315\264""; "
1750527672470,1750527672470,0,1,3,1,TMValidation,"validation: """"\200\000\000\001&\000\000\000,)/\351\2538:p\210\265\307-\212\200\004Q\177X\227$\245tCB\345\314d\231A\300\204\371KJ\036\321\330\014]""EN\266$]\331\226cP\027\000\000\000\000\000\000\000\000\000\000\000\000\000\000\000\000\000\000\000\000\000\000\000\000\000\000\000\000\000\000\000\000P\031Q\240\317\3502\006,|\364\004\275\034\006\337\370""\330\364\202\314\315\311?\030\260\361u)\336\202\265Ys!\002\364d\217\366\217|\316F\232\231\241\n\261\333`\312O\367\235\025DD\336e\367\n\312\326\221\037\025\230vF0D\002 (E2\257ju\226K\343\303\227d\004\207Gp\007\224Hy\216y\022\212\252\260\032\275\357\301\327\341\002 \020\333\210\365\347:8J\267\020\373\210\212$\205i~b\261\330\353\342\346 \017r\007\237\335\275\315\264""; ","validation: """"\200\000\000\001&\000\000\000,)/\351\2538:p\210\265\307-\212\200\004Q\177X\227$\245tCB\345\314d\231A\300\204\371KJ\036\321\330\014]""EN\266$]\331\226cP\027\000\000\000\000\000\000\000\000\000\000\000\000\000\000\000\000\000\000\000\000\000\000\000\000\000\000\000\000\000\000\000\000P\031Q\240\317\3502\006,|\364\004\275\034\006\337\370""\330\364\202\314\315\311?\030\260\361u)\336\202\265Ys!\002\364d\217\366\217|\316F\232\231\241\n\261\333`\312O\367\235\025DD\336e\367\n\312\326\221\037\025\230vF0D\002 (E2\257ju\226K\343\303\227d\004\207Gp\007\224Hy\216y\022\212\252\260\032\275\357\301\327\341\002 \020\333\210\365\347:8J\267\020\373\210\212$\205i~b\261\330\353\342\346 \017r\007\237\335\275\315\264""; "
1750527672471,1750527672471,0,1,4,2,TMValidation,"validation: """"\200\000\000\001&\000\000\000,)/\351\2538:p\210\265\307-\212\200\004Q\177X\227$\245tCB\345\314d\231A\300\204\371KJ\036\321\330\014]""EN\266$]\331\226cP\027\000\000\000\000\000\000\000\000\000\000\000\000\000\000\000\000\000\000\000\000\000\000\000\000\000\000\000\000\000\000\000\000P\031Q\240\317\3502\006,|\364\004\275\034\006\337\370""\330\364\202\314\315\311?\030\260\361u)\336\202\265Ys!\002\364d\217\366\217|\316F\232\231\241\n\261\333`\312O\367\235\025DD\336e\367\n\312\326\221\037\025\230vF0D\002 (E2\257ju\226K\343\303\227d\004\207Gp\007\224Hy\216y\022\212\252\260\032\275\357\301\327\341\002 \020\333\210\365\347:8J\267\020\373\210\212$\205i~b\261\330\353\342\346 \017r\007\237\335\275\315\264""; ","validation: """"\200\000\000\001&\000\000\000,)/\351\2538:p\210\265\307-\212\200\004Q\177X\227$\245tCB\345\314d\231A\300\204\371KJ\036\321\330\014]""EN\266$]\331\226cP\027\000\000\000\000\000\000\000\000\000\000\000\000\000\000\000\000\000\000\000\000\000\000\000\000\000\000\000\000\000\000\000\000P\031Q\240\317\3502\006,|\364\004\275\034\006\337\370""\330\364\202\314\315\311?\030\260\361u)\336\202\265Ys!\002\364d\217\366\217|\316F\232\231\241\n\261\333`\312O\367\235\025DD\336e\367\n\312\326\221\037\025\230vF0D\002 (E2\257ju\226K\343\303\227d\004\207Gp\007\224Hy\216y\022\212\252\260\032\275\357\301\327\341\002 \020\333\210\365\347:8J\267\020\373\210\212$\205i~b\261\330\353\342\346 \017r\007\237\335\275\315\264""; "
1750527672472,1750527672472,0,1,4,0,TMValidation,"validation: """"\200\000\000\001&\000\000\000,)/\351\2538:p\210\265\307-\212\200\004Q\177X\227$\245tCB\345\314d\231A\300\204\371KJ\036\321\330\014]""EN\266$]\331\226cP\027\000\000\000\000\000\000\000\000\000\000\000\000\000\000\000\000\000\000\000\000\000\000\000\000\000\000\000\000\000\000\000\000P\031Q\240\317\3502\006,|\364\004\275\034\006\337\370""\330\364\202\314\315\311?\030\260\361u)\336\202\265Ys!\002\364d\217\366\217|\316F\232\231\241\n\261\333`\312O\367\235\025DD\336e\367\n\312\326\221\037\025\230vF0D\002 (E2\257ju\226K\343\303\227d\004\207Gp\007\224Hy\216y\022\212\252\260\032\275\357\301\327\341\002 \020\333\210\365\347:8J\267\020\373\210\212$\205i~b\261\330\353\342\346 \017r\007\237\335\275\315\264""; ","validation: """"\200\000\000\001&\000\000\000,)/\351\2538:p\210\265\307-\212\200\004Q\177X\227$\245tCB\345\314d\231A\300\204\371KJ\036\321\330\014]""EN\266$]\331\226cP\027\000\000\000\000\000\000\000\000\000\000\000\000\000\000\000\000\000\000\000\000\000\000\000\000\000\000\000\000\000\000\000\000P\031Q\240\317\3502\006,|\364\004\275\034\006\337\370""\330\364\202\314\315\311?\030\260\361u)\336\202\265Ys!\002\364d\217\366\217|\316F\232\231\241\n\261\333`\312O\367\235\025DD\336e\367\n\312\326\221\037\025\230vF0D\002 (E2\257ju\226K\343\303\227d\004\207Gp\007\224Hy\216y\022\212\252\260\032\275\357\301\327\341\002 \020\333\210\365\347:8J\267\020\373\210\212$\205i~b\261\330\353\342\346 \017r\007\237\335\275\315\264""; "
1750527672473,1750527672473,0,1,4,0,TMGetLedger,"itype: liBASE; ledgerHash: ""\177X\227$\245tCB\345\314d\231A\300\204\371KJ\036\321\330\014]""EN\266$]\331\226c""; ","itype: liBASE; ledgerHash: ""\177X\227$\245tCB\345\314d\231A\300\204\371KJ\036\321\330\014]""EN\266$]\331\226c""; "
1750527672473,1750527672473,0,1,4,1,TMGetLedger,"itype: liBASE; ledgerHash: ""\177X\227$\245tCB\345\314d\231A\300\204\371KJ\036\321\330\014]""EN\266$]\331\226c""; ","itype: liBASE; ledgerHash: ""\177X\227$\245tCB\345\314d\231A\300\204\371KJ\036\321\330\014]""EN\266$]\331\226c""; "
1750527672487,1750527672487,0,1,4,1,TMValidation,"validation: """"\200\000\000\001&\000\000\000,)/\351\2538:p\210\265\307-\212\200\004Q\177X\227$\245tCB\345\314d\231A\300\204\371KJ\036\321\330\014]""EN\266$]\331\226cP\027\000\000\000\000\000\000\000\000\000\000\000\000\000\000\000\000\000\000\000\000\000\000\000\000\000\000\000\000\000\000\000\000P\031Q\240\317\3502\006,|\364\004\275\034\006\337\370""\330\364\202\314\315\311?\030\260\361u)\336\202\265Ys!\002\364d\217\366\217|\316F\232\231\241\n\261\333`\312O\367\235\025DD\336e\367\n\312\326\221\037\025\230vF0D\002 (E2\257ju\226K\343\303\227d\004\207Gp\007\224Hy\216y\022\212\252\260\032\275\357\301\327\341\002 \020\333\210\365\347:8J\267\020\373\210\212$\205i~b\261\330\353\342\346 \017r\007\237\335\275\315\264""; ","validation: """"\200\000\000\001&\000\000\000,)/\351\2538:p\210\265\307-\212\200\004Q\177X\227$\245tCB\345\314d\231A\300\204\371KJ\036\321\330\014]""EN\266$]\331\226cP\027\000\000\000\000\000\000\000\000\000\000\000\000\000\000\000\000\000\000\000\000\000\000\000\000\000\000\000\000\000\000\000\000P\031Q\240\317\3502\006,|\364\004\275\034\006\337\370""\330\364\202\314\315\311?\030\260\361u)\336\202\265Ys!\002\364d\217\366\217|\316F\232\231\241\n\261\333`\312O\367\235\025DD\336e\367\n\312\326\221\037\025\230vF0D\002 (E2\257ju\226K\343\303\227d\004\207Gp\007\224Hy\216y\022\212\252\260\032\275\357\301\327\341\002 \020\333\210\365\347:8J\267\020\373\210\212$\205i~b\261\330\353\342\346 \017r\007\237\335\275\315\264""; "
1750527672487,1750527672487,0,1,4,2,TMGetLedger,"itype: liBASE; ledgerHash: ""\177X\227$\245tCB\345\314d\231A\300\204\371KJ\036\321\330\014]""EN\266$]\331\226c""; ","itype: liBASE; ledgerHash: ""\177X\227$\245tCB\345\314d\231A\300\204\371KJ\036\321\330\014]""EN\266$]\331\226c""; "
1750527672488,1750527672488,0,1,4,3,TMGetLedger,"itype: liBASE; ledgerHash: ""\177X\227$\245tCB\345\314d\231A\300\204\371KJ\036\321\330\014]""EN\266$]\331\226c""; ","itype: liBASE; ledgerHash: ""\177X\227$\245tCB\345\314d\231A\300\204\371KJ\036\321\330\014]""EN\266$]\331\226c""; "
1750527672495,1750527672495,0,1,4,0,TMGetLedger,"itype: liBASE; ledgerHash: ""\177X\227$\245tCB\345\314d\231A\300\204\371KJ\036\321\330\014]""EN\266$]\331\226c""; queryType: qtINDIRECT; ","itype: liBASE; ledgerHash: ""\177X\227$\245tCB\345\314d\231A\300\204\371KJ\036\321\330\014]""EN\266$]\331\226c""; queryType: qtINDIRECT; "
1750527672495,1750527672496,0,1,4,2,TMGetLedger,"itype: liBASE; ledgerHash: ""\177X\227$\245tCB\345\314d\231A\300\204\371KJ\036\321\330\014]""EN\266$]\331\226c""; queryType: qtINDIRECT; ","itype: liBASE; ledgerHash: ""\177X\227$\245tCB\345\314d\231A\300\204\371KJ\036\321\330\014]""EN\266$]\331\226c""; queryType: qtINDIRECT; "
1750527672496,1750527672496,0,1,4,1,TMGetLedger,"itype: liBASE; ledgerHash: ""\177X\227$\245tCB\345\314d\231A\300\204\371KJ\036\321\330\014]""EN\266$]\331\226c""; queryType: qtINDIRECT; ","itype: liBASE; ledgerHash: ""\177X\227$\245tCB\345\314d\231A\300\204\371KJ\036\321\330\014]""EN\266$]\331\226c""; queryType: qtINDIRECT; "
1750527672496,1750527672497,0,1,4,3,TMGetLedger,"itype: liBASE; ledgerHash: ""\177X\227$\245tCB\345\314d\231A\300\204\371KJ\036\321\330\014]""EN\266$]\331\226c""; queryType: qtINDIRECT; ","itype: liBASE; ledgerHash: ""\177X\227$\245tCB\345\314d\231A\300\204\371KJ\036\321\330\014]""EN\266$]\331\226c""; queryType: qtINDIRECT; "
1750527672498,1750527672498,0,1,2,3,TMGetLedger,"itype: liBASE; ledgerHash: ""\177X\227$\245tCB\345\314d\231A\300\204\371KJ\036\321\330\014]""EN\266$]\331\226c""; ledgerSeq: 44; ","itype: liBASE; ledgerHash: ""\177X\227$\245tCB\345\314d\231A\300\204\371KJ\036\321\330\014]""EN\266$]\331\226c""; ledgerSeq: 44; "
1750527672499,1750527672499,0,1,2,4,TMGetLedger,"itype: liBASE; ledgerHash: ""\177X\227$\245tCB\345\314d\231A\300\204\371KJ\036\321\330\014]""EN\266$]\331\226c""; ledgerSeq: 44; ","itype: liBASE; ledgerHash: ""\177X\227$\245tCB\345\314d\231A\300\204\371KJ\036\321\330\014]""EN\266$]\331\226c""; ledgerSeq: 44; "
1750527672500,1750527672500,0,1,2,1,TMGetLedger,"itype: liBASE; ledgerHash: ""\177X\227$\245tCB\345\314d\231A\300\204\371KJ\036\321\330\014]""EN\266$]\331\226c""; ledgerSeq: 44; ","itype: liBASE; ledgerHash: ""\177X\227$\245tCB\345\314d\231A\300\204\371KJ\036\321\330\014]""EN\266$]\331\226c""; ledgerSeq: 44; "
1750527672500,1750527672500,0,1,2,4,TMValidation,"validation: """"\200\000\000\001&\000\000\000,)/\351\2538:p\210\265\307-\212\200\004Q\177X\227$\245tCB\345\314d\231A\300\204\371KJ\036\321\330\014]""EN\266$]\331\226cP\027\000\000\000\000\000\000\000\000\000\000\000\000\000\000\000\000\000\000\000\000\000\000\000\000\000\000\000\000\000\000\000\000P\031Q\240\317\3502\006,|\364\004\275\034\006\337\370""\330\364\202\314\315\311?\030\260\361u)\336\202\265Ys!\002\364d\217\366\217|\316F\232\231\241\n\261\333`\312O\367\235\025DD\336e\367\n\312\326\221\037\025\230vF0D\002 (E2\257ju\226K\343\303\227d\004\207Gp\007\224Hy\216y\022\212\252\260\032\275\357\301\327\341\002 \020\333\210\365\347:8J\267\020\373\210\212$\205i~b\261\330\353\342\346 \017r\007\237\335\275\315\264""; ","validation: """"\200\000\000\001&\000\000\000,)/\351\2538:p\210\265\307-\212\200\004Q\177X\227$\245tCB\345\314d\231A\300\204\371KJ\036\321\330\014]""EN\266$]\331\226cP\027\000\000\000\000\000\000\000\000\000\000\000\000\000\000\000\000\000\000\000\000\000\000\000\000\000\000\000\000\000\000\000\000P\031Q\240\317\3502\006,|\364\004\275\034\006\337\370""\330\364\202\314\315\311?\030\260\361u)\336\202\265Ys!\002\364d\217\366\217|\316F\232\231\241\n\261\333`\312O\367\235\025DD\336e\367\n\312\326\221\037\025\230vF0D\002 (E2\257ju\226K\343\303\227d\004\207Gp\007\224Hy\216y\022\212\252\260\032\275\357\301\327\341\002 \020\333\210\365\347:8J\267\020\373\210\212$\205i~b\261\330\353\342\346 \017r\007\237\335\275\315\264""; "
1750527672503,1750527672504,0,1,2,0,TMGetLedger,"itype: liBASE; ledgerHash: ""\177X\227$\245tCB\345\314d\231A\300\204\371KJ\036\321\330\014]""EN\266$]\331\226c""; ledgerSeq: 44; ","itype: liBASE; ledgerHash: ""\177X\227$\245tCB\345\314d\231A\300\204\371KJ\036\321\330\014]""EN\266$]\331\226c""; ledgerSeq: 44; "
1750527672504,1750527672504,0,1,2,0,TMGetLedger,"itype: liBASE; ledgerHash: ""\177X\227$\245tCB\345\314d\231A\300\204\371KJ\036\321\330\014]""EN\266$]\331\226c""; ledgerSeq: 44; queryType: qtINDIRECT; ","itype: liBASE; ledgerHash: ""\177X\227$\245tCB\345\314d\231A\300\204\371KJ\036\321\330\014]""EN\266$]\331\226c""; ledgerSeq: 44; queryType: qtINDIRECT; "
1750527672505,1750527672505,0,1,2,0,TMValidation,"validation: """"\200\000\000\001&\000\000\000,)/\351\2538:p\210\265\307-\212\200\004Q\177X\227$\245tCB\345\314d\231A\300\204\371KJ\036\321\330\014]""EN\266$]\331\226cP\027\000\000\000\000\000\000\000\000\000\000\000\000\000\000\000\000\000\000\000\000\000\000\000\000\000\000\000\000\000\000\000\000P\031Q\240\317\3502\006,|\364\004\275\034\006\337\370""\330\364\202\314\315\311?\030\260\361u)\336\202\265Ys!\002\364d\217\366\217|\316F\232\231\241\n\261\333`\312O\367\235\025DD\336e\367\n\312\326\221\037\025\230vF0D\002 (E2\257ju\226K\343\303\227d\004\207Gp\007\224Hy\216y\022\212\252\260\032\275\357\301\327\341\002 \020\333\210\365\347:8J\267\020\373\210\212$\205i~b\261\330\353\342\346 \017r\007\237\335\275\315\264""; ","validation: """"\200\000\000\001&\000\000\000,)/\351\2538:p\210\265\307-\212\200\004Q\177X\227$\245tCB\345\314d\231A\300\204\371KJ\036\321\330\014]""EN\266$]\331\226cP\027\000\000\000\000\000\000\000\000\000\000\000\000\000\000\000\000\000\000\000\000\000\000\000\000\000\000\000\000\000\000\000\000P\031Q\240\317\3502\006,|\364\004\275\034\006\337\370""\330\364\202\314\315\311?\030\260\361u)\336\202\265Ys!\002\364d\217\366\217|\316F\232\231\241\n\261\333`\312O\367\235\025DD\336e\367\n\312\326\221\037\025\230vF0D\002 (E2\257ju\226K\343\303\227d\004\207Gp\007\224Hy\216y\022\212\252\260\032\275\357\301\327\341\002 \020\333\210\365\347:8J\267\020\373\210\212$\205i~b\261\330\353\342\346 \017r\007\237\335\275\315\264""; "
1750527672505,1750527672505,0,1,2,1,TMValidation,"validation: """"\200\000\000\001&\000\000\000,)/\351\2538:p\210\265\307-\212\200\004Q\177X\227$\245tCB\345\314d\231A\300\204\371KJ\036\321\330\014]""EN\266$]\331\226cP\027\000\000\000\000\000\000\000\000\000\000\000\000\000\000\000\000\000\000\000\000\000\000\000\000\000\000\000\000\000\000\000\000P\031Q\240\317\3502\006,|\364\004\275\034\006\337\370""\330\364\202\314\315\311?\030\260\361u)\336\202\265Ys!\002\364d\217\366\217|\316F\232\231\241\n\261\333`\312O\367\235\025DD\336e\367\n\312\326\221\037\025\230vF0D\002 (E2\257ju\226K\343\303\227d\004\207Gp\007\224Hy\216y\022\212\252\260\032\275\357\301\327\341\002 \020\333\210\365\347:8J\267\020\373\210\212$\205i~b\261\330\353\342\346 \017r\007\237\335\275\315\264""; ","validation: """"\200\000\000\001&\000\000\000,)/\351\2538:p\210\265\307-\212\200\004Q\177X\227$\245tCB\345\314d\231A\300\204\371KJ\036\321\330\014]""EN\266$]\331\226cP\027\000\000\000\000\000\000\000\000\000\000\000\000\000\000\000\000\000\000\000\000\000\000\000\000\000\000\000\000\000\000\000\000P\031Q\240\317\3502\006,|\364\004\275\034\006\337\370""\330\364\202\314\315\311?\030\260\361u)\336\202\265Ys!\002\364d\217\366\217|\316F\232\231\241\n\261\333`\312O\367\235\025DD\336e\367\n\312\326\221\037\025\230vF0D\002 (E2\257ju\226K\343\303\227d\004\207Gp\007\224Hy\216y\022\212\252\260\032\275\357\301\327\341\002 \020\333\210\365\347:8J\267\020\373\210\212$\205i~b\261\330\353\342\346 \017r\007\237\335\275\315\264""; "
1750527672506,1750527672506,0,1,2,1,TMGetLedger,"itype: liBASE; ledgerHash: ""\177X\227$\245tCB\345\314d\231A\300\204\371KJ\036\321\330\014]""EN\266$]\331\226c""; ledgerSeq: 44; queryType: qtINDIRECT; ","itype: liBASE; ledgerHash: ""\177X\227$\245tCB\345\314d\231A\300\204\371KJ\036\321\330\014]""EN\266$]\331\226c""; ledgerSeq: 44; queryType: qtINDIRECT; "
1750527672506,1750527672507,0,1,2,3,TMGetLedger,"itype: liBASE; ledgerHash: ""\177X\227$\245tCB\345\314d\231A\300\204\371KJ\036\321\330\014]""EN\266$]\331\226c""; ledgerSeq: 44; queryType: qtINDIRECT; ","itype: liBASE; ledgerHash: ""\177X\227$\245tCB\345\314d\231A\300\204\371KJ\036\321\330\014]""EN\266$]\331\226c""; ledgerSeq: 44; queryType: qtINDIRECT; "
1750527672507,1750527672507,0,1,2,4,TMGetLedger,"itype: liBASE; ledgerHash: ""\177X\227$\245tCB\345\314d\231A\300\204\371KJ\036\321\330\014]""EN\266$]\331\226c""; ledgerSeq: 44; queryType: qtINDIRECT; ","itype: liBASE; ledgerHash: ""\177X\227$\245tCB\345\314d\231A\300\204\371KJ\036\321\330\014]""EN\266$]\331\226c""; ledgerSeq: 44; queryType: qtINDIRECT; "
1750527672508,1750527672508,0,1,0,3,TMGetLedger,"itype: liBASE; ledgerHash: ""\177X\227$\245tCB\345\314d\231A\300\204\371KJ\036\321\330\014]""EN\266$]\331\226c""; ","itype: liBASE; ledgerHash: ""\177X\227$\245tCB\345\314d\231A\300\204\371KJ\036\321\330\014]""EN\266$]\331\226c""; "
1750527672508,1750527672508,0,1,0,2,TMGetLedger,"itype: liBASE; ledgerHash: ""\177X\227$\245tCB\345\314d\231A\300\204\371KJ\036\321\330\014]""EN\266$]\331\226c""; ","itype: liBASE; ledgerHash: ""\177X\227$\245tCB\345\314d\231A\300\204\371KJ\036\321\330\014]""EN\266$]\331\226c""; "
1750527672509,1750527672509,0,1,0,4,TMGetLedger,"itype: liBASE; ledgerHash: ""\177X\227$\245tCB\345\314d\231A\300\204\371KJ\036\321\330\014]""EN\266$]\331\226c""; ","itype: liBASE; ledgerHash: ""\177X\227$\245tCB\345\314d\231A\300\204\371KJ\036\321\330\014]""EN\266$]\331\226c""; "
1750527672509,1750527672509,0,1,0,2,TMGetLedger,"itype: liBASE; ledgerHash: ""\177X\227$\245tCB\345\314d\231A\300\204\371KJ\036\321\330\014]""EN\266$]\331\226c""; queryType: qtINDIRECT; ","itype: liBASE; ledgerHash: ""\177X\227$\245tCB\345\314d\231A\300\204\371KJ\036\321\330\014]""EN\266$]\331\226c""; queryType: qtINDIRECT; "
1750527672510,1750527672510,0,1,0,1,TMGetLedger,"itype: liBASE; ledgerHash: ""\177X\227$\245tCB\345\314d\231A\300\204\371KJ\036\321\330\014]""EN\266$]\331\226c""; queryType: qtINDIRECT; ","itype: liBASE; ledgerHash: ""\177X\227$\245tCB\345\314d\231A\300\204\371KJ\036\321\330\014]""EN\266$]\331\226c""; queryType: qtINDIRECT; "
1750527672510,1750527672511,0,1,0,1,TMGetLedger,"itype: liBASE; ledgerHash: ""\177X\227$\245tCB\345\314d\231A\300\204\371KJ\036\321\330\014]""EN\266$]\331\226c""; ","itype: liBASE; ledgerHash: ""\177X\227$\245tCB\345\314d\231A\300\204\371KJ\036\321\330\014]""EN\266$]\331\226c""; "
1750527672511,1750527672511,0,1,0,2,TMValidation,"validation: """"\200\000\000\001&\000\000\000,)/\351\2538:p\210\265\307-\212\200\004Q\177X\227$\245tCB\345\314d\231A\300\204\371KJ\036\321\330\014]""EN\266$]\331\226cP\027\000\000\000\000\000\000\000\000\000\000\000\000\000\000\000\000\000\000\000\000\000\000\000\000\000\000\000\000\000\000\000\000P\031Q\240\317\3502\006,|\364\004\275\034\006\337\370""\330\364\202\314\315\311?\030\260\361u)\336\202\265Ys!\002\364d\217\366\217|\316F\232\231\241\n\261\333`\312O\367\235\025DD\336e\367\n\312\326\221\037\025\230vF0D\002 (E2\257ju\226K\343\303\227d\004\207Gp\007\224Hy\216y\022\212\252\260\032\275\357\301\327\341\002 \020\333\210\365\347:8J\267\020\373\210\212$\205i~b\261\330\353\342\346 \017r\007\237\335\275\315\264""; ","validation: """"\200\000\000\001&\000\000\000,)/\351\2538:p\210\265\307-\212\200\004Q\177X\227$\245tCB\345\314d\231A\300\204\371KJ\036\321\330\014]""EN\266$]\331\226cP\027\000\000\000\000\000\000\000\000\000\000\000\000\000\000\000\000\000\000\000\000\000\000\000\000\000\000\000\000\000\000\000\000P\031Q\240\317\3502\006,|\364\004\275\034\006\337\370""\330\364\202\314\315\311?\030\260\361u)\336\202\265Ys!\002\364d\217\366\217|\316F\232\231\241\n\261\333`\312O\367\235\025DD\336e\367\n\312\326\221\037\025\230vF0D\002 (E2\257ju\226K\343\303\227d\004\207Gp\007\224Hy\216y\022\212\252\260\032\275\357\301\327\341\002 \020\333\210\365\347:8J\267\020\373\210\212$\205i~b\261\330\353\342\346 \017r\007\237\335\275\315\264""; "
1750527672511,1750527672511,0,1,0,1,TMValidation,"validation: """"\200\000\000\001&\000\000\000,)/\351\2538:p\210\265\307-\212\200\004Q\177X\227$\245tCB\345\314d\231A\300\204\371KJ\036\321\330\014]""EN\266$]\331\226cP\027\000\000\000\000\000\000\000\000\000\000\000\000\000\000\000\000\000\000\000\000\000\000\000\000\000\000\000\000\000\000\000\000P\031Q\240\317\3502\006,|\364\004\275\034\006\337\370""\330\364\202\314\315\311?\030\260\361u)\336\202\265Ys!\002\364d\217\366\217|\316F\232\231\241\n\261\333`\312O\367\235\025DD\336e\367\n\312\326\221\037\025\230vF0D\002 (E2\257ju\226K\343\303\227d\004\207Gp\007\224Hy\216y\022\212\252\260\032\275\357\301\327\341\002 \020\333\210\365\347:8J\267\020\373\210\212$\205i~b\261\330\353\342\346 \017r\007\237\335\275\315\264""; ","validation: """"\200\000\000\001&\000\000\000,)/\351\2538:p\210\265\307-\212\200\004Q\177X\227$\245tCB\345\314d\231A\300\204\371KJ\036\321\330\014]""EN\266$]\331\226cP\027\000\000\000\000\000\000\000\000\000\000\000\000\000\000\000\000\000\000\000\000\000\000\000\000\000\000\000\000\000\000\000\000P\031Q\240\317\3502\006,|\364\004\275\034\006\337\370""\330\364\202\314\315\311?\030\260\361u)\336\202\265Ys!\002\364d\217\366\217|\316F\232\231\241\n\261\333`\312O\367\235\025DD\336e\367\n\312\326\221\037\025\230vF0D\002 (E2\257ju\226K\343\303\227d\004\207Gp\007\224Hy\216y\022\212\252\260\032\275\357\301\327\341\002 \020\333\210\365\347:8J\267\020\373\210\212$\205i~b\261\330\353\342\346 \017r\007\237\335\275\315\264""; "
1750527672512,1750527672512,0,1,1,3,TMGetLedger,"itype: liBASE; ledgerHash: ""\177X\227$\245tCB\345\314d\231A\300\204\371KJ\036\321\330\014]""EN\266$]\331\226c""; ledgerSeq: 44; ","itype: liBASE; ledgerHash: ""\177X\227$\245tCB\345\314d\231A\300\204\371KJ\036\321\330\014]""EN\266$]\331\226c""; ledgerSeq: 44; "
1750527672512,1750527672512,0,1,1,2,TMGetLedger,"itype: liBASE; ledgerHash: ""\177X\227$\245tCB\345\314d\231A\300\204\371KJ\036\321\330\014]""EN\266$]\331\226c""; ledgerSeq: 44; ","itype: liBASE; ledgerHash: ""\177X\227$\245tCB\345\314d\231A\300\204\371KJ\036\321\330\014]""EN\266$]\331\226c""; ledgerSeq: 44; "
1750527672513,1750527672513,0,1,1,0,TMGetLedger,"itype: liBASE; ledgerHash: ""\177X\227$\245tCB\345\314d\231A\300\204\371KJ\036\321\330\014]""EN\266$]\331\226c""; ledgerSeq: 44; ","itype: liBASE; ledgerHash: ""\177X\227$\245tCB\345\314d\231A\300\204\371KJ\036\321\330\014]""EN\266$]\331\226c""; ledgerSeq: 44; "
1750527672514,1750527672514,0,1,1,4,TMGetLedger,"itype: liBASE; ledgerHash: ""\177X\227$\245tCB\345\314d\231A\300\204\371KJ\036\321\330\014]""EN\266$]\331\226c""; ledgerSeq: 44; ","itype: liBASE; ledgerHash: ""\177X\227$\245tCB\345\314d\231A\300\204\371KJ\036\321\330\014]""EN\266$]\331\226c""; ledgerSeq: 44; "
1750527672514,1750527672514,0,1,0,4,TMValidation,"validation: """"\200\000\000\001&\000\000\000,)/\351\2538:p\210\265\307-\212\200\004Q\177X\227$\245tCB\345\314d\231A\300\204\371KJ\036\321\330\014]""EN\266$]\331\226cP\027\000\000\000\000\000\000\000\000\000\000\000\000\000\000\000\000\000\000\000\000\000\000\000\000\000\000\000\000\000\000\000\000P\031Q\240\317\3502\006,|\364\004\275\034\006\337\370""\330\364\202\314\315\311?\030\260\361u)\336\202\265Ys!\002\364d\217\366\217|\316F\232\231\241\n\261\333`\312O\367\235\025DD\336e\367\n\312\326\221\037\025\230vF0D\002 (E2\257ju\226K\343\303\227d\004\207Gp\007\224Hy\216y\022\212\252\260\032\275\357\301\327\341\002 \020\333\210\365\347:8J\267\020\373\210\212$\205i~b\261\330\353\342\346 \017r\007\237\335\275\315\264""; ","validation: """"\200\000\000\001&\000\000\000,)/\351\2538:p\210\265\307-\212\200\004Q\177X\227$\245tCB\345\314d\231A\300\204\371KJ\036\321\330\014]""EN\266$]\331\226cP\027\000\000\000\000\000\000\000\000\000\000\000\000\000\000\000\000\000\000\000\000\000\000\000\000\000\000\000\000\000\000\000\000P\031Q\240\317\3502\006,|\364\004\275\034\006\337\370""\330\364\202\314\315\311?\030\260\361u)\336\202\265Ys!\002\364d\217\366\217|\316F\232\231\241\n\261\333`\312O\367\235\025DD\336e\367\n\312\326\221\037\025\230vF0D\002 (E2\257ju\226K\343\303\227d\004\207Gp\007\224Hy\216y\022\212\252\260\032\275\357\301\327\341\002 \020\333\210\365\347:8J\267\020\373\210\212$\205i~b\261\330\353\342\346 \017r\007\237\335\275\315\264""; "
1750527672515,1750527672515,0,1,1,4,TMGetLedger,"itype: liBASE; ledgerHash: ""\177X\227$\245tCB\345\314d\231A\300\204\371KJ\036\321\330\014]""EN\266$]\331\226c""; ledgerSeq: 44; queryType: qtINDIRECT; ","itype: liBASE; ledgerHash: ""\177X\227$\245tCB\345\314d\231A\300\204\371KJ\036\321\330\014]""EN\266$]\331\226c""; ledgerSeq: 44; queryType: qtINDIRECT; "
1750527672515,1750527672515,0,1,0,4,TMGetLedger,"itype: liBASE; ledgerHash: ""\177X\227$\245tCB\345\314d\231A\300\204\371KJ\036\321\330\014]""EN\266$]\331\226c""; queryType: qtINDIRECT; ","itype: liBASE; ledgerHash: ""\177X\227$\245tCB\345\314d\231A\300\204\371KJ\036\321\330\014]""EN\266$]\331\226c""; queryType: qtINDIRECT; "
1750527672516,1750527672516,0,1,1,4,TMValidation,"validation: """"\200\000\000\001&\000\000\000,)/\351\2538:p\210\265\307-\212\200\004Q\177X\227$\245tCB\345\314d\231A\300\204\371KJ\036\321\330\014]""EN\266$]\331\226cP\027\000\000\000\000\000\000\000\000\000\000\000\000\000\000\000\000\000\000\000\000\000\000\000\000\000\000\000\000\000\000\000\000P\031Q\240\317\3502\006,|\364\004\275\034\006\337\370""\330\364\202\314\315\311?\030\260\361u)\336\202\265Ys!\002\364d\217\366\217|\316F\232\231\241\n\261\333`\312O\367\235\025DD\336e\367\n\312\326\221\037\025\230vF0D\002 (E2\257ju\226K\343\303\227d\004\207Gp\007\224Hy\216y\022\212\252\260\032\275\357\301\327\341\002 \020\333\210\365\347:8J\267\020\373\210\212$\205i~b\261\330\353\342\346 \017r\007\237\335\275\315\264""; ","validation: """"\200\000\000\001&\000\000\000,)/\351\2538:p\210\265\307-\212\200\004Q\177X\227$\245tCB\345\314d\231A\300\204\371KJ\036\321\330\014]""EN\266$]\331\226cP\027\000\000\000\000\000\000\000\000\000\000\000\000\000\000\000\000\000\000\000\000\000\000\000\000\000\000\000\000\000\000\000\000P\031Q\240\317\3502\006,|\364\004\275\034\006\337\370""\330\364\202\314\315\311?\030\260\361u)\336\202\265Ys!\002\364d\217\366\217|\316F\232\231\241\n\261\333`\312O\367\235\025DD\336e\367\n\312\326\221\037\025\230vF0D\002 (E2\257ju\226K\343\303\227d\004\207Gp\007\224Hy\216y\022\212\252\260\032\275\357\301\327\341\002 \020\333\210\365\347:8J\267\020\373\210\212$\205i~b\261\330\353\342\346 \017r\007\237\335\275\315\264""; "
1750527672517,1750527672517,0,1,3,4,TMLedgerData,"ledgerHash: ""\177X\227$\245tCB\345\314d\231A\300\204\371KJ\036\321\330\014]""EN\266$]\331\226c""; ledgerSeq: 44; type: liBASE; nodes {;   nodedata: ""\000\000\000,\001cEx]\211\377\330Q\240\317\3502\006,|\364\004\275\034\006\337\370""\330\364\202\314\315\311?\030\260\361u)\336\202\265Y\000\000\000\000\000\000\000\000\000\000\000\000\000\000\000\000\000\000\000\000\000\000\000\000\000\000\000\000\000\000\000\000\0223\207\212\364\2356M\244\245T\036lI\302L\005""\237\006\372\365`\031<R\024\352)\265\310\372/\351\2536/\351\2537\n\000""; }; nodes {;   nodedata: ""\323C\344\327\264{\312-\017:\006{\177\344N\002\326bO\260\220\006\033\362\345\005U\221DzJ0\001\301\025%1L\307\t\261\262z\374\222T\301\274V\236\223\262\270Ct\362\337b\356\024*\324\320\351\317\002k\336\234\027v\351\217\260\303\360\233ZPZWr\246$w\313\313\r\243r\232\2234\373\3539:N\004Q\245\272D\312D\300\300\t\323\0257\345e\271\na\215{\226\255x%T\257\037\333\004\344_/R\006E\344\037@\210\363\010\336T\226\247'\204_{\261\370""1\235\2445\343\033Y!\212\201\341\272\225'\007F\022%\377:\002*3-\037\235\244\353""_\034\230\374~\270\372>ui~\000\\252\321fK\007\013\003""; }; ","ledgerHash: ""\177X\227$\245tCB\345\314d\231A\300\204\371KJ\036\321\330\014]""EN\266$]\331\226c""; ledgerSeq: 44; type: liBASE; nodes {;   nodedata: ""\000\000\000,\001cEx]\211\377\330Q\240\317\3502\006,|\364\004\275\034\006\337\370""\330\364\202\314\315\311?\030\260\361u)\336\202\265Y\000\000\000\000\000\000\000\000\000\000\000\000\000\000\000\000\000\000\000\000\000\000\000\000\000\000\000\000\000\000\000\000\0223\207\212\364\2356M\244\245T\036lI\302L\005""\237\006\372\365`\031<R\024\352)\265\310\372/\351\2536/\351\2537\n\000""; }; nodes {;   nodedata: ""\323C\344\327\264{\312-\017:\006{\177\344N\002\326bO\260\220\006\033\362\345\005U\221DzJ0\001\301\025%1L\307\t\261\262z\374\222T\301\274V\236\223\262\270Ct\362\337b\356\024*\324\320\351\317\002k\336\234\027v\351\217\260\303\360\233ZPZWr\246$w\313\313\r\243r\232\2234\373\3539:N\004Q\245\272D\312D\300\300\t\323\0257\345e\271\na\215{\226\255x%T\257\037\333\004\344_/R\006E\344\037@\210\363\010\336T\226\247'\204_{\261\370""1\235\2445\343\033Y!\212\201\341\272\225'\007F\022%\377:\002*3-\037\235\244\353""_\034\230\374~\270\372>ui~\000\\252\321fK\007\013\003""; }; "
1750527672517,1750527672517,0,1,2,3,TMGetLedger,"itype: liBASE; ledgerHash: ""\177X\227$\245tCB\345\314d\231A\300\204\371KJ\036\321\330\014]""EN\266$]\331\226c""; requestCookie: 5; queryType: qtINDIRECT; ","itype: liBASE; ledgerHash: ""\177X\227$\245tCB\345\314d\231A\300\204\371KJ\036\321\330\014]""EN\266$]\331\226c""; requestCookie: 5; queryType: qtINDIRECT; "
1750527672518,1750527672518,0,1,3,4,TMLedgerData,"ledgerHash: ""\177X\227$\245tCB\345\314d\231A\300\204\371KJ\036\321\330\014]""EN\266$]\331\226c""; ledgerSeq: 44; type: liBASE; nodes {;   nodedata: ""\000\000\000,\001cEx]\211\377\330Q\240\317\3502\006,|\364\004\275\034\006\337\370""\330\364\202\314\315\311?\030\260\361u)\336\202\265Y\000\000\000\000\000\000\000\000\000\000\000\000\000\000\000\000\000\000\000\000\000\000\000\000\000\000\000\000\000\000\000\000\0223\207\212\364\2356M\244\245T\036lI\302L\005""\237\006\372\365`\031<R\024\352)\265\310\372/\351\2536/\351\2537\n\000""; }; nodes {;   nodedata: ""\323C\344\327\264{\312-\017:\006{\177\344N\002\326bO\260\220\006\033\362\345\005U\221DzJ0\001\301\025%1L\307\t\261\262z\374\222T\301\274V\236\223\262\270Ct\362\337b\356\024*\324\320\351\317\002k\336\234\027v\351\217\260\303\360\233ZPZWr\246$w\313\313\r\243r\232\2234\373\3539:N\004Q\245\272D\312D\300\300\t\323\0257\345e\271\na\215{\226\255x%T\257\037\333\004\344_/R\006E\344\037@\210\363\010\336T\226\247'\204_{\261\370""1\235\2445\343\033Y!\212\201\341\272\225'\007F\022%\377:\002*3-\037\235\244\353""_\034\230\374~\270\372>ui~\000\\252\321fK\007\013\003""; }; ","ledgerHash: ""\177X\227$\245tCB\345\314d\231A\300\204\371KJ\036\321\330\014]""EN\266$]\331\226c""; ledgerSeq: 44; type: liBASE; nodes {;   nodedata: ""\000\000\000,\001cEx]\211\377\330Q\240\317\3502\006,|\364\004\275\034\006\337\370""\330\364\202\314\315\311?\030\260\361u)\336\202\265Y\000\000\000\000\000\000\000\000\000\000\000\000\000\000\000\000\000\000\000\000\000\000\000\000\000\000\000\000\000\000\000\000\0223\207\212\364\2356M\244\245T\036lI\302L\005""\237\006\372\365`\031<R\024\352)\265\310\372/\351\2536/\351\2537\n\000""; }; nodes {;   nodedata: ""\323C\344\327\264{\312-\017:\006{\177\344N\002\326bO\260\220\006\033\362\345\005U\221DzJ0\001\301\025%1L\307\t\261\262z\374\222T\301\274V\236\223\262\270Ct\362\337b\356\024*\324\320\351\317\002k\336\234\027v\351\217\260\303\360\233ZPZWr\246$w\313\313\r\243r\232\2234\373\3539:N\004Q\245\272D\312D\300\300\t\323\0257\345e\271\na\215{\226\255x%T\257\037\333\004\344_/R\006E\344\037@\210\363\010\336T\226\247'\204_{\261\370""1\235\2445\343\033Y!\212\201\341\272\225'\007F\022%\377:\002*3-\037\235\244\353""_\034\230\374~\270\372>ui~\000\\252\321fK\007\013\003""; }; "
1750527672519,1750527672519,0,1,3,2,TMLedgerData,"ledgerHash: ""\177X\227$\245tCB\345\314d\231A\300\204\371KJ\036\321\330\014]""EN\266$]\331\226c""; ledgerSeq: 44; type: liBASE; nodes {;   nodedata: ""\000\000\000,\001cEx]\211\377\330Q\240\317\3502\006,|\364\004\275\034\006\337\370""\330\364\202\314\315\311?\030\260\361u)\336\202\265Y\000\000\000\000\000\000\000\000\000\000\000\000\000\000\000\000\000\000\000\000\000\000\000\000\000\000\000\000\000\000\000\000\0223\207\212\364\2356M\244\245T\036lI\302L\005""\237\006\372\365`\031<R\024\352)\265\310\372/\351\2536/\351\2537\n\000""; }; nodes {;   nodedata: ""\323C\344\327\264{\312-\017:\006{\177\344N\002\326bO\260\220\006\033\362\345\005U\221DzJ0\001\301\025%1L\307\t\261\262z\374\222T\301\274V\236\223\262\270Ct\362\337b\356\024*\324\320\351\317\002k\336\234\027v\351\217\260\303\360\233ZPZWr\246$w\313\313\r\243r\232\2234\373\3539:N\004Q\245\272D\312D\300\300\t\323\0257\345e\271\na\215{\226\255x%T\257\037\333\004\344_/R\006E\344\037@\210\363\010\336T\226\247'\204_{\261\370""1\235\2445\343\033Y!\212\201\341\272\225'\007F\022%\377:\002*3-\037\235\244\353""_\034\230\374~\270\372>ui~\000\\252\321fK\007\013\003""; }; ","ledgerHash: ""\177X\227$\245tCB\345\314d\231A\300\204\371KJ\036\321\330\014]""EN\266$]\331\226c""; ledgerSeq: 44; type: liBASE; nodes {;   nodedata: ""\000\000\000,\001cEx]\211\377\330Q\240\317\3502\006,|\364\004\275\034\006\337\370""\330\364\202\314\315\311?\030\260\361u)\336\202\265Y\000\000\000\000\000\000\000\000\000\000\000\000\000\000\000\000\000\000\000\000\000\000\000\000\000\000\000\000\000\000\000\000\0223\207\212\364\2356M\244\245T\036lI\302L\005""\237\006\372\365`\031<R\024\352)\265\310\372/\351\2536/\351\2537\n\000""; }; nodes {;   nodedata: ""\323C\344\327\264{\312-\017:\006{\177\344N\002\326bO\260\220\006\033\362\345\005U\221DzJ0\001\301\025%1L\307\t\261\262z\374\222T\301\274V\236\223\262\270Ct\362\337b\356\024*\324\320\351\317\002k\336\234\027v\351\217\260\303\360\233ZPZWr\246$w\313\313\r\243r\232\2234\373\3539:N\004Q\245\272D\312D\300\300\t\323\0257\345e\271\na\215{\226\255x%T\257\037\333\004\344_/R\006E\344\037@\210\363\010\336T\226\247'\204_{\261\370""1\235\2445\343\033Y!\212\201\341\272\225'\007F\022%\377:\002*3-\037\235\244\353""_\034\230\374~\270\372>ui~\000\\252\321fK\007\013\003""; }; "
1750527672519,1750527672519,0,1,1,2,TMGetLedger,"itype: liBASE; ledgerHash: ""\177X\227$\245tCB\345\314d\231A\300\204\371KJ\036\321\330\014]""EN\266$]\331\226c""; ledgerSeq: 44; queryType: qtINDIRECT; ","itype: liBASE; ledgerHash: ""\177X\227$\245tCB\345\314d\231A\300\204\371KJ\036\321\330\014]""EN\266$]\331\226c""; ledgerSeq: 44; queryType: qtINDIRECT; "
1750527672519,1750527672520,0,1,1,2,TMValidation,"validation: """"\200\000\000\001&\000\000\000,)/\351\2538:p\210\265\307-\212\200\004Q\177X\227$\245tCB\345\314d\231A\300\204\371KJ\036\321\330\014]""EN\266$]\331\226cP\027\000\000\000\000\000\000\000\000\000\000\000\000\000\000\000\000\000\000\000\000\000\000\000\000\000\000\000\000\000\000\000\000P\031Q\240\317\3502\006,|\364\004\275\034\006\337\370""\330\364\202\314\315\311?\030\260\361u)\336\202\265Ys!\002\364d\217\366\217|\316F\232\231\241\n\261\333`\312O\367\235\025DD\336e\367\n\312\326\221\037\025\230vF0D\002 (E2\257ju\226K\343\303\227d\004\207Gp\007\224Hy\216y\022\212\252\260\032\275\357\301\327\341\002 \020\333\210\365\347:8J\267\020\373\210\212$\205i~b\261\330\353\342\346 \017r\007\237\335\275\315\264""; ","validation: """"\200\000\000\001&\000\000\000,)/\351\2538:p\210\265\307-\212\200\004Q\177X\227$\245tCB\345\314d\231A\300\204\371KJ\036\321\330\014]""EN\266$]\331\226cP\027\000\000\000\000\000\000\000\000\000\000\000\000\000\000\000\000\000\000\000\000\000\000\000\000\000\000\000\000\000\000\000\000P\031Q\240\317\3502\006,|\364\004\275\034\006\337\370""\330\364\202\314\315\311?\030\260\361u)\336\202\265Ys!\002\364d\217\366\217|\316F\232\231\241\n\261\333`\312O\367\235\025DD\336e\367\n\312\326\221\037\025\230vF0D\002 (E2\257ju\226K\343\303\227d\004\207Gp\007\224Hy\216y\022\212\252\260\032\275\357\301\327\341\002 \020\333\210\365\347:8J\267\020\373\210\212$\205i~b\261\330\353\342\346 \017r\007\237\335\275\315\264""; "
1750527672520,1750527672521,0,1,3,2,TMLedgerData,"ledgerHash: ""\177X\227$\245tCB\345\314d\231A\300\204\371KJ\036\321\330\014]""EN\266$]\331\226c""; ledgerSeq: 44; type: liBASE; nodes {;   nodedata: ""\000\000\000,\001cEx]\211\377\330Q\240\317\3502\006,|\364\004\275\034\006\337\370""\330\364\202\314\315\311?\030\260\361u)\336\202\265Y\000\000\000\000\000\000\000\000\000\000\000\000\000\000\000\000\000\000\000\000\000\000\000\000\000\000\000\000\000\000\000\000\0223\207\212\364\2356M\244\245T\036lI\302L\005""\237\006\372\365`\031<R\024\352)\265\310\372/\351\2536/\351\2537\n\000""; }; nodes {;   nodedata: ""\323C\344\327\264{\312-\017:\006{\177\344N\002\326bO\260\220\006\033\362\345\005U\221DzJ0\001\301\025%1L\307\t\261\262z\374\222T\301\274V\236\223\262\270Ct\362\337b\356\024*\324\320\351\317\002k\336\234\027v\351\217\260\303\360\233ZPZWr\246$w\313\313\r\243r\232\2234\373\3539:N\004Q\245\272D\312D\300\300\t\323\0257\345e\271\na\215{\226\255x%T\257\037\333\004\344_/R\006E\344\037@\210\363\010\336T\226\247'\204_{\261\370""1\235\2445\343\033Y!\212\201\341\272\225'\007F\022%\377:\002*3-\037\235\244\353""_\034\230\374~\270\372>ui~\000\\252\321fK\007\013\003""; }; ","ledgerHash: ""\177X\227$\245tCB\345\314d\231A\300\204\371KJ\036\321\330\014]""EN\266$]\331\226c""; ledgerSeq: 44; type: liBASE; nodes {;   nodedata: ""\000\000\000,\001cEx]\211\377\330Q\240\317\3502\006,|\364\004\275\034\006\337\370""\330\364\202\314\315\311?\030\260\361u)\336\202\265Y\000\000\000\000\000\000\000\000\000\000\000\000\000\000\000\000\000\000\000\000\000\000\000\000\000\000\000\000\000\000\000\000\0223\207\212\364\2356M\244\245T\036lI\302L\005""\237\006\372\365`\031<R\024\352)\265\310\372/\351\2536/\351\2537\n\000""; }; nodes {;   nodedata: ""\323C\344\327\264{\312-\017:\006{\177\344N\002\326bO\260\220\006\033\362\345\005U\221DzJ0\001\301\025%1L\307\t\261\262z\374\222T\301\274V\236\223\262\270Ct\362\337b\356\024*\324\320\351\317\002k\336\234\027v\351\217\260\303\360\233ZPZWr\246$w\313\313\r\243r\232\2234\373\3539:N\004Q\245\272D\312D\300\300\t\323\0257\345e\271\na\215{\226\255x%T\257\037\333\004\344_/R\006E\344\037@\210\363\010\336T\226\247'\204_{\261\370""1\235\2445\343\033Y!\212\201\341\272\225'\007F\022%\377:\002*3-\037\235\244\353""_\034\230\374~\270\372>ui~\000\\252\321fK\007\013\003""; }; "
1750527672521,1750527672521,0,1,4,3,TMGetLedger,"itype: liBASE; ledgerHash: ""\177X\227$\245tCB\345\314d\231A\300\204\371KJ\036\321\330\014]""EN\266$]\331\226c""; ledgerSeq: 44; requestCookie: 3; queryType: qtINDIRECT; ","itype: liBASE; ledgerHash: ""\177X\227$\245tCB\345\314d\231A\300\204\371KJ\036\321\330\014]""EN\266$]\331\226c""; ledgerSeq: 44; requestCookie: 3; queryType: qtINDIRECT; "
1750527672521,1750527672522,0,1,3,0,TMLedgerData,"ledgerHash: ""\177X\227$\245tCB\345\314d\231A\300\204\371KJ\036\321\330\014]""EN\266$]\331\226c""; ledgerSeq: 44; type: liBASE; nodes {;   nodedata: ""\000\000\000,\001cEx]\211\377\330Q\240\317\3502\006,|\364\004\275\034\006\337\370""\330\364\202\314\315\311?\030\260\361u)\336\202\265Y\000\000\000\000\000\000\000\000\000\000\000\000\000\000\000\000\000\000\000\000\000\000\000\000\000\000\000\000\000\000\000\000\0223\207\212\364\2356M\244\245T\036lI\302L\005""\237\006\372\365`\031<R\024\352)\265\310\372/\351\2536/\351\2537\n\000""; }; nodes {;   nodedata: ""\323C\344\327\264{\312-\017:\006{\177\344N\002\326bO\260\220\006\033\362\345\005U\221DzJ0\001\301\025%1L\307\t\261\262z\374\222T\301\274V\236\223\262\270Ct\362\337b\356\024*\324\320\351\317\002k\336\234\027v\351\217\260\303\360\233ZPZWr\246$w\313\313\r\243r\232\2234\373\3539:N\004Q\245\272D\312D\300\300\t\323\0257\345e\271\na\215{\226\255x%T\257\037\333\004\344_/R\006E\344\037@\210\363\010\336T\226\247'\204_{\261\370""1\235\2445\343\033Y!\212\201\341\272\225'\007F\022%\377:\002*3-\037\235\244\353""_\034\230\374~\270\372>ui~\000\\252\321fK\007\013\003""; }; ","ledgerHash: ""\177X\227$\245tCB\345\314d\231A\300\204\371KJ\036\321\330\014]""EN\266$]\331\226c""; ledgerSeq: 44; type: liBASE; nodes {;   nodedata: ""\000\000\000,\001cEx]\211\377\330Q\240\317\3502\006,|\364\004\275\034\006\337\370""\330\364\202\314\315\311?\030\260\361u)\336\202\265Y\000\000\000\000\000\000\000\000\000\000\000\000\000\000\000\000\000\000\000\000\000\000\000\000\000\000\000\000\000\000\000\000\0223\207\212\364\2356M\244\245T\036lI\302L\005""\237\006\372\365`\031<R\024\352)\265\310\372/\351\2536/\351\2537\n\000""; }; nodes {;   nodedata: ""\323C\344\327\264{\312-\017:\006{\177\344N\002\326bO\260\220\006\033\362\345\005U\221DzJ0\001\301\025%1L\307\t\261\262z\374\222T\301\274V\236\223\262\270Ct\362\337b\356\024*\324\320\351\317\002k\336\234\027v\351\217\260\303\360\233ZPZWr\246$w\313\313\r\243r\232\2234\373\3539:N\004Q\245\272D\312D\300\300\t\323\0257\345e\271\na\215{\226\255x%T\257\037\333\004\344_/R\006E\344\037@\210\363\010\336T\226\247'\204_{\261\370""1\235\2445\343\033Y!\212\201\341\272\225'\007F\022%\377:\002*3-\037\235\244\353""_\034\230\374~\270\372>ui~\000\\252\321fK\007\013\003""; }; "
1750527672522,1750527672522,0,1,1,0,TMValidation,"validation: """"\200\000\000\001&\000\000\000,)/\351\2538:p\210\265\307-\212\200\004Q\177X\227$\245tCB\345\314d\231A\300\204\371KJ\036\321\330\014]""EN\266$]\331\226cP\027\000\000\000\000\000\000\000\000\000\000\000\000\000\000\000\000\000\000\000\000\000\000\000\000\000\000\000\000\000\000\000\000P\031Q\240\317\3502\006,|\364\004\275\034\006\337\370""\330\364\202\314\315\311?\030\260\361u)\336\202\265Ys!\002\364d\217\366\217|\316F\232\231\241\n\261\333`\312O\367\235\025DD\336e\367\n\312\326\221\037\025\230vF0D\002 (E2\257ju\226K\343\303\227d\004\207Gp\007\224Hy\216y\022\212\252\260\032\275\357\301\327\341\002 \020\333\210\365\347:8J\267\020\373\210\212$\205i~b\261\330\353\342\346 \017r\007\237\335\275\315\264""; ","validation: """"\200\000\000\001&\000\000\000,)/\351\2538:p\210\265\307-\212\200\004Q\177X\227$\245tCB\345\314d\231A\300\204\371KJ\036\321\330\014]""EN\266$]\331\226cP\027\000\000\000\000\000\000\000\000\000\000\000\000\000\000\000\000\000\000\000\000\000\000\000\000\000\000\000\000\000\000\000\000P\031Q\240\317\3502\006,|\364\004\275\034\006\337\370""\330\364\202\314\315\311?\030\260\361u)\336\202\265Ys!\002\364d\217\366\217|\316F\232\231\241\n\261\333`\312O\367\235\025DD\336e\367\n\312\326\221\037\025\230vF0D\002 (E2\257ju\226K\343\303\227d\004\207Gp\007\224Hy\216y\022\212\252\260\032\275\357\301\327\341\002 \020\333\210\365\347:8J\267\020\373\210\212$\205i~b\261\330\353\342\346 \017r\007\237\335\275\315\264""; "
1750527672523,1750527672523,0,1,1,0,TMGetLedger,"itype: liBASE; ledgerHash: ""\177X\227$\245tCB\345\314d\231A\300\204\371KJ\036\321\330\014]""EN\266$]\331\226c""; ledgerSeq: 44; queryType: qtINDIRECT; ","itype: liBASE; ledgerHash: ""\177X\227$\245tCB\345\314d\231A\300\204\371KJ\036\321\330\014]""EN\266$]\331\226c""; ledgerSeq: 44; queryType: qtINDIRECT; "
1750527672523,1750527672524,0,1,2,3,TMGetLedger,"itype: liBASE; ledgerHash: ""\177X\227$\245tCB\345\314d\231A\300\204\371KJ\036\321\330\014]""EN\266$]\331\226c""; requestCookie: 2; queryType: qtINDIRECT; ","itype: liBASE; ledgerHash: ""\177X\227$\245tCB\345\314d\231A\300\204\371KJ\036\321\330\014]""EN\266$]\331\226c""; requestCookie: 2; queryType: qtINDIRECT; "
1750527672524,1750527672524,0,1,3,1,TMLedgerData,"ledgerHash: ""\177X\227$\245tCB\345\314d\231A\300\204\371KJ\036\321\330\014]""EN\266$]\331\226c""; ledgerSeq: 44; type: liBASE; nodes {;   nodedata: ""\000\000\000,\001cEx]\211\377\330Q\240\317\3502\006,|\364\004\275\034\006\337\370""\330\364\202\314\315\311?\030\260\361u)\336\202\265Y\000\000\000\000\000\000\000\000\000\000\000\000\000\000\000\000\000\000\000\000\000\000\000\000\000\000\000\000\000\000\000\000\0223\207\212\364\2356M\244\245T\036lI\302L\005""\237\006\372\365`\031<R\024\352)\265\310\372/\351\2536/\351\2537\n\000""; }; nodes {;   nodedata: ""\323C\344\327\264{\312-\017:\006{\177\344N\002\326bO\260\220\006\033\362\345\005U\221DzJ0\001\301\025%1L\307\t\261\262z\374\222T\301\274V\236\223\262\270Ct\362\337b\356\024*\324\320\351\317\002k\336\234\027v\351\217\260\303\360\233ZPZWr\246$w\313\313\r\243r\232\2234\373\3539:N\004Q\245\272D\312D\300\300\t\323\0257\345e\271\na\215{\226\255x%T\257\037\333\004\344_/R\006E\344\037@\210\363\010\336T\226\247'\204_{\261\370""1\235\2445\343\033Y!\212\201\341\272\225'\007F\022%\377:\002*3-\037\235\244\353""_\034\230\374~\270\372>ui~\000\\252\321fK\007\013\003""; }; ","ledgerHash: ""\177X\227$\245tCB\345\314d\231A\300\204\371KJ\036\321\330\014]""EN\266$]\331\226c""; ledgerSeq: 44; type: liBASE; nodes {;   nodedata: ""\000\000\000,\001cEx]\211\377\330Q\240\317\3502\006,|\364\004\275\034\006\337\370""\330\364\202\314\315\311?\030\260\361u)\336\202\265Y\000\000\000\000\000\000\000\000\000\000\000\000\000\000\000\000\000\000\000\000\000\000\000\000\000\000\000\000\000\000\000\000\0223\207\212\364\2356M\244\245T\036lI\302L\005""\237\006\372\365`\031<R\024\352)\265\310\372/\351\2536/\351\2537\n\000""; }; nodes {;   nodedata: ""\323C\344\327\264{\312-\017:\006{\177\344N\002\326bO\260\220\006\033\362\345\005U\221DzJ0\001\301\025%1L\307\t\261\262z\374\222T\301\274V\236\223\262\270Ct\362\337b\356\024*\324\320\351\317\002k\336\234\027v\351\217\260\303\360\233ZPZWr\246$w\313\313\r\243r\232\2234\373\3539:N\004Q\245\272D\312D\300\300\t\323\0257\345e\271\na\215{\226\255x%T\257\037\333\004\344_/R\006E\344\037@\210\363\010\336T\226\247'\204_{\261\370""1\235\2445\343\033Y!\212\201\341\272\225'\007F\022%\377:\002*3-\037\235\244\353""_\034\230\374~\270\372>ui~\000\\252\321fK\007\013\003""; }; "
1750527672524,1750527672525,0,1,4,3,TMGetLedger,"itype: liBASE; ledgerHash: ""\177X\227$\245tCB\345\314d\231A\300\204\371KJ\036\321\330\014]""EN\266$]\331\226c""; requestCookie: 1; queryType: qtINDIRECT; ","itype: liBASE; ledgerHash: ""\177X\227$\245tCB\345\314d\231A\300\204\371KJ\036\321\330\014]""EN\266$]\331\226c""; requestCookie: 1; queryType: qtINDIRECT; "
1750527672525,1750527672525,0,1,4,3,TMGetLedger,"itype: liBASE; ledgerHash: ""\177X\227$\245tCB\345\314d\231A\300\204\371KJ\036\321\330\014]""EN\266$]\331\226c""; ledgerSeq: 44; requestCookie: 2; queryType: qtINDIRECT; ","itype: liBASE; ledgerHash: ""\177X\227$\245tCB\345\314d\231A\300\204\371KJ\036\321\330\014]""EN\266$]\331\226c""; ledgerSeq: 44; requestCookie: 2; queryType: qtINDIRECT; "
1750527672526,1750527672526,0,1,3,2,TMLedgerData,"ledgerHash: ""\177X\227$\245tCB\345\314d\231A\300\204\371KJ\036\321\330\014]""EN\266$]\331\226c""; ledgerSeq: 44; type: liBASE; nodes {;   nodedata: ""\000\000\000,\001cEx]\211\377\330Q\240\317\3502\006,|\364\004\275\034\006\337\370""\330\364\202\314\315\311?\030\260\361u)\336\202\265Y\000\000\000\000\000\000\000\000\000\000\000\000\000\000\000\000\000\000\000\000\000\000\000\000\000\000\000\000\000\000\000\000\0223\207\212\364\2356M\244\245T\036lI\302L\005""\237\006\372\365`\031<R\024\352)\265\310\372/\351\2536/\351\2537\n\000""; }; nodes {;   nodedata: ""\323C\344\327\264{\312-\017:\006{\177\344N\002\326bO\260\220\006\033\362\345\005U\221DzJ0\001\301\025%1L\307\t\261\262z\374\222T\301\274V\236\223\262\270Ct\362\337b\356\024*\324\320\351\317\002k\336\234\027v\351\217\260\303\360\233ZPZWr\246$w\313\313\r\243r\232\2234\373\3539:N\004Q\245\272D\312D\300\300\t\323\0257\345e\271\na\215{\226\255x%T\257\037\333\004\344_/R\006E\344\037@\210\363\010\336T\226\247'\204_{\261\370""1\235\2445\343\033Y!\212\201\341\272\225'\007F\022%\377:\002*3-\037\235\244\353""_\034\230\374~\270\372>ui~\000\\252\321fK\007\013\003""; }; requestCookie: 5; ","ledgerHash: ""\177X\227$\245tCB\345\314d\231A\300\204\371KJ\036\321\330\014]""EN\266$]\331\226c""; ledgerSeq: 44; type: liBASE; nodes {;   nodedata: ""\000\000\000,\001cEx]\211\377\330Q\240\317\3502\006,|\364\004\275\034\006\337\370""\330\364\202\314\315\311?\030\260\361u)\336\202\265Y\000\000\000\000\000\000\000\000\000\000\000\000\000\000\000\000\000\000\000\000\000\000\000\000\000\000\000\000\000\000\000\000\0223\207\212\364\2356M\244\245T\036lI\302L\005""\237\006\372\365`\031<R\024\352)\265\310\372/\351\2536/\351\2537\n\000""; }; nodes {;   nodedata: ""\323C\344\327\264{\312-\017:\006{\177\344N\002\326bO\260\220\006\033\362\345\005U\221DzJ0\001\301\025%1L\307\t\261\262z\374\222T\301\274V\236\223\262\270Ct\362\337b\356\024*\324\320\351\317\002k\336\234\027v\351\217\260\303\360\233ZPZWr\246$w\313\313\r\243r\232\2234\373\3539:N\004Q\245\272D\312D\300\300\t\323\0257\345e\271\na\215{\226\255x%T\257\037\333\004\344_/R\006E\344\037@\210\363\010\336T\226\247'\204_{\261\370""1\235\2445\343\033Y!\212\201\341\272\225'\007F\022%\377:\002*3-\037\235\244\353""_\034\230\374~\270\372>ui~\000\\252\321fK\007\013\003""; }; requestCookie: 5; "
1750527672526,1750527672527,0,1,4,3,TMGetLedger,"itype: liAS_NODE; ledgerHash: ""\177X\227$\245tCB\345\314d\231A\300\204\371KJ\036\321\330\014]""EN\266$]\331\226c""; ledgerSeq: 44; nodeIDs: ""\260\000\000\000\000\000\000\000\000\000\000\000\000\000\000\000\000\000\000\000\000\000\000\000\000\000\000\000\000\000\000\000\001""; queryType: qtINDIRECT; queryDepth: 1; ","itype: liAS_NODE; ledgerHash: ""\177X\227$\245tCB\345\314d\231A\300\204\371KJ\036\321\330\014]""EN\266$]\331\226c""; ledgerSeq: 44; nodeIDs: ""\260\000\000\000\000\000\000\000\000\000\000\000\000\000\000\000\000\000\000\000\000\000\000\000\000\000\000\000\000\000\000\000\001""; queryType: qtINDIRECT; queryDepth: 1; "
1750527672527,1750527672527,0,1,2,3,TMGetLedger,"itype: liAS_NODE; ledgerHash: ""\177X\227$\245tCB\345\314d\231A\300\204\371KJ\036\321\330\014]""EN\266$]\331\226c""; ledgerSeq: 44; nodeIDs: ""\260\000\000\000\000\000\000\000\000\000\000\000\000\000\000\000\000\000\000\000\000\000\000\000\000\000\000\000\000\000\000\000\001""; queryType: qtINDIRECT; queryDepth: 1; ","itype: liAS_NODE; ledgerHash: ""\177X\227$\245tCB\345\314d\231A\300\204\371KJ\036\321\330\014]""EN\266$]\331\226c""; ledgerSeq: 44; nodeIDs: ""\260\000\000\000\000\000\000\000\000\000\000\000\000\000\000\000\000\000\000\000\000\000\000\000\000\000\000\000\000\000\000\000\001""; queryType: qtINDIRECT; queryDepth: 1; "
1750527672528,1750527672528,0,1,2,3,TMGetLedger,"itype: liBASE; ledgerHash: ""\177X\227$\245tCB\345\314d\231A\300\204\371KJ\036\321\330\014]""EN\266$]\331\226c""; ledgerSeq: 44; requestCookie: 3; queryType: qtINDIRECT; ","itype: liBASE; ledgerHash: ""\177X\227$\245tCB\345\314d\231A\300\204\371KJ\036\321\330\014]""EN\266$]\331\226c""; ledgerSeq: 44; requestCookie: 3; queryType: qtINDIRECT; "
1750527672528,1750527672528,0,1,3,4,TMLedgerData,"ledgerHash: ""\177X\227$\245tCB\345\314d\231A\300\204\371KJ\036\321\330\014]""EN\266$]\331\226c""; ledgerSeq: 44; type: liBASE; nodes {;   nodedata: ""\000\000\000,\001cEx]\211\377\330Q\240\317\3502\006,|\364\004\275\034\006\337\370""\330\364\202\314\315\311?\030\260\361u)\336\202\265Y\000\000\000\000\000\000\000\000\000\000\000\000\000\000\000\000\000\000\000\000\000\000\000\000\000\000\000\000\000\000\000\000\0223\207\212\364\2356M\244\245T\036lI\302L\005""\237\006\372\365`\031<R\024\352)\265\310\372/\351\2536/\351\2537\n\000""; }; nodes {;   nodedata: ""\323C\344\327\264{\312-\017:\006{\177\344N\002\326bO\260\220\006\033\362\345\005U\221DzJ0\001\301\025%1L\307\t\261\262z\374\222T\301\274V\236\223\262\270Ct\362\337b\356\024*\324\320\351\317\002k\336\234\027v\351\217\260\303\360\233ZPZWr\246$w\313\313\r\243r\232\2234\373\3539:N\004Q\245\272D\312D\300\300\t\323\0257\345e\271\na\215{\226\255x%T\257\037\333\004\344_/R\006E\344\037@\210\363\010\336T\226\247'\204_{\261\370""1\235\2445\343\033Y!\212\201\341\272\225'\007F\022%\377:\002*3-\037\235\244\353""_\034\230\374~\270\372>ui~\000\\252\321fK\007\013\003""; }; requestCookie: 3; ","ledgerHash: ""\177X\227$\245tCB\345\314d\231A\300\204\371KJ\036\321\330\014]""EN\266$]\331\226c""; ledgerSeq: 44; type: liBASE; nodes {;   nodedata: ""\000\000\000,\001cEx]\211\377\330Q\240\317\3502\006,|\364\004\275\034\006\337\370""\330\364\202\314\315\311?\030\260\361u)\336\202\265Y\000\000\000\000\000\000\000\000\000\000\000\000\000\000\000\000\000\000\000\000\000\000\000\000\000\000\000\000\000\000\000\000\0223\207\212\364\2356M\244\245T\036lI\302L\005""\237\006\372\365`\031<R\024\352)\265\310\372/\351\2536/\351\2537\n\000""; }; nodes {;   nodedata: ""\323C\344\327\264{\312-\017:\006{\177\344N\002\326bO\260\220\006\033\362\345\005U\221DzJ0\001\301\025%1L\307\t\261\262z\374\222T\301\274V\236\223\262\270Ct\362\337b\356\024*\324\320\351\317\002k\336\234\027v\351\217\260\303\360\233ZPZWr\246$w\313\313\r\243r\232\2234\373\3539:N\004Q\245\272D\312D\300\300\t\323\0257\345e\271\na\215{\226\255x%T\257\037\333\004\344_/R\006E\344\037@\210\363\010\336T\226\247'\204_{\261\370""1\235\2445\343\033Y!\212\201\341\272\225'\007F\022%\377:\002*3-\037\235\244\353""_\034\230\374~\270\372>ui~\000\\252\321fK\007\013\003""; }; requestCookie: 3; "
1750527672529,1750527672529,0,1,0,3,TMGetLedger,"itype: liBASE; ledgerHash: ""\177X\227$\245tCB\345\314d\231A\300\204\371KJ\036\321\330\014]""EN\266$]\331\226c""; queryType: qtINDIRECT; ","itype: liBASE; ledgerHash: ""\177X\227$\245tCB\345\314d\231A\300\204\371KJ\036\321\330\014]""EN\266$]\331\226c""; queryType: qtINDIRECT; "
1750527672530,1750527672530,0,1,0,3,TMGetLedger,"itype: liBASE; ledgerHash: ""\177X\227$\245tCB\345\314d\231A\300\204\371KJ\036\321\330\014]""EN\266$]\331\226c""; ledgerSeq: 44; requestCookie: 3; queryType: qtINDIRECT; ","itype: liBASE; ledgerHash: ""\177X\227$\245tCB\345\314d\231A\300\204\371KJ\036\321\330\014]""EN\266$]\331\226c""; ledgerSeq: 44; requestCookie: 3; queryType: qtINDIRECT; "
1750527672530,1750527672530,0,1,3,2,TMLedgerData,"ledgerHash: ""\177X\227$\245tCB\345\314d\231A\300\204\371KJ\036\321\330\014]""EN\266$]\331\226c""; ledgerSeq: 44; type: liBASE; nodes {;   nodedata: ""\000\000\000,\001cEx]\211\377\330Q\240\317\3502\006,|\364\004\275\034\006\337\370""\330\364\202\314\315\311?\030\260\361u)\336\202\265Y\000\000\000\000\000\000\000\000\000\000\000\000\000\000\000\000\000\000\000\000\000\000\000\000\000\000\000\000\000\000\000\000\0223\207\212\364\2356M\244\245T\036lI\302L\005""\237\006\372\365`\031<R\024\352)\265\310\372/\351\2536/\351\2537\n\000""; }; nodes {;   nodedata: ""\323C\344\327\264{\312-\017:\006{\177\344N\002\326bO\260\220\006\033\362\345\005U\221DzJ0\001\301\025%1L\307\t\261\262z\374\222T\301\274V\236\223\262\270Ct\362\337b\356\024*\324\320\351\317\002k\336\234\027v\351\217\260\303\360\233ZPZWr\246$w\313\313\r\243r\232\2234\373\3539:N\004Q\245\272D\312D\300\300\t\323\0257\345e\271\na\215{\226\255x%T\257\037\333\004\344_/R\006E\344\037@\210\363\010\336T\226\247'\204_{\261\370""1\235\2445\343\033Y!\212\201\341\272\225'\007F\022%\377:\002*3-\037\235\244\353""_\034\230\374~\270\372>ui~\000\\252\321fK\007\013\003""; }; requestCookie: 2; ","ledgerHash: ""\177X\227$\245tCB\345\314d\231A\300\204\371KJ\036\321\330\014]""EN\266$]\331\226c""; ledgerSeq: 44; type: liBASE; nodes {;   nodedata: ""\000\000\000,\001cEx]\211\377\330Q\240\317\3502\006,|\364\004\275\034\006\337\370""\330\364\202\314\315\311?\030\260\361u)\336\202\265Y\000\000\000\000\000\000\000\000\000\000\000\000\000\000\000\000\000\000\000\000\000\000\000\000\000\000\000\000\000\000\000\000\0223\207\212\364\2356M\244\245T\036lI\302L\005""\237\006\372\365`\031<R\024\352)\265\310\372/\351\2536/\351\2537\n\000""; }; nodes {;   nodedata: ""\323C\344\327\264{\312-\017:\006{\177\344N\002\326bO\260\220\006\033\362\345\005U\221DzJ0\001\301\025%1L\307\t\261\262z\374\222T\301\274V\236\223\262\270Ct\362\337b\356\024*\324\320\351\317\002k\336\234\027v\351\217\260\303\360\233ZPZWr\246$w\313\313\r\243r\232\2234\373\3539:N\004Q\245\272D\312D\300\300\t\323\0257\345e\271\na\215{\226\255x%T\257\037\333\004\344_/R\006E\344\037@\210\363\010\336T\226\247'\204_{\261\370""1\235\2445\343\033Y!\212\201\341\272\225'\007F\022%\377:\002*3-\037\235\244\353""_\034\230\374~\270\372>ui~\000\\252\321fK\007\013\003""; }; requestCookie: 2; "
1750527672530,1750527672531,0,1,0,3,TMGetLedger,"itype: liBASE; ledgerHash: ""\177X\227$\245tCB\345\314d\231A\300\204\371KJ\036\321\330\014]""EN\266$]\331\226c""; requestCookie: 5; queryType: qtINDIRECT; ","itype: liBASE; ledgerHash: ""\177X\227$\245tCB\345\314d\231A\300\204\371KJ\036\321\330\014]""EN\266$]\331\226c""; requestCookie: 5; queryType: qtINDIRECT; "
1750527672532,1750527672532,0,1,1,3,TMGetLedger,"itype: liBASE; ledgerHash: ""\177X\227$\245tCB\345\314d\231A\300\204\371KJ\036\321\330\014]""EN\266$]\331\226c""; ledgerSeq: 44; queryType: qtINDIRECT; ","itype: liBASE; ledgerHash: ""\177X\227$\245tCB\345\314d\231A\300\204\371KJ\036\321\330\014]""EN\266$]\331\226c""; ledgerSeq: 44; queryType: qtINDIRECT; "
1750527672532,1750527672532,0,1,1,3,TMGetLedger,"itype: liBASE; ledgerHash: ""\177X\227$\245tCB\345\314d\231A\300\204\371KJ\036\321\330\014]""EN\266$]\331\226c""; requestCookie: 5; queryType: qtINDIRECT; ","itype: liBASE; ledgerHash: ""\177X\227$\245tCB\345\314d\231A\300\204\371KJ\036\321\330\014]""EN\266$]\331\226c""; requestCookie: 5; queryType: qtINDIRECT; "
1750527672533,1750527672533,0,1,3,4,TMLedgerData,"ledgerHash: ""\177X\227$\245tCB\345\314d\231A\300\204\371KJ\036\321\330\014]""EN\266$]\331\226c""; ledgerSeq: 44; type: liBASE; nodes {;   nodedata: ""\000\000\000,\001cEx]\211\377\330Q\240\317\3502\006,|\364\004\275\034\006\337\370""\330\364\202\314\315\311?\030\260\361u)\336\202\265Y\000\000\000\000\000\000\000\000\000\000\000\000\000\000\000\000\000\000\000\000\000\000\000\000\000\000\000\000\000\000\000\000\0223\207\212\364\2356M\244\245T\036lI\302L\005""\237\006\372\365`\031<R\024\352)\265\310\372/\351\2536/\351\2537\n\000""; }; nodes {;   nodedata: ""\323C\344\327\264{\312-\017:\006{\177\344N\002\326bO\260\220\006\033\362\345\005U\221DzJ0\001\301\025%1L\307\t\261\262z\374\222T\301\274V\236\223\262\270Ct\362\337b\356\024*\324\320\351\317\002k\336\234\027v\351\217\260\303\360\233ZPZWr\246$w\313\313\r\243r\232\2234\373\3539:N\004Q\245\272D\312D\300\300\t\323\0257\345e\271\na\215{\226\255x%T\257\037\333\004\344_/R\006E\344\037@\210\363\010\336T\226\247'\204_{\261\370""1\235\2445\343\033Y!\212\201\341\272\225'\007F\022%\377:\002*3-\037\235\244\353""_\034\230\374~\270\372>ui~\000\\252\321fK\007\013\003""; }; requestCookie: 1; ","ledgerHash: ""\177X\227$\245tCB\345\314d\231A\300\204\371KJ\036\321\330\014]""EN\266$]\331\226c""; ledgerSeq: 44; type: liBASE; nodes {;   nodedata: ""\000\000\000,\001cEx]\211\377\330Q\240\317\3502\006,|\364\004\275\034\006\337\370""\330\364\202\314\315\311?\030\260\361u)\336\202\265Y\000\000\000\000\000\000\000\000\000\000\000\000\000\000\000\000\000\000\000\000\000\000\000\000\000\000\000\000\000\000\000\000\0223\207\212\364\2356M\244\245T\036lI\302L\005""\237\006\372\365`\031<R\024\352)\265\310\372/\351\2536/\351\2537\n\000""; }; nodes {;   nodedata: ""\323C\344\327\264{\312-\017:\006{\177\344N\002\326bO\260\220\006\033\362\345\005U\221DzJ0\001\301\025%1L\307\t\261\262z\374\222T\301\274V\236\223\262\270Ct\362\337b\356\024*\324\320\351\317\002k\336\234\027v\351\217\260\303\360\233ZPZWr\246$w\313\313\r\243r\232\2234\373\3539:N\004Q\245\272D\312D\300\300\t\323\0257\345e\271\na\215{\226\255x%T\257\037\333\004\344_/R\006E\344\037@\210\363\010\336T\226\247'\204_{\261\370""1\235\2445\343\033Y!\212\201\341\272\225'\007F\022%\377:\002*3-\037\235\244\353""_\034\230\374~\270\372>ui~\000\\252\321fK\007\013\003""; }; requestCookie: 1; "
1750527672533,1750527672534,0,1,1,3,TMGetLedger,"itype: liBASE; ledgerHash: ""\177X\227$\245tCB\345\314d\231A\300\204\371KJ\036\321\330\014]""EN\266$]\331\226c""; requestCookie: 2; queryType: qtINDIRECT; ","itype: liBASE; ledgerHash: ""\177X\227$\245tCB\345\314d\231A\300\204\371KJ\036\321\330\014]""EN\266$]\331\226c""; requestCookie: 2; queryType: qtINDIRECT; "
1750527672534,1750527672534,0,1,1,3,TMGetLedger,"itype: liBASE; ledgerHash: ""\177X\227$\245tCB\345\314d\231A\300\204\371KJ\036\321\330\014]""EN\266$]\331\226c""; ledgerSeq: 44; requestCookie: 3; queryType: qtINDIRECT; ","itype: liBASE; ledgerHash: ""\177X\227$\245tCB\345\314d\231A\300\204\371KJ\036\321\330\014]""EN\266$]\331\226c""; ledgerSeq: 44; requestCookie: 3; queryType: qtINDIRECT; "
1750527672535,1750527672535,0,1,3,4,TMLedgerData,"ledgerHash: ""\177X\227$\245tCB\345\314d\231A\300\204\371KJ\036\321\330\014]""EN\266$]\331\226c""; ledgerSeq: 44; type: liBASE; nodes {;   nodedata: ""\000\000\000,\001cEx]\211\377\330Q\240\317\3502\006,|\364\004\275\034\006\337\370""\330\364\202\314\315\311?\030\260\361u)\336\202\265Y\000\000\000\000\000\000\000\000\000\000\000\000\000\000\000\000\000\000\000\000\000\000\000\000\000\000\000\000\000\000\000\000\0223\207\212\364\2356M\244\245T\036lI\302L\005""\237\006\372\365`\031<R\024\352)\265\310\372/\351\2536/\351\2537\n\000""; }; nodes {;   nodedata: ""\323C\344\327\264{\312-\017:\006{\177\344N\002\326bO\260\220\006\033\362\345\005U\221DzJ0\001\301\025%1L\307\t\261\262z\374\222T\301\274V\236\223\262\270Ct\362\337b\356\024*\324\320\351\317\002k\336\234\027v\351\217\260\303\360\233ZPZWr\246$w\313\313\r\243r\232\2234\373\3539:N\004Q\245\272D\312D\300\300\t\323\0257\345e\271\na\215{\226\255x%T\257\037\333\004\344_/R\006E\344\037@\210\363\010\336T\226\247'\204_{\261\370""1\235\2445\343\033Y!\212\201\341\272\225'\007F\022%\377:\002*3-\037\235\244\353""_\034\230\374~\270\372>ui~\000\\252\321fK\007\013\003""; }; requestCookie: 2; ","ledgerHash: ""\177X\227$\245tCB\345\314d\231A\300\204\371KJ\036\321\330\014]""EN\266$]\331\226c""; ledgerSeq: 44; type: liBASE; nodes {;   nodedata: ""\000\000\000,\001cEx]\211\377\330Q\240\317\3502\006,|\364\004\275\034\006\337\370""\330\364\202\314\315\311?\030\260\361u)\336\202\265Y\000\000\000\000\000\000\000\000\000\000\000\000\000\000\000\000\000\000\000\000\000\000\000\000\000\000\000\000\000\000\000\000\0223\207\212\364\2356M\244\245T\036lI\302L\005""\237\006\372\365`\031<R\024\352)\265\310\372/\351\2536/\351\2537\n\000""; }; nodes {;   nodedata: ""\323C\344\327\264{\312-\017:\006{\177\344N\002\326bO\260\220\006\033\362\345\005U\221DzJ0\001\301\025%1L\307\t\261\262z\374\222T\301\274V\236\223\262\270Ct\362\337b\356\024*\324\320\351\317\002k\336\234\027v\351\217\260\303\360\233ZPZWr\246$w\313\313\r\243r\232\2234\373\3539:N\004Q\245\272D\312D\300\300\t\323\0257\345e\271\na\215{\226\255x%T\257\037\333\004\344_/R\006E\344\037@\210\363\010\336T\226\247'\204_{\261\370""1\235\2445\343\033Y!\212\201\341\272\225'\007F\022%\377:\002*3-\037\235\244\353""_\034\230\374~\270\372>ui~\000\\252\321fK\007\013\003""; }; requestCookie: 2; "
1750527672535,1750527672535,0,1,2,4,TMLedgerData,"ledgerHash: ""\177X\227$\245tCB\345\314d\231A\300\204\371KJ\036\321\330\014]""EN\266$]\331\226c""; ledgerSeq: 44; type: liBASE; nodes {;   nodedata: ""\000\000\000,\001cEx]\211\377\330Q\240\317\3502\006,|\364\004\275\034\006\337\370""\330\364\202\314\315\311?\030\260\361u)\336\202\265Y\000\000\000\000\000\000\000\000\000\000\000\000\000\000\000\000\000\000\000\000\000\000\000\000\000\000\000\000\000\000\000\000\0223\207\212\364\2356M\244\245T\036lI\302L\005""\237\006\372\365`\031<R\024\352)\265\310\372/\351\2536/\351\2537\n\000""; }; nodes {;   nodedata: ""\323C\344\327\264{\312-\017:\006{\177\344N\002\326bO\260\220\006\033\362\345\005U\221DzJ0\001\301\025%1L\307\t\261\262z\374\222T\301\274V\236\223\262\270Ct\362\337b\356\024*\324\320\351\317\002k\336\234\027v\351\217\260\303\360\233ZPZWr\246$w\313\313\r\243r\232\2234\373\3539:N\004Q\245\272D\312D\300\300\t\323\0257\345e\271\na\215{\226\255x%T\257\037\333\004\344_/R\006E\344\037@\210\363\010\336T\226\247'\204_{\261\370""1\235\2445\343\033Y!\212\201\341\272\225'\007F\022%\377:\002*3-\037\235\244\353""_\034\230\374~\270\372>ui~\000\\252\321fK\007\013\003""; }; ","ledgerHash: ""\177X\227$\245tCB\345\314d\231A\300\204\371KJ\036\321\330\014]""EN\266$]\331\226c""; ledgerSeq: 44; type: liBASE; nodes {;   nodedata: ""\000\000\000,\001cEx]\211\377\330Q\240\317\3502\006,|\364\004\275\034\006\337\370""\330\364\202\314\315\311?\030\260\361u)\336\202\265Y\000\000\000\000\000\000\000\000\000\000\000\000\000\000\000\000\000\000\000\000\000\000\000\000\000\000\000\000\000\000\000\000\0223\207\212\364\2356M\244\245T\036lI\302L\005""\237\006\372\365`\031<R\024\352)\265\310\372/\351\2536/\351\2537\n\000""; }; nodes {;   nodedata: ""\323C\344\327\264{\312-\017:\006{\177\344N\002\326bO\260\220\006\033\362\345\005U\221DzJ0\001\301\025%1L\307\t\261\262z\374\222T\301\274V\236\223\262\270Ct\362\337b\356\024*\324\320\351\317\002k\336\234\027v\351\217\260\303\360\233ZPZWr\246$w\313\313\r\243r\232\2234\373\3539:N\004Q\245\272D\312D\300\300\t\323\0257\345e\271\na\215{\226\255x%T\257\037\333\004\344_/R\006E\344\037@\210\363\010\336T\226\247'\204_{\261\370""1\235\2445\343\033Y!\212\201\341\272\225'\007F\022%\377:\002*3-\037\235\244\353""_\034\230\374~\270\372>ui~\000\\252\321fK\007\013\003""; }; "
1750527672536,1750527672536,0,1,3,4,TMLedgerData,"ledgerHash: ""\177X\227$\245tCB\345\314d\231A\300\204\371KJ\036\321\330\014]""EN\266$]\331\226c""; ledgerSeq: 44; type: liAS_NODE; nodes {;   nodedata: ""\021\000h""\000\000\000\000 \033\000\000\000+\002\023\305\277\330\356GuH\375\327!\255\371\r\231\262R\256J\034\222\241\355X\265E\241^W\225\304\014\361CX-}\351f\032\255\274\334m\326c\017\014ao[\342\230\003\245\245\3341Hm\326^\017jy\335\261\032Yt\320\244{g\0306\\302\303*\341\215\223\257\364\277o\375\000r\241SOq\221\253\262\005\017\375T\356\014\360o'\030\311-\267\031\257!\031T\006><\315XM\334\324\345\034\000\325\367\240\271\013\265\024\321\362\354\211\250.\234s\225amc\305\035\366\276\037nD\277`\210\223N\3535\033\261\304f\331]\036\237\306o!\223\221\002\324\031\262\240R\177 ,\214\325\Q])\016\2067\277\t\354\010\000\360\215\2502\265\245\310\226\243c\302Ze\306\253#r\020\211\320iG\276\020E\317\035Sf\223F\254\033@\177e\277\016\010u\327\371&\262\312\317Q\2361t\377x\234\001v\003%\030\325_\225g\204\346a=\225\273\331\354\365*U\363\263N\367b\371\244\314-w\363\262\225Z\200\206\235\233\257?sE\2674\254\326mU\377?\177Ek\336\030!\316Aa\225\303\022\377{\210Y\226\271as\354L\035\004\341\361\035\301\024\220m#*\372\032\3178~\374\250\014*\323\342'z69\220\327\256\351G\367\317u\302\207\270b\315\333\333\334\310I\323&\014\352XZnW2.\335\347\202\021\247\362\212e\034\000\001\250\220\305;a\314\265R\310\017\317\331\235\360\262\240:\277\202\266\354\265X""\022\nh\252\352w\204\203\023]\001f\352\277\0031Q]\362\370R\350{\261\202\240\344\215\201\353\276\322p5p\350\354\017>\250r\241c\273\016\301\024\363\242\247\263\231\370\344\nBW\220K\316@3\243\200\036wk\253GSlU\010\360\231>\331\263H\214\324\030A\225\301o\346pkSF\004\241\213w9\223=\250\262*+\255\351r\265\244c\024\213\t\007`\223\325#\3477\210\345P\306\013\320\252[\0216+\227=`\371P\314\346 V7\271[~\n\237\274|\347\352@K\253~&\260\032\024\004B\200\255h\351\013\361\031:nG\211\005|\2003\266\274\251,W\006u\344\335d\003\306\212\313,\340\350bG\n\030Z\2732-\246\312\255\030\003\235207\005}D\260\0261ah\322M\304\216\273m0\271\234\237\007<w$\265C\245\232\033\023\313c\321B\032l\301h\005\320\252\301\361(\330[\343\357\343{\235\n\266g\272>\177\317\347\261qb&\270&\346ju\200\363N\320\307\004\034\001n\317\361\2653\254\2503\247\305\372\316W\022O\253x\250\025\373\247\354Tc\304\263\243^\352Gv\\264\261\r\035\226\306\2411\351\233\203\215\200$\231\300f\220\371c@\017\254\363\\371\340\340VaR\205~^\226\342t\360\022\204d\231\205)\272\364?\361!\334\331\315\254\230\rBG\314\023\246\244=\351\177\254\302b&\276+H;0\312\021&\275\036\237\350R\313\206R\331\304k\323u\263t\221\213yC\241\217A\242\027g\322\241'\212.E?B_\316\327\217J +\370\t^b\005\020\003\211\373\247|hC\271Nmk~J\270EU\274\036-\347\240\312FA\321\341bca\253\025\321\311\317\021\375\317\217\n\272\033o\353G>\275\361H\265\240\232um""\317\324`\214\221\314\000\211K\223+(""\200i \311\372g\254\343ZR0\224\275q\252\357\213\263\206N\357&Q\217\267\303\356I\236\357\264\311b\037\366\035\253\343\311\265\240\327q\206f\262ODi\215-\363>\034\236l\273\005G\316F\217}[\036\007\270:\260\335\271B\241N\345\330\204\327f\361\272Kb\0377p\334\264\237\177~\330]\252+:\317u\302h\n\351\n\364\231\277R\371\356\033y\265v\360Ny\246\332qY\262\231\251\n\305\334\202\305\362\n\367@k\231\016R:\327\242\366\242\253LZY\223$Gw^\203\302\311\316I7\371tTwp}\005|\372\214\251{R`\230V\244-\326I\351\255\325i\335\377\321\353\327\331\302\023\347y\016\263\271\317\306\017UV\314qu?\0064A\315{3D\010\016S\212\2353k0\361\214ID\303g\277\010Y_\001~\021\333\370\255\374\\331\306\255\336)\365Rth\024\t\300.M\315\321S\257\224\252\362\326P\316\303%nX\3742\333\036\004Y\264yG^\234\177\214\305q\237\274G\300a4\275\240s\215\222\210\016\020G\344=-:GK\312\035\271\201\350\376F\260G\347\000\235\365P6pmH\033\373\212c\377o\232\356\320D\002\277,]os{\354/?\312e\006wda\001\023\375\316\025\254\321\244\370+Y`\220\270\254\2601E[FI\310\235<qI \356\032v%\001\230\016\203\200\251UD\347\304\373\034\211\340@\342\033\263\365\356\341\357\350\324\035J\032\177\230\207\220\303+\207\352g\317N\027>\222M\271m\033\236\021:\272\233r\373\233hC}\256\020\210\010\233\335\025[ d(\343\263\327\177\030\246\254H\277\254E\231\006\033_lB\210\264\334Y\322\314\362\320L\000Q\240\317\3502\006,|\364\004\275\034\006\337\370""\330\364\202\314\315\311?\030\260\361u)\336\202\265Y\264\227\2326\315\307\363\323\325\303\032N\256*\307\327 \235\332\207u\210\271\257\306g\231i*\260\326k\001"";   nodeid: ""\260\000\000\000\000\000\000\000\000\000\000\000\000\000\000\000\000\000\000\000\000\000\000\000\000\000\000\000\000\000\000\000\001""; }; ","ledgerHash: ""\177X\227$\245tCB\345\314d\231A\300\204\371KJ\036\321\330\014]""EN\266$]\331\226c""; ledgerSeq: 44; type: liAS_NODE; nodes {;   nodedata: ""\021\000h""\000\000\000\000 \033\000\000\000+\002\023\305\277\330\356GuH\375\327!\255\371\r\231\262R\256J\034\222\241\355X\265E\241^W\225\304\014\361CX-}\351f\032\255\274\334m\326c\017\014ao[\342\230\003\245\245\3341Hm\326^\017jy\335\261\032Yt\320\244{g\0306\\302\303*\341\215\223\257\364\277o\375\000r\241SOq\221\253\262\005\017\375T\356\014\360o'\030\311-\267\031\257!\031T\006><\315XM\334\324\345\034\000\325\367\240\271\013\265\024\321\362\354\211\250.\234s\225amc\305\035\366\276\037nD\277`\210\223N\3535\033\261\304f\331]\036\237\306o!\223\221\002\324\031\262\240R\177 ,\214\325\Q])\016\2067\277\t\354\010\000\360\215\2502\265\245\310\226\243c\302Ze\306\253#r\020\211\320iG\276\020E\317\035Sf\223F\254\033@\177e\277\016\010u\327\371&\262\312\317Q\2361t\377x\234\001v\003%\030\325_\225g\204\346a=\225\273\331\354\365*U\363\263N\367b\371\244\314-w\363\262\225Z\200\206\235\233\257?sE\2674\254\326mU\377?\177Ek\336\030!\316Aa\225\303\022\377{\210Y\226\271as\354L\035\004\341\361\035\301\024\220m#*\372\032\3178~\374\250\014*\323\342'z69\220\327\256\351G\367\317u\302\207\270b\315\333\333\334\310I\323&\014\352XZnW2.\335\347\202\021\247\362\212e\034\000\001\250\220\305;a\314\265R\310\017\317\331\235\360\262\240:\277\202\266\354\265X""\022\nh\252\352w\204\203\023]\001f\352\277\0031Q]\362\370R\350{\261\202\240\344\215\201\353\276\322p5p\350\354\017>\250r\241c\273\016\301\024\363\242\247\263\231\370\344\nBW\220K\316@3\243\200\036wk\253GSlU\010\360\231>\331\263H\214\324\030A\225\301o\346pkSF\004\241\213w9\223=\250\262*+\255\351r\265\244c\024\213\t\007`\223\325#\3477\210\345P\306\013\320\252[\0216+\227=`\371P\314\346 V7\271[~\n\237\274|\347\352@K\253~&\260\032\024\004B\200\255h\351\013\361\031:nG\211\005|\2003\266\274\251,W\006u\344\335d\003\306\212\313,\340\350bG\n\030Z\2732-\246\312\255\030\003\235207\005}D\260\0261ah\322M\304\216\273m0\271\234\237\007<w$\265C\245\232\033\023\313c\321B\032l\301h\005\320\252\301\361(\330[\343\357\343{\235\n\266g\272>\177\317\347\261qb&\270&\346ju\200\363N\320\307\004\034\001n\317\361\2653\254\2503\247\305\372\316W\022O\253x\250\025\373\247\354Tc\304\263\243^\352Gv\\264\261\r\035\226\306\2411\351\233\203\215\200$\231\300f\220\371c@\017\254\363\\371\340\340VaR\205~^\226\342t\360\022\204d\231\205)\272\364?\361!\334\331\315\254\230\rBG\314\023\246\244=\351\177\254\302b&\276+H;0\312\021&\275\036\237\350R\313\206R\331\304k\323u\263t\221\213yC\241\217A\242\027g\322\241'\212.E?B_\316\327\217J +\370\t^b\005\020\003\211\373\247|hC\271Nmk~J\270EU\274\036-\347\240\312FA\321\341bca\253\025\321\311\317\021\375\317\217\n\272\033o\353G>\275\361H\265\240\232um""\317\324`\214\221\314\000\211K\223+(""\200i \311\372g\254\343ZR0\224\275q\252\357\213\263\206N\357&Q\217\267\303\356I\236\357\264\311b\037\366\035\253\343\311\265\240\327q\206f\262ODi\215-\363>\034\236l\273\005G\316F\217}[\036\007\270:\260\335\271B\241N\345\330\204\327f\361\272Kb\0377p\334\264\237\177~\330]\252+:\317u\302h\n\351\n\364\231\277R\371\356\033y\265v\360Ny\246\332qY\262\231\251\n\305\334\202\305\362\n\367@k\231\016R:\327\242\366\242\253LZY\223$Gw^\203\302\311\316I7\371tTwp}\005|\372\214\251{R`\230V\244-\326I\351\255\325i\335\377\321\353\327\331\302\023\347y\016\263\271\317\306\017UV\314qu?\0064A\315{3D\010\016S\212\2353k0\361\214ID\303g\277\010Y_\001~\021\333\370\255\374\\331\306\255\336)\365Rth\024\t\300.M\315\321S\257\224\252\362\326P\316\303%nX\3742\333\036\004Y\264yG^\234\177\214\305q\237\274G\300a4\275\240s\215\222\210\016\020G\344=-:GK\312\035\271\201\350\376F\260G\347\000\235\365P6pmH\033\373\212c\377o\232\356\320D\002\277,]os{\354/?\312e\006wda\001\023\375\316\025\254\321\244\370+Y`\220\270\254\2601E[FI\310\235<qI \356\032v%\001\230\016\203\200\251UD\347\304\373\034\211\340@\342\033\263\365\356\341\357\350\324\035J\032\177\230\207\220\303+\207\352g\317N\027>\222M\271m\033\236\021:\272\233r\373\233hC}\256\020\210\010\233\335\025[ d(\343\263\327\177\030\246\254H\277\254E\231\006\033_lB\210\264\334Y\322\314\362\320L\000Q\240\317\3502\006,|\364\004\275\034\006\337\370""\330\364\202\314\315\311?\030\260\361u)\336\202\265Y\264\227\2326\315\307\363\323\325\303\032N\256*\307\327 \235\332\207u\210\271\257\306g\231i*\260\326k\001"";   nodeid: ""\260\000\000\000\000\000\000\000\000\000\000\000\000\000\000\000\000\000\000\000\000\000\000\000\000\000\000\000\000\000\000\000\001""; }; "
1750527672537,1750527672537,0,1,3,2,TMLedgerData,"ledgerHash: ""\177X\227$\245tCB\345\314d\231A\300\204\371KJ\036\321\330\014]""EN\266$]\331\226c""; ledgerSeq: 44; type: liAS_NODE; nodes {;   nodedata: ""\021\000h""\000\000\000\000 \033\000\000\000+\002\023\305\277\330\356GuH\375\327!\255\371\r\231\262R\256J\034\222\241\355X\265E\241^W\225\304\014\361CX-}\351f\032\255\274\334m\326c\017\014ao[\342\230\003\245\245\3341Hm\326^\017jy\335\261\032Yt\320\244{g\0306\\302\303*\341\215\223\257\364\277o\375\000r\241SOq\221\253\262\005\017\375T\356\014\360o'\030\311-\267\031\257!\031T\006><\315XM\334\324\345\034\000\325\367\240\271\013\265\024\321\362\354\211\250.\234s\225amc\305\035\366\276\037nD\277`\210\223N\3535\033\261\304f\331]\036\237\306o!\223\221\002\324\031\262\240R\177 ,\214\325\Q])\016\2067\277\t\354\010\000\360\215\2502\265\245\310\226\243c\302Ze\306\253#r\020\211\320iG\276\020E\317\035Sf\223F\254\033@\177e\277\016\010u\327\371&\262\312\317Q\2361t\377x\234\001v\003%\030\325_\225g\204\346a=\225\273\331\354\365*U\363\263N\367b\371\244\314-w\363\262\225Z\200\206\235\233\257?sE\2674\254\326mU\377?\177Ek\336\030!\316Aa\225\303\022\377{\210Y\226\271as\354L\035\004\341\361\035\301\024\220m#*\372\032\3178~\374\250\014*\323\342'z69\220\327\256\351G\367\317u\302\207\270b\315\333\333\334\310I\323&\014\352XZnW2.\335\347\202\021\247\362\212e\034\000\001\250\220\305;a\314\265R\310\017\317\331\235\360\262\240:\277\202\266\354\265X""\022\nh\252\352w\204\203\023]\001f\352\277\0031Q]\362\370R\350{\261\202\240\344\215\201\353\276\322p5p\350\354\017>\250r\241c\273\016\301\024\363\242\247\263\231\370\344\nBW\220K\316@3\243\200\036wk\253GSlU\010\360\231>\331\263H\214\324\030A\225\301o\346pkSF\004\241\213w9\223=\250\262*+\255\351r\265\244c\024\213\t\007`\223\325#\3477\210\345P\306\013\320\252[\0216+\227=`\371P\314\346 V7\271[~\n\237\274|\347\352@K\253~&\260\032\024\004B\200\255h\351\013\361\031:nG\211\005|\2003\266\274\251,W\006u\344\335d\003\306\212\313,\340\350bG\n\030Z\2732-\246\312\255\030\003\235207\005}D\260\0261ah\322M\304\216\273m0\271\234\237\007<w$\265C\245\232\033\023\313c\321B\032l\301h\005\320\252\301\361(\330[\343\357\343{\235\n\266g\272>\177\317\347\261qb&\270&\346ju\200\363N\320\307\004\034\001n\317\361\2653\254\2503\247\305\372\316W\022O\253x\250\025\373\247\354Tc\304\263\243^\352Gv\\264\261\r\035\226\306\2411\351\233\203\215\200$\231\300f\220\371c@\017\254\363\\371\340\340VaR\205~^\226\342t\360\022\204d\231\205)\272\364?\361!\334\331\315\254\230\rBG\314\023\246\244=\351\177\254\302b&\276+H;0\312\021&\275\036\237\350R\313\206R\331\304k\323u\263t\221\213yC\241\217A\242\027g\322\241'\212.E?B_\316\327\217J +\370\t^b\005\020\003\211\373\247|hC\271Nmk~J\270EU\274\036-\347\240\312FA\321\341bca\253\025\321\311\317\021\375\317\217\n\272\033o\353G>\275\361H\265\240\232um""\317\324`\214\221\314\000\211K\223+(""\200i \311\372g\254\343ZR0\224\275q\252\357\213\263\206N\357&Q\217\267\303\356I\236\357\264\311b\037\366\035\253\343\311\265\240\327q\206f\262ODi\215-\363>\034\236l\273\005G\316F\217}[\036\007\270:\260\335\271B\241N\345\330\204\327f\361\272Kb\0377p\334\264\237\177~\330]\252+:\317u\302h\n\351\n\364\231\277R\371\356\033y\265v\360Ny\246\332qY\262\231\251\n\305\334\202\305\362\n\367@k\231\016R:\327\242\366\242\253LZY\223$Gw^\203\302\311\316I7\371tTwp}\005|\372\214\251{R`\230V\244-\326I\351\255\325i\335\377\321\353\327\331\302\023\347y\016\263\271\317\306\017UV\314qu?\0064A\315{3D\010\016S\212\2353k0\361\214ID\303g\277\010Y_\001~\021\333\370\255\374\\331\306\255\336)\365Rth\024\t\300.M\315\321S\257\224\252\362\326P\316\303%nX\3742\333\036\004Y\264yG^\234\177\214\305q\237\274G\300a4\275\240s\215\222\210\016\020G\344=-:GK\312\035\271\201\350\376F\260G\347\000\235\365P6pmH\033\373\212c\377o\232\356\320D\002\277,]os{\354/?\312e\006wda\001\023\375\316\025\254\321\244\370+Y`\220\270\254\2601E[FI\310\235<qI \356\032v%\001\230\016\203\200\251UD\347\304\373\034\211\340@\342\033\263\365\356\341\357\350\324\035J\032\177\230\207\220\303+\207\352g\317N\027>\222M\271m\033\236\021:\272\233r\373\233hC}\256\020\210\010\233\335\025[ d(\343\263\327\177\030\246\254H\277\254E\231\006\033_lB\210\264\334Y\322\314\362\320L\000Q\240\317\3502\006,|\364\004\275\034\006\337\370""\330\364\202\314\315\311?\030\260\361u)\336\202\265Y\264\227\2326\315\307\363\323\325\303\032N\256*\307\327 \235\332\207u\210\271\257\306g\231i*\260\326k\001"";   nodeid: ""\260\000\000\000\000\000\000\000\000\000\000\000\000\000\000\000\000\000\000\000\000\000\000\000\000\000\000\000\000\000\000\000\001""; }; ","ledgerHash: ""\177X\227$\245tCB\345\314d\231A\300\204\371KJ\036\321\330\014]""EN\266$]\331\226c""; ledgerSeq: 44; type: liAS_NODE; nodes {;   nodedata: ""\021\000h""\000\000\000\000 \033\000\000\000+\002\023\305\277\330\356GuH\375\327!\255\371\r\231\262R\256J\034\222\241\355X\265E\241^W\225\304\014\361CX-}\351f\032\255\274\334m\326c\017\014ao[\342\230\003\245\245\3341Hm\326^\017jy\335\261\032Yt\320\244{g\0306\\302\303*\341\215\223\257\364\277o\375\000r\241SOq\221\253\262\005\017\375T\356\014\360o'\030\311-\267\031\257!\031T\006><\315XM\334\324\345\034\000\325\367\240\271\013\265\024\321\362\354\211\250.\234s\225amc\305\035\366\276\037nD\277`\210\223N\3535\033\261\304f\331]\036\237\306o!\223\221\002\324\031\262\240R\177 ,\214\325\Q])\016\2067\277\t\354\010\000\360\215\2502\265\245\310\226\243c\302Ze\306\253#r\020\211\320iG\276\020E\317\035Sf\223F\254\033@\177e\277\016\010u\327\371&\262\312\317Q\2361t\377x\234\001v\003%\030\325_\225g\204\346a=\225\273\331\354\365*U\363\263N\367b\371\244\314-w\363\262\225Z\200\206\235\233\257?sE\2674\254\326mU\377?\177Ek\336\030!\316Aa\225\303\022\377{\210Y\226\271as\354L\035\004\341\361\035\301\024\220m#*\372\032\3178~\374\250\014*\323\342'z69\220\327\256\351G\367\317u\302\207\270b\315\333\333\334\310I\323&\014\352XZnW2.\335\347\202\021\247\362\212e\034\000\001\250\220\305;a\314\265R\310\017\317\331\235\360\262\240:\277\202\266\354\265X""\022\nh\252\352w\204\203\023]\001f\352\277\0031Q]\362\370R\350{\261\202\240\344\215\201\353\276\322p5p\350\354\017>\250r\241c\273\016\301\024\363\242\247\263\231\370\344\nBW\220K\316@3\243\200\036wk\253GSlU\010\360\231>\331\263H\214\324\030A\225\301o\346pkSF\004\241\213w9\223=\250\262*+\255\351r\265\244c\024\213\t\007`\223\325#\3477\210\345P\306\013\320\252[\0216+\227=`\371P\314\346 V7\271[~\n\237\274|\347\352@K\253~&\260\032\024\004B\200\255h\351\013\361\031:nG\211\005|\2003\266\274\251,W\006u\344\335d\003\306\212\313,\340\350bG\n\030Z\2732-\246\312\255\030\003\235207\005}D\260\0261ah\322M\304\216\273m0\271\234\237\007<w$\265C\245\232\033\023\313c\321B\032l\301h\005\320\252\301\361(\330[\343\357\343{\235\n\266g\272>\177\317\347\261qb&\270&\346ju\200\363N\320\307\004\034\001n\317\361\2653\254\2503\247\305\372\316W\022O\253x\250\025\373\247\354Tc\304\263\243^\352Gv\\264\261\r\035\226\306\2411\351\233\203\215\200$\231\300f\220\371c@\017\254\363\\371\340\340VaR\205~^\226\342t\360\022\204d\231\205)\272\364?\361!\334\331\315\254\230\rBG\314\023\246\244=\351\177\254\302b&\276+H;0\312\021&\275\036\237\350R\313\206R\331\304k\323u\263t\221\213yC\241\217A\242\027g\322\241'\212.E?B_\316\327\217J +\370\t^b\005\020\003\211\373\247|hC\271Nmk~J\270EU\274\036-\347\240\312FA\321\341bca\253\025\321\311\317\021\375\317\217\n\272\033o\353G>\275\361H\265\240\232um""\317\324`\214\221\314\000\211K\223+(""\200i \311\372g\254\343ZR0\224\275q\252\357\213\263\206N\357&Q\217\267\303\356I\236\357\264\311b\037\366\035\253\343\311\265\240\327q\206f\262ODi\215-\363>\034\236l\273\005G\316F\217}[\036\007\270:\260\335\271B\241N\345\330\204\327f\361\272Kb\0377p\334\264\237\177~\330]\252+:\317u\302h\n\351\n\364\231\277R\371\356\033y\265v\360Ny\246\332qY\262\231\251\n\305\334\202\305\362\n\367@k\231\016R:\327\242\366\242\253LZY\223$Gw^\203\302\311\316I7\371tTwp}\005|\372\214\251{R`\230V\244-\326I\351\255\325i\335\377\321\353\327\331\302\023\347y\016\263\271\317\306\017UV\314qu?\0064A\315{3D\010\016S\212\2353k0\361\214ID\303g\277\010Y_\001~\021\333\370\255\374\\331\306\255\336)\365Rth\024\t\300.M\315\321S\257\224\252\362\326P\316\303%nX\3742\333\036\004Y\264yG^\234\177\214\305q\237\274G\300a4\275\240s\215\222\210\016\020G\344=-:GK\312\035\271\201\350\376F\260G\347\000\235\365P6pmH\033\373\212c\377o\232\356\320D\002\277,]os{\354/?\312e\006wda\001\023\375\316\025\254\321\244\370+Y`\220\270\254\2601E[FI\310\235<qI \356\032v%\001\230\016\203\200\251UD\347\304\373\034\211\340@\342\033\263\365\356\341\357\350\324\035J\032\177\230\207\220\303+\207\352g\317N\027>\222M\271m\033\236\021:\272\233r\373\233hC}\256\020\210\010\233\335\025[ d(\343\263\327\177\030\246\254H\277\254E\231\006\033_lB\210\264\334Y\322\314\362\320L\000Q\240\317\3502\006,|\364\004\275\034\006\337\370""\330\364\202\314\315\311?\030\260\361u)\336\202\265Y\264\227\2326\315\307\363\323\325\303\032N\256*\307\327 \235\332\207u\210\271\257\306g\231i*\260\326k\001"";   nodeid: ""\260\000\000\000\000\000\000\000\000\000\000\000\000\000\000\000\000\000\000\000\000\000\000\000\000\000\000\000\000\000\000\000\001""; }; "
1750527672538,1750527672538,0,1,3,2,TMLedgerData,"ledgerHash: ""\177X\227$\245tCB\345\314d\231A\300\204\371KJ\036\321\330\014]""EN\266$]\331\226c""; ledgerSeq: 44; type: liBASE; nodes {;   nodedata: ""\000\000\000,\001cEx]\211\377\330Q\240\317\3502\006,|\364\004\275\034\006\337\370""\330\364\202\314\315\311?\030\260\361u)\336\202\265Y\000\000\000\000\000\000\000\000\000\000\000\000\000\000\000\000\000\000\000\000\000\000\000\000\000\000\000\000\000\000\000\000\0223\207\212\364\2356M\244\245T\036lI\302L\005""\237\006\372\365`\031<R\024\352)\265\310\372/\351\2536/\351\2537\n\000""; }; nodes {;   nodedata: ""\323C\344\327\264{\312-\017:\006{\177\344N\002\326bO\260\220\006\033\362\345\005U\221DzJ0\001\301\025%1L\307\t\261\262z\374\222T\301\274V\236\223\262\270Ct\362\337b\356\024*\324\320\351\317\002k\336\234\027v\351\217\260\303\360\233ZPZWr\246$w\313\313\r\243r\232\2234\373\3539:N\004Q\245\272D\312D\300\300\t\323\0257\345e\271\na\215{\226\255x%T\257\037\333\004\344_/R\006E\344\037@\210\363\010\336T\226\247'\204_{\261\370""1\235\2445\343\033Y!\212\201\341\272\225'\007F\022%\377:\002*3-\037\235\244\353""_\034\230\374~\270\372>ui~\000\\252\321fK\007\013\003""; }; requestCookie: 3; ","ledgerHash: ""\177X\227$\245tCB\345\314d\231A\300\204\371KJ\036\321\330\014]""EN\266$]\331\226c""; ledgerSeq: 44; type: liBASE; nodes {;   nodedata: ""\000\000\000,\001cEx]\211\377\330Q\240\317\3502\006,|\364\004\275\034\006\337\370""\330\364\202\314\315\311?\030\260\361u)\336\202\265Y\000\000\000\000\000\000\000\000\000\000\000\000\000\000\000\000\000\000\000\000\000\000\000\000\000\000\000\000\000\000\000\000\0223\207\212\364\2356M\244\245T\036lI\302L\005""\237\006\372\365`\031<R\024\352)\265\310\372/\351\2536/\351\2537\n\000""; }; nodes {;   nodedata: ""\323C\344\327\264{\312-\017:\006{\177\344N\002\326bO\260\220\006\033\362\345\005U\221DzJ0\001\301\025%1L\307\t\261\262z\374\222T\301\274V\236\223\262\270Ct\362\337b\356\024*\324\320\351\317\002k\336\234\027v\351\217\260\303\360\233ZPZWr\246$w\313\313\r\243r\232\2234\373\3539:N\004Q\245\272D\312D\300\300\t\323\0257\345e\271\na\215{\226\255x%T\257\037\333\004\344_/R\006E\344\037@\210\363\010\336T\226\247'\204_{\261\370""1\235\2445\343\033Y!\212\201\341\272\225'\007F\022%\377:\002*3-\037\235\244\353""_\034\230\374~\270\372>ui~\000\\252\321fK\007\013\003""; }; requestCookie: 3; "
1750527672538,1750527672539,0,1,4,2,TMLedgerData,"ledgerHash: ""\177X\227$\245tCB\345\314d\231A\300\204\371KJ\036\321\330\014]""EN\266$]\331\226c""; ledgerSeq: 44; type: liBASE; nodes {;   nodedata: ""\000\000\000,\001cEx]\211\377\330Q\240\317\3502\006,|\364\004\275\034\006\337\370""\330\364\202\314\315\311?\030\260\361u)\336\202\265Y\000\000\000\000\000\000\000\000\000\000\000\000\000\000\000\000\000\000\000\000\000\000\000\000\000\000\000\000\000\000\000\000\0223\207\212\364\2356M\244\245T\036lI\302L\005""\237\006\372\365`\031<R\024\352)\265\310\372/\351\2536/\351\2537\n\000""; }; nodes {;   nodedata: ""\323C\344\327\264{\312-\017:\006{\177\344N\002\326bO\260\220\006\033\362\345\005U\221DzJ0\001\301\025%1L\307\t\261\262z\374\222T\301\274V\236\223\262\270Ct\362\337b\356\024*\324\320\351\317\002k\336\234\027v\351\217\260\303\360\233ZPZWr\246$w\313\313\r\243r\232\2234\373\3539:N\004Q\245\272D\312D\300\300\t\323\0257\345e\271\na\215{\226\255x%T\257\037\333\004\344_/R\006E\344\037@\210\363\010\336T\226\247'\204_{\261\370""1\235\2445\343\033Y!\212\201\341\272\225'\007F\022%\377:\002*3-\037\235\244\353""_\034\230\374~\270\372>ui~\000\\252\321fK\007\013\003""; }; ","ledgerHash: ""\177X\227$\245tCB\345\314d\231A\300\204\371KJ\036\321\330\014]""EN\266$]\331\226c""; ledgerSeq: 44; type: liBASE; nodes {;   nodedata: ""\000\000\000,\001cEx]\211\377\330Q\240\317\3502\006,|\364\004\275\034\006\337\370""\330\364\202\314\315\311?\030\260\361u)\336\202\265Y\000\000\000\000\000\000\000\000\000\000\000\000\000\000\000\000\000\000\000\000\000\000\000\000\000\000\000\000\000\000\000\000\0223\207\212\364\2356M\244\245T\036lI\302L\005""\237\006\372\365`\031<R\024\352)\265\310\372/\351\2536/\351\2537\n\000""; }; nodes {;   nodedata: ""\323C\344\327\264{\312-\017:\006{\177\344N\002\326bO\260\220\006\033\362\345\005U\221DzJ0\001\301\025%1L\307\t\261\262z\374\222T\301\274V\236\223\262\270Ct\362\337b\356\024*\324\320\351\317\002k\336\234\027v\351\217\260\303\360\233ZPZWr\246$w\313\313\r\243r\232\2234\373\3539:N\004Q\245\272D\312D\300\300\t\323\0257\345e\271\na\215{\226\255x%T\257\037\333\004\344_/R\006E\344\037@\210\363\010\336T\226\247'\204_{\261\370""1\235\2445\343\033Y!\212\201\341\272\225'\007F\022%\377:\002*3-\037\235\244\353""_\034\230\374~\270\372>ui~\000\\252\321fK\007\013\003""; }; "
1750527672540,1750527672540,0,1,3,0,TMLedgerData,"ledgerHash: ""\177X\227$\245tCB\345\314d\231A\300\204\371KJ\036\321\330\014]""EN\266$]\331\226c""; ledgerSeq: 44; type: liBASE; nodes {;   nodedata: ""\000\000\000,\001cEx]\211\377\330Q\240\317\3502\006,|\364\004\275\034\006\337\370""\330\364\202\314\315\311?\030\260\361u)\336\202\265Y\000\000\000\000\000\000\000\000\000\000\000\000\000\000\000\000\000\000\000\000\000\000\000\000\000\000\000\000\000\000\000\000\0223\207\212\364\2356M\244\245T\036lI\302L\005""\237\006\372\365`\031<R\024\352)\265\310\372/\351\2536/\351\2537\n\000""; }; nodes {;   nodedata: ""\323C\344\327\264{\312-\017:\006{\177\344N\002\326bO\260\220\006\033\362\345\005U\221DzJ0\001\301\025%1L\307\t\261\262z\374\222T\301\274V\236\223\262\270Ct\362\337b\356\024*\324\320\351\317\002k\336\234\027v\351\217\260\303\360\233ZPZWr\246$w\313\313\r\243r\232\2234\373\3539:N\004Q\245\272D\312D\300\300\t\323\0257\345e\271\na\215{\226\255x%T\257\037\333\004\344_/R\006E\344\037@\210\363\010\336T\226\247'\204_{\261\370""1\235\2445\343\033Y!\212\201\341\272\225'\007F\022%\377:\002*3-\037\235\244\353""_\034\230\374~\270\372>ui~\000\\252\321fK\007\013\003""; }; ","ledgerHash: ""\177X\227$\245tCB\345\314d\231A\300\204\371KJ\036\321\330\014]""EN\266$]\331\226c""; ledgerSeq: 44; type: liBASE; nodes {;   nodedata: ""\000\000\000,\001cEx]\211\377\330Q\240\317\3502\006,|\364\004\275\034\006\337\370""\330\364\202\314\315\311?\030\260\361u)\336\202\265Y\000\000\000\000\000\000\000\000\000\000\000\000\000\000\000\000\000\000\000\000\000\000\000\000\000\000\000\000\000\000\000\000\0223\207\212\364\2356M\244\245T\036lI\302L\005""\237\006\372\365`\031<R\024\352)\265\310\372/\351\2536/\351\2537\n\000""; }; nodes {;   nodedata: ""\323C\344\327\264{\312-\017:\006{\177\344N\002\326bO\260\220\006\033\362\345\005U\221DzJ0\001\301\025%1L\307\t\261\262z\374\222T\301\274V\236\223\262\270Ct\362\337b\356\024*\324\320\351\317\002k\336\234\027v\351\217\260\303\360\233ZPZWr\246$w\313\313\r\243r\232\2234\373\3539:N\004Q\245\272D\312D\300\300\t\323\0257\345e\271\na\215{\226\255x%T\257\037\333\004\344_/R\006E\344\037@\210\363\010\336T\226\247'\204_{\261\370""1\235\2445\343\033Y!\212\201\341\272\225'\007F\022%\377:\002*3-\037\235\244\353""_\034\230\374~\270\372>ui~\000\\252\321fK\007\013\003""; }; "
1750527672540,1750527672540,0,1,3,0,TMLedgerData,"ledgerHash: ""\177X\227$\245tCB\345\314d\231A\300\204\371KJ\036\321\330\014]""EN\266$]\331\226c""; ledgerSeq: 44; type: liBASE; nodes {;   nodedata: ""\000\000\000,\001cEx]\211\377\330Q\240\317\3502\006,|\364\004\275\034\006\337\370""\330\364\202\314\315\311?\030\260\361u)\336\202\265Y\000\000\000\000\000\000\000\000\000\000\000\000\000\000\000\000\000\000\000\000\000\000\000\000\000\000\000\000\000\000\000\000\0223\207\212\364\2356M\244\245T\036lI\302L\005""\237\006\372\365`\031<R\024\352)\265\310\372/\351\2536/\351\2537\n\000""; }; nodes {;   nodedata: ""\323C\344\327\264{\312-\017:\006{\177\344N\002\326bO\260\220\006\033\362\345\005U\221DzJ0\001\301\025%1L\307\t\261\262z\374\222T\301\274V\236\223\262\270Ct\362\337b\356\024*\324\320\351\317\002k\336\234\027v\351\217\260\303\360\233ZPZWr\246$w\313\313\r\243r\232\2234\373\3539:N\004Q\245\272D\312D\300\300\t\323\0257\345e\271\na\215{\226\255x%T\257\037\333\004\344_/R\006E\344\037@\210\363\010\336T\226\247'\204_{\261\370""1\235\2445\343\033Y!\212\201\341\272\225'\007F\022%\377:\002*3-\037\235\244\353""_\034\230\374~\270\372>ui~\000\\252\321fK\007\013\003""; }; requestCookie: 3; ","ledgerHash: ""\177X\227$\245tCB\345\314d\231A\300\204\371KJ\036\321\330\014]""EN\266$]\331\226c""; ledgerSeq: 44; type: liBASE; nodes {;   nodedata: ""\000\000\000,\001cEx]\211\377\330Q\240\317\3502\006,|\364\004\275\034\006\337\370""\330\364\202\314\315\311?\030\260\361u)\336\202\265Y\000\000\000\000\000\000\000\000\000\000\000\000\000\000\000\000\000\000\000\000\000\000\000\000\000\000\000\000\000\000\000\000\0223\207\212\364\2356M\244\245T\036lI\302L\005""\237\006\372\365`\031<R\024\352)\265\310\372/\351\2536/\351\2537\n\000""; }; nodes {;   nodedata: ""\323C\344\327\264{\312-\017:\006{\177\344N\002\326bO\260\220\006\033\362\345\005U\221DzJ0\001\301\025%1L\307\t\261\262z\374\222T\301\274V\236\223\262\270Ct\362\337b\356\024*\324\320\351\317\002k\336\234\027v\351\217\260\303\360\233ZPZWr\246$w\313\313\r\243r\232\2234\373\3539:N\004Q\245\272D\312D\300\300\t\323\0257\345e\271\na\215{\226\255x%T\257\037\333\004\344_/R\006E\344\037@\210\363\010\336T\226\247'\204_{\261\370""1\235\2445\343\033Y!\212\201\341\272\225'\007F\022%\377:\002*3-\037\235\244\353""_\034\230\374~\270\372>ui~\000\\252\321fK\007\013\003""; }; requestCookie: 3; "
1750527672541,1750527672541,0,1,2,0,TMLedgerData,"ledgerHash: ""\177X\227$\245tCB\345\314d\231A\300\204\371KJ\036\321\330\014]""EN\266$]\331\226c""; ledgerSeq: 44; type: liBASE; nodes {;   nodedata: ""\000\000\000,\001cEx]\211\377\330Q\240\317\3502\006,|\364\004\275\034\006\337\370""\330\364\202\314\315\311?\030\260\361u)\336\202\265Y\000\000\000\000\000\000\000\000\000\000\000\000\000\000\000\000\000\000\000\000\000\000\000\000\000\000\000\000\000\000\000\000\0223\207\212\364\2356M\244\245T\036lI\302L\005""\237\006\372\365`\031<R\024\352)\265\310\372/\351\2536/\351\2537\n\000""; }; nodes {;   nodedata: ""\323C\344\327\264{\312-\017:\006{\177\344N\002\326bO\260\220\006\033\362\345\005U\221DzJ0\001\301\025%1L\307\t\261\262z\374\222T\301\274V\236\223\262\270Ct\362\337b\356\024*\324\320\351\317\002k\336\234\027v\351\217\260\303\360\233ZPZWr\246$w\313\313\r\243r\232\2234\373\3539:N\004Q\245\272D\312D\300\300\t\323\0257\345e\271\na\215{\226\255x%T\257\037\333\004\344_/R\006E\344\037@\210\363\010\336T\226\247'\204_{\261\370""1\235\2445\343\033Y!\212\201\341\272\225'\007F\022%\377:\002*3-\037\235\244\353""_\034\230\374~\270\372>ui~\000\\252\321fK\007\013\003""; }; ","ledgerHash: ""\177X\227$\245tCB\345\314d\231A\300\204\371KJ\036\321\330\014]""EN\266$]\331\226c""; ledgerSeq: 44; type: liBASE; nodes {;   nodedata: ""\000\000\000,\001cEx]\211\377\330Q\240\317\3502\006,|\364\004\275\034\006\337\370""\330\364\202\314\315\311?\030\260\361u)\336\202\265Y\000\000\000\000\000\000\000\000\000\000\000\000\000\000\000\000\000\000\000\000\000\000\000\000\000\000\000\000\000\000\000\000\0223\207\212\364\2356M\244\245T\036lI\302L\005""\237\006\372\365`\031<R\024\352)\265\310\372/\351\2536/\351\2537\n\000""; }; nodes {;   nodedata: ""\323C\344\327\264{\312-\017:\006{\177\344N\002\326bO\260\220\006\033\362\345\005U\221DzJ0\001\301\025%1L\307\t\261\262z\374\222T\301\274V\236\223\262\270Ct\362\337b\356\024*\324\320\351\317\002k\336\234\027v\351\217\260\303\360\233ZPZWr\246$w\313\313\r\243r\232\2234\373\3539:N\004Q\245\272D\312D\300\300\t\323\0257\345e\271\na\215{\226\255x%T\257\037\333\004\344_/R\006E\344\037@\210\363\010\336T\226\247'\204_{\261\370""1\235\2445\343\033Y!\212\201\341\272\225'\007F\022%\377:\002*3-\037\235\244\353""_\034\230\374~\270\372>ui~\000\\252\321fK\007\013\003""; }; "
1750527672541,1750527672541,0,1,3,0,TMLedgerData,"ledgerHash: ""\177X\227$\245tCB\345\314d\231A\300\204\371KJ\036\321\330\014]""EN\266$]\331\226c""; ledgerSeq: 44; type: liBASE; nodes {;   nodedata: ""\000\000\000,\001cEx]\211\377\330Q\240\317\3502\006,|\364\004\275\034\006\337\370""\330\364\202\314\315\311?\030\260\361u)\336\202\265Y\000\000\000\000\000\000\000\000\000\000\000\000\000\000\000\000\000\000\000\000\000\000\000\000\000\000\000\000\000\000\000\000\0223\207\212\364\2356M\244\245T\036lI\302L\005""\237\006\372\365`\031<R\024\352)\265\310\372/\351\2536/\351\2537\n\000""; }; nodes {;   nodedata: ""\323C\344\327\264{\312-\017:\006{\177\344N\002\326bO\260\220\006\033\362\345\005U\221DzJ0\001\301\025%1L\307\t\261\262z\374\222T\301\274V\236\223\262\270Ct\362\337b\356\024*\324\320\351\317\002k\336\234\027v\351\217\260\303\360\233ZPZWr\246$w\313\313\r\243r\232\2234\373\3539:N\004Q\245\272D\312D\300\300\t\323\0257\345e\271\na\215{\226\255x%T\257\037\333\004\344_/R\006E\344\037@\210\363\010\336T\226\247'\204_{\261\370""1\235\2445\343\033Y!\212\201\341\272\225'\007F\022%\377:\002*3-\037\235\244\353""_\034\230\374~\270\372>ui~\000\\252\321fK\007\013\003""; }; requestCookie: 5; ","ledgerHash: ""\177X\227$\245tCB\345\314d\231A\300\204\371KJ\036\321\330\014]""EN\266$]\331\226c""; ledgerSeq: 44; type: liBASE; nodes {;   nodedata: ""\000\000\000,\001cEx]\211\377\330Q\240\317\3502\006,|\364\004\275\034\006\337\370""\330\364\202\314\315\311?\030\260\361u)\336\202\265Y\000\000\000\000\000\000\000\000\000\000\000\000\000\000\000\000\000\000\000\000\000\000\000\000\000\000\000\000\000\000\000\000\0223\207\212\364\2356M\244\245T\036lI\302L\005""\237\006\372\365`\031<R\024\352)\265\310\372/\351\2536/\351\2537\n\000""; }; nodes {;   nodedata: ""\323C\344\327\264{\312-\017:\006{\177\344N\002\326bO\260\220\006\033\362\345\005U\221DzJ0\001\301\025%1L\307\t\261\262z\374\222T\301\274V\236\223\262\270Ct\362\337b\356\024*\324\320\351\317\002k\336\234\027v\351\217\260\303\360\233ZPZWr\246$w\313\313\r\243r\232\2234\373\3539:N\004Q\245\272D\312D\300\300\t\323\0257\345e\271\na\215{\226\255x%T\257\037\333\004\344_/R\006E\344\037@\210\363\010\336T\226\247'\204_{\261\370""1\235\2445\343\033Y!\212\201\341\272\225'\007F\022%\377:\002*3-\037\235\244\353""_\034\230\374~\270\372>ui~\000\\252\321fK\007\013\003""; }; requestCookie: 5; "
1750527672542,1750527672542,0,1,3,1,TMLedgerData,"ledgerHash: ""\177X\227$\245tCB\345\314d\231A\300\204\371KJ\036\321\330\014]""EN\266$]\331\226c""; ledgerSeq: 44; type: liBASE; nodes {;   nodedata: ""\000\000\000,\001cEx]\211\377\330Q\240\317\3502\006,|\364\004\275\034\006\337\370""\330\364\202\314\315\311?\030\260\361u)\336\202\265Y\000\000\000\000\000\000\000\000\000\000\000\000\000\000\000\000\000\000\000\000\000\000\000\000\000\000\000\000\000\000\000\000\0223\207\212\364\2356M\244\245T\036lI\302L\005""\237\006\372\365`\031<R\024\352)\265\310\372/\351\2536/\351\2537\n\000""; }; nodes {;   nodedata: ""\323C\344\327\264{\312-\017:\006{\177\344N\002\326bO\260\220\006\033\362\345\005U\221DzJ0\001\301\025%1L\307\t\261\262z\374\222T\301\274V\236\223\262\270Ct\362\337b\356\024*\324\320\351\317\002k\336\234\027v\351\217\260\303\360\233ZPZWr\246$w\313\313\r\243r\232\2234\373\3539:N\004Q\245\272D\312D\300\300\t\323\0257\345e\271\na\215{\226\255x%T\257\037\333\004\344_/R\006E\344\037@\210\363\010\336T\226\247'\204_{\261\370""1\235\2445\343\033Y!\212\201\341\272\225'\007F\022%\377:\002*3-\037\235\244\353""_\034\230\374~\270\372>ui~\000\\252\321fK\007\013\003""; }; ","ledgerHash: ""\177X\227$\245tCB\345\314d\231A\300\204\371KJ\036\321\330\014]""EN\266$]\331\226c""; ledgerSeq: 44; type: liBASE; nodes {;   nodedata: ""\000\000\000,\001cEx]\211\377\330Q\240\317\3502\006,|\364\004\275\034\006\337\370""\330\364\202\314\315\311?\030\260\361u)\336\202\265Y\000\000\000\000\000\000\000\000\000\000\000\000\000\000\000\000\000\000\000\000\000\000\000\000\000\000\000\000\000\000\000\000\0223\207\212\364\2356M\244\245T\036lI\302L\005""\237\006\372\365`\031<R\024\352)\265\310\372/\351\2536/\351\2537\n\000""; }; nodes {;   nodedata: ""\323C\344\327\264{\312-\017:\006{\177\344N\002\326bO\260\220\006\033\362\345\005U\221DzJ0\001\301\025%1L\307\t\261\262z\374\222T\301\274V\236\223\262\270Ct\362\337b\356\024*\324\320\351\317\002k\336\234\027v\351\217\260\303\360\233ZPZWr\246$w\313\313\r\243r\232\2234\373\3539:N\004Q\245\272D\312D\300\300\t\323\0257\345e\271\na\215{\226\255x%T\257\037\333\004\344_/R\006E\344\037@\210\363\010\336T\226\247'\204_{\261\370""1\235\2445\343\033Y!\212\201\341\272\225'\007F\022%\377:\002*3-\037\235\244\353""_\034\230\374~\270\372>ui~\000\\252\321fK\007\013\003""; }; "
1750527672543,1750527672544,0,1,4,0,TMLedgerData,"ledgerHash: ""\177X\227$\245tCB\345\314d\231A\300\204\371KJ\036\321\330\014]""EN\266$]\331\226c""; ledgerSeq: 44; type: liBASE; nodes {;   nodedata: ""\000\000\000,\001cEx]\211\377\330Q\240\317\3502\006,|\364\004\275\034\006\337\370""\330\364\202\314\315\311?\030\260\361u)\336\202\265Y\000\000\000\000\000\000\000\000\000\000\000\000\000\000\000\000\000\000\000\000\000\000\000\000\000\000\000\000\000\000\000\000\0223\207\212\364\2356M\244\245T\036lI\302L\005""\237\006\372\365`\031<R\024\352)\265\310\372/\351\2536/\351\2537\n\000""; }; nodes {;   nodedata: ""\323C\344\327\264{\312-\017:\006{\177\344N\002\326bO\260\220\006\033\362\345\005U\221DzJ0\001\301\025%1L\307\t\261\262z\374\222T\301\274V\236\223\262\270Ct\362\337b\356\024*\324\320\351\317\002k\336\234\027v\351\217\260\303\360\233ZPZWr\246$w\313\313\r\243r\232\2234\373\3539:N\004Q\245\272D\312D\300\300\t\323\0257\345e\271\na\215{\226\255x%T\257\037\333\004\344_/R\006E\344\037@\210\363\010\336T\226\247'\204_{\261\370""1\235\2445\343\033Y!\212\201\341\272\225'\007F\022%\377:\002*3-\037\235\244\353""_\034\230\374~\270\372>ui~\000\\252\321fK\007\013\003""; }; ","ledgerHash: ""\177X\227$\245tCB\345\314d\231A\300\204\371KJ\036\321\330\014]""EN\266$]\331\226c""; ledgerSeq: 44; type: liBASE; nodes {;   nodedata: ""\000\000\000,\001cEx]\211\377\330Q\240\317\3502\006,|\364\004\275\034\006\337\370""\330\364\202\314\315\311?\030\260\361u)\336\202\265Y\000\000\000\000\000\000\000\000\000\000\000\000\000\000\000\000\000\000\000\000\000\000\000\000\000\000\000\000\000\000\000\000\0223\207\212\364\2356M\244\245T\036lI\302L\005""\237\006\372\365`\031<R\024\352)\265\310\372/\351\2536/\351\2537\n\000""; }; nodes {;   nodedata: ""\323C\344\327\264{\312-\017:\006{\177\344N\002\326bO\260\220\006\033\362\345\005U\221DzJ0\001\301\025%1L\307\t\261\262z\374\222T\301\274V\236\223\262\270Ct\362\337b\356\024*\324\320\351\317\002k\336\234\027v\351\217\260\303\360\233ZPZWr\246$w\313\313\r\243r\232\2234\373\3539:N\004Q\245\272D\312D\300\300\t\323\0257\345e\271\na\215{\226\255x%T\257\037\333\004\344_/R\006E\344\037@\210\363\010\336T\226\247'\204_{\261\370""1\235\2445\343\033Y!\212\201\341\272\225'\007F\022%\377:\002*3-\037\235\244\353""_\034\230\374~\270\372>ui~\000\\252\321fK\007\013\003""; }; "
1750527672544,1750527672544,0,1,3,1,TMLedgerData,"ledgerHash: ""\177X\227$\245tCB\345\314d\231A\300\204\371KJ\036\321\330\014]""EN\266$]\331\226c""; ledgerSeq: 44; type: liBASE; nodes {;   nodedata: ""\000\000\000,\001cEx]\211\377\330Q\240\317\3502\006,|\364\004\275\034\006\337\370""\330\364\202\314\315\311?\030\260\361u)\336\202\265Y\000\000\000\000\000\000\000\000\000\000\000\000\000\000\000\000\000\000\000\000\000\000\000\000\000\000\000\000\000\000\000\000\0223\207\212\364\2356M\244\245T\036lI\302L\005""\237\006\372\365`\031<R\024\352)\265\310\372/\351\2536/\351\2537\n\000""; }; nodes {;   nodedata: ""\323C\344\327\264{\312-\017:\006{\177\344N\002\326bO\260\220\006\033\362\345\005U\221DzJ0\001\301\025%1L\307\t\261\262z\374\222T\301\274V\236\223\262\270Ct\362\337b\356\024*\324\320\351\317\002k\336\234\027v\351\217\260\303\360\233ZPZWr\246$w\313\313\r\243r\232\2234\373\3539:N\004Q\245\272D\312D\300\300\t\323\0257\345e\271\na\215{\226\255x%T\257\037\333\004\344_/R\006E\344\037@\210\363\010\336T\226\247'\204_{\261\370""1\235\2445\343\033Y!\212\201\341\272\225'\007F\022%\377:\002*3-\037\235\244\353""_\034\230\374~\270\372>ui~\000\\252\321fK\007\013\003""; }; requestCookie: 5; ","ledgerHash: ""\177X\227$\245tCB\345\314d\231A\300\204\371KJ\036\321\330\014]""EN\266$]\331\226c""; ledgerSeq: 44; type: liBASE; nodes {;   nodedata: ""\000\000\000,\001cEx]\211\377\330Q\240\317\3502\006,|\364\004\275\034\006\337\370""\330\364\202\314\315\311?\030\260\361u)\336\202\265Y\000\000\000\000\000\000\000\000\000\000\000\000\000\000\000\000\000\000\000\000\000\000\000\000\000\000\000\000\000\000\000\000\0223\207\212\364\2356M\244\245T\036lI\302L\005""\237\006\372\365`\031<R\024\352)\265\310\372/\351\2536/\351\2537\n\000""; }; nodes {;   nodedata: ""\323C\344\327\264{\312-\017:\006{\177\344N\002\326bO\260\220\006\033\362\345\005U\221DzJ0\001\301\025%1L\307\t\261\262z\374\222T\301\274V\236\223\262\270Ct\362\337b\356\024*\324\320\351\317\002k\336\234\027v\351\217\260\303\360\233ZPZWr\246$w\313\313\r\243r\232\2234\373\3539:N\004Q\245\272D\312D\300\300\t\323\0257\345e\271\na\215{\226\255x%T\257\037\333\004\344_/R\006E\344\037@\210\363\010\336T\226\247'\204_{\261\370""1\235\2445\343\033Y!\212\201\341\272\225'\007F\022%\377:\002*3-\037\235\244\353""_\034\230\374~\270\372>ui~\000\\252\321fK\007\013\003""; }; requestCookie: 5; "
1750527672544,1750527672544,0,1,3,1,TMLedgerData,"ledgerHash: ""\177X\227$\245tCB\345\314d\231A\300\204\371KJ\036\321\330\014]""EN\266$]\331\226c""; ledgerSeq: 44; type: liBASE; nodes {;   nodedata: ""\000\000\000,\001cEx]\211\377\330Q\240\317\3502\006,|\364\004\275\034\006\337\370""\330\364\202\314\315\311?\030\260\361u)\336\202\265Y\000\000\000\000\000\000\000\000\000\000\000\000\000\000\000\000\000\000\000\000\000\000\000\000\000\000\000\000\000\000\000\000\0223\207\212\364\2356M\244\245T\036lI\302L\005""\237\006\372\365`\031<R\024\352)\265\310\372/\351\2536/\351\2537\n\000""; }; nodes {;   nodedata: ""\323C\344\327\264{\312-\017:\006{\177\344N\002\326bO\260\220\006\033\362\345\005U\221DzJ0\001\301\025%1L\307\t\261\262z\374\222T\301\274V\236\223\262\270Ct\362\337b\356\024*\324\320\351\317\002k\336\234\027v\351\217\260\303\360\233ZPZWr\246$w\313\313\r\243r\232\2234\373\3539:N\004Q\245\272D\312D\300\300\t\323\0257\345e\271\na\215{\226\255x%T\257\037\333\004\344_/R\006E\344\037@\210\363\010\336T\226\247'\204_{\261\370""1\235\2445\343\033Y!\212\201\341\272\225'\007F\022%\377:\002*3-\037\235\244\353""_\034\230\374~\270\372>ui~\000\\252\321fK\007\013\003""; }; requestCookie: 2; ","ledgerHash: ""\177X\227$\245tCB\345\314d\231A\300\204\371KJ\036\321\330\014]""EN\266$]\331\226c""; ledgerSeq: 44; type: liBASE; nodes {;   nodedata: ""\000\000\000,\001cEx]\211\377\330Q\240\317\3502\006,|\364\004\275\034\006\337\370""\330\364\202\314\315\311?\030\260\361u)\336\202\265Y\000\000\000\000\000\000\000\000\000\000\000\000\000\000\000\000\000\000\000\000\000\000\000\000\000\000\000\000\000\000\000\000\0223\207\212\364\2356M\244\245T\036lI\302L\005""\237\006\372\365`\031<R\024\352)\265\310\372/\351\2536/\351\2537\n\000""; }; nodes {;   nodedata: ""\323C\344\327\264{\312-\017:\006{\177\344N\002\326bO\260\220\006\033\362\345\005U\221DzJ0\001\301\025%1L\307\t\261\262z\374\222T\301\274V\236\223\262\270Ct\362\337b\356\024*\324\320\351\317\002k\336\234\027v\351\217\260\303\360\233ZPZWr\246$w\313\313\r\243r\232\2234\373\3539:N\004Q\245\272D\312D\300\300\t\323\0257\345e\271\na\215{\226\255x%T\257\037\333\004\344_/R\006E\344\037@\210\363\010\336T\226\247'\204_{\261\370""1\235\2445\343\033Y!\212\201\341\272\225'\007F\022%\377:\002*3-\037\235\244\353""_\034\230\374~\270\372>ui~\000\\252\321fK\007\013\003""; }; requestCookie: 2; "
1750527672545,1750527672545,0,1,3,1,TMLedgerData,"ledgerHash: ""\177X\227$\245tCB\345\314d\231A\300\204\371KJ\036\321\330\014]""EN\266$]\331\226c""; ledgerSeq: 44; type: liBASE; nodes {;   nodedata: ""\000\000\000,\001cEx]\211\377\330Q\240\317\3502\006,|\364\004\275\034\006\337\370""\330\364\202\314\315\311?\030\260\361u)\336\202\265Y\000\000\000\000\000\000\000\000\000\000\000\000\000\000\000\000\000\000\000\000\000\000\000\000\000\000\000\000\000\000\000\000\0223\207\212\364\2356M\244\245T\036lI\302L\005""\237\006\372\365`\031<R\024\352)\265\310\372/\351\2536/\351\2537\n\000""; }; nodes {;   nodedata: ""\323C\344\327\264{\312-\017:\006{\177\344N\002\326bO\260\220\006\033\362\345\005U\221DzJ0\001\301\025%1L\307\t\261\262z\374\222T\301\274V\236\223\262\270Ct\362\337b\356\024*\324\320\351\317\002k\336\234\027v\351\217\260\303\360\233ZPZWr\246$w\313\313\r\243r\232\2234\373\3539:N\004Q\245\272D\312D\300\300\t\323\0257\345e\271\na\215{\226\255x%T\257\037\333\004\344_/R\006E\344\037@\210\363\010\336T\226\247'\204_{\261\370""1\235\2445\343\033Y!\212\201\341\272\225'\007F\022%\377:\002*3-\037\235\244\353""_\034\230\374~\270\372>ui~\000\\252\321fK\007\013\003""; }; requestCookie: 3; ","ledgerHash: ""\177X\227$\245tCB\345\314d\231A\300\204\371KJ\036\321\330\014]""EN\266$]\331\226c""; ledgerSeq: 44; type: liBASE; nodes {;   nodedata: ""\000\000\000,\001cEx]\211\377\330Q\240\317\3502\006,|\364\004\275\034\006\337\370""\330\364\202\314\315\311?\030\260\361u)\336\202\265Y\000\000\000\000\000\000\000\000\000\000\000\000\000\000\000\000\000\000\000\000\000\000\000\000\000\000\000\000\000\000\000\000\0223\207\212\364\2356M\244\245T\036lI\302L\005""\237\006\372\365`\031<R\024\352)\265\310\372/\351\2536/\351\2537\n\000""; }; nodes {;   nodedata: ""\323C\344\327\264{\312-\017:\006{\177\344N\002\326bO\260\220\006\033\362\345\005U\221DzJ0\001\301\025%1L\307\t\261\262z\374\222T\301\274V\236\223\262\270Ct\362\337b\356\024*\324\320\351\317\002k\336\234\027v\351\217\260\303\360\233ZPZWr\246$w\313\313\r\243r\232\2234\373\3539:N\004Q\245\272D\312D\300\300\t\323\0257\345e\271\na\215{\226\255x%T\257\037\333\004\344_/R\006E\344\037@\210\363\010\336T\226\247'\204_{\261\370""1\235\2445\343\033Y!\212\201\341\272\225'\007F\022%\377:\002*3-\037\235\244\353""_\034\230\374~\270\372>ui~\000\\252\321fK\007\013\003""; }; requestCookie: 3; "
1750527672546,1750527672546,0,1,4,1,TMLedgerData,"ledgerHash: ""\177X\227$\245tCB\345\314d\231A\300\204\371KJ\036\321\330\014]""EN\266$]\331\226c""; ledgerSeq: 44; type: liBASE; nodes {;   nodedata: ""\000\000\000,\001cEx]\211\377\330Q\240\317\3502\006,|\364\004\275\034\006\337\370""\330\364\202\314\315\311?\030\260\361u)\336\202\265Y\000\000\000\000\000\000\000\000\000\000\000\000\000\000\000\000\000\000\000\000\000\000\000\000\000\000\000\000\000\000\000\000\0223\207\212\364\2356M\244\245T\036lI\302L\005""\237\006\372\365`\031<R\024\352)\265\310\372/\351\2536/\351\2537\n\000""; }; nodes {;   nodedata: ""\323C\344\327\264{\312-\017:\006{\177\344N\002\326bO\260\220\006\033\362\345\005U\221DzJ0\001\301\025%1L\307\t\261\262z\374\222T\301\274V\236\223\262\270Ct\362\337b\356\024*\324\320\351\317\002k\336\234\027v\351\217\260\303\360\233ZPZWr\246$w\313\313\r\243r\232\2234\373\3539:N\004Q\245\272D\312D\300\300\t\323\0257\345e\271\na\215{\226\255x%T\257\037\333\004\344_/R\006E\344\037@\210\363\010\336T\226\247'\204_{\261\370""1\235\2445\343\033Y!\212\201\341\272\225'\007F\022%\377:\002*3-\037\235\244\353""_\034\230\374~\270\372>ui~\000\\252\321fK\007\013\003""; }; ","ledgerHash: ""\177X\227$\245tCB\345\314d\231A\300\204\371KJ\036\321\330\014]""EN\266$]\331\226c""; ledgerSeq: 44; type: liBASE; nodes {;   nodedata: ""\000\000\000,\001cEx]\211\377\330Q\240\317\3502\006,|\364\004\275\034\006\337\370""\330\364\202\314\315\311?\030\260\361u)\336\202\265Y\000\000\000\000\000\000\000\000\000\000\000\000\000\000\000\000\000\000\000\000\000\000\000\000\000\000\000\000\000\000\000\000\0223\207\212\364\2356M\244\245T\036lI\302L\005""\237\006\372\365`\031<R\024\352)\265\310\372/\351\2536/\351\2537\n\000""; }; nodes {;   nodedata: ""\323C\344\327\264{\312-\017:\006{\177\344N\002\326bO\260\220\006\033\362\345\005U\221DzJ0\001\301\025%1L\307\t\261\262z\374\222T\301\274V\236\223\262\270Ct\362\337b\356\024*\324\320\351\317\002k\336\234\027v\351\217\260\303\360\233ZPZWr\246$w\313\313\r\243r\232\2234\373\3539:N\004Q\245\272D\312D\300\300\t\323\0257\345e\271\na\215{\226\255x%T\257\037\333\004\344_/R\006E\344\037@\210\363\010\336T\226\247'\204_{\261\370""1\235\2445\343\033Y!\212\201\341\272\225'\007F\022%\377:\002*3-\037\235\244\353""_\034\230\374~\270\372>ui~\000\\252\321fK\007\013\003""; }; "
1750527672547,1750527672547,0,1,2,1,TMLedgerData,"ledgerHash: ""\177X\227$\245tCB\345\314d\231A\300\204\371KJ\036\321\330\014]""EN\266$]\331\226c""; ledgerSeq: 44; type: liBASE; nodes {;   nodedata: ""\000\000\000,\001cEx]\211\377\330Q\240\317\3502\006,|\364\004\275\034\006\337\370""\330\364\202\314\315\311?\030\260\361u)\336\202\265Y\000\000\000\000\000\000\000\000\000\000\000\000\000\000\000\000\000\000\000\000\000\000\000\000\000\000\000\000\000\000\000\000\0223\207\212\364\2356M\244\245T\036lI\302L\005""\237\006\372\365`\031<R\024\352)\265\310\372/\351\2536/\351\2537\n\000""; }; nodes {;   nodedata: ""\323C\344\327\264{\312-\017:\006{\177\344N\002\326bO\260\220\006\033\362\345\005U\221DzJ0\001\301\025%1L\307\t\261\262z\374\222T\301\274V\236\223\262\270Ct\362\337b\356\024*\324\320\351\317\002k\336\234\027v\351\217\260\303\360\233ZPZWr\246$w\313\313\r\243r\232\2234\373\3539:N\004Q\245\272D\312D\300\300\t\323\0257\345e\271\na\215{\226\255x%T\257\037\333\004\344_/R\006E\344\037@\210\363\010\336T\226\247'\204_{\261\370""1\235\2445\343\033Y!\212\201\341\272\225'\007F\022%\377:\002*3-\037\235\244\353""_\034\230\374~\270\372>ui~\000\\252\321fK\007\013\003""; }; ","ledgerHash: ""\177X\227$\245tCB\345\314d\231A\300\204\371KJ\036\321\330\014]""EN\266$]\331\226c""; ledgerSeq: 44; type: liBASE; nodes {;   nodedata: ""\000\000\000,\001cEx]\211\377\330Q\240\317\3502\006,|\364\004\275\034\006\337\370""\330\364\202\314\315\311?\030\260\361u)\336\202\265Y\000\000\000\000\000\000\000\000\000\000\000\000\000\000\000\000\000\000\000\000\000\000\000\000\000\000\000\000\000\000\000\000\0223\207\212\364\2356M\244\245T\036lI\302L\005""\237\006\372\365`\031<R\024\352)\265\310\372/\351\2536/\351\2537\n\000""; }; nodes {;   nodedata: ""\323C\344\327\264{\312-\017:\006{\177\344N\002\326bO\260\220\006\033\362\345\005U\221DzJ0\001\301\025%1L\307\t\261\262z\374\222T\301\274V\236\223\262\270Ct\362\337b\356\024*\324\320\351\317\002k\336\234\027v\351\217\260\303\360\233ZPZWr\246$w\313\313\r\243r\232\2234\373\3539:N\004Q\245\272D\312D\300\300\t\323\0257\345e\271\na\215{\226\255x%T\257\037\333\004\344_/R\006E\344\037@\210\363\010\336T\226\247'\204_{\261\370""1\235\2445\343\033Y!\212\201\341\272\225'\007F\022%\377:\002*3-\037\235\244\353""_\034\230\374~\270\372>ui~\000\\252\321fK\007\013\003""; }; "
1750527672547,1750527672547,0,1,0,3,TMGetLedger,"itype: liBASE; ledgerHash: ""\177X\227$\245tCB\345\314d\231A\300\204\371KJ\036\321\330\014]""EN\266$]\331\226c""; ledgerSeq: 44; requestCookie: 2; queryType: qtINDIRECT; ","itype: liBASE; ledgerHash: ""\177X\227$\245tCB\345\314d\231A\300\204\371KJ\036\321\330\014]""EN\266$]\331\226c""; ledgerSeq: 44; requestCookie: 2; queryType: qtINDIRECT; "
1750527672548,1750527672548,0,1,0,3,TMGetLedger,"itype: liAS_NODE; ledgerHash: ""\177X\227$\245tCB\345\314d\231A\300\204\371KJ\036\321\330\014]""EN\266$]\331\226c""; ledgerSeq: 44; nodeIDs: ""\260\000\000\000\000\000\000\000\000\000\000\000\000\000\000\000\000\000\000\000\000\000\000\000\000\000\000\000\000\000\000\000\001""; queryType: qtINDIRECT; queryDepth: 1; ","itype: liAS_NODE; ledgerHash: ""\177X\227$\245tCB\345\314d\231A\300\204\371KJ\036\321\330\014]""EN\266$]\331\226c""; ledgerSeq: 44; nodeIDs: ""\260\000\000\000\000\000\000\000\000\000\000\000\000\000\000\000\000\000\000\000\000\000\000\000\000\000\000\000\000\000\000\000\001""; queryType: qtINDIRECT; queryDepth: 1; "
1750527672548,1750527672548,0,1,0,2,TMLedgerData,"ledgerHash: ""\177X\227$\245tCB\345\314d\231A\300\204\371KJ\036\321\330\014]""EN\266$]\331\226c""; ledgerSeq: 44; type: liBASE; nodes {;   nodedata: ""\000\000\000,\001cEx]\211\377\330Q\240\317\3502\006,|\364\004\275\034\006\337\370""\330\364\202\314\315\311?\030\260\361u)\336\202\265Y\000\000\000\000\000\000\000\000\000\000\000\000\000\000\000\000\000\000\000\000\000\000\000\000\000\000\000\000\000\000\000\000\0223\207\212\364\2356M\244\245T\036lI\302L\005""\237\006\372\365`\031<R\024\352)\265\310\372/\351\2536/\351\2537\n\000""; }; nodes {;   nodedata: ""\323C\344\327\264{\312-\017:\006{\177\344N\002\326bO\260\220\006\033\362\345\005U\221DzJ0\001\301\025%1L\307\t\261\262z\374\222T\301\274V\236\223\262\270Ct\362\337b\356\024*\324\320\351\317\002k\336\234\027v\351\217\260\303\360\233ZPZWr\246$w\313\313\r\243r\232\2234\373\3539:N\004Q\245\272D\312D\300\300\t\323\0257\345e\271\na\215{\226\255x%T\257\037\333\004\344_/R\006E\344\037@\210\363\010\336T\226\247'\204_{\261\370""1\235\2445\343\033Y!\212\201\341\272\225'\007F\022%\377:\002*3-\037\235\244\353""_\034\230\374~\270\372>ui~\000\\252\321fK\007\013\003""; }; ","ledgerHash: ""\177X\227$\245tCB\345\314d\231A\300\204\371KJ\036\321\330\014]""EN\266$]\331\226c""; ledgerSeq: 44; type: liBASE; nodes {;   nodedata: ""\000\000\000,\001cEx]\211\377\330Q\240\317\3502\006,|\364\004\275\034\006\337\370""\330\364\202\314\315\311?\030\260\361u)\336\202\265Y\000\000\000\000\000\000\000\000\000\000\000\000\000\000\000\000\000\000\000\000\000\000\000\000\000\000\000\000\000\000\000\000\0223\207\212\364\2356M\244\245T\036lI\302L\005""\237\006\372\365`\031<R\024\352)\265\310\372/\351\2536/\351\2537\n\000""; }; nodes {;   nodedata: ""\323C\344\327\264{\312-\017:\006{\177\344N\002\326bO\260\220\006\033\362\345\005U\221DzJ0\001\301\025%1L\307\t\261\262z\374\222T\301\274V\236\223\262\270Ct\362\337b\356\024*\324\320\351\317\002k\336\234\027v\351\217\260\303\360\233ZPZWr\246$w\313\313\r\243r\232\2234\373\3539:N\004Q\245\272D\312D\300\300\t\323\0257\345e\271\na\215{\226\255x%T\257\037\333\004\344_/R\006E\344\037@\210\363\010\336T\226\247'\204_{\261\370""1\235\2445\343\033Y!\212\201\341\272\225'\007F\022%\377:\002*3-\037\235\244\353""_\034\230\374~\270\372>ui~\000\\252\321fK\007\013\003""; }; "
1750527672549,1750527672549,0,1,0,4,TMLedgerData,"ledgerHash: ""\177X\227$\245tCB\345\314d\231A\300\204\371KJ\036\321\330\014]""EN\266$]\331\226c""; ledgerSeq: 44; type: liBASE; nodes {;   nodedata: ""\000\000\000,\001cEx]\211\377\330Q\240\317\3502\006,|\364\004\275\034\006\337\370""\330\364\202\314\315\311?\030\260\361u)\336\202\265Y\000\000\000\000\000\000\000\000\000\000\000\000\000\000\000\000\000\000\000\000\000\000\000\000\000\000\000\000\000\000\000\000\0223\207\212\364\2356M\244\245T\036lI\302L\005""\237\006\372\365`\031<R\024\352)\265\310\372/\351\2536/\351\2537\n\000""; }; nodes {;   nodedata: ""\323C\344\327\264{\312-\017:\006{\177\344N\002\326bO\260\220\006\033\362\345\005U\221DzJ0\001\301\025%1L\307\t\261\262z\374\222T\301\274V\236\223\262\270Ct\362\337b\356\024*\324\320\351\317\002k\336\234\027v\351\217\260\303\360\233ZPZWr\246$w\313\313\r\243r\232\2234\373\3539:N\004Q\245\272D\312D\300\300\t\323\0257\345e\271\na\215{\226\255x%T\257\037\333\004\344_/R\006E\344\037@\210\363\010\336T\226\247'\204_{\261\370""1\235\2445\343\033Y!\212\201\341\272\225'\007F\022%\377:\002*3-\037\235\244\353""_\034\230\374~\270\372>ui~\000\\252\321fK\007\013\003""; }; ","ledgerHash: ""\177X\227$\245tCB\345\314d\231A\300\204\371KJ\036\321\330\014]""EN\266$]\331\226c""; ledgerSeq: 44; type: liBASE; nodes {;   nodedata: ""\000\000\000,\001cEx]\211\377\330Q\240\317\3502\006,|\364\004\275\034\006\337\370""\330\364\202\314\315\311?\030\260\361u)\336\202\265Y\000\000\000\000\000\000\000\000\000\000\000\000\000\000\000\000\000\000\000\000\000\000\000\000\000\000\000\000\000\000\000\000\0223\207\212\364\2356M\244\245T\036lI\302L\005""\237\006\372\365`\031<R\024\352)\265\310\372/\351\2536/\351\2537\n\000""; }; nodes {;   nodedata: ""\323C\344\327\264{\312-\017:\006{\177\344N\002\326bO\260\220\006\033\362\345\005U\221DzJ0\001\301\025%1L\307\t\261\262z\374\222T\301\274V\236\223\262\270Ct\362\337b\356\024*\324\320\351\317\002k\336\234\027v\351\217\260\303\360\233ZPZWr\246$w\313\313\r\243r\232\2234\373\3539:N\004Q\245\272D\312D\300\300\t\323\0257\345e\271\na\215{\226\255x%T\257\037\333\004\344_/R\006E\344\037@\210\363\010\336T\226\247'\204_{\261\370""1\235\2445\343\033Y!\212\201\341\272\225'\007F\022%\377:\002*3-\037\235\244\353""_\034\230\374~\270\372>ui~\000\\252\321fK\007\013\003""; }; "
1750527672550,1750527672550,0,1,1,3,TMGetLedger,"itype: liAS_NODE; ledgerHash: ""\177X\227$\245tCB\345\314d\231A\300\204\371KJ\036\321\330\014]""EN\266$]\331\226c""; ledgerSeq: 44; nodeIDs: ""\260\000\000\000\000\000\000\000\000\000\000\000\000\000\000\000\000\000\000\000\000\000\000\000\000\000\000\000\000\000\000\000\001""; queryType: qtINDIRECT; queryDepth: 1; ","itype: liAS_NODE; ledgerHash: ""\177X\227$\245tCB\345\314d\231A\300\204\371KJ\036\321\330\014]""EN\266$]\331\226c""; ledgerSeq: 44; nodeIDs: ""\260\000\000\000\000\000\000\000\000\000\000\000\000\000\000\000\000\000\000\000\000\000\000\000\000\000\000\000\000\000\000\000\001""; queryType: qtINDIRECT; queryDepth: 1; "
1750527672551,1750527672551,0,1,1,4,TMLedgerData,"ledgerHash: ""\177X\227$\245tCB\345\314d\231A\300\204\371KJ\036\321\330\014]""EN\266$]\331\226c""; ledgerSeq: 44; type: liBASE; nodes {;   nodedata: ""\000\000\000,\001cEx]\211\377\330Q\240\317\3502\006,|\364\004\275\034\006\337\370""\330\364\202\314\315\311?\030\260\361u)\336\202\265Y\000\000\000\000\000\000\000\000\000\000\000\000\000\000\000\000\000\000\000\000\000\000\000\000\000\000\000\000\000\000\000\000\0223\207\212\364\2356M\244\245T\036lI\302L\005""\237\006\372\365`\031<R\024\352)\265\310\372/\351\2536/\351\2537\n\000""; }; nodes {;   nodedata: ""\323C\344\327\264{\312-\017:\006{\177\344N\002\326bO\260\220\006\033\362\345\005U\221DzJ0\001\301\025%1L\307\t\261\262z\374\222T\301\274V\236\223\262\270Ct\362\337b\356\024*\324\320\351\317\002k\336\234\027v\351\217\260\303\360\233ZPZWr\246$w\313\313\r\243r\232\2234\373\3539:N\004Q\245\272D\312D\300\300\t\323\0257\345e\271\na\215{\226\255x%T\257\037\333\004\344_/R\006E\344\037@\210\363\010\336T\226\247'\204_{\261\370""1\235\2445\343\033Y!\212\201\341\272\225'\007F\022%\377:\002*3-\037\235\244\353""_\034\230\374~\270\372>ui~\000\\252\321fK\007\013\003""; }; ","ledgerHash: ""\177X\227$\245tCB\345\314d\231A\300\204\371KJ\036\321\330\014]""EN\266$]\331\226c""; ledgerSeq: 44; type: liBASE; nodes {;   nodedata: ""\000\000\000,\001cEx]\211\377\330Q\240\317\3502\006,|\364\004\275\034\006\337\370""\330\364\202\314\315\311?\030\260\361u)\336\202\265Y\000\000\000\000\000\000\000\000\000\000\000\000\000\000\000\000\000\000\000\000\000\000\000\000\000\000\000\000\000\000\000\000\0223\207\212\364\2356M\244\245T\036lI\302L\005""\237\006\372\365`\031<R\024\352)\265\310\372/\351\2536/\351\2537\n\000""; }; nodes {;   nodedata: ""\323C\344\327\264{\312-\017:\006{\177\344N\002\326bO\260\220\006\033\362\345\005U\221DzJ0\001\301\025%1L\307\t\261\262z\374\222T\301\274V\236\223\262\270Ct\362\337b\356\024*\324\320\351\317\002k\336\234\027v\351\217\260\303\360\233ZPZWr\246$w\313\313\r\243r\232\2234\373\3539:N\004Q\245\272D\312D\300\300\t\323\0257\345e\271\na\215{\226\255x%T\257\037\333\004\344_/R\006E\344\037@\210\363\010\336T\226\247'\204_{\261\370""1\235\2445\343\033Y!\212\201\341\272\225'\007F\022%\377:\002*3-\037\235\244\353""_\034\230\374~\270\372>ui~\000\\252\321fK\007\013\003""; }; "
1750527672552,1750527672552,0,1,1,0,TMLedgerData,"ledgerHash: ""\177X\227$\245tCB\345\314d\231A\300\204\371KJ\036\321\330\014]""EN\266$]\331\226c""; ledgerSeq: 44; type: liBASE; nodes {;   nodedata: ""\000\000\000,\001cEx]\211\377\330Q\240\317\3502\006,|\364\004\275\034\006\337\370""\330\364\202\314\315\311?\030\260\361u)\336\202\265Y\000\000\000\000\000\000\000\000\000\000\000\000\000\000\000\000\000\000\000\000\000\000\000\000\000\000\000\000\000\000\000\000\0223\207\212\364\2356M\244\245T\036lI\302L\005""\237\006\372\365`\031<R\024\352)\265\310\372/\351\2536/\351\2537\n\000""; }; nodes {;   nodedata: ""\323C\344\327\264{\312-\017:\006{\177\344N\002\326bO\260\220\006\033\362\345\005U\221DzJ0\001\301\025%1L\307\t\261\262z\374\222T\301\274V\236\223\262\270Ct\362\337b\356\024*\324\320\351\317\002k\336\234\027v\351\217\260\303\360\233ZPZWr\246$w\313\313\r\243r\232\2234\373\3539:N\004Q\245\272D\312D\300\300\t\323\0257\345e\271\na\215{\226\255x%T\257\037\333\004\344_/R\006E\344\037@\210\363\010\336T\226\247'\204_{\261\370""1\235\2445\343\033Y!\212\201\341\272\225'\007F\022%\377:\002*3-\037\235\244\353""_\034\230\374~\270\372>ui~\000\\252\321fK\007\013\003""; }; ","ledgerHash: ""\177X\227$\245tCB\345\314d\231A\300\204\371KJ\036\321\330\014]""EN\266$]\331\226c""; ledgerSeq: 44; type: liBASE; nodes {;   nodedata: ""\000\000\000,\001cEx]\211\377\330Q\240\317\3502\006,|\364\004\275\034\006\337\370""\330\364\202\314\315\311?\030\260\361u)\336\202\265Y\000\000\000\000\000\000\000\000\000\000\000\000\000\000\000\000\000\000\000\000\000\000\000\000\000\000\000\000\000\000\000\000\0223\207\212\364\2356M\244\245T\036lI\302L\005""\237\006\372\365`\031<R\024\352)\265\310\372/\351\2536/\351\2537\n\000""; }; nodes {;   nodedata: ""\323C\344\327\264{\312-\017:\006{\177\344N\002\326bO\260\220\006\033\362\345\005U\221DzJ0\001\301\025%1L\307\t\261\262z\374\222T\301\274V\236\223\262\270Ct\362\337b\356\024*\324\320\351\317\002k\336\234\027v\351\217\260\303\360\233ZPZWr\246$w\313\313\r\243r\232\2234\373\3539:N\004Q\245\272D\312D\300\300\t\323\0257\345e\271\na\215{\226\255x%T\257\037\333\004\344_/R\006E\344\037@\210\363\010\336T\226\247'\204_{\261\370""1\235\2445\343\033Y!\212\201\341\272\225'\007F\022%\377:\002*3-\037\235\244\353""_\034\230\374~\270\372>ui~\000\\252\321fK\007\013\003""; }; "
1750527672552,1750527672552,0,1,1,2,TMLedgerData,"ledgerHash: ""\177X\227$\245tCB\345\314d\231A\300\204\371KJ\036\321\330\014]""EN\266$]\331\226c""; ledgerSeq: 44; type: liBASE; nodes {;   nodedata: ""\000\000\000,\001cEx]\211\377\330Q\240\317\3502\006,|\364\004\275\034\006\337\370""\330\364\202\314\315\311?\030\260\361u)\336\202\265Y\000\000\000\000\000\000\000\000\000\000\000\000\000\000\000\000\000\000\000\000\000\000\000\000\000\000\000\000\000\000\000\000\0223\207\212\364\2356M\244\245T\036lI\302L\005""\237\006\372\365`\031<R\024\352)\265\310\372/\351\2536/\351\2537\n\000""; }; nodes {;   nodedata: ""\323C\344\327\264{\312-\017:\006{\177\344N\002\326bO\260\220\006\033\362\345\005U\221DzJ0\001\301\025%1L\307\t\261\262z\374\222T\301\274V\236\223\262\270Ct\362\337b\356\024*\324\320\351\317\002k\336\234\027v\351\217\260\303\360\233ZPZWr\246$w\313\313\r\243r\232\2234\373\3539:N\004Q\245\272D\312D\300\300\t\323\0257\345e\271\na\215{\226\255x%T\257\037\333\004\344_/R\006E\344\037@\210\363\010\336T\226\247'\204_{\261\370""1\235\2445\343\033Y!\212\201\341\272\225'\007F\022%\377:\002*3-\037\235\244\353""_\034\230\374~\270\372>ui~\000\\252\321fK\007\013\003""; }; ","ledgerHash: ""\177X\227$\245tCB\345\314d\231A\300\204\371KJ\036\321\330\014]""EN\266$]\331\226c""; ledgerSeq: 44; type: liBASE; nodes {;   nodedata: ""\000\000\000,\001cEx]\211\377\330Q\240\317\3502\006,|\364\004\275\034\006\337\370""\330\364\202\314\315\311?\030\260\361u)\336\202\265Y\000\000\000\000\000\000\000\000\000\000\000\000\000\000\000\000\000\000\000\000\000\000\000\000\000\000\000\000\000\000\000\000\0223\207\212\364\2356M\244\245T\036lI\302L\005""\237\006\372\365`\031<R\024\352)\265\310\372/\351\2536/\351\2537\n\000""; }; nodes {;   nodedata: ""\323C\344\327\264{\312-\017:\006{\177\344N\002\326bO\260\220\006\033\362\345\005U\221DzJ0\001\301\025%1L\307\t\261\262z\374\222T\301\274V\236\223\262\270Ct\362\337b\356\024*\324\320\351\317\002k\336\234\027v\351\217\260\303\360\233ZPZWr\246$w\313\313\r\243r\232\2234\373\3539:N\004Q\245\272D\312D\300\300\t\323\0257\345e\271\na\215{\226\255x%T\257\037\333\004\344_/R\006E\344\037@\210\363\010\336T\226\247'\204_{\261\370""1\235\2445\343\033Y!\212\201\341\272\225'\007F\022%\377:\002*3-\037\235\244\353""_\034\230\374~\270\372>ui~\000\\252\321fK\007\013\003""; }; "
1750527672557,1750527672557,0,1,3,0,TMLedgerData,"ledgerHash: ""\177X\227$\245tCB\345\314d\231A\300\204\371KJ\036\321\330\014]""EN\266$]\331\226c""; ledgerSeq: 44; type: liBASE; nodes {;   nodedata: ""\000\000\000,\001cEx]\211\377\330Q\240\317\3502\006,|\364\004\275\034\006\337\370""\330\364\202\314\315\311?\030\260\361u)\336\202\265Y\000\000\000\000\000\000\000\000\000\000\000\000\000\000\000\000\000\000\000\000\000\000\000\000\000\000\000\000\000\000\000\000\0223\207\212\364\2356M\244\245T\036lI\302L\005""\237\006\372\365`\031<R\024\352)\265\310\372/\351\2536/\351\2537\n\000""; }; nodes {;   nodedata: ""\323C\344\327\264{\312-\017:\006{\177\344N\002\326bO\260\220\006\033\362\345\005U\221DzJ0\001\301\025%1L\307\t\261\262z\374\222T\301\274V\236\223\262\270Ct\362\337b\356\024*\324\320\351\317\002k\336\234\027v\351\217\260\303\360\233ZPZWr\246$w\313\313\r\243r\232\2234\373\3539:N\004Q\245\272D\312D\300\300\t\323\0257\345e\271\na\215{\226\255x%T\257\037\333\004\344_/R\006E\344\037@\210\363\010\336T\226\247'\204_{\261\370""1\235\2445\343\033Y!\212\201\341\272\225'\007F\022%\377:\002*3-\037\235\244\353""_\034\230\374~\270\372>ui~\000\\252\321fK\007\013\003""; }; requestCookie: 2; ","ledgerHash: ""\177X\227$\245tCB\345\314d\231A\300\204\371KJ\036\321\330\014]""EN\266$]\331\226c""; ledgerSeq: 44; type: liBASE; nodes {;   nodedata: ""\000\000\000,\001cEx]\211\377\330Q\240\317\3502\006,|\364\004\275\034\006\337\370""\330\364\202\314\315\311?\030\260\361u)\336\202\265Y\000\000\000\000\000\000\000\000\000\000\000\000\000\000\000\000\000\000\000\000\000\000\000\000\000\000\000\000\000\000\000\000\0223\207\212\364\2356M\244\245T\036lI\302L\005""\237\006\372\365`\031<R\024\352)\265\310\372/\351\2536/\351\2537\n\000""; }; nodes {;   nodedata: ""\323C\344\327\264{\312-\017:\006{\177\344N\002\326bO\260\220\006\033\362\345\005U\221DzJ0\001\301\025%1L\307\t\261\262z\374\222T\301\274V\236\223\262\270Ct\362\337b\356\024*\324\320\351\317\002k\336\234\027v\351\217\260\303\360\233ZPZWr\246$w\313\313\r\243r\232\2234\373\3539:N\004Q\245\272D\312D\300\300\t\323\0257\345e\271\na\215{\226\255x%T\257\037\333\004\344_/R\006E\344\037@\210\363\010\336T\226\247'\204_{\261\370""1\235\2445\343\033Y!\212\201\341\272\225'\007F\022%\377:\002*3-\037\235\244\353""_\034\230\374~\270\372>ui~\000\\252\321fK\007\013\003""; }; requestCookie: 2; "
1750527672555,1750527672556,0,1,3,0,TMLedgerData,"ledgerHash: ""\177X\227$\245tCB\345\314d\231A\300\204\371KJ\036\321\330\014]""EN\266$]\331\226c""; ledgerSeq: 44; type: liAS_NODE; nodes {;   nodedata: ""\021\000h""\000\000\000\000 \033\000\000\000+\002\023\305\277\330\356GuH\375\327!\255\371\r\231\262R\256J\034\222\241\355X\265E\241^W\225\304\014\361CX-}\351f\032\255\274\334m\326c\017\014ao[\342\230\003\245\245\3341Hm\326^\017jy\335\261\032Yt\320\244{g\0306\\302\303*\341\215\223\257\364\277o\375\000r\241SOq\221\253\262\005\017\375T\356\014\360o'\030\311-\267\031\257!\031T\006><\315XM\334\324\345\034\000\325\367\240\271\013\265\024\321\362\354\211\250.\234s\225amc\305\035\366\276\037nD\277`\210\223N\3535\033\261\304f\331]\036\237\306o!\223\221\002\324\031\262\240R\177 ,\214\325\Q])\016\2067\277\t\354\010\000\360\215\2502\265\245\310\226\243c\302Ze\306\253#r\020\211\320iG\276\020E\317\035Sf\223F\254\033@\177e\277\016\010u\327\371&\262\312\317Q\2361t\377x\234\001v\003%\030\325_\225g\204\346a=\225\273\331\354\365*U\363\263N\367b\371\244\314-w\363\262\225Z\200\206\235\233\257?sE\2674\254\326mU\377?\177Ek\336\030!\316Aa\225\303\022\377{\210Y\226\271as\354L\035\004\341\361\035\301\024\220m#*\372\032\3178~\374\250\014*\323\342'z69\220\327\256\351G\367\317u\302\207\270b\315\333\333\334\310I\323&\014\352XZnW2.\335\347\202\021\247\362\212e\034\000\001\250\220\305;a\314\265R\310\017\317\331\235\360\262\240:\277\202\266\354\265X""\022\nh\252\352w\204\203\023]\001f\352\277\0031Q]\362\370R\350{\261\202\240\344\215\201\353\276\322p5p\350\354\017>\250r\241c\273\016\301\024\363\242\247\263\231\370\344\nBW\220K\316@3\243\200\036wk\253GSlU\010\360\231>\331\263H\214\324\030A\225\301o\346pkSF\004\241\213w9\223=\250\262*+\255\351r\265\244c\024\213\t\007`\223\325#\3477\210\345P\306\013\320\252[\0216+\227=`\371P\314\346 V7\271[~\n\237\274|\347\352@K\253~&\260\032\024\004B\200\255h\351\013\361\031:nG\211\005|\2003\266\274\251,W\006u\344\335d\003\306\212\313,\340\350bG\n\030Z\2732-\246\312\255\030\003\235207\005}D\260\0261ah\322M\304\216\273m0\271\234\237\007<w$\265C\245\232\033\023\313c\321B\032l\301h\005\320\252\301\361(\330[\343\357\343{\235\n\266g\272>\177\317\347\261qb&\270&\346ju\200\363N\320\307\004\034\001n\317\361\2653\254\2503\247\305\372\316W\022O\253x\250\025\373\247\354Tc\304\263\243^\352Gv\\264\261\r\035\226\306\2411\351\233\203\215\200$\231\300f\220\371c@\017\254\363\\371\340\340VaR\205~^\226\342t\360\022\204d\231\205)\272\364?\361!\334\331\315\254\230\rBG\314\023\246\244=\351\177\254\302b&\276+H;0\312\021&\275\036\237\350R\313\206R\331\304k\323u\263t\221\213yC\241\217A\242\027g\322\241'\212.E?B_\316\327\217J +\370\t^b\005\020\003\211\373\247|hC\271Nmk~J\270EU\274\036-\347\240\312FA\321\341bca\253\025\321\311\317\021\375\317\217\n\272\033o\353G>\275\361H\265\240\232um""\317\324`\214\221\314\000\211K\223+(""\200i \311\372g\254\343ZR0\224\275q\252\357\213\263\206N\357&Q\217\267\303\356I\236\357\264\311b\037\366\035\253\343\311\265\240\327q\206f\262ODi\215-\363>\034\236l\273\005G\316F\217}[\036\007\270:\260\335\271B\241N\345\330\204\327f\361\272Kb\0377p\334\264\237\177~\330]\252+:\317u\302h\n\351\n\364\231\277R\371\356\033y\265v\360Ny\246\332qY\262\231\251\n\305\334\202\305\362\n\367@k\231\016R:\327\242\366\242\253LZY\223$Gw^\203\302\311\316I7\371tTwp}\005|\372\214\251{R`\230V\244-\326I\351\255\325i\335\377\321\353\327\331\302\023\347y\016\263\271\317\306\017UV\314qu?\0064A\315{3D\010\016S\212\2353k0\361\214ID\303g\277\010Y_\001~\021\333\370\255\374\\331\306\255\336)\365Rth\024\t\300.M\315\321S\257\224\252\362\326P\316\303%nX\3742\333\036\004Y\264yG^\234\177\214\305q\237\274G\300a4\275\240s\215\222\210\016\020G\344=-:GK\312\035\271\201\350\376F\260G\347\000\235\365P6pmH\033\373\212c\377o\232\356\320D\002\277,]os{\354/?\312e\006wda\001\023\375\316\025\254\321\244\370+Y`\220\270\254\2601E[FI\310\235<qI \356\032v%\001\230\016\203\200\251UD\347\304\373\034\211\340@\342\033\263\365\356\341\357\350\324\035J\032\177\230\207\220\303+\207\352g\317N\027>\222M\271m\033\236\021:\272\233r\373\233hC}\256\020\210\010\233\335\025[ d(\343\263\327\177\030\246\254H\277\254E\231\006\033_lB\210\264\334Y\322\314\362\320L\000Q\240\317\3502\006,|\364\004\275\034\006\337\370""\330\364\202\314\315\311?\030\260\361u)\336\202\265Y\264\227\2326\315\307\363\323\325\303\032N\256*\307\327 \235\332\207u\210\271\257\306g\231i*\260\326k\001"";   nodeid: ""\260\000\000\000\000\000\000\000\000\000\000\000\000\000\000\000\000\000\000\000\000\000\000\000\000\000\000\000\000\000\000\000\001""; }; ","ledgerHash: ""\177X\227$\245tCB\345\314d\231A\300\204\371KJ\036\321\330\014]""EN\266$]\331\226c""; ledgerSeq: 44; type: liAS_NODE; nodes {;   nodedata: ""\021\000h""\000\000\000\000 \033\000\000\000+\002\023\305\277\330\356GuH\375\327!\255\371\r\231\262R\256J\034\222\241\355X\265E\241^W\225\304\014\361CX-}\351f\032\255\274\334m\326c\017\014ao[\342\230\003\245\245\3341Hm\326^\017jy\335\261\032Yt\320\244{g\0306\\302\303*\341\215\223\257\364\277o\375\000r\241SOq\221\253\262\005\017\375T\356\014\360o'\030\311-\267\031\257!\031T\006><\315XM\334\324\345\034\000\325\367\240\271\013\265\024\321\362\354\211\250.\234s\225amc\305\035\366\276\037nD\277`\210\223N\3535\033\261\304f\331]\036\237\306o!\223\221\002\324\031\262\240R\177 ,\214\325\Q])\016\2067\277\t\354\010\000\360\215\2502\265\245\310\226\243c\302Ze\306\253#r\020\211\320iG\276\020E\317\035Sf\223F\254\033@\177e\277\016\010u\327\371&\262\312\317Q\2361t\377x\234\001v\003%\030\325_\225g\204\346a=\225\273\331\354\365*U\363\263N\367b\371\244\314-w\363\262\225Z\200\206\235\233\257?sE\2674\254\326mU\377?\177Ek\336\030!\316Aa\225\303\022\377{\210Y\226\271as\354L\035\004\341\361\035\301\024\220m#*\372\032\3178~\374\250\014*\323\342'z69\220\327\256\351G\367\317u\302\207\270b\315\333\333\334\310I\323&\014\352XZnW2.\335\347\202\021\247\362\212e\034\000\001\250\220\305;a\314\265R\310\017\317\331\235\360\262\240:\277\202\266\354\265X""\022\nh\252\352w\204\203\023]\001f\352\277\0031Q]\362\370R\350{\261\202\240\344\215\201\353\276\322p5p\350\354\017>\250r\241c\273\016\301\024\363\242\247\263\231\370\344\nBW\220K\316@3\243\200\036wk\253GSlU\010\360\231>\331\263H\214\324\030A\225\301o\346pkSF\004\241\213w9\223=\250\262*+\255\351r\265\244c\024\213\t\007`\223\325#\3477\210\345P\306\013\320\252[\0216+\227=`\371P\314\346 V7\271[~\n\237\274|\347\352@K\253~&\260\032\024\004B\200\255h\351\013\361\031:nG\211\005|\2003\266\274\251,W\006u\344\335d\003\306\212\313,\340\350bG\n\030Z\2732-\246\312\255\030\003\235207\005}D\260\0261ah\322M\304\216\273m0\271\234\237\007<w$\265C\245\232\033\023\313c\321B\032l\301h\005\320\252\301\361(\330[\343\357\343{\235\n\266g\272>\177\317\347\261qb&\270&\346ju\200\363N\320\307\004\034\001n\317\361\2653\254\2503\247\305\372\316W\022O\253x\250\025\373\247\354Tc\304\263\243^\352Gv\\264\261\r\035\226\306\2411\351\233\203\215\200$\231\300f\220\371c@\017\254\363\\371\340\340VaR\205~^\226\342t\360\022\204d\231\205)\272\364?\361!\334\331\315\254\230\rBG\314\023\246\244=\351\177\254\302b&\276+H;0\312\021&\275\036\237\350R\313\206R\331\304k\323u\263t\221\213yC\241\217A\242\027g\322\241'\212.E?B_\316\327\217J +\370\t^b\005\020\003\211\373\247|hC\271Nmk~J\270EU\274\036-\347\240\312FA\321\341bca\253\025\321\311\317\021\375\317\217\n\272\033o\353G>\275\361H\265\240\232um""\317\324`\214\221\314\000\211K\223+(""\200i \311\372g\254\343ZR0\224\275q\252\357\213\263\206N\357&Q\217\267\303\356I\236\357\264\311b\037\366\035\253\343\311\265\240\327q\206f\262ODi\215-\363>\034\236l\273\005G\316F\217}[\036\007\270:\260\335\271B\241N\345\330\204\327f\361\272Kb\0377p\334\264\237\177~\330]\252+:\317u\302h\n\351\n\364\231\277R\371\356\033y\265v\360Ny\246\332qY\262\231\251\n\305\334\202\305\362\n\367@k\231\016R:\327\242\366\242\253LZY\223$Gw^\203\302\311\316I7\371tTwp}\005|\372\214\251{R`\230V\244-\326I\351\255\325i\335\377\321\353\327\331\302\023\347y\016\263\271\317\306\017UV\314qu?\0064A\315{3D\010\016S\212\2353k0\361\214ID\303g\277\010Y_\001~\021\333\370\255\374\\331\306\255\336)\365Rth\024\t\300.M\315\321S\257\224\252\362\326P\316\303%nX\3742\333\036\004Y\264yG^\234\177\214\305q\237\274G\300a4\275\240s\215\222\210\016\020G\344=-:GK\312\035\271\201\350\376F\260G\347\000\235\365P6pmH\033\373\212c\377o\232\356\320D\002\277,]os{\354/?\312e\006wda\001\023\375\316\025\254\321\244\370+Y`\220\270\254\2601E[FI\310\235<qI \356\032v%\001\230\016\203\200\251UD\347\304\373\034\211\340@\342\033\263\365\356\341\357\350\324\035J\032\177\230\207\220\303+\207\352g\317N\027>\222M\271m\033\236\021:\272\233r\373\233hC}\256\020\210\010\233\335\025[ d(\343\263\327\177\030\246\254H\277\254E\231\006\033_lB\210\264\334Y\322\314\362\320L\000Q\240\317\3502\006,|\364\004\275\034\006\337\370""\330\364\202\314\315\311?\030\260\361u)\336\202\265Y\264\227\2326\315\307\363\323\325\303\032N\256*\307\327 \235\332\207u\210\271\257\306g\231i*\260\326k\001"";   nodeid: ""\260\000\000\000\000\000\000\000\000\000\000\000\000\000\000\000\000\000\000\000\000\000\000\000\000\000\000\000\000\000\000\000\001""; }; "
1750527672558,1750527672558,0,1,3,1,TMLedgerData,"ledgerHash: ""\177X\227$\245tCB\345\314d\231A\300\204\371KJ\036\321\330\014]""EN\266$]\331\226c""; ledgerSeq: 44; type: liAS_NODE; nodes {;   nodedata: ""\021\000h""\000\000\000\000 \033\000\000\000+\002\023\305\277\330\356GuH\375\327!\255\371\r\231\262R\256J\034\222\241\355X\265E\241^W\225\304\014\361CX-}\351f\032\255\274\334m\326c\017\014ao[\342\230\003\245\245\3341Hm\326^\017jy\335\261\032Yt\320\244{g\0306\\302\303*\341\215\223\257\364\277o\375\000r\241SOq\221\253\262\005\017\375T\356\014\360o'\030\311-\267\031\257!\031T\006><\315XM\334\324\345\034\000\325\367\240\271\013\265\024\321\362\354\211\250.\234s\225amc\305\035\366\276\037nD\277`\210\223N\3535\033\261\304f\331]\036\237\306o!\223\221\002\324\031\262\240R\177 ,\214\325\Q])\016\2067\277\t\354\010\000\360\215\2502\265\245\310\226\243c\302Ze\306\253#r\020\211\320iG\276\020E\317\035Sf\223F\254\033@\177e\277\016\010u\327\371&\262\312\317Q\2361t\377x\234\001v\003%\030\325_\225g\204\346a=\225\273\331\354\365*U\363\263N\367b\371\244\314-w\363\262\225Z\200\206\235\233\257?sE\2674\254\326mU\377?\177Ek\336\030!\316Aa\225\303\022\377{\210Y\226\271as\354L\035\004\341\361\035\301\024\220m#*\372\032\3178~\374\250\014*\323\342'z69\220\327\256\351G\367\317u\302\207\270b\315\333\333\334\310I\323&\014\352XZnW2.\335\347\202\021\247\362\212e\034\000\001\250\220\305;a\314\265R\310\017\317\331\235\360\262\240:\277\202\266\354\265X""\022\nh\252\352w\204\203\023]\001f\352\277\0031Q]\362\370R\350{\261\202\240\344\215\201\353\276\322p5p\350\354\017>\250r\241c\273\016\301\024\363\242\247\263\231\370\344\nBW\220K\316@3\243\200\036wk\253GSlU\010\360\231>\331\263H\214\324\030A\225\301o\346pkSF\004\241\213w9\223=\250\262*+\255\351r\265\244c\024\213\t\007`\223\325#\3477\210\345P\306\013\320\252[\0216+\227=`\371P\314\346 V7\271[~\n\237\274|\347\352@K\253~&\260\032\024\004B\200\255h\351\013\361\031:nG\211\005|\2003\266\274\251,W\006u\344\335d\003\306\212\313,\340\350bG\n\030Z\2732-\246\312\255\030\003\235207\005}D\260\0261ah\322M\304\216\273m0\271\234\237\007<w$\265C\245\232\033\023\313c\321B\032l\301h\005\320\252\301\361(\330[\343\357\343{\235\n\266g\272>\177\317\347\261qb&\270&\346ju\200\363N\320\307\004\034\001n\317\361\2653\254\2503\247\305\372\316W\022O\253x\250\025\373\247\354Tc\304\263\243^\352Gv\\264\261\r\035\226\306\2411\351\233\203\215\200$\231\300f\220\371c@\017\254\363\\371\340\340VaR\205~^\226\342t\360\022\204d\231\205)\272\364?\361!\334\331\315\254\230\rBG\314\023\246\244=\351\177\254\302b&\276+H;0\312\021&\275\036\237\350R\313\206R\331\304k\323u\263t\221\213yC\241\217A\242\027g\322\241'\212.E?B_\316\327\217J +\370\t^b\005\020\003\211\373\247|hC\271Nmk~J\270EU\274\036-\347\240\312FA\321\341bca\253\025\321\311\317\021\375\317\217\n\272\033o\353G>\275\361H\265\240\232um""\317\324`\214\221\314\000\211K\223+(""\200i \311\372g\254\343ZR0\224\275q\252\357\213\263\206N\357&Q\217\267\303\356I\236\357\264\311b\037\366\035\253\343\311\265\240\327q\206f\262ODi\215-\363>\034\236l\273\005G\316F\217}[\036\007\270:\260\335\271B\241N\345\330\204\327f\361\272Kb\0377p\334\264\237\177~\330]\252+:\317u\302h\n\351\n\364\231\277R\371\356\033y\265v\360Ny\246\332qY\262\231\251\n\305\334\202\305\362\n\367@k\231\016R:\327\242\366\242\253LZY\223$Gw^\203\302\311\316I7\371tTwp}\005|\372\214\251{R`\230V\244-\326I\351\255\325i\335\377\321\353\327\331\302\023\347y\016\263\271\317\306\017UV\314qu?\0064A\315{3D\010\016S\212\2353k0\361\214ID\303g\277\010Y_\001~\021\333\370\255\374\\331\306\255\336)\365Rth\024\t\300.M\315\321S\257\224\252\362\326P\316\303%nX\3742\333\036\004Y\264yG^\234\177\214\305q\237\274G\300a4\275\240s\215\222\210\016\020G\344=-:GK\312\035\271\201\350\376F\260G\347\000\235\365P6pmH\033\373\212c\377o\232\356\320D\002\277,]os{\354/?\312e\006wda\001\023\375\316\025\254\321\244\370+Y`\220\270\254\2601E[FI\310\235<qI \356\032v%\001\230\016\203\200\251UD\347\304\373\034\211\340@\342\033\263\365\356\341\357\350\324\035J\032\177\230\207\220\303+\207\352g\317N\027>\222M\271m\033\236\021:\272\233r\373\233hC}\256\020\210\010\233\335\025[ d(\343\263\327\177\030\246\254H\277\254E\231\006\033_lB\210\264\334Y\322\314\362\320L\000Q\240\317\3502\006,|\364\004\275\034\006\337\370""\330\364\202\314\315\311?\030\260\361u)\336\202\265Y\264\227\2326\315\307\363\323\325\303\032N\256*\307\327 \235\332\207u\210\271\257\306g\231i*\260\326k\001"";   nodeid: ""\260\000\000\000\000\000\000\000\000\000\000\000\000\000\000\000\000\000\000\000\000\000\000\000\000\000\000\000\000\000\000\000\001""; }; ","ledgerHash: ""\177X\227$\245tCB\345\314d\231A\300\204\371KJ\036\321\330\014]""EN\266$]\331\226c""; ledgerSeq: 44; type: liAS_NODE; nodes {;   nodedata: ""\021\000h""\000\000\000\000 \033\000\000\000+\002\023\305\277\330\356GuH\375\327!\255\371\r\231\262R\256J\034\222\241\355X\265E\241^W\225\304\014\361CX-}\351f\032\255\274\334m\326c\017\014ao[\342\230\003\245\245\3341Hm\326^\017jy\335\261\032Yt\320\244{g\0306\\302\303*\341\215\223\257\364\277o\375\000r\241SOq\221\253\262\005\017\375T\356\014\360o'\030\311-\267\031\257!\031T\006><\315XM\334\324\345\034\000\325\367\240\271\013\265\024\321\362\354\211\250.\234s\225amc\305\035\366\276\037nD\277`\210\223N\3535\033\261\304f\331]\036\237\306o!\223\221\002\324\031\262\240R\177 ,\214\325\Q])\016\2067\277\t\354\010\000\360\215\2502\265\245\310\226\243c\302Ze\306\253#r\020\211\320iG\276\020E\317\035Sf\223F\254\033@\177e\277\016\010u\327\371&\262\312\317Q\2361t\377x\234\001v\003%\030\325_\225g\204\346a=\225\273\331\354\365*U\363\263N\367b\371\244\314-w\363\262\225Z\200\206\235\233\257?sE\2674\254\326mU\377?\177Ek\336\030!\316Aa\225\303\022\377{\210Y\226\271as\354L\035\004\341\361\035\301\024\220m#*\372\032\3178~\374\250\014*\323\342'z69\220\327\256\351G\367\317u\302\207\270b\315\333\333\334\310I\323&\014\352XZnW2.\335\347\202\021\247\362\212e\034\000\001\250\220\305;a\314\265R\310\017\317\331\235\360\262\240:\277\202\266\354\265X""\022\nh\252\352w\204\203\023]\001f\352\277\0031Q]\362\370R\350{\261\202\240\344\215\201\353\276\322p5p\350\354\017>\250r\241c\273\016\301\024\363\242\247\263\231\370\344\nBW\220K\316@3\243\200\036wk\253GSlU\010\360\231>\331\263H\214\324\030A\225\301o\346pkSF\004\241\213w9\223=\250\262*+\255\351r\265\244c\024\213\t\007`\223\325#\3477\210\345P\306\013\320\252[\0216+\227=`\371P\314\346 V7\271[~\n\237\274|\347\352@K\253~&\260\032\024\004B\200\255h\351\013\361\031:nG\211\005|\2003\266\274\251,W\006u\344\335d\003\306\212\313,\340\350bG\n\030Z\2732-\246\312\255\030\003\235207\005}D\260\0261ah\322M\304\216\273m0\271\234\237\007<w$\265C\245\232\033\023\313c\321B\032l\301h\005\320\252\301\361(\330[\343\357\343{\235\n\266g\272>\177\317\347\261qb&\270&\346ju\200\363N\320\307\004\034\001n\317\361\2653\254\2503\247\305\372\316W\022O\253x\250\025\373\247\354Tc\304\263\243^\352Gv\\264\261\r\035\226\306\2411\351\233\203\215\200$\231\300f\220\371c@\017\254\363\\371\340\340VaR\205~^\226\342t\360\022\204d\231\205)\272\364?\361!\334\331\315\254\230\rBG\314\023\246\244=\351\177\254\302b&\276+H;0\312\021&\275\036\237\350R\313\206R\331\304k\323u\263t\221\213yC\241\217A\242\027g\322\241'\212.E?B_\316\327\217J +\370\t^b\005\020\003\211\373\247|hC\271Nmk~J\270EU\274\036-\347\240\312FA\321\341bca\253\025\321\311\317\021\375\317\217\n\272\033o\353G>\275\361H\265\240\232um""\317\324`\214\221\314\000\211K\223+(""\200i \311\372g\254\343ZR0\224\275q\252\357\213\263\206N\357&Q\217\267\303\356I\236\357\264\311b\037\366\035\253\343\311\265\240\327q\206f\262ODi\215-\363>\034\236l\273\005G\316F\217}[\036\007\270:\260\335\271B\241N\345\330\204\327f\361\272Kb\0377p\334\264\237\177~\330]\252+:\317u\302h\n\351\n\364\231\277R\371\356\033y\265v\360Ny\246\332qY\262\231\251\n\305\334\202\305\362\n\367@k\231\016R:\327\242\366\242\253LZY\223$Gw^\203\302\311\316I7\371tTwp}\005|\372\214\251{R`\230V\244-\326I\351\255\325i\335\377\321\353\327\331\302\023\347y\016\263\271\317\306\017UV\314qu?\0064A\315{3D\010\016S\212\2353k0\361\214ID\303g\277\010Y_\001~\021\333\370\255\374\\331\306\255\336)\365Rth\024\t\300.M\315\321S\257\224\252\362\326P\316\303%nX\3742\333\036\004Y\264yG^\234\177\214\305q\237\274G\300a4\275\240s\215\222\210\016\020G\344=-:GK\312\035\271\201\350\376F\260G\347\000\235\365P6pmH\033\373\212c\377o\232\356\320D\002\277,]os{\354/?\312e\006wda\001\023\375\316\025\254\321\244\370+Y`\220\270\254\2601E[FI\310\235<qI \356\032v%\001\230\016\203\200\251UD\347\304\373\034\211\340@\342\033\263\365\356\341\357\350\324\035J\032\177\230\207\220\303+\207\352g\317N\027>\222M\271m\033\236\021:\272\233r\373\233hC}\256\020\210\010\233\335\025[ d(\343\263\327\177\030\246\254H\277\254E\231\006\033_lB\210\264\334Y\322\314\362\320L\000Q\240\317\3502\006,|\364\004\275\034\006\337\370""\330\364\202\314\315\311?\030\260\361u)\336\202\265Y\264\227\2326\315\307\363\323\325\303\032N\256*\307\327 \235\332\207u\210\271\257\306g\231i*\260\326k\001"";   nodeid: ""\260\000\000\000\000\000\000\000\000\000\000\000\000\000\000\000\000\000\000\000\000\000\000\000\000\000\000\000\000\000\000\000\001""; }; "
1750527672559,1750527672560,0,1,0,1,TMLedgerData,"ledgerHash: ""\177X\227$\245tCB\345\314d\231A\300\204\371KJ\036\321\330\014]""EN\266$]\331\226c""; ledgerSeq: 44; type: liBASE; nodes {;   nodedata: ""\000\000\000,\001cEx]\211\377\330Q\240\317\3502\006,|\364\004\275\034\006\337\370""\330\364\202\314\315\311?\030\260\361u)\336\202\265Y\000\000\000\000\000\000\000\000\000\000\000\000\000\000\000\000\000\000\000\000\000\000\000\000\000\000\000\000\000\000\000\000\0223\207\212\364\2356M\244\245T\036lI\302L\005""\237\006\372\365`\031<R\024\352)\265\310\372/\351\2536/\351\2537\n\000""; }; nodes {;   nodedata: ""\323C\344\327\264{\312-\017:\006{\177\344N\002\326bO\260\220\006\033\362\345\005U\221DzJ0\001\301\025%1L\307\t\261\262z\374\222T\301\274V\236\223\262\270Ct\362\337b\356\024*\324\320\351\317\002k\336\234\027v\351\217\260\303\360\233ZPZWr\246$w\313\313\r\243r\232\2234\373\3539:N\004Q\245\272D\312D\300\300\t\323\0257\345e\271\na\215{\226\255x%T\257\037\333\004\344_/R\006E\344\037@\210\363\010\336T\226\247'\204_{\261\370""1\235\2445\343\033Y!\212\201\341\272\225'\007F\022%\377:\002*3-\037\235\244\353""_\034\230\374~\270\372>ui~\000\\252\321fK\007\013\003""; }; ","ledgerHash: ""\177X\227$\245tCB\345\314d\231A\300\204\371KJ\036\321\330\014]""EN\266$]\331\226c""; ledgerSeq: 44; type: liBASE; nodes {;   nodedata: ""\000\000\000,\001cEx]\211\377\330Q\240\317\3502\006,|\364\004\275\034\006\337\370""\330\364\202\314\315\311?\030\260\361u)\336\202\265Y\000\000\000\000\000\000\000\000\000\000\000\000\000\000\000\000\000\000\000\000\000\000\000\000\000\000\000\000\000\000\000\000\0223\207\212\364\2356M\244\245T\036lI\302L\005""\237\006\372\365`\031<R\024\352)\265\310\372/\351\2536/\351\2537\n\000""; }; nodes {;   nodedata: ""\323C\344\327\264{\312-\017:\006{\177\344N\002\326bO\260\220\006\033\362\345\005U\221DzJ0\001\301\025%1L\307\t\261\262z\374\222T\301\274V\236\223\262\270Ct\362\337b\356\024*\324\320\351\317\002k\336\234\027v\351\217\260\303\360\233ZPZWr\246$w\313\313\r\243r\232\2234\373\3539:N\004Q\245\272D\312D\300\300\t\323\0257\345e\271\na\215{\226\255x%T\257\037\333\004\344_/R\006E\344\037@\210\363\010\336T\226\247'\204_{\261\370""1\235\2445\343\033Y!\212\201\341\272\225'\007F\022%\377:\002*3-\037\235\244\353""_\034\230\374~\270\372>ui~\000\\252\321fK\007\013\003""; }; "
1750527672626,1750527672626,0,1,4,2,TMStatusChange,"newEvent: neACCEPTED_LEDGER; ledgerSeq: 44; ledgerHash: ""\177X\227$\245tCB\345\314d\231A\300\204\371KJ\036\321\330\014]""EN\266$]\331\226c""; ledgerHashPrevious: ""Q\240\317\3502\006,|\364\004\275\034\006\337\370""\330\364\202\314\315\311?\030\260\361u)\336\202\265Y""; networkTime: 803842872; firstSeq: 1; lastSeq: 43; ","newEvent: neACCEPTED_LEDGER; ledgerSeq: 44; ledgerHash: ""\177X\227$\245tCB\345\314d\231A\300\204\371KJ\036\321\330\014]""EN\266$]\331\226c""; ledgerHashPrevious: ""Q\240\317\3502\006,|\364\004\275\034\006\337\370""\330\364\202\314\315\311?\030\260\361u)\336\202\265Y""; networkTime: 803842872; firstSeq: 1; lastSeq: 43; "
1750527672627,1750527672627,0,1,4,3,TMStatusChange,"newEvent: neACCEPTED_LEDGER; ledgerSeq: 44; ledgerHash: ""\177X\227$\245tCB\345\314d\231A\300\204\371KJ\036\321\330\014]""EN\266$]\331\226c""; ledgerHashPrevious: ""Q\240\317\3502\006,|\364\004\275\034\006\337\370""\330\364\202\314\315\311?\030\260\361u)\336\202\265Y""; networkTime: 803842872; firstSeq: 1; lastSeq: 43; ","newEvent: neACCEPTED_LEDGER; ledgerSeq: 44; ledgerHash: ""\177X\227$\245tCB\345\314d\231A\300\204\371KJ\036\321\330\014]""EN\266$]\331\226c""; ledgerHashPrevious: ""Q\240\317\3502\006,|\364\004\275\034\006\337\370""\330\364\202\314\315\311?\030\260\361u)\336\202\265Y""; networkTime: 803842872; firstSeq: 1; lastSeq: 43; "
1750527672627,1750527672627,0,1,4,0,TMStatusChange,"newEvent: neACCEPTED_LEDGER; ledgerSeq: 44; ledgerHash: ""\177X\227$\245tCB\345\314d\231A\300\204\371KJ\036\321\330\014]""EN\266$]\331\226c""; ledgerHashPrevious: ""Q\240\317\3502\006,|\364\004\275\034\006\337\370""\330\364\202\314\315\311?\030\260\361u)\336\202\265Y""; networkTime: 803842872; firstSeq: 1; lastSeq: 43; ","newEvent: neACCEPTED_LEDGER; ledgerSeq: 44; ledgerHash: ""\177X\227$\245tCB\345\314d\231A\300\204\371KJ\036\321\330\014]""EN\266$]\331\226c""; ledgerHashPrevious: ""Q\240\317\3502\006,|\364\004\275\034\006\337\370""\330\364\202\314\315\311?\030\260\361u)\336\202\265Y""; networkTime: 803842872; firstSeq: 1; lastSeq: 43; "
1750527672628,1750527672628,0,1,4,1,TMStatusChange,"newEvent: neACCEPTED_LEDGER; ledgerSeq: 44; ledgerHash: ""\177X\227$\245tCB\345\314d\231A\300\204\371KJ\036\321\330\014]""EN\266$]\331\226c""; ledgerHashPrevious: ""Q\240\317\3502\006,|\364\004\275\034\006\337\370""\330\364\202\314\315\311?\030\260\361u)\336\202\265Y""; networkTime: 803842872; firstSeq: 1; lastSeq: 43; ","newEvent: neACCEPTED_LEDGER; ledgerSeq: 44; ledgerHash: ""\177X\227$\245tCB\345\314d\231A\300\204\371KJ\036\321\330\014]""EN\266$]\331\226c""; ledgerHashPrevious: ""Q\240\317\3502\006,|\364\004\275\034\006\337\370""\330\364\202\314\315\311?\030\260\361u)\336\202\265Y""; networkTime: 803842872; firstSeq: 1; lastSeq: 43; "
1750527672670,1750527672670,0,1,4,1,TMValidation,"validation: """"\200\000\000\001&\000\000\000,)/\351\2538:\r\302\353\023?\373\240rQ\177X\227$\245tCB\345\314d\231A\300\204\371KJ\036\321\330\014]""EN\266$]\331\226cP\027\000\000\000\000\000\000\000\000\000\000\000\000\000\000\000\000\000\000\000\000\000\000\000\000\000\000\000\000\000\000\000\000P\031Q\240\317\3502\006,|\364\004\275\034\006\337\370""\330\364\202\314\315\311?\030\260\361u)\336\202\265Ys!\003R7o\362bV\300hf\266\241;}\200^\374\240\203[:\342Q\225\221\027y\372\255\235\216\323~vF0D\002 \002\361\352l(/\344\003/\021\007\315\312T<\223\277'd\217\315\321g4.\210\355B&\313c\376\002 R\314t\0014KT\244\302E\335L-\344\257\261m'\001>\231\253\265P\303;\335\307\265*b\215""; ","validation: """"\200\000\000\001&\000\000\000,)/\351\2538:\r\302\353\023?\373\240rQ\177X\227$\245tCB\345\314d\231A\300\204\371KJ\036\321\330\014]""EN\266$]\331\226cP\027\000\000\000\000\000\000\000\000\000\000\000\000\000\000\000\000\000\000\000\000\000\000\000\000\000\000\000\000\000\000\000\000P\031Q\240\317\3502\006,|\364\004\275\034\006\337\370""\330\364\202\314\315\311?\030\260\361u)\336\202\265Ys!\003R7o\362bV\300hf\266\241;}\200^\374\240\203[:\342Q\225\221\027y\372\255\235\216\323~vF0D\002 \002\361\352l(/\344\003/\021\007\315\312T<\223\277'd\217\315\321g4.\210\355B&\313c\376\002 R\314t\0014KT\244\302E\335L-\344\257\261m'\001>\231\253\265P\303;\335\307\265*b\215""; "
1750527672671,1750527672672,0,1,4,3,TMValidation,"validation: """"\200\000\000\001&\000\000\000,)/\351\2538:\r\302\353\023?\373\240rQ\177X\227$\245tCB\345\314d\231A\300\204\371KJ\036\321\330\014]""EN\266$]\331\226cP\027\000\000\000\000\000\000\000\000\000\000\000\000\000\000\000\000\000\000\000\000\000\000\000\000\000\000\000\000\000\000\000\000P\031Q\240\317\3502\006,|\364\004\275\034\006\337\370""\330\364\202\314\315\311?\030\260\361u)\336\202\265Ys!\003R7o\362bV\300hf\266\241;}\200^\374\240\203[:\342Q\225\221\027y\372\255\235\216\323~vF0D\002 \002\361\352l(/\344\003/\021\007\315\312T<\223\277'd\217\315\321g4.\210\355B&\313c\376\002 R\314t\0014KT\244\302E\335L-\344\257\261m'\001>\231\253\265P\303;\335\307\265*b\215""; ","validation: """"\200\000\000\001&\000\000\000,)/\351\2538:\r\302\353\023?\373\240rQ\177X\227$\245tCB\345\314d\231A\300\204\371KJ\036\321\330\014]""EN\266$]\331\226cP\027\000\000\000\000\000\000\000\000\000\000\000\000\000\000\000\000\000\000\000\000\000\000\000\000\000\000\000\000\000\000\000\000P\031Q\240\317\3502\006,|\364\004\275\034\006\337\370""\330\364\202\314\315\311?\030\260\361u)\336\202\265Ys!\003R7o\362bV\300hf\266\241;}\200^\374\240\203[:\342Q\225\221\027y\372\255\235\216\323~vF0D\002 \002\361\352l(/\344\003/\021\007\315\312T<\223\277'd\217\315\321g4.\210\355B&\313c\376\002 R\314t\0014KT\244\302E\335L-\344\257\261m'\001>\231\253\265P\303;\335\307\265*b\215""; "
1750527672671,1750527672671,0,1,4,2,TMValidation,"validation: """"\200\000\000\001&\000\000\000,)/\351\2538:\r\302\353\023?\373\240rQ\177X\227$\245tCB\345\314d\231A\300\204\371KJ\036\321\330\014]""EN\266$]\331\226cP\027\000\000\000\000\000\000\000\000\000\000\000\000\000\000\000\000\000\000\000\000\000\000\000\000\000\000\000\000\000\000\000\000P\031Q\240\317\3502\006,|\364\004\275\034\006\337\370""\330\364\202\314\315\311?\030\260\361u)\336\202\265Ys!\003R7o\362bV\300hf\266\241;}\200^\374\240\203[:\342Q\225\221\027y\372\255\235\216\323~vF0D\002 \002\361\352l(/\344\003/\021\007\315\312T<\223\277'd\217\315\321g4.\210\355B&\313c\376\002 R\314t\0014KT\244\302E\335L-\344\257\261m'\001>\231\253\265P\303;\335\307\265*b\215""; ","validation: """"\200\000\000\001&\000\000\000,)/\351\2538:\r\302\353\023?\373\240rQ\177X\227$\245tCB\345\314d\231A\300\204\371KJ\036\321\330\014]""EN\266$]\331\226cP\027\000\000\000\000\000\000\000\000\000\000\000\000\000\000\000\000\000\000\000\000\000\000\000\000\000\000\000\000\000\000\000\000P\031Q\240\317\3502\006,|\364\004\275\034\006\337\370""\330\364\202\314\315\311?\030\260\361u)\336\202\265Ys!\003R7o\362bV\300hf\266\241;}\200^\374\240\203[:\342Q\225\221\027y\372\255\235\216\323~vF0D\002 \002\361\352l(/\344\003/\021\007\315\312T<\223\277'd\217\315\321g4.\210\355B&\313c\376\002 R\314t\0014KT\244\302E\335L-\344\257\261m'\001>\231\253\265P\303;\335\307\265*b\215""; "
1750527672671,1750527672671,0,1,4,0,TMValidation,"validation: """"\200\000\000\001&\000\000\000,)/\351\2538:\r\302\353\023?\373\240rQ\177X\227$\245tCB\345\314d\231A\300\204\371KJ\036\321\330\014]""EN\266$]\331\226cP\027\000\000\000\000\000\000\000\000\000\000\000\000\000\000\000\000\000\000\000\000\000\000\000\000\000\000\000\000\000\000\000\000P\031Q\240\317\3502\006,|\364\004\275\034\006\337\370""\330\364\202\314\315\311?\030\260\361u)\336\202\265Ys!\003R7o\362bV\300hf\266\241;}\200^\374\240\203[:\342Q\225\221\027y\372\255\235\216\323~vF0D\002 \002\361\352l(/\344\003/\021\007\315\312T<\223\277'd\217\315\321g4.\210\355B&\313c\376\002 R\314t\0014KT\244\302E\335L-\344\257\261m'\001>\231\253\265P\303;\335\307\265*b\215""; ","validation: """"\200\000\000\001&\000\000\000,)/\351\2538:\r\302\353\023?\373\240rQ\177X\227$\245tCB\345\314d\231A\300\204\371KJ\036\321\330\014]""EN\266$]\331\226cP\027\000\000\000\000\000\000\000\000\000\000\000\000\000\000\000\000\000\000\000\000\000\000\000\000\000\000\000\000\000\000\000\000P\031Q\240\317\3502\006,|\364\004\275\034\006\337\370""\330\364\202\314\315\311?\030\260\361u)\336\202\265Ys!\003R7o\362bV\300hf\266\241;}\200^\374\240\203[:\342Q\225\221\027y\372\255\235\216\323~vF0D\002 \002\361\352l(/\344\003/\021\007\315\312T<\223\277'd\217\315\321g4.\210\355B&\313c\376\002 R\314t\0014KT\244\302E\335L-\344\257\261m'\001>\231\253\265P\303;\335\307\265*b\215""; "
1750527672673,1750527672673,0,1,1,3,TMValidation,"validation: """"\200\000\000\001&\000\000\000,)/\351\2538:\r\302\353\023?\373\240rQ\177X\227$\245tCB\345\314d\231A\300\204\371KJ\036\321\330\014]""EN\266$]\331\226cP\027\000\000\000\000\000\000\000\000\000\000\000\000\000\000\000\000\000\000\000\000\000\000\000\000\000\000\000\000\000\000\000\000P\031Q\240\317\3502\006,|\364\004\275\034\006\337\370""\330\364\202\314\315\311?\030\260\361u)\336\202\265Ys!\003R7o\362bV\300hf\266\241;}\200^\374\240\203[:\342Q\225\221\027y\372\255\235\216\323~vF0D\002 \002\361\352l(/\344\003/\021\007\315\312T<\223\277'd\217\315\321g4.\210\355B&\313c\376\002 R\314t\0014KT\244\302E\335L-\344\257\261m'\001>\231\253\265P\303;\335\307\265*b\215""; ","validation: """"\200\000\000\001&\000\000\000,)/\351\2538:\r\302\353\023?\373\240rQ\177X\227$\245tCB\345\314d\231A\300\204\371KJ\036\321\330\014]""EN\266$]\331\226cP\027\000\000\000\000\000\000\000\000\000\000\000\000\000\000\000\000\000\000\000\000\000\000\000\000\000\000\000\000\000\000\000\000P\031Q\240\317\3502\006,|\364\004\275\034\006\337\370""\330\364\202\314\315\311?\030\260\361u)\336\202\265Ys!\003R7o\362bV\300hf\266\241;}\200^\374\240\203[:\342Q\225\221\027y\372\255\235\216\323~vF0D\002 \002\361\352l(/\344\003/\021\007\315\312T<\223\277'd\217\315\321g4.\210\355B&\313c\376\002 R\314t\0014KT\244\302E\335L-\344\257\261m'\001>\231\253\265P\303;\335\307\265*b\215""; "
1750527672674,1750527672674,0,1,1,2,TMValidation,"validation: """"\200\000\000\001&\000\000\000,)/\351\2538:\r\302\353\023?\373\240rQ\177X\227$\245tCB\345\314d\231A\300\204\371KJ\036\321\330\014]""EN\266$]\331\226cP\027\000\000\000\000\000\000\000\000\000\000\000\000\000\000\000\000\000\000\000\000\000\000\000\000\000\000\000\000\000\000\000\000P\031Q\240\317\3502\006,|\364\004\275\034\006\337\370""\330\364\202\314\315\311?\030\260\361u)\336\202\265Ys!\003R7o\362bV\300hf\266\241;}\200^\374\240\203[:\342Q\225\221\027y\372\255\235\216\323~vF0D\002 \002\361\352l(/\344\003/\021\007\315\312T<\223\277'd\217\315\321g4.\210\355B&\313c\376\002 R\314t\0014KT\244\302E\335L-\344\257\261m'\001>\231\253\265P\303;\335\307\265*b\215""; ","validation: """"\200\000\000\001&\000\000\000,)/\351\2538:\r\302\353\023?\373\240rQ\177X\227$\245tCB\345\314d\231A\300\204\371KJ\036\321\330\014]""EN\266$]\331\226cP\027\000\000\000\000\000\000\000\000\000\000\000\000\000\000\000\000\000\000\000\000\000\000\000\000\000\000\000\000\000\000\000\000P\031Q\240\317\3502\006,|\364\004\275\034\006\337\370""\330\364\202\314\315\311?\030\260\361u)\336\202\265Ys!\003R7o\362bV\300hf\266\241;}\200^\374\240\203[:\342Q\225\221\027y\372\255\235\216\323~vF0D\002 \002\361\352l(/\344\003/\021\007\315\312T<\223\277'd\217\315\321g4.\210\355B&\313c\376\002 R\314t\0014KT\244\302E\335L-\344\257\261m'\001>\231\253\265P\303;\335\307\265*b\215""; "
1750527672675,1750527672675,0,1,1,0,TMValidation,"validation: """"\200\000\000\001&\000\000\000,)/\351\2538:\r\302\353\023?\373\240rQ\177X\227$\245tCB\345\314d\231A\300\204\371KJ\036\321\330\014]""EN\266$]\331\226cP\027\000\000\000\000\000\000\000\000\000\000\000\000\000\000\000\000\000\000\000\000\000\000\000\000\000\000\000\000\000\000\000\000P\031Q\240\317\3502\006,|\364\004\275\034\006\337\370""\330\364\202\314\315\311?\030\260\361u)\336\202\265Ys!\003R7o\362bV\300hf\266\241;}\200^\374\240\203[:\342Q\225\221\027y\372\255\235\216\323~vF0D\002 \002\361\352l(/\344\003/\021\007\315\312T<\223\277'd\217\315\321g4.\210\355B&\313c\376\002 R\314t\0014KT\244\302E\335L-\344\257\261m'\001>\231\253\265P\303;\335\307\265*b\215""; ","validation: """"\200\000\000\001&\000\000\000,)/\351\2538:\r\302\353\023?\373\240rQ\177X\227$\245tCB\345\314d\231A\300\204\371KJ\036\321\330\014]""EN\266$]\331\226cP\027\000\000\000\000\000\000\000\000\000\000\000\000\000\000\000\000\000\000\000\000\000\000\000\000\000\000\000\000\000\000\000\000P\031Q\240\317\3502\006,|\364\004\275\034\006\337\370""\330\364\202\314\315\311?\030\260\361u)\336\202\265Ys!\003R7o\362bV\300hf\266\241;}\200^\374\240\203[:\342Q\225\221\027y\372\255\235\216\323~vF0D\002 \002\361\352l(/\344\003/\021\007\315\312T<\223\277'd\217\315\321g4.\210\355B&\313c\376\002 R\314t\0014KT\244\302E\335L-\344\257\261m'\001>\231\253\265P\303;\335\307\265*b\215""; "
1750527672675,1750527672676,0,1,3,2,TMValidation,"validation: """"\200\000\000\001&\000\000\000,)/\351\2538:\r\302\353\023?\373\240rQ\177X\227$\245tCB\345\314d\231A\300\204\371KJ\036\321\330\014]""EN\266$]\331\226cP\027\000\000\000\000\000\000\000\000\000\000\000\000\000\000\000\000\000\000\000\000\000\000\000\000\000\000\000\000\000\000\000\000P\031Q\240\317\3502\006,|\364\004\275\034\006\337\370""\330\364\202\314\315\311?\030\260\361u)\336\202\265Ys!\003R7o\362bV\300hf\266\241;}\200^\374\240\203[:\342Q\225\221\027y\372\255\235\216\323~vF0D\002 \002\361\352l(/\344\003/\021\007\315\312T<\223\277'd\217\315\321g4.\210\355B&\313c\376\002 R\314t\0014KT\244\302E\335L-\344\257\261m'\001>\231\253\265P\303;\335\307\265*b\215""; ","validation: """"\200\000\000\001&\000\000\000,)/\351\2538:\r\302\353\023?\373\240rQ\177X\227$\245tCB\345\314d\231A\300\204\371KJ\036\321\330\014]""EN\266$]\331\226cP\027\000\000\000\000\000\000\000\000\000\000\000\000\000\000\000\000\000\000\000\000\000\000\000\000\000\000\000\000\000\000\000\000P\031Q\240\317\3502\006,|\364\004\275\034\006\337\370""\330\364\202\314\315\311?\030\260\361u)\336\202\265Ys!\003R7o\362bV\300hf\266\241;}\200^\374\240\203[:\342Q\225\221\027y\372\255\235\216\323~vF0D\002 \002\361\352l(/\344\003/\021\007\315\312T<\223\277'd\217\315\321g4.\210\355B&\313c\376\002 R\314t\0014KT\244\302E\335L-\344\257\261m'\001>\231\253\265P\303;\335\307\265*b\215""; "
1750527672676,1750527672677,0,1,3,0,TMValidation,"validation: """"\200\000\000\001&\000\000\000,)/\351\2538:\r\302\353\023?\373\240rQ\177X\227$\245tCB\345\314d\231A\300\204\371KJ\036\321\330\014]""EN\266$]\331\226cP\027\000\000\000\000\000\000\000\000\000\000\000\000\000\000\000\000\000\000\000\000\000\000\000\000\000\000\000\000\000\000\000\000P\031Q\240\317\3502\006,|\364\004\275\034\006\337\370""\330\364\202\314\315\311?\030\260\361u)\336\202\265Ys!\003R7o\362bV\300hf\266\241;}\200^\374\240\203[:\342Q\225\221\027y\372\255\235\216\323~vF0D\002 \002\361\352l(/\344\003/\021\007\315\312T<\223\277'd\217\315\321g4.\210\355B&\313c\376\002 R\314t\0014KT\244\302E\335L-\344\257\261m'\001>\231\253\265P\303;\335\307\265*b\215""; ","validation: """"\200\000\000\001&\000\000\000,)/\351\2538:\r\302\353\023?\373\240rQ\177X\227$\245tCB\345\314d\231A\300\204\371KJ\036\321\330\014]""EN\266$]\331\226cP\027\000\000\000\000\000\000\000\000\000\000\000\000\000\000\000\000\000\000\000\000\000\000\000\000\000\000\000\000\000\000\000\000P\031Q\240\317\3502\006,|\364\004\275\034\006\337\370""\330\364\202\314\315\311?\030\260\361u)\336\202\265Ys!\003R7o\362bV\300hf\266\241;}\200^\374\240\203[:\342Q\225\221\027y\372\255\235\216\323~vF0D\002 \002\361\352l(/\344\003/\021\007\315\312T<\223\277'd\217\315\321g4.\210\355B&\313c\376\002 R\314t\0014KT\244\302E\335L-\344\257\261m'\001>\231\253\265P\303;\335\307\265*b\215""; "
1750527672678,1750527672678,0,1,2,3,TMValidation,"validation: """"\200\000\000\001&\000\000\000,)/\351\2538:\r\302\353\023?\373\240rQ\177X\227$\245tCB\345\314d\231A\300\204\371KJ\036\321\330\014]""EN\266$]\331\226cP\027\000\000\000\000\000\000\000\000\000\000\000\000\000\000\000\000\000\000\000\000\000\000\000\000\000\000\000\000\000\000\000\000P\031Q\240\317\3502\006,|\364\004\275\034\006\337\370""\330\364\202\314\315\311?\030\260\361u)\336\202\265Ys!\003R7o\362bV\300hf\266\241;}\200^\374\240\203[:\342Q\225\221\027y\372\255\235\216\323~vF0D\002 \002\361\352l(/\344\003/\021\007\315\312T<\223\277'd\217\315\321g4.\210\355B&\313c\376\002 R\314t\0014KT\244\302E\335L-\344\257\261m'\001>\231\253\265P\303;\335\307\265*b\215""; ","validation: """"\200\000\000\001&\000\000\000,)/\351\2538:\r\302\353\023?\373\240rQ\177X\227$\245tCB\345\314d\231A\300\204\371KJ\036\321\330\014]""EN\266$]\331\226cP\027\000\000\000\000\000\000\000\000\000\000\000\000\000\000\000\000\000\000\000\000\000\000\000\000\000\000\000\000\000\000\000\000P\031Q\240\317\3502\006,|\364\004\275\034\006\337\370""\330\364\202\314\315\311?\030\260\361u)\336\202\265Ys!\003R7o\362bV\300hf\266\241;}\200^\374\240\203[:\342Q\225\221\027y\372\255\235\216\323~vF0D\002 \002\361\352l(/\344\003/\021\007\315\312T<\223\277'd\217\315\321g4.\210\355B&\313c\376\002 R\314t\0014KT\244\302E\335L-\344\257\261m'\001>\231\253\265P\303;\335\307\265*b\215""; "
1750527672678,1750527672678,0,1,3,1,TMValidation,"validation: """"\200\000\000\001&\000\000\000,)/\351\2538:\r\302\353\023?\373\240rQ\177X\227$\245tCB\345\314d\231A\300\204\371KJ\036\321\330\014]""EN\266$]\331\226cP\027\000\000\000\000\000\000\000\000\000\000\000\000\000\000\000\000\000\000\000\000\000\000\000\000\000\000\000\000\000\000\000\000P\031Q\240\317\3502\006,|\364\004\275\034\006\337\370""\330\364\202\314\315\311?\030\260\361u)\336\202\265Ys!\003R7o\362bV\300hf\266\241;}\200^\374\240\203[:\342Q\225\221\027y\372\255\235\216\323~vF0D\002 \002\361\352l(/\344\003/\021\007\315\312T<\223\277'd\217\315\321g4.\210\355B&\313c\376\002 R\314t\0014KT\244\302E\335L-\344\257\261m'\001>\231\253\265P\303;\335\307\265*b\215""; ","validation: """"\200\000\000\001&\000\000\000,)/\351\2538:\r\302\353\023?\373\240rQ\177X\227$\245tCB\345\314d\231A\300\204\371KJ\036\321\330\014]""EN\266$]\331\226cP\027\000\000\000\000\000\000\000\000\000\000\000\000\000\000\000\000\000\000\000\000\000\000\000\000\000\000\000\000\000\000\000\000P\031Q\240\317\3502\006,|\364\004\275\034\006\337\370""\330\364\202\314\315\311?\030\260\361u)\336\202\265Ys!\003R7o\362bV\300hf\266\241;}\200^\374\240\203[:\342Q\225\221\027y\372\255\235\216\323~vF0D\002 \002\361\352l(/\344\003/\021\007\315\312T<\223\277'd\217\315\321g4.\210\355B&\313c\376\002 R\314t\0014KT\244\302E\335L-\344\257\261m'\001>\231\253\265P\303;\335\307\265*b\215""; "
1750527672679,1750527672679,0,1,2,1,TMValidation,"validation: """"\200\000\000\001&\000\000\000,)/\351\2538:\r\302\353\023?\373\240rQ\177X\227$\245tCB\345\314d\231A\300\204\371KJ\036\321\330\014]""EN\266$]\331\226cP\027\000\000\000\000\000\000\000\000\000\000\000\000\000\000\000\000\000\000\000\000\000\000\000\000\000\000\000\000\000\000\000\000P\031Q\240\317\3502\006,|\364\004\275\034\006\337\370""\330\364\202\314\315\311?\030\260\361u)\336\202\265Ys!\003R7o\362bV\300hf\266\241;}\200^\374\240\203[:\342Q\225\221\027y\372\255\235\216\323~vF0D\002 \002\361\352l(/\344\003/\021\007\315\312T<\223\277'd\217\315\321g4.\210\355B&\313c\376\002 R\314t\0014KT\244\302E\335L-\344\257\261m'\001>\231\253\265P\303;\335\307\265*b\215""; ","validation: """"\200\000\000\001&\000\000\000,)/\351\2538:\r\302\353\023?\373\240rQ\177X\227$\245tCB\345\314d\231A\300\204\371KJ\036\321\330\014]""EN\266$]\331\226cP\027\000\000\000\000\000\000\000\000\000\000\000\000\000\000\000\000\000\000\000\000\000\000\000\000\000\000\000\000\000\000\000\000P\031Q\240\317\3502\006,|\364\004\275\034\006\337\370""\330\364\202\314\315\311?\030\260\361u)\336\202\265Ys!\003R7o\362bV\300hf\266\241;}\200^\374\240\203[:\342Q\225\221\027y\372\255\235\216\323~vF0D\002 \002\361\352l(/\344\003/\021\007\315\312T<\223\277'd\217\315\321g4.\210\355B&\313c\376\002 R\314t\0014KT\244\302E\335L-\344\257\261m'\001>\231\253\265P\303;\335\307\265*b\215""; "
1750527672679,1750527672679,0,1,2,0,TMValidation,"validation: """"\200\000\000\001&\000\000\000,)/\351\2538:\r\302\353\023?\373\240rQ\177X\227$\245tCB\345\314d\231A\300\204\371KJ\036\321\330\014]""EN\266$]\331\226cP\027\000\000\000\000\000\000\000\000\000\000\000\000\000\000\000\000\000\000\000\000\000\000\000\000\000\000\000\000\000\000\000\000P\031Q\240\317\3502\006,|\364\004\275\034\006\337\370""\330\364\202\314\315\311?\030\260\361u)\336\202\265Ys!\003R7o\362bV\300hf\266\241;}\200^\374\240\203[:\342Q\225\221\027y\372\255\235\216\323~vF0D\002 \002\361\352l(/\344\003/\021\007\315\312T<\223\277'd\217\315\321g4.\210\355B&\313c\376\002 R\314t\0014KT\244\302E\335L-\344\257\261m'\001>\231\253\265P\303;\335\307\265*b\215""; ","validation: """"\200\000\000\001&\000\000\000,)/\351\2538:\r\302\353\023?\373\240rQ\177X\227$\245tCB\345\314d\231A\300\204\371KJ\036\321\330\014]""EN\266$]\331\226cP\027\000\000\000\000\000\000\000\000\000\000\000\000\000\000\000\000\000\000\000\000\000\000\000\000\000\000\000\000\000\000\000\000P\031Q\240\317\3502\006,|\364\004\275\034\006\337\370""\330\364\202\314\315\311?\030\260\361u)\336\202\265Ys!\003R7o\362bV\300hf\266\241;}\200^\374\240\203[:\342Q\225\221\027y\372\255\235\216\323~vF0D\002 \002\361\352l(/\344\003/\021\007\315\312T<\223\277'd\217\315\321g4.\210\355B&\313c\376\002 R\314t\0014KT\244\302E\335L-\344\257\261m'\001>\231\253\265P\303;\335\307\265*b\215""; "
1750527672679,1750527672679,0,1,0,3,TMValidation,"validation: """"\200\000\000\001&\000\000\000,)/\351\2538:\r\302\353\023?\373\240rQ\177X\227$\245tCB\345\314d\231A\300\204\371KJ\036\321\330\014]""EN\266$]\331\226cP\027\000\000\000\000\000\000\000\000\000\000\000\000\000\000\000\000\000\000\000\000\000\000\000\000\000\000\000\000\000\000\000\000P\031Q\240\317\3502\006,|\364\004\275\034\006\337\370""\330\364\202\314\315\311?\030\260\361u)\336\202\265Ys!\003R7o\362bV\300hf\266\241;}\200^\374\240\203[:\342Q\225\221\027y\372\255\235\216\323~vF0D\002 \002\361\352l(/\344\003/\021\007\315\312T<\223\277'd\217\315\321g4.\210\355B&\313c\376\002 R\314t\0014KT\244\302E\335L-\344\257\261m'\001>\231\253\265P\303;\335\307\265*b\215""; ","validation: """"\200\000\000\001&\000\000\000,)/\351\2538:\r\302\353\023?\373\240rQ\177X\227$\245tCB\345\314d\231A\300\204\371KJ\036\321\330\014]""EN\266$]\331\226cP\027\000\000\000\000\000\000\000\000\000\000\000\000\000\000\000\000\000\000\000\000\000\000\000\000\000\000\000\000\000\000\000\000P\031Q\240\317\3502\006,|\364\004\275\034\006\337\370""\330\364\202\314\315\311?\030\260\361u)\336\202\265Ys!\003R7o\362bV\300hf\266\241;}\200^\374\240\203[:\342Q\225\221\027y\372\255\235\216\323~vF0D\002 \002\361\352l(/\344\003/\021\007\315\312T<\223\277'd\217\315\321g4.\210\355B&\313c\376\002 R\314t\0014KT\244\302E\335L-\344\257\261m'\001>\231\253\265P\303;\335\307\265*b\215""; "
1750527672680,1750527672680,0,1,0,2,TMValidation,"validation: """"\200\000\000\001&\000\000\000,)/\351\2538:\r\302\353\023?\373\240rQ\177X\227$\245tCB\345\314d\231A\300\204\371KJ\036\321\330\014]""EN\266$]\331\226cP\027\000\000\000\000\000\000\000\000\000\000\000\000\000\000\000\000\000\000\000\000\000\000\000\000\000\000\000\000\000\000\000\000P\031Q\240\317\3502\006,|\364\004\275\034\006\337\370""\330\364\202\314\315\311?\030\260\361u)\336\202\265Ys!\003R7o\362bV\300hf\266\241;}\200^\374\240\203[:\342Q\225\221\027y\372\255\235\216\323~vF0D\002 \002\361\352l(/\344\003/\021\007\315\312T<\223\277'd\217\315\321g4.\210\355B&\313c\376\002 R\314t\0014KT\244\302E\335L-\344\257\261m'\001>\231\253\265P\303;\335\307\265*b\215""; ","validation: """"\200\000\000\001&\000\000\000,)/\351\2538:\r\302\353\023?\373\240rQ\177X\227$\245tCB\345\314d\231A\300\204\371KJ\036\321\330\014]""EN\266$]\331\226cP\027\000\000\000\000\000\000\000\000\000\000\000\000\000\000\000\000\000\000\000\000\000\000\000\000\000\000\000\000\000\000\000\000P\031Q\240\317\3502\006,|\364\004\275\034\006\337\370""\330\364\202\314\315\311?\030\260\361u)\336\202\265Ys!\003R7o\362bV\300hf\266\241;}\200^\374\240\203[:\342Q\225\221\027y\372\255\235\216\323~vF0D\002 \002\361\352l(/\344\003/\021\007\315\312T<\223\277'd\217\315\321g4.\210\355B&\313c\376\002 R\314t\0014KT\244\302E\335L-\344\257\261m'\001>\231\253\265P\303;\335\307\265*b\215""; "
1750527672680,1750527672680,0,1,0,1,TMValidation,"validation: """"\200\000\000\001&\000\000\000,)/\351\2538:\r\302\353\023?\373\240rQ\177X\227$\245tCB\345\314d\231A\300\204\371KJ\036\321\330\014]""EN\266$]\331\226cP\027\000\000\000\000\000\000\000\000\000\000\000\000\000\000\000\000\000\000\000\000\000\000\000\000\000\000\000\000\000\000\000\000P\031Q\240\317\3502\006,|\364\004\275\034\006\337\370""\330\364\202\314\315\311?\030\260\361u)\336\202\265Ys!\003R7o\362bV\300hf\266\241;}\200^\374\240\203[:\342Q\225\221\027y\372\255\235\216\323~vF0D\002 \002\361\352l(/\344\003/\021\007\315\312T<\223\277'd\217\315\321g4.\210\355B&\313c\376\002 R\314t\0014KT\244\302E\335L-\344\257\261m'\001>\231\253\265P\303;\335\307\265*b\215""; ","validation: """"\200\000\000\001&\000\000\000,)/\351\2538:\r\302\353\023?\373\240rQ\177X\227$\245tCB\345\314d\231A\300\204\371KJ\036\321\330\014]""EN\266$]\331\226cP\027\000\000\000\000\000\000\000\000\000\000\000\000\000\000\000\000\000\000\000\000\000\000\000\000\000\000\000\000\000\000\000\000P\031Q\240\317\3502\006,|\364\004\275\034\006\337\370""\330\364\202\314\315\311?\030\260\361u)\336\202\265Ys!\003R7o\362bV\300hf\266\241;}\200^\374\240\203[:\342Q\225\221\027y\372\255\235\216\323~vF0D\002 \002\361\352l(/\344\003/\021\007\315\312T<\223\277'd\217\315\321g4.\210\355B&\313c\376\002 R\314t\0014KT\244\302E\335L-\344\257\261m'\001>\231\253\265P\303;\335\307\265*b\215""; "
1750527672696,1750527672696,0,1,1,3,TMProposeSet,"proposeSeq: 1; currentTxHash: ""\000\000\000\000\000\000\000\000\000\000\000\000\000\000\000\000\000\000\000\000\000\000\000\000\000\000\000\000\000\000\000\000""; nodePubKey: ""\002\266\377\271\344:\030\221i\267\257\215\237M\014\3345f\014\273|\207\367\334\337F\325\004cxB\211L""; closeTime: 803842860; signature: ""0E\002!\000\261-e\276\242\3615\224\207\350)\223\312\025\227v2U\356A\320\3465\340\264 \276\252\223\031\016\213\002 ~9;\375?\0225\322\344\334\177\231\\2637\373}\261\210y\371\227\010\257\306\374,\241hPA\003""; previousledger: ""<\327\304JT*\320""\007\201l\357[\\227ps\341\177(\335\333&R\276\033\202\032\346\375*\254""; ","proposeSeq: 1; currentTxHash: ""\000\000\000\000\000\000\000\000\000\000\000\000\000\000\000\000\000\000\000\000\000\000\000\000\000\000\000\000\000\000\000\000""; nodePubKey: ""\002\266\377\271\344:\030\221i\267\257\215\237M\014\3345f\014\273|\207\367\334\337F\325\004cxB\211L""; closeTime: 803842860; signature: ""0E\002!\000\261-e\276\242\3615\224\207\350)\223\312\025\227v2U\356A\320\3465\340\264 \276\252\223\031\016\213\002 ~9;\375?\0225\322\344\334\177\231\\2637\373}\261\210y\371\227\010\257\306\374,\241hPA\003""; previousledger: ""<\327\304JT*\320""\007\201l\357[\\227ps\341\177(\335\333&R\276\033\202\032\346\375*\254""; "
1750527672697,1750527672697,0,1,1,0,TMProposeSet,"proposeSeq: 1; currentTxHash: ""\000\000\000\000\000\000\000\000\000\000\000\000\000\000\000\000\000\000\000\000\000\000\000\000\000\000\000\000\000\000\000\000""; nodePubKey: ""\002\266\377\271\344:\030\221i\267\257\215\237M\014\3345f\014\273|\207\367\334\337F\325\004cxB\211L""; closeTime: 803842860; signature: ""0E\002!\000\261-e\276\242\3615\224\207\350)\223\312\025\227v2U\356A\320\3465\340\264 \276\252\223\031\016\213\002 ~9;\375?\0225\322\344\334\177\231\\2637\373}\261\210y\371\227\010\257\306\374,\241hPA\003""; previousledger: ""<\327\304JT*\320""\007\201l\357[\\227ps\341\177(\335\333&R\276\033\202\032\346\375*\254""; ","proposeSeq: 1; currentTxHash: ""\000\000\000\000\000\000\000\000\000\000\000\000\000\000\000\000\000\000\000\000\000\000\000\000\000\000\000\000\000\000\000\000""; nodePubKey: ""\002\266\377\271\344:\030\221i\267\257\215\237M\014\3345f\014\273|\207\367\334\337F\325\004cxB\211L""; closeTime: 803842860; signature: ""0E\002!\000\261-e\276\242\3615\224\207\350)\223\312\025\227v2U\356A\320\3465\340\264 \276\252\223\031\016\213\002 ~9;\375?\0225\322\344\334\177\231\\2637\373}\261\210y\371\227\010\257\306\374,\241hPA\003""; previousledger: ""<\327\304JT*\320""\007\201l\357[\\227ps\341\177(\335\333&R\276\033\202\032\346\375*\254""; "
1750527672697,1750527672697,0,1,1,4,TMProposeSet,"proposeSeq: 1; currentTxHash: ""\000\000\000\000\000\000\000\000\000\000\000\000\000\000\000\000\000\000\000\000\000\000\000\000\000\000\000\000\000\000\000\000""; nodePubKey: ""\002\266\377\271\344:\030\221i\267\257\215\237M\014\3345f\014\273|\207\367\334\337F\325\004cxB\211L""; closeTime: 803842860; signature: ""0E\002!\000\261-e\276\242\3615\224\207\350)\223\312\025\227v2U\356A\320\3465\340\264 \276\252\223\031\016\213\002 ~9;\375?\0225\322\344\334\177\231\\2637\373}\261\210y\371\227\010\257\306\374,\241hPA\003""; previousledger: ""<\327\304JT*\320""\007\201l\357[\\227ps\341\177(\335\333&R\276\033\202\032\346\375*\254""; ","proposeSeq: 1; currentTxHash: ""\000\000\000\000\000\000\000\000\000\000\000\000\000\000\000\000\000\000\000\000\000\000\000\000\000\000\000\000\000\000\000\000""; nodePubKey: ""\002\266\377\271\344:\030\221i\267\257\215\237M\014\3345f\014\273|\207\367\334\337F\325\004cxB\211L""; closeTime: 803842860; signature: ""0E\002!\000\261-e\276\242\3615\224\207\350)\223\312\025\227v2U\356A\320\3465\340\264 \276\252\223\031\016\213\002 ~9;\375?\0225\322\344\334\177\231\\2637\373}\261\210y\371\227\010\257\306\374,\241hPA\003""; previousledger: ""<\327\304JT*\320""\007\201l\357[\\227ps\341\177(\335\333&R\276\033\202\032\346\375*\254""; "
1750527672697,1750527672697,0,1,1,2,TMProposeSet,"proposeSeq: 1; currentTxHash: ""\000\000\000\000\000\000\000\000\000\000\000\000\000\000\000\000\000\000\000\000\000\000\000\000\000\000\000\000\000\000\000\000""; nodePubKey: ""\002\266\377\271\344:\030\221i\267\257\215\237M\014\3345f\014\273|\207\367\334\337F\325\004cxB\211L""; closeTime: 803842860; signature: ""0E\002!\000\261-e\276\242\3615\224\207\350)\223\312\025\227v2U\356A\320\3465\340\264 \276\252\223\031\016\213\002 ~9;\375?\0225\322\344\334\177\231\\2637\373}\261\210y\371\227\010\257\306\374,\241hPA\003""; previousledger: ""<\327\304JT*\320""\007\201l\357[\\227ps\341\177(\335\333&R\276\033\202\032\346\375*\254""; ","proposeSeq: 1; currentTxHash: ""\000\000\000\000\000\000\000\000\000\000\000\000\000\000\000\000\000\000\000\000\000\000\000\000\000\000\000\000\000\000\000\000""; nodePubKey: ""\002\266\377\271\344:\030\221i\267\257\215\237M\014\3345f\014\273|\207\367\334\337F\325\004cxB\211L""; closeTime: 803842860; signature: ""0E\002!\000\261-e\276\242\3615\224\207\350)\223\312\025\227v2U\356A\320\3465\340\264 \276\252\223\031\016\213\002 ~9;\375?\0225\322\344\334\177\231\\2637\373}\261\210y\371\227\010\257\306\374,\241hPA\003""; previousledger: ""<\327\304JT*\320""\007\201l\357[\\227ps\341\177(\335\333&R\276\033\202\032\346\375*\254""; "
1750527673466,1750527673505,0,1,3,1,TMStatusChange,"newEvent: neCLOSING_LEDGER; ledgerSeq: 44; ledgerHash: ""\177X\227$\245tCB\345\314d\231A\300\204\371KJ\036\321\330\014]""EN\266$]\331\226c""; ledgerHashPrevious: ""Q\240\317\3502\006,|\364\004\275\034\006\337\370""\330\364\202\314\315\311?\030\260\361u)\336\202\265Y""; networkTime: 803842873; firstSeq: 1; lastSeq: 44; ","newEvent: neCLOSING_LEDGER; ledgerSeq: 44; ledgerHash: ""\177X\227$\245tCB\345\314d\231A\300\204\371KJ\036\321\330\014]""EN\266$]\331\226c""; ledgerHashPrevious: ""Q\240\317\3502\006,|\364\004\275\034\006\337\370""\330\364\202\314\315\311?\030\260\361u)\336\202\265Y""; networkTime: 803842873; firstSeq: 1; lastSeq: 44; "
1750527673467,1750527673506,0,1,3,2,TMStatusChange,"newEvent: neCLOSING_LEDGER; ledgerSeq: 44; ledgerHash: ""\177X\227$\245tCB\345\314d\231A\300\204\371KJ\036\321\330\014]""EN\266$]\331\226c""; ledgerHashPrevious: ""Q\240\317\3502\006,|\364\004\275\034\006\337\370""\330\364\202\314\315\311?\030\260\361u)\336\202\265Y""; networkTime: 803842873; firstSeq: 1; lastSeq: 44; ","newEvent: neCLOSING_LEDGER; ledgerSeq: 44; ledgerHash: ""\177X\227$\245tCB\345\314d\231A\300\204\371KJ\036\321\330\014]""EN\266$]\331\226c""; ledgerHashPrevious: ""Q\240\317\3502\006,|\364\004\275\034\006\337\370""\330\364\202\314\315\311?\030\260\361u)\336\202\265Y""; networkTime: 803842873; firstSeq: 1; lastSeq: 44; "
1750527673467,1750527673506,0,1,3,4,TMStatusChange,"newEvent: neCLOSING_LEDGER; ledgerSeq: 44; ledgerHash: ""\177X\227$\245tCB\345\314d\231A\300\204\371KJ\036\321\330\014]""EN\266$]\331\226c""; ledgerHashPrevious: ""Q\240\317\3502\006,|\364\004\275\034\006\337\370""\330\364\202\314\315\311?\030\260\361u)\336\202\265Y""; networkTime: 803842873; firstSeq: 1; lastSeq: 44; ","newEvent: neCLOSING_LEDGER; ledgerSeq: 44; ledgerHash: ""\177X\227$\245tCB\345\314d\231A\300\204\371KJ\036\321\330\014]""EN\266$]\331\226c""; ledgerHashPrevious: ""Q\240\317\3502\006,|\364\004\275\034\006\337\370""\330\364\202\314\315\311?\030\260\361u)\336\202\265Y""; networkTime: 803842873; firstSeq: 1; lastSeq: 44; "
1750527673467,1750527673505,0,1,3,0,TMStatusChange,"newEvent: neCLOSING_LEDGER; ledgerSeq: 44; ledgerHash: ""\177X\227$\245tCB\345\314d\231A\300\204\371KJ\036\321\330\014]""EN\266$]\331\226c""; ledgerHashPrevious: ""Q\240\317\3502\006,|\364\004\275\034\006\337\370""\330\364\202\314\315\311?\030\260\361u)\336\202\265Y""; networkTime: 803842873; firstSeq: 1; lastSeq: 44; ","newEvent: neCLOSING_LEDGER; ledgerSeq: 44; ledgerHash: ""\177X\227$\245tCB\345\314d\231A\300\204\371KJ\036\321\330\014]""EN\266$]\331\226c""; ledgerHashPrevious: ""Q\240\317\3502\006,|\364\004\275\034\006\337\370""\330\364\202\314\315\311?\030\260\361u)\336\202\265Y""; networkTime: 803842873; firstSeq: 1; lastSeq: 44; "
1750527673507,1750527673507,0,1,3,1,TMProposeSet,"proposeSeq: 0; currentTxHash: ""\000\000\000\000\000\000\000\000\000\000\000\000\000\000\000\000\000\000\000\000\000\000\000\000\000\000\000\000\000\000\000\000""; nodePubKey: ""\002\364d\217\366\217|\316F\232\231\241\n\261\333`\312O\367\235\025DD\336e\367\n\312\326\221\037\025\230""; closeTime: 803842873; signature: ""0E\002!\000\206\213<u]\210O5\233\303\330z\236G\375\344\376\273\214\2766\017g\203\257\205\335\226#]H\001\002 *\347{\201\312\007\241\206i\226A\233\300C\351\273\204 \223\211\357\003\334\205\036\356[)b&E\352""; previousledger: ""\177X\227$\245tCB\345\314d\231A\300\204\371KJ\036\321\330\014]""EN\266$]\331\226c""; ","proposeSeq: 0; currentTxHash: ""\000\000\000\000\000\000\000\000\000\000\000\000\000\000\000\000\000\000\000\000\000\000\000\000\000\000\000\000\000\000\000\000""; nodePubKey: ""\002\364d\217\366\217|\316F\232\231\241\n\261\333`\312O\367\235\025DD\336e\367\n\312\326\221\037\025\230""; closeTime: 803842873; signature: ""0E\002!\000\206\213<u]\210O5\233\303\330z\236G\375\344\376\273\214\2766\017g\203\257\205\335\226#]H\001\002 *\347{\201\312\007\241\206i\226A\233\300C\351\273\204 \223\211\357\003\334\205\036\356[)b&E\352""; previousledger: ""\177X\227$\245tCB\345\314d\231A\300\204\371KJ\036\321\330\014]""EN\266$]\331\226c""; "
1750527673509,1750527673509,0,1,3,0,TMProposeSet,"proposeSeq: 0; currentTxHash: ""\000\000\000\000\000\000\000\000\000\000\000\000\000\000\000\000\000\000\000\000\000\000\000\000\000\000\000\000\000\000\000\000""; nodePubKey: ""\002\364d\217\366\217|\316F\232\231\241\n\261\333`\312O\367\235\025DD\336e\367\n\312\326\221\037\025\230""; closeTime: 803842873; signature: ""0E\002!\000\206\213<u]\210O5\233\303\330z\236G\375\344\376\273\214\2766\017g\203\257\205\335\226#]H\001\002 *\347{\201\312\007\241\206i\226A\233\300C\351\273\204 \223\211\357\003\334\205\036\356[)b&E\352""; previousledger: ""\177X\227$\245tCB\345\314d\231A\300\204\371KJ\036\321\330\014]""EN\266$]\331\226c""; ","proposeSeq: 0; currentTxHash: ""\000\000\000\000\000\000\000\000\000\000\000\000\000\000\000\000\000\000\000\000\000\000\000\000\000\000\000\000\000\000\000\000""; nodePubKey: ""\002\364d\217\366\217|\316F\232\231\241\n\261\333`\312O\367\235\025DD\336e\367\n\312\326\221\037\025\230""; closeTime: 803842873; signature: ""0E\002!\000\206\213<u]\210O5\233\303\330z\236G\375\344\376\273\214\2766\017g\203\257\205\335\226#]H\001\002 *\347{\201\312\007\241\206i\226A\233\300C\351\273\204 \223\211\357\003\334\205\036\356[)b&E\352""; previousledger: ""\177X\227$\245tCB\345\314d\231A\300\204\371KJ\036\321\330\014]""EN\266$]\331\226c""; "
1750527673509,1750527673510,0,1,3,4,TMProposeSet,"proposeSeq: 0; currentTxHash: ""\000\000\000\000\000\000\000\000\000\000\000\000\000\000\000\000\000\000\000\000\000\000\000\000\000\000\000\000\000\000\000\000""; nodePubKey: ""\002\364d\217\366\217|\316F\232\231\241\n\261\333`\312O\367\235\025DD\336e\367\n\312\326\221\037\025\230""; closeTime: 803842873; signature: ""0E\002!\000\206\213<u]\210O5\233\303\330z\236G\375\344\376\273\214\2766\017g\203\257\205\335\226#]H\001\002 *\347{\201\312\007\241\206i\226A\233\300C\351\273\204 \223\211\357\003\334\205\036\356[)b&E\352""; previousledger: ""\177X\227$\245tCB\345\314d\231A\300\204\371KJ\036\321\330\014]""EN\266$]\331\226c""; ","proposeSeq: 0; currentTxHash: ""\000\000\000\000\000\000\000\000\000\000\000\000\000\000\000\000\000\000\000\000\000\000\000\000\000\000\000\000\000\000\000\000""; nodePubKey: ""\002\364d\217\366\217|\316F\232\231\241\n\261\333`\312O\367\235\025DD\336e\367\n\312\326\221\037\025\230""; closeTime: 803842873; signature: ""0E\002!\000\206\213<u]\210O5\233\303\330z\236G\375\344\376\273\214\2766\017g\203\257\205\335\226#]H\001\002 *\347{\201\312\007\241\206i\226A\233\300C\351\273\204 \223\211\357\003\334\205\036\356[)b&E\352""; previousledger: ""\177X\227$\245tCB\345\314d\231A\300\204\371KJ\036\321\330\014]""EN\266$]\331\226c""; "
1750527673510,1750527673510,0,1,3,2,TMProposeSet,"proposeSeq: 0; currentTxHash: ""\000\000\000\000\000\000\000\000\000\000\000\000\000\000\000\000\000\000\000\000\000\000\000\000\000\000\000\000\000\000\000\000""; nodePubKey: ""\002\364d\217\366\217|\316F\232\231\241\n\261\333`\312O\367\235\025DD\336e\367\n\312\326\221\037\025\230""; closeTime: 803842873; signature: ""0E\002!\000\206\213<u]\210O5\233\303\330z\236G\375\344\376\273\214\2766\017g\203\257\205\335\226#]H\001\002 *\347{\201\312\007\241\206i\226A\233\300C\351\273\204 \223\211\357\003\334\205\036\356[)b&E\352""; previousledger: ""\177X\227$\245tCB\345\314d\231A\300\204\371KJ\036\321\330\014]""EN\266$]\331\226c""; ","proposeSeq: 0; currentTxHash: ""\000\000\000\000\000\000\000\000\000\000\000\000\000\000\000\000\000\000\000\000\000\000\000\000\000\000\000\000\000\000\000\000""; nodePubKey: ""\002\364d\217\366\217|\316F\232\231\241\n\261\333`\312O\367\235\025DD\336e\367\n\312\326\221\037\025\230""; closeTime: 803842873; signature: ""0E\002!\000\206\213<u]\210O5\233\303\330z\236G\375\344\376\273\214\2766\017g\203\257\205\335\226#]H\001\002 *\347{\201\312\007\241\206i\226A\233\300C\351\273\204 \223\211\357\003\334\205\036\356[)b&E\352""; previousledger: ""\177X\227$\245tCB\345\314d\231A\300\204\371KJ\036\321\330\014]""EN\266$]\331\226c""; "
1750527673516,1750527673517,0,1,4,0,TMProposeSet,"proposeSeq: 0; currentTxHash: ""\000\000\000\000\000\000\000\000\000\000\000\000\000\000\000\000\000\000\000\000\000\000\000\000\000\000\000\000\000\000\000\000""; nodePubKey: ""\002\364d\217\366\217|\316F\232\231\241\n\261\333`\312O\367\235\025DD\336e\367\n\312\326\221\037\025\230""; closeTime: 803842873; signature: ""0E\002!\000\206\213<u]\210O5\233\303\330z\236G\375\344\376\273\214\2766\017g\203\257\205\335\226#]H\001\002 *\347{\201\312\007\241\206i\226A\233\300C\351\273\204 \223\211\357\003\334\205\036\356[)b&E\352""; previousledger: ""\177X\227$\245tCB\345\314d\231A\300\204\371KJ\036\321\330\014]""EN\266$]\331\226c""; ","proposeSeq: 0; currentTxHash: ""\000\000\000\000\000\000\000\000\000\000\000\000\000\000\000\000\000\000\000\000\000\000\000\000\000\000\000\000\000\000\000\000""; nodePubKey: ""\002\364d\217\366\217|\316F\232\231\241\n\261\333`\312O\367\235\025DD\336e\367\n\312\326\221\037\025\230""; closeTime: 803842873; signature: ""0E\002!\000\206\213<u]\210O5\233\303\330z\236G\375\344\376\273\214\2766\017g\203\257\205\335\226#]H\001\002 *\347{\201\312\007\241\206i\226A\233\300C\351\273\204 \223\211\357\003\334\205\036\356[)b&E\352""; previousledger: ""\177X\227$\245tCB\345\314d\231A\300\204\371KJ\036\321\330\014]""EN\266$]\331\226c""; "
1750527673517,1750527673517,0,1,4,2,TMProposeSet,"proposeSeq: 0; currentTxHash: ""\000\000\000\000\000\000\000\000\000\000\000\000\000\000\000\000\000\000\000\000\000\000\000\000\000\000\000\000\000\000\000\000""; nodePubKey: ""\002\364d\217\366\217|\316F\232\231\241\n\261\333`\312O\367\235\025DD\336e\367\n\312\326\221\037\025\230""; closeTime: 803842873; signature: ""0E\002!\000\206\213<u]\210O5\233\303\330z\236G\375\344\376\273\214\2766\017g\203\257\205\335\226#]H\001\002 *\347{\201\312\007\241\206i\226A\233\300C\351\273\204 \223\211\357\003\334\205\036\356[)b&E\352""; previousledger: ""\177X\227$\245tCB\345\314d\231A\300\204\371KJ\036\321\330\014]""EN\266$]\331\226c""; ","proposeSeq: 0; currentTxHash: ""\000\000\000\000\000\000\000\000\000\000\000\000\000\000\000\000\000\000\000\000\000\000\000\000\000\000\000\000\000\000\000\000""; nodePubKey: ""\002\364d\217\366\217|\316F\232\231\241\n\261\333`\312O\367\235\025DD\336e\367\n\312\326\221\037\025\230""; closeTime: 803842873; signature: ""0E\002!\000\206\213<u]\210O5\233\303\330z\236G\375\344\376\273\214\2766\017g\203\257\205\335\226#]H\001\002 *\347{\201\312\007\241\206i\226A\233\300C\351\273\204 \223\211\357\003\334\205\036\356[)b&E\352""; previousledger: ""\177X\227$\245tCB\345\314d\231A\300\204\371KJ\036\321\330\014]""EN\266$]\331\226c""; "
1750527673517,1750527673517,0,1,4,1,TMProposeSet,"proposeSeq: 0; currentTxHash: ""\000\000\000\000\000\000\000\000\000\000\000\000\000\000\000\000\000\000\000\000\000\000\000\000\000\000\000\000\000\000\000\000""; nodePubKey: ""\002\364d\217\366\217|\316F\232\231\241\n\261\333`\312O\367\235\025DD\336e\367\n\312\326\221\037\025\230""; closeTime: 803842873; signature: ""0E\002!\000\206\213<u]\210O5\233\303\330z\236G\375\344\376\273\214\2766\017g\203\257\205\335\226#]H\001\002 *\347{\201\312\007\241\206i\226A\233\300C\351\273\204 \223\211\357\003\334\205\036\356[)b&E\352""; previousledger: ""\177X\227$\245tCB\345\314d\231A\300\204\371KJ\036\321\330\014]""EN\266$]\331\226c""; ","proposeSeq: 0; currentTxHash: ""\000\000\000\000\000\000\000\000\000\000\000\000\000\000\000\000\000\000\000\000\000\000\000\000\000\000\000\000\000\000\000\000""; nodePubKey: ""\002\364d\217\366\217|\316F\232\231\241\n\261\333`\312O\367\235\025DD\336e\367\n\312\326\221\037\025\230""; closeTime: 803842873; signature: ""0E\002!\000\206\213<u]\210O5\233\303\330z\236G\375\344\376\273\214\2766\017g\203\257\205\335\226#]H\001\002 *\347{\201\312\007\241\206i\226A\233\300C\351\273\204 \223\211\357\003\334\205\036\356[)b&E\352""; previousledger: ""\177X\227$\245tCB\345\314d\231A\300\204\371KJ\036\321\330\014]""EN\266$]\331\226c""; "
1750527673627,1750527673627,0,1,4,1,TMProposeSet,"proposeSeq: 0; currentTxHash: ""\000\000\000\000\000\000\000\000\000\000\000\000\000\000\000\000\000\000\000\000\000\000\000\000\000\000\000\000\000\000\000\000""; nodePubKey: ""\003R7o\362bV\300hf\266\241;}\200^\374\240\203[:\342Q\225\221\027y\372\255\235\216\323~""; closeTime: 803842873; signature: ""0E\002!\000\250\353\233\324\013\375\003}\377\307\365\222\005\347\370\226\275adcd\001\2422w\220t\003\343\307 r\002 \023/\224Q\265\217\2474\214\355\257\031\210\370\374\322\212\232\220\330\245\261\227^7\225y\236^\005\016\325""; previousledger: ""\177X\227$\245tCB\345\314d\231A\300\204\371KJ\036\321\330\014]""EN\266$]\331\226c""; ","proposeSeq: 0; currentTxHash: ""\000\000\000\000\000\000\000\000\000\000\000\000\000\000\000\000\000\000\000\000\000\000\000\000\000\000\000\000\000\000\000\000""; nodePubKey: ""\003R7o\362bV\300hf\266\241;}\200^\374\240\203[:\342Q\225\221\027y\372\255\235\216\323~""; closeTime: 803842873; signature: ""0E\002!\000\250\353\233\324\013\375\003}\377\307\365\222\005\347\370\226\275adcd\001\2422w\220t\003\343\307 r\002 \023/\224Q\265\217\2474\214\355\257\031\210\370\374\322\212\232\220\330\245\261\227^7\225y\236^\005\016\325""; previousledger: ""\177X\227$\245tCB\345\314d\231A\300\204\371KJ\036\321\330\014]""EN\266$]\331\226c""; "
1750527673627,1750527673627,0,1,4,2,TMProposeSet,"proposeSeq: 0; currentTxHash: ""\000\000\000\000\000\000\000\000\000\000\000\000\000\000\000\000\000\000\000\000\000\000\000\000\000\000\000\000\000\000\000\000""; nodePubKey: ""\003R7o\362bV\300hf\266\241;}\200^\374\240\203[:\342Q\225\221\027y\372\255\235\216\323~""; closeTime: 803842873; signature: ""0E\002!\000\250\353\233\324\013\375\003}\377\307\365\222\005\347\370\226\275adcd\001\2422w\220t\003\343\307 r\002 \023/\224Q\265\217\2474\214\355\257\031\210\370\374\322\212\232\220\330\245\261\227^7\225y\236^\005\016\325""; previousledger: ""\177X\227$\245tCB\345\314d\231A\300\204\371KJ\036\321\330\014]""EN\266$]\331\226c""; ","proposeSeq: 0; currentTxHash: ""\000\000\000\000\000\000\000\000\000\000\000\000\000\000\000\000\000\000\000\000\000\000\000\000\000\000\000\000\000\000\000\000""; nodePubKey: ""\003R7o\362bV\300hf\266\241;}\200^\374\240\203[:\342Q\225\221\027y\372\255\235\216\323~""; closeTime: 803842873; signature: ""0E\002!\000\250\353\233\324\013\375\003}\377\307\365\222\005\347\370\226\275adcd\001\2422w\220t\003\343\307 r\002 \023/\224Q\265\217\2474\214\355\257\031\210\370\374\322\212\232\220\330\245\261\227^7\225y\236^\005\016\325""; previousledger: ""\177X\227$\245tCB\345\314d\231A\300\204\371KJ\036\321\330\014]""EN\266$]\331\226c""; "
1750527673628,1750527673628,0,1,4,3,TMProposeSet,"proposeSeq: 0; currentTxHash: ""\000\000\000\000\000\000\000\000\000\000\000\000\000\000\000\000\000\000\000\000\000\000\000\000\000\000\000\000\000\000\000\000""; nodePubKey: ""\003R7o\362bV\300hf\266\241;}\200^\374\240\203[:\342Q\225\221\027y\372\255\235\216\323~""; closeTime: 803842873; signature: ""0E\002!\000\250\353\233\324\013\375\003}\377\307\365\222\005\347\370\226\275adcd\001\2422w\220t\003\343\307 r\002 \023/\224Q\265\217\2474\214\355\257\031\210\370\374\322\212\232\220\330\245\261\227^7\225y\236^\005\016\325""; previousledger: ""\177X\227$\245tCB\345\314d\231A\300\204\371KJ\036\321\330\014]""EN\266$]\331\226c""; ","proposeSeq: 0; currentTxHash: ""\000\000\000\000\000\000\000\000\000\000\000\000\000\000\000\000\000\000\000\000\000\000\000\000\000\000\000\000\000\000\000\000""; nodePubKey: ""\003R7o\362bV\300hf\266\241;}\200^\374\240\203[:\342Q\225\221\027y\372\255\235\216\323~""; closeTime: 803842873; signature: ""0E\002!\000\250\353\233\324\013\375\003}\377\307\365\222\005\347\370\226\275adcd\001\2422w\220t\003\343\307 r\002 \023/\224Q\265\217\2474\214\355\257\031\210\370\374\322\212\232\220\330\245\261\227^7\225y\236^\005\016\325""; previousledger: ""\177X\227$\245tCB\345\314d\231A\300\204\371KJ\036\321\330\014]""EN\266$]\331\226c""; "
1750527673631,1750527673631,0,1,4,0,TMProposeSet,"proposeSeq: 0; currentTxHash: ""\000\000\000\000\000\000\000\000\000\000\000\000\000\000\000\000\000\000\000\000\000\000\000\000\000\000\000\000\000\000\000\000""; nodePubKey: ""\003R7o\362bV\300hf\266\241;}\200^\374\240\203[:\342Q\225\221\027y\372\255\235\216\323~""; closeTime: 803842873; signature: ""0E\002!\000\250\353\233\324\013\375\003}\377\307\365\222\005\347\370\226\275adcd\001\2422w\220t\003\343\307 r\002 \023/\224Q\265\217\2474\214\355\257\031\210\370\374\322\212\232\220\330\245\261\227^7\225y\236^\005\016\325""; previousledger: ""\177X\227$\245tCB\345\314d\231A\300\204\371KJ\036\321\330\014]""EN\266$]\331\226c""; ","proposeSeq: 0; currentTxHash: ""\000\000\000\000\000\000\000\000\000\000\000\000\000\000\000\000\000\000\000\000\000\000\000\000\000\000\000\000\000\000\000\000""; nodePubKey: ""\003R7o\362bV\300hf\266\241;}\200^\374\240\203[:\342Q\225\221\027y\372\255\235\216\323~""; closeTime: 803842873; signature: ""0E\002!\000\250\353\233\324\013\375\003}\377\307\365\222\005\347\370\226\275adcd\001\2422w\220t\003\343\307 r\002 \023/\224Q\265\217\2474\214\355\257\031\210\370\374\322\212\232\220\330\245\261\227^7\225y\236^\005\016\325""; previousledger: ""\177X\227$\245tCB\345\314d\231A\300\204\371KJ\036\321\330\014]""EN\266$]\331\226c""; "
1750527673633,1750527673633,0,1,3,2,TMProposeSet,"proposeSeq: 0; currentTxHash: ""\000\000\000\000\000\000\000\000\000\000\000\000\000\000\000\000\000\000\000\000\000\000\000\000\000\000\000\000\000\000\000\000""; nodePubKey: ""\003R7o\362bV\300hf\266\241;}\200^\374\240\203[:\342Q\225\221\027y\372\255\235\216\323~""; closeTime: 803842873; signature: ""0E\002!\000\250\353\233\324\013\375\003}\377\307\365\222\005\347\370\226\275adcd\001\2422w\220t\003\343\307 r\002 \023/\224Q\265\217\2474\214\355\257\031\210\370\374\322\212\232\220\330\245\261\227^7\225y\236^\005\016\325""; previousledger: ""\177X\227$\245tCB\345\314d\231A\300\204\371KJ\036\321\330\014]""EN\266$]\331\226c""; ","proposeSeq: 0; currentTxHash: ""\000\000\000\000\000\000\000\000\000\000\000\000\000\000\000\000\000\000\000\000\000\000\000\000\000\000\000\000\000\000\000\000""; nodePubKey: ""\003R7o\362bV\300hf\266\241;}\200^\374\240\203[:\342Q\225\221\027y\372\255\235\216\323~""; closeTime: 803842873; signature: ""0E\002!\000\250\353\233\324\013\375\003}\377\307\365\222\005\347\370\226\275adcd\001\2422w\220t\003\343\307 r\002 \023/\224Q\265\217\2474\214\355\257\031\210\370\374\322\212\232\220\330\245\261\227^7\225y\236^\005\016\325""; previousledger: ""\177X\227$\245tCB\345\314d\231A\300\204\371KJ\036\321\330\014]""EN\266$]\331\226c""; "
1750527673634,1750527673634,0,1,3,1,TMProposeSet,"proposeSeq: 0; currentTxHash: ""\000\000\000\000\000\000\000\000\000\000\000\000\000\000\000\000\000\000\000\000\000\000\000\000\000\000\000\000\000\000\000\000""; nodePubKey: ""\003R7o\362bV\300hf\266\241;}\200^\374\240\203[:\342Q\225\221\027y\372\255\235\216\323~""; closeTime: 803842873; signature: ""0E\002!\000\250\353\233\324\013\375\003}\377\307\365\222\005\347\370\226\275adcd\001\2422w\220t\003\343\307 r\002 \023/\224Q\265\217\2474\214\355\257\031\210\370\374\322\212\232\220\330\245\261\227^7\225y\236^\005\016\325""; previousledger: ""\177X\227$\245tCB\345\314d\231A\300\204\371KJ\036\321\330\014]""EN\266$]\331\226c""; ","proposeSeq: 0; currentTxHash: ""\000\000\000\000\000\000\000\000\000\000\000\000\000\000\000\000\000\000\000\000\000\000\000\000\000\000\000\000\000\000\000\000""; nodePubKey: ""\003R7o\362bV\300hf\266\241;}\200^\374\240\203[:\342Q\225\221\027y\372\255\235\216\323~""; closeTime: 803842873; signature: ""0E\002!\000\250\353\233\324\013\375\003}\377\307\365\222\005\347\370\226\275adcd\001\2422w\220t\003\343\307 r\002 \023/\224Q\265\217\2474\214\355\257\031\210\370\374\322\212\232\220\330\245\261\227^7\225y\236^\005\016\325""; previousledger: ""\177X\227$\245tCB\345\314d\231A\300\204\371KJ\036\321\330\014]""EN\266$]\331\226c""; "
1750527673634,1750527673634,0,1,3,0,TMProposeSet,"proposeSeq: 0; currentTxHash: ""\000\000\000\000\000\000\000\000\000\000\000\000\000\000\000\000\000\000\000\000\000\000\000\000\000\000\000\000\000\000\000\000""; nodePubKey: ""\003R7o\362bV\300hf\266\241;}\200^\374\240\203[:\342Q\225\221\027y\372\255\235\216\323~""; closeTime: 803842873; signature: ""0E\002!\000\250\353\233\324\013\375\003}\377\307\365\222\005\347\370\226\275adcd\001\2422w\220t\003\343\307 r\002 \023/\224Q\265\217\2474\214\355\257\031\210\370\374\322\212\232\220\330\245\261\227^7\225y\236^\005\016\325""; previousledger: ""\177X\227$\245tCB\345\314d\231A\300\204\371KJ\036\321\330\014]""EN\266$]\331\226c""; ","proposeSeq: 0; currentTxHash: ""\000\000\000\000\000\000\000\000\000\000\000\000\000\000\000\000\000\000\000\000\000\000\000\000\000\000\000\000\000\000\000\000""; nodePubKey: ""\003R7o\362bV\300hf\266\241;}\200^\374\240\203[:\342Q\225\221\027y\372\255\235\216\323~""; closeTime: 803842873; signature: ""0E\002!\000\250\353\233\324\013\375\003}\377\307\365\222\005\347\370\226\275adcd\001\2422w\220t\003\343\307 r\002 \023/\224Q\265\217\2474\214\355\257\031\210\370\374\322\212\232\220\330\245\261\227^7\225y\236^\005\016\325""; previousledger: ""\177X\227$\245tCB\345\314d\231A\300\204\371KJ\036\321\330\014]""EN\266$]\331\226c""; "
1750527673628,1750527673707,0,1,4,1,TMStatusChange,"newEvent: neCLOSING_LEDGER; ledgerSeq: 44; ledgerHash: ""\177X\227$\245tCB\345\314d\231A\300\204\371KJ\036\321\330\014]""EN\266$]\331\226c""; ledgerHashPrevious: ""Q\240\317\3502\006,|\364\004\275\034\006\337\370""\330\364\202\314\315\311?\030\260\361u)\336\202\265Y""; networkTime: 803842873; firstSeq: 1; lastSeq: 44; ","newEvent: neCLOSING_LEDGER; ledgerSeq: 44; ledgerHash: ""\177X\227$\245tCB\345\314d\231A\300\204\371KJ\036\321\330\014]""EN\266$]\331\226c""; ledgerHashPrevious: ""Q\240\317\3502\006,|\364\004\275\034\006\337\370""\330\364\202\314\315\311?\030\260\361u)\336\202\265Y""; networkTime: 803842873; firstSeq: 1; lastSeq: 44; "
1750527673628,1750527673707,0,1,4,2,TMStatusChange,"newEvent: neCLOSING_LEDGER; ledgerSeq: 44; ledgerHash: ""\177X\227$\245tCB\345\314d\231A\300\204\371KJ\036\321\330\014]""EN\266$]\331\226c""; ledgerHashPrevious: ""Q\240\317\3502\006,|\364\004\275\034\006\337\370""\330\364\202\314\315\311?\030\260\361u)\336\202\265Y""; networkTime: 803842873; firstSeq: 1; lastSeq: 44; ","newEvent: neCLOSING_LEDGER; ledgerSeq: 44; ledgerHash: ""\177X\227$\245tCB\345\314d\231A\300\204\371KJ\036\321\330\014]""EN\266$]\331\226c""; ledgerHashPrevious: ""Q\240\317\3502\006,|\364\004\275\034\006\337\370""\330\364\202\314\315\311?\030\260\361u)\336\202\265Y""; networkTime: 803842873; firstSeq: 1; lastSeq: 44; "
1750527673630,1750527673708,0,1,4,3,TMStatusChange,"newEvent: neCLOSING_LEDGER; ledgerSeq: 44; ledgerHash: ""\177X\227$\245tCB\345\314d\231A\300\204\371KJ\036\321\330\014]""EN\266$]\331\226c""; ledgerHashPrevious: ""Q\240\317\3502\006,|\364\004\275\034\006\337\370""\330\364\202\314\315\311?\030\260\361u)\336\202\265Y""; networkTime: 803842873; firstSeq: 1; lastSeq: 44; ","newEvent: neCLOSING_LEDGER; ledgerSeq: 44; ledgerHash: ""\177X\227$\245tCB\345\314d\231A\300\204\371KJ\036\321\330\014]""EN\266$]\331\226c""; ledgerHashPrevious: ""Q\240\317\3502\006,|\364\004\275\034\006\337\370""\330\364\202\314\315\311?\030\260\361u)\336\202\265Y""; networkTime: 803842873; firstSeq: 1; lastSeq: 44; "
1750527673630,1750527673708,0,1,4,0,TMStatusChange,"newEvent: neCLOSING_LEDGER; ledgerSeq: 44; ledgerHash: ""\177X\227$\245tCB\345\314d\231A\300\204\371KJ\036\321\330\014]""EN\266$]\331\226c""; ledgerHashPrevious: ""Q\240\317\3502\006,|\364\004\275\034\006\337\370""\330\364\202\314\315\311?\030\260\361u)\336\202\265Y""; networkTime: 803842873; firstSeq: 1; lastSeq: 44; ","newEvent: neCLOSING_LEDGER; ledgerSeq: 44; ledgerHash: ""\177X\227$\245tCB\345\314d\231A\300\204\371KJ\036\321\330\014]""EN\266$]\331\226c""; ledgerHashPrevious: ""Q\240\317\3502\006,|\364\004\275\034\006\337\370""\330\364\202\314\315\311?\030\260\361u)\336\202\265Y""; networkTime: 803842873; firstSeq: 1; lastSeq: 44; "
1750527675467,1750527675467,0,1,3,2,TMStatusChange,"newEvent: neACCEPTED_LEDGER; ledgerSeq: 45; ledgerHash: ""\351\312\376z\254\214\206B\274&M\032\376v\266\3104u)\r\312\021\273\030jJH\215G4\367f""; ledgerHashPrevious: ""\177X\227$\245tCB\345\314d\231A\300\204\371KJ\036\321\330\014]""EN\266$]\331\226c""; networkTime: 803842875; firstSeq: 1; lastSeq: 44; ","newEvent: neACCEPTED_LEDGER; ledgerSeq: 45; ledgerHash: ""\351\312\376z\254\214\206B\274&M\032\376v\266\3104u)\r\312\021\273\030jJH\215G4\367f""; ledgerHashPrevious: ""\177X\227$\245tCB\345\314d\231A\300\204\371KJ\036\321\330\014]""EN\266$]\331\226c""; networkTime: 803842875; firstSeq: 1; lastSeq: 44; "
1750527675467,1750527675467,0,1,3,2,TMValidation,"validation: """"\200\000\000\001&\000\000\000-)/\351\253;:p\210\265\307-\212\200\004Q\351\312\376z\254\214\206B\274&M\032\376v\266\3104u)\r\312\021\273\030jJH\215G4\367fP\027\000\000\000\000\000\000\000\000\000\000\000\000\000\000\000\000\000\000\000\000\000\000\000\000\000\000\000\000\000\000\000\000P\031\177X\227$\245tCB\345\314d\231A\300\204\371KJ\036\321\330\014]""EN\266$]\331\226cs!\002\364d\217\366\217|\316F\232\231\241\n\261\333`\312O\367\235\025DD\336e\367\n\312\326\221\037\025\230vG0E\002!\000\312\235\320<\366 \260\373\n\276\3353\275 >L'\027Ba\206\006\222\351\300J\307'\002\267/x\002 P\215\356\245\200z\r\303\204\262\322\2125:\327\030S\033|Y\361\223\240/\301\234\371E\207\342\352\356""; ","validation: """"\200\000\000\001&\000\000\000-)/\351\253;:p\210\265\307-\212\200\004Q\351\312\376z\254\214\206B\274&M\032\376v\266\3104u)\r\312\021\273\030jJH\215G4\367fP\027\000\000\000\000\000\000\000\000\000\000\000\000\000\000\000\000\000\000\000\000\000\000\000\000\000\000\000\000\000\000\000\000P\031\177X\227$\245tCB\345\314d\231A\300\204\371KJ\036\321\330\014]""EN\266$]\331\226cs!\002\364d\217\366\217|\316F\232\231\241\n\261\333`\312O\367\235\025DD\336e\367\n\312\326\221\037\025\230vG0E\002!\000\312\235\320<\366 \260\373\n\276\3353\275 >L'\027Ba\206\006\222\351\300J\307'\002\267/x\002 P\215\356\245\200z\r\303\204\262\322\2125:\327\030S\033|Y\361\223\240/\301\234\371E\207\342\352\356""; "
1750527675467,1750527675467,0,1,3,4,TMValidation,"validation: """"\200\000\000\001&\000\000\000-)/\351\253;:p\210\265\307-\212\200\004Q\351\312\376z\254\214\206B\274&M\032\376v\266\3104u)\r\312\021\273\030jJH\215G4\367fP\027\000\000\000\000\000\000\000\000\000\000\000\000\000\000\000\000\000\000\000\000\000\000\000\000\000\000\000\000\000\000\000\000P\031\177X\227$\245tCB\345\314d\231A\300\204\371KJ\036\321\330\014]""EN\266$]\331\226cs!\002\364d\217\366\217|\316F\232\231\241\n\261\333`\312O\367\235\025DD\336e\367\n\312\326\221\037\025\230vG0E\002!\000\312\235\320<\366 \260\373\n\276\3353\275 >L'\027Ba\206\006\222\351\300J\307'\002\267/x\002 P\215\356\245\200z\r\303\204\262\322\2125:\327\030S\033|Y\361\223\240/\301\234\371E\207\342\352\356""; ","validation: """"\200\000\000\001&\000\000\000-)/\351\253;:p\210\265\307-\212\200\004Q\351\312\376z\254\214\206B\274&M\032\376v\266\3104u)\r\312\021\273\030jJH\215G4\367fP\027\000\000\000\000\000\000\000\000\000\000\000\000\000\000\000\000\000\000\000\000\000\000\000\000\000\000\000\000\000\000\000\000P\031\177X\227$\245tCB\345\314d\231A\300\204\371KJ\036\321\330\014]""EN\266$]\331\226cs!\002\364d\217\366\217|\316F\232\231\241\n\261\333`\312O\367\235\025DD\336e\367\n\312\326\221\037\025\230vG0E\002!\000\312\235\320<\366 \260\373\n\276\3353\275 >L'\027Ba\206\006\222\351\300J\307'\002\267/x\002 P\215\356\245\200z\r\303\204\262\322\2125:\327\030S\033|Y\361\223\240/\301\234\371E\207\342\352\356""; "
1750527675469,1750527675469,0,1,3,0,TMStatusChange,"newEvent: neACCEPTED_LEDGER; ledgerSeq: 45; ledgerHash: ""\351\312\376z\254\214\206B\274&M\032\376v\266\3104u)\r\312\021\273\030jJH\215G4\367f""; ledgerHashPrevious: ""\177X\227$\245tCB\345\314d\231A\300\204\371KJ\036\321\330\014]""EN\266$]\331\226c""; networkTime: 803842875; firstSeq: 1; lastSeq: 44; ","newEvent: neACCEPTED_LEDGER; ledgerSeq: 45; ledgerHash: ""\351\312\376z\254\214\206B\274&M\032\376v\266\3104u)\r\312\021\273\030jJH\215G4\367f""; ledgerHashPrevious: ""\177X\227$\245tCB\345\314d\231A\300\204\371KJ\036\321\330\014]""EN\266$]\331\226c""; networkTime: 803842875; firstSeq: 1; lastSeq: 44; "
1750527675468,1750527675468,0,1,3,1,TMValidation,"validation: """"\200\000\000\001&\000\000\000-)/\351\253;:p\210\265\307-\212\200\004Q\351\312\376z\254\214\206B\274&M\032\376v\266\3104u)\r\312\021\273\030jJH\215G4\367fP\027\000\000\000\000\000\000\000\000\000\000\000\000\000\000\000\000\000\000\000\000\000\000\000\000\000\000\000\000\000\000\000\000P\031\177X\227$\245tCB\345\314d\231A\300\204\371KJ\036\321\330\014]""EN\266$]\331\226cs!\002\364d\217\366\217|\316F\232\231\241\n\261\333`\312O\367\235\025DD\336e\367\n\312\326\221\037\025\230vG0E\002!\000\312\235\320<\366 \260\373\n\276\3353\275 >L'\027Ba\206\006\222\351\300J\307'\002\267/x\002 P\215\356\245\200z\r\303\204\262\322\2125:\327\030S\033|Y\361\223\240/\301\234\371E\207\342\352\356""; ","validation: """"\200\000\000\001&\000\000\000-)/\351\253;:p\210\265\307-\212\200\004Q\351\312\376z\254\214\206B\274&M\032\376v\266\3104u)\r\312\021\273\030jJH\215G4\367fP\027\000\000\000\000\000\000\000\000\000\000\000\000\000\000\000\000\000\000\000\000\000\000\000\000\000\000\000\000\000\000\000\000P\031\177X\227$\245tCB\345\314d\231A\300\204\371KJ\036\321\330\014]""EN\266$]\331\226cs!\002\364d\217\366\217|\316F\232\231\241\n\261\333`\312O\367\235\025DD\336e\367\n\312\326\221\037\025\230vG0E\002!\000\312\235\320<\366 \260\373\n\276\3353\275 >L'\027Ba\206\006\222\351\300J\307'\002\267/x\002 P\215\356\245\200z\r\303\204\262\322\2125:\327\030S\033|Y\361\223\240/\301\234\371E\207\342\352\356""; "
1750527675468,1750527675468,0,1,3,4,TMStatusChange,"newEvent: neACCEPTED_LEDGER; ledgerSeq: 45; ledgerHash: ""\351\312\376z\254\214\206B\274&M\032\376v\266\3104u)\r\312\021\273\030jJH\215G4\367f""; ledgerHashPrevious: ""\177X\227$\245tCB\345\314d\231A\300\204\371KJ\036\321\330\014]""EN\266$]\331\226c""; networkTime: 803842875; firstSeq: 1; lastSeq: 44; ","newEvent: neACCEPTED_LEDGER; ledgerSeq: 45; ledgerHash: ""\351\312\376z\254\214\206B\274&M\032\376v\266\3104u)\r\312\021\273\030jJH\215G4\367f""; ledgerHashPrevious: ""\177X\227$\245tCB\345\314d\231A\300\204\371KJ\036\321\330\014]""EN\266$]\331\226c""; networkTime: 803842875; firstSeq: 1; lastSeq: 44; "
1750527675468,1750527675468,0,1,3,1,TMStatusChange,"newEvent: neACCEPTED_LEDGER; ledgerSeq: 45; ledgerHash: ""\351\312\376z\254\214\206B\274&M\032\376v\266\3104u)\r\312\021\273\030jJH\215G4\367f""; ledgerHashPrevious: ""\177X\227$\245tCB\345\314d\231A\300\204\371KJ\036\321\330\014]""EN\266$]\331\226c""; networkTime: 803842875; firstSeq: 1; lastSeq: 44; ","newEvent: neACCEPTED_LEDGER; ledgerSeq: 45; ledgerHash: ""\351\312\376z\254\214\206B\274&M\032\376v\266\3104u)\r\312\021\273\030jJH\215G4\367f""; ledgerHashPrevious: ""\177X\227$\245tCB\345\314d\231A\300\204\371KJ\036\321\330\014]""EN\266$]\331\226c""; networkTime: 803842875; firstSeq: 1; lastSeq: 44; "
1750527675469,1750527675469,0,1,3,0,TMValidation,"validation: """"\200\000\000\001&\000\000\000-)/\351\253;:p\210\265\307-\212\200\004Q\351\312\376z\254\214\206B\274&M\032\376v\266\3104u)\r\312\021\273\030jJH\215G4\367fP\027\000\000\000\000\000\000\000\000\000\000\000\000\000\000\000\000\000\000\000\000\000\000\000\000\000\000\000\000\000\000\000\000P\031\177X\227$\245tCB\345\314d\231A\300\204\371KJ\036\321\330\014]""EN\266$]\331\226cs!\002\364d\217\366\217|\316F\232\231\241\n\261\333`\312O\367\235\025DD\336e\367\n\312\326\221\037\025\230vG0E\002!\000\312\235\320<\366 \260\373\n\276\3353\275 >L'\027Ba\206\006\222\351\300J\307'\002\267/x\002 P\215\356\245\200z\r\303\204\262\322\2125:\327\030S\033|Y\361\223\240/\301\234\371E\207\342\352\356""; ","validation: """"\200\000\000\001&\000\000\000-)/\351\253;:p\210\265\307-\212\200\004Q\351\312\376z\254\214\206B\274&M\032\376v\266\3104u)\r\312\021\273\030jJH\215G4\367fP\027\000\000\000\000\000\000\000\000\000\000\000\000\000\000\000\000\000\000\000\000\000\000\000\000\000\000\000\000\000\000\000\000P\031\177X\227$\245tCB\345\314d\231A\300\204\371KJ\036\321\330\014]""EN\266$]\331\226cs!\002\364d\217\366\217|\316F\232\231\241\n\261\333`\312O\367\235\025DD\336e\367\n\312\326\221\037\025\230vG0E\002!\000\312\235\320<\366 \260\373\n\276\3353\275 >L'\027Ba\206\006\222\351\300J\307'\002\267/x\002 P\215\356\245\200z\r\303\204\262\322\2125:\327\030S\033|Y\361\223\240/\301\234\371E\207\342\352\356""; "
1750527675470,1750527675470,0,1,2,3,TMGetLedger,"itype: liBASE; ledgerHash: ""\351\312\376z\254\214\206B\274&M\032\376v\266\3104u)\r\312\021\273\030jJH\215G4\367f""; ledgerSeq: 45; ","itype: liBASE; ledgerHash: ""\351\312\376z\254\214\206B\274&M\032\376v\266\3104u)\r\312\021\273\030jJH\215G4\367f""; ledgerSeq: 45; "
1750527675470,1750527675470,0,1,2,0,TMGetLedger,"itype: liBASE; ledgerHash: ""\351\312\376z\254\214\206B\274&M\032\376v\266\3104u)\r\312\021\273\030jJH\215G4\367f""; ledgerSeq: 45; ","itype: liBASE; ledgerHash: ""\351\312\376z\254\214\206B\274&M\032\376v\266\3104u)\r\312\021\273\030jJH\215G4\367f""; ledgerSeq: 45; "
1750527675471,1750527675471,0,1,2,4,TMGetLedger,"itype: liBASE; ledgerHash: ""\351\312\376z\254\214\206B\274&M\032\376v\266\3104u)\r\312\021\273\030jJH\215G4\367f""; ledgerSeq: 45; ","itype: liBASE; ledgerHash: ""\351\312\376z\254\214\206B\274&M\032\376v\266\3104u)\r\312\021\273\030jJH\215G4\367f""; ledgerSeq: 45; "
1750527675471,1750527675471,0,1,2,1,TMGetLedger,"itype: liBASE; ledgerHash: ""\351\312\376z\254\214\206B\274&M\032\376v\266\3104u)\r\312\021\273\030jJH\215G4\367f""; ledgerSeq: 45; ","itype: liBASE; ledgerHash: ""\351\312\376z\254\214\206B\274&M\032\376v\266\3104u)\r\312\021\273\030jJH\215G4\367f""; ledgerSeq: 45; "
1750527675471,1750527675471,0,1,4,2,TMValidation,"validation: """"\200\000\000\001&\000\000\000-)/\351\253;:p\210\265\307-\212\200\004Q\351\312\376z\254\214\206B\274&M\032\376v\266\3104u)\r\312\021\273\030jJH\215G4\367fP\027\000\000\000\000\000\000\000\000\000\000\000\000\000\000\000\000\000\000\000\000\000\000\000\000\000\000\000\000\000\000\000\000P\031\177X\227$\245tCB\345\314d\231A\300\204\371KJ\036\321\330\014]""EN\266$]\331\226cs!\002\364d\217\366\217|\316F\232\231\241\n\261\333`\312O\367\235\025DD\336e\367\n\312\326\221\037\025\230vG0E\002!\000\312\235\320<\366 \260\373\n\276\3353\275 >L'\027Ba\206\006\222\351\300J\307'\002\267/x\002 P\215\356\245\200z\r\303\204\262\322\2125:\327\030S\033|Y\361\223\240/\301\234\371E\207\342\352\356""; ","validation: """"\200\000\000\001&\000\000\000-)/\351\253;:p\210\265\307-\212\200\004Q\351\312\376z\254\214\206B\274&M\032\376v\266\3104u)\r\312\021\273\030jJH\215G4\367fP\027\000\000\000\000\000\000\000\000\000\000\000\000\000\000\000\000\000\000\000\000\000\000\000\000\000\000\000\000\000\000\000\000P\031\177X\227$\245tCB\345\314d\231A\300\204\371KJ\036\321\330\014]""EN\266$]\331\226cs!\002\364d\217\366\217|\316F\232\231\241\n\261\333`\312O\367\235\025DD\336e\367\n\312\326\221\037\025\230vG0E\002!\000\312\235\320<\366 \260\373\n\276\3353\275 >L'\027Ba\206\006\222\351\300J\307'\002\267/x\002 P\215\356\245\200z\r\303\204\262\322\2125:\327\030S\033|Y\361\223\240/\301\234\371E\207\342\352\356""; "
1750527675472,1750527675472,0,1,4,1,TMValidation,"validation: """"\200\000\000\001&\000\000\000-)/\351\253;:p\210\265\307-\212\200\004Q\351\312\376z\254\214\206B\274&M\032\376v\266\3104u)\r\312\021\273\030jJH\215G4\367fP\027\000\000\000\000\000\000\000\000\000\000\000\000\000\000\000\000\000\000\000\000\000\000\000\000\000\000\000\000\000\000\000\000P\031\177X\227$\245tCB\345\314d\231A\300\204\371KJ\036\321\330\014]""EN\266$]\331\226cs!\002\364d\217\366\217|\316F\232\231\241\n\261\333`\312O\367\235\025DD\336e\367\n\312\326\221\037\025\230vG0E\002!\000\312\235\320<\366 \260\373\n\276\3353\275 >L'\027Ba\206\006\222\351\300J\307'\002\267/x\002 P\215\356\245\200z\r\303\204\262\322\2125:\327\030S\033|Y\361\223\240/\301\234\371E\207\342\352\356""; ","validation: """"\200\000\000\001&\000\000\000-)/\351\253;:p\210\265\307-\212\200\004Q\351\312\376z\254\214\206B\274&M\032\376v\266\3104u)\r\312\021\273\030jJH\215G4\367fP\027\000\000\000\000\000\000\000\000\000\000\000\000\000\000\000\000\000\000\000\000\000\000\000\000\000\000\000\000\000\000\000\000P\031\177X\227$\245tCB\345\314d\231A\300\204\371KJ\036\321\330\014]""EN\266$]\331\226cs!\002\364d\217\366\217|\316F\232\231\241\n\261\333`\312O\367\235\025DD\336e\367\n\312\326\221\037\025\230vG0E\002!\000\312\235\320<\366 \260\373\n\276\3353\275 >L'\027Ba\206\006\222\351\300J\307'\002\267/x\002 P\215\356\245\200z\r\303\204\262\322\2125:\327\030S\033|Y\361\223\240/\301\234\371E\207\342\352\356""; "
1750527675472,1750527675472,0,1,4,0,TMValidation,"validation: """"\200\000\000\001&\000\000\000-)/\351\253;:p\210\265\307-\212\200\004Q\351\312\376z\254\214\206B\274&M\032\376v\266\3104u)\r\312\021\273\030jJH\215G4\367fP\027\000\000\000\000\000\000\000\000\000\000\000\000\000\000\000\000\000\000\000\000\000\000\000\000\000\000\000\000\000\000\000\000P\031\177X\227$\245tCB\345\314d\231A\300\204\371KJ\036\321\330\014]""EN\266$]\331\226cs!\002\364d\217\366\217|\316F\232\231\241\n\261\333`\312O\367\235\025DD\336e\367\n\312\326\221\037\025\230vG0E\002!\000\312\235\320<\366 \260\373\n\276\3353\275 >L'\027Ba\206\006\222\351\300J\307'\002\267/x\002 P\215\356\245\200z\r\303\204\262\322\2125:\327\030S\033|Y\361\223\240/\301\234\371E\207\342\352\356""; ","validation: """"\200\000\000\001&\000\000\000-)/\351\253;:p\210\265\307-\212\200\004Q\351\312\376z\254\214\206B\274&M\032\376v\266\3104u)\r\312\021\273\030jJH\215G4\367fP\027\000\000\000\000\000\000\000\000\000\000\000\000\000\000\000\000\000\000\000\000\000\000\000\000\000\000\000\000\000\000\000\000P\031\177X\227$\245tCB\345\314d\231A\300\204\371KJ\036\321\330\014]""EN\266$]\331\226cs!\002\364d\217\366\217|\316F\232\231\241\n\261\333`\312O\367\235\025DD\336e\367\n\312\326\221\037\025\230vG0E\002!\000\312\235\320<\366 \260\373\n\276\3353\275 >L'\027Ba\206\006\222\351\300J\307'\002\267/x\002 P\215\356\245\200z\r\303\204\262\322\2125:\327\030S\033|Y\361\223\240/\301\234\371E\207\342\352\356""; "
1750527675472,1750527675472,0,1,4,1,TMGetLedger,"itype: liBASE; ledgerHash: ""\351\312\376z\254\214\206B\274&M\032\376v\266\3104u)\r\312\021\273\030jJH\215G4\367f""; ","itype: liBASE; ledgerHash: ""\351\312\376z\254\214\206B\274&M\032\376v\266\3104u)\r\312\021\273\030jJH\215G4\367f""; "
1750527675472,1750527675472,0,1,4,2,TMGetLedger,"itype: liBASE; ledgerHash: ""\351\312\376z\254\214\206B\274&M\032\376v\266\3104u)\r\312\021\273\030jJH\215G4\367f""; ","itype: liBASE; ledgerHash: ""\351\312\376z\254\214\206B\274&M\032\376v\266\3104u)\r\312\021\273\030jJH\215G4\367f""; "
1750527675473,1750527675473,0,1,4,3,TMGetLedger,"itype: liBASE; ledgerHash: ""\351\312\376z\254\214\206B\274&M\032\376v\266\3104u)\r\312\021\273\030jJH\215G4\367f""; ","itype: liBASE; ledgerHash: ""\351\312\376z\254\214\206B\274&M\032\376v\266\3104u)\r\312\021\273\030jJH\215G4\367f""; "
1750527675474,1750527675474,0,1,4,0,TMGetLedger,"itype: liBASE; ledgerHash: ""\351\312\376z\254\214\206B\274&M\032\376v\266\3104u)\r\312\021\273\030jJH\215G4\367f""; ","itype: liBASE; ledgerHash: ""\351\312\376z\254\214\206B\274&M\032\376v\266\3104u)\r\312\021\273\030jJH\215G4\367f""; "
1750527675474,1750527675474,0,1,4,1,TMGetLedger,"itype: liBASE; ledgerHash: ""\351\312\376z\254\214\206B\274&M\032\376v\266\3104u)\r\312\021\273\030jJH\215G4\367f""; queryType: qtINDIRECT; ","itype: liBASE; ledgerHash: ""\351\312\376z\254\214\206B\274&M\032\376v\266\3104u)\r\312\021\273\030jJH\215G4\367f""; queryType: qtINDIRECT; "
1750527675475,1750527675475,0,1,4,0,TMGetLedger,"itype: liBASE; ledgerHash: ""\351\312\376z\254\214\206B\274&M\032\376v\266\3104u)\r\312\021\273\030jJH\215G4\367f""; queryType: qtINDIRECT; ","itype: liBASE; ledgerHash: ""\351\312\376z\254\214\206B\274&M\032\376v\266\3104u)\r\312\021\273\030jJH\215G4\367f""; queryType: qtINDIRECT; "
1750527675475,1750527675475,0,1,4,2,TMGetLedger,"itype: liBASE; ledgerHash: ""\351\312\376z\254\214\206B\274&M\032\376v\266\3104u)\r\312\021\273\030jJH\215G4\367f""; queryType: qtINDIRECT; ","itype: liBASE; ledgerHash: ""\351\312\376z\254\214\206B\274&M\032\376v\266\3104u)\r\312\021\273\030jJH\215G4\367f""; queryType: qtINDIRECT; "
1750527675475,1750527675475,0,1,4,3,TMGetLedger,"itype: liBASE; ledgerHash: ""\351\312\376z\254\214\206B\274&M\032\376v\266\3104u)\r\312\021\273\030jJH\215G4\367f""; queryType: qtINDIRECT; ","itype: liBASE; ledgerHash: ""\351\312\376z\254\214\206B\274&M\032\376v\266\3104u)\r\312\021\273\030jJH\215G4\367f""; queryType: qtINDIRECT; "
1750527675476,1750527675476,0,1,1,3,TMGetLedger,"itype: liBASE; ledgerHash: ""\351\312\376z\254\214\206B\274&M\032\376v\266\3104u)\r\312\021\273\030jJH\215G4\367f""; ledgerSeq: 45; ","itype: liBASE; ledgerHash: ""\351\312\376z\254\214\206B\274&M\032\376v\266\3104u)\r\312\021\273\030jJH\215G4\367f""; ledgerSeq: 45; "
1750527675476,1750527675476,0,1,1,4,TMGetLedger,"itype: liBASE; ledgerHash: ""\351\312\376z\254\214\206B\274&M\032\376v\266\3104u)\r\312\021\273\030jJH\215G4\367f""; ledgerSeq: 45; ","itype: liBASE; ledgerHash: ""\351\312\376z\254\214\206B\274&M\032\376v\266\3104u)\r\312\021\273\030jJH\215G4\367f""; ledgerSeq: 45; "
1750527675476,1750527675476,0,1,1,0,TMGetLedger,"itype: liBASE; ledgerHash: ""\351\312\376z\254\214\206B\274&M\032\376v\266\3104u)\r\312\021\273\030jJH\215G4\367f""; ledgerSeq: 45; ","itype: liBASE; ledgerHash: ""\351\312\376z\254\214\206B\274&M\032\376v\266\3104u)\r\312\021\273\030jJH\215G4\367f""; ledgerSeq: 45; "
1750527675477,1750527675477,0,1,1,2,TMGetLedger,"itype: liBASE; ledgerHash: ""\351\312\376z\254\214\206B\274&M\032\376v\266\3104u)\r\312\021\273\030jJH\215G4\367f""; ledgerSeq: 45; ","itype: liBASE; ledgerHash: ""\351\312\376z\254\214\206B\274&M\032\376v\266\3104u)\r\312\021\273\030jJH\215G4\367f""; ledgerSeq: 45; "
1750527675477,1750527675477,0,1,1,4,TMValidation,"validation: """"\200\000\000\001&\000\000\000-)/\351\253;:p\210\265\307-\212\200\004Q\351\312\376z\254\214\206B\274&M\032\376v\266\3104u)\r\312\021\273\030jJH\215G4\367fP\027\000\000\000\000\000\000\000\000\000\000\000\000\000\000\000\000\000\000\000\000\000\000\000\000\000\000\000\000\000\000\000\000P\031\177X\227$\245tCB\345\314d\231A\300\204\371KJ\036\321\330\014]""EN\266$]\331\226cs!\002\364d\217\366\217|\316F\232\231\241\n\261\333`\312O\367\235\025DD\336e\367\n\312\326\221\037\025\230vG0E\002!\000\312\235\320<\366 \260\373\n\276\3353\275 >L'\027Ba\206\006\222\351\300J\307'\002\267/x\002 P\215\356\245\200z\r\303\204\262\322\2125:\327\030S\033|Y\361\223\240/\301\234\371E\207\342\352\356""; ","validation: """"\200\000\000\001&\000\000\000-)/\351\253;:p\210\265\307-\212\200\004Q\351\312\376z\254\214\206B\274&M\032\376v\266\3104u)\r\312\021\273\030jJH\215G4\367fP\027\000\000\000\000\000\000\000\000\000\000\000\000\000\000\000\000\000\000\000\000\000\000\000\000\000\000\000\000\000\000\000\000P\031\177X\227$\245tCB\345\314d\231A\300\204\371KJ\036\321\330\014]""EN\266$]\331\226cs!\002\364d\217\366\217|\316F\232\231\241\n\261\333`\312O\367\235\025DD\336e\367\n\312\326\221\037\025\230vG0E\002!\000\312\235\320<\366 \260\373\n\276\3353\275 >L'\027Ba\206\006\222\351\300J\307'\002\267/x\002 P\215\356\245\200z\r\303\204\262\322\2125:\327\030S\033|Y\361\223\240/\301\234\371E\207\342\352\356""; "
1750527675478,1750527675478,0,1,1,0,TMValidation,"validation: """"\200\000\000\001&\000\000\000-)/\351\253;:p\210\265\307-\212\200\004Q\351\312\376z\254\214\206B\274&M\032\376v\266\3104u)\r\312\021\273\030jJH\215G4\367fP\027\000\000\000\000\000\000\000\000\000\000\000\000\000\000\000\000\000\000\000\000\000\000\000\000\000\000\000\000\000\000\000\000P\031\177X\227$\245tCB\345\314d\231A\300\204\371KJ\036\321\330\014]""EN\266$]\331\226cs!\002\364d\217\366\217|\316F\232\231\241\n\261\333`\312O\367\235\025DD\336e\367\n\312\326\221\037\025\230vG0E\002!\000\312\235\320<\366 \260\373\n\276\3353\275 >L'\027Ba\206\006\222\351\300J\307'\002\267/x\002 P\215\356\245\200z\r\303\204\262\322\2125:\327\030S\033|Y\361\223\240/\301\234\371E\207\342\352\356""; ","validation: """"\200\000\000\001&\000\000\000-)/\351\253;:p\210\265\307-\212\200\004Q\351\312\376z\254\214\206B\274&M\032\376v\266\3104u)\r\312\021\273\030jJH\215G4\367fP\027\000\000\000\000\000\000\000\000\000\000\000\000\000\000\000\000\000\000\000\000\000\000\000\000\000\000\000\000\000\000\000\000P\031\177X\227$\245tCB\345\314d\231A\300\204\371KJ\036\321\330\014]""EN\266$]\331\226cs!\002\364d\217\366\217|\316F\232\231\241\n\261\333`\312O\367\235\025DD\336e\367\n\312\326\221\037\025\230vG0E\002!\000\312\235\320<\366 \260\373\n\276\3353\275 >L'\027Ba\206\006\222\351\300J\307'\002\267/x\002 P\215\356\245\200z\r\303\204\262\322\2125:\327\030S\033|Y\361\223\240/\301\234\371E\207\342\352\356""; "
1750527675478,1750527675478,0,1,1,2,TMValidation,"validation: """"\200\000\000\001&\000\000\000-)/\351\253;:p\210\265\307-\212\200\004Q\351\312\376z\254\214\206B\274&M\032\376v\266\3104u)\r\312\021\273\030jJH\215G4\367fP\027\000\000\000\000\000\000\000\000\000\000\000\000\000\000\000\000\000\000\000\000\000\000\000\000\000\000\000\000\000\000\000\000P\031\177X\227$\245tCB\345\314d\231A\300\204\371KJ\036\321\330\014]""EN\266$]\331\226cs!\002\364d\217\366\217|\316F\232\231\241\n\261\333`\312O\367\235\025DD\336e\367\n\312\326\221\037\025\230vG0E\002!\000\312\235\320<\366 \260\373\n\276\3353\275 >L'\027Ba\206\006\222\351\300J\307'\002\267/x\002 P\215\356\245\200z\r\303\204\262\322\2125:\327\030S\033|Y\361\223\240/\301\234\371E\207\342\352\356""; ","validation: """"\200\000\000\001&\000\000\000-)/\351\253;:p\210\265\307-\212\200\004Q\351\312\376z\254\214\206B\274&M\032\376v\266\3104u)\r\312\021\273\030jJH\215G4\367fP\027\000\000\000\000\000\000\000\000\000\000\000\000\000\000\000\000\000\000\000\000\000\000\000\000\000\000\000\000\000\000\000\000P\031\177X\227$\245tCB\345\314d\231A\300\204\371KJ\036\321\330\014]""EN\266$]\331\226cs!\002\364d\217\366\217|\316F\232\231\241\n\261\333`\312O\367\235\025DD\336e\367\n\312\326\221\037\025\230vG0E\002!\000\312\235\320<\366 \260\373\n\276\3353\275 >L'\027Ba\206\006\222\351\300J\307'\002\267/x\002 P\215\356\245\200z\r\303\204\262\322\2125:\327\030S\033|Y\361\223\240/\301\234\371E\207\342\352\356""; "
1750527675478,1750527675478,0,1,1,4,TMGetLedger,"itype: liBASE; ledgerHash: ""\351\312\376z\254\214\206B\274&M\032\376v\266\3104u)\r\312\021\273\030jJH\215G4\367f""; ledgerSeq: 45; queryType: qtINDIRECT; ","itype: liBASE; ledgerHash: ""\351\312\376z\254\214\206B\274&M\032\376v\266\3104u)\r\312\021\273\030jJH\215G4\367f""; ledgerSeq: 45; queryType: qtINDIRECT; "
1750527675479,1750527675479,0,1,1,0,TMGetLedger,"itype: liBASE; ledgerHash: ""\351\312\376z\254\214\206B\274&M\032\376v\266\3104u)\r\312\021\273\030jJH\215G4\367f""; ledgerSeq: 45; queryType: qtINDIRECT; ","itype: liBASE; ledgerHash: ""\351\312\376z\254\214\206B\274&M\032\376v\266\3104u)\r\312\021\273\030jJH\215G4\367f""; ledgerSeq: 45; queryType: qtINDIRECT; "
1750527675479,1750527675479,0,1,1,2,TMGetLedger,"itype: liBASE; ledgerHash: ""\351\312\376z\254\214\206B\274&M\032\376v\266\3104u)\r\312\021\273\030jJH\215G4\367f""; ledgerSeq: 45; queryType: qtINDIRECT; ","itype: liBASE; ledgerHash: ""\351\312\376z\254\214\206B\274&M\032\376v\266\3104u)\r\312\021\273\030jJH\215G4\367f""; ledgerSeq: 45; queryType: qtINDIRECT; "
1750527675479,1750527675479,0,1,1,3,TMGetLedger,"itype: liBASE; ledgerHash: ""\351\312\376z\254\214\206B\274&M\032\376v\266\3104u)\r\312\021\273\030jJH\215G4\367f""; ledgerSeq: 45; queryType: qtINDIRECT; ","itype: liBASE; ledgerHash: ""\351\312\376z\254\214\206B\274&M\032\376v\266\3104u)\r\312\021\273\030jJH\215G4\367f""; ledgerSeq: 45; queryType: qtINDIRECT; "
1750527675480,1750527675480,0,1,0,3,TMGetLedger,"itype: liBASE; ledgerHash: ""\351\312\376z\254\214\206B\274&M\032\376v\266\3104u)\r\312\021\273\030jJH\215G4\367f""; ledgerSeq: 45; ","itype: liBASE; ledgerHash: ""\351\312\376z\254\214\206B\274&M\032\376v\266\3104u)\r\312\021\273\030jJH\215G4\367f""; ledgerSeq: 45; "
1750527675480,1750527675480,0,1,0,2,TMGetLedger,"itype: liBASE; ledgerHash: ""\351\312\376z\254\214\206B\274&M\032\376v\266\3104u)\r\312\021\273\030jJH\215G4\367f""; ledgerSeq: 45; ","itype: liBASE; ledgerHash: ""\351\312\376z\254\214\206B\274&M\032\376v\266\3104u)\r\312\021\273\030jJH\215G4\367f""; ledgerSeq: 45; "
1750527675480,1750527675480,0,1,0,4,TMGetLedger,"itype: liBASE; ledgerHash: ""\351\312\376z\254\214\206B\274&M\032\376v\266\3104u)\r\312\021\273\030jJH\215G4\367f""; ledgerSeq: 45; ","itype: liBASE; ledgerHash: ""\351\312\376z\254\214\206B\274&M\032\376v\266\3104u)\r\312\021\273\030jJH\215G4\367f""; ledgerSeq: 45; "
1750527675481,1750527675481,0,1,0,1,TMGetLedger,"itype: liBASE; ledgerHash: ""\351\312\376z\254\214\206B\274&M\032\376v\266\3104u)\r\312\021\273\030jJH\215G4\367f""; ledgerSeq: 45; ","itype: liBASE; ledgerHash: ""\351\312\376z\254\214\206B\274&M\032\376v\266\3104u)\r\312\021\273\030jJH\215G4\367f""; ledgerSeq: 45; "
1750527675481,1750527675481,0,1,3,2,TMLedgerData,"ledgerHash: ""\351\312\376z\254\214\206B\274&M\032\376v\266\3104u)\r\312\021\273\030jJH\215G4\367f""; ledgerSeq: 45; type: liBASE; nodes {;   nodedata: ""\000\000\000-\001cEx]\211\377\330\177X\227$\245tCB\345\314d\231A\300\204\371KJ\036\321\330\014]""EN\266$]\331\226c\000\000\000\000\000\000\000\000\000\000\000\000\000\000\000\000\000\000\000\000\000\000\000\000\000\000\000\000\000\000\000\000\247G\374\223\234\370\311\261\341z\014\335E-k/%j\003\231M!y\355\275_\365\210\275\375Z\272/\351\2537/\351\2538\n\000""; }; nodes {;   nodedata: ""\323C\344\327\264{\312-\017:\006{\177\344N\002\326bO\260\220\006\033\362\345\005U\221DzJ0\001\301\025%1L\307\t\261\262z\374\222T\301\274V\236\223\262\270Ct\362\337b\356\024*\324\320\351\317\002k\336\234\027v\351\217\260\303\360\233ZPZWr\246$w\313\313\r\243r\232\2234\373\3539:N\004Q\245\272D\312D\300\300\t\323\0257\345e\271\na\215{\226\255x%T\257\037\333\004\344_/R\006E\344\037@\210\363\010\336T\226\247'\204_{\261\370""1\235\2445\343\033Y!\212\201\341\272\225'\007AV,U\014\211v\260/\032\021\337\221\023b\245C\373\215^\030c\352O\225\030\211G\202\253\342\271\013\003""; }; ","ledgerHash: ""\351\312\376z\254\214\206B\274&M\032\376v\266\3104u)\r\312\021\273\030jJH\215G4\367f""; ledgerSeq: 45; type: liBASE; nodes {;   nodedata: ""\000\000\000-\001cEx]\211\377\330\177X\227$\245tCB\345\314d\231A\300\204\371KJ\036\321\330\014]""EN\266$]\331\226c\000\000\000\000\000\000\000\000\000\000\000\000\000\000\000\000\000\000\000\000\000\000\000\000\000\000\000\000\000\000\000\000\247G\374\223\234\370\311\261\341z\014\335E-k/%j\003\231M!y\355\275_\365\210\275\375Z\272/\351\2537/\351\2538\n\000""; }; nodes {;   nodedata: ""\323C\344\327\264{\312-\017:\006{\177\344N\002\326bO\260\220\006\033\362\345\005U\221DzJ0\001\301\025%1L\307\t\261\262z\374\222T\301\274V\236\223\262\270Ct\362\337b\356\024*\324\320\351\317\002k\336\234\027v\351\217\260\303\360\233ZPZWr\246$w\313\313\r\243r\232\2234\373\3539:N\004Q\245\272D\312D\300\300\t\323\0257\345e\271\na\215{\226\255x%T\257\037\333\004\344_/R\006E\344\037@\210\363\010\336T\226\247'\204_{\261\370""1\235\2445\343\033Y!\212\201\341\272\225'\007AV,U\014\211v\260/\032\021\337\221\023b\245C\373\215^\030c\352O\225\030\211G\202\253\342\271\013\003""; }; "
1750527675482,1750527675482,0,1,0,2,TMValidation,"validation: """"\200\000\000\001&\000\000\000-)/\351\253;:p\210\265\307-\212\200\004Q\351\312\376z\254\214\206B\274&M\032\376v\266\3104u)\r\312\021\273\030jJH\215G4\367fP\027\000\000\000\000\000\000\000\000\000\000\000\000\000\000\000\000\000\000\000\000\000\000\000\000\000\000\000\000\000\000\000\000P\031\177X\227$\245tCB\345\314d\231A\300\204\371KJ\036\321\330\014]""EN\266$]\331\226cs!\002\364d\217\366\217|\316F\232\231\241\n\261\333`\312O\367\235\025DD\336e\367\n\312\326\221\037\025\230vG0E\002!\000\312\235\320<\366 \260\373\n\276\3353\275 >L'\027Ba\206\006\222\351\300J\307'\002\267/x\002 P\215\356\245\200z\r\303\204\262\322\2125:\327\030S\033|Y\361\223\240/\301\234\371E\207\342\352\356""; ","validation: """"\200\000\000\001&\000\000\000-)/\351\253;:p\210\265\307-\212\200\004Q\351\312\376z\254\214\206B\274&M\032\376v\266\3104u)\r\312\021\273\030jJH\215G4\367fP\027\000\000\000\000\000\000\000\000\000\000\000\000\000\000\000\000\000\000\000\000\000\000\000\000\000\000\000\000\000\000\000\000P\031\177X\227$\245tCB\345\314d\231A\300\204\371KJ\036\321\330\014]""EN\266$]\331\226cs!\002\364d\217\366\217|\316F\232\231\241\n\261\333`\312O\367\235\025DD\336e\367\n\312\326\221\037\025\230vG0E\002!\000\312\235\320<\366 \260\373\n\276\3353\275 >L'\027Ba\206\006\222\351\300J\307'\002\267/x\002 P\215\356\245\200z\r\303\204\262\322\2125:\327\030S\033|Y\361\223\240/\301\234\371E\207\342\352\356""; "
1750527675482,1750527675482,0,1,0,2,TMGetLedger,"itype: liBASE; ledgerHash: ""\351\312\376z\254\214\206B\274&M\032\376v\266\3104u)\r\312\021\273\030jJH\215G4\367f""; ledgerSeq: 45; queryType: qtINDIRECT; ","itype: liBASE; ledgerHash: ""\351\312\376z\254\214\206B\274&M\032\376v\266\3104u)\r\312\021\273\030jJH\215G4\367f""; ledgerSeq: 45; queryType: qtINDIRECT; "
1750527675482,1750527675482,0,1,2,4,TMGetLedger,"itype: liBASE; ledgerHash: ""\351\312\376z\254\214\206B\274&M\032\376v\266\3104u)\r\312\021\273\030jJH\215G4\367f""; ledgerSeq: 45; queryType: qtINDIRECT; ","itype: liBASE; ledgerHash: ""\351\312\376z\254\214\206B\274&M\032\376v\266\3104u)\r\312\021\273\030jJH\215G4\367f""; ledgerSeq: 45; queryType: qtINDIRECT; "
1750527675482,1750527675483,0,1,2,4,TMValidation,"validation: """"\200\000\000\001&\000\000\000-)/\351\253;:p\210\265\307-\212\200\004Q\351\312\376z\254\214\206B\274&M\032\376v\266\3104u)\r\312\021\273\030jJH\215G4\367fP\027\000\000\000\000\000\000\000\000\000\000\000\000\000\000\000\000\000\000\000\000\000\000\000\000\000\000\000\000\000\000\000\000P\031\177X\227$\245tCB\345\314d\231A\300\204\371KJ\036\321\330\014]""EN\266$]\331\226cs!\002\364d\217\366\217|\316F\232\231\241\n\261\333`\312O\367\235\025DD\336e\367\n\312\326\221\037\025\230vG0E\002!\000\312\235\320<\366 \260\373\n\276\3353\275 >L'\027Ba\206\006\222\351\300J\307'\002\267/x\002 P\215\356\245\200z\r\303\204\262\322\2125:\327\030S\033|Y\361\223\240/\301\234\371E\207\342\352\356""; ","validation: """"\200\000\000\001&\000\000\000-)/\351\253;:p\210\265\307-\212\200\004Q\351\312\376z\254\214\206B\274&M\032\376v\266\3104u)\r\312\021\273\030jJH\215G4\367fP\027\000\000\000\000\000\000\000\000\000\000\000\000\000\000\000\000\000\000\000\000\000\000\000\000\000\000\000\000\000\000\000\000P\031\177X\227$\245tCB\345\314d\231A\300\204\371KJ\036\321\330\014]""EN\266$]\331\226cs!\002\364d\217\366\217|\316F\232\231\241\n\261\333`\312O\367\235\025DD\336e\367\n\312\326\221\037\025\230vG0E\002!\000\312\235\320<\366 \260\373\n\276\3353\275 >L'\027Ba\206\006\222\351\300J\307'\002\267/x\002 P\215\356\245\200z\r\303\204\262\322\2125:\327\030S\033|Y\361\223\240/\301\234\371E\207\342\352\356""; "
1750527675483,1750527675483,0,1,0,4,TMValidation,"validation: """"\200\000\000\001&\000\000\000-)/\351\253;:p\210\265\307-\212\200\004Q\351\312\376z\254\214\206B\274&M\032\376v\266\3104u)\r\312\021\273\030jJH\215G4\367fP\027\000\000\000\000\000\000\000\000\000\000\000\000\000\000\000\000\000\000\000\000\000\000\000\000\000\000\000\000\000\000\000\000P\031\177X\227$\245tCB\345\314d\231A\300\204\371KJ\036\321\330\014]""EN\266$]\331\226cs!\002\364d\217\366\217|\316F\232\231\241\n\261\333`\312O\367\235\025DD\336e\367\n\312\326\221\037\025\230vG0E\002!\000\312\235\320<\366 \260\373\n\276\3353\275 >L'\027Ba\206\006\222\351\300J\307'\002\267/x\002 P\215\356\245\200z\r\303\204\262\322\2125:\327\030S\033|Y\361\223\240/\301\234\371E\207\342\352\356""; ","validation: """"\200\000\000\001&\000\000\000-)/\351\253;:p\210\265\307-\212\200\004Q\351\312\376z\254\214\206B\274&M\032\376v\266\3104u)\r\312\021\273\030jJH\215G4\367fP\027\000\000\000\000\000\000\000\000\000\000\000\000\000\000\000\000\000\000\000\000\000\000\000\000\000\000\000\000\000\000\000\000P\031\177X\227$\245tCB\345\314d\231A\300\204\371KJ\036\321\330\014]""EN\266$]\331\226cs!\002\364d\217\366\217|\316F\232\231\241\n\261\333`\312O\367\235\025DD\336e\367\n\312\326\221\037\025\230vG0E\002!\000\312\235\320<\366 \260\373\n\276\3353\275 >L'\027Ba\206\006\222\351\300J\307'\002\267/x\002 P\215\356\245\200z\r\303\204\262\322\2125:\327\030S\033|Y\361\223\240/\301\234\371E\207\342\352\356""; "
1750527675483,1750527675483,0,1,0,4,TMGetLedger,"itype: liBASE; ledgerHash: ""\351\312\376z\254\214\206B\274&M\032\376v\266\3104u)\r\312\021\273\030jJH\215G4\367f""; ledgerSeq: 45; queryType: qtINDIRECT; ","itype: liBASE; ledgerHash: ""\351\312\376z\254\214\206B\274&M\032\376v\266\3104u)\r\312\021\273\030jJH\215G4\367f""; ledgerSeq: 45; queryType: qtINDIRECT; "
1750527675483,1750527675484,0,1,3,4,TMLedgerData,"ledgerHash: ""\351\312\376z\254\214\206B\274&M\032\376v\266\3104u)\r\312\021\273\030jJH\215G4\367f""; ledgerSeq: 45; type: liBASE; nodes {;   nodedata: ""\000\000\000-\001cEx]\211\377\330\177X\227$\245tCB\345\314d\231A\300\204\371KJ\036\321\330\014]""EN\266$]\331\226c\000\000\000\000\000\000\000\000\000\000\000\000\000\000\000\000\000\000\000\000\000\000\000\000\000\000\000\000\000\000\000\000\247G\374\223\234\370\311\261\341z\014\335E-k/%j\003\231M!y\355\275_\365\210\275\375Z\272/\351\2537/\351\2538\n\000""; }; nodes {;   nodedata: ""\323C\344\327\264{\312-\017:\006{\177\344N\002\326bO\260\220\006\033\362\345\005U\221DzJ0\001\301\025%1L\307\t\261\262z\374\222T\301\274V\236\223\262\270Ct\362\337b\356\024*\324\320\351\317\002k\336\234\027v\351\217\260\303\360\233ZPZWr\246$w\313\313\r\243r\232\2234\373\3539:N\004Q\245\272D\312D\300\300\t\323\0257\345e\271\na\215{\226\255x%T\257\037\333\004\344_/R\006E\344\037@\210\363\010\336T\226\247'\204_{\261\370""1\235\2445\343\033Y!\212\201\341\272\225'\007AV,U\014\211v\260/\032\021\337\221\023b\245C\373\215^\030c\352O\225\030\211G\202\253\342\271\013\003""; }; ","ledgerHash: ""\351\312\376z\254\214\206B\274&M\032\376v\266\3104u)\r\312\021\273\030jJH\215G4\367f""; ledgerSeq: 45; type: liBASE; nodes {;   nodedata: ""\000\000\000-\001cEx]\211\377\330\177X\227$\245tCB\345\314d\231A\300\204\371KJ\036\321\330\014]""EN\266$]\331\226c\000\000\000\000\000\000\000\000\000\000\000\000\000\000\000\000\000\000\000\000\000\000\000\000\000\000\000\000\000\000\000\000\247G\374\223\234\370\311\261\341z\014\335E-k/%j\003\231M!y\355\275_\365\210\275\375Z\272/\351\2537/\351\2538\n\000""; }; nodes {;   nodedata: ""\323C\344\327\264{\312-\017:\006{\177\344N\002\326bO\260\220\006\033\362\345\005U\221DzJ0\001\301\025%1L\307\t\261\262z\374\222T\301\274V\236\223\262\270Ct\362\337b\356\024*\324\320\351\317\002k\336\234\027v\351\217\260\303\360\233ZPZWr\246$w\313\313\r\243r\232\2234\373\3539:N\004Q\245\272D\312D\300\300\t\323\0257\345e\271\na\215{\226\255x%T\257\037\333\004\344_/R\006E\344\037@\210\363\010\336T\226\247'\204_{\261\370""1\235\2445\343\033Y!\212\201\341\272\225'\007AV,U\014\211v\260/\032\021\337\221\023b\245C\373\215^\030c\352O\225\030\211G\202\253\342\271\013\003""; }; "
1750527675484,1750527675484,0,1,1,3,TMGetLedger,"itype: liBASE; ledgerHash: ""\351\312\376z\254\214\206B\274&M\032\376v\266\3104u)\r\312\021\273\030jJH\215G4\367f""; requestCookie: 5; queryType: qtINDIRECT; ","itype: liBASE; ledgerHash: ""\351\312\376z\254\214\206B\274&M\032\376v\266\3104u)\r\312\021\273\030jJH\215G4\367f""; requestCookie: 5; queryType: qtINDIRECT; "
1750527675484,1750527675484,0,1,3,4,TMLedgerData,"ledgerHash: ""\351\312\376z\254\214\206B\274&M\032\376v\266\3104u)\r\312\021\273\030jJH\215G4\367f""; ledgerSeq: 45; type: liBASE; nodes {;   nodedata: ""\000\000\000-\001cEx]\211\377\330\177X\227$\245tCB\345\314d\231A\300\204\371KJ\036\321\330\014]""EN\266$]\331\226c\000\000\000\000\000\000\000\000\000\000\000\000\000\000\000\000\000\000\000\000\000\000\000\000\000\000\000\000\000\000\000\000\247G\374\223\234\370\311\261\341z\014\335E-k/%j\003\231M!y\355\275_\365\210\275\375Z\272/\351\2537/\351\2538\n\000""; }; nodes {;   nodedata: ""\323C\344\327\264{\312-\017:\006{\177\344N\002\326bO\260\220\006\033\362\345\005U\221DzJ0\001\301\025%1L\307\t\261\262z\374\222T\301\274V\236\223\262\270Ct\362\337b\356\024*\324\320\351\317\002k\336\234\027v\351\217\260\303\360\233ZPZWr\246$w\313\313\r\243r\232\2234\373\3539:N\004Q\245\272D\312D\300\300\t\323\0257\345e\271\na\215{\226\255x%T\257\037\333\004\344_/R\006E\344\037@\210\363\010\336T\226\247'\204_{\261\370""1\235\2445\343\033Y!\212\201\341\272\225'\007AV,U\014\211v\260/\032\021\337\221\023b\245C\373\215^\030c\352O\225\030\211G\202\253\342\271\013\003""; }; ","ledgerHash: ""\351\312\376z\254\214\206B\274&M\032\376v\266\3104u)\r\312\021\273\030jJH\215G4\367f""; ledgerSeq: 45; type: liBASE; nodes {;   nodedata: ""\000\000\000-\001cEx]\211\377\330\177X\227$\245tCB\345\314d\231A\300\204\371KJ\036\321\330\014]""EN\266$]\331\226c\000\000\000\000\000\000\000\000\000\000\000\000\000\000\000\000\000\000\000\000\000\000\000\000\000\000\000\000\000\000\000\000\247G\374\223\234\370\311\261\341z\014\335E-k/%j\003\231M!y\355\275_\365\210\275\375Z\272/\351\2537/\351\2538\n\000""; }; nodes {;   nodedata: ""\323C\344\327\264{\312-\017:\006{\177\344N\002\326bO\260\220\006\033\362\345\005U\221DzJ0\001\301\025%1L\307\t\261\262z\374\222T\301\274V\236\223\262\270Ct\362\337b\356\024*\324\320\351\317\002k\336\234\027v\351\217\260\303\360\233ZPZWr\246$w\313\313\r\243r\232\2234\373\3539:N\004Q\245\272D\312D\300\300\t\323\0257\345e\271\na\215{\226\255x%T\257\037\333\004\344_/R\006E\344\037@\210\363\010\336T\226\247'\204_{\261\370""1\235\2445\343\033Y!\212\201\341\272\225'\007AV,U\014\211v\260/\032\021\337\221\023b\245C\373\215^\030c\352O\225\030\211G\202\253\342\271\013\003""; }; "
1750527675485,1750527675485,0,1,3,1,TMLedgerData,"ledgerHash: ""\351\312\376z\254\214\206B\274&M\032\376v\266\3104u)\r\312\021\273\030jJH\215G4\367f""; ledgerSeq: 45; type: liBASE; nodes {;   nodedata: ""\000\000\000-\001cEx]\211\377\330\177X\227$\245tCB\345\314d\231A\300\204\371KJ\036\321\330\014]""EN\266$]\331\226c\000\000\000\000\000\000\000\000\000\000\000\000\000\000\000\000\000\000\000\000\000\000\000\000\000\000\000\000\000\000\000\000\247G\374\223\234\370\311\261\341z\014\335E-k/%j\003\231M!y\355\275_\365\210\275\375Z\272/\351\2537/\351\2538\n\000""; }; nodes {;   nodedata: ""\323C\344\327\264{\312-\017:\006{\177\344N\002\326bO\260\220\006\033\362\345\005U\221DzJ0\001\301\025%1L\307\t\261\262z\374\222T\301\274V\236\223\262\270Ct\362\337b\356\024*\324\320\351\317\002k\336\234\027v\351\217\260\303\360\233ZPZWr\246$w\313\313\r\243r\232\2234\373\3539:N\004Q\245\272D\312D\300\300\t\323\0257\345e\271\na\215{\226\255x%T\257\037\333\004\344_/R\006E\344\037@\210\363\010\336T\226\247'\204_{\261\370""1\235\2445\343\033Y!\212\201\341\272\225'\007AV,U\014\211v\260/\032\021\337\221\023b\245C\373\215^\030c\352O\225\030\211G\202\253\342\271\013\003""; }; ","ledgerHash: ""\351\312\376z\254\214\206B\274&M\032\376v\266\3104u)\r\312\021\273\030jJH\215G4\367f""; ledgerSeq: 45; type: liBASE; nodes {;   nodedata: ""\000\000\000-\001cEx]\211\377\330\177X\227$\245tCB\345\314d\231A\300\204\371KJ\036\321\330\014]""EN\266$]\331\226c\000\000\000\000\000\000\000\000\000\000\000\000\000\000\000\000\000\000\000\000\000\000\000\000\000\000\000\000\000\000\000\000\247G\374\223\234\370\311\261\341z\014\335E-k/%j\003\231M!y\355\275_\365\210\275\375Z\272/\351\2537/\351\2538\n\000""; }; nodes {;   nodedata: ""\323C\344\327\264{\312-\017:\006{\177\344N\002\326bO\260\220\006\033\362\345\005U\221DzJ0\001\301\025%1L\307\t\261\262z\374\222T\301\274V\236\223\262\270Ct\362\337b\356\024*\324\320\351\317\002k\336\234\027v\351\217\260\303\360\233ZPZWr\246$w\313\313\r\243r\232\2234\373\3539:N\004Q\245\272D\312D\300\300\t\323\0257\345e\271\na\215{\226\255x%T\257\037\333\004\344_/R\006E\344\037@\210\363\010\336T\226\247'\204_{\261\370""1\235\2445\343\033Y!\212\201\341\272\225'\007AV,U\014\211v\260/\032\021\337\221\023b\245C\373\215^\030c\352O\225\030\211G\202\253\342\271\013\003""; }; "
1750527675485,1750527675485,0,1,0,1,TMValidation,"validation: """"\200\000\000\001&\000\000\000-)/\351\253;:p\210\265\307-\212\200\004Q\351\312\376z\254\214\206B\274&M\032\376v\266\3104u)\r\312\021\273\030jJH\215G4\367fP\027\000\000\000\000\000\000\000\000\000\000\000\000\000\000\000\000\000\000\000\000\000\000\000\000\000\000\000\000\000\000\000\000P\031\177X\227$\245tCB\345\314d\231A\300\204\371KJ\036\321\330\014]""EN\266$]\331\226cs!\002\364d\217\366\217|\316F\232\231\241\n\261\333`\312O\367\235\025DD\336e\367\n\312\326\221\037\025\230vG0E\002!\000\312\235\320<\366 \260\373\n\276\3353\275 >L'\027Ba\206\006\222\351\300J\307'\002\267/x\002 P\215\356\245\200z\r\303\204\262\322\2125:\327\030S\033|Y\361\223\240/\301\234\371E\207\342\352\356""; ","validation: """"\200\000\000\001&\000\000\000-)/\351\253;:p\210\265\307-\212\200\004Q\351\312\376z\254\214\206B\274&M\032\376v\266\3104u)\r\312\021\273\030jJH\215G4\367fP\027\000\000\000\000\000\000\000\000\000\000\000\000\000\000\000\000\000\000\000\000\000\000\000\000\000\000\000\000\000\000\000\000P\031\177X\227$\245tCB\345\314d\231A\300\204\371KJ\036\321\330\014]""EN\266$]\331\226cs!\002\364d\217\366\217|\316F\232\231\241\n\261\333`\312O\367\235\025DD\336e\367\n\312\326\221\037\025\230vG0E\002!\000\312\235\320<\366 \260\373\n\276\3353\275 >L'\027Ba\206\006\222\351\300J\307'\002\267/x\002 P\215\356\245\200z\r\303\204\262\322\2125:\327\030S\033|Y\361\223\240/\301\234\371E\207\342\352\356""; "
1750527675486,1750527675486,0,1,0,1,TMGetLedger,"itype: liBASE; ledgerHash: ""\351\312\376z\254\214\206B\274&M\032\376v\266\3104u)\r\312\021\273\030jJH\215G4\367f""; ledgerSeq: 45; queryType: qtINDIRECT; ","itype: liBASE; ledgerHash: ""\351\312\376z\254\214\206B\274&M\032\376v\266\3104u)\r\312\021\273\030jJH\215G4\367f""; ledgerSeq: 45; queryType: qtINDIRECT; "
1750527675486,1750527675486,0,1,2,1,TMGetLedger,"itype: liBASE; ledgerHash: ""\351\312\376z\254\214\206B\274&M\032\376v\266\3104u)\r\312\021\273\030jJH\215G4\367f""; ledgerSeq: 45; queryType: qtINDIRECT; ","itype: liBASE; ledgerHash: ""\351\312\376z\254\214\206B\274&M\032\376v\266\3104u)\r\312\021\273\030jJH\215G4\367f""; ledgerSeq: 45; queryType: qtINDIRECT; "
1750527675486,1750527675486,0,1,2,1,TMValidation,"validation: """"\200\000\000\001&\000\000\000-)/\351\253;:p\210\265\307-\212\200\004Q\351\312\376z\254\214\206B\274&M\032\376v\266\3104u)\r\312\021\273\030jJH\215G4\367fP\027\000\000\000\000\000\000\000\000\000\000\000\000\000\000\000\000\000\000\000\000\000\000\000\000\000\000\000\000\000\000\000\000P\031\177X\227$\245tCB\345\314d\231A\300\204\371KJ\036\321\330\014]""EN\266$]\331\226cs!\002\364d\217\366\217|\316F\232\231\241\n\261\333`\312O\367\235\025DD\336e\367\n\312\326\221\037\025\230vG0E\002!\000\312\235\320<\366 \260\373\n\276\3353\275 >L'\027Ba\206\006\222\351\300J\307'\002\267/x\002 P\215\356\245\200z\r\303\204\262\322\2125:\327\030S\033|Y\361\223\240/\301\234\371E\207\342\352\356""; ","validation: """"\200\000\000\001&\000\000\000-)/\351\253;:p\210\265\307-\212\200\004Q\351\312\376z\254\214\206B\274&M\032\376v\266\3104u)\r\312\021\273\030jJH\215G4\367fP\027\000\000\000\000\000\000\000\000\000\000\000\000\000\000\000\000\000\000\000\000\000\000\000\000\000\000\000\000\000\000\000\000P\031\177X\227$\245tCB\345\314d\231A\300\204\371KJ\036\321\330\014]""EN\266$]\331\226cs!\002\364d\217\366\217|\316F\232\231\241\n\261\333`\312O\367\235\025DD\336e\367\n\312\326\221\037\025\230vG0E\002!\000\312\235\320<\366 \260\373\n\276\3353\275 >L'\027Ba\206\006\222\351\300J\307'\002\267/x\002 P\215\356\245\200z\r\303\204\262\322\2125:\327\030S\033|Y\361\223\240/\301\234\371E\207\342\352\356""; "
1750527675487,1750527675487,0,1,4,3,TMGetLedger,"itype: liBASE; ledgerHash: ""\351\312\376z\254\214\206B\274&M\032\376v\266\3104u)\r\312\021\273\030jJH\215G4\367f""; ledgerSeq: 45; requestCookie: 2; queryType: qtINDIRECT; ","itype: liBASE; ledgerHash: ""\351\312\376z\254\214\206B\274&M\032\376v\266\3104u)\r\312\021\273\030jJH\215G4\367f""; ledgerSeq: 45; requestCookie: 2; queryType: qtINDIRECT; "
1750527675487,1750527675487,0,1,3,1,TMLedgerData,"ledgerHash: ""\351\312\376z\254\214\206B\274&M\032\376v\266\3104u)\r\312\021\273\030jJH\215G4\367f""; ledgerSeq: 45; type: liBASE; nodes {;   nodedata: ""\000\000\000-\001cEx]\211\377\330\177X\227$\245tCB\345\314d\231A\300\204\371KJ\036\321\330\014]""EN\266$]\331\226c\000\000\000\000\000\000\000\000\000\000\000\000\000\000\000\000\000\000\000\000\000\000\000\000\000\000\000\000\000\000\000\000\247G\374\223\234\370\311\261\341z\014\335E-k/%j\003\231M!y\355\275_\365\210\275\375Z\272/\351\2537/\351\2538\n\000""; }; nodes {;   nodedata: ""\323C\344\327\264{\312-\017:\006{\177\344N\002\326bO\260\220\006\033\362\345\005U\221DzJ0\001\301\025%1L\307\t\261\262z\374\222T\301\274V\236\223\262\270Ct\362\337b\356\024*\324\320\351\317\002k\336\234\027v\351\217\260\303\360\233ZPZWr\246$w\313\313\r\243r\232\2234\373\3539:N\004Q\245\272D\312D\300\300\t\323\0257\345e\271\na\215{\226\255x%T\257\037\333\004\344_/R\006E\344\037@\210\363\010\336T\226\247'\204_{\261\370""1\235\2445\343\033Y!\212\201\341\272\225'\007AV,U\014\211v\260/\032\021\337\221\023b\245C\373\215^\030c\352O\225\030\211G\202\253\342\271\013\003""; }; ","ledgerHash: ""\351\312\376z\254\214\206B\274&M\032\376v\266\3104u)\r\312\021\273\030jJH\215G4\367f""; ledgerSeq: 45; type: liBASE; nodes {;   nodedata: ""\000\000\000-\001cEx]\211\377\330\177X\227$\245tCB\345\314d\231A\300\204\371KJ\036\321\330\014]""EN\266$]\331\226c\000\000\000\000\000\000\000\000\000\000\000\000\000\000\000\000\000\000\000\000\000\000\000\000\000\000\000\000\000\000\000\000\247G\374\223\234\370\311\261\341z\014\335E-k/%j\003\231M!y\355\275_\365\210\275\375Z\272/\351\2537/\351\2538\n\000""; }; nodes {;   nodedata: ""\323C\344\327\264{\312-\017:\006{\177\344N\002\326bO\260\220\006\033\362\345\005U\221DzJ0\001\301\025%1L\307\t\261\262z\374\222T\301\274V\236\223\262\270Ct\362\337b\356\024*\324\320\351\317\002k\336\234\027v\351\217\260\303\360\233ZPZWr\246$w\313\313\r\243r\232\2234\373\3539:N\004Q\245\272D\312D\300\300\t\323\0257\345e\271\na\215{\226\255x%T\257\037\333\004\344_/R\006E\344\037@\210\363\010\336T\226\247'\204_{\261\370""1\235\2445\343\033Y!\212\201\341\272\225'\007AV,U\014\211v\260/\032\021\337\221\023b\245C\373\215^\030c\352O\225\030\211G\202\253\342\271\013\003""; }; "
1750527675487,1750527675488,0,1,3,0,TMLedgerData,"ledgerHash: ""\351\312\376z\254\214\206B\274&M\032\376v\266\3104u)\r\312\021\273\030jJH\215G4\367f""; ledgerSeq: 45; type: liBASE; nodes {;   nodedata: ""\000\000\000-\001cEx]\211\377\330\177X\227$\245tCB\345\314d\231A\300\204\371KJ\036\321\330\014]""EN\266$]\331\226c\000\000\000\000\000\000\000\000\000\000\000\000\000\000\000\000\000\000\000\000\000\000\000\000\000\000\000\000\000\000\000\000\247G\374\223\234\370\311\261\341z\014\335E-k/%j\003\231M!y\355\275_\365\210\275\375Z\272/\351\2537/\351\2538\n\000""; }; nodes {;   nodedata: ""\323C\344\327\264{\312-\017:\006{\177\344N\002\326bO\260\220\006\033\362\345\005U\221DzJ0\001\301\025%1L\307\t\261\262z\374\222T\301\274V\236\223\262\270Ct\362\337b\356\024*\324\320\351\317\002k\336\234\027v\351\217\260\303\360\233ZPZWr\246$w\313\313\r\243r\232\2234\373\3539:N\004Q\245\272D\312D\300\300\t\323\0257\345e\271\na\215{\226\255x%T\257\037\333\004\344_/R\006E\344\037@\210\363\010\336T\226\247'\204_{\261\370""1\235\2445\343\033Y!\212\201\341\272\225'\007AV,U\014\211v\260/\032\021\337\221\023b\245C\373\215^\030c\352O\225\030\211G\202\253\342\271\013\003""; }; ","ledgerHash: ""\351\312\376z\254\214\206B\274&M\032\376v\266\3104u)\r\312\021\273\030jJH\215G4\367f""; ledgerSeq: 45; type: liBASE; nodes {;   nodedata: ""\000\000\000-\001cEx]\211\377\330\177X\227$\245tCB\345\314d\231A\300\204\371KJ\036\321\330\014]""EN\266$]\331\226c\000\000\000\000\000\000\000\000\000\000\000\000\000\000\000\000\000\000\000\000\000\000\000\000\000\000\000\000\000\000\000\000\247G\374\223\234\370\311\261\341z\014\335E-k/%j\003\231M!y\355\275_\365\210\275\375Z\272/\351\2537/\351\2538\n\000""; }; nodes {;   nodedata: ""\323C\344\327\264{\312-\017:\006{\177\344N\002\326bO\260\220\006\033\362\345\005U\221DzJ0\001\301\025%1L\307\t\261\262z\374\222T\301\274V\236\223\262\270Ct\362\337b\356\024*\324\320\351\317\002k\336\234\027v\351\217\260\303\360\233ZPZWr\246$w\313\313\r\243r\232\2234\373\3539:N\004Q\245\272D\312D\300\300\t\323\0257\345e\271\na\215{\226\255x%T\257\037\333\004\344_/R\006E\344\037@\210\363\010\336T\226\247'\204_{\261\370""1\235\2445\343\033Y!\212\201\341\272\225'\007AV,U\014\211v\260/\032\021\337\221\023b\245C\373\215^\030c\352O\225\030\211G\202\253\342\271\013\003""; }; "
1750527675488,1750527675488,0,1,2,0,TMGetLedger,"itype: liBASE; ledgerHash: ""\351\312\376z\254\214\206B\274&M\032\376v\266\3104u)\r\312\021\273\030jJH\215G4\367f""; ledgerSeq: 45; queryType: qtINDIRECT; ","itype: liBASE; ledgerHash: ""\351\312\376z\254\214\206B\274&M\032\376v\266\3104u)\r\312\021\273\030jJH\215G4\367f""; ledgerSeq: 45; queryType: qtINDIRECT; "
1750527675488,1750527675488,0,1,2,0,TMValidation,"validation: """"\200\000\000\001&\000\000\000-)/\351\253;:p\210\265\307-\212\200\004Q\351\312\376z\254\214\206B\274&M\032\376v\266\3104u)\r\312\021\273\030jJH\215G4\367fP\027\000\000\000\000\000\000\000\000\000\000\000\000\000\000\000\000\000\000\000\000\000\000\000\000\000\000\000\000\000\000\000\000P\031\177X\227$\245tCB\345\314d\231A\300\204\371KJ\036\321\330\014]""EN\266$]\331\226cs!\002\364d\217\366\217|\316F\232\231\241\n\261\333`\312O\367\235\025DD\336e\367\n\312\326\221\037\025\230vG0E\002!\000\312\235\320<\366 \260\373\n\276\3353\275 >L'\027Ba\206\006\222\351\300J\307'\002\267/x\002 P\215\356\245\200z\r\303\204\262\322\2125:\327\030S\033|Y\361\223\240/\301\234\371E\207\342\352\356""; ","validation: """"\200\000\000\001&\000\000\000-)/\351\253;:p\210\265\307-\212\200\004Q\351\312\376z\254\214\206B\274&M\032\376v\266\3104u)\r\312\021\273\030jJH\215G4\367fP\027\000\000\000\000\000\000\000\000\000\000\000\000\000\000\000\000\000\000\000\000\000\000\000\000\000\000\000\000\000\000\000\000P\031\177X\227$\245tCB\345\314d\231A\300\204\371KJ\036\321\330\014]""EN\266$]\331\226cs!\002\364d\217\366\217|\316F\232\231\241\n\261\333`\312O\367\235\025DD\336e\367\n\312\326\221\037\025\230vG0E\002!\000\312\235\320<\366 \260\373\n\276\3353\275 >L'\027Ba\206\006\222\351\300J\307'\002\267/x\002 P\215\356\245\200z\r\303\204\262\322\2125:\327\030S\033|Y\361\223\240/\301\234\371E\207\342\352\356""; "
1750527675489,1750527675489,0,1,2,3,TMGetLedger,"itype: liBASE; ledgerHash: ""\351\312\376z\254\214\206B\274&M\032\376v\266\3104u)\r\312\021\273\030jJH\215G4\367f""; ledgerSeq: 45; queryType: qtINDIRECT; ","itype: liBASE; ledgerHash: ""\351\312\376z\254\214\206B\274&M\032\376v\266\3104u)\r\312\021\273\030jJH\215G4\367f""; ledgerSeq: 45; queryType: qtINDIRECT; "
1750527675489,1750527675489,0,1,2,3,TMGetLedger,"itype: liBASE; ledgerHash: ""\351\312\376z\254\214\206B\274&M\032\376v\266\3104u)\r\312\021\273\030jJH\215G4\367f""; ledgerSeq: 45; requestCookie: 3; queryType: qtINDIRECT; ","itype: liBASE; ledgerHash: ""\351\312\376z\254\214\206B\274&M\032\376v\266\3104u)\r\312\021\273\030jJH\215G4\367f""; ledgerSeq: 45; requestCookie: 3; queryType: qtINDIRECT; "
1750527675489,1750527675489,0,1,2,3,TMGetLedger,"itype: liBASE; ledgerHash: ""\351\312\376z\254\214\206B\274&M\032\376v\266\3104u)\r\312\021\273\030jJH\215G4\367f""; requestCookie: 5; queryType: qtINDIRECT; ","itype: liBASE; ledgerHash: ""\351\312\376z\254\214\206B\274&M\032\376v\266\3104u)\r\312\021\273\030jJH\215G4\367f""; requestCookie: 5; queryType: qtINDIRECT; "
1750527675490,1750527675490,0,1,4,3,TMGetLedger,"itype: liBASE; ledgerHash: ""\351\312\376z\254\214\206B\274&M\032\376v\266\3104u)\r\312\021\273\030jJH\215G4\367f""; ledgerSeq: 45; requestCookie: 1; queryType: qtINDIRECT; ","itype: liBASE; ledgerHash: ""\351\312\376z\254\214\206B\274&M\032\376v\266\3104u)\r\312\021\273\030jJH\215G4\367f""; ledgerSeq: 45; requestCookie: 1; queryType: qtINDIRECT; "
1750527675490,1750527675490,0,1,4,3,TMGetLedger,"itype: liBASE; ledgerHash: ""\351\312\376z\254\214\206B\274&M\032\376v\266\3104u)\r\312\021\273\030jJH\215G4\367f""; ledgerSeq: 45; requestCookie: 3; queryType: qtINDIRECT; ","itype: liBASE; ledgerHash: ""\351\312\376z\254\214\206B\274&M\032\376v\266\3104u)\r\312\021\273\030jJH\215G4\367f""; ledgerSeq: 45; requestCookie: 3; queryType: qtINDIRECT; "
1750527675490,1750527675490,0,1,3,1,TMLedgerData,"ledgerHash: ""\351\312\376z\254\214\206B\274&M\032\376v\266\3104u)\r\312\021\273\030jJH\215G4\367f""; ledgerSeq: 45; type: liBASE; nodes {;   nodedata: ""\000\000\000-\001cEx]\211\377\330\177X\227$\245tCB\345\314d\231A\300\204\371KJ\036\321\330\014]""EN\266$]\331\226c\000\000\000\000\000\000\000\000\000\000\000\000\000\000\000\000\000\000\000\000\000\000\000\000\000\000\000\000\000\000\000\000\247G\374\223\234\370\311\261\341z\014\335E-k/%j\003\231M!y\355\275_\365\210\275\375Z\272/\351\2537/\351\2538\n\000""; }; nodes {;   nodedata: ""\323C\344\327\264{\312-\017:\006{\177\344N\002\326bO\260\220\006\033\362\345\005U\221DzJ0\001\301\025%1L\307\t\261\262z\374\222T\301\274V\236\223\262\270Ct\362\337b\356\024*\324\320\351\317\002k\336\234\027v\351\217\260\303\360\233ZPZWr\246$w\313\313\r\243r\232\2234\373\3539:N\004Q\245\272D\312D\300\300\t\323\0257\345e\271\na\215{\226\255x%T\257\037\333\004\344_/R\006E\344\037@\210\363\010\336T\226\247'\204_{\261\370""1\235\2445\343\033Y!\212\201\341\272\225'\007AV,U\014\211v\260/\032\021\337\221\023b\245C\373\215^\030c\352O\225\030\211G\202\253\342\271\013\003""; }; requestCookie: 5; ","ledgerHash: ""\351\312\376z\254\214\206B\274&M\032\376v\266\3104u)\r\312\021\273\030jJH\215G4\367f""; ledgerSeq: 45; type: liBASE; nodes {;   nodedata: ""\000\000\000-\001cEx]\211\377\330\177X\227$\245tCB\345\314d\231A\300\204\371KJ\036\321\330\014]""EN\266$]\331\226c\000\000\000\000\000\000\000\000\000\000\000\000\000\000\000\000\000\000\000\000\000\000\000\000\000\000\000\000\000\000\000\000\247G\374\223\234\370\311\261\341z\014\335E-k/%j\003\231M!y\355\275_\365\210\275\375Z\272/\351\2537/\351\2538\n\000""; }; nodes {;   nodedata: ""\323C\344\327\264{\312-\017:\006{\177\344N\002\326bO\260\220\006\033\362\345\005U\221DzJ0\001\301\025%1L\307\t\261\262z\374\222T\301\274V\236\223\262\270Ct\362\337b\356\024*\324\320\351\317\002k\336\234\027v\351\217\260\303\360\233ZPZWr\246$w\313\313\r\243r\232\2234\373\3539:N\004Q\245\272D\312D\300\300\t\323\0257\345e\271\na\215{\226\255x%T\257\037\333\004\344_/R\006E\344\037@\210\363\010\336T\226\247'\204_{\261\370""1\235\2445\343\033Y!\212\201\341\272\225'\007AV,U\014\211v\260/\032\021\337\221\023b\245C\373\215^\030c\352O\225\030\211G\202\253\342\271\013\003""; }; requestCookie: 5; "
1750527675491,1750527675491,0,1,4,3,TMGetLedger,"itype: liAS_NODE; ledgerHash: ""\351\312\376z\254\214\206B\274&M\032\376v\266\3104u)\r\312\021\273\030jJH\215G4\367f""; ledgerSeq: 45; nodeIDs: ""\260\000\000\000\000\000\000\000\000\000\000\000\000\000\000\000\000\000\000\000\000\000\000\000\000\000\000\000\000\000\000\000\001""; queryType: qtINDIRECT; queryDepth: 1; ","itype: liAS_NODE; ledgerHash: ""\351\312\376z\254\214\206B\274&M\032\376v\266\3104u)\r\312\021\273\030jJH\215G4\367f""; ledgerSeq: 45; nodeIDs: ""\260\000\000\000\000\000\000\000\000\000\000\000\000\000\000\000\000\000\000\000\000\000\000\000\000\000\000\000\000\000\000\000\001""; queryType: qtINDIRECT; queryDepth: 1; "
1750527675491,1750527675491,0,1,1,3,TMGetLedger,"itype: liAS_NODE; ledgerHash: ""\351\312\376z\254\214\206B\274&M\032\376v\266\3104u)\r\312\021\273\030jJH\215G4\367f""; ledgerSeq: 45; nodeIDs: ""\260\000\000\000\000\000\000\000\000\000\000\000\000\000\000\000\000\000\000\000\000\000\000\000\000\000\000\000\000\000\000\000\001""; queryType: qtINDIRECT; queryDepth: 1; ","itype: liAS_NODE; ledgerHash: ""\351\312\376z\254\214\206B\274&M\032\376v\266\3104u)\r\312\021\273\030jJH\215G4\367f""; ledgerSeq: 45; nodeIDs: ""\260\000\000\000\000\000\000\000\000\000\000\000\000\000\000\000\000\000\000\000\000\000\000\000\000\000\000\000\000\000\000\000\001""; queryType: qtINDIRECT; queryDepth: 1; "
1750527675491,1750527675492,0,1,3,4,TMLedgerData,"ledgerHash: ""\351\312\376z\254\214\206B\274&M\032\376v\266\3104u)\r\312\021\273\030jJH\215G4\367f""; ledgerSeq: 45; type: liBASE; nodes {;   nodedata: ""\000\000\000-\001cEx]\211\377\330\177X\227$\245tCB\345\314d\231A\300\204\371KJ\036\321\330\014]""EN\266$]\331\226c\000\000\000\000\000\000\000\000\000\000\000\000\000\000\000\000\000\000\000\000\000\000\000\000\000\000\000\000\000\000\000\000\247G\374\223\234\370\311\261\341z\014\335E-k/%j\003\231M!y\355\275_\365\210\275\375Z\272/\351\2537/\351\2538\n\000""; }; nodes {;   nodedata: ""\323C\344\327\264{\312-\017:\006{\177\344N\002\326bO\260\220\006\033\362\345\005U\221DzJ0\001\301\025%1L\307\t\261\262z\374\222T\301\274V\236\223\262\270Ct\362\337b\356\024*\324\320\351\317\002k\336\234\027v\351\217\260\303\360\233ZPZWr\246$w\313\313\r\243r\232\2234\373\3539:N\004Q\245\272D\312D\300\300\t\323\0257\345e\271\na\215{\226\255x%T\257\037\333\004\344_/R\006E\344\037@\210\363\010\336T\226\247'\204_{\261\370""1\235\2445\343\033Y!\212\201\341\272\225'\007AV,U\014\211v\260/\032\021\337\221\023b\245C\373\215^\030c\352O\225\030\211G\202\253\342\271\013\003""; }; requestCookie: 2; ","ledgerHash: ""\351\312\376z\254\214\206B\274&M\032\376v\266\3104u)\r\312\021\273\030jJH\215G4\367f""; ledgerSeq: 45; type: liBASE; nodes {;   nodedata: ""\000\000\000-\001cEx]\211\377\330\177X\227$\245tCB\345\314d\231A\300\204\371KJ\036\321\330\014]""EN\266$]\331\226c\000\000\000\000\000\000\000\000\000\000\000\000\000\000\000\000\000\000\000\000\000\000\000\000\000\000\000\000\000\000\000\000\247G\374\223\234\370\311\261\341z\014\335E-k/%j\003\231M!y\355\275_\365\210\275\375Z\272/\351\2537/\351\2538\n\000""; }; nodes {;   nodedata: ""\323C\344\327\264{\312-\017:\006{\177\344N\002\326bO\260\220\006\033\362\345\005U\221DzJ0\001\301\025%1L\307\t\261\262z\374\222T\301\274V\236\223\262\270Ct\362\337b\356\024*\324\320\351\317\002k\336\234\027v\351\217\260\303\360\233ZPZWr\246$w\313\313\r\243r\232\2234\373\3539:N\004Q\245\272D\312D\300\300\t\323\0257\345e\271\na\215{\226\255x%T\257\037\333\004\344_/R\006E\344\037@\210\363\010\336T\226\247'\204_{\261\370""1\235\2445\343\033Y!\212\201\341\272\225'\007AV,U\014\211v\260/\032\021\337\221\023b\245C\373\215^\030c\352O\225\030\211G\202\253\342\271\013\003""; }; requestCookie: 2; "
1750527675492,1750527675492,0,1,1,3,TMGetLedger,"itype: liBASE; ledgerHash: ""\351\312\376z\254\214\206B\274&M\032\376v\266\3104u)\r\312\021\273\030jJH\215G4\367f""; ledgerSeq: 45; requestCookie: 3; queryType: qtINDIRECT; ","itype: liBASE; ledgerHash: ""\351\312\376z\254\214\206B\274&M\032\376v\266\3104u)\r\312\021\273\030jJH\215G4\367f""; ledgerSeq: 45; requestCookie: 3; queryType: qtINDIRECT; "
1750527675492,1750527675492,0,1,1,3,TMGetLedger,"itype: liBASE; ledgerHash: ""\351\312\376z\254\214\206B\274&M\032\376v\266\3104u)\r\312\021\273\030jJH\215G4\367f""; ledgerSeq: 45; requestCookie: 2; queryType: qtINDIRECT; ","itype: liBASE; ledgerHash: ""\351\312\376z\254\214\206B\274&M\032\376v\266\3104u)\r\312\021\273\030jJH\215G4\367f""; ledgerSeq: 45; requestCookie: 2; queryType: qtINDIRECT; "
1750527675493,1750527675493,0,1,0,3,TMGetLedger,"itype: liBASE; ledgerHash: ""\351\312\376z\254\214\206B\274&M\032\376v\266\3104u)\r\312\021\273\030jJH\215G4\367f""; ledgerSeq: 45; queryType: qtINDIRECT; ","itype: liBASE; ledgerHash: ""\351\312\376z\254\214\206B\274&M\032\376v\266\3104u)\r\312\021\273\030jJH\215G4\367f""; ledgerSeq: 45; queryType: qtINDIRECT; "
1750527675493,1750527675493,0,1,0,3,TMGetLedger,"itype: liBASE; ledgerHash: ""\351\312\376z\254\214\206B\274&M\032\376v\266\3104u)\r\312\021\273\030jJH\215G4\367f""; requestCookie: 5; queryType: qtINDIRECT; ","itype: liBASE; ledgerHash: ""\351\312\376z\254\214\206B\274&M\032\376v\266\3104u)\r\312\021\273\030jJH\215G4\367f""; requestCookie: 5; queryType: qtINDIRECT; "
1750527675494,1750527675494,0,1,0,3,TMGetLedger,"itype: liBASE; ledgerHash: ""\351\312\376z\254\214\206B\274&M\032\376v\266\3104u)\r\312\021\273\030jJH\215G4\367f""; ledgerSeq: 45; requestCookie: 2; queryType: qtINDIRECT; ","itype: liBASE; ledgerHash: ""\351\312\376z\254\214\206B\274&M\032\376v\266\3104u)\r\312\021\273\030jJH\215G4\367f""; ledgerSeq: 45; requestCookie: 2; queryType: qtINDIRECT; "
1750527675494,1750527675494,0,1,3,2,TMLedgerData,"ledgerHash: ""\351\312\376z\254\214\206B\274&M\032\376v\266\3104u)\r\312\021\273\030jJH\215G4\367f""; ledgerSeq: 45; type: liBASE; nodes {;   nodedata: ""\000\000\000-\001cEx]\211\377\330\177X\227$\245tCB\345\314d\231A\300\204\371KJ\036\321\330\014]""EN\266$]\331\226c\000\000\000\000\000\000\000\000\000\000\000\000\000\000\000\000\000\000\000\000\000\000\000\000\000\000\000\000\000\000\000\000\247G\374\223\234\370\311\261\341z\014\335E-k/%j\003\231M!y\355\275_\365\210\275\375Z\272/\351\2537/\351\2538\n\000""; }; nodes {;   nodedata: ""\323C\344\327\264{\312-\017:\006{\177\344N\002\326bO\260\220\006\033\362\345\005U\221DzJ0\001\301\025%1L\307\t\261\262z\374\222T\301\274V\236\223\262\270Ct\362\337b\356\024*\324\320\351\317\002k\336\234\027v\351\217\260\303\360\233ZPZWr\246$w\313\313\r\243r\232\2234\373\3539:N\004Q\245\272D\312D\300\300\t\323\0257\345e\271\na\215{\226\255x%T\257\037\333\004\344_/R\006E\344\037@\210\363\010\336T\226\247'\204_{\261\370""1\235\2445\343\033Y!\212\201\341\272\225'\007AV,U\014\211v\260/\032\021\337\221\023b\245C\373\215^\030c\352O\225\030\211G\202\253\342\271\013\003""; }; ","ledgerHash: ""\351\312\376z\254\214\206B\274&M\032\376v\266\3104u)\r\312\021\273\030jJH\215G4\367f""; ledgerSeq: 45; type: liBASE; nodes {;   nodedata: ""\000\000\000-\001cEx]\211\377\330\177X\227$\245tCB\345\314d\231A\300\204\371KJ\036\321\330\014]""EN\266$]\331\226c\000\000\000\000\000\000\000\000\000\000\000\000\000\000\000\000\000\000\000\000\000\000\000\000\000\000\000\000\000\000\000\000\247G\374\223\234\370\311\261\341z\014\335E-k/%j\003\231M!y\355\275_\365\210\275\375Z\272/\351\2537/\351\2538\n\000""; }; nodes {;   nodedata: ""\323C\344\327\264{\312-\017:\006{\177\344N\002\326bO\260\220\006\033\362\345\005U\221DzJ0\001\301\025%1L\307\t\261\262z\374\222T\301\274V\236\223\262\270Ct\362\337b\356\024*\324\320\351\317\002k\336\234\027v\351\217\260\303\360\233ZPZWr\246$w\313\313\r\243r\232\2234\373\3539:N\004Q\245\272D\312D\300\300\t\323\0257\345e\271\na\215{\226\255x%T\257\037\333\004\344_/R\006E\344\037@\210\363\010\336T\226\247'\204_{\261\370""1\235\2445\343\033Y!\212\201\341\272\225'\007AV,U\014\211v\260/\032\021\337\221\023b\245C\373\215^\030c\352O\225\030\211G\202\253\342\271\013\003""; }; "
1750527675495,1750527675495,0,1,3,2,TMLedgerData,"ledgerHash: ""\351\312\376z\254\214\206B\274&M\032\376v\266\3104u)\r\312\021\273\030jJH\215G4\367f""; ledgerSeq: 45; type: liBASE; nodes {;   nodedata: ""\000\000\000-\001cEx]\211\377\330\177X\227$\245tCB\345\314d\231A\300\204\371KJ\036\321\330\014]""EN\266$]\331\226c\000\000\000\000\000\000\000\000\000\000\000\000\000\000\000\000\000\000\000\000\000\000\000\000\000\000\000\000\000\000\000\000\247G\374\223\234\370\311\261\341z\014\335E-k/%j\003\231M!y\355\275_\365\210\275\375Z\272/\351\2537/\351\2538\n\000""; }; nodes {;   nodedata: ""\323C\344\327\264{\312-\017:\006{\177\344N\002\326bO\260\220\006\033\362\345\005U\221DzJ0\001\301\025%1L\307\t\261\262z\374\222T\301\274V\236\223\262\270Ct\362\337b\356\024*\324\320\351\317\002k\336\234\027v\351\217\260\303\360\233ZPZWr\246$w\313\313\r\243r\232\2234\373\3539:N\004Q\245\272D\312D\300\300\t\323\0257\345e\271\na\215{\226\255x%T\257\037\333\004\344_/R\006E\344\037@\210\363\010\336T\226\247'\204_{\261\370""1\235\2445\343\033Y!\212\201\341\272\225'\007AV,U\014\211v\260/\032\021\337\221\023b\245C\373\215^\030c\352O\225\030\211G\202\253\342\271\013\003""; }; requestCookie: 3; ","ledgerHash: ""\351\312\376z\254\214\206B\274&M\032\376v\266\3104u)\r\312\021\273\030jJH\215G4\367f""; ledgerSeq: 45; type: liBASE; nodes {;   nodedata: ""\000\000\000-\001cEx]\211\377\330\177X\227$\245tCB\345\314d\231A\300\204\371KJ\036\321\330\014]""EN\266$]\331\226c\000\000\000\000\000\000\000\000\000\000\000\000\000\000\000\000\000\000\000\000\000\000\000\000\000\000\000\000\000\000\000\000\247G\374\223\234\370\311\261\341z\014\335E-k/%j\003\231M!y\355\275_\365\210\275\375Z\272/\351\2537/\351\2538\n\000""; }; nodes {;   nodedata: ""\323C\344\327\264{\312-\017:\006{\177\344N\002\326bO\260\220\006\033\362\345\005U\221DzJ0\001\301\025%1L\307\t\261\262z\374\222T\301\274V\236\223\262\270Ct\362\337b\356\024*\324\320\351\317\002k\336\234\027v\351\217\260\303\360\233ZPZWr\246$w\313\313\r\243r\232\2234\373\3539:N\004Q\245\272D\312D\300\300\t\323\0257\345e\271\na\215{\226\255x%T\257\037\333\004\344_/R\006E\344\037@\210\363\010\336T\226\247'\204_{\261\370""1\235\2445\343\033Y!\212\201\341\272\225'\007AV,U\014\211v\260/\032\021\337\221\023b\245C\373\215^\030c\352O\225\030\211G\202\253\342\271\013\003""; }; requestCookie: 3; "
1750527675495,1750527675495,0,1,3,2,TMLedgerData,"ledgerHash: ""\351\312\376z\254\214\206B\274&M\032\376v\266\3104u)\r\312\021\273\030jJH\215G4\367f""; ledgerSeq: 45; type: liBASE; nodes {;   nodedata: ""\000\000\000-\001cEx]\211\377\330\177X\227$\245tCB\345\314d\231A\300\204\371KJ\036\321\330\014]""EN\266$]\331\226c\000\000\000\000\000\000\000\000\000\000\000\000\000\000\000\000\000\000\000\000\000\000\000\000\000\000\000\000\000\000\000\000\247G\374\223\234\370\311\261\341z\014\335E-k/%j\003\231M!y\355\275_\365\210\275\375Z\272/\351\2537/\351\2538\n\000""; }; nodes {;   nodedata: ""\323C\344\327\264{\312-\017:\006{\177\344N\002\326bO\260\220\006\033\362\345\005U\221DzJ0\001\301\025%1L\307\t\261\262z\374\222T\301\274V\236\223\262\270Ct\362\337b\356\024*\324\320\351\317\002k\336\234\027v\351\217\260\303\360\233ZPZWr\246$w\313\313\r\243r\232\2234\373\3539:N\004Q\245\272D\312D\300\300\t\323\0257\345e\271\na\215{\226\255x%T\257\037\333\004\344_/R\006E\344\037@\210\363\010\336T\226\247'\204_{\261\370""1\235\2445\343\033Y!\212\201\341\272\225'\007AV,U\014\211v\260/\032\021\337\221\023b\245C\373\215^\030c\352O\225\030\211G\202\253\342\271\013\003""; }; requestCookie: 5; ","ledgerHash: ""\351\312\376z\254\214\206B\274&M\032\376v\266\3104u)\r\312\021\273\030jJH\215G4\367f""; ledgerSeq: 45; type: liBASE; nodes {;   nodedata: ""\000\000\000-\001cEx]\211\377\330\177X\227$\245tCB\345\314d\231A\300\204\371KJ\036\321\330\014]""EN\266$]\331\226c\000\000\000\000\000\000\000\000\000\000\000\000\000\000\000\000\000\000\000\000\000\000\000\000\000\000\000\000\000\000\000\000\247G\374\223\234\370\311\261\341z\014\335E-k/%j\003\231M!y\355\275_\365\210\275\375Z\272/\351\2537/\351\2538\n\000""; }; nodes {;   nodedata: ""\323C\344\327\264{\312-\017:\006{\177\344N\002\326bO\260\220\006\033\362\345\005U\221DzJ0\001\301\025%1L\307\t\261\262z\374\222T\301\274V\236\223\262\270Ct\362\337b\356\024*\324\320\351\317\002k\336\234\027v\351\217\260\303\360\233ZPZWr\246$w\313\313\r\243r\232\2234\373\3539:N\004Q\245\272D\312D\300\300\t\323\0257\345e\271\na\215{\226\255x%T\257\037\333\004\344_/R\006E\344\037@\210\363\010\336T\226\247'\204_{\261\370""1\235\2445\343\033Y!\212\201\341\272\225'\007AV,U\014\211v\260/\032\021\337\221\023b\245C\373\215^\030c\352O\225\030\211G\202\253\342\271\013\003""; }; requestCookie: 5; "
1750527675496,1750527675496,0,1,3,4,TMLedgerData,"ledgerHash: ""\351\312\376z\254\214\206B\274&M\032\376v\266\3104u)\r\312\021\273\030jJH\215G4\367f""; ledgerSeq: 45; type: liBASE; nodes {;   nodedata: ""\000\000\000-\001cEx]\211\377\330\177X\227$\245tCB\345\314d\231A\300\204\371KJ\036\321\330\014]""EN\266$]\331\226c\000\000\000\000\000\000\000\000\000\000\000\000\000\000\000\000\000\000\000\000\000\000\000\000\000\000\000\000\000\000\000\000\247G\374\223\234\370\311\261\341z\014\335E-k/%j\003\231M!y\355\275_\365\210\275\375Z\272/\351\2537/\351\2538\n\000""; }; nodes {;   nodedata: ""\323C\344\327\264{\312-\017:\006{\177\344N\002\326bO\260\220\006\033\362\345\005U\221DzJ0\001\301\025%1L\307\t\261\262z\374\222T\301\274V\236\223\262\270Ct\362\337b\356\024*\324\320\351\317\002k\336\234\027v\351\217\260\303\360\233ZPZWr\246$w\313\313\r\243r\232\2234\373\3539:N\004Q\245\272D\312D\300\300\t\323\0257\345e\271\na\215{\226\255x%T\257\037\333\004\344_/R\006E\344\037@\210\363\010\336T\226\247'\204_{\261\370""1\235\2445\343\033Y!\212\201\341\272\225'\007AV,U\014\211v\260/\032\021\337\221\023b\245C\373\215^\030c\352O\225\030\211G\202\253\342\271\013\003""; }; requestCookie: 1; ","ledgerHash: ""\351\312\376z\254\214\206B\274&M\032\376v\266\3104u)\r\312\021\273\030jJH\215G4\367f""; ledgerSeq: 45; type: liBASE; nodes {;   nodedata: ""\000\000\000-\001cEx]\211\377\330\177X\227$\245tCB\345\314d\231A\300\204\371KJ\036\321\330\014]""EN\266$]\331\226c\000\000\000\000\000\000\000\000\000\000\000\000\000\000\000\000\000\000\000\000\000\000\000\000\000\000\000\000\000\000\000\000\247G\374\223\234\370\311\261\341z\014\335E-k/%j\003\231M!y\355\275_\365\210\275\375Z\272/\351\2537/\351\2538\n\000""; }; nodes {;   nodedata: ""\323C\344\327\264{\312-\017:\006{\177\344N\002\326bO\260\220\006\033\362\345\005U\221DzJ0\001\301\025%1L\307\t\261\262z\374\222T\301\274V\236\223\262\270Ct\362\337b\356\024*\324\320\351\317\002k\336\234\027v\351\217\260\303\360\233ZPZWr\246$w\313\313\r\243r\232\2234\373\3539:N\004Q\245\272D\312D\300\300\t\323\0257\345e\271\na\215{\226\255x%T\257\037\333\004\344_/R\006E\344\037@\210\363\010\336T\226\247'\204_{\261\370""1\235\2445\343\033Y!\212\201\341\272\225'\007AV,U\014\211v\260/\032\021\337\221\023b\245C\373\215^\030c\352O\225\030\211G\202\253\342\271\013\003""; }; requestCookie: 1; "
1750527675496,1750527675496,0,1,3,4,TMLedgerData,"ledgerHash: ""\351\312\376z\254\214\206B\274&M\032\376v\266\3104u)\r\312\021\273\030jJH\215G4\367f""; ledgerSeq: 45; type: liBASE; nodes {;   nodedata: ""\000\000\000-\001cEx]\211\377\330\177X\227$\245tCB\345\314d\231A\300\204\371KJ\036\321\330\014]""EN\266$]\331\226c\000\000\000\000\000\000\000\000\000\000\000\000\000\000\000\000\000\000\000\000\000\000\000\000\000\000\000\000\000\000\000\000\247G\374\223\234\370\311\261\341z\014\335E-k/%j\003\231M!y\355\275_\365\210\275\375Z\272/\351\2537/\351\2538\n\000""; }; nodes {;   nodedata: ""\323C\344\327\264{\312-\017:\006{\177\344N\002\326bO\260\220\006\033\362\345\005U\221DzJ0\001\301\025%1L\307\t\261\262z\374\222T\301\274V\236\223\262\270Ct\362\337b\356\024*\324\320\351\317\002k\336\234\027v\351\217\260\303\360\233ZPZWr\246$w\313\313\r\243r\232\2234\373\3539:N\004Q\245\272D\312D\300\300\t\323\0257\345e\271\na\215{\226\255x%T\257\037\333\004\344_/R\006E\344\037@\210\363\010\336T\226\247'\204_{\261\370""1\235\2445\343\033Y!\212\201\341\272\225'\007AV,U\014\211v\260/\032\021\337\221\023b\245C\373\215^\030c\352O\225\030\211G\202\253\342\271\013\003""; }; requestCookie: 3; ","ledgerHash: ""\351\312\376z\254\214\206B\274&M\032\376v\266\3104u)\r\312\021\273\030jJH\215G4\367f""; ledgerSeq: 45; type: liBASE; nodes {;   nodedata: ""\000\000\000-\001cEx]\211\377\330\177X\227$\245tCB\345\314d\231A\300\204\371KJ\036\321\330\014]""EN\266$]\331\226c\000\000\000\000\000\000\000\000\000\000\000\000\000\000\000\000\000\000\000\000\000\000\000\000\000\000\000\000\000\000\000\000\247G\374\223\234\370\311\261\341z\014\335E-k/%j\003\231M!y\355\275_\365\210\275\375Z\272/\351\2537/\351\2538\n\000""; }; nodes {;   nodedata: ""\323C\344\327\264{\312-\017:\006{\177\344N\002\326bO\260\220\006\033\362\345\005U\221DzJ0\001\301\025%1L\307\t\261\262z\374\222T\301\274V\236\223\262\270Ct\362\337b\356\024*\324\320\351\317\002k\336\234\027v\351\217\260\303\360\233ZPZWr\246$w\313\313\r\243r\232\2234\373\3539:N\004Q\245\272D\312D\300\300\t\323\0257\345e\271\na\215{\226\255x%T\257\037\333\004\344_/R\006E\344\037@\210\363\010\336T\226\247'\204_{\261\370""1\235\2445\343\033Y!\212\201\341\272\225'\007AV,U\014\211v\260/\032\021\337\221\023b\245C\373\215^\030c\352O\225\030\211G\202\253\342\271\013\003""; }; requestCookie: 3; "
1750527675497,1750527675497,0,1,1,4,TMLedgerData,"ledgerHash: ""\351\312\376z\254\214\206B\274&M\032\376v\266\3104u)\r\312\021\273\030jJH\215G4\367f""; ledgerSeq: 45; type: liBASE; nodes {;   nodedata: ""\000\000\000-\001cEx]\211\377\330\177X\227$\245tCB\345\314d\231A\300\204\371KJ\036\321\330\014]""EN\266$]\331\226c\000\000\000\000\000\000\000\000\000\000\000\000\000\000\000\000\000\000\000\000\000\000\000\000\000\000\000\000\000\000\000\000\247G\374\223\234\370\311\261\341z\014\335E-k/%j\003\231M!y\355\275_\365\210\275\375Z\272/\351\2537/\351\2538\n\000""; }; nodes {;   nodedata: ""\323C\344\327\264{\312-\017:\006{\177\344N\002\326bO\260\220\006\033\362\345\005U\221DzJ0\001\301\025%1L\307\t\261\262z\374\222T\301\274V\236\223\262\270Ct\362\337b\356\024*\324\320\351\317\002k\336\234\027v\351\217\260\303\360\233ZPZWr\246$w\313\313\r\243r\232\2234\373\3539:N\004Q\245\272D\312D\300\300\t\323\0257\345e\271\na\215{\226\255x%T\257\037\333\004\344_/R\006E\344\037@\210\363\010\336T\226\247'\204_{\261\370""1\235\2445\343\033Y!\212\201\341\272\225'\007AV,U\014\211v\260/\032\021\337\221\023b\245C\373\215^\030c\352O\225\030\211G\202\253\342\271\013\003""; }; ","ledgerHash: ""\351\312\376z\254\214\206B\274&M\032\376v\266\3104u)\r\312\021\273\030jJH\215G4\367f""; ledgerSeq: 45; type: liBASE; nodes {;   nodedata: ""\000\000\000-\001cEx]\211\377\330\177X\227$\245tCB\345\314d\231A\300\204\371KJ\036\321\330\014]""EN\266$]\331\226c\000\000\000\000\000\000\000\000\000\000\000\000\000\000\000\000\000\000\000\000\000\000\000\000\000\000\000\000\000\000\000\000\247G\374\223\234\370\311\261\341z\014\335E-k/%j\003\231M!y\355\275_\365\210\275\375Z\272/\351\2537/\351\2538\n\000""; }; nodes {;   nodedata: ""\323C\344\327\264{\312-\017:\006{\177\344N\002\326bO\260\220\006\033\362\345\005U\221DzJ0\001\301\025%1L\307\t\261\262z\374\222T\301\274V\236\223\262\270Ct\362\337b\356\024*\324\320\351\317\002k\336\234\027v\351\217\260\303\360\233ZPZWr\246$w\313\313\r\243r\232\2234\373\3539:N\004Q\245\272D\312D\300\300\t\323\0257\345e\271\na\215{\226\255x%T\257\037\333\004\344_/R\006E\344\037@\210\363\010\336T\226\247'\204_{\261\370""1\235\2445\343\033Y!\212\201\341\272\225'\007AV,U\014\211v\260/\032\021\337\221\023b\245C\373\215^\030c\352O\225\030\211G\202\253\342\271\013\003""; }; "
1750527675497,1750527675497,0,1,3,4,TMLedgerData,"ledgerHash: ""\351\312\376z\254\214\206B\274&M\032\376v\266\3104u)\r\312\021\273\030jJH\215G4\367f""; ledgerSeq: 45; type: liAS_NODE; nodes {;   nodedata: ""\021\000h""\000\000\000\000 \033\000\000\000,\002\023\305\337\330\356GuH\375\327!\255\371\r\231\262R\256J\034\222\241\355X\265E\241^W\225\304\014\361CX-}\351f\032\255\274\334m\326c\017\014ao[\342\230\003\245\245\3341Hm\326^\017jy\335\261\032Yt\320\244{g\0306\\302\303*\341\215\223\257\364\277o\375\000r\241SOq\221\253\262\005\017\375T\356\014\360o'\030\311-\267\031\257!\031T\006><\315XM\334\324\345\034\000\325\367\240\271\013\265\024\321\362\354\211\250.\234s\225amc\305\035\366\276\037nD\277`\210\223N\3535\033\261\304f\331]\036\237\306o!\223\221\002\324\031\262\240R\177 ,\214\325\Q])\016\2067\277\t\354\010\000\360\215\2502\265\245\310\226\243c\302Ze\306\253#r\020\211\320iG\276\020E\317\035Sf\223F\254\033@\177e\277\016\010u\327\371&\262\312\317Q\2361t\377x\234\001v\003%\030\325_\225g\204\346a=\225\273\331\354\365*U\363\263N\367b\371\244\314-w\363\262\225Z\200\206\235\233\257?sE\2674\254\326mU\377?\177Ek\336\030!\316Aa\225\303\022\377{\210Y\226\271as\354L\035\004\341\361\035\301\024\220m#*\372\032\3178~\374\250\014*\323\342'z69\220\327\256\351G\367\317u\302\207\270b\315\333\333\334\310I\323&\014\352XZnW2.\335\347\202\021\247\362\212e\034\000\001\250\220\305;a\314\265R\310\017\317\331\235\360\262\240:\277\202\266\354\265X""\022\nh\252\352w\204\203\023]\001f\352\277\0031Q]\362\370R\350{\261\202\240\344\215\201\353\276\322p5p\350\354\017>\250r\241c\273\016\301\024\363\242\247\263\231\370\344\nBW\220K\316@3\243\200\036wk\253GSlU\010\360\231>\331\263H\214\324\030A\225\301o\346pkSF\004\241\213w9\223=\250\262*+\255\351r\265\244c\024\213\t\007`\223\325#\3477\210\345P\306\013\320\252[\0216+\227=`\371P\314\346 V7\271[~\n\237\274|\347\352@K\253~&\260\032\024\004B\200\255h\351\013\361\031:nG\211\005|\2003\266\274\251,W\006u\344\335d\003\306\212\313,\340\350bG\n\030Z\2732-\246\312\255\030\003\235207\005}D\260\0261ah\322M\304\216\273m0\271\234\237\007<w$\265C\245\232\033\023\313c\321B\032l\301h\005\320\252\301\361(\330[\343\357\343{\235\n\266g\272>\177\317\347\261qb&\270&\346ju\200\363N\320\307\004\034\001n\317\361\2653\254\2503\247\305\372\316W\022O\253x\250\025\373\247\354Tc\304\263\243^\352Gv\\264\261\r\035\226\306\2411\351\233\203\215\200$\231\300f\220\371c@\017\254\363\\371\340\340VaR\205~^\226\342t\360\022\204d\231\205)\272\364?\361!\334\331\315\254\230\rBG\314\023\246\244=\351\177\254\302b&\276+H;0\312\021&\275\036\237\350R\313\206R\331\304k\323u\263t\221\213yC\241\217A\242\027g\322\241'\212.E?B_\316\327\217J +\370\t^b\005\020\003\211\373\247|hC\271Nmk~J\270EU\274\036-\347\240\312FA\321\341bca\253\025\321\311\317\021\375\317\217\n\272\033o\353G>\275\361H\265\240\232um""\317\324`\214\221\314\000\211K\223+(""\200i \311\372g\254\343ZR0\224\275q\252\357\213\263\206N\357&Q\217\267\303\356I\236\357\264\311b\037\366\035\253\343\311\265\240\327q\206f\262ODi\215-\363>\034\236l\273\005G\316F\217}[\036\007\270:\260\335\271B\241N\345\330\204\327f\361\272Kb\0377p\334\264\237\177~\330]\252+:\317u\302h\n\351\n\364\231\277R\371\356\033y\265v\360Ny\246\332qY\262\231\251\n\305\334\202\305\362\n\367@k\231\016R:\327\242\366\242\253LZY\223$Gw^\203\302\311\316I7\371tTwp}\005|\372\214\251{R`\230V\244-\326I\351\255\325i\335\377\321\353\327\331\302\023\347y\016\263\271\317\306\017UV\314qu?\0064A\315{3D\010\016S\212\2353k0\361\214ID\303g\277\010Y_\001~\021\333\370\255\374\\331\306\255\336)\365Rth\024\t\300.M\315\321S\257\224\252\362\326P\316\303%nX\3742\333\036\004Y\264yG^\234\177\214\305q\237\274G\300a4\275\240s\215\222\210\016\020G\344=-:GK\312\035\271\201\350\376F\260G\347\000\235\365P6pmH\033\373\212c\377o\232\356\320D\002\277,]os{\354/?\312e\006wda\001\023\375\316\025\254\321\244\370+Y`\220\270\254\2601E[FI\310\235<qI \356\032v%\001\230\016\203\200\251UD\347\304\373\034\211\340@\342\033\263\365\356\341\357\350\324\035J\032\177\230\207\220\303+\207\352g\317N\027>\222M\271m\033\236\021:\272\233r\373\233hC}\256\020\210\010\233\335\025[ d(\343\263\327\177\030\246\254H\277\254E\231\006\033_lB\210\264\334Y\322\314\362\320L\000Q\240\317\3502\006,|\364\004\275\034\006\337\370""\330\364\202\314\315\311?\030\260\361u)\336\202\265Y\177X\227$\245tCB\345\314d\231A\300\204\371KJ\036\321\330\014]""EN\266$]\331\226c\264\227\2326\315\307\363\323\325\303\032N\256*\307\327 \235\332\207u\210\271\257\306g\231i*\260\326k\001"";   nodeid: ""\260\000\000\000\000\000\000\000\000\000\000\000\000\000\000\000\000\000\000\000\000\000\000\000\000\000\000\000\000\000\000\000\001""; }; ","ledgerHash: ""\351\312\376z\254\214\206B\274&M\032\376v\266\3104u)\r\312\021\273\030jJH\215G4\367f""; ledgerSeq: 45; type: liAS_NODE; nodes {;   nodedata: ""\021\000h""\000\000\000\000 \033\000\000\000,\002\023\305\337\330\356GuH\375\327!\255\371\r\231\262R\256J\034\222\241\355X\265E\241^W\225\304\014\361CX-}\351f\032\255\274\334m\326c\017\014ao[\342\230\003\245\245\3341Hm\326^\017jy\335\261\032Yt\320\244{g\0306\\302\303*\341\215\223\257\364\277o\375\000r\241SOq\221\253\262\005\017\375T\356\014\360o'\030\311-\267\031\257!\031T\006><\315XM\334\324\345\034\000\325\367\240\271\013\265\024\321\362\354\211\250.\234s\225amc\305\035\366\276\037nD\277`\210\223N\3535\033\261\304f\331]\036\237\306o!\223\221\002\324\031\262\240R\177 ,\214\325\Q])\016\2067\277\t\354\010\000\360\215\2502\265\245\310\226\243c\302Ze\306\253#r\020\211\320iG\276\020E\317\035Sf\223F\254\033@\177e\277\016\010u\327\371&\262\312\317Q\2361t\377x\234\001v\003%\030\325_\225g\204\346a=\225\273\331\354\365*U\363\263N\367b\371\244\314-w\363\262\225Z\200\206\235\233\257?sE\2674\254\326mU\377?\177Ek\336\030!\316Aa\225\303\022\377{\210Y\226\271as\354L\035\004\341\361\035\301\024\220m#*\372\032\3178~\374\250\014*\323\342'z69\220\327\256\351G\367\317u\302\207\270b\315\333\333\334\310I\323&\014\352XZnW2.\335\347\202\021\247\362\212e\034\000\001\250\220\305;a\314\265R\310\017\317\331\235\360\262\240:\277\202\266\354\265X""\022\nh\252\352w\204\203\023]\001f\352\277\0031Q]\362\370R\350{\261\202\240\344\215\201\353\276\322p5p\350\354\017>\250r\241c\273\016\301\024\363\242\247\263\231\370\344\nBW\220K\316@3\243\200\036wk\253GSlU\010\360\231>\331\263H\214\324\030A\225\301o\346pkSF\004\241\213w9\223=\250\262*+\255\351r\265\244c\024\213\t\007`\223\325#\3477\210\345P\306\013\320\252[\0216+\227=`\371P\314\346 V7\271[~\n\237\274|\347\352@K\253~&\260\032\024\004B\200\255h\351\013\361\031:nG\211\005|\2003\266\274\251,W\006u\344\335d\003\306\212\313,\340\350bG\n\030Z\2732-\246\312\255\030\003\235207\005}D\260\0261ah\322M\304\216\273m0\271\234\237\007<w$\265C\245\232\033\023\313c\321B\032l\301h\005\320\252\301\361(\330[\343\357\343{\235\n\266g\272>\177\317\347\261qb&\270&\346ju\200\363N\320\307\004\034\001n\317\361\2653\254\2503\247\305\372\316W\022O\253x\250\025\373\247\354Tc\304\263\243^\352Gv\\264\261\r\035\226\306\2411\351\233\203\215\200$\231\300f\220\371c@\017\254\363\\371\340\340VaR\205~^\226\342t\360\022\204d\231\205)\272\364?\361!\334\331\315\254\230\rBG\314\023\246\244=\351\177\254\302b&\276+H;0\312\021&\275\036\237\350R\313\206R\331\304k\323u\263t\221\213yC\241\217A\242\027g\322\241'\212.E?B_\316\327\217J +\370\t^b\005\020\003\211\373\247|hC\271Nmk~J\270EU\274\036-\347\240\312FA\321\341bca\253\025\321\311\317\021\375\317\217\n\272\033o\353G>\275\361H\265\240\232um""\317\324`\214\221\314\000\211K\223+(""\200i \311\372g\254\343ZR0\224\275q\252\357\213\263\206N\357&Q\217\267\303\356I\236\357\264\311b\037\366\035\253\343\311\265\240\327q\206f\262ODi\215-\363>\034\236l\273\005G\316F\217}[\036\007\270:\260\335\271B\241N\345\330\204\327f\361\272Kb\0377p\334\264\237\177~\330]\252+:\317u\302h\n\351\n\364\231\277R\371\356\033y\265v\360Ny\246\332qY\262\231\251\n\305\334\202\305\362\n\367@k\231\016R:\327\242\366\242\253LZY\223$Gw^\203\302\311\316I7\371tTwp}\005|\372\214\251{R`\230V\244-\326I\351\255\325i\335\377\321\353\327\331\302\023\347y\016\263\271\317\306\017UV\314qu?\0064A\315{3D\010\016S\212\2353k0\361\214ID\303g\277\010Y_\001~\021\333\370\255\374\\331\306\255\336)\365Rth\024\t\300.M\315\321S\257\224\252\362\326P\316\303%nX\3742\333\036\004Y\264yG^\234\177\214\305q\237\274G\300a4\275\240s\215\222\210\016\020G\344=-:GK\312\035\271\201\350\376F\260G\347\000\235\365P6pmH\033\373\212c\377o\232\356\320D\002\277,]os{\354/?\312e\006wda\001\023\375\316\025\254\321\244\370+Y`\220\270\254\2601E[FI\310\235<qI \356\032v%\001\230\016\203\200\251UD\347\304\373\034\211\340@\342\033\263\365\356\341\357\350\324\035J\032\177\230\207\220\303+\207\352g\317N\027>\222M\271m\033\236\021:\272\233r\373\233hC}\256\020\210\010\233\335\025[ d(\343\263\327\177\030\246\254H\277\254E\231\006\033_lB\210\264\334Y\322\314\362\320L\000Q\240\317\3502\006,|\364\004\275\034\006\337\370""\330\364\202\314\315\311?\030\260\361u)\336\202\265Y\177X\227$\245tCB\345\314d\231A\300\204\371KJ\036\321\330\014]""EN\266$]\331\226c\264\227\2326\315\307\363\323\325\303\032N\256*\307\327 \235\332\207u\210\271\257\306g\231i*\260\326k\001"";   nodeid: ""\260\000\000\000\000\000\000\000\000\000\000\000\000\000\000\000\000\000\000\000\000\000\000\000\000\000\000\000\000\000\000\000\001""; }; "
1750527675498,1750527675498,0,1,4,1,TMLedgerData,"ledgerHash: ""\351\312\376z\254\214\206B\274&M\032\376v\266\3104u)\r\312\021\273\030jJH\215G4\367f""; ledgerSeq: 45; type: liBASE; nodes {;   nodedata: ""\000\000\000-\001cEx]\211\377\330\177X\227$\245tCB\345\314d\231A\300\204\371KJ\036\321\330\014]""EN\266$]\331\226c\000\000\000\000\000\000\000\000\000\000\000\000\000\000\000\000\000\000\000\000\000\000\000\000\000\000\000\000\000\000\000\000\247G\374\223\234\370\311\261\341z\014\335E-k/%j\003\231M!y\355\275_\365\210\275\375Z\272/\351\2537/\351\2538\n\000""; }; nodes {;   nodedata: ""\323C\344\327\264{\312-\017:\006{\177\344N\002\326bO\260\220\006\033\362\345\005U\221DzJ0\001\301\025%1L\307\t\261\262z\374\222T\301\274V\236\223\262\270Ct\362\337b\356\024*\324\320\351\317\002k\336\234\027v\351\217\260\303\360\233ZPZWr\246$w\313\313\r\243r\232\2234\373\3539:N\004Q\245\272D\312D\300\300\t\323\0257\345e\271\na\215{\226\255x%T\257\037\333\004\344_/R\006E\344\037@\210\363\010\336T\226\247'\204_{\261\370""1\235\2445\343\033Y!\212\201\341\272\225'\007AV,U\014\211v\260/\032\021\337\221\023b\245C\373\215^\030c\352O\225\030\211G\202\253\342\271\013\003""; }; ","ledgerHash: ""\351\312\376z\254\214\206B\274&M\032\376v\266\3104u)\r\312\021\273\030jJH\215G4\367f""; ledgerSeq: 45; type: liBASE; nodes {;   nodedata: ""\000\000\000-\001cEx]\211\377\330\177X\227$\245tCB\345\314d\231A\300\204\371KJ\036\321\330\014]""EN\266$]\331\226c\000\000\000\000\000\000\000\000\000\000\000\000\000\000\000\000\000\000\000\000\000\000\000\000\000\000\000\000\000\000\000\000\247G\374\223\234\370\311\261\341z\014\335E-k/%j\003\231M!y\355\275_\365\210\275\375Z\272/\351\2537/\351\2538\n\000""; }; nodes {;   nodedata: ""\323C\344\327\264{\312-\017:\006{\177\344N\002\326bO\260\220\006\033\362\345\005U\221DzJ0\001\301\025%1L\307\t\261\262z\374\222T\301\274V\236\223\262\270Ct\362\337b\356\024*\324\320\351\317\002k\336\234\027v\351\217\260\303\360\233ZPZWr\246$w\313\313\r\243r\232\2234\373\3539:N\004Q\245\272D\312D\300\300\t\323\0257\345e\271\na\215{\226\255x%T\257\037\333\004\344_/R\006E\344\037@\210\363\010\336T\226\247'\204_{\261\370""1\235\2445\343\033Y!\212\201\341\272\225'\007AV,U\014\211v\260/\032\021\337\221\023b\245C\373\215^\030c\352O\225\030\211G\202\253\342\271\013\003""; }; "
1750527675498,1750527675499,0,1,3,1,TMLedgerData,"ledgerHash: ""\351\312\376z\254\214\206B\274&M\032\376v\266\3104u)\r\312\021\273\030jJH\215G4\367f""; ledgerSeq: 45; type: liAS_NODE; nodes {;   nodedata: ""\021\000h""\000\000\000\000 \033\000\000\000,\002\023\305\337\330\356GuH\375\327!\255\371\r\231\262R\256J\034\222\241\355X\265E\241^W\225\304\014\361CX-}\351f\032\255\274\334m\326c\017\014ao[\342\230\003\245\245\3341Hm\326^\017jy\335\261\032Yt\320\244{g\0306\\302\303*\341\215\223\257\364\277o\375\000r\241SOq\221\253\262\005\017\375T\356\014\360o'\030\311-\267\031\257!\031T\006><\315XM\334\324\345\034\000\325\367\240\271\013\265\024\321\362\354\211\250.\234s\225amc\305\035\366\276\037nD\277`\210\223N\3535\033\261\304f\331]\036\237\306o!\223\221\002\324\031\262\240R\177 ,\214\325\Q])\016\2067\277\t\354\010\000\360\215\2502\265\245\310\226\243c\302Ze\306\253#r\020\211\320iG\276\020E\317\035Sf\223F\254\033@\177e\277\016\010u\327\371&\262\312\317Q\2361t\377x\234\001v\003%\030\325_\225g\204\346a=\225\273\331\354\365*U\363\263N\367b\371\244\314-w\363\262\225Z\200\206\235\233\257?sE\2674\254\326mU\377?\177Ek\336\030!\316Aa\225\303\022\377{\210Y\226\271as\354L\035\004\341\361\035\301\024\220m#*\372\032\3178~\374\250\014*\323\342'z69\220\327\256\351G\367\317u\302\207\270b\315\333\333\334\310I\323&\014\352XZnW2.\335\347\202\021\247\362\212e\034\000\001\250\220\305;a\314\265R\310\017\317\331\235\360\262\240:\277\202\266\354\265X""\022\nh\252\352w\204\203\023]\001f\352\277\0031Q]\362\370R\350{\261\202\240\344\215\201\353\276\322p5p\350\354\017>\250r\241c\273\016\301\024\363\242\247\263\231\370\344\nBW\220K\316@3\243\200\036wk\253GSlU\010\360\231>\331\263H\214\324\030A\225\301o\346pkSF\004\241\213w9\223=\250\262*+\255\351r\265\244c\024\213\t\007`\223\325#\3477\210\345P\306\013\320\252[\0216+\227=`\371P\314\346 V7\271[~\n\237\274|\347\352@K\253~&\260\032\024\004B\200\255h\351\013\361\031:nG\211\005|\2003\266\274\251,W\006u\344\335d\003\306\212\313,\340\350bG\n\030Z\2732-\246\312\255\030\003\235207\005}D\260\0261ah\322M\304\216\273m0\271\234\237\007<w$\265C\245\232\033\023\313c\321B\032l\301h\005\320\252\301\361(\330[\343\357\343{\235\n\266g\272>\177\317\347\261qb&\270&\346ju\200\363N\320\307\004\034\001n\317\361\2653\254\2503\247\305\372\316W\022O\253x\250\025\373\247\354Tc\304\263\243^\352Gv\\264\261\r\035\226\306\2411\351\233\203\215\200$\231\300f\220\371c@\017\254\363\\371\340\340VaR\205~^\226\342t\360\022\204d\231\205)\272\364?\361!\334\331\315\254\230\rBG\314\023\246\244=\351\177\254\302b&\276+H;0\312\021&\275\036\237\350R\313\206R\331\304k\323u\263t\221\213yC\241\217A\242\027g\322\241'\212.E?B_\316\327\217J +\370\t^b\005\020\003\211\373\247|hC\271Nmk~J\270EU\274\036-\347\240\312FA\321\341bca\253\025\321\311\317\021\375\317\217\n\272\033o\353G>\275\361H\265\240\232um""\317\324`\214\221\314\000\211K\223+(""\200i \311\372g\254\343ZR0\224\275q\252\357\213\263\206N\357&Q\217\267\303\356I\236\357\264\311b\037\366\035\253\343\311\265\240\327q\206f\262ODi\215-\363>\034\236l\273\005G\316F\217}[\036\007\270:\260\335\271B\241N\345\330\204\327f\361\272Kb\0377p\334\264\237\177~\330]\252+:\317u\302h\n\351\n\364\231\277R\371\356\033y\265v\360Ny\246\332qY\262\231\251\n\305\334\202\305\362\n\367@k\231\016R:\327\242\366\242\253LZY\223$Gw^\203\302\311\316I7\371tTwp}\005|\372\214\251{R`\230V\244-\326I\351\255\325i\335\377\321\353\327\331\302\023\347y\016\263\271\317\306\017UV\314qu?\0064A\315{3D\010\016S\212\2353k0\361\214ID\303g\277\010Y_\001~\021\333\370\255\374\\331\306\255\336)\365Rth\024\t\300.M\315\321S\257\224\252\362\326P\316\303%nX\3742\333\036\004Y\264yG^\234\177\214\305q\237\274G\300a4\275\240s\215\222\210\016\020G\344=-:GK\312\035\271\201\350\376F\260G\347\000\235\365P6pmH\033\373\212c\377o\232\356\320D\002\277,]os{\354/?\312e\006wda\001\023\375\316\025\254\321\244\370+Y`\220\270\254\2601E[FI\310\235<qI \356\032v%\001\230\016\203\200\251UD\347\304\373\034\211\340@\342\033\263\365\356\341\357\350\324\035J\032\177\230\207\220\303+\207\352g\317N\027>\222M\271m\033\236\021:\272\233r\373\233hC}\256\020\210\010\233\335\025[ d(\343\263\327\177\030\246\254H\277\254E\231\006\033_lB\210\264\334Y\322\314\362\320L\000Q\240\317\3502\006,|\364\004\275\034\006\337\370""\330\364\202\314\315\311?\030\260\361u)\336\202\265Y\177X\227$\245tCB\345\314d\231A\300\204\371KJ\036\321\330\014]""EN\266$]\331\226c\264\227\2326\315\307\363\323\325\303\032N\256*\307\327 \235\332\207u\210\271\257\306g\231i*\260\326k\001"";   nodeid: ""\260\000\000\000\000\000\000\000\000\000\000\000\000\000\000\000\000\000\000\000\000\000\000\000\000\000\000\000\000\000\000\000\001""; }; ","ledgerHash: ""\351\312\376z\254\214\206B\274&M\032\376v\266\3104u)\r\312\021\273\030jJH\215G4\367f""; ledgerSeq: 45; type: liAS_NODE; nodes {;   nodedata: ""\021\000h""\000\000\000\000 \033\000\000\000,\002\023\305\337\330\356GuH\375\327!\255\371\r\231\262R\256J\034\222\241\355X\265E\241^W\225\304\014\361CX-}\351f\032\255\274\334m\326c\017\014ao[\342\230\003\245\245\3341Hm\326^\017jy\335\261\032Yt\320\244{g\0306\\302\303*\341\215\223\257\364\277o\375\000r\241SOq\221\253\262\005\017\375T\356\014\360o'\030\311-\267\031\257!\031T\006><\315XM\334\324\345\034\000\325\367\240\271\013\265\024\321\362\354\211\250.\234s\225amc\305\035\366\276\037nD\277`\210\223N\3535\033\261\304f\331]\036\237\306o!\223\221\002\324\031\262\240R\177 ,\214\325\Q])\016\2067\277\t\354\010\000\360\215\2502\265\245\310\226\243c\302Ze\306\253#r\020\211\320iG\276\020E\317\035Sf\223F\254\033@\177e\277\016\010u\327\371&\262\312\317Q\2361t\377x\234\001v\003%\030\325_\225g\204\346a=\225\273\331\354\365*U\363\263N\367b\371\244\314-w\363\262\225Z\200\206\235\233\257?sE\2674\254\326mU\377?\177Ek\336\030!\316Aa\225\303\022\377{\210Y\226\271as\354L\035\004\341\361\035\301\024\220m#*\372\032\3178~\374\250\014*\323\342'z69\220\327\256\351G\367\317u\302\207\270b\315\333\333\334\310I\323&\014\352XZnW2.\335\347\202\021\247\362\212e\034\000\001\250\220\305;a\314\265R\310\017\317\331\235\360\262\240:\277\202\266\354\265X""\022\nh\252\352w\204\203\023]\001f\352\277\0031Q]\362\370R\350{\261\202\240\344\215\201\353\276\322p5p\350\354\017>\250r\241c\273\016\301\024\363\242\247\263\231\370\344\nBW\220K\316@3\243\200\036wk\253GSlU\010\360\231>\331\263H\214\324\030A\225\301o\346pkSF\004\241\213w9\223=\250\262*+\255\351r\265\244c\024\213\t\007`\223\325#\3477\210\345P\306\013\320\252[\0216+\227=`\371P\314\346 V7\271[~\n\237\274|\347\352@K\253~&\260\032\024\004B\200\255h\351\013\361\031:nG\211\005|\2003\266\274\251,W\006u\344\335d\003\306\212\313,\340\350bG\n\030Z\2732-\246\312\255\030\003\235207\005}D\260\0261ah\322M\304\216\273m0\271\234\237\007<w$\265C\245\232\033\023\313c\321B\032l\301h\005\320\252\301\361(\330[\343\357\343{\235\n\266g\272>\177\317\347\261qb&\270&\346ju\200\363N\320\307\004\034\001n\317\361\2653\254\2503\247\305\372\316W\022O\253x\250\025\373\247\354Tc\304\263\243^\352Gv\\264\261\r\035\226\306\2411\351\233\203\215\200$\231\300f\220\371c@\017\254\363\\371\340\340VaR\205~^\226\342t\360\022\204d\231\205)\272\364?\361!\334\331\315\254\230\rBG\314\023\246\244=\351\177\254\302b&\276+H;0\312\021&\275\036\237\350R\313\206R\331\304k\323u\263t\221\213yC\241\217A\242\027g\322\241'\212.E?B_\316\327\217J +\370\t^b\005\020\003\211\373\247|hC\271Nmk~J\270EU\274\036-\347\240\312FA\321\341bca\253\025\321\311\317\021\375\317\217\n\272\033o\353G>\275\361H\265\240\232um""\317\324`\214\221\314\000\211K\223+(""\200i \311\372g\254\343ZR0\224\275q\252\357\213\263\206N\357&Q\217\267\303\356I\236\357\264\311b\037\366\035\253\343\311\265\240\327q\206f\262ODi\215-\363>\034\236l\273\005G\316F\217}[\036\007\270:\260\335\271B\241N\345\330\204\327f\361\272Kb\0377p\334\264\237\177~\330]\252+:\317u\302h\n\351\n\364\231\277R\371\356\033y\265v\360Ny\246\332qY\262\231\251\n\305\334\202\305\362\n\367@k\231\016R:\327\242\366\242\253LZY\223$Gw^\203\302\311\316I7\371tTwp}\005|\372\214\251{R`\230V\244-\326I\351\255\325i\335\377\321\353\327\331\302\023\347y\016\263\271\317\306\017UV\314qu?\0064A\315{3D\010\016S\212\2353k0\361\214ID\303g\277\010Y_\001~\021\333\370\255\374\\331\306\255\336)\365Rth\024\t\300.M\315\321S\257\224\252\362\326P\316\303%nX\3742\333\036\004Y\264yG^\234\177\214\305q\237\274G\300a4\275\240s\215\222\210\016\020G\344=-:GK\312\035\271\201\350\376F\260G\347\000\235\365P6pmH\033\373\212c\377o\232\356\320D\002\277,]os{\354/?\312e\006wda\001\023\375\316\025\254\321\244\370+Y`\220\270\254\2601E[FI\310\235<qI \356\032v%\001\230\016\203\200\251UD\347\304\373\034\211\340@\342\033\263\365\356\341\357\350\324\035J\032\177\230\207\220\303+\207\352g\317N\027>\222M\271m\033\236\021:\272\233r\373\233hC}\256\020\210\010\233\335\025[ d(\343\263\327\177\030\246\254H\277\254E\231\006\033_lB\210\264\334Y\322\314\362\320L\000Q\240\317\3502\006,|\364\004\275\034\006\337\370""\330\364\202\314\315\311?\030\260\361u)\336\202\265Y\177X\227$\245tCB\345\314d\231A\300\204\371KJ\036\321\330\014]""EN\266$]\331\226c\264\227\2326\315\307\363\323\325\303\032N\256*\307\327 \235\332\207u\210\271\257\306g\231i*\260\326k\001"";   nodeid: ""\260\000\000\000\000\000\000\000\000\000\000\000\000\000\000\000\000\000\000\000\000\000\000\000\000\000\000\000\000\000\000\000\001""; }; "
1750527675499,1750527675499,0,1,3,1,TMLedgerData,"ledgerHash: ""\351\312\376z\254\214\206B\274&M\032\376v\266\3104u)\r\312\021\273\030jJH\215G4\367f""; ledgerSeq: 45; type: liBASE; nodes {;   nodedata: ""\000\000\000-\001cEx]\211\377\330\177X\227$\245tCB\345\314d\231A\300\204\371KJ\036\321\330\014]""EN\266$]\331\226c\000\000\000\000\000\000\000\000\000\000\000\000\000\000\000\000\000\000\000\000\000\000\000\000\000\000\000\000\000\000\000\000\247G\374\223\234\370\311\261\341z\014\335E-k/%j\003\231M!y\355\275_\365\210\275\375Z\272/\351\2537/\351\2538\n\000""; }; nodes {;   nodedata: ""\323C\344\327\264{\312-\017:\006{\177\344N\002\326bO\260\220\006\033\362\345\005U\221DzJ0\001\301\025%1L\307\t\261\262z\374\222T\301\274V\236\223\262\270Ct\362\337b\356\024*\324\320\351\317\002k\336\234\027v\351\217\260\303\360\233ZPZWr\246$w\313\313\r\243r\232\2234\373\3539:N\004Q\245\272D\312D\300\300\t\323\0257\345e\271\na\215{\226\255x%T\257\037\333\004\344_/R\006E\344\037@\210\363\010\336T\226\247'\204_{\261\370""1\235\2445\343\033Y!\212\201\341\272\225'\007AV,U\014\211v\260/\032\021\337\221\023b\245C\373\215^\030c\352O\225\030\211G\202\253\342\271\013\003""; }; requestCookie: 3; ","ledgerHash: ""\351\312\376z\254\214\206B\274&M\032\376v\266\3104u)\r\312\021\273\030jJH\215G4\367f""; ledgerSeq: 45; type: liBASE; nodes {;   nodedata: ""\000\000\000-\001cEx]\211\377\330\177X\227$\245tCB\345\314d\231A\300\204\371KJ\036\321\330\014]""EN\266$]\331\226c\000\000\000\000\000\000\000\000\000\000\000\000\000\000\000\000\000\000\000\000\000\000\000\000\000\000\000\000\000\000\000\000\247G\374\223\234\370\311\261\341z\014\335E-k/%j\003\231M!y\355\275_\365\210\275\375Z\272/\351\2537/\351\2538\n\000""; }; nodes {;   nodedata: ""\323C\344\327\264{\312-\017:\006{\177\344N\002\326bO\260\220\006\033\362\345\005U\221DzJ0\001\301\025%1L\307\t\261\262z\374\222T\301\274V\236\223\262\270Ct\362\337b\356\024*\324\320\351\317\002k\336\234\027v\351\217\260\303\360\233ZPZWr\246$w\313\313\r\243r\232\2234\373\3539:N\004Q\245\272D\312D\300\300\t\323\0257\345e\271\na\215{\226\255x%T\257\037\333\004\344_/R\006E\344\037@\210\363\010\336T\226\247'\204_{\261\370""1\235\2445\343\033Y!\212\201\341\272\225'\007AV,U\014\211v\260/\032\021\337\221\023b\245C\373\215^\030c\352O\225\030\211G\202\253\342\271\013\003""; }; requestCookie: 3; "
1750527675500,1750527675500,0,1,3,1,TMLedgerData,"ledgerHash: ""\351\312\376z\254\214\206B\274&M\032\376v\266\3104u)\r\312\021\273\030jJH\215G4\367f""; ledgerSeq: 45; type: liBASE; nodes {;   nodedata: ""\000\000\000-\001cEx]\211\377\330\177X\227$\245tCB\345\314d\231A\300\204\371KJ\036\321\330\014]""EN\266$]\331\226c\000\000\000\000\000\000\000\000\000\000\000\000\000\000\000\000\000\000\000\000\000\000\000\000\000\000\000\000\000\000\000\000\247G\374\223\234\370\311\261\341z\014\335E-k/%j\003\231M!y\355\275_\365\210\275\375Z\272/\351\2537/\351\2538\n\000""; }; nodes {;   nodedata: ""\323C\344\327\264{\312-\017:\006{\177\344N\002\326bO\260\220\006\033\362\345\005U\221DzJ0\001\301\025%1L\307\t\261\262z\374\222T\301\274V\236\223\262\270Ct\362\337b\356\024*\324\320\351\317\002k\336\234\027v\351\217\260\303\360\233ZPZWr\246$w\313\313\r\243r\232\2234\373\3539:N\004Q\245\272D\312D\300\300\t\323\0257\345e\271\na\215{\226\255x%T\257\037\333\004\344_/R\006E\344\037@\210\363\010\336T\226\247'\204_{\261\370""1\235\2445\343\033Y!\212\201\341\272\225'\007AV,U\014\211v\260/\032\021\337\221\023b\245C\373\215^\030c\352O\225\030\211G\202\253\342\271\013\003""; }; requestCookie: 2; ","ledgerHash: ""\351\312\376z\254\214\206B\274&M\032\376v\266\3104u)\r\312\021\273\030jJH\215G4\367f""; ledgerSeq: 45; type: liBASE; nodes {;   nodedata: ""\000\000\000-\001cEx]\211\377\330\177X\227$\245tCB\345\314d\231A\300\204\371KJ\036\321\330\014]""EN\266$]\331\226c\000\000\000\000\000\000\000\000\000\000\000\000\000\000\000\000\000\000\000\000\000\000\000\000\000\000\000\000\000\000\000\000\247G\374\223\234\370\311\261\341z\014\335E-k/%j\003\231M!y\355\275_\365\210\275\375Z\272/\351\2537/\351\2538\n\000""; }; nodes {;   nodedata: ""\323C\344\327\264{\312-\017:\006{\177\344N\002\326bO\260\220\006\033\362\345\005U\221DzJ0\001\301\025%1L\307\t\261\262z\374\222T\301\274V\236\223\262\270Ct\362\337b\356\024*\324\320\351\317\002k\336\234\027v\351\217\260\303\360\233ZPZWr\246$w\313\313\r\243r\232\2234\373\3539:N\004Q\245\272D\312D\300\300\t\323\0257\345e\271\na\215{\226\255x%T\257\037\333\004\344_/R\006E\344\037@\210\363\010\336T\226\247'\204_{\261\370""1\235\2445\343\033Y!\212\201\341\272\225'\007AV,U\014\211v\260/\032\021\337\221\023b\245C\373\215^\030c\352O\225\030\211G\202\253\342\271\013\003""; }; requestCookie: 2; "
1750527675500,1750527675500,0,1,3,0,TMLedgerData,"ledgerHash: ""\351\312\376z\254\214\206B\274&M\032\376v\266\3104u)\r\312\021\273\030jJH\215G4\367f""; ledgerSeq: 45; type: liBASE; nodes {;   nodedata: ""\000\000\000-\001cEx]\211\377\330\177X\227$\245tCB\345\314d\231A\300\204\371KJ\036\321\330\014]""EN\266$]\331\226c\000\000\000\000\000\000\000\000\000\000\000\000\000\000\000\000\000\000\000\000\000\000\000\000\000\000\000\000\000\000\000\000\247G\374\223\234\370\311\261\341z\014\335E-k/%j\003\231M!y\355\275_\365\210\275\375Z\272/\351\2537/\351\2538\n\000""; }; nodes {;   nodedata: ""\323C\344\327\264{\312-\017:\006{\177\344N\002\326bO\260\220\006\033\362\345\005U\221DzJ0\001\301\025%1L\307\t\261\262z\374\222T\301\274V\236\223\262\270Ct\362\337b\356\024*\324\320\351\317\002k\336\234\027v\351\217\260\303\360\233ZPZWr\246$w\313\313\r\243r\232\2234\373\3539:N\004Q\245\272D\312D\300\300\t\323\0257\345e\271\na\215{\226\255x%T\257\037\333\004\344_/R\006E\344\037@\210\363\010\336T\226\247'\204_{\261\370""1\235\2445\343\033Y!\212\201\341\272\225'\007AV,U\014\211v\260/\032\021\337\221\023b\245C\373\215^\030c\352O\225\030\211G\202\253\342\271\013\003""; }; ","ledgerHash: ""\351\312\376z\254\214\206B\274&M\032\376v\266\3104u)\r\312\021\273\030jJH\215G4\367f""; ledgerSeq: 45; type: liBASE; nodes {;   nodedata: ""\000\000\000-\001cEx]\211\377\330\177X\227$\245tCB\345\314d\231A\300\204\371KJ\036\321\330\014]""EN\266$]\331\226c\000\000\000\000\000\000\000\000\000\000\000\000\000\000\000\000\000\000\000\000\000\000\000\000\000\000\000\000\000\000\000\000\247G\374\223\234\370\311\261\341z\014\335E-k/%j\003\231M!y\355\275_\365\210\275\375Z\272/\351\2537/\351\2538\n\000""; }; nodes {;   nodedata: ""\323C\344\327\264{\312-\017:\006{\177\344N\002\326bO\260\220\006\033\362\345\005U\221DzJ0\001\301\025%1L\307\t\261\262z\374\222T\301\274V\236\223\262\270Ct\362\337b\356\024*\324\320\351\317\002k\336\234\027v\351\217\260\303\360\233ZPZWr\246$w\313\313\r\243r\232\2234\373\3539:N\004Q\245\272D\312D\300\300\t\323\0257\345e\271\na\215{\226\255x%T\257\037\333\004\344_/R\006E\344\037@\210\363\010\336T\226\247'\204_{\261\370""1\235\2445\343\033Y!\212\201\341\272\225'\007AV,U\014\211v\260/\032\021\337\221\023b\245C\373\215^\030c\352O\225\030\211G\202\253\342\271\013\003""; }; "
1750527675501,1750527675501,0,1,3,0,TMLedgerData,"ledgerHash: ""\351\312\376z\254\214\206B\274&M\032\376v\266\3104u)\r\312\021\273\030jJH\215G4\367f""; ledgerSeq: 45; type: liBASE; nodes {;   nodedata: ""\000\000\000-\001cEx]\211\377\330\177X\227$\245tCB\345\314d\231A\300\204\371KJ\036\321\330\014]""EN\266$]\331\226c\000\000\000\000\000\000\000\000\000\000\000\000\000\000\000\000\000\000\000\000\000\000\000\000\000\000\000\000\000\000\000\000\247G\374\223\234\370\311\261\341z\014\335E-k/%j\003\231M!y\355\275_\365\210\275\375Z\272/\351\2537/\351\2538\n\000""; }; nodes {;   nodedata: ""\323C\344\327\264{\312-\017:\006{\177\344N\002\326bO\260\220\006\033\362\345\005U\221DzJ0\001\301\025%1L\307\t\261\262z\374\222T\301\274V\236\223\262\270Ct\362\337b\356\024*\324\320\351\317\002k\336\234\027v\351\217\260\303\360\233ZPZWr\246$w\313\313\r\243r\232\2234\373\3539:N\004Q\245\272D\312D\300\300\t\323\0257\345e\271\na\215{\226\255x%T\257\037\333\004\344_/R\006E\344\037@\210\363\010\336T\226\247'\204_{\261\370""1\235\2445\343\033Y!\212\201\341\272\225'\007AV,U\014\211v\260/\032\021\337\221\023b\245C\373\215^\030c\352O\225\030\211G\202\253\342\271\013\003""; }; requestCookie: 5; ","ledgerHash: ""\351\312\376z\254\214\206B\274&M\032\376v\266\3104u)\r\312\021\273\030jJH\215G4\367f""; ledgerSeq: 45; type: liBASE; nodes {;   nodedata: ""\000\000\000-\001cEx]\211\377\330\177X\227$\245tCB\345\314d\231A\300\204\371KJ\036\321\330\014]""EN\266$]\331\226c\000\000\000\000\000\000\000\000\000\000\000\000\000\000\000\000\000\000\000\000\000\000\000\000\000\000\000\000\000\000\000\000\247G\374\223\234\370\311\261\341z\014\335E-k/%j\003\231M!y\355\275_\365\210\275\375Z\272/\351\2537/\351\2538\n\000""; }; nodes {;   nodedata: ""\323C\344\327\264{\312-\017:\006{\177\344N\002\326bO\260\220\006\033\362\345\005U\221DzJ0\001\301\025%1L\307\t\261\262z\374\222T\301\274V\236\223\262\270Ct\362\337b\356\024*\324\320\351\317\002k\336\234\027v\351\217\260\303\360\233ZPZWr\246$w\313\313\r\243r\232\2234\373\3539:N\004Q\245\272D\312D\300\300\t\323\0257\345e\271\na\215{\226\255x%T\257\037\333\004\344_/R\006E\344\037@\210\363\010\336T\226\247'\204_{\261\370""1\235\2445\343\033Y!\212\201\341\272\225'\007AV,U\014\211v\260/\032\021\337\221\023b\245C\373\215^\030c\352O\225\030\211G\202\253\342\271\013\003""; }; requestCookie: 5; "
1750527675501,1750527675501,0,1,2,3,TMGetLedger,"itype: liBASE; ledgerHash: ""\351\312\376z\254\214\206B\274&M\032\376v\266\3104u)\r\312\021\273\030jJH\215G4\367f""; ledgerSeq: 45; requestCookie: 2; queryType: qtINDIRECT; ","itype: liBASE; ledgerHash: ""\351\312\376z\254\214\206B\274&M\032\376v\266\3104u)\r\312\021\273\030jJH\215G4\367f""; ledgerSeq: 45; requestCookie: 2; queryType: qtINDIRECT; "
1750527675501,1750527675502,0,1,2,3,TMGetLedger,"itype: liAS_NODE; ledgerHash: ""\351\312\376z\254\214\206B\274&M\032\376v\266\3104u)\r\312\021\273\030jJH\215G4\367f""; ledgerSeq: 45; nodeIDs: ""\260\000\000\000\000\000\000\000\000\000\000\000\000\000\000\000\000\000\000\000\000\000\000\000\000\000\000\000\000\000\000\000\001""; queryType: qtINDIRECT; queryDepth: 1; ","itype: liAS_NODE; ledgerHash: ""\351\312\376z\254\214\206B\274&M\032\376v\266\3104u)\r\312\021\273\030jJH\215G4\367f""; ledgerSeq: 45; nodeIDs: ""\260\000\000\000\000\000\000\000\000\000\000\000\000\000\000\000\000\000\000\000\000\000\000\000\000\000\000\000\000\000\000\000\001""; queryType: qtINDIRECT; queryDepth: 1; "
1750527675502,1750527675502,0,1,2,1,TMLedgerData,"ledgerHash: ""\351\312\376z\254\214\206B\274&M\032\376v\266\3104u)\r\312\021\273\030jJH\215G4\367f""; ledgerSeq: 45; type: liBASE; nodes {;   nodedata: ""\000\000\000-\001cEx]\211\377\330\177X\227$\245tCB\345\314d\231A\300\204\371KJ\036\321\330\014]""EN\266$]\331\226c\000\000\000\000\000\000\000\000\000\000\000\000\000\000\000\000\000\000\000\000\000\000\000\000\000\000\000\000\000\000\000\000\247G\374\223\234\370\311\261\341z\014\335E-k/%j\003\231M!y\355\275_\365\210\275\375Z\272/\351\2537/\351\2538\n\000""; }; nodes {;   nodedata: ""\323C\344\327\264{\312-\017:\006{\177\344N\002\326bO\260\220\006\033\362\345\005U\221DzJ0\001\301\025%1L\307\t\261\262z\374\222T\301\274V\236\223\262\270Ct\362\337b\356\024*\324\320\351\317\002k\336\234\027v\351\217\260\303\360\233ZPZWr\246$w\313\313\r\243r\232\2234\373\3539:N\004Q\245\272D\312D\300\300\t\323\0257\345e\271\na\215{\226\255x%T\257\037\333\004\344_/R\006E\344\037@\210\363\010\336T\226\247'\204_{\261\370""1\235\2445\343\033Y!\212\201\341\272\225'\007AV,U\014\211v\260/\032\021\337\221\023b\245C\373\215^\030c\352O\225\030\211G\202\253\342\271\013\003""; }; ","ledgerHash: ""\351\312\376z\254\214\206B\274&M\032\376v\266\3104u)\r\312\021\273\030jJH\215G4\367f""; ledgerSeq: 45; type: liBASE; nodes {;   nodedata: ""\000\000\000-\001cEx]\211\377\330\177X\227$\245tCB\345\314d\231A\300\204\371KJ\036\321\330\014]""EN\266$]\331\226c\000\000\000\000\000\000\000\000\000\000\000\000\000\000\000\000\000\000\000\000\000\000\000\000\000\000\000\000\000\000\000\000\247G\374\223\234\370\311\261\341z\014\335E-k/%j\003\231M!y\355\275_\365\210\275\375Z\272/\351\2537/\351\2538\n\000""; }; nodes {;   nodedata: ""\323C\344\327\264{\312-\017:\006{\177\344N\002\326bO\260\220\006\033\362\345\005U\221DzJ0\001\301\025%1L\307\t\261\262z\374\222T\301\274V\236\223\262\270Ct\362\337b\356\024*\324\320\351\317\002k\336\234\027v\351\217\260\303\360\233ZPZWr\246$w\313\313\r\243r\232\2234\373\3539:N\004Q\245\272D\312D\300\300\t\323\0257\345e\271\na\215{\226\255x%T\257\037\333\004\344_/R\006E\344\037@\210\363\010\336T\226\247'\204_{\261\370""1\235\2445\343\033Y!\212\201\341\272\225'\007AV,U\014\211v\260/\032\021\337\221\023b\245C\373\215^\030c\352O\225\030\211G\202\253\342\271\013\003""; }; "
1750527675502,1750527675503,0,1,2,4,TMLedgerData,"ledgerHash: ""\351\312\376z\254\214\206B\274&M\032\376v\266\3104u)\r\312\021\273\030jJH\215G4\367f""; ledgerSeq: 45; type: liBASE; nodes {;   nodedata: ""\000\000\000-\001cEx]\211\377\330\177X\227$\245tCB\345\314d\231A\300\204\371KJ\036\321\330\014]""EN\266$]\331\226c\000\000\000\000\000\000\000\000\000\000\000\000\000\000\000\000\000\000\000\000\000\000\000\000\000\000\000\000\000\000\000\000\247G\374\223\234\370\311\261\341z\014\335E-k/%j\003\231M!y\355\275_\365\210\275\375Z\272/\351\2537/\351\2538\n\000""; }; nodes {;   nodedata: ""\323C\344\327\264{\312-\017:\006{\177\344N\002\326bO\260\220\006\033\362\345\005U\221DzJ0\001\301\025%1L\307\t\261\262z\374\222T\301\274V\236\223\262\270Ct\362\337b\356\024*\324\320\351\317\002k\336\234\027v\351\217\260\303\360\233ZPZWr\246$w\313\313\r\243r\232\2234\373\3539:N\004Q\245\272D\312D\300\300\t\323\0257\345e\271\na\215{\226\255x%T\257\037\333\004\344_/R\006E\344\037@\210\363\010\336T\226\247'\204_{\261\370""1\235\2445\343\033Y!\212\201\341\272\225'\007AV,U\014\211v\260/\032\021\337\221\023b\245C\373\215^\030c\352O\225\030\211G\202\253\342\271\013\003""; }; ","ledgerHash: ""\351\312\376z\254\214\206B\274&M\032\376v\266\3104u)\r\312\021\273\030jJH\215G4\367f""; ledgerSeq: 45; type: liBASE; nodes {;   nodedata: ""\000\000\000-\001cEx]\211\377\330\177X\227$\245tCB\345\314d\231A\300\204\371KJ\036\321\330\014]""EN\266$]\331\226c\000\000\000\000\000\000\000\000\000\000\000\000\000\000\000\000\000\000\000\000\000\000\000\000\000\000\000\000\000\000\000\000\247G\374\223\234\370\311\261\341z\014\335E-k/%j\003\231M!y\355\275_\365\210\275\375Z\272/\351\2537/\351\2538\n\000""; }; nodes {;   nodedata: ""\323C\344\327\264{\312-\017:\006{\177\344N\002\326bO\260\220\006\033\362\345\005U\221DzJ0\001\301\025%1L\307\t\261\262z\374\222T\301\274V\236\223\262\270Ct\362\337b\356\024*\324\320\351\317\002k\336\234\027v\351\217\260\303\360\233ZPZWr\246$w\313\313\r\243r\232\2234\373\3539:N\004Q\245\272D\312D\300\300\t\323\0257\345e\271\na\215{\226\255x%T\257\037\333\004\344_/R\006E\344\037@\210\363\010\336T\226\247'\204_{\261\370""1\235\2445\343\033Y!\212\201\341\272\225'\007AV,U\014\211v\260/\032\021\337\221\023b\245C\373\215^\030c\352O\225\030\211G\202\253\342\271\013\003""; }; "
1750527675503,1750527675503,0,1,4,0,TMLedgerData,"ledgerHash: ""\351\312\376z\254\214\206B\274&M\032\376v\266\3104u)\r\312\021\273\030jJH\215G4\367f""; ledgerSeq: 45; type: liBASE; nodes {;   nodedata: ""\000\000\000-\001cEx]\211\377\330\177X\227$\245tCB\345\314d\231A\300\204\371KJ\036\321\330\014]""EN\266$]\331\226c\000\000\000\000\000\000\000\000\000\000\000\000\000\000\000\000\000\000\000\000\000\000\000\000\000\000\000\000\000\000\000\000\247G\374\223\234\370\311\261\341z\014\335E-k/%j\003\231M!y\355\275_\365\210\275\375Z\272/\351\2537/\351\2538\n\000""; }; nodes {;   nodedata: ""\323C\344\327\264{\312-\017:\006{\177\344N\002\326bO\260\220\006\033\362\345\005U\221DzJ0\001\301\025%1L\307\t\261\262z\374\222T\301\274V\236\223\262\270Ct\362\337b\356\024*\324\320\351\317\002k\336\234\027v\351\217\260\303\360\233ZPZWr\246$w\313\313\r\243r\232\2234\373\3539:N\004Q\245\272D\312D\300\300\t\323\0257\345e\271\na\215{\226\255x%T\257\037\333\004\344_/R\006E\344\037@\210\363\010\336T\226\247'\204_{\261\370""1\235\2445\343\033Y!\212\201\341\272\225'\007AV,U\014\211v\260/\032\021\337\221\023b\245C\373\215^\030c\352O\225\030\211G\202\253\342\271\013\003""; }; ","ledgerHash: ""\351\312\376z\254\214\206B\274&M\032\376v\266\3104u)\r\312\021\273\030jJH\215G4\367f""; ledgerSeq: 45; type: liBASE; nodes {;   nodedata: ""\000\000\000-\001cEx]\211\377\330\177X\227$\245tCB\345\314d\231A\300\204\371KJ\036\321\330\014]""EN\266$]\331\226c\000\000\000\000\000\000\000\000\000\000\000\000\000\000\000\000\000\000\000\000\000\000\000\000\000\000\000\000\000\000\000\000\247G\374\223\234\370\311\261\341z\014\335E-k/%j\003\231M!y\355\275_\365\210\275\375Z\272/\351\2537/\351\2538\n\000""; }; nodes {;   nodedata: ""\323C\344\327\264{\312-\017:\006{\177\344N\002\326bO\260\220\006\033\362\345\005U\221DzJ0\001\301\025%1L\307\t\261\262z\374\222T\301\274V\236\223\262\270Ct\362\337b\356\024*\324\320\351\317\002k\336\234\027v\351\217\260\303\360\233ZPZWr\246$w\313\313\r\243r\232\2234\373\3539:N\004Q\245\272D\312D\300\300\t\323\0257\345e\271\na\215{\226\255x%T\257\037\333\004\344_/R\006E\344\037@\210\363\010\336T\226\247'\204_{\261\370""1\235\2445\343\033Y!\212\201\341\272\225'\007AV,U\014\211v\260/\032\021\337\221\023b\245C\373\215^\030c\352O\225\030\211G\202\253\342\271\013\003""; }; "
1750527675504,1750527675504,0,1,4,2,TMLedgerData,"ledgerHash: ""\351\312\376z\254\214\206B\274&M\032\376v\266\3104u)\r\312\021\273\030jJH\215G4\367f""; ledgerSeq: 45; type: liBASE; nodes {;   nodedata: ""\000\000\000-\001cEx]\211\377\330\177X\227$\245tCB\345\314d\231A\300\204\371KJ\036\321\330\014]""EN\266$]\331\226c\000\000\000\000\000\000\000\000\000\000\000\000\000\000\000\000\000\000\000\000\000\000\000\000\000\000\000\000\000\000\000\000\247G\374\223\234\370\311\261\341z\014\335E-k/%j\003\231M!y\355\275_\365\210\275\375Z\272/\351\2537/\351\2538\n\000""; }; nodes {;   nodedata: ""\323C\344\327\264{\312-\017:\006{\177\344N\002\326bO\260\220\006\033\362\345\005U\221DzJ0\001\301\025%1L\307\t\261\262z\374\222T\301\274V\236\223\262\270Ct\362\337b\356\024*\324\320\351\317\002k\336\234\027v\351\217\260\303\360\233ZPZWr\246$w\313\313\r\243r\232\2234\373\3539:N\004Q\245\272D\312D\300\300\t\323\0257\345e\271\na\215{\226\255x%T\257\037\333\004\344_/R\006E\344\037@\210\363\010\336T\226\247'\204_{\261\370""1\235\2445\343\033Y!\212\201\341\272\225'\007AV,U\014\211v\260/\032\021\337\221\023b\245C\373\215^\030c\352O\225\030\211G\202\253\342\271\013\003""; }; ","ledgerHash: ""\351\312\376z\254\214\206B\274&M\032\376v\266\3104u)\r\312\021\273\030jJH\215G4\367f""; ledgerSeq: 45; type: liBASE; nodes {;   nodedata: ""\000\000\000-\001cEx]\211\377\330\177X\227$\245tCB\345\314d\231A\300\204\371KJ\036\321\330\014]""EN\266$]\331\226c\000\000\000\000\000\000\000\000\000\000\000\000\000\000\000\000\000\000\000\000\000\000\000\000\000\000\000\000\000\000\000\000\247G\374\223\234\370\311\261\341z\014\335E-k/%j\003\231M!y\355\275_\365\210\275\375Z\272/\351\2537/\351\2538\n\000""; }; nodes {;   nodedata: ""\323C\344\327\264{\312-\017:\006{\177\344N\002\326bO\260\220\006\033\362\345\005U\221DzJ0\001\301\025%1L\307\t\261\262z\374\222T\301\274V\236\223\262\270Ct\362\337b\356\024*\324\320\351\317\002k\336\234\027v\351\217\260\303\360\233ZPZWr\246$w\313\313\r\243r\232\2234\373\3539:N\004Q\245\272D\312D\300\300\t\323\0257\345e\271\na\215{\226\255x%T\257\037\333\004\344_/R\006E\344\037@\210\363\010\336T\226\247'\204_{\261\370""1\235\2445\343\033Y!\212\201\341\272\225'\007AV,U\014\211v\260/\032\021\337\221\023b\245C\373\215^\030c\352O\225\030\211G\202\253\342\271\013\003""; }; "
1750527675504,1750527675504,0,1,1,2,TMLedgerData,"ledgerHash: ""\351\312\376z\254\214\206B\274&M\032\376v\266\3104u)\r\312\021\273\030jJH\215G4\367f""; ledgerSeq: 45; type: liBASE; nodes {;   nodedata: ""\000\000\000-\001cEx]\211\377\330\177X\227$\245tCB\345\314d\231A\300\204\371KJ\036\321\330\014]""EN\266$]\331\226c\000\000\000\000\000\000\000\000\000\000\000\000\000\000\000\000\000\000\000\000\000\000\000\000\000\000\000\000\000\000\000\000\247G\374\223\234\370\311\261\341z\014\335E-k/%j\003\231M!y\355\275_\365\210\275\375Z\272/\351\2537/\351\2538\n\000""; }; nodes {;   nodedata: ""\323C\344\327\264{\312-\017:\006{\177\344N\002\326bO\260\220\006\033\362\345\005U\221DzJ0\001\301\025%1L\307\t\261\262z\374\222T\301\274V\236\223\262\270Ct\362\337b\356\024*\324\320\351\317\002k\336\234\027v\351\217\260\303\360\233ZPZWr\246$w\313\313\r\243r\232\2234\373\3539:N\004Q\245\272D\312D\300\300\t\323\0257\345e\271\na\215{\226\255x%T\257\037\333\004\344_/R\006E\344\037@\210\363\010\336T\226\247'\204_{\261\370""1\235\2445\343\033Y!\212\201\341\272\225'\007AV,U\014\211v\260/\032\021\337\221\023b\245C\373\215^\030c\352O\225\030\211G\202\253\342\271\013\003""; }; ","ledgerHash: ""\351\312\376z\254\214\206B\274&M\032\376v\266\3104u)\r\312\021\273\030jJH\215G4\367f""; ledgerSeq: 45; type: liBASE; nodes {;   nodedata: ""\000\000\000-\001cEx]\211\377\330\177X\227$\245tCB\345\314d\231A\300\204\371KJ\036\321\330\014]""EN\266$]\331\226c\000\000\000\000\000\000\000\000\000\000\000\000\000\000\000\000\000\000\000\000\000\000\000\000\000\000\000\000\000\000\000\000\247G\374\223\234\370\311\261\341z\014\335E-k/%j\003\231M!y\355\275_\365\210\275\375Z\272/\351\2537/\351\2538\n\000""; }; nodes {;   nodedata: ""\323C\344\327\264{\312-\017:\006{\177\344N\002\326bO\260\220\006\033\362\345\005U\221DzJ0\001\301\025%1L\307\t\261\262z\374\222T\301\274V\236\223\262\270Ct\362\337b\356\024*\324\320\351\317\002k\336\234\027v\351\217\260\303\360\233ZPZWr\246$w\313\313\r\243r\232\2234\373\3539:N\004Q\245\272D\312D\300\300\t\323\0257\345e\271\na\215{\226\255x%T\257\037\333\004\344_/R\006E\344\037@\210\363\010\336T\226\247'\204_{\261\370""1\235\2445\343\033Y!\212\201\341\272\225'\007AV,U\014\211v\260/\032\021\337\221\023b\245C\373\215^\030c\352O\225\030\211G\202\253\342\271\013\003""; }; "
1750527675505,1750527675505,0,1,1,0,TMLedgerData,"ledgerHash: ""\351\312\376z\254\214\206B\274&M\032\376v\266\3104u)\r\312\021\273\030jJH\215G4\367f""; ledgerSeq: 45; type: liBASE; nodes {;   nodedata: ""\000\000\000-\001cEx]\211\377\330\177X\227$\245tCB\345\314d\231A\300\204\371KJ\036\321\330\014]""EN\266$]\331\226c\000\000\000\000\000\000\000\000\000\000\000\000\000\000\000\000\000\000\000\000\000\000\000\000\000\000\000\000\000\000\000\000\247G\374\223\234\370\311\261\341z\014\335E-k/%j\003\231M!y\355\275_\365\210\275\375Z\272/\351\2537/\351\2538\n\000""; }; nodes {;   nodedata: ""\323C\344\327\264{\312-\017:\006{\177\344N\002\326bO\260\220\006\033\362\345\005U\221DzJ0\001\301\025%1L\307\t\261\262z\374\222T\301\274V\236\223\262\270Ct\362\337b\356\024*\324\320\351\317\002k\336\234\027v\351\217\260\303\360\233ZPZWr\246$w\313\313\r\243r\232\2234\373\3539:N\004Q\245\272D\312D\300\300\t\323\0257\345e\271\na\215{\226\255x%T\257\037\333\004\344_/R\006E\344\037@\210\363\010\336T\226\247'\204_{\261\370""1\235\2445\343\033Y!\212\201\341\272\225'\007AV,U\014\211v\260/\032\021\337\221\023b\245C\373\215^\030c\352O\225\030\211G\202\253\342\271\013\003""; }; ","ledgerHash: ""\351\312\376z\254\214\206B\274&M\032\376v\266\3104u)\r\312\021\273\030jJH\215G4\367f""; ledgerSeq: 45; type: liBASE; nodes {;   nodedata: ""\000\000\000-\001cEx]\211\377\330\177X\227$\245tCB\345\314d\231A\300\204\371KJ\036\321\330\014]""EN\266$]\331\226c\000\000\000\000\000\000\000\000\000\000\000\000\000\000\000\000\000\000\000\000\000\000\000\000\000\000\000\000\000\000\000\000\247G\374\223\234\370\311\261\341z\014\335E-k/%j\003\231M!y\355\275_\365\210\275\375Z\272/\351\2537/\351\2538\n\000""; }; nodes {;   nodedata: ""\323C\344\327\264{\312-\017:\006{\177\344N\002\326bO\260\220\006\033\362\345\005U\221DzJ0\001\301\025%1L\307\t\261\262z\374\222T\301\274V\236\223\262\270Ct\362\337b\356\024*\324\320\351\317\002k\336\234\027v\351\217\260\303\360\233ZPZWr\246$w\313\313\r\243r\232\2234\373\3539:N\004Q\245\272D\312D\300\300\t\323\0257\345e\271\na\215{\226\255x%T\257\037\333\004\344_/R\006E\344\037@\210\363\010\336T\226\247'\204_{\261\370""1\235\2445\343\033Y!\212\201\341\272\225'\007AV,U\014\211v\260/\032\021\337\221\023b\245C\373\215^\030c\352O\225\030\211G\202\253\342\271\013\003""; }; "
1750527675505,1750527675505,0,1,0,3,TMGetLedger,"itype: liBASE; ledgerHash: ""\351\312\376z\254\214\206B\274&M\032\376v\266\3104u)\r\312\021\273\030jJH\215G4\367f""; ledgerSeq: 45; requestCookie: 3; queryType: qtINDIRECT; ","itype: liBASE; ledgerHash: ""\351\312\376z\254\214\206B\274&M\032\376v\266\3104u)\r\312\021\273\030jJH\215G4\367f""; ledgerSeq: 45; requestCookie: 3; queryType: qtINDIRECT; "
1750527675506,1750527675506,0,1,0,3,TMGetLedger,"itype: liAS_NODE; ledgerHash: ""\351\312\376z\254\214\206B\274&M\032\376v\266\3104u)\r\312\021\273\030jJH\215G4\367f""; ledgerSeq: 45; nodeIDs: ""\260\000\000\000\000\000\000\000\000\000\000\000\000\000\000\000\000\000\000\000\000\000\000\000\000\000\000\000\000\000\000\000\001""; queryType: qtINDIRECT; queryDepth: 1; ","itype: liAS_NODE; ledgerHash: ""\351\312\376z\254\214\206B\274&M\032\376v\266\3104u)\r\312\021\273\030jJH\215G4\367f""; ledgerSeq: 45; nodeIDs: ""\260\000\000\000\000\000\000\000\000\000\000\000\000\000\000\000\000\000\000\000\000\000\000\000\000\000\000\000\000\000\000\000\001""; queryType: qtINDIRECT; queryDepth: 1; "
1750527675506,1750527675506,0,1,0,4,TMLedgerData,"ledgerHash: ""\351\312\376z\254\214\206B\274&M\032\376v\266\3104u)\r\312\021\273\030jJH\215G4\367f""; ledgerSeq: 45; type: liBASE; nodes {;   nodedata: ""\000\000\000-\001cEx]\211\377\330\177X\227$\245tCB\345\314d\231A\300\204\371KJ\036\321\330\014]""EN\266$]\331\226c\000\000\000\000\000\000\000\000\000\000\000\000\000\000\000\000\000\000\000\000\000\000\000\000\000\000\000\000\000\000\000\000\247G\374\223\234\370\311\261\341z\014\335E-k/%j\003\231M!y\355\275_\365\210\275\375Z\272/\351\2537/\351\2538\n\000""; }; nodes {;   nodedata: ""\323C\344\327\264{\312-\017:\006{\177\344N\002\326bO\260\220\006\033\362\345\005U\221DzJ0\001\301\025%1L\307\t\261\262z\374\222T\301\274V\236\223\262\270Ct\362\337b\356\024*\324\320\351\317\002k\336\234\027v\351\217\260\303\360\233ZPZWr\246$w\313\313\r\243r\232\2234\373\3539:N\004Q\245\272D\312D\300\300\t\323\0257\345e\271\na\215{\226\255x%T\257\037\333\004\344_/R\006E\344\037@\210\363\010\336T\226\247'\204_{\261\370""1\235\2445\343\033Y!\212\201\341\272\225'\007AV,U\014\211v\260/\032\021\337\221\023b\245C\373\215^\030c\352O\225\030\211G\202\253\342\271\013\003""; }; ","ledgerHash: ""\351\312\376z\254\214\206B\274&M\032\376v\266\3104u)\r\312\021\273\030jJH\215G4\367f""; ledgerSeq: 45; type: liBASE; nodes {;   nodedata: ""\000\000\000-\001cEx]\211\377\330\177X\227$\245tCB\345\314d\231A\300\204\371KJ\036\321\330\014]""EN\266$]\331\226c\000\000\000\000\000\000\000\000\000\000\000\000\000\000\000\000\000\000\000\000\000\000\000\000\000\000\000\000\000\000\000\000\247G\374\223\234\370\311\261\341z\014\335E-k/%j\003\231M!y\355\275_\365\210\275\375Z\272/\351\2537/\351\2538\n\000""; }; nodes {;   nodedata: ""\323C\344\327\264{\312-\017:\006{\177\344N\002\326bO\260\220\006\033\362\345\005U\221DzJ0\001\301\025%1L\307\t\261\262z\374\222T\301\274V\236\223\262\270Ct\362\337b\356\024*\324\320\351\317\002k\336\234\027v\351\217\260\303\360\233ZPZWr\246$w\313\313\r\243r\232\2234\373\3539:N\004Q\245\272D\312D\300\300\t\323\0257\345e\271\na\215{\226\255x%T\257\037\333\004\344_/R\006E\344\037@\210\363\010\336T\226\247'\204_{\261\370""1\235\2445\343\033Y!\212\201\341\272\225'\007AV,U\014\211v\260/\032\021\337\221\023b\245C\373\215^\030c\352O\225\030\211G\202\253\342\271\013\003""; }; "
1750527675507,1750527675507,0,1,3,2,TMLedgerData,"ledgerHash: ""\351\312\376z\254\214\206B\274&M\032\376v\266\3104u)\r\312\021\273\030jJH\215G4\367f""; ledgerSeq: 45; type: liBASE; nodes {;   nodedata: ""\000\000\000-\001cEx]\211\377\330\177X\227$\245tCB\345\314d\231A\300\204\371KJ\036\321\330\014]""EN\266$]\331\226c\000\000\000\000\000\000\000\000\000\000\000\000\000\000\000\000\000\000\000\000\000\000\000\000\000\000\000\000\000\000\000\000\247G\374\223\234\370\311\261\341z\014\335E-k/%j\003\231M!y\355\275_\365\210\275\375Z\272/\351\2537/\351\2538\n\000""; }; nodes {;   nodedata: ""\323C\344\327\264{\312-\017:\006{\177\344N\002\326bO\260\220\006\033\362\345\005U\221DzJ0\001\301\025%1L\307\t\261\262z\374\222T\301\274V\236\223\262\270Ct\362\337b\356\024*\324\320\351\317\002k\336\234\027v\351\217\260\303\360\233ZPZWr\246$w\313\313\r\243r\232\2234\373\3539:N\004Q\245\272D\312D\300\300\t\323\0257\345e\271\na\215{\226\255x%T\257\037\333\004\344_/R\006E\344\037@\210\363\010\336T\226\247'\204_{\261\370""1\235\2445\343\033Y!\212\201\341\272\225'\007AV,U\014\211v\260/\032\021\337\221\023b\245C\373\215^\030c\352O\225\030\211G\202\253\342\271\013\003""; }; requestCookie: 2; ","ledgerHash: ""\351\312\376z\254\214\206B\274&M\032\376v\266\3104u)\r\312\021\273\030jJH\215G4\367f""; ledgerSeq: 45; type: liBASE; nodes {;   nodedata: ""\000\000\000-\001cEx]\211\377\330\177X\227$\245tCB\345\314d\231A\300\204\371KJ\036\321\330\014]""EN\266$]\331\226c\000\000\000\000\000\000\000\000\000\000\000\000\000\000\000\000\000\000\000\000\000\000\000\000\000\000\000\000\000\000\000\000\247G\374\223\234\370\311\261\341z\014\335E-k/%j\003\231M!y\355\275_\365\210\275\375Z\272/\351\2537/\351\2538\n\000""; }; nodes {;   nodedata: ""\323C\344\327\264{\312-\017:\006{\177\344N\002\326bO\260\220\006\033\362\345\005U\221DzJ0\001\301\025%1L\307\t\261\262z\374\222T\301\274V\236\223\262\270Ct\362\337b\356\024*\324\320\351\317\002k\336\234\027v\351\217\260\303\360\233ZPZWr\246$w\313\313\r\243r\232\2234\373\3539:N\004Q\245\272D\312D\300\300\t\323\0257\345e\271\na\215{\226\255x%T\257\037\333\004\344_/R\006E\344\037@\210\363\010\336T\226\247'\204_{\261\370""1\235\2445\343\033Y!\212\201\341\272\225'\007AV,U\014\211v\260/\032\021\337\221\023b\245C\373\215^\030c\352O\225\030\211G\202\253\342\271\013\003""; }; requestCookie: 2; "
1750527675507,1750527675508,0,1,3,2,TMLedgerData,"ledgerHash: ""\351\312\376z\254\214\206B\274&M\032\376v\266\3104u)\r\312\021\273\030jJH\215G4\367f""; ledgerSeq: 45; type: liAS_NODE; nodes {;   nodedata: ""\021\000h""\000\000\000\000 \033\000\000\000,\002\023\305\337\330\356GuH\375\327!\255\371\r\231\262R\256J\034\222\241\355X\265E\241^W\225\304\014\361CX-}\351f\032\255\274\334m\326c\017\014ao[\342\230\003\245\245\3341Hm\326^\017jy\335\261\032Yt\320\244{g\0306\\302\303*\341\215\223\257\364\277o\375\000r\241SOq\221\253\262\005\017\375T\356\014\360o'\030\311-\267\031\257!\031T\006><\315XM\334\324\345\034\000\325\367\240\271\013\265\024\321\362\354\211\250.\234s\225amc\305\035\366\276\037nD\277`\210\223N\3535\033\261\304f\331]\036\237\306o!\223\221\002\324\031\262\240R\177 ,\214\325\Q])\016\2067\277\t\354\010\000\360\215\2502\265\245\310\226\243c\302Ze\306\253#r\020\211\320iG\276\020E\317\035Sf\223F\254\033@\177e\277\016\010u\327\371&\262\312\317Q\2361t\377x\234\001v\003%\030\325_\225g\204\346a=\225\273\331\354\365*U\363\263N\367b\371\244\314-w\363\262\225Z\200\206\235\233\257?sE\2674\254\326mU\377?\177Ek\336\030!\316Aa\225\303\022\377{\210Y\226\271as\354L\035\004\341\361\035\301\024\220m#*\372\032\3178~\374\250\014*\323\342'z69\220\327\256\351G\367\317u\302\207\270b\315\333\333\334\310I\323&\014\352XZnW2.\335\347\202\021\247\362\212e\034\000\001\250\220\305;a\314\265R\310\017\317\331\235\360\262\240:\277\202\266\354\265X""\022\nh\252\352w\204\203\023]\001f\352\277\0031Q]\362\370R\350{\261\202\240\344\215\201\353\276\322p5p\350\354\017>\250r\241c\273\016\301\024\363\242\247\263\231\370\344\nBW\220K\316@3\243\200\036wk\253GSlU\010\360\231>\331\263H\214\324\030A\225\301o\346pkSF\004\241\213w9\223=\250\262*+\255\351r\265\244c\024\213\t\007`\223\325#\3477\210\345P\306\013\320\252[\0216+\227=`\371P\314\346 V7\271[~\n\237\274|\347\352@K\253~&\260\032\024\004B\200\255h\351\013\361\031:nG\211\005|\2003\266\274\251,W\006u\344\335d\003\306\212\313,\340\350bG\n\030Z\2732-\246\312\255\030\003\235207\005}D\260\0261ah\322M\304\216\273m0\271\234\237\007<w$\265C\245\232\033\023\313c\321B\032l\301h\005\320\252\301\361(\330[\343\357\343{\235\n\266g\272>\177\317\347\261qb&\270&\346ju\200\363N\320\307\004\034\001n\317\361\2653\254\2503\247\305\372\316W\022O\253x\250\025\373\247\354Tc\304\263\243^\352Gv\\264\261\r\035\226\306\2411\351\233\203\215\200$\231\300f\220\371c@\017\254\363\\371\340\340VaR\205~^\226\342t\360\022\204d\231\205)\272\364?\361!\334\331\315\254\230\rBG\314\023\246\244=\351\177\254\302b&\276+H;0\312\021&\275\036\237\350R\313\206R\331\304k\323u\263t\221\213yC\241\217A\242\027g\322\241'\212.E?B_\316\327\217J +\370\t^b\005\020\003\211\373\247|hC\271Nmk~J\270EU\274\036-\347\240\312FA\321\341bca\253\025\321\311\317\021\375\317\217\n\272\033o\353G>\275\361H\265\240\232um""\317\324`\214\221\314\000\211K\223+(""\200i \311\372g\254\343ZR0\224\275q\252\357\213\263\206N\357&Q\217\267\303\356I\236\357\264\311b\037\366\035\253\343\311\265\240\327q\206f\262ODi\215-\363>\034\236l\273\005G\316F\217}[\036\007\270:\260\335\271B\241N\345\330\204\327f\361\272Kb\0377p\334\264\237\177~\330]\252+:\317u\302h\n\351\n\364\231\277R\371\356\033y\265v\360Ny\246\332qY\262\231\251\n\305\334\202\305\362\n\367@k\231\016R:\327\242\366\242\253LZY\223$Gw^\203\302\311\316I7\371tTwp}\005|\372\214\251{R`\230V\244-\326I\351\255\325i\335\377\321\353\327\331\302\023\347y\016\263\271\317\306\017UV\314qu?\0064A\315{3D\010\016S\212\2353k0\361\214ID\303g\277\010Y_\001~\021\333\370\255\374\\331\306\255\336)\365Rth\024\t\300.M\315\321S\257\224\252\362\326P\316\303%nX\3742\333\036\004Y\264yG^\234\177\214\305q\237\274G\300a4\275\240s\215\222\210\016\020G\344=-:GK\312\035\271\201\350\376F\260G\347\000\235\365P6pmH\033\373\212c\377o\232\356\320D\002\277,]os{\354/?\312e\006wda\001\023\375\316\025\254\321\244\370+Y`\220\270\254\2601E[FI\310\235<qI \356\032v%\001\230\016\203\200\251UD\347\304\373\034\211\340@\342\033\263\365\356\341\357\350\324\035J\032\177\230\207\220\303+\207\352g\317N\027>\222M\271m\033\236\021:\272\233r\373\233hC}\256\020\210\010\233\335\025[ d(\343\263\327\177\030\246\254H\277\254E\231\006\033_lB\210\264\334Y\322\314\362\320L\000Q\240\317\3502\006,|\364\004\275\034\006\337\370""\330\364\202\314\315\311?\030\260\361u)\336\202\265Y\177X\227$\245tCB\345\314d\231A\300\204\371KJ\036\321\330\014]""EN\266$]\331\226c\264\227\2326\315\307\363\323\325\303\032N\256*\307\327 \235\332\207u\210\271\257\306g\231i*\260\326k\001"";   nodeid: ""\260\000\000\000\000\000\000\000\000\000\000\000\000\000\000\000\000\000\000\000\000\000\000\000\000\000\000\000\000\000\000\000\001""; }; ","ledgerHash: ""\351\312\376z\254\214\206B\274&M\032\376v\266\3104u)\r\312\021\273\030jJH\215G4\367f""; ledgerSeq: 45; type: liAS_NODE; nodes {;   nodedata: ""\021\000h""\000\000\000\000 \033\000\000\000,\002\023\305\337\330\356GuH\375\327!\255\371\r\231\262R\256J\034\222\241\355X\265E\241^W\225\304\014\361CX-}\351f\032\255\274\334m\326c\017\014ao[\342\230\003\245\245\3341Hm\326^\017jy\335\261\032Yt\320\244{g\0306\\302\303*\341\215\223\257\364\277o\375\000r\241SOq\221\253\262\005\017\375T\356\014\360o'\030\311-\267\031\257!\031T\006><\315XM\334\324\345\034\000\325\367\240\271\013\265\024\321\362\354\211\250.\234s\225amc\305\035\366\276\037nD\277`\210\223N\3535\033\261\304f\331]\036\237\306o!\223\221\002\324\031\262\240R\177 ,\214\325\Q])\016\2067\277\t\354\010\000\360\215\2502\265\245\310\226\243c\302Ze\306\253#r\020\211\320iG\276\020E\317\035Sf\223F\254\033@\177e\277\016\010u\327\371&\262\312\317Q\2361t\377x\234\001v\003%\030\325_\225g\204\346a=\225\273\331\354\365*U\363\263N\367b\371\244\314-w\363\262\225Z\200\206\235\233\257?sE\2674\254\326mU\377?\177Ek\336\030!\316Aa\225\303\022\377{\210Y\226\271as\354L\035\004\341\361\035\301\024\220m#*\372\032\3178~\374\250\014*\323\342'z69\220\327\256\351G\367\317u\302\207\270b\315\333\333\334\310I\323&\014\352XZnW2.\335\347\202\021\247\362\212e\034\000\001\250\220\305;a\314\265R\310\017\317\331\235\360\262\240:\277\202\266\354\265X""\022\nh\252\352w\204\203\023]\001f\352\277\0031Q]\362\370R\350{\261\202\240\344\215\201\353\276\322p5p\350\354\017>\250r\241c\273\016\301\024\363\242\247\263\231\370\344\nBW\220K\316@3\243\200\036wk\253GSlU\010\360\231>\331\263H\214\324\030A\225\301o\346pkSF\004\241\213w9\223=\250\262*+\255\351r\265\244c\024\213\t\007`\223\325#\3477\210\345P\306\013\320\252[\0216+\227=`\371P\314\346 V7\271[~\n\237\274|\347\352@K\253~&\260\032\024\004B\200\255h\351\013\361\031:nG\211\005|\2003\266\274\251,W\006u\344\335d\003\306\212\313,\340\350bG\n\030Z\2732-\246\312\255\030\003\235207\005}D\260\0261ah\322M\304\216\273m0\271\234\237\007<w$\265C\245\232\033\023\313c\321B\032l\301h\005\320\252\301\361(\330[\343\357\343{\235\n\266g\272>\177\317\347\261qb&\270&\346ju\200\363N\320\307\004\034\001n\317\361\2653\254\2503\247\305\372\316W\022O\253x\250\025\373\247\354Tc\304\263\243^\352Gv\\264\261\r\035\226\306\2411\351\233\203\215\200$\231\300f\220\371c@\017\254\363\\371\340\340VaR\205~^\226\342t\360\022\204d\231\205)\272\364?\361!\334\331\315\254\230\rBG\314\023\246\244=\351\177\254\302b&\276+H;0\312\021&\275\036\237\350R\313\206R\331\304k\323u\263t\221\213yC\241\217A\242\027g\322\241'\212.E?B_\316\327\217J +\370\t^b\005\020\003\211\373\247|hC\271Nmk~J\270EU\274\036-\347\240\312FA\321\341bca\253\025\321\311\317\021\375\317\217\n\272\033o\353G>\275\361H\265\240\232um""\317\324`\214\221\314\000\211K\223+(""\200i \311\372g\254\343ZR0\224\275q\252\357\213\263\206N\357&Q\217\267\303\356I\236\357\264\311b\037\366\035\253\343\311\265\240\327q\206f\262ODi\215-\363>\034\236l\273\005G\316F\217}[\036\007\270:\260\335\271B\241N\345\330\204\327f\361\272Kb\0377p\334\264\237\177~\330]\252+:\317u\302h\n\351\n\364\231\277R\371\356\033y\265v\360Ny\246\332qY\262\231\251\n\305\334\202\305\362\n\367@k\231\016R:\327\242\366\242\253LZY\223$Gw^\203\302\311\316I7\371tTwp}\005|\372\214\251{R`\230V\244-\326I\351\255\325i\335\377\321\353\327\331\302\023\347y\016\263\271\317\306\017UV\314qu?\0064A\315{3D\010\016S\212\2353k0\361\214ID\303g\277\010Y_\001~\021\333\370\255\374\\331\306\255\336)\365Rth\024\t\300.M\315\321S\257\224\252\362\326P\316\303%nX\3742\333\036\004Y\264yG^\234\177\214\305q\237\274G\300a4\275\240s\215\222\210\016\020G\344=-:GK\312\035\271\201\350\376F\260G\347\000\235\365P6pmH\033\373\212c\377o\232\356\320D\002\277,]os{\354/?\312e\006wda\001\023\375\316\025\254\321\244\370+Y`\220\270\254\2601E[FI\310\235<qI \356\032v%\001\230\016\203\200\251UD\347\304\373\034\211\340@\342\033\263\365\356\341\357\350\324\035J\032\177\230\207\220\303+\207\352g\317N\027>\222M\271m\033\236\021:\272\233r\373\233hC}\256\020\210\010\233\335\025[ d(\343\263\327\177\030\246\254H\277\254E\231\006\033_lB\210\264\334Y\322\314\362\320L\000Q\240\317\3502\006,|\364\004\275\034\006\337\370""\330\364\202\314\315\311?\030\260\361u)\336\202\265Y\177X\227$\245tCB\345\314d\231A\300\204\371KJ\036\321\330\014]""EN\266$]\331\226c\264\227\2326\315\307\363\323\325\303\032N\256*\307\327 \235\332\207u\210\271\257\306g\231i*\260\326k\001"";   nodeid: ""\260\000\000\000\000\000\000\000\000\000\000\000\000\000\000\000\000\000\000\000\000\000\000\000\000\000\000\000\000\000\000\000\001""; }; "
1750527675510,1750527675510,0,1,3,0,TMLedgerData,"ledgerHash: ""\351\312\376z\254\214\206B\274&M\032\376v\266\3104u)\r\312\021\273\030jJH\215G4\367f""; ledgerSeq: 45; type: liBASE; nodes {;   nodedata: ""\000\000\000-\001cEx]\211\377\330\177X\227$\245tCB\345\314d\231A\300\204\371KJ\036\321\330\014]""EN\266$]\331\226c\000\000\000\000\000\000\000\000\000\000\000\000\000\000\000\000\000\000\000\000\000\000\000\000\000\000\000\000\000\000\000\000\247G\374\223\234\370\311\261\341z\014\335E-k/%j\003\231M!y\355\275_\365\210\275\375Z\272/\351\2537/\351\2538\n\000""; }; nodes {;   nodedata: ""\323C\344\327\264{\312-\017:\006{\177\344N\002\326bO\260\220\006\033\362\345\005U\221DzJ0\001\301\025%1L\307\t\261\262z\374\222T\301\274V\236\223\262\270Ct\362\337b\356\024*\324\320\351\317\002k\336\234\027v\351\217\260\303\360\233ZPZWr\246$w\313\313\r\243r\232\2234\373\3539:N\004Q\245\272D\312D\300\300\t\323\0257\345e\271\na\215{\226\255x%T\257\037\333\004\344_/R\006E\344\037@\210\363\010\336T\226\247'\204_{\261\370""1\235\2445\343\033Y!\212\201\341\272\225'\007AV,U\014\211v\260/\032\021\337\221\023b\245C\373\215^\030c\352O\225\030\211G\202\253\342\271\013\003""; }; requestCookie: 2; ","ledgerHash: ""\351\312\376z\254\214\206B\274&M\032\376v\266\3104u)\r\312\021\273\030jJH\215G4\367f""; ledgerSeq: 45; type: liBASE; nodes {;   nodedata: ""\000\000\000-\001cEx]\211\377\330\177X\227$\245tCB\345\314d\231A\300\204\371KJ\036\321\330\014]""EN\266$]\331\226c\000\000\000\000\000\000\000\000\000\000\000\000\000\000\000\000\000\000\000\000\000\000\000\000\000\000\000\000\000\000\000\000\247G\374\223\234\370\311\261\341z\014\335E-k/%j\003\231M!y\355\275_\365\210\275\375Z\272/\351\2537/\351\2538\n\000""; }; nodes {;   nodedata: ""\323C\344\327\264{\312-\017:\006{\177\344N\002\326bO\260\220\006\033\362\345\005U\221DzJ0\001\301\025%1L\307\t\261\262z\374\222T\301\274V\236\223\262\270Ct\362\337b\356\024*\324\320\351\317\002k\336\234\027v\351\217\260\303\360\233ZPZWr\246$w\313\313\r\243r\232\2234\373\3539:N\004Q\245\272D\312D\300\300\t\323\0257\345e\271\na\215{\226\255x%T\257\037\333\004\344_/R\006E\344\037@\210\363\010\336T\226\247'\204_{\261\370""1\235\2445\343\033Y!\212\201\341\272\225'\007AV,U\014\211v\260/\032\021\337\221\023b\245C\373\215^\030c\352O\225\030\211G\202\253\342\271\013\003""; }; requestCookie: 2; "
1750527675511,1750527675511,0,1,3,0,TMLedgerData,"ledgerHash: ""\351\312\376z\254\214\206B\274&M\032\376v\266\3104u)\r\312\021\273\030jJH\215G4\367f""; ledgerSeq: 45; type: liAS_NODE; nodes {;   nodedata: ""\021\000h""\000\000\000\000 \033\000\000\000,\002\023\305\337\330\356GuH\375\327!\255\371\r\231\262R\256J\034\222\241\355X\265E\241^W\225\304\014\361CX-}\351f\032\255\274\334m\326c\017\014ao[\342\230\003\245\245\3341Hm\326^\017jy\335\261\032Yt\320\244{g\0306\\302\303*\341\215\223\257\364\277o\375\000r\241SOq\221\253\262\005\017\375T\356\014\360o'\030\311-\267\031\257!\031T\006><\315XM\334\324\345\034\000\325\367\240\271\013\265\024\321\362\354\211\250.\234s\225amc\305\035\366\276\037nD\277`\210\223N\3535\033\261\304f\331]\036\237\306o!\223\221\002\324\031\262\240R\177 ,\214\325\Q])\016\2067\277\t\354\010\000\360\215\2502\265\245\310\226\243c\302Ze\306\253#r\020\211\320iG\276\020E\317\035Sf\223F\254\033@\177e\277\016\010u\327\371&\262\312\317Q\2361t\377x\234\001v\003%\030\325_\225g\204\346a=\225\273\331\354\365*U\363\263N\367b\371\244\314-w\363\262\225Z\200\206\235\233\257?sE\2674\254\326mU\377?\177Ek\336\030!\316Aa\225\303\022\377{\210Y\226\271as\354L\035\004\341\361\035\301\024\220m#*\372\032\3178~\374\250\014*\323\342'z69\220\327\256\351G\367\317u\302\207\270b\315\333\333\334\310I\323&\014\352XZnW2.\335\347\202\021\247\362\212e\034\000\001\250\220\305;a\314\265R\310\017\317\331\235\360\262\240:\277\202\266\354\265X""\022\nh\252\352w\204\203\023]\001f\352\277\0031Q]\362\370R\350{\261\202\240\344\215\201\353\276\322p5p\350\354\017>\250r\241c\273\016\301\024\363\242\247\263\231\370\344\nBW\220K\316@3\243\200\036wk\253GSlU\010\360\231>\331\263H\214\324\030A\225\301o\346pkSF\004\241\213w9\223=\250\262*+\255\351r\265\244c\024\213\t\007`\223\325#\3477\210\345P\306\013\320\252[\0216+\227=`\371P\314\346 V7\271[~\n\237\274|\347\352@K\253~&\260\032\024\004B\200\255h\351\013\361\031:nG\211\005|\2003\266\274\251,W\006u\344\335d\003\306\212\313,\340\350bG\n\030Z\2732-\246\312\255\030\003\235207\005}D\260\0261ah\322M\304\216\273m0\271\234\237\007<w$\265C\245\232\033\023\313c\321B\032l\301h\005\320\252\301\361(\330[\343\357\343{\235\n\266g\272>\177\317\347\261qb&\270&\346ju\200\363N\320\307\004\034\001n\317\361\2653\254\2503\247\305\372\316W\022O\253x\250\025\373\247\354Tc\304\263\243^\352Gv\\264\261\r\035\226\306\2411\351\233\203\215\200$\231\300f\220\371c@\017\254\363\\371\340\340VaR\205~^\226\342t\360\022\204d\231\205)\272\364?\361!\334\331\315\254\230\rBG\314\023\246\244=\351\177\254\302b&\276+H;0\312\021&\275\036\237\350R\313\206R\331\304k\323u\263t\221\213yC\241\217A\242\027g\322\241'\212.E?B_\316\327\217J +\370\t^b\005\020\003\211\373\247|hC\271Nmk~J\270EU\274\036-\347\240\312FA\321\341bca\253\025\321\311\317\021\375\317\217\n\272\033o\353G>\275\361H\265\240\232um""\317\324`\214\221\314\000\211K\223+(""\200i \311\372g\254\343ZR0\224\275q\252\357\213\263\206N\357&Q\217\267\303\356I\236\357\264\311b\037\366\035\253\343\311\265\240\327q\206f\262ODi\215-\363>\034\236l\273\005G\316F\217}[\036\007\270:\260\335\271B\241N\345\330\204\327f\361\272Kb\0377p\334\264\237\177~\330]\252+:\317u\302h\n\351\n\364\231\277R\371\356\033y\265v\360Ny\246\332qY\262\231\251\n\305\334\202\305\362\n\367@k\231\016R:\327\242\366\242\253LZY\223$Gw^\203\302\311\316I7\371tTwp}\005|\372\214\251{R`\230V\244-\326I\351\255\325i\335\377\321\353\327\331\302\023\347y\016\263\271\317\306\017UV\314qu?\0064A\315{3D\010\016S\212\2353k0\361\214ID\303g\277\010Y_\001~\021\333\370\255\374\\331\306\255\336)\365Rth\024\t\300.M\315\321S\257\224\252\362\326P\316\303%nX\3742\333\036\004Y\264yG^\234\177\214\305q\237\274G\300a4\275\240s\215\222\210\016\020G\344=-:GK\312\035\271\201\350\376F\260G\347\000\235\365P6pmH\033\373\212c\377o\232\356\320D\002\277,]os{\354/?\312e\006wda\001\023\375\316\025\254\321\244\370+Y`\220\270\254\2601E[FI\310\235<qI \356\032v%\001\230\016\203\200\251UD\347\304\373\034\211\340@\342\033\263\365\356\341\357\350\324\035J\032\177\230\207\220\303+\207\352g\317N\027>\222M\271m\033\236\021:\272\233r\373\233hC}\256\020\210\010\233\335\025[ d(\343\263\327\177\030\246\254H\277\254E\231\006\033_lB\210\264\334Y\322\314\362\320L\000Q\240\317\3502\006,|\364\004\275\034\006\337\370""\330\364\202\314\315\311?\030\260\361u)\336\202\265Y\177X\227$\245tCB\345\314d\231A\300\204\371KJ\036\321\330\014]""EN\266$]\331\226c\264\227\2326\315\307\363\323\325\303\032N\256*\307\327 \235\332\207u\210\271\257\306g\231i*\260\326k\001"";   nodeid: ""\260\000\000\000\000\000\000\000\000\000\000\000\000\000\000\000\000\000\000\000\000\000\000\000\000\000\000\000\000\000\000\000\001""; }; ","ledgerHash: ""\351\312\376z\254\214\206B\274&M\032\376v\266\3104u)\r\312\021\273\030jJH\215G4\367f""; ledgerSeq: 45; type: liAS_NODE; nodes {;   nodedata: ""\021\000h""\000\000\000\000 \033\000\000\000,\002\023\305\337\330\356GuH\375\327!\255\371\r\231\262R\256J\034\222\241\355X\265E\241^W\225\304\014\361CX-}\351f\032\255\274\334m\326c\017\014ao[\342\230\003\245\245\3341Hm\326^\017jy\335\261\032Yt\320\244{g\0306\\302\303*\341\215\223\257\364\277o\375\000r\241SOq\221\253\262\005\017\375T\356\014\360o'\030\311-\267\031\257!\031T\006><\315XM\334\324\345\034\000\325\367\240\271\013\265\024\321\362\354\211\250.\234s\225amc\305\035\366\276\037nD\277`\210\223N\3535\033\261\304f\331]\036\237\306o!\223\221\002\324\031\262\240R\177 ,\214\325\Q])\016\2067\277\t\354\010\000\360\215\2502\265\245\310\226\243c\302Ze\306\253#r\020\211\320iG\276\020E\317\035Sf\223F\254\033@\177e\277\016\010u\327\371&\262\312\317Q\2361t\377x\234\001v\003%\030\325_\225g\204\346a=\225\273\331\354\365*U\363\263N\367b\371\244\314-w\363\262\225Z\200\206\235\233\257?sE\2674\254\326mU\377?\177Ek\336\030!\316Aa\225\303\022\377{\210Y\226\271as\354L\035\004\341\361\035\301\024\220m#*\372\032\3178~\374\250\014*\323\342'z69\220\327\256\351G\367\317u\302\207\270b\315\333\333\334\310I\323&\014\352XZnW2.\335\347\202\021\247\362\212e\034\000\001\250\220\305;a\314\265R\310\017\317\331\235\360\262\240:\277\202\266\354\265X""\022\nh\252\352w\204\203\023]\001f\352\277\0031Q]\362\370R\350{\261\202\240\344\215\201\353\276\322p5p\350\354\017>\250r\241c\273\016\301\024\363\242\247\263\231\370\344\nBW\220K\316@3\243\200\036wk\253GSlU\010\360\231>\331\263H\214\324\030A\225\301o\346pkSF\004\241\213w9\223=\250\262*+\255\351r\265\244c\024\213\t\007`\223\325#\3477\210\345P\306\013\320\252[\0216+\227=`\371P\314\346 V7\271[~\n\237\274|\347\352@K\253~&\260\032\024\004B\200\255h\351\013\361\031:nG\211\005|\2003\266\274\251,W\006u\344\335d\003\306\212\313,\340\350bG\n\030Z\2732-\246\312\255\030\003\235207\005}D\260\0261ah\322M\304\216\273m0\271\234\237\007<w$\265C\245\232\033\023\313c\321B\032l\301h\005\320\252\301\361(\330[\343\357\343{\235\n\266g\272>\177\317\347\261qb&\270&\346ju\200\363N\320\307\004\034\001n\317\361\2653\254\2503\247\305\372\316W\022O\253x\250\025\373\247\354Tc\304\263\243^\352Gv\\264\261\r\035\226\306\2411\351\233\203\215\200$\231\300f\220\371c@\017\254\363\\371\340\340VaR\205~^\226\342t\360\022\204d\231\205)\272\364?\361!\334\331\315\254\230\rBG\314\023\246\244=\351\177\254\302b&\276+H;0\312\021&\275\036\237\350R\313\206R\331\304k\323u\263t\221\213yC\241\217A\242\027g\322\241'\212.E?B_\316\327\217J +\370\t^b\005\020\003\211\373\247|hC\271Nmk~J\270EU\274\036-\347\240\312FA\321\341bca\253\025\321\311\317\021\375\317\217\n\272\033o\353G>\275\361H\265\240\232um""\317\324`\214\221\314\000\211K\223+(""\200i \311\372g\254\343ZR0\224\275q\252\357\213\263\206N\357&Q\217\267\303\356I\236\357\264\311b\037\366\035\253\343\311\265\240\327q\206f\262ODi\215-\363>\034\236l\273\005G\316F\217}[\036\007\270:\260\335\271B\241N\345\330\204\327f\361\272Kb\0377p\334\264\237\177~\330]\252+:\317u\302h\n\351\n\364\231\277R\371\356\033y\265v\360Ny\246\332qY\262\231\251\n\305\334\202\305\362\n\367@k\231\016R:\327\242\366\242\253LZY\223$Gw^\203\302\311\316I7\371tTwp}\005|\372\214\251{R`\230V\244-\326I\351\255\325i\335\377\321\353\327\331\302\023\347y\016\263\271\317\306\017UV\314qu?\0064A\315{3D\010\016S\212\2353k0\361\214ID\303g\277\010Y_\001~\021\333\370\255\374\\331\306\255\336)\365Rth\024\t\300.M\315\321S\257\224\252\362\326P\316\303%nX\3742\333\036\004Y\264yG^\234\177\214\305q\237\274G\300a4\275\240s\215\222\210\016\020G\344=-:GK\312\035\271\201\350\376F\260G\347\000\235\365P6pmH\033\373\212c\377o\232\356\320D\002\277,]os{\354/?\312e\006wda\001\023\375\316\025\254\321\244\370+Y`\220\270\254\2601E[FI\310\235<qI \356\032v%\001\230\016\203\200\251UD\347\304\373\034\211\340@\342\033\263\365\356\341\357\350\324\035J\032\177\230\207\220\303+\207\352g\317N\027>\222M\271m\033\236\021:\272\233r\373\233hC}\256\020\210\010\233\335\025[ d(\343\263\327\177\030\246\254H\277\254E\231\006\033_lB\210\264\334Y\322\314\362\320L\000Q\240\317\3502\006,|\364\004\275\034\006\337\370""\330\364\202\314\315\311?\030\260\361u)\336\202\265Y\177X\227$\245tCB\345\314d\231A\300\204\371KJ\036\321\330\014]""EN\266$]\331\226c\264\227\2326\315\307\363\323\325\303\032N\256*\307\327 \235\332\207u\210\271\257\306g\231i*\260\326k\001"";   nodeid: ""\260\000\000\000\000\000\000\000\000\000\000\000\000\000\000\000\000\000\000\000\000\000\000\000\000\000\000\000\000\000\000\000\001""; }; "
1750527675512,1750527675512,0,1,3,0,TMLedgerData,"ledgerHash: ""\351\312\376z\254\214\206B\274&M\032\376v\266\3104u)\r\312\021\273\030jJH\215G4\367f""; ledgerSeq: 45; type: liBASE; nodes {;   nodedata: ""\000\000\000-\001cEx]\211\377\330\177X\227$\245tCB\345\314d\231A\300\204\371KJ\036\321\330\014]""EN\266$]\331\226c\000\000\000\000\000\000\000\000\000\000\000\000\000\000\000\000\000\000\000\000\000\000\000\000\000\000\000\000\000\000\000\000\247G\374\223\234\370\311\261\341z\014\335E-k/%j\003\231M!y\355\275_\365\210\275\375Z\272/\351\2537/\351\2538\n\000""; }; nodes {;   nodedata: ""\323C\344\327\264{\312-\017:\006{\177\344N\002\326bO\260\220\006\033\362\345\005U\221DzJ0\001\301\025%1L\307\t\261\262z\374\222T\301\274V\236\223\262\270Ct\362\337b\356\024*\324\320\351\317\002k\336\234\027v\351\217\260\303\360\233ZPZWr\246$w\313\313\r\243r\232\2234\373\3539:N\004Q\245\272D\312D\300\300\t\323\0257\345e\271\na\215{\226\255x%T\257\037\333\004\344_/R\006E\344\037@\210\363\010\336T\226\247'\204_{\261\370""1\235\2445\343\033Y!\212\201\341\272\225'\007AV,U\014\211v\260/\032\021\337\221\023b\245C\373\215^\030c\352O\225\030\211G\202\253\342\271\013\003""; }; requestCookie: 3; ","ledgerHash: ""\351\312\376z\254\214\206B\274&M\032\376v\266\3104u)\r\312\021\273\030jJH\215G4\367f""; ledgerSeq: 45; type: liBASE; nodes {;   nodedata: ""\000\000\000-\001cEx]\211\377\330\177X\227$\245tCB\345\314d\231A\300\204\371KJ\036\321\330\014]""EN\266$]\331\226c\000\000\000\000\000\000\000\000\000\000\000\000\000\000\000\000\000\000\000\000\000\000\000\000\000\000\000\000\000\000\000\000\247G\374\223\234\370\311\261\341z\014\335E-k/%j\003\231M!y\355\275_\365\210\275\375Z\272/\351\2537/\351\2538\n\000""; }; nodes {;   nodedata: ""\323C\344\327\264{\312-\017:\006{\177\344N\002\326bO\260\220\006\033\362\345\005U\221DzJ0\001\301\025%1L\307\t\261\262z\374\222T\301\274V\236\223\262\270Ct\362\337b\356\024*\324\320\351\317\002k\336\234\027v\351\217\260\303\360\233ZPZWr\246$w\313\313\r\243r\232\2234\373\3539:N\004Q\245\272D\312D\300\300\t\323\0257\345e\271\na\215{\226\255x%T\257\037\333\004\344_/R\006E\344\037@\210\363\010\336T\226\247'\204_{\261\370""1\235\2445\343\033Y!\212\201\341\272\225'\007AV,U\014\211v\260/\032\021\337\221\023b\245C\373\215^\030c\352O\225\030\211G\202\253\342\271\013\003""; }; requestCookie: 3; "
1750527675512,1750527675512,0,1,2,0,TMLedgerData,"ledgerHash: ""\351\312\376z\254\214\206B\274&M\032\376v\266\3104u)\r\312\021\273\030jJH\215G4\367f""; ledgerSeq: 45; type: liBASE; nodes {;   nodedata: ""\000\000\000-\001cEx]\211\377\330\177X\227$\245tCB\345\314d\231A\300\204\371KJ\036\321\330\014]""EN\266$]\331\226c\000\000\000\000\000\000\000\000\000\000\000\000\000\000\000\000\000\000\000\000\000\000\000\000\000\000\000\000\000\000\000\000\247G\374\223\234\370\311\261\341z\014\335E-k/%j\003\231M!y\355\275_\365\210\275\375Z\272/\351\2537/\351\2538\n\000""; }; nodes {;   nodedata: ""\323C\344\327\264{\312-\017:\006{\177\344N\002\326bO\260\220\006\033\362\345\005U\221DzJ0\001\301\025%1L\307\t\261\262z\374\222T\301\274V\236\223\262\270Ct\362\337b\356\024*\324\320\351\317\002k\336\234\027v\351\217\260\303\360\233ZPZWr\246$w\313\313\r\243r\232\2234\373\3539:N\004Q\245\272D\312D\300\300\t\323\0257\345e\271\na\215{\226\255x%T\257\037\333\004\344_/R\006E\344\037@\210\363\010\336T\226\247'\204_{\261\370""1\235\2445\343\033Y!\212\201\341\272\225'\007AV,U\014\211v\260/\032\021\337\221\023b\245C\373\215^\030c\352O\225\030\211G\202\253\342\271\013\003""; }; ","ledgerHash: ""\351\312\376z\254\214\206B\274&M\032\376v\266\3104u)\r\312\021\273\030jJH\215G4\367f""; ledgerSeq: 45; type: liBASE; nodes {;   nodedata: ""\000\000\000-\001cEx]\211\377\330\177X\227$\245tCB\345\314d\231A\300\204\371KJ\036\321\330\014]""EN\266$]\331\226c\000\000\000\000\000\000\000\000\000\000\000\000\000\000\000\000\000\000\000\000\000\000\000\000\000\000\000\000\000\000\000\000\247G\374\223\234\370\311\261\341z\014\335E-k/%j\003\231M!y\355\275_\365\210\275\375Z\272/\351\2537/\351\2538\n\000""; }; nodes {;   nodedata: ""\323C\344\327\264{\312-\017:\006{\177\344N\002\326bO\260\220\006\033\362\345\005U\221DzJ0\001\301\025%1L\307\t\261\262z\374\222T\301\274V\236\223\262\270Ct\362\337b\356\024*\324\320\351\317\002k\336\234\027v\351\217\260\303\360\233ZPZWr\246$w\313\313\r\243r\232\2234\373\3539:N\004Q\245\272D\312D\300\300\t\323\0257\345e\271\na\215{\226\255x%T\257\037\333\004\344_/R\006E\344\037@\210\363\010\336T\226\247'\204_{\261\370""1\235\2445\343\033Y!\212\201\341\272\225'\007AV,U\014\211v\260/\032\021\337\221\023b\245C\373\215^\030c\352O\225\030\211G\202\253\342\271\013\003""; }; "
1750527675513,1750527675513,0,1,0,1,TMLedgerData,"ledgerHash: ""\351\312\376z\254\214\206B\274&M\032\376v\266\3104u)\r\312\021\273\030jJH\215G4\367f""; ledgerSeq: 45; type: liBASE; nodes {;   nodedata: ""\000\000\000-\001cEx]\211\377\330\177X\227$\245tCB\345\314d\231A\300\204\371KJ\036\321\330\014]""EN\266$]\331\226c\000\000\000\000\000\000\000\000\000\000\000\000\000\000\000\000\000\000\000\000\000\000\000\000\000\000\000\000\000\000\000\000\247G\374\223\234\370\311\261\341z\014\335E-k/%j\003\231M!y\355\275_\365\210\275\375Z\272/\351\2537/\351\2538\n\000""; }; nodes {;   nodedata: ""\323C\344\327\264{\312-\017:\006{\177\344N\002\326bO\260\220\006\033\362\345\005U\221DzJ0\001\301\025%1L\307\t\261\262z\374\222T\301\274V\236\223\262\270Ct\362\337b\356\024*\324\320\351\317\002k\336\234\027v\351\217\260\303\360\233ZPZWr\246$w\313\313\r\243r\232\2234\373\3539:N\004Q\245\272D\312D\300\300\t\323\0257\345e\271\na\215{\226\255x%T\257\037\333\004\344_/R\006E\344\037@\210\363\010\336T\226\247'\204_{\261\370""1\235\2445\343\033Y!\212\201\341\272\225'\007AV,U\014\211v\260/\032\021\337\221\023b\245C\373\215^\030c\352O\225\030\211G\202\253\342\271\013\003""; }; ","ledgerHash: ""\351\312\376z\254\214\206B\274&M\032\376v\266\3104u)\r\312\021\273\030jJH\215G4\367f""; ledgerSeq: 45; type: liBASE; nodes {;   nodedata: ""\000\000\000-\001cEx]\211\377\330\177X\227$\245tCB\345\314d\231A\300\204\371KJ\036\321\330\014]""EN\266$]\331\226c\000\000\000\000\000\000\000\000\000\000\000\000\000\000\000\000\000\000\000\000\000\000\000\000\000\000\000\000\000\000\000\000\247G\374\223\234\370\311\261\341z\014\335E-k/%j\003\231M!y\355\275_\365\210\275\375Z\272/\351\2537/\351\2538\n\000""; }; nodes {;   nodedata: ""\323C\344\327\264{\312-\017:\006{\177\344N\002\326bO\260\220\006\033\362\345\005U\221DzJ0\001\301\025%1L\307\t\261\262z\374\222T\301\274V\236\223\262\270Ct\362\337b\356\024*\324\320\351\317\002k\336\234\027v\351\217\260\303\360\233ZPZWr\246$w\313\313\r\243r\232\2234\373\3539:N\004Q\245\272D\312D\300\300\t\323\0257\345e\271\na\215{\226\255x%T\257\037\333\004\344_/R\006E\344\037@\210\363\010\336T\226\247'\204_{\261\370""1\235\2445\343\033Y!\212\201\341\272\225'\007AV,U\014\211v\260/\032\021\337\221\023b\245C\373\215^\030c\352O\225\030\211G\202\253\342\271\013\003""; }; "
1750527675513,1750527675514,0,1,0,2,TMLedgerData,"ledgerHash: ""\351\312\376z\254\214\206B\274&M\032\376v\266\3104u)\r\312\021\273\030jJH\215G4\367f""; ledgerSeq: 45; type: liBASE; nodes {;   nodedata: ""\000\000\000-\001cEx]\211\377\330\177X\227$\245tCB\345\314d\231A\300\204\371KJ\036\321\330\014]""EN\266$]\331\226c\000\000\000\000\000\000\000\000\000\000\000\000\000\000\000\000\000\000\000\000\000\000\000\000\000\000\000\000\000\000\000\000\247G\374\223\234\370\311\261\341z\014\335E-k/%j\003\231M!y\355\275_\365\210\275\375Z\272/\351\2537/\351\2538\n\000""; }; nodes {;   nodedata: ""\323C\344\327\264{\312-\017:\006{\177\344N\002\326bO\260\220\006\033\362\345\005U\221DzJ0\001\301\025%1L\307\t\261\262z\374\222T\301\274V\236\223\262\270Ct\362\337b\356\024*\324\320\351\317\002k\336\234\027v\351\217\260\303\360\233ZPZWr\246$w\313\313\r\243r\232\2234\373\3539:N\004Q\245\272D\312D\300\300\t\323\0257\345e\271\na\215{\226\255x%T\257\037\333\004\344_/R\006E\344\037@\210\363\010\336T\226\247'\204_{\261\370""1\235\2445\343\033Y!\212\201\341\272\225'\007AV,U\014\211v\260/\032\021\337\221\023b\245C\373\215^\030c\352O\225\030\211G\202\253\342\271\013\003""; }; ","ledgerHash: ""\351\312\376z\254\214\206B\274&M\032\376v\266\3104u)\r\312\021\273\030jJH\215G4\367f""; ledgerSeq: 45; type: liBASE; nodes {;   nodedata: ""\000\000\000-\001cEx]\211\377\330\177X\227$\245tCB\345\314d\231A\300\204\371KJ\036\321\330\014]""EN\266$]\331\226c\000\000\000\000\000\000\000\000\000\000\000\000\000\000\000\000\000\000\000\000\000\000\000\000\000\000\000\000\000\000\000\000\247G\374\223\234\370\311\261\341z\014\335E-k/%j\003\231M!y\355\275_\365\210\275\375Z\272/\351\2537/\351\2538\n\000""; }; nodes {;   nodedata: ""\323C\344\327\264{\312-\017:\006{\177\344N\002\326bO\260\220\006\033\362\345\005U\221DzJ0\001\301\025%1L\307\t\261\262z\374\222T\301\274V\236\223\262\270Ct\362\337b\356\024*\324\320\351\317\002k\336\234\027v\351\217\260\303\360\233ZPZWr\246$w\313\313\r\243r\232\2234\373\3539:N\004Q\245\272D\312D\300\300\t\323\0257\345e\271\na\215{\226\255x%T\257\037\333\004\344_/R\006E\344\037@\210\363\010\336T\226\247'\204_{\261\370""1\235\2445\343\033Y!\212\201\341\272\225'\007AV,U\014\211v\260/\032\021\337\221\023b\245C\373\215^\030c\352O\225\030\211G\202\253\342\271\013\003""; }; "
1750527675628,1750527675628,0,1,4,2,TMStatusChange,"newEvent: neACCEPTED_LEDGER; ledgerSeq: 45; ledgerHash: ""\351\312\376z\254\214\206B\274&M\032\376v\266\3104u)\r\312\021\273\030jJH\215G4\367f""; ledgerHashPrevious: ""\177X\227$\245tCB\345\314d\231A\300\204\371KJ\036\321\330\014]""EN\266$]\331\226c""; networkTime: 803842875; firstSeq: 1; lastSeq: 44; ","newEvent: neACCEPTED_LEDGER; ledgerSeq: 45; ledgerHash: ""\351\312\376z\254\214\206B\274&M\032\376v\266\3104u)\r\312\021\273\030jJH\215G4\367f""; ledgerHashPrevious: ""\177X\227$\245tCB\345\314d\231A\300\204\371KJ\036\321\330\014]""EN\266$]\331\226c""; networkTime: 803842875; firstSeq: 1; lastSeq: 44; "
1750527675628,1750527675628,0,1,4,3,TMStatusChange,"newEvent: neACCEPTED_LEDGER; ledgerSeq: 45; ledgerHash: ""\351\312\376z\254\214\206B\274&M\032\376v\266\3104u)\r\312\021\273\030jJH\215G4\367f""; ledgerHashPrevious: ""\177X\227$\245tCB\345\314d\231A\300\204\371KJ\036\321\330\014]""EN\266$]\331\226c""; networkTime: 803842875; firstSeq: 1; lastSeq: 44; ","newEvent: neACCEPTED_LEDGER; ledgerSeq: 45; ledgerHash: ""\351\312\376z\254\214\206B\274&M\032\376v\266\3104u)\r\312\021\273\030jJH\215G4\367f""; ledgerHashPrevious: ""\177X\227$\245tCB\345\314d\231A\300\204\371KJ\036\321\330\014]""EN\266$]\331\226c""; networkTime: 803842875; firstSeq: 1; lastSeq: 44; "
1750527675629,1750527675629,0,1,4,0,TMStatusChange,"newEvent: neACCEPTED_LEDGER; ledgerSeq: 45; ledgerHash: ""\351\312\376z\254\214\206B\274&M\032\376v\266\3104u)\r\312\021\273\030jJH\215G4\367f""; ledgerHashPrevious: ""\177X\227$\245tCB\345\314d\231A\300\204\371KJ\036\321\330\014]""EN\266$]\331\226c""; networkTime: 803842875; firstSeq: 1; lastSeq: 44; ","newEvent: neACCEPTED_LEDGER; ledgerSeq: 45; ledgerHash: ""\351\312\376z\254\214\206B\274&M\032\376v\266\3104u)\r\312\021\273\030jJH\215G4\367f""; ledgerHashPrevious: ""\177X\227$\245tCB\345\314d\231A\300\204\371KJ\036\321\330\014]""EN\266$]\331\226c""; networkTime: 803842875; firstSeq: 1; lastSeq: 44; "
1750527675629,1750527675629,0,1,4,1,TMStatusChange,"newEvent: neACCEPTED_LEDGER; ledgerSeq: 45; ledgerHash: ""\351\312\376z\254\214\206B\274&M\032\376v\266\3104u)\r\312\021\273\030jJH\215G4\367f""; ledgerHashPrevious: ""\177X\227$\245tCB\345\314d\231A\300\204\371KJ\036\321\330\014]""EN\266$]\331\226c""; networkTime: 803842875; firstSeq: 1; lastSeq: 44; ","newEvent: neACCEPTED_LEDGER; ledgerSeq: 45; ledgerHash: ""\351\312\376z\254\214\206B\274&M\032\376v\266\3104u)\r\312\021\273\030jJH\215G4\367f""; ledgerHashPrevious: ""\177X\227$\245tCB\345\314d\231A\300\204\371KJ\036\321\330\014]""EN\266$]\331\226c""; networkTime: 803842875; firstSeq: 1; lastSeq: 44; "
1750527675670,1750527675670,0,1,4,2,TMValidation,"validation: """"\200\000\000\001&\000\000\000-)/\351\253;:\r\302\353\023?\373\240rQ\351\312\376z\254\214\206B\274&M\032\376v\266\3104u)\r\312\021\273\030jJH\215G4\367fP\027\000\000\000\000\000\000\000\000\000\000\000\000\000\000\000\000\000\000\000\000\000\000\000\000\000\000\000\000\000\000\000\000P\031\177X\227$\245tCB\345\314d\231A\300\204\371KJ\036\321\330\014]""EN\266$]\331\226cs!\003R7o\362bV\300hf\266\241;}\200^\374\240\203[:\342Q\225\221\027y\372\255\235\216\323~vG0E\002!\000\360=\344\302\303\021\377'\035\377\rW-e\231\377\347+g\233\373\247\360\0215\343\363\014\215X\227\373\002 \035$D\207Y\335\257\205|\034!\007i\306Al\275\230\223\223&\234\254\260y\3656\200\331.~\037""; ","validation: """"\200\000\000\001&\000\000\000-)/\351\253;:\r\302\353\023?\373\240rQ\351\312\376z\254\214\206B\274&M\032\376v\266\3104u)\r\312\021\273\030jJH\215G4\367fP\027\000\000\000\000\000\000\000\000\000\000\000\000\000\000\000\000\000\000\000\000\000\000\000\000\000\000\000\000\000\000\000\000P\031\177X\227$\245tCB\345\314d\231A\300\204\371KJ\036\321\330\014]""EN\266$]\331\226cs!\003R7o\362bV\300hf\266\241;}\200^\374\240\203[:\342Q\225\221\027y\372\255\235\216\323~vG0E\002!\000\360=\344\302\303\021\377'\035\377\rW-e\231\377\347+g\233\373\247\360\0215\343\363\014\215X\227\373\002 \035$D\207Y\335\257\205|\034!\007i\306Al\275\230\223\223&\234\254\260y\3656\200\331.~\037""; "
1750527675671,1750527675671,0,1,4,0,TMValidation,"validation: """"\200\000\000\001&\000\000\000-)/\351\253;:\r\302\353\023?\373\240rQ\351\312\376z\254\214\206B\274&M\032\376v\266\3104u)\r\312\021\273\030jJH\215G4\367fP\027\000\000\000\000\000\000\000\000\000\000\000\000\000\000\000\000\000\000\000\000\000\000\000\000\000\000\000\000\000\000\000\000P\031\177X\227$\245tCB\345\314d\231A\300\204\371KJ\036\321\330\014]""EN\266$]\331\226cs!\003R7o\362bV\300hf\266\241;}\200^\374\240\203[:\342Q\225\221\027y\372\255\235\216\323~vG0E\002!\000\360=\344\302\303\021\377'\035\377\rW-e\231\377\347+g\233\373\247\360\0215\343\363\014\215X\227\373\002 \035$D\207Y\335\257\205|\034!\007i\306Al\275\230\223\223&\234\254\260y\3656\200\331.~\037""; ","validation: """"\200\000\000\001&\000\000\000-)/\351\253;:\r\302\353\023?\373\240rQ\351\312\376z\254\214\206B\274&M\032\376v\266\3104u)\r\312\021\273\030jJH\215G4\367fP\027\000\000\000\000\000\000\000\000\000\000\000\000\000\000\000\000\000\000\000\000\000\000\000\000\000\000\000\000\000\000\000\000P\031\177X\227$\245tCB\345\314d\231A\300\204\371KJ\036\321\330\014]""EN\266$]\331\226cs!\003R7o\362bV\300hf\266\241;}\200^\374\240\203[:\342Q\225\221\027y\372\255\235\216\323~vG0E\002!\000\360=\344\302\303\021\377'\035\377\rW-e\231\377\347+g\233\373\247\360\0215\343\363\014\215X\227\373\002 \035$D\207Y\335\257\205|\034!\007i\306Al\275\230\223\223&\234\254\260y\3656\200\331.~\037""; "
1750527675671,1750527675671,0,1,4,3,TMValidation,"validation: """"\200\000\000\001&\000\000\000-)/\351\253;:\r\302\353\023?\373\240rQ\351\312\376z\254\214\206B\274&M\032\376v\266\3104u)\r\312\021\273\030jJH\215G4\367fP\027\000\000\000\000\000\000\000\000\000\000\000\000\000\000\000\000\000\000\000\000\000\000\000\000\000\000\000\000\000\000\000\000P\031\177X\227$\245tCB\345\314d\231A\300\204\371KJ\036\321\330\014]""EN\266$]\331\226cs!\003R7o\362bV\300hf\266\241;}\200^\374\240\203[:\342Q\225\221\027y\372\255\235\216\323~vG0E\002!\000\360=\344\302\303\021\377'\035\377\rW-e\231\377\347+g\233\373\247\360\0215\343\363\014\215X\227\373\002 \035$D\207Y\335\257\205|\034!\007i\306Al\275\230\223\223&\234\254\260y\3656\200\331.~\037""; ","validation: """"\200\000\000\001&\000\000\000-)/\351\253;:\r\302\353\023?\373\240rQ\351\312\376z\254\214\206B\274&M\032\376v\266\3104u)\r\312\021\273\030jJH\215G4\367fP\027\000\000\000\000\000\000\000\000\000\000\000\000\000\000\000\000\000\000\000\000\000\000\000\000\000\000\000\000\000\000\000\000P\031\177X\227$\245tCB\345\314d\231A\300\204\371KJ\036\321\330\014]""EN\266$]\331\226cs!\003R7o\362bV\300hf\266\241;}\200^\374\240\203[:\342Q\225\221\027y\372\255\235\216\323~vG0E\002!\000\360=\344\302\303\021\377'\035\377\rW-e\231\377\347+g\233\373\247\360\0215\343\363\014\215X\227\373\002 \035$D\207Y\335\257\205|\034!\007i\306Al\275\230\223\223&\234\254\260y\3656\200\331.~\037""; "
1750527675670,1750527675670,0,1,4,1,TMValidation,"validation: """"\200\000\000\001&\000\000\000-)/\351\253;:\r\302\353\023?\373\240rQ\351\312\376z\254\214\206B\274&M\032\376v\266\3104u)\r\312\021\273\030jJH\215G4\367fP\027\000\000\000\000\000\000\000\000\000\000\000\000\000\000\000\000\000\000\000\000\000\000\000\000\000\000\000\000\000\000\000\000P\031\177X\227$\245tCB\345\314d\231A\300\204\371KJ\036\321\330\014]""EN\266$]\331\226cs!\003R7o\362bV\300hf\266\241;}\200^\374\240\203[:\342Q\225\221\027y\372\255\235\216\323~vG0E\002!\000\360=\344\302\303\021\377'\035\377\rW-e\231\377\347+g\233\373\247\360\0215\343\363\014\215X\227\373\002 \035$D\207Y\335\257\205|\034!\007i\306Al\275\230\223\223&\234\254\260y\3656\200\331.~\037""; ","validation: """"\200\000\000\001&\000\000\000-)/\351\253;:\r\302\353\023?\373\240rQ\351\312\376z\254\214\206B\274&M\032\376v\266\3104u)\r\312\021\273\030jJH\215G4\367fP\027\000\000\000\000\000\000\000\000\000\000\000\000\000\000\000\000\000\000\000\000\000\000\000\000\000\000\000\000\000\000\000\000P\031\177X\227$\245tCB\345\314d\231A\300\204\371KJ\036\321\330\014]""EN\266$]\331\226cs!\003R7o\362bV\300hf\266\241;}\200^\374\240\203[:\342Q\225\221\027y\372\255\235\216\323~vG0E\002!\000\360=\344\302\303\021\377'\035\377\rW-e\231\377\347+g\233\373\247\360\0215\343\363\014\215X\227\373\002 \035$D\207Y\335\257\205|\034!\007i\306Al\275\230\223\223&\234\254\260y\3656\200\331.~\037""; "
1750527675672,1750527675672,0,1,2,3,TMValidation,"validation: """"\200\000\000\001&\000\000\000-)/\351\253;:\r\302\353\023?\373\240rQ\351\312\376z\254\214\206B\274&M\032\376v\266\3104u)\r\312\021\273\030jJH\215G4\367fP\027\000\000\000\000\000\000\000\000\000\000\000\000\000\000\000\000\000\000\000\000\000\000\000\000\000\000\000\000\000\000\000\000P\031\177X\227$\245tCB\345\314d\231A\300\204\371KJ\036\321\330\014]""EN\266$]\331\226cs!\003R7o\362bV\300hf\266\241;}\200^\374\240\203[:\342Q\225\221\027y\372\255\235\216\323~vG0E\002!\000\360=\344\302\303\021\377'\035\377\rW-e\231\377\347+g\233\373\247\360\0215\343\363\014\215X\227\373\002 \035$D\207Y\335\257\205|\034!\007i\306Al\275\230\223\223&\234\254\260y\3656\200\331.~\037""; ","validation: """"\200\000\000\001&\000\000\000-)/\351\253;:\r\302\353\023?\373\240rQ\351\312\376z\254\214\206B\274&M\032\376v\266\3104u)\r\312\021\273\030jJH\215G4\367fP\027\000\000\000\000\000\000\000\000\000\000\000\000\000\000\000\000\000\000\000\000\000\000\000\000\000\000\000\000\000\000\000\000P\031\177X\227$\245tCB\345\314d\231A\300\204\371KJ\036\321\330\014]""EN\266$]\331\226cs!\003R7o\362bV\300hf\266\241;}\200^\374\240\203[:\342Q\225\221\027y\372\255\235\216\323~vG0E\002!\000\360=\344\302\303\021\377'\035\377\rW-e\231\377\347+g\233\373\247\360\0215\343\363\014\215X\227\373\002 \035$D\207Y\335\257\205|\034!\007i\306Al\275\230\223\223&\234\254\260y\3656\200\331.~\037""; "
1750527675673,1750527675673,0,1,2,0,TMValidation,"validation: """"\200\000\000\001&\000\000\000-)/\351\253;:\r\302\353\023?\373\240rQ\351\312\376z\254\214\206B\274&M\032\376v\266\3104u)\r\312\021\273\030jJH\215G4\367fP\027\000\000\000\000\000\000\000\000\000\000\000\000\000\000\000\000\000\000\000\000\000\000\000\000\000\000\000\000\000\000\000\000P\031\177X\227$\245tCB\345\314d\231A\300\204\371KJ\036\321\330\014]""EN\266$]\331\226cs!\003R7o\362bV\300hf\266\241;}\200^\374\240\203[:\342Q\225\221\027y\372\255\235\216\323~vG0E\002!\000\360=\344\302\303\021\377'\035\377\rW-e\231\377\347+g\233\373\247\360\0215\343\363\014\215X\227\373\002 \035$D\207Y\335\257\205|\034!\007i\306Al\275\230\223\223&\234\254\260y\3656\200\331.~\037""; ","validation: """"\200\000\000\001&\000\000\000-)/\351\253;:\r\302\353\023?\373\240rQ\351\312\376z\254\214\206B\274&M\032\376v\266\3104u)\r\312\021\273\030jJH\215G4\367fP\027\000\000\000\000\000\000\000\000\000\000\000\000\000\000\000\000\000\000\000\000\000\000\000\000\000\000\000\000\000\000\000\000P\031\177X\227$\245tCB\345\314d\231A\300\204\371KJ\036\321\330\014]""EN\266$]\331\226cs!\003R7o\362bV\300hf\266\241;}\200^\374\240\203[:\342Q\225\221\027y\372\255\235\216\323~vG0E\002!\000\360=\344\302\303\021\377'\035\377\rW-e\231\377\347+g\233\373\247\360\0215\343\363\014\215X\227\373\002 \035$D\207Y\335\257\205|\034!\007i\306Al\275\230\223\223&\234\254\260y\3656\200\331.~\037""; "
1750527675674,1750527675674,0,1,0,1,TMValidation,"validation: """"\200\000\000\001&\000\000\000-)/\351\253;:\r\302\353\023?\373\240rQ\351\312\376z\254\214\206B\274&M\032\376v\266\3104u)\r\312\021\273\030jJH\215G4\367fP\027\000\000\000\000\000\000\000\000\000\000\000\000\000\000\000\000\000\000\000\000\000\000\000\000\000\000\000\000\000\000\000\000P\031\177X\227$\245tCB\345\314d\231A\300\204\371KJ\036\321\330\014]""EN\266$]\331\226cs!\003R7o\362bV\300hf\266\241;}\200^\374\240\203[:\342Q\225\221\027y\372\255\235\216\323~vG0E\002!\000\360=\344\302\303\021\377'\035\377\rW-e\231\377\347+g\233\373\247\360\0215\343\363\014\215X\227\373\002 \035$D\207Y\335\257\205|\034!\007i\306Al\275\230\223\223&\234\254\260y\3656\200\331.~\037""; ","validation: """"\200\000\000\001&\000\000\000-)/\351\253;:\r\302\353\023?\373\240rQ\351\312\376z\254\214\206B\274&M\032\376v\266\3104u)\r\312\021\273\030jJH\215G4\367fP\027\000\000\000\000\000\000\000\000\000\000\000\000\000\000\000\000\000\000\000\000\000\000\000\000\000\000\000\000\000\000\000\000P\031\177X\227$\245tCB\345\314d\231A\300\204\371KJ\036\321\330\014]""EN\266$]\331\226cs!\003R7o\362bV\300hf\266\241;}\200^\374\240\203[:\342Q\225\221\027y\372\255\235\216\323~vG0E\002!\000\360=\344\302\303\021\377'\035\377\rW-e\231\377\347+g\233\373\247\360\0215\343\363\014\215X\227\373\002 \035$D\207Y\335\257\205|\034!\007i\306Al\275\230\223\223&\234\254\260y\3656\200\331.~\037""; "
1750527675674,1750527675674,0,1,0,3,TMValidation,"validation: """"\200\000\000\001&\000\000\000-)/\351\253;:\r\302\353\023?\373\240rQ\351\312\376z\254\214\206B\274&M\032\376v\266\3104u)\r\312\021\273\030jJH\215G4\367fP\027\000\000\000\000\000\000\000\000\000\000\000\000\000\000\000\000\000\000\000\000\000\000\000\000\000\000\000\000\000\000\000\000P\031\177X\227$\245tCB\345\314d\231A\300\204\371KJ\036\321\330\014]""EN\266$]\331\226cs!\003R7o\362bV\300hf\266\241;}\200^\374\240\203[:\342Q\225\221\027y\372\255\235\216\323~vG0E\002!\000\360=\344\302\303\021\377'\035\377\rW-e\231\377\347+g\233\373\247\360\0215\343\363\014\215X\227\373\002 \035$D\207Y\335\257\205|\034!\007i\306Al\275\230\223\223&\234\254\260y\3656\200\331.~\037""; ","validation: """"\200\000\000\001&\000\000\000-)/\351\253;:\r\302\353\023?\373\240rQ\351\312\376z\254\214\206B\274&M\032\376v\266\3104u)\r\312\021\273\030jJH\215G4\367fP\027\000\000\000\000\000\000\000\000\000\000\000\000\000\000\000\000\000\000\000\000\000\000\000\000\000\000\000\000\000\000\000\000P\031\177X\227$\245tCB\345\314d\231A\300\204\371KJ\036\321\330\014]""EN\266$]\331\226cs!\003R7o\362bV\300hf\266\241;}\200^\374\240\203[:\342Q\225\221\027y\372\255\235\216\323~vG0E\002!\000\360=\344\302\303\021\377'\035\377\rW-e\231\377\347+g\233\373\247\360\0215\343\363\014\215X\227\373\002 \035$D\207Y\335\257\205|\034!\007i\306Al\275\230\223\223&\234\254\260y\3656\200\331.~\037""; "
1750527675674,1750527675674,0,1,0,2,TMValidation,"validation: """"\200\000\000\001&\000\000\000-)/\351\253;:\r\302\353\023?\373\240rQ\351\312\376z\254\214\206B\274&M\032\376v\266\3104u)\r\312\021\273\030jJH\215G4\367fP\027\000\000\000\000\000\000\000\000\000\000\000\000\000\000\000\000\000\000\000\000\000\000\000\000\000\000\000\000\000\000\000\000P\031\177X\227$\245tCB\345\314d\231A\300\204\371KJ\036\321\330\014]""EN\266$]\331\226cs!\003R7o\362bV\300hf\266\241;}\200^\374\240\203[:\342Q\225\221\027y\372\255\235\216\323~vG0E\002!\000\360=\344\302\303\021\377'\035\377\rW-e\231\377\347+g\233\373\247\360\0215\343\363\014\215X\227\373\002 \035$D\207Y\335\257\205|\034!\007i\306Al\275\230\223\223&\234\254\260y\3656\200\331.~\037""; ","validation: """"\200\000\000\001&\000\000\000-)/\351\253;:\r\302\353\023?\373\240rQ\351\312\376z\254\214\206B\274&M\032\376v\266\3104u)\r\312\021\273\030jJH\215G4\367fP\027\000\000\000\000\000\000\000\000\000\000\000\000\000\000\000\000\000\000\000\000\000\000\000\000\000\000\000\000\000\000\000\000P\031\177X\227$\245tCB\345\314d\231A\300\204\371KJ\036\321\330\014]""EN\266$]\331\226cs!\003R7o\362bV\300hf\266\241;}\200^\374\240\203[:\342Q\225\221\027y\372\255\235\216\323~vG0E\002!\000\360=\344\302\303\021\377'\035\377\rW-e\231\377\347+g\233\373\247\360\0215\343\363\014\215X\227\373\002 \035$D\207Y\335\257\205|\034!\007i\306Al\275\230\223\223&\234\254\260y\3656\200\331.~\037""; "
1750527675673,1750527675673,0,1,2,1,TMValidation,"validation: """"\200\000\000\001&\000\000\000-)/\351\253;:\r\302\353\023?\373\240rQ\351\312\376z\254\214\206B\274&M\032\376v\266\3104u)\r\312\021\273\030jJH\215G4\367fP\027\000\000\000\000\000\000\000\000\000\000\000\000\000\000\000\000\000\000\000\000\000\000\000\000\000\000\000\000\000\000\000\000P\031\177X\227$\245tCB\345\314d\231A\300\204\371KJ\036\321\330\014]""EN\266$]\331\226cs!\003R7o\362bV\300hf\266\241;}\200^\374\240\203[:\342Q\225\221\027y\372\255\235\216\323~vG0E\002!\000\360=\344\302\303\021\377'\035\377\rW-e\231\377\347+g\233\373\247\360\0215\343\363\014\215X\227\373\002 \035$D\207Y\335\257\205|\034!\007i\306Al\275\230\223\223&\234\254\260y\3656\200\331.~\037""; ","validation: """"\200\000\000\001&\000\000\000-)/\351\253;:\r\302\353\023?\373\240rQ\351\312\376z\254\214\206B\274&M\032\376v\266\3104u)\r\312\021\273\030jJH\215G4\367fP\027\000\000\000\000\000\000\000\000\000\000\000\000\000\000\000\000\000\000\000\000\000\000\000\000\000\000\000\000\000\000\000\000P\031\177X\227$\245tCB\345\314d\231A\300\204\371KJ\036\321\330\014]""EN\266$]\331\226cs!\003R7o\362bV\300hf\266\241;}\200^\374\240\203[:\342Q\225\221\027y\372\255\235\216\323~vG0E\002!\000\360=\344\302\303\021\377'\035\377\rW-e\231\377\347+g\233\373\247\360\0215\343\363\014\215X\227\373\002 \035$D\207Y\335\257\205|\034!\007i\306Al\275\230\223\223&\234\254\260y\3656\200\331.~\037""; "
1750527675675,1750527675675,0,1,1,3,TMValidation,"validation: """"\200\000\000\001&\000\000\000-)/\351\253;:\r\302\353\023?\373\240rQ\351\312\376z\254\214\206B\274&M\032\376v\266\3104u)\r\312\021\273\030jJH\215G4\367fP\027\000\000\000\000\000\000\000\000\000\000\000\000\000\000\000\000\000\000\000\000\000\000\000\000\000\000\000\000\000\000\000\000P\031\177X\227$\245tCB\345\314d\231A\300\204\371KJ\036\321\330\014]""EN\266$]\331\226cs!\003R7o\362bV\300hf\266\241;}\200^\374\240\203[:\342Q\225\221\027y\372\255\235\216\323~vG0E\002!\000\360=\344\302\303\021\377'\035\377\rW-e\231\377\347+g\233\373\247\360\0215\343\363\014\215X\227\373\002 \035$D\207Y\335\257\205|\034!\007i\306Al\275\230\223\223&\234\254\260y\3656\200\331.~\037""; ","validation: """"\200\000\000\001&\000\000\000-)/\351\253;:\r\302\353\023?\373\240rQ\351\312\376z\254\214\206B\274&M\032\376v\266\3104u)\r\312\021\273\030jJH\215G4\367fP\027\000\000\000\000\000\000\000\000\000\000\000\000\000\000\000\000\000\000\000\000\000\000\000\000\000\000\000\000\000\000\000\000P\031\177X\227$\245tCB\345\314d\231A\300\204\371KJ\036\321\330\014]""EN\266$]\331\226cs!\003R7o\362bV\300hf\266\241;}\200^\374\240\203[:\342Q\225\221\027y\372\255\235\216\323~vG0E\002!\000\360=\344\302\303\021\377'\035\377\rW-e\231\377\347+g\233\373\247\360\0215\343\363\014\215X\227\373\002 \035$D\207Y\335\257\205|\034!\007i\306Al\275\230\223\223&\234\254\260y\3656\200\331.~\037""; "
1750527675675,1750527675675,0,1,1,0,TMValidation,"validation: """"\200\000\000\001&\000\000\000-)/\351\253;:\r\302\353\023?\373\240rQ\351\312\376z\254\214\206B\274&M\032\376v\266\3104u)\r\312\021\273\030jJH\215G4\367fP\027\000\000\000\000\000\000\000\000\000\000\000\000\000\000\000\000\000\000\000\000\000\000\000\000\000\000\000\000\000\000\000\000P\031\177X\227$\245tCB\345\314d\231A\300\204\371KJ\036\321\330\014]""EN\266$]\331\226cs!\003R7o\362bV\300hf\266\241;}\200^\374\240\203[:\342Q\225\221\027y\372\255\235\216\323~vG0E\002!\000\360=\344\302\303\021\377'\035\377\rW-e\231\377\347+g\233\373\247\360\0215\343\363\014\215X\227\373\002 \035$D\207Y\335\257\205|\034!\007i\306Al\275\230\223\223&\234\254\260y\3656\200\331.~\037""; ","validation: """"\200\000\000\001&\000\000\000-)/\351\253;:\r\302\353\023?\373\240rQ\351\312\376z\254\214\206B\274&M\032\376v\266\3104u)\r\312\021\273\030jJH\215G4\367fP\027\000\000\000\000\000\000\000\000\000\000\000\000\000\000\000\000\000\000\000\000\000\000\000\000\000\000\000\000\000\000\000\000P\031\177X\227$\245tCB\345\314d\231A\300\204\371KJ\036\321\330\014]""EN\266$]\331\226cs!\003R7o\362bV\300hf\266\241;}\200^\374\240\203[:\342Q\225\221\027y\372\255\235\216\323~vG0E\002!\000\360=\344\302\303\021\377'\035\377\rW-e\231\377\347+g\233\373\247\360\0215\343\363\014\215X\227\373\002 \035$D\207Y\335\257\205|\034!\007i\306Al\275\230\223\223&\234\254\260y\3656\200\331.~\037""; "
1750527675676,1750527675676,0,1,3,1,TMValidation,"validation: """"\200\000\000\001&\000\000\000-)/\351\253;:\r\302\353\023?\373\240rQ\351\312\376z\254\214\206B\274&M\032\376v\266\3104u)\r\312\021\273\030jJH\215G4\367fP\027\000\000\000\000\000\000\000\000\000\000\000\000\000\000\000\000\000\000\000\000\000\000\000\000\000\000\000\000\000\000\000\000P\031\177X\227$\245tCB\345\314d\231A\300\204\371KJ\036\321\330\014]""EN\266$]\331\226cs!\003R7o\362bV\300hf\266\241;}\200^\374\240\203[:\342Q\225\221\027y\372\255\235\216\323~vG0E\002!\000\360=\344\302\303\021\377'\035\377\rW-e\231\377\347+g\233\373\247\360\0215\343\363\014\215X\227\373\002 \035$D\207Y\335\257\205|\034!\007i\306Al\275\230\223\223&\234\254\260y\3656\200\331.~\037""; ","validation: """"\200\000\000\001&\000\000\000-)/\351\253;:\r\302\353\023?\373\240rQ\351\312\376z\254\214\206B\274&M\032\376v\266\3104u)\r\312\021\273\030jJH\215G4\367fP\027\000\000\000\000\000\000\000\000\000\000\000\000\000\000\000\000\000\000\000\000\000\000\000\000\000\000\000\000\000\000\000\000P\031\177X\227$\245tCB\345\314d\231A\300\204\371KJ\036\321\330\014]""EN\266$]\331\226cs!\003R7o\362bV\300hf\266\241;}\200^\374\240\203[:\342Q\225\221\027y\372\255\235\216\323~vG0E\002!\000\360=\344\302\303\021\377'\035\377\rW-e\231\377\347+g\233\373\247\360\0215\343\363\014\215X\227\373\002 \035$D\207Y\335\257\205|\034!\007i\306Al\275\230\223\223&\234\254\260y\3656\200\331.~\037""; "
1750527675676,1750527675676,0,1,3,0,TMValidation,"validation: """"\200\000\000\001&\000\000\000-)/\351\253;:\r\302\353\023?\373\240rQ\351\312\376z\254\214\206B\274&M\032\376v\266\3104u)\r\312\021\273\030jJH\215G4\367fP\027\000\000\000\000\000\000\000\000\000\000\000\000\000\000\000\000\000\000\000\000\000\000\000\000\000\000\000\000\000\000\000\000P\031\177X\227$\245tCB\345\314d\231A\300\204\371KJ\036\321\330\014]""EN\266$]\331\226cs!\003R7o\362bV\300hf\266\241;}\200^\374\240\203[:\342Q\225\221\027y\372\255\235\216\323~vG0E\002!\000\360=\344\302\303\021\377'\035\377\rW-e\231\377\347+g\233\373\247\360\0215\343\363\014\215X\227\373\002 \035$D\207Y\335\257\205|\034!\007i\306Al\275\230\223\223&\234\254\260y\3656\200\331.~\037""; ","validation: """"\200\000\000\001&\000\000\000-)/\351\253;:\r\302\353\023?\373\240rQ\351\312\376z\254\214\206B\274&M\032\376v\266\3104u)\r\312\021\273\030jJH\215G4\367fP\027\000\000\000\000\000\000\000\000\000\000\000\000\000\000\000\000\000\000\000\000\000\000\000\000\000\000\000\000\000\000\000\000P\031\177X\227$\245tCB\345\314d\231A\300\204\371KJ\036\321\330\014]""EN\266$]\331\226cs!\003R7o\362bV\300hf\266\241;}\200^\374\240\203[:\342Q\225\221\027y\372\255\235\216\323~vG0E\002!\000\360=\344\302\303\021\377'\035\377\rW-e\231\377\347+g\233\373\247\360\0215\343\363\014\215X\227\373\002 \035$D\207Y\335\257\205|\034!\007i\306Al\275\230\223\223&\234\254\260y\3656\200\331.~\037""; "
1750527675676,1750527675676,0,1,1,2,TMValidation,"validation: """"\200\000\000\001&\000\000\000-)/\351\253;:\r\302\353\023?\373\240rQ\351\312\376z\254\214\206B\274&M\032\376v\266\3104u)\r\312\021\273\030jJH\215G4\367fP\027\000\000\000\000\000\000\000\000\000\000\000\000\000\000\000\000\000\000\000\000\000\000\000\000\000\000\000\000\000\000\000\000P\031\177X\227$\245tCB\345\314d\231A\300\204\371KJ\036\321\330\014]""EN\266$]\331\226cs!\003R7o\362bV\300hf\266\241;}\200^\374\240\203[:\342Q\225\221\027y\372\255\235\216\323~vG0E\002!\000\360=\344\302\303\021\377'\035\377\rW-e\231\377\347+g\233\373\247\360\0215\343\363\014\215X\227\373\002 \035$D\207Y\335\257\205|\034!\007i\306Al\275\230\223\223&\234\254\260y\3656\200\331.~\037""; ","validation: """"\200\000\000\001&\000\000\000-)/\351\253;:\r\302\353\023?\373\240rQ\351\312\376z\254\214\206B\274&M\032\376v\266\3104u)\r\312\021\273\030jJH\215G4\367fP\027\000\000\000\000\000\000\000\000\000\000\000\000\000\000\000\000\000\000\000\000\000\000\000\000\000\000\000\000\000\000\000\000P\031\177X\227$\245tCB\345\314d\231A\300\204\371KJ\036\321\330\014]""EN\266$]\331\226cs!\003R7o\362bV\300hf\266\241;}\200^\374\240\203[:\342Q\225\221\027y\372\255\235\216\323~vG0E\002!\000\360=\344\302\303\021\377'\035\377\rW-e\231\377\347+g\233\373\247\360\0215\343\363\014\215X\227\373\002 \035$D\207Y\335\257\205|\034!\007i\306Al\275\230\223\223&\234\254\260y\3656\200\331.~\037""; "
1750527675676,1750527675676,0,1,3,2,TMValidation,"validation: """"\200\000\000\001&\000\000\000-)/\351\253;:\r\302\353\023?\373\240rQ\351\312\376z\254\214\206B\274&M\032\376v\266\3104u)\r\312\021\273\030jJH\215G4\367fP\027\000\000\000\000\000\000\000\000\000\000\000\000\000\000\000\000\000\000\000\000\000\000\000\000\000\000\000\000\000\000\000\000P\031\177X\227$\245tCB\345\314d\231A\300\204\371KJ\036\321\330\014]""EN\266$]\331\226cs!\003R7o\362bV\300hf\266\241;}\200^\374\240\203[:\342Q\225\221\027y\372\255\235\216\323~vG0E\002!\000\360=\344\302\303\021\377'\035\377\rW-e\231\377\347+g\233\373\247\360\0215\343\363\014\215X\227\373\002 \035$D\207Y\335\257\205|\034!\007i\306Al\275\230\223\223&\234\254\260y\3656\200\331.~\037""; ","validation: """"\200\000\000\001&\000\000\000-)/\351\253;:\r\302\353\023?\373\240rQ\351\312\376z\254\214\206B\274&M\032\376v\266\3104u)\r\312\021\273\030jJH\215G4\367fP\027\000\000\000\000\000\000\000\000\000\000\000\000\000\000\000\000\000\000\000\000\000\000\000\000\000\000\000\000\000\000\000\000P\031\177X\227$\245tCB\345\314d\231A\300\204\371KJ\036\321\330\014]""EN\266$]\331\226cs!\003R7o\362bV\300hf\266\241;}\200^\374\240\203[:\342Q\225\221\027y\372\255\235\216\323~vG0E\002!\000\360=\344\302\303\021\377'\035\377\rW-e\231\377\347+g\233\373\247\360\0215\343\363\014\215X\227\373\002 \035$D\207Y\335\257\205|\034!\007i\306Al\275\230\223\223&\234\254\260y\3656\200\331.~\037""; "
1750527675697,1750527675697,0,1,1,0,TMStatusChange,"newEvent: neACCEPTED_LEDGER; ledgerSeq: 14; ledgerHash: ""r5V`\342WB\225\022\264\377\027\366m\353L\212_\304\2271c\333~]\222R\037\017\006\347\370""; ledgerHashPrevious: ""<\327\304JT*\320""\007\201l\357[\\227ps\341\177(\335\333&R\276\033\202\032\346\375*\254""; networkTime: 803842875; firstSeq: 1; lastSeq: 45; ","newEvent: neACCEPTED_LEDGER; ledgerSeq: 14; ledgerHash: ""r5V`\342WB\225\022\264\377\027\366m\353L\212_\304\2271c\333~]\222R\037\017\006\347\370""; ledgerHashPrevious: ""<\327\304JT*\320""\007\201l\357[\\227ps\341\177(\335\333&R\276\033\202\032\346\375*\254""; networkTime: 803842875; firstSeq: 1; lastSeq: 45; "
1750527675698,1750527675698,0,1,1,4,TMStatusChange,"newEvent: neACCEPTED_LEDGER; ledgerSeq: 14; ledgerHash: ""r5V`\342WB\225\022\264\377\027\366m\353L\212_\304\2271c\333~]\222R\037\017\006\347\370""; ledgerHashPrevious: ""<\327\304JT*\320""\007\201l\357[\\227ps\341\177(\335\333&R\276\033\202\032\346\375*\254""; networkTime: 803842875; firstSeq: 1; lastSeq: 45; ","newEvent: neACCEPTED_LEDGER; ledgerSeq: 14; ledgerHash: ""r5V`\342WB\225\022\264\377\027\366m\353L\212_\304\2271c\333~]\222R\037\017\006\347\370""; ledgerHashPrevious: ""<\327\304JT*\320""\007\201l\357[\\227ps\341\177(\335\333&R\276\033\202\032\346\375*\254""; networkTime: 803842875; firstSeq: 1; lastSeq: 45; "
1750527675698,1750527675698,0,1,1,3,TMStatusChange,"newEvent: neACCEPTED_LEDGER; ledgerSeq: 14; ledgerHash: ""r5V`\342WB\225\022\264\377\027\366m\353L\212_\304\2271c\333~]\222R\037\017\006\347\370""; ledgerHashPrevious: ""<\327\304JT*\320""\007\201l\357[\\227ps\341\177(\335\333&R\276\033\202\032\346\375*\254""; networkTime: 803842875; firstSeq: 1; lastSeq: 45; ","newEvent: neACCEPTED_LEDGER; ledgerSeq: 14; ledgerHash: ""r5V`\342WB\225\022\264\377\027\366m\353L\212_\304\2271c\333~]\222R\037\017\006\347\370""; ledgerHashPrevious: ""<\327\304JT*\320""\007\201l\357[\\227ps\341\177(\335\333&R\276\033\202\032\346\375*\254""; networkTime: 803842875; firstSeq: 1; lastSeq: 45; "
1750527675698,1750527675698,0,1,1,2,TMStatusChange,"newEvent: neACCEPTED_LEDGER; ledgerSeq: 14; ledgerHash: ""r5V`\342WB\225\022\264\377\027\366m\353L\212_\304\2271c\333~]\222R\037\017\006\347\370""; ledgerHashPrevious: ""<\327\304JT*\320""\007\201l\357[\\227ps\341\177(\335\333&R\276\033\202\032\346\375*\254""; networkTime: 803842875; firstSeq: 1; lastSeq: 45; ","newEvent: neACCEPTED_LEDGER; ledgerSeq: 14; ledgerHash: ""r5V`\342WB\225\022\264\377\027\366m\353L\212_\304\2271c\333~]\222R\037\017\006\347\370""; ledgerHashPrevious: ""<\327\304JT*\320""\007\201l\357[\\227ps\341\177(\335\333&R\276\033\202\032\346\375*\254""; networkTime: 803842875; firstSeq: 1; lastSeq: 45; "
1750527676467,1750527676505,0,1,3,4,TMStatusChange,"newEvent: neCLOSING_LEDGER; ledgerSeq: 45; ledgerHash: ""\351\312\376z\254\214\206B\274&M\032\376v\266\3104u)\r\312\021\273\030jJH\215G4\367f""; ledgerHashPrevious: ""\177X\227$\245tCB\345\314d\231A\300\204\371KJ\036\321\330\014]""EN\266$]\331\226c""; networkTime: 803842876; firstSeq: 1; lastSeq: 45; ","newEvent: neCLOSING_LEDGER; ledgerSeq: 45; ledgerHash: ""\351\312\376z\254\214\206B\274&M\032\376v\266\3104u)\r\312\021\273\030jJH\215G4\367f""; ledgerHashPrevious: ""\177X\227$\245tCB\345\314d\231A\300\204\371KJ\036\321\330\014]""EN\266$]\331\226c""; networkTime: 803842876; firstSeq: 1; lastSeq: 45; "
1750527676467,1750527676506,0,1,3,1,TMStatusChange,"newEvent: neCLOSING_LEDGER; ledgerSeq: 45; ledgerHash: ""\351\312\376z\254\214\206B\274&M\032\376v\266\3104u)\r\312\021\273\030jJH\215G4\367f""; ledgerHashPrevious: ""\177X\227$\245tCB\345\314d\231A\300\204\371KJ\036\321\330\014]""EN\266$]\331\226c""; networkTime: 803842876; firstSeq: 1; lastSeq: 45; ","newEvent: neCLOSING_LEDGER; ledgerSeq: 45; ledgerHash: ""\351\312\376z\254\214\206B\274&M\032\376v\266\3104u)\r\312\021\273\030jJH\215G4\367f""; ledgerHashPrevious: ""\177X\227$\245tCB\345\314d\231A\300\204\371KJ\036\321\330\014]""EN\266$]\331\226c""; networkTime: 803842876; firstSeq: 1; lastSeq: 45; "
1750527676467,1750527676505,0,1,3,2,TMStatusChange,"newEvent: neCLOSING_LEDGER; ledgerSeq: 45; ledgerHash: ""\351\312\376z\254\214\206B\274&M\032\376v\266\3104u)\r\312\021\273\030jJH\215G4\367f""; ledgerHashPrevious: ""\177X\227$\245tCB\345\314d\231A\300\204\371KJ\036\321\330\014]""EN\266$]\331\226c""; networkTime: 803842876; firstSeq: 1; lastSeq: 45; ","newEvent: neCLOSING_LEDGER; ledgerSeq: 45; ledgerHash: ""\351\312\376z\254\214\206B\274&M\032\376v\266\3104u)\r\312\021\273\030jJH\215G4\367f""; ledgerHashPrevious: ""\177X\227$\245tCB\345\314d\231A\300\204\371KJ\036\321\330\014]""EN\266$]\331\226c""; networkTime: 803842876; firstSeq: 1; lastSeq: 45; "
1750527676468,1750527676506,0,1,3,0,TMStatusChange,"newEvent: neCLOSING_LEDGER; ledgerSeq: 45; ledgerHash: ""\351\312\376z\254\214\206B\274&M\032\376v\266\3104u)\r\312\021\273\030jJH\215G4\367f""; ledgerHashPrevious: ""\177X\227$\245tCB\345\314d\231A\300\204\371KJ\036\321\330\014]""EN\266$]\331\226c""; networkTime: 803842876; firstSeq: 1; lastSeq: 45; ","newEvent: neCLOSING_LEDGER; ledgerSeq: 45; ledgerHash: ""\351\312\376z\254\214\206B\274&M\032\376v\266\3104u)\r\312\021\273\030jJH\215G4\367f""; ledgerHashPrevious: ""\177X\227$\245tCB\345\314d\231A\300\204\371KJ\036\321\330\014]""EN\266$]\331\226c""; networkTime: 803842876; firstSeq: 1; lastSeq: 45; "
1750527676510,1750527676510,0,1,3,4,TMProposeSet,"proposeSeq: 0; currentTxHash: ""\000\000\000\000\000\000\000\000\000\000\000\000\000\000\000\000\000\000\000\000\000\000\000\000\000\000\000\000\000\000\000\000""; nodePubKey: ""\002\364d\217\366\217|\316F\232\231\241\n\261\333`\312O\367\235\025DD\336e\367\n\312\326\221\037\025\230""; closeTime: 803842876; signature: ""0E\002!\000\250\356\331\276\000\026 \355""\313l\254\210\300\370\034\207f\361\344\325{\265\240\010\253\036\347X\001\344\021\002 Xs\333\315\330}#\220Te\031x\234s\305\200\033\324\376Q\242\004x\346\267\364\257\26376\023@""; previousledger: ""\351\312\376z\254\214\206B\274&M\032\376v\266\3104u)\r\312\021\273\030jJH\215G4\367f""; ","proposeSeq: 0; currentTxHash: ""\000\000\000\000\000\000\000\000\000\000\000\000\000\000\000\000\000\000\000\000\000\000\000\000\000\000\000\000\000\000\000\000""; nodePubKey: ""\002\364d\217\366\217|\316F\232\231\241\n\261\333`\312O\367\235\025DD\336e\367\n\312\326\221\037\025\230""; closeTime: 803842876; signature: ""0E\002!\000\250\356\331\276\000\026 \355""\313l\254\210\300\370\034\207f\361\344\325{\265\240\010\253\036\347X\001\344\021\002 Xs\333\315\330}#\220Te\031x\234s\305\200\033\324\376Q\242\004x\346\267\364\257\26376\023@""; previousledger: ""\351\312\376z\254\214\206B\274&M\032\376v\266\3104u)\r\312\021\273\030jJH\215G4\367f""; "
1750527676512,1750527676512,0,1,3,2,TMProposeSet,"proposeSeq: 0; currentTxHash: ""\000\000\000\000\000\000\000\000\000\000\000\000\000\000\000\000\000\000\000\000\000\000\000\000\000\000\000\000\000\000\000\000""; nodePubKey: ""\002\364d\217\366\217|\316F\232\231\241\n\261\333`\312O\367\235\025DD\336e\367\n\312\326\221\037\025\230""; closeTime: 803842876; signature: ""0E\002!\000\250\356\331\276\000\026 \355""\313l\254\210\300\370\034\207f\361\344\325{\265\240\010\253\036\347X\001\344\021\002 Xs\333\315\330}#\220Te\031x\234s\305\200\033\324\376Q\242\004x\346\267\364\257\26376\023@""; previousledger: ""\351\312\376z\254\214\206B\274&M\032\376v\266\3104u)\r\312\021\273\030jJH\215G4\367f""; ","proposeSeq: 0; currentTxHash: ""\000\000\000\000\000\000\000\000\000\000\000\000\000\000\000\000\000\000\000\000\000\000\000\000\000\000\000\000\000\000\000\000""; nodePubKey: ""\002\364d\217\366\217|\316F\232\231\241\n\261\333`\312O\367\235\025DD\336e\367\n\312\326\221\037\025\230""; closeTime: 803842876; signature: ""0E\002!\000\250\356\331\276\000\026 \355""\313l\254\210\300\370\034\207f\361\344\325{\265\240\010\253\036\347X\001\344\021\002 Xs\333\315\330}#\220Te\031x\234s\305\200\033\324\376Q\242\004x\346\267\364\257\26376\023@""; previousledger: ""\351\312\376z\254\214\206B\274&M\032\376v\266\3104u)\r\312\021\273\030jJH\215G4\367f""; "
1750527676512,1750527676513,0,1,3,1,TMProposeSet,"proposeSeq: 0; currentTxHash: ""\000\000\000\000\000\000\000\000\000\000\000\000\000\000\000\000\000\000\000\000\000\000\000\000\000\000\000\000\000\000\000\000""; nodePubKey: ""\002\364d\217\366\217|\316F\232\231\241\n\261\333`\312O\367\235\025DD\336e\367\n\312\326\221\037\025\230""; closeTime: 803842876; signature: ""0E\002!\000\250\356\331\276\000\026 \355""\313l\254\210\300\370\034\207f\361\344\325{\265\240\010\253\036\347X\001\344\021\002 Xs\333\315\330}#\220Te\031x\234s\305\200\033\324\376Q\242\004x\346\267\364\257\26376\023@""; previousledger: ""\351\312\376z\254\214\206B\274&M\032\376v\266\3104u)\r\312\021\273\030jJH\215G4\367f""; ","proposeSeq: 0; currentTxHash: ""\000\000\000\000\000\000\000\000\000\000\000\000\000\000\000\000\000\000\000\000\000\000\000\000\000\000\000\000\000\000\000\000""; nodePubKey: ""\002\364d\217\366\217|\316F\232\231\241\n\261\333`\312O\367\235\025DD\336e\367\n\312\326\221\037\025\230""; closeTime: 803842876; signature: ""0E\002!\000\250\356\331\276\000\026 \355""\313l\254\210\300\370\034\207f\361\344\325{\265\240\010\253\036\347X\001\344\021\002 Xs\333\315\330}#\220Te\031x\234s\305\200\033\324\376Q\242\004x\346\267\364\257\26376\023@""; previousledger: ""\351\312\376z\254\214\206B\274&M\032\376v\266\3104u)\r\312\021\273\030jJH\215G4\367f""; "
1750527676512,1750527676512,0,1,3,0,TMProposeSet,"proposeSeq: 0; currentTxHash: ""\000\000\000\000\000\000\000\000\000\000\000\000\000\000\000\000\000\000\000\000\000\000\000\000\000\000\000\000\000\000\000\000""; nodePubKey: ""\002\364d\217\366\217|\316F\232\231\241\n\261\333`\312O\367\235\025DD\336e\367\n\312\326\221\037\025\230""; closeTime: 803842876; signature: ""0E\002!\000\250\356\331\276\000\026 \355""\313l\254\210\300\370\034\207f\361\344\325{\265\240\010\253\036\347X\001\344\021\002 Xs\333\315\330}#\220Te\031x\234s\305\200\033\324\376Q\242\004x\346\267\364\257\26376\023@""; previousledger: ""\351\312\376z\254\214\206B\274&M\032\376v\266\3104u)\r\312\021\273\030jJH\215G4\367f""; ","proposeSeq: 0; currentTxHash: ""\000\000\000\000\000\000\000\000\000\000\000\000\000\000\000\000\000\000\000\000\000\000\000\000\000\000\000\000\000\000\000\000""; nodePubKey: ""\002\364d\217\366\217|\316F\232\231\241\n\261\333`\312O\367\235\025DD\336e\367\n\312\326\221\037\025\230""; closeTime: 803842876; signature: ""0E\002!\000\250\356\331\276\000\026 \355""\313l\254\210\300\370\034\207f\361\344\325{\265\240\010\253\036\347X\001\344\021\002 Xs\333\315\330}#\220Te\031x\234s\305\200\033\324\376Q\242\004x\346\267\364\257\26376\023@""; previousledger: ""\351\312\376z\254\214\206B\274&M\032\376v\266\3104u)\r\312\021\273\030jJH\215G4\367f""; "
1750527676515,1750527676515,0,1,4,2,TMProposeSet,"proposeSeq: 0; currentTxHash: ""\000\000\000\000\000\000\000\000\000\000\000\000\000\000\000\000\000\000\000\000\000\000\000\000\000\000\000\000\000\000\000\000""; nodePubKey: ""\002\364d\217\366\217|\316F\232\231\241\n\261\333`\312O\367\235\025DD\336e\367\n\312\326\221\037\025\230""; closeTime: 803842876; signature: ""0E\002!\000\250\356\331\276\000\026 \355""\313l\254\210\300\370\034\207f\361\344\325{\265\240\010\253\036\347X\001\344\021\002 Xs\333\315\330}#\220Te\031x\234s\305\200\033\324\376Q\242\004x\346\267\364\257\26376\023@""; previousledger: ""\351\312\376z\254\214\206B\274&M\032\376v\266\3104u)\r\312\021\273\030jJH\215G4\367f""; ","proposeSeq: 0; currentTxHash: ""\000\000\000\000\000\000\000\000\000\000\000\000\000\000\000\000\000\000\000\000\000\000\000\000\000\000\000\000\000\000\000\000""; nodePubKey: ""\002\364d\217\366\217|\316F\232\231\241\n\261\333`\312O\367\235\025DD\336e\367\n\312\326\221\037\025\230""; closeTime: 803842876; signature: ""0E\002!\000\250\356\331\276\000\026 \355""\313l\254\210\300\370\034\207f\361\344\325{\265\240\010\253\036\347X\001\344\021\002 Xs\333\315\330}#\220Te\031x\234s\305\200\033\324\376Q\242\004x\346\267\364\257\26376\023@""; previousledger: ""\351\312\376z\254\214\206B\274&M\032\376v\266\3104u)\r\312\021\273\030jJH\215G4\367f""; "
1750527676516,1750527676516,0,1,4,1,TMProposeSet,"proposeSeq: 0; currentTxHash: ""\000\000\000\000\000\000\000\000\000\000\000\000\000\000\000\000\000\000\000\000\000\000\000\000\000\000\000\000\000\000\000\000""; nodePubKey: ""\002\364d\217\366\217|\316F\232\231\241\n\261\333`\312O\367\235\025DD\336e\367\n\312\326\221\037\025\230""; closeTime: 803842876; signature: ""0E\002!\000\250\356\331\276\000\026 \355""\313l\254\210\300\370\034\207f\361\344\325{\265\240\010\253\036\347X\001\344\021\002 Xs\333\315\330}#\220Te\031x\234s\305\200\033\324\376Q\242\004x\346\267\364\257\26376\023@""; previousledger: ""\351\312\376z\254\214\206B\274&M\032\376v\266\3104u)\r\312\021\273\030jJH\215G4\367f""; ","proposeSeq: 0; currentTxHash: ""\000\000\000\000\000\000\000\000\000\000\000\000\000\000\000\000\000\000\000\000\000\000\000\000\000\000\000\000\000\000\000\000""; nodePubKey: ""\002\364d\217\366\217|\316F\232\231\241\n\261\333`\312O\367\235\025DD\336e\367\n\312\326\221\037\025\230""; closeTime: 803842876; signature: ""0E\002!\000\250\356\331\276\000\026 \355""\313l\254\210\300\370\034\207f\361\344\325{\265\240\010\253\036\347X\001\344\021\002 Xs\333\315\330}#\220Te\031x\234s\305\200\033\324\376Q\242\004x\346\267\364\257\26376\023@""; previousledger: ""\351\312\376z\254\214\206B\274&M\032\376v\266\3104u)\r\312\021\273\030jJH\215G4\367f""; "
1750527676516,1750527676516,0,1,4,0,TMProposeSet,"proposeSeq: 0; currentTxHash: ""\000\000\000\000\000\000\000\000\000\000\000\000\000\000\000\000\000\000\000\000\000\000\000\000\000\000\000\000\000\000\000\000""; nodePubKey: ""\002\364d\217\366\217|\316F\232\231\241\n\261\333`\312O\367\235\025DD\336e\367\n\312\326\221\037\025\230""; closeTime: 803842876; signature: ""0E\002!\000\250\356\331\276\000\026 \355""\313l\254\210\300\370\034\207f\361\344\325{\265\240\010\253\036\347X\001\344\021\002 Xs\333\315\330}#\220Te\031x\234s\305\200\033\324\376Q\242\004x\346\267\364\257\26376\023@""; previousledger: ""\351\312\376z\254\214\206B\274&M\032\376v\266\3104u)\r\312\021\273\030jJH\215G4\367f""; ","proposeSeq: 0; currentTxHash: ""\000\000\000\000\000\000\000\000\000\000\000\000\000\000\000\000\000\000\000\000\000\000\000\000\000\000\000\000\000\000\000\000""; nodePubKey: ""\002\364d\217\366\217|\316F\232\231\241\n\261\333`\312O\367\235\025DD\336e\367\n\312\326\221\037\025\230""; closeTime: 803842876; signature: ""0E\002!\000\250\356\331\276\000\026 \355""\313l\254\210\300\370\034\207f\361\344\325{\265\240\010\253\036\347X\001\344\021\002 Xs\333\315\330}#\220Te\031x\234s\305\200\033\324\376Q\242\004x\346\267\364\257\26376\023@""; previousledger: ""\351\312\376z\254\214\206B\274&M\032\376v\266\3104u)\r\312\021\273\030jJH\215G4\367f""; "
1750527676630,1750527676630,0,1,4,1,TMProposeSet,"proposeSeq: 0; currentTxHash: ""\000\000\000\000\000\000\000\000\000\000\000\000\000\000\000\000\000\000\000\000\000\000\000\000\000\000\000\000\000\000\000\000""; nodePubKey: ""\003R7o\362bV\300hf\266\241;}\200^\374\240\203[:\342Q\225\221\027y\372\255\235\216\323~""; closeTime: 803842876; signature: ""0D\002 \033E\024\247\315z\241\331\242\037\002\213-\271\035U\270.\254\343=j\265P\373\\275\317(B\307\000\002 \{\265\226\350\343\347\0327\315\217\035\232\014+r\351\247\022g\367\274\252\301U2\202_\002R\307\027""; previousledger: ""\351\312\376z\254\214\206B\274&M\032\376v\266\3104u)\r\312\021\273\030jJH\215G4\367f""; ","proposeSeq: 0; currentTxHash: ""\000\000\000\000\000\000\000\000\000\000\000\000\000\000\000\000\000\000\000\000\000\000\000\000\000\000\000\000\000\000\000\000""; nodePubKey: ""\003R7o\362bV\300hf\266\241;}\200^\374\240\203[:\342Q\225\221\027y\372\255\235\216\323~""; closeTime: 803842876; signature: ""0D\002 \033E\024\247\315z\241\331\242\037\002\213-\271\035U\270.\254\343=j\265P\373\\275\317(B\307\000\002 \{\265\226\350\343\347\0327\315\217\035\232\014+r\351\247\022g\367\274\252\301U2\202_\002R\307\027""; previousledger: ""\351\312\376z\254\214\206B\274&M\032\376v\266\3104u)\r\312\021\273\030jJH\215G4\367f""; "
1750527676630,1750527676630,0,1,4,0,TMProposeSet,"proposeSeq: 0; currentTxHash: ""\000\000\000\000\000\000\000\000\000\000\000\000\000\000\000\000\000\000\000\000\000\000\000\000\000\000\000\000\000\000\000\000""; nodePubKey: ""\003R7o\362bV\300hf\266\241;}\200^\374\240\203[:\342Q\225\221\027y\372\255\235\216\323~""; closeTime: 803842876; signature: ""0D\002 \033E\024\247\315z\241\331\242\037\002\213-\271\035U\270.\254\343=j\265P\373\\275\317(B\307\000\002 \{\265\226\350\343\347\0327\315\217\035\232\014+r\351\247\022g\367\274\252\301U2\202_\002R\307\027""; previousledger: ""\351\312\376z\254\214\206B\274&M\032\376v\266\3104u)\r\312\021\273\030jJH\215G4\367f""; ","proposeSeq: 0; currentTxHash: ""\000\000\000\000\000\000\000\000\000\000\000\000\000\000\000\000\000\000\000\000\000\000\000\000\000\000\000\000\000\000\000\000""; nodePubKey: ""\003R7o\362bV\300hf\266\241;}\200^\374\240\203[:\342Q\225\221\027y\372\255\235\216\323~""; closeTime: 803842876; signature: ""0D\002 \033E\024\247\315z\241\331\242\037\002\213-\271\035U\270.\254\343=j\265P\373\\275\317(B\307\000\002 \{\265\226\350\343\347\0327\315\217\035\232\014+r\351\247\022g\367\274\252\301U2\202_\002R\307\027""; previousledger: ""\351\312\376z\254\214\206B\274&M\032\376v\266\3104u)\r\312\021\273\030jJH\215G4\367f""; "
1750527676631,1750527676631,0,1,4,2,TMProposeSet,"proposeSeq: 0; currentTxHash: ""\000\000\000\000\000\000\000\000\000\000\000\000\000\000\000\000\000\000\000\000\000\000\000\000\000\000\000\000\000\000\000\000""; nodePubKey: ""\003R7o\362bV\300hf\266\241;}\200^\374\240\203[:\342Q\225\221\027y\372\255\235\216\323~""; closeTime: 803842876; signature: ""0D\002 \033E\024\247\315z\241\331\242\037\002\213-\271\035U\270.\254\343=j\265P\373\\275\317(B\307\000\002 \{\265\226\350\343\347\0327\315\217\035\232\014+r\351\247\022g\367\274\252\301U2\202_\002R\307\027""; previousledger: ""\351\312\376z\254\214\206B\274&M\032\376v\266\3104u)\r\312\021\273\030jJH\215G4\367f""; ","proposeSeq: 0; currentTxHash: ""\000\000\000\000\000\000\000\000\000\000\000\000\000\000\000\000\000\000\000\000\000\000\000\000\000\000\000\000\000\000\000\000""; nodePubKey: ""\003R7o\362bV\300hf\266\241;}\200^\374\240\203[:\342Q\225\221\027y\372\255\235\216\323~""; closeTime: 803842876; signature: ""0D\002 \033E\024\247\315z\241\331\242\037\002\213-\271\035U\270.\254\343=j\265P\373\\275\317(B\307\000\002 \{\265\226\350\343\347\0327\315\217\035\232\014+r\351\247\022g\367\274\252\301U2\202_\002R\307\027""; previousledger: ""\351\312\376z\254\214\206B\274&M\032\376v\266\3104u)\r\312\021\273\030jJH\215G4\367f""; "
1750527676631,1750527676632,0,1,4,3,TMProposeSet,"proposeSeq: 0; currentTxHash: ""\000\000\000\000\000\000\000\000\000\000\000\000\000\000\000\000\000\000\000\000\000\000\000\000\000\000\000\000\000\000\000\000""; nodePubKey: ""\003R7o\362bV\300hf\266\241;}\200^\374\240\203[:\342Q\225\221\027y\372\255\235\216\323~""; closeTime: 803842876; signature: ""0D\002 \033E\024\247\315z\241\331\242\037\002\213-\271\035U\270.\254\343=j\265P\373\\275\317(B\307\000\002 \{\265\226\350\343\347\0327\315\217\035\232\014+r\351\247\022g\367\274\252\301U2\202_\002R\307\027""; previousledger: ""\351\312\376z\254\214\206B\274&M\032\376v\266\3104u)\r\312\021\273\030jJH\215G4\367f""; ","proposeSeq: 0; currentTxHash: ""\000\000\000\000\000\000\000\000\000\000\000\000\000\000\000\000\000\000\000\000\000\000\000\000\000\000\000\000\000\000\000\000""; nodePubKey: ""\003R7o\362bV\300hf\266\241;}\200^\374\240\203[:\342Q\225\221\027y\372\255\235\216\323~""; closeTime: 803842876; signature: ""0D\002 \033E\024\247\315z\241\331\242\037\002\213-\271\035U\270.\254\343=j\265P\373\\275\317(B\307\000\002 \{\265\226\350\343\347\0327\315\217\035\232\014+r\351\247\022g\367\274\252\301U2\202_\002R\307\027""; previousledger: ""\351\312\376z\254\214\206B\274&M\032\376v\266\3104u)\r\312\021\273\030jJH\215G4\367f""; "
1750527676634,1750527676634,0,1,3,2,TMProposeSet,"proposeSeq: 0; currentTxHash: ""\000\000\000\000\000\000\000\000\000\000\000\000\000\000\000\000\000\000\000\000\000\000\000\000\000\000\000\000\000\000\000\000""; nodePubKey: ""\003R7o\362bV\300hf\266\241;}\200^\374\240\203[:\342Q\225\221\027y\372\255\235\216\323~""; closeTime: 803842876; signature: ""0D\002 \033E\024\247\315z\241\331\242\037\002\213-\271\035U\270.\254\343=j\265P\373\\275\317(B\307\000\002 \{\265\226\350\343\347\0327\315\217\035\232\014+r\351\247\022g\367\274\252\301U2\202_\002R\307\027""; previousledger: ""\351\312\376z\254\214\206B\274&M\032\376v\266\3104u)\r\312\021\273\030jJH\215G4\367f""; ","proposeSeq: 0; currentTxHash: ""\000\000\000\000\000\000\000\000\000\000\000\000\000\000\000\000\000\000\000\000\000\000\000\000\000\000\000\000\000\000\000\000""; nodePubKey: ""\003R7o\362bV\300hf\266\241;}\200^\374\240\203[:\342Q\225\221\027y\372\255\235\216\323~""; closeTime: 803842876; signature: ""0D\002 \033E\024\247\315z\241\331\242\037\002\213-\271\035U\270.\254\343=j\265P\373\\275\317(B\307\000\002 \{\265\226\350\343\347\0327\315\217\035\232\014+r\351\247\022g\367\274\252\301U2\202_\002R\307\027""; previousledger: ""\351\312\376z\254\214\206B\274&M\032\376v\266\3104u)\r\312\021\273\030jJH\215G4\367f""; "
1750527676634,1750527676635,0,1,3,1,TMProposeSet,"proposeSeq: 0; currentTxHash: ""\000\000\000\000\000\000\000\000\000\000\000\000\000\000\000\000\000\000\000\000\000\000\000\000\000\000\000\000\000\000\000\000""; nodePubKey: ""\003R7o\362bV\300hf\266\241;}\200^\374\240\203[:\342Q\225\221\027y\372\255\235\216\323~""; closeTime: 803842876; signature: ""0D\002 \033E\024\247\315z\241\331\242\037\002\213-\271\035U\270.\254\343=j\265P\373\\275\317(B\307\000\002 \{\265\226\350\343\347\0327\315\217\035\232\014+r\351\247\022g\367\274\252\301U2\202_\002R\307\027""; previousledger: ""\351\312\376z\254\214\206B\274&M\032\376v\266\3104u)\r\312\021\273\030jJH\215G4\367f""; ","proposeSeq: 0; currentTxHash: ""\000\000\000\000\000\000\000\000\000\000\000\000\000\000\000\000\000\000\000\000\000\000\000\000\000\000\000\000\000\000\000\000""; nodePubKey: ""\003R7o\362bV\300hf\266\241;}\200^\374\240\203[:\342Q\225\221\027y\372\255\235\216\323~""; closeTime: 803842876; signature: ""0D\002 \033E\024\247\315z\241\331\242\037\002\213-\271\035U\270.\254\343=j\265P\373\\275\317(B\307\000\002 \{\265\226\350\343\347\0327\315\217\035\232\014+r\351\247\022g\367\274\252\301U2\202_\002R\307\027""; previousledger: ""\351\312\376z\254\214\206B\274&M\032\376v\266\3104u)\r\312\021\273\030jJH\215G4\367f""; "
1750527676635,1750527676635,0,1,3,0,TMProposeSet,"proposeSeq: 0; currentTxHash: ""\000\000\000\000\000\000\000\000\000\000\000\000\000\000\000\000\000\000\000\000\000\000\000\000\000\000\000\000\000\000\000\000""; nodePubKey: ""\003R7o\362bV\300hf\266\241;}\200^\374\240\203[:\342Q\225\221\027y\372\255\235\216\323~""; closeTime: 803842876; signature: ""0D\002 \033E\024\247\315z\241\331\242\037\002\213-\271\035U\270.\254\343=j\265P\373\\275\317(B\307\000\002 \{\265\226\350\343\347\0327\315\217\035\232\014+r\351\247\022g\367\274\252\301U2\202_\002R\307\027""; previousledger: ""\351\312\376z\254\214\206B\274&M\032\376v\266\3104u)\r\312\021\273\030jJH\215G4\367f""; ","proposeSeq: 0; currentTxHash: ""\000\000\000\000\000\000\000\000\000\000\000\000\000\000\000\000\000\000\000\000\000\000\000\000\000\000\000\000\000\000\000\000""; nodePubKey: ""\003R7o\362bV\300hf\266\241;}\200^\374\240\203[:\342Q\225\221\027y\372\255\235\216\323~""; closeTime: 803842876; signature: ""0D\002 \033E\024\247\315z\241\331\242\037\002\213-\271\035U\270.\254\343=j\265P\373\\275\317(B\307\000\002 \{\265\226\350\343\347\0327\315\217\035\232\014+r\351\247\022g\367\274\252\301U2\202_\002R\307\027""; previousledger: ""\351\312\376z\254\214\206B\274&M\032\376v\266\3104u)\r\312\021\273\030jJH\215G4\367f""; "
1750527676628,1750527676700,0,1,4,3,TMStatusChange,"newEvent: neCLOSING_LEDGER; ledgerSeq: 45; ledgerHash: ""\351\312\376z\254\214\206B\274&M\032\376v\266\3104u)\r\312\021\273\030jJH\215G4\367f""; ledgerHashPrevious: ""\177X\227$\245tCB\345\314d\231A\300\204\371KJ\036\321\330\014]""EN\266$]\331\226c""; networkTime: 803842876; firstSeq: 1; lastSeq: 45; ","newEvent: neCLOSING_LEDGER; ledgerSeq: 45; ledgerHash: ""\351\312\376z\254\214\206B\274&M\032\376v\266\3104u)\r\312\021\273\030jJH\215G4\367f""; ledgerHashPrevious: ""\177X\227$\245tCB\345\314d\231A\300\204\371KJ\036\321\330\014]""EN\266$]\331\226c""; networkTime: 803842876; firstSeq: 1; lastSeq: 45; "
1750527676630,1750527676702,0,1,4,1,TMStatusChange,"newEvent: neCLOSING_LEDGER; ledgerSeq: 45; ledgerHash: ""\351\312\376z\254\214\206B\274&M\032\376v\266\3104u)\r\312\021\273\030jJH\215G4\367f""; ledgerHashPrevious: ""\177X\227$\245tCB\345\314d\231A\300\204\371KJ\036\321\330\014]""EN\266$]\331\226c""; networkTime: 803842876; firstSeq: 1; lastSeq: 45; ","newEvent: neCLOSING_LEDGER; ledgerSeq: 45; ledgerHash: ""\351\312\376z\254\214\206B\274&M\032\376v\266\3104u)\r\312\021\273\030jJH\215G4\367f""; ledgerHashPrevious: ""\177X\227$\245tCB\345\314d\231A\300\204\371KJ\036\321\330\014]""EN\266$]\331\226c""; networkTime: 803842876; firstSeq: 1; lastSeq: 45; "
1750527676629,1750527676701,0,1,4,0,TMStatusChange,"newEvent: neCLOSING_LEDGER; ledgerSeq: 45; ledgerHash: ""\351\312\376z\254\214\206B\274&M\032\376v\266\3104u)\r\312\021\273\030jJH\215G4\367f""; ledgerHashPrevious: ""\177X\227$\245tCB\345\314d\231A\300\204\371KJ\036\321\330\014]""EN\266$]\331\226c""; networkTime: 803842876; firstSeq: 1; lastSeq: 45; ","newEvent: neCLOSING_LEDGER; ledgerSeq: 45; ledgerHash: ""\351\312\376z\254\214\206B\274&M\032\376v\266\3104u)\r\312\021\273\030jJH\215G4\367f""; ledgerHashPrevious: ""\177X\227$\245tCB\345\314d\231A\300\204\371KJ\036\321\330\014]""EN\266$]\331\226c""; networkTime: 803842876; firstSeq: 1; lastSeq: 45; "
1750527676630,1750527676702,0,1,4,2,TMStatusChange,"newEvent: neCLOSING_LEDGER; ledgerSeq: 45; ledgerHash: ""\351\312\376z\254\214\206B\274&M\032\376v\266\3104u)\r\312\021\273\030jJH\215G4\367f""; ledgerHashPrevious: ""\177X\227$\245tCB\345\314d\231A\300\204\371KJ\036\321\330\014]""EN\266$]\331\226c""; networkTime: 803842876; firstSeq: 1; lastSeq: 45; ","newEvent: neCLOSING_LEDGER; ledgerSeq: 45; ledgerHash: ""\351\312\376z\254\214\206B\274&M\032\376v\266\3104u)\r\312\021\273\030jJH\215G4\367f""; ledgerHashPrevious: ""\177X\227$\245tCB\345\314d\231A\300\204\371KJ\036\321\330\014]""EN\266$]\331\226c""; networkTime: 803842876; firstSeq: 1; lastSeq: 45; "
1750527678468,1750527678468,0,1,3,4,TMValidation,"validation: """"\200\000\000\001&\000\000\000.)/\351\253>:p\210\265\307-\212\200\004QQ;\255\3404\372\225\341L\224\242\200VY\220\355\020\353I\n\363\266\036\311\003OR\250""\032\230\021P\027\000\000\000\000\000\000\000\000\000\000\000\000\000\000\000\000\000\000\000\000\000\000\000\000\000\000\000\000\000\000\000\000P\031\351\312\376z\254\214\206B\274&M\032\376v\266\3104u)\r\312\021\273\030jJH\215G4\367fs!\002\364d\217\366\217|\316F\232\231\241\n\261\333`\312O\367\235\025DD\336e\367\n\312\326\221\037\025\230vG0E\002!\000\343\325_B\215-\307\347\343m4\221z[\034!\202k\314\367#\373\257\2533\022\223\3021\275\312J\002 5t\274r\3748\304\327\021\212\324\206&v\312\206\202\372s%)\352\367/\223\306\322\336c)\020\307""; ","validation: """"\200\000\000\001&\000\000\000.)/\351\253>:p\210\265\307-\212\200\004QQ;\255\3404\372\225\341L\224\242\200VY\220\355\020\353I\n\363\266\036\311\003OR\250""\032\230\021P\027\000\000\000\000\000\000\000\000\000\000\000\000\000\000\000\000\000\000\000\000\000\000\000\000\000\000\000\000\000\000\000\000P\031\351\312\376z\254\214\206B\274&M\032\376v\266\3104u)\r\312\021\273\030jJH\215G4\367fs!\002\364d\217\366\217|\316F\232\231\241\n\261\333`\312O\367\235\025DD\336e\367\n\312\326\221\037\025\230vG0E\002!\000\343\325_B\215-\307\347\343m4\221z[\034!\202k\314\367#\373\257\2533\022\223\3021\275\312J\002 5t\274r\3748\304\327\021\212\324\206&v\312\206\202\372s%)\352\367/\223\306\322\336c)\020\307""; "
1750527678468,1750527678468,0,1,3,2,TMStatusChange,"newEvent: neACCEPTED_LEDGER; ledgerSeq: 46; ledgerHash: ""Q;\255\3404\372\225\341L\224\242\200VY\220\355\020\353I\n\363\266\036\311\003OR\250""\032\230\021""; ledgerHashPrevious: ""\351\312\376z\254\214\206B\274&M\032\376v\266\3104u)\r\312\021\273\030jJH\215G4\367f""; networkTime: 803842878; firstSeq: 1; lastSeq: 45; ","newEvent: neACCEPTED_LEDGER; ledgerSeq: 46; ledgerHash: ""Q;\255\3404\372\225\341L\224\242\200VY\220\355\020\353I\n\363\266\036\311\003OR\250""\032\230\021""; ledgerHashPrevious: ""\351\312\376z\254\214\206B\274&M\032\376v\266\3104u)\r\312\021\273\030jJH\215G4\367f""; networkTime: 803842878; firstSeq: 1; lastSeq: 45; "
1750527678468,1750527678468,0,1,3,0,TMValidation,"validation: """"\200\000\000\001&\000\000\000.)/\351\253>:p\210\265\307-\212\200\004QQ;\255\3404\372\225\341L\224\242\200VY\220\355\020\353I\n\363\266\036\311\003OR\250""\032\230\021P\027\000\000\000\000\000\000\000\000\000\000\000\000\000\000\000\000\000\000\000\000\000\000\000\000\000\000\000\000\000\000\000\000P\031\351\312\376z\254\214\206B\274&M\032\376v\266\3104u)\r\312\021\273\030jJH\215G4\367fs!\002\364d\217\366\217|\316F\232\231\241\n\261\333`\312O\367\235\025DD\336e\367\n\312\326\221\037\025\230vG0E\002!\000\343\325_B\215-\307\347\343m4\221z[\034!\202k\314\367#\373\257\2533\022\223\3021\275\312J\002 5t\274r\3748\304\327\021\212\324\206&v\312\206\202\372s%)\352\367/\223\306\322\336c)\020\307""; ","validation: """"\200\000\000\001&\000\000\000.)/\351\253>:p\210\265\307-\212\200\004QQ;\255\3404\372\225\341L\224\242\200VY\220\355\020\353I\n\363\266\036\311\003OR\250""\032\230\021P\027\000\000\000\000\000\000\000\000\000\000\000\000\000\000\000\000\000\000\000\000\000\000\000\000\000\000\000\000\000\000\000\000P\031\351\312\376z\254\214\206B\274&M\032\376v\266\3104u)\r\312\021\273\030jJH\215G4\367fs!\002\364d\217\366\217|\316F\232\231\241\n\261\333`\312O\367\235\025DD\336e\367\n\312\326\221\037\025\230vG0E\002!\000\343\325_B\215-\307\347\343m4\221z[\034!\202k\314\367#\373\257\2533\022\223\3021\275\312J\002 5t\274r\3748\304\327\021\212\324\206&v\312\206\202\372s%)\352\367/\223\306\322\336c)\020\307""; "
1750527678469,1750527678469,0,1,3,0,TMStatusChange,"newEvent: neACCEPTED_LEDGER; ledgerSeq: 46; ledgerHash: ""Q;\255\3404\372\225\341L\224\242\200VY\220\355\020\353I\n\363\266\036\311\003OR\250""\032\230\021""; ledgerHashPrevious: ""\351\312\376z\254\214\206B\274&M\032\376v\266\3104u)\r\312\021\273\030jJH\215G4\367f""; networkTime: 803842878; firstSeq: 1; lastSeq: 45; ","newEvent: neACCEPTED_LEDGER; ledgerSeq: 46; ledgerHash: ""Q;\255\3404\372\225\341L\224\242\200VY\220\355\020\353I\n\363\266\036\311\003OR\250""\032\230\021""; ledgerHashPrevious: ""\351\312\376z\254\214\206B\274&M\032\376v\266\3104u)\r\312\021\273\030jJH\215G4\367f""; networkTime: 803842878; firstSeq: 1; lastSeq: 45; "
1750527678469,1750527678469,0,1,3,2,TMValidation,"validation: """"\200\000\000\001&\000\000\000.)/\351\253>:p\210\265\307-\212\200\004QQ;\255\3404\372\225\341L\224\242\200VY\220\355\020\353I\n\363\266\036\311\003OR\250""\032\230\021P\027\000\000\000\000\000\000\000\000\000\000\000\000\000\000\000\000\000\000\000\000\000\000\000\000\000\000\000\000\000\000\000\000P\031\351\312\376z\254\214\206B\274&M\032\376v\266\3104u)\r\312\021\273\030jJH\215G4\367fs!\002\364d\217\366\217|\316F\232\231\241\n\261\333`\312O\367\235\025DD\336e\367\n\312\326\221\037\025\230vG0E\002!\000\343\325_B\215-\307\347\343m4\221z[\034!\202k\314\367#\373\257\2533\022\223\3021\275\312J\002 5t\274r\3748\304\327\021\212\324\206&v\312\206\202\372s%)\352\367/\223\306\322\336c)\020\307""; ","validation: """"\200\000\000\001&\000\000\000.)/\351\253>:p\210\265\307-\212\200\004QQ;\255\3404\372\225\341L\224\242\200VY\220\355\020\353I\n\363\266\036\311\003OR\250""\032\230\021P\027\000\000\000\000\000\000\000\000\000\000\000\000\000\000\000\000\000\000\000\000\000\000\000\000\000\000\000\000\000\000\000\000P\031\351\312\376z\254\214\206B\274&M\032\376v\266\3104u)\r\312\021\273\030jJH\215G4\367fs!\002\364d\217\366\217|\316F\232\231\241\n\261\333`\312O\367\235\025DD\336e\367\n\312\326\221\037\025\230vG0E\002!\000\343\325_B\215-\307\347\343m4\221z[\034!\202k\314\367#\373\257\2533\022\223\3021\275\312J\002 5t\274r\3748\304\327\021\212\324\206&v\312\206\202\372s%)\352\367/\223\306\322\336c)\020\307""; "
1750527678469,1750527678469,0,1,3,4,TMStatusChange,"newEvent: neACCEPTED_LEDGER; ledgerSeq: 46; ledgerHash: ""Q;\255\3404\372\225\341L\224\242\200VY\220\355\020\353I\n\363\266\036\311\003OR\250""\032\230\021""; ledgerHashPrevious: ""\351\312\376z\254\214\206B\274&M\032\376v\266\3104u)\r\312\021\273\030jJH\215G4\367f""; networkTime: 803842878; firstSeq: 1; lastSeq: 45; ","newEvent: neACCEPTED_LEDGER; ledgerSeq: 46; ledgerHash: ""Q;\255\3404\372\225\341L\224\242\200VY\220\355\020\353I\n\363\266\036\311\003OR\250""\032\230\021""; ledgerHashPrevious: ""\351\312\376z\254\214\206B\274&M\032\376v\266\3104u)\r\312\021\273\030jJH\215G4\367f""; networkTime: 803842878; firstSeq: 1; lastSeq: 45; "
1750527678470,1750527678470,0,1,3,1,TMStatusChange,"newEvent: neACCEPTED_LEDGER; ledgerSeq: 46; ledgerHash: ""Q;\255\3404\372\225\341L\224\242\200VY\220\355\020\353I\n\363\266\036\311\003OR\250""\032\230\021""; ledgerHashPrevious: ""\351\312\376z\254\214\206B\274&M\032\376v\266\3104u)\r\312\021\273\030jJH\215G4\367f""; networkTime: 803842878; firstSeq: 1; lastSeq: 45; ","newEvent: neACCEPTED_LEDGER; ledgerSeq: 46; ledgerHash: ""Q;\255\3404\372\225\341L\224\242\200VY\220\355\020\353I\n\363\266\036\311\003OR\250""\032\230\021""; ledgerHashPrevious: ""\351\312\376z\254\214\206B\274&M\032\376v\266\3104u)\r\312\021\273\030jJH\215G4\367f""; networkTime: 803842878; firstSeq: 1; lastSeq: 45; "
1750527678470,1750527678470,0,1,3,1,TMValidation,"validation: """"\200\000\000\001&\000\000\000.)/\351\253>:p\210\265\307-\212\200\004QQ;\255\3404\372\225\341L\224\242\200VY\220\355\020\353I\n\363\266\036\311\003OR\250""\032\230\021P\027\000\000\000\000\000\000\000\000\000\000\000\000\000\000\000\000\000\000\000\000\000\000\000\000\000\000\000\000\000\000\000\000P\031\351\312\376z\254\214\206B\274&M\032\376v\266\3104u)\r\312\021\273\030jJH\215G4\367fs!\002\364d\217\366\217|\316F\232\231\241\n\261\333`\312O\367\235\025DD\336e\367\n\312\326\221\037\025\230vG0E\002!\000\343\325_B\215-\307\347\343m4\221z[\034!\202k\314\367#\373\257\2533\022\223\3021\275\312J\002 5t\274r\3748\304\327\021\212\324\206&v\312\206\202\372s%)\352\367/\223\306\322\336c)\020\307""; ","validation: """"\200\000\000\001&\000\000\000.)/\351\253>:p\210\265\307-\212\200\004QQ;\255\3404\372\225\341L\224\242\200VY\220\355\020\353I\n\363\266\036\311\003OR\250""\032\230\021P\027\000\000\000\000\000\000\000\000\000\000\000\000\000\000\000\000\000\000\000\000\000\000\000\000\000\000\000\000\000\000\000\000P\031\351\312\376z\254\214\206B\274&M\032\376v\266\3104u)\r\312\021\273\030jJH\215G4\367fs!\002\364d\217\366\217|\316F\232\231\241\n\261\333`\312O\367\235\025DD\336e\367\n\312\326\221\037\025\230vG0E\002!\000\343\325_B\215-\307\347\343m4\221z[\034!\202k\314\367#\373\257\2533\022\223\3021\275\312J\002 5t\274r\3748\304\327\021\212\324\206&v\312\206\202\372s%)\352\367/\223\306\322\336c)\020\307""; "
1750527678471,1750527678471,0,1,4,2,TMValidation,"validation: """"\200\000\000\001&\000\000\000.)/\351\253>:p\210\265\307-\212\200\004QQ;\255\3404\372\225\341L\224\242\200VY\220\355\020\353I\n\363\266\036\311\003OR\250""\032\230\021P\027\000\000\000\000\000\000\000\000\000\000\000\000\000\000\000\000\000\000\000\000\000\000\000\000\000\000\000\000\000\000\000\000P\031\351\312\376z\254\214\206B\274&M\032\376v\266\3104u)\r\312\021\273\030jJH\215G4\367fs!\002\364d\217\366\217|\316F\232\231\241\n\261\333`\312O\367\235\025DD\336e\367\n\312\326\221\037\025\230vG0E\002!\000\343\325_B\215-\307\347\343m4\221z[\034!\202k\314\367#\373\257\2533\022\223\3021\275\312J\002 5t\274r\3748\304\327\021\212\324\206&v\312\206\202\372s%)\352\367/\223\306\322\336c)\020\307""; ","validation: """"\200\000\000\001&\000\000\000.)/\351\253>:p\210\265\307-\212\200\004QQ;\255\3404\372\225\341L\224\242\200VY\220\355\020\353I\n\363\266\036\311\003OR\250""\032\230\021P\027\000\000\000\000\000\000\000\000\000\000\000\000\000\000\000\000\000\000\000\000\000\000\000\000\000\000\000\000\000\000\000\000P\031\351\312\376z\254\214\206B\274&M\032\376v\266\3104u)\r\312\021\273\030jJH\215G4\367fs!\002\364d\217\366\217|\316F\232\231\241\n\261\333`\312O\367\235\025DD\336e\367\n\312\326\221\037\025\230vG0E\002!\000\343\325_B\215-\307\347\343m4\221z[\034!\202k\314\367#\373\257\2533\022\223\3021\275\312J\002 5t\274r\3748\304\327\021\212\324\206&v\312\206\202\372s%)\352\367/\223\306\322\336c)\020\307""; "
1750527678472,1750527678472,0,1,4,1,TMValidation,"validation: """"\200\000\000\001&\000\000\000.)/\351\253>:p\210\265\307-\212\200\004QQ;\255\3404\372\225\341L\224\242\200VY\220\355\020\353I\n\363\266\036\311\003OR\250""\032\230\021P\027\000\000\000\000\000\000\000\000\000\000\000\000\000\000\000\000\000\000\000\000\000\000\000\000\000\000\000\000\000\000\000\000P\031\351\312\376z\254\214\206B\274&M\032\376v\266\3104u)\r\312\021\273\030jJH\215G4\367fs!\002\364d\217\366\217|\316F\232\231\241\n\261\333`\312O\367\235\025DD\336e\367\n\312\326\221\037\025\230vG0E\002!\000\343\325_B\215-\307\347\343m4\221z[\034!\202k\314\367#\373\257\2533\022\223\3021\275\312J\002 5t\274r\3748\304\327\021\212\324\206&v\312\206\202\372s%)\352\367/\223\306\322\336c)\020\307""; ","validation: """"\200\000\000\001&\000\000\000.)/\351\253>:p\210\265\307-\212\200\004QQ;\255\3404\372\225\341L\224\242\200VY\220\355\020\353I\n\363\266\036\311\003OR\250""\032\230\021P\027\000\000\000\000\000\000\000\000\000\000\000\000\000\000\000\000\000\000\000\000\000\000\000\000\000\000\000\000\000\000\000\000P\031\351\312\376z\254\214\206B\274&M\032\376v\266\3104u)\r\312\021\273\030jJH\215G4\367fs!\002\364d\217\366\217|\316F\232\231\241\n\261\333`\312O\367\235\025DD\336e\367\n\312\326\221\037\025\230vG0E\002!\000\343\325_B\215-\307\347\343m4\221z[\034!\202k\314\367#\373\257\2533\022\223\3021\275\312J\002 5t\274r\3748\304\327\021\212\324\206&v\312\206\202\372s%)\352\367/\223\306\322\336c)\020\307""; "
1750527678473,1750527678473,0,1,4,0,TMValidation,"validation: """"\200\000\000\001&\000\000\000.)/\351\253>:p\210\265\307-\212\200\004QQ;\255\3404\372\225\341L\224\242\200VY\220\355\020\353I\n\363\266\036\311\003OR\250""\032\230\021P\027\000\000\000\000\000\000\000\000\000\000\000\000\000\000\000\000\000\000\000\000\000\000\000\000\000\000\000\000\000\000\000\000P\031\351\312\376z\254\214\206B\274&M\032\376v\266\3104u)\r\312\021\273\030jJH\215G4\367fs!\002\364d\217\366\217|\316F\232\231\241\n\261\333`\312O\367\235\025DD\336e\367\n\312\326\221\037\025\230vG0E\002!\000\343\325_B\215-\307\347\343m4\221z[\034!\202k\314\367#\373\257\2533\022\223\3021\275\312J\002 5t\274r\3748\304\327\021\212\324\206&v\312\206\202\372s%)\352\367/\223\306\322\336c)\020\307""; ","validation: """"\200\000\000\001&\000\000\000.)/\351\253>:p\210\265\307-\212\200\004QQ;\255\3404\372\225\341L\224\242\200VY\220\355\020\353I\n\363\266\036\311\003OR\250""\032\230\021P\027\000\000\000\000\000\000\000\000\000\000\000\000\000\000\000\000\000\000\000\000\000\000\000\000\000\000\000\000\000\000\000\000P\031\351\312\376z\254\214\206B\274&M\032\376v\266\3104u)\r\312\021\273\030jJH\215G4\367fs!\002\364d\217\366\217|\316F\232\231\241\n\261\333`\312O\367\235\025DD\336e\367\n\312\326\221\037\025\230vG0E\002!\000\343\325_B\215-\307\347\343m4\221z[\034!\202k\314\367#\373\257\2533\022\223\3021\275\312J\002 5t\274r\3748\304\327\021\212\324\206&v\312\206\202\372s%)\352\367/\223\306\322\336c)\020\307""; "
1750527678473,1750527678474,0,1,4,3,TMGetLedger,"itype: liBASE; ledgerHash: ""Q;\255\3404\372\225\341L\224\242\200VY\220\355\020\353I\n\363\266\036\311\003OR\250""\032\230\021""; ","itype: liBASE; ledgerHash: ""Q;\255\3404\372\225\341L\224\242\200VY\220\355\020\353I\n\363\266\036\311\003OR\250""\032\230\021""; "
1750527678474,1750527678474,0,1,4,0,TMGetLedger,"itype: liBASE; ledgerHash: ""Q;\255\3404\372\225\341L\224\242\200VY\220\355\020\353I\n\363\266\036\311\003OR\250""\032\230\021""; ","itype: liBASE; ledgerHash: ""Q;\255\3404\372\225\341L\224\242\200VY\220\355\020\353I\n\363\266\036\311\003OR\250""\032\230\021""; "
1750527678474,1750527678474,0,1,4,2,TMGetLedger,"itype: liBASE; ledgerHash: ""Q;\255\3404\372\225\341L\224\242\200VY\220\355\020\353I\n\363\266\036\311\003OR\250""\032\230\021""; ","itype: liBASE; ledgerHash: ""Q;\255\3404\372\225\341L\224\242\200VY\220\355\020\353I\n\363\266\036\311\003OR\250""\032\230\021""; "
1750527678475,1750527678475,0,1,4,1,TMGetLedger,"itype: liBASE; ledgerHash: ""Q;\255\3404\372\225\341L\224\242\200VY\220\355\020\353I\n\363\266\036\311\003OR\250""\032\230\021""; ","itype: liBASE; ledgerHash: ""Q;\255\3404\372\225\341L\224\242\200VY\220\355\020\353I\n\363\266\036\311\003OR\250""\032\230\021""; "
1750527678476,1750527678476,0,1,4,2,TMGetLedger,"itype: liBASE; ledgerHash: ""Q;\255\3404\372\225\341L\224\242\200VY\220\355\020\353I\n\363\266\036\311\003OR\250""\032\230\021""; queryType: qtINDIRECT; ","itype: liBASE; ledgerHash: ""Q;\255\3404\372\225\341L\224\242\200VY\220\355\020\353I\n\363\266\036\311\003OR\250""\032\230\021""; queryType: qtINDIRECT; "
1750527678476,1750527678476,0,1,4,0,TMGetLedger,"itype: liBASE; ledgerHash: ""Q;\255\3404\372\225\341L\224\242\200VY\220\355\020\353I\n\363\266\036\311\003OR\250""\032\230\021""; queryType: qtINDIRECT; ","itype: liBASE; ledgerHash: ""Q;\255\3404\372\225\341L\224\242\200VY\220\355\020\353I\n\363\266\036\311\003OR\250""\032\230\021""; queryType: qtINDIRECT; "
1750527678477,1750527678477,0,1,4,1,TMGetLedger,"itype: liBASE; ledgerHash: ""Q;\255\3404\372\225\341L\224\242\200VY\220\355\020\353I\n\363\266\036\311\003OR\250""\032\230\021""; queryType: qtINDIRECT; ","itype: liBASE; ledgerHash: ""Q;\255\3404\372\225\341L\224\242\200VY\220\355\020\353I\n\363\266\036\311\003OR\250""\032\230\021""; queryType: qtINDIRECT; "
1750527678478,1750527678478,0,1,4,3,TMGetLedger,"itype: liBASE; ledgerHash: ""Q;\255\3404\372\225\341L\224\242\200VY\220\355\020\353I\n\363\266\036\311\003OR\250""\032\230\021""; queryType: qtINDIRECT; ","itype: liBASE; ledgerHash: ""Q;\255\3404\372\225\341L\224\242\200VY\220\355\020\353I\n\363\266\036\311\003OR\250""\032\230\021""; queryType: qtINDIRECT; "
1750527678478,1750527678479,0,1,0,3,TMGetLedger,"itype: liBASE; ledgerHash: ""Q;\255\3404\372\225\341L\224\242\200VY\220\355\020\353I\n\363\266\036\311\003OR\250""\032\230\021""; ledgerSeq: 46; ","itype: liBASE; ledgerHash: ""Q;\255\3404\372\225\341L\224\242\200VY\220\355\020\353I\n\363\266\036\311\003OR\250""\032\230\021""; ledgerSeq: 46; "
1750527678479,1750527678479,0,1,0,2,TMGetLedger,"itype: liBASE; ledgerHash: ""Q;\255\3404\372\225\341L\224\242\200VY\220\355\020\353I\n\363\266\036\311\003OR\250""\032\230\021""; ledgerSeq: 46; ","itype: liBASE; ledgerHash: ""Q;\255\3404\372\225\341L\224\242\200VY\220\355\020\353I\n\363\266\036\311\003OR\250""\032\230\021""; ledgerSeq: 46; "
1750527678481,1750527678481,0,1,0,4,TMGetLedger,"itype: liBASE; ledgerHash: ""Q;\255\3404\372\225\341L\224\242\200VY\220\355\020\353I\n\363\266\036\311\003OR\250""\032\230\021""; ledgerSeq: 46; ","itype: liBASE; ledgerHash: ""Q;\255\3404\372\225\341L\224\242\200VY\220\355\020\353I\n\363\266\036\311\003OR\250""\032\230\021""; ledgerSeq: 46; "
1750527678481,1750527678481,0,1,0,1,TMGetLedger,"itype: liBASE; ledgerHash: ""Q;\255\3404\372\225\341L\224\242\200VY\220\355\020\353I\n\363\266\036\311\003OR\250""\032\230\021""; ledgerSeq: 46; ","itype: liBASE; ledgerHash: ""Q;\255\3404\372\225\341L\224\242\200VY\220\355\020\353I\n\363\266\036\311\003OR\250""\032\230\021""; ledgerSeq: 46; "
1750527678490,1750527678490,0,1,0,3,TMGetLedger,"itype: liBASE; ledgerHash: ""Q;\255\3404\372\225\341L\224\242\200VY\220\355\020\353I\n\363\266\036\311\003OR\250""\032\230\021""; ledgerSeq: 46; queryType: qtINDIRECT; ","itype: liBASE; ledgerHash: ""Q;\255\3404\372\225\341L\224\242\200VY\220\355\020\353I\n\363\266\036\311\003OR\250""\032\230\021""; ledgerSeq: 46; queryType: qtINDIRECT; "
1750527678490,1750527678490,0,1,2,1,TMGetLedger,"itype: liBASE; ledgerHash: ""Q;\255\3404\372\225\341L\224\242\200VY\220\355\020\353I\n\363\266\036\311\003OR\250""\032\230\021""; ","itype: liBASE; ledgerHash: ""Q;\255\3404\372\225\341L\224\242\200VY\220\355\020\353I\n\363\266\036\311\003OR\250""\032\230\021""; "
1750527678491,1750527678491,0,1,2,0,TMGetLedger,"itype: liBASE; ledgerHash: ""Q;\255\3404\372\225\341L\224\242\200VY\220\355\020\353I\n\363\266\036\311\003OR\250""\032\230\021""; ","itype: liBASE; ledgerHash: ""Q;\255\3404\372\225\341L\224\242\200VY\220\355\020\353I\n\363\266\036\311\003OR\250""\032\230\021""; "
1750527678492,1750527678492,0,1,2,3,TMGetLedger,"itype: liBASE; ledgerHash: ""Q;\255\3404\372\225\341L\224\242\200VY\220\355\020\353I\n\363\266\036\311\003OR\250""\032\230\021""; ","itype: liBASE; ledgerHash: ""Q;\255\3404\372\225\341L\224\242\200VY\220\355\020\353I\n\363\266\036\311\003OR\250""\032\230\021""; "
1750527678493,1750527678493,0,1,2,4,TMGetLedger,"itype: liBASE; ledgerHash: ""Q;\255\3404\372\225\341L\224\242\200VY\220\355\020\353I\n\363\266\036\311\003OR\250""\032\230\021""; ","itype: liBASE; ledgerHash: ""Q;\255\3404\372\225\341L\224\242\200VY\220\355\020\353I\n\363\266\036\311\003OR\250""\032\230\021""; "
1750527678493,1750527678493,0,1,1,3,TMGetLedger,"itype: liBASE; ledgerHash: ""Q;\255\3404\372\225\341L\224\242\200VY\220\355\020\353I\n\363\266\036\311\003OR\250""\032\230\021""; ledgerSeq: 46; ","itype: liBASE; ledgerHash: ""Q;\255\3404\372\225\341L\224\242\200VY\220\355\020\353I\n\363\266\036\311\003OR\250""\032\230\021""; ledgerSeq: 46; "
1750527678495,1750527678495,0,1,1,0,TMGetLedger,"itype: liBASE; ledgerHash: ""Q;\255\3404\372\225\341L\224\242\200VY\220\355\020\353I\n\363\266\036\311\003OR\250""\032\230\021""; ledgerSeq: 46; ","itype: liBASE; ledgerHash: ""Q;\255\3404\372\225\341L\224\242\200VY\220\355\020\353I\n\363\266\036\311\003OR\250""\032\230\021""; ledgerSeq: 46; "
1750527678495,1750527678495,0,1,1,4,TMValidation,"validation: """"\200\000\000\001&\000\000\000.)/\351\253>:p\210\265\307-\212\200\004QQ;\255\3404\372\225\341L\224\242\200VY\220\355\020\353I\n\363\266\036\311\003OR\250""\032\230\021P\027\000\000\000\000\000\000\000\000\000\000\000\000\000\000\000\000\000\000\000\000\000\000\000\000\000\000\000\000\000\000\000\000P\031\351\312\376z\254\214\206B\274&M\032\376v\266\3104u)\r\312\021\273\030jJH\215G4\367fs!\002\364d\217\366\217|\316F\232\231\241\n\261\333`\312O\367\235\025DD\336e\367\n\312\326\221\037\025\230vG0E\002!\000\343\325_B\215-\307\347\343m4\221z[\034!\202k\314\367#\373\257\2533\022\223\3021\275\312J\002 5t\274r\3748\304\327\021\212\324\206&v\312\206\202\372s%)\352\367/\223\306\322\336c)\020\307""; ","validation: """"\200\000\000\001&\000\000\000.)/\351\253>:p\210\265\307-\212\200\004QQ;\255\3404\372\225\341L\224\242\200VY\220\355\020\353I\n\363\266\036\311\003OR\250""\032\230\021P\027\000\000\000\000\000\000\000\000\000\000\000\000\000\000\000\000\000\000\000\000\000\000\000\000\000\000\000\000\000\000\000\000P\031\351\312\376z\254\214\206B\274&M\032\376v\266\3104u)\r\312\021\273\030jJH\215G4\367fs!\002\364d\217\366\217|\316F\232\231\241\n\261\333`\312O\367\235\025DD\336e\367\n\312\326\221\037\025\230vG0E\002!\000\343\325_B\215-\307\347\343m4\221z[\034!\202k\314\367#\373\257\2533\022\223\3021\275\312J\002 5t\274r\3748\304\327\021\212\324\206&v\312\206\202\372s%)\352\367/\223\306\322\336c)\020\307""; "
1750527678496,1750527678496,0,1,1,4,TMGetLedger,"itype: liBASE; ledgerHash: ""Q;\255\3404\372\225\341L\224\242\200VY\220\355\020\353I\n\363\266\036\311\003OR\250""\032\230\021""; ledgerSeq: 46; ","itype: liBASE; ledgerHash: ""Q;\255\3404\372\225\341L\224\242\200VY\220\355\020\353I\n\363\266\036\311\003OR\250""\032\230\021""; ledgerSeq: 46; "
1750527678496,1750527678496,0,1,1,2,TMValidation,"validation: """"\200\000\000\001&\000\000\000.)/\351\253>:p\210\265\307-\212\200\004QQ;\255\3404\372\225\341L\224\242\200VY\220\355\020\353I\n\363\266\036\311\003OR\250""\032\230\021P\027\000\000\000\000\000\000\000\000\000\000\000\000\000\000\000\000\000\000\000\000\000\000\000\000\000\000\000\000\000\000\000\000P\031\351\312\376z\254\214\206B\274&M\032\376v\266\3104u)\r\312\021\273\030jJH\215G4\367fs!\002\364d\217\366\217|\316F\232\231\241\n\261\333`\312O\367\235\025DD\336e\367\n\312\326\221\037\025\230vG0E\002!\000\343\325_B\215-\307\347\343m4\221z[\034!\202k\314\367#\373\257\2533\022\223\3021\275\312J\002 5t\274r\3748\304\327\021\212\324\206&v\312\206\202\372s%)\352\367/\223\306\322\336c)\020\307""; ","validation: """"\200\000\000\001&\000\000\000.)/\351\253>:p\210\265\307-\212\200\004QQ;\255\3404\372\225\341L\224\242\200VY\220\355\020\353I\n\363\266\036\311\003OR\250""\032\230\021P\027\000\000\000\000\000\000\000\000\000\000\000\000\000\000\000\000\000\000\000\000\000\000\000\000\000\000\000\000\000\000\000\000P\031\351\312\376z\254\214\206B\274&M\032\376v\266\3104u)\r\312\021\273\030jJH\215G4\367fs!\002\364d\217\366\217|\316F\232\231\241\n\261\333`\312O\367\235\025DD\336e\367\n\312\326\221\037\025\230vG0E\002!\000\343\325_B\215-\307\347\343m4\221z[\034!\202k\314\367#\373\257\2533\022\223\3021\275\312J\002 5t\274r\3748\304\327\021\212\324\206&v\312\206\202\372s%)\352\367/\223\306\322\336c)\020\307""; "
1750527678497,1750527678497,0,1,1,2,TMGetLedger,"itype: liBASE; ledgerHash: ""Q;\255\3404\372\225\341L\224\242\200VY\220\355\020\353I\n\363\266\036\311\003OR\250""\032\230\021""; ledgerSeq: 46; ","itype: liBASE; ledgerHash: ""Q;\255\3404\372\225\341L\224\242\200VY\220\355\020\353I\n\363\266\036\311\003OR\250""\032\230\021""; ledgerSeq: 46; "
1750527678497,1750527678497,0,1,1,0,TMValidation,"validation: """"\200\000\000\001&\000\000\000.)/\351\253>:p\210\265\307-\212\200\004QQ;\255\3404\372\225\341L\224\242\200VY\220\355\020\353I\n\363\266\036\311\003OR\250""\032\230\021P\027\000\000\000\000\000\000\000\000\000\000\000\000\000\000\000\000\000\000\000\000\000\000\000\000\000\000\000\000\000\000\000\000P\031\351\312\376z\254\214\206B\274&M\032\376v\266\3104u)\r\312\021\273\030jJH\215G4\367fs!\002\364d\217\366\217|\316F\232\231\241\n\261\333`\312O\367\235\025DD\336e\367\n\312\326\221\037\025\230vG0E\002!\000\343\325_B\215-\307\347\343m4\221z[\034!\202k\314\367#\373\257\2533\022\223\3021\275\312J\002 5t\274r\3748\304\327\021\212\324\206&v\312\206\202\372s%)\352\367/\223\306\322\336c)\020\307""; ","validation: """"\200\000\000\001&\000\000\000.)/\351\253>:p\210\265\307-\212\200\004QQ;\255\3404\372\225\341L\224\242\200VY\220\355\020\353I\n\363\266\036\311\003OR\250""\032\230\021P\027\000\000\000\000\000\000\000\000\000\000\000\000\000\000\000\000\000\000\000\000\000\000\000\000\000\000\000\000\000\000\000\000P\031\351\312\376z\254\214\206B\274&M\032\376v\266\3104u)\r\312\021\273\030jJH\215G4\367fs!\002\364d\217\366\217|\316F\232\231\241\n\261\333`\312O\367\235\025DD\336e\367\n\312\326\221\037\025\230vG0E\002!\000\343\325_B\215-\307\347\343m4\221z[\034!\202k\314\367#\373\257\2533\022\223\3021\275\312J\002 5t\274r\3748\304\327\021\212\324\206&v\312\206\202\372s%)\352\367/\223\306\322\336c)\020\307""; "
1750527678498,1750527678499,0,1,1,0,TMGetLedger,"itype: liBASE; ledgerHash: ""Q;\255\3404\372\225\341L\224\242\200VY\220\355\020\353I\n\363\266\036\311\003OR\250""\032\230\021""; ledgerSeq: 46; queryType: qtINDIRECT; ","itype: liBASE; ledgerHash: ""Q;\255\3404\372\225\341L\224\242\200VY\220\355\020\353I\n\363\266\036\311\003OR\250""\032\230\021""; ledgerSeq: 46; queryType: qtINDIRECT; "
1750527678499,1750527678499,0,1,2,4,TMValidation,"validation: """"\200\000\000\001&\000\000\000.)/\351\253>:p\210\265\307-\212\200\004QQ;\255\3404\372\225\341L\224\242\200VY\220\355\020\353I\n\363\266\036\311\003OR\250""\032\230\021P\027\000\000\000\000\000\000\000\000\000\000\000\000\000\000\000\000\000\000\000\000\000\000\000\000\000\000\000\000\000\000\000\000P\031\351\312\376z\254\214\206B\274&M\032\376v\266\3104u)\r\312\021\273\030jJH\215G4\367fs!\002\364d\217\366\217|\316F\232\231\241\n\261\333`\312O\367\235\025DD\336e\367\n\312\326\221\037\025\230vG0E\002!\000\343\325_B\215-\307\347\343m4\221z[\034!\202k\314\367#\373\257\2533\022\223\3021\275\312J\002 5t\274r\3748\304\327\021\212\324\206&v\312\206\202\372s%)\352\367/\223\306\322\336c)\020\307""; ","validation: """"\200\000\000\001&\000\000\000.)/\351\253>:p\210\265\307-\212\200\004QQ;\255\3404\372\225\341L\224\242\200VY\220\355\020\353I\n\363\266\036\311\003OR\250""\032\230\021P\027\000\000\000\000\000\000\000\000\000\000\000\000\000\000\000\000\000\000\000\000\000\000\000\000\000\000\000\000\000\000\000\000P\031\351\312\376z\254\214\206B\274&M\032\376v\266\3104u)\r\312\021\273\030jJH\215G4\367fs!\002\364d\217\366\217|\316F\232\231\241\n\261\333`\312O\367\235\025DD\336e\367\n\312\326\221\037\025\230vG0E\002!\000\343\325_B\215-\307\347\343m4\221z[\034!\202k\314\367#\373\257\2533\022\223\3021\275\312J\002 5t\274r\3748\304\327\021\212\324\206&v\312\206\202\372s%)\352\367/\223\306\322\336c)\020\307""; "
1750527678500,1750527678500,0,1,2,4,TMGetLedger,"itype: liBASE; ledgerHash: ""Q;\255\3404\372\225\341L\224\242\200VY\220\355\020\353I\n\363\266\036\311\003OR\250""\032\230\021""; queryType: qtINDIRECT; ","itype: liBASE; ledgerHash: ""Q;\255\3404\372\225\341L\224\242\200VY\220\355\020\353I\n\363\266\036\311\003OR\250""\032\230\021""; queryType: qtINDIRECT; "
1750527678501,1750527678501,0,1,1,3,TMGetLedger,"itype: liBASE; ledgerHash: ""Q;\255\3404\372\225\341L\224\242\200VY\220\355\020\353I\n\363\266\036\311\003OR\250""\032\230\021""; ledgerSeq: 46; queryType: qtINDIRECT; ","itype: liBASE; ledgerHash: ""Q;\255\3404\372\225\341L\224\242\200VY\220\355\020\353I\n\363\266\036\311\003OR\250""\032\230\021""; ledgerSeq: 46; queryType: qtINDIRECT; "
1750527678501,1750527678501,0,1,1,2,TMGetLedger,"itype: liBASE; ledgerHash: ""Q;\255\3404\372\225\341L\224\242\200VY\220\355\020\353I\n\363\266\036\311\003OR\250""\032\230\021""; ledgerSeq: 46; queryType: qtINDIRECT; ","itype: liBASE; ledgerHash: ""Q;\255\3404\372\225\341L\224\242\200VY\220\355\020\353I\n\363\266\036\311\003OR\250""\032\230\021""; ledgerSeq: 46; queryType: qtINDIRECT; "
1750527678502,1750527678503,0,1,0,4,TMValidation,"validation: """"\200\000\000\001&\000\000\000.)/\351\253>:p\210\265\307-\212\200\004QQ;\255\3404\372\225\341L\224\242\200VY\220\355\020\353I\n\363\266\036\311\003OR\250""\032\230\021P\027\000\000\000\000\000\000\000\000\000\000\000\000\000\000\000\000\000\000\000\000\000\000\000\000\000\000\000\000\000\000\000\000P\031\351\312\376z\254\214\206B\274&M\032\376v\266\3104u)\r\312\021\273\030jJH\215G4\367fs!\002\364d\217\366\217|\316F\232\231\241\n\261\333`\312O\367\235\025DD\336e\367\n\312\326\221\037\025\230vG0E\002!\000\343\325_B\215-\307\347\343m4\221z[\034!\202k\314\367#\373\257\2533\022\223\3021\275\312J\002 5t\274r\3748\304\327\021\212\324\206&v\312\206\202\372s%)\352\367/\223\306\322\336c)\020\307""; ","validation: """"\200\000\000\001&\000\000\000.)/\351\253>:p\210\265\307-\212\200\004QQ;\255\3404\372\225\341L\224\242\200VY\220\355\020\353I\n\363\266\036\311\003OR\250""\032\230\021P\027\000\000\000\000\000\000\000\000\000\000\000\000\000\000\000\000\000\000\000\000\000\000\000\000\000\000\000\000\000\000\000\000P\031\351\312\376z\254\214\206B\274&M\032\376v\266\3104u)\r\312\021\273\030jJH\215G4\367fs!\002\364d\217\366\217|\316F\232\231\241\n\261\333`\312O\367\235\025DD\336e\367\n\312\326\221\037\025\230vG0E\002!\000\343\325_B\215-\307\347\343m4\221z[\034!\202k\314\367#\373\257\2533\022\223\3021\275\312J\002 5t\274r\3748\304\327\021\212\324\206&v\312\206\202\372s%)\352\367/\223\306\322\336c)\020\307""; "
1750527678503,1750527678503,0,1,1,4,TMGetLedger,"itype: liBASE; ledgerHash: ""Q;\255\3404\372\225\341L\224\242\200VY\220\355\020\353I\n\363\266\036\311\003OR\250""\032\230\021""; ledgerSeq: 46; queryType: qtINDIRECT; ","itype: liBASE; ledgerHash: ""Q;\255\3404\372\225\341L\224\242\200VY\220\355\020\353I\n\363\266\036\311\003OR\250""\032\230\021""; ledgerSeq: 46; queryType: qtINDIRECT; "
1750527678503,1750527678503,0,1,0,4,TMGetLedger,"itype: liBASE; ledgerHash: ""Q;\255\3404\372\225\341L\224\242\200VY\220\355\020\353I\n\363\266\036\311\003OR\250""\032\230\021""; ledgerSeq: 46; queryType: qtINDIRECT; ","itype: liBASE; ledgerHash: ""Q;\255\3404\372\225\341L\224\242\200VY\220\355\020\353I\n\363\266\036\311\003OR\250""\032\230\021""; ledgerSeq: 46; queryType: qtINDIRECT; "
1750527678504,1750527678504,0,1,3,4,TMLedgerData,"ledgerHash: ""Q;\255\3404\372\225\341L\224\242\200VY\220\355\020\353I\n\363\266\036\311\003OR\250""\032\230\021""; ledgerSeq: 46; type: liBASE; nodes {;   nodedata: ""\000\000\000.\001cEx]\211\377\330\351\312\376z\254\214\206B\274&M\032\376v\266\3104u)\r\312\021\273\030jJH\215G4\367f\000\000\000\000\000\000\000\000\000\000\000\000\000\000\000\000\000\000\000\000\000\000\000\000\000\000\000\000\000\000\000\000r`_\316U\014\361R\023\350\021\361\314\322\317CK\006J\365&\317<\315\305\233\324\205+\002q\000/\351\2538/\351\253@\n\000""; }; nodes {;   nodedata: ""\323C\344\327\264{\312-\017:\006{\177\344N\002\326bO\260\220\006\033\362\345\005U\221DzJ0\001\301\025%1L\307\t\261\262z\374\222T\301\274V\236\223\262\270Ct\362\337b\356\024*\324\320\351\317\002k\336\234\027v\351\217\260\303\360\233ZPZWr\246$w\313\313\r\243r\232\2234\373\3539:N\004Q\245\272D\312D\300\300\t\323\0257\345e\271\na\215{\226\255x%T\257\037\333\004\344_/R\006E\344\037@\210\363\010\336T\226\247'\204_{\261\370""1\235\2445\343\033Y!\212\201\341\272\225'\007M\272r\017\316\260\361`\021\343Ohk\347~V\226\352g\315EP\217\034a\007\007\314\317\347,\277\013\003""; }; ","ledgerHash: ""Q;\255\3404\372\225\341L\224\242\200VY\220\355\020\353I\n\363\266\036\311\003OR\250""\032\230\021""; ledgerSeq: 46; type: liBASE; nodes {;   nodedata: ""\000\000\000.\001cEx]\211\377\330\351\312\376z\254\214\206B\274&M\032\376v\266\3104u)\r\312\021\273\030jJH\215G4\367f\000\000\000\000\000\000\000\000\000\000\000\000\000\000\000\000\000\000\000\000\000\000\000\000\000\000\000\000\000\000\000\000r`_\316U\014\361R\023\350\021\361\314\322\317CK\006J\365&\317<\315\305\233\324\205+\002q\000/\351\2538/\351\253@\n\000""; }; nodes {;   nodedata: ""\323C\344\327\264{\312-\017:\006{\177\344N\002\326bO\260\220\006\033\362\345\005U\221DzJ0\001\301\025%1L\307\t\261\262z\374\222T\301\274V\236\223\262\270Ct\362\337b\356\024*\324\320\351\317\002k\336\234\027v\351\217\260\303\360\233ZPZWr\246$w\313\313\r\243r\232\2234\373\3539:N\004Q\245\272D\312D\300\300\t\323\0257\345e\271\na\215{\226\255x%T\257\037\333\004\344_/R\006E\344\037@\210\363\010\336T\226\247'\204_{\261\370""1\235\2445\343\033Y!\212\201\341\272\225'\007M\272r\017\316\260\361`\021\343Ohk\347~V\226\352g\315EP\217\034a\007\007\314\317\347,\277\013\003""; }; "
1750527678504,1750527678505,0,1,1,3,TMGetLedger,"itype: liBASE; ledgerHash: ""Q;\255\3404\372\225\341L\224\242\200VY\220\355\020\353I\n\363\266\036\311\003OR\250""\032\230\021""; requestCookie: 5; queryType: qtINDIRECT; ","itype: liBASE; ledgerHash: ""Q;\255\3404\372\225\341L\224\242\200VY\220\355\020\353I\n\363\266\036\311\003OR\250""\032\230\021""; requestCookie: 5; queryType: qtINDIRECT; "
1750527678505,1750527678505,0,1,3,4,TMLedgerData,"ledgerHash: ""Q;\255\3404\372\225\341L\224\242\200VY\220\355\020\353I\n\363\266\036\311\003OR\250""\032\230\021""; ledgerSeq: 46; type: liBASE; nodes {;   nodedata: ""\000\000\000.\001cEx]\211\377\330\351\312\376z\254\214\206B\274&M\032\376v\266\3104u)\r\312\021\273\030jJH\215G4\367f\000\000\000\000\000\000\000\000\000\000\000\000\000\000\000\000\000\000\000\000\000\000\000\000\000\000\000\000\000\000\000\000r`_\316U\014\361R\023\350\021\361\314\322\317CK\006J\365&\317<\315\305\233\324\205+\002q\000/\351\2538/\351\253@\n\000""; }; nodes {;   nodedata: ""\323C\344\327\264{\312-\017:\006{\177\344N\002\326bO\260\220\006\033\362\345\005U\221DzJ0\001\301\025%1L\307\t\261\262z\374\222T\301\274V\236\223\262\270Ct\362\337b\356\024*\324\320\351\317\002k\336\234\027v\351\217\260\303\360\233ZPZWr\246$w\313\313\r\243r\232\2234\373\3539:N\004Q\245\272D\312D\300\300\t\323\0257\345e\271\na\215{\226\255x%T\257\037\333\004\344_/R\006E\344\037@\210\363\010\336T\226\247'\204_{\261\370""1\235\2445\343\033Y!\212\201\341\272\225'\007M\272r\017\316\260\361`\021\343Ohk\347~V\226\352g\315EP\217\034a\007\007\314\317\347,\277\013\003""; }; ","ledgerHash: ""Q;\255\3404\372\225\341L\224\242\200VY\220\355\020\353I\n\363\266\036\311\003OR\250""\032\230\021""; ledgerSeq: 46; type: liBASE; nodes {;   nodedata: ""\000\000\000.\001cEx]\211\377\330\351\312\376z\254\214\206B\274&M\032\376v\266\3104u)\r\312\021\273\030jJH\215G4\367f\000\000\000\000\000\000\000\000\000\000\000\000\000\000\000\000\000\000\000\000\000\000\000\000\000\000\000\000\000\000\000\000r`_\316U\014\361R\023\350\021\361\314\322\317CK\006J\365&\317<\315\305\233\324\205+\002q\000/\351\2538/\351\253@\n\000""; }; nodes {;   nodedata: ""\323C\344\327\264{\312-\017:\006{\177\344N\002\326bO\260\220\006\033\362\345\005U\221DzJ0\001\301\025%1L\307\t\261\262z\374\222T\301\274V\236\223\262\270Ct\362\337b\356\024*\324\320\351\317\002k\336\234\027v\351\217\260\303\360\233ZPZWr\246$w\313\313\r\243r\232\2234\373\3539:N\004Q\245\272D\312D\300\300\t\323\0257\345e\271\na\215{\226\255x%T\257\037\333\004\344_/R\006E\344\037@\210\363\010\336T\226\247'\204_{\261\370""1\235\2445\343\033Y!\212\201\341\272\225'\007M\272r\017\316\260\361`\021\343Ohk\347~V\226\352g\315EP\217\034a\007\007\314\317\347,\277\013\003""; }; "
1750527678506,1750527678506,0,1,3,0,TMLedgerData,"ledgerHash: ""Q;\255\3404\372\225\341L\224\242\200VY\220\355\020\353I\n\363\266\036\311\003OR\250""\032\230\021""; ledgerSeq: 46; type: liBASE; nodes {;   nodedata: ""\000\000\000.\001cEx]\211\377\330\351\312\376z\254\214\206B\274&M\032\376v\266\3104u)\r\312\021\273\030jJH\215G4\367f\000\000\000\000\000\000\000\000\000\000\000\000\000\000\000\000\000\000\000\000\000\000\000\000\000\000\000\000\000\000\000\000r`_\316U\014\361R\023\350\021\361\314\322\317CK\006J\365&\317<\315\305\233\324\205+\002q\000/\351\2538/\351\253@\n\000""; }; nodes {;   nodedata: ""\323C\344\327\264{\312-\017:\006{\177\344N\002\326bO\260\220\006\033\362\345\005U\221DzJ0\001\301\025%1L\307\t\261\262z\374\222T\301\274V\236\223\262\270Ct\362\337b\356\024*\324\320\351\317\002k\336\234\027v\351\217\260\303\360\233ZPZWr\246$w\313\313\r\243r\232\2234\373\3539:N\004Q\245\272D\312D\300\300\t\323\0257\345e\271\na\215{\226\255x%T\257\037\333\004\344_/R\006E\344\037@\210\363\010\336T\226\247'\204_{\261\370""1\235\2445\343\033Y!\212\201\341\272\225'\007M\272r\017\316\260\361`\021\343Ohk\347~V\226\352g\315EP\217\034a\007\007\314\317\347,\277\013\003""; }; ","ledgerHash: ""Q;\255\3404\372\225\341L\224\242\200VY\220\355\020\353I\n\363\266\036\311\003OR\250""\032\230\021""; ledgerSeq: 46; type: liBASE; nodes {;   nodedata: ""\000\000\000.\001cEx]\211\377\330\351\312\376z\254\214\206B\274&M\032\376v\266\3104u)\r\312\021\273\030jJH\215G4\367f\000\000\000\000\000\000\000\000\000\000\000\000\000\000\000\000\000\000\000\000\000\000\000\000\000\000\000\000\000\000\000\000r`_\316U\014\361R\023\350\021\361\314\322\317CK\006J\365&\317<\315\305\233\324\205+\002q\000/\351\2538/\351\253@\n\000""; }; nodes {;   nodedata: ""\323C\344\327\264{\312-\017:\006{\177\344N\002\326bO\260\220\006\033\362\345\005U\221DzJ0\001\301\025%1L\307\t\261\262z\374\222T\301\274V\236\223\262\270Ct\362\337b\356\024*\324\320\351\317\002k\336\234\027v\351\217\260\303\360\233ZPZWr\246$w\313\313\r\243r\232\2234\373\3539:N\004Q\245\272D\312D\300\300\t\323\0257\345e\271\na\215{\226\255x%T\257\037\333\004\344_/R\006E\344\037@\210\363\010\336T\226\247'\204_{\261\370""1\235\2445\343\033Y!\212\201\341\272\225'\007M\272r\017\316\260\361`\021\343Ohk\347~V\226\352g\315EP\217\034a\007\007\314\317\347,\277\013\003""; }; "
1750527678506,1750527678507,0,1,2,0,TMGetLedger,"itype: liBASE; ledgerHash: ""Q;\255\3404\372\225\341L\224\242\200VY\220\355\020\353I\n\363\266\036\311\003OR\250""\032\230\021""; queryType: qtINDIRECT; ","itype: liBASE; ledgerHash: ""Q;\255\3404\372\225\341L\224\242\200VY\220\355\020\353I\n\363\266\036\311\003OR\250""\032\230\021""; queryType: qtINDIRECT; "
1750527678507,1750527678507,0,1,2,0,TMValidation,"validation: """"\200\000\000\001&\000\000\000.)/\351\253>:p\210\265\307-\212\200\004QQ;\255\3404\372\225\341L\224\242\200VY\220\355\020\353I\n\363\266\036\311\003OR\250""\032\230\021P\027\000\000\000\000\000\000\000\000\000\000\000\000\000\000\000\000\000\000\000\000\000\000\000\000\000\000\000\000\000\000\000\000P\031\351\312\376z\254\214\206B\274&M\032\376v\266\3104u)\r\312\021\273\030jJH\215G4\367fs!\002\364d\217\366\217|\316F\232\231\241\n\261\333`\312O\367\235\025DD\336e\367\n\312\326\221\037\025\230vG0E\002!\000\343\325_B\215-\307\347\343m4\221z[\034!\202k\314\367#\373\257\2533\022\223\3021\275\312J\002 5t\274r\3748\304\327\021\212\324\206&v\312\206\202\372s%)\352\367/\223\306\322\336c)\020\307""; ","validation: """"\200\000\000\001&\000\000\000.)/\351\253>:p\210\265\307-\212\200\004QQ;\255\3404\372\225\341L\224\242\200VY\220\355\020\353I\n\363\266\036\311\003OR\250""\032\230\021P\027\000\000\000\000\000\000\000\000\000\000\000\000\000\000\000\000\000\000\000\000\000\000\000\000\000\000\000\000\000\000\000\000P\031\351\312\376z\254\214\206B\274&M\032\376v\266\3104u)\r\312\021\273\030jJH\215G4\367fs!\002\364d\217\366\217|\316F\232\231\241\n\261\333`\312O\367\235\025DD\336e\367\n\312\326\221\037\025\230vG0E\002!\000\343\325_B\215-\307\347\343m4\221z[\034!\202k\314\367#\373\257\2533\022\223\3021\275\312J\002 5t\274r\3748\304\327\021\212\324\206&v\312\206\202\372s%)\352\367/\223\306\322\336c)\020\307""; "
1750527678508,1750527678508,0,1,3,0,TMLedgerData,"ledgerHash: ""Q;\255\3404\372\225\341L\224\242\200VY\220\355\020\353I\n\363\266\036\311\003OR\250""\032\230\021""; ledgerSeq: 46; type: liBASE; nodes {;   nodedata: ""\000\000\000.\001cEx]\211\377\330\351\312\376z\254\214\206B\274&M\032\376v\266\3104u)\r\312\021\273\030jJH\215G4\367f\000\000\000\000\000\000\000\000\000\000\000\000\000\000\000\000\000\000\000\000\000\000\000\000\000\000\000\000\000\000\000\000r`_\316U\014\361R\023\350\021\361\314\322\317CK\006J\365&\317<\315\305\233\324\205+\002q\000/\351\2538/\351\253@\n\000""; }; nodes {;   nodedata: ""\323C\344\327\264{\312-\017:\006{\177\344N\002\326bO\260\220\006\033\362\345\005U\221DzJ0\001\301\025%1L\307\t\261\262z\374\222T\301\274V\236\223\262\270Ct\362\337b\356\024*\324\320\351\317\002k\336\234\027v\351\217\260\303\360\233ZPZWr\246$w\313\313\r\243r\232\2234\373\3539:N\004Q\245\272D\312D\300\300\t\323\0257\345e\271\na\215{\226\255x%T\257\037\333\004\344_/R\006E\344\037@\210\363\010\336T\226\247'\204_{\261\370""1\235\2445\343\033Y!\212\201\341\272\225'\007M\272r\017\316\260\361`\021\343Ohk\347~V\226\352g\315EP\217\034a\007\007\314\317\347,\277\013\003""; }; ","ledgerHash: ""Q;\255\3404\372\225\341L\224\242\200VY\220\355\020\353I\n\363\266\036\311\003OR\250""\032\230\021""; ledgerSeq: 46; type: liBASE; nodes {;   nodedata: ""\000\000\000.\001cEx]\211\377\330\351\312\376z\254\214\206B\274&M\032\376v\266\3104u)\r\312\021\273\030jJH\215G4\367f\000\000\000\000\000\000\000\000\000\000\000\000\000\000\000\000\000\000\000\000\000\000\000\000\000\000\000\000\000\000\000\000r`_\316U\014\361R\023\350\021\361\314\322\317CK\006J\365&\317<\315\305\233\324\205+\002q\000/\351\2538/\351\253@\n\000""; }; nodes {;   nodedata: ""\323C\344\327\264{\312-\017:\006{\177\344N\002\326bO\260\220\006\033\362\345\005U\221DzJ0\001\301\025%1L\307\t\261\262z\374\222T\301\274V\236\223\262\270Ct\362\337b\356\024*\324\320\351\317\002k\336\234\027v\351\217\260\303\360\233ZPZWr\246$w\313\313\r\243r\232\2234\373\3539:N\004Q\245\272D\312D\300\300\t\323\0257\345e\271\na\215{\226\255x%T\257\037\333\004\344_/R\006E\344\037@\210\363\010\336T\226\247'\204_{\261\370""1\235\2445\343\033Y!\212\201\341\272\225'\007M\272r\017\316\260\361`\021\343Ohk\347~V\226\352g\315EP\217\034a\007\007\314\317\347,\277\013\003""; }; "
1750527678509,1750527678509,0,1,0,2,TMGetLedger,"itype: liBASE; ledgerHash: ""Q;\255\3404\372\225\341L\224\242\200VY\220\355\020\353I\n\363\266\036\311\003OR\250""\032\230\021""; ledgerSeq: 46; queryType: qtINDIRECT; ","itype: liBASE; ledgerHash: ""Q;\255\3404\372\225\341L\224\242\200VY\220\355\020\353I\n\363\266\036\311\003OR\250""\032\230\021""; ledgerSeq: 46; queryType: qtINDIRECT; "
1750527678509,1750527678509,0,1,0,2,TMValidation,"validation: """"\200\000\000\001&\000\000\000.)/\351\253>:p\210\265\307-\212\200\004QQ;\255\3404\372\225\341L\224\242\200VY\220\355\020\353I\n\363\266\036\311\003OR\250""\032\230\021P\027\000\000\000\000\000\000\000\000\000\000\000\000\000\000\000\000\000\000\000\000\000\000\000\000\000\000\000\000\000\000\000\000P\031\351\312\376z\254\214\206B\274&M\032\376v\266\3104u)\r\312\021\273\030jJH\215G4\367fs!\002\364d\217\366\217|\316F\232\231\241\n\261\333`\312O\367\235\025DD\336e\367\n\312\326\221\037\025\230vG0E\002!\000\343\325_B\215-\307\347\343m4\221z[\034!\202k\314\367#\373\257\2533\022\223\3021\275\312J\002 5t\274r\3748\304\327\021\212\324\206&v\312\206\202\372s%)\352\367/\223\306\322\336c)\020\307""; ","validation: """"\200\000\000\001&\000\000\000.)/\351\253>:p\210\265\307-\212\200\004QQ;\255\3404\372\225\341L\224\242\200VY\220\355\020\353I\n\363\266\036\311\003OR\250""\032\230\021P\027\000\000\000\000\000\000\000\000\000\000\000\000\000\000\000\000\000\000\000\000\000\000\000\000\000\000\000\000\000\000\000\000P\031\351\312\376z\254\214\206B\274&M\032\376v\266\3104u)\r\312\021\273\030jJH\215G4\367fs!\002\364d\217\366\217|\316F\232\231\241\n\261\333`\312O\367\235\025DD\336e\367\n\312\326\221\037\025\230vG0E\002!\000\343\325_B\215-\307\347\343m4\221z[\034!\202k\314\367#\373\257\2533\022\223\3021\275\312J\002 5t\274r\3748\304\327\021\212\324\206&v\312\206\202\372s%)\352\367/\223\306\322\336c)\020\307""; "
1750527678510,1750527678510,0,1,3,2,TMLedgerData,"ledgerHash: ""Q;\255\3404\372\225\341L\224\242\200VY\220\355\020\353I\n\363\266\036\311\003OR\250""\032\230\021""; ledgerSeq: 46; type: liBASE; nodes {;   nodedata: ""\000\000\000.\001cEx]\211\377\330\351\312\376z\254\214\206B\274&M\032\376v\266\3104u)\r\312\021\273\030jJH\215G4\367f\000\000\000\000\000\000\000\000\000\000\000\000\000\000\000\000\000\000\000\000\000\000\000\000\000\000\000\000\000\000\000\000r`_\316U\014\361R\023\350\021\361\314\322\317CK\006J\365&\317<\315\305\233\324\205+\002q\000/\351\2538/\351\253@\n\000""; }; nodes {;   nodedata: ""\323C\344\327\264{\312-\017:\006{\177\344N\002\326bO\260\220\006\033\362\345\005U\221DzJ0\001\301\025%1L\307\t\261\262z\374\222T\301\274V\236\223\262\270Ct\362\337b\356\024*\324\320\351\317\002k\336\234\027v\351\217\260\303\360\233ZPZWr\246$w\313\313\r\243r\232\2234\373\3539:N\004Q\245\272D\312D\300\300\t\323\0257\345e\271\na\215{\226\255x%T\257\037\333\004\344_/R\006E\344\037@\210\363\010\336T\226\247'\204_{\261\370""1\235\2445\343\033Y!\212\201\341\272\225'\007M\272r\017\316\260\361`\021\343Ohk\347~V\226\352g\315EP\217\034a\007\007\314\317\347,\277\013\003""; }; ","ledgerHash: ""Q;\255\3404\372\225\341L\224\242\200VY\220\355\020\353I\n\363\266\036\311\003OR\250""\032\230\021""; ledgerSeq: 46; type: liBASE; nodes {;   nodedata: ""\000\000\000.\001cEx]\211\377\330\351\312\376z\254\214\206B\274&M\032\376v\266\3104u)\r\312\021\273\030jJH\215G4\367f\000\000\000\000\000\000\000\000\000\000\000\000\000\000\000\000\000\000\000\000\000\000\000\000\000\000\000\000\000\000\000\000r`_\316U\014\361R\023\350\021\361\314\322\317CK\006J\365&\317<\315\305\233\324\205+\002q\000/\351\2538/\351\253@\n\000""; }; nodes {;   nodedata: ""\323C\344\327\264{\312-\017:\006{\177\344N\002\326bO\260\220\006\033\362\345\005U\221DzJ0\001\301\025%1L\307\t\261\262z\374\222T\301\274V\236\223\262\270Ct\362\337b\356\024*\324\320\351\317\002k\336\234\027v\351\217\260\303\360\233ZPZWr\246$w\313\313\r\243r\232\2234\373\3539:N\004Q\245\272D\312D\300\300\t\323\0257\345e\271\na\215{\226\255x%T\257\037\333\004\344_/R\006E\344\037@\210\363\010\336T\226\247'\204_{\261\370""1\235\2445\343\033Y!\212\201\341\272\225'\007M\272r\017\316\260\361`\021\343Ohk\347~V\226\352g\315EP\217\034a\007\007\314\317\347,\277\013\003""; }; "
1750527678510,1750527678511,0,1,3,1,TMLedgerData,"ledgerHash: ""Q;\255\3404\372\225\341L\224\242\200VY\220\355\020\353I\n\363\266\036\311\003OR\250""\032\230\021""; ledgerSeq: 46; type: liBASE; nodes {;   nodedata: ""\000\000\000.\001cEx]\211\377\330\351\312\376z\254\214\206B\274&M\032\376v\266\3104u)\r\312\021\273\030jJH\215G4\367f\000\000\000\000\000\000\000\000\000\000\000\000\000\000\000\000\000\000\000\000\000\000\000\000\000\000\000\000\000\000\000\000r`_\316U\014\361R\023\350\021\361\314\322\317CK\006J\365&\317<\315\305\233\324\205+\002q\000/\351\2538/\351\253@\n\000""; }; nodes {;   nodedata: ""\323C\344\327\264{\312-\017:\006{\177\344N\002\326bO\260\220\006\033\362\345\005U\221DzJ0\001\301\025%1L\307\t\261\262z\374\222T\301\274V\236\223\262\270Ct\362\337b\356\024*\324\320\351\317\002k\336\234\027v\351\217\260\303\360\233ZPZWr\246$w\313\313\r\243r\232\2234\373\3539:N\004Q\245\272D\312D\300\300\t\323\0257\345e\271\na\215{\226\255x%T\257\037\333\004\344_/R\006E\344\037@\210\363\010\336T\226\247'\204_{\261\370""1\235\2445\343\033Y!\212\201\341\272\225'\007M\272r\017\316\260\361`\021\343Ohk\347~V\226\352g\315EP\217\034a\007\007\314\317\347,\277\013\003""; }; ","ledgerHash: ""Q;\255\3404\372\225\341L\224\242\200VY\220\355\020\353I\n\363\266\036\311\003OR\250""\032\230\021""; ledgerSeq: 46; type: liBASE; nodes {;   nodedata: ""\000\000\000.\001cEx]\211\377\330\351\312\376z\254\214\206B\274&M\032\376v\266\3104u)\r\312\021\273\030jJH\215G4\367f\000\000\000\000\000\000\000\000\000\000\000\000\000\000\000\000\000\000\000\000\000\000\000\000\000\000\000\000\000\000\000\000r`_\316U\014\361R\023\350\021\361\314\322\317CK\006J\365&\317<\315\305\233\324\205+\002q\000/\351\2538/\351\253@\n\000""; }; nodes {;   nodedata: ""\323C\344\327\264{\312-\017:\006{\177\344N\002\326bO\260\220\006\033\362\345\005U\221DzJ0\001\301\025%1L\307\t\261\262z\374\222T\301\274V\236\223\262\270Ct\362\337b\356\024*\324\320\351\317\002k\336\234\027v\351\217\260\303\360\233ZPZWr\246$w\313\313\r\243r\232\2234\373\3539:N\004Q\245\272D\312D\300\300\t\323\0257\345e\271\na\215{\226\255x%T\257\037\333\004\344_/R\006E\344\037@\210\363\010\336T\226\247'\204_{\261\370""1\235\2445\343\033Y!\212\201\341\272\225'\007M\272r\017\316\260\361`\021\343Ohk\347~V\226\352g\315EP\217\034a\007\007\314\317\347,\277\013\003""; }; "
1750527678511,1750527678511,0,1,0,1,TMValidation,"validation: """"\200\000\000\001&\000\000\000.)/\351\253>:p\210\265\307-\212\200\004QQ;\255\3404\372\225\341L\224\242\200VY\220\355\020\353I\n\363\266\036\311\003OR\250""\032\230\021P\027\000\000\000\000\000\000\000\000\000\000\000\000\000\000\000\000\000\000\000\000\000\000\000\000\000\000\000\000\000\000\000\000P\031\351\312\376z\254\214\206B\274&M\032\376v\266\3104u)\r\312\021\273\030jJH\215G4\367fs!\002\364d\217\366\217|\316F\232\231\241\n\261\333`\312O\367\235\025DD\336e\367\n\312\326\221\037\025\230vG0E\002!\000\343\325_B\215-\307\347\343m4\221z[\034!\202k\314\367#\373\257\2533\022\223\3021\275\312J\002 5t\274r\3748\304\327\021\212\324\206&v\312\206\202\372s%)\352\367/\223\306\322\336c)\020\307""; ","validation: """"\200\000\000\001&\000\000\000.)/\351\253>:p\210\265\307-\212\200\004QQ;\255\3404\372\225\341L\224\242\200VY\220\355\020\353I\n\363\266\036\311\003OR\250""\032\230\021P\027\000\000\000\000\000\000\000\000\000\000\000\000\000\000\000\000\000\000\000\000\000\000\000\000\000\000\000\000\000\000\000\000P\031\351\312\376z\254\214\206B\274&M\032\376v\266\3104u)\r\312\021\273\030jJH\215G4\367fs!\002\364d\217\366\217|\316F\232\231\241\n\261\333`\312O\367\235\025DD\336e\367\n\312\326\221\037\025\230vG0E\002!\000\343\325_B\215-\307\347\343m4\221z[\034!\202k\314\367#\373\257\2533\022\223\3021\275\312J\002 5t\274r\3748\304\327\021\212\324\206&v\312\206\202\372s%)\352\367/\223\306\322\336c)\020\307""; "
1750527678512,1750527678512,0,1,0,1,TMGetLedger,"itype: liBASE; ledgerHash: ""Q;\255\3404\372\225\341L\224\242\200VY\220\355\020\353I\n\363\266\036\311\003OR\250""\032\230\021""; ledgerSeq: 46; queryType: qtINDIRECT; ","itype: liBASE; ledgerHash: ""Q;\255\3404\372\225\341L\224\242\200VY\220\355\020\353I\n\363\266\036\311\003OR\250""\032\230\021""; ledgerSeq: 46; queryType: qtINDIRECT; "
1750527678513,1750527678513,0,1,2,1,TMValidation,"validation: """"\200\000\000\001&\000\000\000.)/\351\253>:p\210\265\307-\212\200\004QQ;\255\3404\372\225\341L\224\242\200VY\220\355\020\353I\n\363\266\036\311\003OR\250""\032\230\021P\027\000\000\000\000\000\000\000\000\000\000\000\000\000\000\000\000\000\000\000\000\000\000\000\000\000\000\000\000\000\000\000\000P\031\351\312\376z\254\214\206B\274&M\032\376v\266\3104u)\r\312\021\273\030jJH\215G4\367fs!\002\364d\217\366\217|\316F\232\231\241\n\261\333`\312O\367\235\025DD\336e\367\n\312\326\221\037\025\230vG0E\002!\000\343\325_B\215-\307\347\343m4\221z[\034!\202k\314\367#\373\257\2533\022\223\3021\275\312J\002 5t\274r\3748\304\327\021\212\324\206&v\312\206\202\372s%)\352\367/\223\306\322\336c)\020\307""; ","validation: """"\200\000\000\001&\000\000\000.)/\351\253>:p\210\265\307-\212\200\004QQ;\255\3404\372\225\341L\224\242\200VY\220\355\020\353I\n\363\266\036\311\003OR\250""\032\230\021P\027\000\000\000\000\000\000\000\000\000\000\000\000\000\000\000\000\000\000\000\000\000\000\000\000\000\000\000\000\000\000\000\000P\031\351\312\376z\254\214\206B\274&M\032\376v\266\3104u)\r\312\021\273\030jJH\215G4\367fs!\002\364d\217\366\217|\316F\232\231\241\n\261\333`\312O\367\235\025DD\336e\367\n\312\326\221\037\025\230vG0E\002!\000\343\325_B\215-\307\347\343m4\221z[\034!\202k\314\367#\373\257\2533\022\223\3021\275\312J\002 5t\274r\3748\304\327\021\212\324\206&v\312\206\202\372s%)\352\367/\223\306\322\336c)\020\307""; "
1750527678514,1750527678514,0,1,2,1,TMGetLedger,"itype: liBASE; ledgerHash: ""Q;\255\3404\372\225\341L\224\242\200VY\220\355\020\353I\n\363\266\036\311\003OR\250""\032\230\021""; queryType: qtINDIRECT; ","itype: liBASE; ledgerHash: ""Q;\255\3404\372\225\341L\224\242\200VY\220\355\020\353I\n\363\266\036\311\003OR\250""\032\230\021""; queryType: qtINDIRECT; "
1750527678514,1750527678515,0,1,4,3,TMGetLedger,"itype: liBASE; ledgerHash: ""Q;\255\3404\372\225\341L\224\242\200VY\220\355\020\353I\n\363\266\036\311\003OR\250""\032\230\021""; requestCookie: 3; queryType: qtINDIRECT; ","itype: liBASE; ledgerHash: ""Q;\255\3404\372\225\341L\224\242\200VY\220\355\020\353I\n\363\266\036\311\003OR\250""\032\230\021""; requestCookie: 3; queryType: qtINDIRECT; "
1750527678515,1750527678515,0,1,3,1,TMLedgerData,"ledgerHash: ""Q;\255\3404\372\225\341L\224\242\200VY\220\355\020\353I\n\363\266\036\311\003OR\250""\032\230\021""; ledgerSeq: 46; type: liBASE; nodes {;   nodedata: ""\000\000\000.\001cEx]\211\377\330\351\312\376z\254\214\206B\274&M\032\376v\266\3104u)\r\312\021\273\030jJH\215G4\367f\000\000\000\000\000\000\000\000\000\000\000\000\000\000\000\000\000\000\000\000\000\000\000\000\000\000\000\000\000\000\000\000r`_\316U\014\361R\023\350\021\361\314\322\317CK\006J\365&\317<\315\305\233\324\205+\002q\000/\351\2538/\351\253@\n\000""; }; nodes {;   nodedata: ""\323C\344\327\264{\312-\017:\006{\177\344N\002\326bO\260\220\006\033\362\345\005U\221DzJ0\001\301\025%1L\307\t\261\262z\374\222T\301\274V\236\223\262\270Ct\362\337b\356\024*\324\320\351\317\002k\336\234\027v\351\217\260\303\360\233ZPZWr\246$w\313\313\r\243r\232\2234\373\3539:N\004Q\245\272D\312D\300\300\t\323\0257\345e\271\na\215{\226\255x%T\257\037\333\004\344_/R\006E\344\037@\210\363\010\336T\226\247'\204_{\261\370""1\235\2445\343\033Y!\212\201\341\272\225'\007M\272r\017\316\260\361`\021\343Ohk\347~V\226\352g\315EP\217\034a\007\007\314\317\347,\277\013\003""; }; ","ledgerHash: ""Q;\255\3404\372\225\341L\224\242\200VY\220\355\020\353I\n\363\266\036\311\003OR\250""\032\230\021""; ledgerSeq: 46; type: liBASE; nodes {;   nodedata: ""\000\000\000.\001cEx]\211\377\330\351\312\376z\254\214\206B\274&M\032\376v\266\3104u)\r\312\021\273\030jJH\215G4\367f\000\000\000\000\000\000\000\000\000\000\000\000\000\000\000\000\000\000\000\000\000\000\000\000\000\000\000\000\000\000\000\000r`_\316U\014\361R\023\350\021\361\314\322\317CK\006J\365&\317<\315\305\233\324\205+\002q\000/\351\2538/\351\253@\n\000""; }; nodes {;   nodedata: ""\323C\344\327\264{\312-\017:\006{\177\344N\002\326bO\260\220\006\033\362\345\005U\221DzJ0\001\301\025%1L\307\t\261\262z\374\222T\301\274V\236\223\262\270Ct\362\337b\356\024*\324\320\351\317\002k\336\234\027v\351\217\260\303\360\233ZPZWr\246$w\313\313\r\243r\232\2234\373\3539:N\004Q\245\272D\312D\300\300\t\323\0257\345e\271\na\215{\226\255x%T\257\037\333\004\344_/R\006E\344\037@\210\363\010\336T\226\247'\204_{\261\370""1\235\2445\343\033Y!\212\201\341\272\225'\007M\272r\017\316\260\361`\021\343Ohk\347~V\226\352g\315EP\217\034a\007\007\314\317\347,\277\013\003""; }; "
1750527678516,1750527678516,0,1,4,3,TMGetLedger,"itype: liBASE; ledgerHash: ""Q;\255\3404\372\225\341L\224\242\200VY\220\355\020\353I\n\363\266\036\311\003OR\250""\032\230\021""; ledgerSeq: 46; requestCookie: 2; queryType: qtINDIRECT; ","itype: liBASE; ledgerHash: ""Q;\255\3404\372\225\341L\224\242\200VY\220\355\020\353I\n\363\266\036\311\003OR\250""\032\230\021""; ledgerSeq: 46; requestCookie: 2; queryType: qtINDIRECT; "
1750527678517,1750527678517,0,1,4,3,TMGetLedger,"itype: liBASE; ledgerHash: ""Q;\255\3404\372\225\341L\224\242\200VY\220\355\020\353I\n\363\266\036\311\003OR\250""\032\230\021""; ledgerSeq: 46; requestCookie: 1; queryType: qtINDIRECT; ","itype: liBASE; ledgerHash: ""Q;\255\3404\372\225\341L\224\242\200VY\220\355\020\353I\n\363\266\036\311\003OR\250""\032\230\021""; ledgerSeq: 46; requestCookie: 1; queryType: qtINDIRECT; "
1750527678517,1750527678518,0,1,3,1,TMLedgerData,"ledgerHash: ""Q;\255\3404\372\225\341L\224\242\200VY\220\355\020\353I\n\363\266\036\311\003OR\250""\032\230\021""; ledgerSeq: 46; type: liBASE; nodes {;   nodedata: ""\000\000\000.\001cEx]\211\377\330\351\312\376z\254\214\206B\274&M\032\376v\266\3104u)\r\312\021\273\030jJH\215G4\367f\000\000\000\000\000\000\000\000\000\000\000\000\000\000\000\000\000\000\000\000\000\000\000\000\000\000\000\000\000\000\000\000r`_\316U\014\361R\023\350\021\361\314\322\317CK\006J\365&\317<\315\305\233\324\205+\002q\000/\351\2538/\351\253@\n\000""; }; nodes {;   nodedata: ""\323C\344\327\264{\312-\017:\006{\177\344N\002\326bO\260\220\006\033\362\345\005U\221DzJ0\001\301\025%1L\307\t\261\262z\374\222T\301\274V\236\223\262\270Ct\362\337b\356\024*\324\320\351\317\002k\336\234\027v\351\217\260\303\360\233ZPZWr\246$w\313\313\r\243r\232\2234\373\3539:N\004Q\245\272D\312D\300\300\t\323\0257\345e\271\na\215{\226\255x%T\257\037\333\004\344_/R\006E\344\037@\210\363\010\336T\226\247'\204_{\261\370""1\235\2445\343\033Y!\212\201\341\272\225'\007M\272r\017\316\260\361`\021\343Ohk\347~V\226\352g\315EP\217\034a\007\007\314\317\347,\277\013\003""; }; requestCookie: 5; ","ledgerHash: ""Q;\255\3404\372\225\341L\224\242\200VY\220\355\020\353I\n\363\266\036\311\003OR\250""\032\230\021""; ledgerSeq: 46; type: liBASE; nodes {;   nodedata: ""\000\000\000.\001cEx]\211\377\330\351\312\376z\254\214\206B\274&M\032\376v\266\3104u)\r\312\021\273\030jJH\215G4\367f\000\000\000\000\000\000\000\000\000\000\000\000\000\000\000\000\000\000\000\000\000\000\000\000\000\000\000\000\000\000\000\000r`_\316U\014\361R\023\350\021\361\314\322\317CK\006J\365&\317<\315\305\233\324\205+\002q\000/\351\2538/\351\253@\n\000""; }; nodes {;   nodedata: ""\323C\344\327\264{\312-\017:\006{\177\344N\002\326bO\260\220\006\033\362\345\005U\221DzJ0\001\301\025%1L\307\t\261\262z\374\222T\301\274V\236\223\262\270Ct\362\337b\356\024*\324\320\351\317\002k\336\234\027v\351\217\260\303\360\233ZPZWr\246$w\313\313\r\243r\232\2234\373\3539:N\004Q\245\272D\312D\300\300\t\323\0257\345e\271\na\215{\226\255x%T\257\037\333\004\344_/R\006E\344\037@\210\363\010\336T\226\247'\204_{\261\370""1\235\2445\343\033Y!\212\201\341\272\225'\007M\272r\017\316\260\361`\021\343Ohk\347~V\226\352g\315EP\217\034a\007\007\314\317\347,\277\013\003""; }; requestCookie: 5; "
1750527678519,1750527678519,0,1,4,3,TMGetLedger,"itype: liAS_NODE; ledgerHash: ""Q;\255\3404\372\225\341L\224\242\200VY\220\355\020\353I\n\363\266\036\311\003OR\250""\032\230\021""; ledgerSeq: 46; nodeIDs: ""\260\000\000\000\000\000\000\000\000\000\000\000\000\000\000\000\000\000\000\000\000\000\000\000\000\000\000\000\000\000\000\000\001""; queryType: qtINDIRECT; queryDepth: 1; ","itype: liAS_NODE; ledgerHash: ""Q;\255\3404\372\225\341L\224\242\200VY\220\355\020\353I\n\363\266\036\311\003OR\250""\032\230\021""; ledgerSeq: 46; nodeIDs: ""\260\000\000\000\000\000\000\000\000\000\000\000\000\000\000\000\000\000\000\000\000\000\000\000\000\000\000\000\000\000\000\000\001""; queryType: qtINDIRECT; queryDepth: 1; "
1750527678519,1750527678519,0,1,0,3,TMGetLedger,"itype: liBASE; ledgerHash: ""Q;\255\3404\372\225\341L\224\242\200VY\220\355\020\353I\n\363\266\036\311\003OR\250""\032\230\021""; requestCookie: 5; queryType: qtINDIRECT; ","itype: liBASE; ledgerHash: ""Q;\255\3404\372\225\341L\224\242\200VY\220\355\020\353I\n\363\266\036\311\003OR\250""\032\230\021""; requestCookie: 5; queryType: qtINDIRECT; "
1750527678521,1750527678521,0,1,0,3,TMGetLedger,"itype: liBASE; ledgerHash: ""Q;\255\3404\372\225\341L\224\242\200VY\220\355\020\353I\n\363\266\036\311\003OR\250""\032\230\021""; ledgerSeq: 46; requestCookie: 2; queryType: qtINDIRECT; ","itype: liBASE; ledgerHash: ""Q;\255\3404\372\225\341L\224\242\200VY\220\355\020\353I\n\363\266\036\311\003OR\250""\032\230\021""; ledgerSeq: 46; requestCookie: 2; queryType: qtINDIRECT; "
1750527678522,1750527678522,0,1,0,3,TMGetLedger,"itype: liBASE; ledgerHash: ""Q;\255\3404\372\225\341L\224\242\200VY\220\355\020\353I\n\363\266\036\311\003OR\250""\032\230\021""; requestCookie: 3; queryType: qtINDIRECT; ","itype: liBASE; ledgerHash: ""Q;\255\3404\372\225\341L\224\242\200VY\220\355\020\353I\n\363\266\036\311\003OR\250""\032\230\021""; requestCookie: 3; queryType: qtINDIRECT; "
1750527678522,1750527678522,0,1,0,3,TMGetLedger,"itype: liAS_NODE; ledgerHash: ""Q;\255\3404\372\225\341L\224\242\200VY\220\355\020\353I\n\363\266\036\311\003OR\250""\032\230\021""; ledgerSeq: 46; nodeIDs: ""\260\000\000\000\000\000\000\000\000\000\000\000\000\000\000\000\000\000\000\000\000\000\000\000\000\000\000\000\000\000\000\000\001""; queryType: qtINDIRECT; queryDepth: 1; ","itype: liAS_NODE; ledgerHash: ""Q;\255\3404\372\225\341L\224\242\200VY\220\355\020\353I\n\363\266\036\311\003OR\250""\032\230\021""; ledgerSeq: 46; nodeIDs: ""\260\000\000\000\000\000\000\000\000\000\000\000\000\000\000\000\000\000\000\000\000\000\000\000\000\000\000\000\000\000\000\000\001""; queryType: qtINDIRECT; queryDepth: 1; "
1750527678523,1750527678523,0,1,2,3,TMGetLedger,"itype: liBASE; ledgerHash: ""Q;\255\3404\372\225\341L\224\242\200VY\220\355\020\353I\n\363\266\036\311\003OR\250""\032\230\021""; queryType: qtINDIRECT; ","itype: liBASE; ledgerHash: ""Q;\255\3404\372\225\341L\224\242\200VY\220\355\020\353I\n\363\266\036\311\003OR\250""\032\230\021""; queryType: qtINDIRECT; "
1750527678524,1750527678524,0,1,2,3,TMGetLedger,"itype: liBASE; ledgerHash: ""Q;\255\3404\372\225\341L\224\242\200VY\220\355\020\353I\n\363\266\036\311\003OR\250""\032\230\021""; requestCookie: 5; queryType: qtINDIRECT; ","itype: liBASE; ledgerHash: ""Q;\255\3404\372\225\341L\224\242\200VY\220\355\020\353I\n\363\266\036\311\003OR\250""\032\230\021""; requestCookie: 5; queryType: qtINDIRECT; "
1750527678524,1750527678524,0,1,2,3,TMGetLedger,"itype: liBASE; ledgerHash: ""Q;\255\3404\372\225\341L\224\242\200VY\220\355\020\353I\n\363\266\036\311\003OR\250""\032\230\021""; ledgerSeq: 46; requestCookie: 2; queryType: qtINDIRECT; ","itype: liBASE; ledgerHash: ""Q;\255\3404\372\225\341L\224\242\200VY\220\355\020\353I\n\363\266\036\311\003OR\250""\032\230\021""; ledgerSeq: 46; requestCookie: 2; queryType: qtINDIRECT; "
1750527678525,1750527678525,0,1,2,3,TMGetLedger,"itype: liBASE; ledgerHash: ""Q;\255\3404\372\225\341L\224\242\200VY\220\355\020\353I\n\363\266\036\311\003OR\250""\032\230\021""; ledgerSeq: 46; requestCookie: 3; queryType: qtINDIRECT; ","itype: liBASE; ledgerHash: ""Q;\255\3404\372\225\341L\224\242\200VY\220\355\020\353I\n\363\266\036\311\003OR\250""\032\230\021""; ledgerSeq: 46; requestCookie: 3; queryType: qtINDIRECT; "
1750527678526,1750527678526,0,1,1,3,TMGetLedger,"itype: liAS_NODE; ledgerHash: ""Q;\255\3404\372\225\341L\224\242\200VY\220\355\020\353I\n\363\266\036\311\003OR\250""\032\230\021""; ledgerSeq: 46; nodeIDs: ""\260\000\000\000\000\000\000\000\000\000\000\000\000\000\000\000\000\000\000\000\000\000\000\000\000\000\000\000\000\000\000\000\001""; queryType: qtINDIRECT; queryDepth: 1; ","itype: liAS_NODE; ledgerHash: ""Q;\255\3404\372\225\341L\224\242\200VY\220\355\020\353I\n\363\266\036\311\003OR\250""\032\230\021""; ledgerSeq: 46; nodeIDs: ""\260\000\000\000\000\000\000\000\000\000\000\000\000\000\000\000\000\000\000\000\000\000\000\000\000\000\000\000\000\000\000\000\001""; queryType: qtINDIRECT; queryDepth: 1; "
1750527678526,1750527678526,0,1,3,4,TMLedgerData,"ledgerHash: ""Q;\255\3404\372\225\341L\224\242\200VY\220\355\020\353I\n\363\266\036\311\003OR\250""\032\230\021""; ledgerSeq: 46; type: liBASE; nodes {;   nodedata: ""\000\000\000.\001cEx]\211\377\330\351\312\376z\254\214\206B\274&M\032\376v\266\3104u)\r\312\021\273\030jJH\215G4\367f\000\000\000\000\000\000\000\000\000\000\000\000\000\000\000\000\000\000\000\000\000\000\000\000\000\000\000\000\000\000\000\000r`_\316U\014\361R\023\350\021\361\314\322\317CK\006J\365&\317<\315\305\233\324\205+\002q\000/\351\2538/\351\253@\n\000""; }; nodes {;   nodedata: ""\323C\344\327\264{\312-\017:\006{\177\344N\002\326bO\260\220\006\033\362\345\005U\221DzJ0\001\301\025%1L\307\t\261\262z\374\222T\301\274V\236\223\262\270Ct\362\337b\356\024*\324\320\351\317\002k\336\234\027v\351\217\260\303\360\233ZPZWr\246$w\313\313\r\243r\232\2234\373\3539:N\004Q\245\272D\312D\300\300\t\323\0257\345e\271\na\215{\226\255x%T\257\037\333\004\344_/R\006E\344\037@\210\363\010\336T\226\247'\204_{\261\370""1\235\2445\343\033Y!\212\201\341\272\225'\007M\272r\017\316\260\361`\021\343Ohk\347~V\226\352g\315EP\217\034a\007\007\314\317\347,\277\013\003""; }; requestCookie: 3; ","ledgerHash: ""Q;\255\3404\372\225\341L\224\242\200VY\220\355\020\353I\n\363\266\036\311\003OR\250""\032\230\021""; ledgerSeq: 46; type: liBASE; nodes {;   nodedata: ""\000\000\000.\001cEx]\211\377\330\351\312\376z\254\214\206B\274&M\032\376v\266\3104u)\r\312\021\273\030jJH\215G4\367f\000\000\000\000\000\000\000\000\000\000\000\000\000\000\000\000\000\000\000\000\000\000\000\000\000\000\000\000\000\000\000\000r`_\316U\014\361R\023\350\021\361\314\322\317CK\006J\365&\317<\315\305\233\324\205+\002q\000/\351\2538/\351\253@\n\000""; }; nodes {;   nodedata: ""\323C\344\327\264{\312-\017:\006{\177\344N\002\326bO\260\220\006\033\362\345\005U\221DzJ0\001\301\025%1L\307\t\261\262z\374\222T\301\274V\236\223\262\270Ct\362\337b\356\024*\324\320\351\317\002k\336\234\027v\351\217\260\303\360\233ZPZWr\246$w\313\313\r\243r\232\2234\373\3539:N\004Q\245\272D\312D\300\300\t\323\0257\345e\271\na\215{\226\255x%T\257\037\333\004\344_/R\006E\344\037@\210\363\010\336T\226\247'\204_{\261\370""1\235\2445\343\033Y!\212\201\341\272\225'\007M\272r\017\316\260\361`\021\343Ohk\347~V\226\352g\315EP\217\034a\007\007\314\317\347,\277\013\003""; }; requestCookie: 3; "
1750527678527,1750527678527,0,1,1,3,TMGetLedger,"itype: liBASE; ledgerHash: ""Q;\255\3404\372\225\341L\224\242\200VY\220\355\020\353I\n\363\266\036\311\003OR\250""\032\230\021""; ledgerSeq: 46; requestCookie: 2; queryType: qtINDIRECT; ","itype: liBASE; ledgerHash: ""Q;\255\3404\372\225\341L\224\242\200VY\220\355\020\353I\n\363\266\036\311\003OR\250""\032\230\021""; ledgerSeq: 46; requestCookie: 2; queryType: qtINDIRECT; "
1750527678528,1750527678528,0,1,1,3,TMGetLedger,"itype: liBASE; ledgerHash: ""Q;\255\3404\372\225\341L\224\242\200VY\220\355\020\353I\n\363\266\036\311\003OR\250""\032\230\021""; requestCookie: 3; queryType: qtINDIRECT; ","itype: liBASE; ledgerHash: ""Q;\255\3404\372\225\341L\224\242\200VY\220\355\020\353I\n\363\266\036\311\003OR\250""\032\230\021""; requestCookie: 3; queryType: qtINDIRECT; "
1750527678529,1750527678529,0,1,3,4,TMLedgerData,"ledgerHash: ""Q;\255\3404\372\225\341L\224\242\200VY\220\355\020\353I\n\363\266\036\311\003OR\250""\032\230\021""; ledgerSeq: 46; type: liBASE; nodes {;   nodedata: ""\000\000\000.\001cEx]\211\377\330\351\312\376z\254\214\206B\274&M\032\376v\266\3104u)\r\312\021\273\030jJH\215G4\367f\000\000\000\000\000\000\000\000\000\000\000\000\000\000\000\000\000\000\000\000\000\000\000\000\000\000\000\000\000\000\000\000r`_\316U\014\361R\023\350\021\361\314\322\317CK\006J\365&\317<\315\305\233\324\205+\002q\000/\351\2538/\351\253@\n\000""; }; nodes {;   nodedata: ""\323C\344\327\264{\312-\017:\006{\177\344N\002\326bO\260\220\006\033\362\345\005U\221DzJ0\001\301\025%1L\307\t\261\262z\374\222T\301\274V\236\223\262\270Ct\362\337b\356\024*\324\320\351\317\002k\336\234\027v\351\217\260\303\360\233ZPZWr\246$w\313\313\r\243r\232\2234\373\3539:N\004Q\245\272D\312D\300\300\t\323\0257\345e\271\na\215{\226\255x%T\257\037\333\004\344_/R\006E\344\037@\210\363\010\336T\226\247'\204_{\261\370""1\235\2445\343\033Y!\212\201\341\272\225'\007M\272r\017\316\260\361`\021\343Ohk\347~V\226\352g\315EP\217\034a\007\007\314\317\347,\277\013\003""; }; requestCookie: 2; ","ledgerHash: ""Q;\255\3404\372\225\341L\224\242\200VY\220\355\020\353I\n\363\266\036\311\003OR\250""\032\230\021""; ledgerSeq: 46; type: liBASE; nodes {;   nodedata: ""\000\000\000.\001cEx]\211\377\330\351\312\376z\254\214\206B\274&M\032\376v\266\3104u)\r\312\021\273\030jJH\215G4\367f\000\000\000\000\000\000\000\000\000\000\000\000\000\000\000\000\000\000\000\000\000\000\000\000\000\000\000\000\000\000\000\000r`_\316U\014\361R\023\350\021\361\314\322\317CK\006J\365&\317<\315\305\233\324\205+\002q\000/\351\2538/\351\253@\n\000""; }; nodes {;   nodedata: ""\323C\344\327\264{\312-\017:\006{\177\344N\002\326bO\260\220\006\033\362\345\005U\221DzJ0\001\301\025%1L\307\t\261\262z\374\222T\301\274V\236\223\262\270Ct\362\337b\356\024*\324\320\351\317\002k\336\234\027v\351\217\260\303\360\233ZPZWr\246$w\313\313\r\243r\232\2234\373\3539:N\004Q\245\272D\312D\300\300\t\323\0257\345e\271\na\215{\226\255x%T\257\037\333\004\344_/R\006E\344\037@\210\363\010\336T\226\247'\204_{\261\370""1\235\2445\343\033Y!\212\201\341\272\225'\007M\272r\017\316\260\361`\021\343Ohk\347~V\226\352g\315EP\217\034a\007\007\314\317\347,\277\013\003""; }; requestCookie: 2; "
1750527678530,1750527678530,0,1,3,4,TMLedgerData,"ledgerHash: ""Q;\255\3404\372\225\341L\224\242\200VY\220\355\020\353I\n\363\266\036\311\003OR\250""\032\230\021""; ledgerSeq: 46; type: liBASE; nodes {;   nodedata: ""\000\000\000.\001cEx]\211\377\330\351\312\376z\254\214\206B\274&M\032\376v\266\3104u)\r\312\021\273\030jJH\215G4\367f\000\000\000\000\000\000\000\000\000\000\000\000\000\000\000\000\000\000\000\000\000\000\000\000\000\000\000\000\000\000\000\000r`_\316U\014\361R\023\350\021\361\314\322\317CK\006J\365&\317<\315\305\233\324\205+\002q\000/\351\2538/\351\253@\n\000""; }; nodes {;   nodedata: ""\323C\344\327\264{\312-\017:\006{\177\344N\002\326bO\260\220\006\033\362\345\005U\221DzJ0\001\301\025%1L\307\t\261\262z\374\222T\301\274V\236\223\262\270Ct\362\337b\356\024*\324\320\351\317\002k\336\234\027v\351\217\260\303\360\233ZPZWr\246$w\313\313\r\243r\232\2234\373\3539:N\004Q\245\272D\312D\300\300\t\323\0257\345e\271\na\215{\226\255x%T\257\037\333\004\344_/R\006E\344\037@\210\363\010\336T\226\247'\204_{\261\370""1\235\2445\343\033Y!\212\201\341\272\225'\007M\272r\017\316\260\361`\021\343Ohk\347~V\226\352g\315EP\217\034a\007\007\314\317\347,\277\013\003""; }; requestCookie: 1; ","ledgerHash: ""Q;\255\3404\372\225\341L\224\242\200VY\220\355\020\353I\n\363\266\036\311\003OR\250""\032\230\021""; ledgerSeq: 46; type: liBASE; nodes {;   nodedata: ""\000\000\000.\001cEx]\211\377\330\351\312\376z\254\214\206B\274&M\032\376v\266\3104u)\r\312\021\273\030jJH\215G4\367f\000\000\000\000\000\000\000\000\000\000\000\000\000\000\000\000\000\000\000\000\000\000\000\000\000\000\000\000\000\000\000\000r`_\316U\014\361R\023\350\021\361\314\322\317CK\006J\365&\317<\315\305\233\324\205+\002q\000/\351\2538/\351\253@\n\000""; }; nodes {;   nodedata: ""\323C\344\327\264{\312-\017:\006{\177\344N\002\326bO\260\220\006\033\362\345\005U\221DzJ0\001\301\025%1L\307\t\261\262z\374\222T\301\274V\236\223\262\270Ct\362\337b\356\024*\324\320\351\317\002k\336\234\027v\351\217\260\303\360\233ZPZWr\246$w\313\313\r\243r\232\2234\373\3539:N\004Q\245\272D\312D\300\300\t\323\0257\345e\271\na\215{\226\255x%T\257\037\333\004\344_/R\006E\344\037@\210\363\010\336T\226\247'\204_{\261\370""1\235\2445\343\033Y!\212\201\341\272\225'\007M\272r\017\316\260\361`\021\343Ohk\347~V\226\352g\315EP\217\034a\007\007\314\317\347,\277\013\003""; }; requestCookie: 1; "
1750527678531,1750527678531,0,1,1,4,TMLedgerData,"ledgerHash: ""Q;\255\3404\372\225\341L\224\242\200VY\220\355\020\353I\n\363\266\036\311\003OR\250""\032\230\021""; ledgerSeq: 46; type: liBASE; nodes {;   nodedata: ""\000\000\000.\001cEx]\211\377\330\351\312\376z\254\214\206B\274&M\032\376v\266\3104u)\r\312\021\273\030jJH\215G4\367f\000\000\000\000\000\000\000\000\000\000\000\000\000\000\000\000\000\000\000\000\000\000\000\000\000\000\000\000\000\000\000\000r`_\316U\014\361R\023\350\021\361\314\322\317CK\006J\365&\317<\315\305\233\324\205+\002q\000/\351\2538/\351\253@\n\000""; }; nodes {;   nodedata: ""\323C\344\327\264{\312-\017:\006{\177\344N\002\326bO\260\220\006\033\362\345\005U\221DzJ0\001\301\025%1L\307\t\261\262z\374\222T\301\274V\236\223\262\270Ct\362\337b\356\024*\324\320\351\317\002k\336\234\027v\351\217\260\303\360\233ZPZWr\246$w\313\313\r\243r\232\2234\373\3539:N\004Q\245\272D\312D\300\300\t\323\0257\345e\271\na\215{\226\255x%T\257\037\333\004\344_/R\006E\344\037@\210\363\010\336T\226\247'\204_{\261\370""1\235\2445\343\033Y!\212\201\341\272\225'\007M\272r\017\316\260\361`\021\343Ohk\347~V\226\352g\315EP\217\034a\007\007\314\317\347,\277\013\003""; }; ","ledgerHash: ""Q;\255\3404\372\225\341L\224\242\200VY\220\355\020\353I\n\363\266\036\311\003OR\250""\032\230\021""; ledgerSeq: 46; type: liBASE; nodes {;   nodedata: ""\000\000\000.\001cEx]\211\377\330\351\312\376z\254\214\206B\274&M\032\376v\266\3104u)\r\312\021\273\030jJH\215G4\367f\000\000\000\000\000\000\000\000\000\000\000\000\000\000\000\000\000\000\000\000\000\000\000\000\000\000\000\000\000\000\000\000r`_\316U\014\361R\023\350\021\361\314\322\317CK\006J\365&\317<\315\305\233\324\205+\002q\000/\351\2538/\351\253@\n\000""; }; nodes {;   nodedata: ""\323C\344\327\264{\312-\017:\006{\177\344N\002\326bO\260\220\006\033\362\345\005U\221DzJ0\001\301\025%1L\307\t\261\262z\374\222T\301\274V\236\223\262\270Ct\362\337b\356\024*\324\320\351\317\002k\336\234\027v\351\217\260\303\360\233ZPZWr\246$w\313\313\r\243r\232\2234\373\3539:N\004Q\245\272D\312D\300\300\t\323\0257\345e\271\na\215{\226\255x%T\257\037\333\004\344_/R\006E\344\037@\210\363\010\336T\226\247'\204_{\261\370""1\235\2445\343\033Y!\212\201\341\272\225'\007M\272r\017\316\260\361`\021\343Ohk\347~V\226\352g\315EP\217\034a\007\007\314\317\347,\277\013\003""; }; "
1750527678532,1750527678532,0,1,3,0,TMLedgerData,"ledgerHash: ""Q;\255\3404\372\225\341L\224\242\200VY\220\355\020\353I\n\363\266\036\311\003OR\250""\032\230\021""; ledgerSeq: 46; type: liBASE; nodes {;   nodedata: ""\000\000\000.\001cEx]\211\377\330\351\312\376z\254\214\206B\274&M\032\376v\266\3104u)\r\312\021\273\030jJH\215G4\367f\000\000\000\000\000\000\000\000\000\000\000\000\000\000\000\000\000\000\000\000\000\000\000\000\000\000\000\000\000\000\000\000r`_\316U\014\361R\023\350\021\361\314\322\317CK\006J\365&\317<\315\305\233\324\205+\002q\000/\351\2538/\351\253@\n\000""; }; nodes {;   nodedata: ""\323C\344\327\264{\312-\017:\006{\177\344N\002\326bO\260\220\006\033\362\345\005U\221DzJ0\001\301\025%1L\307\t\261\262z\374\222T\301\274V\236\223\262\270Ct\362\337b\356\024*\324\320\351\317\002k\336\234\027v\351\217\260\303\360\233ZPZWr\246$w\313\313\r\243r\232\2234\373\3539:N\004Q\245\272D\312D\300\300\t\323\0257\345e\271\na\215{\226\255x%T\257\037\333\004\344_/R\006E\344\037@\210\363\010\336T\226\247'\204_{\261\370""1\235\2445\343\033Y!\212\201\341\272\225'\007M\272r\017\316\260\361`\021\343Ohk\347~V\226\352g\315EP\217\034a\007\007\314\317\347,\277\013\003""; }; requestCookie: 5; ","ledgerHash: ""Q;\255\3404\372\225\341L\224\242\200VY\220\355\020\353I\n\363\266\036\311\003OR\250""\032\230\021""; ledgerSeq: 46; type: liBASE; nodes {;   nodedata: ""\000\000\000.\001cEx]\211\377\330\351\312\376z\254\214\206B\274&M\032\376v\266\3104u)\r\312\021\273\030jJH\215G4\367f\000\000\000\000\000\000\000\000\000\000\000\000\000\000\000\000\000\000\000\000\000\000\000\000\000\000\000\000\000\000\000\000r`_\316U\014\361R\023\350\021\361\314\322\317CK\006J\365&\317<\315\305\233\324\205+\002q\000/\351\2538/\351\253@\n\000""; }; nodes {;   nodedata: ""\323C\344\327\264{\312-\017:\006{\177\344N\002\326bO\260\220\006\033\362\345\005U\221DzJ0\001\301\025%1L\307\t\261\262z\374\222T\301\274V\236\223\262\270Ct\362\337b\356\024*\324\320\351\317\002k\336\234\027v\351\217\260\303\360\233ZPZWr\246$w\313\313\r\243r\232\2234\373\3539:N\004Q\245\272D\312D\300\300\t\323\0257\345e\271\na\215{\226\255x%T\257\037\333\004\344_/R\006E\344\037@\210\363\010\336T\226\247'\204_{\261\370""1\235\2445\343\033Y!\212\201\341\272\225'\007M\272r\017\316\260\361`\021\343Ohk\347~V\226\352g\315EP\217\034a\007\007\314\317\347,\277\013\003""; }; requestCookie: 5; "
1750527678532,1750527678533,0,1,3,4,TMLedgerData,"ledgerHash: ""Q;\255\3404\372\225\341L\224\242\200VY\220\355\020\353I\n\363\266\036\311\003OR\250""\032\230\021""; ledgerSeq: 46; type: liAS_NODE; nodes {;   nodedata: ""\021\000h""\000\000\000\000 \033\000\000\000-\002\023\305\377\330\356GuH\375\327!\255\371\r\231\262R\256J\034\222\241\355X\265E\241^W\225\304\014\361CX-}\351f\032\255\274\334m\326c\017\014ao[\342\230\003\245\245\3341Hm\326^\017jy\335\261\032Yt\320\244{g\0306\\302\303*\341\215\223\257\364\277o\375\000r\241SOq\221\253\262\005\017\375T\356\014\360o'\030\311-\267\031\257!\031T\006><\315XM\334\324\345\034\000\325\367\240\271\013\265\024\321\362\354\211\250.\234s\225amc\305\035\366\276\037nD\277`\210\223N\3535\033\261\304f\331]\036\237\306o!\223\221\002\324\031\262\240R\177 ,\214\325\Q])\016\2067\277\t\354\010\000\360\215\2502\265\245\310\226\243c\302Ze\306\253#r\020\211\320iG\276\020E\317\035Sf\223F\254\033@\177e\277\016\010u\327\371&\262\312\317Q\2361t\377x\234\001v\003%\030\325_\225g\204\346a=\225\273\331\354\365*U\363\263N\367b\371\244\314-w\363\262\225Z\200\206\235\233\257?sE\2674\254\326mU\377?\177Ek\336\030!\316Aa\225\303\022\377{\210Y\226\271as\354L\035\004\341\361\035\301\024\220m#*\372\032\3178~\374\250\014*\323\342'z69\220\327\256\351G\367\317u\302\207\270b\315\333\333\334\310I\323&\014\352XZnW2.\335\347\202\021\247\362\212e\034\000\001\250\220\305;a\314\265R\310\017\317\331\235\360\262\240:\277\202\266\354\265X""\022\nh\252\352w\204\203\023]\001f\352\277\0031Q]\362\370R\350{\261\202\240\344\215\201\353\276\322p5p\350\354\017>\250r\241c\273\016\301\024\363\242\247\263\231\370\344\nBW\220K\316@3\243\200\036wk\253GSlU\010\360\231>\331\263H\214\324\030A\225\301o\346pkSF\004\241\213w9\223=\250\262*+\255\351r\265\244c\024\213\t\007`\223\325#\3477\210\345P\306\013\320\252[\0216+\227=`\371P\314\346 V7\271[~\n\237\274|\347\352@K\253~&\260\032\024\004B\200\255h\351\013\361\031:nG\211\005|\2003\266\274\251,W\006u\344\335d\003\306\212\313,\340\350bG\n\030Z\2732-\246\312\255\030\003\235207\005}D\260\0261ah\322M\304\216\273m0\271\234\237\007<w$\265C\245\232\033\023\313c\321B\032l\301h\005\320\252\301\361(\330[\343\357\343{\235\n\266g\272>\177\317\347\261qb&\270&\346ju\200\363N\320\307\004\034\001n\317\361\2653\254\2503\247\305\372\316W\022O\253x\250\025\373\247\354Tc\304\263\243^\352Gv\\264\261\r\035\226\306\2411\351\233\203\215\200$\231\300f\220\371c@\017\254\363\\371\340\340VaR\205~^\226\342t\360\022\204d\231\205)\272\364?\361!\334\331\315\254\230\rBG\314\023\246\244=\351\177\254\302b&\276+H;0\312\021&\275\036\237\350R\313\206R\331\304k\323u\263t\221\213yC\241\217A\242\027g\322\241'\212.E?B_\316\327\217J +\370\t^b\005\020\003\211\373\247|hC\271Nmk~J\270EU\274\036-\347\240\312FA\321\341bca\253\025\321\311\317\021\375\317\217\n\272\033o\353G>\275\361H\265\240\232um""\317\324`\214\221\314\000\211K\223+(""\200i \311\372g\254\343ZR0\224\275q\252\357\213\263\206N\357&Q\217\267\303\356I\236\357\264\311b\037\366\035\253\343\311\265\240\327q\206f\262ODi\215-\363>\034\236l\273\005G\316F\217}[\036\007\270:\260\335\271B\241N\345\330\204\327f\361\272Kb\0377p\334\264\237\177~\330]\252+:\317u\302h\n\351\n\364\231\277R\371\356\033y\265v\360Ny\246\332qY\262\231\251\n\305\334\202\305\362\n\367@k\231\016R:\327\242\366\242\253LZY\223$Gw^\203\302\311\316I7\371tTwp}\005|\372\214\251{R`\230V\244-\326I\351\255\325i\335\377\321\353\327\331\302\023\347y\016\263\271\317\306\017UV\314qu?\0064A\315{3D\010\016S\212\2353k0\361\214ID\303g\277\010Y_\001~\021\333\370\255\374\\331\306\255\336)\365Rth\024\t\300.M\315\321S\257\224\252\362\326P\316\303%nX\3742\333\036\004Y\264yG^\234\177\214\305q\237\274G\300a4\275\240s\215\222\210\016\020G\344=-:GK\312\035\271\201\350\376F\260G\347\000\235\365P6pmH\033\373\212c\377o\232\356\320D\002\277,]os{\354/?\312e\006wda\001\023\375\316\025\254\321\244\370+Y`\220\270\254\2601E[FI\310\235<qI \356\032v%\001\230\016\203\200\251UD\347\304\373\034\211\340@\342\033\263\365\356\341\357\350\324\035J\032\177\230\207\220\303+\207\352g\317N\027>\222M\271m\033\236\021:\272\233r\373\233hC}\256\020\210\010\233\335\025[ d(\343\263\327\177\030\246\254H\277\254E\231\006\033_lB\210\264\334Y\322\314\362\320L\000Q\240\317\3502\006,|\364\004\275\034\006\337\370""\330\364\202\314\315\311?\030\260\361u)\336\202\265Y\177X\227$\245tCB\345\314d\231A\300\204\371KJ\036\321\330\014]""EN\266$]\331\226c\351\312\376z\254\214\206B\274&M\032\376v\266\3104u)\r\312\021\273\030jJH\215G4\367f\264\227\2326\315\307\363\323\325\303\032N\256*\307\327 \235\332\207u\210\271\257\306g\231i*\260\326k\001"";   nodeid: ""\260\000\000\000\000\000\000\000\000\000\000\000\000\000\000\000\000\000\000\000\000\000\000\000\000\000\000\000\000\000\000\000\001""; }; ","ledgerHash: ""Q;\255\3404\372\225\341L\224\242\200VY\220\355\020\353I\n\363\266\036\311\003OR\250""\032\230\021""; ledgerSeq: 46; type: liAS_NODE; nodes {;   nodedata: ""\021\000h""\000\000\000\000 \033\000\000\000-\002\023\305\377\330\356GuH\375\327!\255\371\r\231\262R\256J\034\222\241\355X\265E\241^W\225\304\014\361CX-}\351f\032\255\274\334m\326c\017\014ao[\342\230\003\245\245\3341Hm\326^\017jy\335\261\032Yt\320\244{g\0306\\302\303*\341\215\223\257\364\277o\375\000r\241SOq\221\253\262\005\017\375T\356\014\360o'\030\311-\267\031\257!\031T\006><\315XM\334\324\345\034\000\325\367\240\271\013\265\024\321\362\354\211\250.\234s\225amc\305\035\366\276\037nD\277`\210\223N\3535\033\261\304f\331]\036\237\306o!\223\221\002\324\031\262\240R\177 ,\214\325\Q])\016\2067\277\t\354\010\000\360\215\2502\265\245\310\226\243c\302Ze\306\253#r\020\211\320iG\276\020E\317\035Sf\223F\254\033@\177e\277\016\010u\327\371&\262\312\317Q\2361t\377x\234\001v\003%\030\325_\225g\204\346a=\225\273\331\354\365*U\363\263N\367b\371\244\314-w\363\262\225Z\200\206\235\233\257?sE\2674\254\326mU\377?\177Ek\336\030!\316Aa\225\303\022\377{\210Y\226\271as\354L\035\004\341\361\035\301\024\220m#*\372\032\3178~\374\250\014*\323\342'z69\220\327\256\351G\367\317u\302\207\270b\315\333\333\334\310I\323&\014\352XZnW2.\335\347\202\021\247\362\212e\034\000\001\250\220\305;a\314\265R\310\017\317\331\235\360\262\240:\277\202\266\354\265X""\022\nh\252\352w\204\203\023]\001f\352\277\0031Q]\362\370R\350{\261\202\240\344\215\201\353\276\322p5p\350\354\017>\250r\241c\273\016\301\024\363\242\247\263\231\370\344\nBW\220K\316@3\243\200\036wk\253GSlU\010\360\231>\331\263H\214\324\030A\225\301o\346pkSF\004\241\213w9\223=\250\262*+\255\351r\265\244c\024\213\t\007`\223\325#\3477\210\345P\306\013\320\252[\0216+\227=`\371P\314\346 V7\271[~\n\237\274|\347\352@K\253~&\260\032\024\004B\200\255h\351\013\361\031:nG\211\005|\2003\266\274\251,W\006u\344\335d\003\306\212\313,\340\350bG\n\030Z\2732-\246\312\255\030\003\235207\005}D\260\0261ah\322M\304\216\273m0\271\234\237\007<w$\265C\245\232\033\023\313c\321B\032l\301h\005\320\252\301\361(\330[\343\357\343{\235\n\266g\272>\177\317\347\261qb&\270&\346ju\200\363N\320\307\004\034\001n\317\361\2653\254\2503\247\305\372\316W\022O\253x\250\025\373\247\354Tc\304\263\243^\352Gv\\264\261\r\035\226\306\2411\351\233\203\215\200$\231\300f\220\371c@\017\254\363\\371\340\340VaR\205~^\226\342t\360\022\204d\231\205)\272\364?\361!\334\331\315\254\230\rBG\314\023\246\244=\351\177\254\302b&\276+H;0\312\021&\275\036\237\350R\313\206R\331\304k\323u\263t\221\213yC\241\217A\242\027g\322\241'\212.E?B_\316\327\217J +\370\t^b\005\020\003\211\373\247|hC\271Nmk~J\270EU\274\036-\347\240\312FA\321\341bca\253\025\321\311\317\021\375\317\217\n\272\033o\353G>\275\361H\265\240\232um""\317\324`\214\221\314\000\211K\223+(""\200i \311\372g\254\343ZR0\224\275q\252\357\213\263\206N\357&Q\217\267\303\356I\236\357\264\311b\037\366\035\253\343\311\265\240\327q\206f\262ODi\215-\363>\034\236l\273\005G\316F\217}[\036\007\270:\260\335\271B\241N\345\330\204\327f\361\272Kb\0377p\334\264\237\177~\330]\252+:\317u\302h\n\351\n\364\231\277R\371\356\033y\265v\360Ny\246\332qY\262\231\251\n\305\334\202\305\362\n\367@k\231\016R:\327\242\366\242\253LZY\223$Gw^\203\302\311\316I7\371tTwp}\005|\372\214\251{R`\230V\244-\326I\351\255\325i\335\377\321\353\327\331\302\023\347y\016\263\271\317\306\017UV\314qu?\0064A\315{3D\010\016S\212\2353k0\361\214ID\303g\277\010Y_\001~\021\333\370\255\374\\331\306\255\336)\365Rth\024\t\300.M\315\321S\257\224\252\362\326P\316\303%nX\3742\333\036\004Y\264yG^\234\177\214\305q\237\274G\300a4\275\240s\215\222\210\016\020G\344=-:GK\312\035\271\201\350\376F\260G\347\000\235\365P6pmH\033\373\212c\377o\232\356\320D\002\277,]os{\354/?\312e\006wda\001\023\375\316\025\254\321\244\370+Y`\220\270\254\2601E[FI\310\235<qI \356\032v%\001\230\016\203\200\251UD\347\304\373\034\211\340@\342\033\263\365\356\341\357\350\324\035J\032\177\230\207\220\303+\207\352g\317N\027>\222M\271m\033\236\021:\272\233r\373\233hC}\256\020\210\010\233\335\025[ d(\343\263\327\177\030\246\254H\277\254E\231\006\033_lB\210\264\334Y\322\314\362\320L\000Q\240\317\3502\006,|\364\004\275\034\006\337\370""\330\364\202\314\315\311?\030\260\361u)\336\202\265Y\177X\227$\245tCB\345\314d\231A\300\204\371KJ\036\321\330\014]""EN\266$]\331\226c\351\312\376z\254\214\206B\274&M\032\376v\266\3104u)\r\312\021\273\030jJH\215G4\367f\264\227\2326\315\307\363\323\325\303\032N\256*\307\327 \235\332\207u\210\271\257\306g\231i*\260\326k\001"";   nodeid: ""\260\000\000\000\000\000\000\000\000\000\000\000\000\000\000\000\000\000\000\000\000\000\000\000\000\000\000\000\000\000\000\000\001""; }; "
1750527678534,1750527678534,0,1,3,0,TMLedgerData,"ledgerHash: ""Q;\255\3404\372\225\341L\224\242\200VY\220\355\020\353I\n\363\266\036\311\003OR\250""\032\230\021""; ledgerSeq: 46; type: liBASE; nodes {;   nodedata: ""\000\000\000.\001cEx]\211\377\330\351\312\376z\254\214\206B\274&M\032\376v\266\3104u)\r\312\021\273\030jJH\215G4\367f\000\000\000\000\000\000\000\000\000\000\000\000\000\000\000\000\000\000\000\000\000\000\000\000\000\000\000\000\000\000\000\000r`_\316U\014\361R\023\350\021\361\314\322\317CK\006J\365&\317<\315\305\233\324\205+\002q\000/\351\2538/\351\253@\n\000""; }; nodes {;   nodedata: ""\323C\344\327\264{\312-\017:\006{\177\344N\002\326bO\260\220\006\033\362\345\005U\221DzJ0\001\301\025%1L\307\t\261\262z\374\222T\301\274V\236\223\262\270Ct\362\337b\356\024*\324\320\351\317\002k\336\234\027v\351\217\260\303\360\233ZPZWr\246$w\313\313\r\243r\232\2234\373\3539:N\004Q\245\272D\312D\300\300\t\323\0257\345e\271\na\215{\226\255x%T\257\037\333\004\344_/R\006E\344\037@\210\363\010\336T\226\247'\204_{\261\370""1\235\2445\343\033Y!\212\201\341\272\225'\007M\272r\017\316\260\361`\021\343Ohk\347~V\226\352g\315EP\217\034a\007\007\314\317\347,\277\013\003""; }; requestCookie: 2; ","ledgerHash: ""Q;\255\3404\372\225\341L\224\242\200VY\220\355\020\353I\n\363\266\036\311\003OR\250""\032\230\021""; ledgerSeq: 46; type: liBASE; nodes {;   nodedata: ""\000\000\000.\001cEx]\211\377\330\351\312\376z\254\214\206B\274&M\032\376v\266\3104u)\r\312\021\273\030jJH\215G4\367f\000\000\000\000\000\000\000\000\000\000\000\000\000\000\000\000\000\000\000\000\000\000\000\000\000\000\000\000\000\000\000\000r`_\316U\014\361R\023\350\021\361\314\322\317CK\006J\365&\317<\315\305\233\324\205+\002q\000/\351\2538/\351\253@\n\000""; }; nodes {;   nodedata: ""\323C\344\327\264{\312-\017:\006{\177\344N\002\326bO\260\220\006\033\362\345\005U\221DzJ0\001\301\025%1L\307\t\261\262z\374\222T\301\274V\236\223\262\270Ct\362\337b\356\024*\324\320\351\317\002k\336\234\027v\351\217\260\303\360\233ZPZWr\246$w\313\313\r\243r\232\2234\373\3539:N\004Q\245\272D\312D\300\300\t\323\0257\345e\271\na\215{\226\255x%T\257\037\333\004\344_/R\006E\344\037@\210\363\010\336T\226\247'\204_{\261\370""1\235\2445\343\033Y!\212\201\341\272\225'\007M\272r\017\316\260\361`\021\343Ohk\347~V\226\352g\315EP\217\034a\007\007\314\317\347,\277\013\003""; }; requestCookie: 2; "
1750527678535,1750527678535,0,1,3,0,TMLedgerData,"ledgerHash: ""Q;\255\3404\372\225\341L\224\242\200VY\220\355\020\353I\n\363\266\036\311\003OR\250""\032\230\021""; ledgerSeq: 46; type: liBASE; nodes {;   nodedata: ""\000\000\000.\001cEx]\211\377\330\351\312\376z\254\214\206B\274&M\032\376v\266\3104u)\r\312\021\273\030jJH\215G4\367f\000\000\000\000\000\000\000\000\000\000\000\000\000\000\000\000\000\000\000\000\000\000\000\000\000\000\000\000\000\000\000\000r`_\316U\014\361R\023\350\021\361\314\322\317CK\006J\365&\317<\315\305\233\324\205+\002q\000/\351\2538/\351\253@\n\000""; }; nodes {;   nodedata: ""\323C\344\327\264{\312-\017:\006{\177\344N\002\326bO\260\220\006\033\362\345\005U\221DzJ0\001\301\025%1L\307\t\261\262z\374\222T\301\274V\236\223\262\270Ct\362\337b\356\024*\324\320\351\317\002k\336\234\027v\351\217\260\303\360\233ZPZWr\246$w\313\313\r\243r\232\2234\373\3539:N\004Q\245\272D\312D\300\300\t\323\0257\345e\271\na\215{\226\255x%T\257\037\333\004\344_/R\006E\344\037@\210\363\010\336T\226\247'\204_{\261\370""1\235\2445\343\033Y!\212\201\341\272\225'\007M\272r\017\316\260\361`\021\343Ohk\347~V\226\352g\315EP\217\034a\007\007\314\317\347,\277\013\003""; }; requestCookie: 3; ","ledgerHash: ""Q;\255\3404\372\225\341L\224\242\200VY\220\355\020\353I\n\363\266\036\311\003OR\250""\032\230\021""; ledgerSeq: 46; type: liBASE; nodes {;   nodedata: ""\000\000\000.\001cEx]\211\377\330\351\312\376z\254\214\206B\274&M\032\376v\266\3104u)\r\312\021\273\030jJH\215G4\367f\000\000\000\000\000\000\000\000\000\000\000\000\000\000\000\000\000\000\000\000\000\000\000\000\000\000\000\000\000\000\000\000r`_\316U\014\361R\023\350\021\361\314\322\317CK\006J\365&\317<\315\305\233\324\205+\002q\000/\351\2538/\351\253@\n\000""; }; nodes {;   nodedata: ""\323C\344\327\264{\312-\017:\006{\177\344N\002\326bO\260\220\006\033\362\345\005U\221DzJ0\001\301\025%1L\307\t\261\262z\374\222T\301\274V\236\223\262\270Ct\362\337b\356\024*\324\320\351\317\002k\336\234\027v\351\217\260\303\360\233ZPZWr\246$w\313\313\r\243r\232\2234\373\3539:N\004Q\245\272D\312D\300\300\t\323\0257\345e\271\na\215{\226\255x%T\257\037\333\004\344_/R\006E\344\037@\210\363\010\336T\226\247'\204_{\261\370""1\235\2445\343\033Y!\212\201\341\272\225'\007M\272r\017\316\260\361`\021\343Ohk\347~V\226\352g\315EP\217\034a\007\007\314\317\347,\277\013\003""; }; requestCookie: 3; "
1750527678535,1750527678536,0,1,3,0,TMLedgerData,"ledgerHash: ""Q;\255\3404\372\225\341L\224\242\200VY\220\355\020\353I\n\363\266\036\311\003OR\250""\032\230\021""; ledgerSeq: 46; type: liAS_NODE; nodes {;   nodedata: ""\021\000h""\000\000\000\000 \033\000\000\000-\002\023\305\377\330\356GuH\375\327!\255\371\r\231\262R\256J\034\222\241\355X\265E\241^W\225\304\014\361CX-}\351f\032\255\274\334m\326c\017\014ao[\342\230\003\245\245\3341Hm\326^\017jy\335\261\032Yt\320\244{g\0306\\302\303*\341\215\223\257\364\277o\375\000r\241SOq\221\253\262\005\017\375T\356\014\360o'\030\311-\267\031\257!\031T\006><\315XM\334\324\345\034\000\325\367\240\271\013\265\024\321\362\354\211\250.\234s\225amc\305\035\366\276\037nD\277`\210\223N\3535\033\261\304f\331]\036\237\306o!\223\221\002\324\031\262\240R\177 ,\214\325\Q])\016\2067\277\t\354\010\000\360\215\2502\265\245\310\226\243c\302Ze\306\253#r\020\211\320iG\276\020E\317\035Sf\223F\254\033@\177e\277\016\010u\327\371&\262\312\317Q\2361t\377x\234\001v\003%\030\325_\225g\204\346a=\225\273\331\354\365*U\363\263N\367b\371\244\314-w\363\262\225Z\200\206\235\233\257?sE\2674\254\326mU\377?\177Ek\336\030!\316Aa\225\303\022\377{\210Y\226\271as\354L\035\004\341\361\035\301\024\220m#*\372\032\3178~\374\250\014*\323\342'z69\220\327\256\351G\367\317u\302\207\270b\315\333\333\334\310I\323&\014\352XZnW2.\335\347\202\021\247\362\212e\034\000\001\250\220\305;a\314\265R\310\017\317\331\235\360\262\240:\277\202\266\354\265X""\022\nh\252\352w\204\203\023]\001f\352\277\0031Q]\362\370R\350{\261\202\240\344\215\201\353\276\322p5p\350\354\017>\250r\241c\273\016\301\024\363\242\247\263\231\370\344\nBW\220K\316@3\243\200\036wk\253GSlU\010\360\231>\331\263H\214\324\030A\225\301o\346pkSF\004\241\213w9\223=\250\262*+\255\351r\265\244c\024\213\t\007`\223\325#\3477\210\345P\306\013\320\252[\0216+\227=`\371P\314\346 V7\271[~\n\237\274|\347\352@K\253~&\260\032\024\004B\200\255h\351\013\361\031:nG\211\005|\2003\266\274\251,W\006u\344\335d\003\306\212\313,\340\350bG\n\030Z\2732-\246\312\255\030\003\235207\005}D\260\0261ah\322M\304\216\273m0\271\234\237\007<w$\265C\245\232\033\023\313c\321B\032l\301h\005\320\252\301\361(\330[\343\357\343{\235\n\266g\272>\177\317\347\261qb&\270&\346ju\200\363N\320\307\004\034\001n\317\361\2653\254\2503\247\305\372\316W\022O\253x\250\025\373\247\354Tc\304\263\243^\352Gv\\264\261\r\035\226\306\2411\351\233\203\215\200$\231\300f\220\371c@\017\254\363\\371\340\340VaR\205~^\226\342t\360\022\204d\231\205)\272\364?\361!\334\331\315\254\230\rBG\314\023\246\244=\351\177\254\302b&\276+H;0\312\021&\275\036\237\350R\313\206R\331\304k\323u\263t\221\213yC\241\217A\242\027g\322\241'\212.E?B_\316\327\217J +\370\t^b\005\020\003\211\373\247|hC\271Nmk~J\270EU\274\036-\347\240\312FA\321\341bca\253\025\321\311\317\021\375\317\217\n\272\033o\353G>\275\361H\265\240\232um""\317\324`\214\221\314\000\211K\223+(""\200i \311\372g\254\343ZR0\224\275q\252\357\213\263\206N\357&Q\217\267\303\356I\236\357\264\311b\037\366\035\253\343\311\265\240\327q\206f\262ODi\215-\363>\034\236l\273\005G\316F\217}[\036\007\270:\260\335\271B\241N\345\330\204\327f\361\272Kb\0377p\334\264\237\177~\330]\252+:\317u\302h\n\351\n\364\231\277R\371\356\033y\265v\360Ny\246\332qY\262\231\251\n\305\334\202\305\362\n\367@k\231\016R:\327\242\366\242\253LZY\223$Gw^\203\302\311\316I7\371tTwp}\005|\372\214\251{R`\230V\244-\326I\351\255\325i\335\377\321\353\327\331\302\023\347y\016\263\271\317\306\017UV\314qu?\0064A\315{3D\010\016S\212\2353k0\361\214ID\303g\277\010Y_\001~\021\333\370\255\374\\331\306\255\336)\365Rth\024\t\300.M\315\321S\257\224\252\362\326P\316\303%nX\3742\333\036\004Y\264yG^\234\177\214\305q\237\274G\300a4\275\240s\215\222\210\016\020G\344=-:GK\312\035\271\201\350\376F\260G\347\000\235\365P6pmH\033\373\212c\377o\232\356\320D\002\277,]os{\354/?\312e\006wda\001\023\375\316\025\254\321\244\370+Y`\220\270\254\2601E[FI\310\235<qI \356\032v%\001\230\016\203\200\251UD\347\304\373\034\211\340@\342\033\263\365\356\341\357\350\324\035J\032\177\230\207\220\303+\207\352g\317N\027>\222M\271m\033\236\021:\272\233r\373\233hC}\256\020\210\010\233\335\025[ d(\343\263\327\177\030\246\254H\277\254E\231\006\033_lB\210\264\334Y\322\314\362\320L\000Q\240\317\3502\006,|\364\004\275\034\006\337\370""\330\364\202\314\315\311?\030\260\361u)\336\202\265Y\177X\227$\245tCB\345\314d\231A\300\204\371KJ\036\321\330\014]""EN\266$]\331\226c\351\312\376z\254\214\206B\274&M\032\376v\266\3104u)\r\312\021\273\030jJH\215G4\367f\264\227\2326\315\307\363\323\325\303\032N\256*\307\327 \235\332\207u\210\271\257\306g\231i*\260\326k\001"";   nodeid: ""\260\000\000\000\000\000\000\000\000\000\000\000\000\000\000\000\000\000\000\000\000\000\000\000\000\000\000\000\000\000\000\000\001""; }; ","ledgerHash: ""Q;\255\3404\372\225\341L\224\242\200VY\220\355\020\353I\n\363\266\036\311\003OR\250""\032\230\021""; ledgerSeq: 46; type: liAS_NODE; nodes {;   nodedata: ""\021\000h""\000\000\000\000 \033\000\000\000-\002\023\305\377\330\356GuH\375\327!\255\371\r\231\262R\256J\034\222\241\355X\265E\241^W\225\304\014\361CX-}\351f\032\255\274\334m\326c\017\014ao[\342\230\003\245\245\3341Hm\326^\017jy\335\261\032Yt\320\244{g\0306\\302\303*\341\215\223\257\364\277o\375\000r\241SOq\221\253\262\005\017\375T\356\014\360o'\030\311-\267\031\257!\031T\006><\315XM\334\324\345\034\000\325\367\240\271\013\265\024\321\362\354\211\250.\234s\225amc\305\035\366\276\037nD\277`\210\223N\3535\033\261\304f\331]\036\237\306o!\223\221\002\324\031\262\240R\177 ,\214\325\Q])\016\2067\277\t\354\010\000\360\215\2502\265\245\310\226\243c\302Ze\306\253#r\020\211\320iG\276\020E\317\035Sf\223F\254\033@\177e\277\016\010u\327\371&\262\312\317Q\2361t\377x\234\001v\003%\030\325_\225g\204\346a=\225\273\331\354\365*U\363\263N\367b\371\244\314-w\363\262\225Z\200\206\235\233\257?sE\2674\254\326mU\377?\177Ek\336\030!\316Aa\225\303\022\377{\210Y\226\271as\354L\035\004\341\361\035\301\024\220m#*\372\032\3178~\374\250\014*\323\342'z69\220\327\256\351G\367\317u\302\207\270b\315\333\333\334\310I\323&\014\352XZnW2.\335\347\202\021\247\362\212e\034\000\001\250\220\305;a\314\265R\310\017\317\331\235\360\262\240:\277\202\266\354\265X""\022\nh\252\352w\204\203\023]\001f\352\277\0031Q]\362\370R\350{\261\202\240\344\215\201\353\276\322p5p\350\354\017>\250r\241c\273\016\301\024\363\242\247\263\231\370\344\nBW\220K\316@3\243\200\036wk\253GSlU\010\360\231>\331\263H\214\324\030A\225\301o\346pkSF\004\241\213w9\223=\250\262*+\255\351r\265\244c\024\213\t\007`\223\325#\3477\210\345P\306\013\320\252[\0216+\227=`\371P\314\346 V7\271[~\n\237\274|\347\352@K\253~&\260\032\024\004B\200\255h\351\013\361\031:nG\211\005|\2003\266\274\251,W\006u\344\335d\003\306\212\313,\340\350bG\n\030Z\2732-\246\312\255\030\003\235207\005}D\260\0261ah\322M\304\216\273m0\271\234\237\007<w$\265C\245\232\033\023\313c\321B\032l\301h\005\320\252\301\361(\330[\343\357\343{\235\n\266g\272>\177\317\347\261qb&\270&\346ju\200\363N\320\307\004\034\001n\317\361\2653\254\2503\247\305\372\316W\022O\253x\250\025\373\247\354Tc\304\263\243^\352Gv\\264\261\r\035\226\306\2411\351\233\203\215\200$\231\300f\220\371c@\017\254\363\\371\340\340VaR\205~^\226\342t\360\022\204d\231\205)\272\364?\361!\334\331\315\254\230\rBG\314\023\246\244=\351\177\254\302b&\276+H;0\312\021&\275\036\237\350R\313\206R\331\304k\323u\263t\221\213yC\241\217A\242\027g\322\241'\212.E?B_\316\327\217J +\370\t^b\005\020\003\211\373\247|hC\271Nmk~J\270EU\274\036-\347\240\312FA\321\341bca\253\025\321\311\317\021\375\317\217\n\272\033o\353G>\275\361H\265\240\232um""\317\324`\214\221\314\000\211K\223+(""\200i \311\372g\254\343ZR0\224\275q\252\357\213\263\206N\357&Q\217\267\303\356I\236\357\264\311b\037\366\035\253\343\311\265\240\327q\206f\262ODi\215-\363>\034\236l\273\005G\316F\217}[\036\007\270:\260\335\271B\241N\345\330\204\327f\361\272Kb\0377p\334\264\237\177~\330]\252+:\317u\302h\n\351\n\364\231\277R\371\356\033y\265v\360Ny\246\332qY\262\231\251\n\305\334\202\305\362\n\367@k\231\016R:\327\242\366\242\253LZY\223$Gw^\203\302\311\316I7\371tTwp}\005|\372\214\251{R`\230V\244-\326I\351\255\325i\335\377\321\353\327\331\302\023\347y\016\263\271\317\306\017UV\314qu?\0064A\315{3D\010\016S\212\2353k0\361\214ID\303g\277\010Y_\001~\021\333\370\255\374\\331\306\255\336)\365Rth\024\t\300.M\315\321S\257\224\252\362\326P\316\303%nX\3742\333\036\004Y\264yG^\234\177\214\305q\237\274G\300a4\275\240s\215\222\210\016\020G\344=-:GK\312\035\271\201\350\376F\260G\347\000\235\365P6pmH\033\373\212c\377o\232\356\320D\002\277,]os{\354/?\312e\006wda\001\023\375\316\025\254\321\244\370+Y`\220\270\254\2601E[FI\310\235<qI \356\032v%\001\230\016\203\200\251UD\347\304\373\034\211\340@\342\033\263\365\356\341\357\350\324\035J\032\177\230\207\220\303+\207\352g\317N\027>\222M\271m\033\236\021:\272\233r\373\233hC}\256\020\210\010\233\335\025[ d(\343\263\327\177\030\246\254H\277\254E\231\006\033_lB\210\264\334Y\322\314\362\320L\000Q\240\317\3502\006,|\364\004\275\034\006\337\370""\330\364\202\314\315\311?\030\260\361u)\336\202\265Y\177X\227$\245tCB\345\314d\231A\300\204\371KJ\036\321\330\014]""EN\266$]\331\226c\351\312\376z\254\214\206B\274&M\032\376v\266\3104u)\r\312\021\273\030jJH\215G4\367f\264\227\2326\315\307\363\323\325\303\032N\256*\307\327 \235\332\207u\210\271\257\306g\231i*\260\326k\001"";   nodeid: ""\260\000\000\000\000\000\000\000\000\000\000\000\000\000\000\000\000\000\000\000\000\000\000\000\000\000\000\000\000\000\000\000\001""; }; "
1750527678536,1750527678537,0,1,3,2,TMLedgerData,"ledgerHash: ""Q;\255\3404\372\225\341L\224\242\200VY\220\355\020\353I\n\363\266\036\311\003OR\250""\032\230\021""; ledgerSeq: 46; type: liBASE; nodes {;   nodedata: ""\000\000\000.\001cEx]\211\377\330\351\312\376z\254\214\206B\274&M\032\376v\266\3104u)\r\312\021\273\030jJH\215G4\367f\000\000\000\000\000\000\000\000\000\000\000\000\000\000\000\000\000\000\000\000\000\000\000\000\000\000\000\000\000\000\000\000r`_\316U\014\361R\023\350\021\361\314\322\317CK\006J\365&\317<\315\305\233\324\205+\002q\000/\351\2538/\351\253@\n\000""; }; nodes {;   nodedata: ""\323C\344\327\264{\312-\017:\006{\177\344N\002\326bO\260\220\006\033\362\345\005U\221DzJ0\001\301\025%1L\307\t\261\262z\374\222T\301\274V\236\223\262\270Ct\362\337b\356\024*\324\320\351\317\002k\336\234\027v\351\217\260\303\360\233ZPZWr\246$w\313\313\r\243r\232\2234\373\3539:N\004Q\245\272D\312D\300\300\t\323\0257\345e\271\na\215{\226\255x%T\257\037\333\004\344_/R\006E\344\037@\210\363\010\336T\226\247'\204_{\261\370""1\235\2445\343\033Y!\212\201\341\272\225'\007M\272r\017\316\260\361`\021\343Ohk\347~V\226\352g\315EP\217\034a\007\007\314\317\347,\277\013\003""; }; ","ledgerHash: ""Q;\255\3404\372\225\341L\224\242\200VY\220\355\020\353I\n\363\266\036\311\003OR\250""\032\230\021""; ledgerSeq: 46; type: liBASE; nodes {;   nodedata: ""\000\000\000.\001cEx]\211\377\330\351\312\376z\254\214\206B\274&M\032\376v\266\3104u)\r\312\021\273\030jJH\215G4\367f\000\000\000\000\000\000\000\000\000\000\000\000\000\000\000\000\000\000\000\000\000\000\000\000\000\000\000\000\000\000\000\000r`_\316U\014\361R\023\350\021\361\314\322\317CK\006J\365&\317<\315\305\233\324\205+\002q\000/\351\2538/\351\253@\n\000""; }; nodes {;   nodedata: ""\323C\344\327\264{\312-\017:\006{\177\344N\002\326bO\260\220\006\033\362\345\005U\221DzJ0\001\301\025%1L\307\t\261\262z\374\222T\301\274V\236\223\262\270Ct\362\337b\356\024*\324\320\351\317\002k\336\234\027v\351\217\260\303\360\233ZPZWr\246$w\313\313\r\243r\232\2234\373\3539:N\004Q\245\272D\312D\300\300\t\323\0257\345e\271\na\215{\226\255x%T\257\037\333\004\344_/R\006E\344\037@\210\363\010\336T\226\247'\204_{\261\370""1\235\2445\343\033Y!\212\201\341\272\225'\007M\272r\017\316\260\361`\021\343Ohk\347~V\226\352g\315EP\217\034a\007\007\314\317\347,\277\013\003""; }; "
1750527678537,1750527678537,0,1,3,2,TMLedgerData,"ledgerHash: ""Q;\255\3404\372\225\341L\224\242\200VY\220\355\020\353I\n\363\266\036\311\003OR\250""\032\230\021""; ledgerSeq: 46; type: liBASE; nodes {;   nodedata: ""\000\000\000.\001cEx]\211\377\330\351\312\376z\254\214\206B\274&M\032\376v\266\3104u)\r\312\021\273\030jJH\215G4\367f\000\000\000\000\000\000\000\000\000\000\000\000\000\000\000\000\000\000\000\000\000\000\000\000\000\000\000\000\000\000\000\000r`_\316U\014\361R\023\350\021\361\314\322\317CK\006J\365&\317<\315\305\233\324\205+\002q\000/\351\2538/\351\253@\n\000""; }; nodes {;   nodedata: ""\323C\344\327\264{\312-\017:\006{\177\344N\002\326bO\260\220\006\033\362\345\005U\221DzJ0\001\301\025%1L\307\t\261\262z\374\222T\301\274V\236\223\262\270Ct\362\337b\356\024*\324\320\351\317\002k\336\234\027v\351\217\260\303\360\233ZPZWr\246$w\313\313\r\243r\232\2234\373\3539:N\004Q\245\272D\312D\300\300\t\323\0257\345e\271\na\215{\226\255x%T\257\037\333\004\344_/R\006E\344\037@\210\363\010\336T\226\247'\204_{\261\370""1\235\2445\343\033Y!\212\201\341\272\225'\007M\272r\017\316\260\361`\021\343Ohk\347~V\226\352g\315EP\217\034a\007\007\314\317\347,\277\013\003""; }; requestCookie: 5; ","ledgerHash: ""Q;\255\3404\372\225\341L\224\242\200VY\220\355\020\353I\n\363\266\036\311\003OR\250""\032\230\021""; ledgerSeq: 46; type: liBASE; nodes {;   nodedata: ""\000\000\000.\001cEx]\211\377\330\351\312\376z\254\214\206B\274&M\032\376v\266\3104u)\r\312\021\273\030jJH\215G4\367f\000\000\000\000\000\000\000\000\000\000\000\000\000\000\000\000\000\000\000\000\000\000\000\000\000\000\000\000\000\000\000\000r`_\316U\014\361R\023\350\021\361\314\322\317CK\006J\365&\317<\315\305\233\324\205+\002q\000/\351\2538/\351\253@\n\000""; }; nodes {;   nodedata: ""\323C\344\327\264{\312-\017:\006{\177\344N\002\326bO\260\220\006\033\362\345\005U\221DzJ0\001\301\025%1L\307\t\261\262z\374\222T\301\274V\236\223\262\270Ct\362\337b\356\024*\324\320\351\317\002k\336\234\027v\351\217\260\303\360\233ZPZWr\246$w\313\313\r\243r\232\2234\373\3539:N\004Q\245\272D\312D\300\300\t\323\0257\345e\271\na\215{\226\255x%T\257\037\333\004\344_/R\006E\344\037@\210\363\010\336T\226\247'\204_{\261\370""1\235\2445\343\033Y!\212\201\341\272\225'\007M\272r\017\316\260\361`\021\343Ohk\347~V\226\352g\315EP\217\034a\007\007\314\317\347,\277\013\003""; }; requestCookie: 5; "
1750527678538,1750527678538,0,1,3,2,TMLedgerData,"ledgerHash: ""Q;\255\3404\372\225\341L\224\242\200VY\220\355\020\353I\n\363\266\036\311\003OR\250""\032\230\021""; ledgerSeq: 46; type: liBASE; nodes {;   nodedata: ""\000\000\000.\001cEx]\211\377\330\351\312\376z\254\214\206B\274&M\032\376v\266\3104u)\r\312\021\273\030jJH\215G4\367f\000\000\000\000\000\000\000\000\000\000\000\000\000\000\000\000\000\000\000\000\000\000\000\000\000\000\000\000\000\000\000\000r`_\316U\014\361R\023\350\021\361\314\322\317CK\006J\365&\317<\315\305\233\324\205+\002q\000/\351\2538/\351\253@\n\000""; }; nodes {;   nodedata: ""\323C\344\327\264{\312-\017:\006{\177\344N\002\326bO\260\220\006\033\362\345\005U\221DzJ0\001\301\025%1L\307\t\261\262z\374\222T\301\274V\236\223\262\270Ct\362\337b\356\024*\324\320\351\317\002k\336\234\027v\351\217\260\303\360\233ZPZWr\246$w\313\313\r\243r\232\2234\373\3539:N\004Q\245\272D\312D\300\300\t\323\0257\345e\271\na\215{\226\255x%T\257\037\333\004\344_/R\006E\344\037@\210\363\010\336T\226\247'\204_{\261\370""1\235\2445\343\033Y!\212\201\341\272\225'\007M\272r\017\316\260\361`\021\343Ohk\347~V\226\352g\315EP\217\034a\007\007\314\317\347,\277\013\003""; }; requestCookie: 2; ","ledgerHash: ""Q;\255\3404\372\225\341L\224\242\200VY\220\355\020\353I\n\363\266\036\311\003OR\250""\032\230\021""; ledgerSeq: 46; type: liBASE; nodes {;   nodedata: ""\000\000\000.\001cEx]\211\377\330\351\312\376z\254\214\206B\274&M\032\376v\266\3104u)\r\312\021\273\030jJH\215G4\367f\000\000\000\000\000\000\000\000\000\000\000\000\000\000\000\000\000\000\000\000\000\000\000\000\000\000\000\000\000\000\000\000r`_\316U\014\361R\023\350\021\361\314\322\317CK\006J\365&\317<\315\305\233\324\205+\002q\000/\351\2538/\351\253@\n\000""; }; nodes {;   nodedata: ""\323C\344\327\264{\312-\017:\006{\177\344N\002\326bO\260\220\006\033\362\345\005U\221DzJ0\001\301\025%1L\307\t\261\262z\374\222T\301\274V\236\223\262\270Ct\362\337b\356\024*\324\320\351\317\002k\336\234\027v\351\217\260\303\360\233ZPZWr\246$w\313\313\r\243r\232\2234\373\3539:N\004Q\245\272D\312D\300\300\t\323\0257\345e\271\na\215{\226\255x%T\257\037\333\004\344_/R\006E\344\037@\210\363\010\336T\226\247'\204_{\261\370""1\235\2445\343\033Y!\212\201\341\272\225'\007M\272r\017\316\260\361`\021\343Ohk\347~V\226\352g\315EP\217\034a\007\007\314\317\347,\277\013\003""; }; requestCookie: 2; "
1750527678539,1750527678539,0,1,3,1,TMLedgerData,"ledgerHash: ""Q;\255\3404\372\225\341L\224\242\200VY\220\355\020\353I\n\363\266\036\311\003OR\250""\032\230\021""; ledgerSeq: 46; type: liAS_NODE; nodes {;   nodedata: ""\021\000h""\000\000\000\000 \033\000\000\000-\002\023\305\377\330\356GuH\375\327!\255\371\r\231\262R\256J\034\222\241\355X\265E\241^W\225\304\014\361CX-}\351f\032\255\274\334m\326c\017\014ao[\342\230\003\245\245\3341Hm\326^\017jy\335\261\032Yt\320\244{g\0306\\302\303*\341\215\223\257\364\277o\375\000r\241SOq\221\253\262\005\017\375T\356\014\360o'\030\311-\267\031\257!\031T\006><\315XM\334\324\345\034\000\325\367\240\271\013\265\024\321\362\354\211\250.\234s\225amc\305\035\366\276\037nD\277`\210\223N\3535\033\261\304f\331]\036\237\306o!\223\221\002\324\031\262\240R\177 ,\214\325\Q])\016\2067\277\t\354\010\000\360\215\2502\265\245\310\226\243c\302Ze\306\253#r\020\211\320iG\276\020E\317\035Sf\223F\254\033@\177e\277\016\010u\327\371&\262\312\317Q\2361t\377x\234\001v\003%\030\325_\225g\204\346a=\225\273\331\354\365*U\363\263N\367b\371\244\314-w\363\262\225Z\200\206\235\233\257?sE\2674\254\326mU\377?\177Ek\336\030!\316Aa\225\303\022\377{\210Y\226\271as\354L\035\004\341\361\035\301\024\220m#*\372\032\3178~\374\250\014*\323\342'z69\220\327\256\351G\367\317u\302\207\270b\315\333\333\334\310I\323&\014\352XZnW2.\335\347\202\021\247\362\212e\034\000\001\250\220\305;a\314\265R\310\017\317\331\235\360\262\240:\277\202\266\354\265X""\022\nh\252\352w\204\203\023]\001f\352\277\0031Q]\362\370R\350{\261\202\240\344\215\201\353\276\322p5p\350\354\017>\250r\241c\273\016\301\024\363\242\247\263\231\370\344\nBW\220K\316@3\243\200\036wk\253GSlU\010\360\231>\331\263H\214\324\030A\225\301o\346pkSF\004\241\213w9\223=\250\262*+\255\351r\265\244c\024\213\t\007`\223\325#\3477\210\345P\306\013\320\252[\0216+\227=`\371P\314\346 V7\271[~\n\237\274|\347\352@K\253~&\260\032\024\004B\200\255h\351\013\361\031:nG\211\005|\2003\266\274\251,W\006u\344\335d\003\306\212\313,\340\350bG\n\030Z\2732-\246\312\255\030\003\235207\005}D\260\0261ah\322M\304\216\273m0\271\234\237\007<w$\265C\245\232\033\023\313c\321B\032l\301h\005\320\252\301\361(\330[\343\357\343{\235\n\266g\272>\177\317\347\261qb&\270&\346ju\200\363N\320\307\004\034\001n\317\361\2653\254\2503\247\305\372\316W\022O\253x\250\025\373\247\354Tc\304\263\243^\352Gv\\264\261\r\035\226\306\2411\351\233\203\215\200$\231\300f\220\371c@\017\254\363\\371\340\340VaR\205~^\226\342t\360\022\204d\231\205)\272\364?\361!\334\331\315\254\230\rBG\314\023\246\244=\351\177\254\302b&\276+H;0\312\021&\275\036\237\350R\313\206R\331\304k\323u\263t\221\213yC\241\217A\242\027g\322\241'\212.E?B_\316\327\217J +\370\t^b\005\020\003\211\373\247|hC\271Nmk~J\270EU\274\036-\347\240\312FA\321\341bca\253\025\321\311\317\021\375\317\217\n\272\033o\353G>\275\361H\265\240\232um""\317\324`\214\221\314\000\211K\223+(""\200i \311\372g\254\343ZR0\224\275q\252\357\213\263\206N\357&Q\217\267\303\356I\236\357\264\311b\037\366\035\253\343\311\265\240\327q\206f\262ODi\215-\363>\034\236l\273\005G\316F\217}[\036\007\270:\260\335\271B\241N\345\330\204\327f\361\272Kb\0377p\334\264\237\177~\330]\252+:\317u\302h\n\351\n\364\231\277R\371\356\033y\265v\360Ny\246\332qY\262\231\251\n\305\334\202\305\362\n\367@k\231\016R:\327\242\366\242\253LZY\223$Gw^\203\302\311\316I7\371tTwp}\005|\372\214\251{R`\230V\244-\326I\351\255\325i\335\377\321\353\327\331\302\023\347y\016\263\271\317\306\017UV\314qu?\0064A\315{3D\010\016S\212\2353k0\361\214ID\303g\277\010Y_\001~\021\333\370\255\374\\331\306\255\336)\365Rth\024\t\300.M\315\321S\257\224\252\362\326P\316\303%nX\3742\333\036\004Y\264yG^\234\177\214\305q\237\274G\300a4\275\240s\215\222\210\016\020G\344=-:GK\312\035\271\201\350\376F\260G\347\000\235\365P6pmH\033\373\212c\377o\232\356\320D\002\277,]os{\354/?\312e\006wda\001\023\375\316\025\254\321\244\370+Y`\220\270\254\2601E[FI\310\235<qI \356\032v%\001\230\016\203\200\251UD\347\304\373\034\211\340@\342\033\263\365\356\341\357\350\324\035J\032\177\230\207\220\303+\207\352g\317N\027>\222M\271m\033\236\021:\272\233r\373\233hC}\256\020\210\010\233\335\025[ d(\343\263\327\177\030\246\254H\277\254E\231\006\033_lB\210\264\334Y\322\314\362\320L\000Q\240\317\3502\006,|\364\004\275\034\006\337\370""\330\364\202\314\315\311?\030\260\361u)\336\202\265Y\177X\227$\245tCB\345\314d\231A\300\204\371KJ\036\321\330\014]""EN\266$]\331\226c\351\312\376z\254\214\206B\274&M\032\376v\266\3104u)\r\312\021\273\030jJH\215G4\367f\264\227\2326\315\307\363\323\325\303\032N\256*\307\327 \235\332\207u\210\271\257\306g\231i*\260\326k\001"";   nodeid: ""\260\000\000\000\000\000\000\000\000\000\000\000\000\000\000\000\000\000\000\000\000\000\000\000\000\000\000\000\000\000\000\000\001""; }; ","ledgerHash: ""Q;\255\3404\372\225\341L\224\242\200VY\220\355\020\353I\n\363\266\036\311\003OR\250""\032\230\021""; ledgerSeq: 46; type: liAS_NODE; nodes {;   nodedata: ""\021\000h""\000\000\000\000 \033\000\000\000-\002\023\305\377\330\356GuH\375\327!\255\371\r\231\262R\256J\034\222\241\355X\265E\241^W\225\304\014\361CX-}\351f\032\255\274\334m\326c\017\014ao[\342\230\003\245\245\3341Hm\326^\017jy\335\261\032Yt\320\244{g\0306\\302\303*\341\215\223\257\364\277o\375\000r\241SOq\221\253\262\005\017\375T\356\014\360o'\030\311-\267\031\257!\031T\006><\315XM\334\324\345\034\000\325\367\240\271\013\265\024\321\362\354\211\250.\234s\225amc\305\035\366\276\037nD\277`\210\223N\3535\033\261\304f\331]\036\237\306o!\223\221\002\324\031\262\240R\177 ,\214\325\Q])\016\2067\277\t\354\010\000\360\215\2502\265\245\310\226\243c\302Ze\306\253#r\020\211\320iG\276\020E\317\035Sf\223F\254\033@\177e\277\016\010u\327\371&\262\312\317Q\2361t\377x\234\001v\003%\030\325_\225g\204\346a=\225\273\331\354\365*U\363\263N\367b\371\244\314-w\363\262\225Z\200\206\235\233\257?sE\2674\254\326mU\377?\177Ek\336\030!\316Aa\225\303\022\377{\210Y\226\271as\354L\035\004\341\361\035\301\024\220m#*\372\032\3178~\374\250\014*\323\342'z69\220\327\256\351G\367\317u\302\207\270b\315\333\333\334\310I\323&\014\352XZnW2.\335\347\202\021\247\362\212e\034\000\001\250\220\305;a\314\265R\310\017\317\331\235\360\262\240:\277\202\266\354\265X""\022\nh\252\352w\204\203\023]\001f\352\277\0031Q]\362\370R\350{\261\202\240\344\215\201\353\276\322p5p\350\354\017>\250r\241c\273\016\301\024\363\242\247\263\231\370\344\nBW\220K\316@3\243\200\036wk\253GSlU\010\360\231>\331\263H\214\324\030A\225\301o\346pkSF\004\241\213w9\223=\250\262*+\255\351r\265\244c\024\213\t\007`\223\325#\3477\210\345P\306\013\320\252[\0216+\227=`\371P\314\346 V7\271[~\n\237\274|\347\352@K\253~&\260\032\024\004B\200\255h\351\013\361\031:nG\211\005|\2003\266\274\251,W\006u\344\335d\003\306\212\313,\340\350bG\n\030Z\2732-\246\312\255\030\003\235207\005}D\260\0261ah\322M\304\216\273m0\271\234\237\007<w$\265C\245\232\033\023\313c\321B\032l\301h\005\320\252\301\361(\330[\343\357\343{\235\n\266g\272>\177\317\347\261qb&\270&\346ju\200\363N\320\307\004\034\001n\317\361\2653\254\2503\247\305\372\316W\022O\253x\250\025\373\247\354Tc\304\263\243^\352Gv\\264\261\r\035\226\306\2411\351\233\203\215\200$\231\300f\220\371c@\017\254\363\\371\340\340VaR\205~^\226\342t\360\022\204d\231\205)\272\364?\361!\334\331\315\254\230\rBG\314\023\246\244=\351\177\254\302b&\276+H;0\312\021&\275\036\237\350R\313\206R\331\304k\323u\263t\221\213yC\241\217A\242\027g\322\241'\212.E?B_\316\327\217J +\370\t^b\005\020\003\211\373\247|hC\271Nmk~J\270EU\274\036-\347\240\312FA\321\341bca\253\025\321\311\317\021\375\317\217\n\272\033o\353G>\275\361H\265\240\232um""\317\324`\214\221\314\000\211K\223+(""\200i \311\372g\254\343ZR0\224\275q\252\357\213\263\206N\357&Q\217\267\303\356I\236\357\264\311b\037\366\035\253\343\311\265\240\327q\206f\262ODi\215-\363>\034\236l\273\005G\316F\217}[\036\007\270:\260\335\271B\241N\345\330\204\327f\361\272Kb\0377p\334\264\237\177~\330]\252+:\317u\302h\n\351\n\364\231\277R\371\356\033y\265v\360Ny\246\332qY\262\231\251\n\305\334\202\305\362\n\367@k\231\016R:\327\242\366\242\253LZY\223$Gw^\203\302\311\316I7\371tTwp}\005|\372\214\251{R`\230V\244-\326I\351\255\325i\335\377\321\353\327\331\302\023\347y\016\263\271\317\306\017UV\314qu?\0064A\315{3D\010\016S\212\2353k0\361\214ID\303g\277\010Y_\001~\021\333\370\255\374\\331\306\255\336)\365Rth\024\t\300.M\315\321S\257\224\252\362\326P\316\303%nX\3742\333\036\004Y\264yG^\234\177\214\305q\237\274G\300a4\275\240s\215\222\210\016\020G\344=-:GK\312\035\271\201\350\376F\260G\347\000\235\365P6pmH\033\373\212c\377o\232\356\320D\002\277,]os{\354/?\312e\006wda\001\023\375\316\025\254\321\244\370+Y`\220\270\254\2601E[FI\310\235<qI \356\032v%\001\230\016\203\200\251UD\347\304\373\034\211\340@\342\033\263\365\356\341\357\350\324\035J\032\177\230\207\220\303+\207\352g\317N\027>\222M\271m\033\236\021:\272\233r\373\233hC}\256\020\210\010\233\335\025[ d(\343\263\327\177\030\246\254H\277\254E\231\006\033_lB\210\264\334Y\322\314\362\320L\000Q\240\317\3502\006,|\364\004\275\034\006\337\370""\330\364\202\314\315\311?\030\260\361u)\336\202\265Y\177X\227$\245tCB\345\314d\231A\300\204\371KJ\036\321\330\014]""EN\266$]\331\226c\351\312\376z\254\214\206B\274&M\032\376v\266\3104u)\r\312\021\273\030jJH\215G4\367f\264\227\2326\315\307\363\323\325\303\032N\256*\307\327 \235\332\207u\210\271\257\306g\231i*\260\326k\001"";   nodeid: ""\260\000\000\000\000\000\000\000\000\000\000\000\000\000\000\000\000\000\000\000\000\000\000\000\000\000\000\000\000\000\000\000\001""; }; "
1750527678540,1750527678540,0,1,4,2,TMLedgerData,"ledgerHash: ""Q;\255\3404\372\225\341L\224\242\200VY\220\355\020\353I\n\363\266\036\311\003OR\250""\032\230\021""; ledgerSeq: 46; type: liBASE; nodes {;   nodedata: ""\000\000\000.\001cEx]\211\377\330\351\312\376z\254\214\206B\274&M\032\376v\266\3104u)\r\312\021\273\030jJH\215G4\367f\000\000\000\000\000\000\000\000\000\000\000\000\000\000\000\000\000\000\000\000\000\000\000\000\000\000\000\000\000\000\000\000r`_\316U\014\361R\023\350\021\361\314\322\317CK\006J\365&\317<\315\305\233\324\205+\002q\000/\351\2538/\351\253@\n\000""; }; nodes {;   nodedata: ""\323C\344\327\264{\312-\017:\006{\177\344N\002\326bO\260\220\006\033\362\345\005U\221DzJ0\001\301\025%1L\307\t\261\262z\374\222T\301\274V\236\223\262\270Ct\362\337b\356\024*\324\320\351\317\002k\336\234\027v\351\217\260\303\360\233ZPZWr\246$w\313\313\r\243r\232\2234\373\3539:N\004Q\245\272D\312D\300\300\t\323\0257\345e\271\na\215{\226\255x%T\257\037\333\004\344_/R\006E\344\037@\210\363\010\336T\226\247'\204_{\261\370""1\235\2445\343\033Y!\212\201\341\272\225'\007M\272r\017\316\260\361`\021\343Ohk\347~V\226\352g\315EP\217\034a\007\007\314\317\347,\277\013\003""; }; ","ledgerHash: ""Q;\255\3404\372\225\341L\224\242\200VY\220\355\020\353I\n\363\266\036\311\003OR\250""\032\230\021""; ledgerSeq: 46; type: liBASE; nodes {;   nodedata: ""\000\000\000.\001cEx]\211\377\330\351\312\376z\254\214\206B\274&M\032\376v\266\3104u)\r\312\021\273\030jJH\215G4\367f\000\000\000\000\000\000\000\000\000\000\000\000\000\000\000\000\000\000\000\000\000\000\000\000\000\000\000\000\000\000\000\000r`_\316U\014\361R\023\350\021\361\314\322\317CK\006J\365&\317<\315\305\233\324\205+\002q\000/\351\2538/\351\253@\n\000""; }; nodes {;   nodedata: ""\323C\344\327\264{\312-\017:\006{\177\344N\002\326bO\260\220\006\033\362\345\005U\221DzJ0\001\301\025%1L\307\t\261\262z\374\222T\301\274V\236\223\262\270Ct\362\337b\356\024*\324\320\351\317\002k\336\234\027v\351\217\260\303\360\233ZPZWr\246$w\313\313\r\243r\232\2234\373\3539:N\004Q\245\272D\312D\300\300\t\323\0257\345e\271\na\215{\226\255x%T\257\037\333\004\344_/R\006E\344\037@\210\363\010\336T\226\247'\204_{\261\370""1\235\2445\343\033Y!\212\201\341\272\225'\007M\272r\017\316\260\361`\021\343Ohk\347~V\226\352g\315EP\217\034a\007\007\314\317\347,\277\013\003""; }; "
1750527678540,1750527678541,0,1,3,1,TMLedgerData,"ledgerHash: ""Q;\255\3404\372\225\341L\224\242\200VY\220\355\020\353I\n\363\266\036\311\003OR\250""\032\230\021""; ledgerSeq: 46; type: liBASE; nodes {;   nodedata: ""\000\000\000.\001cEx]\211\377\330\351\312\376z\254\214\206B\274&M\032\376v\266\3104u)\r\312\021\273\030jJH\215G4\367f\000\000\000\000\000\000\000\000\000\000\000\000\000\000\000\000\000\000\000\000\000\000\000\000\000\000\000\000\000\000\000\000r`_\316U\014\361R\023\350\021\361\314\322\317CK\006J\365&\317<\315\305\233\324\205+\002q\000/\351\2538/\351\253@\n\000""; }; nodes {;   nodedata: ""\323C\344\327\264{\312-\017:\006{\177\344N\002\326bO\260\220\006\033\362\345\005U\221DzJ0\001\301\025%1L\307\t\261\262z\374\222T\301\274V\236\223\262\270Ct\362\337b\356\024*\324\320\351\317\002k\336\234\027v\351\217\260\303\360\233ZPZWr\246$w\313\313\r\243r\232\2234\373\3539:N\004Q\245\272D\312D\300\300\t\323\0257\345e\271\na\215{\226\255x%T\257\037\333\004\344_/R\006E\344\037@\210\363\010\336T\226\247'\204_{\261\370""1\235\2445\343\033Y!\212\201\341\272\225'\007M\272r\017\316\260\361`\021\343Ohk\347~V\226\352g\315EP\217\034a\007\007\314\317\347,\277\013\003""; }; requestCookie: 2; ","ledgerHash: ""Q;\255\3404\372\225\341L\224\242\200VY\220\355\020\353I\n\363\266\036\311\003OR\250""\032\230\021""; ledgerSeq: 46; type: liBASE; nodes {;   nodedata: ""\000\000\000.\001cEx]\211\377\330\351\312\376z\254\214\206B\274&M\032\376v\266\3104u)\r\312\021\273\030jJH\215G4\367f\000\000\000\000\000\000\000\000\000\000\000\000\000\000\000\000\000\000\000\000\000\000\000\000\000\000\000\000\000\000\000\000r`_\316U\014\361R\023\350\021\361\314\322\317CK\006J\365&\317<\315\305\233\324\205+\002q\000/\351\2538/\351\253@\n\000""; }; nodes {;   nodedata: ""\323C\344\327\264{\312-\017:\006{\177\344N\002\326bO\260\220\006\033\362\345\005U\221DzJ0\001\301\025%1L\307\t\261\262z\374\222T\301\274V\236\223\262\270Ct\362\337b\356\024*\324\320\351\317\002k\336\234\027v\351\217\260\303\360\233ZPZWr\246$w\313\313\r\243r\232\2234\373\3539:N\004Q\245\272D\312D\300\300\t\323\0257\345e\271\na\215{\226\255x%T\257\037\333\004\344_/R\006E\344\037@\210\363\010\336T\226\247'\204_{\261\370""1\235\2445\343\033Y!\212\201\341\272\225'\007M\272r\017\316\260\361`\021\343Ohk\347~V\226\352g\315EP\217\034a\007\007\314\317\347,\277\013\003""; }; requestCookie: 2; "
1750527678542,1750527678542,0,1,3,1,TMLedgerData,"ledgerHash: ""Q;\255\3404\372\225\341L\224\242\200VY\220\355\020\353I\n\363\266\036\311\003OR\250""\032\230\021""; ledgerSeq: 46; type: liBASE; nodes {;   nodedata: ""\000\000\000.\001cEx]\211\377\330\351\312\376z\254\214\206B\274&M\032\376v\266\3104u)\r\312\021\273\030jJH\215G4\367f\000\000\000\000\000\000\000\000\000\000\000\000\000\000\000\000\000\000\000\000\000\000\000\000\000\000\000\000\000\000\000\000r`_\316U\014\361R\023\350\021\361\314\322\317CK\006J\365&\317<\315\305\233\324\205+\002q\000/\351\2538/\351\253@\n\000""; }; nodes {;   nodedata: ""\323C\344\327\264{\312-\017:\006{\177\344N\002\326bO\260\220\006\033\362\345\005U\221DzJ0\001\301\025%1L\307\t\261\262z\374\222T\301\274V\236\223\262\270Ct\362\337b\356\024*\324\320\351\317\002k\336\234\027v\351\217\260\303\360\233ZPZWr\246$w\313\313\r\243r\232\2234\373\3539:N\004Q\245\272D\312D\300\300\t\323\0257\345e\271\na\215{\226\255x%T\257\037\333\004\344_/R\006E\344\037@\210\363\010\336T\226\247'\204_{\261\370""1\235\2445\343\033Y!\212\201\341\272\225'\007M\272r\017\316\260\361`\021\343Ohk\347~V\226\352g\315EP\217\034a\007\007\314\317\347,\277\013\003""; }; requestCookie: 3; ","ledgerHash: ""Q;\255\3404\372\225\341L\224\242\200VY\220\355\020\353I\n\363\266\036\311\003OR\250""\032\230\021""; ledgerSeq: 46; type: liBASE; nodes {;   nodedata: ""\000\000\000.\001cEx]\211\377\330\351\312\376z\254\214\206B\274&M\032\376v\266\3104u)\r\312\021\273\030jJH\215G4\367f\000\000\000\000\000\000\000\000\000\000\000\000\000\000\000\000\000\000\000\000\000\000\000\000\000\000\000\000\000\000\000\000r`_\316U\014\361R\023\350\021\361\314\322\317CK\006J\365&\317<\315\305\233\324\205+\002q\000/\351\2538/\351\253@\n\000""; }; nodes {;   nodedata: ""\323C\344\327\264{\312-\017:\006{\177\344N\002\326bO\260\220\006\033\362\345\005U\221DzJ0\001\301\025%1L\307\t\261\262z\374\222T\301\274V\236\223\262\270Ct\362\337b\356\024*\324\320\351\317\002k\336\234\027v\351\217\260\303\360\233ZPZWr\246$w\313\313\r\243r\232\2234\373\3539:N\004Q\245\272D\312D\300\300\t\323\0257\345e\271\na\215{\226\255x%T\257\037\333\004\344_/R\006E\344\037@\210\363\010\336T\226\247'\204_{\261\370""1\235\2445\343\033Y!\212\201\341\272\225'\007M\272r\017\316\260\361`\021\343Ohk\347~V\226\352g\315EP\217\034a\007\007\314\317\347,\277\013\003""; }; requestCookie: 3; "
1750527678542,1750527678543,0,1,4,1,TMLedgerData,"ledgerHash: ""Q;\255\3404\372\225\341L\224\242\200VY\220\355\020\353I\n\363\266\036\311\003OR\250""\032\230\021""; ledgerSeq: 46; type: liBASE; nodes {;   nodedata: ""\000\000\000.\001cEx]\211\377\330\351\312\376z\254\214\206B\274&M\032\376v\266\3104u)\r\312\021\273\030jJH\215G4\367f\000\000\000\000\000\000\000\000\000\000\000\000\000\000\000\000\000\000\000\000\000\000\000\000\000\000\000\000\000\000\000\000r`_\316U\014\361R\023\350\021\361\314\322\317CK\006J\365&\317<\315\305\233\324\205+\002q\000/\351\2538/\351\253@\n\000""; }; nodes {;   nodedata: ""\323C\344\327\264{\312-\017:\006{\177\344N\002\326bO\260\220\006\033\362\345\005U\221DzJ0\001\301\025%1L\307\t\261\262z\374\222T\301\274V\236\223\262\270Ct\362\337b\356\024*\324\320\351\317\002k\336\234\027v\351\217\260\303\360\233ZPZWr\246$w\313\313\r\243r\232\2234\373\3539:N\004Q\245\272D\312D\300\300\t\323\0257\345e\271\na\215{\226\255x%T\257\037\333\004\344_/R\006E\344\037@\210\363\010\336T\226\247'\204_{\261\370""1\235\2445\343\033Y!\212\201\341\272\225'\007M\272r\017\316\260\361`\021\343Ohk\347~V\226\352g\315EP\217\034a\007\007\314\317\347,\277\013\003""; }; ","ledgerHash: ""Q;\255\3404\372\225\341L\224\242\200VY\220\355\020\353I\n\363\266\036\311\003OR\250""\032\230\021""; ledgerSeq: 46; type: liBASE; nodes {;   nodedata: ""\000\000\000.\001cEx]\211\377\330\351\312\376z\254\214\206B\274&M\032\376v\266\3104u)\r\312\021\273\030jJH\215G4\367f\000\000\000\000\000\000\000\000\000\000\000\000\000\000\000\000\000\000\000\000\000\000\000\000\000\000\000\000\000\000\000\000r`_\316U\014\361R\023\350\021\361\314\322\317CK\006J\365&\317<\315\305\233\324\205+\002q\000/\351\2538/\351\253@\n\000""; }; nodes {;   nodedata: ""\323C\344\327\264{\312-\017:\006{\177\344N\002\326bO\260\220\006\033\362\345\005U\221DzJ0\001\301\025%1L\307\t\261\262z\374\222T\301\274V\236\223\262\270Ct\362\337b\356\024*\324\320\351\317\002k\336\234\027v\351\217\260\303\360\233ZPZWr\246$w\313\313\r\243r\232\2234\373\3539:N\004Q\245\272D\312D\300\300\t\323\0257\345e\271\na\215{\226\255x%T\257\037\333\004\344_/R\006E\344\037@\210\363\010\336T\226\247'\204_{\261\370""1\235\2445\343\033Y!\212\201\341\272\225'\007M\272r\017\316\260\361`\021\343Ohk\347~V\226\352g\315EP\217\034a\007\007\314\317\347,\277\013\003""; }; "
1750527678543,1750527678543,0,1,4,0,TMLedgerData,"ledgerHash: ""Q;\255\3404\372\225\341L\224\242\200VY\220\355\020\353I\n\363\266\036\311\003OR\250""\032\230\021""; ledgerSeq: 46; type: liBASE; nodes {;   nodedata: ""\000\000\000.\001cEx]\211\377\330\351\312\376z\254\214\206B\274&M\032\376v\266\3104u)\r\312\021\273\030jJH\215G4\367f\000\000\000\000\000\000\000\000\000\000\000\000\000\000\000\000\000\000\000\000\000\000\000\000\000\000\000\000\000\000\000\000r`_\316U\014\361R\023\350\021\361\314\322\317CK\006J\365&\317<\315\305\233\324\205+\002q\000/\351\2538/\351\253@\n\000""; }; nodes {;   nodedata: ""\323C\344\327\264{\312-\017:\006{\177\344N\002\326bO\260\220\006\033\362\345\005U\221DzJ0\001\301\025%1L\307\t\261\262z\374\222T\301\274V\236\223\262\270Ct\362\337b\356\024*\324\320\351\317\002k\336\234\027v\351\217\260\303\360\233ZPZWr\246$w\313\313\r\243r\232\2234\373\3539:N\004Q\245\272D\312D\300\300\t\323\0257\345e\271\na\215{\226\255x%T\257\037\333\004\344_/R\006E\344\037@\210\363\010\336T\226\247'\204_{\261\370""1\235\2445\343\033Y!\212\201\341\272\225'\007M\272r\017\316\260\361`\021\343Ohk\347~V\226\352g\315EP\217\034a\007\007\314\317\347,\277\013\003""; }; ","ledgerHash: ""Q;\255\3404\372\225\341L\224\242\200VY\220\355\020\353I\n\363\266\036\311\003OR\250""\032\230\021""; ledgerSeq: 46; type: liBASE; nodes {;   nodedata: ""\000\000\000.\001cEx]\211\377\330\351\312\376z\254\214\206B\274&M\032\376v\266\3104u)\r\312\021\273\030jJH\215G4\367f\000\000\000\000\000\000\000\000\000\000\000\000\000\000\000\000\000\000\000\000\000\000\000\000\000\000\000\000\000\000\000\000r`_\316U\014\361R\023\350\021\361\314\322\317CK\006J\365&\317<\315\305\233\324\205+\002q\000/\351\2538/\351\253@\n\000""; }; nodes {;   nodedata: ""\323C\344\327\264{\312-\017:\006{\177\344N\002\326bO\260\220\006\033\362\345\005U\221DzJ0\001\301\025%1L\307\t\261\262z\374\222T\301\274V\236\223\262\270Ct\362\337b\356\024*\324\320\351\317\002k\336\234\027v\351\217\260\303\360\233ZPZWr\246$w\313\313\r\243r\232\2234\373\3539:N\004Q\245\272D\312D\300\300\t\323\0257\345e\271\na\215{\226\255x%T\257\037\333\004\344_/R\006E\344\037@\210\363\010\336T\226\247'\204_{\261\370""1\235\2445\343\033Y!\212\201\341\272\225'\007M\272r\017\316\260\361`\021\343Ohk\347~V\226\352g\315EP\217\034a\007\007\314\317\347,\277\013\003""; }; "
1750527678543,1750527678544,0,1,0,4,TMLedgerData,"ledgerHash: ""Q;\255\3404\372\225\341L\224\242\200VY\220\355\020\353I\n\363\266\036\311\003OR\250""\032\230\021""; ledgerSeq: 46; type: liBASE; nodes {;   nodedata: ""\000\000\000.\001cEx]\211\377\330\351\312\376z\254\214\206B\274&M\032\376v\266\3104u)\r\312\021\273\030jJH\215G4\367f\000\000\000\000\000\000\000\000\000\000\000\000\000\000\000\000\000\000\000\000\000\000\000\000\000\000\000\000\000\000\000\000r`_\316U\014\361R\023\350\021\361\314\322\317CK\006J\365&\317<\315\305\233\324\205+\002q\000/\351\2538/\351\253@\n\000""; }; nodes {;   nodedata: ""\323C\344\327\264{\312-\017:\006{\177\344N\002\326bO\260\220\006\033\362\345\005U\221DzJ0\001\301\025%1L\307\t\261\262z\374\222T\301\274V\236\223\262\270Ct\362\337b\356\024*\324\320\351\317\002k\336\234\027v\351\217\260\303\360\233ZPZWr\246$w\313\313\r\243r\232\2234\373\3539:N\004Q\245\272D\312D\300\300\t\323\0257\345e\271\na\215{\226\255x%T\257\037\333\004\344_/R\006E\344\037@\210\363\010\336T\226\247'\204_{\261\370""1\235\2445\343\033Y!\212\201\341\272\225'\007M\272r\017\316\260\361`\021\343Ohk\347~V\226\352g\315EP\217\034a\007\007\314\317\347,\277\013\003""; }; ","ledgerHash: ""Q;\255\3404\372\225\341L\224\242\200VY\220\355\020\353I\n\363\266\036\311\003OR\250""\032\230\021""; ledgerSeq: 46; type: liBASE; nodes {;   nodedata: ""\000\000\000.\001cEx]\211\377\330\351\312\376z\254\214\206B\274&M\032\376v\266\3104u)\r\312\021\273\030jJH\215G4\367f\000\000\000\000\000\000\000\000\000\000\000\000\000\000\000\000\000\000\000\000\000\000\000\000\000\000\000\000\000\000\000\000r`_\316U\014\361R\023\350\021\361\314\322\317CK\006J\365&\317<\315\305\233\324\205+\002q\000/\351\2538/\351\253@\n\000""; }; nodes {;   nodedata: ""\323C\344\327\264{\312-\017:\006{\177\344N\002\326bO\260\220\006\033\362\345\005U\221DzJ0\001\301\025%1L\307\t\261\262z\374\222T\301\274V\236\223\262\270Ct\362\337b\356\024*\324\320\351\317\002k\336\234\027v\351\217\260\303\360\233ZPZWr\246$w\313\313\r\243r\232\2234\373\3539:N\004Q\245\272D\312D\300\300\t\323\0257\345e\271\na\215{\226\255x%T\257\037\333\004\344_/R\006E\344\037@\210\363\010\336T\226\247'\204_{\261\370""1\235\2445\343\033Y!\212\201\341\272\225'\007M\272r\017\316\260\361`\021\343Ohk\347~V\226\352g\315EP\217\034a\007\007\314\317\347,\277\013\003""; }; "
1750527678544,1750527678544,0,1,0,2,TMLedgerData,"ledgerHash: ""Q;\255\3404\372\225\341L\224\242\200VY\220\355\020\353I\n\363\266\036\311\003OR\250""\032\230\021""; ledgerSeq: 46; type: liBASE; nodes {;   nodedata: ""\000\000\000.\001cEx]\211\377\330\351\312\376z\254\214\206B\274&M\032\376v\266\3104u)\r\312\021\273\030jJH\215G4\367f\000\000\000\000\000\000\000\000\000\000\000\000\000\000\000\000\000\000\000\000\000\000\000\000\000\000\000\000\000\000\000\000r`_\316U\014\361R\023\350\021\361\314\322\317CK\006J\365&\317<\315\305\233\324\205+\002q\000/\351\2538/\351\253@\n\000""; }; nodes {;   nodedata: ""\323C\344\327\264{\312-\017:\006{\177\344N\002\326bO\260\220\006\033\362\345\005U\221DzJ0\001\301\025%1L\307\t\261\262z\374\222T\301\274V\236\223\262\270Ct\362\337b\356\024*\324\320\351\317\002k\336\234\027v\351\217\260\303\360\233ZPZWr\246$w\313\313\r\243r\232\2234\373\3539:N\004Q\245\272D\312D\300\300\t\323\0257\345e\271\na\215{\226\255x%T\257\037\333\004\344_/R\006E\344\037@\210\363\010\336T\226\247'\204_{\261\370""1\235\2445\343\033Y!\212\201\341\272\225'\007M\272r\017\316\260\361`\021\343Ohk\347~V\226\352g\315EP\217\034a\007\007\314\317\347,\277\013\003""; }; ","ledgerHash: ""Q;\255\3404\372\225\341L\224\242\200VY\220\355\020\353I\n\363\266\036\311\003OR\250""\032\230\021""; ledgerSeq: 46; type: liBASE; nodes {;   nodedata: ""\000\000\000.\001cEx]\211\377\330\351\312\376z\254\214\206B\274&M\032\376v\266\3104u)\r\312\021\273\030jJH\215G4\367f\000\000\000\000\000\000\000\000\000\000\000\000\000\000\000\000\000\000\000\000\000\000\000\000\000\000\000\000\000\000\000\000r`_\316U\014\361R\023\350\021\361\314\322\317CK\006J\365&\317<\315\305\233\324\205+\002q\000/\351\2538/\351\253@\n\000""; }; nodes {;   nodedata: ""\323C\344\327\264{\312-\017:\006{\177\344N\002\326bO\260\220\006\033\362\345\005U\221DzJ0\001\301\025%1L\307\t\261\262z\374\222T\301\274V\236\223\262\270Ct\362\337b\356\024*\324\320\351\317\002k\336\234\027v\351\217\260\303\360\233ZPZWr\246$w\313\313\r\243r\232\2234\373\3539:N\004Q\245\272D\312D\300\300\t\323\0257\345e\271\na\215{\226\255x%T\257\037\333\004\344_/R\006E\344\037@\210\363\010\336T\226\247'\204_{\261\370""1\235\2445\343\033Y!\212\201\341\272\225'\007M\272r\017\316\260\361`\021\343Ohk\347~V\226\352g\315EP\217\034a\007\007\314\317\347,\277\013\003""; }; "
1750527678544,1750527678545,0,1,0,1,TMLedgerData,"ledgerHash: ""Q;\255\3404\372\225\341L\224\242\200VY\220\355\020\353I\n\363\266\036\311\003OR\250""\032\230\021""; ledgerSeq: 46; type: liBASE; nodes {;   nodedata: ""\000\000\000.\001cEx]\211\377\330\351\312\376z\254\214\206B\274&M\032\376v\266\3104u)\r\312\021\273\030jJH\215G4\367f\000\000\000\000\000\000\000\000\000\000\000\000\000\000\000\000\000\000\000\000\000\000\000\000\000\000\000\000\000\000\000\000r`_\316U\014\361R\023\350\021\361\314\322\317CK\006J\365&\317<\315\305\233\324\205+\002q\000/\351\2538/\351\253@\n\000""; }; nodes {;   nodedata: ""\323C\344\327\264{\312-\017:\006{\177\344N\002\326bO\260\220\006\033\362\345\005U\221DzJ0\001\301\025%1L\307\t\261\262z\374\222T\301\274V\236\223\262\270Ct\362\337b\356\024*\324\320\351\317\002k\336\234\027v\351\217\260\303\360\233ZPZWr\246$w\313\313\r\243r\232\2234\373\3539:N\004Q\245\272D\312D\300\300\t\323\0257\345e\271\na\215{\226\255x%T\257\037\333\004\344_/R\006E\344\037@\210\363\010\336T\226\247'\204_{\261\370""1\235\2445\343\033Y!\212\201\341\272\225'\007M\272r\017\316\260\361`\021\343Ohk\347~V\226\352g\315EP\217\034a\007\007\314\317\347,\277\013\003""; }; ","ledgerHash: ""Q;\255\3404\372\225\341L\224\242\200VY\220\355\020\353I\n\363\266\036\311\003OR\250""\032\230\021""; ledgerSeq: 46; type: liBASE; nodes {;   nodedata: ""\000\000\000.\001cEx]\211\377\330\351\312\376z\254\214\206B\274&M\032\376v\266\3104u)\r\312\021\273\030jJH\215G4\367f\000\000\000\000\000\000\000\000\000\000\000\000\000\000\000\000\000\000\000\000\000\000\000\000\000\000\000\000\000\000\000\000r`_\316U\014\361R\023\350\021\361\314\322\317CK\006J\365&\317<\315\305\233\324\205+\002q\000/\351\2538/\351\253@\n\000""; }; nodes {;   nodedata: ""\323C\344\327\264{\312-\017:\006{\177\344N\002\326bO\260\220\006\033\362\345\005U\221DzJ0\001\301\025%1L\307\t\261\262z\374\222T\301\274V\236\223\262\270Ct\362\337b\356\024*\324\320\351\317\002k\336\234\027v\351\217\260\303\360\233ZPZWr\246$w\313\313\r\243r\232\2234\373\3539:N\004Q\245\272D\312D\300\300\t\323\0257\345e\271\na\215{\226\255x%T\257\037\333\004\344_/R\006E\344\037@\210\363\010\336T\226\247'\204_{\261\370""1\235\2445\343\033Y!\212\201\341\272\225'\007M\272r\017\316\260\361`\021\343Ohk\347~V\226\352g\315EP\217\034a\007\007\314\317\347,\277\013\003""; }; "
1750527678546,1750527678546,0,1,2,3,TMGetLedger,"itype: liAS_NODE; ledgerHash: ""Q;\255\3404\372\225\341L\224\242\200VY\220\355\020\353I\n\363\266\036\311\003OR\250""\032\230\021""; ledgerSeq: 46; nodeIDs: ""\260\000\000\000\000\000\000\000\000\000\000\000\000\000\000\000\000\000\000\000\000\000\000\000\000\000\000\000\000\000\000\000\001""; queryType: qtINDIRECT; queryDepth: 1; ","itype: liAS_NODE; ledgerHash: ""Q;\255\3404\372\225\341L\224\242\200VY\220\355\020\353I\n\363\266\036\311\003OR\250""\032\230\021""; ledgerSeq: 46; nodeIDs: ""\260\000\000\000\000\000\000\000\000\000\000\000\000\000\000\000\000\000\000\000\000\000\000\000\000\000\000\000\000\000\000\000\001""; queryType: qtINDIRECT; queryDepth: 1; "
1750527678546,1750527678547,0,1,2,4,TMLedgerData,"ledgerHash: ""Q;\255\3404\372\225\341L\224\242\200VY\220\355\020\353I\n\363\266\036\311\003OR\250""\032\230\021""; ledgerSeq: 46; type: liBASE; nodes {;   nodedata: ""\000\000\000.\001cEx]\211\377\330\351\312\376z\254\214\206B\274&M\032\376v\266\3104u)\r\312\021\273\030jJH\215G4\367f\000\000\000\000\000\000\000\000\000\000\000\000\000\000\000\000\000\000\000\000\000\000\000\000\000\000\000\000\000\000\000\000r`_\316U\014\361R\023\350\021\361\314\322\317CK\006J\365&\317<\315\305\233\324\205+\002q\000/\351\2538/\351\253@\n\000""; }; nodes {;   nodedata: ""\323C\344\327\264{\312-\017:\006{\177\344N\002\326bO\260\220\006\033\362\345\005U\221DzJ0\001\301\025%1L\307\t\261\262z\374\222T\301\274V\236\223\262\270Ct\362\337b\356\024*\324\320\351\317\002k\336\234\027v\351\217\260\303\360\233ZPZWr\246$w\313\313\r\243r\232\2234\373\3539:N\004Q\245\272D\312D\300\300\t\323\0257\345e\271\na\215{\226\255x%T\257\037\333\004\344_/R\006E\344\037@\210\363\010\336T\226\247'\204_{\261\370""1\235\2445\343\033Y!\212\201\341\272\225'\007M\272r\017\316\260\361`\021\343Ohk\347~V\226\352g\315EP\217\034a\007\007\314\317\347,\277\013\003""; }; ","ledgerHash: ""Q;\255\3404\372\225\341L\224\242\200VY\220\355\020\353I\n\363\266\036\311\003OR\250""\032\230\021""; ledgerSeq: 46; type: liBASE; nodes {;   nodedata: ""\000\000\000.\001cEx]\211\377\330\351\312\376z\254\214\206B\274&M\032\376v\266\3104u)\r\312\021\273\030jJH\215G4\367f\000\000\000\000\000\000\000\000\000\000\000\000\000\000\000\000\000\000\000\000\000\000\000\000\000\000\000\000\000\000\000\000r`_\316U\014\361R\023\350\021\361\314\322\317CK\006J\365&\317<\315\305\233\324\205+\002q\000/\351\2538/\351\253@\n\000""; }; nodes {;   nodedata: ""\323C\344\327\264{\312-\017:\006{\177\344N\002\326bO\260\220\006\033\362\345\005U\221DzJ0\001\301\025%1L\307\t\261\262z\374\222T\301\274V\236\223\262\270Ct\362\337b\356\024*\324\320\351\317\002k\336\234\027v\351\217\260\303\360\233ZPZWr\246$w\313\313\r\243r\232\2234\373\3539:N\004Q\245\272D\312D\300\300\t\323\0257\345e\271\na\215{\226\255x%T\257\037\333\004\344_/R\006E\344\037@\210\363\010\336T\226\247'\204_{\261\370""1\235\2445\343\033Y!\212\201\341\272\225'\007M\272r\017\316\260\361`\021\343Ohk\347~V\226\352g\315EP\217\034a\007\007\314\317\347,\277\013\003""; }; "
1750527678547,1750527678547,0,1,2,0,TMLedgerData,"ledgerHash: ""Q;\255\3404\372\225\341L\224\242\200VY\220\355\020\353I\n\363\266\036\311\003OR\250""\032\230\021""; ledgerSeq: 46; type: liBASE; nodes {;   nodedata: ""\000\000\000.\001cEx]\211\377\330\351\312\376z\254\214\206B\274&M\032\376v\266\3104u)\r\312\021\273\030jJH\215G4\367f\000\000\000\000\000\000\000\000\000\000\000\000\000\000\000\000\000\000\000\000\000\000\000\000\000\000\000\000\000\000\000\000r`_\316U\014\361R\023\350\021\361\314\322\317CK\006J\365&\317<\315\305\233\324\205+\002q\000/\351\2538/\351\253@\n\000""; }; nodes {;   nodedata: ""\323C\344\327\264{\312-\017:\006{\177\344N\002\326bO\260\220\006\033\362\345\005U\221DzJ0\001\301\025%1L\307\t\261\262z\374\222T\301\274V\236\223\262\270Ct\362\337b\356\024*\324\320\351\317\002k\336\234\027v\351\217\260\303\360\233ZPZWr\246$w\313\313\r\243r\232\2234\373\3539:N\004Q\245\272D\312D\300\300\t\323\0257\345e\271\na\215{\226\255x%T\257\037\333\004\344_/R\006E\344\037@\210\363\010\336T\226\247'\204_{\261\370""1\235\2445\343\033Y!\212\201\341\272\225'\007M\272r\017\316\260\361`\021\343Ohk\347~V\226\352g\315EP\217\034a\007\007\314\317\347,\277\013\003""; }; ","ledgerHash: ""Q;\255\3404\372\225\341L\224\242\200VY\220\355\020\353I\n\363\266\036\311\003OR\250""\032\230\021""; ledgerSeq: 46; type: liBASE; nodes {;   nodedata: ""\000\000\000.\001cEx]\211\377\330\351\312\376z\254\214\206B\274&M\032\376v\266\3104u)\r\312\021\273\030jJH\215G4\367f\000\000\000\000\000\000\000\000\000\000\000\000\000\000\000\000\000\000\000\000\000\000\000\000\000\000\000\000\000\000\000\000r`_\316U\014\361R\023\350\021\361\314\322\317CK\006J\365&\317<\315\305\233\324\205+\002q\000/\351\2538/\351\253@\n\000""; }; nodes {;   nodedata: ""\323C\344\327\264{\312-\017:\006{\177\344N\002\326bO\260\220\006\033\362\345\005U\221DzJ0\001\301\025%1L\307\t\261\262z\374\222T\301\274V\236\223\262\270Ct\362\337b\356\024*\324\320\351\317\002k\336\234\027v\351\217\260\303\360\233ZPZWr\246$w\313\313\r\243r\232\2234\373\3539:N\004Q\245\272D\312D\300\300\t\323\0257\345e\271\na\215{\226\255x%T\257\037\333\004\344_/R\006E\344\037@\210\363\010\336T\226\247'\204_{\261\370""1\235\2445\343\033Y!\212\201\341\272\225'\007M\272r\017\316\260\361`\021\343Ohk\347~V\226\352g\315EP\217\034a\007\007\314\317\347,\277\013\003""; }; "
1750527678549,1750527678549,0,1,1,0,TMLedgerData,"ledgerHash: ""Q;\255\3404\372\225\341L\224\242\200VY\220\355\020\353I\n\363\266\036\311\003OR\250""\032\230\021""; ledgerSeq: 46; type: liBASE; nodes {;   nodedata: ""\000\000\000.\001cEx]\211\377\330\351\312\376z\254\214\206B\274&M\032\376v\266\3104u)\r\312\021\273\030jJH\215G4\367f\000\000\000\000\000\000\000\000\000\000\000\000\000\000\000\000\000\000\000\000\000\000\000\000\000\000\000\000\000\000\000\000r`_\316U\014\361R\023\350\021\361\314\322\317CK\006J\365&\317<\315\305\233\324\205+\002q\000/\351\2538/\351\253@\n\000""; }; nodes {;   nodedata: ""\323C\344\327\264{\312-\017:\006{\177\344N\002\326bO\260\220\006\033\362\345\005U\221DzJ0\001\301\025%1L\307\t\261\262z\374\222T\301\274V\236\223\262\270Ct\362\337b\356\024*\324\320\351\317\002k\336\234\027v\351\217\260\303\360\233ZPZWr\246$w\313\313\r\243r\232\2234\373\3539:N\004Q\245\272D\312D\300\300\t\323\0257\345e\271\na\215{\226\255x%T\257\037\333\004\344_/R\006E\344\037@\210\363\010\336T\226\247'\204_{\261\370""1\235\2445\343\033Y!\212\201\341\272\225'\007M\272r\017\316\260\361`\021\343Ohk\347~V\226\352g\315EP\217\034a\007\007\314\317\347,\277\013\003""; }; ","ledgerHash: ""Q;\255\3404\372\225\341L\224\242\200VY\220\355\020\353I\n\363\266\036\311\003OR\250""\032\230\021""; ledgerSeq: 46; type: liBASE; nodes {;   nodedata: ""\000\000\000.\001cEx]\211\377\330\351\312\376z\254\214\206B\274&M\032\376v\266\3104u)\r\312\021\273\030jJH\215G4\367f\000\000\000\000\000\000\000\000\000\000\000\000\000\000\000\000\000\000\000\000\000\000\000\000\000\000\000\000\000\000\000\000r`_\316U\014\361R\023\350\021\361\314\322\317CK\006J\365&\317<\315\305\233\324\205+\002q\000/\351\2538/\351\253@\n\000""; }; nodes {;   nodedata: ""\323C\344\327\264{\312-\017:\006{\177\344N\002\326bO\260\220\006\033\362\345\005U\221DzJ0\001\301\025%1L\307\t\261\262z\374\222T\301\274V\236\223\262\270Ct\362\337b\356\024*\324\320\351\317\002k\336\234\027v\351\217\260\303\360\233ZPZWr\246$w\313\313\r\243r\232\2234\373\3539:N\004Q\245\272D\312D\300\300\t\323\0257\345e\271\na\215{\226\255x%T\257\037\333\004\344_/R\006E\344\037@\210\363\010\336T\226\247'\204_{\261\370""1\235\2445\343\033Y!\212\201\341\272\225'\007M\272r\017\316\260\361`\021\343Ohk\347~V\226\352g\315EP\217\034a\007\007\314\317\347,\277\013\003""; }; "
1750527678549,1750527678549,0,1,1,2,TMLedgerData,"ledgerHash: ""Q;\255\3404\372\225\341L\224\242\200VY\220\355\020\353I\n\363\266\036\311\003OR\250""\032\230\021""; ledgerSeq: 46; type: liBASE; nodes {;   nodedata: ""\000\000\000.\001cEx]\211\377\330\351\312\376z\254\214\206B\274&M\032\376v\266\3104u)\r\312\021\273\030jJH\215G4\367f\000\000\000\000\000\000\000\000\000\000\000\000\000\000\000\000\000\000\000\000\000\000\000\000\000\000\000\000\000\000\000\000r`_\316U\014\361R\023\350\021\361\314\322\317CK\006J\365&\317<\315\305\233\324\205+\002q\000/\351\2538/\351\253@\n\000""; }; nodes {;   nodedata: ""\323C\344\327\264{\312-\017:\006{\177\344N\002\326bO\260\220\006\033\362\345\005U\221DzJ0\001\301\025%1L\307\t\261\262z\374\222T\301\274V\236\223\262\270Ct\362\337b\356\024*\324\320\351\317\002k\336\234\027v\351\217\260\303\360\233ZPZWr\246$w\313\313\r\243r\232\2234\373\3539:N\004Q\245\272D\312D\300\300\t\323\0257\345e\271\na\215{\226\255x%T\257\037\333\004\344_/R\006E\344\037@\210\363\010\336T\226\247'\204_{\261\370""1\235\2445\343\033Y!\212\201\341\272\225'\007M\272r\017\316\260\361`\021\343Ohk\347~V\226\352g\315EP\217\034a\007\007\314\317\347,\277\013\003""; }; ","ledgerHash: ""Q;\255\3404\372\225\341L\224\242\200VY\220\355\020\353I\n\363\266\036\311\003OR\250""\032\230\021""; ledgerSeq: 46; type: liBASE; nodes {;   nodedata: ""\000\000\000.\001cEx]\211\377\330\351\312\376z\254\214\206B\274&M\032\376v\266\3104u)\r\312\021\273\030jJH\215G4\367f\000\000\000\000\000\000\000\000\000\000\000\000\000\000\000\000\000\000\000\000\000\000\000\000\000\000\000\000\000\000\000\000r`_\316U\014\361R\023\350\021\361\314\322\317CK\006J\365&\317<\315\305\233\324\205+\002q\000/\351\2538/\351\253@\n\000""; }; nodes {;   nodedata: ""\323C\344\327\264{\312-\017:\006{\177\344N\002\326bO\260\220\006\033\362\345\005U\221DzJ0\001\301\025%1L\307\t\261\262z\374\222T\301\274V\236\223\262\270Ct\362\337b\356\024*\324\320\351\317\002k\336\234\027v\351\217\260\303\360\233ZPZWr\246$w\313\313\r\243r\232\2234\373\3539:N\004Q\245\272D\312D\300\300\t\323\0257\345e\271\na\215{\226\255x%T\257\037\333\004\344_/R\006E\344\037@\210\363\010\336T\226\247'\204_{\261\370""1\235\2445\343\033Y!\212\201\341\272\225'\007M\272r\017\316\260\361`\021\343Ohk\347~V\226\352g\315EP\217\034a\007\007\314\317\347,\277\013\003""; }; "
1750527678551,1750527678551,0,1,3,2,TMLedgerData,"ledgerHash: ""Q;\255\3404\372\225\341L\224\242\200VY\220\355\020\353I\n\363\266\036\311\003OR\250""\032\230\021""; ledgerSeq: 46; type: liBASE; nodes {;   nodedata: ""\000\000\000.\001cEx]\211\377\330\351\312\376z\254\214\206B\274&M\032\376v\266\3104u)\r\312\021\273\030jJH\215G4\367f\000\000\000\000\000\000\000\000\000\000\000\000\000\000\000\000\000\000\000\000\000\000\000\000\000\000\000\000\000\000\000\000r`_\316U\014\361R\023\350\021\361\314\322\317CK\006J\365&\317<\315\305\233\324\205+\002q\000/\351\2538/\351\253@\n\000""; }; nodes {;   nodedata: ""\323C\344\327\264{\312-\017:\006{\177\344N\002\326bO\260\220\006\033\362\345\005U\221DzJ0\001\301\025%1L\307\t\261\262z\374\222T\301\274V\236\223\262\270Ct\362\337b\356\024*\324\320\351\317\002k\336\234\027v\351\217\260\303\360\233ZPZWr\246$w\313\313\r\243r\232\2234\373\3539:N\004Q\245\272D\312D\300\300\t\323\0257\345e\271\na\215{\226\255x%T\257\037\333\004\344_/R\006E\344\037@\210\363\010\336T\226\247'\204_{\261\370""1\235\2445\343\033Y!\212\201\341\272\225'\007M\272r\017\316\260\361`\021\343Ohk\347~V\226\352g\315EP\217\034a\007\007\314\317\347,\277\013\003""; }; requestCookie: 3; ","ledgerHash: ""Q;\255\3404\372\225\341L\224\242\200VY\220\355\020\353I\n\363\266\036\311\003OR\250""\032\230\021""; ledgerSeq: 46; type: liBASE; nodes {;   nodedata: ""\000\000\000.\001cEx]\211\377\330\351\312\376z\254\214\206B\274&M\032\376v\266\3104u)\r\312\021\273\030jJH\215G4\367f\000\000\000\000\000\000\000\000\000\000\000\000\000\000\000\000\000\000\000\000\000\000\000\000\000\000\000\000\000\000\000\000r`_\316U\014\361R\023\350\021\361\314\322\317CK\006J\365&\317<\315\305\233\324\205+\002q\000/\351\2538/\351\253@\n\000""; }; nodes {;   nodedata: ""\323C\344\327\264{\312-\017:\006{\177\344N\002\326bO\260\220\006\033\362\345\005U\221DzJ0\001\301\025%1L\307\t\261\262z\374\222T\301\274V\236\223\262\270Ct\362\337b\356\024*\324\320\351\317\002k\336\234\027v\351\217\260\303\360\233ZPZWr\246$w\313\313\r\243r\232\2234\373\3539:N\004Q\245\272D\312D\300\300\t\323\0257\345e\271\na\215{\226\255x%T\257\037\333\004\344_/R\006E\344\037@\210\363\010\336T\226\247'\204_{\261\370""1\235\2445\343\033Y!\212\201\341\272\225'\007M\272r\017\316\260\361`\021\343Ohk\347~V\226\352g\315EP\217\034a\007\007\314\317\347,\277\013\003""; }; requestCookie: 3; "
1750527678551,1750527678552,0,1,3,2,TMLedgerData,"ledgerHash: ""Q;\255\3404\372\225\341L\224\242\200VY\220\355\020\353I\n\363\266\036\311\003OR\250""\032\230\021""; ledgerSeq: 46; type: liAS_NODE; nodes {;   nodedata: ""\021\000h""\000\000\000\000 \033\000\000\000-\002\023\305\377\330\356GuH\375\327!\255\371\r\231\262R\256J\034\222\241\355X\265E\241^W\225\304\014\361CX-}\351f\032\255\274\334m\326c\017\014ao[\342\230\003\245\245\3341Hm\326^\017jy\335\261\032Yt\320\244{g\0306\\302\303*\341\215\223\257\364\277o\375\000r\241SOq\221\253\262\005\017\375T\356\014\360o'\030\311-\267\031\257!\031T\006><\315XM\334\324\345\034\000\325\367\240\271\013\265\024\321\362\354\211\250.\234s\225amc\305\035\366\276\037nD\277`\210\223N\3535\033\261\304f\331]\036\237\306o!\223\221\002\324\031\262\240R\177 ,\214\325\Q])\016\2067\277\t\354\010\000\360\215\2502\265\245\310\226\243c\302Ze\306\253#r\020\211\320iG\276\020E\317\035Sf\223F\254\033@\177e\277\016\010u\327\371&\262\312\317Q\2361t\377x\234\001v\003%\030\325_\225g\204\346a=\225\273\331\354\365*U\363\263N\367b\371\244\314-w\363\262\225Z\200\206\235\233\257?sE\2674\254\326mU\377?\177Ek\336\030!\316Aa\225\303\022\377{\210Y\226\271as\354L\035\004\341\361\035\301\024\220m#*\372\032\3178~\374\250\014*\323\342'z69\220\327\256\351G\367\317u\302\207\270b\315\333\333\334\310I\323&\014\352XZnW2.\335\347\202\021\247\362\212e\034\000\001\250\220\305;a\314\265R\310\017\317\331\235\360\262\240:\277\202\266\354\265X""\022\nh\252\352w\204\203\023]\001f\352\277\0031Q]\362\370R\350{\261\202\240\344\215\201\353\276\322p5p\350\354\017>\250r\241c\273\016\301\024\363\242\247\263\231\370\344\nBW\220K\316@3\243\200\036wk\253GSlU\010\360\231>\331\263H\214\324\030A\225\301o\346pkSF\004\241\213w9\223=\250\262*+\255\351r\265\244c\024\213\t\007`\223\325#\3477\210\345P\306\013\320\252[\0216+\227=`\371P\314\346 V7\271[~\n\237\274|\347\352@K\253~&\260\032\024\004B\200\255h\351\013\361\031:nG\211\005|\2003\266\274\251,W\006u\344\335d\003\306\212\313,\340\350bG\n\030Z\2732-\246\312\255\030\003\235207\005}D\260\0261ah\322M\304\216\273m0\271\234\237\007<w$\265C\245\232\033\023\313c\321B\032l\301h\005\320\252\301\361(\330[\343\357\343{\235\n\266g\272>\177\317\347\261qb&\270&\346ju\200\363N\320\307\004\034\001n\317\361\2653\254\2503\247\305\372\316W\022O\253x\250\025\373\247\354Tc\304\263\243^\352Gv\\264\261\r\035\226\306\2411\351\233\203\215\200$\231\300f\220\371c@\017\254\363\\371\340\340VaR\205~^\226\342t\360\022\204d\231\205)\272\364?\361!\334\331\315\254\230\rBG\314\023\246\244=\351\177\254\302b&\276+H;0\312\021&\275\036\237\350R\313\206R\331\304k\323u\263t\221\213yC\241\217A\242\027g\322\241'\212.E?B_\316\327\217J +\370\t^b\005\020\003\211\373\247|hC\271Nmk~J\270EU\274\036-\347\240\312FA\321\341bca\253\025\321\311\317\021\375\317\217\n\272\033o\353G>\275\361H\265\240\232um""\317\324`\214\221\314\000\211K\223+(""\200i \311\372g\254\343ZR0\224\275q\252\357\213\263\206N\357&Q\217\267\303\356I\236\357\264\311b\037\366\035\253\343\311\265\240\327q\206f\262ODi\215-\363>\034\236l\273\005G\316F\217}[\036\007\270:\260\335\271B\241N\345\330\204\327f\361\272Kb\0377p\334\264\237\177~\330]\252+:\317u\302h\n\351\n\364\231\277R\371\356\033y\265v\360Ny\246\332qY\262\231\251\n\305\334\202\305\362\n\367@k\231\016R:\327\242\366\242\253LZY\223$Gw^\203\302\311\316I7\371tTwp}\005|\372\214\251{R`\230V\244-\326I\351\255\325i\335\377\321\353\327\331\302\023\347y\016\263\271\317\306\017UV\314qu?\0064A\315{3D\010\016S\212\2353k0\361\214ID\303g\277\010Y_\001~\021\333\370\255\374\\331\306\255\336)\365Rth\024\t\300.M\315\321S\257\224\252\362\326P\316\303%nX\3742\333\036\004Y\264yG^\234\177\214\305q\237\274G\300a4\275\240s\215\222\210\016\020G\344=-:GK\312\035\271\201\350\376F\260G\347\000\235\365P6pmH\033\373\212c\377o\232\356\320D\002\277,]os{\354/?\312e\006wda\001\023\375\316\025\254\321\244\370+Y`\220\270\254\2601E[FI\310\235<qI \356\032v%\001\230\016\203\200\251UD\347\304\373\034\211\340@\342\033\263\365\356\341\357\350\324\035J\032\177\230\207\220\303+\207\352g\317N\027>\222M\271m\033\236\021:\272\233r\373\233hC}\256\020\210\010\233\335\025[ d(\343\263\327\177\030\246\254H\277\254E\231\006\033_lB\210\264\334Y\322\314\362\320L\000Q\240\317\3502\006,|\364\004\275\034\006\337\370""\330\364\202\314\315\311?\030\260\361u)\336\202\265Y\177X\227$\245tCB\345\314d\231A\300\204\371KJ\036\321\330\014]""EN\266$]\331\226c\351\312\376z\254\214\206B\274&M\032\376v\266\3104u)\r\312\021\273\030jJH\215G4\367f\264\227\2326\315\307\363\323\325\303\032N\256*\307\327 \235\332\207u\210\271\257\306g\231i*\260\326k\001"";   nodeid: ""\260\000\000\000\000\000\000\000\000\000\000\000\000\000\000\000\000\000\000\000\000\000\000\000\000\000\000\000\000\000\000\000\001""; }; ","ledgerHash: ""Q;\255\3404\372\225\341L\224\242\200VY\220\355\020\353I\n\363\266\036\311\003OR\250""\032\230\021""; ledgerSeq: 46; type: liAS_NODE; nodes {;   nodedata: ""\021\000h""\000\000\000\000 \033\000\000\000-\002\023\305\377\330\356GuH\375\327!\255\371\r\231\262R\256J\034\222\241\355X\265E\241^W\225\304\014\361CX-}\351f\032\255\274\334m\326c\017\014ao[\342\230\003\245\245\3341Hm\326^\017jy\335\261\032Yt\320\244{g\0306\\302\303*\341\215\223\257\364\277o\375\000r\241SOq\221\253\262\005\017\375T\356\014\360o'\030\311-\267\031\257!\031T\006><\315XM\334\324\345\034\000\325\367\240\271\013\265\024\321\362\354\211\250.\234s\225amc\305\035\366\276\037nD\277`\210\223N\3535\033\261\304f\331]\036\237\306o!\223\221\002\324\031\262\240R\177 ,\214\325\Q])\016\2067\277\t\354\010\000\360\215\2502\265\245\310\226\243c\302Ze\306\253#r\020\211\320iG\276\020E\317\035Sf\223F\254\033@\177e\277\016\010u\327\371&\262\312\317Q\2361t\377x\234\001v\003%\030\325_\225g\204\346a=\225\273\331\354\365*U\363\263N\367b\371\244\314-w\363\262\225Z\200\206\235\233\257?sE\2674\254\326mU\377?\177Ek\336\030!\316Aa\225\303\022\377{\210Y\226\271as\354L\035\004\341\361\035\301\024\220m#*\372\032\3178~\374\250\014*\323\342'z69\220\327\256\351G\367\317u\302\207\270b\315\333\333\334\310I\323&\014\352XZnW2.\335\347\202\021\247\362\212e\034\000\001\250\220\305;a\314\265R\310\017\317\331\235\360\262\240:\277\202\266\354\265X""\022\nh\252\352w\204\203\023]\001f\352\277\0031Q]\362\370R\350{\261\202\240\344\215\201\353\276\322p5p\350\354\017>\250r\241c\273\016\301\024\363\242\247\263\231\370\344\nBW\220K\316@3\243\200\036wk\253GSlU\010\360\231>\331\263H\214\324\030A\225\301o\346pkSF\004\241\213w9\223=\250\262*+\255\351r\265\244c\024\213\t\007`\223\325#\3477\210\345P\306\013\320\252[\0216+\227=`\371P\314\346 V7\271[~\n\237\274|\347\352@K\253~&\260\032\024\004B\200\255h\351\013\361\031:nG\211\005|\2003\266\274\251,W\006u\344\335d\003\306\212\313,\340\350bG\n\030Z\2732-\246\312\255\030\003\235207\005}D\260\0261ah\322M\304\216\273m0\271\234\237\007<w$\265C\245\232\033\023\313c\321B\032l\301h\005\320\252\301\361(\330[\343\357\343{\235\n\266g\272>\177\317\347\261qb&\270&\346ju\200\363N\320\307\004\034\001n\317\361\2653\254\2503\247\305\372\316W\022O\253x\250\025\373\247\354Tc\304\263\243^\352Gv\\264\261\r\035\226\306\2411\351\233\203\215\200$\231\300f\220\371c@\017\254\363\\371\340\340VaR\205~^\226\342t\360\022\204d\231\205)\272\364?\361!\334\331\315\254\230\rBG\314\023\246\244=\351\177\254\302b&\276+H;0\312\021&\275\036\237\350R\313\206R\331\304k\323u\263t\221\213yC\241\217A\242\027g\322\241'\212.E?B_\316\327\217J +\370\t^b\005\020\003\211\373\247|hC\271Nmk~J\270EU\274\036-\347\240\312FA\321\341bca\253\025\321\311\317\021\375\317\217\n\272\033o\353G>\275\361H\265\240\232um""\317\324`\214\221\314\000\211K\223+(""\200i \311\372g\254\343ZR0\224\275q\252\357\213\263\206N\357&Q\217\267\303\356I\236\357\264\311b\037\366\035\253\343\311\265\240\327q\206f\262ODi\215-\363>\034\236l\273\005G\316F\217}[\036\007\270:\260\335\271B\241N\345\330\204\327f\361\272Kb\0377p\334\264\237\177~\330]\252+:\317u\302h\n\351\n\364\231\277R\371\356\033y\265v\360Ny\246\332qY\262\231\251\n\305\334\202\305\362\n\367@k\231\016R:\327\242\366\242\253LZY\223$Gw^\203\302\311\316I7\371tTwp}\005|\372\214\251{R`\230V\244-\326I\351\255\325i\335\377\321\353\327\331\302\023\347y\016\263\271\317\306\017UV\314qu?\0064A\315{3D\010\016S\212\2353k0\361\214ID\303g\277\010Y_\001~\021\333\370\255\374\\331\306\255\336)\365Rth\024\t\300.M\315\321S\257\224\252\362\326P\316\303%nX\3742\333\036\004Y\264yG^\234\177\214\305q\237\274G\300a4\275\240s\215\222\210\016\020G\344=-:GK\312\035\271\201\350\376F\260G\347\000\235\365P6pmH\033\373\212c\377o\232\356\320D\002\277,]os{\354/?\312e\006wda\001\023\375\316\025\254\321\244\370+Y`\220\270\254\2601E[FI\310\235<qI \356\032v%\001\230\016\203\200\251UD\347\304\373\034\211\340@\342\033\263\365\356\341\357\350\324\035J\032\177\230\207\220\303+\207\352g\317N\027>\222M\271m\033\236\021:\272\233r\373\233hC}\256\020\210\010\233\335\025[ d(\343\263\327\177\030\246\254H\277\254E\231\006\033_lB\210\264\334Y\322\314\362\320L\000Q\240\317\3502\006,|\364\004\275\034\006\337\370""\330\364\202\314\315\311?\030\260\361u)\336\202\265Y\177X\227$\245tCB\345\314d\231A\300\204\371KJ\036\321\330\014]""EN\266$]\331\226c\351\312\376z\254\214\206B\274&M\032\376v\266\3104u)\r\312\021\273\030jJH\215G4\367f\264\227\2326\315\307\363\323\325\303\032N\256*\307\327 \235\332\207u\210\271\257\306g\231i*\260\326k\001"";   nodeid: ""\260\000\000\000\000\000\000\000\000\000\000\000\000\000\000\000\000\000\000\000\000\000\000\000\000\000\000\000\000\000\000\000\001""; }; "
1750527678553,1750527678553,0,1,2,1,TMLedgerData,"ledgerHash: ""Q;\255\3404\372\225\341L\224\242\200VY\220\355\020\353I\n\363\266\036\311\003OR\250""\032\230\021""; ledgerSeq: 46; type: liBASE; nodes {;   nodedata: ""\000\000\000.\001cEx]\211\377\330\351\312\376z\254\214\206B\274&M\032\376v\266\3104u)\r\312\021\273\030jJH\215G4\367f\000\000\000\000\000\000\000\000\000\000\000\000\000\000\000\000\000\000\000\000\000\000\000\000\000\000\000\000\000\000\000\000r`_\316U\014\361R\023\350\021\361\314\322\317CK\006J\365&\317<\315\305\233\324\205+\002q\000/\351\2538/\351\253@\n\000""; }; nodes {;   nodedata: ""\323C\344\327\264{\312-\017:\006{\177\344N\002\326bO\260\220\006\033\362\345\005U\221DzJ0\001\301\025%1L\307\t\261\262z\374\222T\301\274V\236\223\262\270Ct\362\337b\356\024*\324\320\351\317\002k\336\234\027v\351\217\260\303\360\233ZPZWr\246$w\313\313\r\243r\232\2234\373\3539:N\004Q\245\272D\312D\300\300\t\323\0257\345e\271\na\215{\226\255x%T\257\037\333\004\344_/R\006E\344\037@\210\363\010\336T\226\247'\204_{\261\370""1\235\2445\343\033Y!\212\201\341\272\225'\007M\272r\017\316\260\361`\021\343Ohk\347~V\226\352g\315EP\217\034a\007\007\314\317\347,\277\013\003""; }; ","ledgerHash: ""Q;\255\3404\372\225\341L\224\242\200VY\220\355\020\353I\n\363\266\036\311\003OR\250""\032\230\021""; ledgerSeq: 46; type: liBASE; nodes {;   nodedata: ""\000\000\000.\001cEx]\211\377\330\351\312\376z\254\214\206B\274&M\032\376v\266\3104u)\r\312\021\273\030jJH\215G4\367f\000\000\000\000\000\000\000\000\000\000\000\000\000\000\000\000\000\000\000\000\000\000\000\000\000\000\000\000\000\000\000\000r`_\316U\014\361R\023\350\021\361\314\322\317CK\006J\365&\317<\315\305\233\324\205+\002q\000/\351\2538/\351\253@\n\000""; }; nodes {;   nodedata: ""\323C\344\327\264{\312-\017:\006{\177\344N\002\326bO\260\220\006\033\362\345\005U\221DzJ0\001\301\025%1L\307\t\261\262z\374\222T\301\274V\236\223\262\270Ct\362\337b\356\024*\324\320\351\317\002k\336\234\027v\351\217\260\303\360\233ZPZWr\246$w\313\313\r\243r\232\2234\373\3539:N\004Q\245\272D\312D\300\300\t\323\0257\345e\271\na\215{\226\255x%T\257\037\333\004\344_/R\006E\344\037@\210\363\010\336T\226\247'\204_{\261\370""1\235\2445\343\033Y!\212\201\341\272\225'\007M\272r\017\316\260\361`\021\343Ohk\347~V\226\352g\315EP\217\034a\007\007\314\317\347,\277\013\003""; }; "
1750527678629,1750527678629,0,1,4,2,TMStatusChange,"newEvent: neACCEPTED_LEDGER; ledgerSeq: 46; ledgerHash: ""Q;\255\3404\372\225\341L\224\242\200VY\220\355\020\353I\n\363\266\036\311\003OR\250""\032\230\021""; ledgerHashPrevious: ""\351\312\376z\254\214\206B\274&M\032\376v\266\3104u)\r\312\021\273\030jJH\215G4\367f""; networkTime: 803842878; firstSeq: 1; lastSeq: 45; ","newEvent: neACCEPTED_LEDGER; ledgerSeq: 46; ledgerHash: ""Q;\255\3404\372\225\341L\224\242\200VY\220\355\020\353I\n\363\266\036\311\003OR\250""\032\230\021""; ledgerHashPrevious: ""\351\312\376z\254\214\206B\274&M\032\376v\266\3104u)\r\312\021\273\030jJH\215G4\367f""; networkTime: 803842878; firstSeq: 1; lastSeq: 45; "
1750527678629,1750527678629,0,1,4,1,TMStatusChange,"newEvent: neACCEPTED_LEDGER; ledgerSeq: 46; ledgerHash: ""Q;\255\3404\372\225\341L\224\242\200VY\220\355\020\353I\n\363\266\036\311\003OR\250""\032\230\021""; ledgerHashPrevious: ""\351\312\376z\254\214\206B\274&M\032\376v\266\3104u)\r\312\021\273\030jJH\215G4\367f""; networkTime: 803842878; firstSeq: 1; lastSeq: 45; ","newEvent: neACCEPTED_LEDGER; ledgerSeq: 46; ledgerHash: ""Q;\255\3404\372\225\341L\224\242\200VY\220\355\020\353I\n\363\266\036\311\003OR\250""\032\230\021""; ledgerHashPrevious: ""\351\312\376z\254\214\206B\274&M\032\376v\266\3104u)\r\312\021\273\030jJH\215G4\367f""; networkTime: 803842878; firstSeq: 1; lastSeq: 45; "
1750527678629,1750527678629,0,1,4,3,TMStatusChange,"newEvent: neACCEPTED_LEDGER; ledgerSeq: 46; ledgerHash: ""Q;\255\3404\372\225\341L\224\242\200VY\220\355\020\353I\n\363\266\036\311\003OR\250""\032\230\021""; ledgerHashPrevious: ""\351\312\376z\254\214\206B\274&M\032\376v\266\3104u)\r\312\021\273\030jJH\215G4\367f""; networkTime: 803842878; firstSeq: 1; lastSeq: 45; ","newEvent: neACCEPTED_LEDGER; ledgerSeq: 46; ledgerHash: ""Q;\255\3404\372\225\341L\224\242\200VY\220\355\020\353I\n\363\266\036\311\003OR\250""\032\230\021""; ledgerHashPrevious: ""\351\312\376z\254\214\206B\274&M\032\376v\266\3104u)\r\312\021\273\030jJH\215G4\367f""; networkTime: 803842878; firstSeq: 1; lastSeq: 45; "
1750527678629,1750527678629,0,1,4,0,TMStatusChange,"newEvent: neACCEPTED_LEDGER; ledgerSeq: 46; ledgerHash: ""Q;\255\3404\372\225\341L\224\242\200VY\220\355\020\353I\n\363\266\036\311\003OR\250""\032\230\021""; ledgerHashPrevious: ""\351\312\376z\254\214\206B\274&M\032\376v\266\3104u)\r\312\021\273\030jJH\215G4\367f""; networkTime: 803842878; firstSeq: 1; lastSeq: 45; ","newEvent: neACCEPTED_LEDGER; ledgerSeq: 46; ledgerHash: ""Q;\255\3404\372\225\341L\224\242\200VY\220\355\020\353I\n\363\266\036\311\003OR\250""\032\230\021""; ledgerHashPrevious: ""\351\312\376z\254\214\206B\274&M\032\376v\266\3104u)\r\312\021\273\030jJH\215G4\367f""; networkTime: 803842878; firstSeq: 1; lastSeq: 45; "
1750527678670,1750527678670,0,1,4,2,TMValidation,"validation: """"\200\000\000\001&\000\000\000.)/\351\253>:\r\302\353\023?\373\240rQQ;\255\3404\372\225\341L\224\242\200VY\220\355\020\353I\n\363\266\036\311\003OR\250""\032\230\021P\027\000\000\000\000\000\000\000\000\000\000\000\000\000\000\000\000\000\000\000\000\000\000\000\000\000\000\000\000\000\000\000\000P\031\351\312\376z\254\214\206B\274&M\032\376v\266\3104u)\r\312\021\273\030jJH\215G4\367fs!\003R7o\362bV\300hf\266\241;}\200^\374\240\203[:\342Q\225\221\027y\372\255\235\216\323~vG0E\002!\000\366V\377Y\216\024\375D\016\206i8\035\246\273H\314GcFE\243\354\341\222\330=\216:'\272\217\002 ./\242\017\001[/\367\021\003\262\355\236Y\354\205>b\220\034\021\205\271\200\212s\016<s\0267f""; ","validation: """"\200\000\000\001&\000\000\000.)/\351\253>:\r\302\353\023?\373\240rQQ;\255\3404\372\225\341L\224\242\200VY\220\355\020\353I\n\363\266\036\311\003OR\250""\032\230\021P\027\000\000\000\000\000\000\000\000\000\000\000\000\000\000\000\000\000\000\000\000\000\000\000\000\000\000\000\000\000\000\000\000P\031\351\312\376z\254\214\206B\274&M\032\376v\266\3104u)\r\312\021\273\030jJH\215G4\367fs!\003R7o\362bV\300hf\266\241;}\200^\374\240\203[:\342Q\225\221\027y\372\255\235\216\323~vG0E\002!\000\366V\377Y\216\024\375D\016\206i8\035\246\273H\314GcFE\243\354\341\222\330=\216:'\272\217\002 ./\242\017\001[/\367\021\003\262\355\236Y\354\205>b\220\034\021\205\271\200\212s\016<s\0267f""; "
1750527678670,1750527678670,0,1,4,3,TMValidation,"validation: """"\200\000\000\001&\000\000\000.)/\351\253>:\r\302\353\023?\373\240rQQ;\255\3404\372\225\341L\224\242\200VY\220\355\020\353I\n\363\266\036\311\003OR\250""\032\230\021P\027\000\000\000\000\000\000\000\000\000\000\000\000\000\000\000\000\000\000\000\000\000\000\000\000\000\000\000\000\000\000\000\000P\031\351\312\376z\254\214\206B\274&M\032\376v\266\3104u)\r\312\021\273\030jJH\215G4\367fs!\003R7o\362bV\300hf\266\241;}\200^\374\240\203[:\342Q\225\221\027y\372\255\235\216\323~vG0E\002!\000\366V\377Y\216\024\375D\016\206i8\035\246\273H\314GcFE\243\354\341\222\330=\216:'\272\217\002 ./\242\017\001[/\367\021\003\262\355\236Y\354\205>b\220\034\021\205\271\200\212s\016<s\0267f""; ","validation: """"\200\000\000\001&\000\000\000.)/\351\253>:\r\302\353\023?\373\240rQQ;\255\3404\372\225\341L\224\242\200VY\220\355\020\353I\n\363\266\036\311\003OR\250""\032\230\021P\027\000\000\000\000\000\000\000\000\000\000\000\000\000\000\000\000\000\000\000\000\000\000\000\000\000\000\000\000\000\000\000\000P\031\351\312\376z\254\214\206B\274&M\032\376v\266\3104u)\r\312\021\273\030jJH\215G4\367fs!\003R7o\362bV\300hf\266\241;}\200^\374\240\203[:\342Q\225\221\027y\372\255\235\216\323~vG0E\002!\000\366V\377Y\216\024\375D\016\206i8\035\246\273H\314GcFE\243\354\341\222\330=\216:'\272\217\002 ./\242\017\001[/\367\021\003\262\355\236Y\354\205>b\220\034\021\205\271\200\212s\016<s\0267f""; "
1750527678670,1750527678670,0,1,4,0,TMValidation,"validation: """"\200\000\000\001&\000\000\000.)/\351\253>:\r\302\353\023?\373\240rQQ;\255\3404\372\225\341L\224\242\200VY\220\355\020\353I\n\363\266\036\311\003OR\250""\032\230\021P\027\000\000\000\000\000\000\000\000\000\000\000\000\000\000\000\000\000\000\000\000\000\000\000\000\000\000\000\000\000\000\000\000P\031\351\312\376z\254\214\206B\274&M\032\376v\266\3104u)\r\312\021\273\030jJH\215G4\367fs!\003R7o\362bV\300hf\266\241;}\200^\374\240\203[:\342Q\225\221\027y\372\255\235\216\323~vG0E\002!\000\366V\377Y\216\024\375D\016\206i8\035\246\273H\314GcFE\243\354\341\222\330=\216:'\272\217\002 ./\242\017\001[/\367\021\003\262\355\236Y\354\205>b\220\034\021\205\271\200\212s\016<s\0267f""; ","validation: """"\200\000\000\001&\000\000\000.)/\351\253>:\r\302\353\023?\373\240rQQ;\255\3404\372\225\341L\224\242\200VY\220\355\020\353I\n\363\266\036\311\003OR\250""\032\230\021P\027\000\000\000\000\000\000\000\000\000\000\000\000\000\000\000\000\000\000\000\000\000\000\000\000\000\000\000\000\000\000\000\000P\031\351\312\376z\254\214\206B\274&M\032\376v\266\3104u)\r\312\021\273\030jJH\215G4\367fs!\003R7o\362bV\300hf\266\241;}\200^\374\240\203[:\342Q\225\221\027y\372\255\235\216\323~vG0E\002!\000\366V\377Y\216\024\375D\016\206i8\035\246\273H\314GcFE\243\354\341\222\330=\216:'\272\217\002 ./\242\017\001[/\367\021\003\262\355\236Y\354\205>b\220\034\021\205\271\200\212s\016<s\0267f""; "
1750527678671,1750527678671,0,1,4,1,TMValidation,"validation: """"\200\000\000\001&\000\000\000.)/\351\253>:\r\302\353\023?\373\240rQQ;\255\3404\372\225\341L\224\242\200VY\220\355\020\353I\n\363\266\036\311\003OR\250""\032\230\021P\027\000\000\000\000\000\000\000\000\000\000\000\000\000\000\000\000\000\000\000\000\000\000\000\000\000\000\000\000\000\000\000\000P\031\351\312\376z\254\214\206B\274&M\032\376v\266\3104u)\r\312\021\273\030jJH\215G4\367fs!\003R7o\362bV\300hf\266\241;}\200^\374\240\203[:\342Q\225\221\027y\372\255\235\216\323~vG0E\002!\000\366V\377Y\216\024\375D\016\206i8\035\246\273H\314GcFE\243\354\341\222\330=\216:'\272\217\002 ./\242\017\001[/\367\021\003\262\355\236Y\354\205>b\220\034\021\205\271\200\212s\016<s\0267f""; ","validation: """"\200\000\000\001&\000\000\000.)/\351\253>:\r\302\353\023?\373\240rQQ;\255\3404\372\225\341L\224\242\200VY\220\355\020\353I\n\363\266\036\311\003OR\250""\032\230\021P\027\000\000\000\000\000\000\000\000\000\000\000\000\000\000\000\000\000\000\000\000\000\000\000\000\000\000\000\000\000\000\000\000P\031\351\312\376z\254\214\206B\274&M\032\376v\266\3104u)\r\312\021\273\030jJH\215G4\367fs!\003R7o\362bV\300hf\266\241;}\200^\374\240\203[:\342Q\225\221\027y\372\255\235\216\323~vG0E\002!\000\366V\377Y\216\024\375D\016\206i8\035\246\273H\314GcFE\243\354\341\222\330=\216:'\272\217\002 ./\242\017\001[/\367\021\003\262\355\236Y\354\205>b\220\034\021\205\271\200\212s\016<s\0267f""; "
1750527678672,1750527678672,0,1,2,1,TMValidation,"validation: """"\200\000\000\001&\000\000\000.)/\351\253>:\r\302\353\023?\373\240rQQ;\255\3404\372\225\341L\224\242\200VY\220\355\020\353I\n\363\266\036\311\003OR\250""\032\230\021P\027\000\000\000\000\000\000\000\000\000\000\000\000\000\000\000\000\000\000\000\000\000\000\000\000\000\000\000\000\000\000\000\000P\031\351\312\376z\254\214\206B\274&M\032\376v\266\3104u)\r\312\021\273\030jJH\215G4\367fs!\003R7o\362bV\300hf\266\241;}\200^\374\240\203[:\342Q\225\221\027y\372\255\235\216\323~vG0E\002!\000\366V\377Y\216\024\375D\016\206i8\035\246\273H\314GcFE\243\354\341\222\330=\216:'\272\217\002 ./\242\017\001[/\367\021\003\262\355\236Y\354\205>b\220\034\021\205\271\200\212s\016<s\0267f""; ","validation: """"\200\000\000\001&\000\000\000.)/\351\253>:\r\302\353\023?\373\240rQQ;\255\3404\372\225\341L\224\242\200VY\220\355\020\353I\n\363\266\036\311\003OR\250""\032\230\021P\027\000\000\000\000\000\000\000\000\000\000\000\000\000\000\000\000\000\000\000\000\000\000\000\000\000\000\000\000\000\000\000\000P\031\351\312\376z\254\214\206B\274&M\032\376v\266\3104u)\r\312\021\273\030jJH\215G4\367fs!\003R7o\362bV\300hf\266\241;}\200^\374\240\203[:\342Q\225\221\027y\372\255\235\216\323~vG0E\002!\000\366V\377Y\216\024\375D\016\206i8\035\246\273H\314GcFE\243\354\341\222\330=\216:'\272\217\002 ./\242\017\001[/\367\021\003\262\355\236Y\354\205>b\220\034\021\205\271\200\212s\016<s\0267f""; "
1750527678673,1750527678673,0,1,2,3,TMValidation,"validation: """"\200\000\000\001&\000\000\000.)/\351\253>:\r\302\353\023?\373\240rQQ;\255\3404\372\225\341L\224\242\200VY\220\355\020\353I\n\363\266\036\311\003OR\250""\032\230\021P\027\000\000\000\000\000\000\000\000\000\000\000\000\000\000\000\000\000\000\000\000\000\000\000\000\000\000\000\000\000\000\000\000P\031\351\312\376z\254\214\206B\274&M\032\376v\266\3104u)\r\312\021\273\030jJH\215G4\367fs!\003R7o\362bV\300hf\266\241;}\200^\374\240\203[:\342Q\225\221\027y\372\255\235\216\323~vG0E\002!\000\366V\377Y\216\024\375D\016\206i8\035\246\273H\314GcFE\243\354\341\222\330=\216:'\272\217\002 ./\242\017\001[/\367\021\003\262\355\236Y\354\205>b\220\034\021\205\271\200\212s\016<s\0267f""; ","validation: """"\200\000\000\001&\000\000\000.)/\351\253>:\r\302\353\023?\373\240rQQ;\255\3404\372\225\341L\224\242\200VY\220\355\020\353I\n\363\266\036\311\003OR\250""\032\230\021P\027\000\000\000\000\000\000\000\000\000\000\000\000\000\000\000\000\000\000\000\000\000\000\000\000\000\000\000\000\000\000\000\000P\031\351\312\376z\254\214\206B\274&M\032\376v\266\3104u)\r\312\021\273\030jJH\215G4\367fs!\003R7o\362bV\300hf\266\241;}\200^\374\240\203[:\342Q\225\221\027y\372\255\235\216\323~vG0E\002!\000\366V\377Y\216\024\375D\016\206i8\035\246\273H\314GcFE\243\354\341\222\330=\216:'\272\217\002 ./\242\017\001[/\367\021\003\262\355\236Y\354\205>b\220\034\021\205\271\200\212s\016<s\0267f""; "
1750527678674,1750527678674,0,1,3,0,TMValidation,"validation: """"\200\000\000\001&\000\000\000.)/\351\253>:\r\302\353\023?\373\240rQQ;\255\3404\372\225\341L\224\242\200VY\220\355\020\353I\n\363\266\036\311\003OR\250""\032\230\021P\027\000\000\000\000\000\000\000\000\000\000\000\000\000\000\000\000\000\000\000\000\000\000\000\000\000\000\000\000\000\000\000\000P\031\351\312\376z\254\214\206B\274&M\032\376v\266\3104u)\r\312\021\273\030jJH\215G4\367fs!\003R7o\362bV\300hf\266\241;}\200^\374\240\203[:\342Q\225\221\027y\372\255\235\216\323~vG0E\002!\000\366V\377Y\216\024\375D\016\206i8\035\246\273H\314GcFE\243\354\341\222\330=\216:'\272\217\002 ./\242\017\001[/\367\021\003\262\355\236Y\354\205>b\220\034\021\205\271\200\212s\016<s\0267f""; ","validation: """"\200\000\000\001&\000\000\000.)/\351\253>:\r\302\353\023?\373\240rQQ;\255\3404\372\225\341L\224\242\200VY\220\355\020\353I\n\363\266\036\311\003OR\250""\032\230\021P\027\000\000\000\000\000\000\000\000\000\000\000\000\000\000\000\000\000\000\000\000\000\000\000\000\000\000\000\000\000\000\000\000P\031\351\312\376z\254\214\206B\274&M\032\376v\266\3104u)\r\312\021\273\030jJH\215G4\367fs!\003R7o\362bV\300hf\266\241;}\200^\374\240\203[:\342Q\225\221\027y\372\255\235\216\323~vG0E\002!\000\366V\377Y\216\024\375D\016\206i8\035\246\273H\314GcFE\243\354\341\222\330=\216:'\272\217\002 ./\242\017\001[/\367\021\003\262\355\236Y\354\205>b\220\034\021\205\271\200\212s\016<s\0267f""; "
1750527678673,1750527678673,0,1,2,0,TMValidation,"validation: """"\200\000\000\001&\000\000\000.)/\351\253>:\r\302\353\023?\373\240rQQ;\255\3404\372\225\341L\224\242\200VY\220\355\020\353I\n\363\266\036\311\003OR\250""\032\230\021P\027\000\000\000\000\000\000\000\000\000\000\000\000\000\000\000\000\000\000\000\000\000\000\000\000\000\000\000\000\000\000\000\000P\031\351\312\376z\254\214\206B\274&M\032\376v\266\3104u)\r\312\021\273\030jJH\215G4\367fs!\003R7o\362bV\300hf\266\241;}\200^\374\240\203[:\342Q\225\221\027y\372\255\235\216\323~vG0E\002!\000\366V\377Y\216\024\375D\016\206i8\035\246\273H\314GcFE\243\354\341\222\330=\216:'\272\217\002 ./\242\017\001[/\367\021\003\262\355\236Y\354\205>b\220\034\021\205\271\200\212s\016<s\0267f""; ","validation: """"\200\000\000\001&\000\000\000.)/\351\253>:\r\302\353\023?\373\240rQQ;\255\3404\372\225\341L\224\242\200VY\220\355\020\353I\n\363\266\036\311\003OR\250""\032\230\021P\027\000\000\000\000\000\000\000\000\000\000\000\000\000\000\000\000\000\000\000\000\000\000\000\000\000\000\000\000\000\000\000\000P\031\351\312\376z\254\214\206B\274&M\032\376v\266\3104u)\r\312\021\273\030jJH\215G4\367fs!\003R7o\362bV\300hf\266\241;}\200^\374\240\203[:\342Q\225\221\027y\372\255\235\216\323~vG0E\002!\000\366V\377Y\216\024\375D\016\206i8\035\246\273H\314GcFE\243\354\341\222\330=\216:'\272\217\002 ./\242\017\001[/\367\021\003\262\355\236Y\354\205>b\220\034\021\205\271\200\212s\016<s\0267f""; "
1750527678673,1750527678673,0,1,3,1,TMValidation,"validation: """"\200\000\000\001&\000\000\000.)/\351\253>:\r\302\353\023?\373\240rQQ;\255\3404\372\225\341L\224\242\200VY\220\355\020\353I\n\363\266\036\311\003OR\250""\032\230\021P\027\000\000\000\000\000\000\000\000\000\000\000\000\000\000\000\000\000\000\000\000\000\000\000\000\000\000\000\000\000\000\000\000P\031\351\312\376z\254\214\206B\274&M\032\376v\266\3104u)\r\312\021\273\030jJH\215G4\367fs!\003R7o\362bV\300hf\266\241;}\200^\374\240\203[:\342Q\225\221\027y\372\255\235\216\323~vG0E\002!\000\366V\377Y\216\024\375D\016\206i8\035\246\273H\314GcFE\243\354\341\222\330=\216:'\272\217\002 ./\242\017\001[/\367\021\003\262\355\236Y\354\205>b\220\034\021\205\271\200\212s\016<s\0267f""; ","validation: """"\200\000\000\001&\000\000\000.)/\351\253>:\r\302\353\023?\373\240rQQ;\255\3404\372\225\341L\224\242\200VY\220\355\020\353I\n\363\266\036\311\003OR\250""\032\230\021P\027\000\000\000\000\000\000\000\000\000\000\000\000\000\000\000\000\000\000\000\000\000\000\000\000\000\000\000\000\000\000\000\000P\031\351\312\376z\254\214\206B\274&M\032\376v\266\3104u)\r\312\021\273\030jJH\215G4\367fs!\003R7o\362bV\300hf\266\241;}\200^\374\240\203[:\342Q\225\221\027y\372\255\235\216\323~vG0E\002!\000\366V\377Y\216\024\375D\016\206i8\035\246\273H\314GcFE\243\354\341\222\330=\216:'\272\217\002 ./\242\017\001[/\367\021\003\262\355\236Y\354\205>b\220\034\021\205\271\200\212s\016<s\0267f""; "
1750527678675,1750527678675,0,1,3,2,TMValidation,"validation: """"\200\000\000\001&\000\000\000.)/\351\253>:\r\302\353\023?\373\240rQQ;\255\3404\372\225\341L\224\242\200VY\220\355\020\353I\n\363\266\036\311\003OR\250""\032\230\021P\027\000\000\000\000\000\000\000\000\000\000\000\000\000\000\000\000\000\000\000\000\000\000\000\000\000\000\000\000\000\000\000\000P\031\351\312\376z\254\214\206B\274&M\032\376v\266\3104u)\r\312\021\273\030jJH\215G4\367fs!\003R7o\362bV\300hf\266\241;}\200^\374\240\203[:\342Q\225\221\027y\372\255\235\216\323~vG0E\002!\000\366V\377Y\216\024\375D\016\206i8\035\246\273H\314GcFE\243\354\341\222\330=\216:'\272\217\002 ./\242\017\001[/\367\021\003\262\355\236Y\354\205>b\220\034\021\205\271\200\212s\016<s\0267f""; ","validation: """"\200\000\000\001&\000\000\000.)/\351\253>:\r\302\353\023?\373\240rQQ;\255\3404\372\225\341L\224\242\200VY\220\355\020\353I\n\363\266\036\311\003OR\250""\032\230\021P\027\000\000\000\000\000\000\000\000\000\000\000\000\000\000\000\000\000\000\000\000\000\000\000\000\000\000\000\000\000\000\000\000P\031\351\312\376z\254\214\206B\274&M\032\376v\266\3104u)\r\312\021\273\030jJH\215G4\367fs!\003R7o\362bV\300hf\266\241;}\200^\374\240\203[:\342Q\225\221\027y\372\255\235\216\323~vG0E\002!\000\366V\377Y\216\024\375D\016\206i8\035\246\273H\314GcFE\243\354\341\222\330=\216:'\272\217\002 ./\242\017\001[/\367\021\003\262\355\236Y\354\205>b\220\034\021\205\271\200\212s\016<s\0267f""; "
1750527678675,1750527678675,0,1,0,2,TMValidation,"validation: """"\200\000\000\001&\000\000\000.)/\351\253>:\r\302\353\023?\373\240rQQ;\255\3404\372\225\341L\224\242\200VY\220\355\020\353I\n\363\266\036\311\003OR\250""\032\230\021P\027\000\000\000\000\000\000\000\000\000\000\000\000\000\000\000\000\000\000\000\000\000\000\000\000\000\000\000\000\000\000\000\000P\031\351\312\376z\254\214\206B\274&M\032\376v\266\3104u)\r\312\021\273\030jJH\215G4\367fs!\003R7o\362bV\300hf\266\241;}\200^\374\240\203[:\342Q\225\221\027y\372\255\235\216\323~vG0E\002!\000\366V\377Y\216\024\375D\016\206i8\035\246\273H\314GcFE\243\354\341\222\330=\216:'\272\217\002 ./\242\017\001[/\367\021\003\262\355\236Y\354\205>b\220\034\021\205\271\200\212s\016<s\0267f""; ","validation: """"\200\000\000\001&\000\000\000.)/\351\253>:\r\302\353\023?\373\240rQQ;\255\3404\372\225\341L\224\242\200VY\220\355\020\353I\n\363\266\036\311\003OR\250""\032\230\021P\027\000\000\000\000\000\000\000\000\000\000\000\000\000\000\000\000\000\000\000\000\000\000\000\000\000\000\000\000\000\000\000\000P\031\351\312\376z\254\214\206B\274&M\032\376v\266\3104u)\r\312\021\273\030jJH\215G4\367fs!\003R7o\362bV\300hf\266\241;}\200^\374\240\203[:\342Q\225\221\027y\372\255\235\216\323~vG0E\002!\000\366V\377Y\216\024\375D\016\206i8\035\246\273H\314GcFE\243\354\341\222\330=\216:'\272\217\002 ./\242\017\001[/\367\021\003\262\355\236Y\354\205>b\220\034\021\205\271\200\212s\016<s\0267f""; "
1750527678675,1750527678676,0,1,0,1,TMValidation,"validation: """"\200\000\000\001&\000\000\000.)/\351\253>:\r\302\353\023?\373\240rQQ;\255\3404\372\225\341L\224\242\200VY\220\355\020\353I\n\363\266\036\311\003OR\250""\032\230\021P\027\000\000\000\000\000\000\000\000\000\000\000\000\000\000\000\000\000\000\000\000\000\000\000\000\000\000\000\000\000\000\000\000P\031\351\312\376z\254\214\206B\274&M\032\376v\266\3104u)\r\312\021\273\030jJH\215G4\367fs!\003R7o\362bV\300hf\266\241;}\200^\374\240\203[:\342Q\225\221\027y\372\255\235\216\323~vG0E\002!\000\366V\377Y\216\024\375D\016\206i8\035\246\273H\314GcFE\243\354\341\222\330=\216:'\272\217\002 ./\242\017\001[/\367\021\003\262\355\236Y\354\205>b\220\034\021\205\271\200\212s\016<s\0267f""; ","validation: """"\200\000\000\001&\000\000\000.)/\351\253>:\r\302\353\023?\373\240rQQ;\255\3404\372\225\341L\224\242\200VY\220\355\020\353I\n\363\266\036\311\003OR\250""\032\230\021P\027\000\000\000\000\000\000\000\000\000\000\000\000\000\000\000\000\000\000\000\000\000\000\000\000\000\000\000\000\000\000\000\000P\031\351\312\376z\254\214\206B\274&M\032\376v\266\3104u)\r\312\021\273\030jJH\215G4\367fs!\003R7o\362bV\300hf\266\241;}\200^\374\240\203[:\342Q\225\221\027y\372\255\235\216\323~vG0E\002!\000\366V\377Y\216\024\375D\016\206i8\035\246\273H\314GcFE\243\354\341\222\330=\216:'\272\217\002 ./\242\017\001[/\367\021\003\262\355\236Y\354\205>b\220\034\021\205\271\200\212s\016<s\0267f""; "
1750527678676,1750527678676,0,1,0,3,TMValidation,"validation: """"\200\000\000\001&\000\000\000.)/\351\253>:\r\302\353\023?\373\240rQQ;\255\3404\372\225\341L\224\242\200VY\220\355\020\353I\n\363\266\036\311\003OR\250""\032\230\021P\027\000\000\000\000\000\000\000\000\000\000\000\000\000\000\000\000\000\000\000\000\000\000\000\000\000\000\000\000\000\000\000\000P\031\351\312\376z\254\214\206B\274&M\032\376v\266\3104u)\r\312\021\273\030jJH\215G4\367fs!\003R7o\362bV\300hf\266\241;}\200^\374\240\203[:\342Q\225\221\027y\372\255\235\216\323~vG0E\002!\000\366V\377Y\216\024\375D\016\206i8\035\246\273H\314GcFE\243\354\341\222\330=\216:'\272\217\002 ./\242\017\001[/\367\021\003\262\355\236Y\354\205>b\220\034\021\205\271\200\212s\016<s\0267f""; ","validation: """"\200\000\000\001&\000\000\000.)/\351\253>:\r\302\353\023?\373\240rQQ;\255\3404\372\225\341L\224\242\200VY\220\355\020\353I\n\363\266\036\311\003OR\250""\032\230\021P\027\000\000\000\000\000\000\000\000\000\000\000\000\000\000\000\000\000\000\000\000\000\000\000\000\000\000\000\000\000\000\000\000P\031\351\312\376z\254\214\206B\274&M\032\376v\266\3104u)\r\312\021\273\030jJH\215G4\367fs!\003R7o\362bV\300hf\266\241;}\200^\374\240\203[:\342Q\225\221\027y\372\255\235\216\323~vG0E\002!\000\366V\377Y\216\024\375D\016\206i8\035\246\273H\314GcFE\243\354\341\222\330=\216:'\272\217\002 ./\242\017\001[/\367\021\003\262\355\236Y\354\205>b\220\034\021\205\271\200\212s\016<s\0267f""; "
1750527678676,1750527678676,0,1,1,3,TMValidation,"validation: """"\200\000\000\001&\000\000\000.)/\351\253>:\r\302\353\023?\373\240rQQ;\255\3404\372\225\341L\224\242\200VY\220\355\020\353I\n\363\266\036\311\003OR\250""\032\230\021P\027\000\000\000\000\000\000\000\000\000\000\000\000\000\000\000\000\000\000\000\000\000\000\000\000\000\000\000\000\000\000\000\000P\031\351\312\376z\254\214\206B\274&M\032\376v\266\3104u)\r\312\021\273\030jJH\215G4\367fs!\003R7o\362bV\300hf\266\241;}\200^\374\240\203[:\342Q\225\221\027y\372\255\235\216\323~vG0E\002!\000\366V\377Y\216\024\375D\016\206i8\035\246\273H\314GcFE\243\354\341\222\330=\216:'\272\217\002 ./\242\017\001[/\367\021\003\262\355\236Y\354\205>b\220\034\021\205\271\200\212s\016<s\0267f""; ","validation: """"\200\000\000\001&\000\000\000.)/\351\253>:\r\302\353\023?\373\240rQQ;\255\3404\372\225\341L\224\242\200VY\220\355\020\353I\n\363\266\036\311\003OR\250""\032\230\021P\027\000\000\000\000\000\000\000\000\000\000\000\000\000\000\000\000\000\000\000\000\000\000\000\000\000\000\000\000\000\000\000\000P\031\351\312\376z\254\214\206B\274&M\032\376v\266\3104u)\r\312\021\273\030jJH\215G4\367fs!\003R7o\362bV\300hf\266\241;}\200^\374\240\203[:\342Q\225\221\027y\372\255\235\216\323~vG0E\002!\000\366V\377Y\216\024\375D\016\206i8\035\246\273H\314GcFE\243\354\341\222\330=\216:'\272\217\002 ./\242\017\001[/\367\021\003\262\355\236Y\354\205>b\220\034\021\205\271\200\212s\016<s\0267f""; "
1750527678676,1750527678677,0,1,1,0,TMValidation,"validation: """"\200\000\000\001&\000\000\000.)/\351\253>:\r\302\353\023?\373\240rQQ;\255\3404\372\225\341L\224\242\200VY\220\355\020\353I\n\363\266\036\311\003OR\250""\032\230\021P\027\000\000\000\000\000\000\000\000\000\000\000\000\000\000\000\000\000\000\000\000\000\000\000\000\000\000\000\000\000\000\000\000P\031\351\312\376z\254\214\206B\274&M\032\376v\266\3104u)\r\312\021\273\030jJH\215G4\367fs!\003R7o\362bV\300hf\266\241;}\200^\374\240\203[:\342Q\225\221\027y\372\255\235\216\323~vG0E\002!\000\366V\377Y\216\024\375D\016\206i8\035\246\273H\314GcFE\243\354\341\222\330=\216:'\272\217\002 ./\242\017\001[/\367\021\003\262\355\236Y\354\205>b\220\034\021\205\271\200\212s\016<s\0267f""; ","validation: """"\200\000\000\001&\000\000\000.)/\351\253>:\r\302\353\023?\373\240rQQ;\255\3404\372\225\341L\224\242\200VY\220\355\020\353I\n\363\266\036\311\003OR\250""\032\230\021P\027\000\000\000\000\000\000\000\000\000\000\000\000\000\000\000\000\000\000\000\000\000\000\000\000\000\000\000\000\000\000\000\000P\031\351\312\376z\254\214\206B\274&M\032\376v\266\3104u)\r\312\021\273\030jJH\215G4\367fs!\003R7o\362bV\300hf\266\241;}\200^\374\240\203[:\342Q\225\221\027y\372\255\235\216\323~vG0E\002!\000\366V\377Y\216\024\375D\016\206i8\035\246\273H\314GcFE\243\354\341\222\330=\216:'\272\217\002 ./\242\017\001[/\367\021\003\262\355\236Y\354\205>b\220\034\021\205\271\200\212s\016<s\0267f""; "
1750527678677,1750527678677,0,1,1,2,TMValidation,"validation: """"\200\000\000\001&\000\000\000.)/\351\253>:\r\302\353\023?\373\240rQQ;\255\3404\372\225\341L\224\242\200VY\220\355\020\353I\n\363\266\036\311\003OR\250""\032\230\021P\027\000\000\000\000\000\000\000\000\000\000\000\000\000\000\000\000\000\000\000\000\000\000\000\000\000\000\000\000\000\000\000\000P\031\351\312\376z\254\214\206B\274&M\032\376v\266\3104u)\r\312\021\273\030jJH\215G4\367fs!\003R7o\362bV\300hf\266\241;}\200^\374\240\203[:\342Q\225\221\027y\372\255\235\216\323~vG0E\002!\000\366V\377Y\216\024\375D\016\206i8\035\246\273H\314GcFE\243\354\341\222\330=\216:'\272\217\002 ./\242\017\001[/\367\021\003\262\355\236Y\354\205>b\220\034\021\205\271\200\212s\016<s\0267f""; ","validation: """"\200\000\000\001&\000\000\000.)/\351\253>:\r\302\353\023?\373\240rQQ;\255\3404\372\225\341L\224\242\200VY\220\355\020\353I\n\363\266\036\311\003OR\250""\032\230\021P\027\000\000\000\000\000\000\000\000\000\000\000\000\000\000\000\000\000\000\000\000\000\000\000\000\000\000\000\000\000\000\000\000P\031\351\312\376z\254\214\206B\274&M\032\376v\266\3104u)\r\312\021\273\030jJH\215G4\367fs!\003R7o\362bV\300hf\266\241;}\200^\374\240\203[:\342Q\225\221\027y\372\255\235\216\323~vG0E\002!\000\366V\377Y\216\024\375D\016\206i8\035\246\273H\314GcFE\243\354\341\222\330=\216:'\272\217\002 ./\242\017\001[/\367\021\003\262\355\236Y\354\205>b\220\034\021\205\271\200\212s\016<s\0267f""; "
1750527679510,1750527679510,0,1,3,0,TMProposeSet,"proposeSeq: 0; currentTxHash: ""\000\000\000\000\000\000\000\000\000\000\000\000\000\000\000\000\000\000\000\000\000\000\000\000\000\000\000\000\000\000\000\000""; nodePubKey: ""\002\364d\217\366\217|\316F\232\231\241\n\261\333`\312O\367\235\025DD\336e\367\n\312\326\221\037\025\230""; closeTime: 803842879; signature: ""0E\002!\000\272\004\027p\370\005\342sA\315N\213\300s\254xT\3708\275\230\267\337\333\314\365PzL\227e\024\002 V\324\205\030\200h\334{\230\321\311^\007\2008\315Ge\275\256\314s\221\251u1B\343e\220u\311""; previousledger: ""Q;\255\3404\372\225\341L\224\242\200VY\220\355\020\353I\n\363\266\036\311\003OR\250""\032\230\021""; ","proposeSeq: 0; currentTxHash: ""\000\000\000\000\000\000\000\000\000\000\000\000\000\000\000\000\000\000\000\000\000\000\000\000\000\000\000\000\000\000\000\000""; nodePubKey: ""\002\364d\217\366\217|\316F\232\231\241\n\261\333`\312O\367\235\025DD\336e\367\n\312\326\221\037\025\230""; closeTime: 803842879; signature: ""0E\002!\000\272\004\027p\370\005\342sA\315N\213\300s\254xT\3708\275\230\267\337\333\314\365PzL\227e\024\002 V\324\205\030\200h\334{\230\321\311^\007\2008\315Ge\275\256\314s\221\251u1B\343e\220u\311""; previousledger: ""Q;\255\3404\372\225\341L\224\242\200VY\220\355\020\353I\n\363\266\036\311\003OR\250""\032\230\021""; "
1750527679510,1750527679511,0,1,3,2,TMProposeSet,"proposeSeq: 0; currentTxHash: ""\000\000\000\000\000\000\000\000\000\000\000\000\000\000\000\000\000\000\000\000\000\000\000\000\000\000\000\000\000\000\000\000""; nodePubKey: ""\002\364d\217\366\217|\316F\232\231\241\n\261\333`\312O\367\235\025DD\336e\367\n\312\326\221\037\025\230""; closeTime: 803842879; signature: ""0E\002!\000\272\004\027p\370\005\342sA\315N\213\300s\254xT\3708\275\230\267\337\333\314\365PzL\227e\024\002 V\324\205\030\200h\334{\230\321\311^\007\2008\315Ge\275\256\314s\221\251u1B\343e\220u\311""; previousledger: ""Q;\255\3404\372\225\341L\224\242\200VY\220\355\020\353I\n\363\266\036\311\003OR\250""\032\230\021""; ","proposeSeq: 0; currentTxHash: ""\000\000\000\000\000\000\000\000\000\000\000\000\000\000\000\000\000\000\000\000\000\000\000\000\000\000\000\000\000\000\000\000""; nodePubKey: ""\002\364d\217\366\217|\316F\232\231\241\n\261\333`\312O\367\235\025DD\336e\367\n\312\326\221\037\025\230""; closeTime: 803842879; signature: ""0E\002!\000\272\004\027p\370\005\342sA\315N\213\300s\254xT\3708\275\230\267\337\333\314\365PzL\227e\024\002 V\324\205\030\200h\334{\230\321\311^\007\2008\315Ge\275\256\314s\221\251u1B\343e\220u\311""; previousledger: ""Q;\255\3404\372\225\341L\224\242\200VY\220\355\020\353I\n\363\266\036\311\003OR\250""\032\230\021""; "
1750527679512,1750527679512,0,1,3,4,TMProposeSet,"proposeSeq: 0; currentTxHash: ""\000\000\000\000\000\000\000\000\000\000\000\000\000\000\000\000\000\000\000\000\000\000\000\000\000\000\000\000\000\000\000\000""; nodePubKey: ""\002\364d\217\366\217|\316F\232\231\241\n\261\333`\312O\367\235\025DD\336e\367\n\312\326\221\037\025\230""; closeTime: 803842879; signature: ""0E\002!\000\272\004\027p\370\005\342sA\315N\213\300s\254xT\3708\275\230\267\337\333\314\365PzL\227e\024\002 V\324\205\030\200h\334{\230\321\311^\007\2008\315Ge\275\256\314s\221\251u1B\343e\220u\311""; previousledger: ""Q;\255\3404\372\225\341L\224\242\200VY\220\355\020\353I\n\363\266\036\311\003OR\250""\032\230\021""; ","proposeSeq: 0; currentTxHash: ""\000\000\000\000\000\000\000\000\000\000\000\000\000\000\000\000\000\000\000\000\000\000\000\000\000\000\000\000\000\000\000\000""; nodePubKey: ""\002\364d\217\366\217|\316F\232\231\241\n\261\333`\312O\367\235\025DD\336e\367\n\312\326\221\037\025\230""; closeTime: 803842879; signature: ""0E\002!\000\272\004\027p\370\005\342sA\315N\213\300s\254xT\3708\275\230\267\337\333\314\365PzL\227e\024\002 V\324\205\030\200h\334{\230\321\311^\007\2008\315Ge\275\256\314s\221\251u1B\343e\220u\311""; previousledger: ""Q;\255\3404\372\225\341L\224\242\200VY\220\355\020\353I\n\363\266\036\311\003OR\250""\032\230\021""; "
1750527679512,1750527679512,0,1,3,1,TMProposeSet,"proposeSeq: 0; currentTxHash: ""\000\000\000\000\000\000\000\000\000\000\000\000\000\000\000\000\000\000\000\000\000\000\000\000\000\000\000\000\000\000\000\000""; nodePubKey: ""\002\364d\217\366\217|\316F\232\231\241\n\261\333`\312O\367\235\025DD\336e\367\n\312\326\221\037\025\230""; closeTime: 803842879; signature: ""0E\002!\000\272\004\027p\370\005\342sA\315N\213\300s\254xT\3708\275\230\267\337\333\314\365PzL\227e\024\002 V\324\205\030\200h\334{\230\321\311^\007\2008\315Ge\275\256\314s\221\251u1B\343e\220u\311""; previousledger: ""Q;\255\3404\372\225\341L\224\242\200VY\220\355\020\353I\n\363\266\036\311\003OR\250""\032\230\021""; ","proposeSeq: 0; currentTxHash: ""\000\000\000\000\000\000\000\000\000\000\000\000\000\000\000\000\000\000\000\000\000\000\000\000\000\000\000\000\000\000\000\000""; nodePubKey: ""\002\364d\217\366\217|\316F\232\231\241\n\261\333`\312O\367\235\025DD\336e\367\n\312\326\221\037\025\230""; closeTime: 803842879; signature: ""0E\002!\000\272\004\027p\370\005\342sA\315N\213\300s\254xT\3708\275\230\267\337\333\314\365PzL\227e\024\002 V\324\205\030\200h\334{\230\321\311^\007\2008\315Ge\275\256\314s\221\251u1B\343e\220u\311""; previousledger: ""Q;\255\3404\372\225\341L\224\242\200VY\220\355\020\353I\n\363\266\036\311\003OR\250""\032\230\021""; "
1750527679514,1750527679514,0,1,4,2,TMProposeSet,"proposeSeq: 0; currentTxHash: ""\000\000\000\000\000\000\000\000\000\000\000\000\000\000\000\000\000\000\000\000\000\000\000\000\000\000\000\000\000\000\000\000""; nodePubKey: ""\002\364d\217\366\217|\316F\232\231\241\n\261\333`\312O\367\235\025DD\336e\367\n\312\326\221\037\025\230""; closeTime: 803842879; signature: ""0E\002!\000\272\004\027p\370\005\342sA\315N\213\300s\254xT\3708\275\230\267\337\333\314\365PzL\227e\024\002 V\324\205\030\200h\334{\230\321\311^\007\2008\315Ge\275\256\314s\221\251u1B\343e\220u\311""; previousledger: ""Q;\255\3404\372\225\341L\224\242\200VY\220\355\020\353I\n\363\266\036\311\003OR\250""\032\230\021""; ","proposeSeq: 0; currentTxHash: ""\000\000\000\000\000\000\000\000\000\000\000\000\000\000\000\000\000\000\000\000\000\000\000\000\000\000\000\000\000\000\000\000""; nodePubKey: ""\002\364d\217\366\217|\316F\232\231\241\n\261\333`\312O\367\235\025DD\336e\367\n\312\326\221\037\025\230""; closeTime: 803842879; signature: ""0E\002!\000\272\004\027p\370\005\342sA\315N\213\300s\254xT\3708\275\230\267\337\333\314\365PzL\227e\024\002 V\324\205\030\200h\334{\230\321\311^\007\2008\315Ge\275\256\314s\221\251u1B\343e\220u\311""; previousledger: ""Q;\255\3404\372\225\341L\224\242\200VY\220\355\020\353I\n\363\266\036\311\003OR\250""\032\230\021""; "
1750527679514,1750527679515,0,1,4,0,TMProposeSet,"proposeSeq: 0; currentTxHash: ""\000\000\000\000\000\000\000\000\000\000\000\000\000\000\000\000\000\000\000\000\000\000\000\000\000\000\000\000\000\000\000\000""; nodePubKey: ""\002\364d\217\366\217|\316F\232\231\241\n\261\333`\312O\367\235\025DD\336e\367\n\312\326\221\037\025\230""; closeTime: 803842879; signature: ""0E\002!\000\272\004\027p\370\005\342sA\315N\213\300s\254xT\3708\275\230\267\337\333\314\365PzL\227e\024\002 V\324\205\030\200h\334{\230\321\311^\007\2008\315Ge\275\256\314s\221\251u1B\343e\220u\311""; previousledger: ""Q;\255\3404\372\225\341L\224\242\200VY\220\355\020\353I\n\363\266\036\311\003OR\250""\032\230\021""; ","proposeSeq: 0; currentTxHash: ""\000\000\000\000\000\000\000\000\000\000\000\000\000\000\000\000\000\000\000\000\000\000\000\000\000\000\000\000\000\000\000\000""; nodePubKey: ""\002\364d\217\366\217|\316F\232\231\241\n\261\333`\312O\367\235\025DD\336e\367\n\312\326\221\037\025\230""; closeTime: 803842879; signature: ""0E\002!\000\272\004\027p\370\005\342sA\315N\213\300s\254xT\3708\275\230\267\337\333\314\365PzL\227e\024\002 V\324\205\030\200h\334{\230\321\311^\007\2008\315Ge\275\256\314s\221\251u1B\343e\220u\311""; previousledger: ""Q;\255\3404\372\225\341L\224\242\200VY\220\355\020\353I\n\363\266\036\311\003OR\250""\032\230\021""; "
1750527679515,1750527679515,0,1,4,1,TMProposeSet,"proposeSeq: 0; currentTxHash: ""\000\000\000\000\000\000\000\000\000\000\000\000\000\000\000\000\000\000\000\000\000\000\000\000\000\000\000\000\000\000\000\000""; nodePubKey: ""\002\364d\217\366\217|\316F\232\231\241\n\261\333`\312O\367\235\025DD\336e\367\n\312\326\221\037\025\230""; closeTime: 803842879; signature: ""0E\002!\000\272\004\027p\370\005\342sA\315N\213\300s\254xT\3708\275\230\267\337\333\314\365PzL\227e\024\002 V\324\205\030\200h\334{\230\321\311^\007\2008\315Ge\275\256\314s\221\251u1B\343e\220u\311""; previousledger: ""Q;\255\3404\372\225\341L\224\242\200VY\220\355\020\353I\n\363\266\036\311\003OR\250""\032\230\021""; ","proposeSeq: 0; currentTxHash: ""\000\000\000\000\000\000\000\000\000\000\000\000\000\000\000\000\000\000\000\000\000\000\000\000\000\000\000\000\000\000\000\000""; nodePubKey: ""\002\364d\217\366\217|\316F\232\231\241\n\261\333`\312O\367\235\025DD\336e\367\n\312\326\221\037\025\230""; closeTime: 803842879; signature: ""0E\002!\000\272\004\027p\370\005\342sA\315N\213\300s\254xT\3708\275\230\267\337\333\314\365PzL\227e\024\002 V\324\205\030\200h\334{\230\321\311^\007\2008\315Ge\275\256\314s\221\251u1B\343e\220u\311""; previousledger: ""Q;\255\3404\372\225\341L\224\242\200VY\220\355\020\353I\n\363\266\036\311\003OR\250""\032\230\021""; "
1750527679468,1750527679527,0,1,3,2,TMStatusChange,"newEvent: neCLOSING_LEDGER; ledgerSeq: 46; ledgerHash: ""Q;\255\3404\372\225\341L\224\242\200VY\220\355\020\353I\n\363\266\036\311\003OR\250""\032\230\021""; ledgerHashPrevious: ""\351\312\376z\254\214\206B\274&M\032\376v\266\3104u)\r\312\021\273\030jJH\215G4\367f""; networkTime: 803842879; firstSeq: 1; lastSeq: 46; ","newEvent: neCLOSING_LEDGER; ledgerSeq: 46; ledgerHash: ""Q;\255\3404\372\225\341L\224\242\200VY\220\355\020\353I\n\363\266\036\311\003OR\250""\032\230\021""; ledgerHashPrevious: ""\351\312\376z\254\214\206B\274&M\032\376v\266\3104u)\r\312\021\273\030jJH\215G4\367f""; networkTime: 803842879; firstSeq: 1; lastSeq: 46; "
1750527679469,1750527679528,0,1,3,0,TMStatusChange,"newEvent: neCLOSING_LEDGER; ledgerSeq: 46; ledgerHash: ""Q;\255\3404\372\225\341L\224\242\200VY\220\355\020\353I\n\363\266\036\311\003OR\250""\032\230\021""; ledgerHashPrevious: ""\351\312\376z\254\214\206B\274&M\032\376v\266\3104u)\r\312\021\273\030jJH\215G4\367f""; networkTime: 803842879; firstSeq: 1; lastSeq: 46; ","newEvent: neCLOSING_LEDGER; ledgerSeq: 46; ledgerHash: ""Q;\255\3404\372\225\341L\224\242\200VY\220\355\020\353I\n\363\266\036\311\003OR\250""\032\230\021""; ledgerHashPrevious: ""\351\312\376z\254\214\206B\274&M\032\376v\266\3104u)\r\312\021\273\030jJH\215G4\367f""; networkTime: 803842879; firstSeq: 1; lastSeq: 46; "
1750527679468,1750527679528,0,1,3,4,TMStatusChange,"newEvent: neCLOSING_LEDGER; ledgerSeq: 46; ledgerHash: ""Q;\255\3404\372\225\341L\224\242\200VY\220\355\020\353I\n\363\266\036\311\003OR\250""\032\230\021""; ledgerHashPrevious: ""\351\312\376z\254\214\206B\274&M\032\376v\266\3104u)\r\312\021\273\030jJH\215G4\367f""; networkTime: 803842879; firstSeq: 1; lastSeq: 46; ","newEvent: neCLOSING_LEDGER; ledgerSeq: 46; ledgerHash: ""Q;\255\3404\372\225\341L\224\242\200VY\220\355\020\353I\n\363\266\036\311\003OR\250""\032\230\021""; ledgerHashPrevious: ""\351\312\376z\254\214\206B\274&M\032\376v\266\3104u)\r\312\021\273\030jJH\215G4\367f""; networkTime: 803842879; firstSeq: 1; lastSeq: 46; "
1750527679468,1750527679527,0,1,3,1,TMStatusChange,"newEvent: neCLOSING_LEDGER; ledgerSeq: 46; ledgerHash: ""Q;\255\3404\372\225\341L\224\242\200VY\220\355\020\353I\n\363\266\036\311\003OR\250""\032\230\021""; ledgerHashPrevious: ""\351\312\376z\254\214\206B\274&M\032\376v\266\3104u)\r\312\021\273\030jJH\215G4\367f""; networkTime: 803842879; firstSeq: 1; lastSeq: 46; ","newEvent: neCLOSING_LEDGER; ledgerSeq: 46; ledgerHash: ""Q;\255\3404\372\225\341L\224\242\200VY\220\355\020\353I\n\363\266\036\311\003OR\250""\032\230\021""; ledgerHashPrevious: ""\351\312\376z\254\214\206B\274&M\032\376v\266\3104u)\r\312\021\273\030jJH\215G4\367f""; networkTime: 803842879; firstSeq: 1; lastSeq: 46; "
1750527679630,1750527679630,0,1,4,2,TMProposeSet,"proposeSeq: 0; currentTxHash: ""\000\000\000\000\000\000\000\000\000\000\000\000\000\000\000\000\000\000\000\000\000\000\000\000\000\000\000\000\000\000\000\000""; nodePubKey: ""\003R7o\362bV\300hf\266\241;}\200^\374\240\203[:\342Q\225\221\027y\372\255\235\216\323~""; closeTime: 803842879; signature: ""0E\002!\000\347J\240\326(\252\364\rf{#K6\316+=\2535+\325\374\343\036(W\340\263\004\316\200\346\267\002 \033\324Q\255\216\177\345\255\207^\247v$\206\336\305*=\204\t*\0068\275B\203\376>z\254\236\035""; previousledger: ""Q;\255\3404\372\225\341L\224\242\200VY\220\355\020\353I\n\363\266\036\311\003OR\250""\032\230\021""; ","proposeSeq: 0; currentTxHash: ""\000\000\000\000\000\000\000\000\000\000\000\000\000\000\000\000\000\000\000\000\000\000\000\000\000\000\000\000\000\000\000\000""; nodePubKey: ""\003R7o\362bV\300hf\266\241;}\200^\374\240\203[:\342Q\225\221\027y\372\255\235\216\323~""; closeTime: 803842879; signature: ""0E\002!\000\347J\240\326(\252\364\rf{#K6\316+=\2535+\325\374\343\036(W\340\263\004\316\200\346\267\002 \033\324Q\255\216\177\345\255\207^\247v$\206\336\305*=\204\t*\0068\275B\203\376>z\254\236\035""; previousledger: ""Q;\255\3404\372\225\341L\224\242\200VY\220\355\020\353I\n\363\266\036\311\003OR\250""\032\230\021""; "
1750527679631,1750527679631,0,1,4,3,TMProposeSet,"proposeSeq: 0; currentTxHash: ""\000\000\000\000\000\000\000\000\000\000\000\000\000\000\000\000\000\000\000\000\000\000\000\000\000\000\000\000\000\000\000\000""; nodePubKey: ""\003R7o\362bV\300hf\266\241;}\200^\374\240\203[:\342Q\225\221\027y\372\255\235\216\323~""; closeTime: 803842879; signature: ""0E\002!\000\347J\240\326(\252\364\rf{#K6\316+=\2535+\325\374\343\036(W\340\263\004\316\200\346\267\002 \033\324Q\255\216\177\345\255\207^\247v$\206\336\305*=\204\t*\0068\275B\203\376>z\254\236\035""; previousledger: ""Q;\255\3404\372\225\341L\224\242\200VY\220\355\020\353I\n\363\266\036\311\003OR\250""\032\230\021""; ","proposeSeq: 0; currentTxHash: ""\000\000\000\000\000\000\000\000\000\000\000\000\000\000\000\000\000\000\000\000\000\000\000\000\000\000\000\000\000\000\000\000""; nodePubKey: ""\003R7o\362bV\300hf\266\241;}\200^\374\240\203[:\342Q\225\221\027y\372\255\235\216\323~""; closeTime: 803842879; signature: ""0E\002!\000\347J\240\326(\252\364\rf{#K6\316+=\2535+\325\374\343\036(W\340\263\004\316\200\346\267\002 \033\324Q\255\216\177\345\255\207^\247v$\206\336\305*=\204\t*\0068\275B\203\376>z\254\236\035""; previousledger: ""Q;\255\3404\372\225\341L\224\242\200VY\220\355\020\353I\n\363\266\036\311\003OR\250""\032\230\021""; "
1750527679630,1750527679631,0,1,4,1,TMProposeSet,"proposeSeq: 0; currentTxHash: ""\000\000\000\000\000\000\000\000\000\000\000\000\000\000\000\000\000\000\000\000\000\000\000\000\000\000\000\000\000\000\000\000""; nodePubKey: ""\003R7o\362bV\300hf\266\241;}\200^\374\240\203[:\342Q\225\221\027y\372\255\235\216\323~""; closeTime: 803842879; signature: ""0E\002!\000\347J\240\326(\252\364\rf{#K6\316+=\2535+\325\374\343\036(W\340\263\004\316\200\346\267\002 \033\324Q\255\216\177\345\255\207^\247v$\206\336\305*=\204\t*\0068\275B\203\376>z\254\236\035""; previousledger: ""Q;\255\3404\372\225\341L\224\242\200VY\220\355\020\353I\n\363\266\036\311\003OR\250""\032\230\021""; ","proposeSeq: 0; currentTxHash: ""\000\000\000\000\000\000\000\000\000\000\000\000\000\000\000\000\000\000\000\000\000\000\000\000\000\000\000\000\000\000\000\000""; nodePubKey: ""\003R7o\362bV\300hf\266\241;}\200^\374\240\203[:\342Q\225\221\027y\372\255\235\216\323~""; closeTime: 803842879; signature: ""0E\002!\000\347J\240\326(\252\364\rf{#K6\316+=\2535+\325\374\343\036(W\340\263\004\316\200\346\267\002 \033\324Q\255\216\177\345\255\207^\247v$\206\336\305*=\204\t*\0068\275B\203\376>z\254\236\035""; previousledger: ""Q;\255\3404\372\225\341L\224\242\200VY\220\355\020\353I\n\363\266\036\311\003OR\250""\032\230\021""; "
1750527679632,1750527679632,0,1,4,0,TMProposeSet,"proposeSeq: 0; currentTxHash: ""\000\000\000\000\000\000\000\000\000\000\000\000\000\000\000\000\000\000\000\000\000\000\000\000\000\000\000\000\000\000\000\000""; nodePubKey: ""\003R7o\362bV\300hf\266\241;}\200^\374\240\203[:\342Q\225\221\027y\372\255\235\216\323~""; closeTime: 803842879; signature: ""0E\002!\000\347J\240\326(\252\364\rf{#K6\316+=\2535+\325\374\343\036(W\340\263\004\316\200\346\267\002 \033\324Q\255\216\177\345\255\207^\247v$\206\336\305*=\204\t*\0068\275B\203\376>z\254\236\035""; previousledger: ""Q;\255\3404\372\225\341L\224\242\200VY\220\355\020\353I\n\363\266\036\311\003OR\250""\032\230\021""; ","proposeSeq: 0; currentTxHash: ""\000\000\000\000\000\000\000\000\000\000\000\000\000\000\000\000\000\000\000\000\000\000\000\000\000\000\000\000\000\000\000\000""; nodePubKey: ""\003R7o\362bV\300hf\266\241;}\200^\374\240\203[:\342Q\225\221\027y\372\255\235\216\323~""; closeTime: 803842879; signature: ""0E\002!\000\347J\240\326(\252\364\rf{#K6\316+=\2535+\325\374\343\036(W\340\263\004\316\200\346\267\002 \033\324Q\255\216\177\345\255\207^\247v$\206\336\305*=\204\t*\0068\275B\203\376>z\254\236\035""; previousledger: ""Q;\255\3404\372\225\341L\224\242\200VY\220\355\020\353I\n\363\266\036\311\003OR\250""\032\230\021""; "
1750527679633,1750527679633,0,1,3,2,TMProposeSet,"proposeSeq: 0; currentTxHash: ""\000\000\000\000\000\000\000\000\000\000\000\000\000\000\000\000\000\000\000\000\000\000\000\000\000\000\000\000\000\000\000\000""; nodePubKey: ""\003R7o\362bV\300hf\266\241;}\200^\374\240\203[:\342Q\225\221\027y\372\255\235\216\323~""; closeTime: 803842879; signature: ""0E\002!\000\347J\240\326(\252\364\rf{#K6\316+=\2535+\325\374\343\036(W\340\263\004\316\200\346\267\002 \033\324Q\255\216\177\345\255\207^\247v$\206\336\305*=\204\t*\0068\275B\203\376>z\254\236\035""; previousledger: ""Q;\255\3404\372\225\341L\224\242\200VY\220\355\020\353I\n\363\266\036\311\003OR\250""\032\230\021""; ","proposeSeq: 0; currentTxHash: ""\000\000\000\000\000\000\000\000\000\000\000\000\000\000\000\000\000\000\000\000\000\000\000\000\000\000\000\000\000\000\000\000""; nodePubKey: ""\003R7o\362bV\300hf\266\241;}\200^\374\240\203[:\342Q\225\221\027y\372\255\235\216\323~""; closeTime: 803842879; signature: ""0E\002!\000\347J\240\326(\252\364\rf{#K6\316+=\2535+\325\374\343\036(W\340\263\004\316\200\346\267\002 \033\324Q\255\216\177\345\255\207^\247v$\206\336\305*=\204\t*\0068\275B\203\376>z\254\236\035""; previousledger: ""Q;\255\3404\372\225\341L\224\242\200VY\220\355\020\353I\n\363\266\036\311\003OR\250""\032\230\021""; "
1750527679634,1750527679634,0,1,3,0,TMProposeSet,"proposeSeq: 0; currentTxHash: ""\000\000\000\000\000\000\000\000\000\000\000\000\000\000\000\000\000\000\000\000\000\000\000\000\000\000\000\000\000\000\000\000""; nodePubKey: ""\003R7o\362bV\300hf\266\241;}\200^\374\240\203[:\342Q\225\221\027y\372\255\235\216\323~""; closeTime: 803842879; signature: ""0E\002!\000\347J\240\326(\252\364\rf{#K6\316+=\2535+\325\374\343\036(W\340\263\004\316\200\346\267\002 \033\324Q\255\216\177\345\255\207^\247v$\206\336\305*=\204\t*\0068\275B\203\376>z\254\236\035""; previousledger: ""Q;\255\3404\372\225\341L\224\242\200VY\220\355\020\353I\n\363\266\036\311\003OR\250""\032\230\021""; ","proposeSeq: 0; currentTxHash: ""\000\000\000\000\000\000\000\000\000\000\000\000\000\000\000\000\000\000\000\000\000\000\000\000\000\000\000\000\000\000\000\000""; nodePubKey: ""\003R7o\362bV\300hf\266\241;}\200^\374\240\203[:\342Q\225\221\027y\372\255\235\216\323~""; closeTime: 803842879; signature: ""0E\002!\000\347J\240\326(\252\364\rf{#K6\316+=\2535+\325\374\343\036(W\340\263\004\316\200\346\267\002 \033\324Q\255\216\177\345\255\207^\247v$\206\336\305*=\204\t*\0068\275B\203\376>z\254\236\035""; previousledger: ""Q;\255\3404\372\225\341L\224\242\200VY\220\355\020\353I\n\363\266\036\311\003OR\250""\032\230\021""; "
1750527679634,1750527679634,0,1,3,1,TMProposeSet,"proposeSeq: 0; currentTxHash: ""\000\000\000\000\000\000\000\000\000\000\000\000\000\000\000\000\000\000\000\000\000\000\000\000\000\000\000\000\000\000\000\000""; nodePubKey: ""\003R7o\362bV\300hf\266\241;}\200^\374\240\203[:\342Q\225\221\027y\372\255\235\216\323~""; closeTime: 803842879; signature: ""0E\002!\000\347J\240\326(\252\364\rf{#K6\316+=\2535+\325\374\343\036(W\340\263\004\316\200\346\267\002 \033\324Q\255\216\177\345\255\207^\247v$\206\336\305*=\204\t*\0068\275B\203\376>z\254\236\035""; previousledger: ""Q;\255\3404\372\225\341L\224\242\200VY\220\355\020\353I\n\363\266\036\311\003OR\250""\032\230\021""; ","proposeSeq: 0; currentTxHash: ""\000\000\000\000\000\000\000\000\000\000\000\000\000\000\000\000\000\000\000\000\000\000\000\000\000\000\000\000\000\000\000\000""; nodePubKey: ""\003R7o\362bV\300hf\266\241;}\200^\374\240\203[:\342Q\225\221\027y\372\255\235\216\323~""; closeTime: 803842879; signature: ""0E\002!\000\347J\240\326(\252\364\rf{#K6\316+=\2535+\325\374\343\036(W\340\263\004\316\200\346\267\002 \033\324Q\255\216\177\345\255\207^\247v$\206\336\305*=\204\t*\0068\275B\203\376>z\254\236\035""; previousledger: ""Q;\255\3404\372\225\341L\224\242\200VY\220\355\020\353I\n\363\266\036\311\003OR\250""\032\230\021""; "
1750527679629,1750527679689,0,1,4,3,TMStatusChange,"newEvent: neCLOSING_LEDGER; ledgerSeq: 46; ledgerHash: ""Q;\255\3404\372\225\341L\224\242\200VY\220\355\020\353I\n\363\266\036\311\003OR\250""\032\230\021""; ledgerHashPrevious: ""\351\312\376z\254\214\206B\274&M\032\376v\266\3104u)\r\312\021\273\030jJH\215G4\367f""; networkTime: 803842879; firstSeq: 1; lastSeq: 46; ","newEvent: neCLOSING_LEDGER; ledgerSeq: 46; ledgerHash: ""Q;\255\3404\372\225\341L\224\242\200VY\220\355\020\353I\n\363\266\036\311\003OR\250""\032\230\021""; ledgerHashPrevious: ""\351\312\376z\254\214\206B\274&M\032\376v\266\3104u)\r\312\021\273\030jJH\215G4\367f""; networkTime: 803842879; firstSeq: 1; lastSeq: 46; "
1750527679630,1750527679689,0,1,4,2,TMStatusChange,"newEvent: neCLOSING_LEDGER; ledgerSeq: 46; ledgerHash: ""Q;\255\3404\372\225\341L\224\242\200VY\220\355\020\353I\n\363\266\036\311\003OR\250""\032\230\021""; ledgerHashPrevious: ""\351\312\376z\254\214\206B\274&M\032\376v\266\3104u)\r\312\021\273\030jJH\215G4\367f""; networkTime: 803842879; firstSeq: 1; lastSeq: 46; ","newEvent: neCLOSING_LEDGER; ledgerSeq: 46; ledgerHash: ""Q;\255\3404\372\225\341L\224\242\200VY\220\355\020\353I\n\363\266\036\311\003OR\250""\032\230\021""; ledgerHashPrevious: ""\351\312\376z\254\214\206B\274&M\032\376v\266\3104u)\r\312\021\273\030jJH\215G4\367f""; networkTime: 803842879; firstSeq: 1; lastSeq: 46; "
1750527679632,1750527679690,0,1,4,0,TMStatusChange,"newEvent: neCLOSING_LEDGER; ledgerSeq: 46; ledgerHash: ""Q;\255\3404\372\225\341L\224\242\200VY\220\355\020\353I\n\363\266\036\311\003OR\250""\032\230\021""; ledgerHashPrevious: ""\351\312\376z\254\214\206B\274&M\032\376v\266\3104u)\r\312\021\273\030jJH\215G4\367f""; networkTime: 803842879; firstSeq: 1; lastSeq: 46; ","newEvent: neCLOSING_LEDGER; ledgerSeq: 46; ledgerHash: ""Q;\255\3404\372\225\341L\224\242\200VY\220\355\020\353I\n\363\266\036\311\003OR\250""\032\230\021""; ledgerHashPrevious: ""\351\312\376z\254\214\206B\274&M\032\376v\266\3104u)\r\312\021\273\030jJH\215G4\367f""; networkTime: 803842879; firstSeq: 1; lastSeq: 46; "
1750527679632,1750527679689,0,1,4,1,TMStatusChange,"newEvent: neCLOSING_LEDGER; ledgerSeq: 46; ledgerHash: ""Q;\255\3404\372\225\341L\224\242\200VY\220\355\020\353I\n\363\266\036\311\003OR\250""\032\230\021""; ledgerHashPrevious: ""\351\312\376z\254\214\206B\274&M\032\376v\266\3104u)\r\312\021\273\030jJH\215G4\367f""; networkTime: 803842879; firstSeq: 1; lastSeq: 46; ","newEvent: neCLOSING_LEDGER; ledgerSeq: 46; ledgerHash: ""Q;\255\3404\372\225\341L\224\242\200VY\220\355\020\353I\n\363\266\036\311\003OR\250""\032\230\021""; ledgerHashPrevious: ""\351\312\376z\254\214\206B\274&M\032\376v\266\3104u)\r\312\021\273\030jJH\215G4\367f""; networkTime: 803842879; firstSeq: 1; lastSeq: 46; "
1750527680699,1750527680738,0,1,1,4,TMStatusChange,"newEvent: neCLOSING_LEDGER; ledgerSeq: 14; ledgerHash: ""r5V`\342WB\225\022\264\377\027\366m\353L\212_\304\2271c\333~]\222R\037\017\006\347\370""; ledgerHashPrevious: ""<\327\304JT*\320""\007\201l\357[\\227ps\341\177(\335\333&R\276\033\202\032\346\375*\254""; networkTime: 803842880; firstSeq: 1; lastSeq: 46; ","newEvent: neCLOSING_LEDGER; ledgerSeq: 14; ledgerHash: ""r5V`\342WB\225\022\264\377\027\366m\353L\212_\304\2271c\333~]\222R\037\017\006\347\370""; ledgerHashPrevious: ""<\327\304JT*\320""\007\201l\357[\\227ps\341\177(\335\333&R\276\033\202\032\346\375*\254""; networkTime: 803842880; firstSeq: 1; lastSeq: 46; "
1750527680700,1750527680739,0,1,1,2,TMStatusChange,"newEvent: neCLOSING_LEDGER; ledgerSeq: 14; ledgerHash: ""r5V`\342WB\225\022\264\377\027\366m\353L\212_\304\2271c\333~]\222R\037\017\006\347\370""; ledgerHashPrevious: ""<\327\304JT*\320""\007\201l\357[\\227ps\341\177(\335\333&R\276\033\202\032\346\375*\254""; networkTime: 803842880; firstSeq: 1; lastSeq: 46; ","newEvent: neCLOSING_LEDGER; ledgerSeq: 14; ledgerHash: ""r5V`\342WB\225\022\264\377\027\366m\353L\212_\304\2271c\333~]\222R\037\017\006\347\370""; ledgerHashPrevious: ""<\327\304JT*\320""\007\201l\357[\\227ps\341\177(\335\333&R\276\033\202\032\346\375*\254""; networkTime: 803842880; firstSeq: 1; lastSeq: 46; "
1750527680700,1750527680739,0,1,1,0,TMStatusChange,"newEvent: neCLOSING_LEDGER; ledgerSeq: 14; ledgerHash: ""r5V`\342WB\225\022\264\377\027\366m\353L\212_\304\2271c\333~]\222R\037\017\006\347\370""; ledgerHashPrevious: ""<\327\304JT*\320""\007\201l\357[\\227ps\341\177(\335\333&R\276\033\202\032\346\375*\254""; networkTime: 803842880; firstSeq: 1; lastSeq: 46; ","newEvent: neCLOSING_LEDGER; ledgerSeq: 14; ledgerHash: ""r5V`\342WB\225\022\264\377\027\366m\353L\212_\304\2271c\333~]\222R\037\017\006\347\370""; ledgerHashPrevious: ""<\327\304JT*\320""\007\201l\357[\\227ps\341\177(\335\333&R\276\033\202\032\346\375*\254""; networkTime: 803842880; firstSeq: 1; lastSeq: 46; "
1750527680699,1750527680739,0,1,1,3,TMStatusChange,"newEvent: neCLOSING_LEDGER; ledgerSeq: 14; ledgerHash: ""r5V`\342WB\225\022\264\377\027\366m\353L\212_\304\2271c\333~]\222R\037\017\006\347\370""; ledgerHashPrevious: ""<\327\304JT*\320""\007\201l\357[\\227ps\341\177(\335\333&R\276\033\202\032\346\375*\254""; networkTime: 803842880; firstSeq: 1; lastSeq: 46; ","newEvent: neCLOSING_LEDGER; ledgerSeq: 14; ledgerHash: ""r5V`\342WB\225\022\264\377\027\366m\353L\212_\304\2271c\333~]\222R\037\017\006\347\370""; ledgerHashPrevious: ""<\327\304JT*\320""\007\201l\357[\\227ps\341\177(\335\333&R\276\033\202\032\346\375*\254""; networkTime: 803842880; firstSeq: 1; lastSeq: 46; "
1750527680743,1750527680743,0,1,1,4,TMProposeSet,"proposeSeq: 0; currentTxHash: ""\000\000\000\000\000\000\000\000\000\000\000\000\000\000\000\000\000\000\000\000\000\000\000\000\000\000\000\000\000\000\000\000""; nodePubKey: ""\002\266\377\271\344:\030\221i\267\257\215\237M\014\3345f\014\273|\207\367\334\337F\325\004cxB\211L""; closeTime: 803842880; signature: ""0D\002 !\344\260\304\2556\007\025t\262\333A\265\016\035\311\340\255\177\034\010I3g\216\235\255\375x\3262\302\002 KC\307\330\332G\277\361""\035\262\306\205:\353\001Jpf+\346\213\204\207E\225I\242b\232\320\211""; previousledger: ""r5V`\342WB\225\022\264\377\027\366m\353L\212_\304\2271c\333~]\222R\037\017\006\347\370""; ","proposeSeq: 0; currentTxHash: ""\000\000\000\000\000\000\000\000\000\000\000\000\000\000\000\000\000\000\000\000\000\000\000\000\000\000\000\000\000\000\000\000""; nodePubKey: ""\002\266\377\271\344:\030\221i\267\257\215\237M\014\3345f\014\273|\207\367\334\337F\325\004cxB\211L""; closeTime: 803842880; signature: ""0D\002 !\344\260\304\2556\007\025t\262\333A\265\016\035\311\340\255\177\034\010I3g\216\235\255\375x\3262\302\002 KC\307\330\332G\277\361""\035\262\306\205:\353\001Jpf+\346\213\204\207E\225I\242b\232\320\211""; previousledger: ""r5V`\342WB\225\022\264\377\027\366m\353L\212_\304\2271c\333~]\222R\037\017\006\347\370""; "
1750527680743,1750527680743,0,1,1,2,TMProposeSet,"proposeSeq: 0; currentTxHash: ""\000\000\000\000\000\000\000\000\000\000\000\000\000\000\000\000\000\000\000\000\000\000\000\000\000\000\000\000\000\000\000\000""; nodePubKey: ""\002\266\377\271\344:\030\221i\267\257\215\237M\014\3345f\014\273|\207\367\334\337F\325\004cxB\211L""; closeTime: 803842880; signature: ""0D\002 !\344\260\304\2556\007\025t\262\333A\265\016\035\311\340\255\177\034\010I3g\216\235\255\375x\3262\302\002 KC\307\330\332G\277\361""\035\262\306\205:\353\001Jpf+\346\213\204\207E\225I\242b\232\320\211""; previousledger: ""r5V`\342WB\225\022\264\377\027\366m\353L\212_\304\2271c\333~]\222R\037\017\006\347\370""; ","proposeSeq: 0; currentTxHash: ""\000\000\000\000\000\000\000\000\000\000\000\000\000\000\000\000\000\000\000\000\000\000\000\000\000\000\000\000\000\000\000\000""; nodePubKey: ""\002\266\377\271\344:\030\221i\267\257\215\237M\014\3345f\014\273|\207\367\334\337F\325\004cxB\211L""; closeTime: 803842880; signature: ""0D\002 !\344\260\304\2556\007\025t\262\333A\265\016\035\311\340\255\177\034\010I3g\216\235\255\375x\3262\302\002 KC\307\330\332G\277\361""\035\262\306\205:\353\001Jpf+\346\213\204\207E\225I\242b\232\320\211""; previousledger: ""r5V`\342WB\225\022\264\377\027\366m\353L\212_\304\2271c\333~]\222R\037\017\006\347\370""; "
1750527680743,1750527680743,0,1,1,3,TMProposeSet,"proposeSeq: 0; currentTxHash: ""\000\000\000\000\000\000\000\000\000\000\000\000\000\000\000\000\000\000\000\000\000\000\000\000\000\000\000\000\000\000\000\000""; nodePubKey: ""\002\266\377\271\344:\030\221i\267\257\215\237M\014\3345f\014\273|\207\367\334\337F\325\004cxB\211L""; closeTime: 803842880; signature: ""0D\002 !\344\260\304\2556\007\025t\262\333A\265\016\035\311\340\255\177\034\010I3g\216\235\255\375x\3262\302\002 KC\307\330\332G\277\361""\035\262\306\205:\353\001Jpf+\346\213\204\207E\225I\242b\232\320\211""; previousledger: ""r5V`\342WB\225\022\264\377\027\366m\353L\212_\304\2271c\333~]\222R\037\017\006\347\370""; ","proposeSeq: 0; currentTxHash: ""\000\000\000\000\000\000\000\000\000\000\000\000\000\000\000\000\000\000\000\000\000\000\000\000\000\000\000\000\000\000\000\000""; nodePubKey: ""\002\266\377\271\344:\030\221i\267\257\215\237M\014\3345f\014\273|\207\367\334\337F\325\004cxB\211L""; closeTime: 803842880; signature: ""0D\002 !\344\260\304\2556\007\025t\262\333A\265\016\035\311\340\255\177\034\010I3g\216\235\255\375x\3262\302\002 KC\307\330\332G\277\361""\035\262\306\205:\353\001Jpf+\346\213\204\207E\225I\242b\232\320\211""; previousledger: ""r5V`\342WB\225\022\264\377\027\366m\353L\212_\304\2271c\333~]\222R\037\017\006\347\370""; "
1750527680744,1750527680744,0,1,1,0,TMProposeSet,"proposeSeq: 0; currentTxHash: ""\000\000\000\000\000\000\000\000\000\000\000\000\000\000\000\000\000\000\000\000\000\000\000\000\000\000\000\000\000\000\000\000""; nodePubKey: ""\002\266\377\271\344:\030\221i\267\257\215\237M\014\3345f\014\273|\207\367\334\337F\325\004cxB\211L""; closeTime: 803842880; signature: ""0D\002 !\344\260\304\2556\007\025t\262\333A\265\016\035\311\340\255\177\034\010I3g\216\235\255\375x\3262\302\002 KC\307\330\332G\277\361""\035\262\306\205:\353\001Jpf+\346\213\204\207E\225I\242b\232\320\211""; previousledger: ""r5V`\342WB\225\022\264\377\027\366m\353L\212_\304\2271c\333~]\222R\037\017\006\347\370""; ","proposeSeq: 0; currentTxHash: ""\000\000\000\000\000\000\000\000\000\000\000\000\000\000\000\000\000\000\000\000\000\000\000\000\000\000\000\000\000\000\000\000""; nodePubKey: ""\002\266\377\271\344:\030\221i\267\257\215\237M\014\3345f\014\273|\207\367\334\337F\325\004cxB\211L""; closeTime: 803842880; signature: ""0D\002 !\344\260\304\2556\007\025t\262\333A\265\016\035\311\340\255\177\034\010I3g\216\235\255\375x\3262\302\002 KC\307\330\332G\277\361""\035\262\306\205:\353\001Jpf+\346\213\204\207E\225I\242b\232\320\211""; previousledger: ""r5V`\342WB\225\022\264\377\027\366m\353L\212_\304\2271c\333~]\222R\037\017\006\347\370""; "
1750527681037,1750527681038,0,1,0,1,TMPing,type: ptPING; seq: 991801933; ,type: ptPING; seq: 991801933; 
1750527681039,1750527681039,0,1,1,0,TMPing,type: ptPONG; seq: 991801933; ,type: ptPONG; seq: 991801933; 
1750527681085,1750527681085,0,1,1,0,TMPing,type: ptPING; seq: 3346017317; ,type: ptPING; seq: 3346017317; 
1750527681086,1750527681086,0,1,0,1,TMPing,type: ptPONG; seq: 3346017317; ,type: ptPONG; seq: 3346017317; 
1750527681132,1750527681132,0,1,0,2,TMPing,type: ptPING; seq: 2854151449; ,type: ptPING; seq: 2854151449; 
1750527681133,1750527681133,0,1,2,0,TMPing,type: ptPONG; seq: 2854151449; ,type: ptPONG; seq: 2854151449; 
1750527681183,1750527681183,0,1,2,0,TMPing,type: ptPING; seq: 3236889483; ,type: ptPING; seq: 3236889483; 
1750527681184,1750527681184,0,1,0,2,TMPing,type: ptPONG; seq: 3236889483; ,type: ptPONG; seq: 3236889483; 
1750527681235,1750527681235,0,1,0,3,TMPing,type: ptPING; seq: 163316201; ,type: ptPING; seq: 163316201; 
1750527681236,1750527681237,0,1,3,0,TMPing,type: ptPONG; seq: 163316201; ,type: ptPONG; seq: 163316201; 
1750527681284,1750527681284,0,1,3,0,TMPing,type: ptPING; seq: 825981753; ,type: ptPING; seq: 825981753; 
1750527681285,1750527681286,0,1,0,3,TMPing,type: ptPONG; seq: 825981753; ,type: ptPONG; seq: 825981753; 
1750527681331,1750527681331,0,1,0,4,TMPing,type: ptPING; seq: 331791152; ,type: ptPING; seq: 331791152; 
1750527681332,1750527681333,0,1,4,0,TMPing,type: ptPONG; seq: 331791152; ,type: ptPONG; seq: 331791152; 
1750527681381,1750527681381,0,1,4,0,TMPing,type: ptPING; seq: 1400982111; ,type: ptPING; seq: 1400982111; 
1750527681383,1750527681383,0,1,0,4,TMPing,type: ptPONG; seq: 1400982111; ,type: ptPONG; seq: 1400982111; 
1750527681429,1750527681429,0,1,1,2,TMPing,type: ptPING; seq: 2688697534; ,type: ptPING; seq: 2688697534; 
1750527681430,1750527681430,0,1,2,1,TMPing,type: ptPONG; seq: 2688697534; ,type: ptPONG; seq: 2688697534; 
1750527681470,1750527681470,0,1,3,2,TMStatusChange,"newEvent: neACCEPTED_LEDGER; ledgerSeq: 47; ledgerHash: ""]+$\302\005\224\270\033E\r\312\315}\200\2505\216\221\301\341\035[\247\325\236M^\360a\267\356\267""; ledgerHashPrevious: ""Q;\255\3404\372\225\341L\224\242\200VY\220\355\020\353I\n\363\266\036\311\003OR\250""\032\230\021""; networkTime: 803842881; firstSeq: 1; lastSeq: 46; ","newEvent: neACCEPTED_LEDGER; ledgerSeq: 47; ledgerHash: ""]+$\302\005\224\270\033E\r\312\315}\200\2505\216\221\301\341\035[\247\325\236M^\360a\267\356\267""; ledgerHashPrevious: ""Q;\255\3404\372\225\341L\224\242\200VY\220\355\020\353I\n\363\266\036\311\003OR\250""\032\230\021""; networkTime: 803842881; firstSeq: 1; lastSeq: 46; "
1750527681470,1750527681471,0,1,3,0,TMStatusChange,"newEvent: neACCEPTED_LEDGER; ledgerSeq: 47; ledgerHash: ""]+$\302\005\224\270\033E\r\312\315}\200\2505\216\221\301\341\035[\247\325\236M^\360a\267\356\267""; ledgerHashPrevious: ""Q;\255\3404\372\225\341L\224\242\200VY\220\355\020\353I\n\363\266\036\311\003OR\250""\032\230\021""; networkTime: 803842881; firstSeq: 1; lastSeq: 46; ","newEvent: neACCEPTED_LEDGER; ledgerSeq: 47; ledgerHash: ""]+$\302\005\224\270\033E\r\312\315}\200\2505\216\221\301\341\035[\247\325\236M^\360a\267\356\267""; ledgerHashPrevious: ""Q;\255\3404\372\225\341L\224\242\200VY\220\355\020\353I\n\363\266\036\311\003OR\250""\032\230\021""; networkTime: 803842881; firstSeq: 1; lastSeq: 46; "
1750527681471,1750527681471,0,1,3,4,TMValidation,"validation: """"\200\000\000\001&\000\000\000/)/\351\253A:p\210\265\307-\212\200\004Q]+$\302\005\224\270\033E\r\312\315}\200\2505\216\221\301\341\035[\247\325\236M^\360a\267\356\267P\027\000\000\000\000\000\000\000\000\000\000\000\000\000\000\000\000\000\000\000\000\000\000\000\000\000\000\000\000\000\000\000\000P\031Q;\255\3404\372\225\341L\224\242\200VY\220\355\020\353I\n\363\266\036\311\003OR\250""\032\230\021s!\002\364d\217\366\217|\316F\232\231\241\n\261\333`\312O\367\235\025DD\336e\367\n\312\326\221\037\025\230vF0D\002 l\363uT`z\361\345\301\245\340\035\342\336\200m\273*^9T""$\020)\021'\323S\276.j\002 0\000@\264\0077NG\320\035z\270\271\360>+f\344Z\370@1K\231.\277\210\263F\355\3600""; ","validation: """"\200\000\000\001&\000\000\000/)/\351\253A:p\210\265\307-\212\200\004Q]+$\302\005\224\270\033E\r\312\315}\200\2505\216\221\301\341\035[\247\325\236M^\360a\267\356\267P\027\000\000\000\000\000\000\000\000\000\000\000\000\000\000\000\000\000\000\000\000\000\000\000\000\000\000\000\000\000\000\000\000P\031Q;\255\3404\372\225\341L\224\242\200VY\220\355\020\353I\n\363\266\036\311\003OR\250""\032\230\021s!\002\364d\217\366\217|\316F\232\231\241\n\261\333`\312O\367\235\025DD\336e\367\n\312\326\221\037\025\230vF0D\002 l\363uT`z\361\345\301\245\340\035\342\336\200m\273*^9T""$\020)\021'\323S\276.j\002 0\000@\264\0077NG\320\035z\270\271\360>+f\344Z\370@1K\231.\277\210\263F\355\3600""; "
1750527681470,1750527681470,0,1,3,4,TMStatusChange,"newEvent: neACCEPTED_LEDGER; ledgerSeq: 47; ledgerHash: ""]+$\302\005\224\270\033E\r\312\315}\200\2505\216\221\301\341\035[\247\325\236M^\360a\267\356\267""; ledgerHashPrevious: ""Q;\255\3404\372\225\341L\224\242\200VY\220\355\020\353I\n\363\266\036\311\003OR\250""\032\230\021""; networkTime: 803842881; firstSeq: 1; lastSeq: 46; ","newEvent: neACCEPTED_LEDGER; ledgerSeq: 47; ledgerHash: ""]+$\302\005\224\270\033E\r\312\315}\200\2505\216\221\301\341\035[\247\325\236M^\360a\267\356\267""; ledgerHashPrevious: ""Q;\255\3404\372\225\341L\224\242\200VY\220\355\020\353I\n\363\266\036\311\003OR\250""\032\230\021""; networkTime: 803842881; firstSeq: 1; lastSeq: 46; "
1750527681471,1750527681471,0,1,3,2,TMValidation,"validation: """"\200\000\000\001&\000\000\000/)/\351\253A:p\210\265\307-\212\200\004Q]+$\302\005\224\270\033E\r\312\315}\200\2505\216\221\301\341\035[\247\325\236M^\360a\267\356\267P\027\000\000\000\000\000\000\000\000\000\000\000\000\000\000\000\000\000\000\000\000\000\000\000\000\000\000\000\000\000\000\000\000P\031Q;\255\3404\372\225\341L\224\242\200VY\220\355\020\353I\n\363\266\036\311\003OR\250""\032\230\021s!\002\364d\217\366\217|\316F\232\231\241\n\261\333`\312O\367\235\025DD\336e\367\n\312\326\221\037\025\230vF0D\002 l\363uT`z\361\345\301\245\340\035\342\336\200m\273*^9T""$\020)\021'\323S\276.j\002 0\000@\264\0077NG\320\035z\270\271\360>+f\344Z\370@1K\231.\277\210\263F\355\3600""; ","validation: """"\200\000\000\001&\000\000\000/)/\351\253A:p\210\265\307-\212\200\004Q]+$\302\005\224\270\033E\r\312\315}\200\2505\216\221\301\341\035[\247\325\236M^\360a\267\356\267P\027\000\000\000\000\000\000\000\000\000\000\000\000\000\000\000\000\000\000\000\000\000\000\000\000\000\000\000\000\000\000\000\000P\031Q;\255\3404\372\225\341L\224\242\200VY\220\355\020\353I\n\363\266\036\311\003OR\250""\032\230\021s!\002\364d\217\366\217|\316F\232\231\241\n\261\333`\312O\367\235\025DD\336e\367\n\312\326\221\037\025\230vF0D\002 l\363uT`z\361\345\301\245\340\035\342\336\200m\273*^9T""$\020)\021'\323S\276.j\002 0\000@\264\0077NG\320\035z\270\271\360>+f\344Z\370@1K\231.\277\210\263F\355\3600""; "
1750527681472,1750527681472,0,1,3,1,TMValidation,"validation: """"\200\000\000\001&\000\000\000/)/\351\253A:p\210\265\307-\212\200\004Q]+$\302\005\224\270\033E\r\312\315}\200\2505\216\221\301\341\035[\247\325\236M^\360a\267\356\267P\027\000\000\000\000\000\000\000\000\000\000\000\000\000\000\000\000\000\000\000\000\000\000\000\000\000\000\000\000\000\000\000\000P\031Q;\255\3404\372\225\341L\224\242\200VY\220\355\020\353I\n\363\266\036\311\003OR\250""\032\230\021s!\002\364d\217\366\217|\316F\232\231\241\n\261\333`\312O\367\235\025DD\336e\367\n\312\326\221\037\025\230vF0D\002 l\363uT`z\361\345\301\245\340\035\342\336\200m\273*^9T""$\020)\021'\323S\276.j\002 0\000@\264\0077NG\320\035z\270\271\360>+f\344Z\370@1K\231.\277\210\263F\355\3600""; ","validation: """"\200\000\000\001&\000\000\000/)/\351\253A:p\210\265\307-\212\200\004Q]+$\302\005\224\270\033E\r\312\315}\200\2505\216\221\301\341\035[\247\325\236M^\360a\267\356\267P\027\000\000\000\000\000\000\000\000\000\000\000\000\000\000\000\000\000\000\000\000\000\000\000\000\000\000\000\000\000\000\000\000P\031Q;\255\3404\372\225\341L\224\242\200VY\220\355\020\353I\n\363\266\036\311\003OR\250""\032\230\021s!\002\364d\217\366\217|\316F\232\231\241\n\261\333`\312O\367\235\025DD\336e\367\n\312\326\221\037\025\230vF0D\002 l\363uT`z\361\345\301\245\340\035\342\336\200m\273*^9T""$\020)\021'\323S\276.j\002 0\000@\264\0077NG\320\035z\270\271\360>+f\344Z\370@1K\231.\277\210\263F\355\3600""; "
1750527681472,1750527681472,0,1,3,1,TMStatusChange,"newEvent: neACCEPTED_LEDGER; ledgerSeq: 47; ledgerHash: ""]+$\302\005\224\270\033E\r\312\315}\200\2505\216\221\301\341\035[\247\325\236M^\360a\267\356\267""; ledgerHashPrevious: ""Q;\255\3404\372\225\341L\224\242\200VY\220\355\020\353I\n\363\266\036\311\003OR\250""\032\230\021""; networkTime: 803842881; firstSeq: 1; lastSeq: 46; ","newEvent: neACCEPTED_LEDGER; ledgerSeq: 47; ledgerHash: ""]+$\302\005\224\270\033E\r\312\315}\200\2505\216\221\301\341\035[\247\325\236M^\360a\267\356\267""; ledgerHashPrevious: ""Q;\255\3404\372\225\341L\224\242\200VY\220\355\020\353I\n\363\266\036\311\003OR\250""\032\230\021""; networkTime: 803842881; firstSeq: 1; lastSeq: 46; "
1750527681475,1750527681475,0,1,4,2,TMValidation,"validation: """"\200\000\000\001&\000\000\000/)/\351\253A:p\210\265\307-\212\200\004Q]+$\302\005\224\270\033E\r\312\315}\200\2505\216\221\301\341\035[\247\325\236M^\360a\267\356\267P\027\000\000\000\000\000\000\000\000\000\000\000\000\000\000\000\000\000\000\000\000\000\000\000\000\000\000\000\000\000\000\000\000P\031Q;\255\3404\372\225\341L\224\242\200VY\220\355\020\353I\n\363\266\036\311\003OR\250""\032\230\021s!\002\364d\217\366\217|\316F\232\231\241\n\261\333`\312O\367\235\025DD\336e\367\n\312\326\221\037\025\230vF0D\002 l\363uT`z\361\345\301\245\340\035\342\336\200m\273*^9T""$\020)\021'\323S\276.j\002 0\000@\264\0077NG\320\035z\270\271\360>+f\344Z\370@1K\231.\277\210\263F\355\3600""; ","validation: """"\200\000\000\001&\000\000\000/)/\351\253A:p\210\265\307-\212\200\004Q]+$\302\005\224\270\033E\r\312\315}\200\2505\216\221\301\341\035[\247\325\236M^\360a\267\356\267P\027\000\000\000\000\000\000\000\000\000\000\000\000\000\000\000\000\000\000\000\000\000\000\000\000\000\000\000\000\000\000\000\000P\031Q;\255\3404\372\225\341L\224\242\200VY\220\355\020\353I\n\363\266\036\311\003OR\250""\032\230\021s!\002\364d\217\366\217|\316F\232\231\241\n\261\333`\312O\367\235\025DD\336e\367\n\312\326\221\037\025\230vF0D\002 l\363uT`z\361\345\301\245\340\035\342\336\200m\273*^9T""$\020)\021'\323S\276.j\002 0\000@\264\0077NG\320\035z\270\271\360>+f\344Z\370@1K\231.\277\210\263F\355\3600""; "
1750527681476,1750527681476,0,1,4,3,TMGetLedger,"itype: liBASE; ledgerHash: ""]+$\302\005\224\270\033E\r\312\315}\200\2505\216\221\301\341\035[\247\325\236M^\360a\267\356\267""; ","itype: liBASE; ledgerHash: ""]+$\302\005\224\270\033E\r\312\315}\200\2505\216\221\301\341\035[\247\325\236M^\360a\267\356\267""; "
1750527681476,1750527681476,0,1,4,0,TMValidation,"validation: """"\200\000\000\001&\000\000\000/)/\351\253A:p\210\265\307-\212\200\004Q]+$\302\005\224\270\033E\r\312\315}\200\2505\216\221\301\341\035[\247\325\236M^\360a\267\356\267P\027\000\000\000\000\000\000\000\000\000\000\000\000\000\000\000\000\000\000\000\000\000\000\000\000\000\000\000\000\000\000\000\000P\031Q;\255\3404\372\225\341L\224\242\200VY\220\355\020\353I\n\363\266\036\311\003OR\250""\032\230\021s!\002\364d\217\366\217|\316F\232\231\241\n\261\333`\312O\367\235\025DD\336e\367\n\312\326\221\037\025\230vF0D\002 l\363uT`z\361\345\301\245\340\035\342\336\200m\273*^9T""$\020)\021'\323S\276.j\002 0\000@\264\0077NG\320\035z\270\271\360>+f\344Z\370@1K\231.\277\210\263F\355\3600""; ","validation: """"\200\000\000\001&\000\000\000/)/\351\253A:p\210\265\307-\212\200\004Q]+$\302\005\224\270\033E\r\312\315}\200\2505\216\221\301\341\035[\247\325\236M^\360a\267\356\267P\027\000\000\000\000\000\000\000\000\000\000\000\000\000\000\000\000\000\000\000\000\000\000\000\000\000\000\000\000\000\000\000\000P\031Q;\255\3404\372\225\341L\224\242\200VY\220\355\020\353I\n\363\266\036\311\003OR\250""\032\230\021s!\002\364d\217\366\217|\316F\232\231\241\n\261\333`\312O\367\235\025DD\336e\367\n\312\326\221\037\025\230vF0D\002 l\363uT`z\361\345\301\245\340\035\342\336\200m\273*^9T""$\020)\021'\323S\276.j\002 0\000@\264\0077NG\320\035z\270\271\360>+f\344Z\370@1K\231.\277\210\263F\355\3600""; "
1750527681475,1750527681475,0,1,4,1,TMValidation,"validation: """"\200\000\000\001&\000\000\000/)/\351\253A:p\210\265\307-\212\200\004Q]+$\302\005\224\270\033E\r\312\315}\200\2505\216\221\301\341\035[\247\325\236M^\360a\267\356\267P\027\000\000\000\000\000\000\000\000\000\000\000\000\000\000\000\000\000\000\000\000\000\000\000\000\000\000\000\000\000\000\000\000P\031Q;\255\3404\372\225\341L\224\242\200VY\220\355\020\353I\n\363\266\036\311\003OR\250""\032\230\021s!\002\364d\217\366\217|\316F\232\231\241\n\261\333`\312O\367\235\025DD\336e\367\n\312\326\221\037\025\230vF0D\002 l\363uT`z\361\345\301\245\340\035\342\336\200m\273*^9T""$\020)\021'\323S\276.j\002 0\000@\264\0077NG\320\035z\270\271\360>+f\344Z\370@1K\231.\277\210\263F\355\3600""; ","validation: """"\200\000\000\001&\000\000\000/)/\351\253A:p\210\265\307-\212\200\004Q]+$\302\005\224\270\033E\r\312\315}\200\2505\216\221\301\341\035[\247\325\236M^\360a\267\356\267P\027\000\000\000\000\000\000\000\000\000\000\000\000\000\000\000\000\000\000\000\000\000\000\000\000\000\000\000\000\000\000\000\000P\031Q;\255\3404\372\225\341L\224\242\200VY\220\355\020\353I\n\363\266\036\311\003OR\250""\032\230\021s!\002\364d\217\366\217|\316F\232\231\241\n\261\333`\312O\367\235\025DD\336e\367\n\312\326\221\037\025\230vF0D\002 l\363uT`z\361\345\301\245\340\035\342\336\200m\273*^9T""$\020)\021'\323S\276.j\002 0\000@\264\0077NG\320\035z\270\271\360>+f\344Z\370@1K\231.\277\210\263F\355\3600""; "
1750527681476,1750527681476,0,1,4,2,TMGetLedger,"itype: liBASE; ledgerHash: ""]+$\302\005\224\270\033E\r\312\315}\200\2505\216\221\301\341\035[\247\325\236M^\360a\267\356\267""; ","itype: liBASE; ledgerHash: ""]+$\302\005\224\270\033E\r\312\315}\200\2505\216\221\301\341\035[\247\325\236M^\360a\267\356\267""; "
1750527681477,1750527681477,0,1,4,1,TMGetLedger,"itype: liBASE; ledgerHash: ""]+$\302\005\224\270\033E\r\312\315}\200\2505\216\221\301\341\035[\247\325\236M^\360a\267\356\267""; ","itype: liBASE; ledgerHash: ""]+$\302\005\224\270\033E\r\312\315}\200\2505\216\221\301\341\035[\247\325\236M^\360a\267\356\267""; "
1750527681477,1750527681477,0,1,4,1,TMGetLedger,"itype: liBASE; ledgerHash: ""]+$\302\005\224\270\033E\r\312\315}\200\2505\216\221\301\341\035[\247\325\236M^\360a\267\356\267""; queryType: qtINDIRECT; ","itype: liBASE; ledgerHash: ""]+$\302\005\224\270\033E\r\312\315}\200\2505\216\221\301\341\035[\247\325\236M^\360a\267\356\267""; queryType: qtINDIRECT; "
1750527681478,1750527681478,0,1,4,3,TMGetLedger,"itype: liBASE; ledgerHash: ""]+$\302\005\224\270\033E\r\312\315}\200\2505\216\221\301\341\035[\247\325\236M^\360a\267\356\267""; queryType: qtINDIRECT; ","itype: liBASE; ledgerHash: ""]+$\302\005\224\270\033E\r\312\315}\200\2505\216\221\301\341\035[\247\325\236M^\360a\267\356\267""; queryType: qtINDIRECT; "
1750527681478,1750527681478,0,1,2,3,TMGetLedger,"itype: liBASE; ledgerHash: ""]+$\302\005\224\270\033E\r\312\315}\200\2505\216\221\301\341\035[\247\325\236M^\360a\267\356\267""; ledgerSeq: 47; ","itype: liBASE; ledgerHash: ""]+$\302\005\224\270\033E\r\312\315}\200\2505\216\221\301\341\035[\247\325\236M^\360a\267\356\267""; ledgerSeq: 47; "
1750527681479,1750527681479,0,1,4,2,TMGetLedger,"itype: liBASE; ledgerHash: ""]+$\302\005\224\270\033E\r\312\315}\200\2505\216\221\301\341\035[\247\325\236M^\360a\267\356\267""; queryType: qtINDIRECT; ","itype: liBASE; ledgerHash: ""]+$\302\005\224\270\033E\r\312\315}\200\2505\216\221\301\341\035[\247\325\236M^\360a\267\356\267""; queryType: qtINDIRECT; "
1750527681479,1750527681479,0,1,2,1,TMGetLedger,"itype: liBASE; ledgerHash: ""]+$\302\005\224\270\033E\r\312\315}\200\2505\216\221\301\341\035[\247\325\236M^\360a\267\356\267""; ledgerSeq: 47; ","itype: liBASE; ledgerHash: ""]+$\302\005\224\270\033E\r\312\315}\200\2505\216\221\301\341\035[\247\325\236M^\360a\267\356\267""; ledgerSeq: 47; "
1750527681479,1750527681479,0,1,2,0,TMGetLedger,"itype: liBASE; ledgerHash: ""]+$\302\005\224\270\033E\r\312\315}\200\2505\216\221\301\341\035[\247\325\236M^\360a\267\356\267""; ledgerSeq: 47; ","itype: liBASE; ledgerHash: ""]+$\302\005\224\270\033E\r\312\315}\200\2505\216\221\301\341\035[\247\325\236M^\360a\267\356\267""; ledgerSeq: 47; "
1750527681480,1750527681481,0,1,2,1,TMValidation,"validation: """"\200\000\000\001&\000\000\000/)/\351\253A:p\210\265\307-\212\200\004Q]+$\302\005\224\270\033E\r\312\315}\200\2505\216\221\301\341\035[\247\325\236M^\360a\267\356\267P\027\000\000\000\000\000\000\000\000\000\000\000\000\000\000\000\000\000\000\000\000\000\000\000\000\000\000\000\000\000\000\000\000P\031Q;\255\3404\372\225\341L\224\242\200VY\220\355\020\353I\n\363\266\036\311\003OR\250""\032\230\021s!\002\364d\217\366\217|\316F\232\231\241\n\261\333`\312O\367\235\025DD\336e\367\n\312\326\221\037\025\230vF0D\002 l\363uT`z\361\345\301\245\340\035\342\336\200m\273*^9T""$\020)\021'\323S\276.j\002 0\000@\264\0077NG\320\035z\270\271\360>+f\344Z\370@1K\231.\277\210\263F\355\3600""; ","validation: """"\200\000\000\001&\000\000\000/)/\351\253A:p\210\265\307-\212\200\004Q]+$\302\005\224\270\033E\r\312\315}\200\2505\216\221\301\341\035[\247\325\236M^\360a\267\356\267P\027\000\000\000\000\000\000\000\000\000\000\000\000\000\000\000\000\000\000\000\000\000\000\000\000\000\000\000\000\000\000\000\000P\031Q;\255\3404\372\225\341L\224\242\200VY\220\355\020\353I\n\363\266\036\311\003OR\250""\032\230\021s!\002\364d\217\366\217|\316F\232\231\241\n\261\333`\312O\367\235\025DD\336e\367\n\312\326\221\037\025\230vF0D\002 l\363uT`z\361\345\301\245\340\035\342\336\200m\273*^9T""$\020)\021'\323S\276.j\002 0\000@\264\0077NG\320\035z\270\271\360>+f\344Z\370@1K\231.\277\210\263F\355\3600""; "
1750527681481,1750527681481,0,1,2,4,TMGetLedger,"itype: liBASE; ledgerHash: ""]+$\302\005\224\270\033E\r\312\315}\200\2505\216\221\301\341\035[\247\325\236M^\360a\267\356\267""; ledgerSeq: 47; ","itype: liBASE; ledgerHash: ""]+$\302\005\224\270\033E\r\312\315}\200\2505\216\221\301\341\035[\247\325\236M^\360a\267\356\267""; ledgerSeq: 47; "
1750527681482,1750527681482,0,1,2,1,TMGetLedger,"itype: liBASE; ledgerHash: ""]+$\302\005\224\270\033E\r\312\315}\200\2505\216\221\301\341\035[\247\325\236M^\360a\267\356\267""; ledgerSeq: 47; queryType: qtINDIRECT; ","itype: liBASE; ledgerHash: ""]+$\302\005\224\270\033E\r\312\315}\200\2505\216\221\301\341\035[\247\325\236M^\360a\267\356\267""; ledgerSeq: 47; queryType: qtINDIRECT; "
1750527681482,1750527681482,0,1,1,2,TMGetLedger,"itype: liBASE; ledgerHash: ""]+$\302\005\224\270\033E\r\312\315}\200\2505\216\221\301\341\035[\247\325\236M^\360a\267\356\267""; ","itype: liBASE; ledgerHash: ""]+$\302\005\224\270\033E\r\312\315}\200\2505\216\221\301\341\035[\247\325\236M^\360a\267\356\267""; "
1750527681482,1750527681482,0,1,1,0,TMGetLedger,"itype: liBASE; ledgerHash: ""]+$\302\005\224\270\033E\r\312\315}\200\2505\216\221\301\341\035[\247\325\236M^\360a\267\356\267""; ","itype: liBASE; ledgerHash: ""]+$\302\005\224\270\033E\r\312\315}\200\2505\216\221\301\341\035[\247\325\236M^\360a\267\356\267""; "
1750527681483,1750527681483,0,1,1,4,TMGetLedger,"itype: liBASE; ledgerHash: ""]+$\302\005\224\270\033E\r\312\315}\200\2505\216\221\301\341\035[\247\325\236M^\360a\267\356\267""; ","itype: liBASE; ledgerHash: ""]+$\302\005\224\270\033E\r\312\315}\200\2505\216\221\301\341\035[\247\325\236M^\360a\267\356\267""; "
1750527681483,1750527681483,0,1,1,4,TMGetLedger,"itype: liBASE; ledgerHash: ""]+$\302\005\224\270\033E\r\312\315}\200\2505\216\221\301\341\035[\247\325\236M^\360a\267\356\267""; queryType: qtINDIRECT; ","itype: liBASE; ledgerHash: ""]+$\302\005\224\270\033E\r\312\315}\200\2505\216\221\301\341\035[\247\325\236M^\360a\267\356\267""; queryType: qtINDIRECT; "
1750527681484,1750527681484,0,1,1,3,TMGetLedger,"itype: liBASE; ledgerHash: ""]+$\302\005\224\270\033E\r\312\315}\200\2505\216\221\301\341\035[\247\325\236M^\360a\267\356\267""; ","itype: liBASE; ledgerHash: ""]+$\302\005\224\270\033E\r\312\315}\200\2505\216\221\301\341\035[\247\325\236M^\360a\267\356\267""; "
1750527681484,1750527681484,0,1,1,3,TMGetLedger,"itype: liBASE; ledgerHash: ""]+$\302\005\224\270\033E\r\312\315}\200\2505\216\221\301\341\035[\247\325\236M^\360a\267\356\267""; queryType: qtINDIRECT; ","itype: liBASE; ledgerHash: ""]+$\302\005\224\270\033E\r\312\315}\200\2505\216\221\301\341\035[\247\325\236M^\360a\267\356\267""; queryType: qtINDIRECT; "
1750527681485,1750527681485,0,1,1,4,TMValidation,"validation: """"\200\000\000\001&\000\000\000/)/\351\253A:p\210\265\307-\212\200\004Q]+$\302\005\224\270\033E\r\312\315}\200\2505\216\221\301\341\035[\247\325\236M^\360a\267\356\267P\027\000\000\000\000\000\000\000\000\000\000\000\000\000\000\000\000\000\000\000\000\000\000\000\000\000\000\000\000\000\000\000\000P\031Q;\255\3404\372\225\341L\224\242\200VY\220\355\020\353I\n\363\266\036\311\003OR\250""\032\230\021s!\002\364d\217\366\217|\316F\232\231\241\n\261\333`\312O\367\235\025DD\336e\367\n\312\326\221\037\025\230vF0D\002 l\363uT`z\361\345\301\245\340\035\342\336\200m\273*^9T""$\020)\021'\323S\276.j\002 0\000@\264\0077NG\320\035z\270\271\360>+f\344Z\370@1K\231.\277\210\263F\355\3600""; ","validation: """"\200\000\000\001&\000\000\000/)/\351\253A:p\210\265\307-\212\200\004Q]+$\302\005\224\270\033E\r\312\315}\200\2505\216\221\301\341\035[\247\325\236M^\360a\267\356\267P\027\000\000\000\000\000\000\000\000\000\000\000\000\000\000\000\000\000\000\000\000\000\000\000\000\000\000\000\000\000\000\000\000P\031Q;\255\3404\372\225\341L\224\242\200VY\220\355\020\353I\n\363\266\036\311\003OR\250""\032\230\021s!\002\364d\217\366\217|\316F\232\231\241\n\261\333`\312O\367\235\025DD\336e\367\n\312\326\221\037\025\230vF0D\002 l\363uT`z\361\345\301\245\340\035\342\336\200m\273*^9T""$\020)\021'\323S\276.j\002 0\000@\264\0077NG\320\035z\270\271\360>+f\344Z\370@1K\231.\277\210\263F\355\3600""; "
1750527681485,1750527681485,0,1,2,1,TMPing,type: ptPING; seq: 2316895199; ,type: ptPING; seq: 2316895199; 
1750527681485,1750527681485,0,1,2,4,TMGetLedger,"itype: liBASE; ledgerHash: ""]+$\302\005\224\270\033E\r\312\315}\200\2505\216\221\301\341\035[\247\325\236M^\360a\267\356\267""; ledgerSeq: 47; queryType: qtINDIRECT; ","itype: liBASE; ledgerHash: ""]+$\302\005\224\270\033E\r\312\315}\200\2505\216\221\301\341\035[\247\325\236M^\360a\267\356\267""; ledgerSeq: 47; queryType: qtINDIRECT; "
1750527681486,1750527681486,0,1,2,4,TMValidation,"validation: """"\200\000\000\001&\000\000\000/)/\351\253A:p\210\265\307-\212\200\004Q]+$\302\005\224\270\033E\r\312\315}\200\2505\216\221\301\341\035[\247\325\236M^\360a\267\356\267P\027\000\000\000\000\000\000\000\000\000\000\000\000\000\000\000\000\000\000\000\000\000\000\000\000\000\000\000\000\000\000\000\000P\031Q;\255\3404\372\225\341L\224\242\200VY\220\355\020\353I\n\363\266\036\311\003OR\250""\032\230\021s!\002\364d\217\366\217|\316F\232\231\241\n\261\333`\312O\367\235\025DD\336e\367\n\312\326\221\037\025\230vF0D\002 l\363uT`z\361\345\301\245\340\035\342\336\200m\273*^9T""$\020)\021'\323S\276.j\002 0\000@\264\0077NG\320\035z\270\271\360>+f\344Z\370@1K\231.\277\210\263F\355\3600""; ","validation: """"\200\000\000\001&\000\000\000/)/\351\253A:p\210\265\307-\212\200\004Q]+$\302\005\224\270\033E\r\312\315}\200\2505\216\221\301\341\035[\247\325\236M^\360a\267\356\267P\027\000\000\000\000\000\000\000\000\000\000\000\000\000\000\000\000\000\000\000\000\000\000\000\000\000\000\000\000\000\000\000\000P\031Q;\255\3404\372\225\341L\224\242\200VY\220\355\020\353I\n\363\266\036\311\003OR\250""\032\230\021s!\002\364d\217\366\217|\316F\232\231\241\n\261\333`\312O\367\235\025DD\336e\367\n\312\326\221\037\025\230vF0D\002 l\363uT`z\361\345\301\245\340\035\342\336\200m\273*^9T""$\020)\021'\323S\276.j\002 0\000@\264\0077NG\320\035z\270\271\360>+f\344Z\370@1K\231.\277\210\263F\355\3600""; "
1750527681486,1750527681486,0,1,3,4,TMLedgerData,"ledgerHash: ""]+$\302\005\224\270\033E\r\312\315}\200\2505\216\221\301\341\035[\247\325\236M^\360a\267\356\267""; ledgerSeq: 47; type: liBASE; nodes {;   nodedata: ""\000\000\000/\001cEx]\211\377\330Q;\255\3404\372\225\341L\224\242\200VY\220\355\020\353I\n\363\266\036\311\003OR\250""\032\230\021\000\000\000\000\000\000\000\000\000\000\000\000\000\000\000\000\000\000\000\000\000\000\000\000\000\000\000\000\000\000\000\000N\257\035\210\036o\344T\377\225\250\247.\345\325\n\r$\025rz\252\202g\347$\223\020\235.\260\317/\351\253@/\351\253A\n\000""; }; nodes {;   nodedata: ""\323C\344\327\264{\312-\017:\006{\177\344N\002\326bO\260\220\006\033\362\345\005U\221DzJ0\001\301\025%1L\307\t\261\262z\374\222T\301\274V\236\223\262\270Ct\362\337b\356\024*\324\320\351\317\002k\336\234\027v\351\217\260\303\360\233ZPZWr\246$w\313\313\r\243r\232\2234\373\3539:N\004Q\245\272D\312D\300\300\t\323\0257\345e\271\na\215{\226\255x%T\257\037\333\004\344_/R\006E\344\037@\210\363\010\336T\226\247'\204_{\261\370""1\235\2445\343\033Y!\212\201\341\272\225'\007m\330\373}C\272\241\275(:\252\263\360\260H/\n(\217r\206\034\247/\345\245\035\261,\227\263\323\013\003""; }; ","ledgerHash: ""]+$\302\005\224\270\033E\r\312\315}\200\2505\216\221\301\341\035[\247\325\236M^\360a\267\356\267""; ledgerSeq: 47; type: liBASE; nodes {;   nodedata: ""\000\000\000/\001cEx]\211\377\330Q;\255\3404\372\225\341L\224\242\200VY\220\355\020\353I\n\363\266\036\311\003OR\250""\032\230\021\000\000\000\000\000\000\000\000\000\000\000\000\000\000\000\000\000\000\000\000\000\000\000\000\000\000\000\000\000\000\000\000N\257\035\210\036o\344T\377\225\250\247.\345\325\n\r$\025rz\252\202g\347$\223\020\235.\260\317/\351\253@/\351\253A\n\000""; }; nodes {;   nodedata: ""\323C\344\327\264{\312-\017:\006{\177\344N\002\326bO\260\220\006\033\362\345\005U\221DzJ0\001\301\025%1L\307\t\261\262z\374\222T\301\274V\236\223\262\270Ct\362\337b\356\024*\324\320\351\317\002k\336\234\027v\351\217\260\303\360\233ZPZWr\246$w\313\313\r\243r\232\2234\373\3539:N\004Q\245\272D\312D\300\300\t\323\0257\345e\271\na\215{\226\255x%T\257\037\333\004\344_/R\006E\344\037@\210\363\010\336T\226\247'\204_{\261\370""1\235\2445\343\033Y!\212\201\341\272\225'\007m\330\373}C\272\241\275(:\252\263\360\260H/\n(\217r\206\034\247/\345\245\035\261,\227\263\323\013\003""; }; "
1750527681487,1750527681487,0,1,0,3,TMGetLedger,"itype: liBASE; ledgerHash: ""]+$\302\005\224\270\033E\r\312\315}\200\2505\216\221\301\341\035[\247\325\236M^\360a\267\356\267""; ledgerSeq: 47; ","itype: liBASE; ledgerHash: ""]+$\302\005\224\270\033E\r\312\315}\200\2505\216\221\301\341\035[\247\325\236M^\360a\267\356\267""; ledgerSeq: 47; "
1750527681487,1750527681487,0,1,0,4,TMGetLedger,"itype: liBASE; ledgerHash: ""]+$\302\005\224\270\033E\r\312\315}\200\2505\216\221\301\341\035[\247\325\236M^\360a\267\356\267""; ledgerSeq: 47; ","itype: liBASE; ledgerHash: ""]+$\302\005\224\270\033E\r\312\315}\200\2505\216\221\301\341\035[\247\325\236M^\360a\267\356\267""; ledgerSeq: 47; "
1750527681488,1750527681488,0,1,0,2,TMGetLedger,"itype: liBASE; ledgerHash: ""]+$\302\005\224\270\033E\r\312\315}\200\2505\216\221\301\341\035[\247\325\236M^\360a\267\356\267""; ledgerSeq: 47; ","itype: liBASE; ledgerHash: ""]+$\302\005\224\270\033E\r\312\315}\200\2505\216\221\301\341\035[\247\325\236M^\360a\267\356\267""; ledgerSeq: 47; "
1750527681488,1750527681488,0,1,0,1,TMGetLedger,"itype: liBASE; ledgerHash: ""]+$\302\005\224\270\033E\r\312\315}\200\2505\216\221\301\341\035[\247\325\236M^\360a\267\356\267""; ledgerSeq: 47; ","itype: liBASE; ledgerHash: ""]+$\302\005\224\270\033E\r\312\315}\200\2505\216\221\301\341\035[\247\325\236M^\360a\267\356\267""; ledgerSeq: 47; "
1750527681489,1750527681489,0,1,0,3,TMValidation,"validation: """"\200\000\000\001&\000\000\000/)/\351\253A:p\210\265\307-\212\200\004Q]+$\302\005\224\270\033E\r\312\315}\200\2505\216\221\301\341\035[\247\325\236M^\360a\267\356\267P\027\000\000\000\000\000\000\000\000\000\000\000\000\000\000\000\000\000\000\000\000\000\000\000\000\000\000\000\000\000\000\000\000P\031Q;\255\3404\372\225\341L\224\242\200VY\220\355\020\353I\n\363\266\036\311\003OR\250""\032\230\021s!\002\364d\217\366\217|\316F\232\231\241\n\261\333`\312O\367\235\025DD\336e\367\n\312\326\221\037\025\230vF0D\002 l\363uT`z\361\345\301\245\340\035\342\336\200m\273*^9T""$\020)\021'\323S\276.j\002 0\000@\264\0077NG\320\035z\270\271\360>+f\344Z\370@1K\231.\277\210\263F\355\3600""; ","validation: """"\200\000\000\001&\000\000\000/)/\351\253A:p\210\265\307-\212\200\004Q]+$\302\005\224\270\033E\r\312\315}\200\2505\216\221\301\341\035[\247\325\236M^\360a\267\356\267P\027\000\000\000\000\000\000\000\000\000\000\000\000\000\000\000\000\000\000\000\000\000\000\000\000\000\000\000\000\000\000\000\000P\031Q;\255\3404\372\225\341L\224\242\200VY\220\355\020\353I\n\363\266\036\311\003OR\250""\032\230\021s!\002\364d\217\366\217|\316F\232\231\241\n\261\333`\312O\367\235\025DD\336e\367\n\312\326\221\037\025\230vF0D\002 l\363uT`z\361\345\301\245\340\035\342\336\200m\273*^9T""$\020)\021'\323S\276.j\002 0\000@\264\0077NG\320\035z\270\271\360>+f\344Z\370@1K\231.\277\210\263F\355\3600""; "
1750527681489,1750527681489,0,1,0,1,TMGetLedger,"itype: liBASE; ledgerHash: ""]+$\302\005\224\270\033E\r\312\315}\200\2505\216\221\301\341\035[\247\325\236M^\360a\267\356\267""; ledgerSeq: 47; queryType: qtINDIRECT; ","itype: liBASE; ledgerHash: ""]+$\302\005\224\270\033E\r\312\315}\200\2505\216\221\301\341\035[\247\325\236M^\360a\267\356\267""; ledgerSeq: 47; queryType: qtINDIRECT; "
1750527681490,1750527681490,0,1,0,1,TMValidation,"validation: """"\200\000\000\001&\000\000\000/)/\351\253A:p\210\265\307-\212\200\004Q]+$\302\005\224\270\033E\r\312\315}\200\2505\216\221\301\341\035[\247\325\236M^\360a\267\356\267P\027\000\000\000\000\000\000\000\000\000\000\000\000\000\000\000\000\000\000\000\000\000\000\000\000\000\000\000\000\000\000\000\000P\031Q;\255\3404\372\225\341L\224\242\200VY\220\355\020\353I\n\363\266\036\311\003OR\250""\032\230\021s!\002\364d\217\366\217|\316F\232\231\241\n\261\333`\312O\367\235\025DD\336e\367\n\312\326\221\037\025\230vF0D\002 l\363uT`z\361\345\301\245\340\035\342\336\200m\273*^9T""$\020)\021'\323S\276.j\002 0\000@\264\0077NG\320\035z\270\271\360>+f\344Z\370@1K\231.\277\210\263F\355\3600""; ","validation: """"\200\000\000\001&\000\000\000/)/\351\253A:p\210\265\307-\212\200\004Q]+$\302\005\224\270\033E\r\312\315}\200\2505\216\221\301\341\035[\247\325\236M^\360a\267\356\267P\027\000\000\000\000\000\000\000\000\000\000\000\000\000\000\000\000\000\000\000\000\000\000\000\000\000\000\000\000\000\000\000\000P\031Q;\255\3404\372\225\341L\224\242\200VY\220\355\020\353I\n\363\266\036\311\003OR\250""\032\230\021s!\002\364d\217\366\217|\316F\232\231\241\n\261\333`\312O\367\235\025DD\336e\367\n\312\326\221\037\025\230vF0D\002 l\363uT`z\361\345\301\245\340\035\342\336\200m\273*^9T""$\020)\021'\323S\276.j\002 0\000@\264\0077NG\320\035z\270\271\360>+f\344Z\370@1K\231.\277\210\263F\355\3600""; "
1750527681491,1750527681491,0,1,0,2,TMValidation,"validation: """"\200\000\000\001&\000\000\000/)/\351\253A:p\210\265\307-\212\200\004Q]+$\302\005\224\270\033E\r\312\315}\200\2505\216\221\301\341\035[\247\325\236M^\360a\267\356\267P\027\000\000\000\000\000\000\000\000\000\000\000\000\000\000\000\000\000\000\000\000\000\000\000\000\000\000\000\000\000\000\000\000P\031Q;\255\3404\372\225\341L\224\242\200VY\220\355\020\353I\n\363\266\036\311\003OR\250""\032\230\021s!\002\364d\217\366\217|\316F\232\231\241\n\261\333`\312O\367\235\025DD\336e\367\n\312\326\221\037\025\230vF0D\002 l\363uT`z\361\345\301\245\340\035\342\336\200m\273*^9T""$\020)\021'\323S\276.j\002 0\000@\264\0077NG\320\035z\270\271\360>+f\344Z\370@1K\231.\277\210\263F\355\3600""; ","validation: """"\200\000\000\001&\000\000\000/)/\351\253A:p\210\265\307-\212\200\004Q]+$\302\005\224\270\033E\r\312\315}\200\2505\216\221\301\341\035[\247\325\236M^\360a\267\356\267P\027\000\000\000\000\000\000\000\000\000\000\000\000\000\000\000\000\000\000\000\000\000\000\000\000\000\000\000\000\000\000\000\000P\031Q;\255\3404\372\225\341L\224\242\200VY\220\355\020\353I\n\363\266\036\311\003OR\250""\032\230\021s!\002\364d\217\366\217|\316F\232\231\241\n\261\333`\312O\367\235\025DD\336e\367\n\312\326\221\037\025\230vF0D\002 l\363uT`z\361\345\301\245\340\035\342\336\200m\273*^9T""$\020)\021'\323S\276.j\002 0\000@\264\0077NG\320\035z\270\271\360>+f\344Z\370@1K\231.\277\210\263F\355\3600""; "
1750527681491,1750527681491,0,1,0,2,TMGetLedger,"itype: liBASE; ledgerHash: ""]+$\302\005\224\270\033E\r\312\315}\200\2505\216\221\301\341\035[\247\325\236M^\360a\267\356\267""; ledgerSeq: 47; queryType: qtINDIRECT; ","itype: liBASE; ledgerHash: ""]+$\302\005\224\270\033E\r\312\315}\200\2505\216\221\301\341\035[\247\325\236M^\360a\267\356\267""; ledgerSeq: 47; queryType: qtINDIRECT; "
1750527681491,1750527681492,0,1,0,3,TMGetLedger,"itype: liBASE; ledgerHash: ""]+$\302\005\224\270\033E\r\312\315}\200\2505\216\221\301\341\035[\247\325\236M^\360a\267\356\267""; ledgerSeq: 47; queryType: qtINDIRECT; ","itype: liBASE; ledgerHash: ""]+$\302\005\224\270\033E\r\312\315}\200\2505\216\221\301\341\035[\247\325\236M^\360a\267\356\267""; ledgerSeq: 47; queryType: qtINDIRECT; "
1750527681492,1750527681492,0,1,0,4,TMGetLedger,"itype: liBASE; ledgerHash: ""]+$\302\005\224\270\033E\r\312\315}\200\2505\216\221\301\341\035[\247\325\236M^\360a\267\356\267""; ledgerSeq: 47; queryType: qtINDIRECT; ","itype: liBASE; ledgerHash: ""]+$\302\005\224\270\033E\r\312\315}\200\2505\216\221\301\341\035[\247\325\236M^\360a\267\356\267""; ledgerSeq: 47; queryType: qtINDIRECT; "
1750527681493,1750527681493,0,1,1,3,TMPing,type: ptPING; seq: 3319795514; ,type: ptPING; seq: 3319795514; 
1750527681493,1750527681493,0,1,1,3,TMGetLedger,"itype: liBASE; ledgerHash: ""]+$\302\005\224\270\033E\r\312\315}\200\2505\216\221\301\341\035[\247\325\236M^\360a\267\356\267""; requestCookie: 5; queryType: qtINDIRECT; ","itype: liBASE; ledgerHash: ""]+$\302\005\224\270\033E\r\312\315}\200\2505\216\221\301\341\035[\247\325\236M^\360a\267\356\267""; requestCookie: 5; queryType: qtINDIRECT; "
1750527681494,1750527681494,0,1,3,2,TMLedgerData,"ledgerHash: ""]+$\302\005\224\270\033E\r\312\315}\200\2505\216\221\301\341\035[\247\325\236M^\360a\267\356\267""; ledgerSeq: 47; type: liBASE; nodes {;   nodedata: ""\000\000\000/\001cEx]\211\377\330Q;\255\3404\372\225\341L\224\242\200VY\220\355\020\353I\n\363\266\036\311\003OR\250""\032\230\021\000\000\000\000\000\000\000\000\000\000\000\000\000\000\000\000\000\000\000\000\000\000\000\000\000\000\000\000\000\000\000\000N\257\035\210\036o\344T\377\225\250\247.\345\325\n\r$\025rz\252\202g\347$\223\020\235.\260\317/\351\253@/\351\253A\n\000""; }; nodes {;   nodedata: ""\323C\344\327\264{\312-\017:\006{\177\344N\002\326bO\260\220\006\033\362\345\005U\221DzJ0\001\301\025%1L\307\t\261\262z\374\222T\301\274V\236\223\262\270Ct\362\337b\356\024*\324\320\351\317\002k\336\234\027v\351\217\260\303\360\233ZPZWr\246$w\313\313\r\243r\232\2234\373\3539:N\004Q\245\272D\312D\300\300\t\323\0257\345e\271\na\215{\226\255x%T\257\037\333\004\344_/R\006E\344\037@\210\363\010\336T\226\247'\204_{\261\370""1\235\2445\343\033Y!\212\201\341\272\225'\007m\330\373}C\272\241\275(:\252\263\360\260H/\n(\217r\206\034\247/\345\245\035\261,\227\263\323\013\003""; }; ","ledgerHash: ""]+$\302\005\224\270\033E\r\312\315}\200\2505\216\221\301\341\035[\247\325\236M^\360a\267\356\267""; ledgerSeq: 47; type: liBASE; nodes {;   nodedata: ""\000\000\000/\001cEx]\211\377\330Q;\255\3404\372\225\341L\224\242\200VY\220\355\020\353I\n\363\266\036\311\003OR\250""\032\230\021\000\000\000\000\000\000\000\000\000\000\000\000\000\000\000\000\000\000\000\000\000\000\000\000\000\000\000\000\000\000\000\000N\257\035\210\036o\344T\377\225\250\247.\345\325\n\r$\025rz\252\202g\347$\223\020\235.\260\317/\351\253@/\351\253A\n\000""; }; nodes {;   nodedata: ""\323C\344\327\264{\312-\017:\006{\177\344N\002\326bO\260\220\006\033\362\345\005U\221DzJ0\001\301\025%1L\307\t\261\262z\374\222T\301\274V\236\223\262\270Ct\362\337b\356\024*\324\320\351\317\002k\336\234\027v\351\217\260\303\360\233ZPZWr\246$w\313\313\r\243r\232\2234\373\3539:N\004Q\245\272D\312D\300\300\t\323\0257\345e\271\na\215{\226\255x%T\257\037\333\004\344_/R\006E\344\037@\210\363\010\336T\226\247'\204_{\261\370""1\235\2445\343\033Y!\212\201\341\272\225'\007m\330\373}C\272\241\275(:\252\263\360\260H/\n(\217r\206\034\247/\345\245\035\261,\227\263\323\013\003""; }; "
1750527681494,1750527681495,0,1,3,4,TMLedgerData,"ledgerHash: ""]+$\302\005\224\270\033E\r\312\315}\200\2505\216\221\301\341\035[\247\325\236M^\360a\267\356\267""; ledgerSeq: 47; type: liBASE; nodes {;   nodedata: ""\000\000\000/\001cEx]\211\377\330Q;\255\3404\372\225\341L\224\242\200VY\220\355\020\353I\n\363\266\036\311\003OR\250""\032\230\021\000\000\000\000\000\000\000\000\000\000\000\000\000\000\000\000\000\000\000\000\000\000\000\000\000\000\000\000\000\000\000\000N\257\035\210\036o\344T\377\225\250\247.\345\325\n\r$\025rz\252\202g\347$\223\020\235.\260\317/\351\253@/\351\253A\n\000""; }; nodes {;   nodedata: ""\323C\344\327\264{\312-\017:\006{\177\344N\002\326bO\260\220\006\033\362\345\005U\221DzJ0\001\301\025%1L\307\t\261\262z\374\222T\301\274V\236\223\262\270Ct\362\337b\356\024*\324\320\351\317\002k\336\234\027v\351\217\260\303\360\233ZPZWr\246$w\313\313\r\243r\232\2234\373\3539:N\004Q\245\272D\312D\300\300\t\323\0257\345e\271\na\215{\226\255x%T\257\037\333\004\344_/R\006E\344\037@\210\363\010\336T\226\247'\204_{\261\370""1\235\2445\343\033Y!\212\201\341\272\225'\007m\330\373}C\272\241\275(:\252\263\360\260H/\n(\217r\206\034\247/\345\245\035\261,\227\263\323\013\003""; }; ","ledgerHash: ""]+$\302\005\224\270\033E\r\312\315}\200\2505\216\221\301\341\035[\247\325\236M^\360a\267\356\267""; ledgerSeq: 47; type: liBASE; nodes {;   nodedata: ""\000\000\000/\001cEx]\211\377\330Q;\255\3404\372\225\341L\224\242\200VY\220\355\020\353I\n\363\266\036\311\003OR\250""\032\230\021\000\000\000\000\000\000\000\000\000\000\000\000\000\000\000\000\000\000\000\000\000\000\000\000\000\000\000\000\000\000\000\000N\257\035\210\036o\344T\377\225\250\247.\345\325\n\r$\025rz\252\202g\347$\223\020\235.\260\317/\351\253@/\351\253A\n\000""; }; nodes {;   nodedata: ""\323C\344\327\264{\312-\017:\006{\177\344N\002\326bO\260\220\006\033\362\345\005U\221DzJ0\001\301\025%1L\307\t\261\262z\374\222T\301\274V\236\223\262\270Ct\362\337b\356\024*\324\320\351\317\002k\336\234\027v\351\217\260\303\360\233ZPZWr\246$w\313\313\r\243r\232\2234\373\3539:N\004Q\245\272D\312D\300\300\t\323\0257\345e\271\na\215{\226\255x%T\257\037\333\004\344_/R\006E\344\037@\210\363\010\336T\226\247'\204_{\261\370""1\235\2445\343\033Y!\212\201\341\272\225'\007m\330\373}C\272\241\275(:\252\263\360\260H/\n(\217r\206\034\247/\345\245\035\261,\227\263\323\013\003""; }; "
1750527681495,1750527681495,0,1,1,2,TMValidation,"validation: """"\200\000\000\001&\000\000\000/)/\351\253A:p\210\265\307-\212\200\004Q]+$\302\005\224\270\033E\r\312\315}\200\2505\216\221\301\341\035[\247\325\236M^\360a\267\356\267P\027\000\000\000\000\000\000\000\000\000\000\000\000\000\000\000\000\000\000\000\000\000\000\000\000\000\000\000\000\000\000\000\000P\031Q;\255\3404\372\225\341L\224\242\200VY\220\355\020\353I\n\363\266\036\311\003OR\250""\032\230\021s!\002\364d\217\366\217|\316F\232\231\241\n\261\333`\312O\367\235\025DD\336e\367\n\312\326\221\037\025\230vF0D\002 l\363uT`z\361\345\301\245\340\035\342\336\200m\273*^9T""$\020)\021'\323S\276.j\002 0\000@\264\0077NG\320\035z\270\271\360>+f\344Z\370@1K\231.\277\210\263F\355\3600""; ","validation: """"\200\000\000\001&\000\000\000/)/\351\253A:p\210\265\307-\212\200\004Q]+$\302\005\224\270\033E\r\312\315}\200\2505\216\221\301\341\035[\247\325\236M^\360a\267\356\267P\027\000\000\000\000\000\000\000\000\000\000\000\000\000\000\000\000\000\000\000\000\000\000\000\000\000\000\000\000\000\000\000\000P\031Q;\255\3404\372\225\341L\224\242\200VY\220\355\020\353I\n\363\266\036\311\003OR\250""\032\230\021s!\002\364d\217\366\217|\316F\232\231\241\n\261\333`\312O\367\235\025DD\336e\367\n\312\326\221\037\025\230vF0D\002 l\363uT`z\361\345\301\245\340\035\342\336\200m\273*^9T""$\020)\021'\323S\276.j\002 0\000@\264\0077NG\320\035z\270\271\360>+f\344Z\370@1K\231.\277\210\263F\355\3600""; "
1750527681496,1750527681496,0,1,1,2,TMGetLedger,"itype: liBASE; ledgerHash: ""]+$\302\005\224\270\033E\r\312\315}\200\2505\216\221\301\341\035[\247\325\236M^\360a\267\356\267""; queryType: qtINDIRECT; ","itype: liBASE; ledgerHash: ""]+$\302\005\224\270\033E\r\312\315}\200\2505\216\221\301\341\035[\247\325\236M^\360a\267\356\267""; queryType: qtINDIRECT; "
1750527681496,1750527681496,0,1,1,3,TMGetLedger,"itype: liBASE; ledgerHash: ""]+$\302\005\224\270\033E\r\312\315}\200\2505\216\221\301\341\035[\247\325\236M^\360a\267\356\267""; ledgerSeq: 47; requestCookie: 3; queryType: qtINDIRECT; ","itype: liBASE; ledgerHash: ""]+$\302\005\224\270\033E\r\312\315}\200\2505\216\221\301\341\035[\247\325\236M^\360a\267\356\267""; ledgerSeq: 47; requestCookie: 3; queryType: qtINDIRECT; "
1750527681497,1750527681497,0,1,4,3,TMGetLedger,"itype: liBASE; ledgerHash: ""]+$\302\005\224\270\033E\r\312\315}\200\2505\216\221\301\341\035[\247\325\236M^\360a\267\356\267""; requestCookie: 2; queryType: qtINDIRECT; ","itype: liBASE; ledgerHash: ""]+$\302\005\224\270\033E\r\312\315}\200\2505\216\221\301\341\035[\247\325\236M^\360a\267\356\267""; requestCookie: 2; queryType: qtINDIRECT; "
1750527681498,1750527681498,0,1,3,1,TMLedgerData,"ledgerHash: ""]+$\302\005\224\270\033E\r\312\315}\200\2505\216\221\301\341\035[\247\325\236M^\360a\267\356\267""; ledgerSeq: 47; type: liBASE; nodes {;   nodedata: ""\000\000\000/\001cEx]\211\377\330Q;\255\3404\372\225\341L\224\242\200VY\220\355\020\353I\n\363\266\036\311\003OR\250""\032\230\021\000\000\000\000\000\000\000\000\000\000\000\000\000\000\000\000\000\000\000\000\000\000\000\000\000\000\000\000\000\000\000\000N\257\035\210\036o\344T\377\225\250\247.\345\325\n\r$\025rz\252\202g\347$\223\020\235.\260\317/\351\253@/\351\253A\n\000""; }; nodes {;   nodedata: ""\323C\344\327\264{\312-\017:\006{\177\344N\002\326bO\260\220\006\033\362\345\005U\221DzJ0\001\301\025%1L\307\t\261\262z\374\222T\301\274V\236\223\262\270Ct\362\337b\356\024*\324\320\351\317\002k\336\234\027v\351\217\260\303\360\233ZPZWr\246$w\313\313\r\243r\232\2234\373\3539:N\004Q\245\272D\312D\300\300\t\323\0257\345e\271\na\215{\226\255x%T\257\037\333\004\344_/R\006E\344\037@\210\363\010\336T\226\247'\204_{\261\370""1\235\2445\343\033Y!\212\201\341\272\225'\007m\330\373}C\272\241\275(:\252\263\360\260H/\n(\217r\206\034\247/\345\245\035\261,\227\263\323\013\003""; }; ","ledgerHash: ""]+$\302\005\224\270\033E\r\312\315}\200\2505\216\221\301\341\035[\247\325\236M^\360a\267\356\267""; ledgerSeq: 47; type: liBASE; nodes {;   nodedata: ""\000\000\000/\001cEx]\211\377\330Q;\255\3404\372\225\341L\224\242\200VY\220\355\020\353I\n\363\266\036\311\003OR\250""\032\230\021\000\000\000\000\000\000\000\000\000\000\000\000\000\000\000\000\000\000\000\000\000\000\000\000\000\000\000\000\000\000\000\000N\257\035\210\036o\344T\377\225\250\247.\345\325\n\r$\025rz\252\202g\347$\223\020\235.\260\317/\351\253@/\351\253A\n\000""; }; nodes {;   nodedata: ""\323C\344\327\264{\312-\017:\006{\177\344N\002\326bO\260\220\006\033\362\345\005U\221DzJ0\001\301\025%1L\307\t\261\262z\374\222T\301\274V\236\223\262\270Ct\362\337b\356\024*\324\320\351\317\002k\336\234\027v\351\217\260\303\360\233ZPZWr\246$w\313\313\r\243r\232\2234\373\3539:N\004Q\245\272D\312D\300\300\t\323\0257\345e\271\na\215{\226\255x%T\257\037\333\004\344_/R\006E\344\037@\210\363\010\336T\226\247'\204_{\261\370""1\235\2445\343\033Y!\212\201\341\272\225'\007m\330\373}C\272\241\275(:\252\263\360\260H/\n(\217r\206\034\247/\345\245\035\261,\227\263\323\013\003""; }; "
1750527681498,1750527681498,0,1,3,1,TMLedgerData,"ledgerHash: ""]+$\302\005\224\270\033E\r\312\315}\200\2505\216\221\301\341\035[\247\325\236M^\360a\267\356\267""; ledgerSeq: 47; type: liBASE; nodes {;   nodedata: ""\000\000\000/\001cEx]\211\377\330Q;\255\3404\372\225\341L\224\242\200VY\220\355\020\353I\n\363\266\036\311\003OR\250""\032\230\021\000\000\000\000\000\000\000\000\000\000\000\000\000\000\000\000\000\000\000\000\000\000\000\000\000\000\000\000\000\000\000\000N\257\035\210\036o\344T\377\225\250\247.\345\325\n\r$\025rz\252\202g\347$\223\020\235.\260\317/\351\253@/\351\253A\n\000""; }; nodes {;   nodedata: ""\323C\344\327\264{\312-\017:\006{\177\344N\002\326bO\260\220\006\033\362\345\005U\221DzJ0\001\301\025%1L\307\t\261\262z\374\222T\301\274V\236\223\262\270Ct\362\337b\356\024*\324\320\351\317\002k\336\234\027v\351\217\260\303\360\233ZPZWr\246$w\313\313\r\243r\232\2234\373\3539:N\004Q\245\272D\312D\300\300\t\323\0257\345e\271\na\215{\226\255x%T\257\037\333\004\344_/R\006E\344\037@\210\363\010\336T\226\247'\204_{\261\370""1\235\2445\343\033Y!\212\201\341\272\225'\007m\330\373}C\272\241\275(:\252\263\360\260H/\n(\217r\206\034\247/\345\245\035\261,\227\263\323\013\003""; }; ","ledgerHash: ""]+$\302\005\224\270\033E\r\312\315}\200\2505\216\221\301\341\035[\247\325\236M^\360a\267\356\267""; ledgerSeq: 47; type: liBASE; nodes {;   nodedata: ""\000\000\000/\001cEx]\211\377\330Q;\255\3404\372\225\341L\224\242\200VY\220\355\020\353I\n\363\266\036\311\003OR\250""\032\230\021\000\000\000\000\000\000\000\000\000\000\000\000\000\000\000\000\000\000\000\000\000\000\000\000\000\000\000\000\000\000\000\000N\257\035\210\036o\344T\377\225\250\247.\345\325\n\r$\025rz\252\202g\347$\223\020\235.\260\317/\351\253@/\351\253A\n\000""; }; nodes {;   nodedata: ""\323C\344\327\264{\312-\017:\006{\177\344N\002\326bO\260\220\006\033\362\345\005U\221DzJ0\001\301\025%1L\307\t\261\262z\374\222T\301\274V\236\223\262\270Ct\362\337b\356\024*\324\320\351\317\002k\336\234\027v\351\217\260\303\360\233ZPZWr\246$w\313\313\r\243r\232\2234\373\3539:N\004Q\245\272D\312D\300\300\t\323\0257\345e\271\na\215{\226\255x%T\257\037\333\004\344_/R\006E\344\037@\210\363\010\336T\226\247'\204_{\261\370""1\235\2445\343\033Y!\212\201\341\272\225'\007m\330\373}C\272\241\275(:\252\263\360\260H/\n(\217r\206\034\247/\345\245\035\261,\227\263\323\013\003""; }; "
1750527681499,1750527681499,0,1,1,2,TMPing,type: ptPONG; seq: 2316895199; ,type: ptPONG; seq: 2316895199; 
1750527681499,1750527681499,0,1,4,3,TMGetLedger,"itype: liBASE; ledgerHash: ""]+$\302\005\224\270\033E\r\312\315}\200\2505\216\221\301\341\035[\247\325\236M^\360a\267\356\267""; ledgerSeq: 47; requestCookie: 3; queryType: qtINDIRECT; ","itype: liBASE; ledgerHash: ""]+$\302\005\224\270\033E\r\312\315}\200\2505\216\221\301\341\035[\247\325\236M^\360a\267\356\267""; ledgerSeq: 47; requestCookie: 3; queryType: qtINDIRECT; "
1750527681500,1750527681500,0,1,4,3,TMGetLedger,"itype: liAS_NODE; ledgerHash: ""]+$\302\005\224\270\033E\r\312\315}\200\2505\216\221\301\341\035[\247\325\236M^\360a\267\356\267""; ledgerSeq: 47; nodeIDs: ""\260\000\000\000\000\000\000\000\000\000\000\000\000\000\000\000\000\000\000\000\000\000\000\000\000\000\000\000\000\000\000\000\001""; queryType: qtINDIRECT; queryDepth: 1; ","itype: liAS_NODE; ledgerHash: ""]+$\302\005\224\270\033E\r\312\315}\200\2505\216\221\301\341\035[\247\325\236M^\360a\267\356\267""; ledgerSeq: 47; nodeIDs: ""\260\000\000\000\000\000\000\000\000\000\000\000\000\000\000\000\000\000\000\000\000\000\000\000\000\000\000\000\000\000\000\000\001""; queryType: qtINDIRECT; queryDepth: 1; "
1750527681500,1750527681500,0,1,3,0,TMValidation,"validation: """"\200\000\000\001&\000\000\000/)/\351\253A:p\210\265\307-\212\200\004Q]+$\302\005\224\270\033E\r\312\315}\200\2505\216\221\301\341\035[\247\325\236M^\360a\267\356\267P\027\000\000\000\000\000\000\000\000\000\000\000\000\000\000\000\000\000\000\000\000\000\000\000\000\000\000\000\000\000\000\000\000P\031Q;\255\3404\372\225\341L\224\242\200VY\220\355\020\353I\n\363\266\036\311\003OR\250""\032\230\021s!\002\364d\217\366\217|\316F\232\231\241\n\261\333`\312O\367\235\025DD\336e\367\n\312\326\221\037\025\230vF0D\002 l\363uT`z\361\345\301\245\340\035\342\336\200m\273*^9T""$\020)\021'\323S\276.j\002 0\000@\264\0077NG\320\035z\270\271\360>+f\344Z\370@1K\231.\277\210\263F\355\3600""; ","validation: """"\200\000\000\001&\000\000\000/)/\351\253A:p\210\265\307-\212\200\004Q]+$\302\005\224\270\033E\r\312\315}\200\2505\216\221\301\341\035[\247\325\236M^\360a\267\356\267P\027\000\000\000\000\000\000\000\000\000\000\000\000\000\000\000\000\000\000\000\000\000\000\000\000\000\000\000\000\000\000\000\000P\031Q;\255\3404\372\225\341L\224\242\200VY\220\355\020\353I\n\363\266\036\311\003OR\250""\032\230\021s!\002\364d\217\366\217|\316F\232\231\241\n\261\333`\312O\367\235\025DD\336e\367\n\312\326\221\037\025\230vF0D\002 l\363uT`z\361\345\301\245\340\035\342\336\200m\273*^9T""$\020)\021'\323S\276.j\002 0\000@\264\0077NG\320\035z\270\271\360>+f\344Z\370@1K\231.\277\210\263F\355\3600""; "
1750527681501,1750527681501,0,1,4,0,TMGetLedger,"itype: liBASE; ledgerHash: ""]+$\302\005\224\270\033E\r\312\315}\200\2505\216\221\301\341\035[\247\325\236M^\360a\267\356\267""; queryType: qtINDIRECT; ","itype: liBASE; ledgerHash: ""]+$\302\005\224\270\033E\r\312\315}\200\2505\216\221\301\341\035[\247\325\236M^\360a\267\356\267""; queryType: qtINDIRECT; "
1750527681501,1750527681501,0,1,4,0,TMGetLedger,"itype: liBASE; ledgerHash: ""]+$\302\005\224\270\033E\r\312\315}\200\2505\216\221\301\341\035[\247\325\236M^\360a\267\356\267""; ","itype: liBASE; ledgerHash: ""]+$\302\005\224\270\033E\r\312\315}\200\2505\216\221\301\341\035[\247\325\236M^\360a\267\356\267""; "
1750527681502,1750527681502,0,1,2,0,TMGetLedger,"itype: liBASE; ledgerHash: ""]+$\302\005\224\270\033E\r\312\315}\200\2505\216\221\301\341\035[\247\325\236M^\360a\267\356\267""; ledgerSeq: 47; queryType: qtINDIRECT; ","itype: liBASE; ledgerHash: ""]+$\302\005\224\270\033E\r\312\315}\200\2505\216\221\301\341\035[\247\325\236M^\360a\267\356\267""; ledgerSeq: 47; queryType: qtINDIRECT; "
1750527681502,1750527681503,0,1,2,0,TMValidation,"validation: """"\200\000\000\001&\000\000\000/)/\351\253A:p\210\265\307-\212\200\004Q]+$\302\005\224\270\033E\r\312\315}\200\2505\216\221\301\341\035[\247\325\236M^\360a\267\356\267P\027\000\000\000\000\000\000\000\000\000\000\000\000\000\000\000\000\000\000\000\000\000\000\000\000\000\000\000\000\000\000\000\000P\031Q;\255\3404\372\225\341L\224\242\200VY\220\355\020\353I\n\363\266\036\311\003OR\250""\032\230\021s!\002\364d\217\366\217|\316F\232\231\241\n\261\333`\312O\367\235\025DD\336e\367\n\312\326\221\037\025\230vF0D\002 l\363uT`z\361\345\301\245\340\035\342\336\200m\273*^9T""$\020)\021'\323S\276.j\002 0\000@\264\0077NG\320\035z\270\271\360>+f\344Z\370@1K\231.\277\210\263F\355\3600""; ","validation: """"\200\000\000\001&\000\000\000/)/\351\253A:p\210\265\307-\212\200\004Q]+$\302\005\224\270\033E\r\312\315}\200\2505\216\221\301\341\035[\247\325\236M^\360a\267\356\267P\027\000\000\000\000\000\000\000\000\000\000\000\000\000\000\000\000\000\000\000\000\000\000\000\000\000\000\000\000\000\000\000\000P\031Q;\255\3404\372\225\341L\224\242\200VY\220\355\020\353I\n\363\266\036\311\003OR\250""\032\230\021s!\002\364d\217\366\217|\316F\232\231\241\n\261\333`\312O\367\235\025DD\336e\367\n\312\326\221\037\025\230vF0D\002 l\363uT`z\361\345\301\245\340\035\342\336\200m\273*^9T""$\020)\021'\323S\276.j\002 0\000@\264\0077NG\320\035z\270\271\360>+f\344Z\370@1K\231.\277\210\263F\355\3600""; "
1750527681503,1750527681503,0,1,1,0,TMValidation,"validation: """"\200\000\000\001&\000\000\000/)/\351\253A:p\210\265\307-\212\200\004Q]+$\302\005\224\270\033E\r\312\315}\200\2505\216\221\301\341\035[\247\325\236M^\360a\267\356\267P\027\000\000\000\000\000\000\000\000\000\000\000\000\000\000\000\000\000\000\000\000\000\000\000\000\000\000\000\000\000\000\000\000P\031Q;\255\3404\372\225\341L\224\242\200VY\220\355\020\353I\n\363\266\036\311\003OR\250""\032\230\021s!\002\364d\217\366\217|\316F\232\231\241\n\261\333`\312O\367\235\025DD\336e\367\n\312\326\221\037\025\230vF0D\002 l\363uT`z\361\345\301\245\340\035\342\336\200m\273*^9T""$\020)\021'\323S\276.j\002 0\000@\264\0077NG\320\035z\270\271\360>+f\344Z\370@1K\231.\277\210\263F\355\3600""; ","validation: """"\200\000\000\001&\000\000\000/)/\351\253A:p\210\265\307-\212\200\004Q]+$\302\005\224\270\033E\r\312\315}\200\2505\216\221\301\341\035[\247\325\236M^\360a\267\356\267P\027\000\000\000\000\000\000\000\000\000\000\000\000\000\000\000\000\000\000\000\000\000\000\000\000\000\000\000\000\000\000\000\000P\031Q;\255\3404\372\225\341L\224\242\200VY\220\355\020\353I\n\363\266\036\311\003OR\250""\032\230\021s!\002\364d\217\366\217|\316F\232\231\241\n\261\333`\312O\367\235\025DD\336e\367\n\312\326\221\037\025\230vF0D\002 l\363uT`z\361\345\301\245\340\035\342\336\200m\273*^9T""$\020)\021'\323S\276.j\002 0\000@\264\0077NG\320\035z\270\271\360>+f\344Z\370@1K\231.\277\210\263F\355\3600""; "
1750527681504,1750527681504,0,1,1,0,TMGetLedger,"itype: liBASE; ledgerHash: ""]+$\302\005\224\270\033E\r\312\315}\200\2505\216\221\301\341\035[\247\325\236M^\360a\267\356\267""; queryType: qtINDIRECT; ","itype: liBASE; ledgerHash: ""]+$\302\005\224\270\033E\r\312\315}\200\2505\216\221\301\341\035[\247\325\236M^\360a\267\356\267""; queryType: qtINDIRECT; "
1750527681504,1750527681505,0,1,3,0,TMLedgerData,"ledgerHash: ""]+$\302\005\224\270\033E\r\312\315}\200\2505\216\221\301\341\035[\247\325\236M^\360a\267\356\267""; ledgerSeq: 47; type: liBASE; nodes {;   nodedata: ""\000\000\000/\001cEx]\211\377\330Q;\255\3404\372\225\341L\224\242\200VY\220\355\020\353I\n\363\266\036\311\003OR\250""\032\230\021\000\000\000\000\000\000\000\000\000\000\000\000\000\000\000\000\000\000\000\000\000\000\000\000\000\000\000\000\000\000\000\000N\257\035\210\036o\344T\377\225\250\247.\345\325\n\r$\025rz\252\202g\347$\223\020\235.\260\317/\351\253@/\351\253A\n\000""; }; nodes {;   nodedata: ""\323C\344\327\264{\312-\017:\006{\177\344N\002\326bO\260\220\006\033\362\345\005U\221DzJ0\001\301\025%1L\307\t\261\262z\374\222T\301\274V\236\223\262\270Ct\362\337b\356\024*\324\320\351\317\002k\336\234\027v\351\217\260\303\360\233ZPZWr\246$w\313\313\r\243r\232\2234\373\3539:N\004Q\245\272D\312D\300\300\t\323\0257\345e\271\na\215{\226\255x%T\257\037\333\004\344_/R\006E\344\037@\210\363\010\336T\226\247'\204_{\261\370""1\235\2445\343\033Y!\212\201\341\272\225'\007m\330\373}C\272\241\275(:\252\263\360\260H/\n(\217r\206\034\247/\345\245\035\261,\227\263\323\013\003""; }; ","ledgerHash: ""]+$\302\005\224\270\033E\r\312\315}\200\2505\216\221\301\341\035[\247\325\236M^\360a\267\356\267""; ledgerSeq: 47; type: liBASE; nodes {;   nodedata: ""\000\000\000/\001cEx]\211\377\330Q;\255\3404\372\225\341L\224\242\200VY\220\355\020\353I\n\363\266\036\311\003OR\250""\032\230\021\000\000\000\000\000\000\000\000\000\000\000\000\000\000\000\000\000\000\000\000\000\000\000\000\000\000\000\000\000\000\000\000N\257\035\210\036o\344T\377\225\250\247.\345\325\n\r$\025rz\252\202g\347$\223\020\235.\260\317/\351\253@/\351\253A\n\000""; }; nodes {;   nodedata: ""\323C\344\327\264{\312-\017:\006{\177\344N\002\326bO\260\220\006\033\362\345\005U\221DzJ0\001\301\025%1L\307\t\261\262z\374\222T\301\274V\236\223\262\270Ct\362\337b\356\024*\324\320\351\317\002k\336\234\027v\351\217\260\303\360\233ZPZWr\246$w\313\313\r\243r\232\2234\373\3539:N\004Q\245\272D\312D\300\300\t\323\0257\345e\271\na\215{\226\255x%T\257\037\333\004\344_/R\006E\344\037@\210\363\010\336T\226\247'\204_{\261\370""1\235\2445\343\033Y!\212\201\341\272\225'\007m\330\373}C\272\241\275(:\252\263\360\260H/\n(\217r\206\034\247/\345\245\035\261,\227\263\323\013\003""; }; "
1750527681505,1750527681505,0,1,1,3,TMGetLedger,"itype: liBASE; ledgerHash: ""]+$\302\005\224\270\033E\r\312\315}\200\2505\216\221\301\341\035[\247\325\236M^\360a\267\356\267""; ledgerSeq: 47; requestCookie: 2; queryType: qtINDIRECT; ","itype: liBASE; ledgerHash: ""]+$\302\005\224\270\033E\r\312\315}\200\2505\216\221\301\341\035[\247\325\236M^\360a\267\356\267""; ledgerSeq: 47; requestCookie: 2; queryType: qtINDIRECT; "
1750527681505,1750527681505,0,1,3,0,TMLedgerData,"ledgerHash: ""]+$\302\005\224\270\033E\r\312\315}\200\2505\216\221\301\341\035[\247\325\236M^\360a\267\356\267""; ledgerSeq: 47; type: liBASE; nodes {;   nodedata: ""\000\000\000/\001cEx]\211\377\330Q;\255\3404\372\225\341L\224\242\200VY\220\355\020\353I\n\363\266\036\311\003OR\250""\032\230\021\000\000\000\000\000\000\000\000\000\000\000\000\000\000\000\000\000\000\000\000\000\000\000\000\000\000\000\000\000\000\000\000N\257\035\210\036o\344T\377\225\250\247.\345\325\n\r$\025rz\252\202g\347$\223\020\235.\260\317/\351\253@/\351\253A\n\000""; }; nodes {;   nodedata: ""\323C\344\327\264{\312-\017:\006{\177\344N\002\326bO\260\220\006\033\362\345\005U\221DzJ0\001\301\025%1L\307\t\261\262z\374\222T\301\274V\236\223\262\270Ct\362\337b\356\024*\324\320\351\317\002k\336\234\027v\351\217\260\303\360\233ZPZWr\246$w\313\313\r\243r\232\2234\373\3539:N\004Q\245\272D\312D\300\300\t\323\0257\345e\271\na\215{\226\255x%T\257\037\333\004\344_/R\006E\344\037@\210\363\010\336T\226\247'\204_{\261\370""1\235\2445\343\033Y!\212\201\341\272\225'\007m\330\373}C\272\241\275(:\252\263\360\260H/\n(\217r\206\034\247/\345\245\035\261,\227\263\323\013\003""; }; ","ledgerHash: ""]+$\302\005\224\270\033E\r\312\315}\200\2505\216\221\301\341\035[\247\325\236M^\360a\267\356\267""; ledgerSeq: 47; type: liBASE; nodes {;   nodedata: ""\000\000\000/\001cEx]\211\377\330Q;\255\3404\372\225\341L\224\242\200VY\220\355\020\353I\n\363\266\036\311\003OR\250""\032\230\021\000\000\000\000\000\000\000\000\000\000\000\000\000\000\000\000\000\000\000\000\000\000\000\000\000\000\000\000\000\000\000\000N\257\035\210\036o\344T\377\225\250\247.\345\325\n\r$\025rz\252\202g\347$\223\020\235.\260\317/\351\253@/\351\253A\n\000""; }; nodes {;   nodedata: ""\323C\344\327\264{\312-\017:\006{\177\344N\002\326bO\260\220\006\033\362\345\005U\221DzJ0\001\301\025%1L\307\t\261\262z\374\222T\301\274V\236\223\262\270Ct\362\337b\356\024*\324\320\351\317\002k\336\234\027v\351\217\260\303\360\233ZPZWr\246$w\313\313\r\243r\232\2234\373\3539:N\004Q\245\272D\312D\300\300\t\323\0257\345e\271\na\215{\226\255x%T\257\037\333\004\344_/R\006E\344\037@\210\363\010\336T\226\247'\204_{\261\370""1\235\2445\343\033Y!\212\201\341\272\225'\007m\330\373}C\272\241\275(:\252\263\360\260H/\n(\217r\206\034\247/\345\245\035\261,\227\263\323\013\003""; }; "
1750527681506,1750527681506,0,1,3,1,TMPing,type: ptPONG; seq: 3319795514; ,type: ptPONG; seq: 3319795514; 
1750527681507,1750527681507,0,1,2,3,TMGetLedger,"itype: liBASE; ledgerHash: ""]+$\302\005\224\270\033E\r\312\315}\200\2505\216\221\301\341\035[\247\325\236M^\360a\267\356\267""; ledgerSeq: 47; queryType: qtINDIRECT; ","itype: liBASE; ledgerHash: ""]+$\302\005\224\270\033E\r\312\315}\200\2505\216\221\301\341\035[\247\325\236M^\360a\267\356\267""; ledgerSeq: 47; queryType: qtINDIRECT; "
1750527681507,1750527681507,0,1,3,1,TMLedgerData,"ledgerHash: ""]+$\302\005\224\270\033E\r\312\315}\200\2505\216\221\301\341\035[\247\325\236M^\360a\267\356\267""; ledgerSeq: 47; type: liBASE; nodes {;   nodedata: ""\000\000\000/\001cEx]\211\377\330Q;\255\3404\372\225\341L\224\242\200VY\220\355\020\353I\n\363\266\036\311\003OR\250""\032\230\021\000\000\000\000\000\000\000\000\000\000\000\000\000\000\000\000\000\000\000\000\000\000\000\000\000\000\000\000\000\000\000\000N\257\035\210\036o\344T\377\225\250\247.\345\325\n\r$\025rz\252\202g\347$\223\020\235.\260\317/\351\253@/\351\253A\n\000""; }; nodes {;   nodedata: ""\323C\344\327\264{\312-\017:\006{\177\344N\002\326bO\260\220\006\033\362\345\005U\221DzJ0\001\301\025%1L\307\t\261\262z\374\222T\301\274V\236\223\262\270Ct\362\337b\356\024*\324\320\351\317\002k\336\234\027v\351\217\260\303\360\233ZPZWr\246$w\313\313\r\243r\232\2234\373\3539:N\004Q\245\272D\312D\300\300\t\323\0257\345e\271\na\215{\226\255x%T\257\037\333\004\344_/R\006E\344\037@\210\363\010\336T\226\247'\204_{\261\370""1\235\2445\343\033Y!\212\201\341\272\225'\007m\330\373}C\272\241\275(:\252\263\360\260H/\n(\217r\206\034\247/\345\245\035\261,\227\263\323\013\003""; }; requestCookie: 5; ","ledgerHash: ""]+$\302\005\224\270\033E\r\312\315}\200\2505\216\221\301\341\035[\247\325\236M^\360a\267\356\267""; ledgerSeq: 47; type: liBASE; nodes {;   nodedata: ""\000\000\000/\001cEx]\211\377\330Q;\255\3404\372\225\341L\224\242\200VY\220\355\020\353I\n\363\266\036\311\003OR\250""\032\230\021\000\000\000\000\000\000\000\000\000\000\000\000\000\000\000\000\000\000\000\000\000\000\000\000\000\000\000\000\000\000\000\000N\257\035\210\036o\344T\377\225\250\247.\345\325\n\r$\025rz\252\202g\347$\223\020\235.\260\317/\351\253@/\351\253A\n\000""; }; nodes {;   nodedata: ""\323C\344\327\264{\312-\017:\006{\177\344N\002\326bO\260\220\006\033\362\345\005U\221DzJ0\001\301\025%1L\307\t\261\262z\374\222T\301\274V\236\223\262\270Ct\362\337b\356\024*\324\320\351\317\002k\336\234\027v\351\217\260\303\360\233ZPZWr\246$w\313\313\r\243r\232\2234\373\3539:N\004Q\245\272D\312D\300\300\t\323\0257\345e\271\na\215{\226\255x%T\257\037\333\004\344_/R\006E\344\037@\210\363\010\336T\226\247'\204_{\261\370""1\235\2445\343\033Y!\212\201\341\272\225'\007m\330\373}C\272\241\275(:\252\263\360\260H/\n(\217r\206\034\247/\345\245\035\261,\227\263\323\013\003""; }; requestCookie: 5; "
1750527681508,1750527681508,0,1,2,3,TMGetLedger,"itype: liBASE; ledgerHash: ""]+$\302\005\224\270\033E\r\312\315}\200\2505\216\221\301\341\035[\247\325\236M^\360a\267\356\267""; requestCookie: 5; queryType: qtINDIRECT; ","itype: liBASE; ledgerHash: ""]+$\302\005\224\270\033E\r\312\315}\200\2505\216\221\301\341\035[\247\325\236M^\360a\267\356\267""; requestCookie: 5; queryType: qtINDIRECT; "
1750527681508,1750527681508,0,1,2,3,TMGetLedger,"itype: liBASE; ledgerHash: ""]+$\302\005\224\270\033E\r\312\315}\200\2505\216\221\301\341\035[\247\325\236M^\360a\267\356\267""; ledgerSeq: 47; requestCookie: 2; queryType: qtINDIRECT; ","itype: liBASE; ledgerHash: ""]+$\302\005\224\270\033E\r\312\315}\200\2505\216\221\301\341\035[\247\325\236M^\360a\267\356\267""; ledgerSeq: 47; requestCookie: 2; queryType: qtINDIRECT; "
1750527681509,1750527681509,0,1,4,3,TMGetLedger,"itype: liBASE; ledgerHash: ""]+$\302\005\224\270\033E\r\312\315}\200\2505\216\221\301\341\035[\247\325\236M^\360a\267\356\267""; ledgerSeq: 47; requestCookie: 1; queryType: qtINDIRECT; ","itype: liBASE; ledgerHash: ""]+$\302\005\224\270\033E\r\312\315}\200\2505\216\221\301\341\035[\247\325\236M^\360a\267\356\267""; ledgerSeq: 47; requestCookie: 1; queryType: qtINDIRECT; "
1750527681509,1750527681509,0,1,3,1,TMLedgerData,"ledgerHash: ""]+$\302\005\224\270\033E\r\312\315}\200\2505\216\221\301\341\035[\247\325\236M^\360a\267\356\267""; ledgerSeq: 47; type: liBASE; nodes {;   nodedata: ""\000\000\000/\001cEx]\211\377\330Q;\255\3404\372\225\341L\224\242\200VY\220\355\020\353I\n\363\266\036\311\003OR\250""\032\230\021\000\000\000\000\000\000\000\000\000\000\000\000\000\000\000\000\000\000\000\000\000\000\000\000\000\000\000\000\000\000\000\000N\257\035\210\036o\344T\377\225\250\247.\345\325\n\r$\025rz\252\202g\347$\223\020\235.\260\317/\351\253@/\351\253A\n\000""; }; nodes {;   nodedata: ""\323C\344\327\264{\312-\017:\006{\177\344N\002\326bO\260\220\006\033\362\345\005U\221DzJ0\001\301\025%1L\307\t\261\262z\374\222T\301\274V\236\223\262\270Ct\362\337b\356\024*\324\320\351\317\002k\336\234\027v\351\217\260\303\360\233ZPZWr\246$w\313\313\r\243r\232\2234\373\3539:N\004Q\245\272D\312D\300\300\t\323\0257\345e\271\na\215{\226\255x%T\257\037\333\004\344_/R\006E\344\037@\210\363\010\336T\226\247'\204_{\261\370""1\235\2445\343\033Y!\212\201\341\272\225'\007m\330\373}C\272\241\275(:\252\263\360\260H/\n(\217r\206\034\247/\345\245\035\261,\227\263\323\013\003""; }; requestCookie: 3; ","ledgerHash: ""]+$\302\005\224\270\033E\r\312\315}\200\2505\216\221\301\341\035[\247\325\236M^\360a\267\356\267""; ledgerSeq: 47; type: liBASE; nodes {;   nodedata: ""\000\000\000/\001cEx]\211\377\330Q;\255\3404\372\225\341L\224\242\200VY\220\355\020\353I\n\363\266\036\311\003OR\250""\032\230\021\000\000\000\000\000\000\000\000\000\000\000\000\000\000\000\000\000\000\000\000\000\000\000\000\000\000\000\000\000\000\000\000N\257\035\210\036o\344T\377\225\250\247.\345\325\n\r$\025rz\252\202g\347$\223\020\235.\260\317/\351\253@/\351\253A\n\000""; }; nodes {;   nodedata: ""\323C\344\327\264{\312-\017:\006{\177\344N\002\326bO\260\220\006\033\362\345\005U\221DzJ0\001\301\025%1L\307\t\261\262z\374\222T\301\274V\236\223\262\270Ct\362\337b\356\024*\324\320\351\317\002k\336\234\027v\351\217\260\303\360\233ZPZWr\246$w\313\313\r\243r\232\2234\373\3539:N\004Q\245\272D\312D\300\300\t\323\0257\345e\271\na\215{\226\255x%T\257\037\333\004\344_/R\006E\344\037@\210\363\010\336T\226\247'\204_{\261\370""1\235\2445\343\033Y!\212\201\341\272\225'\007m\330\373}C\272\241\275(:\252\263\360\260H/\n(\217r\206\034\247/\345\245\035\261,\227\263\323\013\003""; }; requestCookie: 3; "
1750527681510,1750527681510,0,1,3,4,TMLedgerData,"ledgerHash: ""]+$\302\005\224\270\033E\r\312\315}\200\2505\216\221\301\341\035[\247\325\236M^\360a\267\356\267""; ledgerSeq: 47; type: liBASE; nodes {;   nodedata: ""\000\000\000/\001cEx]\211\377\330Q;\255\3404\372\225\341L\224\242\200VY\220\355\020\353I\n\363\266\036\311\003OR\250""\032\230\021\000\000\000\000\000\000\000\000\000\000\000\000\000\000\000\000\000\000\000\000\000\000\000\000\000\000\000\000\000\000\000\000N\257\035\210\036o\344T\377\225\250\247.\345\325\n\r$\025rz\252\202g\347$\223\020\235.\260\317/\351\253@/\351\253A\n\000""; }; nodes {;   nodedata: ""\323C\344\327\264{\312-\017:\006{\177\344N\002\326bO\260\220\006\033\362\345\005U\221DzJ0\001\301\025%1L\307\t\261\262z\374\222T\301\274V\236\223\262\270Ct\362\337b\356\024*\324\320\351\317\002k\336\234\027v\351\217\260\303\360\233ZPZWr\246$w\313\313\r\243r\232\2234\373\3539:N\004Q\245\272D\312D\300\300\t\323\0257\345e\271\na\215{\226\255x%T\257\037\333\004\344_/R\006E\344\037@\210\363\010\336T\226\247'\204_{\261\370""1\235\2445\343\033Y!\212\201\341\272\225'\007m\330\373}C\272\241\275(:\252\263\360\260H/\n(\217r\206\034\247/\345\245\035\261,\227\263\323\013\003""; }; requestCookie: 2; ","ledgerHash: ""]+$\302\005\224\270\033E\r\312\315}\200\2505\216\221\301\341\035[\247\325\236M^\360a\267\356\267""; ledgerSeq: 47; type: liBASE; nodes {;   nodedata: ""\000\000\000/\001cEx]\211\377\330Q;\255\3404\372\225\341L\224\242\200VY\220\355\020\353I\n\363\266\036\311\003OR\250""\032\230\021\000\000\000\000\000\000\000\000\000\000\000\000\000\000\000\000\000\000\000\000\000\000\000\000\000\000\000\000\000\000\000\000N\257\035\210\036o\344T\377\225\250\247.\345\325\n\r$\025rz\252\202g\347$\223\020\235.\260\317/\351\253@/\351\253A\n\000""; }; nodes {;   nodedata: ""\323C\344\327\264{\312-\017:\006{\177\344N\002\326bO\260\220\006\033\362\345\005U\221DzJ0\001\301\025%1L\307\t\261\262z\374\222T\301\274V\236\223\262\270Ct\362\337b\356\024*\324\320\351\317\002k\336\234\027v\351\217\260\303\360\233ZPZWr\246$w\313\313\r\243r\232\2234\373\3539:N\004Q\245\272D\312D\300\300\t\323\0257\345e\271\na\215{\226\255x%T\257\037\333\004\344_/R\006E\344\037@\210\363\010\336T\226\247'\204_{\261\370""1\235\2445\343\033Y!\212\201\341\272\225'\007m\330\373}C\272\241\275(:\252\263\360\260H/\n(\217r\206\034\247/\345\245\035\261,\227\263\323\013\003""; }; requestCookie: 2; "
1750527681511,1750527681511,0,1,1,3,TMGetLedger,"itype: liAS_NODE; ledgerHash: ""]+$\302\005\224\270\033E\r\312\315}\200\2505\216\221\301\341\035[\247\325\236M^\360a\267\356\267""; ledgerSeq: 47; nodeIDs: ""\260\000\000\000\000\000\000\000\000\000\000\000\000\000\000\000\000\000\000\000\000\000\000\000\000\000\000\000\000\000\000\000\001""; queryType: qtINDIRECT; queryDepth: 1; ","itype: liAS_NODE; ledgerHash: ""]+$\302\005\224\270\033E\r\312\315}\200\2505\216\221\301\341\035[\247\325\236M^\360a\267\356\267""; ledgerSeq: 47; nodeIDs: ""\260\000\000\000\000\000\000\000\000\000\000\000\000\000\000\000\000\000\000\000\000\000\000\000\000\000\000\000\000\000\000\000\001""; queryType: qtINDIRECT; queryDepth: 1; "
1750527681511,1750527681511,0,1,3,4,TMLedgerData,"ledgerHash: ""]+$\302\005\224\270\033E\r\312\315}\200\2505\216\221\301\341\035[\247\325\236M^\360a\267\356\267""; ledgerSeq: 47; type: liBASE; nodes {;   nodedata: ""\000\000\000/\001cEx]\211\377\330Q;\255\3404\372\225\341L\224\242\200VY\220\355\020\353I\n\363\266\036\311\003OR\250""\032\230\021\000\000\000\000\000\000\000\000\000\000\000\000\000\000\000\000\000\000\000\000\000\000\000\000\000\000\000\000\000\000\000\000N\257\035\210\036o\344T\377\225\250\247.\345\325\n\r$\025rz\252\202g\347$\223\020\235.\260\317/\351\253@/\351\253A\n\000""; }; nodes {;   nodedata: ""\323C\344\327\264{\312-\017:\006{\177\344N\002\326bO\260\220\006\033\362\345\005U\221DzJ0\001\301\025%1L\307\t\261\262z\374\222T\301\274V\236\223\262\270Ct\362\337b\356\024*\324\320\351\317\002k\336\234\027v\351\217\260\303\360\233ZPZWr\246$w\313\313\r\243r\232\2234\373\3539:N\004Q\245\272D\312D\300\300\t\323\0257\345e\271\na\215{\226\255x%T\257\037\333\004\344_/R\006E\344\037@\210\363\010\336T\226\247'\204_{\261\370""1\235\2445\343\033Y!\212\201\341\272\225'\007m\330\373}C\272\241\275(:\252\263\360\260H/\n(\217r\206\034\247/\345\245\035\261,\227\263\323\013\003""; }; requestCookie: 3; ","ledgerHash: ""]+$\302\005\224\270\033E\r\312\315}\200\2505\216\221\301\341\035[\247\325\236M^\360a\267\356\267""; ledgerSeq: 47; type: liBASE; nodes {;   nodedata: ""\000\000\000/\001cEx]\211\377\330Q;\255\3404\372\225\341L\224\242\200VY\220\355\020\353I\n\363\266\036\311\003OR\250""\032\230\021\000\000\000\000\000\000\000\000\000\000\000\000\000\000\000\000\000\000\000\000\000\000\000\000\000\000\000\000\000\000\000\000N\257\035\210\036o\344T\377\225\250\247.\345\325\n\r$\025rz\252\202g\347$\223\020\235.\260\317/\351\253@/\351\253A\n\000""; }; nodes {;   nodedata: ""\323C\344\327\264{\312-\017:\006{\177\344N\002\326bO\260\220\006\033\362\345\005U\221DzJ0\001\301\025%1L\307\t\261\262z\374\222T\301\274V\236\223\262\270Ct\362\337b\356\024*\324\320\351\317\002k\336\234\027v\351\217\260\303\360\233ZPZWr\246$w\313\313\r\243r\232\2234\373\3539:N\004Q\245\272D\312D\300\300\t\323\0257\345e\271\na\215{\226\255x%T\257\037\333\004\344_/R\006E\344\037@\210\363\010\336T\226\247'\204_{\261\370""1\235\2445\343\033Y!\212\201\341\272\225'\007m\330\373}C\272\241\275(:\252\263\360\260H/\n(\217r\206\034\247/\345\245\035\261,\227\263\323\013\003""; }; requestCookie: 3; "
1750527681512,1750527681512,0,1,3,4,TMLedgerData,"ledgerHash: ""]+$\302\005\224\270\033E\r\312\315}\200\2505\216\221\301\341\035[\247\325\236M^\360a\267\356\267""; ledgerSeq: 47; type: liAS_NODE; nodes {;   nodedata: ""\021\000h""\000\000\000\000 \033\000\000\000.\002\023\306\037\330\356GuH\375\327!\255\371\r\231\262R\256J\034\222\241\355X\265E\241^W\225\304\014\361CX-}\351f\032\255\274\334m\326c\017\014ao[\342\230\003\245\245\3341Hm\326^\017jy\335\261\032Yt\320\244{g\0306\\302\303*\341\215\223\257\364\277o\375\000r\241SOq\221\253\262\005\017\375T\356\014\360o'\030\311-\267\031\257!\031T\006><\315XM\334\324\345\034\000\325\367\240\271\013\265\024\321\362\354\211\250.\234s\225amc\305\035\366\276\037nD\277`\210\223N\3535\033\261\304f\331]\036\237\306o!\223\221\002\324\031\262\240R\177 ,\214\325\Q])\016\2067\277\t\354\010\000\360\215\2502\265\245\310\226\243c\302Ze\306\253#r\020\211\320iG\276\020E\317\035Sf\223F\254\033@\177e\277\016\010u\327\371&\262\312\317Q\2361t\377x\234\001v\003%\030\325_\225g\204\346a=\225\273\331\354\365*U\363\263N\367b\371\244\314-w\363\262\225Z\200\206\235\233\257?sE\2674\254\326mU\377?\177Ek\336\030!\316Aa\225\303\022\377{\210Y\226\271as\354L\035\004\341\361\035\301\024\220m#*\372\032\3178~\374\250\014*\323\342'z69\220\327\256\351G\367\317u\302\207\270b\315\333\333\334\310I\323&\014\352XZnW2.\335\347\202\021\247\362\212e\034\000\001\250\220\305;a\314\265R\310\017\317\331\235\360\262\240:\277\202\266\354\265X""\022\nh\252\352w\204\203\023]\001f\352\277\0031Q]\362\370R\350{\261\202\240\344\215\201\353\276\322p5p\350\354\017>\250r\241c\273\016\301\024\363\242\247\263\231\370\344\nBW\220K\316@3\243\200\036wk\253GSlU\010\360\231>\331\263H\214\324\030A\225\301o\346pkSF\004\241\213w9\223=\250\262*+\255\351r\265\244c\024\213\t\007`\223\325#\3477\210\345P\306\013\320\252[\0216+\227=`\371P\314\346 V7\271[~\n\237\274|\347\352@K\253~&\260\032\024\004B\200\255h\351\013\361\031:nG\211\005|\2003\266\274\251,W\006u\344\335d\003\306\212\313,\340\350bG\n\030Z\2732-\246\312\255\030\003\235207\005}D\260\0261ah\322M\304\216\273m0\271\234\237\007<w$\265C\245\232\033\023\313c\321B\032l\301h\005\320\252\301\361(\330[\343\357\343{\235\n\266g\272>\177\317\347\261qb&\270&\346ju\200\363N\320\307\004\034\001n\317\361\2653\254\2503\247\305\372\316W\022O\253x\250\025\373\247\354Tc\304\263\243^\352Gv\\264\261\r\035\226\306\2411\351\233\203\215\200$\231\300f\220\371c@\017\254\363\\371\340\340VaR\205~^\226\342t\360\022\204d\231\205)\272\364?\361!\334\331\315\254\230\rBG\314\023\246\244=\351\177\254\302b&\276+H;0\312\021&\275\036\237\350R\313\206R\331\304k\323u\263t\221\213yC\241\217A\242\027g\322\241'\212.E?B_\316\327\217J +\370\t^b\005\020\003\211\373\247|hC\271Nmk~J\270EU\274\036-\347\240\312FA\321\341bca\253\025\321\311\317\021\375\317\217\n\272\033o\353G>\275\361H\265\240\232um""\317\324`\214\221\314\000\211K\223+(""\200i \311\372g\254\343ZR0\224\275q\252\357\213\263\206N\357&Q\217\267\303\356I\236\357\264\311b\037\366\035\253\343\311\265\240\327q\206f\262ODi\215-\363>\034\236l\273\005G\316F\217}[\036\007\270:\260\335\271B\241N\345\330\204\327f\361\272Kb\0377p\334\264\237\177~\330]\252+:\317u\302h\n\351\n\364\231\277R\371\356\033y\265v\360Ny\246\332qY\262\231\251\n\305\334\202\305\362\n\367@k\231\016R:\327\242\366\242\253LZY\223$Gw^\203\302\311\316I7\371tTwp}\005|\372\214\251{R`\230V\244-\326I\351\255\325i\335\377\321\353\327\331\302\023\347y\016\263\271\317\306\017UV\314qu?\0064A\315{3D\010\016S\212\2353k0\361\214ID\303g\277\010Y_\001~\021\333\370\255\374\\331\306\255\336)\365Rth\024\t\300.M\315\321S\257\224\252\362\326P\316\303%nX\3742\333\036\004Y\264yG^\234\177\214\305q\237\274G\300a4\275\240s\215\222\210\016\020G\344=-:GK\312\035\271\201\350\376F\260G\347\000\235\365P6pmH\033\373\212c\377o\232\356\320D\002\277,]os{\354/?\312e\006wda\001\023\375\316\025\254\321\244\370+Y`\220\270\254\2601E[FI\310\235<qI \356\032v%\001\230\016\203\200\251UD\347\304\373\034\211\340@\342\033\263\365\356\341\357\350\324\035J\032\177\230\207\220\303+\207\352g\317N\027>\222M\271m\033\236\021:\272\233r\373\233hC}\256\020\210\010\233\335\025[ d(\343\263\327\177\030\246\254H\277\254E\231\006\033_lB\210\264\334Y\322\314\362\320L\000Q\240\317\3502\006,|\364\004\275\034\006\337\370""\330\364\202\314\315\311?\030\260\361u)\336\202\265Y\177X\227$\245tCB\345\314d\231A\300\204\371KJ\036\321\330\014]""EN\266$]\331\226c\351\312\376z\254\214\206B\274&M\032\376v\266\3104u)\r\312\021\273\030jJH\215G4\367fQ;\255\3404\372\225\341L\224\242\200VY\220\355\020\353I\n\363\266\036\311\003OR\250""\032\230\021\264\227\2326\315\307\363\323\325\303\032N\256*\307\327 \235\332\207u\210\271\257\306g\231i*\260\326k\001"";   nodeid: ""\260\000\000\000\000\000\000\000\000\000\000\000\000\000\000\000\000\000\000\000\000\000\000\000\000\000\000\000\000\000\000\000\001""; }; ","ledgerHash: ""]+$\302\005\224\270\033E\r\312\315}\200\2505\216\221\301\341\035[\247\325\236M^\360a\267\356\267""; ledgerSeq: 47; type: liAS_NODE; nodes {;   nodedata: ""\021\000h""\000\000\000\000 \033\000\000\000.\002\023\306\037\330\356GuH\375\327!\255\371\r\231\262R\256J\034\222\241\355X\265E\241^W\225\304\014\361CX-}\351f\032\255\274\334m\326c\017\014ao[\342\230\003\245\245\3341Hm\326^\017jy\335\261\032Yt\320\244{g\0306\\302\303*\341\215\223\257\364\277o\375\000r\241SOq\221\253\262\005\017\375T\356\014\360o'\030\311-\267\031\257!\031T\006><\315XM\334\324\345\034\000\325\367\240\271\013\265\024\321\362\354\211\250.\234s\225amc\305\035\366\276\037nD\277`\210\223N\3535\033\261\304f\331]\036\237\306o!\223\221\002\324\031\262\240R\177 ,\214\325\Q])\016\2067\277\t\354\010\000\360\215\2502\265\245\310\226\243c\302Ze\306\253#r\020\211\320iG\276\020E\317\035Sf\223F\254\033@\177e\277\016\010u\327\371&\262\312\317Q\2361t\377x\234\001v\003%\030\325_\225g\204\346a=\225\273\331\354\365*U\363\263N\367b\371\244\314-w\363\262\225Z\200\206\235\233\257?sE\2674\254\326mU\377?\177Ek\336\030!\316Aa\225\303\022\377{\210Y\226\271as\354L\035\004\341\361\035\301\024\220m#*\372\032\3178~\374\250\014*\323\342'z69\220\327\256\351G\367\317u\302\207\270b\315\333\333\334\310I\323&\014\352XZnW2.\335\347\202\021\247\362\212e\034\000\001\250\220\305;a\314\265R\310\017\317\331\235\360\262\240:\277\202\266\354\265X""\022\nh\252\352w\204\203\023]\001f\352\277\0031Q]\362\370R\350{\261\202\240\344\215\201\353\276\322p5p\350\354\017>\250r\241c\273\016\301\024\363\242\247\263\231\370\344\nBW\220K\316@3\243\200\036wk\253GSlU\010\360\231>\331\263H\214\324\030A\225\301o\346pkSF\004\241\213w9\223=\250\262*+\255\351r\265\244c\024\213\t\007`\223\325#\3477\210\345P\306\013\320\252[\0216+\227=`\371P\314\346 V7\271[~\n\237\274|\347\352@K\253~&\260\032\024\004B\200\255h\351\013\361\031:nG\211\005|\2003\266\274\251,W\006u\344\335d\003\306\212\313,\340\350bG\n\030Z\2732-\246\312\255\030\003\235207\005}D\260\0261ah\322M\304\216\273m0\271\234\237\007<w$\265C\245\232\033\023\313c\321B\032l\301h\005\320\252\301\361(\330[\343\357\343{\235\n\266g\272>\177\317\347\261qb&\270&\346ju\200\363N\320\307\004\034\001n\317\361\2653\254\2503\247\305\372\316W\022O\253x\250\025\373\247\354Tc\304\263\243^\352Gv\\264\261\r\035\226\306\2411\351\233\203\215\200$\231\300f\220\371c@\017\254\363\\371\340\340VaR\205~^\226\342t\360\022\204d\231\205)\272\364?\361!\334\331\315\254\230\rBG\314\023\246\244=\351\177\254\302b&\276+H;0\312\021&\275\036\237\350R\313\206R\331\304k\323u\263t\221\213yC\241\217A\242\027g\322\241'\212.E?B_\316\327\217J +\370\t^b\005\020\003\211\373\247|hC\271Nmk~J\270EU\274\036-\347\240\312FA\321\341bca\253\025\321\311\317\021\375\317\217\n\272\033o\353G>\275\361H\265\240\232um""\317\324`\214\221\314\000\211K\223+(""\200i \311\372g\254\343ZR0\224\275q\252\357\213\263\206N\357&Q\217\267\303\356I\236\357\264\311b\037\366\035\253\343\311\265\240\327q\206f\262ODi\215-\363>\034\236l\273\005G\316F\217}[\036\007\270:\260\335\271B\241N\345\330\204\327f\361\272Kb\0377p\334\264\237\177~\330]\252+:\317u\302h\n\351\n\364\231\277R\371\356\033y\265v\360Ny\246\332qY\262\231\251\n\305\334\202\305\362\n\367@k\231\016R:\327\242\366\242\253LZY\223$Gw^\203\302\311\316I7\371tTwp}\005|\372\214\251{R`\230V\244-\326I\351\255\325i\335\377\321\353\327\331\302\023\347y\016\263\271\317\306\017UV\314qu?\0064A\315{3D\010\016S\212\2353k0\361\214ID\303g\277\010Y_\001~\021\333\370\255\374\\331\306\255\336)\365Rth\024\t\300.M\315\321S\257\224\252\362\326P\316\303%nX\3742\333\036\004Y\264yG^\234\177\214\305q\237\274G\300a4\275\240s\215\222\210\016\020G\344=-:GK\312\035\271\201\350\376F\260G\347\000\235\365P6pmH\033\373\212c\377o\232\356\320D\002\277,]os{\354/?\312e\006wda\001\023\375\316\025\254\321\244\370+Y`\220\270\254\2601E[FI\310\235<qI \356\032v%\001\230\016\203\200\251UD\347\304\373\034\211\340@\342\033\263\365\356\341\357\350\324\035J\032\177\230\207\220\303+\207\352g\317N\027>\222M\271m\033\236\021:\272\233r\373\233hC}\256\020\210\010\233\335\025[ d(\343\263\327\177\030\246\254H\277\254E\231\006\033_lB\210\264\334Y\322\314\362\320L\000Q\240\317\3502\006,|\364\004\275\034\006\337\370""\330\364\202\314\315\311?\030\260\361u)\336\202\265Y\177X\227$\245tCB\345\314d\231A\300\204\371KJ\036\321\330\014]""EN\266$]\331\226c\351\312\376z\254\214\206B\274&M\032\376v\266\3104u)\r\312\021\273\030jJH\215G4\367fQ;\255\3404\372\225\341L\224\242\200VY\220\355\020\353I\n\363\266\036\311\003OR\250""\032\230\021\264\227\2326\315\307\363\323\325\303\032N\256*\307\327 \235\332\207u\210\271\257\306g\231i*\260\326k\001"";   nodeid: ""\260\000\000\000\000\000\000\000\000\000\000\000\000\000\000\000\000\000\000\000\000\000\000\000\000\000\000\000\000\000\000\000\001""; }; "
1750527681513,1750527681513,0,1,0,3,TMGetLedger,"itype: liBASE; ledgerHash: ""]+$\302\005\224\270\033E\r\312\315}\200\2505\216\221\301\341\035[\247\325\236M^\360a\267\356\267""; requestCookie: 5; queryType: qtINDIRECT; ","itype: liBASE; ledgerHash: ""]+$\302\005\224\270\033E\r\312\315}\200\2505\216\221\301\341\035[\247\325\236M^\360a\267\356\267""; requestCookie: 5; queryType: qtINDIRECT; "
1750527681513,1750527681513,0,1,0,3,TMGetLedger,"itype: liBASE; ledgerHash: ""]+$\302\005\224\270\033E\r\312\315}\200\2505\216\221\301\341\035[\247\325\236M^\360a\267\356\267""; requestCookie: 2; queryType: qtINDIRECT; ","itype: liBASE; ledgerHash: ""]+$\302\005\224\270\033E\r\312\315}\200\2505\216\221\301\341\035[\247\325\236M^\360a\267\356\267""; requestCookie: 2; queryType: qtINDIRECT; "
1750527681514,1750527681514,0,1,0,3,TMGetLedger,"itype: liBASE; ledgerHash: ""]+$\302\005\224\270\033E\r\312\315}\200\2505\216\221\301\341\035[\247\325\236M^\360a\267\356\267""; ledgerSeq: 47; requestCookie: 3; queryType: qtINDIRECT; ","itype: liBASE; ledgerHash: ""]+$\302\005\224\270\033E\r\312\315}\200\2505\216\221\301\341\035[\247\325\236M^\360a\267\356\267""; ledgerSeq: 47; requestCookie: 3; queryType: qtINDIRECT; "
1750527681515,1750527681515,0,1,3,1,TMLedgerData,"ledgerHash: ""]+$\302\005\224\270\033E\r\312\315}\200\2505\216\221\301\341\035[\247\325\236M^\360a\267\356\267""; ledgerSeq: 47; type: liBASE; nodes {;   nodedata: ""\000\000\000/\001cEx]\211\377\330Q;\255\3404\372\225\341L\224\242\200VY\220\355\020\353I\n\363\266\036\311\003OR\250""\032\230\021\000\000\000\000\000\000\000\000\000\000\000\000\000\000\000\000\000\000\000\000\000\000\000\000\000\000\000\000\000\000\000\000N\257\035\210\036o\344T\377\225\250\247.\345\325\n\r$\025rz\252\202g\347$\223\020\235.\260\317/\351\253@/\351\253A\n\000""; }; nodes {;   nodedata: ""\323C\344\327\264{\312-\017:\006{\177\344N\002\326bO\260\220\006\033\362\345\005U\221DzJ0\001\301\025%1L\307\t\261\262z\374\222T\301\274V\236\223\262\270Ct\362\337b\356\024*\324\320\351\317\002k\336\234\027v\351\217\260\303\360\233ZPZWr\246$w\313\313\r\243r\232\2234\373\3539:N\004Q\245\272D\312D\300\300\t\323\0257\345e\271\na\215{\226\255x%T\257\037\333\004\344_/R\006E\344\037@\210\363\010\336T\226\247'\204_{\261\370""1\235\2445\343\033Y!\212\201\341\272\225'\007m\330\373}C\272\241\275(:\252\263\360\260H/\n(\217r\206\034\247/\345\245\035\261,\227\263\323\013\003""; }; requestCookie: 2; ","ledgerHash: ""]+$\302\005\224\270\033E\r\312\315}\200\2505\216\221\301\341\035[\247\325\236M^\360a\267\356\267""; ledgerSeq: 47; type: liBASE; nodes {;   nodedata: ""\000\000\000/\001cEx]\211\377\330Q;\255\3404\372\225\341L\224\242\200VY\220\355\020\353I\n\363\266\036\311\003OR\250""\032\230\021\000\000\000\000\000\000\000\000\000\000\000\000\000\000\000\000\000\000\000\000\000\000\000\000\000\000\000\000\000\000\000\000N\257\035\210\036o\344T\377\225\250\247.\345\325\n\r$\025rz\252\202g\347$\223\020\235.\260\317/\351\253@/\351\253A\n\000""; }; nodes {;   nodedata: ""\323C\344\327\264{\312-\017:\006{\177\344N\002\326bO\260\220\006\033\362\345\005U\221DzJ0\001\301\025%1L\307\t\261\262z\374\222T\301\274V\236\223\262\270Ct\362\337b\356\024*\324\320\351\317\002k\336\234\027v\351\217\260\303\360\233ZPZWr\246$w\313\313\r\243r\232\2234\373\3539:N\004Q\245\272D\312D\300\300\t\323\0257\345e\271\na\215{\226\255x%T\257\037\333\004\344_/R\006E\344\037@\210\363\010\336T\226\247'\204_{\261\370""1\235\2445\343\033Y!\212\201\341\272\225'\007m\330\373}C\272\241\275(:\252\263\360\260H/\n(\217r\206\034\247/\345\245\035\261,\227\263\323\013\003""; }; requestCookie: 2; "
1750527681515,1750527681515,0,1,0,3,TMGetLedger,"itype: liAS_NODE; ledgerHash: ""]+$\302\005\224\270\033E\r\312\315}\200\2505\216\221\301\341\035[\247\325\236M^\360a\267\356\267""; ledgerSeq: 47; nodeIDs: ""\260\000\000\000\000\000\000\000\000\000\000\000\000\000\000\000\000\000\000\000\000\000\000\000\000\000\000\000\000\000\000\000\001""; queryType: qtINDIRECT; queryDepth: 1; ","itype: liAS_NODE; ledgerHash: ""]+$\302\005\224\270\033E\r\312\315}\200\2505\216\221\301\341\035[\247\325\236M^\360a\267\356\267""; ledgerSeq: 47; nodeIDs: ""\260\000\000\000\000\000\000\000\000\000\000\000\000\000\000\000\000\000\000\000\000\000\000\000\000\000\000\000\000\000\000\000\001""; queryType: qtINDIRECT; queryDepth: 1; "
1750527681516,1750527681516,0,1,3,2,TMLedgerData,"ledgerHash: ""]+$\302\005\224\270\033E\r\312\315}\200\2505\216\221\301\341\035[\247\325\236M^\360a\267\356\267""; ledgerSeq: 47; type: liBASE; nodes {;   nodedata: ""\000\000\000/\001cEx]\211\377\330Q;\255\3404\372\225\341L\224\242\200VY\220\355\020\353I\n\363\266\036\311\003OR\250""\032\230\021\000\000\000\000\000\000\000\000\000\000\000\000\000\000\000\000\000\000\000\000\000\000\000\000\000\000\000\000\000\000\000\000N\257\035\210\036o\344T\377\225\250\247.\345\325\n\r$\025rz\252\202g\347$\223\020\235.\260\317/\351\253@/\351\253A\n\000""; }; nodes {;   nodedata: ""\323C\344\327\264{\312-\017:\006{\177\344N\002\326bO\260\220\006\033\362\345\005U\221DzJ0\001\301\025%1L\307\t\261\262z\374\222T\301\274V\236\223\262\270Ct\362\337b\356\024*\324\320\351\317\002k\336\234\027v\351\217\260\303\360\233ZPZWr\246$w\313\313\r\243r\232\2234\373\3539:N\004Q\245\272D\312D\300\300\t\323\0257\345e\271\na\215{\226\255x%T\257\037\333\004\344_/R\006E\344\037@\210\363\010\336T\226\247'\204_{\261\370""1\235\2445\343\033Y!\212\201\341\272\225'\007m\330\373}C\272\241\275(:\252\263\360\260H/\n(\217r\206\034\247/\345\245\035\261,\227\263\323\013\003""; }; ","ledgerHash: ""]+$\302\005\224\270\033E\r\312\315}\200\2505\216\221\301\341\035[\247\325\236M^\360a\267\356\267""; ledgerSeq: 47; type: liBASE; nodes {;   nodedata: ""\000\000\000/\001cEx]\211\377\330Q;\255\3404\372\225\341L\224\242\200VY\220\355\020\353I\n\363\266\036\311\003OR\250""\032\230\021\000\000\000\000\000\000\000\000\000\000\000\000\000\000\000\000\000\000\000\000\000\000\000\000\000\000\000\000\000\000\000\000N\257\035\210\036o\344T\377\225\250\247.\345\325\n\r$\025rz\252\202g\347$\223\020\235.\260\317/\351\253@/\351\253A\n\000""; }; nodes {;   nodedata: ""\323C\344\327\264{\312-\017:\006{\177\344N\002\326bO\260\220\006\033\362\345\005U\221DzJ0\001\301\025%1L\307\t\261\262z\374\222T\301\274V\236\223\262\270Ct\362\337b\356\024*\324\320\351\317\002k\336\234\027v\351\217\260\303\360\233ZPZWr\246$w\313\313\r\243r\232\2234\373\3539:N\004Q\245\272D\312D\300\300\t\323\0257\345e\271\na\215{\226\255x%T\257\037\333\004\344_/R\006E\344\037@\210\363\010\336T\226\247'\204_{\261\370""1\235\2445\343\033Y!\212\201\341\272\225'\007m\330\373}C\272\241\275(:\252\263\360\260H/\n(\217r\206\034\247/\345\245\035\261,\227\263\323\013\003""; }; "
1750527681517,1750527681517,0,1,1,4,TMLedgerData,"ledgerHash: ""]+$\302\005\224\270\033E\r\312\315}\200\2505\216\221\301\341\035[\247\325\236M^\360a\267\356\267""; ledgerSeq: 47; type: liBASE; nodes {;   nodedata: ""\000\000\000/\001cEx]\211\377\330Q;\255\3404\372\225\341L\224\242\200VY\220\355\020\353I\n\363\266\036\311\003OR\250""\032\230\021\000\000\000\000\000\000\000\000\000\000\000\000\000\000\000\000\000\000\000\000\000\000\000\000\000\000\000\000\000\000\000\000N\257\035\210\036o\344T\377\225\250\247.\345\325\n\r$\025rz\252\202g\347$\223\020\235.\260\317/\351\253@/\351\253A\n\000""; }; nodes {;   nodedata: ""\323C\344\327\264{\312-\017:\006{\177\344N\002\326bO\260\220\006\033\362\345\005U\221DzJ0\001\301\025%1L\307\t\261\262z\374\222T\301\274V\236\223\262\270Ct\362\337b\356\024*\324\320\351\317\002k\336\234\027v\351\217\260\303\360\233ZPZWr\246$w\313\313\r\243r\232\2234\373\3539:N\004Q\245\272D\312D\300\300\t\323\0257\345e\271\na\215{\226\255x%T\257\037\333\004\344_/R\006E\344\037@\210\363\010\336T\226\247'\204_{\261\370""1\235\2445\343\033Y!\212\201\341\272\225'\007m\330\373}C\272\241\275(:\252\263\360\260H/\n(\217r\206\034\247/\345\245\035\261,\227\263\323\013\003""; }; ","ledgerHash: ""]+$\302\005\224\270\033E\r\312\315}\200\2505\216\221\301\341\035[\247\325\236M^\360a\267\356\267""; ledgerSeq: 47; type: liBASE; nodes {;   nodedata: ""\000\000\000/\001cEx]\211\377\330Q;\255\3404\372\225\341L\224\242\200VY\220\355\020\353I\n\363\266\036\311\003OR\250""\032\230\021\000\000\000\000\000\000\000\000\000\000\000\000\000\000\000\000\000\000\000\000\000\000\000\000\000\000\000\000\000\000\000\000N\257\035\210\036o\344T\377\225\250\247.\345\325\n\r$\025rz\252\202g\347$\223\020\235.\260\317/\351\253@/\351\253A\n\000""; }; nodes {;   nodedata: ""\323C\344\327\264{\312-\017:\006{\177\344N\002\326bO\260\220\006\033\362\345\005U\221DzJ0\001\301\025%1L\307\t\261\262z\374\222T\301\274V\236\223\262\270Ct\362\337b\356\024*\324\320\351\317\002k\336\234\027v\351\217\260\303\360\233ZPZWr\246$w\313\313\r\243r\232\2234\373\3539:N\004Q\245\272D\312D\300\300\t\323\0257\345e\271\na\215{\226\255x%T\257\037\333\004\344_/R\006E\344\037@\210\363\010\336T\226\247'\204_{\261\370""1\235\2445\343\033Y!\212\201\341\272\225'\007m\330\373}C\272\241\275(:\252\263\360\260H/\n(\217r\206\034\247/\345\245\035\261,\227\263\323\013\003""; }; "
1750527681517,1750527681517,0,1,3,2,TMLedgerData,"ledgerHash: ""]+$\302\005\224\270\033E\r\312\315}\200\2505\216\221\301\341\035[\247\325\236M^\360a\267\356\267""; ledgerSeq: 47; type: liBASE; nodes {;   nodedata: ""\000\000\000/\001cEx]\211\377\330Q;\255\3404\372\225\341L\224\242\200VY\220\355\020\353I\n\363\266\036\311\003OR\250""\032\230\021\000\000\000\000\000\000\000\000\000\000\000\000\000\000\000\000\000\000\000\000\000\000\000\000\000\000\000\000\000\000\000\000N\257\035\210\036o\344T\377\225\250\247.\345\325\n\r$\025rz\252\202g\347$\223\020\235.\260\317/\351\253@/\351\253A\n\000""; }; nodes {;   nodedata: ""\323C\344\327\264{\312-\017:\006{\177\344N\002\326bO\260\220\006\033\362\345\005U\221DzJ0\001\301\025%1L\307\t\261\262z\374\222T\301\274V\236\223\262\270Ct\362\337b\356\024*\324\320\351\317\002k\336\234\027v\351\217\260\303\360\233ZPZWr\246$w\313\313\r\243r\232\2234\373\3539:N\004Q\245\272D\312D\300\300\t\323\0257\345e\271\na\215{\226\255x%T\257\037\333\004\344_/R\006E\344\037@\210\363\010\336T\226\247'\204_{\261\370""1\235\2445\343\033Y!\212\201\341\272\225'\007m\330\373}C\272\241\275(:\252\263\360\260H/\n(\217r\206\034\247/\345\245\035\261,\227\263\323\013\003""; }; requestCookie: 5; ","ledgerHash: ""]+$\302\005\224\270\033E\r\312\315}\200\2505\216\221\301\341\035[\247\325\236M^\360a\267\356\267""; ledgerSeq: 47; type: liBASE; nodes {;   nodedata: ""\000\000\000/\001cEx]\211\377\330Q;\255\3404\372\225\341L\224\242\200VY\220\355\020\353I\n\363\266\036\311\003OR\250""\032\230\021\000\000\000\000\000\000\000\000\000\000\000\000\000\000\000\000\000\000\000\000\000\000\000\000\000\000\000\000\000\000\000\000N\257\035\210\036o\344T\377\225\250\247.\345\325\n\r$\025rz\252\202g\347$\223\020\235.\260\317/\351\253@/\351\253A\n\000""; }; nodes {;   nodedata: ""\323C\344\327\264{\312-\017:\006{\177\344N\002\326bO\260\220\006\033\362\345\005U\221DzJ0\001\301\025%1L\307\t\261\262z\374\222T\301\274V\236\223\262\270Ct\362\337b\356\024*\324\320\351\317\002k\336\234\027v\351\217\260\303\360\233ZPZWr\246$w\313\313\r\243r\232\2234\373\3539:N\004Q\245\272D\312D\300\300\t\323\0257\345e\271\na\215{\226\255x%T\257\037\333\004\344_/R\006E\344\037@\210\363\010\336T\226\247'\204_{\261\370""1\235\2445\343\033Y!\212\201\341\272\225'\007m\330\373}C\272\241\275(:\252\263\360\260H/\n(\217r\206\034\247/\345\245\035\261,\227\263\323\013\003""; }; requestCookie: 5; "
1750527681518,1750527681518,0,1,3,4,TMLedgerData,"ledgerHash: ""]+$\302\005\224\270\033E\r\312\315}\200\2505\216\221\301\341\035[\247\325\236M^\360a\267\356\267""; ledgerSeq: 47; type: liBASE; nodes {;   nodedata: ""\000\000\000/\001cEx]\211\377\330Q;\255\3404\372\225\341L\224\242\200VY\220\355\020\353I\n\363\266\036\311\003OR\250""\032\230\021\000\000\000\000\000\000\000\000\000\000\000\000\000\000\000\000\000\000\000\000\000\000\000\000\000\000\000\000\000\000\000\000N\257\035\210\036o\344T\377\225\250\247.\345\325\n\r$\025rz\252\202g\347$\223\020\235.\260\317/\351\253@/\351\253A\n\000""; }; nodes {;   nodedata: ""\323C\344\327\264{\312-\017:\006{\177\344N\002\326bO\260\220\006\033\362\345\005U\221DzJ0\001\301\025%1L\307\t\261\262z\374\222T\301\274V\236\223\262\270Ct\362\337b\356\024*\324\320\351\317\002k\336\234\027v\351\217\260\303\360\233ZPZWr\246$w\313\313\r\243r\232\2234\373\3539:N\004Q\245\272D\312D\300\300\t\323\0257\345e\271\na\215{\226\255x%T\257\037\333\004\344_/R\006E\344\037@\210\363\010\336T\226\247'\204_{\261\370""1\235\2445\343\033Y!\212\201\341\272\225'\007m\330\373}C\272\241\275(:\252\263\360\260H/\n(\217r\206\034\247/\345\245\035\261,\227\263\323\013\003""; }; requestCookie: 1; ","ledgerHash: ""]+$\302\005\224\270\033E\r\312\315}\200\2505\216\221\301\341\035[\247\325\236M^\360a\267\356\267""; ledgerSeq: 47; type: liBASE; nodes {;   nodedata: ""\000\000\000/\001cEx]\211\377\330Q;\255\3404\372\225\341L\224\242\200VY\220\355\020\353I\n\363\266\036\311\003OR\250""\032\230\021\000\000\000\000\000\000\000\000\000\000\000\000\000\000\000\000\000\000\000\000\000\000\000\000\000\000\000\000\000\000\000\000N\257\035\210\036o\344T\377\225\250\247.\345\325\n\r$\025rz\252\202g\347$\223\020\235.\260\317/\351\253@/\351\253A\n\000""; }; nodes {;   nodedata: ""\323C\344\327\264{\312-\017:\006{\177\344N\002\326bO\260\220\006\033\362\345\005U\221DzJ0\001\301\025%1L\307\t\261\262z\374\222T\301\274V\236\223\262\270Ct\362\337b\356\024*\324\320\351\317\002k\336\234\027v\351\217\260\303\360\233ZPZWr\246$w\313\313\r\243r\232\2234\373\3539:N\004Q\245\272D\312D\300\300\t\323\0257\345e\271\na\215{\226\255x%T\257\037\333\004\344_/R\006E\344\037@\210\363\010\336T\226\247'\204_{\261\370""1\235\2445\343\033Y!\212\201\341\272\225'\007m\330\373}C\272\241\275(:\252\263\360\260H/\n(\217r\206\034\247/\345\245\035\261,\227\263\323\013\003""; }; requestCookie: 1; "
1750527681518,1750527681519,0,1,3,2,TMLedgerData,"ledgerHash: ""]+$\302\005\224\270\033E\r\312\315}\200\2505\216\221\301\341\035[\247\325\236M^\360a\267\356\267""; ledgerSeq: 47; type: liBASE; nodes {;   nodedata: ""\000\000\000/\001cEx]\211\377\330Q;\255\3404\372\225\341L\224\242\200VY\220\355\020\353I\n\363\266\036\311\003OR\250""\032\230\021\000\000\000\000\000\000\000\000\000\000\000\000\000\000\000\000\000\000\000\000\000\000\000\000\000\000\000\000\000\000\000\000N\257\035\210\036o\344T\377\225\250\247.\345\325\n\r$\025rz\252\202g\347$\223\020\235.\260\317/\351\253@/\351\253A\n\000""; }; nodes {;   nodedata: ""\323C\344\327\264{\312-\017:\006{\177\344N\002\326bO\260\220\006\033\362\345\005U\221DzJ0\001\301\025%1L\307\t\261\262z\374\222T\301\274V\236\223\262\270Ct\362\337b\356\024*\324\320\351\317\002k\336\234\027v\351\217\260\303\360\233ZPZWr\246$w\313\313\r\243r\232\2234\373\3539:N\004Q\245\272D\312D\300\300\t\323\0257\345e\271\na\215{\226\255x%T\257\037\333\004\344_/R\006E\344\037@\210\363\010\336T\226\247'\204_{\261\370""1\235\2445\343\033Y!\212\201\341\272\225'\007m\330\373}C\272\241\275(:\252\263\360\260H/\n(\217r\206\034\247/\345\245\035\261,\227\263\323\013\003""; }; requestCookie: 2; ","ledgerHash: ""]+$\302\005\224\270\033E\r\312\315}\200\2505\216\221\301\341\035[\247\325\236M^\360a\267\356\267""; ledgerSeq: 47; type: liBASE; nodes {;   nodedata: ""\000\000\000/\001cEx]\211\377\330Q;\255\3404\372\225\341L\224\242\200VY\220\355\020\353I\n\363\266\036\311\003OR\250""\032\230\021\000\000\000\000\000\000\000\000\000\000\000\000\000\000\000\000\000\000\000\000\000\000\000\000\000\000\000\000\000\000\000\000N\257\035\210\036o\344T\377\225\250\247.\345\325\n\r$\025rz\252\202g\347$\223\020\235.\260\317/\351\253@/\351\253A\n\000""; }; nodes {;   nodedata: ""\323C\344\327\264{\312-\017:\006{\177\344N\002\326bO\260\220\006\033\362\345\005U\221DzJ0\001\301\025%1L\307\t\261\262z\374\222T\301\274V\236\223\262\270Ct\362\337b\356\024*\324\320\351\317\002k\336\234\027v\351\217\260\303\360\233ZPZWr\246$w\313\313\r\243r\232\2234\373\3539:N\004Q\245\272D\312D\300\300\t\323\0257\345e\271\na\215{\226\255x%T\257\037\333\004\344_/R\006E\344\037@\210\363\010\336T\226\247'\204_{\261\370""1\235\2445\343\033Y!\212\201\341\272\225'\007m\330\373}C\272\241\275(:\252\263\360\260H/\n(\217r\206\034\247/\345\245\035\261,\227\263\323\013\003""; }; requestCookie: 2; "
1750527681520,1750527681521,0,1,4,1,TMLedgerData,"ledgerHash: ""]+$\302\005\224\270\033E\r\312\315}\200\2505\216\221\301\341\035[\247\325\236M^\360a\267\356\267""; ledgerSeq: 47; type: liBASE; nodes {;   nodedata: ""\000\000\000/\001cEx]\211\377\330Q;\255\3404\372\225\341L\224\242\200VY\220\355\020\353I\n\363\266\036\311\003OR\250""\032\230\021\000\000\000\000\000\000\000\000\000\000\000\000\000\000\000\000\000\000\000\000\000\000\000\000\000\000\000\000\000\000\000\000N\257\035\210\036o\344T\377\225\250\247.\345\325\n\r$\025rz\252\202g\347$\223\020\235.\260\317/\351\253@/\351\253A\n\000""; }; nodes {;   nodedata: ""\323C\344\327\264{\312-\017:\006{\177\344N\002\326bO\260\220\006\033\362\345\005U\221DzJ0\001\301\025%1L\307\t\261\262z\374\222T\301\274V\236\223\262\270Ct\362\337b\356\024*\324\320\351\317\002k\336\234\027v\351\217\260\303\360\233ZPZWr\246$w\313\313\r\243r\232\2234\373\3539:N\004Q\245\272D\312D\300\300\t\323\0257\345e\271\na\215{\226\255x%T\257\037\333\004\344_/R\006E\344\037@\210\363\010\336T\226\247'\204_{\261\370""1\235\2445\343\033Y!\212\201\341\272\225'\007m\330\373}C\272\241\275(:\252\263\360\260H/\n(\217r\206\034\247/\345\245\035\261,\227\263\323\013\003""; }; ","ledgerHash: ""]+$\302\005\224\270\033E\r\312\315}\200\2505\216\221\301\341\035[\247\325\236M^\360a\267\356\267""; ledgerSeq: 47; type: liBASE; nodes {;   nodedata: ""\000\000\000/\001cEx]\211\377\330Q;\255\3404\372\225\341L\224\242\200VY\220\355\020\353I\n\363\266\036\311\003OR\250""\032\230\021\000\000\000\000\000\000\000\000\000\000\000\000\000\000\000\000\000\000\000\000\000\000\000\000\000\000\000\000\000\000\000\000N\257\035\210\036o\344T\377\225\250\247.\345\325\n\r$\025rz\252\202g\347$\223\020\235.\260\317/\351\253@/\351\253A\n\000""; }; nodes {;   nodedata: ""\323C\344\327\264{\312-\017:\006{\177\344N\002\326bO\260\220\006\033\362\345\005U\221DzJ0\001\301\025%1L\307\t\261\262z\374\222T\301\274V\236\223\262\270Ct\362\337b\356\024*\324\320\351\317\002k\336\234\027v\351\217\260\303\360\233ZPZWr\246$w\313\313\r\243r\232\2234\373\3539:N\004Q\245\272D\312D\300\300\t\323\0257\345e\271\na\215{\226\255x%T\257\037\333\004\344_/R\006E\344\037@\210\363\010\336T\226\247'\204_{\261\370""1\235\2445\343\033Y!\212\201\341\272\225'\007m\330\373}C\272\241\275(:\252\263\360\260H/\n(\217r\206\034\247/\345\245\035\261,\227\263\323\013\003""; }; "
1750527681521,1750527681521,0,1,3,1,TMLedgerData,"ledgerHash: ""]+$\302\005\224\270\033E\r\312\315}\200\2505\216\221\301\341\035[\247\325\236M^\360a\267\356\267""; ledgerSeq: 47; type: liAS_NODE; nodes {;   nodedata: ""\021\000h""\000\000\000\000 \033\000\000\000.\002\023\306\037\330\356GuH\375\327!\255\371\r\231\262R\256J\034\222\241\355X\265E\241^W\225\304\014\361CX-}\351f\032\255\274\334m\326c\017\014ao[\342\230\003\245\245\3341Hm\326^\017jy\335\261\032Yt\320\244{g\0306\\302\303*\341\215\223\257\364\277o\375\000r\241SOq\221\253\262\005\017\375T\356\014\360o'\030\311-\267\031\257!\031T\006><\315XM\334\324\345\034\000\325\367\240\271\013\265\024\321\362\354\211\250.\234s\225amc\305\035\366\276\037nD\277`\210\223N\3535\033\261\304f\331]\036\237\306o!\223\221\002\324\031\262\240R\177 ,\214\325\Q])\016\2067\277\t\354\010\000\360\215\2502\265\245\310\226\243c\302Ze\306\253#r\020\211\320iG\276\020E\317\035Sf\223F\254\033@\177e\277\016\010u\327\371&\262\312\317Q\2361t\377x\234\001v\003%\030\325_\225g\204\346a=\225\273\331\354\365*U\363\263N\367b\371\244\314-w\363\262\225Z\200\206\235\233\257?sE\2674\254\326mU\377?\177Ek\336\030!\316Aa\225\303\022\377{\210Y\226\271as\354L\035\004\341\361\035\301\024\220m#*\372\032\3178~\374\250\014*\323\342'z69\220\327\256\351G\367\317u\302\207\270b\315\333\333\334\310I\323&\014\352XZnW2.\335\347\202\021\247\362\212e\034\000\001\250\220\305;a\314\265R\310\017\317\331\235\360\262\240:\277\202\266\354\265X""\022\nh\252\352w\204\203\023]\001f\352\277\0031Q]\362\370R\350{\261\202\240\344\215\201\353\276\322p5p\350\354\017>\250r\241c\273\016\301\024\363\242\247\263\231\370\344\nBW\220K\316@3\243\200\036wk\253GSlU\010\360\231>\331\263H\214\324\030A\225\301o\346pkSF\004\241\213w9\223=\250\262*+\255\351r\265\244c\024\213\t\007`\223\325#\3477\210\345P\306\013\320\252[\0216+\227=`\371P\314\346 V7\271[~\n\237\274|\347\352@K\253~&\260\032\024\004B\200\255h\351\013\361\031:nG\211\005|\2003\266\274\251,W\006u\344\335d\003\306\212\313,\340\350bG\n\030Z\2732-\246\312\255\030\003\235207\005}D\260\0261ah\322M\304\216\273m0\271\234\237\007<w$\265C\245\232\033\023\313c\321B\032l\301h\005\320\252\301\361(\330[\343\357\343{\235\n\266g\272>\177\317\347\261qb&\270&\346ju\200\363N\320\307\004\034\001n\317\361\2653\254\2503\247\305\372\316W\022O\253x\250\025\373\247\354Tc\304\263\243^\352Gv\\264\261\r\035\226\306\2411\351\233\203\215\200$\231\300f\220\371c@\017\254\363\\371\340\340VaR\205~^\226\342t\360\022\204d\231\205)\272\364?\361!\334\331\315\254\230\rBG\314\023\246\244=\351\177\254\302b&\276+H;0\312\021&\275\036\237\350R\313\206R\331\304k\323u\263t\221\213yC\241\217A\242\027g\322\241'\212.E?B_\316\327\217J +\370\t^b\005\020\003\211\373\247|hC\271Nmk~J\270EU\274\036-\347\240\312FA\321\341bca\253\025\321\311\317\021\375\317\217\n\272\033o\353G>\275\361H\265\240\232um""\317\324`\214\221\314\000\211K\223+(""\200i \311\372g\254\343ZR0\224\275q\252\357\213\263\206N\357&Q\217\267\303\356I\236\357\264\311b\037\366\035\253\343\311\265\240\327q\206f\262ODi\215-\363>\034\236l\273\005G\316F\217}[\036\007\270:\260\335\271B\241N\345\330\204\327f\361\272Kb\0377p\334\264\237\177~\330]\252+:\317u\302h\n\351\n\364\231\277R\371\356\033y\265v\360Ny\246\332qY\262\231\251\n\305\334\202\305\362\n\367@k\231\016R:\327\242\366\242\253LZY\223$Gw^\203\302\311\316I7\371tTwp}\005|\372\214\251{R`\230V\244-\326I\351\255\325i\335\377\321\353\327\331\302\023\347y\016\263\271\317\306\017UV\314qu?\0064A\315{3D\010\016S\212\2353k0\361\214ID\303g\277\010Y_\001~\021\333\370\255\374\\331\306\255\336)\365Rth\024\t\300.M\315\321S\257\224\252\362\326P\316\303%nX\3742\333\036\004Y\264yG^\234\177\214\305q\237\274G\300a4\275\240s\215\222\210\016\020G\344=-:GK\312\035\271\201\350\376F\260G\347\000\235\365P6pmH\033\373\212c\377o\232\356\320D\002\277,]os{\354/?\312e\006wda\001\023\375\316\025\254\321\244\370+Y`\220\270\254\2601E[FI\310\235<qI \356\032v%\001\230\016\203\200\251UD\347\304\373\034\211\340@\342\033\263\365\356\341\357\350\324\035J\032\177\230\207\220\303+\207\352g\317N\027>\222M\271m\033\236\021:\272\233r\373\233hC}\256\020\210\010\233\335\025[ d(\343\263\327\177\030\246\254H\277\254E\231\006\033_lB\210\264\334Y\322\314\362\320L\000Q\240\317\3502\006,|\364\004\275\034\006\337\370""\330\364\202\314\315\311?\030\260\361u)\336\202\265Y\177X\227$\245tCB\345\314d\231A\300\204\371KJ\036\321\330\014]""EN\266$]\331\226c\351\312\376z\254\214\206B\274&M\032\376v\266\3104u)\r\312\021\273\030jJH\215G4\367fQ;\255\3404\372\225\341L\224\242\200VY\220\355\020\353I\n\363\266\036\311\003OR\250""\032\230\021\264\227\2326\315\307\363\323\325\303\032N\256*\307\327 \235\332\207u\210\271\257\306g\231i*\260\326k\001"";   nodeid: ""\260\000\000\000\000\000\000\000\000\000\000\000\000\000\000\000\000\000\000\000\000\000\000\000\000\000\000\000\000\000\000\000\001""; }; ","ledgerHash: ""]+$\302\005\224\270\033E\r\312\315}\200\2505\216\221\301\341\035[\247\325\236M^\360a\267\356\267""; ledgerSeq: 47; type: liAS_NODE; nodes {;   nodedata: ""\021\000h""\000\000\000\000 \033\000\000\000.\002\023\306\037\330\356GuH\375\327!\255\371\r\231\262R\256J\034\222\241\355X\265E\241^W\225\304\014\361CX-}\351f\032\255\274\334m\326c\017\014ao[\342\230\003\245\245\3341Hm\326^\017jy\335\261\032Yt\320\244{g\0306\\302\303*\341\215\223\257\364\277o\375\000r\241SOq\221\253\262\005\017\375T\356\014\360o'\030\311-\267\031\257!\031T\006><\315XM\334\324\345\034\000\325\367\240\271\013\265\024\321\362\354\211\250.\234s\225amc\305\035\366\276\037nD\277`\210\223N\3535\033\261\304f\331]\036\237\306o!\223\221\002\324\031\262\240R\177 ,\214\325\Q])\016\2067\277\t\354\010\000\360\215\2502\265\245\310\226\243c\302Ze\306\253#r\020\211\320iG\276\020E\317\035Sf\223F\254\033@\177e\277\016\010u\327\371&\262\312\317Q\2361t\377x\234\001v\003%\030\325_\225g\204\346a=\225\273\331\354\365*U\363\263N\367b\371\244\314-w\363\262\225Z\200\206\235\233\257?sE\2674\254\326mU\377?\177Ek\336\030!\316Aa\225\303\022\377{\210Y\226\271as\354L\035\004\341\361\035\301\024\220m#*\372\032\3178~\374\250\014*\323\342'z69\220\327\256\351G\367\317u\302\207\270b\315\333\333\334\310I\323&\014\352XZnW2.\335\347\202\021\247\362\212e\034\000\001\250\220\305;a\314\265R\310\017\317\331\235\360\262\240:\277\202\266\354\265X""\022\nh\252\352w\204\203\023]\001f\352\277\0031Q]\362\370R\350{\261\202\240\344\215\201\353\276\322p5p\350\354\017>\250r\241c\273\016\301\024\363\242\247\263\231\370\344\nBW\220K\316@3\243\200\036wk\253GSlU\010\360\231>\331\263H\214\324\030A\225\301o\346pkSF\004\241\213w9\223=\250\262*+\255\351r\265\244c\024\213\t\007`\223\325#\3477\210\345P\306\013\320\252[\0216+\227=`\371P\314\346 V7\271[~\n\237\274|\347\352@K\253~&\260\032\024\004B\200\255h\351\013\361\031:nG\211\005|\2003\266\274\251,W\006u\344\335d\003\306\212\313,\340\350bG\n\030Z\2732-\246\312\255\030\003\235207\005}D\260\0261ah\322M\304\216\273m0\271\234\237\007<w$\265C\245\232\033\023\313c\321B\032l\301h\005\320\252\301\361(\330[\343\357\343{\235\n\266g\272>\177\317\347\261qb&\270&\346ju\200\363N\320\307\004\034\001n\317\361\2653\254\2503\247\305\372\316W\022O\253x\250\025\373\247\354Tc\304\263\243^\352Gv\\264\261\r\035\226\306\2411\351\233\203\215\200$\231\300f\220\371c@\017\254\363\\371\340\340VaR\205~^\226\342t\360\022\204d\231\205)\272\364?\361!\334\331\315\254\230\rBG\314\023\246\244=\351\177\254\302b&\276+H;0\312\021&\275\036\237\350R\313\206R\331\304k\323u\263t\221\213yC\241\217A\242\027g\322\241'\212.E?B_\316\327\217J +\370\t^b\005\020\003\211\373\247|hC\271Nmk~J\270EU\274\036-\347\240\312FA\321\341bca\253\025\321\311\317\021\375\317\217\n\272\033o\353G>\275\361H\265\240\232um""\317\324`\214\221\314\000\211K\223+(""\200i \311\372g\254\343ZR0\224\275q\252\357\213\263\206N\357&Q\217\267\303\356I\236\357\264\311b\037\366\035\253\343\311\265\240\327q\206f\262ODi\215-\363>\034\236l\273\005G\316F\217}[\036\007\270:\260\335\271B\241N\345\330\204\327f\361\272Kb\0377p\334\264\237\177~\330]\252+:\317u\302h\n\351\n\364\231\277R\371\356\033y\265v\360Ny\246\332qY\262\231\251\n\305\334\202\305\362\n\367@k\231\016R:\327\242\366\242\253LZY\223$Gw^\203\302\311\316I7\371tTwp}\005|\372\214\251{R`\230V\244-\326I\351\255\325i\335\377\321\353\327\331\302\023\347y\016\263\271\317\306\017UV\314qu?\0064A\315{3D\010\016S\212\2353k0\361\214ID\303g\277\010Y_\001~\021\333\370\255\374\\331\306\255\336)\365Rth\024\t\300.M\315\321S\257\224\252\362\326P\316\303%nX\3742\333\036\004Y\264yG^\234\177\214\305q\237\274G\300a4\275\240s\215\222\210\016\020G\344=-:GK\312\035\271\201\350\376F\260G\347\000\235\365P6pmH\033\373\212c\377o\232\356\320D\002\277,]os{\354/?\312e\006wda\001\023\375\316\025\254\321\244\370+Y`\220\270\254\2601E[FI\310\235<qI \356\032v%\001\230\016\203\200\251UD\347\304\373\034\211\340@\342\033\263\365\356\341\357\350\324\035J\032\177\230\207\220\303+\207\352g\317N\027>\222M\271m\033\236\021:\272\233r\373\233hC}\256\020\210\010\233\335\025[ d(\343\263\327\177\030\246\254H\277\254E\231\006\033_lB\210\264\334Y\322\314\362\320L\000Q\240\317\3502\006,|\364\004\275\034\006\337\370""\330\364\202\314\315\311?\030\260\361u)\336\202\265Y\177X\227$\245tCB\345\314d\231A\300\204\371KJ\036\321\330\014]""EN\266$]\331\226c\351\312\376z\254\214\206B\274&M\032\376v\266\3104u)\r\312\021\273\030jJH\215G4\367fQ;\255\3404\372\225\341L\224\242\200VY\220\355\020\353I\n\363\266\036\311\003OR\250""\032\230\021\264\227\2326\315\307\363\323\325\303\032N\256*\307\327 \235\332\207u\210\271\257\306g\231i*\260\326k\001"";   nodeid: ""\260\000\000\000\000\000\000\000\000\000\000\000\000\000\000\000\000\000\000\000\000\000\000\000\000\000\000\000\000\000\000\000\001""; }; "
1750527681522,1750527681522,0,1,4,2,TMLedgerData,"ledgerHash: ""]+$\302\005\224\270\033E\r\312\315}\200\2505\216\221\301\341\035[\247\325\236M^\360a\267\356\267""; ledgerSeq: 47; type: liBASE; nodes {;   nodedata: ""\000\000\000/\001cEx]\211\377\330Q;\255\3404\372\225\341L\224\242\200VY\220\355\020\353I\n\363\266\036\311\003OR\250""\032\230\021\000\000\000\000\000\000\000\000\000\000\000\000\000\000\000\000\000\000\000\000\000\000\000\000\000\000\000\000\000\000\000\000N\257\035\210\036o\344T\377\225\250\247.\345\325\n\r$\025rz\252\202g\347$\223\020\235.\260\317/\351\253@/\351\253A\n\000""; }; nodes {;   nodedata: ""\323C\344\327\264{\312-\017:\006{\177\344N\002\326bO\260\220\006\033\362\345\005U\221DzJ0\001\301\025%1L\307\t\261\262z\374\222T\301\274V\236\223\262\270Ct\362\337b\356\024*\324\320\351\317\002k\336\234\027v\351\217\260\303\360\233ZPZWr\246$w\313\313\r\243r\232\2234\373\3539:N\004Q\245\272D\312D\300\300\t\323\0257\345e\271\na\215{\226\255x%T\257\037\333\004\344_/R\006E\344\037@\210\363\010\336T\226\247'\204_{\261\370""1\235\2445\343\033Y!\212\201\341\272\225'\007m\330\373}C\272\241\275(:\252\263\360\260H/\n(\217r\206\034\247/\345\245\035\261,\227\263\323\013\003""; }; ","ledgerHash: ""]+$\302\005\224\270\033E\r\312\315}\200\2505\216\221\301\341\035[\247\325\236M^\360a\267\356\267""; ledgerSeq: 47; type: liBASE; nodes {;   nodedata: ""\000\000\000/\001cEx]\211\377\330Q;\255\3404\372\225\341L\224\242\200VY\220\355\020\353I\n\363\266\036\311\003OR\250""\032\230\021\000\000\000\000\000\000\000\000\000\000\000\000\000\000\000\000\000\000\000\000\000\000\000\000\000\000\000\000\000\000\000\000N\257\035\210\036o\344T\377\225\250\247.\345\325\n\r$\025rz\252\202g\347$\223\020\235.\260\317/\351\253@/\351\253A\n\000""; }; nodes {;   nodedata: ""\323C\344\327\264{\312-\017:\006{\177\344N\002\326bO\260\220\006\033\362\345\005U\221DzJ0\001\301\025%1L\307\t\261\262z\374\222T\301\274V\236\223\262\270Ct\362\337b\356\024*\324\320\351\317\002k\336\234\027v\351\217\260\303\360\233ZPZWr\246$w\313\313\r\243r\232\2234\373\3539:N\004Q\245\272D\312D\300\300\t\323\0257\345e\271\na\215{\226\255x%T\257\037\333\004\344_/R\006E\344\037@\210\363\010\336T\226\247'\204_{\261\370""1\235\2445\343\033Y!\212\201\341\272\225'\007m\330\373}C\272\241\275(:\252\263\360\260H/\n(\217r\206\034\247/\345\245\035\261,\227\263\323\013\003""; }; "
1750527681523,1750527681523,0,1,3,0,TMLedgerData,"ledgerHash: ""]+$\302\005\224\270\033E\r\312\315}\200\2505\216\221\301\341\035[\247\325\236M^\360a\267\356\267""; ledgerSeq: 47; type: liBASE; nodes {;   nodedata: ""\000\000\000/\001cEx]\211\377\330Q;\255\3404\372\225\341L\224\242\200VY\220\355\020\353I\n\363\266\036\311\003OR\250""\032\230\021\000\000\000\000\000\000\000\000\000\000\000\000\000\000\000\000\000\000\000\000\000\000\000\000\000\000\000\000\000\000\000\000N\257\035\210\036o\344T\377\225\250\247.\345\325\n\r$\025rz\252\202g\347$\223\020\235.\260\317/\351\253@/\351\253A\n\000""; }; nodes {;   nodedata: ""\323C\344\327\264{\312-\017:\006{\177\344N\002\326bO\260\220\006\033\362\345\005U\221DzJ0\001\301\025%1L\307\t\261\262z\374\222T\301\274V\236\223\262\270Ct\362\337b\356\024*\324\320\351\317\002k\336\234\027v\351\217\260\303\360\233ZPZWr\246$w\313\313\r\243r\232\2234\373\3539:N\004Q\245\272D\312D\300\300\t\323\0257\345e\271\na\215{\226\255x%T\257\037\333\004\344_/R\006E\344\037@\210\363\010\336T\226\247'\204_{\261\370""1\235\2445\343\033Y!\212\201\341\272\225'\007m\330\373}C\272\241\275(:\252\263\360\260H/\n(\217r\206\034\247/\345\245\035\261,\227\263\323\013\003""; }; requestCookie: 5; ","ledgerHash: ""]+$\302\005\224\270\033E\r\312\315}\200\2505\216\221\301\341\035[\247\325\236M^\360a\267\356\267""; ledgerSeq: 47; type: liBASE; nodes {;   nodedata: ""\000\000\000/\001cEx]\211\377\330Q;\255\3404\372\225\341L\224\242\200VY\220\355\020\353I\n\363\266\036\311\003OR\250""\032\230\021\000\000\000\000\000\000\000\000\000\000\000\000\000\000\000\000\000\000\000\000\000\000\000\000\000\000\000\000\000\000\000\000N\257\035\210\036o\344T\377\225\250\247.\345\325\n\r$\025rz\252\202g\347$\223\020\235.\260\317/\351\253@/\351\253A\n\000""; }; nodes {;   nodedata: ""\323C\344\327\264{\312-\017:\006{\177\344N\002\326bO\260\220\006\033\362\345\005U\221DzJ0\001\301\025%1L\307\t\261\262z\374\222T\301\274V\236\223\262\270Ct\362\337b\356\024*\324\320\351\317\002k\336\234\027v\351\217\260\303\360\233ZPZWr\246$w\313\313\r\243r\232\2234\373\3539:N\004Q\245\272D\312D\300\300\t\323\0257\345e\271\na\215{\226\255x%T\257\037\333\004\344_/R\006E\344\037@\210\363\010\336T\226\247'\204_{\261\370""1\235\2445\343\033Y!\212\201\341\272\225'\007m\330\373}C\272\241\275(:\252\263\360\260H/\n(\217r\206\034\247/\345\245\035\261,\227\263\323\013\003""; }; requestCookie: 5; "
1750527681523,1750527681523,0,1,3,0,TMLedgerData,"ledgerHash: ""]+$\302\005\224\270\033E\r\312\315}\200\2505\216\221\301\341\035[\247\325\236M^\360a\267\356\267""; ledgerSeq: 47; type: liBASE; nodes {;   nodedata: ""\000\000\000/\001cEx]\211\377\330Q;\255\3404\372\225\341L\224\242\200VY\220\355\020\353I\n\363\266\036\311\003OR\250""\032\230\021\000\000\000\000\000\000\000\000\000\000\000\000\000\000\000\000\000\000\000\000\000\000\000\000\000\000\000\000\000\000\000\000N\257\035\210\036o\344T\377\225\250\247.\345\325\n\r$\025rz\252\202g\347$\223\020\235.\260\317/\351\253@/\351\253A\n\000""; }; nodes {;   nodedata: ""\323C\344\327\264{\312-\017:\006{\177\344N\002\326bO\260\220\006\033\362\345\005U\221DzJ0\001\301\025%1L\307\t\261\262z\374\222T\301\274V\236\223\262\270Ct\362\337b\356\024*\324\320\351\317\002k\336\234\027v\351\217\260\303\360\233ZPZWr\246$w\313\313\r\243r\232\2234\373\3539:N\004Q\245\272D\312D\300\300\t\323\0257\345e\271\na\215{\226\255x%T\257\037\333\004\344_/R\006E\344\037@\210\363\010\336T\226\247'\204_{\261\370""1\235\2445\343\033Y!\212\201\341\272\225'\007m\330\373}C\272\241\275(:\252\263\360\260H/\n(\217r\206\034\247/\345\245\035\261,\227\263\323\013\003""; }; requestCookie: 2; ","ledgerHash: ""]+$\302\005\224\270\033E\r\312\315}\200\2505\216\221\301\341\035[\247\325\236M^\360a\267\356\267""; ledgerSeq: 47; type: liBASE; nodes {;   nodedata: ""\000\000\000/\001cEx]\211\377\330Q;\255\3404\372\225\341L\224\242\200VY\220\355\020\353I\n\363\266\036\311\003OR\250""\032\230\021\000\000\000\000\000\000\000\000\000\000\000\000\000\000\000\000\000\000\000\000\000\000\000\000\000\000\000\000\000\000\000\000N\257\035\210\036o\344T\377\225\250\247.\345\325\n\r$\025rz\252\202g\347$\223\020\235.\260\317/\351\253@/\351\253A\n\000""; }; nodes {;   nodedata: ""\323C\344\327\264{\312-\017:\006{\177\344N\002\326bO\260\220\006\033\362\345\005U\221DzJ0\001\301\025%1L\307\t\261\262z\374\222T\301\274V\236\223\262\270Ct\362\337b\356\024*\324\320\351\317\002k\336\234\027v\351\217\260\303\360\233ZPZWr\246$w\313\313\r\243r\232\2234\373\3539:N\004Q\245\272D\312D\300\300\t\323\0257\345e\271\na\215{\226\255x%T\257\037\333\004\344_/R\006E\344\037@\210\363\010\336T\226\247'\204_{\261\370""1\235\2445\343\033Y!\212\201\341\272\225'\007m\330\373}C\272\241\275(:\252\263\360\260H/\n(\217r\206\034\247/\345\245\035\261,\227\263\323\013\003""; }; requestCookie: 2; "
1750527681524,1750527681524,0,1,3,0,TMLedgerData,"ledgerHash: ""]+$\302\005\224\270\033E\r\312\315}\200\2505\216\221\301\341\035[\247\325\236M^\360a\267\356\267""; ledgerSeq: 47; type: liBASE; nodes {;   nodedata: ""\000\000\000/\001cEx]\211\377\330Q;\255\3404\372\225\341L\224\242\200VY\220\355\020\353I\n\363\266\036\311\003OR\250""\032\230\021\000\000\000\000\000\000\000\000\000\000\000\000\000\000\000\000\000\000\000\000\000\000\000\000\000\000\000\000\000\000\000\000N\257\035\210\036o\344T\377\225\250\247.\345\325\n\r$\025rz\252\202g\347$\223\020\235.\260\317/\351\253@/\351\253A\n\000""; }; nodes {;   nodedata: ""\323C\344\327\264{\312-\017:\006{\177\344N\002\326bO\260\220\006\033\362\345\005U\221DzJ0\001\301\025%1L\307\t\261\262z\374\222T\301\274V\236\223\262\270Ct\362\337b\356\024*\324\320\351\317\002k\336\234\027v\351\217\260\303\360\233ZPZWr\246$w\313\313\r\243r\232\2234\373\3539:N\004Q\245\272D\312D\300\300\t\323\0257\345e\271\na\215{\226\255x%T\257\037\333\004\344_/R\006E\344\037@\210\363\010\336T\226\247'\204_{\261\370""1\235\2445\343\033Y!\212\201\341\272\225'\007m\330\373}C\272\241\275(:\252\263\360\260H/\n(\217r\206\034\247/\345\245\035\261,\227\263\323\013\003""; }; requestCookie: 3; ","ledgerHash: ""]+$\302\005\224\270\033E\r\312\315}\200\2505\216\221\301\341\035[\247\325\236M^\360a\267\356\267""; ledgerSeq: 47; type: liBASE; nodes {;   nodedata: ""\000\000\000/\001cEx]\211\377\330Q;\255\3404\372\225\341L\224\242\200VY\220\355\020\353I\n\363\266\036\311\003OR\250""\032\230\021\000\000\000\000\000\000\000\000\000\000\000\000\000\000\000\000\000\000\000\000\000\000\000\000\000\000\000\000\000\000\000\000N\257\035\210\036o\344T\377\225\250\247.\345\325\n\r$\025rz\252\202g\347$\223\020\235.\260\317/\351\253@/\351\253A\n\000""; }; nodes {;   nodedata: ""\323C\344\327\264{\312-\017:\006{\177\344N\002\326bO\260\220\006\033\362\345\005U\221DzJ0\001\301\025%1L\307\t\261\262z\374\222T\301\274V\236\223\262\270Ct\362\337b\356\024*\324\320\351\317\002k\336\234\027v\351\217\260\303\360\233ZPZWr\246$w\313\313\r\243r\232\2234\373\3539:N\004Q\245\272D\312D\300\300\t\323\0257\345e\271\na\215{\226\255x%T\257\037\333\004\344_/R\006E\344\037@\210\363\010\336T\226\247'\204_{\261\370""1\235\2445\343\033Y!\212\201\341\272\225'\007m\330\373}C\272\241\275(:\252\263\360\260H/\n(\217r\206\034\247/\345\245\035\261,\227\263\323\013\003""; }; requestCookie: 3; "
1750527681525,1750527681525,0,1,1,0,TMLedgerData,"ledgerHash: ""]+$\302\005\224\270\033E\r\312\315}\200\2505\216\221\301\341\035[\247\325\236M^\360a\267\356\267""; ledgerSeq: 47; type: liBASE; nodes {;   nodedata: ""\000\000\000/\001cEx]\211\377\330Q;\255\3404\372\225\341L\224\242\200VY\220\355\020\353I\n\363\266\036\311\003OR\250""\032\230\021\000\000\000\000\000\000\000\000\000\000\000\000\000\000\000\000\000\000\000\000\000\000\000\000\000\000\000\000\000\000\000\000N\257\035\210\036o\344T\377\225\250\247.\345\325\n\r$\025rz\252\202g\347$\223\020\235.\260\317/\351\253@/\351\253A\n\000""; }; nodes {;   nodedata: ""\323C\344\327\264{\312-\017:\006{\177\344N\002\326bO\260\220\006\033\362\345\005U\221DzJ0\001\301\025%1L\307\t\261\262z\374\222T\301\274V\236\223\262\270Ct\362\337b\356\024*\324\320\351\317\002k\336\234\027v\351\217\260\303\360\233ZPZWr\246$w\313\313\r\243r\232\2234\373\3539:N\004Q\245\272D\312D\300\300\t\323\0257\345e\271\na\215{\226\255x%T\257\037\333\004\344_/R\006E\344\037@\210\363\010\336T\226\247'\204_{\261\370""1\235\2445\343\033Y!\212\201\341\272\225'\007m\330\373}C\272\241\275(:\252\263\360\260H/\n(\217r\206\034\247/\345\245\035\261,\227\263\323\013\003""; }; ","ledgerHash: ""]+$\302\005\224\270\033E\r\312\315}\200\2505\216\221\301\341\035[\247\325\236M^\360a\267\356\267""; ledgerSeq: 47; type: liBASE; nodes {;   nodedata: ""\000\000\000/\001cEx]\211\377\330Q;\255\3404\372\225\341L\224\242\200VY\220\355\020\353I\n\363\266\036\311\003OR\250""\032\230\021\000\000\000\000\000\000\000\000\000\000\000\000\000\000\000\000\000\000\000\000\000\000\000\000\000\000\000\000\000\000\000\000N\257\035\210\036o\344T\377\225\250\247.\345\325\n\r$\025rz\252\202g\347$\223\020\235.\260\317/\351\253@/\351\253A\n\000""; }; nodes {;   nodedata: ""\323C\344\327\264{\312-\017:\006{\177\344N\002\326bO\260\220\006\033\362\345\005U\221DzJ0\001\301\025%1L\307\t\261\262z\374\222T\301\274V\236\223\262\270Ct\362\337b\356\024*\324\320\351\317\002k\336\234\027v\351\217\260\303\360\233ZPZWr\246$w\313\313\r\243r\232\2234\373\3539:N\004Q\245\272D\312D\300\300\t\323\0257\345e\271\na\215{\226\255x%T\257\037\333\004\344_/R\006E\344\037@\210\363\010\336T\226\247'\204_{\261\370""1\235\2445\343\033Y!\212\201\341\272\225'\007m\330\373}C\272\241\275(:\252\263\360\260H/\n(\217r\206\034\247/\345\245\035\261,\227\263\323\013\003""; }; "
1750527681525,1750527681526,0,1,3,0,TMLedgerData,"ledgerHash: ""]+$\302\005\224\270\033E\r\312\315}\200\2505\216\221\301\341\035[\247\325\236M^\360a\267\356\267""; ledgerSeq: 47; type: liAS_NODE; nodes {;   nodedata: ""\021\000h""\000\000\000\000 \033\000\000\000.\002\023\306\037\330\356GuH\375\327!\255\371\r\231\262R\256J\034\222\241\355X\265E\241^W\225\304\014\361CX-}\351f\032\255\274\334m\326c\017\014ao[\342\230\003\245\245\3341Hm\326^\017jy\335\261\032Yt\320\244{g\0306\\302\303*\341\215\223\257\364\277o\375\000r\241SOq\221\253\262\005\017\375T\356\014\360o'\030\311-\267\031\257!\031T\006><\315XM\334\324\345\034\000\325\367\240\271\013\265\024\321\362\354\211\250.\234s\225amc\305\035\366\276\037nD\277`\210\223N\3535\033\261\304f\331]\036\237\306o!\223\221\002\324\031\262\240R\177 ,\214\325\Q])\016\2067\277\t\354\010\000\360\215\2502\265\245\310\226\243c\302Ze\306\253#r\020\211\320iG\276\020E\317\035Sf\223F\254\033@\177e\277\016\010u\327\371&\262\312\317Q\2361t\377x\234\001v\003%\030\325_\225g\204\346a=\225\273\331\354\365*U\363\263N\367b\371\244\314-w\363\262\225Z\200\206\235\233\257?sE\2674\254\326mU\377?\177Ek\336\030!\316Aa\225\303\022\377{\210Y\226\271as\354L\035\004\341\361\035\301\024\220m#*\372\032\3178~\374\250\014*\323\342'z69\220\327\256\351G\367\317u\302\207\270b\315\333\333\334\310I\323&\014\352XZnW2.\335\347\202\021\247\362\212e\034\000\001\250\220\305;a\314\265R\310\017\317\331\235\360\262\240:\277\202\266\354\265X""\022\nh\252\352w\204\203\023]\001f\352\277\0031Q]\362\370R\350{\261\202\240\344\215\201\353\276\322p5p\350\354\017>\250r\241c\273\016\301\024\363\242\247\263\231\370\344\nBW\220K\316@3\243\200\036wk\253GSlU\010\360\231>\331\263H\214\324\030A\225\301o\346pkSF\004\241\213w9\223=\250\262*+\255\351r\265\244c\024\213\t\007`\223\325#\3477\210\345P\306\013\320\252[\0216+\227=`\371P\314\346 V7\271[~\n\237\274|\347\352@K\253~&\260\032\024\004B\200\255h\351\013\361\031:nG\211\005|\2003\266\274\251,W\006u\344\335d\003\306\212\313,\340\350bG\n\030Z\2732-\246\312\255\030\003\235207\005}D\260\0261ah\322M\304\216\273m0\271\234\237\007<w$\265C\245\232\033\023\313c\321B\032l\301h\005\320\252\301\361(\330[\343\357\343{\235\n\266g\272>\177\317\347\261qb&\270&\346ju\200\363N\320\307\004\034\001n\317\361\2653\254\2503\247\305\372\316W\022O\253x\250\025\373\247\354Tc\304\263\243^\352Gv\\264\261\r\035\226\306\2411\351\233\203\215\200$\231\300f\220\371c@\017\254\363\\371\340\340VaR\205~^\226\342t\360\022\204d\231\205)\272\364?\361!\334\331\315\254\230\rBG\314\023\246\244=\351\177\254\302b&\276+H;0\312\021&\275\036\237\350R\313\206R\331\304k\323u\263t\221\213yC\241\217A\242\027g\322\241'\212.E?B_\316\327\217J +\370\t^b\005\020\003\211\373\247|hC\271Nmk~J\270EU\274\036-\347\240\312FA\321\341bca\253\025\321\311\317\021\375\317\217\n\272\033o\353G>\275\361H\265\240\232um""\317\324`\214\221\314\000\211K\223+(""\200i \311\372g\254\343ZR0\224\275q\252\357\213\263\206N\357&Q\217\267\303\356I\236\357\264\311b\037\366\035\253\343\311\265\240\327q\206f\262ODi\215-\363>\034\236l\273\005G\316F\217}[\036\007\270:\260\335\271B\241N\345\330\204\327f\361\272Kb\0377p\334\264\237\177~\330]\252+:\317u\302h\n\351\n\364\231\277R\371\356\033y\265v\360Ny\246\332qY\262\231\251\n\305\334\202\305\362\n\367@k\231\016R:\327\242\366\242\253LZY\223$Gw^\203\302\311\316I7\371tTwp}\005|\372\214\251{R`\230V\244-\326I\351\255\325i\335\377\321\353\327\331\302\023\347y\016\263\271\317\306\017UV\314qu?\0064A\315{3D\010\016S\212\2353k0\361\214ID\303g\277\010Y_\001~\021\333\370\255\374\\331\306\255\336)\365Rth\024\t\300.M\315\321S\257\224\252\362\326P\316\303%nX\3742\333\036\004Y\264yG^\234\177\214\305q\237\274G\300a4\275\240s\215\222\210\016\020G\344=-:GK\312\035\271\201\350\376F\260G\347\000\235\365P6pmH\033\373\212c\377o\232\356\320D\002\277,]os{\354/?\312e\006wda\001\023\375\316\025\254\321\244\370+Y`\220\270\254\2601E[FI\310\235<qI \356\032v%\001\230\016\203\200\251UD\347\304\373\034\211\340@\342\033\263\365\356\341\357\350\324\035J\032\177\230\207\220\303+\207\352g\317N\027>\222M\271m\033\236\021:\272\233r\373\233hC}\256\020\210\010\233\335\025[ d(\343\263\327\177\030\246\254H\277\254E\231\006\033_lB\210\264\334Y\322\314\362\320L\000Q\240\317\3502\006,|\364\004\275\034\006\337\370""\330\364\202\314\315\311?\030\260\361u)\336\202\265Y\177X\227$\245tCB\345\314d\231A\300\204\371KJ\036\321\330\014]""EN\266$]\331\226c\351\312\376z\254\214\206B\274&M\032\376v\266\3104u)\r\312\021\273\030jJH\215G4\367fQ;\255\3404\372\225\341L\224\242\200VY\220\355\020\353I\n\363\266\036\311\003OR\250""\032\230\021\264\227\2326\315\307\363\323\325\303\032N\256*\307\327 \235\332\207u\210\271\257\306g\231i*\260\326k\001"";   nodeid: ""\260\000\000\000\000\000\000\000\000\000\000\000\000\000\000\000\000\000\000\000\000\000\000\000\000\000\000\000\000\000\000\000\001""; }; ","ledgerHash: ""]+$\302\005\224\270\033E\r\312\315}\200\2505\216\221\301\341\035[\247\325\236M^\360a\267\356\267""; ledgerSeq: 47; type: liAS_NODE; nodes {;   nodedata: ""\021\000h""\000\000\000\000 \033\000\000\000.\002\023\306\037\330\356GuH\375\327!\255\371\r\231\262R\256J\034\222\241\355X\265E\241^W\225\304\014\361CX-}\351f\032\255\274\334m\326c\017\014ao[\342\230\003\245\245\3341Hm\326^\017jy\335\261\032Yt\320\244{g\0306\\302\303*\341\215\223\257\364\277o\375\000r\241SOq\221\253\262\005\017\375T\356\014\360o'\030\311-\267\031\257!\031T\006><\315XM\334\324\345\034\000\325\367\240\271\013\265\024\321\362\354\211\250.\234s\225amc\305\035\366\276\037nD\277`\210\223N\3535\033\261\304f\331]\036\237\306o!\223\221\002\324\031\262\240R\177 ,\214\325\Q])\016\2067\277\t\354\010\000\360\215\2502\265\245\310\226\243c\302Ze\306\253#r\020\211\320iG\276\020E\317\035Sf\223F\254\033@\177e\277\016\010u\327\371&\262\312\317Q\2361t\377x\234\001v\003%\030\325_\225g\204\346a=\225\273\331\354\365*U\363\263N\367b\371\244\314-w\363\262\225Z\200\206\235\233\257?sE\2674\254\326mU\377?\177Ek\336\030!\316Aa\225\303\022\377{\210Y\226\271as\354L\035\004\341\361\035\301\024\220m#*\372\032\3178~\374\250\014*\323\342'z69\220\327\256\351G\367\317u\302\207\270b\315\333\333\334\310I\323&\014\352XZnW2.\335\347\202\021\247\362\212e\034\000\001\250\220\305;a\314\265R\310\017\317\331\235\360\262\240:\277\202\266\354\265X""\022\nh\252\352w\204\203\023]\001f\352\277\0031Q]\362\370R\350{\261\202\240\344\215\201\353\276\322p5p\350\354\017>\250r\241c\273\016\301\024\363\242\247\263\231\370\344\nBW\220K\316@3\243\200\036wk\253GSlU\010\360\231>\331\263H\214\324\030A\225\301o\346pkSF\004\241\213w9\223=\250\262*+\255\351r\265\244c\024\213\t\007`\223\325#\3477\210\345P\306\013\320\252[\0216+\227=`\371P\314\346 V7\271[~\n\237\274|\347\352@K\253~&\260\032\024\004B\200\255h\351\013\361\031:nG\211\005|\2003\266\274\251,W\006u\344\335d\003\306\212\313,\340\350bG\n\030Z\2732-\246\312\255\030\003\235207\005}D\260\0261ah\322M\304\216\273m0\271\234\237\007<w$\265C\245\232\033\023\313c\321B\032l\301h\005\320\252\301\361(\330[\343\357\343{\235\n\266g\272>\177\317\347\261qb&\270&\346ju\200\363N\320\307\004\034\001n\317\361\2653\254\2503\247\305\372\316W\022O\253x\250\025\373\247\354Tc\304\263\243^\352Gv\\264\261\r\035\226\306\2411\351\233\203\215\200$\231\300f\220\371c@\017\254\363\\371\340\340VaR\205~^\226\342t\360\022\204d\231\205)\272\364?\361!\334\331\315\254\230\rBG\314\023\246\244=\351\177\254\302b&\276+H;0\312\021&\275\036\237\350R\313\206R\331\304k\323u\263t\221\213yC\241\217A\242\027g\322\241'\212.E?B_\316\327\217J +\370\t^b\005\020\003\211\373\247|hC\271Nmk~J\270EU\274\036-\347\240\312FA\321\341bca\253\025\321\311\317\021\375\317\217\n\272\033o\353G>\275\361H\265\240\232um""\317\324`\214\221\314\000\211K\223+(""\200i \311\372g\254\343ZR0\224\275q\252\357\213\263\206N\357&Q\217\267\303\356I\236\357\264\311b\037\366\035\253\343\311\265\240\327q\206f\262ODi\215-\363>\034\236l\273\005G\316F\217}[\036\007\270:\260\335\271B\241N\345\330\204\327f\361\272Kb\0377p\334\264\237\177~\330]\252+:\317u\302h\n\351\n\364\231\277R\371\356\033y\265v\360Ny\246\332qY\262\231\251\n\305\334\202\305\362\n\367@k\231\016R:\327\242\366\242\253LZY\223$Gw^\203\302\311\316I7\371tTwp}\005|\372\214\251{R`\230V\244-\326I\351\255\325i\335\377\321\353\327\331\302\023\347y\016\263\271\317\306\017UV\314qu?\0064A\315{3D\010\016S\212\2353k0\361\214ID\303g\277\010Y_\001~\021\333\370\255\374\\331\306\255\336)\365Rth\024\t\300.M\315\321S\257\224\252\362\326P\316\303%nX\3742\333\036\004Y\264yG^\234\177\214\305q\237\274G\300a4\275\240s\215\222\210\016\020G\344=-:GK\312\035\271\201\350\376F\260G\347\000\235\365P6pmH\033\373\212c\377o\232\356\320D\002\277,]os{\354/?\312e\006wda\001\023\375\316\025\254\321\244\370+Y`\220\270\254\2601E[FI\310\235<qI \356\032v%\001\230\016\203\200\251UD\347\304\373\034\211\340@\342\033\263\365\356\341\357\350\324\035J\032\177\230\207\220\303+\207\352g\317N\027>\222M\271m\033\236\021:\272\233r\373\233hC}\256\020\210\010\233\335\025[ d(\343\263\327\177\030\246\254H\277\254E\231\006\033_lB\210\264\334Y\322\314\362\320L\000Q\240\317\3502\006,|\364\004\275\034\006\337\370""\330\364\202\314\315\311?\030\260\361u)\336\202\265Y\177X\227$\245tCB\345\314d\231A\300\204\371KJ\036\321\330\014]""EN\266$]\331\226c\351\312\376z\254\214\206B\274&M\032\376v\266\3104u)\r\312\021\273\030jJH\215G4\367fQ;\255\3404\372\225\341L\224\242\200VY\220\355\020\353I\n\363\266\036\311\003OR\250""\032\230\021\264\227\2326\315\307\363\323\325\303\032N\256*\307\327 \235\332\207u\210\271\257\306g\231i*\260\326k\001"";   nodeid: ""\260\000\000\000\000\000\000\000\000\000\000\000\000\000\000\000\000\000\000\000\000\000\000\000\000\000\000\000\000\000\000\000\001""; }; "
1750527681526,1750527681526,0,1,2,3,TMGetLedger,"itype: liBASE; ledgerHash: ""]+$\302\005\224\270\033E\r\312\315}\200\2505\216\221\301\341\035[\247\325\236M^\360a\267\356\267""; requestCookie: 3; queryType: qtINDIRECT; ","itype: liBASE; ledgerHash: ""]+$\302\005\224\270\033E\r\312\315}\200\2505\216\221\301\341\035[\247\325\236M^\360a\267\356\267""; requestCookie: 3; queryType: qtINDIRECT; "
1750527681526,1750527681526,0,1,2,3,TMGetLedger,"itype: liAS_NODE; ledgerHash: ""]+$\302\005\224\270\033E\r\312\315}\200\2505\216\221\301\341\035[\247\325\236M^\360a\267\356\267""; ledgerSeq: 47; nodeIDs: ""\260\000\000\000\000\000\000\000\000\000\000\000\000\000\000\000\000\000\000\000\000\000\000\000\000\000\000\000\000\000\000\000\001""; queryType: qtINDIRECT; queryDepth: 1; ","itype: liAS_NODE; ledgerHash: ""]+$\302\005\224\270\033E\r\312\315}\200\2505\216\221\301\341\035[\247\325\236M^\360a\267\356\267""; ledgerSeq: 47; nodeIDs: ""\260\000\000\000\000\000\000\000\000\000\000\000\000\000\000\000\000\000\000\000\000\000\000\000\000\000\000\000\000\000\000\000\001""; queryType: qtINDIRECT; queryDepth: 1; "
1750527681528,1750527681528,0,1,2,4,TMLedgerData,"ledgerHash: ""]+$\302\005\224\270\033E\r\312\315}\200\2505\216\221\301\341\035[\247\325\236M^\360a\267\356\267""; ledgerSeq: 47; type: liBASE; nodes {;   nodedata: ""\000\000\000/\001cEx]\211\377\330Q;\255\3404\372\225\341L\224\242\200VY\220\355\020\353I\n\363\266\036\311\003OR\250""\032\230\021\000\000\000\000\000\000\000\000\000\000\000\000\000\000\000\000\000\000\000\000\000\000\000\000\000\000\000\000\000\000\000\000N\257\035\210\036o\344T\377\225\250\247.\345\325\n\r$\025rz\252\202g\347$\223\020\235.\260\317/\351\253@/\351\253A\n\000""; }; nodes {;   nodedata: ""\323C\344\327\264{\312-\017:\006{\177\344N\002\326bO\260\220\006\033\362\345\005U\221DzJ0\001\301\025%1L\307\t\261\262z\374\222T\301\274V\236\223\262\270Ct\362\337b\356\024*\324\320\351\317\002k\336\234\027v\351\217\260\303\360\233ZPZWr\246$w\313\313\r\243r\232\2234\373\3539:N\004Q\245\272D\312D\300\300\t\323\0257\345e\271\na\215{\226\255x%T\257\037\333\004\344_/R\006E\344\037@\210\363\010\336T\226\247'\204_{\261\370""1\235\2445\343\033Y!\212\201\341\272\225'\007m\330\373}C\272\241\275(:\252\263\360\260H/\n(\217r\206\034\247/\345\245\035\261,\227\263\323\013\003""; }; ","ledgerHash: ""]+$\302\005\224\270\033E\r\312\315}\200\2505\216\221\301\341\035[\247\325\236M^\360a\267\356\267""; ledgerSeq: 47; type: liBASE; nodes {;   nodedata: ""\000\000\000/\001cEx]\211\377\330Q;\255\3404\372\225\341L\224\242\200VY\220\355\020\353I\n\363\266\036\311\003OR\250""\032\230\021\000\000\000\000\000\000\000\000\000\000\000\000\000\000\000\000\000\000\000\000\000\000\000\000\000\000\000\000\000\000\000\000N\257\035\210\036o\344T\377\225\250\247.\345\325\n\r$\025rz\252\202g\347$\223\020\235.\260\317/\351\253@/\351\253A\n\000""; }; nodes {;   nodedata: ""\323C\344\327\264{\312-\017:\006{\177\344N\002\326bO\260\220\006\033\362\345\005U\221DzJ0\001\301\025%1L\307\t\261\262z\374\222T\301\274V\236\223\262\270Ct\362\337b\356\024*\324\320\351\317\002k\336\234\027v\351\217\260\303\360\233ZPZWr\246$w\313\313\r\243r\232\2234\373\3539:N\004Q\245\272D\312D\300\300\t\323\0257\345e\271\na\215{\226\255x%T\257\037\333\004\344_/R\006E\344\037@\210\363\010\336T\226\247'\204_{\261\370""1\235\2445\343\033Y!\212\201\341\272\225'\007m\330\373}C\272\241\275(:\252\263\360\260H/\n(\217r\206\034\247/\345\245\035\261,\227\263\323\013\003""; }; "
1750527681528,1750527681528,0,1,4,0,TMLedgerData,"ledgerHash: ""]+$\302\005\224\270\033E\r\312\315}\200\2505\216\221\301\341\035[\247\325\236M^\360a\267\356\267""; ledgerSeq: 47; type: liBASE; nodes {;   nodedata: ""\000\000\000/\001cEx]\211\377\330Q;\255\3404\372\225\341L\224\242\200VY\220\355\020\353I\n\363\266\036\311\003OR\250""\032\230\021\000\000\000\000\000\000\000\000\000\000\000\000\000\000\000\000\000\000\000\000\000\000\000\000\000\000\000\000\000\000\000\000N\257\035\210\036o\344T\377\225\250\247.\345\325\n\r$\025rz\252\202g\347$\223\020\235.\260\317/\351\253@/\351\253A\n\000""; }; nodes {;   nodedata: ""\323C\344\327\264{\312-\017:\006{\177\344N\002\326bO\260\220\006\033\362\345\005U\221DzJ0\001\301\025%1L\307\t\261\262z\374\222T\301\274V\236\223\262\270Ct\362\337b\356\024*\324\320\351\317\002k\336\234\027v\351\217\260\303\360\233ZPZWr\246$w\313\313\r\243r\232\2234\373\3539:N\004Q\245\272D\312D\300\300\t\323\0257\345e\271\na\215{\226\255x%T\257\037\333\004\344_/R\006E\344\037@\210\363\010\336T\226\247'\204_{\261\370""1\235\2445\343\033Y!\212\201\341\272\225'\007m\330\373}C\272\241\275(:\252\263\360\260H/\n(\217r\206\034\247/\345\245\035\261,\227\263\323\013\003""; }; ","ledgerHash: ""]+$\302\005\224\270\033E\r\312\315}\200\2505\216\221\301\341\035[\247\325\236M^\360a\267\356\267""; ledgerSeq: 47; type: liBASE; nodes {;   nodedata: ""\000\000\000/\001cEx]\211\377\330Q;\255\3404\372\225\341L\224\242\200VY\220\355\020\353I\n\363\266\036\311\003OR\250""\032\230\021\000\000\000\000\000\000\000\000\000\000\000\000\000\000\000\000\000\000\000\000\000\000\000\000\000\000\000\000\000\000\000\000N\257\035\210\036o\344T\377\225\250\247.\345\325\n\r$\025rz\252\202g\347$\223\020\235.\260\317/\351\253@/\351\253A\n\000""; }; nodes {;   nodedata: ""\323C\344\327\264{\312-\017:\006{\177\344N\002\326bO\260\220\006\033\362\345\005U\221DzJ0\001\301\025%1L\307\t\261\262z\374\222T\301\274V\236\223\262\270Ct\362\337b\356\024*\324\320\351\317\002k\336\234\027v\351\217\260\303\360\233ZPZWr\246$w\313\313\r\243r\232\2234\373\3539:N\004Q\245\272D\312D\300\300\t\323\0257\345e\271\na\215{\226\255x%T\257\037\333\004\344_/R\006E\344\037@\210\363\010\336T\226\247'\204_{\261\370""1\235\2445\343\033Y!\212\201\341\272\225'\007m\330\373}C\272\241\275(:\252\263\360\260H/\n(\217r\206\034\247/\345\245\035\261,\227\263\323\013\003""; }; "
1750527681528,1750527681528,0,1,3,1,TMPing,type: ptPING; seq: 3744240372; ,type: ptPING; seq: 3744240372; 
1750527681529,1750527681529,0,1,2,0,TMLedgerData,"ledgerHash: ""]+$\302\005\224\270\033E\r\312\315}\200\2505\216\221\301\341\035[\247\325\236M^\360a\267\356\267""; ledgerSeq: 47; type: liBASE; nodes {;   nodedata: ""\000\000\000/\001cEx]\211\377\330Q;\255\3404\372\225\341L\224\242\200VY\220\355\020\353I\n\363\266\036\311\003OR\250""\032\230\021\000\000\000\000\000\000\000\000\000\000\000\000\000\000\000\000\000\000\000\000\000\000\000\000\000\000\000\000\000\000\000\000N\257\035\210\036o\344T\377\225\250\247.\345\325\n\r$\025rz\252\202g\347$\223\020\235.\260\317/\351\253@/\351\253A\n\000""; }; nodes {;   nodedata: ""\323C\344\327\264{\312-\017:\006{\177\344N\002\326bO\260\220\006\033\362\345\005U\221DzJ0\001\301\025%1L\307\t\261\262z\374\222T\301\274V\236\223\262\270Ct\362\337b\356\024*\324\320\351\317\002k\336\234\027v\351\217\260\303\360\233ZPZWr\246$w\313\313\r\243r\232\2234\373\3539:N\004Q\245\272D\312D\300\300\t\323\0257\345e\271\na\215{\226\255x%T\257\037\333\004\344_/R\006E\344\037@\210\363\010\336T\226\247'\204_{\261\370""1\235\2445\343\033Y!\212\201\341\272\225'\007m\330\373}C\272\241\275(:\252\263\360\260H/\n(\217r\206\034\247/\345\245\035\261,\227\263\323\013\003""; }; ","ledgerHash: ""]+$\302\005\224\270\033E\r\312\315}\200\2505\216\221\301\341\035[\247\325\236M^\360a\267\356\267""; ledgerSeq: 47; type: liBASE; nodes {;   nodedata: ""\000\000\000/\001cEx]\211\377\330Q;\255\3404\372\225\341L\224\242\200VY\220\355\020\353I\n\363\266\036\311\003OR\250""\032\230\021\000\000\000\000\000\000\000\000\000\000\000\000\000\000\000\000\000\000\000\000\000\000\000\000\000\000\000\000\000\000\000\000N\257\035\210\036o\344T\377\225\250\247.\345\325\n\r$\025rz\252\202g\347$\223\020\235.\260\317/\351\253@/\351\253A\n\000""; }; nodes {;   nodedata: ""\323C\344\327\264{\312-\017:\006{\177\344N\002\326bO\260\220\006\033\362\345\005U\221DzJ0\001\301\025%1L\307\t\261\262z\374\222T\301\274V\236\223\262\270Ct\362\337b\356\024*\324\320\351\317\002k\336\234\027v\351\217\260\303\360\233ZPZWr\246$w\313\313\r\243r\232\2234\373\3539:N\004Q\245\272D\312D\300\300\t\323\0257\345e\271\na\215{\226\255x%T\257\037\333\004\344_/R\006E\344\037@\210\363\010\336T\226\247'\204_{\261\370""1\235\2445\343\033Y!\212\201\341\272\225'\007m\330\373}C\272\241\275(:\252\263\360\260H/\n(\217r\206\034\247/\345\245\035\261,\227\263\323\013\003""; }; "
1750527681530,1750527681530,0,1,0,4,TMLedgerData,"ledgerHash: ""]+$\302\005\224\270\033E\r\312\315}\200\2505\216\221\301\341\035[\247\325\236M^\360a\267\356\267""; ledgerSeq: 47; type: liBASE; nodes {;   nodedata: ""\000\000\000/\001cEx]\211\377\330Q;\255\3404\372\225\341L\224\242\200VY\220\355\020\353I\n\363\266\036\311\003OR\250""\032\230\021\000\000\000\000\000\000\000\000\000\000\000\000\000\000\000\000\000\000\000\000\000\000\000\000\000\000\000\000\000\000\000\000N\257\035\210\036o\344T\377\225\250\247.\345\325\n\r$\025rz\252\202g\347$\223\020\235.\260\317/\351\253@/\351\253A\n\000""; }; nodes {;   nodedata: ""\323C\344\327\264{\312-\017:\006{\177\344N\002\326bO\260\220\006\033\362\345\005U\221DzJ0\001\301\025%1L\307\t\261\262z\374\222T\301\274V\236\223\262\270Ct\362\337b\356\024*\324\320\351\317\002k\336\234\027v\351\217\260\303\360\233ZPZWr\246$w\313\313\r\243r\232\2234\373\3539:N\004Q\245\272D\312D\300\300\t\323\0257\345e\271\na\215{\226\255x%T\257\037\333\004\344_/R\006E\344\037@\210\363\010\336T\226\247'\204_{\261\370""1\235\2445\343\033Y!\212\201\341\272\225'\007m\330\373}C\272\241\275(:\252\263\360\260H/\n(\217r\206\034\247/\345\245\035\261,\227\263\323\013\003""; }; ","ledgerHash: ""]+$\302\005\224\270\033E\r\312\315}\200\2505\216\221\301\341\035[\247\325\236M^\360a\267\356\267""; ledgerSeq: 47; type: liBASE; nodes {;   nodedata: ""\000\000\000/\001cEx]\211\377\330Q;\255\3404\372\225\341L\224\242\200VY\220\355\020\353I\n\363\266\036\311\003OR\250""\032\230\021\000\000\000\000\000\000\000\000\000\000\000\000\000\000\000\000\000\000\000\000\000\000\000\000\000\000\000\000\000\000\000\000N\257\035\210\036o\344T\377\225\250\247.\345\325\n\r$\025rz\252\202g\347$\223\020\235.\260\317/\351\253@/\351\253A\n\000""; }; nodes {;   nodedata: ""\323C\344\327\264{\312-\017:\006{\177\344N\002\326bO\260\220\006\033\362\345\005U\221DzJ0\001\301\025%1L\307\t\261\262z\374\222T\301\274V\236\223\262\270Ct\362\337b\356\024*\324\320\351\317\002k\336\234\027v\351\217\260\303\360\233ZPZWr\246$w\313\313\r\243r\232\2234\373\3539:N\004Q\245\272D\312D\300\300\t\323\0257\345e\271\na\215{\226\255x%T\257\037\333\004\344_/R\006E\344\037@\210\363\010\336T\226\247'\204_{\261\370""1\235\2445\343\033Y!\212\201\341\272\225'\007m\330\373}C\272\241\275(:\252\263\360\260H/\n(\217r\206\034\247/\345\245\035\261,\227\263\323\013\003""; }; "
1750527681530,1750527681530,0,1,0,1,TMLedgerData,"ledgerHash: ""]+$\302\005\224\270\033E\r\312\315}\200\2505\216\221\301\341\035[\247\325\236M^\360a\267\356\267""; ledgerSeq: 47; type: liBASE; nodes {;   nodedata: ""\000\000\000/\001cEx]\211\377\330Q;\255\3404\372\225\341L\224\242\200VY\220\355\020\353I\n\363\266\036\311\003OR\250""\032\230\021\000\000\000\000\000\000\000\000\000\000\000\000\000\000\000\000\000\000\000\000\000\000\000\000\000\000\000\000\000\000\000\000N\257\035\210\036o\344T\377\225\250\247.\345\325\n\r$\025rz\252\202g\347$\223\020\235.\260\317/\351\253@/\351\253A\n\000""; }; nodes {;   nodedata: ""\323C\344\327\264{\312-\017:\006{\177\344N\002\326bO\260\220\006\033\362\345\005U\221DzJ0\001\301\025%1L\307\t\261\262z\374\222T\301\274V\236\223\262\270Ct\362\337b\356\024*\324\320\351\317\002k\336\234\027v\351\217\260\303\360\233ZPZWr\246$w\313\313\r\243r\232\2234\373\3539:N\004Q\245\272D\312D\300\300\t\323\0257\345e\271\na\215{\226\255x%T\257\037\333\004\344_/R\006E\344\037@\210\363\010\336T\226\247'\204_{\261\370""1\235\2445\343\033Y!\212\201\341\272\225'\007m\330\373}C\272\241\275(:\252\263\360\260H/\n(\217r\206\034\247/\345\245\035\261,\227\263\323\013\003""; }; ","ledgerHash: ""]+$\302\005\224\270\033E\r\312\315}\200\2505\216\221\301\341\035[\247\325\236M^\360a\267\356\267""; ledgerSeq: 47; type: liBASE; nodes {;   nodedata: ""\000\000\000/\001cEx]\211\377\330Q;\255\3404\372\225\341L\224\242\200VY\220\355\020\353I\n\363\266\036\311\003OR\250""\032\230\021\000\000\000\000\000\000\000\000\000\000\000\000\000\000\000\000\000\000\000\000\000\000\000\000\000\000\000\000\000\000\000\000N\257\035\210\036o\344T\377\225\250\247.\345\325\n\r$\025rz\252\202g\347$\223\020\235.\260\317/\351\253@/\351\253A\n\000""; }; nodes {;   nodedata: ""\323C\344\327\264{\312-\017:\006{\177\344N\002\326bO\260\220\006\033\362\345\005U\221DzJ0\001\301\025%1L\307\t\261\262z\374\222T\301\274V\236\223\262\270Ct\362\337b\356\024*\324\320\351\317\002k\336\234\027v\351\217\260\303\360\233ZPZWr\246$w\313\313\r\243r\232\2234\373\3539:N\004Q\245\272D\312D\300\300\t\323\0257\345e\271\na\215{\226\255x%T\257\037\333\004\344_/R\006E\344\037@\210\363\010\336T\226\247'\204_{\261\370""1\235\2445\343\033Y!\212\201\341\272\225'\007m\330\373}C\272\241\275(:\252\263\360\260H/\n(\217r\206\034\247/\345\245\035\261,\227\263\323\013\003""; }; "
1750527681531,1750527681531,0,1,0,2,TMLedgerData,"ledgerHash: ""]+$\302\005\224\270\033E\r\312\315}\200\2505\216\221\301\341\035[\247\325\236M^\360a\267\356\267""; ledgerSeq: 47; type: liBASE; nodes {;   nodedata: ""\000\000\000/\001cEx]\211\377\330Q;\255\3404\372\225\341L\224\242\200VY\220\355\020\353I\n\363\266\036\311\003OR\250""\032\230\021\000\000\000\000\000\000\000\000\000\000\000\000\000\000\000\000\000\000\000\000\000\000\000\000\000\000\000\000\000\000\000\000N\257\035\210\036o\344T\377\225\250\247.\345\325\n\r$\025rz\252\202g\347$\223\020\235.\260\317/\351\253@/\351\253A\n\000""; }; nodes {;   nodedata: ""\323C\344\327\264{\312-\017:\006{\177\344N\002\326bO\260\220\006\033\362\345\005U\221DzJ0\001\301\025%1L\307\t\261\262z\374\222T\301\274V\236\223\262\270Ct\362\337b\356\024*\324\320\351\317\002k\336\234\027v\351\217\260\303\360\233ZPZWr\246$w\313\313\r\243r\232\2234\373\3539:N\004Q\245\272D\312D\300\300\t\323\0257\345e\271\na\215{\226\255x%T\257\037\333\004\344_/R\006E\344\037@\210\363\010\336T\226\247'\204_{\261\370""1\235\2445\343\033Y!\212\201\341\272\225'\007m\330\373}C\272\241\275(:\252\263\360\260H/\n(\217r\206\034\247/\345\245\035\261,\227\263\323\013\003""; }; ","ledgerHash: ""]+$\302\005\224\270\033E\r\312\315}\200\2505\216\221\301\341\035[\247\325\236M^\360a\267\356\267""; ledgerSeq: 47; type: liBASE; nodes {;   nodedata: ""\000\000\000/\001cEx]\211\377\330Q;\255\3404\372\225\341L\224\242\200VY\220\355\020\353I\n\363\266\036\311\003OR\250""\032\230\021\000\000\000\000\000\000\000\000\000\000\000\000\000\000\000\000\000\000\000\000\000\000\000\000\000\000\000\000\000\000\000\000N\257\035\210\036o\344T\377\225\250\247.\345\325\n\r$\025rz\252\202g\347$\223\020\235.\260\317/\351\253@/\351\253A\n\000""; }; nodes {;   nodedata: ""\323C\344\327\264{\312-\017:\006{\177\344N\002\326bO\260\220\006\033\362\345\005U\221DzJ0\001\301\025%1L\307\t\261\262z\374\222T\301\274V\236\223\262\270Ct\362\337b\356\024*\324\320\351\317\002k\336\234\027v\351\217\260\303\360\233ZPZWr\246$w\313\313\r\243r\232\2234\373\3539:N\004Q\245\272D\312D\300\300\t\323\0257\345e\271\na\215{\226\255x%T\257\037\333\004\344_/R\006E\344\037@\210\363\010\336T\226\247'\204_{\261\370""1\235\2445\343\033Y!\212\201\341\272\225'\007m\330\373}C\272\241\275(:\252\263\360\260H/\n(\217r\206\034\247/\345\245\035\261,\227\263\323\013\003""; }; "
1750527681533,1750527681533,0,1,3,2,TMLedgerData,"ledgerHash: ""]+$\302\005\224\270\033E\r\312\315}\200\2505\216\221\301\341\035[\247\325\236M^\360a\267\356\267""; ledgerSeq: 47; type: liBASE; nodes {;   nodedata: ""\000\000\000/\001cEx]\211\377\330Q;\255\3404\372\225\341L\224\242\200VY\220\355\020\353I\n\363\266\036\311\003OR\250""\032\230\021\000\000\000\000\000\000\000\000\000\000\000\000\000\000\000\000\000\000\000\000\000\000\000\000\000\000\000\000\000\000\000\000N\257\035\210\036o\344T\377\225\250\247.\345\325\n\r$\025rz\252\202g\347$\223\020\235.\260\317/\351\253@/\351\253A\n\000""; }; nodes {;   nodedata: ""\323C\344\327\264{\312-\017:\006{\177\344N\002\326bO\260\220\006\033\362\345\005U\221DzJ0\001\301\025%1L\307\t\261\262z\374\222T\301\274V\236\223\262\270Ct\362\337b\356\024*\324\320\351\317\002k\336\234\027v\351\217\260\303\360\233ZPZWr\246$w\313\313\r\243r\232\2234\373\3539:N\004Q\245\272D\312D\300\300\t\323\0257\345e\271\na\215{\226\255x%T\257\037\333\004\344_/R\006E\344\037@\210\363\010\336T\226\247'\204_{\261\370""1\235\2445\343\033Y!\212\201\341\272\225'\007m\330\373}C\272\241\275(:\252\263\360\260H/\n(\217r\206\034\247/\345\245\035\261,\227\263\323\013\003""; }; requestCookie: 3; ","ledgerHash: ""]+$\302\005\224\270\033E\r\312\315}\200\2505\216\221\301\341\035[\247\325\236M^\360a\267\356\267""; ledgerSeq: 47; type: liBASE; nodes {;   nodedata: ""\000\000\000/\001cEx]\211\377\330Q;\255\3404\372\225\341L\224\242\200VY\220\355\020\353I\n\363\266\036\311\003OR\250""\032\230\021\000\000\000\000\000\000\000\000\000\000\000\000\000\000\000\000\000\000\000\000\000\000\000\000\000\000\000\000\000\000\000\000N\257\035\210\036o\344T\377\225\250\247.\345\325\n\r$\025rz\252\202g\347$\223\020\235.\260\317/\351\253@/\351\253A\n\000""; }; nodes {;   nodedata: ""\323C\344\327\264{\312-\017:\006{\177\344N\002\326bO\260\220\006\033\362\345\005U\221DzJ0\001\301\025%1L\307\t\261\262z\374\222T\301\274V\236\223\262\270Ct\362\337b\356\024*\324\320\351\317\002k\336\234\027v\351\217\260\303\360\233ZPZWr\246$w\313\313\r\243r\232\2234\373\3539:N\004Q\245\272D\312D\300\300\t\323\0257\345e\271\na\215{\226\255x%T\257\037\333\004\344_/R\006E\344\037@\210\363\010\336T\226\247'\204_{\261\370""1\235\2445\343\033Y!\212\201\341\272\225'\007m\330\373}C\272\241\275(:\252\263\360\260H/\n(\217r\206\034\247/\345\245\035\261,\227\263\323\013\003""; }; requestCookie: 3; "
1750527681533,1750527681534,0,1,3,2,TMLedgerData,"ledgerHash: ""]+$\302\005\224\270\033E\r\312\315}\200\2505\216\221\301\341\035[\247\325\236M^\360a\267\356\267""; ledgerSeq: 47; type: liAS_NODE; nodes {;   nodedata: ""\021\000h""\000\000\000\000 \033\000\000\000.\002\023\306\037\330\356GuH\375\327!\255\371\r\231\262R\256J\034\222\241\355X\265E\241^W\225\304\014\361CX-}\351f\032\255\274\334m\326c\017\014ao[\342\230\003\245\245\3341Hm\326^\017jy\335\261\032Yt\320\244{g\0306\\302\303*\341\215\223\257\364\277o\375\000r\241SOq\221\253\262\005\017\375T\356\014\360o'\030\311-\267\031\257!\031T\006><\315XM\334\324\345\034\000\325\367\240\271\013\265\024\321\362\354\211\250.\234s\225amc\305\035\366\276\037nD\277`\210\223N\3535\033\261\304f\331]\036\237\306o!\223\221\002\324\031\262\240R\177 ,\214\325\Q])\016\2067\277\t\354\010\000\360\215\2502\265\245\310\226\243c\302Ze\306\253#r\020\211\320iG\276\020E\317\035Sf\223F\254\033@\177e\277\016\010u\327\371&\262\312\317Q\2361t\377x\234\001v\003%\030\325_\225g\204\346a=\225\273\331\354\365*U\363\263N\367b\371\244\314-w\363\262\225Z\200\206\235\233\257?sE\2674\254\326mU\377?\177Ek\336\030!\316Aa\225\303\022\377{\210Y\226\271as\354L\035\004\341\361\035\301\024\220m#*\372\032\3178~\374\250\014*\323\342'z69\220\327\256\351G\367\317u\302\207\270b\315\333\333\334\310I\323&\014\352XZnW2.\335\347\202\021\247\362\212e\034\000\001\250\220\305;a\314\265R\310\017\317\331\235\360\262\240:\277\202\266\354\265X""\022\nh\252\352w\204\203\023]\001f\352\277\0031Q]\362\370R\350{\261\202\240\344\215\201\353\276\322p5p\350\354\017>\250r\241c\273\016\301\024\363\242\247\263\231\370\344\nBW\220K\316@3\243\200\036wk\253GSlU\010\360\231>\331\263H\214\324\030A\225\301o\346pkSF\004\241\213w9\223=\250\262*+\255\351r\265\244c\024\213\t\007`\223\325#\3477\210\345P\306\013\320\252[\0216+\227=`\371P\314\346 V7\271[~\n\237\274|\347\352@K\253~&\260\032\024\004B\200\255h\351\013\361\031:nG\211\005|\2003\266\274\251,W\006u\344\335d\003\306\212\313,\340\350bG\n\030Z\2732-\246\312\255\030\003\235207\005}D\260\0261ah\322M\304\216\273m0\271\234\237\007<w$\265C\245\232\033\023\313c\321B\032l\301h\005\320\252\301\361(\330[\343\357\343{\235\n\266g\272>\177\317\347\261qb&\270&\346ju\200\363N\320\307\004\034\001n\317\361\2653\254\2503\247\305\372\316W\022O\253x\250\025\373\247\354Tc\304\263\243^\352Gv\\264\261\r\035\226\306\2411\351\233\203\215\200$\231\300f\220\371c@\017\254\363\\371\340\340VaR\205~^\226\342t\360\022\204d\231\205)\272\364?\361!\334\331\315\254\230\rBG\314\023\246\244=\351\177\254\302b&\276+H;0\312\021&\275\036\237\350R\313\206R\331\304k\323u\263t\221\213yC\241\217A\242\027g\322\241'\212.E?B_\316\327\217J +\370\t^b\005\020\003\211\373\247|hC\271Nmk~J\270EU\274\036-\347\240\312FA\321\341bca\253\025\321\311\317\021\375\317\217\n\272\033o\353G>\275\361H\265\240\232um""\317\324`\214\221\314\000\211K\223+(""\200i \311\372g\254\343ZR0\224\275q\252\357\213\263\206N\357&Q\217\267\303\356I\236\357\264\311b\037\366\035\253\343\311\265\240\327q\206f\262ODi\215-\363>\034\236l\273\005G\316F\217}[\036\007\270:\260\335\271B\241N\345\330\204\327f\361\272Kb\0377p\334\264\237\177~\330]\252+:\317u\302h\n\351\n\364\231\277R\371\356\033y\265v\360Ny\246\332qY\262\231\251\n\305\334\202\305\362\n\367@k\231\016R:\327\242\366\242\253LZY\223$Gw^\203\302\311\316I7\371tTwp}\005|\372\214\251{R`\230V\244-\326I\351\255\325i\335\377\321\353\327\331\302\023\347y\016\263\271\317\306\017UV\314qu?\0064A\315{3D\010\016S\212\2353k0\361\214ID\303g\277\010Y_\001~\021\333\370\255\374\\331\306\255\336)\365Rth\024\t\300.M\315\321S\257\224\252\362\326P\316\303%nX\3742\333\036\004Y\264yG^\234\177\214\305q\237\274G\300a4\275\240s\215\222\210\016\020G\344=-:GK\312\035\271\201\350\376F\260G\347\000\235\365P6pmH\033\373\212c\377o\232\356\320D\002\277,]os{\354/?\312e\006wda\001\023\375\316\025\254\321\244\370+Y`\220\270\254\2601E[FI\310\235<qI \356\032v%\001\230\016\203\200\251UD\347\304\373\034\211\340@\342\033\263\365\356\341\357\350\324\035J\032\177\230\207\220\303+\207\352g\317N\027>\222M\271m\033\236\021:\272\233r\373\233hC}\256\020\210\010\233\335\025[ d(\343\263\327\177\030\246\254H\277\254E\231\006\033_lB\210\264\334Y\322\314\362\320L\000Q\240\317\3502\006,|\364\004\275\034\006\337\370""\330\364\202\314\315\311?\030\260\361u)\336\202\265Y\177X\227$\245tCB\345\314d\231A\300\204\371KJ\036\321\330\014]""EN\266$]\331\226c\351\312\376z\254\214\206B\274&M\032\376v\266\3104u)\r\312\021\273\030jJH\215G4\367fQ;\255\3404\372\225\341L\224\242\200VY\220\355\020\353I\n\363\266\036\311\003OR\250""\032\230\021\264\227\2326\315\307\363\323\325\303\032N\256*\307\327 \235\332\207u\210\271\257\306g\231i*\260\326k\001"";   nodeid: ""\260\000\000\000\000\000\000\000\000\000\000\000\000\000\000\000\000\000\000\000\000\000\000\000\000\000\000\000\000\000\000\000\001""; }; ","ledgerHash: ""]+$\302\005\224\270\033E\r\312\315}\200\2505\216\221\301\341\035[\247\325\236M^\360a\267\356\267""; ledgerSeq: 47; type: liAS_NODE; nodes {;   nodedata: ""\021\000h""\000\000\000\000 \033\000\000\000.\002\023\306\037\330\356GuH\375\327!\255\371\r\231\262R\256J\034\222\241\355X\265E\241^W\225\304\014\361CX-}\351f\032\255\274\334m\326c\017\014ao[\342\230\003\245\245\3341Hm\326^\017jy\335\261\032Yt\320\244{g\0306\\302\303*\341\215\223\257\364\277o\375\000r\241SOq\221\253\262\005\017\375T\356\014\360o'\030\311-\267\031\257!\031T\006><\315XM\334\324\345\034\000\325\367\240\271\013\265\024\321\362\354\211\250.\234s\225amc\305\035\366\276\037nD\277`\210\223N\3535\033\261\304f\331]\036\237\306o!\223\221\002\324\031\262\240R\177 ,\214\325\Q])\016\2067\277\t\354\010\000\360\215\2502\265\245\310\226\243c\302Ze\306\253#r\020\211\320iG\276\020E\317\035Sf\223F\254\033@\177e\277\016\010u\327\371&\262\312\317Q\2361t\377x\234\001v\003%\030\325_\225g\204\346a=\225\273\331\354\365*U\363\263N\367b\371\244\314-w\363\262\225Z\200\206\235\233\257?sE\2674\254\326mU\377?\177Ek\336\030!\316Aa\225\303\022\377{\210Y\226\271as\354L\035\004\341\361\035\301\024\220m#*\372\032\3178~\374\250\014*\323\342'z69\220\327\256\351G\367\317u\302\207\270b\315\333\333\334\310I\323&\014\352XZnW2.\335\347\202\021\247\362\212e\034\000\001\250\220\305;a\314\265R\310\017\317\331\235\360\262\240:\277\202\266\354\265X""\022\nh\252\352w\204\203\023]\001f\352\277\0031Q]\362\370R\350{\261\202\240\344\215\201\353\276\322p5p\350\354\017>\250r\241c\273\016\301\024\363\242\247\263\231\370\344\nBW\220K\316@3\243\200\036wk\253GSlU\010\360\231>\331\263H\214\324\030A\225\301o\346pkSF\004\241\213w9\223=\250\262*+\255\351r\265\244c\024\213\t\007`\223\325#\3477\210\345P\306\013\320\252[\0216+\227=`\371P\314\346 V7\271[~\n\237\274|\347\352@K\253~&\260\032\024\004B\200\255h\351\013\361\031:nG\211\005|\2003\266\274\251,W\006u\344\335d\003\306\212\313,\340\350bG\n\030Z\2732-\246\312\255\030\003\235207\005}D\260\0261ah\322M\304\216\273m0\271\234\237\007<w$\265C\245\232\033\023\313c\321B\032l\301h\005\320\252\301\361(\330[\343\357\343{\235\n\266g\272>\177\317\347\261qb&\270&\346ju\200\363N\320\307\004\034\001n\317\361\2653\254\2503\247\305\372\316W\022O\253x\250\025\373\247\354Tc\304\263\243^\352Gv\\264\261\r\035\226\306\2411\351\233\203\215\200$\231\300f\220\371c@\017\254\363\\371\340\340VaR\205~^\226\342t\360\022\204d\231\205)\272\364?\361!\334\331\315\254\230\rBG\314\023\246\244=\351\177\254\302b&\276+H;0\312\021&\275\036\237\350R\313\206R\331\304k\323u\263t\221\213yC\241\217A\242\027g\322\241'\212.E?B_\316\327\217J +\370\t^b\005\020\003\211\373\247|hC\271Nmk~J\270EU\274\036-\347\240\312FA\321\341bca\253\025\321\311\317\021\375\317\217\n\272\033o\353G>\275\361H\265\240\232um""\317\324`\214\221\314\000\211K\223+(""\200i \311\372g\254\343ZR0\224\275q\252\357\213\263\206N\357&Q\217\267\303\356I\236\357\264\311b\037\366\035\253\343\311\265\240\327q\206f\262ODi\215-\363>\034\236l\273\005G\316F\217}[\036\007\270:\260\335\271B\241N\345\330\204\327f\361\272Kb\0377p\334\264\237\177~\330]\252+:\317u\302h\n\351\n\364\231\277R\371\356\033y\265v\360Ny\246\332qY\262\231\251\n\305\334\202\305\362\n\367@k\231\016R:\327\242\366\242\253LZY\223$Gw^\203\302\311\316I7\371tTwp}\005|\372\214\251{R`\230V\244-\326I\351\255\325i\335\377\321\353\327\331\302\023\347y\016\263\271\317\306\017UV\314qu?\0064A\315{3D\010\016S\212\2353k0\361\214ID\303g\277\010Y_\001~\021\333\370\255\374\\331\306\255\336)\365Rth\024\t\300.M\315\321S\257\224\252\362\326P\316\303%nX\3742\333\036\004Y\264yG^\234\177\214\305q\237\274G\300a4\275\240s\215\222\210\016\020G\344=-:GK\312\035\271\201\350\376F\260G\347\000\235\365P6pmH\033\373\212c\377o\232\356\320D\002\277,]os{\354/?\312e\006wda\001\023\375\316\025\254\321\244\370+Y`\220\270\254\2601E[FI\310\235<qI \356\032v%\001\230\016\203\200\251UD\347\304\373\034\211\340@\342\033\263\365\356\341\357\350\324\035J\032\177\230\207\220\303+\207\352g\317N\027>\222M\271m\033\236\021:\272\233r\373\233hC}\256\020\210\010\233\335\025[ d(\343\263\327\177\030\246\254H\277\254E\231\006\033_lB\210\264\334Y\322\314\362\320L\000Q\240\317\3502\006,|\364\004\275\034\006\337\370""\330\364\202\314\315\311?\030\260\361u)\336\202\265Y\177X\227$\245tCB\345\314d\231A\300\204\371KJ\036\321\330\014]""EN\266$]\331\226c\351\312\376z\254\214\206B\274&M\032\376v\266\3104u)\r\312\021\273\030jJH\215G4\367fQ;\255\3404\372\225\341L\224\242\200VY\220\355\020\353I\n\363\266\036\311\003OR\250""\032\230\021\264\227\2326\315\307\363\323\325\303\032N\256*\307\327 \235\332\207u\210\271\257\306g\231i*\260\326k\001"";   nodeid: ""\260\000\000\000\000\000\000\000\000\000\000\000\000\000\000\000\000\000\000\000\000\000\000\000\000\000\000\000\000\000\000\000\001""; }; "
1750527681534,1750527681534,0,1,1,3,TMPing,type: ptPONG; seq: 3744240372; ,type: ptPONG; seq: 3744240372; 
1750527681534,1750527681535,0,1,1,2,TMLedgerData,"ledgerHash: ""]+$\302\005\224\270\033E\r\312\315}\200\2505\216\221\301\341\035[\247\325\236M^\360a\267\356\267""; ledgerSeq: 47; type: liBASE; nodes {;   nodedata: ""\000\000\000/\001cEx]\211\377\330Q;\255\3404\372\225\341L\224\242\200VY\220\355\020\353I\n\363\266\036\311\003OR\250""\032\230\021\000\000\000\000\000\000\000\000\000\000\000\000\000\000\000\000\000\000\000\000\000\000\000\000\000\000\000\000\000\000\000\000N\257\035\210\036o\344T\377\225\250\247.\345\325\n\r$\025rz\252\202g\347$\223\020\235.\260\317/\351\253@/\351\253A\n\000""; }; nodes {;   nodedata: ""\323C\344\327\264{\312-\017:\006{\177\344N\002\326bO\260\220\006\033\362\345\005U\221DzJ0\001\301\025%1L\307\t\261\262z\374\222T\301\274V\236\223\262\270Ct\362\337b\356\024*\324\320\351\317\002k\336\234\027v\351\217\260\303\360\233ZPZWr\246$w\313\313\r\243r\232\2234\373\3539:N\004Q\245\272D\312D\300\300\t\323\0257\345e\271\na\215{\226\255x%T\257\037\333\004\344_/R\006E\344\037@\210\363\010\336T\226\247'\204_{\261\370""1\235\2445\343\033Y!\212\201\341\272\225'\007m\330\373}C\272\241\275(:\252\263\360\260H/\n(\217r\206\034\247/\345\245\035\261,\227\263\323\013\003""; }; ","ledgerHash: ""]+$\302\005\224\270\033E\r\312\315}\200\2505\216\221\301\341\035[\247\325\236M^\360a\267\356\267""; ledgerSeq: 47; type: liBASE; nodes {;   nodedata: ""\000\000\000/\001cEx]\211\377\330Q;\255\3404\372\225\341L\224\242\200VY\220\355\020\353I\n\363\266\036\311\003OR\250""\032\230\021\000\000\000\000\000\000\000\000\000\000\000\000\000\000\000\000\000\000\000\000\000\000\000\000\000\000\000\000\000\000\000\000N\257\035\210\036o\344T\377\225\250\247.\345\325\n\r$\025rz\252\202g\347$\223\020\235.\260\317/\351\253@/\351\253A\n\000""; }; nodes {;   nodedata: ""\323C\344\327\264{\312-\017:\006{\177\344N\002\326bO\260\220\006\033\362\345\005U\221DzJ0\001\301\025%1L\307\t\261\262z\374\222T\301\274V\236\223\262\270Ct\362\337b\356\024*\324\320\351\317\002k\336\234\027v\351\217\260\303\360\233ZPZWr\246$w\313\313\r\243r\232\2234\373\3539:N\004Q\245\272D\312D\300\300\t\323\0257\345e\271\na\215{\226\255x%T\257\037\333\004\344_/R\006E\344\037@\210\363\010\336T\226\247'\204_{\261\370""1\235\2445\343\033Y!\212\201\341\272\225'\007m\330\373}C\272\241\275(:\252\263\360\260H/\n(\217r\206\034\247/\345\245\035\261,\227\263\323\013\003""; }; "
1750527681536,1750527681536,0,1,2,1,TMLedgerData,"ledgerHash: ""]+$\302\005\224\270\033E\r\312\315}\200\2505\216\221\301\341\035[\247\325\236M^\360a\267\356\267""; ledgerSeq: 47; type: liBASE; nodes {;   nodedata: ""\000\000\000/\001cEx]\211\377\330Q;\255\3404\372\225\341L\224\242\200VY\220\355\020\353I\n\363\266\036\311\003OR\250""\032\230\021\000\000\000\000\000\000\000\000\000\000\000\000\000\000\000\000\000\000\000\000\000\000\000\000\000\000\000\000\000\000\000\000N\257\035\210\036o\344T\377\225\250\247.\345\325\n\r$\025rz\252\202g\347$\223\020\235.\260\317/\351\253@/\351\253A\n\000""; }; nodes {;   nodedata: ""\323C\344\327\264{\312-\017:\006{\177\344N\002\326bO\260\220\006\033\362\345\005U\221DzJ0\001\301\025%1L\307\t\261\262z\374\222T\301\274V\236\223\262\270Ct\362\337b\356\024*\324\320\351\317\002k\336\234\027v\351\217\260\303\360\233ZPZWr\246$w\313\313\r\243r\232\2234\373\3539:N\004Q\245\272D\312D\300\300\t\323\0257\345e\271\na\215{\226\255x%T\257\037\333\004\344_/R\006E\344\037@\210\363\010\336T\226\247'\204_{\261\370""1\235\2445\343\033Y!\212\201\341\272\225'\007m\330\373}C\272\241\275(:\252\263\360\260H/\n(\217r\206\034\247/\345\245\035\261,\227\263\323\013\003""; }; ","ledgerHash: ""]+$\302\005\224\270\033E\r\312\315}\200\2505\216\221\301\341\035[\247\325\236M^\360a\267\356\267""; ledgerSeq: 47; type: liBASE; nodes {;   nodedata: ""\000\000\000/\001cEx]\211\377\330Q;\255\3404\372\225\341L\224\242\200VY\220\355\020\353I\n\363\266\036\311\003OR\250""\032\230\021\000\000\000\000\000\000\000\000\000\000\000\000\000\000\000\000\000\000\000\000\000\000\000\000\000\000\000\000\000\000\000\000N\257\035\210\036o\344T\377\225\250\247.\345\325\n\r$\025rz\252\202g\347$\223\020\235.\260\317/\351\253@/\351\253A\n\000""; }; nodes {;   nodedata: ""\323C\344\327\264{\312-\017:\006{\177\344N\002\326bO\260\220\006\033\362\345\005U\221DzJ0\001\301\025%1L\307\t\261\262z\374\222T\301\274V\236\223\262\270Ct\362\337b\356\024*\324\320\351\317\002k\336\234\027v\351\217\260\303\360\233ZPZWr\246$w\313\313\r\243r\232\2234\373\3539:N\004Q\245\272D\312D\300\300\t\323\0257\345e\271\na\215{\226\255x%T\257\037\333\004\344_/R\006E\344\037@\210\363\010\336T\226\247'\204_{\261\370""1\235\2445\343\033Y!\212\201\341\272\225'\007m\330\373}C\272\241\275(:\252\263\360\260H/\n(\217r\206\034\247/\345\245\035\261,\227\263\323\013\003""; }; "
1750527681571,1750527681571,0,1,1,4,TMPing,type: ptPING; seq: 2795015148; ,type: ptPING; seq: 2795015148; 
1750527681571,1750527681572,0,1,4,1,TMPing,type: ptPONG; seq: 2795015148; ,type: ptPONG; seq: 2795015148; 
1750527681618,1750527681619,0,1,4,1,TMPing,type: ptPING; seq: 709245168; ,type: ptPING; seq: 709245168; 
1750527681619,1750527681619,0,1,1,4,TMPing,type: ptPONG; seq: 709245168; ,type: ptPONG; seq: 709245168; 
1750527681630,1750527681630,0,1,4,3,TMStatusChange,"newEvent: neACCEPTED_LEDGER; ledgerSeq: 47; ledgerHash: ""]+$\302\005\224\270\033E\r\312\315}\200\2505\216\221\301\341\035[\247\325\236M^\360a\267\356\267""; ledgerHashPrevious: ""Q;\255\3404\372\225\341L\224\242\200VY\220\355\020\353I\n\363\266\036\311\003OR\250""\032\230\021""; networkTime: 803842881; firstSeq: 1; lastSeq: 46; ","newEvent: neACCEPTED_LEDGER; ledgerSeq: 47; ledgerHash: ""]+$\302\005\224\270\033E\r\312\315}\200\2505\216\221\301\341\035[\247\325\236M^\360a\267\356\267""; ledgerHashPrevious: ""Q;\255\3404\372\225\341L\224\242\200VY\220\355\020\353I\n\363\266\036\311\003OR\250""\032\230\021""; networkTime: 803842881; firstSeq: 1; lastSeq: 46; "
1750527681630,1750527681630,0,1,4,2,TMStatusChange,"newEvent: neACCEPTED_LEDGER; ledgerSeq: 47; ledgerHash: ""]+$\302\005\224\270\033E\r\312\315}\200\2505\216\221\301\341\035[\247\325\236M^\360a\267\356\267""; ledgerHashPrevious: ""Q;\255\3404\372\225\341L\224\242\200VY\220\355\020\353I\n\363\266\036\311\003OR\250""\032\230\021""; networkTime: 803842881; firstSeq: 1; lastSeq: 46; ","newEvent: neACCEPTED_LEDGER; ledgerSeq: 47; ledgerHash: ""]+$\302\005\224\270\033E\r\312\315}\200\2505\216\221\301\341\035[\247\325\236M^\360a\267\356\267""; ledgerHashPrevious: ""Q;\255\3404\372\225\341L\224\242\200VY\220\355\020\353I\n\363\266\036\311\003OR\250""\032\230\021""; networkTime: 803842881; firstSeq: 1; lastSeq: 46; "
1750527681630,1750527681631,0,1,4,1,TMStatusChange,"newEvent: neACCEPTED_LEDGER; ledgerSeq: 47; ledgerHash: ""]+$\302\005\224\270\033E\r\312\315}\200\2505\216\221\301\341\035[\247\325\236M^\360a\267\356\267""; ledgerHashPrevious: ""Q;\255\3404\372\225\341L\224\242\200VY\220\355\020\353I\n\363\266\036\311\003OR\250""\032\230\021""; networkTime: 803842881; firstSeq: 1; lastSeq: 46; ","newEvent: neACCEPTED_LEDGER; ledgerSeq: 47; ledgerHash: ""]+$\302\005\224\270\033E\r\312\315}\200\2505\216\221\301\341\035[\247\325\236M^\360a\267\356\267""; ledgerHashPrevious: ""Q;\255\3404\372\225\341L\224\242\200VY\220\355\020\353I\n\363\266\036\311\003OR\250""\032\230\021""; networkTime: 803842881; firstSeq: 1; lastSeq: 46; "
1750527681631,1750527681631,0,1,4,0,TMStatusChange,"newEvent: neACCEPTED_LEDGER; ledgerSeq: 47; ledgerHash: ""]+$\302\005\224\270\033E\r\312\315}\200\2505\216\221\301\341\035[\247\325\236M^\360a\267\356\267""; ledgerHashPrevious: ""Q;\255\3404\372\225\341L\224\242\200VY\220\355\020\353I\n\363\266\036\311\003OR\250""\032\230\021""; networkTime: 803842881; firstSeq: 1; lastSeq: 46; ","newEvent: neACCEPTED_LEDGER; ledgerSeq: 47; ledgerHash: ""]+$\302\005\224\270\033E\r\312\315}\200\2505\216\221\301\341\035[\247\325\236M^\360a\267\356\267""; ledgerHashPrevious: ""Q;\255\3404\372\225\341L\224\242\200VY\220\355\020\353I\n\363\266\036\311\003OR\250""\032\230\021""; networkTime: 803842881; firstSeq: 1; lastSeq: 46; "
1750527681669,1750527681669,0,1,2,3,TMPing,type: ptPING; seq: 2834400343; ,type: ptPING; seq: 2834400343; 
1750527681670,1750527681670,0,1,3,2,TMPing,type: ptPONG; seq: 2834400343; ,type: ptPONG; seq: 2834400343; 
1750527681673,1750527681674,0,1,4,2,TMValidation,"validation: """"\200\000\000\001&\000\000\000/)/\351\253A:\r\302\353\023?\373\240rQ]+$\302\005\224\270\033E\r\312\315}\200\2505\216\221\301\341\035[\247\325\236M^\360a\267\356\267P\027\000\000\000\000\000\000\000\000\000\000\000\000\000\000\000\000\000\000\000\000\000\000\000\000\000\000\000\000\000\000\000\000P\031Q;\255\3404\372\225\341L\224\242\200VY\220\355\020\353I\n\363\266\036\311\003OR\250""\032\230\021s!\003R7o\362bV\300hf\266\241;}\200^\374\240\203[:\342Q\225\221\027y\372\255\235\216\323~vF0D\002 \2g-XZu\333\323J\362\352`\007\253\tQ0:\260\014\356\210\000|z\246\207\276\214\237\252\002 1\216\347\311\257\213=xU\340\205\232\6\267p\247/\264\271\230<\274N\0371\3005@""\220M""; ","validation: """"\200\000\000\001&\000\000\000/)/\351\253A:\r\302\353\023?\373\240rQ]+$\302\005\224\270\033E\r\312\315}\200\2505\216\221\301\341\035[\247\325\236M^\360a\267\356\267P\027\000\000\000\000\000\000\000\000\000\000\000\000\000\000\000\000\000\000\000\000\000\000\000\000\000\000\000\000\000\000\000\000P\031Q;\255\3404\372\225\341L\224\242\200VY\220\355\020\353I\n\363\266\036\311\003OR\250""\032\230\021s!\003R7o\362bV\300hf\266\241;}\200^\374\240\203[:\342Q\225\221\027y\372\255\235\216\323~vF0D\002 \2g-XZu\333\323J\362\352`\007\253\tQ0:\260\014\356\210\000|z\246\207\276\214\237\252\002 1\216\347\311\257\213=xU\340\205\232\6\267p\247/\264\271\230<\274N\0371\3005@""\220M""; "
1750527681675,1750527681675,0,1,4,1,TMValidation,"validation: """"\200\000\000\001&\000\000\000/)/\351\253A:\r\302\353\023?\373\240rQ]+$\302\005\224\270\033E\r\312\315}\200\2505\216\221\301\341\035[\247\325\236M^\360a\267\356\267P\027\000\000\000\000\000\000\000\000\000\000\000\000\000\000\000\000\000\000\000\000\000\000\000\000\000\000\000\000\000\000\000\000P\031Q;\255\3404\372\225\341L\224\242\200VY\220\355\020\353I\n\363\266\036\311\003OR\250""\032\230\021s!\003R7o\362bV\300hf\266\241;}\200^\374\240\203[:\342Q\225\221\027y\372\255\235\216\323~vF0D\002 \2g-XZu\333\323J\362\352`\007\253\tQ0:\260\014\356\210\000|z\246\207\276\214\237\252\002 1\216\347\311\257\213=xU\340\205\232\6\267p\247/\264\271\230<\274N\0371\3005@""\220M""; ","validation: """"\200\000\000\001&\000\000\000/)/\351\253A:\r\302\353\023?\373\240rQ]+$\302\005\224\270\033E\r\312\315}\200\2505\216\221\301\341\035[\247\325\236M^\360a\267\356\267P\027\000\000\000\000\000\000\000\000\000\000\000\000\000\000\000\000\000\000\000\000\000\000\000\000\000\000\000\000\000\000\000\000P\031Q;\255\3404\372\225\341L\224\242\200VY\220\355\020\353I\n\363\266\036\311\003OR\250""\032\230\021s!\003R7o\362bV\300hf\266\241;}\200^\374\240\203[:\342Q\225\221\027y\372\255\235\216\323~vF0D\002 \2g-XZu\333\323J\362\352`\007\253\tQ0:\260\014\356\210\000|z\246\207\276\214\237\252\002 1\216\347\311\257\213=xU\340\205\232\6\267p\247/\264\271\230<\274N\0371\3005@""\220M""; "
1750527681675,1750527681675,0,1,4,0,TMValidation,"validation: """"\200\000\000\001&\000\000\000/)/\351\253A:\r\302\353\023?\373\240rQ]+$\302\005\224\270\033E\r\312\315}\200\2505\216\221\301\341\035[\247\325\236M^\360a\267\356\267P\027\000\000\000\000\000\000\000\000\000\000\000\000\000\000\000\000\000\000\000\000\000\000\000\000\000\000\000\000\000\000\000\000P\031Q;\255\3404\372\225\341L\224\242\200VY\220\355\020\353I\n\363\266\036\311\003OR\250""\032\230\021s!\003R7o\362bV\300hf\266\241;}\200^\374\240\203[:\342Q\225\221\027y\372\255\235\216\323~vF0D\002 \2g-XZu\333\323J\362\352`\007\253\tQ0:\260\014\356\210\000|z\246\207\276\214\237\252\002 1\216\347\311\257\213=xU\340\205\232\6\267p\247/\264\271\230<\274N\0371\3005@""\220M""; ","validation: """"\200\000\000\001&\000\000\000/)/\351\253A:\r\302\353\023?\373\240rQ]+$\302\005\224\270\033E\r\312\315}\200\2505\216\221\301\341\035[\247\325\236M^\360a\267\356\267P\027\000\000\000\000\000\000\000\000\000\000\000\000\000\000\000\000\000\000\000\000\000\000\000\000\000\000\000\000\000\000\000\000P\031Q;\255\3404\372\225\341L\224\242\200VY\220\355\020\353I\n\363\266\036\311\003OR\250""\032\230\021s!\003R7o\362bV\300hf\266\241;}\200^\374\240\203[:\342Q\225\221\027y\372\255\235\216\323~vF0D\002 \2g-XZu\333\323J\362\352`\007\253\tQ0:\260\014\356\210\000|z\246\207\276\214\237\252\002 1\216\347\311\257\213=xU\340\205\232\6\267p\247/\264\271\230<\274N\0371\3005@""\220M""; "
1750527681674,1750527681674,0,1,4,3,TMValidation,"validation: """"\200\000\000\001&\000\000\000/)/\351\253A:\r\302\353\023?\373\240rQ]+$\302\005\224\270\033E\r\312\315}\200\2505\216\221\301\341\035[\247\325\236M^\360a\267\356\267P\027\000\000\000\000\000\000\000\000\000\000\000\000\000\000\000\000\000\000\000\000\000\000\000\000\000\000\000\000\000\000\000\000P\031Q;\255\3404\372\225\341L\224\242\200VY\220\355\020\353I\n\363\266\036\311\003OR\250""\032\230\021s!\003R7o\362bV\300hf\266\241;}\200^\374\240\203[:\342Q\225\221\027y\372\255\235\216\323~vF0D\002 \2g-XZu\333\323J\362\352`\007\253\tQ0:\260\014\356\210\000|z\246\207\276\214\237\252\002 1\216\347\311\257\213=xU\340\205\232\6\267p\247/\264\271\230<\274N\0371\3005@""\220M""; ","validation: """"\200\000\000\001&\000\000\000/)/\351\253A:\r\302\353\023?\373\240rQ]+$\302\005\224\270\033E\r\312\315}\200\2505\216\221\301\341\035[\247\325\236M^\360a\267\356\267P\027\000\000\000\000\000\000\000\000\000\000\000\000\000\000\000\000\000\000\000\000\000\000\000\000\000\000\000\000\000\000\000\000P\031Q;\255\3404\372\225\341L\224\242\200VY\220\355\020\353I\n\363\266\036\311\003OR\250""\032\230\021s!\003R7o\362bV\300hf\266\241;}\200^\374\240\203[:\342Q\225\221\027y\372\255\235\216\323~vF0D\002 \2g-XZu\333\323J\362\352`\007\253\tQ0:\260\014\356\210\000|z\246\207\276\214\237\252\002 1\216\347\311\257\213=xU\340\205\232\6\267p\247/\264\271\230<\274N\0371\3005@""\220M""; "
1750527681676,1750527681676,0,1,2,1,TMValidation,"validation: """"\200\000\000\001&\000\000\000/)/\351\253A:\r\302\353\023?\373\240rQ]+$\302\005\224\270\033E\r\312\315}\200\2505\216\221\301\341\035[\247\325\236M^\360a\267\356\267P\027\000\000\000\000\000\000\000\000\000\000\000\000\000\000\000\000\000\000\000\000\000\000\000\000\000\000\000\000\000\000\000\000P\031Q;\255\3404\372\225\341L\224\242\200VY\220\355\020\353I\n\363\266\036\311\003OR\250""\032\230\021s!\003R7o\362bV\300hf\266\241;}\200^\374\240\203[:\342Q\225\221\027y\372\255\235\216\323~vF0D\002 \2g-XZu\333\323J\362\352`\007\253\tQ0:\260\014\356\210\000|z\246\207\276\214\237\252\002 1\216\347\311\257\213=xU\340\205\232\6\267p\247/\264\271\230<\274N\0371\3005@""\220M""; ","validation: """"\200\000\000\001&\000\000\000/)/\351\253A:\r\302\353\023?\373\240rQ]+$\302\005\224\270\033E\r\312\315}\200\2505\216\221\301\341\035[\247\325\236M^\360a\267\356\267P\027\000\000\000\000\000\000\000\000\000\000\000\000\000\000\000\000\000\000\000\000\000\000\000\000\000\000\000\000\000\000\000\000P\031Q;\255\3404\372\225\341L\224\242\200VY\220\355\020\353I\n\363\266\036\311\003OR\250""\032\230\021s!\003R7o\362bV\300hf\266\241;}\200^\374\240\203[:\342Q\225\221\027y\372\255\235\216\323~vF0D\002 \2g-XZu\333\323J\362\352`\007\253\tQ0:\260\014\356\210\000|z\246\207\276\214\237\252\002 1\216\347\311\257\213=xU\340\205\232\6\267p\247/\264\271\230<\274N\0371\3005@""\220M""; "
1750527681676,1750527681676,0,1,2,3,TMValidation,"validation: """"\200\000\000\001&\000\000\000/)/\351\253A:\r\302\353\023?\373\240rQ]+$\302\005\224\270\033E\r\312\315}\200\2505\216\221\301\341\035[\247\325\236M^\360a\267\356\267P\027\000\000\000\000\000\000\000\000\000\000\000\000\000\000\000\000\000\000\000\000\000\000\000\000\000\000\000\000\000\000\000\000P\031Q;\255\3404\372\225\341L\224\242\200VY\220\355\020\353I\n\363\266\036\311\003OR\250""\032\230\021s!\003R7o\362bV\300hf\266\241;}\200^\374\240\203[:\342Q\225\221\027y\372\255\235\216\323~vF0D\002 \2g-XZu\333\323J\362\352`\007\253\tQ0:\260\014\356\210\000|z\246\207\276\214\237\252\002 1\216\347\311\257\213=xU\340\205\232\6\267p\247/\264\271\230<\274N\0371\3005@""\220M""; ","validation: """"\200\000\000\001&\000\000\000/)/\351\253A:\r\302\353\023?\373\240rQ]+$\302\005\224\270\033E\r\312\315}\200\2505\216\221\301\341\035[\247\325\236M^\360a\267\356\267P\027\000\000\000\000\000\000\000\000\000\000\000\000\000\000\000\000\000\000\000\000\000\000\000\000\000\000\000\000\000\000\000\000P\031Q;\255\3404\372\225\341L\224\242\200VY\220\355\020\353I\n\363\266\036\311\003OR\250""\032\230\021s!\003R7o\362bV\300hf\266\241;}\200^\374\240\203[:\342Q\225\221\027y\372\255\235\216\323~vF0D\002 \2g-XZu\333\323J\362\352`\007\253\tQ0:\260\014\356\210\000|z\246\207\276\214\237\252\002 1\216\347\311\257\213=xU\340\205\232\6\267p\247/\264\271\230<\274N\0371\3005@""\220M""; "
1750527681677,1750527681677,0,1,2,0,TMValidation,"validation: """"\200\000\000\001&\000\000\000/)/\351\253A:\r\302\353\023?\373\240rQ]+$\302\005\224\270\033E\r\312\315}\200\2505\216\221\301\341\035[\247\325\236M^\360a\267\356\267P\027\000\000\000\000\000\000\000\000\000\000\000\000\000\000\000\000\000\000\000\000\000\000\000\000\000\000\000\000\000\000\000\000P\031Q;\255\3404\372\225\341L\224\242\200VY\220\355\020\353I\n\363\266\036\311\003OR\250""\032\230\021s!\003R7o\362bV\300hf\266\241;}\200^\374\240\203[:\342Q\225\221\027y\372\255\235\216\323~vF0D\002 \2g-XZu\333\323J\362\352`\007\253\tQ0:\260\014\356\210\000|z\246\207\276\214\237\252\002 1\216\347\311\257\213=xU\340\205\232\6\267p\247/\264\271\230<\274N\0371\3005@""\220M""; ","validation: """"\200\000\000\001&\000\000\000/)/\351\253A:\r\302\353\023?\373\240rQ]+$\302\005\224\270\033E\r\312\315}\200\2505\216\221\301\341\035[\247\325\236M^\360a\267\356\267P\027\000\000\000\000\000\000\000\000\000\000\000\000\000\000\000\000\000\000\000\000\000\000\000\000\000\000\000\000\000\000\000\000P\031Q;\255\3404\372\225\341L\224\242\200VY\220\355\020\353I\n\363\266\036\311\003OR\250""\032\230\021s!\003R7o\362bV\300hf\266\241;}\200^\374\240\203[:\342Q\225\221\027y\372\255\235\216\323~vF0D\002 \2g-XZu\333\323J\362\352`\007\253\tQ0:\260\014\356\210\000|z\246\207\276\214\237\252\002 1\216\347\311\257\213=xU\340\205\232\6\267p\247/\264\271\230<\274N\0371\3005@""\220M""; "
1750527681677,1750527681677,0,1,1,3,TMValidation,"validation: """"\200\000\000\001&\000\000\000/)/\351\253A:\r\302\353\023?\373\240rQ]+$\302\005\224\270\033E\r\312\315}\200\2505\216\221\301\341\035[\247\325\236M^\360a\267\356\267P\027\000\000\000\000\000\000\000\000\000\000\000\000\000\000\000\000\000\000\000\000\000\000\000\000\000\000\000\000\000\000\000\000P\031Q;\255\3404\372\225\341L\224\242\200VY\220\355\020\353I\n\363\266\036\311\003OR\250""\032\230\021s!\003R7o\362bV\300hf\266\241;}\200^\374\240\203[:\342Q\225\221\027y\372\255\235\216\323~vF0D\002 \2g-XZu\333\323J\362\352`\007\253\tQ0:\260\014\356\210\000|z\246\207\276\214\237\252\002 1\216\347\311\257\213=xU\340\205\232\6\267p\247/\264\271\230<\274N\0371\3005@""\220M""; ","validation: """"\200\000\000\001&\000\000\000/)/\351\253A:\r\302\353\023?\373\240rQ]+$\302\005\224\270\033E\r\312\315}\200\2505\216\221\301\341\035[\247\325\236M^\360a\267\356\267P\027\000\000\000\000\000\000\000\000\000\000\000\000\000\000\000\000\000\000\000\000\000\000\000\000\000\000\000\000\000\000\000\000P\031Q;\255\3404\372\225\341L\224\242\200VY\220\355\020\353I\n\363\266\036\311\003OR\250""\032\230\021s!\003R7o\362bV\300hf\266\241;}\200^\374\240\203[:\342Q\225\221\027y\372\255\235\216\323~vF0D\002 \2g-XZu\333\323J\362\352`\007\253\tQ0:\260\014\356\210\000|z\246\207\276\214\237\252\002 1\216\347\311\257\213=xU\340\205\232\6\267p\247/\264\271\230<\274N\0371\3005@""\220M""; "
1750527681679,1750527681679,0,1,1,2,TMValidation,"validation: """"\200\000\000\001&\000\000\000/)/\351\253A:\r\302\353\023?\373\240rQ]+$\302\005\224\270\033E\r\312\315}\200\2505\216\221\301\341\035[\247\325\236M^\360a\267\356\267P\027\000\000\000\000\000\000\000\000\000\000\000\000\000\000\000\000\000\000\000\000\000\000\000\000\000\000\000\000\000\000\000\000P\031Q;\255\3404\372\225\341L\224\242\200VY\220\355\020\353I\n\363\266\036\311\003OR\250""\032\230\021s!\003R7o\362bV\300hf\266\241;}\200^\374\240\203[:\342Q\225\221\027y\372\255\235\216\323~vF0D\002 \2g-XZu\333\323J\362\352`\007\253\tQ0:\260\014\356\210\000|z\246\207\276\214\237\252\002 1\216\347\311\257\213=xU\340\205\232\6\267p\247/\264\271\230<\274N\0371\3005@""\220M""; ","validation: """"\200\000\000\001&\000\000\000/)/\351\253A:\r\302\353\023?\373\240rQ]+$\302\005\224\270\033E\r\312\315}\200\2505\216\221\301\341\035[\247\325\236M^\360a\267\356\267P\027\000\000\000\000\000\000\000\000\000\000\000\000\000\000\000\000\000\000\000\000\000\000\000\000\000\000\000\000\000\000\000\000P\031Q;\255\3404\372\225\341L\224\242\200VY\220\355\020\353I\n\363\266\036\311\003OR\250""\032\230\021s!\003R7o\362bV\300hf\266\241;}\200^\374\240\203[:\342Q\225\221\027y\372\255\235\216\323~vF0D\002 \2g-XZu\333\323J\362\352`\007\253\tQ0:\260\014\356\210\000|z\246\207\276\214\237\252\002 1\216\347\311\257\213=xU\340\205\232\6\267p\247/\264\271\230<\274N\0371\3005@""\220M""; "
1750527681679,1750527681679,0,1,0,2,TMValidation,"validation: """"\200\000\000\001&\000\000\000/)/\351\253A:\r\302\353\023?\373\240rQ]+$\302\005\224\270\033E\r\312\315}\200\2505\216\221\301\341\035[\247\325\236M^\360a\267\356\267P\027\000\000\000\000\000\000\000\000\000\000\000\000\000\000\000\000\000\000\000\000\000\000\000\000\000\000\000\000\000\000\000\000P\031Q;\255\3404\372\225\341L\224\242\200VY\220\355\020\353I\n\363\266\036\311\003OR\250""\032\230\021s!\003R7o\362bV\300hf\266\241;}\200^\374\240\203[:\342Q\225\221\027y\372\255\235\216\323~vF0D\002 \2g-XZu\333\323J\362\352`\007\253\tQ0:\260\014\356\210\000|z\246\207\276\214\237\252\002 1\216\347\311\257\213=xU\340\205\232\6\267p\247/\264\271\230<\274N\0371\3005@""\220M""; ","validation: """"\200\000\000\001&\000\000\000/)/\351\253A:\r\302\353\023?\373\240rQ]+$\302\005\224\270\033E\r\312\315}\200\2505\216\221\301\341\035[\247\325\236M^\360a\267\356\267P\027\000\000\000\000\000\000\000\000\000\000\000\000\000\000\000\000\000\000\000\000\000\000\000\000\000\000\000\000\000\000\000\000P\031Q;\255\3404\372\225\341L\224\242\200VY\220\355\020\353I\n\363\266\036\311\003OR\250""\032\230\021s!\003R7o\362bV\300hf\266\241;}\200^\374\240\203[:\342Q\225\221\027y\372\255\235\216\323~vF0D\002 \2g-XZu\333\323J\362\352`\007\253\tQ0:\260\014\356\210\000|z\246\207\276\214\237\252\002 1\216\347\311\257\213=xU\340\205\232\6\267p\247/\264\271\230<\274N\0371\3005@""\220M""; "
1750527681681,1750527681681,0,1,3,2,TMValidation,"validation: """"\200\000\000\001&\000\000\000/)/\351\253A:\r\302\353\023?\373\240rQ]+$\302\005\224\270\033E\r\312\315}\200\2505\216\221\301\341\035[\247\325\236M^\360a\267\356\267P\027\000\000\000\000\000\000\000\000\000\000\000\000\000\000\000\000\000\000\000\000\000\000\000\000\000\000\000\000\000\000\000\000P\031Q;\255\3404\372\225\341L\224\242\200VY\220\355\020\353I\n\363\266\036\311\003OR\250""\032\230\021s!\003R7o\362bV\300hf\266\241;}\200^\374\240\203[:\342Q\225\221\027y\372\255\235\216\323~vF0D\002 \2g-XZu\333\323J\362\352`\007\253\tQ0:\260\014\356\210\000|z\246\207\276\214\237\252\002 1\216\347\311\257\213=xU\340\205\232\6\267p\247/\264\271\230<\274N\0371\3005@""\220M""; ","validation: """"\200\000\000\001&\000\000\000/)/\351\253A:\r\302\353\023?\373\240rQ]+$\302\005\224\270\033E\r\312\315}\200\2505\216\221\301\341\035[\247\325\236M^\360a\267\356\267P\027\000\000\000\000\000\000\000\000\000\000\000\000\000\000\000\000\000\000\000\000\000\000\000\000\000\000\000\000\000\000\000\000P\031Q;\255\3404\372\225\341L\224\242\200VY\220\355\020\353I\n\363\266\036\311\003OR\250""\032\230\021s!\003R7o\362bV\300hf\266\241;}\200^\374\240\203[:\342Q\225\221\027y\372\255\235\216\323~vF0D\002 \2g-XZu\333\323J\362\352`\007\253\tQ0:\260\014\356\210\000|z\246\207\276\214\237\252\002 1\216\347\311\257\213=xU\340\205\232\6\267p\247/\264\271\230<\274N\0371\3005@""\220M""; "
1750527681678,1750527681678,0,1,1,0,TMValidation,"validation: """"\200\000\000\001&\000\000\000/)/\351\253A:\r\302\353\023?\373\240rQ]+$\302\005\224\270\033E\r\312\315}\200\2505\216\221\301\341\035[\247\325\236M^\360a\267\356\267P\027\000\000\000\000\000\000\000\000\000\000\000\000\000\000\000\000\000\000\000\000\000\000\000\000\000\000\000\000\000\000\000\000P\031Q;\255\3404\372\225\341L\224\242\200VY\220\355\020\353I\n\363\266\036\311\003OR\250""\032\230\021s!\003R7o\362bV\300hf\266\241;}\200^\374\240\203[:\342Q\225\221\027y\372\255\235\216\323~vF0D\002 \2g-XZu\333\323J\362\352`\007\253\tQ0:\260\014\356\210\000|z\246\207\276\214\237\252\002 1\216\347\311\257\213=xU\340\205\232\6\267p\247/\264\271\230<\274N\0371\3005@""\220M""; ","validation: """"\200\000\000\001&\000\000\000/)/\351\253A:\r\302\353\023?\373\240rQ]+$\302\005\224\270\033E\r\312\315}\200\2505\216\221\301\341\035[\247\325\236M^\360a\267\356\267P\027\000\000\000\000\000\000\000\000\000\000\000\000\000\000\000\000\000\000\000\000\000\000\000\000\000\000\000\000\000\000\000\000P\031Q;\255\3404\372\225\341L\224\242\200VY\220\355\020\353I\n\363\266\036\311\003OR\250""\032\230\021s!\003R7o\362bV\300hf\266\241;}\200^\374\240\203[:\342Q\225\221\027y\372\255\235\216\323~vF0D\002 \2g-XZu\333\323J\362\352`\007\253\tQ0:\260\014\356\210\000|z\246\207\276\214\237\252\002 1\216\347\311\257\213=xU\340\205\232\6\267p\247/\264\271\230<\274N\0371\3005@""\220M""; "
1750527681680,1750527681680,0,1,3,1,TMValidation,"validation: """"\200\000\000\001&\000\000\000/)/\351\253A:\r\302\353\023?\373\240rQ]+$\302\005\224\270\033E\r\312\315}\200\2505\216\221\301\341\035[\247\325\236M^\360a\267\356\267P\027\000\000\000\000\000\000\000\000\000\000\000\000\000\000\000\000\000\000\000\000\000\000\000\000\000\000\000\000\000\000\000\000P\031Q;\255\3404\372\225\341L\224\242\200VY\220\355\020\353I\n\363\266\036\311\003OR\250""\032\230\021s!\003R7o\362bV\300hf\266\241;}\200^\374\240\203[:\342Q\225\221\027y\372\255\235\216\323~vF0D\002 \2g-XZu\333\323J\362\352`\007\253\tQ0:\260\014\356\210\000|z\246\207\276\214\237\252\002 1\216\347\311\257\213=xU\340\205\232\6\267p\247/\264\271\230<\274N\0371\3005@""\220M""; ","validation: """"\200\000\000\001&\000\000\000/)/\351\253A:\r\302\353\023?\373\240rQ]+$\302\005\224\270\033E\r\312\315}\200\2505\216\221\301\341\035[\247\325\236M^\360a\267\356\267P\027\000\000\000\000\000\000\000\000\000\000\000\000\000\000\000\000\000\000\000\000\000\000\000\000\000\000\000\000\000\000\000\000P\031Q;\255\3404\372\225\341L\224\242\200VY\220\355\020\353I\n\363\266\036\311\003OR\250""\032\230\021s!\003R7o\362bV\300hf\266\241;}\200^\374\240\203[:\342Q\225\221\027y\372\255\235\216\323~vF0D\002 \2g-XZu\333\323J\362\352`\007\253\tQ0:\260\014\356\210\000|z\246\207\276\214\237\252\002 1\216\347\311\257\213=xU\340\205\232\6\267p\247/\264\271\230<\274N\0371\3005@""\220M""; "
1750527681680,1750527681680,0,1,0,3,TMValidation,"validation: """"\200\000\000\001&\000\000\000/)/\351\253A:\r\302\353\023?\373\240rQ]+$\302\005\224\270\033E\r\312\315}\200\2505\216\221\301\341\035[\247\325\236M^\360a\267\356\267P\027\000\000\000\000\000\000\000\000\000\000\000\000\000\000\000\000\000\000\000\000\000\000\000\000\000\000\000\000\000\000\000\000P\031Q;\255\3404\372\225\341L\224\242\200VY\220\355\020\353I\n\363\266\036\311\003OR\250""\032\230\021s!\003R7o\362bV\300hf\266\241;}\200^\374\240\203[:\342Q\225\221\027y\372\255\235\216\323~vF0D\002 \2g-XZu\333\323J\362\352`\007\253\tQ0:\260\014\356\210\000|z\246\207\276\214\237\252\002 1\216\347\311\257\213=xU\340\205\232\6\267p\247/\264\271\230<\274N\0371\3005@""\220M""; ","validation: """"\200\000\000\001&\000\000\000/)/\351\253A:\r\302\353\023?\373\240rQ]+$\302\005\224\270\033E\r\312\315}\200\2505\216\221\301\341\035[\247\325\236M^\360a\267\356\267P\027\000\000\000\000\000\000\000\000\000\000\000\000\000\000\000\000\000\000\000\000\000\000\000\000\000\000\000\000\000\000\000\000P\031Q;\255\3404\372\225\341L\224\242\200VY\220\355\020\353I\n\363\266\036\311\003OR\250""\032\230\021s!\003R7o\362bV\300hf\266\241;}\200^\374\240\203[:\342Q\225\221\027y\372\255\235\216\323~vF0D\002 \2g-XZu\333\323J\362\352`\007\253\tQ0:\260\014\356\210\000|z\246\207\276\214\237\252\002 1\216\347\311\257\213=xU\340\205\232\6\267p\247/\264\271\230<\274N\0371\3005@""\220M""; "
1750527681681,1750527681681,0,1,3,0,TMValidation,"validation: """"\200\000\000\001&\000\000\000/)/\351\253A:\r\302\353\023?\373\240rQ]+$\302\005\224\270\033E\r\312\315}\200\2505\216\221\301\341\035[\247\325\236M^\360a\267\356\267P\027\000\000\000\000\000\000\000\000\000\000\000\000\000\000\000\000\000\000\000\000\000\000\000\000\000\000\000\000\000\000\000\000P\031Q;\255\3404\372\225\341L\224\242\200VY\220\355\020\353I\n\363\266\036\311\003OR\250""\032\230\021s!\003R7o\362bV\300hf\266\241;}\200^\374\240\203[:\342Q\225\221\027y\372\255\235\216\323~vF0D\002 \2g-XZu\333\323J\362\352`\007\253\tQ0:\260\014\356\210\000|z\246\207\276\214\237\252\002 1\216\347\311\257\213=xU\340\205\232\6\267p\247/\264\271\230<\274N\0371\3005@""\220M""; ","validation: """"\200\000\000\001&\000\000\000/)/\351\253A:\r\302\353\023?\373\240rQ]+$\302\005\224\270\033E\r\312\315}\200\2505\216\221\301\341\035[\247\325\236M^\360a\267\356\267P\027\000\000\000\000\000\000\000\000\000\000\000\000\000\000\000\000\000\000\000\000\000\000\000\000\000\000\000\000\000\000\000\000P\031Q;\255\3404\372\225\341L\224\242\200VY\220\355\020\353I\n\363\266\036\311\003OR\250""\032\230\021s!\003R7o\362bV\300hf\266\241;}\200^\374\240\203[:\342Q\225\221\027y\372\255\235\216\323~vF0D\002 \2g-XZu\333\323J\362\352`\007\253\tQ0:\260\014\356\210\000|z\246\207\276\214\237\252\002 1\216\347\311\257\213=xU\340\205\232\6\267p\247/\264\271\230<\274N\0371\3005@""\220M""; "
1750527681680,1750527681680,0,1,0,1,TMValidation,"validation: """"\200\000\000\001&\000\000\000/)/\351\253A:\r\302\353\023?\373\240rQ]+$\302\005\224\270\033E\r\312\315}\200\2505\216\221\301\341\035[\247\325\236M^\360a\267\356\267P\027\000\000\000\000\000\000\000\000\000\000\000\000\000\000\000\000\000\000\000\000\000\000\000\000\000\000\000\000\000\000\000\000P\031Q;\255\3404\372\225\341L\224\242\200VY\220\355\020\353I\n\363\266\036\311\003OR\250""\032\230\021s!\003R7o\362bV\300hf\266\241;}\200^\374\240\203[:\342Q\225\221\027y\372\255\235\216\323~vF0D\002 \2g-XZu\333\323J\362\352`\007\253\tQ0:\260\014\356\210\000|z\246\207\276\214\237\252\002 1\216\347\311\257\213=xU\340\205\232\6\267p\247/\264\271\230<\274N\0371\3005@""\220M""; ","validation: """"\200\000\000\001&\000\000\000/)/\351\253A:\r\302\353\023?\373\240rQ]+$\302\005\224\270\033E\r\312\315}\200\2505\216\221\301\341\035[\247\325\236M^\360a\267\356\267P\027\000\000\000\000\000\000\000\000\000\000\000\000\000\000\000\000\000\000\000\000\000\000\000\000\000\000\000\000\000\000\000\000P\031Q;\255\3404\372\225\341L\224\242\200VY\220\355\020\353I\n\363\266\036\311\003OR\250""\032\230\021s!\003R7o\362bV\300hf\266\241;}\200^\374\240\203[:\342Q\225\221\027y\372\255\235\216\323~vF0D\002 \2g-XZu\333\323J\362\352`\007\253\tQ0:\260\014\356\210\000|z\246\207\276\214\237\252\002 1\216\347\311\257\213=xU\340\205\232\6\267p\247/\264\271\230<\274N\0371\3005@""\220M""; "
1750527681716,1750527681716,0,1,3,2,TMPing,type: ptPING; seq: 572461072; ,type: ptPING; seq: 572461072; 
1750527681717,1750527681717,0,1,2,3,TMPing,type: ptPONG; seq: 572461072; ,type: ptPONG; seq: 572461072; 
1750527681762,1750527681762,0,1,2,4,TMPing,type: ptPING; seq: 4144866714; ,type: ptPING; seq: 4144866714; 
1750527681763,1750527681763,0,1,4,2,TMPing,type: ptPONG; seq: 4144866714; ,type: ptPONG; seq: 4144866714; 
1750527681767,1750527681767,0,1,4,2,TMPing,type: ptPING; seq: 2801516432; ,type: ptPING; seq: 2801516432; 
1750527681768,1750527681768,0,1,2,4,TMPing,type: ptPONG; seq: 2801516432; ,type: ptPONG; seq: 2801516432; 
1750527681814,1750527681814,0,1,3,4,TMPing,type: ptPING; seq: 319965116; ,type: ptPING; seq: 319965116; 
1750527681815,1750527681815,0,1,4,3,TMPing,type: ptPONG; seq: 319965116; ,type: ptPONG; seq: 319965116; 
1750527681860,1750527681860,0,1,4,3,TMPing,type: ptPING; seq: 3856205107; ,type: ptPING; seq: 3856205107; 
1750527681861,1750527681861,0,1,3,4,TMPing,type: ptPONG; seq: 3856205107; ,type: ptPONG; seq: 3856205107; 
1750527682472,1750527682472,0,1,3,4,TMProposeSet,"proposeSeq: 0; currentTxHash: ""\000\000\000\000\000\000\000\000\000\000\000\000\000\000\000\000\000\000\000\000\000\000\000\000\000\000\000\000\000\000\000\000""; nodePubKey: ""\002\364d\217\366\217|\316F\232\231\241\n\261\333`\312O\367\235\025DD\336e\367\n\312\326\221\037\025\230""; closeTime: 803842882; signature: ""0E\002!\000\337\005\366\372\n\325\212\202\305\353\261*{\310\207w\003\002)\314H\314\237\324\210X\207\212V\251\250\357\002 ji\256\362\323\201L8\341\343\034.^rT~m4B \025F\t\350\250|\016\010\316\207\357\306""; previousledger: ""]+$\302\005\224\270\033E\r\312\315}\200\2505\216\221\301\341\035[\247\325\236M^\360a\267\356\267""; ","proposeSeq: 0; currentTxHash: ""\000\000\000\000\000\000\000\000\000\000\000\000\000\000\000\000\000\000\000\000\000\000\000\000\000\000\000\000\000\000\000\000""; nodePubKey: ""\002\364d\217\366\217|\316F\232\231\241\n\261\333`\312O\367\235\025DD\336e\367\n\312\326\221\037\025\230""; closeTime: 803842882; signature: ""0E\002!\000\337\005\366\372\n\325\212\202\305\353\261*{\310\207w\003\002)\314H\314\237\324\210X\207\212V\251\250\357\002 ji\256\362\323\201L8\341\343\034.^rT~m4B \025F\t\350\250|\016\010\316\207\357\306""; previousledger: ""]+$\302\005\224\270\033E\r\312\315}\200\2505\216\221\301\341\035[\247\325\236M^\360a\267\356\267""; "
1750527682475,1750527682475,0,1,4,1,TMProposeSet,"proposeSeq: 0; currentTxHash: ""\000\000\000\000\000\000\000\000\000\000\000\000\000\000\000\000\000\000\000\000\000\000\000\000\000\000\000\000\000\000\000\000""; nodePubKey: ""\002\364d\217\366\217|\316F\232\231\241\n\261\333`\312O\367\235\025DD\336e\367\n\312\326\221\037\025\230""; closeTime: 803842882; signature: ""0E\002!\000\337\005\366\372\n\325\212\202\305\353\261*{\310\207w\003\002)\314H\314\237\324\210X\207\212V\251\250\357\002 ji\256\362\323\201L8\341\343\034.^rT~m4B \025F\t\350\250|\016\010\316\207\357\306""; previousledger: ""]+$\302\005\224\270\033E\r\312\315}\200\2505\216\221\301\341\035[\247\325\236M^\360a\267\356\267""; ","proposeSeq: 0; currentTxHash: ""\000\000\000\000\000\000\000\000\000\000\000\000\000\000\000\000\000\000\000\000\000\000\000\000\000\000\000\000\000\000\000\000""; nodePubKey: ""\002\364d\217\366\217|\316F\232\231\241\n\261\333`\312O\367\235\025DD\336e\367\n\312\326\221\037\025\230""; closeTime: 803842882; signature: ""0E\002!\000\337\005\366\372\n\325\212\202\305\353\261*{\310\207w\003\002)\314H\314\237\324\210X\207\212V\251\250\357\002 ji\256\362\323\201L8\341\343\034.^rT~m4B \025F\t\350\250|\016\010\316\207\357\306""; previousledger: ""]+$\302\005\224\270\033E\r\312\315}\200\2505\216\221\301\341\035[\247\325\236M^\360a\267\356\267""; "
1750527682476,1750527682476,0,1,4,0,TMProposeSet,"proposeSeq: 0; currentTxHash: ""\000\000\000\000\000\000\000\000\000\000\000\000\000\000\000\000\000\000\000\000\000\000\000\000\000\000\000\000\000\000\000\000""; nodePubKey: ""\002\364d\217\366\217|\316F\232\231\241\n\261\333`\312O\367\235\025DD\336e\367\n\312\326\221\037\025\230""; closeTime: 803842882; signature: ""0E\002!\000\337\005\366\372\n\325\212\202\305\353\261*{\310\207w\003\002)\314H\314\237\324\210X\207\212V\251\250\357\002 ji\256\362\323\201L8\341\343\034.^rT~m4B \025F\t\350\250|\016\010\316\207\357\306""; previousledger: ""]+$\302\005\224\270\033E\r\312\315}\200\2505\216\221\301\341\035[\247\325\236M^\360a\267\356\267""; ","proposeSeq: 0; currentTxHash: ""\000\000\000\000\000\000\000\000\000\000\000\000\000\000\000\000\000\000\000\000\000\000\000\000\000\000\000\000\000\000\000\000""; nodePubKey: ""\002\364d\217\366\217|\316F\232\231\241\n\261\333`\312O\367\235\025DD\336e\367\n\312\326\221\037\025\230""; closeTime: 803842882; signature: ""0E\002!\000\337\005\366\372\n\325\212\202\305\353\261*{\310\207w\003\002)\314H\314\237\324\210X\207\212V\251\250\357\002 ji\256\362\323\201L8\341\343\034.^rT~m4B \025F\t\350\250|\016\010\316\207\357\306""; previousledger: ""]+$\302\005\224\270\033E\r\312\315}\200\2505\216\221\301\341\035[\247\325\236M^\360a\267\356\267""; "
1750527682476,1750527682477,0,1,4,2,TMProposeSet,"proposeSeq: 0; currentTxHash: ""\000\000\000\000\000\000\000\000\000\000\000\000\000\000\000\000\000\000\000\000\000\000\000\000\000\000\000\000\000\000\000\000""; nodePubKey: ""\002\364d\217\366\217|\316F\232\231\241\n\261\333`\312O\367\235\025DD\336e\367\n\312\326\221\037\025\230""; closeTime: 803842882; signature: ""0E\002!\000\337\005\366\372\n\325\212\202\305\353\261*{\310\207w\003\002)\314H\314\237\324\210X\207\212V\251\250\357\002 ji\256\362\323\201L8\341\343\034.^rT~m4B \025F\t\350\250|\016\010\316\207\357\306""; previousledger: ""]+$\302\005\224\270\033E\r\312\315}\200\2505\216\221\301\341\035[\247\325\236M^\360a\267\356\267""; ","proposeSeq: 0; currentTxHash: ""\000\000\000\000\000\000\000\000\000\000\000\000\000\000\000\000\000\000\000\000\000\000\000\000\000\000\000\000\000\000\000\000""; nodePubKey: ""\002\364d\217\366\217|\316F\232\231\241\n\261\333`\312O\367\235\025DD\336e\367\n\312\326\221\037\025\230""; closeTime: 803842882; signature: ""0E\002!\000\337\005\366\372\n\325\212\202\305\353\261*{\310\207w\003\002)\314H\314\237\324\210X\207\212V\251\250\357\002 ji\256\362\323\201L8\341\343\034.^rT~m4B \025F\t\350\250|\016\010\316\207\357\306""; previousledger: ""]+$\302\005\224\270\033E\r\312\315}\200\2505\216\221\301\341\035[\247\325\236M^\360a\267\356\267""; "
1750527682511,1750527682511,0,1,3,2,TMProposeSet,"proposeSeq: 0; currentTxHash: ""\000\000\000\000\000\000\000\000\000\000\000\000\000\000\000\000\000\000\000\000\000\000\000\000\000\000\000\000\000\000\000\000""; nodePubKey: ""\002\364d\217\366\217|\316F\232\231\241\n\261\333`\312O\367\235\025DD\336e\367\n\312\326\221\037\025\230""; closeTime: 803842882; signature: ""0E\002!\000\337\005\366\372\n\325\212\202\305\353\261*{\310\207w\003\002)\314H\314\237\324\210X\207\212V\251\250\357\002 ji\256\362\323\201L8\341\343\034.^rT~m4B \025F\t\350\250|\016\010\316\207\357\306""; previousledger: ""]+$\302\005\224\270\033E\r\312\315}\200\2505\216\221\301\341\035[\247\325\236M^\360a\267\356\267""; ","proposeSeq: 0; currentTxHash: ""\000\000\000\000\000\000\000\000\000\000\000\000\000\000\000\000\000\000\000\000\000\000\000\000\000\000\000\000\000\000\000\000""; nodePubKey: ""\002\364d\217\366\217|\316F\232\231\241\n\261\333`\312O\367\235\025DD\336e\367\n\312\326\221\037\025\230""; closeTime: 803842882; signature: ""0E\002!\000\337\005\366\372\n\325\212\202\305\353\261*{\310\207w\003\002)\314H\314\237\324\210X\207\212V\251\250\357\002 ji\256\362\323\201L8\341\343\034.^rT~m4B \025F\t\350\250|\016\010\316\207\357\306""; previousledger: ""]+$\302\005\224\270\033E\r\312\315}\200\2505\216\221\301\341\035[\247\325\236M^\360a\267\356\267""; "
1750527682511,1750527682511,0,1,3,0,TMProposeSet,"proposeSeq: 0; currentTxHash: ""\000\000\000\000\000\000\000\000\000\000\000\000\000\000\000\000\000\000\000\000\000\000\000\000\000\000\000\000\000\000\000\000""; nodePubKey: ""\002\364d\217\366\217|\316F\232\231\241\n\261\333`\312O\367\235\025DD\336e\367\n\312\326\221\037\025\230""; closeTime: 803842882; signature: ""0E\002!\000\337\005\366\372\n\325\212\202\305\353\261*{\310\207w\003\002)\314H\314\237\324\210X\207\212V\251\250\357\002 ji\256\362\323\201L8\341\343\034.^rT~m4B \025F\t\350\250|\016\010\316\207\357\306""; previousledger: ""]+$\302\005\224\270\033E\r\312\315}\200\2505\216\221\301\341\035[\247\325\236M^\360a\267\356\267""; ","proposeSeq: 0; currentTxHash: ""\000\000\000\000\000\000\000\000\000\000\000\000\000\000\000\000\000\000\000\000\000\000\000\000\000\000\000\000\000\000\000\000""; nodePubKey: ""\002\364d\217\366\217|\316F\232\231\241\n\261\333`\312O\367\235\025DD\336e\367\n\312\326\221\037\025\230""; closeTime: 803842882; signature: ""0E\002!\000\337\005\366\372\n\325\212\202\305\353\261*{\310\207w\003\002)\314H\314\237\324\210X\207\212V\251\250\357\002 ji\256\362\323\201L8\341\343\034.^rT~m4B \025F\t\350\250|\016\010\316\207\357\306""; previousledger: ""]+$\302\005\224\270\033E\r\312\315}\200\2505\216\221\301\341\035[\247\325\236M^\360a\267\356\267""; "
1750527682512,1750527682512,0,1,3,1,TMProposeSet,"proposeSeq: 0; currentTxHash: ""\000\000\000\000\000\000\000\000\000\000\000\000\000\000\000\000\000\000\000\000\000\000\000\000\000\000\000\000\000\000\000\000""; nodePubKey: ""\002\364d\217\366\217|\316F\232\231\241\n\261\333`\312O\367\235\025DD\336e\367\n\312\326\221\037\025\230""; closeTime: 803842882; signature: ""0E\002!\000\337\005\366\372\n\325\212\202\305\353\261*{\310\207w\003\002)\314H\314\237\324\210X\207\212V\251\250\357\002 ji\256\362\323\201L8\341\343\034.^rT~m4B \025F\t\350\250|\016\010\316\207\357\306""; previousledger: ""]+$\302\005\224\270\033E\r\312\315}\200\2505\216\221\301\341\035[\247\325\236M^\360a\267\356\267""; ","proposeSeq: 0; currentTxHash: ""\000\000\000\000\000\000\000\000\000\000\000\000\000\000\000\000\000\000\000\000\000\000\000\000\000\000\000\000\000\000\000\000""; nodePubKey: ""\002\364d\217\366\217|\316F\232\231\241\n\261\333`\312O\367\235\025DD\336e\367\n\312\326\221\037\025\230""; closeTime: 803842882; signature: ""0E\002!\000\337\005\366\372\n\325\212\202\305\353\261*{\310\207w\003\002)\314H\314\237\324\210X\207\212V\251\250\357\002 ji\256\362\323\201L8\341\343\034.^rT~m4B \025F\t\350\250|\016\010\316\207\357\306""; previousledger: ""]+$\302\005\224\270\033E\r\312\315}\200\2505\216\221\301\341\035[\247\325\236M^\360a\267\356\267""; "
1750527682470,1750527682543,0,1,3,2,TMStatusChange,"newEvent: neCLOSING_LEDGER; ledgerSeq: 47; ledgerHash: ""]+$\302\005\224\270\033E\r\312\315}\200\2505\216\221\301\341\035[\247\325\236M^\360a\267\356\267""; ledgerHashPrevious: ""Q;\255\3404\372\225\341L\224\242\200VY\220\355\020\353I\n\363\266\036\311\003OR\250""\032\230\021""; networkTime: 803842882; firstSeq: 1; lastSeq: 47; ","newEvent: neCLOSING_LEDGER; ledgerSeq: 47; ledgerHash: ""]+$\302\005\224\270\033E\r\312\315}\200\2505\216\221\301\341\035[\247\325\236M^\360a\267\356\267""; ledgerHashPrevious: ""Q;\255\3404\372\225\341L\224\242\200VY\220\355\020\353I\n\363\266\036\311\003OR\250""\032\230\021""; networkTime: 803842882; firstSeq: 1; lastSeq: 47; "
1750527682473,1750527682544,0,1,3,0,TMStatusChange,"newEvent: neCLOSING_LEDGER; ledgerSeq: 47; ledgerHash: ""]+$\302\005\224\270\033E\r\312\315}\200\2505\216\221\301\341\035[\247\325\236M^\360a\267\356\267""; ledgerHashPrevious: ""Q;\255\3404\372\225\341L\224\242\200VY\220\355\020\353I\n\363\266\036\311\003OR\250""\032\230\021""; networkTime: 803842882; firstSeq: 1; lastSeq: 47; ","newEvent: neCLOSING_LEDGER; ledgerSeq: 47; ledgerHash: ""]+$\302\005\224\270\033E\r\312\315}\200\2505\216\221\301\341\035[\247\325\236M^\360a\267\356\267""; ledgerHashPrevious: ""Q;\255\3404\372\225\341L\224\242\200VY\220\355\020\353I\n\363\266\036\311\003OR\250""\032\230\021""; networkTime: 803842882; firstSeq: 1; lastSeq: 47; "
1750527682473,1750527682545,0,1,3,4,TMStatusChange,"newEvent: neCLOSING_LEDGER; ledgerSeq: 47; ledgerHash: ""]+$\302\005\224\270\033E\r\312\315}\200\2505\216\221\301\341\035[\247\325\236M^\360a\267\356\267""; ledgerHashPrevious: ""Q;\255\3404\372\225\341L\224\242\200VY\220\355\020\353I\n\363\266\036\311\003OR\250""\032\230\021""; networkTime: 803842882; firstSeq: 1; lastSeq: 47; ","newEvent: neCLOSING_LEDGER; ledgerSeq: 47; ledgerHash: ""]+$\302\005\224\270\033E\r\312\315}\200\2505\216\221\301\341\035[\247\325\236M^\360a\267\356\267""; ledgerHashPrevious: ""Q;\255\3404\372\225\341L\224\242\200VY\220\355\020\353I\n\363\266\036\311\003OR\250""\032\230\021""; networkTime: 803842882; firstSeq: 1; lastSeq: 47; "
1750527682473,1750527682546,0,1,3,1,TMStatusChange,"newEvent: neCLOSING_LEDGER; ledgerSeq: 47; ledgerHash: ""]+$\302\005\224\270\033E\r\312\315}\200\2505\216\221\301\341\035[\247\325\236M^\360a\267\356\267""; ledgerHashPrevious: ""Q;\255\3404\372\225\341L\224\242\200VY\220\355\020\353I\n\363\266\036\311\003OR\250""\032\230\021""; networkTime: 803842882; firstSeq: 1; lastSeq: 47; ","newEvent: neCLOSING_LEDGER; ledgerSeq: 47; ledgerHash: ""]+$\302\005\224\270\033E\r\312\315}\200\2505\216\221\301\341\035[\247\325\236M^\360a\267\356\267""; ledgerHashPrevious: ""Q;\255\3404\372\225\341L\224\242\200VY\220\355\020\353I\n\363\266\036\311\003OR\250""\032\230\021""; networkTime: 803842882; firstSeq: 1; lastSeq: 47; "
1750527682559,1750527682559,0,1,0,2,TMProposeSet,"proposeSeq: 1; currentTxHash: ""\000\000\000\000\000\000\000\000\000\000\000\000\000\000\000\000\000\000\000\000\000\000\000\000\000\000\000\000\000\000\000\000""; nodePubKey: ""\002\225aM\037\203M\271C\224]$\245\215\334\264;{{\365%Z\2443U\201\242\320iUc\207\367""; closeTime: 803842870; signature: ""0E\002!\000\352\333\013\313\206&\204\252E\003\230\375;\336!\362\256\313\347\215\243\252\277\350\315\0037\312\3676\206\340\002 ,\032m(i\362h3\3413Ei\000\336o\224\356\322\033\331\372\264\337\204\365\322\342]O|\325\213""; previousledger: ""=\3153\201i2\351\305qG\027\273i\345\234\273\252\306\261)(\316\370\223\246\361\3364\201\024jn""; ","proposeSeq: 1; currentTxHash: ""\000\000\000\000\000\000\000\000\000\000\000\000\000\000\000\000\000\000\000\000\000\000\000\000\000\000\000\000\000\000\000\000""; nodePubKey: ""\002\225aM\037\203M\271C\224]$\245\215\334\264;{{\365%Z\2443U\201\242\320iUc\207\367""; closeTime: 803842870; signature: ""0E\002!\000\352\333\013\313\206&\204\252E\003\230\375;\336!\362\256\313\347\215\243\252\277\350\315\0037\312\3676\206\340\002 ,\032m(i\362h3\3413Ei\000\336o\224\356\322\033\331\372\264\337\204\365\322\342]O|\325\213""; previousledger: ""=\3153\201i2\351\305qG\027\273i\345\234\273\252\306\261)(\316\370\223\246\361\3364\201\024jn""; "
1750527682559,1750527682559,0,1,0,4,TMProposeSet,"proposeSeq: 1; currentTxHash: ""\000\000\000\000\000\000\000\000\000\000\000\000\000\000\000\000\000\000\000\000\000\000\000\000\000\000\000\000\000\000\000\000""; nodePubKey: ""\002\225aM\037\203M\271C\224]$\245\215\334\264;{{\365%Z\2443U\201\242\320iUc\207\367""; closeTime: 803842870; signature: ""0E\002!\000\352\333\013\313\206&\204\252E\003\230\375;\336!\362\256\313\347\215\243\252\277\350\315\0037\312\3676\206\340\002 ,\032m(i\362h3\3413Ei\000\336o\224\356\322\033\331\372\264\337\204\365\322\342]O|\325\213""; previousledger: ""=\3153\201i2\351\305qG\027\273i\345\234\273\252\306\261)(\316\370\223\246\361\3364\201\024jn""; ","proposeSeq: 1; currentTxHash: ""\000\000\000\000\000\000\000\000\000\000\000\000\000\000\000\000\000\000\000\000\000\000\000\000\000\000\000\000\000\000\000\000""; nodePubKey: ""\002\225aM\037\203M\271C\224]$\245\215\334\264;{{\365%Z\2443U\201\242\320iUc\207\367""; closeTime: 803842870; signature: ""0E\002!\000\352\333\013\313\206&\204\252E\003\230\375;\336!\362\256\313\347\215\243\252\277\350\315\0037\312\3676\206\340\002 ,\032m(i\362h3\3413Ei\000\336o\224\356\322\033\331\372\264\337\204\365\322\342]O|\325\213""; previousledger: ""=\3153\201i2\351\305qG\027\273i\345\234\273\252\306\261)(\316\370\223\246\361\3364\201\024jn""; "
1750527682560,1750527682560,0,1,0,1,TMProposeSet,"proposeSeq: 1; currentTxHash: ""\000\000\000\000\000\000\000\000\000\000\000\000\000\000\000\000\000\000\000\000\000\000\000\000\000\000\000\000\000\000\000\000""; nodePubKey: ""\002\225aM\037\203M\271C\224]$\245\215\334\264;{{\365%Z\2443U\201\242\320iUc\207\367""; closeTime: 803842870; signature: ""0E\002!\000\352\333\013\313\206&\204\252E\003\230\375;\336!\362\256\313\347\215\243\252\277\350\315\0037\312\3676\206\340\002 ,\032m(i\362h3\3413Ei\000\336o\224\356\322\033\331\372\264\337\204\365\322\342]O|\325\213""; previousledger: ""=\3153\201i2\351\305qG\027\273i\345\234\273\252\306\261)(\316\370\223\246\361\3364\201\024jn""; ","proposeSeq: 1; currentTxHash: ""\000\000\000\000\000\000\000\000\000\000\000\000\000\000\000\000\000\000\000\000\000\000\000\000\000\000\000\000\000\000\000\000""; nodePubKey: ""\002\225aM\037\203M\271C\224]$\245\215\334\264;{{\365%Z\2443U\201\242\320iUc\207\367""; closeTime: 803842870; signature: ""0E\002!\000\352\333\013\313\206&\204\252E\003\230\375;\336!\362\256\313\347\215\243\252\277\350\315\0037\312\3676\206\340\002 ,\032m(i\362h3\3413Ei\000\336o\224\356\322\033\331\372\264\337\204\365\322\342]O|\325\213""; previousledger: ""=\3153\201i2\351\305qG\027\273i\345\234\273\252\306\261)(\316\370\223\246\361\3364\201\024jn""; "
1750527682560,1750527682560,0,1,0,3,TMProposeSet,"proposeSeq: 1; currentTxHash: ""\000\000\000\000\000\000\000\000\000\000\000\000\000\000\000\000\000\000\000\000\000\000\000\000\000\000\000\000\000\000\000\000""; nodePubKey: ""\002\225aM\037\203M\271C\224]$\245\215\334\264;{{\365%Z\2443U\201\242\320iUc\207\367""; closeTime: 803842870; signature: ""0E\002!\000\352\333\013\313\206&\204\252E\003\230\375;\336!\362\256\313\347\215\243\252\277\350\315\0037\312\3676\206\340\002 ,\032m(i\362h3\3413Ei\000\336o\224\356\322\033\331\372\264\337\204\365\322\342]O|\325\213""; previousledger: ""=\3153\201i2\351\305qG\027\273i\345\234\273\252\306\261)(\316\370\223\246\361\3364\201\024jn""; ","proposeSeq: 1; currentTxHash: ""\000\000\000\000\000\000\000\000\000\000\000\000\000\000\000\000\000\000\000\000\000\000\000\000\000\000\000\000\000\000\000\000""; nodePubKey: ""\002\225aM\037\203M\271C\224]$\245\215\334\264;{{\365%Z\2443U\201\242\320iUc\207\367""; closeTime: 803842870; signature: ""0E\002!\000\352\333\013\313\206&\204\252E\003\230\375;\336!\362\256\313\347\215\243\252\277\350\315\0037\312\3676\206\340\002 ,\032m(i\362h3\3413Ei\000\336o\224\356\322\033\331\372\264\337\204\365\322\342]O|\325\213""; previousledger: ""=\3153\201i2\351\305qG\027\273i\345\234\273\252\306\261)(\316\370\223\246\361\3364\201\024jn""; "
1750527682632,1750527682632,0,1,4,1,TMProposeSet,"proposeSeq: 0; currentTxHash: ""\000\000\000\000\000\000\000\000\000\000\000\000\000\000\000\000\000\000\000\000\000\000\000\000\000\000\000\000\000\000\000\000""; nodePubKey: ""\003R7o\362bV\300hf\266\241;}\200^\374\240\203[:\342Q\225\221\027y\372\255\235\216\323~""; closeTime: 803842882; signature: ""0E\002!\000\252\267\016\027\210lX5j^\227\013\024\327\253\207cn\214\014\326L\347t\332T\3014\351\323 g\002 <\326\001\341\365`\263\223\017\242;\305f\325l\216\222\306EH\313\022\322\364\244\201\371\r\035\240\036t""; previousledger: ""]+$\302\005\224\270\033E\r\312\315}\200\2505\216\221\301\341\035[\247\325\236M^\360a\267\356\267""; ","proposeSeq: 0; currentTxHash: ""\000\000\000\000\000\000\000\000\000\000\000\000\000\000\000\000\000\000\000\000\000\000\000\000\000\000\000\000\000\000\000\000""; nodePubKey: ""\003R7o\362bV\300hf\266\241;}\200^\374\240\203[:\342Q\225\221\027y\372\255\235\216\323~""; closeTime: 803842882; signature: ""0E\002!\000\252\267\016\027\210lX5j^\227\013\024\327\253\207cn\214\014\326L\347t\332T\3014\351\323 g\002 <\326\001\341\365`\263\223\017\242;\305f\325l\216\222\306EH\313\022\322\364\244\201\371\r\035\240\036t""; previousledger: ""]+$\302\005\224\270\033E\r\312\315}\200\2505\216\221\301\341\035[\247\325\236M^\360a\267\356\267""; "
1750527682632,1750527682633,0,1,4,2,TMProposeSet,"proposeSeq: 0; currentTxHash: ""\000\000\000\000\000\000\000\000\000\000\000\000\000\000\000\000\000\000\000\000\000\000\000\000\000\000\000\000\000\000\000\000""; nodePubKey: ""\003R7o\362bV\300hf\266\241;}\200^\374\240\203[:\342Q\225\221\027y\372\255\235\216\323~""; closeTime: 803842882; signature: ""0E\002!\000\252\267\016\027\210lX5j^\227\013\024\327\253\207cn\214\014\326L\347t\332T\3014\351\323 g\002 <\326\001\341\365`\263\223\017\242;\305f\325l\216\222\306EH\313\022\322\364\244\201\371\r\035\240\036t""; previousledger: ""]+$\302\005\224\270\033E\r\312\315}\200\2505\216\221\301\341\035[\247\325\236M^\360a\267\356\267""; ","proposeSeq: 0; currentTxHash: ""\000\000\000\000\000\000\000\000\000\000\000\000\000\000\000\000\000\000\000\000\000\000\000\000\000\000\000\000\000\000\000\000""; nodePubKey: ""\003R7o\362bV\300hf\266\241;}\200^\374\240\203[:\342Q\225\221\027y\372\255\235\216\323~""; closeTime: 803842882; signature: ""0E\002!\000\252\267\016\027\210lX5j^\227\013\024\327\253\207cn\214\014\326L\347t\332T\3014\351\323 g\002 <\326\001\341\365`\263\223\017\242;\305f\325l\216\222\306EH\313\022\322\364\244\201\371\r\035\240\036t""; previousledger: ""]+$\302\005\224\270\033E\r\312\315}\200\2505\216\221\301\341\035[\247\325\236M^\360a\267\356\267""; "
1750527682633,1750527682633,0,1,4,0,TMProposeSet,"proposeSeq: 0; currentTxHash: ""\000\000\000\000\000\000\000\000\000\000\000\000\000\000\000\000\000\000\000\000\000\000\000\000\000\000\000\000\000\000\000\000""; nodePubKey: ""\003R7o\362bV\300hf\266\241;}\200^\374\240\203[:\342Q\225\221\027y\372\255\235\216\323~""; closeTime: 803842882; signature: ""0E\002!\000\252\267\016\027\210lX5j^\227\013\024\327\253\207cn\214\014\326L\347t\332T\3014\351\323 g\002 <\326\001\341\365`\263\223\017\242;\305f\325l\216\222\306EH\313\022\322\364\244\201\371\r\035\240\036t""; previousledger: ""]+$\302\005\224\270\033E\r\312\315}\200\2505\216\221\301\341\035[\247\325\236M^\360a\267\356\267""; ","proposeSeq: 0; currentTxHash: ""\000\000\000\000\000\000\000\000\000\000\000\000\000\000\000\000\000\000\000\000\000\000\000\000\000\000\000\000\000\000\000\000""; nodePubKey: ""\003R7o\362bV\300hf\266\241;}\200^\374\240\203[:\342Q\225\221\027y\372\255\235\216\323~""; closeTime: 803842882; signature: ""0E\002!\000\252\267\016\027\210lX5j^\227\013\024\327\253\207cn\214\014\326L\347t\332T\3014\351\323 g\002 <\326\001\341\365`\263\223\017\242;\305f\325l\216\222\306EH\313\022\322\364\244\201\371\r\035\240\036t""; previousledger: ""]+$\302\005\224\270\033E\r\312\315}\200\2505\216\221\301\341\035[\247\325\236M^\360a\267\356\267""; "
1750527682643,1750527682643,0,1,2,4,TMProposeSet,"proposeSeq: 1; currentTxHash: ""\000\000\000\000\000\000\000\000\000\000\000\000\000\000\000\000\000\000\000\000\000\000\000\000\000\000\000\000\000\000\000\000""; nodePubKey: ""\003\255\225A\213\332\224ehh\024BDq\224\250\335`\355\353{\357\266\335<\021\032\265\177\206\356&\215""; closeTime: 803842870; signature: ""0E\002!\000\224\032\277\277\270o\r$\022c\014\306\305\364\323\277jp\315\222I\231\036\322R\200\312\014GJoI\002 HFr9\217\204\007ll\021G\211|\377R=\352\334\263\256\231.z\213x}\202\315d\340\213\366""; previousledger: ""\331I\204\016\276\321\276\006\357\356_\363\302\211\374\3168-\334\260;S\007r\271:!i\362bs\344""; ","proposeSeq: 1; currentTxHash: ""\000\000\000\000\000\000\000\000\000\000\000\000\000\000\000\000\000\000\000\000\000\000\000\000\000\000\000\000\000\000\000\000""; nodePubKey: ""\003\255\225A\213\332\224ehh\024BDq\224\250\335`\355\353{\357\266\335<\021\032\265\177\206\356&\215""; closeTime: 803842870; signature: ""0E\002!\000\224\032\277\277\270o\r$\022c\014\306\305\364\323\277jp\315\222I\231\036\322R\200\312\014GJoI\002 HFr9\217\204\007ll\021G\211|\377R=\352\334\263\256\231.z\213x}\202\315d\340\213\366""; previousledger: ""\331I\204\016\276\321\276\006\357\356_\363\302\211\374\3168-\334\260;S\007r\271:!i\362bs\344""; "
1750527682643,1750527682643,0,1,2,1,TMProposeSet,"proposeSeq: 1; currentTxHash: ""\000\000\000\000\000\000\000\000\000\000\000\000\000\000\000\000\000\000\000\000\000\000\000\000\000\000\000\000\000\000\000\000""; nodePubKey: ""\003\255\225A\213\332\224ehh\024BDq\224\250\335`\355\353{\357\266\335<\021\032\265\177\206\356&\215""; closeTime: 803842870; signature: ""0E\002!\000\224\032\277\277\270o\r$\022c\014\306\305\364\323\277jp\315\222I\231\036\322R\200\312\014GJoI\002 HFr9\217\204\007ll\021G\211|\377R=\352\334\263\256\231.z\213x}\202\315d\340\213\366""; previousledger: ""\331I\204\016\276\321\276\006\357\356_\363\302\211\374\3168-\334\260;S\007r\271:!i\362bs\344""; ","proposeSeq: 1; currentTxHash: ""\000\000\000\000\000\000\000\000\000\000\000\000\000\000\000\000\000\000\000\000\000\000\000\000\000\000\000\000\000\000\000\000""; nodePubKey: ""\003\255\225A\213\332\224ehh\024BDq\224\250\335`\355\353{\357\266\335<\021\032\265\177\206\356&\215""; closeTime: 803842870; signature: ""0E\002!\000\224\032\277\277\270o\r$\022c\014\306\305\364\323\277jp\315\222I\231\036\322R\200\312\014GJoI\002 HFr9\217\204\007ll\021G\211|\377R=\352\334\263\256\231.z\213x}\202\315d\340\213\366""; previousledger: ""\331I\204\016\276\321\276\006\357\356_\363\302\211\374\3168-\334\260;S\007r\271:!i\362bs\344""; "
1750527682643,1750527682643,0,1,2,3,TMProposeSet,"proposeSeq: 1; currentTxHash: ""\000\000\000\000\000\000\000\000\000\000\000\000\000\000\000\000\000\000\000\000\000\000\000\000\000\000\000\000\000\000\000\000""; nodePubKey: ""\003\255\225A\213\332\224ehh\024BDq\224\250\335`\355\353{\357\266\335<\021\032\265\177\206\356&\215""; closeTime: 803842870; signature: ""0E\002!\000\224\032\277\277\270o\r$\022c\014\306\305\364\323\277jp\315\222I\231\036\322R\200\312\014GJoI\002 HFr9\217\204\007ll\021G\211|\377R=\352\334\263\256\231.z\213x}\202\315d\340\213\366""; previousledger: ""\331I\204\016\276\321\276\006\357\356_\363\302\211\374\3168-\334\260;S\007r\271:!i\362bs\344""; ","proposeSeq: 1; currentTxHash: ""\000\000\000\000\000\000\000\000\000\000\000\000\000\000\000\000\000\000\000\000\000\000\000\000\000\000\000\000\000\000\000\000""; nodePubKey: ""\003\255\225A\213\332\224ehh\024BDq\224\250\335`\355\353{\357\266\335<\021\032\265\177\206\356&\215""; closeTime: 803842870; signature: ""0E\002!\000\224\032\277\277\270o\r$\022c\014\306\305\364\323\277jp\315\222I\231\036\322R\200\312\014GJoI\002 HFr9\217\204\007ll\021G\211|\377R=\352\334\263\256\231.z\213x}\202\315d\340\213\366""; previousledger: ""\331I\204\016\276\321\276\006\357\356_\363\302\211\374\3168-\334\260;S\007r\271:!i\362bs\344""; "
1750527682644,1750527682644,0,1,2,0,TMProposeSet,"proposeSeq: 1; currentTxHash: ""\000\000\000\000\000\000\000\000\000\000\000\000\000\000\000\000\000\000\000\000\000\000\000\000\000\000\000\000\000\000\000\000""; nodePubKey: ""\003\255\225A\213\332\224ehh\024BDq\224\250\335`\355\353{\357\266\335<\021\032\265\177\206\356&\215""; closeTime: 803842870; signature: ""0E\002!\000\224\032\277\277\270o\r$\022c\014\306\305\364\323\277jp\315\222I\231\036\322R\200\312\014GJoI\002 HFr9\217\204\007ll\021G\211|\377R=\352\334\263\256\231.z\213x}\202\315d\340\213\366""; previousledger: ""\331I\204\016\276\321\276\006\357\356_\363\302\211\374\3168-\334\260;S\007r\271:!i\362bs\344""; ","proposeSeq: 1; currentTxHash: ""\000\000\000\000\000\000\000\000\000\000\000\000\000\000\000\000\000\000\000\000\000\000\000\000\000\000\000\000\000\000\000\000""; nodePubKey: ""\003\255\225A\213\332\224ehh\024BDq\224\250\335`\355\353{\357\266\335<\021\032\265\177\206\356&\215""; closeTime: 803842870; signature: ""0E\002!\000\224\032\277\277\270o\r$\022c\014\306\305\364\323\277jp\315\222I\231\036\322R\200\312\014GJoI\002 HFr9\217\204\007ll\021G\211|\377R=\352\334\263\256\231.z\213x}\202\315d\340\213\366""; previousledger: ""\331I\204\016\276\321\276\006\357\356_\363\302\211\374\3168-\334\260;S\007r\271:!i\362bs\344""; "
1750527682674,1750527682674,0,1,4,3,TMProposeSet,"proposeSeq: 0; currentTxHash: ""\000\000\000\000\000\000\000\000\000\000\000\000\000\000\000\000\000\000\000\000\000\000\000\000\000\000\000\000\000\000\000\000""; nodePubKey: ""\003R7o\362bV\300hf\266\241;}\200^\374\240\203[:\342Q\225\221\027y\372\255\235\216\323~""; closeTime: 803842882; signature: ""0E\002!\000\252\267\016\027\210lX5j^\227\013\024\327\253\207cn\214\014\326L\347t\332T\3014\351\323 g\002 <\326\001\341\365`\263\223\017\242;\305f\325l\216\222\306EH\313\022\322\364\244\201\371\r\035\240\036t""; previousledger: ""]+$\302\005\224\270\033E\r\312\315}\200\2505\216\221\301\341\035[\247\325\236M^\360a\267\356\267""; ","proposeSeq: 0; currentTxHash: ""\000\000\000\000\000\000\000\000\000\000\000\000\000\000\000\000\000\000\000\000\000\000\000\000\000\000\000\000\000\000\000\000""; nodePubKey: ""\003R7o\362bV\300hf\266\241;}\200^\374\240\203[:\342Q\225\221\027y\372\255\235\216\323~""; closeTime: 803842882; signature: ""0E\002!\000\252\267\016\027\210lX5j^\227\013\024\327\253\207cn\214\014\326L\347t\332T\3014\351\323 g\002 <\326\001\341\365`\263\223\017\242;\305f\325l\216\222\306EH\313\022\322\364\244\201\371\r\035\240\036t""; previousledger: ""]+$\302\005\224\270\033E\r\312\315}\200\2505\216\221\301\341\035[\247\325\236M^\360a\267\356\267""; "
1750527682675,1750527682675,0,1,3,1,TMProposeSet,"proposeSeq: 0; currentTxHash: ""\000\000\000\000\000\000\000\000\000\000\000\000\000\000\000\000\000\000\000\000\000\000\000\000\000\000\000\000\000\000\000\000""; nodePubKey: ""\003R7o\362bV\300hf\266\241;}\200^\374\240\203[:\342Q\225\221\027y\372\255\235\216\323~""; closeTime: 803842882; signature: ""0E\002!\000\252\267\016\027\210lX5j^\227\013\024\327\253\207cn\214\014\326L\347t\332T\3014\351\323 g\002 <\326\001\341\365`\263\223\017\242;\305f\325l\216\222\306EH\313\022\322\364\244\201\371\r\035\240\036t""; previousledger: ""]+$\302\005\224\270\033E\r\312\315}\200\2505\216\221\301\341\035[\247\325\236M^\360a\267\356\267""; ","proposeSeq: 0; currentTxHash: ""\000\000\000\000\000\000\000\000\000\000\000\000\000\000\000\000\000\000\000\000\000\000\000\000\000\000\000\000\000\000\000\000""; nodePubKey: ""\003R7o\362bV\300hf\266\241;}\200^\374\240\203[:\342Q\225\221\027y\372\255\235\216\323~""; closeTime: 803842882; signature: ""0E\002!\000\252\267\016\027\210lX5j^\227\013\024\327\253\207cn\214\014\326L\347t\332T\3014\351\323 g\002 <\326\001\341\365`\263\223\017\242;\305f\325l\216\222\306EH\313\022\322\364\244\201\371\r\035\240\036t""; previousledger: ""]+$\302\005\224\270\033E\r\312\315}\200\2505\216\221\301\341\035[\247\325\236M^\360a\267\356\267""; "
1750527682676,1750527682676,0,1,3,2,TMProposeSet,"proposeSeq: 0; currentTxHash: ""\000\000\000\000\000\000\000\000\000\000\000\000\000\000\000\000\000\000\000\000\000\000\000\000\000\000\000\000\000\000\000\000""; nodePubKey: ""\003R7o\362bV\300hf\266\241;}\200^\374\240\203[:\342Q\225\221\027y\372\255\235\216\323~""; closeTime: 803842882; signature: ""0E\002!\000\252\267\016\027\210lX5j^\227\013\024\327\253\207cn\214\014\326L\347t\332T\3014\351\323 g\002 <\326\001\341\365`\263\223\017\242;\305f\325l\216\222\306EH\313\022\322\364\244\201\371\r\035\240\036t""; previousledger: ""]+$\302\005\224\270\033E\r\312\315}\200\2505\216\221\301\341\035[\247\325\236M^\360a\267\356\267""; ","proposeSeq: 0; currentTxHash: ""\000\000\000\000\000\000\000\000\000\000\000\000\000\000\000\000\000\000\000\000\000\000\000\000\000\000\000\000\000\000\000\000""; nodePubKey: ""\003R7o\362bV\300hf\266\241;}\200^\374\240\203[:\342Q\225\221\027y\372\255\235\216\323~""; closeTime: 803842882; signature: ""0E\002!\000\252\267\016\027\210lX5j^\227\013\024\327\253\207cn\214\014\326L\347t\332T\3014\351\323 g\002 <\326\001\341\365`\263\223\017\242;\305f\325l\216\222\306EH\313\022\322\364\244\201\371\r\035\240\036t""; previousledger: ""]+$\302\005\224\270\033E\r\312\315}\200\2505\216\221\301\341\035[\247\325\236M^\360a\267\356\267""; "
1750527682677,1750527682677,0,1,3,0,TMProposeSet,"proposeSeq: 0; currentTxHash: ""\000\000\000\000\000\000\000\000\000\000\000\000\000\000\000\000\000\000\000\000\000\000\000\000\000\000\000\000\000\000\000\000""; nodePubKey: ""\003R7o\362bV\300hf\266\241;}\200^\374\240\203[:\342Q\225\221\027y\372\255\235\216\323~""; closeTime: 803842882; signature: ""0E\002!\000\252\267\016\027\210lX5j^\227\013\024\327\253\207cn\214\014\326L\347t\332T\3014\351\323 g\002 <\326\001\341\365`\263\223\017\242;\305f\325l\216\222\306EH\313\022\322\364\244\201\371\r\035\240\036t""; previousledger: ""]+$\302\005\224\270\033E\r\312\315}\200\2505\216\221\301\341\035[\247\325\236M^\360a\267\356\267""; ","proposeSeq: 0; currentTxHash: ""\000\000\000\000\000\000\000\000\000\000\000\000\000\000\000\000\000\000\000\000\000\000\000\000\000\000\000\000\000\000\000\000""; nodePubKey: ""\003R7o\362bV\300hf\266\241;}\200^\374\240\203[:\342Q\225\221\027y\372\255\235\216\323~""; closeTime: 803842882; signature: ""0E\002!\000\252\267\016\027\210lX5j^\227\013\024\327\253\207cn\214\014\326L\347t\332T\3014\351\323 g\002 <\326\001\341\365`\263\223\017\242;\305f\325l\216\222\306EH\313\022\322\364\244\201\371\r\035\240\036t""; previousledger: ""]+$\302\005\224\270\033E\r\312\315}\200\2505\216\221\301\341\035[\247\325\236M^\360a\267\356\267""; "
1750527682630,1750527682689,0,1,4,3,TMStatusChange,"newEvent: neCLOSING_LEDGER; ledgerSeq: 47; ledgerHash: ""]+$\302\005\224\270\033E\r\312\315}\200\2505\216\221\301\341\035[\247\325\236M^\360a\267\356\267""; ledgerHashPrevious: ""Q;\255\3404\372\225\341L\224\242\200VY\220\355\020\353I\n\363\266\036\311\003OR\250""\032\230\021""; networkTime: 803842882; firstSeq: 1; lastSeq: 47; ","newEvent: neCLOSING_LEDGER; ledgerSeq: 47; ledgerHash: ""]+$\302\005\224\270\033E\r\312\315}\200\2505\216\221\301\341\035[\247\325\236M^\360a\267\356\267""; ledgerHashPrevious: ""Q;\255\3404\372\225\341L\224\242\200VY\220\355\020\353I\n\363\266\036\311\003OR\250""\032\230\021""; networkTime: 803842882; firstSeq: 1; lastSeq: 47; "
1750527682633,1750527682690,0,1,4,2,TMStatusChange,"newEvent: neCLOSING_LEDGER; ledgerSeq: 47; ledgerHash: ""]+$\302\005\224\270\033E\r\312\315}\200\2505\216\221\301\341\035[\247\325\236M^\360a\267\356\267""; ledgerHashPrevious: ""Q;\255\3404\372\225\341L\224\242\200VY\220\355\020\353I\n\363\266\036\311\003OR\250""\032\230\021""; networkTime: 803842882; firstSeq: 1; lastSeq: 47; ","newEvent: neCLOSING_LEDGER; ledgerSeq: 47; ledgerHash: ""]+$\302\005\224\270\033E\r\312\315}\200\2505\216\221\301\341\035[\247\325\236M^\360a\267\356\267""; ledgerHashPrevious: ""Q;\255\3404\372\225\341L\224\242\200VY\220\355\020\353I\n\363\266\036\311\003OR\250""\032\230\021""; networkTime: 803842882; firstSeq: 1; lastSeq: 47; "
1750527682633,1750527682690,0,1,4,1,TMStatusChange,"newEvent: neCLOSING_LEDGER; ledgerSeq: 47; ledgerHash: ""]+$\302\005\224\270\033E\r\312\315}\200\2505\216\221\301\341\035[\247\325\236M^\360a\267\356\267""; ledgerHashPrevious: ""Q;\255\3404\372\225\341L\224\242\200VY\220\355\020\353I\n\363\266\036\311\003OR\250""\032\230\021""; networkTime: 803842882; firstSeq: 1; lastSeq: 47; ","newEvent: neCLOSING_LEDGER; ledgerSeq: 47; ledgerHash: ""]+$\302\005\224\270\033E\r\312\315}\200\2505\216\221\301\341\035[\247\325\236M^\360a\267\356\267""; ledgerHashPrevious: ""Q;\255\3404\372\225\341L\224\242\200VY\220\355\020\353I\n\363\266\036\311\003OR\250""\032\230\021""; networkTime: 803842882; firstSeq: 1; lastSeq: 47; "
1750527682632,1750527682689,0,1,4,0,TMStatusChange,"newEvent: neCLOSING_LEDGER; ledgerSeq: 47; ledgerHash: ""]+$\302\005\224\270\033E\r\312\315}\200\2505\216\221\301\341\035[\247\325\236M^\360a\267\356\267""; ledgerHashPrevious: ""Q;\255\3404\372\225\341L\224\242\200VY\220\355\020\353I\n\363\266\036\311\003OR\250""\032\230\021""; networkTime: 803842882; firstSeq: 1; lastSeq: 47; ","newEvent: neCLOSING_LEDGER; ledgerSeq: 47; ledgerHash: ""]+$\302\005\224\270\033E\r\312\315}\200\2505\216\221\301\341\035[\247\325\236M^\360a\267\356\267""; ledgerHashPrevious: ""Q;\255\3404\372\225\341L\224\242\200VY\220\355\020\353I\n\363\266\036\311\003OR\250""\032\230\021""; networkTime: 803842882; firstSeq: 1; lastSeq: 47; "
1750527684471,1750527684471,0,1,3,4,TMValidation,"validation: """"\200\000\000\001&\000\000\0000)/\351\253D:p\210\265\307-\212\200\004Q\247]\357\236\n\207}P\2654\026`\256u\276\r&\026K\315a\3337\216.\240\362\263\327]\372\325P\027\000\000\000\000\000\000\000\000\000\000\000\000\000\000\000\000\000\000\000\000\000\000\000\000\000\000\000\000\000\000\000\000P\031]+$\302\005\224\270\033E\r\312\315}\200\2505\216\221\301\341\035[\247\325\236M^\360a\267\356\267s!\002\364d\217\366\217|\316F\232\231\241\n\261\333`\312O\367\235\025DD\336e\367\n\312\326\221\037\025\230vG0E\002!\000\256\320\246\017TG\327\325\265J\310\360\223\215a\006\035S\233xC\005\210X\260I\001\021?Ej`\002 \006L3o\177\311n\000\222\334=d\364h\300t\304\366\272\234\215(>\366\320\314\250C\361\304\307\256""; ","validation: """"\200\000\000\001&\000\000\0000)/\351\253D:p\210\265\307-\212\200\004Q\247]\357\236\n\207}P\2654\026`\256u\276\r&\026K\315a\3337\216.\240\362\263\327]\372\325P\027\000\000\000\000\000\000\000\000\000\000\000\000\000\000\000\000\000\000\000\000\000\000\000\000\000\000\000\000\000\000\000\000P\031]+$\302\005\224\270\033E\r\312\315}\200\2505\216\221\301\341\035[\247\325\236M^\360a\267\356\267s!\002\364d\217\366\217|\316F\232\231\241\n\261\333`\312O\367\235\025DD\336e\367\n\312\326\221\037\025\230vG0E\002!\000\256\320\246\017TG\327\325\265J\310\360\223\215a\006\035S\233xC\005\210X\260I\001\021?Ej`\002 \006L3o\177\311n\000\222\334=d\364h\300t\304\366\272\234\215(>\366\320\314\250C\361\304\307\256""; "
1750527684471,1750527684471,0,1,3,2,TMValidation,"validation: """"\200\000\000\001&\000\000\0000)/\351\253D:p\210\265\307-\212\200\004Q\247]\357\236\n\207}P\2654\026`\256u\276\r&\026K\315a\3337\216.\240\362\263\327]\372\325P\027\000\000\000\000\000\000\000\000\000\000\000\000\000\000\000\000\000\000\000\000\000\000\000\000\000\000\000\000\000\000\000\000P\031]+$\302\005\224\270\033E\r\312\315}\200\2505\216\221\301\341\035[\247\325\236M^\360a\267\356\267s!\002\364d\217\366\217|\316F\232\231\241\n\261\333`\312O\367\235\025DD\336e\367\n\312\326\221\037\025\230vG0E\002!\000\256\320\246\017TG\327\325\265J\310\360\223\215a\006\035S\233xC\005\210X\260I\001\021?Ej`\002 \006L3o\177\311n\000\222\334=d\364h\300t\304\366\272\234\215(>\366\320\314\250C\361\304\307\256""; ","validation: """"\200\000\000\001&\000\000\0000)/\351\253D:p\210\265\307-\212\200\004Q\247]\357\236\n\207}P\2654\026`\256u\276\r&\026K\315a\3337\216.\240\362\263\327]\372\325P\027\000\000\000\000\000\000\000\000\000\000\000\000\000\000\000\000\000\000\000\000\000\000\000\000\000\000\000\000\000\000\000\000P\031]+$\302\005\224\270\033E\r\312\315}\200\2505\216\221\301\341\035[\247\325\236M^\360a\267\356\267s!\002\364d\217\366\217|\316F\232\231\241\n\261\333`\312O\367\235\025DD\336e\367\n\312\326\221\037\025\230vG0E\002!\000\256\320\246\017TG\327\325\265J\310\360\223\215a\006\035S\233xC\005\210X\260I\001\021?Ej`\002 \006L3o\177\311n\000\222\334=d\364h\300t\304\366\272\234\215(>\366\320\314\250C\361\304\307\256""; "
1750527684472,1750527684472,0,1,3,1,TMValidation,"validation: """"\200\000\000\001&\000\000\0000)/\351\253D:p\210\265\307-\212\200\004Q\247]\357\236\n\207}P\2654\026`\256u\276\r&\026K\315a\3337\216.\240\362\263\327]\372\325P\027\000\000\000\000\000\000\000\000\000\000\000\000\000\000\000\000\000\000\000\000\000\000\000\000\000\000\000\000\000\000\000\000P\031]+$\302\005\224\270\033E\r\312\315}\200\2505\216\221\301\341\035[\247\325\236M^\360a\267\356\267s!\002\364d\217\366\217|\316F\232\231\241\n\261\333`\312O\367\235\025DD\336e\367\n\312\326\221\037\025\230vG0E\002!\000\256\320\246\017TG\327\325\265J\310\360\223\215a\006\035S\233xC\005\210X\260I\001\021?Ej`\002 \006L3o\177\311n\000\222\334=d\364h\300t\304\366\272\234\215(>\366\320\314\250C\361\304\307\256""; ","validation: """"\200\000\000\001&\000\000\0000)/\351\253D:p\210\265\307-\212\200\004Q\247]\357\236\n\207}P\2654\026`\256u\276\r&\026K\315a\3337\216.\240\362\263\327]\372\325P\027\000\000\000\000\000\000\000\000\000\000\000\000\000\000\000\000\000\000\000\000\000\000\000\000\000\000\000\000\000\000\000\000P\031]+$\302\005\224\270\033E\r\312\315}\200\2505\216\221\301\341\035[\247\325\236M^\360a\267\356\267s!\002\364d\217\366\217|\316F\232\231\241\n\261\333`\312O\367\235\025DD\336e\367\n\312\326\221\037\025\230vG0E\002!\000\256\320\246\017TG\327\325\265J\310\360\223\215a\006\035S\233xC\005\210X\260I\001\021?Ej`\002 \006L3o\177\311n\000\222\334=d\364h\300t\304\366\272\234\215(>\366\320\314\250C\361\304\307\256""; "
1750527684471,1750527684471,0,1,3,2,TMStatusChange,"newEvent: neACCEPTED_LEDGER; ledgerSeq: 48; ledgerHash: ""\247]\357\236\n\207}P\2654\026`\256u\276\r&\026K\315a\3337\216.\240\362\263\327]\372\325""; ledgerHashPrevious: ""]+$\302\005\224\270\033E\r\312\315}\200\2505\216\221\301\341\035[\247\325\236M^\360a\267\356\267""; networkTime: 803842884; firstSeq: 1; lastSeq: 47; ","newEvent: neACCEPTED_LEDGER; ledgerSeq: 48; ledgerHash: ""\247]\357\236\n\207}P\2654\026`\256u\276\r&\026K\315a\3337\216.\240\362\263\327]\372\325""; ledgerHashPrevious: ""]+$\302\005\224\270\033E\r\312\315}\200\2505\216\221\301\341\035[\247\325\236M^\360a\267\356\267""; networkTime: 803842884; firstSeq: 1; lastSeq: 47; "
1750527684473,1750527684473,0,1,3,1,TMStatusChange,"newEvent: neACCEPTED_LEDGER; ledgerSeq: 48; ledgerHash: ""\247]\357\236\n\207}P\2654\026`\256u\276\r&\026K\315a\3337\216.\240\362\263\327]\372\325""; ledgerHashPrevious: ""]+$\302\005\224\270\033E\r\312\315}\200\2505\216\221\301\341\035[\247\325\236M^\360a\267\356\267""; networkTime: 803842884; firstSeq: 1; lastSeq: 47; ","newEvent: neACCEPTED_LEDGER; ledgerSeq: 48; ledgerHash: ""\247]\357\236\n\207}P\2654\026`\256u\276\r&\026K\315a\3337\216.\240\362\263\327]\372\325""; ledgerHashPrevious: ""]+$\302\005\224\270\033E\r\312\315}\200\2505\216\221\301\341\035[\247\325\236M^\360a\267\356\267""; networkTime: 803842884; firstSeq: 1; lastSeq: 47; "
1750527684473,1750527684473,0,1,3,0,TMValidation,"validation: """"\200\000\000\001&\000\000\0000)/\351\253D:p\210\265\307-\212\200\004Q\247]\357\236\n\207}P\2654\026`\256u\276\r&\026K\315a\3337\216.\240\362\263\327]\372\325P\027\000\000\000\000\000\000\000\000\000\000\000\000\000\000\000\000\000\000\000\000\000\000\000\000\000\000\000\000\000\000\000\000P\031]+$\302\005\224\270\033E\r\312\315}\200\2505\216\221\301\341\035[\247\325\236M^\360a\267\356\267s!\002\364d\217\366\217|\316F\232\231\241\n\261\333`\312O\367\235\025DD\336e\367\n\312\326\221\037\025\230vG0E\002!\000\256\320\246\017TG\327\325\265J\310\360\223\215a\006\035S\233xC\005\210X\260I\001\021?Ej`\002 \006L3o\177\311n\000\222\334=d\364h\300t\304\366\272\234\215(>\366\320\314\250C\361\304\307\256""; ","validation: """"\200\000\000\001&\000\000\0000)/\351\253D:p\210\265\307-\212\200\004Q\247]\357\236\n\207}P\2654\026`\256u\276\r&\026K\315a\3337\216.\240\362\263\327]\372\325P\027\000\000\000\000\000\000\000\000\000\000\000\000\000\000\000\000\000\000\000\000\000\000\000\000\000\000\000\000\000\000\000\000P\031]+$\302\005\224\270\033E\r\312\315}\200\2505\216\221\301\341\035[\247\325\236M^\360a\267\356\267s!\002\364d\217\366\217|\316F\232\231\241\n\261\333`\312O\367\235\025DD\336e\367\n\312\326\221\037\025\230vG0E\002!\000\256\320\246\017TG\327\325\265J\310\360\223\215a\006\035S\233xC\005\210X\260I\001\021?Ej`\002 \006L3o\177\311n\000\222\334=d\364h\300t\304\366\272\234\215(>\366\320\314\250C\361\304\307\256""; "
1750527684473,1750527684473,0,1,3,4,TMStatusChange,"newEvent: neACCEPTED_LEDGER; ledgerSeq: 48; ledgerHash: ""\247]\357\236\n\207}P\2654\026`\256u\276\r&\026K\315a\3337\216.\240\362\263\327]\372\325""; ledgerHashPrevious: ""]+$\302\005\224\270\033E\r\312\315}\200\2505\216\221\301\341\035[\247\325\236M^\360a\267\356\267""; networkTime: 803842884; firstSeq: 1; lastSeq: 47; ","newEvent: neACCEPTED_LEDGER; ledgerSeq: 48; ledgerHash: ""\247]\357\236\n\207}P\2654\026`\256u\276\r&\026K\315a\3337\216.\240\362\263\327]\372\325""; ledgerHashPrevious: ""]+$\302\005\224\270\033E\r\312\315}\200\2505\216\221\301\341\035[\247\325\236M^\360a\267\356\267""; networkTime: 803842884; firstSeq: 1; lastSeq: 47; "
1750527684473,1750527684474,0,1,3,0,TMStatusChange,"newEvent: neACCEPTED_LEDGER; ledgerSeq: 48; ledgerHash: ""\247]\357\236\n\207}P\2654\026`\256u\276\r&\026K\315a\3337\216.\240\362\263\327]\372\325""; ledgerHashPrevious: ""]+$\302\005\224\270\033E\r\312\315}\200\2505\216\221\301\341\035[\247\325\236M^\360a\267\356\267""; networkTime: 803842884; firstSeq: 1; lastSeq: 47; ","newEvent: neACCEPTED_LEDGER; ledgerSeq: 48; ledgerHash: ""\247]\357\236\n\207}P\2654\026`\256u\276\r&\026K\315a\3337\216.\240\362\263\327]\372\325""; ledgerHashPrevious: ""]+$\302\005\224\270\033E\r\312\315}\200\2505\216\221\301\341\035[\247\325\236M^\360a\267\356\267""; networkTime: 803842884; firstSeq: 1; lastSeq: 47; "
1750527684475,1750527684475,0,1,4,2,TMValidation,"validation: """"\200\000\000\001&\000\000\0000)/\351\253D:p\210\265\307-\212\200\004Q\247]\357\236\n\207}P\2654\026`\256u\276\r&\026K\315a\3337\216.\240\362\263\327]\372\325P\027\000\000\000\000\000\000\000\000\000\000\000\000\000\000\000\000\000\000\000\000\000\000\000\000\000\000\000\000\000\000\000\000P\031]+$\302\005\224\270\033E\r\312\315}\200\2505\216\221\301\341\035[\247\325\236M^\360a\267\356\267s!\002\364d\217\366\217|\316F\232\231\241\n\261\333`\312O\367\235\025DD\336e\367\n\312\326\221\037\025\230vG0E\002!\000\256\320\246\017TG\327\325\265J\310\360\223\215a\006\035S\233xC\005\210X\260I\001\021?Ej`\002 \006L3o\177\311n\000\222\334=d\364h\300t\304\366\272\234\215(>\366\320\314\250C\361\304\307\256""; ","validation: """"\200\000\000\001&\000\000\0000)/\351\253D:p\210\265\307-\212\200\004Q\247]\357\236\n\207}P\2654\026`\256u\276\r&\026K\315a\3337\216.\240\362\263\327]\372\325P\027\000\000\000\000\000\000\000\000\000\000\000\000\000\000\000\000\000\000\000\000\000\000\000\000\000\000\000\000\000\000\000\000P\031]+$\302\005\224\270\033E\r\312\315}\200\2505\216\221\301\341\035[\247\325\236M^\360a\267\356\267s!\002\364d\217\366\217|\316F\232\231\241\n\261\333`\312O\367\235\025DD\336e\367\n\312\326\221\037\025\230vG0E\002!\000\256\320\246\017TG\327\325\265J\310\360\223\215a\006\035S\233xC\005\210X\260I\001\021?Ej`\002 \006L3o\177\311n\000\222\334=d\364h\300t\304\366\272\234\215(>\366\320\314\250C\361\304\307\256""; "
1750527684475,1750527684475,0,1,4,3,TMGetLedger,"itype: liBASE; ledgerHash: ""\247]\357\236\n\207}P\2654\026`\256u\276\r&\026K\315a\3337\216.\240\362\263\327]\372\325""; queryType: qtINDIRECT; ","itype: liBASE; ledgerHash: ""\247]\357\236\n\207}P\2654\026`\256u\276\r&\026K\315a\3337\216.\240\362\263\327]\372\325""; queryType: qtINDIRECT; "
1750527684476,1750527684476,0,1,4,3,TMGetLedger,"itype: liBASE; ledgerHash: ""\247]\357\236\n\207}P\2654\026`\256u\276\r&\026K\315a\3337\216.\240\362\263\327]\372\325""; ","itype: liBASE; ledgerHash: ""\247]\357\236\n\207}P\2654\026`\256u\276\r&\026K\315a\3337\216.\240\362\263\327]\372\325""; "
1750527684476,1750527684476,0,1,4,0,TMValidation,"validation: """"\200\000\000\001&\000\000\0000)/\351\253D:p\210\265\307-\212\200\004Q\247]\357\236\n\207}P\2654\026`\256u\276\r&\026K\315a\3337\216.\240\362\263\327]\372\325P\027\000\000\000\000\000\000\000\000\000\000\000\000\000\000\000\000\000\000\000\000\000\000\000\000\000\000\000\000\000\000\000\000P\031]+$\302\005\224\270\033E\r\312\315}\200\2505\216\221\301\341\035[\247\325\236M^\360a\267\356\267s!\002\364d\217\366\217|\316F\232\231\241\n\261\333`\312O\367\235\025DD\336e\367\n\312\326\221\037\025\230vG0E\002!\000\256\320\246\017TG\327\325\265J\310\360\223\215a\006\035S\233xC\005\210X\260I\001\021?Ej`\002 \006L3o\177\311n\000\222\334=d\364h\300t\304\366\272\234\215(>\366\320\314\250C\361\304\307\256""; ","validation: """"\200\000\000\001&\000\000\0000)/\351\253D:p\210\265\307-\212\200\004Q\247]\357\236\n\207}P\2654\026`\256u\276\r&\026K\315a\3337\216.\240\362\263\327]\372\325P\027\000\000\000\000\000\000\000\000\000\000\000\000\000\000\000\000\000\000\000\000\000\000\000\000\000\000\000\000\000\000\000\000P\031]+$\302\005\224\270\033E\r\312\315}\200\2505\216\221\301\341\035[\247\325\236M^\360a\267\356\267s!\002\364d\217\366\217|\316F\232\231\241\n\261\333`\312O\367\235\025DD\336e\367\n\312\326\221\037\025\230vG0E\002!\000\256\320\246\017TG\327\325\265J\310\360\223\215a\006\035S\233xC\005\210X\260I\001\021?Ej`\002 \006L3o\177\311n\000\222\334=d\364h\300t\304\366\272\234\215(>\366\320\314\250C\361\304\307\256""; "
1750527684477,1750527684477,0,1,4,1,TMValidation,"validation: """"\200\000\000\001&\000\000\0000)/\351\253D:p\210\265\307-\212\200\004Q\247]\357\236\n\207}P\2654\026`\256u\276\r&\026K\315a\3337\216.\240\362\263\327]\372\325P\027\000\000\000\000\000\000\000\000\000\000\000\000\000\000\000\000\000\000\000\000\000\000\000\000\000\000\000\000\000\000\000\000P\031]+$\302\005\224\270\033E\r\312\315}\200\2505\216\221\301\341\035[\247\325\236M^\360a\267\356\267s!\002\364d\217\366\217|\316F\232\231\241\n\261\333`\312O\367\235\025DD\336e\367\n\312\326\221\037\025\230vG0E\002!\000\256\320\246\017TG\327\325\265J\310\360\223\215a\006\035S\233xC\005\210X\260I\001\021?Ej`\002 \006L3o\177\311n\000\222\334=d\364h\300t\304\366\272\234\215(>\366\320\314\250C\361\304\307\256""; ","validation: """"\200\000\000\001&\000\000\0000)/\351\253D:p\210\265\307-\212\200\004Q\247]\357\236\n\207}P\2654\026`\256u\276\r&\026K\315a\3337\216.\240\362\263\327]\372\325P\027\000\000\000\000\000\000\000\000\000\000\000\000\000\000\000\000\000\000\000\000\000\000\000\000\000\000\000\000\000\000\000\000P\031]+$\302\005\224\270\033E\r\312\315}\200\2505\216\221\301\341\035[\247\325\236M^\360a\267\356\267s!\002\364d\217\366\217|\316F\232\231\241\n\261\333`\312O\367\235\025DD\336e\367\n\312\326\221\037\025\230vG0E\002!\000\256\320\246\017TG\327\325\265J\310\360\223\215a\006\035S\233xC\005\210X\260I\001\021?Ej`\002 \006L3o\177\311n\000\222\334=d\364h\300t\304\366\272\234\215(>\366\320\314\250C\361\304\307\256""; "
1750527684477,1750527684477,0,1,4,0,TMGetLedger,"itype: liBASE; ledgerHash: ""\247]\357\236\n\207}P\2654\026`\256u\276\r&\026K\315a\3337\216.\240\362\263\327]\372\325""; ","itype: liBASE; ledgerHash: ""\247]\357\236\n\207}P\2654\026`\256u\276\r&\026K\315a\3337\216.\240\362\263\327]\372\325""; "
1750527684477,1750527684477,0,1,4,0,TMGetLedger,"itype: liBASE; ledgerHash: ""\247]\357\236\n\207}P\2654\026`\256u\276\r&\026K\315a\3337\216.\240\362\263\327]\372\325""; queryType: qtINDIRECT; ","itype: liBASE; ledgerHash: ""\247]\357\236\n\207}P\2654\026`\256u\276\r&\026K\315a\3337\216.\240\362\263\327]\372\325""; queryType: qtINDIRECT; "
1750527684478,1750527684478,0,1,4,1,TMGetLedger,"itype: liBASE; ledgerHash: ""\247]\357\236\n\207}P\2654\026`\256u\276\r&\026K\315a\3337\216.\240\362\263\327]\372\325""; ","itype: liBASE; ledgerHash: ""\247]\357\236\n\207}P\2654\026`\256u\276\r&\026K\315a\3337\216.\240\362\263\327]\372\325""; "
1750527684479,1750527684479,0,1,4,1,TMGetLedger,"itype: liBASE; ledgerHash: ""\247]\357\236\n\207}P\2654\026`\256u\276\r&\026K\315a\3337\216.\240\362\263\327]\372\325""; queryType: qtINDIRECT; ","itype: liBASE; ledgerHash: ""\247]\357\236\n\207}P\2654\026`\256u\276\r&\026K\315a\3337\216.\240\362\263\327]\372\325""; queryType: qtINDIRECT; "
1750527684479,1750527684479,0,1,2,4,TMGetLedger,"itype: liBASE; ledgerHash: ""\247]\357\236\n\207}P\2654\026`\256u\276\r&\026K\315a\3337\216.\240\362\263\327]\372\325""; ledgerSeq: 48; ","itype: liBASE; ledgerHash: ""\247]\357\236\n\207}P\2654\026`\256u\276\r&\026K\315a\3337\216.\240\362\263\327]\372\325""; ledgerSeq: 48; "
1750527684480,1750527684480,0,1,2,1,TMGetLedger,"itype: liBASE; ledgerHash: ""\247]\357\236\n\207}P\2654\026`\256u\276\r&\026K\315a\3337\216.\240\362\263\327]\372\325""; ledgerSeq: 48; ","itype: liBASE; ledgerHash: ""\247]\357\236\n\207}P\2654\026`\256u\276\r&\026K\315a\3337\216.\240\362\263\327]\372\325""; ledgerSeq: 48; "
1750527684480,1750527684480,0,1,2,0,TMGetLedger,"itype: liBASE; ledgerHash: ""\247]\357\236\n\207}P\2654\026`\256u\276\r&\026K\315a\3337\216.\240\362\263\327]\372\325""; ledgerSeq: 48; ","itype: liBASE; ledgerHash: ""\247]\357\236\n\207}P\2654\026`\256u\276\r&\026K\315a\3337\216.\240\362\263\327]\372\325""; ledgerSeq: 48; "
1750527684480,1750527684481,0,1,2,3,TMGetLedger,"itype: liBASE; ledgerHash: ""\247]\357\236\n\207}P\2654\026`\256u\276\r&\026K\315a\3337\216.\240\362\263\327]\372\325""; ledgerSeq: 48; ","itype: liBASE; ledgerHash: ""\247]\357\236\n\207}P\2654\026`\256u\276\r&\026K\315a\3337\216.\240\362\263\327]\372\325""; ledgerSeq: 48; "
1750527684481,1750527684481,0,1,2,1,TMGetLedger,"itype: liBASE; ledgerHash: ""\247]\357\236\n\207}P\2654\026`\256u\276\r&\026K\315a\3337\216.\240\362\263\327]\372\325""; ledgerSeq: 48; queryType: qtINDIRECT; ","itype: liBASE; ledgerHash: ""\247]\357\236\n\207}P\2654\026`\256u\276\r&\026K\315a\3337\216.\240\362\263\327]\372\325""; ledgerSeq: 48; queryType: qtINDIRECT; "
1750527684482,1750527684482,0,1,2,0,TMValidation,"validation: """"\200\000\000\001&\000\000\0000)/\351\253D:p\210\265\307-\212\200\004Q\247]\357\236\n\207}P\2654\026`\256u\276\r&\026K\315a\3337\216.\240\362\263\327]\372\325P\027\000\000\000\000\000\000\000\000\000\000\000\000\000\000\000\000\000\000\000\000\000\000\000\000\000\000\000\000\000\000\000\000P\031]+$\302\005\224\270\033E\r\312\315}\200\2505\216\221\301\341\035[\247\325\236M^\360a\267\356\267s!\002\364d\217\366\217|\316F\232\231\241\n\261\333`\312O\367\235\025DD\336e\367\n\312\326\221\037\025\230vG0E\002!\000\256\320\246\017TG\327\325\265J\310\360\223\215a\006\035S\233xC\005\210X\260I\001\021?Ej`\002 \006L3o\177\311n\000\222\334=d\364h\300t\304\366\272\234\215(>\366\320\314\250C\361\304\307\256""; ","validation: """"\200\000\000\001&\000\000\0000)/\351\253D:p\210\265\307-\212\200\004Q\247]\357\236\n\207}P\2654\026`\256u\276\r&\026K\315a\3337\216.\240\362\263\327]\372\325P\027\000\000\000\000\000\000\000\000\000\000\000\000\000\000\000\000\000\000\000\000\000\000\000\000\000\000\000\000\000\000\000\000P\031]+$\302\005\224\270\033E\r\312\315}\200\2505\216\221\301\341\035[\247\325\236M^\360a\267\356\267s!\002\364d\217\366\217|\316F\232\231\241\n\261\333`\312O\367\235\025DD\336e\367\n\312\326\221\037\025\230vG0E\002!\000\256\320\246\017TG\327\325\265J\310\360\223\215a\006\035S\233xC\005\210X\260I\001\021?Ej`\002 \006L3o\177\311n\000\222\334=d\364h\300t\304\366\272\234\215(>\366\320\314\250C\361\304\307\256""; "
1750527684490,1750527684490,0,1,2,0,TMGetLedger,"itype: liBASE; ledgerHash: ""\247]\357\236\n\207}P\2654\026`\256u\276\r&\026K\315a\3337\216.\240\362\263\327]\372\325""; ledgerSeq: 48; queryType: qtINDIRECT; ","itype: liBASE; ledgerHash: ""\247]\357\236\n\207}P\2654\026`\256u\276\r&\026K\315a\3337\216.\240\362\263\327]\372\325""; ledgerSeq: 48; queryType: qtINDIRECT; "
1750527684491,1750527684491,0,1,2,1,TMValidation,"validation: """"\200\000\000\001&\000\000\0000)/\351\253D:p\210\265\307-\212\200\004Q\247]\357\236\n\207}P\2654\026`\256u\276\r&\026K\315a\3337\216.\240\362\263\327]\372\325P\027\000\000\000\000\000\000\000\000\000\000\000\000\000\000\000\000\000\000\000\000\000\000\000\000\000\000\000\000\000\000\000\000P\031]+$\302\005\224\270\033E\r\312\315}\200\2505\216\221\301\341\035[\247\325\236M^\360a\267\356\267s!\002\364d\217\366\217|\316F\232\231\241\n\261\333`\312O\367\235\025DD\336e\367\n\312\326\221\037\025\230vG0E\002!\000\256\320\246\017TG\327\325\265J\310\360\223\215a\006\035S\233xC\005\210X\260I\001\021?Ej`\002 \006L3o\177\311n\000\222\334=d\364h\300t\304\366\272\234\215(>\366\320\314\250C\361\304\307\256""; ","validation: """"\200\000\000\001&\000\000\0000)/\351\253D:p\210\265\307-\212\200\004Q\247]\357\236\n\207}P\2654\026`\256u\276\r&\026K\315a\3337\216.\240\362\263\327]\372\325P\027\000\000\000\000\000\000\000\000\000\000\000\000\000\000\000\000\000\000\000\000\000\000\000\000\000\000\000\000\000\000\000\000P\031]+$\302\005\224\270\033E\r\312\315}\200\2505\216\221\301\341\035[\247\325\236M^\360a\267\356\267s!\002\364d\217\366\217|\316F\232\231\241\n\261\333`\312O\367\235\025DD\336e\367\n\312\326\221\037\025\230vG0E\002!\000\256\320\246\017TG\327\325\265J\310\360\223\215a\006\035S\233xC\005\210X\260I\001\021?Ej`\002 \006L3o\177\311n\000\222\334=d\364h\300t\304\366\272\234\215(>\366\320\314\250C\361\304\307\256""; "
1750527684491,1750527684492,0,1,2,4,TMValidation,"validation: """"\200\000\000\001&\000\000\0000)/\351\253D:p\210\265\307-\212\200\004Q\247]\357\236\n\207}P\2654\026`\256u\276\r&\026K\315a\3337\216.\240\362\263\327]\372\325P\027\000\000\000\000\000\000\000\000\000\000\000\000\000\000\000\000\000\000\000\000\000\000\000\000\000\000\000\000\000\000\000\000P\031]+$\302\005\224\270\033E\r\312\315}\200\2505\216\221\301\341\035[\247\325\236M^\360a\267\356\267s!\002\364d\217\366\217|\316F\232\231\241\n\261\333`\312O\367\235\025DD\336e\367\n\312\326\221\037\025\230vG0E\002!\000\256\320\246\017TG\327\325\265J\310\360\223\215a\006\035S\233xC\005\210X\260I\001\021?Ej`\002 \006L3o\177\311n\000\222\334=d\364h\300t\304\366\272\234\215(>\366\320\314\250C\361\304\307\256""; ","validation: """"\200\000\000\001&\000\000\0000)/\351\253D:p\210\265\307-\212\200\004Q\247]\357\236\n\207}P\2654\026`\256u\276\r&\026K\315a\3337\216.\240\362\263\327]\372\325P\027\000\000\000\000\000\000\000\000\000\000\000\000\000\000\000\000\000\000\000\000\000\000\000\000\000\000\000\000\000\000\000\000P\031]+$\302\005\224\270\033E\r\312\315}\200\2505\216\221\301\341\035[\247\325\236M^\360a\267\356\267s!\002\364d\217\366\217|\316F\232\231\241\n\261\333`\312O\367\235\025DD\336e\367\n\312\326\221\037\025\230vG0E\002!\000\256\320\246\017TG\327\325\265J\310\360\223\215a\006\035S\233xC\005\210X\260I\001\021?Ej`\002 \006L3o\177\311n\000\222\334=d\364h\300t\304\366\272\234\215(>\366\320\314\250C\361\304\307\256""; "
1750527684492,1750527684492,0,1,2,4,TMGetLedger,"itype: liBASE; ledgerHash: ""\247]\357\236\n\207}P\2654\026`\256u\276\r&\026K\315a\3337\216.\240\362\263\327]\372\325""; ledgerSeq: 48; queryType: qtINDIRECT; ","itype: liBASE; ledgerHash: ""\247]\357\236\n\207}P\2654\026`\256u\276\r&\026K\315a\3337\216.\240\362\263\327]\372\325""; ledgerSeq: 48; queryType: qtINDIRECT; "
1750527684493,1750527684493,0,1,1,0,TMGetLedger,"itype: liBASE; ledgerHash: ""\247]\357\236\n\207}P\2654\026`\256u\276\r&\026K\315a\3337\216.\240\362\263\327]\372\325""; ledgerSeq: 48; ","itype: liBASE; ledgerHash: ""\247]\357\236\n\207}P\2654\026`\256u\276\r&\026K\315a\3337\216.\240\362\263\327]\372\325""; ledgerSeq: 48; "
1750527684493,1750527684493,0,1,1,4,TMGetLedger,"itype: liBASE; ledgerHash: ""\247]\357\236\n\207}P\2654\026`\256u\276\r&\026K\315a\3337\216.\240\362\263\327]\372\325""; ledgerSeq: 48; ","itype: liBASE; ledgerHash: ""\247]\357\236\n\207}P\2654\026`\256u\276\r&\026K\315a\3337\216.\240\362\263\327]\372\325""; ledgerSeq: 48; "
1750527684494,1750527684494,0,1,1,2,TMGetLedger,"itype: liBASE; ledgerHash: ""\247]\357\236\n\207}P\2654\026`\256u\276\r&\026K\315a\3337\216.\240\362\263\327]\372\325""; ledgerSeq: 48; ","itype: liBASE; ledgerHash: ""\247]\357\236\n\207}P\2654\026`\256u\276\r&\026K\315a\3337\216.\240\362\263\327]\372\325""; ledgerSeq: 48; "
1750527684494,1750527684494,0,1,1,3,TMGetLedger,"itype: liBASE; ledgerHash: ""\247]\357\236\n\207}P\2654\026`\256u\276\r&\026K\315a\3337\216.\240\362\263\327]\372\325""; ledgerSeq: 48; ","itype: liBASE; ledgerHash: ""\247]\357\236\n\207}P\2654\026`\256u\276\r&\026K\315a\3337\216.\240\362\263\327]\372\325""; ledgerSeq: 48; "
1750527684494,1750527684494,0,1,1,3,TMGetLedger,"itype: liBASE; ledgerHash: ""\247]\357\236\n\207}P\2654\026`\256u\276\r&\026K\315a\3337\216.\240\362\263\327]\372\325""; ledgerSeq: 48; queryType: qtINDIRECT; ","itype: liBASE; ledgerHash: ""\247]\357\236\n\207}P\2654\026`\256u\276\r&\026K\315a\3337\216.\240\362\263\327]\372\325""; ledgerSeq: 48; queryType: qtINDIRECT; "
1750527684495,1750527684495,0,1,2,3,TMGetLedger,"itype: liBASE; ledgerHash: ""\247]\357\236\n\207}P\2654\026`\256u\276\r&\026K\315a\3337\216.\240\362\263\327]\372\325""; ledgerSeq: 48; queryType: qtINDIRECT; ","itype: liBASE; ledgerHash: ""\247]\357\236\n\207}P\2654\026`\256u\276\r&\026K\315a\3337\216.\240\362\263\327]\372\325""; ledgerSeq: 48; queryType: qtINDIRECT; "
1750527684495,1750527684495,0,1,0,2,TMGetLedger,"itype: liBASE; ledgerHash: ""\247]\357\236\n\207}P\2654\026`\256u\276\r&\026K\315a\3337\216.\240\362\263\327]\372\325""; ledgerSeq: 48; ","itype: liBASE; ledgerHash: ""\247]\357\236\n\207}P\2654\026`\256u\276\r&\026K\315a\3337\216.\240\362\263\327]\372\325""; ledgerSeq: 48; "
1750527684496,1750527684496,0,1,0,3,TMGetLedger,"itype: liBASE; ledgerHash: ""\247]\357\236\n\207}P\2654\026`\256u\276\r&\026K\315a\3337\216.\240\362\263\327]\372\325""; ledgerSeq: 48; ","itype: liBASE; ledgerHash: ""\247]\357\236\n\207}P\2654\026`\256u\276\r&\026K\315a\3337\216.\240\362\263\327]\372\325""; ledgerSeq: 48; "
1750527684496,1750527684496,0,1,0,1,TMGetLedger,"itype: liBASE; ledgerHash: ""\247]\357\236\n\207}P\2654\026`\256u\276\r&\026K\315a\3337\216.\240\362\263\327]\372\325""; ledgerSeq: 48; ","itype: liBASE; ledgerHash: ""\247]\357\236\n\207}P\2654\026`\256u\276\r&\026K\315a\3337\216.\240\362\263\327]\372\325""; ledgerSeq: 48; "
1750527684497,1750527684497,0,1,0,3,TMGetLedger,"itype: liBASE; ledgerHash: ""\247]\357\236\n\207}P\2654\026`\256u\276\r&\026K\315a\3337\216.\240\362\263\327]\372\325""; ledgerSeq: 48; queryType: qtINDIRECT; ","itype: liBASE; ledgerHash: ""\247]\357\236\n\207}P\2654\026`\256u\276\r&\026K\315a\3337\216.\240\362\263\327]\372\325""; ledgerSeq: 48; queryType: qtINDIRECT; "
1750527684497,1750527684497,0,1,0,4,TMValidation,"validation: """"\200\000\000\001&\000\000\0000)/\351\253D:p\210\265\307-\212\200\004Q\247]\357\236\n\207}P\2654\026`\256u\276\r&\026K\315a\3337\216.\240\362\263\327]\372\325P\027\000\000\000\000\000\000\000\000\000\000\000\000\000\000\000\000\000\000\000\000\000\000\000\000\000\000\000\000\000\000\000\000P\031]+$\302\005\224\270\033E\r\312\315}\200\2505\216\221\301\341\035[\247\325\236M^\360a\267\356\267s!\002\364d\217\366\217|\316F\232\231\241\n\261\333`\312O\367\235\025DD\336e\367\n\312\326\221\037\025\230vG0E\002!\000\256\320\246\017TG\327\325\265J\310\360\223\215a\006\035S\233xC\005\210X\260I\001\021?Ej`\002 \006L3o\177\311n\000\222\334=d\364h\300t\304\366\272\234\215(>\366\320\314\250C\361\304\307\256""; ","validation: """"\200\000\000\001&\000\000\0000)/\351\253D:p\210\265\307-\212\200\004Q\247]\357\236\n\207}P\2654\026`\256u\276\r&\026K\315a\3337\216.\240\362\263\327]\372\325P\027\000\000\000\000\000\000\000\000\000\000\000\000\000\000\000\000\000\000\000\000\000\000\000\000\000\000\000\000\000\000\000\000P\031]+$\302\005\224\270\033E\r\312\315}\200\2505\216\221\301\341\035[\247\325\236M^\360a\267\356\267s!\002\364d\217\366\217|\316F\232\231\241\n\261\333`\312O\367\235\025DD\336e\367\n\312\326\221\037\025\230vG0E\002!\000\256\320\246\017TG\327\325\265J\310\360\223\215a\006\035S\233xC\005\210X\260I\001\021?Ej`\002 \006L3o\177\311n\000\222\334=d\364h\300t\304\366\272\234\215(>\366\320\314\250C\361\304\307\256""; "
1750527684498,1750527684498,0,1,0,4,TMGetLedger,"itype: liBASE; ledgerHash: ""\247]\357\236\n\207}P\2654\026`\256u\276\r&\026K\315a\3337\216.\240\362\263\327]\372\325""; ledgerSeq: 48; ","itype: liBASE; ledgerHash: ""\247]\357\236\n\207}P\2654\026`\256u\276\r&\026K\315a\3337\216.\240\362\263\327]\372\325""; ledgerSeq: 48; "
1750527684498,1750527684498,0,1,0,2,TMValidation,"validation: """"\200\000\000\001&\000\000\0000)/\351\253D:p\210\265\307-\212\200\004Q\247]\357\236\n\207}P\2654\026`\256u\276\r&\026K\315a\3337\216.\240\362\263\327]\372\325P\027\000\000\000\000\000\000\000\000\000\000\000\000\000\000\000\000\000\000\000\000\000\000\000\000\000\000\000\000\000\000\000\000P\031]+$\302\005\224\270\033E\r\312\315}\200\2505\216\221\301\341\035[\247\325\236M^\360a\267\356\267s!\002\364d\217\366\217|\316F\232\231\241\n\261\333`\312O\367\235\025DD\336e\367\n\312\326\221\037\025\230vG0E\002!\000\256\320\246\017TG\327\325\265J\310\360\223\215a\006\035S\233xC\005\210X\260I\001\021?Ej`\002 \006L3o\177\311n\000\222\334=d\364h\300t\304\366\272\234\215(>\366\320\314\250C\361\304\307\256""; ","validation: """"\200\000\000\001&\000\000\0000)/\351\253D:p\210\265\307-\212\200\004Q\247]\357\236\n\207}P\2654\026`\256u\276\r&\026K\315a\3337\216.\240\362\263\327]\372\325P\027\000\000\000\000\000\000\000\000\000\000\000\000\000\000\000\000\000\000\000\000\000\000\000\000\000\000\000\000\000\000\000\000P\031]+$\302\005\224\270\033E\r\312\315}\200\2505\216\221\301\341\035[\247\325\236M^\360a\267\356\267s!\002\364d\217\366\217|\316F\232\231\241\n\261\333`\312O\367\235\025DD\336e\367\n\312\326\221\037\025\230vG0E\002!\000\256\320\246\017TG\327\325\265J\310\360\223\215a\006\035S\233xC\005\210X\260I\001\021?Ej`\002 \006L3o\177\311n\000\222\334=d\364h\300t\304\366\272\234\215(>\366\320\314\250C\361\304\307\256""; "
1750527684499,1750527684499,0,1,0,1,TMValidation,"validation: """"\200\000\000\001&\000\000\0000)/\351\253D:p\210\265\307-\212\200\004Q\247]\357\236\n\207}P\2654\026`\256u\276\r&\026K\315a\3337\216.\240\362\263\327]\372\325P\027\000\000\000\000\000\000\000\000\000\000\000\000\000\000\000\000\000\000\000\000\000\000\000\000\000\000\000\000\000\000\000\000P\031]+$\302\005\224\270\033E\r\312\315}\200\2505\216\221\301\341\035[\247\325\236M^\360a\267\356\267s!\002\364d\217\366\217|\316F\232\231\241\n\261\333`\312O\367\235\025DD\336e\367\n\312\326\221\037\025\230vG0E\002!\000\256\320\246\017TG\327\325\265J\310\360\223\215a\006\035S\233xC\005\210X\260I\001\021?Ej`\002 \006L3o\177\311n\000\222\334=d\364h\300t\304\366\272\234\215(>\366\320\314\250C\361\304\307\256""; ","validation: """"\200\000\000\001&\000\000\0000)/\351\253D:p\210\265\307-\212\200\004Q\247]\357\236\n\207}P\2654\026`\256u\276\r&\026K\315a\3337\216.\240\362\263\327]\372\325P\027\000\000\000\000\000\000\000\000\000\000\000\000\000\000\000\000\000\000\000\000\000\000\000\000\000\000\000\000\000\000\000\000P\031]+$\302\005\224\270\033E\r\312\315}\200\2505\216\221\301\341\035[\247\325\236M^\360a\267\356\267s!\002\364d\217\366\217|\316F\232\231\241\n\261\333`\312O\367\235\025DD\336e\367\n\312\326\221\037\025\230vG0E\002!\000\256\320\246\017TG\327\325\265J\310\360\223\215a\006\035S\233xC\005\210X\260I\001\021?Ej`\002 \006L3o\177\311n\000\222\334=d\364h\300t\304\366\272\234\215(>\366\320\314\250C\361\304\307\256""; "
1750527684499,1750527684499,0,1,0,2,TMGetLedger,"itype: liBASE; ledgerHash: ""\247]\357\236\n\207}P\2654\026`\256u\276\r&\026K\315a\3337\216.\240\362\263\327]\372\325""; ledgerSeq: 48; queryType: qtINDIRECT; ","itype: liBASE; ledgerHash: ""\247]\357\236\n\207}P\2654\026`\256u\276\r&\026K\315a\3337\216.\240\362\263\327]\372\325""; ledgerSeq: 48; queryType: qtINDIRECT; "
1750527684500,1750527684500,0,1,0,4,TMGetLedger,"itype: liBASE; ledgerHash: ""\247]\357\236\n\207}P\2654\026`\256u\276\r&\026K\315a\3337\216.\240\362\263\327]\372\325""; ledgerSeq: 48; queryType: qtINDIRECT; ","itype: liBASE; ledgerHash: ""\247]\357\236\n\207}P\2654\026`\256u\276\r&\026K\315a\3337\216.\240\362\263\327]\372\325""; ledgerSeq: 48; queryType: qtINDIRECT; "
1750527684500,1750527684500,0,1,0,1,TMGetLedger,"itype: liBASE; ledgerHash: ""\247]\357\236\n\207}P\2654\026`\256u\276\r&\026K\315a\3337\216.\240\362\263\327]\372\325""; ledgerSeq: 48; queryType: qtINDIRECT; ","itype: liBASE; ledgerHash: ""\247]\357\236\n\207}P\2654\026`\256u\276\r&\026K\315a\3337\216.\240\362\263\327]\372\325""; ledgerSeq: 48; queryType: qtINDIRECT; "
1750527684501,1750527684501,0,1,3,4,TMLedgerData,"ledgerHash: ""\247]\357\236\n\207}P\2654\026`\256u\276\r&\026K\315a\3337\216.\240\362\263\327]\372\325""; ledgerSeq: 48; type: liBASE; nodes {;   nodedata: ""\000\000\0000\001cEx]\211\377\330]+$\302\005\224\270\033E\r\312\315}\200\2505\216\221\301\341\035[\247\325\236M^\360a\267\356\267\000\000\000\000\000\000\000\000\000\000\000\000\000\000\000\000\000\000\000\000\000\000\000\000\000\000\000\000\000\000\000\000\202\215i\323+\236l%(D\371!\01098=\330U\236\342\265\325\330\344@\324\372UAU\336\362/\351\253A/\351\253B\n\000""; }; nodes {;   nodedata: ""\323C\344\327\264{\312-\017:\006{\177\344N\002\326bO\260\220\006\033\362\345\005U\221DzJ0\001\301\025%1L\307\t\261\262z\374\222T\301\274V\236\223\262\270Ct\362\337b\356\024*\324\320\351\317\002k\336\234\027v\351\217\260\303\360\233ZPZWr\246$w\313\313\r\243r\232\2234\373\3539:N\004Q\245\272D\312D\300\300\t\323\0257\345e\271\na\215{\226\255x%T\257\037\333\004\344_/R\006E\344\037@\210\363\010\336T\226\247'\204_{\261\370""1\235\2445\343\033Y!\212\201\341\272\225'\007\202y\002E\360\010\250@O\375\330\214\354\302ES\263T\265\236Ez\333\354\321Fo\203\266\266\302>\013\003""; }; ","ledgerHash: ""\247]\357\236\n\207}P\2654\026`\256u\276\r&\026K\315a\3337\216.\240\362\263\327]\372\325""; ledgerSeq: 48; type: liBASE; nodes {;   nodedata: ""\000\000\0000\001cEx]\211\377\330]+$\302\005\224\270\033E\r\312\315}\200\2505\216\221\301\341\035[\247\325\236M^\360a\267\356\267\000\000\000\000\000\000\000\000\000\000\000\000\000\000\000\000\000\000\000\000\000\000\000\000\000\000\000\000\000\000\000\000\202\215i\323+\236l%(D\371!\01098=\330U\236\342\265\325\330\344@\324\372UAU\336\362/\351\253A/\351\253B\n\000""; }; nodes {;   nodedata: ""\323C\344\327\264{\312-\017:\006{\177\344N\002\326bO\260\220\006\033\362\345\005U\221DzJ0\001\301\025%1L\307\t\261\262z\374\222T\301\274V\236\223\262\270Ct\362\337b\356\024*\324\320\351\317\002k\336\234\027v\351\217\260\303\360\233ZPZWr\246$w\313\313\r\243r\232\2234\373\3539:N\004Q\245\272D\312D\300\300\t\323\0257\345e\271\na\215{\226\255x%T\257\037\333\004\344_/R\006E\344\037@\210\363\010\336T\226\247'\204_{\261\370""1\235\2445\343\033Y!\212\201\341\272\225'\007\202y\002E\360\010\250@O\375\330\214\354\302ES\263T\265\236Ez\333\354\321Fo\203\266\266\302>\013\003""; }; "
1750527684502,1750527684502,0,1,1,4,TMGetLedger,"itype: liBASE; ledgerHash: ""\247]\357\236\n\207}P\2654\026`\256u\276\r&\026K\315a\3337\216.\240\362\263\327]\372\325""; ledgerSeq: 48; queryType: qtINDIRECT; ","itype: liBASE; ledgerHash: ""\247]\357\236\n\207}P\2654\026`\256u\276\r&\026K\315a\3337\216.\240\362\263\327]\372\325""; ledgerSeq: 48; queryType: qtINDIRECT; "
1750527684502,1750527684502,0,1,3,4,TMLedgerData,"ledgerHash: ""\247]\357\236\n\207}P\2654\026`\256u\276\r&\026K\315a\3337\216.\240\362\263\327]\372\325""; ledgerSeq: 48; type: liBASE; nodes {;   nodedata: ""\000\000\0000\001cEx]\211\377\330]+$\302\005\224\270\033E\r\312\315}\200\2505\216\221\301\341\035[\247\325\236M^\360a\267\356\267\000\000\000\000\000\000\000\000\000\000\000\000\000\000\000\000\000\000\000\000\000\000\000\000\000\000\000\000\000\000\000\000\202\215i\323+\236l%(D\371!\01098=\330U\236\342\265\325\330\344@\324\372UAU\336\362/\351\253A/\351\253B\n\000""; }; nodes {;   nodedata: ""\323C\344\327\264{\312-\017:\006{\177\344N\002\326bO\260\220\006\033\362\345\005U\221DzJ0\001\301\025%1L\307\t\261\262z\374\222T\301\274V\236\223\262\270Ct\362\337b\356\024*\324\320\351\317\002k\336\234\027v\351\217\260\303\360\233ZPZWr\246$w\313\313\r\243r\232\2234\373\3539:N\004Q\245\272D\312D\300\300\t\323\0257\345e\271\na\215{\226\255x%T\257\037\333\004\344_/R\006E\344\037@\210\363\010\336T\226\247'\204_{\261\370""1\235\2445\343\033Y!\212\201\341\272\225'\007\202y\002E\360\010\250@O\375\330\214\354\302ES\263T\265\236Ez\333\354\321Fo\203\266\266\302>\013\003""; }; ","ledgerHash: ""\247]\357\236\n\207}P\2654\026`\256u\276\r&\026K\315a\3337\216.\240\362\263\327]\372\325""; ledgerSeq: 48; type: liBASE; nodes {;   nodedata: ""\000\000\0000\001cEx]\211\377\330]+$\302\005\224\270\033E\r\312\315}\200\2505\216\221\301\341\035[\247\325\236M^\360a\267\356\267\000\000\000\000\000\000\000\000\000\000\000\000\000\000\000\000\000\000\000\000\000\000\000\000\000\000\000\000\000\000\000\000\202\215i\323+\236l%(D\371!\01098=\330U\236\342\265\325\330\344@\324\372UAU\336\362/\351\253A/\351\253B\n\000""; }; nodes {;   nodedata: ""\323C\344\327\264{\312-\017:\006{\177\344N\002\326bO\260\220\006\033\362\345\005U\221DzJ0\001\301\025%1L\307\t\261\262z\374\222T\301\274V\236\223\262\270Ct\362\337b\356\024*\324\320\351\317\002k\336\234\027v\351\217\260\303\360\233ZPZWr\246$w\313\313\r\243r\232\2234\373\3539:N\004Q\245\272D\312D\300\300\t\323\0257\345e\271\na\215{\226\255x%T\257\037\333\004\344_/R\006E\344\037@\210\363\010\336T\226\247'\204_{\261\370""1\235\2445\343\033Y!\212\201\341\272\225'\007\202y\002E\360\010\250@O\375\330\214\354\302ES\263T\265\236Ez\333\354\321Fo\203\266\266\302>\013\003""; }; "
1750527684503,1750527684503,0,1,1,4,TMValidation,"validation: """"\200\000\000\001&\000\000\0000)/\351\253D:p\210\265\307-\212\200\004Q\247]\357\236\n\207}P\2654\026`\256u\276\r&\026K\315a\3337\216.\240\362\263\327]\372\325P\027\000\000\000\000\000\000\000\000\000\000\000\000\000\000\000\000\000\000\000\000\000\000\000\000\000\000\000\000\000\000\000\000P\031]+$\302\005\224\270\033E\r\312\315}\200\2505\216\221\301\341\035[\247\325\236M^\360a\267\356\267s!\002\364d\217\366\217|\316F\232\231\241\n\261\333`\312O\367\235\025DD\336e\367\n\312\326\221\037\025\230vG0E\002!\000\256\320\246\017TG\327\325\265J\310\360\223\215a\006\035S\233xC\005\210X\260I\001\021?Ej`\002 \006L3o\177\311n\000\222\334=d\364h\300t\304\366\272\234\215(>\366\320\314\250C\361\304\307\256""; ","validation: """"\200\000\000\001&\000\000\0000)/\351\253D:p\210\265\307-\212\200\004Q\247]\357\236\n\207}P\2654\026`\256u\276\r&\026K\315a\3337\216.\240\362\263\327]\372\325P\027\000\000\000\000\000\000\000\000\000\000\000\000\000\000\000\000\000\000\000\000\000\000\000\000\000\000\000\000\000\000\000\000P\031]+$\302\005\224\270\033E\r\312\315}\200\2505\216\221\301\341\035[\247\325\236M^\360a\267\356\267s!\002\364d\217\366\217|\316F\232\231\241\n\261\333`\312O\367\235\025DD\336e\367\n\312\326\221\037\025\230vG0E\002!\000\256\320\246\017TG\327\325\265J\310\360\223\215a\006\035S\233xC\005\210X\260I\001\021?Ej`\002 \006L3o\177\311n\000\222\334=d\364h\300t\304\366\272\234\215(>\366\320\314\250C\361\304\307\256""; "
1750527684503,1750527684504,0,1,0,3,TMGetLedger,"itype: liBASE; ledgerHash: ""\247]\357\236\n\207}P\2654\026`\256u\276\r&\026K\315a\3337\216.\240\362\263\327]\372\325""; requestCookie: 5; queryType: qtINDIRECT; ","itype: liBASE; ledgerHash: ""\247]\357\236\n\207}P\2654\026`\256u\276\r&\026K\315a\3337\216.\240\362\263\327]\372\325""; requestCookie: 5; queryType: qtINDIRECT; "
1750527684504,1750527684504,0,1,4,2,TMGetLedger,"itype: liBASE; ledgerHash: ""\247]\357\236\n\207}P\2654\026`\256u\276\r&\026K\315a\3337\216.\240\362\263\327]\372\325""; queryType: qtINDIRECT; ","itype: liBASE; ledgerHash: ""\247]\357\236\n\207}P\2654\026`\256u\276\r&\026K\315a\3337\216.\240\362\263\327]\372\325""; queryType: qtINDIRECT; "
1750527684504,1750527684504,0,1,4,2,TMGetLedger,"itype: liBASE; ledgerHash: ""\247]\357\236\n\207}P\2654\026`\256u\276\r&\026K\315a\3337\216.\240\362\263\327]\372\325""; ","itype: liBASE; ledgerHash: ""\247]\357\236\n\207}P\2654\026`\256u\276\r&\026K\315a\3337\216.\240\362\263\327]\372\325""; "
1750527684505,1750527684505,0,1,1,2,TMValidation,"validation: """"\200\000\000\001&\000\000\0000)/\351\253D:p\210\265\307-\212\200\004Q\247]\357\236\n\207}P\2654\026`\256u\276\r&\026K\315a\3337\216.\240\362\263\327]\372\325P\027\000\000\000\000\000\000\000\000\000\000\000\000\000\000\000\000\000\000\000\000\000\000\000\000\000\000\000\000\000\000\000\000P\031]+$\302\005\224\270\033E\r\312\315}\200\2505\216\221\301\341\035[\247\325\236M^\360a\267\356\267s!\002\364d\217\366\217|\316F\232\231\241\n\261\333`\312O\367\235\025DD\336e\367\n\312\326\221\037\025\230vG0E\002!\000\256\320\246\017TG\327\325\265J\310\360\223\215a\006\035S\233xC\005\210X\260I\001\021?Ej`\002 \006L3o\177\311n\000\222\334=d\364h\300t\304\366\272\234\215(>\366\320\314\250C\361\304\307\256""; ","validation: """"\200\000\000\001&\000\000\0000)/\351\253D:p\210\265\307-\212\200\004Q\247]\357\236\n\207}P\2654\026`\256u\276\r&\026K\315a\3337\216.\240\362\263\327]\372\325P\027\000\000\000\000\000\000\000\000\000\000\000\000\000\000\000\000\000\000\000\000\000\000\000\000\000\000\000\000\000\000\000\000P\031]+$\302\005\224\270\033E\r\312\315}\200\2505\216\221\301\341\035[\247\325\236M^\360a\267\356\267s!\002\364d\217\366\217|\316F\232\231\241\n\261\333`\312O\367\235\025DD\336e\367\n\312\326\221\037\025\230vG0E\002!\000\256\320\246\017TG\327\325\265J\310\360\223\215a\006\035S\233xC\005\210X\260I\001\021?Ej`\002 \006L3o\177\311n\000\222\334=d\364h\300t\304\366\272\234\215(>\366\320\314\250C\361\304\307\256""; "
1750527684505,1750527684505,0,1,1,2,TMGetLedger,"itype: liBASE; ledgerHash: ""\247]\357\236\n\207}P\2654\026`\256u\276\r&\026K\315a\3337\216.\240\362\263\327]\372\325""; ledgerSeq: 48; queryType: qtINDIRECT; ","itype: liBASE; ledgerHash: ""\247]\357\236\n\207}P\2654\026`\256u\276\r&\026K\315a\3337\216.\240\362\263\327]\372\325""; ledgerSeq: 48; queryType: qtINDIRECT; "
1750527684506,1750527684506,0,1,3,2,TMLedgerData,"ledgerHash: ""\247]\357\236\n\207}P\2654\026`\256u\276\r&\026K\315a\3337\216.\240\362\263\327]\372\325""; ledgerSeq: 48; type: liBASE; nodes {;   nodedata: ""\000\000\0000\001cEx]\211\377\330]+$\302\005\224\270\033E\r\312\315}\200\2505\216\221\301\341\035[\247\325\236M^\360a\267\356\267\000\000\000\000\000\000\000\000\000\000\000\000\000\000\000\000\000\000\000\000\000\000\000\000\000\000\000\000\000\000\000\000\202\215i\323+\236l%(D\371!\01098=\330U\236\342\265\325\330\344@\324\372UAU\336\362/\351\253A/\351\253B\n\000""; }; nodes {;   nodedata: ""\323C\344\327\264{\312-\017:\006{\177\344N\002\326bO\260\220\006\033\362\345\005U\221DzJ0\001\301\025%1L\307\t\261\262z\374\222T\301\274V\236\223\262\270Ct\362\337b\356\024*\324\320\351\317\002k\336\234\027v\351\217\260\303\360\233ZPZWr\246$w\313\313\r\243r\232\2234\373\3539:N\004Q\245\272D\312D\300\300\t\323\0257\345e\271\na\215{\226\255x%T\257\037\333\004\344_/R\006E\344\037@\210\363\010\336T\226\247'\204_{\261\370""1\235\2445\343\033Y!\212\201\341\272\225'\007\202y\002E\360\010\250@O\375\330\214\354\302ES\263T\265\236Ez\333\354\321Fo\203\266\266\302>\013\003""; }; ","ledgerHash: ""\247]\357\236\n\207}P\2654\026`\256u\276\r&\026K\315a\3337\216.\240\362\263\327]\372\325""; ledgerSeq: 48; type: liBASE; nodes {;   nodedata: ""\000\000\0000\001cEx]\211\377\330]+$\302\005\224\270\033E\r\312\315}\200\2505\216\221\301\341\035[\247\325\236M^\360a\267\356\267\000\000\000\000\000\000\000\000\000\000\000\000\000\000\000\000\000\000\000\000\000\000\000\000\000\000\000\000\000\000\000\000\202\215i\323+\236l%(D\371!\01098=\330U\236\342\265\325\330\344@\324\372UAU\336\362/\351\253A/\351\253B\n\000""; }; nodes {;   nodedata: ""\323C\344\327\264{\312-\017:\006{\177\344N\002\326bO\260\220\006\033\362\345\005U\221DzJ0\001\301\025%1L\307\t\261\262z\374\222T\301\274V\236\223\262\270Ct\362\337b\356\024*\324\320\351\317\002k\336\234\027v\351\217\260\303\360\233ZPZWr\246$w\313\313\r\243r\232\2234\373\3539:N\004Q\245\272D\312D\300\300\t\323\0257\345e\271\na\215{\226\255x%T\257\037\333\004\344_/R\006E\344\037@\210\363\010\336T\226\247'\204_{\261\370""1\235\2445\343\033Y!\212\201\341\272\225'\007\202y\002E\360\010\250@O\375\330\214\354\302ES\263T\265\236Ez\333\354\321Fo\203\266\266\302>\013\003""; }; "
1750527684507,1750527684507,0,1,4,3,TMGetLedger,"itype: liBASE; ledgerHash: ""\247]\357\236\n\207}P\2654\026`\256u\276\r&\026K\315a\3337\216.\240\362\263\327]\372\325""; ledgerSeq: 48; requestCookie: 3; queryType: qtINDIRECT; ","itype: liBASE; ledgerHash: ""\247]\357\236\n\207}P\2654\026`\256u\276\r&\026K\315a\3337\216.\240\362\263\327]\372\325""; ledgerSeq: 48; requestCookie: 3; queryType: qtINDIRECT; "
1750527684507,1750527684507,0,1,3,1,TMLedgerData,"ledgerHash: ""\247]\357\236\n\207}P\2654\026`\256u\276\r&\026K\315a\3337\216.\240\362\263\327]\372\325""; ledgerSeq: 48; type: liBASE; nodes {;   nodedata: ""\000\000\0000\001cEx]\211\377\330]+$\302\005\224\270\033E\r\312\315}\200\2505\216\221\301\341\035[\247\325\236M^\360a\267\356\267\000\000\000\000\000\000\000\000\000\000\000\000\000\000\000\000\000\000\000\000\000\000\000\000\000\000\000\000\000\000\000\000\202\215i\323+\236l%(D\371!\01098=\330U\236\342\265\325\330\344@\324\372UAU\336\362/\351\253A/\351\253B\n\000""; }; nodes {;   nodedata: ""\323C\344\327\264{\312-\017:\006{\177\344N\002\326bO\260\220\006\033\362\345\005U\221DzJ0\001\301\025%1L\307\t\261\262z\374\222T\301\274V\236\223\262\270Ct\362\337b\356\024*\324\320\351\317\002k\336\234\027v\351\217\260\303\360\233ZPZWr\246$w\313\313\r\243r\232\2234\373\3539:N\004Q\245\272D\312D\300\300\t\323\0257\345e\271\na\215{\226\255x%T\257\037\333\004\344_/R\006E\344\037@\210\363\010\336T\226\247'\204_{\261\370""1\235\2445\343\033Y!\212\201\341\272\225'\007\202y\002E\360\010\250@O\375\330\214\354\302ES\263T\265\236Ez\333\354\321Fo\203\266\266\302>\013\003""; }; ","ledgerHash: ""\247]\357\236\n\207}P\2654\026`\256u\276\r&\026K\315a\3337\216.\240\362\263\327]\372\325""; ledgerSeq: 48; type: liBASE; nodes {;   nodedata: ""\000\000\0000\001cEx]\211\377\330]+$\302\005\224\270\033E\r\312\315}\200\2505\216\221\301\341\035[\247\325\236M^\360a\267\356\267\000\000\000\000\000\000\000\000\000\000\000\000\000\000\000\000\000\000\000\000\000\000\000\000\000\000\000\000\000\000\000\000\202\215i\323+\236l%(D\371!\01098=\330U\236\342\265\325\330\344@\324\372UAU\336\362/\351\253A/\351\253B\n\000""; }; nodes {;   nodedata: ""\323C\344\327\264{\312-\017:\006{\177\344N\002\326bO\260\220\006\033\362\345\005U\221DzJ0\001\301\025%1L\307\t\261\262z\374\222T\301\274V\236\223\262\270Ct\362\337b\356\024*\324\320\351\317\002k\336\234\027v\351\217\260\303\360\233ZPZWr\246$w\313\313\r\243r\232\2234\373\3539:N\004Q\245\272D\312D\300\300\t\323\0257\345e\271\na\215{\226\255x%T\257\037\333\004\344_/R\006E\344\037@\210\363\010\336T\226\247'\204_{\261\370""1\235\2445\343\033Y!\212\201\341\272\225'\007\202y\002E\360\010\250@O\375\330\214\354\302ES\263T\265\236Ez\333\354\321Fo\203\266\266\302>\013\003""; }; "
1750527684508,1750527684508,0,1,3,1,TMLedgerData,"ledgerHash: ""\247]\357\236\n\207}P\2654\026`\256u\276\r&\026K\315a\3337\216.\240\362\263\327]\372\325""; ledgerSeq: 48; type: liBASE; nodes {;   nodedata: ""\000\000\0000\001cEx]\211\377\330]+$\302\005\224\270\033E\r\312\315}\200\2505\216\221\301\341\035[\247\325\236M^\360a\267\356\267\000\000\000\000\000\000\000\000\000\000\000\000\000\000\000\000\000\000\000\000\000\000\000\000\000\000\000\000\000\000\000\000\202\215i\323+\236l%(D\371!\01098=\330U\236\342\265\325\330\344@\324\372UAU\336\362/\351\253A/\351\253B\n\000""; }; nodes {;   nodedata: ""\323C\344\327\264{\312-\017:\006{\177\344N\002\326bO\260\220\006\033\362\345\005U\221DzJ0\001\301\025%1L\307\t\261\262z\374\222T\301\274V\236\223\262\270Ct\362\337b\356\024*\324\320\351\317\002k\336\234\027v\351\217\260\303\360\233ZPZWr\246$w\313\313\r\243r\232\2234\373\3539:N\004Q\245\272D\312D\300\300\t\323\0257\345e\271\na\215{\226\255x%T\257\037\333\004\344_/R\006E\344\037@\210\363\010\336T\226\247'\204_{\261\370""1\235\2445\343\033Y!\212\201\341\272\225'\007\202y\002E\360\010\250@O\375\330\214\354\302ES\263T\265\236Ez\333\354\321Fo\203\266\266\302>\013\003""; }; ","ledgerHash: ""\247]\357\236\n\207}P\2654\026`\256u\276\r&\026K\315a\3337\216.\240\362\263\327]\372\325""; ledgerSeq: 48; type: liBASE; nodes {;   nodedata: ""\000\000\0000\001cEx]\211\377\330]+$\302\005\224\270\033E\r\312\315}\200\2505\216\221\301\341\035[\247\325\236M^\360a\267\356\267\000\000\000\000\000\000\000\000\000\000\000\000\000\000\000\000\000\000\000\000\000\000\000\000\000\000\000\000\000\000\000\000\202\215i\323+\236l%(D\371!\01098=\330U\236\342\265\325\330\344@\324\372UAU\336\362/\351\253A/\351\253B\n\000""; }; nodes {;   nodedata: ""\323C\344\327\264{\312-\017:\006{\177\344N\002\326bO\260\220\006\033\362\345\005U\221DzJ0\001\301\025%1L\307\t\261\262z\374\222T\301\274V\236\223\262\270Ct\362\337b\356\024*\324\320\351\317\002k\336\234\027v\351\217\260\303\360\233ZPZWr\246$w\313\313\r\243r\232\2234\373\3539:N\004Q\245\272D\312D\300\300\t\323\0257\345e\271\na\215{\226\255x%T\257\037\333\004\344_/R\006E\344\037@\210\363\010\336T\226\247'\204_{\261\370""1\235\2445\343\033Y!\212\201\341\272\225'\007\202y\002E\360\010\250@O\375\330\214\354\302ES\263T\265\236Ez\333\354\321Fo\203\266\266\302>\013\003""; }; "
1750527684509,1750527684509,0,1,3,2,TMLedgerData,"ledgerHash: ""\247]\357\236\n\207}P\2654\026`\256u\276\r&\026K\315a\3337\216.\240\362\263\327]\372\325""; ledgerSeq: 48; type: liBASE; nodes {;   nodedata: ""\000\000\0000\001cEx]\211\377\330]+$\302\005\224\270\033E\r\312\315}\200\2505\216\221\301\341\035[\247\325\236M^\360a\267\356\267\000\000\000\000\000\000\000\000\000\000\000\000\000\000\000\000\000\000\000\000\000\000\000\000\000\000\000\000\000\000\000\000\202\215i\323+\236l%(D\371!\01098=\330U\236\342\265\325\330\344@\324\372UAU\336\362/\351\253A/\351\253B\n\000""; }; nodes {;   nodedata: ""\323C\344\327\264{\312-\017:\006{\177\344N\002\326bO\260\220\006\033\362\345\005U\221DzJ0\001\301\025%1L\307\t\261\262z\374\222T\301\274V\236\223\262\270Ct\362\337b\356\024*\324\320\351\317\002k\336\234\027v\351\217\260\303\360\233ZPZWr\246$w\313\313\r\243r\232\2234\373\3539:N\004Q\245\272D\312D\300\300\t\323\0257\345e\271\na\215{\226\255x%T\257\037\333\004\344_/R\006E\344\037@\210\363\010\336T\226\247'\204_{\261\370""1\235\2445\343\033Y!\212\201\341\272\225'\007\202y\002E\360\010\250@O\375\330\214\354\302ES\263T\265\236Ez\333\354\321Fo\203\266\266\302>\013\003""; }; ","ledgerHash: ""\247]\357\236\n\207}P\2654\026`\256u\276\r&\026K\315a\3337\216.\240\362\263\327]\372\325""; ledgerSeq: 48; type: liBASE; nodes {;   nodedata: ""\000\000\0000\001cEx]\211\377\330]+$\302\005\224\270\033E\r\312\315}\200\2505\216\221\301\341\035[\247\325\236M^\360a\267\356\267\000\000\000\000\000\000\000\000\000\000\000\000\000\000\000\000\000\000\000\000\000\000\000\000\000\000\000\000\000\000\000\000\202\215i\323+\236l%(D\371!\01098=\330U\236\342\265\325\330\344@\324\372UAU\336\362/\351\253A/\351\253B\n\000""; }; nodes {;   nodedata: ""\323C\344\327\264{\312-\017:\006{\177\344N\002\326bO\260\220\006\033\362\345\005U\221DzJ0\001\301\025%1L\307\t\261\262z\374\222T\301\274V\236\223\262\270Ct\362\337b\356\024*\324\320\351\317\002k\336\234\027v\351\217\260\303\360\233ZPZWr\246$w\313\313\r\243r\232\2234\373\3539:N\004Q\245\272D\312D\300\300\t\323\0257\345e\271\na\215{\226\255x%T\257\037\333\004\344_/R\006E\344\037@\210\363\010\336T\226\247'\204_{\261\370""1\235\2445\343\033Y!\212\201\341\272\225'\007\202y\002E\360\010\250@O\375\330\214\354\302ES\263T\265\236Ez\333\354\321Fo\203\266\266\302>\013\003""; }; "
1750527684509,1750527684509,0,1,1,0,TMGetLedger,"itype: liBASE; ledgerHash: ""\247]\357\236\n\207}P\2654\026`\256u\276\r&\026K\315a\3337\216.\240\362\263\327]\372\325""; ledgerSeq: 48; queryType: qtINDIRECT; ","itype: liBASE; ledgerHash: ""\247]\357\236\n\207}P\2654\026`\256u\276\r&\026K\315a\3337\216.\240\362\263\327]\372\325""; ledgerSeq: 48; queryType: qtINDIRECT; "
1750527684510,1750527684510,0,1,3,0,TMLedgerData,"ledgerHash: ""\247]\357\236\n\207}P\2654\026`\256u\276\r&\026K\315a\3337\216.\240\362\263\327]\372\325""; ledgerSeq: 48; type: liBASE; nodes {;   nodedata: ""\000\000\0000\001cEx]\211\377\330]+$\302\005\224\270\033E\r\312\315}\200\2505\216\221\301\341\035[\247\325\236M^\360a\267\356\267\000\000\000\000\000\000\000\000\000\000\000\000\000\000\000\000\000\000\000\000\000\000\000\000\000\000\000\000\000\000\000\000\202\215i\323+\236l%(D\371!\01098=\330U\236\342\265\325\330\344@\324\372UAU\336\362/\351\253A/\351\253B\n\000""; }; nodes {;   nodedata: ""\323C\344\327\264{\312-\017:\006{\177\344N\002\326bO\260\220\006\033\362\345\005U\221DzJ0\001\301\025%1L\307\t\261\262z\374\222T\301\274V\236\223\262\270Ct\362\337b\356\024*\324\320\351\317\002k\336\234\027v\351\217\260\303\360\233ZPZWr\246$w\313\313\r\243r\232\2234\373\3539:N\004Q\245\272D\312D\300\300\t\323\0257\345e\271\na\215{\226\255x%T\257\037\333\004\344_/R\006E\344\037@\210\363\010\336T\226\247'\204_{\261\370""1\235\2445\343\033Y!\212\201\341\272\225'\007\202y\002E\360\010\250@O\375\330\214\354\302ES\263T\265\236Ez\333\354\321Fo\203\266\266\302>\013\003""; }; ","ledgerHash: ""\247]\357\236\n\207}P\2654\026`\256u\276\r&\026K\315a\3337\216.\240\362\263\327]\372\325""; ledgerSeq: 48; type: liBASE; nodes {;   nodedata: ""\000\000\0000\001cEx]\211\377\330]+$\302\005\224\270\033E\r\312\315}\200\2505\216\221\301\341\035[\247\325\236M^\360a\267\356\267\000\000\000\000\000\000\000\000\000\000\000\000\000\000\000\000\000\000\000\000\000\000\000\000\000\000\000\000\000\000\000\000\202\215i\323+\236l%(D\371!\01098=\330U\236\342\265\325\330\344@\324\372UAU\336\362/\351\253A/\351\253B\n\000""; }; nodes {;   nodedata: ""\323C\344\327\264{\312-\017:\006{\177\344N\002\326bO\260\220\006\033\362\345\005U\221DzJ0\001\301\025%1L\307\t\261\262z\374\222T\301\274V\236\223\262\270Ct\362\337b\356\024*\324\320\351\317\002k\336\234\027v\351\217\260\303\360\233ZPZWr\246$w\313\313\r\243r\232\2234\373\3539:N\004Q\245\272D\312D\300\300\t\323\0257\345e\271\na\215{\226\255x%T\257\037\333\004\344_/R\006E\344\037@\210\363\010\336T\226\247'\204_{\261\370""1\235\2445\343\033Y!\212\201\341\272\225'\007\202y\002E\360\010\250@O\375\330\214\354\302ES\263T\265\236Ez\333\354\321Fo\203\266\266\302>\013\003""; }; "
1750527684510,1750527684511,0,1,1,0,TMValidation,"validation: """"\200\000\000\001&\000\000\0000)/\351\253D:p\210\265\307-\212\200\004Q\247]\357\236\n\207}P\2654\026`\256u\276\r&\026K\315a\3337\216.\240\362\263\327]\372\325P\027\000\000\000\000\000\000\000\000\000\000\000\000\000\000\000\000\000\000\000\000\000\000\000\000\000\000\000\000\000\000\000\000P\031]+$\302\005\224\270\033E\r\312\315}\200\2505\216\221\301\341\035[\247\325\236M^\360a\267\356\267s!\002\364d\217\366\217|\316F\232\231\241\n\261\333`\312O\367\235\025DD\336e\367\n\312\326\221\037\025\230vG0E\002!\000\256\320\246\017TG\327\325\265J\310\360\223\215a\006\035S\233xC\005\210X\260I\001\021?Ej`\002 \006L3o\177\311n\000\222\334=d\364h\300t\304\366\272\234\215(>\366\320\314\250C\361\304\307\256""; ","validation: """"\200\000\000\001&\000\000\0000)/\351\253D:p\210\265\307-\212\200\004Q\247]\357\236\n\207}P\2654\026`\256u\276\r&\026K\315a\3337\216.\240\362\263\327]\372\325P\027\000\000\000\000\000\000\000\000\000\000\000\000\000\000\000\000\000\000\000\000\000\000\000\000\000\000\000\000\000\000\000\000P\031]+$\302\005\224\270\033E\r\312\315}\200\2505\216\221\301\341\035[\247\325\236M^\360a\267\356\267s!\002\364d\217\366\217|\316F\232\231\241\n\261\333`\312O\367\235\025DD\336e\367\n\312\326\221\037\025\230vG0E\002!\000\256\320\246\017TG\327\325\265J\310\360\223\215a\006\035S\233xC\005\210X\260I\001\021?Ej`\002 \006L3o\177\311n\000\222\334=d\364h\300t\304\366\272\234\215(>\366\320\314\250C\361\304\307\256""; "
1750527684511,1750527684511,0,1,3,0,TMLedgerData,"ledgerHash: ""\247]\357\236\n\207}P\2654\026`\256u\276\r&\026K\315a\3337\216.\240\362\263\327]\372\325""; ledgerSeq: 48; type: liBASE; nodes {;   nodedata: ""\000\000\0000\001cEx]\211\377\330]+$\302\005\224\270\033E\r\312\315}\200\2505\216\221\301\341\035[\247\325\236M^\360a\267\356\267\000\000\000\000\000\000\000\000\000\000\000\000\000\000\000\000\000\000\000\000\000\000\000\000\000\000\000\000\000\000\000\000\202\215i\323+\236l%(D\371!\01098=\330U\236\342\265\325\330\344@\324\372UAU\336\362/\351\253A/\351\253B\n\000""; }; nodes {;   nodedata: ""\323C\344\327\264{\312-\017:\006{\177\344N\002\326bO\260\220\006\033\362\345\005U\221DzJ0\001\301\025%1L\307\t\261\262z\374\222T\301\274V\236\223\262\270Ct\362\337b\356\024*\324\320\351\317\002k\336\234\027v\351\217\260\303\360\233ZPZWr\246$w\313\313\r\243r\232\2234\373\3539:N\004Q\245\272D\312D\300\300\t\323\0257\345e\271\na\215{\226\255x%T\257\037\333\004\344_/R\006E\344\037@\210\363\010\336T\226\247'\204_{\261\370""1\235\2445\343\033Y!\212\201\341\272\225'\007\202y\002E\360\010\250@O\375\330\214\354\302ES\263T\265\236Ez\333\354\321Fo\203\266\266\302>\013\003""; }; ","ledgerHash: ""\247]\357\236\n\207}P\2654\026`\256u\276\r&\026K\315a\3337\216.\240\362\263\327]\372\325""; ledgerSeq: 48; type: liBASE; nodes {;   nodedata: ""\000\000\0000\001cEx]\211\377\330]+$\302\005\224\270\033E\r\312\315}\200\2505\216\221\301\341\035[\247\325\236M^\360a\267\356\267\000\000\000\000\000\000\000\000\000\000\000\000\000\000\000\000\000\000\000\000\000\000\000\000\000\000\000\000\000\000\000\000\202\215i\323+\236l%(D\371!\01098=\330U\236\342\265\325\330\344@\324\372UAU\336\362/\351\253A/\351\253B\n\000""; }; nodes {;   nodedata: ""\323C\344\327\264{\312-\017:\006{\177\344N\002\326bO\260\220\006\033\362\345\005U\221DzJ0\001\301\025%1L\307\t\261\262z\374\222T\301\274V\236\223\262\270Ct\362\337b\356\024*\324\320\351\317\002k\336\234\027v\351\217\260\303\360\233ZPZWr\246$w\313\313\r\243r\232\2234\373\3539:N\004Q\245\272D\312D\300\300\t\323\0257\345e\271\na\215{\226\255x%T\257\037\333\004\344_/R\006E\344\037@\210\363\010\336T\226\247'\204_{\261\370""1\235\2445\343\033Y!\212\201\341\272\225'\007\202y\002E\360\010\250@O\375\330\214\354\302ES\263T\265\236Ez\333\354\321Fo\203\266\266\302>\013\003""; }; "
1750527684511,1750527684512,0,1,4,3,TMGetLedger,"itype: liBASE; ledgerHash: ""\247]\357\236\n\207}P\2654\026`\256u\276\r&\026K\315a\3337\216.\240\362\263\327]\372\325""; ledgerSeq: 48; requestCookie: 1; queryType: qtINDIRECT; ","itype: liBASE; ledgerHash: ""\247]\357\236\n\207}P\2654\026`\256u\276\r&\026K\315a\3337\216.\240\362\263\327]\372\325""; ledgerSeq: 48; requestCookie: 1; queryType: qtINDIRECT; "
1750527684512,1750527684512,0,1,4,3,TMGetLedger,"itype: liAS_NODE; ledgerHash: ""\247]\357\236\n\207}P\2654\026`\256u\276\r&\026K\315a\3337\216.\240\362\263\327]\372\325""; ledgerSeq: 48; nodeIDs: ""\260\000\000\000\000\000\000\000\000\000\000\000\000\000\000\000\000\000\000\000\000\000\000\000\000\000\000\000\000\000\000\000\001""; queryType: qtINDIRECT; queryDepth: 1; ","itype: liAS_NODE; ledgerHash: ""\247]\357\236\n\207}P\2654\026`\256u\276\r&\026K\315a\3337\216.\240\362\263\327]\372\325""; ledgerSeq: 48; nodeIDs: ""\260\000\000\000\000\000\000\000\000\000\000\000\000\000\000\000\000\000\000\000\000\000\000\000\000\000\000\000\000\000\000\000\001""; queryType: qtINDIRECT; queryDepth: 1; "
1750527684513,1750527684513,0,1,4,3,TMGetLedger,"itype: liBASE; ledgerHash: ""\247]\357\236\n\207}P\2654\026`\256u\276\r&\026K\315a\3337\216.\240\362\263\327]\372\325""; ledgerSeq: 48; requestCookie: 2; queryType: qtINDIRECT; ","itype: liBASE; ledgerHash: ""\247]\357\236\n\207}P\2654\026`\256u\276\r&\026K\315a\3337\216.\240\362\263\327]\372\325""; ledgerSeq: 48; requestCookie: 2; queryType: qtINDIRECT; "
1750527684513,1750527684513,0,1,3,0,TMLedgerData,"ledgerHash: ""\247]\357\236\n\207}P\2654\026`\256u\276\r&\026K\315a\3337\216.\240\362\263\327]\372\325""; ledgerSeq: 48; type: liBASE; nodes {;   nodedata: ""\000\000\0000\001cEx]\211\377\330]+$\302\005\224\270\033E\r\312\315}\200\2505\216\221\301\341\035[\247\325\236M^\360a\267\356\267\000\000\000\000\000\000\000\000\000\000\000\000\000\000\000\000\000\000\000\000\000\000\000\000\000\000\000\000\000\000\000\000\202\215i\323+\236l%(D\371!\01098=\330U\236\342\265\325\330\344@\324\372UAU\336\362/\351\253A/\351\253B\n\000""; }; nodes {;   nodedata: ""\323C\344\327\264{\312-\017:\006{\177\344N\002\326bO\260\220\006\033\362\345\005U\221DzJ0\001\301\025%1L\307\t\261\262z\374\222T\301\274V\236\223\262\270Ct\362\337b\356\024*\324\320\351\317\002k\336\234\027v\351\217\260\303\360\233ZPZWr\246$w\313\313\r\243r\232\2234\373\3539:N\004Q\245\272D\312D\300\300\t\323\0257\345e\271\na\215{\226\255x%T\257\037\333\004\344_/R\006E\344\037@\210\363\010\336T\226\247'\204_{\261\370""1\235\2445\343\033Y!\212\201\341\272\225'\007\202y\002E\360\010\250@O\375\330\214\354\302ES\263T\265\236Ez\333\354\321Fo\203\266\266\302>\013\003""; }; requestCookie: 5; ","ledgerHash: ""\247]\357\236\n\207}P\2654\026`\256u\276\r&\026K\315a\3337\216.\240\362\263\327]\372\325""; ledgerSeq: 48; type: liBASE; nodes {;   nodedata: ""\000\000\0000\001cEx]\211\377\330]+$\302\005\224\270\033E\r\312\315}\200\2505\216\221\301\341\035[\247\325\236M^\360a\267\356\267\000\000\000\000\000\000\000\000\000\000\000\000\000\000\000\000\000\000\000\000\000\000\000\000\000\000\000\000\000\000\000\000\202\215i\323+\236l%(D\371!\01098=\330U\236\342\265\325\330\344@\324\372UAU\336\362/\351\253A/\351\253B\n\000""; }; nodes {;   nodedata: ""\323C\344\327\264{\312-\017:\006{\177\344N\002\326bO\260\220\006\033\362\345\005U\221DzJ0\001\301\025%1L\307\t\261\262z\374\222T\301\274V\236\223\262\270Ct\362\337b\356\024*\324\320\351\317\002k\336\234\027v\351\217\260\303\360\233ZPZWr\246$w\313\313\r\243r\232\2234\373\3539:N\004Q\245\272D\312D\300\300\t\323\0257\345e\271\na\215{\226\255x%T\257\037\333\004\344_/R\006E\344\037@\210\363\010\336T\226\247'\204_{\261\370""1\235\2445\343\033Y!\212\201\341\272\225'\007\202y\002E\360\010\250@O\375\330\214\354\302ES\263T\265\236Ez\333\354\321Fo\203\266\266\302>\013\003""; }; requestCookie: 5; "
1750527684514,1750527684514,0,1,2,3,TMGetLedger,"itype: liBASE; ledgerHash: ""\247]\357\236\n\207}P\2654\026`\256u\276\r&\026K\315a\3337\216.\240\362\263\327]\372\325""; ledgerSeq: 48; requestCookie: 3; queryType: qtINDIRECT; ","itype: liBASE; ledgerHash: ""\247]\357\236\n\207}P\2654\026`\256u\276\r&\026K\315a\3337\216.\240\362\263\327]\372\325""; ledgerSeq: 48; requestCookie: 3; queryType: qtINDIRECT; "
1750527684515,1750527684515,0,1,2,3,TMGetLedger,"itype: liBASE; ledgerHash: ""\247]\357\236\n\207}P\2654\026`\256u\276\r&\026K\315a\3337\216.\240\362\263\327]\372\325""; requestCookie: 5; queryType: qtINDIRECT; ","itype: liBASE; ledgerHash: ""\247]\357\236\n\207}P\2654\026`\256u\276\r&\026K\315a\3337\216.\240\362\263\327]\372\325""; requestCookie: 5; queryType: qtINDIRECT; "
1750527684516,1750527684516,0,1,2,3,TMGetLedger,"itype: liBASE; ledgerHash: ""\247]\357\236\n\207}P\2654\026`\256u\276\r&\026K\315a\3337\216.\240\362\263\327]\372\325""; ledgerSeq: 48; requestCookie: 2; queryType: qtINDIRECT; ","itype: liBASE; ledgerHash: ""\247]\357\236\n\207}P\2654\026`\256u\276\r&\026K\315a\3337\216.\240\362\263\327]\372\325""; ledgerSeq: 48; requestCookie: 2; queryType: qtINDIRECT; "
1750527684516,1750527684516,0,1,3,4,TMLedgerData,"ledgerHash: ""\247]\357\236\n\207}P\2654\026`\256u\276\r&\026K\315a\3337\216.\240\362\263\327]\372\325""; ledgerSeq: 48; type: liBASE; nodes {;   nodedata: ""\000\000\0000\001cEx]\211\377\330]+$\302\005\224\270\033E\r\312\315}\200\2505\216\221\301\341\035[\247\325\236M^\360a\267\356\267\000\000\000\000\000\000\000\000\000\000\000\000\000\000\000\000\000\000\000\000\000\000\000\000\000\000\000\000\000\000\000\000\202\215i\323+\236l%(D\371!\01098=\330U\236\342\265\325\330\344@\324\372UAU\336\362/\351\253A/\351\253B\n\000""; }; nodes {;   nodedata: ""\323C\344\327\264{\312-\017:\006{\177\344N\002\326bO\260\220\006\033\362\345\005U\221DzJ0\001\301\025%1L\307\t\261\262z\374\222T\301\274V\236\223\262\270Ct\362\337b\356\024*\324\320\351\317\002k\336\234\027v\351\217\260\303\360\233ZPZWr\246$w\313\313\r\243r\232\2234\373\3539:N\004Q\245\272D\312D\300\300\t\323\0257\345e\271\na\215{\226\255x%T\257\037\333\004\344_/R\006E\344\037@\210\363\010\336T\226\247'\204_{\261\370""1\235\2445\343\033Y!\212\201\341\272\225'\007\202y\002E\360\010\250@O\375\330\214\354\302ES\263T\265\236Ez\333\354\321Fo\203\266\266\302>\013\003""; }; requestCookie: 3; ","ledgerHash: ""\247]\357\236\n\207}P\2654\026`\256u\276\r&\026K\315a\3337\216.\240\362\263\327]\372\325""; ledgerSeq: 48; type: liBASE; nodes {;   nodedata: ""\000\000\0000\001cEx]\211\377\330]+$\302\005\224\270\033E\r\312\315}\200\2505\216\221\301\341\035[\247\325\236M^\360a\267\356\267\000\000\000\000\000\000\000\000\000\000\000\000\000\000\000\000\000\000\000\000\000\000\000\000\000\000\000\000\000\000\000\000\202\215i\323+\236l%(D\371!\01098=\330U\236\342\265\325\330\344@\324\372UAU\336\362/\351\253A/\351\253B\n\000""; }; nodes {;   nodedata: ""\323C\344\327\264{\312-\017:\006{\177\344N\002\326bO\260\220\006\033\362\345\005U\221DzJ0\001\301\025%1L\307\t\261\262z\374\222T\301\274V\236\223\262\270Ct\362\337b\356\024*\324\320\351\317\002k\336\234\027v\351\217\260\303\360\233ZPZWr\246$w\313\313\r\243r\232\2234\373\3539:N\004Q\245\272D\312D\300\300\t\323\0257\345e\271\na\215{\226\255x%T\257\037\333\004\344_/R\006E\344\037@\210\363\010\336T\226\247'\204_{\261\370""1\235\2445\343\033Y!\212\201\341\272\225'\007\202y\002E\360\010\250@O\375\330\214\354\302ES\263T\265\236Ez\333\354\321Fo\203\266\266\302>\013\003""; }; requestCookie: 3; "
1750527684517,1750527684517,0,1,1,3,TMGetLedger,"itype: liBASE; ledgerHash: ""\247]\357\236\n\207}P\2654\026`\256u\276\r&\026K\315a\3337\216.\240\362\263\327]\372\325""; requestCookie: 5; queryType: qtINDIRECT; ","itype: liBASE; ledgerHash: ""\247]\357\236\n\207}P\2654\026`\256u\276\r&\026K\315a\3337\216.\240\362\263\327]\372\325""; requestCookie: 5; queryType: qtINDIRECT; "
1750527684517,1750527684517,0,1,1,3,TMGetLedger,"itype: liBASE; ledgerHash: ""\247]\357\236\n\207}P\2654\026`\256u\276\r&\026K\315a\3337\216.\240\362\263\327]\372\325""; ledgerSeq: 48; requestCookie: 2; queryType: qtINDIRECT; ","itype: liBASE; ledgerHash: ""\247]\357\236\n\207}P\2654\026`\256u\276\r&\026K\315a\3337\216.\240\362\263\327]\372\325""; ledgerSeq: 48; requestCookie: 2; queryType: qtINDIRECT; "
1750527684518,1750527684518,0,1,1,3,TMGetLedger,"itype: liBASE; ledgerHash: ""\247]\357\236\n\207}P\2654\026`\256u\276\r&\026K\315a\3337\216.\240\362\263\327]\372\325""; ledgerSeq: 48; requestCookie: 3; queryType: qtINDIRECT; ","itype: liBASE; ledgerHash: ""\247]\357\236\n\207}P\2654\026`\256u\276\r&\026K\315a\3337\216.\240\362\263\327]\372\325""; ledgerSeq: 48; requestCookie: 3; queryType: qtINDIRECT; "
1750527684518,1750527684518,0,1,1,3,TMGetLedger,"itype: liAS_NODE; ledgerHash: ""\247]\357\236\n\207}P\2654\026`\256u\276\r&\026K\315a\3337\216.\240\362\263\327]\372\325""; ledgerSeq: 48; nodeIDs: ""\260\000\000\000\000\000\000\000\000\000\000\000\000\000\000\000\000\000\000\000\000\000\000\000\000\000\000\000\000\000\000\000\001""; queryType: qtINDIRECT; queryDepth: 1; ","itype: liAS_NODE; ledgerHash: ""\247]\357\236\n\207}P\2654\026`\256u\276\r&\026K\315a\3337\216.\240\362\263\327]\372\325""; ledgerSeq: 48; nodeIDs: ""\260\000\000\000\000\000\000\000\000\000\000\000\000\000\000\000\000\000\000\000\000\000\000\000\000\000\000\000\000\000\000\000\001""; queryType: qtINDIRECT; queryDepth: 1; "
1750527684519,1750527684519,0,1,0,3,TMGetLedger,"itype: liBASE; ledgerHash: ""\247]\357\236\n\207}P\2654\026`\256u\276\r&\026K\315a\3337\216.\240\362\263\327]\372\325""; ledgerSeq: 48; requestCookie: 2; queryType: qtINDIRECT; ","itype: liBASE; ledgerHash: ""\247]\357\236\n\207}P\2654\026`\256u\276\r&\026K\315a\3337\216.\240\362\263\327]\372\325""; ledgerSeq: 48; requestCookie: 2; queryType: qtINDIRECT; "
1750527684519,1750527684519,0,1,2,3,TMGetLedger,"itype: liAS_NODE; ledgerHash: ""\247]\357\236\n\207}P\2654\026`\256u\276\r&\026K\315a\3337\216.\240\362\263\327]\372\325""; ledgerSeq: 48; nodeIDs: ""\260\000\000\000\000\000\000\000\000\000\000\000\000\000\000\000\000\000\000\000\000\000\000\000\000\000\000\000\000\000\000\000\001""; queryType: qtINDIRECT; queryDepth: 1; ","itype: liAS_NODE; ledgerHash: ""\247]\357\236\n\207}P\2654\026`\256u\276\r&\026K\315a\3337\216.\240\362\263\327]\372\325""; ledgerSeq: 48; nodeIDs: ""\260\000\000\000\000\000\000\000\000\000\000\000\000\000\000\000\000\000\000\000\000\000\000\000\000\000\000\000\000\000\000\000\001""; queryType: qtINDIRECT; queryDepth: 1; "
1750527684520,1750527684520,0,1,0,3,TMGetLedger,"itype: liBASE; ledgerHash: ""\247]\357\236\n\207}P\2654\026`\256u\276\r&\026K\315a\3337\216.\240\362\263\327]\372\325""; ledgerSeq: 48; requestCookie: 3; queryType: qtINDIRECT; ","itype: liBASE; ledgerHash: ""\247]\357\236\n\207}P\2654\026`\256u\276\r&\026K\315a\3337\216.\240\362\263\327]\372\325""; ledgerSeq: 48; requestCookie: 3; queryType: qtINDIRECT; "
1750527684521,1750527684521,0,1,0,3,TMGetLedger,"itype: liAS_NODE; ledgerHash: ""\247]\357\236\n\207}P\2654\026`\256u\276\r&\026K\315a\3337\216.\240\362\263\327]\372\325""; ledgerSeq: 48; nodeIDs: ""\260\000\000\000\000\000\000\000\000\000\000\000\000\000\000\000\000\000\000\000\000\000\000\000\000\000\000\000\000\000\000\000\001""; queryType: qtINDIRECT; queryDepth: 1; ","itype: liAS_NODE; ledgerHash: ""\247]\357\236\n\207}P\2654\026`\256u\276\r&\026K\315a\3337\216.\240\362\263\327]\372\325""; ledgerSeq: 48; nodeIDs: ""\260\000\000\000\000\000\000\000\000\000\000\000\000\000\000\000\000\000\000\000\000\000\000\000\000\000\000\000\000\000\000\000\001""; queryType: qtINDIRECT; queryDepth: 1; "
1750527684521,1750527684522,0,1,3,4,TMLedgerData,"ledgerHash: ""\247]\357\236\n\207}P\2654\026`\256u\276\r&\026K\315a\3337\216.\240\362\263\327]\372\325""; ledgerSeq: 48; type: liBASE; nodes {;   nodedata: ""\000\000\0000\001cEx]\211\377\330]+$\302\005\224\270\033E\r\312\315}\200\2505\216\221\301\341\035[\247\325\236M^\360a\267\356\267\000\000\000\000\000\000\000\000\000\000\000\000\000\000\000\000\000\000\000\000\000\000\000\000\000\000\000\000\000\000\000\000\202\215i\323+\236l%(D\371!\01098=\330U\236\342\265\325\330\344@\324\372UAU\336\362/\351\253A/\351\253B\n\000""; }; nodes {;   nodedata: ""\323C\344\327\264{\312-\017:\006{\177\344N\002\326bO\260\220\006\033\362\345\005U\221DzJ0\001\301\025%1L\307\t\261\262z\374\222T\301\274V\236\223\262\270Ct\362\337b\356\024*\324\320\351\317\002k\336\234\027v\351\217\260\303\360\233ZPZWr\246$w\313\313\r\243r\232\2234\373\3539:N\004Q\245\272D\312D\300\300\t\323\0257\345e\271\na\215{\226\255x%T\257\037\333\004\344_/R\006E\344\037@\210\363\010\336T\226\247'\204_{\261\370""1\235\2445\343\033Y!\212\201\341\272\225'\007\202y\002E\360\010\250@O\375\330\214\354\302ES\263T\265\236Ez\333\354\321Fo\203\266\266\302>\013\003""; }; requestCookie: 1; ","ledgerHash: ""\247]\357\236\n\207}P\2654\026`\256u\276\r&\026K\315a\3337\216.\240\362\263\327]\372\325""; ledgerSeq: 48; type: liBASE; nodes {;   nodedata: ""\000\000\0000\001cEx]\211\377\330]+$\302\005\224\270\033E\r\312\315}\200\2505\216\221\301\341\035[\247\325\236M^\360a\267\356\267\000\000\000\000\000\000\000\000\000\000\000\000\000\000\000\000\000\000\000\000\000\000\000\000\000\000\000\000\000\000\000\000\202\215i\323+\236l%(D\371!\01098=\330U\236\342\265\325\330\344@\324\372UAU\336\362/\351\253A/\351\253B\n\000""; }; nodes {;   nodedata: ""\323C\344\327\264{\312-\017:\006{\177\344N\002\326bO\260\220\006\033\362\345\005U\221DzJ0\001\301\025%1L\307\t\261\262z\374\222T\301\274V\236\223\262\270Ct\362\337b\356\024*\324\320\351\317\002k\336\234\027v\351\217\260\303\360\233ZPZWr\246$w\313\313\r\243r\232\2234\373\3539:N\004Q\245\272D\312D\300\300\t\323\0257\345e\271\na\215{\226\255x%T\257\037\333\004\344_/R\006E\344\037@\210\363\010\336T\226\247'\204_{\261\370""1\235\2445\343\033Y!\212\201\341\272\225'\007\202y\002E\360\010\250@O\375\330\214\354\302ES\263T\265\236Ez\333\354\321Fo\203\266\266\302>\013\003""; }; requestCookie: 1; "
1750527684522,1750527684523,0,1,3,4,TMLedgerData,"ledgerHash: ""\247]\357\236\n\207}P\2654\026`\256u\276\r&\026K\315a\3337\216.\240\362\263\327]\372\325""; ledgerSeq: 48; type: liAS_NODE; nodes {;   nodedata: ""\021\000h""\000\000\000\000 \033\000\000\000/\002\023\306?\330\356GuH\375\327!\255\371\r\231\262R\256J\034\222\241\355X\265E\241^W\225\304\014\361CX-}\351f\032\255\274\334m\326c\017\014ao[\342\230\003\245\245\3341Hm\326^\017jy\335\261\032Yt\320\244{g\0306\\302\303*\341\215\223\257\364\277o\375\000r\241SOq\221\253\262\005\017\375T\356\014\360o'\030\311-\267\031\257!\031T\006><\315XM\334\324\345\034\000\325\367\240\271\013\265\024\321\362\354\211\250.\234s\225amc\305\035\366\276\037nD\277`\210\223N\3535\033\261\304f\331]\036\237\306o!\223\221\002\324\031\262\240R\177 ,\214\325\Q])\016\2067\277\t\354\010\000\360\215\2502\265\245\310\226\243c\302Ze\306\253#r\020\211\320iG\276\020E\317\035Sf\223F\254\033@\177e\277\016\010u\327\371&\262\312\317Q\2361t\377x\234\001v\003%\030\325_\225g\204\346a=\225\273\331\354\365*U\363\263N\367b\371\244\314-w\363\262\225Z\200\206\235\233\257?sE\2674\254\326mU\377?\177Ek\336\030!\316Aa\225\303\022\377{\210Y\226\271as\354L\035\004\341\361\035\301\024\220m#*\372\032\3178~\374\250\014*\323\342'z69\220\327\256\351G\367\317u\302\207\270b\315\333\333\334\310I\323&\014\352XZnW2.\335\347\202\021\247\362\212e\034\000\001\250\220\305;a\314\265R\310\017\317\331\235\360\262\240:\277\202\266\354\265X""\022\nh\252\352w\204\203\023]\001f\352\277\0031Q]\362\370R\350{\261\202\240\344\215\201\353\276\322p5p\350\354\017>\250r\241c\273\016\301\024\363\242\247\263\231\370\344\nBW\220K\316@3\243\200\036wk\253GSlU\010\360\231>\331\263H\214\324\030A\225\301o\346pkSF\004\241\213w9\223=\250\262*+\255\351r\265\244c\024\213\t\007`\223\325#\3477\210\345P\306\013\320\252[\0216+\227=`\371P\314\346 V7\271[~\n\237\274|\347\352@K\253~&\260\032\024\004B\200\255h\351\013\361\031:nG\211\005|\2003\266\274\251,W\006u\344\335d\003\306\212\313,\340\350bG\n\030Z\2732-\246\312\255\030\003\235207\005}D\260\0261ah\322M\304\216\273m0\271\234\237\007<w$\265C\245\232\033\023\313c\321B\032l\301h\005\320\252\301\361(\330[\343\357\343{\235\n\266g\272>\177\317\347\261qb&\270&\346ju\200\363N\320\307\004\034\001n\317\361\2653\254\2503\247\305\372\316W\022O\253x\250\025\373\247\354Tc\304\263\243^\352Gv\\264\261\r\035\226\306\2411\351\233\203\215\200$\231\300f\220\371c@\017\254\363\\371\340\340VaR\205~^\226\342t\360\022\204d\231\205)\272\364?\361!\334\331\315\254\230\rBG\314\023\246\244=\351\177\254\302b&\276+H;0\312\021&\275\036\237\350R\313\206R\331\304k\323u\263t\221\213yC\241\217A\242\027g\322\241'\212.E?B_\316\327\217J +\370\t^b\005\020\003\211\373\247|hC\271Nmk~J\270EU\274\036-\347\240\312FA\321\341bca\253\025\321\311\317\021\375\317\217\n\272\033o\353G>\275\361H\265\240\232um""\317\324`\214\221\314\000\211K\223+(""\200i \311\372g\254\343ZR0\224\275q\252\357\213\263\206N\357&Q\217\267\303\356I\236\357\264\311b\037\366\035\253\343\311\265\240\327q\206f\262ODi\215-\363>\034\236l\273\005G\316F\217}[\036\007\270:\260\335\271B\241N\345\330\204\327f\361\272Kb\0377p\334\264\237\177~\330]\252+:\317u\302h\n\351\n\364\231\277R\371\356\033y\265v\360Ny\246\332qY\262\231\251\n\305\334\202\305\362\n\367@k\231\016R:\327\242\366\242\253LZY\223$Gw^\203\302\311\316I7\371tTwp}\005|\372\214\251{R`\230V\244-\326I\351\255\325i\335\377\321\353\327\331\302\023\347y\016\263\271\317\306\017UV\314qu?\0064A\315{3D\010\016S\212\2353k0\361\214ID\303g\277\010Y_\001~\021\333\370\255\374\\331\306\255\336)\365Rth\024\t\300.M\315\321S\257\224\252\362\326P\316\303%nX\3742\333\036\004Y\264yG^\234\177\214\305q\237\274G\300a4\275\240s\215\222\210\016\020G\344=-:GK\312\035\271\201\350\376F\260G\347\000\235\365P6pmH\033\373\212c\377o\232\356\320D\002\277,]os{\354/?\312e\006wda\001\023\375\316\025\254\321\244\370+Y`\220\270\254\2601E[FI\310\235<qI \356\032v%\001\230\016\203\200\251UD\347\304\373\034\211\340@\342\033\263\365\356\341\357\350\324\035J\032\177\230\207\220\303+\207\352g\317N\027>\222M\271m\033\236\021:\272\233r\373\233hC}\256\020\210\010\233\335\025[ d(\343\263\327\177\030\246\254H\277\254E\231\006\033_lB\210\264\334Y\322\314\362\320L\000Q\240\317\3502\006,|\364\004\275\034\006\337\370""\330\364\202\314\315\311?\030\260\361u)\336\202\265Y\177X\227$\245tCB\345\314d\231A\300\204\371KJ\036\321\330\014]""EN\266$]\331\226c\351\312\376z\254\214\206B\274&M\032\376v\266\3104u)\r\312\021\273\030jJH\215G4\367fQ;\255\3404\372\225\341L\224\242\200VY\220\355\020\353I\n\363\266\036\311\003OR\250""\032\230\021]+$\302\005\224\270\033E\r\312\315}\200\2505\216\221\301\341\035[\247\325\236M^\360a\267\356\267\264\227\2326\315\307\363\323\325\303\032N\256*\307\327 \235\332\207u\210\271\257\306g\231i*\260\326k\001"";   nodeid: ""\260\000\000\000\000\000\000\000\000\000\000\000\000\000\000\000\000\000\000\000\000\000\000\000\000\000\000\000\000\000\000\000\001""; }; ","ledgerHash: ""\247]\357\236\n\207}P\2654\026`\256u\276\r&\026K\315a\3337\216.\240\362\263\327]\372\325""; ledgerSeq: 48; type: liAS_NODE; nodes {;   nodedata: ""\021\000h""\000\000\000\000 \033\000\000\000/\002\023\306?\330\356GuH\375\327!\255\371\r\231\262R\256J\034\222\241\355X\265E\241^W\225\304\014\361CX-}\351f\032\255\274\334m\326c\017\014ao[\342\230\003\245\245\3341Hm\326^\017jy\335\261\032Yt\320\244{g\0306\\302\303*\341\215\223\257\364\277o\375\000r\241SOq\221\253\262\005\017\375T\356\014\360o'\030\311-\267\031\257!\031T\006><\315XM\334\324\345\034\000\325\367\240\271\013\265\024\321\362\354\211\250.\234s\225amc\305\035\366\276\037nD\277`\210\223N\3535\033\261\304f\331]\036\237\306o!\223\221\002\324\031\262\240R\177 ,\214\325\Q])\016\2067\277\t\354\010\000\360\215\2502\265\245\310\226\243c\302Ze\306\253#r\020\211\320iG\276\020E\317\035Sf\223F\254\033@\177e\277\016\010u\327\371&\262\312\317Q\2361t\377x\234\001v\003%\030\325_\225g\204\346a=\225\273\331\354\365*U\363\263N\367b\371\244\314-w\363\262\225Z\200\206\235\233\257?sE\2674\254\326mU\377?\177Ek\336\030!\316Aa\225\303\022\377{\210Y\226\271as\354L\035\004\341\361\035\301\024\220m#*\372\032\3178~\374\250\014*\323\342'z69\220\327\256\351G\367\317u\302\207\270b\315\333\333\334\310I\323&\014\352XZnW2.\335\347\202\021\247\362\212e\034\000\001\250\220\305;a\314\265R\310\017\317\331\235\360\262\240:\277\202\266\354\265X""\022\nh\252\352w\204\203\023]\001f\352\277\0031Q]\362\370R\350{\261\202\240\344\215\201\353\276\322p5p\350\354\017>\250r\241c\273\016\301\024\363\242\247\263\231\370\344\nBW\220K\316@3\243\200\036wk\253GSlU\010\360\231>\331\263H\214\324\030A\225\301o\346pkSF\004\241\213w9\223=\250\262*+\255\351r\265\244c\024\213\t\007`\223\325#\3477\210\345P\306\013\320\252[\0216+\227=`\371P\314\346 V7\271[~\n\237\274|\347\352@K\253~&\260\032\024\004B\200\255h\351\013\361\031:nG\211\005|\2003\266\274\251,W\006u\344\335d\003\306\212\313,\340\350bG\n\030Z\2732-\246\312\255\030\003\235207\005}D\260\0261ah\322M\304\216\273m0\271\234\237\007<w$\265C\245\232\033\023\313c\321B\032l\301h\005\320\252\301\361(\330[\343\357\343{\235\n\266g\272>\177\317\347\261qb&\270&\346ju\200\363N\320\307\004\034\001n\317\361\2653\254\2503\247\305\372\316W\022O\253x\250\025\373\247\354Tc\304\263\243^\352Gv\\264\261\r\035\226\306\2411\351\233\203\215\200$\231\300f\220\371c@\017\254\363\\371\340\340VaR\205~^\226\342t\360\022\204d\231\205)\272\364?\361!\334\331\315\254\230\rBG\314\023\246\244=\351\177\254\302b&\276+H;0\312\021&\275\036\237\350R\313\206R\331\304k\323u\263t\221\213yC\241\217A\242\027g\322\241'\212.E?B_\316\327\217J +\370\t^b\005\020\003\211\373\247|hC\271Nmk~J\270EU\274\036-\347\240\312FA\321\341bca\253\025\321\311\317\021\375\317\217\n\272\033o\353G>\275\361H\265\240\232um""\317\324`\214\221\314\000\211K\223+(""\200i \311\372g\254\343ZR0\224\275q\252\357\213\263\206N\357&Q\217\267\303\356I\236\357\264\311b\037\366\035\253\343\311\265\240\327q\206f\262ODi\215-\363>\034\236l\273\005G\316F\217}[\036\007\270:\260\335\271B\241N\345\330\204\327f\361\272Kb\0377p\334\264\237\177~\330]\252+:\317u\302h\n\351\n\364\231\277R\371\356\033y\265v\360Ny\246\332qY\262\231\251\n\305\334\202\305\362\n\367@k\231\016R:\327\242\366\242\253LZY\223$Gw^\203\302\311\316I7\371tTwp}\005|\372\214\251{R`\230V\244-\326I\351\255\325i\335\377\321\353\327\331\302\023\347y\016\263\271\317\306\017UV\314qu?\0064A\315{3D\010\016S\212\2353k0\361\214ID\303g\277\010Y_\001~\021\333\370\255\374\\331\306\255\336)\365Rth\024\t\300.M\315\321S\257\224\252\362\326P\316\303%nX\3742\333\036\004Y\264yG^\234\177\214\305q\237\274G\300a4\275\240s\215\222\210\016\020G\344=-:GK\312\035\271\201\350\376F\260G\347\000\235\365P6pmH\033\373\212c\377o\232\356\320D\002\277,]os{\354/?\312e\006wda\001\023\375\316\025\254\321\244\370+Y`\220\270\254\2601E[FI\310\235<qI \356\032v%\001\230\016\203\200\251UD\347\304\373\034\211\340@\342\033\263\365\356\341\357\350\324\035J\032\177\230\207\220\303+\207\352g\317N\027>\222M\271m\033\236\021:\272\233r\373\233hC}\256\020\210\010\233\335\025[ d(\343\263\327\177\030\246\254H\277\254E\231\006\033_lB\210\264\334Y\322\314\362\320L\000Q\240\317\3502\006,|\364\004\275\034\006\337\370""\330\364\202\314\315\311?\030\260\361u)\336\202\265Y\177X\227$\245tCB\345\314d\231A\300\204\371KJ\036\321\330\014]""EN\266$]\331\226c\351\312\376z\254\214\206B\274&M\032\376v\266\3104u)\r\312\021\273\030jJH\215G4\367fQ;\255\3404\372\225\341L\224\242\200VY\220\355\020\353I\n\363\266\036\311\003OR\250""\032\230\021]+$\302\005\224\270\033E\r\312\315}\200\2505\216\221\301\341\035[\247\325\236M^\360a\267\356\267\264\227\2326\315\307\363\323\325\303\032N\256*\307\327 \235\332\207u\210\271\257\306g\231i*\260\326k\001"";   nodeid: ""\260\000\000\000\000\000\000\000\000\000\000\000\000\000\000\000\000\000\000\000\000\000\000\000\000\000\000\000\000\000\000\000\001""; }; "
1750527684524,1750527684524,0,1,3,4,TMLedgerData,"ledgerHash: ""\247]\357\236\n\207}P\2654\026`\256u\276\r&\026K\315a\3337\216.\240\362\263\327]\372\325""; ledgerSeq: 48; type: liBASE; nodes {;   nodedata: ""\000\000\0000\001cEx]\211\377\330]+$\302\005\224\270\033E\r\312\315}\200\2505\216\221\301\341\035[\247\325\236M^\360a\267\356\267\000\000\000\000\000\000\000\000\000\000\000\000\000\000\000\000\000\000\000\000\000\000\000\000\000\000\000\000\000\000\000\000\202\215i\323+\236l%(D\371!\01098=\330U\236\342\265\325\330\344@\324\372UAU\336\362/\351\253A/\351\253B\n\000""; }; nodes {;   nodedata: ""\323C\344\327\264{\312-\017:\006{\177\344N\002\326bO\260\220\006\033\362\345\005U\221DzJ0\001\301\025%1L\307\t\261\262z\374\222T\301\274V\236\223\262\270Ct\362\337b\356\024*\324\320\351\317\002k\336\234\027v\351\217\260\303\360\233ZPZWr\246$w\313\313\r\243r\232\2234\373\3539:N\004Q\245\272D\312D\300\300\t\323\0257\345e\271\na\215{\226\255x%T\257\037\333\004\344_/R\006E\344\037@\210\363\010\336T\226\247'\204_{\261\370""1\235\2445\343\033Y!\212\201\341\272\225'\007\202y\002E\360\010\250@O\375\330\214\354\302ES\263T\265\236Ez\333\354\321Fo\203\266\266\302>\013\003""; }; requestCookie: 2; ","ledgerHash: ""\247]\357\236\n\207}P\2654\026`\256u\276\r&\026K\315a\3337\216.\240\362\263\327]\372\325""; ledgerSeq: 48; type: liBASE; nodes {;   nodedata: ""\000\000\0000\001cEx]\211\377\330]+$\302\005\224\270\033E\r\312\315}\200\2505\216\221\301\341\035[\247\325\236M^\360a\267\356\267\000\000\000\000\000\000\000\000\000\000\000\000\000\000\000\000\000\000\000\000\000\000\000\000\000\000\000\000\000\000\000\000\202\215i\323+\236l%(D\371!\01098=\330U\236\342\265\325\330\344@\324\372UAU\336\362/\351\253A/\351\253B\n\000""; }; nodes {;   nodedata: ""\323C\344\327\264{\312-\017:\006{\177\344N\002\326bO\260\220\006\033\362\345\005U\221DzJ0\001\301\025%1L\307\t\261\262z\374\222T\301\274V\236\223\262\270Ct\362\337b\356\024*\324\320\351\317\002k\336\234\027v\351\217\260\303\360\233ZPZWr\246$w\313\313\r\243r\232\2234\373\3539:N\004Q\245\272D\312D\300\300\t\323\0257\345e\271\na\215{\226\255x%T\257\037\333\004\344_/R\006E\344\037@\210\363\010\336T\226\247'\204_{\261\370""1\235\2445\343\033Y!\212\201\341\272\225'\007\202y\002E\360\010\250@O\375\330\214\354\302ES\263T\265\236Ez\333\354\321Fo\203\266\266\302>\013\003""; }; requestCookie: 2; "
1750527684524,1750527684525,0,1,0,4,TMLedgerData,"ledgerHash: ""\247]\357\236\n\207}P\2654\026`\256u\276\r&\026K\315a\3337\216.\240\362\263\327]\372\325""; ledgerSeq: 48; type: liBASE; nodes {;   nodedata: ""\000\000\0000\001cEx]\211\377\330]+$\302\005\224\270\033E\r\312\315}\200\2505\216\221\301\341\035[\247\325\236M^\360a\267\356\267\000\000\000\000\000\000\000\000\000\000\000\000\000\000\000\000\000\000\000\000\000\000\000\000\000\000\000\000\000\000\000\000\202\215i\323+\236l%(D\371!\01098=\330U\236\342\265\325\330\344@\324\372UAU\336\362/\351\253A/\351\253B\n\000""; }; nodes {;   nodedata: ""\323C\344\327\264{\312-\017:\006{\177\344N\002\326bO\260\220\006\033\362\345\005U\221DzJ0\001\301\025%1L\307\t\261\262z\374\222T\301\274V\236\223\262\270Ct\362\337b\356\024*\324\320\351\317\002k\336\234\027v\351\217\260\303\360\233ZPZWr\246$w\313\313\r\243r\232\2234\373\3539:N\004Q\245\272D\312D\300\300\t\323\0257\345e\271\na\215{\226\255x%T\257\037\333\004\344_/R\006E\344\037@\210\363\010\336T\226\247'\204_{\261\370""1\235\2445\343\033Y!\212\201\341\272\225'\007\202y\002E\360\010\250@O\375\330\214\354\302ES\263T\265\236Ez\333\354\321Fo\203\266\266\302>\013\003""; }; ","ledgerHash: ""\247]\357\236\n\207}P\2654\026`\256u\276\r&\026K\315a\3337\216.\240\362\263\327]\372\325""; ledgerSeq: 48; type: liBASE; nodes {;   nodedata: ""\000\000\0000\001cEx]\211\377\330]+$\302\005\224\270\033E\r\312\315}\200\2505\216\221\301\341\035[\247\325\236M^\360a\267\356\267\000\000\000\000\000\000\000\000\000\000\000\000\000\000\000\000\000\000\000\000\000\000\000\000\000\000\000\000\000\000\000\000\202\215i\323+\236l%(D\371!\01098=\330U\236\342\265\325\330\344@\324\372UAU\336\362/\351\253A/\351\253B\n\000""; }; nodes {;   nodedata: ""\323C\344\327\264{\312-\017:\006{\177\344N\002\326bO\260\220\006\033\362\345\005U\221DzJ0\001\301\025%1L\307\t\261\262z\374\222T\301\274V\236\223\262\270Ct\362\337b\356\024*\324\320\351\317\002k\336\234\027v\351\217\260\303\360\233ZPZWr\246$w\313\313\r\243r\232\2234\373\3539:N\004Q\245\272D\312D\300\300\t\323\0257\345e\271\na\215{\226\255x%T\257\037\333\004\344_/R\006E\344\037@\210\363\010\336T\226\247'\204_{\261\370""1\235\2445\343\033Y!\212\201\341\272\225'\007\202y\002E\360\010\250@O\375\330\214\354\302ES\263T\265\236Ez\333\354\321Fo\203\266\266\302>\013\003""; }; "
1750527684525,1750527684525,0,1,3,2,TMLedgerData,"ledgerHash: ""\247]\357\236\n\207}P\2654\026`\256u\276\r&\026K\315a\3337\216.\240\362\263\327]\372\325""; ledgerSeq: 48; type: liBASE; nodes {;   nodedata: ""\000\000\0000\001cEx]\211\377\330]+$\302\005\224\270\033E\r\312\315}\200\2505\216\221\301\341\035[\247\325\236M^\360a\267\356\267\000\000\000\000\000\000\000\000\000\000\000\000\000\000\000\000\000\000\000\000\000\000\000\000\000\000\000\000\000\000\000\000\202\215i\323+\236l%(D\371!\01098=\330U\236\342\265\325\330\344@\324\372UAU\336\362/\351\253A/\351\253B\n\000""; }; nodes {;   nodedata: ""\323C\344\327\264{\312-\017:\006{\177\344N\002\326bO\260\220\006\033\362\345\005U\221DzJ0\001\301\025%1L\307\t\261\262z\374\222T\301\274V\236\223\262\270Ct\362\337b\356\024*\324\320\351\317\002k\336\234\027v\351\217\260\303\360\233ZPZWr\246$w\313\313\r\243r\232\2234\373\3539:N\004Q\245\272D\312D\300\300\t\323\0257\345e\271\na\215{\226\255x%T\257\037\333\004\344_/R\006E\344\037@\210\363\010\336T\226\247'\204_{\261\370""1\235\2445\343\033Y!\212\201\341\272\225'\007\202y\002E\360\010\250@O\375\330\214\354\302ES\263T\265\236Ez\333\354\321Fo\203\266\266\302>\013\003""; }; requestCookie: 3; ","ledgerHash: ""\247]\357\236\n\207}P\2654\026`\256u\276\r&\026K\315a\3337\216.\240\362\263\327]\372\325""; ledgerSeq: 48; type: liBASE; nodes {;   nodedata: ""\000\000\0000\001cEx]\211\377\330]+$\302\005\224\270\033E\r\312\315}\200\2505\216\221\301\341\035[\247\325\236M^\360a\267\356\267\000\000\000\000\000\000\000\000\000\000\000\000\000\000\000\000\000\000\000\000\000\000\000\000\000\000\000\000\000\000\000\000\202\215i\323+\236l%(D\371!\01098=\330U\236\342\265\325\330\344@\324\372UAU\336\362/\351\253A/\351\253B\n\000""; }; nodes {;   nodedata: ""\323C\344\327\264{\312-\017:\006{\177\344N\002\326bO\260\220\006\033\362\345\005U\221DzJ0\001\301\025%1L\307\t\261\262z\374\222T\301\274V\236\223\262\270Ct\362\337b\356\024*\324\320\351\317\002k\336\234\027v\351\217\260\303\360\233ZPZWr\246$w\313\313\r\243r\232\2234\373\3539:N\004Q\245\272D\312D\300\300\t\323\0257\345e\271\na\215{\226\255x%T\257\037\333\004\344_/R\006E\344\037@\210\363\010\336T\226\247'\204_{\261\370""1\235\2445\343\033Y!\212\201\341\272\225'\007\202y\002E\360\010\250@O\375\330\214\354\302ES\263T\265\236Ez\333\354\321Fo\203\266\266\302>\013\003""; }; requestCookie: 3; "
1750527684526,1750527684526,0,1,3,2,TMLedgerData,"ledgerHash: ""\247]\357\236\n\207}P\2654\026`\256u\276\r&\026K\315a\3337\216.\240\362\263\327]\372\325""; ledgerSeq: 48; type: liBASE; nodes {;   nodedata: ""\000\000\0000\001cEx]\211\377\330]+$\302\005\224\270\033E\r\312\315}\200\2505\216\221\301\341\035[\247\325\236M^\360a\267\356\267\000\000\000\000\000\000\000\000\000\000\000\000\000\000\000\000\000\000\000\000\000\000\000\000\000\000\000\000\000\000\000\000\202\215i\323+\236l%(D\371!\01098=\330U\236\342\265\325\330\344@\324\372UAU\336\362/\351\253A/\351\253B\n\000""; }; nodes {;   nodedata: ""\323C\344\327\264{\312-\017:\006{\177\344N\002\326bO\260\220\006\033\362\345\005U\221DzJ0\001\301\025%1L\307\t\261\262z\374\222T\301\274V\236\223\262\270Ct\362\337b\356\024*\324\320\351\317\002k\336\234\027v\351\217\260\303\360\233ZPZWr\246$w\313\313\r\243r\232\2234\373\3539:N\004Q\245\272D\312D\300\300\t\323\0257\345e\271\na\215{\226\255x%T\257\037\333\004\344_/R\006E\344\037@\210\363\010\336T\226\247'\204_{\261\370""1\235\2445\343\033Y!\212\201\341\272\225'\007\202y\002E\360\010\250@O\375\330\214\354\302ES\263T\265\236Ez\333\354\321Fo\203\266\266\302>\013\003""; }; requestCookie: 5; ","ledgerHash: ""\247]\357\236\n\207}P\2654\026`\256u\276\r&\026K\315a\3337\216.\240\362\263\327]\372\325""; ledgerSeq: 48; type: liBASE; nodes {;   nodedata: ""\000\000\0000\001cEx]\211\377\330]+$\302\005\224\270\033E\r\312\315}\200\2505\216\221\301\341\035[\247\325\236M^\360a\267\356\267\000\000\000\000\000\000\000\000\000\000\000\000\000\000\000\000\000\000\000\000\000\000\000\000\000\000\000\000\000\000\000\000\202\215i\323+\236l%(D\371!\01098=\330U\236\342\265\325\330\344@\324\372UAU\336\362/\351\253A/\351\253B\n\000""; }; nodes {;   nodedata: ""\323C\344\327\264{\312-\017:\006{\177\344N\002\326bO\260\220\006\033\362\345\005U\221DzJ0\001\301\025%1L\307\t\261\262z\374\222T\301\274V\236\223\262\270Ct\362\337b\356\024*\324\320\351\317\002k\336\234\027v\351\217\260\303\360\233ZPZWr\246$w\313\313\r\243r\232\2234\373\3539:N\004Q\245\272D\312D\300\300\t\323\0257\345e\271\na\215{\226\255x%T\257\037\333\004\344_/R\006E\344\037@\210\363\010\336T\226\247'\204_{\261\370""1\235\2445\343\033Y!\212\201\341\272\225'\007\202y\002E\360\010\250@O\375\330\214\354\302ES\263T\265\236Ez\333\354\321Fo\203\266\266\302>\013\003""; }; requestCookie: 5; "
1750527684526,1750527684527,0,1,3,2,TMLedgerData,"ledgerHash: ""\247]\357\236\n\207}P\2654\026`\256u\276\r&\026K\315a\3337\216.\240\362\263\327]\372\325""; ledgerSeq: 48; type: liBASE; nodes {;   nodedata: ""\000\000\0000\001cEx]\211\377\330]+$\302\005\224\270\033E\r\312\315}\200\2505\216\221\301\341\035[\247\325\236M^\360a\267\356\267\000\000\000\000\000\000\000\000\000\000\000\000\000\000\000\000\000\000\000\000\000\000\000\000\000\000\000\000\000\000\000\000\202\215i\323+\236l%(D\371!\01098=\330U\236\342\265\325\330\344@\324\372UAU\336\362/\351\253A/\351\253B\n\000""; }; nodes {;   nodedata: ""\323C\344\327\264{\312-\017:\006{\177\344N\002\326bO\260\220\006\033\362\345\005U\221DzJ0\001\301\025%1L\307\t\261\262z\374\222T\301\274V\236\223\262\270Ct\362\337b\356\024*\324\320\351\317\002k\336\234\027v\351\217\260\303\360\233ZPZWr\246$w\313\313\r\243r\232\2234\373\3539:N\004Q\245\272D\312D\300\300\t\323\0257\345e\271\na\215{\226\255x%T\257\037\333\004\344_/R\006E\344\037@\210\363\010\336T\226\247'\204_{\261\370""1\235\2445\343\033Y!\212\201\341\272\225'\007\202y\002E\360\010\250@O\375\330\214\354\302ES\263T\265\236Ez\333\354\321Fo\203\266\266\302>\013\003""; }; requestCookie: 2; ","ledgerHash: ""\247]\357\236\n\207}P\2654\026`\256u\276\r&\026K\315a\3337\216.\240\362\263\327]\372\325""; ledgerSeq: 48; type: liBASE; nodes {;   nodedata: ""\000\000\0000\001cEx]\211\377\330]+$\302\005\224\270\033E\r\312\315}\200\2505\216\221\301\341\035[\247\325\236M^\360a\267\356\267\000\000\000\000\000\000\000\000\000\000\000\000\000\000\000\000\000\000\000\000\000\000\000\000\000\000\000\000\000\000\000\000\202\215i\323+\236l%(D\371!\01098=\330U\236\342\265\325\330\344@\324\372UAU\336\362/\351\253A/\351\253B\n\000""; }; nodes {;   nodedata: ""\323C\344\327\264{\312-\017:\006{\177\344N\002\326bO\260\220\006\033\362\345\005U\221DzJ0\001\301\025%1L\307\t\261\262z\374\222T\301\274V\236\223\262\270Ct\362\337b\356\024*\324\320\351\317\002k\336\234\027v\351\217\260\303\360\233ZPZWr\246$w\313\313\r\243r\232\2234\373\3539:N\004Q\245\272D\312D\300\300\t\323\0257\345e\271\na\215{\226\255x%T\257\037\333\004\344_/R\006E\344\037@\210\363\010\336T\226\247'\204_{\261\370""1\235\2445\343\033Y!\212\201\341\272\225'\007\202y\002E\360\010\250@O\375\330\214\354\302ES\263T\265\236Ez\333\354\321Fo\203\266\266\302>\013\003""; }; requestCookie: 2; "
1750527684527,1750527684528,0,1,4,2,TMLedgerData,"ledgerHash: ""\247]\357\236\n\207}P\2654\026`\256u\276\r&\026K\315a\3337\216.\240\362\263\327]\372\325""; ledgerSeq: 48; type: liBASE; nodes {;   nodedata: ""\000\000\0000\001cEx]\211\377\330]+$\302\005\224\270\033E\r\312\315}\200\2505\216\221\301\341\035[\247\325\236M^\360a\267\356\267\000\000\000\000\000\000\000\000\000\000\000\000\000\000\000\000\000\000\000\000\000\000\000\000\000\000\000\000\000\000\000\000\202\215i\323+\236l%(D\371!\01098=\330U\236\342\265\325\330\344@\324\372UAU\336\362/\351\253A/\351\253B\n\000""; }; nodes {;   nodedata: ""\323C\344\327\264{\312-\017:\006{\177\344N\002\326bO\260\220\006\033\362\345\005U\221DzJ0\001\301\025%1L\307\t\261\262z\374\222T\301\274V\236\223\262\270Ct\362\337b\356\024*\324\320\351\317\002k\336\234\027v\351\217\260\303\360\233ZPZWr\246$w\313\313\r\243r\232\2234\373\3539:N\004Q\245\272D\312D\300\300\t\323\0257\345e\271\na\215{\226\255x%T\257\037\333\004\344_/R\006E\344\037@\210\363\010\336T\226\247'\204_{\261\370""1\235\2445\343\033Y!\212\201\341\272\225'\007\202y\002E\360\010\250@O\375\330\214\354\302ES\263T\265\236Ez\333\354\321Fo\203\266\266\302>\013\003""; }; ","ledgerHash: ""\247]\357\236\n\207}P\2654\026`\256u\276\r&\026K\315a\3337\216.\240\362\263\327]\372\325""; ledgerSeq: 48; type: liBASE; nodes {;   nodedata: ""\000\000\0000\001cEx]\211\377\330]+$\302\005\224\270\033E\r\312\315}\200\2505\216\221\301\341\035[\247\325\236M^\360a\267\356\267\000\000\000\000\000\000\000\000\000\000\000\000\000\000\000\000\000\000\000\000\000\000\000\000\000\000\000\000\000\000\000\000\202\215i\323+\236l%(D\371!\01098=\330U\236\342\265\325\330\344@\324\372UAU\336\362/\351\253A/\351\253B\n\000""; }; nodes {;   nodedata: ""\323C\344\327\264{\312-\017:\006{\177\344N\002\326bO\260\220\006\033\362\345\005U\221DzJ0\001\301\025%1L\307\t\261\262z\374\222T\301\274V\236\223\262\270Ct\362\337b\356\024*\324\320\351\317\002k\336\234\027v\351\217\260\303\360\233ZPZWr\246$w\313\313\r\243r\232\2234\373\3539:N\004Q\245\272D\312D\300\300\t\323\0257\345e\271\na\215{\226\255x%T\257\037\333\004\344_/R\006E\344\037@\210\363\010\336T\226\247'\204_{\261\370""1\235\2445\343\033Y!\212\201\341\272\225'\007\202y\002E\360\010\250@O\375\330\214\354\302ES\263T\265\236Ez\333\354\321Fo\203\266\266\302>\013\003""; }; "
1750527684528,1750527684528,0,1,3,1,TMLedgerData,"ledgerHash: ""\247]\357\236\n\207}P\2654\026`\256u\276\r&\026K\315a\3337\216.\240\362\263\327]\372\325""; ledgerSeq: 48; type: liBASE; nodes {;   nodedata: ""\000\000\0000\001cEx]\211\377\330]+$\302\005\224\270\033E\r\312\315}\200\2505\216\221\301\341\035[\247\325\236M^\360a\267\356\267\000\000\000\000\000\000\000\000\000\000\000\000\000\000\000\000\000\000\000\000\000\000\000\000\000\000\000\000\000\000\000\000\202\215i\323+\236l%(D\371!\01098=\330U\236\342\265\325\330\344@\324\372UAU\336\362/\351\253A/\351\253B\n\000""; }; nodes {;   nodedata: ""\323C\344\327\264{\312-\017:\006{\177\344N\002\326bO\260\220\006\033\362\345\005U\221DzJ0\001\301\025%1L\307\t\261\262z\374\222T\301\274V\236\223\262\270Ct\362\337b\356\024*\324\320\351\317\002k\336\234\027v\351\217\260\303\360\233ZPZWr\246$w\313\313\r\243r\232\2234\373\3539:N\004Q\245\272D\312D\300\300\t\323\0257\345e\271\na\215{\226\255x%T\257\037\333\004\344_/R\006E\344\037@\210\363\010\336T\226\247'\204_{\261\370""1\235\2445\343\033Y!\212\201\341\272\225'\007\202y\002E\360\010\250@O\375\330\214\354\302ES\263T\265\236Ez\333\354\321Fo\203\266\266\302>\013\003""; }; requestCookie: 5; ","ledgerHash: ""\247]\357\236\n\207}P\2654\026`\256u\276\r&\026K\315a\3337\216.\240\362\263\327]\372\325""; ledgerSeq: 48; type: liBASE; nodes {;   nodedata: ""\000\000\0000\001cEx]\211\377\330]+$\302\005\224\270\033E\r\312\315}\200\2505\216\221\301\341\035[\247\325\236M^\360a\267\356\267\000\000\000\000\000\000\000\000\000\000\000\000\000\000\000\000\000\000\000\000\000\000\000\000\000\000\000\000\000\000\000\000\202\215i\323+\236l%(D\371!\01098=\330U\236\342\265\325\330\344@\324\372UAU\336\362/\351\253A/\351\253B\n\000""; }; nodes {;   nodedata: ""\323C\344\327\264{\312-\017:\006{\177\344N\002\326bO\260\220\006\033\362\345\005U\221DzJ0\001\301\025%1L\307\t\261\262z\374\222T\301\274V\236\223\262\270Ct\362\337b\356\024*\324\320\351\317\002k\336\234\027v\351\217\260\303\360\233ZPZWr\246$w\313\313\r\243r\232\2234\373\3539:N\004Q\245\272D\312D\300\300\t\323\0257\345e\271\na\215{\226\255x%T\257\037\333\004\344_/R\006E\344\037@\210\363\010\336T\226\247'\204_{\261\370""1\235\2445\343\033Y!\212\201\341\272\225'\007\202y\002E\360\010\250@O\375\330\214\354\302ES\263T\265\236Ez\333\354\321Fo\203\266\266\302>\013\003""; }; requestCookie: 5; "
1750527684529,1750527684529,0,1,3,1,TMLedgerData,"ledgerHash: ""\247]\357\236\n\207}P\2654\026`\256u\276\r&\026K\315a\3337\216.\240\362\263\327]\372\325""; ledgerSeq: 48; type: liBASE; nodes {;   nodedata: ""\000\000\0000\001cEx]\211\377\330]+$\302\005\224\270\033E\r\312\315}\200\2505\216\221\301\341\035[\247\325\236M^\360a\267\356\267\000\000\000\000\000\000\000\000\000\000\000\000\000\000\000\000\000\000\000\000\000\000\000\000\000\000\000\000\000\000\000\000\202\215i\323+\236l%(D\371!\01098=\330U\236\342\265\325\330\344@\324\372UAU\336\362/\351\253A/\351\253B\n\000""; }; nodes {;   nodedata: ""\323C\344\327\264{\312-\017:\006{\177\344N\002\326bO\260\220\006\033\362\345\005U\221DzJ0\001\301\025%1L\307\t\261\262z\374\222T\301\274V\236\223\262\270Ct\362\337b\356\024*\324\320\351\317\002k\336\234\027v\351\217\260\303\360\233ZPZWr\246$w\313\313\r\243r\232\2234\373\3539:N\004Q\245\272D\312D\300\300\t\323\0257\345e\271\na\215{\226\255x%T\257\037\333\004\344_/R\006E\344\037@\210\363\010\336T\226\247'\204_{\261\370""1\235\2445\343\033Y!\212\201\341\272\225'\007\202y\002E\360\010\250@O\375\330\214\354\302ES\263T\265\236Ez\333\354\321Fo\203\266\266\302>\013\003""; }; requestCookie: 2; ","ledgerHash: ""\247]\357\236\n\207}P\2654\026`\256u\276\r&\026K\315a\3337\216.\240\362\263\327]\372\325""; ledgerSeq: 48; type: liBASE; nodes {;   nodedata: ""\000\000\0000\001cEx]\211\377\330]+$\302\005\224\270\033E\r\312\315}\200\2505\216\221\301\341\035[\247\325\236M^\360a\267\356\267\000\000\000\000\000\000\000\000\000\000\000\000\000\000\000\000\000\000\000\000\000\000\000\000\000\000\000\000\000\000\000\000\202\215i\323+\236l%(D\371!\01098=\330U\236\342\265\325\330\344@\324\372UAU\336\362/\351\253A/\351\253B\n\000""; }; nodes {;   nodedata: ""\323C\344\327\264{\312-\017:\006{\177\344N\002\326bO\260\220\006\033\362\345\005U\221DzJ0\001\301\025%1L\307\t\261\262z\374\222T\301\274V\236\223\262\270Ct\362\337b\356\024*\324\320\351\317\002k\336\234\027v\351\217\260\303\360\233ZPZWr\246$w\313\313\r\243r\232\2234\373\3539:N\004Q\245\272D\312D\300\300\t\323\0257\345e\271\na\215{\226\255x%T\257\037\333\004\344_/R\006E\344\037@\210\363\010\336T\226\247'\204_{\261\370""1\235\2445\343\033Y!\212\201\341\272\225'\007\202y\002E\360\010\250@O\375\330\214\354\302ES\263T\265\236Ez\333\354\321Fo\203\266\266\302>\013\003""; }; requestCookie: 2; "
1750527684530,1750527684530,0,1,3,1,TMLedgerData,"ledgerHash: ""\247]\357\236\n\207}P\2654\026`\256u\276\r&\026K\315a\3337\216.\240\362\263\327]\372\325""; ledgerSeq: 48; type: liBASE; nodes {;   nodedata: ""\000\000\0000\001cEx]\211\377\330]+$\302\005\224\270\033E\r\312\315}\200\2505\216\221\301\341\035[\247\325\236M^\360a\267\356\267\000\000\000\000\000\000\000\000\000\000\000\000\000\000\000\000\000\000\000\000\000\000\000\000\000\000\000\000\000\000\000\000\202\215i\323+\236l%(D\371!\01098=\330U\236\342\265\325\330\344@\324\372UAU\336\362/\351\253A/\351\253B\n\000""; }; nodes {;   nodedata: ""\323C\344\327\264{\312-\017:\006{\177\344N\002\326bO\260\220\006\033\362\345\005U\221DzJ0\001\301\025%1L\307\t\261\262z\374\222T\301\274V\236\223\262\270Ct\362\337b\356\024*\324\320\351\317\002k\336\234\027v\351\217\260\303\360\233ZPZWr\246$w\313\313\r\243r\232\2234\373\3539:N\004Q\245\272D\312D\300\300\t\323\0257\345e\271\na\215{\226\255x%T\257\037\333\004\344_/R\006E\344\037@\210\363\010\336T\226\247'\204_{\261\370""1\235\2445\343\033Y!\212\201\341\272\225'\007\202y\002E\360\010\250@O\375\330\214\354\302ES\263T\265\236Ez\333\354\321Fo\203\266\266\302>\013\003""; }; requestCookie: 3; ","ledgerHash: ""\247]\357\236\n\207}P\2654\026`\256u\276\r&\026K\315a\3337\216.\240\362\263\327]\372\325""; ledgerSeq: 48; type: liBASE; nodes {;   nodedata: ""\000\000\0000\001cEx]\211\377\330]+$\302\005\224\270\033E\r\312\315}\200\2505\216\221\301\341\035[\247\325\236M^\360a\267\356\267\000\000\000\000\000\000\000\000\000\000\000\000\000\000\000\000\000\000\000\000\000\000\000\000\000\000\000\000\000\000\000\000\202\215i\323+\236l%(D\371!\01098=\330U\236\342\265\325\330\344@\324\372UAU\336\362/\351\253A/\351\253B\n\000""; }; nodes {;   nodedata: ""\323C\344\327\264{\312-\017:\006{\177\344N\002\326bO\260\220\006\033\362\345\005U\221DzJ0\001\301\025%1L\307\t\261\262z\374\222T\301\274V\236\223\262\270Ct\362\337b\356\024*\324\320\351\317\002k\336\234\027v\351\217\260\303\360\233ZPZWr\246$w\313\313\r\243r\232\2234\373\3539:N\004Q\245\272D\312D\300\300\t\323\0257\345e\271\na\215{\226\255x%T\257\037\333\004\344_/R\006E\344\037@\210\363\010\336T\226\247'\204_{\261\370""1\235\2445\343\033Y!\212\201\341\272\225'\007\202y\002E\360\010\250@O\375\330\214\354\302ES\263T\265\236Ez\333\354\321Fo\203\266\266\302>\013\003""; }; requestCookie: 3; "
1750527684531,1750527684532,0,1,3,1,TMLedgerData,"ledgerHash: ""\247]\357\236\n\207}P\2654\026`\256u\276\r&\026K\315a\3337\216.\240\362\263\327]\372\325""; ledgerSeq: 48; type: liAS_NODE; nodes {;   nodedata: ""\021\000h""\000\000\000\000 \033\000\000\000/\002\023\306?\330\356GuH\375\327!\255\371\r\231\262R\256J\034\222\241\355X\265E\241^W\225\304\014\361CX-}\351f\032\255\274\334m\326c\017\014ao[\342\230\003\245\245\3341Hm\326^\017jy\335\261\032Yt\320\244{g\0306\\302\303*\341\215\223\257\364\277o\375\000r\241SOq\221\253\262\005\017\375T\356\014\360o'\030\311-\267\031\257!\031T\006><\315XM\334\324\345\034\000\325\367\240\271\013\265\024\321\362\354\211\250.\234s\225amc\305\035\366\276\037nD\277`\210\223N\3535\033\261\304f\331]\036\237\306o!\223\221\002\324\031\262\240R\177 ,\214\325\Q])\016\2067\277\t\354\010\000\360\215\2502\265\245\310\226\243c\302Ze\306\253#r\020\211\320iG\276\020E\317\035Sf\223F\254\033@\177e\277\016\010u\327\371&\262\312\317Q\2361t\377x\234\001v\003%\030\325_\225g\204\346a=\225\273\331\354\365*U\363\263N\367b\371\244\314-w\363\262\225Z\200\206\235\233\257?sE\2674\254\326mU\377?\177Ek\336\030!\316Aa\225\303\022\377{\210Y\226\271as\354L\035\004\341\361\035\301\024\220m#*\372\032\3178~\374\250\014*\323\342'z69\220\327\256\351G\367\317u\302\207\270b\315\333\333\334\310I\323&\014\352XZnW2.\335\347\202\021\247\362\212e\034\000\001\250\220\305;a\314\265R\310\017\317\331\235\360\262\240:\277\202\266\354\265X""\022\nh\252\352w\204\203\023]\001f\352\277\0031Q]\362\370R\350{\261\202\240\344\215\201\353\276\322p5p\350\354\017>\250r\241c\273\016\301\024\363\242\247\263\231\370\344\nBW\220K\316@3\243\200\036wk\253GSlU\010\360\231>\331\263H\214\324\030A\225\301o\346pkSF\004\241\213w9\223=\250\262*+\255\351r\265\244c\024\213\t\007`\223\325#\3477\210\345P\306\013\320\252[\0216+\227=`\371P\314\346 V7\271[~\n\237\274|\347\352@K\253~&\260\032\024\004B\200\255h\351\013\361\031:nG\211\005|\2003\266\274\251,W\006u\344\335d\003\306\212\313,\340\350bG\n\030Z\2732-\246\312\255\030\003\235207\005}D\260\0261ah\322M\304\216\273m0\271\234\237\007<w$\265C\245\232\033\023\313c\321B\032l\301h\005\320\252\301\361(\330[\343\357\343{\235\n\266g\272>\177\317\347\261qb&\270&\346ju\200\363N\320\307\004\034\001n\317\361\2653\254\2503\247\305\372\316W\022O\253x\250\025\373\247\354Tc\304\263\243^\352Gv\\264\261\r\035\226\306\2411\351\233\203\215\200$\231\300f\220\371c@\017\254\363\\371\340\340VaR\205~^\226\342t\360\022\204d\231\205)\272\364?\361!\334\331\315\254\230\rBG\314\023\246\244=\351\177\254\302b&\276+H;0\312\021&\275\036\237\350R\313\206R\331\304k\323u\263t\221\213yC\241\217A\242\027g\322\241'\212.E?B_\316\327\217J +\370\t^b\005\020\003\211\373\247|hC\271Nmk~J\270EU\274\036-\347\240\312FA\321\341bca\253\025\321\311\317\021\375\317\217\n\272\033o\353G>\275\361H\265\240\232um""\317\324`\214\221\314\000\211K\223+(""\200i \311\372g\254\343ZR0\224\275q\252\357\213\263\206N\357&Q\217\267\303\356I\236\357\264\311b\037\366\035\253\343\311\265\240\327q\206f\262ODi\215-\363>\034\236l\273\005G\316F\217}[\036\007\270:\260\335\271B\241N\345\330\204\327f\361\272Kb\0377p\334\264\237\177~\330]\252+:\317u\302h\n\351\n\364\231\277R\371\356\033y\265v\360Ny\246\332qY\262\231\251\n\305\334\202\305\362\n\367@k\231\016R:\327\242\366\242\253LZY\223$Gw^\203\302\311\316I7\371tTwp}\005|\372\214\251{R`\230V\244-\326I\351\255\325i\335\377\321\353\327\331\302\023\347y\016\263\271\317\306\017UV\314qu?\0064A\315{3D\010\016S\212\2353k0\361\214ID\303g\277\010Y_\001~\021\333\370\255\374\\331\306\255\336)\365Rth\024\t\300.M\315\321S\257\224\252\362\326P\316\303%nX\3742\333\036\004Y\264yG^\234\177\214\305q\237\274G\300a4\275\240s\215\222\210\016\020G\344=-:GK\312\035\271\201\350\376F\260G\347\000\235\365P6pmH\033\373\212c\377o\232\356\320D\002\277,]os{\354/?\312e\006wda\001\023\375\316\025\254\321\244\370+Y`\220\270\254\2601E[FI\310\235<qI \356\032v%\001\230\016\203\200\251UD\347\304\373\034\211\340@\342\033\263\365\356\341\357\350\324\035J\032\177\230\207\220\303+\207\352g\317N\027>\222M\271m\033\236\021:\272\233r\373\233hC}\256\020\210\010\233\335\025[ d(\343\263\327\177\030\246\254H\277\254E\231\006\033_lB\210\264\334Y\322\314\362\320L\000Q\240\317\3502\006,|\364\004\275\034\006\337\370""\330\364\202\314\315\311?\030\260\361u)\336\202\265Y\177X\227$\245tCB\345\314d\231A\300\204\371KJ\036\321\330\014]""EN\266$]\331\226c\351\312\376z\254\214\206B\274&M\032\376v\266\3104u)\r\312\021\273\030jJH\215G4\367fQ;\255\3404\372\225\341L\224\242\200VY\220\355\020\353I\n\363\266\036\311\003OR\250""\032\230\021]+$\302\005\224\270\033E\r\312\315}\200\2505\216\221\301\341\035[\247\325\236M^\360a\267\356\267\264\227\2326\315\307\363\323\325\303\032N\256*\307\327 \235\332\207u\210\271\257\306g\231i*\260\326k\001"";   nodeid: ""\260\000\000\000\000\000\000\000\000\000\000\000\000\000\000\000\000\000\000\000\000\000\000\000\000\000\000\000\000\000\000\000\001""; }; ","ledgerHash: ""\247]\357\236\n\207}P\2654\026`\256u\276\r&\026K\315a\3337\216.\240\362\263\327]\372\325""; ledgerSeq: 48; type: liAS_NODE; nodes {;   nodedata: ""\021\000h""\000\000\000\000 \033\000\000\000/\002\023\306?\330\356GuH\375\327!\255\371\r\231\262R\256J\034\222\241\355X\265E\241^W\225\304\014\361CX-}\351f\032\255\274\334m\326c\017\014ao[\342\230\003\245\245\3341Hm\326^\017jy\335\261\032Yt\320\244{g\0306\\302\303*\341\215\223\257\364\277o\375\000r\241SOq\221\253\262\005\017\375T\356\014\360o'\030\311-\267\031\257!\031T\006><\315XM\334\324\345\034\000\325\367\240\271\013\265\024\321\362\354\211\250.\234s\225amc\305\035\366\276\037nD\277`\210\223N\3535\033\261\304f\331]\036\237\306o!\223\221\002\324\031\262\240R\177 ,\214\325\Q])\016\2067\277\t\354\010\000\360\215\2502\265\245\310\226\243c\302Ze\306\253#r\020\211\320iG\276\020E\317\035Sf\223F\254\033@\177e\277\016\010u\327\371&\262\312\317Q\2361t\377x\234\001v\003%\030\325_\225g\204\346a=\225\273\331\354\365*U\363\263N\367b\371\244\314-w\363\262\225Z\200\206\235\233\257?sE\2674\254\326mU\377?\177Ek\336\030!\316Aa\225\303\022\377{\210Y\226\271as\354L\035\004\341\361\035\301\024\220m#*\372\032\3178~\374\250\014*\323\342'z69\220\327\256\351G\367\317u\302\207\270b\315\333\333\334\310I\323&\014\352XZnW2.\335\347\202\021\247\362\212e\034\000\001\250\220\305;a\314\265R\310\017\317\331\235\360\262\240:\277\202\266\354\265X""\022\nh\252\352w\204\203\023]\001f\352\277\0031Q]\362\370R\350{\261\202\240\344\215\201\353\276\322p5p\350\354\017>\250r\241c\273\016\301\024\363\242\247\263\231\370\344\nBW\220K\316@3\243\200\036wk\253GSlU\010\360\231>\331\263H\214\324\030A\225\301o\346pkSF\004\241\213w9\223=\250\262*+\255\351r\265\244c\024\213\t\007`\223\325#\3477\210\345P\306\013\320\252[\0216+\227=`\371P\314\346 V7\271[~\n\237\274|\347\352@K\253~&\260\032\024\004B\200\255h\351\013\361\031:nG\211\005|\2003\266\274\251,W\006u\344\335d\003\306\212\313,\340\350bG\n\030Z\2732-\246\312\255\030\003\235207\005}D\260\0261ah\322M\304\216\273m0\271\234\237\007<w$\265C\245\232\033\023\313c\321B\032l\301h\005\320\252\301\361(\330[\343\357\343{\235\n\266g\272>\177\317\347\261qb&\270&\346ju\200\363N\320\307\004\034\001n\317\361\2653\254\2503\247\305\372\316W\022O\253x\250\025\373\247\354Tc\304\263\243^\352Gv\\264\261\r\035\226\306\2411\351\233\203\215\200$\231\300f\220\371c@\017\254\363\\371\340\340VaR\205~^\226\342t\360\022\204d\231\205)\272\364?\361!\334\331\315\254\230\rBG\314\023\246\244=\351\177\254\302b&\276+H;0\312\021&\275\036\237\350R\313\206R\331\304k\323u\263t\221\213yC\241\217A\242\027g\322\241'\212.E?B_\316\327\217J +\370\t^b\005\020\003\211\373\247|hC\271Nmk~J\270EU\274\036-\347\240\312FA\321\341bca\253\025\321\311\317\021\375\317\217\n\272\033o\353G>\275\361H\265\240\232um""\317\324`\214\221\314\000\211K\223+(""\200i \311\372g\254\343ZR0\224\275q\252\357\213\263\206N\357&Q\217\267\303\356I\236\357\264\311b\037\366\035\253\343\311\265\240\327q\206f\262ODi\215-\363>\034\236l\273\005G\316F\217}[\036\007\270:\260\335\271B\241N\345\330\204\327f\361\272Kb\0377p\334\264\237\177~\330]\252+:\317u\302h\n\351\n\364\231\277R\371\356\033y\265v\360Ny\246\332qY\262\231\251\n\305\334\202\305\362\n\367@k\231\016R:\327\242\366\242\253LZY\223$Gw^\203\302\311\316I7\371tTwp}\005|\372\214\251{R`\230V\244-\326I\351\255\325i\335\377\321\353\327\331\302\023\347y\016\263\271\317\306\017UV\314qu?\0064A\315{3D\010\016S\212\2353k0\361\214ID\303g\277\010Y_\001~\021\333\370\255\374\\331\306\255\336)\365Rth\024\t\300.M\315\321S\257\224\252\362\326P\316\303%nX\3742\333\036\004Y\264yG^\234\177\214\305q\237\274G\300a4\275\240s\215\222\210\016\020G\344=-:GK\312\035\271\201\350\376F\260G\347\000\235\365P6pmH\033\373\212c\377o\232\356\320D\002\277,]os{\354/?\312e\006wda\001\023\375\316\025\254\321\244\370+Y`\220\270\254\2601E[FI\310\235<qI \356\032v%\001\230\016\203\200\251UD\347\304\373\034\211\340@\342\033\263\365\356\341\357\350\324\035J\032\177\230\207\220\303+\207\352g\317N\027>\222M\271m\033\236\021:\272\233r\373\233hC}\256\020\210\010\233\335\025[ d(\343\263\327\177\030\246\254H\277\254E\231\006\033_lB\210\264\334Y\322\314\362\320L\000Q\240\317\3502\006,|\364\004\275\034\006\337\370""\330\364\202\314\315\311?\030\260\361u)\336\202\265Y\177X\227$\245tCB\345\314d\231A\300\204\371KJ\036\321\330\014]""EN\266$]\331\226c\351\312\376z\254\214\206B\274&M\032\376v\266\3104u)\r\312\021\273\030jJH\215G4\367fQ;\255\3404\372\225\341L\224\242\200VY\220\355\020\353I\n\363\266\036\311\003OR\250""\032\230\021]+$\302\005\224\270\033E\r\312\315}\200\2505\216\221\301\341\035[\247\325\236M^\360a\267\356\267\264\227\2326\315\307\363\323\325\303\032N\256*\307\327 \235\332\207u\210\271\257\306g\231i*\260\326k\001"";   nodeid: ""\260\000\000\000\000\000\000\000\000\000\000\000\000\000\000\000\000\000\000\000\000\000\000\000\000\000\000\000\000\000\000\000\001""; }; "
1750527684533,1750527684533,0,1,3,0,TMLedgerData,"ledgerHash: ""\247]\357\236\n\207}P\2654\026`\256u\276\r&\026K\315a\3337\216.\240\362\263\327]\372\325""; ledgerSeq: 48; type: liBASE; nodes {;   nodedata: ""\000\000\0000\001cEx]\211\377\330]+$\302\005\224\270\033E\r\312\315}\200\2505\216\221\301\341\035[\247\325\236M^\360a\267\356\267\000\000\000\000\000\000\000\000\000\000\000\000\000\000\000\000\000\000\000\000\000\000\000\000\000\000\000\000\000\000\000\000\202\215i\323+\236l%(D\371!\01098=\330U\236\342\265\325\330\344@\324\372UAU\336\362/\351\253A/\351\253B\n\000""; }; nodes {;   nodedata: ""\323C\344\327\264{\312-\017:\006{\177\344N\002\326bO\260\220\006\033\362\345\005U\221DzJ0\001\301\025%1L\307\t\261\262z\374\222T\301\274V\236\223\262\270Ct\362\337b\356\024*\324\320\351\317\002k\336\234\027v\351\217\260\303\360\233ZPZWr\246$w\313\313\r\243r\232\2234\373\3539:N\004Q\245\272D\312D\300\300\t\323\0257\345e\271\na\215{\226\255x%T\257\037\333\004\344_/R\006E\344\037@\210\363\010\336T\226\247'\204_{\261\370""1\235\2445\343\033Y!\212\201\341\272\225'\007\202y\002E\360\010\250@O\375\330\214\354\302ES\263T\265\236Ez\333\354\321Fo\203\266\266\302>\013\003""; }; requestCookie: 2; ","ledgerHash: ""\247]\357\236\n\207}P\2654\026`\256u\276\r&\026K\315a\3337\216.\240\362\263\327]\372\325""; ledgerSeq: 48; type: liBASE; nodes {;   nodedata: ""\000\000\0000\001cEx]\211\377\330]+$\302\005\224\270\033E\r\312\315}\200\2505\216\221\301\341\035[\247\325\236M^\360a\267\356\267\000\000\000\000\000\000\000\000\000\000\000\000\000\000\000\000\000\000\000\000\000\000\000\000\000\000\000\000\000\000\000\000\202\215i\323+\236l%(D\371!\01098=\330U\236\342\265\325\330\344@\324\372UAU\336\362/\351\253A/\351\253B\n\000""; }; nodes {;   nodedata: ""\323C\344\327\264{\312-\017:\006{\177\344N\002\326bO\260\220\006\033\362\345\005U\221DzJ0\001\301\025%1L\307\t\261\262z\374\222T\301\274V\236\223\262\270Ct\362\337b\356\024*\324\320\351\317\002k\336\234\027v\351\217\260\303\360\233ZPZWr\246$w\313\313\r\243r\232\2234\373\3539:N\004Q\245\272D\312D\300\300\t\323\0257\345e\271\na\215{\226\255x%T\257\037\333\004\344_/R\006E\344\037@\210\363\010\336T\226\247'\204_{\261\370""1\235\2445\343\033Y!\212\201\341\272\225'\007\202y\002E\360\010\250@O\375\330\214\354\302ES\263T\265\236Ez\333\354\321Fo\203\266\266\302>\013\003""; }; requestCookie: 2; "
1750527684533,1750527684534,0,1,3,2,TMLedgerData,"ledgerHash: ""\247]\357\236\n\207}P\2654\026`\256u\276\r&\026K\315a\3337\216.\240\362\263\327]\372\325""; ledgerSeq: 48; type: liAS_NODE; nodes {;   nodedata: ""\021\000h""\000\000\000\000 \033\000\000\000/\002\023\306?\330\356GuH\375\327!\255\371\r\231\262R\256J\034\222\241\355X\265E\241^W\225\304\014\361CX-}\351f\032\255\274\334m\326c\017\014ao[\342\230\003\245\245\3341Hm\326^\017jy\335\261\032Yt\320\244{g\0306\\302\303*\341\215\223\257\364\277o\375\000r\241SOq\221\253\262\005\017\375T\356\014\360o'\030\311-\267\031\257!\031T\006><\315XM\334\324\345\034\000\325\367\240\271\013\265\024\321\362\354\211\250.\234s\225amc\305\035\366\276\037nD\277`\210\223N\3535\033\261\304f\331]\036\237\306o!\223\221\002\324\031\262\240R\177 ,\214\325\Q])\016\2067\277\t\354\010\000\360\215\2502\265\245\310\226\243c\302Ze\306\253#r\020\211\320iG\276\020E\317\035Sf\223F\254\033@\177e\277\016\010u\327\371&\262\312\317Q\2361t\377x\234\001v\003%\030\325_\225g\204\346a=\225\273\331\354\365*U\363\263N\367b\371\244\314-w\363\262\225Z\200\206\235\233\257?sE\2674\254\326mU\377?\177Ek\336\030!\316Aa\225\303\022\377{\210Y\226\271as\354L\035\004\341\361\035\301\024\220m#*\372\032\3178~\374\250\014*\323\342'z69\220\327\256\351G\367\317u\302\207\270b\315\333\333\334\310I\323&\014\352XZnW2.\335\347\202\021\247\362\212e\034\000\001\250\220\305;a\314\265R\310\017\317\331\235\360\262\240:\277\202\266\354\265X""\022\nh\252\352w\204\203\023]\001f\352\277\0031Q]\362\370R\350{\261\202\240\344\215\201\353\276\322p5p\350\354\017>\250r\241c\273\016\301\024\363\242\247\263\231\370\344\nBW\220K\316@3\243\200\036wk\253GSlU\010\360\231>\331\263H\214\324\030A\225\301o\346pkSF\004\241\213w9\223=\250\262*+\255\351r\265\244c\024\213\t\007`\223\325#\3477\210\345P\306\013\320\252[\0216+\227=`\371P\314\346 V7\271[~\n\237\274|\347\352@K\253~&\260\032\024\004B\200\255h\351\013\361\031:nG\211\005|\2003\266\274\251,W\006u\344\335d\003\306\212\313,\340\350bG\n\030Z\2732-\246\312\255\030\003\235207\005}D\260\0261ah\322M\304\216\273m0\271\234\237\007<w$\265C\245\232\033\023\313c\321B\032l\301h\005\320\252\301\361(\330[\343\357\343{\235\n\266g\272>\177\317\347\261qb&\270&\346ju\200\363N\320\307\004\034\001n\317\361\2653\254\2503\247\305\372\316W\022O\253x\250\025\373\247\354Tc\304\263\243^\352Gv\\264\261\r\035\226\306\2411\351\233\203\215\200$\231\300f\220\371c@\017\254\363\\371\340\340VaR\205~^\226\342t\360\022\204d\231\205)\272\364?\361!\334\331\315\254\230\rBG\314\023\246\244=\351\177\254\302b&\276+H;0\312\021&\275\036\237\350R\313\206R\331\304k\323u\263t\221\213yC\241\217A\242\027g\322\241'\212.E?B_\316\327\217J +\370\t^b\005\020\003\211\373\247|hC\271Nmk~J\270EU\274\036-\347\240\312FA\321\341bca\253\025\321\311\317\021\375\317\217\n\272\033o\353G>\275\361H\265\240\232um""\317\324`\214\221\314\000\211K\223+(""\200i \311\372g\254\343ZR0\224\275q\252\357\213\263\206N\357&Q\217\267\303\356I\236\357\264\311b\037\366\035\253\343\311\265\240\327q\206f\262ODi\215-\363>\034\236l\273\005G\316F\217}[\036\007\270:\260\335\271B\241N\345\330\204\327f\361\272Kb\0377p\334\264\237\177~\330]\252+:\317u\302h\n\351\n\364\231\277R\371\356\033y\265v\360Ny\246\332qY\262\231\251\n\305\334\202\305\362\n\367@k\231\016R:\327\242\366\242\253LZY\223$Gw^\203\302\311\316I7\371tTwp}\005|\372\214\251{R`\230V\244-\326I\351\255\325i\335\377\321\353\327\331\302\023\347y\016\263\271\317\306\017UV\314qu?\0064A\315{3D\010\016S\212\2353k0\361\214ID\303g\277\010Y_\001~\021\333\370\255\374\\331\306\255\336)\365Rth\024\t\300.M\315\321S\257\224\252\362\326P\316\303%nX\3742\333\036\004Y\264yG^\234\177\214\305q\237\274G\300a4\275\240s\215\222\210\016\020G\344=-:GK\312\035\271\201\350\376F\260G\347\000\235\365P6pmH\033\373\212c\377o\232\356\320D\002\277,]os{\354/?\312e\006wda\001\023\375\316\025\254\321\244\370+Y`\220\270\254\2601E[FI\310\235<qI \356\032v%\001\230\016\203\200\251UD\347\304\373\034\211\340@\342\033\263\365\356\341\357\350\324\035J\032\177\230\207\220\303+\207\352g\317N\027>\222M\271m\033\236\021:\272\233r\373\233hC}\256\020\210\010\233\335\025[ d(\343\263\327\177\030\246\254H\277\254E\231\006\033_lB\210\264\334Y\322\314\362\320L\000Q\240\317\3502\006,|\364\004\275\034\006\337\370""\330\364\202\314\315\311?\030\260\361u)\336\202\265Y\177X\227$\245tCB\345\314d\231A\300\204\371KJ\036\321\330\014]""EN\266$]\331\226c\351\312\376z\254\214\206B\274&M\032\376v\266\3104u)\r\312\021\273\030jJH\215G4\367fQ;\255\3404\372\225\341L\224\242\200VY\220\355\020\353I\n\363\266\036\311\003OR\250""\032\230\021]+$\302\005\224\270\033E\r\312\315}\200\2505\216\221\301\341\035[\247\325\236M^\360a\267\356\267\264\227\2326\315\307\363\323\325\303\032N\256*\307\327 \235\332\207u\210\271\257\306g\231i*\260\326k\001"";   nodeid: ""\260\000\000\000\000\000\000\000\000\000\000\000\000\000\000\000\000\000\000\000\000\000\000\000\000\000\000\000\000\000\000\000\001""; }; ","ledgerHash: ""\247]\357\236\n\207}P\2654\026`\256u\276\r&\026K\315a\3337\216.\240\362\263\327]\372\325""; ledgerSeq: 48; type: liAS_NODE; nodes {;   nodedata: ""\021\000h""\000\000\000\000 \033\000\000\000/\002\023\306?\330\356GuH\375\327!\255\371\r\231\262R\256J\034\222\241\355X\265E\241^W\225\304\014\361CX-}\351f\032\255\274\334m\326c\017\014ao[\342\230\003\245\245\3341Hm\326^\017jy\335\261\032Yt\320\244{g\0306\\302\303*\341\215\223\257\364\277o\375\000r\241SOq\221\253\262\005\017\375T\356\014\360o'\030\311-\267\031\257!\031T\006><\315XM\334\324\345\034\000\325\367\240\271\013\265\024\321\362\354\211\250.\234s\225amc\305\035\366\276\037nD\277`\210\223N\3535\033\261\304f\331]\036\237\306o!\223\221\002\324\031\262\240R\177 ,\214\325\Q])\016\2067\277\t\354\010\000\360\215\2502\265\245\310\226\243c\302Ze\306\253#r\020\211\320iG\276\020E\317\035Sf\223F\254\033@\177e\277\016\010u\327\371&\262\312\317Q\2361t\377x\234\001v\003%\030\325_\225g\204\346a=\225\273\331\354\365*U\363\263N\367b\371\244\314-w\363\262\225Z\200\206\235\233\257?sE\2674\254\326mU\377?\177Ek\336\030!\316Aa\225\303\022\377{\210Y\226\271as\354L\035\004\341\361\035\301\024\220m#*\372\032\3178~\374\250\014*\323\342'z69\220\327\256\351G\367\317u\302\207\270b\315\333\333\334\310I\323&\014\352XZnW2.\335\347\202\021\247\362\212e\034\000\001\250\220\305;a\314\265R\310\017\317\331\235\360\262\240:\277\202\266\354\265X""\022\nh\252\352w\204\203\023]\001f\352\277\0031Q]\362\370R\350{\261\202\240\344\215\201\353\276\322p5p\350\354\017>\250r\241c\273\016\301\024\363\242\247\263\231\370\344\nBW\220K\316@3\243\200\036wk\253GSlU\010\360\231>\331\263H\214\324\030A\225\301o\346pkSF\004\241\213w9\223=\250\262*+\255\351r\265\244c\024\213\t\007`\223\325#\3477\210\345P\306\013\320\252[\0216+\227=`\371P\314\346 V7\271[~\n\237\274|\347\352@K\253~&\260\032\024\004B\200\255h\351\013\361\031:nG\211\005|\2003\266\274\251,W\006u\344\335d\003\306\212\313,\340\350bG\n\030Z\2732-\246\312\255\030\003\235207\005}D\260\0261ah\322M\304\216\273m0\271\234\237\007<w$\265C\245\232\033\023\313c\321B\032l\301h\005\320\252\301\361(\330[\343\357\343{\235\n\266g\272>\177\317\347\261qb&\270&\346ju\200\363N\320\307\004\034\001n\317\361\2653\254\2503\247\305\372\316W\022O\253x\250\025\373\247\354Tc\304\263\243^\352Gv\\264\261\r\035\226\306\2411\351\233\203\215\200$\231\300f\220\371c@\017\254\363\\371\340\340VaR\205~^\226\342t\360\022\204d\231\205)\272\364?\361!\334\331\315\254\230\rBG\314\023\246\244=\351\177\254\302b&\276+H;0\312\021&\275\036\237\350R\313\206R\331\304k\323u\263t\221\213yC\241\217A\242\027g\322\241'\212.E?B_\316\327\217J +\370\t^b\005\020\003\211\373\247|hC\271Nmk~J\270EU\274\036-\347\240\312FA\321\341bca\253\025\321\311\317\021\375\317\217\n\272\033o\353G>\275\361H\265\240\232um""\317\324`\214\221\314\000\211K\223+(""\200i \311\372g\254\343ZR0\224\275q\252\357\213\263\206N\357&Q\217\267\303\356I\236\357\264\311b\037\366\035\253\343\311\265\240\327q\206f\262ODi\215-\363>\034\236l\273\005G\316F\217}[\036\007\270:\260\335\271B\241N\345\330\204\327f\361\272Kb\0377p\334\264\237\177~\330]\252+:\317u\302h\n\351\n\364\231\277R\371\356\033y\265v\360Ny\246\332qY\262\231\251\n\305\334\202\305\362\n\367@k\231\016R:\327\242\366\242\253LZY\223$Gw^\203\302\311\316I7\371tTwp}\005|\372\214\251{R`\230V\244-\326I\351\255\325i\335\377\321\353\327\331\302\023\347y\016\263\271\317\306\017UV\314qu?\0064A\315{3D\010\016S\212\2353k0\361\214ID\303g\277\010Y_\001~\021\333\370\255\374\\331\306\255\336)\365Rth\024\t\300.M\315\321S\257\224\252\362\326P\316\303%nX\3742\333\036\004Y\264yG^\234\177\214\305q\237\274G\300a4\275\240s\215\222\210\016\020G\344=-:GK\312\035\271\201\350\376F\260G\347\000\235\365P6pmH\033\373\212c\377o\232\356\320D\002\277,]os{\354/?\312e\006wda\001\023\375\316\025\254\321\244\370+Y`\220\270\254\2601E[FI\310\235<qI \356\032v%\001\230\016\203\200\251UD\347\304\373\034\211\340@\342\033\263\365\356\341\357\350\324\035J\032\177\230\207\220\303+\207\352g\317N\027>\222M\271m\033\236\021:\272\233r\373\233hC}\256\020\210\010\233\335\025[ d(\343\263\327\177\030\246\254H\277\254E\231\006\033_lB\210\264\334Y\322\314\362\320L\000Q\240\317\3502\006,|\364\004\275\034\006\337\370""\330\364\202\314\315\311?\030\260\361u)\336\202\265Y\177X\227$\245tCB\345\314d\231A\300\204\371KJ\036\321\330\014]""EN\266$]\331\226c\351\312\376z\254\214\206B\274&M\032\376v\266\3104u)\r\312\021\273\030jJH\215G4\367fQ;\255\3404\372\225\341L\224\242\200VY\220\355\020\353I\n\363\266\036\311\003OR\250""\032\230\021]+$\302\005\224\270\033E\r\312\315}\200\2505\216\221\301\341\035[\247\325\236M^\360a\267\356\267\264\227\2326\315\307\363\323\325\303\032N\256*\307\327 \235\332\207u\210\271\257\306g\231i*\260\326k\001"";   nodeid: ""\260\000\000\000\000\000\000\000\000\000\000\000\000\000\000\000\000\000\000\000\000\000\000\000\000\000\000\000\000\000\000\000\001""; }; "
1750527684534,1750527684534,0,1,3,0,TMLedgerData,"ledgerHash: ""\247]\357\236\n\207}P\2654\026`\256u\276\r&\026K\315a\3337\216.\240\362\263\327]\372\325""; ledgerSeq: 48; type: liBASE; nodes {;   nodedata: ""\000\000\0000\001cEx]\211\377\330]+$\302\005\224\270\033E\r\312\315}\200\2505\216\221\301\341\035[\247\325\236M^\360a\267\356\267\000\000\000\000\000\000\000\000\000\000\000\000\000\000\000\000\000\000\000\000\000\000\000\000\000\000\000\000\000\000\000\000\202\215i\323+\236l%(D\371!\01098=\330U\236\342\265\325\330\344@\324\372UAU\336\362/\351\253A/\351\253B\n\000""; }; nodes {;   nodedata: ""\323C\344\327\264{\312-\017:\006{\177\344N\002\326bO\260\220\006\033\362\345\005U\221DzJ0\001\301\025%1L\307\t\261\262z\374\222T\301\274V\236\223\262\270Ct\362\337b\356\024*\324\320\351\317\002k\336\234\027v\351\217\260\303\360\233ZPZWr\246$w\313\313\r\243r\232\2234\373\3539:N\004Q\245\272D\312D\300\300\t\323\0257\345e\271\na\215{\226\255x%T\257\037\333\004\344_/R\006E\344\037@\210\363\010\336T\226\247'\204_{\261\370""1\235\2445\343\033Y!\212\201\341\272\225'\007\202y\002E\360\010\250@O\375\330\214\354\302ES\263T\265\236Ez\333\354\321Fo\203\266\266\302>\013\003""; }; requestCookie: 3; ","ledgerHash: ""\247]\357\236\n\207}P\2654\026`\256u\276\r&\026K\315a\3337\216.\240\362\263\327]\372\325""; ledgerSeq: 48; type: liBASE; nodes {;   nodedata: ""\000\000\0000\001cEx]\211\377\330]+$\302\005\224\270\033E\r\312\315}\200\2505\216\221\301\341\035[\247\325\236M^\360a\267\356\267\000\000\000\000\000\000\000\000\000\000\000\000\000\000\000\000\000\000\000\000\000\000\000\000\000\000\000\000\000\000\000\000\202\215i\323+\236l%(D\371!\01098=\330U\236\342\265\325\330\344@\324\372UAU\336\362/\351\253A/\351\253B\n\000""; }; nodes {;   nodedata: ""\323C\344\327\264{\312-\017:\006{\177\344N\002\326bO\260\220\006\033\362\345\005U\221DzJ0\001\301\025%1L\307\t\261\262z\374\222T\301\274V\236\223\262\270Ct\362\337b\356\024*\324\320\351\317\002k\336\234\027v\351\217\260\303\360\233ZPZWr\246$w\313\313\r\243r\232\2234\373\3539:N\004Q\245\272D\312D\300\300\t\323\0257\345e\271\na\215{\226\255x%T\257\037\333\004\344_/R\006E\344\037@\210\363\010\336T\226\247'\204_{\261\370""1\235\2445\343\033Y!\212\201\341\272\225'\007\202y\002E\360\010\250@O\375\330\214\354\302ES\263T\265\236Ez\333\354\321Fo\203\266\266\302>\013\003""; }; requestCookie: 3; "
1750527684535,1750527684536,0,1,3,0,TMLedgerData,"ledgerHash: ""\247]\357\236\n\207}P\2654\026`\256u\276\r&\026K\315a\3337\216.\240\362\263\327]\372\325""; ledgerSeq: 48; type: liAS_NODE; nodes {;   nodedata: ""\021\000h""\000\000\000\000 \033\000\000\000/\002\023\306?\330\356GuH\375\327!\255\371\r\231\262R\256J\034\222\241\355X\265E\241^W\225\304\014\361CX-}\351f\032\255\274\334m\326c\017\014ao[\342\230\003\245\245\3341Hm\326^\017jy\335\261\032Yt\320\244{g\0306\\302\303*\341\215\223\257\364\277o\375\000r\241SOq\221\253\262\005\017\375T\356\014\360o'\030\311-\267\031\257!\031T\006><\315XM\334\324\345\034\000\325\367\240\271\013\265\024\321\362\354\211\250.\234s\225amc\305\035\366\276\037nD\277`\210\223N\3535\033\261\304f\331]\036\237\306o!\223\221\002\324\031\262\240R\177 ,\214\325\Q])\016\2067\277\t\354\010\000\360\215\2502\265\245\310\226\243c\302Ze\306\253#r\020\211\320iG\276\020E\317\035Sf\223F\254\033@\177e\277\016\010u\327\371&\262\312\317Q\2361t\377x\234\001v\003%\030\325_\225g\204\346a=\225\273\331\354\365*U\363\263N\367b\371\244\314-w\363\262\225Z\200\206\235\233\257?sE\2674\254\326mU\377?\177Ek\336\030!\316Aa\225\303\022\377{\210Y\226\271as\354L\035\004\341\361\035\301\024\220m#*\372\032\3178~\374\250\014*\323\342'z69\220\327\256\351G\367\317u\302\207\270b\315\333\333\334\310I\323&\014\352XZnW2.\335\347\202\021\247\362\212e\034\000\001\250\220\305;a\314\265R\310\017\317\331\235\360\262\240:\277\202\266\354\265X""\022\nh\252\352w\204\203\023]\001f\352\277\0031Q]\362\370R\350{\261\202\240\344\215\201\353\276\322p5p\350\354\017>\250r\241c\273\016\301\024\363\242\247\263\231\370\344\nBW\220K\316@3\243\200\036wk\253GSlU\010\360\231>\331\263H\214\324\030A\225\301o\346pkSF\004\241\213w9\223=\250\262*+\255\351r\265\244c\024\213\t\007`\223\325#\3477\210\345P\306\013\320\252[\0216+\227=`\371P\314\346 V7\271[~\n\237\274|\347\352@K\253~&\260\032\024\004B\200\255h\351\013\361\031:nG\211\005|\2003\266\274\251,W\006u\344\335d\003\306\212\313,\340\350bG\n\030Z\2732-\246\312\255\030\003\235207\005}D\260\0261ah\322M\304\216\273m0\271\234\237\007<w$\265C\245\232\033\023\313c\321B\032l\301h\005\320\252\301\361(\330[\343\357\343{\235\n\266g\272>\177\317\347\261qb&\270&\346ju\200\363N\320\307\004\034\001n\317\361\2653\254\2503\247\305\372\316W\022O\253x\250\025\373\247\354Tc\304\263\243^\352Gv\\264\261\r\035\226\306\2411\351\233\203\215\200$\231\300f\220\371c@\017\254\363\\371\340\340VaR\205~^\226\342t\360\022\204d\231\205)\272\364?\361!\334\331\315\254\230\rBG\314\023\246\244=\351\177\254\302b&\276+H;0\312\021&\275\036\237\350R\313\206R\331\304k\323u\263t\221\213yC\241\217A\242\027g\322\241'\212.E?B_\316\327\217J +\370\t^b\005\020\003\211\373\247|hC\271Nmk~J\270EU\274\036-\347\240\312FA\321\341bca\253\025\321\311\317\021\375\317\217\n\272\033o\353G>\275\361H\265\240\232um""\317\324`\214\221\314\000\211K\223+(""\200i \311\372g\254\343ZR0\224\275q\252\357\213\263\206N\357&Q\217\267\303\356I\236\357\264\311b\037\366\035\253\343\311\265\240\327q\206f\262ODi\215-\363>\034\236l\273\005G\316F\217}[\036\007\270:\260\335\271B\241N\345\330\204\327f\361\272Kb\0377p\334\264\237\177~\330]\252+:\317u\302h\n\351\n\364\231\277R\371\356\033y\265v\360Ny\246\332qY\262\231\251\n\305\334\202\305\362\n\367@k\231\016R:\327\242\366\242\253LZY\223$Gw^\203\302\311\316I7\371tTwp}\005|\372\214\251{R`\230V\244-\326I\351\255\325i\335\377\321\353\327\331\302\023\347y\016\263\271\317\306\017UV\314qu?\0064A\315{3D\010\016S\212\2353k0\361\214ID\303g\277\010Y_\001~\021\333\370\255\374\\331\306\255\336)\365Rth\024\t\300.M\315\321S\257\224\252\362\326P\316\303%nX\3742\333\036\004Y\264yG^\234\177\214\305q\237\274G\300a4\275\240s\215\222\210\016\020G\344=-:GK\312\035\271\201\350\376F\260G\347\000\235\365P6pmH\033\373\212c\377o\232\356\320D\002\277,]os{\354/?\312e\006wda\001\023\375\316\025\254\321\244\370+Y`\220\270\254\2601E[FI\310\235<qI \356\032v%\001\230\016\203\200\251UD\347\304\373\034\211\340@\342\033\263\365\356\341\357\350\324\035J\032\177\230\207\220\303+\207\352g\317N\027>\222M\271m\033\236\021:\272\233r\373\233hC}\256\020\210\010\233\335\025[ d(\343\263\327\177\030\246\254H\277\254E\231\006\033_lB\210\264\334Y\322\314\362\320L\000Q\240\317\3502\006,|\364\004\275\034\006\337\370""\330\364\202\314\315\311?\030\260\361u)\336\202\265Y\177X\227$\245tCB\345\314d\231A\300\204\371KJ\036\321\330\014]""EN\266$]\331\226c\351\312\376z\254\214\206B\274&M\032\376v\266\3104u)\r\312\021\273\030jJH\215G4\367fQ;\255\3404\372\225\341L\224\242\200VY\220\355\020\353I\n\363\266\036\311\003OR\250""\032\230\021]+$\302\005\224\270\033E\r\312\315}\200\2505\216\221\301\341\035[\247\325\236M^\360a\267\356\267\264\227\2326\315\307\363\323\325\303\032N\256*\307\327 \235\332\207u\210\271\257\306g\231i*\260\326k\001"";   nodeid: ""\260\000\000\000\000\000\000\000\000\000\000\000\000\000\000\000\000\000\000\000\000\000\000\000\000\000\000\000\000\000\000\000\001""; }; ","ledgerHash: ""\247]\357\236\n\207}P\2654\026`\256u\276\r&\026K\315a\3337\216.\240\362\263\327]\372\325""; ledgerSeq: 48; type: liAS_NODE; nodes {;   nodedata: ""\021\000h""\000\000\000\000 \033\000\000\000/\002\023\306?\330\356GuH\375\327!\255\371\r\231\262R\256J\034\222\241\355X\265E\241^W\225\304\014\361CX-}\351f\032\255\274\334m\326c\017\014ao[\342\230\003\245\245\3341Hm\326^\017jy\335\261\032Yt\320\244{g\0306\\302\303*\341\215\223\257\364\277o\375\000r\241SOq\221\253\262\005\017\375T\356\014\360o'\030\311-\267\031\257!\031T\006><\315XM\334\324\345\034\000\325\367\240\271\013\265\024\321\362\354\211\250.\234s\225amc\305\035\366\276\037nD\277`\210\223N\3535\033\261\304f\331]\036\237\306o!\223\221\002\324\031\262\240R\177 ,\214\325\Q])\016\2067\277\t\354\010\000\360\215\2502\265\245\310\226\243c\302Ze\306\253#r\020\211\320iG\276\020E\317\035Sf\223F\254\033@\177e\277\016\010u\327\371&\262\312\317Q\2361t\377x\234\001v\003%\030\325_\225g\204\346a=\225\273\331\354\365*U\363\263N\367b\371\244\314-w\363\262\225Z\200\206\235\233\257?sE\2674\254\326mU\377?\177Ek\336\030!\316Aa\225\303\022\377{\210Y\226\271as\354L\035\004\341\361\035\301\024\220m#*\372\032\3178~\374\250\014*\323\342'z69\220\327\256\351G\367\317u\302\207\270b\315\333\333\334\310I\323&\014\352XZnW2.\335\347\202\021\247\362\212e\034\000\001\250\220\305;a\314\265R\310\017\317\331\235\360\262\240:\277\202\266\354\265X""\022\nh\252\352w\204\203\023]\001f\352\277\0031Q]\362\370R\350{\261\202\240\344\215\201\353\276\322p5p\350\354\017>\250r\241c\273\016\301\024\363\242\247\263\231\370\344\nBW\220K\316@3\243\200\036wk\253GSlU\010\360\231>\331\263H\214\324\030A\225\301o\346pkSF\004\241\213w9\223=\250\262*+\255\351r\265\244c\024\213\t\007`\223\325#\3477\210\345P\306\013\320\252[\0216+\227=`\371P\314\346 V7\271[~\n\237\274|\347\352@K\253~&\260\032\024\004B\200\255h\351\013\361\031:nG\211\005|\2003\266\274\251,W\006u\344\335d\003\306\212\313,\340\350bG\n\030Z\2732-\246\312\255\030\003\235207\005}D\260\0261ah\322M\304\216\273m0\271\234\237\007<w$\265C\245\232\033\023\313c\321B\032l\301h\005\320\252\301\361(\330[\343\357\343{\235\n\266g\272>\177\317\347\261qb&\270&\346ju\200\363N\320\307\004\034\001n\317\361\2653\254\2503\247\305\372\316W\022O\253x\250\025\373\247\354Tc\304\263\243^\352Gv\\264\261\r\035\226\306\2411\351\233\203\215\200$\231\300f\220\371c@\017\254\363\\371\340\340VaR\205~^\226\342t\360\022\204d\231\205)\272\364?\361!\334\331\315\254\230\rBG\314\023\246\244=\351\177\254\302b&\276+H;0\312\021&\275\036\237\350R\313\206R\331\304k\323u\263t\221\213yC\241\217A\242\027g\322\241'\212.E?B_\316\327\217J +\370\t^b\005\020\003\211\373\247|hC\271Nmk~J\270EU\274\036-\347\240\312FA\321\341bca\253\025\321\311\317\021\375\317\217\n\272\033o\353G>\275\361H\265\240\232um""\317\324`\214\221\314\000\211K\223+(""\200i \311\372g\254\343ZR0\224\275q\252\357\213\263\206N\357&Q\217\267\303\356I\236\357\264\311b\037\366\035\253\343\311\265\240\327q\206f\262ODi\215-\363>\034\236l\273\005G\316F\217}[\036\007\270:\260\335\271B\241N\345\330\204\327f\361\272Kb\0377p\334\264\237\177~\330]\252+:\317u\302h\n\351\n\364\231\277R\371\356\033y\265v\360Ny\246\332qY\262\231\251\n\305\334\202\305\362\n\367@k\231\016R:\327\242\366\242\253LZY\223$Gw^\203\302\311\316I7\371tTwp}\005|\372\214\251{R`\230V\244-\326I\351\255\325i\335\377\321\353\327\331\302\023\347y\016\263\271\317\306\017UV\314qu?\0064A\315{3D\010\016S\212\2353k0\361\214ID\303g\277\010Y_\001~\021\333\370\255\374\\331\306\255\336)\365Rth\024\t\300.M\315\321S\257\224\252\362\326P\316\303%nX\3742\333\036\004Y\264yG^\234\177\214\305q\237\274G\300a4\275\240s\215\222\210\016\020G\344=-:GK\312\035\271\201\350\376F\260G\347\000\235\365P6pmH\033\373\212c\377o\232\356\320D\002\277,]os{\354/?\312e\006wda\001\023\375\316\025\254\321\244\370+Y`\220\270\254\2601E[FI\310\235<qI \356\032v%\001\230\016\203\200\251UD\347\304\373\034\211\340@\342\033\263\365\356\341\357\350\324\035J\032\177\230\207\220\303+\207\352g\317N\027>\222M\271m\033\236\021:\272\233r\373\233hC}\256\020\210\010\233\335\025[ d(\343\263\327\177\030\246\254H\277\254E\231\006\033_lB\210\264\334Y\322\314\362\320L\000Q\240\317\3502\006,|\364\004\275\034\006\337\370""\330\364\202\314\315\311?\030\260\361u)\336\202\265Y\177X\227$\245tCB\345\314d\231A\300\204\371KJ\036\321\330\014]""EN\266$]\331\226c\351\312\376z\254\214\206B\274&M\032\376v\266\3104u)\r\312\021\273\030jJH\215G4\367fQ;\255\3404\372\225\341L\224\242\200VY\220\355\020\353I\n\363\266\036\311\003OR\250""\032\230\021]+$\302\005\224\270\033E\r\312\315}\200\2505\216\221\301\341\035[\247\325\236M^\360a\267\356\267\264\227\2326\315\307\363\323\325\303\032N\256*\307\327 \235\332\207u\210\271\257\306g\231i*\260\326k\001"";   nodeid: ""\260\000\000\000\000\000\000\000\000\000\000\000\000\000\000\000\000\000\000\000\000\000\000\000\000\000\000\000\000\000\000\000\001""; }; "
1750527684537,1750527684538,0,1,2,1,TMLedgerData,"ledgerHash: ""\247]\357\236\n\207}P\2654\026`\256u\276\r&\026K\315a\3337\216.\240\362\263\327]\372\325""; ledgerSeq: 48; type: liBASE; nodes {;   nodedata: ""\000\000\0000\001cEx]\211\377\330]+$\302\005\224\270\033E\r\312\315}\200\2505\216\221\301\341\035[\247\325\236M^\360a\267\356\267\000\000\000\000\000\000\000\000\000\000\000\000\000\000\000\000\000\000\000\000\000\000\000\000\000\000\000\000\000\000\000\000\202\215i\323+\236l%(D\371!\01098=\330U\236\342\265\325\330\344@\324\372UAU\336\362/\351\253A/\351\253B\n\000""; }; nodes {;   nodedata: ""\323C\344\327\264{\312-\017:\006{\177\344N\002\326bO\260\220\006\033\362\345\005U\221DzJ0\001\301\025%1L\307\t\261\262z\374\222T\301\274V\236\223\262\270Ct\362\337b\356\024*\324\320\351\317\002k\336\234\027v\351\217\260\303\360\233ZPZWr\246$w\313\313\r\243r\232\2234\373\3539:N\004Q\245\272D\312D\300\300\t\323\0257\345e\271\na\215{\226\255x%T\257\037\333\004\344_/R\006E\344\037@\210\363\010\336T\226\247'\204_{\261\370""1\235\2445\343\033Y!\212\201\341\272\225'\007\202y\002E\360\010\250@O\375\330\214\354\302ES\263T\265\236Ez\333\354\321Fo\203\266\266\302>\013\003""; }; ","ledgerHash: ""\247]\357\236\n\207}P\2654\026`\256u\276\r&\026K\315a\3337\216.\240\362\263\327]\372\325""; ledgerSeq: 48; type: liBASE; nodes {;   nodedata: ""\000\000\0000\001cEx]\211\377\330]+$\302\005\224\270\033E\r\312\315}\200\2505\216\221\301\341\035[\247\325\236M^\360a\267\356\267\000\000\000\000\000\000\000\000\000\000\000\000\000\000\000\000\000\000\000\000\000\000\000\000\000\000\000\000\000\000\000\000\202\215i\323+\236l%(D\371!\01098=\330U\236\342\265\325\330\344@\324\372UAU\336\362/\351\253A/\351\253B\n\000""; }; nodes {;   nodedata: ""\323C\344\327\264{\312-\017:\006{\177\344N\002\326bO\260\220\006\033\362\345\005U\221DzJ0\001\301\025%1L\307\t\261\262z\374\222T\301\274V\236\223\262\270Ct\362\337b\356\024*\324\320\351\317\002k\336\234\027v\351\217\260\303\360\233ZPZWr\246$w\313\313\r\243r\232\2234\373\3539:N\004Q\245\272D\312D\300\300\t\323\0257\345e\271\na\215{\226\255x%T\257\037\333\004\344_/R\006E\344\037@\210\363\010\336T\226\247'\204_{\261\370""1\235\2445\343\033Y!\212\201\341\272\225'\007\202y\002E\360\010\250@O\375\330\214\354\302ES\263T\265\236Ez\333\354\321Fo\203\266\266\302>\013\003""; }; "
1750527684538,1750527684538,0,1,4,0,TMLedgerData,"ledgerHash: ""\247]\357\236\n\207}P\2654\026`\256u\276\r&\026K\315a\3337\216.\240\362\263\327]\372\325""; ledgerSeq: 48; type: liBASE; nodes {;   nodedata: ""\000\000\0000\001cEx]\211\377\330]+$\302\005\224\270\033E\r\312\315}\200\2505\216\221\301\341\035[\247\325\236M^\360a\267\356\267\000\000\000\000\000\000\000\000\000\000\000\000\000\000\000\000\000\000\000\000\000\000\000\000\000\000\000\000\000\000\000\000\202\215i\323+\236l%(D\371!\01098=\330U\236\342\265\325\330\344@\324\372UAU\336\362/\351\253A/\351\253B\n\000""; }; nodes {;   nodedata: ""\323C\344\327\264{\312-\017:\006{\177\344N\002\326bO\260\220\006\033\362\345\005U\221DzJ0\001\301\025%1L\307\t\261\262z\374\222T\301\274V\236\223\262\270Ct\362\337b\356\024*\324\320\351\317\002k\336\234\027v\351\217\260\303\360\233ZPZWr\246$w\313\313\r\243r\232\2234\373\3539:N\004Q\245\272D\312D\300\300\t\323\0257\345e\271\na\215{\226\255x%T\257\037\333\004\344_/R\006E\344\037@\210\363\010\336T\226\247'\204_{\261\370""1\235\2445\343\033Y!\212\201\341\272\225'\007\202y\002E\360\010\250@O\375\330\214\354\302ES\263T\265\236Ez\333\354\321Fo\203\266\266\302>\013\003""; }; ","ledgerHash: ""\247]\357\236\n\207}P\2654\026`\256u\276\r&\026K\315a\3337\216.\240\362\263\327]\372\325""; ledgerSeq: 48; type: liBASE; nodes {;   nodedata: ""\000\000\0000\001cEx]\211\377\330]+$\302\005\224\270\033E\r\312\315}\200\2505\216\221\301\341\035[\247\325\236M^\360a\267\356\267\000\000\000\000\000\000\000\000\000\000\000\000\000\000\000\000\000\000\000\000\000\000\000\000\000\000\000\000\000\000\000\000\202\215i\323+\236l%(D\371!\01098=\330U\236\342\265\325\330\344@\324\372UAU\336\362/\351\253A/\351\253B\n\000""; }; nodes {;   nodedata: ""\323C\344\327\264{\312-\017:\006{\177\344N\002\326bO\260\220\006\033\362\345\005U\221DzJ0\001\301\025%1L\307\t\261\262z\374\222T\301\274V\236\223\262\270Ct\362\337b\356\024*\324\320\351\317\002k\336\234\027v\351\217\260\303\360\233ZPZWr\246$w\313\313\r\243r\232\2234\373\3539:N\004Q\245\272D\312D\300\300\t\323\0257\345e\271\na\215{\226\255x%T\257\037\333\004\344_/R\006E\344\037@\210\363\010\336T\226\247'\204_{\261\370""1\235\2445\343\033Y!\212\201\341\272\225'\007\202y\002E\360\010\250@O\375\330\214\354\302ES\263T\265\236Ez\333\354\321Fo\203\266\266\302>\013\003""; }; "
1750527684538,1750527684538,0,1,4,1,TMLedgerData,"ledgerHash: ""\247]\357\236\n\207}P\2654\026`\256u\276\r&\026K\315a\3337\216.\240\362\263\327]\372\325""; ledgerSeq: 48; type: liBASE; nodes {;   nodedata: ""\000\000\0000\001cEx]\211\377\330]+$\302\005\224\270\033E\r\312\315}\200\2505\216\221\301\341\035[\247\325\236M^\360a\267\356\267\000\000\000\000\000\000\000\000\000\000\000\000\000\000\000\000\000\000\000\000\000\000\000\000\000\000\000\000\000\000\000\000\202\215i\323+\236l%(D\371!\01098=\330U\236\342\265\325\330\344@\324\372UAU\336\362/\351\253A/\351\253B\n\000""; }; nodes {;   nodedata: ""\323C\344\327\264{\312-\017:\006{\177\344N\002\326bO\260\220\006\033\362\345\005U\221DzJ0\001\301\025%1L\307\t\261\262z\374\222T\301\274V\236\223\262\270Ct\362\337b\356\024*\324\320\351\317\002k\336\234\027v\351\217\260\303\360\233ZPZWr\246$w\313\313\r\243r\232\2234\373\3539:N\004Q\245\272D\312D\300\300\t\323\0257\345e\271\na\215{\226\255x%T\257\037\333\004\344_/R\006E\344\037@\210\363\010\336T\226\247'\204_{\261\370""1\235\2445\343\033Y!\212\201\341\272\225'\007\202y\002E\360\010\250@O\375\330\214\354\302ES\263T\265\236Ez\333\354\321Fo\203\266\266\302>\013\003""; }; ","ledgerHash: ""\247]\357\236\n\207}P\2654\026`\256u\276\r&\026K\315a\3337\216.\240\362\263\327]\372\325""; ledgerSeq: 48; type: liBASE; nodes {;   nodedata: ""\000\000\0000\001cEx]\211\377\330]+$\302\005\224\270\033E\r\312\315}\200\2505\216\221\301\341\035[\247\325\236M^\360a\267\356\267\000\000\000\000\000\000\000\000\000\000\000\000\000\000\000\000\000\000\000\000\000\000\000\000\000\000\000\000\000\000\000\000\202\215i\323+\236l%(D\371!\01098=\330U\236\342\265\325\330\344@\324\372UAU\336\362/\351\253A/\351\253B\n\000""; }; nodes {;   nodedata: ""\323C\344\327\264{\312-\017:\006{\177\344N\002\326bO\260\220\006\033\362\345\005U\221DzJ0\001\301\025%1L\307\t\261\262z\374\222T\301\274V\236\223\262\270Ct\362\337b\356\024*\324\320\351\317\002k\336\234\027v\351\217\260\303\360\233ZPZWr\246$w\313\313\r\243r\232\2234\373\3539:N\004Q\245\272D\312D\300\300\t\323\0257\345e\271\na\215{\226\255x%T\257\037\333\004\344_/R\006E\344\037@\210\363\010\336T\226\247'\204_{\261\370""1\235\2445\343\033Y!\212\201\341\272\225'\007\202y\002E\360\010\250@O\375\330\214\354\302ES\263T\265\236Ez\333\354\321Fo\203\266\266\302>\013\003""; }; "
1750527684539,1750527684540,0,1,2,4,TMLedgerData,"ledgerHash: ""\247]\357\236\n\207}P\2654\026`\256u\276\r&\026K\315a\3337\216.\240\362\263\327]\372\325""; ledgerSeq: 48; type: liBASE; nodes {;   nodedata: ""\000\000\0000\001cEx]\211\377\330]+$\302\005\224\270\033E\r\312\315}\200\2505\216\221\301\341\035[\247\325\236M^\360a\267\356\267\000\000\000\000\000\000\000\000\000\000\000\000\000\000\000\000\000\000\000\000\000\000\000\000\000\000\000\000\000\000\000\000\202\215i\323+\236l%(D\371!\01098=\330U\236\342\265\325\330\344@\324\372UAU\336\362/\351\253A/\351\253B\n\000""; }; nodes {;   nodedata: ""\323C\344\327\264{\312-\017:\006{\177\344N\002\326bO\260\220\006\033\362\345\005U\221DzJ0\001\301\025%1L\307\t\261\262z\374\222T\301\274V\236\223\262\270Ct\362\337b\356\024*\324\320\351\317\002k\336\234\027v\351\217\260\303\360\233ZPZWr\246$w\313\313\r\243r\232\2234\373\3539:N\004Q\245\272D\312D\300\300\t\323\0257\345e\271\na\215{\226\255x%T\257\037\333\004\344_/R\006E\344\037@\210\363\010\336T\226\247'\204_{\261\370""1\235\2445\343\033Y!\212\201\341\272\225'\007\202y\002E\360\010\250@O\375\330\214\354\302ES\263T\265\236Ez\333\354\321Fo\203\266\266\302>\013\003""; }; ","ledgerHash: ""\247]\357\236\n\207}P\2654\026`\256u\276\r&\026K\315a\3337\216.\240\362\263\327]\372\325""; ledgerSeq: 48; type: liBASE; nodes {;   nodedata: ""\000\000\0000\001cEx]\211\377\330]+$\302\005\224\270\033E\r\312\315}\200\2505\216\221\301\341\035[\247\325\236M^\360a\267\356\267\000\000\000\000\000\000\000\000\000\000\000\000\000\000\000\000\000\000\000\000\000\000\000\000\000\000\000\000\000\000\000\000\202\215i\323+\236l%(D\371!\01098=\330U\236\342\265\325\330\344@\324\372UAU\336\362/\351\253A/\351\253B\n\000""; }; nodes {;   nodedata: ""\323C\344\327\264{\312-\017:\006{\177\344N\002\326bO\260\220\006\033\362\345\005U\221DzJ0\001\301\025%1L\307\t\261\262z\374\222T\301\274V\236\223\262\270Ct\362\337b\356\024*\324\320\351\317\002k\336\234\027v\351\217\260\303\360\233ZPZWr\246$w\313\313\r\243r\232\2234\373\3539:N\004Q\245\272D\312D\300\300\t\323\0257\345e\271\na\215{\226\255x%T\257\037\333\004\344_/R\006E\344\037@\210\363\010\336T\226\247'\204_{\261\370""1\235\2445\343\033Y!\212\201\341\272\225'\007\202y\002E\360\010\250@O\375\330\214\354\302ES\263T\265\236Ez\333\354\321Fo\203\266\266\302>\013\003""; }; "
1750527684540,1750527684540,0,1,2,0,TMLedgerData,"ledgerHash: ""\247]\357\236\n\207}P\2654\026`\256u\276\r&\026K\315a\3337\216.\240\362\263\327]\372\325""; ledgerSeq: 48; type: liBASE; nodes {;   nodedata: ""\000\000\0000\001cEx]\211\377\330]+$\302\005\224\270\033E\r\312\315}\200\2505\216\221\301\341\035[\247\325\236M^\360a\267\356\267\000\000\000\000\000\000\000\000\000\000\000\000\000\000\000\000\000\000\000\000\000\000\000\000\000\000\000\000\000\000\000\000\202\215i\323+\236l%(D\371!\01098=\330U\236\342\265\325\330\344@\324\372UAU\336\362/\351\253A/\351\253B\n\000""; }; nodes {;   nodedata: ""\323C\344\327\264{\312-\017:\006{\177\344N\002\326bO\260\220\006\033\362\345\005U\221DzJ0\001\301\025%1L\307\t\261\262z\374\222T\301\274V\236\223\262\270Ct\362\337b\356\024*\324\320\351\317\002k\336\234\027v\351\217\260\303\360\233ZPZWr\246$w\313\313\r\243r\232\2234\373\3539:N\004Q\245\272D\312D\300\300\t\323\0257\345e\271\na\215{\226\255x%T\257\037\333\004\344_/R\006E\344\037@\210\363\010\336T\226\247'\204_{\261\370""1\235\2445\343\033Y!\212\201\341\272\225'\007\202y\002E\360\010\250@O\375\330\214\354\302ES\263T\265\236Ez\333\354\321Fo\203\266\266\302>\013\003""; }; ","ledgerHash: ""\247]\357\236\n\207}P\2654\026`\256u\276\r&\026K\315a\3337\216.\240\362\263\327]\372\325""; ledgerSeq: 48; type: liBASE; nodes {;   nodedata: ""\000\000\0000\001cEx]\211\377\330]+$\302\005\224\270\033E\r\312\315}\200\2505\216\221\301\341\035[\247\325\236M^\360a\267\356\267\000\000\000\000\000\000\000\000\000\000\000\000\000\000\000\000\000\000\000\000\000\000\000\000\000\000\000\000\000\000\000\000\202\215i\323+\236l%(D\371!\01098=\330U\236\342\265\325\330\344@\324\372UAU\336\362/\351\253A/\351\253B\n\000""; }; nodes {;   nodedata: ""\323C\344\327\264{\312-\017:\006{\177\344N\002\326bO\260\220\006\033\362\345\005U\221DzJ0\001\301\025%1L\307\t\261\262z\374\222T\301\274V\236\223\262\270Ct\362\337b\356\024*\324\320\351\317\002k\336\234\027v\351\217\260\303\360\233ZPZWr\246$w\313\313\r\243r\232\2234\373\3539:N\004Q\245\272D\312D\300\300\t\323\0257\345e\271\na\215{\226\255x%T\257\037\333\004\344_/R\006E\344\037@\210\363\010\336T\226\247'\204_{\261\370""1\235\2445\343\033Y!\212\201\341\272\225'\007\202y\002E\360\010\250@O\375\330\214\354\302ES\263T\265\236Ez\333\354\321Fo\203\266\266\302>\013\003""; }; "
1750527684541,1750527684542,0,1,1,4,TMLedgerData,"ledgerHash: ""\247]\357\236\n\207}P\2654\026`\256u\276\r&\026K\315a\3337\216.\240\362\263\327]\372\325""; ledgerSeq: 48; type: liBASE; nodes {;   nodedata: ""\000\000\0000\001cEx]\211\377\330]+$\302\005\224\270\033E\r\312\315}\200\2505\216\221\301\341\035[\247\325\236M^\360a\267\356\267\000\000\000\000\000\000\000\000\000\000\000\000\000\000\000\000\000\000\000\000\000\000\000\000\000\000\000\000\000\000\000\000\202\215i\323+\236l%(D\371!\01098=\330U\236\342\265\325\330\344@\324\372UAU\336\362/\351\253A/\351\253B\n\000""; }; nodes {;   nodedata: ""\323C\344\327\264{\312-\017:\006{\177\344N\002\326bO\260\220\006\033\362\345\005U\221DzJ0\001\301\025%1L\307\t\261\262z\374\222T\301\274V\236\223\262\270Ct\362\337b\356\024*\324\320\351\317\002k\336\234\027v\351\217\260\303\360\233ZPZWr\246$w\313\313\r\243r\232\2234\373\3539:N\004Q\245\272D\312D\300\300\t\323\0257\345e\271\na\215{\226\255x%T\257\037\333\004\344_/R\006E\344\037@\210\363\010\336T\226\247'\204_{\261\370""1\235\2445\343\033Y!\212\201\341\272\225'\007\202y\002E\360\010\250@O\375\330\214\354\302ES\263T\265\236Ez\333\354\321Fo\203\266\266\302>\013\003""; }; ","ledgerHash: ""\247]\357\236\n\207}P\2654\026`\256u\276\r&\026K\315a\3337\216.\240\362\263\327]\372\325""; ledgerSeq: 48; type: liBASE; nodes {;   nodedata: ""\000\000\0000\001cEx]\211\377\330]+$\302\005\224\270\033E\r\312\315}\200\2505\216\221\301\341\035[\247\325\236M^\360a\267\356\267\000\000\000\000\000\000\000\000\000\000\000\000\000\000\000\000\000\000\000\000\000\000\000\000\000\000\000\000\000\000\000\000\202\215i\323+\236l%(D\371!\01098=\330U\236\342\265\325\330\344@\324\372UAU\336\362/\351\253A/\351\253B\n\000""; }; nodes {;   nodedata: ""\323C\344\327\264{\312-\017:\006{\177\344N\002\326bO\260\220\006\033\362\345\005U\221DzJ0\001\301\025%1L\307\t\261\262z\374\222T\301\274V\236\223\262\270Ct\362\337b\356\024*\324\320\351\317\002k\336\234\027v\351\217\260\303\360\233ZPZWr\246$w\313\313\r\243r\232\2234\373\3539:N\004Q\245\272D\312D\300\300\t\323\0257\345e\271\na\215{\226\255x%T\257\037\333\004\344_/R\006E\344\037@\210\363\010\336T\226\247'\204_{\261\370""1\235\2445\343\033Y!\212\201\341\272\225'\007\202y\002E\360\010\250@O\375\330\214\354\302ES\263T\265\236Ez\333\354\321Fo\203\266\266\302>\013\003""; }; "
1750527684542,1750527684542,0,1,1,0,TMLedgerData,"ledgerHash: ""\247]\357\236\n\207}P\2654\026`\256u\276\r&\026K\315a\3337\216.\240\362\263\327]\372\325""; ledgerSeq: 48; type: liBASE; nodes {;   nodedata: ""\000\000\0000\001cEx]\211\377\330]+$\302\005\224\270\033E\r\312\315}\200\2505\216\221\301\341\035[\247\325\236M^\360a\267\356\267\000\000\000\000\000\000\000\000\000\000\000\000\000\000\000\000\000\000\000\000\000\000\000\000\000\000\000\000\000\000\000\000\202\215i\323+\236l%(D\371!\01098=\330U\236\342\265\325\330\344@\324\372UAU\336\362/\351\253A/\351\253B\n\000""; }; nodes {;   nodedata: ""\323C\344\327\264{\312-\017:\006{\177\344N\002\326bO\260\220\006\033\362\345\005U\221DzJ0\001\301\025%1L\307\t\261\262z\374\222T\301\274V\236\223\262\270Ct\362\337b\356\024*\324\320\351\317\002k\336\234\027v\351\217\260\303\360\233ZPZWr\246$w\313\313\r\243r\232\2234\373\3539:N\004Q\245\272D\312D\300\300\t\323\0257\345e\271\na\215{\226\255x%T\257\037\333\004\344_/R\006E\344\037@\210\363\010\336T\226\247'\204_{\261\370""1\235\2445\343\033Y!\212\201\341\272\225'\007\202y\002E\360\010\250@O\375\330\214\354\302ES\263T\265\236Ez\333\354\321Fo\203\266\266\302>\013\003""; }; ","ledgerHash: ""\247]\357\236\n\207}P\2654\026`\256u\276\r&\026K\315a\3337\216.\240\362\263\327]\372\325""; ledgerSeq: 48; type: liBASE; nodes {;   nodedata: ""\000\000\0000\001cEx]\211\377\330]+$\302\005\224\270\033E\r\312\315}\200\2505\216\221\301\341\035[\247\325\236M^\360a\267\356\267\000\000\000\000\000\000\000\000\000\000\000\000\000\000\000\000\000\000\000\000\000\000\000\000\000\000\000\000\000\000\000\000\202\215i\323+\236l%(D\371!\01098=\330U\236\342\265\325\330\344@\324\372UAU\336\362/\351\253A/\351\253B\n\000""; }; nodes {;   nodedata: ""\323C\344\327\264{\312-\017:\006{\177\344N\002\326bO\260\220\006\033\362\345\005U\221DzJ0\001\301\025%1L\307\t\261\262z\374\222T\301\274V\236\223\262\270Ct\362\337b\356\024*\324\320\351\317\002k\336\234\027v\351\217\260\303\360\233ZPZWr\246$w\313\313\r\243r\232\2234\373\3539:N\004Q\245\272D\312D\300\300\t\323\0257\345e\271\na\215{\226\255x%T\257\037\333\004\344_/R\006E\344\037@\210\363\010\336T\226\247'\204_{\261\370""1\235\2445\343\033Y!\212\201\341\272\225'\007\202y\002E\360\010\250@O\375\330\214\354\302ES\263T\265\236Ez\333\354\321Fo\203\266\266\302>\013\003""; }; "
1750527684543,1750527684543,0,1,1,2,TMLedgerData,"ledgerHash: ""\247]\357\236\n\207}P\2654\026`\256u\276\r&\026K\315a\3337\216.\240\362\263\327]\372\325""; ledgerSeq: 48; type: liBASE; nodes {;   nodedata: ""\000\000\0000\001cEx]\211\377\330]+$\302\005\224\270\033E\r\312\315}\200\2505\216\221\301\341\035[\247\325\236M^\360a\267\356\267\000\000\000\000\000\000\000\000\000\000\000\000\000\000\000\000\000\000\000\000\000\000\000\000\000\000\000\000\000\000\000\000\202\215i\323+\236l%(D\371!\01098=\330U\236\342\265\325\330\344@\324\372UAU\336\362/\351\253A/\351\253B\n\000""; }; nodes {;   nodedata: ""\323C\344\327\264{\312-\017:\006{\177\344N\002\326bO\260\220\006\033\362\345\005U\221DzJ0\001\301\025%1L\307\t\261\262z\374\222T\301\274V\236\223\262\270Ct\362\337b\356\024*\324\320\351\317\002k\336\234\027v\351\217\260\303\360\233ZPZWr\246$w\313\313\r\243r\232\2234\373\3539:N\004Q\245\272D\312D\300\300\t\323\0257\345e\271\na\215{\226\255x%T\257\037\333\004\344_/R\006E\344\037@\210\363\010\336T\226\247'\204_{\261\370""1\235\2445\343\033Y!\212\201\341\272\225'\007\202y\002E\360\010\250@O\375\330\214\354\302ES\263T\265\236Ez\333\354\321Fo\203\266\266\302>\013\003""; }; ","ledgerHash: ""\247]\357\236\n\207}P\2654\026`\256u\276\r&\026K\315a\3337\216.\240\362\263\327]\372\325""; ledgerSeq: 48; type: liBASE; nodes {;   nodedata: ""\000\000\0000\001cEx]\211\377\330]+$\302\005\224\270\033E\r\312\315}\200\2505\216\221\301\341\035[\247\325\236M^\360a\267\356\267\000\000\000\000\000\000\000\000\000\000\000\000\000\000\000\000\000\000\000\000\000\000\000\000\000\000\000\000\000\000\000\000\202\215i\323+\236l%(D\371!\01098=\330U\236\342\265\325\330\344@\324\372UAU\336\362/\351\253A/\351\253B\n\000""; }; nodes {;   nodedata: ""\323C\344\327\264{\312-\017:\006{\177\344N\002\326bO\260\220\006\033\362\345\005U\221DzJ0\001\301\025%1L\307\t\261\262z\374\222T\301\274V\236\223\262\270Ct\362\337b\356\024*\324\320\351\317\002k\336\234\027v\351\217\260\303\360\233ZPZWr\246$w\313\313\r\243r\232\2234\373\3539:N\004Q\245\272D\312D\300\300\t\323\0257\345e\271\na\215{\226\255x%T\257\037\333\004\344_/R\006E\344\037@\210\363\010\336T\226\247'\204_{\261\370""1\235\2445\343\033Y!\212\201\341\272\225'\007\202y\002E\360\010\250@O\375\330\214\354\302ES\263T\265\236Ez\333\354\321Fo\203\266\266\302>\013\003""; }; "
1750527684543,1750527684543,0,1,0,1,TMLedgerData,"ledgerHash: ""\247]\357\236\n\207}P\2654\026`\256u\276\r&\026K\315a\3337\216.\240\362\263\327]\372\325""; ledgerSeq: 48; type: liBASE; nodes {;   nodedata: ""\000\000\0000\001cEx]\211\377\330]+$\302\005\224\270\033E\r\312\315}\200\2505\216\221\301\341\035[\247\325\236M^\360a\267\356\267\000\000\000\000\000\000\000\000\000\000\000\000\000\000\000\000\000\000\000\000\000\000\000\000\000\000\000\000\000\000\000\000\202\215i\323+\236l%(D\371!\01098=\330U\236\342\265\325\330\344@\324\372UAU\336\362/\351\253A/\351\253B\n\000""; }; nodes {;   nodedata: ""\323C\344\327\264{\312-\017:\006{\177\344N\002\326bO\260\220\006\033\362\345\005U\221DzJ0\001\301\025%1L\307\t\261\262z\374\222T\301\274V\236\223\262\270Ct\362\337b\356\024*\324\320\351\317\002k\336\234\027v\351\217\260\303\360\233ZPZWr\246$w\313\313\r\243r\232\2234\373\3539:N\004Q\245\272D\312D\300\300\t\323\0257\345e\271\na\215{\226\255x%T\257\037\333\004\344_/R\006E\344\037@\210\363\010\336T\226\247'\204_{\261\370""1\235\2445\343\033Y!\212\201\341\272\225'\007\202y\002E\360\010\250@O\375\330\214\354\302ES\263T\265\236Ez\333\354\321Fo\203\266\266\302>\013\003""; }; ","ledgerHash: ""\247]\357\236\n\207}P\2654\026`\256u\276\r&\026K\315a\3337\216.\240\362\263\327]\372\325""; ledgerSeq: 48; type: liBASE; nodes {;   nodedata: ""\000\000\0000\001cEx]\211\377\330]+$\302\005\224\270\033E\r\312\315}\200\2505\216\221\301\341\035[\247\325\236M^\360a\267\356\267\000\000\000\000\000\000\000\000\000\000\000\000\000\000\000\000\000\000\000\000\000\000\000\000\000\000\000\000\000\000\000\000\202\215i\323+\236l%(D\371!\01098=\330U\236\342\265\325\330\344@\324\372UAU\336\362/\351\253A/\351\253B\n\000""; }; nodes {;   nodedata: ""\323C\344\327\264{\312-\017:\006{\177\344N\002\326bO\260\220\006\033\362\345\005U\221DzJ0\001\301\025%1L\307\t\261\262z\374\222T\301\274V\236\223\262\270Ct\362\337b\356\024*\324\320\351\317\002k\336\234\027v\351\217\260\303\360\233ZPZWr\246$w\313\313\r\243r\232\2234\373\3539:N\004Q\245\272D\312D\300\300\t\323\0257\345e\271\na\215{\226\255x%T\257\037\333\004\344_/R\006E\344\037@\210\363\010\336T\226\247'\204_{\261\370""1\235\2445\343\033Y!\212\201\341\272\225'\007\202y\002E\360\010\250@O\375\330\214\354\302ES\263T\265\236Ez\333\354\321Fo\203\266\266\302>\013\003""; }; "
1750527684544,1750527684544,0,1,0,2,TMLedgerData,"ledgerHash: ""\247]\357\236\n\207}P\2654\026`\256u\276\r&\026K\315a\3337\216.\240\362\263\327]\372\325""; ledgerSeq: 48; type: liBASE; nodes {;   nodedata: ""\000\000\0000\001cEx]\211\377\330]+$\302\005\224\270\033E\r\312\315}\200\2505\216\221\301\341\035[\247\325\236M^\360a\267\356\267\000\000\000\000\000\000\000\000\000\000\000\000\000\000\000\000\000\000\000\000\000\000\000\000\000\000\000\000\000\000\000\000\202\215i\323+\236l%(D\371!\01098=\330U\236\342\265\325\330\344@\324\372UAU\336\362/\351\253A/\351\253B\n\000""; }; nodes {;   nodedata: ""\323C\344\327\264{\312-\017:\006{\177\344N\002\326bO\260\220\006\033\362\345\005U\221DzJ0\001\301\025%1L\307\t\261\262z\374\222T\301\274V\236\223\262\270Ct\362\337b\356\024*\324\320\351\317\002k\336\234\027v\351\217\260\303\360\233ZPZWr\246$w\313\313\r\243r\232\2234\373\3539:N\004Q\245\272D\312D\300\300\t\323\0257\345e\271\na\215{\226\255x%T\257\037\333\004\344_/R\006E\344\037@\210\363\010\336T\226\247'\204_{\261\370""1\235\2445\343\033Y!\212\201\341\272\225'\007\202y\002E\360\010\250@O\375\330\214\354\302ES\263T\265\236Ez\333\354\321Fo\203\266\266\302>\013\003""; }; ","ledgerHash: ""\247]\357\236\n\207}P\2654\026`\256u\276\r&\026K\315a\3337\216.\240\362\263\327]\372\325""; ledgerSeq: 48; type: liBASE; nodes {;   nodedata: ""\000\000\0000\001cEx]\211\377\330]+$\302\005\224\270\033E\r\312\315}\200\2505\216\221\301\341\035[\247\325\236M^\360a\267\356\267\000\000\000\000\000\000\000\000\000\000\000\000\000\000\000\000\000\000\000\000\000\000\000\000\000\000\000\000\000\000\000\000\202\215i\323+\236l%(D\371!\01098=\330U\236\342\265\325\330\344@\324\372UAU\336\362/\351\253A/\351\253B\n\000""; }; nodes {;   nodedata: ""\323C\344\327\264{\312-\017:\006{\177\344N\002\326bO\260\220\006\033\362\345\005U\221DzJ0\001\301\025%1L\307\t\261\262z\374\222T\301\274V\236\223\262\270Ct\362\337b\356\024*\324\320\351\317\002k\336\234\027v\351\217\260\303\360\233ZPZWr\246$w\313\313\r\243r\232\2234\373\3539:N\004Q\245\272D\312D\300\300\t\323\0257\345e\271\na\215{\226\255x%T\257\037\333\004\344_/R\006E\344\037@\210\363\010\336T\226\247'\204_{\261\370""1\235\2445\343\033Y!\212\201\341\272\225'\007\202y\002E\360\010\250@O\375\330\214\354\302ES\263T\265\236Ez\333\354\321Fo\203\266\266\302>\013\003""; }; "
1750527684631,1750527684631,0,1,4,3,TMStatusChange,"newEvent: neACCEPTED_LEDGER; ledgerSeq: 48; ledgerHash: ""\247]\357\236\n\207}P\2654\026`\256u\276\r&\026K\315a\3337\216.\240\362\263\327]\372\325""; ledgerHashPrevious: ""]+$\302\005\224\270\033E\r\312\315}\200\2505\216\221\301\341\035[\247\325\236M^\360a\267\356\267""; networkTime: 803842884; firstSeq: 1; lastSeq: 47; ","newEvent: neACCEPTED_LEDGER; ledgerSeq: 48; ledgerHash: ""\247]\357\236\n\207}P\2654\026`\256u\276\r&\026K\315a\3337\216.\240\362\263\327]\372\325""; ledgerHashPrevious: ""]+$\302\005\224\270\033E\r\312\315}\200\2505\216\221\301\341\035[\247\325\236M^\360a\267\356\267""; networkTime: 803842884; firstSeq: 1; lastSeq: 47; "
1750527684631,1750527684631,0,1,4,2,TMStatusChange,"newEvent: neACCEPTED_LEDGER; ledgerSeq: 48; ledgerHash: ""\247]\357\236\n\207}P\2654\026`\256u\276\r&\026K\315a\3337\216.\240\362\263\327]\372\325""; ledgerHashPrevious: ""]+$\302\005\224\270\033E\r\312\315}\200\2505\216\221\301\341\035[\247\325\236M^\360a\267\356\267""; networkTime: 803842884; firstSeq: 1; lastSeq: 47; ","newEvent: neACCEPTED_LEDGER; ledgerSeq: 48; ledgerHash: ""\247]\357\236\n\207}P\2654\026`\256u\276\r&\026K\315a\3337\216.\240\362\263\327]\372\325""; ledgerHashPrevious: ""]+$\302\005\224\270\033E\r\312\315}\200\2505\216\221\301\341\035[\247\325\236M^\360a\267\356\267""; networkTime: 803842884; firstSeq: 1; lastSeq: 47; "
1750527684632,1750527684632,0,1,4,0,TMStatusChange,"newEvent: neACCEPTED_LEDGER; ledgerSeq: 48; ledgerHash: ""\247]\357\236\n\207}P\2654\026`\256u\276\r&\026K\315a\3337\216.\240\362\263\327]\372\325""; ledgerHashPrevious: ""]+$\302\005\224\270\033E\r\312\315}\200\2505\216\221\301\341\035[\247\325\236M^\360a\267\356\267""; networkTime: 803842884; firstSeq: 1; lastSeq: 47; ","newEvent: neACCEPTED_LEDGER; ledgerSeq: 48; ledgerHash: ""\247]\357\236\n\207}P\2654\026`\256u\276\r&\026K\315a\3337\216.\240\362\263\327]\372\325""; ledgerHashPrevious: ""]+$\302\005\224\270\033E\r\312\315}\200\2505\216\221\301\341\035[\247\325\236M^\360a\267\356\267""; networkTime: 803842884; firstSeq: 1; lastSeq: 47; "
1750527684632,1750527684632,0,1,4,1,TMStatusChange,"newEvent: neACCEPTED_LEDGER; ledgerSeq: 48; ledgerHash: ""\247]\357\236\n\207}P\2654\026`\256u\276\r&\026K\315a\3337\216.\240\362\263\327]\372\325""; ledgerHashPrevious: ""]+$\302\005\224\270\033E\r\312\315}\200\2505\216\221\301\341\035[\247\325\236M^\360a\267\356\267""; networkTime: 803842884; firstSeq: 1; lastSeq: 47; ","newEvent: neACCEPTED_LEDGER; ledgerSeq: 48; ledgerHash: ""\247]\357\236\n\207}P\2654\026`\256u\276\r&\026K\315a\3337\216.\240\362\263\327]\372\325""; ledgerHashPrevious: ""]+$\302\005\224\270\033E\r\312\315}\200\2505\216\221\301\341\035[\247\325\236M^\360a\267\356\267""; networkTime: 803842884; firstSeq: 1; lastSeq: 47; "
1750527684674,1750527684674,0,1,4,0,TMValidation,"validation: """"\200\000\000\001&\000\000\0000)/\351\253D:\r\302\353\023?\373\240rQ\247]\357\236\n\207}P\2654\026`\256u\276\r&\026K\315a\3337\216.\240\362\263\327]\372\325P\027\000\000\000\000\000\000\000\000\000\000\000\000\000\000\000\000\000\000\000\000\000\000\000\000\000\000\000\000\000\000\000\000P\031]+$\302\005\224\270\033E\r\312\315}\200\2505\216\221\301\341\035[\247\325\236M^\360a\267\356\267s!\003R7o\362bV\300hf\266\241;}\200^\374\240\203[:\342Q\225\221\027y\372\255\235\216\323~vG0E\002!\000\333\013\207\256\377\316\376\n8\363\261\337\346\236\252`\035\267\310\312?\221\006m\004\230\214+xv<\271\002 !\021c\311\203Ss,\204\207\nP\323)\264B\024yL\203\273\324\350\324x\370\007E\226g\312\253""; ","validation: """"\200\000\000\001&\000\000\0000)/\351\253D:\r\302\353\023?\373\240rQ\247]\357\236\n\207}P\2654\026`\256u\276\r&\026K\315a\3337\216.\240\362\263\327]\372\325P\027\000\000\000\000\000\000\000\000\000\000\000\000\000\000\000\000\000\000\000\000\000\000\000\000\000\000\000\000\000\000\000\000P\031]+$\302\005\224\270\033E\r\312\315}\200\2505\216\221\301\341\035[\247\325\236M^\360a\267\356\267s!\003R7o\362bV\300hf\266\241;}\200^\374\240\203[:\342Q\225\221\027y\372\255\235\216\323~vG0E\002!\000\333\013\207\256\377\316\376\n8\363\261\337\346\236\252`\035\267\310\312?\221\006m\004\230\214+xv<\271\002 !\021c\311\203Ss,\204\207\nP\323)\264B\024yL\203\273\324\350\324x\370\007E\226g\312\253""; "
1750527684674,1750527684674,0,1,4,1,TMValidation,"validation: """"\200\000\000\001&\000\000\0000)/\351\253D:\r\302\353\023?\373\240rQ\247]\357\236\n\207}P\2654\026`\256u\276\r&\026K\315a\3337\216.\240\362\263\327]\372\325P\027\000\000\000\000\000\000\000\000\000\000\000\000\000\000\000\000\000\000\000\000\000\000\000\000\000\000\000\000\000\000\000\000P\031]+$\302\005\224\270\033E\r\312\315}\200\2505\216\221\301\341\035[\247\325\236M^\360a\267\356\267s!\003R7o\362bV\300hf\266\241;}\200^\374\240\203[:\342Q\225\221\027y\372\255\235\216\323~vG0E\002!\000\333\013\207\256\377\316\376\n8\363\261\337\346\236\252`\035\267\310\312?\221\006m\004\230\214+xv<\271\002 !\021c\311\203Ss,\204\207\nP\323)\264B\024yL\203\273\324\350\324x\370\007E\226g\312\253""; ","validation: """"\200\000\000\001&\000\000\0000)/\351\253D:\r\302\353\023?\373\240rQ\247]\357\236\n\207}P\2654\026`\256u\276\r&\026K\315a\3337\216.\240\362\263\327]\372\325P\027\000\000\000\000\000\000\000\000\000\000\000\000\000\000\000\000\000\000\000\000\000\000\000\000\000\000\000\000\000\000\000\000P\031]+$\302\005\224\270\033E\r\312\315}\200\2505\216\221\301\341\035[\247\325\236M^\360a\267\356\267s!\003R7o\362bV\300hf\266\241;}\200^\374\240\203[:\342Q\225\221\027y\372\255\235\216\323~vG0E\002!\000\333\013\207\256\377\316\376\n8\363\261\337\346\236\252`\035\267\310\312?\221\006m\004\230\214+xv<\271\002 !\021c\311\203Ss,\204\207\nP\323)\264B\024yL\203\273\324\350\324x\370\007E\226g\312\253""; "
1750527684674,1750527684674,0,1,4,3,TMValidation,"validation: """"\200\000\000\001&\000\000\0000)/\351\253D:\r\302\353\023?\373\240rQ\247]\357\236\n\207}P\2654\026`\256u\276\r&\026K\315a\3337\216.\240\362\263\327]\372\325P\027\000\000\000\000\000\000\000\000\000\000\000\000\000\000\000\000\000\000\000\000\000\000\000\000\000\000\000\000\000\000\000\000P\031]+$\302\005\224\270\033E\r\312\315}\200\2505\216\221\301\341\035[\247\325\236M^\360a\267\356\267s!\003R7o\362bV\300hf\266\241;}\200^\374\240\203[:\342Q\225\221\027y\372\255\235\216\323~vG0E\002!\000\333\013\207\256\377\316\376\n8\363\261\337\346\236\252`\035\267\310\312?\221\006m\004\230\214+xv<\271\002 !\021c\311\203Ss,\204\207\nP\323)\264B\024yL\203\273\324\350\324x\370\007E\226g\312\253""; ","validation: """"\200\000\000\001&\000\000\0000)/\351\253D:\r\302\353\023?\373\240rQ\247]\357\236\n\207}P\2654\026`\256u\276\r&\026K\315a\3337\216.\240\362\263\327]\372\325P\027\000\000\000\000\000\000\000\000\000\000\000\000\000\000\000\000\000\000\000\000\000\000\000\000\000\000\000\000\000\000\000\000P\031]+$\302\005\224\270\033E\r\312\315}\200\2505\216\221\301\341\035[\247\325\236M^\360a\267\356\267s!\003R7o\362bV\300hf\266\241;}\200^\374\240\203[:\342Q\225\221\027y\372\255\235\216\323~vG0E\002!\000\333\013\207\256\377\316\376\n8\363\261\337\346\236\252`\035\267\310\312?\221\006m\004\230\214+xv<\271\002 !\021c\311\203Ss,\204\207\nP\323)\264B\024yL\203\273\324\350\324x\370\007E\226g\312\253""; "
1750527684674,1750527684674,0,1,4,2,TMValidation,"validation: """"\200\000\000\001&\000\000\0000)/\351\253D:\r\302\353\023?\373\240rQ\247]\357\236\n\207}P\2654\026`\256u\276\r&\026K\315a\3337\216.\240\362\263\327]\372\325P\027\000\000\000\000\000\000\000\000\000\000\000\000\000\000\000\000\000\000\000\000\000\000\000\000\000\000\000\000\000\000\000\000P\031]+$\302\005\224\270\033E\r\312\315}\200\2505\216\221\301\341\035[\247\325\236M^\360a\267\356\267s!\003R7o\362bV\300hf\266\241;}\200^\374\240\203[:\342Q\225\221\027y\372\255\235\216\323~vG0E\002!\000\333\013\207\256\377\316\376\n8\363\261\337\346\236\252`\035\267\310\312?\221\006m\004\230\214+xv<\271\002 !\021c\311\203Ss,\204\207\nP\323)\264B\024yL\203\273\324\350\324x\370\007E\226g\312\253""; ","validation: """"\200\000\000\001&\000\000\0000)/\351\253D:\r\302\353\023?\373\240rQ\247]\357\236\n\207}P\2654\026`\256u\276\r&\026K\315a\3337\216.\240\362\263\327]\372\325P\027\000\000\000\000\000\000\000\000\000\000\000\000\000\000\000\000\000\000\000\000\000\000\000\000\000\000\000\000\000\000\000\000P\031]+$\302\005\224\270\033E\r\312\315}\200\2505\216\221\301\341\035[\247\325\236M^\360a\267\356\267s!\003R7o\362bV\300hf\266\241;}\200^\374\240\203[:\342Q\225\221\027y\372\255\235\216\323~vG0E\002!\000\333\013\207\256\377\316\376\n8\363\261\337\346\236\252`\035\267\310\312?\221\006m\004\230\214+xv<\271\002 !\021c\311\203Ss,\204\207\nP\323)\264B\024yL\203\273\324\350\324x\370\007E\226g\312\253""; "
1750527684676,1750527684676,0,1,1,0,TMValidation,"validation: """"\200\000\000\001&\000\000\0000)/\351\253D:\r\302\353\023?\373\240rQ\247]\357\236\n\207}P\2654\026`\256u\276\r&\026K\315a\3337\216.\240\362\263\327]\372\325P\027\000\000\000\000\000\000\000\000\000\000\000\000\000\000\000\000\000\000\000\000\000\000\000\000\000\000\000\000\000\000\000\000P\031]+$\302\005\224\270\033E\r\312\315}\200\2505\216\221\301\341\035[\247\325\236M^\360a\267\356\267s!\003R7o\362bV\300hf\266\241;}\200^\374\240\203[:\342Q\225\221\027y\372\255\235\216\323~vG0E\002!\000\333\013\207\256\377\316\376\n8\363\261\337\346\236\252`\035\267\310\312?\221\006m\004\230\214+xv<\271\002 !\021c\311\203Ss,\204\207\nP\323)\264B\024yL\203\273\324\350\324x\370\007E\226g\312\253""; ","validation: """"\200\000\000\001&\000\000\0000)/\351\253D:\r\302\353\023?\373\240rQ\247]\357\236\n\207}P\2654\026`\256u\276\r&\026K\315a\3337\216.\240\362\263\327]\372\325P\027\000\000\000\000\000\000\000\000\000\000\000\000\000\000\000\000\000\000\000\000\000\000\000\000\000\000\000\000\000\000\000\000P\031]+$\302\005\224\270\033E\r\312\315}\200\2505\216\221\301\341\035[\247\325\236M^\360a\267\356\267s!\003R7o\362bV\300hf\266\241;}\200^\374\240\203[:\342Q\225\221\027y\372\255\235\216\323~vG0E\002!\000\333\013\207\256\377\316\376\n8\363\261\337\346\236\252`\035\267\310\312?\221\006m\004\230\214+xv<\271\002 !\021c\311\203Ss,\204\207\nP\323)\264B\024yL\203\273\324\350\324x\370\007E\226g\312\253""; "
1750527684676,1750527684676,0,1,0,1,TMValidation,"validation: """"\200\000\000\001&\000\000\0000)/\351\253D:\r\302\353\023?\373\240rQ\247]\357\236\n\207}P\2654\026`\256u\276\r&\026K\315a\3337\216.\240\362\263\327]\372\325P\027\000\000\000\000\000\000\000\000\000\000\000\000\000\000\000\000\000\000\000\000\000\000\000\000\000\000\000\000\000\000\000\000P\031]+$\302\005\224\270\033E\r\312\315}\200\2505\216\221\301\341\035[\247\325\236M^\360a\267\356\267s!\003R7o\362bV\300hf\266\241;}\200^\374\240\203[:\342Q\225\221\027y\372\255\235\216\323~vG0E\002!\000\333\013\207\256\377\316\376\n8\363\261\337\346\236\252`\035\267\310\312?\221\006m\004\230\214+xv<\271\002 !\021c\311\203Ss,\204\207\nP\323)\264B\024yL\203\273\324\350\324x\370\007E\226g\312\253""; ","validation: """"\200\000\000\001&\000\000\0000)/\351\253D:\r\302\353\023?\373\240rQ\247]\357\236\n\207}P\2654\026`\256u\276\r&\026K\315a\3337\216.\240\362\263\327]\372\325P\027\000\000\000\000\000\000\000\000\000\000\000\000\000\000\000\000\000\000\000\000\000\000\000\000\000\000\000\000\000\000\000\000P\031]+$\302\005\224\270\033E\r\312\315}\200\2505\216\221\301\341\035[\247\325\236M^\360a\267\356\267s!\003R7o\362bV\300hf\266\241;}\200^\374\240\203[:\342Q\225\221\027y\372\255\235\216\323~vG0E\002!\000\333\013\207\256\377\316\376\n8\363\261\337\346\236\252`\035\267\310\312?\221\006m\004\230\214+xv<\271\002 !\021c\311\203Ss,\204\207\nP\323)\264B\024yL\203\273\324\350\324x\370\007E\226g\312\253""; "
1750527684678,1750527684678,0,1,0,3,TMValidation,"validation: """"\200\000\000\001&\000\000\0000)/\351\253D:\r\302\353\023?\373\240rQ\247]\357\236\n\207}P\2654\026`\256u\276\r&\026K\315a\3337\216.\240\362\263\327]\372\325P\027\000\000\000\000\000\000\000\000\000\000\000\000\000\000\000\000\000\000\000\000\000\000\000\000\000\000\000\000\000\000\000\000P\031]+$\302\005\224\270\033E\r\312\315}\200\2505\216\221\301\341\035[\247\325\236M^\360a\267\356\267s!\003R7o\362bV\300hf\266\241;}\200^\374\240\203[:\342Q\225\221\027y\372\255\235\216\323~vG0E\002!\000\333\013\207\256\377\316\376\n8\363\261\337\346\236\252`\035\267\310\312?\221\006m\004\230\214+xv<\271\002 !\021c\311\203Ss,\204\207\nP\323)\264B\024yL\203\273\324\350\324x\370\007E\226g\312\253""; ","validation: """"\200\000\000\001&\000\000\0000)/\351\253D:\r\302\353\023?\373\240rQ\247]\357\236\n\207}P\2654\026`\256u\276\r&\026K\315a\3337\216.\240\362\263\327]\372\325P\027\000\000\000\000\000\000\000\000\000\000\000\000\000\000\000\000\000\000\000\000\000\000\000\000\000\000\000\000\000\000\000\000P\031]+$\302\005\224\270\033E\r\312\315}\200\2505\216\221\301\341\035[\247\325\236M^\360a\267\356\267s!\003R7o\362bV\300hf\266\241;}\200^\374\240\203[:\342Q\225\221\027y\372\255\235\216\323~vG0E\002!\000\333\013\207\256\377\316\376\n8\363\261\337\346\236\252`\035\267\310\312?\221\006m\004\230\214+xv<\271\002 !\021c\311\203Ss,\204\207\nP\323)\264B\024yL\203\273\324\350\324x\370\007E\226g\312\253""; "
1750527684677,1750527684677,0,1,1,3,TMValidation,"validation: """"\200\000\000\001&\000\000\0000)/\351\253D:\r\302\353\023?\373\240rQ\247]\357\236\n\207}P\2654\026`\256u\276\r&\026K\315a\3337\216.\240\362\263\327]\372\325P\027\000\000\000\000\000\000\000\000\000\000\000\000\000\000\000\000\000\000\000\000\000\000\000\000\000\000\000\000\000\000\000\000P\031]+$\302\005\224\270\033E\r\312\315}\200\2505\216\221\301\341\035[\247\325\236M^\360a\267\356\267s!\003R7o\362bV\300hf\266\241;}\200^\374\240\203[:\342Q\225\221\027y\372\255\235\216\323~vG0E\002!\000\333\013\207\256\377\316\376\n8\363\261\337\346\236\252`\035\267\310\312?\221\006m\004\230\214+xv<\271\002 !\021c\311\203Ss,\204\207\nP\323)\264B\024yL\203\273\324\350\324x\370\007E\226g\312\253""; ","validation: """"\200\000\000\001&\000\000\0000)/\351\253D:\r\302\353\023?\373\240rQ\247]\357\236\n\207}P\2654\026`\256u\276\r&\026K\315a\3337\216.\240\362\263\327]\372\325P\027\000\000\000\000\000\000\000\000\000\000\000\000\000\000\000\000\000\000\000\000\000\000\000\000\000\000\000\000\000\000\000\000P\031]+$\302\005\224\270\033E\r\312\315}\200\2505\216\221\301\341\035[\247\325\236M^\360a\267\356\267s!\003R7o\362bV\300hf\266\241;}\200^\374\240\203[:\342Q\225\221\027y\372\255\235\216\323~vG0E\002!\000\333\013\207\256\377\316\376\n8\363\261\337\346\236\252`\035\267\310\312?\221\006m\004\230\214+xv<\271\002 !\021c\311\203Ss,\204\207\nP\323)\264B\024yL\203\273\324\350\324x\370\007E\226g\312\253""; "
1750527684677,1750527684677,0,1,1,2,TMValidation,"validation: """"\200\000\000\001&\000\000\0000)/\351\253D:\r\302\353\023?\373\240rQ\247]\357\236\n\207}P\2654\026`\256u\276\r&\026K\315a\3337\216.\240\362\263\327]\372\325P\027\000\000\000\000\000\000\000\000\000\000\000\000\000\000\000\000\000\000\000\000\000\000\000\000\000\000\000\000\000\000\000\000P\031]+$\302\005\224\270\033E\r\312\315}\200\2505\216\221\301\341\035[\247\325\236M^\360a\267\356\267s!\003R7o\362bV\300hf\266\241;}\200^\374\240\203[:\342Q\225\221\027y\372\255\235\216\323~vG0E\002!\000\333\013\207\256\377\316\376\n8\363\261\337\346\236\252`\035\267\310\312?\221\006m\004\230\214+xv<\271\002 !\021c\311\203Ss,\204\207\nP\323)\264B\024yL\203\273\324\350\324x\370\007E\226g\312\253""; ","validation: """"\200\000\000\001&\000\000\0000)/\351\253D:\r\302\353\023?\373\240rQ\247]\357\236\n\207}P\2654\026`\256u\276\r&\026K\315a\3337\216.\240\362\263\327]\372\325P\027\000\000\000\000\000\000\000\000\000\000\000\000\000\000\000\000\000\000\000\000\000\000\000\000\000\000\000\000\000\000\000\000P\031]+$\302\005\224\270\033E\r\312\315}\200\2505\216\221\301\341\035[\247\325\236M^\360a\267\356\267s!\003R7o\362bV\300hf\266\241;}\200^\374\240\203[:\342Q\225\221\027y\372\255\235\216\323~vG0E\002!\000\333\013\207\256\377\316\376\n8\363\261\337\346\236\252`\035\267\310\312?\221\006m\004\230\214+xv<\271\002 !\021c\311\203Ss,\204\207\nP\323)\264B\024yL\203\273\324\350\324x\370\007E\226g\312\253""; "
1750527684678,1750527684678,0,1,0,2,TMValidation,"validation: """"\200\000\000\001&\000\000\0000)/\351\253D:\r\302\353\023?\373\240rQ\247]\357\236\n\207}P\2654\026`\256u\276\r&\026K\315a\3337\216.\240\362\263\327]\372\325P\027\000\000\000\000\000\000\000\000\000\000\000\000\000\000\000\000\000\000\000\000\000\000\000\000\000\000\000\000\000\000\000\000P\031]+$\302\005\224\270\033E\r\312\315}\200\2505\216\221\301\341\035[\247\325\236M^\360a\267\356\267s!\003R7o\362bV\300hf\266\241;}\200^\374\240\203[:\342Q\225\221\027y\372\255\235\216\323~vG0E\002!\000\333\013\207\256\377\316\376\n8\363\261\337\346\236\252`\035\267\310\312?\221\006m\004\230\214+xv<\271\002 !\021c\311\203Ss,\204\207\nP\323)\264B\024yL\203\273\324\350\324x\370\007E\226g\312\253""; ","validation: """"\200\000\000\001&\000\000\0000)/\351\253D:\r\302\353\023?\373\240rQ\247]\357\236\n\207}P\2654\026`\256u\276\r&\026K\315a\3337\216.\240\362\263\327]\372\325P\027\000\000\000\000\000\000\000\000\000\000\000\000\000\000\000\000\000\000\000\000\000\000\000\000\000\000\000\000\000\000\000\000P\031]+$\302\005\224\270\033E\r\312\315}\200\2505\216\221\301\341\035[\247\325\236M^\360a\267\356\267s!\003R7o\362bV\300hf\266\241;}\200^\374\240\203[:\342Q\225\221\027y\372\255\235\216\323~vG0E\002!\000\333\013\207\256\377\316\376\n8\363\261\337\346\236\252`\035\267\310\312?\221\006m\004\230\214+xv<\271\002 !\021c\311\203Ss,\204\207\nP\323)\264B\024yL\203\273\324\350\324x\370\007E\226g\312\253""; "
1750527684679,1750527684679,0,1,3,1,TMValidation,"validation: """"\200\000\000\001&\000\000\0000)/\351\253D:\r\302\353\023?\373\240rQ\247]\357\236\n\207}P\2654\026`\256u\276\r&\026K\315a\3337\216.\240\362\263\327]\372\325P\027\000\000\000\000\000\000\000\000\000\000\000\000\000\000\000\000\000\000\000\000\000\000\000\000\000\000\000\000\000\000\000\000P\031]+$\302\005\224\270\033E\r\312\315}\200\2505\216\221\301\341\035[\247\325\236M^\360a\267\356\267s!\003R7o\362bV\300hf\266\241;}\200^\374\240\203[:\342Q\225\221\027y\372\255\235\216\323~vG0E\002!\000\333\013\207\256\377\316\376\n8\363\261\337\346\236\252`\035\267\310\312?\221\006m\004\230\214+xv<\271\002 !\021c\311\203Ss,\204\207\nP\323)\264B\024yL\203\273\324\350\324x\370\007E\226g\312\253""; ","validation: """"\200\000\000\001&\000\000\0000)/\351\253D:\r\302\353\023?\373\240rQ\247]\357\236\n\207}P\2654\026`\256u\276\r&\026K\315a\3337\216.\240\362\263\327]\372\325P\027\000\000\000\000\000\000\000\000\000\000\000\000\000\000\000\000\000\000\000\000\000\000\000\000\000\000\000\000\000\000\000\000P\031]+$\302\005\224\270\033E\r\312\315}\200\2505\216\221\301\341\035[\247\325\236M^\360a\267\356\267s!\003R7o\362bV\300hf\266\241;}\200^\374\240\203[:\342Q\225\221\027y\372\255\235\216\323~vG0E\002!\000\333\013\207\256\377\316\376\n8\363\261\337\346\236\252`\035\267\310\312?\221\006m\004\230\214+xv<\271\002 !\021c\311\203Ss,\204\207\nP\323)\264B\024yL\203\273\324\350\324x\370\007E\226g\312\253""; "
1750527684679,1750527684679,0,1,3,0,TMValidation,"validation: """"\200\000\000\001&\000\000\0000)/\351\253D:\r\302\353\023?\373\240rQ\247]\357\236\n\207}P\2654\026`\256u\276\r&\026K\315a\3337\216.\240\362\263\327]\372\325P\027\000\000\000\000\000\000\000\000\000\000\000\000\000\000\000\000\000\000\000\000\000\000\000\000\000\000\000\000\000\000\000\000P\031]+$\302\005\224\270\033E\r\312\315}\200\2505\216\221\301\341\035[\247\325\236M^\360a\267\356\267s!\003R7o\362bV\300hf\266\241;}\200^\374\240\203[:\342Q\225\221\027y\372\255\235\216\323~vG0E\002!\000\333\013\207\256\377\316\376\n8\363\261\337\346\236\252`\035\267\310\312?\221\006m\004\230\214+xv<\271\002 !\021c\311\203Ss,\204\207\nP\323)\264B\024yL\203\273\324\350\324x\370\007E\226g\312\253""; ","validation: """"\200\000\000\001&\000\000\0000)/\351\253D:\r\302\353\023?\373\240rQ\247]\357\236\n\207}P\2654\026`\256u\276\r&\026K\315a\3337\216.\240\362\263\327]\372\325P\027\000\000\000\000\000\000\000\000\000\000\000\000\000\000\000\000\000\000\000\000\000\000\000\000\000\000\000\000\000\000\000\000P\031]+$\302\005\224\270\033E\r\312\315}\200\2505\216\221\301\341\035[\247\325\236M^\360a\267\356\267s!\003R7o\362bV\300hf\266\241;}\200^\374\240\203[:\342Q\225\221\027y\372\255\235\216\323~vG0E\002!\000\333\013\207\256\377\316\376\n8\363\261\337\346\236\252`\035\267\310\312?\221\006m\004\230\214+xv<\271\002 !\021c\311\203Ss,\204\207\nP\323)\264B\024yL\203\273\324\350\324x\370\007E\226g\312\253""; "
1750527684680,1750527684680,0,1,3,2,TMValidation,"validation: """"\200\000\000\001&\000\000\0000)/\351\253D:\r\302\353\023?\373\240rQ\247]\357\236\n\207}P\2654\026`\256u\276\r&\026K\315a\3337\216.\240\362\263\327]\372\325P\027\000\000\000\000\000\000\000\000\000\000\000\000\000\000\000\000\000\000\000\000\000\000\000\000\000\000\000\000\000\000\000\000P\031]+$\302\005\224\270\033E\r\312\315}\200\2505\216\221\301\341\035[\247\325\236M^\360a\267\356\267s!\003R7o\362bV\300hf\266\241;}\200^\374\240\203[:\342Q\225\221\027y\372\255\235\216\323~vG0E\002!\000\333\013\207\256\377\316\376\n8\363\261\337\346\236\252`\035\267\310\312?\221\006m\004\230\214+xv<\271\002 !\021c\311\203Ss,\204\207\nP\323)\264B\024yL\203\273\324\350\324x\370\007E\226g\312\253""; ","validation: """"\200\000\000\001&\000\000\0000)/\351\253D:\r\302\353\023?\373\240rQ\247]\357\236\n\207}P\2654\026`\256u\276\r&\026K\315a\3337\216.\240\362\263\327]\372\325P\027\000\000\000\000\000\000\000\000\000\000\000\000\000\000\000\000\000\000\000\000\000\000\000\000\000\000\000\000\000\000\000\000P\031]+$\302\005\224\270\033E\r\312\315}\200\2505\216\221\301\341\035[\247\325\236M^\360a\267\356\267s!\003R7o\362bV\300hf\266\241;}\200^\374\240\203[:\342Q\225\221\027y\372\255\235\216\323~vG0E\002!\000\333\013\207\256\377\316\376\n8\363\261\337\346\236\252`\035\267\310\312?\221\006m\004\230\214+xv<\271\002 !\021c\311\203Ss,\204\207\nP\323)\264B\024yL\203\273\324\350\324x\370\007E\226g\312\253""; "
1750527684680,1750527684680,0,1,2,3,TMValidation,"validation: """"\200\000\000\001&\000\000\0000)/\351\253D:\r\302\353\023?\373\240rQ\247]\357\236\n\207}P\2654\026`\256u\276\r&\026K\315a\3337\216.\240\362\263\327]\372\325P\027\000\000\000\000\000\000\000\000\000\000\000\000\000\000\000\000\000\000\000\000\000\000\000\000\000\000\000\000\000\000\000\000P\031]+$\302\005\224\270\033E\r\312\315}\200\2505\216\221\301\341\035[\247\325\236M^\360a\267\356\267s!\003R7o\362bV\300hf\266\241;}\200^\374\240\203[:\342Q\225\221\027y\372\255\235\216\323~vG0E\002!\000\333\013\207\256\377\316\376\n8\363\261\337\346\236\252`\035\267\310\312?\221\006m\004\230\214+xv<\271\002 !\021c\311\203Ss,\204\207\nP\323)\264B\024yL\203\273\324\350\324x\370\007E\226g\312\253""; ","validation: """"\200\000\000\001&\000\000\0000)/\351\253D:\r\302\353\023?\373\240rQ\247]\357\236\n\207}P\2654\026`\256u\276\r&\026K\315a\3337\216.\240\362\263\327]\372\325P\027\000\000\000\000\000\000\000\000\000\000\000\000\000\000\000\000\000\000\000\000\000\000\000\000\000\000\000\000\000\000\000\000P\031]+$\302\005\224\270\033E\r\312\315}\200\2505\216\221\301\341\035[\247\325\236M^\360a\267\356\267s!\003R7o\362bV\300hf\266\241;}\200^\374\240\203[:\342Q\225\221\027y\372\255\235\216\323~vG0E\002!\000\333\013\207\256\377\316\376\n8\363\261\337\346\236\252`\035\267\310\312?\221\006m\004\230\214+xv<\271\002 !\021c\311\203Ss,\204\207\nP\323)\264B\024yL\203\273\324\350\324x\370\007E\226g\312\253""; "
1750527684680,1750527684680,0,1,2,1,TMValidation,"validation: """"\200\000\000\001&\000\000\0000)/\351\253D:\r\302\353\023?\373\240rQ\247]\357\236\n\207}P\2654\026`\256u\276\r&\026K\315a\3337\216.\240\362\263\327]\372\325P\027\000\000\000\000\000\000\000\000\000\000\000\000\000\000\000\000\000\000\000\000\000\000\000\000\000\000\000\000\000\000\000\000P\031]+$\302\005\224\270\033E\r\312\315}\200\2505\216\221\301\341\035[\247\325\236M^\360a\267\356\267s!\003R7o\362bV\300hf\266\241;}\200^\374\240\203[:\342Q\225\221\027y\372\255\235\216\323~vG0E\002!\000\333\013\207\256\377\316\376\n8\363\261\337\346\236\252`\035\267\310\312?\221\006m\004\230\214+xv<\271\002 !\021c\311\203Ss,\204\207\nP\323)\264B\024yL\203\273\324\350\324x\370\007E\226g\312\253""; ","validation: """"\200\000\000\001&\000\000\0000)/\351\253D:\r\302\353\023?\373\240rQ\247]\357\236\n\207}P\2654\026`\256u\276\r&\026K\315a\3337\216.\240\362\263\327]\372\325P\027\000\000\000\000\000\000\000\000\000\000\000\000\000\000\000\000\000\000\000\000\000\000\000\000\000\000\000\000\000\000\000\000P\031]+$\302\005\224\270\033E\r\312\315}\200\2505\216\221\301\341\035[\247\325\236M^\360a\267\356\267s!\003R7o\362bV\300hf\266\241;}\200^\374\240\203[:\342Q\225\221\027y\372\255\235\216\323~vG0E\002!\000\333\013\207\256\377\316\376\n8\363\261\337\346\236\252`\035\267\310\312?\221\006m\004\230\214+xv<\271\002 !\021c\311\203Ss,\204\207\nP\323)\264B\024yL\203\273\324\350\324x\370\007E\226g\312\253""; "
1750527684680,1750527684680,0,1,2,0,TMValidation,"validation: """"\200\000\000\001&\000\000\0000)/\351\253D:\r\302\353\023?\373\240rQ\247]\357\236\n\207}P\2654\026`\256u\276\r&\026K\315a\3337\216.\240\362\263\327]\372\325P\027\000\000\000\000\000\000\000\000\000\000\000\000\000\000\000\000\000\000\000\000\000\000\000\000\000\000\000\000\000\000\000\000P\031]+$\302\005\224\270\033E\r\312\315}\200\2505\216\221\301\341\035[\247\325\236M^\360a\267\356\267s!\003R7o\362bV\300hf\266\241;}\200^\374\240\203[:\342Q\225\221\027y\372\255\235\216\323~vG0E\002!\000\333\013\207\256\377\316\376\n8\363\261\337\346\236\252`\035\267\310\312?\221\006m\004\230\214+xv<\271\002 !\021c\311\203Ss,\204\207\nP\323)\264B\024yL\203\273\324\350\324x\370\007E\226g\312\253""; ","validation: """"\200\000\000\001&\000\000\0000)/\351\253D:\r\302\353\023?\373\240rQ\247]\357\236\n\207}P\2654\026`\256u\276\r&\026K\315a\3337\216.\240\362\263\327]\372\325P\027\000\000\000\000\000\000\000\000\000\000\000\000\000\000\000\000\000\000\000\000\000\000\000\000\000\000\000\000\000\000\000\000P\031]+$\302\005\224\270\033E\r\312\315}\200\2505\216\221\301\341\035[\247\325\236M^\360a\267\356\267s!\003R7o\362bV\300hf\266\241;}\200^\374\240\203[:\342Q\225\221\027y\372\255\235\216\323~vG0E\002!\000\333\013\207\256\377\316\376\n8\363\261\337\346\236\252`\035\267\310\312?\221\006m\004\230\214+xv<\271\002 !\021c\311\203Ss,\204\207\nP\323)\264B\024yL\203\273\324\350\324x\370\007E\226g\312\253""; "
1750527685471,1750527685471,0,1,3,4,TMProposeSet,"proposeSeq: 0; currentTxHash: ""\000\000\000\000\000\000\000\000\000\000\000\000\000\000\000\000\000\000\000\000\000\000\000\000\000\000\000\000\000\000\000\000""; nodePubKey: ""\002\364d\217\366\217|\316F\232\231\241\n\261\333`\312O\367\235\025DD\336e\367\n\312\326\221\037\025\230""; closeTime: 803842885; signature: ""0D\002 WBA6\350(\251B\371\326\261\342Ub)\365[\004\003.\234\252\373\2765\rpF\203\2737i\002 )X\201\263\252\032\204\203Z(e\374]\267\236\003\202>\276\214\351_\372\335\024\232\241\201%\303F\341""; previousledger: ""\247]\357\236\n\207}P\2654\026`\256u\276\r&\026K\315a\3337\216.\240\362\263\327]\372\325""; ","proposeSeq: 0; currentTxHash: ""\000\000\000\000\000\000\000\000\000\000\000\000\000\000\000\000\000\000\000\000\000\000\000\000\000\000\000\000\000\000\000\000""; nodePubKey: ""\002\364d\217\366\217|\316F\232\231\241\n\261\333`\312O\367\235\025DD\336e\367\n\312\326\221\037\025\230""; closeTime: 803842885; signature: ""0D\002 WBA6\350(\251B\371\326\261\342Ub)\365[\004\003.\234\252\373\2765\rpF\203\2737i\002 )X\201\263\252\032\204\203Z(e\374]\267\236\003\202>\276\214\351_\372\335\024\232\241\201%\303F\341""; previousledger: ""\247]\357\236\n\207}P\2654\026`\256u\276\r&\026K\315a\3337\216.\240\362\263\327]\372\325""; "
1750527685475,1750527685475,0,1,4,2,TMProposeSet,"proposeSeq: 0; currentTxHash: ""\000\000\000\000\000\000\000\000\000\000\000\000\000\000\000\000\000\000\000\000\000\000\000\000\000\000\000\000\000\000\000\000""; nodePubKey: ""\002\364d\217\366\217|\316F\232\231\241\n\261\333`\312O\367\235\025DD\336e\367\n\312\326\221\037\025\230""; closeTime: 803842885; signature: ""0D\002 WBA6\350(\251B\371\326\261\342Ub)\365[\004\003.\234\252\373\2765\rpF\203\2737i\002 )X\201\263\252\032\204\203Z(e\374]\267\236\003\202>\276\214\351_\372\335\024\232\241\201%\303F\341""; previousledger: ""\247]\357\236\n\207}P\2654\026`\256u\276\r&\026K\315a\3337\216.\240\362\263\327]\372\325""; ","proposeSeq: 0; currentTxHash: ""\000\000\000\000\000\000\000\000\000\000\000\000\000\000\000\000\000\000\000\000\000\000\000\000\000\000\000\000\000\000\000\000""; nodePubKey: ""\002\364d\217\366\217|\316F\232\231\241\n\261\333`\312O\367\235\025DD\336e\367\n\312\326\221\037\025\230""; closeTime: 803842885; signature: ""0D\002 WBA6\350(\251B\371\326\261\342Ub)\365[\004\003.\234\252\373\2765\rpF\203\2737i\002 )X\201\263\252\032\204\203Z(e\374]\267\236\003\202>\276\214\351_\372\335\024\232\241\201%\303F\341""; previousledger: ""\247]\357\236\n\207}P\2654\026`\256u\276\r&\026K\315a\3337\216.\240\362\263\327]\372\325""; "
1750527685475,1750527685475,0,1,4,1,TMProposeSet,"proposeSeq: 0; currentTxHash: ""\000\000\000\000\000\000\000\000\000\000\000\000\000\000\000\000\000\000\000\000\000\000\000\000\000\000\000\000\000\000\000\000""; nodePubKey: ""\002\364d\217\366\217|\316F\232\231\241\n\261\333`\312O\367\235\025DD\336e\367\n\312\326\221\037\025\230""; closeTime: 803842885; signature: ""0D\002 WBA6\350(\251B\371\326\261\342Ub)\365[\004\003.\234\252\373\2765\rpF\203\2737i\002 )X\201\263\252\032\204\203Z(e\374]\267\236\003\202>\276\214\351_\372\335\024\232\241\201%\303F\341""; previousledger: ""\247]\357\236\n\207}P\2654\026`\256u\276\r&\026K\315a\3337\216.\240\362\263\327]\372\325""; ","proposeSeq: 0; currentTxHash: ""\000\000\000\000\000\000\000\000\000\000\000\000\000\000\000\000\000\000\000\000\000\000\000\000\000\000\000\000\000\000\000\000""; nodePubKey: ""\002\364d\217\366\217|\316F\232\231\241\n\261\333`\312O\367\235\025DD\336e\367\n\312\326\221\037\025\230""; closeTime: 803842885; signature: ""0D\002 WBA6\350(\251B\371\326\261\342Ub)\365[\004\003.\234\252\373\2765\rpF\203\2737i\002 )X\201\263\252\032\204\203Z(e\374]\267\236\003\202>\276\214\351_\372\335\024\232\241\201%\303F\341""; previousledger: ""\247]\357\236\n\207}P\2654\026`\256u\276\r&\026K\315a\3337\216.\240\362\263\327]\372\325""; "
1750527685475,1750527685475,0,1,4,0,TMProposeSet,"proposeSeq: 0; currentTxHash: ""\000\000\000\000\000\000\000\000\000\000\000\000\000\000\000\000\000\000\000\000\000\000\000\000\000\000\000\000\000\000\000\000""; nodePubKey: ""\002\364d\217\366\217|\316F\232\231\241\n\261\333`\312O\367\235\025DD\336e\367\n\312\326\221\037\025\230""; closeTime: 803842885; signature: ""0D\002 WBA6\350(\251B\371\326\261\342Ub)\365[\004\003.\234\252\373\2765\rpF\203\2737i\002 )X\201\263\252\032\204\203Z(e\374]\267\236\003\202>\276\214\351_\372\335\024\232\241\201%\303F\341""; previousledger: ""\247]\357\236\n\207}P\2654\026`\256u\276\r&\026K\315a\3337\216.\240\362\263\327]\372\325""; ","proposeSeq: 0; currentTxHash: ""\000\000\000\000\000\000\000\000\000\000\000\000\000\000\000\000\000\000\000\000\000\000\000\000\000\000\000\000\000\000\000\000""; nodePubKey: ""\002\364d\217\366\217|\316F\232\231\241\n\261\333`\312O\367\235\025DD\336e\367\n\312\326\221\037\025\230""; closeTime: 803842885; signature: ""0D\002 WBA6\350(\251B\371\326\261\342Ub)\365[\004\003.\234\252\373\2765\rpF\203\2737i\002 )X\201\263\252\032\204\203Z(e\374]\267\236\003\202>\276\214\351_\372\335\024\232\241\201%\303F\341""; previousledger: ""\247]\357\236\n\207}P\2654\026`\256u\276\r&\026K\315a\3337\216.\240\362\263\327]\372\325""; "
1750527685515,1750527685515,0,1,3,2,TMProposeSet,"proposeSeq: 0; currentTxHash: ""\000\000\000\000\000\000\000\000\000\000\000\000\000\000\000\000\000\000\000\000\000\000\000\000\000\000\000\000\000\000\000\000""; nodePubKey: ""\002\364d\217\366\217|\316F\232\231\241\n\261\333`\312O\367\235\025DD\336e\367\n\312\326\221\037\025\230""; closeTime: 803842885; signature: ""0D\002 WBA6\350(\251B\371\326\261\342Ub)\365[\004\003.\234\252\373\2765\rpF\203\2737i\002 )X\201\263\252\032\204\203Z(e\374]\267\236\003\202>\276\214\351_\372\335\024\232\241\201%\303F\341""; previousledger: ""\247]\357\236\n\207}P\2654\026`\256u\276\r&\026K\315a\3337\216.\240\362\263\327]\372\325""; ","proposeSeq: 0; currentTxHash: ""\000\000\000\000\000\000\000\000\000\000\000\000\000\000\000\000\000\000\000\000\000\000\000\000\000\000\000\000\000\000\000\000""; nodePubKey: ""\002\364d\217\366\217|\316F\232\231\241\n\261\333`\312O\367\235\025DD\336e\367\n\312\326\221\037\025\230""; closeTime: 803842885; signature: ""0D\002 WBA6\350(\251B\371\326\261\342Ub)\365[\004\003.\234\252\373\2765\rpF\203\2737i\002 )X\201\263\252\032\204\203Z(e\374]\267\236\003\202>\276\214\351_\372\335\024\232\241\201%\303F\341""; previousledger: ""\247]\357\236\n\207}P\2654\026`\256u\276\r&\026K\315a\3337\216.\240\362\263\327]\372\325""; "
1750527685515,1750527685515,0,1,3,0,TMProposeSet,"proposeSeq: 0; currentTxHash: ""\000\000\000\000\000\000\000\000\000\000\000\000\000\000\000\000\000\000\000\000\000\000\000\000\000\000\000\000\000\000\000\000""; nodePubKey: ""\002\364d\217\366\217|\316F\232\231\241\n\261\333`\312O\367\235\025DD\336e\367\n\312\326\221\037\025\230""; closeTime: 803842885; signature: ""0D\002 WBA6\350(\251B\371\326\261\342Ub)\365[\004\003.\234\252\373\2765\rpF\203\2737i\002 )X\201\263\252\032\204\203Z(e\374]\267\236\003\202>\276\214\351_\372\335\024\232\241\201%\303F\341""; previousledger: ""\247]\357\236\n\207}P\2654\026`\256u\276\r&\026K\315a\3337\216.\240\362\263\327]\372\325""; ","proposeSeq: 0; currentTxHash: ""\000\000\000\000\000\000\000\000\000\000\000\000\000\000\000\000\000\000\000\000\000\000\000\000\000\000\000\000\000\000\000\000""; nodePubKey: ""\002\364d\217\366\217|\316F\232\231\241\n\261\333`\312O\367\235\025DD\336e\367\n\312\326\221\037\025\230""; closeTime: 803842885; signature: ""0D\002 WBA6\350(\251B\371\326\261\342Ub)\365[\004\003.\234\252\373\2765\rpF\203\2737i\002 )X\201\263\252\032\204\203Z(e\374]\267\236\003\202>\276\214\351_\372\335\024\232\241\201%\303F\341""; previousledger: ""\247]\357\236\n\207}P\2654\026`\256u\276\r&\026K\315a\3337\216.\240\362\263\327]\372\325""; "
1750527685515,1750527685515,0,1,3,1,TMProposeSet,"proposeSeq: 0; currentTxHash: ""\000\000\000\000\000\000\000\000\000\000\000\000\000\000\000\000\000\000\000\000\000\000\000\000\000\000\000\000\000\000\000\000""; nodePubKey: ""\002\364d\217\366\217|\316F\232\231\241\n\261\333`\312O\367\235\025DD\336e\367\n\312\326\221\037\025\230""; closeTime: 803842885; signature: ""0D\002 WBA6\350(\251B\371\326\261\342Ub)\365[\004\003.\234\252\373\2765\rpF\203\2737i\002 )X\201\263\252\032\204\203Z(e\374]\267\236\003\202>\276\214\351_\372\335\024\232\241\201%\303F\341""; previousledger: ""\247]\357\236\n\207}P\2654\026`\256u\276\r&\026K\315a\3337\216.\240\362\263\327]\372\325""; ","proposeSeq: 0; currentTxHash: ""\000\000\000\000\000\000\000\000\000\000\000\000\000\000\000\000\000\000\000\000\000\000\000\000\000\000\000\000\000\000\000\000""; nodePubKey: ""\002\364d\217\366\217|\316F\232\231\241\n\261\333`\312O\367\235\025DD\336e\367\n\312\326\221\037\025\230""; closeTime: 803842885; signature: ""0D\002 WBA6\350(\251B\371\326\261\342Ub)\365[\004\003.\234\252\373\2765\rpF\203\2737i\002 )X\201\263\252\032\204\203Z(e\374]\267\236\003\202>\276\214\351_\372\335\024\232\241\201%\303F\341""; previousledger: ""\247]\357\236\n\207}P\2654\026`\256u\276\r&\026K\315a\3337\216.\240\362\263\327]\372\325""; "
1750527685471,1750527685546,0,1,3,2,TMStatusChange,"newEvent: neCLOSING_LEDGER; ledgerSeq: 48; ledgerHash: ""\247]\357\236\n\207}P\2654\026`\256u\276\r&\026K\315a\3337\216.\240\362\263\327]\372\325""; ledgerHashPrevious: ""]+$\302\005\224\270\033E\r\312\315}\200\2505\216\221\301\341\035[\247\325\236M^\360a\267\356\267""; networkTime: 803842885; firstSeq: 1; lastSeq: 48; ","newEvent: neCLOSING_LEDGER; ledgerSeq: 48; ledgerHash: ""\247]\357\236\n\207}P\2654\026`\256u\276\r&\026K\315a\3337\216.\240\362\263\327]\372\325""; ledgerHashPrevious: ""]+$\302\005\224\270\033E\r\312\315}\200\2505\216\221\301\341\035[\247\325\236M^\360a\267\356\267""; networkTime: 803842885; firstSeq: 1; lastSeq: 48; "
1750527685473,1750527685546,0,1,3,1,TMStatusChange,"newEvent: neCLOSING_LEDGER; ledgerSeq: 48; ledgerHash: ""\247]\357\236\n\207}P\2654\026`\256u\276\r&\026K\315a\3337\216.\240\362\263\327]\372\325""; ledgerHashPrevious: ""]+$\302\005\224\270\033E\r\312\315}\200\2505\216\221\301\341\035[\247\325\236M^\360a\267\356\267""; networkTime: 803842885; firstSeq: 1; lastSeq: 48; ","newEvent: neCLOSING_LEDGER; ledgerSeq: 48; ledgerHash: ""\247]\357\236\n\207}P\2654\026`\256u\276\r&\026K\315a\3337\216.\240\362\263\327]\372\325""; ledgerHashPrevious: ""]+$\302\005\224\270\033E\r\312\315}\200\2505\216\221\301\341\035[\247\325\236M^\360a\267\356\267""; networkTime: 803842885; firstSeq: 1; lastSeq: 48; "
1750527685474,1750527685546,0,1,3,0,TMStatusChange,"newEvent: neCLOSING_LEDGER; ledgerSeq: 48; ledgerHash: ""\247]\357\236\n\207}P\2654\026`\256u\276\r&\026K\315a\3337\216.\240\362\263\327]\372\325""; ledgerHashPrevious: ""]+$\302\005\224\270\033E\r\312\315}\200\2505\216\221\301\341\035[\247\325\236M^\360a\267\356\267""; networkTime: 803842885; firstSeq: 1; lastSeq: 48; ","newEvent: neCLOSING_LEDGER; ledgerSeq: 48; ledgerHash: ""\247]\357\236\n\207}P\2654\026`\256u\276\r&\026K\315a\3337\216.\240\362\263\327]\372\325""; ledgerHashPrevious: ""]+$\302\005\224\270\033E\r\312\315}\200\2505\216\221\301\341\035[\247\325\236M^\360a\267\356\267""; networkTime: 803842885; firstSeq: 1; lastSeq: 48; "
1750527685473,1750527685546,0,1,3,4,TMStatusChange,"newEvent: neCLOSING_LEDGER; ledgerSeq: 48; ledgerHash: ""\247]\357\236\n\207}P\2654\026`\256u\276\r&\026K\315a\3337\216.\240\362\263\327]\372\325""; ledgerHashPrevious: ""]+$\302\005\224\270\033E\r\312\315}\200\2505\216\221\301\341\035[\247\325\236M^\360a\267\356\267""; networkTime: 803842885; firstSeq: 1; lastSeq: 48; ","newEvent: neCLOSING_LEDGER; ledgerSeq: 48; ledgerHash: ""\247]\357\236\n\207}P\2654\026`\256u\276\r&\026K\315a\3337\216.\240\362\263\327]\372\325""; ledgerHashPrevious: ""]+$\302\005\224\270\033E\r\312\315}\200\2505\216\221\301\341\035[\247\325\236M^\360a\267\356\267""; networkTime: 803842885; firstSeq: 1; lastSeq: 48; "
1750527685560,1750527685560,0,1,0,4,TMStatusChange,"newEvent: neACCEPTED_LEDGER; ledgerSeq: 14; ledgerHash: ""\272\257\222Hx\367\213E\244~\217>\210\215|N\205E\251[\231(\023uf\272\326<\223v$\357""; ledgerHashPrevious: ""=\3153\201i2\351\305qG\027\273i\345\234\273\252\306\261)(\316\370\223\246\361\3364\201\024jn""; networkTime: 803842885; firstSeq: 1; lastSeq: 48; ","newEvent: neACCEPTED_LEDGER; ledgerSeq: 14; ledgerHash: ""\272\257\222Hx\367\213E\244~\217>\210\215|N\205E\251[\231(\023uf\272\326<\223v$\357""; ledgerHashPrevious: ""=\3153\201i2\351\305qG\027\273i\345\234\273\252\306\261)(\316\370\223\246\361\3364\201\024jn""; networkTime: 803842885; firstSeq: 1; lastSeq: 48; "
1750527685561,1750527685561,0,1,0,2,TMStatusChange,"newEvent: neACCEPTED_LEDGER; ledgerSeq: 14; ledgerHash: ""\272\257\222Hx\367\213E\244~\217>\210\215|N\205E\251[\231(\023uf\272\326<\223v$\357""; ledgerHashPrevious: ""=\3153\201i2\351\305qG\027\273i\345\234\273\252\306\261)(\316\370\223\246\361\3364\201\024jn""; networkTime: 803842885; firstSeq: 1; lastSeq: 48; ","newEvent: neACCEPTED_LEDGER; ledgerSeq: 14; ledgerHash: ""\272\257\222Hx\367\213E\244~\217>\210\215|N\205E\251[\231(\023uf\272\326<\223v$\357""; ledgerHashPrevious: ""=\3153\201i2\351\305qG\027\273i\345\234\273\252\306\261)(\316\370\223\246\361\3364\201\024jn""; networkTime: 803842885; firstSeq: 1; lastSeq: 48; "
1750527685561,1750527685561,0,1,0,3,TMStatusChange,"newEvent: neACCEPTED_LEDGER; ledgerSeq: 14; ledgerHash: ""\272\257\222Hx\367\213E\244~\217>\210\215|N\205E\251[\231(\023uf\272\326<\223v$\357""; ledgerHashPrevious: ""=\3153\201i2\351\305qG\027\273i\345\234\273\252\306\261)(\316\370\223\246\361\3364\201\024jn""; networkTime: 803842885; firstSeq: 1; lastSeq: 48; ","newEvent: neACCEPTED_LEDGER; ledgerSeq: 14; ledgerHash: ""\272\257\222Hx\367\213E\244~\217>\210\215|N\205E\251[\231(\023uf\272\326<\223v$\357""; ledgerHashPrevious: ""=\3153\201i2\351\305qG\027\273i\345\234\273\252\306\261)(\316\370\223\246\361\3364\201\024jn""; networkTime: 803842885; firstSeq: 1; lastSeq: 48; "
1750527685560,1750527685560,0,1,0,1,TMStatusChange,"newEvent: neACCEPTED_LEDGER; ledgerSeq: 14; ledgerHash: ""\272\257\222Hx\367\213E\244~\217>\210\215|N\205E\251[\231(\023uf\272\326<\223v$\357""; ledgerHashPrevious: ""=\3153\201i2\351\305qG\027\273i\345\234\273\252\306\261)(\316\370\223\246\361\3364\201\024jn""; networkTime: 803842885; firstSeq: 1; lastSeq: 48; ","newEvent: neACCEPTED_LEDGER; ledgerSeq: 14; ledgerHash: ""\272\257\222Hx\367\213E\244~\217>\210\215|N\205E\251[\231(\023uf\272\326<\223v$\357""; ledgerHashPrevious: ""=\3153\201i2\351\305qG\027\273i\345\234\273\252\306\261)(\316\370\223\246\361\3364\201\024jn""; networkTime: 803842885; firstSeq: 1; lastSeq: 48; "
1750527685631,1750527685631,0,1,4,2,TMProposeSet,"proposeSeq: 0; currentTxHash: ""\000\000\000\000\000\000\000\000\000\000\000\000\000\000\000\000\000\000\000\000\000\000\000\000\000\000\000\000\000\000\000\000""; nodePubKey: ""\003R7o\362bV\300hf\266\241;}\200^\374\240\203[:\342Q\225\221\027y\372\255\235\216\323~""; closeTime: 803842885; signature: ""0E\002!\000\226\263\225\306\277\013J\377\234\364rc\021p\344\007\2719\032\374\2115\031\335C\250\342\366AU\215-\002 H\317\246\340\203&{1\254\350\2433\r\354n\004>fV{nL\322\037<\211|\255\225\311B1""; previousledger: ""\247]\357\236\n\207}P\2654\026`\256u\276\r&\026K\315a\3337\216.\240\362\263\327]\372\325""; ","proposeSeq: 0; currentTxHash: ""\000\000\000\000\000\000\000\000\000\000\000\000\000\000\000\000\000\000\000\000\000\000\000\000\000\000\000\000\000\000\000\000""; nodePubKey: ""\003R7o\362bV\300hf\266\241;}\200^\374\240\203[:\342Q\225\221\027y\372\255\235\216\323~""; closeTime: 803842885; signature: ""0E\002!\000\226\263\225\306\277\013J\377\234\364rc\021p\344\007\2719\032\374\2115\031\335C\250\342\366AU\215-\002 H\317\246\340\203&{1\254\350\2433\r\354n\004>fV{nL\322\037<\211|\255\225\311B1""; previousledger: ""\247]\357\236\n\207}P\2654\026`\256u\276\r&\026K\315a\3337\216.\240\362\263\327]\372\325""; "
1750527685633,1750527685633,0,1,4,0,TMProposeSet,"proposeSeq: 0; currentTxHash: ""\000\000\000\000\000\000\000\000\000\000\000\000\000\000\000\000\000\000\000\000\000\000\000\000\000\000\000\000\000\000\000\000""; nodePubKey: ""\003R7o\362bV\300hf\266\241;}\200^\374\240\203[:\342Q\225\221\027y\372\255\235\216\323~""; closeTime: 803842885; signature: ""0E\002!\000\226\263\225\306\277\013J\377\234\364rc\021p\344\007\2719\032\374\2115\031\335C\250\342\366AU\215-\002 H\317\246\340\203&{1\254\350\2433\r\354n\004>fV{nL\322\037<\211|\255\225\311B1""; previousledger: ""\247]\357\236\n\207}P\2654\026`\256u\276\r&\026K\315a\3337\216.\240\362\263\327]\372\325""; ","proposeSeq: 0; currentTxHash: ""\000\000\000\000\000\000\000\000\000\000\000\000\000\000\000\000\000\000\000\000\000\000\000\000\000\000\000\000\000\000\000\000""; nodePubKey: ""\003R7o\362bV\300hf\266\241;}\200^\374\240\203[:\342Q\225\221\027y\372\255\235\216\323~""; closeTime: 803842885; signature: ""0E\002!\000\226\263\225\306\277\013J\377\234\364rc\021p\344\007\2719\032\374\2115\031\335C\250\342\366AU\215-\002 H\317\246\340\203&{1\254\350\2433\r\354n\004>fV{nL\322\037<\211|\255\225\311B1""; previousledger: ""\247]\357\236\n\207}P\2654\026`\256u\276\r&\026K\315a\3337\216.\240\362\263\327]\372\325""; "
1750527685632,1750527685632,0,1,4,3,TMProposeSet,"proposeSeq: 0; currentTxHash: ""\000\000\000\000\000\000\000\000\000\000\000\000\000\000\000\000\000\000\000\000\000\000\000\000\000\000\000\000\000\000\000\000""; nodePubKey: ""\003R7o\362bV\300hf\266\241;}\200^\374\240\203[:\342Q\225\221\027y\372\255\235\216\323~""; closeTime: 803842885; signature: ""0E\002!\000\226\263\225\306\277\013J\377\234\364rc\021p\344\007\2719\032\374\2115\031\335C\250\342\366AU\215-\002 H\317\246\340\203&{1\254\350\2433\r\354n\004>fV{nL\322\037<\211|\255\225\311B1""; previousledger: ""\247]\357\236\n\207}P\2654\026`\256u\276\r&\026K\315a\3337\216.\240\362\263\327]\372\325""; ","proposeSeq: 0; currentTxHash: ""\000\000\000\000\000\000\000\000\000\000\000\000\000\000\000\000\000\000\000\000\000\000\000\000\000\000\000\000\000\000\000\000""; nodePubKey: ""\003R7o\362bV\300hf\266\241;}\200^\374\240\203[:\342Q\225\221\027y\372\255\235\216\323~""; closeTime: 803842885; signature: ""0E\002!\000\226\263\225\306\277\013J\377\234\364rc\021p\344\007\2719\032\374\2115\031\335C\250\342\366AU\215-\002 H\317\246\340\203&{1\254\350\2433\r\354n\004>fV{nL\322\037<\211|\255\225\311B1""; previousledger: ""\247]\357\236\n\207}P\2654\026`\256u\276\r&\026K\315a\3337\216.\240\362\263\327]\372\325""; "
1750527685634,1750527685634,0,1,4,1,TMProposeSet,"proposeSeq: 0; currentTxHash: ""\000\000\000\000\000\000\000\000\000\000\000\000\000\000\000\000\000\000\000\000\000\000\000\000\000\000\000\000\000\000\000\000""; nodePubKey: ""\003R7o\362bV\300hf\266\241;}\200^\374\240\203[:\342Q\225\221\027y\372\255\235\216\323~""; closeTime: 803842885; signature: ""0E\002!\000\226\263\225\306\277\013J\377\234\364rc\021p\344\007\2719\032\374\2115\031\335C\250\342\366AU\215-\002 H\317\246\340\203&{1\254\350\2433\r\354n\004>fV{nL\322\037<\211|\255\225\311B1""; previousledger: ""\247]\357\236\n\207}P\2654\026`\256u\276\r&\026K\315a\3337\216.\240\362\263\327]\372\325""; ","proposeSeq: 0; currentTxHash: ""\000\000\000\000\000\000\000\000\000\000\000\000\000\000\000\000\000\000\000\000\000\000\000\000\000\000\000\000\000\000\000\000""; nodePubKey: ""\003R7o\362bV\300hf\266\241;}\200^\374\240\203[:\342Q\225\221\027y\372\255\235\216\323~""; closeTime: 803842885; signature: ""0E\002!\000\226\263\225\306\277\013J\377\234\364rc\021p\344\007\2719\032\374\2115\031\335C\250\342\366AU\215-\002 H\317\246\340\203&{1\254\350\2433\r\354n\004>fV{nL\322\037<\211|\255\225\311B1""; previousledger: ""\247]\357\236\n\207}P\2654\026`\256u\276\r&\026K\315a\3337\216.\240\362\263\327]\372\325""; "
1750527685636,1750527685636,0,1,3,1,TMProposeSet,"proposeSeq: 0; currentTxHash: ""\000\000\000\000\000\000\000\000\000\000\000\000\000\000\000\000\000\000\000\000\000\000\000\000\000\000\000\000\000\000\000\000""; nodePubKey: ""\003R7o\362bV\300hf\266\241;}\200^\374\240\203[:\342Q\225\221\027y\372\255\235\216\323~""; closeTime: 803842885; signature: ""0E\002!\000\226\263\225\306\277\013J\377\234\364rc\021p\344\007\2719\032\374\2115\031\335C\250\342\366AU\215-\002 H\317\246\340\203&{1\254\350\2433\r\354n\004>fV{nL\322\037<\211|\255\225\311B1""; previousledger: ""\247]\357\236\n\207}P\2654\026`\256u\276\r&\026K\315a\3337\216.\240\362\263\327]\372\325""; ","proposeSeq: 0; currentTxHash: ""\000\000\000\000\000\000\000\000\000\000\000\000\000\000\000\000\000\000\000\000\000\000\000\000\000\000\000\000\000\000\000\000""; nodePubKey: ""\003R7o\362bV\300hf\266\241;}\200^\374\240\203[:\342Q\225\221\027y\372\255\235\216\323~""; closeTime: 803842885; signature: ""0E\002!\000\226\263\225\306\277\013J\377\234\364rc\021p\344\007\2719\032\374\2115\031\335C\250\342\366AU\215-\002 H\317\246\340\203&{1\254\350\2433\r\354n\004>fV{nL\322\037<\211|\255\225\311B1""; previousledger: ""\247]\357\236\n\207}P\2654\026`\256u\276\r&\026K\315a\3337\216.\240\362\263\327]\372\325""; "
1750527685636,1750527685636,0,1,3,2,TMProposeSet,"proposeSeq: 0; currentTxHash: ""\000\000\000\000\000\000\000\000\000\000\000\000\000\000\000\000\000\000\000\000\000\000\000\000\000\000\000\000\000\000\000\000""; nodePubKey: ""\003R7o\362bV\300hf\266\241;}\200^\374\240\203[:\342Q\225\221\027y\372\255\235\216\323~""; closeTime: 803842885; signature: ""0E\002!\000\226\263\225\306\277\013J\377\234\364rc\021p\344\007\2719\032\374\2115\031\335C\250\342\366AU\215-\002 H\317\246\340\203&{1\254\350\2433\r\354n\004>fV{nL\322\037<\211|\255\225\311B1""; previousledger: ""\247]\357\236\n\207}P\2654\026`\256u\276\r&\026K\315a\3337\216.\240\362\263\327]\372\325""; ","proposeSeq: 0; currentTxHash: ""\000\000\000\000\000\000\000\000\000\000\000\000\000\000\000\000\000\000\000\000\000\000\000\000\000\000\000\000\000\000\000\000""; nodePubKey: ""\003R7o\362bV\300hf\266\241;}\200^\374\240\203[:\342Q\225\221\027y\372\255\235\216\323~""; closeTime: 803842885; signature: ""0E\002!\000\226\263\225\306\277\013J\377\234\364rc\021p\344\007\2719\032\374\2115\031\335C\250\342\366AU\215-\002 H\317\246\340\203&{1\254\350\2433\r\354n\004>fV{nL\322\037<\211|\255\225\311B1""; previousledger: ""\247]\357\236\n\207}P\2654\026`\256u\276\r&\026K\315a\3337\216.\240\362\263\327]\372\325""; "
1750527685637,1750527685637,0,1,3,0,TMProposeSet,"proposeSeq: 0; currentTxHash: ""\000\000\000\000\000\000\000\000\000\000\000\000\000\000\000\000\000\000\000\000\000\000\000\000\000\000\000\000\000\000\000\000""; nodePubKey: ""\003R7o\362bV\300hf\266\241;}\200^\374\240\203[:\342Q\225\221\027y\372\255\235\216\323~""; closeTime: 803842885; signature: ""0E\002!\000\226\263\225\306\277\013J\377\234\364rc\021p\344\007\2719\032\374\2115\031\335C\250\342\366AU\215-\002 H\317\246\340\203&{1\254\350\2433\r\354n\004>fV{nL\322\037<\211|\255\225\311B1""; previousledger: ""\247]\357\236\n\207}P\2654\026`\256u\276\r&\026K\315a\3337\216.\240\362\263\327]\372\325""; ","proposeSeq: 0; currentTxHash: ""\000\000\000\000\000\000\000\000\000\000\000\000\000\000\000\000\000\000\000\000\000\000\000\000\000\000\000\000\000\000\000\000""; nodePubKey: ""\003R7o\362bV\300hf\266\241;}\200^\374\240\203[:\342Q\225\221\027y\372\255\235\216\323~""; closeTime: 803842885; signature: ""0E\002!\000\226\263\225\306\277\013J\377\234\364rc\021p\344\007\2719\032\374\2115\031\335C\250\342\366AU\215-\002 H\317\246\340\203&{1\254\350\2433\r\354n\004>fV{nL\322\037<\211|\255\225\311B1""; previousledger: ""\247]\357\236\n\207}P\2654\026`\256u\276\r&\026K\315a\3337\216.\240\362\263\327]\372\325""; "
1750527685632,1750527685672,0,1,4,2,TMStatusChange,"newEvent: neCLOSING_LEDGER; ledgerSeq: 48; ledgerHash: ""\247]\357\236\n\207}P\2654\026`\256u\276\r&\026K\315a\3337\216.\240\362\263\327]\372\325""; ledgerHashPrevious: ""]+$\302\005\224\270\033E\r\312\315}\200\2505\216\221\301\341\035[\247\325\236M^\360a\267\356\267""; networkTime: 803842885; firstSeq: 1; lastSeq: 48; ","newEvent: neCLOSING_LEDGER; ledgerSeq: 48; ledgerHash: ""\247]\357\236\n\207}P\2654\026`\256u\276\r&\026K\315a\3337\216.\240\362\263\327]\372\325""; ledgerHashPrevious: ""]+$\302\005\224\270\033E\r\312\315}\200\2505\216\221\301\341\035[\247\325\236M^\360a\267\356\267""; networkTime: 803842885; firstSeq: 1; lastSeq: 48; "
1750527685634,1750527685672,0,1,4,0,TMStatusChange,"newEvent: neCLOSING_LEDGER; ledgerSeq: 48; ledgerHash: ""\247]\357\236\n\207}P\2654\026`\256u\276\r&\026K\315a\3337\216.\240\362\263\327]\372\325""; ledgerHashPrevious: ""]+$\302\005\224\270\033E\r\312\315}\200\2505\216\221\301\341\035[\247\325\236M^\360a\267\356\267""; networkTime: 803842885; firstSeq: 1; lastSeq: 48; ","newEvent: neCLOSING_LEDGER; ledgerSeq: 48; ledgerHash: ""\247]\357\236\n\207}P\2654\026`\256u\276\r&\026K\315a\3337\216.\240\362\263\327]\372\325""; ledgerHashPrevious: ""]+$\302\005\224\270\033E\r\312\315}\200\2505\216\221\301\341\035[\247\325\236M^\360a\267\356\267""; networkTime: 803842885; firstSeq: 1; lastSeq: 48; "
1750527685634,1750527685673,0,1,4,1,TMStatusChange,"newEvent: neCLOSING_LEDGER; ledgerSeq: 48; ledgerHash: ""\247]\357\236\n\207}P\2654\026`\256u\276\r&\026K\315a\3337\216.\240\362\263\327]\372\325""; ledgerHashPrevious: ""]+$\302\005\224\270\033E\r\312\315}\200\2505\216\221\301\341\035[\247\325\236M^\360a\267\356\267""; networkTime: 803842885; firstSeq: 1; lastSeq: 48; ","newEvent: neCLOSING_LEDGER; ledgerSeq: 48; ledgerHash: ""\247]\357\236\n\207}P\2654\026`\256u\276\r&\026K\315a\3337\216.\240\362\263\327]\372\325""; ledgerHashPrevious: ""]+$\302\005\224\270\033E\r\312\315}\200\2505\216\221\301\341\035[\247\325\236M^\360a\267\356\267""; networkTime: 803842885; firstSeq: 1; lastSeq: 48; "
1750527685634,1750527685674,0,1,4,3,TMStatusChange,"newEvent: neCLOSING_LEDGER; ledgerSeq: 48; ledgerHash: ""\247]\357\236\n\207}P\2654\026`\256u\276\r&\026K\315a\3337\216.\240\362\263\327]\372\325""; ledgerHashPrevious: ""]+$\302\005\224\270\033E\r\312\315}\200\2505\216\221\301\341\035[\247\325\236M^\360a\267\356\267""; networkTime: 803842885; firstSeq: 1; lastSeq: 48; ","newEvent: neCLOSING_LEDGER; ledgerSeq: 48; ledgerHash: ""\247]\357\236\n\207}P\2654\026`\256u\276\r&\026K\315a\3337\216.\240\362\263\327]\372\325""; ledgerHashPrevious: ""]+$\302\005\224\270\033E\r\312\315}\200\2505\216\221\301\341\035[\247\325\236M^\360a\267\356\267""; networkTime: 803842885; firstSeq: 1; lastSeq: 48; "
1750527685644,1750527685675,0,1,2,3,TMStatusChange,"newEvent: neACCEPTED_LEDGER; ledgerSeq: 14; ledgerHash: ""\366j\342\363\016\347\323I\216\\246\222\3168\223\037\242ZC6c\204\225\322W\300\263}\000zrv""; ledgerHashPrevious: ""\331I\204\016\276\321\276\006\357\356_\363\302\211\374\3168-\334\260;S\007r\271:!i\362bs\344""; networkTime: 803842885; firstSeq: 1; lastSeq: 48; ","newEvent: neACCEPTED_LEDGER; ledgerSeq: 14; ledgerHash: ""\366j\342\363\016\347\323I\216\\246\222\3168\223\037\242ZC6c\204\225\322W\300\263}\000zrv""; ledgerHashPrevious: ""\331I\204\016\276\321\276\006\357\356_\363\302\211\374\3168-\334\260;S\007r\271:!i\362bs\344""; networkTime: 803842885; firstSeq: 1; lastSeq: 48; "
1750527685645,1750527685675,0,1,2,0,TMStatusChange,"newEvent: neACCEPTED_LEDGER; ledgerSeq: 14; ledgerHash: ""\366j\342\363\016\347\323I\216\\246\222\3168\223\037\242ZC6c\204\225\322W\300\263}\000zrv""; ledgerHashPrevious: ""\331I\204\016\276\321\276\006\357\356_\363\302\211\374\3168-\334\260;S\007r\271:!i\362bs\344""; networkTime: 803842885; firstSeq: 1; lastSeq: 48; ","newEvent: neACCEPTED_LEDGER; ledgerSeq: 14; ledgerHash: ""\366j\342\363\016\347\323I\216\\246\222\3168\223\037\242ZC6c\204\225\322W\300\263}\000zrv""; ledgerHashPrevious: ""\331I\204\016\276\321\276\006\357\356_\363\302\211\374\3168-\334\260;S\007r\271:!i\362bs\344""; networkTime: 803842885; firstSeq: 1; lastSeq: 48; "
1750527685644,1750527685674,0,1,2,1,TMStatusChange,"newEvent: neACCEPTED_LEDGER; ledgerSeq: 14; ledgerHash: ""\366j\342\363\016\347\323I\216\\246\222\3168\223\037\242ZC6c\204\225\322W\300\263}\000zrv""; ledgerHashPrevious: ""\331I\204\016\276\321\276\006\357\356_\363\302\211\374\3168-\334\260;S\007r\271:!i\362bs\344""; networkTime: 803842885; firstSeq: 1; lastSeq: 48; ","newEvent: neACCEPTED_LEDGER; ledgerSeq: 14; ledgerHash: ""\366j\342\363\016\347\323I\216\\246\222\3168\223\037\242ZC6c\204\225\322W\300\263}\000zrv""; ledgerHashPrevious: ""\331I\204\016\276\321\276\006\357\356_\363\302\211\374\3168-\334\260;S\007r\271:!i\362bs\344""; networkTime: 803842885; firstSeq: 1; lastSeq: 48; "
1750527685644,1750527685674,0,1,2,4,TMStatusChange,"newEvent: neACCEPTED_LEDGER; ledgerSeq: 14; ledgerHash: ""\366j\342\363\016\347\323I\216\\246\222\3168\223\037\242ZC6c\204\225\322W\300\263}\000zrv""; ledgerHashPrevious: ""\331I\204\016\276\321\276\006\357\356_\363\302\211\374\3168-\334\260;S\007r\271:!i\362bs\344""; networkTime: 803842885; firstSeq: 1; lastSeq: 48; ","newEvent: neACCEPTED_LEDGER; ledgerSeq: 14; ledgerHash: ""\366j\342\363\016\347\323I\216\\246\222\3168\223\037\242ZC6c\204\225\322W\300\263}\000zrv""; ledgerHashPrevious: ""\331I\204\016\276\321\276\006\357\356_\363\302\211\374\3168-\334\260;S\007r\271:!i\362bs\344""; networkTime: 803842885; firstSeq: 1; lastSeq: 48; "
1750527687473,1750527687473,0,1,3,2,TMValidation,"validation: """"\200\000\000\001&\000\000\0001)/\351\253G:p\210\265\307-\212\200\004Q\037\006\345\236\265\343\337g\271\317\315\374\3357gX\036\024'\357<$\322\323$\375\346&^\361\0009P\027\000\000\000\000\000\000\000\000\000\000\000\000\000\000\000\000\000\000\000\000\000\000\000\000\000\000\000\000\000\000\000\000P\031\247]\357\236\n\207}P\2654\026`\256u\276\r&\026K\315a\3337\216.\240\362\263\327]\372\325s!\002\364d\217\366\217|\316F\232\231\241\n\261\333`\312O\367\235\025DD\336e\367\n\312\326\221\037\025\230vF0D\002 K\254\363\251\014\333\013\324U\262f\3133\366\214~\232@\375S\314\007\211\224|\267\370w+\024Uu\002 \036\331\375`7e\252\214\225\254\013\332\263\304\371\3759\303\351\201\257\247J\373\324,i\\372\313S\013""; ","validation: """"\200\000\000\001&\000\000\0001)/\351\253G:p\210\265\307-\212\200\004Q\037\006\345\236\265\343\337g\271\317\315\374\3357gX\036\024'\357<$\322\323$\375\346&^\361\0009P\027\000\000\000\000\000\000\000\000\000\000\000\000\000\000\000\000\000\000\000\000\000\000\000\000\000\000\000\000\000\000\000\000P\031\247]\357\236\n\207}P\2654\026`\256u\276\r&\026K\315a\3337\216.\240\362\263\327]\372\325s!\002\364d\217\366\217|\316F\232\231\241\n\261\333`\312O\367\235\025DD\336e\367\n\312\326\221\037\025\230vF0D\002 K\254\363\251\014\333\013\324U\262f\3133\366\214~\232@\375S\314\007\211\224|\267\370w+\024Uu\002 \036\331\375`7e\252\214\225\254\013\332\263\304\371\3759\303\351\201\257\247J\373\324,i\\372\313S\013""; "
1750527687473,1750527687474,0,1,3,2,TMStatusChange,"newEvent: neACCEPTED_LEDGER; ledgerSeq: 49; ledgerHash: ""\037\006\345\236\265\343\337g\271\317\315\374\3357gX\036\024'\357<$\322\323$\375\346&^\361\0009""; ledgerHashPrevious: ""\247]\357\236\n\207}P\2654\026`\256u\276\r&\026K\315a\3337\216.\240\362\263\327]\372\325""; networkTime: 803842887; firstSeq: 1; lastSeq: 48; ","newEvent: neACCEPTED_LEDGER; ledgerSeq: 49; ledgerHash: ""\037\006\345\236\265\343\337g\271\317\315\374\3357gX\036\024'\357<$\322\323$\375\346&^\361\0009""; ledgerHashPrevious: ""\247]\357\236\n\207}P\2654\026`\256u\276\r&\026K\315a\3337\216.\240\362\263\327]\372\325""; networkTime: 803842887; firstSeq: 1; lastSeq: 48; "
1750527687475,1750527687475,0,1,3,0,TMStatusChange,"newEvent: neACCEPTED_LEDGER; ledgerSeq: 49; ledgerHash: ""\037\006\345\236\265\343\337g\271\317\315\374\3357gX\036\024'\357<$\322\323$\375\346&^\361\0009""; ledgerHashPrevious: ""\247]\357\236\n\207}P\2654\026`\256u\276\r&\026K\315a\3337\216.\240\362\263\327]\372\325""; networkTime: 803842887; firstSeq: 1; lastSeq: 48; ","newEvent: neACCEPTED_LEDGER; ledgerSeq: 49; ledgerHash: ""\037\006\345\236\265\343\337g\271\317\315\374\3357gX\036\024'\357<$\322\323$\375\346&^\361\0009""; ledgerHashPrevious: ""\247]\357\236\n\207}P\2654\026`\256u\276\r&\026K\315a\3337\216.\240\362\263\327]\372\325""; networkTime: 803842887; firstSeq: 1; lastSeq: 48; "
1750527687475,1750527687475,0,1,3,4,TMStatusChange,"newEvent: neACCEPTED_LEDGER; ledgerSeq: 49; ledgerHash: ""\037\006\345\236\265\343\337g\271\317\315\374\3357gX\036\024'\357<$\322\323$\375\346&^\361\0009""; ledgerHashPrevious: ""\247]\357\236\n\207}P\2654\026`\256u\276\r&\026K\315a\3337\216.\240\362\263\327]\372\325""; networkTime: 803842887; firstSeq: 1; lastSeq: 48; ","newEvent: neACCEPTED_LEDGER; ledgerSeq: 49; ledgerHash: ""\037\006\345\236\265\343\337g\271\317\315\374\3357gX\036\024'\357<$\322\323$\375\346&^\361\0009""; ledgerHashPrevious: ""\247]\357\236\n\207}P\2654\026`\256u\276\r&\026K\315a\3337\216.\240\362\263\327]\372\325""; networkTime: 803842887; firstSeq: 1; lastSeq: 48; "
1750527687475,1750527687476,0,1,3,1,TMValidation,"validation: """"\200\000\000\001&\000\000\0001)/\351\253G:p\210\265\307-\212\200\004Q\037\006\345\236\265\343\337g\271\317\315\374\3357gX\036\024'\357<$\322\323$\375\346&^\361\0009P\027\000\000\000\000\000\000\000\000\000\000\000\000\000\000\000\000\000\000\000\000\000\000\000\000\000\000\000\000\000\000\000\000P\031\247]\357\236\n\207}P\2654\026`\256u\276\r&\026K\315a\3337\216.\240\362\263\327]\372\325s!\002\364d\217\366\217|\316F\232\231\241\n\261\333`\312O\367\235\025DD\336e\367\n\312\326\221\037\025\230vF0D\002 K\254\363\251\014\333\013\324U\262f\3133\366\214~\232@\375S\314\007\211\224|\267\370w+\024Uu\002 \036\331\375`7e\252\214\225\254\013\332\263\304\371\3759\303\351\201\257\247J\373\324,i\\372\313S\013""; ","validation: """"\200\000\000\001&\000\000\0001)/\351\253G:p\210\265\307-\212\200\004Q\037\006\345\236\265\343\337g\271\317\315\374\3357gX\036\024'\357<$\322\323$\375\346&^\361\0009P\027\000\000\000\000\000\000\000\000\000\000\000\000\000\000\000\000\000\000\000\000\000\000\000\000\000\000\000\000\000\000\000\000P\031\247]\357\236\n\207}P\2654\026`\256u\276\r&\026K\315a\3337\216.\240\362\263\327]\372\325s!\002\364d\217\366\217|\316F\232\231\241\n\261\333`\312O\367\235\025DD\336e\367\n\312\326\221\037\025\230vF0D\002 K\254\363\251\014\333\013\324U\262f\3133\366\214~\232@\375S\314\007\211\224|\267\370w+\024Uu\002 \036\331\375`7e\252\214\225\254\013\332\263\304\371\3759\303\351\201\257\247J\373\324,i\\372\313S\013""; "
1750527687476,1750527687476,0,1,3,1,TMStatusChange,"newEvent: neACCEPTED_LEDGER; ledgerSeq: 49; ledgerHash: ""\037\006\345\236\265\343\337g\271\317\315\374\3357gX\036\024'\357<$\322\323$\375\346&^\361\0009""; ledgerHashPrevious: ""\247]\357\236\n\207}P\2654\026`\256u\276\r&\026K\315a\3337\216.\240\362\263\327]\372\325""; networkTime: 803842887; firstSeq: 1; lastSeq: 48; ","newEvent: neACCEPTED_LEDGER; ledgerSeq: 49; ledgerHash: ""\037\006\345\236\265\343\337g\271\317\315\374\3357gX\036\024'\357<$\322\323$\375\346&^\361\0009""; ledgerHashPrevious: ""\247]\357\236\n\207}P\2654\026`\256u\276\r&\026K\315a\3337\216.\240\362\263\327]\372\325""; networkTime: 803842887; firstSeq: 1; lastSeq: 48; "
1750527687475,1750527687475,0,1,3,4,TMValidation,"validation: """"\200\000\000\001&\000\000\0001)/\351\253G:p\210\265\307-\212\200\004Q\037\006\345\236\265\343\337g\271\317\315\374\3357gX\036\024'\357<$\322\323$\375\346&^\361\0009P\027\000\000\000\000\000\000\000\000\000\000\000\000\000\000\000\000\000\000\000\000\000\000\000\000\000\000\000\000\000\000\000\000P\031\247]\357\236\n\207}P\2654\026`\256u\276\r&\026K\315a\3337\216.\240\362\263\327]\372\325s!\002\364d\217\366\217|\316F\232\231\241\n\261\333`\312O\367\235\025DD\336e\367\n\312\326\221\037\025\230vF0D\002 K\254\363\251\014\333\013\324U\262f\3133\366\214~\232@\375S\314\007\211\224|\267\370w+\024Uu\002 \036\331\375`7e\252\214\225\254\013\332\263\304\371\3759\303\351\201\257\247J\373\324,i\\372\313S\013""; ","validation: """"\200\000\000\001&\000\000\0001)/\351\253G:p\210\265\307-\212\200\004Q\037\006\345\236\265\343\337g\271\317\315\374\3357gX\036\024'\357<$\322\323$\375\346&^\361\0009P\027\000\000\000\000\000\000\000\000\000\000\000\000\000\000\000\000\000\000\000\000\000\000\000\000\000\000\000\000\000\000\000\000P\031\247]\357\236\n\207}P\2654\026`\256u\276\r&\026K\315a\3337\216.\240\362\263\327]\372\325s!\002\364d\217\366\217|\316F\232\231\241\n\261\333`\312O\367\235\025DD\336e\367\n\312\326\221\037\025\230vF0D\002 K\254\363\251\014\333\013\324U\262f\3133\366\214~\232@\375S\314\007\211\224|\267\370w+\024Uu\002 \036\331\375`7e\252\214\225\254\013\332\263\304\371\3759\303\351\201\257\247J\373\324,i\\372\313S\013""; "
1750527687476,1750527687476,0,1,3,0,TMValidation,"validation: """"\200\000\000\001&\000\000\0001)/\351\253G:p\210\265\307-\212\200\004Q\037\006\345\236\265\343\337g\271\317\315\374\3357gX\036\024'\357<$\322\323$\375\346&^\361\0009P\027\000\000\000\000\000\000\000\000\000\000\000\000\000\000\000\000\000\000\000\000\000\000\000\000\000\000\000\000\000\000\000\000P\031\247]\357\236\n\207}P\2654\026`\256u\276\r&\026K\315a\3337\216.\240\362\263\327]\372\325s!\002\364d\217\366\217|\316F\232\231\241\n\261\333`\312O\367\235\025DD\336e\367\n\312\326\221\037\025\230vF0D\002 K\254\363\251\014\333\013\324U\262f\3133\366\214~\232@\375S\314\007\211\224|\267\370w+\024Uu\002 \036\331\375`7e\252\214\225\254\013\332\263\304\371\3759\303\351\201\257\247J\373\324,i\\372\313S\013""; ","validation: """"\200\000\000\001&\000\000\0001)/\351\253G:p\210\265\307-\212\200\004Q\037\006\345\236\265\343\337g\271\317\315\374\3357gX\036\024'\357<$\322\323$\375\346&^\361\0009P\027\000\000\000\000\000\000\000\000\000\000\000\000\000\000\000\000\000\000\000\000\000\000\000\000\000\000\000\000\000\000\000\000P\031\247]\357\236\n\207}P\2654\026`\256u\276\r&\026K\315a\3337\216.\240\362\263\327]\372\325s!\002\364d\217\366\217|\316F\232\231\241\n\261\333`\312O\367\235\025DD\336e\367\n\312\326\221\037\025\230vF0D\002 K\254\363\251\014\333\013\324U\262f\3133\366\214~\232@\375S\314\007\211\224|\267\370w+\024Uu\002 \036\331\375`7e\252\214\225\254\013\332\263\304\371\3759\303\351\201\257\247J\373\324,i\\372\313S\013""; "
1750527687477,1750527687477,0,1,2,3,TMGetLedger,"itype: liBASE; ledgerHash: ""\037\006\345\236\265\343\337g\271\317\315\374\3357gX\036\024'\357<$\322\323$\375\346&^\361\0009""; ledgerSeq: 49; ","itype: liBASE; ledgerHash: ""\037\006\345\236\265\343\337g\271\317\315\374\3357gX\036\024'\357<$\322\323$\375\346&^\361\0009""; ledgerSeq: 49; "
1750527687477,1750527687477,0,1,2,4,TMGetLedger,"itype: liBASE; ledgerHash: ""\037\006\345\236\265\343\337g\271\317\315\374\3357gX\036\024'\357<$\322\323$\375\346&^\361\0009""; ledgerSeq: 49; ","itype: liBASE; ledgerHash: ""\037\006\345\236\265\343\337g\271\317\315\374\3357gX\036\024'\357<$\322\323$\375\346&^\361\0009""; ledgerSeq: 49; "
1750527687478,1750527687478,0,1,2,0,TMGetLedger,"itype: liBASE; ledgerHash: ""\037\006\345\236\265\343\337g\271\317\315\374\3357gX\036\024'\357<$\322\323$\375\346&^\361\0009""; ledgerSeq: 49; ","itype: liBASE; ledgerHash: ""\037\006\345\236\265\343\337g\271\317\315\374\3357gX\036\024'\357<$\322\323$\375\346&^\361\0009""; ledgerSeq: 49; "
1750527687478,1750527687478,0,1,2,1,TMGetLedger,"itype: liBASE; ledgerHash: ""\037\006\345\236\265\343\337g\271\317\315\374\3357gX\036\024'\357<$\322\323$\375\346&^\361\0009""; ledgerSeq: 49; ","itype: liBASE; ledgerHash: ""\037\006\345\236\265\343\337g\271\317\315\374\3357gX\036\024'\357<$\322\323$\375\346&^\361\0009""; ledgerSeq: 49; "
1750527687479,1750527687479,0,1,2,0,TMValidation,"validation: """"\200\000\000\001&\000\000\0001)/\351\253G:p\210\265\307-\212\200\004Q\037\006\345\236\265\343\337g\271\317\315\374\3357gX\036\024'\357<$\322\323$\375\346&^\361\0009P\027\000\000\000\000\000\000\000\000\000\000\000\000\000\000\000\000\000\000\000\000\000\000\000\000\000\000\000\000\000\000\000\000P\031\247]\357\236\n\207}P\2654\026`\256u\276\r&\026K\315a\3337\216.\240\362\263\327]\372\325s!\002\364d\217\366\217|\316F\232\231\241\n\261\333`\312O\367\235\025DD\336e\367\n\312\326\221\037\025\230vF0D\002 K\254\363\251\014\333\013\324U\262f\3133\366\214~\232@\375S\314\007\211\224|\267\370w+\024Uu\002 \036\331\375`7e\252\214\225\254\013\332\263\304\371\3759\303\351\201\257\247J\373\324,i\\372\313S\013""; ","validation: """"\200\000\000\001&\000\000\0001)/\351\253G:p\210\265\307-\212\200\004Q\037\006\345\236\265\343\337g\271\317\315\374\3357gX\036\024'\357<$\322\323$\375\346&^\361\0009P\027\000\000\000\000\000\000\000\000\000\000\000\000\000\000\000\000\000\000\000\000\000\000\000\000\000\000\000\000\000\000\000\000P\031\247]\357\236\n\207}P\2654\026`\256u\276\r&\026K\315a\3337\216.\240\362\263\327]\372\325s!\002\364d\217\366\217|\316F\232\231\241\n\261\333`\312O\367\235\025DD\336e\367\n\312\326\221\037\025\230vF0D\002 K\254\363\251\014\333\013\324U\262f\3133\366\214~\232@\375S\314\007\211\224|\267\370w+\024Uu\002 \036\331\375`7e\252\214\225\254\013\332\263\304\371\3759\303\351\201\257\247J\373\324,i\\372\313S\013""; "
1750527687479,1750527687479,0,1,2,0,TMGetLedger,"itype: liBASE; ledgerHash: ""\037\006\345\236\265\343\337g\271\317\315\374\3357gX\036\024'\357<$\322\323$\375\346&^\361\0009""; ledgerSeq: 49; queryType: qtINDIRECT; ","itype: liBASE; ledgerHash: ""\037\006\345\236\265\343\337g\271\317\315\374\3357gX\036\024'\357<$\322\323$\375\346&^\361\0009""; ledgerSeq: 49; queryType: qtINDIRECT; "
1750527687479,1750527687479,0,1,2,1,TMValidation,"validation: """"\200\000\000\001&\000\000\0001)/\351\253G:p\210\265\307-\212\200\004Q\037\006\345\236\265\343\337g\271\317\315\374\3357gX\036\024'\357<$\322\323$\375\346&^\361\0009P\027\000\000\000\000\000\000\000\000\000\000\000\000\000\000\000\000\000\000\000\000\000\000\000\000\000\000\000\000\000\000\000\000P\031\247]\357\236\n\207}P\2654\026`\256u\276\r&\026K\315a\3337\216.\240\362\263\327]\372\325s!\002\364d\217\366\217|\316F\232\231\241\n\261\333`\312O\367\235\025DD\336e\367\n\312\326\221\037\025\230vF0D\002 K\254\363\251\014\333\013\324U\262f\3133\366\214~\232@\375S\314\007\211\224|\267\370w+\024Uu\002 \036\331\375`7e\252\214\225\254\013\332\263\304\371\3759\303\351\201\257\247J\373\324,i\\372\313S\013""; ","validation: """"\200\000\000\001&\000\000\0001)/\351\253G:p\210\265\307-\212\200\004Q\037\006\345\236\265\343\337g\271\317\315\374\3357gX\036\024'\357<$\322\323$\375\346&^\361\0009P\027\000\000\000\000\000\000\000\000\000\000\000\000\000\000\000\000\000\000\000\000\000\000\000\000\000\000\000\000\000\000\000\000P\031\247]\357\236\n\207}P\2654\026`\256u\276\r&\026K\315a\3337\216.\240\362\263\327]\372\325s!\002\364d\217\366\217|\316F\232\231\241\n\261\333`\312O\367\235\025DD\336e\367\n\312\326\221\037\025\230vF0D\002 K\254\363\251\014\333\013\324U\262f\3133\366\214~\232@\375S\314\007\211\224|\267\370w+\024Uu\002 \036\331\375`7e\252\214\225\254\013\332\263\304\371\3759\303\351\201\257\247J\373\324,i\\372\313S\013""; "
1750527687480,1750527687480,0,1,2,3,TMGetLedger,"itype: liBASE; ledgerHash: ""\037\006\345\236\265\343\337g\271\317\315\374\3357gX\036\024'\357<$\322\323$\375\346&^\361\0009""; ledgerSeq: 49; queryType: qtINDIRECT; ","itype: liBASE; ledgerHash: ""\037\006\345\236\265\343\337g\271\317\315\374\3357gX\036\024'\357<$\322\323$\375\346&^\361\0009""; ledgerSeq: 49; queryType: qtINDIRECT; "
1750527687480,1750527687480,0,1,2,1,TMGetLedger,"itype: liBASE; ledgerHash: ""\037\006\345\236\265\343\337g\271\317\315\374\3357gX\036\024'\357<$\322\323$\375\346&^\361\0009""; ledgerSeq: 49; queryType: qtINDIRECT; ","itype: liBASE; ledgerHash: ""\037\006\345\236\265\343\337g\271\317\315\374\3357gX\036\024'\357<$\322\323$\375\346&^\361\0009""; ledgerSeq: 49; queryType: qtINDIRECT; "
1750527687480,1750527687480,0,1,1,0,TMGetLedger,"itype: liBASE; ledgerHash: ""\037\006\345\236\265\343\337g\271\317\315\374\3357gX\036\024'\357<$\322\323$\375\346&^\361\0009""; ledgerSeq: 49; ","itype: liBASE; ledgerHash: ""\037\006\345\236\265\343\337g\271\317\315\374\3357gX\036\024'\357<$\322\323$\375\346&^\361\0009""; ledgerSeq: 49; "
1750527687481,1750527687481,0,1,1,2,TMGetLedger,"itype: liBASE; ledgerHash: ""\037\006\345\236\265\343\337g\271\317\315\374\3357gX\036\024'\357<$\322\323$\375\346&^\361\0009""; ledgerSeq: 49; ","itype: liBASE; ledgerHash: ""\037\006\345\236\265\343\337g\271\317\315\374\3357gX\036\024'\357<$\322\323$\375\346&^\361\0009""; ledgerSeq: 49; "
1750527687481,1750527687481,0,1,1,3,TMGetLedger,"itype: liBASE; ledgerHash: ""\037\006\345\236\265\343\337g\271\317\315\374\3357gX\036\024'\357<$\322\323$\375\346&^\361\0009""; ledgerSeq: 49; ","itype: liBASE; ledgerHash: ""\037\006\345\236\265\343\337g\271\317\315\374\3357gX\036\024'\357<$\322\323$\375\346&^\361\0009""; ledgerSeq: 49; "
1750527687481,1750527687481,0,1,1,4,TMGetLedger,"itype: liBASE; ledgerHash: ""\037\006\345\236\265\343\337g\271\317\315\374\3357gX\036\024'\357<$\322\323$\375\346&^\361\0009""; ledgerSeq: 49; ","itype: liBASE; ledgerHash: ""\037\006\345\236\265\343\337g\271\317\315\374\3357gX\036\024'\357<$\322\323$\375\346&^\361\0009""; ledgerSeq: 49; "
1750527687482,1750527687482,0,1,4,1,TMValidation,"validation: """"\200\000\000\001&\000\000\0001)/\351\253G:p\210\265\307-\212\200\004Q\037\006\345\236\265\343\337g\271\317\315\374\3357gX\036\024'\357<$\322\323$\375\346&^\361\0009P\027\000\000\000\000\000\000\000\000\000\000\000\000\000\000\000\000\000\000\000\000\000\000\000\000\000\000\000\000\000\000\000\000P\031\247]\357\236\n\207}P\2654\026`\256u\276\r&\026K\315a\3337\216.\240\362\263\327]\372\325s!\002\364d\217\366\217|\316F\232\231\241\n\261\333`\312O\367\235\025DD\336e\367\n\312\326\221\037\025\230vF0D\002 K\254\363\251\014\333\013\324U\262f\3133\366\214~\232@\375S\314\007\211\224|\267\370w+\024Uu\002 \036\331\375`7e\252\214\225\254\013\332\263\304\371\3759\303\351\201\257\247J\373\324,i\\372\313S\013""; ","validation: """"\200\000\000\001&\000\000\0001)/\351\253G:p\210\265\307-\212\200\004Q\037\006\345\236\265\343\337g\271\317\315\374\3357gX\036\024'\357<$\322\323$\375\346&^\361\0009P\027\000\000\000\000\000\000\000\000\000\000\000\000\000\000\000\000\000\000\000\000\000\000\000\000\000\000\000\000\000\000\000\000P\031\247]\357\236\n\207}P\2654\026`\256u\276\r&\026K\315a\3337\216.\240\362\263\327]\372\325s!\002\364d\217\366\217|\316F\232\231\241\n\261\333`\312O\367\235\025DD\336e\367\n\312\326\221\037\025\230vF0D\002 K\254\363\251\014\333\013\324U\262f\3133\366\214~\232@\375S\314\007\211\224|\267\370w+\024Uu\002 \036\331\375`7e\252\214\225\254\013\332\263\304\371\3759\303\351\201\257\247J\373\324,i\\372\313S\013""; "
1750527687483,1750527687483,0,1,4,2,TMValidation,"validation: """"\200\000\000\001&\000\000\0001)/\351\253G:p\210\265\307-\212\200\004Q\037\006\345\236\265\343\337g\271\317\315\374\3357gX\036\024'\357<$\322\323$\375\346&^\361\0009P\027\000\000\000\000\000\000\000\000\000\000\000\000\000\000\000\000\000\000\000\000\000\000\000\000\000\000\000\000\000\000\000\000P\031\247]\357\236\n\207}P\2654\026`\256u\276\r&\026K\315a\3337\216.\240\362\263\327]\372\325s!\002\364d\217\366\217|\316F\232\231\241\n\261\333`\312O\367\235\025DD\336e\367\n\312\326\221\037\025\230vF0D\002 K\254\363\251\014\333\013\324U\262f\3133\366\214~\232@\375S\314\007\211\224|\267\370w+\024Uu\002 \036\331\375`7e\252\214\225\254\013\332\263\304\371\3759\303\351\201\257\247J\373\324,i\\372\313S\013""; ","validation: """"\200\000\000\001&\000\000\0001)/\351\253G:p\210\265\307-\212\200\004Q\037\006\345\236\265\343\337g\271\317\315\374\3357gX\036\024'\357<$\322\323$\375\346&^\361\0009P\027\000\000\000\000\000\000\000\000\000\000\000\000\000\000\000\000\000\000\000\000\000\000\000\000\000\000\000\000\000\000\000\000P\031\247]\357\236\n\207}P\2654\026`\256u\276\r&\026K\315a\3337\216.\240\362\263\327]\372\325s!\002\364d\217\366\217|\316F\232\231\241\n\261\333`\312O\367\235\025DD\336e\367\n\312\326\221\037\025\230vF0D\002 K\254\363\251\014\333\013\324U\262f\3133\366\214~\232@\375S\314\007\211\224|\267\370w+\024Uu\002 \036\331\375`7e\252\214\225\254\013\332\263\304\371\3759\303\351\201\257\247J\373\324,i\\372\313S\013""; "
1750527687483,1750527687484,0,1,4,0,TMValidation,"validation: """"\200\000\000\001&\000\000\0001)/\351\253G:p\210\265\307-\212\200\004Q\037\006\345\236\265\343\337g\271\317\315\374\3357gX\036\024'\357<$\322\323$\375\346&^\361\0009P\027\000\000\000\000\000\000\000\000\000\000\000\000\000\000\000\000\000\000\000\000\000\000\000\000\000\000\000\000\000\000\000\000P\031\247]\357\236\n\207}P\2654\026`\256u\276\r&\026K\315a\3337\216.\240\362\263\327]\372\325s!\002\364d\217\366\217|\316F\232\231\241\n\261\333`\312O\367\235\025DD\336e\367\n\312\326\221\037\025\230vF0D\002 K\254\363\251\014\333\013\324U\262f\3133\366\214~\232@\375S\314\007\211\224|\267\370w+\024Uu\002 \036\331\375`7e\252\214\225\254\013\332\263\304\371\3759\303\351\201\257\247J\373\324,i\\372\313S\013""; ","validation: """"\200\000\000\001&\000\000\0001)/\351\253G:p\210\265\307-\212\200\004Q\037\006\345\236\265\343\337g\271\317\315\374\3357gX\036\024'\357<$\322\323$\375\346&^\361\0009P\027\000\000\000\000\000\000\000\000\000\000\000\000\000\000\000\000\000\000\000\000\000\000\000\000\000\000\000\000\000\000\000\000P\031\247]\357\236\n\207}P\2654\026`\256u\276\r&\026K\315a\3337\216.\240\362\263\327]\372\325s!\002\364d\217\366\217|\316F\232\231\241\n\261\333`\312O\367\235\025DD\336e\367\n\312\326\221\037\025\230vF0D\002 K\254\363\251\014\333\013\324U\262f\3133\366\214~\232@\375S\314\007\211\224|\267\370w+\024Uu\002 \036\331\375`7e\252\214\225\254\013\332\263\304\371\3759\303\351\201\257\247J\373\324,i\\372\313S\013""; "
1750527687484,1750527687484,0,1,4,3,TMGetLedger,"itype: liBASE; ledgerHash: ""\037\006\345\236\265\343\337g\271\317\315\374\3357gX\036\024'\357<$\322\323$\375\346&^\361\0009""; ","itype: liBASE; ledgerHash: ""\037\006\345\236\265\343\337g\271\317\315\374\3357gX\036\024'\357<$\322\323$\375\346&^\361\0009""; "
1750527687484,1750527687484,0,1,4,1,TMGetLedger,"itype: liBASE; ledgerHash: ""\037\006\345\236\265\343\337g\271\317\315\374\3357gX\036\024'\357<$\322\323$\375\346&^\361\0009""; ","itype: liBASE; ledgerHash: ""\037\006\345\236\265\343\337g\271\317\315\374\3357gX\036\024'\357<$\322\323$\375\346&^\361\0009""; "
1750527687485,1750527687485,0,1,3,2,TMLedgerData,"ledgerHash: ""\037\006\345\236\265\343\337g\271\317\315\374\3357gX\036\024'\357<$\322\323$\375\346&^\361\0009""; ledgerSeq: 49; type: liBASE; nodes {;   nodedata: ""\000\000\0001\001cEx]\211\377\330\247]\357\236\n\207}P\2654\026`\256u\276\r&\026K\315a\3337\216.\240\362\263\327]\372\325\000\000\000\000\000\000\000\000\000\000\000\000\000\000\000\000\000\000\000\000\000\000\000\000\000\000\000\000\000\000\000\000\277\344\226\3637\236a@l\177F\236a\336 \252\321\245\244D\313`\256[m\240D\335\244\3123{/\351\253B/\351\253J\n\000""; }; nodes {;   nodedata: ""\323C\344\327\264{\312-\017:\006{\177\344N\002\326bO\260\220\006\033\362\345\005U\221DzJ0\001\301\025%1L\307\t\261\262z\374\222T\301\274V\236\223\262\270Ct\362\337b\356\024*\324\320\351\317\002k\336\234\027v\351\217\260\303\360\233ZPZWr\246$w\313\313\r\243r\232\2234\373\3539:N\004Q\245\272D\312D\300\300\t\323\0257\345e\271\na\215{\226\255x%T\257\037\333\004\344_/R\006E\344\037@\210\363\010\336T\226\247'\204_{\261\370""1\235\2445\343\033Y!\212\201\341\272\225'\007\317\016\321G\244[Ni\224\321\370\372=\033\263\242\354\\257\220r\372O\251\235\207\243\343\3750\375\\013\003""; }; ","ledgerHash: ""\037\006\345\236\265\343\337g\271\317\315\374\3357gX\036\024'\357<$\322\323$\375\346&^\361\0009""; ledgerSeq: 49; type: liBASE; nodes {;   nodedata: ""\000\000\0001\001cEx]\211\377\330\247]\357\236\n\207}P\2654\026`\256u\276\r&\026K\315a\3337\216.\240\362\263\327]\372\325\000\000\000\000\000\000\000\000\000\000\000\000\000\000\000\000\000\000\000\000\000\000\000\000\000\000\000\000\000\000\000\000\277\344\226\3637\236a@l\177F\236a\336 \252\321\245\244D\313`\256[m\240D\335\244\3123{/\351\253B/\351\253J\n\000""; }; nodes {;   nodedata: ""\323C\344\327\264{\312-\017:\006{\177\344N\002\326bO\260\220\006\033\362\345\005U\221DzJ0\001\301\025%1L\307\t\261\262z\374\222T\301\274V\236\223\262\270Ct\362\337b\356\024*\324\320\351\317\002k\336\234\027v\351\217\260\303\360\233ZPZWr\246$w\313\313\r\243r\232\2234\373\3539:N\004Q\245\272D\312D\300\300\t\323\0257\345e\271\na\215{\226\255x%T\257\037\333\004\344_/R\006E\344\037@\210\363\010\336T\226\247'\204_{\261\370""1\235\2445\343\033Y!\212\201\341\272\225'\007\317\016\321G\244[Ni\224\321\370\372=\033\263\242\354\\257\220r\372O\251\235\207\243\343\3750\375\\013\003""; }; "
1750527687485,1750527687485,0,1,4,2,TMGetLedger,"itype: liBASE; ledgerHash: ""\037\006\345\236\265\343\337g\271\317\315\374\3357gX\036\024'\357<$\322\323$\375\346&^\361\0009""; ","itype: liBASE; ledgerHash: ""\037\006\345\236\265\343\337g\271\317\315\374\3357gX\036\024'\357<$\322\323$\375\346&^\361\0009""; "
1750527687486,1750527687486,0,1,4,0,TMGetLedger,"itype: liBASE; ledgerHash: ""\037\006\345\236\265\343\337g\271\317\315\374\3357gX\036\024'\357<$\322\323$\375\346&^\361\0009""; ","itype: liBASE; ledgerHash: ""\037\006\345\236\265\343\337g\271\317\315\374\3357gX\036\024'\357<$\322\323$\375\346&^\361\0009""; "
1750527687486,1750527687486,0,1,4,0,TMGetLedger,"itype: liBASE; ledgerHash: ""\037\006\345\236\265\343\337g\271\317\315\374\3357gX\036\024'\357<$\322\323$\375\346&^\361\0009""; queryType: qtINDIRECT; ","itype: liBASE; ledgerHash: ""\037\006\345\236\265\343\337g\271\317\315\374\3357gX\036\024'\357<$\322\323$\375\346&^\361\0009""; queryType: qtINDIRECT; "
1750527687486,1750527687486,0,1,4,3,TMGetLedger,"itype: liBASE; ledgerHash: ""\037\006\345\236\265\343\337g\271\317\315\374\3357gX\036\024'\357<$\322\323$\375\346&^\361\0009""; queryType: qtINDIRECT; ","itype: liBASE; ledgerHash: ""\037\006\345\236\265\343\337g\271\317\315\374\3357gX\036\024'\357<$\322\323$\375\346&^\361\0009""; queryType: qtINDIRECT; "
1750527687487,1750527687487,0,1,4,1,TMGetLedger,"itype: liBASE; ledgerHash: ""\037\006\345\236\265\343\337g\271\317\315\374\3357gX\036\024'\357<$\322\323$\375\346&^\361\0009""; queryType: qtINDIRECT; ","itype: liBASE; ledgerHash: ""\037\006\345\236\265\343\337g\271\317\315\374\3357gX\036\024'\357<$\322\323$\375\346&^\361\0009""; queryType: qtINDIRECT; "
1750527687487,1750527687487,0,1,1,2,TMValidation,"validation: """"\200\000\000\001&\000\000\0001)/\351\253G:p\210\265\307-\212\200\004Q\037\006\345\236\265\343\337g\271\317\315\374\3357gX\036\024'\357<$\322\323$\375\346&^\361\0009P\027\000\000\000\000\000\000\000\000\000\000\000\000\000\000\000\000\000\000\000\000\000\000\000\000\000\000\000\000\000\000\000\000P\031\247]\357\236\n\207}P\2654\026`\256u\276\r&\026K\315a\3337\216.\240\362\263\327]\372\325s!\002\364d\217\366\217|\316F\232\231\241\n\261\333`\312O\367\235\025DD\336e\367\n\312\326\221\037\025\230vF0D\002 K\254\363\251\014\333\013\324U\262f\3133\366\214~\232@\375S\314\007\211\224|\267\370w+\024Uu\002 \036\331\375`7e\252\214\225\254\013\332\263\304\371\3759\303\351\201\257\247J\373\324,i\\372\313S\013""; ","validation: """"\200\000\000\001&\000\000\0001)/\351\253G:p\210\265\307-\212\200\004Q\037\006\345\236\265\343\337g\271\317\315\374\3357gX\036\024'\357<$\322\323$\375\346&^\361\0009P\027\000\000\000\000\000\000\000\000\000\000\000\000\000\000\000\000\000\000\000\000\000\000\000\000\000\000\000\000\000\000\000\000P\031\247]\357\236\n\207}P\2654\026`\256u\276\r&\026K\315a\3337\216.\240\362\263\327]\372\325s!\002\364d\217\366\217|\316F\232\231\241\n\261\333`\312O\367\235\025DD\336e\367\n\312\326\221\037\025\230vF0D\002 K\254\363\251\014\333\013\324U\262f\3133\366\214~\232@\375S\314\007\211\224|\267\370w+\024Uu\002 \036\331\375`7e\252\214\225\254\013\332\263\304\371\3759\303\351\201\257\247J\373\324,i\\372\313S\013""; "
1750527687488,1750527687488,0,1,1,2,TMGetLedger,"itype: liBASE; ledgerHash: ""\037\006\345\236\265\343\337g\271\317\315\374\3357gX\036\024'\357<$\322\323$\375\346&^\361\0009""; ledgerSeq: 49; queryType: qtINDIRECT; ","itype: liBASE; ledgerHash: ""\037\006\345\236\265\343\337g\271\317\315\374\3357gX\036\024'\357<$\322\323$\375\346&^\361\0009""; ledgerSeq: 49; queryType: qtINDIRECT; "
1750527687488,1750527687488,0,1,0,3,TMGetLedger,"itype: liBASE; ledgerHash: ""\037\006\345\236\265\343\337g\271\317\315\374\3357gX\036\024'\357<$\322\323$\375\346&^\361\0009""; ledgerSeq: 49; requestCookie: 3; queryType: qtINDIRECT; ","itype: liBASE; ledgerHash: ""\037\006\345\236\265\343\337g\271\317\315\374\3357gX\036\024'\357<$\322\323$\375\346&^\361\0009""; ledgerSeq: 49; requestCookie: 3; queryType: qtINDIRECT; "
1750527687488,1750527687488,0,1,3,2,TMLedgerData,"ledgerHash: ""\037\006\345\236\265\343\337g\271\317\315\374\3357gX\036\024'\357<$\322\323$\375\346&^\361\0009""; ledgerSeq: 49; type: liBASE; nodes {;   nodedata: ""\000\000\0001\001cEx]\211\377\330\247]\357\236\n\207}P\2654\026`\256u\276\r&\026K\315a\3337\216.\240\362\263\327]\372\325\000\000\000\000\000\000\000\000\000\000\000\000\000\000\000\000\000\000\000\000\000\000\000\000\000\000\000\000\000\000\000\000\277\344\226\3637\236a@l\177F\236a\336 \252\321\245\244D\313`\256[m\240D\335\244\3123{/\351\253B/\351\253J\n\000""; }; nodes {;   nodedata: ""\323C\344\327\264{\312-\017:\006{\177\344N\002\326bO\260\220\006\033\362\345\005U\221DzJ0\001\301\025%1L\307\t\261\262z\374\222T\301\274V\236\223\262\270Ct\362\337b\356\024*\324\320\351\317\002k\336\234\027v\351\217\260\303\360\233ZPZWr\246$w\313\313\r\243r\232\2234\373\3539:N\004Q\245\272D\312D\300\300\t\323\0257\345e\271\na\215{\226\255x%T\257\037\333\004\344_/R\006E\344\037@\210\363\010\336T\226\247'\204_{\261\370""1\235\2445\343\033Y!\212\201\341\272\225'\007\317\016\321G\244[Ni\224\321\370\372=\033\263\242\354\\257\220r\372O\251\235\207\243\343\3750\375\\013\003""; }; ","ledgerHash: ""\037\006\345\236\265\343\337g\271\317\315\374\3357gX\036\024'\357<$\322\323$\375\346&^\361\0009""; ledgerSeq: 49; type: liBASE; nodes {;   nodedata: ""\000\000\0001\001cEx]\211\377\330\247]\357\236\n\207}P\2654\026`\256u\276\r&\026K\315a\3337\216.\240\362\263\327]\372\325\000\000\000\000\000\000\000\000\000\000\000\000\000\000\000\000\000\000\000\000\000\000\000\000\000\000\000\000\000\000\000\000\277\344\226\3637\236a@l\177F\236a\336 \252\321\245\244D\313`\256[m\240D\335\244\3123{/\351\253B/\351\253J\n\000""; }; nodes {;   nodedata: ""\323C\344\327\264{\312-\017:\006{\177\344N\002\326bO\260\220\006\033\362\345\005U\221DzJ0\001\301\025%1L\307\t\261\262z\374\222T\301\274V\236\223\262\270Ct\362\337b\356\024*\324\320\351\317\002k\336\234\027v\351\217\260\303\360\233ZPZWr\246$w\313\313\r\243r\232\2234\373\3539:N\004Q\245\272D\312D\300\300\t\323\0257\345e\271\na\215{\226\255x%T\257\037\333\004\344_/R\006E\344\037@\210\363\010\336T\226\247'\204_{\261\370""1\235\2445\343\033Y!\212\201\341\272\225'\007\317\016\321G\244[Ni\224\321\370\372=\033\263\242\354\\257\220r\372O\251\235\207\243\343\3750\375\\013\003""; }; "
1750527687489,1750527687489,0,1,3,1,TMLedgerData,"ledgerHash: ""\037\006\345\236\265\343\337g\271\317\315\374\3357gX\036\024'\357<$\322\323$\375\346&^\361\0009""; ledgerSeq: 49; type: liBASE; nodes {;   nodedata: ""\000\000\0001\001cEx]\211\377\330\247]\357\236\n\207}P\2654\026`\256u\276\r&\026K\315a\3337\216.\240\362\263\327]\372\325\000\000\000\000\000\000\000\000\000\000\000\000\000\000\000\000\000\000\000\000\000\000\000\000\000\000\000\000\000\000\000\000\277\344\226\3637\236a@l\177F\236a\336 \252\321\245\244D\313`\256[m\240D\335\244\3123{/\351\253B/\351\253J\n\000""; }; nodes {;   nodedata: ""\323C\344\327\264{\312-\017:\006{\177\344N\002\326bO\260\220\006\033\362\345\005U\221DzJ0\001\301\025%1L\307\t\261\262z\374\222T\301\274V\236\223\262\270Ct\362\337b\356\024*\324\320\351\317\002k\336\234\027v\351\217\260\303\360\233ZPZWr\246$w\313\313\r\243r\232\2234\373\3539:N\004Q\245\272D\312D\300\300\t\323\0257\345e\271\na\215{\226\255x%T\257\037\333\004\344_/R\006E\344\037@\210\363\010\336T\226\247'\204_{\261\370""1\235\2445\343\033Y!\212\201\341\272\225'\007\317\016\321G\244[Ni\224\321\370\372=\033\263\242\354\\257\220r\372O\251\235\207\243\343\3750\375\\013\003""; }; ","ledgerHash: ""\037\006\345\236\265\343\337g\271\317\315\374\3357gX\036\024'\357<$\322\323$\375\346&^\361\0009""; ledgerSeq: 49; type: liBASE; nodes {;   nodedata: ""\000\000\0001\001cEx]\211\377\330\247]\357\236\n\207}P\2654\026`\256u\276\r&\026K\315a\3337\216.\240\362\263\327]\372\325\000\000\000\000\000\000\000\000\000\000\000\000\000\000\000\000\000\000\000\000\000\000\000\000\000\000\000\000\000\000\000\000\277\344\226\3637\236a@l\177F\236a\336 \252\321\245\244D\313`\256[m\240D\335\244\3123{/\351\253B/\351\253J\n\000""; }; nodes {;   nodedata: ""\323C\344\327\264{\312-\017:\006{\177\344N\002\326bO\260\220\006\033\362\345\005U\221DzJ0\001\301\025%1L\307\t\261\262z\374\222T\301\274V\236\223\262\270Ct\362\337b\356\024*\324\320\351\317\002k\336\234\027v\351\217\260\303\360\233ZPZWr\246$w\313\313\r\243r\232\2234\373\3539:N\004Q\245\272D\312D\300\300\t\323\0257\345e\271\na\215{\226\255x%T\257\037\333\004\344_/R\006E\344\037@\210\363\010\336T\226\247'\204_{\261\370""1\235\2445\343\033Y!\212\201\341\272\225'\007\317\016\321G\244[Ni\224\321\370\372=\033\263\242\354\\257\220r\372O\251\235\207\243\343\3750\375\\013\003""; }; "
1750527687490,1750527687490,0,1,1,4,TMValidation,"validation: """"\200\000\000\001&\000\000\0001)/\351\253G:p\210\265\307-\212\200\004Q\037\006\345\236\265\343\337g\271\317\315\374\3357gX\036\024'\357<$\322\323$\375\346&^\361\0009P\027\000\000\000\000\000\000\000\000\000\000\000\000\000\000\000\000\000\000\000\000\000\000\000\000\000\000\000\000\000\000\000\000P\031\247]\357\236\n\207}P\2654\026`\256u\276\r&\026K\315a\3337\216.\240\362\263\327]\372\325s!\002\364d\217\366\217|\316F\232\231\241\n\261\333`\312O\367\235\025DD\336e\367\n\312\326\221\037\025\230vF0D\002 K\254\363\251\014\333\013\324U\262f\3133\366\214~\232@\375S\314\007\211\224|\267\370w+\024Uu\002 \036\331\375`7e\252\214\225\254\013\332\263\304\371\3759\303\351\201\257\247J\373\324,i\\372\313S\013""; ","validation: """"\200\000\000\001&\000\000\0001)/\351\253G:p\210\265\307-\212\200\004Q\037\006\345\236\265\343\337g\271\317\315\374\3357gX\036\024'\357<$\322\323$\375\346&^\361\0009P\027\000\000\000\000\000\000\000\000\000\000\000\000\000\000\000\000\000\000\000\000\000\000\000\000\000\000\000\000\000\000\000\000P\031\247]\357\236\n\207}P\2654\026`\256u\276\r&\026K\315a\3337\216.\240\362\263\327]\372\325s!\002\364d\217\366\217|\316F\232\231\241\n\261\333`\312O\367\235\025DD\336e\367\n\312\326\221\037\025\230vF0D\002 K\254\363\251\014\333\013\324U\262f\3133\366\214~\232@\375S\314\007\211\224|\267\370w+\024Uu\002 \036\331\375`7e\252\214\225\254\013\332\263\304\371\3759\303\351\201\257\247J\373\324,i\\372\313S\013""; "
1750527687490,1750527687490,0,1,1,4,TMGetLedger,"itype: liBASE; ledgerHash: ""\037\006\345\236\265\343\337g\271\317\315\374\3357gX\036\024'\357<$\322\323$\375\346&^\361\0009""; ledgerSeq: 49; queryType: qtINDIRECT; ","itype: liBASE; ledgerHash: ""\037\006\345\236\265\343\337g\271\317\315\374\3357gX\036\024'\357<$\322\323$\375\346&^\361\0009""; ledgerSeq: 49; queryType: qtINDIRECT; "
1750527687490,1750527687490,0,1,2,4,TMValidation,"validation: """"\200\000\000\001&\000\000\0001)/\351\253G:p\210\265\307-\212\200\004Q\037\006\345\236\265\343\337g\271\317\315\374\3357gX\036\024'\357<$\322\323$\375\346&^\361\0009P\027\000\000\000\000\000\000\000\000\000\000\000\000\000\000\000\000\000\000\000\000\000\000\000\000\000\000\000\000\000\000\000\000P\031\247]\357\236\n\207}P\2654\026`\256u\276\r&\026K\315a\3337\216.\240\362\263\327]\372\325s!\002\364d\217\366\217|\316F\232\231\241\n\261\333`\312O\367\235\025DD\336e\367\n\312\326\221\037\025\230vF0D\002 K\254\363\251\014\333\013\324U\262f\3133\366\214~\232@\375S\314\007\211\224|\267\370w+\024Uu\002 \036\331\375`7e\252\214\225\254\013\332\263\304\371\3759\303\351\201\257\247J\373\324,i\\372\313S\013""; ","validation: """"\200\000\000\001&\000\000\0001)/\351\253G:p\210\265\307-\212\200\004Q\037\006\345\236\265\343\337g\271\317\315\374\3357gX\036\024'\357<$\322\323$\375\346&^\361\0009P\027\000\000\000\000\000\000\000\000\000\000\000\000\000\000\000\000\000\000\000\000\000\000\000\000\000\000\000\000\000\000\000\000P\031\247]\357\236\n\207}P\2654\026`\256u\276\r&\026K\315a\3337\216.\240\362\263\327]\372\325s!\002\364d\217\366\217|\316F\232\231\241\n\261\333`\312O\367\235\025DD\336e\367\n\312\326\221\037\025\230vF0D\002 K\254\363\251\014\333\013\324U\262f\3133\366\214~\232@\375S\314\007\211\224|\267\370w+\024Uu\002 \036\331\375`7e\252\214\225\254\013\332\263\304\371\3759\303\351\201\257\247J\373\324,i\\372\313S\013""; "
1750527687491,1750527687491,0,1,2,4,TMGetLedger,"itype: liBASE; ledgerHash: ""\037\006\345\236\265\343\337g\271\317\315\374\3357gX\036\024'\357<$\322\323$\375\346&^\361\0009""; ledgerSeq: 49; queryType: qtINDIRECT; ","itype: liBASE; ledgerHash: ""\037\006\345\236\265\343\337g\271\317\315\374\3357gX\036\024'\357<$\322\323$\375\346&^\361\0009""; ledgerSeq: 49; queryType: qtINDIRECT; "
1750527687491,1750527687491,0,1,3,4,TMLedgerData,"ledgerHash: ""\037\006\345\236\265\343\337g\271\317\315\374\3357gX\036\024'\357<$\322\323$\375\346&^\361\0009""; ledgerSeq: 49; type: liBASE; nodes {;   nodedata: ""\000\000\0001\001cEx]\211\377\330\247]\357\236\n\207}P\2654\026`\256u\276\r&\026K\315a\3337\216.\240\362\263\327]\372\325\000\000\000\000\000\000\000\000\000\000\000\000\000\000\000\000\000\000\000\000\000\000\000\000\000\000\000\000\000\000\000\000\277\344\226\3637\236a@l\177F\236a\336 \252\321\245\244D\313`\256[m\240D\335\244\3123{/\351\253B/\351\253J\n\000""; }; nodes {;   nodedata: ""\323C\344\327\264{\312-\017:\006{\177\344N\002\326bO\260\220\006\033\362\345\005U\221DzJ0\001\301\025%1L\307\t\261\262z\374\222T\301\274V\236\223\262\270Ct\362\337b\356\024*\324\320\351\317\002k\336\234\027v\351\217\260\303\360\233ZPZWr\246$w\313\313\r\243r\232\2234\373\3539:N\004Q\245\272D\312D\300\300\t\323\0257\345e\271\na\215{\226\255x%T\257\037\333\004\344_/R\006E\344\037@\210\363\010\336T\226\247'\204_{\261\370""1\235\2445\343\033Y!\212\201\341\272\225'\007\317\016\321G\244[Ni\224\321\370\372=\033\263\242\354\\257\220r\372O\251\235\207\243\343\3750\375\\013\003""; }; ","ledgerHash: ""\037\006\345\236\265\343\337g\271\317\315\374\3357gX\036\024'\357<$\322\323$\375\346&^\361\0009""; ledgerSeq: 49; type: liBASE; nodes {;   nodedata: ""\000\000\0001\001cEx]\211\377\330\247]\357\236\n\207}P\2654\026`\256u\276\r&\026K\315a\3337\216.\240\362\263\327]\372\325\000\000\000\000\000\000\000\000\000\000\000\000\000\000\000\000\000\000\000\000\000\000\000\000\000\000\000\000\000\000\000\000\277\344\226\3637\236a@l\177F\236a\336 \252\321\245\244D\313`\256[m\240D\335\244\3123{/\351\253B/\351\253J\n\000""; }; nodes {;   nodedata: ""\323C\344\327\264{\312-\017:\006{\177\344N\002\326bO\260\220\006\033\362\345\005U\221DzJ0\001\301\025%1L\307\t\261\262z\374\222T\301\274V\236\223\262\270Ct\362\337b\356\024*\324\320\351\317\002k\336\234\027v\351\217\260\303\360\233ZPZWr\246$w\313\313\r\243r\232\2234\373\3539:N\004Q\245\272D\312D\300\300\t\323\0257\345e\271\na\215{\226\255x%T\257\037\333\004\344_/R\006E\344\037@\210\363\010\336T\226\247'\204_{\261\370""1\235\2445\343\033Y!\212\201\341\272\225'\007\317\016\321G\244[Ni\224\321\370\372=\033\263\242\354\\257\220r\372O\251\235\207\243\343\3750\375\\013\003""; }; "
1750527687491,1750527687491,0,1,2,3,TMGetLedger,"itype: liAS_NODE; ledgerHash: ""\037\006\345\236\265\343\337g\271\317\315\374\3357gX\036\024'\357<$\322\323$\375\346&^\361\0009""; ledgerSeq: 49; nodeIDs: ""\260\000\000\000\000\000\000\000\000\000\000\000\000\000\000\000\000\000\000\000\000\000\000\000\000\000\000\000\000\000\000\000\001""; queryType: qtINDIRECT; queryDepth: 1; ","itype: liAS_NODE; ledgerHash: ""\037\006\345\236\265\343\337g\271\317\315\374\3357gX\036\024'\357<$\322\323$\375\346&^\361\0009""; ledgerSeq: 49; nodeIDs: ""\260\000\000\000\000\000\000\000\000\000\000\000\000\000\000\000\000\000\000\000\000\000\000\000\000\000\000\000\000\000\000\000\001""; queryType: qtINDIRECT; queryDepth: 1; "
1750527687492,1750527687492,0,1,0,3,TMGetLedger,"itype: liBASE; ledgerHash: ""\037\006\345\236\265\343\337g\271\317\315\374\3357gX\036\024'\357<$\322\323$\375\346&^\361\0009""; requestCookie: 5; queryType: qtINDIRECT; ","itype: liBASE; ledgerHash: ""\037\006\345\236\265\343\337g\271\317\315\374\3357gX\036\024'\357<$\322\323$\375\346&^\361\0009""; requestCookie: 5; queryType: qtINDIRECT; "
1750527687492,1750527687492,0,1,3,4,TMLedgerData,"ledgerHash: ""\037\006\345\236\265\343\337g\271\317\315\374\3357gX\036\024'\357<$\322\323$\375\346&^\361\0009""; ledgerSeq: 49; type: liBASE; nodes {;   nodedata: ""\000\000\0001\001cEx]\211\377\330\247]\357\236\n\207}P\2654\026`\256u\276\r&\026K\315a\3337\216.\240\362\263\327]\372\325\000\000\000\000\000\000\000\000\000\000\000\000\000\000\000\000\000\000\000\000\000\000\000\000\000\000\000\000\000\000\000\000\277\344\226\3637\236a@l\177F\236a\336 \252\321\245\244D\313`\256[m\240D\335\244\3123{/\351\253B/\351\253J\n\000""; }; nodes {;   nodedata: ""\323C\344\327\264{\312-\017:\006{\177\344N\002\326bO\260\220\006\033\362\345\005U\221DzJ0\001\301\025%1L\307\t\261\262z\374\222T\301\274V\236\223\262\270Ct\362\337b\356\024*\324\320\351\317\002k\336\234\027v\351\217\260\303\360\233ZPZWr\246$w\313\313\r\243r\232\2234\373\3539:N\004Q\245\272D\312D\300\300\t\323\0257\345e\271\na\215{\226\255x%T\257\037\333\004\344_/R\006E\344\037@\210\363\010\336T\226\247'\204_{\261\370""1\235\2445\343\033Y!\212\201\341\272\225'\007\317\016\321G\244[Ni\224\321\370\372=\033\263\242\354\\257\220r\372O\251\235\207\243\343\3750\375\\013\003""; }; ","ledgerHash: ""\037\006\345\236\265\343\337g\271\317\315\374\3357gX\036\024'\357<$\322\323$\375\346&^\361\0009""; ledgerSeq: 49; type: liBASE; nodes {;   nodedata: ""\000\000\0001\001cEx]\211\377\330\247]\357\236\n\207}P\2654\026`\256u\276\r&\026K\315a\3337\216.\240\362\263\327]\372\325\000\000\000\000\000\000\000\000\000\000\000\000\000\000\000\000\000\000\000\000\000\000\000\000\000\000\000\000\000\000\000\000\277\344\226\3637\236a@l\177F\236a\336 \252\321\245\244D\313`\256[m\240D\335\244\3123{/\351\253B/\351\253J\n\000""; }; nodes {;   nodedata: ""\323C\344\327\264{\312-\017:\006{\177\344N\002\326bO\260\220\006\033\362\345\005U\221DzJ0\001\301\025%1L\307\t\261\262z\374\222T\301\274V\236\223\262\270Ct\362\337b\356\024*\324\320\351\317\002k\336\234\027v\351\217\260\303\360\233ZPZWr\246$w\313\313\r\243r\232\2234\373\3539:N\004Q\245\272D\312D\300\300\t\323\0257\345e\271\na\215{\226\255x%T\257\037\333\004\344_/R\006E\344\037@\210\363\010\336T\226\247'\204_{\261\370""1\235\2445\343\033Y!\212\201\341\272\225'\007\317\016\321G\244[Ni\224\321\370\372=\033\263\242\354\\257\220r\372O\251\235\207\243\343\3750\375\\013\003""; }; "
1750527687493,1750527687493,0,1,2,3,TMGetLedger,"itype: liBASE; ledgerHash: ""\037\006\345\236\265\343\337g\271\317\315\374\3357gX\036\024'\357<$\322\323$\375\346&^\361\0009""; ledgerSeq: 49; requestCookie: 3; queryType: qtINDIRECT; ","itype: liBASE; ledgerHash: ""\037\006\345\236\265\343\337g\271\317\315\374\3357gX\036\024'\357<$\322\323$\375\346&^\361\0009""; ledgerSeq: 49; requestCookie: 3; queryType: qtINDIRECT; "
1750527687493,1750527687494,0,1,3,0,TMLedgerData,"ledgerHash: ""\037\006\345\236\265\343\337g\271\317\315\374\3357gX\036\024'\357<$\322\323$\375\346&^\361\0009""; ledgerSeq: 49; type: liBASE; nodes {;   nodedata: ""\000\000\0001\001cEx]\211\377\330\247]\357\236\n\207}P\2654\026`\256u\276\r&\026K\315a\3337\216.\240\362\263\327]\372\325\000\000\000\000\000\000\000\000\000\000\000\000\000\000\000\000\000\000\000\000\000\000\000\000\000\000\000\000\000\000\000\000\277\344\226\3637\236a@l\177F\236a\336 \252\321\245\244D\313`\256[m\240D\335\244\3123{/\351\253B/\351\253J\n\000""; }; nodes {;   nodedata: ""\323C\344\327\264{\312-\017:\006{\177\344N\002\326bO\260\220\006\033\362\345\005U\221DzJ0\001\301\025%1L\307\t\261\262z\374\222T\301\274V\236\223\262\270Ct\362\337b\356\024*\324\320\351\317\002k\336\234\027v\351\217\260\303\360\233ZPZWr\246$w\313\313\r\243r\232\2234\373\3539:N\004Q\245\272D\312D\300\300\t\323\0257\345e\271\na\215{\226\255x%T\257\037\333\004\344_/R\006E\344\037@\210\363\010\336T\226\247'\204_{\261\370""1\235\2445\343\033Y!\212\201\341\272\225'\007\317\016\321G\244[Ni\224\321\370\372=\033\263\242\354\\257\220r\372O\251\235\207\243\343\3750\375\\013\003""; }; requestCookie: 3; ","ledgerHash: ""\037\006\345\236\265\343\337g\271\317\315\374\3357gX\036\024'\357<$\322\323$\375\346&^\361\0009""; ledgerSeq: 49; type: liBASE; nodes {;   nodedata: ""\000\000\0001\001cEx]\211\377\330\247]\357\236\n\207}P\2654\026`\256u\276\r&\026K\315a\3337\216.\240\362\263\327]\372\325\000\000\000\000\000\000\000\000\000\000\000\000\000\000\000\000\000\000\000\000\000\000\000\000\000\000\000\000\000\000\000\000\277\344\226\3637\236a@l\177F\236a\336 \252\321\245\244D\313`\256[m\240D\335\244\3123{/\351\253B/\351\253J\n\000""; }; nodes {;   nodedata: ""\323C\344\327\264{\312-\017:\006{\177\344N\002\326bO\260\220\006\033\362\345\005U\221DzJ0\001\301\025%1L\307\t\261\262z\374\222T\301\274V\236\223\262\270Ct\362\337b\356\024*\324\320\351\317\002k\336\234\027v\351\217\260\303\360\233ZPZWr\246$w\313\313\r\243r\232\2234\373\3539:N\004Q\245\272D\312D\300\300\t\323\0257\345e\271\na\215{\226\255x%T\257\037\333\004\344_/R\006E\344\037@\210\363\010\336T\226\247'\204_{\261\370""1\235\2445\343\033Y!\212\201\341\272\225'\007\317\016\321G\244[Ni\224\321\370\372=\033\263\242\354\\257\220r\372O\251\235\207\243\343\3750\375\\013\003""; }; requestCookie: 3; "
1750527687494,1750527687494,0,1,1,3,TMGetLedger,"itype: liBASE; ledgerHash: ""\037\006\345\236\265\343\337g\271\317\315\374\3357gX\036\024'\357<$\322\323$\375\346&^\361\0009""; requestCookie: 5; queryType: qtINDIRECT; ","itype: liBASE; ledgerHash: ""\037\006\345\236\265\343\337g\271\317\315\374\3357gX\036\024'\357<$\322\323$\375\346&^\361\0009""; requestCookie: 5; queryType: qtINDIRECT; "
1750527687494,1750527687494,0,1,1,3,TMGetLedger,"itype: liBASE; ledgerHash: ""\037\006\345\236\265\343\337g\271\317\315\374\3357gX\036\024'\357<$\322\323$\375\346&^\361\0009""; ledgerSeq: 49; queryType: qtINDIRECT; ","itype: liBASE; ledgerHash: ""\037\006\345\236\265\343\337g\271\317\315\374\3357gX\036\024'\357<$\322\323$\375\346&^\361\0009""; ledgerSeq: 49; queryType: qtINDIRECT; "
1750527687495,1750527687495,0,1,1,3,TMGetLedger,"itype: liBASE; ledgerHash: ""\037\006\345\236\265\343\337g\271\317\315\374\3357gX\036\024'\357<$\322\323$\375\346&^\361\0009""; ledgerSeq: 49; requestCookie: 3; queryType: qtINDIRECT; ","itype: liBASE; ledgerHash: ""\037\006\345\236\265\343\337g\271\317\315\374\3357gX\036\024'\357<$\322\323$\375\346&^\361\0009""; ledgerSeq: 49; requestCookie: 3; queryType: qtINDIRECT; "
1750527687495,1750527687495,0,1,0,3,TMGetLedger,"itype: liBASE; ledgerHash: ""\037\006\345\236\265\343\337g\271\317\315\374\3357gX\036\024'\357<$\322\323$\375\346&^\361\0009""; ","itype: liBASE; ledgerHash: ""\037\006\345\236\265\343\337g\271\317\315\374\3357gX\036\024'\357<$\322\323$\375\346&^\361\0009""; "
1750527687496,1750527687496,0,1,0,2,TMGetLedger,"itype: liBASE; ledgerHash: ""\037\006\345\236\265\343\337g\271\317\315\374\3357gX\036\024'\357<$\322\323$\375\346&^\361\0009""; ","itype: liBASE; ledgerHash: ""\037\006\345\236\265\343\337g\271\317\315\374\3357gX\036\024'\357<$\322\323$\375\346&^\361\0009""; "
1750527687496,1750527687496,0,1,0,4,TMGetLedger,"itype: liBASE; ledgerHash: ""\037\006\345\236\265\343\337g\271\317\315\374\3357gX\036\024'\357<$\322\323$\375\346&^\361\0009""; ","itype: liBASE; ledgerHash: ""\037\006\345\236\265\343\337g\271\317\315\374\3357gX\036\024'\357<$\322\323$\375\346&^\361\0009""; "
1750527687497,1750527687497,0,1,0,1,TMGetLedger,"itype: liBASE; ledgerHash: ""\037\006\345\236\265\343\337g\271\317\315\374\3357gX\036\024'\357<$\322\323$\375\346&^\361\0009""; ","itype: liBASE; ledgerHash: ""\037\006\345\236\265\343\337g\271\317\315\374\3357gX\036\024'\357<$\322\323$\375\346&^\361\0009""; "
1750527687497,1750527687497,0,1,0,1,TMGetLedger,"itype: liBASE; ledgerHash: ""\037\006\345\236\265\343\337g\271\317\315\374\3357gX\036\024'\357<$\322\323$\375\346&^\361\0009""; queryType: qtINDIRECT; ","itype: liBASE; ledgerHash: ""\037\006\345\236\265\343\337g\271\317\315\374\3357gX\036\024'\357<$\322\323$\375\346&^\361\0009""; queryType: qtINDIRECT; "
1750527687497,1750527687498,0,1,0,2,TMGetLedger,"itype: liBASE; ledgerHash: ""\037\006\345\236\265\343\337g\271\317\315\374\3357gX\036\024'\357<$\322\323$\375\346&^\361\0009""; queryType: qtINDIRECT; ","itype: liBASE; ledgerHash: ""\037\006\345\236\265\343\337g\271\317\315\374\3357gX\036\024'\357<$\322\323$\375\346&^\361\0009""; queryType: qtINDIRECT; "
1750527687498,1750527687498,0,1,0,3,TMGetLedger,"itype: liBASE; ledgerHash: ""\037\006\345\236\265\343\337g\271\317\315\374\3357gX\036\024'\357<$\322\323$\375\346&^\361\0009""; queryType: qtINDIRECT; ","itype: liBASE; ledgerHash: ""\037\006\345\236\265\343\337g\271\317\315\374\3357gX\036\024'\357<$\322\323$\375\346&^\361\0009""; queryType: qtINDIRECT; "
1750527687498,1750527687498,0,1,0,4,TMGetLedger,"itype: liBASE; ledgerHash: ""\037\006\345\236\265\343\337g\271\317\315\374\3357gX\036\024'\357<$\322\323$\375\346&^\361\0009""; queryType: qtINDIRECT; ","itype: liBASE; ledgerHash: ""\037\006\345\236\265\343\337g\271\317\315\374\3357gX\036\024'\357<$\322\323$\375\346&^\361\0009""; queryType: qtINDIRECT; "
1750527687499,1750527687499,0,1,4,3,TMGetLedger,"itype: liBASE; ledgerHash: ""\037\006\345\236\265\343\337g\271\317\315\374\3357gX\036\024'\357<$\322\323$\375\346&^\361\0009""; ledgerSeq: 49; requestCookie: 2; queryType: qtINDIRECT; ","itype: liBASE; ledgerHash: ""\037\006\345\236\265\343\337g\271\317\315\374\3357gX\036\024'\357<$\322\323$\375\346&^\361\0009""; ledgerSeq: 49; requestCookie: 2; queryType: qtINDIRECT; "
1750527687499,1750527687499,0,1,0,1,TMValidation,"validation: """"\200\000\000\001&\000\000\0001)/\351\253G:p\210\265\307-\212\200\004Q\037\006\345\236\265\343\337g\271\317\315\374\3357gX\036\024'\357<$\322\323$\375\346&^\361\0009P\027\000\000\000\000\000\000\000\000\000\000\000\000\000\000\000\000\000\000\000\000\000\000\000\000\000\000\000\000\000\000\000\000P\031\247]\357\236\n\207}P\2654\026`\256u\276\r&\026K\315a\3337\216.\240\362\263\327]\372\325s!\002\364d\217\366\217|\316F\232\231\241\n\261\333`\312O\367\235\025DD\336e\367\n\312\326\221\037\025\230vF0D\002 K\254\363\251\014\333\013\324U\262f\3133\366\214~\232@\375S\314\007\211\224|\267\370w+\024Uu\002 \036\331\375`7e\252\214\225\254\013\332\263\304\371\3759\303\351\201\257\247J\373\324,i\\372\313S\013""; ","validation: """"\200\000\000\001&\000\000\0001)/\351\253G:p\210\265\307-\212\200\004Q\037\006\345\236\265\343\337g\271\317\315\374\3357gX\036\024'\357<$\322\323$\375\346&^\361\0009P\027\000\000\000\000\000\000\000\000\000\000\000\000\000\000\000\000\000\000\000\000\000\000\000\000\000\000\000\000\000\000\000\000P\031\247]\357\236\n\207}P\2654\026`\256u\276\r&\026K\315a\3337\216.\240\362\263\327]\372\325s!\002\364d\217\366\217|\316F\232\231\241\n\261\333`\312O\367\235\025DD\336e\367\n\312\326\221\037\025\230vF0D\002 K\254\363\251\014\333\013\324U\262f\3133\366\214~\232@\375S\314\007\211\224|\267\370w+\024Uu\002 \036\331\375`7e\252\214\225\254\013\332\263\304\371\3759\303\351\201\257\247J\373\324,i\\372\313S\013""; "
1750527687499,1750527687499,0,1,4,2,TMGetLedger,"itype: liBASE; ledgerHash: ""\037\006\345\236\265\343\337g\271\317\315\374\3357gX\036\024'\357<$\322\323$\375\346&^\361\0009""; queryType: qtINDIRECT; ","itype: liBASE; ledgerHash: ""\037\006\345\236\265\343\337g\271\317\315\374\3357gX\036\024'\357<$\322\323$\375\346&^\361\0009""; queryType: qtINDIRECT; "
1750527687500,1750527687500,0,1,4,3,TMGetLedger,"itype: liBASE; ledgerHash: ""\037\006\345\236\265\343\337g\271\317\315\374\3357gX\036\024'\357<$\322\323$\375\346&^\361\0009""; ledgerSeq: 49; requestCookie: 3; queryType: qtINDIRECT; ","itype: liBASE; ledgerHash: ""\037\006\345\236\265\343\337g\271\317\315\374\3357gX\036\024'\357<$\322\323$\375\346&^\361\0009""; ledgerSeq: 49; requestCookie: 3; queryType: qtINDIRECT; "
1750527687500,1750527687501,0,1,3,2,TMLedgerData,"ledgerHash: ""\037\006\345\236\265\343\337g\271\317\315\374\3357gX\036\024'\357<$\322\323$\375\346&^\361\0009""; ledgerSeq: 49; type: liAS_NODE; nodes {;   nodedata: ""\021\000h""\000\000\000\000 \033\000\000\0000\002\023\306_\330\356GuH\375\327!\255\371\r\231\262R\256J\034\222\241\355X\265E\241^W\225\304\014\361CX-}\351f\032\255\274\334m\326c\017\014ao[\342\230\003\245\245\3341Hm\326^\017jy\335\261\032Yt\320\244{g\0306\\302\303*\341\215\223\257\364\277o\375\000r\241SOq\221\253\262\005\017\375T\356\014\360o'\030\311-\267\031\257!\031T\006><\315XM\334\324\345\034\000\325\367\240\271\013\265\024\321\362\354\211\250.\234s\225amc\305\035\366\276\037nD\277`\210\223N\3535\033\261\304f\331]\036\237\306o!\223\221\002\324\031\262\240R\177 ,\214\325\Q])\016\2067\277\t\354\010\000\360\215\2502\265\245\310\226\243c\302Ze\306\253#r\020\211\320iG\276\020E\317\035Sf\223F\254\033@\177e\277\016\010u\327\371&\262\312\317Q\2361t\377x\234\001v\003%\030\325_\225g\204\346a=\225\273\331\354\365*U\363\263N\367b\371\244\314-w\363\262\225Z\200\206\235\233\257?sE\2674\254\326mU\377?\177Ek\336\030!\316Aa\225\303\022\377{\210Y\226\271as\354L\035\004\341\361\035\301\024\220m#*\372\032\3178~\374\250\014*\323\342'z69\220\327\256\351G\367\317u\302\207\270b\315\333\333\334\310I\323&\014\352XZnW2.\335\347\202\021\247\362\212e\034\000\001\250\220\305;a\314\265R\310\017\317\331\235\360\262\240:\277\202\266\354\265X""\022\nh\252\352w\204\203\023]\001f\352\277\0031Q]\362\370R\350{\261\202\240\344\215\201\353\276\322p5p\350\354\017>\250r\241c\273\016\301\024\363\242\247\263\231\370\344\nBW\220K\316@3\243\200\036wk\253GSlU\010\360\231>\331\263H\214\324\030A\225\301o\346pkSF\004\241\213w9\223=\250\262*+\255\351r\265\244c\024\213\t\007`\223\325#\3477\210\345P\306\013\320\252[\0216+\227=`\371P\314\346 V7\271[~\n\237\274|\347\352@K\253~&\260\032\024\004B\200\255h\351\013\361\031:nG\211\005|\2003\266\274\251,W\006u\344\335d\003\306\212\313,\340\350bG\n\030Z\2732-\246\312\255\030\003\235207\005}D\260\0261ah\322M\304\216\273m0\271\234\237\007<w$\265C\245\232\033\023\313c\321B\032l\301h\005\320\252\301\361(\330[\343\357\343{\235\n\266g\272>\177\317\347\261qb&\270&\346ju\200\363N\320\307\004\034\001n\317\361\2653\254\2503\247\305\372\316W\022O\253x\250\025\373\247\354Tc\304\263\243^\352Gv\\264\261\r\035\226\306\2411\351\233\203\215\200$\231\300f\220\371c@\017\254\363\\371\340\340VaR\205~^\226\342t\360\022\204d\231\205)\272\364?\361!\334\331\315\254\230\rBG\314\023\246\244=\351\177\254\302b&\276+H;0\312\021&\275\036\237\350R\313\206R\331\304k\323u\263t\221\213yC\241\217A\242\027g\322\241'\212.E?B_\316\327\217J +\370\t^b\005\020\003\211\373\247|hC\271Nmk~J\270EU\274\036-\347\240\312FA\321\341bca\253\025\321\311\317\021\375\317\217\n\272\033o\353G>\275\361H\265\240\232um""\317\324`\214\221\314\000\211K\223+(""\200i \311\372g\254\343ZR0\224\275q\252\357\213\263\206N\357&Q\217\267\303\356I\236\357\264\311b\037\366\035\253\343\311\265\240\327q\206f\262ODi\215-\363>\034\236l\273\005G\316F\217}[\036\007\270:\260\335\271B\241N\345\330\204\327f\361\272Kb\0377p\334\264\237\177~\330]\252+:\317u\302h\n\351\n\364\231\277R\371\356\033y\265v\360Ny\246\332qY\262\231\251\n\305\334\202\305\362\n\367@k\231\016R:\327\242\366\242\253LZY\223$Gw^\203\302\311\316I7\371tTwp}\005|\372\214\251{R`\230V\244-\326I\351\255\325i\335\377\321\353\327\331\302\023\347y\016\263\271\317\306\017UV\314qu?\0064A\315{3D\010\016S\212\2353k0\361\214ID\303g\277\010Y_\001~\021\333\370\255\374\\331\306\255\336)\365Rth\024\t\300.M\315\321S\257\224\252\362\326P\316\303%nX\3742\333\036\004Y\264yG^\234\177\214\305q\237\274G\300a4\275\240s\215\222\210\016\020G\344=-:GK\312\035\271\201\350\376F\260G\347\000\235\365P6pmH\033\373\212c\377o\232\356\320D\002\277,]os{\354/?\312e\006wda\001\023\375\316\025\254\321\244\370+Y`\220\270\254\2601E[FI\310\235<qI \356\032v%\001\230\016\203\200\251UD\347\304\373\034\211\340@\342\033\263\365\356\341\357\350\324\035J\032\177\230\207\220\303+\207\352g\317N\027>\222M\271m\033\236\021:\272\233r\373\233hC}\256\020\210\010\233\335\025[ d(\343\263\327\177\030\246\254H\277\254E\231\006\033_lB\210\264\334Y\322\314\362\320L\000Q\240\317\3502\006,|\364\004\275\034\006\337\370""\330\364\202\314\315\311?\030\260\361u)\336\202\265Y\177X\227$\245tCB\345\314d\231A\300\204\371KJ\036\321\330\014]""EN\266$]\331\226c\351\312\376z\254\214\206B\274&M\032\376v\266\3104u)\r\312\021\273\030jJH\215G4\367fQ;\255\3404\372\225\341L\224\242\200VY\220\355\020\353I\n\363\266\036\311\003OR\250""\032\230\021]+$\302\005\224\270\033E\r\312\315}\200\2505\216\221\301\341\035[\247\325\236M^\360a\267\356\267\247]\357\236\n\207}P\2654\026`\256u\276\r&\026K\315a\3337\216.\240\362\263\327]\372\325\264\227\2326\315\307\363\323\325\303\032N\256*\307\327 \235\332\207u\210\271\257\306g\231i*\260\326k\001"";   nodeid: ""\260\000\000\000\000\000\000\000\000\000\000\000\000\000\000\000\000\000\000\000\000\000\000\000\000\000\000\000\000\000\000\000\001""; }; ","ledgerHash: ""\037\006\345\236\265\343\337g\271\317\315\374\3357gX\036\024'\357<$\322\323$\375\346&^\361\0009""; ledgerSeq: 49; type: liAS_NODE; nodes {;   nodedata: ""\021\000h""\000\000\000\000 \033\000\000\0000\002\023\306_\330\356GuH\375\327!\255\371\r\231\262R\256J\034\222\241\355X\265E\241^W\225\304\014\361CX-}\351f\032\255\274\334m\326c\017\014ao[\342\230\003\245\245\3341Hm\326^\017jy\335\261\032Yt\320\244{g\0306\\302\303*\341\215\223\257\364\277o\375\000r\241SOq\221\253\262\005\017\375T\356\014\360o'\030\311-\267\031\257!\031T\006><\315XM\334\324\345\034\000\325\367\240\271\013\265\024\321\362\354\211\250.\234s\225amc\305\035\366\276\037nD\277`\210\223N\3535\033\261\304f\331]\036\237\306o!\223\221\002\324\031\262\240R\177 ,\214\325\Q])\016\2067\277\t\354\010\000\360\215\2502\265\245\310\226\243c\302Ze\306\253#r\020\211\320iG\276\020E\317\035Sf\223F\254\033@\177e\277\016\010u\327\371&\262\312\317Q\2361t\377x\234\001v\003%\030\325_\225g\204\346a=\225\273\331\354\365*U\363\263N\367b\371\244\314-w\363\262\225Z\200\206\235\233\257?sE\2674\254\326mU\377?\177Ek\336\030!\316Aa\225\303\022\377{\210Y\226\271as\354L\035\004\341\361\035\301\024\220m#*\372\032\3178~\374\250\014*\323\342'z69\220\327\256\351G\367\317u\302\207\270b\315\333\333\334\310I\323&\014\352XZnW2.\335\347\202\021\247\362\212e\034\000\001\250\220\305;a\314\265R\310\017\317\331\235\360\262\240:\277\202\266\354\265X""\022\nh\252\352w\204\203\023]\001f\352\277\0031Q]\362\370R\350{\261\202\240\344\215\201\353\276\322p5p\350\354\017>\250r\241c\273\016\301\024\363\242\247\263\231\370\344\nBW\220K\316@3\243\200\036wk\253GSlU\010\360\231>\331\263H\214\324\030A\225\301o\346pkSF\004\241\213w9\223=\250\262*+\255\351r\265\244c\024\213\t\007`\223\325#\3477\210\345P\306\013\320\252[\0216+\227=`\371P\314\346 V7\271[~\n\237\274|\347\352@K\253~&\260\032\024\004B\200\255h\351\013\361\031:nG\211\005|\2003\266\274\251,W\006u\344\335d\003\306\212\313,\340\350bG\n\030Z\2732-\246\312\255\030\003\235207\005}D\260\0261ah\322M\304\216\273m0\271\234\237\007<w$\265C\245\232\033\023\313c\321B\032l\301h\005\320\252\301\361(\330[\343\357\343{\235\n\266g\272>\177\317\347\261qb&\270&\346ju\200\363N\320\307\004\034\001n\317\361\2653\254\2503\247\305\372\316W\022O\253x\250\025\373\247\354Tc\304\263\243^\352Gv\\264\261\r\035\226\306\2411\351\233\203\215\200$\231\300f\220\371c@\017\254\363\\371\340\340VaR\205~^\226\342t\360\022\204d\231\205)\272\364?\361!\334\331\315\254\230\rBG\314\023\246\244=\351\177\254\302b&\276+H;0\312\021&\275\036\237\350R\313\206R\331\304k\323u\263t\221\213yC\241\217A\242\027g\322\241'\212.E?B_\316\327\217J +\370\t^b\005\020\003\211\373\247|hC\271Nmk~J\270EU\274\036-\347\240\312FA\321\341bca\253\025\321\311\317\021\375\317\217\n\272\033o\353G>\275\361H\265\240\232um""\317\324`\214\221\314\000\211K\223+(""\200i \311\372g\254\343ZR0\224\275q\252\357\213\263\206N\357&Q\217\267\303\356I\236\357\264\311b\037\366\035\253\343\311\265\240\327q\206f\262ODi\215-\363>\034\236l\273\005G\316F\217}[\036\007\270:\260\335\271B\241N\345\330\204\327f\361\272Kb\0377p\334\264\237\177~\330]\252+:\317u\302h\n\351\n\364\231\277R\371\356\033y\265v\360Ny\246\332qY\262\231\251\n\305\334\202\305\362\n\367@k\231\016R:\327\242\366\242\253LZY\223$Gw^\203\302\311\316I7\371tTwp}\005|\372\214\251{R`\230V\244-\326I\351\255\325i\335\377\321\353\327\331\302\023\347y\016\263\271\317\306\017UV\314qu?\0064A\315{3D\010\016S\212\2353k0\361\214ID\303g\277\010Y_\001~\021\333\370\255\374\\331\306\255\336)\365Rth\024\t\300.M\315\321S\257\224\252\362\326P\316\303%nX\3742\333\036\004Y\264yG^\234\177\214\305q\237\274G\300a4\275\240s\215\222\210\016\020G\344=-:GK\312\035\271\201\350\376F\260G\347\000\235\365P6pmH\033\373\212c\377o\232\356\320D\002\277,]os{\354/?\312e\006wda\001\023\375\316\025\254\321\244\370+Y`\220\270\254\2601E[FI\310\235<qI \356\032v%\001\230\016\203\200\251UD\347\304\373\034\211\340@\342\033\263\365\356\341\357\350\324\035J\032\177\230\207\220\303+\207\352g\317N\027>\222M\271m\033\236\021:\272\233r\373\233hC}\256\020\210\010\233\335\025[ d(\343\263\327\177\030\246\254H\277\254E\231\006\033_lB\210\264\334Y\322\314\362\320L\000Q\240\317\3502\006,|\364\004\275\034\006\337\370""\330\364\202\314\315\311?\030\260\361u)\336\202\265Y\177X\227$\245tCB\345\314d\231A\300\204\371KJ\036\321\330\014]""EN\266$]\331\226c\351\312\376z\254\214\206B\274&M\032\376v\266\3104u)\r\312\021\273\030jJH\215G4\367fQ;\255\3404\372\225\341L\224\242\200VY\220\355\020\353I\n\363\266\036\311\003OR\250""\032\230\021]+$\302\005\224\270\033E\r\312\315}\200\2505\216\221\301\341\035[\247\325\236M^\360a\267\356\267\247]\357\236\n\207}P\2654\026`\256u\276\r&\026K\315a\3337\216.\240\362\263\327]\372\325\264\227\2326\315\307\363\323\325\303\032N\256*\307\327 \235\332\207u\210\271\257\306g\231i*\260\326k\001"";   nodeid: ""\260\000\000\000\000\000\000\000\000\000\000\000\000\000\000\000\000\000\000\000\000\000\000\000\000\000\000\000\000\000\000\000\001""; }; "
1750527687501,1750527687501,0,1,4,3,TMGetLedger,"itype: liAS_NODE; ledgerHash: ""\037\006\345\236\265\343\337g\271\317\315\374\3357gX\036\024'\357<$\322\323$\375\346&^\361\0009""; ledgerSeq: 49; nodeIDs: ""\260\000\000\000\000\000\000\000\000\000\000\000\000\000\000\000\000\000\000\000\000\000\000\000\000\000\000\000\000\000\000\000\001""; queryType: qtINDIRECT; queryDepth: 1; ","itype: liAS_NODE; ledgerHash: ""\037\006\345\236\265\343\337g\271\317\315\374\3357gX\036\024'\357<$\322\323$\375\346&^\361\0009""; ledgerSeq: 49; nodeIDs: ""\260\000\000\000\000\000\000\000\000\000\000\000\000\000\000\000\000\000\000\000\000\000\000\000\000\000\000\000\000\000\000\000\001""; queryType: qtINDIRECT; queryDepth: 1; "
1750527687501,1750527687501,0,1,3,0,TMLedgerData,"ledgerHash: ""\037\006\345\236\265\343\337g\271\317\315\374\3357gX\036\024'\357<$\322\323$\375\346&^\361\0009""; ledgerSeq: 49; type: liBASE; nodes {;   nodedata: ""\000\000\0001\001cEx]\211\377\330\247]\357\236\n\207}P\2654\026`\256u\276\r&\026K\315a\3337\216.\240\362\263\327]\372\325\000\000\000\000\000\000\000\000\000\000\000\000\000\000\000\000\000\000\000\000\000\000\000\000\000\000\000\000\000\000\000\000\277\344\226\3637\236a@l\177F\236a\336 \252\321\245\244D\313`\256[m\240D\335\244\3123{/\351\253B/\351\253J\n\000""; }; nodes {;   nodedata: ""\323C\344\327\264{\312-\017:\006{\177\344N\002\326bO\260\220\006\033\362\345\005U\221DzJ0\001\301\025%1L\307\t\261\262z\374\222T\301\274V\236\223\262\270Ct\362\337b\356\024*\324\320\351\317\002k\336\234\027v\351\217\260\303\360\233ZPZWr\246$w\313\313\r\243r\232\2234\373\3539:N\004Q\245\272D\312D\300\300\t\323\0257\345e\271\na\215{\226\255x%T\257\037\333\004\344_/R\006E\344\037@\210\363\010\336T\226\247'\204_{\261\370""1\235\2445\343\033Y!\212\201\341\272\225'\007\317\016\321G\244[Ni\224\321\370\372=\033\263\242\354\\257\220r\372O\251\235\207\243\343\3750\375\\013\003""; }; requestCookie: 5; ","ledgerHash: ""\037\006\345\236\265\343\337g\271\317\315\374\3357gX\036\024'\357<$\322\323$\375\346&^\361\0009""; ledgerSeq: 49; type: liBASE; nodes {;   nodedata: ""\000\000\0001\001cEx]\211\377\330\247]\357\236\n\207}P\2654\026`\256u\276\r&\026K\315a\3337\216.\240\362\263\327]\372\325\000\000\000\000\000\000\000\000\000\000\000\000\000\000\000\000\000\000\000\000\000\000\000\000\000\000\000\000\000\000\000\000\277\344\226\3637\236a@l\177F\236a\336 \252\321\245\244D\313`\256[m\240D\335\244\3123{/\351\253B/\351\253J\n\000""; }; nodes {;   nodedata: ""\323C\344\327\264{\312-\017:\006{\177\344N\002\326bO\260\220\006\033\362\345\005U\221DzJ0\001\301\025%1L\307\t\261\262z\374\222T\301\274V\236\223\262\270Ct\362\337b\356\024*\324\320\351\317\002k\336\234\027v\351\217\260\303\360\233ZPZWr\246$w\313\313\r\243r\232\2234\373\3539:N\004Q\245\272D\312D\300\300\t\323\0257\345e\271\na\215{\226\255x%T\257\037\333\004\344_/R\006E\344\037@\210\363\010\336T\226\247'\204_{\261\370""1\235\2445\343\033Y!\212\201\341\272\225'\007\317\016\321G\244[Ni\224\321\370\372=\033\263\242\354\\257\220r\372O\251\235\207\243\343\3750\375\\013\003""; }; requestCookie: 5; "
1750527687501,1750527687502,0,1,3,2,TMLedgerData,"ledgerHash: ""\037\006\345\236\265\343\337g\271\317\315\374\3357gX\036\024'\357<$\322\323$\375\346&^\361\0009""; ledgerSeq: 49; type: liBASE; nodes {;   nodedata: ""\000\000\0001\001cEx]\211\377\330\247]\357\236\n\207}P\2654\026`\256u\276\r&\026K\315a\3337\216.\240\362\263\327]\372\325\000\000\000\000\000\000\000\000\000\000\000\000\000\000\000\000\000\000\000\000\000\000\000\000\000\000\000\000\000\000\000\000\277\344\226\3637\236a@l\177F\236a\336 \252\321\245\244D\313`\256[m\240D\335\244\3123{/\351\253B/\351\253J\n\000""; }; nodes {;   nodedata: ""\323C\344\327\264{\312-\017:\006{\177\344N\002\326bO\260\220\006\033\362\345\005U\221DzJ0\001\301\025%1L\307\t\261\262z\374\222T\301\274V\236\223\262\270Ct\362\337b\356\024*\324\320\351\317\002k\336\234\027v\351\217\260\303\360\233ZPZWr\246$w\313\313\r\243r\232\2234\373\3539:N\004Q\245\272D\312D\300\300\t\323\0257\345e\271\na\215{\226\255x%T\257\037\333\004\344_/R\006E\344\037@\210\363\010\336T\226\247'\204_{\261\370""1\235\2445\343\033Y!\212\201\341\272\225'\007\317\016\321G\244[Ni\224\321\370\372=\033\263\242\354\\257\220r\372O\251\235\207\243\343\3750\375\\013\003""; }; requestCookie: 3; ","ledgerHash: ""\037\006\345\236\265\343\337g\271\317\315\374\3357gX\036\024'\357<$\322\323$\375\346&^\361\0009""; ledgerSeq: 49; type: liBASE; nodes {;   nodedata: ""\000\000\0001\001cEx]\211\377\330\247]\357\236\n\207}P\2654\026`\256u\276\r&\026K\315a\3337\216.\240\362\263\327]\372\325\000\000\000\000\000\000\000\000\000\000\000\000\000\000\000\000\000\000\000\000\000\000\000\000\000\000\000\000\000\000\000\000\277\344\226\3637\236a@l\177F\236a\336 \252\321\245\244D\313`\256[m\240D\335\244\3123{/\351\253B/\351\253J\n\000""; }; nodes {;   nodedata: ""\323C\344\327\264{\312-\017:\006{\177\344N\002\326bO\260\220\006\033\362\345\005U\221DzJ0\001\301\025%1L\307\t\261\262z\374\222T\301\274V\236\223\262\270Ct\362\337b\356\024*\324\320\351\317\002k\336\234\027v\351\217\260\303\360\233ZPZWr\246$w\313\313\r\243r\232\2234\373\3539:N\004Q\245\272D\312D\300\300\t\323\0257\345e\271\na\215{\226\255x%T\257\037\333\004\344_/R\006E\344\037@\210\363\010\336T\226\247'\204_{\261\370""1\235\2445\343\033Y!\212\201\341\272\225'\007\317\016\321G\244[Ni\224\321\370\372=\033\263\242\354\\257\220r\372O\251\235\207\243\343\3750\375\\013\003""; }; requestCookie: 3; "
1750527687502,1750527687502,0,1,0,2,TMLedgerData,"ledgerHash: ""\037\006\345\236\265\343\337g\271\317\315\374\3357gX\036\024'\357<$\322\323$\375\346&^\361\0009""; ledgerSeq: 49; type: liBASE; nodes {;   nodedata: ""\000\000\0001\001cEx]\211\377\330\247]\357\236\n\207}P\2654\026`\256u\276\r&\026K\315a\3337\216.\240\362\263\327]\372\325\000\000\000\000\000\000\000\000\000\000\000\000\000\000\000\000\000\000\000\000\000\000\000\000\000\000\000\000\000\000\000\000\277\344\226\3637\236a@l\177F\236a\336 \252\321\245\244D\313`\256[m\240D\335\244\3123{/\351\253B/\351\253J\n\000""; }; nodes {;   nodedata: ""\323C\344\327\264{\312-\017:\006{\177\344N\002\326bO\260\220\006\033\362\345\005U\221DzJ0\001\301\025%1L\307\t\261\262z\374\222T\301\274V\236\223\262\270Ct\362\337b\356\024*\324\320\351\317\002k\336\234\027v\351\217\260\303\360\233ZPZWr\246$w\313\313\r\243r\232\2234\373\3539:N\004Q\245\272D\312D\300\300\t\323\0257\345e\271\na\215{\226\255x%T\257\037\333\004\344_/R\006E\344\037@\210\363\010\336T\226\247'\204_{\261\370""1\235\2445\343\033Y!\212\201\341\272\225'\007\317\016\321G\244[Ni\224\321\370\372=\033\263\242\354\\257\220r\372O\251\235\207\243\343\3750\375\\013\003""; }; ","ledgerHash: ""\037\006\345\236\265\343\337g\271\317\315\374\3357gX\036\024'\357<$\322\323$\375\346&^\361\0009""; ledgerSeq: 49; type: liBASE; nodes {;   nodedata: ""\000\000\0001\001cEx]\211\377\330\247]\357\236\n\207}P\2654\026`\256u\276\r&\026K\315a\3337\216.\240\362\263\327]\372\325\000\000\000\000\000\000\000\000\000\000\000\000\000\000\000\000\000\000\000\000\000\000\000\000\000\000\000\000\000\000\000\000\277\344\226\3637\236a@l\177F\236a\336 \252\321\245\244D\313`\256[m\240D\335\244\3123{/\351\253B/\351\253J\n\000""; }; nodes {;   nodedata: ""\323C\344\327\264{\312-\017:\006{\177\344N\002\326bO\260\220\006\033\362\345\005U\221DzJ0\001\301\025%1L\307\t\261\262z\374\222T\301\274V\236\223\262\270Ct\362\337b\356\024*\324\320\351\317\002k\336\234\027v\351\217\260\303\360\233ZPZWr\246$w\313\313\r\243r\232\2234\373\3539:N\004Q\245\272D\312D\300\300\t\323\0257\345e\271\na\215{\226\255x%T\257\037\333\004\344_/R\006E\344\037@\210\363\010\336T\226\247'\204_{\261\370""1\235\2445\343\033Y!\212\201\341\272\225'\007\317\016\321G\244[Ni\224\321\370\372=\033\263\242\354\\257\220r\372O\251\235\207\243\343\3750\375\\013\003""; }; "
1750527687502,1750527687502,0,1,3,1,TMLedgerData,"ledgerHash: ""\037\006\345\236\265\343\337g\271\317\315\374\3357gX\036\024'\357<$\322\323$\375\346&^\361\0009""; ledgerSeq: 49; type: liBASE; nodes {;   nodedata: ""\000\000\0001\001cEx]\211\377\330\247]\357\236\n\207}P\2654\026`\256u\276\r&\026K\315a\3337\216.\240\362\263\327]\372\325\000\000\000\000\000\000\000\000\000\000\000\000\000\000\000\000\000\000\000\000\000\000\000\000\000\000\000\000\000\000\000\000\277\344\226\3637\236a@l\177F\236a\336 \252\321\245\244D\313`\256[m\240D\335\244\3123{/\351\253B/\351\253J\n\000""; }; nodes {;   nodedata: ""\323C\344\327\264{\312-\017:\006{\177\344N\002\326bO\260\220\006\033\362\345\005U\221DzJ0\001\301\025%1L\307\t\261\262z\374\222T\301\274V\236\223\262\270Ct\362\337b\356\024*\324\320\351\317\002k\336\234\027v\351\217\260\303\360\233ZPZWr\246$w\313\313\r\243r\232\2234\373\3539:N\004Q\245\272D\312D\300\300\t\323\0257\345e\271\na\215{\226\255x%T\257\037\333\004\344_/R\006E\344\037@\210\363\010\336T\226\247'\204_{\261\370""1\235\2445\343\033Y!\212\201\341\272\225'\007\317\016\321G\244[Ni\224\321\370\372=\033\263\242\354\\257\220r\372O\251\235\207\243\343\3750\375\\013\003""; }; requestCookie: 5; ","ledgerHash: ""\037\006\345\236\265\343\337g\271\317\315\374\3357gX\036\024'\357<$\322\323$\375\346&^\361\0009""; ledgerSeq: 49; type: liBASE; nodes {;   nodedata: ""\000\000\0001\001cEx]\211\377\330\247]\357\236\n\207}P\2654\026`\256u\276\r&\026K\315a\3337\216.\240\362\263\327]\372\325\000\000\000\000\000\000\000\000\000\000\000\000\000\000\000\000\000\000\000\000\000\000\000\000\000\000\000\000\000\000\000\000\277\344\226\3637\236a@l\177F\236a\336 \252\321\245\244D\313`\256[m\240D\335\244\3123{/\351\253B/\351\253J\n\000""; }; nodes {;   nodedata: ""\323C\344\327\264{\312-\017:\006{\177\344N\002\326bO\260\220\006\033\362\345\005U\221DzJ0\001\301\025%1L\307\t\261\262z\374\222T\301\274V\236\223\262\270Ct\362\337b\356\024*\324\320\351\317\002k\336\234\027v\351\217\260\303\360\233ZPZWr\246$w\313\313\r\243r\232\2234\373\3539:N\004Q\245\272D\312D\300\300\t\323\0257\345e\271\na\215{\226\255x%T\257\037\333\004\344_/R\006E\344\037@\210\363\010\336T\226\247'\204_{\261\370""1\235\2445\343\033Y!\212\201\341\272\225'\007\317\016\321G\244[Ni\224\321\370\372=\033\263\242\354\\257\220r\372O\251\235\207\243\343\3750\375\\013\003""; }; requestCookie: 5; "
1750527687503,1750527687503,0,1,3,1,TMLedgerData,"ledgerHash: ""\037\006\345\236\265\343\337g\271\317\315\374\3357gX\036\024'\357<$\322\323$\375\346&^\361\0009""; ledgerSeq: 49; type: liBASE; nodes {;   nodedata: ""\000\000\0001\001cEx]\211\377\330\247]\357\236\n\207}P\2654\026`\256u\276\r&\026K\315a\3337\216.\240\362\263\327]\372\325\000\000\000\000\000\000\000\000\000\000\000\000\000\000\000\000\000\000\000\000\000\000\000\000\000\000\000\000\000\000\000\000\277\344\226\3637\236a@l\177F\236a\336 \252\321\245\244D\313`\256[m\240D\335\244\3123{/\351\253B/\351\253J\n\000""; }; nodes {;   nodedata: ""\323C\344\327\264{\312-\017:\006{\177\344N\002\326bO\260\220\006\033\362\345\005U\221DzJ0\001\301\025%1L\307\t\261\262z\374\222T\301\274V\236\223\262\270Ct\362\337b\356\024*\324\320\351\317\002k\336\234\027v\351\217\260\303\360\233ZPZWr\246$w\313\313\r\243r\232\2234\373\3539:N\004Q\245\272D\312D\300\300\t\323\0257\345e\271\na\215{\226\255x%T\257\037\333\004\344_/R\006E\344\037@\210\363\010\336T\226\247'\204_{\261\370""1\235\2445\343\033Y!\212\201\341\272\225'\007\317\016\321G\244[Ni\224\321\370\372=\033\263\242\354\\257\220r\372O\251\235\207\243\343\3750\375\\013\003""; }; ","ledgerHash: ""\037\006\345\236\265\343\337g\271\317\315\374\3357gX\036\024'\357<$\322\323$\375\346&^\361\0009""; ledgerSeq: 49; type: liBASE; nodes {;   nodedata: ""\000\000\0001\001cEx]\211\377\330\247]\357\236\n\207}P\2654\026`\256u\276\r&\026K\315a\3337\216.\240\362\263\327]\372\325\000\000\000\000\000\000\000\000\000\000\000\000\000\000\000\000\000\000\000\000\000\000\000\000\000\000\000\000\000\000\000\000\277\344\226\3637\236a@l\177F\236a\336 \252\321\245\244D\313`\256[m\240D\335\244\3123{/\351\253B/\351\253J\n\000""; }; nodes {;   nodedata: ""\323C\344\327\264{\312-\017:\006{\177\344N\002\326bO\260\220\006\033\362\345\005U\221DzJ0\001\301\025%1L\307\t\261\262z\374\222T\301\274V\236\223\262\270Ct\362\337b\356\024*\324\320\351\317\002k\336\234\027v\351\217\260\303\360\233ZPZWr\246$w\313\313\r\243r\232\2234\373\3539:N\004Q\245\272D\312D\300\300\t\323\0257\345e\271\na\215{\226\255x%T\257\037\333\004\344_/R\006E\344\037@\210\363\010\336T\226\247'\204_{\261\370""1\235\2445\343\033Y!\212\201\341\272\225'\007\317\016\321G\244[Ni\224\321\370\372=\033\263\242\354\\257\220r\372O\251\235\207\243\343\3750\375\\013\003""; }; "
1750527687503,1750527687503,0,1,3,1,TMLedgerData,"ledgerHash: ""\037\006\345\236\265\343\337g\271\317\315\374\3357gX\036\024'\357<$\322\323$\375\346&^\361\0009""; ledgerSeq: 49; type: liBASE; nodes {;   nodedata: ""\000\000\0001\001cEx]\211\377\330\247]\357\236\n\207}P\2654\026`\256u\276\r&\026K\315a\3337\216.\240\362\263\327]\372\325\000\000\000\000\000\000\000\000\000\000\000\000\000\000\000\000\000\000\000\000\000\000\000\000\000\000\000\000\000\000\000\000\277\344\226\3637\236a@l\177F\236a\336 \252\321\245\244D\313`\256[m\240D\335\244\3123{/\351\253B/\351\253J\n\000""; }; nodes {;   nodedata: ""\323C\344\327\264{\312-\017:\006{\177\344N\002\326bO\260\220\006\033\362\345\005U\221DzJ0\001\301\025%1L\307\t\261\262z\374\222T\301\274V\236\223\262\270Ct\362\337b\356\024*\324\320\351\317\002k\336\234\027v\351\217\260\303\360\233ZPZWr\246$w\313\313\r\243r\232\2234\373\3539:N\004Q\245\272D\312D\300\300\t\323\0257\345e\271\na\215{\226\255x%T\257\037\333\004\344_/R\006E\344\037@\210\363\010\336T\226\247'\204_{\261\370""1\235\2445\343\033Y!\212\201\341\272\225'\007\317\016\321G\244[Ni\224\321\370\372=\033\263\242\354\\257\220r\372O\251\235\207\243\343\3750\375\\013\003""; }; requestCookie: 3; ","ledgerHash: ""\037\006\345\236\265\343\337g\271\317\315\374\3357gX\036\024'\357<$\322\323$\375\346&^\361\0009""; ledgerSeq: 49; type: liBASE; nodes {;   nodedata: ""\000\000\0001\001cEx]\211\377\330\247]\357\236\n\207}P\2654\026`\256u\276\r&\026K\315a\3337\216.\240\362\263\327]\372\325\000\000\000\000\000\000\000\000\000\000\000\000\000\000\000\000\000\000\000\000\000\000\000\000\000\000\000\000\000\000\000\000\277\344\226\3637\236a@l\177F\236a\336 \252\321\245\244D\313`\256[m\240D\335\244\3123{/\351\253B/\351\253J\n\000""; }; nodes {;   nodedata: ""\323C\344\327\264{\312-\017:\006{\177\344N\002\326bO\260\220\006\033\362\345\005U\221DzJ0\001\301\025%1L\307\t\261\262z\374\222T\301\274V\236\223\262\270Ct\362\337b\356\024*\324\320\351\317\002k\336\234\027v\351\217\260\303\360\233ZPZWr\246$w\313\313\r\243r\232\2234\373\3539:N\004Q\245\272D\312D\300\300\t\323\0257\345e\271\na\215{\226\255x%T\257\037\333\004\344_/R\006E\344\037@\210\363\010\336T\226\247'\204_{\261\370""1\235\2445\343\033Y!\212\201\341\272\225'\007\317\016\321G\244[Ni\224\321\370\372=\033\263\242\354\\257\220r\372O\251\235\207\243\343\3750\375\\013\003""; }; requestCookie: 3; "
1750527687504,1750527687504,0,1,3,0,TMLedgerData,"ledgerHash: ""\037\006\345\236\265\343\337g\271\317\315\374\3357gX\036\024'\357<$\322\323$\375\346&^\361\0009""; ledgerSeq: 49; type: liBASE; nodes {;   nodedata: ""\000\000\0001\001cEx]\211\377\330\247]\357\236\n\207}P\2654\026`\256u\276\r&\026K\315a\3337\216.\240\362\263\327]\372\325\000\000\000\000\000\000\000\000\000\000\000\000\000\000\000\000\000\000\000\000\000\000\000\000\000\000\000\000\000\000\000\000\277\344\226\3637\236a@l\177F\236a\336 \252\321\245\244D\313`\256[m\240D\335\244\3123{/\351\253B/\351\253J\n\000""; }; nodes {;   nodedata: ""\323C\344\327\264{\312-\017:\006{\177\344N\002\326bO\260\220\006\033\362\345\005U\221DzJ0\001\301\025%1L\307\t\261\262z\374\222T\301\274V\236\223\262\270Ct\362\337b\356\024*\324\320\351\317\002k\336\234\027v\351\217\260\303\360\233ZPZWr\246$w\313\313\r\243r\232\2234\373\3539:N\004Q\245\272D\312D\300\300\t\323\0257\345e\271\na\215{\226\255x%T\257\037\333\004\344_/R\006E\344\037@\210\363\010\336T\226\247'\204_{\261\370""1\235\2445\343\033Y!\212\201\341\272\225'\007\317\016\321G\244[Ni\224\321\370\372=\033\263\242\354\\257\220r\372O\251\235\207\243\343\3750\375\\013\003""; }; ","ledgerHash: ""\037\006\345\236\265\343\337g\271\317\315\374\3357gX\036\024'\357<$\322\323$\375\346&^\361\0009""; ledgerSeq: 49; type: liBASE; nodes {;   nodedata: ""\000\000\0001\001cEx]\211\377\330\247]\357\236\n\207}P\2654\026`\256u\276\r&\026K\315a\3337\216.\240\362\263\327]\372\325\000\000\000\000\000\000\000\000\000\000\000\000\000\000\000\000\000\000\000\000\000\000\000\000\000\000\000\000\000\000\000\000\277\344\226\3637\236a@l\177F\236a\336 \252\321\245\244D\313`\256[m\240D\335\244\3123{/\351\253B/\351\253J\n\000""; }; nodes {;   nodedata: ""\323C\344\327\264{\312-\017:\006{\177\344N\002\326bO\260\220\006\033\362\345\005U\221DzJ0\001\301\025%1L\307\t\261\262z\374\222T\301\274V\236\223\262\270Ct\362\337b\356\024*\324\320\351\317\002k\336\234\027v\351\217\260\303\360\233ZPZWr\246$w\313\313\r\243r\232\2234\373\3539:N\004Q\245\272D\312D\300\300\t\323\0257\345e\271\na\215{\226\255x%T\257\037\333\004\344_/R\006E\344\037@\210\363\010\336T\226\247'\204_{\261\370""1\235\2445\343\033Y!\212\201\341\272\225'\007\317\016\321G\244[Ni\224\321\370\372=\033\263\242\354\\257\220r\372O\251\235\207\243\343\3750\375\\013\003""; }; "
1750527687504,1750527687504,0,1,1,0,TMGetLedger,"itype: liBASE; ledgerHash: ""\037\006\345\236\265\343\337g\271\317\315\374\3357gX\036\024'\357<$\322\323$\375\346&^\361\0009""; ledgerSeq: 49; queryType: qtINDIRECT; ","itype: liBASE; ledgerHash: ""\037\006\345\236\265\343\337g\271\317\315\374\3357gX\036\024'\357<$\322\323$\375\346&^\361\0009""; ledgerSeq: 49; queryType: qtINDIRECT; "
1750527687504,1750527687505,0,1,1,0,TMValidation,"validation: """"\200\000\000\001&\000\000\0001)/\351\253G:p\210\265\307-\212\200\004Q\037\006\345\236\265\343\337g\271\317\315\374\3357gX\036\024'\357<$\322\323$\375\346&^\361\0009P\027\000\000\000\000\000\000\000\000\000\000\000\000\000\000\000\000\000\000\000\000\000\000\000\000\000\000\000\000\000\000\000\000P\031\247]\357\236\n\207}P\2654\026`\256u\276\r&\026K\315a\3337\216.\240\362\263\327]\372\325s!\002\364d\217\366\217|\316F\232\231\241\n\261\333`\312O\367\235\025DD\336e\367\n\312\326\221\037\025\230vF0D\002 K\254\363\251\014\333\013\324U\262f\3133\366\214~\232@\375S\314\007\211\224|\267\370w+\024Uu\002 \036\331\375`7e\252\214\225\254\013\332\263\304\371\3759\303\351\201\257\247J\373\324,i\\372\313S\013""; ","validation: """"\200\000\000\001&\000\000\0001)/\351\253G:p\210\265\307-\212\200\004Q\037\006\345\236\265\343\337g\271\317\315\374\3357gX\036\024'\357<$\322\323$\375\346&^\361\0009P\027\000\000\000\000\000\000\000\000\000\000\000\000\000\000\000\000\000\000\000\000\000\000\000\000\000\000\000\000\000\000\000\000P\031\247]\357\236\n\207}P\2654\026`\256u\276\r&\026K\315a\3337\216.\240\362\263\327]\372\325s!\002\364d\217\366\217|\316F\232\231\241\n\261\333`\312O\367\235\025DD\336e\367\n\312\326\221\037\025\230vF0D\002 K\254\363\251\014\333\013\324U\262f\3133\366\214~\232@\375S\314\007\211\224|\267\370w+\024Uu\002 \036\331\375`7e\252\214\225\254\013\332\263\304\371\3759\303\351\201\257\247J\373\324,i\\372\313S\013""; "
1750527687505,1750527687505,0,1,3,0,TMLedgerData,"ledgerHash: ""\037\006\345\236\265\343\337g\271\317\315\374\3357gX\036\024'\357<$\322\323$\375\346&^\361\0009""; ledgerSeq: 49; type: liBASE; nodes {;   nodedata: ""\000\000\0001\001cEx]\211\377\330\247]\357\236\n\207}P\2654\026`\256u\276\r&\026K\315a\3337\216.\240\362\263\327]\372\325\000\000\000\000\000\000\000\000\000\000\000\000\000\000\000\000\000\000\000\000\000\000\000\000\000\000\000\000\000\000\000\000\277\344\226\3637\236a@l\177F\236a\336 \252\321\245\244D\313`\256[m\240D\335\244\3123{/\351\253B/\351\253J\n\000""; }; nodes {;   nodedata: ""\323C\344\327\264{\312-\017:\006{\177\344N\002\326bO\260\220\006\033\362\345\005U\221DzJ0\001\301\025%1L\307\t\261\262z\374\222T\301\274V\236\223\262\270Ct\362\337b\356\024*\324\320\351\317\002k\336\234\027v\351\217\260\303\360\233ZPZWr\246$w\313\313\r\243r\232\2234\373\3539:N\004Q\245\272D\312D\300\300\t\323\0257\345e\271\na\215{\226\255x%T\257\037\333\004\344_/R\006E\344\037@\210\363\010\336T\226\247'\204_{\261\370""1\235\2445\343\033Y!\212\201\341\272\225'\007\317\016\321G\244[Ni\224\321\370\372=\033\263\242\354\\257\220r\372O\251\235\207\243\343\3750\375\\013\003""; }; ","ledgerHash: ""\037\006\345\236\265\343\337g\271\317\315\374\3357gX\036\024'\357<$\322\323$\375\346&^\361\0009""; ledgerSeq: 49; type: liBASE; nodes {;   nodedata: ""\000\000\0001\001cEx]\211\377\330\247]\357\236\n\207}P\2654\026`\256u\276\r&\026K\315a\3337\216.\240\362\263\327]\372\325\000\000\000\000\000\000\000\000\000\000\000\000\000\000\000\000\000\000\000\000\000\000\000\000\000\000\000\000\000\000\000\000\277\344\226\3637\236a@l\177F\236a\336 \252\321\245\244D\313`\256[m\240D\335\244\3123{/\351\253B/\351\253J\n\000""; }; nodes {;   nodedata: ""\323C\344\327\264{\312-\017:\006{\177\344N\002\326bO\260\220\006\033\362\345\005U\221DzJ0\001\301\025%1L\307\t\261\262z\374\222T\301\274V\236\223\262\270Ct\362\337b\356\024*\324\320\351\317\002k\336\234\027v\351\217\260\303\360\233ZPZWr\246$w\313\313\r\243r\232\2234\373\3539:N\004Q\245\272D\312D\300\300\t\323\0257\345e\271\na\215{\226\255x%T\257\037\333\004\344_/R\006E\344\037@\210\363\010\336T\226\247'\204_{\261\370""1\235\2445\343\033Y!\212\201\341\272\225'\007\317\016\321G\244[Ni\224\321\370\372=\033\263\242\354\\257\220r\372O\251\235\207\243\343\3750\375\\013\003""; }; "
1750527687505,1750527687505,0,1,4,3,TMGetLedger,"itype: liBASE; ledgerHash: ""\037\006\345\236\265\343\337g\271\317\315\374\3357gX\036\024'\357<$\322\323$\375\346&^\361\0009""; requestCookie: 1; queryType: qtINDIRECT; ","itype: liBASE; ledgerHash: ""\037\006\345\236\265\343\337g\271\317\315\374\3357gX\036\024'\357<$\322\323$\375\346&^\361\0009""; requestCookie: 1; queryType: qtINDIRECT; "
1750527687506,1750527687506,0,1,3,4,TMLedgerData,"ledgerHash: ""\037\006\345\236\265\343\337g\271\317\315\374\3357gX\036\024'\357<$\322\323$\375\346&^\361\0009""; ledgerSeq: 49; type: liBASE; nodes {;   nodedata: ""\000\000\0001\001cEx]\211\377\330\247]\357\236\n\207}P\2654\026`\256u\276\r&\026K\315a\3337\216.\240\362\263\327]\372\325\000\000\000\000\000\000\000\000\000\000\000\000\000\000\000\000\000\000\000\000\000\000\000\000\000\000\000\000\000\000\000\000\277\344\226\3637\236a@l\177F\236a\336 \252\321\245\244D\313`\256[m\240D\335\244\3123{/\351\253B/\351\253J\n\000""; }; nodes {;   nodedata: ""\323C\344\327\264{\312-\017:\006{\177\344N\002\326bO\260\220\006\033\362\345\005U\221DzJ0\001\301\025%1L\307\t\261\262z\374\222T\301\274V\236\223\262\270Ct\362\337b\356\024*\324\320\351\317\002k\336\234\027v\351\217\260\303\360\233ZPZWr\246$w\313\313\r\243r\232\2234\373\3539:N\004Q\245\272D\312D\300\300\t\323\0257\345e\271\na\215{\226\255x%T\257\037\333\004\344_/R\006E\344\037@\210\363\010\336T\226\247'\204_{\261\370""1\235\2445\343\033Y!\212\201\341\272\225'\007\317\016\321G\244[Ni\224\321\370\372=\033\263\242\354\\257\220r\372O\251\235\207\243\343\3750\375\\013\003""; }; requestCookie: 2; ","ledgerHash: ""\037\006\345\236\265\343\337g\271\317\315\374\3357gX\036\024'\357<$\322\323$\375\346&^\361\0009""; ledgerSeq: 49; type: liBASE; nodes {;   nodedata: ""\000\000\0001\001cEx]\211\377\330\247]\357\236\n\207}P\2654\026`\256u\276\r&\026K\315a\3337\216.\240\362\263\327]\372\325\000\000\000\000\000\000\000\000\000\000\000\000\000\000\000\000\000\000\000\000\000\000\000\000\000\000\000\000\000\000\000\000\277\344\226\3637\236a@l\177F\236a\336 \252\321\245\244D\313`\256[m\240D\335\244\3123{/\351\253B/\351\253J\n\000""; }; nodes {;   nodedata: ""\323C\344\327\264{\312-\017:\006{\177\344N\002\326bO\260\220\006\033\362\345\005U\221DzJ0\001\301\025%1L\307\t\261\262z\374\222T\301\274V\236\223\262\270Ct\362\337b\356\024*\324\320\351\317\002k\336\234\027v\351\217\260\303\360\233ZPZWr\246$w\313\313\r\243r\232\2234\373\3539:N\004Q\245\272D\312D\300\300\t\323\0257\345e\271\na\215{\226\255x%T\257\037\333\004\344_/R\006E\344\037@\210\363\010\336T\226\247'\204_{\261\370""1\235\2445\343\033Y!\212\201\341\272\225'\007\317\016\321G\244[Ni\224\321\370\372=\033\263\242\354\\257\220r\372O\251\235\207\243\343\3750\375\\013\003""; }; requestCookie: 2; "
1750527687506,1750527687506,0,1,3,4,TMLedgerData,"ledgerHash: ""\037\006\345\236\265\343\337g\271\317\315\374\3357gX\036\024'\357<$\322\323$\375\346&^\361\0009""; ledgerSeq: 49; type: liBASE; nodes {;   nodedata: ""\000\000\0001\001cEx]\211\377\330\247]\357\236\n\207}P\2654\026`\256u\276\r&\026K\315a\3337\216.\240\362\263\327]\372\325\000\000\000\000\000\000\000\000\000\000\000\000\000\000\000\000\000\000\000\000\000\000\000\000\000\000\000\000\000\000\000\000\277\344\226\3637\236a@l\177F\236a\336 \252\321\245\244D\313`\256[m\240D\335\244\3123{/\351\253B/\351\253J\n\000""; }; nodes {;   nodedata: ""\323C\344\327\264{\312-\017:\006{\177\344N\002\326bO\260\220\006\033\362\345\005U\221DzJ0\001\301\025%1L\307\t\261\262z\374\222T\301\274V\236\223\262\270Ct\362\337b\356\024*\324\320\351\317\002k\336\234\027v\351\217\260\303\360\233ZPZWr\246$w\313\313\r\243r\232\2234\373\3539:N\004Q\245\272D\312D\300\300\t\323\0257\345e\271\na\215{\226\255x%T\257\037\333\004\344_/R\006E\344\037@\210\363\010\336T\226\247'\204_{\261\370""1\235\2445\343\033Y!\212\201\341\272\225'\007\317\016\321G\244[Ni\224\321\370\372=\033\263\242\354\\257\220r\372O\251\235\207\243\343\3750\375\\013\003""; }; requestCookie: 3; ","ledgerHash: ""\037\006\345\236\265\343\337g\271\317\315\374\3357gX\036\024'\357<$\322\323$\375\346&^\361\0009""; ledgerSeq: 49; type: liBASE; nodes {;   nodedata: ""\000\000\0001\001cEx]\211\377\330\247]\357\236\n\207}P\2654\026`\256u\276\r&\026K\315a\3337\216.\240\362\263\327]\372\325\000\000\000\000\000\000\000\000\000\000\000\000\000\000\000\000\000\000\000\000\000\000\000\000\000\000\000\000\000\000\000\000\277\344\226\3637\236a@l\177F\236a\336 \252\321\245\244D\313`\256[m\240D\335\244\3123{/\351\253B/\351\253J\n\000""; }; nodes {;   nodedata: ""\323C\344\327\264{\312-\017:\006{\177\344N\002\326bO\260\220\006\033\362\345\005U\221DzJ0\001\301\025%1L\307\t\261\262z\374\222T\301\274V\236\223\262\270Ct\362\337b\356\024*\324\320\351\317\002k\336\234\027v\351\217\260\303\360\233ZPZWr\246$w\313\313\r\243r\232\2234\373\3539:N\004Q\245\272D\312D\300\300\t\323\0257\345e\271\na\215{\226\255x%T\257\037\333\004\344_/R\006E\344\037@\210\363\010\336T\226\247'\204_{\261\370""1\235\2445\343\033Y!\212\201\341\272\225'\007\317\016\321G\244[Ni\224\321\370\372=\033\263\242\354\\257\220r\372O\251\235\207\243\343\3750\375\\013\003""; }; requestCookie: 3; "
1750527687507,1750527687507,0,1,2,3,TMGetLedger,"itype: liBASE; ledgerHash: ""\037\006\345\236\265\343\337g\271\317\315\374\3357gX\036\024'\357<$\322\323$\375\346&^\361\0009""; requestCookie: 5; queryType: qtINDIRECT; ","itype: liBASE; ledgerHash: ""\037\006\345\236\265\343\337g\271\317\315\374\3357gX\036\024'\357<$\322\323$\375\346&^\361\0009""; requestCookie: 5; queryType: qtINDIRECT; "
1750527687507,1750527687507,0,1,2,3,TMGetLedger,"itype: liBASE; ledgerHash: ""\037\006\345\236\265\343\337g\271\317\315\374\3357gX\036\024'\357<$\322\323$\375\346&^\361\0009""; requestCookie: 2; queryType: qtINDIRECT; ","itype: liBASE; ledgerHash: ""\037\006\345\236\265\343\337g\271\317\315\374\3357gX\036\024'\357<$\322\323$\375\346&^\361\0009""; requestCookie: 2; queryType: qtINDIRECT; "
1750527687507,1750527687508,0,1,3,4,TMLedgerData,"ledgerHash: ""\037\006\345\236\265\343\337g\271\317\315\374\3357gX\036\024'\357<$\322\323$\375\346&^\361\0009""; ledgerSeq: 49; type: liAS_NODE; nodes {;   nodedata: ""\021\000h""\000\000\000\000 \033\000\000\0000\002\023\306_\330\356GuH\375\327!\255\371\r\231\262R\256J\034\222\241\355X\265E\241^W\225\304\014\361CX-}\351f\032\255\274\334m\326c\017\014ao[\342\230\003\245\245\3341Hm\326^\017jy\335\261\032Yt\320\244{g\0306\\302\303*\341\215\223\257\364\277o\375\000r\241SOq\221\253\262\005\017\375T\356\014\360o'\030\311-\267\031\257!\031T\006><\315XM\334\324\345\034\000\325\367\240\271\013\265\024\321\362\354\211\250.\234s\225amc\305\035\366\276\037nD\277`\210\223N\3535\033\261\304f\331]\036\237\306o!\223\221\002\324\031\262\240R\177 ,\214\325\Q])\016\2067\277\t\354\010\000\360\215\2502\265\245\310\226\243c\302Ze\306\253#r\020\211\320iG\276\020E\317\035Sf\223F\254\033@\177e\277\016\010u\327\371&\262\312\317Q\2361t\377x\234\001v\003%\030\325_\225g\204\346a=\225\273\331\354\365*U\363\263N\367b\371\244\314-w\363\262\225Z\200\206\235\233\257?sE\2674\254\326mU\377?\177Ek\336\030!\316Aa\225\303\022\377{\210Y\226\271as\354L\035\004\341\361\035\301\024\220m#*\372\032\3178~\374\250\014*\323\342'z69\220\327\256\351G\367\317u\302\207\270b\315\333\333\334\310I\323&\014\352XZnW2.\335\347\202\021\247\362\212e\034\000\001\250\220\305;a\314\265R\310\017\317\331\235\360\262\240:\277\202\266\354\265X""\022\nh\252\352w\204\203\023]\001f\352\277\0031Q]\362\370R\350{\261\202\240\344\215\201\353\276\322p5p\350\354\017>\250r\241c\273\016\301\024\363\242\247\263\231\370\344\nBW\220K\316@3\243\200\036wk\253GSlU\010\360\231>\331\263H\214\324\030A\225\301o\346pkSF\004\241\213w9\223=\250\262*+\255\351r\265\244c\024\213\t\007`\223\325#\3477\210\345P\306\013\320\252[\0216+\227=`\371P\314\346 V7\271[~\n\237\274|\347\352@K\253~&\260\032\024\004B\200\255h\351\013\361\031:nG\211\005|\2003\266\274\251,W\006u\344\335d\003\306\212\313,\340\350bG\n\030Z\2732-\246\312\255\030\003\235207\005}D\260\0261ah\322M\304\216\273m0\271\234\237\007<w$\265C\245\232\033\023\313c\321B\032l\301h\005\320\252\301\361(\330[\343\357\343{\235\n\266g\272>\177\317\347\261qb&\270&\346ju\200\363N\320\307\004\034\001n\317\361\2653\254\2503\247\305\372\316W\022O\253x\250\025\373\247\354Tc\304\263\243^\352Gv\\264\261\r\035\226\306\2411\351\233\203\215\200$\231\300f\220\371c@\017\254\363\\371\340\340VaR\205~^\226\342t\360\022\204d\231\205)\272\364?\361!\334\331\315\254\230\rBG\314\023\246\244=\351\177\254\302b&\276+H;0\312\021&\275\036\237\350R\313\206R\331\304k\323u\263t\221\213yC\241\217A\242\027g\322\241'\212.E?B_\316\327\217J +\370\t^b\005\020\003\211\373\247|hC\271Nmk~J\270EU\274\036-\347\240\312FA\321\341bca\253\025\321\311\317\021\375\317\217\n\272\033o\353G>\275\361H\265\240\232um""\317\324`\214\221\314\000\211K\223+(""\200i \311\372g\254\343ZR0\224\275q\252\357\213\263\206N\357&Q\217\267\303\356I\236\357\264\311b\037\366\035\253\343\311\265\240\327q\206f\262ODi\215-\363>\034\236l\273\005G\316F\217}[\036\007\270:\260\335\271B\241N\345\330\204\327f\361\272Kb\0377p\334\264\237\177~\330]\252+:\317u\302h\n\351\n\364\231\277R\371\356\033y\265v\360Ny\246\332qY\262\231\251\n\305\334\202\305\362\n\367@k\231\016R:\327\242\366\242\253LZY\223$Gw^\203\302\311\316I7\371tTwp}\005|\372\214\251{R`\230V\244-\326I\351\255\325i\335\377\321\353\327\331\302\023\347y\016\263\271\317\306\017UV\314qu?\0064A\315{3D\010\016S\212\2353k0\361\214ID\303g\277\010Y_\001~\021\333\370\255\374\\331\306\255\336)\365Rth\024\t\300.M\315\321S\257\224\252\362\326P\316\303%nX\3742\333\036\004Y\264yG^\234\177\214\305q\237\274G\300a4\275\240s\215\222\210\016\020G\344=-:GK\312\035\271\201\350\376F\260G\347\000\235\365P6pmH\033\373\212c\377o\232\356\320D\002\277,]os{\354/?\312e\006wda\001\023\375\316\025\254\321\244\370+Y`\220\270\254\2601E[FI\310\235<qI \356\032v%\001\230\016\203\200\251UD\347\304\373\034\211\340@\342\033\263\365\356\341\357\350\324\035J\032\177\230\207\220\303+\207\352g\317N\027>\222M\271m\033\236\021:\272\233r\373\233hC}\256\020\210\010\233\335\025[ d(\343\263\327\177\030\246\254H\277\254E\231\006\033_lB\210\264\334Y\322\314\362\320L\000Q\240\317\3502\006,|\364\004\275\034\006\337\370""\330\364\202\314\315\311?\030\260\361u)\336\202\265Y\177X\227$\245tCB\345\314d\231A\300\204\371KJ\036\321\330\014]""EN\266$]\331\226c\351\312\376z\254\214\206B\274&M\032\376v\266\3104u)\r\312\021\273\030jJH\215G4\367fQ;\255\3404\372\225\341L\224\242\200VY\220\355\020\353I\n\363\266\036\311\003OR\250""\032\230\021]+$\302\005\224\270\033E\r\312\315}\200\2505\216\221\301\341\035[\247\325\236M^\360a\267\356\267\247]\357\236\n\207}P\2654\026`\256u\276\r&\026K\315a\3337\216.\240\362\263\327]\372\325\264\227\2326\315\307\363\323\325\303\032N\256*\307\327 \235\332\207u\210\271\257\306g\231i*\260\326k\001"";   nodeid: ""\260\000\000\000\000\000\000\000\000\000\000\000\000\000\000\000\000\000\000\000\000\000\000\000\000\000\000\000\000\000\000\000\001""; }; ","ledgerHash: ""\037\006\345\236\265\343\337g\271\317\315\374\3357gX\036\024'\357<$\322\323$\375\346&^\361\0009""; ledgerSeq: 49; type: liAS_NODE; nodes {;   nodedata: ""\021\000h""\000\000\000\000 \033\000\000\0000\002\023\306_\330\356GuH\375\327!\255\371\r\231\262R\256J\034\222\241\355X\265E\241^W\225\304\014\361CX-}\351f\032\255\274\334m\326c\017\014ao[\342\230\003\245\245\3341Hm\326^\017jy\335\261\032Yt\320\244{g\0306\\302\303*\341\215\223\257\364\277o\375\000r\241SOq\221\253\262\005\017\375T\356\014\360o'\030\311-\267\031\257!\031T\006><\315XM\334\324\345\034\000\325\367\240\271\013\265\024\321\362\354\211\250.\234s\225amc\305\035\366\276\037nD\277`\210\223N\3535\033\261\304f\331]\036\237\306o!\223\221\002\324\031\262\240R\177 ,\214\325\Q])\016\2067\277\t\354\010\000\360\215\2502\265\245\310\226\243c\302Ze\306\253#r\020\211\320iG\276\020E\317\035Sf\223F\254\033@\177e\277\016\010u\327\371&\262\312\317Q\2361t\377x\234\001v\003%\030\325_\225g\204\346a=\225\273\331\354\365*U\363\263N\367b\371\244\314-w\363\262\225Z\200\206\235\233\257?sE\2674\254\326mU\377?\177Ek\336\030!\316Aa\225\303\022\377{\210Y\226\271as\354L\035\004\341\361\035\301\024\220m#*\372\032\3178~\374\250\014*\323\342'z69\220\327\256\351G\367\317u\302\207\270b\315\333\333\334\310I\323&\014\352XZnW2.\335\347\202\021\247\362\212e\034\000\001\250\220\305;a\314\265R\310\017\317\331\235\360\262\240:\277\202\266\354\265X""\022\nh\252\352w\204\203\023]\001f\352\277\0031Q]\362\370R\350{\261\202\240\344\215\201\353\276\322p5p\350\354\017>\250r\241c\273\016\301\024\363\242\247\263\231\370\344\nBW\220K\316@3\243\200\036wk\253GSlU\010\360\231>\331\263H\214\324\030A\225\301o\346pkSF\004\241\213w9\223=\250\262*+\255\351r\265\244c\024\213\t\007`\223\325#\3477\210\345P\306\013\320\252[\0216+\227=`\371P\314\346 V7\271[~\n\237\274|\347\352@K\253~&\260\032\024\004B\200\255h\351\013\361\031:nG\211\005|\2003\266\274\251,W\006u\344\335d\003\306\212\313,\340\350bG\n\030Z\2732-\246\312\255\030\003\235207\005}D\260\0261ah\322M\304\216\273m0\271\234\237\007<w$\265C\245\232\033\023\313c\321B\032l\301h\005\320\252\301\361(\330[\343\357\343{\235\n\266g\272>\177\317\347\261qb&\270&\346ju\200\363N\320\307\004\034\001n\317\361\2653\254\2503\247\305\372\316W\022O\253x\250\025\373\247\354Tc\304\263\243^\352Gv\\264\261\r\035\226\306\2411\351\233\203\215\200$\231\300f\220\371c@\017\254\363\\371\340\340VaR\205~^\226\342t\360\022\204d\231\205)\272\364?\361!\334\331\315\254\230\rBG\314\023\246\244=\351\177\254\302b&\276+H;0\312\021&\275\036\237\350R\313\206R\331\304k\323u\263t\221\213yC\241\217A\242\027g\322\241'\212.E?B_\316\327\217J +\370\t^b\005\020\003\211\373\247|hC\271Nmk~J\270EU\274\036-\347\240\312FA\321\341bca\253\025\321\311\317\021\375\317\217\n\272\033o\353G>\275\361H\265\240\232um""\317\324`\214\221\314\000\211K\223+(""\200i \311\372g\254\343ZR0\224\275q\252\357\213\263\206N\357&Q\217\267\303\356I\236\357\264\311b\037\366\035\253\343\311\265\240\327q\206f\262ODi\215-\363>\034\236l\273\005G\316F\217}[\036\007\270:\260\335\271B\241N\345\330\204\327f\361\272Kb\0377p\334\264\237\177~\330]\252+:\317u\302h\n\351\n\364\231\277R\371\356\033y\265v\360Ny\246\332qY\262\231\251\n\305\334\202\305\362\n\367@k\231\016R:\327\242\366\242\253LZY\223$Gw^\203\302\311\316I7\371tTwp}\005|\372\214\251{R`\230V\244-\326I\351\255\325i\335\377\321\353\327\331\302\023\347y\016\263\271\317\306\017UV\314qu?\0064A\315{3D\010\016S\212\2353k0\361\214ID\303g\277\010Y_\001~\021\333\370\255\374\\331\306\255\336)\365Rth\024\t\300.M\315\321S\257\224\252\362\326P\316\303%nX\3742\333\036\004Y\264yG^\234\177\214\305q\237\274G\300a4\275\240s\215\222\210\016\020G\344=-:GK\312\035\271\201\350\376F\260G\347\000\235\365P6pmH\033\373\212c\377o\232\356\320D\002\277,]os{\354/?\312e\006wda\001\023\375\316\025\254\321\244\370+Y`\220\270\254\2601E[FI\310\235<qI \356\032v%\001\230\016\203\200\251UD\347\304\373\034\211\340@\342\033\263\365\356\341\357\350\324\035J\032\177\230\207\220\303+\207\352g\317N\027>\222M\271m\033\236\021:\272\233r\373\233hC}\256\020\210\010\233\335\025[ d(\343\263\327\177\030\246\254H\277\254E\231\006\033_lB\210\264\334Y\322\314\362\320L\000Q\240\317\3502\006,|\364\004\275\034\006\337\370""\330\364\202\314\315\311?\030\260\361u)\336\202\265Y\177X\227$\245tCB\345\314d\231A\300\204\371KJ\036\321\330\014]""EN\266$]\331\226c\351\312\376z\254\214\206B\274&M\032\376v\266\3104u)\r\312\021\273\030jJH\215G4\367fQ;\255\3404\372\225\341L\224\242\200VY\220\355\020\353I\n\363\266\036\311\003OR\250""\032\230\021]+$\302\005\224\270\033E\r\312\315}\200\2505\216\221\301\341\035[\247\325\236M^\360a\267\356\267\247]\357\236\n\207}P\2654\026`\256u\276\r&\026K\315a\3337\216.\240\362\263\327]\372\325\264\227\2326\315\307\363\323\325\303\032N\256*\307\327 \235\332\207u\210\271\257\306g\231i*\260\326k\001"";   nodeid: ""\260\000\000\000\000\000\000\000\000\000\000\000\000\000\000\000\000\000\000\000\000\000\000\000\000\000\000\000\000\000\000\000\001""; }; "
1750527687508,1750527687508,0,1,0,4,TMLedgerData,"ledgerHash: ""\037\006\345\236\265\343\337g\271\317\315\374\3357gX\036\024'\357<$\322\323$\375\346&^\361\0009""; ledgerSeq: 49; type: liBASE; nodes {;   nodedata: ""\000\000\0001\001cEx]\211\377\330\247]\357\236\n\207}P\2654\026`\256u\276\r&\026K\315a\3337\216.\240\362\263\327]\372\325\000\000\000\000\000\000\000\000\000\000\000\000\000\000\000\000\000\000\000\000\000\000\000\000\000\000\000\000\000\000\000\000\277\344\226\3637\236a@l\177F\236a\336 \252\321\245\244D\313`\256[m\240D\335\244\3123{/\351\253B/\351\253J\n\000""; }; nodes {;   nodedata: ""\323C\344\327\264{\312-\017:\006{\177\344N\002\326bO\260\220\006\033\362\345\005U\221DzJ0\001\301\025%1L\307\t\261\262z\374\222T\301\274V\236\223\262\270Ct\362\337b\356\024*\324\320\351\317\002k\336\234\027v\351\217\260\303\360\233ZPZWr\246$w\313\313\r\243r\232\2234\373\3539:N\004Q\245\272D\312D\300\300\t\323\0257\345e\271\na\215{\226\255x%T\257\037\333\004\344_/R\006E\344\037@\210\363\010\336T\226\247'\204_{\261\370""1\235\2445\343\033Y!\212\201\341\272\225'\007\317\016\321G\244[Ni\224\321\370\372=\033\263\242\354\\257\220r\372O\251\235\207\243\343\3750\375\\013\003""; }; ","ledgerHash: ""\037\006\345\236\265\343\337g\271\317\315\374\3357gX\036\024'\357<$\322\323$\375\346&^\361\0009""; ledgerSeq: 49; type: liBASE; nodes {;   nodedata: ""\000\000\0001\001cEx]\211\377\330\247]\357\236\n\207}P\2654\026`\256u\276\r&\026K\315a\3337\216.\240\362\263\327]\372\325\000\000\000\000\000\000\000\000\000\000\000\000\000\000\000\000\000\000\000\000\000\000\000\000\000\000\000\000\000\000\000\000\277\344\226\3637\236a@l\177F\236a\336 \252\321\245\244D\313`\256[m\240D\335\244\3123{/\351\253B/\351\253J\n\000""; }; nodes {;   nodedata: ""\323C\344\327\264{\312-\017:\006{\177\344N\002\326bO\260\220\006\033\362\345\005U\221DzJ0\001\301\025%1L\307\t\261\262z\374\222T\301\274V\236\223\262\270Ct\362\337b\356\024*\324\320\351\317\002k\336\234\027v\351\217\260\303\360\233ZPZWr\246$w\313\313\r\243r\232\2234\373\3539:N\004Q\245\272D\312D\300\300\t\323\0257\345e\271\na\215{\226\255x%T\257\037\333\004\344_/R\006E\344\037@\210\363\010\336T\226\247'\204_{\261\370""1\235\2445\343\033Y!\212\201\341\272\225'\007\317\016\321G\244[Ni\224\321\370\372=\033\263\242\354\\257\220r\372O\251\235\207\243\343\3750\375\\013\003""; }; "
1750527687509,1750527687509,0,1,2,1,TMLedgerData,"ledgerHash: ""\037\006\345\236\265\343\337g\271\317\315\374\3357gX\036\024'\357<$\322\323$\375\346&^\361\0009""; ledgerSeq: 49; type: liBASE; nodes {;   nodedata: ""\000\000\0001\001cEx]\211\377\330\247]\357\236\n\207}P\2654\026`\256u\276\r&\026K\315a\3337\216.\240\362\263\327]\372\325\000\000\000\000\000\000\000\000\000\000\000\000\000\000\000\000\000\000\000\000\000\000\000\000\000\000\000\000\000\000\000\000\277\344\226\3637\236a@l\177F\236a\336 \252\321\245\244D\313`\256[m\240D\335\244\3123{/\351\253B/\351\253J\n\000""; }; nodes {;   nodedata: ""\323C\344\327\264{\312-\017:\006{\177\344N\002\326bO\260\220\006\033\362\345\005U\221DzJ0\001\301\025%1L\307\t\261\262z\374\222T\301\274V\236\223\262\270Ct\362\337b\356\024*\324\320\351\317\002k\336\234\027v\351\217\260\303\360\233ZPZWr\246$w\313\313\r\243r\232\2234\373\3539:N\004Q\245\272D\312D\300\300\t\323\0257\345e\271\na\215{\226\255x%T\257\037\333\004\344_/R\006E\344\037@\210\363\010\336T\226\247'\204_{\261\370""1\235\2445\343\033Y!\212\201\341\272\225'\007\317\016\321G\244[Ni\224\321\370\372=\033\263\242\354\\257\220r\372O\251\235\207\243\343\3750\375\\013\003""; }; ","ledgerHash: ""\037\006\345\236\265\343\337g\271\317\315\374\3357gX\036\024'\357<$\322\323$\375\346&^\361\0009""; ledgerSeq: 49; type: liBASE; nodes {;   nodedata: ""\000\000\0001\001cEx]\211\377\330\247]\357\236\n\207}P\2654\026`\256u\276\r&\026K\315a\3337\216.\240\362\263\327]\372\325\000\000\000\000\000\000\000\000\000\000\000\000\000\000\000\000\000\000\000\000\000\000\000\000\000\000\000\000\000\000\000\000\277\344\226\3637\236a@l\177F\236a\336 \252\321\245\244D\313`\256[m\240D\335\244\3123{/\351\253B/\351\253J\n\000""; }; nodes {;   nodedata: ""\323C\344\327\264{\312-\017:\006{\177\344N\002\326bO\260\220\006\033\362\345\005U\221DzJ0\001\301\025%1L\307\t\261\262z\374\222T\301\274V\236\223\262\270Ct\362\337b\356\024*\324\320\351\317\002k\336\234\027v\351\217\260\303\360\233ZPZWr\246$w\313\313\r\243r\232\2234\373\3539:N\004Q\245\272D\312D\300\300\t\323\0257\345e\271\na\215{\226\255x%T\257\037\333\004\344_/R\006E\344\037@\210\363\010\336T\226\247'\204_{\261\370""1\235\2445\343\033Y!\212\201\341\272\225'\007\317\016\321G\244[Ni\224\321\370\372=\033\263\242\354\\257\220r\372O\251\235\207\243\343\3750\375\\013\003""; }; "
1750527687509,1750527687509,0,1,1,3,TMGetLedger,"itype: liBASE; ledgerHash: ""\037\006\345\236\265\343\337g\271\317\315\374\3357gX\036\024'\357<$\322\323$\375\346&^\361\0009""; requestCookie: 2; queryType: qtINDIRECT; ","itype: liBASE; ledgerHash: ""\037\006\345\236\265\343\337g\271\317\315\374\3357gX\036\024'\357<$\322\323$\375\346&^\361\0009""; requestCookie: 2; queryType: qtINDIRECT; "
1750527687509,1750527687509,0,1,1,3,TMGetLedger,"itype: liAS_NODE; ledgerHash: ""\037\006\345\236\265\343\337g\271\317\315\374\3357gX\036\024'\357<$\322\323$\375\346&^\361\0009""; ledgerSeq: 49; nodeIDs: ""\260\000\000\000\000\000\000\000\000\000\000\000\000\000\000\000\000\000\000\000\000\000\000\000\000\000\000\000\000\000\000\000\001""; queryType: qtINDIRECT; queryDepth: 1; ","itype: liAS_NODE; ledgerHash: ""\037\006\345\236\265\343\337g\271\317\315\374\3357gX\036\024'\357<$\322\323$\375\346&^\361\0009""; ledgerSeq: 49; nodeIDs: ""\260\000\000\000\000\000\000\000\000\000\000\000\000\000\000\000\000\000\000\000\000\000\000\000\000\000\000\000\000\000\000\000\001""; queryType: qtINDIRECT; queryDepth: 1; "
1750527687509,1750527687510,0,1,1,4,TMLedgerData,"ledgerHash: ""\037\006\345\236\265\343\337g\271\317\315\374\3357gX\036\024'\357<$\322\323$\375\346&^\361\0009""; ledgerSeq: 49; type: liBASE; nodes {;   nodedata: ""\000\000\0001\001cEx]\211\377\330\247]\357\236\n\207}P\2654\026`\256u\276\r&\026K\315a\3337\216.\240\362\263\327]\372\325\000\000\000\000\000\000\000\000\000\000\000\000\000\000\000\000\000\000\000\000\000\000\000\000\000\000\000\000\000\000\000\000\277\344\226\3637\236a@l\177F\236a\336 \252\321\245\244D\313`\256[m\240D\335\244\3123{/\351\253B/\351\253J\n\000""; }; nodes {;   nodedata: ""\323C\344\327\264{\312-\017:\006{\177\344N\002\326bO\260\220\006\033\362\345\005U\221DzJ0\001\301\025%1L\307\t\261\262z\374\222T\301\274V\236\223\262\270Ct\362\337b\356\024*\324\320\351\317\002k\336\234\027v\351\217\260\303\360\233ZPZWr\246$w\313\313\r\243r\232\2234\373\3539:N\004Q\245\272D\312D\300\300\t\323\0257\345e\271\na\215{\226\255x%T\257\037\333\004\344_/R\006E\344\037@\210\363\010\336T\226\247'\204_{\261\370""1\235\2445\343\033Y!\212\201\341\272\225'\007\317\016\321G\244[Ni\224\321\370\372=\033\263\242\354\\257\220r\372O\251\235\207\243\343\3750\375\\013\003""; }; ","ledgerHash: ""\037\006\345\236\265\343\337g\271\317\315\374\3357gX\036\024'\357<$\322\323$\375\346&^\361\0009""; ledgerSeq: 49; type: liBASE; nodes {;   nodedata: ""\000\000\0001\001cEx]\211\377\330\247]\357\236\n\207}P\2654\026`\256u\276\r&\026K\315a\3337\216.\240\362\263\327]\372\325\000\000\000\000\000\000\000\000\000\000\000\000\000\000\000\000\000\000\000\000\000\000\000\000\000\000\000\000\000\000\000\000\277\344\226\3637\236a@l\177F\236a\336 \252\321\245\244D\313`\256[m\240D\335\244\3123{/\351\253B/\351\253J\n\000""; }; nodes {;   nodedata: ""\323C\344\327\264{\312-\017:\006{\177\344N\002\326bO\260\220\006\033\362\345\005U\221DzJ0\001\301\025%1L\307\t\261\262z\374\222T\301\274V\236\223\262\270Ct\362\337b\356\024*\324\320\351\317\002k\336\234\027v\351\217\260\303\360\233ZPZWr\246$w\313\313\r\243r\232\2234\373\3539:N\004Q\245\272D\312D\300\300\t\323\0257\345e\271\na\215{\226\255x%T\257\037\333\004\344_/R\006E\344\037@\210\363\010\336T\226\247'\204_{\261\370""1\235\2445\343\033Y!\212\201\341\272\225'\007\317\016\321G\244[Ni\224\321\370\372=\033\263\242\354\\257\220r\372O\251\235\207\243\343\3750\375\\013\003""; }; "
1750527687510,1750527687510,0,1,1,2,TMLedgerData,"ledgerHash: ""\037\006\345\236\265\343\337g\271\317\315\374\3357gX\036\024'\357<$\322\323$\375\346&^\361\0009""; ledgerSeq: 49; type: liBASE; nodes {;   nodedata: ""\000\000\0001\001cEx]\211\377\330\247]\357\236\n\207}P\2654\026`\256u\276\r&\026K\315a\3337\216.\240\362\263\327]\372\325\000\000\000\000\000\000\000\000\000\000\000\000\000\000\000\000\000\000\000\000\000\000\000\000\000\000\000\000\000\000\000\000\277\344\226\3637\236a@l\177F\236a\336 \252\321\245\244D\313`\256[m\240D\335\244\3123{/\351\253B/\351\253J\n\000""; }; nodes {;   nodedata: ""\323C\344\327\264{\312-\017:\006{\177\344N\002\326bO\260\220\006\033\362\345\005U\221DzJ0\001\301\025%1L\307\t\261\262z\374\222T\301\274V\236\223\262\270Ct\362\337b\356\024*\324\320\351\317\002k\336\234\027v\351\217\260\303\360\233ZPZWr\246$w\313\313\r\243r\232\2234\373\3539:N\004Q\245\272D\312D\300\300\t\323\0257\345e\271\na\215{\226\255x%T\257\037\333\004\344_/R\006E\344\037@\210\363\010\336T\226\247'\204_{\261\370""1\235\2445\343\033Y!\212\201\341\272\225'\007\317\016\321G\244[Ni\224\321\370\372=\033\263\242\354\\257\220r\372O\251\235\207\243\343\3750\375\\013\003""; }; ","ledgerHash: ""\037\006\345\236\265\343\337g\271\317\315\374\3357gX\036\024'\357<$\322\323$\375\346&^\361\0009""; ledgerSeq: 49; type: liBASE; nodes {;   nodedata: ""\000\000\0001\001cEx]\211\377\330\247]\357\236\n\207}P\2654\026`\256u\276\r&\026K\315a\3337\216.\240\362\263\327]\372\325\000\000\000\000\000\000\000\000\000\000\000\000\000\000\000\000\000\000\000\000\000\000\000\000\000\000\000\000\000\000\000\000\277\344\226\3637\236a@l\177F\236a\336 \252\321\245\244D\313`\256[m\240D\335\244\3123{/\351\253B/\351\253J\n\000""; }; nodes {;   nodedata: ""\323C\344\327\264{\312-\017:\006{\177\344N\002\326bO\260\220\006\033\362\345\005U\221DzJ0\001\301\025%1L\307\t\261\262z\374\222T\301\274V\236\223\262\270Ct\362\337b\356\024*\324\320\351\317\002k\336\234\027v\351\217\260\303\360\233ZPZWr\246$w\313\313\r\243r\232\2234\373\3539:N\004Q\245\272D\312D\300\300\t\323\0257\345e\271\na\215{\226\255x%T\257\037\333\004\344_/R\006E\344\037@\210\363\010\336T\226\247'\204_{\261\370""1\235\2445\343\033Y!\212\201\341\272\225'\007\317\016\321G\244[Ni\224\321\370\372=\033\263\242\354\\257\220r\372O\251\235\207\243\343\3750\375\\013\003""; }; "
1750527687511,1750527687511,0,1,0,3,TMGetLedger,"itype: liAS_NODE; ledgerHash: ""\037\006\345\236\265\343\337g\271\317\315\374\3357gX\036\024'\357<$\322\323$\375\346&^\361\0009""; ledgerSeq: 49; nodeIDs: ""\260\000\000\000\000\000\000\000\000\000\000\000\000\000\000\000\000\000\000\000\000\000\000\000\000\000\000\000\000\000\000\000\001""; queryType: qtINDIRECT; queryDepth: 1; ","itype: liAS_NODE; ledgerHash: ""\037\006\345\236\265\343\337g\271\317\315\374\3357gX\036\024'\357<$\322\323$\375\346&^\361\0009""; ledgerSeq: 49; nodeIDs: ""\260\000\000\000\000\000\000\000\000\000\000\000\000\000\000\000\000\000\000\000\000\000\000\000\000\000\000\000\000\000\000\000\001""; queryType: qtINDIRECT; queryDepth: 1; "
1750527687511,1750527687511,0,1,0,3,TMGetLedger,"itype: liBASE; ledgerHash: ""\037\006\345\236\265\343\337g\271\317\315\374\3357gX\036\024'\357<$\322\323$\375\346&^\361\0009""; ledgerSeq: 49; requestCookie: 2; queryType: qtINDIRECT; ","itype: liBASE; ledgerHash: ""\037\006\345\236\265\343\337g\271\317\315\374\3357gX\036\024'\357<$\322\323$\375\346&^\361\0009""; ledgerSeq: 49; requestCookie: 2; queryType: qtINDIRECT; "
1750527687511,1750527687512,0,1,3,4,TMLedgerData,"ledgerHash: ""\037\006\345\236\265\343\337g\271\317\315\374\3357gX\036\024'\357<$\322\323$\375\346&^\361\0009""; ledgerSeq: 49; type: liBASE; nodes {;   nodedata: ""\000\000\0001\001cEx]\211\377\330\247]\357\236\n\207}P\2654\026`\256u\276\r&\026K\315a\3337\216.\240\362\263\327]\372\325\000\000\000\000\000\000\000\000\000\000\000\000\000\000\000\000\000\000\000\000\000\000\000\000\000\000\000\000\000\000\000\000\277\344\226\3637\236a@l\177F\236a\336 \252\321\245\244D\313`\256[m\240D\335\244\3123{/\351\253B/\351\253J\n\000""; }; nodes {;   nodedata: ""\323C\344\327\264{\312-\017:\006{\177\344N\002\326bO\260\220\006\033\362\345\005U\221DzJ0\001\301\025%1L\307\t\261\262z\374\222T\301\274V\236\223\262\270Ct\362\337b\356\024*\324\320\351\317\002k\336\234\027v\351\217\260\303\360\233ZPZWr\246$w\313\313\r\243r\232\2234\373\3539:N\004Q\245\272D\312D\300\300\t\323\0257\345e\271\na\215{\226\255x%T\257\037\333\004\344_/R\006E\344\037@\210\363\010\336T\226\247'\204_{\261\370""1\235\2445\343\033Y!\212\201\341\272\225'\007\317\016\321G\244[Ni\224\321\370\372=\033\263\242\354\\257\220r\372O\251\235\207\243\343\3750\375\\013\003""; }; requestCookie: 1; ","ledgerHash: ""\037\006\345\236\265\343\337g\271\317\315\374\3357gX\036\024'\357<$\322\323$\375\346&^\361\0009""; ledgerSeq: 49; type: liBASE; nodes {;   nodedata: ""\000\000\0001\001cEx]\211\377\330\247]\357\236\n\207}P\2654\026`\256u\276\r&\026K\315a\3337\216.\240\362\263\327]\372\325\000\000\000\000\000\000\000\000\000\000\000\000\000\000\000\000\000\000\000\000\000\000\000\000\000\000\000\000\000\000\000\000\277\344\226\3637\236a@l\177F\236a\336 \252\321\245\244D\313`\256[m\240D\335\244\3123{/\351\253B/\351\253J\n\000""; }; nodes {;   nodedata: ""\323C\344\327\264{\312-\017:\006{\177\344N\002\326bO\260\220\006\033\362\345\005U\221DzJ0\001\301\025%1L\307\t\261\262z\374\222T\301\274V\236\223\262\270Ct\362\337b\356\024*\324\320\351\317\002k\336\234\027v\351\217\260\303\360\233ZPZWr\246$w\313\313\r\243r\232\2234\373\3539:N\004Q\245\272D\312D\300\300\t\323\0257\345e\271\na\215{\226\255x%T\257\037\333\004\344_/R\006E\344\037@\210\363\010\336T\226\247'\204_{\261\370""1\235\2445\343\033Y!\212\201\341\272\225'\007\317\016\321G\244[Ni\224\321\370\372=\033\263\242\354\\257\220r\372O\251\235\207\243\343\3750\375\\013\003""; }; requestCookie: 1; "
1750527687512,1750527687512,0,1,4,1,TMLedgerData,"ledgerHash: ""\037\006\345\236\265\343\337g\271\317\315\374\3357gX\036\024'\357<$\322\323$\375\346&^\361\0009""; ledgerSeq: 49; type: liBASE; nodes {;   nodedata: ""\000\000\0001\001cEx]\211\377\330\247]\357\236\n\207}P\2654\026`\256u\276\r&\026K\315a\3337\216.\240\362\263\327]\372\325\000\000\000\000\000\000\000\000\000\000\000\000\000\000\000\000\000\000\000\000\000\000\000\000\000\000\000\000\000\000\000\000\277\344\226\3637\236a@l\177F\236a\336 \252\321\245\244D\313`\256[m\240D\335\244\3123{/\351\253B/\351\253J\n\000""; }; nodes {;   nodedata: ""\323C\344\327\264{\312-\017:\006{\177\344N\002\326bO\260\220\006\033\362\345\005U\221DzJ0\001\301\025%1L\307\t\261\262z\374\222T\301\274V\236\223\262\270Ct\362\337b\356\024*\324\320\351\317\002k\336\234\027v\351\217\260\303\360\233ZPZWr\246$w\313\313\r\243r\232\2234\373\3539:N\004Q\245\272D\312D\300\300\t\323\0257\345e\271\na\215{\226\255x%T\257\037\333\004\344_/R\006E\344\037@\210\363\010\336T\226\247'\204_{\261\370""1\235\2445\343\033Y!\212\201\341\272\225'\007\317\016\321G\244[Ni\224\321\370\372=\033\263\242\354\\257\220r\372O\251\235\207\243\343\3750\375\\013\003""; }; ","ledgerHash: ""\037\006\345\236\265\343\337g\271\317\315\374\3357gX\036\024'\357<$\322\323$\375\346&^\361\0009""; ledgerSeq: 49; type: liBASE; nodes {;   nodedata: ""\000\000\0001\001cEx]\211\377\330\247]\357\236\n\207}P\2654\026`\256u\276\r&\026K\315a\3337\216.\240\362\263\327]\372\325\000\000\000\000\000\000\000\000\000\000\000\000\000\000\000\000\000\000\000\000\000\000\000\000\000\000\000\000\000\000\000\000\277\344\226\3637\236a@l\177F\236a\336 \252\321\245\244D\313`\256[m\240D\335\244\3123{/\351\253B/\351\253J\n\000""; }; nodes {;   nodedata: ""\323C\344\327\264{\312-\017:\006{\177\344N\002\326bO\260\220\006\033\362\345\005U\221DzJ0\001\301\025%1L\307\t\261\262z\374\222T\301\274V\236\223\262\270Ct\362\337b\356\024*\324\320\351\317\002k\336\234\027v\351\217\260\303\360\233ZPZWr\246$w\313\313\r\243r\232\2234\373\3539:N\004Q\245\272D\312D\300\300\t\323\0257\345e\271\na\215{\226\255x%T\257\037\333\004\344_/R\006E\344\037@\210\363\010\336T\226\247'\204_{\261\370""1\235\2445\343\033Y!\212\201\341\272\225'\007\317\016\321G\244[Ni\224\321\370\372=\033\263\242\354\\257\220r\372O\251\235\207\243\343\3750\375\\013\003""; }; "
1750527687513,1750527687513,0,1,4,2,TMLedgerData,"ledgerHash: ""\037\006\345\236\265\343\337g\271\317\315\374\3357gX\036\024'\357<$\322\323$\375\346&^\361\0009""; ledgerSeq: 49; type: liBASE; nodes {;   nodedata: ""\000\000\0001\001cEx]\211\377\330\247]\357\236\n\207}P\2654\026`\256u\276\r&\026K\315a\3337\216.\240\362\263\327]\372\325\000\000\000\000\000\000\000\000\000\000\000\000\000\000\000\000\000\000\000\000\000\000\000\000\000\000\000\000\000\000\000\000\277\344\226\3637\236a@l\177F\236a\336 \252\321\245\244D\313`\256[m\240D\335\244\3123{/\351\253B/\351\253J\n\000""; }; nodes {;   nodedata: ""\323C\344\327\264{\312-\017:\006{\177\344N\002\326bO\260\220\006\033\362\345\005U\221DzJ0\001\301\025%1L\307\t\261\262z\374\222T\301\274V\236\223\262\270Ct\362\337b\356\024*\324\320\351\317\002k\336\234\027v\351\217\260\303\360\233ZPZWr\246$w\313\313\r\243r\232\2234\373\3539:N\004Q\245\272D\312D\300\300\t\323\0257\345e\271\na\215{\226\255x%T\257\037\333\004\344_/R\006E\344\037@\210\363\010\336T\226\247'\204_{\261\370""1\235\2445\343\033Y!\212\201\341\272\225'\007\317\016\321G\244[Ni\224\321\370\372=\033\263\242\354\\257\220r\372O\251\235\207\243\343\3750\375\\013\003""; }; ","ledgerHash: ""\037\006\345\236\265\343\337g\271\317\315\374\3357gX\036\024'\357<$\322\323$\375\346&^\361\0009""; ledgerSeq: 49; type: liBASE; nodes {;   nodedata: ""\000\000\0001\001cEx]\211\377\330\247]\357\236\n\207}P\2654\026`\256u\276\r&\026K\315a\3337\216.\240\362\263\327]\372\325\000\000\000\000\000\000\000\000\000\000\000\000\000\000\000\000\000\000\000\000\000\000\000\000\000\000\000\000\000\000\000\000\277\344\226\3637\236a@l\177F\236a\336 \252\321\245\244D\313`\256[m\240D\335\244\3123{/\351\253B/\351\253J\n\000""; }; nodes {;   nodedata: ""\323C\344\327\264{\312-\017:\006{\177\344N\002\326bO\260\220\006\033\362\345\005U\221DzJ0\001\301\025%1L\307\t\261\262z\374\222T\301\274V\236\223\262\270Ct\362\337b\356\024*\324\320\351\317\002k\336\234\027v\351\217\260\303\360\233ZPZWr\246$w\313\313\r\243r\232\2234\373\3539:N\004Q\245\272D\312D\300\300\t\323\0257\345e\271\na\215{\226\255x%T\257\037\333\004\344_/R\006E\344\037@\210\363\010\336T\226\247'\204_{\261\370""1\235\2445\343\033Y!\212\201\341\272\225'\007\317\016\321G\244[Ni\224\321\370\372=\033\263\242\354\\257\220r\372O\251\235\207\243\343\3750\375\\013\003""; }; "
1750527687513,1750527687513,0,1,3,2,TMLedgerData,"ledgerHash: ""\037\006\345\236\265\343\337g\271\317\315\374\3357gX\036\024'\357<$\322\323$\375\346&^\361\0009""; ledgerSeq: 49; type: liBASE; nodes {;   nodedata: ""\000\000\0001\001cEx]\211\377\330\247]\357\236\n\207}P\2654\026`\256u\276\r&\026K\315a\3337\216.\240\362\263\327]\372\325\000\000\000\000\000\000\000\000\000\000\000\000\000\000\000\000\000\000\000\000\000\000\000\000\000\000\000\000\000\000\000\000\277\344\226\3637\236a@l\177F\236a\336 \252\321\245\244D\313`\256[m\240D\335\244\3123{/\351\253B/\351\253J\n\000""; }; nodes {;   nodedata: ""\323C\344\327\264{\312-\017:\006{\177\344N\002\326bO\260\220\006\033\362\345\005U\221DzJ0\001\301\025%1L\307\t\261\262z\374\222T\301\274V\236\223\262\270Ct\362\337b\356\024*\324\320\351\317\002k\336\234\027v\351\217\260\303\360\233ZPZWr\246$w\313\313\r\243r\232\2234\373\3539:N\004Q\245\272D\312D\300\300\t\323\0257\345e\271\na\215{\226\255x%T\257\037\333\004\344_/R\006E\344\037@\210\363\010\336T\226\247'\204_{\261\370""1\235\2445\343\033Y!\212\201\341\272\225'\007\317\016\321G\244[Ni\224\321\370\372=\033\263\242\354\\257\220r\372O\251\235\207\243\343\3750\375\\013\003""; }; requestCookie: 5; ","ledgerHash: ""\037\006\345\236\265\343\337g\271\317\315\374\3357gX\036\024'\357<$\322\323$\375\346&^\361\0009""; ledgerSeq: 49; type: liBASE; nodes {;   nodedata: ""\000\000\0001\001cEx]\211\377\330\247]\357\236\n\207}P\2654\026`\256u\276\r&\026K\315a\3337\216.\240\362\263\327]\372\325\000\000\000\000\000\000\000\000\000\000\000\000\000\000\000\000\000\000\000\000\000\000\000\000\000\000\000\000\000\000\000\000\277\344\226\3637\236a@l\177F\236a\336 \252\321\245\244D\313`\256[m\240D\335\244\3123{/\351\253B/\351\253J\n\000""; }; nodes {;   nodedata: ""\323C\344\327\264{\312-\017:\006{\177\344N\002\326bO\260\220\006\033\362\345\005U\221DzJ0\001\301\025%1L\307\t\261\262z\374\222T\301\274V\236\223\262\270Ct\362\337b\356\024*\324\320\351\317\002k\336\234\027v\351\217\260\303\360\233ZPZWr\246$w\313\313\r\243r\232\2234\373\3539:N\004Q\245\272D\312D\300\300\t\323\0257\345e\271\na\215{\226\255x%T\257\037\333\004\344_/R\006E\344\037@\210\363\010\336T\226\247'\204_{\261\370""1\235\2445\343\033Y!\212\201\341\272\225'\007\317\016\321G\244[Ni\224\321\370\372=\033\263\242\354\\257\220r\372O\251\235\207\243\343\3750\375\\013\003""; }; requestCookie: 5; "
1750527687513,1750527687513,0,1,3,2,TMLedgerData,"ledgerHash: ""\037\006\345\236\265\343\337g\271\317\315\374\3357gX\036\024'\357<$\322\323$\375\346&^\361\0009""; ledgerSeq: 49; type: liBASE; nodes {;   nodedata: ""\000\000\0001\001cEx]\211\377\330\247]\357\236\n\207}P\2654\026`\256u\276\r&\026K\315a\3337\216.\240\362\263\327]\372\325\000\000\000\000\000\000\000\000\000\000\000\000\000\000\000\000\000\000\000\000\000\000\000\000\000\000\000\000\000\000\000\000\277\344\226\3637\236a@l\177F\236a\336 \252\321\245\244D\313`\256[m\240D\335\244\3123{/\351\253B/\351\253J\n\000""; }; nodes {;   nodedata: ""\323C\344\327\264{\312-\017:\006{\177\344N\002\326bO\260\220\006\033\362\345\005U\221DzJ0\001\301\025%1L\307\t\261\262z\374\222T\301\274V\236\223\262\270Ct\362\337b\356\024*\324\320\351\317\002k\336\234\027v\351\217\260\303\360\233ZPZWr\246$w\313\313\r\243r\232\2234\373\3539:N\004Q\245\272D\312D\300\300\t\323\0257\345e\271\na\215{\226\255x%T\257\037\333\004\344_/R\006E\344\037@\210\363\010\336T\226\247'\204_{\261\370""1\235\2445\343\033Y!\212\201\341\272\225'\007\317\016\321G\244[Ni\224\321\370\372=\033\263\242\354\\257\220r\372O\251\235\207\243\343\3750\375\\013\003""; }; requestCookie: 2; ","ledgerHash: ""\037\006\345\236\265\343\337g\271\317\315\374\3357gX\036\024'\357<$\322\323$\375\346&^\361\0009""; ledgerSeq: 49; type: liBASE; nodes {;   nodedata: ""\000\000\0001\001cEx]\211\377\330\247]\357\236\n\207}P\2654\026`\256u\276\r&\026K\315a\3337\216.\240\362\263\327]\372\325\000\000\000\000\000\000\000\000\000\000\000\000\000\000\000\000\000\000\000\000\000\000\000\000\000\000\000\000\000\000\000\000\277\344\226\3637\236a@l\177F\236a\336 \252\321\245\244D\313`\256[m\240D\335\244\3123{/\351\253B/\351\253J\n\000""; }; nodes {;   nodedata: ""\323C\344\327\264{\312-\017:\006{\177\344N\002\326bO\260\220\006\033\362\345\005U\221DzJ0\001\301\025%1L\307\t\261\262z\374\222T\301\274V\236\223\262\270Ct\362\337b\356\024*\324\320\351\317\002k\336\234\027v\351\217\260\303\360\233ZPZWr\246$w\313\313\r\243r\232\2234\373\3539:N\004Q\245\272D\312D\300\300\t\323\0257\345e\271\na\215{\226\255x%T\257\037\333\004\344_/R\006E\344\037@\210\363\010\336T\226\247'\204_{\261\370""1\235\2445\343\033Y!\212\201\341\272\225'\007\317\016\321G\244[Ni\224\321\370\372=\033\263\242\354\\257\220r\372O\251\235\207\243\343\3750\375\\013\003""; }; requestCookie: 2; "
1750527687514,1750527687514,0,1,3,1,TMLedgerData,"ledgerHash: ""\037\006\345\236\265\343\337g\271\317\315\374\3357gX\036\024'\357<$\322\323$\375\346&^\361\0009""; ledgerSeq: 49; type: liBASE; nodes {;   nodedata: ""\000\000\0001\001cEx]\211\377\330\247]\357\236\n\207}P\2654\026`\256u\276\r&\026K\315a\3337\216.\240\362\263\327]\372\325\000\000\000\000\000\000\000\000\000\000\000\000\000\000\000\000\000\000\000\000\000\000\000\000\000\000\000\000\000\000\000\000\277\344\226\3637\236a@l\177F\236a\336 \252\321\245\244D\313`\256[m\240D\335\244\3123{/\351\253B/\351\253J\n\000""; }; nodes {;   nodedata: ""\323C\344\327\264{\312-\017:\006{\177\344N\002\326bO\260\220\006\033\362\345\005U\221DzJ0\001\301\025%1L\307\t\261\262z\374\222T\301\274V\236\223\262\270Ct\362\337b\356\024*\324\320\351\317\002k\336\234\027v\351\217\260\303\360\233ZPZWr\246$w\313\313\r\243r\232\2234\373\3539:N\004Q\245\272D\312D\300\300\t\323\0257\345e\271\na\215{\226\255x%T\257\037\333\004\344_/R\006E\344\037@\210\363\010\336T\226\247'\204_{\261\370""1\235\2445\343\033Y!\212\201\341\272\225'\007\317\016\321G\244[Ni\224\321\370\372=\033\263\242\354\\257\220r\372O\251\235\207\243\343\3750\375\\013\003""; }; requestCookie: 2; ","ledgerHash: ""\037\006\345\236\265\343\337g\271\317\315\374\3357gX\036\024'\357<$\322\323$\375\346&^\361\0009""; ledgerSeq: 49; type: liBASE; nodes {;   nodedata: ""\000\000\0001\001cEx]\211\377\330\247]\357\236\n\207}P\2654\026`\256u\276\r&\026K\315a\3337\216.\240\362\263\327]\372\325\000\000\000\000\000\000\000\000\000\000\000\000\000\000\000\000\000\000\000\000\000\000\000\000\000\000\000\000\000\000\000\000\277\344\226\3637\236a@l\177F\236a\336 \252\321\245\244D\313`\256[m\240D\335\244\3123{/\351\253B/\351\253J\n\000""; }; nodes {;   nodedata: ""\323C\344\327\264{\312-\017:\006{\177\344N\002\326bO\260\220\006\033\362\345\005U\221DzJ0\001\301\025%1L\307\t\261\262z\374\222T\301\274V\236\223\262\270Ct\362\337b\356\024*\324\320\351\317\002k\336\234\027v\351\217\260\303\360\233ZPZWr\246$w\313\313\r\243r\232\2234\373\3539:N\004Q\245\272D\312D\300\300\t\323\0257\345e\271\na\215{\226\255x%T\257\037\333\004\344_/R\006E\344\037@\210\363\010\336T\226\247'\204_{\261\370""1\235\2445\343\033Y!\212\201\341\272\225'\007\317\016\321G\244[Ni\224\321\370\372=\033\263\242\354\\257\220r\372O\251\235\207\243\343\3750\375\\013\003""; }; requestCookie: 2; "
1750527687514,1750527687515,0,1,3,1,TMLedgerData,"ledgerHash: ""\037\006\345\236\265\343\337g\271\317\315\374\3357gX\036\024'\357<$\322\323$\375\346&^\361\0009""; ledgerSeq: 49; type: liAS_NODE; nodes {;   nodedata: ""\021\000h""\000\000\000\000 \033\000\000\0000\002\023\306_\330\356GuH\375\327!\255\371\r\231\262R\256J\034\222\241\355X\265E\241^W\225\304\014\361CX-}\351f\032\255\274\334m\326c\017\014ao[\342\230\003\245\245\3341Hm\326^\017jy\335\261\032Yt\320\244{g\0306\\302\303*\341\215\223\257\364\277o\375\000r\241SOq\221\253\262\005\017\375T\356\014\360o'\030\311-\267\031\257!\031T\006><\315XM\334\324\345\034\000\325\367\240\271\013\265\024\321\362\354\211\250.\234s\225amc\305\035\366\276\037nD\277`\210\223N\3535\033\261\304f\331]\036\237\306o!\223\221\002\324\031\262\240R\177 ,\214\325\Q])\016\2067\277\t\354\010\000\360\215\2502\265\245\310\226\243c\302Ze\306\253#r\020\211\320iG\276\020E\317\035Sf\223F\254\033@\177e\277\016\010u\327\371&\262\312\317Q\2361t\377x\234\001v\003%\030\325_\225g\204\346a=\225\273\331\354\365*U\363\263N\367b\371\244\314-w\363\262\225Z\200\206\235\233\257?sE\2674\254\326mU\377?\177Ek\336\030!\316Aa\225\303\022\377{\210Y\226\271as\354L\035\004\341\361\035\301\024\220m#*\372\032\3178~\374\250\014*\323\342'z69\220\327\256\351G\367\317u\302\207\270b\315\333\333\334\310I\323&\014\352XZnW2.\335\347\202\021\247\362\212e\034\000\001\250\220\305;a\314\265R\310\017\317\331\235\360\262\240:\277\202\266\354\265X""\022\nh\252\352w\204\203\023]\001f\352\277\0031Q]\362\370R\350{\261\202\240\344\215\201\353\276\322p5p\350\354\017>\250r\241c\273\016\301\024\363\242\247\263\231\370\344\nBW\220K\316@3\243\200\036wk\253GSlU\010\360\231>\331\263H\214\324\030A\225\301o\346pkSF\004\241\213w9\223=\250\262*+\255\351r\265\244c\024\213\t\007`\223\325#\3477\210\345P\306\013\320\252[\0216+\227=`\371P\314\346 V7\271[~\n\237\274|\347\352@K\253~&\260\032\024\004B\200\255h\351\013\361\031:nG\211\005|\2003\266\274\251,W\006u\344\335d\003\306\212\313,\340\350bG\n\030Z\2732-\246\312\255\030\003\235207\005}D\260\0261ah\322M\304\216\273m0\271\234\237\007<w$\265C\245\232\033\023\313c\321B\032l\301h\005\320\252\301\361(\330[\343\357\343{\235\n\266g\272>\177\317\347\261qb&\270&\346ju\200\363N\320\307\004\034\001n\317\361\2653\254\2503\247\305\372\316W\022O\253x\250\025\373\247\354Tc\304\263\243^\352Gv\\264\261\r\035\226\306\2411\351\233\203\215\200$\231\300f\220\371c@\017\254\363\\371\340\340VaR\205~^\226\342t\360\022\204d\231\205)\272\364?\361!\334\331\315\254\230\rBG\314\023\246\244=\351\177\254\302b&\276+H;0\312\021&\275\036\237\350R\313\206R\331\304k\323u\263t\221\213yC\241\217A\242\027g\322\241'\212.E?B_\316\327\217J +\370\t^b\005\020\003\211\373\247|hC\271Nmk~J\270EU\274\036-\347\240\312FA\321\341bca\253\025\321\311\317\021\375\317\217\n\272\033o\353G>\275\361H\265\240\232um""\317\324`\214\221\314\000\211K\223+(""\200i \311\372g\254\343ZR0\224\275q\252\357\213\263\206N\357&Q\217\267\303\356I\236\357\264\311b\037\366\035\253\343\311\265\240\327q\206f\262ODi\215-\363>\034\236l\273\005G\316F\217}[\036\007\270:\260\335\271B\241N\345\330\204\327f\361\272Kb\0377p\334\264\237\177~\330]\252+:\317u\302h\n\351\n\364\231\277R\371\356\033y\265v\360Ny\246\332qY\262\231\251\n\305\334\202\305\362\n\367@k\231\016R:\327\242\366\242\253LZY\223$Gw^\203\302\311\316I7\371tTwp}\005|\372\214\251{R`\230V\244-\326I\351\255\325i\335\377\321\353\327\331\302\023\347y\016\263\271\317\306\017UV\314qu?\0064A\315{3D\010\016S\212\2353k0\361\214ID\303g\277\010Y_\001~\021\333\370\255\374\\331\306\255\336)\365Rth\024\t\300.M\315\321S\257\224\252\362\326P\316\303%nX\3742\333\036\004Y\264yG^\234\177\214\305q\237\274G\300a4\275\240s\215\222\210\016\020G\344=-:GK\312\035\271\201\350\376F\260G\347\000\235\365P6pmH\033\373\212c\377o\232\356\320D\002\277,]os{\354/?\312e\006wda\001\023\375\316\025\254\321\244\370+Y`\220\270\254\2601E[FI\310\235<qI \356\032v%\001\230\016\203\200\251UD\347\304\373\034\211\340@\342\033\263\365\356\341\357\350\324\035J\032\177\230\207\220\303+\207\352g\317N\027>\222M\271m\033\236\021:\272\233r\373\233hC}\256\020\210\010\233\335\025[ d(\343\263\327\177\030\246\254H\277\254E\231\006\033_lB\210\264\334Y\322\314\362\320L\000Q\240\317\3502\006,|\364\004\275\034\006\337\370""\330\364\202\314\315\311?\030\260\361u)\336\202\265Y\177X\227$\245tCB\345\314d\231A\300\204\371KJ\036\321\330\014]""EN\266$]\331\226c\351\312\376z\254\214\206B\274&M\032\376v\266\3104u)\r\312\021\273\030jJH\215G4\367fQ;\255\3404\372\225\341L\224\242\200VY\220\355\020\353I\n\363\266\036\311\003OR\250""\032\230\021]+$\302\005\224\270\033E\r\312\315}\200\2505\216\221\301\341\035[\247\325\236M^\360a\267\356\267\247]\357\236\n\207}P\2654\026`\256u\276\r&\026K\315a\3337\216.\240\362\263\327]\372\325\264\227\2326\315\307\363\323\325\303\032N\256*\307\327 \235\332\207u\210\271\257\306g\231i*\260\326k\001"";   nodeid: ""\260\000\000\000\000\000\000\000\000\000\000\000\000\000\000\000\000\000\000\000\000\000\000\000\000\000\000\000\000\000\000\000\001""; }; ","ledgerHash: ""\037\006\345\236\265\343\337g\271\317\315\374\3357gX\036\024'\357<$\322\323$\375\346&^\361\0009""; ledgerSeq: 49; type: liAS_NODE; nodes {;   nodedata: ""\021\000h""\000\000\000\000 \033\000\000\0000\002\023\306_\330\356GuH\375\327!\255\371\r\231\262R\256J\034\222\241\355X\265E\241^W\225\304\014\361CX-}\351f\032\255\274\334m\326c\017\014ao[\342\230\003\245\245\3341Hm\326^\017jy\335\261\032Yt\320\244{g\0306\\302\303*\341\215\223\257\364\277o\375\000r\241SOq\221\253\262\005\017\375T\356\014\360o'\030\311-\267\031\257!\031T\006><\315XM\334\324\345\034\000\325\367\240\271\013\265\024\321\362\354\211\250.\234s\225amc\305\035\366\276\037nD\277`\210\223N\3535\033\261\304f\331]\036\237\306o!\223\221\002\324\031\262\240R\177 ,\214\325\Q])\016\2067\277\t\354\010\000\360\215\2502\265\245\310\226\243c\302Ze\306\253#r\020\211\320iG\276\020E\317\035Sf\223F\254\033@\177e\277\016\010u\327\371&\262\312\317Q\2361t\377x\234\001v\003%\030\325_\225g\204\346a=\225\273\331\354\365*U\363\263N\367b\371\244\314-w\363\262\225Z\200\206\235\233\257?sE\2674\254\326mU\377?\177Ek\336\030!\316Aa\225\303\022\377{\210Y\226\271as\354L\035\004\341\361\035\301\024\220m#*\372\032\3178~\374\250\014*\323\342'z69\220\327\256\351G\367\317u\302\207\270b\315\333\333\334\310I\323&\014\352XZnW2.\335\347\202\021\247\362\212e\034\000\001\250\220\305;a\314\265R\310\017\317\331\235\360\262\240:\277\202\266\354\265X""\022\nh\252\352w\204\203\023]\001f\352\277\0031Q]\362\370R\350{\261\202\240\344\215\201\353\276\322p5p\350\354\017>\250r\241c\273\016\301\024\363\242\247\263\231\370\344\nBW\220K\316@3\243\200\036wk\253GSlU\010\360\231>\331\263H\214\324\030A\225\301o\346pkSF\004\241\213w9\223=\250\262*+\255\351r\265\244c\024\213\t\007`\223\325#\3477\210\345P\306\013\320\252[\0216+\227=`\371P\314\346 V7\271[~\n\237\274|\347\352@K\253~&\260\032\024\004B\200\255h\351\013\361\031:nG\211\005|\2003\266\274\251,W\006u\344\335d\003\306\212\313,\340\350bG\n\030Z\2732-\246\312\255\030\003\235207\005}D\260\0261ah\322M\304\216\273m0\271\234\237\007<w$\265C\245\232\033\023\313c\321B\032l\301h\005\320\252\301\361(\330[\343\357\343{\235\n\266g\272>\177\317\347\261qb&\270&\346ju\200\363N\320\307\004\034\001n\317\361\2653\254\2503\247\305\372\316W\022O\253x\250\025\373\247\354Tc\304\263\243^\352Gv\\264\261\r\035\226\306\2411\351\233\203\215\200$\231\300f\220\371c@\017\254\363\\371\340\340VaR\205~^\226\342t\360\022\204d\231\205)\272\364?\361!\334\331\315\254\230\rBG\314\023\246\244=\351\177\254\302b&\276+H;0\312\021&\275\036\237\350R\313\206R\331\304k\323u\263t\221\213yC\241\217A\242\027g\322\241'\212.E?B_\316\327\217J +\370\t^b\005\020\003\211\373\247|hC\271Nmk~J\270EU\274\036-\347\240\312FA\321\341bca\253\025\321\311\317\021\375\317\217\n\272\033o\353G>\275\361H\265\240\232um""\317\324`\214\221\314\000\211K\223+(""\200i \311\372g\254\343ZR0\224\275q\252\357\213\263\206N\357&Q\217\267\303\356I\236\357\264\311b\037\366\035\253\343\311\265\240\327q\206f\262ODi\215-\363>\034\236l\273\005G\316F\217}[\036\007\270:\260\335\271B\241N\345\330\204\327f\361\272Kb\0377p\334\264\237\177~\330]\252+:\317u\302h\n\351\n\364\231\277R\371\356\033y\265v\360Ny\246\332qY\262\231\251\n\305\334\202\305\362\n\367@k\231\016R:\327\242\366\242\253LZY\223$Gw^\203\302\311\316I7\371tTwp}\005|\372\214\251{R`\230V\244-\326I\351\255\325i\335\377\321\353\327\331\302\023\347y\016\263\271\317\306\017UV\314qu?\0064A\315{3D\010\016S\212\2353k0\361\214ID\303g\277\010Y_\001~\021\333\370\255\374\\331\306\255\336)\365Rth\024\t\300.M\315\321S\257\224\252\362\326P\316\303%nX\3742\333\036\004Y\264yG^\234\177\214\305q\237\274G\300a4\275\240s\215\222\210\016\020G\344=-:GK\312\035\271\201\350\376F\260G\347\000\235\365P6pmH\033\373\212c\377o\232\356\320D\002\277,]os{\354/?\312e\006wda\001\023\375\316\025\254\321\244\370+Y`\220\270\254\2601E[FI\310\235<qI \356\032v%\001\230\016\203\200\251UD\347\304\373\034\211\340@\342\033\263\365\356\341\357\350\324\035J\032\177\230\207\220\303+\207\352g\317N\027>\222M\271m\033\236\021:\272\233r\373\233hC}\256\020\210\010\233\335\025[ d(\343\263\327\177\030\246\254H\277\254E\231\006\033_lB\210\264\334Y\322\314\362\320L\000Q\240\317\3502\006,|\364\004\275\034\006\337\370""\330\364\202\314\315\311?\030\260\361u)\336\202\265Y\177X\227$\245tCB\345\314d\231A\300\204\371KJ\036\321\330\014]""EN\266$]\331\226c\351\312\376z\254\214\206B\274&M\032\376v\266\3104u)\r\312\021\273\030jJH\215G4\367fQ;\255\3404\372\225\341L\224\242\200VY\220\355\020\353I\n\363\266\036\311\003OR\250""\032\230\021]+$\302\005\224\270\033E\r\312\315}\200\2505\216\221\301\341\035[\247\325\236M^\360a\267\356\267\247]\357\236\n\207}P\2654\026`\256u\276\r&\026K\315a\3337\216.\240\362\263\327]\372\325\264\227\2326\315\307\363\323\325\303\032N\256*\307\327 \235\332\207u\210\271\257\306g\231i*\260\326k\001"";   nodeid: ""\260\000\000\000\000\000\000\000\000\000\000\000\000\000\000\000\000\000\000\000\000\000\000\000\000\000\000\000\000\000\000\000\001""; }; "
1750527687516,1750527687516,0,1,3,0,TMLedgerData,"ledgerHash: ""\037\006\345\236\265\343\337g\271\317\315\374\3357gX\036\024'\357<$\322\323$\375\346&^\361\0009""; ledgerSeq: 49; type: liAS_NODE; nodes {;   nodedata: ""\021\000h""\000\000\000\000 \033\000\000\0000\002\023\306_\330\356GuH\375\327!\255\371\r\231\262R\256J\034\222\241\355X\265E\241^W\225\304\014\361CX-}\351f\032\255\274\334m\326c\017\014ao[\342\230\003\245\245\3341Hm\326^\017jy\335\261\032Yt\320\244{g\0306\\302\303*\341\215\223\257\364\277o\375\000r\241SOq\221\253\262\005\017\375T\356\014\360o'\030\311-\267\031\257!\031T\006><\315XM\334\324\345\034\000\325\367\240\271\013\265\024\321\362\354\211\250.\234s\225amc\305\035\366\276\037nD\277`\210\223N\3535\033\261\304f\331]\036\237\306o!\223\221\002\324\031\262\240R\177 ,\214\325\Q])\016\2067\277\t\354\010\000\360\215\2502\265\245\310\226\243c\302Ze\306\253#r\020\211\320iG\276\020E\317\035Sf\223F\254\033@\177e\277\016\010u\327\371&\262\312\317Q\2361t\377x\234\001v\003%\030\325_\225g\204\346a=\225\273\331\354\365*U\363\263N\367b\371\244\314-w\363\262\225Z\200\206\235\233\257?sE\2674\254\326mU\377?\177Ek\336\030!\316Aa\225\303\022\377{\210Y\226\271as\354L\035\004\341\361\035\301\024\220m#*\372\032\3178~\374\250\014*\323\342'z69\220\327\256\351G\367\317u\302\207\270b\315\333\333\334\310I\323&\014\352XZnW2.\335\347\202\021\247\362\212e\034\000\001\250\220\305;a\314\265R\310\017\317\331\235\360\262\240:\277\202\266\354\265X""\022\nh\252\352w\204\203\023]\001f\352\277\0031Q]\362\370R\350{\261\202\240\344\215\201\353\276\322p5p\350\354\017>\250r\241c\273\016\301\024\363\242\247\263\231\370\344\nBW\220K\316@3\243\200\036wk\253GSlU\010\360\231>\331\263H\214\324\030A\225\301o\346pkSF\004\241\213w9\223=\250\262*+\255\351r\265\244c\024\213\t\007`\223\325#\3477\210\345P\306\013\320\252[\0216+\227=`\371P\314\346 V7\271[~\n\237\274|\347\352@K\253~&\260\032\024\004B\200\255h\351\013\361\031:nG\211\005|\2003\266\274\251,W\006u\344\335d\003\306\212\313,\340\350bG\n\030Z\2732-\246\312\255\030\003\235207\005}D\260\0261ah\322M\304\216\273m0\271\234\237\007<w$\265C\245\232\033\023\313c\321B\032l\301h\005\320\252\301\361(\330[\343\357\343{\235\n\266g\272>\177\317\347\261qb&\270&\346ju\200\363N\320\307\004\034\001n\317\361\2653\254\2503\247\305\372\316W\022O\253x\250\025\373\247\354Tc\304\263\243^\352Gv\\264\261\r\035\226\306\2411\351\233\203\215\200$\231\300f\220\371c@\017\254\363\\371\340\340VaR\205~^\226\342t\360\022\204d\231\205)\272\364?\361!\334\331\315\254\230\rBG\314\023\246\244=\351\177\254\302b&\276+H;0\312\021&\275\036\237\350R\313\206R\331\304k\323u\263t\221\213yC\241\217A\242\027g\322\241'\212.E?B_\316\327\217J +\370\t^b\005\020\003\211\373\247|hC\271Nmk~J\270EU\274\036-\347\240\312FA\321\341bca\253\025\321\311\317\021\375\317\217\n\272\033o\353G>\275\361H\265\240\232um""\317\324`\214\221\314\000\211K\223+(""\200i \311\372g\254\343ZR0\224\275q\252\357\213\263\206N\357&Q\217\267\303\356I\236\357\264\311b\037\366\035\253\343\311\265\240\327q\206f\262ODi\215-\363>\034\236l\273\005G\316F\217}[\036\007\270:\260\335\271B\241N\345\330\204\327f\361\272Kb\0377p\334\264\237\177~\330]\252+:\317u\302h\n\351\n\364\231\277R\371\356\033y\265v\360Ny\246\332qY\262\231\251\n\305\334\202\305\362\n\367@k\231\016R:\327\242\366\242\253LZY\223$Gw^\203\302\311\316I7\371tTwp}\005|\372\214\251{R`\230V\244-\326I\351\255\325i\335\377\321\353\327\331\302\023\347y\016\263\271\317\306\017UV\314qu?\0064A\315{3D\010\016S\212\2353k0\361\214ID\303g\277\010Y_\001~\021\333\370\255\374\\331\306\255\336)\365Rth\024\t\300.M\315\321S\257\224\252\362\326P\316\303%nX\3742\333\036\004Y\264yG^\234\177\214\305q\237\274G\300a4\275\240s\215\222\210\016\020G\344=-:GK\312\035\271\201\350\376F\260G\347\000\235\365P6pmH\033\373\212c\377o\232\356\320D\002\277,]os{\354/?\312e\006wda\001\023\375\316\025\254\321\244\370+Y`\220\270\254\2601E[FI\310\235<qI \356\032v%\001\230\016\203\200\251UD\347\304\373\034\211\340@\342\033\263\365\356\341\357\350\324\035J\032\177\230\207\220\303+\207\352g\317N\027>\222M\271m\033\236\021:\272\233r\373\233hC}\256\020\210\010\233\335\025[ d(\343\263\327\177\030\246\254H\277\254E\231\006\033_lB\210\264\334Y\322\314\362\320L\000Q\240\317\3502\006,|\364\004\275\034\006\337\370""\330\364\202\314\315\311?\030\260\361u)\336\202\265Y\177X\227$\245tCB\345\314d\231A\300\204\371KJ\036\321\330\014]""EN\266$]\331\226c\351\312\376z\254\214\206B\274&M\032\376v\266\3104u)\r\312\021\273\030jJH\215G4\367fQ;\255\3404\372\225\341L\224\242\200VY\220\355\020\353I\n\363\266\036\311\003OR\250""\032\230\021]+$\302\005\224\270\033E\r\312\315}\200\2505\216\221\301\341\035[\247\325\236M^\360a\267\356\267\247]\357\236\n\207}P\2654\026`\256u\276\r&\026K\315a\3337\216.\240\362\263\327]\372\325\264\227\2326\315\307\363\323\325\303\032N\256*\307\327 \235\332\207u\210\271\257\306g\231i*\260\326k\001"";   nodeid: ""\260\000\000\000\000\000\000\000\000\000\000\000\000\000\000\000\000\000\000\000\000\000\000\000\000\000\000\000\000\000\000\000\001""; }; ","ledgerHash: ""\037\006\345\236\265\343\337g\271\317\315\374\3357gX\036\024'\357<$\322\323$\375\346&^\361\0009""; ledgerSeq: 49; type: liAS_NODE; nodes {;   nodedata: ""\021\000h""\000\000\000\000 \033\000\000\0000\002\023\306_\330\356GuH\375\327!\255\371\r\231\262R\256J\034\222\241\355X\265E\241^W\225\304\014\361CX-}\351f\032\255\274\334m\326c\017\014ao[\342\230\003\245\245\3341Hm\326^\017jy\335\261\032Yt\320\244{g\0306\\302\303*\341\215\223\257\364\277o\375\000r\241SOq\221\253\262\005\017\375T\356\014\360o'\030\311-\267\031\257!\031T\006><\315XM\334\324\345\034\000\325\367\240\271\013\265\024\321\362\354\211\250.\234s\225amc\305\035\366\276\037nD\277`\210\223N\3535\033\261\304f\331]\036\237\306o!\223\221\002\324\031\262\240R\177 ,\214\325\Q])\016\2067\277\t\354\010\000\360\215\2502\265\245\310\226\243c\302Ze\306\253#r\020\211\320iG\276\020E\317\035Sf\223F\254\033@\177e\277\016\010u\327\371&\262\312\317Q\2361t\377x\234\001v\003%\030\325_\225g\204\346a=\225\273\331\354\365*U\363\263N\367b\371\244\314-w\363\262\225Z\200\206\235\233\257?sE\2674\254\326mU\377?\177Ek\336\030!\316Aa\225\303\022\377{\210Y\226\271as\354L\035\004\341\361\035\301\024\220m#*\372\032\3178~\374\250\014*\323\342'z69\220\327\256\351G\367\317u\302\207\270b\315\333\333\334\310I\323&\014\352XZnW2.\335\347\202\021\247\362\212e\034\000\001\250\220\305;a\314\265R\310\017\317\331\235\360\262\240:\277\202\266\354\265X""\022\nh\252\352w\204\203\023]\001f\352\277\0031Q]\362\370R\350{\261\202\240\344\215\201\353\276\322p5p\350\354\017>\250r\241c\273\016\301\024\363\242\247\263\231\370\344\nBW\220K\316@3\243\200\036wk\253GSlU\010\360\231>\331\263H\214\324\030A\225\301o\346pkSF\004\241\213w9\223=\250\262*+\255\351r\265\244c\024\213\t\007`\223\325#\3477\210\345P\306\013\320\252[\0216+\227=`\371P\314\346 V7\271[~\n\237\274|\347\352@K\253~&\260\032\024\004B\200\255h\351\013\361\031:nG\211\005|\2003\266\274\251,W\006u\344\335d\003\306\212\313,\340\350bG\n\030Z\2732-\246\312\255\030\003\235207\005}D\260\0261ah\322M\304\216\273m0\271\234\237\007<w$\265C\245\232\033\023\313c\321B\032l\301h\005\320\252\301\361(\330[\343\357\343{\235\n\266g\272>\177\317\347\261qb&\270&\346ju\200\363N\320\307\004\034\001n\317\361\2653\254\2503\247\305\372\316W\022O\253x\250\025\373\247\354Tc\304\263\243^\352Gv\\264\261\r\035\226\306\2411\351\233\203\215\200$\231\300f\220\371c@\017\254\363\\371\340\340VaR\205~^\226\342t\360\022\204d\231\205)\272\364?\361!\334\331\315\254\230\rBG\314\023\246\244=\351\177\254\302b&\276+H;0\312\021&\275\036\237\350R\313\206R\331\304k\323u\263t\221\213yC\241\217A\242\027g\322\241'\212.E?B_\316\327\217J +\370\t^b\005\020\003\211\373\247|hC\271Nmk~J\270EU\274\036-\347\240\312FA\321\341bca\253\025\321\311\317\021\375\317\217\n\272\033o\353G>\275\361H\265\240\232um""\317\324`\214\221\314\000\211K\223+(""\200i \311\372g\254\343ZR0\224\275q\252\357\213\263\206N\357&Q\217\267\303\356I\236\357\264\311b\037\366\035\253\343\311\265\240\327q\206f\262ODi\215-\363>\034\236l\273\005G\316F\217}[\036\007\270:\260\335\271B\241N\345\330\204\327f\361\272Kb\0377p\334\264\237\177~\330]\252+:\317u\302h\n\351\n\364\231\277R\371\356\033y\265v\360Ny\246\332qY\262\231\251\n\305\334\202\305\362\n\367@k\231\016R:\327\242\366\242\253LZY\223$Gw^\203\302\311\316I7\371tTwp}\005|\372\214\251{R`\230V\244-\326I\351\255\325i\335\377\321\353\327\331\302\023\347y\016\263\271\317\306\017UV\314qu?\0064A\315{3D\010\016S\212\2353k0\361\214ID\303g\277\010Y_\001~\021\333\370\255\374\\331\306\255\336)\365Rth\024\t\300.M\315\321S\257\224\252\362\326P\316\303%nX\3742\333\036\004Y\264yG^\234\177\214\305q\237\274G\300a4\275\240s\215\222\210\016\020G\344=-:GK\312\035\271\201\350\376F\260G\347\000\235\365P6pmH\033\373\212c\377o\232\356\320D\002\277,]os{\354/?\312e\006wda\001\023\375\316\025\254\321\244\370+Y`\220\270\254\2601E[FI\310\235<qI \356\032v%\001\230\016\203\200\251UD\347\304\373\034\211\340@\342\033\263\365\356\341\357\350\324\035J\032\177\230\207\220\303+\207\352g\317N\027>\222M\271m\033\236\021:\272\233r\373\233hC}\256\020\210\010\233\335\025[ d(\343\263\327\177\030\246\254H\277\254E\231\006\033_lB\210\264\334Y\322\314\362\320L\000Q\240\317\3502\006,|\364\004\275\034\006\337\370""\330\364\202\314\315\311?\030\260\361u)\336\202\265Y\177X\227$\245tCB\345\314d\231A\300\204\371KJ\036\321\330\014]""EN\266$]\331\226c\351\312\376z\254\214\206B\274&M\032\376v\266\3104u)\r\312\021\273\030jJH\215G4\367fQ;\255\3404\372\225\341L\224\242\200VY\220\355\020\353I\n\363\266\036\311\003OR\250""\032\230\021]+$\302\005\224\270\033E\r\312\315}\200\2505\216\221\301\341\035[\247\325\236M^\360a\267\356\267\247]\357\236\n\207}P\2654\026`\256u\276\r&\026K\315a\3337\216.\240\362\263\327]\372\325\264\227\2326\315\307\363\323\325\303\032N\256*\307\327 \235\332\207u\210\271\257\306g\231i*\260\326k\001"";   nodeid: ""\260\000\000\000\000\000\000\000\000\000\000\000\000\000\000\000\000\000\000\000\000\000\000\000\000\000\000\000\000\000\000\000\001""; }; "
1750527687516,1750527687517,0,1,3,0,TMLedgerData,"ledgerHash: ""\037\006\345\236\265\343\337g\271\317\315\374\3357gX\036\024'\357<$\322\323$\375\346&^\361\0009""; ledgerSeq: 49; type: liBASE; nodes {;   nodedata: ""\000\000\0001\001cEx]\211\377\330\247]\357\236\n\207}P\2654\026`\256u\276\r&\026K\315a\3337\216.\240\362\263\327]\372\325\000\000\000\000\000\000\000\000\000\000\000\000\000\000\000\000\000\000\000\000\000\000\000\000\000\000\000\000\000\000\000\000\277\344\226\3637\236a@l\177F\236a\336 \252\321\245\244D\313`\256[m\240D\335\244\3123{/\351\253B/\351\253J\n\000""; }; nodes {;   nodedata: ""\323C\344\327\264{\312-\017:\006{\177\344N\002\326bO\260\220\006\033\362\345\005U\221DzJ0\001\301\025%1L\307\t\261\262z\374\222T\301\274V\236\223\262\270Ct\362\337b\356\024*\324\320\351\317\002k\336\234\027v\351\217\260\303\360\233ZPZWr\246$w\313\313\r\243r\232\2234\373\3539:N\004Q\245\272D\312D\300\300\t\323\0257\345e\271\na\215{\226\255x%T\257\037\333\004\344_/R\006E\344\037@\210\363\010\336T\226\247'\204_{\261\370""1\235\2445\343\033Y!\212\201\341\272\225'\007\317\016\321G\244[Ni\224\321\370\372=\033\263\242\354\\257\220r\372O\251\235\207\243\343\3750\375\\013\003""; }; requestCookie: 2; ","ledgerHash: ""\037\006\345\236\265\343\337g\271\317\315\374\3357gX\036\024'\357<$\322\323$\375\346&^\361\0009""; ledgerSeq: 49; type: liBASE; nodes {;   nodedata: ""\000\000\0001\001cEx]\211\377\330\247]\357\236\n\207}P\2654\026`\256u\276\r&\026K\315a\3337\216.\240\362\263\327]\372\325\000\000\000\000\000\000\000\000\000\000\000\000\000\000\000\000\000\000\000\000\000\000\000\000\000\000\000\000\000\000\000\000\277\344\226\3637\236a@l\177F\236a\336 \252\321\245\244D\313`\256[m\240D\335\244\3123{/\351\253B/\351\253J\n\000""; }; nodes {;   nodedata: ""\323C\344\327\264{\312-\017:\006{\177\344N\002\326bO\260\220\006\033\362\345\005U\221DzJ0\001\301\025%1L\307\t\261\262z\374\222T\301\274V\236\223\262\270Ct\362\337b\356\024*\324\320\351\317\002k\336\234\027v\351\217\260\303\360\233ZPZWr\246$w\313\313\r\243r\232\2234\373\3539:N\004Q\245\272D\312D\300\300\t\323\0257\345e\271\na\215{\226\255x%T\257\037\333\004\344_/R\006E\344\037@\210\363\010\336T\226\247'\204_{\261\370""1\235\2445\343\033Y!\212\201\341\272\225'\007\317\016\321G\244[Ni\224\321\370\372=\033\263\242\354\\257\220r\372O\251\235\207\243\343\3750\375\\013\003""; }; requestCookie: 2; "
1750527687517,1750527687517,0,1,4,0,TMLedgerData,"ledgerHash: ""\037\006\345\236\265\343\337g\271\317\315\374\3357gX\036\024'\357<$\322\323$\375\346&^\361\0009""; ledgerSeq: 49; type: liBASE; nodes {;   nodedata: ""\000\000\0001\001cEx]\211\377\330\247]\357\236\n\207}P\2654\026`\256u\276\r&\026K\315a\3337\216.\240\362\263\327]\372\325\000\000\000\000\000\000\000\000\000\000\000\000\000\000\000\000\000\000\000\000\000\000\000\000\000\000\000\000\000\000\000\000\277\344\226\3637\236a@l\177F\236a\336 \252\321\245\244D\313`\256[m\240D\335\244\3123{/\351\253B/\351\253J\n\000""; }; nodes {;   nodedata: ""\323C\344\327\264{\312-\017:\006{\177\344N\002\326bO\260\220\006\033\362\345\005U\221DzJ0\001\301\025%1L\307\t\261\262z\374\222T\301\274V\236\223\262\270Ct\362\337b\356\024*\324\320\351\317\002k\336\234\027v\351\217\260\303\360\233ZPZWr\246$w\313\313\r\243r\232\2234\373\3539:N\004Q\245\272D\312D\300\300\t\323\0257\345e\271\na\215{\226\255x%T\257\037\333\004\344_/R\006E\344\037@\210\363\010\336T\226\247'\204_{\261\370""1\235\2445\343\033Y!\212\201\341\272\225'\007\317\016\321G\244[Ni\224\321\370\372=\033\263\242\354\\257\220r\372O\251\235\207\243\343\3750\375\\013\003""; }; ","ledgerHash: ""\037\006\345\236\265\343\337g\271\317\315\374\3357gX\036\024'\357<$\322\323$\375\346&^\361\0009""; ledgerSeq: 49; type: liBASE; nodes {;   nodedata: ""\000\000\0001\001cEx]\211\377\330\247]\357\236\n\207}P\2654\026`\256u\276\r&\026K\315a\3337\216.\240\362\263\327]\372\325\000\000\000\000\000\000\000\000\000\000\000\000\000\000\000\000\000\000\000\000\000\000\000\000\000\000\000\000\000\000\000\000\277\344\226\3637\236a@l\177F\236a\336 \252\321\245\244D\313`\256[m\240D\335\244\3123{/\351\253B/\351\253J\n\000""; }; nodes {;   nodedata: ""\323C\344\327\264{\312-\017:\006{\177\344N\002\326bO\260\220\006\033\362\345\005U\221DzJ0\001\301\025%1L\307\t\261\262z\374\222T\301\274V\236\223\262\270Ct\362\337b\356\024*\324\320\351\317\002k\336\234\027v\351\217\260\303\360\233ZPZWr\246$w\313\313\r\243r\232\2234\373\3539:N\004Q\245\272D\312D\300\300\t\323\0257\345e\271\na\215{\226\255x%T\257\037\333\004\344_/R\006E\344\037@\210\363\010\336T\226\247'\204_{\261\370""1\235\2445\343\033Y!\212\201\341\272\225'\007\317\016\321G\244[Ni\224\321\370\372=\033\263\242\354\\257\220r\372O\251\235\207\243\343\3750\375\\013\003""; }; "
1750527687518,1750527687518,0,1,2,4,TMLedgerData,"ledgerHash: ""\037\006\345\236\265\343\337g\271\317\315\374\3357gX\036\024'\357<$\322\323$\375\346&^\361\0009""; ledgerSeq: 49; type: liBASE; nodes {;   nodedata: ""\000\000\0001\001cEx]\211\377\330\247]\357\236\n\207}P\2654\026`\256u\276\r&\026K\315a\3337\216.\240\362\263\327]\372\325\000\000\000\000\000\000\000\000\000\000\000\000\000\000\000\000\000\000\000\000\000\000\000\000\000\000\000\000\000\000\000\000\277\344\226\3637\236a@l\177F\236a\336 \252\321\245\244D\313`\256[m\240D\335\244\3123{/\351\253B/\351\253J\n\000""; }; nodes {;   nodedata: ""\323C\344\327\264{\312-\017:\006{\177\344N\002\326bO\260\220\006\033\362\345\005U\221DzJ0\001\301\025%1L\307\t\261\262z\374\222T\301\274V\236\223\262\270Ct\362\337b\356\024*\324\320\351\317\002k\336\234\027v\351\217\260\303\360\233ZPZWr\246$w\313\313\r\243r\232\2234\373\3539:N\004Q\245\272D\312D\300\300\t\323\0257\345e\271\na\215{\226\255x%T\257\037\333\004\344_/R\006E\344\037@\210\363\010\336T\226\247'\204_{\261\370""1\235\2445\343\033Y!\212\201\341\272\225'\007\317\016\321G\244[Ni\224\321\370\372=\033\263\242\354\\257\220r\372O\251\235\207\243\343\3750\375\\013\003""; }; ","ledgerHash: ""\037\006\345\236\265\343\337g\271\317\315\374\3357gX\036\024'\357<$\322\323$\375\346&^\361\0009""; ledgerSeq: 49; type: liBASE; nodes {;   nodedata: ""\000\000\0001\001cEx]\211\377\330\247]\357\236\n\207}P\2654\026`\256u\276\r&\026K\315a\3337\216.\240\362\263\327]\372\325\000\000\000\000\000\000\000\000\000\000\000\000\000\000\000\000\000\000\000\000\000\000\000\000\000\000\000\000\000\000\000\000\277\344\226\3637\236a@l\177F\236a\336 \252\321\245\244D\313`\256[m\240D\335\244\3123{/\351\253B/\351\253J\n\000""; }; nodes {;   nodedata: ""\323C\344\327\264{\312-\017:\006{\177\344N\002\326bO\260\220\006\033\362\345\005U\221DzJ0\001\301\025%1L\307\t\261\262z\374\222T\301\274V\236\223\262\270Ct\362\337b\356\024*\324\320\351\317\002k\336\234\027v\351\217\260\303\360\233ZPZWr\246$w\313\313\r\243r\232\2234\373\3539:N\004Q\245\272D\312D\300\300\t\323\0257\345e\271\na\215{\226\255x%T\257\037\333\004\344_/R\006E\344\037@\210\363\010\336T\226\247'\204_{\261\370""1\235\2445\343\033Y!\212\201\341\272\225'\007\317\016\321G\244[Ni\224\321\370\372=\033\263\242\354\\257\220r\372O\251\235\207\243\343\3750\375\\013\003""; }; "
1750527687519,1750527687519,0,1,2,0,TMLedgerData,"ledgerHash: ""\037\006\345\236\265\343\337g\271\317\315\374\3357gX\036\024'\357<$\322\323$\375\346&^\361\0009""; ledgerSeq: 49; type: liBASE; nodes {;   nodedata: ""\000\000\0001\001cEx]\211\377\330\247]\357\236\n\207}P\2654\026`\256u\276\r&\026K\315a\3337\216.\240\362\263\327]\372\325\000\000\000\000\000\000\000\000\000\000\000\000\000\000\000\000\000\000\000\000\000\000\000\000\000\000\000\000\000\000\000\000\277\344\226\3637\236a@l\177F\236a\336 \252\321\245\244D\313`\256[m\240D\335\244\3123{/\351\253B/\351\253J\n\000""; }; nodes {;   nodedata: ""\323C\344\327\264{\312-\017:\006{\177\344N\002\326bO\260\220\006\033\362\345\005U\221DzJ0\001\301\025%1L\307\t\261\262z\374\222T\301\274V\236\223\262\270Ct\362\337b\356\024*\324\320\351\317\002k\336\234\027v\351\217\260\303\360\233ZPZWr\246$w\313\313\r\243r\232\2234\373\3539:N\004Q\245\272D\312D\300\300\t\323\0257\345e\271\na\215{\226\255x%T\257\037\333\004\344_/R\006E\344\037@\210\363\010\336T\226\247'\204_{\261\370""1\235\2445\343\033Y!\212\201\341\272\225'\007\317\016\321G\244[Ni\224\321\370\372=\033\263\242\354\\257\220r\372O\251\235\207\243\343\3750\375\\013\003""; }; ","ledgerHash: ""\037\006\345\236\265\343\337g\271\317\315\374\3357gX\036\024'\357<$\322\323$\375\346&^\361\0009""; ledgerSeq: 49; type: liBASE; nodes {;   nodedata: ""\000\000\0001\001cEx]\211\377\330\247]\357\236\n\207}P\2654\026`\256u\276\r&\026K\315a\3337\216.\240\362\263\327]\372\325\000\000\000\000\000\000\000\000\000\000\000\000\000\000\000\000\000\000\000\000\000\000\000\000\000\000\000\000\000\000\000\000\277\344\226\3637\236a@l\177F\236a\336 \252\321\245\244D\313`\256[m\240D\335\244\3123{/\351\253B/\351\253J\n\000""; }; nodes {;   nodedata: ""\323C\344\327\264{\312-\017:\006{\177\344N\002\326bO\260\220\006\033\362\345\005U\221DzJ0\001\301\025%1L\307\t\261\262z\374\222T\301\274V\236\223\262\270Ct\362\337b\356\024*\324\320\351\317\002k\336\234\027v\351\217\260\303\360\233ZPZWr\246$w\313\313\r\243r\232\2234\373\3539:N\004Q\245\272D\312D\300\300\t\323\0257\345e\271\na\215{\226\255x%T\257\037\333\004\344_/R\006E\344\037@\210\363\010\336T\226\247'\204_{\261\370""1\235\2445\343\033Y!\212\201\341\272\225'\007\317\016\321G\244[Ni\224\321\370\372=\033\263\242\354\\257\220r\372O\251\235\207\243\343\3750\375\\013\003""; }; "
1750527687519,1750527687520,0,1,1,0,TMLedgerData,"ledgerHash: ""\037\006\345\236\265\343\337g\271\317\315\374\3357gX\036\024'\357<$\322\323$\375\346&^\361\0009""; ledgerSeq: 49; type: liBASE; nodes {;   nodedata: ""\000\000\0001\001cEx]\211\377\330\247]\357\236\n\207}P\2654\026`\256u\276\r&\026K\315a\3337\216.\240\362\263\327]\372\325\000\000\000\000\000\000\000\000\000\000\000\000\000\000\000\000\000\000\000\000\000\000\000\000\000\000\000\000\000\000\000\000\277\344\226\3637\236a@l\177F\236a\336 \252\321\245\244D\313`\256[m\240D\335\244\3123{/\351\253B/\351\253J\n\000""; }; nodes {;   nodedata: ""\323C\344\327\264{\312-\017:\006{\177\344N\002\326bO\260\220\006\033\362\345\005U\221DzJ0\001\301\025%1L\307\t\261\262z\374\222T\301\274V\236\223\262\270Ct\362\337b\356\024*\324\320\351\317\002k\336\234\027v\351\217\260\303\360\233ZPZWr\246$w\313\313\r\243r\232\2234\373\3539:N\004Q\245\272D\312D\300\300\t\323\0257\345e\271\na\215{\226\255x%T\257\037\333\004\344_/R\006E\344\037@\210\363\010\336T\226\247'\204_{\261\370""1\235\2445\343\033Y!\212\201\341\272\225'\007\317\016\321G\244[Ni\224\321\370\372=\033\263\242\354\\257\220r\372O\251\235\207\243\343\3750\375\\013\003""; }; ","ledgerHash: ""\037\006\345\236\265\343\337g\271\317\315\374\3357gX\036\024'\357<$\322\323$\375\346&^\361\0009""; ledgerSeq: 49; type: liBASE; nodes {;   nodedata: ""\000\000\0001\001cEx]\211\377\330\247]\357\236\n\207}P\2654\026`\256u\276\r&\026K\315a\3337\216.\240\362\263\327]\372\325\000\000\000\000\000\000\000\000\000\000\000\000\000\000\000\000\000\000\000\000\000\000\000\000\000\000\000\000\000\000\000\000\277\344\226\3637\236a@l\177F\236a\336 \252\321\245\244D\313`\256[m\240D\335\244\3123{/\351\253B/\351\253J\n\000""; }; nodes {;   nodedata: ""\323C\344\327\264{\312-\017:\006{\177\344N\002\326bO\260\220\006\033\362\345\005U\221DzJ0\001\301\025%1L\307\t\261\262z\374\222T\301\274V\236\223\262\270Ct\362\337b\356\024*\324\320\351\317\002k\336\234\027v\351\217\260\303\360\233ZPZWr\246$w\313\313\r\243r\232\2234\373\3539:N\004Q\245\272D\312D\300\300\t\323\0257\345e\271\na\215{\226\255x%T\257\037\333\004\344_/R\006E\344\037@\210\363\010\336T\226\247'\204_{\261\370""1\235\2445\343\033Y!\212\201\341\272\225'\007\317\016\321G\244[Ni\224\321\370\372=\033\263\242\354\\257\220r\372O\251\235\207\243\343\3750\375\\013\003""; }; "
1750527687520,1750527687520,0,1,0,1,TMLedgerData,"ledgerHash: ""\037\006\345\236\265\343\337g\271\317\315\374\3357gX\036\024'\357<$\322\323$\375\346&^\361\0009""; ledgerSeq: 49; type: liBASE; nodes {;   nodedata: ""\000\000\0001\001cEx]\211\377\330\247]\357\236\n\207}P\2654\026`\256u\276\r&\026K\315a\3337\216.\240\362\263\327]\372\325\000\000\000\000\000\000\000\000\000\000\000\000\000\000\000\000\000\000\000\000\000\000\000\000\000\000\000\000\000\000\000\000\277\344\226\3637\236a@l\177F\236a\336 \252\321\245\244D\313`\256[m\240D\335\244\3123{/\351\253B/\351\253J\n\000""; }; nodes {;   nodedata: ""\323C\344\327\264{\312-\017:\006{\177\344N\002\326bO\260\220\006\033\362\345\005U\221DzJ0\001\301\025%1L\307\t\261\262z\374\222T\301\274V\236\223\262\270Ct\362\337b\356\024*\324\320\351\317\002k\336\234\027v\351\217\260\303\360\233ZPZWr\246$w\313\313\r\243r\232\2234\373\3539:N\004Q\245\272D\312D\300\300\t\323\0257\345e\271\na\215{\226\255x%T\257\037\333\004\344_/R\006E\344\037@\210\363\010\336T\226\247'\204_{\261\370""1\235\2445\343\033Y!\212\201\341\272\225'\007\317\016\321G\244[Ni\224\321\370\372=\033\263\242\354\\257\220r\372O\251\235\207\243\343\3750\375\\013\003""; }; ","ledgerHash: ""\037\006\345\236\265\343\337g\271\317\315\374\3357gX\036\024'\357<$\322\323$\375\346&^\361\0009""; ledgerSeq: 49; type: liBASE; nodes {;   nodedata: ""\000\000\0001\001cEx]\211\377\330\247]\357\236\n\207}P\2654\026`\256u\276\r&\026K\315a\3337\216.\240\362\263\327]\372\325\000\000\000\000\000\000\000\000\000\000\000\000\000\000\000\000\000\000\000\000\000\000\000\000\000\000\000\000\000\000\000\000\277\344\226\3637\236a@l\177F\236a\336 \252\321\245\244D\313`\256[m\240D\335\244\3123{/\351\253B/\351\253J\n\000""; }; nodes {;   nodedata: ""\323C\344\327\264{\312-\017:\006{\177\344N\002\326bO\260\220\006\033\362\345\005U\221DzJ0\001\301\025%1L\307\t\261\262z\374\222T\301\274V\236\223\262\270Ct\362\337b\356\024*\324\320\351\317\002k\336\234\027v\351\217\260\303\360\233ZPZWr\246$w\313\313\r\243r\232\2234\373\3539:N\004Q\245\272D\312D\300\300\t\323\0257\345e\271\na\215{\226\255x%T\257\037\333\004\344_/R\006E\344\037@\210\363\010\336T\226\247'\204_{\261\370""1\235\2445\343\033Y!\212\201\341\272\225'\007\317\016\321G\244[Ni\224\321\370\372=\033\263\242\354\\257\220r\372O\251\235\207\243\343\3750\375\\013\003""; }; "
1750527687632,1750527687633,0,1,4,3,TMStatusChange,"newEvent: neACCEPTED_LEDGER; ledgerSeq: 49; ledgerHash: ""\037\006\345\236\265\343\337g\271\317\315\374\3357gX\036\024'\357<$\322\323$\375\346&^\361\0009""; ledgerHashPrevious: ""\247]\357\236\n\207}P\2654\026`\256u\276\r&\026K\315a\3337\216.\240\362\263\327]\372\325""; networkTime: 803842887; firstSeq: 1; lastSeq: 48; ","newEvent: neACCEPTED_LEDGER; ledgerSeq: 49; ledgerHash: ""\037\006\345\236\265\343\337g\271\317\315\374\3357gX\036\024'\357<$\322\323$\375\346&^\361\0009""; ledgerHashPrevious: ""\247]\357\236\n\207}P\2654\026`\256u\276\r&\026K\315a\3337\216.\240\362\263\327]\372\325""; networkTime: 803842887; firstSeq: 1; lastSeq: 48; "
1750527687633,1750527687633,0,1,4,0,TMStatusChange,"newEvent: neACCEPTED_LEDGER; ledgerSeq: 49; ledgerHash: ""\037\006\345\236\265\343\337g\271\317\315\374\3357gX\036\024'\357<$\322\323$\375\346&^\361\0009""; ledgerHashPrevious: ""\247]\357\236\n\207}P\2654\026`\256u\276\r&\026K\315a\3337\216.\240\362\263\327]\372\325""; networkTime: 803842887; firstSeq: 1; lastSeq: 48; ","newEvent: neACCEPTED_LEDGER; ledgerSeq: 49; ledgerHash: ""\037\006\345\236\265\343\337g\271\317\315\374\3357gX\036\024'\357<$\322\323$\375\346&^\361\0009""; ledgerHashPrevious: ""\247]\357\236\n\207}P\2654\026`\256u\276\r&\026K\315a\3337\216.\240\362\263\327]\372\325""; networkTime: 803842887; firstSeq: 1; lastSeq: 48; "
1750527687633,1750527687633,0,1,4,0,TMValidation,"validation: """"\200\000\000\001&\000\000\0001)/\351\253G:\r\302\353\023?\373\240rQ\037\006\345\236\265\343\337g\271\317\315\374\3357gX\036\024'\357<$\322\323$\375\346&^\361\0009P\027\000\000\000\000\000\000\000\000\000\000\000\000\000\000\000\000\000\000\000\000\000\000\000\000\000\000\000\000\000\000\000\000P\031\247]\357\236\n\207}P\2654\026`\256u\276\r&\026K\315a\3337\216.\240\362\263\327]\372\325s!\003R7o\362bV\300hf\266\241;}\200^\374\240\203[:\342Q\225\221\027y\372\255\235\216\323~vG0E\002!\000\334/1\031k\300""\n\237_\376\337\352\206\267'G\230\246\334\266/\217\336\322v\007\254e\026`,\002 %\323o\333a\226\255\274\302y\240W\272;R\321\234B\037\331\347\377I\221\231\205\336\261\346\267\n\235""; ","validation: """"\200\000\000\001&\000\000\0001)/\351\253G:\r\302\353\023?\373\240rQ\037\006\345\236\265\343\337g\271\317\315\374\3357gX\036\024'\357<$\322\323$\375\346&^\361\0009P\027\000\000\000\000\000\000\000\000\000\000\000\000\000\000\000\000\000\000\000\000\000\000\000\000\000\000\000\000\000\000\000\000P\031\247]\357\236\n\207}P\2654\026`\256u\276\r&\026K\315a\3337\216.\240\362\263\327]\372\325s!\003R7o\362bV\300hf\266\241;}\200^\374\240\203[:\342Q\225\221\027y\372\255\235\216\323~vG0E\002!\000\334/1\031k\300""\n\237_\376\337\352\206\267'G\230\246\334\266/\217\336\322v\007\254e\026`,\002 %\323o\333a\226\255\274\302y\240W\272;R\321\234B\037\331\347\377I\221\231\205\336\261\346\267\n\235""; "
1750527687633,1750527687634,0,1,4,1,TMStatusChange,"newEvent: neACCEPTED_LEDGER; ledgerSeq: 49; ledgerHash: ""\037\006\345\236\265\343\337g\271\317\315\374\3357gX\036\024'\357<$\322\323$\375\346&^\361\0009""; ledgerHashPrevious: ""\247]\357\236\n\207}P\2654\026`\256u\276\r&\026K\315a\3337\216.\240\362\263\327]\372\325""; networkTime: 803842887; firstSeq: 1; lastSeq: 48; ","newEvent: neACCEPTED_LEDGER; ledgerSeq: 49; ledgerHash: ""\037\006\345\236\265\343\337g\271\317\315\374\3357gX\036\024'\357<$\322\323$\375\346&^\361\0009""; ledgerHashPrevious: ""\247]\357\236\n\207}P\2654\026`\256u\276\r&\026K\315a\3337\216.\240\362\263\327]\372\325""; networkTime: 803842887; firstSeq: 1; lastSeq: 48; "
1750527687633,1750527687633,0,1,4,2,TMStatusChange,"newEvent: neACCEPTED_LEDGER; ledgerSeq: 49; ledgerHash: ""\037\006\345\236\265\343\337g\271\317\315\374\3357gX\036\024'\357<$\322\323$\375\346&^\361\0009""; ledgerHashPrevious: ""\247]\357\236\n\207}P\2654\026`\256u\276\r&\026K\315a\3337\216.\240\362\263\327]\372\325""; networkTime: 803842887; firstSeq: 1; lastSeq: 48; ","newEvent: neACCEPTED_LEDGER; ledgerSeq: 49; ledgerHash: ""\037\006\345\236\265\343\337g\271\317\315\374\3357gX\036\024'\357<$\322\323$\375\346&^\361\0009""; ledgerHashPrevious: ""\247]\357\236\n\207}P\2654\026`\256u\276\r&\026K\315a\3337\216.\240\362\263\327]\372\325""; networkTime: 803842887; firstSeq: 1; lastSeq: 48; "
1750527687635,1750527687635,0,1,0,2,TMValidation,"validation: """"\200\000\000\001&\000\000\0001)/\351\253G:\r\302\353\023?\373\240rQ\037\006\345\236\265\343\337g\271\317\315\374\3357gX\036\024'\357<$\322\323$\375\346&^\361\0009P\027\000\000\000\000\000\000\000\000\000\000\000\000\000\000\000\000\000\000\000\000\000\000\000\000\000\000\000\000\000\000\000\000P\031\247]\357\236\n\207}P\2654\026`\256u\276\r&\026K\315a\3337\216.\240\362\263\327]\372\325s!\003R7o\362bV\300hf\266\241;}\200^\374\240\203[:\342Q\225\221\027y\372\255\235\216\323~vG0E\002!\000\334/1\031k\300""\n\237_\376\337\352\206\267'G\230\246\334\266/\217\336\322v\007\254e\026`,\002 %\323o\333a\226\255\274\302y\240W\272;R\321\234B\037\331\347\377I\221\231\205\336\261\346\267\n\235""; ","validation: """"\200\000\000\001&\000\000\0001)/\351\253G:\r\302\353\023?\373\240rQ\037\006\345\236\265\343\337g\271\317\315\374\3357gX\036\024'\357<$\322\323$\375\346&^\361\0009P\027\000\000\000\000\000\000\000\000\000\000\000\000\000\000\000\000\000\000\000\000\000\000\000\000\000\000\000\000\000\000\000\000P\031\247]\357\236\n\207}P\2654\026`\256u\276\r&\026K\315a\3337\216.\240\362\263\327]\372\325s!\003R7o\362bV\300hf\266\241;}\200^\374\240\203[:\342Q\225\221\027y\372\255\235\216\323~vG0E\002!\000\334/1\031k\300""\n\237_\376\337\352\206\267'G\230\246\334\266/\217\336\322v\007\254e\026`,\002 %\323o\333a\226\255\274\302y\240W\272;R\321\234B\037\331\347\377I\221\231\205\336\261\346\267\n\235""; "
1750527687635,1750527687635,0,1,0,3,TMValidation,"validation: """"\200\000\000\001&\000\000\0001)/\351\253G:\r\302\353\023?\373\240rQ\037\006\345\236\265\343\337g\271\317\315\374\3357gX\036\024'\357<$\322\323$\375\346&^\361\0009P\027\000\000\000\000\000\000\000\000\000\000\000\000\000\000\000\000\000\000\000\000\000\000\000\000\000\000\000\000\000\000\000\000P\031\247]\357\236\n\207}P\2654\026`\256u\276\r&\026K\315a\3337\216.\240\362\263\327]\372\325s!\003R7o\362bV\300hf\266\241;}\200^\374\240\203[:\342Q\225\221\027y\372\255\235\216\323~vG0E\002!\000\334/1\031k\300""\n\237_\376\337\352\206\267'G\230\246\334\266/\217\336\322v\007\254e\026`,\002 %\323o\333a\226\255\274\302y\240W\272;R\321\234B\037\331\347\377I\221\231\205\336\261\346\267\n\235""; ","validation: """"\200\000\000\001&\000\000\0001)/\351\253G:\r\302\353\023?\373\240rQ\037\006\345\236\265\343\337g\271\317\315\374\3357gX\036\024'\357<$\322\323$\375\346&^\361\0009P\027\000\000\000\000\000\000\000\000\000\000\000\000\000\000\000\000\000\000\000\000\000\000\000\000\000\000\000\000\000\000\000\000P\031\247]\357\236\n\207}P\2654\026`\256u\276\r&\026K\315a\3337\216.\240\362\263\327]\372\325s!\003R7o\362bV\300hf\266\241;}\200^\374\240\203[:\342Q\225\221\027y\372\255\235\216\323~vG0E\002!\000\334/1\031k\300""\n\237_\376\337\352\206\267'G\230\246\334\266/\217\336\322v\007\254e\026`,\002 %\323o\333a\226\255\274\302y\240W\272;R\321\234B\037\331\347\377I\221\231\205\336\261\346\267\n\235""; "
1750527687635,1750527687635,0,1,0,1,TMValidation,"validation: """"\200\000\000\001&\000\000\0001)/\351\253G:\r\302\353\023?\373\240rQ\037\006\345\236\265\343\337g\271\317\315\374\3357gX\036\024'\357<$\322\323$\375\346&^\361\0009P\027\000\000\000\000\000\000\000\000\000\000\000\000\000\000\000\000\000\000\000\000\000\000\000\000\000\000\000\000\000\000\000\000P\031\247]\357\236\n\207}P\2654\026`\256u\276\r&\026K\315a\3337\216.\240\362\263\327]\372\325s!\003R7o\362bV\300hf\266\241;}\200^\374\240\203[:\342Q\225\221\027y\372\255\235\216\323~vG0E\002!\000\334/1\031k\300""\n\237_\376\337\352\206\267'G\230\246\334\266/\217\336\322v\007\254e\026`,\002 %\323o\333a\226\255\274\302y\240W\272;R\321\234B\037\331\347\377I\221\231\205\336\261\346\267\n\235""; ","validation: """"\200\000\000\001&\000\000\0001)/\351\253G:\r\302\353\023?\373\240rQ\037\006\345\236\265\343\337g\271\317\315\374\3357gX\036\024'\357<$\322\323$\375\346&^\361\0009P\027\000\000\000\000\000\000\000\000\000\000\000\000\000\000\000\000\000\000\000\000\000\000\000\000\000\000\000\000\000\000\000\000P\031\247]\357\236\n\207}P\2654\026`\256u\276\r&\026K\315a\3337\216.\240\362\263\327]\372\325s!\003R7o\362bV\300hf\266\241;}\200^\374\240\203[:\342Q\225\221\027y\372\255\235\216\323~vG0E\002!\000\334/1\031k\300""\n\237_\376\337\352\206\267'G\230\246\334\266/\217\336\322v\007\254e\026`,\002 %\323o\333a\226\255\274\302y\240W\272;R\321\234B\037\331\347\377I\221\231\205\336\261\346\267\n\235""; "
1750527687637,1750527687637,0,1,2,3,TMValidation,"validation: """"\200\000\000\001&\000\000\0001)/\351\253G:\r\302\353\023?\373\240rQ\037\006\345\236\265\343\337g\271\317\315\374\3357gX\036\024'\357<$\322\323$\375\346&^\361\0009P\027\000\000\000\000\000\000\000\000\000\000\000\000\000\000\000\000\000\000\000\000\000\000\000\000\000\000\000\000\000\000\000\000P\031\247]\357\236\n\207}P\2654\026`\256u\276\r&\026K\315a\3337\216.\240\362\263\327]\372\325s!\003R7o\362bV\300hf\266\241;}\200^\374\240\203[:\342Q\225\221\027y\372\255\235\216\323~vG0E\002!\000\334/1\031k\300""\n\237_\376\337\352\206\267'G\230\246\334\266/\217\336\322v\007\254e\026`,\002 %\323o\333a\226\255\274\302y\240W\272;R\321\234B\037\331\347\377I\221\231\205\336\261\346\267\n\235""; ","validation: """"\200\000\000\001&\000\000\0001)/\351\253G:\r\302\353\023?\373\240rQ\037\006\345\236\265\343\337g\271\317\315\374\3357gX\036\024'\357<$\322\323$\375\346&^\361\0009P\027\000\000\000\000\000\000\000\000\000\000\000\000\000\000\000\000\000\000\000\000\000\000\000\000\000\000\000\000\000\000\000\000P\031\247]\357\236\n\207}P\2654\026`\256u\276\r&\026K\315a\3337\216.\240\362\263\327]\372\325s!\003R7o\362bV\300hf\266\241;}\200^\374\240\203[:\342Q\225\221\027y\372\255\235\216\323~vG0E\002!\000\334/1\031k\300""\n\237_\376\337\352\206\267'G\230\246\334\266/\217\336\322v\007\254e\026`,\002 %\323o\333a\226\255\274\302y\240W\272;R\321\234B\037\331\347\377I\221\231\205\336\261\346\267\n\235""; "
1750527687637,1750527687637,0,1,2,4,TMValidation,"validation: """"\200\000\000\001&\000\000\0001)/\351\253G:\r\302\353\023?\373\240rQ\037\006\345\236\265\343\337g\271\317\315\374\3357gX\036\024'\357<$\322\323$\375\346&^\361\0009P\027\000\000\000\000\000\000\000\000\000\000\000\000\000\000\000\000\000\000\000\000\000\000\000\000\000\000\000\000\000\000\000\000P\031\247]\357\236\n\207}P\2654\026`\256u\276\r&\026K\315a\3337\216.\240\362\263\327]\372\325s!\003R7o\362bV\300hf\266\241;}\200^\374\240\203[:\342Q\225\221\027y\372\255\235\216\323~vG0E\002!\000\334/1\031k\300""\n\237_\376\337\352\206\267'G\230\246\334\266/\217\336\322v\007\254e\026`,\002 %\323o\333a\226\255\274\302y\240W\272;R\321\234B\037\331\347\377I\221\231\205\336\261\346\267\n\235""; ","validation: """"\200\000\000\001&\000\000\0001)/\351\253G:\r\302\353\023?\373\240rQ\037\006\345\236\265\343\337g\271\317\315\374\3357gX\036\024'\357<$\322\323$\375\346&^\361\0009P\027\000\000\000\000\000\000\000\000\000\000\000\000\000\000\000\000\000\000\000\000\000\000\000\000\000\000\000\000\000\000\000\000P\031\247]\357\236\n\207}P\2654\026`\256u\276\r&\026K\315a\3337\216.\240\362\263\327]\372\325s!\003R7o\362bV\300hf\266\241;}\200^\374\240\203[:\342Q\225\221\027y\372\255\235\216\323~vG0E\002!\000\334/1\031k\300""\n\237_\376\337\352\206\267'G\230\246\334\266/\217\336\322v\007\254e\026`,\002 %\323o\333a\226\255\274\302y\240W\272;R\321\234B\037\331\347\377I\221\231\205\336\261\346\267\n\235""; "
1750527687637,1750527687637,0,1,2,1,TMValidation,"validation: """"\200\000\000\001&\000\000\0001)/\351\253G:\r\302\353\023?\373\240rQ\037\006\345\236\265\343\337g\271\317\315\374\3357gX\036\024'\357<$\322\323$\375\346&^\361\0009P\027\000\000\000\000\000\000\000\000\000\000\000\000\000\000\000\000\000\000\000\000\000\000\000\000\000\000\000\000\000\000\000\000P\031\247]\357\236\n\207}P\2654\026`\256u\276\r&\026K\315a\3337\216.\240\362\263\327]\372\325s!\003R7o\362bV\300hf\266\241;}\200^\374\240\203[:\342Q\225\221\027y\372\255\235\216\323~vG0E\002!\000\334/1\031k\300""\n\237_\376\337\352\206\267'G\230\246\334\266/\217\336\322v\007\254e\026`,\002 %\323o\333a\226\255\274\302y\240W\272;R\321\234B\037\331\347\377I\221\231\205\336\261\346\267\n\235""; ","validation: """"\200\000\000\001&\000\000\0001)/\351\253G:\r\302\353\023?\373\240rQ\037\006\345\236\265\343\337g\271\317\315\374\3357gX\036\024'\357<$\322\323$\375\346&^\361\0009P\027\000\000\000\000\000\000\000\000\000\000\000\000\000\000\000\000\000\000\000\000\000\000\000\000\000\000\000\000\000\000\000\000P\031\247]\357\236\n\207}P\2654\026`\256u\276\r&\026K\315a\3337\216.\240\362\263\327]\372\325s!\003R7o\362bV\300hf\266\241;}\200^\374\240\203[:\342Q\225\221\027y\372\255\235\216\323~vG0E\002!\000\334/1\031k\300""\n\237_\376\337\352\206\267'G\230\246\334\266/\217\336\322v\007\254e\026`,\002 %\323o\333a\226\255\274\302y\240W\272;R\321\234B\037\331\347\377I\221\231\205\336\261\346\267\n\235""; "
1750527687638,1750527687638,0,1,3,4,TMValidation,"validation: """"\200\000\000\001&\000\000\0001)/\351\253G:\r\302\353\023?\373\240rQ\037\006\345\236\265\343\337g\271\317\315\374\3357gX\036\024'\357<$\322\323$\375\346&^\361\0009P\027\000\000\000\000\000\000\000\000\000\000\000\000\000\000\000\000\000\000\000\000\000\000\000\000\000\000\000\000\000\000\000\000P\031\247]\357\236\n\207}P\2654\026`\256u\276\r&\026K\315a\3337\216.\240\362\263\327]\372\325s!\003R7o\362bV\300hf\266\241;}\200^\374\240\203[:\342Q\225\221\027y\372\255\235\216\323~vG0E\002!\000\334/1\031k\300""\n\237_\376\337\352\206\267'G\230\246\334\266/\217\336\322v\007\254e\026`,\002 %\323o\333a\226\255\274\302y\240W\272;R\321\234B\037\331\347\377I\221\231\205\336\261\346\267\n\235""; ","validation: """"\200\000\000\001&\000\000\0001)/\351\253G:\r\302\353\023?\373\240rQ\037\006\345\236\265\343\337g\271\317\315\374\3357gX\036\024'\357<$\322\323$\375\346&^\361\0009P\027\000\000\000\000\000\000\000\000\000\000\000\000\000\000\000\000\000\000\000\000\000\000\000\000\000\000\000\000\000\000\000\000P\031\247]\357\236\n\207}P\2654\026`\256u\276\r&\026K\315a\3337\216.\240\362\263\327]\372\325s!\003R7o\362bV\300hf\266\241;}\200^\374\240\203[:\342Q\225\221\027y\372\255\235\216\323~vG0E\002!\000\334/1\031k\300""\n\237_\376\337\352\206\267'G\230\246\334\266/\217\336\322v\007\254e\026`,\002 %\323o\333a\226\255\274\302y\240W\272;R\321\234B\037\331\347\377I\221\231\205\336\261\346\267\n\235""; "
1750527687638,1750527687638,0,1,3,1,TMValidation,"validation: """"\200\000\000\001&\000\000\0001)/\351\253G:\r\302\353\023?\373\240rQ\037\006\345\236\265\343\337g\271\317\315\374\3357gX\036\024'\357<$\322\323$\375\346&^\361\0009P\027\000\000\000\000\000\000\000\000\000\000\000\000\000\000\000\000\000\000\000\000\000\000\000\000\000\000\000\000\000\000\000\000P\031\247]\357\236\n\207}P\2654\026`\256u\276\r&\026K\315a\3337\216.\240\362\263\327]\372\325s!\003R7o\362bV\300hf\266\241;}\200^\374\240\203[:\342Q\225\221\027y\372\255\235\216\323~vG0E\002!\000\334/1\031k\300""\n\237_\376\337\352\206\267'G\230\246\334\266/\217\336\322v\007\254e\026`,\002 %\323o\333a\226\255\274\302y\240W\272;R\321\234B\037\331\347\377I\221\231\205\336\261\346\267\n\235""; ","validation: """"\200\000\000\001&\000\000\0001)/\351\253G:\r\302\353\023?\373\240rQ\037\006\345\236\265\343\337g\271\317\315\374\3357gX\036\024'\357<$\322\323$\375\346&^\361\0009P\027\000\000\000\000\000\000\000\000\000\000\000\000\000\000\000\000\000\000\000\000\000\000\000\000\000\000\000\000\000\000\000\000P\031\247]\357\236\n\207}P\2654\026`\256u\276\r&\026K\315a\3337\216.\240\362\263\327]\372\325s!\003R7o\362bV\300hf\266\241;}\200^\374\240\203[:\342Q\225\221\027y\372\255\235\216\323~vG0E\002!\000\334/1\031k\300""\n\237_\376\337\352\206\267'G\230\246\334\266/\217\336\322v\007\254e\026`,\002 %\323o\333a\226\255\274\302y\240W\272;R\321\234B\037\331\347\377I\221\231\205\336\261\346\267\n\235""; "
1750527687638,1750527687639,0,1,1,4,TMValidation,"validation: """"\200\000\000\001&\000\000\0001)/\351\253G:\r\302\353\023?\373\240rQ\037\006\345\236\265\343\337g\271\317\315\374\3357gX\036\024'\357<$\322\323$\375\346&^\361\0009P\027\000\000\000\000\000\000\000\000\000\000\000\000\000\000\000\000\000\000\000\000\000\000\000\000\000\000\000\000\000\000\000\000P\031\247]\357\236\n\207}P\2654\026`\256u\276\r&\026K\315a\3337\216.\240\362\263\327]\372\325s!\003R7o\362bV\300hf\266\241;}\200^\374\240\203[:\342Q\225\221\027y\372\255\235\216\323~vG0E\002!\000\334/1\031k\300""\n\237_\376\337\352\206\267'G\230\246\334\266/\217\336\322v\007\254e\026`,\002 %\323o\333a\226\255\274\302y\240W\272;R\321\234B\037\331\347\377I\221\231\205\336\261\346\267\n\235""; ","validation: """"\200\000\000\001&\000\000\0001)/\351\253G:\r\302\353\023?\373\240rQ\037\006\345\236\265\343\337g\271\317\315\374\3357gX\036\024'\357<$\322\323$\375\346&^\361\0009P\027\000\000\000\000\000\000\000\000\000\000\000\000\000\000\000\000\000\000\000\000\000\000\000\000\000\000\000\000\000\000\000\000P\031\247]\357\236\n\207}P\2654\026`\256u\276\r&\026K\315a\3337\216.\240\362\263\327]\372\325s!\003R7o\362bV\300hf\266\241;}\200^\374\240\203[:\342Q\225\221\027y\372\255\235\216\323~vG0E\002!\000\334/1\031k\300""\n\237_\376\337\352\206\267'G\230\246\334\266/\217\336\322v\007\254e\026`,\002 %\323o\333a\226\255\274\302y\240W\272;R\321\234B\037\331\347\377I\221\231\205\336\261\346\267\n\235""; "
1750527687639,1750527687639,0,1,1,2,TMValidation,"validation: """"\200\000\000\001&\000\000\0001)/\351\253G:\r\302\353\023?\373\240rQ\037\006\345\236\265\343\337g\271\317\315\374\3357gX\036\024'\357<$\322\323$\375\346&^\361\0009P\027\000\000\000\000\000\000\000\000\000\000\000\000\000\000\000\000\000\000\000\000\000\000\000\000\000\000\000\000\000\000\000\000P\031\247]\357\236\n\207}P\2654\026`\256u\276\r&\026K\315a\3337\216.\240\362\263\327]\372\325s!\003R7o\362bV\300hf\266\241;}\200^\374\240\203[:\342Q\225\221\027y\372\255\235\216\323~vG0E\002!\000\334/1\031k\300""\n\237_\376\337\352\206\267'G\230\246\334\266/\217\336\322v\007\254e\026`,\002 %\323o\333a\226\255\274\302y\240W\272;R\321\234B\037\331\347\377I\221\231\205\336\261\346\267\n\235""; ","validation: """"\200\000\000\001&\000\000\0001)/\351\253G:\r\302\353\023?\373\240rQ\037\006\345\236\265\343\337g\271\317\315\374\3357gX\036\024'\357<$\322\323$\375\346&^\361\0009P\027\000\000\000\000\000\000\000\000\000\000\000\000\000\000\000\000\000\000\000\000\000\000\000\000\000\000\000\000\000\000\000\000P\031\247]\357\236\n\207}P\2654\026`\256u\276\r&\026K\315a\3337\216.\240\362\263\327]\372\325s!\003R7o\362bV\300hf\266\241;}\200^\374\240\203[:\342Q\225\221\027y\372\255\235\216\323~vG0E\002!\000\334/1\031k\300""\n\237_\376\337\352\206\267'G\230\246\334\266/\217\336\322v\007\254e\026`,\002 %\323o\333a\226\255\274\302y\240W\272;R\321\234B\037\331\347\377I\221\231\205\336\261\346\267\n\235""; "
1750527687639,1750527687639,0,1,1,3,TMValidation,"validation: """"\200\000\000\001&\000\000\0001)/\351\253G:\r\302\353\023?\373\240rQ\037\006\345\236\265\343\337g\271\317\315\374\3357gX\036\024'\357<$\322\323$\375\346&^\361\0009P\027\000\000\000\000\000\000\000\000\000\000\000\000\000\000\000\000\000\000\000\000\000\000\000\000\000\000\000\000\000\000\000\000P\031\247]\357\236\n\207}P\2654\026`\256u\276\r&\026K\315a\3337\216.\240\362\263\327]\372\325s!\003R7o\362bV\300hf\266\241;}\200^\374\240\203[:\342Q\225\221\027y\372\255\235\216\323~vG0E\002!\000\334/1\031k\300""\n\237_\376\337\352\206\267'G\230\246\334\266/\217\336\322v\007\254e\026`,\002 %\323o\333a\226\255\274\302y\240W\272;R\321\234B\037\331\347\377I\221\231\205\336\261\346\267\n\235""; ","validation: """"\200\000\000\001&\000\000\0001)/\351\253G:\r\302\353\023?\373\240rQ\037\006\345\236\265\343\337g\271\317\315\374\3357gX\036\024'\357<$\322\323$\375\346&^\361\0009P\027\000\000\000\000\000\000\000\000\000\000\000\000\000\000\000\000\000\000\000\000\000\000\000\000\000\000\000\000\000\000\000\000P\031\247]\357\236\n\207}P\2654\026`\256u\276\r&\026K\315a\3337\216.\240\362\263\327]\372\325s!\003R7o\362bV\300hf\266\241;}\200^\374\240\203[:\342Q\225\221\027y\372\255\235\216\323~vG0E\002!\000\334/1\031k\300""\n\237_\376\337\352\206\267'G\230\246\334\266/\217\336\322v\007\254e\026`,\002 %\323o\333a\226\255\274\302y\240W\272;R\321\234B\037\331\347\377I\221\231\205\336\261\346\267\n\235""; "
1750527687639,1750527687639,0,1,3,2,TMValidation,"validation: """"\200\000\000\001&\000\000\0001)/\351\253G:\r\302\353\023?\373\240rQ\037\006\345\236\265\343\337g\271\317\315\374\3357gX\036\024'\357<$\322\323$\375\346&^\361\0009P\027\000\000\000\000\000\000\000\000\000\000\000\000\000\000\000\000\000\000\000\000\000\000\000\000\000\000\000\000\000\000\000\000P\031\247]\357\236\n\207}P\2654\026`\256u\276\r&\026K\315a\3337\216.\240\362\263\327]\372\325s!\003R7o\362bV\300hf\266\241;}\200^\374\240\203[:\342Q\225\221\027y\372\255\235\216\323~vG0E\002!\000\334/1\031k\300""\n\237_\376\337\352\206\267'G\230\246\334\266/\217\336\322v\007\254e\026`,\002 %\323o\333a\226\255\274\302y\240W\272;R\321\234B\037\331\347\377I\221\231\205\336\261\346\267\n\235""; ","validation: """"\200\000\000\001&\000\000\0001)/\351\253G:\r\302\353\023?\373\240rQ\037\006\345\236\265\343\337g\271\317\315\374\3357gX\036\024'\357<$\322\323$\375\346&^\361\0009P\027\000\000\000\000\000\000\000\000\000\000\000\000\000\000\000\000\000\000\000\000\000\000\000\000\000\000\000\000\000\000\000\000P\031\247]\357\236\n\207}P\2654\026`\256u\276\r&\026K\315a\3337\216.\240\362\263\327]\372\325s!\003R7o\362bV\300hf\266\241;}\200^\374\240\203[:\342Q\225\221\027y\372\255\235\216\323~vG0E\002!\000\334/1\031k\300""\n\237_\376\337\352\206\267'G\230\246\334\266/\217\336\322v\007\254e\026`,\002 %\323o\333a\226\255\274\302y\240W\272;R\321\234B\037\331\347\377I\221\231\205\336\261\346\267\n\235""; "
1750527687639,1750527687640,0,1,4,2,TMValidation,"validation: """"\200\000\000\001&\000\000\0001)/\351\253G:\r\302\353\023?\373\240rQ\037\006\345\236\265\343\337g\271\317\315\374\3357gX\036\024'\357<$\322\323$\375\346&^\361\0009P\027\000\000\000\000\000\000\000\000\000\000\000\000\000\000\000\000\000\000\000\000\000\000\000\000\000\000\000\000\000\000\000\000P\031\247]\357\236\n\207}P\2654\026`\256u\276\r&\026K\315a\3337\216.\240\362\263\327]\372\325s!\003R7o\362bV\300hf\266\241;}\200^\374\240\203[:\342Q\225\221\027y\372\255\235\216\323~vG0E\002!\000\334/1\031k\300""\n\237_\376\337\352\206\267'G\230\246\334\266/\217\336\322v\007\254e\026`,\002 %\323o\333a\226\255\274\302y\240W\272;R\321\234B\037\331\347\377I\221\231\205\336\261\346\267\n\235""; ","validation: """"\200\000\000\001&\000\000\0001)/\351\253G:\r\302\353\023?\373\240rQ\037\006\345\236\265\343\337g\271\317\315\374\3357gX\036\024'\357<$\322\323$\375\346&^\361\0009P\027\000\000\000\000\000\000\000\000\000\000\000\000\000\000\000\000\000\000\000\000\000\000\000\000\000\000\000\000\000\000\000\000P\031\247]\357\236\n\207}P\2654\026`\256u\276\r&\026K\315a\3337\216.\240\362\263\327]\372\325s!\003R7o\362bV\300hf\266\241;}\200^\374\240\203[:\342Q\225\221\027y\372\255\235\216\323~vG0E\002!\000\334/1\031k\300""\n\237_\376\337\352\206\267'G\230\246\334\266/\217\336\322v\007\254e\026`,\002 %\323o\333a\226\255\274\302y\240W\272;R\321\234B\037\331\347\377I\221\231\205\336\261\346\267\n\235""; "
1750527687641,1750527687641,0,1,4,3,TMValidation,"validation: """"\200\000\000\001&\000\000\0001)/\351\253G:\r\302\353\023?\373\240rQ\037\006\345\236\265\343\337g\271\317\315\374\3357gX\036\024'\357<$\322\323$\375\346&^\361\0009P\027\000\000\000\000\000\000\000\000\000\000\000\000\000\000\000\000\000\000\000\000\000\000\000\000\000\000\000\000\000\000\000\000P\031\247]\357\236\n\207}P\2654\026`\256u\276\r&\026K\315a\3337\216.\240\362\263\327]\372\325s!\003R7o\362bV\300hf\266\241;}\200^\374\240\203[:\342Q\225\221\027y\372\255\235\216\323~vG0E\002!\000\334/1\031k\300""\n\237_\376\337\352\206\267'G\230\246\334\266/\217\336\322v\007\254e\026`,\002 %\323o\333a\226\255\274\302y\240W\272;R\321\234B\037\331\347\377I\221\231\205\336\261\346\267\n\235""; ","validation: """"\200\000\000\001&\000\000\0001)/\351\253G:\r\302\353\023?\373\240rQ\037\006\345\236\265\343\337g\271\317\315\374\3357gX\036\024'\357<$\322\323$\375\346&^\361\0009P\027\000\000\000\000\000\000\000\000\000\000\000\000\000\000\000\000\000\000\000\000\000\000\000\000\000\000\000\000\000\000\000\000P\031\247]\357\236\n\207}P\2654\026`\256u\276\r&\026K\315a\3337\216.\240\362\263\327]\372\325s!\003R7o\362bV\300hf\266\241;}\200^\374\240\203[:\342Q\225\221\027y\372\255\235\216\323~vG0E\002!\000\334/1\031k\300""\n\237_\376\337\352\206\267'G\230\246\334\266/\217\336\322v\007\254e\026`,\002 %\323o\333a\226\255\274\302y\240W\272;R\321\234B\037\331\347\377I\221\231\205\336\261\346\267\n\235""; "
1750527687641,1750527687641,0,1,4,1,TMValidation,"validation: """"\200\000\000\001&\000\000\0001)/\351\253G:\r\302\353\023?\373\240rQ\037\006\345\236\265\343\337g\271\317\315\374\3357gX\036\024'\357<$\322\323$\375\346&^\361\0009P\027\000\000\000\000\000\000\000\000\000\000\000\000\000\000\000\000\000\000\000\000\000\000\000\000\000\000\000\000\000\000\000\000P\031\247]\357\236\n\207}P\2654\026`\256u\276\r&\026K\315a\3337\216.\240\362\263\327]\372\325s!\003R7o\362bV\300hf\266\241;}\200^\374\240\203[:\342Q\225\221\027y\372\255\235\216\323~vG0E\002!\000\334/1\031k\300""\n\237_\376\337\352\206\267'G\230\246\334\266/\217\336\322v\007\254e\026`,\002 %\323o\333a\226\255\274\302y\240W\272;R\321\234B\037\331\347\377I\221\231\205\336\261\346\267\n\235""; ","validation: """"\200\000\000\001&\000\000\0001)/\351\253G:\r\302\353\023?\373\240rQ\037\006\345\236\265\343\337g\271\317\315\374\3357gX\036\024'\357<$\322\323$\375\346&^\361\0009P\027\000\000\000\000\000\000\000\000\000\000\000\000\000\000\000\000\000\000\000\000\000\000\000\000\000\000\000\000\000\000\000\000P\031\247]\357\236\n\207}P\2654\026`\256u\276\r&\026K\315a\3337\216.\240\362\263\327]\372\325s!\003R7o\362bV\300hf\266\241;}\200^\374\240\203[:\342Q\225\221\027y\372\255\235\216\323~vG0E\002!\000\334/1\031k\300""\n\237_\376\337\352\206\267'G\230\246\334\266/\217\336\322v\007\254e\026`,\002 %\323o\333a\226\255\274\302y\240W\272;R\321\234B\037\331\347\377I\221\231\205\336\261\346\267\n\235""; "
1750527688473,1750527688473,0,1,3,0,TMProposeSet,"proposeSeq: 0; currentTxHash: ""\000\000\000\000\000\000\000\000\000\000\000\000\000\000\000\000\000\000\000\000\000\000\000\000\000\000\000\000\000\000\000\000""; nodePubKey: ""\002\364d\217\366\217|\316F\232\231\241\n\261\333`\312O\367\235\025DD\336e\367\n\312\326\221\037\025\230""; closeTime: 803842888; signature: ""0D\002 B\257\006\354\372M|e\224\013> ^\225 \272+:\271X\305\225H\255\260O\272\206\323\265X(\002 x\352\014!6\252\327\217a\177g\213\321\\033\273\271'}\311ey\333\365uM\266\346\261\341\304@""; previousledger: ""\037\006\345\236\265\343\337g\271\317\315\374\3357gX\036\024'\357<$\322\323$\375\346&^\361\0009""; ","proposeSeq: 0; currentTxHash: ""\000\000\000\000\000\000\000\000\000\000\000\000\000\000\000\000\000\000\000\000\000\000\000\000\000\000\000\000\000\000\000\000""; nodePubKey: ""\002\364d\217\366\217|\316F\232\231\241\n\261\333`\312O\367\235\025DD\336e\367\n\312\326\221\037\025\230""; closeTime: 803842888; signature: ""0D\002 B\257\006\354\372M|e\224\013> ^\225 \272+:\271X\305\225H\255\260O\272\206\323\265X(\002 x\352\014!6\252\327\217a\177g\213\321\\033\273\271'}\311ey\333\365uM\266\346\261\341\304@""; previousledger: ""\037\006\345\236\265\343\337g\271\317\315\374\3357gX\036\024'\357<$\322\323$\375\346&^\361\0009""; "
1750527688514,1750527688514,0,1,3,2,TMProposeSet,"proposeSeq: 0; currentTxHash: ""\000\000\000\000\000\000\000\000\000\000\000\000\000\000\000\000\000\000\000\000\000\000\000\000\000\000\000\000\000\000\000\000""; nodePubKey: ""\002\364d\217\366\217|\316F\232\231\241\n\261\333`\312O\367\235\025DD\336e\367\n\312\326\221\037\025\230""; closeTime: 803842888; signature: ""0D\002 B\257\006\354\372M|e\224\013> ^\225 \272+:\271X\305\225H\255\260O\272\206\323\265X(\002 x\352\014!6\252\327\217a\177g\213\321\\033\273\271'}\311ey\333\365uM\266\346\261\341\304@""; previousledger: ""\037\006\345\236\265\343\337g\271\317\315\374\3357gX\036\024'\357<$\322\323$\375\346&^\361\0009""; ","proposeSeq: 0; currentTxHash: ""\000\000\000\000\000\000\000\000\000\000\000\000\000\000\000\000\000\000\000\000\000\000\000\000\000\000\000\000\000\000\000\000""; nodePubKey: ""\002\364d\217\366\217|\316F\232\231\241\n\261\333`\312O\367\235\025DD\336e\367\n\312\326\221\037\025\230""; closeTime: 803842888; signature: ""0D\002 B\257\006\354\372M|e\224\013> ^\225 \272+:\271X\305\225H\255\260O\272\206\323\265X(\002 x\352\014!6\252\327\217a\177g\213\321\\033\273\271'}\311ey\333\365uM\266\346\261\341\304@""; previousledger: ""\037\006\345\236\265\343\337g\271\317\315\374\3357gX\036\024'\357<$\322\323$\375\346&^\361\0009""; "
1750527688514,1750527688515,0,1,3,1,TMProposeSet,"proposeSeq: 0; currentTxHash: ""\000\000\000\000\000\000\000\000\000\000\000\000\000\000\000\000\000\000\000\000\000\000\000\000\000\000\000\000\000\000\000\000""; nodePubKey: ""\002\364d\217\366\217|\316F\232\231\241\n\261\333`\312O\367\235\025DD\336e\367\n\312\326\221\037\025\230""; closeTime: 803842888; signature: ""0D\002 B\257\006\354\372M|e\224\013> ^\225 \272+:\271X\305\225H\255\260O\272\206\323\265X(\002 x\352\014!6\252\327\217a\177g\213\321\\033\273\271'}\311ey\333\365uM\266\346\261\341\304@""; previousledger: ""\037\006\345\236\265\343\337g\271\317\315\374\3357gX\036\024'\357<$\322\323$\375\346&^\361\0009""; ","proposeSeq: 0; currentTxHash: ""\000\000\000\000\000\000\000\000\000\000\000\000\000\000\000\000\000\000\000\000\000\000\000\000\000\000\000\000\000\000\000\000""; nodePubKey: ""\002\364d\217\366\217|\316F\232\231\241\n\261\333`\312O\367\235\025DD\336e\367\n\312\326\221\037\025\230""; closeTime: 803842888; signature: ""0D\002 B\257\006\354\372M|e\224\013> ^\225 \272+:\271X\305\225H\255\260O\272\206\323\265X(\002 x\352\014!6\252\327\217a\177g\213\321\\033\273\271'}\311ey\333\365uM\266\346\261\341\304@""; previousledger: ""\037\006\345\236\265\343\337g\271\317\315\374\3357gX\036\024'\357<$\322\323$\375\346&^\361\0009""; "
1750527688515,1750527688516,0,1,3,4,TMProposeSet,"proposeSeq: 0; currentTxHash: ""\000\000\000\000\000\000\000\000\000\000\000\000\000\000\000\000\000\000\000\000\000\000\000\000\000\000\000\000\000\000\000\000""; nodePubKey: ""\002\364d\217\366\217|\316F\232\231\241\n\261\333`\312O\367\235\025DD\336e\367\n\312\326\221\037\025\230""; closeTime: 803842888; signature: ""0D\002 B\257\006\354\372M|e\224\013> ^\225 \272+:\271X\305\225H\255\260O\272\206\323\265X(\002 x\352\014!6\252\327\217a\177g\213\321\\033\273\271'}\311ey\333\365uM\266\346\261\341\304@""; previousledger: ""\037\006\345\236\265\343\337g\271\317\315\374\3357gX\036\024'\357<$\322\323$\375\346&^\361\0009""; ","proposeSeq: 0; currentTxHash: ""\000\000\000\000\000\000\000\000\000\000\000\000\000\000\000\000\000\000\000\000\000\000\000\000\000\000\000\000\000\000\000\000""; nodePubKey: ""\002\364d\217\366\217|\316F\232\231\241\n\261\333`\312O\367\235\025DD\336e\367\n\312\326\221\037\025\230""; closeTime: 803842888; signature: ""0D\002 B\257\006\354\372M|e\224\013> ^\225 \272+:\271X\305\225H\255\260O\272\206\323\265X(\002 x\352\014!6\252\327\217a\177g\213\321\\033\273\271'}\311ey\333\365uM\266\346\261\341\304@""; previousledger: ""\037\006\345\236\265\343\337g\271\317\315\374\3357gX\036\024'\357<$\322\323$\375\346&^\361\0009""; "
1750527688518,1750527688518,0,1,4,0,TMProposeSet,"proposeSeq: 0; currentTxHash: ""\000\000\000\000\000\000\000\000\000\000\000\000\000\000\000\000\000\000\000\000\000\000\000\000\000\000\000\000\000\000\000\000""; nodePubKey: ""\002\364d\217\366\217|\316F\232\231\241\n\261\333`\312O\367\235\025DD\336e\367\n\312\326\221\037\025\230""; closeTime: 803842888; signature: ""0D\002 B\257\006\354\372M|e\224\013> ^\225 \272+:\271X\305\225H\255\260O\272\206\323\265X(\002 x\352\014!6\252\327\217a\177g\213\321\\033\273\271'}\311ey\333\365uM\266\346\261\341\304@""; previousledger: ""\037\006\345\236\265\343\337g\271\317\315\374\3357gX\036\024'\357<$\322\323$\375\346&^\361\0009""; ","proposeSeq: 0; currentTxHash: ""\000\000\000\000\000\000\000\000\000\000\000\000\000\000\000\000\000\000\000\000\000\000\000\000\000\000\000\000\000\000\000\000""; nodePubKey: ""\002\364d\217\366\217|\316F\232\231\241\n\261\333`\312O\367\235\025DD\336e\367\n\312\326\221\037\025\230""; closeTime: 803842888; signature: ""0D\002 B\257\006\354\372M|e\224\013> ^\225 \272+:\271X\305\225H\255\260O\272\206\323\265X(\002 x\352\014!6\252\327\217a\177g\213\321\\033\273\271'}\311ey\333\365uM\266\346\261\341\304@""; previousledger: ""\037\006\345\236\265\343\337g\271\317\315\374\3357gX\036\024'\357<$\322\323$\375\346&^\361\0009""; "
1750527688518,1750527688518,0,1,4,1,TMProposeSet,"proposeSeq: 0; currentTxHash: ""\000\000\000\000\000\000\000\000\000\000\000\000\000\000\000\000\000\000\000\000\000\000\000\000\000\000\000\000\000\000\000\000""; nodePubKey: ""\002\364d\217\366\217|\316F\232\231\241\n\261\333`\312O\367\235\025DD\336e\367\n\312\326\221\037\025\230""; closeTime: 803842888; signature: ""0D\002 B\257\006\354\372M|e\224\013> ^\225 \272+:\271X\305\225H\255\260O\272\206\323\265X(\002 x\352\014!6\252\327\217a\177g\213\321\\033\273\271'}\311ey\333\365uM\266\346\261\341\304@""; previousledger: ""\037\006\345\236\265\343\337g\271\317\315\374\3357gX\036\024'\357<$\322\323$\375\346&^\361\0009""; ","proposeSeq: 0; currentTxHash: ""\000\000\000\000\000\000\000\000\000\000\000\000\000\000\000\000\000\000\000\000\000\000\000\000\000\000\000\000\000\000\000\000""; nodePubKey: ""\002\364d\217\366\217|\316F\232\231\241\n\261\333`\312O\367\235\025DD\336e\367\n\312\326\221\037\025\230""; closeTime: 803842888; signature: ""0D\002 B\257\006\354\372M|e\224\013> ^\225 \272+:\271X\305\225H\255\260O\272\206\323\265X(\002 x\352\014!6\252\327\217a\177g\213\321\\033\273\271'}\311ey\333\365uM\266\346\261\341\304@""; previousledger: ""\037\006\345\236\265\343\337g\271\317\315\374\3357gX\036\024'\357<$\322\323$\375\346&^\361\0009""; "
1750527688518,1750527688518,0,1,4,2,TMProposeSet,"proposeSeq: 0; currentTxHash: ""\000\000\000\000\000\000\000\000\000\000\000\000\000\000\000\000\000\000\000\000\000\000\000\000\000\000\000\000\000\000\000\000""; nodePubKey: ""\002\364d\217\366\217|\316F\232\231\241\n\261\333`\312O\367\235\025DD\336e\367\n\312\326\221\037\025\230""; closeTime: 803842888; signature: ""0D\002 B\257\006\354\372M|e\224\013> ^\225 \272+:\271X\305\225H\255\260O\272\206\323\265X(\002 x\352\014!6\252\327\217a\177g\213\321\\033\273\271'}\311ey\333\365uM\266\346\261\341\304@""; previousledger: ""\037\006\345\236\265\343\337g\271\317\315\374\3357gX\036\024'\357<$\322\323$\375\346&^\361\0009""; ","proposeSeq: 0; currentTxHash: ""\000\000\000\000\000\000\000\000\000\000\000\000\000\000\000\000\000\000\000\000\000\000\000\000\000\000\000\000\000\000\000\000""; nodePubKey: ""\002\364d\217\366\217|\316F\232\231\241\n\261\333`\312O\367\235\025DD\336e\367\n\312\326\221\037\025\230""; closeTime: 803842888; signature: ""0D\002 B\257\006\354\372M|e\224\013> ^\225 \272+:\271X\305\225H\255\260O\272\206\323\265X(\002 x\352\014!6\252\327\217a\177g\213\321\\033\273\271'}\311ey\333\365uM\266\346\261\341\304@""; previousledger: ""\037\006\345\236\265\343\337g\271\317\315\374\3357gX\036\024'\357<$\322\323$\375\346&^\361\0009""; "
1750527688472,1750527688533,0,1,3,4,TMStatusChange,"newEvent: neCLOSING_LEDGER; ledgerSeq: 49; ledgerHash: ""\037\006\345\236\265\343\337g\271\317\315\374\3357gX\036\024'\357<$\322\323$\375\346&^\361\0009""; ledgerHashPrevious: ""\247]\357\236\n\207}P\2654\026`\256u\276\r&\026K\315a\3337\216.\240\362\263\327]\372\325""; networkTime: 803842888; firstSeq: 1; lastSeq: 49; ","newEvent: neCLOSING_LEDGER; ledgerSeq: 49; ledgerHash: ""\037\006\345\236\265\343\337g\271\317\315\374\3357gX\036\024'\357<$\322\323$\375\346&^\361\0009""; ledgerHashPrevious: ""\247]\357\236\n\207}P\2654\026`\256u\276\r&\026K\315a\3337\216.\240\362\263\327]\372\325""; networkTime: 803842888; firstSeq: 1; lastSeq: 49; "
1750527688473,1750527688535,0,1,3,0,TMStatusChange,"newEvent: neCLOSING_LEDGER; ledgerSeq: 49; ledgerHash: ""\037\006\345\236\265\343\337g\271\317\315\374\3357gX\036\024'\357<$\322\323$\375\346&^\361\0009""; ledgerHashPrevious: ""\247]\357\236\n\207}P\2654\026`\256u\276\r&\026K\315a\3337\216.\240\362\263\327]\372\325""; networkTime: 803842888; firstSeq: 1; lastSeq: 49; ","newEvent: neCLOSING_LEDGER; ledgerSeq: 49; ledgerHash: ""\037\006\345\236\265\343\337g\271\317\315\374\3357gX\036\024'\357<$\322\323$\375\346&^\361\0009""; ledgerHashPrevious: ""\247]\357\236\n\207}P\2654\026`\256u\276\r&\026K\315a\3337\216.\240\362\263\327]\372\325""; networkTime: 803842888; firstSeq: 1; lastSeq: 49; "
1750527688473,1750527688534,0,1,3,2,TMStatusChange,"newEvent: neCLOSING_LEDGER; ledgerSeq: 49; ledgerHash: ""\037\006\345\236\265\343\337g\271\317\315\374\3357gX\036\024'\357<$\322\323$\375\346&^\361\0009""; ledgerHashPrevious: ""\247]\357\236\n\207}P\2654\026`\256u\276\r&\026K\315a\3337\216.\240\362\263\327]\372\325""; networkTime: 803842888; firstSeq: 1; lastSeq: 49; ","newEvent: neCLOSING_LEDGER; ledgerSeq: 49; ledgerHash: ""\037\006\345\236\265\343\337g\271\317\315\374\3357gX\036\024'\357<$\322\323$\375\346&^\361\0009""; ledgerHashPrevious: ""\247]\357\236\n\207}P\2654\026`\256u\276\r&\026K\315a\3337\216.\240\362\263\327]\372\325""; networkTime: 803842888; firstSeq: 1; lastSeq: 49; "
1750527688474,1750527688535,0,1,3,1,TMStatusChange,"newEvent: neCLOSING_LEDGER; ledgerSeq: 49; ledgerHash: ""\037\006\345\236\265\343\337g\271\317\315\374\3357gX\036\024'\357<$\322\323$\375\346&^\361\0009""; ledgerHashPrevious: ""\247]\357\236\n\207}P\2654\026`\256u\276\r&\026K\315a\3337\216.\240\362\263\327]\372\325""; networkTime: 803842888; firstSeq: 1; lastSeq: 49; ","newEvent: neCLOSING_LEDGER; ledgerSeq: 49; ledgerHash: ""\037\006\345\236\265\343\337g\271\317\315\374\3357gX\036\024'\357<$\322\323$\375\346&^\361\0009""; ledgerHashPrevious: ""\247]\357\236\n\207}P\2654\026`\256u\276\r&\026K\315a\3337\216.\240\362\263\327]\372\325""; networkTime: 803842888; firstSeq: 1; lastSeq: 49; "
1750527688633,1750527688633,0,1,4,2,TMProposeSet,"proposeSeq: 0; currentTxHash: ""\000\000\000\000\000\000\000\000\000\000\000\000\000\000\000\000\000\000\000\000\000\000\000\000\000\000\000\000\000\000\000\000""; nodePubKey: ""\003R7o\362bV\300hf\266\241;}\200^\374\240\203[:\342Q\225\221\027y\372\255\235\216\323~""; closeTime: 803842888; signature: ""0D\002 Y\207>\230qa\026\207*\210\355\036\006\300\340\322At\332b(\244\333\235\335\333\226H\245;yX\002 e\274-\325\340\013_Wa-0\272>\337\302\362\221Uhv\370\331JH\222\330\\356\010z\345x""; previousledger: ""\037\006\345\236\265\343\337g\271\317\315\374\3357gX\036\024'\357<$\322\323$\375\346&^\361\0009""; ","proposeSeq: 0; currentTxHash: ""\000\000\000\000\000\000\000\000\000\000\000\000\000\000\000\000\000\000\000\000\000\000\000\000\000\000\000\000\000\000\000\000""; nodePubKey: ""\003R7o\362bV\300hf\266\241;}\200^\374\240\203[:\342Q\225\221\027y\372\255\235\216\323~""; closeTime: 803842888; signature: ""0D\002 Y\207>\230qa\026\207*\210\355\036\006\300\340\322At\332b(\244\333\235\335\333\226H\245;yX\002 e\274-\325\340\013_Wa-0\272>\337\302\362\221Uhv\370\331JH\222\330\\356\010z\345x""; previousledger: ""\037\006\345\236\265\343\337g\271\317\315\374\3357gX\036\024'\357<$\322\323$\375\346&^\361\0009""; "
1750527688634,1750527688634,0,1,4,3,TMProposeSet,"proposeSeq: 0; currentTxHash: ""\000\000\000\000\000\000\000\000\000\000\000\000\000\000\000\000\000\000\000\000\000\000\000\000\000\000\000\000\000\000\000\000""; nodePubKey: ""\003R7o\362bV\300hf\266\241;}\200^\374\240\203[:\342Q\225\221\027y\372\255\235\216\323~""; closeTime: 803842888; signature: ""0D\002 Y\207>\230qa\026\207*\210\355\036\006\300\340\322At\332b(\244\333\235\335\333\226H\245;yX\002 e\274-\325\340\013_Wa-0\272>\337\302\362\221Uhv\370\331JH\222\330\\356\010z\345x""; previousledger: ""\037\006\345\236\265\343\337g\271\317\315\374\3357gX\036\024'\357<$\322\323$\375\346&^\361\0009""; ","proposeSeq: 0; currentTxHash: ""\000\000\000\000\000\000\000\000\000\000\000\000\000\000\000\000\000\000\000\000\000\000\000\000\000\000\000\000\000\000\000\000""; nodePubKey: ""\003R7o\362bV\300hf\266\241;}\200^\374\240\203[:\342Q\225\221\027y\372\255\235\216\323~""; closeTime: 803842888; signature: ""0D\002 Y\207>\230qa\026\207*\210\355\036\006\300\340\322At\332b(\244\333\235\335\333\226H\245;yX\002 e\274-\325\340\013_Wa-0\272>\337\302\362\221Uhv\370\331JH\222\330\\356\010z\345x""; previousledger: ""\037\006\345\236\265\343\337g\271\317\315\374\3357gX\036\024'\357<$\322\323$\375\346&^\361\0009""; "
1750527688635,1750527688635,0,1,4,1,TMProposeSet,"proposeSeq: 0; currentTxHash: ""\000\000\000\000\000\000\000\000\000\000\000\000\000\000\000\000\000\000\000\000\000\000\000\000\000\000\000\000\000\000\000\000""; nodePubKey: ""\003R7o\362bV\300hf\266\241;}\200^\374\240\203[:\342Q\225\221\027y\372\255\235\216\323~""; closeTime: 803842888; signature: ""0D\002 Y\207>\230qa\026\207*\210\355\036\006\300\340\322At\332b(\244\333\235\335\333\226H\245;yX\002 e\274-\325\340\013_Wa-0\272>\337\302\362\221Uhv\370\331JH\222\330\\356\010z\345x""; previousledger: ""\037\006\345\236\265\343\337g\271\317\315\374\3357gX\036\024'\357<$\322\323$\375\346&^\361\0009""; ","proposeSeq: 0; currentTxHash: ""\000\000\000\000\000\000\000\000\000\000\000\000\000\000\000\000\000\000\000\000\000\000\000\000\000\000\000\000\000\000\000\000""; nodePubKey: ""\003R7o\362bV\300hf\266\241;}\200^\374\240\203[:\342Q\225\221\027y\372\255\235\216\323~""; closeTime: 803842888; signature: ""0D\002 Y\207>\230qa\026\207*\210\355\036\006\300\340\322At\332b(\244\333\235\335\333\226H\245;yX\002 e\274-\325\340\013_Wa-0\272>\337\302\362\221Uhv\370\331JH\222\330\\356\010z\345x""; previousledger: ""\037\006\345\236\265\343\337g\271\317\315\374\3357gX\036\024'\357<$\322\323$\375\346&^\361\0009""; "
1750527688636,1750527688636,0,1,4,0,TMProposeSet,"proposeSeq: 0; currentTxHash: ""\000\000\000\000\000\000\000\000\000\000\000\000\000\000\000\000\000\000\000\000\000\000\000\000\000\000\000\000\000\000\000\000""; nodePubKey: ""\003R7o\362bV\300hf\266\241;}\200^\374\240\203[:\342Q\225\221\027y\372\255\235\216\323~""; closeTime: 803842888; signature: ""0D\002 Y\207>\230qa\026\207*\210\355\036\006\300\340\322At\332b(\244\333\235\335\333\226H\245;yX\002 e\274-\325\340\013_Wa-0\272>\337\302\362\221Uhv\370\331JH\222\330\\356\010z\345x""; previousledger: ""\037\006\345\236\265\343\337g\271\317\315\374\3357gX\036\024'\357<$\322\323$\375\346&^\361\0009""; ","proposeSeq: 0; currentTxHash: ""\000\000\000\000\000\000\000\000\000\000\000\000\000\000\000\000\000\000\000\000\000\000\000\000\000\000\000\000\000\000\000\000""; nodePubKey: ""\003R7o\362bV\300hf\266\241;}\200^\374\240\203[:\342Q\225\221\027y\372\255\235\216\323~""; closeTime: 803842888; signature: ""0D\002 Y\207>\230qa\026\207*\210\355\036\006\300\340\322At\332b(\244\333\235\335\333\226H\245;yX\002 e\274-\325\340\013_Wa-0\272>\337\302\362\221Uhv\370\331JH\222\330\\356\010z\345x""; previousledger: ""\037\006\345\236\265\343\337g\271\317\315\374\3357gX\036\024'\357<$\322\323$\375\346&^\361\0009""; "
1750527688638,1750527688638,0,1,3,2,TMProposeSet,"proposeSeq: 0; currentTxHash: ""\000\000\000\000\000\000\000\000\000\000\000\000\000\000\000\000\000\000\000\000\000\000\000\000\000\000\000\000\000\000\000\000""; nodePubKey: ""\003R7o\362bV\300hf\266\241;}\200^\374\240\203[:\342Q\225\221\027y\372\255\235\216\323~""; closeTime: 803842888; signature: ""0D\002 Y\207>\230qa\026\207*\210\355\036\006\300\340\322At\332b(\244\333\235\335\333\226H\245;yX\002 e\274-\325\340\013_Wa-0\272>\337\302\362\221Uhv\370\331JH\222\330\\356\010z\345x""; previousledger: ""\037\006\345\236\265\343\337g\271\317\315\374\3357gX\036\024'\357<$\322\323$\375\346&^\361\0009""; ","proposeSeq: 0; currentTxHash: ""\000\000\000\000\000\000\000\000\000\000\000\000\000\000\000\000\000\000\000\000\000\000\000\000\000\000\000\000\000\000\000\000""; nodePubKey: ""\003R7o\362bV\300hf\266\241;}\200^\374\240\203[:\342Q\225\221\027y\372\255\235\216\323~""; closeTime: 803842888; signature: ""0D\002 Y\207>\230qa\026\207*\210\355\036\006\300\340\322At\332b(\244\333\235\335\333\226H\245;yX\002 e\274-\325\340\013_Wa-0\272>\337\302\362\221Uhv\370\331JH\222\330\\356\010z\345x""; previousledger: ""\037\006\345\236\265\343\337g\271\317\315\374\3357gX\036\024'\357<$\322\323$\375\346&^\361\0009""; "
1750527688638,1750527688638,0,1,3,0,TMProposeSet,"proposeSeq: 0; currentTxHash: ""\000\000\000\000\000\000\000\000\000\000\000\000\000\000\000\000\000\000\000\000\000\000\000\000\000\000\000\000\000\000\000\000""; nodePubKey: ""\003R7o\362bV\300hf\266\241;}\200^\374\240\203[:\342Q\225\221\027y\372\255\235\216\323~""; closeTime: 803842888; signature: ""0D\002 Y\207>\230qa\026\207*\210\355\036\006\300\340\322At\332b(\244\333\235\335\333\226H\245;yX\002 e\274-\325\340\013_Wa-0\272>\337\302\362\221Uhv\370\331JH\222\330\\356\010z\345x""; previousledger: ""\037\006\345\236\265\343\337g\271\317\315\374\3357gX\036\024'\357<$\322\323$\375\346&^\361\0009""; ","proposeSeq: 0; currentTxHash: ""\000\000\000\000\000\000\000\000\000\000\000\000\000\000\000\000\000\000\000\000\000\000\000\000\000\000\000\000\000\000\000\000""; nodePubKey: ""\003R7o\362bV\300hf\266\241;}\200^\374\240\203[:\342Q\225\221\027y\372\255\235\216\323~""; closeTime: 803842888; signature: ""0D\002 Y\207>\230qa\026\207*\210\355\036\006\300\340\322At\332b(\244\333\235\335\333\226H\245;yX\002 e\274-\325\340\013_Wa-0\272>\337\302\362\221Uhv\370\331JH\222\330\\356\010z\345x""; previousledger: ""\037\006\345\236\265\343\337g\271\317\315\374\3357gX\036\024'\357<$\322\323$\375\346&^\361\0009""; "
1750527688639,1750527688639,0,1,3,1,TMProposeSet,"proposeSeq: 0; currentTxHash: ""\000\000\000\000\000\000\000\000\000\000\000\000\000\000\000\000\000\000\000\000\000\000\000\000\000\000\000\000\000\000\000\000""; nodePubKey: ""\003R7o\362bV\300hf\266\241;}\200^\374\240\203[:\342Q\225\221\027y\372\255\235\216\323~""; closeTime: 803842888; signature: ""0D\002 Y\207>\230qa\026\207*\210\355\036\006\300\340\322At\332b(\244\333\235\335\333\226H\245;yX\002 e\274-\325\340\013_Wa-0\272>\337\302\362\221Uhv\370\331JH\222\330\\356\010z\345x""; previousledger: ""\037\006\345\236\265\343\337g\271\317\315\374\3357gX\036\024'\357<$\322\323$\375\346&^\361\0009""; ","proposeSeq: 0; currentTxHash: ""\000\000\000\000\000\000\000\000\000\000\000\000\000\000\000\000\000\000\000\000\000\000\000\000\000\000\000\000\000\000\000\000""; nodePubKey: ""\003R7o\362bV\300hf\266\241;}\200^\374\240\203[:\342Q\225\221\027y\372\255\235\216\323~""; closeTime: 803842888; signature: ""0D\002 Y\207>\230qa\026\207*\210\355\036\006\300\340\322At\332b(\244\333\235\335\333\226H\245;yX\002 e\274-\325\340\013_Wa-0\272>\337\302\362\221Uhv\370\331JH\222\330\\356\010z\345x""; previousledger: ""\037\006\345\236\265\343\337g\271\317\315\374\3357gX\036\024'\357<$\322\323$\375\346&^\361\0009""; "
1750527688634,1750527688695,0,1,4,3,TMStatusChange,"newEvent: neCLOSING_LEDGER; ledgerSeq: 49; ledgerHash: ""\037\006\345\236\265\343\337g\271\317\315\374\3357gX\036\024'\357<$\322\323$\375\346&^\361\0009""; ledgerHashPrevious: ""\247]\357\236\n\207}P\2654\026`\256u\276\r&\026K\315a\3337\216.\240\362\263\327]\372\325""; networkTime: 803842888; firstSeq: 1; lastSeq: 49; ","newEvent: neCLOSING_LEDGER; ledgerSeq: 49; ledgerHash: ""\037\006\345\236\265\343\337g\271\317\315\374\3357gX\036\024'\357<$\322\323$\375\346&^\361\0009""; ledgerHashPrevious: ""\247]\357\236\n\207}P\2654\026`\256u\276\r&\026K\315a\3337\216.\240\362\263\327]\372\325""; networkTime: 803842888; firstSeq: 1; lastSeq: 49; "
1750527688635,1750527688696,0,1,4,1,TMStatusChange,"newEvent: neCLOSING_LEDGER; ledgerSeq: 49; ledgerHash: ""\037\006\345\236\265\343\337g\271\317\315\374\3357gX\036\024'\357<$\322\323$\375\346&^\361\0009""; ledgerHashPrevious: ""\247]\357\236\n\207}P\2654\026`\256u\276\r&\026K\315a\3337\216.\240\362\263\327]\372\325""; networkTime: 803842888; firstSeq: 1; lastSeq: 49; ","newEvent: neCLOSING_LEDGER; ledgerSeq: 49; ledgerHash: ""\037\006\345\236\265\343\337g\271\317\315\374\3357gX\036\024'\357<$\322\323$\375\346&^\361\0009""; ledgerHashPrevious: ""\247]\357\236\n\207}P\2654\026`\256u\276\r&\026K\315a\3337\216.\240\362\263\327]\372\325""; networkTime: 803842888; firstSeq: 1; lastSeq: 49; "
1750527688635,1750527688697,0,1,4,2,TMStatusChange,"newEvent: neCLOSING_LEDGER; ledgerSeq: 49; ledgerHash: ""\037\006\345\236\265\343\337g\271\317\315\374\3357gX\036\024'\357<$\322\323$\375\346&^\361\0009""; ledgerHashPrevious: ""\247]\357\236\n\207}P\2654\026`\256u\276\r&\026K\315a\3337\216.\240\362\263\327]\372\325""; networkTime: 803842888; firstSeq: 1; lastSeq: 49; ","newEvent: neCLOSING_LEDGER; ledgerSeq: 49; ledgerHash: ""\037\006\345\236\265\343\337g\271\317\315\374\3357gX\036\024'\357<$\322\323$\375\346&^\361\0009""; ledgerHashPrevious: ""\247]\357\236\n\207}P\2654\026`\256u\276\r&\026K\315a\3337\216.\240\362\263\327]\372\325""; networkTime: 803842888; firstSeq: 1; lastSeq: 49; "
1750527688636,1750527688697,0,1,4,0,TMStatusChange,"newEvent: neCLOSING_LEDGER; ledgerSeq: 49; ledgerHash: ""\037\006\345\236\265\343\337g\271\317\315\374\3357gX\036\024'\357<$\322\323$\375\346&^\361\0009""; ledgerHashPrevious: ""\247]\357\236\n\207}P\2654\026`\256u\276\r&\026K\315a\3337\216.\240\362\263\327]\372\325""; networkTime: 803842888; firstSeq: 1; lastSeq: 49; ","newEvent: neCLOSING_LEDGER; ledgerSeq: 49; ledgerHash: ""\037\006\345\236\265\343\337g\271\317\315\374\3357gX\036\024'\357<$\322\323$\375\346&^\361\0009""; ledgerHashPrevious: ""\247]\357\236\n\207}P\2654\026`\256u\276\r&\026K\315a\3337\216.\240\362\263\327]\372\325""; networkTime: 803842888; firstSeq: 1; lastSeq: 49; "
1750527690474,1750527690474,0,1,3,4,TMValidation,"validation: """"\200\000\000\001&\000\000\0002)/\351\253J:p\210\265\307-\212\200\004Q\022`\210$\005\261rTx\343\226\224vC\2607.\025\213@~\312\227\000 o\232\016\376|a3P\027\000\000\000\000\000\000\000\000\000\000\000\000\000\000\000\000\000\000\000\000\000\000\000\000\000\000\000\000\000\000\000\000P\031\037\006\345\236\265\343\337g\271\317\315\374\3357gX\036\024'\357<$\322\323$\375\346&^\361\0009s!\002\364d\217\366\217|\316F\232\231\241\n\261\333`\312O\367\235\025DD\336e\367\n\312\326\221\037\025\230vG0E\002!\000\352+\3467.\027\332\364\010\023\023m$\371\306\177\370d\024\211\004W\344\215c@\262E""\245\261F\002 \005\036\230W-;:\301Xz\312)\033\004\010\232\265\037Uf\274\274\345J\312\201\245\303\262N\371\360""; ","validation: """"\200\000\000\001&\000\000\0002)/\351\253J:p\210\265\307-\212\200\004Q\022`\210$\005\261rTx\343\226\224vC\2607.\025\213@~\312\227\000 o\232\016\376|a3P\027\000\000\000\000\000\000\000\000\000\000\000\000\000\000\000\000\000\000\000\000\000\000\000\000\000\000\000\000\000\000\000\000P\031\037\006\345\236\265\343\337g\271\317\315\374\3357gX\036\024'\357<$\322\323$\375\346&^\361\0009s!\002\364d\217\366\217|\316F\232\231\241\n\261\333`\312O\367\235\025DD\336e\367\n\312\326\221\037\025\230vG0E\002!\000\352+\3467.\027\332\364\010\023\023m$\371\306\177\370d\024\211\004W\344\215c@\262E""\245\261F\002 \005\036\230W-;:\301Xz\312)\033\004\010\232\265\037Uf\274\274\345J\312\201\245\303\262N\371\360""; "
1750527690475,1750527690475,0,1,3,4,TMStatusChange,"newEvent: neACCEPTED_LEDGER; ledgerSeq: 50; ledgerHash: ""\022`\210$\005\261rTx\343\226\224vC\2607.\025\213@~\312\227\000 o\232\016\376|a3""; ledgerHashPrevious: ""\037\006\345\236\265\343\337g\271\317\315\374\3357gX\036\024'\357<$\322\323$\375\346&^\361\0009""; networkTime: 803842890; firstSeq: 1; lastSeq: 49; ","newEvent: neACCEPTED_LEDGER; ledgerSeq: 50; ledgerHash: ""\022`\210$\005\261rTx\343\226\224vC\2607.\025\213@~\312\227\000 o\232\016\376|a3""; ledgerHashPrevious: ""\037\006\345\236\265\343\337g\271\317\315\374\3357gX\036\024'\357<$\322\323$\375\346&^\361\0009""; networkTime: 803842890; firstSeq: 1; lastSeq: 49; "
1750527690474,1750527690475,0,1,3,2,TMStatusChange,"newEvent: neACCEPTED_LEDGER; ledgerSeq: 50; ledgerHash: ""\022`\210$\005\261rTx\343\226\224vC\2607.\025\213@~\312\227\000 o\232\016\376|a3""; ledgerHashPrevious: ""\037\006\345\236\265\343\337g\271\317\315\374\3357gX\036\024'\357<$\322\323$\375\346&^\361\0009""; networkTime: 803842890; firstSeq: 1; lastSeq: 49; ","newEvent: neACCEPTED_LEDGER; ledgerSeq: 50; ledgerHash: ""\022`\210$\005\261rTx\343\226\224vC\2607.\025\213@~\312\227\000 o\232\016\376|a3""; ledgerHashPrevious: ""\037\006\345\236\265\343\337g\271\317\315\374\3357gX\036\024'\357<$\322\323$\375\346&^\361\0009""; networkTime: 803842890; firstSeq: 1; lastSeq: 49; "
1750527690476,1750527690476,0,1,3,2,TMValidation,"validation: """"\200\000\000\001&\000\000\0002)/\351\253J:p\210\265\307-\212\200\004Q\022`\210$\005\261rTx\343\226\224vC\2607.\025\213@~\312\227\000 o\232\016\376|a3P\027\000\000\000\000\000\000\000\000\000\000\000\000\000\000\000\000\000\000\000\000\000\000\000\000\000\000\000\000\000\000\000\000P\031\037\006\345\236\265\343\337g\271\317\315\374\3357gX\036\024'\357<$\322\323$\375\346&^\361\0009s!\002\364d\217\366\217|\316F\232\231\241\n\261\333`\312O\367\235\025DD\336e\367\n\312\326\221\037\025\230vG0E\002!\000\352+\3467.\027\332\364\010\023\023m$\371\306\177\370d\024\211\004W\344\215c@\262E""\245\261F\002 \005\036\230W-;:\301Xz\312)\033\004\010\232\265\037Uf\274\274\345J\312\201\245\303\262N\371\360""; ","validation: """"\200\000\000\001&\000\000\0002)/\351\253J:p\210\265\307-\212\200\004Q\022`\210$\005\261rTx\343\226\224vC\2607.\025\213@~\312\227\000 o\232\016\376|a3P\027\000\000\000\000\000\000\000\000\000\000\000\000\000\000\000\000\000\000\000\000\000\000\000\000\000\000\000\000\000\000\000\000P\031\037\006\345\236\265\343\337g\271\317\315\374\3357gX\036\024'\357<$\322\323$\375\346&^\361\0009s!\002\364d\217\366\217|\316F\232\231\241\n\261\333`\312O\367\235\025DD\336e\367\n\312\326\221\037\025\230vG0E\002!\000\352+\3467.\027\332\364\010\023\023m$\371\306\177\370d\024\211\004W\344\215c@\262E""\245\261F\002 \005\036\230W-;:\301Xz\312)\033\004\010\232\265\037Uf\274\274\345J\312\201\245\303\262N\371\360""; "
1750527690476,1750527690476,0,1,3,1,TMValidation,"validation: """"\200\000\000\001&\000\000\0002)/\351\253J:p\210\265\307-\212\200\004Q\022`\210$\005\261rTx\343\226\224vC\2607.\025\213@~\312\227\000 o\232\016\376|a3P\027\000\000\000\000\000\000\000\000\000\000\000\000\000\000\000\000\000\000\000\000\000\000\000\000\000\000\000\000\000\000\000\000P\031\037\006\345\236\265\343\337g\271\317\315\374\3357gX\036\024'\357<$\322\323$\375\346&^\361\0009s!\002\364d\217\366\217|\316F\232\231\241\n\261\333`\312O\367\235\025DD\336e\367\n\312\326\221\037\025\230vG0E\002!\000\352+\3467.\027\332\364\010\023\023m$\371\306\177\370d\024\211\004W\344\215c@\262E""\245\261F\002 \005\036\230W-;:\301Xz\312)\033\004\010\232\265\037Uf\274\274\345J\312\201\245\303\262N\371\360""; ","validation: """"\200\000\000\001&\000\000\0002)/\351\253J:p\210\265\307-\212\200\004Q\022`\210$\005\261rTx\343\226\224vC\2607.\025\213@~\312\227\000 o\232\016\376|a3P\027\000\000\000\000\000\000\000\000\000\000\000\000\000\000\000\000\000\000\000\000\000\000\000\000\000\000\000\000\000\000\000\000P\031\037\006\345\236\265\343\337g\271\317\315\374\3357gX\036\024'\357<$\322\323$\375\346&^\361\0009s!\002\364d\217\366\217|\316F\232\231\241\n\261\333`\312O\367\235\025DD\336e\367\n\312\326\221\037\025\230vG0E\002!\000\352+\3467.\027\332\364\010\023\023m$\371\306\177\370d\024\211\004W\344\215c@\262E""\245\261F\002 \005\036\230W-;:\301Xz\312)\033\004\010\232\265\037Uf\274\274\345J\312\201\245\303\262N\371\360""; "
1750527690477,1750527690477,0,1,3,0,TMStatusChange,"newEvent: neACCEPTED_LEDGER; ledgerSeq: 50; ledgerHash: ""\022`\210$\005\261rTx\343\226\224vC\2607.\025\213@~\312\227\000 o\232\016\376|a3""; ledgerHashPrevious: ""\037\006\345\236\265\343\337g\271\317\315\374\3357gX\036\024'\357<$\322\323$\375\346&^\361\0009""; networkTime: 803842890; firstSeq: 1; lastSeq: 49; ","newEvent: neACCEPTED_LEDGER; ledgerSeq: 50; ledgerHash: ""\022`\210$\005\261rTx\343\226\224vC\2607.\025\213@~\312\227\000 o\232\016\376|a3""; ledgerHashPrevious: ""\037\006\345\236\265\343\337g\271\317\315\374\3357gX\036\024'\357<$\322\323$\375\346&^\361\0009""; networkTime: 803842890; firstSeq: 1; lastSeq: 49; "
1750527690478,1750527690478,0,1,3,1,TMStatusChange,"newEvent: neACCEPTED_LEDGER; ledgerSeq: 50; ledgerHash: ""\022`\210$\005\261rTx\343\226\224vC\2607.\025\213@~\312\227\000 o\232\016\376|a3""; ledgerHashPrevious: ""\037\006\345\236\265\343\337g\271\317\315\374\3357gX\036\024'\357<$\322\323$\375\346&^\361\0009""; networkTime: 803842890; firstSeq: 1; lastSeq: 49; ","newEvent: neACCEPTED_LEDGER; ledgerSeq: 50; ledgerHash: ""\022`\210$\005\261rTx\343\226\224vC\2607.\025\213@~\312\227\000 o\232\016\376|a3""; ledgerHashPrevious: ""\037\006\345\236\265\343\337g\271\317\315\374\3357gX\036\024'\357<$\322\323$\375\346&^\361\0009""; networkTime: 803842890; firstSeq: 1; lastSeq: 49; "
1750527690479,1750527690479,0,1,4,2,TMValidation,"validation: """"\200\000\000\001&\000\000\0002)/\351\253J:p\210\265\307-\212\200\004Q\022`\210$\005\261rTx\343\226\224vC\2607.\025\213@~\312\227\000 o\232\016\376|a3P\027\000\000\000\000\000\000\000\000\000\000\000\000\000\000\000\000\000\000\000\000\000\000\000\000\000\000\000\000\000\000\000\000P\031\037\006\345\236\265\343\337g\271\317\315\374\3357gX\036\024'\357<$\322\323$\375\346&^\361\0009s!\002\364d\217\366\217|\316F\232\231\241\n\261\333`\312O\367\235\025DD\336e\367\n\312\326\221\037\025\230vG0E\002!\000\352+\3467.\027\332\364\010\023\023m$\371\306\177\370d\024\211\004W\344\215c@\262E""\245\261F\002 \005\036\230W-;:\301Xz\312)\033\004\010\232\265\037Uf\274\274\345J\312\201\245\303\262N\371\360""; ","validation: """"\200\000\000\001&\000\000\0002)/\351\253J:p\210\265\307-\212\200\004Q\022`\210$\005\261rTx\343\226\224vC\2607.\025\213@~\312\227\000 o\232\016\376|a3P\027\000\000\000\000\000\000\000\000\000\000\000\000\000\000\000\000\000\000\000\000\000\000\000\000\000\000\000\000\000\000\000\000P\031\037\006\345\236\265\343\337g\271\317\315\374\3357gX\036\024'\357<$\322\323$\375\346&^\361\0009s!\002\364d\217\366\217|\316F\232\231\241\n\261\333`\312O\367\235\025DD\336e\367\n\312\326\221\037\025\230vG0E\002!\000\352+\3467.\027\332\364\010\023\023m$\371\306\177\370d\024\211\004W\344\215c@\262E""\245\261F\002 \005\036\230W-;:\301Xz\312)\033\004\010\232\265\037Uf\274\274\345J\312\201\245\303\262N\371\360""; "
1750527690480,1750527690480,0,1,3,0,TMValidation,"validation: """"\200\000\000\001&\000\000\0002)/\351\253J:p\210\265\307-\212\200\004Q\022`\210$\005\261rTx\343\226\224vC\2607.\025\213@~\312\227\000 o\232\016\376|a3P\027\000\000\000\000\000\000\000\000\000\000\000\000\000\000\000\000\000\000\000\000\000\000\000\000\000\000\000\000\000\000\000\000P\031\037\006\345\236\265\343\337g\271\317\315\374\3357gX\036\024'\357<$\322\323$\375\346&^\361\0009s!\002\364d\217\366\217|\316F\232\231\241\n\261\333`\312O\367\235\025DD\336e\367\n\312\326\221\037\025\230vG0E\002!\000\352+\3467.\027\332\364\010\023\023m$\371\306\177\370d\024\211\004W\344\215c@\262E""\245\261F\002 \005\036\230W-;:\301Xz\312)\033\004\010\232\265\037Uf\274\274\345J\312\201\245\303\262N\371\360""; ","validation: """"\200\000\000\001&\000\000\0002)/\351\253J:p\210\265\307-\212\200\004Q\022`\210$\005\261rTx\343\226\224vC\2607.\025\213@~\312\227\000 o\232\016\376|a3P\027\000\000\000\000\000\000\000\000\000\000\000\000\000\000\000\000\000\000\000\000\000\000\000\000\000\000\000\000\000\000\000\000P\031\037\006\345\236\265\343\337g\271\317\315\374\3357gX\036\024'\357<$\322\323$\375\346&^\361\0009s!\002\364d\217\366\217|\316F\232\231\241\n\261\333`\312O\367\235\025DD\336e\367\n\312\326\221\037\025\230vG0E\002!\000\352+\3467.\027\332\364\010\023\023m$\371\306\177\370d\024\211\004W\344\215c@\262E""\245\261F\002 \005\036\230W-;:\301Xz\312)\033\004\010\232\265\037Uf\274\274\345J\312\201\245\303\262N\371\360""; "
1750527690480,1750527690480,0,1,4,0,TMValidation,"validation: """"\200\000\000\001&\000\000\0002)/\351\253J:p\210\265\307-\212\200\004Q\022`\210$\005\261rTx\343\226\224vC\2607.\025\213@~\312\227\000 o\232\016\376|a3P\027\000\000\000\000\000\000\000\000\000\000\000\000\000\000\000\000\000\000\000\000\000\000\000\000\000\000\000\000\000\000\000\000P\031\037\006\345\236\265\343\337g\271\317\315\374\3357gX\036\024'\357<$\322\323$\375\346&^\361\0009s!\002\364d\217\366\217|\316F\232\231\241\n\261\333`\312O\367\235\025DD\336e\367\n\312\326\221\037\025\230vG0E\002!\000\352+\3467.\027\332\364\010\023\023m$\371\306\177\370d\024\211\004W\344\215c@\262E""\245\261F\002 \005\036\230W-;:\301Xz\312)\033\004\010\232\265\037Uf\274\274\345J\312\201\245\303\262N\371\360""; ","validation: """"\200\000\000\001&\000\000\0002)/\351\253J:p\210\265\307-\212\200\004Q\022`\210$\005\261rTx\343\226\224vC\2607.\025\213@~\312\227\000 o\232\016\376|a3P\027\000\000\000\000\000\000\000\000\000\000\000\000\000\000\000\000\000\000\000\000\000\000\000\000\000\000\000\000\000\000\000\000P\031\037\006\345\236\265\343\337g\271\317\315\374\3357gX\036\024'\357<$\322\323$\375\346&^\361\0009s!\002\364d\217\366\217|\316F\232\231\241\n\261\333`\312O\367\235\025DD\336e\367\n\312\326\221\037\025\230vG0E\002!\000\352+\3467.\027\332\364\010\023\023m$\371\306\177\370d\024\211\004W\344\215c@\262E""\245\261F\002 \005\036\230W-;:\301Xz\312)\033\004\010\232\265\037Uf\274\274\345J\312\201\245\303\262N\371\360""; "
1750527690482,1750527690482,0,1,4,3,TMGetLedger,"itype: liBASE; ledgerHash: ""\022`\210$\005\261rTx\343\226\224vC\2607.\025\213@~\312\227\000 o\232\016\376|a3""; ","itype: liBASE; ledgerHash: ""\022`\210$\005\261rTx\343\226\224vC\2607.\025\213@~\312\227\000 o\232\016\376|a3""; "
1750527690482,1750527690482,0,1,4,0,TMGetLedger,"itype: liBASE; ledgerHash: ""\022`\210$\005\261rTx\343\226\224vC\2607.\025\213@~\312\227\000 o\232\016\376|a3""; ","itype: liBASE; ledgerHash: ""\022`\210$\005\261rTx\343\226\224vC\2607.\025\213@~\312\227\000 o\232\016\376|a3""; "
1750527690483,1750527690483,0,1,4,1,TMValidation,"validation: """"\200\000\000\001&\000\000\0002)/\351\253J:p\210\265\307-\212\200\004Q\022`\210$\005\261rTx\343\226\224vC\2607.\025\213@~\312\227\000 o\232\016\376|a3P\027\000\000\000\000\000\000\000\000\000\000\000\000\000\000\000\000\000\000\000\000\000\000\000\000\000\000\000\000\000\000\000\000P\031\037\006\345\236\265\343\337g\271\317\315\374\3357gX\036\024'\357<$\322\323$\375\346&^\361\0009s!\002\364d\217\366\217|\316F\232\231\241\n\261\333`\312O\367\235\025DD\336e\367\n\312\326\221\037\025\230vG0E\002!\000\352+\3467.\027\332\364\010\023\023m$\371\306\177\370d\024\211\004W\344\215c@\262E""\245\261F\002 \005\036\230W-;:\301Xz\312)\033\004\010\232\265\037Uf\274\274\345J\312\201\245\303\262N\371\360""; ","validation: """"\200\000\000\001&\000\000\0002)/\351\253J:p\210\265\307-\212\200\004Q\022`\210$\005\261rTx\343\226\224vC\2607.\025\213@~\312\227\000 o\232\016\376|a3P\027\000\000\000\000\000\000\000\000\000\000\000\000\000\000\000\000\000\000\000\000\000\000\000\000\000\000\000\000\000\000\000\000P\031\037\006\345\236\265\343\337g\271\317\315\374\3357gX\036\024'\357<$\322\323$\375\346&^\361\0009s!\002\364d\217\366\217|\316F\232\231\241\n\261\333`\312O\367\235\025DD\336e\367\n\312\326\221\037\025\230vG0E\002!\000\352+\3467.\027\332\364\010\023\023m$\371\306\177\370d\024\211\004W\344\215c@\262E""\245\261F\002 \005\036\230W-;:\301Xz\312)\033\004\010\232\265\037Uf\274\274\345J\312\201\245\303\262N\371\360""; "
1750527690483,1750527690483,0,1,4,1,TMGetLedger,"itype: liBASE; ledgerHash: ""\022`\210$\005\261rTx\343\226\224vC\2607.\025\213@~\312\227\000 o\232\016\376|a3""; ","itype: liBASE; ledgerHash: ""\022`\210$\005\261rTx\343\226\224vC\2607.\025\213@~\312\227\000 o\232\016\376|a3""; "
1750527690483,1750527690483,0,1,4,2,TMGetLedger,"itype: liBASE; ledgerHash: ""\022`\210$\005\261rTx\343\226\224vC\2607.\025\213@~\312\227\000 o\232\016\376|a3""; ","itype: liBASE; ledgerHash: ""\022`\210$\005\261rTx\343\226\224vC\2607.\025\213@~\312\227\000 o\232\016\376|a3""; "
1750527690484,1750527690484,0,1,4,1,TMGetLedger,"itype: liBASE; ledgerHash: ""\022`\210$\005\261rTx\343\226\224vC\2607.\025\213@~\312\227\000 o\232\016\376|a3""; queryType: qtINDIRECT; ","itype: liBASE; ledgerHash: ""\022`\210$\005\261rTx\343\226\224vC\2607.\025\213@~\312\227\000 o\232\016\376|a3""; queryType: qtINDIRECT; "
1750527690484,1750527690484,0,1,4,0,TMGetLedger,"itype: liBASE; ledgerHash: ""\022`\210$\005\261rTx\343\226\224vC\2607.\025\213@~\312\227\000 o\232\016\376|a3""; queryType: qtINDIRECT; ","itype: liBASE; ledgerHash: ""\022`\210$\005\261rTx\343\226\224vC\2607.\025\213@~\312\227\000 o\232\016\376|a3""; queryType: qtINDIRECT; "
1750527690484,1750527690484,0,1,4,3,TMGetLedger,"itype: liBASE; ledgerHash: ""\022`\210$\005\261rTx\343\226\224vC\2607.\025\213@~\312\227\000 o\232\016\376|a3""; queryType: qtINDIRECT; ","itype: liBASE; ledgerHash: ""\022`\210$\005\261rTx\343\226\224vC\2607.\025\213@~\312\227\000 o\232\016\376|a3""; queryType: qtINDIRECT; "
1750527690485,1750527690485,0,1,4,2,TMGetLedger,"itype: liBASE; ledgerHash: ""\022`\210$\005\261rTx\343\226\224vC\2607.\025\213@~\312\227\000 o\232\016\376|a3""; queryType: qtINDIRECT; ","itype: liBASE; ledgerHash: ""\022`\210$\005\261rTx\343\226\224vC\2607.\025\213@~\312\227\000 o\232\016\376|a3""; queryType: qtINDIRECT; "
1750527690486,1750527690486,0,1,2,1,TMGetLedger,"itype: liBASE; ledgerHash: ""\022`\210$\005\261rTx\343\226\224vC\2607.\025\213@~\312\227\000 o\232\016\376|a3""; ledgerSeq: 50; ","itype: liBASE; ledgerHash: ""\022`\210$\005\261rTx\343\226\224vC\2607.\025\213@~\312\227\000 o\232\016\376|a3""; ledgerSeq: 50; "
1750527690495,1750527690495,0,1,2,3,TMGetLedger,"itype: liBASE; ledgerHash: ""\022`\210$\005\261rTx\343\226\224vC\2607.\025\213@~\312\227\000 o\232\016\376|a3""; ledgerSeq: 50; ","itype: liBASE; ledgerHash: ""\022`\210$\005\261rTx\343\226\224vC\2607.\025\213@~\312\227\000 o\232\016\376|a3""; ledgerSeq: 50; "
1750527690495,1750527690495,0,1,2,4,TMGetLedger,"itype: liBASE; ledgerHash: ""\022`\210$\005\261rTx\343\226\224vC\2607.\025\213@~\312\227\000 o\232\016\376|a3""; ledgerSeq: 50; ","itype: liBASE; ledgerHash: ""\022`\210$\005\261rTx\343\226\224vC\2607.\025\213@~\312\227\000 o\232\016\376|a3""; ledgerSeq: 50; "
1750527690496,1750527690497,0,1,2,0,TMValidation,"validation: """"\200\000\000\001&\000\000\0002)/\351\253J:p\210\265\307-\212\200\004Q\022`\210$\005\261rTx\343\226\224vC\2607.\025\213@~\312\227\000 o\232\016\376|a3P\027\000\000\000\000\000\000\000\000\000\000\000\000\000\000\000\000\000\000\000\000\000\000\000\000\000\000\000\000\000\000\000\000P\031\037\006\345\236\265\343\337g\271\317\315\374\3357gX\036\024'\357<$\322\323$\375\346&^\361\0009s!\002\364d\217\366\217|\316F\232\231\241\n\261\333`\312O\367\235\025DD\336e\367\n\312\326\221\037\025\230vG0E\002!\000\352+\3467.\027\332\364\010\023\023m$\371\306\177\370d\024\211\004W\344\215c@\262E""\245\261F\002 \005\036\230W-;:\301Xz\312)\033\004\010\232\265\037Uf\274\274\345J\312\201\245\303\262N\371\360""; ","validation: """"\200\000\000\001&\000\000\0002)/\351\253J:p\210\265\307-\212\200\004Q\022`\210$\005\261rTx\343\226\224vC\2607.\025\213@~\312\227\000 o\232\016\376|a3P\027\000\000\000\000\000\000\000\000\000\000\000\000\000\000\000\000\000\000\000\000\000\000\000\000\000\000\000\000\000\000\000\000P\031\037\006\345\236\265\343\337g\271\317\315\374\3357gX\036\024'\357<$\322\323$\375\346&^\361\0009s!\002\364d\217\366\217|\316F\232\231\241\n\261\333`\312O\367\235\025DD\336e\367\n\312\326\221\037\025\230vG0E\002!\000\352+\3467.\027\332\364\010\023\023m$\371\306\177\370d\024\211\004W\344\215c@\262E""\245\261F\002 \005\036\230W-;:\301Xz\312)\033\004\010\232\265\037Uf\274\274\345J\312\201\245\303\262N\371\360""; "
1750527690497,1750527690497,0,1,2,0,TMGetLedger,"itype: liBASE; ledgerHash: ""\022`\210$\005\261rTx\343\226\224vC\2607.\025\213@~\312\227\000 o\232\016\376|a3""; ledgerSeq: 50; ","itype: liBASE; ledgerHash: ""\022`\210$\005\261rTx\343\226\224vC\2607.\025\213@~\312\227\000 o\232\016\376|a3""; ledgerSeq: 50; "
1750527690498,1750527690498,0,1,2,0,TMGetLedger,"itype: liBASE; ledgerHash: ""\022`\210$\005\261rTx\343\226\224vC\2607.\025\213@~\312\227\000 o\232\016\376|a3""; ledgerSeq: 50; queryType: qtINDIRECT; ","itype: liBASE; ledgerHash: ""\022`\210$\005\261rTx\343\226\224vC\2607.\025\213@~\312\227\000 o\232\016\376|a3""; ledgerSeq: 50; queryType: qtINDIRECT; "
1750527690498,1750527690499,0,1,1,4,TMGetLedger,"itype: liBASE; ledgerHash: ""\022`\210$\005\261rTx\343\226\224vC\2607.\025\213@~\312\227\000 o\232\016\376|a3""; ledgerSeq: 50; ","itype: liBASE; ledgerHash: ""\022`\210$\005\261rTx\343\226\224vC\2607.\025\213@~\312\227\000 o\232\016\376|a3""; ledgerSeq: 50; "
1750527690499,1750527690499,0,1,1,2,TMGetLedger,"itype: liBASE; ledgerHash: ""\022`\210$\005\261rTx\343\226\224vC\2607.\025\213@~\312\227\000 o\232\016\376|a3""; ledgerSeq: 50; ","itype: liBASE; ledgerHash: ""\022`\210$\005\261rTx\343\226\224vC\2607.\025\213@~\312\227\000 o\232\016\376|a3""; ledgerSeq: 50; "
1750527690499,1750527690499,0,1,1,3,TMGetLedger,"itype: liBASE; ledgerHash: ""\022`\210$\005\261rTx\343\226\224vC\2607.\025\213@~\312\227\000 o\232\016\376|a3""; ledgerSeq: 50; ","itype: liBASE; ledgerHash: ""\022`\210$\005\261rTx\343\226\224vC\2607.\025\213@~\312\227\000 o\232\016\376|a3""; ledgerSeq: 50; "
1750527690500,1750527690500,0,1,1,0,TMGetLedger,"itype: liBASE; ledgerHash: ""\022`\210$\005\261rTx\343\226\224vC\2607.\025\213@~\312\227\000 o\232\016\376|a3""; ledgerSeq: 50; ","itype: liBASE; ledgerHash: ""\022`\210$\005\261rTx\343\226\224vC\2607.\025\213@~\312\227\000 o\232\016\376|a3""; ledgerSeq: 50; "
1750527690501,1750527690501,0,1,1,3,TMGetLedger,"itype: liBASE; ledgerHash: ""\022`\210$\005\261rTx\343\226\224vC\2607.\025\213@~\312\227\000 o\232\016\376|a3""; ledgerSeq: 50; queryType: qtINDIRECT; ","itype: liBASE; ledgerHash: ""\022`\210$\005\261rTx\343\226\224vC\2607.\025\213@~\312\227\000 o\232\016\376|a3""; ledgerSeq: 50; queryType: qtINDIRECT; "
1750527690501,1750527690501,0,1,2,4,TMValidation,"validation: """"\200\000\000\001&\000\000\0002)/\351\253J:p\210\265\307-\212\200\004Q\022`\210$\005\261rTx\343\226\224vC\2607.\025\213@~\312\227\000 o\232\016\376|a3P\027\000\000\000\000\000\000\000\000\000\000\000\000\000\000\000\000\000\000\000\000\000\000\000\000\000\000\000\000\000\000\000\000P\031\037\006\345\236\265\343\337g\271\317\315\374\3357gX\036\024'\357<$\322\323$\375\346&^\361\0009s!\002\364d\217\366\217|\316F\232\231\241\n\261\333`\312O\367\235\025DD\336e\367\n\312\326\221\037\025\230vG0E\002!\000\352+\3467.\027\332\364\010\023\023m$\371\306\177\370d\024\211\004W\344\215c@\262E""\245\261F\002 \005\036\230W-;:\301Xz\312)\033\004\010\232\265\037Uf\274\274\345J\312\201\245\303\262N\371\360""; ","validation: """"\200\000\000\001&\000\000\0002)/\351\253J:p\210\265\307-\212\200\004Q\022`\210$\005\261rTx\343\226\224vC\2607.\025\213@~\312\227\000 o\232\016\376|a3P\027\000\000\000\000\000\000\000\000\000\000\000\000\000\000\000\000\000\000\000\000\000\000\000\000\000\000\000\000\000\000\000\000P\031\037\006\345\236\265\343\337g\271\317\315\374\3357gX\036\024'\357<$\322\323$\375\346&^\361\0009s!\002\364d\217\366\217|\316F\232\231\241\n\261\333`\312O\367\235\025DD\336e\367\n\312\326\221\037\025\230vG0E\002!\000\352+\3467.\027\332\364\010\023\023m$\371\306\177\370d\024\211\004W\344\215c@\262E""\245\261F\002 \005\036\230W-;:\301Xz\312)\033\004\010\232\265\037Uf\274\274\345J\312\201\245\303\262N\371\360""; "
1750527690502,1750527690502,0,1,2,4,TMGetLedger,"itype: liBASE; ledgerHash: ""\022`\210$\005\261rTx\343\226\224vC\2607.\025\213@~\312\227\000 o\232\016\376|a3""; ledgerSeq: 50; queryType: qtINDIRECT; ","itype: liBASE; ledgerHash: ""\022`\210$\005\261rTx\343\226\224vC\2607.\025\213@~\312\227\000 o\232\016\376|a3""; ledgerSeq: 50; queryType: qtINDIRECT; "
1750527690502,1750527690502,0,1,0,3,TMGetLedger,"itype: liBASE; ledgerHash: ""\022`\210$\005\261rTx\343\226\224vC\2607.\025\213@~\312\227\000 o\232\016\376|a3""; ledgerSeq: 50; ","itype: liBASE; ledgerHash: ""\022`\210$\005\261rTx\343\226\224vC\2607.\025\213@~\312\227\000 o\232\016\376|a3""; ledgerSeq: 50; "
1750527690503,1750527690503,0,1,0,4,TMGetLedger,"itype: liBASE; ledgerHash: ""\022`\210$\005\261rTx\343\226\224vC\2607.\025\213@~\312\227\000 o\232\016\376|a3""; ledgerSeq: 50; ","itype: liBASE; ledgerHash: ""\022`\210$\005\261rTx\343\226\224vC\2607.\025\213@~\312\227\000 o\232\016\376|a3""; ledgerSeq: 50; "
1750527690504,1750527690504,0,1,0,2,TMGetLedger,"itype: liBASE; ledgerHash: ""\022`\210$\005\261rTx\343\226\224vC\2607.\025\213@~\312\227\000 o\232\016\376|a3""; ledgerSeq: 50; ","itype: liBASE; ledgerHash: ""\022`\210$\005\261rTx\343\226\224vC\2607.\025\213@~\312\227\000 o\232\016\376|a3""; ledgerSeq: 50; "
1750527690504,1750527690504,0,1,0,1,TMGetLedger,"itype: liBASE; ledgerHash: ""\022`\210$\005\261rTx\343\226\224vC\2607.\025\213@~\312\227\000 o\232\016\376|a3""; ledgerSeq: 50; ","itype: liBASE; ledgerHash: ""\022`\210$\005\261rTx\343\226\224vC\2607.\025\213@~\312\227\000 o\232\016\376|a3""; ledgerSeq: 50; "
1750527690505,1750527690505,0,1,0,2,TMValidation,"validation: """"\200\000\000\001&\000\000\0002)/\351\253J:p\210\265\307-\212\200\004Q\022`\210$\005\261rTx\343\226\224vC\2607.\025\213@~\312\227\000 o\232\016\376|a3P\027\000\000\000\000\000\000\000\000\000\000\000\000\000\000\000\000\000\000\000\000\000\000\000\000\000\000\000\000\000\000\000\000P\031\037\006\345\236\265\343\337g\271\317\315\374\3357gX\036\024'\357<$\322\323$\375\346&^\361\0009s!\002\364d\217\366\217|\316F\232\231\241\n\261\333`\312O\367\235\025DD\336e\367\n\312\326\221\037\025\230vG0E\002!\000\352+\3467.\027\332\364\010\023\023m$\371\306\177\370d\024\211\004W\344\215c@\262E""\245\261F\002 \005\036\230W-;:\301Xz\312)\033\004\010\232\265\037Uf\274\274\345J\312\201\245\303\262N\371\360""; ","validation: """"\200\000\000\001&\000\000\0002)/\351\253J:p\210\265\307-\212\200\004Q\022`\210$\005\261rTx\343\226\224vC\2607.\025\213@~\312\227\000 o\232\016\376|a3P\027\000\000\000\000\000\000\000\000\000\000\000\000\000\000\000\000\000\000\000\000\000\000\000\000\000\000\000\000\000\000\000\000P\031\037\006\345\236\265\343\337g\271\317\315\374\3357gX\036\024'\357<$\322\323$\375\346&^\361\0009s!\002\364d\217\366\217|\316F\232\231\241\n\261\333`\312O\367\235\025DD\336e\367\n\312\326\221\037\025\230vG0E\002!\000\352+\3467.\027\332\364\010\023\023m$\371\306\177\370d\024\211\004W\344\215c@\262E""\245\261F\002 \005\036\230W-;:\301Xz\312)\033\004\010\232\265\037Uf\274\274\345J\312\201\245\303\262N\371\360""; "
1750527690505,1750527690505,0,1,0,1,TMValidation,"validation: """"\200\000\000\001&\000\000\0002)/\351\253J:p\210\265\307-\212\200\004Q\022`\210$\005\261rTx\343\226\224vC\2607.\025\213@~\312\227\000 o\232\016\376|a3P\027\000\000\000\000\000\000\000\000\000\000\000\000\000\000\000\000\000\000\000\000\000\000\000\000\000\000\000\000\000\000\000\000P\031\037\006\345\236\265\343\337g\271\317\315\374\3357gX\036\024'\357<$\322\323$\375\346&^\361\0009s!\002\364d\217\366\217|\316F\232\231\241\n\261\333`\312O\367\235\025DD\336e\367\n\312\326\221\037\025\230vG0E\002!\000\352+\3467.\027\332\364\010\023\023m$\371\306\177\370d\024\211\004W\344\215c@\262E""\245\261F\002 \005\036\230W-;:\301Xz\312)\033\004\010\232\265\037Uf\274\274\345J\312\201\245\303\262N\371\360""; ","validation: """"\200\000\000\001&\000\000\0002)/\351\253J:p\210\265\307-\212\200\004Q\022`\210$\005\261rTx\343\226\224vC\2607.\025\213@~\312\227\000 o\232\016\376|a3P\027\000\000\000\000\000\000\000\000\000\000\000\000\000\000\000\000\000\000\000\000\000\000\000\000\000\000\000\000\000\000\000\000P\031\037\006\345\236\265\343\337g\271\317\315\374\3357gX\036\024'\357<$\322\323$\375\346&^\361\0009s!\002\364d\217\366\217|\316F\232\231\241\n\261\333`\312O\367\235\025DD\336e\367\n\312\326\221\037\025\230vG0E\002!\000\352+\3467.\027\332\364\010\023\023m$\371\306\177\370d\024\211\004W\344\215c@\262E""\245\261F\002 \005\036\230W-;:\301Xz\312)\033\004\010\232\265\037Uf\274\274\345J\312\201\245\303\262N\371\360""; "
1750527690505,1750527690505,0,1,0,1,TMGetLedger,"itype: liBASE; ledgerHash: ""\022`\210$\005\261rTx\343\226\224vC\2607.\025\213@~\312\227\000 o\232\016\376|a3""; ledgerSeq: 50; queryType: qtINDIRECT; ","itype: liBASE; ledgerHash: ""\022`\210$\005\261rTx\343\226\224vC\2607.\025\213@~\312\227\000 o\232\016\376|a3""; ledgerSeq: 50; queryType: qtINDIRECT; "
1750527690506,1750527690506,0,1,0,2,TMGetLedger,"itype: liBASE; ledgerHash: ""\022`\210$\005\261rTx\343\226\224vC\2607.\025\213@~\312\227\000 o\232\016\376|a3""; ledgerSeq: 50; queryType: qtINDIRECT; ","itype: liBASE; ledgerHash: ""\022`\210$\005\261rTx\343\226\224vC\2607.\025\213@~\312\227\000 o\232\016\376|a3""; ledgerSeq: 50; queryType: qtINDIRECT; "
1750527690507,1750527690507,0,1,0,3,TMGetLedger,"itype: liBASE; ledgerHash: ""\022`\210$\005\261rTx\343\226\224vC\2607.\025\213@~\312\227\000 o\232\016\376|a3""; ledgerSeq: 50; queryType: qtINDIRECT; ","itype: liBASE; ledgerHash: ""\022`\210$\005\261rTx\343\226\224vC\2607.\025\213@~\312\227\000 o\232\016\376|a3""; ledgerSeq: 50; queryType: qtINDIRECT; "
1750527690508,1750527690508,0,1,0,4,TMValidation,"validation: """"\200\000\000\001&\000\000\0002)/\351\253J:p\210\265\307-\212\200\004Q\022`\210$\005\261rTx\343\226\224vC\2607.\025\213@~\312\227\000 o\232\016\376|a3P\027\000\000\000\000\000\000\000\000\000\000\000\000\000\000\000\000\000\000\000\000\000\000\000\000\000\000\000\000\000\000\000\000P\031\037\006\345\236\265\343\337g\271\317\315\374\3357gX\036\024'\357<$\322\323$\375\346&^\361\0009s!\002\364d\217\366\217|\316F\232\231\241\n\261\333`\312O\367\235\025DD\336e\367\n\312\326\221\037\025\230vG0E\002!\000\352+\3467.\027\332\364\010\023\023m$\371\306\177\370d\024\211\004W\344\215c@\262E""\245\261F\002 \005\036\230W-;:\301Xz\312)\033\004\010\232\265\037Uf\274\274\345J\312\201\245\303\262N\371\360""; ","validation: """"\200\000\000\001&\000\000\0002)/\351\253J:p\210\265\307-\212\200\004Q\022`\210$\005\261rTx\343\226\224vC\2607.\025\213@~\312\227\000 o\232\016\376|a3P\027\000\000\000\000\000\000\000\000\000\000\000\000\000\000\000\000\000\000\000\000\000\000\000\000\000\000\000\000\000\000\000\000P\031\037\006\345\236\265\343\337g\271\317\315\374\3357gX\036\024'\357<$\322\323$\375\346&^\361\0009s!\002\364d\217\366\217|\316F\232\231\241\n\261\333`\312O\367\235\025DD\336e\367\n\312\326\221\037\025\230vG0E\002!\000\352+\3467.\027\332\364\010\023\023m$\371\306\177\370d\024\211\004W\344\215c@\262E""\245\261F\002 \005\036\230W-;:\301Xz\312)\033\004\010\232\265\037Uf\274\274\345J\312\201\245\303\262N\371\360""; "
1750527690508,1750527690508,0,1,0,4,TMGetLedger,"itype: liBASE; ledgerHash: ""\022`\210$\005\261rTx\343\226\224vC\2607.\025\213@~\312\227\000 o\232\016\376|a3""; ledgerSeq: 50; queryType: qtINDIRECT; ","itype: liBASE; ledgerHash: ""\022`\210$\005\261rTx\343\226\224vC\2607.\025\213@~\312\227\000 o\232\016\376|a3""; ledgerSeq: 50; queryType: qtINDIRECT; "
1750527690509,1750527690509,0,1,3,4,TMLedgerData,"ledgerHash: ""\022`\210$\005\261rTx\343\226\224vC\2607.\025\213@~\312\227\000 o\232\016\376|a3""; ledgerSeq: 50; type: liBASE; nodes {;   nodedata: ""\000\000\0002\001cEx]\211\377\330\037\006\345\236\265\343\337g\271\317\315\374\3357gX\036\024'\357<$\322\323$\375\346&^\361\0009\000\000\000\000\000\000\000\000\000\000\000\000\000\000\000\000\000\000\000\000\000\000\000\000\000\000\000\000\000\000\000\000\006\272\025\350\331gP\001_N\273\243\337`\312\037m\315\341\232(O\312\200Y(\272>J4\350\303/\351\253J/\351\253K\n\000""; }; nodes {;   nodedata: ""\323C\344\327\264{\312-\017:\006{\177\344N\002\326bO\260\220\006\033\362\345\005U\221DzJ0\001\301\025%1L\307\t\261\262z\374\222T\301\274V\236\223\262\270Ct\362\337b\356\024*\324\320\351\317\002k\336\234\027v\351\217\260\303\360\233ZPZWr\246$w\313\313\r\243r\232\2234\373\3539:N\004Q\245\272D\312D\300\300\t\323\0257\345e\271\na\215{\226\255x%T\257\037\333\004\344_/R\006E\344\037@\210\363\010\336T\226\247'\204_{\261\370""1\235\2445\343\033Y!\212\201\341\272\225'\007T\261\tMM0\307z\300\306\335\021\216q\013\371\256E\222\330\341\352MNPE\017advw)\013\003""; }; ","ledgerHash: ""\022`\210$\005\261rTx\343\226\224vC\2607.\025\213@~\312\227\000 o\232\016\376|a3""; ledgerSeq: 50; type: liBASE; nodes {;   nodedata: ""\000\000\0002\001cEx]\211\377\330\037\006\345\236\265\343\337g\271\317\315\374\3357gX\036\024'\357<$\322\323$\375\346&^\361\0009\000\000\000\000\000\000\000\000\000\000\000\000\000\000\000\000\000\000\000\000\000\000\000\000\000\000\000\000\000\000\000\000\006\272\025\350\331gP\001_N\273\243\337`\312\037m\315\341\232(O\312\200Y(\272>J4\350\303/\351\253J/\351\253K\n\000""; }; nodes {;   nodedata: ""\323C\344\327\264{\312-\017:\006{\177\344N\002\326bO\260\220\006\033\362\345\005U\221DzJ0\001\301\025%1L\307\t\261\262z\374\222T\301\274V\236\223\262\270Ct\362\337b\356\024*\324\320\351\317\002k\336\234\027v\351\217\260\303\360\233ZPZWr\246$w\313\313\r\243r\232\2234\373\3539:N\004Q\245\272D\312D\300\300\t\323\0257\345e\271\na\215{\226\255x%T\257\037\333\004\344_/R\006E\344\037@\210\363\010\336T\226\247'\204_{\261\370""1\235\2445\343\033Y!\212\201\341\272\225'\007T\261\tMM0\307z\300\306\335\021\216q\013\371\256E\222\330\341\352MNPE\017advw)\013\003""; }; "
1750527690509,1750527690509,0,1,1,4,TMValidation,"validation: """"\200\000\000\001&\000\000\0002)/\351\253J:p\210\265\307-\212\200\004Q\022`\210$\005\261rTx\343\226\224vC\2607.\025\213@~\312\227\000 o\232\016\376|a3P\027\000\000\000\000\000\000\000\000\000\000\000\000\000\000\000\000\000\000\000\000\000\000\000\000\000\000\000\000\000\000\000\000P\031\037\006\345\236\265\343\337g\271\317\315\374\3357gX\036\024'\357<$\322\323$\375\346&^\361\0009s!\002\364d\217\366\217|\316F\232\231\241\n\261\333`\312O\367\235\025DD\336e\367\n\312\326\221\037\025\230vG0E\002!\000\352+\3467.\027\332\364\010\023\023m$\371\306\177\370d\024\211\004W\344\215c@\262E""\245\261F\002 \005\036\230W-;:\301Xz\312)\033\004\010\232\265\037Uf\274\274\345J\312\201\245\303\262N\371\360""; ","validation: """"\200\000\000\001&\000\000\0002)/\351\253J:p\210\265\307-\212\200\004Q\022`\210$\005\261rTx\343\226\224vC\2607.\025\213@~\312\227\000 o\232\016\376|a3P\027\000\000\000\000\000\000\000\000\000\000\000\000\000\000\000\000\000\000\000\000\000\000\000\000\000\000\000\000\000\000\000\000P\031\037\006\345\236\265\343\337g\271\317\315\374\3357gX\036\024'\357<$\322\323$\375\346&^\361\0009s!\002\364d\217\366\217|\316F\232\231\241\n\261\333`\312O\367\235\025DD\336e\367\n\312\326\221\037\025\230vG0E\002!\000\352+\3467.\027\332\364\010\023\023m$\371\306\177\370d\024\211\004W\344\215c@\262E""\245\261F\002 \005\036\230W-;:\301Xz\312)\033\004\010\232\265\037Uf\274\274\345J\312\201\245\303\262N\371\360""; "
1750527690510,1750527690510,0,1,1,4,TMGetLedger,"itype: liBASE; ledgerHash: ""\022`\210$\005\261rTx\343\226\224vC\2607.\025\213@~\312\227\000 o\232\016\376|a3""; ledgerSeq: 50; queryType: qtINDIRECT; ","itype: liBASE; ledgerHash: ""\022`\210$\005\261rTx\343\226\224vC\2607.\025\213@~\312\227\000 o\232\016\376|a3""; ledgerSeq: 50; queryType: qtINDIRECT; "
1750527690511,1750527690511,0,1,0,3,TMGetLedger,"itype: liBASE; ledgerHash: ""\022`\210$\005\261rTx\343\226\224vC\2607.\025\213@~\312\227\000 o\232\016\376|a3""; requestCookie: 5; queryType: qtINDIRECT; ","itype: liBASE; ledgerHash: ""\022`\210$\005\261rTx\343\226\224vC\2607.\025\213@~\312\227\000 o\232\016\376|a3""; requestCookie: 5; queryType: qtINDIRECT; "
1750527690511,1750527690511,0,1,3,4,TMLedgerData,"ledgerHash: ""\022`\210$\005\261rTx\343\226\224vC\2607.\025\213@~\312\227\000 o\232\016\376|a3""; ledgerSeq: 50; type: liBASE; nodes {;   nodedata: ""\000\000\0002\001cEx]\211\377\330\037\006\345\236\265\343\337g\271\317\315\374\3357gX\036\024'\357<$\322\323$\375\346&^\361\0009\000\000\000\000\000\000\000\000\000\000\000\000\000\000\000\000\000\000\000\000\000\000\000\000\000\000\000\000\000\000\000\000\006\272\025\350\331gP\001_N\273\243\337`\312\037m\315\341\232(O\312\200Y(\272>J4\350\303/\351\253J/\351\253K\n\000""; }; nodes {;   nodedata: ""\323C\344\327\264{\312-\017:\006{\177\344N\002\326bO\260\220\006\033\362\345\005U\221DzJ0\001\301\025%1L\307\t\261\262z\374\222T\301\274V\236\223\262\270Ct\362\337b\356\024*\324\320\351\317\002k\336\234\027v\351\217\260\303\360\233ZPZWr\246$w\313\313\r\243r\232\2234\373\3539:N\004Q\245\272D\312D\300\300\t\323\0257\345e\271\na\215{\226\255x%T\257\037\333\004\344_/R\006E\344\037@\210\363\010\336T\226\247'\204_{\261\370""1\235\2445\343\033Y!\212\201\341\272\225'\007T\261\tMM0\307z\300\306\335\021\216q\013\371\256E\222\330\341\352MNPE\017advw)\013\003""; }; ","ledgerHash: ""\022`\210$\005\261rTx\343\226\224vC\2607.\025\213@~\312\227\000 o\232\016\376|a3""; ledgerSeq: 50; type: liBASE; nodes {;   nodedata: ""\000\000\0002\001cEx]\211\377\330\037\006\345\236\265\343\337g\271\317\315\374\3357gX\036\024'\357<$\322\323$\375\346&^\361\0009\000\000\000\000\000\000\000\000\000\000\000\000\000\000\000\000\000\000\000\000\000\000\000\000\000\000\000\000\000\000\000\000\006\272\025\350\331gP\001_N\273\243\337`\312\037m\315\341\232(O\312\200Y(\272>J4\350\303/\351\253J/\351\253K\n\000""; }; nodes {;   nodedata: ""\323C\344\327\264{\312-\017:\006{\177\344N\002\326bO\260\220\006\033\362\345\005U\221DzJ0\001\301\025%1L\307\t\261\262z\374\222T\301\274V\236\223\262\270Ct\362\337b\356\024*\324\320\351\317\002k\336\234\027v\351\217\260\303\360\233ZPZWr\246$w\313\313\r\243r\232\2234\373\3539:N\004Q\245\272D\312D\300\300\t\323\0257\345e\271\na\215{\226\255x%T\257\037\333\004\344_/R\006E\344\037@\210\363\010\336T\226\247'\204_{\261\370""1\235\2445\343\033Y!\212\201\341\272\225'\007T\261\tMM0\307z\300\306\335\021\216q\013\371\256E\222\330\341\352MNPE\017advw)\013\003""; }; "
1750527690511,1750527690511,0,1,1,2,TMGetLedger,"itype: liBASE; ledgerHash: ""\022`\210$\005\261rTx\343\226\224vC\2607.\025\213@~\312\227\000 o\232\016\376|a3""; ledgerSeq: 50; queryType: qtINDIRECT; ","itype: liBASE; ledgerHash: ""\022`\210$\005\261rTx\343\226\224vC\2607.\025\213@~\312\227\000 o\232\016\376|a3""; ledgerSeq: 50; queryType: qtINDIRECT; "
1750527690512,1750527690512,0,1,1,2,TMValidation,"validation: """"\200\000\000\001&\000\000\0002)/\351\253J:p\210\265\307-\212\200\004Q\022`\210$\005\261rTx\343\226\224vC\2607.\025\213@~\312\227\000 o\232\016\376|a3P\027\000\000\000\000\000\000\000\000\000\000\000\000\000\000\000\000\000\000\000\000\000\000\000\000\000\000\000\000\000\000\000\000P\031\037\006\345\236\265\343\337g\271\317\315\374\3357gX\036\024'\357<$\322\323$\375\346&^\361\0009s!\002\364d\217\366\217|\316F\232\231\241\n\261\333`\312O\367\235\025DD\336e\367\n\312\326\221\037\025\230vG0E\002!\000\352+\3467.\027\332\364\010\023\023m$\371\306\177\370d\024\211\004W\344\215c@\262E""\245\261F\002 \005\036\230W-;:\301Xz\312)\033\004\010\232\265\037Uf\274\274\345J\312\201\245\303\262N\371\360""; ","validation: """"\200\000\000\001&\000\000\0002)/\351\253J:p\210\265\307-\212\200\004Q\022`\210$\005\261rTx\343\226\224vC\2607.\025\213@~\312\227\000 o\232\016\376|a3P\027\000\000\000\000\000\000\000\000\000\000\000\000\000\000\000\000\000\000\000\000\000\000\000\000\000\000\000\000\000\000\000\000P\031\037\006\345\236\265\343\337g\271\317\315\374\3357gX\036\024'\357<$\322\323$\375\346&^\361\0009s!\002\364d\217\366\217|\316F\232\231\241\n\261\333`\312O\367\235\025DD\336e\367\n\312\326\221\037\025\230vG0E\002!\000\352+\3467.\027\332\364\010\023\023m$\371\306\177\370d\024\211\004W\344\215c@\262E""\245\261F\002 \005\036\230W-;:\301Xz\312)\033\004\010\232\265\037Uf\274\274\345J\312\201\245\303\262N\371\360""; "
1750527690513,1750527690513,0,1,3,2,TMLedgerData,"ledgerHash: ""\022`\210$\005\261rTx\343\226\224vC\2607.\025\213@~\312\227\000 o\232\016\376|a3""; ledgerSeq: 50; type: liBASE; nodes {;   nodedata: ""\000\000\0002\001cEx]\211\377\330\037\006\345\236\265\343\337g\271\317\315\374\3357gX\036\024'\357<$\322\323$\375\346&^\361\0009\000\000\000\000\000\000\000\000\000\000\000\000\000\000\000\000\000\000\000\000\000\000\000\000\000\000\000\000\000\000\000\000\006\272\025\350\331gP\001_N\273\243\337`\312\037m\315\341\232(O\312\200Y(\272>J4\350\303/\351\253J/\351\253K\n\000""; }; nodes {;   nodedata: ""\323C\344\327\264{\312-\017:\006{\177\344N\002\326bO\260\220\006\033\362\345\005U\221DzJ0\001\301\025%1L\307\t\261\262z\374\222T\301\274V\236\223\262\270Ct\362\337b\356\024*\324\320\351\317\002k\336\234\027v\351\217\260\303\360\233ZPZWr\246$w\313\313\r\243r\232\2234\373\3539:N\004Q\245\272D\312D\300\300\t\323\0257\345e\271\na\215{\226\255x%T\257\037\333\004\344_/R\006E\344\037@\210\363\010\336T\226\247'\204_{\261\370""1\235\2445\343\033Y!\212\201\341\272\225'\007T\261\tMM0\307z\300\306\335\021\216q\013\371\256E\222\330\341\352MNPE\017advw)\013\003""; }; ","ledgerHash: ""\022`\210$\005\261rTx\343\226\224vC\2607.\025\213@~\312\227\000 o\232\016\376|a3""; ledgerSeq: 50; type: liBASE; nodes {;   nodedata: ""\000\000\0002\001cEx]\211\377\330\037\006\345\236\265\343\337g\271\317\315\374\3357gX\036\024'\357<$\322\323$\375\346&^\361\0009\000\000\000\000\000\000\000\000\000\000\000\000\000\000\000\000\000\000\000\000\000\000\000\000\000\000\000\000\000\000\000\000\006\272\025\350\331gP\001_N\273\243\337`\312\037m\315\341\232(O\312\200Y(\272>J4\350\303/\351\253J/\351\253K\n\000""; }; nodes {;   nodedata: ""\323C\344\327\264{\312-\017:\006{\177\344N\002\326bO\260\220\006\033\362\345\005U\221DzJ0\001\301\025%1L\307\t\261\262z\374\222T\301\274V\236\223\262\270Ct\362\337b\356\024*\324\320\351\317\002k\336\234\027v\351\217\260\303\360\233ZPZWr\246$w\313\313\r\243r\232\2234\373\3539:N\004Q\245\272D\312D\300\300\t\323\0257\345e\271\na\215{\226\255x%T\257\037\333\004\344_/R\006E\344\037@\210\363\010\336T\226\247'\204_{\261\370""1\235\2445\343\033Y!\212\201\341\272\225'\007T\261\tMM0\307z\300\306\335\021\216q\013\371\256E\222\330\341\352MNPE\017advw)\013\003""; }; "
1750527690513,1750527690513,0,1,0,3,TMGetLedger,"itype: liBASE; ledgerHash: ""\022`\210$\005\261rTx\343\226\224vC\2607.\025\213@~\312\227\000 o\232\016\376|a3""; ledgerSeq: 50; requestCookie: 3; queryType: qtINDIRECT; ","itype: liBASE; ledgerHash: ""\022`\210$\005\261rTx\343\226\224vC\2607.\025\213@~\312\227\000 o\232\016\376|a3""; ledgerSeq: 50; requestCookie: 3; queryType: qtINDIRECT; "
1750527690513,1750527690513,0,1,2,1,TMGetLedger,"itype: liBASE; ledgerHash: ""\022`\210$\005\261rTx\343\226\224vC\2607.\025\213@~\312\227\000 o\232\016\376|a3""; ledgerSeq: 50; queryType: qtINDIRECT; ","itype: liBASE; ledgerHash: ""\022`\210$\005\261rTx\343\226\224vC\2607.\025\213@~\312\227\000 o\232\016\376|a3""; ledgerSeq: 50; queryType: qtINDIRECT; "
1750527690514,1750527690514,0,1,2,1,TMValidation,"validation: """"\200\000\000\001&\000\000\0002)/\351\253J:p\210\265\307-\212\200\004Q\022`\210$\005\261rTx\343\226\224vC\2607.\025\213@~\312\227\000 o\232\016\376|a3P\027\000\000\000\000\000\000\000\000\000\000\000\000\000\000\000\000\000\000\000\000\000\000\000\000\000\000\000\000\000\000\000\000P\031\037\006\345\236\265\343\337g\271\317\315\374\3357gX\036\024'\357<$\322\323$\375\346&^\361\0009s!\002\364d\217\366\217|\316F\232\231\241\n\261\333`\312O\367\235\025DD\336e\367\n\312\326\221\037\025\230vG0E\002!\000\352+\3467.\027\332\364\010\023\023m$\371\306\177\370d\024\211\004W\344\215c@\262E""\245\261F\002 \005\036\230W-;:\301Xz\312)\033\004\010\232\265\037Uf\274\274\345J\312\201\245\303\262N\371\360""; ","validation: """"\200\000\000\001&\000\000\0002)/\351\253J:p\210\265\307-\212\200\004Q\022`\210$\005\261rTx\343\226\224vC\2607.\025\213@~\312\227\000 o\232\016\376|a3P\027\000\000\000\000\000\000\000\000\000\000\000\000\000\000\000\000\000\000\000\000\000\000\000\000\000\000\000\000\000\000\000\000P\031\037\006\345\236\265\343\337g\271\317\315\374\3357gX\036\024'\357<$\322\323$\375\346&^\361\0009s!\002\364d\217\366\217|\316F\232\231\241\n\261\333`\312O\367\235\025DD\336e\367\n\312\326\221\037\025\230vG0E\002!\000\352+\3467.\027\332\364\010\023\023m$\371\306\177\370d\024\211\004W\344\215c@\262E""\245\261F\002 \005\036\230W-;:\301Xz\312)\033\004\010\232\265\037Uf\274\274\345J\312\201\245\303\262N\371\360""; "
1750527690515,1750527690515,0,1,3,1,TMLedgerData,"ledgerHash: ""\022`\210$\005\261rTx\343\226\224vC\2607.\025\213@~\312\227\000 o\232\016\376|a3""; ledgerSeq: 50; type: liBASE; nodes {;   nodedata: ""\000\000\0002\001cEx]\211\377\330\037\006\345\236\265\343\337g\271\317\315\374\3357gX\036\024'\357<$\322\323$\375\346&^\361\0009\000\000\000\000\000\000\000\000\000\000\000\000\000\000\000\000\000\000\000\000\000\000\000\000\000\000\000\000\000\000\000\000\006\272\025\350\331gP\001_N\273\243\337`\312\037m\315\341\232(O\312\200Y(\272>J4\350\303/\351\253J/\351\253K\n\000""; }; nodes {;   nodedata: ""\323C\344\327\264{\312-\017:\006{\177\344N\002\326bO\260\220\006\033\362\345\005U\221DzJ0\001\301\025%1L\307\t\261\262z\374\222T\301\274V\236\223\262\270Ct\362\337b\356\024*\324\320\351\317\002k\336\234\027v\351\217\260\303\360\233ZPZWr\246$w\313\313\r\243r\232\2234\373\3539:N\004Q\245\272D\312D\300\300\t\323\0257\345e\271\na\215{\226\255x%T\257\037\333\004\344_/R\006E\344\037@\210\363\010\336T\226\247'\204_{\261\370""1\235\2445\343\033Y!\212\201\341\272\225'\007T\261\tMM0\307z\300\306\335\021\216q\013\371\256E\222\330\341\352MNPE\017advw)\013\003""; }; ","ledgerHash: ""\022`\210$\005\261rTx\343\226\224vC\2607.\025\213@~\312\227\000 o\232\016\376|a3""; ledgerSeq: 50; type: liBASE; nodes {;   nodedata: ""\000\000\0002\001cEx]\211\377\330\037\006\345\236\265\343\337g\271\317\315\374\3357gX\036\024'\357<$\322\323$\375\346&^\361\0009\000\000\000\000\000\000\000\000\000\000\000\000\000\000\000\000\000\000\000\000\000\000\000\000\000\000\000\000\000\000\000\000\006\272\025\350\331gP\001_N\273\243\337`\312\037m\315\341\232(O\312\200Y(\272>J4\350\303/\351\253J/\351\253K\n\000""; }; nodes {;   nodedata: ""\323C\344\327\264{\312-\017:\006{\177\344N\002\326bO\260\220\006\033\362\345\005U\221DzJ0\001\301\025%1L\307\t\261\262z\374\222T\301\274V\236\223\262\270Ct\362\337b\356\024*\324\320\351\317\002k\336\234\027v\351\217\260\303\360\233ZPZWr\246$w\313\313\r\243r\232\2234\373\3539:N\004Q\245\272D\312D\300\300\t\323\0257\345e\271\na\215{\226\255x%T\257\037\333\004\344_/R\006E\344\037@\210\363\010\336T\226\247'\204_{\261\370""1\235\2445\343\033Y!\212\201\341\272\225'\007T\261\tMM0\307z\300\306\335\021\216q\013\371\256E\222\330\341\352MNPE\017advw)\013\003""; }; "
1750527690515,1750527690516,0,1,3,1,TMLedgerData,"ledgerHash: ""\022`\210$\005\261rTx\343\226\224vC\2607.\025\213@~\312\227\000 o\232\016\376|a3""; ledgerSeq: 50; type: liBASE; nodes {;   nodedata: ""\000\000\0002\001cEx]\211\377\330\037\006\345\236\265\343\337g\271\317\315\374\3357gX\036\024'\357<$\322\323$\375\346&^\361\0009\000\000\000\000\000\000\000\000\000\000\000\000\000\000\000\000\000\000\000\000\000\000\000\000\000\000\000\000\000\000\000\000\006\272\025\350\331gP\001_N\273\243\337`\312\037m\315\341\232(O\312\200Y(\272>J4\350\303/\351\253J/\351\253K\n\000""; }; nodes {;   nodedata: ""\323C\344\327\264{\312-\017:\006{\177\344N\002\326bO\260\220\006\033\362\345\005U\221DzJ0\001\301\025%1L\307\t\261\262z\374\222T\301\274V\236\223\262\270Ct\362\337b\356\024*\324\320\351\317\002k\336\234\027v\351\217\260\303\360\233ZPZWr\246$w\313\313\r\243r\232\2234\373\3539:N\004Q\245\272D\312D\300\300\t\323\0257\345e\271\na\215{\226\255x%T\257\037\333\004\344_/R\006E\344\037@\210\363\010\336T\226\247'\204_{\261\370""1\235\2445\343\033Y!\212\201\341\272\225'\007T\261\tMM0\307z\300\306\335\021\216q\013\371\256E\222\330\341\352MNPE\017advw)\013\003""; }; ","ledgerHash: ""\022`\210$\005\261rTx\343\226\224vC\2607.\025\213@~\312\227\000 o\232\016\376|a3""; ledgerSeq: 50; type: liBASE; nodes {;   nodedata: ""\000\000\0002\001cEx]\211\377\330\037\006\345\236\265\343\337g\271\317\315\374\3357gX\036\024'\357<$\322\323$\375\346&^\361\0009\000\000\000\000\000\000\000\000\000\000\000\000\000\000\000\000\000\000\000\000\000\000\000\000\000\000\000\000\000\000\000\000\006\272\025\350\331gP\001_N\273\243\337`\312\037m\315\341\232(O\312\200Y(\272>J4\350\303/\351\253J/\351\253K\n\000""; }; nodes {;   nodedata: ""\323C\344\327\264{\312-\017:\006{\177\344N\002\326bO\260\220\006\033\362\345\005U\221DzJ0\001\301\025%1L\307\t\261\262z\374\222T\301\274V\236\223\262\270Ct\362\337b\356\024*\324\320\351\317\002k\336\234\027v\351\217\260\303\360\233ZPZWr\246$w\313\313\r\243r\232\2234\373\3539:N\004Q\245\272D\312D\300\300\t\323\0257\345e\271\na\215{\226\255x%T\257\037\333\004\344_/R\006E\344\037@\210\363\010\336T\226\247'\204_{\261\370""1\235\2445\343\033Y!\212\201\341\272\225'\007T\261\tMM0\307z\300\306\335\021\216q\013\371\256E\222\330\341\352MNPE\017advw)\013\003""; }; "
1750527690516,1750527690516,0,1,4,3,TMGetLedger,"itype: liBASE; ledgerHash: ""\022`\210$\005\261rTx\343\226\224vC\2607.\025\213@~\312\227\000 o\232\016\376|a3""; ledgerSeq: 50; requestCookie: 3; queryType: qtINDIRECT; ","itype: liBASE; ledgerHash: ""\022`\210$\005\261rTx\343\226\224vC\2607.\025\213@~\312\227\000 o\232\016\376|a3""; ledgerSeq: 50; requestCookie: 3; queryType: qtINDIRECT; "
1750527690516,1750527690517,0,1,3,0,TMLedgerData,"ledgerHash: ""\022`\210$\005\261rTx\343\226\224vC\2607.\025\213@~\312\227\000 o\232\016\376|a3""; ledgerSeq: 50; type: liBASE; nodes {;   nodedata: ""\000\000\0002\001cEx]\211\377\330\037\006\345\236\265\343\337g\271\317\315\374\3357gX\036\024'\357<$\322\323$\375\346&^\361\0009\000\000\000\000\000\000\000\000\000\000\000\000\000\000\000\000\000\000\000\000\000\000\000\000\000\000\000\000\000\000\000\000\006\272\025\350\331gP\001_N\273\243\337`\312\037m\315\341\232(O\312\200Y(\272>J4\350\303/\351\253J/\351\253K\n\000""; }; nodes {;   nodedata: ""\323C\344\327\264{\312-\017:\006{\177\344N\002\326bO\260\220\006\033\362\345\005U\221DzJ0\001\301\025%1L\307\t\261\262z\374\222T\301\274V\236\223\262\270Ct\362\337b\356\024*\324\320\351\317\002k\336\234\027v\351\217\260\303\360\233ZPZWr\246$w\313\313\r\243r\232\2234\373\3539:N\004Q\245\272D\312D\300\300\t\323\0257\345e\271\na\215{\226\255x%T\257\037\333\004\344_/R\006E\344\037@\210\363\010\336T\226\247'\204_{\261\370""1\235\2445\343\033Y!\212\201\341\272\225'\007T\261\tMM0\307z\300\306\335\021\216q\013\371\256E\222\330\341\352MNPE\017advw)\013\003""; }; ","ledgerHash: ""\022`\210$\005\261rTx\343\226\224vC\2607.\025\213@~\312\227\000 o\232\016\376|a3""; ledgerSeq: 50; type: liBASE; nodes {;   nodedata: ""\000\000\0002\001cEx]\211\377\330\037\006\345\236\265\343\337g\271\317\315\374\3357gX\036\024'\357<$\322\323$\375\346&^\361\0009\000\000\000\000\000\000\000\000\000\000\000\000\000\000\000\000\000\000\000\000\000\000\000\000\000\000\000\000\000\000\000\000\006\272\025\350\331gP\001_N\273\243\337`\312\037m\315\341\232(O\312\200Y(\272>J4\350\303/\351\253J/\351\253K\n\000""; }; nodes {;   nodedata: ""\323C\344\327\264{\312-\017:\006{\177\344N\002\326bO\260\220\006\033\362\345\005U\221DzJ0\001\301\025%1L\307\t\261\262z\374\222T\301\274V\236\223\262\270Ct\362\337b\356\024*\324\320\351\317\002k\336\234\027v\351\217\260\303\360\233ZPZWr\246$w\313\313\r\243r\232\2234\373\3539:N\004Q\245\272D\312D\300\300\t\323\0257\345e\271\na\215{\226\255x%T\257\037\333\004\344_/R\006E\344\037@\210\363\010\336T\226\247'\204_{\261\370""1\235\2445\343\033Y!\212\201\341\272\225'\007T\261\tMM0\307z\300\306\335\021\216q\013\371\256E\222\330\341\352MNPE\017advw)\013\003""; }; "
1750527690517,1750527690517,0,1,1,0,TMGetLedger,"itype: liBASE; ledgerHash: ""\022`\210$\005\261rTx\343\226\224vC\2607.\025\213@~\312\227\000 o\232\016\376|a3""; ledgerSeq: 50; queryType: qtINDIRECT; ","itype: liBASE; ledgerHash: ""\022`\210$\005\261rTx\343\226\224vC\2607.\025\213@~\312\227\000 o\232\016\376|a3""; ledgerSeq: 50; queryType: qtINDIRECT; "
1750527690518,1750527690518,0,1,1,0,TMValidation,"validation: """"\200\000\000\001&\000\000\0002)/\351\253J:p\210\265\307-\212\200\004Q\022`\210$\005\261rTx\343\226\224vC\2607.\025\213@~\312\227\000 o\232\016\376|a3P\027\000\000\000\000\000\000\000\000\000\000\000\000\000\000\000\000\000\000\000\000\000\000\000\000\000\000\000\000\000\000\000\000P\031\037\006\345\236\265\343\337g\271\317\315\374\3357gX\036\024'\357<$\322\323$\375\346&^\361\0009s!\002\364d\217\366\217|\316F\232\231\241\n\261\333`\312O\367\235\025DD\336e\367\n\312\326\221\037\025\230vG0E\002!\000\352+\3467.\027\332\364\010\023\023m$\371\306\177\370d\024\211\004W\344\215c@\262E""\245\261F\002 \005\036\230W-;:\301Xz\312)\033\004\010\232\265\037Uf\274\274\345J\312\201\245\303\262N\371\360""; ","validation: """"\200\000\000\001&\000\000\0002)/\351\253J:p\210\265\307-\212\200\004Q\022`\210$\005\261rTx\343\226\224vC\2607.\025\213@~\312\227\000 o\232\016\376|a3P\027\000\000\000\000\000\000\000\000\000\000\000\000\000\000\000\000\000\000\000\000\000\000\000\000\000\000\000\000\000\000\000\000P\031\037\006\345\236\265\343\337g\271\317\315\374\3357gX\036\024'\357<$\322\323$\375\346&^\361\0009s!\002\364d\217\366\217|\316F\232\231\241\n\261\333`\312O\367\235\025DD\336e\367\n\312\326\221\037\025\230vG0E\002!\000\352+\3467.\027\332\364\010\023\023m$\371\306\177\370d\024\211\004W\344\215c@\262E""\245\261F\002 \005\036\230W-;:\301Xz\312)\033\004\010\232\265\037Uf\274\274\345J\312\201\245\303\262N\371\360""; "
1750527690518,1750527690519,0,1,3,0,TMLedgerData,"ledgerHash: ""\022`\210$\005\261rTx\343\226\224vC\2607.\025\213@~\312\227\000 o\232\016\376|a3""; ledgerSeq: 50; type: liBASE; nodes {;   nodedata: ""\000\000\0002\001cEx]\211\377\330\037\006\345\236\265\343\337g\271\317\315\374\3357gX\036\024'\357<$\322\323$\375\346&^\361\0009\000\000\000\000\000\000\000\000\000\000\000\000\000\000\000\000\000\000\000\000\000\000\000\000\000\000\000\000\000\000\000\000\006\272\025\350\331gP\001_N\273\243\337`\312\037m\315\341\232(O\312\200Y(\272>J4\350\303/\351\253J/\351\253K\n\000""; }; nodes {;   nodedata: ""\323C\344\327\264{\312-\017:\006{\177\344N\002\326bO\260\220\006\033\362\345\005U\221DzJ0\001\301\025%1L\307\t\261\262z\374\222T\301\274V\236\223\262\270Ct\362\337b\356\024*\324\320\351\317\002k\336\234\027v\351\217\260\303\360\233ZPZWr\246$w\313\313\r\243r\232\2234\373\3539:N\004Q\245\272D\312D\300\300\t\323\0257\345e\271\na\215{\226\255x%T\257\037\333\004\344_/R\006E\344\037@\210\363\010\336T\226\247'\204_{\261\370""1\235\2445\343\033Y!\212\201\341\272\225'\007T\261\tMM0\307z\300\306\335\021\216q\013\371\256E\222\330\341\352MNPE\017advw)\013\003""; }; ","ledgerHash: ""\022`\210$\005\261rTx\343\226\224vC\2607.\025\213@~\312\227\000 o\232\016\376|a3""; ledgerSeq: 50; type: liBASE; nodes {;   nodedata: ""\000\000\0002\001cEx]\211\377\330\037\006\345\236\265\343\337g\271\317\315\374\3357gX\036\024'\357<$\322\323$\375\346&^\361\0009\000\000\000\000\000\000\000\000\000\000\000\000\000\000\000\000\000\000\000\000\000\000\000\000\000\000\000\000\000\000\000\000\006\272\025\350\331gP\001_N\273\243\337`\312\037m\315\341\232(O\312\200Y(\272>J4\350\303/\351\253J/\351\253K\n\000""; }; nodes {;   nodedata: ""\323C\344\327\264{\312-\017:\006{\177\344N\002\326bO\260\220\006\033\362\345\005U\221DzJ0\001\301\025%1L\307\t\261\262z\374\222T\301\274V\236\223\262\270Ct\362\337b\356\024*\324\320\351\317\002k\336\234\027v\351\217\260\303\360\233ZPZWr\246$w\313\313\r\243r\232\2234\373\3539:N\004Q\245\272D\312D\300\300\t\323\0257\345e\271\na\215{\226\255x%T\257\037\333\004\344_/R\006E\344\037@\210\363\010\336T\226\247'\204_{\261\370""1\235\2445\343\033Y!\212\201\341\272\225'\007T\261\tMM0\307z\300\306\335\021\216q\013\371\256E\222\330\341\352MNPE\017advw)\013\003""; }; "
1750527690519,1750527690519,0,1,4,3,TMGetLedger,"itype: liBASE; ledgerHash: ""\022`\210$\005\261rTx\343\226\224vC\2607.\025\213@~\312\227\000 o\232\016\376|a3""; ledgerSeq: 50; requestCookie: 1; queryType: qtINDIRECT; ","itype: liBASE; ledgerHash: ""\022`\210$\005\261rTx\343\226\224vC\2607.\025\213@~\312\227\000 o\232\016\376|a3""; ledgerSeq: 50; requestCookie: 1; queryType: qtINDIRECT; "
1750527690520,1750527690520,0,1,3,0,TMLedgerData,"ledgerHash: ""\022`\210$\005\261rTx\343\226\224vC\2607.\025\213@~\312\227\000 o\232\016\376|a3""; ledgerSeq: 50; type: liBASE; nodes {;   nodedata: ""\000\000\0002\001cEx]\211\377\330\037\006\345\236\265\343\337g\271\317\315\374\3357gX\036\024'\357<$\322\323$\375\346&^\361\0009\000\000\000\000\000\000\000\000\000\000\000\000\000\000\000\000\000\000\000\000\000\000\000\000\000\000\000\000\000\000\000\000\006\272\025\350\331gP\001_N\273\243\337`\312\037m\315\341\232(O\312\200Y(\272>J4\350\303/\351\253J/\351\253K\n\000""; }; nodes {;   nodedata: ""\323C\344\327\264{\312-\017:\006{\177\344N\002\326bO\260\220\006\033\362\345\005U\221DzJ0\001\301\025%1L\307\t\261\262z\374\222T\301\274V\236\223\262\270Ct\362\337b\356\024*\324\320\351\317\002k\336\234\027v\351\217\260\303\360\233ZPZWr\246$w\313\313\r\243r\232\2234\373\3539:N\004Q\245\272D\312D\300\300\t\323\0257\345e\271\na\215{\226\255x%T\257\037\333\004\344_/R\006E\344\037@\210\363\010\336T\226\247'\204_{\261\370""1\235\2445\343\033Y!\212\201\341\272\225'\007T\261\tMM0\307z\300\306\335\021\216q\013\371\256E\222\330\341\352MNPE\017advw)\013\003""; }; requestCookie: 5; ","ledgerHash: ""\022`\210$\005\261rTx\343\226\224vC\2607.\025\213@~\312\227\000 o\232\016\376|a3""; ledgerSeq: 50; type: liBASE; nodes {;   nodedata: ""\000\000\0002\001cEx]\211\377\330\037\006\345\236\265\343\337g\271\317\315\374\3357gX\036\024'\357<$\322\323$\375\346&^\361\0009\000\000\000\000\000\000\000\000\000\000\000\000\000\000\000\000\000\000\000\000\000\000\000\000\000\000\000\000\000\000\000\000\006\272\025\350\331gP\001_N\273\243\337`\312\037m\315\341\232(O\312\200Y(\272>J4\350\303/\351\253J/\351\253K\n\000""; }; nodes {;   nodedata: ""\323C\344\327\264{\312-\017:\006{\177\344N\002\326bO\260\220\006\033\362\345\005U\221DzJ0\001\301\025%1L\307\t\261\262z\374\222T\301\274V\236\223\262\270Ct\362\337b\356\024*\324\320\351\317\002k\336\234\027v\351\217\260\303\360\233ZPZWr\246$w\313\313\r\243r\232\2234\373\3539:N\004Q\245\272D\312D\300\300\t\323\0257\345e\271\na\215{\226\255x%T\257\037\333\004\344_/R\006E\344\037@\210\363\010\336T\226\247'\204_{\261\370""1\235\2445\343\033Y!\212\201\341\272\225'\007T\261\tMM0\307z\300\306\335\021\216q\013\371\256E\222\330\341\352MNPE\017advw)\013\003""; }; requestCookie: 5; "
1750527690520,1750527690520,0,1,4,3,TMGetLedger,"itype: liAS_NODE; ledgerHash: ""\022`\210$\005\261rTx\343\226\224vC\2607.\025\213@~\312\227\000 o\232\016\376|a3""; ledgerSeq: 50; nodeIDs: ""\260\000\000\000\000\000\000\000\000\000\000\000\000\000\000\000\000\000\000\000\000\000\000\000\000\000\000\000\000\000\000\000\001""; queryType: qtINDIRECT; queryDepth: 1; ","itype: liAS_NODE; ledgerHash: ""\022`\210$\005\261rTx\343\226\224vC\2607.\025\213@~\312\227\000 o\232\016\376|a3""; ledgerSeq: 50; nodeIDs: ""\260\000\000\000\000\000\000\000\000\000\000\000\000\000\000\000\000\000\000\000\000\000\000\000\000\000\000\000\000\000\000\000\001""; queryType: qtINDIRECT; queryDepth: 1; "
1750527690521,1750527690521,0,1,4,3,TMGetLedger,"itype: liBASE; ledgerHash: ""\022`\210$\005\261rTx\343\226\224vC\2607.\025\213@~\312\227\000 o\232\016\376|a3""; ledgerSeq: 50; requestCookie: 2; queryType: qtINDIRECT; ","itype: liBASE; ledgerHash: ""\022`\210$\005\261rTx\343\226\224vC\2607.\025\213@~\312\227\000 o\232\016\376|a3""; ledgerSeq: 50; requestCookie: 2; queryType: qtINDIRECT; "
1750527690521,1750527690521,0,1,2,3,TMGetLedger,"itype: liBASE; ledgerHash: ""\022`\210$\005\261rTx\343\226\224vC\2607.\025\213@~\312\227\000 o\232\016\376|a3""; ledgerSeq: 50; queryType: qtINDIRECT; ","itype: liBASE; ledgerHash: ""\022`\210$\005\261rTx\343\226\224vC\2607.\025\213@~\312\227\000 o\232\016\376|a3""; ledgerSeq: 50; queryType: qtINDIRECT; "
1750527690522,1750527690522,0,1,2,3,TMGetLedger,"itype: liBASE; ledgerHash: ""\022`\210$\005\261rTx\343\226\224vC\2607.\025\213@~\312\227\000 o\232\016\376|a3""; requestCookie: 5; queryType: qtINDIRECT; ","itype: liBASE; ledgerHash: ""\022`\210$\005\261rTx\343\226\224vC\2607.\025\213@~\312\227\000 o\232\016\376|a3""; requestCookie: 5; queryType: qtINDIRECT; "
1750527690523,1750527690523,0,1,2,3,TMGetLedger,"itype: liBASE; ledgerHash: ""\022`\210$\005\261rTx\343\226\224vC\2607.\025\213@~\312\227\000 o\232\016\376|a3""; ledgerSeq: 50; requestCookie: 3; queryType: qtINDIRECT; ","itype: liBASE; ledgerHash: ""\022`\210$\005\261rTx\343\226\224vC\2607.\025\213@~\312\227\000 o\232\016\376|a3""; ledgerSeq: 50; requestCookie: 3; queryType: qtINDIRECT; "
1750527690523,1750527690523,0,1,2,3,TMGetLedger,"itype: liBASE; ledgerHash: ""\022`\210$\005\261rTx\343\226\224vC\2607.\025\213@~\312\227\000 o\232\016\376|a3""; ledgerSeq: 50; requestCookie: 2; queryType: qtINDIRECT; ","itype: liBASE; ledgerHash: ""\022`\210$\005\261rTx\343\226\224vC\2607.\025\213@~\312\227\000 o\232\016\376|a3""; ledgerSeq: 50; requestCookie: 2; queryType: qtINDIRECT; "
1750527690524,1750527690524,0,1,3,0,TMLedgerData,"ledgerHash: ""\022`\210$\005\261rTx\343\226\224vC\2607.\025\213@~\312\227\000 o\232\016\376|a3""; ledgerSeq: 50; type: liBASE; nodes {;   nodedata: ""\000\000\0002\001cEx]\211\377\330\037\006\345\236\265\343\337g\271\317\315\374\3357gX\036\024'\357<$\322\323$\375\346&^\361\0009\000\000\000\000\000\000\000\000\000\000\000\000\000\000\000\000\000\000\000\000\000\000\000\000\000\000\000\000\000\000\000\000\006\272\025\350\331gP\001_N\273\243\337`\312\037m\315\341\232(O\312\200Y(\272>J4\350\303/\351\253J/\351\253K\n\000""; }; nodes {;   nodedata: ""\323C\344\327\264{\312-\017:\006{\177\344N\002\326bO\260\220\006\033\362\345\005U\221DzJ0\001\301\025%1L\307\t\261\262z\374\222T\301\274V\236\223\262\270Ct\362\337b\356\024*\324\320\351\317\002k\336\234\027v\351\217\260\303\360\233ZPZWr\246$w\313\313\r\243r\232\2234\373\3539:N\004Q\245\272D\312D\300\300\t\323\0257\345e\271\na\215{\226\255x%T\257\037\333\004\344_/R\006E\344\037@\210\363\010\336T\226\247'\204_{\261\370""1\235\2445\343\033Y!\212\201\341\272\225'\007T\261\tMM0\307z\300\306\335\021\216q\013\371\256E\222\330\341\352MNPE\017advw)\013\003""; }; requestCookie: 3; ","ledgerHash: ""\022`\210$\005\261rTx\343\226\224vC\2607.\025\213@~\312\227\000 o\232\016\376|a3""; ledgerSeq: 50; type: liBASE; nodes {;   nodedata: ""\000\000\0002\001cEx]\211\377\330\037\006\345\236\265\343\337g\271\317\315\374\3357gX\036\024'\357<$\322\323$\375\346&^\361\0009\000\000\000\000\000\000\000\000\000\000\000\000\000\000\000\000\000\000\000\000\000\000\000\000\000\000\000\000\000\000\000\000\006\272\025\350\331gP\001_N\273\243\337`\312\037m\315\341\232(O\312\200Y(\272>J4\350\303/\351\253J/\351\253K\n\000""; }; nodes {;   nodedata: ""\323C\344\327\264{\312-\017:\006{\177\344N\002\326bO\260\220\006\033\362\345\005U\221DzJ0\001\301\025%1L\307\t\261\262z\374\222T\301\274V\236\223\262\270Ct\362\337b\356\024*\324\320\351\317\002k\336\234\027v\351\217\260\303\360\233ZPZWr\246$w\313\313\r\243r\232\2234\373\3539:N\004Q\245\272D\312D\300\300\t\323\0257\345e\271\na\215{\226\255x%T\257\037\333\004\344_/R\006E\344\037@\210\363\010\336T\226\247'\204_{\261\370""1\235\2445\343\033Y!\212\201\341\272\225'\007T\261\tMM0\307z\300\306\335\021\216q\013\371\256E\222\330\341\352MNPE\017advw)\013\003""; }; requestCookie: 3; "
1750527690524,1750527690524,0,1,1,3,TMGetLedger,"itype: liBASE; ledgerHash: ""\022`\210$\005\261rTx\343\226\224vC\2607.\025\213@~\312\227\000 o\232\016\376|a3""; requestCookie: 5; queryType: qtINDIRECT; ","itype: liBASE; ledgerHash: ""\022`\210$\005\261rTx\343\226\224vC\2607.\025\213@~\312\227\000 o\232\016\376|a3""; requestCookie: 5; queryType: qtINDIRECT; "
1750527690525,1750527690525,0,1,1,3,TMGetLedger,"itype: liBASE; ledgerHash: ""\022`\210$\005\261rTx\343\226\224vC\2607.\025\213@~\312\227\000 o\232\016\376|a3""; ledgerSeq: 50; requestCookie: 3; queryType: qtINDIRECT; ","itype: liBASE; ledgerHash: ""\022`\210$\005\261rTx\343\226\224vC\2607.\025\213@~\312\227\000 o\232\016\376|a3""; ledgerSeq: 50; requestCookie: 3; queryType: qtINDIRECT; "
1750527690526,1750527690526,0,1,1,3,TMGetLedger,"itype: liBASE; ledgerHash: ""\022`\210$\005\261rTx\343\226\224vC\2607.\025\213@~\312\227\000 o\232\016\376|a3""; ledgerSeq: 50; requestCookie: 2; queryType: qtINDIRECT; ","itype: liBASE; ledgerHash: ""\022`\210$\005\261rTx\343\226\224vC\2607.\025\213@~\312\227\000 o\232\016\376|a3""; ledgerSeq: 50; requestCookie: 2; queryType: qtINDIRECT; "
1750527690526,1750527690526,0,1,1,3,TMGetLedger,"itype: liAS_NODE; ledgerHash: ""\022`\210$\005\261rTx\343\226\224vC\2607.\025\213@~\312\227\000 o\232\016\376|a3""; ledgerSeq: 50; nodeIDs: ""\260\000\000\000\000\000\000\000\000\000\000\000\000\000\000\000\000\000\000\000\000\000\000\000\000\000\000\000\000\000\000\000\001""; queryType: qtINDIRECT; queryDepth: 1; ","itype: liAS_NODE; ledgerHash: ""\022`\210$\005\261rTx\343\226\224vC\2607.\025\213@~\312\227\000 o\232\016\376|a3""; ledgerSeq: 50; nodeIDs: ""\260\000\000\000\000\000\000\000\000\000\000\000\000\000\000\000\000\000\000\000\000\000\000\000\000\000\000\000\000\000\000\000\001""; queryType: qtINDIRECT; queryDepth: 1; "
1750527690527,1750527690527,0,1,3,4,TMLedgerData,"ledgerHash: ""\022`\210$\005\261rTx\343\226\224vC\2607.\025\213@~\312\227\000 o\232\016\376|a3""; ledgerSeq: 50; type: liBASE; nodes {;   nodedata: ""\000\000\0002\001cEx]\211\377\330\037\006\345\236\265\343\337g\271\317\315\374\3357gX\036\024'\357<$\322\323$\375\346&^\361\0009\000\000\000\000\000\000\000\000\000\000\000\000\000\000\000\000\000\000\000\000\000\000\000\000\000\000\000\000\000\000\000\000\006\272\025\350\331gP\001_N\273\243\337`\312\037m\315\341\232(O\312\200Y(\272>J4\350\303/\351\253J/\351\253K\n\000""; }; nodes {;   nodedata: ""\323C\344\327\264{\312-\017:\006{\177\344N\002\326bO\260\220\006\033\362\345\005U\221DzJ0\001\301\025%1L\307\t\261\262z\374\222T\301\274V\236\223\262\270Ct\362\337b\356\024*\324\320\351\317\002k\336\234\027v\351\217\260\303\360\233ZPZWr\246$w\313\313\r\243r\232\2234\373\3539:N\004Q\245\272D\312D\300\300\t\323\0257\345e\271\na\215{\226\255x%T\257\037\333\004\344_/R\006E\344\037@\210\363\010\336T\226\247'\204_{\261\370""1\235\2445\343\033Y!\212\201\341\272\225'\007T\261\tMM0\307z\300\306\335\021\216q\013\371\256E\222\330\341\352MNPE\017advw)\013\003""; }; requestCookie: 3; ","ledgerHash: ""\022`\210$\005\261rTx\343\226\224vC\2607.\025\213@~\312\227\000 o\232\016\376|a3""; ledgerSeq: 50; type: liBASE; nodes {;   nodedata: ""\000\000\0002\001cEx]\211\377\330\037\006\345\236\265\343\337g\271\317\315\374\3357gX\036\024'\357<$\322\323$\375\346&^\361\0009\000\000\000\000\000\000\000\000\000\000\000\000\000\000\000\000\000\000\000\000\000\000\000\000\000\000\000\000\000\000\000\000\006\272\025\350\331gP\001_N\273\243\337`\312\037m\315\341\232(O\312\200Y(\272>J4\350\303/\351\253J/\351\253K\n\000""; }; nodes {;   nodedata: ""\323C\344\327\264{\312-\017:\006{\177\344N\002\326bO\260\220\006\033\362\345\005U\221DzJ0\001\301\025%1L\307\t\261\262z\374\222T\301\274V\236\223\262\270Ct\362\337b\356\024*\324\320\351\317\002k\336\234\027v\351\217\260\303\360\233ZPZWr\246$w\313\313\r\243r\232\2234\373\3539:N\004Q\245\272D\312D\300\300\t\323\0257\345e\271\na\215{\226\255x%T\257\037\333\004\344_/R\006E\344\037@\210\363\010\336T\226\247'\204_{\261\370""1\235\2445\343\033Y!\212\201\341\272\225'\007T\261\tMM0\307z\300\306\335\021\216q\013\371\256E\222\330\341\352MNPE\017advw)\013\003""; }; requestCookie: 3; "
1750527690527,1750527690527,0,1,0,3,TMGetLedger,"itype: liBASE; ledgerHash: ""\022`\210$\005\261rTx\343\226\224vC\2607.\025\213@~\312\227\000 o\232\016\376|a3""; ledgerSeq: 50; requestCookie: 2; queryType: qtINDIRECT; ","itype: liBASE; ledgerHash: ""\022`\210$\005\261rTx\343\226\224vC\2607.\025\213@~\312\227\000 o\232\016\376|a3""; ledgerSeq: 50; requestCookie: 2; queryType: qtINDIRECT; "
1750527690528,1750527690528,0,1,0,3,TMGetLedger,"itype: liAS_NODE; ledgerHash: ""\022`\210$\005\261rTx\343\226\224vC\2607.\025\213@~\312\227\000 o\232\016\376|a3""; ledgerSeq: 50; nodeIDs: ""\260\000\000\000\000\000\000\000\000\000\000\000\000\000\000\000\000\000\000\000\000\000\000\000\000\000\000\000\000\000\000\000\001""; queryType: qtINDIRECT; queryDepth: 1; ","itype: liAS_NODE; ledgerHash: ""\022`\210$\005\261rTx\343\226\224vC\2607.\025\213@~\312\227\000 o\232\016\376|a3""; ledgerSeq: 50; nodeIDs: ""\260\000\000\000\000\000\000\000\000\000\000\000\000\000\000\000\000\000\000\000\000\000\000\000\000\000\000\000\000\000\000\000\001""; queryType: qtINDIRECT; queryDepth: 1; "
1750527690529,1750527690529,0,1,3,4,TMLedgerData,"ledgerHash: ""\022`\210$\005\261rTx\343\226\224vC\2607.\025\213@~\312\227\000 o\232\016\376|a3""; ledgerSeq: 50; type: liBASE; nodes {;   nodedata: ""\000\000\0002\001cEx]\211\377\330\037\006\345\236\265\343\337g\271\317\315\374\3357gX\036\024'\357<$\322\323$\375\346&^\361\0009\000\000\000\000\000\000\000\000\000\000\000\000\000\000\000\000\000\000\000\000\000\000\000\000\000\000\000\000\000\000\000\000\006\272\025\350\331gP\001_N\273\243\337`\312\037m\315\341\232(O\312\200Y(\272>J4\350\303/\351\253J/\351\253K\n\000""; }; nodes {;   nodedata: ""\323C\344\327\264{\312-\017:\006{\177\344N\002\326bO\260\220\006\033\362\345\005U\221DzJ0\001\301\025%1L\307\t\261\262z\374\222T\301\274V\236\223\262\270Ct\362\337b\356\024*\324\320\351\317\002k\336\234\027v\351\217\260\303\360\233ZPZWr\246$w\313\313\r\243r\232\2234\373\3539:N\004Q\245\272D\312D\300\300\t\323\0257\345e\271\na\215{\226\255x%T\257\037\333\004\344_/R\006E\344\037@\210\363\010\336T\226\247'\204_{\261\370""1\235\2445\343\033Y!\212\201\341\272\225'\007T\261\tMM0\307z\300\306\335\021\216q\013\371\256E\222\330\341\352MNPE\017advw)\013\003""; }; requestCookie: 1; ","ledgerHash: ""\022`\210$\005\261rTx\343\226\224vC\2607.\025\213@~\312\227\000 o\232\016\376|a3""; ledgerSeq: 50; type: liBASE; nodes {;   nodedata: ""\000\000\0002\001cEx]\211\377\330\037\006\345\236\265\343\337g\271\317\315\374\3357gX\036\024'\357<$\322\323$\375\346&^\361\0009\000\000\000\000\000\000\000\000\000\000\000\000\000\000\000\000\000\000\000\000\000\000\000\000\000\000\000\000\000\000\000\000\006\272\025\350\331gP\001_N\273\243\337`\312\037m\315\341\232(O\312\200Y(\272>J4\350\303/\351\253J/\351\253K\n\000""; }; nodes {;   nodedata: ""\323C\344\327\264{\312-\017:\006{\177\344N\002\326bO\260\220\006\033\362\345\005U\221DzJ0\001\301\025%1L\307\t\261\262z\374\222T\301\274V\236\223\262\270Ct\362\337b\356\024*\324\320\351\317\002k\336\234\027v\351\217\260\303\360\233ZPZWr\246$w\313\313\r\243r\232\2234\373\3539:N\004Q\245\272D\312D\300\300\t\323\0257\345e\271\na\215{\226\255x%T\257\037\333\004\344_/R\006E\344\037@\210\363\010\336T\226\247'\204_{\261\370""1\235\2445\343\033Y!\212\201\341\272\225'\007T\261\tMM0\307z\300\306\335\021\216q\013\371\256E\222\330\341\352MNPE\017advw)\013\003""; }; requestCookie: 1; "
1750527690529,1750527690530,0,1,0,4,TMLedgerData,"ledgerHash: ""\022`\210$\005\261rTx\343\226\224vC\2607.\025\213@~\312\227\000 o\232\016\376|a3""; ledgerSeq: 50; type: liBASE; nodes {;   nodedata: ""\000\000\0002\001cEx]\211\377\330\037\006\345\236\265\343\337g\271\317\315\374\3357gX\036\024'\357<$\322\323$\375\346&^\361\0009\000\000\000\000\000\000\000\000\000\000\000\000\000\000\000\000\000\000\000\000\000\000\000\000\000\000\000\000\000\000\000\000\006\272\025\350\331gP\001_N\273\243\337`\312\037m\315\341\232(O\312\200Y(\272>J4\350\303/\351\253J/\351\253K\n\000""; }; nodes {;   nodedata: ""\323C\344\327\264{\312-\017:\006{\177\344N\002\326bO\260\220\006\033\362\345\005U\221DzJ0\001\301\025%1L\307\t\261\262z\374\222T\301\274V\236\223\262\270Ct\362\337b\356\024*\324\320\351\317\002k\336\234\027v\351\217\260\303\360\233ZPZWr\246$w\313\313\r\243r\232\2234\373\3539:N\004Q\245\272D\312D\300\300\t\323\0257\345e\271\na\215{\226\255x%T\257\037\333\004\344_/R\006E\344\037@\210\363\010\336T\226\247'\204_{\261\370""1\235\2445\343\033Y!\212\201\341\272\225'\007T\261\tMM0\307z\300\306\335\021\216q\013\371\256E\222\330\341\352MNPE\017advw)\013\003""; }; ","ledgerHash: ""\022`\210$\005\261rTx\343\226\224vC\2607.\025\213@~\312\227\000 o\232\016\376|a3""; ledgerSeq: 50; type: liBASE; nodes {;   nodedata: ""\000\000\0002\001cEx]\211\377\330\037\006\345\236\265\343\337g\271\317\315\374\3357gX\036\024'\357<$\322\323$\375\346&^\361\0009\000\000\000\000\000\000\000\000\000\000\000\000\000\000\000\000\000\000\000\000\000\000\000\000\000\000\000\000\000\000\000\000\006\272\025\350\331gP\001_N\273\243\337`\312\037m\315\341\232(O\312\200Y(\272>J4\350\303/\351\253J/\351\253K\n\000""; }; nodes {;   nodedata: ""\323C\344\327\264{\312-\017:\006{\177\344N\002\326bO\260\220\006\033\362\345\005U\221DzJ0\001\301\025%1L\307\t\261\262z\374\222T\301\274V\236\223\262\270Ct\362\337b\356\024*\324\320\351\317\002k\336\234\027v\351\217\260\303\360\233ZPZWr\246$w\313\313\r\243r\232\2234\373\3539:N\004Q\245\272D\312D\300\300\t\323\0257\345e\271\na\215{\226\255x%T\257\037\333\004\344_/R\006E\344\037@\210\363\010\336T\226\247'\204_{\261\370""1\235\2445\343\033Y!\212\201\341\272\225'\007T\261\tMM0\307z\300\306\335\021\216q\013\371\256E\222\330\341\352MNPE\017advw)\013\003""; }; "
1750527690530,1750527690531,0,1,3,4,TMLedgerData,"ledgerHash: ""\022`\210$\005\261rTx\343\226\224vC\2607.\025\213@~\312\227\000 o\232\016\376|a3""; ledgerSeq: 50; type: liAS_NODE; nodes {;   nodedata: ""\021\000h""\000\000\000\000 \033\000\000\0001\002\023\306\177\330\356GuH\375\327!\255\371\r\231\262R\256J\034\222\241\355X\265E\241^W\225\304\014\361CX-}\351f\032\255\274\334m\326c\017\014ao[\342\230\003\245\245\3341Hm\326^\017jy\335\261\032Yt\320\244{g\0306\\302\303*\341\215\223\257\364\277o\375\000r\241SOq\221\253\262\005\017\375T\356\014\360o'\030\311-\267\031\257!\031T\006><\315XM\334\324\345\034\000\325\367\240\271\013\265\024\321\362\354\211\250.\234s\225amc\305\035\366\276\037nD\277`\210\223N\3535\033\261\304f\331]\036\237\306o!\223\221\002\324\031\262\240R\177 ,\214\325\Q])\016\2067\277\t\354\010\000\360\215\2502\265\245\310\226\243c\302Ze\306\253#r\020\211\320iG\276\020E\317\035Sf\223F\254\033@\177e\277\016\010u\327\371&\262\312\317Q\2361t\377x\234\001v\003%\030\325_\225g\204\346a=\225\273\331\354\365*U\363\263N\367b\371\244\314-w\363\262\225Z\200\206\235\233\257?sE\2674\254\326mU\377?\177Ek\336\030!\316Aa\225\303\022\377{\210Y\226\271as\354L\035\004\341\361\035\301\024\220m#*\372\032\3178~\374\250\014*\323\342'z69\220\327\256\351G\367\317u\302\207\270b\315\333\333\334\310I\323&\014\352XZnW2.\335\347\202\021\247\362\212e\034\000\001\250\220\305;a\314\265R\310\017\317\331\235\360\262\240:\277\202\266\354\265X""\022\nh\252\352w\204\203\023]\001f\352\277\0031Q]\362\370R\350{\261\202\240\344\215\201\353\276\322p5p\350\354\017>\250r\241c\273\016\301\024\363\242\247\263\231\370\344\nBW\220K\316@3\243\200\036wk\253GSlU\010\360\231>\331\263H\214\324\030A\225\301o\346pkSF\004\241\213w9\223=\250\262*+\255\351r\265\244c\024\213\t\007`\223\325#\3477\210\345P\306\013\320\252[\0216+\227=`\371P\314\346 V7\271[~\n\237\274|\347\352@K\253~&\260\032\024\004B\200\255h\351\013\361\031:nG\211\005|\2003\266\274\251,W\006u\344\335d\003\306\212\313,\340\350bG\n\030Z\2732-\246\312\255\030\003\235207\005}D\260\0261ah\322M\304\216\273m0\271\234\237\007<w$\265C\245\232\033\023\313c\321B\032l\301h\005\320\252\301\361(\330[\343\357\343{\235\n\266g\272>\177\317\347\261qb&\270&\346ju\200\363N\320\307\004\034\001n\317\361\2653\254\2503\247\305\372\316W\022O\253x\250\025\373\247\354Tc\304\263\243^\352Gv\\264\261\r\035\226\306\2411\351\233\203\215\200$\231\300f\220\371c@\017\254\363\\371\340\340VaR\205~^\226\342t\360\022\204d\231\205)\272\364?\361!\334\331\315\254\230\rBG\314\023\246\244=\351\177\254\302b&\276+H;0\312\021&\275\036\237\350R\313\206R\331\304k\323u\263t\221\213yC\241\217A\242\027g\322\241'\212.E?B_\316\327\217J +\370\t^b\005\020\003\211\373\247|hC\271Nmk~J\270EU\274\036-\347\240\312FA\321\341bca\253\025\321\311\317\021\375\317\217\n\272\033o\353G>\275\361H\265\240\232um""\317\324`\214\221\314\000\211K\223+(""\200i \311\372g\254\343ZR0\224\275q\252\357\213\263\206N\357&Q\217\267\303\356I\236\357\264\311b\037\366\035\253\343\311\265\240\327q\206f\262ODi\215-\363>\034\236l\273\005G\316F\217}[\036\007\270:\260\335\271B\241N\345\330\204\327f\361\272Kb\0377p\334\264\237\177~\330]\252+:\317u\302h\n\351\n\364\231\277R\371\356\033y\265v\360Ny\246\332qY\262\231\251\n\305\334\202\305\362\n\367@k\231\016R:\327\242\366\242\253LZY\223$Gw^\203\302\311\316I7\371tTwp}\005|\372\214\251{R`\230V\244-\326I\351\255\325i\335\377\321\353\327\331\302\023\347y\016\263\271\317\306\017UV\314qu?\0064A\315{3D\010\016S\212\2353k0\361\214ID\303g\277\010Y_\001~\021\333\370\255\374\\331\306\255\336)\365Rth\024\t\300.M\315\321S\257\224\252\362\326P\316\303%nX\3742\333\036\004Y\264yG^\234\177\214\305q\237\274G\300a4\275\240s\215\222\210\016\020G\344=-:GK\312\035\271\201\350\376F\260G\347\000\235\365P6pmH\033\373\212c\377o\232\356\320D\002\277,]os{\354/?\312e\006wda\001\023\375\316\025\254\321\244\370+Y`\220\270\254\2601E[FI\310\235<qI \356\032v%\001\230\016\203\200\251UD\347\304\373\034\211\340@\342\033\263\365\356\341\357\350\324\035J\032\177\230\207\220\303+\207\352g\317N\027>\222M\271m\033\236\021:\272\233r\373\233hC}\256\020\210\010\233\335\025[ d(\343\263\327\177\030\246\254H\277\254E\231\006\033_lB\210\264\334Y\322\314\362\320L\000Q\240\317\3502\006,|\364\004\275\034\006\337\370""\330\364\202\314\315\311?\030\260\361u)\336\202\265Y\177X\227$\245tCB\345\314d\231A\300\204\371KJ\036\321\330\014]""EN\266$]\331\226c\351\312\376z\254\214\206B\274&M\032\376v\266\3104u)\r\312\021\273\030jJH\215G4\367fQ;\255\3404\372\225\341L\224\242\200VY\220\355\020\353I\n\363\266\036\311\003OR\250""\032\230\021]+$\302\005\224\270\033E\r\312\315}\200\2505\216\221\301\341\035[\247\325\236M^\360a\267\356\267\247]\357\236\n\207}P\2654\026`\256u\276\r&\026K\315a\3337\216.\240\362\263\327]\372\325\037\006\345\236\265\343\337g\271\317\315\374\3357gX\036\024'\357<$\322\323$\375\346&^\361\0009\264\227\2326\315\307\363\323\325\303\032N\256*\307\327 \235\332\207u\210\271\257\306g\231i*\260\326k\001"";   nodeid: ""\260\000\000\000\000\000\000\000\000\000\000\000\000\000\000\000\000\000\000\000\000\000\000\000\000\000\000\000\000\000\000\000\001""; }; ","ledgerHash: ""\022`\210$\005\261rTx\343\226\224vC\2607.\025\213@~\312\227\000 o\232\016\376|a3""; ledgerSeq: 50; type: liAS_NODE; nodes {;   nodedata: ""\021\000h""\000\000\000\000 \033\000\000\0001\002\023\306\177\330\356GuH\375\327!\255\371\r\231\262R\256J\034\222\241\355X\265E\241^W\225\304\014\361CX-}\351f\032\255\274\334m\326c\017\014ao[\342\230\003\245\245\3341Hm\326^\017jy\335\261\032Yt\320\244{g\0306\\302\303*\341\215\223\257\364\277o\375\000r\241SOq\221\253\262\005\017\375T\356\014\360o'\030\311-\267\031\257!\031T\006><\315XM\334\324\345\034\000\325\367\240\271\013\265\024\321\362\354\211\250.\234s\225amc\305\035\366\276\037nD\277`\210\223N\3535\033\261\304f\331]\036\237\306o!\223\221\002\324\031\262\240R\177 ,\214\325\Q])\016\2067\277\t\354\010\000\360\215\2502\265\245\310\226\243c\302Ze\306\253#r\020\211\320iG\276\020E\317\035Sf\223F\254\033@\177e\277\016\010u\327\371&\262\312\317Q\2361t\377x\234\001v\003%\030\325_\225g\204\346a=\225\273\331\354\365*U\363\263N\367b\371\244\314-w\363\262\225Z\200\206\235\233\257?sE\2674\254\326mU\377?\177Ek\336\030!\316Aa\225\303\022\377{\210Y\226\271as\354L\035\004\341\361\035\301\024\220m#*\372\032\3178~\374\250\014*\323\342'z69\220\327\256\351G\367\317u\302\207\270b\315\333\333\334\310I\323&\014\352XZnW2.\335\347\202\021\247\362\212e\034\000\001\250\220\305;a\314\265R\310\017\317\331\235\360\262\240:\277\202\266\354\265X""\022\nh\252\352w\204\203\023]\001f\352\277\0031Q]\362\370R\350{\261\202\240\344\215\201\353\276\322p5p\350\354\017>\250r\241c\273\016\301\024\363\242\247\263\231\370\344\nBW\220K\316@3\243\200\036wk\253GSlU\010\360\231>\331\263H\214\324\030A\225\301o\346pkSF\004\241\213w9\223=\250\262*+\255\351r\265\244c\024\213\t\007`\223\325#\3477\210\345P\306\013\320\252[\0216+\227=`\371P\314\346 V7\271[~\n\237\274|\347\352@K\253~&\260\032\024\004B\200\255h\351\013\361\031:nG\211\005|\2003\266\274\251,W\006u\344\335d\003\306\212\313,\340\350bG\n\030Z\2732-\246\312\255\030\003\235207\005}D\260\0261ah\322M\304\216\273m0\271\234\237\007<w$\265C\245\232\033\023\313c\321B\032l\301h\005\320\252\301\361(\330[\343\357\343{\235\n\266g\272>\177\317\347\261qb&\270&\346ju\200\363N\320\307\004\034\001n\317\361\2653\254\2503\247\305\372\316W\022O\253x\250\025\373\247\354Tc\304\263\243^\352Gv\\264\261\r\035\226\306\2411\351\233\203\215\200$\231\300f\220\371c@\017\254\363\\371\340\340VaR\205~^\226\342t\360\022\204d\231\205)\272\364?\361!\334\331\315\254\230\rBG\314\023\246\244=\351\177\254\302b&\276+H;0\312\021&\275\036\237\350R\313\206R\331\304k\323u\263t\221\213yC\241\217A\242\027g\322\241'\212.E?B_\316\327\217J +\370\t^b\005\020\003\211\373\247|hC\271Nmk~J\270EU\274\036-\347\240\312FA\321\341bca\253\025\321\311\317\021\375\317\217\n\272\033o\353G>\275\361H\265\240\232um""\317\324`\214\221\314\000\211K\223+(""\200i \311\372g\254\343ZR0\224\275q\252\357\213\263\206N\357&Q\217\267\303\356I\236\357\264\311b\037\366\035\253\343\311\265\240\327q\206f\262ODi\215-\363>\034\236l\273\005G\316F\217}[\036\007\270:\260\335\271B\241N\345\330\204\327f\361\272Kb\0377p\334\264\237\177~\330]\252+:\317u\302h\n\351\n\364\231\277R\371\356\033y\265v\360Ny\246\332qY\262\231\251\n\305\334\202\305\362\n\367@k\231\016R:\327\242\366\242\253LZY\223$Gw^\203\302\311\316I7\371tTwp}\005|\372\214\251{R`\230V\244-\326I\351\255\325i\335\377\321\353\327\331\302\023\347y\016\263\271\317\306\017UV\314qu?\0064A\315{3D\010\016S\212\2353k0\361\214ID\303g\277\010Y_\001~\021\333\370\255\374\\331\306\255\336)\365Rth\024\t\300.M\315\321S\257\224\252\362\326P\316\303%nX\3742\333\036\004Y\264yG^\234\177\214\305q\237\274G\300a4\275\240s\215\222\210\016\020G\344=-:GK\312\035\271\201\350\376F\260G\347\000\235\365P6pmH\033\373\212c\377o\232\356\320D\002\277,]os{\354/?\312e\006wda\001\023\375\316\025\254\321\244\370+Y`\220\270\254\2601E[FI\310\235<qI \356\032v%\001\230\016\203\200\251UD\347\304\373\034\211\340@\342\033\263\365\356\341\357\350\324\035J\032\177\230\207\220\303+\207\352g\317N\027>\222M\271m\033\236\021:\272\233r\373\233hC}\256\020\210\010\233\335\025[ d(\343\263\327\177\030\246\254H\277\254E\231\006\033_lB\210\264\334Y\322\314\362\320L\000Q\240\317\3502\006,|\364\004\275\034\006\337\370""\330\364\202\314\315\311?\030\260\361u)\336\202\265Y\177X\227$\245tCB\345\314d\231A\300\204\371KJ\036\321\330\014]""EN\266$]\331\226c\351\312\376z\254\214\206B\274&M\032\376v\266\3104u)\r\312\021\273\030jJH\215G4\367fQ;\255\3404\372\225\341L\224\242\200VY\220\355\020\353I\n\363\266\036\311\003OR\250""\032\230\021]+$\302\005\224\270\033E\r\312\315}\200\2505\216\221\301\341\035[\247\325\236M^\360a\267\356\267\247]\357\236\n\207}P\2654\026`\256u\276\r&\026K\315a\3337\216.\240\362\263\327]\372\325\037\006\345\236\265\343\337g\271\317\315\374\3357gX\036\024'\357<$\322\323$\375\346&^\361\0009\264\227\2326\315\307\363\323\325\303\032N\256*\307\327 \235\332\207u\210\271\257\306g\231i*\260\326k\001"";   nodeid: ""\260\000\000\000\000\000\000\000\000\000\000\000\000\000\000\000\000\000\000\000\000\000\000\000\000\000\000\000\000\000\000\000\001""; }; "
1750527690531,1750527690532,0,1,3,4,TMLedgerData,"ledgerHash: ""\022`\210$\005\261rTx\343\226\224vC\2607.\025\213@~\312\227\000 o\232\016\376|a3""; ledgerSeq: 50; type: liBASE; nodes {;   nodedata: ""\000\000\0002\001cEx]\211\377\330\037\006\345\236\265\343\337g\271\317\315\374\3357gX\036\024'\357<$\322\323$\375\346&^\361\0009\000\000\000\000\000\000\000\000\000\000\000\000\000\000\000\000\000\000\000\000\000\000\000\000\000\000\000\000\000\000\000\000\006\272\025\350\331gP\001_N\273\243\337`\312\037m\315\341\232(O\312\200Y(\272>J4\350\303/\351\253J/\351\253K\n\000""; }; nodes {;   nodedata: ""\323C\344\327\264{\312-\017:\006{\177\344N\002\326bO\260\220\006\033\362\345\005U\221DzJ0\001\301\025%1L\307\t\261\262z\374\222T\301\274V\236\223\262\270Ct\362\337b\356\024*\324\320\351\317\002k\336\234\027v\351\217\260\303\360\233ZPZWr\246$w\313\313\r\243r\232\2234\373\3539:N\004Q\245\272D\312D\300\300\t\323\0257\345e\271\na\215{\226\255x%T\257\037\333\004\344_/R\006E\344\037@\210\363\010\336T\226\247'\204_{\261\370""1\235\2445\343\033Y!\212\201\341\272\225'\007T\261\tMM0\307z\300\306\335\021\216q\013\371\256E\222\330\341\352MNPE\017advw)\013\003""; }; requestCookie: 2; ","ledgerHash: ""\022`\210$\005\261rTx\343\226\224vC\2607.\025\213@~\312\227\000 o\232\016\376|a3""; ledgerSeq: 50; type: liBASE; nodes {;   nodedata: ""\000\000\0002\001cEx]\211\377\330\037\006\345\236\265\343\337g\271\317\315\374\3357gX\036\024'\357<$\322\323$\375\346&^\361\0009\000\000\000\000\000\000\000\000\000\000\000\000\000\000\000\000\000\000\000\000\000\000\000\000\000\000\000\000\000\000\000\000\006\272\025\350\331gP\001_N\273\243\337`\312\037m\315\341\232(O\312\200Y(\272>J4\350\303/\351\253J/\351\253K\n\000""; }; nodes {;   nodedata: ""\323C\344\327\264{\312-\017:\006{\177\344N\002\326bO\260\220\006\033\362\345\005U\221DzJ0\001\301\025%1L\307\t\261\262z\374\222T\301\274V\236\223\262\270Ct\362\337b\356\024*\324\320\351\317\002k\336\234\027v\351\217\260\303\360\233ZPZWr\246$w\313\313\r\243r\232\2234\373\3539:N\004Q\245\272D\312D\300\300\t\323\0257\345e\271\na\215{\226\255x%T\257\037\333\004\344_/R\006E\344\037@\210\363\010\336T\226\247'\204_{\261\370""1\235\2445\343\033Y!\212\201\341\272\225'\007T\261\tMM0\307z\300\306\335\021\216q\013\371\256E\222\330\341\352MNPE\017advw)\013\003""; }; requestCookie: 2; "
1750527690532,1750527690532,0,1,3,2,TMLedgerData,"ledgerHash: ""\022`\210$\005\261rTx\343\226\224vC\2607.\025\213@~\312\227\000 o\232\016\376|a3""; ledgerSeq: 50; type: liBASE; nodes {;   nodedata: ""\000\000\0002\001cEx]\211\377\330\037\006\345\236\265\343\337g\271\317\315\374\3357gX\036\024'\357<$\322\323$\375\346&^\361\0009\000\000\000\000\000\000\000\000\000\000\000\000\000\000\000\000\000\000\000\000\000\000\000\000\000\000\000\000\000\000\000\000\006\272\025\350\331gP\001_N\273\243\337`\312\037m\315\341\232(O\312\200Y(\272>J4\350\303/\351\253J/\351\253K\n\000""; }; nodes {;   nodedata: ""\323C\344\327\264{\312-\017:\006{\177\344N\002\326bO\260\220\006\033\362\345\005U\221DzJ0\001\301\025%1L\307\t\261\262z\374\222T\301\274V\236\223\262\270Ct\362\337b\356\024*\324\320\351\317\002k\336\234\027v\351\217\260\303\360\233ZPZWr\246$w\313\313\r\243r\232\2234\373\3539:N\004Q\245\272D\312D\300\300\t\323\0257\345e\271\na\215{\226\255x%T\257\037\333\004\344_/R\006E\344\037@\210\363\010\336T\226\247'\204_{\261\370""1\235\2445\343\033Y!\212\201\341\272\225'\007T\261\tMM0\307z\300\306\335\021\216q\013\371\256E\222\330\341\352MNPE\017advw)\013\003""; }; ","ledgerHash: ""\022`\210$\005\261rTx\343\226\224vC\2607.\025\213@~\312\227\000 o\232\016\376|a3""; ledgerSeq: 50; type: liBASE; nodes {;   nodedata: ""\000\000\0002\001cEx]\211\377\330\037\006\345\236\265\343\337g\271\317\315\374\3357gX\036\024'\357<$\322\323$\375\346&^\361\0009\000\000\000\000\000\000\000\000\000\000\000\000\000\000\000\000\000\000\000\000\000\000\000\000\000\000\000\000\000\000\000\000\006\272\025\350\331gP\001_N\273\243\337`\312\037m\315\341\232(O\312\200Y(\272>J4\350\303/\351\253J/\351\253K\n\000""; }; nodes {;   nodedata: ""\323C\344\327\264{\312-\017:\006{\177\344N\002\326bO\260\220\006\033\362\345\005U\221DzJ0\001\301\025%1L\307\t\261\262z\374\222T\301\274V\236\223\262\270Ct\362\337b\356\024*\324\320\351\317\002k\336\234\027v\351\217\260\303\360\233ZPZWr\246$w\313\313\r\243r\232\2234\373\3539:N\004Q\245\272D\312D\300\300\t\323\0257\345e\271\na\215{\226\255x%T\257\037\333\004\344_/R\006E\344\037@\210\363\010\336T\226\247'\204_{\261\370""1\235\2445\343\033Y!\212\201\341\272\225'\007T\261\tMM0\307z\300\306\335\021\216q\013\371\256E\222\330\341\352MNPE\017advw)\013\003""; }; "
1750527690533,1750527690533,0,1,3,2,TMLedgerData,"ledgerHash: ""\022`\210$\005\261rTx\343\226\224vC\2607.\025\213@~\312\227\000 o\232\016\376|a3""; ledgerSeq: 50; type: liBASE; nodes {;   nodedata: ""\000\000\0002\001cEx]\211\377\330\037\006\345\236\265\343\337g\271\317\315\374\3357gX\036\024'\357<$\322\323$\375\346&^\361\0009\000\000\000\000\000\000\000\000\000\000\000\000\000\000\000\000\000\000\000\000\000\000\000\000\000\000\000\000\000\000\000\000\006\272\025\350\331gP\001_N\273\243\337`\312\037m\315\341\232(O\312\200Y(\272>J4\350\303/\351\253J/\351\253K\n\000""; }; nodes {;   nodedata: ""\323C\344\327\264{\312-\017:\006{\177\344N\002\326bO\260\220\006\033\362\345\005U\221DzJ0\001\301\025%1L\307\t\261\262z\374\222T\301\274V\236\223\262\270Ct\362\337b\356\024*\324\320\351\317\002k\336\234\027v\351\217\260\303\360\233ZPZWr\246$w\313\313\r\243r\232\2234\373\3539:N\004Q\245\272D\312D\300\300\t\323\0257\345e\271\na\215{\226\255x%T\257\037\333\004\344_/R\006E\344\037@\210\363\010\336T\226\247'\204_{\261\370""1\235\2445\343\033Y!\212\201\341\272\225'\007T\261\tMM0\307z\300\306\335\021\216q\013\371\256E\222\330\341\352MNPE\017advw)\013\003""; }; requestCookie: 5; ","ledgerHash: ""\022`\210$\005\261rTx\343\226\224vC\2607.\025\213@~\312\227\000 o\232\016\376|a3""; ledgerSeq: 50; type: liBASE; nodes {;   nodedata: ""\000\000\0002\001cEx]\211\377\330\037\006\345\236\265\343\337g\271\317\315\374\3357gX\036\024'\357<$\322\323$\375\346&^\361\0009\000\000\000\000\000\000\000\000\000\000\000\000\000\000\000\000\000\000\000\000\000\000\000\000\000\000\000\000\000\000\000\000\006\272\025\350\331gP\001_N\273\243\337`\312\037m\315\341\232(O\312\200Y(\272>J4\350\303/\351\253J/\351\253K\n\000""; }; nodes {;   nodedata: ""\323C\344\327\264{\312-\017:\006{\177\344N\002\326bO\260\220\006\033\362\345\005U\221DzJ0\001\301\025%1L\307\t\261\262z\374\222T\301\274V\236\223\262\270Ct\362\337b\356\024*\324\320\351\317\002k\336\234\027v\351\217\260\303\360\233ZPZWr\246$w\313\313\r\243r\232\2234\373\3539:N\004Q\245\272D\312D\300\300\t\323\0257\345e\271\na\215{\226\255x%T\257\037\333\004\344_/R\006E\344\037@\210\363\010\336T\226\247'\204_{\261\370""1\235\2445\343\033Y!\212\201\341\272\225'\007T\261\tMM0\307z\300\306\335\021\216q\013\371\256E\222\330\341\352MNPE\017advw)\013\003""; }; requestCookie: 5; "
1750527690534,1750527690534,0,1,3,2,TMLedgerData,"ledgerHash: ""\022`\210$\005\261rTx\343\226\224vC\2607.\025\213@~\312\227\000 o\232\016\376|a3""; ledgerSeq: 50; type: liBASE; nodes {;   nodedata: ""\000\000\0002\001cEx]\211\377\330\037\006\345\236\265\343\337g\271\317\315\374\3357gX\036\024'\357<$\322\323$\375\346&^\361\0009\000\000\000\000\000\000\000\000\000\000\000\000\000\000\000\000\000\000\000\000\000\000\000\000\000\000\000\000\000\000\000\000\006\272\025\350\331gP\001_N\273\243\337`\312\037m\315\341\232(O\312\200Y(\272>J4\350\303/\351\253J/\351\253K\n\000""; }; nodes {;   nodedata: ""\323C\344\327\264{\312-\017:\006{\177\344N\002\326bO\260\220\006\033\362\345\005U\221DzJ0\001\301\025%1L\307\t\261\262z\374\222T\301\274V\236\223\262\270Ct\362\337b\356\024*\324\320\351\317\002k\336\234\027v\351\217\260\303\360\233ZPZWr\246$w\313\313\r\243r\232\2234\373\3539:N\004Q\245\272D\312D\300\300\t\323\0257\345e\271\na\215{\226\255x%T\257\037\333\004\344_/R\006E\344\037@\210\363\010\336T\226\247'\204_{\261\370""1\235\2445\343\033Y!\212\201\341\272\225'\007T\261\tMM0\307z\300\306\335\021\216q\013\371\256E\222\330\341\352MNPE\017advw)\013\003""; }; requestCookie: 3; ","ledgerHash: ""\022`\210$\005\261rTx\343\226\224vC\2607.\025\213@~\312\227\000 o\232\016\376|a3""; ledgerSeq: 50; type: liBASE; nodes {;   nodedata: ""\000\000\0002\001cEx]\211\377\330\037\006\345\236\265\343\337g\271\317\315\374\3357gX\036\024'\357<$\322\323$\375\346&^\361\0009\000\000\000\000\000\000\000\000\000\000\000\000\000\000\000\000\000\000\000\000\000\000\000\000\000\000\000\000\000\000\000\000\006\272\025\350\331gP\001_N\273\243\337`\312\037m\315\341\232(O\312\200Y(\272>J4\350\303/\351\253J/\351\253K\n\000""; }; nodes {;   nodedata: ""\323C\344\327\264{\312-\017:\006{\177\344N\002\326bO\260\220\006\033\362\345\005U\221DzJ0\001\301\025%1L\307\t\261\262z\374\222T\301\274V\236\223\262\270Ct\362\337b\356\024*\324\320\351\317\002k\336\234\027v\351\217\260\303\360\233ZPZWr\246$w\313\313\r\243r\232\2234\373\3539:N\004Q\245\272D\312D\300\300\t\323\0257\345e\271\na\215{\226\255x%T\257\037\333\004\344_/R\006E\344\037@\210\363\010\336T\226\247'\204_{\261\370""1\235\2445\343\033Y!\212\201\341\272\225'\007T\261\tMM0\307z\300\306\335\021\216q\013\371\256E\222\330\341\352MNPE\017advw)\013\003""; }; requestCookie: 3; "
1750527690534,1750527690534,0,1,3,2,TMLedgerData,"ledgerHash: ""\022`\210$\005\261rTx\343\226\224vC\2607.\025\213@~\312\227\000 o\232\016\376|a3""; ledgerSeq: 50; type: liBASE; nodes {;   nodedata: ""\000\000\0002\001cEx]\211\377\330\037\006\345\236\265\343\337g\271\317\315\374\3357gX\036\024'\357<$\322\323$\375\346&^\361\0009\000\000\000\000\000\000\000\000\000\000\000\000\000\000\000\000\000\000\000\000\000\000\000\000\000\000\000\000\000\000\000\000\006\272\025\350\331gP\001_N\273\243\337`\312\037m\315\341\232(O\312\200Y(\272>J4\350\303/\351\253J/\351\253K\n\000""; }; nodes {;   nodedata: ""\323C\344\327\264{\312-\017:\006{\177\344N\002\326bO\260\220\006\033\362\345\005U\221DzJ0\001\301\025%1L\307\t\261\262z\374\222T\301\274V\236\223\262\270Ct\362\337b\356\024*\324\320\351\317\002k\336\234\027v\351\217\260\303\360\233ZPZWr\246$w\313\313\r\243r\232\2234\373\3539:N\004Q\245\272D\312D\300\300\t\323\0257\345e\271\na\215{\226\255x%T\257\037\333\004\344_/R\006E\344\037@\210\363\010\336T\226\247'\204_{\261\370""1\235\2445\343\033Y!\212\201\341\272\225'\007T\261\tMM0\307z\300\306\335\021\216q\013\371\256E\222\330\341\352MNPE\017advw)\013\003""; }; requestCookie: 2; ","ledgerHash: ""\022`\210$\005\261rTx\343\226\224vC\2607.\025\213@~\312\227\000 o\232\016\376|a3""; ledgerSeq: 50; type: liBASE; nodes {;   nodedata: ""\000\000\0002\001cEx]\211\377\330\037\006\345\236\265\343\337g\271\317\315\374\3357gX\036\024'\357<$\322\323$\375\346&^\361\0009\000\000\000\000\000\000\000\000\000\000\000\000\000\000\000\000\000\000\000\000\000\000\000\000\000\000\000\000\000\000\000\000\006\272\025\350\331gP\001_N\273\243\337`\312\037m\315\341\232(O\312\200Y(\272>J4\350\303/\351\253J/\351\253K\n\000""; }; nodes {;   nodedata: ""\323C\344\327\264{\312-\017:\006{\177\344N\002\326bO\260\220\006\033\362\345\005U\221DzJ0\001\301\025%1L\307\t\261\262z\374\222T\301\274V\236\223\262\270Ct\362\337b\356\024*\324\320\351\317\002k\336\234\027v\351\217\260\303\360\233ZPZWr\246$w\313\313\r\243r\232\2234\373\3539:N\004Q\245\272D\312D\300\300\t\323\0257\345e\271\na\215{\226\255x%T\257\037\333\004\344_/R\006E\344\037@\210\363\010\336T\226\247'\204_{\261\370""1\235\2445\343\033Y!\212\201\341\272\225'\007T\261\tMM0\307z\300\306\335\021\216q\013\371\256E\222\330\341\352MNPE\017advw)\013\003""; }; requestCookie: 2; "
1750527690535,1750527690535,0,1,0,2,TMLedgerData,"ledgerHash: ""\022`\210$\005\261rTx\343\226\224vC\2607.\025\213@~\312\227\000 o\232\016\376|a3""; ledgerSeq: 50; type: liBASE; nodes {;   nodedata: ""\000\000\0002\001cEx]\211\377\330\037\006\345\236\265\343\337g\271\317\315\374\3357gX\036\024'\357<$\322\323$\375\346&^\361\0009\000\000\000\000\000\000\000\000\000\000\000\000\000\000\000\000\000\000\000\000\000\000\000\000\000\000\000\000\000\000\000\000\006\272\025\350\331gP\001_N\273\243\337`\312\037m\315\341\232(O\312\200Y(\272>J4\350\303/\351\253J/\351\253K\n\000""; }; nodes {;   nodedata: ""\323C\344\327\264{\312-\017:\006{\177\344N\002\326bO\260\220\006\033\362\345\005U\221DzJ0\001\301\025%1L\307\t\261\262z\374\222T\301\274V\236\223\262\270Ct\362\337b\356\024*\324\320\351\317\002k\336\234\027v\351\217\260\303\360\233ZPZWr\246$w\313\313\r\243r\232\2234\373\3539:N\004Q\245\272D\312D\300\300\t\323\0257\345e\271\na\215{\226\255x%T\257\037\333\004\344_/R\006E\344\037@\210\363\010\336T\226\247'\204_{\261\370""1\235\2445\343\033Y!\212\201\341\272\225'\007T\261\tMM0\307z\300\306\335\021\216q\013\371\256E\222\330\341\352MNPE\017advw)\013\003""; }; ","ledgerHash: ""\022`\210$\005\261rTx\343\226\224vC\2607.\025\213@~\312\227\000 o\232\016\376|a3""; ledgerSeq: 50; type: liBASE; nodes {;   nodedata: ""\000\000\0002\001cEx]\211\377\330\037\006\345\236\265\343\337g\271\317\315\374\3357gX\036\024'\357<$\322\323$\375\346&^\361\0009\000\000\000\000\000\000\000\000\000\000\000\000\000\000\000\000\000\000\000\000\000\000\000\000\000\000\000\000\000\000\000\000\006\272\025\350\331gP\001_N\273\243\337`\312\037m\315\341\232(O\312\200Y(\272>J4\350\303/\351\253J/\351\253K\n\000""; }; nodes {;   nodedata: ""\323C\344\327\264{\312-\017:\006{\177\344N\002\326bO\260\220\006\033\362\345\005U\221DzJ0\001\301\025%1L\307\t\261\262z\374\222T\301\274V\236\223\262\270Ct\362\337b\356\024*\324\320\351\317\002k\336\234\027v\351\217\260\303\360\233ZPZWr\246$w\313\313\r\243r\232\2234\373\3539:N\004Q\245\272D\312D\300\300\t\323\0257\345e\271\na\215{\226\255x%T\257\037\333\004\344_/R\006E\344\037@\210\363\010\336T\226\247'\204_{\261\370""1\235\2445\343\033Y!\212\201\341\272\225'\007T\261\tMM0\307z\300\306\335\021\216q\013\371\256E\222\330\341\352MNPE\017advw)\013\003""; }; "
1750527690536,1750527690536,0,1,3,1,TMLedgerData,"ledgerHash: ""\022`\210$\005\261rTx\343\226\224vC\2607.\025\213@~\312\227\000 o\232\016\376|a3""; ledgerSeq: 50; type: liBASE; nodes {;   nodedata: ""\000\000\0002\001cEx]\211\377\330\037\006\345\236\265\343\337g\271\317\315\374\3357gX\036\024'\357<$\322\323$\375\346&^\361\0009\000\000\000\000\000\000\000\000\000\000\000\000\000\000\000\000\000\000\000\000\000\000\000\000\000\000\000\000\000\000\000\000\006\272\025\350\331gP\001_N\273\243\337`\312\037m\315\341\232(O\312\200Y(\272>J4\350\303/\351\253J/\351\253K\n\000""; }; nodes {;   nodedata: ""\323C\344\327\264{\312-\017:\006{\177\344N\002\326bO\260\220\006\033\362\345\005U\221DzJ0\001\301\025%1L\307\t\261\262z\374\222T\301\274V\236\223\262\270Ct\362\337b\356\024*\324\320\351\317\002k\336\234\027v\351\217\260\303\360\233ZPZWr\246$w\313\313\r\243r\232\2234\373\3539:N\004Q\245\272D\312D\300\300\t\323\0257\345e\271\na\215{\226\255x%T\257\037\333\004\344_/R\006E\344\037@\210\363\010\336T\226\247'\204_{\261\370""1\235\2445\343\033Y!\212\201\341\272\225'\007T\261\tMM0\307z\300\306\335\021\216q\013\371\256E\222\330\341\352MNPE\017advw)\013\003""; }; requestCookie: 5; ","ledgerHash: ""\022`\210$\005\261rTx\343\226\224vC\2607.\025\213@~\312\227\000 o\232\016\376|a3""; ledgerSeq: 50; type: liBASE; nodes {;   nodedata: ""\000\000\0002\001cEx]\211\377\330\037\006\345\236\265\343\337g\271\317\315\374\3357gX\036\024'\357<$\322\323$\375\346&^\361\0009\000\000\000\000\000\000\000\000\000\000\000\000\000\000\000\000\000\000\000\000\000\000\000\000\000\000\000\000\000\000\000\000\006\272\025\350\331gP\001_N\273\243\337`\312\037m\315\341\232(O\312\200Y(\272>J4\350\303/\351\253J/\351\253K\n\000""; }; nodes {;   nodedata: ""\323C\344\327\264{\312-\017:\006{\177\344N\002\326bO\260\220\006\033\362\345\005U\221DzJ0\001\301\025%1L\307\t\261\262z\374\222T\301\274V\236\223\262\270Ct\362\337b\356\024*\324\320\351\317\002k\336\234\027v\351\217\260\303\360\233ZPZWr\246$w\313\313\r\243r\232\2234\373\3539:N\004Q\245\272D\312D\300\300\t\323\0257\345e\271\na\215{\226\255x%T\257\037\333\004\344_/R\006E\344\037@\210\363\010\336T\226\247'\204_{\261\370""1\235\2445\343\033Y!\212\201\341\272\225'\007T\261\tMM0\307z\300\306\335\021\216q\013\371\256E\222\330\341\352MNPE\017advw)\013\003""; }; requestCookie: 5; "
1750527690536,1750527690536,0,1,3,1,TMLedgerData,"ledgerHash: ""\022`\210$\005\261rTx\343\226\224vC\2607.\025\213@~\312\227\000 o\232\016\376|a3""; ledgerSeq: 50; type: liBASE; nodes {;   nodedata: ""\000\000\0002\001cEx]\211\377\330\037\006\345\236\265\343\337g\271\317\315\374\3357gX\036\024'\357<$\322\323$\375\346&^\361\0009\000\000\000\000\000\000\000\000\000\000\000\000\000\000\000\000\000\000\000\000\000\000\000\000\000\000\000\000\000\000\000\000\006\272\025\350\331gP\001_N\273\243\337`\312\037m\315\341\232(O\312\200Y(\272>J4\350\303/\351\253J/\351\253K\n\000""; }; nodes {;   nodedata: ""\323C\344\327\264{\312-\017:\006{\177\344N\002\326bO\260\220\006\033\362\345\005U\221DzJ0\001\301\025%1L\307\t\261\262z\374\222T\301\274V\236\223\262\270Ct\362\337b\356\024*\324\320\351\317\002k\336\234\027v\351\217\260\303\360\233ZPZWr\246$w\313\313\r\243r\232\2234\373\3539:N\004Q\245\272D\312D\300\300\t\323\0257\345e\271\na\215{\226\255x%T\257\037\333\004\344_/R\006E\344\037@\210\363\010\336T\226\247'\204_{\261\370""1\235\2445\343\033Y!\212\201\341\272\225'\007T\261\tMM0\307z\300\306\335\021\216q\013\371\256E\222\330\341\352MNPE\017advw)\013\003""; }; requestCookie: 3; ","ledgerHash: ""\022`\210$\005\261rTx\343\226\224vC\2607.\025\213@~\312\227\000 o\232\016\376|a3""; ledgerSeq: 50; type: liBASE; nodes {;   nodedata: ""\000\000\0002\001cEx]\211\377\330\037\006\345\236\265\343\337g\271\317\315\374\3357gX\036\024'\357<$\322\323$\375\346&^\361\0009\000\000\000\000\000\000\000\000\000\000\000\000\000\000\000\000\000\000\000\000\000\000\000\000\000\000\000\000\000\000\000\000\006\272\025\350\331gP\001_N\273\243\337`\312\037m\315\341\232(O\312\200Y(\272>J4\350\303/\351\253J/\351\253K\n\000""; }; nodes {;   nodedata: ""\323C\344\327\264{\312-\017:\006{\177\344N\002\326bO\260\220\006\033\362\345\005U\221DzJ0\001\301\025%1L\307\t\261\262z\374\222T\301\274V\236\223\262\270Ct\362\337b\356\024*\324\320\351\317\002k\336\234\027v\351\217\260\303\360\233ZPZWr\246$w\313\313\r\243r\232\2234\373\3539:N\004Q\245\272D\312D\300\300\t\323\0257\345e\271\na\215{\226\255x%T\257\037\333\004\344_/R\006E\344\037@\210\363\010\336T\226\247'\204_{\261\370""1\235\2445\343\033Y!\212\201\341\272\225'\007T\261\tMM0\307z\300\306\335\021\216q\013\371\256E\222\330\341\352MNPE\017advw)\013\003""; }; requestCookie: 3; "
1750527690538,1750527690538,0,1,3,1,TMLedgerData,"ledgerHash: ""\022`\210$\005\261rTx\343\226\224vC\2607.\025\213@~\312\227\000 o\232\016\376|a3""; ledgerSeq: 50; type: liBASE; nodes {;   nodedata: ""\000\000\0002\001cEx]\211\377\330\037\006\345\236\265\343\337g\271\317\315\374\3357gX\036\024'\357<$\322\323$\375\346&^\361\0009\000\000\000\000\000\000\000\000\000\000\000\000\000\000\000\000\000\000\000\000\000\000\000\000\000\000\000\000\000\000\000\000\006\272\025\350\331gP\001_N\273\243\337`\312\037m\315\341\232(O\312\200Y(\272>J4\350\303/\351\253J/\351\253K\n\000""; }; nodes {;   nodedata: ""\323C\344\327\264{\312-\017:\006{\177\344N\002\326bO\260\220\006\033\362\345\005U\221DzJ0\001\301\025%1L\307\t\261\262z\374\222T\301\274V\236\223\262\270Ct\362\337b\356\024*\324\320\351\317\002k\336\234\027v\351\217\260\303\360\233ZPZWr\246$w\313\313\r\243r\232\2234\373\3539:N\004Q\245\272D\312D\300\300\t\323\0257\345e\271\na\215{\226\255x%T\257\037\333\004\344_/R\006E\344\037@\210\363\010\336T\226\247'\204_{\261\370""1\235\2445\343\033Y!\212\201\341\272\225'\007T\261\tMM0\307z\300\306\335\021\216q\013\371\256E\222\330\341\352MNPE\017advw)\013\003""; }; requestCookie: 2; ","ledgerHash: ""\022`\210$\005\261rTx\343\226\224vC\2607.\025\213@~\312\227\000 o\232\016\376|a3""; ledgerSeq: 50; type: liBASE; nodes {;   nodedata: ""\000\000\0002\001cEx]\211\377\330\037\006\345\236\265\343\337g\271\317\315\374\3357gX\036\024'\357<$\322\323$\375\346&^\361\0009\000\000\000\000\000\000\000\000\000\000\000\000\000\000\000\000\000\000\000\000\000\000\000\000\000\000\000\000\000\000\000\000\006\272\025\350\331gP\001_N\273\243\337`\312\037m\315\341\232(O\312\200Y(\272>J4\350\303/\351\253J/\351\253K\n\000""; }; nodes {;   nodedata: ""\323C\344\327\264{\312-\017:\006{\177\344N\002\326bO\260\220\006\033\362\345\005U\221DzJ0\001\301\025%1L\307\t\261\262z\374\222T\301\274V\236\223\262\270Ct\362\337b\356\024*\324\320\351\317\002k\336\234\027v\351\217\260\303\360\233ZPZWr\246$w\313\313\r\243r\232\2234\373\3539:N\004Q\245\272D\312D\300\300\t\323\0257\345e\271\na\215{\226\255x%T\257\037\333\004\344_/R\006E\344\037@\210\363\010\336T\226\247'\204_{\261\370""1\235\2445\343\033Y!\212\201\341\272\225'\007T\261\tMM0\307z\300\306\335\021\216q\013\371\256E\222\330\341\352MNPE\017advw)\013\003""; }; requestCookie: 2; "
1750527690538,1750527690539,0,1,3,1,TMLedgerData,"ledgerHash: ""\022`\210$\005\261rTx\343\226\224vC\2607.\025\213@~\312\227\000 o\232\016\376|a3""; ledgerSeq: 50; type: liAS_NODE; nodes {;   nodedata: ""\021\000h""\000\000\000\000 \033\000\000\0001\002\023\306\177\330\356GuH\375\327!\255\371\r\231\262R\256J\034\222\241\355X\265E\241^W\225\304\014\361CX-}\351f\032\255\274\334m\326c\017\014ao[\342\230\003\245\245\3341Hm\326^\017jy\335\261\032Yt\320\244{g\0306\\302\303*\341\215\223\257\364\277o\375\000r\241SOq\221\253\262\005\017\375T\356\014\360o'\030\311-\267\031\257!\031T\006><\315XM\334\324\345\034\000\325\367\240\271\013\265\024\321\362\354\211\250.\234s\225amc\305\035\366\276\037nD\277`\210\223N\3535\033\261\304f\331]\036\237\306o!\223\221\002\324\031\262\240R\177 ,\214\325\Q])\016\2067\277\t\354\010\000\360\215\2502\265\245\310\226\243c\302Ze\306\253#r\020\211\320iG\276\020E\317\035Sf\223F\254\033@\177e\277\016\010u\327\371&\262\312\317Q\2361t\377x\234\001v\003%\030\325_\225g\204\346a=\225\273\331\354\365*U\363\263N\367b\371\244\314-w\363\262\225Z\200\206\235\233\257?sE\2674\254\326mU\377?\177Ek\336\030!\316Aa\225\303\022\377{\210Y\226\271as\354L\035\004\341\361\035\301\024\220m#*\372\032\3178~\374\250\014*\323\342'z69\220\327\256\351G\367\317u\302\207\270b\315\333\333\334\310I\323&\014\352XZnW2.\335\347\202\021\247\362\212e\034\000\001\250\220\305;a\314\265R\310\017\317\331\235\360\262\240:\277\202\266\354\265X""\022\nh\252\352w\204\203\023]\001f\352\277\0031Q]\362\370R\350{\261\202\240\344\215\201\353\276\322p5p\350\354\017>\250r\241c\273\016\301\024\363\242\247\263\231\370\344\nBW\220K\316@3\243\200\036wk\253GSlU\010\360\231>\331\263H\214\324\030A\225\301o\346pkSF\004\241\213w9\223=\250\262*+\255\351r\265\244c\024\213\t\007`\223\325#\3477\210\345P\306\013\320\252[\0216+\227=`\371P\314\346 V7\271[~\n\237\274|\347\352@K\253~&\260\032\024\004B\200\255h\351\013\361\031:nG\211\005|\2003\266\274\251,W\006u\344\335d\003\306\212\313,\340\350bG\n\030Z\2732-\246\312\255\030\003\235207\005}D\260\0261ah\322M\304\216\273m0\271\234\237\007<w$\265C\245\232\033\023\313c\321B\032l\301h\005\320\252\301\361(\330[\343\357\343{\235\n\266g\272>\177\317\347\261qb&\270&\346ju\200\363N\320\307\004\034\001n\317\361\2653\254\2503\247\305\372\316W\022O\253x\250\025\373\247\354Tc\304\263\243^\352Gv\\264\261\r\035\226\306\2411\351\233\203\215\200$\231\300f\220\371c@\017\254\363\\371\340\340VaR\205~^\226\342t\360\022\204d\231\205)\272\364?\361!\334\331\315\254\230\rBG\314\023\246\244=\351\177\254\302b&\276+H;0\312\021&\275\036\237\350R\313\206R\331\304k\323u\263t\221\213yC\241\217A\242\027g\322\241'\212.E?B_\316\327\217J +\370\t^b\005\020\003\211\373\247|hC\271Nmk~J\270EU\274\036-\347\240\312FA\321\341bca\253\025\321\311\317\021\375\317\217\n\272\033o\353G>\275\361H\265\240\232um""\317\324`\214\221\314\000\211K\223+(""\200i \311\372g\254\343ZR0\224\275q\252\357\213\263\206N\357&Q\217\267\303\356I\236\357\264\311b\037\366\035\253\343\311\265\240\327q\206f\262ODi\215-\363>\034\236l\273\005G\316F\217}[\036\007\270:\260\335\271B\241N\345\330\204\327f\361\272Kb\0377p\334\264\237\177~\330]\252+:\317u\302h\n\351\n\364\231\277R\371\356\033y\265v\360Ny\246\332qY\262\231\251\n\305\334\202\305\362\n\367@k\231\016R:\327\242\366\242\253LZY\223$Gw^\203\302\311\316I7\371tTwp}\005|\372\214\251{R`\230V\244-\326I\351\255\325i\335\377\321\353\327\331\302\023\347y\016\263\271\317\306\017UV\314qu?\0064A\315{3D\010\016S\212\2353k0\361\214ID\303g\277\010Y_\001~\021\333\370\255\374\\331\306\255\336)\365Rth\024\t\300.M\315\321S\257\224\252\362\326P\316\303%nX\3742\333\036\004Y\264yG^\234\177\214\305q\237\274G\300a4\275\240s\215\222\210\016\020G\344=-:GK\312\035\271\201\350\376F\260G\347\000\235\365P6pmH\033\373\212c\377o\232\356\320D\002\277,]os{\354/?\312e\006wda\001\023\375\316\025\254\321\244\370+Y`\220\270\254\2601E[FI\310\235<qI \356\032v%\001\230\016\203\200\251UD\347\304\373\034\211\340@\342\033\263\365\356\341\357\350\324\035J\032\177\230\207\220\303+\207\352g\317N\027>\222M\271m\033\236\021:\272\233r\373\233hC}\256\020\210\010\233\335\025[ d(\343\263\327\177\030\246\254H\277\254E\231\006\033_lB\210\264\334Y\322\314\362\320L\000Q\240\317\3502\006,|\364\004\275\034\006\337\370""\330\364\202\314\315\311?\030\260\361u)\336\202\265Y\177X\227$\245tCB\345\314d\231A\300\204\371KJ\036\321\330\014]""EN\266$]\331\226c\351\312\376z\254\214\206B\274&M\032\376v\266\3104u)\r\312\021\273\030jJH\215G4\367fQ;\255\3404\372\225\341L\224\242\200VY\220\355\020\353I\n\363\266\036\311\003OR\250""\032\230\021]+$\302\005\224\270\033E\r\312\315}\200\2505\216\221\301\341\035[\247\325\236M^\360a\267\356\267\247]\357\236\n\207}P\2654\026`\256u\276\r&\026K\315a\3337\216.\240\362\263\327]\372\325\037\006\345\236\265\343\337g\271\317\315\374\3357gX\036\024'\357<$\322\323$\375\346&^\361\0009\264\227\2326\315\307\363\323\325\303\032N\256*\307\327 \235\332\207u\210\271\257\306g\231i*\260\326k\001"";   nodeid: ""\260\000\000\000\000\000\000\000\000\000\000\000\000\000\000\000\000\000\000\000\000\000\000\000\000\000\000\000\000\000\000\000\001""; }; ","ledgerHash: ""\022`\210$\005\261rTx\343\226\224vC\2607.\025\213@~\312\227\000 o\232\016\376|a3""; ledgerSeq: 50; type: liAS_NODE; nodes {;   nodedata: ""\021\000h""\000\000\000\000 \033\000\000\0001\002\023\306\177\330\356GuH\375\327!\255\371\r\231\262R\256J\034\222\241\355X\265E\241^W\225\304\014\361CX-}\351f\032\255\274\334m\326c\017\014ao[\342\230\003\245\245\3341Hm\326^\017jy\335\261\032Yt\320\244{g\0306\\302\303*\341\215\223\257\364\277o\375\000r\241SOq\221\253\262\005\017\375T\356\014\360o'\030\311-\267\031\257!\031T\006><\315XM\334\324\345\034\000\325\367\240\271\013\265\024\321\362\354\211\250.\234s\225amc\305\035\366\276\037nD\277`\210\223N\3535\033\261\304f\331]\036\237\306o!\223\221\002\324\031\262\240R\177 ,\214\325\Q])\016\2067\277\t\354\010\000\360\215\2502\265\245\310\226\243c\302Ze\306\253#r\020\211\320iG\276\020E\317\035Sf\223F\254\033@\177e\277\016\010u\327\371&\262\312\317Q\2361t\377x\234\001v\003%\030\325_\225g\204\346a=\225\273\331\354\365*U\363\263N\367b\371\244\314-w\363\262\225Z\200\206\235\233\257?sE\2674\254\326mU\377?\177Ek\336\030!\316Aa\225\303\022\377{\210Y\226\271as\354L\035\004\341\361\035\301\024\220m#*\372\032\3178~\374\250\014*\323\342'z69\220\327\256\351G\367\317u\302\207\270b\315\333\333\334\310I\323&\014\352XZnW2.\335\347\202\021\247\362\212e\034\000\001\250\220\305;a\314\265R\310\017\317\331\235\360\262\240:\277\202\266\354\265X""\022\nh\252\352w\204\203\023]\001f\352\277\0031Q]\362\370R\350{\261\202\240\344\215\201\353\276\322p5p\350\354\017>\250r\241c\273\016\301\024\363\242\247\263\231\370\344\nBW\220K\316@3\243\200\036wk\253GSlU\010\360\231>\331\263H\214\324\030A\225\301o\346pkSF\004\241\213w9\223=\250\262*+\255\351r\265\244c\024\213\t\007`\223\325#\3477\210\345P\306\013\320\252[\0216+\227=`\371P\314\346 V7\271[~\n\237\274|\347\352@K\253~&\260\032\024\004B\200\255h\351\013\361\031:nG\211\005|\2003\266\274\251,W\006u\344\335d\003\306\212\313,\340\350bG\n\030Z\2732-\246\312\255\030\003\235207\005}D\260\0261ah\322M\304\216\273m0\271\234\237\007<w$\265C\245\232\033\023\313c\321B\032l\301h\005\320\252\301\361(\330[\343\357\343{\235\n\266g\272>\177\317\347\261qb&\270&\346ju\200\363N\320\307\004\034\001n\317\361\2653\254\2503\247\305\372\316W\022O\253x\250\025\373\247\354Tc\304\263\243^\352Gv\\264\261\r\035\226\306\2411\351\233\203\215\200$\231\300f\220\371c@\017\254\363\\371\340\340VaR\205~^\226\342t\360\022\204d\231\205)\272\364?\361!\334\331\315\254\230\rBG\314\023\246\244=\351\177\254\302b&\276+H;0\312\021&\275\036\237\350R\313\206R\331\304k\323u\263t\221\213yC\241\217A\242\027g\322\241'\212.E?B_\316\327\217J +\370\t^b\005\020\003\211\373\247|hC\271Nmk~J\270EU\274\036-\347\240\312FA\321\341bca\253\025\321\311\317\021\375\317\217\n\272\033o\353G>\275\361H\265\240\232um""\317\324`\214\221\314\000\211K\223+(""\200i \311\372g\254\343ZR0\224\275q\252\357\213\263\206N\357&Q\217\267\303\356I\236\357\264\311b\037\366\035\253\343\311\265\240\327q\206f\262ODi\215-\363>\034\236l\273\005G\316F\217}[\036\007\270:\260\335\271B\241N\345\330\204\327f\361\272Kb\0377p\334\264\237\177~\330]\252+:\317u\302h\n\351\n\364\231\277R\371\356\033y\265v\360Ny\246\332qY\262\231\251\n\305\334\202\305\362\n\367@k\231\016R:\327\242\366\242\253LZY\223$Gw^\203\302\311\316I7\371tTwp}\005|\372\214\251{R`\230V\244-\326I\351\255\325i\335\377\321\353\327\331\302\023\347y\016\263\271\317\306\017UV\314qu?\0064A\315{3D\010\016S\212\2353k0\361\214ID\303g\277\010Y_\001~\021\333\370\255\374\\331\306\255\336)\365Rth\024\t\300.M\315\321S\257\224\252\362\326P\316\303%nX\3742\333\036\004Y\264yG^\234\177\214\305q\237\274G\300a4\275\240s\215\222\210\016\020G\344=-:GK\312\035\271\201\350\376F\260G\347\000\235\365P6pmH\033\373\212c\377o\232\356\320D\002\277,]os{\354/?\312e\006wda\001\023\375\316\025\254\321\244\370+Y`\220\270\254\2601E[FI\310\235<qI \356\032v%\001\230\016\203\200\251UD\347\304\373\034\211\340@\342\033\263\365\356\341\357\350\324\035J\032\177\230\207\220\303+\207\352g\317N\027>\222M\271m\033\236\021:\272\233r\373\233hC}\256\020\210\010\233\335\025[ d(\343\263\327\177\030\246\254H\277\254E\231\006\033_lB\210\264\334Y\322\314\362\320L\000Q\240\317\3502\006,|\364\004\275\034\006\337\370""\330\364\202\314\315\311?\030\260\361u)\336\202\265Y\177X\227$\245tCB\345\314d\231A\300\204\371KJ\036\321\330\014]""EN\266$]\331\226c\351\312\376z\254\214\206B\274&M\032\376v\266\3104u)\r\312\021\273\030jJH\215G4\367fQ;\255\3404\372\225\341L\224\242\200VY\220\355\020\353I\n\363\266\036\311\003OR\250""\032\230\021]+$\302\005\224\270\033E\r\312\315}\200\2505\216\221\301\341\035[\247\325\236M^\360a\267\356\267\247]\357\236\n\207}P\2654\026`\256u\276\r&\026K\315a\3337\216.\240\362\263\327]\372\325\037\006\345\236\265\343\337g\271\317\315\374\3357gX\036\024'\357<$\322\323$\375\346&^\361\0009\264\227\2326\315\307\363\323\325\303\032N\256*\307\327 \235\332\207u\210\271\257\306g\231i*\260\326k\001"";   nodeid: ""\260\000\000\000\000\000\000\000\000\000\000\000\000\000\000\000\000\000\000\000\000\000\000\000\000\000\000\000\000\000\000\000\001""; }; "
1750527690539,1750527690539,0,1,4,2,TMLedgerData,"ledgerHash: ""\022`\210$\005\261rTx\343\226\224vC\2607.\025\213@~\312\227\000 o\232\016\376|a3""; ledgerSeq: 50; type: liBASE; nodes {;   nodedata: ""\000\000\0002\001cEx]\211\377\330\037\006\345\236\265\343\337g\271\317\315\374\3357gX\036\024'\357<$\322\323$\375\346&^\361\0009\000\000\000\000\000\000\000\000\000\000\000\000\000\000\000\000\000\000\000\000\000\000\000\000\000\000\000\000\000\000\000\000\006\272\025\350\331gP\001_N\273\243\337`\312\037m\315\341\232(O\312\200Y(\272>J4\350\303/\351\253J/\351\253K\n\000""; }; nodes {;   nodedata: ""\323C\344\327\264{\312-\017:\006{\177\344N\002\326bO\260\220\006\033\362\345\005U\221DzJ0\001\301\025%1L\307\t\261\262z\374\222T\301\274V\236\223\262\270Ct\362\337b\356\024*\324\320\351\317\002k\336\234\027v\351\217\260\303\360\233ZPZWr\246$w\313\313\r\243r\232\2234\373\3539:N\004Q\245\272D\312D\300\300\t\323\0257\345e\271\na\215{\226\255x%T\257\037\333\004\344_/R\006E\344\037@\210\363\010\336T\226\247'\204_{\261\370""1\235\2445\343\033Y!\212\201\341\272\225'\007T\261\tMM0\307z\300\306\335\021\216q\013\371\256E\222\330\341\352MNPE\017advw)\013\003""; }; ","ledgerHash: ""\022`\210$\005\261rTx\343\226\224vC\2607.\025\213@~\312\227\000 o\232\016\376|a3""; ledgerSeq: 50; type: liBASE; nodes {;   nodedata: ""\000\000\0002\001cEx]\211\377\330\037\006\345\236\265\343\337g\271\317\315\374\3357gX\036\024'\357<$\322\323$\375\346&^\361\0009\000\000\000\000\000\000\000\000\000\000\000\000\000\000\000\000\000\000\000\000\000\000\000\000\000\000\000\000\000\000\000\000\006\272\025\350\331gP\001_N\273\243\337`\312\037m\315\341\232(O\312\200Y(\272>J4\350\303/\351\253J/\351\253K\n\000""; }; nodes {;   nodedata: ""\323C\344\327\264{\312-\017:\006{\177\344N\002\326bO\260\220\006\033\362\345\005U\221DzJ0\001\301\025%1L\307\t\261\262z\374\222T\301\274V\236\223\262\270Ct\362\337b\356\024*\324\320\351\317\002k\336\234\027v\351\217\260\303\360\233ZPZWr\246$w\313\313\r\243r\232\2234\373\3539:N\004Q\245\272D\312D\300\300\t\323\0257\345e\271\na\215{\226\255x%T\257\037\333\004\344_/R\006E\344\037@\210\363\010\336T\226\247'\204_{\261\370""1\235\2445\343\033Y!\212\201\341\272\225'\007T\261\tMM0\307z\300\306\335\021\216q\013\371\256E\222\330\341\352MNPE\017advw)\013\003""; }; "
1750527690540,1750527690540,0,1,3,0,TMLedgerData,"ledgerHash: ""\022`\210$\005\261rTx\343\226\224vC\2607.\025\213@~\312\227\000 o\232\016\376|a3""; ledgerSeq: 50; type: liBASE; nodes {;   nodedata: ""\000\000\0002\001cEx]\211\377\330\037\006\345\236\265\343\337g\271\317\315\374\3357gX\036\024'\357<$\322\323$\375\346&^\361\0009\000\000\000\000\000\000\000\000\000\000\000\000\000\000\000\000\000\000\000\000\000\000\000\000\000\000\000\000\000\000\000\000\006\272\025\350\331gP\001_N\273\243\337`\312\037m\315\341\232(O\312\200Y(\272>J4\350\303/\351\253J/\351\253K\n\000""; }; nodes {;   nodedata: ""\323C\344\327\264{\312-\017:\006{\177\344N\002\326bO\260\220\006\033\362\345\005U\221DzJ0\001\301\025%1L\307\t\261\262z\374\222T\301\274V\236\223\262\270Ct\362\337b\356\024*\324\320\351\317\002k\336\234\027v\351\217\260\303\360\233ZPZWr\246$w\313\313\r\243r\232\2234\373\3539:N\004Q\245\272D\312D\300\300\t\323\0257\345e\271\na\215{\226\255x%T\257\037\333\004\344_/R\006E\344\037@\210\363\010\336T\226\247'\204_{\261\370""1\235\2445\343\033Y!\212\201\341\272\225'\007T\261\tMM0\307z\300\306\335\021\216q\013\371\256E\222\330\341\352MNPE\017advw)\013\003""; }; requestCookie: 2; ","ledgerHash: ""\022`\210$\005\261rTx\343\226\224vC\2607.\025\213@~\312\227\000 o\232\016\376|a3""; ledgerSeq: 50; type: liBASE; nodes {;   nodedata: ""\000\000\0002\001cEx]\211\377\330\037\006\345\236\265\343\337g\271\317\315\374\3357gX\036\024'\357<$\322\323$\375\346&^\361\0009\000\000\000\000\000\000\000\000\000\000\000\000\000\000\000\000\000\000\000\000\000\000\000\000\000\000\000\000\000\000\000\000\006\272\025\350\331gP\001_N\273\243\337`\312\037m\315\341\232(O\312\200Y(\272>J4\350\303/\351\253J/\351\253K\n\000""; }; nodes {;   nodedata: ""\323C\344\327\264{\312-\017:\006{\177\344N\002\326bO\260\220\006\033\362\345\005U\221DzJ0\001\301\025%1L\307\t\261\262z\374\222T\301\274V\236\223\262\270Ct\362\337b\356\024*\324\320\351\317\002k\336\234\027v\351\217\260\303\360\233ZPZWr\246$w\313\313\r\243r\232\2234\373\3539:N\004Q\245\272D\312D\300\300\t\323\0257\345e\271\na\215{\226\255x%T\257\037\333\004\344_/R\006E\344\037@\210\363\010\336T\226\247'\204_{\261\370""1\235\2445\343\033Y!\212\201\341\272\225'\007T\261\tMM0\307z\300\306\335\021\216q\013\371\256E\222\330\341\352MNPE\017advw)\013\003""; }; requestCookie: 2; "
1750527690540,1750527690541,0,1,3,0,TMLedgerData,"ledgerHash: ""\022`\210$\005\261rTx\343\226\224vC\2607.\025\213@~\312\227\000 o\232\016\376|a3""; ledgerSeq: 50; type: liAS_NODE; nodes {;   nodedata: ""\021\000h""\000\000\000\000 \033\000\000\0001\002\023\306\177\330\356GuH\375\327!\255\371\r\231\262R\256J\034\222\241\355X\265E\241^W\225\304\014\361CX-}\351f\032\255\274\334m\326c\017\014ao[\342\230\003\245\245\3341Hm\326^\017jy\335\261\032Yt\320\244{g\0306\\302\303*\341\215\223\257\364\277o\375\000r\241SOq\221\253\262\005\017\375T\356\014\360o'\030\311-\267\031\257!\031T\006><\315XM\334\324\345\034\000\325\367\240\271\013\265\024\321\362\354\211\250.\234s\225amc\305\035\366\276\037nD\277`\210\223N\3535\033\261\304f\331]\036\237\306o!\223\221\002\324\031\262\240R\177 ,\214\325\Q])\016\2067\277\t\354\010\000\360\215\2502\265\245\310\226\243c\302Ze\306\253#r\020\211\320iG\276\020E\317\035Sf\223F\254\033@\177e\277\016\010u\327\371&\262\312\317Q\2361t\377x\234\001v\003%\030\325_\225g\204\346a=\225\273\331\354\365*U\363\263N\367b\371\244\314-w\363\262\225Z\200\206\235\233\257?sE\2674\254\326mU\377?\177Ek\336\030!\316Aa\225\303\022\377{\210Y\226\271as\354L\035\004\341\361\035\301\024\220m#*\372\032\3178~\374\250\014*\323\342'z69\220\327\256\351G\367\317u\302\207\270b\315\333\333\334\310I\323&\014\352XZnW2.\335\347\202\021\247\362\212e\034\000\001\250\220\305;a\314\265R\310\017\317\331\235\360\262\240:\277\202\266\354\265X""\022\nh\252\352w\204\203\023]\001f\352\277\0031Q]\362\370R\350{\261\202\240\344\215\201\353\276\322p5p\350\354\017>\250r\241c\273\016\301\024\363\242\247\263\231\370\344\nBW\220K\316@3\243\200\036wk\253GSlU\010\360\231>\331\263H\214\324\030A\225\301o\346pkSF\004\241\213w9\223=\250\262*+\255\351r\265\244c\024\213\t\007`\223\325#\3477\210\345P\306\013\320\252[\0216+\227=`\371P\314\346 V7\271[~\n\237\274|\347\352@K\253~&\260\032\024\004B\200\255h\351\013\361\031:nG\211\005|\2003\266\274\251,W\006u\344\335d\003\306\212\313,\340\350bG\n\030Z\2732-\246\312\255\030\003\235207\005}D\260\0261ah\322M\304\216\273m0\271\234\237\007<w$\265C\245\232\033\023\313c\321B\032l\301h\005\320\252\301\361(\330[\343\357\343{\235\n\266g\272>\177\317\347\261qb&\270&\346ju\200\363N\320\307\004\034\001n\317\361\2653\254\2503\247\305\372\316W\022O\253x\250\025\373\247\354Tc\304\263\243^\352Gv\\264\261\r\035\226\306\2411\351\233\203\215\200$\231\300f\220\371c@\017\254\363\\371\340\340VaR\205~^\226\342t\360\022\204d\231\205)\272\364?\361!\334\331\315\254\230\rBG\314\023\246\244=\351\177\254\302b&\276+H;0\312\021&\275\036\237\350R\313\206R\331\304k\323u\263t\221\213yC\241\217A\242\027g\322\241'\212.E?B_\316\327\217J +\370\t^b\005\020\003\211\373\247|hC\271Nmk~J\270EU\274\036-\347\240\312FA\321\341bca\253\025\321\311\317\021\375\317\217\n\272\033o\353G>\275\361H\265\240\232um""\317\324`\214\221\314\000\211K\223+(""\200i \311\372g\254\343ZR0\224\275q\252\357\213\263\206N\357&Q\217\267\303\356I\236\357\264\311b\037\366\035\253\343\311\265\240\327q\206f\262ODi\215-\363>\034\236l\273\005G\316F\217}[\036\007\270:\260\335\271B\241N\345\330\204\327f\361\272Kb\0377p\334\264\237\177~\330]\252+:\317u\302h\n\351\n\364\231\277R\371\356\033y\265v\360Ny\246\332qY\262\231\251\n\305\334\202\305\362\n\367@k\231\016R:\327\242\366\242\253LZY\223$Gw^\203\302\311\316I7\371tTwp}\005|\372\214\251{R`\230V\244-\326I\351\255\325i\335\377\321\353\327\331\302\023\347y\016\263\271\317\306\017UV\314qu?\0064A\315{3D\010\016S\212\2353k0\361\214ID\303g\277\010Y_\001~\021\333\370\255\374\\331\306\255\336)\365Rth\024\t\300.M\315\321S\257\224\252\362\326P\316\303%nX\3742\333\036\004Y\264yG^\234\177\214\305q\237\274G\300a4\275\240s\215\222\210\016\020G\344=-:GK\312\035\271\201\350\376F\260G\347\000\235\365P6pmH\033\373\212c\377o\232\356\320D\002\277,]os{\354/?\312e\006wda\001\023\375\316\025\254\321\244\370+Y`\220\270\254\2601E[FI\310\235<qI \356\032v%\001\230\016\203\200\251UD\347\304\373\034\211\340@\342\033\263\365\356\341\357\350\324\035J\032\177\230\207\220\303+\207\352g\317N\027>\222M\271m\033\236\021:\272\233r\373\233hC}\256\020\210\010\233\335\025[ d(\343\263\327\177\030\246\254H\277\254E\231\006\033_lB\210\264\334Y\322\314\362\320L\000Q\240\317\3502\006,|\364\004\275\034\006\337\370""\330\364\202\314\315\311?\030\260\361u)\336\202\265Y\177X\227$\245tCB\345\314d\231A\300\204\371KJ\036\321\330\014]""EN\266$]\331\226c\351\312\376z\254\214\206B\274&M\032\376v\266\3104u)\r\312\021\273\030jJH\215G4\367fQ;\255\3404\372\225\341L\224\242\200VY\220\355\020\353I\n\363\266\036\311\003OR\250""\032\230\021]+$\302\005\224\270\033E\r\312\315}\200\2505\216\221\301\341\035[\247\325\236M^\360a\267\356\267\247]\357\236\n\207}P\2654\026`\256u\276\r&\026K\315a\3337\216.\240\362\263\327]\372\325\037\006\345\236\265\343\337g\271\317\315\374\3357gX\036\024'\357<$\322\323$\375\346&^\361\0009\264\227\2326\315\307\363\323\325\303\032N\256*\307\327 \235\332\207u\210\271\257\306g\231i*\260\326k\001"";   nodeid: ""\260\000\000\000\000\000\000\000\000\000\000\000\000\000\000\000\000\000\000\000\000\000\000\000\000\000\000\000\000\000\000\000\001""; }; ","ledgerHash: ""\022`\210$\005\261rTx\343\226\224vC\2607.\025\213@~\312\227\000 o\232\016\376|a3""; ledgerSeq: 50; type: liAS_NODE; nodes {;   nodedata: ""\021\000h""\000\000\000\000 \033\000\000\0001\002\023\306\177\330\356GuH\375\327!\255\371\r\231\262R\256J\034\222\241\355X\265E\241^W\225\304\014\361CX-}\351f\032\255\274\334m\326c\017\014ao[\342\230\003\245\245\3341Hm\326^\017jy\335\261\032Yt\320\244{g\0306\\302\303*\341\215\223\257\364\277o\375\000r\241SOq\221\253\262\005\017\375T\356\014\360o'\030\311-\267\031\257!\031T\006><\315XM\334\324\345\034\000\325\367\240\271\013\265\024\321\362\354\211\250.\234s\225amc\305\035\366\276\037nD\277`\210\223N\3535\033\261\304f\331]\036\237\306o!\223\221\002\324\031\262\240R\177 ,\214\325\Q])\016\2067\277\t\354\010\000\360\215\2502\265\245\310\226\243c\302Ze\306\253#r\020\211\320iG\276\020E\317\035Sf\223F\254\033@\177e\277\016\010u\327\371&\262\312\317Q\2361t\377x\234\001v\003%\030\325_\225g\204\346a=\225\273\331\354\365*U\363\263N\367b\371\244\314-w\363\262\225Z\200\206\235\233\257?sE\2674\254\326mU\377?\177Ek\336\030!\316Aa\225\303\022\377{\210Y\226\271as\354L\035\004\341\361\035\301\024\220m#*\372\032\3178~\374\250\014*\323\342'z69\220\327\256\351G\367\317u\302\207\270b\315\333\333\334\310I\323&\014\352XZnW2.\335\347\202\021\247\362\212e\034\000\001\250\220\305;a\314\265R\310\017\317\331\235\360\262\240:\277\202\266\354\265X""\022\nh\252\352w\204\203\023]\001f\352\277\0031Q]\362\370R\350{\261\202\240\344\215\201\353\276\322p5p\350\354\017>\250r\241c\273\016\301\024\363\242\247\263\231\370\344\nBW\220K\316@3\243\200\036wk\253GSlU\010\360\231>\331\263H\214\324\030A\225\301o\346pkSF\004\241\213w9\223=\250\262*+\255\351r\265\244c\024\213\t\007`\223\325#\3477\210\345P\306\013\320\252[\0216+\227=`\371P\314\346 V7\271[~\n\237\274|\347\352@K\253~&\260\032\024\004B\200\255h\351\013\361\031:nG\211\005|\2003\266\274\251,W\006u\344\335d\003\306\212\313,\340\350bG\n\030Z\2732-\246\312\255\030\003\235207\005}D\260\0261ah\322M\304\216\273m0\271\234\237\007<w$\265C\245\232\033\023\313c\321B\032l\301h\005\320\252\301\361(\330[\343\357\343{\235\n\266g\272>\177\317\347\261qb&\270&\346ju\200\363N\320\307\004\034\001n\317\361\2653\254\2503\247\305\372\316W\022O\253x\250\025\373\247\354Tc\304\263\243^\352Gv\\264\261\r\035\226\306\2411\351\233\203\215\200$\231\300f\220\371c@\017\254\363\\371\340\340VaR\205~^\226\342t\360\022\204d\231\205)\272\364?\361!\334\331\315\254\230\rBG\314\023\246\244=\351\177\254\302b&\276+H;0\312\021&\275\036\237\350R\313\206R\331\304k\323u\263t\221\213yC\241\217A\242\027g\322\241'\212.E?B_\316\327\217J +\370\t^b\005\020\003\211\373\247|hC\271Nmk~J\270EU\274\036-\347\240\312FA\321\341bca\253\025\321\311\317\021\375\317\217\n\272\033o\353G>\275\361H\265\240\232um""\317\324`\214\221\314\000\211K\223+(""\200i \311\372g\254\343ZR0\224\275q\252\357\213\263\206N\357&Q\217\267\303\356I\236\357\264\311b\037\366\035\253\343\311\265\240\327q\206f\262ODi\215-\363>\034\236l\273\005G\316F\217}[\036\007\270:\260\335\271B\241N\345\330\204\327f\361\272Kb\0377p\334\264\237\177~\330]\252+:\317u\302h\n\351\n\364\231\277R\371\356\033y\265v\360Ny\246\332qY\262\231\251\n\305\334\202\305\362\n\367@k\231\016R:\327\242\366\242\253LZY\223$Gw^\203\302\311\316I7\371tTwp}\005|\372\214\251{R`\230V\244-\326I\351\255\325i\335\377\321\353\327\331\302\023\347y\016\263\271\317\306\017UV\314qu?\0064A\315{3D\010\016S\212\2353k0\361\214ID\303g\277\010Y_\001~\021\333\370\255\374\\331\306\255\336)\365Rth\024\t\300.M\315\321S\257\224\252\362\326P\316\303%nX\3742\333\036\004Y\264yG^\234\177\214\305q\237\274G\300a4\275\240s\215\222\210\016\020G\344=-:GK\312\035\271\201\350\376F\260G\347\000\235\365P6pmH\033\373\212c\377o\232\356\320D\002\277,]os{\354/?\312e\006wda\001\023\375\316\025\254\321\244\370+Y`\220\270\254\2601E[FI\310\235<qI \356\032v%\001\230\016\203\200\251UD\347\304\373\034\211\340@\342\033\263\365\356\341\357\350\324\035J\032\177\230\207\220\303+\207\352g\317N\027>\222M\271m\033\236\021:\272\233r\373\233hC}\256\020\210\010\233\335\025[ d(\343\263\327\177\030\246\254H\277\254E\231\006\033_lB\210\264\334Y\322\314\362\320L\000Q\240\317\3502\006,|\364\004\275\034\006\337\370""\330\364\202\314\315\311?\030\260\361u)\336\202\265Y\177X\227$\245tCB\345\314d\231A\300\204\371KJ\036\321\330\014]""EN\266$]\331\226c\351\312\376z\254\214\206B\274&M\032\376v\266\3104u)\r\312\021\273\030jJH\215G4\367fQ;\255\3404\372\225\341L\224\242\200VY\220\355\020\353I\n\363\266\036\311\003OR\250""\032\230\021]+$\302\005\224\270\033E\r\312\315}\200\2505\216\221\301\341\035[\247\325\236M^\360a\267\356\267\247]\357\236\n\207}P\2654\026`\256u\276\r&\026K\315a\3337\216.\240\362\263\327]\372\325\037\006\345\236\265\343\337g\271\317\315\374\3357gX\036\024'\357<$\322\323$\375\346&^\361\0009\264\227\2326\315\307\363\323\325\303\032N\256*\307\327 \235\332\207u\210\271\257\306g\231i*\260\326k\001"";   nodeid: ""\260\000\000\000\000\000\000\000\000\000\000\000\000\000\000\000\000\000\000\000\000\000\000\000\000\000\000\000\000\000\000\000\001""; }; "
1750527690542,1750527690542,0,1,4,0,TMLedgerData,"ledgerHash: ""\022`\210$\005\261rTx\343\226\224vC\2607.\025\213@~\312\227\000 o\232\016\376|a3""; ledgerSeq: 50; type: liBASE; nodes {;   nodedata: ""\000\000\0002\001cEx]\211\377\330\037\006\345\236\265\343\337g\271\317\315\374\3357gX\036\024'\357<$\322\323$\375\346&^\361\0009\000\000\000\000\000\000\000\000\000\000\000\000\000\000\000\000\000\000\000\000\000\000\000\000\000\000\000\000\000\000\000\000\006\272\025\350\331gP\001_N\273\243\337`\312\037m\315\341\232(O\312\200Y(\272>J4\350\303/\351\253J/\351\253K\n\000""; }; nodes {;   nodedata: ""\323C\344\327\264{\312-\017:\006{\177\344N\002\326bO\260\220\006\033\362\345\005U\221DzJ0\001\301\025%1L\307\t\261\262z\374\222T\301\274V\236\223\262\270Ct\362\337b\356\024*\324\320\351\317\002k\336\234\027v\351\217\260\303\360\233ZPZWr\246$w\313\313\r\243r\232\2234\373\3539:N\004Q\245\272D\312D\300\300\t\323\0257\345e\271\na\215{\226\255x%T\257\037\333\004\344_/R\006E\344\037@\210\363\010\336T\226\247'\204_{\261\370""1\235\2445\343\033Y!\212\201\341\272\225'\007T\261\tMM0\307z\300\306\335\021\216q\013\371\256E\222\330\341\352MNPE\017advw)\013\003""; }; ","ledgerHash: ""\022`\210$\005\261rTx\343\226\224vC\2607.\025\213@~\312\227\000 o\232\016\376|a3""; ledgerSeq: 50; type: liBASE; nodes {;   nodedata: ""\000\000\0002\001cEx]\211\377\330\037\006\345\236\265\343\337g\271\317\315\374\3357gX\036\024'\357<$\322\323$\375\346&^\361\0009\000\000\000\000\000\000\000\000\000\000\000\000\000\000\000\000\000\000\000\000\000\000\000\000\000\000\000\000\000\000\000\000\006\272\025\350\331gP\001_N\273\243\337`\312\037m\315\341\232(O\312\200Y(\272>J4\350\303/\351\253J/\351\253K\n\000""; }; nodes {;   nodedata: ""\323C\344\327\264{\312-\017:\006{\177\344N\002\326bO\260\220\006\033\362\345\005U\221DzJ0\001\301\025%1L\307\t\261\262z\374\222T\301\274V\236\223\262\270Ct\362\337b\356\024*\324\320\351\317\002k\336\234\027v\351\217\260\303\360\233ZPZWr\246$w\313\313\r\243r\232\2234\373\3539:N\004Q\245\272D\312D\300\300\t\323\0257\345e\271\na\215{\226\255x%T\257\037\333\004\344_/R\006E\344\037@\210\363\010\336T\226\247'\204_{\261\370""1\235\2445\343\033Y!\212\201\341\272\225'\007T\261\tMM0\307z\300\306\335\021\216q\013\371\256E\222\330\341\352MNPE\017advw)\013\003""; }; "
1750527690542,1750527690543,0,1,4,1,TMLedgerData,"ledgerHash: ""\022`\210$\005\261rTx\343\226\224vC\2607.\025\213@~\312\227\000 o\232\016\376|a3""; ledgerSeq: 50; type: liBASE; nodes {;   nodedata: ""\000\000\0002\001cEx]\211\377\330\037\006\345\236\265\343\337g\271\317\315\374\3357gX\036\024'\357<$\322\323$\375\346&^\361\0009\000\000\000\000\000\000\000\000\000\000\000\000\000\000\000\000\000\000\000\000\000\000\000\000\000\000\000\000\000\000\000\000\006\272\025\350\331gP\001_N\273\243\337`\312\037m\315\341\232(O\312\200Y(\272>J4\350\303/\351\253J/\351\253K\n\000""; }; nodes {;   nodedata: ""\323C\344\327\264{\312-\017:\006{\177\344N\002\326bO\260\220\006\033\362\345\005U\221DzJ0\001\301\025%1L\307\t\261\262z\374\222T\301\274V\236\223\262\270Ct\362\337b\356\024*\324\320\351\317\002k\336\234\027v\351\217\260\303\360\233ZPZWr\246$w\313\313\r\243r\232\2234\373\3539:N\004Q\245\272D\312D\300\300\t\323\0257\345e\271\na\215{\226\255x%T\257\037\333\004\344_/R\006E\344\037@\210\363\010\336T\226\247'\204_{\261\370""1\235\2445\343\033Y!\212\201\341\272\225'\007T\261\tMM0\307z\300\306\335\021\216q\013\371\256E\222\330\341\352MNPE\017advw)\013\003""; }; ","ledgerHash: ""\022`\210$\005\261rTx\343\226\224vC\2607.\025\213@~\312\227\000 o\232\016\376|a3""; ledgerSeq: 50; type: liBASE; nodes {;   nodedata: ""\000\000\0002\001cEx]\211\377\330\037\006\345\236\265\343\337g\271\317\315\374\3357gX\036\024'\357<$\322\323$\375\346&^\361\0009\000\000\000\000\000\000\000\000\000\000\000\000\000\000\000\000\000\000\000\000\000\000\000\000\000\000\000\000\000\000\000\000\006\272\025\350\331gP\001_N\273\243\337`\312\037m\315\341\232(O\312\200Y(\272>J4\350\303/\351\253J/\351\253K\n\000""; }; nodes {;   nodedata: ""\323C\344\327\264{\312-\017:\006{\177\344N\002\326bO\260\220\006\033\362\345\005U\221DzJ0\001\301\025%1L\307\t\261\262z\374\222T\301\274V\236\223\262\270Ct\362\337b\356\024*\324\320\351\317\002k\336\234\027v\351\217\260\303\360\233ZPZWr\246$w\313\313\r\243r\232\2234\373\3539:N\004Q\245\272D\312D\300\300\t\323\0257\345e\271\na\215{\226\255x%T\257\037\333\004\344_/R\006E\344\037@\210\363\010\336T\226\247'\204_{\261\370""1\235\2445\343\033Y!\212\201\341\272\225'\007T\261\tMM0\307z\300\306\335\021\216q\013\371\256E\222\330\341\352MNPE\017advw)\013\003""; }; "
1750527690543,1750527690543,0,1,2,3,TMGetLedger,"itype: liAS_NODE; ledgerHash: ""\022`\210$\005\261rTx\343\226\224vC\2607.\025\213@~\312\227\000 o\232\016\376|a3""; ledgerSeq: 50; nodeIDs: ""\260\000\000\000\000\000\000\000\000\000\000\000\000\000\000\000\000\000\000\000\000\000\000\000\000\000\000\000\000\000\000\000\001""; queryType: qtINDIRECT; queryDepth: 1; ","itype: liAS_NODE; ledgerHash: ""\022`\210$\005\261rTx\343\226\224vC\2607.\025\213@~\312\227\000 o\232\016\376|a3""; ledgerSeq: 50; nodeIDs: ""\260\000\000\000\000\000\000\000\000\000\000\000\000\000\000\000\000\000\000\000\000\000\000\000\000\000\000\000\000\000\000\000\001""; queryType: qtINDIRECT; queryDepth: 1; "
1750527690544,1750527690544,0,1,2,4,TMLedgerData,"ledgerHash: ""\022`\210$\005\261rTx\343\226\224vC\2607.\025\213@~\312\227\000 o\232\016\376|a3""; ledgerSeq: 50; type: liBASE; nodes {;   nodedata: ""\000\000\0002\001cEx]\211\377\330\037\006\345\236\265\343\337g\271\317\315\374\3357gX\036\024'\357<$\322\323$\375\346&^\361\0009\000\000\000\000\000\000\000\000\000\000\000\000\000\000\000\000\000\000\000\000\000\000\000\000\000\000\000\000\000\000\000\000\006\272\025\350\331gP\001_N\273\243\337`\312\037m\315\341\232(O\312\200Y(\272>J4\350\303/\351\253J/\351\253K\n\000""; }; nodes {;   nodedata: ""\323C\344\327\264{\312-\017:\006{\177\344N\002\326bO\260\220\006\033\362\345\005U\221DzJ0\001\301\025%1L\307\t\261\262z\374\222T\301\274V\236\223\262\270Ct\362\337b\356\024*\324\320\351\317\002k\336\234\027v\351\217\260\303\360\233ZPZWr\246$w\313\313\r\243r\232\2234\373\3539:N\004Q\245\272D\312D\300\300\t\323\0257\345e\271\na\215{\226\255x%T\257\037\333\004\344_/R\006E\344\037@\210\363\010\336T\226\247'\204_{\261\370""1\235\2445\343\033Y!\212\201\341\272\225'\007T\261\tMM0\307z\300\306\335\021\216q\013\371\256E\222\330\341\352MNPE\017advw)\013\003""; }; ","ledgerHash: ""\022`\210$\005\261rTx\343\226\224vC\2607.\025\213@~\312\227\000 o\232\016\376|a3""; ledgerSeq: 50; type: liBASE; nodes {;   nodedata: ""\000\000\0002\001cEx]\211\377\330\037\006\345\236\265\343\337g\271\317\315\374\3357gX\036\024'\357<$\322\323$\375\346&^\361\0009\000\000\000\000\000\000\000\000\000\000\000\000\000\000\000\000\000\000\000\000\000\000\000\000\000\000\000\000\000\000\000\000\006\272\025\350\331gP\001_N\273\243\337`\312\037m\315\341\232(O\312\200Y(\272>J4\350\303/\351\253J/\351\253K\n\000""; }; nodes {;   nodedata: ""\323C\344\327\264{\312-\017:\006{\177\344N\002\326bO\260\220\006\033\362\345\005U\221DzJ0\001\301\025%1L\307\t\261\262z\374\222T\301\274V\236\223\262\270Ct\362\337b\356\024*\324\320\351\317\002k\336\234\027v\351\217\260\303\360\233ZPZWr\246$w\313\313\r\243r\232\2234\373\3539:N\004Q\245\272D\312D\300\300\t\323\0257\345e\271\na\215{\226\255x%T\257\037\333\004\344_/R\006E\344\037@\210\363\010\336T\226\247'\204_{\261\370""1\235\2445\343\033Y!\212\201\341\272\225'\007T\261\tMM0\307z\300\306\335\021\216q\013\371\256E\222\330\341\352MNPE\017advw)\013\003""; }; "
1750527690544,1750527690545,0,1,2,1,TMLedgerData,"ledgerHash: ""\022`\210$\005\261rTx\343\226\224vC\2607.\025\213@~\312\227\000 o\232\016\376|a3""; ledgerSeq: 50; type: liBASE; nodes {;   nodedata: ""\000\000\0002\001cEx]\211\377\330\037\006\345\236\265\343\337g\271\317\315\374\3357gX\036\024'\357<$\322\323$\375\346&^\361\0009\000\000\000\000\000\000\000\000\000\000\000\000\000\000\000\000\000\000\000\000\000\000\000\000\000\000\000\000\000\000\000\000\006\272\025\350\331gP\001_N\273\243\337`\312\037m\315\341\232(O\312\200Y(\272>J4\350\303/\351\253J/\351\253K\n\000""; }; nodes {;   nodedata: ""\323C\344\327\264{\312-\017:\006{\177\344N\002\326bO\260\220\006\033\362\345\005U\221DzJ0\001\301\025%1L\307\t\261\262z\374\222T\301\274V\236\223\262\270Ct\362\337b\356\024*\324\320\351\317\002k\336\234\027v\351\217\260\303\360\233ZPZWr\246$w\313\313\r\243r\232\2234\373\3539:N\004Q\245\272D\312D\300\300\t\323\0257\345e\271\na\215{\226\255x%T\257\037\333\004\344_/R\006E\344\037@\210\363\010\336T\226\247'\204_{\261\370""1\235\2445\343\033Y!\212\201\341\272\225'\007T\261\tMM0\307z\300\306\335\021\216q\013\371\256E\222\330\341\352MNPE\017advw)\013\003""; }; ","ledgerHash: ""\022`\210$\005\261rTx\343\226\224vC\2607.\025\213@~\312\227\000 o\232\016\376|a3""; ledgerSeq: 50; type: liBASE; nodes {;   nodedata: ""\000\000\0002\001cEx]\211\377\330\037\006\345\236\265\343\337g\271\317\315\374\3357gX\036\024'\357<$\322\323$\375\346&^\361\0009\000\000\000\000\000\000\000\000\000\000\000\000\000\000\000\000\000\000\000\000\000\000\000\000\000\000\000\000\000\000\000\000\006\272\025\350\331gP\001_N\273\243\337`\312\037m\315\341\232(O\312\200Y(\272>J4\350\303/\351\253J/\351\253K\n\000""; }; nodes {;   nodedata: ""\323C\344\327\264{\312-\017:\006{\177\344N\002\326bO\260\220\006\033\362\345\005U\221DzJ0\001\301\025%1L\307\t\261\262z\374\222T\301\274V\236\223\262\270Ct\362\337b\356\024*\324\320\351\317\002k\336\234\027v\351\217\260\303\360\233ZPZWr\246$w\313\313\r\243r\232\2234\373\3539:N\004Q\245\272D\312D\300\300\t\323\0257\345e\271\na\215{\226\255x%T\257\037\333\004\344_/R\006E\344\037@\210\363\010\336T\226\247'\204_{\261\370""1\235\2445\343\033Y!\212\201\341\272\225'\007T\261\tMM0\307z\300\306\335\021\216q\013\371\256E\222\330\341\352MNPE\017advw)\013\003""; }; "
1750527690545,1750527690546,0,1,2,0,TMLedgerData,"ledgerHash: ""\022`\210$\005\261rTx\343\226\224vC\2607.\025\213@~\312\227\000 o\232\016\376|a3""; ledgerSeq: 50; type: liBASE; nodes {;   nodedata: ""\000\000\0002\001cEx]\211\377\330\037\006\345\236\265\343\337g\271\317\315\374\3357gX\036\024'\357<$\322\323$\375\346&^\361\0009\000\000\000\000\000\000\000\000\000\000\000\000\000\000\000\000\000\000\000\000\000\000\000\000\000\000\000\000\000\000\000\000\006\272\025\350\331gP\001_N\273\243\337`\312\037m\315\341\232(O\312\200Y(\272>J4\350\303/\351\253J/\351\253K\n\000""; }; nodes {;   nodedata: ""\323C\344\327\264{\312-\017:\006{\177\344N\002\326bO\260\220\006\033\362\345\005U\221DzJ0\001\301\025%1L\307\t\261\262z\374\222T\301\274V\236\223\262\270Ct\362\337b\356\024*\324\320\351\317\002k\336\234\027v\351\217\260\303\360\233ZPZWr\246$w\313\313\r\243r\232\2234\373\3539:N\004Q\245\272D\312D\300\300\t\323\0257\345e\271\na\215{\226\255x%T\257\037\333\004\344_/R\006E\344\037@\210\363\010\336T\226\247'\204_{\261\370""1\235\2445\343\033Y!\212\201\341\272\225'\007T\261\tMM0\307z\300\306\335\021\216q\013\371\256E\222\330\341\352MNPE\017advw)\013\003""; }; ","ledgerHash: ""\022`\210$\005\261rTx\343\226\224vC\2607.\025\213@~\312\227\000 o\232\016\376|a3""; ledgerSeq: 50; type: liBASE; nodes {;   nodedata: ""\000\000\0002\001cEx]\211\377\330\037\006\345\236\265\343\337g\271\317\315\374\3357gX\036\024'\357<$\322\323$\375\346&^\361\0009\000\000\000\000\000\000\000\000\000\000\000\000\000\000\000\000\000\000\000\000\000\000\000\000\000\000\000\000\000\000\000\000\006\272\025\350\331gP\001_N\273\243\337`\312\037m\315\341\232(O\312\200Y(\272>J4\350\303/\351\253J/\351\253K\n\000""; }; nodes {;   nodedata: ""\323C\344\327\264{\312-\017:\006{\177\344N\002\326bO\260\220\006\033\362\345\005U\221DzJ0\001\301\025%1L\307\t\261\262z\374\222T\301\274V\236\223\262\270Ct\362\337b\356\024*\324\320\351\317\002k\336\234\027v\351\217\260\303\360\233ZPZWr\246$w\313\313\r\243r\232\2234\373\3539:N\004Q\245\272D\312D\300\300\t\323\0257\345e\271\na\215{\226\255x%T\257\037\333\004\344_/R\006E\344\037@\210\363\010\336T\226\247'\204_{\261\370""1\235\2445\343\033Y!\212\201\341\272\225'\007T\261\tMM0\307z\300\306\335\021\216q\013\371\256E\222\330\341\352MNPE\017advw)\013\003""; }; "
1750527690546,1750527690546,0,1,1,4,TMLedgerData,"ledgerHash: ""\022`\210$\005\261rTx\343\226\224vC\2607.\025\213@~\312\227\000 o\232\016\376|a3""; ledgerSeq: 50; type: liBASE; nodes {;   nodedata: ""\000\000\0002\001cEx]\211\377\330\037\006\345\236\265\343\337g\271\317\315\374\3357gX\036\024'\357<$\322\323$\375\346&^\361\0009\000\000\000\000\000\000\000\000\000\000\000\000\000\000\000\000\000\000\000\000\000\000\000\000\000\000\000\000\000\000\000\000\006\272\025\350\331gP\001_N\273\243\337`\312\037m\315\341\232(O\312\200Y(\272>J4\350\303/\351\253J/\351\253K\n\000""; }; nodes {;   nodedata: ""\323C\344\327\264{\312-\017:\006{\177\344N\002\326bO\260\220\006\033\362\345\005U\221DzJ0\001\301\025%1L\307\t\261\262z\374\222T\301\274V\236\223\262\270Ct\362\337b\356\024*\324\320\351\317\002k\336\234\027v\351\217\260\303\360\233ZPZWr\246$w\313\313\r\243r\232\2234\373\3539:N\004Q\245\272D\312D\300\300\t\323\0257\345e\271\na\215{\226\255x%T\257\037\333\004\344_/R\006E\344\037@\210\363\010\336T\226\247'\204_{\261\370""1\235\2445\343\033Y!\212\201\341\272\225'\007T\261\tMM0\307z\300\306\335\021\216q\013\371\256E\222\330\341\352MNPE\017advw)\013\003""; }; ","ledgerHash: ""\022`\210$\005\261rTx\343\226\224vC\2607.\025\213@~\312\227\000 o\232\016\376|a3""; ledgerSeq: 50; type: liBASE; nodes {;   nodedata: ""\000\000\0002\001cEx]\211\377\330\037\006\345\236\265\343\337g\271\317\315\374\3357gX\036\024'\357<$\322\323$\375\346&^\361\0009\000\000\000\000\000\000\000\000\000\000\000\000\000\000\000\000\000\000\000\000\000\000\000\000\000\000\000\000\000\000\000\000\006\272\025\350\331gP\001_N\273\243\337`\312\037m\315\341\232(O\312\200Y(\272>J4\350\303/\351\253J/\351\253K\n\000""; }; nodes {;   nodedata: ""\323C\344\327\264{\312-\017:\006{\177\344N\002\326bO\260\220\006\033\362\345\005U\221DzJ0\001\301\025%1L\307\t\261\262z\374\222T\301\274V\236\223\262\270Ct\362\337b\356\024*\324\320\351\317\002k\336\234\027v\351\217\260\303\360\233ZPZWr\246$w\313\313\r\243r\232\2234\373\3539:N\004Q\245\272D\312D\300\300\t\323\0257\345e\271\na\215{\226\255x%T\257\037\333\004\344_/R\006E\344\037@\210\363\010\336T\226\247'\204_{\261\370""1\235\2445\343\033Y!\212\201\341\272\225'\007T\261\tMM0\307z\300\306\335\021\216q\013\371\256E\222\330\341\352MNPE\017advw)\013\003""; }; "
1750527690547,1750527690547,0,1,1,2,TMLedgerData,"ledgerHash: ""\022`\210$\005\261rTx\343\226\224vC\2607.\025\213@~\312\227\000 o\232\016\376|a3""; ledgerSeq: 50; type: liBASE; nodes {;   nodedata: ""\000\000\0002\001cEx]\211\377\330\037\006\345\236\265\343\337g\271\317\315\374\3357gX\036\024'\357<$\322\323$\375\346&^\361\0009\000\000\000\000\000\000\000\000\000\000\000\000\000\000\000\000\000\000\000\000\000\000\000\000\000\000\000\000\000\000\000\000\006\272\025\350\331gP\001_N\273\243\337`\312\037m\315\341\232(O\312\200Y(\272>J4\350\303/\351\253J/\351\253K\n\000""; }; nodes {;   nodedata: ""\323C\344\327\264{\312-\017:\006{\177\344N\002\326bO\260\220\006\033\362\345\005U\221DzJ0\001\301\025%1L\307\t\261\262z\374\222T\301\274V\236\223\262\270Ct\362\337b\356\024*\324\320\351\317\002k\336\234\027v\351\217\260\303\360\233ZPZWr\246$w\313\313\r\243r\232\2234\373\3539:N\004Q\245\272D\312D\300\300\t\323\0257\345e\271\na\215{\226\255x%T\257\037\333\004\344_/R\006E\344\037@\210\363\010\336T\226\247'\204_{\261\370""1\235\2445\343\033Y!\212\201\341\272\225'\007T\261\tMM0\307z\300\306\335\021\216q\013\371\256E\222\330\341\352MNPE\017advw)\013\003""; }; ","ledgerHash: ""\022`\210$\005\261rTx\343\226\224vC\2607.\025\213@~\312\227\000 o\232\016\376|a3""; ledgerSeq: 50; type: liBASE; nodes {;   nodedata: ""\000\000\0002\001cEx]\211\377\330\037\006\345\236\265\343\337g\271\317\315\374\3357gX\036\024'\357<$\322\323$\375\346&^\361\0009\000\000\000\000\000\000\000\000\000\000\000\000\000\000\000\000\000\000\000\000\000\000\000\000\000\000\000\000\000\000\000\000\006\272\025\350\331gP\001_N\273\243\337`\312\037m\315\341\232(O\312\200Y(\272>J4\350\303/\351\253J/\351\253K\n\000""; }; nodes {;   nodedata: ""\323C\344\327\264{\312-\017:\006{\177\344N\002\326bO\260\220\006\033\362\345\005U\221DzJ0\001\301\025%1L\307\t\261\262z\374\222T\301\274V\236\223\262\270Ct\362\337b\356\024*\324\320\351\317\002k\336\234\027v\351\217\260\303\360\233ZPZWr\246$w\313\313\r\243r\232\2234\373\3539:N\004Q\245\272D\312D\300\300\t\323\0257\345e\271\na\215{\226\255x%T\257\037\333\004\344_/R\006E\344\037@\210\363\010\336T\226\247'\204_{\261\370""1\235\2445\343\033Y!\212\201\341\272\225'\007T\261\tMM0\307z\300\306\335\021\216q\013\371\256E\222\330\341\352MNPE\017advw)\013\003""; }; "
1750527690548,1750527690548,0,1,1,0,TMLedgerData,"ledgerHash: ""\022`\210$\005\261rTx\343\226\224vC\2607.\025\213@~\312\227\000 o\232\016\376|a3""; ledgerSeq: 50; type: liBASE; nodes {;   nodedata: ""\000\000\0002\001cEx]\211\377\330\037\006\345\236\265\343\337g\271\317\315\374\3357gX\036\024'\357<$\322\323$\375\346&^\361\0009\000\000\000\000\000\000\000\000\000\000\000\000\000\000\000\000\000\000\000\000\000\000\000\000\000\000\000\000\000\000\000\000\006\272\025\350\331gP\001_N\273\243\337`\312\037m\315\341\232(O\312\200Y(\272>J4\350\303/\351\253J/\351\253K\n\000""; }; nodes {;   nodedata: ""\323C\344\327\264{\312-\017:\006{\177\344N\002\326bO\260\220\006\033\362\345\005U\221DzJ0\001\301\025%1L\307\t\261\262z\374\222T\301\274V\236\223\262\270Ct\362\337b\356\024*\324\320\351\317\002k\336\234\027v\351\217\260\303\360\233ZPZWr\246$w\313\313\r\243r\232\2234\373\3539:N\004Q\245\272D\312D\300\300\t\323\0257\345e\271\na\215{\226\255x%T\257\037\333\004\344_/R\006E\344\037@\210\363\010\336T\226\247'\204_{\261\370""1\235\2445\343\033Y!\212\201\341\272\225'\007T\261\tMM0\307z\300\306\335\021\216q\013\371\256E\222\330\341\352MNPE\017advw)\013\003""; }; ","ledgerHash: ""\022`\210$\005\261rTx\343\226\224vC\2607.\025\213@~\312\227\000 o\232\016\376|a3""; ledgerSeq: 50; type: liBASE; nodes {;   nodedata: ""\000\000\0002\001cEx]\211\377\330\037\006\345\236\265\343\337g\271\317\315\374\3357gX\036\024'\357<$\322\323$\375\346&^\361\0009\000\000\000\000\000\000\000\000\000\000\000\000\000\000\000\000\000\000\000\000\000\000\000\000\000\000\000\000\000\000\000\000\006\272\025\350\331gP\001_N\273\243\337`\312\037m\315\341\232(O\312\200Y(\272>J4\350\303/\351\253J/\351\253K\n\000""; }; nodes {;   nodedata: ""\323C\344\327\264{\312-\017:\006{\177\344N\002\326bO\260\220\006\033\362\345\005U\221DzJ0\001\301\025%1L\307\t\261\262z\374\222T\301\274V\236\223\262\270Ct\362\337b\356\024*\324\320\351\317\002k\336\234\027v\351\217\260\303\360\233ZPZWr\246$w\313\313\r\243r\232\2234\373\3539:N\004Q\245\272D\312D\300\300\t\323\0257\345e\271\na\215{\226\255x%T\257\037\333\004\344_/R\006E\344\037@\210\363\010\336T\226\247'\204_{\261\370""1\235\2445\343\033Y!\212\201\341\272\225'\007T\261\tMM0\307z\300\306\335\021\216q\013\371\256E\222\330\341\352MNPE\017advw)\013\003""; }; "
1750527690548,1750527690549,0,1,0,1,TMLedgerData,"ledgerHash: ""\022`\210$\005\261rTx\343\226\224vC\2607.\025\213@~\312\227\000 o\232\016\376|a3""; ledgerSeq: 50; type: liBASE; nodes {;   nodedata: ""\000\000\0002\001cEx]\211\377\330\037\006\345\236\265\343\337g\271\317\315\374\3357gX\036\024'\357<$\322\323$\375\346&^\361\0009\000\000\000\000\000\000\000\000\000\000\000\000\000\000\000\000\000\000\000\000\000\000\000\000\000\000\000\000\000\000\000\000\006\272\025\350\331gP\001_N\273\243\337`\312\037m\315\341\232(O\312\200Y(\272>J4\350\303/\351\253J/\351\253K\n\000""; }; nodes {;   nodedata: ""\323C\344\327\264{\312-\017:\006{\177\344N\002\326bO\260\220\006\033\362\345\005U\221DzJ0\001\301\025%1L\307\t\261\262z\374\222T\301\274V\236\223\262\270Ct\362\337b\356\024*\324\320\351\317\002k\336\234\027v\351\217\260\303\360\233ZPZWr\246$w\313\313\r\243r\232\2234\373\3539:N\004Q\245\272D\312D\300\300\t\323\0257\345e\271\na\215{\226\255x%T\257\037\333\004\344_/R\006E\344\037@\210\363\010\336T\226\247'\204_{\261\370""1\235\2445\343\033Y!\212\201\341\272\225'\007T\261\tMM0\307z\300\306\335\021\216q\013\371\256E\222\330\341\352MNPE\017advw)\013\003""; }; ","ledgerHash: ""\022`\210$\005\261rTx\343\226\224vC\2607.\025\213@~\312\227\000 o\232\016\376|a3""; ledgerSeq: 50; type: liBASE; nodes {;   nodedata: ""\000\000\0002\001cEx]\211\377\330\037\006\345\236\265\343\337g\271\317\315\374\3357gX\036\024'\357<$\322\323$\375\346&^\361\0009\000\000\000\000\000\000\000\000\000\000\000\000\000\000\000\000\000\000\000\000\000\000\000\000\000\000\000\000\000\000\000\000\006\272\025\350\331gP\001_N\273\243\337`\312\037m\315\341\232(O\312\200Y(\272>J4\350\303/\351\253J/\351\253K\n\000""; }; nodes {;   nodedata: ""\323C\344\327\264{\312-\017:\006{\177\344N\002\326bO\260\220\006\033\362\345\005U\221DzJ0\001\301\025%1L\307\t\261\262z\374\222T\301\274V\236\223\262\270Ct\362\337b\356\024*\324\320\351\317\002k\336\234\027v\351\217\260\303\360\233ZPZWr\246$w\313\313\r\243r\232\2234\373\3539:N\004Q\245\272D\312D\300\300\t\323\0257\345e\271\na\215{\226\255x%T\257\037\333\004\344_/R\006E\344\037@\210\363\010\336T\226\247'\204_{\261\370""1\235\2445\343\033Y!\212\201\341\272\225'\007T\261\tMM0\307z\300\306\335\021\216q\013\371\256E\222\330\341\352MNPE\017advw)\013\003""; }; "
1750527690551,1750527690552,0,1,3,2,TMLedgerData,"ledgerHash: ""\022`\210$\005\261rTx\343\226\224vC\2607.\025\213@~\312\227\000 o\232\016\376|a3""; ledgerSeq: 50; type: liAS_NODE; nodes {;   nodedata: ""\021\000h""\000\000\000\000 \033\000\000\0001\002\023\306\177\330\356GuH\375\327!\255\371\r\231\262R\256J\034\222\241\355X\265E\241^W\225\304\014\361CX-}\351f\032\255\274\334m\326c\017\014ao[\342\230\003\245\245\3341Hm\326^\017jy\335\261\032Yt\320\244{g\0306\\302\303*\341\215\223\257\364\277o\375\000r\241SOq\221\253\262\005\017\375T\356\014\360o'\030\311-\267\031\257!\031T\006><\315XM\334\324\345\034\000\325\367\240\271\013\265\024\321\362\354\211\250.\234s\225amc\305\035\366\276\037nD\277`\210\223N\3535\033\261\304f\331]\036\237\306o!\223\221\002\324\031\262\240R\177 ,\214\325\Q])\016\2067\277\t\354\010\000\360\215\2502\265\245\310\226\243c\302Ze\306\253#r\020\211\320iG\276\020E\317\035Sf\223F\254\033@\177e\277\016\010u\327\371&\262\312\317Q\2361t\377x\234\001v\003%\030\325_\225g\204\346a=\225\273\331\354\365*U\363\263N\367b\371\244\314-w\363\262\225Z\200\206\235\233\257?sE\2674\254\326mU\377?\177Ek\336\030!\316Aa\225\303\022\377{\210Y\226\271as\354L\035\004\341\361\035\301\024\220m#*\372\032\3178~\374\250\014*\323\342'z69\220\327\256\351G\367\317u\302\207\270b\315\333\333\334\310I\323&\014\352XZnW2.\335\347\202\021\247\362\212e\034\000\001\250\220\305;a\314\265R\310\017\317\331\235\360\262\240:\277\202\266\354\265X""\022\nh\252\352w\204\203\023]\001f\352\277\0031Q]\362\370R\350{\261\202\240\344\215\201\353\276\322p5p\350\354\017>\250r\241c\273\016\301\024\363\242\247\263\231\370\344\nBW\220K\316@3\243\200\036wk\253GSlU\010\360\231>\331\263H\214\324\030A\225\301o\346pkSF\004\241\213w9\223=\250\262*+\255\351r\265\244c\024\213\t\007`\223\325#\3477\210\345P\306\013\320\252[\0216+\227=`\371P\314\346 V7\271[~\n\237\274|\347\352@K\253~&\260\032\024\004B\200\255h\351\013\361\031:nG\211\005|\2003\266\274\251,W\006u\344\335d\003\306\212\313,\340\350bG\n\030Z\2732-\246\312\255\030\003\235207\005}D\260\0261ah\322M\304\216\273m0\271\234\237\007<w$\265C\245\232\033\023\313c\321B\032l\301h\005\320\252\301\361(\330[\343\357\343{\235\n\266g\272>\177\317\347\261qb&\270&\346ju\200\363N\320\307\004\034\001n\317\361\2653\254\2503\247\305\372\316W\022O\253x\250\025\373\247\354Tc\304\263\243^\352Gv\\264\261\r\035\226\306\2411\351\233\203\215\200$\231\300f\220\371c@\017\254\363\\371\340\340VaR\205~^\226\342t\360\022\204d\231\205)\272\364?\361!\334\331\315\254\230\rBG\314\023\246\244=\351\177\254\302b&\276+H;0\312\021&\275\036\237\350R\313\206R\331\304k\323u\263t\221\213yC\241\217A\242\027g\322\241'\212.E?B_\316\327\217J +\370\t^b\005\020\003\211\373\247|hC\271Nmk~J\270EU\274\036-\347\240\312FA\321\341bca\253\025\321\311\317\021\375\317\217\n\272\033o\353G>\275\361H\265\240\232um""\317\324`\214\221\314\000\211K\223+(""\200i \311\372g\254\343ZR0\224\275q\252\357\213\263\206N\357&Q\217\267\303\356I\236\357\264\311b\037\366\035\253\343\311\265\240\327q\206f\262ODi\215-\363>\034\236l\273\005G\316F\217}[\036\007\270:\260\335\271B\241N\345\330\204\327f\361\272Kb\0377p\334\264\237\177~\330]\252+:\317u\302h\n\351\n\364\231\277R\371\356\033y\265v\360Ny\246\332qY\262\231\251\n\305\334\202\305\362\n\367@k\231\016R:\327\242\366\242\253LZY\223$Gw^\203\302\311\316I7\371tTwp}\005|\372\214\251{R`\230V\244-\326I\351\255\325i\335\377\321\353\327\331\302\023\347y\016\263\271\317\306\017UV\314qu?\0064A\315{3D\010\016S\212\2353k0\361\214ID\303g\277\010Y_\001~\021\333\370\255\374\\331\306\255\336)\365Rth\024\t\300.M\315\321S\257\224\252\362\326P\316\303%nX\3742\333\036\004Y\264yG^\234\177\214\305q\237\274G\300a4\275\240s\215\222\210\016\020G\344=-:GK\312\035\271\201\350\376F\260G\347\000\235\365P6pmH\033\373\212c\377o\232\356\320D\002\277,]os{\354/?\312e\006wda\001\023\375\316\025\254\321\244\370+Y`\220\270\254\2601E[FI\310\235<qI \356\032v%\001\230\016\203\200\251UD\347\304\373\034\211\340@\342\033\263\365\356\341\357\350\324\035J\032\177\230\207\220\303+\207\352g\317N\027>\222M\271m\033\236\021:\272\233r\373\233hC}\256\020\210\010\233\335\025[ d(\343\263\327\177\030\246\254H\277\254E\231\006\033_lB\210\264\334Y\322\314\362\320L\000Q\240\317\3502\006,|\364\004\275\034\006\337\370""\330\364\202\314\315\311?\030\260\361u)\336\202\265Y\177X\227$\245tCB\345\314d\231A\300\204\371KJ\036\321\330\014]""EN\266$]\331\226c\351\312\376z\254\214\206B\274&M\032\376v\266\3104u)\r\312\021\273\030jJH\215G4\367fQ;\255\3404\372\225\341L\224\242\200VY\220\355\020\353I\n\363\266\036\311\003OR\250""\032\230\021]+$\302\005\224\270\033E\r\312\315}\200\2505\216\221\301\341\035[\247\325\236M^\360a\267\356\267\247]\357\236\n\207}P\2654\026`\256u\276\r&\026K\315a\3337\216.\240\362\263\327]\372\325\037\006\345\236\265\343\337g\271\317\315\374\3357gX\036\024'\357<$\322\323$\375\346&^\361\0009\264\227\2326\315\307\363\323\325\303\032N\256*\307\327 \235\332\207u\210\271\257\306g\231i*\260\326k\001"";   nodeid: ""\260\000\000\000\000\000\000\000\000\000\000\000\000\000\000\000\000\000\000\000\000\000\000\000\000\000\000\000\000\000\000\000\001""; }; ","ledgerHash: ""\022`\210$\005\261rTx\343\226\224vC\2607.\025\213@~\312\227\000 o\232\016\376|a3""; ledgerSeq: 50; type: liAS_NODE; nodes {;   nodedata: ""\021\000h""\000\000\000\000 \033\000\000\0001\002\023\306\177\330\356GuH\375\327!\255\371\r\231\262R\256J\034\222\241\355X\265E\241^W\225\304\014\361CX-}\351f\032\255\274\334m\326c\017\014ao[\342\230\003\245\245\3341Hm\326^\017jy\335\261\032Yt\320\244{g\0306\\302\303*\341\215\223\257\364\277o\375\000r\241SOq\221\253\262\005\017\375T\356\014\360o'\030\311-\267\031\257!\031T\006><\315XM\334\324\345\034\000\325\367\240\271\013\265\024\321\362\354\211\250.\234s\225amc\305\035\366\276\037nD\277`\210\223N\3535\033\261\304f\331]\036\237\306o!\223\221\002\324\031\262\240R\177 ,\214\325\Q])\016\2067\277\t\354\010\000\360\215\2502\265\245\310\226\243c\302Ze\306\253#r\020\211\320iG\276\020E\317\035Sf\223F\254\033@\177e\277\016\010u\327\371&\262\312\317Q\2361t\377x\234\001v\003%\030\325_\225g\204\346a=\225\273\331\354\365*U\363\263N\367b\371\244\314-w\363\262\225Z\200\206\235\233\257?sE\2674\254\326mU\377?\177Ek\336\030!\316Aa\225\303\022\377{\210Y\226\271as\354L\035\004\341\361\035\301\024\220m#*\372\032\3178~\374\250\014*\323\342'z69\220\327\256\351G\367\317u\302\207\270b\315\333\333\334\310I\323&\014\352XZnW2.\335\347\202\021\247\362\212e\034\000\001\250\220\305;a\314\265R\310\017\317\331\235\360\262\240:\277\202\266\354\265X""\022\nh\252\352w\204\203\023]\001f\352\277\0031Q]\362\370R\350{\261\202\240\344\215\201\353\276\322p5p\350\354\017>\250r\241c\273\016\301\024\363\242\247\263\231\370\344\nBW\220K\316@3\243\200\036wk\253GSlU\010\360\231>\331\263H\214\324\030A\225\301o\346pkSF\004\241\213w9\223=\250\262*+\255\351r\265\244c\024\213\t\007`\223\325#\3477\210\345P\306\013\320\252[\0216+\227=`\371P\314\346 V7\271[~\n\237\274|\347\352@K\253~&\260\032\024\004B\200\255h\351\013\361\031:nG\211\005|\2003\266\274\251,W\006u\344\335d\003\306\212\313,\340\350bG\n\030Z\2732-\246\312\255\030\003\235207\005}D\260\0261ah\322M\304\216\273m0\271\234\237\007<w$\265C\245\232\033\023\313c\321B\032l\301h\005\320\252\301\361(\330[\343\357\343{\235\n\266g\272>\177\317\347\261qb&\270&\346ju\200\363N\320\307\004\034\001n\317\361\2653\254\2503\247\305\372\316W\022O\253x\250\025\373\247\354Tc\304\263\243^\352Gv\\264\261\r\035\226\306\2411\351\233\203\215\200$\231\300f\220\371c@\017\254\363\\371\340\340VaR\205~^\226\342t\360\022\204d\231\205)\272\364?\361!\334\331\315\254\230\rBG\314\023\246\244=\351\177\254\302b&\276+H;0\312\021&\275\036\237\350R\313\206R\331\304k\323u\263t\221\213yC\241\217A\242\027g\322\241'\212.E?B_\316\327\217J +\370\t^b\005\020\003\211\373\247|hC\271Nmk~J\270EU\274\036-\347\240\312FA\321\341bca\253\025\321\311\317\021\375\317\217\n\272\033o\353G>\275\361H\265\240\232um""\317\324`\214\221\314\000\211K\223+(""\200i \311\372g\254\343ZR0\224\275q\252\357\213\263\206N\357&Q\217\267\303\356I\236\357\264\311b\037\366\035\253\343\311\265\240\327q\206f\262ODi\215-\363>\034\236l\273\005G\316F\217}[\036\007\270:\260\335\271B\241N\345\330\204\327f\361\272Kb\0377p\334\264\237\177~\330]\252+:\317u\302h\n\351\n\364\231\277R\371\356\033y\265v\360Ny\246\332qY\262\231\251\n\305\334\202\305\362\n\367@k\231\016R:\327\242\366\242\253LZY\223$Gw^\203\302\311\316I7\371tTwp}\005|\372\214\251{R`\230V\244-\326I\351\255\325i\335\377\321\353\327\331\302\023\347y\016\263\271\317\306\017UV\314qu?\0064A\315{3D\010\016S\212\2353k0\361\214ID\303g\277\010Y_\001~\021\333\370\255\374\\331\306\255\336)\365Rth\024\t\300.M\315\321S\257\224\252\362\326P\316\303%nX\3742\333\036\004Y\264yG^\234\177\214\305q\237\274G\300a4\275\240s\215\222\210\016\020G\344=-:GK\312\035\271\201\350\376F\260G\347\000\235\365P6pmH\033\373\212c\377o\232\356\320D\002\277,]os{\354/?\312e\006wda\001\023\375\316\025\254\321\244\370+Y`\220\270\254\2601E[FI\310\235<qI \356\032v%\001\230\016\203\200\251UD\347\304\373\034\211\340@\342\033\263\365\356\341\357\350\324\035J\032\177\230\207\220\303+\207\352g\317N\027>\222M\271m\033\236\021:\272\233r\373\233hC}\256\020\210\010\233\335\025[ d(\343\263\327\177\030\246\254H\277\254E\231\006\033_lB\210\264\334Y\322\314\362\320L\000Q\240\317\3502\006,|\364\004\275\034\006\337\370""\330\364\202\314\315\311?\030\260\361u)\336\202\265Y\177X\227$\245tCB\345\314d\231A\300\204\371KJ\036\321\330\014]""EN\266$]\331\226c\351\312\376z\254\214\206B\274&M\032\376v\266\3104u)\r\312\021\273\030jJH\215G4\367fQ;\255\3404\372\225\341L\224\242\200VY\220\355\020\353I\n\363\266\036\311\003OR\250""\032\230\021]+$\302\005\224\270\033E\r\312\315}\200\2505\216\221\301\341\035[\247\325\236M^\360a\267\356\267\247]\357\236\n\207}P\2654\026`\256u\276\r&\026K\315a\3337\216.\240\362\263\327]\372\325\037\006\345\236\265\343\337g\271\317\315\374\3357gX\036\024'\357<$\322\323$\375\346&^\361\0009\264\227\2326\315\307\363\323\325\303\032N\256*\307\327 \235\332\207u\210\271\257\306g\231i*\260\326k\001"";   nodeid: ""\260\000\000\000\000\000\000\000\000\000\000\000\000\000\000\000\000\000\000\000\000\000\000\000\000\000\000\000\000\000\000\000\001""; }; "
1750527690602,1750527690602,0,1,0,3,TMProposeSet,"proposeSeq: 0; currentTxHash: ""\000\000\000\000\000\000\000\000\000\000\000\000\000\000\000\000\000\000\000\000\000\000\000\000\000\000\000\000\000\000\000\000""; nodePubKey: ""\002\225aM\037\203M\271C\224]$\245\215\334\264;{{\365%Z\2443U\201\242\320iUc\207\367""; closeTime: 803842890; signature: ""0D\002 <]|\277\022\351\234\322<\377\307\03489\250\213}b\332\021\377\335\004C\204\261\363b\000\267\317\013\002 {\372\226Q\211\360\034\006\234pH\316\352M\257w\030x\330\335\210|\360W\332\301\355\200\256\233T\355""; previousledger: ""\272\257\222Hx\367\213E\244~\217>\210\215|N\205E\251[\231(\023uf\272\326<\223v$\357""; ","proposeSeq: 0; currentTxHash: ""\000\000\000\000\000\000\000\000\000\000\000\000\000\000\000\000\000\000\000\000\000\000\000\000\000\000\000\000\000\000\000\000""; nodePubKey: ""\002\225aM\037\203M\271C\224]$\245\215\334\264;{{\365%Z\2443U\201\242\320iUc\207\367""; closeTime: 803842890; signature: ""0D\002 <]|\277\022\351\234\322<\377\307\03489\250\213}b\332\021\377\335\004C\204\261\363b\000\267\317\013\002 {\372\226Q\211\360\034\006\234pH\316\352M\257w\030x\330\335\210|\360W\332\301\355\200\256\233T\355""; previousledger: ""\272\257\222Hx\367\213E\244~\217>\210\215|N\205E\251[\231(\023uf\272\326<\223v$\357""; "
1750527690602,1750527690602,0,1,0,1,TMProposeSet,"proposeSeq: 0; currentTxHash: ""\000\000\000\000\000\000\000\000\000\000\000\000\000\000\000\000\000\000\000\000\000\000\000\000\000\000\000\000\000\000\000\000""; nodePubKey: ""\002\225aM\037\203M\271C\224]$\245\215\334\264;{{\365%Z\2443U\201\242\320iUc\207\367""; closeTime: 803842890; signature: ""0D\002 <]|\277\022\351\234\322<\377\307\03489\250\213}b\332\021\377\335\004C\204\261\363b\000\267\317\013\002 {\372\226Q\211\360\034\006\234pH\316\352M\257w\030x\330\335\210|\360W\332\301\355\200\256\233T\355""; previousledger: ""\272\257\222Hx\367\213E\244~\217>\210\215|N\205E\251[\231(\023uf\272\326<\223v$\357""; ","proposeSeq: 0; currentTxHash: ""\000\000\000\000\000\000\000\000\000\000\000\000\000\000\000\000\000\000\000\000\000\000\000\000\000\000\000\000\000\000\000\000""; nodePubKey: ""\002\225aM\037\203M\271C\224]$\245\215\334\264;{{\365%Z\2443U\201\242\320iUc\207\367""; closeTime: 803842890; signature: ""0D\002 <]|\277\022\351\234\322<\377\307\03489\250\213}b\332\021\377\335\004C\204\261\363b\000\267\317\013\002 {\372\226Q\211\360\034\006\234pH\316\352M\257w\030x\330\335\210|\360W\332\301\355\200\256\233T\355""; previousledger: ""\272\257\222Hx\367\213E\244~\217>\210\215|N\205E\251[\231(\023uf\272\326<\223v$\357""; "
1750527690603,1750527690603,0,1,0,2,TMProposeSet,"proposeSeq: 0; currentTxHash: ""\000\000\000\000\000\000\000\000\000\000\000\000\000\000\000\000\000\000\000\000\000\000\000\000\000\000\000\000\000\000\000\000""; nodePubKey: ""\002\225aM\037\203M\271C\224]$\245\215\334\264;{{\365%Z\2443U\201\242\320iUc\207\367""; closeTime: 803842890; signature: ""0D\002 <]|\277\022\351\234\322<\377\307\03489\250\213}b\332\021\377\335\004C\204\261\363b\000\267\317\013\002 {\372\226Q\211\360\034\006\234pH\316\352M\257w\030x\330\335\210|\360W\332\301\355\200\256\233T\355""; previousledger: ""\272\257\222Hx\367\213E\244~\217>\210\215|N\205E\251[\231(\023uf\272\326<\223v$\357""; ","proposeSeq: 0; currentTxHash: ""\000\000\000\000\000\000\000\000\000\000\000\000\000\000\000\000\000\000\000\000\000\000\000\000\000\000\000\000\000\000\000\000""; nodePubKey: ""\002\225aM\037\203M\271C\224]$\245\215\334\264;{{\365%Z\2443U\201\242\320iUc\207\367""; closeTime: 803842890; signature: ""0D\002 <]|\277\022\351\234\322<\377\307\03489\250\213}b\332\021\377\335\004C\204\261\363b\000\267\317\013\002 {\372\226Q\211\360\034\006\234pH\316\352M\257w\030x\330\335\210|\360W\332\301\355\200\256\233T\355""; previousledger: ""\272\257\222Hx\367\213E\244~\217>\210\215|N\205E\251[\231(\023uf\272\326<\223v$\357""; "
1750527690603,1750527690603,0,1,0,4,TMProposeSet,"proposeSeq: 0; currentTxHash: ""\000\000\000\000\000\000\000\000\000\000\000\000\000\000\000\000\000\000\000\000\000\000\000\000\000\000\000\000\000\000\000\000""; nodePubKey: ""\002\225aM\037\203M\271C\224]$\245\215\334\264;{{\365%Z\2443U\201\242\320iUc\207\367""; closeTime: 803842890; signature: ""0D\002 <]|\277\022\351\234\322<\377\307\03489\250\213}b\332\021\377\335\004C\204\261\363b\000\267\317\013\002 {\372\226Q\211\360\034\006\234pH\316\352M\257w\030x\330\335\210|\360W\332\301\355\200\256\233T\355""; previousledger: ""\272\257\222Hx\367\213E\244~\217>\210\215|N\205E\251[\231(\023uf\272\326<\223v$\357""; ","proposeSeq: 0; currentTxHash: ""\000\000\000\000\000\000\000\000\000\000\000\000\000\000\000\000\000\000\000\000\000\000\000\000\000\000\000\000\000\000\000\000""; nodePubKey: ""\002\225aM\037\203M\271C\224]$\245\215\334\264;{{\365%Z\2443U\201\242\320iUc\207\367""; closeTime: 803842890; signature: ""0D\002 <]|\277\022\351\234\322<\377\307\03489\250\213}b\332\021\377\335\004C\204\261\363b\000\267\317\013\002 {\372\226Q\211\360\034\006\234pH\316\352M\257w\030x\330\335\210|\360W\332\301\355\200\256\233T\355""; previousledger: ""\272\257\222Hx\367\213E\244~\217>\210\215|N\205E\251[\231(\023uf\272\326<\223v$\357""; "
1750527690560,1750527690622,0,1,0,3,TMStatusChange,"newEvent: neCLOSING_LEDGER; ledgerSeq: 14; ledgerHash: ""\272\257\222Hx\367\213E\244~\217>\210\215|N\205E\251[\231(\023uf\272\326<\223v$\357""; ledgerHashPrevious: ""=\3153\201i2\351\305qG\027\273i\345\234\273\252\306\261)(\316\370\223\246\361\3364\201\024jn""; networkTime: 803842890; firstSeq: 1; lastSeq: 49; ","newEvent: neCLOSING_LEDGER; ledgerSeq: 14; ledgerHash: ""\272\257\222Hx\367\213E\244~\217>\210\215|N\205E\251[\231(\023uf\272\326<\223v$\357""; ledgerHashPrevious: ""=\3153\201i2\351\305qG\027\273i\345\234\273\252\306\261)(\316\370\223\246\361\3364\201\024jn""; networkTime: 803842890; firstSeq: 1; lastSeq: 49; "
1750527690561,1750527690622,0,1,0,4,TMStatusChange,"newEvent: neCLOSING_LEDGER; ledgerSeq: 14; ledgerHash: ""\272\257\222Hx\367\213E\244~\217>\210\215|N\205E\251[\231(\023uf\272\326<\223v$\357""; ledgerHashPrevious: ""=\3153\201i2\351\305qG\027\273i\345\234\273\252\306\261)(\316\370\223\246\361\3364\201\024jn""; networkTime: 803842890; firstSeq: 1; lastSeq: 49; ","newEvent: neCLOSING_LEDGER; ledgerSeq: 14; ledgerHash: ""\272\257\222Hx\367\213E\244~\217>\210\215|N\205E\251[\231(\023uf\272\326<\223v$\357""; ledgerHashPrevious: ""=\3153\201i2\351\305qG\027\273i\345\234\273\252\306\261)(\316\370\223\246\361\3364\201\024jn""; networkTime: 803842890; firstSeq: 1; lastSeq: 49; "
1750527690561,1750527690622,0,1,0,1,TMStatusChange,"newEvent: neCLOSING_LEDGER; ledgerSeq: 14; ledgerHash: ""\272\257\222Hx\367\213E\244~\217>\210\215|N\205E\251[\231(\023uf\272\326<\223v$\357""; ledgerHashPrevious: ""=\3153\201i2\351\305qG\027\273i\345\234\273\252\306\261)(\316\370\223\246\361\3364\201\024jn""; networkTime: 803842890; firstSeq: 1; lastSeq: 49; ","newEvent: neCLOSING_LEDGER; ledgerSeq: 14; ledgerHash: ""\272\257\222Hx\367\213E\244~\217>\210\215|N\205E\251[\231(\023uf\272\326<\223v$\357""; ledgerHashPrevious: ""=\3153\201i2\351\305qG\027\273i\345\234\273\252\306\261)(\316\370\223\246\361\3364\201\024jn""; networkTime: 803842890; firstSeq: 1; lastSeq: 49; "
1750527690561,1750527690622,0,1,0,2,TMStatusChange,"newEvent: neCLOSING_LEDGER; ledgerSeq: 14; ledgerHash: ""\272\257\222Hx\367\213E\244~\217>\210\215|N\205E\251[\231(\023uf\272\326<\223v$\357""; ledgerHashPrevious: ""=\3153\201i2\351\305qG\027\273i\345\234\273\252\306\261)(\316\370\223\246\361\3364\201\024jn""; networkTime: 803842890; firstSeq: 1; lastSeq: 49; ","newEvent: neCLOSING_LEDGER; ledgerSeq: 14; ledgerHash: ""\272\257\222Hx\367\213E\244~\217>\210\215|N\205E\251[\231(\023uf\272\326<\223v$\357""; ledgerHashPrevious: ""=\3153\201i2\351\305qG\027\273i\345\234\273\252\306\261)(\316\370\223\246\361\3364\201\024jn""; networkTime: 803842890; firstSeq: 1; lastSeq: 49; "
1750527690634,1750527690634,0,1,4,2,TMStatusChange,"newEvent: neACCEPTED_LEDGER; ledgerSeq: 50; ledgerHash: ""\022`\210$\005\261rTx\343\226\224vC\2607.\025\213@~\312\227\000 o\232\016\376|a3""; ledgerHashPrevious: ""\037\006\345\236\265\343\337g\271\317\315\374\3357gX\036\024'\357<$\322\323$\375\346&^\361\0009""; networkTime: 803842890; firstSeq: 1; lastSeq: 49; ","newEvent: neACCEPTED_LEDGER; ledgerSeq: 50; ledgerHash: ""\022`\210$\005\261rTx\343\226\224vC\2607.\025\213@~\312\227\000 o\232\016\376|a3""; ledgerHashPrevious: ""\037\006\345\236\265\343\337g\271\317\315\374\3357gX\036\024'\357<$\322\323$\375\346&^\361\0009""; networkTime: 803842890; firstSeq: 1; lastSeq: 49; "
1750527690635,1750527690635,0,1,4,0,TMStatusChange,"newEvent: neACCEPTED_LEDGER; ledgerSeq: 50; ledgerHash: ""\022`\210$\005\261rTx\343\226\224vC\2607.\025\213@~\312\227\000 o\232\016\376|a3""; ledgerHashPrevious: ""\037\006\345\236\265\343\337g\271\317\315\374\3357gX\036\024'\357<$\322\323$\375\346&^\361\0009""; networkTime: 803842890; firstSeq: 1; lastSeq: 49; ","newEvent: neACCEPTED_LEDGER; ledgerSeq: 50; ledgerHash: ""\022`\210$\005\261rTx\343\226\224vC\2607.\025\213@~\312\227\000 o\232\016\376|a3""; ledgerHashPrevious: ""\037\006\345\236\265\343\337g\271\317\315\374\3357gX\036\024'\357<$\322\323$\375\346&^\361\0009""; networkTime: 803842890; firstSeq: 1; lastSeq: 49; "
1750527690635,1750527690635,0,1,4,1,TMStatusChange,"newEvent: neACCEPTED_LEDGER; ledgerSeq: 50; ledgerHash: ""\022`\210$\005\261rTx\343\226\224vC\2607.\025\213@~\312\227\000 o\232\016\376|a3""; ledgerHashPrevious: ""\037\006\345\236\265\343\337g\271\317\315\374\3357gX\036\024'\357<$\322\323$\375\346&^\361\0009""; networkTime: 803842890; firstSeq: 1; lastSeq: 49; ","newEvent: neACCEPTED_LEDGER; ledgerSeq: 50; ledgerHash: ""\022`\210$\005\261rTx\343\226\224vC\2607.\025\213@~\312\227\000 o\232\016\376|a3""; ledgerHashPrevious: ""\037\006\345\236\265\343\337g\271\317\315\374\3357gX\036\024'\357<$\322\323$\375\346&^\361\0009""; networkTime: 803842890; firstSeq: 1; lastSeq: 49; "
1750527690634,1750527690634,0,1,4,3,TMStatusChange,"newEvent: neACCEPTED_LEDGER; ledgerSeq: 50; ledgerHash: ""\022`\210$\005\261rTx\343\226\224vC\2607.\025\213@~\312\227\000 o\232\016\376|a3""; ledgerHashPrevious: ""\037\006\345\236\265\343\337g\271\317\315\374\3357gX\036\024'\357<$\322\323$\375\346&^\361\0009""; networkTime: 803842890; firstSeq: 1; lastSeq: 49; ","newEvent: neACCEPTED_LEDGER; ledgerSeq: 50; ledgerHash: ""\022`\210$\005\261rTx\343\226\224vC\2607.\025\213@~\312\227\000 o\232\016\376|a3""; ledgerHashPrevious: ""\037\006\345\236\265\343\337g\271\317\315\374\3357gX\036\024'\357<$\322\323$\375\346&^\361\0009""; networkTime: 803842890; firstSeq: 1; lastSeq: 49; "
1750527690678,1750527690678,0,1,4,3,TMValidation,"validation: """"\200\000\000\001&\000\000\0002)/\351\253J:\r\302\353\023?\373\240rQ\022`\210$\005\261rTx\343\226\224vC\2607.\025\213@~\312\227\000 o\232\016\376|a3P\027\000\000\000\000\000\000\000\000\000\000\000\000\000\000\000\000\000\000\000\000\000\000\000\000\000\000\000\000\000\000\000\000P\031\037\006\345\236\265\343\337g\271\317\315\374\3357gX\036\024'\357<$\322\323$\375\346&^\361\0009s!\003R7o\362bV\300hf\266\241;}\200^\374\240\203[:\342Q\225\221\027y\372\255\235\216\323~vF0D\002 U\376<!5h9\271\033T\262\2619\256\021SE\203\0166\224\222\200SA\326\302\231M\266\273\261\002 i\213\023\205\302~l\321FV\367:\316\212\215@Y`\261U\2266k\332\025\231\001\030\225\217\373\203""; ","validation: """"\200\000\000\001&\000\000\0002)/\351\253J:\r\302\353\023?\373\240rQ\022`\210$\005\261rTx\343\226\224vC\2607.\025\213@~\312\227\000 o\232\016\376|a3P\027\000\000\000\000\000\000\000\000\000\000\000\000\000\000\000\000\000\000\000\000\000\000\000\000\000\000\000\000\000\000\000\000P\031\037\006\345\236\265\343\337g\271\317\315\374\3357gX\036\024'\357<$\322\323$\375\346&^\361\0009s!\003R7o\362bV\300hf\266\241;}\200^\374\240\203[:\342Q\225\221\027y\372\255\235\216\323~vF0D\002 U\376<!5h9\271\033T\262\2619\256\021SE\203\0166\224\222\200SA\326\302\231M\266\273\261\002 i\213\023\205\302~l\321FV\367:\316\212\215@Y`\261U\2266k\332\025\231\001\030\225\217\373\203""; "
1750527690678,1750527690678,0,1,4,1,TMValidation,"validation: """"\200\000\000\001&\000\000\0002)/\351\253J:\r\302\353\023?\373\240rQ\022`\210$\005\261rTx\343\226\224vC\2607.\025\213@~\312\227\000 o\232\016\376|a3P\027\000\000\000\000\000\000\000\000\000\000\000\000\000\000\000\000\000\000\000\000\000\000\000\000\000\000\000\000\000\000\000\000P\031\037\006\345\236\265\343\337g\271\317\315\374\3357gX\036\024'\357<$\322\323$\375\346&^\361\0009s!\003R7o\362bV\300hf\266\241;}\200^\374\240\203[:\342Q\225\221\027y\372\255\235\216\323~vF0D\002 U\376<!5h9\271\033T\262\2619\256\021SE\203\0166\224\222\200SA\326\302\231M\266\273\261\002 i\213\023\205\302~l\321FV\367:\316\212\215@Y`\261U\2266k\332\025\231\001\030\225\217\373\203""; ","validation: """"\200\000\000\001&\000\000\0002)/\351\253J:\r\302\353\023?\373\240rQ\022`\210$\005\261rTx\343\226\224vC\2607.\025\213@~\312\227\000 o\232\016\376|a3P\027\000\000\000\000\000\000\000\000\000\000\000\000\000\000\000\000\000\000\000\000\000\000\000\000\000\000\000\000\000\000\000\000P\031\037\006\345\236\265\343\337g\271\317\315\374\3357gX\036\024'\357<$\322\323$\375\346&^\361\0009s!\003R7o\362bV\300hf\266\241;}\200^\374\240\203[:\342Q\225\221\027y\372\255\235\216\323~vF0D\002 U\376<!5h9\271\033T\262\2619\256\021SE\203\0166\224\222\200SA\326\302\231M\266\273\261\002 i\213\023\205\302~l\321FV\367:\316\212\215@Y`\261U\2266k\332\025\231\001\030\225\217\373\203""; "
1750527690679,1750527690679,0,1,4,2,TMValidation,"validation: """"\200\000\000\001&\000\000\0002)/\351\253J:\r\302\353\023?\373\240rQ\022`\210$\005\261rTx\343\226\224vC\2607.\025\213@~\312\227\000 o\232\016\376|a3P\027\000\000\000\000\000\000\000\000\000\000\000\000\000\000\000\000\000\000\000\000\000\000\000\000\000\000\000\000\000\000\000\000P\031\037\006\345\236\265\343\337g\271\317\315\374\3357gX\036\024'\357<$\322\323$\375\346&^\361\0009s!\003R7o\362bV\300hf\266\241;}\200^\374\240\203[:\342Q\225\221\027y\372\255\235\216\323~vF0D\002 U\376<!5h9\271\033T\262\2619\256\021SE\203\0166\224\222\200SA\326\302\231M\266\273\261\002 i\213\023\205\302~l\321FV\367:\316\212\215@Y`\261U\2266k\332\025\231\001\030\225\217\373\203""; ","validation: """"\200\000\000\001&\000\000\0002)/\351\253J:\r\302\353\023?\373\240rQ\022`\210$\005\261rTx\343\226\224vC\2607.\025\213@~\312\227\000 o\232\016\376|a3P\027\000\000\000\000\000\000\000\000\000\000\000\000\000\000\000\000\000\000\000\000\000\000\000\000\000\000\000\000\000\000\000\000P\031\037\006\345\236\265\343\337g\271\317\315\374\3357gX\036\024'\357<$\322\323$\375\346&^\361\0009s!\003R7o\362bV\300hf\266\241;}\200^\374\240\203[:\342Q\225\221\027y\372\255\235\216\323~vF0D\002 U\376<!5h9\271\033T\262\2619\256\021SE\203\0166\224\222\200SA\326\302\231M\266\273\261\002 i\213\023\205\302~l\321FV\367:\316\212\215@Y`\261U\2266k\332\025\231\001\030\225\217\373\203""; "
1750527690679,1750527690679,0,1,4,0,TMValidation,"validation: """"\200\000\000\001&\000\000\0002)/\351\253J:\r\302\353\023?\373\240rQ\022`\210$\005\261rTx\343\226\224vC\2607.\025\213@~\312\227\000 o\232\016\376|a3P\027\000\000\000\000\000\000\000\000\000\000\000\000\000\000\000\000\000\000\000\000\000\000\000\000\000\000\000\000\000\000\000\000P\031\037\006\345\236\265\343\337g\271\317\315\374\3357gX\036\024'\357<$\322\323$\375\346&^\361\0009s!\003R7o\362bV\300hf\266\241;}\200^\374\240\203[:\342Q\225\221\027y\372\255\235\216\323~vF0D\002 U\376<!5h9\271\033T\262\2619\256\021SE\203\0166\224\222\200SA\326\302\231M\266\273\261\002 i\213\023\205\302~l\321FV\367:\316\212\215@Y`\261U\2266k\332\025\231\001\030\225\217\373\203""; ","validation: """"\200\000\000\001&\000\000\0002)/\351\253J:\r\302\353\023?\373\240rQ\022`\210$\005\261rTx\343\226\224vC\2607.\025\213@~\312\227\000 o\232\016\376|a3P\027\000\000\000\000\000\000\000\000\000\000\000\000\000\000\000\000\000\000\000\000\000\000\000\000\000\000\000\000\000\000\000\000P\031\037\006\345\236\265\343\337g\271\317\315\374\3357gX\036\024'\357<$\322\323$\375\346&^\361\0009s!\003R7o\362bV\300hf\266\241;}\200^\374\240\203[:\342Q\225\221\027y\372\255\235\216\323~vF0D\002 U\376<!5h9\271\033T\262\2619\256\021SE\203\0166\224\222\200SA\326\302\231M\266\273\261\002 i\213\023\205\302~l\321FV\367:\316\212\215@Y`\261U\2266k\332\025\231\001\030\225\217\373\203""; "
1750527690684,1750527690685,0,1,3,1,TMValidation,"validation: """"\200\000\000\001&\000\000\0002)/\351\253J:\r\302\353\023?\373\240rQ\022`\210$\005\261rTx\343\226\224vC\2607.\025\213@~\312\227\000 o\232\016\376|a3P\027\000\000\000\000\000\000\000\000\000\000\000\000\000\000\000\000\000\000\000\000\000\000\000\000\000\000\000\000\000\000\000\000P\031\037\006\345\236\265\343\337g\271\317\315\374\3357gX\036\024'\357<$\322\323$\375\346&^\361\0009s!\003R7o\362bV\300hf\266\241;}\200^\374\240\203[:\342Q\225\221\027y\372\255\235\216\323~vF0D\002 U\376<!5h9\271\033T\262\2619\256\021SE\203\0166\224\222\200SA\326\302\231M\266\273\261\002 i\213\023\205\302~l\321FV\367:\316\212\215@Y`\261U\2266k\332\025\231\001\030\225\217\373\203""; ","validation: """"\200\000\000\001&\000\000\0002)/\351\253J:\r\302\353\023?\373\240rQ\022`\210$\005\261rTx\343\226\224vC\2607.\025\213@~\312\227\000 o\232\016\376|a3P\027\000\000\000\000\000\000\000\000\000\000\000\000\000\000\000\000\000\000\000\000\000\000\000\000\000\000\000\000\000\000\000\000P\031\037\006\345\236\265\343\337g\271\317\315\374\3357gX\036\024'\357<$\322\323$\375\346&^\361\0009s!\003R7o\362bV\300hf\266\241;}\200^\374\240\203[:\342Q\225\221\027y\372\255\235\216\323~vF0D\002 U\376<!5h9\271\033T\262\2619\256\021SE\203\0166\224\222\200SA\326\302\231M\266\273\261\002 i\213\023\205\302~l\321FV\367:\316\212\215@Y`\261U\2266k\332\025\231\001\030\225\217\373\203""; "
1750527690686,1750527690687,0,1,3,2,TMValidation,"validation: """"\200\000\000\001&\000\000\0002)/\351\253J:\r\302\353\023?\373\240rQ\022`\210$\005\261rTx\343\226\224vC\2607.\025\213@~\312\227\000 o\232\016\376|a3P\027\000\000\000\000\000\000\000\000\000\000\000\000\000\000\000\000\000\000\000\000\000\000\000\000\000\000\000\000\000\000\000\000P\031\037\006\345\236\265\343\337g\271\317\315\374\3357gX\036\024'\357<$\322\323$\375\346&^\361\0009s!\003R7o\362bV\300hf\266\241;}\200^\374\240\203[:\342Q\225\221\027y\372\255\235\216\323~vF0D\002 U\376<!5h9\271\033T\262\2619\256\021SE\203\0166\224\222\200SA\326\302\231M\266\273\261\002 i\213\023\205\302~l\321FV\367:\316\212\215@Y`\261U\2266k\332\025\231\001\030\225\217\373\203""; ","validation: """"\200\000\000\001&\000\000\0002)/\351\253J:\r\302\353\023?\373\240rQ\022`\210$\005\261rTx\343\226\224vC\2607.\025\213@~\312\227\000 o\232\016\376|a3P\027\000\000\000\000\000\000\000\000\000\000\000\000\000\000\000\000\000\000\000\000\000\000\000\000\000\000\000\000\000\000\000\000P\031\037\006\345\236\265\343\337g\271\317\315\374\3357gX\036\024'\357<$\322\323$\375\346&^\361\0009s!\003R7o\362bV\300hf\266\241;}\200^\374\240\203[:\342Q\225\221\027y\372\255\235\216\323~vF0D\002 U\376<!5h9\271\033T\262\2619\256\021SE\203\0166\224\222\200SA\326\302\231M\266\273\261\002 i\213\023\205\302~l\321FV\367:\316\212\215@Y`\261U\2266k\332\025\231\001\030\225\217\373\203""; "
1750527690686,1750527690686,0,1,3,0,TMValidation,"validation: """"\200\000\000\001&\000\000\0002)/\351\253J:\r\302\353\023?\373\240rQ\022`\210$\005\261rTx\343\226\224vC\2607.\025\213@~\312\227\000 o\232\016\376|a3P\027\000\000\000\000\000\000\000\000\000\000\000\000\000\000\000\000\000\000\000\000\000\000\000\000\000\000\000\000\000\000\000\000P\031\037\006\345\236\265\343\337g\271\317\315\374\3357gX\036\024'\357<$\322\323$\375\346&^\361\0009s!\003R7o\362bV\300hf\266\241;}\200^\374\240\203[:\342Q\225\221\027y\372\255\235\216\323~vF0D\002 U\376<!5h9\271\033T\262\2619\256\021SE\203\0166\224\222\200SA\326\302\231M\266\273\261\002 i\213\023\205\302~l\321FV\367:\316\212\215@Y`\261U\2266k\332\025\231\001\030\225\217\373\203""; ","validation: """"\200\000\000\001&\000\000\0002)/\351\253J:\r\302\353\023?\373\240rQ\022`\210$\005\261rTx\343\226\224vC\2607.\025\213@~\312\227\000 o\232\016\376|a3P\027\000\000\000\000\000\000\000\000\000\000\000\000\000\000\000\000\000\000\000\000\000\000\000\000\000\000\000\000\000\000\000\000P\031\037\006\345\236\265\343\337g\271\317\315\374\3357gX\036\024'\357<$\322\323$\375\346&^\361\0009s!\003R7o\362bV\300hf\266\241;}\200^\374\240\203[:\342Q\225\221\027y\372\255\235\216\323~vF0D\002 U\376<!5h9\271\033T\262\2619\256\021SE\203\0166\224\222\200SA\326\302\231M\266\273\261\002 i\213\023\205\302~l\321FV\367:\316\212\215@Y`\261U\2266k\332\025\231\001\030\225\217\373\203""; "
1750527690687,1750527690687,0,1,2,4,TMProposeSet,"proposeSeq: 0; currentTxHash: ""\000\000\000\000\000\000\000\000\000\000\000\000\000\000\000\000\000\000\000\000\000\000\000\000\000\000\000\000\000\000\000\000""; nodePubKey: ""\003\255\225A\213\332\224ehh\024BDq\224\250\335`\355\353{\357\266\335<\021\032\265\177\206\356&\215""; closeTime: 803842890; signature: ""0E\002!\000\277\035\317M^\303\037\303s\264\372\263\315\321\005Z\177\275\003\301\n\0221$\370yH\034\207g6\334\002 hO,\004Y\243\252t""F+k?\265_\251`\353\022\371\263\3702\371\313\007\3717|\234\3434""; previousledger: ""\366j\342\363\016\347\323I\216\\246\222\3168\223\037\242ZC6c\204\225\322W\300\263}\000zrv""; ","proposeSeq: 0; currentTxHash: ""\000\000\000\000\000\000\000\000\000\000\000\000\000\000\000\000\000\000\000\000\000\000\000\000\000\000\000\000\000\000\000\000""; nodePubKey: ""\003\255\225A\213\332\224ehh\024BDq\224\250\335`\355\353{\357\266\335<\021\032\265\177\206\356&\215""; closeTime: 803842890; signature: ""0E\002!\000\277\035\317M^\303\037\303s\264\372\263\315\321\005Z\177\275\003\301\n\0221$\370yH\034\207g6\334\002 hO,\004Y\243\252t""F+k?\265_\251`\353\022\371\263\3702\371\313\007\3717|\234\3434""; previousledger: ""\366j\342\363\016\347\323I\216\\246\222\3168\223\037\242ZC6c\204\225\322W\300\263}\000zrv""; "
1750527690687,1750527690687,0,1,1,2,TMValidation,"validation: """"\200\000\000\001&\000\000\0002)/\351\253J:\r\302\353\023?\373\240rQ\022`\210$\005\261rTx\343\226\224vC\2607.\025\213@~\312\227\000 o\232\016\376|a3P\027\000\000\000\000\000\000\000\000\000\000\000\000\000\000\000\000\000\000\000\000\000\000\000\000\000\000\000\000\000\000\000\000P\031\037\006\345\236\265\343\337g\271\317\315\374\3357gX\036\024'\357<$\322\323$\375\346&^\361\0009s!\003R7o\362bV\300hf\266\241;}\200^\374\240\203[:\342Q\225\221\027y\372\255\235\216\323~vF0D\002 U\376<!5h9\271\033T\262\2619\256\021SE\203\0166\224\222\200SA\326\302\231M\266\273\261\002 i\213\023\205\302~l\321FV\367:\316\212\215@Y`\261U\2266k\332\025\231\001\030\225\217\373\203""; ","validation: """"\200\000\000\001&\000\000\0002)/\351\253J:\r\302\353\023?\373\240rQ\022`\210$\005\261rTx\343\226\224vC\2607.\025\213@~\312\227\000 o\232\016\376|a3P\027\000\000\000\000\000\000\000\000\000\000\000\000\000\000\000\000\000\000\000\000\000\000\000\000\000\000\000\000\000\000\000\000P\031\037\006\345\236\265\343\337g\271\317\315\374\3357gX\036\024'\357<$\322\323$\375\346&^\361\0009s!\003R7o\362bV\300hf\266\241;}\200^\374\240\203[:\342Q\225\221\027y\372\255\235\216\323~vF0D\002 U\376<!5h9\271\033T\262\2619\256\021SE\203\0166\224\222\200SA\326\302\231M\266\273\261\002 i\213\023\205\302~l\321FV\367:\316\212\215@Y`\261U\2266k\332\025\231\001\030\225\217\373\203""; "
1750527690689,1750527690689,0,1,1,0,TMValidation,"validation: """"\200\000\000\001&\000\000\0002)/\351\253J:\r\302\353\023?\373\240rQ\022`\210$\005\261rTx\343\226\224vC\2607.\025\213@~\312\227\000 o\232\016\376|a3P\027\000\000\000\000\000\000\000\000\000\000\000\000\000\000\000\000\000\000\000\000\000\000\000\000\000\000\000\000\000\000\000\000P\031\037\006\345\236\265\343\337g\271\317\315\374\3357gX\036\024'\357<$\322\323$\375\346&^\361\0009s!\003R7o\362bV\300hf\266\241;}\200^\374\240\203[:\342Q\225\221\027y\372\255\235\216\323~vF0D\002 U\376<!5h9\271\033T\262\2619\256\021SE\203\0166\224\222\200SA\326\302\231M\266\273\261\002 i\213\023\205\302~l\321FV\367:\316\212\215@Y`\261U\2266k\332\025\231\001\030\225\217\373\203""; ","validation: """"\200\000\000\001&\000\000\0002)/\351\253J:\r\302\353\023?\373\240rQ\022`\210$\005\261rTx\343\226\224vC\2607.\025\213@~\312\227\000 o\232\016\376|a3P\027\000\000\000\000\000\000\000\000\000\000\000\000\000\000\000\000\000\000\000\000\000\000\000\000\000\000\000\000\000\000\000\000P\031\037\006\345\236\265\343\337g\271\317\315\374\3357gX\036\024'\357<$\322\323$\375\346&^\361\0009s!\003R7o\362bV\300hf\266\241;}\200^\374\240\203[:\342Q\225\221\027y\372\255\235\216\323~vF0D\002 U\376<!5h9\271\033T\262\2619\256\021SE\203\0166\224\222\200SA\326\302\231M\266\273\261\002 i\213\023\205\302~l\321FV\367:\316\212\215@Y`\261U\2266k\332\025\231\001\030\225\217\373\203""; "
1750527690689,1750527690689,0,1,1,3,TMValidation,"validation: """"\200\000\000\001&\000\000\0002)/\351\253J:\r\302\353\023?\373\240rQ\022`\210$\005\261rTx\343\226\224vC\2607.\025\213@~\312\227\000 o\232\016\376|a3P\027\000\000\000\000\000\000\000\000\000\000\000\000\000\000\000\000\000\000\000\000\000\000\000\000\000\000\000\000\000\000\000\000P\031\037\006\345\236\265\343\337g\271\317\315\374\3357gX\036\024'\357<$\322\323$\375\346&^\361\0009s!\003R7o\362bV\300hf\266\241;}\200^\374\240\203[:\342Q\225\221\027y\372\255\235\216\323~vF0D\002 U\376<!5h9\271\033T\262\2619\256\021SE\203\0166\224\222\200SA\326\302\231M\266\273\261\002 i\213\023\205\302~l\321FV\367:\316\212\215@Y`\261U\2266k\332\025\231\001\030\225\217\373\203""; ","validation: """"\200\000\000\001&\000\000\0002)/\351\253J:\r\302\353\023?\373\240rQ\022`\210$\005\261rTx\343\226\224vC\2607.\025\213@~\312\227\000 o\232\016\376|a3P\027\000\000\000\000\000\000\000\000\000\000\000\000\000\000\000\000\000\000\000\000\000\000\000\000\000\000\000\000\000\000\000\000P\031\037\006\345\236\265\343\337g\271\317\315\374\3357gX\036\024'\357<$\322\323$\375\346&^\361\0009s!\003R7o\362bV\300hf\266\241;}\200^\374\240\203[:\342Q\225\221\027y\372\255\235\216\323~vF0D\002 U\376<!5h9\271\033T\262\2619\256\021SE\203\0166\224\222\200SA\326\302\231M\266\273\261\002 i\213\023\205\302~l\321FV\367:\316\212\215@Y`\261U\2266k\332\025\231\001\030\225\217\373\203""; "
1750527690689,1750527690689,0,1,0,2,TMValidation,"validation: """"\200\000\000\001&\000\000\0002)/\351\253J:\r\302\353\023?\373\240rQ\022`\210$\005\261rTx\343\226\224vC\2607.\025\213@~\312\227\000 o\232\016\376|a3P\027\000\000\000\000\000\000\000\000\000\000\000\000\000\000\000\000\000\000\000\000\000\000\000\000\000\000\000\000\000\000\000\000P\031\037\006\345\236\265\343\337g\271\317\315\374\3357gX\036\024'\357<$\322\323$\375\346&^\361\0009s!\003R7o\362bV\300hf\266\241;}\200^\374\240\203[:\342Q\225\221\027y\372\255\235\216\323~vF0D\002 U\376<!5h9\271\033T\262\2619\256\021SE\203\0166\224\222\200SA\326\302\231M\266\273\261\002 i\213\023\205\302~l\321FV\367:\316\212\215@Y`\261U\2266k\332\025\231\001\030\225\217\373\203""; ","validation: """"\200\000\000\001&\000\000\0002)/\351\253J:\r\302\353\023?\373\240rQ\022`\210$\005\261rTx\343\226\224vC\2607.\025\213@~\312\227\000 o\232\016\376|a3P\027\000\000\000\000\000\000\000\000\000\000\000\000\000\000\000\000\000\000\000\000\000\000\000\000\000\000\000\000\000\000\000\000P\031\037\006\345\236\265\343\337g\271\317\315\374\3357gX\036\024'\357<$\322\323$\375\346&^\361\0009s!\003R7o\362bV\300hf\266\241;}\200^\374\240\203[:\342Q\225\221\027y\372\255\235\216\323~vF0D\002 U\376<!5h9\271\033T\262\2619\256\021SE\203\0166\224\222\200SA\326\302\231M\266\273\261\002 i\213\023\205\302~l\321FV\367:\316\212\215@Y`\261U\2266k\332\025\231\001\030\225\217\373\203""; "
1750527690690,1750527690690,0,1,0,3,TMValidation,"validation: """"\200\000\000\001&\000\000\0002)/\351\253J:\r\302\353\023?\373\240rQ\022`\210$\005\261rTx\343\226\224vC\2607.\025\213@~\312\227\000 o\232\016\376|a3P\027\000\000\000\000\000\000\000\000\000\000\000\000\000\000\000\000\000\000\000\000\000\000\000\000\000\000\000\000\000\000\000\000P\031\037\006\345\236\265\343\337g\271\317\315\374\3357gX\036\024'\357<$\322\323$\375\346&^\361\0009s!\003R7o\362bV\300hf\266\241;}\200^\374\240\203[:\342Q\225\221\027y\372\255\235\216\323~vF0D\002 U\376<!5h9\271\033T\262\2619\256\021SE\203\0166\224\222\200SA\326\302\231M\266\273\261\002 i\213\023\205\302~l\321FV\367:\316\212\215@Y`\261U\2266k\332\025\231\001\030\225\217\373\203""; ","validation: """"\200\000\000\001&\000\000\0002)/\351\253J:\r\302\353\023?\373\240rQ\022`\210$\005\261rTx\343\226\224vC\2607.\025\213@~\312\227\000 o\232\016\376|a3P\027\000\000\000\000\000\000\000\000\000\000\000\000\000\000\000\000\000\000\000\000\000\000\000\000\000\000\000\000\000\000\000\000P\031\037\006\345\236\265\343\337g\271\317\315\374\3357gX\036\024'\357<$\322\323$\375\346&^\361\0009s!\003R7o\362bV\300hf\266\241;}\200^\374\240\203[:\342Q\225\221\027y\372\255\235\216\323~vF0D\002 U\376<!5h9\271\033T\262\2619\256\021SE\203\0166\224\222\200SA\326\302\231M\266\273\261\002 i\213\023\205\302~l\321FV\367:\316\212\215@Y`\261U\2266k\332\025\231\001\030\225\217\373\203""; "
1750527690691,1750527690691,0,1,0,1,TMValidation,"validation: """"\200\000\000\001&\000\000\0002)/\351\253J:\r\302\353\023?\373\240rQ\022`\210$\005\261rTx\343\226\224vC\2607.\025\213@~\312\227\000 o\232\016\376|a3P\027\000\000\000\000\000\000\000\000\000\000\000\000\000\000\000\000\000\000\000\000\000\000\000\000\000\000\000\000\000\000\000\000P\031\037\006\345\236\265\343\337g\271\317\315\374\3357gX\036\024'\357<$\322\323$\375\346&^\361\0009s!\003R7o\362bV\300hf\266\241;}\200^\374\240\203[:\342Q\225\221\027y\372\255\235\216\323~vF0D\002 U\376<!5h9\271\033T\262\2619\256\021SE\203\0166\224\222\200SA\326\302\231M\266\273\261\002 i\213\023\205\302~l\321FV\367:\316\212\215@Y`\261U\2266k\332\025\231\001\030\225\217\373\203""; ","validation: """"\200\000\000\001&\000\000\0002)/\351\253J:\r\302\353\023?\373\240rQ\022`\210$\005\261rTx\343\226\224vC\2607.\025\213@~\312\227\000 o\232\016\376|a3P\027\000\000\000\000\000\000\000\000\000\000\000\000\000\000\000\000\000\000\000\000\000\000\000\000\000\000\000\000\000\000\000\000P\031\037\006\345\236\265\343\337g\271\317\315\374\3357gX\036\024'\357<$\322\323$\375\346&^\361\0009s!\003R7o\362bV\300hf\266\241;}\200^\374\240\203[:\342Q\225\221\027y\372\255\235\216\323~vF0D\002 U\376<!5h9\271\033T\262\2619\256\021SE\203\0166\224\222\200SA\326\302\231M\266\273\261\002 i\213\023\205\302~l\321FV\367:\316\212\215@Y`\261U\2266k\332\025\231\001\030\225\217\373\203""; "
1750527690691,1750527690691,0,1,2,3,TMValidation,"validation: """"\200\000\000\001&\000\000\0002)/\351\253J:\r\302\353\023?\373\240rQ\022`\210$\005\261rTx\343\226\224vC\2607.\025\213@~\312\227\000 o\232\016\376|a3P\027\000\000\000\000\000\000\000\000\000\000\000\000\000\000\000\000\000\000\000\000\000\000\000\000\000\000\000\000\000\000\000\000P\031\037\006\345\236\265\343\337g\271\317\315\374\3357gX\036\024'\357<$\322\323$\375\346&^\361\0009s!\003R7o\362bV\300hf\266\241;}\200^\374\240\203[:\342Q\225\221\027y\372\255\235\216\323~vF0D\002 U\376<!5h9\271\033T\262\2619\256\021SE\203\0166\224\222\200SA\326\302\231M\266\273\261\002 i\213\023\205\302~l\321FV\367:\316\212\215@Y`\261U\2266k\332\025\231\001\030\225\217\373\203""; ","validation: """"\200\000\000\001&\000\000\0002)/\351\253J:\r\302\353\023?\373\240rQ\022`\210$\005\261rTx\343\226\224vC\2607.\025\213@~\312\227\000 o\232\016\376|a3P\027\000\000\000\000\000\000\000\000\000\000\000\000\000\000\000\000\000\000\000\000\000\000\000\000\000\000\000\000\000\000\000\000P\031\037\006\345\236\265\343\337g\271\317\315\374\3357gX\036\024'\357<$\322\323$\375\346&^\361\0009s!\003R7o\362bV\300hf\266\241;}\200^\374\240\203[:\342Q\225\221\027y\372\255\235\216\323~vF0D\002 U\376<!5h9\271\033T\262\2619\256\021SE\203\0166\224\222\200SA\326\302\231M\266\273\261\002 i\213\023\205\302~l\321FV\367:\316\212\215@Y`\261U\2266k\332\025\231\001\030\225\217\373\203""; "
1750527690691,1750527690691,0,1,2,3,TMProposeSet,"proposeSeq: 0; currentTxHash: ""\000\000\000\000\000\000\000\000\000\000\000\000\000\000\000\000\000\000\000\000\000\000\000\000\000\000\000\000\000\000\000\000""; nodePubKey: ""\003\255\225A\213\332\224ehh\024BDq\224\250\335`\355\353{\357\266\335<\021\032\265\177\206\356&\215""; closeTime: 803842890; signature: ""0E\002!\000\277\035\317M^\303\037\303s\264\372\263\315\321\005Z\177\275\003\301\n\0221$\370yH\034\207g6\334\002 hO,\004Y\243\252t""F+k?\265_\251`\353\022\371\263\3702\371\313\007\3717|\234\3434""; previousledger: ""\366j\342\363\016\347\323I\216\\246\222\3168\223\037\242ZC6c\204\225\322W\300\263}\000zrv""; ","proposeSeq: 0; currentTxHash: ""\000\000\000\000\000\000\000\000\000\000\000\000\000\000\000\000\000\000\000\000\000\000\000\000\000\000\000\000\000\000\000\000""; nodePubKey: ""\003\255\225A\213\332\224ehh\024BDq\224\250\335`\355\353{\357\266\335<\021\032\265\177\206\356&\215""; closeTime: 803842890; signature: ""0E\002!\000\277\035\317M^\303\037\303s\264\372\263\315\321\005Z\177\275\003\301\n\0221$\370yH\034\207g6\334\002 hO,\004Y\243\252t""F+k?\265_\251`\353\022\371\263\3702\371\313\007\3717|\234\3434""; previousledger: ""\366j\342\363\016\347\323I\216\\246\222\3168\223\037\242ZC6c\204\225\322W\300\263}\000zrv""; "
1750527690692,1750527690692,0,1,2,1,TMProposeSet,"proposeSeq: 0; currentTxHash: ""\000\000\000\000\000\000\000\000\000\000\000\000\000\000\000\000\000\000\000\000\000\000\000\000\000\000\000\000\000\000\000\000""; nodePubKey: ""\003\255\225A\213\332\224ehh\024BDq\224\250\335`\355\353{\357\266\335<\021\032\265\177\206\356&\215""; closeTime: 803842890; signature: ""0E\002!\000\277\035\317M^\303\037\303s\264\372\263\315\321\005Z\177\275\003\301\n\0221$\370yH\034\207g6\334\002 hO,\004Y\243\252t""F+k?\265_\251`\353\022\371\263\3702\371\313\007\3717|\234\3434""; previousledger: ""\366j\342\363\016\347\323I\216\\246\222\3168\223\037\242ZC6c\204\225\322W\300\263}\000zrv""; ","proposeSeq: 0; currentTxHash: ""\000\000\000\000\000\000\000\000\000\000\000\000\000\000\000\000\000\000\000\000\000\000\000\000\000\000\000\000\000\000\000\000""; nodePubKey: ""\003\255\225A\213\332\224ehh\024BDq\224\250\335`\355\353{\357\266\335<\021\032\265\177\206\356&\215""; closeTime: 803842890; signature: ""0E\002!\000\277\035\317M^\303\037\303s\264\372\263\315\321\005Z\177\275\003\301\n\0221$\370yH\034\207g6\334\002 hO,\004Y\243\252t""F+k?\265_\251`\353\022\371\263\3702\371\313\007\3717|\234\3434""; previousledger: ""\366j\342\363\016\347\323I\216\\246\222\3168\223\037\242ZC6c\204\225\322W\300\263}\000zrv""; "
1750527690692,1750527690692,0,1,2,1,TMValidation,"validation: """"\200\000\000\001&\000\000\0002)/\351\253J:\r\302\353\023?\373\240rQ\022`\210$\005\261rTx\343\226\224vC\2607.\025\213@~\312\227\000 o\232\016\376|a3P\027\000\000\000\000\000\000\000\000\000\000\000\000\000\000\000\000\000\000\000\000\000\000\000\000\000\000\000\000\000\000\000\000P\031\037\006\345\236\265\343\337g\271\317\315\374\3357gX\036\024'\357<$\322\323$\375\346&^\361\0009s!\003R7o\362bV\300hf\266\241;}\200^\374\240\203[:\342Q\225\221\027y\372\255\235\216\323~vF0D\002 U\376<!5h9\271\033T\262\2619\256\021SE\203\0166\224\222\200SA\326\302\231M\266\273\261\002 i\213\023\205\302~l\321FV\367:\316\212\215@Y`\261U\2266k\332\025\231\001\030\225\217\373\203""; ","validation: """"\200\000\000\001&\000\000\0002)/\351\253J:\r\302\353\023?\373\240rQ\022`\210$\005\261rTx\343\226\224vC\2607.\025\213@~\312\227\000 o\232\016\376|a3P\027\000\000\000\000\000\000\000\000\000\000\000\000\000\000\000\000\000\000\000\000\000\000\000\000\000\000\000\000\000\000\000\000P\031\037\006\345\236\265\343\337g\271\317\315\374\3357gX\036\024'\357<$\322\323$\375\346&^\361\0009s!\003R7o\362bV\300hf\266\241;}\200^\374\240\203[:\342Q\225\221\027y\372\255\235\216\323~vF0D\002 U\376<!5h9\271\033T\262\2619\256\021SE\203\0166\224\222\200SA\326\302\231M\266\273\261\002 i\213\023\205\302~l\321FV\367:\316\212\215@Y`\261U\2266k\332\025\231\001\030\225\217\373\203""; "
1750527690693,1750527690693,0,1,2,0,TMProposeSet,"proposeSeq: 0; currentTxHash: ""\000\000\000\000\000\000\000\000\000\000\000\000\000\000\000\000\000\000\000\000\000\000\000\000\000\000\000\000\000\000\000\000""; nodePubKey: ""\003\255\225A\213\332\224ehh\024BDq\224\250\335`\355\353{\357\266\335<\021\032\265\177\206\356&\215""; closeTime: 803842890; signature: ""0E\002!\000\277\035\317M^\303\037\303s\264\372\263\315\321\005Z\177\275\003\301\n\0221$\370yH\034\207g6\334\002 hO,\004Y\243\252t""F+k?\265_\251`\353\022\371\263\3702\371\313\007\3717|\234\3434""; previousledger: ""\366j\342\363\016\347\323I\216\\246\222\3168\223\037\242ZC6c\204\225\322W\300\263}\000zrv""; ","proposeSeq: 0; currentTxHash: ""\000\000\000\000\000\000\000\000\000\000\000\000\000\000\000\000\000\000\000\000\000\000\000\000\000\000\000\000\000\000\000\000""; nodePubKey: ""\003\255\225A\213\332\224ehh\024BDq\224\250\335`\355\353{\357\266\335<\021\032\265\177\206\356&\215""; closeTime: 803842890; signature: ""0E\002!\000\277\035\317M^\303\037\303s\264\372\263\315\321\005Z\177\275\003\301\n\0221$\370yH\034\207g6\334\002 hO,\004Y\243\252t""F+k?\265_\251`\353\022\371\263\3702\371\313\007\3717|\234\3434""; previousledger: ""\366j\342\363\016\347\323I\216\\246\222\3168\223\037\242ZC6c\204\225\322W\300\263}\000zrv""; "
1750527690693,1750527690693,0,1,2,0,TMValidation,"validation: """"\200\000\000\001&\000\000\0002)/\351\253J:\r\302\353\023?\373\240rQ\022`\210$\005\261rTx\343\226\224vC\2607.\025\213@~\312\227\000 o\232\016\376|a3P\027\000\000\000\000\000\000\000\000\000\000\000\000\000\000\000\000\000\000\000\000\000\000\000\000\000\000\000\000\000\000\000\000P\031\037\006\345\236\265\343\337g\271\317\315\374\3357gX\036\024'\357<$\322\323$\375\346&^\361\0009s!\003R7o\362bV\300hf\266\241;}\200^\374\240\203[:\342Q\225\221\027y\372\255\235\216\323~vF0D\002 U\376<!5h9\271\033T\262\2619\256\021SE\203\0166\224\222\200SA\326\302\231M\266\273\261\002 i\213\023\205\302~l\321FV\367:\316\212\215@Y`\261U\2266k\332\025\231\001\030\225\217\373\203""; ","validation: """"\200\000\000\001&\000\000\0002)/\351\253J:\r\302\353\023?\373\240rQ\022`\210$\005\261rTx\343\226\224vC\2607.\025\213@~\312\227\000 o\232\016\376|a3P\027\000\000\000\000\000\000\000\000\000\000\000\000\000\000\000\000\000\000\000\000\000\000\000\000\000\000\000\000\000\000\000\000P\031\037\006\345\236\265\343\337g\271\317\315\374\3357gX\036\024'\357<$\322\323$\375\346&^\361\0009s!\003R7o\362bV\300hf\266\241;}\200^\374\240\203[:\342Q\225\221\027y\372\255\235\216\323~vF0D\002 U\376<!5h9\271\033T\262\2619\256\021SE\203\0166\224\222\200SA\326\302\231M\266\273\261\002 i\213\023\205\302~l\321FV\367:\316\212\215@Y`\261U\2266k\332\025\231\001\030\225\217\373\203""; "
1750527690645,1750527690718,0,1,2,3,TMStatusChange,"newEvent: neCLOSING_LEDGER; ledgerSeq: 14; ledgerHash: ""\366j\342\363\016\347\323I\216\\246\222\3168\223\037\242ZC6c\204\225\322W\300\263}\000zrv""; ledgerHashPrevious: ""\331I\204\016\276\321\276\006\357\356_\363\302\211\374\3168-\334\260;S\007r\271:!i\362bs\344""; networkTime: 803842890; firstSeq: 1; lastSeq: 49; ","newEvent: neCLOSING_LEDGER; ledgerSeq: 14; ledgerHash: ""\366j\342\363\016\347\323I\216\\246\222\3168\223\037\242ZC6c\204\225\322W\300\263}\000zrv""; ledgerHashPrevious: ""\331I\204\016\276\321\276\006\357\356_\363\302\211\374\3168-\334\260;S\007r\271:!i\362bs\344""; networkTime: 803842890; firstSeq: 1; lastSeq: 49; "
1750527690646,1750527690719,0,1,2,1,TMStatusChange,"newEvent: neCLOSING_LEDGER; ledgerSeq: 14; ledgerHash: ""\366j\342\363\016\347\323I\216\\246\222\3168\223\037\242ZC6c\204\225\322W\300\263}\000zrv""; ledgerHashPrevious: ""\331I\204\016\276\321\276\006\357\356_\363\302\211\374\3168-\334\260;S\007r\271:!i\362bs\344""; networkTime: 803842890; firstSeq: 1; lastSeq: 49; ","newEvent: neCLOSING_LEDGER; ledgerSeq: 14; ledgerHash: ""\366j\342\363\016\347\323I\216\\246\222\3168\223\037\242ZC6c\204\225\322W\300\263}\000zrv""; ledgerHashPrevious: ""\331I\204\016\276\321\276\006\357\356_\363\302\211\374\3168-\334\260;S\007r\271:!i\362bs\344""; networkTime: 803842890; firstSeq: 1; lastSeq: 49; "
1750527690646,1750527690718,0,1,2,4,TMStatusChange,"newEvent: neCLOSING_LEDGER; ledgerSeq: 14; ledgerHash: ""\366j\342\363\016\347\323I\216\\246\222\3168\223\037\242ZC6c\204\225\322W\300\263}\000zrv""; ledgerHashPrevious: ""\331I\204\016\276\321\276\006\357\356_\363\302\211\374\3168-\334\260;S\007r\271:!i\362bs\344""; networkTime: 803842890; firstSeq: 1; lastSeq: 49; ","newEvent: neCLOSING_LEDGER; ledgerSeq: 14; ledgerHash: ""\366j\342\363\016\347\323I\216\\246\222\3168\223\037\242ZC6c\204\225\322W\300\263}\000zrv""; ledgerHashPrevious: ""\331I\204\016\276\321\276\006\357\356_\363\302\211\374\3168-\334\260;S\007r\271:!i\362bs\344""; networkTime: 803842890; firstSeq: 1; lastSeq: 49; "
1750527690647,1750527690719,0,1,2,0,TMStatusChange,"newEvent: neCLOSING_LEDGER; ledgerSeq: 14; ledgerHash: ""\366j\342\363\016\347\323I\216\\246\222\3168\223\037\242ZC6c\204\225\322W\300\263}\000zrv""; ledgerHashPrevious: ""\331I\204\016\276\321\276\006\357\356_\363\302\211\374\3168-\334\260;S\007r\271:!i\362bs\344""; networkTime: 803842890; firstSeq: 1; lastSeq: 49; ","newEvent: neCLOSING_LEDGER; ledgerSeq: 14; ledgerHash: ""\366j\342\363\016\347\323I\216\\246\222\3168\223\037\242ZC6c\204\225\322W\300\263}\000zrv""; ledgerHashPrevious: ""\331I\204\016\276\321\276\006\357\356_\363\302\211\374\3168-\334\260;S\007r\271:!i\362bs\344""; networkTime: 803842890; firstSeq: 1; lastSeq: 49; "
1750527691477,1750527691477,0,1,3,4,TMProposeSet,"proposeSeq: 0; currentTxHash: ""\000\000\000\000\000\000\000\000\000\000\000\000\000\000\000\000\000\000\000\000\000\000\000\000\000\000\000\000\000\000\000\000""; nodePubKey: ""\002\364d\217\366\217|\316F\232\231\241\n\261\333`\312O\367\235\025DD\336e\367\n\312\326\221\037\025\230""; closeTime: 803842891; signature: ""0D\002 >\243\317\362dX\272\304\253C\342\363\260Z\030\035\346\255\262n\265\277#\,\361\334\t\266\242\374\350\002 D\263\336\225DN\215\035\035\326\320\215\252K\3538\232\306\350\317NE\240\035*""Q\210(4\216v""; previousledger: ""\022`\210$\005\261rTx\343\226\224vC\2607.\025\213@~\312\227\000 o\232\016\376|a3""; ","proposeSeq: 0; currentTxHash: ""\000\000\000\000\000\000\000\000\000\000\000\000\000\000\000\000\000\000\000\000\000\000\000\000\000\000\000\000\000\000\000\000""; nodePubKey: ""\002\364d\217\366\217|\316F\232\231\241\n\261\333`\312O\367\235\025DD\336e\367\n\312\326\221\037\025\230""; closeTime: 803842891; signature: ""0D\002 >\243\317\362dX\272\304\253C\342\363\260Z\030\035\346\255\262n\265\277#\,\361\334\t\266\242\374\350\002 D\263\336\225DN\215\035\035\326\320\215\252K\3538\232\306\350\317NE\240\035*""Q\210(4\216v""; previousledger: ""\022`\210$\005\261rTx\343\226\224vC\2607.\025\213@~\312\227\000 o\232\016\376|a3""; "
1750527691480,1750527691480,0,1,4,2,TMProposeSet,"proposeSeq: 0; currentTxHash: ""\000\000\000\000\000\000\000\000\000\000\000\000\000\000\000\000\000\000\000\000\000\000\000\000\000\000\000\000\000\000\000\000""; nodePubKey: ""\002\364d\217\366\217|\316F\232\231\241\n\261\333`\312O\367\235\025DD\336e\367\n\312\326\221\037\025\230""; closeTime: 803842891; signature: ""0D\002 >\243\317\362dX\272\304\253C\342\363\260Z\030\035\346\255\262n\265\277#\,\361\334\t\266\242\374\350\002 D\263\336\225DN\215\035\035\326\320\215\252K\3538\232\306\350\317NE\240\035*""Q\210(4\216v""; previousledger: ""\022`\210$\005\261rTx\343\226\224vC\2607.\025\213@~\312\227\000 o\232\016\376|a3""; ","proposeSeq: 0; currentTxHash: ""\000\000\000\000\000\000\000\000\000\000\000\000\000\000\000\000\000\000\000\000\000\000\000\000\000\000\000\000\000\000\000\000""; nodePubKey: ""\002\364d\217\366\217|\316F\232\231\241\n\261\333`\312O\367\235\025DD\336e\367\n\312\326\221\037\025\230""; closeTime: 803842891; signature: ""0D\002 >\243\317\362dX\272\304\253C\342\363\260Z\030\035\346\255\262n\265\277#\,\361\334\t\266\242\374\350\002 D\263\336\225DN\215\035\035\326\320\215\252K\3538\232\306\350\317NE\240\035*""Q\210(4\216v""; previousledger: ""\022`\210$\005\261rTx\343\226\224vC\2607.\025\213@~\312\227\000 o\232\016\376|a3""; "
1750527691480,1750527691480,0,1,4,0,TMProposeSet,"proposeSeq: 0; currentTxHash: ""\000\000\000\000\000\000\000\000\000\000\000\000\000\000\000\000\000\000\000\000\000\000\000\000\000\000\000\000\000\000\000\000""; nodePubKey: ""\002\364d\217\366\217|\316F\232\231\241\n\261\333`\312O\367\235\025DD\336e\367\n\312\326\221\037\025\230""; closeTime: 803842891; signature: ""0D\002 >\243\317\362dX\272\304\253C\342\363\260Z\030\035\346\255\262n\265\277#\,\361\334\t\266\242\374\350\002 D\263\336\225DN\215\035\035\326\320\215\252K\3538\232\306\350\317NE\240\035*""Q\210(4\216v""; previousledger: ""\022`\210$\005\261rTx\343\226\224vC\2607.\025\213@~\312\227\000 o\232\016\376|a3""; ","proposeSeq: 0; currentTxHash: ""\000\000\000\000\000\000\000\000\000\000\000\000\000\000\000\000\000\000\000\000\000\000\000\000\000\000\000\000\000\000\000\000""; nodePubKey: ""\002\364d\217\366\217|\316F\232\231\241\n\261\333`\312O\367\235\025DD\336e\367\n\312\326\221\037\025\230""; closeTime: 803842891; signature: ""0D\002 >\243\317\362dX\272\304\253C\342\363\260Z\030\035\346\255\262n\265\277#\,\361\334\t\266\242\374\350\002 D\263\336\225DN\215\035\035\326\320\215\252K\3538\232\306\350\317NE\240\035*""Q\210(4\216v""; previousledger: ""\022`\210$\005\261rTx\343\226\224vC\2607.\025\213@~\312\227\000 o\232\016\376|a3""; "
1750527691481,1750527691481,0,1,4,1,TMProposeSet,"proposeSeq: 0; currentTxHash: ""\000\000\000\000\000\000\000\000\000\000\000\000\000\000\000\000\000\000\000\000\000\000\000\000\000\000\000\000\000\000\000\000""; nodePubKey: ""\002\364d\217\366\217|\316F\232\231\241\n\261\333`\312O\367\235\025DD\336e\367\n\312\326\221\037\025\230""; closeTime: 803842891; signature: ""0D\002 >\243\317\362dX\272\304\253C\342\363\260Z\030\035\346\255\262n\265\277#\,\361\334\t\266\242\374\350\002 D\263\336\225DN\215\035\035\326\320\215\252K\3538\232\306\350\317NE\240\035*""Q\210(4\216v""; previousledger: ""\022`\210$\005\261rTx\343\226\224vC\2607.\025\213@~\312\227\000 o\232\016\376|a3""; ","proposeSeq: 0; currentTxHash: ""\000\000\000\000\000\000\000\000\000\000\000\000\000\000\000\000\000\000\000\000\000\000\000\000\000\000\000\000\000\000\000\000""; nodePubKey: ""\002\364d\217\366\217|\316F\232\231\241\n\261\333`\312O\367\235\025DD\336e\367\n\312\326\221\037\025\230""; closeTime: 803842891; signature: ""0D\002 >\243\317\362dX\272\304\253C\342\363\260Z\030\035\346\255\262n\265\277#\,\361\334\t\266\242\374\350\002 D\263\336\225DN\215\035\035\326\320\215\252K\3538\232\306\350\317NE\240\035*""Q\210(4\216v""; previousledger: ""\022`\210$\005\261rTx\343\226\224vC\2607.\025\213@~\312\227\000 o\232\016\376|a3""; "
1750527691514,1750527691514,0,1,3,0,TMProposeSet,"proposeSeq: 0; currentTxHash: ""\000\000\000\000\000\000\000\000\000\000\000\000\000\000\000\000\000\000\000\000\000\000\000\000\000\000\000\000\000\000\000\000""; nodePubKey: ""\002\364d\217\366\217|\316F\232\231\241\n\261\333`\312O\367\235\025DD\336e\367\n\312\326\221\037\025\230""; closeTime: 803842891; signature: ""0D\002 >\243\317\362dX\272\304\253C\342\363\260Z\030\035\346\255\262n\265\277#\,\361\334\t\266\242\374\350\002 D\263\336\225DN\215\035\035\326\320\215\252K\3538\232\306\350\317NE\240\035*""Q\210(4\216v""; previousledger: ""\022`\210$\005\261rTx\343\226\224vC\2607.\025\213@~\312\227\000 o\232\016\376|a3""; ","proposeSeq: 0; currentTxHash: ""\000\000\000\000\000\000\000\000\000\000\000\000\000\000\000\000\000\000\000\000\000\000\000\000\000\000\000\000\000\000\000\000""; nodePubKey: ""\002\364d\217\366\217|\316F\232\231\241\n\261\333`\312O\367\235\025DD\336e\367\n\312\326\221\037\025\230""; closeTime: 803842891; signature: ""0D\002 >\243\317\362dX\272\304\253C\342\363\260Z\030\035\346\255\262n\265\277#\,\361\334\t\266\242\374\350\002 D\263\336\225DN\215\035\035\326\320\215\252K\3538\232\306\350\317NE\240\035*""Q\210(4\216v""; previousledger: ""\022`\210$\005\261rTx\343\226\224vC\2607.\025\213@~\312\227\000 o\232\016\376|a3""; "
1750527691514,1750527691514,0,1,3,2,TMProposeSet,"proposeSeq: 0; currentTxHash: ""\000\000\000\000\000\000\000\000\000\000\000\000\000\000\000\000\000\000\000\000\000\000\000\000\000\000\000\000\000\000\000\000""; nodePubKey: ""\002\364d\217\366\217|\316F\232\231\241\n\261\333`\312O\367\235\025DD\336e\367\n\312\326\221\037\025\230""; closeTime: 803842891; signature: ""0D\002 >\243\317\362dX\272\304\253C\342\363\260Z\030\035\346\255\262n\265\277#\,\361\334\t\266\242\374\350\002 D\263\336\225DN\215\035\035\326\320\215\252K\3538\232\306\350\317NE\240\035*""Q\210(4\216v""; previousledger: ""\022`\210$\005\261rTx\343\226\224vC\2607.\025\213@~\312\227\000 o\232\016\376|a3""; ","proposeSeq: 0; currentTxHash: ""\000\000\000\000\000\000\000\000\000\000\000\000\000\000\000\000\000\000\000\000\000\000\000\000\000\000\000\000\000\000\000\000""; nodePubKey: ""\002\364d\217\366\217|\316F\232\231\241\n\261\333`\312O\367\235\025DD\336e\367\n\312\326\221\037\025\230""; closeTime: 803842891; signature: ""0D\002 >\243\317\362dX\272\304\253C\342\363\260Z\030\035\346\255\262n\265\277#\,\361\334\t\266\242\374\350\002 D\263\336\225DN\215\035\035\326\320\215\252K\3538\232\306\350\317NE\240\035*""Q\210(4\216v""; previousledger: ""\022`\210$\005\261rTx\343\226\224vC\2607.\025\213@~\312\227\000 o\232\016\376|a3""; "
1750527691515,1750527691515,0,1,3,1,TMProposeSet,"proposeSeq: 0; currentTxHash: ""\000\000\000\000\000\000\000\000\000\000\000\000\000\000\000\000\000\000\000\000\000\000\000\000\000\000\000\000\000\000\000\000""; nodePubKey: ""\002\364d\217\366\217|\316F\232\231\241\n\261\333`\312O\367\235\025DD\336e\367\n\312\326\221\037\025\230""; closeTime: 803842891; signature: ""0D\002 >\243\317\362dX\272\304\253C\342\363\260Z\030\035\346\255\262n\265\277#\,\361\334\t\266\242\374\350\002 D\263\336\225DN\215\035\035\326\320\215\252K\3538\232\306\350\317NE\240\035*""Q\210(4\216v""; previousledger: ""\022`\210$\005\261rTx\343\226\224vC\2607.\025\213@~\312\227\000 o\232\016\376|a3""; ","proposeSeq: 0; currentTxHash: ""\000\000\000\000\000\000\000\000\000\000\000\000\000\000\000\000\000\000\000\000\000\000\000\000\000\000\000\000\000\000\000\000""; nodePubKey: ""\002\364d\217\366\217|\316F\232\231\241\n\261\333`\312O\367\235\025DD\336e\367\n\312\326\221\037\025\230""; closeTime: 803842891; signature: ""0D\002 >\243\317\362dX\272\304\253C\342\363\260Z\030\035\346\255\262n\265\277#\,\361\334\t\266\242\374\350\002 D\263\336\225DN\215\035\035\326\320\215\252K\3538\232\306\350\317NE\240\035*""Q\210(4\216v""; previousledger: ""\022`\210$\005\261rTx\343\226\224vC\2607.\025\213@~\312\227\000 o\232\016\376|a3""; "
1750527691475,1750527691536,0,1,3,0,TMStatusChange,"newEvent: neCLOSING_LEDGER; ledgerSeq: 50; ledgerHash: ""\022`\210$\005\261rTx\343\226\224vC\2607.\025\213@~\312\227\000 o\232\016\376|a3""; ledgerHashPrevious: ""\037\006\345\236\265\343\337g\271\317\315\374\3357gX\036\024'\357<$\322\323$\375\346&^\361\0009""; networkTime: 803842891; firstSeq: 1; lastSeq: 50; ","newEvent: neCLOSING_LEDGER; ledgerSeq: 50; ledgerHash: ""\022`\210$\005\261rTx\343\226\224vC\2607.\025\213@~\312\227\000 o\232\016\376|a3""; ledgerHashPrevious: ""\037\006\345\236\265\343\337g\271\317\315\374\3357gX\036\024'\357<$\322\323$\375\346&^\361\0009""; networkTime: 803842891; firstSeq: 1; lastSeq: 50; "
1750527691476,1750527691537,0,1,3,4,TMStatusChange,"newEvent: neCLOSING_LEDGER; ledgerSeq: 50; ledgerHash: ""\022`\210$\005\261rTx\343\226\224vC\2607.\025\213@~\312\227\000 o\232\016\376|a3""; ledgerHashPrevious: ""\037\006\345\236\265\343\337g\271\317\315\374\3357gX\036\024'\357<$\322\323$\375\346&^\361\0009""; networkTime: 803842891; firstSeq: 1; lastSeq: 50; ","newEvent: neCLOSING_LEDGER; ledgerSeq: 50; ledgerHash: ""\022`\210$\005\261rTx\343\226\224vC\2607.\025\213@~\312\227\000 o\232\016\376|a3""; ledgerHashPrevious: ""\037\006\345\236\265\343\337g\271\317\315\374\3357gX\036\024'\357<$\322\323$\375\346&^\361\0009""; networkTime: 803842891; firstSeq: 1; lastSeq: 50; "
1750527691476,1750527691537,0,1,3,1,TMStatusChange,"newEvent: neCLOSING_LEDGER; ledgerSeq: 50; ledgerHash: ""\022`\210$\005\261rTx\343\226\224vC\2607.\025\213@~\312\227\000 o\232\016\376|a3""; ledgerHashPrevious: ""\037\006\345\236\265\343\337g\271\317\315\374\3357gX\036\024'\357<$\322\323$\375\346&^\361\0009""; networkTime: 803842891; firstSeq: 1; lastSeq: 50; ","newEvent: neCLOSING_LEDGER; ledgerSeq: 50; ledgerHash: ""\022`\210$\005\261rTx\343\226\224vC\2607.\025\213@~\312\227\000 o\232\016\376|a3""; ledgerHashPrevious: ""\037\006\345\236\265\343\337g\271\317\315\374\3357gX\036\024'\357<$\322\323$\375\346&^\361\0009""; networkTime: 803842891; firstSeq: 1; lastSeq: 50; "
1750527691476,1750527691536,0,1,3,2,TMStatusChange,"newEvent: neCLOSING_LEDGER; ledgerSeq: 50; ledgerHash: ""\022`\210$\005\261rTx\343\226\224vC\2607.\025\213@~\312\227\000 o\232\016\376|a3""; ledgerHashPrevious: ""\037\006\345\236\265\343\337g\271\317\315\374\3357gX\036\024'\357<$\322\323$\375\346&^\361\0009""; networkTime: 803842891; firstSeq: 1; lastSeq: 50; ","newEvent: neCLOSING_LEDGER; ledgerSeq: 50; ledgerHash: ""\022`\210$\005\261rTx\343\226\224vC\2607.\025\213@~\312\227\000 o\232\016\376|a3""; ledgerHashPrevious: ""\037\006\345\236\265\343\337g\271\317\315\374\3357gX\036\024'\357<$\322\323$\375\346&^\361\0009""; networkTime: 803842891; firstSeq: 1; lastSeq: 50; "
1750527691635,1750527691635,0,1,4,3,TMProposeSet,"proposeSeq: 0; currentTxHash: ""\000\000\000\000\000\000\000\000\000\000\000\000\000\000\000\000\000\000\000\000\000\000\000\000\000\000\000\000\000\000\000\000""; nodePubKey: ""\003R7o\362bV\300hf\266\241;}\200^\374\240\203[:\342Q\225\221\027y\372\255\235\216\323~""; closeTime: 803842891; signature: ""0D\002 Z\034\271.V\237\365\326\263\304N\250!\212\250\324\344|o\360\364\363\037\242\014;\177\255\326UNi\002 V\335)\213\270\246\310\033dG\240T\336\205\322\330\335\335\201\331?\260\235\272\013t#\367\365\242\335R""; previousledger: ""\022`\210$\005\261rTx\343\226\224vC\2607.\025\213@~\312\227\000 o\232\016\376|a3""; ","proposeSeq: 0; currentTxHash: ""\000\000\000\000\000\000\000\000\000\000\000\000\000\000\000\000\000\000\000\000\000\000\000\000\000\000\000\000\000\000\000\000""; nodePubKey: ""\003R7o\362bV\300hf\266\241;}\200^\374\240\203[:\342Q\225\221\027y\372\255\235\216\323~""; closeTime: 803842891; signature: ""0D\002 Z\034\271.V\237\365\326\263\304N\250!\212\250\324\344|o\360\364\363\037\242\014;\177\255\326UNi\002 V\335)\213\270\246\310\033dG\240T\336\205\322\330\335\335\201\331?\260\235\272\013t#\367\365\242\335R""; previousledger: ""\022`\210$\005\261rTx\343\226\224vC\2607.\025\213@~\312\227\000 o\232\016\376|a3""; "
1750527691635,1750527691635,0,1,4,2,TMProposeSet,"proposeSeq: 0; currentTxHash: ""\000\000\000\000\000\000\000\000\000\000\000\000\000\000\000\000\000\000\000\000\000\000\000\000\000\000\000\000\000\000\000\000""; nodePubKey: ""\003R7o\362bV\300hf\266\241;}\200^\374\240\203[:\342Q\225\221\027y\372\255\235\216\323~""; closeTime: 803842891; signature: ""0D\002 Z\034\271.V\237\365\326\263\304N\250!\212\250\324\344|o\360\364\363\037\242\014;\177\255\326UNi\002 V\335)\213\270\246\310\033dG\240T\336\205\322\330\335\335\201\331?\260\235\272\013t#\367\365\242\335R""; previousledger: ""\022`\210$\005\261rTx\343\226\224vC\2607.\025\213@~\312\227\000 o\232\016\376|a3""; ","proposeSeq: 0; currentTxHash: ""\000\000\000\000\000\000\000\000\000\000\000\000\000\000\000\000\000\000\000\000\000\000\000\000\000\000\000\000\000\000\000\000""; nodePubKey: ""\003R7o\362bV\300hf\266\241;}\200^\374\240\203[:\342Q\225\221\027y\372\255\235\216\323~""; closeTime: 803842891; signature: ""0D\002 Z\034\271.V\237\365\326\263\304N\250!\212\250\324\344|o\360\364\363\037\242\014;\177\255\326UNi\002 V\335)\213\270\246\310\033dG\240T\336\205\322\330\335\335\201\331?\260\235\272\013t#\367\365\242\335R""; previousledger: ""\022`\210$\005\261rTx\343\226\224vC\2607.\025\213@~\312\227\000 o\232\016\376|a3""; "
1750527691637,1750527691637,0,1,4,1,TMProposeSet,"proposeSeq: 0; currentTxHash: ""\000\000\000\000\000\000\000\000\000\000\000\000\000\000\000\000\000\000\000\000\000\000\000\000\000\000\000\000\000\000\000\000""; nodePubKey: ""\003R7o\362bV\300hf\266\241;}\200^\374\240\203[:\342Q\225\221\027y\372\255\235\216\323~""; closeTime: 803842891; signature: ""0D\002 Z\034\271.V\237\365\326\263\304N\250!\212\250\324\344|o\360\364\363\037\242\014;\177\255\326UNi\002 V\335)\213\270\246\310\033dG\240T\336\205\322\330\335\335\201\331?\260\235\272\013t#\367\365\242\335R""; previousledger: ""\022`\210$\005\261rTx\343\226\224vC\2607.\025\213@~\312\227\000 o\232\016\376|a3""; ","proposeSeq: 0; currentTxHash: ""\000\000\000\000\000\000\000\000\000\000\000\000\000\000\000\000\000\000\000\000\000\000\000\000\000\000\000\000\000\000\000\000""; nodePubKey: ""\003R7o\362bV\300hf\266\241;}\200^\374\240\203[:\342Q\225\221\027y\372\255\235\216\323~""; closeTime: 803842891; signature: ""0D\002 Z\034\271.V\237\365\326\263\304N\250!\212\250\324\344|o\360\364\363\037\242\014;\177\255\326UNi\002 V\335)\213\270\246\310\033dG\240T\336\205\322\330\335\335\201\331?\260\235\272\013t#\367\365\242\335R""; previousledger: ""\022`\210$\005\261rTx\343\226\224vC\2607.\025\213@~\312\227\000 o\232\016\376|a3""; "
1750527691638,1750527691639,0,1,4,0,TMProposeSet,"proposeSeq: 0; currentTxHash: ""\000\000\000\000\000\000\000\000\000\000\000\000\000\000\000\000\000\000\000\000\000\000\000\000\000\000\000\000\000\000\000\000""; nodePubKey: ""\003R7o\362bV\300hf\266\241;}\200^\374\240\203[:\342Q\225\221\027y\372\255\235\216\323~""; closeTime: 803842891; signature: ""0D\002 Z\034\271.V\237\365\326\263\304N\250!\212\250\324\344|o\360\364\363\037\242\014;\177\255\326UNi\002 V\335)\213\270\246\310\033dG\240T\336\205\322\330\335\335\201\331?\260\235\272\013t#\367\365\242\335R""; previousledger: ""\022`\210$\005\261rTx\343\226\224vC\2607.\025\213@~\312\227\000 o\232\016\376|a3""; ","proposeSeq: 0; currentTxHash: ""\000\000\000\000\000\000\000\000\000\000\000\000\000\000\000\000\000\000\000\000\000\000\000\000\000\000\000\000\000\000\000\000""; nodePubKey: ""\003R7o\362bV\300hf\266\241;}\200^\374\240\203[:\342Q\225\221\027y\372\255\235\216\323~""; closeTime: 803842891; signature: ""0D\002 Z\034\271.V\237\365\326\263\304N\250!\212\250\324\344|o\360\364\363\037\242\014;\177\255\326UNi\002 V\335)\213\270\246\310\033dG\240T\336\205\322\330\335\335\201\331?\260\235\272\013t#\367\365\242\335R""; previousledger: ""\022`\210$\005\261rTx\343\226\224vC\2607.\025\213@~\312\227\000 o\232\016\376|a3""; "
1750527691641,1750527691641,0,1,3,1,TMProposeSet,"proposeSeq: 0; currentTxHash: ""\000\000\000\000\000\000\000\000\000\000\000\000\000\000\000\000\000\000\000\000\000\000\000\000\000\000\000\000\000\000\000\000""; nodePubKey: ""\003R7o\362bV\300hf\266\241;}\200^\374\240\203[:\342Q\225\221\027y\372\255\235\216\323~""; closeTime: 803842891; signature: ""0D\002 Z\034\271.V\237\365\326\263\304N\250!\212\250\324\344|o\360\364\363\037\242\014;\177\255\326UNi\002 V\335)\213\270\246\310\033dG\240T\336\205\322\330\335\335\201\331?\260\235\272\013t#\367\365\242\335R""; previousledger: ""\022`\210$\005\261rTx\343\226\224vC\2607.\025\213@~\312\227\000 o\232\016\376|a3""; ","proposeSeq: 0; currentTxHash: ""\000\000\000\000\000\000\000\000\000\000\000\000\000\000\000\000\000\000\000\000\000\000\000\000\000\000\000\000\000\000\000\000""; nodePubKey: ""\003R7o\362bV\300hf\266\241;}\200^\374\240\203[:\342Q\225\221\027y\372\255\235\216\323~""; closeTime: 803842891; signature: ""0D\002 Z\034\271.V\237\365\326\263\304N\250!\212\250\324\344|o\360\364\363\037\242\014;\177\255\326UNi\002 V\335)\213\270\246\310\033dG\240T\336\205\322\330\335\335\201\331?\260\235\272\013t#\367\365\242\335R""; previousledger: ""\022`\210$\005\261rTx\343\226\224vC\2607.\025\213@~\312\227\000 o\232\016\376|a3""; "
1750527691641,1750527691641,0,1,3,2,TMProposeSet,"proposeSeq: 0; currentTxHash: ""\000\000\000\000\000\000\000\000\000\000\000\000\000\000\000\000\000\000\000\000\000\000\000\000\000\000\000\000\000\000\000\000""; nodePubKey: ""\003R7o\362bV\300hf\266\241;}\200^\374\240\203[:\342Q\225\221\027y\372\255\235\216\323~""; closeTime: 803842891; signature: ""0D\002 Z\034\271.V\237\365\326\263\304N\250!\212\250\324\344|o\360\364\363\037\242\014;\177\255\326UNi\002 V\335)\213\270\246\310\033dG\240T\336\205\322\330\335\335\201\331?\260\235\272\013t#\367\365\242\335R""; previousledger: ""\022`\210$\005\261rTx\343\226\224vC\2607.\025\213@~\312\227\000 o\232\016\376|a3""; ","proposeSeq: 0; currentTxHash: ""\000\000\000\000\000\000\000\000\000\000\000\000\000\000\000\000\000\000\000\000\000\000\000\000\000\000\000\000\000\000\000\000""; nodePubKey: ""\003R7o\362bV\300hf\266\241;}\200^\374\240\203[:\342Q\225\221\027y\372\255\235\216\323~""; closeTime: 803842891; signature: ""0D\002 Z\034\271.V\237\365\326\263\304N\250!\212\250\324\344|o\360\364\363\037\242\014;\177\255\326UNi\002 V\335)\213\270\246\310\033dG\240T\336\205\322\330\335\335\201\331?\260\235\272\013t#\367\365\242\335R""; previousledger: ""\022`\210$\005\261rTx\343\226\224vC\2607.\025\213@~\312\227\000 o\232\016\376|a3""; "
1750527691642,1750527691642,0,1,3,0,TMProposeSet,"proposeSeq: 0; currentTxHash: ""\000\000\000\000\000\000\000\000\000\000\000\000\000\000\000\000\000\000\000\000\000\000\000\000\000\000\000\000\000\000\000\000""; nodePubKey: ""\003R7o\362bV\300hf\266\241;}\200^\374\240\203[:\342Q\225\221\027y\372\255\235\216\323~""; closeTime: 803842891; signature: ""0D\002 Z\034\271.V\237\365\326\263\304N\250!\212\250\324\344|o\360\364\363\037\242\014;\177\255\326UNi\002 V\335)\213\270\246\310\033dG\240T\336\205\322\330\335\335\201\331?\260\235\272\013t#\367\365\242\335R""; previousledger: ""\022`\210$\005\261rTx\343\226\224vC\2607.\025\213@~\312\227\000 o\232\016\376|a3""; ","proposeSeq: 0; currentTxHash: ""\000\000\000\000\000\000\000\000\000\000\000\000\000\000\000\000\000\000\000\000\000\000\000\000\000\000\000\000\000\000\000\000""; nodePubKey: ""\003R7o\362bV\300hf\266\241;}\200^\374\240\203[:\342Q\225\221\027y\372\255\235\216\323~""; closeTime: 803842891; signature: ""0D\002 Z\034\271.V\237\365\326\263\304N\250!\212\250\324\344|o\360\364\363\037\242\014;\177\255\326UNi\002 V\335)\213\270\246\310\033dG\240T\336\205\322\330\335\335\201\331?\260\235\272\013t#\367\365\242\335R""; previousledger: ""\022`\210$\005\261rTx\343\226\224vC\2607.\025\213@~\312\227\000 o\232\016\376|a3""; "
1750527691635,1750527691696,0,1,4,3,TMStatusChange,"newEvent: neCLOSING_LEDGER; ledgerSeq: 50; ledgerHash: ""\022`\210$\005\261rTx\343\226\224vC\2607.\025\213@~\312\227\000 o\232\016\376|a3""; ledgerHashPrevious: ""\037\006\345\236\265\343\337g\271\317\315\374\3357gX\036\024'\357<$\322\323$\375\346&^\361\0009""; networkTime: 803842891; firstSeq: 1; lastSeq: 50; ","newEvent: neCLOSING_LEDGER; ledgerSeq: 50; ledgerHash: ""\022`\210$\005\261rTx\343\226\224vC\2607.\025\213@~\312\227\000 o\232\016\376|a3""; ledgerHashPrevious: ""\037\006\345\236\265\343\337g\271\317\315\374\3357gX\036\024'\357<$\322\323$\375\346&^\361\0009""; networkTime: 803842891; firstSeq: 1; lastSeq: 50; "
1750527691637,1750527691697,0,1,4,2,TMStatusChange,"newEvent: neCLOSING_LEDGER; ledgerSeq: 50; ledgerHash: ""\022`\210$\005\261rTx\343\226\224vC\2607.\025\213@~\312\227\000 o\232\016\376|a3""; ledgerHashPrevious: ""\037\006\345\236\265\343\337g\271\317\315\374\3357gX\036\024'\357<$\322\323$\375\346&^\361\0009""; networkTime: 803842891; firstSeq: 1; lastSeq: 50; ","newEvent: neCLOSING_LEDGER; ledgerSeq: 50; ledgerHash: ""\022`\210$\005\261rTx\343\226\224vC\2607.\025\213@~\312\227\000 o\232\016\376|a3""; ledgerHashPrevious: ""\037\006\345\236\265\343\337g\271\317\315\374\3357gX\036\024'\357<$\322\323$\375\346&^\361\0009""; networkTime: 803842891; firstSeq: 1; lastSeq: 50; "
1750527691638,1750527691697,0,1,4,1,TMStatusChange,"newEvent: neCLOSING_LEDGER; ledgerSeq: 50; ledgerHash: ""\022`\210$\005\261rTx\343\226\224vC\2607.\025\213@~\312\227\000 o\232\016\376|a3""; ledgerHashPrevious: ""\037\006\345\236\265\343\337g\271\317\315\374\3357gX\036\024'\357<$\322\323$\375\346&^\361\0009""; networkTime: 803842891; firstSeq: 1; lastSeq: 50; ","newEvent: neCLOSING_LEDGER; ledgerSeq: 50; ledgerHash: ""\022`\210$\005\261rTx\343\226\224vC\2607.\025\213@~\312\227\000 o\232\016\376|a3""; ledgerHashPrevious: ""\037\006\345\236\265\343\337g\271\317\315\374\3357gX\036\024'\357<$\322\323$\375\346&^\361\0009""; networkTime: 803842891; firstSeq: 1; lastSeq: 50; "
1750527691638,1750527691697,0,1,4,0,TMStatusChange,"newEvent: neCLOSING_LEDGER; ledgerSeq: 50; ledgerHash: ""\022`\210$\005\261rTx\343\226\224vC\2607.\025\213@~\312\227\000 o\232\016\376|a3""; ledgerHashPrevious: ""\037\006\345\236\265\343\337g\271\317\315\374\3357gX\036\024'\357<$\322\323$\375\346&^\361\0009""; networkTime: 803842891; firstSeq: 1; lastSeq: 50; ","newEvent: neCLOSING_LEDGER; ledgerSeq: 50; ledgerHash: ""\022`\210$\005\261rTx\343\226\224vC\2607.\025\213@~\312\227\000 o\232\016\376|a3""; ledgerHashPrevious: ""\037\006\345\236\265\343\337g\271\317\315\374\3357gX\036\024'\357<$\322\323$\375\346&^\361\0009""; networkTime: 803842891; firstSeq: 1; lastSeq: 50; "
1750527692704,1750527692704,0,1,1,0,TMProposeSet,"proposeSeq: 1; currentTxHash: ""\000\000\000\000\000\000\000\000\000\000\000\000\000\000\000\000\000\000\000\000\000\000\000\000\000\000\000\000\000\000\000\000""; nodePubKey: ""\002\266\377\271\344:\030\221i\267\257\215\237M\014\3345f\014\273|\207\367\334\337F\325\004cxB\211L""; closeTime: 803842880; signature: ""0D\002 \027\211\020\213\254\211\t\031\322L,\022\221\264\324\332\264\221\377E\305\210\213I\372\265M\005\3250QL\002 4v\375\003&\320\3441'\027\277\246\n}f\322\332\033\317y\366?\355\220|\206x\216\244\266[\242""; previousledger: ""r5V`\342WB\225\022\264\377\027\366m\353L\212_\304\2271c\333~]\222R\037\017\006\347\370""; ","proposeSeq: 1; currentTxHash: ""\000\000\000\000\000\000\000\000\000\000\000\000\000\000\000\000\000\000\000\000\000\000\000\000\000\000\000\000\000\000\000\000""; nodePubKey: ""\002\266\377\271\344:\030\221i\267\257\215\237M\014\3345f\014\273|\207\367\334\337F\325\004cxB\211L""; closeTime: 803842880; signature: ""0D\002 \027\211\020\213\254\211\t\031\322L,\022\221\264\324\332\264\221\377E\305\210\213I\372\265M\005\3250QL\002 4v\375\003&\320\3441'\027\277\246\n}f\322\332\033\317y\366?\355\220|\206x\216\244\266[\242""; previousledger: ""r5V`\342WB\225\022\264\377\027\366m\353L\212_\304\2271c\333~]\222R\037\017\006\347\370""; "
1750527692704,1750527692704,0,1,1,2,TMProposeSet,"proposeSeq: 1; currentTxHash: ""\000\000\000\000\000\000\000\000\000\000\000\000\000\000\000\000\000\000\000\000\000\000\000\000\000\000\000\000\000\000\000\000""; nodePubKey: ""\002\266\377\271\344:\030\221i\267\257\215\237M\014\3345f\014\273|\207\367\334\337F\325\004cxB\211L""; closeTime: 803842880; signature: ""0D\002 \027\211\020\213\254\211\t\031\322L,\022\221\264\324\332\264\221\377E\305\210\213I\372\265M\005\3250QL\002 4v\375\003&\320\3441'\027\277\246\n}f\322\332\033\317y\366?\355\220|\206x\216\244\266[\242""; previousledger: ""r5V`\342WB\225\022\264\377\027\366m\353L\212_\304\2271c\333~]\222R\037\017\006\347\370""; ","proposeSeq: 1; currentTxHash: ""\000\000\000\000\000\000\000\000\000\000\000\000\000\000\000\000\000\000\000\000\000\000\000\000\000\000\000\000\000\000\000\000""; nodePubKey: ""\002\266\377\271\344:\030\221i\267\257\215\237M\014\3345f\014\273|\207\367\334\337F\325\004cxB\211L""; closeTime: 803842880; signature: ""0D\002 \027\211\020\213\254\211\t\031\322L,\022\221\264\324\332\264\221\377E\305\210\213I\372\265M\005\3250QL\002 4v\375\003&\320\3441'\027\277\246\n}f\322\332\033\317y\366?\355\220|\206x\216\244\266[\242""; previousledger: ""r5V`\342WB\225\022\264\377\027\366m\353L\212_\304\2271c\333~]\222R\037\017\006\347\370""; "
1750527692705,1750527692705,0,1,1,3,TMProposeSet,"proposeSeq: 1; currentTxHash: ""\000\000\000\000\000\000\000\000\000\000\000\000\000\000\000\000\000\000\000\000\000\000\000\000\000\000\000\000\000\000\000\000""; nodePubKey: ""\002\266\377\271\344:\030\221i\267\257\215\237M\014\3345f\014\273|\207\367\334\337F\325\004cxB\211L""; closeTime: 803842880; signature: ""0D\002 \027\211\020\213\254\211\t\031\322L,\022\221\264\324\332\264\221\377E\305\210\213I\372\265M\005\3250QL\002 4v\375\003&\320\3441'\027\277\246\n}f\322\332\033\317y\366?\355\220|\206x\216\244\266[\242""; previousledger: ""r5V`\342WB\225\022\264\377\027\366m\353L\212_\304\2271c\333~]\222R\037\017\006\347\370""; ","proposeSeq: 1; currentTxHash: ""\000\000\000\000\000\000\000\000\000\000\000\000\000\000\000\000\000\000\000\000\000\000\000\000\000\000\000\000\000\000\000\000""; nodePubKey: ""\002\266\377\271\344:\030\221i\267\257\215\237M\014\3345f\014\273|\207\367\334\337F\325\004cxB\211L""; closeTime: 803842880; signature: ""0D\002 \027\211\020\213\254\211\t\031\322L,\022\221\264\324\332\264\221\377E\305\210\213I\372\265M\005\3250QL\002 4v\375\003&\320\3441'\027\277\246\n}f\322\332\033\317y\366?\355\220|\206x\216\244\266[\242""; previousledger: ""r5V`\342WB\225\022\264\377\027\366m\353L\212_\304\2271c\333~]\222R\037\017\006\347\370""; "
1750527692705,1750527692705,0,1,1,4,TMProposeSet,"proposeSeq: 1; currentTxHash: ""\000\000\000\000\000\000\000\000\000\000\000\000\000\000\000\000\000\000\000\000\000\000\000\000\000\000\000\000\000\000\000\000""; nodePubKey: ""\002\266\377\271\344:\030\221i\267\257\215\237M\014\3345f\014\273|\207\367\334\337F\325\004cxB\211L""; closeTime: 803842880; signature: ""0D\002 \027\211\020\213\254\211\t\031\322L,\022\221\264\324\332\264\221\377E\305\210\213I\372\265M\005\3250QL\002 4v\375\003&\320\3441'\027\277\246\n}f\322\332\033\317y\366?\355\220|\206x\216\244\266[\242""; previousledger: ""r5V`\342WB\225\022\264\377\027\366m\353L\212_\304\2271c\333~]\222R\037\017\006\347\370""; ","proposeSeq: 1; currentTxHash: ""\000\000\000\000\000\000\000\000\000\000\000\000\000\000\000\000\000\000\000\000\000\000\000\000\000\000\000\000\000\000\000\000""; nodePubKey: ""\002\266\377\271\344:\030\221i\267\257\215\237M\014\3345f\014\273|\207\367\334\337F\325\004cxB\211L""; closeTime: 803842880; signature: ""0D\002 \027\211\020\213\254\211\t\031\322L,\022\221\264\324\332\264\221\377E\305\210\213I\372\265M\005\3250QL\002 4v\375\003&\320\3441'\027\277\246\n}f\322\332\033\317y\366?\355\220|\206x\216\244\266[\242""; previousledger: ""r5V`\342WB\225\022\264\377\027\366m\353L\212_\304\2271c\333~]\222R\037\017\006\347\370""; "
1750527693475,1750527693475,0,1,3,2,TMValidation,"validation: """"\200\000\000\001&\000\000\0003)/\351\253M:p\210\265\307-\212\200\004Q\352&\324\337\230\212\265o\2035\250\303\2760\241\364^\002Z\031Z!\300\002\364\004\232\355\234\202\021\371P\027\000\000\000\000\000\000\000\000\000\000\000\000\000\000\000\000\000\000\000\000\000\000\000\000\000\000\000\000\000\000\000\000P\031\022`\210$\005\261rTx\343\226\224vC\2607.\025\213@~\312\227\000 o\232\016\376|a3s!\002\364d\217\366\217|\316F\232\231\241\n\261\333`\312O\367\235\025DD\336e\367\n\312\326\221\037\025\230vF0D\002 \026W\276\365\370\206\343\006V\320\215\313\205]\020\273\254\331\242\256\211\257\254\235\323M(\236/\2566)\002 \033\307\204\356\213Q$\362K\257\314\227\2162\303\306\326\025,\375\317P\316\334*\341\005mGdV\320""; ","validation: """"\200\000\000\001&\000\000\0003)/\351\253M:p\210\265\307-\212\200\004Q\352&\324\337\230\212\265o\2035\250\303\2760\241\364^\002Z\031Z!\300\002\364\004\232\355\234\202\021\371P\027\000\000\000\000\000\000\000\000\000\000\000\000\000\000\000\000\000\000\000\000\000\000\000\000\000\000\000\000\000\000\000\000P\031\022`\210$\005\261rTx\343\226\224vC\2607.\025\213@~\312\227\000 o\232\016\376|a3s!\002\364d\217\366\217|\316F\232\231\241\n\261\333`\312O\367\235\025DD\336e\367\n\312\326\221\037\025\230vF0D\002 \026W\276\365\370\206\343\006V\320\215\313\205]\020\273\254\331\242\256\211\257\254\235\323M(\236/\2566)\002 \033\307\204\356\213Q$\362K\257\314\227\2162\303\306\326\025,\375\317P\316\334*\341\005mGdV\320""; "
1750527693476,1750527693476,0,1,3,4,TMValidation,"validation: """"\200\000\000\001&\000\000\0003)/\351\253M:p\210\265\307-\212\200\004Q\352&\324\337\230\212\265o\2035\250\303\2760\241\364^\002Z\031Z!\300\002\364\004\232\355\234\202\021\371P\027\000\000\000\000\000\000\000\000\000\000\000\000\000\000\000\000\000\000\000\000\000\000\000\000\000\000\000\000\000\000\000\000P\031\022`\210$\005\261rTx\343\226\224vC\2607.\025\213@~\312\227\000 o\232\016\376|a3s!\002\364d\217\366\217|\316F\232\231\241\n\261\333`\312O\367\235\025DD\336e\367\n\312\326\221\037\025\230vF0D\002 \026W\276\365\370\206\343\006V\320\215\313\205]\020\273\254\331\242\256\211\257\254\235\323M(\236/\2566)\002 \033\307\204\356\213Q$\362K\257\314\227\2162\303\306\326\025,\375\317P\316\334*\341\005mGdV\320""; ","validation: """"\200\000\000\001&\000\000\0003)/\351\253M:p\210\265\307-\212\200\004Q\352&\324\337\230\212\265o\2035\250\303\2760\241\364^\002Z\031Z!\300\002\364\004\232\355\234\202\021\371P\027\000\000\000\000\000\000\000\000\000\000\000\000\000\000\000\000\000\000\000\000\000\000\000\000\000\000\000\000\000\000\000\000P\031\022`\210$\005\261rTx\343\226\224vC\2607.\025\213@~\312\227\000 o\232\016\376|a3s!\002\364d\217\366\217|\316F\232\231\241\n\261\333`\312O\367\235\025DD\336e\367\n\312\326\221\037\025\230vF0D\002 \026W\276\365\370\206\343\006V\320\215\313\205]\020\273\254\331\242\256\211\257\254\235\323M(\236/\2566)\002 \033\307\204\356\213Q$\362K\257\314\227\2162\303\306\326\025,\375\317P\316\334*\341\005mGdV\320""; "
1750527693477,1750527693477,0,1,3,2,TMStatusChange,"newEvent: neACCEPTED_LEDGER; ledgerSeq: 51; ledgerHash: ""\352&\324\337\230\212\265o\2035\250\303\2760\241\364^\002Z\031Z!\300\002\364\004\232\355\234\202\021\371""; ledgerHashPrevious: ""\022`\210$\005\261rTx\343\226\224vC\2607.\025\213@~\312\227\000 o\232\016\376|a3""; networkTime: 803842893; firstSeq: 1; lastSeq: 50; ","newEvent: neACCEPTED_LEDGER; ledgerSeq: 51; ledgerHash: ""\352&\324\337\230\212\265o\2035\250\303\2760\241\364^\002Z\031Z!\300\002\364\004\232\355\234\202\021\371""; ledgerHashPrevious: ""\022`\210$\005\261rTx\343\226\224vC\2607.\025\213@~\312\227\000 o\232\016\376|a3""; networkTime: 803842893; firstSeq: 1; lastSeq: 50; "
1750527693477,1750527693477,0,1,3,4,TMStatusChange,"newEvent: neACCEPTED_LEDGER; ledgerSeq: 51; ledgerHash: ""\352&\324\337\230\212\265o\2035\250\303\2760\241\364^\002Z\031Z!\300\002\364\004\232\355\234\202\021\371""; ledgerHashPrevious: ""\022`\210$\005\261rTx\343\226\224vC\2607.\025\213@~\312\227\000 o\232\016\376|a3""; networkTime: 803842893; firstSeq: 1; lastSeq: 50; ","newEvent: neACCEPTED_LEDGER; ledgerSeq: 51; ledgerHash: ""\352&\324\337\230\212\265o\2035\250\303\2760\241\364^\002Z\031Z!\300\002\364\004\232\355\234\202\021\371""; ledgerHashPrevious: ""\022`\210$\005\261rTx\343\226\224vC\2607.\025\213@~\312\227\000 o\232\016\376|a3""; networkTime: 803842893; firstSeq: 1; lastSeq: 50; "
1750527693479,1750527693479,0,1,3,1,TMStatusChange,"newEvent: neACCEPTED_LEDGER; ledgerSeq: 51; ledgerHash: ""\352&\324\337\230\212\265o\2035\250\303\2760\241\364^\002Z\031Z!\300\002\364\004\232\355\234\202\021\371""; ledgerHashPrevious: ""\022`\210$\005\261rTx\343\226\224vC\2607.\025\213@~\312\227\000 o\232\016\376|a3""; networkTime: 803842893; firstSeq: 1; lastSeq: 50; ","newEvent: neACCEPTED_LEDGER; ledgerSeq: 51; ledgerHash: ""\352&\324\337\230\212\265o\2035\250\303\2760\241\364^\002Z\031Z!\300\002\364\004\232\355\234\202\021\371""; ledgerHashPrevious: ""\022`\210$\005\261rTx\343\226\224vC\2607.\025\213@~\312\227\000 o\232\016\376|a3""; networkTime: 803842893; firstSeq: 1; lastSeq: 50; "
1750527693479,1750527693479,0,1,3,0,TMStatusChange,"newEvent: neACCEPTED_LEDGER; ledgerSeq: 51; ledgerHash: ""\352&\324\337\230\212\265o\2035\250\303\2760\241\364^\002Z\031Z!\300\002\364\004\232\355\234\202\021\371""; ledgerHashPrevious: ""\022`\210$\005\261rTx\343\226\224vC\2607.\025\213@~\312\227\000 o\232\016\376|a3""; networkTime: 803842893; firstSeq: 1; lastSeq: 50; ","newEvent: neACCEPTED_LEDGER; ledgerSeq: 51; ledgerHash: ""\352&\324\337\230\212\265o\2035\250\303\2760\241\364^\002Z\031Z!\300\002\364\004\232\355\234\202\021\371""; ledgerHashPrevious: ""\022`\210$\005\261rTx\343\226\224vC\2607.\025\213@~\312\227\000 o\232\016\376|a3""; networkTime: 803842893; firstSeq: 1; lastSeq: 50; "
1750527693479,1750527693479,0,1,3,1,TMValidation,"validation: """"\200\000\000\001&\000\000\0003)/\351\253M:p\210\265\307-\212\200\004Q\352&\324\337\230\212\265o\2035\250\303\2760\241\364^\002Z\031Z!\300\002\364\004\232\355\234\202\021\371P\027\000\000\000\000\000\000\000\000\000\000\000\000\000\000\000\000\000\000\000\000\000\000\000\000\000\000\000\000\000\000\000\000P\031\022`\210$\005\261rTx\343\226\224vC\2607.\025\213@~\312\227\000 o\232\016\376|a3s!\002\364d\217\366\217|\316F\232\231\241\n\261\333`\312O\367\235\025DD\336e\367\n\312\326\221\037\025\230vF0D\002 \026W\276\365\370\206\343\006V\320\215\313\205]\020\273\254\331\242\256\211\257\254\235\323M(\236/\2566)\002 \033\307\204\356\213Q$\362K\257\314\227\2162\303\306\326\025,\375\317P\316\334*\341\005mGdV\320""; ","validation: """"\200\000\000\001&\000\000\0003)/\351\253M:p\210\265\307-\212\200\004Q\352&\324\337\230\212\265o\2035\250\303\2760\241\364^\002Z\031Z!\300\002\364\004\232\355\234\202\021\371P\027\000\000\000\000\000\000\000\000\000\000\000\000\000\000\000\000\000\000\000\000\000\000\000\000\000\000\000\000\000\000\000\000P\031\022`\210$\005\261rTx\343\226\224vC\2607.\025\213@~\312\227\000 o\232\016\376|a3s!\002\364d\217\366\217|\316F\232\231\241\n\261\333`\312O\367\235\025DD\336e\367\n\312\326\221\037\025\230vF0D\002 \026W\276\365\370\206\343\006V\320\215\313\205]\020\273\254\331\242\256\211\257\254\235\323M(\236/\2566)\002 \033\307\204\356\213Q$\362K\257\314\227\2162\303\306\326\025,\375\317P\316\334*\341\005mGdV\320""; "
1750527693480,1750527693480,0,1,3,0,TMValidation,"validation: """"\200\000\000\001&\000\000\0003)/\351\253M:p\210\265\307-\212\200\004Q\352&\324\337\230\212\265o\2035\250\303\2760\241\364^\002Z\031Z!\300\002\364\004\232\355\234\202\021\371P\027\000\000\000\000\000\000\000\000\000\000\000\000\000\000\000\000\000\000\000\000\000\000\000\000\000\000\000\000\000\000\000\000P\031\022`\210$\005\261rTx\343\226\224vC\2607.\025\213@~\312\227\000 o\232\016\376|a3s!\002\364d\217\366\217|\316F\232\231\241\n\261\333`\312O\367\235\025DD\336e\367\n\312\326\221\037\025\230vF0D\002 \026W\276\365\370\206\343\006V\320\215\313\205]\020\273\254\331\242\256\211\257\254\235\323M(\236/\2566)\002 \033\307\204\356\213Q$\362K\257\314\227\2162\303\306\326\025,\375\317P\316\334*\341\005mGdV\320""; ","validation: """"\200\000\000\001&\000\000\0003)/\351\253M:p\210\265\307-\212\200\004Q\352&\324\337\230\212\265o\2035\250\303\2760\241\364^\002Z\031Z!\300\002\364\004\232\355\234\202\021\371P\027\000\000\000\000\000\000\000\000\000\000\000\000\000\000\000\000\000\000\000\000\000\000\000\000\000\000\000\000\000\000\000\000P\031\022`\210$\005\261rTx\343\226\224vC\2607.\025\213@~\312\227\000 o\232\016\376|a3s!\002\364d\217\366\217|\316F\232\231\241\n\261\333`\312O\367\235\025DD\336e\367\n\312\326\221\037\025\230vF0D\002 \026W\276\365\370\206\343\006V\320\215\313\205]\020\273\254\331\242\256\211\257\254\235\323M(\236/\2566)\002 \033\307\204\356\213Q$\362K\257\314\227\2162\303\306\326\025,\375\317P\316\334*\341\005mGdV\320""; "
1750527693480,1750527693480,0,1,2,1,TMGetLedger,"itype: liBASE; ledgerHash: ""\352&\324\337\230\212\265o\2035\250\303\2760\241\364^\002Z\031Z!\300\002\364\004\232\355\234\202\021\371""; ledgerSeq: 51; ","itype: liBASE; ledgerHash: ""\352&\324\337\230\212\265o\2035\250\303\2760\241\364^\002Z\031Z!\300\002\364\004\232\355\234\202\021\371""; ledgerSeq: 51; "
1750527693480,1750527693481,0,1,2,0,TMGetLedger,"itype: liBASE; ledgerHash: ""\352&\324\337\230\212\265o\2035\250\303\2760\241\364^\002Z\031Z!\300\002\364\004\232\355\234\202\021\371""; ledgerSeq: 51; ","itype: liBASE; ledgerHash: ""\352&\324\337\230\212\265o\2035\250\303\2760\241\364^\002Z\031Z!\300\002\364\004\232\355\234\202\021\371""; ledgerSeq: 51; "
1750527693481,1750527693481,0,1,2,3,TMGetLedger,"itype: liBASE; ledgerHash: ""\352&\324\337\230\212\265o\2035\250\303\2760\241\364^\002Z\031Z!\300\002\364\004\232\355\234\202\021\371""; ledgerSeq: 51; ","itype: liBASE; ledgerHash: ""\352&\324\337\230\212\265o\2035\250\303\2760\241\364^\002Z\031Z!\300\002\364\004\232\355\234\202\021\371""; ledgerSeq: 51; "
1750527693481,1750527693481,0,1,2,4,TMValidation,"validation: """"\200\000\000\001&\000\000\0003)/\351\253M:p\210\265\307-\212\200\004Q\352&\324\337\230\212\265o\2035\250\303\2760\241\364^\002Z\031Z!\300\002\364\004\232\355\234\202\021\371P\027\000\000\000\000\000\000\000\000\000\000\000\000\000\000\000\000\000\000\000\000\000\000\000\000\000\000\000\000\000\000\000\000P\031\022`\210$\005\261rTx\343\226\224vC\2607.\025\213@~\312\227\000 o\232\016\376|a3s!\002\364d\217\366\217|\316F\232\231\241\n\261\333`\312O\367\235\025DD\336e\367\n\312\326\221\037\025\230vF0D\002 \026W\276\365\370\206\343\006V\320\215\313\205]\020\273\254\331\242\256\211\257\254\235\323M(\236/\2566)\002 \033\307\204\356\213Q$\362K\257\314\227\2162\303\306\326\025,\375\317P\316\334*\341\005mGdV\320""; ","validation: """"\200\000\000\001&\000\000\0003)/\351\253M:p\210\265\307-\212\200\004Q\352&\324\337\230\212\265o\2035\250\303\2760\241\364^\002Z\031Z!\300\002\364\004\232\355\234\202\021\371P\027\000\000\000\000\000\000\000\000\000\000\000\000\000\000\000\000\000\000\000\000\000\000\000\000\000\000\000\000\000\000\000\000P\031\022`\210$\005\261rTx\343\226\224vC\2607.\025\213@~\312\227\000 o\232\016\376|a3s!\002\364d\217\366\217|\316F\232\231\241\n\261\333`\312O\367\235\025DD\336e\367\n\312\326\221\037\025\230vF0D\002 \026W\276\365\370\206\343\006V\320\215\313\205]\020\273\254\331\242\256\211\257\254\235\323M(\236/\2566)\002 \033\307\204\356\213Q$\362K\257\314\227\2162\303\306\326\025,\375\317P\316\334*\341\005mGdV\320""; "
1750527693481,1750527693481,0,1,2,4,TMGetLedger,"itype: liBASE; ledgerHash: ""\352&\324\337\230\212\265o\2035\250\303\2760\241\364^\002Z\031Z!\300\002\364\004\232\355\234\202\021\371""; ledgerSeq: 51; ","itype: liBASE; ledgerHash: ""\352&\324\337\230\212\265o\2035\250\303\2760\241\364^\002Z\031Z!\300\002\364\004\232\355\234\202\021\371""; ledgerSeq: 51; "
1750527693483,1750527693483,0,1,2,4,TMGetLedger,"itype: liBASE; ledgerHash: ""\352&\324\337\230\212\265o\2035\250\303\2760\241\364^\002Z\031Z!\300\002\364\004\232\355\234\202\021\371""; ledgerSeq: 51; queryType: qtINDIRECT; ","itype: liBASE; ledgerHash: ""\352&\324\337\230\212\265o\2035\250\303\2760\241\364^\002Z\031Z!\300\002\364\004\232\355\234\202\021\371""; ledgerSeq: 51; queryType: qtINDIRECT; "
1750527693483,1750527693483,0,1,4,2,TMValidation,"validation: """"\200\000\000\001&\000\000\0003)/\351\253M:p\210\265\307-\212\200\004Q\352&\324\337\230\212\265o\2035\250\303\2760\241\364^\002Z\031Z!\300\002\364\004\232\355\234\202\021\371P\027\000\000\000\000\000\000\000\000\000\000\000\000\000\000\000\000\000\000\000\000\000\000\000\000\000\000\000\000\000\000\000\000P\031\022`\210$\005\261rTx\343\226\224vC\2607.\025\213@~\312\227\000 o\232\016\376|a3s!\002\364d\217\366\217|\316F\232\231\241\n\261\333`\312O\367\235\025DD\336e\367\n\312\326\221\037\025\230vF0D\002 \026W\276\365\370\206\343\006V\320\215\313\205]\020\273\254\331\242\256\211\257\254\235\323M(\236/\2566)\002 \033\307\204\356\213Q$\362K\257\314\227\2162\303\306\326\025,\375\317P\316\334*\341\005mGdV\320""; ","validation: """"\200\000\000\001&\000\000\0003)/\351\253M:p\210\265\307-\212\200\004Q\352&\324\337\230\212\265o\2035\250\303\2760\241\364^\002Z\031Z!\300\002\364\004\232\355\234\202\021\371P\027\000\000\000\000\000\000\000\000\000\000\000\000\000\000\000\000\000\000\000\000\000\000\000\000\000\000\000\000\000\000\000\000P\031\022`\210$\005\261rTx\343\226\224vC\2607.\025\213@~\312\227\000 o\232\016\376|a3s!\002\364d\217\366\217|\316F\232\231\241\n\261\333`\312O\367\235\025DD\336e\367\n\312\326\221\037\025\230vF0D\002 \026W\276\365\370\206\343\006V\320\215\313\205]\020\273\254\331\242\256\211\257\254\235\323M(\236/\2566)\002 \033\307\204\356\213Q$\362K\257\314\227\2162\303\306\326\025,\375\317P\316\334*\341\005mGdV\320""; "
1750527693483,1750527693484,0,1,4,1,TMValidation,"validation: """"\200\000\000\001&\000\000\0003)/\351\253M:p\210\265\307-\212\200\004Q\352&\324\337\230\212\265o\2035\250\303\2760\241\364^\002Z\031Z!\300\002\364\004\232\355\234\202\021\371P\027\000\000\000\000\000\000\000\000\000\000\000\000\000\000\000\000\000\000\000\000\000\000\000\000\000\000\000\000\000\000\000\000P\031\022`\210$\005\261rTx\343\226\224vC\2607.\025\213@~\312\227\000 o\232\016\376|a3s!\002\364d\217\366\217|\316F\232\231\241\n\261\333`\312O\367\235\025DD\336e\367\n\312\326\221\037\025\230vF0D\002 \026W\276\365\370\206\343\006V\320\215\313\205]\020\273\254\331\242\256\211\257\254\235\323M(\236/\2566)\002 \033\307\204\356\213Q$\362K\257\314\227\2162\303\306\326\025,\375\317P\316\334*\341\005mGdV\320""; ","validation: """"\200\000\000\001&\000\000\0003)/\351\253M:p\210\265\307-\212\200\004Q\352&\324\337\230\212\265o\2035\250\303\2760\241\364^\002Z\031Z!\300\002\364\004\232\355\234\202\021\371P\027\000\000\000\000\000\000\000\000\000\000\000\000\000\000\000\000\000\000\000\000\000\000\000\000\000\000\000\000\000\000\000\000P\031\022`\210$\005\261rTx\343\226\224vC\2607.\025\213@~\312\227\000 o\232\016\376|a3s!\002\364d\217\366\217|\316F\232\231\241\n\261\333`\312O\367\235\025DD\336e\367\n\312\326\221\037\025\230vF0D\002 \026W\276\365\370\206\343\006V\320\215\313\205]\020\273\254\331\242\256\211\257\254\235\323M(\236/\2566)\002 \033\307\204\356\213Q$\362K\257\314\227\2162\303\306\326\025,\375\317P\316\334*\341\005mGdV\320""; "
1750527693484,1750527693484,0,1,4,2,TMGetLedger,"itype: liBASE; ledgerHash: ""\352&\324\337\230\212\265o\2035\250\303\2760\241\364^\002Z\031Z!\300\002\364\004\232\355\234\202\021\371""; ","itype: liBASE; ledgerHash: ""\352&\324\337\230\212\265o\2035\250\303\2760\241\364^\002Z\031Z!\300\002\364\004\232\355\234\202\021\371""; "
1750527693484,1750527693485,0,1,4,0,TMValidation,"validation: """"\200\000\000\001&\000\000\0003)/\351\253M:p\210\265\307-\212\200\004Q\352&\324\337\230\212\265o\2035\250\303\2760\241\364^\002Z\031Z!\300\002\364\004\232\355\234\202\021\371P\027\000\000\000\000\000\000\000\000\000\000\000\000\000\000\000\000\000\000\000\000\000\000\000\000\000\000\000\000\000\000\000\000P\031\022`\210$\005\261rTx\343\226\224vC\2607.\025\213@~\312\227\000 o\232\016\376|a3s!\002\364d\217\366\217|\316F\232\231\241\n\261\333`\312O\367\235\025DD\336e\367\n\312\326\221\037\025\230vF0D\002 \026W\276\365\370\206\343\006V\320\215\313\205]\020\273\254\331\242\256\211\257\254\235\323M(\236/\2566)\002 \033\307\204\356\213Q$\362K\257\314\227\2162\303\306\326\025,\375\317P\316\334*\341\005mGdV\320""; ","validation: """"\200\000\000\001&\000\000\0003)/\351\253M:p\210\265\307-\212\200\004Q\352&\324\337\230\212\265o\2035\250\303\2760\241\364^\002Z\031Z!\300\002\364\004\232\355\234\202\021\371P\027\000\000\000\000\000\000\000\000\000\000\000\000\000\000\000\000\000\000\000\000\000\000\000\000\000\000\000\000\000\000\000\000P\031\022`\210$\005\261rTx\343\226\224vC\2607.\025\213@~\312\227\000 o\232\016\376|a3s!\002\364d\217\366\217|\316F\232\231\241\n\261\333`\312O\367\235\025DD\336e\367\n\312\326\221\037\025\230vF0D\002 \026W\276\365\370\206\343\006V\320\215\313\205]\020\273\254\331\242\256\211\257\254\235\323M(\236/\2566)\002 \033\307\204\356\213Q$\362K\257\314\227\2162\303\306\326\025,\375\317P\316\334*\341\005mGdV\320""; "
1750527693486,1750527693486,0,1,4,3,TMGetLedger,"itype: liBASE; ledgerHash: ""\352&\324\337\230\212\265o\2035\250\303\2760\241\364^\002Z\031Z!\300\002\364\004\232\355\234\202\021\371""; ","itype: liBASE; ledgerHash: ""\352&\324\337\230\212\265o\2035\250\303\2760\241\364^\002Z\031Z!\300\002\364\004\232\355\234\202\021\371""; "
1750527693486,1750527693486,0,1,4,0,TMGetLedger,"itype: liBASE; ledgerHash: ""\352&\324\337\230\212\265o\2035\250\303\2760\241\364^\002Z\031Z!\300\002\364\004\232\355\234\202\021\371""; ","itype: liBASE; ledgerHash: ""\352&\324\337\230\212\265o\2035\250\303\2760\241\364^\002Z\031Z!\300\002\364\004\232\355\234\202\021\371""; "
1750527693486,1750527693486,0,1,4,1,TMGetLedger,"itype: liBASE; ledgerHash: ""\352&\324\337\230\212\265o\2035\250\303\2760\241\364^\002Z\031Z!\300\002\364\004\232\355\234\202\021\371""; ","itype: liBASE; ledgerHash: ""\352&\324\337\230\212\265o\2035\250\303\2760\241\364^\002Z\031Z!\300\002\364\004\232\355\234\202\021\371""; "
1750527693492,1750527693493,0,1,4,1,TMGetLedger,"itype: liBASE; ledgerHash: ""\352&\324\337\230\212\265o\2035\250\303\2760\241\364^\002Z\031Z!\300\002\364\004\232\355\234\202\021\371""; queryType: qtINDIRECT; ","itype: liBASE; ledgerHash: ""\352&\324\337\230\212\265o\2035\250\303\2760\241\364^\002Z\031Z!\300\002\364\004\232\355\234\202\021\371""; queryType: qtINDIRECT; "
1750527693493,1750527693493,0,1,4,0,TMGetLedger,"itype: liBASE; ledgerHash: ""\352&\324\337\230\212\265o\2035\250\303\2760\241\364^\002Z\031Z!\300\002\364\004\232\355\234\202\021\371""; queryType: qtINDIRECT; ","itype: liBASE; ledgerHash: ""\352&\324\337\230\212\265o\2035\250\303\2760\241\364^\002Z\031Z!\300\002\364\004\232\355\234\202\021\371""; queryType: qtINDIRECT; "
1750527693493,1750527693494,0,1,4,2,TMGetLedger,"itype: liBASE; ledgerHash: ""\352&\324\337\230\212\265o\2035\250\303\2760\241\364^\002Z\031Z!\300\002\364\004\232\355\234\202\021\371""; queryType: qtINDIRECT; ","itype: liBASE; ledgerHash: ""\352&\324\337\230\212\265o\2035\250\303\2760\241\364^\002Z\031Z!\300\002\364\004\232\355\234\202\021\371""; queryType: qtINDIRECT; "
1750527693494,1750527693494,0,1,4,3,TMGetLedger,"itype: liBASE; ledgerHash: ""\352&\324\337\230\212\265o\2035\250\303\2760\241\364^\002Z\031Z!\300\002\364\004\232\355\234\202\021\371""; queryType: qtINDIRECT; ","itype: liBASE; ledgerHash: ""\352&\324\337\230\212\265o\2035\250\303\2760\241\364^\002Z\031Z!\300\002\364\004\232\355\234\202\021\371""; queryType: qtINDIRECT; "
1750527693495,1750527693495,0,1,2,3,TMGetLedger,"itype: liBASE; ledgerHash: ""\352&\324\337\230\212\265o\2035\250\303\2760\241\364^\002Z\031Z!\300\002\364\004\232\355\234\202\021\371""; ledgerSeq: 51; queryType: qtINDIRECT; ","itype: liBASE; ledgerHash: ""\352&\324\337\230\212\265o\2035\250\303\2760\241\364^\002Z\031Z!\300\002\364\004\232\355\234\202\021\371""; ledgerSeq: 51; queryType: qtINDIRECT; "
1750527693495,1750527693495,0,1,1,3,TMGetLedger,"itype: liBASE; ledgerHash: ""\352&\324\337\230\212\265o\2035\250\303\2760\241\364^\002Z\031Z!\300\002\364\004\232\355\234\202\021\371""; ","itype: liBASE; ledgerHash: ""\352&\324\337\230\212\265o\2035\250\303\2760\241\364^\002Z\031Z!\300\002\364\004\232\355\234\202\021\371""; "
1750527693496,1750527693496,0,1,1,0,TMGetLedger,"itype: liBASE; ledgerHash: ""\352&\324\337\230\212\265o\2035\250\303\2760\241\364^\002Z\031Z!\300\002\364\004\232\355\234\202\021\371""; ","itype: liBASE; ledgerHash: ""\352&\324\337\230\212\265o\2035\250\303\2760\241\364^\002Z\031Z!\300\002\364\004\232\355\234\202\021\371""; "
1750527693496,1750527693496,0,1,1,2,TMGetLedger,"itype: liBASE; ledgerHash: ""\352&\324\337\230\212\265o\2035\250\303\2760\241\364^\002Z\031Z!\300\002\364\004\232\355\234\202\021\371""; ","itype: liBASE; ledgerHash: ""\352&\324\337\230\212\265o\2035\250\303\2760\241\364^\002Z\031Z!\300\002\364\004\232\355\234\202\021\371""; "
1750527693497,1750527693497,0,1,1,4,TMGetLedger,"itype: liBASE; ledgerHash: ""\352&\324\337\230\212\265o\2035\250\303\2760\241\364^\002Z\031Z!\300\002\364\004\232\355\234\202\021\371""; ","itype: liBASE; ledgerHash: ""\352&\324\337\230\212\265o\2035\250\303\2760\241\364^\002Z\031Z!\300\002\364\004\232\355\234\202\021\371""; "
1750527693498,1750527693498,0,1,1,0,TMGetLedger,"itype: liBASE; ledgerHash: ""\352&\324\337\230\212\265o\2035\250\303\2760\241\364^\002Z\031Z!\300\002\364\004\232\355\234\202\021\371""; queryType: qtINDIRECT; ","itype: liBASE; ledgerHash: ""\352&\324\337\230\212\265o\2035\250\303\2760\241\364^\002Z\031Z!\300\002\364\004\232\355\234\202\021\371""; queryType: qtINDIRECT; "
1750527693498,1750527693498,0,1,1,3,TMGetLedger,"itype: liBASE; ledgerHash: ""\352&\324\337\230\212\265o\2035\250\303\2760\241\364^\002Z\031Z!\300\002\364\004\232\355\234\202\021\371""; queryType: qtINDIRECT; ","itype: liBASE; ledgerHash: ""\352&\324\337\230\212\265o\2035\250\303\2760\241\364^\002Z\031Z!\300\002\364\004\232\355\234\202\021\371""; queryType: qtINDIRECT; "
1750527693499,1750527693499,0,1,1,4,TMGetLedger,"itype: liBASE; ledgerHash: ""\352&\324\337\230\212\265o\2035\250\303\2760\241\364^\002Z\031Z!\300\002\364\004\232\355\234\202\021\371""; queryType: qtINDIRECT; ","itype: liBASE; ledgerHash: ""\352&\324\337\230\212\265o\2035\250\303\2760\241\364^\002Z\031Z!\300\002\364\004\232\355\234\202\021\371""; queryType: qtINDIRECT; "
1750527693499,1750527693499,0,1,1,2,TMGetLedger,"itype: liBASE; ledgerHash: ""\352&\324\337\230\212\265o\2035\250\303\2760\241\364^\002Z\031Z!\300\002\364\004\232\355\234\202\021\371""; queryType: qtINDIRECT; ","itype: liBASE; ledgerHash: ""\352&\324\337\230\212\265o\2035\250\303\2760\241\364^\002Z\031Z!\300\002\364\004\232\355\234\202\021\371""; queryType: qtINDIRECT; "
1750527693499,1750527693499,0,1,1,2,TMValidation,"validation: """"\200\000\000\001&\000\000\0003)/\351\253M:p\210\265\307-\212\200\004Q\352&\324\337\230\212\265o\2035\250\303\2760\241\364^\002Z\031Z!\300\002\364\004\232\355\234\202\021\371P\027\000\000\000\000\000\000\000\000\000\000\000\000\000\000\000\000\000\000\000\000\000\000\000\000\000\000\000\000\000\000\000\000P\031\022`\210$\005\261rTx\343\226\224vC\2607.\025\213@~\312\227\000 o\232\016\376|a3s!\002\364d\217\366\217|\316F\232\231\241\n\261\333`\312O\367\235\025DD\336e\367\n\312\326\221\037\025\230vF0D\002 \026W\276\365\370\206\343\006V\320\215\313\205]\020\273\254\331\242\256\211\257\254\235\323M(\236/\2566)\002 \033\307\204\356\213Q$\362K\257\314\227\2162\303\306\326\025,\375\317P\316\334*\341\005mGdV\320""; ","validation: """"\200\000\000\001&\000\000\0003)/\351\253M:p\210\265\307-\212\200\004Q\352&\324\337\230\212\265o\2035\250\303\2760\241\364^\002Z\031Z!\300\002\364\004\232\355\234\202\021\371P\027\000\000\000\000\000\000\000\000\000\000\000\000\000\000\000\000\000\000\000\000\000\000\000\000\000\000\000\000\000\000\000\000P\031\022`\210$\005\261rTx\343\226\224vC\2607.\025\213@~\312\227\000 o\232\016\376|a3s!\002\364d\217\366\217|\316F\232\231\241\n\261\333`\312O\367\235\025DD\336e\367\n\312\326\221\037\025\230vF0D\002 \026W\276\365\370\206\343\006V\320\215\313\205]\020\273\254\331\242\256\211\257\254\235\323M(\236/\2566)\002 \033\307\204\356\213Q$\362K\257\314\227\2162\303\306\326\025,\375\317P\316\334*\341\005mGdV\320""; "
1750527693500,1750527693500,0,1,1,4,TMValidation,"validation: """"\200\000\000\001&\000\000\0003)/\351\253M:p\210\265\307-\212\200\004Q\352&\324\337\230\212\265o\2035\250\303\2760\241\364^\002Z\031Z!\300\002\364\004\232\355\234\202\021\371P\027\000\000\000\000\000\000\000\000\000\000\000\000\000\000\000\000\000\000\000\000\000\000\000\000\000\000\000\000\000\000\000\000P\031\022`\210$\005\261rTx\343\226\224vC\2607.\025\213@~\312\227\000 o\232\016\376|a3s!\002\364d\217\366\217|\316F\232\231\241\n\261\333`\312O\367\235\025DD\336e\367\n\312\326\221\037\025\230vF0D\002 \026W\276\365\370\206\343\006V\320\215\313\205]\020\273\254\331\242\256\211\257\254\235\323M(\236/\2566)\002 \033\307\204\356\213Q$\362K\257\314\227\2162\303\306\326\025,\375\317P\316\334*\341\005mGdV\320""; ","validation: """"\200\000\000\001&\000\000\0003)/\351\253M:p\210\265\307-\212\200\004Q\352&\324\337\230\212\265o\2035\250\303\2760\241\364^\002Z\031Z!\300\002\364\004\232\355\234\202\021\371P\027\000\000\000\000\000\000\000\000\000\000\000\000\000\000\000\000\000\000\000\000\000\000\000\000\000\000\000\000\000\000\000\000P\031\022`\210$\005\261rTx\343\226\224vC\2607.\025\213@~\312\227\000 o\232\016\376|a3s!\002\364d\217\366\217|\316F\232\231\241\n\261\333`\312O\367\235\025DD\336e\367\n\312\326\221\037\025\230vF0D\002 \026W\276\365\370\206\343\006V\320\215\313\205]\020\273\254\331\242\256\211\257\254\235\323M(\236/\2566)\002 \033\307\204\356\213Q$\362K\257\314\227\2162\303\306\326\025,\375\317P\316\334*\341\005mGdV\320""; "
1750527693501,1750527693501,0,1,1,0,TMValidation,"validation: """"\200\000\000\001&\000\000\0003)/\351\253M:p\210\265\307-\212\200\004Q\352&\324\337\230\212\265o\2035\250\303\2760\241\364^\002Z\031Z!\300\002\364\004\232\355\234\202\021\371P\027\000\000\000\000\000\000\000\000\000\000\000\000\000\000\000\000\000\000\000\000\000\000\000\000\000\000\000\000\000\000\000\000P\031\022`\210$\005\261rTx\343\226\224vC\2607.\025\213@~\312\227\000 o\232\016\376|a3s!\002\364d\217\366\217|\316F\232\231\241\n\261\333`\312O\367\235\025DD\336e\367\n\312\326\221\037\025\230vF0D\002 \026W\276\365\370\206\343\006V\320\215\313\205]\020\273\254\331\242\256\211\257\254\235\323M(\236/\2566)\002 \033\307\204\356\213Q$\362K\257\314\227\2162\303\306\326\025,\375\317P\316\334*\341\005mGdV\320""; ","validation: """"\200\000\000\001&\000\000\0003)/\351\253M:p\210\265\307-\212\200\004Q\352&\324\337\230\212\265o\2035\250\303\2760\241\364^\002Z\031Z!\300\002\364\004\232\355\234\202\021\371P\027\000\000\000\000\000\000\000\000\000\000\000\000\000\000\000\000\000\000\000\000\000\000\000\000\000\000\000\000\000\000\000\000P\031\022`\210$\005\261rTx\343\226\224vC\2607.\025\213@~\312\227\000 o\232\016\376|a3s!\002\364d\217\366\217|\316F\232\231\241\n\261\333`\312O\367\235\025DD\336e\367\n\312\326\221\037\025\230vF0D\002 \026W\276\365\370\206\343\006V\320\215\313\205]\020\273\254\331\242\256\211\257\254\235\323M(\236/\2566)\002 \033\307\204\356\213Q$\362K\257\314\227\2162\303\306\326\025,\375\317P\316\334*\341\005mGdV\320""; "
1750527693501,1750527693502,0,1,0,3,TMGetLedger,"itype: liBASE; ledgerHash: ""\352&\324\337\230\212\265o\2035\250\303\2760\241\364^\002Z\031Z!\300\002\364\004\232\355\234\202\021\371""; ledgerSeq: 51; ","itype: liBASE; ledgerHash: ""\352&\324\337\230\212\265o\2035\250\303\2760\241\364^\002Z\031Z!\300\002\364\004\232\355\234\202\021\371""; ledgerSeq: 51; "
1750527693502,1750527693502,0,1,0,1,TMGetLedger,"itype: liBASE; ledgerHash: ""\352&\324\337\230\212\265o\2035\250\303\2760\241\364^\002Z\031Z!\300\002\364\004\232\355\234\202\021\371""; ledgerSeq: 51; ","itype: liBASE; ledgerHash: ""\352&\324\337\230\212\265o\2035\250\303\2760\241\364^\002Z\031Z!\300\002\364\004\232\355\234\202\021\371""; ledgerSeq: 51; "
1750527693503,1750527693503,0,1,0,4,TMGetLedger,"itype: liBASE; ledgerHash: ""\352&\324\337\230\212\265o\2035\250\303\2760\241\364^\002Z\031Z!\300\002\364\004\232\355\234\202\021\371""; ledgerSeq: 51; ","itype: liBASE; ledgerHash: ""\352&\324\337\230\212\265o\2035\250\303\2760\241\364^\002Z\031Z!\300\002\364\004\232\355\234\202\021\371""; ledgerSeq: 51; "
1750527693504,1750527693504,0,1,0,2,TMGetLedger,"itype: liBASE; ledgerHash: ""\352&\324\337\230\212\265o\2035\250\303\2760\241\364^\002Z\031Z!\300\002\364\004\232\355\234\202\021\371""; ledgerSeq: 51; ","itype: liBASE; ledgerHash: ""\352&\324\337\230\212\265o\2035\250\303\2760\241\364^\002Z\031Z!\300\002\364\004\232\355\234\202\021\371""; ledgerSeq: 51; "
1750527693504,1750527693504,0,1,0,2,TMValidation,"validation: """"\200\000\000\001&\000\000\0003)/\351\253M:p\210\265\307-\212\200\004Q\352&\324\337\230\212\265o\2035\250\303\2760\241\364^\002Z\031Z!\300\002\364\004\232\355\234\202\021\371P\027\000\000\000\000\000\000\000\000\000\000\000\000\000\000\000\000\000\000\000\000\000\000\000\000\000\000\000\000\000\000\000\000P\031\022`\210$\005\261rTx\343\226\224vC\2607.\025\213@~\312\227\000 o\232\016\376|a3s!\002\364d\217\366\217|\316F\232\231\241\n\261\333`\312O\367\235\025DD\336e\367\n\312\326\221\037\025\230vF0D\002 \026W\276\365\370\206\343\006V\320\215\313\205]\020\273\254\331\242\256\211\257\254\235\323M(\236/\2566)\002 \033\307\204\356\213Q$\362K\257\314\227\2162\303\306\326\025,\375\317P\316\334*\341\005mGdV\320""; ","validation: """"\200\000\000\001&\000\000\0003)/\351\253M:p\210\265\307-\212\200\004Q\352&\324\337\230\212\265o\2035\250\303\2760\241\364^\002Z\031Z!\300\002\364\004\232\355\234\202\021\371P\027\000\000\000\000\000\000\000\000\000\000\000\000\000\000\000\000\000\000\000\000\000\000\000\000\000\000\000\000\000\000\000\000P\031\022`\210$\005\261rTx\343\226\224vC\2607.\025\213@~\312\227\000 o\232\016\376|a3s!\002\364d\217\366\217|\316F\232\231\241\n\261\333`\312O\367\235\025DD\336e\367\n\312\326\221\037\025\230vF0D\002 \026W\276\365\370\206\343\006V\320\215\313\205]\020\273\254\331\242\256\211\257\254\235\323M(\236/\2566)\002 \033\307\204\356\213Q$\362K\257\314\227\2162\303\306\326\025,\375\317P\316\334*\341\005mGdV\320""; "
1750527693504,1750527693505,0,1,3,2,TMLedgerData,"ledgerHash: ""\352&\324\337\230\212\265o\2035\250\303\2760\241\364^\002Z\031Z!\300\002\364\004\232\355\234\202\021\371""; ledgerSeq: 51; type: liBASE; nodes {;   nodedata: ""\000\000\0003\001cEx]\211\377\330\022`\210$\005\261rTx\343\226\224vC\2607.\025\213@~\312\227\000 o\232\016\376|a3\000\000\000\000\000\000\000\000\000\000\000\000\000\000\000\000\000\000\000\000\000\000\000\000\000\000\000\000\000\000\000\000\231[\273k_\365\335\244\350\336\001\200iF/\016\275\212u\205\304W\305\272\223\353\216\010\031\325A\223/\351\253K/\351\253L\n\000""; }; nodes {;   nodedata: ""\323C\344\327\264{\312-\017:\006{\177\344N\002\326bO\260\220\006\033\362\345\005U\221DzJ0\001\301\025%1L\307\t\261\262z\374\222T\301\274V\236\223\262\270Ct\362\337b\356\024*\324\320\351\317\002k\336\234\027v\351\217\260\303\360\233ZPZWr\246$w\313\313\r\243r\232\2234\373\3539:N\004Q\245\272D\312D\300\300\t\323\0257\345e\271\na\215{\226\255x%T\257\037\333\004\344_/R\006E\344\037@\210\363\010\336T\226\247'\204_{\261\370""1\235\2445\343\033Y!\212\201\341\272\225'\007r8\336\360\024W\355\260\007\367\203G'\241\347\211\020\226\313Q\332\324\344\0359V\202M\035\021\357z\013\003""; }; ","ledgerHash: ""\352&\324\337\230\212\265o\2035\250\303\2760\241\364^\002Z\031Z!\300\002\364\004\232\355\234\202\021\371""; ledgerSeq: 51; type: liBASE; nodes {;   nodedata: ""\000\000\0003\001cEx]\211\377\330\022`\210$\005\261rTx\343\226\224vC\2607.\025\213@~\312\227\000 o\232\016\376|a3\000\000\000\000\000\000\000\000\000\000\000\000\000\000\000\000\000\000\000\000\000\000\000\000\000\000\000\000\000\000\000\000\231[\273k_\365\335\244\350\336\001\200iF/\016\275\212u\205\304W\305\272\223\353\216\010\031\325A\223/\351\253K/\351\253L\n\000""; }; nodes {;   nodedata: ""\323C\344\327\264{\312-\017:\006{\177\344N\002\326bO\260\220\006\033\362\345\005U\221DzJ0\001\301\025%1L\307\t\261\262z\374\222T\301\274V\236\223\262\270Ct\362\337b\356\024*\324\320\351\317\002k\336\234\027v\351\217\260\303\360\233ZPZWr\246$w\313\313\r\243r\232\2234\373\3539:N\004Q\245\272D\312D\300\300\t\323\0257\345e\271\na\215{\226\255x%T\257\037\333\004\344_/R\006E\344\037@\210\363\010\336T\226\247'\204_{\261\370""1\235\2445\343\033Y!\212\201\341\272\225'\007r8\336\360\024W\355\260\007\367\203G'\241\347\211\020\226\313Q\332\324\344\0359V\202M\035\021\357z\013\003""; }; "
1750527693505,1750527693505,0,1,4,3,TMGetLedger,"itype: liBASE; ledgerHash: ""\352&\324\337\230\212\265o\2035\250\303\2760\241\364^\002Z\031Z!\300\002\364\004\232\355\234\202\021\371""; ledgerSeq: 51; requestCookie: 3; queryType: qtINDIRECT; ","itype: liBASE; ledgerHash: ""\352&\324\337\230\212\265o\2035\250\303\2760\241\364^\002Z\031Z!\300\002\364\004\232\355\234\202\021\371""; ledgerSeq: 51; requestCookie: 3; queryType: qtINDIRECT; "
1750527693506,1750527693506,0,1,0,4,TMGetLedger,"itype: liBASE; ledgerHash: ""\352&\324\337\230\212\265o\2035\250\303\2760\241\364^\002Z\031Z!\300\002\364\004\232\355\234\202\021\371""; ledgerSeq: 51; queryType: qtINDIRECT; ","itype: liBASE; ledgerHash: ""\352&\324\337\230\212\265o\2035\250\303\2760\241\364^\002Z\031Z!\300\002\364\004\232\355\234\202\021\371""; ledgerSeq: 51; queryType: qtINDIRECT; "
1750527693506,1750527693506,0,1,0,4,TMValidation,"validation: """"\200\000\000\001&\000\000\0003)/\351\253M:p\210\265\307-\212\200\004Q\352&\324\337\230\212\265o\2035\250\303\2760\241\364^\002Z\031Z!\300\002\364\004\232\355\234\202\021\371P\027\000\000\000\000\000\000\000\000\000\000\000\000\000\000\000\000\000\000\000\000\000\000\000\000\000\000\000\000\000\000\000\000P\031\022`\210$\005\261rTx\343\226\224vC\2607.\025\213@~\312\227\000 o\232\016\376|a3s!\002\364d\217\366\217|\316F\232\231\241\n\261\333`\312O\367\235\025DD\336e\367\n\312\326\221\037\025\230vF0D\002 \026W\276\365\370\206\343\006V\320\215\313\205]\020\273\254\331\242\256\211\257\254\235\323M(\236/\2566)\002 \033\307\204\356\213Q$\362K\257\314\227\2162\303\306\326\025,\375\317P\316\334*\341\005mGdV\320""; ","validation: """"\200\000\000\001&\000\000\0003)/\351\253M:p\210\265\307-\212\200\004Q\352&\324\337\230\212\265o\2035\250\303\2760\241\364^\002Z\031Z!\300\002\364\004\232\355\234\202\021\371P\027\000\000\000\000\000\000\000\000\000\000\000\000\000\000\000\000\000\000\000\000\000\000\000\000\000\000\000\000\000\000\000\000P\031\022`\210$\005\261rTx\343\226\224vC\2607.\025\213@~\312\227\000 o\232\016\376|a3s!\002\364d\217\366\217|\316F\232\231\241\n\261\333`\312O\367\235\025DD\336e\367\n\312\326\221\037\025\230vF0D\002 \026W\276\365\370\206\343\006V\320\215\313\205]\020\273\254\331\242\256\211\257\254\235\323M(\236/\2566)\002 \033\307\204\356\213Q$\362K\257\314\227\2162\303\306\326\025,\375\317P\316\334*\341\005mGdV\320""; "
1750527693507,1750527693507,0,1,3,4,TMLedgerData,"ledgerHash: ""\352&\324\337\230\212\265o\2035\250\303\2760\241\364^\002Z\031Z!\300\002\364\004\232\355\234\202\021\371""; ledgerSeq: 51; type: liBASE; nodes {;   nodedata: ""\000\000\0003\001cEx]\211\377\330\022`\210$\005\261rTx\343\226\224vC\2607.\025\213@~\312\227\000 o\232\016\376|a3\000\000\000\000\000\000\000\000\000\000\000\000\000\000\000\000\000\000\000\000\000\000\000\000\000\000\000\000\000\000\000\000\231[\273k_\365\335\244\350\336\001\200iF/\016\275\212u\205\304W\305\272\223\353\216\010\031\325A\223/\351\253K/\351\253L\n\000""; }; nodes {;   nodedata: ""\323C\344\327\264{\312-\017:\006{\177\344N\002\326bO\260\220\006\033\362\345\005U\221DzJ0\001\301\025%1L\307\t\261\262z\374\222T\301\274V\236\223\262\270Ct\362\337b\356\024*\324\320\351\317\002k\336\234\027v\351\217\260\303\360\233ZPZWr\246$w\313\313\r\243r\232\2234\373\3539:N\004Q\245\272D\312D\300\300\t\323\0257\345e\271\na\215{\226\255x%T\257\037\333\004\344_/R\006E\344\037@\210\363\010\336T\226\247'\204_{\261\370""1\235\2445\343\033Y!\212\201\341\272\225'\007r8\336\360\024W\355\260\007\367\203G'\241\347\211\020\226\313Q\332\324\344\0359V\202M\035\021\357z\013\003""; }; ","ledgerHash: ""\352&\324\337\230\212\265o\2035\250\303\2760\241\364^\002Z\031Z!\300\002\364\004\232\355\234\202\021\371""; ledgerSeq: 51; type: liBASE; nodes {;   nodedata: ""\000\000\0003\001cEx]\211\377\330\022`\210$\005\261rTx\343\226\224vC\2607.\025\213@~\312\227\000 o\232\016\376|a3\000\000\000\000\000\000\000\000\000\000\000\000\000\000\000\000\000\000\000\000\000\000\000\000\000\000\000\000\000\000\000\000\231[\273k_\365\335\244\350\336\001\200iF/\016\275\212u\205\304W\305\272\223\353\216\010\031\325A\223/\351\253K/\351\253L\n\000""; }; nodes {;   nodedata: ""\323C\344\327\264{\312-\017:\006{\177\344N\002\326bO\260\220\006\033\362\345\005U\221DzJ0\001\301\025%1L\307\t\261\262z\374\222T\301\274V\236\223\262\270Ct\362\337b\356\024*\324\320\351\317\002k\336\234\027v\351\217\260\303\360\233ZPZWr\246$w\313\313\r\243r\232\2234\373\3539:N\004Q\245\272D\312D\300\300\t\323\0257\345e\271\na\215{\226\255x%T\257\037\333\004\344_/R\006E\344\037@\210\363\010\336T\226\247'\204_{\261\370""1\235\2445\343\033Y!\212\201\341\272\225'\007r8\336\360\024W\355\260\007\367\203G'\241\347\211\020\226\313Q\332\324\344\0359V\202M\035\021\357z\013\003""; }; "
1750527693507,1750527693507,0,1,1,3,TMGetLedger,"itype: liBASE; ledgerHash: ""\352&\324\337\230\212\265o\2035\250\303\2760\241\364^\002Z\031Z!\300\002\364\004\232\355\234\202\021\371""; requestCookie: 5; queryType: qtINDIRECT; ","itype: liBASE; ledgerHash: ""\352&\324\337\230\212\265o\2035\250\303\2760\241\364^\002Z\031Z!\300\002\364\004\232\355\234\202\021\371""; requestCookie: 5; queryType: qtINDIRECT; "
1750527693508,1750527693508,0,1,3,4,TMLedgerData,"ledgerHash: ""\352&\324\337\230\212\265o\2035\250\303\2760\241\364^\002Z\031Z!\300\002\364\004\232\355\234\202\021\371""; ledgerSeq: 51; type: liBASE; nodes {;   nodedata: ""\000\000\0003\001cEx]\211\377\330\022`\210$\005\261rTx\343\226\224vC\2607.\025\213@~\312\227\000 o\232\016\376|a3\000\000\000\000\000\000\000\000\000\000\000\000\000\000\000\000\000\000\000\000\000\000\000\000\000\000\000\000\000\000\000\000\231[\273k_\365\335\244\350\336\001\200iF/\016\275\212u\205\304W\305\272\223\353\216\010\031\325A\223/\351\253K/\351\253L\n\000""; }; nodes {;   nodedata: ""\323C\344\327\264{\312-\017:\006{\177\344N\002\326bO\260\220\006\033\362\345\005U\221DzJ0\001\301\025%1L\307\t\261\262z\374\222T\301\274V\236\223\262\270Ct\362\337b\356\024*\324\320\351\317\002k\336\234\027v\351\217\260\303\360\233ZPZWr\246$w\313\313\r\243r\232\2234\373\3539:N\004Q\245\272D\312D\300\300\t\323\0257\345e\271\na\215{\226\255x%T\257\037\333\004\344_/R\006E\344\037@\210\363\010\336T\226\247'\204_{\261\370""1\235\2445\343\033Y!\212\201\341\272\225'\007r8\336\360\024W\355\260\007\367\203G'\241\347\211\020\226\313Q\332\324\344\0359V\202M\035\021\357z\013\003""; }; ","ledgerHash: ""\352&\324\337\230\212\265o\2035\250\303\2760\241\364^\002Z\031Z!\300\002\364\004\232\355\234\202\021\371""; ledgerSeq: 51; type: liBASE; nodes {;   nodedata: ""\000\000\0003\001cEx]\211\377\330\022`\210$\005\261rTx\343\226\224vC\2607.\025\213@~\312\227\000 o\232\016\376|a3\000\000\000\000\000\000\000\000\000\000\000\000\000\000\000\000\000\000\000\000\000\000\000\000\000\000\000\000\000\000\000\000\231[\273k_\365\335\244\350\336\001\200iF/\016\275\212u\205\304W\305\272\223\353\216\010\031\325A\223/\351\253K/\351\253L\n\000""; }; nodes {;   nodedata: ""\323C\344\327\264{\312-\017:\006{\177\344N\002\326bO\260\220\006\033\362\345\005U\221DzJ0\001\301\025%1L\307\t\261\262z\374\222T\301\274V\236\223\262\270Ct\362\337b\356\024*\324\320\351\317\002k\336\234\027v\351\217\260\303\360\233ZPZWr\246$w\313\313\r\243r\232\2234\373\3539:N\004Q\245\272D\312D\300\300\t\323\0257\345e\271\na\215{\226\255x%T\257\037\333\004\344_/R\006E\344\037@\210\363\010\336T\226\247'\204_{\261\370""1\235\2445\343\033Y!\212\201\341\272\225'\007r8\336\360\024W\355\260\007\367\203G'\241\347\211\020\226\313Q\332\324\344\0359V\202M\035\021\357z\013\003""; }; "
1750527693508,1750527693509,0,1,3,2,TMLedgerData,"ledgerHash: ""\352&\324\337\230\212\265o\2035\250\303\2760\241\364^\002Z\031Z!\300\002\364\004\232\355\234\202\021\371""; ledgerSeq: 51; type: liBASE; nodes {;   nodedata: ""\000\000\0003\001cEx]\211\377\330\022`\210$\005\261rTx\343\226\224vC\2607.\025\213@~\312\227\000 o\232\016\376|a3\000\000\000\000\000\000\000\000\000\000\000\000\000\000\000\000\000\000\000\000\000\000\000\000\000\000\000\000\000\000\000\000\231[\273k_\365\335\244\350\336\001\200iF/\016\275\212u\205\304W\305\272\223\353\216\010\031\325A\223/\351\253K/\351\253L\n\000""; }; nodes {;   nodedata: ""\323C\344\327\264{\312-\017:\006{\177\344N\002\326bO\260\220\006\033\362\345\005U\221DzJ0\001\301\025%1L\307\t\261\262z\374\222T\301\274V\236\223\262\270Ct\362\337b\356\024*\324\320\351\317\002k\336\234\027v\351\217\260\303\360\233ZPZWr\246$w\313\313\r\243r\232\2234\373\3539:N\004Q\245\272D\312D\300\300\t\323\0257\345e\271\na\215{\226\255x%T\257\037\333\004\344_/R\006E\344\037@\210\363\010\336T\226\247'\204_{\261\370""1\235\2445\343\033Y!\212\201\341\272\225'\007r8\336\360\024W\355\260\007\367\203G'\241\347\211\020\226\313Q\332\324\344\0359V\202M\035\021\357z\013\003""; }; ","ledgerHash: ""\352&\324\337\230\212\265o\2035\250\303\2760\241\364^\002Z\031Z!\300\002\364\004\232\355\234\202\021\371""; ledgerSeq: 51; type: liBASE; nodes {;   nodedata: ""\000\000\0003\001cEx]\211\377\330\022`\210$\005\261rTx\343\226\224vC\2607.\025\213@~\312\227\000 o\232\016\376|a3\000\000\000\000\000\000\000\000\000\000\000\000\000\000\000\000\000\000\000\000\000\000\000\000\000\000\000\000\000\000\000\000\231[\273k_\365\335\244\350\336\001\200iF/\016\275\212u\205\304W\305\272\223\353\216\010\031\325A\223/\351\253K/\351\253L\n\000""; }; nodes {;   nodedata: ""\323C\344\327\264{\312-\017:\006{\177\344N\002\326bO\260\220\006\033\362\345\005U\221DzJ0\001\301\025%1L\307\t\261\262z\374\222T\301\274V\236\223\262\270Ct\362\337b\356\024*\324\320\351\317\002k\336\234\027v\351\217\260\303\360\233ZPZWr\246$w\313\313\r\243r\232\2234\373\3539:N\004Q\245\272D\312D\300\300\t\323\0257\345e\271\na\215{\226\255x%T\257\037\333\004\344_/R\006E\344\037@\210\363\010\336T\226\247'\204_{\261\370""1\235\2445\343\033Y!\212\201\341\272\225'\007r8\336\360\024W\355\260\007\367\203G'\241\347\211\020\226\313Q\332\324\344\0359V\202M\035\021\357z\013\003""; }; "
1750527693509,1750527693509,0,1,3,1,TMLedgerData,"ledgerHash: ""\352&\324\337\230\212\265o\2035\250\303\2760\241\364^\002Z\031Z!\300\002\364\004\232\355\234\202\021\371""; ledgerSeq: 51; type: liBASE; nodes {;   nodedata: ""\000\000\0003\001cEx]\211\377\330\022`\210$\005\261rTx\343\226\224vC\2607.\025\213@~\312\227\000 o\232\016\376|a3\000\000\000\000\000\000\000\000\000\000\000\000\000\000\000\000\000\000\000\000\000\000\000\000\000\000\000\000\000\000\000\000\231[\273k_\365\335\244\350\336\001\200iF/\016\275\212u\205\304W\305\272\223\353\216\010\031\325A\223/\351\253K/\351\253L\n\000""; }; nodes {;   nodedata: ""\323C\344\327\264{\312-\017:\006{\177\344N\002\326bO\260\220\006\033\362\345\005U\221DzJ0\001\301\025%1L\307\t\261\262z\374\222T\301\274V\236\223\262\270Ct\362\337b\356\024*\324\320\351\317\002k\336\234\027v\351\217\260\303\360\233ZPZWr\246$w\313\313\r\243r\232\2234\373\3539:N\004Q\245\272D\312D\300\300\t\323\0257\345e\271\na\215{\226\255x%T\257\037\333\004\344_/R\006E\344\037@\210\363\010\336T\226\247'\204_{\261\370""1\235\2445\343\033Y!\212\201\341\272\225'\007r8\336\360\024W\355\260\007\367\203G'\241\347\211\020\226\313Q\332\324\344\0359V\202M\035\021\357z\013\003""; }; ","ledgerHash: ""\352&\324\337\230\212\265o\2035\250\303\2760\241\364^\002Z\031Z!\300\002\364\004\232\355\234\202\021\371""; ledgerSeq: 51; type: liBASE; nodes {;   nodedata: ""\000\000\0003\001cEx]\211\377\330\022`\210$\005\261rTx\343\226\224vC\2607.\025\213@~\312\227\000 o\232\016\376|a3\000\000\000\000\000\000\000\000\000\000\000\000\000\000\000\000\000\000\000\000\000\000\000\000\000\000\000\000\000\000\000\000\231[\273k_\365\335\244\350\336\001\200iF/\016\275\212u\205\304W\305\272\223\353\216\010\031\325A\223/\351\253K/\351\253L\n\000""; }; nodes {;   nodedata: ""\323C\344\327\264{\312-\017:\006{\177\344N\002\326bO\260\220\006\033\362\345\005U\221DzJ0\001\301\025%1L\307\t\261\262z\374\222T\301\274V\236\223\262\270Ct\362\337b\356\024*\324\320\351\317\002k\336\234\027v\351\217\260\303\360\233ZPZWr\246$w\313\313\r\243r\232\2234\373\3539:N\004Q\245\272D\312D\300\300\t\323\0257\345e\271\na\215{\226\255x%T\257\037\333\004\344_/R\006E\344\037@\210\363\010\336T\226\247'\204_{\261\370""1\235\2445\343\033Y!\212\201\341\272\225'\007r8\336\360\024W\355\260\007\367\203G'\241\347\211\020\226\313Q\332\324\344\0359V\202M\035\021\357z\013\003""; }; "
1750527693510,1750527693510,0,1,0,1,TMValidation,"validation: """"\200\000\000\001&\000\000\0003)/\351\253M:p\210\265\307-\212\200\004Q\352&\324\337\230\212\265o\2035\250\303\2760\241\364^\002Z\031Z!\300\002\364\004\232\355\234\202\021\371P\027\000\000\000\000\000\000\000\000\000\000\000\000\000\000\000\000\000\000\000\000\000\000\000\000\000\000\000\000\000\000\000\000P\031\022`\210$\005\261rTx\343\226\224vC\2607.\025\213@~\312\227\000 o\232\016\376|a3s!\002\364d\217\366\217|\316F\232\231\241\n\261\333`\312O\367\235\025DD\336e\367\n\312\326\221\037\025\230vF0D\002 \026W\276\365\370\206\343\006V\320\215\313\205]\020\273\254\331\242\256\211\257\254\235\323M(\236/\2566)\002 \033\307\204\356\213Q$\362K\257\314\227\2162\303\306\326\025,\375\317P\316\334*\341\005mGdV\320""; ","validation: """"\200\000\000\001&\000\000\0003)/\351\253M:p\210\265\307-\212\200\004Q\352&\324\337\230\212\265o\2035\250\303\2760\241\364^\002Z\031Z!\300\002\364\004\232\355\234\202\021\371P\027\000\000\000\000\000\000\000\000\000\000\000\000\000\000\000\000\000\000\000\000\000\000\000\000\000\000\000\000\000\000\000\000P\031\022`\210$\005\261rTx\343\226\224vC\2607.\025\213@~\312\227\000 o\232\016\376|a3s!\002\364d\217\366\217|\316F\232\231\241\n\261\333`\312O\367\235\025DD\336e\367\n\312\326\221\037\025\230vF0D\002 \026W\276\365\370\206\343\006V\320\215\313\205]\020\273\254\331\242\256\211\257\254\235\323M(\236/\2566)\002 \033\307\204\356\213Q$\362K\257\314\227\2162\303\306\326\025,\375\317P\316\334*\341\005mGdV\320""; "
1750527693510,1750527693510,0,1,0,1,TMGetLedger,"itype: liBASE; ledgerHash: ""\352&\324\337\230\212\265o\2035\250\303\2760\241\364^\002Z\031Z!\300\002\364\004\232\355\234\202\021\371""; ledgerSeq: 51; queryType: qtINDIRECT; ","itype: liBASE; ledgerHash: ""\352&\324\337\230\212\265o\2035\250\303\2760\241\364^\002Z\031Z!\300\002\364\004\232\355\234\202\021\371""; ledgerSeq: 51; queryType: qtINDIRECT; "
1750527693511,1750527693511,0,1,2,1,TMValidation,"validation: """"\200\000\000\001&\000\000\0003)/\351\253M:p\210\265\307-\212\200\004Q\352&\324\337\230\212\265o\2035\250\303\2760\241\364^\002Z\031Z!\300\002\364\004\232\355\234\202\021\371P\027\000\000\000\000\000\000\000\000\000\000\000\000\000\000\000\000\000\000\000\000\000\000\000\000\000\000\000\000\000\000\000\000P\031\022`\210$\005\261rTx\343\226\224vC\2607.\025\213@~\312\227\000 o\232\016\376|a3s!\002\364d\217\366\217|\316F\232\231\241\n\261\333`\312O\367\235\025DD\336e\367\n\312\326\221\037\025\230vF0D\002 \026W\276\365\370\206\343\006V\320\215\313\205]\020\273\254\331\242\256\211\257\254\235\323M(\236/\2566)\002 \033\307\204\356\213Q$\362K\257\314\227\2162\303\306\326\025,\375\317P\316\334*\341\005mGdV\320""; ","validation: """"\200\000\000\001&\000\000\0003)/\351\253M:p\210\265\307-\212\200\004Q\352&\324\337\230\212\265o\2035\250\303\2760\241\364^\002Z\031Z!\300\002\364\004\232\355\234\202\021\371P\027\000\000\000\000\000\000\000\000\000\000\000\000\000\000\000\000\000\000\000\000\000\000\000\000\000\000\000\000\000\000\000\000P\031\022`\210$\005\261rTx\343\226\224vC\2607.\025\213@~\312\227\000 o\232\016\376|a3s!\002\364d\217\366\217|\316F\232\231\241\n\261\333`\312O\367\235\025DD\336e\367\n\312\326\221\037\025\230vF0D\002 \026W\276\365\370\206\343\006V\320\215\313\205]\020\273\254\331\242\256\211\257\254\235\323M(\236/\2566)\002 \033\307\204\356\213Q$\362K\257\314\227\2162\303\306\326\025,\375\317P\316\334*\341\005mGdV\320""; "
1750527693511,1750527693511,0,1,2,1,TMGetLedger,"itype: liBASE; ledgerHash: ""\352&\324\337\230\212\265o\2035\250\303\2760\241\364^\002Z\031Z!\300\002\364\004\232\355\234\202\021\371""; ledgerSeq: 51; queryType: qtINDIRECT; ","itype: liBASE; ledgerHash: ""\352&\324\337\230\212\265o\2035\250\303\2760\241\364^\002Z\031Z!\300\002\364\004\232\355\234\202\021\371""; ledgerSeq: 51; queryType: qtINDIRECT; "
1750527693512,1750527693512,0,1,3,1,TMLedgerData,"ledgerHash: ""\352&\324\337\230\212\265o\2035\250\303\2760\241\364^\002Z\031Z!\300\002\364\004\232\355\234\202\021\371""; ledgerSeq: 51; type: liBASE; nodes {;   nodedata: ""\000\000\0003\001cEx]\211\377\330\022`\210$\005\261rTx\343\226\224vC\2607.\025\213@~\312\227\000 o\232\016\376|a3\000\000\000\000\000\000\000\000\000\000\000\000\000\000\000\000\000\000\000\000\000\000\000\000\000\000\000\000\000\000\000\000\231[\273k_\365\335\244\350\336\001\200iF/\016\275\212u\205\304W\305\272\223\353\216\010\031\325A\223/\351\253K/\351\253L\n\000""; }; nodes {;   nodedata: ""\323C\344\327\264{\312-\017:\006{\177\344N\002\326bO\260\220\006\033\362\345\005U\221DzJ0\001\301\025%1L\307\t\261\262z\374\222T\301\274V\236\223\262\270Ct\362\337b\356\024*\324\320\351\317\002k\336\234\027v\351\217\260\303\360\233ZPZWr\246$w\313\313\r\243r\232\2234\373\3539:N\004Q\245\272D\312D\300\300\t\323\0257\345e\271\na\215{\226\255x%T\257\037\333\004\344_/R\006E\344\037@\210\363\010\336T\226\247'\204_{\261\370""1\235\2445\343\033Y!\212\201\341\272\225'\007r8\336\360\024W\355\260\007\367\203G'\241\347\211\020\226\313Q\332\324\344\0359V\202M\035\021\357z\013\003""; }; ","ledgerHash: ""\352&\324\337\230\212\265o\2035\250\303\2760\241\364^\002Z\031Z!\300\002\364\004\232\355\234\202\021\371""; ledgerSeq: 51; type: liBASE; nodes {;   nodedata: ""\000\000\0003\001cEx]\211\377\330\022`\210$\005\261rTx\343\226\224vC\2607.\025\213@~\312\227\000 o\232\016\376|a3\000\000\000\000\000\000\000\000\000\000\000\000\000\000\000\000\000\000\000\000\000\000\000\000\000\000\000\000\000\000\000\000\231[\273k_\365\335\244\350\336\001\200iF/\016\275\212u\205\304W\305\272\223\353\216\010\031\325A\223/\351\253K/\351\253L\n\000""; }; nodes {;   nodedata: ""\323C\344\327\264{\312-\017:\006{\177\344N\002\326bO\260\220\006\033\362\345\005U\221DzJ0\001\301\025%1L\307\t\261\262z\374\222T\301\274V\236\223\262\270Ct\362\337b\356\024*\324\320\351\317\002k\336\234\027v\351\217\260\303\360\233ZPZWr\246$w\313\313\r\243r\232\2234\373\3539:N\004Q\245\272D\312D\300\300\t\323\0257\345e\271\na\215{\226\255x%T\257\037\333\004\344_/R\006E\344\037@\210\363\010\336T\226\247'\204_{\261\370""1\235\2445\343\033Y!\212\201\341\272\225'\007r8\336\360\024W\355\260\007\367\203G'\241\347\211\020\226\313Q\332\324\344\0359V\202M\035\021\357z\013\003""; }; "
1750527693513,1750527693513,0,1,3,0,TMLedgerData,"ledgerHash: ""\352&\324\337\230\212\265o\2035\250\303\2760\241\364^\002Z\031Z!\300\002\364\004\232\355\234\202\021\371""; ledgerSeq: 51; type: liBASE; nodes {;   nodedata: ""\000\000\0003\001cEx]\211\377\330\022`\210$\005\261rTx\343\226\224vC\2607.\025\213@~\312\227\000 o\232\016\376|a3\000\000\000\000\000\000\000\000\000\000\000\000\000\000\000\000\000\000\000\000\000\000\000\000\000\000\000\000\000\000\000\000\231[\273k_\365\335\244\350\336\001\200iF/\016\275\212u\205\304W\305\272\223\353\216\010\031\325A\223/\351\253K/\351\253L\n\000""; }; nodes {;   nodedata: ""\323C\344\327\264{\312-\017:\006{\177\344N\002\326bO\260\220\006\033\362\345\005U\221DzJ0\001\301\025%1L\307\t\261\262z\374\222T\301\274V\236\223\262\270Ct\362\337b\356\024*\324\320\351\317\002k\336\234\027v\351\217\260\303\360\233ZPZWr\246$w\313\313\r\243r\232\2234\373\3539:N\004Q\245\272D\312D\300\300\t\323\0257\345e\271\na\215{\226\255x%T\257\037\333\004\344_/R\006E\344\037@\210\363\010\336T\226\247'\204_{\261\370""1\235\2445\343\033Y!\212\201\341\272\225'\007r8\336\360\024W\355\260\007\367\203G'\241\347\211\020\226\313Q\332\324\344\0359V\202M\035\021\357z\013\003""; }; ","ledgerHash: ""\352&\324\337\230\212\265o\2035\250\303\2760\241\364^\002Z\031Z!\300\002\364\004\232\355\234\202\021\371""; ledgerSeq: 51; type: liBASE; nodes {;   nodedata: ""\000\000\0003\001cEx]\211\377\330\022`\210$\005\261rTx\343\226\224vC\2607.\025\213@~\312\227\000 o\232\016\376|a3\000\000\000\000\000\000\000\000\000\000\000\000\000\000\000\000\000\000\000\000\000\000\000\000\000\000\000\000\000\000\000\000\231[\273k_\365\335\244\350\336\001\200iF/\016\275\212u\205\304W\305\272\223\353\216\010\031\325A\223/\351\253K/\351\253L\n\000""; }; nodes {;   nodedata: ""\323C\344\327\264{\312-\017:\006{\177\344N\002\326bO\260\220\006\033\362\345\005U\221DzJ0\001\301\025%1L\307\t\261\262z\374\222T\301\274V\236\223\262\270Ct\362\337b\356\024*\324\320\351\317\002k\336\234\027v\351\217\260\303\360\233ZPZWr\246$w\313\313\r\243r\232\2234\373\3539:N\004Q\245\272D\312D\300\300\t\323\0257\345e\271\na\215{\226\255x%T\257\037\333\004\344_/R\006E\344\037@\210\363\010\336T\226\247'\204_{\261\370""1\235\2445\343\033Y!\212\201\341\272\225'\007r8\336\360\024W\355\260\007\367\203G'\241\347\211\020\226\313Q\332\324\344\0359V\202M\035\021\357z\013\003""; }; "
1750527693513,1750527693513,0,1,2,0,TMGetLedger,"itype: liBASE; ledgerHash: ""\352&\324\337\230\212\265o\2035\250\303\2760\241\364^\002Z\031Z!\300\002\364\004\232\355\234\202\021\371""; ledgerSeq: 51; queryType: qtINDIRECT; ","itype: liBASE; ledgerHash: ""\352&\324\337\230\212\265o\2035\250\303\2760\241\364^\002Z\031Z!\300\002\364\004\232\355\234\202\021\371""; ledgerSeq: 51; queryType: qtINDIRECT; "
1750527693514,1750527693515,0,1,2,0,TMValidation,"validation: """"\200\000\000\001&\000\000\0003)/\351\253M:p\210\265\307-\212\200\004Q\352&\324\337\230\212\265o\2035\250\303\2760\241\364^\002Z\031Z!\300\002\364\004\232\355\234\202\021\371P\027\000\000\000\000\000\000\000\000\000\000\000\000\000\000\000\000\000\000\000\000\000\000\000\000\000\000\000\000\000\000\000\000P\031\022`\210$\005\261rTx\343\226\224vC\2607.\025\213@~\312\227\000 o\232\016\376|a3s!\002\364d\217\366\217|\316F\232\231\241\n\261\333`\312O\367\235\025DD\336e\367\n\312\326\221\037\025\230vF0D\002 \026W\276\365\370\206\343\006V\320\215\313\205]\020\273\254\331\242\256\211\257\254\235\323M(\236/\2566)\002 \033\307\204\356\213Q$\362K\257\314\227\2162\303\306\326\025,\375\317P\316\334*\341\005mGdV\320""; ","validation: """"\200\000\000\001&\000\000\0003)/\351\253M:p\210\265\307-\212\200\004Q\352&\324\337\230\212\265o\2035\250\303\2760\241\364^\002Z\031Z!\300\002\364\004\232\355\234\202\021\371P\027\000\000\000\000\000\000\000\000\000\000\000\000\000\000\000\000\000\000\000\000\000\000\000\000\000\000\000\000\000\000\000\000P\031\022`\210$\005\261rTx\343\226\224vC\2607.\025\213@~\312\227\000 o\232\016\376|a3s!\002\364d\217\366\217|\316F\232\231\241\n\261\333`\312O\367\235\025DD\336e\367\n\312\326\221\037\025\230vF0D\002 \026W\276\365\370\206\343\006V\320\215\313\205]\020\273\254\331\242\256\211\257\254\235\323M(\236/\2566)\002 \033\307\204\356\213Q$\362K\257\314\227\2162\303\306\326\025,\375\317P\316\334*\341\005mGdV\320""; "
1750527693515,1750527693515,0,1,2,3,TMGetLedger,"itype: liBASE; ledgerHash: ""\352&\324\337\230\212\265o\2035\250\303\2760\241\364^\002Z\031Z!\300\002\364\004\232\355\234\202\021\371""; requestCookie: 3; queryType: qtINDIRECT; ","itype: liBASE; ledgerHash: ""\352&\324\337\230\212\265o\2035\250\303\2760\241\364^\002Z\031Z!\300\002\364\004\232\355\234\202\021\371""; requestCookie: 3; queryType: qtINDIRECT; "
1750527693515,1750527693515,0,1,2,3,TMGetLedger,"itype: liBASE; ledgerHash: ""\352&\324\337\230\212\265o\2035\250\303\2760\241\364^\002Z\031Z!\300\002\364\004\232\355\234\202\021\371""; requestCookie: 5; queryType: qtINDIRECT; ","itype: liBASE; ledgerHash: ""\352&\324\337\230\212\265o\2035\250\303\2760\241\364^\002Z\031Z!\300\002\364\004\232\355\234\202\021\371""; requestCookie: 5; queryType: qtINDIRECT; "
1750527693516,1750527693516,0,1,3,4,TMLedgerData,"ledgerHash: ""\352&\324\337\230\212\265o\2035\250\303\2760\241\364^\002Z\031Z!\300\002\364\004\232\355\234\202\021\371""; ledgerSeq: 51; type: liBASE; nodes {;   nodedata: ""\000\000\0003\001cEx]\211\377\330\022`\210$\005\261rTx\343\226\224vC\2607.\025\213@~\312\227\000 o\232\016\376|a3\000\000\000\000\000\000\000\000\000\000\000\000\000\000\000\000\000\000\000\000\000\000\000\000\000\000\000\000\000\000\000\000\231[\273k_\365\335\244\350\336\001\200iF/\016\275\212u\205\304W\305\272\223\353\216\010\031\325A\223/\351\253K/\351\253L\n\000""; }; nodes {;   nodedata: ""\323C\344\327\264{\312-\017:\006{\177\344N\002\326bO\260\220\006\033\362\345\005U\221DzJ0\001\301\025%1L\307\t\261\262z\374\222T\301\274V\236\223\262\270Ct\362\337b\356\024*\324\320\351\317\002k\336\234\027v\351\217\260\303\360\233ZPZWr\246$w\313\313\r\243r\232\2234\373\3539:N\004Q\245\272D\312D\300\300\t\323\0257\345e\271\na\215{\226\255x%T\257\037\333\004\344_/R\006E\344\037@\210\363\010\336T\226\247'\204_{\261\370""1\235\2445\343\033Y!\212\201\341\272\225'\007r8\336\360\024W\355\260\007\367\203G'\241\347\211\020\226\313Q\332\324\344\0359V\202M\035\021\357z\013\003""; }; requestCookie: 3; ","ledgerHash: ""\352&\324\337\230\212\265o\2035\250\303\2760\241\364^\002Z\031Z!\300\002\364\004\232\355\234\202\021\371""; ledgerSeq: 51; type: liBASE; nodes {;   nodedata: ""\000\000\0003\001cEx]\211\377\330\022`\210$\005\261rTx\343\226\224vC\2607.\025\213@~\312\227\000 o\232\016\376|a3\000\000\000\000\000\000\000\000\000\000\000\000\000\000\000\000\000\000\000\000\000\000\000\000\000\000\000\000\000\000\000\000\231[\273k_\365\335\244\350\336\001\200iF/\016\275\212u\205\304W\305\272\223\353\216\010\031\325A\223/\351\253K/\351\253L\n\000""; }; nodes {;   nodedata: ""\323C\344\327\264{\312-\017:\006{\177\344N\002\326bO\260\220\006\033\362\345\005U\221DzJ0\001\301\025%1L\307\t\261\262z\374\222T\301\274V\236\223\262\270Ct\362\337b\356\024*\324\320\351\317\002k\336\234\027v\351\217\260\303\360\233ZPZWr\246$w\313\313\r\243r\232\2234\373\3539:N\004Q\245\272D\312D\300\300\t\323\0257\345e\271\na\215{\226\255x%T\257\037\333\004\344_/R\006E\344\037@\210\363\010\336T\226\247'\204_{\261\370""1\235\2445\343\033Y!\212\201\341\272\225'\007r8\336\360\024W\355\260\007\367\203G'\241\347\211\020\226\313Q\332\324\344\0359V\202M\035\021\357z\013\003""; }; requestCookie: 3; "
1750527693516,1750527693516,0,1,4,3,TMGetLedger,"itype: liBASE; ledgerHash: ""\352&\324\337\230\212\265o\2035\250\303\2760\241\364^\002Z\031Z!\300\002\364\004\232\355\234\202\021\371""; ledgerSeq: 51; requestCookie: 1; queryType: qtINDIRECT; ","itype: liBASE; ledgerHash: ""\352&\324\337\230\212\265o\2035\250\303\2760\241\364^\002Z\031Z!\300\002\364\004\232\355\234\202\021\371""; ledgerSeq: 51; requestCookie: 1; queryType: qtINDIRECT; "
1750527693517,1750527693517,0,1,4,3,TMGetLedger,"itype: liBASE; ledgerHash: ""\352&\324\337\230\212\265o\2035\250\303\2760\241\364^\002Z\031Z!\300\002\364\004\232\355\234\202\021\371""; requestCookie: 2; queryType: qtINDIRECT; ","itype: liBASE; ledgerHash: ""\352&\324\337\230\212\265o\2035\250\303\2760\241\364^\002Z\031Z!\300\002\364\004\232\355\234\202\021\371""; requestCookie: 2; queryType: qtINDIRECT; "
1750527693517,1750527693517,0,1,3,1,TMLedgerData,"ledgerHash: ""\352&\324\337\230\212\265o\2035\250\303\2760\241\364^\002Z\031Z!\300\002\364\004\232\355\234\202\021\371""; ledgerSeq: 51; type: liBASE; nodes {;   nodedata: ""\000\000\0003\001cEx]\211\377\330\022`\210$\005\261rTx\343\226\224vC\2607.\025\213@~\312\227\000 o\232\016\376|a3\000\000\000\000\000\000\000\000\000\000\000\000\000\000\000\000\000\000\000\000\000\000\000\000\000\000\000\000\000\000\000\000\231[\273k_\365\335\244\350\336\001\200iF/\016\275\212u\205\304W\305\272\223\353\216\010\031\325A\223/\351\253K/\351\253L\n\000""; }; nodes {;   nodedata: ""\323C\344\327\264{\312-\017:\006{\177\344N\002\326bO\260\220\006\033\362\345\005U\221DzJ0\001\301\025%1L\307\t\261\262z\374\222T\301\274V\236\223\262\270Ct\362\337b\356\024*\324\320\351\317\002k\336\234\027v\351\217\260\303\360\233ZPZWr\246$w\313\313\r\243r\232\2234\373\3539:N\004Q\245\272D\312D\300\300\t\323\0257\345e\271\na\215{\226\255x%T\257\037\333\004\344_/R\006E\344\037@\210\363\010\336T\226\247'\204_{\261\370""1\235\2445\343\033Y!\212\201\341\272\225'\007r8\336\360\024W\355\260\007\367\203G'\241\347\211\020\226\313Q\332\324\344\0359V\202M\035\021\357z\013\003""; }; requestCookie: 5; ","ledgerHash: ""\352&\324\337\230\212\265o\2035\250\303\2760\241\364^\002Z\031Z!\300\002\364\004\232\355\234\202\021\371""; ledgerSeq: 51; type: liBASE; nodes {;   nodedata: ""\000\000\0003\001cEx]\211\377\330\022`\210$\005\261rTx\343\226\224vC\2607.\025\213@~\312\227\000 o\232\016\376|a3\000\000\000\000\000\000\000\000\000\000\000\000\000\000\000\000\000\000\000\000\000\000\000\000\000\000\000\000\000\000\000\000\231[\273k_\365\335\244\350\336\001\200iF/\016\275\212u\205\304W\305\272\223\353\216\010\031\325A\223/\351\253K/\351\253L\n\000""; }; nodes {;   nodedata: ""\323C\344\327\264{\312-\017:\006{\177\344N\002\326bO\260\220\006\033\362\345\005U\221DzJ0\001\301\025%1L\307\t\261\262z\374\222T\301\274V\236\223\262\270Ct\362\337b\356\024*\324\320\351\317\002k\336\234\027v\351\217\260\303\360\233ZPZWr\246$w\313\313\r\243r\232\2234\373\3539:N\004Q\245\272D\312D\300\300\t\323\0257\345e\271\na\215{\226\255x%T\257\037\333\004\344_/R\006E\344\037@\210\363\010\336T\226\247'\204_{\261\370""1\235\2445\343\033Y!\212\201\341\272\225'\007r8\336\360\024W\355\260\007\367\203G'\241\347\211\020\226\313Q\332\324\344\0359V\202M\035\021\357z\013\003""; }; requestCookie: 5; "
1750527693518,1750527693518,0,1,4,3,TMGetLedger,"itype: liAS_NODE; ledgerHash: ""\352&\324\337\230\212\265o\2035\250\303\2760\241\364^\002Z\031Z!\300\002\364\004\232\355\234\202\021\371""; ledgerSeq: 51; nodeIDs: ""\260\000\000\000\000\000\000\000\000\000\000\000\000\000\000\000\000\000\000\000\000\000\000\000\000\000\000\000\000\000\000\000\001""; queryType: qtINDIRECT; queryDepth: 1; ","itype: liAS_NODE; ledgerHash: ""\352&\324\337\230\212\265o\2035\250\303\2760\241\364^\002Z\031Z!\300\002\364\004\232\355\234\202\021\371""; ledgerSeq: 51; nodeIDs: ""\260\000\000\000\000\000\000\000\000\000\000\000\000\000\000\000\000\000\000\000\000\000\000\000\000\000\000\000\000\000\000\000\001""; queryType: qtINDIRECT; queryDepth: 1; "
1750527693518,1750527693518,0,1,2,3,TMGetLedger,"itype: liAS_NODE; ledgerHash: ""\352&\324\337\230\212\265o\2035\250\303\2760\241\364^\002Z\031Z!\300\002\364\004\232\355\234\202\021\371""; ledgerSeq: 51; nodeIDs: ""\260\000\000\000\000\000\000\000\000\000\000\000\000\000\000\000\000\000\000\000\000\000\000\000\000\000\000\000\000\000\000\000\001""; queryType: qtINDIRECT; queryDepth: 1; ","itype: liAS_NODE; ledgerHash: ""\352&\324\337\230\212\265o\2035\250\303\2760\241\364^\002Z\031Z!\300\002\364\004\232\355\234\202\021\371""; ledgerSeq: 51; nodeIDs: ""\260\000\000\000\000\000\000\000\000\000\000\000\000\000\000\000\000\000\000\000\000\000\000\000\000\000\000\000\000\000\000\000\001""; queryType: qtINDIRECT; queryDepth: 1; "
1750527693519,1750527693520,0,1,1,3,TMGetLedger,"itype: liAS_NODE; ledgerHash: ""\352&\324\337\230\212\265o\2035\250\303\2760\241\364^\002Z\031Z!\300\002\364\004\232\355\234\202\021\371""; ledgerSeq: 51; nodeIDs: ""\260\000\000\000\000\000\000\000\000\000\000\000\000\000\000\000\000\000\000\000\000\000\000\000\000\000\000\000\000\000\000\000\001""; queryType: qtINDIRECT; queryDepth: 1; ","itype: liAS_NODE; ledgerHash: ""\352&\324\337\230\212\265o\2035\250\303\2760\241\364^\002Z\031Z!\300\002\364\004\232\355\234\202\021\371""; ledgerSeq: 51; nodeIDs: ""\260\000\000\000\000\000\000\000\000\000\000\000\000\000\000\000\000\000\000\000\000\000\000\000\000\000\000\000\000\000\000\000\001""; queryType: qtINDIRECT; queryDepth: 1; "
1750527693520,1750527693520,0,1,1,3,TMGetLedger,"itype: liBASE; ledgerHash: ""\352&\324\337\230\212\265o\2035\250\303\2760\241\364^\002Z\031Z!\300\002\364\004\232\355\234\202\021\371""; ledgerSeq: 51; requestCookie: 3; queryType: qtINDIRECT; ","itype: liBASE; ledgerHash: ""\352&\324\337\230\212\265o\2035\250\303\2760\241\364^\002Z\031Z!\300\002\364\004\232\355\234\202\021\371""; ledgerSeq: 51; requestCookie: 3; queryType: qtINDIRECT; "
1750527693520,1750527693521,0,1,1,3,TMGetLedger,"itype: liBASE; ledgerHash: ""\352&\324\337\230\212\265o\2035\250\303\2760\241\364^\002Z\031Z!\300\002\364\004\232\355\234\202\021\371""; ledgerSeq: 51; requestCookie: 2; queryType: qtINDIRECT; ","itype: liBASE; ledgerHash: ""\352&\324\337\230\212\265o\2035\250\303\2760\241\364^\002Z\031Z!\300\002\364\004\232\355\234\202\021\371""; ledgerSeq: 51; requestCookie: 2; queryType: qtINDIRECT; "
1750527693521,1750527693521,0,1,0,3,TMGetLedger,"itype: liBASE; ledgerHash: ""\352&\324\337\230\212\265o\2035\250\303\2760\241\364^\002Z\031Z!\300\002\364\004\232\355\234\202\021\371""; ledgerSeq: 51; queryType: qtINDIRECT; ","itype: liBASE; ledgerHash: ""\352&\324\337\230\212\265o\2035\250\303\2760\241\364^\002Z\031Z!\300\002\364\004\232\355\234\202\021\371""; ledgerSeq: 51; queryType: qtINDIRECT; "
1750527693521,1750527693521,0,1,0,3,TMGetLedger,"itype: liBASE; ledgerHash: ""\352&\324\337\230\212\265o\2035\250\303\2760\241\364^\002Z\031Z!\300\002\364\004\232\355\234\202\021\371""; requestCookie: 5; queryType: qtINDIRECT; ","itype: liBASE; ledgerHash: ""\352&\324\337\230\212\265o\2035\250\303\2760\241\364^\002Z\031Z!\300\002\364\004\232\355\234\202\021\371""; requestCookie: 5; queryType: qtINDIRECT; "
1750527693522,1750527693522,0,1,0,3,TMGetLedger,"itype: liBASE; ledgerHash: ""\352&\324\337\230\212\265o\2035\250\303\2760\241\364^\002Z\031Z!\300\002\364\004\232\355\234\202\021\371""; requestCookie: 2; queryType: qtINDIRECT; ","itype: liBASE; ledgerHash: ""\352&\324\337\230\212\265o\2035\250\303\2760\241\364^\002Z\031Z!\300\002\364\004\232\355\234\202\021\371""; requestCookie: 2; queryType: qtINDIRECT; "
1750527693522,1750527693522,0,1,0,2,TMGetLedger,"itype: liBASE; ledgerHash: ""\352&\324\337\230\212\265o\2035\250\303\2760\241\364^\002Z\031Z!\300\002\364\004\232\355\234\202\021\371""; ledgerSeq: 51; queryType: qtINDIRECT; ","itype: liBASE; ledgerHash: ""\352&\324\337\230\212\265o\2035\250\303\2760\241\364^\002Z\031Z!\300\002\364\004\232\355\234\202\021\371""; ledgerSeq: 51; queryType: qtINDIRECT; "
1750527693522,1750527693523,0,1,3,2,TMLedgerData,"ledgerHash: ""\352&\324\337\230\212\265o\2035\250\303\2760\241\364^\002Z\031Z!\300\002\364\004\232\355\234\202\021\371""; ledgerSeq: 51; type: liBASE; nodes {;   nodedata: ""\000\000\0003\001cEx]\211\377\330\022`\210$\005\261rTx\343\226\224vC\2607.\025\213@~\312\227\000 o\232\016\376|a3\000\000\000\000\000\000\000\000\000\000\000\000\000\000\000\000\000\000\000\000\000\000\000\000\000\000\000\000\000\000\000\000\231[\273k_\365\335\244\350\336\001\200iF/\016\275\212u\205\304W\305\272\223\353\216\010\031\325A\223/\351\253K/\351\253L\n\000""; }; nodes {;   nodedata: ""\323C\344\327\264{\312-\017:\006{\177\344N\002\326bO\260\220\006\033\362\345\005U\221DzJ0\001\301\025%1L\307\t\261\262z\374\222T\301\274V\236\223\262\270Ct\362\337b\356\024*\324\320\351\317\002k\336\234\027v\351\217\260\303\360\233ZPZWr\246$w\313\313\r\243r\232\2234\373\3539:N\004Q\245\272D\312D\300\300\t\323\0257\345e\271\na\215{\226\255x%T\257\037\333\004\344_/R\006E\344\037@\210\363\010\336T\226\247'\204_{\261\370""1\235\2445\343\033Y!\212\201\341\272\225'\007r8\336\360\024W\355\260\007\367\203G'\241\347\211\020\226\313Q\332\324\344\0359V\202M\035\021\357z\013\003""; }; requestCookie: 3; ","ledgerHash: ""\352&\324\337\230\212\265o\2035\250\303\2760\241\364^\002Z\031Z!\300\002\364\004\232\355\234\202\021\371""; ledgerSeq: 51; type: liBASE; nodes {;   nodedata: ""\000\000\0003\001cEx]\211\377\330\022`\210$\005\261rTx\343\226\224vC\2607.\025\213@~\312\227\000 o\232\016\376|a3\000\000\000\000\000\000\000\000\000\000\000\000\000\000\000\000\000\000\000\000\000\000\000\000\000\000\000\000\000\000\000\000\231[\273k_\365\335\244\350\336\001\200iF/\016\275\212u\205\304W\305\272\223\353\216\010\031\325A\223/\351\253K/\351\253L\n\000""; }; nodes {;   nodedata: ""\323C\344\327\264{\312-\017:\006{\177\344N\002\326bO\260\220\006\033\362\345\005U\221DzJ0\001\301\025%1L\307\t\261\262z\374\222T\301\274V\236\223\262\270Ct\362\337b\356\024*\324\320\351\317\002k\336\234\027v\351\217\260\303\360\233ZPZWr\246$w\313\313\r\243r\232\2234\373\3539:N\004Q\245\272D\312D\300\300\t\323\0257\345e\271\na\215{\226\255x%T\257\037\333\004\344_/R\006E\344\037@\210\363\010\336T\226\247'\204_{\261\370""1\235\2445\343\033Y!\212\201\341\272\225'\007r8\336\360\024W\355\260\007\367\203G'\241\347\211\020\226\313Q\332\324\344\0359V\202M\035\021\357z\013\003""; }; requestCookie: 3; "
1750527693523,1750527693523,0,1,3,2,TMLedgerData,"ledgerHash: ""\352&\324\337\230\212\265o\2035\250\303\2760\241\364^\002Z\031Z!\300\002\364\004\232\355\234\202\021\371""; ledgerSeq: 51; type: liBASE; nodes {;   nodedata: ""\000\000\0003\001cEx]\211\377\330\022`\210$\005\261rTx\343\226\224vC\2607.\025\213@~\312\227\000 o\232\016\376|a3\000\000\000\000\000\000\000\000\000\000\000\000\000\000\000\000\000\000\000\000\000\000\000\000\000\000\000\000\000\000\000\000\231[\273k_\365\335\244\350\336\001\200iF/\016\275\212u\205\304W\305\272\223\353\216\010\031\325A\223/\351\253K/\351\253L\n\000""; }; nodes {;   nodedata: ""\323C\344\327\264{\312-\017:\006{\177\344N\002\326bO\260\220\006\033\362\345\005U\221DzJ0\001\301\025%1L\307\t\261\262z\374\222T\301\274V\236\223\262\270Ct\362\337b\356\024*\324\320\351\317\002k\336\234\027v\351\217\260\303\360\233ZPZWr\246$w\313\313\r\243r\232\2234\373\3539:N\004Q\245\272D\312D\300\300\t\323\0257\345e\271\na\215{\226\255x%T\257\037\333\004\344_/R\006E\344\037@\210\363\010\336T\226\247'\204_{\261\370""1\235\2445\343\033Y!\212\201\341\272\225'\007r8\336\360\024W\355\260\007\367\203G'\241\347\211\020\226\313Q\332\324\344\0359V\202M\035\021\357z\013\003""; }; requestCookie: 5; ","ledgerHash: ""\352&\324\337\230\212\265o\2035\250\303\2760\241\364^\002Z\031Z!\300\002\364\004\232\355\234\202\021\371""; ledgerSeq: 51; type: liBASE; nodes {;   nodedata: ""\000\000\0003\001cEx]\211\377\330\022`\210$\005\261rTx\343\226\224vC\2607.\025\213@~\312\227\000 o\232\016\376|a3\000\000\000\000\000\000\000\000\000\000\000\000\000\000\000\000\000\000\000\000\000\000\000\000\000\000\000\000\000\000\000\000\231[\273k_\365\335\244\350\336\001\200iF/\016\275\212u\205\304W\305\272\223\353\216\010\031\325A\223/\351\253K/\351\253L\n\000""; }; nodes {;   nodedata: ""\323C\344\327\264{\312-\017:\006{\177\344N\002\326bO\260\220\006\033\362\345\005U\221DzJ0\001\301\025%1L\307\t\261\262z\374\222T\301\274V\236\223\262\270Ct\362\337b\356\024*\324\320\351\317\002k\336\234\027v\351\217\260\303\360\233ZPZWr\246$w\313\313\r\243r\232\2234\373\3539:N\004Q\245\272D\312D\300\300\t\323\0257\345e\271\na\215{\226\255x%T\257\037\333\004\344_/R\006E\344\037@\210\363\010\336T\226\247'\204_{\261\370""1\235\2445\343\033Y!\212\201\341\272\225'\007r8\336\360\024W\355\260\007\367\203G'\241\347\211\020\226\313Q\332\324\344\0359V\202M\035\021\357z\013\003""; }; requestCookie: 5; "
1750527693524,1750527693524,0,1,4,2,TMLedgerData,"ledgerHash: ""\352&\324\337\230\212\265o\2035\250\303\2760\241\364^\002Z\031Z!\300\002\364\004\232\355\234\202\021\371""; ledgerSeq: 51; type: liBASE; nodes {;   nodedata: ""\000\000\0003\001cEx]\211\377\330\022`\210$\005\261rTx\343\226\224vC\2607.\025\213@~\312\227\000 o\232\016\376|a3\000\000\000\000\000\000\000\000\000\000\000\000\000\000\000\000\000\000\000\000\000\000\000\000\000\000\000\000\000\000\000\000\231[\273k_\365\335\244\350\336\001\200iF/\016\275\212u\205\304W\305\272\223\353\216\010\031\325A\223/\351\253K/\351\253L\n\000""; }; nodes {;   nodedata: ""\323C\344\327\264{\312-\017:\006{\177\344N\002\326bO\260\220\006\033\362\345\005U\221DzJ0\001\301\025%1L\307\t\261\262z\374\222T\301\274V\236\223\262\270Ct\362\337b\356\024*\324\320\351\317\002k\336\234\027v\351\217\260\303\360\233ZPZWr\246$w\313\313\r\243r\232\2234\373\3539:N\004Q\245\272D\312D\300\300\t\323\0257\345e\271\na\215{\226\255x%T\257\037\333\004\344_/R\006E\344\037@\210\363\010\336T\226\247'\204_{\261\370""1\235\2445\343\033Y!\212\201\341\272\225'\007r8\336\360\024W\355\260\007\367\203G'\241\347\211\020\226\313Q\332\324\344\0359V\202M\035\021\357z\013\003""; }; ","ledgerHash: ""\352&\324\337\230\212\265o\2035\250\303\2760\241\364^\002Z\031Z!\300\002\364\004\232\355\234\202\021\371""; ledgerSeq: 51; type: liBASE; nodes {;   nodedata: ""\000\000\0003\001cEx]\211\377\330\022`\210$\005\261rTx\343\226\224vC\2607.\025\213@~\312\227\000 o\232\016\376|a3\000\000\000\000\000\000\000\000\000\000\000\000\000\000\000\000\000\000\000\000\000\000\000\000\000\000\000\000\000\000\000\000\231[\273k_\365\335\244\350\336\001\200iF/\016\275\212u\205\304W\305\272\223\353\216\010\031\325A\223/\351\253K/\351\253L\n\000""; }; nodes {;   nodedata: ""\323C\344\327\264{\312-\017:\006{\177\344N\002\326bO\260\220\006\033\362\345\005U\221DzJ0\001\301\025%1L\307\t\261\262z\374\222T\301\274V\236\223\262\270Ct\362\337b\356\024*\324\320\351\317\002k\336\234\027v\351\217\260\303\360\233ZPZWr\246$w\313\313\r\243r\232\2234\373\3539:N\004Q\245\272D\312D\300\300\t\323\0257\345e\271\na\215{\226\255x%T\257\037\333\004\344_/R\006E\344\037@\210\363\010\336T\226\247'\204_{\261\370""1\235\2445\343\033Y!\212\201\341\272\225'\007r8\336\360\024W\355\260\007\367\203G'\241\347\211\020\226\313Q\332\324\344\0359V\202M\035\021\357z\013\003""; }; "
1750527693524,1750527693525,0,1,3,4,TMLedgerData,"ledgerHash: ""\352&\324\337\230\212\265o\2035\250\303\2760\241\364^\002Z\031Z!\300\002\364\004\232\355\234\202\021\371""; ledgerSeq: 51; type: liBASE; nodes {;   nodedata: ""\000\000\0003\001cEx]\211\377\330\022`\210$\005\261rTx\343\226\224vC\2607.\025\213@~\312\227\000 o\232\016\376|a3\000\000\000\000\000\000\000\000\000\000\000\000\000\000\000\000\000\000\000\000\000\000\000\000\000\000\000\000\000\000\000\000\231[\273k_\365\335\244\350\336\001\200iF/\016\275\212u\205\304W\305\272\223\353\216\010\031\325A\223/\351\253K/\351\253L\n\000""; }; nodes {;   nodedata: ""\323C\344\327\264{\312-\017:\006{\177\344N\002\326bO\260\220\006\033\362\345\005U\221DzJ0\001\301\025%1L\307\t\261\262z\374\222T\301\274V\236\223\262\270Ct\362\337b\356\024*\324\320\351\317\002k\336\234\027v\351\217\260\303\360\233ZPZWr\246$w\313\313\r\243r\232\2234\373\3539:N\004Q\245\272D\312D\300\300\t\323\0257\345e\271\na\215{\226\255x%T\257\037\333\004\344_/R\006E\344\037@\210\363\010\336T\226\247'\204_{\261\370""1\235\2445\343\033Y!\212\201\341\272\225'\007r8\336\360\024W\355\260\007\367\203G'\241\347\211\020\226\313Q\332\324\344\0359V\202M\035\021\357z\013\003""; }; requestCookie: 1; ","ledgerHash: ""\352&\324\337\230\212\265o\2035\250\303\2760\241\364^\002Z\031Z!\300\002\364\004\232\355\234\202\021\371""; ledgerSeq: 51; type: liBASE; nodes {;   nodedata: ""\000\000\0003\001cEx]\211\377\330\022`\210$\005\261rTx\343\226\224vC\2607.\025\213@~\312\227\000 o\232\016\376|a3\000\000\000\000\000\000\000\000\000\000\000\000\000\000\000\000\000\000\000\000\000\000\000\000\000\000\000\000\000\000\000\000\231[\273k_\365\335\244\350\336\001\200iF/\016\275\212u\205\304W\305\272\223\353\216\010\031\325A\223/\351\253K/\351\253L\n\000""; }; nodes {;   nodedata: ""\323C\344\327\264{\312-\017:\006{\177\344N\002\326bO\260\220\006\033\362\345\005U\221DzJ0\001\301\025%1L\307\t\261\262z\374\222T\301\274V\236\223\262\270Ct\362\337b\356\024*\324\320\351\317\002k\336\234\027v\351\217\260\303\360\233ZPZWr\246$w\313\313\r\243r\232\2234\373\3539:N\004Q\245\272D\312D\300\300\t\323\0257\345e\271\na\215{\226\255x%T\257\037\333\004\344_/R\006E\344\037@\210\363\010\336T\226\247'\204_{\261\370""1\235\2445\343\033Y!\212\201\341\272\225'\007r8\336\360\024W\355\260\007\367\203G'\241\347\211\020\226\313Q\332\324\344\0359V\202M\035\021\357z\013\003""; }; requestCookie: 1; "
1750527693525,1750527693526,0,1,3,4,TMLedgerData,"ledgerHash: ""\352&\324\337\230\212\265o\2035\250\303\2760\241\364^\002Z\031Z!\300\002\364\004\232\355\234\202\021\371""; ledgerSeq: 51; type: liBASE; nodes {;   nodedata: ""\000\000\0003\001cEx]\211\377\330\022`\210$\005\261rTx\343\226\224vC\2607.\025\213@~\312\227\000 o\232\016\376|a3\000\000\000\000\000\000\000\000\000\000\000\000\000\000\000\000\000\000\000\000\000\000\000\000\000\000\000\000\000\000\000\000\231[\273k_\365\335\244\350\336\001\200iF/\016\275\212u\205\304W\305\272\223\353\216\010\031\325A\223/\351\253K/\351\253L\n\000""; }; nodes {;   nodedata: ""\323C\344\327\264{\312-\017:\006{\177\344N\002\326bO\260\220\006\033\362\345\005U\221DzJ0\001\301\025%1L\307\t\261\262z\374\222T\301\274V\236\223\262\270Ct\362\337b\356\024*\324\320\351\317\002k\336\234\027v\351\217\260\303\360\233ZPZWr\246$w\313\313\r\243r\232\2234\373\3539:N\004Q\245\272D\312D\300\300\t\323\0257\345e\271\na\215{\226\255x%T\257\037\333\004\344_/R\006E\344\037@\210\363\010\336T\226\247'\204_{\261\370""1\235\2445\343\033Y!\212\201\341\272\225'\007r8\336\360\024W\355\260\007\367\203G'\241\347\211\020\226\313Q\332\324\344\0359V\202M\035\021\357z\013\003""; }; requestCookie: 2; ","ledgerHash: ""\352&\324\337\230\212\265o\2035\250\303\2760\241\364^\002Z\031Z!\300\002\364\004\232\355\234\202\021\371""; ledgerSeq: 51; type: liBASE; nodes {;   nodedata: ""\000\000\0003\001cEx]\211\377\330\022`\210$\005\261rTx\343\226\224vC\2607.\025\213@~\312\227\000 o\232\016\376|a3\000\000\000\000\000\000\000\000\000\000\000\000\000\000\000\000\000\000\000\000\000\000\000\000\000\000\000\000\000\000\000\000\231[\273k_\365\335\244\350\336\001\200iF/\016\275\212u\205\304W\305\272\223\353\216\010\031\325A\223/\351\253K/\351\253L\n\000""; }; nodes {;   nodedata: ""\323C\344\327\264{\312-\017:\006{\177\344N\002\326bO\260\220\006\033\362\345\005U\221DzJ0\001\301\025%1L\307\t\261\262z\374\222T\301\274V\236\223\262\270Ct\362\337b\356\024*\324\320\351\317\002k\336\234\027v\351\217\260\303\360\233ZPZWr\246$w\313\313\r\243r\232\2234\373\3539:N\004Q\245\272D\312D\300\300\t\323\0257\345e\271\na\215{\226\255x%T\257\037\333\004\344_/R\006E\344\037@\210\363\010\336T\226\247'\204_{\261\370""1\235\2445\343\033Y!\212\201\341\272\225'\007r8\336\360\024W\355\260\007\367\203G'\241\347\211\020\226\313Q\332\324\344\0359V\202M\035\021\357z\013\003""; }; requestCookie: 2; "
1750527693526,1750527693527,0,1,3,4,TMLedgerData,"ledgerHash: ""\352&\324\337\230\212\265o\2035\250\303\2760\241\364^\002Z\031Z!\300\002\364\004\232\355\234\202\021\371""; ledgerSeq: 51; type: liAS_NODE; nodes {;   nodedata: ""\021\000h""\000\000\000\000 \033\000\000\0002\002\023\306\237\330\356GuH\375\327!\255\371\r\231\262R\256J\034\222\241\355X\265E\241^W\225\304\014\361CX-}\351f\032\255\274\334m\326c\017\014ao[\342\230\003\245\245\3341Hm\326^\017jy\335\261\032Yt\320\244{g\0306\\302\303*\341\215\223\257\364\277o\375\000r\241SOq\221\253\262\005\017\375T\356\014\360o'\030\311-\267\031\257!\031T\006><\315XM\334\324\345\034\000\325\367\240\271\013\265\024\321\362\354\211\250.\234s\225amc\305\035\366\276\037nD\277`\210\223N\3535\033\261\304f\331]\036\237\306o!\223\221\002\324\031\262\240R\177 ,\214\325\Q])\016\2067\277\t\354\010\000\360\215\2502\265\245\310\226\243c\302Ze\306\253#r\020\211\320iG\276\020E\317\035Sf\223F\254\033@\177e\277\016\010u\327\371&\262\312\317Q\2361t\377x\234\001v\003%\030\325_\225g\204\346a=\225\273\331\354\365*U\363\263N\367b\371\244\314-w\363\262\225Z\200\206\235\233\257?sE\2674\254\326mU\377?\177Ek\336\030!\316Aa\225\303\022\377{\210Y\226\271as\354L\035\004\341\361\035\301\024\220m#*\372\032\3178~\374\250\014*\323\342'z69\220\327\256\351G\367\317u\302\207\270b\315\333\333\334\310I\323&\014\352XZnW2.\335\347\202\021\247\362\212e\034\000\001\250\220\305;a\314\265R\310\017\317\331\235\360\262\240:\277\202\266\354\265X""\022\nh\252\352w\204\203\023]\001f\352\277\0031Q]\362\370R\350{\261\202\240\344\215\201\353\276\322p5p\350\354\017>\250r\241c\273\016\301\024\363\242\247\263\231\370\344\nBW\220K\316@3\243\200\036wk\253GSlU\010\360\231>\331\263H\214\324\030A\225\301o\346pkSF\004\241\213w9\223=\250\262*+\255\351r\265\244c\024\213\t\007`\223\325#\3477\210\345P\306\013\320\252[\0216+\227=`\371P\314\346 V7\271[~\n\237\274|\347\352@K\253~&\260\032\024\004B\200\255h\351\013\361\031:nG\211\005|\2003\266\274\251,W\006u\344\335d\003\306\212\313,\340\350bG\n\030Z\2732-\246\312\255\030\003\235207\005}D\260\0261ah\322M\304\216\273m0\271\234\237\007<w$\265C\245\232\033\023\313c\321B\032l\301h\005\320\252\301\361(\330[\343\357\343{\235\n\266g\272>\177\317\347\261qb&\270&\346ju\200\363N\320\307\004\034\001n\317\361\2653\254\2503\247\305\372\316W\022O\253x\250\025\373\247\354Tc\304\263\243^\352Gv\\264\261\r\035\226\306\2411\351\233\203\215\200$\231\300f\220\371c@\017\254\363\\371\340\340VaR\205~^\226\342t\360\022\204d\231\205)\272\364?\361!\334\331\315\254\230\rBG\314\023\246\244=\351\177\254\302b&\276+H;0\312\021&\275\036\237\350R\313\206R\331\304k\323u\263t\221\213yC\241\217A\242\027g\322\241'\212.E?B_\316\327\217J +\370\t^b\005\020\003\211\373\247|hC\271Nmk~J\270EU\274\036-\347\240\312FA\321\341bca\253\025\321\311\317\021\375\317\217\n\272\033o\353G>\275\361H\265\240\232um""\317\324`\214\221\314\000\211K\223+(""\200i \311\372g\254\343ZR0\224\275q\252\357\213\263\206N\357&Q\217\267\303\356I\236\357\264\311b\037\366\035\253\343\311\265\240\327q\206f\262ODi\215-\363>\034\236l\273\005G\316F\217}[\036\007\270:\260\335\271B\241N\345\330\204\327f\361\272Kb\0377p\334\264\237\177~\330]\252+:\317u\302h\n\351\n\364\231\277R\371\356\033y\265v\360Ny\246\332qY\262\231\251\n\305\334\202\305\362\n\367@k\231\016R:\327\242\366\242\253LZY\223$Gw^\203\302\311\316I7\371tTwp}\005|\372\214\251{R`\230V\244-\326I\351\255\325i\335\377\321\353\327\331\302\023\347y\016\263\271\317\306\017UV\314qu?\0064A\315{3D\010\016S\212\2353k0\361\214ID\303g\277\010Y_\001~\021\333\370\255\374\\331\306\255\336)\365Rth\024\t\300.M\315\321S\257\224\252\362\326P\316\303%nX\3742\333\036\004Y\264yG^\234\177\214\305q\237\274G\300a4\275\240s\215\222\210\016\020G\344=-:GK\312\035\271\201\350\376F\260G\347\000\235\365P6pmH\033\373\212c\377o\232\356\320D\002\277,]os{\354/?\312e\006wda\001\023\375\316\025\254\321\244\370+Y`\220\270\254\2601E[FI\310\235<qI \356\032v%\001\230\016\203\200\251UD\347\304\373\034\211\340@\342\033\263\365\356\341\357\350\324\035J\032\177\230\207\220\303+\207\352g\317N\027>\222M\271m\033\236\021:\272\233r\373\233hC}\256\020\210\010\233\335\025[ d(\343\263\327\177\030\246\254H\277\254E\231\006\033_lB\210\264\334Y\322\314\362\320L\000Q\240\317\3502\006,|\364\004\275\034\006\337\370""\330\364\202\314\315\311?\030\260\361u)\336\202\265Y\177X\227$\245tCB\345\314d\231A\300\204\371KJ\036\321\330\014]""EN\266$]\331\226c\351\312\376z\254\214\206B\274&M\032\376v\266\3104u)\r\312\021\273\030jJH\215G4\367fQ;\255\3404\372\225\341L\224\242\200VY\220\355\020\353I\n\363\266\036\311\003OR\250""\032\230\021]+$\302\005\224\270\033E\r\312\315}\200\2505\216\221\301\341\035[\247\325\236M^\360a\267\356\267\247]\357\236\n\207}P\2654\026`\256u\276\r&\026K\315a\3337\216.\240\362\263\327]\372\325\037\006\345\236\265\343\337g\271\317\315\374\3357gX\036\024'\357<$\322\323$\375\346&^\361\0009\022`\210$\005\261rTx\343\226\224vC\2607.\025\213@~\312\227\000 o\232\016\376|a3\264\227\2326\315\307\363\323\325\303\032N\256*\307\327 \235\332\207u\210\271\257\306g\231i*\260\326k\001"";   nodeid: ""\260\000\000\000\000\000\000\000\000\000\000\000\000\000\000\000\000\000\000\000\000\000\000\000\000\000\000\000\000\000\000\000\001""; }; ","ledgerHash: ""\352&\324\337\230\212\265o\2035\250\303\2760\241\364^\002Z\031Z!\300\002\364\004\232\355\234\202\021\371""; ledgerSeq: 51; type: liAS_NODE; nodes {;   nodedata: ""\021\000h""\000\000\000\000 \033\000\000\0002\002\023\306\237\330\356GuH\375\327!\255\371\r\231\262R\256J\034\222\241\355X\265E\241^W\225\304\014\361CX-}\351f\032\255\274\334m\326c\017\014ao[\342\230\003\245\245\3341Hm\326^\017jy\335\261\032Yt\320\244{g\0306\\302\303*\341\215\223\257\364\277o\375\000r\241SOq\221\253\262\005\017\375T\356\014\360o'\030\311-\267\031\257!\031T\006><\315XM\334\324\345\034\000\325\367\240\271\013\265\024\321\362\354\211\250.\234s\225amc\305\035\366\276\037nD\277`\210\223N\3535\033\261\304f\331]\036\237\306o!\223\221\002\324\031\262\240R\177 ,\214\325\Q])\016\2067\277\t\354\010\000\360\215\2502\265\245\310\226\243c\302Ze\306\253#r\020\211\320iG\276\020E\317\035Sf\223F\254\033@\177e\277\016\010u\327\371&\262\312\317Q\2361t\377x\234\001v\003%\030\325_\225g\204\346a=\225\273\331\354\365*U\363\263N\367b\371\244\314-w\363\262\225Z\200\206\235\233\257?sE\2674\254\326mU\377?\177Ek\336\030!\316Aa\225\303\022\377{\210Y\226\271as\354L\035\004\341\361\035\301\024\220m#*\372\032\3178~\374\250\014*\323\342'z69\220\327\256\351G\367\317u\302\207\270b\315\333\333\334\310I\323&\014\352XZnW2.\335\347\202\021\247\362\212e\034\000\001\250\220\305;a\314\265R\310\017\317\331\235\360\262\240:\277\202\266\354\265X""\022\nh\252\352w\204\203\023]\001f\352\277\0031Q]\362\370R\350{\261\202\240\344\215\201\353\276\322p5p\350\354\017>\250r\241c\273\016\301\024\363\242\247\263\231\370\344\nBW\220K\316@3\243\200\036wk\253GSlU\010\360\231>\331\263H\214\324\030A\225\301o\346pkSF\004\241\213w9\223=\250\262*+\255\351r\265\244c\024\213\t\007`\223\325#\3477\210\345P\306\013\320\252[\0216+\227=`\371P\314\346 V7\271[~\n\237\274|\347\352@K\253~&\260\032\024\004B\200\255h\351\013\361\031:nG\211\005|\2003\266\274\251,W\006u\344\335d\003\306\212\313,\340\350bG\n\030Z\2732-\246\312\255\030\003\235207\005}D\260\0261ah\322M\304\216\273m0\271\234\237\007<w$\265C\245\232\033\023\313c\321B\032l\301h\005\320\252\301\361(\330[\343\357\343{\235\n\266g\272>\177\317\347\261qb&\270&\346ju\200\363N\320\307\004\034\001n\317\361\2653\254\2503\247\305\372\316W\022O\253x\250\025\373\247\354Tc\304\263\243^\352Gv\\264\261\r\035\226\306\2411\351\233\203\215\200$\231\300f\220\371c@\017\254\363\\371\340\340VaR\205~^\226\342t\360\022\204d\231\205)\272\364?\361!\334\331\315\254\230\rBG\314\023\246\244=\351\177\254\302b&\276+H;0\312\021&\275\036\237\350R\313\206R\331\304k\323u\263t\221\213yC\241\217A\242\027g\322\241'\212.E?B_\316\327\217J +\370\t^b\005\020\003\211\373\247|hC\271Nmk~J\270EU\274\036-\347\240\312FA\321\341bca\253\025\321\311\317\021\375\317\217\n\272\033o\353G>\275\361H\265\240\232um""\317\324`\214\221\314\000\211K\223+(""\200i \311\372g\254\343ZR0\224\275q\252\357\213\263\206N\357&Q\217\267\303\356I\236\357\264\311b\037\366\035\253\343\311\265\240\327q\206f\262ODi\215-\363>\034\236l\273\005G\316F\217}[\036\007\270:\260\335\271B\241N\345\330\204\327f\361\272Kb\0377p\334\264\237\177~\330]\252+:\317u\302h\n\351\n\364\231\277R\371\356\033y\265v\360Ny\246\332qY\262\231\251\n\305\334\202\305\362\n\367@k\231\016R:\327\242\366\242\253LZY\223$Gw^\203\302\311\316I7\371tTwp}\005|\372\214\251{R`\230V\244-\326I\351\255\325i\335\377\321\353\327\331\302\023\347y\016\263\271\317\306\017UV\314qu?\0064A\315{3D\010\016S\212\2353k0\361\214ID\303g\277\010Y_\001~\021\333\370\255\374\\331\306\255\336)\365Rth\024\t\300.M\315\321S\257\224\252\362\326P\316\303%nX\3742\333\036\004Y\264yG^\234\177\214\305q\237\274G\300a4\275\240s\215\222\210\016\020G\344=-:GK\312\035\271\201\350\376F\260G\347\000\235\365P6pmH\033\373\212c\377o\232\356\320D\002\277,]os{\354/?\312e\006wda\001\023\375\316\025\254\321\244\370+Y`\220\270\254\2601E[FI\310\235<qI \356\032v%\001\230\016\203\200\251UD\347\304\373\034\211\340@\342\033\263\365\356\341\357\350\324\035J\032\177\230\207\220\303+\207\352g\317N\027>\222M\271m\033\236\021:\272\233r\373\233hC}\256\020\210\010\233\335\025[ d(\343\263\327\177\030\246\254H\277\254E\231\006\033_lB\210\264\334Y\322\314\362\320L\000Q\240\317\3502\006,|\364\004\275\034\006\337\370""\330\364\202\314\315\311?\030\260\361u)\336\202\265Y\177X\227$\245tCB\345\314d\231A\300\204\371KJ\036\321\330\014]""EN\266$]\331\226c\351\312\376z\254\214\206B\274&M\032\376v\266\3104u)\r\312\021\273\030jJH\215G4\367fQ;\255\3404\372\225\341L\224\242\200VY\220\355\020\353I\n\363\266\036\311\003OR\250""\032\230\021]+$\302\005\224\270\033E\r\312\315}\200\2505\216\221\301\341\035[\247\325\236M^\360a\267\356\267\247]\357\236\n\207}P\2654\026`\256u\276\r&\026K\315a\3337\216.\240\362\263\327]\372\325\037\006\345\236\265\343\337g\271\317\315\374\3357gX\036\024'\357<$\322\323$\375\346&^\361\0009\022`\210$\005\261rTx\343\226\224vC\2607.\025\213@~\312\227\000 o\232\016\376|a3\264\227\2326\315\307\363\323\325\303\032N\256*\307\327 \235\332\207u\210\271\257\306g\231i*\260\326k\001"";   nodeid: ""\260\000\000\000\000\000\000\000\000\000\000\000\000\000\000\000\000\000\000\000\000\000\000\000\000\000\000\000\000\000\000\000\001""; }; "
1750527693527,1750527693527,0,1,1,4,TMLedgerData,"ledgerHash: ""\352&\324\337\230\212\265o\2035\250\303\2760\241\364^\002Z\031Z!\300\002\364\004\232\355\234\202\021\371""; ledgerSeq: 51; type: liBASE; nodes {;   nodedata: ""\000\000\0003\001cEx]\211\377\330\022`\210$\005\261rTx\343\226\224vC\2607.\025\213@~\312\227\000 o\232\016\376|a3\000\000\000\000\000\000\000\000\000\000\000\000\000\000\000\000\000\000\000\000\000\000\000\000\000\000\000\000\000\000\000\000\231[\273k_\365\335\244\350\336\001\200iF/\016\275\212u\205\304W\305\272\223\353\216\010\031\325A\223/\351\253K/\351\253L\n\000""; }; nodes {;   nodedata: ""\323C\344\327\264{\312-\017:\006{\177\344N\002\326bO\260\220\006\033\362\345\005U\221DzJ0\001\301\025%1L\307\t\261\262z\374\222T\301\274V\236\223\262\270Ct\362\337b\356\024*\324\320\351\317\002k\336\234\027v\351\217\260\303\360\233ZPZWr\246$w\313\313\r\243r\232\2234\373\3539:N\004Q\245\272D\312D\300\300\t\323\0257\345e\271\na\215{\226\255x%T\257\037\333\004\344_/R\006E\344\037@\210\363\010\336T\226\247'\204_{\261\370""1\235\2445\343\033Y!\212\201\341\272\225'\007r8\336\360\024W\355\260\007\367\203G'\241\347\211\020\226\313Q\332\324\344\0359V\202M\035\021\357z\013\003""; }; ","ledgerHash: ""\352&\324\337\230\212\265o\2035\250\303\2760\241\364^\002Z\031Z!\300\002\364\004\232\355\234\202\021\371""; ledgerSeq: 51; type: liBASE; nodes {;   nodedata: ""\000\000\0003\001cEx]\211\377\330\022`\210$\005\261rTx\343\226\224vC\2607.\025\213@~\312\227\000 o\232\016\376|a3\000\000\000\000\000\000\000\000\000\000\000\000\000\000\000\000\000\000\000\000\000\000\000\000\000\000\000\000\000\000\000\000\231[\273k_\365\335\244\350\336\001\200iF/\016\275\212u\205\304W\305\272\223\353\216\010\031\325A\223/\351\253K/\351\253L\n\000""; }; nodes {;   nodedata: ""\323C\344\327\264{\312-\017:\006{\177\344N\002\326bO\260\220\006\033\362\345\005U\221DzJ0\001\301\025%1L\307\t\261\262z\374\222T\301\274V\236\223\262\270Ct\362\337b\356\024*\324\320\351\317\002k\336\234\027v\351\217\260\303\360\233ZPZWr\246$w\313\313\r\243r\232\2234\373\3539:N\004Q\245\272D\312D\300\300\t\323\0257\345e\271\na\215{\226\255x%T\257\037\333\004\344_/R\006E\344\037@\210\363\010\336T\226\247'\204_{\261\370""1\235\2445\343\033Y!\212\201\341\272\225'\007r8\336\360\024W\355\260\007\367\203G'\241\347\211\020\226\313Q\332\324\344\0359V\202M\035\021\357z\013\003""; }; "
1750527693527,1750527693528,0,1,3,2,TMLedgerData,"ledgerHash: ""\352&\324\337\230\212\265o\2035\250\303\2760\241\364^\002Z\031Z!\300\002\364\004\232\355\234\202\021\371""; ledgerSeq: 51; type: liAS_NODE; nodes {;   nodedata: ""\021\000h""\000\000\000\000 \033\000\000\0002\002\023\306\237\330\356GuH\375\327!\255\371\r\231\262R\256J\034\222\241\355X\265E\241^W\225\304\014\361CX-}\351f\032\255\274\334m\326c\017\014ao[\342\230\003\245\245\3341Hm\326^\017jy\335\261\032Yt\320\244{g\0306\\302\303*\341\215\223\257\364\277o\375\000r\241SOq\221\253\262\005\017\375T\356\014\360o'\030\311-\267\031\257!\031T\006><\315XM\334\324\345\034\000\325\367\240\271\013\265\024\321\362\354\211\250.\234s\225amc\305\035\366\276\037nD\277`\210\223N\3535\033\261\304f\331]\036\237\306o!\223\221\002\324\031\262\240R\177 ,\214\325\Q])\016\2067\277\t\354\010\000\360\215\2502\265\245\310\226\243c\302Ze\306\253#r\020\211\320iG\276\020E\317\035Sf\223F\254\033@\177e\277\016\010u\327\371&\262\312\317Q\2361t\377x\234\001v\003%\030\325_\225g\204\346a=\225\273\331\354\365*U\363\263N\367b\371\244\314-w\363\262\225Z\200\206\235\233\257?sE\2674\254\326mU\377?\177Ek\336\030!\316Aa\225\303\022\377{\210Y\226\271as\354L\035\004\341\361\035\301\024\220m#*\372\032\3178~\374\250\014*\323\342'z69\220\327\256\351G\367\317u\302\207\270b\315\333\333\334\310I\323&\014\352XZnW2.\335\347\202\021\247\362\212e\034\000\001\250\220\305;a\314\265R\310\017\317\331\235\360\262\240:\277\202\266\354\265X""\022\nh\252\352w\204\203\023]\001f\352\277\0031Q]\362\370R\350{\261\202\240\344\215\201\353\276\322p5p\350\354\017>\250r\241c\273\016\301\024\363\242\247\263\231\370\344\nBW\220K\316@3\243\200\036wk\253GSlU\010\360\231>\331\263H\214\324\030A\225\301o\346pkSF\004\241\213w9\223=\250\262*+\255\351r\265\244c\024\213\t\007`\223\325#\3477\210\345P\306\013\320\252[\0216+\227=`\371P\314\346 V7\271[~\n\237\274|\347\352@K\253~&\260\032\024\004B\200\255h\351\013\361\031:nG\211\005|\2003\266\274\251,W\006u\344\335d\003\306\212\313,\340\350bG\n\030Z\2732-\246\312\255\030\003\235207\005}D\260\0261ah\322M\304\216\273m0\271\234\237\007<w$\265C\245\232\033\023\313c\321B\032l\301h\005\320\252\301\361(\330[\343\357\343{\235\n\266g\272>\177\317\347\261qb&\270&\346ju\200\363N\320\307\004\034\001n\317\361\2653\254\2503\247\305\372\316W\022O\253x\250\025\373\247\354Tc\304\263\243^\352Gv\\264\261\r\035\226\306\2411\351\233\203\215\200$\231\300f\220\371c@\017\254\363\\371\340\340VaR\205~^\226\342t\360\022\204d\231\205)\272\364?\361!\334\331\315\254\230\rBG\314\023\246\244=\351\177\254\302b&\276+H;0\312\021&\275\036\237\350R\313\206R\331\304k\323u\263t\221\213yC\241\217A\242\027g\322\241'\212.E?B_\316\327\217J +\370\t^b\005\020\003\211\373\247|hC\271Nmk~J\270EU\274\036-\347\240\312FA\321\341bca\253\025\321\311\317\021\375\317\217\n\272\033o\353G>\275\361H\265\240\232um""\317\324`\214\221\314\000\211K\223+(""\200i \311\372g\254\343ZR0\224\275q\252\357\213\263\206N\357&Q\217\267\303\356I\236\357\264\311b\037\366\035\253\343\311\265\240\327q\206f\262ODi\215-\363>\034\236l\273\005G\316F\217}[\036\007\270:\260\335\271B\241N\345\330\204\327f\361\272Kb\0377p\334\264\237\177~\330]\252+:\317u\302h\n\351\n\364\231\277R\371\356\033y\265v\360Ny\246\332qY\262\231\251\n\305\334\202\305\362\n\367@k\231\016R:\327\242\366\242\253LZY\223$Gw^\203\302\311\316I7\371tTwp}\005|\372\214\251{R`\230V\244-\326I\351\255\325i\335\377\321\353\327\331\302\023\347y\016\263\271\317\306\017UV\314qu?\0064A\315{3D\010\016S\212\2353k0\361\214ID\303g\277\010Y_\001~\021\333\370\255\374\\331\306\255\336)\365Rth\024\t\300.M\315\321S\257\224\252\362\326P\316\303%nX\3742\333\036\004Y\264yG^\234\177\214\305q\237\274G\300a4\275\240s\215\222\210\016\020G\344=-:GK\312\035\271\201\350\376F\260G\347\000\235\365P6pmH\033\373\212c\377o\232\356\320D\002\277,]os{\354/?\312e\006wda\001\023\375\316\025\254\321\244\370+Y`\220\270\254\2601E[FI\310\235<qI \356\032v%\001\230\016\203\200\251UD\347\304\373\034\211\340@\342\033\263\365\356\341\357\350\324\035J\032\177\230\207\220\303+\207\352g\317N\027>\222M\271m\033\236\021:\272\233r\373\233hC}\256\020\210\010\233\335\025[ d(\343\263\327\177\030\246\254H\277\254E\231\006\033_lB\210\264\334Y\322\314\362\320L\000Q\240\317\3502\006,|\364\004\275\034\006\337\370""\330\364\202\314\315\311?\030\260\361u)\336\202\265Y\177X\227$\245tCB\345\314d\231A\300\204\371KJ\036\321\330\014]""EN\266$]\331\226c\351\312\376z\254\214\206B\274&M\032\376v\266\3104u)\r\312\021\273\030jJH\215G4\367fQ;\255\3404\372\225\341L\224\242\200VY\220\355\020\353I\n\363\266\036\311\003OR\250""\032\230\021]+$\302\005\224\270\033E\r\312\315}\200\2505\216\221\301\341\035[\247\325\236M^\360a\267\356\267\247]\357\236\n\207}P\2654\026`\256u\276\r&\026K\315a\3337\216.\240\362\263\327]\372\325\037\006\345\236\265\343\337g\271\317\315\374\3357gX\036\024'\357<$\322\323$\375\346&^\361\0009\022`\210$\005\261rTx\343\226\224vC\2607.\025\213@~\312\227\000 o\232\016\376|a3\264\227\2326\315\307\363\323\325\303\032N\256*\307\327 \235\332\207u\210\271\257\306g\231i*\260\326k\001"";   nodeid: ""\260\000\000\000\000\000\000\000\000\000\000\000\000\000\000\000\000\000\000\000\000\000\000\000\000\000\000\000\000\000\000\000\001""; }; ","ledgerHash: ""\352&\324\337\230\212\265o\2035\250\303\2760\241\364^\002Z\031Z!\300\002\364\004\232\355\234\202\021\371""; ledgerSeq: 51; type: liAS_NODE; nodes {;   nodedata: ""\021\000h""\000\000\000\000 \033\000\000\0002\002\023\306\237\330\356GuH\375\327!\255\371\r\231\262R\256J\034\222\241\355X\265E\241^W\225\304\014\361CX-}\351f\032\255\274\334m\326c\017\014ao[\342\230\003\245\245\3341Hm\326^\017jy\335\261\032Yt\320\244{g\0306\\302\303*\341\215\223\257\364\277o\375\000r\241SOq\221\253\262\005\017\375T\356\014\360o'\030\311-\267\031\257!\031T\006><\315XM\334\324\345\034\000\325\367\240\271\013\265\024\321\362\354\211\250.\234s\225amc\305\035\366\276\037nD\277`\210\223N\3535\033\261\304f\331]\036\237\306o!\223\221\002\324\031\262\240R\177 ,\214\325\Q])\016\2067\277\t\354\010\000\360\215\2502\265\245\310\226\243c\302Ze\306\253#r\020\211\320iG\276\020E\317\035Sf\223F\254\033@\177e\277\016\010u\327\371&\262\312\317Q\2361t\377x\234\001v\003%\030\325_\225g\204\346a=\225\273\331\354\365*U\363\263N\367b\371\244\314-w\363\262\225Z\200\206\235\233\257?sE\2674\254\326mU\377?\177Ek\336\030!\316Aa\225\303\022\377{\210Y\226\271as\354L\035\004\341\361\035\301\024\220m#*\372\032\3178~\374\250\014*\323\342'z69\220\327\256\351G\367\317u\302\207\270b\315\333\333\334\310I\323&\014\352XZnW2.\335\347\202\021\247\362\212e\034\000\001\250\220\305;a\314\265R\310\017\317\331\235\360\262\240:\277\202\266\354\265X""\022\nh\252\352w\204\203\023]\001f\352\277\0031Q]\362\370R\350{\261\202\240\344\215\201\353\276\322p5p\350\354\017>\250r\241c\273\016\301\024\363\242\247\263\231\370\344\nBW\220K\316@3\243\200\036wk\253GSlU\010\360\231>\331\263H\214\324\030A\225\301o\346pkSF\004\241\213w9\223=\250\262*+\255\351r\265\244c\024\213\t\007`\223\325#\3477\210\345P\306\013\320\252[\0216+\227=`\371P\314\346 V7\271[~\n\237\274|\347\352@K\253~&\260\032\024\004B\200\255h\351\013\361\031:nG\211\005|\2003\266\274\251,W\006u\344\335d\003\306\212\313,\340\350bG\n\030Z\2732-\246\312\255\030\003\235207\005}D\260\0261ah\322M\304\216\273m0\271\234\237\007<w$\265C\245\232\033\023\313c\321B\032l\301h\005\320\252\301\361(\330[\343\357\343{\235\n\266g\272>\177\317\347\261qb&\270&\346ju\200\363N\320\307\004\034\001n\317\361\2653\254\2503\247\305\372\316W\022O\253x\250\025\373\247\354Tc\304\263\243^\352Gv\\264\261\r\035\226\306\2411\351\233\203\215\200$\231\300f\220\371c@\017\254\363\\371\340\340VaR\205~^\226\342t\360\022\204d\231\205)\272\364?\361!\334\331\315\254\230\rBG\314\023\246\244=\351\177\254\302b&\276+H;0\312\021&\275\036\237\350R\313\206R\331\304k\323u\263t\221\213yC\241\217A\242\027g\322\241'\212.E?B_\316\327\217J +\370\t^b\005\020\003\211\373\247|hC\271Nmk~J\270EU\274\036-\347\240\312FA\321\341bca\253\025\321\311\317\021\375\317\217\n\272\033o\353G>\275\361H\265\240\232um""\317\324`\214\221\314\000\211K\223+(""\200i \311\372g\254\343ZR0\224\275q\252\357\213\263\206N\357&Q\217\267\303\356I\236\357\264\311b\037\366\035\253\343\311\265\240\327q\206f\262ODi\215-\363>\034\236l\273\005G\316F\217}[\036\007\270:\260\335\271B\241N\345\330\204\327f\361\272Kb\0377p\334\264\237\177~\330]\252+:\317u\302h\n\351\n\364\231\277R\371\356\033y\265v\360Ny\246\332qY\262\231\251\n\305\334\202\305\362\n\367@k\231\016R:\327\242\366\242\253LZY\223$Gw^\203\302\311\316I7\371tTwp}\005|\372\214\251{R`\230V\244-\326I\351\255\325i\335\377\321\353\327\331\302\023\347y\016\263\271\317\306\017UV\314qu?\0064A\315{3D\010\016S\212\2353k0\361\214ID\303g\277\010Y_\001~\021\333\370\255\374\\331\306\255\336)\365Rth\024\t\300.M\315\321S\257\224\252\362\326P\316\303%nX\3742\333\036\004Y\264yG^\234\177\214\305q\237\274G\300a4\275\240s\215\222\210\016\020G\344=-:GK\312\035\271\201\350\376F\260G\347\000\235\365P6pmH\033\373\212c\377o\232\356\320D\002\277,]os{\354/?\312e\006wda\001\023\375\316\025\254\321\244\370+Y`\220\270\254\2601E[FI\310\235<qI \356\032v%\001\230\016\203\200\251UD\347\304\373\034\211\340@\342\033\263\365\356\341\357\350\324\035J\032\177\230\207\220\303+\207\352g\317N\027>\222M\271m\033\236\021:\272\233r\373\233hC}\256\020\210\010\233\335\025[ d(\343\263\327\177\030\246\254H\277\254E\231\006\033_lB\210\264\334Y\322\314\362\320L\000Q\240\317\3502\006,|\364\004\275\034\006\337\370""\330\364\202\314\315\311?\030\260\361u)\336\202\265Y\177X\227$\245tCB\345\314d\231A\300\204\371KJ\036\321\330\014]""EN\266$]\331\226c\351\312\376z\254\214\206B\274&M\032\376v\266\3104u)\r\312\021\273\030jJH\215G4\367fQ;\255\3404\372\225\341L\224\242\200VY\220\355\020\353I\n\363\266\036\311\003OR\250""\032\230\021]+$\302\005\224\270\033E\r\312\315}\200\2505\216\221\301\341\035[\247\325\236M^\360a\267\356\267\247]\357\236\n\207}P\2654\026`\256u\276\r&\026K\315a\3337\216.\240\362\263\327]\372\325\037\006\345\236\265\343\337g\271\317\315\374\3357gX\036\024'\357<$\322\323$\375\346&^\361\0009\022`\210$\005\261rTx\343\226\224vC\2607.\025\213@~\312\227\000 o\232\016\376|a3\264\227\2326\315\307\363\323\325\303\032N\256*\307\327 \235\332\207u\210\271\257\306g\231i*\260\326k\001"";   nodeid: ""\260\000\000\000\000\000\000\000\000\000\000\000\000\000\000\000\000\000\000\000\000\000\000\000\000\000\000\000\000\000\000\000\001""; }; "
1750527693529,1750527693529,0,1,3,1,TMLedgerData,"ledgerHash: ""\352&\324\337\230\212\265o\2035\250\303\2760\241\364^\002Z\031Z!\300\002\364\004\232\355\234\202\021\371""; ledgerSeq: 51; type: liAS_NODE; nodes {;   nodedata: ""\021\000h""\000\000\000\000 \033\000\000\0002\002\023\306\237\330\356GuH\375\327!\255\371\r\231\262R\256J\034\222\241\355X\265E\241^W\225\304\014\361CX-}\351f\032\255\274\334m\326c\017\014ao[\342\230\003\245\245\3341Hm\326^\017jy\335\261\032Yt\320\244{g\0306\\302\303*\341\215\223\257\364\277o\375\000r\241SOq\221\253\262\005\017\375T\356\014\360o'\030\311-\267\031\257!\031T\006><\315XM\334\324\345\034\000\325\367\240\271\013\265\024\321\362\354\211\250.\234s\225amc\305\035\366\276\037nD\277`\210\223N\3535\033\261\304f\331]\036\237\306o!\223\221\002\324\031\262\240R\177 ,\214\325\Q])\016\2067\277\t\354\010\000\360\215\2502\265\245\310\226\243c\302Ze\306\253#r\020\211\320iG\276\020E\317\035Sf\223F\254\033@\177e\277\016\010u\327\371&\262\312\317Q\2361t\377x\234\001v\003%\030\325_\225g\204\346a=\225\273\331\354\365*U\363\263N\367b\371\244\314-w\363\262\225Z\200\206\235\233\257?sE\2674\254\326mU\377?\177Ek\336\030!\316Aa\225\303\022\377{\210Y\226\271as\354L\035\004\341\361\035\301\024\220m#*\372\032\3178~\374\250\014*\323\342'z69\220\327\256\351G\367\317u\302\207\270b\315\333\333\334\310I\323&\014\352XZnW2.\335\347\202\021\247\362\212e\034\000\001\250\220\305;a\314\265R\310\017\317\331\235\360\262\240:\277\202\266\354\265X""\022\nh\252\352w\204\203\023]\001f\352\277\0031Q]\362\370R\350{\261\202\240\344\215\201\353\276\322p5p\350\354\017>\250r\241c\273\016\301\024\363\242\247\263\231\370\344\nBW\220K\316@3\243\200\036wk\253GSlU\010\360\231>\331\263H\214\324\030A\225\301o\346pkSF\004\241\213w9\223=\250\262*+\255\351r\265\244c\024\213\t\007`\223\325#\3477\210\345P\306\013\320\252[\0216+\227=`\371P\314\346 V7\271[~\n\237\274|\347\352@K\253~&\260\032\024\004B\200\255h\351\013\361\031:nG\211\005|\2003\266\274\251,W\006u\344\335d\003\306\212\313,\340\350bG\n\030Z\2732-\246\312\255\030\003\235207\005}D\260\0261ah\322M\304\216\273m0\271\234\237\007<w$\265C\245\232\033\023\313c\321B\032l\301h\005\320\252\301\361(\330[\343\357\343{\235\n\266g\272>\177\317\347\261qb&\270&\346ju\200\363N\320\307\004\034\001n\317\361\2653\254\2503\247\305\372\316W\022O\253x\250\025\373\247\354Tc\304\263\243^\352Gv\\264\261\r\035\226\306\2411\351\233\203\215\200$\231\300f\220\371c@\017\254\363\\371\340\340VaR\205~^\226\342t\360\022\204d\231\205)\272\364?\361!\334\331\315\254\230\rBG\314\023\246\244=\351\177\254\302b&\276+H;0\312\021&\275\036\237\350R\313\206R\331\304k\323u\263t\221\213yC\241\217A\242\027g\322\241'\212.E?B_\316\327\217J +\370\t^b\005\020\003\211\373\247|hC\271Nmk~J\270EU\274\036-\347\240\312FA\321\341bca\253\025\321\311\317\021\375\317\217\n\272\033o\353G>\275\361H\265\240\232um""\317\324`\214\221\314\000\211K\223+(""\200i \311\372g\254\343ZR0\224\275q\252\357\213\263\206N\357&Q\217\267\303\356I\236\357\264\311b\037\366\035\253\343\311\265\240\327q\206f\262ODi\215-\363>\034\236l\273\005G\316F\217}[\036\007\270:\260\335\271B\241N\345\330\204\327f\361\272Kb\0377p\334\264\237\177~\330]\252+:\317u\302h\n\351\n\364\231\277R\371\356\033y\265v\360Ny\246\332qY\262\231\251\n\305\334\202\305\362\n\367@k\231\016R:\327\242\366\242\253LZY\223$Gw^\203\302\311\316I7\371tTwp}\005|\372\214\251{R`\230V\244-\326I\351\255\325i\335\377\321\353\327\331\302\023\347y\016\263\271\317\306\017UV\314qu?\0064A\315{3D\010\016S\212\2353k0\361\214ID\303g\277\010Y_\001~\021\333\370\255\374\\331\306\255\336)\365Rth\024\t\300.M\315\321S\257\224\252\362\326P\316\303%nX\3742\333\036\004Y\264yG^\234\177\214\305q\237\274G\300a4\275\240s\215\222\210\016\020G\344=-:GK\312\035\271\201\350\376F\260G\347\000\235\365P6pmH\033\373\212c\377o\232\356\320D\002\277,]os{\354/?\312e\006wda\001\023\375\316\025\254\321\244\370+Y`\220\270\254\2601E[FI\310\235<qI \356\032v%\001\230\016\203\200\251UD\347\304\373\034\211\340@\342\033\263\365\356\341\357\350\324\035J\032\177\230\207\220\303+\207\352g\317N\027>\222M\271m\033\236\021:\272\233r\373\233hC}\256\020\210\010\233\335\025[ d(\343\263\327\177\030\246\254H\277\254E\231\006\033_lB\210\264\334Y\322\314\362\320L\000Q\240\317\3502\006,|\364\004\275\034\006\337\370""\330\364\202\314\315\311?\030\260\361u)\336\202\265Y\177X\227$\245tCB\345\314d\231A\300\204\371KJ\036\321\330\014]""EN\266$]\331\226c\351\312\376z\254\214\206B\274&M\032\376v\266\3104u)\r\312\021\273\030jJH\215G4\367fQ;\255\3404\372\225\341L\224\242\200VY\220\355\020\353I\n\363\266\036\311\003OR\250""\032\230\021]+$\302\005\224\270\033E\r\312\315}\200\2505\216\221\301\341\035[\247\325\236M^\360a\267\356\267\247]\357\236\n\207}P\2654\026`\256u\276\r&\026K\315a\3337\216.\240\362\263\327]\372\325\037\006\345\236\265\343\337g\271\317\315\374\3357gX\036\024'\357<$\322\323$\375\346&^\361\0009\022`\210$\005\261rTx\343\226\224vC\2607.\025\213@~\312\227\000 o\232\016\376|a3\264\227\2326\315\307\363\323\325\303\032N\256*\307\327 \235\332\207u\210\271\257\306g\231i*\260\326k\001"";   nodeid: ""\260\000\000\000\000\000\000\000\000\000\000\000\000\000\000\000\000\000\000\000\000\000\000\000\000\000\000\000\000\000\000\000\001""; }; ","ledgerHash: ""\352&\324\337\230\212\265o\2035\250\303\2760\241\364^\002Z\031Z!\300\002\364\004\232\355\234\202\021\371""; ledgerSeq: 51; type: liAS_NODE; nodes {;   nodedata: ""\021\000h""\000\000\000\000 \033\000\000\0002\002\023\306\237\330\356GuH\375\327!\255\371\r\231\262R\256J\034\222\241\355X\265E\241^W\225\304\014\361CX-}\351f\032\255\274\334m\326c\017\014ao[\342\230\003\245\245\3341Hm\326^\017jy\335\261\032Yt\320\244{g\0306\\302\303*\341\215\223\257\364\277o\375\000r\241SOq\221\253\262\005\017\375T\356\014\360o'\030\311-\267\031\257!\031T\006><\315XM\334\324\345\034\000\325\367\240\271\013\265\024\321\362\354\211\250.\234s\225amc\305\035\366\276\037nD\277`\210\223N\3535\033\261\304f\331]\036\237\306o!\223\221\002\324\031\262\240R\177 ,\214\325\Q])\016\2067\277\t\354\010\000\360\215\2502\265\245\310\226\243c\302Ze\306\253#r\020\211\320iG\276\020E\317\035Sf\223F\254\033@\177e\277\016\010u\327\371&\262\312\317Q\2361t\377x\234\001v\003%\030\325_\225g\204\346a=\225\273\331\354\365*U\363\263N\367b\371\244\314-w\363\262\225Z\200\206\235\233\257?sE\2674\254\326mU\377?\177Ek\336\030!\316Aa\225\303\022\377{\210Y\226\271as\354L\035\004\341\361\035\301\024\220m#*\372\032\3178~\374\250\014*\323\342'z69\220\327\256\351G\367\317u\302\207\270b\315\333\333\334\310I\323&\014\352XZnW2.\335\347\202\021\247\362\212e\034\000\001\250\220\305;a\314\265R\310\017\317\331\235\360\262\240:\277\202\266\354\265X""\022\nh\252\352w\204\203\023]\001f\352\277\0031Q]\362\370R\350{\261\202\240\344\215\201\353\276\322p5p\350\354\017>\250r\241c\273\016\301\024\363\242\247\263\231\370\344\nBW\220K\316@3\243\200\036wk\253GSlU\010\360\231>\331\263H\214\324\030A\225\301o\346pkSF\004\241\213w9\223=\250\262*+\255\351r\265\244c\024\213\t\007`\223\325#\3477\210\345P\306\013\320\252[\0216+\227=`\371P\314\346 V7\271[~\n\237\274|\347\352@K\253~&\260\032\024\004B\200\255h\351\013\361\031:nG\211\005|\2003\266\274\251,W\006u\344\335d\003\306\212\313,\340\350bG\n\030Z\2732-\246\312\255\030\003\235207\005}D\260\0261ah\322M\304\216\273m0\271\234\237\007<w$\265C\245\232\033\023\313c\321B\032l\301h\005\320\252\301\361(\330[\343\357\343{\235\n\266g\272>\177\317\347\261qb&\270&\346ju\200\363N\320\307\004\034\001n\317\361\2653\254\2503\247\305\372\316W\022O\253x\250\025\373\247\354Tc\304\263\243^\352Gv\\264\261\r\035\226\306\2411\351\233\203\215\200$\231\300f\220\371c@\017\254\363\\371\340\340VaR\205~^\226\342t\360\022\204d\231\205)\272\364?\361!\334\331\315\254\230\rBG\314\023\246\244=\351\177\254\302b&\276+H;0\312\021&\275\036\237\350R\313\206R\331\304k\323u\263t\221\213yC\241\217A\242\027g\322\241'\212.E?B_\316\327\217J +\370\t^b\005\020\003\211\373\247|hC\271Nmk~J\270EU\274\036-\347\240\312FA\321\341bca\253\025\321\311\317\021\375\317\217\n\272\033o\353G>\275\361H\265\240\232um""\317\324`\214\221\314\000\211K\223+(""\200i \311\372g\254\343ZR0\224\275q\252\357\213\263\206N\357&Q\217\267\303\356I\236\357\264\311b\037\366\035\253\343\311\265\240\327q\206f\262ODi\215-\363>\034\236l\273\005G\316F\217}[\036\007\270:\260\335\271B\241N\345\330\204\327f\361\272Kb\0377p\334\264\237\177~\330]\252+:\317u\302h\n\351\n\364\231\277R\371\356\033y\265v\360Ny\246\332qY\262\231\251\n\305\334\202\305\362\n\367@k\231\016R:\327\242\366\242\253LZY\223$Gw^\203\302\311\316I7\371tTwp}\005|\372\214\251{R`\230V\244-\326I\351\255\325i\335\377\321\353\327\331\302\023\347y\016\263\271\317\306\017UV\314qu?\0064A\315{3D\010\016S\212\2353k0\361\214ID\303g\277\010Y_\001~\021\333\370\255\374\\331\306\255\336)\365Rth\024\t\300.M\315\321S\257\224\252\362\326P\316\303%nX\3742\333\036\004Y\264yG^\234\177\214\305q\237\274G\300a4\275\240s\215\222\210\016\020G\344=-:GK\312\035\271\201\350\376F\260G\347\000\235\365P6pmH\033\373\212c\377o\232\356\320D\002\277,]os{\354/?\312e\006wda\001\023\375\316\025\254\321\244\370+Y`\220\270\254\2601E[FI\310\235<qI \356\032v%\001\230\016\203\200\251UD\347\304\373\034\211\340@\342\033\263\365\356\341\357\350\324\035J\032\177\230\207\220\303+\207\352g\317N\027>\222M\271m\033\236\021:\272\233r\373\233hC}\256\020\210\010\233\335\025[ d(\343\263\327\177\030\246\254H\277\254E\231\006\033_lB\210\264\334Y\322\314\362\320L\000Q\240\317\3502\006,|\364\004\275\034\006\337\370""\330\364\202\314\315\311?\030\260\361u)\336\202\265Y\177X\227$\245tCB\345\314d\231A\300\204\371KJ\036\321\330\014]""EN\266$]\331\226c\351\312\376z\254\214\206B\274&M\032\376v\266\3104u)\r\312\021\273\030jJH\215G4\367fQ;\255\3404\372\225\341L\224\242\200VY\220\355\020\353I\n\363\266\036\311\003OR\250""\032\230\021]+$\302\005\224\270\033E\r\312\315}\200\2505\216\221\301\341\035[\247\325\236M^\360a\267\356\267\247]\357\236\n\207}P\2654\026`\256u\276\r&\026K\315a\3337\216.\240\362\263\327]\372\325\037\006\345\236\265\343\337g\271\317\315\374\3357gX\036\024'\357<$\322\323$\375\346&^\361\0009\022`\210$\005\261rTx\343\226\224vC\2607.\025\213@~\312\227\000 o\232\016\376|a3\264\227\2326\315\307\363\323\325\303\032N\256*\307\327 \235\332\207u\210\271\257\306g\231i*\260\326k\001"";   nodeid: ""\260\000\000\000\000\000\000\000\000\000\000\000\000\000\000\000\000\000\000\000\000\000\000\000\000\000\000\000\000\000\000\000\001""; }; "
1750527693529,1750527693530,0,1,3,1,TMLedgerData,"ledgerHash: ""\352&\324\337\230\212\265o\2035\250\303\2760\241\364^\002Z\031Z!\300\002\364\004\232\355\234\202\021\371""; ledgerSeq: 51; type: liBASE; nodes {;   nodedata: ""\000\000\0003\001cEx]\211\377\330\022`\210$\005\261rTx\343\226\224vC\2607.\025\213@~\312\227\000 o\232\016\376|a3\000\000\000\000\000\000\000\000\000\000\000\000\000\000\000\000\000\000\000\000\000\000\000\000\000\000\000\000\000\000\000\000\231[\273k_\365\335\244\350\336\001\200iF/\016\275\212u\205\304W\305\272\223\353\216\010\031\325A\223/\351\253K/\351\253L\n\000""; }; nodes {;   nodedata: ""\323C\344\327\264{\312-\017:\006{\177\344N\002\326bO\260\220\006\033\362\345\005U\221DzJ0\001\301\025%1L\307\t\261\262z\374\222T\301\274V\236\223\262\270Ct\362\337b\356\024*\324\320\351\317\002k\336\234\027v\351\217\260\303\360\233ZPZWr\246$w\313\313\r\243r\232\2234\373\3539:N\004Q\245\272D\312D\300\300\t\323\0257\345e\271\na\215{\226\255x%T\257\037\333\004\344_/R\006E\344\037@\210\363\010\336T\226\247'\204_{\261\370""1\235\2445\343\033Y!\212\201\341\272\225'\007r8\336\360\024W\355\260\007\367\203G'\241\347\211\020\226\313Q\332\324\344\0359V\202M\035\021\357z\013\003""; }; requestCookie: 3; ","ledgerHash: ""\352&\324\337\230\212\265o\2035\250\303\2760\241\364^\002Z\031Z!\300\002\364\004\232\355\234\202\021\371""; ledgerSeq: 51; type: liBASE; nodes {;   nodedata: ""\000\000\0003\001cEx]\211\377\330\022`\210$\005\261rTx\343\226\224vC\2607.\025\213@~\312\227\000 o\232\016\376|a3\000\000\000\000\000\000\000\000\000\000\000\000\000\000\000\000\000\000\000\000\000\000\000\000\000\000\000\000\000\000\000\000\231[\273k_\365\335\244\350\336\001\200iF/\016\275\212u\205\304W\305\272\223\353\216\010\031\325A\223/\351\253K/\351\253L\n\000""; }; nodes {;   nodedata: ""\323C\344\327\264{\312-\017:\006{\177\344N\002\326bO\260\220\006\033\362\345\005U\221DzJ0\001\301\025%1L\307\t\261\262z\374\222T\301\274V\236\223\262\270Ct\362\337b\356\024*\324\320\351\317\002k\336\234\027v\351\217\260\303\360\233ZPZWr\246$w\313\313\r\243r\232\2234\373\3539:N\004Q\245\272D\312D\300\300\t\323\0257\345e\271\na\215{\226\255x%T\257\037\333\004\344_/R\006E\344\037@\210\363\010\336T\226\247'\204_{\261\370""1\235\2445\343\033Y!\212\201\341\272\225'\007r8\336\360\024W\355\260\007\367\203G'\241\347\211\020\226\313Q\332\324\344\0359V\202M\035\021\357z\013\003""; }; requestCookie: 3; "
1750527693530,1750527693530,0,1,3,1,TMLedgerData,"ledgerHash: ""\352&\324\337\230\212\265o\2035\250\303\2760\241\364^\002Z\031Z!\300\002\364\004\232\355\234\202\021\371""; ledgerSeq: 51; type: liBASE; nodes {;   nodedata: ""\000\000\0003\001cEx]\211\377\330\022`\210$\005\261rTx\343\226\224vC\2607.\025\213@~\312\227\000 o\232\016\376|a3\000\000\000\000\000\000\000\000\000\000\000\000\000\000\000\000\000\000\000\000\000\000\000\000\000\000\000\000\000\000\000\000\231[\273k_\365\335\244\350\336\001\200iF/\016\275\212u\205\304W\305\272\223\353\216\010\031\325A\223/\351\253K/\351\253L\n\000""; }; nodes {;   nodedata: ""\323C\344\327\264{\312-\017:\006{\177\344N\002\326bO\260\220\006\033\362\345\005U\221DzJ0\001\301\025%1L\307\t\261\262z\374\222T\301\274V\236\223\262\270Ct\362\337b\356\024*\324\320\351\317\002k\336\234\027v\351\217\260\303\360\233ZPZWr\246$w\313\313\r\243r\232\2234\373\3539:N\004Q\245\272D\312D\300\300\t\323\0257\345e\271\na\215{\226\255x%T\257\037\333\004\344_/R\006E\344\037@\210\363\010\336T\226\247'\204_{\261\370""1\235\2445\343\033Y!\212\201\341\272\225'\007r8\336\360\024W\355\260\007\367\203G'\241\347\211\020\226\313Q\332\324\344\0359V\202M\035\021\357z\013\003""; }; requestCookie: 2; ","ledgerHash: ""\352&\324\337\230\212\265o\2035\250\303\2760\241\364^\002Z\031Z!\300\002\364\004\232\355\234\202\021\371""; ledgerSeq: 51; type: liBASE; nodes {;   nodedata: ""\000\000\0003\001cEx]\211\377\330\022`\210$\005\261rTx\343\226\224vC\2607.\025\213@~\312\227\000 o\232\016\376|a3\000\000\000\000\000\000\000\000\000\000\000\000\000\000\000\000\000\000\000\000\000\000\000\000\000\000\000\000\000\000\000\000\231[\273k_\365\335\244\350\336\001\200iF/\016\275\212u\205\304W\305\272\223\353\216\010\031\325A\223/\351\253K/\351\253L\n\000""; }; nodes {;   nodedata: ""\323C\344\327\264{\312-\017:\006{\177\344N\002\326bO\260\220\006\033\362\345\005U\221DzJ0\001\301\025%1L\307\t\261\262z\374\222T\301\274V\236\223\262\270Ct\362\337b\356\024*\324\320\351\317\002k\336\234\027v\351\217\260\303\360\233ZPZWr\246$w\313\313\r\243r\232\2234\373\3539:N\004Q\245\272D\312D\300\300\t\323\0257\345e\271\na\215{\226\255x%T\257\037\333\004\344_/R\006E\344\037@\210\363\010\336T\226\247'\204_{\261\370""1\235\2445\343\033Y!\212\201\341\272\225'\007r8\336\360\024W\355\260\007\367\203G'\241\347\211\020\226\313Q\332\324\344\0359V\202M\035\021\357z\013\003""; }; requestCookie: 2; "
1750527693531,1750527693531,0,1,3,0,TMLedgerData,"ledgerHash: ""\352&\324\337\230\212\265o\2035\250\303\2760\241\364^\002Z\031Z!\300\002\364\004\232\355\234\202\021\371""; ledgerSeq: 51; type: liBASE; nodes {;   nodedata: ""\000\000\0003\001cEx]\211\377\330\022`\210$\005\261rTx\343\226\224vC\2607.\025\213@~\312\227\000 o\232\016\376|a3\000\000\000\000\000\000\000\000\000\000\000\000\000\000\000\000\000\000\000\000\000\000\000\000\000\000\000\000\000\000\000\000\231[\273k_\365\335\244\350\336\001\200iF/\016\275\212u\205\304W\305\272\223\353\216\010\031\325A\223/\351\253K/\351\253L\n\000""; }; nodes {;   nodedata: ""\323C\344\327\264{\312-\017:\006{\177\344N\002\326bO\260\220\006\033\362\345\005U\221DzJ0\001\301\025%1L\307\t\261\262z\374\222T\301\274V\236\223\262\270Ct\362\337b\356\024*\324\320\351\317\002k\336\234\027v\351\217\260\303\360\233ZPZWr\246$w\313\313\r\243r\232\2234\373\3539:N\004Q\245\272D\312D\300\300\t\323\0257\345e\271\na\215{\226\255x%T\257\037\333\004\344_/R\006E\344\037@\210\363\010\336T\226\247'\204_{\261\370""1\235\2445\343\033Y!\212\201\341\272\225'\007r8\336\360\024W\355\260\007\367\203G'\241\347\211\020\226\313Q\332\324\344\0359V\202M\035\021\357z\013\003""; }; ","ledgerHash: ""\352&\324\337\230\212\265o\2035\250\303\2760\241\364^\002Z\031Z!\300\002\364\004\232\355\234\202\021\371""; ledgerSeq: 51; type: liBASE; nodes {;   nodedata: ""\000\000\0003\001cEx]\211\377\330\022`\210$\005\261rTx\343\226\224vC\2607.\025\213@~\312\227\000 o\232\016\376|a3\000\000\000\000\000\000\000\000\000\000\000\000\000\000\000\000\000\000\000\000\000\000\000\000\000\000\000\000\000\000\000\000\231[\273k_\365\335\244\350\336\001\200iF/\016\275\212u\205\304W\305\272\223\353\216\010\031\325A\223/\351\253K/\351\253L\n\000""; }; nodes {;   nodedata: ""\323C\344\327\264{\312-\017:\006{\177\344N\002\326bO\260\220\006\033\362\345\005U\221DzJ0\001\301\025%1L\307\t\261\262z\374\222T\301\274V\236\223\262\270Ct\362\337b\356\024*\324\320\351\317\002k\336\234\027v\351\217\260\303\360\233ZPZWr\246$w\313\313\r\243r\232\2234\373\3539:N\004Q\245\272D\312D\300\300\t\323\0257\345e\271\na\215{\226\255x%T\257\037\333\004\344_/R\006E\344\037@\210\363\010\336T\226\247'\204_{\261\370""1\235\2445\343\033Y!\212\201\341\272\225'\007r8\336\360\024W\355\260\007\367\203G'\241\347\211\020\226\313Q\332\324\344\0359V\202M\035\021\357z\013\003""; }; "
1750527693532,1750527693532,0,1,3,0,TMLedgerData,"ledgerHash: ""\352&\324\337\230\212\265o\2035\250\303\2760\241\364^\002Z\031Z!\300\002\364\004\232\355\234\202\021\371""; ledgerSeq: 51; type: liBASE; nodes {;   nodedata: ""\000\000\0003\001cEx]\211\377\330\022`\210$\005\261rTx\343\226\224vC\2607.\025\213@~\312\227\000 o\232\016\376|a3\000\000\000\000\000\000\000\000\000\000\000\000\000\000\000\000\000\000\000\000\000\000\000\000\000\000\000\000\000\000\000\000\231[\273k_\365\335\244\350\336\001\200iF/\016\275\212u\205\304W\305\272\223\353\216\010\031\325A\223/\351\253K/\351\253L\n\000""; }; nodes {;   nodedata: ""\323C\344\327\264{\312-\017:\006{\177\344N\002\326bO\260\220\006\033\362\345\005U\221DzJ0\001\301\025%1L\307\t\261\262z\374\222T\301\274V\236\223\262\270Ct\362\337b\356\024*\324\320\351\317\002k\336\234\027v\351\217\260\303\360\233ZPZWr\246$w\313\313\r\243r\232\2234\373\3539:N\004Q\245\272D\312D\300\300\t\323\0257\345e\271\na\215{\226\255x%T\257\037\333\004\344_/R\006E\344\037@\210\363\010\336T\226\247'\204_{\261\370""1\235\2445\343\033Y!\212\201\341\272\225'\007r8\336\360\024W\355\260\007\367\203G'\241\347\211\020\226\313Q\332\324\344\0359V\202M\035\021\357z\013\003""; }; requestCookie: 5; ","ledgerHash: ""\352&\324\337\230\212\265o\2035\250\303\2760\241\364^\002Z\031Z!\300\002\364\004\232\355\234\202\021\371""; ledgerSeq: 51; type: liBASE; nodes {;   nodedata: ""\000\000\0003\001cEx]\211\377\330\022`\210$\005\261rTx\343\226\224vC\2607.\025\213@~\312\227\000 o\232\016\376|a3\000\000\000\000\000\000\000\000\000\000\000\000\000\000\000\000\000\000\000\000\000\000\000\000\000\000\000\000\000\000\000\000\231[\273k_\365\335\244\350\336\001\200iF/\016\275\212u\205\304W\305\272\223\353\216\010\031\325A\223/\351\253K/\351\253L\n\000""; }; nodes {;   nodedata: ""\323C\344\327\264{\312-\017:\006{\177\344N\002\326bO\260\220\006\033\362\345\005U\221DzJ0\001\301\025%1L\307\t\261\262z\374\222T\301\274V\236\223\262\270Ct\362\337b\356\024*\324\320\351\317\002k\336\234\027v\351\217\260\303\360\233ZPZWr\246$w\313\313\r\243r\232\2234\373\3539:N\004Q\245\272D\312D\300\300\t\323\0257\345e\271\na\215{\226\255x%T\257\037\333\004\344_/R\006E\344\037@\210\363\010\336T\226\247'\204_{\261\370""1\235\2445\343\033Y!\212\201\341\272\225'\007r8\336\360\024W\355\260\007\367\203G'\241\347\211\020\226\313Q\332\324\344\0359V\202M\035\021\357z\013\003""; }; requestCookie: 5; "
1750527693532,1750527693533,0,1,3,0,TMLedgerData,"ledgerHash: ""\352&\324\337\230\212\265o\2035\250\303\2760\241\364^\002Z\031Z!\300\002\364\004\232\355\234\202\021\371""; ledgerSeq: 51; type: liBASE; nodes {;   nodedata: ""\000\000\0003\001cEx]\211\377\330\022`\210$\005\261rTx\343\226\224vC\2607.\025\213@~\312\227\000 o\232\016\376|a3\000\000\000\000\000\000\000\000\000\000\000\000\000\000\000\000\000\000\000\000\000\000\000\000\000\000\000\000\000\000\000\000\231[\273k_\365\335\244\350\336\001\200iF/\016\275\212u\205\304W\305\272\223\353\216\010\031\325A\223/\351\253K/\351\253L\n\000""; }; nodes {;   nodedata: ""\323C\344\327\264{\312-\017:\006{\177\344N\002\326bO\260\220\006\033\362\345\005U\221DzJ0\001\301\025%1L\307\t\261\262z\374\222T\301\274V\236\223\262\270Ct\362\337b\356\024*\324\320\351\317\002k\336\234\027v\351\217\260\303\360\233ZPZWr\246$w\313\313\r\243r\232\2234\373\3539:N\004Q\245\272D\312D\300\300\t\323\0257\345e\271\na\215{\226\255x%T\257\037\333\004\344_/R\006E\344\037@\210\363\010\336T\226\247'\204_{\261\370""1\235\2445\343\033Y!\212\201\341\272\225'\007r8\336\360\024W\355\260\007\367\203G'\241\347\211\020\226\313Q\332\324\344\0359V\202M\035\021\357z\013\003""; }; requestCookie: 2; ","ledgerHash: ""\352&\324\337\230\212\265o\2035\250\303\2760\241\364^\002Z\031Z!\300\002\364\004\232\355\234\202\021\371""; ledgerSeq: 51; type: liBASE; nodes {;   nodedata: ""\000\000\0003\001cEx]\211\377\330\022`\210$\005\261rTx\343\226\224vC\2607.\025\213@~\312\227\000 o\232\016\376|a3\000\000\000\000\000\000\000\000\000\000\000\000\000\000\000\000\000\000\000\000\000\000\000\000\000\000\000\000\000\000\000\000\231[\273k_\365\335\244\350\336\001\200iF/\016\275\212u\205\304W\305\272\223\353\216\010\031\325A\223/\351\253K/\351\253L\n\000""; }; nodes {;   nodedata: ""\323C\344\327\264{\312-\017:\006{\177\344N\002\326bO\260\220\006\033\362\345\005U\221DzJ0\001\301\025%1L\307\t\261\262z\374\222T\301\274V\236\223\262\270Ct\362\337b\356\024*\324\320\351\317\002k\336\234\027v\351\217\260\303\360\233ZPZWr\246$w\313\313\r\243r\232\2234\373\3539:N\004Q\245\272D\312D\300\300\t\323\0257\345e\271\na\215{\226\255x%T\257\037\333\004\344_/R\006E\344\037@\210\363\010\336T\226\247'\204_{\261\370""1\235\2445\343\033Y!\212\201\341\272\225'\007r8\336\360\024W\355\260\007\367\203G'\241\347\211\020\226\313Q\332\324\344\0359V\202M\035\021\357z\013\003""; }; requestCookie: 2; "
1750527693533,1750527693533,0,1,2,3,TMGetLedger,"itype: liBASE; ledgerHash: ""\352&\324\337\230\212\265o\2035\250\303\2760\241\364^\002Z\031Z!\300\002\364\004\232\355\234\202\021\371""; ledgerSeq: 51; requestCookie: 2; queryType: qtINDIRECT; ","itype: liBASE; ledgerHash: ""\352&\324\337\230\212\265o\2035\250\303\2760\241\364^\002Z\031Z!\300\002\364\004\232\355\234\202\021\371""; ledgerSeq: 51; requestCookie: 2; queryType: qtINDIRECT; "
1750527693534,1750527693534,0,1,2,1,TMLedgerData,"ledgerHash: ""\352&\324\337\230\212\265o\2035\250\303\2760\241\364^\002Z\031Z!\300\002\364\004\232\355\234\202\021\371""; ledgerSeq: 51; type: liBASE; nodes {;   nodedata: ""\000\000\0003\001cEx]\211\377\330\022`\210$\005\261rTx\343\226\224vC\2607.\025\213@~\312\227\000 o\232\016\376|a3\000\000\000\000\000\000\000\000\000\000\000\000\000\000\000\000\000\000\000\000\000\000\000\000\000\000\000\000\000\000\000\000\231[\273k_\365\335\244\350\336\001\200iF/\016\275\212u\205\304W\305\272\223\353\216\010\031\325A\223/\351\253K/\351\253L\n\000""; }; nodes {;   nodedata: ""\323C\344\327\264{\312-\017:\006{\177\344N\002\326bO\260\220\006\033\362\345\005U\221DzJ0\001\301\025%1L\307\t\261\262z\374\222T\301\274V\236\223\262\270Ct\362\337b\356\024*\324\320\351\317\002k\336\234\027v\351\217\260\303\360\233ZPZWr\246$w\313\313\r\243r\232\2234\373\3539:N\004Q\245\272D\312D\300\300\t\323\0257\345e\271\na\215{\226\255x%T\257\037\333\004\344_/R\006E\344\037@\210\363\010\336T\226\247'\204_{\261\370""1\235\2445\343\033Y!\212\201\341\272\225'\007r8\336\360\024W\355\260\007\367\203G'\241\347\211\020\226\313Q\332\324\344\0359V\202M\035\021\357z\013\003""; }; ","ledgerHash: ""\352&\324\337\230\212\265o\2035\250\303\2760\241\364^\002Z\031Z!\300\002\364\004\232\355\234\202\021\371""; ledgerSeq: 51; type: liBASE; nodes {;   nodedata: ""\000\000\0003\001cEx]\211\377\330\022`\210$\005\261rTx\343\226\224vC\2607.\025\213@~\312\227\000 o\232\016\376|a3\000\000\000\000\000\000\000\000\000\000\000\000\000\000\000\000\000\000\000\000\000\000\000\000\000\000\000\000\000\000\000\000\231[\273k_\365\335\244\350\336\001\200iF/\016\275\212u\205\304W\305\272\223\353\216\010\031\325A\223/\351\253K/\351\253L\n\000""; }; nodes {;   nodedata: ""\323C\344\327\264{\312-\017:\006{\177\344N\002\326bO\260\220\006\033\362\345\005U\221DzJ0\001\301\025%1L\307\t\261\262z\374\222T\301\274V\236\223\262\270Ct\362\337b\356\024*\324\320\351\317\002k\336\234\027v\351\217\260\303\360\233ZPZWr\246$w\313\313\r\243r\232\2234\373\3539:N\004Q\245\272D\312D\300\300\t\323\0257\345e\271\na\215{\226\255x%T\257\037\333\004\344_/R\006E\344\037@\210\363\010\336T\226\247'\204_{\261\370""1\235\2445\343\033Y!\212\201\341\272\225'\007r8\336\360\024W\355\260\007\367\203G'\241\347\211\020\226\313Q\332\324\344\0359V\202M\035\021\357z\013\003""; }; "
1750527693535,1750527693535,0,1,2,4,TMLedgerData,"ledgerHash: ""\352&\324\337\230\212\265o\2035\250\303\2760\241\364^\002Z\031Z!\300\002\364\004\232\355\234\202\021\371""; ledgerSeq: 51; type: liBASE; nodes {;   nodedata: ""\000\000\0003\001cEx]\211\377\330\022`\210$\005\261rTx\343\226\224vC\2607.\025\213@~\312\227\000 o\232\016\376|a3\000\000\000\000\000\000\000\000\000\000\000\000\000\000\000\000\000\000\000\000\000\000\000\000\000\000\000\000\000\000\000\000\231[\273k_\365\335\244\350\336\001\200iF/\016\275\212u\205\304W\305\272\223\353\216\010\031\325A\223/\351\253K/\351\253L\n\000""; }; nodes {;   nodedata: ""\323C\344\327\264{\312-\017:\006{\177\344N\002\326bO\260\220\006\033\362\345\005U\221DzJ0\001\301\025%1L\307\t\261\262z\374\222T\301\274V\236\223\262\270Ct\362\337b\356\024*\324\320\351\317\002k\336\234\027v\351\217\260\303\360\233ZPZWr\246$w\313\313\r\243r\232\2234\373\3539:N\004Q\245\272D\312D\300\300\t\323\0257\345e\271\na\215{\226\255x%T\257\037\333\004\344_/R\006E\344\037@\210\363\010\336T\226\247'\204_{\261\370""1\235\2445\343\033Y!\212\201\341\272\225'\007r8\336\360\024W\355\260\007\367\203G'\241\347\211\020\226\313Q\332\324\344\0359V\202M\035\021\357z\013\003""; }; ","ledgerHash: ""\352&\324\337\230\212\265o\2035\250\303\2760\241\364^\002Z\031Z!\300\002\364\004\232\355\234\202\021\371""; ledgerSeq: 51; type: liBASE; nodes {;   nodedata: ""\000\000\0003\001cEx]\211\377\330\022`\210$\005\261rTx\343\226\224vC\2607.\025\213@~\312\227\000 o\232\016\376|a3\000\000\000\000\000\000\000\000\000\000\000\000\000\000\000\000\000\000\000\000\000\000\000\000\000\000\000\000\000\000\000\000\231[\273k_\365\335\244\350\336\001\200iF/\016\275\212u\205\304W\305\272\223\353\216\010\031\325A\223/\351\253K/\351\253L\n\000""; }; nodes {;   nodedata: ""\323C\344\327\264{\312-\017:\006{\177\344N\002\326bO\260\220\006\033\362\345\005U\221DzJ0\001\301\025%1L\307\t\261\262z\374\222T\301\274V\236\223\262\270Ct\362\337b\356\024*\324\320\351\317\002k\336\234\027v\351\217\260\303\360\233ZPZWr\246$w\313\313\r\243r\232\2234\373\3539:N\004Q\245\272D\312D\300\300\t\323\0257\345e\271\na\215{\226\255x%T\257\037\333\004\344_/R\006E\344\037@\210\363\010\336T\226\247'\204_{\261\370""1\235\2445\343\033Y!\212\201\341\272\225'\007r8\336\360\024W\355\260\007\367\203G'\241\347\211\020\226\313Q\332\324\344\0359V\202M\035\021\357z\013\003""; }; "
1750527693535,1750527693535,0,1,4,0,TMLedgerData,"ledgerHash: ""\352&\324\337\230\212\265o\2035\250\303\2760\241\364^\002Z\031Z!\300\002\364\004\232\355\234\202\021\371""; ledgerSeq: 51; type: liBASE; nodes {;   nodedata: ""\000\000\0003\001cEx]\211\377\330\022`\210$\005\261rTx\343\226\224vC\2607.\025\213@~\312\227\000 o\232\016\376|a3\000\000\000\000\000\000\000\000\000\000\000\000\000\000\000\000\000\000\000\000\000\000\000\000\000\000\000\000\000\000\000\000\231[\273k_\365\335\244\350\336\001\200iF/\016\275\212u\205\304W\305\272\223\353\216\010\031\325A\223/\351\253K/\351\253L\n\000""; }; nodes {;   nodedata: ""\323C\344\327\264{\312-\017:\006{\177\344N\002\326bO\260\220\006\033\362\345\005U\221DzJ0\001\301\025%1L\307\t\261\262z\374\222T\301\274V\236\223\262\270Ct\362\337b\356\024*\324\320\351\317\002k\336\234\027v\351\217\260\303\360\233ZPZWr\246$w\313\313\r\243r\232\2234\373\3539:N\004Q\245\272D\312D\300\300\t\323\0257\345e\271\na\215{\226\255x%T\257\037\333\004\344_/R\006E\344\037@\210\363\010\336T\226\247'\204_{\261\370""1\235\2445\343\033Y!\212\201\341\272\225'\007r8\336\360\024W\355\260\007\367\203G'\241\347\211\020\226\313Q\332\324\344\0359V\202M\035\021\357z\013\003""; }; ","ledgerHash: ""\352&\324\337\230\212\265o\2035\250\303\2760\241\364^\002Z\031Z!\300\002\364\004\232\355\234\202\021\371""; ledgerSeq: 51; type: liBASE; nodes {;   nodedata: ""\000\000\0003\001cEx]\211\377\330\022`\210$\005\261rTx\343\226\224vC\2607.\025\213@~\312\227\000 o\232\016\376|a3\000\000\000\000\000\000\000\000\000\000\000\000\000\000\000\000\000\000\000\000\000\000\000\000\000\000\000\000\000\000\000\000\231[\273k_\365\335\244\350\336\001\200iF/\016\275\212u\205\304W\305\272\223\353\216\010\031\325A\223/\351\253K/\351\253L\n\000""; }; nodes {;   nodedata: ""\323C\344\327\264{\312-\017:\006{\177\344N\002\326bO\260\220\006\033\362\345\005U\221DzJ0\001\301\025%1L\307\t\261\262z\374\222T\301\274V\236\223\262\270Ct\362\337b\356\024*\324\320\351\317\002k\336\234\027v\351\217\260\303\360\233ZPZWr\246$w\313\313\r\243r\232\2234\373\3539:N\004Q\245\272D\312D\300\300\t\323\0257\345e\271\na\215{\226\255x%T\257\037\333\004\344_/R\006E\344\037@\210\363\010\336T\226\247'\204_{\261\370""1\235\2445\343\033Y!\212\201\341\272\225'\007r8\336\360\024W\355\260\007\367\203G'\241\347\211\020\226\313Q\332\324\344\0359V\202M\035\021\357z\013\003""; }; "
1750527693536,1750527693536,0,1,4,1,TMLedgerData,"ledgerHash: ""\352&\324\337\230\212\265o\2035\250\303\2760\241\364^\002Z\031Z!\300\002\364\004\232\355\234\202\021\371""; ledgerSeq: 51; type: liBASE; nodes {;   nodedata: ""\000\000\0003\001cEx]\211\377\330\022`\210$\005\261rTx\343\226\224vC\2607.\025\213@~\312\227\000 o\232\016\376|a3\000\000\000\000\000\000\000\000\000\000\000\000\000\000\000\000\000\000\000\000\000\000\000\000\000\000\000\000\000\000\000\000\231[\273k_\365\335\244\350\336\001\200iF/\016\275\212u\205\304W\305\272\223\353\216\010\031\325A\223/\351\253K/\351\253L\n\000""; }; nodes {;   nodedata: ""\323C\344\327\264{\312-\017:\006{\177\344N\002\326bO\260\220\006\033\362\345\005U\221DzJ0\001\301\025%1L\307\t\261\262z\374\222T\301\274V\236\223\262\270Ct\362\337b\356\024*\324\320\351\317\002k\336\234\027v\351\217\260\303\360\233ZPZWr\246$w\313\313\r\243r\232\2234\373\3539:N\004Q\245\272D\312D\300\300\t\323\0257\345e\271\na\215{\226\255x%T\257\037\333\004\344_/R\006E\344\037@\210\363\010\336T\226\247'\204_{\261\370""1\235\2445\343\033Y!\212\201\341\272\225'\007r8\336\360\024W\355\260\007\367\203G'\241\347\211\020\226\313Q\332\324\344\0359V\202M\035\021\357z\013\003""; }; ","ledgerHash: ""\352&\324\337\230\212\265o\2035\250\303\2760\241\364^\002Z\031Z!\300\002\364\004\232\355\234\202\021\371""; ledgerSeq: 51; type: liBASE; nodes {;   nodedata: ""\000\000\0003\001cEx]\211\377\330\022`\210$\005\261rTx\343\226\224vC\2607.\025\213@~\312\227\000 o\232\016\376|a3\000\000\000\000\000\000\000\000\000\000\000\000\000\000\000\000\000\000\000\000\000\000\000\000\000\000\000\000\000\000\000\000\231[\273k_\365\335\244\350\336\001\200iF/\016\275\212u\205\304W\305\272\223\353\216\010\031\325A\223/\351\253K/\351\253L\n\000""; }; nodes {;   nodedata: ""\323C\344\327\264{\312-\017:\006{\177\344N\002\326bO\260\220\006\033\362\345\005U\221DzJ0\001\301\025%1L\307\t\261\262z\374\222T\301\274V\236\223\262\270Ct\362\337b\356\024*\324\320\351\317\002k\336\234\027v\351\217\260\303\360\233ZPZWr\246$w\313\313\r\243r\232\2234\373\3539:N\004Q\245\272D\312D\300\300\t\323\0257\345e\271\na\215{\226\255x%T\257\037\333\004\344_/R\006E\344\037@\210\363\010\336T\226\247'\204_{\261\370""1\235\2445\343\033Y!\212\201\341\272\225'\007r8\336\360\024W\355\260\007\367\203G'\241\347\211\020\226\313Q\332\324\344\0359V\202M\035\021\357z\013\003""; }; "
1750527693537,1750527693537,0,1,1,2,TMLedgerData,"ledgerHash: ""\352&\324\337\230\212\265o\2035\250\303\2760\241\364^\002Z\031Z!\300\002\364\004\232\355\234\202\021\371""; ledgerSeq: 51; type: liBASE; nodes {;   nodedata: ""\000\000\0003\001cEx]\211\377\330\022`\210$\005\261rTx\343\226\224vC\2607.\025\213@~\312\227\000 o\232\016\376|a3\000\000\000\000\000\000\000\000\000\000\000\000\000\000\000\000\000\000\000\000\000\000\000\000\000\000\000\000\000\000\000\000\231[\273k_\365\335\244\350\336\001\200iF/\016\275\212u\205\304W\305\272\223\353\216\010\031\325A\223/\351\253K/\351\253L\n\000""; }; nodes {;   nodedata: ""\323C\344\327\264{\312-\017:\006{\177\344N\002\326bO\260\220\006\033\362\345\005U\221DzJ0\001\301\025%1L\307\t\261\262z\374\222T\301\274V\236\223\262\270Ct\362\337b\356\024*\324\320\351\317\002k\336\234\027v\351\217\260\303\360\233ZPZWr\246$w\313\313\r\243r\232\2234\373\3539:N\004Q\245\272D\312D\300\300\t\323\0257\345e\271\na\215{\226\255x%T\257\037\333\004\344_/R\006E\344\037@\210\363\010\336T\226\247'\204_{\261\370""1\235\2445\343\033Y!\212\201\341\272\225'\007r8\336\360\024W\355\260\007\367\203G'\241\347\211\020\226\313Q\332\324\344\0359V\202M\035\021\357z\013\003""; }; ","ledgerHash: ""\352&\324\337\230\212\265o\2035\250\303\2760\241\364^\002Z\031Z!\300\002\364\004\232\355\234\202\021\371""; ledgerSeq: 51; type: liBASE; nodes {;   nodedata: ""\000\000\0003\001cEx]\211\377\330\022`\210$\005\261rTx\343\226\224vC\2607.\025\213@~\312\227\000 o\232\016\376|a3\000\000\000\000\000\000\000\000\000\000\000\000\000\000\000\000\000\000\000\000\000\000\000\000\000\000\000\000\000\000\000\000\231[\273k_\365\335\244\350\336\001\200iF/\016\275\212u\205\304W\305\272\223\353\216\010\031\325A\223/\351\253K/\351\253L\n\000""; }; nodes {;   nodedata: ""\323C\344\327\264{\312-\017:\006{\177\344N\002\326bO\260\220\006\033\362\345\005U\221DzJ0\001\301\025%1L\307\t\261\262z\374\222T\301\274V\236\223\262\270Ct\362\337b\356\024*\324\320\351\317\002k\336\234\027v\351\217\260\303\360\233ZPZWr\246$w\313\313\r\243r\232\2234\373\3539:N\004Q\245\272D\312D\300\300\t\323\0257\345e\271\na\215{\226\255x%T\257\037\333\004\344_/R\006E\344\037@\210\363\010\336T\226\247'\204_{\261\370""1\235\2445\343\033Y!\212\201\341\272\225'\007r8\336\360\024W\355\260\007\367\203G'\241\347\211\020\226\313Q\332\324\344\0359V\202M\035\021\357z\013\003""; }; "
1750527693538,1750527693538,0,1,1,0,TMLedgerData,"ledgerHash: ""\352&\324\337\230\212\265o\2035\250\303\2760\241\364^\002Z\031Z!\300\002\364\004\232\355\234\202\021\371""; ledgerSeq: 51; type: liBASE; nodes {;   nodedata: ""\000\000\0003\001cEx]\211\377\330\022`\210$\005\261rTx\343\226\224vC\2607.\025\213@~\312\227\000 o\232\016\376|a3\000\000\000\000\000\000\000\000\000\000\000\000\000\000\000\000\000\000\000\000\000\000\000\000\000\000\000\000\000\000\000\000\231[\273k_\365\335\244\350\336\001\200iF/\016\275\212u\205\304W\305\272\223\353\216\010\031\325A\223/\351\253K/\351\253L\n\000""; }; nodes {;   nodedata: ""\323C\344\327\264{\312-\017:\006{\177\344N\002\326bO\260\220\006\033\362\345\005U\221DzJ0\001\301\025%1L\307\t\261\262z\374\222T\301\274V\236\223\262\270Ct\362\337b\356\024*\324\320\351\317\002k\336\234\027v\351\217\260\303\360\233ZPZWr\246$w\313\313\r\243r\232\2234\373\3539:N\004Q\245\272D\312D\300\300\t\323\0257\345e\271\na\215{\226\255x%T\257\037\333\004\344_/R\006E\344\037@\210\363\010\336T\226\247'\204_{\261\370""1\235\2445\343\033Y!\212\201\341\272\225'\007r8\336\360\024W\355\260\007\367\203G'\241\347\211\020\226\313Q\332\324\344\0359V\202M\035\021\357z\013\003""; }; ","ledgerHash: ""\352&\324\337\230\212\265o\2035\250\303\2760\241\364^\002Z\031Z!\300\002\364\004\232\355\234\202\021\371""; ledgerSeq: 51; type: liBASE; nodes {;   nodedata: ""\000\000\0003\001cEx]\211\377\330\022`\210$\005\261rTx\343\226\224vC\2607.\025\213@~\312\227\000 o\232\016\376|a3\000\000\000\000\000\000\000\000\000\000\000\000\000\000\000\000\000\000\000\000\000\000\000\000\000\000\000\000\000\000\000\000\231[\273k_\365\335\244\350\336\001\200iF/\016\275\212u\205\304W\305\272\223\353\216\010\031\325A\223/\351\253K/\351\253L\n\000""; }; nodes {;   nodedata: ""\323C\344\327\264{\312-\017:\006{\177\344N\002\326bO\260\220\006\033\362\345\005U\221DzJ0\001\301\025%1L\307\t\261\262z\374\222T\301\274V\236\223\262\270Ct\362\337b\356\024*\324\320\351\317\002k\336\234\027v\351\217\260\303\360\233ZPZWr\246$w\313\313\r\243r\232\2234\373\3539:N\004Q\245\272D\312D\300\300\t\323\0257\345e\271\na\215{\226\255x%T\257\037\333\004\344_/R\006E\344\037@\210\363\010\336T\226\247'\204_{\261\370""1\235\2445\343\033Y!\212\201\341\272\225'\007r8\336\360\024W\355\260\007\367\203G'\241\347\211\020\226\313Q\332\324\344\0359V\202M\035\021\357z\013\003""; }; "
1750527693541,1750527693541,0,1,0,3,TMGetLedger,"itype: liAS_NODE; ledgerHash: ""\352&\324\337\230\212\265o\2035\250\303\2760\241\364^\002Z\031Z!\300\002\364\004\232\355\234\202\021\371""; ledgerSeq: 51; nodeIDs: ""\260\000\000\000\000\000\000\000\000\000\000\000\000\000\000\000\000\000\000\000\000\000\000\000\000\000\000\000\000\000\000\000\001""; queryType: qtINDIRECT; queryDepth: 1; ","itype: liAS_NODE; ledgerHash: ""\352&\324\337\230\212\265o\2035\250\303\2760\241\364^\002Z\031Z!\300\002\364\004\232\355\234\202\021\371""; ledgerSeq: 51; nodeIDs: ""\260\000\000\000\000\000\000\000\000\000\000\000\000\000\000\000\000\000\000\000\000\000\000\000\000\000\000\000\000\000\000\000\001""; queryType: qtINDIRECT; queryDepth: 1; "
1750527693541,1750527693541,0,1,0,4,TMLedgerData,"ledgerHash: ""\352&\324\337\230\212\265o\2035\250\303\2760\241\364^\002Z\031Z!\300\002\364\004\232\355\234\202\021\371""; ledgerSeq: 51; type: liBASE; nodes {;   nodedata: ""\000\000\0003\001cEx]\211\377\330\022`\210$\005\261rTx\343\226\224vC\2607.\025\213@~\312\227\000 o\232\016\376|a3\000\000\000\000\000\000\000\000\000\000\000\000\000\000\000\000\000\000\000\000\000\000\000\000\000\000\000\000\000\000\000\000\231[\273k_\365\335\244\350\336\001\200iF/\016\275\212u\205\304W\305\272\223\353\216\010\031\325A\223/\351\253K/\351\253L\n\000""; }; nodes {;   nodedata: ""\323C\344\327\264{\312-\017:\006{\177\344N\002\326bO\260\220\006\033\362\345\005U\221DzJ0\001\301\025%1L\307\t\261\262z\374\222T\301\274V\236\223\262\270Ct\362\337b\356\024*\324\320\351\317\002k\336\234\027v\351\217\260\303\360\233ZPZWr\246$w\313\313\r\243r\232\2234\373\3539:N\004Q\245\272D\312D\300\300\t\323\0257\345e\271\na\215{\226\255x%T\257\037\333\004\344_/R\006E\344\037@\210\363\010\336T\226\247'\204_{\261\370""1\235\2445\343\033Y!\212\201\341\272\225'\007r8\336\360\024W\355\260\007\367\203G'\241\347\211\020\226\313Q\332\324\344\0359V\202M\035\021\357z\013\003""; }; ","ledgerHash: ""\352&\324\337\230\212\265o\2035\250\303\2760\241\364^\002Z\031Z!\300\002\364\004\232\355\234\202\021\371""; ledgerSeq: 51; type: liBASE; nodes {;   nodedata: ""\000\000\0003\001cEx]\211\377\330\022`\210$\005\261rTx\343\226\224vC\2607.\025\213@~\312\227\000 o\232\016\376|a3\000\000\000\000\000\000\000\000\000\000\000\000\000\000\000\000\000\000\000\000\000\000\000\000\000\000\000\000\000\000\000\000\231[\273k_\365\335\244\350\336\001\200iF/\016\275\212u\205\304W\305\272\223\353\216\010\031\325A\223/\351\253K/\351\253L\n\000""; }; nodes {;   nodedata: ""\323C\344\327\264{\312-\017:\006{\177\344N\002\326bO\260\220\006\033\362\345\005U\221DzJ0\001\301\025%1L\307\t\261\262z\374\222T\301\274V\236\223\262\270Ct\362\337b\356\024*\324\320\351\317\002k\336\234\027v\351\217\260\303\360\233ZPZWr\246$w\313\313\r\243r\232\2234\373\3539:N\004Q\245\272D\312D\300\300\t\323\0257\345e\271\na\215{\226\255x%T\257\037\333\004\344_/R\006E\344\037@\210\363\010\336T\226\247'\204_{\261\370""1\235\2445\343\033Y!\212\201\341\272\225'\007r8\336\360\024W\355\260\007\367\203G'\241\347\211\020\226\313Q\332\324\344\0359V\202M\035\021\357z\013\003""; }; "
1750527693542,1750527693542,0,1,0,3,TMGetLedger,"itype: liBASE; ledgerHash: ""\352&\324\337\230\212\265o\2035\250\303\2760\241\364^\002Z\031Z!\300\002\364\004\232\355\234\202\021\371""; ledgerSeq: 51; requestCookie: 3; queryType: qtINDIRECT; ","itype: liBASE; ledgerHash: ""\352&\324\337\230\212\265o\2035\250\303\2760\241\364^\002Z\031Z!\300\002\364\004\232\355\234\202\021\371""; ledgerSeq: 51; requestCookie: 3; queryType: qtINDIRECT; "
1750527693544,1750527693544,0,1,3,2,TMLedgerData,"ledgerHash: ""\352&\324\337\230\212\265o\2035\250\303\2760\241\364^\002Z\031Z!\300\002\364\004\232\355\234\202\021\371""; ledgerSeq: 51; type: liBASE; nodes {;   nodedata: ""\000\000\0003\001cEx]\211\377\330\022`\210$\005\261rTx\343\226\224vC\2607.\025\213@~\312\227\000 o\232\016\376|a3\000\000\000\000\000\000\000\000\000\000\000\000\000\000\000\000\000\000\000\000\000\000\000\000\000\000\000\000\000\000\000\000\231[\273k_\365\335\244\350\336\001\200iF/\016\275\212u\205\304W\305\272\223\353\216\010\031\325A\223/\351\253K/\351\253L\n\000""; }; nodes {;   nodedata: ""\323C\344\327\264{\312-\017:\006{\177\344N\002\326bO\260\220\006\033\362\345\005U\221DzJ0\001\301\025%1L\307\t\261\262z\374\222T\301\274V\236\223\262\270Ct\362\337b\356\024*\324\320\351\317\002k\336\234\027v\351\217\260\303\360\233ZPZWr\246$w\313\313\r\243r\232\2234\373\3539:N\004Q\245\272D\312D\300\300\t\323\0257\345e\271\na\215{\226\255x%T\257\037\333\004\344_/R\006E\344\037@\210\363\010\336T\226\247'\204_{\261\370""1\235\2445\343\033Y!\212\201\341\272\225'\007r8\336\360\024W\355\260\007\367\203G'\241\347\211\020\226\313Q\332\324\344\0359V\202M\035\021\357z\013\003""; }; requestCookie: 2; ","ledgerHash: ""\352&\324\337\230\212\265o\2035\250\303\2760\241\364^\002Z\031Z!\300\002\364\004\232\355\234\202\021\371""; ledgerSeq: 51; type: liBASE; nodes {;   nodedata: ""\000\000\0003\001cEx]\211\377\330\022`\210$\005\261rTx\343\226\224vC\2607.\025\213@~\312\227\000 o\232\016\376|a3\000\000\000\000\000\000\000\000\000\000\000\000\000\000\000\000\000\000\000\000\000\000\000\000\000\000\000\000\000\000\000\000\231[\273k_\365\335\244\350\336\001\200iF/\016\275\212u\205\304W\305\272\223\353\216\010\031\325A\223/\351\253K/\351\253L\n\000""; }; nodes {;   nodedata: ""\323C\344\327\264{\312-\017:\006{\177\344N\002\326bO\260\220\006\033\362\345\005U\221DzJ0\001\301\025%1L\307\t\261\262z\374\222T\301\274V\236\223\262\270Ct\362\337b\356\024*\324\320\351\317\002k\336\234\027v\351\217\260\303\360\233ZPZWr\246$w\313\313\r\243r\232\2234\373\3539:N\004Q\245\272D\312D\300\300\t\323\0257\345e\271\na\215{\226\255x%T\257\037\333\004\344_/R\006E\344\037@\210\363\010\336T\226\247'\204_{\261\370""1\235\2445\343\033Y!\212\201\341\272\225'\007r8\336\360\024W\355\260\007\367\203G'\241\347\211\020\226\313Q\332\324\344\0359V\202M\035\021\357z\013\003""; }; requestCookie: 2; "
1750527693544,1750527693544,0,1,0,1,TMLedgerData,"ledgerHash: ""\352&\324\337\230\212\265o\2035\250\303\2760\241\364^\002Z\031Z!\300\002\364\004\232\355\234\202\021\371""; ledgerSeq: 51; type: liBASE; nodes {;   nodedata: ""\000\000\0003\001cEx]\211\377\330\022`\210$\005\261rTx\343\226\224vC\2607.\025\213@~\312\227\000 o\232\016\376|a3\000\000\000\000\000\000\000\000\000\000\000\000\000\000\000\000\000\000\000\000\000\000\000\000\000\000\000\000\000\000\000\000\231[\273k_\365\335\244\350\336\001\200iF/\016\275\212u\205\304W\305\272\223\353\216\010\031\325A\223/\351\253K/\351\253L\n\000""; }; nodes {;   nodedata: ""\323C\344\327\264{\312-\017:\006{\177\344N\002\326bO\260\220\006\033\362\345\005U\221DzJ0\001\301\025%1L\307\t\261\262z\374\222T\301\274V\236\223\262\270Ct\362\337b\356\024*\324\320\351\317\002k\336\234\027v\351\217\260\303\360\233ZPZWr\246$w\313\313\r\243r\232\2234\373\3539:N\004Q\245\272D\312D\300\300\t\323\0257\345e\271\na\215{\226\255x%T\257\037\333\004\344_/R\006E\344\037@\210\363\010\336T\226\247'\204_{\261\370""1\235\2445\343\033Y!\212\201\341\272\225'\007r8\336\360\024W\355\260\007\367\203G'\241\347\211\020\226\313Q\332\324\344\0359V\202M\035\021\357z\013\003""; }; ","ledgerHash: ""\352&\324\337\230\212\265o\2035\250\303\2760\241\364^\002Z\031Z!\300\002\364\004\232\355\234\202\021\371""; ledgerSeq: 51; type: liBASE; nodes {;   nodedata: ""\000\000\0003\001cEx]\211\377\330\022`\210$\005\261rTx\343\226\224vC\2607.\025\213@~\312\227\000 o\232\016\376|a3\000\000\000\000\000\000\000\000\000\000\000\000\000\000\000\000\000\000\000\000\000\000\000\000\000\000\000\000\000\000\000\000\231[\273k_\365\335\244\350\336\001\200iF/\016\275\212u\205\304W\305\272\223\353\216\010\031\325A\223/\351\253K/\351\253L\n\000""; }; nodes {;   nodedata: ""\323C\344\327\264{\312-\017:\006{\177\344N\002\326bO\260\220\006\033\362\345\005U\221DzJ0\001\301\025%1L\307\t\261\262z\374\222T\301\274V\236\223\262\270Ct\362\337b\356\024*\324\320\351\317\002k\336\234\027v\351\217\260\303\360\233ZPZWr\246$w\313\313\r\243r\232\2234\373\3539:N\004Q\245\272D\312D\300\300\t\323\0257\345e\271\na\215{\226\255x%T\257\037\333\004\344_/R\006E\344\037@\210\363\010\336T\226\247'\204_{\261\370""1\235\2445\343\033Y!\212\201\341\272\225'\007r8\336\360\024W\355\260\007\367\203G'\241\347\211\020\226\313Q\332\324\344\0359V\202M\035\021\357z\013\003""; }; "
1750527693547,1750527693548,0,1,3,0,TMLedgerData,"ledgerHash: ""\352&\324\337\230\212\265o\2035\250\303\2760\241\364^\002Z\031Z!\300\002\364\004\232\355\234\202\021\371""; ledgerSeq: 51; type: liAS_NODE; nodes {;   nodedata: ""\021\000h""\000\000\000\000 \033\000\000\0002\002\023\306\237\330\356GuH\375\327!\255\371\r\231\262R\256J\034\222\241\355X\265E\241^W\225\304\014\361CX-}\351f\032\255\274\334m\326c\017\014ao[\342\230\003\245\245\3341Hm\326^\017jy\335\261\032Yt\320\244{g\0306\\302\303*\341\215\223\257\364\277o\375\000r\241SOq\221\253\262\005\017\375T\356\014\360o'\030\311-\267\031\257!\031T\006><\315XM\334\324\345\034\000\325\367\240\271\013\265\024\321\362\354\211\250.\234s\225amc\305\035\366\276\037nD\277`\210\223N\3535\033\261\304f\331]\036\237\306o!\223\221\002\324\031\262\240R\177 ,\214\325\Q])\016\2067\277\t\354\010\000\360\215\2502\265\245\310\226\243c\302Ze\306\253#r\020\211\320iG\276\020E\317\035Sf\223F\254\033@\177e\277\016\010u\327\371&\262\312\317Q\2361t\377x\234\001v\003%\030\325_\225g\204\346a=\225\273\331\354\365*U\363\263N\367b\371\244\314-w\363\262\225Z\200\206\235\233\257?sE\2674\254\326mU\377?\177Ek\336\030!\316Aa\225\303\022\377{\210Y\226\271as\354L\035\004\341\361\035\301\024\220m#*\372\032\3178~\374\250\014*\323\342'z69\220\327\256\351G\367\317u\302\207\270b\315\333\333\334\310I\323&\014\352XZnW2.\335\347\202\021\247\362\212e\034\000\001\250\220\305;a\314\265R\310\017\317\331\235\360\262\240:\277\202\266\354\265X""\022\nh\252\352w\204\203\023]\001f\352\277\0031Q]\362\370R\350{\261\202\240\344\215\201\353\276\322p5p\350\354\017>\250r\241c\273\016\301\024\363\242\247\263\231\370\344\nBW\220K\316@3\243\200\036wk\253GSlU\010\360\231>\331\263H\214\324\030A\225\301o\346pkSF\004\241\213w9\223=\250\262*+\255\351r\265\244c\024\213\t\007`\223\325#\3477\210\345P\306\013\320\252[\0216+\227=`\371P\314\346 V7\271[~\n\237\274|\347\352@K\253~&\260\032\024\004B\200\255h\351\013\361\031:nG\211\005|\2003\266\274\251,W\006u\344\335d\003\306\212\313,\340\350bG\n\030Z\2732-\246\312\255\030\003\235207\005}D\260\0261ah\322M\304\216\273m0\271\234\237\007<w$\265C\245\232\033\023\313c\321B\032l\301h\005\320\252\301\361(\330[\343\357\343{\235\n\266g\272>\177\317\347\261qb&\270&\346ju\200\363N\320\307\004\034\001n\317\361\2653\254\2503\247\305\372\316W\022O\253x\250\025\373\247\354Tc\304\263\243^\352Gv\\264\261\r\035\226\306\2411\351\233\203\215\200$\231\300f\220\371c@\017\254\363\\371\340\340VaR\205~^\226\342t\360\022\204d\231\205)\272\364?\361!\334\331\315\254\230\rBG\314\023\246\244=\351\177\254\302b&\276+H;0\312\021&\275\036\237\350R\313\206R\331\304k\323u\263t\221\213yC\241\217A\242\027g\322\241'\212.E?B_\316\327\217J +\370\t^b\005\020\003\211\373\247|hC\271Nmk~J\270EU\274\036-\347\240\312FA\321\341bca\253\025\321\311\317\021\375\317\217\n\272\033o\353G>\275\361H\265\240\232um""\317\324`\214\221\314\000\211K\223+(""\200i \311\372g\254\343ZR0\224\275q\252\357\213\263\206N\357&Q\217\267\303\356I\236\357\264\311b\037\366\035\253\343\311\265\240\327q\206f\262ODi\215-\363>\034\236l\273\005G\316F\217}[\036\007\270:\260\335\271B\241N\345\330\204\327f\361\272Kb\0377p\334\264\237\177~\330]\252+:\317u\302h\n\351\n\364\231\277R\371\356\033y\265v\360Ny\246\332qY\262\231\251\n\305\334\202\305\362\n\367@k\231\016R:\327\242\366\242\253LZY\223$Gw^\203\302\311\316I7\371tTwp}\005|\372\214\251{R`\230V\244-\326I\351\255\325i\335\377\321\353\327\331\302\023\347y\016\263\271\317\306\017UV\314qu?\0064A\315{3D\010\016S\212\2353k0\361\214ID\303g\277\010Y_\001~\021\333\370\255\374\\331\306\255\336)\365Rth\024\t\300.M\315\321S\257\224\252\362\326P\316\303%nX\3742\333\036\004Y\264yG^\234\177\214\305q\237\274G\300a4\275\240s\215\222\210\016\020G\344=-:GK\312\035\271\201\350\376F\260G\347\000\235\365P6pmH\033\373\212c\377o\232\356\320D\002\277,]os{\354/?\312e\006wda\001\023\375\316\025\254\321\244\370+Y`\220\270\254\2601E[FI\310\235<qI \356\032v%\001\230\016\203\200\251UD\347\304\373\034\211\340@\342\033\263\365\356\341\357\350\324\035J\032\177\230\207\220\303+\207\352g\317N\027>\222M\271m\033\236\021:\272\233r\373\233hC}\256\020\210\010\233\335\025[ d(\343\263\327\177\030\246\254H\277\254E\231\006\033_lB\210\264\334Y\322\314\362\320L\000Q\240\317\3502\006,|\364\004\275\034\006\337\370""\330\364\202\314\315\311?\030\260\361u)\336\202\265Y\177X\227$\245tCB\345\314d\231A\300\204\371KJ\036\321\330\014]""EN\266$]\331\226c\351\312\376z\254\214\206B\274&M\032\376v\266\3104u)\r\312\021\273\030jJH\215G4\367fQ;\255\3404\372\225\341L\224\242\200VY\220\355\020\353I\n\363\266\036\311\003OR\250""\032\230\021]+$\302\005\224\270\033E\r\312\315}\200\2505\216\221\301\341\035[\247\325\236M^\360a\267\356\267\247]\357\236\n\207}P\2654\026`\256u\276\r&\026K\315a\3337\216.\240\362\263\327]\372\325\037\006\345\236\265\343\337g\271\317\315\374\3357gX\036\024'\357<$\322\323$\375\346&^\361\0009\022`\210$\005\261rTx\343\226\224vC\2607.\025\213@~\312\227\000 o\232\016\376|a3\264\227\2326\315\307\363\323\325\303\032N\256*\307\327 \235\332\207u\210\271\257\306g\231i*\260\326k\001"";   nodeid: ""\260\000\000\000\000\000\000\000\000\000\000\000\000\000\000\000\000\000\000\000\000\000\000\000\000\000\000\000\000\000\000\000\001""; }; ","ledgerHash: ""\352&\324\337\230\212\265o\2035\250\303\2760\241\364^\002Z\031Z!\300\002\364\004\232\355\234\202\021\371""; ledgerSeq: 51; type: liAS_NODE; nodes {;   nodedata: ""\021\000h""\000\000\000\000 \033\000\000\0002\002\023\306\237\330\356GuH\375\327!\255\371\r\231\262R\256J\034\222\241\355X\265E\241^W\225\304\014\361CX-}\351f\032\255\274\334m\326c\017\014ao[\342\230\003\245\245\3341Hm\326^\017jy\335\261\032Yt\320\244{g\0306\\302\303*\341\215\223\257\364\277o\375\000r\241SOq\221\253\262\005\017\375T\356\014\360o'\030\311-\267\031\257!\031T\006><\315XM\334\324\345\034\000\325\367\240\271\013\265\024\321\362\354\211\250.\234s\225amc\305\035\366\276\037nD\277`\210\223N\3535\033\261\304f\331]\036\237\306o!\223\221\002\324\031\262\240R\177 ,\214\325\Q])\016\2067\277\t\354\010\000\360\215\2502\265\245\310\226\243c\302Ze\306\253#r\020\211\320iG\276\020E\317\035Sf\223F\254\033@\177e\277\016\010u\327\371&\262\312\317Q\2361t\377x\234\001v\003%\030\325_\225g\204\346a=\225\273\331\354\365*U\363\263N\367b\371\244\314-w\363\262\225Z\200\206\235\233\257?sE\2674\254\326mU\377?\177Ek\336\030!\316Aa\225\303\022\377{\210Y\226\271as\354L\035\004\341\361\035\301\024\220m#*\372\032\3178~\374\250\014*\323\342'z69\220\327\256\351G\367\317u\302\207\270b\315\333\333\334\310I\323&\014\352XZnW2.\335\347\202\021\247\362\212e\034\000\001\250\220\305;a\314\265R\310\017\317\331\235\360\262\240:\277\202\266\354\265X""\022\nh\252\352w\204\203\023]\001f\352\277\0031Q]\362\370R\350{\261\202\240\344\215\201\353\276\322p5p\350\354\017>\250r\241c\273\016\301\024\363\242\247\263\231\370\344\nBW\220K\316@3\243\200\036wk\253GSlU\010\360\231>\331\263H\214\324\030A\225\301o\346pkSF\004\241\213w9\223=\250\262*+\255\351r\265\244c\024\213\t\007`\223\325#\3477\210\345P\306\013\320\252[\0216+\227=`\371P\314\346 V7\271[~\n\237\274|\347\352@K\253~&\260\032\024\004B\200\255h\351\013\361\031:nG\211\005|\2003\266\274\251,W\006u\344\335d\003\306\212\313,\340\350bG\n\030Z\2732-\246\312\255\030\003\235207\005}D\260\0261ah\322M\304\216\273m0\271\234\237\007<w$\265C\245\232\033\023\313c\321B\032l\301h\005\320\252\301\361(\330[\343\357\343{\235\n\266g\272>\177\317\347\261qb&\270&\346ju\200\363N\320\307\004\034\001n\317\361\2653\254\2503\247\305\372\316W\022O\253x\250\025\373\247\354Tc\304\263\243^\352Gv\\264\261\r\035\226\306\2411\351\233\203\215\200$\231\300f\220\371c@\017\254\363\\371\340\340VaR\205~^\226\342t\360\022\204d\231\205)\272\364?\361!\334\331\315\254\230\rBG\314\023\246\244=\351\177\254\302b&\276+H;0\312\021&\275\036\237\350R\313\206R\331\304k\323u\263t\221\213yC\241\217A\242\027g\322\241'\212.E?B_\316\327\217J +\370\t^b\005\020\003\211\373\247|hC\271Nmk~J\270EU\274\036-\347\240\312FA\321\341bca\253\025\321\311\317\021\375\317\217\n\272\033o\353G>\275\361H\265\240\232um""\317\324`\214\221\314\000\211K\223+(""\200i \311\372g\254\343ZR0\224\275q\252\357\213\263\206N\357&Q\217\267\303\356I\236\357\264\311b\037\366\035\253\343\311\265\240\327q\206f\262ODi\215-\363>\034\236l\273\005G\316F\217}[\036\007\270:\260\335\271B\241N\345\330\204\327f\361\272Kb\0377p\334\264\237\177~\330]\252+:\317u\302h\n\351\n\364\231\277R\371\356\033y\265v\360Ny\246\332qY\262\231\251\n\305\334\202\305\362\n\367@k\231\016R:\327\242\366\242\253LZY\223$Gw^\203\302\311\316I7\371tTwp}\005|\372\214\251{R`\230V\244-\326I\351\255\325i\335\377\321\353\327\331\302\023\347y\016\263\271\317\306\017UV\314qu?\0064A\315{3D\010\016S\212\2353k0\361\214ID\303g\277\010Y_\001~\021\333\370\255\374\\331\306\255\336)\365Rth\024\t\300.M\315\321S\257\224\252\362\326P\316\303%nX\3742\333\036\004Y\264yG^\234\177\214\305q\237\274G\300a4\275\240s\215\222\210\016\020G\344=-:GK\312\035\271\201\350\376F\260G\347\000\235\365P6pmH\033\373\212c\377o\232\356\320D\002\277,]os{\354/?\312e\006wda\001\023\375\316\025\254\321\244\370+Y`\220\270\254\2601E[FI\310\235<qI \356\032v%\001\230\016\203\200\251UD\347\304\373\034\211\340@\342\033\263\365\356\341\357\350\324\035J\032\177\230\207\220\303+\207\352g\317N\027>\222M\271m\033\236\021:\272\233r\373\233hC}\256\020\210\010\233\335\025[ d(\343\263\327\177\030\246\254H\277\254E\231\006\033_lB\210\264\334Y\322\314\362\320L\000Q\240\317\3502\006,|\364\004\275\034\006\337\370""\330\364\202\314\315\311?\030\260\361u)\336\202\265Y\177X\227$\245tCB\345\314d\231A\300\204\371KJ\036\321\330\014]""EN\266$]\331\226c\351\312\376z\254\214\206B\274&M\032\376v\266\3104u)\r\312\021\273\030jJH\215G4\367fQ;\255\3404\372\225\341L\224\242\200VY\220\355\020\353I\n\363\266\036\311\003OR\250""\032\230\021]+$\302\005\224\270\033E\r\312\315}\200\2505\216\221\301\341\035[\247\325\236M^\360a\267\356\267\247]\357\236\n\207}P\2654\026`\256u\276\r&\026K\315a\3337\216.\240\362\263\327]\372\325\037\006\345\236\265\343\337g\271\317\315\374\3357gX\036\024'\357<$\322\323$\375\346&^\361\0009\022`\210$\005\261rTx\343\226\224vC\2607.\025\213@~\312\227\000 o\232\016\376|a3\264\227\2326\315\307\363\323\325\303\032N\256*\307\327 \235\332\207u\210\271\257\306g\231i*\260\326k\001"";   nodeid: ""\260\000\000\000\000\000\000\000\000\000\000\000\000\000\000\000\000\000\000\000\000\000\000\000\000\000\000\000\000\000\000\000\001""; }; "
1750527693550,1750527693550,0,1,3,0,TMLedgerData,"ledgerHash: ""\352&\324\337\230\212\265o\2035\250\303\2760\241\364^\002Z\031Z!\300\002\364\004\232\355\234\202\021\371""; ledgerSeq: 51; type: liBASE; nodes {;   nodedata: ""\000\000\0003\001cEx]\211\377\330\022`\210$\005\261rTx\343\226\224vC\2607.\025\213@~\312\227\000 o\232\016\376|a3\000\000\000\000\000\000\000\000\000\000\000\000\000\000\000\000\000\000\000\000\000\000\000\000\000\000\000\000\000\000\000\000\231[\273k_\365\335\244\350\336\001\200iF/\016\275\212u\205\304W\305\272\223\353\216\010\031\325A\223/\351\253K/\351\253L\n\000""; }; nodes {;   nodedata: ""\323C\344\327\264{\312-\017:\006{\177\344N\002\326bO\260\220\006\033\362\345\005U\221DzJ0\001\301\025%1L\307\t\261\262z\374\222T\301\274V\236\223\262\270Ct\362\337b\356\024*\324\320\351\317\002k\336\234\027v\351\217\260\303\360\233ZPZWr\246$w\313\313\r\243r\232\2234\373\3539:N\004Q\245\272D\312D\300\300\t\323\0257\345e\271\na\215{\226\255x%T\257\037\333\004\344_/R\006E\344\037@\210\363\010\336T\226\247'\204_{\261\370""1\235\2445\343\033Y!\212\201\341\272\225'\007r8\336\360\024W\355\260\007\367\203G'\241\347\211\020\226\313Q\332\324\344\0359V\202M\035\021\357z\013\003""; }; requestCookie: 3; ","ledgerHash: ""\352&\324\337\230\212\265o\2035\250\303\2760\241\364^\002Z\031Z!\300\002\364\004\232\355\234\202\021\371""; ledgerSeq: 51; type: liBASE; nodes {;   nodedata: ""\000\000\0003\001cEx]\211\377\330\022`\210$\005\261rTx\343\226\224vC\2607.\025\213@~\312\227\000 o\232\016\376|a3\000\000\000\000\000\000\000\000\000\000\000\000\000\000\000\000\000\000\000\000\000\000\000\000\000\000\000\000\000\000\000\000\231[\273k_\365\335\244\350\336\001\200iF/\016\275\212u\205\304W\305\272\223\353\216\010\031\325A\223/\351\253K/\351\253L\n\000""; }; nodes {;   nodedata: ""\323C\344\327\264{\312-\017:\006{\177\344N\002\326bO\260\220\006\033\362\345\005U\221DzJ0\001\301\025%1L\307\t\261\262z\374\222T\301\274V\236\223\262\270Ct\362\337b\356\024*\324\320\351\317\002k\336\234\027v\351\217\260\303\360\233ZPZWr\246$w\313\313\r\243r\232\2234\373\3539:N\004Q\245\272D\312D\300\300\t\323\0257\345e\271\na\215{\226\255x%T\257\037\333\004\344_/R\006E\344\037@\210\363\010\336T\226\247'\204_{\261\370""1\235\2445\343\033Y!\212\201\341\272\225'\007r8\336\360\024W\355\260\007\367\203G'\241\347\211\020\226\313Q\332\324\344\0359V\202M\035\021\357z\013\003""; }; requestCookie: 3; "
1750527693550,1750527693550,0,1,2,0,TMLedgerData,"ledgerHash: ""\352&\324\337\230\212\265o\2035\250\303\2760\241\364^\002Z\031Z!\300\002\364\004\232\355\234\202\021\371""; ledgerSeq: 51; type: liBASE; nodes {;   nodedata: ""\000\000\0003\001cEx]\211\377\330\022`\210$\005\261rTx\343\226\224vC\2607.\025\213@~\312\227\000 o\232\016\376|a3\000\000\000\000\000\000\000\000\000\000\000\000\000\000\000\000\000\000\000\000\000\000\000\000\000\000\000\000\000\000\000\000\231[\273k_\365\335\244\350\336\001\200iF/\016\275\212u\205\304W\305\272\223\353\216\010\031\325A\223/\351\253K/\351\253L\n\000""; }; nodes {;   nodedata: ""\323C\344\327\264{\312-\017:\006{\177\344N\002\326bO\260\220\006\033\362\345\005U\221DzJ0\001\301\025%1L\307\t\261\262z\374\222T\301\274V\236\223\262\270Ct\362\337b\356\024*\324\320\351\317\002k\336\234\027v\351\217\260\303\360\233ZPZWr\246$w\313\313\r\243r\232\2234\373\3539:N\004Q\245\272D\312D\300\300\t\323\0257\345e\271\na\215{\226\255x%T\257\037\333\004\344_/R\006E\344\037@\210\363\010\336T\226\247'\204_{\261\370""1\235\2445\343\033Y!\212\201\341\272\225'\007r8\336\360\024W\355\260\007\367\203G'\241\347\211\020\226\313Q\332\324\344\0359V\202M\035\021\357z\013\003""; }; ","ledgerHash: ""\352&\324\337\230\212\265o\2035\250\303\2760\241\364^\002Z\031Z!\300\002\364\004\232\355\234\202\021\371""; ledgerSeq: 51; type: liBASE; nodes {;   nodedata: ""\000\000\0003\001cEx]\211\377\330\022`\210$\005\261rTx\343\226\224vC\2607.\025\213@~\312\227\000 o\232\016\376|a3\000\000\000\000\000\000\000\000\000\000\000\000\000\000\000\000\000\000\000\000\000\000\000\000\000\000\000\000\000\000\000\000\231[\273k_\365\335\244\350\336\001\200iF/\016\275\212u\205\304W\305\272\223\353\216\010\031\325A\223/\351\253K/\351\253L\n\000""; }; nodes {;   nodedata: ""\323C\344\327\264{\312-\017:\006{\177\344N\002\326bO\260\220\006\033\362\345\005U\221DzJ0\001\301\025%1L\307\t\261\262z\374\222T\301\274V\236\223\262\270Ct\362\337b\356\024*\324\320\351\317\002k\336\234\027v\351\217\260\303\360\233ZPZWr\246$w\313\313\r\243r\232\2234\373\3539:N\004Q\245\272D\312D\300\300\t\323\0257\345e\271\na\215{\226\255x%T\257\037\333\004\344_/R\006E\344\037@\210\363\010\336T\226\247'\204_{\261\370""1\235\2445\343\033Y!\212\201\341\272\225'\007r8\336\360\024W\355\260\007\367\203G'\241\347\211\020\226\313Q\332\324\344\0359V\202M\035\021\357z\013\003""; }; "
1750527693551,1750527693551,0,1,0,2,TMLedgerData,"ledgerHash: ""\352&\324\337\230\212\265o\2035\250\303\2760\241\364^\002Z\031Z!\300\002\364\004\232\355\234\202\021\371""; ledgerSeq: 51; type: liBASE; nodes {;   nodedata: ""\000\000\0003\001cEx]\211\377\330\022`\210$\005\261rTx\343\226\224vC\2607.\025\213@~\312\227\000 o\232\016\376|a3\000\000\000\000\000\000\000\000\000\000\000\000\000\000\000\000\000\000\000\000\000\000\000\000\000\000\000\000\000\000\000\000\231[\273k_\365\335\244\350\336\001\200iF/\016\275\212u\205\304W\305\272\223\353\216\010\031\325A\223/\351\253K/\351\253L\n\000""; }; nodes {;   nodedata: ""\323C\344\327\264{\312-\017:\006{\177\344N\002\326bO\260\220\006\033\362\345\005U\221DzJ0\001\301\025%1L\307\t\261\262z\374\222T\301\274V\236\223\262\270Ct\362\337b\356\024*\324\320\351\317\002k\336\234\027v\351\217\260\303\360\233ZPZWr\246$w\313\313\r\243r\232\2234\373\3539:N\004Q\245\272D\312D\300\300\t\323\0257\345e\271\na\215{\226\255x%T\257\037\333\004\344_/R\006E\344\037@\210\363\010\336T\226\247'\204_{\261\370""1\235\2445\343\033Y!\212\201\341\272\225'\007r8\336\360\024W\355\260\007\367\203G'\241\347\211\020\226\313Q\332\324\344\0359V\202M\035\021\357z\013\003""; }; ","ledgerHash: ""\352&\324\337\230\212\265o\2035\250\303\2760\241\364^\002Z\031Z!\300\002\364\004\232\355\234\202\021\371""; ledgerSeq: 51; type: liBASE; nodes {;   nodedata: ""\000\000\0003\001cEx]\211\377\330\022`\210$\005\261rTx\343\226\224vC\2607.\025\213@~\312\227\000 o\232\016\376|a3\000\000\000\000\000\000\000\000\000\000\000\000\000\000\000\000\000\000\000\000\000\000\000\000\000\000\000\000\000\000\000\000\231[\273k_\365\335\244\350\336\001\200iF/\016\275\212u\205\304W\305\272\223\353\216\010\031\325A\223/\351\253K/\351\253L\n\000""; }; nodes {;   nodedata: ""\323C\344\327\264{\312-\017:\006{\177\344N\002\326bO\260\220\006\033\362\345\005U\221DzJ0\001\301\025%1L\307\t\261\262z\374\222T\301\274V\236\223\262\270Ct\362\337b\356\024*\324\320\351\317\002k\336\234\027v\351\217\260\303\360\233ZPZWr\246$w\313\313\r\243r\232\2234\373\3539:N\004Q\245\272D\312D\300\300\t\323\0257\345e\271\na\215{\226\255x%T\257\037\333\004\344_/R\006E\344\037@\210\363\010\336T\226\247'\204_{\261\370""1\235\2445\343\033Y!\212\201\341\272\225'\007r8\336\360\024W\355\260\007\367\203G'\241\347\211\020\226\313Q\332\324\344\0359V\202M\035\021\357z\013\003""; }; "
1750527693636,1750527693636,0,1,4,3,TMStatusChange,"newEvent: neACCEPTED_LEDGER; ledgerSeq: 51; ledgerHash: ""\352&\324\337\230\212\265o\2035\250\303\2760\241\364^\002Z\031Z!\300\002\364\004\232\355\234\202\021\371""; ledgerHashPrevious: ""\022`\210$\005\261rTx\343\226\224vC\2607.\025\213@~\312\227\000 o\232\016\376|a3""; networkTime: 803842893; firstSeq: 1; lastSeq: 50; ","newEvent: neACCEPTED_LEDGER; ledgerSeq: 51; ledgerHash: ""\352&\324\337\230\212\265o\2035\250\303\2760\241\364^\002Z\031Z!\300\002\364\004\232\355\234\202\021\371""; ledgerHashPrevious: ""\022`\210$\005\261rTx\343\226\224vC\2607.\025\213@~\312\227\000 o\232\016\376|a3""; networkTime: 803842893; firstSeq: 1; lastSeq: 50; "
1750527693636,1750527693637,0,1,4,2,TMStatusChange,"newEvent: neACCEPTED_LEDGER; ledgerSeq: 51; ledgerHash: ""\352&\324\337\230\212\265o\2035\250\303\2760\241\364^\002Z\031Z!\300\002\364\004\232\355\234\202\021\371""; ledgerHashPrevious: ""\022`\210$\005\261rTx\343\226\224vC\2607.\025\213@~\312\227\000 o\232\016\376|a3""; networkTime: 803842893; firstSeq: 1; lastSeq: 50; ","newEvent: neACCEPTED_LEDGER; ledgerSeq: 51; ledgerHash: ""\352&\324\337\230\212\265o\2035\250\303\2760\241\364^\002Z\031Z!\300\002\364\004\232\355\234\202\021\371""; ledgerHashPrevious: ""\022`\210$\005\261rTx\343\226\224vC\2607.\025\213@~\312\227\000 o\232\016\376|a3""; networkTime: 803842893; firstSeq: 1; lastSeq: 50; "
1750527693637,1750527693637,0,1,4,0,TMStatusChange,"newEvent: neACCEPTED_LEDGER; ledgerSeq: 51; ledgerHash: ""\352&\324\337\230\212\265o\2035\250\303\2760\241\364^\002Z\031Z!\300\002\364\004\232\355\234\202\021\371""; ledgerHashPrevious: ""\022`\210$\005\261rTx\343\226\224vC\2607.\025\213@~\312\227\000 o\232\016\376|a3""; networkTime: 803842893; firstSeq: 1; lastSeq: 50; ","newEvent: neACCEPTED_LEDGER; ledgerSeq: 51; ledgerHash: ""\352&\324\337\230\212\265o\2035\250\303\2760\241\364^\002Z\031Z!\300\002\364\004\232\355\234\202\021\371""; ledgerHashPrevious: ""\022`\210$\005\261rTx\343\226\224vC\2607.\025\213@~\312\227\000 o\232\016\376|a3""; networkTime: 803842893; firstSeq: 1; lastSeq: 50; "
1750527693637,1750527693637,0,1,4,1,TMStatusChange,"newEvent: neACCEPTED_LEDGER; ledgerSeq: 51; ledgerHash: ""\352&\324\337\230\212\265o\2035\250\303\2760\241\364^\002Z\031Z!\300\002\364\004\232\355\234\202\021\371""; ledgerHashPrevious: ""\022`\210$\005\261rTx\343\226\224vC\2607.\025\213@~\312\227\000 o\232\016\376|a3""; networkTime: 803842893; firstSeq: 1; lastSeq: 50; ","newEvent: neACCEPTED_LEDGER; ledgerSeq: 51; ledgerHash: ""\352&\324\337\230\212\265o\2035\250\303\2760\241\364^\002Z\031Z!\300\002\364\004\232\355\234\202\021\371""; ledgerHashPrevious: ""\022`\210$\005\261rTx\343\226\224vC\2607.\025\213@~\312\227\000 o\232\016\376|a3""; networkTime: 803842893; firstSeq: 1; lastSeq: 50; "
1750527693678,1750527693678,0,1,4,2,TMValidation,"validation: """"\200\000\000\001&\000\000\0003)/\351\253M:\r\302\353\023?\373\240rQ\352&\324\337\230\212\265o\2035\250\303\2760\241\364^\002Z\031Z!\300\002\364\004\232\355\234\202\021\371P\027\000\000\000\000\000\000\000\000\000\000\000\000\000\000\000\000\000\000\000\000\000\000\000\000\000\000\000\000\000\000\000\000P\031\022`\210$\005\261rTx\343\226\224vC\2607.\025\213@~\312\227\000 o\232\016\376|a3s!\003R7o\362bV\300hf\266\241;}\200^\374\240\203[:\342Q\225\221\027y\372\255\235\216\323~vF0D\002 \027\367:LE\031F8\304""X@o\203\234\360m,\3501\013x\036~\032q\317\0222\316\226\205\002 =\357\376\367\370\206\206\261&\240\020\023\036\3634\306t\212\025S\000b&\300k\021^\212\330\035\247\236""; ","validation: """"\200\000\000\001&\000\000\0003)/\351\253M:\r\302\353\023?\373\240rQ\352&\324\337\230\212\265o\2035\250\303\2760\241\364^\002Z\031Z!\300\002\364\004\232\355\234\202\021\371P\027\000\000\000\000\000\000\000\000\000\000\000\000\000\000\000\000\000\000\000\000\000\000\000\000\000\000\000\000\000\000\000\000P\031\022`\210$\005\261rTx\343\226\224vC\2607.\025\213@~\312\227\000 o\232\016\376|a3s!\003R7o\362bV\300hf\266\241;}\200^\374\240\203[:\342Q\225\221\027y\372\255\235\216\323~vF0D\002 \027\367:LE\031F8\304""X@o\203\234\360m,\3501\013x\036~\032q\317\0222\316\226\205\002 =\357\376\367\370\206\206\261&\240\020\023\036\3634\306t\212\025S\000b&\300k\021^\212\330\035\247\236""; "
1750527693679,1750527693679,0,1,4,3,TMValidation,"validation: """"\200\000\000\001&\000\000\0003)/\351\253M:\r\302\353\023?\373\240rQ\352&\324\337\230\212\265o\2035\250\303\2760\241\364^\002Z\031Z!\300\002\364\004\232\355\234\202\021\371P\027\000\000\000\000\000\000\000\000\000\000\000\000\000\000\000\000\000\000\000\000\000\000\000\000\000\000\000\000\000\000\000\000P\031\022`\210$\005\261rTx\343\226\224vC\2607.\025\213@~\312\227\000 o\232\016\376|a3s!\003R7o\362bV\300hf\266\241;}\200^\374\240\203[:\342Q\225\221\027y\372\255\235\216\323~vF0D\002 \027\367:LE\031F8\304""X@o\203\234\360m,\3501\013x\036~\032q\317\0222\316\226\205\002 =\357\376\367\370\206\206\261&\240\020\023\036\3634\306t\212\025S\000b&\300k\021^\212\330\035\247\236""; ","validation: """"\200\000\000\001&\000\000\0003)/\351\253M:\r\302\353\023?\373\240rQ\352&\324\337\230\212\265o\2035\250\303\2760\241\364^\002Z\031Z!\300\002\364\004\232\355\234\202\021\371P\027\000\000\000\000\000\000\000\000\000\000\000\000\000\000\000\000\000\000\000\000\000\000\000\000\000\000\000\000\000\000\000\000P\031\022`\210$\005\261rTx\343\226\224vC\2607.\025\213@~\312\227\000 o\232\016\376|a3s!\003R7o\362bV\300hf\266\241;}\200^\374\240\203[:\342Q\225\221\027y\372\255\235\216\323~vF0D\002 \027\367:LE\031F8\304""X@o\203\234\360m,\3501\013x\036~\032q\317\0222\316\226\205\002 =\357\376\367\370\206\206\261&\240\020\023\036\3634\306t\212\025S\000b&\300k\021^\212\330\035\247\236""; "
1750527693679,1750527693679,0,1,4,1,TMValidation,"validation: """"\200\000\000\001&\000\000\0003)/\351\253M:\r\302\353\023?\373\240rQ\352&\324\337\230\212\265o\2035\250\303\2760\241\364^\002Z\031Z!\300\002\364\004\232\355\234\202\021\371P\027\000\000\000\000\000\000\000\000\000\000\000\000\000\000\000\000\000\000\000\000\000\000\000\000\000\000\000\000\000\000\000\000P\031\022`\210$\005\261rTx\343\226\224vC\2607.\025\213@~\312\227\000 o\232\016\376|a3s!\003R7o\362bV\300hf\266\241;}\200^\374\240\203[:\342Q\225\221\027y\372\255\235\216\323~vF0D\002 \027\367:LE\031F8\304""X@o\203\234\360m,\3501\013x\036~\032q\317\0222\316\226\205\002 =\357\376\367\370\206\206\261&\240\020\023\036\3634\306t\212\025S\000b&\300k\021^\212\330\035\247\236""; ","validation: """"\200\000\000\001&\000\000\0003)/\351\253M:\r\302\353\023?\373\240rQ\352&\324\337\230\212\265o\2035\250\303\2760\241\364^\002Z\031Z!\300\002\364\004\232\355\234\202\021\371P\027\000\000\000\000\000\000\000\000\000\000\000\000\000\000\000\000\000\000\000\000\000\000\000\000\000\000\000\000\000\000\000\000P\031\022`\210$\005\261rTx\343\226\224vC\2607.\025\213@~\312\227\000 o\232\016\376|a3s!\003R7o\362bV\300hf\266\241;}\200^\374\240\203[:\342Q\225\221\027y\372\255\235\216\323~vF0D\002 \027\367:LE\031F8\304""X@o\203\234\360m,\3501\013x\036~\032q\317\0222\316\226\205\002 =\357\376\367\370\206\206\261&\240\020\023\036\3634\306t\212\025S\000b&\300k\021^\212\330\035\247\236""; "
1750527693679,1750527693679,0,1,4,0,TMValidation,"validation: """"\200\000\000\001&\000\000\0003)/\351\253M:\r\302\353\023?\373\240rQ\352&\324\337\230\212\265o\2035\250\303\2760\241\364^\002Z\031Z!\300\002\364\004\232\355\234\202\021\371P\027\000\000\000\000\000\000\000\000\000\000\000\000\000\000\000\000\000\000\000\000\000\000\000\000\000\000\000\000\000\000\000\000P\031\022`\210$\005\261rTx\343\226\224vC\2607.\025\213@~\312\227\000 o\232\016\376|a3s!\003R7o\362bV\300hf\266\241;}\200^\374\240\203[:\342Q\225\221\027y\372\255\235\216\323~vF0D\002 \027\367:LE\031F8\304""X@o\203\234\360m,\3501\013x\036~\032q\317\0222\316\226\205\002 =\357\376\367\370\206\206\261&\240\020\023\036\3634\306t\212\025S\000b&\300k\021^\212\330\035\247\236""; ","validation: """"\200\000\000\001&\000\000\0003)/\351\253M:\r\302\353\023?\373\240rQ\352&\324\337\230\212\265o\2035\250\303\2760\241\364^\002Z\031Z!\300\002\364\004\232\355\234\202\021\371P\027\000\000\000\000\000\000\000\000\000\000\000\000\000\000\000\000\000\000\000\000\000\000\000\000\000\000\000\000\000\000\000\000P\031\022`\210$\005\261rTx\343\226\224vC\2607.\025\213@~\312\227\000 o\232\016\376|a3s!\003R7o\362bV\300hf\266\241;}\200^\374\240\203[:\342Q\225\221\027y\372\255\235\216\323~vF0D\002 \027\367:LE\031F8\304""X@o\203\234\360m,\3501\013x\036~\032q\317\0222\316\226\205\002 =\357\376\367\370\206\206\261&\240\020\023\036\3634\306t\212\025S\000b&\300k\021^\212\330\035\247\236""; "
1750527693681,1750527693681,0,1,2,0,TMValidation,"validation: """"\200\000\000\001&\000\000\0003)/\351\253M:\r\302\353\023?\373\240rQ\352&\324\337\230\212\265o\2035\250\303\2760\241\364^\002Z\031Z!\300\002\364\004\232\355\234\202\021\371P\027\000\000\000\000\000\000\000\000\000\000\000\000\000\000\000\000\000\000\000\000\000\000\000\000\000\000\000\000\000\000\000\000P\031\022`\210$\005\261rTx\343\226\224vC\2607.\025\213@~\312\227\000 o\232\016\376|a3s!\003R7o\362bV\300hf\266\241;}\200^\374\240\203[:\342Q\225\221\027y\372\255\235\216\323~vF0D\002 \027\367:LE\031F8\304""X@o\203\234\360m,\3501\013x\036~\032q\317\0222\316\226\205\002 =\357\376\367\370\206\206\261&\240\020\023\036\3634\306t\212\025S\000b&\300k\021^\212\330\035\247\236""; ","validation: """"\200\000\000\001&\000\000\0003)/\351\253M:\r\302\353\023?\373\240rQ\352&\324\337\230\212\265o\2035\250\303\2760\241\364^\002Z\031Z!\300\002\364\004\232\355\234\202\021\371P\027\000\000\000\000\000\000\000\000\000\000\000\000\000\000\000\000\000\000\000\000\000\000\000\000\000\000\000\000\000\000\000\000P\031\022`\210$\005\261rTx\343\226\224vC\2607.\025\213@~\312\227\000 o\232\016\376|a3s!\003R7o\362bV\300hf\266\241;}\200^\374\240\203[:\342Q\225\221\027y\372\255\235\216\323~vF0D\002 \027\367:LE\031F8\304""X@o\203\234\360m,\3501\013x\036~\032q\317\0222\316\226\205\002 =\357\376\367\370\206\206\261&\240\020\023\036\3634\306t\212\025S\000b&\300k\021^\212\330\035\247\236""; "
1750527693681,1750527693681,0,1,2,3,TMValidation,"validation: """"\200\000\000\001&\000\000\0003)/\351\253M:\r\302\353\023?\373\240rQ\352&\324\337\230\212\265o\2035\250\303\2760\241\364^\002Z\031Z!\300\002\364\004\232\355\234\202\021\371P\027\000\000\000\000\000\000\000\000\000\000\000\000\000\000\000\000\000\000\000\000\000\000\000\000\000\000\000\000\000\000\000\000P\031\022`\210$\005\261rTx\343\226\224vC\2607.\025\213@~\312\227\000 o\232\016\376|a3s!\003R7o\362bV\300hf\266\241;}\200^\374\240\203[:\342Q\225\221\027y\372\255\235\216\323~vF0D\002 \027\367:LE\031F8\304""X@o\203\234\360m,\3501\013x\036~\032q\317\0222\316\226\205\002 =\357\376\367\370\206\206\261&\240\020\023\036\3634\306t\212\025S\000b&\300k\021^\212\330\035\247\236""; ","validation: """"\200\000\000\001&\000\000\0003)/\351\253M:\r\302\353\023?\373\240rQ\352&\324\337\230\212\265o\2035\250\303\2760\241\364^\002Z\031Z!\300\002\364\004\232\355\234\202\021\371P\027\000\000\000\000\000\000\000\000\000\000\000\000\000\000\000\000\000\000\000\000\000\000\000\000\000\000\000\000\000\000\000\000P\031\022`\210$\005\261rTx\343\226\224vC\2607.\025\213@~\312\227\000 o\232\016\376|a3s!\003R7o\362bV\300hf\266\241;}\200^\374\240\203[:\342Q\225\221\027y\372\255\235\216\323~vF0D\002 \027\367:LE\031F8\304""X@o\203\234\360m,\3501\013x\036~\032q\317\0222\316\226\205\002 =\357\376\367\370\206\206\261&\240\020\023\036\3634\306t\212\025S\000b&\300k\021^\212\330\035\247\236""; "
1750527693682,1750527693682,0,1,2,1,TMValidation,"validation: """"\200\000\000\001&\000\000\0003)/\351\253M:\r\302\353\023?\373\240rQ\352&\324\337\230\212\265o\2035\250\303\2760\241\364^\002Z\031Z!\300\002\364\004\232\355\234\202\021\371P\027\000\000\000\000\000\000\000\000\000\000\000\000\000\000\000\000\000\000\000\000\000\000\000\000\000\000\000\000\000\000\000\000P\031\022`\210$\005\261rTx\343\226\224vC\2607.\025\213@~\312\227\000 o\232\016\376|a3s!\003R7o\362bV\300hf\266\241;}\200^\374\240\203[:\342Q\225\221\027y\372\255\235\216\323~vF0D\002 \027\367:LE\031F8\304""X@o\203\234\360m,\3501\013x\036~\032q\317\0222\316\226\205\002 =\357\376\367\370\206\206\261&\240\020\023\036\3634\306t\212\025S\000b&\300k\021^\212\330\035\247\236""; ","validation: """"\200\000\000\001&\000\000\0003)/\351\253M:\r\302\353\023?\373\240rQ\352&\324\337\230\212\265o\2035\250\303\2760\241\364^\002Z\031Z!\300\002\364\004\232\355\234\202\021\371P\027\000\000\000\000\000\000\000\000\000\000\000\000\000\000\000\000\000\000\000\000\000\000\000\000\000\000\000\000\000\000\000\000P\031\022`\210$\005\261rTx\343\226\224vC\2607.\025\213@~\312\227\000 o\232\016\376|a3s!\003R7o\362bV\300hf\266\241;}\200^\374\240\203[:\342Q\225\221\027y\372\255\235\216\323~vF0D\002 \027\367:LE\031F8\304""X@o\203\234\360m,\3501\013x\036~\032q\317\0222\316\226\205\002 =\357\376\367\370\206\206\261&\240\020\023\036\3634\306t\212\025S\000b&\300k\021^\212\330\035\247\236""; "
1750527693683,1750527693683,0,1,1,2,TMValidation,"validation: """"\200\000\000\001&\000\000\0003)/\351\253M:\r\302\353\023?\373\240rQ\352&\324\337\230\212\265o\2035\250\303\2760\241\364^\002Z\031Z!\300\002\364\004\232\355\234\202\021\371P\027\000\000\000\000\000\000\000\000\000\000\000\000\000\000\000\000\000\000\000\000\000\000\000\000\000\000\000\000\000\000\000\000P\031\022`\210$\005\261rTx\343\226\224vC\2607.\025\213@~\312\227\000 o\232\016\376|a3s!\003R7o\362bV\300hf\266\241;}\200^\374\240\203[:\342Q\225\221\027y\372\255\235\216\323~vF0D\002 \027\367:LE\031F8\304""X@o\203\234\360m,\3501\013x\036~\032q\317\0222\316\226\205\002 =\357\376\367\370\206\206\261&\240\020\023\036\3634\306t\212\025S\000b&\300k\021^\212\330\035\247\236""; ","validation: """"\200\000\000\001&\000\000\0003)/\351\253M:\r\302\353\023?\373\240rQ\352&\324\337\230\212\265o\2035\250\303\2760\241\364^\002Z\031Z!\300\002\364\004\232\355\234\202\021\371P\027\000\000\000\000\000\000\000\000\000\000\000\000\000\000\000\000\000\000\000\000\000\000\000\000\000\000\000\000\000\000\000\000P\031\022`\210$\005\261rTx\343\226\224vC\2607.\025\213@~\312\227\000 o\232\016\376|a3s!\003R7o\362bV\300hf\266\241;}\200^\374\240\203[:\342Q\225\221\027y\372\255\235\216\323~vF0D\002 \027\367:LE\031F8\304""X@o\203\234\360m,\3501\013x\036~\032q\317\0222\316\226\205\002 =\357\376\367\370\206\206\261&\240\020\023\036\3634\306t\212\025S\000b&\300k\021^\212\330\035\247\236""; "
1750527693684,1750527693684,0,1,3,2,TMValidation,"validation: """"\200\000\000\001&\000\000\0003)/\351\253M:\r\302\353\023?\373\240rQ\352&\324\337\230\212\265o\2035\250\303\2760\241\364^\002Z\031Z!\300\002\364\004\232\355\234\202\021\371P\027\000\000\000\000\000\000\000\000\000\000\000\000\000\000\000\000\000\000\000\000\000\000\000\000\000\000\000\000\000\000\000\000P\031\022`\210$\005\261rTx\343\226\224vC\2607.\025\213@~\312\227\000 o\232\016\376|a3s!\003R7o\362bV\300hf\266\241;}\200^\374\240\203[:\342Q\225\221\027y\372\255\235\216\323~vF0D\002 \027\367:LE\031F8\304""X@o\203\234\360m,\3501\013x\036~\032q\317\0222\316\226\205\002 =\357\376\367\370\206\206\261&\240\020\023\036\3634\306t\212\025S\000b&\300k\021^\212\330\035\247\236""; ","validation: """"\200\000\000\001&\000\000\0003)/\351\253M:\r\302\353\023?\373\240rQ\352&\324\337\230\212\265o\2035\250\303\2760\241\364^\002Z\031Z!\300\002\364\004\232\355\234\202\021\371P\027\000\000\000\000\000\000\000\000\000\000\000\000\000\000\000\000\000\000\000\000\000\000\000\000\000\000\000\000\000\000\000\000P\031\022`\210$\005\261rTx\343\226\224vC\2607.\025\213@~\312\227\000 o\232\016\376|a3s!\003R7o\362bV\300hf\266\241;}\200^\374\240\203[:\342Q\225\221\027y\372\255\235\216\323~vF0D\002 \027\367:LE\031F8\304""X@o\203\234\360m,\3501\013x\036~\032q\317\0222\316\226\205\002 =\357\376\367\370\206\206\261&\240\020\023\036\3634\306t\212\025S\000b&\300k\021^\212\330\035\247\236""; "
1750527693685,1750527693685,0,1,3,0,TMValidation,"validation: """"\200\000\000\001&\000\000\0003)/\351\253M:\r\302\353\023?\373\240rQ\352&\324\337\230\212\265o\2035\250\303\2760\241\364^\002Z\031Z!\300\002\364\004\232\355\234\202\021\371P\027\000\000\000\000\000\000\000\000\000\000\000\000\000\000\000\000\000\000\000\000\000\000\000\000\000\000\000\000\000\000\000\000P\031\022`\210$\005\261rTx\343\226\224vC\2607.\025\213@~\312\227\000 o\232\016\376|a3s!\003R7o\362bV\300hf\266\241;}\200^\374\240\203[:\342Q\225\221\027y\372\255\235\216\323~vF0D\002 \027\367:LE\031F8\304""X@o\203\234\360m,\3501\013x\036~\032q\317\0222\316\226\205\002 =\357\376\367\370\206\206\261&\240\020\023\036\3634\306t\212\025S\000b&\300k\021^\212\330\035\247\236""; ","validation: """"\200\000\000\001&\000\000\0003)/\351\253M:\r\302\353\023?\373\240rQ\352&\324\337\230\212\265o\2035\250\303\2760\241\364^\002Z\031Z!\300\002\364\004\232\355\234\202\021\371P\027\000\000\000\000\000\000\000\000\000\000\000\000\000\000\000\000\000\000\000\000\000\000\000\000\000\000\000\000\000\000\000\000P\031\022`\210$\005\261rTx\343\226\224vC\2607.\025\213@~\312\227\000 o\232\016\376|a3s!\003R7o\362bV\300hf\266\241;}\200^\374\240\203[:\342Q\225\221\027y\372\255\235\216\323~vF0D\002 \027\367:LE\031F8\304""X@o\203\234\360m,\3501\013x\036~\032q\317\0222\316\226\205\002 =\357\376\367\370\206\206\261&\240\020\023\036\3634\306t\212\025S\000b&\300k\021^\212\330\035\247\236""; "
1750527693685,1750527693686,0,1,1,3,TMValidation,"validation: """"\200\000\000\001&\000\000\0003)/\351\253M:\r\302\353\023?\373\240rQ\352&\324\337\230\212\265o\2035\250\303\2760\241\364^\002Z\031Z!\300\002\364\004\232\355\234\202\021\371P\027\000\000\000\000\000\000\000\000\000\000\000\000\000\000\000\000\000\000\000\000\000\000\000\000\000\000\000\000\000\000\000\000P\031\022`\210$\005\261rTx\343\226\224vC\2607.\025\213@~\312\227\000 o\232\016\376|a3s!\003R7o\362bV\300hf\266\241;}\200^\374\240\203[:\342Q\225\221\027y\372\255\235\216\323~vF0D\002 \027\367:LE\031F8\304""X@o\203\234\360m,\3501\013x\036~\032q\317\0222\316\226\205\002 =\357\376\367\370\206\206\261&\240\020\023\036\3634\306t\212\025S\000b&\300k\021^\212\330\035\247\236""; ","validation: """"\200\000\000\001&\000\000\0003)/\351\253M:\r\302\353\023?\373\240rQ\352&\324\337\230\212\265o\2035\250\303\2760\241\364^\002Z\031Z!\300\002\364\004\232\355\234\202\021\371P\027\000\000\000\000\000\000\000\000\000\000\000\000\000\000\000\000\000\000\000\000\000\000\000\000\000\000\000\000\000\000\000\000P\031\022`\210$\005\261rTx\343\226\224vC\2607.\025\213@~\312\227\000 o\232\016\376|a3s!\003R7o\362bV\300hf\266\241;}\200^\374\240\203[:\342Q\225\221\027y\372\255\235\216\323~vF0D\002 \027\367:LE\031F8\304""X@o\203\234\360m,\3501\013x\036~\032q\317\0222\316\226\205\002 =\357\376\367\370\206\206\261&\240\020\023\036\3634\306t\212\025S\000b&\300k\021^\212\330\035\247\236""; "
1750527693686,1750527693686,0,1,0,3,TMValidation,"validation: """"\200\000\000\001&\000\000\0003)/\351\253M:\r\302\353\023?\373\240rQ\352&\324\337\230\212\265o\2035\250\303\2760\241\364^\002Z\031Z!\300\002\364\004\232\355\234\202\021\371P\027\000\000\000\000\000\000\000\000\000\000\000\000\000\000\000\000\000\000\000\000\000\000\000\000\000\000\000\000\000\000\000\000P\031\022`\210$\005\261rTx\343\226\224vC\2607.\025\213@~\312\227\000 o\232\016\376|a3s!\003R7o\362bV\300hf\266\241;}\200^\374\240\203[:\342Q\225\221\027y\372\255\235\216\323~vF0D\002 \027\367:LE\031F8\304""X@o\203\234\360m,\3501\013x\036~\032q\317\0222\316\226\205\002 =\357\376\367\370\206\206\261&\240\020\023\036\3634\306t\212\025S\000b&\300k\021^\212\330\035\247\236""; ","validation: """"\200\000\000\001&\000\000\0003)/\351\253M:\r\302\353\023?\373\240rQ\352&\324\337\230\212\265o\2035\250\303\2760\241\364^\002Z\031Z!\300\002\364\004\232\355\234\202\021\371P\027\000\000\000\000\000\000\000\000\000\000\000\000\000\000\000\000\000\000\000\000\000\000\000\000\000\000\000\000\000\000\000\000P\031\022`\210$\005\261rTx\343\226\224vC\2607.\025\213@~\312\227\000 o\232\016\376|a3s!\003R7o\362bV\300hf\266\241;}\200^\374\240\203[:\342Q\225\221\027y\372\255\235\216\323~vF0D\002 \027\367:LE\031F8\304""X@o\203\234\360m,\3501\013x\036~\032q\317\0222\316\226\205\002 =\357\376\367\370\206\206\261&\240\020\023\036\3634\306t\212\025S\000b&\300k\021^\212\330\035\247\236""; "
1750527693684,1750527693684,0,1,3,1,TMValidation,"validation: """"\200\000\000\001&\000\000\0003)/\351\253M:\r\302\353\023?\373\240rQ\352&\324\337\230\212\265o\2035\250\303\2760\241\364^\002Z\031Z!\300\002\364\004\232\355\234\202\021\371P\027\000\000\000\000\000\000\000\000\000\000\000\000\000\000\000\000\000\000\000\000\000\000\000\000\000\000\000\000\000\000\000\000P\031\022`\210$\005\261rTx\343\226\224vC\2607.\025\213@~\312\227\000 o\232\016\376|a3s!\003R7o\362bV\300hf\266\241;}\200^\374\240\203[:\342Q\225\221\027y\372\255\235\216\323~vF0D\002 \027\367:LE\031F8\304""X@o\203\234\360m,\3501\013x\036~\032q\317\0222\316\226\205\002 =\357\376\367\370\206\206\261&\240\020\023\036\3634\306t\212\025S\000b&\300k\021^\212\330\035\247\236""; ","validation: """"\200\000\000\001&\000\000\0003)/\351\253M:\r\302\353\023?\373\240rQ\352&\324\337\230\212\265o\2035\250\303\2760\241\364^\002Z\031Z!\300\002\364\004\232\355\234\202\021\371P\027\000\000\000\000\000\000\000\000\000\000\000\000\000\000\000\000\000\000\000\000\000\000\000\000\000\000\000\000\000\000\000\000P\031\022`\210$\005\261rTx\343\226\224vC\2607.\025\213@~\312\227\000 o\232\016\376|a3s!\003R7o\362bV\300hf\266\241;}\200^\374\240\203[:\342Q\225\221\027y\372\255\235\216\323~vF0D\002 \027\367:LE\031F8\304""X@o\203\234\360m,\3501\013x\036~\032q\317\0222\316\226\205\002 =\357\376\367\370\206\206\261&\240\020\023\036\3634\306t\212\025S\000b&\300k\021^\212\330\035\247\236""; "
1750527693685,1750527693685,0,1,1,0,TMValidation,"validation: """"\200\000\000\001&\000\000\0003)/\351\253M:\r\302\353\023?\373\240rQ\352&\324\337\230\212\265o\2035\250\303\2760\241\364^\002Z\031Z!\300\002\364\004\232\355\234\202\021\371P\027\000\000\000\000\000\000\000\000\000\000\000\000\000\000\000\000\000\000\000\000\000\000\000\000\000\000\000\000\000\000\000\000P\031\022`\210$\005\261rTx\343\226\224vC\2607.\025\213@~\312\227\000 o\232\016\376|a3s!\003R7o\362bV\300hf\266\241;}\200^\374\240\203[:\342Q\225\221\027y\372\255\235\216\323~vF0D\002 \027\367:LE\031F8\304""X@o\203\234\360m,\3501\013x\036~\032q\317\0222\316\226\205\002 =\357\376\367\370\206\206\261&\240\020\023\036\3634\306t\212\025S\000b&\300k\021^\212\330\035\247\236""; ","validation: """"\200\000\000\001&\000\000\0003)/\351\253M:\r\302\353\023?\373\240rQ\352&\324\337\230\212\265o\2035\250\303\2760\241\364^\002Z\031Z!\300\002\364\004\232\355\234\202\021\371P\027\000\000\000\000\000\000\000\000\000\000\000\000\000\000\000\000\000\000\000\000\000\000\000\000\000\000\000\000\000\000\000\000P\031\022`\210$\005\261rTx\343\226\224vC\2607.\025\213@~\312\227\000 o\232\016\376|a3s!\003R7o\362bV\300hf\266\241;}\200^\374\240\203[:\342Q\225\221\027y\372\255\235\216\323~vF0D\002 \027\367:LE\031F8\304""X@o\203\234\360m,\3501\013x\036~\032q\317\0222\316\226\205\002 =\357\376\367\370\206\206\261&\240\020\023\036\3634\306t\212\025S\000b&\300k\021^\212\330\035\247\236""; "
1750527693687,1750527693687,0,1,0,2,TMValidation,"validation: """"\200\000\000\001&\000\000\0003)/\351\253M:\r\302\353\023?\373\240rQ\352&\324\337\230\212\265o\2035\250\303\2760\241\364^\002Z\031Z!\300\002\364\004\232\355\234\202\021\371P\027\000\000\000\000\000\000\000\000\000\000\000\000\000\000\000\000\000\000\000\000\000\000\000\000\000\000\000\000\000\000\000\000P\031\022`\210$\005\261rTx\343\226\224vC\2607.\025\213@~\312\227\000 o\232\016\376|a3s!\003R7o\362bV\300hf\266\241;}\200^\374\240\203[:\342Q\225\221\027y\372\255\235\216\323~vF0D\002 \027\367:LE\031F8\304""X@o\203\234\360m,\3501\013x\036~\032q\317\0222\316\226\205\002 =\357\376\367\370\206\206\261&\240\020\023\036\3634\306t\212\025S\000b&\300k\021^\212\330\035\247\236""; ","validation: """"\200\000\000\001&\000\000\0003)/\351\253M:\r\302\353\023?\373\240rQ\352&\324\337\230\212\265o\2035\250\303\2760\241\364^\002Z\031Z!\300\002\364\004\232\355\234\202\021\371P\027\000\000\000\000\000\000\000\000\000\000\000\000\000\000\000\000\000\000\000\000\000\000\000\000\000\000\000\000\000\000\000\000P\031\022`\210$\005\261rTx\343\226\224vC\2607.\025\213@~\312\227\000 o\232\016\376|a3s!\003R7o\362bV\300hf\266\241;}\200^\374\240\203[:\342Q\225\221\027y\372\255\235\216\323~vF0D\002 \027\367:LE\031F8\304""X@o\203\234\360m,\3501\013x\036~\032q\317\0222\316\226\205\002 =\357\376\367\370\206\206\261&\240\020\023\036\3634\306t\212\025S\000b&\300k\021^\212\330\035\247\236""; "
1750527693687,1750527693687,0,1,0,1,TMValidation,"validation: """"\200\000\000\001&\000\000\0003)/\351\253M:\r\302\353\023?\373\240rQ\352&\324\337\230\212\265o\2035\250\303\2760\241\364^\002Z\031Z!\300\002\364\004\232\355\234\202\021\371P\027\000\000\000\000\000\000\000\000\000\000\000\000\000\000\000\000\000\000\000\000\000\000\000\000\000\000\000\000\000\000\000\000P\031\022`\210$\005\261rTx\343\226\224vC\2607.\025\213@~\312\227\000 o\232\016\376|a3s!\003R7o\362bV\300hf\266\241;}\200^\374\240\203[:\342Q\225\221\027y\372\255\235\216\323~vF0D\002 \027\367:LE\031F8\304""X@o\203\234\360m,\3501\013x\036~\032q\317\0222\316\226\205\002 =\357\376\367\370\206\206\261&\240\020\023\036\3634\306t\212\025S\000b&\300k\021^\212\330\035\247\236""; ","validation: """"\200\000\000\001&\000\000\0003)/\351\253M:\r\302\353\023?\373\240rQ\352&\324\337\230\212\265o\2035\250\303\2760\241\364^\002Z\031Z!\300\002\364\004\232\355\234\202\021\371P\027\000\000\000\000\000\000\000\000\000\000\000\000\000\000\000\000\000\000\000\000\000\000\000\000\000\000\000\000\000\000\000\000P\031\022`\210$\005\261rTx\343\226\224vC\2607.\025\213@~\312\227\000 o\232\016\376|a3s!\003R7o\362bV\300hf\266\241;}\200^\374\240\203[:\342Q\225\221\027y\372\255\235\216\323~vF0D\002 \027\367:LE\031F8\304""X@o\203\234\360m,\3501\013x\036~\032q\317\0222\316\226\205\002 =\357\376\367\370\206\206\261&\240\020\023\036\3634\306t\212\025S\000b&\300k\021^\212\330\035\247\236""; "
1750527694518,1750527694518,0,1,3,1,TMProposeSet,"proposeSeq: 0; currentTxHash: ""\000\000\000\000\000\000\000\000\000\000\000\000\000\000\000\000\000\000\000\000\000\000\000\000\000\000\000\000\000\000\000\000""; nodePubKey: ""\002\364d\217\366\217|\316F\232\231\241\n\261\333`\312O\367\235\025DD\336e\367\n\312\326\221\037\025\230""; closeTime: 803842894; signature: ""0E\002!\000\3448#<f$08Pp\204p3\372\200/n\241\257\202""y\246\322\271P\326\333G\331X\222\002 0\3742\301\211S7JQ\331\005\201^\310\360y\360W\354\2568\365\277\344\324\257\334\336+\326#M""; previousledger: ""\352&\324\337\230\212\265o\2035\250\303\2760\241\364^\002Z\031Z!\300\002\364\004\232\355\234\202\021\371""; ","proposeSeq: 0; currentTxHash: ""\000\000\000\000\000\000\000\000\000\000\000\000\000\000\000\000\000\000\000\000\000\000\000\000\000\000\000\000\000\000\000\000""; nodePubKey: ""\002\364d\217\366\217|\316F\232\231\241\n\261\333`\312O\367\235\025DD\336e\367\n\312\326\221\037\025\230""; closeTime: 803842894; signature: ""0E\002!\000\3448#<f$08Pp\204p3\372\200/n\241\257\202""y\246\322\271P\326\333G\331X\222\002 0\3742\301\211S7JQ\331\005\201^\310\360y\360W\354\2568\365\277\344\324\257\334\336+\326#M""; previousledger: ""\352&\324\337\230\212\265o\2035\250\303\2760\241\364^\002Z\031Z!\300\002\364\004\232\355\234\202\021\371""; "
1750527694518,1750527694519,0,1,3,4,TMProposeSet,"proposeSeq: 0; currentTxHash: ""\000\000\000\000\000\000\000\000\000\000\000\000\000\000\000\000\000\000\000\000\000\000\000\000\000\000\000\000\000\000\000\000""; nodePubKey: ""\002\364d\217\366\217|\316F\232\231\241\n\261\333`\312O\367\235\025DD\336e\367\n\312\326\221\037\025\230""; closeTime: 803842894; signature: ""0E\002!\000\3448#<f$08Pp\204p3\372\200/n\241\257\202""y\246\322\271P\326\333G\331X\222\002 0\3742\301\211S7JQ\331\005\201^\310\360y\360W\354\2568\365\277\344\324\257\334\336+\326#M""; previousledger: ""\352&\324\337\230\212\265o\2035\250\303\2760\241\364^\002Z\031Z!\300\002\364\004\232\355\234\202\021\371""; ","proposeSeq: 0; currentTxHash: ""\000\000\000\000\000\000\000\000\000\000\000\000\000\000\000\000\000\000\000\000\000\000\000\000\000\000\000\000\000\000\000\000""; nodePubKey: ""\002\364d\217\366\217|\316F\232\231\241\n\261\333`\312O\367\235\025DD\336e\367\n\312\326\221\037\025\230""; closeTime: 803842894; signature: ""0E\002!\000\3448#<f$08Pp\204p3\372\200/n\241\257\202""y\246\322\271P\326\333G\331X\222\002 0\3742\301\211S7JQ\331\005\201^\310\360y\360W\354\2568\365\277\344\324\257\334\336+\326#M""; previousledger: ""\352&\324\337\230\212\265o\2035\250\303\2760\241\364^\002Z\031Z!\300\002\364\004\232\355\234\202\021\371""; "
1750527694519,1750527694519,0,1,3,2,TMProposeSet,"proposeSeq: 0; currentTxHash: ""\000\000\000\000\000\000\000\000\000\000\000\000\000\000\000\000\000\000\000\000\000\000\000\000\000\000\000\000\000\000\000\000""; nodePubKey: ""\002\364d\217\366\217|\316F\232\231\241\n\261\333`\312O\367\235\025DD\336e\367\n\312\326\221\037\025\230""; closeTime: 803842894; signature: ""0E\002!\000\3448#<f$08Pp\204p3\372\200/n\241\257\202""y\246\322\271P\326\333G\331X\222\002 0\3742\301\211S7JQ\331\005\201^\310\360y\360W\354\2568\365\277\344\324\257\334\336+\326#M""; previousledger: ""\352&\324\337\230\212\265o\2035\250\303\2760\241\364^\002Z\031Z!\300\002\364\004\232\355\234\202\021\371""; ","proposeSeq: 0; currentTxHash: ""\000\000\000\000\000\000\000\000\000\000\000\000\000\000\000\000\000\000\000\000\000\000\000\000\000\000\000\000\000\000\000\000""; nodePubKey: ""\002\364d\217\366\217|\316F\232\231\241\n\261\333`\312O\367\235\025DD\336e\367\n\312\326\221\037\025\230""; closeTime: 803842894; signature: ""0E\002!\000\3448#<f$08Pp\204p3\372\200/n\241\257\202""y\246\322\271P\326\333G\331X\222\002 0\3742\301\211S7JQ\331\005\201^\310\360y\360W\354\2568\365\277\344\324\257\334\336+\326#M""; previousledger: ""\352&\324\337\230\212\265o\2035\250\303\2760\241\364^\002Z\031Z!\300\002\364\004\232\355\234\202\021\371""; "
1750527694520,1750527694520,0,1,3,0,TMProposeSet,"proposeSeq: 0; currentTxHash: ""\000\000\000\000\000\000\000\000\000\000\000\000\000\000\000\000\000\000\000\000\000\000\000\000\000\000\000\000\000\000\000\000""; nodePubKey: ""\002\364d\217\366\217|\316F\232\231\241\n\261\333`\312O\367\235\025DD\336e\367\n\312\326\221\037\025\230""; closeTime: 803842894; signature: ""0E\002!\000\3448#<f$08Pp\204p3\372\200/n\241\257\202""y\246\322\271P\326\333G\331X\222\002 0\3742\301\211S7JQ\331\005\201^\310\360y\360W\354\2568\365\277\344\324\257\334\336+\326#M""; previousledger: ""\352&\324\337\230\212\265o\2035\250\303\2760\241\364^\002Z\031Z!\300\002\364\004\232\355\234\202\021\371""; ","proposeSeq: 0; currentTxHash: ""\000\000\000\000\000\000\000\000\000\000\000\000\000\000\000\000\000\000\000\000\000\000\000\000\000\000\000\000\000\000\000\000""; nodePubKey: ""\002\364d\217\366\217|\316F\232\231\241\n\261\333`\312O\367\235\025DD\336e\367\n\312\326\221\037\025\230""; closeTime: 803842894; signature: ""0E\002!\000\3448#<f$08Pp\204p3\372\200/n\241\257\202""y\246\322\271P\326\333G\331X\222\002 0\3742\301\211S7JQ\331\005\201^\310\360y\360W\354\2568\365\277\344\324\257\334\336+\326#M""; previousledger: ""\352&\324\337\230\212\265o\2035\250\303\2760\241\364^\002Z\031Z!\300\002\364\004\232\355\234\202\021\371""; "
1750527694521,1750527694521,0,1,4,2,TMProposeSet,"proposeSeq: 0; currentTxHash: ""\000\000\000\000\000\000\000\000\000\000\000\000\000\000\000\000\000\000\000\000\000\000\000\000\000\000\000\000\000\000\000\000""; nodePubKey: ""\002\364d\217\366\217|\316F\232\231\241\n\261\333`\312O\367\235\025DD\336e\367\n\312\326\221\037\025\230""; closeTime: 803842894; signature: ""0E\002!\000\3448#<f$08Pp\204p3\372\200/n\241\257\202""y\246\322\271P\326\333G\331X\222\002 0\3742\301\211S7JQ\331\005\201^\310\360y\360W\354\2568\365\277\344\324\257\334\336+\326#M""; previousledger: ""\352&\324\337\230\212\265o\2035\250\303\2760\241\364^\002Z\031Z!\300\002\364\004\232\355\234\202\021\371""; ","proposeSeq: 0; currentTxHash: ""\000\000\000\000\000\000\000\000\000\000\000\000\000\000\000\000\000\000\000\000\000\000\000\000\000\000\000\000\000\000\000\000""; nodePubKey: ""\002\364d\217\366\217|\316F\232\231\241\n\261\333`\312O\367\235\025DD\336e\367\n\312\326\221\037\025\230""; closeTime: 803842894; signature: ""0E\002!\000\3448#<f$08Pp\204p3\372\200/n\241\257\202""y\246\322\271P\326\333G\331X\222\002 0\3742\301\211S7JQ\331\005\201^\310\360y\360W\354\2568\365\277\344\324\257\334\336+\326#M""; previousledger: ""\352&\324\337\230\212\265o\2035\250\303\2760\241\364^\002Z\031Z!\300\002\364\004\232\355\234\202\021\371""; "
1750527694522,1750527694522,0,1,4,0,TMProposeSet,"proposeSeq: 0; currentTxHash: ""\000\000\000\000\000\000\000\000\000\000\000\000\000\000\000\000\000\000\000\000\000\000\000\000\000\000\000\000\000\000\000\000""; nodePubKey: ""\002\364d\217\366\217|\316F\232\231\241\n\261\333`\312O\367\235\025DD\336e\367\n\312\326\221\037\025\230""; closeTime: 803842894; signature: ""0E\002!\000\3448#<f$08Pp\204p3\372\200/n\241\257\202""y\246\322\271P\326\333G\331X\222\002 0\3742\301\211S7JQ\331\005\201^\310\360y\360W\354\2568\365\277\344\324\257\334\336+\326#M""; previousledger: ""\352&\324\337\230\212\265o\2035\250\303\2760\241\364^\002Z\031Z!\300\002\364\004\232\355\234\202\021\371""; ","proposeSeq: 0; currentTxHash: ""\000\000\000\000\000\000\000\000\000\000\000\000\000\000\000\000\000\000\000\000\000\000\000\000\000\000\000\000\000\000\000\000""; nodePubKey: ""\002\364d\217\366\217|\316F\232\231\241\n\261\333`\312O\367\235\025DD\336e\367\n\312\326\221\037\025\230""; closeTime: 803842894; signature: ""0E\002!\000\3448#<f$08Pp\204p3\372\200/n\241\257\202""y\246\322\271P\326\333G\331X\222\002 0\3742\301\211S7JQ\331\005\201^\310\360y\360W\354\2568\365\277\344\324\257\334\336+\326#M""; previousledger: ""\352&\324\337\230\212\265o\2035\250\303\2760\241\364^\002Z\031Z!\300\002\364\004\232\355\234\202\021\371""; "
1750527694522,1750527694522,0,1,4,1,TMProposeSet,"proposeSeq: 0; currentTxHash: ""\000\000\000\000\000\000\000\000\000\000\000\000\000\000\000\000\000\000\000\000\000\000\000\000\000\000\000\000\000\000\000\000""; nodePubKey: ""\002\364d\217\366\217|\316F\232\231\241\n\261\333`\312O\367\235\025DD\336e\367\n\312\326\221\037\025\230""; closeTime: 803842894; signature: ""0E\002!\000\3448#<f$08Pp\204p3\372\200/n\241\257\202""y\246\322\271P\326\333G\331X\222\002 0\3742\301\211S7JQ\331\005\201^\310\360y\360W\354\2568\365\277\344\324\257\334\336+\326#M""; previousledger: ""\352&\324\337\230\212\265o\2035\250\303\2760\241\364^\002Z\031Z!\300\002\364\004\232\355\234\202\021\371""; ","proposeSeq: 0; currentTxHash: ""\000\000\000\000\000\000\000\000\000\000\000\000\000\000\000\000\000\000\000\000\000\000\000\000\000\000\000\000\000\000\000\000""; nodePubKey: ""\002\364d\217\366\217|\316F\232\231\241\n\261\333`\312O\367\235\025DD\336e\367\n\312\326\221\037\025\230""; closeTime: 803842894; signature: ""0E\002!\000\3448#<f$08Pp\204p3\372\200/n\241\257\202""y\246\322\271P\326\333G\331X\222\002 0\3742\301\211S7JQ\331\005\201^\310\360y\360W\354\2568\365\277\344\324\257\334\336+\326#M""; previousledger: ""\352&\324\337\230\212\265o\2035\250\303\2760\241\364^\002Z\031Z!\300\002\364\004\232\355\234\202\021\371""; "
1750527694475,1750527694533,0,1,3,4,TMStatusChange,"newEvent: neCLOSING_LEDGER; ledgerSeq: 51; ledgerHash: ""\352&\324\337\230\212\265o\2035\250\303\2760\241\364^\002Z\031Z!\300\002\364\004\232\355\234\202\021\371""; ledgerHashPrevious: ""\022`\210$\005\261rTx\343\226\224vC\2607.\025\213@~\312\227\000 o\232\016\376|a3""; networkTime: 803842894; firstSeq: 1; lastSeq: 51; ","newEvent: neCLOSING_LEDGER; ledgerSeq: 51; ledgerHash: ""\352&\324\337\230\212\265o\2035\250\303\2760\241\364^\002Z\031Z!\300\002\364\004\232\355\234\202\021\371""; ledgerHashPrevious: ""\022`\210$\005\261rTx\343\226\224vC\2607.\025\213@~\312\227\000 o\232\016\376|a3""; networkTime: 803842894; firstSeq: 1; lastSeq: 51; "
1750527694477,1750527694533,0,1,3,1,TMStatusChange,"newEvent: neCLOSING_LEDGER; ledgerSeq: 51; ledgerHash: ""\352&\324\337\230\212\265o\2035\250\303\2760\241\364^\002Z\031Z!\300\002\364\004\232\355\234\202\021\371""; ledgerHashPrevious: ""\022`\210$\005\261rTx\343\226\224vC\2607.\025\213@~\312\227\000 o\232\016\376|a3""; networkTime: 803842894; firstSeq: 1; lastSeq: 51; ","newEvent: neCLOSING_LEDGER; ledgerSeq: 51; ledgerHash: ""\352&\324\337\230\212\265o\2035\250\303\2760\241\364^\002Z\031Z!\300\002\364\004\232\355\234\202\021\371""; ledgerHashPrevious: ""\022`\210$\005\261rTx\343\226\224vC\2607.\025\213@~\312\227\000 o\232\016\376|a3""; networkTime: 803842894; firstSeq: 1; lastSeq: 51; "
1750527694477,1750527694533,0,1,3,0,TMStatusChange,"newEvent: neCLOSING_LEDGER; ledgerSeq: 51; ledgerHash: ""\352&\324\337\230\212\265o\2035\250\303\2760\241\364^\002Z\031Z!\300\002\364\004\232\355\234\202\021\371""; ledgerHashPrevious: ""\022`\210$\005\261rTx\343\226\224vC\2607.\025\213@~\312\227\000 o\232\016\376|a3""; networkTime: 803842894; firstSeq: 1; lastSeq: 51; ","newEvent: neCLOSING_LEDGER; ledgerSeq: 51; ledgerHash: ""\352&\324\337\230\212\265o\2035\250\303\2760\241\364^\002Z\031Z!\300\002\364\004\232\355\234\202\021\371""; ledgerHashPrevious: ""\022`\210$\005\261rTx\343\226\224vC\2607.\025\213@~\312\227\000 o\232\016\376|a3""; networkTime: 803842894; firstSeq: 1; lastSeq: 51; "
1750527694476,1750527694533,0,1,3,2,TMStatusChange,"newEvent: neCLOSING_LEDGER; ledgerSeq: 51; ledgerHash: ""\352&\324\337\230\212\265o\2035\250\303\2760\241\364^\002Z\031Z!\300\002\364\004\232\355\234\202\021\371""; ledgerHashPrevious: ""\022`\210$\005\261rTx\343\226\224vC\2607.\025\213@~\312\227\000 o\232\016\376|a3""; networkTime: 803842894; firstSeq: 1; lastSeq: 51; ","newEvent: neCLOSING_LEDGER; ledgerSeq: 51; ledgerHash: ""\352&\324\337\230\212\265o\2035\250\303\2760\241\364^\002Z\031Z!\300\002\364\004\232\355\234\202\021\371""; ledgerHashPrevious: ""\022`\210$\005\261rTx\343\226\224vC\2607.\025\213@~\312\227\000 o\232\016\376|a3""; networkTime: 803842894; firstSeq: 1; lastSeq: 51; "
1750527694636,1750527694636,0,1,4,2,TMProposeSet,"proposeSeq: 0; currentTxHash: ""\000\000\000\000\000\000\000\000\000\000\000\000\000\000\000\000\000\000\000\000\000\000\000\000\000\000\000\000\000\000\000\000""; nodePubKey: ""\003R7o\362bV\300hf\266\241;}\200^\374\240\203[:\342Q\225\221\027y\372\255\235\216\323~""; closeTime: 803842894; signature: ""0E\002!\000\370\210\010\271\316\370\375\256\355M\321rl\212/ Zs%\021tW8\204K\214*k4\332\263\241\002 2\316\027Ce\310\260\266\354\254\017.n\216\206\335}_7+\022(\347\340\222\276(V\323\023LT""; previousledger: ""\352&\324\337\230\212\265o\2035\250\303\2760\241\364^\002Z\031Z!\300\002\364\004\232\355\234\202\021\371""; ","proposeSeq: 0; currentTxHash: ""\000\000\000\000\000\000\000\000\000\000\000\000\000\000\000\000\000\000\000\000\000\000\000\000\000\000\000\000\000\000\000\000""; nodePubKey: ""\003R7o\362bV\300hf\266\241;}\200^\374\240\203[:\342Q\225\221\027y\372\255\235\216\323~""; closeTime: 803842894; signature: ""0E\002!\000\370\210\010\271\316\370\375\256\355M\321rl\212/ Zs%\021tW8\204K\214*k4\332\263\241\002 2\316\027Ce\310\260\266\354\254\017.n\216\206\335}_7+\022(\347\340\222\276(V\323\023LT""; previousledger: ""\352&\324\337\230\212\265o\2035\250\303\2760\241\364^\002Z\031Z!\300\002\364\004\232\355\234\202\021\371""; "
1750527694638,1750527694638,0,1,4,3,TMProposeSet,"proposeSeq: 0; currentTxHash: ""\000\000\000\000\000\000\000\000\000\000\000\000\000\000\000\000\000\000\000\000\000\000\000\000\000\000\000\000\000\000\000\000""; nodePubKey: ""\003R7o\362bV\300hf\266\241;}\200^\374\240\203[:\342Q\225\221\027y\372\255\235\216\323~""; closeTime: 803842894; signature: ""0E\002!\000\370\210\010\271\316\370\375\256\355M\321rl\212/ Zs%\021tW8\204K\214*k4\332\263\241\002 2\316\027Ce\310\260\266\354\254\017.n\216\206\335}_7+\022(\347\340\222\276(V\323\023LT""; previousledger: ""\352&\324\337\230\212\265o\2035\250\303\2760\241\364^\002Z\031Z!\300\002\364\004\232\355\234\202\021\371""; ","proposeSeq: 0; currentTxHash: ""\000\000\000\000\000\000\000\000\000\000\000\000\000\000\000\000\000\000\000\000\000\000\000\000\000\000\000\000\000\000\000\000""; nodePubKey: ""\003R7o\362bV\300hf\266\241;}\200^\374\240\203[:\342Q\225\221\027y\372\255\235\216\323~""; closeTime: 803842894; signature: ""0E\002!\000\370\210\010\271\316\370\375\256\355M\321rl\212/ Zs%\021tW8\204K\214*k4\332\263\241\002 2\316\027Ce\310\260\266\354\254\017.n\216\206\335}_7+\022(\347\340\222\276(V\323\023LT""; previousledger: ""\352&\324\337\230\212\265o\2035\250\303\2760\241\364^\002Z\031Z!\300\002\364\004\232\355\234\202\021\371""; "
1750527694639,1750527694639,0,1,4,0,TMProposeSet,"proposeSeq: 0; currentTxHash: ""\000\000\000\000\000\000\000\000\000\000\000\000\000\000\000\000\000\000\000\000\000\000\000\000\000\000\000\000\000\000\000\000""; nodePubKey: ""\003R7o\362bV\300hf\266\241;}\200^\374\240\203[:\342Q\225\221\027y\372\255\235\216\323~""; closeTime: 803842894; signature: ""0E\002!\000\370\210\010\271\316\370\375\256\355M\321rl\212/ Zs%\021tW8\204K\214*k4\332\263\241\002 2\316\027Ce\310\260\266\354\254\017.n\216\206\335}_7+\022(\347\340\222\276(V\323\023LT""; previousledger: ""\352&\324\337\230\212\265o\2035\250\303\2760\241\364^\002Z\031Z!\300\002\364\004\232\355\234\202\021\371""; ","proposeSeq: 0; currentTxHash: ""\000\000\000\000\000\000\000\000\000\000\000\000\000\000\000\000\000\000\000\000\000\000\000\000\000\000\000\000\000\000\000\000""; nodePubKey: ""\003R7o\362bV\300hf\266\241;}\200^\374\240\203[:\342Q\225\221\027y\372\255\235\216\323~""; closeTime: 803842894; signature: ""0E\002!\000\370\210\010\271\316\370\375\256\355M\321rl\212/ Zs%\021tW8\204K\214*k4\332\263\241\002 2\316\027Ce\310\260\266\354\254\017.n\216\206\335}_7+\022(\347\340\222\276(V\323\023LT""; previousledger: ""\352&\324\337\230\212\265o\2035\250\303\2760\241\364^\002Z\031Z!\300\002\364\004\232\355\234\202\021\371""; "
1750527694640,1750527694640,0,1,4,1,TMProposeSet,"proposeSeq: 0; currentTxHash: ""\000\000\000\000\000\000\000\000\000\000\000\000\000\000\000\000\000\000\000\000\000\000\000\000\000\000\000\000\000\000\000\000""; nodePubKey: ""\003R7o\362bV\300hf\266\241;}\200^\374\240\203[:\342Q\225\221\027y\372\255\235\216\323~""; closeTime: 803842894; signature: ""0E\002!\000\370\210\010\271\316\370\375\256\355M\321rl\212/ Zs%\021tW8\204K\214*k4\332\263\241\002 2\316\027Ce\310\260\266\354\254\017.n\216\206\335}_7+\022(\347\340\222\276(V\323\023LT""; previousledger: ""\352&\324\337\230\212\265o\2035\250\303\2760\241\364^\002Z\031Z!\300\002\364\004\232\355\234\202\021\371""; ","proposeSeq: 0; currentTxHash: ""\000\000\000\000\000\000\000\000\000\000\000\000\000\000\000\000\000\000\000\000\000\000\000\000\000\000\000\000\000\000\000\000""; nodePubKey: ""\003R7o\362bV\300hf\266\241;}\200^\374\240\203[:\342Q\225\221\027y\372\255\235\216\323~""; closeTime: 803842894; signature: ""0E\002!\000\370\210\010\271\316\370\375\256\355M\321rl\212/ Zs%\021tW8\204K\214*k4\332\263\241\002 2\316\027Ce\310\260\266\354\254\017.n\216\206\335}_7+\022(\347\340\222\276(V\323\023LT""; previousledger: ""\352&\324\337\230\212\265o\2035\250\303\2760\241\364^\002Z\031Z!\300\002\364\004\232\355\234\202\021\371""; "
1750527694641,1750527694641,0,1,3,0,TMProposeSet,"proposeSeq: 0; currentTxHash: ""\000\000\000\000\000\000\000\000\000\000\000\000\000\000\000\000\000\000\000\000\000\000\000\000\000\000\000\000\000\000\000\000""; nodePubKey: ""\003R7o\362bV\300hf\266\241;}\200^\374\240\203[:\342Q\225\221\027y\372\255\235\216\323~""; closeTime: 803842894; signature: ""0E\002!\000\370\210\010\271\316\370\375\256\355M\321rl\212/ Zs%\021tW8\204K\214*k4\332\263\241\002 2\316\027Ce\310\260\266\354\254\017.n\216\206\335}_7+\022(\347\340\222\276(V\323\023LT""; previousledger: ""\352&\324\337\230\212\265o\2035\250\303\2760\241\364^\002Z\031Z!\300\002\364\004\232\355\234\202\021\371""; ","proposeSeq: 0; currentTxHash: ""\000\000\000\000\000\000\000\000\000\000\000\000\000\000\000\000\000\000\000\000\000\000\000\000\000\000\000\000\000\000\000\000""; nodePubKey: ""\003R7o\362bV\300hf\266\241;}\200^\374\240\203[:\342Q\225\221\027y\372\255\235\216\323~""; closeTime: 803842894; signature: ""0E\002!\000\370\210\010\271\316\370\375\256\355M\321rl\212/ Zs%\021tW8\204K\214*k4\332\263\241\002 2\316\027Ce\310\260\266\354\254\017.n\216\206\335}_7+\022(\347\340\222\276(V\323\023LT""; previousledger: ""\352&\324\337\230\212\265o\2035\250\303\2760\241\364^\002Z\031Z!\300\002\364\004\232\355\234\202\021\371""; "
1750527694641,1750527694641,0,1,3,2,TMProposeSet,"proposeSeq: 0; currentTxHash: ""\000\000\000\000\000\000\000\000\000\000\000\000\000\000\000\000\000\000\000\000\000\000\000\000\000\000\000\000\000\000\000\000""; nodePubKey: ""\003R7o\362bV\300hf\266\241;}\200^\374\240\203[:\342Q\225\221\027y\372\255\235\216\323~""; closeTime: 803842894; signature: ""0E\002!\000\370\210\010\271\316\370\375\256\355M\321rl\212/ Zs%\021tW8\204K\214*k4\332\263\241\002 2\316\027Ce\310\260\266\354\254\017.n\216\206\335}_7+\022(\347\340\222\276(V\323\023LT""; previousledger: ""\352&\324\337\230\212\265o\2035\250\303\2760\241\364^\002Z\031Z!\300\002\364\004\232\355\234\202\021\371""; ","proposeSeq: 0; currentTxHash: ""\000\000\000\000\000\000\000\000\000\000\000\000\000\000\000\000\000\000\000\000\000\000\000\000\000\000\000\000\000\000\000\000""; nodePubKey: ""\003R7o\362bV\300hf\266\241;}\200^\374\240\203[:\342Q\225\221\027y\372\255\235\216\323~""; closeTime: 803842894; signature: ""0E\002!\000\370\210\010\271\316\370\375\256\355M\321rl\212/ Zs%\021tW8\204K\214*k4\332\263\241\002 2\316\027Ce\310\260\266\354\254\017.n\216\206\335}_7+\022(\347\340\222\276(V\323\023LT""; previousledger: ""\352&\324\337\230\212\265o\2035\250\303\2760\241\364^\002Z\031Z!\300\002\364\004\232\355\234\202\021\371""; "
1750527694641,1750527694641,0,1,3,1,TMProposeSet,"proposeSeq: 0; currentTxHash: ""\000\000\000\000\000\000\000\000\000\000\000\000\000\000\000\000\000\000\000\000\000\000\000\000\000\000\000\000\000\000\000\000""; nodePubKey: ""\003R7o\362bV\300hf\266\241;}\200^\374\240\203[:\342Q\225\221\027y\372\255\235\216\323~""; closeTime: 803842894; signature: ""0E\002!\000\370\210\010\271\316\370\375\256\355M\321rl\212/ Zs%\021tW8\204K\214*k4\332\263\241\002 2\316\027Ce\310\260\266\354\254\017.n\216\206\335}_7+\022(\347\340\222\276(V\323\023LT""; previousledger: ""\352&\324\337\230\212\265o\2035\250\303\2760\241\364^\002Z\031Z!\300\002\364\004\232\355\234\202\021\371""; ","proposeSeq: 0; currentTxHash: ""\000\000\000\000\000\000\000\000\000\000\000\000\000\000\000\000\000\000\000\000\000\000\000\000\000\000\000\000\000\000\000\000""; nodePubKey: ""\003R7o\362bV\300hf\266\241;}\200^\374\240\203[:\342Q\225\221\027y\372\255\235\216\323~""; closeTime: 803842894; signature: ""0E\002!\000\370\210\010\271\316\370\375\256\355M\321rl\212/ Zs%\021tW8\204K\214*k4\332\263\241\002 2\316\027Ce\310\260\266\354\254\017.n\216\206\335}_7+\022(\347\340\222\276(V\323\023LT""; previousledger: ""\352&\324\337\230\212\265o\2035\250\303\2760\241\364^\002Z\031Z!\300\002\364\004\232\355\234\202\021\371""; "
1750527694636,1750527694674,0,1,4,2,TMStatusChange,"newEvent: neCLOSING_LEDGER; ledgerSeq: 51; ledgerHash: ""\352&\324\337\230\212\265o\2035\250\303\2760\241\364^\002Z\031Z!\300\002\364\004\232\355\234\202\021\371""; ledgerHashPrevious: ""\022`\210$\005\261rTx\343\226\224vC\2607.\025\213@~\312\227\000 o\232\016\376|a3""; networkTime: 803842894; firstSeq: 1; lastSeq: 51; ","newEvent: neCLOSING_LEDGER; ledgerSeq: 51; ledgerHash: ""\352&\324\337\230\212\265o\2035\250\303\2760\241\364^\002Z\031Z!\300\002\364\004\232\355\234\202\021\371""; ledgerHashPrevious: ""\022`\210$\005\261rTx\343\226\224vC\2607.\025\213@~\312\227\000 o\232\016\376|a3""; networkTime: 803842894; firstSeq: 1; lastSeq: 51; "
1750527694640,1750527694675,0,1,4,0,TMStatusChange,"newEvent: neCLOSING_LEDGER; ledgerSeq: 51; ledgerHash: ""\352&\324\337\230\212\265o\2035\250\303\2760\241\364^\002Z\031Z!\300\002\364\004\232\355\234\202\021\371""; ledgerHashPrevious: ""\022`\210$\005\261rTx\343\226\224vC\2607.\025\213@~\312\227\000 o\232\016\376|a3""; networkTime: 803842894; firstSeq: 1; lastSeq: 51; ","newEvent: neCLOSING_LEDGER; ledgerSeq: 51; ledgerHash: ""\352&\324\337\230\212\265o\2035\250\303\2760\241\364^\002Z\031Z!\300\002\364\004\232\355\234\202\021\371""; ledgerHashPrevious: ""\022`\210$\005\261rTx\343\226\224vC\2607.\025\213@~\312\227\000 o\232\016\376|a3""; networkTime: 803842894; firstSeq: 1; lastSeq: 51; "
1750527694641,1750527694675,0,1,4,1,TMStatusChange,"newEvent: neCLOSING_LEDGER; ledgerSeq: 51; ledgerHash: ""\352&\324\337\230\212\265o\2035\250\303\2760\241\364^\002Z\031Z!\300\002\364\004\232\355\234\202\021\371""; ledgerHashPrevious: ""\022`\210$\005\261rTx\343\226\224vC\2607.\025\213@~\312\227\000 o\232\016\376|a3""; networkTime: 803842894; firstSeq: 1; lastSeq: 51; ","newEvent: neCLOSING_LEDGER; ledgerSeq: 51; ledgerHash: ""\352&\324\337\230\212\265o\2035\250\303\2760\241\364^\002Z\031Z!\300\002\364\004\232\355\234\202\021\371""; ledgerHashPrevious: ""\022`\210$\005\261rTx\343\226\224vC\2607.\025\213@~\312\227\000 o\232\016\376|a3""; networkTime: 803842894; firstSeq: 1; lastSeq: 51; "
1750527694639,1750527694675,0,1,4,3,TMStatusChange,"newEvent: neCLOSING_LEDGER; ledgerSeq: 51; ledgerHash: ""\352&\324\337\230\212\265o\2035\250\303\2760\241\364^\002Z\031Z!\300\002\364\004\232\355\234\202\021\371""; ledgerHashPrevious: ""\022`\210$\005\261rTx\343\226\224vC\2607.\025\213@~\312\227\000 o\232\016\376|a3""; networkTime: 803842894; firstSeq: 1; lastSeq: 51; ","newEvent: neCLOSING_LEDGER; ledgerSeq: 51; ledgerHash: ""\352&\324\337\230\212\265o\2035\250\303\2760\241\364^\002Z\031Z!\300\002\364\004\232\355\234\202\021\371""; ledgerHashPrevious: ""\022`\210$\005\261rTx\343\226\224vC\2607.\025\213@~\312\227\000 o\232\016\376|a3""; networkTime: 803842894; firstSeq: 1; lastSeq: 51; "
1750527695704,1750527695704,0,1,1,3,TMStatusChange,"newEvent: neACCEPTED_LEDGER; ledgerSeq: 15; ledgerHash: ""?'/Q%\346\271\030\341\353\340\321\030\333\217\021\027&\177\245\201\370;\352\262k\224\203)@O\025""; ledgerHashPrevious: ""r5V`\342WB\225\022\264\377\027\366m\353L\212_\304\2271c\333~]\222R\037\017\006\347\370""; networkTime: 803842895; firstSeq: 1; lastSeq: 51; ","newEvent: neACCEPTED_LEDGER; ledgerSeq: 15; ledgerHash: ""?'/Q%\346\271\030\341\353\340\321\030\333\217\021\027&\177\245\201\370;\352\262k\224\203)@O\025""; ledgerHashPrevious: ""r5V`\342WB\225\022\264\377\027\366m\353L\212_\304\2271c\333~]\222R\037\017\006\347\370""; networkTime: 803842895; firstSeq: 1; lastSeq: 51; "
1750527695706,1750527695706,0,1,1,0,TMStatusChange,"newEvent: neACCEPTED_LEDGER; ledgerSeq: 15; ledgerHash: ""?'/Q%\346\271\030\341\353\340\321\030\333\217\021\027&\177\245\201\370;\352\262k\224\203)@O\025""; ledgerHashPrevious: ""r5V`\342WB\225\022\264\377\027\366m\353L\212_\304\2271c\333~]\222R\037\017\006\347\370""; networkTime: 803842895; firstSeq: 1; lastSeq: 51; ","newEvent: neACCEPTED_LEDGER; ledgerSeq: 15; ledgerHash: ""?'/Q%\346\271\030\341\353\340\321\030\333\217\021\027&\177\245\201\370;\352\262k\224\203)@O\025""; ledgerHashPrevious: ""r5V`\342WB\225\022\264\377\027\366m\353L\212_\304\2271c\333~]\222R\037\017\006\347\370""; networkTime: 803842895; firstSeq: 1; lastSeq: 51; "
1750527695705,1750527695705,0,1,1,4,TMStatusChange,"newEvent: neACCEPTED_LEDGER; ledgerSeq: 15; ledgerHash: ""?'/Q%\346\271\030\341\353\340\321\030\333\217\021\027&\177\245\201\370;\352\262k\224\203)@O\025""; ledgerHashPrevious: ""r5V`\342WB\225\022\264\377\027\366m\353L\212_\304\2271c\333~]\222R\037\017\006\347\370""; networkTime: 803842895; firstSeq: 1; lastSeq: 51; ","newEvent: neACCEPTED_LEDGER; ledgerSeq: 15; ledgerHash: ""?'/Q%\346\271\030\341\353\340\321\030\333\217\021\027&\177\245\201\370;\352\262k\224\203)@O\025""; ledgerHashPrevious: ""r5V`\342WB\225\022\264\377\027\366m\353L\212_\304\2271c\333~]\222R\037\017\006\347\370""; networkTime: 803842895; firstSeq: 1; lastSeq: 51; "
1750527695706,1750527695706,0,1,1,2,TMStatusChange,"newEvent: neACCEPTED_LEDGER; ledgerSeq: 15; ledgerHash: ""?'/Q%\346\271\030\341\353\340\321\030\333\217\021\027&\177\245\201\370;\352\262k\224\203)@O\025""; ledgerHashPrevious: ""r5V`\342WB\225\022\264\377\027\366m\353L\212_\304\2271c\333~]\222R\037\017\006\347\370""; networkTime: 803842895; firstSeq: 1; lastSeq: 51; ","newEvent: neACCEPTED_LEDGER; ledgerSeq: 15; ledgerHash: ""?'/Q%\346\271\030\341\353\340\321\030\333\217\021\027&\177\245\201\370;\352\262k\224\203)@O\025""; ledgerHashPrevious: ""r5V`\342WB\225\022\264\377\027\366m\353L\212_\304\2271c\333~]\222R\037\017\006\347\370""; networkTime: 803842895; firstSeq: 1; lastSeq: 51; "
1750527696477,1750527696477,0,1,3,4,TMValidation,"validation: """"\200\000\000\001&\000\000\0004)/\351\253P:p\210\265\307-\212\200\004Q_~\346\024\242\247\366\231\036\370\365\313\014\307\362i\210e\030\317\336e\256\245\026R\036\304S\352]~P\027\000\000\000\000\000\000\000\000\000\000\000\000\000\000\000\000\000\000\000\000\000\000\000\000\000\000\000\000\000\000\000\000P\031\352&\324\337\230\212\265o\2035\250\303\2760\241\364^\002Z\031Z!\300\002\364\004\232\355\234\202\021\371s!\002\364d\217\366\217|\316F\232\231\241\n\261\333`\312O\367\235\025DD\336e\367\n\312\326\221\037\025\230vF0D\002 t\363b3\234\252\tl\004\227\254z""\316\246\r.\305\250\n\254\317)B\007\360\025\221\254Ru\366\002 2\275\203\272\325J\267\261\243\204z\020~`\250cm3\n\273A]\037\275\270?\276\262-\n\025E""; ","validation: """"\200\000\000\001&\000\000\0004)/\351\253P:p\210\265\307-\212\200\004Q_~\346\024\242\247\366\231\036\370\365\313\014\307\362i\210e\030\317\336e\256\245\026R\036\304S\352]~P\027\000\000\000\000\000\000\000\000\000\000\000\000\000\000\000\000\000\000\000\000\000\000\000\000\000\000\000\000\000\000\000\000P\031\352&\324\337\230\212\265o\2035\250\303\2760\241\364^\002Z\031Z!\300\002\364\004\232\355\234\202\021\371s!\002\364d\217\366\217|\316F\232\231\241\n\261\333`\312O\367\235\025DD\336e\367\n\312\326\221\037\025\230vF0D\002 t\363b3\234\252\tl\004\227\254z""\316\246\r.\305\250\n\254\317)B\007\360\025\221\254Ru\366\002 2\275\203\272\325J\267\261\243\204z\020~`\250cm3\n\273A]\037\275\270?\276\262-\n\025E""; "
1750527696477,1750527696477,0,1,3,4,TMStatusChange,"newEvent: neACCEPTED_LEDGER; ledgerSeq: 52; ledgerHash: ""_~\346\024\242\247\366\231\036\370\365\313\014\307\362i\210e\030\317\336e\256\245\026R\036\304S\352]~""; ledgerHashPrevious: ""\352&\324\337\230\212\265o\2035\250\303\2760\241\364^\002Z\031Z!\300\002\364\004\232\355\234\202\021\371""; networkTime: 803842896; firstSeq: 1; lastSeq: 51; ","newEvent: neACCEPTED_LEDGER; ledgerSeq: 52; ledgerHash: ""_~\346\024\242\247\366\231\036\370\365\313\014\307\362i\210e\030\317\336e\256\245\026R\036\304S\352]~""; ledgerHashPrevious: ""\352&\324\337\230\212\265o\2035\250\303\2760\241\364^\002Z\031Z!\300\002\364\004\232\355\234\202\021\371""; networkTime: 803842896; firstSeq: 1; lastSeq: 51; "
1750527696478,1750527696479,0,1,3,2,TMValidation,"validation: """"\200\000\000\001&\000\000\0004)/\351\253P:p\210\265\307-\212\200\004Q_~\346\024\242\247\366\231\036\370\365\313\014\307\362i\210e\030\317\336e\256\245\026R\036\304S\352]~P\027\000\000\000\000\000\000\000\000\000\000\000\000\000\000\000\000\000\000\000\000\000\000\000\000\000\000\000\000\000\000\000\000P\031\352&\324\337\230\212\265o\2035\250\303\2760\241\364^\002Z\031Z!\300\002\364\004\232\355\234\202\021\371s!\002\364d\217\366\217|\316F\232\231\241\n\261\333`\312O\367\235\025DD\336e\367\n\312\326\221\037\025\230vF0D\002 t\363b3\234\252\tl\004\227\254z""\316\246\r.\305\250\n\254\317)B\007\360\025\221\254Ru\366\002 2\275\203\272\325J\267\261\243\204z\020~`\250cm3\n\273A]\037\275\270?\276\262-\n\025E""; ","validation: """"\200\000\000\001&\000\000\0004)/\351\253P:p\210\265\307-\212\200\004Q_~\346\024\242\247\366\231\036\370\365\313\014\307\362i\210e\030\317\336e\256\245\026R\036\304S\352]~P\027\000\000\000\000\000\000\000\000\000\000\000\000\000\000\000\000\000\000\000\000\000\000\000\000\000\000\000\000\000\000\000\000P\031\352&\324\337\230\212\265o\2035\250\303\2760\241\364^\002Z\031Z!\300\002\364\004\232\355\234\202\021\371s!\002\364d\217\366\217|\316F\232\231\241\n\261\333`\312O\367\235\025DD\336e\367\n\312\326\221\037\025\230vF0D\002 t\363b3\234\252\tl\004\227\254z""\316\246\r.\305\250\n\254\317)B\007\360\025\221\254Ru\366\002 2\275\203\272\325J\267\261\243\204z\020~`\250cm3\n\273A]\037\275\270?\276\262-\n\025E""; "
1750527696479,1750527696479,0,1,3,1,TMValidation,"validation: """"\200\000\000\001&\000\000\0004)/\351\253P:p\210\265\307-\212\200\004Q_~\346\024\242\247\366\231\036\370\365\313\014\307\362i\210e\030\317\336e\256\245\026R\036\304S\352]~P\027\000\000\000\000\000\000\000\000\000\000\000\000\000\000\000\000\000\000\000\000\000\000\000\000\000\000\000\000\000\000\000\000P\031\352&\324\337\230\212\265o\2035\250\303\2760\241\364^\002Z\031Z!\300\002\364\004\232\355\234\202\021\371s!\002\364d\217\366\217|\316F\232\231\241\n\261\333`\312O\367\235\025DD\336e\367\n\312\326\221\037\025\230vF0D\002 t\363b3\234\252\tl\004\227\254z""\316\246\r.\305\250\n\254\317)B\007\360\025\221\254Ru\366\002 2\275\203\272\325J\267\261\243\204z\020~`\250cm3\n\273A]\037\275\270?\276\262-\n\025E""; ","validation: """"\200\000\000\001&\000\000\0004)/\351\253P:p\210\265\307-\212\200\004Q_~\346\024\242\247\366\231\036\370\365\313\014\307\362i\210e\030\317\336e\256\245\026R\036\304S\352]~P\027\000\000\000\000\000\000\000\000\000\000\000\000\000\000\000\000\000\000\000\000\000\000\000\000\000\000\000\000\000\000\000\000P\031\352&\324\337\230\212\265o\2035\250\303\2760\241\364^\002Z\031Z!\300\002\364\004\232\355\234\202\021\371s!\002\364d\217\366\217|\316F\232\231\241\n\261\333`\312O\367\235\025DD\336e\367\n\312\326\221\037\025\230vF0D\002 t\363b3\234\252\tl\004\227\254z""\316\246\r.\305\250\n\254\317)B\007\360\025\221\254Ru\366\002 2\275\203\272\325J\267\261\243\204z\020~`\250cm3\n\273A]\037\275\270?\276\262-\n\025E""; "
1750527696479,1750527696479,0,1,3,0,TMValidation,"validation: """"\200\000\000\001&\000\000\0004)/\351\253P:p\210\265\307-\212\200\004Q_~\346\024\242\247\366\231\036\370\365\313\014\307\362i\210e\030\317\336e\256\245\026R\036\304S\352]~P\027\000\000\000\000\000\000\000\000\000\000\000\000\000\000\000\000\000\000\000\000\000\000\000\000\000\000\000\000\000\000\000\000P\031\352&\324\337\230\212\265o\2035\250\303\2760\241\364^\002Z\031Z!\300\002\364\004\232\355\234\202\021\371s!\002\364d\217\366\217|\316F\232\231\241\n\261\333`\312O\367\235\025DD\336e\367\n\312\326\221\037\025\230vF0D\002 t\363b3\234\252\tl\004\227\254z""\316\246\r.\305\250\n\254\317)B\007\360\025\221\254Ru\366\002 2\275\203\272\325J\267\261\243\204z\020~`\250cm3\n\273A]\037\275\270?\276\262-\n\025E""; ","validation: """"\200\000\000\001&\000\000\0004)/\351\253P:p\210\265\307-\212\200\004Q_~\346\024\242\247\366\231\036\370\365\313\014\307\362i\210e\030\317\336e\256\245\026R\036\304S\352]~P\027\000\000\000\000\000\000\000\000\000\000\000\000\000\000\000\000\000\000\000\000\000\000\000\000\000\000\000\000\000\000\000\000P\031\352&\324\337\230\212\265o\2035\250\303\2760\241\364^\002Z\031Z!\300\002\364\004\232\355\234\202\021\371s!\002\364d\217\366\217|\316F\232\231\241\n\261\333`\312O\367\235\025DD\336e\367\n\312\326\221\037\025\230vF0D\002 t\363b3\234\252\tl\004\227\254z""\316\246\r.\305\250\n\254\317)B\007\360\025\221\254Ru\366\002 2\275\203\272\325J\267\261\243\204z\020~`\250cm3\n\273A]\037\275\270?\276\262-\n\025E""; "
1750527696480,1750527696480,0,1,3,2,TMStatusChange,"newEvent: neACCEPTED_LEDGER; ledgerSeq: 52; ledgerHash: ""_~\346\024\242\247\366\231\036\370\365\313\014\307\362i\210e\030\317\336e\256\245\026R\036\304S\352]~""; ledgerHashPrevious: ""\352&\324\337\230\212\265o\2035\250\303\2760\241\364^\002Z\031Z!\300\002\364\004\232\355\234\202\021\371""; networkTime: 803842896; firstSeq: 1; lastSeq: 51; ","newEvent: neACCEPTED_LEDGER; ledgerSeq: 52; ledgerHash: ""_~\346\024\242\247\366\231\036\370\365\313\014\307\362i\210e\030\317\336e\256\245\026R\036\304S\352]~""; ledgerHashPrevious: ""\352&\324\337\230\212\265o\2035\250\303\2760\241\364^\002Z\031Z!\300\002\364\004\232\355\234\202\021\371""; networkTime: 803842896; firstSeq: 1; lastSeq: 51; "
1750527696480,1750527696480,0,1,3,1,TMStatusChange,"newEvent: neACCEPTED_LEDGER; ledgerSeq: 52; ledgerHash: ""_~\346\024\242\247\366\231\036\370\365\313\014\307\362i\210e\030\317\336e\256\245\026R\036\304S\352]~""; ledgerHashPrevious: ""\352&\324\337\230\212\265o\2035\250\303\2760\241\364^\002Z\031Z!\300\002\364\004\232\355\234\202\021\371""; networkTime: 803842896; firstSeq: 1; lastSeq: 51; ","newEvent: neACCEPTED_LEDGER; ledgerSeq: 52; ledgerHash: ""_~\346\024\242\247\366\231\036\370\365\313\014\307\362i\210e\030\317\336e\256\245\026R\036\304S\352]~""; ledgerHashPrevious: ""\352&\324\337\230\212\265o\2035\250\303\2760\241\364^\002Z\031Z!\300\002\364\004\232\355\234\202\021\371""; networkTime: 803842896; firstSeq: 1; lastSeq: 51; "
1750527696480,1750527696480,0,1,3,0,TMStatusChange,"newEvent: neACCEPTED_LEDGER; ledgerSeq: 52; ledgerHash: ""_~\346\024\242\247\366\231\036\370\365\313\014\307\362i\210e\030\317\336e\256\245\026R\036\304S\352]~""; ledgerHashPrevious: ""\352&\324\337\230\212\265o\2035\250\303\2760\241\364^\002Z\031Z!\300\002\364\004\232\355\234\202\021\371""; networkTime: 803842896; firstSeq: 1; lastSeq: 51; ","newEvent: neACCEPTED_LEDGER; ledgerSeq: 52; ledgerHash: ""_~\346\024\242\247\366\231\036\370\365\313\014\307\362i\210e\030\317\336e\256\245\026R\036\304S\352]~""; ledgerHashPrevious: ""\352&\324\337\230\212\265o\2035\250\303\2760\241\364^\002Z\031Z!\300\002\364\004\232\355\234\202\021\371""; networkTime: 803842896; firstSeq: 1; lastSeq: 51; "
1750527696482,1750527696483,0,1,4,2,TMValidation,"validation: """"\200\000\000\001&\000\000\0004)/\351\253P:p\210\265\307-\212\200\004Q_~\346\024\242\247\366\231\036\370\365\313\014\307\362i\210e\030\317\336e\256\245\026R\036\304S\352]~P\027\000\000\000\000\000\000\000\000\000\000\000\000\000\000\000\000\000\000\000\000\000\000\000\000\000\000\000\000\000\000\000\000P\031\352&\324\337\230\212\265o\2035\250\303\2760\241\364^\002Z\031Z!\300\002\364\004\232\355\234\202\021\371s!\002\364d\217\366\217|\316F\232\231\241\n\261\333`\312O\367\235\025DD\336e\367\n\312\326\221\037\025\230vF0D\002 t\363b3\234\252\tl\004\227\254z""\316\246\r.\305\250\n\254\317)B\007\360\025\221\254Ru\366\002 2\275\203\272\325J\267\261\243\204z\020~`\250cm3\n\273A]\037\275\270?\276\262-\n\025E""; ","validation: """"\200\000\000\001&\000\000\0004)/\351\253P:p\210\265\307-\212\200\004Q_~\346\024\242\247\366\231\036\370\365\313\014\307\362i\210e\030\317\336e\256\245\026R\036\304S\352]~P\027\000\000\000\000\000\000\000\000\000\000\000\000\000\000\000\000\000\000\000\000\000\000\000\000\000\000\000\000\000\000\000\000P\031\352&\324\337\230\212\265o\2035\250\303\2760\241\364^\002Z\031Z!\300\002\364\004\232\355\234\202\021\371s!\002\364d\217\366\217|\316F\232\231\241\n\261\333`\312O\367\235\025DD\336e\367\n\312\326\221\037\025\230vF0D\002 t\363b3\234\252\tl\004\227\254z""\316\246\r.\305\250\n\254\317)B\007\360\025\221\254Ru\366\002 2\275\203\272\325J\267\261\243\204z\020~`\250cm3\n\273A]\037\275\270?\276\262-\n\025E""; "
1750527696483,1750527696483,0,1,4,0,TMValidation,"validation: """"\200\000\000\001&\000\000\0004)/\351\253P:p\210\265\307-\212\200\004Q_~\346\024\242\247\366\231\036\370\365\313\014\307\362i\210e\030\317\336e\256\245\026R\036\304S\352]~P\027\000\000\000\000\000\000\000\000\000\000\000\000\000\000\000\000\000\000\000\000\000\000\000\000\000\000\000\000\000\000\000\000P\031\352&\324\337\230\212\265o\2035\250\303\2760\241\364^\002Z\031Z!\300\002\364\004\232\355\234\202\021\371s!\002\364d\217\366\217|\316F\232\231\241\n\261\333`\312O\367\235\025DD\336e\367\n\312\326\221\037\025\230vF0D\002 t\363b3\234\252\tl\004\227\254z""\316\246\r.\305\250\n\254\317)B\007\360\025\221\254Ru\366\002 2\275\203\272\325J\267\261\243\204z\020~`\250cm3\n\273A]\037\275\270?\276\262-\n\025E""; ","validation: """"\200\000\000\001&\000\000\0004)/\351\253P:p\210\265\307-\212\200\004Q_~\346\024\242\247\366\231\036\370\365\313\014\307\362i\210e\030\317\336e\256\245\026R\036\304S\352]~P\027\000\000\000\000\000\000\000\000\000\000\000\000\000\000\000\000\000\000\000\000\000\000\000\000\000\000\000\000\000\000\000\000P\031\352&\324\337\230\212\265o\2035\250\303\2760\241\364^\002Z\031Z!\300\002\364\004\232\355\234\202\021\371s!\002\364d\217\366\217|\316F\232\231\241\n\261\333`\312O\367\235\025DD\336e\367\n\312\326\221\037\025\230vF0D\002 t\363b3\234\252\tl\004\227\254z""\316\246\r.\305\250\n\254\317)B\007\360\025\221\254Ru\366\002 2\275\203\272\325J\267\261\243\204z\020~`\250cm3\n\273A]\037\275\270?\276\262-\n\025E""; "
1750527696484,1750527696484,0,1,4,0,TMGetLedger,"itype: liBASE; ledgerHash: ""_~\346\024\242\247\366\231\036\370\365\313\014\307\362i\210e\030\317\336e\256\245\026R\036\304S\352]~""; ","itype: liBASE; ledgerHash: ""_~\346\024\242\247\366\231\036\370\365\313\014\307\362i\210e\030\317\336e\256\245\026R\036\304S\352]~""; "
1750527696484,1750527696484,0,1,4,2,TMGetLedger,"itype: liBASE; ledgerHash: ""_~\346\024\242\247\366\231\036\370\365\313\014\307\362i\210e\030\317\336e\256\245\026R\036\304S\352]~""; ","itype: liBASE; ledgerHash: ""_~\346\024\242\247\366\231\036\370\365\313\014\307\362i\210e\030\317\336e\256\245\026R\036\304S\352]~""; "
1750527696485,1750527696485,0,1,4,1,TMValidation,"validation: """"\200\000\000\001&\000\000\0004)/\351\253P:p\210\265\307-\212\200\004Q_~\346\024\242\247\366\231\036\370\365\313\014\307\362i\210e\030\317\336e\256\245\026R\036\304S\352]~P\027\000\000\000\000\000\000\000\000\000\000\000\000\000\000\000\000\000\000\000\000\000\000\000\000\000\000\000\000\000\000\000\000P\031\352&\324\337\230\212\265o\2035\250\303\2760\241\364^\002Z\031Z!\300\002\364\004\232\355\234\202\021\371s!\002\364d\217\366\217|\316F\232\231\241\n\261\333`\312O\367\235\025DD\336e\367\n\312\326\221\037\025\230vF0D\002 t\363b3\234\252\tl\004\227\254z""\316\246\r.\305\250\n\254\317)B\007\360\025\221\254Ru\366\002 2\275\203\272\325J\267\261\243\204z\020~`\250cm3\n\273A]\037\275\270?\276\262-\n\025E""; ","validation: """"\200\000\000\001&\000\000\0004)/\351\253P:p\210\265\307-\212\200\004Q_~\346\024\242\247\366\231\036\370\365\313\014\307\362i\210e\030\317\336e\256\245\026R\036\304S\352]~P\027\000\000\000\000\000\000\000\000\000\000\000\000\000\000\000\000\000\000\000\000\000\000\000\000\000\000\000\000\000\000\000\000P\031\352&\324\337\230\212\265o\2035\250\303\2760\241\364^\002Z\031Z!\300\002\364\004\232\355\234\202\021\371s!\002\364d\217\366\217|\316F\232\231\241\n\261\333`\312O\367\235\025DD\336e\367\n\312\326\221\037\025\230vF0D\002 t\363b3\234\252\tl\004\227\254z""\316\246\r.\305\250\n\254\317)B\007\360\025\221\254Ru\366\002 2\275\203\272\325J\267\261\243\204z\020~`\250cm3\n\273A]\037\275\270?\276\262-\n\025E""; "
1750527696485,1750527696485,0,1,4,1,TMGetLedger,"itype: liBASE; ledgerHash: ""_~\346\024\242\247\366\231\036\370\365\313\014\307\362i\210e\030\317\336e\256\245\026R\036\304S\352]~""; ","itype: liBASE; ledgerHash: ""_~\346\024\242\247\366\231\036\370\365\313\014\307\362i\210e\030\317\336e\256\245\026R\036\304S\352]~""; "
1750527696486,1750527696486,0,1,4,3,TMGetLedger,"itype: liBASE; ledgerHash: ""_~\346\024\242\247\366\231\036\370\365\313\014\307\362i\210e\030\317\336e\256\245\026R\036\304S\352]~""; ","itype: liBASE; ledgerHash: ""_~\346\024\242\247\366\231\036\370\365\313\014\307\362i\210e\030\317\336e\256\245\026R\036\304S\352]~""; "
1750527696486,1750527696486,0,1,4,3,TMGetLedger,"itype: liBASE; ledgerHash: ""_~\346\024\242\247\366\231\036\370\365\313\014\307\362i\210e\030\317\336e\256\245\026R\036\304S\352]~""; queryType: qtINDIRECT; ","itype: liBASE; ledgerHash: ""_~\346\024\242\247\366\231\036\370\365\313\014\307\362i\210e\030\317\336e\256\245\026R\036\304S\352]~""; queryType: qtINDIRECT; "
1750527696488,1750527696488,0,1,4,2,TMGetLedger,"itype: liBASE; ledgerHash: ""_~\346\024\242\247\366\231\036\370\365\313\014\307\362i\210e\030\317\336e\256\245\026R\036\304S\352]~""; queryType: qtINDIRECT; ","itype: liBASE; ledgerHash: ""_~\346\024\242\247\366\231\036\370\365\313\014\307\362i\210e\030\317\336e\256\245\026R\036\304S\352]~""; queryType: qtINDIRECT; "
1750527696488,1750527696488,0,1,4,1,TMGetLedger,"itype: liBASE; ledgerHash: ""_~\346\024\242\247\366\231\036\370\365\313\014\307\362i\210e\030\317\336e\256\245\026R\036\304S\352]~""; queryType: qtINDIRECT; ","itype: liBASE; ledgerHash: ""_~\346\024\242\247\366\231\036\370\365\313\014\307\362i\210e\030\317\336e\256\245\026R\036\304S\352]~""; queryType: qtINDIRECT; "
1750527696488,1750527696488,0,1,4,0,TMGetLedger,"itype: liBASE; ledgerHash: ""_~\346\024\242\247\366\231\036\370\365\313\014\307\362i\210e\030\317\336e\256\245\026R\036\304S\352]~""; queryType: qtINDIRECT; ","itype: liBASE; ledgerHash: ""_~\346\024\242\247\366\231\036\370\365\313\014\307\362i\210e\030\317\336e\256\245\026R\036\304S\352]~""; queryType: qtINDIRECT; "
1750527696491,1750527696491,0,1,2,0,TMGetLedger,"itype: liBASE; ledgerHash: ""_~\346\024\242\247\366\231\036\370\365\313\014\307\362i\210e\030\317\336e\256\245\026R\036\304S\352]~""; ledgerSeq: 52; ","itype: liBASE; ledgerHash: ""_~\346\024\242\247\366\231\036\370\365\313\014\307\362i\210e\030\317\336e\256\245\026R\036\304S\352]~""; ledgerSeq: 52; "
1750527696491,1750527696491,0,1,2,1,TMGetLedger,"itype: liBASE; ledgerHash: ""_~\346\024\242\247\366\231\036\370\365\313\014\307\362i\210e\030\317\336e\256\245\026R\036\304S\352]~""; ledgerSeq: 52; ","itype: liBASE; ledgerHash: ""_~\346\024\242\247\366\231\036\370\365\313\014\307\362i\210e\030\317\336e\256\245\026R\036\304S\352]~""; ledgerSeq: 52; "
1750527696491,1750527696491,0,1,1,0,TMGetLedger,"itype: liBASE; ledgerHash: ""_~\346\024\242\247\366\231\036\370\365\313\014\307\362i\210e\030\317\336e\256\245\026R\036\304S\352]~""; ledgerSeq: 52; ","itype: liBASE; ledgerHash: ""_~\346\024\242\247\366\231\036\370\365\313\014\307\362i\210e\030\317\336e\256\245\026R\036\304S\352]~""; ledgerSeq: 52; "
1750527696492,1750527696492,0,1,1,2,TMValidation,"validation: """"\200\000\000\001&\000\000\0004)/\351\253P:p\210\265\307-\212\200\004Q_~\346\024\242\247\366\231\036\370\365\313\014\307\362i\210e\030\317\336e\256\245\026R\036\304S\352]~P\027\000\000\000\000\000\000\000\000\000\000\000\000\000\000\000\000\000\000\000\000\000\000\000\000\000\000\000\000\000\000\000\000P\031\352&\324\337\230\212\265o\2035\250\303\2760\241\364^\002Z\031Z!\300\002\364\004\232\355\234\202\021\371s!\002\364d\217\366\217|\316F\232\231\241\n\261\333`\312O\367\235\025DD\336e\367\n\312\326\221\037\025\230vF0D\002 t\363b3\234\252\tl\004\227\254z""\316\246\r.\305\250\n\254\317)B\007\360\025\221\254Ru\366\002 2\275\203\272\325J\267\261\243\204z\020~`\250cm3\n\273A]\037\275\270?\276\262-\n\025E""; ","validation: """"\200\000\000\001&\000\000\0004)/\351\253P:p\210\265\307-\212\200\004Q_~\346\024\242\247\366\231\036\370\365\313\014\307\362i\210e\030\317\336e\256\245\026R\036\304S\352]~P\027\000\000\000\000\000\000\000\000\000\000\000\000\000\000\000\000\000\000\000\000\000\000\000\000\000\000\000\000\000\000\000\000P\031\352&\324\337\230\212\265o\2035\250\303\2760\241\364^\002Z\031Z!\300\002\364\004\232\355\234\202\021\371s!\002\364d\217\366\217|\316F\232\231\241\n\261\333`\312O\367\235\025DD\336e\367\n\312\326\221\037\025\230vF0D\002 t\363b3\234\252\tl\004\227\254z""\316\246\r.\305\250\n\254\317)B\007\360\025\221\254Ru\366\002 2\275\203\272\325J\267\261\243\204z\020~`\250cm3\n\273A]\037\275\270?\276\262-\n\025E""; "
1750527696492,1750527696493,0,1,1,2,TMGetLedger,"itype: liBASE; ledgerHash: ""_~\346\024\242\247\366\231\036\370\365\313\014\307\362i\210e\030\317\336e\256\245\026R\036\304S\352]~""; ledgerSeq: 52; ","itype: liBASE; ledgerHash: ""_~\346\024\242\247\366\231\036\370\365\313\014\307\362i\210e\030\317\336e\256\245\026R\036\304S\352]~""; ledgerSeq: 52; "
1750527696493,1750527696493,0,1,1,4,TMValidation,"validation: """"\200\000\000\001&\000\000\0004)/\351\253P:p\210\265\307-\212\200\004Q_~\346\024\242\247\366\231\036\370\365\313\014\307\362i\210e\030\317\336e\256\245\026R\036\304S\352]~P\027\000\000\000\000\000\000\000\000\000\000\000\000\000\000\000\000\000\000\000\000\000\000\000\000\000\000\000\000\000\000\000\000P\031\352&\324\337\230\212\265o\2035\250\303\2760\241\364^\002Z\031Z!\300\002\364\004\232\355\234\202\021\371s!\002\364d\217\366\217|\316F\232\231\241\n\261\333`\312O\367\235\025DD\336e\367\n\312\326\221\037\025\230vF0D\002 t\363b3\234\252\tl\004\227\254z""\316\246\r.\305\250\n\254\317)B\007\360\025\221\254Ru\366\002 2\275\203\272\325J\267\261\243\204z\020~`\250cm3\n\273A]\037\275\270?\276\262-\n\025E""; ","validation: """"\200\000\000\001&\000\000\0004)/\351\253P:p\210\265\307-\212\200\004Q_~\346\024\242\247\366\231\036\370\365\313\014\307\362i\210e\030\317\336e\256\245\026R\036\304S\352]~P\027\000\000\000\000\000\000\000\000\000\000\000\000\000\000\000\000\000\000\000\000\000\000\000\000\000\000\000\000\000\000\000\000P\031\352&\324\337\230\212\265o\2035\250\303\2760\241\364^\002Z\031Z!\300\002\364\004\232\355\234\202\021\371s!\002\364d\217\366\217|\316F\232\231\241\n\261\333`\312O\367\235\025DD\336e\367\n\312\326\221\037\025\230vF0D\002 t\363b3\234\252\tl\004\227\254z""\316\246\r.\305\250\n\254\317)B\007\360\025\221\254Ru\366\002 2\275\203\272\325J\267\261\243\204z\020~`\250cm3\n\273A]\037\275\270?\276\262-\n\025E""; "
1750527696494,1750527696494,0,1,2,4,TMGetLedger,"itype: liBASE; ledgerHash: ""_~\346\024\242\247\366\231\036\370\365\313\014\307\362i\210e\030\317\336e\256\245\026R\036\304S\352]~""; ledgerSeq: 52; ","itype: liBASE; ledgerHash: ""_~\346\024\242\247\366\231\036\370\365\313\014\307\362i\210e\030\317\336e\256\245\026R\036\304S\352]~""; ledgerSeq: 52; "
1750527696494,1750527696494,0,1,1,4,TMGetLedger,"itype: liBASE; ledgerHash: ""_~\346\024\242\247\366\231\036\370\365\313\014\307\362i\210e\030\317\336e\256\245\026R\036\304S\352]~""; ledgerSeq: 52; ","itype: liBASE; ledgerHash: ""_~\346\024\242\247\366\231\036\370\365\313\014\307\362i\210e\030\317\336e\256\245\026R\036\304S\352]~""; ledgerSeq: 52; "
1750527696495,1750527696495,0,1,1,0,TMValidation,"validation: """"\200\000\000\001&\000\000\0004)/\351\253P:p\210\265\307-\212\200\004Q_~\346\024\242\247\366\231\036\370\365\313\014\307\362i\210e\030\317\336e\256\245\026R\036\304S\352]~P\027\000\000\000\000\000\000\000\000\000\000\000\000\000\000\000\000\000\000\000\000\000\000\000\000\000\000\000\000\000\000\000\000P\031\352&\324\337\230\212\265o\2035\250\303\2760\241\364^\002Z\031Z!\300\002\364\004\232\355\234\202\021\371s!\002\364d\217\366\217|\316F\232\231\241\n\261\333`\312O\367\235\025DD\336e\367\n\312\326\221\037\025\230vF0D\002 t\363b3\234\252\tl\004\227\254z""\316\246\r.\305\250\n\254\317)B\007\360\025\221\254Ru\366\002 2\275\203\272\325J\267\261\243\204z\020~`\250cm3\n\273A]\037\275\270?\276\262-\n\025E""; ","validation: """"\200\000\000\001&\000\000\0004)/\351\253P:p\210\265\307-\212\200\004Q_~\346\024\242\247\366\231\036\370\365\313\014\307\362i\210e\030\317\336e\256\245\026R\036\304S\352]~P\027\000\000\000\000\000\000\000\000\000\000\000\000\000\000\000\000\000\000\000\000\000\000\000\000\000\000\000\000\000\000\000\000P\031\352&\324\337\230\212\265o\2035\250\303\2760\241\364^\002Z\031Z!\300\002\364\004\232\355\234\202\021\371s!\002\364d\217\366\217|\316F\232\231\241\n\261\333`\312O\367\235\025DD\336e\367\n\312\326\221\037\025\230vF0D\002 t\363b3\234\252\tl\004\227\254z""\316\246\r.\305\250\n\254\317)B\007\360\025\221\254Ru\366\002 2\275\203\272\325J\267\261\243\204z\020~`\250cm3\n\273A]\037\275\270?\276\262-\n\025E""; "
1750527696495,1750527696495,0,1,1,3,TMGetLedger,"itype: liBASE; ledgerHash: ""_~\346\024\242\247\366\231\036\370\365\313\014\307\362i\210e\030\317\336e\256\245\026R\036\304S\352]~""; ledgerSeq: 52; ","itype: liBASE; ledgerHash: ""_~\346\024\242\247\366\231\036\370\365\313\014\307\362i\210e\030\317\336e\256\245\026R\036\304S\352]~""; ledgerSeq: 52; "
1750527696496,1750527696496,0,1,2,3,TMGetLedger,"itype: liBASE; ledgerHash: ""_~\346\024\242\247\366\231\036\370\365\313\014\307\362i\210e\030\317\336e\256\245\026R\036\304S\352]~""; ledgerSeq: 52; ","itype: liBASE; ledgerHash: ""_~\346\024\242\247\366\231\036\370\365\313\014\307\362i\210e\030\317\336e\256\245\026R\036\304S\352]~""; ledgerSeq: 52; "
1750527696496,1750527696496,0,1,1,0,TMGetLedger,"itype: liBASE; ledgerHash: ""_~\346\024\242\247\366\231\036\370\365\313\014\307\362i\210e\030\317\336e\256\245\026R\036\304S\352]~""; ledgerSeq: 52; queryType: qtINDIRECT; ","itype: liBASE; ledgerHash: ""_~\346\024\242\247\366\231\036\370\365\313\014\307\362i\210e\030\317\336e\256\245\026R\036\304S\352]~""; ledgerSeq: 52; queryType: qtINDIRECT; "
1750527696497,1750527696497,0,1,1,2,TMGetLedger,"itype: liBASE; ledgerHash: ""_~\346\024\242\247\366\231\036\370\365\313\014\307\362i\210e\030\317\336e\256\245\026R\036\304S\352]~""; ledgerSeq: 52; queryType: qtINDIRECT; ","itype: liBASE; ledgerHash: ""_~\346\024\242\247\366\231\036\370\365\313\014\307\362i\210e\030\317\336e\256\245\026R\036\304S\352]~""; ledgerSeq: 52; queryType: qtINDIRECT; "
1750527696498,1750527696498,0,1,1,3,TMGetLedger,"itype: liBASE; ledgerHash: ""_~\346\024\242\247\366\231\036\370\365\313\014\307\362i\210e\030\317\336e\256\245\026R\036\304S\352]~""; ledgerSeq: 52; queryType: qtINDIRECT; ","itype: liBASE; ledgerHash: ""_~\346\024\242\247\366\231\036\370\365\313\014\307\362i\210e\030\317\336e\256\245\026R\036\304S\352]~""; ledgerSeq: 52; queryType: qtINDIRECT; "
1750527696498,1750527696499,0,1,1,4,TMGetLedger,"itype: liBASE; ledgerHash: ""_~\346\024\242\247\366\231\036\370\365\313\014\307\362i\210e\030\317\336e\256\245\026R\036\304S\352]~""; ledgerSeq: 52; queryType: qtINDIRECT; ","itype: liBASE; ledgerHash: ""_~\346\024\242\247\366\231\036\370\365\313\014\307\362i\210e\030\317\336e\256\245\026R\036\304S\352]~""; ledgerSeq: 52; queryType: qtINDIRECT; "
1750527696499,1750527696499,0,1,0,4,TMGetLedger,"itype: liBASE; ledgerHash: ""_~\346\024\242\247\366\231\036\370\365\313\014\307\362i\210e\030\317\336e\256\245\026R\036\304S\352]~""; ledgerSeq: 52; ","itype: liBASE; ledgerHash: ""_~\346\024\242\247\366\231\036\370\365\313\014\307\362i\210e\030\317\336e\256\245\026R\036\304S\352]~""; ledgerSeq: 52; "
1750527696500,1750527696500,0,1,0,3,TMGetLedger,"itype: liBASE; ledgerHash: ""_~\346\024\242\247\366\231\036\370\365\313\014\307\362i\210e\030\317\336e\256\245\026R\036\304S\352]~""; ledgerSeq: 52; ","itype: liBASE; ledgerHash: ""_~\346\024\242\247\366\231\036\370\365\313\014\307\362i\210e\030\317\336e\256\245\026R\036\304S\352]~""; ledgerSeq: 52; "
1750527696500,1750527696500,0,1,0,1,TMGetLedger,"itype: liBASE; ledgerHash: ""_~\346\024\242\247\366\231\036\370\365\313\014\307\362i\210e\030\317\336e\256\245\026R\036\304S\352]~""; ledgerSeq: 52; ","itype: liBASE; ledgerHash: ""_~\346\024\242\247\366\231\036\370\365\313\014\307\362i\210e\030\317\336e\256\245\026R\036\304S\352]~""; ledgerSeq: 52; "
1750527696501,1750527696501,0,1,2,3,TMGetLedger,"itype: liBASE; ledgerHash: ""_~\346\024\242\247\366\231\036\370\365\313\014\307\362i\210e\030\317\336e\256\245\026R\036\304S\352]~""; ledgerSeq: 52; queryType: qtINDIRECT; ","itype: liBASE; ledgerHash: ""_~\346\024\242\247\366\231\036\370\365\313\014\307\362i\210e\030\317\336e\256\245\026R\036\304S\352]~""; ledgerSeq: 52; queryType: qtINDIRECT; "
1750527696502,1750527696502,0,1,0,2,TMGetLedger,"itype: liBASE; ledgerHash: ""_~\346\024\242\247\366\231\036\370\365\313\014\307\362i\210e\030\317\336e\256\245\026R\036\304S\352]~""; ledgerSeq: 52; ","itype: liBASE; ledgerHash: ""_~\346\024\242\247\366\231\036\370\365\313\014\307\362i\210e\030\317\336e\256\245\026R\036\304S\352]~""; ledgerSeq: 52; "
1750527696502,1750527696502,0,1,0,3,TMGetLedger,"itype: liBASE; ledgerHash: ""_~\346\024\242\247\366\231\036\370\365\313\014\307\362i\210e\030\317\336e\256\245\026R\036\304S\352]~""; ledgerSeq: 52; queryType: qtINDIRECT; ","itype: liBASE; ledgerHash: ""_~\346\024\242\247\366\231\036\370\365\313\014\307\362i\210e\030\317\336e\256\245\026R\036\304S\352]~""; ledgerSeq: 52; queryType: qtINDIRECT; "
1750527696502,1750527696502,0,1,2,4,TMValidation,"validation: """"\200\000\000\001&\000\000\0004)/\351\253P:p\210\265\307-\212\200\004Q_~\346\024\242\247\366\231\036\370\365\313\014\307\362i\210e\030\317\336e\256\245\026R\036\304S\352]~P\027\000\000\000\000\000\000\000\000\000\000\000\000\000\000\000\000\000\000\000\000\000\000\000\000\000\000\000\000\000\000\000\000P\031\352&\324\337\230\212\265o\2035\250\303\2760\241\364^\002Z\031Z!\300\002\364\004\232\355\234\202\021\371s!\002\364d\217\366\217|\316F\232\231\241\n\261\333`\312O\367\235\025DD\336e\367\n\312\326\221\037\025\230vF0D\002 t\363b3\234\252\tl\004\227\254z""\316\246\r.\305\250\n\254\317)B\007\360\025\221\254Ru\366\002 2\275\203\272\325J\267\261\243\204z\020~`\250cm3\n\273A]\037\275\270?\276\262-\n\025E""; ","validation: """"\200\000\000\001&\000\000\0004)/\351\253P:p\210\265\307-\212\200\004Q_~\346\024\242\247\366\231\036\370\365\313\014\307\362i\210e\030\317\336e\256\245\026R\036\304S\352]~P\027\000\000\000\000\000\000\000\000\000\000\000\000\000\000\000\000\000\000\000\000\000\000\000\000\000\000\000\000\000\000\000\000P\031\352&\324\337\230\212\265o\2035\250\303\2760\241\364^\002Z\031Z!\300\002\364\004\232\355\234\202\021\371s!\002\364d\217\366\217|\316F\232\231\241\n\261\333`\312O\367\235\025DD\336e\367\n\312\326\221\037\025\230vF0D\002 t\363b3\234\252\tl\004\227\254z""\316\246\r.\305\250\n\254\317)B\007\360\025\221\254Ru\366\002 2\275\203\272\325J\267\261\243\204z\020~`\250cm3\n\273A]\037\275\270?\276\262-\n\025E""; "
1750527696503,1750527696503,0,1,0,4,TMGetLedger,"itype: liBASE; ledgerHash: ""_~\346\024\242\247\366\231\036\370\365\313\014\307\362i\210e\030\317\336e\256\245\026R\036\304S\352]~""; ledgerSeq: 52; queryType: qtINDIRECT; ","itype: liBASE; ledgerHash: ""_~\346\024\242\247\366\231\036\370\365\313\014\307\362i\210e\030\317\336e\256\245\026R\036\304S\352]~""; ledgerSeq: 52; queryType: qtINDIRECT; "
1750527696503,1750527696504,0,1,2,4,TMGetLedger,"itype: liBASE; ledgerHash: ""_~\346\024\242\247\366\231\036\370\365\313\014\307\362i\210e\030\317\336e\256\245\026R\036\304S\352]~""; ledgerSeq: 52; queryType: qtINDIRECT; ","itype: liBASE; ledgerHash: ""_~\346\024\242\247\366\231\036\370\365\313\014\307\362i\210e\030\317\336e\256\245\026R\036\304S\352]~""; ledgerSeq: 52; queryType: qtINDIRECT; "
1750527696504,1750527696504,0,1,0,4,TMValidation,"validation: """"\200\000\000\001&\000\000\0004)/\351\253P:p\210\265\307-\212\200\004Q_~\346\024\242\247\366\231\036\370\365\313\014\307\362i\210e\030\317\336e\256\245\026R\036\304S\352]~P\027\000\000\000\000\000\000\000\000\000\000\000\000\000\000\000\000\000\000\000\000\000\000\000\000\000\000\000\000\000\000\000\000P\031\352&\324\337\230\212\265o\2035\250\303\2760\241\364^\002Z\031Z!\300\002\364\004\232\355\234\202\021\371s!\002\364d\217\366\217|\316F\232\231\241\n\261\333`\312O\367\235\025DD\336e\367\n\312\326\221\037\025\230vF0D\002 t\363b3\234\252\tl\004\227\254z""\316\246\r.\305\250\n\254\317)B\007\360\025\221\254Ru\366\002 2\275\203\272\325J\267\261\243\204z\020~`\250cm3\n\273A]\037\275\270?\276\262-\n\025E""; ","validation: """"\200\000\000\001&\000\000\0004)/\351\253P:p\210\265\307-\212\200\004Q_~\346\024\242\247\366\231\036\370\365\313\014\307\362i\210e\030\317\336e\256\245\026R\036\304S\352]~P\027\000\000\000\000\000\000\000\000\000\000\000\000\000\000\000\000\000\000\000\000\000\000\000\000\000\000\000\000\000\000\000\000P\031\352&\324\337\230\212\265o\2035\250\303\2760\241\364^\002Z\031Z!\300\002\364\004\232\355\234\202\021\371s!\002\364d\217\366\217|\316F\232\231\241\n\261\333`\312O\367\235\025DD\336e\367\n\312\326\221\037\025\230vF0D\002 t\363b3\234\252\tl\004\227\254z""\316\246\r.\305\250\n\254\317)B\007\360\025\221\254Ru\366\002 2\275\203\272\325J\267\261\243\204z\020~`\250cm3\n\273A]\037\275\270?\276\262-\n\025E""; "
1750527696505,1750527696505,0,1,3,4,TMLedgerData,"ledgerHash: ""_~\346\024\242\247\366\231\036\370\365\313\014\307\362i\210e\030\317\336e\256\245\026R\036\304S\352]~""; ledgerSeq: 52; type: liBASE; nodes {;   nodedata: ""\000\000\0004\001cEx]\211\377\330\352&\324\337\230\212\265o\2035\250\303\2760\241\364^\002Z\031Z!\300\002\364\004\232\355\234\202\021\371\000\000\000\000\000\000\000\000\000\000\000\000\000\000\000\000\000\000\000\000\000\000\000\000\000\000\000\000\000\000\000\000\347\~c5A\352o(*1\005gi\212\330o\246\22373|d\266<J\366\256\364\363\234;/\351\253L/\351\253M\n\000""; }; nodes {;   nodedata: ""\323C\344\327\264{\312-\017:\006{\177\344N\002\326bO\260\220\006\033\362\345\005U\221DzJ0\001\301\025%1L\307\t\261\262z\374\222T\301\274V\236\223\262\270Ct\362\337b\356\024*\324\320\351\317\002k\336\234\027v\351\217\260\303\360\233ZPZWr\246$w\313\313\r\243r\232\2234\373\3539:N\004Q\245\272D\312D\300\300\t\323\0257\345e\271\na\215{\226\255x%T\257\037\333\004\344_/R\006E\344\037@\210\363\010\336T\226\247'\204_{\261\370""1\235\2445\343\033Y!\212\201\341\272\225'\007-\260\032\367\307\014\201\215\273\274\212y\250\361\246\351A\007.aL\225\255\034\241_\277\317& \255\225\013\003""; }; ","ledgerHash: ""_~\346\024\242\247\366\231\036\370\365\313\014\307\362i\210e\030\317\336e\256\245\026R\036\304S\352]~""; ledgerSeq: 52; type: liBASE; nodes {;   nodedata: ""\000\000\0004\001cEx]\211\377\330\352&\324\337\230\212\265o\2035\250\303\2760\241\364^\002Z\031Z!\300\002\364\004\232\355\234\202\021\371\000\000\000\000\000\000\000\000\000\000\000\000\000\000\000\000\000\000\000\000\000\000\000\000\000\000\000\000\000\000\000\000\347\~c5A\352o(*1\005gi\212\330o\246\22373|d\266<J\366\256\364\363\234;/\351\253L/\351\253M\n\000""; }; nodes {;   nodedata: ""\323C\344\327\264{\312-\017:\006{\177\344N\002\326bO\260\220\006\033\362\345\005U\221DzJ0\001\301\025%1L\307\t\261\262z\374\222T\301\274V\236\223\262\270Ct\362\337b\356\024*\324\320\351\317\002k\336\234\027v\351\217\260\303\360\233ZPZWr\246$w\313\313\r\243r\232\2234\373\3539:N\004Q\245\272D\312D\300\300\t\323\0257\345e\271\na\215{\226\255x%T\257\037\333\004\344_/R\006E\344\037@\210\363\010\336T\226\247'\204_{\261\370""1\235\2445\343\033Y!\212\201\341\272\225'\007-\260\032\367\307\014\201\215\273\274\212y\250\361\246\351A\007.aL\225\255\034\241_\277\317& \255\225\013\003""; }; "
1750527696505,1750527696506,0,1,3,4,TMLedgerData,"ledgerHash: ""_~\346\024\242\247\366\231\036\370\365\313\014\307\362i\210e\030\317\336e\256\245\026R\036\304S\352]~""; ledgerSeq: 52; type: liBASE; nodes {;   nodedata: ""\000\000\0004\001cEx]\211\377\330\352&\324\337\230\212\265o\2035\250\303\2760\241\364^\002Z\031Z!\300\002\364\004\232\355\234\202\021\371\000\000\000\000\000\000\000\000\000\000\000\000\000\000\000\000\000\000\000\000\000\000\000\000\000\000\000\000\000\000\000\000\347\~c5A\352o(*1\005gi\212\330o\246\22373|d\266<J\366\256\364\363\234;/\351\253L/\351\253M\n\000""; }; nodes {;   nodedata: ""\323C\344\327\264{\312-\017:\006{\177\344N\002\326bO\260\220\006\033\362\345\005U\221DzJ0\001\301\025%1L\307\t\261\262z\374\222T\301\274V\236\223\262\270Ct\362\337b\356\024*\324\320\351\317\002k\336\234\027v\351\217\260\303\360\233ZPZWr\246$w\313\313\r\243r\232\2234\373\3539:N\004Q\245\272D\312D\300\300\t\323\0257\345e\271\na\215{\226\255x%T\257\037\333\004\344_/R\006E\344\037@\210\363\010\336T\226\247'\204_{\261\370""1\235\2445\343\033Y!\212\201\341\272\225'\007-\260\032\367\307\014\201\215\273\274\212y\250\361\246\351A\007.aL\225\255\034\241_\277\317& \255\225\013\003""; }; ","ledgerHash: ""_~\346\024\242\247\366\231\036\370\365\313\014\307\362i\210e\030\317\336e\256\245\026R\036\304S\352]~""; ledgerSeq: 52; type: liBASE; nodes {;   nodedata: ""\000\000\0004\001cEx]\211\377\330\352&\324\337\230\212\265o\2035\250\303\2760\241\364^\002Z\031Z!\300\002\364\004\232\355\234\202\021\371\000\000\000\000\000\000\000\000\000\000\000\000\000\000\000\000\000\000\000\000\000\000\000\000\000\000\000\000\000\000\000\000\347\~c5A\352o(*1\005gi\212\330o\246\22373|d\266<J\366\256\364\363\234;/\351\253L/\351\253M\n\000""; }; nodes {;   nodedata: ""\323C\344\327\264{\312-\017:\006{\177\344N\002\326bO\260\220\006\033\362\345\005U\221DzJ0\001\301\025%1L\307\t\261\262z\374\222T\301\274V\236\223\262\270Ct\362\337b\356\024*\324\320\351\317\002k\336\234\027v\351\217\260\303\360\233ZPZWr\246$w\313\313\r\243r\232\2234\373\3539:N\004Q\245\272D\312D\300\300\t\323\0257\345e\271\na\215{\226\255x%T\257\037\333\004\344_/R\006E\344\037@\210\363\010\336T\226\247'\204_{\261\370""1\235\2445\343\033Y!\212\201\341\272\225'\007-\260\032\367\307\014\201\215\273\274\212y\250\361\246\351A\007.aL\225\255\034\241_\277\317& \255\225\013\003""; }; "
1750527696506,1750527696506,0,1,1,3,TMGetLedger,"itype: liBASE; ledgerHash: ""_~\346\024\242\247\366\231\036\370\365\313\014\307\362i\210e\030\317\336e\256\245\026R\036\304S\352]~""; requestCookie: 5; queryType: qtINDIRECT; ","itype: liBASE; ledgerHash: ""_~\346\024\242\247\366\231\036\370\365\313\014\307\362i\210e\030\317\336e\256\245\026R\036\304S\352]~""; requestCookie: 5; queryType: qtINDIRECT; "
1750527696507,1750527696507,0,1,0,2,TMValidation,"validation: """"\200\000\000\001&\000\000\0004)/\351\253P:p\210\265\307-\212\200\004Q_~\346\024\242\247\366\231\036\370\365\313\014\307\362i\210e\030\317\336e\256\245\026R\036\304S\352]~P\027\000\000\000\000\000\000\000\000\000\000\000\000\000\000\000\000\000\000\000\000\000\000\000\000\000\000\000\000\000\000\000\000P\031\352&\324\337\230\212\265o\2035\250\303\2760\241\364^\002Z\031Z!\300\002\364\004\232\355\234\202\021\371s!\002\364d\217\366\217|\316F\232\231\241\n\261\333`\312O\367\235\025DD\336e\367\n\312\326\221\037\025\230vF0D\002 t\363b3\234\252\tl\004\227\254z""\316\246\r.\305\250\n\254\317)B\007\360\025\221\254Ru\366\002 2\275\203\272\325J\267\261\243\204z\020~`\250cm3\n\273A]\037\275\270?\276\262-\n\025E""; ","validation: """"\200\000\000\001&\000\000\0004)/\351\253P:p\210\265\307-\212\200\004Q_~\346\024\242\247\366\231\036\370\365\313\014\307\362i\210e\030\317\336e\256\245\026R\036\304S\352]~P\027\000\000\000\000\000\000\000\000\000\000\000\000\000\000\000\000\000\000\000\000\000\000\000\000\000\000\000\000\000\000\000\000P\031\352&\324\337\230\212\265o\2035\250\303\2760\241\364^\002Z\031Z!\300\002\364\004\232\355\234\202\021\371s!\002\364d\217\366\217|\316F\232\231\241\n\261\333`\312O\367\235\025DD\336e\367\n\312\326\221\037\025\230vF0D\002 t\363b3\234\252\tl\004\227\254z""\316\246\r.\305\250\n\254\317)B\007\360\025\221\254Ru\366\002 2\275\203\272\325J\267\261\243\204z\020~`\250cm3\n\273A]\037\275\270?\276\262-\n\025E""; "
1750527696507,1750527696507,0,1,0,2,TMGetLedger,"itype: liBASE; ledgerHash: ""_~\346\024\242\247\366\231\036\370\365\313\014\307\362i\210e\030\317\336e\256\245\026R\036\304S\352]~""; ledgerSeq: 52; queryType: qtINDIRECT; ","itype: liBASE; ledgerHash: ""_~\346\024\242\247\366\231\036\370\365\313\014\307\362i\210e\030\317\336e\256\245\026R\036\304S\352]~""; ledgerSeq: 52; queryType: qtINDIRECT; "
1750527696507,1750527696508,0,1,0,1,TMValidation,"validation: """"\200\000\000\001&\000\000\0004)/\351\253P:p\210\265\307-\212\200\004Q_~\346\024\242\247\366\231\036\370\365\313\014\307\362i\210e\030\317\336e\256\245\026R\036\304S\352]~P\027\000\000\000\000\000\000\000\000\000\000\000\000\000\000\000\000\000\000\000\000\000\000\000\000\000\000\000\000\000\000\000\000P\031\352&\324\337\230\212\265o\2035\250\303\2760\241\364^\002Z\031Z!\300\002\364\004\232\355\234\202\021\371s!\002\364d\217\366\217|\316F\232\231\241\n\261\333`\312O\367\235\025DD\336e\367\n\312\326\221\037\025\230vF0D\002 t\363b3\234\252\tl\004\227\254z""\316\246\r.\305\250\n\254\317)B\007\360\025\221\254Ru\366\002 2\275\203\272\325J\267\261\243\204z\020~`\250cm3\n\273A]\037\275\270?\276\262-\n\025E""; ","validation: """"\200\000\000\001&\000\000\0004)/\351\253P:p\210\265\307-\212\200\004Q_~\346\024\242\247\366\231\036\370\365\313\014\307\362i\210e\030\317\336e\256\245\026R\036\304S\352]~P\027\000\000\000\000\000\000\000\000\000\000\000\000\000\000\000\000\000\000\000\000\000\000\000\000\000\000\000\000\000\000\000\000P\031\352&\324\337\230\212\265o\2035\250\303\2760\241\364^\002Z\031Z!\300\002\364\004\232\355\234\202\021\371s!\002\364d\217\366\217|\316F\232\231\241\n\261\333`\312O\367\235\025DD\336e\367\n\312\326\221\037\025\230vF0D\002 t\363b3\234\252\tl\004\227\254z""\316\246\r.\305\250\n\254\317)B\007\360\025\221\254Ru\366\002 2\275\203\272\325J\267\261\243\204z\020~`\250cm3\n\273A]\037\275\270?\276\262-\n\025E""; "
1750527696508,1750527696508,0,1,0,1,TMGetLedger,"itype: liBASE; ledgerHash: ""_~\346\024\242\247\366\231\036\370\365\313\014\307\362i\210e\030\317\336e\256\245\026R\036\304S\352]~""; ledgerSeq: 52; queryType: qtINDIRECT; ","itype: liBASE; ledgerHash: ""_~\346\024\242\247\366\231\036\370\365\313\014\307\362i\210e\030\317\336e\256\245\026R\036\304S\352]~""; ledgerSeq: 52; queryType: qtINDIRECT; "
1750527696508,1750527696509,0,1,2,1,TMValidation,"validation: """"\200\000\000\001&\000\000\0004)/\351\253P:p\210\265\307-\212\200\004Q_~\346\024\242\247\366\231\036\370\365\313\014\307\362i\210e\030\317\336e\256\245\026R\036\304S\352]~P\027\000\000\000\000\000\000\000\000\000\000\000\000\000\000\000\000\000\000\000\000\000\000\000\000\000\000\000\000\000\000\000\000P\031\352&\324\337\230\212\265o\2035\250\303\2760\241\364^\002Z\031Z!\300\002\364\004\232\355\234\202\021\371s!\002\364d\217\366\217|\316F\232\231\241\n\261\333`\312O\367\235\025DD\336e\367\n\312\326\221\037\025\230vF0D\002 t\363b3\234\252\tl\004\227\254z""\316\246\r.\305\250\n\254\317)B\007\360\025\221\254Ru\366\002 2\275\203\272\325J\267\261\243\204z\020~`\250cm3\n\273A]\037\275\270?\276\262-\n\025E""; ","validation: """"\200\000\000\001&\000\000\0004)/\351\253P:p\210\265\307-\212\200\004Q_~\346\024\242\247\366\231\036\370\365\313\014\307\362i\210e\030\317\336e\256\245\026R\036\304S\352]~P\027\000\000\000\000\000\000\000\000\000\000\000\000\000\000\000\000\000\000\000\000\000\000\000\000\000\000\000\000\000\000\000\000P\031\352&\324\337\230\212\265o\2035\250\303\2760\241\364^\002Z\031Z!\300\002\364\004\232\355\234\202\021\371s!\002\364d\217\366\217|\316F\232\231\241\n\261\333`\312O\367\235\025DD\336e\367\n\312\326\221\037\025\230vF0D\002 t\363b3\234\252\tl\004\227\254z""\316\246\r.\305\250\n\254\317)B\007\360\025\221\254Ru\366\002 2\275\203\272\325J\267\261\243\204z\020~`\250cm3\n\273A]\037\275\270?\276\262-\n\025E""; "
1750527696509,1750527696509,0,1,2,1,TMGetLedger,"itype: liBASE; ledgerHash: ""_~\346\024\242\247\366\231\036\370\365\313\014\307\362i\210e\030\317\336e\256\245\026R\036\304S\352]~""; ledgerSeq: 52; queryType: qtINDIRECT; ","itype: liBASE; ledgerHash: ""_~\346\024\242\247\366\231\036\370\365\313\014\307\362i\210e\030\317\336e\256\245\026R\036\304S\352]~""; ledgerSeq: 52; queryType: qtINDIRECT; "
1750527696510,1750527696510,0,1,3,1,TMLedgerData,"ledgerHash: ""_~\346\024\242\247\366\231\036\370\365\313\014\307\362i\210e\030\317\336e\256\245\026R\036\304S\352]~""; ledgerSeq: 52; type: liBASE; nodes {;   nodedata: ""\000\000\0004\001cEx]\211\377\330\352&\324\337\230\212\265o\2035\250\303\2760\241\364^\002Z\031Z!\300\002\364\004\232\355\234\202\021\371\000\000\000\000\000\000\000\000\000\000\000\000\000\000\000\000\000\000\000\000\000\000\000\000\000\000\000\000\000\000\000\000\347\~c5A\352o(*1\005gi\212\330o\246\22373|d\266<J\366\256\364\363\234;/\351\253L/\351\253M\n\000""; }; nodes {;   nodedata: ""\323C\344\327\264{\312-\017:\006{\177\344N\002\326bO\260\220\006\033\362\345\005U\221DzJ0\001\301\025%1L\307\t\261\262z\374\222T\301\274V\236\223\262\270Ct\362\337b\356\024*\324\320\351\317\002k\336\234\027v\351\217\260\303\360\233ZPZWr\246$w\313\313\r\243r\232\2234\373\3539:N\004Q\245\272D\312D\300\300\t\323\0257\345e\271\na\215{\226\255x%T\257\037\333\004\344_/R\006E\344\037@\210\363\010\336T\226\247'\204_{\261\370""1\235\2445\343\033Y!\212\201\341\272\225'\007-\260\032\367\307\014\201\215\273\274\212y\250\361\246\351A\007.aL\225\255\034\241_\277\317& \255\225\013\003""; }; ","ledgerHash: ""_~\346\024\242\247\366\231\036\370\365\313\014\307\362i\210e\030\317\336e\256\245\026R\036\304S\352]~""; ledgerSeq: 52; type: liBASE; nodes {;   nodedata: ""\000\000\0004\001cEx]\211\377\330\352&\324\337\230\212\265o\2035\250\303\2760\241\364^\002Z\031Z!\300\002\364\004\232\355\234\202\021\371\000\000\000\000\000\000\000\000\000\000\000\000\000\000\000\000\000\000\000\000\000\000\000\000\000\000\000\000\000\000\000\000\347\~c5A\352o(*1\005gi\212\330o\246\22373|d\266<J\366\256\364\363\234;/\351\253L/\351\253M\n\000""; }; nodes {;   nodedata: ""\323C\344\327\264{\312-\017:\006{\177\344N\002\326bO\260\220\006\033\362\345\005U\221DzJ0\001\301\025%1L\307\t\261\262z\374\222T\301\274V\236\223\262\270Ct\362\337b\356\024*\324\320\351\317\002k\336\234\027v\351\217\260\303\360\233ZPZWr\246$w\313\313\r\243r\232\2234\373\3539:N\004Q\245\272D\312D\300\300\t\323\0257\345e\271\na\215{\226\255x%T\257\037\333\004\344_/R\006E\344\037@\210\363\010\336T\226\247'\204_{\261\370""1\235\2445\343\033Y!\212\201\341\272\225'\007-\260\032\367\307\014\201\215\273\274\212y\250\361\246\351A\007.aL\225\255\034\241_\277\317& \255\225\013\003""; }; "
1750527696510,1750527696511,0,1,3,2,TMLedgerData,"ledgerHash: ""_~\346\024\242\247\366\231\036\370\365\313\014\307\362i\210e\030\317\336e\256\245\026R\036\304S\352]~""; ledgerSeq: 52; type: liBASE; nodes {;   nodedata: ""\000\000\0004\001cEx]\211\377\330\352&\324\337\230\212\265o\2035\250\303\2760\241\364^\002Z\031Z!\300\002\364\004\232\355\234\202\021\371\000\000\000\000\000\000\000\000\000\000\000\000\000\000\000\000\000\000\000\000\000\000\000\000\000\000\000\000\000\000\000\000\347\~c5A\352o(*1\005gi\212\330o\246\22373|d\266<J\366\256\364\363\234;/\351\253L/\351\253M\n\000""; }; nodes {;   nodedata: ""\323C\344\327\264{\312-\017:\006{\177\344N\002\326bO\260\220\006\033\362\345\005U\221DzJ0\001\301\025%1L\307\t\261\262z\374\222T\301\274V\236\223\262\270Ct\362\337b\356\024*\324\320\351\317\002k\336\234\027v\351\217\260\303\360\233ZPZWr\246$w\313\313\r\243r\232\2234\373\3539:N\004Q\245\272D\312D\300\300\t\323\0257\345e\271\na\215{\226\255x%T\257\037\333\004\344_/R\006E\344\037@\210\363\010\336T\226\247'\204_{\261\370""1\235\2445\343\033Y!\212\201\341\272\225'\007-\260\032\367\307\014\201\215\273\274\212y\250\361\246\351A\007.aL\225\255\034\241_\277\317& \255\225\013\003""; }; ","ledgerHash: ""_~\346\024\242\247\366\231\036\370\365\313\014\307\362i\210e\030\317\336e\256\245\026R\036\304S\352]~""; ledgerSeq: 52; type: liBASE; nodes {;   nodedata: ""\000\000\0004\001cEx]\211\377\330\352&\324\337\230\212\265o\2035\250\303\2760\241\364^\002Z\031Z!\300\002\364\004\232\355\234\202\021\371\000\000\000\000\000\000\000\000\000\000\000\000\000\000\000\000\000\000\000\000\000\000\000\000\000\000\000\000\000\000\000\000\347\~c5A\352o(*1\005gi\212\330o\246\22373|d\266<J\366\256\364\363\234;/\351\253L/\351\253M\n\000""; }; nodes {;   nodedata: ""\323C\344\327\264{\312-\017:\006{\177\344N\002\326bO\260\220\006\033\362\345\005U\221DzJ0\001\301\025%1L\307\t\261\262z\374\222T\301\274V\236\223\262\270Ct\362\337b\356\024*\324\320\351\317\002k\336\234\027v\351\217\260\303\360\233ZPZWr\246$w\313\313\r\243r\232\2234\373\3539:N\004Q\245\272D\312D\300\300\t\323\0257\345e\271\na\215{\226\255x%T\257\037\333\004\344_/R\006E\344\037@\210\363\010\336T\226\247'\204_{\261\370""1\235\2445\343\033Y!\212\201\341\272\225'\007-\260\032\367\307\014\201\215\273\274\212y\250\361\246\351A\007.aL\225\255\034\241_\277\317& \255\225\013\003""; }; "
1750527696511,1750527696512,0,1,3,1,TMLedgerData,"ledgerHash: ""_~\346\024\242\247\366\231\036\370\365\313\014\307\362i\210e\030\317\336e\256\245\026R\036\304S\352]~""; ledgerSeq: 52; type: liBASE; nodes {;   nodedata: ""\000\000\0004\001cEx]\211\377\330\352&\324\337\230\212\265o\2035\250\303\2760\241\364^\002Z\031Z!\300\002\364\004\232\355\234\202\021\371\000\000\000\000\000\000\000\000\000\000\000\000\000\000\000\000\000\000\000\000\000\000\000\000\000\000\000\000\000\000\000\000\347\~c5A\352o(*1\005gi\212\330o\246\22373|d\266<J\366\256\364\363\234;/\351\253L/\351\253M\n\000""; }; nodes {;   nodedata: ""\323C\344\327\264{\312-\017:\006{\177\344N\002\326bO\260\220\006\033\362\345\005U\221DzJ0\001\301\025%1L\307\t\261\262z\374\222T\301\274V\236\223\262\270Ct\362\337b\356\024*\324\320\351\317\002k\336\234\027v\351\217\260\303\360\233ZPZWr\246$w\313\313\r\243r\232\2234\373\3539:N\004Q\245\272D\312D\300\300\t\323\0257\345e\271\na\215{\226\255x%T\257\037\333\004\344_/R\006E\344\037@\210\363\010\336T\226\247'\204_{\261\370""1\235\2445\343\033Y!\212\201\341\272\225'\007-\260\032\367\307\014\201\215\273\274\212y\250\361\246\351A\007.aL\225\255\034\241_\277\317& \255\225\013\003""; }; ","ledgerHash: ""_~\346\024\242\247\366\231\036\370\365\313\014\307\362i\210e\030\317\336e\256\245\026R\036\304S\352]~""; ledgerSeq: 52; type: liBASE; nodes {;   nodedata: ""\000\000\0004\001cEx]\211\377\330\352&\324\337\230\212\265o\2035\250\303\2760\241\364^\002Z\031Z!\300\002\364\004\232\355\234\202\021\371\000\000\000\000\000\000\000\000\000\000\000\000\000\000\000\000\000\000\000\000\000\000\000\000\000\000\000\000\000\000\000\000\347\~c5A\352o(*1\005gi\212\330o\246\22373|d\266<J\366\256\364\363\234;/\351\253L/\351\253M\n\000""; }; nodes {;   nodedata: ""\323C\344\327\264{\312-\017:\006{\177\344N\002\326bO\260\220\006\033\362\345\005U\221DzJ0\001\301\025%1L\307\t\261\262z\374\222T\301\274V\236\223\262\270Ct\362\337b\356\024*\324\320\351\317\002k\336\234\027v\351\217\260\303\360\233ZPZWr\246$w\313\313\r\243r\232\2234\373\3539:N\004Q\245\272D\312D\300\300\t\323\0257\345e\271\na\215{\226\255x%T\257\037\333\004\344_/R\006E\344\037@\210\363\010\336T\226\247'\204_{\261\370""1\235\2445\343\033Y!\212\201\341\272\225'\007-\260\032\367\307\014\201\215\273\274\212y\250\361\246\351A\007.aL\225\255\034\241_\277\317& \255\225\013\003""; }; "
1750527696512,1750527696512,0,1,4,3,TMGetLedger,"itype: liBASE; ledgerHash: ""_~\346\024\242\247\366\231\036\370\365\313\014\307\362i\210e\030\317\336e\256\245\026R\036\304S\352]~""; ledgerSeq: 52; requestCookie: 2; queryType: qtINDIRECT; ","itype: liBASE; ledgerHash: ""_~\346\024\242\247\366\231\036\370\365\313\014\307\362i\210e\030\317\336e\256\245\026R\036\304S\352]~""; ledgerSeq: 52; requestCookie: 2; queryType: qtINDIRECT; "
1750527696512,1750527696513,0,1,3,0,TMLedgerData,"ledgerHash: ""_~\346\024\242\247\366\231\036\370\365\313\014\307\362i\210e\030\317\336e\256\245\026R\036\304S\352]~""; ledgerSeq: 52; type: liBASE; nodes {;   nodedata: ""\000\000\0004\001cEx]\211\377\330\352&\324\337\230\212\265o\2035\250\303\2760\241\364^\002Z\031Z!\300\002\364\004\232\355\234\202\021\371\000\000\000\000\000\000\000\000\000\000\000\000\000\000\000\000\000\000\000\000\000\000\000\000\000\000\000\000\000\000\000\000\347\~c5A\352o(*1\005gi\212\330o\246\22373|d\266<J\366\256\364\363\234;/\351\253L/\351\253M\n\000""; }; nodes {;   nodedata: ""\323C\344\327\264{\312-\017:\006{\177\344N\002\326bO\260\220\006\033\362\345\005U\221DzJ0\001\301\025%1L\307\t\261\262z\374\222T\301\274V\236\223\262\270Ct\362\337b\356\024*\324\320\351\317\002k\336\234\027v\351\217\260\303\360\233ZPZWr\246$w\313\313\r\243r\232\2234\373\3539:N\004Q\245\272D\312D\300\300\t\323\0257\345e\271\na\215{\226\255x%T\257\037\333\004\344_/R\006E\344\037@\210\363\010\336T\226\247'\204_{\261\370""1\235\2445\343\033Y!\212\201\341\272\225'\007-\260\032\367\307\014\201\215\273\274\212y\250\361\246\351A\007.aL\225\255\034\241_\277\317& \255\225\013\003""; }; ","ledgerHash: ""_~\346\024\242\247\366\231\036\370\365\313\014\307\362i\210e\030\317\336e\256\245\026R\036\304S\352]~""; ledgerSeq: 52; type: liBASE; nodes {;   nodedata: ""\000\000\0004\001cEx]\211\377\330\352&\324\337\230\212\265o\2035\250\303\2760\241\364^\002Z\031Z!\300\002\364\004\232\355\234\202\021\371\000\000\000\000\000\000\000\000\000\000\000\000\000\000\000\000\000\000\000\000\000\000\000\000\000\000\000\000\000\000\000\000\347\~c5A\352o(*1\005gi\212\330o\246\22373|d\266<J\366\256\364\363\234;/\351\253L/\351\253M\n\000""; }; nodes {;   nodedata: ""\323C\344\327\264{\312-\017:\006{\177\344N\002\326bO\260\220\006\033\362\345\005U\221DzJ0\001\301\025%1L\307\t\261\262z\374\222T\301\274V\236\223\262\270Ct\362\337b\356\024*\324\320\351\317\002k\336\234\027v\351\217\260\303\360\233ZPZWr\246$w\313\313\r\243r\232\2234\373\3539:N\004Q\245\272D\312D\300\300\t\323\0257\345e\271\na\215{\226\255x%T\257\037\333\004\344_/R\006E\344\037@\210\363\010\336T\226\247'\204_{\261\370""1\235\2445\343\033Y!\212\201\341\272\225'\007-\260\032\367\307\014\201\215\273\274\212y\250\361\246\351A\007.aL\225\255\034\241_\277\317& \255\225\013\003""; }; "
1750527696513,1750527696513,0,1,3,2,TMLedgerData,"ledgerHash: ""_~\346\024\242\247\366\231\036\370\365\313\014\307\362i\210e\030\317\336e\256\245\026R\036\304S\352]~""; ledgerSeq: 52; type: liBASE; nodes {;   nodedata: ""\000\000\0004\001cEx]\211\377\330\352&\324\337\230\212\265o\2035\250\303\2760\241\364^\002Z\031Z!\300\002\364\004\232\355\234\202\021\371\000\000\000\000\000\000\000\000\000\000\000\000\000\000\000\000\000\000\000\000\000\000\000\000\000\000\000\000\000\000\000\000\347\~c5A\352o(*1\005gi\212\330o\246\22373|d\266<J\366\256\364\363\234;/\351\253L/\351\253M\n\000""; }; nodes {;   nodedata: ""\323C\344\327\264{\312-\017:\006{\177\344N\002\326bO\260\220\006\033\362\345\005U\221DzJ0\001\301\025%1L\307\t\261\262z\374\222T\301\274V\236\223\262\270Ct\362\337b\356\024*\324\320\351\317\002k\336\234\027v\351\217\260\303\360\233ZPZWr\246$w\313\313\r\243r\232\2234\373\3539:N\004Q\245\272D\312D\300\300\t\323\0257\345e\271\na\215{\226\255x%T\257\037\333\004\344_/R\006E\344\037@\210\363\010\336T\226\247'\204_{\261\370""1\235\2445\343\033Y!\212\201\341\272\225'\007-\260\032\367\307\014\201\215\273\274\212y\250\361\246\351A\007.aL\225\255\034\241_\277\317& \255\225\013\003""; }; ","ledgerHash: ""_~\346\024\242\247\366\231\036\370\365\313\014\307\362i\210e\030\317\336e\256\245\026R\036\304S\352]~""; ledgerSeq: 52; type: liBASE; nodes {;   nodedata: ""\000\000\0004\001cEx]\211\377\330\352&\324\337\230\212\265o\2035\250\303\2760\241\364^\002Z\031Z!\300\002\364\004\232\355\234\202\021\371\000\000\000\000\000\000\000\000\000\000\000\000\000\000\000\000\000\000\000\000\000\000\000\000\000\000\000\000\000\000\000\000\347\~c5A\352o(*1\005gi\212\330o\246\22373|d\266<J\366\256\364\363\234;/\351\253L/\351\253M\n\000""; }; nodes {;   nodedata: ""\323C\344\327\264{\312-\017:\006{\177\344N\002\326bO\260\220\006\033\362\345\005U\221DzJ0\001\301\025%1L\307\t\261\262z\374\222T\301\274V\236\223\262\270Ct\362\337b\356\024*\324\320\351\317\002k\336\234\027v\351\217\260\303\360\233ZPZWr\246$w\313\313\r\243r\232\2234\373\3539:N\004Q\245\272D\312D\300\300\t\323\0257\345e\271\na\215{\226\255x%T\257\037\333\004\344_/R\006E\344\037@\210\363\010\336T\226\247'\204_{\261\370""1\235\2445\343\033Y!\212\201\341\272\225'\007-\260\032\367\307\014\201\215\273\274\212y\250\361\246\351A\007.aL\225\255\034\241_\277\317& \255\225\013\003""; }; "
1750527696513,1750527696514,0,1,2,0,TMGetLedger,"itype: liBASE; ledgerHash: ""_~\346\024\242\247\366\231\036\370\365\313\014\307\362i\210e\030\317\336e\256\245\026R\036\304S\352]~""; ledgerSeq: 52; queryType: qtINDIRECT; ","itype: liBASE; ledgerHash: ""_~\346\024\242\247\366\231\036\370\365\313\014\307\362i\210e\030\317\336e\256\245\026R\036\304S\352]~""; ledgerSeq: 52; queryType: qtINDIRECT; "
1750527696514,1750527696514,0,1,3,0,TMLedgerData,"ledgerHash: ""_~\346\024\242\247\366\231\036\370\365\313\014\307\362i\210e\030\317\336e\256\245\026R\036\304S\352]~""; ledgerSeq: 52; type: liBASE; nodes {;   nodedata: ""\000\000\0004\001cEx]\211\377\330\352&\324\337\230\212\265o\2035\250\303\2760\241\364^\002Z\031Z!\300\002\364\004\232\355\234\202\021\371\000\000\000\000\000\000\000\000\000\000\000\000\000\000\000\000\000\000\000\000\000\000\000\000\000\000\000\000\000\000\000\000\347\~c5A\352o(*1\005gi\212\330o\246\22373|d\266<J\366\256\364\363\234;/\351\253L/\351\253M\n\000""; }; nodes {;   nodedata: ""\323C\344\327\264{\312-\017:\006{\177\344N\002\326bO\260\220\006\033\362\345\005U\221DzJ0\001\301\025%1L\307\t\261\262z\374\222T\301\274V\236\223\262\270Ct\362\337b\356\024*\324\320\351\317\002k\336\234\027v\351\217\260\303\360\233ZPZWr\246$w\313\313\r\243r\232\2234\373\3539:N\004Q\245\272D\312D\300\300\t\323\0257\345e\271\na\215{\226\255x%T\257\037\333\004\344_/R\006E\344\037@\210\363\010\336T\226\247'\204_{\261\370""1\235\2445\343\033Y!\212\201\341\272\225'\007-\260\032\367\307\014\201\215\273\274\212y\250\361\246\351A\007.aL\225\255\034\241_\277\317& \255\225\013\003""; }; ","ledgerHash: ""_~\346\024\242\247\366\231\036\370\365\313\014\307\362i\210e\030\317\336e\256\245\026R\036\304S\352]~""; ledgerSeq: 52; type: liBASE; nodes {;   nodedata: ""\000\000\0004\001cEx]\211\377\330\352&\324\337\230\212\265o\2035\250\303\2760\241\364^\002Z\031Z!\300\002\364\004\232\355\234\202\021\371\000\000\000\000\000\000\000\000\000\000\000\000\000\000\000\000\000\000\000\000\000\000\000\000\000\000\000\000\000\000\000\000\347\~c5A\352o(*1\005gi\212\330o\246\22373|d\266<J\366\256\364\363\234;/\351\253L/\351\253M\n\000""; }; nodes {;   nodedata: ""\323C\344\327\264{\312-\017:\006{\177\344N\002\326bO\260\220\006\033\362\345\005U\221DzJ0\001\301\025%1L\307\t\261\262z\374\222T\301\274V\236\223\262\270Ct\362\337b\356\024*\324\320\351\317\002k\336\234\027v\351\217\260\303\360\233ZPZWr\246$w\313\313\r\243r\232\2234\373\3539:N\004Q\245\272D\312D\300\300\t\323\0257\345e\271\na\215{\226\255x%T\257\037\333\004\344_/R\006E\344\037@\210\363\010\336T\226\247'\204_{\261\370""1\235\2445\343\033Y!\212\201\341\272\225'\007-\260\032\367\307\014\201\215\273\274\212y\250\361\246\351A\007.aL\225\255\034\241_\277\317& \255\225\013\003""; }; "
1750527696515,1750527696515,0,1,2,0,TMValidation,"validation: """"\200\000\000\001&\000\000\0004)/\351\253P:p\210\265\307-\212\200\004Q_~\346\024\242\247\366\231\036\370\365\313\014\307\362i\210e\030\317\336e\256\245\026R\036\304S\352]~P\027\000\000\000\000\000\000\000\000\000\000\000\000\000\000\000\000\000\000\000\000\000\000\000\000\000\000\000\000\000\000\000\000P\031\352&\324\337\230\212\265o\2035\250\303\2760\241\364^\002Z\031Z!\300\002\364\004\232\355\234\202\021\371s!\002\364d\217\366\217|\316F\232\231\241\n\261\333`\312O\367\235\025DD\336e\367\n\312\326\221\037\025\230vF0D\002 t\363b3\234\252\tl\004\227\254z""\316\246\r.\305\250\n\254\317)B\007\360\025\221\254Ru\366\002 2\275\203\272\325J\267\261\243\204z\020~`\250cm3\n\273A]\037\275\270?\276\262-\n\025E""; ","validation: """"\200\000\000\001&\000\000\0004)/\351\253P:p\210\265\307-\212\200\004Q_~\346\024\242\247\366\231\036\370\365\313\014\307\362i\210e\030\317\336e\256\245\026R\036\304S\352]~P\027\000\000\000\000\000\000\000\000\000\000\000\000\000\000\000\000\000\000\000\000\000\000\000\000\000\000\000\000\000\000\000\000P\031\352&\324\337\230\212\265o\2035\250\303\2760\241\364^\002Z\031Z!\300\002\364\004\232\355\234\202\021\371s!\002\364d\217\366\217|\316F\232\231\241\n\261\333`\312O\367\235\025DD\336e\367\n\312\326\221\037\025\230vF0D\002 t\363b3\234\252\tl\004\227\254z""\316\246\r.\305\250\n\254\317)B\007\360\025\221\254Ru\366\002 2\275\203\272\325J\267\261\243\204z\020~`\250cm3\n\273A]\037\275\270?\276\262-\n\025E""; "
1750527696515,1750527696515,0,1,4,3,TMGetLedger,"itype: liBASE; ledgerHash: ""_~\346\024\242\247\366\231\036\370\365\313\014\307\362i\210e\030\317\336e\256\245\026R\036\304S\352]~""; ledgerSeq: 52; requestCookie: 1; queryType: qtINDIRECT; ","itype: liBASE; ledgerHash: ""_~\346\024\242\247\366\231\036\370\365\313\014\307\362i\210e\030\317\336e\256\245\026R\036\304S\352]~""; ledgerSeq: 52; requestCookie: 1; queryType: qtINDIRECT; "
1750527696515,1750527696515,0,1,4,3,TMGetLedger,"itype: liBASE; ledgerHash: ""_~\346\024\242\247\366\231\036\370\365\313\014\307\362i\210e\030\317\336e\256\245\026R\036\304S\352]~""; ledgerSeq: 52; requestCookie: 3; queryType: qtINDIRECT; ","itype: liBASE; ledgerHash: ""_~\346\024\242\247\366\231\036\370\365\313\014\307\362i\210e\030\317\336e\256\245\026R\036\304S\352]~""; ledgerSeq: 52; requestCookie: 3; queryType: qtINDIRECT; "
1750527696516,1750527696516,0,1,4,3,TMGetLedger,"itype: liAS_NODE; ledgerHash: ""_~\346\024\242\247\366\231\036\370\365\313\014\307\362i\210e\030\317\336e\256\245\026R\036\304S\352]~""; ledgerSeq: 52; nodeIDs: ""\260\000\000\000\000\000\000\000\000\000\000\000\000\000\000\000\000\000\000\000\000\000\000\000\000\000\000\000\000\000\000\000\001""; queryType: qtINDIRECT; queryDepth: 1; ","itype: liAS_NODE; ledgerHash: ""_~\346\024\242\247\366\231\036\370\365\313\014\307\362i\210e\030\317\336e\256\245\026R\036\304S\352]~""; ledgerSeq: 52; nodeIDs: ""\260\000\000\000\000\000\000\000\000\000\000\000\000\000\000\000\000\000\000\000\000\000\000\000\000\000\000\000\000\000\000\000\001""; queryType: qtINDIRECT; queryDepth: 1; "
1750527696517,1750527696517,0,1,3,1,TMLedgerData,"ledgerHash: ""_~\346\024\242\247\366\231\036\370\365\313\014\307\362i\210e\030\317\336e\256\245\026R\036\304S\352]~""; ledgerSeq: 52; type: liBASE; nodes {;   nodedata: ""\000\000\0004\001cEx]\211\377\330\352&\324\337\230\212\265o\2035\250\303\2760\241\364^\002Z\031Z!\300\002\364\004\232\355\234\202\021\371\000\000\000\000\000\000\000\000\000\000\000\000\000\000\000\000\000\000\000\000\000\000\000\000\000\000\000\000\000\000\000\000\347\~c5A\352o(*1\005gi\212\330o\246\22373|d\266<J\366\256\364\363\234;/\351\253L/\351\253M\n\000""; }; nodes {;   nodedata: ""\323C\344\327\264{\312-\017:\006{\177\344N\002\326bO\260\220\006\033\362\345\005U\221DzJ0\001\301\025%1L\307\t\261\262z\374\222T\301\274V\236\223\262\270Ct\362\337b\356\024*\324\320\351\317\002k\336\234\027v\351\217\260\303\360\233ZPZWr\246$w\313\313\r\243r\232\2234\373\3539:N\004Q\245\272D\312D\300\300\t\323\0257\345e\271\na\215{\226\255x%T\257\037\333\004\344_/R\006E\344\037@\210\363\010\336T\226\247'\204_{\261\370""1\235\2445\343\033Y!\212\201\341\272\225'\007-\260\032\367\307\014\201\215\273\274\212y\250\361\246\351A\007.aL\225\255\034\241_\277\317& \255\225\013\003""; }; requestCookie: 5; ","ledgerHash: ""_~\346\024\242\247\366\231\036\370\365\313\014\307\362i\210e\030\317\336e\256\245\026R\036\304S\352]~""; ledgerSeq: 52; type: liBASE; nodes {;   nodedata: ""\000\000\0004\001cEx]\211\377\330\352&\324\337\230\212\265o\2035\250\303\2760\241\364^\002Z\031Z!\300\002\364\004\232\355\234\202\021\371\000\000\000\000\000\000\000\000\000\000\000\000\000\000\000\000\000\000\000\000\000\000\000\000\000\000\000\000\000\000\000\000\347\~c5A\352o(*1\005gi\212\330o\246\22373|d\266<J\366\256\364\363\234;/\351\253L/\351\253M\n\000""; }; nodes {;   nodedata: ""\323C\344\327\264{\312-\017:\006{\177\344N\002\326bO\260\220\006\033\362\345\005U\221DzJ0\001\301\025%1L\307\t\261\262z\374\222T\301\274V\236\223\262\270Ct\362\337b\356\024*\324\320\351\317\002k\336\234\027v\351\217\260\303\360\233ZPZWr\246$w\313\313\r\243r\232\2234\373\3539:N\004Q\245\272D\312D\300\300\t\323\0257\345e\271\na\215{\226\255x%T\257\037\333\004\344_/R\006E\344\037@\210\363\010\336T\226\247'\204_{\261\370""1\235\2445\343\033Y!\212\201\341\272\225'\007-\260\032\367\307\014\201\215\273\274\212y\250\361\246\351A\007.aL\225\255\034\241_\277\317& \255\225\013\003""; }; requestCookie: 5; "
1750527696517,1750527696517,0,1,1,3,TMGetLedger,"itype: liBASE; ledgerHash: ""_~\346\024\242\247\366\231\036\370\365\313\014\307\362i\210e\030\317\336e\256\245\026R\036\304S\352]~""; ledgerSeq: 52; requestCookie: 3; queryType: qtINDIRECT; ","itype: liBASE; ledgerHash: ""_~\346\024\242\247\366\231\036\370\365\313\014\307\362i\210e\030\317\336e\256\245\026R\036\304S\352]~""; ledgerSeq: 52; requestCookie: 3; queryType: qtINDIRECT; "
1750527696518,1750527696518,0,1,1,3,TMGetLedger,"itype: liBASE; ledgerHash: ""_~\346\024\242\247\366\231\036\370\365\313\014\307\362i\210e\030\317\336e\256\245\026R\036\304S\352]~""; ledgerSeq: 52; requestCookie: 2; queryType: qtINDIRECT; ","itype: liBASE; ledgerHash: ""_~\346\024\242\247\366\231\036\370\365\313\014\307\362i\210e\030\317\336e\256\245\026R\036\304S\352]~""; ledgerSeq: 52; requestCookie: 2; queryType: qtINDIRECT; "
1750527696519,1750527696519,0,1,2,3,TMGetLedger,"itype: liBASE; ledgerHash: ""_~\346\024\242\247\366\231\036\370\365\313\014\307\362i\210e\030\317\336e\256\245\026R\036\304S\352]~""; requestCookie: 5; queryType: qtINDIRECT; ","itype: liBASE; ledgerHash: ""_~\346\024\242\247\366\231\036\370\365\313\014\307\362i\210e\030\317\336e\256\245\026R\036\304S\352]~""; requestCookie: 5; queryType: qtINDIRECT; "
1750527696519,1750527696519,0,1,2,3,TMGetLedger,"itype: liBASE; ledgerHash: ""_~\346\024\242\247\366\231\036\370\365\313\014\307\362i\210e\030\317\336e\256\245\026R\036\304S\352]~""; ledgerSeq: 52; requestCookie: 3; queryType: qtINDIRECT; ","itype: liBASE; ledgerHash: ""_~\346\024\242\247\366\231\036\370\365\313\014\307\362i\210e\030\317\336e\256\245\026R\036\304S\352]~""; ledgerSeq: 52; requestCookie: 3; queryType: qtINDIRECT; "
1750527696520,1750527696520,0,1,2,3,TMGetLedger,"itype: liBASE; ledgerHash: ""_~\346\024\242\247\366\231\036\370\365\313\014\307\362i\210e\030\317\336e\256\245\026R\036\304S\352]~""; ledgerSeq: 52; requestCookie: 2; queryType: qtINDIRECT; ","itype: liBASE; ledgerHash: ""_~\346\024\242\247\366\231\036\370\365\313\014\307\362i\210e\030\317\336e\256\245\026R\036\304S\352]~""; ledgerSeq: 52; requestCookie: 2; queryType: qtINDIRECT; "
1750527696520,1750527696520,0,1,1,3,TMGetLedger,"itype: liAS_NODE; ledgerHash: ""_~\346\024\242\247\366\231\036\370\365\313\014\307\362i\210e\030\317\336e\256\245\026R\036\304S\352]~""; ledgerSeq: 52; nodeIDs: ""\260\000\000\000\000\000\000\000\000\000\000\000\000\000\000\000\000\000\000\000\000\000\000\000\000\000\000\000\000\000\000\000\001""; queryType: qtINDIRECT; queryDepth: 1; ","itype: liAS_NODE; ledgerHash: ""_~\346\024\242\247\366\231\036\370\365\313\014\307\362i\210e\030\317\336e\256\245\026R\036\304S\352]~""; ledgerSeq: 52; nodeIDs: ""\260\000\000\000\000\000\000\000\000\000\000\000\000\000\000\000\000\000\000\000\000\000\000\000\000\000\000\000\000\000\000\000\001""; queryType: qtINDIRECT; queryDepth: 1; "
1750527696521,1750527696521,0,1,3,4,TMLedgerData,"ledgerHash: ""_~\346\024\242\247\366\231\036\370\365\313\014\307\362i\210e\030\317\336e\256\245\026R\036\304S\352]~""; ledgerSeq: 52; type: liBASE; nodes {;   nodedata: ""\000\000\0004\001cEx]\211\377\330\352&\324\337\230\212\265o\2035\250\303\2760\241\364^\002Z\031Z!\300\002\364\004\232\355\234\202\021\371\000\000\000\000\000\000\000\000\000\000\000\000\000\000\000\000\000\000\000\000\000\000\000\000\000\000\000\000\000\000\000\000\347\~c5A\352o(*1\005gi\212\330o\246\22373|d\266<J\366\256\364\363\234;/\351\253L/\351\253M\n\000""; }; nodes {;   nodedata: ""\323C\344\327\264{\312-\017:\006{\177\344N\002\326bO\260\220\006\033\362\345\005U\221DzJ0\001\301\025%1L\307\t\261\262z\374\222T\301\274V\236\223\262\270Ct\362\337b\356\024*\324\320\351\317\002k\336\234\027v\351\217\260\303\360\233ZPZWr\246$w\313\313\r\243r\232\2234\373\3539:N\004Q\245\272D\312D\300\300\t\323\0257\345e\271\na\215{\226\255x%T\257\037\333\004\344_/R\006E\344\037@\210\363\010\336T\226\247'\204_{\261\370""1\235\2445\343\033Y!\212\201\341\272\225'\007-\260\032\367\307\014\201\215\273\274\212y\250\361\246\351A\007.aL\225\255\034\241_\277\317& \255\225\013\003""; }; requestCookie: 2; ","ledgerHash: ""_~\346\024\242\247\366\231\036\370\365\313\014\307\362i\210e\030\317\336e\256\245\026R\036\304S\352]~""; ledgerSeq: 52; type: liBASE; nodes {;   nodedata: ""\000\000\0004\001cEx]\211\377\330\352&\324\337\230\212\265o\2035\250\303\2760\241\364^\002Z\031Z!\300\002\364\004\232\355\234\202\021\371\000\000\000\000\000\000\000\000\000\000\000\000\000\000\000\000\000\000\000\000\000\000\000\000\000\000\000\000\000\000\000\000\347\~c5A\352o(*1\005gi\212\330o\246\22373|d\266<J\366\256\364\363\234;/\351\253L/\351\253M\n\000""; }; nodes {;   nodedata: ""\323C\344\327\264{\312-\017:\006{\177\344N\002\326bO\260\220\006\033\362\345\005U\221DzJ0\001\301\025%1L\307\t\261\262z\374\222T\301\274V\236\223\262\270Ct\362\337b\356\024*\324\320\351\317\002k\336\234\027v\351\217\260\303\360\233ZPZWr\246$w\313\313\r\243r\232\2234\373\3539:N\004Q\245\272D\312D\300\300\t\323\0257\345e\271\na\215{\226\255x%T\257\037\333\004\344_/R\006E\344\037@\210\363\010\336T\226\247'\204_{\261\370""1\235\2445\343\033Y!\212\201\341\272\225'\007-\260\032\367\307\014\201\215\273\274\212y\250\361\246\351A\007.aL\225\255\034\241_\277\317& \255\225\013\003""; }; requestCookie: 2; "
1750527696522,1750527696522,0,1,0,3,TMGetLedger,"itype: liBASE; ledgerHash: ""_~\346\024\242\247\366\231\036\370\365\313\014\307\362i\210e\030\317\336e\256\245\026R\036\304S\352]~""; requestCookie: 5; queryType: qtINDIRECT; ","itype: liBASE; ledgerHash: ""_~\346\024\242\247\366\231\036\370\365\313\014\307\362i\210e\030\317\336e\256\245\026R\036\304S\352]~""; requestCookie: 5; queryType: qtINDIRECT; "
1750527696522,1750527696522,0,1,0,3,TMGetLedger,"itype: liBASE; ledgerHash: ""_~\346\024\242\247\366\231\036\370\365\313\014\307\362i\210e\030\317\336e\256\245\026R\036\304S\352]~""; ledgerSeq: 52; requestCookie: 2; queryType: qtINDIRECT; ","itype: liBASE; ledgerHash: ""_~\346\024\242\247\366\231\036\370\365\313\014\307\362i\210e\030\317\336e\256\245\026R\036\304S\352]~""; ledgerSeq: 52; requestCookie: 2; queryType: qtINDIRECT; "
1750527696523,1750527696523,0,1,2,3,TMGetLedger,"itype: liAS_NODE; ledgerHash: ""_~\346\024\242\247\366\231\036\370\365\313\014\307\362i\210e\030\317\336e\256\245\026R\036\304S\352]~""; ledgerSeq: 52; nodeIDs: ""\260\000\000\000\000\000\000\000\000\000\000\000\000\000\000\000\000\000\000\000\000\000\000\000\000\000\000\000\000\000\000\000\001""; queryType: qtINDIRECT; queryDepth: 1; ","itype: liAS_NODE; ledgerHash: ""_~\346\024\242\247\366\231\036\370\365\313\014\307\362i\210e\030\317\336e\256\245\026R\036\304S\352]~""; ledgerSeq: 52; nodeIDs: ""\260\000\000\000\000\000\000\000\000\000\000\000\000\000\000\000\000\000\000\000\000\000\000\000\000\000\000\000\000\000\000\000\001""; queryType: qtINDIRECT; queryDepth: 1; "
1750527696523,1750527696523,0,1,0,3,TMGetLedger,"itype: liBASE; ledgerHash: ""_~\346\024\242\247\366\231\036\370\365\313\014\307\362i\210e\030\317\336e\256\245\026R\036\304S\352]~""; ledgerSeq: 52; requestCookie: 3; queryType: qtINDIRECT; ","itype: liBASE; ledgerHash: ""_~\346\024\242\247\366\231\036\370\365\313\014\307\362i\210e\030\317\336e\256\245\026R\036\304S\352]~""; ledgerSeq: 52; requestCookie: 3; queryType: qtINDIRECT; "
1750527696524,1750527696524,0,1,0,3,TMGetLedger,"itype: liAS_NODE; ledgerHash: ""_~\346\024\242\247\366\231\036\370\365\313\014\307\362i\210e\030\317\336e\256\245\026R\036\304S\352]~""; ledgerSeq: 52; nodeIDs: ""\260\000\000\000\000\000\000\000\000\000\000\000\000\000\000\000\000\000\000\000\000\000\000\000\000\000\000\000\000\000\000\000\001""; queryType: qtINDIRECT; queryDepth: 1; ","itype: liAS_NODE; ledgerHash: ""_~\346\024\242\247\366\231\036\370\365\313\014\307\362i\210e\030\317\336e\256\245\026R\036\304S\352]~""; ledgerSeq: 52; nodeIDs: ""\260\000\000\000\000\000\000\000\000\000\000\000\000\000\000\000\000\000\000\000\000\000\000\000\000\000\000\000\000\000\000\000\001""; queryType: qtINDIRECT; queryDepth: 1; "
1750527696524,1750527696525,0,1,3,4,TMLedgerData,"ledgerHash: ""_~\346\024\242\247\366\231\036\370\365\313\014\307\362i\210e\030\317\336e\256\245\026R\036\304S\352]~""; ledgerSeq: 52; type: liBASE; nodes {;   nodedata: ""\000\000\0004\001cEx]\211\377\330\352&\324\337\230\212\265o\2035\250\303\2760\241\364^\002Z\031Z!\300\002\364\004\232\355\234\202\021\371\000\000\000\000\000\000\000\000\000\000\000\000\000\000\000\000\000\000\000\000\000\000\000\000\000\000\000\000\000\000\000\000\347\~c5A\352o(*1\005gi\212\330o\246\22373|d\266<J\366\256\364\363\234;/\351\253L/\351\253M\n\000""; }; nodes {;   nodedata: ""\323C\344\327\264{\312-\017:\006{\177\344N\002\326bO\260\220\006\033\362\345\005U\221DzJ0\001\301\025%1L\307\t\261\262z\374\222T\301\274V\236\223\262\270Ct\362\337b\356\024*\324\320\351\317\002k\336\234\027v\351\217\260\303\360\233ZPZWr\246$w\313\313\r\243r\232\2234\373\3539:N\004Q\245\272D\312D\300\300\t\323\0257\345e\271\na\215{\226\255x%T\257\037\333\004\344_/R\006E\344\037@\210\363\010\336T\226\247'\204_{\261\370""1\235\2445\343\033Y!\212\201\341\272\225'\007-\260\032\367\307\014\201\215\273\274\212y\250\361\246\351A\007.aL\225\255\034\241_\277\317& \255\225\013\003""; }; requestCookie: 1; ","ledgerHash: ""_~\346\024\242\247\366\231\036\370\365\313\014\307\362i\210e\030\317\336e\256\245\026R\036\304S\352]~""; ledgerSeq: 52; type: liBASE; nodes {;   nodedata: ""\000\000\0004\001cEx]\211\377\330\352&\324\337\230\212\265o\2035\250\303\2760\241\364^\002Z\031Z!\300\002\364\004\232\355\234\202\021\371\000\000\000\000\000\000\000\000\000\000\000\000\000\000\000\000\000\000\000\000\000\000\000\000\000\000\000\000\000\000\000\000\347\~c5A\352o(*1\005gi\212\330o\246\22373|d\266<J\366\256\364\363\234;/\351\253L/\351\253M\n\000""; }; nodes {;   nodedata: ""\323C\344\327\264{\312-\017:\006{\177\344N\002\326bO\260\220\006\033\362\345\005U\221DzJ0\001\301\025%1L\307\t\261\262z\374\222T\301\274V\236\223\262\270Ct\362\337b\356\024*\324\320\351\317\002k\336\234\027v\351\217\260\303\360\233ZPZWr\246$w\313\313\r\243r\232\2234\373\3539:N\004Q\245\272D\312D\300\300\t\323\0257\345e\271\na\215{\226\255x%T\257\037\333\004\344_/R\006E\344\037@\210\363\010\336T\226\247'\204_{\261\370""1\235\2445\343\033Y!\212\201\341\272\225'\007-\260\032\367\307\014\201\215\273\274\212y\250\361\246\351A\007.aL\225\255\034\241_\277\317& \255\225\013\003""; }; requestCookie: 1; "
1750527696525,1750527696525,0,1,3,4,TMLedgerData,"ledgerHash: ""_~\346\024\242\247\366\231\036\370\365\313\014\307\362i\210e\030\317\336e\256\245\026R\036\304S\352]~""; ledgerSeq: 52; type: liBASE; nodes {;   nodedata: ""\000\000\0004\001cEx]\211\377\330\352&\324\337\230\212\265o\2035\250\303\2760\241\364^\002Z\031Z!\300\002\364\004\232\355\234\202\021\371\000\000\000\000\000\000\000\000\000\000\000\000\000\000\000\000\000\000\000\000\000\000\000\000\000\000\000\000\000\000\000\000\347\~c5A\352o(*1\005gi\212\330o\246\22373|d\266<J\366\256\364\363\234;/\351\253L/\351\253M\n\000""; }; nodes {;   nodedata: ""\323C\344\327\264{\312-\017:\006{\177\344N\002\326bO\260\220\006\033\362\345\005U\221DzJ0\001\301\025%1L\307\t\261\262z\374\222T\301\274V\236\223\262\270Ct\362\337b\356\024*\324\320\351\317\002k\336\234\027v\351\217\260\303\360\233ZPZWr\246$w\313\313\r\243r\232\2234\373\3539:N\004Q\245\272D\312D\300\300\t\323\0257\345e\271\na\215{\226\255x%T\257\037\333\004\344_/R\006E\344\037@\210\363\010\336T\226\247'\204_{\261\370""1\235\2445\343\033Y!\212\201\341\272\225'\007-\260\032\367\307\014\201\215\273\274\212y\250\361\246\351A\007.aL\225\255\034\241_\277\317& \255\225\013\003""; }; requestCookie: 3; ","ledgerHash: ""_~\346\024\242\247\366\231\036\370\365\313\014\307\362i\210e\030\317\336e\256\245\026R\036\304S\352]~""; ledgerSeq: 52; type: liBASE; nodes {;   nodedata: ""\000\000\0004\001cEx]\211\377\330\352&\324\337\230\212\265o\2035\250\303\2760\241\364^\002Z\031Z!\300\002\364\004\232\355\234\202\021\371\000\000\000\000\000\000\000\000\000\000\000\000\000\000\000\000\000\000\000\000\000\000\000\000\000\000\000\000\000\000\000\000\347\~c5A\352o(*1\005gi\212\330o\246\22373|d\266<J\366\256\364\363\234;/\351\253L/\351\253M\n\000""; }; nodes {;   nodedata: ""\323C\344\327\264{\312-\017:\006{\177\344N\002\326bO\260\220\006\033\362\345\005U\221DzJ0\001\301\025%1L\307\t\261\262z\374\222T\301\274V\236\223\262\270Ct\362\337b\356\024*\324\320\351\317\002k\336\234\027v\351\217\260\303\360\233ZPZWr\246$w\313\313\r\243r\232\2234\373\3539:N\004Q\245\272D\312D\300\300\t\323\0257\345e\271\na\215{\226\255x%T\257\037\333\004\344_/R\006E\344\037@\210\363\010\336T\226\247'\204_{\261\370""1\235\2445\343\033Y!\212\201\341\272\225'\007-\260\032\367\307\014\201\215\273\274\212y\250\361\246\351A\007.aL\225\255\034\241_\277\317& \255\225\013\003""; }; requestCookie: 3; "
1750527696526,1750527696526,0,1,3,4,TMLedgerData,"ledgerHash: ""_~\346\024\242\247\366\231\036\370\365\313\014\307\362i\210e\030\317\336e\256\245\026R\036\304S\352]~""; ledgerSeq: 52; type: liAS_NODE; nodes {;   nodedata: ""\021\000h""\000\000\000\000 \033\000\000\0003\002\023\306\277\330\356GuH\375\327!\255\371\r\231\262R\256J\034\222\241\355X\265E\241^W\225\304\014\361CX-}\351f\032\255\274\334m\326c\017\014ao[\342\230\003\245\245\3341Hm\326^\017jy\335\261\032Yt\320\244{g\0306\\302\303*\341\215\223\257\364\277o\375\000r\241SOq\221\253\262\005\017\375T\356\014\360o'\030\311-\267\031\257!\031T\006><\315XM\334\324\345\034\000\325\367\240\271\013\265\024\321\362\354\211\250.\234s\225amc\305\035\366\276\037nD\277`\210\223N\3535\033\261\304f\331]\036\237\306o!\223\221\002\324\031\262\240R\177 ,\214\325\Q])\016\2067\277\t\354\010\000\360\215\2502\265\245\310\226\243c\302Ze\306\253#r\020\211\320iG\276\020E\317\035Sf\223F\254\033@\177e\277\016\010u\327\371&\262\312\317Q\2361t\377x\234\001v\003%\030\325_\225g\204\346a=\225\273\331\354\365*U\363\263N\367b\371\244\314-w\363\262\225Z\200\206\235\233\257?sE\2674\254\326mU\377?\177Ek\336\030!\316Aa\225\303\022\377{\210Y\226\271as\354L\035\004\341\361\035\301\024\220m#*\372\032\3178~\374\250\014*\323\342'z69\220\327\256\351G\367\317u\302\207\270b\315\333\333\334\310I\323&\014\352XZnW2.\335\347\202\021\247\362\212e\034\000\001\250\220\305;a\314\265R\310\017\317\331\235\360\262\240:\277\202\266\354\265X""\022\nh\252\352w\204\203\023]\001f\352\277\0031Q]\362\370R\350{\261\202\240\344\215\201\353\276\322p5p\350\354\017>\250r\241c\273\016\301\024\363\242\247\263\231\370\344\nBW\220K\316@3\243\200\036wk\253GSlU\010\360\231>\331\263H\214\324\030A\225\301o\346pkSF\004\241\213w9\223=\250\262*+\255\351r\265\244c\024\213\t\007`\223\325#\3477\210\345P\306\013\320\252[\0216+\227=`\371P\314\346 V7\271[~\n\237\274|\347\352@K\253~&\260\032\024\004B\200\255h\351\013\361\031:nG\211\005|\2003\266\274\251,W\006u\344\335d\003\306\212\313,\340\350bG\n\030Z\2732-\246\312\255\030\003\235207\005}D\260\0261ah\322M\304\216\273m0\271\234\237\007<w$\265C\245\232\033\023\313c\321B\032l\301h\005\320\252\301\361(\330[\343\357\343{\235\n\266g\272>\177\317\347\261qb&\270&\346ju\200\363N\320\307\004\034\001n\317\361\2653\254\2503\247\305\372\316W\022O\253x\250\025\373\247\354Tc\304\263\243^\352Gv\\264\261\r\035\226\306\2411\351\233\203\215\200$\231\300f\220\371c@\017\254\363\\371\340\340VaR\205~^\226\342t\360\022\204d\231\205)\272\364?\361!\334\331\315\254\230\rBG\314\023\246\244=\351\177\254\302b&\276+H;0\312\021&\275\036\237\350R\313\206R\331\304k\323u\263t\221\213yC\241\217A\242\027g\322\241'\212.E?B_\316\327\217J +\370\t^b\005\020\003\211\373\247|hC\271Nmk~J\270EU\274\036-\347\240\312FA\321\341bca\253\025\321\311\317\021\375\317\217\n\272\033o\353G>\275\361H\265\240\232um""\317\324`\214\221\314\000\211K\223+(""\200i \311\372g\254\343ZR0\224\275q\252\357\213\263\206N\357&Q\217\267\303\356I\236\357\264\311b\037\366\035\253\343\311\265\240\327q\206f\262ODi\215-\363>\034\236l\273\005G\316F\217}[\036\007\270:\260\335\271B\241N\345\330\204\327f\361\272Kb\0377p\334\264\237\177~\330]\252+:\317u\302h\n\351\n\364\231\277R\371\356\033y\265v\360Ny\246\332qY\262\231\251\n\305\334\202\305\362\n\367@k\231\016R:\327\242\366\242\253LZY\223$Gw^\203\302\311\316I7\371tTwp}\005|\372\214\251{R`\230V\244-\326I\351\255\325i\335\377\321\353\327\331\302\023\347y\016\263\271\317\306\017UV\314qu?\0064A\315{3D\010\016S\212\2353k0\361\214ID\303g\277\010Y_\001~\021\333\370\255\374\\331\306\255\336)\365Rth\024\t\300.M\315\321S\257\224\252\362\326P\316\303%nX\3742\333\036\004Y\264yG^\234\177\214\305q\237\274G\300a4\275\240s\215\222\210\016\020G\344=-:GK\312\035\271\201\350\376F\260G\347\000\235\365P6pmH\033\373\212c\377o\232\356\320D\002\277,]os{\354/?\312e\006wda\001\023\375\316\025\254\321\244\370+Y`\220\270\254\2601E[FI\310\235<qI \356\032v%\001\230\016\203\200\251UD\347\304\373\034\211\340@\342\033\263\365\356\341\357\350\324\035J\032\177\230\207\220\303+\207\352g\317N\027>\222M\271m\033\236\021:\272\233r\373\233hC}\256\020\210\010\233\335\025[ d(\343\263\327\177\030\246\254H\277\254E\231\006\033_lB\210\264\334Y\322\314\362\320L\000Q\240\317\3502\006,|\364\004\275\034\006\337\370""\330\364\202\314\315\311?\030\260\361u)\336\202\265Y\177X\227$\245tCB\345\314d\231A\300\204\371KJ\036\321\330\014]""EN\266$]\331\226c\351\312\376z\254\214\206B\274&M\032\376v\266\3104u)\r\312\021\273\030jJH\215G4\367fQ;\255\3404\372\225\341L\224\242\200VY\220\355\020\353I\n\363\266\036\311\003OR\250""\032\230\021]+$\302\005\224\270\033E\r\312\315}\200\2505\216\221\301\341\035[\247\325\236M^\360a\267\356\267\247]\357\236\n\207}P\2654\026`\256u\276\r&\026K\315a\3337\216.\240\362\263\327]\372\325\037\006\345\236\265\343\337g\271\317\315\374\3357gX\036\024'\357<$\322\323$\375\346&^\361\0009\022`\210$\005\261rTx\343\226\224vC\2607.\025\213@~\312\227\000 o\232\016\376|a3\352&\324\337\230\212\265o\2035\250\303\2760\241\364^\002Z\031Z!\300\002\364\004\232\355\234\202\021\371\264\227\2326\315\307\363\323\325\303\032N\256*\307\327 \235\332\207u\210\271\257\306g\231i*\260\326k\001"";   nodeid: ""\260\000\000\000\000\000\000\000\000\000\000\000\000\000\000\000\000\000\000\000\000\000\000\000\000\000\000\000\000\000\000\000\001""; }; ","ledgerHash: ""_~\346\024\242\247\366\231\036\370\365\313\014\307\362i\210e\030\317\336e\256\245\026R\036\304S\352]~""; ledgerSeq: 52; type: liAS_NODE; nodes {;   nodedata: ""\021\000h""\000\000\000\000 \033\000\000\0003\002\023\306\277\330\356GuH\375\327!\255\371\r\231\262R\256J\034\222\241\355X\265E\241^W\225\304\014\361CX-}\351f\032\255\274\334m\326c\017\014ao[\342\230\003\245\245\3341Hm\326^\017jy\335\261\032Yt\320\244{g\0306\\302\303*\341\215\223\257\364\277o\375\000r\241SOq\221\253\262\005\017\375T\356\014\360o'\030\311-\267\031\257!\031T\006><\315XM\334\324\345\034\000\325\367\240\271\013\265\024\321\362\354\211\250.\234s\225amc\305\035\366\276\037nD\277`\210\223N\3535\033\261\304f\331]\036\237\306o!\223\221\002\324\031\262\240R\177 ,\214\325\Q])\016\2067\277\t\354\010\000\360\215\2502\265\245\310\226\243c\302Ze\306\253#r\020\211\320iG\276\020E\317\035Sf\223F\254\033@\177e\277\016\010u\327\371&\262\312\317Q\2361t\377x\234\001v\003%\030\325_\225g\204\346a=\225\273\331\354\365*U\363\263N\367b\371\244\314-w\363\262\225Z\200\206\235\233\257?sE\2674\254\326mU\377?\177Ek\336\030!\316Aa\225\303\022\377{\210Y\226\271as\354L\035\004\341\361\035\301\024\220m#*\372\032\3178~\374\250\014*\323\342'z69\220\327\256\351G\367\317u\302\207\270b\315\333\333\334\310I\323&\014\352XZnW2.\335\347\202\021\247\362\212e\034\000\001\250\220\305;a\314\265R\310\017\317\331\235\360\262\240:\277\202\266\354\265X""\022\nh\252\352w\204\203\023]\001f\352\277\0031Q]\362\370R\350{\261\202\240\344\215\201\353\276\322p5p\350\354\017>\250r\241c\273\016\301\024\363\242\247\263\231\370\344\nBW\220K\316@3\243\200\036wk\253GSlU\010\360\231>\331\263H\214\324\030A\225\301o\346pkSF\004\241\213w9\223=\250\262*+\255\351r\265\244c\024\213\t\007`\223\325#\3477\210\345P\306\013\320\252[\0216+\227=`\371P\314\346 V7\271[~\n\237\274|\347\352@K\253~&\260\032\024\004B\200\255h\351\013\361\031:nG\211\005|\2003\266\274\251,W\006u\344\335d\003\306\212\313,\340\350bG\n\030Z\2732-\246\312\255\030\003\235207\005}D\260\0261ah\322M\304\216\273m0\271\234\237\007<w$\265C\245\232\033\023\313c\321B\032l\301h\005\320\252\301\361(\330[\343\357\343{\235\n\266g\272>\177\317\347\261qb&\270&\346ju\200\363N\320\307\004\034\001n\317\361\2653\254\2503\247\305\372\316W\022O\253x\250\025\373\247\354Tc\304\263\243^\352Gv\\264\261\r\035\226\306\2411\351\233\203\215\200$\231\300f\220\371c@\017\254\363\\371\340\340VaR\205~^\226\342t\360\022\204d\231\205)\272\364?\361!\334\331\315\254\230\rBG\314\023\246\244=\351\177\254\302b&\276+H;0\312\021&\275\036\237\350R\313\206R\331\304k\323u\263t\221\213yC\241\217A\242\027g\322\241'\212.E?B_\316\327\217J +\370\t^b\005\020\003\211\373\247|hC\271Nmk~J\270EU\274\036-\347\240\312FA\321\341bca\253\025\321\311\317\021\375\317\217\n\272\033o\353G>\275\361H\265\240\232um""\317\324`\214\221\314\000\211K\223+(""\200i \311\372g\254\343ZR0\224\275q\252\357\213\263\206N\357&Q\217\267\303\356I\236\357\264\311b\037\366\035\253\343\311\265\240\327q\206f\262ODi\215-\363>\034\236l\273\005G\316F\217}[\036\007\270:\260\335\271B\241N\345\330\204\327f\361\272Kb\0377p\334\264\237\177~\330]\252+:\317u\302h\n\351\n\364\231\277R\371\356\033y\265v\360Ny\246\332qY\262\231\251\n\305\334\202\305\362\n\367@k\231\016R:\327\242\366\242\253LZY\223$Gw^\203\302\311\316I7\371tTwp}\005|\372\214\251{R`\230V\244-\326I\351\255\325i\335\377\321\353\327\331\302\023\347y\016\263\271\317\306\017UV\314qu?\0064A\315{3D\010\016S\212\2353k0\361\214ID\303g\277\010Y_\001~\021\333\370\255\374\\331\306\255\336)\365Rth\024\t\300.M\315\321S\257\224\252\362\326P\316\303%nX\3742\333\036\004Y\264yG^\234\177\214\305q\237\274G\300a4\275\240s\215\222\210\016\020G\344=-:GK\312\035\271\201\350\376F\260G\347\000\235\365P6pmH\033\373\212c\377o\232\356\320D\002\277,]os{\354/?\312e\006wda\001\023\375\316\025\254\321\244\370+Y`\220\270\254\2601E[FI\310\235<qI \356\032v%\001\230\016\203\200\251UD\347\304\373\034\211\340@\342\033\263\365\356\341\357\350\324\035J\032\177\230\207\220\303+\207\352g\317N\027>\222M\271m\033\236\021:\272\233r\373\233hC}\256\020\210\010\233\335\025[ d(\343\263\327\177\030\246\254H\277\254E\231\006\033_lB\210\264\334Y\322\314\362\320L\000Q\240\317\3502\006,|\364\004\275\034\006\337\370""\330\364\202\314\315\311?\030\260\361u)\336\202\265Y\177X\227$\245tCB\345\314d\231A\300\204\371KJ\036\321\330\014]""EN\266$]\331\226c\351\312\376z\254\214\206B\274&M\032\376v\266\3104u)\r\312\021\273\030jJH\215G4\367fQ;\255\3404\372\225\341L\224\242\200VY\220\355\020\353I\n\363\266\036\311\003OR\250""\032\230\021]+$\302\005\224\270\033E\r\312\315}\200\2505\216\221\301\341\035[\247\325\236M^\360a\267\356\267\247]\357\236\n\207}P\2654\026`\256u\276\r&\026K\315a\3337\216.\240\362\263\327]\372\325\037\006\345\236\265\343\337g\271\317\315\374\3357gX\036\024'\357<$\322\323$\375\346&^\361\0009\022`\210$\005\261rTx\343\226\224vC\2607.\025\213@~\312\227\000 o\232\016\376|a3\352&\324\337\230\212\265o\2035\250\303\2760\241\364^\002Z\031Z!\300\002\364\004\232\355\234\202\021\371\264\227\2326\315\307\363\323\325\303\032N\256*\307\327 \235\332\207u\210\271\257\306g\231i*\260\326k\001"";   nodeid: ""\260\000\000\000\000\000\000\000\000\000\000\000\000\000\000\000\000\000\000\000\000\000\000\000\000\000\000\000\000\000\000\000\001""; }; "
1750527696527,1750527696527,0,1,1,4,TMLedgerData,"ledgerHash: ""_~\346\024\242\247\366\231\036\370\365\313\014\307\362i\210e\030\317\336e\256\245\026R\036\304S\352]~""; ledgerSeq: 52; type: liBASE; nodes {;   nodedata: ""\000\000\0004\001cEx]\211\377\330\352&\324\337\230\212\265o\2035\250\303\2760\241\364^\002Z\031Z!\300\002\364\004\232\355\234\202\021\371\000\000\000\000\000\000\000\000\000\000\000\000\000\000\000\000\000\000\000\000\000\000\000\000\000\000\000\000\000\000\000\000\347\~c5A\352o(*1\005gi\212\330o\246\22373|d\266<J\366\256\364\363\234;/\351\253L/\351\253M\n\000""; }; nodes {;   nodedata: ""\323C\344\327\264{\312-\017:\006{\177\344N\002\326bO\260\220\006\033\362\345\005U\221DzJ0\001\301\025%1L\307\t\261\262z\374\222T\301\274V\236\223\262\270Ct\362\337b\356\024*\324\320\351\317\002k\336\234\027v\351\217\260\303\360\233ZPZWr\246$w\313\313\r\243r\232\2234\373\3539:N\004Q\245\272D\312D\300\300\t\323\0257\345e\271\na\215{\226\255x%T\257\037\333\004\344_/R\006E\344\037@\210\363\010\336T\226\247'\204_{\261\370""1\235\2445\343\033Y!\212\201\341\272\225'\007-\260\032\367\307\014\201\215\273\274\212y\250\361\246\351A\007.aL\225\255\034\241_\277\317& \255\225\013\003""; }; ","ledgerHash: ""_~\346\024\242\247\366\231\036\370\365\313\014\307\362i\210e\030\317\336e\256\245\026R\036\304S\352]~""; ledgerSeq: 52; type: liBASE; nodes {;   nodedata: ""\000\000\0004\001cEx]\211\377\330\352&\324\337\230\212\265o\2035\250\303\2760\241\364^\002Z\031Z!\300\002\364\004\232\355\234\202\021\371\000\000\000\000\000\000\000\000\000\000\000\000\000\000\000\000\000\000\000\000\000\000\000\000\000\000\000\000\000\000\000\000\347\~c5A\352o(*1\005gi\212\330o\246\22373|d\266<J\366\256\364\363\234;/\351\253L/\351\253M\n\000""; }; nodes {;   nodedata: ""\323C\344\327\264{\312-\017:\006{\177\344N\002\326bO\260\220\006\033\362\345\005U\221DzJ0\001\301\025%1L\307\t\261\262z\374\222T\301\274V\236\223\262\270Ct\362\337b\356\024*\324\320\351\317\002k\336\234\027v\351\217\260\303\360\233ZPZWr\246$w\313\313\r\243r\232\2234\373\3539:N\004Q\245\272D\312D\300\300\t\323\0257\345e\271\na\215{\226\255x%T\257\037\333\004\344_/R\006E\344\037@\210\363\010\336T\226\247'\204_{\261\370""1\235\2445\343\033Y!\212\201\341\272\225'\007-\260\032\367\307\014\201\215\273\274\212y\250\361\246\351A\007.aL\225\255\034\241_\277\317& \255\225\013\003""; }; "
1750527696527,1750527696528,0,1,3,1,TMLedgerData,"ledgerHash: ""_~\346\024\242\247\366\231\036\370\365\313\014\307\362i\210e\030\317\336e\256\245\026R\036\304S\352]~""; ledgerSeq: 52; type: liBASE; nodes {;   nodedata: ""\000\000\0004\001cEx]\211\377\330\352&\324\337\230\212\265o\2035\250\303\2760\241\364^\002Z\031Z!\300\002\364\004\232\355\234\202\021\371\000\000\000\000\000\000\000\000\000\000\000\000\000\000\000\000\000\000\000\000\000\000\000\000\000\000\000\000\000\000\000\000\347\~c5A\352o(*1\005gi\212\330o\246\22373|d\266<J\366\256\364\363\234;/\351\253L/\351\253M\n\000""; }; nodes {;   nodedata: ""\323C\344\327\264{\312-\017:\006{\177\344N\002\326bO\260\220\006\033\362\345\005U\221DzJ0\001\301\025%1L\307\t\261\262z\374\222T\301\274V\236\223\262\270Ct\362\337b\356\024*\324\320\351\317\002k\336\234\027v\351\217\260\303\360\233ZPZWr\246$w\313\313\r\243r\232\2234\373\3539:N\004Q\245\272D\312D\300\300\t\323\0257\345e\271\na\215{\226\255x%T\257\037\333\004\344_/R\006E\344\037@\210\363\010\336T\226\247'\204_{\261\370""1\235\2445\343\033Y!\212\201\341\272\225'\007-\260\032\367\307\014\201\215\273\274\212y\250\361\246\351A\007.aL\225\255\034\241_\277\317& \255\225\013\003""; }; requestCookie: 3; ","ledgerHash: ""_~\346\024\242\247\366\231\036\370\365\313\014\307\362i\210e\030\317\336e\256\245\026R\036\304S\352]~""; ledgerSeq: 52; type: liBASE; nodes {;   nodedata: ""\000\000\0004\001cEx]\211\377\330\352&\324\337\230\212\265o\2035\250\303\2760\241\364^\002Z\031Z!\300\002\364\004\232\355\234\202\021\371\000\000\000\000\000\000\000\000\000\000\000\000\000\000\000\000\000\000\000\000\000\000\000\000\000\000\000\000\000\000\000\000\347\~c5A\352o(*1\005gi\212\330o\246\22373|d\266<J\366\256\364\363\234;/\351\253L/\351\253M\n\000""; }; nodes {;   nodedata: ""\323C\344\327\264{\312-\017:\006{\177\344N\002\326bO\260\220\006\033\362\345\005U\221DzJ0\001\301\025%1L\307\t\261\262z\374\222T\301\274V\236\223\262\270Ct\362\337b\356\024*\324\320\351\317\002k\336\234\027v\351\217\260\303\360\233ZPZWr\246$w\313\313\r\243r\232\2234\373\3539:N\004Q\245\272D\312D\300\300\t\323\0257\345e\271\na\215{\226\255x%T\257\037\333\004\344_/R\006E\344\037@\210\363\010\336T\226\247'\204_{\261\370""1\235\2445\343\033Y!\212\201\341\272\225'\007-\260\032\367\307\014\201\215\273\274\212y\250\361\246\351A\007.aL\225\255\034\241_\277\317& \255\225\013\003""; }; requestCookie: 3; "
1750527696528,1750527696528,0,1,3,1,TMLedgerData,"ledgerHash: ""_~\346\024\242\247\366\231\036\370\365\313\014\307\362i\210e\030\317\336e\256\245\026R\036\304S\352]~""; ledgerSeq: 52; type: liBASE; nodes {;   nodedata: ""\000\000\0004\001cEx]\211\377\330\352&\324\337\230\212\265o\2035\250\303\2760\241\364^\002Z\031Z!\300\002\364\004\232\355\234\202\021\371\000\000\000\000\000\000\000\000\000\000\000\000\000\000\000\000\000\000\000\000\000\000\000\000\000\000\000\000\000\000\000\000\347\~c5A\352o(*1\005gi\212\330o\246\22373|d\266<J\366\256\364\363\234;/\351\253L/\351\253M\n\000""; }; nodes {;   nodedata: ""\323C\344\327\264{\312-\017:\006{\177\344N\002\326bO\260\220\006\033\362\345\005U\221DzJ0\001\301\025%1L\307\t\261\262z\374\222T\301\274V\236\223\262\270Ct\362\337b\356\024*\324\320\351\317\002k\336\234\027v\351\217\260\303\360\233ZPZWr\246$w\313\313\r\243r\232\2234\373\3539:N\004Q\245\272D\312D\300\300\t\323\0257\345e\271\na\215{\226\255x%T\257\037\333\004\344_/R\006E\344\037@\210\363\010\336T\226\247'\204_{\261\370""1\235\2445\343\033Y!\212\201\341\272\225'\007-\260\032\367\307\014\201\215\273\274\212y\250\361\246\351A\007.aL\225\255\034\241_\277\317& \255\225\013\003""; }; requestCookie: 2; ","ledgerHash: ""_~\346\024\242\247\366\231\036\370\365\313\014\307\362i\210e\030\317\336e\256\245\026R\036\304S\352]~""; ledgerSeq: 52; type: liBASE; nodes {;   nodedata: ""\000\000\0004\001cEx]\211\377\330\352&\324\337\230\212\265o\2035\250\303\2760\241\364^\002Z\031Z!\300\002\364\004\232\355\234\202\021\371\000\000\000\000\000\000\000\000\000\000\000\000\000\000\000\000\000\000\000\000\000\000\000\000\000\000\000\000\000\000\000\000\347\~c5A\352o(*1\005gi\212\330o\246\22373|d\266<J\366\256\364\363\234;/\351\253L/\351\253M\n\000""; }; nodes {;   nodedata: ""\323C\344\327\264{\312-\017:\006{\177\344N\002\326bO\260\220\006\033\362\345\005U\221DzJ0\001\301\025%1L\307\t\261\262z\374\222T\301\274V\236\223\262\270Ct\362\337b\356\024*\324\320\351\317\002k\336\234\027v\351\217\260\303\360\233ZPZWr\246$w\313\313\r\243r\232\2234\373\3539:N\004Q\245\272D\312D\300\300\t\323\0257\345e\271\na\215{\226\255x%T\257\037\333\004\344_/R\006E\344\037@\210\363\010\336T\226\247'\204_{\261\370""1\235\2445\343\033Y!\212\201\341\272\225'\007-\260\032\367\307\014\201\215\273\274\212y\250\361\246\351A\007.aL\225\255\034\241_\277\317& \255\225\013\003""; }; requestCookie: 2; "
1750527696529,1750527696529,0,1,3,2,TMLedgerData,"ledgerHash: ""_~\346\024\242\247\366\231\036\370\365\313\014\307\362i\210e\030\317\336e\256\245\026R\036\304S\352]~""; ledgerSeq: 52; type: liBASE; nodes {;   nodedata: ""\000\000\0004\001cEx]\211\377\330\352&\324\337\230\212\265o\2035\250\303\2760\241\364^\002Z\031Z!\300\002\364\004\232\355\234\202\021\371\000\000\000\000\000\000\000\000\000\000\000\000\000\000\000\000\000\000\000\000\000\000\000\000\000\000\000\000\000\000\000\000\347\~c5A\352o(*1\005gi\212\330o\246\22373|d\266<J\366\256\364\363\234;/\351\253L/\351\253M\n\000""; }; nodes {;   nodedata: ""\323C\344\327\264{\312-\017:\006{\177\344N\002\326bO\260\220\006\033\362\345\005U\221DzJ0\001\301\025%1L\307\t\261\262z\374\222T\301\274V\236\223\262\270Ct\362\337b\356\024*\324\320\351\317\002k\336\234\027v\351\217\260\303\360\233ZPZWr\246$w\313\313\r\243r\232\2234\373\3539:N\004Q\245\272D\312D\300\300\t\323\0257\345e\271\na\215{\226\255x%T\257\037\333\004\344_/R\006E\344\037@\210\363\010\336T\226\247'\204_{\261\370""1\235\2445\343\033Y!\212\201\341\272\225'\007-\260\032\367\307\014\201\215\273\274\212y\250\361\246\351A\007.aL\225\255\034\241_\277\317& \255\225\013\003""; }; requestCookie: 5; ","ledgerHash: ""_~\346\024\242\247\366\231\036\370\365\313\014\307\362i\210e\030\317\336e\256\245\026R\036\304S\352]~""; ledgerSeq: 52; type: liBASE; nodes {;   nodedata: ""\000\000\0004\001cEx]\211\377\330\352&\324\337\230\212\265o\2035\250\303\2760\241\364^\002Z\031Z!\300\002\364\004\232\355\234\202\021\371\000\000\000\000\000\000\000\000\000\000\000\000\000\000\000\000\000\000\000\000\000\000\000\000\000\000\000\000\000\000\000\000\347\~c5A\352o(*1\005gi\212\330o\246\22373|d\266<J\366\256\364\363\234;/\351\253L/\351\253M\n\000""; }; nodes {;   nodedata: ""\323C\344\327\264{\312-\017:\006{\177\344N\002\326bO\260\220\006\033\362\345\005U\221DzJ0\001\301\025%1L\307\t\261\262z\374\222T\301\274V\236\223\262\270Ct\362\337b\356\024*\324\320\351\317\002k\336\234\027v\351\217\260\303\360\233ZPZWr\246$w\313\313\r\243r\232\2234\373\3539:N\004Q\245\272D\312D\300\300\t\323\0257\345e\271\na\215{\226\255x%T\257\037\333\004\344_/R\006E\344\037@\210\363\010\336T\226\247'\204_{\261\370""1\235\2445\343\033Y!\212\201\341\272\225'\007-\260\032\367\307\014\201\215\273\274\212y\250\361\246\351A\007.aL\225\255\034\241_\277\317& \255\225\013\003""; }; requestCookie: 5; "
1750527696530,1750527696530,0,1,3,2,TMLedgerData,"ledgerHash: ""_~\346\024\242\247\366\231\036\370\365\313\014\307\362i\210e\030\317\336e\256\245\026R\036\304S\352]~""; ledgerSeq: 52; type: liBASE; nodes {;   nodedata: ""\000\000\0004\001cEx]\211\377\330\352&\324\337\230\212\265o\2035\250\303\2760\241\364^\002Z\031Z!\300\002\364\004\232\355\234\202\021\371\000\000\000\000\000\000\000\000\000\000\000\000\000\000\000\000\000\000\000\000\000\000\000\000\000\000\000\000\000\000\000\000\347\~c5A\352o(*1\005gi\212\330o\246\22373|d\266<J\366\256\364\363\234;/\351\253L/\351\253M\n\000""; }; nodes {;   nodedata: ""\323C\344\327\264{\312-\017:\006{\177\344N\002\326bO\260\220\006\033\362\345\005U\221DzJ0\001\301\025%1L\307\t\261\262z\374\222T\301\274V\236\223\262\270Ct\362\337b\356\024*\324\320\351\317\002k\336\234\027v\351\217\260\303\360\233ZPZWr\246$w\313\313\r\243r\232\2234\373\3539:N\004Q\245\272D\312D\300\300\t\323\0257\345e\271\na\215{\226\255x%T\257\037\333\004\344_/R\006E\344\037@\210\363\010\336T\226\247'\204_{\261\370""1\235\2445\343\033Y!\212\201\341\272\225'\007-\260\032\367\307\014\201\215\273\274\212y\250\361\246\351A\007.aL\225\255\034\241_\277\317& \255\225\013\003""; }; requestCookie: 3; ","ledgerHash: ""_~\346\024\242\247\366\231\036\370\365\313\014\307\362i\210e\030\317\336e\256\245\026R\036\304S\352]~""; ledgerSeq: 52; type: liBASE; nodes {;   nodedata: ""\000\000\0004\001cEx]\211\377\330\352&\324\337\230\212\265o\2035\250\303\2760\241\364^\002Z\031Z!\300\002\364\004\232\355\234\202\021\371\000\000\000\000\000\000\000\000\000\000\000\000\000\000\000\000\000\000\000\000\000\000\000\000\000\000\000\000\000\000\000\000\347\~c5A\352o(*1\005gi\212\330o\246\22373|d\266<J\366\256\364\363\234;/\351\253L/\351\253M\n\000""; }; nodes {;   nodedata: ""\323C\344\327\264{\312-\017:\006{\177\344N\002\326bO\260\220\006\033\362\345\005U\221DzJ0\001\301\025%1L\307\t\261\262z\374\222T\301\274V\236\223\262\270Ct\362\337b\356\024*\324\320\351\317\002k\336\234\027v\351\217\260\303\360\233ZPZWr\246$w\313\313\r\243r\232\2234\373\3539:N\004Q\245\272D\312D\300\300\t\323\0257\345e\271\na\215{\226\255x%T\257\037\333\004\344_/R\006E\344\037@\210\363\010\336T\226\247'\204_{\261\370""1\235\2445\343\033Y!\212\201\341\272\225'\007-\260\032\367\307\014\201\215\273\274\212y\250\361\246\351A\007.aL\225\255\034\241_\277\317& \255\225\013\003""; }; requestCookie: 3; "
1750527696530,1750527696531,0,1,3,2,TMLedgerData,"ledgerHash: ""_~\346\024\242\247\366\231\036\370\365\313\014\307\362i\210e\030\317\336e\256\245\026R\036\304S\352]~""; ledgerSeq: 52; type: liBASE; nodes {;   nodedata: ""\000\000\0004\001cEx]\211\377\330\352&\324\337\230\212\265o\2035\250\303\2760\241\364^\002Z\031Z!\300\002\364\004\232\355\234\202\021\371\000\000\000\000\000\000\000\000\000\000\000\000\000\000\000\000\000\000\000\000\000\000\000\000\000\000\000\000\000\000\000\000\347\~c5A\352o(*1\005gi\212\330o\246\22373|d\266<J\366\256\364\363\234;/\351\253L/\351\253M\n\000""; }; nodes {;   nodedata: ""\323C\344\327\264{\312-\017:\006{\177\344N\002\326bO\260\220\006\033\362\345\005U\221DzJ0\001\301\025%1L\307\t\261\262z\374\222T\301\274V\236\223\262\270Ct\362\337b\356\024*\324\320\351\317\002k\336\234\027v\351\217\260\303\360\233ZPZWr\246$w\313\313\r\243r\232\2234\373\3539:N\004Q\245\272D\312D\300\300\t\323\0257\345e\271\na\215{\226\255x%T\257\037\333\004\344_/R\006E\344\037@\210\363\010\336T\226\247'\204_{\261\370""1\235\2445\343\033Y!\212\201\341\272\225'\007-\260\032\367\307\014\201\215\273\274\212y\250\361\246\351A\007.aL\225\255\034\241_\277\317& \255\225\013\003""; }; requestCookie: 2; ","ledgerHash: ""_~\346\024\242\247\366\231\036\370\365\313\014\307\362i\210e\030\317\336e\256\245\026R\036\304S\352]~""; ledgerSeq: 52; type: liBASE; nodes {;   nodedata: ""\000\000\0004\001cEx]\211\377\330\352&\324\337\230\212\265o\2035\250\303\2760\241\364^\002Z\031Z!\300\002\364\004\232\355\234\202\021\371\000\000\000\000\000\000\000\000\000\000\000\000\000\000\000\000\000\000\000\000\000\000\000\000\000\000\000\000\000\000\000\000\347\~c5A\352o(*1\005gi\212\330o\246\22373|d\266<J\366\256\364\363\234;/\351\253L/\351\253M\n\000""; }; nodes {;   nodedata: ""\323C\344\327\264{\312-\017:\006{\177\344N\002\326bO\260\220\006\033\362\345\005U\221DzJ0\001\301\025%1L\307\t\261\262z\374\222T\301\274V\236\223\262\270Ct\362\337b\356\024*\324\320\351\317\002k\336\234\027v\351\217\260\303\360\233ZPZWr\246$w\313\313\r\243r\232\2234\373\3539:N\004Q\245\272D\312D\300\300\t\323\0257\345e\271\na\215{\226\255x%T\257\037\333\004\344_/R\006E\344\037@\210\363\010\336T\226\247'\204_{\261\370""1\235\2445\343\033Y!\212\201\341\272\225'\007-\260\032\367\307\014\201\215\273\274\212y\250\361\246\351A\007.aL\225\255\034\241_\277\317& \255\225\013\003""; }; requestCookie: 2; "
1750527696531,1750527696531,0,1,4,1,TMLedgerData,"ledgerHash: ""_~\346\024\242\247\366\231\036\370\365\313\014\307\362i\210e\030\317\336e\256\245\026R\036\304S\352]~""; ledgerSeq: 52; type: liBASE; nodes {;   nodedata: ""\000\000\0004\001cEx]\211\377\330\352&\324\337\230\212\265o\2035\250\303\2760\241\364^\002Z\031Z!\300\002\364\004\232\355\234\202\021\371\000\000\000\000\000\000\000\000\000\000\000\000\000\000\000\000\000\000\000\000\000\000\000\000\000\000\000\000\000\000\000\000\347\~c5A\352o(*1\005gi\212\330o\246\22373|d\266<J\366\256\364\363\234;/\351\253L/\351\253M\n\000""; }; nodes {;   nodedata: ""\323C\344\327\264{\312-\017:\006{\177\344N\002\326bO\260\220\006\033\362\345\005U\221DzJ0\001\301\025%1L\307\t\261\262z\374\222T\301\274V\236\223\262\270Ct\362\337b\356\024*\324\320\351\317\002k\336\234\027v\351\217\260\303\360\233ZPZWr\246$w\313\313\r\243r\232\2234\373\3539:N\004Q\245\272D\312D\300\300\t\323\0257\345e\271\na\215{\226\255x%T\257\037\333\004\344_/R\006E\344\037@\210\363\010\336T\226\247'\204_{\261\370""1\235\2445\343\033Y!\212\201\341\272\225'\007-\260\032\367\307\014\201\215\273\274\212y\250\361\246\351A\007.aL\225\255\034\241_\277\317& \255\225\013\003""; }; ","ledgerHash: ""_~\346\024\242\247\366\231\036\370\365\313\014\307\362i\210e\030\317\336e\256\245\026R\036\304S\352]~""; ledgerSeq: 52; type: liBASE; nodes {;   nodedata: ""\000\000\0004\001cEx]\211\377\330\352&\324\337\230\212\265o\2035\250\303\2760\241\364^\002Z\031Z!\300\002\364\004\232\355\234\202\021\371\000\000\000\000\000\000\000\000\000\000\000\000\000\000\000\000\000\000\000\000\000\000\000\000\000\000\000\000\000\000\000\000\347\~c5A\352o(*1\005gi\212\330o\246\22373|d\266<J\366\256\364\363\234;/\351\253L/\351\253M\n\000""; }; nodes {;   nodedata: ""\323C\344\327\264{\312-\017:\006{\177\344N\002\326bO\260\220\006\033\362\345\005U\221DzJ0\001\301\025%1L\307\t\261\262z\374\222T\301\274V\236\223\262\270Ct\362\337b\356\024*\324\320\351\317\002k\336\234\027v\351\217\260\303\360\233ZPZWr\246$w\313\313\r\243r\232\2234\373\3539:N\004Q\245\272D\312D\300\300\t\323\0257\345e\271\na\215{\226\255x%T\257\037\333\004\344_/R\006E\344\037@\210\363\010\336T\226\247'\204_{\261\370""1\235\2445\343\033Y!\212\201\341\272\225'\007-\260\032\367\307\014\201\215\273\274\212y\250\361\246\351A\007.aL\225\255\034\241_\277\317& \255\225\013\003""; }; "
1750527696532,1750527696533,0,1,3,1,TMLedgerData,"ledgerHash: ""_~\346\024\242\247\366\231\036\370\365\313\014\307\362i\210e\030\317\336e\256\245\026R\036\304S\352]~""; ledgerSeq: 52; type: liAS_NODE; nodes {;   nodedata: ""\021\000h""\000\000\000\000 \033\000\000\0003\002\023\306\277\330\356GuH\375\327!\255\371\r\231\262R\256J\034\222\241\355X\265E\241^W\225\304\014\361CX-}\351f\032\255\274\334m\326c\017\014ao[\342\230\003\245\245\3341Hm\326^\017jy\335\261\032Yt\320\244{g\0306\\302\303*\341\215\223\257\364\277o\375\000r\241SOq\221\253\262\005\017\375T\356\014\360o'\030\311-\267\031\257!\031T\006><\315XM\334\324\345\034\000\325\367\240\271\013\265\024\321\362\354\211\250.\234s\225amc\305\035\366\276\037nD\277`\210\223N\3535\033\261\304f\331]\036\237\306o!\223\221\002\324\031\262\240R\177 ,\214\325\Q])\016\2067\277\t\354\010\000\360\215\2502\265\245\310\226\243c\302Ze\306\253#r\020\211\320iG\276\020E\317\035Sf\223F\254\033@\177e\277\016\010u\327\371&\262\312\317Q\2361t\377x\234\001v\003%\030\325_\225g\204\346a=\225\273\331\354\365*U\363\263N\367b\371\244\314-w\363\262\225Z\200\206\235\233\257?sE\2674\254\326mU\377?\177Ek\336\030!\316Aa\225\303\022\377{\210Y\226\271as\354L\035\004\341\361\035\301\024\220m#*\372\032\3178~\374\250\014*\323\342'z69\220\327\256\351G\367\317u\302\207\270b\315\333\333\334\310I\323&\014\352XZnW2.\335\347\202\021\247\362\212e\034\000\001\250\220\305;a\314\265R\310\017\317\331\235\360\262\240:\277\202\266\354\265X""\022\nh\252\352w\204\203\023]\001f\352\277\0031Q]\362\370R\350{\261\202\240\344\215\201\353\276\322p5p\350\354\017>\250r\241c\273\016\301\024\363\242\247\263\231\370\344\nBW\220K\316@3\243\200\036wk\253GSlU\010\360\231>\331\263H\214\324\030A\225\301o\346pkSF\004\241\213w9\223=\250\262*+\255\351r\265\244c\024\213\t\007`\223\325#\3477\210\345P\306\013\320\252[\0216+\227=`\371P\314\346 V7\271[~\n\237\274|\347\352@K\253~&\260\032\024\004B\200\255h\351\013\361\031:nG\211\005|\2003\266\274\251,W\006u\344\335d\003\306\212\313,\340\350bG\n\030Z\2732-\246\312\255\030\003\235207\005}D\260\0261ah\322M\304\216\273m0\271\234\237\007<w$\265C\245\232\033\023\313c\321B\032l\301h\005\320\252\301\361(\330[\343\357\343{\235\n\266g\272>\177\317\347\261qb&\270&\346ju\200\363N\320\307\004\034\001n\317\361\2653\254\2503\247\305\372\316W\022O\253x\250\025\373\247\354Tc\304\263\243^\352Gv\\264\261\r\035\226\306\2411\351\233\203\215\200$\231\300f\220\371c@\017\254\363\\371\340\340VaR\205~^\226\342t\360\022\204d\231\205)\272\364?\361!\334\331\315\254\230\rBG\314\023\246\244=\351\177\254\302b&\276+H;0\312\021&\275\036\237\350R\313\206R\331\304k\323u\263t\221\213yC\241\217A\242\027g\322\241'\212.E?B_\316\327\217J +\370\t^b\005\020\003\211\373\247|hC\271Nmk~J\270EU\274\036-\347\240\312FA\321\341bca\253\025\321\311\317\021\375\317\217\n\272\033o\353G>\275\361H\265\240\232um""\317\324`\214\221\314\000\211K\223+(""\200i \311\372g\254\343ZR0\224\275q\252\357\213\263\206N\357&Q\217\267\303\356I\236\357\264\311b\037\366\035\253\343\311\265\240\327q\206f\262ODi\215-\363>\034\236l\273\005G\316F\217}[\036\007\270:\260\335\271B\241N\345\330\204\327f\361\272Kb\0377p\334\264\237\177~\330]\252+:\317u\302h\n\351\n\364\231\277R\371\356\033y\265v\360Ny\246\332qY\262\231\251\n\305\334\202\305\362\n\367@k\231\016R:\327\242\366\242\253LZY\223$Gw^\203\302\311\316I7\371tTwp}\005|\372\214\251{R`\230V\244-\326I\351\255\325i\335\377\321\353\327\331\302\023\347y\016\263\271\317\306\017UV\314qu?\0064A\315{3D\010\016S\212\2353k0\361\214ID\303g\277\010Y_\001~\021\333\370\255\374\\331\306\255\336)\365Rth\024\t\300.M\315\321S\257\224\252\362\326P\316\303%nX\3742\333\036\004Y\264yG^\234\177\214\305q\237\274G\300a4\275\240s\215\222\210\016\020G\344=-:GK\312\035\271\201\350\376F\260G\347\000\235\365P6pmH\033\373\212c\377o\232\356\320D\002\277,]os{\354/?\312e\006wda\001\023\375\316\025\254\321\244\370+Y`\220\270\254\2601E[FI\310\235<qI \356\032v%\001\230\016\203\200\251UD\347\304\373\034\211\340@\342\033\263\365\356\341\357\350\324\035J\032\177\230\207\220\303+\207\352g\317N\027>\222M\271m\033\236\021:\272\233r\373\233hC}\256\020\210\010\233\335\025[ d(\343\263\327\177\030\246\254H\277\254E\231\006\033_lB\210\264\334Y\322\314\362\320L\000Q\240\317\3502\006,|\364\004\275\034\006\337\370""\330\364\202\314\315\311?\030\260\361u)\336\202\265Y\177X\227$\245tCB\345\314d\231A\300\204\371KJ\036\321\330\014]""EN\266$]\331\226c\351\312\376z\254\214\206B\274&M\032\376v\266\3104u)\r\312\021\273\030jJH\215G4\367fQ;\255\3404\372\225\341L\224\242\200VY\220\355\020\353I\n\363\266\036\311\003OR\250""\032\230\021]+$\302\005\224\270\033E\r\312\315}\200\2505\216\221\301\341\035[\247\325\236M^\360a\267\356\267\247]\357\236\n\207}P\2654\026`\256u\276\r&\026K\315a\3337\216.\240\362\263\327]\372\325\037\006\345\236\265\343\337g\271\317\315\374\3357gX\036\024'\357<$\322\323$\375\346&^\361\0009\022`\210$\005\261rTx\343\226\224vC\2607.\025\213@~\312\227\000 o\232\016\376|a3\352&\324\337\230\212\265o\2035\250\303\2760\241\364^\002Z\031Z!\300\002\364\004\232\355\234\202\021\371\264\227\2326\315\307\363\323\325\303\032N\256*\307\327 \235\332\207u\210\271\257\306g\231i*\260\326k\001"";   nodeid: ""\260\000\000\000\000\000\000\000\000\000\000\000\000\000\000\000\000\000\000\000\000\000\000\000\000\000\000\000\000\000\000\000\001""; }; ","ledgerHash: ""_~\346\024\242\247\366\231\036\370\365\313\014\307\362i\210e\030\317\336e\256\245\026R\036\304S\352]~""; ledgerSeq: 52; type: liAS_NODE; nodes {;   nodedata: ""\021\000h""\000\000\000\000 \033\000\000\0003\002\023\306\277\330\356GuH\375\327!\255\371\r\231\262R\256J\034\222\241\355X\265E\241^W\225\304\014\361CX-}\351f\032\255\274\334m\326c\017\014ao[\342\230\003\245\245\3341Hm\326^\017jy\335\261\032Yt\320\244{g\0306\\302\303*\341\215\223\257\364\277o\375\000r\241SOq\221\253\262\005\017\375T\356\014\360o'\030\311-\267\031\257!\031T\006><\315XM\334\324\345\034\000\325\367\240\271\013\265\024\321\362\354\211\250.\234s\225amc\305\035\366\276\037nD\277`\210\223N\3535\033\261\304f\331]\036\237\306o!\223\221\002\324\031\262\240R\177 ,\214\325\Q])\016\2067\277\t\354\010\000\360\215\2502\265\245\310\226\243c\302Ze\306\253#r\020\211\320iG\276\020E\317\035Sf\223F\254\033@\177e\277\016\010u\327\371&\262\312\317Q\2361t\377x\234\001v\003%\030\325_\225g\204\346a=\225\273\331\354\365*U\363\263N\367b\371\244\314-w\363\262\225Z\200\206\235\233\257?sE\2674\254\326mU\377?\177Ek\336\030!\316Aa\225\303\022\377{\210Y\226\271as\354L\035\004\341\361\035\301\024\220m#*\372\032\3178~\374\250\014*\323\342'z69\220\327\256\351G\367\317u\302\207\270b\315\333\333\334\310I\323&\014\352XZnW2.\335\347\202\021\247\362\212e\034\000\001\250\220\305;a\314\265R\310\017\317\331\235\360\262\240:\277\202\266\354\265X""\022\nh\252\352w\204\203\023]\001f\352\277\0031Q]\362\370R\350{\261\202\240\344\215\201\353\276\322p5p\350\354\017>\250r\241c\273\016\301\024\363\242\247\263\231\370\344\nBW\220K\316@3\243\200\036wk\253GSlU\010\360\231>\331\263H\214\324\030A\225\301o\346pkSF\004\241\213w9\223=\250\262*+\255\351r\265\244c\024\213\t\007`\223\325#\3477\210\345P\306\013\320\252[\0216+\227=`\371P\314\346 V7\271[~\n\237\274|\347\352@K\253~&\260\032\024\004B\200\255h\351\013\361\031:nG\211\005|\2003\266\274\251,W\006u\344\335d\003\306\212\313,\340\350bG\n\030Z\2732-\246\312\255\030\003\235207\005}D\260\0261ah\322M\304\216\273m0\271\234\237\007<w$\265C\245\232\033\023\313c\321B\032l\301h\005\320\252\301\361(\330[\343\357\343{\235\n\266g\272>\177\317\347\261qb&\270&\346ju\200\363N\320\307\004\034\001n\317\361\2653\254\2503\247\305\372\316W\022O\253x\250\025\373\247\354Tc\304\263\243^\352Gv\\264\261\r\035\226\306\2411\351\233\203\215\200$\231\300f\220\371c@\017\254\363\\371\340\340VaR\205~^\226\342t\360\022\204d\231\205)\272\364?\361!\334\331\315\254\230\rBG\314\023\246\244=\351\177\254\302b&\276+H;0\312\021&\275\036\237\350R\313\206R\331\304k\323u\263t\221\213yC\241\217A\242\027g\322\241'\212.E?B_\316\327\217J +\370\t^b\005\020\003\211\373\247|hC\271Nmk~J\270EU\274\036-\347\240\312FA\321\341bca\253\025\321\311\317\021\375\317\217\n\272\033o\353G>\275\361H\265\240\232um""\317\324`\214\221\314\000\211K\223+(""\200i \311\372g\254\343ZR0\224\275q\252\357\213\263\206N\357&Q\217\267\303\356I\236\357\264\311b\037\366\035\253\343\311\265\240\327q\206f\262ODi\215-\363>\034\236l\273\005G\316F\217}[\036\007\270:\260\335\271B\241N\345\330\204\327f\361\272Kb\0377p\334\264\237\177~\330]\252+:\317u\302h\n\351\n\364\231\277R\371\356\033y\265v\360Ny\246\332qY\262\231\251\n\305\334\202\305\362\n\367@k\231\016R:\327\242\366\242\253LZY\223$Gw^\203\302\311\316I7\371tTwp}\005|\372\214\251{R`\230V\244-\326I\351\255\325i\335\377\321\353\327\331\302\023\347y\016\263\271\317\306\017UV\314qu?\0064A\315{3D\010\016S\212\2353k0\361\214ID\303g\277\010Y_\001~\021\333\370\255\374\\331\306\255\336)\365Rth\024\t\300.M\315\321S\257\224\252\362\326P\316\303%nX\3742\333\036\004Y\264yG^\234\177\214\305q\237\274G\300a4\275\240s\215\222\210\016\020G\344=-:GK\312\035\271\201\350\376F\260G\347\000\235\365P6pmH\033\373\212c\377o\232\356\320D\002\277,]os{\354/?\312e\006wda\001\023\375\316\025\254\321\244\370+Y`\220\270\254\2601E[FI\310\235<qI \356\032v%\001\230\016\203\200\251UD\347\304\373\034\211\340@\342\033\263\365\356\341\357\350\324\035J\032\177\230\207\220\303+\207\352g\317N\027>\222M\271m\033\236\021:\272\233r\373\233hC}\256\020\210\010\233\335\025[ d(\343\263\327\177\030\246\254H\277\254E\231\006\033_lB\210\264\334Y\322\314\362\320L\000Q\240\317\3502\006,|\364\004\275\034\006\337\370""\330\364\202\314\315\311?\030\260\361u)\336\202\265Y\177X\227$\245tCB\345\314d\231A\300\204\371KJ\036\321\330\014]""EN\266$]\331\226c\351\312\376z\254\214\206B\274&M\032\376v\266\3104u)\r\312\021\273\030jJH\215G4\367fQ;\255\3404\372\225\341L\224\242\200VY\220\355\020\353I\n\363\266\036\311\003OR\250""\032\230\021]+$\302\005\224\270\033E\r\312\315}\200\2505\216\221\301\341\035[\247\325\236M^\360a\267\356\267\247]\357\236\n\207}P\2654\026`\256u\276\r&\026K\315a\3337\216.\240\362\263\327]\372\325\037\006\345\236\265\343\337g\271\317\315\374\3357gX\036\024'\357<$\322\323$\375\346&^\361\0009\022`\210$\005\261rTx\343\226\224vC\2607.\025\213@~\312\227\000 o\232\016\376|a3\352&\324\337\230\212\265o\2035\250\303\2760\241\364^\002Z\031Z!\300\002\364\004\232\355\234\202\021\371\264\227\2326\315\307\363\323\325\303\032N\256*\307\327 \235\332\207u\210\271\257\306g\231i*\260\326k\001"";   nodeid: ""\260\000\000\000\000\000\000\000\000\000\000\000\000\000\000\000\000\000\000\000\000\000\000\000\000\000\000\000\000\000\000\000\001""; }; "
1750527696533,1750527696533,0,1,3,0,TMLedgerData,"ledgerHash: ""_~\346\024\242\247\366\231\036\370\365\313\014\307\362i\210e\030\317\336e\256\245\026R\036\304S\352]~""; ledgerSeq: 52; type: liBASE; nodes {;   nodedata: ""\000\000\0004\001cEx]\211\377\330\352&\324\337\230\212\265o\2035\250\303\2760\241\364^\002Z\031Z!\300\002\364\004\232\355\234\202\021\371\000\000\000\000\000\000\000\000\000\000\000\000\000\000\000\000\000\000\000\000\000\000\000\000\000\000\000\000\000\000\000\000\347\~c5A\352o(*1\005gi\212\330o\246\22373|d\266<J\366\256\364\363\234;/\351\253L/\351\253M\n\000""; }; nodes {;   nodedata: ""\323C\344\327\264{\312-\017:\006{\177\344N\002\326bO\260\220\006\033\362\345\005U\221DzJ0\001\301\025%1L\307\t\261\262z\374\222T\301\274V\236\223\262\270Ct\362\337b\356\024*\324\320\351\317\002k\336\234\027v\351\217\260\303\360\233ZPZWr\246$w\313\313\r\243r\232\2234\373\3539:N\004Q\245\272D\312D\300\300\t\323\0257\345e\271\na\215{\226\255x%T\257\037\333\004\344_/R\006E\344\037@\210\363\010\336T\226\247'\204_{\261\370""1\235\2445\343\033Y!\212\201\341\272\225'\007-\260\032\367\307\014\201\215\273\274\212y\250\361\246\351A\007.aL\225\255\034\241_\277\317& \255\225\013\003""; }; requestCookie: 5; ","ledgerHash: ""_~\346\024\242\247\366\231\036\370\365\313\014\307\362i\210e\030\317\336e\256\245\026R\036\304S\352]~""; ledgerSeq: 52; type: liBASE; nodes {;   nodedata: ""\000\000\0004\001cEx]\211\377\330\352&\324\337\230\212\265o\2035\250\303\2760\241\364^\002Z\031Z!\300\002\364\004\232\355\234\202\021\371\000\000\000\000\000\000\000\000\000\000\000\000\000\000\000\000\000\000\000\000\000\000\000\000\000\000\000\000\000\000\000\000\347\~c5A\352o(*1\005gi\212\330o\246\22373|d\266<J\366\256\364\363\234;/\351\253L/\351\253M\n\000""; }; nodes {;   nodedata: ""\323C\344\327\264{\312-\017:\006{\177\344N\002\326bO\260\220\006\033\362\345\005U\221DzJ0\001\301\025%1L\307\t\261\262z\374\222T\301\274V\236\223\262\270Ct\362\337b\356\024*\324\320\351\317\002k\336\234\027v\351\217\260\303\360\233ZPZWr\246$w\313\313\r\243r\232\2234\373\3539:N\004Q\245\272D\312D\300\300\t\323\0257\345e\271\na\215{\226\255x%T\257\037\333\004\344_/R\006E\344\037@\210\363\010\336T\226\247'\204_{\261\370""1\235\2445\343\033Y!\212\201\341\272\225'\007-\260\032\367\307\014\201\215\273\274\212y\250\361\246\351A\007.aL\225\255\034\241_\277\317& \255\225\013\003""; }; requestCookie: 5; "
1750527696534,1750527696534,0,1,3,0,TMLedgerData,"ledgerHash: ""_~\346\024\242\247\366\231\036\370\365\313\014\307\362i\210e\030\317\336e\256\245\026R\036\304S\352]~""; ledgerSeq: 52; type: liBASE; nodes {;   nodedata: ""\000\000\0004\001cEx]\211\377\330\352&\324\337\230\212\265o\2035\250\303\2760\241\364^\002Z\031Z!\300\002\364\004\232\355\234\202\021\371\000\000\000\000\000\000\000\000\000\000\000\000\000\000\000\000\000\000\000\000\000\000\000\000\000\000\000\000\000\000\000\000\347\~c5A\352o(*1\005gi\212\330o\246\22373|d\266<J\366\256\364\363\234;/\351\253L/\351\253M\n\000""; }; nodes {;   nodedata: ""\323C\344\327\264{\312-\017:\006{\177\344N\002\326bO\260\220\006\033\362\345\005U\221DzJ0\001\301\025%1L\307\t\261\262z\374\222T\301\274V\236\223\262\270Ct\362\337b\356\024*\324\320\351\317\002k\336\234\027v\351\217\260\303\360\233ZPZWr\246$w\313\313\r\243r\232\2234\373\3539:N\004Q\245\272D\312D\300\300\t\323\0257\345e\271\na\215{\226\255x%T\257\037\333\004\344_/R\006E\344\037@\210\363\010\336T\226\247'\204_{\261\370""1\235\2445\343\033Y!\212\201\341\272\225'\007-\260\032\367\307\014\201\215\273\274\212y\250\361\246\351A\007.aL\225\255\034\241_\277\317& \255\225\013\003""; }; requestCookie: 2; ","ledgerHash: ""_~\346\024\242\247\366\231\036\370\365\313\014\307\362i\210e\030\317\336e\256\245\026R\036\304S\352]~""; ledgerSeq: 52; type: liBASE; nodes {;   nodedata: ""\000\000\0004\001cEx]\211\377\330\352&\324\337\230\212\265o\2035\250\303\2760\241\364^\002Z\031Z!\300\002\364\004\232\355\234\202\021\371\000\000\000\000\000\000\000\000\000\000\000\000\000\000\000\000\000\000\000\000\000\000\000\000\000\000\000\000\000\000\000\000\347\~c5A\352o(*1\005gi\212\330o\246\22373|d\266<J\366\256\364\363\234;/\351\253L/\351\253M\n\000""; }; nodes {;   nodedata: ""\323C\344\327\264{\312-\017:\006{\177\344N\002\326bO\260\220\006\033\362\345\005U\221DzJ0\001\301\025%1L\307\t\261\262z\374\222T\301\274V\236\223\262\270Ct\362\337b\356\024*\324\320\351\317\002k\336\234\027v\351\217\260\303\360\233ZPZWr\246$w\313\313\r\243r\232\2234\373\3539:N\004Q\245\272D\312D\300\300\t\323\0257\345e\271\na\215{\226\255x%T\257\037\333\004\344_/R\006E\344\037@\210\363\010\336T\226\247'\204_{\261\370""1\235\2445\343\033Y!\212\201\341\272\225'\007-\260\032\367\307\014\201\215\273\274\212y\250\361\246\351A\007.aL\225\255\034\241_\277\317& \255\225\013\003""; }; requestCookie: 2; "
1750527696535,1750527696536,0,1,3,2,TMLedgerData,"ledgerHash: ""_~\346\024\242\247\366\231\036\370\365\313\014\307\362i\210e\030\317\336e\256\245\026R\036\304S\352]~""; ledgerSeq: 52; type: liAS_NODE; nodes {;   nodedata: ""\021\000h""\000\000\000\000 \033\000\000\0003\002\023\306\277\330\356GuH\375\327!\255\371\r\231\262R\256J\034\222\241\355X\265E\241^W\225\304\014\361CX-}\351f\032\255\274\334m\326c\017\014ao[\342\230\003\245\245\3341Hm\326^\017jy\335\261\032Yt\320\244{g\0306\\302\303*\341\215\223\257\364\277o\375\000r\241SOq\221\253\262\005\017\375T\356\014\360o'\030\311-\267\031\257!\031T\006><\315XM\334\324\345\034\000\325\367\240\271\013\265\024\321\362\354\211\250.\234s\225amc\305\035\366\276\037nD\277`\210\223N\3535\033\261\304f\331]\036\237\306o!\223\221\002\324\031\262\240R\177 ,\214\325\Q])\016\2067\277\t\354\010\000\360\215\2502\265\245\310\226\243c\302Ze\306\253#r\020\211\320iG\276\020E\317\035Sf\223F\254\033@\177e\277\016\010u\327\371&\262\312\317Q\2361t\377x\234\001v\003%\030\325_\225g\204\346a=\225\273\331\354\365*U\363\263N\367b\371\244\314-w\363\262\225Z\200\206\235\233\257?sE\2674\254\326mU\377?\177Ek\336\030!\316Aa\225\303\022\377{\210Y\226\271as\354L\035\004\341\361\035\301\024\220m#*\372\032\3178~\374\250\014*\323\342'z69\220\327\256\351G\367\317u\302\207\270b\315\333\333\334\310I\323&\014\352XZnW2.\335\347\202\021\247\362\212e\034\000\001\250\220\305;a\314\265R\310\017\317\331\235\360\262\240:\277\202\266\354\265X""\022\nh\252\352w\204\203\023]\001f\352\277\0031Q]\362\370R\350{\261\202\240\344\215\201\353\276\322p5p\350\354\017>\250r\241c\273\016\301\024\363\242\247\263\231\370\344\nBW\220K\316@3\243\200\036wk\253GSlU\010\360\231>\331\263H\214\324\030A\225\301o\346pkSF\004\241\213w9\223=\250\262*+\255\351r\265\244c\024\213\t\007`\223\325#\3477\210\345P\306\013\320\252[\0216+\227=`\371P\314\346 V7\271[~\n\237\274|\347\352@K\253~&\260\032\024\004B\200\255h\351\013\361\031:nG\211\005|\2003\266\274\251,W\006u\344\335d\003\306\212\313,\340\350bG\n\030Z\2732-\246\312\255\030\003\235207\005}D\260\0261ah\322M\304\216\273m0\271\234\237\007<w$\265C\245\232\033\023\313c\321B\032l\301h\005\320\252\301\361(\330[\343\357\343{\235\n\266g\272>\177\317\347\261qb&\270&\346ju\200\363N\320\307\004\034\001n\317\361\2653\254\2503\247\305\372\316W\022O\253x\250\025\373\247\354Tc\304\263\243^\352Gv\\264\261\r\035\226\306\2411\351\233\203\215\200$\231\300f\220\371c@\017\254\363\\371\340\340VaR\205~^\226\342t\360\022\204d\231\205)\272\364?\361!\334\331\315\254\230\rBG\314\023\246\244=\351\177\254\302b&\276+H;0\312\021&\275\036\237\350R\313\206R\331\304k\323u\263t\221\213yC\241\217A\242\027g\322\241'\212.E?B_\316\327\217J +\370\t^b\005\020\003\211\373\247|hC\271Nmk~J\270EU\274\036-\347\240\312FA\321\341bca\253\025\321\311\317\021\375\317\217\n\272\033o\353G>\275\361H\265\240\232um""\317\324`\214\221\314\000\211K\223+(""\200i \311\372g\254\343ZR0\224\275q\252\357\213\263\206N\357&Q\217\267\303\356I\236\357\264\311b\037\366\035\253\343\311\265\240\327q\206f\262ODi\215-\363>\034\236l\273\005G\316F\217}[\036\007\270:\260\335\271B\241N\345\330\204\327f\361\272Kb\0377p\334\264\237\177~\330]\252+:\317u\302h\n\351\n\364\231\277R\371\356\033y\265v\360Ny\246\332qY\262\231\251\n\305\334\202\305\362\n\367@k\231\016R:\327\242\366\242\253LZY\223$Gw^\203\302\311\316I7\371tTwp}\005|\372\214\251{R`\230V\244-\326I\351\255\325i\335\377\321\353\327\331\302\023\347y\016\263\271\317\306\017UV\314qu?\0064A\315{3D\010\016S\212\2353k0\361\214ID\303g\277\010Y_\001~\021\333\370\255\374\\331\306\255\336)\365Rth\024\t\300.M\315\321S\257\224\252\362\326P\316\303%nX\3742\333\036\004Y\264yG^\234\177\214\305q\237\274G\300a4\275\240s\215\222\210\016\020G\344=-:GK\312\035\271\201\350\376F\260G\347\000\235\365P6pmH\033\373\212c\377o\232\356\320D\002\277,]os{\354/?\312e\006wda\001\023\375\316\025\254\321\244\370+Y`\220\270\254\2601E[FI\310\235<qI \356\032v%\001\230\016\203\200\251UD\347\304\373\034\211\340@\342\033\263\365\356\341\357\350\324\035J\032\177\230\207\220\303+\207\352g\317N\027>\222M\271m\033\236\021:\272\233r\373\233hC}\256\020\210\010\233\335\025[ d(\343\263\327\177\030\246\254H\277\254E\231\006\033_lB\210\264\334Y\322\314\362\320L\000Q\240\317\3502\006,|\364\004\275\034\006\337\370""\330\364\202\314\315\311?\030\260\361u)\336\202\265Y\177X\227$\245tCB\345\314d\231A\300\204\371KJ\036\321\330\014]""EN\266$]\331\226c\351\312\376z\254\214\206B\274&M\032\376v\266\3104u)\r\312\021\273\030jJH\215G4\367fQ;\255\3404\372\225\341L\224\242\200VY\220\355\020\353I\n\363\266\036\311\003OR\250""\032\230\021]+$\302\005\224\270\033E\r\312\315}\200\2505\216\221\301\341\035[\247\325\236M^\360a\267\356\267\247]\357\236\n\207}P\2654\026`\256u\276\r&\026K\315a\3337\216.\240\362\263\327]\372\325\037\006\345\236\265\343\337g\271\317\315\374\3357gX\036\024'\357<$\322\323$\375\346&^\361\0009\022`\210$\005\261rTx\343\226\224vC\2607.\025\213@~\312\227\000 o\232\016\376|a3\352&\324\337\230\212\265o\2035\250\303\2760\241\364^\002Z\031Z!\300\002\364\004\232\355\234\202\021\371\264\227\2326\315\307\363\323\325\303\032N\256*\307\327 \235\332\207u\210\271\257\306g\231i*\260\326k\001"";   nodeid: ""\260\000\000\000\000\000\000\000\000\000\000\000\000\000\000\000\000\000\000\000\000\000\000\000\000\000\000\000\000\000\000\000\001""; }; ","ledgerHash: ""_~\346\024\242\247\366\231\036\370\365\313\014\307\362i\210e\030\317\336e\256\245\026R\036\304S\352]~""; ledgerSeq: 52; type: liAS_NODE; nodes {;   nodedata: ""\021\000h""\000\000\000\000 \033\000\000\0003\002\023\306\277\330\356GuH\375\327!\255\371\r\231\262R\256J\034\222\241\355X\265E\241^W\225\304\014\361CX-}\351f\032\255\274\334m\326c\017\014ao[\342\230\003\245\245\3341Hm\326^\017jy\335\261\032Yt\320\244{g\0306\\302\303*\341\215\223\257\364\277o\375\000r\241SOq\221\253\262\005\017\375T\356\014\360o'\030\311-\267\031\257!\031T\006><\315XM\334\324\345\034\000\325\367\240\271\013\265\024\321\362\354\211\250.\234s\225amc\305\035\366\276\037nD\277`\210\223N\3535\033\261\304f\331]\036\237\306o!\223\221\002\324\031\262\240R\177 ,\214\325\Q])\016\2067\277\t\354\010\000\360\215\2502\265\245\310\226\243c\302Ze\306\253#r\020\211\320iG\276\020E\317\035Sf\223F\254\033@\177e\277\016\010u\327\371&\262\312\317Q\2361t\377x\234\001v\003%\030\325_\225g\204\346a=\225\273\331\354\365*U\363\263N\367b\371\244\314-w\363\262\225Z\200\206\235\233\257?sE\2674\254\326mU\377?\177Ek\336\030!\316Aa\225\303\022\377{\210Y\226\271as\354L\035\004\341\361\035\301\024\220m#*\372\032\3178~\374\250\014*\323\342'z69\220\327\256\351G\367\317u\302\207\270b\315\333\333\334\310I\323&\014\352XZnW2.\335\347\202\021\247\362\212e\034\000\001\250\220\305;a\314\265R\310\017\317\331\235\360\262\240:\277\202\266\354\265X""\022\nh\252\352w\204\203\023]\001f\352\277\0031Q]\362\370R\350{\261\202\240\344\215\201\353\276\322p5p\350\354\017>\250r\241c\273\016\301\024\363\242\247\263\231\370\344\nBW\220K\316@3\243\200\036wk\253GSlU\010\360\231>\331\263H\214\324\030A\225\301o\346pkSF\004\241\213w9\223=\250\262*+\255\351r\265\244c\024\213\t\007`\223\325#\3477\210\345P\306\013\320\252[\0216+\227=`\371P\314\346 V7\271[~\n\237\274|\347\352@K\253~&\260\032\024\004B\200\255h\351\013\361\031:nG\211\005|\2003\266\274\251,W\006u\344\335d\003\306\212\313,\340\350bG\n\030Z\2732-\246\312\255\030\003\235207\005}D\260\0261ah\322M\304\216\273m0\271\234\237\007<w$\265C\245\232\033\023\313c\321B\032l\301h\005\320\252\301\361(\330[\343\357\343{\235\n\266g\272>\177\317\347\261qb&\270&\346ju\200\363N\320\307\004\034\001n\317\361\2653\254\2503\247\305\372\316W\022O\253x\250\025\373\247\354Tc\304\263\243^\352Gv\\264\261\r\035\226\306\2411\351\233\203\215\200$\231\300f\220\371c@\017\254\363\\371\340\340VaR\205~^\226\342t\360\022\204d\231\205)\272\364?\361!\334\331\315\254\230\rBG\314\023\246\244=\351\177\254\302b&\276+H;0\312\021&\275\036\237\350R\313\206R\331\304k\323u\263t\221\213yC\241\217A\242\027g\322\241'\212.E?B_\316\327\217J +\370\t^b\005\020\003\211\373\247|hC\271Nmk~J\270EU\274\036-\347\240\312FA\321\341bca\253\025\321\311\317\021\375\317\217\n\272\033o\353G>\275\361H\265\240\232um""\317\324`\214\221\314\000\211K\223+(""\200i \311\372g\254\343ZR0\224\275q\252\357\213\263\206N\357&Q\217\267\303\356I\236\357\264\311b\037\366\035\253\343\311\265\240\327q\206f\262ODi\215-\363>\034\236l\273\005G\316F\217}[\036\007\270:\260\335\271B\241N\345\330\204\327f\361\272Kb\0377p\334\264\237\177~\330]\252+:\317u\302h\n\351\n\364\231\277R\371\356\033y\265v\360Ny\246\332qY\262\231\251\n\305\334\202\305\362\n\367@k\231\016R:\327\242\366\242\253LZY\223$Gw^\203\302\311\316I7\371tTwp}\005|\372\214\251{R`\230V\244-\326I\351\255\325i\335\377\321\353\327\331\302\023\347y\016\263\271\317\306\017UV\314qu?\0064A\315{3D\010\016S\212\2353k0\361\214ID\303g\277\010Y_\001~\021\333\370\255\374\\331\306\255\336)\365Rth\024\t\300.M\315\321S\257\224\252\362\326P\316\303%nX\3742\333\036\004Y\264yG^\234\177\214\305q\237\274G\300a4\275\240s\215\222\210\016\020G\344=-:GK\312\035\271\201\350\376F\260G\347\000\235\365P6pmH\033\373\212c\377o\232\356\320D\002\277,]os{\354/?\312e\006wda\001\023\375\316\025\254\321\244\370+Y`\220\270\254\2601E[FI\310\235<qI \356\032v%\001\230\016\203\200\251UD\347\304\373\034\211\340@\342\033\263\365\356\341\357\350\324\035J\032\177\230\207\220\303+\207\352g\317N\027>\222M\271m\033\236\021:\272\233r\373\233hC}\256\020\210\010\233\335\025[ d(\343\263\327\177\030\246\254H\277\254E\231\006\033_lB\210\264\334Y\322\314\362\320L\000Q\240\317\3502\006,|\364\004\275\034\006\337\370""\330\364\202\314\315\311?\030\260\361u)\336\202\265Y\177X\227$\245tCB\345\314d\231A\300\204\371KJ\036\321\330\014]""EN\266$]\331\226c\351\312\376z\254\214\206B\274&M\032\376v\266\3104u)\r\312\021\273\030jJH\215G4\367fQ;\255\3404\372\225\341L\224\242\200VY\220\355\020\353I\n\363\266\036\311\003OR\250""\032\230\021]+$\302\005\224\270\033E\r\312\315}\200\2505\216\221\301\341\035[\247\325\236M^\360a\267\356\267\247]\357\236\n\207}P\2654\026`\256u\276\r&\026K\315a\3337\216.\240\362\263\327]\372\325\037\006\345\236\265\343\337g\271\317\315\374\3357gX\036\024'\357<$\322\323$\375\346&^\361\0009\022`\210$\005\261rTx\343\226\224vC\2607.\025\213@~\312\227\000 o\232\016\376|a3\352&\324\337\230\212\265o\2035\250\303\2760\241\364^\002Z\031Z!\300\002\364\004\232\355\234\202\021\371\264\227\2326\315\307\363\323\325\303\032N\256*\307\327 \235\332\207u\210\271\257\306g\231i*\260\326k\001"";   nodeid: ""\260\000\000\000\000\000\000\000\000\000\000\000\000\000\000\000\000\000\000\000\000\000\000\000\000\000\000\000\000\000\000\000\001""; }; "
1750527696536,1750527696536,0,1,3,0,TMLedgerData,"ledgerHash: ""_~\346\024\242\247\366\231\036\370\365\313\014\307\362i\210e\030\317\336e\256\245\026R\036\304S\352]~""; ledgerSeq: 52; type: liBASE; nodes {;   nodedata: ""\000\000\0004\001cEx]\211\377\330\352&\324\337\230\212\265o\2035\250\303\2760\241\364^\002Z\031Z!\300\002\364\004\232\355\234\202\021\371\000\000\000\000\000\000\000\000\000\000\000\000\000\000\000\000\000\000\000\000\000\000\000\000\000\000\000\000\000\000\000\000\347\~c5A\352o(*1\005gi\212\330o\246\22373|d\266<J\366\256\364\363\234;/\351\253L/\351\253M\n\000""; }; nodes {;   nodedata: ""\323C\344\327\264{\312-\017:\006{\177\344N\002\326bO\260\220\006\033\362\345\005U\221DzJ0\001\301\025%1L\307\t\261\262z\374\222T\301\274V\236\223\262\270Ct\362\337b\356\024*\324\320\351\317\002k\336\234\027v\351\217\260\303\360\233ZPZWr\246$w\313\313\r\243r\232\2234\373\3539:N\004Q\245\272D\312D\300\300\t\323\0257\345e\271\na\215{\226\255x%T\257\037\333\004\344_/R\006E\344\037@\210\363\010\336T\226\247'\204_{\261\370""1\235\2445\343\033Y!\212\201\341\272\225'\007-\260\032\367\307\014\201\215\273\274\212y\250\361\246\351A\007.aL\225\255\034\241_\277\317& \255\225\013\003""; }; requestCookie: 3; ","ledgerHash: ""_~\346\024\242\247\366\231\036\370\365\313\014\307\362i\210e\030\317\336e\256\245\026R\036\304S\352]~""; ledgerSeq: 52; type: liBASE; nodes {;   nodedata: ""\000\000\0004\001cEx]\211\377\330\352&\324\337\230\212\265o\2035\250\303\2760\241\364^\002Z\031Z!\300\002\364\004\232\355\234\202\021\371\000\000\000\000\000\000\000\000\000\000\000\000\000\000\000\000\000\000\000\000\000\000\000\000\000\000\000\000\000\000\000\000\347\~c5A\352o(*1\005gi\212\330o\246\22373|d\266<J\366\256\364\363\234;/\351\253L/\351\253M\n\000""; }; nodes {;   nodedata: ""\323C\344\327\264{\312-\017:\006{\177\344N\002\326bO\260\220\006\033\362\345\005U\221DzJ0\001\301\025%1L\307\t\261\262z\374\222T\301\274V\236\223\262\270Ct\362\337b\356\024*\324\320\351\317\002k\336\234\027v\351\217\260\303\360\233ZPZWr\246$w\313\313\r\243r\232\2234\373\3539:N\004Q\245\272D\312D\300\300\t\323\0257\345e\271\na\215{\226\255x%T\257\037\333\004\344_/R\006E\344\037@\210\363\010\336T\226\247'\204_{\261\370""1\235\2445\343\033Y!\212\201\341\272\225'\007-\260\032\367\307\014\201\215\273\274\212y\250\361\246\351A\007.aL\225\255\034\241_\277\317& \255\225\013\003""; }; requestCookie: 3; "
1750527696537,1750527696538,0,1,3,0,TMLedgerData,"ledgerHash: ""_~\346\024\242\247\366\231\036\370\365\313\014\307\362i\210e\030\317\336e\256\245\026R\036\304S\352]~""; ledgerSeq: 52; type: liAS_NODE; nodes {;   nodedata: ""\021\000h""\000\000\000\000 \033\000\000\0003\002\023\306\277\330\356GuH\375\327!\255\371\r\231\262R\256J\034\222\241\355X\265E\241^W\225\304\014\361CX-}\351f\032\255\274\334m\326c\017\014ao[\342\230\003\245\245\3341Hm\326^\017jy\335\261\032Yt\320\244{g\0306\\302\303*\341\215\223\257\364\277o\375\000r\241SOq\221\253\262\005\017\375T\356\014\360o'\030\311-\267\031\257!\031T\006><\315XM\334\324\345\034\000\325\367\240\271\013\265\024\321\362\354\211\250.\234s\225amc\305\035\366\276\037nD\277`\210\223N\3535\033\261\304f\331]\036\237\306o!\223\221\002\324\031\262\240R\177 ,\214\325\Q])\016\2067\277\t\354\010\000\360\215\2502\265\245\310\226\243c\302Ze\306\253#r\020\211\320iG\276\020E\317\035Sf\223F\254\033@\177e\277\016\010u\327\371&\262\312\317Q\2361t\377x\234\001v\003%\030\325_\225g\204\346a=\225\273\331\354\365*U\363\263N\367b\371\244\314-w\363\262\225Z\200\206\235\233\257?sE\2674\254\326mU\377?\177Ek\336\030!\316Aa\225\303\022\377{\210Y\226\271as\354L\035\004\341\361\035\301\024\220m#*\372\032\3178~\374\250\014*\323\342'z69\220\327\256\351G\367\317u\302\207\270b\315\333\333\334\310I\323&\014\352XZnW2.\335\347\202\021\247\362\212e\034\000\001\250\220\305;a\314\265R\310\017\317\331\235\360\262\240:\277\202\266\354\265X""\022\nh\252\352w\204\203\023]\001f\352\277\0031Q]\362\370R\350{\261\202\240\344\215\201\353\276\322p5p\350\354\017>\250r\241c\273\016\301\024\363\242\247\263\231\370\344\nBW\220K\316@3\243\200\036wk\253GSlU\010\360\231>\331\263H\214\324\030A\225\301o\346pkSF\004\241\213w9\223=\250\262*+\255\351r\265\244c\024\213\t\007`\223\325#\3477\210\345P\306\013\320\252[\0216+\227=`\371P\314\346 V7\271[~\n\237\274|\347\352@K\253~&\260\032\024\004B\200\255h\351\013\361\031:nG\211\005|\2003\266\274\251,W\006u\344\335d\003\306\212\313,\340\350bG\n\030Z\2732-\246\312\255\030\003\235207\005}D\260\0261ah\322M\304\216\273m0\271\234\237\007<w$\265C\245\232\033\023\313c\321B\032l\301h\005\320\252\301\361(\330[\343\357\343{\235\n\266g\272>\177\317\347\261qb&\270&\346ju\200\363N\320\307\004\034\001n\317\361\2653\254\2503\247\305\372\316W\022O\253x\250\025\373\247\354Tc\304\263\243^\352Gv\\264\261\r\035\226\306\2411\351\233\203\215\200$\231\300f\220\371c@\017\254\363\\371\340\340VaR\205~^\226\342t\360\022\204d\231\205)\272\364?\361!\334\331\315\254\230\rBG\314\023\246\244=\351\177\254\302b&\276+H;0\312\021&\275\036\237\350R\313\206R\331\304k\323u\263t\221\213yC\241\217A\242\027g\322\241'\212.E?B_\316\327\217J +\370\t^b\005\020\003\211\373\247|hC\271Nmk~J\270EU\274\036-\347\240\312FA\321\341bca\253\025\321\311\317\021\375\317\217\n\272\033o\353G>\275\361H\265\240\232um""\317\324`\214\221\314\000\211K\223+(""\200i \311\372g\254\343ZR0\224\275q\252\357\213\263\206N\357&Q\217\267\303\356I\236\357\264\311b\037\366\035\253\343\311\265\240\327q\206f\262ODi\215-\363>\034\236l\273\005G\316F\217}[\036\007\270:\260\335\271B\241N\345\330\204\327f\361\272Kb\0377p\334\264\237\177~\330]\252+:\317u\302h\n\351\n\364\231\277R\371\356\033y\265v\360Ny\246\332qY\262\231\251\n\305\334\202\305\362\n\367@k\231\016R:\327\242\366\242\253LZY\223$Gw^\203\302\311\316I7\371tTwp}\005|\372\214\251{R`\230V\244-\326I\351\255\325i\335\377\321\353\327\331\302\023\347y\016\263\271\317\306\017UV\314qu?\0064A\315{3D\010\016S\212\2353k0\361\214ID\303g\277\010Y_\001~\021\333\370\255\374\\331\306\255\336)\365Rth\024\t\300.M\315\321S\257\224\252\362\326P\316\303%nX\3742\333\036\004Y\264yG^\234\177\214\305q\237\274G\300a4\275\240s\215\222\210\016\020G\344=-:GK\312\035\271\201\350\376F\260G\347\000\235\365P6pmH\033\373\212c\377o\232\356\320D\002\277,]os{\354/?\312e\006wda\001\023\375\316\025\254\321\244\370+Y`\220\270\254\2601E[FI\310\235<qI \356\032v%\001\230\016\203\200\251UD\347\304\373\034\211\340@\342\033\263\365\356\341\357\350\324\035J\032\177\230\207\220\303+\207\352g\317N\027>\222M\271m\033\236\021:\272\233r\373\233hC}\256\020\210\010\233\335\025[ d(\343\263\327\177\030\246\254H\277\254E\231\006\033_lB\210\264\334Y\322\314\362\320L\000Q\240\317\3502\006,|\364\004\275\034\006\337\370""\330\364\202\314\315\311?\030\260\361u)\336\202\265Y\177X\227$\245tCB\345\314d\231A\300\204\371KJ\036\321\330\014]""EN\266$]\331\226c\351\312\376z\254\214\206B\274&M\032\376v\266\3104u)\r\312\021\273\030jJH\215G4\367fQ;\255\3404\372\225\341L\224\242\200VY\220\355\020\353I\n\363\266\036\311\003OR\250""\032\230\021]+$\302\005\224\270\033E\r\312\315}\200\2505\216\221\301\341\035[\247\325\236M^\360a\267\356\267\247]\357\236\n\207}P\2654\026`\256u\276\r&\026K\315a\3337\216.\240\362\263\327]\372\325\037\006\345\236\265\343\337g\271\317\315\374\3357gX\036\024'\357<$\322\323$\375\346&^\361\0009\022`\210$\005\261rTx\343\226\224vC\2607.\025\213@~\312\227\000 o\232\016\376|a3\352&\324\337\230\212\265o\2035\250\303\2760\241\364^\002Z\031Z!\300\002\364\004\232\355\234\202\021\371\264\227\2326\315\307\363\323\325\303\032N\256*\307\327 \235\332\207u\210\271\257\306g\231i*\260\326k\001"";   nodeid: ""\260\000\000\000\000\000\000\000\000\000\000\000\000\000\000\000\000\000\000\000\000\000\000\000\000\000\000\000\000\000\000\000\001""; }; ","ledgerHash: ""_~\346\024\242\247\366\231\036\370\365\313\014\307\362i\210e\030\317\336e\256\245\026R\036\304S\352]~""; ledgerSeq: 52; type: liAS_NODE; nodes {;   nodedata: ""\021\000h""\000\000\000\000 \033\000\000\0003\002\023\306\277\330\356GuH\375\327!\255\371\r\231\262R\256J\034\222\241\355X\265E\241^W\225\304\014\361CX-}\351f\032\255\274\334m\326c\017\014ao[\342\230\003\245\245\3341Hm\326^\017jy\335\261\032Yt\320\244{g\0306\\302\303*\341\215\223\257\364\277o\375\000r\241SOq\221\253\262\005\017\375T\356\014\360o'\030\311-\267\031\257!\031T\006><\315XM\334\324\345\034\000\325\367\240\271\013\265\024\321\362\354\211\250.\234s\225amc\305\035\366\276\037nD\277`\210\223N\3535\033\261\304f\331]\036\237\306o!\223\221\002\324\031\262\240R\177 ,\214\325\Q])\016\2067\277\t\354\010\000\360\215\2502\265\245\310\226\243c\302Ze\306\253#r\020\211\320iG\276\020E\317\035Sf\223F\254\033@\177e\277\016\010u\327\371&\262\312\317Q\2361t\377x\234\001v\003%\030\325_\225g\204\346a=\225\273\331\354\365*U\363\263N\367b\371\244\314-w\363\262\225Z\200\206\235\233\257?sE\2674\254\326mU\377?\177Ek\336\030!\316Aa\225\303\022\377{\210Y\226\271as\354L\035\004\341\361\035\301\024\220m#*\372\032\3178~\374\250\014*\323\342'z69\220\327\256\351G\367\317u\302\207\270b\315\333\333\334\310I\323&\014\352XZnW2.\335\347\202\021\247\362\212e\034\000\001\250\220\305;a\314\265R\310\017\317\331\235\360\262\240:\277\202\266\354\265X""\022\nh\252\352w\204\203\023]\001f\352\277\0031Q]\362\370R\350{\261\202\240\344\215\201\353\276\322p5p\350\354\017>\250r\241c\273\016\301\024\363\242\247\263\231\370\344\nBW\220K\316@3\243\200\036wk\253GSlU\010\360\231>\331\263H\214\324\030A\225\301o\346pkSF\004\241\213w9\223=\250\262*+\255\351r\265\244c\024\213\t\007`\223\325#\3477\210\345P\306\013\320\252[\0216+\227=`\371P\314\346 V7\271[~\n\237\274|\347\352@K\253~&\260\032\024\004B\200\255h\351\013\361\031:nG\211\005|\2003\266\274\251,W\006u\344\335d\003\306\212\313,\340\350bG\n\030Z\2732-\246\312\255\030\003\235207\005}D\260\0261ah\322M\304\216\273m0\271\234\237\007<w$\265C\245\232\033\023\313c\321B\032l\301h\005\320\252\301\361(\330[\343\357\343{\235\n\266g\272>\177\317\347\261qb&\270&\346ju\200\363N\320\307\004\034\001n\317\361\2653\254\2503\247\305\372\316W\022O\253x\250\025\373\247\354Tc\304\263\243^\352Gv\\264\261\r\035\226\306\2411\351\233\203\215\200$\231\300f\220\371c@\017\254\363\\371\340\340VaR\205~^\226\342t\360\022\204d\231\205)\272\364?\361!\334\331\315\254\230\rBG\314\023\246\244=\351\177\254\302b&\276+H;0\312\021&\275\036\237\350R\313\206R\331\304k\323u\263t\221\213yC\241\217A\242\027g\322\241'\212.E?B_\316\327\217J +\370\t^b\005\020\003\211\373\247|hC\271Nmk~J\270EU\274\036-\347\240\312FA\321\341bca\253\025\321\311\317\021\375\317\217\n\272\033o\353G>\275\361H\265\240\232um""\317\324`\214\221\314\000\211K\223+(""\200i \311\372g\254\343ZR0\224\275q\252\357\213\263\206N\357&Q\217\267\303\356I\236\357\264\311b\037\366\035\253\343\311\265\240\327q\206f\262ODi\215-\363>\034\236l\273\005G\316F\217}[\036\007\270:\260\335\271B\241N\345\330\204\327f\361\272Kb\0377p\334\264\237\177~\330]\252+:\317u\302h\n\351\n\364\231\277R\371\356\033y\265v\360Ny\246\332qY\262\231\251\n\305\334\202\305\362\n\367@k\231\016R:\327\242\366\242\253LZY\223$Gw^\203\302\311\316I7\371tTwp}\005|\372\214\251{R`\230V\244-\326I\351\255\325i\335\377\321\353\327\331\302\023\347y\016\263\271\317\306\017UV\314qu?\0064A\315{3D\010\016S\212\2353k0\361\214ID\303g\277\010Y_\001~\021\333\370\255\374\\331\306\255\336)\365Rth\024\t\300.M\315\321S\257\224\252\362\326P\316\303%nX\3742\333\036\004Y\264yG^\234\177\214\305q\237\274G\300a4\275\240s\215\222\210\016\020G\344=-:GK\312\035\271\201\350\376F\260G\347\000\235\365P6pmH\033\373\212c\377o\232\356\320D\002\277,]os{\354/?\312e\006wda\001\023\375\316\025\254\321\244\370+Y`\220\270\254\2601E[FI\310\235<qI \356\032v%\001\230\016\203\200\251UD\347\304\373\034\211\340@\342\033\263\365\356\341\357\350\324\035J\032\177\230\207\220\303+\207\352g\317N\027>\222M\271m\033\236\021:\272\233r\373\233hC}\256\020\210\010\233\335\025[ d(\343\263\327\177\030\246\254H\277\254E\231\006\033_lB\210\264\334Y\322\314\362\320L\000Q\240\317\3502\006,|\364\004\275\034\006\337\370""\330\364\202\314\315\311?\030\260\361u)\336\202\265Y\177X\227$\245tCB\345\314d\231A\300\204\371KJ\036\321\330\014]""EN\266$]\331\226c\351\312\376z\254\214\206B\274&M\032\376v\266\3104u)\r\312\021\273\030jJH\215G4\367fQ;\255\3404\372\225\341L\224\242\200VY\220\355\020\353I\n\363\266\036\311\003OR\250""\032\230\021]+$\302\005\224\270\033E\r\312\315}\200\2505\216\221\301\341\035[\247\325\236M^\360a\267\356\267\247]\357\236\n\207}P\2654\026`\256u\276\r&\026K\315a\3337\216.\240\362\263\327]\372\325\037\006\345\236\265\343\337g\271\317\315\374\3357gX\036\024'\357<$\322\323$\375\346&^\361\0009\022`\210$\005\261rTx\343\226\224vC\2607.\025\213@~\312\227\000 o\232\016\376|a3\352&\324\337\230\212\265o\2035\250\303\2760\241\364^\002Z\031Z!\300\002\364\004\232\355\234\202\021\371\264\227\2326\315\307\363\323\325\303\032N\256*\307\327 \235\332\207u\210\271\257\306g\231i*\260\326k\001"";   nodeid: ""\260\000\000\000\000\000\000\000\000\000\000\000\000\000\000\000\000\000\000\000\000\000\000\000\000\000\000\000\000\000\000\000\001""; }; "
1750527696538,1750527696538,0,1,4,0,TMLedgerData,"ledgerHash: ""_~\346\024\242\247\366\231\036\370\365\313\014\307\362i\210e\030\317\336e\256\245\026R\036\304S\352]~""; ledgerSeq: 52; type: liBASE; nodes {;   nodedata: ""\000\000\0004\001cEx]\211\377\330\352&\324\337\230\212\265o\2035\250\303\2760\241\364^\002Z\031Z!\300\002\364\004\232\355\234\202\021\371\000\000\000\000\000\000\000\000\000\000\000\000\000\000\000\000\000\000\000\000\000\000\000\000\000\000\000\000\000\000\000\000\347\~c5A\352o(*1\005gi\212\330o\246\22373|d\266<J\366\256\364\363\234;/\351\253L/\351\253M\n\000""; }; nodes {;   nodedata: ""\323C\344\327\264{\312-\017:\006{\177\344N\002\326bO\260\220\006\033\362\345\005U\221DzJ0\001\301\025%1L\307\t\261\262z\374\222T\301\274V\236\223\262\270Ct\362\337b\356\024*\324\320\351\317\002k\336\234\027v\351\217\260\303\360\233ZPZWr\246$w\313\313\r\243r\232\2234\373\3539:N\004Q\245\272D\312D\300\300\t\323\0257\345e\271\na\215{\226\255x%T\257\037\333\004\344_/R\006E\344\037@\210\363\010\336T\226\247'\204_{\261\370""1\235\2445\343\033Y!\212\201\341\272\225'\007-\260\032\367\307\014\201\215\273\274\212y\250\361\246\351A\007.aL\225\255\034\241_\277\317& \255\225\013\003""; }; ","ledgerHash: ""_~\346\024\242\247\366\231\036\370\365\313\014\307\362i\210e\030\317\336e\256\245\026R\036\304S\352]~""; ledgerSeq: 52; type: liBASE; nodes {;   nodedata: ""\000\000\0004\001cEx]\211\377\330\352&\324\337\230\212\265o\2035\250\303\2760\241\364^\002Z\031Z!\300\002\364\004\232\355\234\202\021\371\000\000\000\000\000\000\000\000\000\000\000\000\000\000\000\000\000\000\000\000\000\000\000\000\000\000\000\000\000\000\000\000\347\~c5A\352o(*1\005gi\212\330o\246\22373|d\266<J\366\256\364\363\234;/\351\253L/\351\253M\n\000""; }; nodes {;   nodedata: ""\323C\344\327\264{\312-\017:\006{\177\344N\002\326bO\260\220\006\033\362\345\005U\221DzJ0\001\301\025%1L\307\t\261\262z\374\222T\301\274V\236\223\262\270Ct\362\337b\356\024*\324\320\351\317\002k\336\234\027v\351\217\260\303\360\233ZPZWr\246$w\313\313\r\243r\232\2234\373\3539:N\004Q\245\272D\312D\300\300\t\323\0257\345e\271\na\215{\226\255x%T\257\037\333\004\344_/R\006E\344\037@\210\363\010\336T\226\247'\204_{\261\370""1\235\2445\343\033Y!\212\201\341\272\225'\007-\260\032\367\307\014\201\215\273\274\212y\250\361\246\351A\007.aL\225\255\034\241_\277\317& \255\225\013\003""; }; "
1750527696539,1750527696539,0,1,4,2,TMLedgerData,"ledgerHash: ""_~\346\024\242\247\366\231\036\370\365\313\014\307\362i\210e\030\317\336e\256\245\026R\036\304S\352]~""; ledgerSeq: 52; type: liBASE; nodes {;   nodedata: ""\000\000\0004\001cEx]\211\377\330\352&\324\337\230\212\265o\2035\250\303\2760\241\364^\002Z\031Z!\300\002\364\004\232\355\234\202\021\371\000\000\000\000\000\000\000\000\000\000\000\000\000\000\000\000\000\000\000\000\000\000\000\000\000\000\000\000\000\000\000\000\347\~c5A\352o(*1\005gi\212\330o\246\22373|d\266<J\366\256\364\363\234;/\351\253L/\351\253M\n\000""; }; nodes {;   nodedata: ""\323C\344\327\264{\312-\017:\006{\177\344N\002\326bO\260\220\006\033\362\345\005U\221DzJ0\001\301\025%1L\307\t\261\262z\374\222T\301\274V\236\223\262\270Ct\362\337b\356\024*\324\320\351\317\002k\336\234\027v\351\217\260\303\360\233ZPZWr\246$w\313\313\r\243r\232\2234\373\3539:N\004Q\245\272D\312D\300\300\t\323\0257\345e\271\na\215{\226\255x%T\257\037\333\004\344_/R\006E\344\037@\210\363\010\336T\226\247'\204_{\261\370""1\235\2445\343\033Y!\212\201\341\272\225'\007-\260\032\367\307\014\201\215\273\274\212y\250\361\246\351A\007.aL\225\255\034\241_\277\317& \255\225\013\003""; }; ","ledgerHash: ""_~\346\024\242\247\366\231\036\370\365\313\014\307\362i\210e\030\317\336e\256\245\026R\036\304S\352]~""; ledgerSeq: 52; type: liBASE; nodes {;   nodedata: ""\000\000\0004\001cEx]\211\377\330\352&\324\337\230\212\265o\2035\250\303\2760\241\364^\002Z\031Z!\300\002\364\004\232\355\234\202\021\371\000\000\000\000\000\000\000\000\000\000\000\000\000\000\000\000\000\000\000\000\000\000\000\000\000\000\000\000\000\000\000\000\347\~c5A\352o(*1\005gi\212\330o\246\22373|d\266<J\366\256\364\363\234;/\351\253L/\351\253M\n\000""; }; nodes {;   nodedata: ""\323C\344\327\264{\312-\017:\006{\177\344N\002\326bO\260\220\006\033\362\345\005U\221DzJ0\001\301\025%1L\307\t\261\262z\374\222T\301\274V\236\223\262\270Ct\362\337b\356\024*\324\320\351\317\002k\336\234\027v\351\217\260\303\360\233ZPZWr\246$w\313\313\r\243r\232\2234\373\3539:N\004Q\245\272D\312D\300\300\t\323\0257\345e\271\na\215{\226\255x%T\257\037\333\004\344_/R\006E\344\037@\210\363\010\336T\226\247'\204_{\261\370""1\235\2445\343\033Y!\212\201\341\272\225'\007-\260\032\367\307\014\201\215\273\274\212y\250\361\246\351A\007.aL\225\255\034\241_\277\317& \255\225\013\003""; }; "
1750527696540,1750527696540,0,1,1,2,TMLedgerData,"ledgerHash: ""_~\346\024\242\247\366\231\036\370\365\313\014\307\362i\210e\030\317\336e\256\245\026R\036\304S\352]~""; ledgerSeq: 52; type: liBASE; nodes {;   nodedata: ""\000\000\0004\001cEx]\211\377\330\352&\324\337\230\212\265o\2035\250\303\2760\241\364^\002Z\031Z!\300\002\364\004\232\355\234\202\021\371\000\000\000\000\000\000\000\000\000\000\000\000\000\000\000\000\000\000\000\000\000\000\000\000\000\000\000\000\000\000\000\000\347\~c5A\352o(*1\005gi\212\330o\246\22373|d\266<J\366\256\364\363\234;/\351\253L/\351\253M\n\000""; }; nodes {;   nodedata: ""\323C\344\327\264{\312-\017:\006{\177\344N\002\326bO\260\220\006\033\362\345\005U\221DzJ0\001\301\025%1L\307\t\261\262z\374\222T\301\274V\236\223\262\270Ct\362\337b\356\024*\324\320\351\317\002k\336\234\027v\351\217\260\303\360\233ZPZWr\246$w\313\313\r\243r\232\2234\373\3539:N\004Q\245\272D\312D\300\300\t\323\0257\345e\271\na\215{\226\255x%T\257\037\333\004\344_/R\006E\344\037@\210\363\010\336T\226\247'\204_{\261\370""1\235\2445\343\033Y!\212\201\341\272\225'\007-\260\032\367\307\014\201\215\273\274\212y\250\361\246\351A\007.aL\225\255\034\241_\277\317& \255\225\013\003""; }; ","ledgerHash: ""_~\346\024\242\247\366\231\036\370\365\313\014\307\362i\210e\030\317\336e\256\245\026R\036\304S\352]~""; ledgerSeq: 52; type: liBASE; nodes {;   nodedata: ""\000\000\0004\001cEx]\211\377\330\352&\324\337\230\212\265o\2035\250\303\2760\241\364^\002Z\031Z!\300\002\364\004\232\355\234\202\021\371\000\000\000\000\000\000\000\000\000\000\000\000\000\000\000\000\000\000\000\000\000\000\000\000\000\000\000\000\000\000\000\000\347\~c5A\352o(*1\005gi\212\330o\246\22373|d\266<J\366\256\364\363\234;/\351\253L/\351\253M\n\000""; }; nodes {;   nodedata: ""\323C\344\327\264{\312-\017:\006{\177\344N\002\326bO\260\220\006\033\362\345\005U\221DzJ0\001\301\025%1L\307\t\261\262z\374\222T\301\274V\236\223\262\270Ct\362\337b\356\024*\324\320\351\317\002k\336\234\027v\351\217\260\303\360\233ZPZWr\246$w\313\313\r\243r\232\2234\373\3539:N\004Q\245\272D\312D\300\300\t\323\0257\345e\271\na\215{\226\255x%T\257\037\333\004\344_/R\006E\344\037@\210\363\010\336T\226\247'\204_{\261\370""1\235\2445\343\033Y!\212\201\341\272\225'\007-\260\032\367\307\014\201\215\273\274\212y\250\361\246\351A\007.aL\225\255\034\241_\277\317& \255\225\013\003""; }; "
1750527696541,1750527696541,0,1,1,0,TMLedgerData,"ledgerHash: ""_~\346\024\242\247\366\231\036\370\365\313\014\307\362i\210e\030\317\336e\256\245\026R\036\304S\352]~""; ledgerSeq: 52; type: liBASE; nodes {;   nodedata: ""\000\000\0004\001cEx]\211\377\330\352&\324\337\230\212\265o\2035\250\303\2760\241\364^\002Z\031Z!\300\002\364\004\232\355\234\202\021\371\000\000\000\000\000\000\000\000\000\000\000\000\000\000\000\000\000\000\000\000\000\000\000\000\000\000\000\000\000\000\000\000\347\~c5A\352o(*1\005gi\212\330o\246\22373|d\266<J\366\256\364\363\234;/\351\253L/\351\253M\n\000""; }; nodes {;   nodedata: ""\323C\344\327\264{\312-\017:\006{\177\344N\002\326bO\260\220\006\033\362\345\005U\221DzJ0\001\301\025%1L\307\t\261\262z\374\222T\301\274V\236\223\262\270Ct\362\337b\356\024*\324\320\351\317\002k\336\234\027v\351\217\260\303\360\233ZPZWr\246$w\313\313\r\243r\232\2234\373\3539:N\004Q\245\272D\312D\300\300\t\323\0257\345e\271\na\215{\226\255x%T\257\037\333\004\344_/R\006E\344\037@\210\363\010\336T\226\247'\204_{\261\370""1\235\2445\343\033Y!\212\201\341\272\225'\007-\260\032\367\307\014\201\215\273\274\212y\250\361\246\351A\007.aL\225\255\034\241_\277\317& \255\225\013\003""; }; ","ledgerHash: ""_~\346\024\242\247\366\231\036\370\365\313\014\307\362i\210e\030\317\336e\256\245\026R\036\304S\352]~""; ledgerSeq: 52; type: liBASE; nodes {;   nodedata: ""\000\000\0004\001cEx]\211\377\330\352&\324\337\230\212\265o\2035\250\303\2760\241\364^\002Z\031Z!\300\002\364\004\232\355\234\202\021\371\000\000\000\000\000\000\000\000\000\000\000\000\000\000\000\000\000\000\000\000\000\000\000\000\000\000\000\000\000\000\000\000\347\~c5A\352o(*1\005gi\212\330o\246\22373|d\266<J\366\256\364\363\234;/\351\253L/\351\253M\n\000""; }; nodes {;   nodedata: ""\323C\344\327\264{\312-\017:\006{\177\344N\002\326bO\260\220\006\033\362\345\005U\221DzJ0\001\301\025%1L\307\t\261\262z\374\222T\301\274V\236\223\262\270Ct\362\337b\356\024*\324\320\351\317\002k\336\234\027v\351\217\260\303\360\233ZPZWr\246$w\313\313\r\243r\232\2234\373\3539:N\004Q\245\272D\312D\300\300\t\323\0257\345e\271\na\215{\226\255x%T\257\037\333\004\344_/R\006E\344\037@\210\363\010\336T\226\247'\204_{\261\370""1\235\2445\343\033Y!\212\201\341\272\225'\007-\260\032\367\307\014\201\215\273\274\212y\250\361\246\351A\007.aL\225\255\034\241_\277\317& \255\225\013\003""; }; "
1750527696541,1750527696542,0,1,2,4,TMLedgerData,"ledgerHash: ""_~\346\024\242\247\366\231\036\370\365\313\014\307\362i\210e\030\317\336e\256\245\026R\036\304S\352]~""; ledgerSeq: 52; type: liBASE; nodes {;   nodedata: ""\000\000\0004\001cEx]\211\377\330\352&\324\337\230\212\265o\2035\250\303\2760\241\364^\002Z\031Z!\300\002\364\004\232\355\234\202\021\371\000\000\000\000\000\000\000\000\000\000\000\000\000\000\000\000\000\000\000\000\000\000\000\000\000\000\000\000\000\000\000\000\347\~c5A\352o(*1\005gi\212\330o\246\22373|d\266<J\366\256\364\363\234;/\351\253L/\351\253M\n\000""; }; nodes {;   nodedata: ""\323C\344\327\264{\312-\017:\006{\177\344N\002\326bO\260\220\006\033\362\345\005U\221DzJ0\001\301\025%1L\307\t\261\262z\374\222T\301\274V\236\223\262\270Ct\362\337b\356\024*\324\320\351\317\002k\336\234\027v\351\217\260\303\360\233ZPZWr\246$w\313\313\r\243r\232\2234\373\3539:N\004Q\245\272D\312D\300\300\t\323\0257\345e\271\na\215{\226\255x%T\257\037\333\004\344_/R\006E\344\037@\210\363\010\336T\226\247'\204_{\261\370""1\235\2445\343\033Y!\212\201\341\272\225'\007-\260\032\367\307\014\201\215\273\274\212y\250\361\246\351A\007.aL\225\255\034\241_\277\317& \255\225\013\003""; }; ","ledgerHash: ""_~\346\024\242\247\366\231\036\370\365\313\014\307\362i\210e\030\317\336e\256\245\026R\036\304S\352]~""; ledgerSeq: 52; type: liBASE; nodes {;   nodedata: ""\000\000\0004\001cEx]\211\377\330\352&\324\337\230\212\265o\2035\250\303\2760\241\364^\002Z\031Z!\300\002\364\004\232\355\234\202\021\371\000\000\000\000\000\000\000\000\000\000\000\000\000\000\000\000\000\000\000\000\000\000\000\000\000\000\000\000\000\000\000\000\347\~c5A\352o(*1\005gi\212\330o\246\22373|d\266<J\366\256\364\363\234;/\351\253L/\351\253M\n\000""; }; nodes {;   nodedata: ""\323C\344\327\264{\312-\017:\006{\177\344N\002\326bO\260\220\006\033\362\345\005U\221DzJ0\001\301\025%1L\307\t\261\262z\374\222T\301\274V\236\223\262\270Ct\362\337b\356\024*\324\320\351\317\002k\336\234\027v\351\217\260\303\360\233ZPZWr\246$w\313\313\r\243r\232\2234\373\3539:N\004Q\245\272D\312D\300\300\t\323\0257\345e\271\na\215{\226\255x%T\257\037\333\004\344_/R\006E\344\037@\210\363\010\336T\226\247'\204_{\261\370""1\235\2445\343\033Y!\212\201\341\272\225'\007-\260\032\367\307\014\201\215\273\274\212y\250\361\246\351A\007.aL\225\255\034\241_\277\317& \255\225\013\003""; }; "
1750527696542,1750527696542,0,1,2,1,TMLedgerData,"ledgerHash: ""_~\346\024\242\247\366\231\036\370\365\313\014\307\362i\210e\030\317\336e\256\245\026R\036\304S\352]~""; ledgerSeq: 52; type: liBASE; nodes {;   nodedata: ""\000\000\0004\001cEx]\211\377\330\352&\324\337\230\212\265o\2035\250\303\2760\241\364^\002Z\031Z!\300\002\364\004\232\355\234\202\021\371\000\000\000\000\000\000\000\000\000\000\000\000\000\000\000\000\000\000\000\000\000\000\000\000\000\000\000\000\000\000\000\000\347\~c5A\352o(*1\005gi\212\330o\246\22373|d\266<J\366\256\364\363\234;/\351\253L/\351\253M\n\000""; }; nodes {;   nodedata: ""\323C\344\327\264{\312-\017:\006{\177\344N\002\326bO\260\220\006\033\362\345\005U\221DzJ0\001\301\025%1L\307\t\261\262z\374\222T\301\274V\236\223\262\270Ct\362\337b\356\024*\324\320\351\317\002k\336\234\027v\351\217\260\303\360\233ZPZWr\246$w\313\313\r\243r\232\2234\373\3539:N\004Q\245\272D\312D\300\300\t\323\0257\345e\271\na\215{\226\255x%T\257\037\333\004\344_/R\006E\344\037@\210\363\010\336T\226\247'\204_{\261\370""1\235\2445\343\033Y!\212\201\341\272\225'\007-\260\032\367\307\014\201\215\273\274\212y\250\361\246\351A\007.aL\225\255\034\241_\277\317& \255\225\013\003""; }; ","ledgerHash: ""_~\346\024\242\247\366\231\036\370\365\313\014\307\362i\210e\030\317\336e\256\245\026R\036\304S\352]~""; ledgerSeq: 52; type: liBASE; nodes {;   nodedata: ""\000\000\0004\001cEx]\211\377\330\352&\324\337\230\212\265o\2035\250\303\2760\241\364^\002Z\031Z!\300\002\364\004\232\355\234\202\021\371\000\000\000\000\000\000\000\000\000\000\000\000\000\000\000\000\000\000\000\000\000\000\000\000\000\000\000\000\000\000\000\000\347\~c5A\352o(*1\005gi\212\330o\246\22373|d\266<J\366\256\364\363\234;/\351\253L/\351\253M\n\000""; }; nodes {;   nodedata: ""\323C\344\327\264{\312-\017:\006{\177\344N\002\326bO\260\220\006\033\362\345\005U\221DzJ0\001\301\025%1L\307\t\261\262z\374\222T\301\274V\236\223\262\270Ct\362\337b\356\024*\324\320\351\317\002k\336\234\027v\351\217\260\303\360\233ZPZWr\246$w\313\313\r\243r\232\2234\373\3539:N\004Q\245\272D\312D\300\300\t\323\0257\345e\271\na\215{\226\255x%T\257\037\333\004\344_/R\006E\344\037@\210\363\010\336T\226\247'\204_{\261\370""1\235\2445\343\033Y!\212\201\341\272\225'\007-\260\032\367\307\014\201\215\273\274\212y\250\361\246\351A\007.aL\225\255\034\241_\277\317& \255\225\013\003""; }; "
1750527696542,1750527696543,0,1,2,0,TMLedgerData,"ledgerHash: ""_~\346\024\242\247\366\231\036\370\365\313\014\307\362i\210e\030\317\336e\256\245\026R\036\304S\352]~""; ledgerSeq: 52; type: liBASE; nodes {;   nodedata: ""\000\000\0004\001cEx]\211\377\330\352&\324\337\230\212\265o\2035\250\303\2760\241\364^\002Z\031Z!\300\002\364\004\232\355\234\202\021\371\000\000\000\000\000\000\000\000\000\000\000\000\000\000\000\000\000\000\000\000\000\000\000\000\000\000\000\000\000\000\000\000\347\~c5A\352o(*1\005gi\212\330o\246\22373|d\266<J\366\256\364\363\234;/\351\253L/\351\253M\n\000""; }; nodes {;   nodedata: ""\323C\344\327\264{\312-\017:\006{\177\344N\002\326bO\260\220\006\033\362\345\005U\221DzJ0\001\301\025%1L\307\t\261\262z\374\222T\301\274V\236\223\262\270Ct\362\337b\356\024*\324\320\351\317\002k\336\234\027v\351\217\260\303\360\233ZPZWr\246$w\313\313\r\243r\232\2234\373\3539:N\004Q\245\272D\312D\300\300\t\323\0257\345e\271\na\215{\226\255x%T\257\037\333\004\344_/R\006E\344\037@\210\363\010\336T\226\247'\204_{\261\370""1\235\2445\343\033Y!\212\201\341\272\225'\007-\260\032\367\307\014\201\215\273\274\212y\250\361\246\351A\007.aL\225\255\034\241_\277\317& \255\225\013\003""; }; ","ledgerHash: ""_~\346\024\242\247\366\231\036\370\365\313\014\307\362i\210e\030\317\336e\256\245\026R\036\304S\352]~""; ledgerSeq: 52; type: liBASE; nodes {;   nodedata: ""\000\000\0004\001cEx]\211\377\330\352&\324\337\230\212\265o\2035\250\303\2760\241\364^\002Z\031Z!\300\002\364\004\232\355\234\202\021\371\000\000\000\000\000\000\000\000\000\000\000\000\000\000\000\000\000\000\000\000\000\000\000\000\000\000\000\000\000\000\000\000\347\~c5A\352o(*1\005gi\212\330o\246\22373|d\266<J\366\256\364\363\234;/\351\253L/\351\253M\n\000""; }; nodes {;   nodedata: ""\323C\344\327\264{\312-\017:\006{\177\344N\002\326bO\260\220\006\033\362\345\005U\221DzJ0\001\301\025%1L\307\t\261\262z\374\222T\301\274V\236\223\262\270Ct\362\337b\356\024*\324\320\351\317\002k\336\234\027v\351\217\260\303\360\233ZPZWr\246$w\313\313\r\243r\232\2234\373\3539:N\004Q\245\272D\312D\300\300\t\323\0257\345e\271\na\215{\226\255x%T\257\037\333\004\344_/R\006E\344\037@\210\363\010\336T\226\247'\204_{\261\370""1\235\2445\343\033Y!\212\201\341\272\225'\007-\260\032\367\307\014\201\215\273\274\212y\250\361\246\351A\007.aL\225\255\034\241_\277\317& \255\225\013\003""; }; "
1750527696544,1750527696544,0,1,0,4,TMLedgerData,"ledgerHash: ""_~\346\024\242\247\366\231\036\370\365\313\014\307\362i\210e\030\317\336e\256\245\026R\036\304S\352]~""; ledgerSeq: 52; type: liBASE; nodes {;   nodedata: ""\000\000\0004\001cEx]\211\377\330\352&\324\337\230\212\265o\2035\250\303\2760\241\364^\002Z\031Z!\300\002\364\004\232\355\234\202\021\371\000\000\000\000\000\000\000\000\000\000\000\000\000\000\000\000\000\000\000\000\000\000\000\000\000\000\000\000\000\000\000\000\347\~c5A\352o(*1\005gi\212\330o\246\22373|d\266<J\366\256\364\363\234;/\351\253L/\351\253M\n\000""; }; nodes {;   nodedata: ""\323C\344\327\264{\312-\017:\006{\177\344N\002\326bO\260\220\006\033\362\345\005U\221DzJ0\001\301\025%1L\307\t\261\262z\374\222T\301\274V\236\223\262\270Ct\362\337b\356\024*\324\320\351\317\002k\336\234\027v\351\217\260\303\360\233ZPZWr\246$w\313\313\r\243r\232\2234\373\3539:N\004Q\245\272D\312D\300\300\t\323\0257\345e\271\na\215{\226\255x%T\257\037\333\004\344_/R\006E\344\037@\210\363\010\336T\226\247'\204_{\261\370""1\235\2445\343\033Y!\212\201\341\272\225'\007-\260\032\367\307\014\201\215\273\274\212y\250\361\246\351A\007.aL\225\255\034\241_\277\317& \255\225\013\003""; }; ","ledgerHash: ""_~\346\024\242\247\366\231\036\370\365\313\014\307\362i\210e\030\317\336e\256\245\026R\036\304S\352]~""; ledgerSeq: 52; type: liBASE; nodes {;   nodedata: ""\000\000\0004\001cEx]\211\377\330\352&\324\337\230\212\265o\2035\250\303\2760\241\364^\002Z\031Z!\300\002\364\004\232\355\234\202\021\371\000\000\000\000\000\000\000\000\000\000\000\000\000\000\000\000\000\000\000\000\000\000\000\000\000\000\000\000\000\000\000\000\347\~c5A\352o(*1\005gi\212\330o\246\22373|d\266<J\366\256\364\363\234;/\351\253L/\351\253M\n\000""; }; nodes {;   nodedata: ""\323C\344\327\264{\312-\017:\006{\177\344N\002\326bO\260\220\006\033\362\345\005U\221DzJ0\001\301\025%1L\307\t\261\262z\374\222T\301\274V\236\223\262\270Ct\362\337b\356\024*\324\320\351\317\002k\336\234\027v\351\217\260\303\360\233ZPZWr\246$w\313\313\r\243r\232\2234\373\3539:N\004Q\245\272D\312D\300\300\t\323\0257\345e\271\na\215{\226\255x%T\257\037\333\004\344_/R\006E\344\037@\210\363\010\336T\226\247'\204_{\261\370""1\235\2445\343\033Y!\212\201\341\272\225'\007-\260\032\367\307\014\201\215\273\274\212y\250\361\246\351A\007.aL\225\255\034\241_\277\317& \255\225\013\003""; }; "
1750527696545,1750527696545,0,1,0,1,TMLedgerData,"ledgerHash: ""_~\346\024\242\247\366\231\036\370\365\313\014\307\362i\210e\030\317\336e\256\245\026R\036\304S\352]~""; ledgerSeq: 52; type: liBASE; nodes {;   nodedata: ""\000\000\0004\001cEx]\211\377\330\352&\324\337\230\212\265o\2035\250\303\2760\241\364^\002Z\031Z!\300\002\364\004\232\355\234\202\021\371\000\000\000\000\000\000\000\000\000\000\000\000\000\000\000\000\000\000\000\000\000\000\000\000\000\000\000\000\000\000\000\000\347\~c5A\352o(*1\005gi\212\330o\246\22373|d\266<J\366\256\364\363\234;/\351\253L/\351\253M\n\000""; }; nodes {;   nodedata: ""\323C\344\327\264{\312-\017:\006{\177\344N\002\326bO\260\220\006\033\362\345\005U\221DzJ0\001\301\025%1L\307\t\261\262z\374\222T\301\274V\236\223\262\270Ct\362\337b\356\024*\324\320\351\317\002k\336\234\027v\351\217\260\303\360\233ZPZWr\246$w\313\313\r\243r\232\2234\373\3539:N\004Q\245\272D\312D\300\300\t\323\0257\345e\271\na\215{\226\255x%T\257\037\333\004\344_/R\006E\344\037@\210\363\010\336T\226\247'\204_{\261\370""1\235\2445\343\033Y!\212\201\341\272\225'\007-\260\032\367\307\014\201\215\273\274\212y\250\361\246\351A\007.aL\225\255\034\241_\277\317& \255\225\013\003""; }; ","ledgerHash: ""_~\346\024\242\247\366\231\036\370\365\313\014\307\362i\210e\030\317\336e\256\245\026R\036\304S\352]~""; ledgerSeq: 52; type: liBASE; nodes {;   nodedata: ""\000\000\0004\001cEx]\211\377\330\352&\324\337\230\212\265o\2035\250\303\2760\241\364^\002Z\031Z!\300\002\364\004\232\355\234\202\021\371\000\000\000\000\000\000\000\000\000\000\000\000\000\000\000\000\000\000\000\000\000\000\000\000\000\000\000\000\000\000\000\000\347\~c5A\352o(*1\005gi\212\330o\246\22373|d\266<J\366\256\364\363\234;/\351\253L/\351\253M\n\000""; }; nodes {;   nodedata: ""\323C\344\327\264{\312-\017:\006{\177\344N\002\326bO\260\220\006\033\362\345\005U\221DzJ0\001\301\025%1L\307\t\261\262z\374\222T\301\274V\236\223\262\270Ct\362\337b\356\024*\324\320\351\317\002k\336\234\027v\351\217\260\303\360\233ZPZWr\246$w\313\313\r\243r\232\2234\373\3539:N\004Q\245\272D\312D\300\300\t\323\0257\345e\271\na\215{\226\255x%T\257\037\333\004\344_/R\006E\344\037@\210\363\010\336T\226\247'\204_{\261\370""1\235\2445\343\033Y!\212\201\341\272\225'\007-\260\032\367\307\014\201\215\273\274\212y\250\361\246\351A\007.aL\225\255\034\241_\277\317& \255\225\013\003""; }; "
1750527696546,1750527696546,0,1,0,2,TMLedgerData,"ledgerHash: ""_~\346\024\242\247\366\231\036\370\365\313\014\307\362i\210e\030\317\336e\256\245\026R\036\304S\352]~""; ledgerSeq: 52; type: liBASE; nodes {;   nodedata: ""\000\000\0004\001cEx]\211\377\330\352&\324\337\230\212\265o\2035\250\303\2760\241\364^\002Z\031Z!\300\002\364\004\232\355\234\202\021\371\000\000\000\000\000\000\000\000\000\000\000\000\000\000\000\000\000\000\000\000\000\000\000\000\000\000\000\000\000\000\000\000\347\~c5A\352o(*1\005gi\212\330o\246\22373|d\266<J\366\256\364\363\234;/\351\253L/\351\253M\n\000""; }; nodes {;   nodedata: ""\323C\344\327\264{\312-\017:\006{\177\344N\002\326bO\260\220\006\033\362\345\005U\221DzJ0\001\301\025%1L\307\t\261\262z\374\222T\301\274V\236\223\262\270Ct\362\337b\356\024*\324\320\351\317\002k\336\234\027v\351\217\260\303\360\233ZPZWr\246$w\313\313\r\243r\232\2234\373\3539:N\004Q\245\272D\312D\300\300\t\323\0257\345e\271\na\215{\226\255x%T\257\037\333\004\344_/R\006E\344\037@\210\363\010\336T\226\247'\204_{\261\370""1\235\2445\343\033Y!\212\201\341\272\225'\007-\260\032\367\307\014\201\215\273\274\212y\250\361\246\351A\007.aL\225\255\034\241_\277\317& \255\225\013\003""; }; ","ledgerHash: ""_~\346\024\242\247\366\231\036\370\365\313\014\307\362i\210e\030\317\336e\256\245\026R\036\304S\352]~""; ledgerSeq: 52; type: liBASE; nodes {;   nodedata: ""\000\000\0004\001cEx]\211\377\330\352&\324\337\230\212\265o\2035\250\303\2760\241\364^\002Z\031Z!\300\002\364\004\232\355\234\202\021\371\000\000\000\000\000\000\000\000\000\000\000\000\000\000\000\000\000\000\000\000\000\000\000\000\000\000\000\000\000\000\000\000\347\~c5A\352o(*1\005gi\212\330o\246\22373|d\266<J\366\256\364\363\234;/\351\253L/\351\253M\n\000""; }; nodes {;   nodedata: ""\323C\344\327\264{\312-\017:\006{\177\344N\002\326bO\260\220\006\033\362\345\005U\221DzJ0\001\301\025%1L\307\t\261\262z\374\222T\301\274V\236\223\262\270Ct\362\337b\356\024*\324\320\351\317\002k\336\234\027v\351\217\260\303\360\233ZPZWr\246$w\313\313\r\243r\232\2234\373\3539:N\004Q\245\272D\312D\300\300\t\323\0257\345e\271\na\215{\226\255x%T\257\037\333\004\344_/R\006E\344\037@\210\363\010\336T\226\247'\204_{\261\370""1\235\2445\343\033Y!\212\201\341\272\225'\007-\260\032\367\307\014\201\215\273\274\212y\250\361\246\351A\007.aL\225\255\034\241_\277\317& \255\225\013\003""; }; "
1750527696637,1750527696637,0,1,4,2,TMStatusChange,"newEvent: neACCEPTED_LEDGER; ledgerSeq: 52; ledgerHash: ""_~\346\024\242\247\366\231\036\370\365\313\014\307\362i\210e\030\317\336e\256\245\026R\036\304S\352]~""; ledgerHashPrevious: ""\352&\324\337\230\212\265o\2035\250\303\2760\241\364^\002Z\031Z!\300\002\364\004\232\355\234\202\021\371""; networkTime: 803842896; firstSeq: 1; lastSeq: 51; ","newEvent: neACCEPTED_LEDGER; ledgerSeq: 52; ledgerHash: ""_~\346\024\242\247\366\231\036\370\365\313\014\307\362i\210e\030\317\336e\256\245\026R\036\304S\352]~""; ledgerHashPrevious: ""\352&\324\337\230\212\265o\2035\250\303\2760\241\364^\002Z\031Z!\300\002\364\004\232\355\234\202\021\371""; networkTime: 803842896; firstSeq: 1; lastSeq: 51; "
1750527696638,1750527696638,0,1,4,1,TMStatusChange,"newEvent: neACCEPTED_LEDGER; ledgerSeq: 52; ledgerHash: ""_~\346\024\242\247\366\231\036\370\365\313\014\307\362i\210e\030\317\336e\256\245\026R\036\304S\352]~""; ledgerHashPrevious: ""\352&\324\337\230\212\265o\2035\250\303\2760\241\364^\002Z\031Z!\300\002\364\004\232\355\234\202\021\371""; networkTime: 803842896; firstSeq: 1; lastSeq: 51; ","newEvent: neACCEPTED_LEDGER; ledgerSeq: 52; ledgerHash: ""_~\346\024\242\247\366\231\036\370\365\313\014\307\362i\210e\030\317\336e\256\245\026R\036\304S\352]~""; ledgerHashPrevious: ""\352&\324\337\230\212\265o\2035\250\303\2760\241\364^\002Z\031Z!\300\002\364\004\232\355\234\202\021\371""; networkTime: 803842896; firstSeq: 1; lastSeq: 51; "
1750527696638,1750527696638,0,1,4,3,TMStatusChange,"newEvent: neACCEPTED_LEDGER; ledgerSeq: 52; ledgerHash: ""_~\346\024\242\247\366\231\036\370\365\313\014\307\362i\210e\030\317\336e\256\245\026R\036\304S\352]~""; ledgerHashPrevious: ""\352&\324\337\230\212\265o\2035\250\303\2760\241\364^\002Z\031Z!\300\002\364\004\232\355\234\202\021\371""; networkTime: 803842896; firstSeq: 1; lastSeq: 51; ","newEvent: neACCEPTED_LEDGER; ledgerSeq: 52; ledgerHash: ""_~\346\024\242\247\366\231\036\370\365\313\014\307\362i\210e\030\317\336e\256\245\026R\036\304S\352]~""; ledgerHashPrevious: ""\352&\324\337\230\212\265o\2035\250\303\2760\241\364^\002Z\031Z!\300\002\364\004\232\355\234\202\021\371""; networkTime: 803842896; firstSeq: 1; lastSeq: 51; "
1750527696639,1750527696639,0,1,4,0,TMStatusChange,"newEvent: neACCEPTED_LEDGER; ledgerSeq: 52; ledgerHash: ""_~\346\024\242\247\366\231\036\370\365\313\014\307\362i\210e\030\317\336e\256\245\026R\036\304S\352]~""; ledgerHashPrevious: ""\352&\324\337\230\212\265o\2035\250\303\2760\241\364^\002Z\031Z!\300\002\364\004\232\355\234\202\021\371""; networkTime: 803842896; firstSeq: 1; lastSeq: 51; ","newEvent: neACCEPTED_LEDGER; ledgerSeq: 52; ledgerHash: ""_~\346\024\242\247\366\231\036\370\365\313\014\307\362i\210e\030\317\336e\256\245\026R\036\304S\352]~""; ledgerHashPrevious: ""\352&\324\337\230\212\265o\2035\250\303\2760\241\364^\002Z\031Z!\300\002\364\004\232\355\234\202\021\371""; networkTime: 803842896; firstSeq: 1; lastSeq: 51; "
1750527696678,1750527696678,0,1,4,1,TMValidation,"validation: """"\200\000\000\001&\000\000\0004)/\351\253P:\r\302\353\023?\373\240rQ_~\346\024\242\247\366\231\036\370\365\313\014\307\362i\210e\030\317\336e\256\245\026R\036\304S\352]~P\027\000\000\000\000\000\000\000\000\000\000\000\000\000\000\000\000\000\000\000\000\000\000\000\000\000\000\000\000\000\000\000\000P\031\352&\324\337\230\212\265o\2035\250\303\2760\241\364^\002Z\031Z!\300\002\364\004\232\355\234\202\021\371s!\003R7o\362bV\300hf\266\241;}\200^\374\240\203[:\342Q\225\221\027y\372\255\235\216\323~vG0E\002!\000\306\341,\320\201\327H\215$H\270\024\006#\033\220\342^\355\017O\210\003\014\020\256\231>\262\036)F\002 Qw\315\213'\361j\376!\351\031\365\233\336\313[\232\344\264\337\334B\361\000\276f\332\034\236\001C,""; ","validation: """"\200\000\000\001&\000\000\0004)/\351\253P:\r\302\353\023?\373\240rQ_~\346\024\242\247\366\231\036\370\365\313\014\307\362i\210e\030\317\336e\256\245\026R\036\304S\352]~P\027\000\000\000\000\000\000\000\000\000\000\000\000\000\000\000\000\000\000\000\000\000\000\000\000\000\000\000\000\000\000\000\000P\031\352&\324\337\230\212\265o\2035\250\303\2760\241\364^\002Z\031Z!\300\002\364\004\232\355\234\202\021\371s!\003R7o\362bV\300hf\266\241;}\200^\374\240\203[:\342Q\225\221\027y\372\255\235\216\323~vG0E\002!\000\306\341,\320\201\327H\215$H\270\024\006#\033\220\342^\355\017O\210\003\014\020\256\231>\262\036)F\002 Qw\315\213'\361j\376!\351\031\365\233\336\313[\232\344\264\337\334B\361\000\276f\332\034\236\001C,""; "
1750527696678,1750527696679,0,1,4,3,TMValidation,"validation: """"\200\000\000\001&\000\000\0004)/\351\253P:\r\302\353\023?\373\240rQ_~\346\024\242\247\366\231\036\370\365\313\014\307\362i\210e\030\317\336e\256\245\026R\036\304S\352]~P\027\000\000\000\000\000\000\000\000\000\000\000\000\000\000\000\000\000\000\000\000\000\000\000\000\000\000\000\000\000\000\000\000P\031\352&\324\337\230\212\265o\2035\250\303\2760\241\364^\002Z\031Z!\300\002\364\004\232\355\234\202\021\371s!\003R7o\362bV\300hf\266\241;}\200^\374\240\203[:\342Q\225\221\027y\372\255\235\216\323~vG0E\002!\000\306\341,\320\201\327H\215$H\270\024\006#\033\220\342^\355\017O\210\003\014\020\256\231>\262\036)F\002 Qw\315\213'\361j\376!\351\031\365\233\336\313[\232\344\264\337\334B\361\000\276f\332\034\236\001C,""; ","validation: """"\200\000\000\001&\000\000\0004)/\351\253P:\r\302\353\023?\373\240rQ_~\346\024\242\247\366\231\036\370\365\313\014\307\362i\210e\030\317\336e\256\245\026R\036\304S\352]~P\027\000\000\000\000\000\000\000\000\000\000\000\000\000\000\000\000\000\000\000\000\000\000\000\000\000\000\000\000\000\000\000\000P\031\352&\324\337\230\212\265o\2035\250\303\2760\241\364^\002Z\031Z!\300\002\364\004\232\355\234\202\021\371s!\003R7o\362bV\300hf\266\241;}\200^\374\240\203[:\342Q\225\221\027y\372\255\235\216\323~vG0E\002!\000\306\341,\320\201\327H\215$H\270\024\006#\033\220\342^\355\017O\210\003\014\020\256\231>\262\036)F\002 Qw\315\213'\361j\376!\351\031\365\233\336\313[\232\344\264\337\334B\361\000\276f\332\034\236\001C,""; "
1750527696678,1750527696678,0,1,4,2,TMValidation,"validation: """"\200\000\000\001&\000\000\0004)/\351\253P:\r\302\353\023?\373\240rQ_~\346\024\242\247\366\231\036\370\365\313\014\307\362i\210e\030\317\336e\256\245\026R\036\304S\352]~P\027\000\000\000\000\000\000\000\000\000\000\000\000\000\000\000\000\000\000\000\000\000\000\000\000\000\000\000\000\000\000\000\000P\031\352&\324\337\230\212\265o\2035\250\303\2760\241\364^\002Z\031Z!\300\002\364\004\232\355\234\202\021\371s!\003R7o\362bV\300hf\266\241;}\200^\374\240\203[:\342Q\225\221\027y\372\255\235\216\323~vG0E\002!\000\306\341,\320\201\327H\215$H\270\024\006#\033\220\342^\355\017O\210\003\014\020\256\231>\262\036)F\002 Qw\315\213'\361j\376!\351\031\365\233\336\313[\232\344\264\337\334B\361\000\276f\332\034\236\001C,""; ","validation: """"\200\000\000\001&\000\000\0004)/\351\253P:\r\302\353\023?\373\240rQ_~\346\024\242\247\366\231\036\370\365\313\014\307\362i\210e\030\317\336e\256\245\026R\036\304S\352]~P\027\000\000\000\000\000\000\000\000\000\000\000\000\000\000\000\000\000\000\000\000\000\000\000\000\000\000\000\000\000\000\000\000P\031\352&\324\337\230\212\265o\2035\250\303\2760\241\364^\002Z\031Z!\300\002\364\004\232\355\234\202\021\371s!\003R7o\362bV\300hf\266\241;}\200^\374\240\203[:\342Q\225\221\027y\372\255\235\216\323~vG0E\002!\000\306\341,\320\201\327H\215$H\270\024\006#\033\220\342^\355\017O\210\003\014\020\256\231>\262\036)F\002 Qw\315\213'\361j\376!\351\031\365\233\336\313[\232\344\264\337\334B\361\000\276f\332\034\236\001C,""; "
1750527696679,1750527696680,0,1,4,0,TMValidation,"validation: """"\200\000\000\001&\000\000\0004)/\351\253P:\r\302\353\023?\373\240rQ_~\346\024\242\247\366\231\036\370\365\313\014\307\362i\210e\030\317\336e\256\245\026R\036\304S\352]~P\027\000\000\000\000\000\000\000\000\000\000\000\000\000\000\000\000\000\000\000\000\000\000\000\000\000\000\000\000\000\000\000\000P\031\352&\324\337\230\212\265o\2035\250\303\2760\241\364^\002Z\031Z!\300\002\364\004\232\355\234\202\021\371s!\003R7o\362bV\300hf\266\241;}\200^\374\240\203[:\342Q\225\221\027y\372\255\235\216\323~vG0E\002!\000\306\341,\320\201\327H\215$H\270\024\006#\033\220\342^\355\017O\210\003\014\020\256\231>\262\036)F\002 Qw\315\213'\361j\376!\351\031\365\233\336\313[\232\344\264\337\334B\361\000\276f\332\034\236\001C,""; ","validation: """"\200\000\000\001&\000\000\0004)/\351\253P:\r\302\353\023?\373\240rQ_~\346\024\242\247\366\231\036\370\365\313\014\307\362i\210e\030\317\336e\256\245\026R\036\304S\352]~P\027\000\000\000\000\000\000\000\000\000\000\000\000\000\000\000\000\000\000\000\000\000\000\000\000\000\000\000\000\000\000\000\000P\031\352&\324\337\230\212\265o\2035\250\303\2760\241\364^\002Z\031Z!\300\002\364\004\232\355\234\202\021\371s!\003R7o\362bV\300hf\266\241;}\200^\374\240\203[:\342Q\225\221\027y\372\255\235\216\323~vG0E\002!\000\306\341,\320\201\327H\215$H\270\024\006#\033\220\342^\355\017O\210\003\014\020\256\231>\262\036)F\002 Qw\315\213'\361j\376!\351\031\365\233\336\313[\232\344\264\337\334B\361\000\276f\332\034\236\001C,""; "
1750527696680,1750527696681,0,1,1,0,TMValidation,"validation: """"\200\000\000\001&\000\000\0004)/\351\253P:\r\302\353\023?\373\240rQ_~\346\024\242\247\366\231\036\370\365\313\014\307\362i\210e\030\317\336e\256\245\026R\036\304S\352]~P\027\000\000\000\000\000\000\000\000\000\000\000\000\000\000\000\000\000\000\000\000\000\000\000\000\000\000\000\000\000\000\000\000P\031\352&\324\337\230\212\265o\2035\250\303\2760\241\364^\002Z\031Z!\300\002\364\004\232\355\234\202\021\371s!\003R7o\362bV\300hf\266\241;}\200^\374\240\203[:\342Q\225\221\027y\372\255\235\216\323~vG0E\002!\000\306\341,\320\201\327H\215$H\270\024\006#\033\220\342^\355\017O\210\003\014\020\256\231>\262\036)F\002 Qw\315\213'\361j\376!\351\031\365\233\336\313[\232\344\264\337\334B\361\000\276f\332\034\236\001C,""; ","validation: """"\200\000\000\001&\000\000\0004)/\351\253P:\r\302\353\023?\373\240rQ_~\346\024\242\247\366\231\036\370\365\313\014\307\362i\210e\030\317\336e\256\245\026R\036\304S\352]~P\027\000\000\000\000\000\000\000\000\000\000\000\000\000\000\000\000\000\000\000\000\000\000\000\000\000\000\000\000\000\000\000\000P\031\352&\324\337\230\212\265o\2035\250\303\2760\241\364^\002Z\031Z!\300\002\364\004\232\355\234\202\021\371s!\003R7o\362bV\300hf\266\241;}\200^\374\240\203[:\342Q\225\221\027y\372\255\235\216\323~vG0E\002!\000\306\341,\320\201\327H\215$H\270\024\006#\033\220\342^\355\017O\210\003\014\020\256\231>\262\036)F\002 Qw\315\213'\361j\376!\351\031\365\233\336\313[\232\344\264\337\334B\361\000\276f\332\034\236\001C,""; "
1750527696681,1750527696681,0,1,1,2,TMValidation,"validation: """"\200\000\000\001&\000\000\0004)/\351\253P:\r\302\353\023?\373\240rQ_~\346\024\242\247\366\231\036\370\365\313\014\307\362i\210e\030\317\336e\256\245\026R\036\304S\352]~P\027\000\000\000\000\000\000\000\000\000\000\000\000\000\000\000\000\000\000\000\000\000\000\000\000\000\000\000\000\000\000\000\000P\031\352&\324\337\230\212\265o\2035\250\303\2760\241\364^\002Z\031Z!\300\002\364\004\232\355\234\202\021\371s!\003R7o\362bV\300hf\266\241;}\200^\374\240\203[:\342Q\225\221\027y\372\255\235\216\323~vG0E\002!\000\306\341,\320\201\327H\215$H\270\024\006#\033\220\342^\355\017O\210\003\014\020\256\231>\262\036)F\002 Qw\315\213'\361j\376!\351\031\365\233\336\313[\232\344\264\337\334B\361\000\276f\332\034\236\001C,""; ","validation: """"\200\000\000\001&\000\000\0004)/\351\253P:\r\302\353\023?\373\240rQ_~\346\024\242\247\366\231\036\370\365\313\014\307\362i\210e\030\317\336e\256\245\026R\036\304S\352]~P\027\000\000\000\000\000\000\000\000\000\000\000\000\000\000\000\000\000\000\000\000\000\000\000\000\000\000\000\000\000\000\000\000P\031\352&\324\337\230\212\265o\2035\250\303\2760\241\364^\002Z\031Z!\300\002\364\004\232\355\234\202\021\371s!\003R7o\362bV\300hf\266\241;}\200^\374\240\203[:\342Q\225\221\027y\372\255\235\216\323~vG0E\002!\000\306\341,\320\201\327H\215$H\270\024\006#\033\220\342^\355\017O\210\003\014\020\256\231>\262\036)F\002 Qw\315\213'\361j\376!\351\031\365\233\336\313[\232\344\264\337\334B\361\000\276f\332\034\236\001C,""; "
1750527696681,1750527696682,0,1,1,3,TMValidation,"validation: """"\200\000\000\001&\000\000\0004)/\351\253P:\r\302\353\023?\373\240rQ_~\346\024\242\247\366\231\036\370\365\313\014\307\362i\210e\030\317\336e\256\245\026R\036\304S\352]~P\027\000\000\000\000\000\000\000\000\000\000\000\000\000\000\000\000\000\000\000\000\000\000\000\000\000\000\000\000\000\000\000\000P\031\352&\324\337\230\212\265o\2035\250\303\2760\241\364^\002Z\031Z!\300\002\364\004\232\355\234\202\021\371s!\003R7o\362bV\300hf\266\241;}\200^\374\240\203[:\342Q\225\221\027y\372\255\235\216\323~vG0E\002!\000\306\341,\320\201\327H\215$H\270\024\006#\033\220\342^\355\017O\210\003\014\020\256\231>\262\036)F\002 Qw\315\213'\361j\376!\351\031\365\233\336\313[\232\344\264\337\334B\361\000\276f\332\034\236\001C,""; ","validation: """"\200\000\000\001&\000\000\0004)/\351\253P:\r\302\353\023?\373\240rQ_~\346\024\242\247\366\231\036\370\365\313\014\307\362i\210e\030\317\336e\256\245\026R\036\304S\352]~P\027\000\000\000\000\000\000\000\000\000\000\000\000\000\000\000\000\000\000\000\000\000\000\000\000\000\000\000\000\000\000\000\000P\031\352&\324\337\230\212\265o\2035\250\303\2760\241\364^\002Z\031Z!\300\002\364\004\232\355\234\202\021\371s!\003R7o\362bV\300hf\266\241;}\200^\374\240\203[:\342Q\225\221\027y\372\255\235\216\323~vG0E\002!\000\306\341,\320\201\327H\215$H\270\024\006#\033\220\342^\355\017O\210\003\014\020\256\231>\262\036)F\002 Qw\315\213'\361j\376!\351\031\365\233\336\313[\232\344\264\337\334B\361\000\276f\332\034\236\001C,""; "
1750527696682,1750527696682,0,1,3,2,TMValidation,"validation: """"\200\000\000\001&\000\000\0004)/\351\253P:\r\302\353\023?\373\240rQ_~\346\024\242\247\366\231\036\370\365\313\014\307\362i\210e\030\317\336e\256\245\026R\036\304S\352]~P\027\000\000\000\000\000\000\000\000\000\000\000\000\000\000\000\000\000\000\000\000\000\000\000\000\000\000\000\000\000\000\000\000P\031\352&\324\337\230\212\265o\2035\250\303\2760\241\364^\002Z\031Z!\300\002\364\004\232\355\234\202\021\371s!\003R7o\362bV\300hf\266\241;}\200^\374\240\203[:\342Q\225\221\027y\372\255\235\216\323~vG0E\002!\000\306\341,\320\201\327H\215$H\270\024\006#\033\220\342^\355\017O\210\003\014\020\256\231>\262\036)F\002 Qw\315\213'\361j\376!\351\031\365\233\336\313[\232\344\264\337\334B\361\000\276f\332\034\236\001C,""; ","validation: """"\200\000\000\001&\000\000\0004)/\351\253P:\r\302\353\023?\373\240rQ_~\346\024\242\247\366\231\036\370\365\313\014\307\362i\210e\030\317\336e\256\245\026R\036\304S\352]~P\027\000\000\000\000\000\000\000\000\000\000\000\000\000\000\000\000\000\000\000\000\000\000\000\000\000\000\000\000\000\000\000\000P\031\352&\324\337\230\212\265o\2035\250\303\2760\241\364^\002Z\031Z!\300\002\364\004\232\355\234\202\021\371s!\003R7o\362bV\300hf\266\241;}\200^\374\240\203[:\342Q\225\221\027y\372\255\235\216\323~vG0E\002!\000\306\341,\320\201\327H\215$H\270\024\006#\033\220\342^\355\017O\210\003\014\020\256\231>\262\036)F\002 Qw\315\213'\361j\376!\351\031\365\233\336\313[\232\344\264\337\334B\361\000\276f\332\034\236\001C,""; "
1750527696682,1750527696682,0,1,2,1,TMValidation,"validation: """"\200\000\000\001&\000\000\0004)/\351\253P:\r\302\353\023?\373\240rQ_~\346\024\242\247\366\231\036\370\365\313\014\307\362i\210e\030\317\336e\256\245\026R\036\304S\352]~P\027\000\000\000\000\000\000\000\000\000\000\000\000\000\000\000\000\000\000\000\000\000\000\000\000\000\000\000\000\000\000\000\000P\031\352&\324\337\230\212\265o\2035\250\303\2760\241\364^\002Z\031Z!\300\002\364\004\232\355\234\202\021\371s!\003R7o\362bV\300hf\266\241;}\200^\374\240\203[:\342Q\225\221\027y\372\255\235\216\323~vG0E\002!\000\306\341,\320\201\327H\215$H\270\024\006#\033\220\342^\355\017O\210\003\014\020\256\231>\262\036)F\002 Qw\315\213'\361j\376!\351\031\365\233\336\313[\232\344\264\337\334B\361\000\276f\332\034\236\001C,""; ","validation: """"\200\000\000\001&\000\000\0004)/\351\253P:\r\302\353\023?\373\240rQ_~\346\024\242\247\366\231\036\370\365\313\014\307\362i\210e\030\317\336e\256\245\026R\036\304S\352]~P\027\000\000\000\000\000\000\000\000\000\000\000\000\000\000\000\000\000\000\000\000\000\000\000\000\000\000\000\000\000\000\000\000P\031\352&\324\337\230\212\265o\2035\250\303\2760\241\364^\002Z\031Z!\300\002\364\004\232\355\234\202\021\371s!\003R7o\362bV\300hf\266\241;}\200^\374\240\203[:\342Q\225\221\027y\372\255\235\216\323~vG0E\002!\000\306\341,\320\201\327H\215$H\270\024\006#\033\220\342^\355\017O\210\003\014\020\256\231>\262\036)F\002 Qw\315\213'\361j\376!\351\031\365\233\336\313[\232\344\264\337\334B\361\000\276f\332\034\236\001C,""; "
1750527696683,1750527696683,0,1,3,0,TMValidation,"validation: """"\200\000\000\001&\000\000\0004)/\351\253P:\r\302\353\023?\373\240rQ_~\346\024\242\247\366\231\036\370\365\313\014\307\362i\210e\030\317\336e\256\245\026R\036\304S\352]~P\027\000\000\000\000\000\000\000\000\000\000\000\000\000\000\000\000\000\000\000\000\000\000\000\000\000\000\000\000\000\000\000\000P\031\352&\324\337\230\212\265o\2035\250\303\2760\241\364^\002Z\031Z!\300\002\364\004\232\355\234\202\021\371s!\003R7o\362bV\300hf\266\241;}\200^\374\240\203[:\342Q\225\221\027y\372\255\235\216\323~vG0E\002!\000\306\341,\320\201\327H\215$H\270\024\006#\033\220\342^\355\017O\210\003\014\020\256\231>\262\036)F\002 Qw\315\213'\361j\376!\351\031\365\233\336\313[\232\344\264\337\334B\361\000\276f\332\034\236\001C,""; ","validation: """"\200\000\000\001&\000\000\0004)/\351\253P:\r\302\353\023?\373\240rQ_~\346\024\242\247\366\231\036\370\365\313\014\307\362i\210e\030\317\336e\256\245\026R\036\304S\352]~P\027\000\000\000\000\000\000\000\000\000\000\000\000\000\000\000\000\000\000\000\000\000\000\000\000\000\000\000\000\000\000\000\000P\031\352&\324\337\230\212\265o\2035\250\303\2760\241\364^\002Z\031Z!\300\002\364\004\232\355\234\202\021\371s!\003R7o\362bV\300hf\266\241;}\200^\374\240\203[:\342Q\225\221\027y\372\255\235\216\323~vG0E\002!\000\306\341,\320\201\327H\215$H\270\024\006#\033\220\342^\355\017O\210\003\014\020\256\231>\262\036)F\002 Qw\315\213'\361j\376!\351\031\365\233\336\313[\232\344\264\337\334B\361\000\276f\332\034\236\001C,""; "
1750527696683,1750527696683,0,1,2,3,TMValidation,"validation: """"\200\000\000\001&\000\000\0004)/\351\253P:\r\302\353\023?\373\240rQ_~\346\024\242\247\366\231\036\370\365\313\014\307\362i\210e\030\317\336e\256\245\026R\036\304S\352]~P\027\000\000\000\000\000\000\000\000\000\000\000\000\000\000\000\000\000\000\000\000\000\000\000\000\000\000\000\000\000\000\000\000P\031\352&\324\337\230\212\265o\2035\250\303\2760\241\364^\002Z\031Z!\300\002\364\004\232\355\234\202\021\371s!\003R7o\362bV\300hf\266\241;}\200^\374\240\203[:\342Q\225\221\027y\372\255\235\216\323~vG0E\002!\000\306\341,\320\201\327H\215$H\270\024\006#\033\220\342^\355\017O\210\003\014\020\256\231>\262\036)F\002 Qw\315\213'\361j\376!\351\031\365\233\336\313[\232\344\264\337\334B\361\000\276f\332\034\236\001C,""; ","validation: """"\200\000\000\001&\000\000\0004)/\351\253P:\r\302\353\023?\373\240rQ_~\346\024\242\247\366\231\036\370\365\313\014\307\362i\210e\030\317\336e\256\245\026R\036\304S\352]~P\027\000\000\000\000\000\000\000\000\000\000\000\000\000\000\000\000\000\000\000\000\000\000\000\000\000\000\000\000\000\000\000\000P\031\352&\324\337\230\212\265o\2035\250\303\2760\241\364^\002Z\031Z!\300\002\364\004\232\355\234\202\021\371s!\003R7o\362bV\300hf\266\241;}\200^\374\240\203[:\342Q\225\221\027y\372\255\235\216\323~vG0E\002!\000\306\341,\320\201\327H\215$H\270\024\006#\033\220\342^\355\017O\210\003\014\020\256\231>\262\036)F\002 Qw\315\213'\361j\376!\351\031\365\233\336\313[\232\344\264\337\334B\361\000\276f\332\034\236\001C,""; "
1750527696683,1750527696683,0,1,2,0,TMValidation,"validation: """"\200\000\000\001&\000\000\0004)/\351\253P:\r\302\353\023?\373\240rQ_~\346\024\242\247\366\231\036\370\365\313\014\307\362i\210e\030\317\336e\256\245\026R\036\304S\352]~P\027\000\000\000\000\000\000\000\000\000\000\000\000\000\000\000\000\000\000\000\000\000\000\000\000\000\000\000\000\000\000\000\000P\031\352&\324\337\230\212\265o\2035\250\303\2760\241\364^\002Z\031Z!\300\002\364\004\232\355\234\202\021\371s!\003R7o\362bV\300hf\266\241;}\200^\374\240\203[:\342Q\225\221\027y\372\255\235\216\323~vG0E\002!\000\306\341,\320\201\327H\215$H\270\024\006#\033\220\342^\355\017O\210\003\014\020\256\231>\262\036)F\002 Qw\315\213'\361j\376!\351\031\365\233\336\313[\232\344\264\337\334B\361\000\276f\332\034\236\001C,""; ","validation: """"\200\000\000\001&\000\000\0004)/\351\253P:\r\302\353\023?\373\240rQ_~\346\024\242\247\366\231\036\370\365\313\014\307\362i\210e\030\317\336e\256\245\026R\036\304S\352]~P\027\000\000\000\000\000\000\000\000\000\000\000\000\000\000\000\000\000\000\000\000\000\000\000\000\000\000\000\000\000\000\000\000P\031\352&\324\337\230\212\265o\2035\250\303\2760\241\364^\002Z\031Z!\300\002\364\004\232\355\234\202\021\371s!\003R7o\362bV\300hf\266\241;}\200^\374\240\203[:\342Q\225\221\027y\372\255\235\216\323~vG0E\002!\000\306\341,\320\201\327H\215$H\270\024\006#\033\220\342^\355\017O\210\003\014\020\256\231>\262\036)F\002 Qw\315\213'\361j\376!\351\031\365\233\336\313[\232\344\264\337\334B\361\000\276f\332\034\236\001C,""; "
1750527696683,1750527696683,0,1,3,1,TMValidation,"validation: """"\200\000\000\001&\000\000\0004)/\351\253P:\r\302\353\023?\373\240rQ_~\346\024\242\247\366\231\036\370\365\313\014\307\362i\210e\030\317\336e\256\245\026R\036\304S\352]~P\027\000\000\000\000\000\000\000\000\000\000\000\000\000\000\000\000\000\000\000\000\000\000\000\000\000\000\000\000\000\000\000\000P\031\352&\324\337\230\212\265o\2035\250\303\2760\241\364^\002Z\031Z!\300\002\364\004\232\355\234\202\021\371s!\003R7o\362bV\300hf\266\241;}\200^\374\240\203[:\342Q\225\221\027y\372\255\235\216\323~vG0E\002!\000\306\341,\320\201\327H\215$H\270\024\006#\033\220\342^\355\017O\210\003\014\020\256\231>\262\036)F\002 Qw\315\213'\361j\376!\351\031\365\233\336\313[\232\344\264\337\334B\361\000\276f\332\034\236\001C,""; ","validation: """"\200\000\000\001&\000\000\0004)/\351\253P:\r\302\353\023?\373\240rQ_~\346\024\242\247\366\231\036\370\365\313\014\307\362i\210e\030\317\336e\256\245\026R\036\304S\352]~P\027\000\000\000\000\000\000\000\000\000\000\000\000\000\000\000\000\000\000\000\000\000\000\000\000\000\000\000\000\000\000\000\000P\031\352&\324\337\230\212\265o\2035\250\303\2760\241\364^\002Z\031Z!\300\002\364\004\232\355\234\202\021\371s!\003R7o\362bV\300hf\266\241;}\200^\374\240\203[:\342Q\225\221\027y\372\255\235\216\323~vG0E\002!\000\306\341,\320\201\327H\215$H\270\024\006#\033\220\342^\355\017O\210\003\014\020\256\231>\262\036)F\002 Qw\315\213'\361j\376!\351\031\365\233\336\313[\232\344\264\337\334B\361\000\276f\332\034\236\001C,""; "
1750527696684,1750527696685,0,1,0,2,TMValidation,"validation: """"\200\000\000\001&\000\000\0004)/\351\253P:\r\302\353\023?\373\240rQ_~\346\024\242\247\366\231\036\370\365\313\014\307\362i\210e\030\317\336e\256\245\026R\036\304S\352]~P\027\000\000\000\000\000\000\000\000\000\000\000\000\000\000\000\000\000\000\000\000\000\000\000\000\000\000\000\000\000\000\000\000P\031\352&\324\337\230\212\265o\2035\250\303\2760\241\364^\002Z\031Z!\300\002\364\004\232\355\234\202\021\371s!\003R7o\362bV\300hf\266\241;}\200^\374\240\203[:\342Q\225\221\027y\372\255\235\216\323~vG0E\002!\000\306\341,\320\201\327H\215$H\270\024\006#\033\220\342^\355\017O\210\003\014\020\256\231>\262\036)F\002 Qw\315\213'\361j\376!\351\031\365\233\336\313[\232\344\264\337\334B\361\000\276f\332\034\236\001C,""; ","validation: """"\200\000\000\001&\000\000\0004)/\351\253P:\r\302\353\023?\373\240rQ_~\346\024\242\247\366\231\036\370\365\313\014\307\362i\210e\030\317\336e\256\245\026R\036\304S\352]~P\027\000\000\000\000\000\000\000\000\000\000\000\000\000\000\000\000\000\000\000\000\000\000\000\000\000\000\000\000\000\000\000\000P\031\352&\324\337\230\212\265o\2035\250\303\2760\241\364^\002Z\031Z!\300\002\364\004\232\355\234\202\021\371s!\003R7o\362bV\300hf\266\241;}\200^\374\240\203[:\342Q\225\221\027y\372\255\235\216\323~vG0E\002!\000\306\341,\320\201\327H\215$H\270\024\006#\033\220\342^\355\017O\210\003\014\020\256\231>\262\036)F\002 Qw\315\213'\361j\376!\351\031\365\233\336\313[\232\344\264\337\334B\361\000\276f\332\034\236\001C,""; "
1750527696685,1750527696685,0,1,0,1,TMValidation,"validation: """"\200\000\000\001&\000\000\0004)/\351\253P:\r\302\353\023?\373\240rQ_~\346\024\242\247\366\231\036\370\365\313\014\307\362i\210e\030\317\336e\256\245\026R\036\304S\352]~P\027\000\000\000\000\000\000\000\000\000\000\000\000\000\000\000\000\000\000\000\000\000\000\000\000\000\000\000\000\000\000\000\000P\031\352&\324\337\230\212\265o\2035\250\303\2760\241\364^\002Z\031Z!\300\002\364\004\232\355\234\202\021\371s!\003R7o\362bV\300hf\266\241;}\200^\374\240\203[:\342Q\225\221\027y\372\255\235\216\323~vG0E\002!\000\306\341,\320\201\327H\215$H\270\024\006#\033\220\342^\355\017O\210\003\014\020\256\231>\262\036)F\002 Qw\315\213'\361j\376!\351\031\365\233\336\313[\232\344\264\337\334B\361\000\276f\332\034\236\001C,""; ","validation: """"\200\000\000\001&\000\000\0004)/\351\253P:\r\302\353\023?\373\240rQ_~\346\024\242\247\366\231\036\370\365\313\014\307\362i\210e\030\317\336e\256\245\026R\036\304S\352]~P\027\000\000\000\000\000\000\000\000\000\000\000\000\000\000\000\000\000\000\000\000\000\000\000\000\000\000\000\000\000\000\000\000P\031\352&\324\337\230\212\265o\2035\250\303\2760\241\364^\002Z\031Z!\300\002\364\004\232\355\234\202\021\371s!\003R7o\362bV\300hf\266\241;}\200^\374\240\203[:\342Q\225\221\027y\372\255\235\216\323~vG0E\002!\000\306\341,\320\201\327H\215$H\270\024\006#\033\220\342^\355\017O\210\003\014\020\256\231>\262\036)F\002 Qw\315\213'\361j\376!\351\031\365\233\336\313[\232\344\264\337\334B\361\000\276f\332\034\236\001C,""; "
1750527696685,1750527696685,0,1,0,3,TMValidation,"validation: """"\200\000\000\001&\000\000\0004)/\351\253P:\r\302\353\023?\373\240rQ_~\346\024\242\247\366\231\036\370\365\313\014\307\362i\210e\030\317\336e\256\245\026R\036\304S\352]~P\027\000\000\000\000\000\000\000\000\000\000\000\000\000\000\000\000\000\000\000\000\000\000\000\000\000\000\000\000\000\000\000\000P\031\352&\324\337\230\212\265o\2035\250\303\2760\241\364^\002Z\031Z!\300\002\364\004\232\355\234\202\021\371s!\003R7o\362bV\300hf\266\241;}\200^\374\240\203[:\342Q\225\221\027y\372\255\235\216\323~vG0E\002!\000\306\341,\320\201\327H\215$H\270\024\006#\033\220\342^\355\017O\210\003\014\020\256\231>\262\036)F\002 Qw\315\213'\361j\376!\351\031\365\233\336\313[\232\344\264\337\334B\361\000\276f\332\034\236\001C,""; ","validation: """"\200\000\000\001&\000\000\0004)/\351\253P:\r\302\353\023?\373\240rQ_~\346\024\242\247\366\231\036\370\365\313\014\307\362i\210e\030\317\336e\256\245\026R\036\304S\352]~P\027\000\000\000\000\000\000\000\000\000\000\000\000\000\000\000\000\000\000\000\000\000\000\000\000\000\000\000\000\000\000\000\000P\031\352&\324\337\230\212\265o\2035\250\303\2760\241\364^\002Z\031Z!\300\002\364\004\232\355\234\202\021\371s!\003R7o\362bV\300hf\266\241;}\200^\374\240\203[:\342Q\225\221\027y\372\255\235\216\323~vG0E\002!\000\306\341,\320\201\327H\215$H\270\024\006#\033\220\342^\355\017O\210\003\014\020\256\231>\262\036)F\002 Qw\315\213'\361j\376!\351\031\365\233\336\313[\232\344\264\337\334B\361\000\276f\332\034\236\001C,""; "
1750527697476,1750527697513,0,1,3,1,TMStatusChange,"newEvent: neCLOSING_LEDGER; ledgerSeq: 52; ledgerHash: ""_~\346\024\242\247\366\231\036\370\365\313\014\307\362i\210e\030\317\336e\256\245\026R\036\304S\352]~""; ledgerHashPrevious: ""\352&\324\337\230\212\265o\2035\250\303\2760\241\364^\002Z\031Z!\300\002\364\004\232\355\234\202\021\371""; networkTime: 803842897; firstSeq: 1; lastSeq: 52; ","newEvent: neCLOSING_LEDGER; ledgerSeq: 52; ledgerHash: ""_~\346\024\242\247\366\231\036\370\365\313\014\307\362i\210e\030\317\336e\256\245\026R\036\304S\352]~""; ledgerHashPrevious: ""\352&\324\337\230\212\265o\2035\250\303\2760\241\364^\002Z\031Z!\300\002\364\004\232\355\234\202\021\371""; networkTime: 803842897; firstSeq: 1; lastSeq: 52; "
1750527697477,1750527697513,0,1,3,0,TMStatusChange,"newEvent: neCLOSING_LEDGER; ledgerSeq: 52; ledgerHash: ""_~\346\024\242\247\366\231\036\370\365\313\014\307\362i\210e\030\317\336e\256\245\026R\036\304S\352]~""; ledgerHashPrevious: ""\352&\324\337\230\212\265o\2035\250\303\2760\241\364^\002Z\031Z!\300\002\364\004\232\355\234\202\021\371""; networkTime: 803842897; firstSeq: 1; lastSeq: 52; ","newEvent: neCLOSING_LEDGER; ledgerSeq: 52; ledgerHash: ""_~\346\024\242\247\366\231\036\370\365\313\014\307\362i\210e\030\317\336e\256\245\026R\036\304S\352]~""; ledgerHashPrevious: ""\352&\324\337\230\212\265o\2035\250\303\2760\241\364^\002Z\031Z!\300\002\364\004\232\355\234\202\021\371""; networkTime: 803842897; firstSeq: 1; lastSeq: 52; "
1750527697477,1750527697513,0,1,3,2,TMStatusChange,"newEvent: neCLOSING_LEDGER; ledgerSeq: 52; ledgerHash: ""_~\346\024\242\247\366\231\036\370\365\313\014\307\362i\210e\030\317\336e\256\245\026R\036\304S\352]~""; ledgerHashPrevious: ""\352&\324\337\230\212\265o\2035\250\303\2760\241\364^\002Z\031Z!\300\002\364\004\232\355\234\202\021\371""; networkTime: 803842897; firstSeq: 1; lastSeq: 52; ","newEvent: neCLOSING_LEDGER; ledgerSeq: 52; ledgerHash: ""_~\346\024\242\247\366\231\036\370\365\313\014\307\362i\210e\030\317\336e\256\245\026R\036\304S\352]~""; ledgerHashPrevious: ""\352&\324\337\230\212\265o\2035\250\303\2760\241\364^\002Z\031Z!\300\002\364\004\232\355\234\202\021\371""; networkTime: 803842897; firstSeq: 1; lastSeq: 52; "
1750527697477,1750527697514,0,1,3,4,TMStatusChange,"newEvent: neCLOSING_LEDGER; ledgerSeq: 52; ledgerHash: ""_~\346\024\242\247\366\231\036\370\365\313\014\307\362i\210e\030\317\336e\256\245\026R\036\304S\352]~""; ledgerHashPrevious: ""\352&\324\337\230\212\265o\2035\250\303\2760\241\364^\002Z\031Z!\300\002\364\004\232\355\234\202\021\371""; networkTime: 803842897; firstSeq: 1; lastSeq: 52; ","newEvent: neCLOSING_LEDGER; ledgerSeq: 52; ledgerHash: ""_~\346\024\242\247\366\231\036\370\365\313\014\307\362i\210e\030\317\336e\256\245\026R\036\304S\352]~""; ledgerHashPrevious: ""\352&\324\337\230\212\265o\2035\250\303\2760\241\364^\002Z\031Z!\300\002\364\004\232\355\234\202\021\371""; networkTime: 803842897; firstSeq: 1; lastSeq: 52; "
1750527697519,1750527697520,0,1,3,0,TMProposeSet,"proposeSeq: 0; currentTxHash: ""\000\000\000\000\000\000\000\000\000\000\000\000\000\000\000\000\000\000\000\000\000\000\000\000\000\000\000\000\000\000\000\000""; nodePubKey: ""\002\364d\217\366\217|\316F\232\231\241\n\261\333`\312O\367\235\025DD\336e\367\n\312\326\221\037\025\230""; closeTime: 803842897; signature: ""0E\002!\000\213\222\214\376~5!\353\210\350L\314\215\302J\263\340m\0379:\271_\200sR\202\263\374\251\215%\002 *\313\215bgP\342\307\311;\200\364|\245\354\214\003\032\027\326j\326|;#\244\253\\m\352\020""; previousledger: ""_~\346\024\242\247\366\231\036\370\365\313\014\307\362i\210e\030\317\336e\256\245\026R\036\304S\352]~""; ","proposeSeq: 0; currentTxHash: ""\000\000\000\000\000\000\000\000\000\000\000\000\000\000\000\000\000\000\000\000\000\000\000\000\000\000\000\000\000\000\000\000""; nodePubKey: ""\002\364d\217\366\217|\316F\232\231\241\n\261\333`\312O\367\235\025DD\336e\367\n\312\326\221\037\025\230""; closeTime: 803842897; signature: ""0E\002!\000\213\222\214\376~5!\353\210\350L\314\215\302J\263\340m\0379:\271_\200sR\202\263\374\251\215%\002 *\313\215bgP\342\307\311;\200\364|\245\354\214\003\032\027\326j\326|;#\244\253\\m\352\020""; previousledger: ""_~\346\024\242\247\366\231\036\370\365\313\014\307\362i\210e\030\317\336e\256\245\026R\036\304S\352]~""; "
1750527697520,1750527697520,0,1,3,1,TMProposeSet,"proposeSeq: 0; currentTxHash: ""\000\000\000\000\000\000\000\000\000\000\000\000\000\000\000\000\000\000\000\000\000\000\000\000\000\000\000\000\000\000\000\000""; nodePubKey: ""\002\364d\217\366\217|\316F\232\231\241\n\261\333`\312O\367\235\025DD\336e\367\n\312\326\221\037\025\230""; closeTime: 803842897; signature: ""0E\002!\000\213\222\214\376~5!\353\210\350L\314\215\302J\263\340m\0379:\271_\200sR\202\263\374\251\215%\002 *\313\215bgP\342\307\311;\200\364|\245\354\214\003\032\027\326j\326|;#\244\253\\m\352\020""; previousledger: ""_~\346\024\242\247\366\231\036\370\365\313\014\307\362i\210e\030\317\336e\256\245\026R\036\304S\352]~""; ","proposeSeq: 0; currentTxHash: ""\000\000\000\000\000\000\000\000\000\000\000\000\000\000\000\000\000\000\000\000\000\000\000\000\000\000\000\000\000\000\000\000""; nodePubKey: ""\002\364d\217\366\217|\316F\232\231\241\n\261\333`\312O\367\235\025DD\336e\367\n\312\326\221\037\025\230""; closeTime: 803842897; signature: ""0E\002!\000\213\222\214\376~5!\353\210\350L\314\215\302J\263\340m\0379:\271_\200sR\202\263\374\251\215%\002 *\313\215bgP\342\307\311;\200\364|\245\354\214\003\032\027\326j\326|;#\244\253\\m\352\020""; previousledger: ""_~\346\024\242\247\366\231\036\370\365\313\014\307\362i\210e\030\317\336e\256\245\026R\036\304S\352]~""; "
1750527697521,1750527697521,0,1,3,2,TMProposeSet,"proposeSeq: 0; currentTxHash: ""\000\000\000\000\000\000\000\000\000\000\000\000\000\000\000\000\000\000\000\000\000\000\000\000\000\000\000\000\000\000\000\000""; nodePubKey: ""\002\364d\217\366\217|\316F\232\231\241\n\261\333`\312O\367\235\025DD\336e\367\n\312\326\221\037\025\230""; closeTime: 803842897; signature: ""0E\002!\000\213\222\214\376~5!\353\210\350L\314\215\302J\263\340m\0379:\271_\200sR\202\263\374\251\215%\002 *\313\215bgP\342\307\311;\200\364|\245\354\214\003\032\027\326j\326|;#\244\253\\m\352\020""; previousledger: ""_~\346\024\242\247\366\231\036\370\365\313\014\307\362i\210e\030\317\336e\256\245\026R\036\304S\352]~""; ","proposeSeq: 0; currentTxHash: ""\000\000\000\000\000\000\000\000\000\000\000\000\000\000\000\000\000\000\000\000\000\000\000\000\000\000\000\000\000\000\000\000""; nodePubKey: ""\002\364d\217\366\217|\316F\232\231\241\n\261\333`\312O\367\235\025DD\336e\367\n\312\326\221\037\025\230""; closeTime: 803842897; signature: ""0E\002!\000\213\222\214\376~5!\353\210\350L\314\215\302J\263\340m\0379:\271_\200sR\202\263\374\251\215%\002 *\313\215bgP\342\307\311;\200\364|\245\354\214\003\032\027\326j\326|;#\244\253\\m\352\020""; previousledger: ""_~\346\024\242\247\366\231\036\370\365\313\014\307\362i\210e\030\317\336e\256\245\026R\036\304S\352]~""; "
1750527697521,1750527697521,0,1,3,4,TMProposeSet,"proposeSeq: 0; currentTxHash: ""\000\000\000\000\000\000\000\000\000\000\000\000\000\000\000\000\000\000\000\000\000\000\000\000\000\000\000\000\000\000\000\000""; nodePubKey: ""\002\364d\217\366\217|\316F\232\231\241\n\261\333`\312O\367\235\025DD\336e\367\n\312\326\221\037\025\230""; closeTime: 803842897; signature: ""0E\002!\000\213\222\214\376~5!\353\210\350L\314\215\302J\263\340m\0379:\271_\200sR\202\263\374\251\215%\002 *\313\215bgP\342\307\311;\200\364|\245\354\214\003\032\027\326j\326|;#\244\253\\m\352\020""; previousledger: ""_~\346\024\242\247\366\231\036\370\365\313\014\307\362i\210e\030\317\336e\256\245\026R\036\304S\352]~""; ","proposeSeq: 0; currentTxHash: ""\000\000\000\000\000\000\000\000\000\000\000\000\000\000\000\000\000\000\000\000\000\000\000\000\000\000\000\000\000\000\000\000""; nodePubKey: ""\002\364d\217\366\217|\316F\232\231\241\n\261\333`\312O\367\235\025DD\336e\367\n\312\326\221\037\025\230""; closeTime: 803842897; signature: ""0E\002!\000\213\222\214\376~5!\353\210\350L\314\215\302J\263\340m\0379:\271_\200sR\202\263\374\251\215%\002 *\313\215bgP\342\307\311;\200\364|\245\354\214\003\032\027\326j\326|;#\244\253\\m\352\020""; previousledger: ""_~\346\024\242\247\366\231\036\370\365\313\014\307\362i\210e\030\317\336e\256\245\026R\036\304S\352]~""; "
1750527697524,1750527697524,0,1,4,2,TMProposeSet,"proposeSeq: 0; currentTxHash: ""\000\000\000\000\000\000\000\000\000\000\000\000\000\000\000\000\000\000\000\000\000\000\000\000\000\000\000\000\000\000\000\000""; nodePubKey: ""\002\364d\217\366\217|\316F\232\231\241\n\261\333`\312O\367\235\025DD\336e\367\n\312\326\221\037\025\230""; closeTime: 803842897; signature: ""0E\002!\000\213\222\214\376~5!\353\210\350L\314\215\302J\263\340m\0379:\271_\200sR\202\263\374\251\215%\002 *\313\215bgP\342\307\311;\200\364|\245\354\214\003\032\027\326j\326|;#\244\253\\m\352\020""; previousledger: ""_~\346\024\242\247\366\231\036\370\365\313\014\307\362i\210e\030\317\336e\256\245\026R\036\304S\352]~""; ","proposeSeq: 0; currentTxHash: ""\000\000\000\000\000\000\000\000\000\000\000\000\000\000\000\000\000\000\000\000\000\000\000\000\000\000\000\000\000\000\000\000""; nodePubKey: ""\002\364d\217\366\217|\316F\232\231\241\n\261\333`\312O\367\235\025DD\336e\367\n\312\326\221\037\025\230""; closeTime: 803842897; signature: ""0E\002!\000\213\222\214\376~5!\353\210\350L\314\215\302J\263\340m\0379:\271_\200sR\202\263\374\251\215%\002 *\313\215bgP\342\307\311;\200\364|\245\354\214\003\032\027\326j\326|;#\244\253\\m\352\020""; previousledger: ""_~\346\024\242\247\366\231\036\370\365\313\014\307\362i\210e\030\317\336e\256\245\026R\036\304S\352]~""; "
1750527697525,1750527697525,0,1,4,1,TMProposeSet,"proposeSeq: 0; currentTxHash: ""\000\000\000\000\000\000\000\000\000\000\000\000\000\000\000\000\000\000\000\000\000\000\000\000\000\000\000\000\000\000\000\000""; nodePubKey: ""\002\364d\217\366\217|\316F\232\231\241\n\261\333`\312O\367\235\025DD\336e\367\n\312\326\221\037\025\230""; closeTime: 803842897; signature: ""0E\002!\000\213\222\214\376~5!\353\210\350L\314\215\302J\263\340m\0379:\271_\200sR\202\263\374\251\215%\002 *\313\215bgP\342\307\311;\200\364|\245\354\214\003\032\027\326j\326|;#\244\253\\m\352\020""; previousledger: ""_~\346\024\242\247\366\231\036\370\365\313\014\307\362i\210e\030\317\336e\256\245\026R\036\304S\352]~""; ","proposeSeq: 0; currentTxHash: ""\000\000\000\000\000\000\000\000\000\000\000\000\000\000\000\000\000\000\000\000\000\000\000\000\000\000\000\000\000\000\000\000""; nodePubKey: ""\002\364d\217\366\217|\316F\232\231\241\n\261\333`\312O\367\235\025DD\336e\367\n\312\326\221\037\025\230""; closeTime: 803842897; signature: ""0E\002!\000\213\222\214\376~5!\353\210\350L\314\215\302J\263\340m\0379:\271_\200sR\202\263\374\251\215%\002 *\313\215bgP\342\307\311;\200\364|\245\354\214\003\032\027\326j\326|;#\244\253\\m\352\020""; previousledger: ""_~\346\024\242\247\366\231\036\370\365\313\014\307\362i\210e\030\317\336e\256\245\026R\036\304S\352]~""; "
1750527697525,1750527697525,0,1,4,0,TMProposeSet,"proposeSeq: 0; currentTxHash: ""\000\000\000\000\000\000\000\000\000\000\000\000\000\000\000\000\000\000\000\000\000\000\000\000\000\000\000\000\000\000\000\000""; nodePubKey: ""\002\364d\217\366\217|\316F\232\231\241\n\261\333`\312O\367\235\025DD\336e\367\n\312\326\221\037\025\230""; closeTime: 803842897; signature: ""0E\002!\000\213\222\214\376~5!\353\210\350L\314\215\302J\263\340m\0379:\271_\200sR\202\263\374\251\215%\002 *\313\215bgP\342\307\311;\200\364|\245\354\214\003\032\027\326j\326|;#\244\253\\m\352\020""; previousledger: ""_~\346\024\242\247\366\231\036\370\365\313\014\307\362i\210e\030\317\336e\256\245\026R\036\304S\352]~""; ","proposeSeq: 0; currentTxHash: ""\000\000\000\000\000\000\000\000\000\000\000\000\000\000\000\000\000\000\000\000\000\000\000\000\000\000\000\000\000\000\000\000""; nodePubKey: ""\002\364d\217\366\217|\316F\232\231\241\n\261\333`\312O\367\235\025DD\336e\367\n\312\326\221\037\025\230""; closeTime: 803842897; signature: ""0E\002!\000\213\222\214\376~5!\353\210\350L\314\215\302J\263\340m\0379:\271_\200sR\202\263\374\251\215%\002 *\313\215bgP\342\307\311;\200\364|\245\354\214\003\032\027\326j\326|;#\244\253\\m\352\020""; previousledger: ""_~\346\024\242\247\366\231\036\370\365\313\014\307\362i\210e\030\317\336e\256\245\026R\036\304S\352]~""; "
1750527697637,1750527697637,0,1,4,2,TMProposeSet,"proposeSeq: 0; currentTxHash: ""\000\000\000\000\000\000\000\000\000\000\000\000\000\000\000\000\000\000\000\000\000\000\000\000\000\000\000\000\000\000\000\000""; nodePubKey: ""\003R7o\362bV\300hf\266\241;}\200^\374\240\203[:\342Q\225\221\027y\372\255\235\216\323~""; closeTime: 803842897; signature: ""0E\002!\000\313\310o\312z\202\034\201}I\333?l\224\243\261_t\325t:\021\304\374\254|{\256\365\264\203!\002 SR2\363\225\213\364\224!\322\250]\275^Z\371\300\2305\225 5\274\315\365\243\271\266|\301\252\377""; previousledger: ""_~\346\024\242\247\366\231\036\370\365\313\014\307\362i\210e\030\317\336e\256\245\026R\036\304S\352]~""; ","proposeSeq: 0; currentTxHash: ""\000\000\000\000\000\000\000\000\000\000\000\000\000\000\000\000\000\000\000\000\000\000\000\000\000\000\000\000\000\000\000\000""; nodePubKey: ""\003R7o\362bV\300hf\266\241;}\200^\374\240\203[:\342Q\225\221\027y\372\255\235\216\323~""; closeTime: 803842897; signature: ""0E\002!\000\313\310o\312z\202\034\201}I\333?l\224\243\261_t\325t:\021\304\374\254|{\256\365\264\203!\002 SR2\363\225\213\364\224!\322\250]\275^Z\371\300\2305\225 5\274\315\365\243\271\266|\301\252\377""; previousledger: ""_~\346\024\242\247\366\231\036\370\365\313\014\307\362i\210e\030\317\336e\256\245\026R\036\304S\352]~""; "
1750527697638,1750527697638,0,1,4,3,TMProposeSet,"proposeSeq: 0; currentTxHash: ""\000\000\000\000\000\000\000\000\000\000\000\000\000\000\000\000\000\000\000\000\000\000\000\000\000\000\000\000\000\000\000\000""; nodePubKey: ""\003R7o\362bV\300hf\266\241;}\200^\374\240\203[:\342Q\225\221\027y\372\255\235\216\323~""; closeTime: 803842897; signature: ""0E\002!\000\313\310o\312z\202\034\201}I\333?l\224\243\261_t\325t:\021\304\374\254|{\256\365\264\203!\002 SR2\363\225\213\364\224!\322\250]\275^Z\371\300\2305\225 5\274\315\365\243\271\266|\301\252\377""; previousledger: ""_~\346\024\242\247\366\231\036\370\365\313\014\307\362i\210e\030\317\336e\256\245\026R\036\304S\352]~""; ","proposeSeq: 0; currentTxHash: ""\000\000\000\000\000\000\000\000\000\000\000\000\000\000\000\000\000\000\000\000\000\000\000\000\000\000\000\000\000\000\000\000""; nodePubKey: ""\003R7o\362bV\300hf\266\241;}\200^\374\240\203[:\342Q\225\221\027y\372\255\235\216\323~""; closeTime: 803842897; signature: ""0E\002!\000\313\310o\312z\202\034\201}I\333?l\224\243\261_t\325t:\021\304\374\254|{\256\365\264\203!\002 SR2\363\225\213\364\224!\322\250]\275^Z\371\300\2305\225 5\274\315\365\243\271\266|\301\252\377""; previousledger: ""_~\346\024\242\247\366\231\036\370\365\313\014\307\362i\210e\030\317\336e\256\245\026R\036\304S\352]~""; "
1750527697640,1750527697640,0,1,4,0,TMProposeSet,"proposeSeq: 0; currentTxHash: ""\000\000\000\000\000\000\000\000\000\000\000\000\000\000\000\000\000\000\000\000\000\000\000\000\000\000\000\000\000\000\000\000""; nodePubKey: ""\003R7o\362bV\300hf\266\241;}\200^\374\240\203[:\342Q\225\221\027y\372\255\235\216\323~""; closeTime: 803842897; signature: ""0E\002!\000\313\310o\312z\202\034\201}I\333?l\224\243\261_t\325t:\021\304\374\254|{\256\365\264\203!\002 SR2\363\225\213\364\224!\322\250]\275^Z\371\300\2305\225 5\274\315\365\243\271\266|\301\252\377""; previousledger: ""_~\346\024\242\247\366\231\036\370\365\313\014\307\362i\210e\030\317\336e\256\245\026R\036\304S\352]~""; ","proposeSeq: 0; currentTxHash: ""\000\000\000\000\000\000\000\000\000\000\000\000\000\000\000\000\000\000\000\000\000\000\000\000\000\000\000\000\000\000\000\000""; nodePubKey: ""\003R7o\362bV\300hf\266\241;}\200^\374\240\203[:\342Q\225\221\027y\372\255\235\216\323~""; closeTime: 803842897; signature: ""0E\002!\000\313\310o\312z\202\034\201}I\333?l\224\243\261_t\325t:\021\304\374\254|{\256\365\264\203!\002 SR2\363\225\213\364\224!\322\250]\275^Z\371\300\2305\225 5\274\315\365\243\271\266|\301\252\377""; previousledger: ""_~\346\024\242\247\366\231\036\370\365\313\014\307\362i\210e\030\317\336e\256\245\026R\036\304S\352]~""; "
1750527697641,1750527697641,0,1,4,1,TMProposeSet,"proposeSeq: 0; currentTxHash: ""\000\000\000\000\000\000\000\000\000\000\000\000\000\000\000\000\000\000\000\000\000\000\000\000\000\000\000\000\000\000\000\000""; nodePubKey: ""\003R7o\362bV\300hf\266\241;}\200^\374\240\203[:\342Q\225\221\027y\372\255\235\216\323~""; closeTime: 803842897; signature: ""0E\002!\000\313\310o\312z\202\034\201}I\333?l\224\243\261_t\325t:\021\304\374\254|{\256\365\264\203!\002 SR2\363\225\213\364\224!\322\250]\275^Z\371\300\2305\225 5\274\315\365\243\271\266|\301\252\377""; previousledger: ""_~\346\024\242\247\366\231\036\370\365\313\014\307\362i\210e\030\317\336e\256\245\026R\036\304S\352]~""; ","proposeSeq: 0; currentTxHash: ""\000\000\000\000\000\000\000\000\000\000\000\000\000\000\000\000\000\000\000\000\000\000\000\000\000\000\000\000\000\000\000\000""; nodePubKey: ""\003R7o\362bV\300hf\266\241;}\200^\374\240\203[:\342Q\225\221\027y\372\255\235\216\323~""; closeTime: 803842897; signature: ""0E\002!\000\313\310o\312z\202\034\201}I\333?l\224\243\261_t\325t:\021\304\374\254|{\256\365\264\203!\002 SR2\363\225\213\364\224!\322\250]\275^Z\371\300\2305\225 5\274\315\365\243\271\266|\301\252\377""; previousledger: ""_~\346\024\242\247\366\231\036\370\365\313\014\307\362i\210e\030\317\336e\256\245\026R\036\304S\352]~""; "
1750527697642,1750527697642,0,1,3,2,TMProposeSet,"proposeSeq: 0; currentTxHash: ""\000\000\000\000\000\000\000\000\000\000\000\000\000\000\000\000\000\000\000\000\000\000\000\000\000\000\000\000\000\000\000\000""; nodePubKey: ""\003R7o\362bV\300hf\266\241;}\200^\374\240\203[:\342Q\225\221\027y\372\255\235\216\323~""; closeTime: 803842897; signature: ""0E\002!\000\313\310o\312z\202\034\201}I\333?l\224\243\261_t\325t:\021\304\374\254|{\256\365\264\203!\002 SR2\363\225\213\364\224!\322\250]\275^Z\371\300\2305\225 5\274\315\365\243\271\266|\301\252\377""; previousledger: ""_~\346\024\242\247\366\231\036\370\365\313\014\307\362i\210e\030\317\336e\256\245\026R\036\304S\352]~""; ","proposeSeq: 0; currentTxHash: ""\000\000\000\000\000\000\000\000\000\000\000\000\000\000\000\000\000\000\000\000\000\000\000\000\000\000\000\000\000\000\000\000""; nodePubKey: ""\003R7o\362bV\300hf\266\241;}\200^\374\240\203[:\342Q\225\221\027y\372\255\235\216\323~""; closeTime: 803842897; signature: ""0E\002!\000\313\310o\312z\202\034\201}I\333?l\224\243\261_t\325t:\021\304\374\254|{\256\365\264\203!\002 SR2\363\225\213\364\224!\322\250]\275^Z\371\300\2305\225 5\274\315\365\243\271\266|\301\252\377""; previousledger: ""_~\346\024\242\247\366\231\036\370\365\313\014\307\362i\210e\030\317\336e\256\245\026R\036\304S\352]~""; "
1750527697643,1750527697643,0,1,3,0,TMProposeSet,"proposeSeq: 0; currentTxHash: ""\000\000\000\000\000\000\000\000\000\000\000\000\000\000\000\000\000\000\000\000\000\000\000\000\000\000\000\000\000\000\000\000""; nodePubKey: ""\003R7o\362bV\300hf\266\241;}\200^\374\240\203[:\342Q\225\221\027y\372\255\235\216\323~""; closeTime: 803842897; signature: ""0E\002!\000\313\310o\312z\202\034\201}I\333?l\224\243\261_t\325t:\021\304\374\254|{\256\365\264\203!\002 SR2\363\225\213\364\224!\322\250]\275^Z\371\300\2305\225 5\274\315\365\243\271\266|\301\252\377""; previousledger: ""_~\346\024\242\247\366\231\036\370\365\313\014\307\362i\210e\030\317\336e\256\245\026R\036\304S\352]~""; ","proposeSeq: 0; currentTxHash: ""\000\000\000\000\000\000\000\000\000\000\000\000\000\000\000\000\000\000\000\000\000\000\000\000\000\000\000\000\000\000\000\000""; nodePubKey: ""\003R7o\362bV\300hf\266\241;}\200^\374\240\203[:\342Q\225\221\027y\372\255\235\216\323~""; closeTime: 803842897; signature: ""0E\002!\000\313\310o\312z\202\034\201}I\333?l\224\243\261_t\325t:\021\304\374\254|{\256\365\264\203!\002 SR2\363\225\213\364\224!\322\250]\275^Z\371\300\2305\225 5\274\315\365\243\271\266|\301\252\377""; previousledger: ""_~\346\024\242\247\366\231\036\370\365\313\014\307\362i\210e\030\317\336e\256\245\026R\036\304S\352]~""; "
1750527697643,1750527697644,0,1,3,1,TMProposeSet,"proposeSeq: 0; currentTxHash: ""\000\000\000\000\000\000\000\000\000\000\000\000\000\000\000\000\000\000\000\000\000\000\000\000\000\000\000\000\000\000\000\000""; nodePubKey: ""\003R7o\362bV\300hf\266\241;}\200^\374\240\203[:\342Q\225\221\027y\372\255\235\216\323~""; closeTime: 803842897; signature: ""0E\002!\000\313\310o\312z\202\034\201}I\333?l\224\243\261_t\325t:\021\304\374\254|{\256\365\264\203!\002 SR2\363\225\213\364\224!\322\250]\275^Z\371\300\2305\225 5\274\315\365\243\271\266|\301\252\377""; previousledger: ""_~\346\024\242\247\366\231\036\370\365\313\014\307\362i\210e\030\317\336e\256\245\026R\036\304S\352]~""; ","proposeSeq: 0; currentTxHash: ""\000\000\000\000\000\000\000\000\000\000\000\000\000\000\000\000\000\000\000\000\000\000\000\000\000\000\000\000\000\000\000\000""; nodePubKey: ""\003R7o\362bV\300hf\266\241;}\200^\374\240\203[:\342Q\225\221\027y\372\255\235\216\323~""; closeTime: 803842897; signature: ""0E\002!\000\313\310o\312z\202\034\201}I\333?l\224\243\261_t\325t:\021\304\374\254|{\256\365\264\203!\002 SR2\363\225\213\364\224!\322\250]\275^Z\371\300\2305\225 5\274\315\365\243\271\266|\301\252\377""; previousledger: ""_~\346\024\242\247\366\231\036\370\365\313\014\307\362i\210e\030\317\336e\256\245\026R\036\304S\352]~""; "
1750527697638,1750527697710,0,1,4,3,TMStatusChange,"newEvent: neCLOSING_LEDGER; ledgerSeq: 52; ledgerHash: ""_~\346\024\242\247\366\231\036\370\365\313\014\307\362i\210e\030\317\336e\256\245\026R\036\304S\352]~""; ledgerHashPrevious: ""\352&\324\337\230\212\265o\2035\250\303\2760\241\364^\002Z\031Z!\300\002\364\004\232\355\234\202\021\371""; networkTime: 803842897; firstSeq: 1; lastSeq: 52; ","newEvent: neCLOSING_LEDGER; ledgerSeq: 52; ledgerHash: ""_~\346\024\242\247\366\231\036\370\365\313\014\307\362i\210e\030\317\336e\256\245\026R\036\304S\352]~""; ledgerHashPrevious: ""\352&\324\337\230\212\265o\2035\250\303\2760\241\364^\002Z\031Z!\300\002\364\004\232\355\234\202\021\371""; networkTime: 803842897; firstSeq: 1; lastSeq: 52; "
1750527697641,1750527697711,0,1,4,1,TMStatusChange,"newEvent: neCLOSING_LEDGER; ledgerSeq: 52; ledgerHash: ""_~\346\024\242\247\366\231\036\370\365\313\014\307\362i\210e\030\317\336e\256\245\026R\036\304S\352]~""; ledgerHashPrevious: ""\352&\324\337\230\212\265o\2035\250\303\2760\241\364^\002Z\031Z!\300\002\364\004\232\355\234\202\021\371""; networkTime: 803842897; firstSeq: 1; lastSeq: 52; ","newEvent: neCLOSING_LEDGER; ledgerSeq: 52; ledgerHash: ""_~\346\024\242\247\366\231\036\370\365\313\014\307\362i\210e\030\317\336e\256\245\026R\036\304S\352]~""; ledgerHashPrevious: ""\352&\324\337\230\212\265o\2035\250\303\2760\241\364^\002Z\031Z!\300\002\364\004\232\355\234\202\021\371""; networkTime: 803842897; firstSeq: 1; lastSeq: 52; "
1750527697640,1750527697711,0,1,4,0,TMStatusChange,"newEvent: neCLOSING_LEDGER; ledgerSeq: 52; ledgerHash: ""_~\346\024\242\247\366\231\036\370\365\313\014\307\362i\210e\030\317\336e\256\245\026R\036\304S\352]~""; ledgerHashPrevious: ""\352&\324\337\230\212\265o\2035\250\303\2760\241\364^\002Z\031Z!\300\002\364\004\232\355\234\202\021\371""; networkTime: 803842897; firstSeq: 1; lastSeq: 52; ","newEvent: neCLOSING_LEDGER; ledgerSeq: 52; ledgerHash: ""_~\346\024\242\247\366\231\036\370\365\313\014\307\362i\210e\030\317\336e\256\245\026R\036\304S\352]~""; ledgerHashPrevious: ""\352&\324\337\230\212\265o\2035\250\303\2760\241\364^\002Z\031Z!\300\002\364\004\232\355\234\202\021\371""; networkTime: 803842897; firstSeq: 1; lastSeq: 52; "
1750527697638,1750527697711,0,1,4,2,TMStatusChange,"newEvent: neCLOSING_LEDGER; ledgerSeq: 52; ledgerHash: ""_~\346\024\242\247\366\231\036\370\365\313\014\307\362i\210e\030\317\336e\256\245\026R\036\304S\352]~""; ledgerHashPrevious: ""\352&\324\337\230\212\265o\2035\250\303\2760\241\364^\002Z\031Z!\300\002\364\004\232\355\234\202\021\371""; networkTime: 803842897; firstSeq: 1; lastSeq: 52; ","newEvent: neCLOSING_LEDGER; ledgerSeq: 52; ledgerHash: ""_~\346\024\242\247\366\231\036\370\365\313\014\307\362i\210e\030\317\336e\256\245\026R\036\304S\352]~""; ledgerHashPrevious: ""\352&\324\337\230\212\265o\2035\250\303\2760\241\364^\002Z\031Z!\300\002\364\004\232\355\234\202\021\371""; networkTime: 803842897; firstSeq: 1; lastSeq: 52; "
1750527699478,1750527699478,0,1,3,4,TMValidation,"validation: """"\200\000\000\001&\000\000\0005)/\351\253S:p\210\265\307-\212\200\004Qa\353k\036W\036\333\243\313y\256\236\230\270\325\233\373\001c\343\030e+OD\224O\347\364mD\216P\027\000\000\000\000\000\000\000\000\000\000\000\000\000\000\000\000\000\000\000\000\000\000\000\000\000\000\000\000\000\000\000\000P\031_~\346\024\242\247\366\231\036\370\365\313\014\307\362i\210e\030\317\336e\256\245\026R\036\304S\352]~s!\002\364d\217\366\217|\316F\232\231\241\n\261\333`\312O\367\235\025DD\336e\367\n\312\326\221\037\025\230vF0D\002 B]a\325\252\357\243\002\237\320\316\261\372\214\0135\010k\014N\037\206\033M\241\372\036\255J\332\316U\002 W\275\300:\352<\343\0234@\361\251""\221\277\364\366\353\313:\014\256\347s\254\273 pr\324\317n""; ","validation: """"\200\000\000\001&\000\000\0005)/\351\253S:p\210\265\307-\212\200\004Qa\353k\036W\036\333\243\313y\256\236\230\270\325\233\373\001c\343\030e+OD\224O\347\364mD\216P\027\000\000\000\000\000\000\000\000\000\000\000\000\000\000\000\000\000\000\000\000\000\000\000\000\000\000\000\000\000\000\000\000P\031_~\346\024\242\247\366\231\036\370\365\313\014\307\362i\210e\030\317\336e\256\245\026R\036\304S\352]~s!\002\364d\217\366\217|\316F\232\231\241\n\261\333`\312O\367\235\025DD\336e\367\n\312\326\221\037\025\230vF0D\002 B]a\325\252\357\243\002\237\320\316\261\372\214\0135\010k\014N\037\206\033M\241\372\036\255J\332\316U\002 W\275\300:\352<\343\0234@\361\251""\221\277\364\366\353\313:\014\256\347s\254\273 pr\324\317n""; "
1750527699480,1750527699480,0,1,3,4,TMStatusChange,"newEvent: neACCEPTED_LEDGER; ledgerSeq: 53; ledgerHash: ""a\353k\036W\036\333\243\313y\256\236\230\270\325\233\373\001c\343\030e+OD\224O\347\364mD\216""; ledgerHashPrevious: ""_~\346\024\242\247\366\231\036\370\365\313\014\307\362i\210e\030\317\336e\256\245\026R\036\304S\352]~""; networkTime: 803842899; firstSeq: 1; lastSeq: 52; ","newEvent: neACCEPTED_LEDGER; ledgerSeq: 53; ledgerHash: ""a\353k\036W\036\333\243\313y\256\236\230\270\325\233\373\001c\343\030e+OD\224O\347\364mD\216""; ledgerHashPrevious: ""_~\346\024\242\247\366\231\036\370\365\313\014\307\362i\210e\030\317\336e\256\245\026R\036\304S\352]~""; networkTime: 803842899; firstSeq: 1; lastSeq: 52; "
1750527699479,1750527699479,0,1,3,0,TMValidation,"validation: """"\200\000\000\001&\000\000\0005)/\351\253S:p\210\265\307-\212\200\004Qa\353k\036W\036\333\243\313y\256\236\230\270\325\233\373\001c\343\030e+OD\224O\347\364mD\216P\027\000\000\000\000\000\000\000\000\000\000\000\000\000\000\000\000\000\000\000\000\000\000\000\000\000\000\000\000\000\000\000\000P\031_~\346\024\242\247\366\231\036\370\365\313\014\307\362i\210e\030\317\336e\256\245\026R\036\304S\352]~s!\002\364d\217\366\217|\316F\232\231\241\n\261\333`\312O\367\235\025DD\336e\367\n\312\326\221\037\025\230vF0D\002 B]a\325\252\357\243\002\237\320\316\261\372\214\0135\010k\014N\037\206\033M\241\372\036\255J\332\316U\002 W\275\300:\352<\343\0234@\361\251""\221\277\364\366\353\313:\014\256\347s\254\273 pr\324\317n""; ","validation: """"\200\000\000\001&\000\000\0005)/\351\253S:p\210\265\307-\212\200\004Qa\353k\036W\036\333\243\313y\256\236\230\270\325\233\373\001c\343\030e+OD\224O\347\364mD\216P\027\000\000\000\000\000\000\000\000\000\000\000\000\000\000\000\000\000\000\000\000\000\000\000\000\000\000\000\000\000\000\000\000P\031_~\346\024\242\247\366\231\036\370\365\313\014\307\362i\210e\030\317\336e\256\245\026R\036\304S\352]~s!\002\364d\217\366\217|\316F\232\231\241\n\261\333`\312O\367\235\025DD\336e\367\n\312\326\221\037\025\230vF0D\002 B]a\325\252\357\243\002\237\320\316\261\372\214\0135\010k\014N\037\206\033M\241\372\036\255J\332\316U\002 W\275\300:\352<\343\0234@\361\251""\221\277\364\366\353\313:\014\256\347s\254\273 pr\324\317n""; "
1750527699480,1750527699480,0,1,3,2,TMValidation,"validation: """"\200\000\000\001&\000\000\0005)/\351\253S:p\210\265\307-\212\200\004Qa\353k\036W\036\333\243\313y\256\236\230\270\325\233\373\001c\343\030e+OD\224O\347\364mD\216P\027\000\000\000\000\000\000\000\000\000\000\000\000\000\000\000\000\000\000\000\000\000\000\000\000\000\000\000\000\000\000\000\000P\031_~\346\024\242\247\366\231\036\370\365\313\014\307\362i\210e\030\317\336e\256\245\026R\036\304S\352]~s!\002\364d\217\366\217|\316F\232\231\241\n\261\333`\312O\367\235\025DD\336e\367\n\312\326\221\037\025\230vF0D\002 B]a\325\252\357\243\002\237\320\316\261\372\214\0135\010k\014N\037\206\033M\241\372\036\255J\332\316U\002 W\275\300:\352<\343\0234@\361\251""\221\277\364\366\353\313:\014\256\347s\254\273 pr\324\317n""; ","validation: """"\200\000\000\001&\000\000\0005)/\351\253S:p\210\265\307-\212\200\004Qa\353k\036W\036\333\243\313y\256\236\230\270\325\233\373\001c\343\030e+OD\224O\347\364mD\216P\027\000\000\000\000\000\000\000\000\000\000\000\000\000\000\000\000\000\000\000\000\000\000\000\000\000\000\000\000\000\000\000\000P\031_~\346\024\242\247\366\231\036\370\365\313\014\307\362i\210e\030\317\336e\256\245\026R\036\304S\352]~s!\002\364d\217\366\217|\316F\232\231\241\n\261\333`\312O\367\235\025DD\336e\367\n\312\326\221\037\025\230vF0D\002 B]a\325\252\357\243\002\237\320\316\261\372\214\0135\010k\014N\037\206\033M\241\372\036\255J\332\316U\002 W\275\300:\352<\343\0234@\361\251""\221\277\364\366\353\313:\014\256\347s\254\273 pr\324\317n""; "
1750527699481,1750527699481,0,1,3,0,TMStatusChange,"newEvent: neACCEPTED_LEDGER; ledgerSeq: 53; ledgerHash: ""a\353k\036W\036\333\243\313y\256\236\230\270\325\233\373\001c\343\030e+OD\224O\347\364mD\216""; ledgerHashPrevious: ""_~\346\024\242\247\366\231\036\370\365\313\014\307\362i\210e\030\317\336e\256\245\026R\036\304S\352]~""; networkTime: 803842899; firstSeq: 1; lastSeq: 52; ","newEvent: neACCEPTED_LEDGER; ledgerSeq: 53; ledgerHash: ""a\353k\036W\036\333\243\313y\256\236\230\270\325\233\373\001c\343\030e+OD\224O\347\364mD\216""; ledgerHashPrevious: ""_~\346\024\242\247\366\231\036\370\365\313\014\307\362i\210e\030\317\336e\256\245\026R\036\304S\352]~""; networkTime: 803842899; firstSeq: 1; lastSeq: 52; "
1750527699481,1750527699481,0,1,3,2,TMStatusChange,"newEvent: neACCEPTED_LEDGER; ledgerSeq: 53; ledgerHash: ""a\353k\036W\036\333\243\313y\256\236\230\270\325\233\373\001c\343\030e+OD\224O\347\364mD\216""; ledgerHashPrevious: ""_~\346\024\242\247\366\231\036\370\365\313\014\307\362i\210e\030\317\336e\256\245\026R\036\304S\352]~""; networkTime: 803842899; firstSeq: 1; lastSeq: 52; ","newEvent: neACCEPTED_LEDGER; ledgerSeq: 53; ledgerHash: ""a\353k\036W\036\333\243\313y\256\236\230\270\325\233\373\001c\343\030e+OD\224O\347\364mD\216""; ledgerHashPrevious: ""_~\346\024\242\247\366\231\036\370\365\313\014\307\362i\210e\030\317\336e\256\245\026R\036\304S\352]~""; networkTime: 803842899; firstSeq: 1; lastSeq: 52; "
1750527699482,1750527699482,0,1,3,1,TMValidation,"validation: """"\200\000\000\001&\000\000\0005)/\351\253S:p\210\265\307-\212\200\004Qa\353k\036W\036\333\243\313y\256\236\230\270\325\233\373\001c\343\030e+OD\224O\347\364mD\216P\027\000\000\000\000\000\000\000\000\000\000\000\000\000\000\000\000\000\000\000\000\000\000\000\000\000\000\000\000\000\000\000\000P\031_~\346\024\242\247\366\231\036\370\365\313\014\307\362i\210e\030\317\336e\256\245\026R\036\304S\352]~s!\002\364d\217\366\217|\316F\232\231\241\n\261\333`\312O\367\235\025DD\336e\367\n\312\326\221\037\025\230vF0D\002 B]a\325\252\357\243\002\237\320\316\261\372\214\0135\010k\014N\037\206\033M\241\372\036\255J\332\316U\002 W\275\300:\352<\343\0234@\361\251""\221\277\364\366\353\313:\014\256\347s\254\273 pr\324\317n""; ","validation: """"\200\000\000\001&\000\000\0005)/\351\253S:p\210\265\307-\212\200\004Qa\353k\036W\036\333\243\313y\256\236\230\270\325\233\373\001c\343\030e+OD\224O\347\364mD\216P\027\000\000\000\000\000\000\000\000\000\000\000\000\000\000\000\000\000\000\000\000\000\000\000\000\000\000\000\000\000\000\000\000P\031_~\346\024\242\247\366\231\036\370\365\313\014\307\362i\210e\030\317\336e\256\245\026R\036\304S\352]~s!\002\364d\217\366\217|\316F\232\231\241\n\261\333`\312O\367\235\025DD\336e\367\n\312\326\221\037\025\230vF0D\002 B]a\325\252\357\243\002\237\320\316\261\372\214\0135\010k\014N\037\206\033M\241\372\036\255J\332\316U\002 W\275\300:\352<\343\0234@\361\251""\221\277\364\366\353\313:\014\256\347s\254\273 pr\324\317n""; "
1750527699483,1750527699483,0,1,3,1,TMStatusChange,"newEvent: neACCEPTED_LEDGER; ledgerSeq: 53; ledgerHash: ""a\353k\036W\036\333\243\313y\256\236\230\270\325\233\373\001c\343\030e+OD\224O\347\364mD\216""; ledgerHashPrevious: ""_~\346\024\242\247\366\231\036\370\365\313\014\307\362i\210e\030\317\336e\256\245\026R\036\304S\352]~""; networkTime: 803842899; firstSeq: 1; lastSeq: 52; ","newEvent: neACCEPTED_LEDGER; ledgerSeq: 53; ledgerHash: ""a\353k\036W\036\333\243\313y\256\236\230\270\325\233\373\001c\343\030e+OD\224O\347\364mD\216""; ledgerHashPrevious: ""_~\346\024\242\247\366\231\036\370\365\313\014\307\362i\210e\030\317\336e\256\245\026R\036\304S\352]~""; networkTime: 803842899; firstSeq: 1; lastSeq: 52; "
1750527699485,1750527699485,0,1,4,2,TMValidation,"validation: """"\200\000\000\001&\000\000\0005)/\351\253S:p\210\265\307-\212\200\004Qa\353k\036W\036\333\243\313y\256\236\230\270\325\233\373\001c\343\030e+OD\224O\347\364mD\216P\027\000\000\000\000\000\000\000\000\000\000\000\000\000\000\000\000\000\000\000\000\000\000\000\000\000\000\000\000\000\000\000\000P\031_~\346\024\242\247\366\231\036\370\365\313\014\307\362i\210e\030\317\336e\256\245\026R\036\304S\352]~s!\002\364d\217\366\217|\316F\232\231\241\n\261\333`\312O\367\235\025DD\336e\367\n\312\326\221\037\025\230vF0D\002 B]a\325\252\357\243\002\237\320\316\261\372\214\0135\010k\014N\037\206\033M\241\372\036\255J\332\316U\002 W\275\300:\352<\343\0234@\361\251""\221\277\364\366\353\313:\014\256\347s\254\273 pr\324\317n""; ","validation: """"\200\000\000\001&\000\000\0005)/\351\253S:p\210\265\307-\212\200\004Qa\353k\036W\036\333\243\313y\256\236\230\270\325\233\373\001c\343\030e+OD\224O\347\364mD\216P\027\000\000\000\000\000\000\000\000\000\000\000\000\000\000\000\000\000\000\000\000\000\000\000\000\000\000\000\000\000\000\000\000P\031_~\346\024\242\247\366\231\036\370\365\313\014\307\362i\210e\030\317\336e\256\245\026R\036\304S\352]~s!\002\364d\217\366\217|\316F\232\231\241\n\261\333`\312O\367\235\025DD\336e\367\n\312\326\221\037\025\230vF0D\002 B]a\325\252\357\243\002\237\320\316\261\372\214\0135\010k\014N\037\206\033M\241\372\036\255J\332\316U\002 W\275\300:\352<\343\0234@\361\251""\221\277\364\366\353\313:\014\256\347s\254\273 pr\324\317n""; "
1750527699485,1750527699486,0,1,4,1,TMValidation,"validation: """"\200\000\000\001&\000\000\0005)/\351\253S:p\210\265\307-\212\200\004Qa\353k\036W\036\333\243\313y\256\236\230\270\325\233\373\001c\343\030e+OD\224O\347\364mD\216P\027\000\000\000\000\000\000\000\000\000\000\000\000\000\000\000\000\000\000\000\000\000\000\000\000\000\000\000\000\000\000\000\000P\031_~\346\024\242\247\366\231\036\370\365\313\014\307\362i\210e\030\317\336e\256\245\026R\036\304S\352]~s!\002\364d\217\366\217|\316F\232\231\241\n\261\333`\312O\367\235\025DD\336e\367\n\312\326\221\037\025\230vF0D\002 B]a\325\252\357\243\002\237\320\316\261\372\214\0135\010k\014N\037\206\033M\241\372\036\255J\332\316U\002 W\275\300:\352<\343\0234@\361\251""\221\277\364\366\353\313:\014\256\347s\254\273 pr\324\317n""; ","validation: """"\200\000\000\001&\000\000\0005)/\351\253S:p\210\265\307-\212\200\004Qa\353k\036W\036\333\243\313y\256\236\230\270\325\233\373\001c\343\030e+OD\224O\347\364mD\216P\027\000\000\000\000\000\000\000\000\000\000\000\000\000\000\000\000\000\000\000\000\000\000\000\000\000\000\000\000\000\000\000\000P\031_~\346\024\242\247\366\231\036\370\365\313\014\307\362i\210e\030\317\336e\256\245\026R\036\304S\352]~s!\002\364d\217\366\217|\316F\232\231\241\n\261\333`\312O\367\235\025DD\336e\367\n\312\326\221\037\025\230vF0D\002 B]a\325\252\357\243\002\237\320\316\261\372\214\0135\010k\014N\037\206\033M\241\372\036\255J\332\316U\002 W\275\300:\352<\343\0234@\361\251""\221\277\364\366\353\313:\014\256\347s\254\273 pr\324\317n""; "
1750527699486,1750527699486,0,1,4,0,TMValidation,"validation: """"\200\000\000\001&\000\000\0005)/\351\253S:p\210\265\307-\212\200\004Qa\353k\036W\036\333\243\313y\256\236\230\270\325\233\373\001c\343\030e+OD\224O\347\364mD\216P\027\000\000\000\000\000\000\000\000\000\000\000\000\000\000\000\000\000\000\000\000\000\000\000\000\000\000\000\000\000\000\000\000P\031_~\346\024\242\247\366\231\036\370\365\313\014\307\362i\210e\030\317\336e\256\245\026R\036\304S\352]~s!\002\364d\217\366\217|\316F\232\231\241\n\261\333`\312O\367\235\025DD\336e\367\n\312\326\221\037\025\230vF0D\002 B]a\325\252\357\243\002\237\320\316\261\372\214\0135\010k\014N\037\206\033M\241\372\036\255J\332\316U\002 W\275\300:\352<\343\0234@\361\251""\221\277\364\366\353\313:\014\256\347s\254\273 pr\324\317n""; ","validation: """"\200\000\000\001&\000\000\0005)/\351\253S:p\210\265\307-\212\200\004Qa\353k\036W\036\333\243\313y\256\236\230\270\325\233\373\001c\343\030e+OD\224O\347\364mD\216P\027\000\000\000\000\000\000\000\000\000\000\000\000\000\000\000\000\000\000\000\000\000\000\000\000\000\000\000\000\000\000\000\000P\031_~\346\024\242\247\366\231\036\370\365\313\014\307\362i\210e\030\317\336e\256\245\026R\036\304S\352]~s!\002\364d\217\366\217|\316F\232\231\241\n\261\333`\312O\367\235\025DD\336e\367\n\312\326\221\037\025\230vF0D\002 B]a\325\252\357\243\002\237\320\316\261\372\214\0135\010k\014N\037\206\033M\241\372\036\255J\332\316U\002 W\275\300:\352<\343\0234@\361\251""\221\277\364\366\353\313:\014\256\347s\254\273 pr\324\317n""; "
1750527699487,1750527699487,0,1,4,2,TMGetLedger,"itype: liBASE; ledgerHash: ""a\353k\036W\036\333\243\313y\256\236\230\270\325\233\373\001c\343\030e+OD\224O\347\364mD\216""; ","itype: liBASE; ledgerHash: ""a\353k\036W\036\333\243\313y\256\236\230\270\325\233\373\001c\343\030e+OD\224O\347\364mD\216""; "
1750527699488,1750527699488,0,1,4,3,TMGetLedger,"itype: liBASE; ledgerHash: ""a\353k\036W\036\333\243\313y\256\236\230\270\325\233\373\001c\343\030e+OD\224O\347\364mD\216""; ","itype: liBASE; ledgerHash: ""a\353k\036W\036\333\243\313y\256\236\230\270\325\233\373\001c\343\030e+OD\224O\347\364mD\216""; "
1750527699488,1750527699488,0,1,4,1,TMGetLedger,"itype: liBASE; ledgerHash: ""a\353k\036W\036\333\243\313y\256\236\230\270\325\233\373\001c\343\030e+OD\224O\347\364mD\216""; ","itype: liBASE; ledgerHash: ""a\353k\036W\036\333\243\313y\256\236\230\270\325\233\373\001c\343\030e+OD\224O\347\364mD\216""; "
1750527699489,1750527699489,0,1,4,0,TMGetLedger,"itype: liBASE; ledgerHash: ""a\353k\036W\036\333\243\313y\256\236\230\270\325\233\373\001c\343\030e+OD\224O\347\364mD\216""; queryType: qtINDIRECT; ","itype: liBASE; ledgerHash: ""a\353k\036W\036\333\243\313y\256\236\230\270\325\233\373\001c\343\030e+OD\224O\347\364mD\216""; queryType: qtINDIRECT; "
1750527699489,1750527699489,0,1,4,0,TMGetLedger,"itype: liBASE; ledgerHash: ""a\353k\036W\036\333\243\313y\256\236\230\270\325\233\373\001c\343\030e+OD\224O\347\364mD\216""; ","itype: liBASE; ledgerHash: ""a\353k\036W\036\333\243\313y\256\236\230\270\325\233\373\001c\343\030e+OD\224O\347\364mD\216""; "
1750527699490,1750527699490,0,1,4,1,TMGetLedger,"itype: liBASE; ledgerHash: ""a\353k\036W\036\333\243\313y\256\236\230\270\325\233\373\001c\343\030e+OD\224O\347\364mD\216""; queryType: qtINDIRECT; ","itype: liBASE; ledgerHash: ""a\353k\036W\036\333\243\313y\256\236\230\270\325\233\373\001c\343\030e+OD\224O\347\364mD\216""; queryType: qtINDIRECT; "
1750527699490,1750527699490,0,1,4,3,TMGetLedger,"itype: liBASE; ledgerHash: ""a\353k\036W\036\333\243\313y\256\236\230\270\325\233\373\001c\343\030e+OD\224O\347\364mD\216""; queryType: qtINDIRECT; ","itype: liBASE; ledgerHash: ""a\353k\036W\036\333\243\313y\256\236\230\270\325\233\373\001c\343\030e+OD\224O\347\364mD\216""; queryType: qtINDIRECT; "
1750527699491,1750527699491,0,1,4,2,TMGetLedger,"itype: liBASE; ledgerHash: ""a\353k\036W\036\333\243\313y\256\236\230\270\325\233\373\001c\343\030e+OD\224O\347\364mD\216""; queryType: qtINDIRECT; ","itype: liBASE; ledgerHash: ""a\353k\036W\036\333\243\313y\256\236\230\270\325\233\373\001c\343\030e+OD\224O\347\364mD\216""; queryType: qtINDIRECT; "
1750527699492,1750527699492,0,1,0,3,TMGetLedger,"itype: liBASE; ledgerHash: ""a\353k\036W\036\333\243\313y\256\236\230\270\325\233\373\001c\343\030e+OD\224O\347\364mD\216""; ledgerSeq: 53; ","itype: liBASE; ledgerHash: ""a\353k\036W\036\333\243\313y\256\236\230\270\325\233\373\001c\343\030e+OD\224O\347\364mD\216""; ledgerSeq: 53; "
1750527699494,1750527699494,0,1,0,2,TMGetLedger,"itype: liBASE; ledgerHash: ""a\353k\036W\036\333\243\313y\256\236\230\270\325\233\373\001c\343\030e+OD\224O\347\364mD\216""; ledgerSeq: 53; ","itype: liBASE; ledgerHash: ""a\353k\036W\036\333\243\313y\256\236\230\270\325\233\373\001c\343\030e+OD\224O\347\364mD\216""; ledgerSeq: 53; "
1750527699494,1750527699495,0,1,0,1,TMGetLedger,"itype: liBASE; ledgerHash: ""a\353k\036W\036\333\243\313y\256\236\230\270\325\233\373\001c\343\030e+OD\224O\347\364mD\216""; ledgerSeq: 53; ","itype: liBASE; ledgerHash: ""a\353k\036W\036\333\243\313y\256\236\230\270\325\233\373\001c\343\030e+OD\224O\347\364mD\216""; ledgerSeq: 53; "
1750527699496,1750527699496,0,1,0,4,TMGetLedger,"itype: liBASE; ledgerHash: ""a\353k\036W\036\333\243\313y\256\236\230\270\325\233\373\001c\343\030e+OD\224O\347\364mD\216""; ledgerSeq: 53; ","itype: liBASE; ledgerHash: ""a\353k\036W\036\333\243\313y\256\236\230\270\325\233\373\001c\343\030e+OD\224O\347\364mD\216""; ledgerSeq: 53; "
1750527699496,1750527699496,0,1,0,3,TMGetLedger,"itype: liBASE; ledgerHash: ""a\353k\036W\036\333\243\313y\256\236\230\270\325\233\373\001c\343\030e+OD\224O\347\364mD\216""; ledgerSeq: 53; queryType: qtINDIRECT; ","itype: liBASE; ledgerHash: ""a\353k\036W\036\333\243\313y\256\236\230\270\325\233\373\001c\343\030e+OD\224O\347\364mD\216""; ledgerSeq: 53; queryType: qtINDIRECT; "
1750527699496,1750527699496,0,1,2,4,TMGetLedger,"itype: liBASE; ledgerHash: ""a\353k\036W\036\333\243\313y\256\236\230\270\325\233\373\001c\343\030e+OD\224O\347\364mD\216""; ledgerSeq: 53; ","itype: liBASE; ledgerHash: ""a\353k\036W\036\333\243\313y\256\236\230\270\325\233\373\001c\343\030e+OD\224O\347\364mD\216""; ledgerSeq: 53; "
1750527699497,1750527699497,0,1,2,1,TMGetLedger,"itype: liBASE; ledgerHash: ""a\353k\036W\036\333\243\313y\256\236\230\270\325\233\373\001c\343\030e+OD\224O\347\364mD\216""; ledgerSeq: 53; ","itype: liBASE; ledgerHash: ""a\353k\036W\036\333\243\313y\256\236\230\270\325\233\373\001c\343\030e+OD\224O\347\364mD\216""; ledgerSeq: 53; "
1750527699497,1750527699497,0,1,2,0,TMGetLedger,"itype: liBASE; ledgerHash: ""a\353k\036W\036\333\243\313y\256\236\230\270\325\233\373\001c\343\030e+OD\224O\347\364mD\216""; ledgerSeq: 53; ","itype: liBASE; ledgerHash: ""a\353k\036W\036\333\243\313y\256\236\230\270\325\233\373\001c\343\030e+OD\224O\347\364mD\216""; ledgerSeq: 53; "
1750527699498,1750527699498,0,1,2,3,TMGetLedger,"itype: liBASE; ledgerHash: ""a\353k\036W\036\333\243\313y\256\236\230\270\325\233\373\001c\343\030e+OD\224O\347\364mD\216""; ledgerSeq: 53; ","itype: liBASE; ledgerHash: ""a\353k\036W\036\333\243\313y\256\236\230\270\325\233\373\001c\343\030e+OD\224O\347\364mD\216""; ledgerSeq: 53; "
1750527699498,1750527699498,0,1,2,3,TMGetLedger,"itype: liBASE; ledgerHash: ""a\353k\036W\036\333\243\313y\256\236\230\270\325\233\373\001c\343\030e+OD\224O\347\364mD\216""; ledgerSeq: 53; queryType: qtINDIRECT; ","itype: liBASE; ledgerHash: ""a\353k\036W\036\333\243\313y\256\236\230\270\325\233\373\001c\343\030e+OD\224O\347\364mD\216""; ledgerSeq: 53; queryType: qtINDIRECT; "
1750527699499,1750527699499,0,1,1,0,TMGetLedger,"itype: liBASE; ledgerHash: ""a\353k\036W\036\333\243\313y\256\236\230\270\325\233\373\001c\343\030e+OD\224O\347\364mD\216""; ledgerSeq: 53; ","itype: liBASE; ledgerHash: ""a\353k\036W\036\333\243\313y\256\236\230\270\325\233\373\001c\343\030e+OD\224O\347\364mD\216""; ledgerSeq: 53; "
1750527699500,1750527699500,0,1,1,4,TMGetLedger,"itype: liBASE; ledgerHash: ""a\353k\036W\036\333\243\313y\256\236\230\270\325\233\373\001c\343\030e+OD\224O\347\364mD\216""; ledgerSeq: 53; ","itype: liBASE; ledgerHash: ""a\353k\036W\036\333\243\313y\256\236\230\270\325\233\373\001c\343\030e+OD\224O\347\364mD\216""; ledgerSeq: 53; "
1750527699500,1750527699500,0,1,1,3,TMGetLedger,"itype: liBASE; ledgerHash: ""a\353k\036W\036\333\243\313y\256\236\230\270\325\233\373\001c\343\030e+OD\224O\347\364mD\216""; ledgerSeq: 53; ","itype: liBASE; ledgerHash: ""a\353k\036W\036\333\243\313y\256\236\230\270\325\233\373\001c\343\030e+OD\224O\347\364mD\216""; ledgerSeq: 53; "
1750527699501,1750527699501,0,1,1,2,TMGetLedger,"itype: liBASE; ledgerHash: ""a\353k\036W\036\333\243\313y\256\236\230\270\325\233\373\001c\343\030e+OD\224O\347\364mD\216""; ledgerSeq: 53; ","itype: liBASE; ledgerHash: ""a\353k\036W\036\333\243\313y\256\236\230\270\325\233\373\001c\343\030e+OD\224O\347\364mD\216""; ledgerSeq: 53; "
1750527699502,1750527699502,0,1,2,4,TMGetLedger,"itype: liBASE; ledgerHash: ""a\353k\036W\036\333\243\313y\256\236\230\270\325\233\373\001c\343\030e+OD\224O\347\364mD\216""; ledgerSeq: 53; queryType: qtINDIRECT; ","itype: liBASE; ledgerHash: ""a\353k\036W\036\333\243\313y\256\236\230\270\325\233\373\001c\343\030e+OD\224O\347\364mD\216""; ledgerSeq: 53; queryType: qtINDIRECT; "
1750527699502,1750527699502,0,1,1,3,TMGetLedger,"itype: liBASE; ledgerHash: ""a\353k\036W\036\333\243\313y\256\236\230\270\325\233\373\001c\343\030e+OD\224O\347\364mD\216""; ledgerSeq: 53; queryType: qtINDIRECT; ","itype: liBASE; ledgerHash: ""a\353k\036W\036\333\243\313y\256\236\230\270\325\233\373\001c\343\030e+OD\224O\347\364mD\216""; ledgerSeq: 53; queryType: qtINDIRECT; "
1750527699503,1750527699503,0,1,2,4,TMValidation,"validation: """"\200\000\000\001&\000\000\0005)/\351\253S:p\210\265\307-\212\200\004Qa\353k\036W\036\333\243\313y\256\236\230\270\325\233\373\001c\343\030e+OD\224O\347\364mD\216P\027\000\000\000\000\000\000\000\000\000\000\000\000\000\000\000\000\000\000\000\000\000\000\000\000\000\000\000\000\000\000\000\000P\031_~\346\024\242\247\366\231\036\370\365\313\014\307\362i\210e\030\317\336e\256\245\026R\036\304S\352]~s!\002\364d\217\366\217|\316F\232\231\241\n\261\333`\312O\367\235\025DD\336e\367\n\312\326\221\037\025\230vF0D\002 B]a\325\252\357\243\002\237\320\316\261\372\214\0135\010k\014N\037\206\033M\241\372\036\255J\332\316U\002 W\275\300:\352<\343\0234@\361\251""\221\277\364\366\353\313:\014\256\347s\254\273 pr\324\317n""; ","validation: """"\200\000\000\001&\000\000\0005)/\351\253S:p\210\265\307-\212\200\004Qa\353k\036W\036\333\243\313y\256\236\230\270\325\233\373\001c\343\030e+OD\224O\347\364mD\216P\027\000\000\000\000\000\000\000\000\000\000\000\000\000\000\000\000\000\000\000\000\000\000\000\000\000\000\000\000\000\000\000\000P\031_~\346\024\242\247\366\231\036\370\365\313\014\307\362i\210e\030\317\336e\256\245\026R\036\304S\352]~s!\002\364d\217\366\217|\316F\232\231\241\n\261\333`\312O\367\235\025DD\336e\367\n\312\326\221\037\025\230vF0D\002 B]a\325\252\357\243\002\237\320\316\261\372\214\0135\010k\014N\037\206\033M\241\372\036\255J\332\316U\002 W\275\300:\352<\343\0234@\361\251""\221\277\364\366\353\313:\014\256\347s\254\273 pr\324\317n""; "
1750527699503,1750527699503,0,1,1,4,TMGetLedger,"itype: liBASE; ledgerHash: ""a\353k\036W\036\333\243\313y\256\236\230\270\325\233\373\001c\343\030e+OD\224O\347\364mD\216""; ledgerSeq: 53; queryType: qtINDIRECT; ","itype: liBASE; ledgerHash: ""a\353k\036W\036\333\243\313y\256\236\230\270\325\233\373\001c\343\030e+OD\224O\347\364mD\216""; ledgerSeq: 53; queryType: qtINDIRECT; "
1750527699504,1750527699504,0,1,1,4,TMValidation,"validation: """"\200\000\000\001&\000\000\0005)/\351\253S:p\210\265\307-\212\200\004Qa\353k\036W\036\333\243\313y\256\236\230\270\325\233\373\001c\343\030e+OD\224O\347\364mD\216P\027\000\000\000\000\000\000\000\000\000\000\000\000\000\000\000\000\000\000\000\000\000\000\000\000\000\000\000\000\000\000\000\000P\031_~\346\024\242\247\366\231\036\370\365\313\014\307\362i\210e\030\317\336e\256\245\026R\036\304S\352]~s!\002\364d\217\366\217|\316F\232\231\241\n\261\333`\312O\367\235\025DD\336e\367\n\312\326\221\037\025\230vF0D\002 B]a\325\252\357\243\002\237\320\316\261\372\214\0135\010k\014N\037\206\033M\241\372\036\255J\332\316U\002 W\275\300:\352<\343\0234@\361\251""\221\277\364\366\353\313:\014\256\347s\254\273 pr\324\317n""; ","validation: """"\200\000\000\001&\000\000\0005)/\351\253S:p\210\265\307-\212\200\004Qa\353k\036W\036\333\243\313y\256\236\230\270\325\233\373\001c\343\030e+OD\224O\347\364mD\216P\027\000\000\000\000\000\000\000\000\000\000\000\000\000\000\000\000\000\000\000\000\000\000\000\000\000\000\000\000\000\000\000\000P\031_~\346\024\242\247\366\231\036\370\365\313\014\307\362i\210e\030\317\336e\256\245\026R\036\304S\352]~s!\002\364d\217\366\217|\316F\232\231\241\n\261\333`\312O\367\235\025DD\336e\367\n\312\326\221\037\025\230vF0D\002 B]a\325\252\357\243\002\237\320\316\261\372\214\0135\010k\014N\037\206\033M\241\372\036\255J\332\316U\002 W\275\300:\352<\343\0234@\361\251""\221\277\364\366\353\313:\014\256\347s\254\273 pr\324\317n""; "
1750527699505,1750527699505,0,1,0,4,TMValidation,"validation: """"\200\000\000\001&\000\000\0005)/\351\253S:p\210\265\307-\212\200\004Qa\353k\036W\036\333\243\313y\256\236\230\270\325\233\373\001c\343\030e+OD\224O\347\364mD\216P\027\000\000\000\000\000\000\000\000\000\000\000\000\000\000\000\000\000\000\000\000\000\000\000\000\000\000\000\000\000\000\000\000P\031_~\346\024\242\247\366\231\036\370\365\313\014\307\362i\210e\030\317\336e\256\245\026R\036\304S\352]~s!\002\364d\217\366\217|\316F\232\231\241\n\261\333`\312O\367\235\025DD\336e\367\n\312\326\221\037\025\230vF0D\002 B]a\325\252\357\243\002\237\320\316\261\372\214\0135\010k\014N\037\206\033M\241\372\036\255J\332\316U\002 W\275\300:\352<\343\0234@\361\251""\221\277\364\366\353\313:\014\256\347s\254\273 pr\324\317n""; ","validation: """"\200\000\000\001&\000\000\0005)/\351\253S:p\210\265\307-\212\200\004Qa\353k\036W\036\333\243\313y\256\236\230\270\325\233\373\001c\343\030e+OD\224O\347\364mD\216P\027\000\000\000\000\000\000\000\000\000\000\000\000\000\000\000\000\000\000\000\000\000\000\000\000\000\000\000\000\000\000\000\000P\031_~\346\024\242\247\366\231\036\370\365\313\014\307\362i\210e\030\317\336e\256\245\026R\036\304S\352]~s!\002\364d\217\366\217|\316F\232\231\241\n\261\333`\312O\367\235\025DD\336e\367\n\312\326\221\037\025\230vF0D\002 B]a\325\252\357\243\002\237\320\316\261\372\214\0135\010k\014N\037\206\033M\241\372\036\255J\332\316U\002 W\275\300:\352<\343\0234@\361\251""\221\277\364\366\353\313:\014\256\347s\254\273 pr\324\317n""; "
1750527699506,1750527699506,0,1,0,4,TMGetLedger,"itype: liBASE; ledgerHash: ""a\353k\036W\036\333\243\313y\256\236\230\270\325\233\373\001c\343\030e+OD\224O\347\364mD\216""; ledgerSeq: 53; queryType: qtINDIRECT; ","itype: liBASE; ledgerHash: ""a\353k\036W\036\333\243\313y\256\236\230\270\325\233\373\001c\343\030e+OD\224O\347\364mD\216""; ledgerSeq: 53; queryType: qtINDIRECT; "
1750527699506,1750527699506,0,1,3,4,TMLedgerData,"ledgerHash: ""a\353k\036W\036\333\243\313y\256\236\230\270\325\233\373\001c\343\030e+OD\224O\347\364mD\216""; ledgerSeq: 53; type: liBASE; nodes {;   nodedata: ""\000\000\0005\001cEx]\211\377\330_~\346\024\242\247\366\231\036\370\365\313\014\307\362i\210e\030\317\336e\256\245\026R\036\304S\352]~\000\000\000\000\000\000\000\000\000\000\000\000\000\000\000\000\000\000\000\000\000\000\000\000\000\000\000\000\000\000\000\000)\370\307B!i\274DheH\363\274\027\353\272.*-\256\234\334\317\200(t\354}\357V|u/\351\253M/\351\253T\n\000""; }; nodes {;   nodedata: ""\323C\344\327\264{\312-\017:\006{\177\344N\002\326bO\260\220\006\033\362\345\005U\221DzJ0\001\301\025%1L\307\t\261\262z\374\222T\301\274V\236\223\262\270Ct\362\337b\356\024*\324\320\351\317\002k\336\234\027v\351\217\260\303\360\233ZPZWr\246$w\313\313\r\243r\232\2234\373\3539:N\004Q\245\272D\312D\300\300\t\323\0257\345e\271\na\215{\226\255x%T\257\037\333\004\344_/R\006E\344\037@\210\363\010\336T\226\247'\204_{\261\370""1\235\2445\343\033Y!\212\201\341\272\225'\007\224\322\202\232{[\264X\3416\265\263o\2015\2657\010:\022\362\216D!@\315O\277A\341O?\013\003""; }; ","ledgerHash: ""a\353k\036W\036\333\243\313y\256\236\230\270\325\233\373\001c\343\030e+OD\224O\347\364mD\216""; ledgerSeq: 53; type: liBASE; nodes {;   nodedata: ""\000\000\0005\001cEx]\211\377\330_~\346\024\242\247\366\231\036\370\365\313\014\307\362i\210e\030\317\336e\256\245\026R\036\304S\352]~\000\000\000\000\000\000\000\000\000\000\000\000\000\000\000\000\000\000\000\000\000\000\000\000\000\000\000\000\000\000\000\000)\370\307B!i\274DheH\363\274\027\353\272.*-\256\234\334\317\200(t\354}\357V|u/\351\253M/\351\253T\n\000""; }; nodes {;   nodedata: ""\323C\344\327\264{\312-\017:\006{\177\344N\002\326bO\260\220\006\033\362\345\005U\221DzJ0\001\301\025%1L\307\t\261\262z\374\222T\301\274V\236\223\262\270Ct\362\337b\356\024*\324\320\351\317\002k\336\234\027v\351\217\260\303\360\233ZPZWr\246$w\313\313\r\243r\232\2234\373\3539:N\004Q\245\272D\312D\300\300\t\323\0257\345e\271\na\215{\226\255x%T\257\037\333\004\344_/R\006E\344\037@\210\363\010\336T\226\247'\204_{\261\370""1\235\2445\343\033Y!\212\201\341\272\225'\007\224\322\202\232{[\264X\3416\265\263o\2015\2657\010:\022\362\216D!@\315O\277A\341O?\013\003""; }; "
1750527699507,1750527699507,0,1,3,4,TMLedgerData,"ledgerHash: ""a\353k\036W\036\333\243\313y\256\236\230\270\325\233\373\001c\343\030e+OD\224O\347\364mD\216""; ledgerSeq: 53; type: liBASE; nodes {;   nodedata: ""\000\000\0005\001cEx]\211\377\330_~\346\024\242\247\366\231\036\370\365\313\014\307\362i\210e\030\317\336e\256\245\026R\036\304S\352]~\000\000\000\000\000\000\000\000\000\000\000\000\000\000\000\000\000\000\000\000\000\000\000\000\000\000\000\000\000\000\000\000)\370\307B!i\274DheH\363\274\027\353\272.*-\256\234\334\317\200(t\354}\357V|u/\351\253M/\351\253T\n\000""; }; nodes {;   nodedata: ""\323C\344\327\264{\312-\017:\006{\177\344N\002\326bO\260\220\006\033\362\345\005U\221DzJ0\001\301\025%1L\307\t\261\262z\374\222T\301\274V\236\223\262\270Ct\362\337b\356\024*\324\320\351\317\002k\336\234\027v\351\217\260\303\360\233ZPZWr\246$w\313\313\r\243r\232\2234\373\3539:N\004Q\245\272D\312D\300\300\t\323\0257\345e\271\na\215{\226\255x%T\257\037\333\004\344_/R\006E\344\037@\210\363\010\336T\226\247'\204_{\261\370""1\235\2445\343\033Y!\212\201\341\272\225'\007\224\322\202\232{[\264X\3416\265\263o\2015\2657\010:\022\362\216D!@\315O\277A\341O?\013\003""; }; ","ledgerHash: ""a\353k\036W\036\333\243\313y\256\236\230\270\325\233\373\001c\343\030e+OD\224O\347\364mD\216""; ledgerSeq: 53; type: liBASE; nodes {;   nodedata: ""\000\000\0005\001cEx]\211\377\330_~\346\024\242\247\366\231\036\370\365\313\014\307\362i\210e\030\317\336e\256\245\026R\036\304S\352]~\000\000\000\000\000\000\000\000\000\000\000\000\000\000\000\000\000\000\000\000\000\000\000\000\000\000\000\000\000\000\000\000)\370\307B!i\274DheH\363\274\027\353\272.*-\256\234\334\317\200(t\354}\357V|u/\351\253M/\351\253T\n\000""; }; nodes {;   nodedata: ""\323C\344\327\264{\312-\017:\006{\177\344N\002\326bO\260\220\006\033\362\345\005U\221DzJ0\001\301\025%1L\307\t\261\262z\374\222T\301\274V\236\223\262\270Ct\362\337b\356\024*\324\320\351\317\002k\336\234\027v\351\217\260\303\360\233ZPZWr\246$w\313\313\r\243r\232\2234\373\3539:N\004Q\245\272D\312D\300\300\t\323\0257\345e\271\na\215{\226\255x%T\257\037\333\004\344_/R\006E\344\037@\210\363\010\336T\226\247'\204_{\261\370""1\235\2445\343\033Y!\212\201\341\272\225'\007\224\322\202\232{[\264X\3416\265\263o\2015\2657\010:\022\362\216D!@\315O\277A\341O?\013\003""; }; "
1750527699507,1750527699508,0,1,3,0,TMLedgerData,"ledgerHash: ""a\353k\036W\036\333\243\313y\256\236\230\270\325\233\373\001c\343\030e+OD\224O\347\364mD\216""; ledgerSeq: 53; type: liBASE; nodes {;   nodedata: ""\000\000\0005\001cEx]\211\377\330_~\346\024\242\247\366\231\036\370\365\313\014\307\362i\210e\030\317\336e\256\245\026R\036\304S\352]~\000\000\000\000\000\000\000\000\000\000\000\000\000\000\000\000\000\000\000\000\000\000\000\000\000\000\000\000\000\000\000\000)\370\307B!i\274DheH\363\274\027\353\272.*-\256\234\334\317\200(t\354}\357V|u/\351\253M/\351\253T\n\000""; }; nodes {;   nodedata: ""\323C\344\327\264{\312-\017:\006{\177\344N\002\326bO\260\220\006\033\362\345\005U\221DzJ0\001\301\025%1L\307\t\261\262z\374\222T\301\274V\236\223\262\270Ct\362\337b\356\024*\324\320\351\317\002k\336\234\027v\351\217\260\303\360\233ZPZWr\246$w\313\313\r\243r\232\2234\373\3539:N\004Q\245\272D\312D\300\300\t\323\0257\345e\271\na\215{\226\255x%T\257\037\333\004\344_/R\006E\344\037@\210\363\010\336T\226\247'\204_{\261\370""1\235\2445\343\033Y!\212\201\341\272\225'\007\224\322\202\232{[\264X\3416\265\263o\2015\2657\010:\022\362\216D!@\315O\277A\341O?\013\003""; }; ","ledgerHash: ""a\353k\036W\036\333\243\313y\256\236\230\270\325\233\373\001c\343\030e+OD\224O\347\364mD\216""; ledgerSeq: 53; type: liBASE; nodes {;   nodedata: ""\000\000\0005\001cEx]\211\377\330_~\346\024\242\247\366\231\036\370\365\313\014\307\362i\210e\030\317\336e\256\245\026R\036\304S\352]~\000\000\000\000\000\000\000\000\000\000\000\000\000\000\000\000\000\000\000\000\000\000\000\000\000\000\000\000\000\000\000\000)\370\307B!i\274DheH\363\274\027\353\272.*-\256\234\334\317\200(t\354}\357V|u/\351\253M/\351\253T\n\000""; }; nodes {;   nodedata: ""\323C\344\327\264{\312-\017:\006{\177\344N\002\326bO\260\220\006\033\362\345\005U\221DzJ0\001\301\025%1L\307\t\261\262z\374\222T\301\274V\236\223\262\270Ct\362\337b\356\024*\324\320\351\317\002k\336\234\027v\351\217\260\303\360\233ZPZWr\246$w\313\313\r\243r\232\2234\373\3539:N\004Q\245\272D\312D\300\300\t\323\0257\345e\271\na\215{\226\255x%T\257\037\333\004\344_/R\006E\344\037@\210\363\010\336T\226\247'\204_{\261\370""1\235\2445\343\033Y!\212\201\341\272\225'\007\224\322\202\232{[\264X\3416\265\263o\2015\2657\010:\022\362\216D!@\315O\277A\341O?\013\003""; }; "
1750527699508,1750527699508,0,1,2,0,TMGetLedger,"itype: liBASE; ledgerHash: ""a\353k\036W\036\333\243\313y\256\236\230\270\325\233\373\001c\343\030e+OD\224O\347\364mD\216""; ledgerSeq: 53; queryType: qtINDIRECT; ","itype: liBASE; ledgerHash: ""a\353k\036W\036\333\243\313y\256\236\230\270\325\233\373\001c\343\030e+OD\224O\347\364mD\216""; ledgerSeq: 53; queryType: qtINDIRECT; "
1750527699509,1750527699509,0,1,2,0,TMValidation,"validation: """"\200\000\000\001&\000\000\0005)/\351\253S:p\210\265\307-\212\200\004Qa\353k\036W\036\333\243\313y\256\236\230\270\325\233\373\001c\343\030e+OD\224O\347\364mD\216P\027\000\000\000\000\000\000\000\000\000\000\000\000\000\000\000\000\000\000\000\000\000\000\000\000\000\000\000\000\000\000\000\000P\031_~\346\024\242\247\366\231\036\370\365\313\014\307\362i\210e\030\317\336e\256\245\026R\036\304S\352]~s!\002\364d\217\366\217|\316F\232\231\241\n\261\333`\312O\367\235\025DD\336e\367\n\312\326\221\037\025\230vF0D\002 B]a\325\252\357\243\002\237\320\316\261\372\214\0135\010k\014N\037\206\033M\241\372\036\255J\332\316U\002 W\275\300:\352<\343\0234@\361\251""\221\277\364\366\353\313:\014\256\347s\254\273 pr\324\317n""; ","validation: """"\200\000\000\001&\000\000\0005)/\351\253S:p\210\265\307-\212\200\004Qa\353k\036W\036\333\243\313y\256\236\230\270\325\233\373\001c\343\030e+OD\224O\347\364mD\216P\027\000\000\000\000\000\000\000\000\000\000\000\000\000\000\000\000\000\000\000\000\000\000\000\000\000\000\000\000\000\000\000\000P\031_~\346\024\242\247\366\231\036\370\365\313\014\307\362i\210e\030\317\336e\256\245\026R\036\304S\352]~s!\002\364d\217\366\217|\316F\232\231\241\n\261\333`\312O\367\235\025DD\336e\367\n\312\326\221\037\025\230vF0D\002 B]a\325\252\357\243\002\237\320\316\261\372\214\0135\010k\014N\037\206\033M\241\372\036\255J\332\316U\002 W\275\300:\352<\343\0234@\361\251""\221\277\364\366\353\313:\014\256\347s\254\273 pr\324\317n""; "
1750527699509,1750527699509,0,1,1,0,TMValidation,"validation: """"\200\000\000\001&\000\000\0005)/\351\253S:p\210\265\307-\212\200\004Qa\353k\036W\036\333\243\313y\256\236\230\270\325\233\373\001c\343\030e+OD\224O\347\364mD\216P\027\000\000\000\000\000\000\000\000\000\000\000\000\000\000\000\000\000\000\000\000\000\000\000\000\000\000\000\000\000\000\000\000P\031_~\346\024\242\247\366\231\036\370\365\313\014\307\362i\210e\030\317\336e\256\245\026R\036\304S\352]~s!\002\364d\217\366\217|\316F\232\231\241\n\261\333`\312O\367\235\025DD\336e\367\n\312\326\221\037\025\230vF0D\002 B]a\325\252\357\243\002\237\320\316\261\372\214\0135\010k\014N\037\206\033M\241\372\036\255J\332\316U\002 W\275\300:\352<\343\0234@\361\251""\221\277\364\366\353\313:\014\256\347s\254\273 pr\324\317n""; ","validation: """"\200\000\000\001&\000\000\0005)/\351\253S:p\210\265\307-\212\200\004Qa\353k\036W\036\333\243\313y\256\236\230\270\325\233\373\001c\343\030e+OD\224O\347\364mD\216P\027\000\000\000\000\000\000\000\000\000\000\000\000\000\000\000\000\000\000\000\000\000\000\000\000\000\000\000\000\000\000\000\000P\031_~\346\024\242\247\366\231\036\370\365\313\014\307\362i\210e\030\317\336e\256\245\026R\036\304S\352]~s!\002\364d\217\366\217|\316F\232\231\241\n\261\333`\312O\367\235\025DD\336e\367\n\312\326\221\037\025\230vF0D\002 B]a\325\252\357\243\002\237\320\316\261\372\214\0135\010k\014N\037\206\033M\241\372\036\255J\332\316U\002 W\275\300:\352<\343\0234@\361\251""\221\277\364\366\353\313:\014\256\347s\254\273 pr\324\317n""; "
1750527699510,1750527699510,0,1,1,0,TMGetLedger,"itype: liBASE; ledgerHash: ""a\353k\036W\036\333\243\313y\256\236\230\270\325\233\373\001c\343\030e+OD\224O\347\364mD\216""; ledgerSeq: 53; queryType: qtINDIRECT; ","itype: liBASE; ledgerHash: ""a\353k\036W\036\333\243\313y\256\236\230\270\325\233\373\001c\343\030e+OD\224O\347\364mD\216""; ledgerSeq: 53; queryType: qtINDIRECT; "
1750527699511,1750527699511,0,1,3,0,TMLedgerData,"ledgerHash: ""a\353k\036W\036\333\243\313y\256\236\230\270\325\233\373\001c\343\030e+OD\224O\347\364mD\216""; ledgerSeq: 53; type: liBASE; nodes {;   nodedata: ""\000\000\0005\001cEx]\211\377\330_~\346\024\242\247\366\231\036\370\365\313\014\307\362i\210e\030\317\336e\256\245\026R\036\304S\352]~\000\000\000\000\000\000\000\000\000\000\000\000\000\000\000\000\000\000\000\000\000\000\000\000\000\000\000\000\000\000\000\000)\370\307B!i\274DheH\363\274\027\353\272.*-\256\234\334\317\200(t\354}\357V|u/\351\253M/\351\253T\n\000""; }; nodes {;   nodedata: ""\323C\344\327\264{\312-\017:\006{\177\344N\002\326bO\260\220\006\033\362\345\005U\221DzJ0\001\301\025%1L\307\t\261\262z\374\222T\301\274V\236\223\262\270Ct\362\337b\356\024*\324\320\351\317\002k\336\234\027v\351\217\260\303\360\233ZPZWr\246$w\313\313\r\243r\232\2234\373\3539:N\004Q\245\272D\312D\300\300\t\323\0257\345e\271\na\215{\226\255x%T\257\037\333\004\344_/R\006E\344\037@\210\363\010\336T\226\247'\204_{\261\370""1\235\2445\343\033Y!\212\201\341\272\225'\007\224\322\202\232{[\264X\3416\265\263o\2015\2657\010:\022\362\216D!@\315O\277A\341O?\013\003""; }; ","ledgerHash: ""a\353k\036W\036\333\243\313y\256\236\230\270\325\233\373\001c\343\030e+OD\224O\347\364mD\216""; ledgerSeq: 53; type: liBASE; nodes {;   nodedata: ""\000\000\0005\001cEx]\211\377\330_~\346\024\242\247\366\231\036\370\365\313\014\307\362i\210e\030\317\336e\256\245\026R\036\304S\352]~\000\000\000\000\000\000\000\000\000\000\000\000\000\000\000\000\000\000\000\000\000\000\000\000\000\000\000\000\000\000\000\000)\370\307B!i\274DheH\363\274\027\353\272.*-\256\234\334\317\200(t\354}\357V|u/\351\253M/\351\253T\n\000""; }; nodes {;   nodedata: ""\323C\344\327\264{\312-\017:\006{\177\344N\002\326bO\260\220\006\033\362\345\005U\221DzJ0\001\301\025%1L\307\t\261\262z\374\222T\301\274V\236\223\262\270Ct\362\337b\356\024*\324\320\351\317\002k\336\234\027v\351\217\260\303\360\233ZPZWr\246$w\313\313\r\243r\232\2234\373\3539:N\004Q\245\272D\312D\300\300\t\323\0257\345e\271\na\215{\226\255x%T\257\037\333\004\344_/R\006E\344\037@\210\363\010\336T\226\247'\204_{\261\370""1\235\2445\343\033Y!\212\201\341\272\225'\007\224\322\202\232{[\264X\3416\265\263o\2015\2657\010:\022\362\216D!@\315O\277A\341O?\013\003""; }; "
1750527699511,1750527699512,0,1,1,2,TMValidation,"validation: """"\200\000\000\001&\000\000\0005)/\351\253S:p\210\265\307-\212\200\004Qa\353k\036W\036\333\243\313y\256\236\230\270\325\233\373\001c\343\030e+OD\224O\347\364mD\216P\027\000\000\000\000\000\000\000\000\000\000\000\000\000\000\000\000\000\000\000\000\000\000\000\000\000\000\000\000\000\000\000\000P\031_~\346\024\242\247\366\231\036\370\365\313\014\307\362i\210e\030\317\336e\256\245\026R\036\304S\352]~s!\002\364d\217\366\217|\316F\232\231\241\n\261\333`\312O\367\235\025DD\336e\367\n\312\326\221\037\025\230vF0D\002 B]a\325\252\357\243\002\237\320\316\261\372\214\0135\010k\014N\037\206\033M\241\372\036\255J\332\316U\002 W\275\300:\352<\343\0234@\361\251""\221\277\364\366\353\313:\014\256\347s\254\273 pr\324\317n""; ","validation: """"\200\000\000\001&\000\000\0005)/\351\253S:p\210\265\307-\212\200\004Qa\353k\036W\036\333\243\313y\256\236\230\270\325\233\373\001c\343\030e+OD\224O\347\364mD\216P\027\000\000\000\000\000\000\000\000\000\000\000\000\000\000\000\000\000\000\000\000\000\000\000\000\000\000\000\000\000\000\000\000P\031_~\346\024\242\247\366\231\036\370\365\313\014\307\362i\210e\030\317\336e\256\245\026R\036\304S\352]~s!\002\364d\217\366\217|\316F\232\231\241\n\261\333`\312O\367\235\025DD\336e\367\n\312\326\221\037\025\230vF0D\002 B]a\325\252\357\243\002\237\320\316\261\372\214\0135\010k\014N\037\206\033M\241\372\036\255J\332\316U\002 W\275\300:\352<\343\0234@\361\251""\221\277\364\366\353\313:\014\256\347s\254\273 pr\324\317n""; "
1750527699512,1750527699512,0,1,1,2,TMGetLedger,"itype: liBASE; ledgerHash: ""a\353k\036W\036\333\243\313y\256\236\230\270\325\233\373\001c\343\030e+OD\224O\347\364mD\216""; ledgerSeq: 53; queryType: qtINDIRECT; ","itype: liBASE; ledgerHash: ""a\353k\036W\036\333\243\313y\256\236\230\270\325\233\373\001c\343\030e+OD\224O\347\364mD\216""; ledgerSeq: 53; queryType: qtINDIRECT; "
1750527699513,1750527699513,0,1,0,2,TMGetLedger,"itype: liBASE; ledgerHash: ""a\353k\036W\036\333\243\313y\256\236\230\270\325\233\373\001c\343\030e+OD\224O\347\364mD\216""; ledgerSeq: 53; queryType: qtINDIRECT; ","itype: liBASE; ledgerHash: ""a\353k\036W\036\333\243\313y\256\236\230\270\325\233\373\001c\343\030e+OD\224O\347\364mD\216""; ledgerSeq: 53; queryType: qtINDIRECT; "
1750527699513,1750527699513,0,1,0,2,TMValidation,"validation: """"\200\000\000\001&\000\000\0005)/\351\253S:p\210\265\307-\212\200\004Qa\353k\036W\036\333\243\313y\256\236\230\270\325\233\373\001c\343\030e+OD\224O\347\364mD\216P\027\000\000\000\000\000\000\000\000\000\000\000\000\000\000\000\000\000\000\000\000\000\000\000\000\000\000\000\000\000\000\000\000P\031_~\346\024\242\247\366\231\036\370\365\313\014\307\362i\210e\030\317\336e\256\245\026R\036\304S\352]~s!\002\364d\217\366\217|\316F\232\231\241\n\261\333`\312O\367\235\025DD\336e\367\n\312\326\221\037\025\230vF0D\002 B]a\325\252\357\243\002\237\320\316\261\372\214\0135\010k\014N\037\206\033M\241\372\036\255J\332\316U\002 W\275\300:\352<\343\0234@\361\251""\221\277\364\366\353\313:\014\256\347s\254\273 pr\324\317n""; ","validation: """"\200\000\000\001&\000\000\0005)/\351\253S:p\210\265\307-\212\200\004Qa\353k\036W\036\333\243\313y\256\236\230\270\325\233\373\001c\343\030e+OD\224O\347\364mD\216P\027\000\000\000\000\000\000\000\000\000\000\000\000\000\000\000\000\000\000\000\000\000\000\000\000\000\000\000\000\000\000\000\000P\031_~\346\024\242\247\366\231\036\370\365\313\014\307\362i\210e\030\317\336e\256\245\026R\036\304S\352]~s!\002\364d\217\366\217|\316F\232\231\241\n\261\333`\312O\367\235\025DD\336e\367\n\312\326\221\037\025\230vF0D\002 B]a\325\252\357\243\002\237\320\316\261\372\214\0135\010k\014N\037\206\033M\241\372\036\255J\332\316U\002 W\275\300:\352<\343\0234@\361\251""\221\277\364\366\353\313:\014\256\347s\254\273 pr\324\317n""; "
1750527699514,1750527699514,0,1,3,2,TMLedgerData,"ledgerHash: ""a\353k\036W\036\333\243\313y\256\236\230\270\325\233\373\001c\343\030e+OD\224O\347\364mD\216""; ledgerSeq: 53; type: liBASE; nodes {;   nodedata: ""\000\000\0005\001cEx]\211\377\330_~\346\024\242\247\366\231\036\370\365\313\014\307\362i\210e\030\317\336e\256\245\026R\036\304S\352]~\000\000\000\000\000\000\000\000\000\000\000\000\000\000\000\000\000\000\000\000\000\000\000\000\000\000\000\000\000\000\000\000)\370\307B!i\274DheH\363\274\027\353\272.*-\256\234\334\317\200(t\354}\357V|u/\351\253M/\351\253T\n\000""; }; nodes {;   nodedata: ""\323C\344\327\264{\312-\017:\006{\177\344N\002\326bO\260\220\006\033\362\345\005U\221DzJ0\001\301\025%1L\307\t\261\262z\374\222T\301\274V\236\223\262\270Ct\362\337b\356\024*\324\320\351\317\002k\336\234\027v\351\217\260\303\360\233ZPZWr\246$w\313\313\r\243r\232\2234\373\3539:N\004Q\245\272D\312D\300\300\t\323\0257\345e\271\na\215{\226\255x%T\257\037\333\004\344_/R\006E\344\037@\210\363\010\336T\226\247'\204_{\261\370""1\235\2445\343\033Y!\212\201\341\272\225'\007\224\322\202\232{[\264X\3416\265\263o\2015\2657\010:\022\362\216D!@\315O\277A\341O?\013\003""; }; ","ledgerHash: ""a\353k\036W\036\333\243\313y\256\236\230\270\325\233\373\001c\343\030e+OD\224O\347\364mD\216""; ledgerSeq: 53; type: liBASE; nodes {;   nodedata: ""\000\000\0005\001cEx]\211\377\330_~\346\024\242\247\366\231\036\370\365\313\014\307\362i\210e\030\317\336e\256\245\026R\036\304S\352]~\000\000\000\000\000\000\000\000\000\000\000\000\000\000\000\000\000\000\000\000\000\000\000\000\000\000\000\000\000\000\000\000)\370\307B!i\274DheH\363\274\027\353\272.*-\256\234\334\317\200(t\354}\357V|u/\351\253M/\351\253T\n\000""; }; nodes {;   nodedata: ""\323C\344\327\264{\312-\017:\006{\177\344N\002\326bO\260\220\006\033\362\345\005U\221DzJ0\001\301\025%1L\307\t\261\262z\374\222T\301\274V\236\223\262\270Ct\362\337b\356\024*\324\320\351\317\002k\336\234\027v\351\217\260\303\360\233ZPZWr\246$w\313\313\r\243r\232\2234\373\3539:N\004Q\245\272D\312D\300\300\t\323\0257\345e\271\na\215{\226\255x%T\257\037\333\004\344_/R\006E\344\037@\210\363\010\336T\226\247'\204_{\261\370""1\235\2445\343\033Y!\212\201\341\272\225'\007\224\322\202\232{[\264X\3416\265\263o\2015\2657\010:\022\362\216D!@\315O\277A\341O?\013\003""; }; "
1750527699515,1750527699515,0,1,3,2,TMLedgerData,"ledgerHash: ""a\353k\036W\036\333\243\313y\256\236\230\270\325\233\373\001c\343\030e+OD\224O\347\364mD\216""; ledgerSeq: 53; type: liBASE; nodes {;   nodedata: ""\000\000\0005\001cEx]\211\377\330_~\346\024\242\247\366\231\036\370\365\313\014\307\362i\210e\030\317\336e\256\245\026R\036\304S\352]~\000\000\000\000\000\000\000\000\000\000\000\000\000\000\000\000\000\000\000\000\000\000\000\000\000\000\000\000\000\000\000\000)\370\307B!i\274DheH\363\274\027\353\272.*-\256\234\334\317\200(t\354}\357V|u/\351\253M/\351\253T\n\000""; }; nodes {;   nodedata: ""\323C\344\327\264{\312-\017:\006{\177\344N\002\326bO\260\220\006\033\362\345\005U\221DzJ0\001\301\025%1L\307\t\261\262z\374\222T\301\274V\236\223\262\270Ct\362\337b\356\024*\324\320\351\317\002k\336\234\027v\351\217\260\303\360\233ZPZWr\246$w\313\313\r\243r\232\2234\373\3539:N\004Q\245\272D\312D\300\300\t\323\0257\345e\271\na\215{\226\255x%T\257\037\333\004\344_/R\006E\344\037@\210\363\010\336T\226\247'\204_{\261\370""1\235\2445\343\033Y!\212\201\341\272\225'\007\224\322\202\232{[\264X\3416\265\263o\2015\2657\010:\022\362\216D!@\315O\277A\341O?\013\003""; }; ","ledgerHash: ""a\353k\036W\036\333\243\313y\256\236\230\270\325\233\373\001c\343\030e+OD\224O\347\364mD\216""; ledgerSeq: 53; type: liBASE; nodes {;   nodedata: ""\000\000\0005\001cEx]\211\377\330_~\346\024\242\247\366\231\036\370\365\313\014\307\362i\210e\030\317\336e\256\245\026R\036\304S\352]~\000\000\000\000\000\000\000\000\000\000\000\000\000\000\000\000\000\000\000\000\000\000\000\000\000\000\000\000\000\000\000\000)\370\307B!i\274DheH\363\274\027\353\272.*-\256\234\334\317\200(t\354}\357V|u/\351\253M/\351\253T\n\000""; }; nodes {;   nodedata: ""\323C\344\327\264{\312-\017:\006{\177\344N\002\326bO\260\220\006\033\362\345\005U\221DzJ0\001\301\025%1L\307\t\261\262z\374\222T\301\274V\236\223\262\270Ct\362\337b\356\024*\324\320\351\317\002k\336\234\027v\351\217\260\303\360\233ZPZWr\246$w\313\313\r\243r\232\2234\373\3539:N\004Q\245\272D\312D\300\300\t\323\0257\345e\271\na\215{\226\255x%T\257\037\333\004\344_/R\006E\344\037@\210\363\010\336T\226\247'\204_{\261\370""1\235\2445\343\033Y!\212\201\341\272\225'\007\224\322\202\232{[\264X\3416\265\263o\2015\2657\010:\022\362\216D!@\315O\277A\341O?\013\003""; }; "
1750527699515,1750527699516,0,1,0,1,TMValidation,"validation: """"\200\000\000\001&\000\000\0005)/\351\253S:p\210\265\307-\212\200\004Qa\353k\036W\036\333\243\313y\256\236\230\270\325\233\373\001c\343\030e+OD\224O\347\364mD\216P\027\000\000\000\000\000\000\000\000\000\000\000\000\000\000\000\000\000\000\000\000\000\000\000\000\000\000\000\000\000\000\000\000P\031_~\346\024\242\247\366\231\036\370\365\313\014\307\362i\210e\030\317\336e\256\245\026R\036\304S\352]~s!\002\364d\217\366\217|\316F\232\231\241\n\261\333`\312O\367\235\025DD\336e\367\n\312\326\221\037\025\230vF0D\002 B]a\325\252\357\243\002\237\320\316\261\372\214\0135\010k\014N\037\206\033M\241\372\036\255J\332\316U\002 W\275\300:\352<\343\0234@\361\251""\221\277\364\366\353\313:\014\256\347s\254\273 pr\324\317n""; ","validation: """"\200\000\000\001&\000\000\0005)/\351\253S:p\210\265\307-\212\200\004Qa\353k\036W\036\333\243\313y\256\236\230\270\325\233\373\001c\343\030e+OD\224O\347\364mD\216P\027\000\000\000\000\000\000\000\000\000\000\000\000\000\000\000\000\000\000\000\000\000\000\000\000\000\000\000\000\000\000\000\000P\031_~\346\024\242\247\366\231\036\370\365\313\014\307\362i\210e\030\317\336e\256\245\026R\036\304S\352]~s!\002\364d\217\366\217|\316F\232\231\241\n\261\333`\312O\367\235\025DD\336e\367\n\312\326\221\037\025\230vF0D\002 B]a\325\252\357\243\002\237\320\316\261\372\214\0135\010k\014N\037\206\033M\241\372\036\255J\332\316U\002 W\275\300:\352<\343\0234@\361\251""\221\277\364\366\353\313:\014\256\347s\254\273 pr\324\317n""; "
1750527699516,1750527699516,0,1,3,1,TMLedgerData,"ledgerHash: ""a\353k\036W\036\333\243\313y\256\236\230\270\325\233\373\001c\343\030e+OD\224O\347\364mD\216""; ledgerSeq: 53; type: liBASE; nodes {;   nodedata: ""\000\000\0005\001cEx]\211\377\330_~\346\024\242\247\366\231\036\370\365\313\014\307\362i\210e\030\317\336e\256\245\026R\036\304S\352]~\000\000\000\000\000\000\000\000\000\000\000\000\000\000\000\000\000\000\000\000\000\000\000\000\000\000\000\000\000\000\000\000)\370\307B!i\274DheH\363\274\027\353\272.*-\256\234\334\317\200(t\354}\357V|u/\351\253M/\351\253T\n\000""; }; nodes {;   nodedata: ""\323C\344\327\264{\312-\017:\006{\177\344N\002\326bO\260\220\006\033\362\345\005U\221DzJ0\001\301\025%1L\307\t\261\262z\374\222T\301\274V\236\223\262\270Ct\362\337b\356\024*\324\320\351\317\002k\336\234\027v\351\217\260\303\360\233ZPZWr\246$w\313\313\r\243r\232\2234\373\3539:N\004Q\245\272D\312D\300\300\t\323\0257\345e\271\na\215{\226\255x%T\257\037\333\004\344_/R\006E\344\037@\210\363\010\336T\226\247'\204_{\261\370""1\235\2445\343\033Y!\212\201\341\272\225'\007\224\322\202\232{[\264X\3416\265\263o\2015\2657\010:\022\362\216D!@\315O\277A\341O?\013\003""; }; ","ledgerHash: ""a\353k\036W\036\333\243\313y\256\236\230\270\325\233\373\001c\343\030e+OD\224O\347\364mD\216""; ledgerSeq: 53; type: liBASE; nodes {;   nodedata: ""\000\000\0005\001cEx]\211\377\330_~\346\024\242\247\366\231\036\370\365\313\014\307\362i\210e\030\317\336e\256\245\026R\036\304S\352]~\000\000\000\000\000\000\000\000\000\000\000\000\000\000\000\000\000\000\000\000\000\000\000\000\000\000\000\000\000\000\000\000)\370\307B!i\274DheH\363\274\027\353\272.*-\256\234\334\317\200(t\354}\357V|u/\351\253M/\351\253T\n\000""; }; nodes {;   nodedata: ""\323C\344\327\264{\312-\017:\006{\177\344N\002\326bO\260\220\006\033\362\345\005U\221DzJ0\001\301\025%1L\307\t\261\262z\374\222T\301\274V\236\223\262\270Ct\362\337b\356\024*\324\320\351\317\002k\336\234\027v\351\217\260\303\360\233ZPZWr\246$w\313\313\r\243r\232\2234\373\3539:N\004Q\245\272D\312D\300\300\t\323\0257\345e\271\na\215{\226\255x%T\257\037\333\004\344_/R\006E\344\037@\210\363\010\336T\226\247'\204_{\261\370""1\235\2445\343\033Y!\212\201\341\272\225'\007\224\322\202\232{[\264X\3416\265\263o\2015\2657\010:\022\362\216D!@\315O\277A\341O?\013\003""; }; "
1750527699516,1750527699517,0,1,0,1,TMGetLedger,"itype: liBASE; ledgerHash: ""a\353k\036W\036\333\243\313y\256\236\230\270\325\233\373\001c\343\030e+OD\224O\347\364mD\216""; ledgerSeq: 53; queryType: qtINDIRECT; ","itype: liBASE; ledgerHash: ""a\353k\036W\036\333\243\313y\256\236\230\270\325\233\373\001c\343\030e+OD\224O\347\364mD\216""; ledgerSeq: 53; queryType: qtINDIRECT; "
1750527699517,1750527699518,0,1,2,1,TMValidation,"validation: """"\200\000\000\001&\000\000\0005)/\351\253S:p\210\265\307-\212\200\004Qa\353k\036W\036\333\243\313y\256\236\230\270\325\233\373\001c\343\030e+OD\224O\347\364mD\216P\027\000\000\000\000\000\000\000\000\000\000\000\000\000\000\000\000\000\000\000\000\000\000\000\000\000\000\000\000\000\000\000\000P\031_~\346\024\242\247\366\231\036\370\365\313\014\307\362i\210e\030\317\336e\256\245\026R\036\304S\352]~s!\002\364d\217\366\217|\316F\232\231\241\n\261\333`\312O\367\235\025DD\336e\367\n\312\326\221\037\025\230vF0D\002 B]a\325\252\357\243\002\237\320\316\261\372\214\0135\010k\014N\037\206\033M\241\372\036\255J\332\316U\002 W\275\300:\352<\343\0234@\361\251""\221\277\364\366\353\313:\014\256\347s\254\273 pr\324\317n""; ","validation: """"\200\000\000\001&\000\000\0005)/\351\253S:p\210\265\307-\212\200\004Qa\353k\036W\036\333\243\313y\256\236\230\270\325\233\373\001c\343\030e+OD\224O\347\364mD\216P\027\000\000\000\000\000\000\000\000\000\000\000\000\000\000\000\000\000\000\000\000\000\000\000\000\000\000\000\000\000\000\000\000P\031_~\346\024\242\247\366\231\036\370\365\313\014\307\362i\210e\030\317\336e\256\245\026R\036\304S\352]~s!\002\364d\217\366\217|\316F\232\231\241\n\261\333`\312O\367\235\025DD\336e\367\n\312\326\221\037\025\230vF0D\002 B]a\325\252\357\243\002\237\320\316\261\372\214\0135\010k\014N\037\206\033M\241\372\036\255J\332\316U\002 W\275\300:\352<\343\0234@\361\251""\221\277\364\366\353\313:\014\256\347s\254\273 pr\324\317n""; "
1750527699518,1750527699518,0,1,2,1,TMGetLedger,"itype: liBASE; ledgerHash: ""a\353k\036W\036\333\243\313y\256\236\230\270\325\233\373\001c\343\030e+OD\224O\347\364mD\216""; ledgerSeq: 53; queryType: qtINDIRECT; ","itype: liBASE; ledgerHash: ""a\353k\036W\036\333\243\313y\256\236\230\270\325\233\373\001c\343\030e+OD\224O\347\364mD\216""; ledgerSeq: 53; queryType: qtINDIRECT; "
1750527699519,1750527699519,0,1,3,1,TMLedgerData,"ledgerHash: ""a\353k\036W\036\333\243\313y\256\236\230\270\325\233\373\001c\343\030e+OD\224O\347\364mD\216""; ledgerSeq: 53; type: liBASE; nodes {;   nodedata: ""\000\000\0005\001cEx]\211\377\330_~\346\024\242\247\366\231\036\370\365\313\014\307\362i\210e\030\317\336e\256\245\026R\036\304S\352]~\000\000\000\000\000\000\000\000\000\000\000\000\000\000\000\000\000\000\000\000\000\000\000\000\000\000\000\000\000\000\000\000)\370\307B!i\274DheH\363\274\027\353\272.*-\256\234\334\317\200(t\354}\357V|u/\351\253M/\351\253T\n\000""; }; nodes {;   nodedata: ""\323C\344\327\264{\312-\017:\006{\177\344N\002\326bO\260\220\006\033\362\345\005U\221DzJ0\001\301\025%1L\307\t\261\262z\374\222T\301\274V\236\223\262\270Ct\362\337b\356\024*\324\320\351\317\002k\336\234\027v\351\217\260\303\360\233ZPZWr\246$w\313\313\r\243r\232\2234\373\3539:N\004Q\245\272D\312D\300\300\t\323\0257\345e\271\na\215{\226\255x%T\257\037\333\004\344_/R\006E\344\037@\210\363\010\336T\226\247'\204_{\261\370""1\235\2445\343\033Y!\212\201\341\272\225'\007\224\322\202\232{[\264X\3416\265\263o\2015\2657\010:\022\362\216D!@\315O\277A\341O?\013\003""; }; ","ledgerHash: ""a\353k\036W\036\333\243\313y\256\236\230\270\325\233\373\001c\343\030e+OD\224O\347\364mD\216""; ledgerSeq: 53; type: liBASE; nodes {;   nodedata: ""\000\000\0005\001cEx]\211\377\330_~\346\024\242\247\366\231\036\370\365\313\014\307\362i\210e\030\317\336e\256\245\026R\036\304S\352]~\000\000\000\000\000\000\000\000\000\000\000\000\000\000\000\000\000\000\000\000\000\000\000\000\000\000\000\000\000\000\000\000)\370\307B!i\274DheH\363\274\027\353\272.*-\256\234\334\317\200(t\354}\357V|u/\351\253M/\351\253T\n\000""; }; nodes {;   nodedata: ""\323C\344\327\264{\312-\017:\006{\177\344N\002\326bO\260\220\006\033\362\345\005U\221DzJ0\001\301\025%1L\307\t\261\262z\374\222T\301\274V\236\223\262\270Ct\362\337b\356\024*\324\320\351\317\002k\336\234\027v\351\217\260\303\360\233ZPZWr\246$w\313\313\r\243r\232\2234\373\3539:N\004Q\245\272D\312D\300\300\t\323\0257\345e\271\na\215{\226\255x%T\257\037\333\004\344_/R\006E\344\037@\210\363\010\336T\226\247'\204_{\261\370""1\235\2445\343\033Y!\212\201\341\272\225'\007\224\322\202\232{[\264X\3416\265\263o\2015\2657\010:\022\362\216D!@\315O\277A\341O?\013\003""; }; "
1750527699520,1750527699520,0,1,4,3,TMGetLedger,"itype: liBASE; ledgerHash: ""a\353k\036W\036\333\243\313y\256\236\230\270\325\233\373\001c\343\030e+OD\224O\347\364mD\216""; ledgerSeq: 53; requestCookie: 1; queryType: qtINDIRECT; ","itype: liBASE; ledgerHash: ""a\353k\036W\036\333\243\313y\256\236\230\270\325\233\373\001c\343\030e+OD\224O\347\364mD\216""; ledgerSeq: 53; requestCookie: 1; queryType: qtINDIRECT; "
1750527699520,1750527699520,0,1,4,3,TMGetLedger,"itype: liBASE; ledgerHash: ""a\353k\036W\036\333\243\313y\256\236\230\270\325\233\373\001c\343\030e+OD\224O\347\364mD\216""; ledgerSeq: 53; requestCookie: 3; queryType: qtINDIRECT; ","itype: liBASE; ledgerHash: ""a\353k\036W\036\333\243\313y\256\236\230\270\325\233\373\001c\343\030e+OD\224O\347\364mD\216""; ledgerSeq: 53; requestCookie: 3; queryType: qtINDIRECT; "
1750527699521,1750527699521,0,1,4,3,TMGetLedger,"itype: liBASE; ledgerHash: ""a\353k\036W\036\333\243\313y\256\236\230\270\325\233\373\001c\343\030e+OD\224O\347\364mD\216""; ledgerSeq: 53; requestCookie: 2; queryType: qtINDIRECT; ","itype: liBASE; ledgerHash: ""a\353k\036W\036\333\243\313y\256\236\230\270\325\233\373\001c\343\030e+OD\224O\347\364mD\216""; ledgerSeq: 53; requestCookie: 2; queryType: qtINDIRECT; "
1750527699521,1750527699521,0,1,4,3,TMGetLedger,"itype: liAS_NODE; ledgerHash: ""a\353k\036W\036\333\243\313y\256\236\230\270\325\233\373\001c\343\030e+OD\224O\347\364mD\216""; ledgerSeq: 53; nodeIDs: ""\260\000\000\000\000\000\000\000\000\000\000\000\000\000\000\000\000\000\000\000\000\000\000\000\000\000\000\000\000\000\000\000\001""; queryType: qtINDIRECT; queryDepth: 1; ","itype: liAS_NODE; ledgerHash: ""a\353k\036W\036\333\243\313y\256\236\230\270\325\233\373\001c\343\030e+OD\224O\347\364mD\216""; ledgerSeq: 53; nodeIDs: ""\260\000\000\000\000\000\000\000\000\000\000\000\000\000\000\000\000\000\000\000\000\000\000\000\000\000\000\000\000\000\000\000\001""; queryType: qtINDIRECT; queryDepth: 1; "
1750527699522,1750527699522,0,1,0,3,TMGetLedger,"itype: liBASE; ledgerHash: ""a\353k\036W\036\333\243\313y\256\236\230\270\325\233\373\001c\343\030e+OD\224O\347\364mD\216""; requestCookie: 5; queryType: qtINDIRECT; ","itype: liBASE; ledgerHash: ""a\353k\036W\036\333\243\313y\256\236\230\270\325\233\373\001c\343\030e+OD\224O\347\364mD\216""; requestCookie: 5; queryType: qtINDIRECT; "
1750527699523,1750527699523,0,1,0,3,TMGetLedger,"itype: liAS_NODE; ledgerHash: ""a\353k\036W\036\333\243\313y\256\236\230\270\325\233\373\001c\343\030e+OD\224O\347\364mD\216""; ledgerSeq: 53; nodeIDs: ""\260\000\000\000\000\000\000\000\000\000\000\000\000\000\000\000\000\000\000\000\000\000\000\000\000\000\000\000\000\000\000\000\001""; queryType: qtINDIRECT; queryDepth: 1; ","itype: liAS_NODE; ledgerHash: ""a\353k\036W\036\333\243\313y\256\236\230\270\325\233\373\001c\343\030e+OD\224O\347\364mD\216""; ledgerSeq: 53; nodeIDs: ""\260\000\000\000\000\000\000\000\000\000\000\000\000\000\000\000\000\000\000\000\000\000\000\000\000\000\000\000\000\000\000\000\001""; queryType: qtINDIRECT; queryDepth: 1; "
1750527699523,1750527699523,0,1,0,3,TMGetLedger,"itype: liBASE; ledgerHash: ""a\353k\036W\036\333\243\313y\256\236\230\270\325\233\373\001c\343\030e+OD\224O\347\364mD\216""; ledgerSeq: 53; requestCookie: 2; queryType: qtINDIRECT; ","itype: liBASE; ledgerHash: ""a\353k\036W\036\333\243\313y\256\236\230\270\325\233\373\001c\343\030e+OD\224O\347\364mD\216""; ledgerSeq: 53; requestCookie: 2; queryType: qtINDIRECT; "
1750527699524,1750527699524,0,1,0,3,TMGetLedger,"itype: liBASE; ledgerHash: ""a\353k\036W\036\333\243\313y\256\236\230\270\325\233\373\001c\343\030e+OD\224O\347\364mD\216""; ledgerSeq: 53; requestCookie: 3; queryType: qtINDIRECT; ","itype: liBASE; ledgerHash: ""a\353k\036W\036\333\243\313y\256\236\230\270\325\233\373\001c\343\030e+OD\224O\347\364mD\216""; ledgerSeq: 53; requestCookie: 3; queryType: qtINDIRECT; "
1750527699524,1750527699525,0,1,2,3,TMGetLedger,"itype: liBASE; ledgerHash: ""a\353k\036W\036\333\243\313y\256\236\230\270\325\233\373\001c\343\030e+OD\224O\347\364mD\216""; ledgerSeq: 53; requestCookie: 2; queryType: qtINDIRECT; ","itype: liBASE; ledgerHash: ""a\353k\036W\036\333\243\313y\256\236\230\270\325\233\373\001c\343\030e+OD\224O\347\364mD\216""; ledgerSeq: 53; requestCookie: 2; queryType: qtINDIRECT; "
1750527699525,1750527699525,0,1,2,3,TMGetLedger,"itype: liBASE; ledgerHash: ""a\353k\036W\036\333\243\313y\256\236\230\270\325\233\373\001c\343\030e+OD\224O\347\364mD\216""; requestCookie: 5; queryType: qtINDIRECT; ","itype: liBASE; ledgerHash: ""a\353k\036W\036\333\243\313y\256\236\230\270\325\233\373\001c\343\030e+OD\224O\347\364mD\216""; requestCookie: 5; queryType: qtINDIRECT; "
1750527699525,1750527699525,0,1,2,3,TMGetLedger,"itype: liBASE; ledgerHash: ""a\353k\036W\036\333\243\313y\256\236\230\270\325\233\373\001c\343\030e+OD\224O\347\364mD\216""; ledgerSeq: 53; requestCookie: 3; queryType: qtINDIRECT; ","itype: liBASE; ledgerHash: ""a\353k\036W\036\333\243\313y\256\236\230\270\325\233\373\001c\343\030e+OD\224O\347\364mD\216""; ledgerSeq: 53; requestCookie: 3; queryType: qtINDIRECT; "
1750527699526,1750527699526,0,1,2,3,TMGetLedger,"itype: liAS_NODE; ledgerHash: ""a\353k\036W\036\333\243\313y\256\236\230\270\325\233\373\001c\343\030e+OD\224O\347\364mD\216""; ledgerSeq: 53; nodeIDs: ""\260\000\000\000\000\000\000\000\000\000\000\000\000\000\000\000\000\000\000\000\000\000\000\000\000\000\000\000\000\000\000\000\001""; queryType: qtINDIRECT; queryDepth: 1; ","itype: liAS_NODE; ledgerHash: ""a\353k\036W\036\333\243\313y\256\236\230\270\325\233\373\001c\343\030e+OD\224O\347\364mD\216""; ledgerSeq: 53; nodeIDs: ""\260\000\000\000\000\000\000\000\000\000\000\000\000\000\000\000\000\000\000\000\000\000\000\000\000\000\000\000\000\000\000\000\001""; queryType: qtINDIRECT; queryDepth: 1; "
1750527699527,1750527699527,0,1,1,3,TMGetLedger,"itype: liBASE; ledgerHash: ""a\353k\036W\036\333\243\313y\256\236\230\270\325\233\373\001c\343\030e+OD\224O\347\364mD\216""; requestCookie: 5; queryType: qtINDIRECT; ","itype: liBASE; ledgerHash: ""a\353k\036W\036\333\243\313y\256\236\230\270\325\233\373\001c\343\030e+OD\224O\347\364mD\216""; requestCookie: 5; queryType: qtINDIRECT; "
1750527699528,1750527699528,0,1,1,3,TMGetLedger,"itype: liBASE; ledgerHash: ""a\353k\036W\036\333\243\313y\256\236\230\270\325\233\373\001c\343\030e+OD\224O\347\364mD\216""; ledgerSeq: 53; requestCookie: 2; queryType: qtINDIRECT; ","itype: liBASE; ledgerHash: ""a\353k\036W\036\333\243\313y\256\236\230\270\325\233\373\001c\343\030e+OD\224O\347\364mD\216""; ledgerSeq: 53; requestCookie: 2; queryType: qtINDIRECT; "
1750527699528,1750527699528,0,1,1,3,TMGetLedger,"itype: liAS_NODE; ledgerHash: ""a\353k\036W\036\333\243\313y\256\236\230\270\325\233\373\001c\343\030e+OD\224O\347\364mD\216""; ledgerSeq: 53; nodeIDs: ""\260\000\000\000\000\000\000\000\000\000\000\000\000\000\000\000\000\000\000\000\000\000\000\000\000\000\000\000\000\000\000\000\001""; queryType: qtINDIRECT; queryDepth: 1; ","itype: liAS_NODE; ledgerHash: ""a\353k\036W\036\333\243\313y\256\236\230\270\325\233\373\001c\343\030e+OD\224O\347\364mD\216""; ledgerSeq: 53; nodeIDs: ""\260\000\000\000\000\000\000\000\000\000\000\000\000\000\000\000\000\000\000\000\000\000\000\000\000\000\000\000\000\000\000\000\001""; queryType: qtINDIRECT; queryDepth: 1; "
1750527699528,1750527699529,0,1,3,4,TMLedgerData,"ledgerHash: ""a\353k\036W\036\333\243\313y\256\236\230\270\325\233\373\001c\343\030e+OD\224O\347\364mD\216""; ledgerSeq: 53; type: liBASE; nodes {;   nodedata: ""\000\000\0005\001cEx]\211\377\330_~\346\024\242\247\366\231\036\370\365\313\014\307\362i\210e\030\317\336e\256\245\026R\036\304S\352]~\000\000\000\000\000\000\000\000\000\000\000\000\000\000\000\000\000\000\000\000\000\000\000\000\000\000\000\000\000\000\000\000)\370\307B!i\274DheH\363\274\027\353\272.*-\256\234\334\317\200(t\354}\357V|u/\351\253M/\351\253T\n\000""; }; nodes {;   nodedata: ""\323C\344\327\264{\312-\017:\006{\177\344N\002\326bO\260\220\006\033\362\345\005U\221DzJ0\001\301\025%1L\307\t\261\262z\374\222T\301\274V\236\223\262\270Ct\362\337b\356\024*\324\320\351\317\002k\336\234\027v\351\217\260\303\360\233ZPZWr\246$w\313\313\r\243r\232\2234\373\3539:N\004Q\245\272D\312D\300\300\t\323\0257\345e\271\na\215{\226\255x%T\257\037\333\004\344_/R\006E\344\037@\210\363\010\336T\226\247'\204_{\261\370""1\235\2445\343\033Y!\212\201\341\272\225'\007\224\322\202\232{[\264X\3416\265\263o\2015\2657\010:\022\362\216D!@\315O\277A\341O?\013\003""; }; requestCookie: 1; ","ledgerHash: ""a\353k\036W\036\333\243\313y\256\236\230\270\325\233\373\001c\343\030e+OD\224O\347\364mD\216""; ledgerSeq: 53; type: liBASE; nodes {;   nodedata: ""\000\000\0005\001cEx]\211\377\330_~\346\024\242\247\366\231\036\370\365\313\014\307\362i\210e\030\317\336e\256\245\026R\036\304S\352]~\000\000\000\000\000\000\000\000\000\000\000\000\000\000\000\000\000\000\000\000\000\000\000\000\000\000\000\000\000\000\000\000)\370\307B!i\274DheH\363\274\027\353\272.*-\256\234\334\317\200(t\354}\357V|u/\351\253M/\351\253T\n\000""; }; nodes {;   nodedata: ""\323C\344\327\264{\312-\017:\006{\177\344N\002\326bO\260\220\006\033\362\345\005U\221DzJ0\001\301\025%1L\307\t\261\262z\374\222T\301\274V\236\223\262\270Ct\362\337b\356\024*\324\320\351\317\002k\336\234\027v\351\217\260\303\360\233ZPZWr\246$w\313\313\r\243r\232\2234\373\3539:N\004Q\245\272D\312D\300\300\t\323\0257\345e\271\na\215{\226\255x%T\257\037\333\004\344_/R\006E\344\037@\210\363\010\336T\226\247'\204_{\261\370""1\235\2445\343\033Y!\212\201\341\272\225'\007\224\322\202\232{[\264X\3416\265\263o\2015\2657\010:\022\362\216D!@\315O\277A\341O?\013\003""; }; requestCookie: 1; "
1750527699529,1750527699529,0,1,3,4,TMLedgerData,"ledgerHash: ""a\353k\036W\036\333\243\313y\256\236\230\270\325\233\373\001c\343\030e+OD\224O\347\364mD\216""; ledgerSeq: 53; type: liBASE; nodes {;   nodedata: ""\000\000\0005\001cEx]\211\377\330_~\346\024\242\247\366\231\036\370\365\313\014\307\362i\210e\030\317\336e\256\245\026R\036\304S\352]~\000\000\000\000\000\000\000\000\000\000\000\000\000\000\000\000\000\000\000\000\000\000\000\000\000\000\000\000\000\000\000\000)\370\307B!i\274DheH\363\274\027\353\272.*-\256\234\334\317\200(t\354}\357V|u/\351\253M/\351\253T\n\000""; }; nodes {;   nodedata: ""\323C\344\327\264{\312-\017:\006{\177\344N\002\326bO\260\220\006\033\362\345\005U\221DzJ0\001\301\025%1L\307\t\261\262z\374\222T\301\274V\236\223\262\270Ct\362\337b\356\024*\324\320\351\317\002k\336\234\027v\351\217\260\303\360\233ZPZWr\246$w\313\313\r\243r\232\2234\373\3539:N\004Q\245\272D\312D\300\300\t\323\0257\345e\271\na\215{\226\255x%T\257\037\333\004\344_/R\006E\344\037@\210\363\010\336T\226\247'\204_{\261\370""1\235\2445\343\033Y!\212\201\341\272\225'\007\224\322\202\232{[\264X\3416\265\263o\2015\2657\010:\022\362\216D!@\315O\277A\341O?\013\003""; }; requestCookie: 3; ","ledgerHash: ""a\353k\036W\036\333\243\313y\256\236\230\270\325\233\373\001c\343\030e+OD\224O\347\364mD\216""; ledgerSeq: 53; type: liBASE; nodes {;   nodedata: ""\000\000\0005\001cEx]\211\377\330_~\346\024\242\247\366\231\036\370\365\313\014\307\362i\210e\030\317\336e\256\245\026R\036\304S\352]~\000\000\000\000\000\000\000\000\000\000\000\000\000\000\000\000\000\000\000\000\000\000\000\000\000\000\000\000\000\000\000\000)\370\307B!i\274DheH\363\274\027\353\272.*-\256\234\334\317\200(t\354}\357V|u/\351\253M/\351\253T\n\000""; }; nodes {;   nodedata: ""\323C\344\327\264{\312-\017:\006{\177\344N\002\326bO\260\220\006\033\362\345\005U\221DzJ0\001\301\025%1L\307\t\261\262z\374\222T\301\274V\236\223\262\270Ct\362\337b\356\024*\324\320\351\317\002k\336\234\027v\351\217\260\303\360\233ZPZWr\246$w\313\313\r\243r\232\2234\373\3539:N\004Q\245\272D\312D\300\300\t\323\0257\345e\271\na\215{\226\255x%T\257\037\333\004\344_/R\006E\344\037@\210\363\010\336T\226\247'\204_{\261\370""1\235\2445\343\033Y!\212\201\341\272\225'\007\224\322\202\232{[\264X\3416\265\263o\2015\2657\010:\022\362\216D!@\315O\277A\341O?\013\003""; }; requestCookie: 3; "
1750527699530,1750527699530,0,1,3,4,TMLedgerData,"ledgerHash: ""a\353k\036W\036\333\243\313y\256\236\230\270\325\233\373\001c\343\030e+OD\224O\347\364mD\216""; ledgerSeq: 53; type: liBASE; nodes {;   nodedata: ""\000\000\0005\001cEx]\211\377\330_~\346\024\242\247\366\231\036\370\365\313\014\307\362i\210e\030\317\336e\256\245\026R\036\304S\352]~\000\000\000\000\000\000\000\000\000\000\000\000\000\000\000\000\000\000\000\000\000\000\000\000\000\000\000\000\000\000\000\000)\370\307B!i\274DheH\363\274\027\353\272.*-\256\234\334\317\200(t\354}\357V|u/\351\253M/\351\253T\n\000""; }; nodes {;   nodedata: ""\323C\344\327\264{\312-\017:\006{\177\344N\002\326bO\260\220\006\033\362\345\005U\221DzJ0\001\301\025%1L\307\t\261\262z\374\222T\301\274V\236\223\262\270Ct\362\337b\356\024*\324\320\351\317\002k\336\234\027v\351\217\260\303\360\233ZPZWr\246$w\313\313\r\243r\232\2234\373\3539:N\004Q\245\272D\312D\300\300\t\323\0257\345e\271\na\215{\226\255x%T\257\037\333\004\344_/R\006E\344\037@\210\363\010\336T\226\247'\204_{\261\370""1\235\2445\343\033Y!\212\201\341\272\225'\007\224\322\202\232{[\264X\3416\265\263o\2015\2657\010:\022\362\216D!@\315O\277A\341O?\013\003""; }; requestCookie: 2; ","ledgerHash: ""a\353k\036W\036\333\243\313y\256\236\230\270\325\233\373\001c\343\030e+OD\224O\347\364mD\216""; ledgerSeq: 53; type: liBASE; nodes {;   nodedata: ""\000\000\0005\001cEx]\211\377\330_~\346\024\242\247\366\231\036\370\365\313\014\307\362i\210e\030\317\336e\256\245\026R\036\304S\352]~\000\000\000\000\000\000\000\000\000\000\000\000\000\000\000\000\000\000\000\000\000\000\000\000\000\000\000\000\000\000\000\000)\370\307B!i\274DheH\363\274\027\353\272.*-\256\234\334\317\200(t\354}\357V|u/\351\253M/\351\253T\n\000""; }; nodes {;   nodedata: ""\323C\344\327\264{\312-\017:\006{\177\344N\002\326bO\260\220\006\033\362\345\005U\221DzJ0\001\301\025%1L\307\t\261\262z\374\222T\301\274V\236\223\262\270Ct\362\337b\356\024*\324\320\351\317\002k\336\234\027v\351\217\260\303\360\233ZPZWr\246$w\313\313\r\243r\232\2234\373\3539:N\004Q\245\272D\312D\300\300\t\323\0257\345e\271\na\215{\226\255x%T\257\037\333\004\344_/R\006E\344\037@\210\363\010\336T\226\247'\204_{\261\370""1\235\2445\343\033Y!\212\201\341\272\225'\007\224\322\202\232{[\264X\3416\265\263o\2015\2657\010:\022\362\216D!@\315O\277A\341O?\013\003""; }; requestCookie: 2; "
1750527699557,1750527699557,0,1,3,0,TMLedgerData,"ledgerHash: ""a\353k\036W\036\333\243\313y\256\236\230\270\325\233\373\001c\343\030e+OD\224O\347\364mD\216""; ledgerSeq: 53; type: liBASE; nodes {;   nodedata: ""\000\000\0005\001cEx]\211\377\330_~\346\024\242\247\366\231\036\370\365\313\014\307\362i\210e\030\317\336e\256\245\026R\036\304S\352]~\000\000\000\000\000\000\000\000\000\000\000\000\000\000\000\000\000\000\000\000\000\000\000\000\000\000\000\000\000\000\000\000)\370\307B!i\274DheH\363\274\027\353\272.*-\256\234\334\317\200(t\354}\357V|u/\351\253M/\351\253T\n\000""; }; nodes {;   nodedata: ""\323C\344\327\264{\312-\017:\006{\177\344N\002\326bO\260\220\006\033\362\345\005U\221DzJ0\001\301\025%1L\307\t\261\262z\374\222T\301\274V\236\223\262\270Ct\362\337b\356\024*\324\320\351\317\002k\336\234\027v\351\217\260\303\360\233ZPZWr\246$w\313\313\r\243r\232\2234\373\3539:N\004Q\245\272D\312D\300\300\t\323\0257\345e\271\na\215{\226\255x%T\257\037\333\004\344_/R\006E\344\037@\210\363\010\336T\226\247'\204_{\261\370""1\235\2445\343\033Y!\212\201\341\272\225'\007\224\322\202\232{[\264X\3416\265\263o\2015\2657\010:\022\362\216D!@\315O\277A\341O?\013\003""; }; requestCookie: 3; ","ledgerHash: ""a\353k\036W\036\333\243\313y\256\236\230\270\325\233\373\001c\343\030e+OD\224O\347\364mD\216""; ledgerSeq: 53; type: liBASE; nodes {;   nodedata: ""\000\000\0005\001cEx]\211\377\330_~\346\024\242\247\366\231\036\370\365\313\014\307\362i\210e\030\317\336e\256\245\026R\036\304S\352]~\000\000\000\000\000\000\000\000\000\000\000\000\000\000\000\000\000\000\000\000\000\000\000\000\000\000\000\000\000\000\000\000)\370\307B!i\274DheH\363\274\027\353\272.*-\256\234\334\317\200(t\354}\357V|u/\351\253M/\351\253T\n\000""; }; nodes {;   nodedata: ""\323C\344\327\264{\312-\017:\006{\177\344N\002\326bO\260\220\006\033\362\345\005U\221DzJ0\001\301\025%1L\307\t\261\262z\374\222T\301\274V\236\223\262\270Ct\362\337b\356\024*\324\320\351\317\002k\336\234\027v\351\217\260\303\360\233ZPZWr\246$w\313\313\r\243r\232\2234\373\3539:N\004Q\245\272D\312D\300\300\t\323\0257\345e\271\na\215{\226\255x%T\257\037\333\004\344_/R\006E\344\037@\210\363\010\336T\226\247'\204_{\261\370""1\235\2445\343\033Y!\212\201\341\272\225'\007\224\322\202\232{[\264X\3416\265\263o\2015\2657\010:\022\362\216D!@\315O\277A\341O?\013\003""; }; requestCookie: 3; "
1750527699557,1750527699558,0,1,3,0,TMLedgerData,"ledgerHash: ""a\353k\036W\036\333\243\313y\256\236\230\270\325\233\373\001c\343\030e+OD\224O\347\364mD\216""; ledgerSeq: 53; type: liAS_NODE; nodes {;   nodedata: ""\021\000h""\000\000\000\000 \033\000\000\0004\002\023\306\337\330\356GuH\375\327!\255\371\r\231\262R\256J\034\222\241\355X\265E\241^W\225\304\014\361CX-}\351f\032\255\274\334m\326c\017\014ao[\342\230\003\245\245\3341Hm\326^\017jy\335\261\032Yt\320\244{g\0306\\302\303*\341\215\223\257\364\277o\375\000r\241SOq\221\253\262\005\017\375T\356\014\360o'\030\311-\267\031\257!\031T\006><\315XM\334\324\345\034\000\325\367\240\271\013\265\024\321\362\354\211\250.\234s\225amc\305\035\366\276\037nD\277`\210\223N\3535\033\261\304f\331]\036\237\306o!\223\221\002\324\031\262\240R\177 ,\214\325\Q])\016\2067\277\t\354\010\000\360\215\2502\265\245\310\226\243c\302Ze\306\253#r\020\211\320iG\276\020E\317\035Sf\223F\254\033@\177e\277\016\010u\327\371&\262\312\317Q\2361t\377x\234\001v\003%\030\325_\225g\204\346a=\225\273\331\354\365*U\363\263N\367b\371\244\314-w\363\262\225Z\200\206\235\233\257?sE\2674\254\326mU\377?\177Ek\336\030!\316Aa\225\303\022\377{\210Y\226\271as\354L\035\004\341\361\035\301\024\220m#*\372\032\3178~\374\250\014*\323\342'z69\220\327\256\351G\367\317u\302\207\270b\315\333\333\334\310I\323&\014\352XZnW2.\335\347\202\021\247\362\212e\034\000\001\250\220\305;a\314\265R\310\017\317\331\235\360\262\240:\277\202\266\354\265X""\022\nh\252\352w\204\203\023]\001f\352\277\0031Q]\362\370R\350{\261\202\240\344\215\201\353\276\322p5p\350\354\017>\250r\241c\273\016\301\024\363\242\247\263\231\370\344\nBW\220K\316@3\243\200\036wk\253GSlU\010\360\231>\331\263H\214\324\030A\225\301o\346pkSF\004\241\213w9\223=\250\262*+\255\351r\265\244c\024\213\t\007`\223\325#\3477\210\345P\306\013\320\252[\0216+\227=`\371P\314\346 V7\271[~\n\237\274|\347\352@K\253~&\260\032\024\004B\200\255h\351\013\361\031:nG\211\005|\2003\266\274\251,W\006u\344\335d\003\306\212\313,\340\350bG\n\030Z\2732-\246\312\255\030\003\235207\005}D\260\0261ah\322M\304\216\273m0\271\234\237\007<w$\265C\245\232\033\023\313c\321B\032l\301h\005\320\252\301\361(\330[\343\357\343{\235\n\266g\272>\177\317\347\261qb&\270&\346ju\200\363N\320\307\004\034\001n\317\361\2653\254\2503\247\305\372\316W\022O\253x\250\025\373\247\354Tc\304\263\243^\352Gv\\264\261\r\035\226\306\2411\351\233\203\215\200$\231\300f\220\371c@\017\254\363\\371\340\340VaR\205~^\226\342t\360\022\204d\231\205)\272\364?\361!\334\331\315\254\230\rBG\314\023\246\244=\351\177\254\302b&\276+H;0\312\021&\275\036\237\350R\313\206R\331\304k\323u\263t\221\213yC\241\217A\242\027g\322\241'\212.E?B_\316\327\217J +\370\t^b\005\020\003\211\373\247|hC\271Nmk~J\270EU\274\036-\347\240\312FA\321\341bca\253\025\321\311\317\021\375\317\217\n\272\033o\353G>\275\361H\265\240\232um""\317\324`\214\221\314\000\211K\223+(""\200i \311\372g\254\343ZR0\224\275q\252\357\213\263\206N\357&Q\217\267\303\356I\236\357\264\311b\037\366\035\253\343\311\265\240\327q\206f\262ODi\215-\363>\034\236l\273\005G\316F\217}[\036\007\270:\260\335\271B\241N\345\330\204\327f\361\272Kb\0377p\334\264\237\177~\330]\252+:\317u\302h\n\351\n\364\231\277R\371\356\033y\265v\360Ny\246\332qY\262\231\251\n\305\334\202\305\362\n\367@k\231\016R:\327\242\366\242\253LZY\223$Gw^\203\302\311\316I7\371tTwp}\005|\372\214\251{R`\230V\244-\326I\351\255\325i\335\377\321\353\327\331\302\023\347y\016\263\271\317\306\017UV\314qu?\0064A\315{3D\010\016S\212\2353k0\361\214ID\303g\277\010Y_\001~\021\333\370\255\374\\331\306\255\336)\365Rth\024\t\300.M\315\321S\257\224\252\362\326P\316\303%nX\3742\333\036\004Y\264yG^\234\177\214\305q\237\274G\300a4\275\240s\215\222\210\016\020G\344=-:GK\312\035\271\201\350\376F\260G\347\000\235\365P6pmH\033\373\212c\377o\232\356\320D\002\277,]os{\354/?\312e\006wda\001\023\375\316\025\254\321\244\370+Y`\220\270\254\2601E[FI\310\235<qI \356\032v%\001\230\016\203\200\251UD\347\304\373\034\211\340@\342\033\263\365\356\341\357\350\324\035J\032\177\230\207\220\303+\207\352g\317N\027>\222M\271m\033\236\021:\272\233r\373\233hC}\256\020\210\010\233\335\025[ d(\343\263\327\177\030\246\254H\277\254E\231\006\033_lB\210\264\334Y\322\314\362\320L\000Q\240\317\3502\006,|\364\004\275\034\006\337\370""\330\364\202\314\315\311?\030\260\361u)\336\202\265Y\177X\227$\245tCB\345\314d\231A\300\204\371KJ\036\321\330\014]""EN\266$]\331\226c\351\312\376z\254\214\206B\274&M\032\376v\266\3104u)\r\312\021\273\030jJH\215G4\367fQ;\255\3404\372\225\341L\224\242\200VY\220\355\020\353I\n\363\266\036\311\003OR\250""\032\230\021]+$\302\005\224\270\033E\r\312\315}\200\2505\216\221\301\341\035[\247\325\236M^\360a\267\356\267\247]\357\236\n\207}P\2654\026`\256u\276\r&\026K\315a\3337\216.\240\362\263\327]\372\325\037\006\345\236\265\343\337g\271\317\315\374\3357gX\036\024'\357<$\322\323$\375\346&^\361\0009\022`\210$\005\261rTx\343\226\224vC\2607.\025\213@~\312\227\000 o\232\016\376|a3\352&\324\337\230\212\265o\2035\250\303\2760\241\364^\002Z\031Z!\300\002\364\004\232\355\234\202\021\371_~\346\024\242\247\366\231\036\370\365\313\014\307\362i\210e\030\317\336e\256\245\026R\036\304S\352]~\264\227\2326\315\307\363\323\325\303\032N\256*\307\327 \235\332\207u\210\271\257\306g\231i*\260\326k\001"";   nodeid: ""\260\000\000\000\000\000\000\000\000\000\000\000\000\000\000\000\000\000\000\000\000\000\000\000\000\000\000\000\000\000\000\000\001""; }; ","ledgerHash: ""a\353k\036W\036\333\243\313y\256\236\230\270\325\233\373\001c\343\030e+OD\224O\347\364mD\216""; ledgerSeq: 53; type: liAS_NODE; nodes {;   nodedata: ""\021\000h""\000\000\000\000 \033\000\000\0004\002\023\306\337\330\356GuH\375\327!\255\371\r\231\262R\256J\034\222\241\355X\265E\241^W\225\304\014\361CX-}\351f\032\255\274\334m\326c\017\014ao[\342\230\003\245\245\3341Hm\326^\017jy\335\261\032Yt\320\244{g\0306\\302\303*\341\215\223\257\364\277o\375\000r\241SOq\221\253\262\005\017\375T\356\014\360o'\030\311-\267\031\257!\031T\006><\315XM\334\324\345\034\000\325\367\240\271\013\265\024\321\362\354\211\250.\234s\225amc\305\035\366\276\037nD\277`\210\223N\3535\033\261\304f\331]\036\237\306o!\223\221\002\324\031\262\240R\177 ,\214\325\Q])\016\2067\277\t\354\010\000\360\215\2502\265\245\310\226\243c\302Ze\306\253#r\020\211\320iG\276\020E\317\035Sf\223F\254\033@\177e\277\016\010u\327\371&\262\312\317Q\2361t\377x\234\001v\003%\030\325_\225g\204\346a=\225\273\331\354\365*U\363\263N\367b\371\244\314-w\363\262\225Z\200\206\235\233\257?sE\2674\254\326mU\377?\177Ek\336\030!\316Aa\225\303\022\377{\210Y\226\271as\354L\035\004\341\361\035\301\024\220m#*\372\032\3178~\374\250\014*\323\342'z69\220\327\256\351G\367\317u\302\207\270b\315\333\333\334\310I\323&\014\352XZnW2.\335\347\202\021\247\362\212e\034\000\001\250\220\305;a\314\265R\310\017\317\331\235\360\262\240:\277\202\266\354\265X""\022\nh\252\352w\204\203\023]\001f\352\277\0031Q]\362\370R\350{\261\202\240\344\215\201\353\276\322p5p\350\354\017>\250r\241c\273\016\301\024\363\242\247\263\231\370\344\nBW\220K\316@3\243\200\036wk\253GSlU\010\360\231>\331\263H\214\324\030A\225\301o\346pkSF\004\241\213w9\223=\250\262*+\255\351r\265\244c\024\213\t\007`\223\325#\3477\210\345P\306\013\320\252[\0216+\227=`\371P\314\346 V7\271[~\n\237\274|\347\352@K\253~&\260\032\024\004B\200\255h\351\013\361\031:nG\211\005|\2003\266\274\251,W\006u\344\335d\003\306\212\313,\340\350bG\n\030Z\2732-\246\312\255\030\003\235207\005}D\260\0261ah\322M\304\216\273m0\271\234\237\007<w$\265C\245\232\033\023\313c\321B\032l\301h\005\320\252\301\361(\330[\343\357\343{\235\n\266g\272>\177\317\347\261qb&\270&\346ju\200\363N\320\307\004\034\001n\317\361\2653\254\2503\247\305\372\316W\022O\253x\250\025\373\247\354Tc\304\263\243^\352Gv\\264\261\r\035\226\306\2411\351\233\203\215\200$\231\300f\220\371c@\017\254\363\\371\340\340VaR\205~^\226\342t\360\022\204d\231\205)\272\364?\361!\334\331\315\254\230\rBG\314\023\246\244=\351\177\254\302b&\276+H;0\312\021&\275\036\237\350R\313\206R\331\304k\323u\263t\221\213yC\241\217A\242\027g\322\241'\212.E?B_\316\327\217J +\370\t^b\005\020\003\211\373\247|hC\271Nmk~J\270EU\274\036-\347\240\312FA\321\341bca\253\025\321\311\317\021\375\317\217\n\272\033o\353G>\275\361H\265\240\232um""\317\324`\214\221\314\000\211K\223+(""\200i \311\372g\254\343ZR0\224\275q\252\357\213\263\206N\357&Q\217\267\303\356I\236\357\264\311b\037\366\035\253\343\311\265\240\327q\206f\262ODi\215-\363>\034\236l\273\005G\316F\217}[\036\007\270:\260\335\271B\241N\345\330\204\327f\361\272Kb\0377p\334\264\237\177~\330]\252+:\317u\302h\n\351\n\364\231\277R\371\356\033y\265v\360Ny\246\332qY\262\231\251\n\305\334\202\305\362\n\367@k\231\016R:\327\242\366\242\253LZY\223$Gw^\203\302\311\316I7\371tTwp}\005|\372\214\251{R`\230V\244-\326I\351\255\325i\335\377\321\353\327\331\302\023\347y\016\263\271\317\306\017UV\314qu?\0064A\315{3D\010\016S\212\2353k0\361\214ID\303g\277\010Y_\001~\021\333\370\255\374\\331\306\255\336)\365Rth\024\t\300.M\315\321S\257\224\252\362\326P\316\303%nX\3742\333\036\004Y\264yG^\234\177\214\305q\237\274G\300a4\275\240s\215\222\210\016\020G\344=-:GK\312\035\271\201\350\376F\260G\347\000\235\365P6pmH\033\373\212c\377o\232\356\320D\002\277,]os{\354/?\312e\006wda\001\023\375\316\025\254\321\244\370+Y`\220\270\254\2601E[FI\310\235<qI \356\032v%\001\230\016\203\200\251UD\347\304\373\034\211\340@\342\033\263\365\356\341\357\350\324\035J\032\177\230\207\220\303+\207\352g\317N\027>\222M\271m\033\236\021:\272\233r\373\233hC}\256\020\210\010\233\335\025[ d(\343\263\327\177\030\246\254H\277\254E\231\006\033_lB\210\264\334Y\322\314\362\320L\000Q\240\317\3502\006,|\364\004\275\034\006\337\370""\330\364\202\314\315\311?\030\260\361u)\336\202\265Y\177X\227$\245tCB\345\314d\231A\300\204\371KJ\036\321\330\014]""EN\266$]\331\226c\351\312\376z\254\214\206B\274&M\032\376v\266\3104u)\r\312\021\273\030jJH\215G4\367fQ;\255\3404\372\225\341L\224\242\200VY\220\355\020\353I\n\363\266\036\311\003OR\250""\032\230\021]+$\302\005\224\270\033E\r\312\315}\200\2505\216\221\301\341\035[\247\325\236M^\360a\267\356\267\247]\357\236\n\207}P\2654\026`\256u\276\r&\026K\315a\3337\216.\240\362\263\327]\372\325\037\006\345\236\265\343\337g\271\317\315\374\3357gX\036\024'\357<$\322\323$\375\346&^\361\0009\022`\210$\005\261rTx\343\226\224vC\2607.\025\213@~\312\227\000 o\232\016\376|a3\352&\324\337\230\212\265o\2035\250\303\2760\241\364^\002Z\031Z!\300\002\364\004\232\355\234\202\021\371_~\346\024\242\247\366\231\036\370\365\313\014\307\362i\210e\030\317\336e\256\245\026R\036\304S\352]~\264\227\2326\315\307\363\323\325\303\032N\256*\307\327 \235\332\207u\210\271\257\306g\231i*\260\326k\001"";   nodeid: ""\260\000\000\000\000\000\000\000\000\000\000\000\000\000\000\000\000\000\000\000\000\000\000\000\000\000\000\000\000\000\000\000\001""; }; "
1750527699559,1750527699559,0,1,3,0,TMLedgerData,"ledgerHash: ""a\353k\036W\036\333\243\313y\256\236\230\270\325\233\373\001c\343\030e+OD\224O\347\364mD\216""; ledgerSeq: 53; type: liBASE; nodes {;   nodedata: ""\000\000\0005\001cEx]\211\377\330_~\346\024\242\247\366\231\036\370\365\313\014\307\362i\210e\030\317\336e\256\245\026R\036\304S\352]~\000\000\000\000\000\000\000\000\000\000\000\000\000\000\000\000\000\000\000\000\000\000\000\000\000\000\000\000\000\000\000\000)\370\307B!i\274DheH\363\274\027\353\272.*-\256\234\334\317\200(t\354}\357V|u/\351\253M/\351\253T\n\000""; }; nodes {;   nodedata: ""\323C\344\327\264{\312-\017:\006{\177\344N\002\326bO\260\220\006\033\362\345\005U\221DzJ0\001\301\025%1L\307\t\261\262z\374\222T\301\274V\236\223\262\270Ct\362\337b\356\024*\324\320\351\317\002k\336\234\027v\351\217\260\303\360\233ZPZWr\246$w\313\313\r\243r\232\2234\373\3539:N\004Q\245\272D\312D\300\300\t\323\0257\345e\271\na\215{\226\255x%T\257\037\333\004\344_/R\006E\344\037@\210\363\010\336T\226\247'\204_{\261\370""1\235\2445\343\033Y!\212\201\341\272\225'\007\224\322\202\232{[\264X\3416\265\263o\2015\2657\010:\022\362\216D!@\315O\277A\341O?\013\003""; }; requestCookie: 5; ","ledgerHash: ""a\353k\036W\036\333\243\313y\256\236\230\270\325\233\373\001c\343\030e+OD\224O\347\364mD\216""; ledgerSeq: 53; type: liBASE; nodes {;   nodedata: ""\000\000\0005\001cEx]\211\377\330_~\346\024\242\247\366\231\036\370\365\313\014\307\362i\210e\030\317\336e\256\245\026R\036\304S\352]~\000\000\000\000\000\000\000\000\000\000\000\000\000\000\000\000\000\000\000\000\000\000\000\000\000\000\000\000\000\000\000\000)\370\307B!i\274DheH\363\274\027\353\272.*-\256\234\334\317\200(t\354}\357V|u/\351\253M/\351\253T\n\000""; }; nodes {;   nodedata: ""\323C\344\327\264{\312-\017:\006{\177\344N\002\326bO\260\220\006\033\362\345\005U\221DzJ0\001\301\025%1L\307\t\261\262z\374\222T\301\274V\236\223\262\270Ct\362\337b\356\024*\324\320\351\317\002k\336\234\027v\351\217\260\303\360\233ZPZWr\246$w\313\313\r\243r\232\2234\373\3539:N\004Q\245\272D\312D\300\300\t\323\0257\345e\271\na\215{\226\255x%T\257\037\333\004\344_/R\006E\344\037@\210\363\010\336T\226\247'\204_{\261\370""1\235\2445\343\033Y!\212\201\341\272\225'\007\224\322\202\232{[\264X\3416\265\263o\2015\2657\010:\022\362\216D!@\315O\277A\341O?\013\003""; }; requestCookie: 5; "
1750527699565,1750527699565,0,1,1,3,TMGetLedger,"itype: liBASE; ledgerHash: ""a\353k\036W\036\333\243\313y\256\236\230\270\325\233\373\001c\343\030e+OD\224O\347\364mD\216""; ledgerSeq: 53; requestCookie: 3; queryType: qtINDIRECT; ","itype: liBASE; ledgerHash: ""a\353k\036W\036\333\243\313y\256\236\230\270\325\233\373\001c\343\030e+OD\224O\347\364mD\216""; ledgerSeq: 53; requestCookie: 3; queryType: qtINDIRECT; "
1750527699569,1750527699569,0,1,3,1,TMLedgerData,"ledgerHash: ""a\353k\036W\036\333\243\313y\256\236\230\270\325\233\373\001c\343\030e+OD\224O\347\364mD\216""; ledgerSeq: 53; type: liAS_NODE; nodes {;   nodedata: ""\021\000h""\000\000\000\000 \033\000\000\0004\002\023\306\337\330\356GuH\375\327!\255\371\r\231\262R\256J\034\222\241\355X\265E\241^W\225\304\014\361CX-}\351f\032\255\274\334m\326c\017\014ao[\342\230\003\245\245\3341Hm\326^\017jy\335\261\032Yt\320\244{g\0306\\302\303*\341\215\223\257\364\277o\375\000r\241SOq\221\253\262\005\017\375T\356\014\360o'\030\311-\267\031\257!\031T\006><\315XM\334\324\345\034\000\325\367\240\271\013\265\024\321\362\354\211\250.\234s\225amc\305\035\366\276\037nD\277`\210\223N\3535\033\261\304f\331]\036\237\306o!\223\221\002\324\031\262\240R\177 ,\214\325\Q])\016\2067\277\t\354\010\000\360\215\2502\265\245\310\226\243c\302Ze\306\253#r\020\211\320iG\276\020E\317\035Sf\223F\254\033@\177e\277\016\010u\327\371&\262\312\317Q\2361t\377x\234\001v\003%\030\325_\225g\204\346a=\225\273\331\354\365*U\363\263N\367b\371\244\314-w\363\262\225Z\200\206\235\233\257?sE\2674\254\326mU\377?\177Ek\336\030!\316Aa\225\303\022\377{\210Y\226\271as\354L\035\004\341\361\035\301\024\220m#*\372\032\3178~\374\250\014*\323\342'z69\220\327\256\351G\367\317u\302\207\270b\315\333\333\334\310I\323&\014\352XZnW2.\335\347\202\021\247\362\212e\034\000\001\250\220\305;a\314\265R\310\017\317\331\235\360\262\240:\277\202\266\354\265X""\022\nh\252\352w\204\203\023]\001f\352\277\0031Q]\362\370R\350{\261\202\240\344\215\201\353\276\322p5p\350\354\017>\250r\241c\273\016\301\024\363\242\247\263\231\370\344\nBW\220K\316@3\243\200\036wk\253GSlU\010\360\231>\331\263H\214\324\030A\225\301o\346pkSF\004\241\213w9\223=\250\262*+\255\351r\265\244c\024\213\t\007`\223\325#\3477\210\345P\306\013\320\252[\0216+\227=`\371P\314\346 V7\271[~\n\237\274|\347\352@K\253~&\260\032\024\004B\200\255h\351\013\361\031:nG\211\005|\2003\266\274\251,W\006u\344\335d\003\306\212\313,\340\350bG\n\030Z\2732-\246\312\255\030\003\235207\005}D\260\0261ah\322M\304\216\273m0\271\234\237\007<w$\265C\245\232\033\023\313c\321B\032l\301h\005\320\252\301\361(\330[\343\357\343{\235\n\266g\272>\177\317\347\261qb&\270&\346ju\200\363N\320\307\004\034\001n\317\361\2653\254\2503\247\305\372\316W\022O\253x\250\025\373\247\354Tc\304\263\243^\352Gv\\264\261\r\035\226\306\2411\351\233\203\215\200$\231\300f\220\371c@\017\254\363\\371\340\340VaR\205~^\226\342t\360\022\204d\231\205)\272\364?\361!\334\331\315\254\230\rBG\314\023\246\244=\351\177\254\302b&\276+H;0\312\021&\275\036\237\350R\313\206R\331\304k\323u\263t\221\213yC\241\217A\242\027g\322\241'\212.E?B_\316\327\217J +\370\t^b\005\020\003\211\373\247|hC\271Nmk~J\270EU\274\036-\347\240\312FA\321\341bca\253\025\321\311\317\021\375\317\217\n\272\033o\353G>\275\361H\265\240\232um""\317\324`\214\221\314\000\211K\223+(""\200i \311\372g\254\343ZR0\224\275q\252\357\213\263\206N\357&Q\217\267\303\356I\236\357\264\311b\037\366\035\253\343\311\265\240\327q\206f\262ODi\215-\363>\034\236l\273\005G\316F\217}[\036\007\270:\260\335\271B\241N\345\330\204\327f\361\272Kb\0377p\334\264\237\177~\330]\252+:\317u\302h\n\351\n\364\231\277R\371\356\033y\265v\360Ny\246\332qY\262\231\251\n\305\334\202\305\362\n\367@k\231\016R:\327\242\366\242\253LZY\223$Gw^\203\302\311\316I7\371tTwp}\005|\372\214\251{R`\230V\244-\326I\351\255\325i\335\377\321\353\327\331\302\023\347y\016\263\271\317\306\017UV\314qu?\0064A\315{3D\010\016S\212\2353k0\361\214ID\303g\277\010Y_\001~\021\333\370\255\374\\331\306\255\336)\365Rth\024\t\300.M\315\321S\257\224\252\362\326P\316\303%nX\3742\333\036\004Y\264yG^\234\177\214\305q\237\274G\300a4\275\240s\215\222\210\016\020G\344=-:GK\312\035\271\201\350\376F\260G\347\000\235\365P6pmH\033\373\212c\377o\232\356\320D\002\277,]os{\354/?\312e\006wda\001\023\375\316\025\254\321\244\370+Y`\220\270\254\2601E[FI\310\235<qI \356\032v%\001\230\016\203\200\251UD\347\304\373\034\211\340@\342\033\263\365\356\341\357\350\324\035J\032\177\230\207\220\303+\207\352g\317N\027>\222M\271m\033\236\021:\272\233r\373\233hC}\256\020\210\010\233\335\025[ d(\343\263\327\177\030\246\254H\277\254E\231\006\033_lB\210\264\334Y\322\314\362\320L\000Q\240\317\3502\006,|\364\004\275\034\006\337\370""\330\364\202\314\315\311?\030\260\361u)\336\202\265Y\177X\227$\245tCB\345\314d\231A\300\204\371KJ\036\321\330\014]""EN\266$]\331\226c\351\312\376z\254\214\206B\274&M\032\376v\266\3104u)\r\312\021\273\030jJH\215G4\367fQ;\255\3404\372\225\341L\224\242\200VY\220\355\020\353I\n\363\266\036\311\003OR\250""\032\230\021]+$\302\005\224\270\033E\r\312\315}\200\2505\216\221\301\341\035[\247\325\236M^\360a\267\356\267\247]\357\236\n\207}P\2654\026`\256u\276\r&\026K\315a\3337\216.\240\362\263\327]\372\325\037\006\345\236\265\343\337g\271\317\315\374\3357gX\036\024'\357<$\322\323$\375\346&^\361\0009\022`\210$\005\261rTx\343\226\224vC\2607.\025\213@~\312\227\000 o\232\016\376|a3\352&\324\337\230\212\265o\2035\250\303\2760\241\364^\002Z\031Z!\300\002\364\004\232\355\234\202\021\371_~\346\024\242\247\366\231\036\370\365\313\014\307\362i\210e\030\317\336e\256\245\026R\036\304S\352]~\264\227\2326\315\307\363\323\325\303\032N\256*\307\327 \235\332\207u\210\271\257\306g\231i*\260\326k\001"";   nodeid: ""\260\000\000\000\000\000\000\000\000\000\000\000\000\000\000\000\000\000\000\000\000\000\000\000\000\000\000\000\000\000\000\000\001""; }; ","ledgerHash: ""a\353k\036W\036\333\243\313y\256\236\230\270\325\233\373\001c\343\030e+OD\224O\347\364mD\216""; ledgerSeq: 53; type: liAS_NODE; nodes {;   nodedata: ""\021\000h""\000\000\000\000 \033\000\000\0004\002\023\306\337\330\356GuH\375\327!\255\371\r\231\262R\256J\034\222\241\355X\265E\241^W\225\304\014\361CX-}\351f\032\255\274\334m\326c\017\014ao[\342\230\003\245\245\3341Hm\326^\017jy\335\261\032Yt\320\244{g\0306\\302\303*\341\215\223\257\364\277o\375\000r\241SOq\221\253\262\005\017\375T\356\014\360o'\030\311-\267\031\257!\031T\006><\315XM\334\324\345\034\000\325\367\240\271\013\265\024\321\362\354\211\250.\234s\225amc\305\035\366\276\037nD\277`\210\223N\3535\033\261\304f\331]\036\237\306o!\223\221\002\324\031\262\240R\177 ,\214\325\Q])\016\2067\277\t\354\010\000\360\215\2502\265\245\310\226\243c\302Ze\306\253#r\020\211\320iG\276\020E\317\035Sf\223F\254\033@\177e\277\016\010u\327\371&\262\312\317Q\2361t\377x\234\001v\003%\030\325_\225g\204\346a=\225\273\331\354\365*U\363\263N\367b\371\244\314-w\363\262\225Z\200\206\235\233\257?sE\2674\254\326mU\377?\177Ek\336\030!\316Aa\225\303\022\377{\210Y\226\271as\354L\035\004\341\361\035\301\024\220m#*\372\032\3178~\374\250\014*\323\342'z69\220\327\256\351G\367\317u\302\207\270b\315\333\333\334\310I\323&\014\352XZnW2.\335\347\202\021\247\362\212e\034\000\001\250\220\305;a\314\265R\310\017\317\331\235\360\262\240:\277\202\266\354\265X""\022\nh\252\352w\204\203\023]\001f\352\277\0031Q]\362\370R\350{\261\202\240\344\215\201\353\276\322p5p\350\354\017>\250r\241c\273\016\301\024\363\242\247\263\231\370\344\nBW\220K\316@3\243\200\036wk\253GSlU\010\360\231>\331\263H\214\324\030A\225\301o\346pkSF\004\241\213w9\223=\250\262*+\255\351r\265\244c\024\213\t\007`\223\325#\3477\210\345P\306\013\320\252[\0216+\227=`\371P\314\346 V7\271[~\n\237\274|\347\352@K\253~&\260\032\024\004B\200\255h\351\013\361\031:nG\211\005|\2003\266\274\251,W\006u\344\335d\003\306\212\313,\340\350bG\n\030Z\2732-\246\312\255\030\003\235207\005}D\260\0261ah\322M\304\216\273m0\271\234\237\007<w$\265C\245\232\033\023\313c\321B\032l\301h\005\320\252\301\361(\330[\343\357\343{\235\n\266g\272>\177\317\347\261qb&\270&\346ju\200\363N\320\307\004\034\001n\317\361\2653\254\2503\247\305\372\316W\022O\253x\250\025\373\247\354Tc\304\263\243^\352Gv\\264\261\r\035\226\306\2411\351\233\203\215\200$\231\300f\220\371c@\017\254\363\\371\340\340VaR\205~^\226\342t\360\022\204d\231\205)\272\364?\361!\334\331\315\254\230\rBG\314\023\246\244=\351\177\254\302b&\276+H;0\312\021&\275\036\237\350R\313\206R\331\304k\323u\263t\221\213yC\241\217A\242\027g\322\241'\212.E?B_\316\327\217J +\370\t^b\005\020\003\211\373\247|hC\271Nmk~J\270EU\274\036-\347\240\312FA\321\341bca\253\025\321\311\317\021\375\317\217\n\272\033o\353G>\275\361H\265\240\232um""\317\324`\214\221\314\000\211K\223+(""\200i \311\372g\254\343ZR0\224\275q\252\357\213\263\206N\357&Q\217\267\303\356I\236\357\264\311b\037\366\035\253\343\311\265\240\327q\206f\262ODi\215-\363>\034\236l\273\005G\316F\217}[\036\007\270:\260\335\271B\241N\345\330\204\327f\361\272Kb\0377p\334\264\237\177~\330]\252+:\317u\302h\n\351\n\364\231\277R\371\356\033y\265v\360Ny\246\332qY\262\231\251\n\305\334\202\305\362\n\367@k\231\016R:\327\242\366\242\253LZY\223$Gw^\203\302\311\316I7\371tTwp}\005|\372\214\251{R`\230V\244-\326I\351\255\325i\335\377\321\353\327\331\302\023\347y\016\263\271\317\306\017UV\314qu?\0064A\315{3D\010\016S\212\2353k0\361\214ID\303g\277\010Y_\001~\021\333\370\255\374\\331\306\255\336)\365Rth\024\t\300.M\315\321S\257\224\252\362\326P\316\303%nX\3742\333\036\004Y\264yG^\234\177\214\305q\237\274G\300a4\275\240s\215\222\210\016\020G\344=-:GK\312\035\271\201\350\376F\260G\347\000\235\365P6pmH\033\373\212c\377o\232\356\320D\002\277,]os{\354/?\312e\006wda\001\023\375\316\025\254\321\244\370+Y`\220\270\254\2601E[FI\310\235<qI \356\032v%\001\230\016\203\200\251UD\347\304\373\034\211\340@\342\033\263\365\356\341\357\350\324\035J\032\177\230\207\220\303+\207\352g\317N\027>\222M\271m\033\236\021:\272\233r\373\233hC}\256\020\210\010\233\335\025[ d(\343\263\327\177\030\246\254H\277\254E\231\006\033_lB\210\264\334Y\322\314\362\320L\000Q\240\317\3502\006,|\364\004\275\034\006\337\370""\330\364\202\314\315\311?\030\260\361u)\336\202\265Y\177X\227$\245tCB\345\314d\231A\300\204\371KJ\036\321\330\014]""EN\266$]\331\226c\351\312\376z\254\214\206B\274&M\032\376v\266\3104u)\r\312\021\273\030jJH\215G4\367fQ;\255\3404\372\225\341L\224\242\200VY\220\355\020\353I\n\363\266\036\311\003OR\250""\032\230\021]+$\302\005\224\270\033E\r\312\315}\200\2505\216\221\301\341\035[\247\325\236M^\360a\267\356\267\247]\357\236\n\207}P\2654\026`\256u\276\r&\026K\315a\3337\216.\240\362\263\327]\372\325\037\006\345\236\265\343\337g\271\317\315\374\3357gX\036\024'\357<$\322\323$\375\346&^\361\0009\022`\210$\005\261rTx\343\226\224vC\2607.\025\213@~\312\227\000 o\232\016\376|a3\352&\324\337\230\212\265o\2035\250\303\2760\241\364^\002Z\031Z!\300\002\364\004\232\355\234\202\021\371_~\346\024\242\247\366\231\036\370\365\313\014\307\362i\210e\030\317\336e\256\245\026R\036\304S\352]~\264\227\2326\315\307\363\323\325\303\032N\256*\307\327 \235\332\207u\210\271\257\306g\231i*\260\326k\001"";   nodeid: ""\260\000\000\000\000\000\000\000\000\000\000\000\000\000\000\000\000\000\000\000\000\000\000\000\000\000\000\000\000\000\000\000\001""; }; "
1750527699570,1750527699571,0,1,3,4,TMLedgerData,"ledgerHash: ""a\353k\036W\036\333\243\313y\256\236\230\270\325\233\373\001c\343\030e+OD\224O\347\364mD\216""; ledgerSeq: 53; type: liAS_NODE; nodes {;   nodedata: ""\021\000h""\000\000\000\000 \033\000\000\0004\002\023\306\337\330\356GuH\375\327!\255\371\r\231\262R\256J\034\222\241\355X\265E\241^W\225\304\014\361CX-}\351f\032\255\274\334m\326c\017\014ao[\342\230\003\245\245\3341Hm\326^\017jy\335\261\032Yt\320\244{g\0306\\302\303*\341\215\223\257\364\277o\375\000r\241SOq\221\253\262\005\017\375T\356\014\360o'\030\311-\267\031\257!\031T\006><\315XM\334\324\345\034\000\325\367\240\271\013\265\024\321\362\354\211\250.\234s\225amc\305\035\366\276\037nD\277`\210\223N\3535\033\261\304f\331]\036\237\306o!\223\221\002\324\031\262\240R\177 ,\214\325\Q])\016\2067\277\t\354\010\000\360\215\2502\265\245\310\226\243c\302Ze\306\253#r\020\211\320iG\276\020E\317\035Sf\223F\254\033@\177e\277\016\010u\327\371&\262\312\317Q\2361t\377x\234\001v\003%\030\325_\225g\204\346a=\225\273\331\354\365*U\363\263N\367b\371\244\314-w\363\262\225Z\200\206\235\233\257?sE\2674\254\326mU\377?\177Ek\336\030!\316Aa\225\303\022\377{\210Y\226\271as\354L\035\004\341\361\035\301\024\220m#*\372\032\3178~\374\250\014*\323\342'z69\220\327\256\351G\367\317u\302\207\270b\315\333\333\334\310I\323&\014\352XZnW2.\335\347\202\021\247\362\212e\034\000\001\250\220\305;a\314\265R\310\017\317\331\235\360\262\240:\277\202\266\354\265X""\022\nh\252\352w\204\203\023]\001f\352\277\0031Q]\362\370R\350{\261\202\240\344\215\201\353\276\322p5p\350\354\017>\250r\241c\273\016\301\024\363\242\247\263\231\370\344\nBW\220K\316@3\243\200\036wk\253GSlU\010\360\231>\331\263H\214\324\030A\225\301o\346pkSF\004\241\213w9\223=\250\262*+\255\351r\265\244c\024\213\t\007`\223\325#\3477\210\345P\306\013\320\252[\0216+\227=`\371P\314\346 V7\271[~\n\237\274|\347\352@K\253~&\260\032\024\004B\200\255h\351\013\361\031:nG\211\005|\2003\266\274\251,W\006u\344\335d\003\306\212\313,\340\350bG\n\030Z\2732-\246\312\255\030\003\235207\005}D\260\0261ah\322M\304\216\273m0\271\234\237\007<w$\265C\245\232\033\023\313c\321B\032l\301h\005\320\252\301\361(\330[\343\357\343{\235\n\266g\272>\177\317\347\261qb&\270&\346ju\200\363N\320\307\004\034\001n\317\361\2653\254\2503\247\305\372\316W\022O\253x\250\025\373\247\354Tc\304\263\243^\352Gv\\264\261\r\035\226\306\2411\351\233\203\215\200$\231\300f\220\371c@\017\254\363\\371\340\340VaR\205~^\226\342t\360\022\204d\231\205)\272\364?\361!\334\331\315\254\230\rBG\314\023\246\244=\351\177\254\302b&\276+H;0\312\021&\275\036\237\350R\313\206R\331\304k\323u\263t\221\213yC\241\217A\242\027g\322\241'\212.E?B_\316\327\217J +\370\t^b\005\020\003\211\373\247|hC\271Nmk~J\270EU\274\036-\347\240\312FA\321\341bca\253\025\321\311\317\021\375\317\217\n\272\033o\353G>\275\361H\265\240\232um""\317\324`\214\221\314\000\211K\223+(""\200i \311\372g\254\343ZR0\224\275q\252\357\213\263\206N\357&Q\217\267\303\356I\236\357\264\311b\037\366\035\253\343\311\265\240\327q\206f\262ODi\215-\363>\034\236l\273\005G\316F\217}[\036\007\270:\260\335\271B\241N\345\330\204\327f\361\272Kb\0377p\334\264\237\177~\330]\252+:\317u\302h\n\351\n\364\231\277R\371\356\033y\265v\360Ny\246\332qY\262\231\251\n\305\334\202\305\362\n\367@k\231\016R:\327\242\366\242\253LZY\223$Gw^\203\302\311\316I7\371tTwp}\005|\372\214\251{R`\230V\244-\326I\351\255\325i\335\377\321\353\327\331\302\023\347y\016\263\271\317\306\017UV\314qu?\0064A\315{3D\010\016S\212\2353k0\361\214ID\303g\277\010Y_\001~\021\333\370\255\374\\331\306\255\336)\365Rth\024\t\300.M\315\321S\257\224\252\362\326P\316\303%nX\3742\333\036\004Y\264yG^\234\177\214\305q\237\274G\300a4\275\240s\215\222\210\016\020G\344=-:GK\312\035\271\201\350\376F\260G\347\000\235\365P6pmH\033\373\212c\377o\232\356\320D\002\277,]os{\354/?\312e\006wda\001\023\375\316\025\254\321\244\370+Y`\220\270\254\2601E[FI\310\235<qI \356\032v%\001\230\016\203\200\251UD\347\304\373\034\211\340@\342\033\263\365\356\341\357\350\324\035J\032\177\230\207\220\303+\207\352g\317N\027>\222M\271m\033\236\021:\272\233r\373\233hC}\256\020\210\010\233\335\025[ d(\343\263\327\177\030\246\254H\277\254E\231\006\033_lB\210\264\334Y\322\314\362\320L\000Q\240\317\3502\006,|\364\004\275\034\006\337\370""\330\364\202\314\315\311?\030\260\361u)\336\202\265Y\177X\227$\245tCB\345\314d\231A\300\204\371KJ\036\321\330\014]""EN\266$]\331\226c\351\312\376z\254\214\206B\274&M\032\376v\266\3104u)\r\312\021\273\030jJH\215G4\367fQ;\255\3404\372\225\341L\224\242\200VY\220\355\020\353I\n\363\266\036\311\003OR\250""\032\230\021]+$\302\005\224\270\033E\r\312\315}\200\2505\216\221\301\341\035[\247\325\236M^\360a\267\356\267\247]\357\236\n\207}P\2654\026`\256u\276\r&\026K\315a\3337\216.\240\362\263\327]\372\325\037\006\345\236\265\343\337g\271\317\315\374\3357gX\036\024'\357<$\322\323$\375\346&^\361\0009\022`\210$\005\261rTx\343\226\224vC\2607.\025\213@~\312\227\000 o\232\016\376|a3\352&\324\337\230\212\265o\2035\250\303\2760\241\364^\002Z\031Z!\300\002\364\004\232\355\234\202\021\371_~\346\024\242\247\366\231\036\370\365\313\014\307\362i\210e\030\317\336e\256\245\026R\036\304S\352]~\264\227\2326\315\307\363\323\325\303\032N\256*\307\327 \235\332\207u\210\271\257\306g\231i*\260\326k\001"";   nodeid: ""\260\000\000\000\000\000\000\000\000\000\000\000\000\000\000\000\000\000\000\000\000\000\000\000\000\000\000\000\000\000\000\000\001""; }; ","ledgerHash: ""a\353k\036W\036\333\243\313y\256\236\230\270\325\233\373\001c\343\030e+OD\224O\347\364mD\216""; ledgerSeq: 53; type: liAS_NODE; nodes {;   nodedata: ""\021\000h""\000\000\000\000 \033\000\000\0004\002\023\306\337\330\356GuH\375\327!\255\371\r\231\262R\256J\034\222\241\355X\265E\241^W\225\304\014\361CX-}\351f\032\255\274\334m\326c\017\014ao[\342\230\003\245\245\3341Hm\326^\017jy\335\261\032Yt\320\244{g\0306\\302\303*\341\215\223\257\364\277o\375\000r\241SOq\221\253\262\005\017\375T\356\014\360o'\030\311-\267\031\257!\031T\006><\315XM\334\324\345\034\000\325\367\240\271\013\265\024\321\362\354\211\250.\234s\225amc\305\035\366\276\037nD\277`\210\223N\3535\033\261\304f\331]\036\237\306o!\223\221\002\324\031\262\240R\177 ,\214\325\Q])\016\2067\277\t\354\010\000\360\215\2502\265\245\310\226\243c\302Ze\306\253#r\020\211\320iG\276\020E\317\035Sf\223F\254\033@\177e\277\016\010u\327\371&\262\312\317Q\2361t\377x\234\001v\003%\030\325_\225g\204\346a=\225\273\331\354\365*U\363\263N\367b\371\244\314-w\363\262\225Z\200\206\235\233\257?sE\2674\254\326mU\377?\177Ek\336\030!\316Aa\225\303\022\377{\210Y\226\271as\354L\035\004\341\361\035\301\024\220m#*\372\032\3178~\374\250\014*\323\342'z69\220\327\256\351G\367\317u\302\207\270b\315\333\333\334\310I\323&\014\352XZnW2.\335\347\202\021\247\362\212e\034\000\001\250\220\305;a\314\265R\310\017\317\331\235\360\262\240:\277\202\266\354\265X""\022\nh\252\352w\204\203\023]\001f\352\277\0031Q]\362\370R\350{\261\202\240\344\215\201\353\276\322p5p\350\354\017>\250r\241c\273\016\301\024\363\242\247\263\231\370\344\nBW\220K\316@3\243\200\036wk\253GSlU\010\360\231>\331\263H\214\324\030A\225\301o\346pkSF\004\241\213w9\223=\250\262*+\255\351r\265\244c\024\213\t\007`\223\325#\3477\210\345P\306\013\320\252[\0216+\227=`\371P\314\346 V7\271[~\n\237\274|\347\352@K\253~&\260\032\024\004B\200\255h\351\013\361\031:nG\211\005|\2003\266\274\251,W\006u\344\335d\003\306\212\313,\340\350bG\n\030Z\2732-\246\312\255\030\003\235207\005}D\260\0261ah\322M\304\216\273m0\271\234\237\007<w$\265C\245\232\033\023\313c\321B\032l\301h\005\320\252\301\361(\330[\343\357\343{\235\n\266g\272>\177\317\347\261qb&\270&\346ju\200\363N\320\307\004\034\001n\317\361\2653\254\2503\247\305\372\316W\022O\253x\250\025\373\247\354Tc\304\263\243^\352Gv\\264\261\r\035\226\306\2411\351\233\203\215\200$\231\300f\220\371c@\017\254\363\\371\340\340VaR\205~^\226\342t\360\022\204d\231\205)\272\364?\361!\334\331\315\254\230\rBG\314\023\246\244=\351\177\254\302b&\276+H;0\312\021&\275\036\237\350R\313\206R\331\304k\323u\263t\221\213yC\241\217A\242\027g\322\241'\212.E?B_\316\327\217J +\370\t^b\005\020\003\211\373\247|hC\271Nmk~J\270EU\274\036-\347\240\312FA\321\341bca\253\025\321\311\317\021\375\317\217\n\272\033o\353G>\275\361H\265\240\232um""\317\324`\214\221\314\000\211K\223+(""\200i \311\372g\254\343ZR0\224\275q\252\357\213\263\206N\357&Q\217\267\303\356I\236\357\264\311b\037\366\035\253\343\311\265\240\327q\206f\262ODi\215-\363>\034\236l\273\005G\316F\217}[\036\007\270:\260\335\271B\241N\345\330\204\327f\361\272Kb\0377p\334\264\237\177~\330]\252+:\317u\302h\n\351\n\364\231\277R\371\356\033y\265v\360Ny\246\332qY\262\231\251\n\305\334\202\305\362\n\367@k\231\016R:\327\242\366\242\253LZY\223$Gw^\203\302\311\316I7\371tTwp}\005|\372\214\251{R`\230V\244-\326I\351\255\325i\335\377\321\353\327\331\302\023\347y\016\263\271\317\306\017UV\314qu?\0064A\315{3D\010\016S\212\2353k0\361\214ID\303g\277\010Y_\001~\021\333\370\255\374\\331\306\255\336)\365Rth\024\t\300.M\315\321S\257\224\252\362\326P\316\303%nX\3742\333\036\004Y\264yG^\234\177\214\305q\237\274G\300a4\275\240s\215\222\210\016\020G\344=-:GK\312\035\271\201\350\376F\260G\347\000\235\365P6pmH\033\373\212c\377o\232\356\320D\002\277,]os{\354/?\312e\006wda\001\023\375\316\025\254\321\244\370+Y`\220\270\254\2601E[FI\310\235<qI \356\032v%\001\230\016\203\200\251UD\347\304\373\034\211\340@\342\033\263\365\356\341\357\350\324\035J\032\177\230\207\220\303+\207\352g\317N\027>\222M\271m\033\236\021:\272\233r\373\233hC}\256\020\210\010\233\335\025[ d(\343\263\327\177\030\246\254H\277\254E\231\006\033_lB\210\264\334Y\322\314\362\320L\000Q\240\317\3502\006,|\364\004\275\034\006\337\370""\330\364\202\314\315\311?\030\260\361u)\336\202\265Y\177X\227$\245tCB\345\314d\231A\300\204\371KJ\036\321\330\014]""EN\266$]\331\226c\351\312\376z\254\214\206B\274&M\032\376v\266\3104u)\r\312\021\273\030jJH\215G4\367fQ;\255\3404\372\225\341L\224\242\200VY\220\355\020\353I\n\363\266\036\311\003OR\250""\032\230\021]+$\302\005\224\270\033E\r\312\315}\200\2505\216\221\301\341\035[\247\325\236M^\360a\267\356\267\247]\357\236\n\207}P\2654\026`\256u\276\r&\026K\315a\3337\216.\240\362\263\327]\372\325\037\006\345\236\265\343\337g\271\317\315\374\3357gX\036\024'\357<$\322\323$\375\346&^\361\0009\022`\210$\005\261rTx\343\226\224vC\2607.\025\213@~\312\227\000 o\232\016\376|a3\352&\324\337\230\212\265o\2035\250\303\2760\241\364^\002Z\031Z!\300\002\364\004\232\355\234\202\021\371_~\346\024\242\247\366\231\036\370\365\313\014\307\362i\210e\030\317\336e\256\245\026R\036\304S\352]~\264\227\2326\315\307\363\323\325\303\032N\256*\307\327 \235\332\207u\210\271\257\306g\231i*\260\326k\001"";   nodeid: ""\260\000\000\000\000\000\000\000\000\000\000\000\000\000\000\000\000\000\000\000\000\000\000\000\000\000\000\000\000\000\000\000\001""; }; "
1750527699571,1750527699571,0,1,3,2,TMLedgerData,"ledgerHash: ""a\353k\036W\036\333\243\313y\256\236\230\270\325\233\373\001c\343\030e+OD\224O\347\364mD\216""; ledgerSeq: 53; type: liBASE; nodes {;   nodedata: ""\000\000\0005\001cEx]\211\377\330_~\346\024\242\247\366\231\036\370\365\313\014\307\362i\210e\030\317\336e\256\245\026R\036\304S\352]~\000\000\000\000\000\000\000\000\000\000\000\000\000\000\000\000\000\000\000\000\000\000\000\000\000\000\000\000\000\000\000\000)\370\307B!i\274DheH\363\274\027\353\272.*-\256\234\334\317\200(t\354}\357V|u/\351\253M/\351\253T\n\000""; }; nodes {;   nodedata: ""\323C\344\327\264{\312-\017:\006{\177\344N\002\326bO\260\220\006\033\362\345\005U\221DzJ0\001\301\025%1L\307\t\261\262z\374\222T\301\274V\236\223\262\270Ct\362\337b\356\024*\324\320\351\317\002k\336\234\027v\351\217\260\303\360\233ZPZWr\246$w\313\313\r\243r\232\2234\373\3539:N\004Q\245\272D\312D\300\300\t\323\0257\345e\271\na\215{\226\255x%T\257\037\333\004\344_/R\006E\344\037@\210\363\010\336T\226\247'\204_{\261\370""1\235\2445\343\033Y!\212\201\341\272\225'\007\224\322\202\232{[\264X\3416\265\263o\2015\2657\010:\022\362\216D!@\315O\277A\341O?\013\003""; }; requestCookie: 5; ","ledgerHash: ""a\353k\036W\036\333\243\313y\256\236\230\270\325\233\373\001c\343\030e+OD\224O\347\364mD\216""; ledgerSeq: 53; type: liBASE; nodes {;   nodedata: ""\000\000\0005\001cEx]\211\377\330_~\346\024\242\247\366\231\036\370\365\313\014\307\362i\210e\030\317\336e\256\245\026R\036\304S\352]~\000\000\000\000\000\000\000\000\000\000\000\000\000\000\000\000\000\000\000\000\000\000\000\000\000\000\000\000\000\000\000\000)\370\307B!i\274DheH\363\274\027\353\272.*-\256\234\334\317\200(t\354}\357V|u/\351\253M/\351\253T\n\000""; }; nodes {;   nodedata: ""\323C\344\327\264{\312-\017:\006{\177\344N\002\326bO\260\220\006\033\362\345\005U\221DzJ0\001\301\025%1L\307\t\261\262z\374\222T\301\274V\236\223\262\270Ct\362\337b\356\024*\324\320\351\317\002k\336\234\027v\351\217\260\303\360\233ZPZWr\246$w\313\313\r\243r\232\2234\373\3539:N\004Q\245\272D\312D\300\300\t\323\0257\345e\271\na\215{\226\255x%T\257\037\333\004\344_/R\006E\344\037@\210\363\010\336T\226\247'\204_{\261\370""1\235\2445\343\033Y!\212\201\341\272\225'\007\224\322\202\232{[\264X\3416\265\263o\2015\2657\010:\022\362\216D!@\315O\277A\341O?\013\003""; }; requestCookie: 5; "
1750527699571,1750527699571,0,1,3,2,TMLedgerData,"ledgerHash: ""a\353k\036W\036\333\243\313y\256\236\230\270\325\233\373\001c\343\030e+OD\224O\347\364mD\216""; ledgerSeq: 53; type: liBASE; nodes {;   nodedata: ""\000\000\0005\001cEx]\211\377\330_~\346\024\242\247\366\231\036\370\365\313\014\307\362i\210e\030\317\336e\256\245\026R\036\304S\352]~\000\000\000\000\000\000\000\000\000\000\000\000\000\000\000\000\000\000\000\000\000\000\000\000\000\000\000\000\000\000\000\000)\370\307B!i\274DheH\363\274\027\353\272.*-\256\234\334\317\200(t\354}\357V|u/\351\253M/\351\253T\n\000""; }; nodes {;   nodedata: ""\323C\344\327\264{\312-\017:\006{\177\344N\002\326bO\260\220\006\033\362\345\005U\221DzJ0\001\301\025%1L\307\t\261\262z\374\222T\301\274V\236\223\262\270Ct\362\337b\356\024*\324\320\351\317\002k\336\234\027v\351\217\260\303\360\233ZPZWr\246$w\313\313\r\243r\232\2234\373\3539:N\004Q\245\272D\312D\300\300\t\323\0257\345e\271\na\215{\226\255x%T\257\037\333\004\344_/R\006E\344\037@\210\363\010\336T\226\247'\204_{\261\370""1\235\2445\343\033Y!\212\201\341\272\225'\007\224\322\202\232{[\264X\3416\265\263o\2015\2657\010:\022\362\216D!@\315O\277A\341O?\013\003""; }; requestCookie: 2; ","ledgerHash: ""a\353k\036W\036\333\243\313y\256\236\230\270\325\233\373\001c\343\030e+OD\224O\347\364mD\216""; ledgerSeq: 53; type: liBASE; nodes {;   nodedata: ""\000\000\0005\001cEx]\211\377\330_~\346\024\242\247\366\231\036\370\365\313\014\307\362i\210e\030\317\336e\256\245\026R\036\304S\352]~\000\000\000\000\000\000\000\000\000\000\000\000\000\000\000\000\000\000\000\000\000\000\000\000\000\000\000\000\000\000\000\000)\370\307B!i\274DheH\363\274\027\353\272.*-\256\234\334\317\200(t\354}\357V|u/\351\253M/\351\253T\n\000""; }; nodes {;   nodedata: ""\323C\344\327\264{\312-\017:\006{\177\344N\002\326bO\260\220\006\033\362\345\005U\221DzJ0\001\301\025%1L\307\t\261\262z\374\222T\301\274V\236\223\262\270Ct\362\337b\356\024*\324\320\351\317\002k\336\234\027v\351\217\260\303\360\233ZPZWr\246$w\313\313\r\243r\232\2234\373\3539:N\004Q\245\272D\312D\300\300\t\323\0257\345e\271\na\215{\226\255x%T\257\037\333\004\344_/R\006E\344\037@\210\363\010\336T\226\247'\204_{\261\370""1\235\2445\343\033Y!\212\201\341\272\225'\007\224\322\202\232{[\264X\3416\265\263o\2015\2657\010:\022\362\216D!@\315O\277A\341O?\013\003""; }; requestCookie: 2; "
1750527699572,1750527699573,0,1,3,0,TMLedgerData,"ledgerHash: ""a\353k\036W\036\333\243\313y\256\236\230\270\325\233\373\001c\343\030e+OD\224O\347\364mD\216""; ledgerSeq: 53; type: liBASE; nodes {;   nodedata: ""\000\000\0005\001cEx]\211\377\330_~\346\024\242\247\366\231\036\370\365\313\014\307\362i\210e\030\317\336e\256\245\026R\036\304S\352]~\000\000\000\000\000\000\000\000\000\000\000\000\000\000\000\000\000\000\000\000\000\000\000\000\000\000\000\000\000\000\000\000)\370\307B!i\274DheH\363\274\027\353\272.*-\256\234\334\317\200(t\354}\357V|u/\351\253M/\351\253T\n\000""; }; nodes {;   nodedata: ""\323C\344\327\264{\312-\017:\006{\177\344N\002\326bO\260\220\006\033\362\345\005U\221DzJ0\001\301\025%1L\307\t\261\262z\374\222T\301\274V\236\223\262\270Ct\362\337b\356\024*\324\320\351\317\002k\336\234\027v\351\217\260\303\360\233ZPZWr\246$w\313\313\r\243r\232\2234\373\3539:N\004Q\245\272D\312D\300\300\t\323\0257\345e\271\na\215{\226\255x%T\257\037\333\004\344_/R\006E\344\037@\210\363\010\336T\226\247'\204_{\261\370""1\235\2445\343\033Y!\212\201\341\272\225'\007\224\322\202\232{[\264X\3416\265\263o\2015\2657\010:\022\362\216D!@\315O\277A\341O?\013\003""; }; requestCookie: 2; ","ledgerHash: ""a\353k\036W\036\333\243\313y\256\236\230\270\325\233\373\001c\343\030e+OD\224O\347\364mD\216""; ledgerSeq: 53; type: liBASE; nodes {;   nodedata: ""\000\000\0005\001cEx]\211\377\330_~\346\024\242\247\366\231\036\370\365\313\014\307\362i\210e\030\317\336e\256\245\026R\036\304S\352]~\000\000\000\000\000\000\000\000\000\000\000\000\000\000\000\000\000\000\000\000\000\000\000\000\000\000\000\000\000\000\000\000)\370\307B!i\274DheH\363\274\027\353\272.*-\256\234\334\317\200(t\354}\357V|u/\351\253M/\351\253T\n\000""; }; nodes {;   nodedata: ""\323C\344\327\264{\312-\017:\006{\177\344N\002\326bO\260\220\006\033\362\345\005U\221DzJ0\001\301\025%1L\307\t\261\262z\374\222T\301\274V\236\223\262\270Ct\362\337b\356\024*\324\320\351\317\002k\336\234\027v\351\217\260\303\360\233ZPZWr\246$w\313\313\r\243r\232\2234\373\3539:N\004Q\245\272D\312D\300\300\t\323\0257\345e\271\na\215{\226\255x%T\257\037\333\004\344_/R\006E\344\037@\210\363\010\336T\226\247'\204_{\261\370""1\235\2445\343\033Y!\212\201\341\272\225'\007\224\322\202\232{[\264X\3416\265\263o\2015\2657\010:\022\362\216D!@\315O\277A\341O?\013\003""; }; requestCookie: 2; "
1750527699574,1750527699574,0,1,3,1,TMLedgerData,"ledgerHash: ""a\353k\036W\036\333\243\313y\256\236\230\270\325\233\373\001c\343\030e+OD\224O\347\364mD\216""; ledgerSeq: 53; type: liBASE; nodes {;   nodedata: ""\000\000\0005\001cEx]\211\377\330_~\346\024\242\247\366\231\036\370\365\313\014\307\362i\210e\030\317\336e\256\245\026R\036\304S\352]~\000\000\000\000\000\000\000\000\000\000\000\000\000\000\000\000\000\000\000\000\000\000\000\000\000\000\000\000\000\000\000\000)\370\307B!i\274DheH\363\274\027\353\272.*-\256\234\334\317\200(t\354}\357V|u/\351\253M/\351\253T\n\000""; }; nodes {;   nodedata: ""\323C\344\327\264{\312-\017:\006{\177\344N\002\326bO\260\220\006\033\362\345\005U\221DzJ0\001\301\025%1L\307\t\261\262z\374\222T\301\274V\236\223\262\270Ct\362\337b\356\024*\324\320\351\317\002k\336\234\027v\351\217\260\303\360\233ZPZWr\246$w\313\313\r\243r\232\2234\373\3539:N\004Q\245\272D\312D\300\300\t\323\0257\345e\271\na\215{\226\255x%T\257\037\333\004\344_/R\006E\344\037@\210\363\010\336T\226\247'\204_{\261\370""1\235\2445\343\033Y!\212\201\341\272\225'\007\224\322\202\232{[\264X\3416\265\263o\2015\2657\010:\022\362\216D!@\315O\277A\341O?\013\003""; }; requestCookie: 5; ","ledgerHash: ""a\353k\036W\036\333\243\313y\256\236\230\270\325\233\373\001c\343\030e+OD\224O\347\364mD\216""; ledgerSeq: 53; type: liBASE; nodes {;   nodedata: ""\000\000\0005\001cEx]\211\377\330_~\346\024\242\247\366\231\036\370\365\313\014\307\362i\210e\030\317\336e\256\245\026R\036\304S\352]~\000\000\000\000\000\000\000\000\000\000\000\000\000\000\000\000\000\000\000\000\000\000\000\000\000\000\000\000\000\000\000\000)\370\307B!i\274DheH\363\274\027\353\272.*-\256\234\334\317\200(t\354}\357V|u/\351\253M/\351\253T\n\000""; }; nodes {;   nodedata: ""\323C\344\327\264{\312-\017:\006{\177\344N\002\326bO\260\220\006\033\362\345\005U\221DzJ0\001\301\025%1L\307\t\261\262z\374\222T\301\274V\236\223\262\270Ct\362\337b\356\024*\324\320\351\317\002k\336\234\027v\351\217\260\303\360\233ZPZWr\246$w\313\313\r\243r\232\2234\373\3539:N\004Q\245\272D\312D\300\300\t\323\0257\345e\271\na\215{\226\255x%T\257\037\333\004\344_/R\006E\344\037@\210\363\010\336T\226\247'\204_{\261\370""1\235\2445\343\033Y!\212\201\341\272\225'\007\224\322\202\232{[\264X\3416\265\263o\2015\2657\010:\022\362\216D!@\315O\277A\341O?\013\003""; }; requestCookie: 5; "
1750527699574,1750527699574,0,1,3,1,TMLedgerData,"ledgerHash: ""a\353k\036W\036\333\243\313y\256\236\230\270\325\233\373\001c\343\030e+OD\224O\347\364mD\216""; ledgerSeq: 53; type: liBASE; nodes {;   nodedata: ""\000\000\0005\001cEx]\211\377\330_~\346\024\242\247\366\231\036\370\365\313\014\307\362i\210e\030\317\336e\256\245\026R\036\304S\352]~\000\000\000\000\000\000\000\000\000\000\000\000\000\000\000\000\000\000\000\000\000\000\000\000\000\000\000\000\000\000\000\000)\370\307B!i\274DheH\363\274\027\353\272.*-\256\234\334\317\200(t\354}\357V|u/\351\253M/\351\253T\n\000""; }; nodes {;   nodedata: ""\323C\344\327\264{\312-\017:\006{\177\344N\002\326bO\260\220\006\033\362\345\005U\221DzJ0\001\301\025%1L\307\t\261\262z\374\222T\301\274V\236\223\262\270Ct\362\337b\356\024*\324\320\351\317\002k\336\234\027v\351\217\260\303\360\233ZPZWr\246$w\313\313\r\243r\232\2234\373\3539:N\004Q\245\272D\312D\300\300\t\323\0257\345e\271\na\215{\226\255x%T\257\037\333\004\344_/R\006E\344\037@\210\363\010\336T\226\247'\204_{\261\370""1\235\2445\343\033Y!\212\201\341\272\225'\007\224\322\202\232{[\264X\3416\265\263o\2015\2657\010:\022\362\216D!@\315O\277A\341O?\013\003""; }; requestCookie: 2; ","ledgerHash: ""a\353k\036W\036\333\243\313y\256\236\230\270\325\233\373\001c\343\030e+OD\224O\347\364mD\216""; ledgerSeq: 53; type: liBASE; nodes {;   nodedata: ""\000\000\0005\001cEx]\211\377\330_~\346\024\242\247\366\231\036\370\365\313\014\307\362i\210e\030\317\336e\256\245\026R\036\304S\352]~\000\000\000\000\000\000\000\000\000\000\000\000\000\000\000\000\000\000\000\000\000\000\000\000\000\000\000\000\000\000\000\000)\370\307B!i\274DheH\363\274\027\353\272.*-\256\234\334\317\200(t\354}\357V|u/\351\253M/\351\253T\n\000""; }; nodes {;   nodedata: ""\323C\344\327\264{\312-\017:\006{\177\344N\002\326bO\260\220\006\033\362\345\005U\221DzJ0\001\301\025%1L\307\t\261\262z\374\222T\301\274V\236\223\262\270Ct\362\337b\356\024*\324\320\351\317\002k\336\234\027v\351\217\260\303\360\233ZPZWr\246$w\313\313\r\243r\232\2234\373\3539:N\004Q\245\272D\312D\300\300\t\323\0257\345e\271\na\215{\226\255x%T\257\037\333\004\344_/R\006E\344\037@\210\363\010\336T\226\247'\204_{\261\370""1\235\2445\343\033Y!\212\201\341\272\225'\007\224\322\202\232{[\264X\3416\265\263o\2015\2657\010:\022\362\216D!@\315O\277A\341O?\013\003""; }; requestCookie: 2; "
1750527699575,1750527699575,0,1,4,0,TMLedgerData,"ledgerHash: ""a\353k\036W\036\333\243\313y\256\236\230\270\325\233\373\001c\343\030e+OD\224O\347\364mD\216""; ledgerSeq: 53; type: liBASE; nodes {;   nodedata: ""\000\000\0005\001cEx]\211\377\330_~\346\024\242\247\366\231\036\370\365\313\014\307\362i\210e\030\317\336e\256\245\026R\036\304S\352]~\000\000\000\000\000\000\000\000\000\000\000\000\000\000\000\000\000\000\000\000\000\000\000\000\000\000\000\000\000\000\000\000)\370\307B!i\274DheH\363\274\027\353\272.*-\256\234\334\317\200(t\354}\357V|u/\351\253M/\351\253T\n\000""; }; nodes {;   nodedata: ""\323C\344\327\264{\312-\017:\006{\177\344N\002\326bO\260\220\006\033\362\345\005U\221DzJ0\001\301\025%1L\307\t\261\262z\374\222T\301\274V\236\223\262\270Ct\362\337b\356\024*\324\320\351\317\002k\336\234\027v\351\217\260\303\360\233ZPZWr\246$w\313\313\r\243r\232\2234\373\3539:N\004Q\245\272D\312D\300\300\t\323\0257\345e\271\na\215{\226\255x%T\257\037\333\004\344_/R\006E\344\037@\210\363\010\336T\226\247'\204_{\261\370""1\235\2445\343\033Y!\212\201\341\272\225'\007\224\322\202\232{[\264X\3416\265\263o\2015\2657\010:\022\362\216D!@\315O\277A\341O?\013\003""; }; ","ledgerHash: ""a\353k\036W\036\333\243\313y\256\236\230\270\325\233\373\001c\343\030e+OD\224O\347\364mD\216""; ledgerSeq: 53; type: liBASE; nodes {;   nodedata: ""\000\000\0005\001cEx]\211\377\330_~\346\024\242\247\366\231\036\370\365\313\014\307\362i\210e\030\317\336e\256\245\026R\036\304S\352]~\000\000\000\000\000\000\000\000\000\000\000\000\000\000\000\000\000\000\000\000\000\000\000\000\000\000\000\000\000\000\000\000)\370\307B!i\274DheH\363\274\027\353\272.*-\256\234\334\317\200(t\354}\357V|u/\351\253M/\351\253T\n\000""; }; nodes {;   nodedata: ""\323C\344\327\264{\312-\017:\006{\177\344N\002\326bO\260\220\006\033\362\345\005U\221DzJ0\001\301\025%1L\307\t\261\262z\374\222T\301\274V\236\223\262\270Ct\362\337b\356\024*\324\320\351\317\002k\336\234\027v\351\217\260\303\360\233ZPZWr\246$w\313\313\r\243r\232\2234\373\3539:N\004Q\245\272D\312D\300\300\t\323\0257\345e\271\na\215{\226\255x%T\257\037\333\004\344_/R\006E\344\037@\210\363\010\336T\226\247'\204_{\261\370""1\235\2445\343\033Y!\212\201\341\272\225'\007\224\322\202\232{[\264X\3416\265\263o\2015\2657\010:\022\362\216D!@\315O\277A\341O?\013\003""; }; "
1750527699577,1750527699577,0,1,3,2,TMLedgerData,"ledgerHash: ""a\353k\036W\036\333\243\313y\256\236\230\270\325\233\373\001c\343\030e+OD\224O\347\364mD\216""; ledgerSeq: 53; type: liBASE; nodes {;   nodedata: ""\000\000\0005\001cEx]\211\377\330_~\346\024\242\247\366\231\036\370\365\313\014\307\362i\210e\030\317\336e\256\245\026R\036\304S\352]~\000\000\000\000\000\000\000\000\000\000\000\000\000\000\000\000\000\000\000\000\000\000\000\000\000\000\000\000\000\000\000\000)\370\307B!i\274DheH\363\274\027\353\272.*-\256\234\334\317\200(t\354}\357V|u/\351\253M/\351\253T\n\000""; }; nodes {;   nodedata: ""\323C\344\327\264{\312-\017:\006{\177\344N\002\326bO\260\220\006\033\362\345\005U\221DzJ0\001\301\025%1L\307\t\261\262z\374\222T\301\274V\236\223\262\270Ct\362\337b\356\024*\324\320\351\317\002k\336\234\027v\351\217\260\303\360\233ZPZWr\246$w\313\313\r\243r\232\2234\373\3539:N\004Q\245\272D\312D\300\300\t\323\0257\345e\271\na\215{\226\255x%T\257\037\333\004\344_/R\006E\344\037@\210\363\010\336T\226\247'\204_{\261\370""1\235\2445\343\033Y!\212\201\341\272\225'\007\224\322\202\232{[\264X\3416\265\263o\2015\2657\010:\022\362\216D!@\315O\277A\341O?\013\003""; }; requestCookie: 3; ","ledgerHash: ""a\353k\036W\036\333\243\313y\256\236\230\270\325\233\373\001c\343\030e+OD\224O\347\364mD\216""; ledgerSeq: 53; type: liBASE; nodes {;   nodedata: ""\000\000\0005\001cEx]\211\377\330_~\346\024\242\247\366\231\036\370\365\313\014\307\362i\210e\030\317\336e\256\245\026R\036\304S\352]~\000\000\000\000\000\000\000\000\000\000\000\000\000\000\000\000\000\000\000\000\000\000\000\000\000\000\000\000\000\000\000\000)\370\307B!i\274DheH\363\274\027\353\272.*-\256\234\334\317\200(t\354}\357V|u/\351\253M/\351\253T\n\000""; }; nodes {;   nodedata: ""\323C\344\327\264{\312-\017:\006{\177\344N\002\326bO\260\220\006\033\362\345\005U\221DzJ0\001\301\025%1L\307\t\261\262z\374\222T\301\274V\236\223\262\270Ct\362\337b\356\024*\324\320\351\317\002k\336\234\027v\351\217\260\303\360\233ZPZWr\246$w\313\313\r\243r\232\2234\373\3539:N\004Q\245\272D\312D\300\300\t\323\0257\345e\271\na\215{\226\255x%T\257\037\333\004\344_/R\006E\344\037@\210\363\010\336T\226\247'\204_{\261\370""1\235\2445\343\033Y!\212\201\341\272\225'\007\224\322\202\232{[\264X\3416\265\263o\2015\2657\010:\022\362\216D!@\315O\277A\341O?\013\003""; }; requestCookie: 3; "
1750527699578,1750527699578,0,1,4,2,TMLedgerData,"ledgerHash: ""a\353k\036W\036\333\243\313y\256\236\230\270\325\233\373\001c\343\030e+OD\224O\347\364mD\216""; ledgerSeq: 53; type: liBASE; nodes {;   nodedata: ""\000\000\0005\001cEx]\211\377\330_~\346\024\242\247\366\231\036\370\365\313\014\307\362i\210e\030\317\336e\256\245\026R\036\304S\352]~\000\000\000\000\000\000\000\000\000\000\000\000\000\000\000\000\000\000\000\000\000\000\000\000\000\000\000\000\000\000\000\000)\370\307B!i\274DheH\363\274\027\353\272.*-\256\234\334\317\200(t\354}\357V|u/\351\253M/\351\253T\n\000""; }; nodes {;   nodedata: ""\323C\344\327\264{\312-\017:\006{\177\344N\002\326bO\260\220\006\033\362\345\005U\221DzJ0\001\301\025%1L\307\t\261\262z\374\222T\301\274V\236\223\262\270Ct\362\337b\356\024*\324\320\351\317\002k\336\234\027v\351\217\260\303\360\233ZPZWr\246$w\313\313\r\243r\232\2234\373\3539:N\004Q\245\272D\312D\300\300\t\323\0257\345e\271\na\215{\226\255x%T\257\037\333\004\344_/R\006E\344\037@\210\363\010\336T\226\247'\204_{\261\370""1\235\2445\343\033Y!\212\201\341\272\225'\007\224\322\202\232{[\264X\3416\265\263o\2015\2657\010:\022\362\216D!@\315O\277A\341O?\013\003""; }; ","ledgerHash: ""a\353k\036W\036\333\243\313y\256\236\230\270\325\233\373\001c\343\030e+OD\224O\347\364mD\216""; ledgerSeq: 53; type: liBASE; nodes {;   nodedata: ""\000\000\0005\001cEx]\211\377\330_~\346\024\242\247\366\231\036\370\365\313\014\307\362i\210e\030\317\336e\256\245\026R\036\304S\352]~\000\000\000\000\000\000\000\000\000\000\000\000\000\000\000\000\000\000\000\000\000\000\000\000\000\000\000\000\000\000\000\000)\370\307B!i\274DheH\363\274\027\353\272.*-\256\234\334\317\200(t\354}\357V|u/\351\253M/\351\253T\n\000""; }; nodes {;   nodedata: ""\323C\344\327\264{\312-\017:\006{\177\344N\002\326bO\260\220\006\033\362\345\005U\221DzJ0\001\301\025%1L\307\t\261\262z\374\222T\301\274V\236\223\262\270Ct\362\337b\356\024*\324\320\351\317\002k\336\234\027v\351\217\260\303\360\233ZPZWr\246$w\313\313\r\243r\232\2234\373\3539:N\004Q\245\272D\312D\300\300\t\323\0257\345e\271\na\215{\226\255x%T\257\037\333\004\344_/R\006E\344\037@\210\363\010\336T\226\247'\204_{\261\370""1\235\2445\343\033Y!\212\201\341\272\225'\007\224\322\202\232{[\264X\3416\265\263o\2015\2657\010:\022\362\216D!@\315O\277A\341O?\013\003""; }; "
1750527699578,1750527699579,0,1,3,2,TMLedgerData,"ledgerHash: ""a\353k\036W\036\333\243\313y\256\236\230\270\325\233\373\001c\343\030e+OD\224O\347\364mD\216""; ledgerSeq: 53; type: liAS_NODE; nodes {;   nodedata: ""\021\000h""\000\000\000\000 \033\000\000\0004\002\023\306\337\330\356GuH\375\327!\255\371\r\231\262R\256J\034\222\241\355X\265E\241^W\225\304\014\361CX-}\351f\032\255\274\334m\326c\017\014ao[\342\230\003\245\245\3341Hm\326^\017jy\335\261\032Yt\320\244{g\0306\\302\303*\341\215\223\257\364\277o\375\000r\241SOq\221\253\262\005\017\375T\356\014\360o'\030\311-\267\031\257!\031T\006><\315XM\334\324\345\034\000\325\367\240\271\013\265\024\321\362\354\211\250.\234s\225amc\305\035\366\276\037nD\277`\210\223N\3535\033\261\304f\331]\036\237\306o!\223\221\002\324\031\262\240R\177 ,\214\325\Q])\016\2067\277\t\354\010\000\360\215\2502\265\245\310\226\243c\302Ze\306\253#r\020\211\320iG\276\020E\317\035Sf\223F\254\033@\177e\277\016\010u\327\371&\262\312\317Q\2361t\377x\234\001v\003%\030\325_\225g\204\346a=\225\273\331\354\365*U\363\263N\367b\371\244\314-w\363\262\225Z\200\206\235\233\257?sE\2674\254\326mU\377?\177Ek\336\030!\316Aa\225\303\022\377{\210Y\226\271as\354L\035\004\341\361\035\301\024\220m#*\372\032\3178~\374\250\014*\323\342'z69\220\327\256\351G\367\317u\302\207\270b\315\333\333\334\310I\323&\014\352XZnW2.\335\347\202\021\247\362\212e\034\000\001\250\220\305;a\314\265R\310\017\317\331\235\360\262\240:\277\202\266\354\265X""\022\nh\252\352w\204\203\023]\001f\352\277\0031Q]\362\370R\350{\261\202\240\344\215\201\353\276\322p5p\350\354\017>\250r\241c\273\016\301\024\363\242\247\263\231\370\344\nBW\220K\316@3\243\200\036wk\253GSlU\010\360\231>\331\263H\214\324\030A\225\301o\346pkSF\004\241\213w9\223=\250\262*+\255\351r\265\244c\024\213\t\007`\223\325#\3477\210\345P\306\013\320\252[\0216+\227=`\371P\314\346 V7\271[~\n\237\274|\347\352@K\253~&\260\032\024\004B\200\255h\351\013\361\031:nG\211\005|\2003\266\274\251,W\006u\344\335d\003\306\212\313,\340\350bG\n\030Z\2732-\246\312\255\030\003\235207\005}D\260\0261ah\322M\304\216\273m0\271\234\237\007<w$\265C\245\232\033\023\313c\321B\032l\301h\005\320\252\301\361(\330[\343\357\343{\235\n\266g\272>\177\317\347\261qb&\270&\346ju\200\363N\320\307\004\034\001n\317\361\2653\254\2503\247\305\372\316W\022O\253x\250\025\373\247\354Tc\304\263\243^\352Gv\\264\261\r\035\226\306\2411\351\233\203\215\200$\231\300f\220\371c@\017\254\363\\371\340\340VaR\205~^\226\342t\360\022\204d\231\205)\272\364?\361!\334\331\315\254\230\rBG\314\023\246\244=\351\177\254\302b&\276+H;0\312\021&\275\036\237\350R\313\206R\331\304k\323u\263t\221\213yC\241\217A\242\027g\322\241'\212.E?B_\316\327\217J +\370\t^b\005\020\003\211\373\247|hC\271Nmk~J\270EU\274\036-\347\240\312FA\321\341bca\253\025\321\311\317\021\375\317\217\n\272\033o\353G>\275\361H\265\240\232um""\317\324`\214\221\314\000\211K\223+(""\200i \311\372g\254\343ZR0\224\275q\252\357\213\263\206N\357&Q\217\267\303\356I\236\357\264\311b\037\366\035\253\343\311\265\240\327q\206f\262ODi\215-\363>\034\236l\273\005G\316F\217}[\036\007\270:\260\335\271B\241N\345\330\204\327f\361\272Kb\0377p\334\264\237\177~\330]\252+:\317u\302h\n\351\n\364\231\277R\371\356\033y\265v\360Ny\246\332qY\262\231\251\n\305\334\202\305\362\n\367@k\231\016R:\327\242\366\242\253LZY\223$Gw^\203\302\311\316I7\371tTwp}\005|\372\214\251{R`\230V\244-\326I\351\255\325i\335\377\321\353\327\331\302\023\347y\016\263\271\317\306\017UV\314qu?\0064A\315{3D\010\016S\212\2353k0\361\214ID\303g\277\010Y_\001~\021\333\370\255\374\\331\306\255\336)\365Rth\024\t\300.M\315\321S\257\224\252\362\326P\316\303%nX\3742\333\036\004Y\264yG^\234\177\214\305q\237\274G\300a4\275\240s\215\222\210\016\020G\344=-:GK\312\035\271\201\350\376F\260G\347\000\235\365P6pmH\033\373\212c\377o\232\356\320D\002\277,]os{\354/?\312e\006wda\001\023\375\316\025\254\321\244\370+Y`\220\270\254\2601E[FI\310\235<qI \356\032v%\001\230\016\203\200\251UD\347\304\373\034\211\340@\342\033\263\365\356\341\357\350\324\035J\032\177\230\207\220\303+\207\352g\317N\027>\222M\271m\033\236\021:\272\233r\373\233hC}\256\020\210\010\233\335\025[ d(\343\263\327\177\030\246\254H\277\254E\231\006\033_lB\210\264\334Y\322\314\362\320L\000Q\240\317\3502\006,|\364\004\275\034\006\337\370""\330\364\202\314\315\311?\030\260\361u)\336\202\265Y\177X\227$\245tCB\345\314d\231A\300\204\371KJ\036\321\330\014]""EN\266$]\331\226c\351\312\376z\254\214\206B\274&M\032\376v\266\3104u)\r\312\021\273\030jJH\215G4\367fQ;\255\3404\372\225\341L\224\242\200VY\220\355\020\353I\n\363\266\036\311\003OR\250""\032\230\021]+$\302\005\224\270\033E\r\312\315}\200\2505\216\221\301\341\035[\247\325\236M^\360a\267\356\267\247]\357\236\n\207}P\2654\026`\256u\276\r&\026K\315a\3337\216.\240\362\263\327]\372\325\037\006\345\236\265\343\337g\271\317\315\374\3357gX\036\024'\357<$\322\323$\375\346&^\361\0009\022`\210$\005\261rTx\343\226\224vC\2607.\025\213@~\312\227\000 o\232\016\376|a3\352&\324\337\230\212\265o\2035\250\303\2760\241\364^\002Z\031Z!\300\002\364\004\232\355\234\202\021\371_~\346\024\242\247\366\231\036\370\365\313\014\307\362i\210e\030\317\336e\256\245\026R\036\304S\352]~\264\227\2326\315\307\363\323\325\303\032N\256*\307\327 \235\332\207u\210\271\257\306g\231i*\260\326k\001"";   nodeid: ""\260\000\000\000\000\000\000\000\000\000\000\000\000\000\000\000\000\000\000\000\000\000\000\000\000\000\000\000\000\000\000\000\001""; }; ","ledgerHash: ""a\353k\036W\036\333\243\313y\256\236\230\270\325\233\373\001c\343\030e+OD\224O\347\364mD\216""; ledgerSeq: 53; type: liAS_NODE; nodes {;   nodedata: ""\021\000h""\000\000\000\000 \033\000\000\0004\002\023\306\337\330\356GuH\375\327!\255\371\r\231\262R\256J\034\222\241\355X\265E\241^W\225\304\014\361CX-}\351f\032\255\274\334m\326c\017\014ao[\342\230\003\245\245\3341Hm\326^\017jy\335\261\032Yt\320\244{g\0306\\302\303*\341\215\223\257\364\277o\375\000r\241SOq\221\253\262\005\017\375T\356\014\360o'\030\311-\267\031\257!\031T\006><\315XM\334\324\345\034\000\325\367\240\271\013\265\024\321\362\354\211\250.\234s\225amc\305\035\366\276\037nD\277`\210\223N\3535\033\261\304f\331]\036\237\306o!\223\221\002\324\031\262\240R\177 ,\214\325\Q])\016\2067\277\t\354\010\000\360\215\2502\265\245\310\226\243c\302Ze\306\253#r\020\211\320iG\276\020E\317\035Sf\223F\254\033@\177e\277\016\010u\327\371&\262\312\317Q\2361t\377x\234\001v\003%\030\325_\225g\204\346a=\225\273\331\354\365*U\363\263N\367b\371\244\314-w\363\262\225Z\200\206\235\233\257?sE\2674\254\326mU\377?\177Ek\336\030!\316Aa\225\303\022\377{\210Y\226\271as\354L\035\004\341\361\035\301\024\220m#*\372\032\3178~\374\250\014*\323\342'z69\220\327\256\351G\367\317u\302\207\270b\315\333\333\334\310I\323&\014\352XZnW2.\335\347\202\021\247\362\212e\034\000\001\250\220\305;a\314\265R\310\017\317\331\235\360\262\240:\277\202\266\354\265X""\022\nh\252\352w\204\203\023]\001f\352\277\0031Q]\362\370R\350{\261\202\240\344\215\201\353\276\322p5p\350\354\017>\250r\241c\273\016\301\024\363\242\247\263\231\370\344\nBW\220K\316@3\243\200\036wk\253GSlU\010\360\231>\331\263H\214\324\030A\225\301o\346pkSF\004\241\213w9\223=\250\262*+\255\351r\265\244c\024\213\t\007`\223\325#\3477\210\345P\306\013\320\252[\0216+\227=`\371P\314\346 V7\271[~\n\237\274|\347\352@K\253~&\260\032\024\004B\200\255h\351\013\361\031:nG\211\005|\2003\266\274\251,W\006u\344\335d\003\306\212\313,\340\350bG\n\030Z\2732-\246\312\255\030\003\235207\005}D\260\0261ah\322M\304\216\273m0\271\234\237\007<w$\265C\245\232\033\023\313c\321B\032l\301h\005\320\252\301\361(\330[\343\357\343{\235\n\266g\272>\177\317\347\261qb&\270&\346ju\200\363N\320\307\004\034\001n\317\361\2653\254\2503\247\305\372\316W\022O\253x\250\025\373\247\354Tc\304\263\243^\352Gv\\264\261\r\035\226\306\2411\351\233\203\215\200$\231\300f\220\371c@\017\254\363\\371\340\340VaR\205~^\226\342t\360\022\204d\231\205)\272\364?\361!\334\331\315\254\230\rBG\314\023\246\244=\351\177\254\302b&\276+H;0\312\021&\275\036\237\350R\313\206R\331\304k\323u\263t\221\213yC\241\217A\242\027g\322\241'\212.E?B_\316\327\217J +\370\t^b\005\020\003\211\373\247|hC\271Nmk~J\270EU\274\036-\347\240\312FA\321\341bca\253\025\321\311\317\021\375\317\217\n\272\033o\353G>\275\361H\265\240\232um""\317\324`\214\221\314\000\211K\223+(""\200i \311\372g\254\343ZR0\224\275q\252\357\213\263\206N\357&Q\217\267\303\356I\236\357\264\311b\037\366\035\253\343\311\265\240\327q\206f\262ODi\215-\363>\034\236l\273\005G\316F\217}[\036\007\270:\260\335\271B\241N\345\330\204\327f\361\272Kb\0377p\334\264\237\177~\330]\252+:\317u\302h\n\351\n\364\231\277R\371\356\033y\265v\360Ny\246\332qY\262\231\251\n\305\334\202\305\362\n\367@k\231\016R:\327\242\366\242\253LZY\223$Gw^\203\302\311\316I7\371tTwp}\005|\372\214\251{R`\230V\244-\326I\351\255\325i\335\377\321\353\327\331\302\023\347y\016\263\271\317\306\017UV\314qu?\0064A\315{3D\010\016S\212\2353k0\361\214ID\303g\277\010Y_\001~\021\333\370\255\374\\331\306\255\336)\365Rth\024\t\300.M\315\321S\257\224\252\362\326P\316\303%nX\3742\333\036\004Y\264yG^\234\177\214\305q\237\274G\300a4\275\240s\215\222\210\016\020G\344=-:GK\312\035\271\201\350\376F\260G\347\000\235\365P6pmH\033\373\212c\377o\232\356\320D\002\277,]os{\354/?\312e\006wda\001\023\375\316\025\254\321\244\370+Y`\220\270\254\2601E[FI\310\235<qI \356\032v%\001\230\016\203\200\251UD\347\304\373\034\211\340@\342\033\263\365\356\341\357\350\324\035J\032\177\230\207\220\303+\207\352g\317N\027>\222M\271m\033\236\021:\272\233r\373\233hC}\256\020\210\010\233\335\025[ d(\343\263\327\177\030\246\254H\277\254E\231\006\033_lB\210\264\334Y\322\314\362\320L\000Q\240\317\3502\006,|\364\004\275\034\006\337\370""\330\364\202\314\315\311?\030\260\361u)\336\202\265Y\177X\227$\245tCB\345\314d\231A\300\204\371KJ\036\321\330\014]""EN\266$]\331\226c\351\312\376z\254\214\206B\274&M\032\376v\266\3104u)\r\312\021\273\030jJH\215G4\367fQ;\255\3404\372\225\341L\224\242\200VY\220\355\020\353I\n\363\266\036\311\003OR\250""\032\230\021]+$\302\005\224\270\033E\r\312\315}\200\2505\216\221\301\341\035[\247\325\236M^\360a\267\356\267\247]\357\236\n\207}P\2654\026`\256u\276\r&\026K\315a\3337\216.\240\362\263\327]\372\325\037\006\345\236\265\343\337g\271\317\315\374\3357gX\036\024'\357<$\322\323$\375\346&^\361\0009\022`\210$\005\261rTx\343\226\224vC\2607.\025\213@~\312\227\000 o\232\016\376|a3\352&\324\337\230\212\265o\2035\250\303\2760\241\364^\002Z\031Z!\300\002\364\004\232\355\234\202\021\371_~\346\024\242\247\366\231\036\370\365\313\014\307\362i\210e\030\317\336e\256\245\026R\036\304S\352]~\264\227\2326\315\307\363\323\325\303\032N\256*\307\327 \235\332\207u\210\271\257\306g\231i*\260\326k\001"";   nodeid: ""\260\000\000\000\000\000\000\000\000\000\000\000\000\000\000\000\000\000\000\000\000\000\000\000\000\000\000\000\000\000\000\000\001""; }; "
1750527699580,1750527699580,0,1,4,1,TMLedgerData,"ledgerHash: ""a\353k\036W\036\333\243\313y\256\236\230\270\325\233\373\001c\343\030e+OD\224O\347\364mD\216""; ledgerSeq: 53; type: liBASE; nodes {;   nodedata: ""\000\000\0005\001cEx]\211\377\330_~\346\024\242\247\366\231\036\370\365\313\014\307\362i\210e\030\317\336e\256\245\026R\036\304S\352]~\000\000\000\000\000\000\000\000\000\000\000\000\000\000\000\000\000\000\000\000\000\000\000\000\000\000\000\000\000\000\000\000)\370\307B!i\274DheH\363\274\027\353\272.*-\256\234\334\317\200(t\354}\357V|u/\351\253M/\351\253T\n\000""; }; nodes {;   nodedata: ""\323C\344\327\264{\312-\017:\006{\177\344N\002\326bO\260\220\006\033\362\345\005U\221DzJ0\001\301\025%1L\307\t\261\262z\374\222T\301\274V\236\223\262\270Ct\362\337b\356\024*\324\320\351\317\002k\336\234\027v\351\217\260\303\360\233ZPZWr\246$w\313\313\r\243r\232\2234\373\3539:N\004Q\245\272D\312D\300\300\t\323\0257\345e\271\na\215{\226\255x%T\257\037\333\004\344_/R\006E\344\037@\210\363\010\336T\226\247'\204_{\261\370""1\235\2445\343\033Y!\212\201\341\272\225'\007\224\322\202\232{[\264X\3416\265\263o\2015\2657\010:\022\362\216D!@\315O\277A\341O?\013\003""; }; ","ledgerHash: ""a\353k\036W\036\333\243\313y\256\236\230\270\325\233\373\001c\343\030e+OD\224O\347\364mD\216""; ledgerSeq: 53; type: liBASE; nodes {;   nodedata: ""\000\000\0005\001cEx]\211\377\330_~\346\024\242\247\366\231\036\370\365\313\014\307\362i\210e\030\317\336e\256\245\026R\036\304S\352]~\000\000\000\000\000\000\000\000\000\000\000\000\000\000\000\000\000\000\000\000\000\000\000\000\000\000\000\000\000\000\000\000)\370\307B!i\274DheH\363\274\027\353\272.*-\256\234\334\317\200(t\354}\357V|u/\351\253M/\351\253T\n\000""; }; nodes {;   nodedata: ""\323C\344\327\264{\312-\017:\006{\177\344N\002\326bO\260\220\006\033\362\345\005U\221DzJ0\001\301\025%1L\307\t\261\262z\374\222T\301\274V\236\223\262\270Ct\362\337b\356\024*\324\320\351\317\002k\336\234\027v\351\217\260\303\360\233ZPZWr\246$w\313\313\r\243r\232\2234\373\3539:N\004Q\245\272D\312D\300\300\t\323\0257\345e\271\na\215{\226\255x%T\257\037\333\004\344_/R\006E\344\037@\210\363\010\336T\226\247'\204_{\261\370""1\235\2445\343\033Y!\212\201\341\272\225'\007\224\322\202\232{[\264X\3416\265\263o\2015\2657\010:\022\362\216D!@\315O\277A\341O?\013\003""; }; "
1750527699580,1750527699580,0,1,0,2,TMLedgerData,"ledgerHash: ""a\353k\036W\036\333\243\313y\256\236\230\270\325\233\373\001c\343\030e+OD\224O\347\364mD\216""; ledgerSeq: 53; type: liBASE; nodes {;   nodedata: ""\000\000\0005\001cEx]\211\377\330_~\346\024\242\247\366\231\036\370\365\313\014\307\362i\210e\030\317\336e\256\245\026R\036\304S\352]~\000\000\000\000\000\000\000\000\000\000\000\000\000\000\000\000\000\000\000\000\000\000\000\000\000\000\000\000\000\000\000\000)\370\307B!i\274DheH\363\274\027\353\272.*-\256\234\334\317\200(t\354}\357V|u/\351\253M/\351\253T\n\000""; }; nodes {;   nodedata: ""\323C\344\327\264{\312-\017:\006{\177\344N\002\326bO\260\220\006\033\362\345\005U\221DzJ0\001\301\025%1L\307\t\261\262z\374\222T\301\274V\236\223\262\270Ct\362\337b\356\024*\324\320\351\317\002k\336\234\027v\351\217\260\303\360\233ZPZWr\246$w\313\313\r\243r\232\2234\373\3539:N\004Q\245\272D\312D\300\300\t\323\0257\345e\271\na\215{\226\255x%T\257\037\333\004\344_/R\006E\344\037@\210\363\010\336T\226\247'\204_{\261\370""1\235\2445\343\033Y!\212\201\341\272\225'\007\224\322\202\232{[\264X\3416\265\263o\2015\2657\010:\022\362\216D!@\315O\277A\341O?\013\003""; }; ","ledgerHash: ""a\353k\036W\036\333\243\313y\256\236\230\270\325\233\373\001c\343\030e+OD\224O\347\364mD\216""; ledgerSeq: 53; type: liBASE; nodes {;   nodedata: ""\000\000\0005\001cEx]\211\377\330_~\346\024\242\247\366\231\036\370\365\313\014\307\362i\210e\030\317\336e\256\245\026R\036\304S\352]~\000\000\000\000\000\000\000\000\000\000\000\000\000\000\000\000\000\000\000\000\000\000\000\000\000\000\000\000\000\000\000\000)\370\307B!i\274DheH\363\274\027\353\272.*-\256\234\334\317\200(t\354}\357V|u/\351\253M/\351\253T\n\000""; }; nodes {;   nodedata: ""\323C\344\327\264{\312-\017:\006{\177\344N\002\326bO\260\220\006\033\362\345\005U\221DzJ0\001\301\025%1L\307\t\261\262z\374\222T\301\274V\236\223\262\270Ct\362\337b\356\024*\324\320\351\317\002k\336\234\027v\351\217\260\303\360\233ZPZWr\246$w\313\313\r\243r\232\2234\373\3539:N\004Q\245\272D\312D\300\300\t\323\0257\345e\271\na\215{\226\255x%T\257\037\333\004\344_/R\006E\344\037@\210\363\010\336T\226\247'\204_{\261\370""1\235\2445\343\033Y!\212\201\341\272\225'\007\224\322\202\232{[\264X\3416\265\263o\2015\2657\010:\022\362\216D!@\315O\277A\341O?\013\003""; }; "
1750527699580,1750527699580,0,1,0,4,TMLedgerData,"ledgerHash: ""a\353k\036W\036\333\243\313y\256\236\230\270\325\233\373\001c\343\030e+OD\224O\347\364mD\216""; ledgerSeq: 53; type: liBASE; nodes {;   nodedata: ""\000\000\0005\001cEx]\211\377\330_~\346\024\242\247\366\231\036\370\365\313\014\307\362i\210e\030\317\336e\256\245\026R\036\304S\352]~\000\000\000\000\000\000\000\000\000\000\000\000\000\000\000\000\000\000\000\000\000\000\000\000\000\000\000\000\000\000\000\000)\370\307B!i\274DheH\363\274\027\353\272.*-\256\234\334\317\200(t\354}\357V|u/\351\253M/\351\253T\n\000""; }; nodes {;   nodedata: ""\323C\344\327\264{\312-\017:\006{\177\344N\002\326bO\260\220\006\033\362\345\005U\221DzJ0\001\301\025%1L\307\t\261\262z\374\222T\301\274V\236\223\262\270Ct\362\337b\356\024*\324\320\351\317\002k\336\234\027v\351\217\260\303\360\233ZPZWr\246$w\313\313\r\243r\232\2234\373\3539:N\004Q\245\272D\312D\300\300\t\323\0257\345e\271\na\215{\226\255x%T\257\037\333\004\344_/R\006E\344\037@\210\363\010\336T\226\247'\204_{\261\370""1\235\2445\343\033Y!\212\201\341\272\225'\007\224\322\202\232{[\264X\3416\265\263o\2015\2657\010:\022\362\216D!@\315O\277A\341O?\013\003""; }; ","ledgerHash: ""a\353k\036W\036\333\243\313y\256\236\230\270\325\233\373\001c\343\030e+OD\224O\347\364mD\216""; ledgerSeq: 53; type: liBASE; nodes {;   nodedata: ""\000\000\0005\001cEx]\211\377\330_~\346\024\242\247\366\231\036\370\365\313\014\307\362i\210e\030\317\336e\256\245\026R\036\304S\352]~\000\000\000\000\000\000\000\000\000\000\000\000\000\000\000\000\000\000\000\000\000\000\000\000\000\000\000\000\000\000\000\000)\370\307B!i\274DheH\363\274\027\353\272.*-\256\234\334\317\200(t\354}\357V|u/\351\253M/\351\253T\n\000""; }; nodes {;   nodedata: ""\323C\344\327\264{\312-\017:\006{\177\344N\002\326bO\260\220\006\033\362\345\005U\221DzJ0\001\301\025%1L\307\t\261\262z\374\222T\301\274V\236\223\262\270Ct\362\337b\356\024*\324\320\351\317\002k\336\234\027v\351\217\260\303\360\233ZPZWr\246$w\313\313\r\243r\232\2234\373\3539:N\004Q\245\272D\312D\300\300\t\323\0257\345e\271\na\215{\226\255x%T\257\037\333\004\344_/R\006E\344\037@\210\363\010\336T\226\247'\204_{\261\370""1\235\2445\343\033Y!\212\201\341\272\225'\007\224\322\202\232{[\264X\3416\265\263o\2015\2657\010:\022\362\216D!@\315O\277A\341O?\013\003""; }; "
1750527699582,1750527699582,0,1,3,1,TMLedgerData,"ledgerHash: ""a\353k\036W\036\333\243\313y\256\236\230\270\325\233\373\001c\343\030e+OD\224O\347\364mD\216""; ledgerSeq: 53; type: liBASE; nodes {;   nodedata: ""\000\000\0005\001cEx]\211\377\330_~\346\024\242\247\366\231\036\370\365\313\014\307\362i\210e\030\317\336e\256\245\026R\036\304S\352]~\000\000\000\000\000\000\000\000\000\000\000\000\000\000\000\000\000\000\000\000\000\000\000\000\000\000\000\000\000\000\000\000)\370\307B!i\274DheH\363\274\027\353\272.*-\256\234\334\317\200(t\354}\357V|u/\351\253M/\351\253T\n\000""; }; nodes {;   nodedata: ""\323C\344\327\264{\312-\017:\006{\177\344N\002\326bO\260\220\006\033\362\345\005U\221DzJ0\001\301\025%1L\307\t\261\262z\374\222T\301\274V\236\223\262\270Ct\362\337b\356\024*\324\320\351\317\002k\336\234\027v\351\217\260\303\360\233ZPZWr\246$w\313\313\r\243r\232\2234\373\3539:N\004Q\245\272D\312D\300\300\t\323\0257\345e\271\na\215{\226\255x%T\257\037\333\004\344_/R\006E\344\037@\210\363\010\336T\226\247'\204_{\261\370""1\235\2445\343\033Y!\212\201\341\272\225'\007\224\322\202\232{[\264X\3416\265\263o\2015\2657\010:\022\362\216D!@\315O\277A\341O?\013\003""; }; requestCookie: 3; ","ledgerHash: ""a\353k\036W\036\333\243\313y\256\236\230\270\325\233\373\001c\343\030e+OD\224O\347\364mD\216""; ledgerSeq: 53; type: liBASE; nodes {;   nodedata: ""\000\000\0005\001cEx]\211\377\330_~\346\024\242\247\366\231\036\370\365\313\014\307\362i\210e\030\317\336e\256\245\026R\036\304S\352]~\000\000\000\000\000\000\000\000\000\000\000\000\000\000\000\000\000\000\000\000\000\000\000\000\000\000\000\000\000\000\000\000)\370\307B!i\274DheH\363\274\027\353\272.*-\256\234\334\317\200(t\354}\357V|u/\351\253M/\351\253T\n\000""; }; nodes {;   nodedata: ""\323C\344\327\264{\312-\017:\006{\177\344N\002\326bO\260\220\006\033\362\345\005U\221DzJ0\001\301\025%1L\307\t\261\262z\374\222T\301\274V\236\223\262\270Ct\362\337b\356\024*\324\320\351\317\002k\336\234\027v\351\217\260\303\360\233ZPZWr\246$w\313\313\r\243r\232\2234\373\3539:N\004Q\245\272D\312D\300\300\t\323\0257\345e\271\na\215{\226\255x%T\257\037\333\004\344_/R\006E\344\037@\210\363\010\336T\226\247'\204_{\261\370""1\235\2445\343\033Y!\212\201\341\272\225'\007\224\322\202\232{[\264X\3416\265\263o\2015\2657\010:\022\362\216D!@\315O\277A\341O?\013\003""; }; requestCookie: 3; "
1750527699583,1750527699583,0,1,1,4,TMLedgerData,"ledgerHash: ""a\353k\036W\036\333\243\313y\256\236\230\270\325\233\373\001c\343\030e+OD\224O\347\364mD\216""; ledgerSeq: 53; type: liBASE; nodes {;   nodedata: ""\000\000\0005\001cEx]\211\377\330_~\346\024\242\247\366\231\036\370\365\313\014\307\362i\210e\030\317\336e\256\245\026R\036\304S\352]~\000\000\000\000\000\000\000\000\000\000\000\000\000\000\000\000\000\000\000\000\000\000\000\000\000\000\000\000\000\000\000\000)\370\307B!i\274DheH\363\274\027\353\272.*-\256\234\334\317\200(t\354}\357V|u/\351\253M/\351\253T\n\000""; }; nodes {;   nodedata: ""\323C\344\327\264{\312-\017:\006{\177\344N\002\326bO\260\220\006\033\362\345\005U\221DzJ0\001\301\025%1L\307\t\261\262z\374\222T\301\274V\236\223\262\270Ct\362\337b\356\024*\324\320\351\317\002k\336\234\027v\351\217\260\303\360\233ZPZWr\246$w\313\313\r\243r\232\2234\373\3539:N\004Q\245\272D\312D\300\300\t\323\0257\345e\271\na\215{\226\255x%T\257\037\333\004\344_/R\006E\344\037@\210\363\010\336T\226\247'\204_{\261\370""1\235\2445\343\033Y!\212\201\341\272\225'\007\224\322\202\232{[\264X\3416\265\263o\2015\2657\010:\022\362\216D!@\315O\277A\341O?\013\003""; }; ","ledgerHash: ""a\353k\036W\036\333\243\313y\256\236\230\270\325\233\373\001c\343\030e+OD\224O\347\364mD\216""; ledgerSeq: 53; type: liBASE; nodes {;   nodedata: ""\000\000\0005\001cEx]\211\377\330_~\346\024\242\247\366\231\036\370\365\313\014\307\362i\210e\030\317\336e\256\245\026R\036\304S\352]~\000\000\000\000\000\000\000\000\000\000\000\000\000\000\000\000\000\000\000\000\000\000\000\000\000\000\000\000\000\000\000\000)\370\307B!i\274DheH\363\274\027\353\272.*-\256\234\334\317\200(t\354}\357V|u/\351\253M/\351\253T\n\000""; }; nodes {;   nodedata: ""\323C\344\327\264{\312-\017:\006{\177\344N\002\326bO\260\220\006\033\362\345\005U\221DzJ0\001\301\025%1L\307\t\261\262z\374\222T\301\274V\236\223\262\270Ct\362\337b\356\024*\324\320\351\317\002k\336\234\027v\351\217\260\303\360\233ZPZWr\246$w\313\313\r\243r\232\2234\373\3539:N\004Q\245\272D\312D\300\300\t\323\0257\345e\271\na\215{\226\255x%T\257\037\333\004\344_/R\006E\344\037@\210\363\010\336T\226\247'\204_{\261\370""1\235\2445\343\033Y!\212\201\341\272\225'\007\224\322\202\232{[\264X\3416\265\263o\2015\2657\010:\022\362\216D!@\315O\277A\341O?\013\003""; }; "
1750527699583,1750527699584,0,1,1,0,TMLedgerData,"ledgerHash: ""a\353k\036W\036\333\243\313y\256\236\230\270\325\233\373\001c\343\030e+OD\224O\347\364mD\216""; ledgerSeq: 53; type: liBASE; nodes {;   nodedata: ""\000\000\0005\001cEx]\211\377\330_~\346\024\242\247\366\231\036\370\365\313\014\307\362i\210e\030\317\336e\256\245\026R\036\304S\352]~\000\000\000\000\000\000\000\000\000\000\000\000\000\000\000\000\000\000\000\000\000\000\000\000\000\000\000\000\000\000\000\000)\370\307B!i\274DheH\363\274\027\353\272.*-\256\234\334\317\200(t\354}\357V|u/\351\253M/\351\253T\n\000""; }; nodes {;   nodedata: ""\323C\344\327\264{\312-\017:\006{\177\344N\002\326bO\260\220\006\033\362\345\005U\221DzJ0\001\301\025%1L\307\t\261\262z\374\222T\301\274V\236\223\262\270Ct\362\337b\356\024*\324\320\351\317\002k\336\234\027v\351\217\260\303\360\233ZPZWr\246$w\313\313\r\243r\232\2234\373\3539:N\004Q\245\272D\312D\300\300\t\323\0257\345e\271\na\215{\226\255x%T\257\037\333\004\344_/R\006E\344\037@\210\363\010\336T\226\247'\204_{\261\370""1\235\2445\343\033Y!\212\201\341\272\225'\007\224\322\202\232{[\264X\3416\265\263o\2015\2657\010:\022\362\216D!@\315O\277A\341O?\013\003""; }; ","ledgerHash: ""a\353k\036W\036\333\243\313y\256\236\230\270\325\233\373\001c\343\030e+OD\224O\347\364mD\216""; ledgerSeq: 53; type: liBASE; nodes {;   nodedata: ""\000\000\0005\001cEx]\211\377\330_~\346\024\242\247\366\231\036\370\365\313\014\307\362i\210e\030\317\336e\256\245\026R\036\304S\352]~\000\000\000\000\000\000\000\000\000\000\000\000\000\000\000\000\000\000\000\000\000\000\000\000\000\000\000\000\000\000\000\000)\370\307B!i\274DheH\363\274\027\353\272.*-\256\234\334\317\200(t\354}\357V|u/\351\253M/\351\253T\n\000""; }; nodes {;   nodedata: ""\323C\344\327\264{\312-\017:\006{\177\344N\002\326bO\260\220\006\033\362\345\005U\221DzJ0\001\301\025%1L\307\t\261\262z\374\222T\301\274V\236\223\262\270Ct\362\337b\356\024*\324\320\351\317\002k\336\234\027v\351\217\260\303\360\233ZPZWr\246$w\313\313\r\243r\232\2234\373\3539:N\004Q\245\272D\312D\300\300\t\323\0257\345e\271\na\215{\226\255x%T\257\037\333\004\344_/R\006E\344\037@\210\363\010\336T\226\247'\204_{\261\370""1\235\2445\343\033Y!\212\201\341\272\225'\007\224\322\202\232{[\264X\3416\265\263o\2015\2657\010:\022\362\216D!@\315O\277A\341O?\013\003""; }; "
1750527699584,1750527699584,0,1,2,4,TMLedgerData,"ledgerHash: ""a\353k\036W\036\333\243\313y\256\236\230\270\325\233\373\001c\343\030e+OD\224O\347\364mD\216""; ledgerSeq: 53; type: liBASE; nodes {;   nodedata: ""\000\000\0005\001cEx]\211\377\330_~\346\024\242\247\366\231\036\370\365\313\014\307\362i\210e\030\317\336e\256\245\026R\036\304S\352]~\000\000\000\000\000\000\000\000\000\000\000\000\000\000\000\000\000\000\000\000\000\000\000\000\000\000\000\000\000\000\000\000)\370\307B!i\274DheH\363\274\027\353\272.*-\256\234\334\317\200(t\354}\357V|u/\351\253M/\351\253T\n\000""; }; nodes {;   nodedata: ""\323C\344\327\264{\312-\017:\006{\177\344N\002\326bO\260\220\006\033\362\345\005U\221DzJ0\001\301\025%1L\307\t\261\262z\374\222T\301\274V\236\223\262\270Ct\362\337b\356\024*\324\320\351\317\002k\336\234\027v\351\217\260\303\360\233ZPZWr\246$w\313\313\r\243r\232\2234\373\3539:N\004Q\245\272D\312D\300\300\t\323\0257\345e\271\na\215{\226\255x%T\257\037\333\004\344_/R\006E\344\037@\210\363\010\336T\226\247'\204_{\261\370""1\235\2445\343\033Y!\212\201\341\272\225'\007\224\322\202\232{[\264X\3416\265\263o\2015\2657\010:\022\362\216D!@\315O\277A\341O?\013\003""; }; ","ledgerHash: ""a\353k\036W\036\333\243\313y\256\236\230\270\325\233\373\001c\343\030e+OD\224O\347\364mD\216""; ledgerSeq: 53; type: liBASE; nodes {;   nodedata: ""\000\000\0005\001cEx]\211\377\330_~\346\024\242\247\366\231\036\370\365\313\014\307\362i\210e\030\317\336e\256\245\026R\036\304S\352]~\000\000\000\000\000\000\000\000\000\000\000\000\000\000\000\000\000\000\000\000\000\000\000\000\000\000\000\000\000\000\000\000)\370\307B!i\274DheH\363\274\027\353\272.*-\256\234\334\317\200(t\354}\357V|u/\351\253M/\351\253T\n\000""; }; nodes {;   nodedata: ""\323C\344\327\264{\312-\017:\006{\177\344N\002\326bO\260\220\006\033\362\345\005U\221DzJ0\001\301\025%1L\307\t\261\262z\374\222T\301\274V\236\223\262\270Ct\362\337b\356\024*\324\320\351\317\002k\336\234\027v\351\217\260\303\360\233ZPZWr\246$w\313\313\r\243r\232\2234\373\3539:N\004Q\245\272D\312D\300\300\t\323\0257\345e\271\na\215{\226\255x%T\257\037\333\004\344_/R\006E\344\037@\210\363\010\336T\226\247'\204_{\261\370""1\235\2445\343\033Y!\212\201\341\272\225'\007\224\322\202\232{[\264X\3416\265\263o\2015\2657\010:\022\362\216D!@\315O\277A\341O?\013\003""; }; "
1750527699584,1750527699584,0,1,0,1,TMLedgerData,"ledgerHash: ""a\353k\036W\036\333\243\313y\256\236\230\270\325\233\373\001c\343\030e+OD\224O\347\364mD\216""; ledgerSeq: 53; type: liBASE; nodes {;   nodedata: ""\000\000\0005\001cEx]\211\377\330_~\346\024\242\247\366\231\036\370\365\313\014\307\362i\210e\030\317\336e\256\245\026R\036\304S\352]~\000\000\000\000\000\000\000\000\000\000\000\000\000\000\000\000\000\000\000\000\000\000\000\000\000\000\000\000\000\000\000\000)\370\307B!i\274DheH\363\274\027\353\272.*-\256\234\334\317\200(t\354}\357V|u/\351\253M/\351\253T\n\000""; }; nodes {;   nodedata: ""\323C\344\327\264{\312-\017:\006{\177\344N\002\326bO\260\220\006\033\362\345\005U\221DzJ0\001\301\025%1L\307\t\261\262z\374\222T\301\274V\236\223\262\270Ct\362\337b\356\024*\324\320\351\317\002k\336\234\027v\351\217\260\303\360\233ZPZWr\246$w\313\313\r\243r\232\2234\373\3539:N\004Q\245\272D\312D\300\300\t\323\0257\345e\271\na\215{\226\255x%T\257\037\333\004\344_/R\006E\344\037@\210\363\010\336T\226\247'\204_{\261\370""1\235\2445\343\033Y!\212\201\341\272\225'\007\224\322\202\232{[\264X\3416\265\263o\2015\2657\010:\022\362\216D!@\315O\277A\341O?\013\003""; }; ","ledgerHash: ""a\353k\036W\036\333\243\313y\256\236\230\270\325\233\373\001c\343\030e+OD\224O\347\364mD\216""; ledgerSeq: 53; type: liBASE; nodes {;   nodedata: ""\000\000\0005\001cEx]\211\377\330_~\346\024\242\247\366\231\036\370\365\313\014\307\362i\210e\030\317\336e\256\245\026R\036\304S\352]~\000\000\000\000\000\000\000\000\000\000\000\000\000\000\000\000\000\000\000\000\000\000\000\000\000\000\000\000\000\000\000\000)\370\307B!i\274DheH\363\274\027\353\272.*-\256\234\334\317\200(t\354}\357V|u/\351\253M/\351\253T\n\000""; }; nodes {;   nodedata: ""\323C\344\327\264{\312-\017:\006{\177\344N\002\326bO\260\220\006\033\362\345\005U\221DzJ0\001\301\025%1L\307\t\261\262z\374\222T\301\274V\236\223\262\270Ct\362\337b\356\024*\324\320\351\317\002k\336\234\027v\351\217\260\303\360\233ZPZWr\246$w\313\313\r\243r\232\2234\373\3539:N\004Q\245\272D\312D\300\300\t\323\0257\345e\271\na\215{\226\255x%T\257\037\333\004\344_/R\006E\344\037@\210\363\010\336T\226\247'\204_{\261\370""1\235\2445\343\033Y!\212\201\341\272\225'\007\224\322\202\232{[\264X\3416\265\263o\2015\2657\010:\022\362\216D!@\315O\277A\341O?\013\003""; }; "
1750527699585,1750527699585,0,1,2,0,TMLedgerData,"ledgerHash: ""a\353k\036W\036\333\243\313y\256\236\230\270\325\233\373\001c\343\030e+OD\224O\347\364mD\216""; ledgerSeq: 53; type: liBASE; nodes {;   nodedata: ""\000\000\0005\001cEx]\211\377\330_~\346\024\242\247\366\231\036\370\365\313\014\307\362i\210e\030\317\336e\256\245\026R\036\304S\352]~\000\000\000\000\000\000\000\000\000\000\000\000\000\000\000\000\000\000\000\000\000\000\000\000\000\000\000\000\000\000\000\000)\370\307B!i\274DheH\363\274\027\353\272.*-\256\234\334\317\200(t\354}\357V|u/\351\253M/\351\253T\n\000""; }; nodes {;   nodedata: ""\323C\344\327\264{\312-\017:\006{\177\344N\002\326bO\260\220\006\033\362\345\005U\221DzJ0\001\301\025%1L\307\t\261\262z\374\222T\301\274V\236\223\262\270Ct\362\337b\356\024*\324\320\351\317\002k\336\234\027v\351\217\260\303\360\233ZPZWr\246$w\313\313\r\243r\232\2234\373\3539:N\004Q\245\272D\312D\300\300\t\323\0257\345e\271\na\215{\226\255x%T\257\037\333\004\344_/R\006E\344\037@\210\363\010\336T\226\247'\204_{\261\370""1\235\2445\343\033Y!\212\201\341\272\225'\007\224\322\202\232{[\264X\3416\265\263o\2015\2657\010:\022\362\216D!@\315O\277A\341O?\013\003""; }; ","ledgerHash: ""a\353k\036W\036\333\243\313y\256\236\230\270\325\233\373\001c\343\030e+OD\224O\347\364mD\216""; ledgerSeq: 53; type: liBASE; nodes {;   nodedata: ""\000\000\0005\001cEx]\211\377\330_~\346\024\242\247\366\231\036\370\365\313\014\307\362i\210e\030\317\336e\256\245\026R\036\304S\352]~\000\000\000\000\000\000\000\000\000\000\000\000\000\000\000\000\000\000\000\000\000\000\000\000\000\000\000\000\000\000\000\000)\370\307B!i\274DheH\363\274\027\353\272.*-\256\234\334\317\200(t\354}\357V|u/\351\253M/\351\253T\n\000""; }; nodes {;   nodedata: ""\323C\344\327\264{\312-\017:\006{\177\344N\002\326bO\260\220\006\033\362\345\005U\221DzJ0\001\301\025%1L\307\t\261\262z\374\222T\301\274V\236\223\262\270Ct\362\337b\356\024*\324\320\351\317\002k\336\234\027v\351\217\260\303\360\233ZPZWr\246$w\313\313\r\243r\232\2234\373\3539:N\004Q\245\272D\312D\300\300\t\323\0257\345e\271\na\215{\226\255x%T\257\037\333\004\344_/R\006E\344\037@\210\363\010\336T\226\247'\204_{\261\370""1\235\2445\343\033Y!\212\201\341\272\225'\007\224\322\202\232{[\264X\3416\265\263o\2015\2657\010:\022\362\216D!@\315O\277A\341O?\013\003""; }; "
1750527699587,1750527699588,0,1,2,1,TMLedgerData,"ledgerHash: ""a\353k\036W\036\333\243\313y\256\236\230\270\325\233\373\001c\343\030e+OD\224O\347\364mD\216""; ledgerSeq: 53; type: liBASE; nodes {;   nodedata: ""\000\000\0005\001cEx]\211\377\330_~\346\024\242\247\366\231\036\370\365\313\014\307\362i\210e\030\317\336e\256\245\026R\036\304S\352]~\000\000\000\000\000\000\000\000\000\000\000\000\000\000\000\000\000\000\000\000\000\000\000\000\000\000\000\000\000\000\000\000)\370\307B!i\274DheH\363\274\027\353\272.*-\256\234\334\317\200(t\354}\357V|u/\351\253M/\351\253T\n\000""; }; nodes {;   nodedata: ""\323C\344\327\264{\312-\017:\006{\177\344N\002\326bO\260\220\006\033\362\345\005U\221DzJ0\001\301\025%1L\307\t\261\262z\374\222T\301\274V\236\223\262\270Ct\362\337b\356\024*\324\320\351\317\002k\336\234\027v\351\217\260\303\360\233ZPZWr\246$w\313\313\r\243r\232\2234\373\3539:N\004Q\245\272D\312D\300\300\t\323\0257\345e\271\na\215{\226\255x%T\257\037\333\004\344_/R\006E\344\037@\210\363\010\336T\226\247'\204_{\261\370""1\235\2445\343\033Y!\212\201\341\272\225'\007\224\322\202\232{[\264X\3416\265\263o\2015\2657\010:\022\362\216D!@\315O\277A\341O?\013\003""; }; ","ledgerHash: ""a\353k\036W\036\333\243\313y\256\236\230\270\325\233\373\001c\343\030e+OD\224O\347\364mD\216""; ledgerSeq: 53; type: liBASE; nodes {;   nodedata: ""\000\000\0005\001cEx]\211\377\330_~\346\024\242\247\366\231\036\370\365\313\014\307\362i\210e\030\317\336e\256\245\026R\036\304S\352]~\000\000\000\000\000\000\000\000\000\000\000\000\000\000\000\000\000\000\000\000\000\000\000\000\000\000\000\000\000\000\000\000)\370\307B!i\274DheH\363\274\027\353\272.*-\256\234\334\317\200(t\354}\357V|u/\351\253M/\351\253T\n\000""; }; nodes {;   nodedata: ""\323C\344\327\264{\312-\017:\006{\177\344N\002\326bO\260\220\006\033\362\345\005U\221DzJ0\001\301\025%1L\307\t\261\262z\374\222T\301\274V\236\223\262\270Ct\362\337b\356\024*\324\320\351\317\002k\336\234\027v\351\217\260\303\360\233ZPZWr\246$w\313\313\r\243r\232\2234\373\3539:N\004Q\245\272D\312D\300\300\t\323\0257\345e\271\na\215{\226\255x%T\257\037\333\004\344_/R\006E\344\037@\210\363\010\336T\226\247'\204_{\261\370""1\235\2445\343\033Y!\212\201\341\272\225'\007\224\322\202\232{[\264X\3416\265\263o\2015\2657\010:\022\362\216D!@\315O\277A\341O?\013\003""; }; "
1750527699590,1750527699590,0,1,1,2,TMLedgerData,"ledgerHash: ""a\353k\036W\036\333\243\313y\256\236\230\270\325\233\373\001c\343\030e+OD\224O\347\364mD\216""; ledgerSeq: 53; type: liBASE; nodes {;   nodedata: ""\000\000\0005\001cEx]\211\377\330_~\346\024\242\247\366\231\036\370\365\313\014\307\362i\210e\030\317\336e\256\245\026R\036\304S\352]~\000\000\000\000\000\000\000\000\000\000\000\000\000\000\000\000\000\000\000\000\000\000\000\000\000\000\000\000\000\000\000\000)\370\307B!i\274DheH\363\274\027\353\272.*-\256\234\334\317\200(t\354}\357V|u/\351\253M/\351\253T\n\000""; }; nodes {;   nodedata: ""\323C\344\327\264{\312-\017:\006{\177\344N\002\326bO\260\220\006\033\362\345\005U\221DzJ0\001\301\025%1L\307\t\261\262z\374\222T\301\274V\236\223\262\270Ct\362\337b\356\024*\324\320\351\317\002k\336\234\027v\351\217\260\303\360\233ZPZWr\246$w\313\313\r\243r\232\2234\373\3539:N\004Q\245\272D\312D\300\300\t\323\0257\345e\271\na\215{\226\255x%T\257\037\333\004\344_/R\006E\344\037@\210\363\010\336T\226\247'\204_{\261\370""1\235\2445\343\033Y!\212\201\341\272\225'\007\224\322\202\232{[\264X\3416\265\263o\2015\2657\010:\022\362\216D!@\315O\277A\341O?\013\003""; }; ","ledgerHash: ""a\353k\036W\036\333\243\313y\256\236\230\270\325\233\373\001c\343\030e+OD\224O\347\364mD\216""; ledgerSeq: 53; type: liBASE; nodes {;   nodedata: ""\000\000\0005\001cEx]\211\377\330_~\346\024\242\247\366\231\036\370\365\313\014\307\362i\210e\030\317\336e\256\245\026R\036\304S\352]~\000\000\000\000\000\000\000\000\000\000\000\000\000\000\000\000\000\000\000\000\000\000\000\000\000\000\000\000\000\000\000\000)\370\307B!i\274DheH\363\274\027\353\272.*-\256\234\334\317\200(t\354}\357V|u/\351\253M/\351\253T\n\000""; }; nodes {;   nodedata: ""\323C\344\327\264{\312-\017:\006{\177\344N\002\326bO\260\220\006\033\362\345\005U\221DzJ0\001\301\025%1L\307\t\261\262z\374\222T\301\274V\236\223\262\270Ct\362\337b\356\024*\324\320\351\317\002k\336\234\027v\351\217\260\303\360\233ZPZWr\246$w\313\313\r\243r\232\2234\373\3539:N\004Q\245\272D\312D\300\300\t\323\0257\345e\271\na\215{\226\255x%T\257\037\333\004\344_/R\006E\344\037@\210\363\010\336T\226\247'\204_{\261\370""1\235\2445\343\033Y!\212\201\341\272\225'\007\224\322\202\232{[\264X\3416\265\263o\2015\2657\010:\022\362\216D!@\315O\277A\341O?\013\003""; }; "
1750527699639,1750527699639,0,1,4,3,TMStatusChange,"newEvent: neACCEPTED_LEDGER; ledgerSeq: 53; ledgerHash: ""a\353k\036W\036\333\243\313y\256\236\230\270\325\233\373\001c\343\030e+OD\224O\347\364mD\216""; ledgerHashPrevious: ""_~\346\024\242\247\366\231\036\370\365\313\014\307\362i\210e\030\317\336e\256\245\026R\036\304S\352]~""; networkTime: 803842899; firstSeq: 1; lastSeq: 52; ","newEvent: neACCEPTED_LEDGER; ledgerSeq: 53; ledgerHash: ""a\353k\036W\036\333\243\313y\256\236\230\270\325\233\373\001c\343\030e+OD\224O\347\364mD\216""; ledgerHashPrevious: ""_~\346\024\242\247\366\231\036\370\365\313\014\307\362i\210e\030\317\336e\256\245\026R\036\304S\352]~""; networkTime: 803842899; firstSeq: 1; lastSeq: 52; "
1750527699639,1750527699639,0,1,4,3,TMValidation,"validation: """"\200\000\000\001&\000\000\0005)/\351\253S:\r\302\353\023?\373\240rQa\353k\036W\036\333\243\313y\256\236\230\270\325\233\373\001c\343\030e+OD\224O\347\364mD\216P\027\000\000\000\000\000\000\000\000\000\000\000\000\000\000\000\000\000\000\000\000\000\000\000\000\000\000\000\000\000\000\000\000P\031_~\346\024\242\247\366\231\036\370\365\313\014\307\362i\210e\030\317\336e\256\245\026R\036\304S\352]~s!\003R7o\362bV\300hf\266\241;}\200^\374\240\203[:\342Q\225\221\027y\372\255\235\216\323~vG0E\002!\000\255\207|IG{\003\235\326\361\245k\316\337\317\002\335\241\311\207HmUtB\273\321`D\326\262\376\002 FS\314\213\214_\034\363f?\345\300mDR\264\375qm\231\370\364^\330\222m=08i?\303""; ","validation: """"\200\000\000\001&\000\000\0005)/\351\253S:\r\302\353\023?\373\240rQa\353k\036W\036\333\243\313y\256\236\230\270\325\233\373\001c\343\030e+OD\224O\347\364mD\216P\027\000\000\000\000\000\000\000\000\000\000\000\000\000\000\000\000\000\000\000\000\000\000\000\000\000\000\000\000\000\000\000\000P\031_~\346\024\242\247\366\231\036\370\365\313\014\307\362i\210e\030\317\336e\256\245\026R\036\304S\352]~s!\003R7o\362bV\300hf\266\241;}\200^\374\240\203[:\342Q\225\221\027y\372\255\235\216\323~vG0E\002!\000\255\207|IG{\003\235\326\361\245k\316\337\317\002\335\241\311\207HmUtB\273\321`D\326\262\376\002 FS\314\213\214_\034\363f?\345\300mDR\264\375qm\231\370\364^\330\222m=08i?\303""; "
1750527699639,1750527699639,0,1,4,2,TMStatusChange,"newEvent: neACCEPTED_LEDGER; ledgerSeq: 53; ledgerHash: ""a\353k\036W\036\333\243\313y\256\236\230\270\325\233\373\001c\343\030e+OD\224O\347\364mD\216""; ledgerHashPrevious: ""_~\346\024\242\247\366\231\036\370\365\313\014\307\362i\210e\030\317\336e\256\245\026R\036\304S\352]~""; networkTime: 803842899; firstSeq: 1; lastSeq: 52; ","newEvent: neACCEPTED_LEDGER; ledgerSeq: 53; ledgerHash: ""a\353k\036W\036\333\243\313y\256\236\230\270\325\233\373\001c\343\030e+OD\224O\347\364mD\216""; ledgerHashPrevious: ""_~\346\024\242\247\366\231\036\370\365\313\014\307\362i\210e\030\317\336e\256\245\026R\036\304S\352]~""; networkTime: 803842899; firstSeq: 1; lastSeq: 52; "
1750527699639,1750527699639,0,1,4,0,TMStatusChange,"newEvent: neACCEPTED_LEDGER; ledgerSeq: 53; ledgerHash: ""a\353k\036W\036\333\243\313y\256\236\230\270\325\233\373\001c\343\030e+OD\224O\347\364mD\216""; ledgerHashPrevious: ""_~\346\024\242\247\366\231\036\370\365\313\014\307\362i\210e\030\317\336e\256\245\026R\036\304S\352]~""; networkTime: 803842899; firstSeq: 1; lastSeq: 52; ","newEvent: neACCEPTED_LEDGER; ledgerSeq: 53; ledgerHash: ""a\353k\036W\036\333\243\313y\256\236\230\270\325\233\373\001c\343\030e+OD\224O\347\364mD\216""; ledgerHashPrevious: ""_~\346\024\242\247\366\231\036\370\365\313\014\307\362i\210e\030\317\336e\256\245\026R\036\304S\352]~""; networkTime: 803842899; firstSeq: 1; lastSeq: 52; "
1750527699640,1750527699640,0,1,4,1,TMStatusChange,"newEvent: neACCEPTED_LEDGER; ledgerSeq: 53; ledgerHash: ""a\353k\036W\036\333\243\313y\256\236\230\270\325\233\373\001c\343\030e+OD\224O\347\364mD\216""; ledgerHashPrevious: ""_~\346\024\242\247\366\231\036\370\365\313\014\307\362i\210e\030\317\336e\256\245\026R\036\304S\352]~""; networkTime: 803842899; firstSeq: 1; lastSeq: 52; ","newEvent: neACCEPTED_LEDGER; ledgerSeq: 53; ledgerHash: ""a\353k\036W\036\333\243\313y\256\236\230\270\325\233\373\001c\343\030e+OD\224O\347\364mD\216""; ledgerHashPrevious: ""_~\346\024\242\247\366\231\036\370\365\313\014\307\362i\210e\030\317\336e\256\245\026R\036\304S\352]~""; networkTime: 803842899; firstSeq: 1; lastSeq: 52; "
1750527699641,1750527699641,0,1,3,1,TMValidation,"validation: """"\200\000\000\001&\000\000\0005)/\351\253S:\r\302\353\023?\373\240rQa\353k\036W\036\333\243\313y\256\236\230\270\325\233\373\001c\343\030e+OD\224O\347\364mD\216P\027\000\000\000\000\000\000\000\000\000\000\000\000\000\000\000\000\000\000\000\000\000\000\000\000\000\000\000\000\000\000\000\000P\031_~\346\024\242\247\366\231\036\370\365\313\014\307\362i\210e\030\317\336e\256\245\026R\036\304S\352]~s!\003R7o\362bV\300hf\266\241;}\200^\374\240\203[:\342Q\225\221\027y\372\255\235\216\323~vG0E\002!\000\255\207|IG{\003\235\326\361\245k\316\337\317\002\335\241\311\207HmUtB\273\321`D\326\262\376\002 FS\314\213\214_\034\363f?\345\300mDR\264\375qm\231\370\364^\330\222m=08i?\303""; ","validation: """"\200\000\000\001&\000\000\0005)/\351\253S:\r\302\353\023?\373\240rQa\353k\036W\036\333\243\313y\256\236\230\270\325\233\373\001c\343\030e+OD\224O\347\364mD\216P\027\000\000\000\000\000\000\000\000\000\000\000\000\000\000\000\000\000\000\000\000\000\000\000\000\000\000\000\000\000\000\000\000P\031_~\346\024\242\247\366\231\036\370\365\313\014\307\362i\210e\030\317\336e\256\245\026R\036\304S\352]~s!\003R7o\362bV\300hf\266\241;}\200^\374\240\203[:\342Q\225\221\027y\372\255\235\216\323~vG0E\002!\000\255\207|IG{\003\235\326\361\245k\316\337\317\002\335\241\311\207HmUtB\273\321`D\326\262\376\002 FS\314\213\214_\034\363f?\345\300mDR\264\375qm\231\370\364^\330\222m=08i?\303""; "
1750527699641,1750527699641,0,1,3,2,TMValidation,"validation: """"\200\000\000\001&\000\000\0005)/\351\253S:\r\302\353\023?\373\240rQa\353k\036W\036\333\243\313y\256\236\230\270\325\233\373\001c\343\030e+OD\224O\347\364mD\216P\027\000\000\000\000\000\000\000\000\000\000\000\000\000\000\000\000\000\000\000\000\000\000\000\000\000\000\000\000\000\000\000\000P\031_~\346\024\242\247\366\231\036\370\365\313\014\307\362i\210e\030\317\336e\256\245\026R\036\304S\352]~s!\003R7o\362bV\300hf\266\241;}\200^\374\240\203[:\342Q\225\221\027y\372\255\235\216\323~vG0E\002!\000\255\207|IG{\003\235\326\361\245k\316\337\317\002\335\241\311\207HmUtB\273\321`D\326\262\376\002 FS\314\213\214_\034\363f?\345\300mDR\264\375qm\231\370\364^\330\222m=08i?\303""; ","validation: """"\200\000\000\001&\000\000\0005)/\351\253S:\r\302\353\023?\373\240rQa\353k\036W\036\333\243\313y\256\236\230\270\325\233\373\001c\343\030e+OD\224O\347\364mD\216P\027\000\000\000\000\000\000\000\000\000\000\000\000\000\000\000\000\000\000\000\000\000\000\000\000\000\000\000\000\000\000\000\000P\031_~\346\024\242\247\366\231\036\370\365\313\014\307\362i\210e\030\317\336e\256\245\026R\036\304S\352]~s!\003R7o\362bV\300hf\266\241;}\200^\374\240\203[:\342Q\225\221\027y\372\255\235\216\323~vG0E\002!\000\255\207|IG{\003\235\326\361\245k\316\337\317\002\335\241\311\207HmUtB\273\321`D\326\262\376\002 FS\314\213\214_\034\363f?\345\300mDR\264\375qm\231\370\364^\330\222m=08i?\303""; "
1750527699642,1750527699642,0,1,3,0,TMValidation,"validation: """"\200\000\000\001&\000\000\0005)/\351\253S:\r\302\353\023?\373\240rQa\353k\036W\036\333\243\313y\256\236\230\270\325\233\373\001c\343\030e+OD\224O\347\364mD\216P\027\000\000\000\000\000\000\000\000\000\000\000\000\000\000\000\000\000\000\000\000\000\000\000\000\000\000\000\000\000\000\000\000P\031_~\346\024\242\247\366\231\036\370\365\313\014\307\362i\210e\030\317\336e\256\245\026R\036\304S\352]~s!\003R7o\362bV\300hf\266\241;}\200^\374\240\203[:\342Q\225\221\027y\372\255\235\216\323~vG0E\002!\000\255\207|IG{\003\235\326\361\245k\316\337\317\002\335\241\311\207HmUtB\273\321`D\326\262\376\002 FS\314\213\214_\034\363f?\345\300mDR\264\375qm\231\370\364^\330\222m=08i?\303""; ","validation: """"\200\000\000\001&\000\000\0005)/\351\253S:\r\302\353\023?\373\240rQa\353k\036W\036\333\243\313y\256\236\230\270\325\233\373\001c\343\030e+OD\224O\347\364mD\216P\027\000\000\000\000\000\000\000\000\000\000\000\000\000\000\000\000\000\000\000\000\000\000\000\000\000\000\000\000\000\000\000\000P\031_~\346\024\242\247\366\231\036\370\365\313\014\307\362i\210e\030\317\336e\256\245\026R\036\304S\352]~s!\003R7o\362bV\300hf\266\241;}\200^\374\240\203[:\342Q\225\221\027y\372\255\235\216\323~vG0E\002!\000\255\207|IG{\003\235\326\361\245k\316\337\317\002\335\241\311\207HmUtB\273\321`D\326\262\376\002 FS\314\213\214_\034\363f?\345\300mDR\264\375qm\231\370\364^\330\222m=08i?\303""; "
1750527699643,1750527699643,0,1,1,4,TMValidation,"validation: """"\200\000\000\001&\000\000\0005)/\351\253S:\r\302\353\023?\373\240rQa\353k\036W\036\333\243\313y\256\236\230\270\325\233\373\001c\343\030e+OD\224O\347\364mD\216P\027\000\000\000\000\000\000\000\000\000\000\000\000\000\000\000\000\000\000\000\000\000\000\000\000\000\000\000\000\000\000\000\000P\031_~\346\024\242\247\366\231\036\370\365\313\014\307\362i\210e\030\317\336e\256\245\026R\036\304S\352]~s!\003R7o\362bV\300hf\266\241;}\200^\374\240\203[:\342Q\225\221\027y\372\255\235\216\323~vG0E\002!\000\255\207|IG{\003\235\326\361\245k\316\337\317\002\335\241\311\207HmUtB\273\321`D\326\262\376\002 FS\314\213\214_\034\363f?\345\300mDR\264\375qm\231\370\364^\330\222m=08i?\303""; ","validation: """"\200\000\000\001&\000\000\0005)/\351\253S:\r\302\353\023?\373\240rQa\353k\036W\036\333\243\313y\256\236\230\270\325\233\373\001c\343\030e+OD\224O\347\364mD\216P\027\000\000\000\000\000\000\000\000\000\000\000\000\000\000\000\000\000\000\000\000\000\000\000\000\000\000\000\000\000\000\000\000P\031_~\346\024\242\247\366\231\036\370\365\313\014\307\362i\210e\030\317\336e\256\245\026R\036\304S\352]~s!\003R7o\362bV\300hf\266\241;}\200^\374\240\203[:\342Q\225\221\027y\372\255\235\216\323~vG0E\002!\000\255\207|IG{\003\235\326\361\245k\316\337\317\002\335\241\311\207HmUtB\273\321`D\326\262\376\002 FS\314\213\214_\034\363f?\345\300mDR\264\375qm\231\370\364^\330\222m=08i?\303""; "
1750527699643,1750527699643,0,1,1,0,TMValidation,"validation: """"\200\000\000\001&\000\000\0005)/\351\253S:\r\302\353\023?\373\240rQa\353k\036W\036\333\243\313y\256\236\230\270\325\233\373\001c\343\030e+OD\224O\347\364mD\216P\027\000\000\000\000\000\000\000\000\000\000\000\000\000\000\000\000\000\000\000\000\000\000\000\000\000\000\000\000\000\000\000\000P\031_~\346\024\242\247\366\231\036\370\365\313\014\307\362i\210e\030\317\336e\256\245\026R\036\304S\352]~s!\003R7o\362bV\300hf\266\241;}\200^\374\240\203[:\342Q\225\221\027y\372\255\235\216\323~vG0E\002!\000\255\207|IG{\003\235\326\361\245k\316\337\317\002\335\241\311\207HmUtB\273\321`D\326\262\376\002 FS\314\213\214_\034\363f?\345\300mDR\264\375qm\231\370\364^\330\222m=08i?\303""; ","validation: """"\200\000\000\001&\000\000\0005)/\351\253S:\r\302\353\023?\373\240rQa\353k\036W\036\333\243\313y\256\236\230\270\325\233\373\001c\343\030e+OD\224O\347\364mD\216P\027\000\000\000\000\000\000\000\000\000\000\000\000\000\000\000\000\000\000\000\000\000\000\000\000\000\000\000\000\000\000\000\000P\031_~\346\024\242\247\366\231\036\370\365\313\014\307\362i\210e\030\317\336e\256\245\026R\036\304S\352]~s!\003R7o\362bV\300hf\266\241;}\200^\374\240\203[:\342Q\225\221\027y\372\255\235\216\323~vG0E\002!\000\255\207|IG{\003\235\326\361\245k\316\337\317\002\335\241\311\207HmUtB\273\321`D\326\262\376\002 FS\314\213\214_\034\363f?\345\300mDR\264\375qm\231\370\364^\330\222m=08i?\303""; "
1750527699643,1750527699644,0,1,1,2,TMValidation,"validation: """"\200\000\000\001&\000\000\0005)/\351\253S:\r\302\353\023?\373\240rQa\353k\036W\036\333\243\313y\256\236\230\270\325\233\373\001c\343\030e+OD\224O\347\364mD\216P\027\000\000\000\000\000\000\000\000\000\000\000\000\000\000\000\000\000\000\000\000\000\000\000\000\000\000\000\000\000\000\000\000P\031_~\346\024\242\247\366\231\036\370\365\313\014\307\362i\210e\030\317\336e\256\245\026R\036\304S\352]~s!\003R7o\362bV\300hf\266\241;}\200^\374\240\203[:\342Q\225\221\027y\372\255\235\216\323~vG0E\002!\000\255\207|IG{\003\235\326\361\245k\316\337\317\002\335\241\311\207HmUtB\273\321`D\326\262\376\002 FS\314\213\214_\034\363f?\345\300mDR\264\375qm\231\370\364^\330\222m=08i?\303""; ","validation: """"\200\000\000\001&\000\000\0005)/\351\253S:\r\302\353\023?\373\240rQa\353k\036W\036\333\243\313y\256\236\230\270\325\233\373\001c\343\030e+OD\224O\347\364mD\216P\027\000\000\000\000\000\000\000\000\000\000\000\000\000\000\000\000\000\000\000\000\000\000\000\000\000\000\000\000\000\000\000\000P\031_~\346\024\242\247\366\231\036\370\365\313\014\307\362i\210e\030\317\336e\256\245\026R\036\304S\352]~s!\003R7o\362bV\300hf\266\241;}\200^\374\240\203[:\342Q\225\221\027y\372\255\235\216\323~vG0E\002!\000\255\207|IG{\003\235\326\361\245k\316\337\317\002\335\241\311\207HmUtB\273\321`D\326\262\376\002 FS\314\213\214_\034\363f?\345\300mDR\264\375qm\231\370\364^\330\222m=08i?\303""; "
1750527699645,1750527699645,0,1,0,4,TMValidation,"validation: """"\200\000\000\001&\000\000\0005)/\351\253S:\r\302\353\023?\373\240rQa\353k\036W\036\333\243\313y\256\236\230\270\325\233\373\001c\343\030e+OD\224O\347\364mD\216P\027\000\000\000\000\000\000\000\000\000\000\000\000\000\000\000\000\000\000\000\000\000\000\000\000\000\000\000\000\000\000\000\000P\031_~\346\024\242\247\366\231\036\370\365\313\014\307\362i\210e\030\317\336e\256\245\026R\036\304S\352]~s!\003R7o\362bV\300hf\266\241;}\200^\374\240\203[:\342Q\225\221\027y\372\255\235\216\323~vG0E\002!\000\255\207|IG{\003\235\326\361\245k\316\337\317\002\335\241\311\207HmUtB\273\321`D\326\262\376\002 FS\314\213\214_\034\363f?\345\300mDR\264\375qm\231\370\364^\330\222m=08i?\303""; ","validation: """"\200\000\000\001&\000\000\0005)/\351\253S:\r\302\353\023?\373\240rQa\353k\036W\036\333\243\313y\256\236\230\270\325\233\373\001c\343\030e+OD\224O\347\364mD\216P\027\000\000\000\000\000\000\000\000\000\000\000\000\000\000\000\000\000\000\000\000\000\000\000\000\000\000\000\000\000\000\000\000P\031_~\346\024\242\247\366\231\036\370\365\313\014\307\362i\210e\030\317\336e\256\245\026R\036\304S\352]~s!\003R7o\362bV\300hf\266\241;}\200^\374\240\203[:\342Q\225\221\027y\372\255\235\216\323~vG0E\002!\000\255\207|IG{\003\235\326\361\245k\316\337\317\002\335\241\311\207HmUtB\273\321`D\326\262\376\002 FS\314\213\214_\034\363f?\345\300mDR\264\375qm\231\370\364^\330\222m=08i?\303""; "
1750527699644,1750527699644,0,1,2,0,TMValidation,"validation: """"\200\000\000\001&\000\000\0005)/\351\253S:\r\302\353\023?\373\240rQa\353k\036W\036\333\243\313y\256\236\230\270\325\233\373\001c\343\030e+OD\224O\347\364mD\216P\027\000\000\000\000\000\000\000\000\000\000\000\000\000\000\000\000\000\000\000\000\000\000\000\000\000\000\000\000\000\000\000\000P\031_~\346\024\242\247\366\231\036\370\365\313\014\307\362i\210e\030\317\336e\256\245\026R\036\304S\352]~s!\003R7o\362bV\300hf\266\241;}\200^\374\240\203[:\342Q\225\221\027y\372\255\235\216\323~vG0E\002!\000\255\207|IG{\003\235\326\361\245k\316\337\317\002\335\241\311\207HmUtB\273\321`D\326\262\376\002 FS\314\213\214_\034\363f?\345\300mDR\264\375qm\231\370\364^\330\222m=08i?\303""; ","validation: """"\200\000\000\001&\000\000\0005)/\351\253S:\r\302\353\023?\373\240rQa\353k\036W\036\333\243\313y\256\236\230\270\325\233\373\001c\343\030e+OD\224O\347\364mD\216P\027\000\000\000\000\000\000\000\000\000\000\000\000\000\000\000\000\000\000\000\000\000\000\000\000\000\000\000\000\000\000\000\000P\031_~\346\024\242\247\366\231\036\370\365\313\014\307\362i\210e\030\317\336e\256\245\026R\036\304S\352]~s!\003R7o\362bV\300hf\266\241;}\200^\374\240\203[:\342Q\225\221\027y\372\255\235\216\323~vG0E\002!\000\255\207|IG{\003\235\326\361\245k\316\337\317\002\335\241\311\207HmUtB\273\321`D\326\262\376\002 FS\314\213\214_\034\363f?\345\300mDR\264\375qm\231\370\364^\330\222m=08i?\303""; "
1750527699644,1750527699645,0,1,2,1,TMValidation,"validation: """"\200\000\000\001&\000\000\0005)/\351\253S:\r\302\353\023?\373\240rQa\353k\036W\036\333\243\313y\256\236\230\270\325\233\373\001c\343\030e+OD\224O\347\364mD\216P\027\000\000\000\000\000\000\000\000\000\000\000\000\000\000\000\000\000\000\000\000\000\000\000\000\000\000\000\000\000\000\000\000P\031_~\346\024\242\247\366\231\036\370\365\313\014\307\362i\210e\030\317\336e\256\245\026R\036\304S\352]~s!\003R7o\362bV\300hf\266\241;}\200^\374\240\203[:\342Q\225\221\027y\372\255\235\216\323~vG0E\002!\000\255\207|IG{\003\235\326\361\245k\316\337\317\002\335\241\311\207HmUtB\273\321`D\326\262\376\002 FS\314\213\214_\034\363f?\345\300mDR\264\375qm\231\370\364^\330\222m=08i?\303""; ","validation: """"\200\000\000\001&\000\000\0005)/\351\253S:\r\302\353\023?\373\240rQa\353k\036W\036\333\243\313y\256\236\230\270\325\233\373\001c\343\030e+OD\224O\347\364mD\216P\027\000\000\000\000\000\000\000\000\000\000\000\000\000\000\000\000\000\000\000\000\000\000\000\000\000\000\000\000\000\000\000\000P\031_~\346\024\242\247\366\231\036\370\365\313\014\307\362i\210e\030\317\336e\256\245\026R\036\304S\352]~s!\003R7o\362bV\300hf\266\241;}\200^\374\240\203[:\342Q\225\221\027y\372\255\235\216\323~vG0E\002!\000\255\207|IG{\003\235\326\361\245k\316\337\317\002\335\241\311\207HmUtB\273\321`D\326\262\376\002 FS\314\213\214_\034\363f?\345\300mDR\264\375qm\231\370\364^\330\222m=08i?\303""; "
1750527699644,1750527699644,0,1,2,4,TMValidation,"validation: """"\200\000\000\001&\000\000\0005)/\351\253S:\r\302\353\023?\373\240rQa\353k\036W\036\333\243\313y\256\236\230\270\325\233\373\001c\343\030e+OD\224O\347\364mD\216P\027\000\000\000\000\000\000\000\000\000\000\000\000\000\000\000\000\000\000\000\000\000\000\000\000\000\000\000\000\000\000\000\000P\031_~\346\024\242\247\366\231\036\370\365\313\014\307\362i\210e\030\317\336e\256\245\026R\036\304S\352]~s!\003R7o\362bV\300hf\266\241;}\200^\374\240\203[:\342Q\225\221\027y\372\255\235\216\323~vG0E\002!\000\255\207|IG{\003\235\326\361\245k\316\337\317\002\335\241\311\207HmUtB\273\321`D\326\262\376\002 FS\314\213\214_\034\363f?\345\300mDR\264\375qm\231\370\364^\330\222m=08i?\303""; ","validation: """"\200\000\000\001&\000\000\0005)/\351\253S:\r\302\353\023?\373\240rQa\353k\036W\036\333\243\313y\256\236\230\270\325\233\373\001c\343\030e+OD\224O\347\364mD\216P\027\000\000\000\000\000\000\000\000\000\000\000\000\000\000\000\000\000\000\000\000\000\000\000\000\000\000\000\000\000\000\000\000P\031_~\346\024\242\247\366\231\036\370\365\313\014\307\362i\210e\030\317\336e\256\245\026R\036\304S\352]~s!\003R7o\362bV\300hf\266\241;}\200^\374\240\203[:\342Q\225\221\027y\372\255\235\216\323~vG0E\002!\000\255\207|IG{\003\235\326\361\245k\316\337\317\002\335\241\311\207HmUtB\273\321`D\326\262\376\002 FS\314\213\214_\034\363f?\345\300mDR\264\375qm\231\370\364^\330\222m=08i?\303""; "
1750527699645,1750527699645,0,1,0,1,TMValidation,"validation: """"\200\000\000\001&\000\000\0005)/\351\253S:\r\302\353\023?\373\240rQa\353k\036W\036\333\243\313y\256\236\230\270\325\233\373\001c\343\030e+OD\224O\347\364mD\216P\027\000\000\000\000\000\000\000\000\000\000\000\000\000\000\000\000\000\000\000\000\000\000\000\000\000\000\000\000\000\000\000\000P\031_~\346\024\242\247\366\231\036\370\365\313\014\307\362i\210e\030\317\336e\256\245\026R\036\304S\352]~s!\003R7o\362bV\300hf\266\241;}\200^\374\240\203[:\342Q\225\221\027y\372\255\235\216\323~vG0E\002!\000\255\207|IG{\003\235\326\361\245k\316\337\317\002\335\241\311\207HmUtB\273\321`D\326\262\376\002 FS\314\213\214_\034\363f?\345\300mDR\264\375qm\231\370\364^\330\222m=08i?\303""; ","validation: """"\200\000\000\001&\000\000\0005)/\351\253S:\r\302\353\023?\373\240rQa\353k\036W\036\333\243\313y\256\236\230\270\325\233\373\001c\343\030e+OD\224O\347\364mD\216P\027\000\000\000\000\000\000\000\000\000\000\000\000\000\000\000\000\000\000\000\000\000\000\000\000\000\000\000\000\000\000\000\000P\031_~\346\024\242\247\366\231\036\370\365\313\014\307\362i\210e\030\317\336e\256\245\026R\036\304S\352]~s!\003R7o\362bV\300hf\266\241;}\200^\374\240\203[:\342Q\225\221\027y\372\255\235\216\323~vG0E\002!\000\255\207|IG{\003\235\326\361\245k\316\337\317\002\335\241\311\207HmUtB\273\321`D\326\262\376\002 FS\314\213\214_\034\363f?\345\300mDR\264\375qm\231\370\364^\330\222m=08i?\303""; "
1750527699646,1750527699646,0,1,0,2,TMValidation,"validation: """"\200\000\000\001&\000\000\0005)/\351\253S:\r\302\353\023?\373\240rQa\353k\036W\036\333\243\313y\256\236\230\270\325\233\373\001c\343\030e+OD\224O\347\364mD\216P\027\000\000\000\000\000\000\000\000\000\000\000\000\000\000\000\000\000\000\000\000\000\000\000\000\000\000\000\000\000\000\000\000P\031_~\346\024\242\247\366\231\036\370\365\313\014\307\362i\210e\030\317\336e\256\245\026R\036\304S\352]~s!\003R7o\362bV\300hf\266\241;}\200^\374\240\203[:\342Q\225\221\027y\372\255\235\216\323~vG0E\002!\000\255\207|IG{\003\235\326\361\245k\316\337\317\002\335\241\311\207HmUtB\273\321`D\326\262\376\002 FS\314\213\214_\034\363f?\345\300mDR\264\375qm\231\370\364^\330\222m=08i?\303""; ","validation: """"\200\000\000\001&\000\000\0005)/\351\253S:\r\302\353\023?\373\240rQa\353k\036W\036\333\243\313y\256\236\230\270\325\233\373\001c\343\030e+OD\224O\347\364mD\216P\027\000\000\000\000\000\000\000\000\000\000\000\000\000\000\000\000\000\000\000\000\000\000\000\000\000\000\000\000\000\000\000\000P\031_~\346\024\242\247\366\231\036\370\365\313\014\307\362i\210e\030\317\336e\256\245\026R\036\304S\352]~s!\003R7o\362bV\300hf\266\241;}\200^\374\240\203[:\342Q\225\221\027y\372\255\235\216\323~vG0E\002!\000\255\207|IG{\003\235\326\361\245k\316\337\317\002\335\241\311\207HmUtB\273\321`D\326\262\376\002 FS\314\213\214_\034\363f?\345\300mDR\264\375qm\231\370\364^\330\222m=08i?\303""; "
1750527699646,1750527699646,0,1,4,1,TMValidation,"validation: """"\200\000\000\001&\000\000\0005)/\351\253S:\r\302\353\023?\373\240rQa\353k\036W\036\333\243\313y\256\236\230\270\325\233\373\001c\343\030e+OD\224O\347\364mD\216P\027\000\000\000\000\000\000\000\000\000\000\000\000\000\000\000\000\000\000\000\000\000\000\000\000\000\000\000\000\000\000\000\000P\031_~\346\024\242\247\366\231\036\370\365\313\014\307\362i\210e\030\317\336e\256\245\026R\036\304S\352]~s!\003R7o\362bV\300hf\266\241;}\200^\374\240\203[:\342Q\225\221\027y\372\255\235\216\323~vG0E\002!\000\255\207|IG{\003\235\326\361\245k\316\337\317\002\335\241\311\207HmUtB\273\321`D\326\262\376\002 FS\314\213\214_\034\363f?\345\300mDR\264\375qm\231\370\364^\330\222m=08i?\303""; ","validation: """"\200\000\000\001&\000\000\0005)/\351\253S:\r\302\353\023?\373\240rQa\353k\036W\036\333\243\313y\256\236\230\270\325\233\373\001c\343\030e+OD\224O\347\364mD\216P\027\000\000\000\000\000\000\000\000\000\000\000\000\000\000\000\000\000\000\000\000\000\000\000\000\000\000\000\000\000\000\000\000P\031_~\346\024\242\247\366\231\036\370\365\313\014\307\362i\210e\030\317\336e\256\245\026R\036\304S\352]~s!\003R7o\362bV\300hf\266\241;}\200^\374\240\203[:\342Q\225\221\027y\372\255\235\216\323~vG0E\002!\000\255\207|IG{\003\235\326\361\245k\316\337\317\002\335\241\311\207HmUtB\273\321`D\326\262\376\002 FS\314\213\214_\034\363f?\345\300mDR\264\375qm\231\370\364^\330\222m=08i?\303""; "
1750527699647,1750527699647,0,1,4,0,TMValidation,"validation: """"\200\000\000\001&\000\000\0005)/\351\253S:\r\302\353\023?\373\240rQa\353k\036W\036\333\243\313y\256\236\230\270\325\233\373\001c\343\030e+OD\224O\347\364mD\216P\027\000\000\000\000\000\000\000\000\000\000\000\000\000\000\000\000\000\000\000\000\000\000\000\000\000\000\000\000\000\000\000\000P\031_~\346\024\242\247\366\231\036\370\365\313\014\307\362i\210e\030\317\336e\256\245\026R\036\304S\352]~s!\003R7o\362bV\300hf\266\241;}\200^\374\240\203[:\342Q\225\221\027y\372\255\235\216\323~vG0E\002!\000\255\207|IG{\003\235\326\361\245k\316\337\317\002\335\241\311\207HmUtB\273\321`D\326\262\376\002 FS\314\213\214_\034\363f?\345\300mDR\264\375qm\231\370\364^\330\222m=08i?\303""; ","validation: """"\200\000\000\001&\000\000\0005)/\351\253S:\r\302\353\023?\373\240rQa\353k\036W\036\333\243\313y\256\236\230\270\325\233\373\001c\343\030e+OD\224O\347\364mD\216P\027\000\000\000\000\000\000\000\000\000\000\000\000\000\000\000\000\000\000\000\000\000\000\000\000\000\000\000\000\000\000\000\000P\031_~\346\024\242\247\366\231\036\370\365\313\014\307\362i\210e\030\317\336e\256\245\026R\036\304S\352]~s!\003R7o\362bV\300hf\266\241;}\200^\374\240\203[:\342Q\225\221\027y\372\255\235\216\323~vG0E\002!\000\255\207|IG{\003\235\326\361\245k\316\337\317\002\335\241\311\207HmUtB\273\321`D\326\262\376\002 FS\314\213\214_\034\363f?\345\300mDR\264\375qm\231\370\364^\330\222m=08i?\303""; "
1750527699647,1750527699647,0,1,4,2,TMValidation,"validation: """"\200\000\000\001&\000\000\0005)/\351\253S:\r\302\353\023?\373\240rQa\353k\036W\036\333\243\313y\256\236\230\270\325\233\373\001c\343\030e+OD\224O\347\364mD\216P\027\000\000\000\000\000\000\000\000\000\000\000\000\000\000\000\000\000\000\000\000\000\000\000\000\000\000\000\000\000\000\000\000P\031_~\346\024\242\247\366\231\036\370\365\313\014\307\362i\210e\030\317\336e\256\245\026R\036\304S\352]~s!\003R7o\362bV\300hf\266\241;}\200^\374\240\203[:\342Q\225\221\027y\372\255\235\216\323~vG0E\002!\000\255\207|IG{\003\235\326\361\245k\316\337\317\002\335\241\311\207HmUtB\273\321`D\326\262\376\002 FS\314\213\214_\034\363f?\345\300mDR\264\375qm\231\370\364^\330\222m=08i?\303""; ","validation: """"\200\000\000\001&\000\000\0005)/\351\253S:\r\302\353\023?\373\240rQa\353k\036W\036\333\243\313y\256\236\230\270\325\233\373\001c\343\030e+OD\224O\347\364mD\216P\027\000\000\000\000\000\000\000\000\000\000\000\000\000\000\000\000\000\000\000\000\000\000\000\000\000\000\000\000\000\000\000\000P\031_~\346\024\242\247\366\231\036\370\365\313\014\307\362i\210e\030\317\336e\256\245\026R\036\304S\352]~s!\003R7o\362bV\300hf\266\241;}\200^\374\240\203[:\342Q\225\221\027y\372\255\235\216\323~vG0E\002!\000\255\207|IG{\003\235\326\361\245k\316\337\317\002\335\241\311\207HmUtB\273\321`D\326\262\376\002 FS\314\213\214_\034\363f?\345\300mDR\264\375qm\231\370\364^\330\222m=08i?\303""; "
1750527700478,1750527700478,0,1,3,2,TMProposeSet,"proposeSeq: 0; currentTxHash: ""\000\000\000\000\000\000\000\000\000\000\000\000\000\000\000\000\000\000\000\000\000\000\000\000\000\000\000\000\000\000\000\000""; nodePubKey: ""\002\364d\217\366\217|\316F\232\231\241\n\261\333`\312O\367\235\025DD\336e\367\n\312\326\221\037\025\230""; closeTime: 803842900; signature: ""0E\002!\000\346\301\371\272\340G@\216Vy\317\227.\347\204\3633\264e\307\234OS\347\3134\007\235\316\314I\003\002 Ft\252N>\ni\202w\213\362\367|\234j\036n\006?8\376\346\265|\223\0208\254\230\035#U""; previousledger: ""a\353k\036W\036\333\243\313y\256\236\230\270\325\233\373\001c\343\030e+OD\224O\347\364mD\216""; ","proposeSeq: 0; currentTxHash: ""\000\000\000\000\000\000\000\000\000\000\000\000\000\000\000\000\000\000\000\000\000\000\000\000\000\000\000\000\000\000\000\000""; nodePubKey: ""\002\364d\217\366\217|\316F\232\231\241\n\261\333`\312O\367\235\025DD\336e\367\n\312\326\221\037\025\230""; closeTime: 803842900; signature: ""0E\002!\000\346\301\371\272\340G@\216Vy\317\227.\347\204\3633\264e\307\234OS\347\3134\007\235\316\314I\003\002 Ft\252N>\ni\202w\213\362\367|\234j\036n\006?8\376\346\265|\223\0208\254\230\035#U""; previousledger: ""a\353k\036W\036\333\243\313y\256\236\230\270\325\233\373\001c\343\030e+OD\224O\347\364mD\216""; "
1750527700482,1750527700482,0,1,3,1,TMProposeSet,"proposeSeq: 0; currentTxHash: ""\000\000\000\000\000\000\000\000\000\000\000\000\000\000\000\000\000\000\000\000\000\000\000\000\000\000\000\000\000\000\000\000""; nodePubKey: ""\002\364d\217\366\217|\316F\232\231\241\n\261\333`\312O\367\235\025DD\336e\367\n\312\326\221\037\025\230""; closeTime: 803842900; signature: ""0E\002!\000\346\301\371\272\340G@\216Vy\317\227.\347\204\3633\264e\307\234OS\347\3134\007\235\316\314I\003\002 Ft\252N>\ni\202w\213\362\367|\234j\036n\006?8\376\346\265|\223\0208\254\230\035#U""; previousledger: ""a\353k\036W\036\333\243\313y\256\236\230\270\325\233\373\001c\343\030e+OD\224O\347\364mD\216""; ","proposeSeq: 0; currentTxHash: ""\000\000\000\000\000\000\000\000\000\000\000\000\000\000\000\000\000\000\000\000\000\000\000\000\000\000\000\000\000\000\000\000""; nodePubKey: ""\002\364d\217\366\217|\316F\232\231\241\n\261\333`\312O\367\235\025DD\336e\367\n\312\326\221\037\025\230""; closeTime: 803842900; signature: ""0E\002!\000\346\301\371\272\340G@\216Vy\317\227.\347\204\3633\264e\307\234OS\347\3134\007\235\316\314I\003\002 Ft\252N>\ni\202w\213\362\367|\234j\036n\006?8\376\346\265|\223\0208\254\230\035#U""; previousledger: ""a\353k\036W\036\333\243\313y\256\236\230\270\325\233\373\001c\343\030e+OD\224O\347\364mD\216""; "
1750527700482,1750527700482,0,1,3,0,TMProposeSet,"proposeSeq: 0; currentTxHash: ""\000\000\000\000\000\000\000\000\000\000\000\000\000\000\000\000\000\000\000\000\000\000\000\000\000\000\000\000\000\000\000\000""; nodePubKey: ""\002\364d\217\366\217|\316F\232\231\241\n\261\333`\312O\367\235\025DD\336e\367\n\312\326\221\037\025\230""; closeTime: 803842900; signature: ""0E\002!\000\346\301\371\272\340G@\216Vy\317\227.\347\204\3633\264e\307\234OS\347\3134\007\235\316\314I\003\002 Ft\252N>\ni\202w\213\362\367|\234j\036n\006?8\376\346\265|\223\0208\254\230\035#U""; previousledger: ""a\353k\036W\036\333\243\313y\256\236\230\270\325\233\373\001c\343\030e+OD\224O\347\364mD\216""; ","proposeSeq: 0; currentTxHash: ""\000\000\000\000\000\000\000\000\000\000\000\000\000\000\000\000\000\000\000\000\000\000\000\000\000\000\000\000\000\000\000\000""; nodePubKey: ""\002\364d\217\366\217|\316F\232\231\241\n\261\333`\312O\367\235\025DD\336e\367\n\312\326\221\037\025\230""; closeTime: 803842900; signature: ""0E\002!\000\346\301\371\272\340G@\216Vy\317\227.\347\204\3633\264e\307\234OS\347\3134\007\235\316\314I\003\002 Ft\252N>\ni\202w\213\362\367|\234j\036n\006?8\376\346\265|\223\0208\254\230\035#U""; previousledger: ""a\353k\036W\036\333\243\313y\256\236\230\270\325\233\373\001c\343\030e+OD\224O\347\364mD\216""; "
1750527700479,1750527700517,0,1,3,4,TMStatusChange,"newEvent: neCLOSING_LEDGER; ledgerSeq: 53; ledgerHash: ""a\353k\036W\036\333\243\313y\256\236\230\270\325\233\373\001c\343\030e+OD\224O\347\364mD\216""; ledgerHashPrevious: ""_~\346\024\242\247\366\231\036\370\365\313\014\307\362i\210e\030\317\336e\256\245\026R\036\304S\352]~""; networkTime: 803842900; firstSeq: 1; lastSeq: 53; ","newEvent: neCLOSING_LEDGER; ledgerSeq: 53; ledgerHash: ""a\353k\036W\036\333\243\313y\256\236\230\270\325\233\373\001c\343\030e+OD\224O\347\364mD\216""; ledgerHashPrevious: ""_~\346\024\242\247\366\231\036\370\365\313\014\307\362i\210e\030\317\336e\256\245\026R\036\304S\352]~""; networkTime: 803842900; firstSeq: 1; lastSeq: 53; "
1750527700518,1750527700519,0,1,3,4,TMProposeSet,"proposeSeq: 0; currentTxHash: ""\000\000\000\000\000\000\000\000\000\000\000\000\000\000\000\000\000\000\000\000\000\000\000\000\000\000\000\000\000\000\000\000""; nodePubKey: ""\002\364d\217\366\217|\316F\232\231\241\n\261\333`\312O\367\235\025DD\336e\367\n\312\326\221\037\025\230""; closeTime: 803842900; signature: ""0E\002!\000\346\301\371\272\340G@\216Vy\317\227.\347\204\3633\264e\307\234OS\347\3134\007\235\316\314I\003\002 Ft\252N>\ni\202w\213\362\367|\234j\036n\006?8\376\346\265|\223\0208\254\230\035#U""; previousledger: ""a\353k\036W\036\333\243\313y\256\236\230\270\325\233\373\001c\343\030e+OD\224O\347\364mD\216""; ","proposeSeq: 0; currentTxHash: ""\000\000\000\000\000\000\000\000\000\000\000\000\000\000\000\000\000\000\000\000\000\000\000\000\000\000\000\000\000\000\000\000""; nodePubKey: ""\002\364d\217\366\217|\316F\232\231\241\n\261\333`\312O\367\235\025DD\336e\367\n\312\326\221\037\025\230""; closeTime: 803842900; signature: ""0E\002!\000\346\301\371\272\340G@\216Vy\317\227.\347\204\3633\264e\307\234OS\347\3134\007\235\316\314I\003\002 Ft\252N>\ni\202w\213\362\367|\234j\036n\006?8\376\346\265|\223\0208\254\230\035#U""; previousledger: ""a\353k\036W\036\333\243\313y\256\236\230\270\325\233\373\001c\343\030e+OD\224O\347\364mD\216""; "
1750527700482,1750527700519,0,1,3,1,TMStatusChange,"newEvent: neCLOSING_LEDGER; ledgerSeq: 53; ledgerHash: ""a\353k\036W\036\333\243\313y\256\236\230\270\325\233\373\001c\343\030e+OD\224O\347\364mD\216""; ledgerHashPrevious: ""_~\346\024\242\247\366\231\036\370\365\313\014\307\362i\210e\030\317\336e\256\245\026R\036\304S\352]~""; networkTime: 803842900; firstSeq: 1; lastSeq: 53; ","newEvent: neCLOSING_LEDGER; ledgerSeq: 53; ledgerHash: ""a\353k\036W\036\333\243\313y\256\236\230\270\325\233\373\001c\343\030e+OD\224O\347\364mD\216""; ledgerHashPrevious: ""_~\346\024\242\247\366\231\036\370\365\313\014\307\362i\210e\030\317\336e\256\245\026R\036\304S\352]~""; networkTime: 803842900; firstSeq: 1; lastSeq: 53; "
1750527700483,1750527700519,0,1,3,0,TMStatusChange,"newEvent: neCLOSING_LEDGER; ledgerSeq: 53; ledgerHash: ""a\353k\036W\036\333\243\313y\256\236\230\270\325\233\373\001c\343\030e+OD\224O\347\364mD\216""; ledgerHashPrevious: ""_~\346\024\242\247\366\231\036\370\365\313\014\307\362i\210e\030\317\336e\256\245\026R\036\304S\352]~""; networkTime: 803842900; firstSeq: 1; lastSeq: 53; ","newEvent: neCLOSING_LEDGER; ledgerSeq: 53; ledgerHash: ""a\353k\036W\036\333\243\313y\256\236\230\270\325\233\373\001c\343\030e+OD\224O\347\364mD\216""; ledgerHashPrevious: ""_~\346\024\242\247\366\231\036\370\365\313\014\307\362i\210e\030\317\336e\256\245\026R\036\304S\352]~""; networkTime: 803842900; firstSeq: 1; lastSeq: 53; "
1750527700480,1750527700518,0,1,3,2,TMStatusChange,"newEvent: neCLOSING_LEDGER; ledgerSeq: 53; ledgerHash: ""a\353k\036W\036\333\243\313y\256\236\230\270\325\233\373\001c\343\030e+OD\224O\347\364mD\216""; ledgerHashPrevious: ""_~\346\024\242\247\366\231\036\370\365\313\014\307\362i\210e\030\317\336e\256\245\026R\036\304S\352]~""; networkTime: 803842900; firstSeq: 1; lastSeq: 53; ","newEvent: neCLOSING_LEDGER; ledgerSeq: 53; ledgerHash: ""a\353k\036W\036\333\243\313y\256\236\230\270\325\233\373\001c\343\030e+OD\224O\347\364mD\216""; ledgerHashPrevious: ""_~\346\024\242\247\366\231\036\370\365\313\014\307\362i\210e\030\317\336e\256\245\026R\036\304S\352]~""; networkTime: 803842900; firstSeq: 1; lastSeq: 53; "
1750527700524,1750527700524,0,1,4,0,TMProposeSet,"proposeSeq: 0; currentTxHash: ""\000\000\000\000\000\000\000\000\000\000\000\000\000\000\000\000\000\000\000\000\000\000\000\000\000\000\000\000\000\000\000\000""; nodePubKey: ""\002\364d\217\366\217|\316F\232\231\241\n\261\333`\312O\367\235\025DD\336e\367\n\312\326\221\037\025\230""; closeTime: 803842900; signature: ""0E\002!\000\346\301\371\272\340G@\216Vy\317\227.\347\204\3633\264e\307\234OS\347\3134\007\235\316\314I\003\002 Ft\252N>\ni\202w\213\362\367|\234j\036n\006?8\376\346\265|\223\0208\254\230\035#U""; previousledger: ""a\353k\036W\036\333\243\313y\256\236\230\270\325\233\373\001c\343\030e+OD\224O\347\364mD\216""; ","proposeSeq: 0; currentTxHash: ""\000\000\000\000\000\000\000\000\000\000\000\000\000\000\000\000\000\000\000\000\000\000\000\000\000\000\000\000\000\000\000\000""; nodePubKey: ""\002\364d\217\366\217|\316F\232\231\241\n\261\333`\312O\367\235\025DD\336e\367\n\312\326\221\037\025\230""; closeTime: 803842900; signature: ""0E\002!\000\346\301\371\272\340G@\216Vy\317\227.\347\204\3633\264e\307\234OS\347\3134\007\235\316\314I\003\002 Ft\252N>\ni\202w\213\362\367|\234j\036n\006?8\376\346\265|\223\0208\254\230\035#U""; previousledger: ""a\353k\036W\036\333\243\313y\256\236\230\270\325\233\373\001c\343\030e+OD\224O\347\364mD\216""; "
1750527700523,1750527700523,0,1,4,1,TMProposeSet,"proposeSeq: 0; currentTxHash: ""\000\000\000\000\000\000\000\000\000\000\000\000\000\000\000\000\000\000\000\000\000\000\000\000\000\000\000\000\000\000\000\000""; nodePubKey: ""\002\364d\217\366\217|\316F\232\231\241\n\261\333`\312O\367\235\025DD\336e\367\n\312\326\221\037\025\230""; closeTime: 803842900; signature: ""0E\002!\000\346\301\371\272\340G@\216Vy\317\227.\347\204\3633\264e\307\234OS\347\3134\007\235\316\314I\003\002 Ft\252N>\ni\202w\213\362\367|\234j\036n\006?8\376\346\265|\223\0208\254\230\035#U""; previousledger: ""a\353k\036W\036\333\243\313y\256\236\230\270\325\233\373\001c\343\030e+OD\224O\347\364mD\216""; ","proposeSeq: 0; currentTxHash: ""\000\000\000\000\000\000\000\000\000\000\000\000\000\000\000\000\000\000\000\000\000\000\000\000\000\000\000\000\000\000\000\000""; nodePubKey: ""\002\364d\217\366\217|\316F\232\231\241\n\261\333`\312O\367\235\025DD\336e\367\n\312\326\221\037\025\230""; closeTime: 803842900; signature: ""0E\002!\000\346\301\371\272\340G@\216Vy\317\227.\347\204\3633\264e\307\234OS\347\3134\007\235\316\314I\003\002 Ft\252N>\ni\202w\213\362\367|\234j\036n\006?8\376\346\265|\223\0208\254\230\035#U""; previousledger: ""a\353k\036W\036\333\243\313y\256\236\230\270\325\233\373\001c\343\030e+OD\224O\347\364mD\216""; "
1750527700524,1750527700524,0,1,4,2,TMProposeSet,"proposeSeq: 0; currentTxHash: ""\000\000\000\000\000\000\000\000\000\000\000\000\000\000\000\000\000\000\000\000\000\000\000\000\000\000\000\000\000\000\000\000""; nodePubKey: ""\002\364d\217\366\217|\316F\232\231\241\n\261\333`\312O\367\235\025DD\336e\367\n\312\326\221\037\025\230""; closeTime: 803842900; signature: ""0E\002!\000\346\301\371\272\340G@\216Vy\317\227.\347\204\3633\264e\307\234OS\347\3134\007\235\316\314I\003\002 Ft\252N>\ni\202w\213\362\367|\234j\036n\006?8\376\346\265|\223\0208\254\230\035#U""; previousledger: ""a\353k\036W\036\333\243\313y\256\236\230\270\325\233\373\001c\343\030e+OD\224O\347\364mD\216""; ","proposeSeq: 0; currentTxHash: ""\000\000\000\000\000\000\000\000\000\000\000\000\000\000\000\000\000\000\000\000\000\000\000\000\000\000\000\000\000\000\000\000""; nodePubKey: ""\002\364d\217\366\217|\316F\232\231\241\n\261\333`\312O\367\235\025DD\336e\367\n\312\326\221\037\025\230""; closeTime: 803842900; signature: ""0E\002!\000\346\301\371\272\340G@\216Vy\317\227.\347\204\3633\264e\307\234OS\347\3134\007\235\316\314I\003\002 Ft\252N>\ni\202w\213\362\367|\234j\036n\006?8\376\346\265|\223\0208\254\230\035#U""; previousledger: ""a\353k\036W\036\333\243\313y\256\236\230\270\325\233\373\001c\343\030e+OD\224O\347\364mD\216""; "
1750527700640,1750527700640,0,1,4,2,TMProposeSet,"proposeSeq: 0; currentTxHash: ""\000\000\000\000\000\000\000\000\000\000\000\000\000\000\000\000\000\000\000\000\000\000\000\000\000\000\000\000\000\000\000\000""; nodePubKey: ""\003R7o\362bV\300hf\266\241;}\200^\374\240\203[:\342Q\225\221\027y\372\255\235\216\323~""; closeTime: 803842900; signature: ""0E\002!\000\320 \026\314\377L\211\021\213\270\\353\020\006&\r""S\251\2057\316\275\226\177\312j\374w\253\217\244\002 6\276 U\341\213\231\026v\022q\221\305\0237LU\030\356\270\277l\037\350,|-\211Qp\004\216""; previousledger: ""a\353k\036W\036\333\243\313y\256\236\230\270\325\233\373\001c\343\030e+OD\224O\347\364mD\216""; ","proposeSeq: 0; currentTxHash: ""\000\000\000\000\000\000\000\000\000\000\000\000\000\000\000\000\000\000\000\000\000\000\000\000\000\000\000\000\000\000\000\000""; nodePubKey: ""\003R7o\362bV\300hf\266\241;}\200^\374\240\203[:\342Q\225\221\027y\372\255\235\216\323~""; closeTime: 803842900; signature: ""0E\002!\000\320 \026\314\377L\211\021\213\270\\353\020\006&\r""S\251\2057\316\275\226\177\312j\374w\253\217\244\002 6\276 U\341\213\231\026v\022q\221\305\0237LU\030\356\270\277l\037\350,|-\211Qp\004\216""; previousledger: ""a\353k\036W\036\333\243\313y\256\236\230\270\325\233\373\001c\343\030e+OD\224O\347\364mD\216""; "
1750527700642,1750527700642,0,1,4,1,TMProposeSet,"proposeSeq: 0; currentTxHash: ""\000\000\000\000\000\000\000\000\000\000\000\000\000\000\000\000\000\000\000\000\000\000\000\000\000\000\000\000\000\000\000\000""; nodePubKey: ""\003R7o\362bV\300hf\266\241;}\200^\374\240\203[:\342Q\225\221\027y\372\255\235\216\323~""; closeTime: 803842900; signature: ""0E\002!\000\320 \026\314\377L\211\021\213\270\\353\020\006&\r""S\251\2057\316\275\226\177\312j\374w\253\217\244\002 6\276 U\341\213\231\026v\022q\221\305\0237LU\030\356\270\277l\037\350,|-\211Qp\004\216""; previousledger: ""a\353k\036W\036\333\243\313y\256\236\230\270\325\233\373\001c\343\030e+OD\224O\347\364mD\216""; ","proposeSeq: 0; currentTxHash: ""\000\000\000\000\000\000\000\000\000\000\000\000\000\000\000\000\000\000\000\000\000\000\000\000\000\000\000\000\000\000\000\000""; nodePubKey: ""\003R7o\362bV\300hf\266\241;}\200^\374\240\203[:\342Q\225\221\027y\372\255\235\216\323~""; closeTime: 803842900; signature: ""0E\002!\000\320 \026\314\377L\211\021\213\270\\353\020\006&\r""S\251\2057\316\275\226\177\312j\374w\253\217\244\002 6\276 U\341\213\231\026v\022q\221\305\0237LU\030\356\270\277l\037\350,|-\211Qp\004\216""; previousledger: ""a\353k\036W\036\333\243\313y\256\236\230\270\325\233\373\001c\343\030e+OD\224O\347\364mD\216""; "
1750527700642,1750527700642,0,1,4,3,TMProposeSet,"proposeSeq: 0; currentTxHash: ""\000\000\000\000\000\000\000\000\000\000\000\000\000\000\000\000\000\000\000\000\000\000\000\000\000\000\000\000\000\000\000\000""; nodePubKey: ""\003R7o\362bV\300hf\266\241;}\200^\374\240\203[:\342Q\225\221\027y\372\255\235\216\323~""; closeTime: 803842900; signature: ""0E\002!\000\320 \026\314\377L\211\021\213\270\\353\020\006&\r""S\251\2057\316\275\226\177\312j\374w\253\217\244\002 6\276 U\341\213\231\026v\022q\221\305\0237LU\030\356\270\277l\037\350,|-\211Qp\004\216""; previousledger: ""a\353k\036W\036\333\243\313y\256\236\230\270\325\233\373\001c\343\030e+OD\224O\347\364mD\216""; ","proposeSeq: 0; currentTxHash: ""\000\000\000\000\000\000\000\000\000\000\000\000\000\000\000\000\000\000\000\000\000\000\000\000\000\000\000\000\000\000\000\000""; nodePubKey: ""\003R7o\362bV\300hf\266\241;}\200^\374\240\203[:\342Q\225\221\027y\372\255\235\216\323~""; closeTime: 803842900; signature: ""0E\002!\000\320 \026\314\377L\211\021\213\270\\353\020\006&\r""S\251\2057\316\275\226\177\312j\374w\253\217\244\002 6\276 U\341\213\231\026v\022q\221\305\0237LU\030\356\270\277l\037\350,|-\211Qp\004\216""; previousledger: ""a\353k\036W\036\333\243\313y\256\236\230\270\325\233\373\001c\343\030e+OD\224O\347\364mD\216""; "
1750527700643,1750527700643,0,1,4,0,TMProposeSet,"proposeSeq: 0; currentTxHash: ""\000\000\000\000\000\000\000\000\000\000\000\000\000\000\000\000\000\000\000\000\000\000\000\000\000\000\000\000\000\000\000\000""; nodePubKey: ""\003R7o\362bV\300hf\266\241;}\200^\374\240\203[:\342Q\225\221\027y\372\255\235\216\323~""; closeTime: 803842900; signature: ""0E\002!\000\320 \026\314\377L\211\021\213\270\\353\020\006&\r""S\251\2057\316\275\226\177\312j\374w\253\217\244\002 6\276 U\341\213\231\026v\022q\221\305\0237LU\030\356\270\277l\037\350,|-\211Qp\004\216""; previousledger: ""a\353k\036W\036\333\243\313y\256\236\230\270\325\233\373\001c\343\030e+OD\224O\347\364mD\216""; ","proposeSeq: 0; currentTxHash: ""\000\000\000\000\000\000\000\000\000\000\000\000\000\000\000\000\000\000\000\000\000\000\000\000\000\000\000\000\000\000\000\000""; nodePubKey: ""\003R7o\362bV\300hf\266\241;}\200^\374\240\203[:\342Q\225\221\027y\372\255\235\216\323~""; closeTime: 803842900; signature: ""0E\002!\000\320 \026\314\377L\211\021\213\270\\353\020\006&\r""S\251\2057\316\275\226\177\312j\374w\253\217\244\002 6\276 U\341\213\231\026v\022q\221\305\0237LU\030\356\270\277l\037\350,|-\211Qp\004\216""; previousledger: ""a\353k\036W\036\333\243\313y\256\236\230\270\325\233\373\001c\343\030e+OD\224O\347\364mD\216""; "
1750527700647,1750527700647,0,1,3,0,TMProposeSet,"proposeSeq: 0; currentTxHash: ""\000\000\000\000\000\000\000\000\000\000\000\000\000\000\000\000\000\000\000\000\000\000\000\000\000\000\000\000\000\000\000\000""; nodePubKey: ""\003R7o\362bV\300hf\266\241;}\200^\374\240\203[:\342Q\225\221\027y\372\255\235\216\323~""; closeTime: 803842900; signature: ""0E\002!\000\320 \026\314\377L\211\021\213\270\\353\020\006&\r""S\251\2057\316\275\226\177\312j\374w\253\217\244\002 6\276 U\341\213\231\026v\022q\221\305\0237LU\030\356\270\277l\037\350,|-\211Qp\004\216""; previousledger: ""a\353k\036W\036\333\243\313y\256\236\230\270\325\233\373\001c\343\030e+OD\224O\347\364mD\216""; ","proposeSeq: 0; currentTxHash: ""\000\000\000\000\000\000\000\000\000\000\000\000\000\000\000\000\000\000\000\000\000\000\000\000\000\000\000\000\000\000\000\000""; nodePubKey: ""\003R7o\362bV\300hf\266\241;}\200^\374\240\203[:\342Q\225\221\027y\372\255\235\216\323~""; closeTime: 803842900; signature: ""0E\002!\000\320 \026\314\377L\211\021\213\270\\353\020\006&\r""S\251\2057\316\275\226\177\312j\374w\253\217\244\002 6\276 U\341\213\231\026v\022q\221\305\0237LU\030\356\270\277l\037\350,|-\211Qp\004\216""; previousledger: ""a\353k\036W\036\333\243\313y\256\236\230\270\325\233\373\001c\343\030e+OD\224O\347\364mD\216""; "
1750527700647,1750527700647,0,1,3,1,TMProposeSet,"proposeSeq: 0; currentTxHash: ""\000\000\000\000\000\000\000\000\000\000\000\000\000\000\000\000\000\000\000\000\000\000\000\000\000\000\000\000\000\000\000\000""; nodePubKey: ""\003R7o\362bV\300hf\266\241;}\200^\374\240\203[:\342Q\225\221\027y\372\255\235\216\323~""; closeTime: 803842900; signature: ""0E\002!\000\320 \026\314\377L\211\021\213\270\\353\020\006&\r""S\251\2057\316\275\226\177\312j\374w\253\217\244\002 6\276 U\341\213\231\026v\022q\221\305\0237LU\030\356\270\277l\037\350,|-\211Qp\004\216""; previousledger: ""a\353k\036W\036\333\243\313y\256\236\230\270\325\233\373\001c\343\030e+OD\224O\347\364mD\216""; ","proposeSeq: 0; currentTxHash: ""\000\000\000\000\000\000\000\000\000\000\000\000\000\000\000\000\000\000\000\000\000\000\000\000\000\000\000\000\000\000\000\000""; nodePubKey: ""\003R7o\362bV\300hf\266\241;}\200^\374\240\203[:\342Q\225\221\027y\372\255\235\216\323~""; closeTime: 803842900; signature: ""0E\002!\000\320 \026\314\377L\211\021\213\270\\353\020\006&\r""S\251\2057\316\275\226\177\312j\374w\253\217\244\002 6\276 U\341\213\231\026v\022q\221\305\0237LU\030\356\270\277l\037\350,|-\211Qp\004\216""; previousledger: ""a\353k\036W\036\333\243\313y\256\236\230\270\325\233\373\001c\343\030e+OD\224O\347\364mD\216""; "
1750527700647,1750527700647,0,1,3,2,TMProposeSet,"proposeSeq: 0; currentTxHash: ""\000\000\000\000\000\000\000\000\000\000\000\000\000\000\000\000\000\000\000\000\000\000\000\000\000\000\000\000\000\000\000\000""; nodePubKey: ""\003R7o\362bV\300hf\266\241;}\200^\374\240\203[:\342Q\225\221\027y\372\255\235\216\323~""; closeTime: 803842900; signature: ""0E\002!\000\320 \026\314\377L\211\021\213\270\\353\020\006&\r""S\251\2057\316\275\226\177\312j\374w\253\217\244\002 6\276 U\341\213\231\026v\022q\221\305\0237LU\030\356\270\277l\037\350,|-\211Qp\004\216""; previousledger: ""a\353k\036W\036\333\243\313y\256\236\230\270\325\233\373\001c\343\030e+OD\224O\347\364mD\216""; ","proposeSeq: 0; currentTxHash: ""\000\000\000\000\000\000\000\000\000\000\000\000\000\000\000\000\000\000\000\000\000\000\000\000\000\000\000\000\000\000\000\000""; nodePubKey: ""\003R7o\362bV\300hf\266\241;}\200^\374\240\203[:\342Q\225\221\027y\372\255\235\216\323~""; closeTime: 803842900; signature: ""0E\002!\000\320 \026\314\377L\211\021\213\270\\353\020\006&\r""S\251\2057\316\275\226\177\312j\374w\253\217\244\002 6\276 U\341\213\231\026v\022q\221\305\0237LU\030\356\270\277l\037\350,|-\211Qp\004\216""; previousledger: ""a\353k\036W\036\333\243\313y\256\236\230\270\325\233\373\001c\343\030e+OD\224O\347\364mD\216""; "
1750527700639,1750527700722,0,1,4,2,TMStatusChange,"newEvent: neCLOSING_LEDGER; ledgerSeq: 53; ledgerHash: ""a\353k\036W\036\333\243\313y\256\236\230\270\325\233\373\001c\343\030e+OD\224O\347\364mD\216""; ledgerHashPrevious: ""_~\346\024\242\247\366\231\036\370\365\313\014\307\362i\210e\030\317\336e\256\245\026R\036\304S\352]~""; networkTime: 803842900; firstSeq: 1; lastSeq: 53; ","newEvent: neCLOSING_LEDGER; ledgerSeq: 53; ledgerHash: ""a\353k\036W\036\333\243\313y\256\236\230\270\325\233\373\001c\343\030e+OD\224O\347\364mD\216""; ledgerHashPrevious: ""_~\346\024\242\247\366\231\036\370\365\313\014\307\362i\210e\030\317\336e\256\245\026R\036\304S\352]~""; networkTime: 803842900; firstSeq: 1; lastSeq: 53; "
1750527700643,1750527700723,0,1,4,0,TMStatusChange,"newEvent: neCLOSING_LEDGER; ledgerSeq: 53; ledgerHash: ""a\353k\036W\036\333\243\313y\256\236\230\270\325\233\373\001c\343\030e+OD\224O\347\364mD\216""; ledgerHashPrevious: ""_~\346\024\242\247\366\231\036\370\365\313\014\307\362i\210e\030\317\336e\256\245\026R\036\304S\352]~""; networkTime: 803842900; firstSeq: 1; lastSeq: 53; ","newEvent: neCLOSING_LEDGER; ledgerSeq: 53; ledgerHash: ""a\353k\036W\036\333\243\313y\256\236\230\270\325\233\373\001c\343\030e+OD\224O\347\364mD\216""; ledgerHashPrevious: ""_~\346\024\242\247\366\231\036\370\365\313\014\307\362i\210e\030\317\336e\256\245\026R\036\304S\352]~""; networkTime: 803842900; firstSeq: 1; lastSeq: 53; "
1750527700641,1750527700723,0,1,4,3,TMStatusChange,"newEvent: neCLOSING_LEDGER; ledgerSeq: 53; ledgerHash: ""a\353k\036W\036\333\243\313y\256\236\230\270\325\233\373\001c\343\030e+OD\224O\347\364mD\216""; ledgerHashPrevious: ""_~\346\024\242\247\366\231\036\370\365\313\014\307\362i\210e\030\317\336e\256\245\026R\036\304S\352]~""; networkTime: 803842900; firstSeq: 1; lastSeq: 53; ","newEvent: neCLOSING_LEDGER; ledgerSeq: 53; ledgerHash: ""a\353k\036W\036\333\243\313y\256\236\230\270\325\233\373\001c\343\030e+OD\224O\347\364mD\216""; ledgerHashPrevious: ""_~\346\024\242\247\366\231\036\370\365\313\014\307\362i\210e\030\317\336e\256\245\026R\036\304S\352]~""; networkTime: 803842900; firstSeq: 1; lastSeq: 53; "
1750527700644,1750527700724,0,1,4,1,TMStatusChange,"newEvent: neCLOSING_LEDGER; ledgerSeq: 53; ledgerHash: ""a\353k\036W\036\333\243\313y\256\236\230\270\325\233\373\001c\343\030e+OD\224O\347\364mD\216""; ledgerHashPrevious: ""_~\346\024\242\247\366\231\036\370\365\313\014\307\362i\210e\030\317\336e\256\245\026R\036\304S\352]~""; networkTime: 803842900; firstSeq: 1; lastSeq: 53; ","newEvent: neCLOSING_LEDGER; ledgerSeq: 53; ledgerHash: ""a\353k\036W\036\333\243\313y\256\236\230\270\325\233\373\001c\343\030e+OD\224O\347\364mD\216""; ledgerHashPrevious: ""_~\346\024\242\247\366\231\036\370\365\313\014\307\362i\210e\030\317\336e\256\245\026R\036\304S\352]~""; networkTime: 803842900; firstSeq: 1; lastSeq: 53; "
1750527700730,1750527700730,0,1,1,4,TMProposeSet,"proposeSeq: 0; currentTxHash: ""\000\000\000\000\000\000\000\000\000\000\000\000\000\000\000\000\000\000\000\000\000\000\000\000\000\000\000\000\000\000\000\000""; nodePubKey: ""\002\266\377\271\344:\030\221i\267\257\215\237M\014\3345f\014\273|\207\367\334\337F\325\004cxB\211L""; closeTime: 803842900; signature: ""0D\002 |\234t\024\024\033B\177\027\377\376\333\346\010k\207\240z\251.\270\266\t\243\026\335\206\302c\245A\270\002 f\233_jG\345\234\327\275\273\020_\264s\014}\037\000\336\246\010!\207$\3214\306\331\346{\034U""; previousledger: ""?'/Q%\346\271\030\341\353\340\321\030\333\217\021\027&\177\245\201\370;\352\262k\224\203)@O\025""; ","proposeSeq: 0; currentTxHash: ""\000\000\000\000\000\000\000\000\000\000\000\000\000\000\000\000\000\000\000\000\000\000\000\000\000\000\000\000\000\000\000\000""; nodePubKey: ""\002\266\377\271\344:\030\221i\267\257\215\237M\014\3345f\014\273|\207\367\334\337F\325\004cxB\211L""; closeTime: 803842900; signature: ""0D\002 |\234t\024\024\033B\177\027\377\376\333\346\010k\207\240z\251.\270\266\t\243\026\335\206\302c\245A\270\002 f\233_jG\345\234\327\275\273\020_\264s\014}\037\000\336\246\010!\207$\3214\306\331\346{\034U""; previousledger: ""?'/Q%\346\271\030\341\353\340\321\030\333\217\021\027&\177\245\201\370;\352\262k\224\203)@O\025""; "
1750527700746,1750527700746,0,1,1,2,TMProposeSet,"proposeSeq: 0; currentTxHash: ""\000\000\000\000\000\000\000\000\000\000\000\000\000\000\000\000\000\000\000\000\000\000\000\000\000\000\000\000\000\000\000\000""; nodePubKey: ""\002\266\377\271\344:\030\221i\267\257\215\237M\014\3345f\014\273|\207\367\334\337F\325\004cxB\211L""; closeTime: 803842900; signature: ""0D\002 |\234t\024\024\033B\177\027\377\376\333\346\010k\207\240z\251.\270\266\t\243\026\335\206\302c\245A\270\002 f\233_jG\345\234\327\275\273\020_\264s\014}\037\000\336\246\010!\207$\3214\306\331\346{\034U""; previousledger: ""?'/Q%\346\271\030\341\353\340\321\030\333\217\021\027&\177\245\201\370;\352\262k\224\203)@O\025""; ","proposeSeq: 0; currentTxHash: ""\000\000\000\000\000\000\000\000\000\000\000\000\000\000\000\000\000\000\000\000\000\000\000\000\000\000\000\000\000\000\000\000""; nodePubKey: ""\002\266\377\271\344:\030\221i\267\257\215\237M\014\3345f\014\273|\207\367\334\337F\325\004cxB\211L""; closeTime: 803842900; signature: ""0D\002 |\234t\024\024\033B\177\027\377\376\333\346\010k\207\240z\251.\270\266\t\243\026\335\206\302c\245A\270\002 f\233_jG\345\234\327\275\273\020_\264s\014}\037\000\336\246\010!\207$\3214\306\331\346{\034U""; previousledger: ""?'/Q%\346\271\030\341\353\340\321\030\333\217\021\027&\177\245\201\370;\352\262k\224\203)@O\025""; "
1750527700746,1750527700746,0,1,1,0,TMProposeSet,"proposeSeq: 0; currentTxHash: ""\000\000\000\000\000\000\000\000\000\000\000\000\000\000\000\000\000\000\000\000\000\000\000\000\000\000\000\000\000\000\000\000""; nodePubKey: ""\002\266\377\271\344:\030\221i\267\257\215\237M\014\3345f\014\273|\207\367\334\337F\325\004cxB\211L""; closeTime: 803842900; signature: ""0D\002 |\234t\024\024\033B\177\027\377\376\333\346\010k\207\240z\251.\270\266\t\243\026\335\206\302c\245A\270\002 f\233_jG\345\234\327\275\273\020_\264s\014}\037\000\336\246\010!\207$\3214\306\331\346{\034U""; previousledger: ""?'/Q%\346\271\030\341\353\340\321\030\333\217\021\027&\177\245\201\370;\352\262k\224\203)@O\025""; ","proposeSeq: 0; currentTxHash: ""\000\000\000\000\000\000\000\000\000\000\000\000\000\000\000\000\000\000\000\000\000\000\000\000\000\000\000\000\000\000\000\000""; nodePubKey: ""\002\266\377\271\344:\030\221i\267\257\215\237M\014\3345f\014\273|\207\367\334\337F\325\004cxB\211L""; closeTime: 803842900; signature: ""0D\002 |\234t\024\024\033B\177\027\377\376\333\346\010k\207\240z\251.\270\266\t\243\026\335\206\302c\245A\270\002 f\233_jG\345\234\327\275\273\020_\264s\014}\037\000\336\246\010!\207$\3214\306\331\346{\034U""; previousledger: ""?'/Q%\346\271\030\341\353\340\321\030\333\217\021\027&\177\245\201\370;\352\262k\224\203)@O\025""; "
1750527700747,1750527700747,0,1,1,3,TMProposeSet,"proposeSeq: 0; currentTxHash: ""\000\000\000\000\000\000\000\000\000\000\000\000\000\000\000\000\000\000\000\000\000\000\000\000\000\000\000\000\000\000\000\000""; nodePubKey: ""\002\266\377\271\344:\030\221i\267\257\215\237M\014\3345f\014\273|\207\367\334\337F\325\004cxB\211L""; closeTime: 803842900; signature: ""0D\002 |\234t\024\024\033B\177\027\377\376\333\346\010k\207\240z\251.\270\266\t\243\026\335\206\302c\245A\270\002 f\233_jG\345\234\327\275\273\020_\264s\014}\037\000\336\246\010!\207$\3214\306\331\346{\034U""; previousledger: ""?'/Q%\346\271\030\341\353\340\321\030\333\217\021\027&\177\245\201\370;\352\262k\224\203)@O\025""; ","proposeSeq: 0; currentTxHash: ""\000\000\000\000\000\000\000\000\000\000\000\000\000\000\000\000\000\000\000\000\000\000\000\000\000\000\000\000\000\000\000\000""; nodePubKey: ""\002\266\377\271\344:\030\221i\267\257\215\237M\014\3345f\014\273|\207\367\334\337F\325\004cxB\211L""; closeTime: 803842900; signature: ""0D\002 |\234t\024\024\033B\177\027\377\376\333\346\010k\207\240z\251.\270\266\t\243\026\335\206\302c\245A\270\002 f\233_jG\345\234\327\275\273\020_\264s\014}\037\000\336\246\010!\207$\3214\306\331\346{\034U""; previousledger: ""?'/Q%\346\271\030\341\353\340\321\030\333\217\021\027&\177\245\201\370;\352\262k\224\203)@O\025""; "
1750527700705,1750527700787,0,1,1,4,TMStatusChange,"newEvent: neCLOSING_LEDGER; ledgerSeq: 15; ledgerHash: ""?'/Q%\346\271\030\341\353\340\321\030\333\217\021\027&\177\245\201\370;\352\262k\224\203)@O\025""; ledgerHashPrevious: ""r5V`\342WB\225\022\264\377\027\366m\353L\212_\304\2271c\333~]\222R\037\017\006\347\370""; networkTime: 803842900; firstSeq: 1; lastSeq: 53; ","newEvent: neCLOSING_LEDGER; ledgerSeq: 15; ledgerHash: ""?'/Q%\346\271\030\341\353\340\321\030\333\217\021\027&\177\245\201\370;\352\262k\224\203)@O\025""; ledgerHashPrevious: ""r5V`\342WB\225\022\264\377\027\366m\353L\212_\304\2271c\333~]\222R\037\017\006\347\370""; networkTime: 803842900; firstSeq: 1; lastSeq: 53; "
1750527700705,1750527700788,0,1,1,3,TMStatusChange,"newEvent: neCLOSING_LEDGER; ledgerSeq: 15; ledgerHash: ""?'/Q%\346\271\030\341\353\340\321\030\333\217\021\027&\177\245\201\370;\352\262k\224\203)@O\025""; ledgerHashPrevious: ""r5V`\342WB\225\022\264\377\027\366m\353L\212_\304\2271c\333~]\222R\037\017\006\347\370""; networkTime: 803842900; firstSeq: 1; lastSeq: 53; ","newEvent: neCLOSING_LEDGER; ledgerSeq: 15; ledgerHash: ""?'/Q%\346\271\030\341\353\340\321\030\333\217\021\027&\177\245\201\370;\352\262k\224\203)@O\025""; ledgerHashPrevious: ""r5V`\342WB\225\022\264\377\027\366m\353L\212_\304\2271c\333~]\222R\037\017\006\347\370""; networkTime: 803842900; firstSeq: 1; lastSeq: 53; "
1750527700706,1750527700788,0,1,1,0,TMStatusChange,"newEvent: neCLOSING_LEDGER; ledgerSeq: 15; ledgerHash: ""?'/Q%\346\271\030\341\353\340\321\030\333\217\021\027&\177\245\201\370;\352\262k\224\203)@O\025""; ledgerHashPrevious: ""r5V`\342WB\225\022\264\377\027\366m\353L\212_\304\2271c\333~]\222R\037\017\006\347\370""; networkTime: 803842900; firstSeq: 1; lastSeq: 53; ","newEvent: neCLOSING_LEDGER; ledgerSeq: 15; ledgerHash: ""?'/Q%\346\271\030\341\353\340\321\030\333\217\021\027&\177\245\201\370;\352\262k\224\203)@O\025""; ledgerHashPrevious: ""r5V`\342WB\225\022\264\377\027\366m\353L\212_\304\2271c\333~]\222R\037\017\006\347\370""; networkTime: 803842900; firstSeq: 1; lastSeq: 53; "
1750527700706,1750527700789,0,1,1,2,TMStatusChange,"newEvent: neCLOSING_LEDGER; ledgerSeq: 15; ledgerHash: ""?'/Q%\346\271\030\341\353\340\321\030\333\217\021\027&\177\245\201\370;\352\262k\224\203)@O\025""; ledgerHashPrevious: ""r5V`\342WB\225\022\264\377\027\366m\353L\212_\304\2271c\333~]\222R\037\017\006\347\370""; networkTime: 803842900; firstSeq: 1; lastSeq: 53; ","newEvent: neCLOSING_LEDGER; ledgerSeq: 15; ledgerHash: ""?'/Q%\346\271\030\341\353\340\321\030\333\217\021\027&\177\245\201\370;\352\262k\224\203)@O\025""; ledgerHashPrevious: ""r5V`\342WB\225\022\264\377\027\366m\353L\212_\304\2271c\333~]\222R\037\017\006\347\370""; networkTime: 803842900; firstSeq: 1; lastSeq: 53; "
1750527702479,1750527702479,0,1,3,2,TMValidation,"validation: """"\200\000\000\001&\000\000\0006)/\351\253V:p\210\265\307-\212\200\004Q\220lA\251D\0246\305z\207\225\254\360\010\233K$\222\242w\316\025\202/\356\266\371/\256\354\300\373P\027\000\000\000\000\000\000\000\000\000\000\000\000\000\000\000\000\000\000\000\000\000\000\000\000\000\000\000\000\000\000\000\000P\031a\353k\036W\036\333\243\313y\256\236\230\270\325\233\373\001c\343\030e+OD\224O\347\364mD\216s!\002\364d\217\366\217|\316F\232\231\241\n\261\333`\312O\367\235\025DD\336e\367\n\312\326\221\037\025\230vG0E\002!\000\272\027\374\213j\211\321\322\252\350\344i\277\003\027+\235\005\271~\202\331\010\021\352S\301}\207m\303\024\002 f\365e0\216D\370\247\360\3571\303\314z \225J\343\350\325\022Z6\276\344\032\270q\263\327pl""; ","validation: """"\200\000\000\001&\000\000\0006)/\351\253V:p\210\265\307-\212\200\004Q\220lA\251D\0246\305z\207\225\254\360\010\233K$\222\242w\316\025\202/\356\266\371/\256\354\300\373P\027\000\000\000\000\000\000\000\000\000\000\000\000\000\000\000\000\000\000\000\000\000\000\000\000\000\000\000\000\000\000\000\000P\031a\353k\036W\036\333\243\313y\256\236\230\270\325\233\373\001c\343\030e+OD\224O\347\364mD\216s!\002\364d\217\366\217|\316F\232\231\241\n\261\333`\312O\367\235\025DD\336e\367\n\312\326\221\037\025\230vG0E\002!\000\272\027\374\213j\211\321\322\252\350\344i\277\003\027+\235\005\271~\202\331\010\021\352S\301}\207m\303\024\002 f\365e0\216D\370\247\360\3571\303\314z \225J\343\350\325\022Z6\276\344\032\270q\263\327pl""; "
1750527702482,1750527702482,0,1,3,1,TMStatusChange,"newEvent: neACCEPTED_LEDGER; ledgerSeq: 54; ledgerHash: ""\220lA\251D\0246\305z\207\225\254\360\010\233K$\222\242w\316\025\202/\356\266\371/\256\354\300\373""; ledgerHashPrevious: ""a\353k\036W\036\333\243\313y\256\236\230\270\325\233\373\001c\343\030e+OD\224O\347\364mD\216""; networkTime: 803842902; firstSeq: 1; lastSeq: 53; ","newEvent: neACCEPTED_LEDGER; ledgerSeq: 54; ledgerHash: ""\220lA\251D\0246\305z\207\225\254\360\010\233K$\222\242w\316\025\202/\356\266\371/\256\354\300\373""; ledgerHashPrevious: ""a\353k\036W\036\333\243\313y\256\236\230\270\325\233\373\001c\343\030e+OD\224O\347\364mD\216""; networkTime: 803842902; firstSeq: 1; lastSeq: 53; "
1750527702481,1750527702481,0,1,3,1,TMValidation,"validation: """"\200\000\000\001&\000\000\0006)/\351\253V:p\210\265\307-\212\200\004Q\220lA\251D\0246\305z\207\225\254\360\010\233K$\222\242w\316\025\202/\356\266\371/\256\354\300\373P\027\000\000\000\000\000\000\000\000\000\000\000\000\000\000\000\000\000\000\000\000\000\000\000\000\000\000\000\000\000\000\000\000P\031a\353k\036W\036\333\243\313y\256\236\230\270\325\233\373\001c\343\030e+OD\224O\347\364mD\216s!\002\364d\217\366\217|\316F\232\231\241\n\261\333`\312O\367\235\025DD\336e\367\n\312\326\221\037\025\230vG0E\002!\000\272\027\374\213j\211\321\322\252\350\344i\277\003\027+\235\005\271~\202\331\010\021\352S\301}\207m\303\024\002 f\365e0\216D\370\247\360\3571\303\314z \225J\343\350\325\022Z6\276\344\032\270q\263\327pl""; ","validation: """"\200\000\000\001&\000\000\0006)/\351\253V:p\210\265\307-\212\200\004Q\220lA\251D\0246\305z\207\225\254\360\010\233K$\222\242w\316\025\202/\356\266\371/\256\354\300\373P\027\000\000\000\000\000\000\000\000\000\000\000\000\000\000\000\000\000\000\000\000\000\000\000\000\000\000\000\000\000\000\000\000P\031a\353k\036W\036\333\243\313y\256\236\230\270\325\233\373\001c\343\030e+OD\224O\347\364mD\216s!\002\364d\217\366\217|\316F\232\231\241\n\261\333`\312O\367\235\025DD\336e\367\n\312\326\221\037\025\230vG0E\002!\000\272\027\374\213j\211\321\322\252\350\344i\277\003\027+\235\005\271~\202\331\010\021\352S\301}\207m\303\024\002 f\365e0\216D\370\247\360\3571\303\314z \225J\343\350\325\022Z6\276\344\032\270q\263\327pl""; "
1750527702481,1750527702482,0,1,3,4,TMValidation,"validation: """"\200\000\000\001&\000\000\0006)/\351\253V:p\210\265\307-\212\200\004Q\220lA\251D\0246\305z\207\225\254\360\010\233K$\222\242w\316\025\202/\356\266\371/\256\354\300\373P\027\000\000\000\000\000\000\000\000\000\000\000\000\000\000\000\000\000\000\000\000\000\000\000\000\000\000\000\000\000\000\000\000P\031a\353k\036W\036\333\243\313y\256\236\230\270\325\233\373\001c\343\030e+OD\224O\347\364mD\216s!\002\364d\217\366\217|\316F\232\231\241\n\261\333`\312O\367\235\025DD\336e\367\n\312\326\221\037\025\230vG0E\002!\000\272\027\374\213j\211\321\322\252\350\344i\277\003\027+\235\005\271~\202\331\010\021\352S\301}\207m\303\024\002 f\365e0\216D\370\247\360\3571\303\314z \225J\343\350\325\022Z6\276\344\032\270q\263\327pl""; ","validation: """"\200\000\000\001&\000\000\0006)/\351\253V:p\210\265\307-\212\200\004Q\220lA\251D\0246\305z\207\225\254\360\010\233K$\222\242w\316\025\202/\356\266\371/\256\354\300\373P\027\000\000\000\000\000\000\000\000\000\000\000\000\000\000\000\000\000\000\000\000\000\000\000\000\000\000\000\000\000\000\000\000P\031a\353k\036W\036\333\243\313y\256\236\230\270\325\233\373\001c\343\030e+OD\224O\347\364mD\216s!\002\364d\217\366\217|\316F\232\231\241\n\261\333`\312O\367\235\025DD\336e\367\n\312\326\221\037\025\230vG0E\002!\000\272\027\374\213j\211\321\322\252\350\344i\277\003\027+\235\005\271~\202\331\010\021\352S\301}\207m\303\024\002 f\365e0\216D\370\247\360\3571\303\314z \225J\343\350\325\022Z6\276\344\032\270q\263\327pl""; "
1750527702482,1750527702482,0,1,3,2,TMStatusChange,"newEvent: neACCEPTED_LEDGER; ledgerSeq: 54; ledgerHash: ""\220lA\251D\0246\305z\207\225\254\360\010\233K$\222\242w\316\025\202/\356\266\371/\256\354\300\373""; ledgerHashPrevious: ""a\353k\036W\036\333\243\313y\256\236\230\270\325\233\373\001c\343\030e+OD\224O\347\364mD\216""; networkTime: 803842902; firstSeq: 1; lastSeq: 53; ","newEvent: neACCEPTED_LEDGER; ledgerSeq: 54; ledgerHash: ""\220lA\251D\0246\305z\207\225\254\360\010\233K$\222\242w\316\025\202/\356\266\371/\256\354\300\373""; ledgerHashPrevious: ""a\353k\036W\036\333\243\313y\256\236\230\270\325\233\373\001c\343\030e+OD\224O\347\364mD\216""; networkTime: 803842902; firstSeq: 1; lastSeq: 53; "
1750527702482,1750527702482,0,1,3,0,TMStatusChange,"newEvent: neACCEPTED_LEDGER; ledgerSeq: 54; ledgerHash: ""\220lA\251D\0246\305z\207\225\254\360\010\233K$\222\242w\316\025\202/\356\266\371/\256\354\300\373""; ledgerHashPrevious: ""a\353k\036W\036\333\243\313y\256\236\230\270\325\233\373\001c\343\030e+OD\224O\347\364mD\216""; networkTime: 803842902; firstSeq: 1; lastSeq: 53; ","newEvent: neACCEPTED_LEDGER; ledgerSeq: 54; ledgerHash: ""\220lA\251D\0246\305z\207\225\254\360\010\233K$\222\242w\316\025\202/\356\266\371/\256\354\300\373""; ledgerHashPrevious: ""a\353k\036W\036\333\243\313y\256\236\230\270\325\233\373\001c\343\030e+OD\224O\347\364mD\216""; networkTime: 803842902; firstSeq: 1; lastSeq: 53; "
1750527702481,1750527702481,0,1,3,4,TMStatusChange,"newEvent: neACCEPTED_LEDGER; ledgerSeq: 54; ledgerHash: ""\220lA\251D\0246\305z\207\225\254\360\010\233K$\222\242w\316\025\202/\356\266\371/\256\354\300\373""; ledgerHashPrevious: ""a\353k\036W\036\333\243\313y\256\236\230\270\325\233\373\001c\343\030e+OD\224O\347\364mD\216""; networkTime: 803842902; firstSeq: 1; lastSeq: 53; ","newEvent: neACCEPTED_LEDGER; ledgerSeq: 54; ledgerHash: ""\220lA\251D\0246\305z\207\225\254\360\010\233K$\222\242w\316\025\202/\356\266\371/\256\354\300\373""; ledgerHashPrevious: ""a\353k\036W\036\333\243\313y\256\236\230\270\325\233\373\001c\343\030e+OD\224O\347\364mD\216""; networkTime: 803842902; firstSeq: 1; lastSeq: 53; "
1750527702482,1750527702482,0,1,3,0,TMValidation,"validation: """"\200\000\000\001&\000\000\0006)/\351\253V:p\210\265\307-\212\200\004Q\220lA\251D\0246\305z\207\225\254\360\010\233K$\222\242w\316\025\202/\356\266\371/\256\354\300\373P\027\000\000\000\000\000\000\000\000\000\000\000\000\000\000\000\000\000\000\000\000\000\000\000\000\000\000\000\000\000\000\000\000P\031a\353k\036W\036\333\243\313y\256\236\230\270\325\233\373\001c\343\030e+OD\224O\347\364mD\216s!\002\364d\217\366\217|\316F\232\231\241\n\261\333`\312O\367\235\025DD\336e\367\n\312\326\221\037\025\230vG0E\002!\000\272\027\374\213j\211\321\322\252\350\344i\277\003\027+\235\005\271~\202\331\010\021\352S\301}\207m\303\024\002 f\365e0\216D\370\247\360\3571\303\314z \225J\343\350\325\022Z6\276\344\032\270q\263\327pl""; ","validation: """"\200\000\000\001&\000\000\0006)/\351\253V:p\210\265\307-\212\200\004Q\220lA\251D\0246\305z\207\225\254\360\010\233K$\222\242w\316\025\202/\356\266\371/\256\354\300\373P\027\000\000\000\000\000\000\000\000\000\000\000\000\000\000\000\000\000\000\000\000\000\000\000\000\000\000\000\000\000\000\000\000P\031a\353k\036W\036\333\243\313y\256\236\230\270\325\233\373\001c\343\030e+OD\224O\347\364mD\216s!\002\364d\217\366\217|\316F\232\231\241\n\261\333`\312O\367\235\025DD\336e\367\n\312\326\221\037\025\230vG0E\002!\000\272\027\374\213j\211\321\322\252\350\344i\277\003\027+\235\005\271~\202\331\010\021\352S\301}\207m\303\024\002 f\365e0\216D\370\247\360\3571\303\314z \225J\343\350\325\022Z6\276\344\032\270q\263\327pl""; "
1750527702484,1750527702484,0,1,2,0,TMGetLedger,"itype: liBASE; ledgerHash: ""\220lA\251D\0246\305z\207\225\254\360\010\233K$\222\242w\316\025\202/\356\266\371/\256\354\300\373""; ledgerSeq: 54; ","itype: liBASE; ledgerHash: ""\220lA\251D\0246\305z\207\225\254\360\010\233K$\222\242w\316\025\202/\356\266\371/\256\354\300\373""; ledgerSeq: 54; "
1750527702485,1750527702485,0,1,2,1,TMGetLedger,"itype: liBASE; ledgerHash: ""\220lA\251D\0246\305z\207\225\254\360\010\233K$\222\242w\316\025\202/\356\266\371/\256\354\300\373""; ledgerSeq: 54; ","itype: liBASE; ledgerHash: ""\220lA\251D\0246\305z\207\225\254\360\010\233K$\222\242w\316\025\202/\356\266\371/\256\354\300\373""; ledgerSeq: 54; "
1750527702485,1750527702485,0,1,2,3,TMGetLedger,"itype: liBASE; ledgerHash: ""\220lA\251D\0246\305z\207\225\254\360\010\233K$\222\242w\316\025\202/\356\266\371/\256\354\300\373""; ledgerSeq: 54; ","itype: liBASE; ledgerHash: ""\220lA\251D\0246\305z\207\225\254\360\010\233K$\222\242w\316\025\202/\356\266\371/\256\354\300\373""; ledgerSeq: 54; "
1750527702486,1750527702486,0,1,2,3,TMGetLedger,"itype: liBASE; ledgerHash: ""\220lA\251D\0246\305z\207\225\254\360\010\233K$\222\242w\316\025\202/\356\266\371/\256\354\300\373""; ledgerSeq: 54; queryType: qtINDIRECT; ","itype: liBASE; ledgerHash: ""\220lA\251D\0246\305z\207\225\254\360\010\233K$\222\242w\316\025\202/\356\266\371/\256\354\300\373""; ledgerSeq: 54; queryType: qtINDIRECT; "
1750527702486,1750527702486,0,1,2,4,TMGetLedger,"itype: liBASE; ledgerHash: ""\220lA\251D\0246\305z\207\225\254\360\010\233K$\222\242w\316\025\202/\356\266\371/\256\354\300\373""; ledgerSeq: 54; ","itype: liBASE; ledgerHash: ""\220lA\251D\0246\305z\207\225\254\360\010\233K$\222\242w\316\025\202/\356\266\371/\256\354\300\373""; ledgerSeq: 54; "
1750527702487,1750527702487,0,1,1,3,TMGetLedger,"itype: liBASE; ledgerHash: ""\220lA\251D\0246\305z\207\225\254\360\010\233K$\222\242w\316\025\202/\356\266\371/\256\354\300\373""; ledgerSeq: 54; ","itype: liBASE; ledgerHash: ""\220lA\251D\0246\305z\207\225\254\360\010\233K$\222\242w\316\025\202/\356\266\371/\256\354\300\373""; ledgerSeq: 54; "
1750527702487,1750527702487,0,1,1,0,TMGetLedger,"itype: liBASE; ledgerHash: ""\220lA\251D\0246\305z\207\225\254\360\010\233K$\222\242w\316\025\202/\356\266\371/\256\354\300\373""; ledgerSeq: 54; ","itype: liBASE; ledgerHash: ""\220lA\251D\0246\305z\207\225\254\360\010\233K$\222\242w\316\025\202/\356\266\371/\256\354\300\373""; ledgerSeq: 54; "
1750527702488,1750527702488,0,1,1,2,TMGetLedger,"itype: liBASE; ledgerHash: ""\220lA\251D\0246\305z\207\225\254\360\010\233K$\222\242w\316\025\202/\356\266\371/\256\354\300\373""; ledgerSeq: 54; ","itype: liBASE; ledgerHash: ""\220lA\251D\0246\305z\207\225\254\360\010\233K$\222\242w\316\025\202/\356\266\371/\256\354\300\373""; ledgerSeq: 54; "
1750527702488,1750527702488,0,1,4,1,TMValidation,"validation: """"\200\000\000\001&\000\000\0006)/\351\253V:p\210\265\307-\212\200\004Q\220lA\251D\0246\305z\207\225\254\360\010\233K$\222\242w\316\025\202/\356\266\371/\256\354\300\373P\027\000\000\000\000\000\000\000\000\000\000\000\000\000\000\000\000\000\000\000\000\000\000\000\000\000\000\000\000\000\000\000\000P\031a\353k\036W\036\333\243\313y\256\236\230\270\325\233\373\001c\343\030e+OD\224O\347\364mD\216s!\002\364d\217\366\217|\316F\232\231\241\n\261\333`\312O\367\235\025DD\336e\367\n\312\326\221\037\025\230vG0E\002!\000\272\027\374\213j\211\321\322\252\350\344i\277\003\027+\235\005\271~\202\331\010\021\352S\301}\207m\303\024\002 f\365e0\216D\370\247\360\3571\303\314z \225J\343\350\325\022Z6\276\344\032\270q\263\327pl""; ","validation: """"\200\000\000\001&\000\000\0006)/\351\253V:p\210\265\307-\212\200\004Q\220lA\251D\0246\305z\207\225\254\360\010\233K$\222\242w\316\025\202/\356\266\371/\256\354\300\373P\027\000\000\000\000\000\000\000\000\000\000\000\000\000\000\000\000\000\000\000\000\000\000\000\000\000\000\000\000\000\000\000\000P\031a\353k\036W\036\333\243\313y\256\236\230\270\325\233\373\001c\343\030e+OD\224O\347\364mD\216s!\002\364d\217\366\217|\316F\232\231\241\n\261\333`\312O\367\235\025DD\336e\367\n\312\326\221\037\025\230vG0E\002!\000\272\027\374\213j\211\321\322\252\350\344i\277\003\027+\235\005\271~\202\331\010\021\352S\301}\207m\303\024\002 f\365e0\216D\370\247\360\3571\303\314z \225J\343\350\325\022Z6\276\344\032\270q\263\327pl""; "
1750527702489,1750527702489,0,1,4,2,TMValidation,"validation: """"\200\000\000\001&\000\000\0006)/\351\253V:p\210\265\307-\212\200\004Q\220lA\251D\0246\305z\207\225\254\360\010\233K$\222\242w\316\025\202/\356\266\371/\256\354\300\373P\027\000\000\000\000\000\000\000\000\000\000\000\000\000\000\000\000\000\000\000\000\000\000\000\000\000\000\000\000\000\000\000\000P\031a\353k\036W\036\333\243\313y\256\236\230\270\325\233\373\001c\343\030e+OD\224O\347\364mD\216s!\002\364d\217\366\217|\316F\232\231\241\n\261\333`\312O\367\235\025DD\336e\367\n\312\326\221\037\025\230vG0E\002!\000\272\027\374\213j\211\321\322\252\350\344i\277\003\027+\235\005\271~\202\331\010\021\352S\301}\207m\303\024\002 f\365e0\216D\370\247\360\3571\303\314z \225J\343\350\325\022Z6\276\344\032\270q\263\327pl""; ","validation: """"\200\000\000\001&\000\000\0006)/\351\253V:p\210\265\307-\212\200\004Q\220lA\251D\0246\305z\207\225\254\360\010\233K$\222\242w\316\025\202/\356\266\371/\256\354\300\373P\027\000\000\000\000\000\000\000\000\000\000\000\000\000\000\000\000\000\000\000\000\000\000\000\000\000\000\000\000\000\000\000\000P\031a\353k\036W\036\333\243\313y\256\236\230\270\325\233\373\001c\343\030e+OD\224O\347\364mD\216s!\002\364d\217\366\217|\316F\232\231\241\n\261\333`\312O\367\235\025DD\336e\367\n\312\326\221\037\025\230vG0E\002!\000\272\027\374\213j\211\321\322\252\350\344i\277\003\027+\235\005\271~\202\331\010\021\352S\301}\207m\303\024\002 f\365e0\216D\370\247\360\3571\303\314z \225J\343\350\325\022Z6\276\344\032\270q\263\327pl""; "
1750527702506,1750527702506,0,1,4,0,TMValidation,"validation: """"\200\000\000\001&\000\000\0006)/\351\253V:p\210\265\307-\212\200\004Q\220lA\251D\0246\305z\207\225\254\360\010\233K$\222\242w\316\025\202/\356\266\371/\256\354\300\373P\027\000\000\000\000\000\000\000\000\000\000\000\000\000\000\000\000\000\000\000\000\000\000\000\000\000\000\000\000\000\000\000\000P\031a\353k\036W\036\333\243\313y\256\236\230\270\325\233\373\001c\343\030e+OD\224O\347\364mD\216s!\002\364d\217\366\217|\316F\232\231\241\n\261\333`\312O\367\235\025DD\336e\367\n\312\326\221\037\025\230vG0E\002!\000\272\027\374\213j\211\321\322\252\350\344i\277\003\027+\235\005\271~\202\331\010\021\352S\301}\207m\303\024\002 f\365e0\216D\370\247\360\3571\303\314z \225J\343\350\325\022Z6\276\344\032\270q\263\327pl""; ","validation: """"\200\000\000\001&\000\000\0006)/\351\253V:p\210\265\307-\212\200\004Q\220lA\251D\0246\305z\207\225\254\360\010\233K$\222\242w\316\025\202/\356\266\371/\256\354\300\373P\027\000\000\000\000\000\000\000\000\000\000\000\000\000\000\000\000\000\000\000\000\000\000\000\000\000\000\000\000\000\000\000\000P\031a\353k\036W\036\333\243\313y\256\236\230\270\325\233\373\001c\343\030e+OD\224O\347\364mD\216s!\002\364d\217\366\217|\316F\232\231\241\n\261\333`\312O\367\235\025DD\336e\367\n\312\326\221\037\025\230vG0E\002!\000\272\027\374\213j\211\321\322\252\350\344i\277\003\027+\235\005\271~\202\331\010\021\352S\301}\207m\303\024\002 f\365e0\216D\370\247\360\3571\303\314z \225J\343\350\325\022Z6\276\344\032\270q\263\327pl""; "
1750527702506,1750527702506,0,1,1,0,TMValidation,"validation: """"\200\000\000\001&\000\000\0006)/\351\253V:p\210\265\307-\212\200\004Q\220lA\251D\0246\305z\207\225\254\360\010\233K$\222\242w\316\025\202/\356\266\371/\256\354\300\373P\027\000\000\000\000\000\000\000\000\000\000\000\000\000\000\000\000\000\000\000\000\000\000\000\000\000\000\000\000\000\000\000\000P\031a\353k\036W\036\333\243\313y\256\236\230\270\325\233\373\001c\343\030e+OD\224O\347\364mD\216s!\002\364d\217\366\217|\316F\232\231\241\n\261\333`\312O\367\235\025DD\336e\367\n\312\326\221\037\025\230vG0E\002!\000\272\027\374\213j\211\321\322\252\350\344i\277\003\027+\235\005\271~\202\331\010\021\352S\301}\207m\303\024\002 f\365e0\216D\370\247\360\3571\303\314z \225J\343\350\325\022Z6\276\344\032\270q\263\327pl""; ","validation: """"\200\000\000\001&\000\000\0006)/\351\253V:p\210\265\307-\212\200\004Q\220lA\251D\0246\305z\207\225\254\360\010\233K$\222\242w\316\025\202/\356\266\371/\256\354\300\373P\027\000\000\000\000\000\000\000\000\000\000\000\000\000\000\000\000\000\000\000\000\000\000\000\000\000\000\000\000\000\000\000\000P\031a\353k\036W\036\333\243\313y\256\236\230\270\325\233\373\001c\343\030e+OD\224O\347\364mD\216s!\002\364d\217\366\217|\316F\232\231\241\n\261\333`\312O\367\235\025DD\336e\367\n\312\326\221\037\025\230vG0E\002!\000\272\027\374\213j\211\321\322\252\350\344i\277\003\027+\235\005\271~\202\331\010\021\352S\301}\207m\303\024\002 f\365e0\216D\370\247\360\3571\303\314z \225J\343\350\325\022Z6\276\344\032\270q\263\327pl""; "
1750527702507,1750527702507,0,1,1,4,TMValidation,"validation: """"\200\000\000\001&\000\000\0006)/\351\253V:p\210\265\307-\212\200\004Q\220lA\251D\0246\305z\207\225\254\360\010\233K$\222\242w\316\025\202/\356\266\371/\256\354\300\373P\027\000\000\000\000\000\000\000\000\000\000\000\000\000\000\000\000\000\000\000\000\000\000\000\000\000\000\000\000\000\000\000\000P\031a\353k\036W\036\333\243\313y\256\236\230\270\325\233\373\001c\343\030e+OD\224O\347\364mD\216s!\002\364d\217\366\217|\316F\232\231\241\n\261\333`\312O\367\235\025DD\336e\367\n\312\326\221\037\025\230vG0E\002!\000\272\027\374\213j\211\321\322\252\350\344i\277\003\027+\235\005\271~\202\331\010\021\352S\301}\207m\303\024\002 f\365e0\216D\370\247\360\3571\303\314z \225J\343\350\325\022Z6\276\344\032\270q\263\327pl""; ","validation: """"\200\000\000\001&\000\000\0006)/\351\253V:p\210\265\307-\212\200\004Q\220lA\251D\0246\305z\207\225\254\360\010\233K$\222\242w\316\025\202/\356\266\371/\256\354\300\373P\027\000\000\000\000\000\000\000\000\000\000\000\000\000\000\000\000\000\000\000\000\000\000\000\000\000\000\000\000\000\000\000\000P\031a\353k\036W\036\333\243\313y\256\236\230\270\325\233\373\001c\343\030e+OD\224O\347\364mD\216s!\002\364d\217\366\217|\316F\232\231\241\n\261\333`\312O\367\235\025DD\336e\367\n\312\326\221\037\025\230vG0E\002!\000\272\027\374\213j\211\321\322\252\350\344i\277\003\027+\235\005\271~\202\331\010\021\352S\301}\207m\303\024\002 f\365e0\216D\370\247\360\3571\303\314z \225J\343\350\325\022Z6\276\344\032\270q\263\327pl""; "
1750527702508,1750527702508,0,1,1,4,TMGetLedger,"itype: liBASE; ledgerHash: ""\220lA\251D\0246\305z\207\225\254\360\010\233K$\222\242w\316\025\202/\356\266\371/\256\354\300\373""; ledgerSeq: 54; ","itype: liBASE; ledgerHash: ""\220lA\251D\0246\305z\207\225\254\360\010\233K$\222\242w\316\025\202/\356\266\371/\256\354\300\373""; ledgerSeq: 54; "
1750527702509,1750527702510,0,1,1,2,TMValidation,"validation: """"\200\000\000\001&\000\000\0006)/\351\253V:p\210\265\307-\212\200\004Q\220lA\251D\0246\305z\207\225\254\360\010\233K$\222\242w\316\025\202/\356\266\371/\256\354\300\373P\027\000\000\000\000\000\000\000\000\000\000\000\000\000\000\000\000\000\000\000\000\000\000\000\000\000\000\000\000\000\000\000\000P\031a\353k\036W\036\333\243\313y\256\236\230\270\325\233\373\001c\343\030e+OD\224O\347\364mD\216s!\002\364d\217\366\217|\316F\232\231\241\n\261\333`\312O\367\235\025DD\336e\367\n\312\326\221\037\025\230vG0E\002!\000\272\027\374\213j\211\321\322\252\350\344i\277\003\027+\235\005\271~\202\331\010\021\352S\301}\207m\303\024\002 f\365e0\216D\370\247\360\3571\303\314z \225J\343\350\325\022Z6\276\344\032\270q\263\327pl""; ","validation: """"\200\000\000\001&\000\000\0006)/\351\253V:p\210\265\307-\212\200\004Q\220lA\251D\0246\305z\207\225\254\360\010\233K$\222\242w\316\025\202/\356\266\371/\256\354\300\373P\027\000\000\000\000\000\000\000\000\000\000\000\000\000\000\000\000\000\000\000\000\000\000\000\000\000\000\000\000\000\000\000\000P\031a\353k\036W\036\333\243\313y\256\236\230\270\325\233\373\001c\343\030e+OD\224O\347\364mD\216s!\002\364d\217\366\217|\316F\232\231\241\n\261\333`\312O\367\235\025DD\336e\367\n\312\326\221\037\025\230vG0E\002!\000\272\027\374\213j\211\321\322\252\350\344i\277\003\027+\235\005\271~\202\331\010\021\352S\301}\207m\303\024\002 f\365e0\216D\370\247\360\3571\303\314z \225J\343\350\325\022Z6\276\344\032\270q\263\327pl""; "
1750527702510,1750527702510,0,1,4,1,TMGetLedger,"itype: liBASE; ledgerHash: ""\220lA\251D\0246\305z\207\225\254\360\010\233K$\222\242w\316\025\202/\356\266\371/\256\354\300\373""; queryType: qtINDIRECT; ","itype: liBASE; ledgerHash: ""\220lA\251D\0246\305z\207\225\254\360\010\233K$\222\242w\316\025\202/\356\266\371/\256\354\300\373""; queryType: qtINDIRECT; "
1750527702511,1750527702511,0,1,4,1,TMGetLedger,"itype: liBASE; ledgerHash: ""\220lA\251D\0246\305z\207\225\254\360\010\233K$\222\242w\316\025\202/\356\266\371/\256\354\300\373""; ","itype: liBASE; ledgerHash: ""\220lA\251D\0246\305z\207\225\254\360\010\233K$\222\242w\316\025\202/\356\266\371/\256\354\300\373""; "
1750527702511,1750527702511,0,1,1,0,TMGetLedger,"itype: liBASE; ledgerHash: ""\220lA\251D\0246\305z\207\225\254\360\010\233K$\222\242w\316\025\202/\356\266\371/\256\354\300\373""; ledgerSeq: 54; queryType: qtINDIRECT; ","itype: liBASE; ledgerHash: ""\220lA\251D\0246\305z\207\225\254\360\010\233K$\222\242w\316\025\202/\356\266\371/\256\354\300\373""; ledgerSeq: 54; queryType: qtINDIRECT; "
1750527702514,1750527702515,0,1,4,0,TMGetLedger,"itype: liBASE; ledgerHash: ""\220lA\251D\0246\305z\207\225\254\360\010\233K$\222\242w\316\025\202/\356\266\371/\256\354\300\373""; queryType: qtINDIRECT; ","itype: liBASE; ledgerHash: ""\220lA\251D\0246\305z\207\225\254\360\010\233K$\222\242w\316\025\202/\356\266\371/\256\354\300\373""; queryType: qtINDIRECT; "
1750527702515,1750527702515,0,1,4,0,TMGetLedger,"itype: liBASE; ledgerHash: ""\220lA\251D\0246\305z\207\225\254\360\010\233K$\222\242w\316\025\202/\356\266\371/\256\354\300\373""; ","itype: liBASE; ledgerHash: ""\220lA\251D\0246\305z\207\225\254\360\010\233K$\222\242w\316\025\202/\356\266\371/\256\354\300\373""; "
1750527702515,1750527702515,0,1,4,3,TMGetLedger,"itype: liBASE; ledgerHash: ""\220lA\251D\0246\305z\207\225\254\360\010\233K$\222\242w\316\025\202/\356\266\371/\256\354\300\373""; ","itype: liBASE; ledgerHash: ""\220lA\251D\0246\305z\207\225\254\360\010\233K$\222\242w\316\025\202/\356\266\371/\256\354\300\373""; "
1750527702516,1750527702516,0,1,4,3,TMGetLedger,"itype: liBASE; ledgerHash: ""\220lA\251D\0246\305z\207\225\254\360\010\233K$\222\242w\316\025\202/\356\266\371/\256\354\300\373""; queryType: qtINDIRECT; ","itype: liBASE; ledgerHash: ""\220lA\251D\0246\305z\207\225\254\360\010\233K$\222\242w\316\025\202/\356\266\371/\256\354\300\373""; queryType: qtINDIRECT; "
1750527702517,1750527702517,0,1,4,2,TMGetLedger,"itype: liBASE; ledgerHash: ""\220lA\251D\0246\305z\207\225\254\360\010\233K$\222\242w\316\025\202/\356\266\371/\256\354\300\373""; queryType: qtINDIRECT; ","itype: liBASE; ledgerHash: ""\220lA\251D\0246\305z\207\225\254\360\010\233K$\222\242w\316\025\202/\356\266\371/\256\354\300\373""; queryType: qtINDIRECT; "
1750527702517,1750527702517,0,1,4,2,TMGetLedger,"itype: liBASE; ledgerHash: ""\220lA\251D\0246\305z\207\225\254\360\010\233K$\222\242w\316\025\202/\356\266\371/\256\354\300\373""; ","itype: liBASE; ledgerHash: ""\220lA\251D\0246\305z\207\225\254\360\010\233K$\222\242w\316\025\202/\356\266\371/\256\354\300\373""; "
1750527702518,1750527702518,0,1,1,2,TMGetLedger,"itype: liBASE; ledgerHash: ""\220lA\251D\0246\305z\207\225\254\360\010\233K$\222\242w\316\025\202/\356\266\371/\256\354\300\373""; ledgerSeq: 54; queryType: qtINDIRECT; ","itype: liBASE; ledgerHash: ""\220lA\251D\0246\305z\207\225\254\360\010\233K$\222\242w\316\025\202/\356\266\371/\256\354\300\373""; ledgerSeq: 54; queryType: qtINDIRECT; "
1750527702518,1750527702518,0,1,1,4,TMGetLedger,"itype: liBASE; ledgerHash: ""\220lA\251D\0246\305z\207\225\254\360\010\233K$\222\242w\316\025\202/\356\266\371/\256\354\300\373""; ledgerSeq: 54; queryType: qtINDIRECT; ","itype: liBASE; ledgerHash: ""\220lA\251D\0246\305z\207\225\254\360\010\233K$\222\242w\316\025\202/\356\266\371/\256\354\300\373""; ledgerSeq: 54; queryType: qtINDIRECT; "
1750527702519,1750527702519,0,1,1,3,TMGetLedger,"itype: liBASE; ledgerHash: ""\220lA\251D\0246\305z\207\225\254\360\010\233K$\222\242w\316\025\202/\356\266\371/\256\354\300\373""; ledgerSeq: 54; queryType: qtINDIRECT; ","itype: liBASE; ledgerHash: ""\220lA\251D\0246\305z\207\225\254\360\010\233K$\222\242w\316\025\202/\356\266\371/\256\354\300\373""; ledgerSeq: 54; queryType: qtINDIRECT; "
1750527702520,1750527702520,0,1,0,2,TMGetLedger,"itype: liBASE; ledgerHash: ""\220lA\251D\0246\305z\207\225\254\360\010\233K$\222\242w\316\025\202/\356\266\371/\256\354\300\373""; ","itype: liBASE; ledgerHash: ""\220lA\251D\0246\305z\207\225\254\360\010\233K$\222\242w\316\025\202/\356\266\371/\256\354\300\373""; "
1750527702520,1750527702520,0,1,0,3,TMGetLedger,"itype: liBASE; ledgerHash: ""\220lA\251D\0246\305z\207\225\254\360\010\233K$\222\242w\316\025\202/\356\266\371/\256\354\300\373""; ","itype: liBASE; ledgerHash: ""\220lA\251D\0246\305z\207\225\254\360\010\233K$\222\242w\316\025\202/\356\266\371/\256\354\300\373""; "
1750527702521,1750527702521,0,1,0,1,TMGetLedger,"itype: liBASE; ledgerHash: ""\220lA\251D\0246\305z\207\225\254\360\010\233K$\222\242w\316\025\202/\356\266\371/\256\354\300\373""; ","itype: liBASE; ledgerHash: ""\220lA\251D\0246\305z\207\225\254\360\010\233K$\222\242w\316\025\202/\356\266\371/\256\354\300\373""; "
1750527702521,1750527702521,0,1,0,4,TMGetLedger,"itype: liBASE; ledgerHash: ""\220lA\251D\0246\305z\207\225\254\360\010\233K$\222\242w\316\025\202/\356\266\371/\256\354\300\373""; ","itype: liBASE; ledgerHash: ""\220lA\251D\0246\305z\207\225\254\360\010\233K$\222\242w\316\025\202/\356\266\371/\256\354\300\373""; "
1750527702521,1750527702521,0,1,0,3,TMGetLedger,"itype: liBASE; ledgerHash: ""\220lA\251D\0246\305z\207\225\254\360\010\233K$\222\242w\316\025\202/\356\266\371/\256\354\300\373""; queryType: qtINDIRECT; ","itype: liBASE; ledgerHash: ""\220lA\251D\0246\305z\207\225\254\360\010\233K$\222\242w\316\025\202/\356\266\371/\256\354\300\373""; queryType: qtINDIRECT; "
1750527702522,1750527702522,0,1,0,2,TMValidation,"validation: """"\200\000\000\001&\000\000\0006)/\351\253V:p\210\265\307-\212\200\004Q\220lA\251D\0246\305z\207\225\254\360\010\233K$\222\242w\316\025\202/\356\266\371/\256\354\300\373P\027\000\000\000\000\000\000\000\000\000\000\000\000\000\000\000\000\000\000\000\000\000\000\000\000\000\000\000\000\000\000\000\000P\031a\353k\036W\036\333\243\313y\256\236\230\270\325\233\373\001c\343\030e+OD\224O\347\364mD\216s!\002\364d\217\366\217|\316F\232\231\241\n\261\333`\312O\367\235\025DD\336e\367\n\312\326\221\037\025\230vG0E\002!\000\272\027\374\213j\211\321\322\252\350\344i\277\003\027+\235\005\271~\202\331\010\021\352S\301}\207m\303\024\002 f\365e0\216D\370\247\360\3571\303\314z \225J\343\350\325\022Z6\276\344\032\270q\263\327pl""; ","validation: """"\200\000\000\001&\000\000\0006)/\351\253V:p\210\265\307-\212\200\004Q\220lA\251D\0246\305z\207\225\254\360\010\233K$\222\242w\316\025\202/\356\266\371/\256\354\300\373P\027\000\000\000\000\000\000\000\000\000\000\000\000\000\000\000\000\000\000\000\000\000\000\000\000\000\000\000\000\000\000\000\000P\031a\353k\036W\036\333\243\313y\256\236\230\270\325\233\373\001c\343\030e+OD\224O\347\364mD\216s!\002\364d\217\366\217|\316F\232\231\241\n\261\333`\312O\367\235\025DD\336e\367\n\312\326\221\037\025\230vG0E\002!\000\272\027\374\213j\211\321\322\252\350\344i\277\003\027+\235\005\271~\202\331\010\021\352S\301}\207m\303\024\002 f\365e0\216D\370\247\360\3571\303\314z \225J\343\350\325\022Z6\276\344\032\270q\263\327pl""; "
1750527702522,1750527702523,0,1,0,2,TMGetLedger,"itype: liBASE; ledgerHash: ""\220lA\251D\0246\305z\207\225\254\360\010\233K$\222\242w\316\025\202/\356\266\371/\256\354\300\373""; queryType: qtINDIRECT; ","itype: liBASE; ledgerHash: ""\220lA\251D\0246\305z\207\225\254\360\010\233K$\222\242w\316\025\202/\356\266\371/\256\354\300\373""; queryType: qtINDIRECT; "
1750527702523,1750527702523,0,1,3,2,TMLedgerData,"ledgerHash: ""\220lA\251D\0246\305z\207\225\254\360\010\233K$\222\242w\316\025\202/\356\266\371/\256\354\300\373""; ledgerSeq: 54; type: liBASE; nodes {;   nodedata: ""\000\000\0006\001cEx]\211\377\330a\353k\036W\036\333\243\313y\256\236\230\270\325\233\373\001c\343\030e+OD\224O\347\364mD\216\000\000\000\000\000\000\000\000\000\000\000\000\000\000\000\000\000\000\000\000\000\000\000\000\000\000\000\000\000\000\000\000>\317\013\347\341!w\253j\t[\233\004o\322\202\357qc\207!\240\006\345\037U\311\354W6{\225/\351\253T/\351\253U\n\000""; }; nodes {;   nodedata: ""\323C\344\327\264{\312-\017:\006{\177\344N\002\326bO\260\220\006\033\362\345\005U\221DzJ0\001\301\025%1L\307\t\261\262z\374\222T\301\274V\236\223\262\270Ct\362\337b\356\024*\324\320\351\317\002k\336\234\027v\351\217\260\303\360\233ZPZWr\246$w\313\313\r\243r\232\2234\373\3539:N\004Q\245\272D\312D\300\300\t\323\0257\345e\271\na\215{\226\255x%T\257\037\333\004\344_/R\006E\344\037@\210\363\010\336T\226\247'\204_{\261\370""1\235\2445\343\033Y!\212\201\341\272\225'\007DF\215\235\340.\213z[\305\262t\201#\371L2E\314\377\366<\177\256%}T\020\273\312\241g\013\003""; }; ","ledgerHash: ""\220lA\251D\0246\305z\207\225\254\360\010\233K$\222\242w\316\025\202/\356\266\371/\256\354\300\373""; ledgerSeq: 54; type: liBASE; nodes {;   nodedata: ""\000\000\0006\001cEx]\211\377\330a\353k\036W\036\333\243\313y\256\236\230\270\325\233\373\001c\343\030e+OD\224O\347\364mD\216\000\000\000\000\000\000\000\000\000\000\000\000\000\000\000\000\000\000\000\000\000\000\000\000\000\000\000\000\000\000\000\000>\317\013\347\341!w\253j\t[\233\004o\322\202\357qc\207!\240\006\345\037U\311\354W6{\225/\351\253T/\351\253U\n\000""; }; nodes {;   nodedata: ""\323C\344\327\264{\312-\017:\006{\177\344N\002\326bO\260\220\006\033\362\345\005U\221DzJ0\001\301\025%1L\307\t\261\262z\374\222T\301\274V\236\223\262\270Ct\362\337b\356\024*\324\320\351\317\002k\336\234\027v\351\217\260\303\360\233ZPZWr\246$w\313\313\r\243r\232\2234\373\3539:N\004Q\245\272D\312D\300\300\t\323\0257\345e\271\na\215{\226\255x%T\257\037\333\004\344_/R\006E\344\037@\210\363\010\336T\226\247'\204_{\261\370""1\235\2445\343\033Y!\212\201\341\272\225'\007DF\215\235\340.\213z[\305\262t\201#\371L2E\314\377\366<\177\256%}T\020\273\312\241g\013\003""; }; "
1750527702524,1750527702524,0,1,3,1,TMLedgerData,"ledgerHash: ""\220lA\251D\0246\305z\207\225\254\360\010\233K$\222\242w\316\025\202/\356\266\371/\256\354\300\373""; ledgerSeq: 54; type: liBASE; nodes {;   nodedata: ""\000\000\0006\001cEx]\211\377\330a\353k\036W\036\333\243\313y\256\236\230\270\325\233\373\001c\343\030e+OD\224O\347\364mD\216\000\000\000\000\000\000\000\000\000\000\000\000\000\000\000\000\000\000\000\000\000\000\000\000\000\000\000\000\000\000\000\000>\317\013\347\341!w\253j\t[\233\004o\322\202\357qc\207!\240\006\345\037U\311\354W6{\225/\351\253T/\351\253U\n\000""; }; nodes {;   nodedata: ""\323C\344\327\264{\312-\017:\006{\177\344N\002\326bO\260\220\006\033\362\345\005U\221DzJ0\001\301\025%1L\307\t\261\262z\374\222T\301\274V\236\223\262\270Ct\362\337b\356\024*\324\320\351\317\002k\336\234\027v\351\217\260\303\360\233ZPZWr\246$w\313\313\r\243r\232\2234\373\3539:N\004Q\245\272D\312D\300\300\t\323\0257\345e\271\na\215{\226\255x%T\257\037\333\004\344_/R\006E\344\037@\210\363\010\336T\226\247'\204_{\261\370""1\235\2445\343\033Y!\212\201\341\272\225'\007DF\215\235\340.\213z[\305\262t\201#\371L2E\314\377\366<\177\256%}T\020\273\312\241g\013\003""; }; ","ledgerHash: ""\220lA\251D\0246\305z\207\225\254\360\010\233K$\222\242w\316\025\202/\356\266\371/\256\354\300\373""; ledgerSeq: 54; type: liBASE; nodes {;   nodedata: ""\000\000\0006\001cEx]\211\377\330a\353k\036W\036\333\243\313y\256\236\230\270\325\233\373\001c\343\030e+OD\224O\347\364mD\216\000\000\000\000\000\000\000\000\000\000\000\000\000\000\000\000\000\000\000\000\000\000\000\000\000\000\000\000\000\000\000\000>\317\013\347\341!w\253j\t[\233\004o\322\202\357qc\207!\240\006\345\037U\311\354W6{\225/\351\253T/\351\253U\n\000""; }; nodes {;   nodedata: ""\323C\344\327\264{\312-\017:\006{\177\344N\002\326bO\260\220\006\033\362\345\005U\221DzJ0\001\301\025%1L\307\t\261\262z\374\222T\301\274V\236\223\262\270Ct\362\337b\356\024*\324\320\351\317\002k\336\234\027v\351\217\260\303\360\233ZPZWr\246$w\313\313\r\243r\232\2234\373\3539:N\004Q\245\272D\312D\300\300\t\323\0257\345e\271\na\215{\226\255x%T\257\037\333\004\344_/R\006E\344\037@\210\363\010\336T\226\247'\204_{\261\370""1\235\2445\343\033Y!\212\201\341\272\225'\007DF\215\235\340.\213z[\305\262t\201#\371L2E\314\377\366<\177\256%}T\020\273\312\241g\013\003""; }; "
1750527702525,1750527702525,0,1,0,1,TMGetLedger,"itype: liBASE; ledgerHash: ""\220lA\251D\0246\305z\207\225\254\360\010\233K$\222\242w\316\025\202/\356\266\371/\256\354\300\373""; queryType: qtINDIRECT; ","itype: liBASE; ledgerHash: ""\220lA\251D\0246\305z\207\225\254\360\010\233K$\222\242w\316\025\202/\356\266\371/\256\354\300\373""; queryType: qtINDIRECT; "
1750527702525,1750527702525,0,1,0,1,TMValidation,"validation: """"\200\000\000\001&\000\000\0006)/\351\253V:p\210\265\307-\212\200\004Q\220lA\251D\0246\305z\207\225\254\360\010\233K$\222\242w\316\025\202/\356\266\371/\256\354\300\373P\027\000\000\000\000\000\000\000\000\000\000\000\000\000\000\000\000\000\000\000\000\000\000\000\000\000\000\000\000\000\000\000\000P\031a\353k\036W\036\333\243\313y\256\236\230\270\325\233\373\001c\343\030e+OD\224O\347\364mD\216s!\002\364d\217\366\217|\316F\232\231\241\n\261\333`\312O\367\235\025DD\336e\367\n\312\326\221\037\025\230vG0E\002!\000\272\027\374\213j\211\321\322\252\350\344i\277\003\027+\235\005\271~\202\331\010\021\352S\301}\207m\303\024\002 f\365e0\216D\370\247\360\3571\303\314z \225J\343\350\325\022Z6\276\344\032\270q\263\327pl""; ","validation: """"\200\000\000\001&\000\000\0006)/\351\253V:p\210\265\307-\212\200\004Q\220lA\251D\0246\305z\207\225\254\360\010\233K$\222\242w\316\025\202/\356\266\371/\256\354\300\373P\027\000\000\000\000\000\000\000\000\000\000\000\000\000\000\000\000\000\000\000\000\000\000\000\000\000\000\000\000\000\000\000\000P\031a\353k\036W\036\333\243\313y\256\236\230\270\325\233\373\001c\343\030e+OD\224O\347\364mD\216s!\002\364d\217\366\217|\316F\232\231\241\n\261\333`\312O\367\235\025DD\336e\367\n\312\326\221\037\025\230vG0E\002!\000\272\027\374\213j\211\321\322\252\350\344i\277\003\027+\235\005\271~\202\331\010\021\352S\301}\207m\303\024\002 f\365e0\216D\370\247\360\3571\303\314z \225J\343\350\325\022Z6\276\344\032\270q\263\327pl""; "
1750527702525,1750527702525,0,1,2,1,TMGetLedger,"itype: liBASE; ledgerHash: ""\220lA\251D\0246\305z\207\225\254\360\010\233K$\222\242w\316\025\202/\356\266\371/\256\354\300\373""; ledgerSeq: 54; queryType: qtINDIRECT; ","itype: liBASE; ledgerHash: ""\220lA\251D\0246\305z\207\225\254\360\010\233K$\222\242w\316\025\202/\356\266\371/\256\354\300\373""; ledgerSeq: 54; queryType: qtINDIRECT; "
1750527702526,1750527702526,0,1,2,1,TMValidation,"validation: """"\200\000\000\001&\000\000\0006)/\351\253V:p\210\265\307-\212\200\004Q\220lA\251D\0246\305z\207\225\254\360\010\233K$\222\242w\316\025\202/\356\266\371/\256\354\300\373P\027\000\000\000\000\000\000\000\000\000\000\000\000\000\000\000\000\000\000\000\000\000\000\000\000\000\000\000\000\000\000\000\000P\031a\353k\036W\036\333\243\313y\256\236\230\270\325\233\373\001c\343\030e+OD\224O\347\364mD\216s!\002\364d\217\366\217|\316F\232\231\241\n\261\333`\312O\367\235\025DD\336e\367\n\312\326\221\037\025\230vG0E\002!\000\272\027\374\213j\211\321\322\252\350\344i\277\003\027+\235\005\271~\202\331\010\021\352S\301}\207m\303\024\002 f\365e0\216D\370\247\360\3571\303\314z \225J\343\350\325\022Z6\276\344\032\270q\263\327pl""; ","validation: """"\200\000\000\001&\000\000\0006)/\351\253V:p\210\265\307-\212\200\004Q\220lA\251D\0246\305z\207\225\254\360\010\233K$\222\242w\316\025\202/\356\266\371/\256\354\300\373P\027\000\000\000\000\000\000\000\000\000\000\000\000\000\000\000\000\000\000\000\000\000\000\000\000\000\000\000\000\000\000\000\000P\031a\353k\036W\036\333\243\313y\256\236\230\270\325\233\373\001c\343\030e+OD\224O\347\364mD\216s!\002\364d\217\366\217|\316F\232\231\241\n\261\333`\312O\367\235\025DD\336e\367\n\312\326\221\037\025\230vG0E\002!\000\272\027\374\213j\211\321\322\252\350\344i\277\003\027+\235\005\271~\202\331\010\021\352S\301}\207m\303\024\002 f\365e0\216D\370\247\360\3571\303\314z \225J\343\350\325\022Z6\276\344\032\270q\263\327pl""; "
1750527702526,1750527702527,0,1,2,4,TMValidation,"validation: """"\200\000\000\001&\000\000\0006)/\351\253V:p\210\265\307-\212\200\004Q\220lA\251D\0246\305z\207\225\254\360\010\233K$\222\242w\316\025\202/\356\266\371/\256\354\300\373P\027\000\000\000\000\000\000\000\000\000\000\000\000\000\000\000\000\000\000\000\000\000\000\000\000\000\000\000\000\000\000\000\000P\031a\353k\036W\036\333\243\313y\256\236\230\270\325\233\373\001c\343\030e+OD\224O\347\364mD\216s!\002\364d\217\366\217|\316F\232\231\241\n\261\333`\312O\367\235\025DD\336e\367\n\312\326\221\037\025\230vG0E\002!\000\272\027\374\213j\211\321\322\252\350\344i\277\003\027+\235\005\271~\202\331\010\021\352S\301}\207m\303\024\002 f\365e0\216D\370\247\360\3571\303\314z \225J\343\350\325\022Z6\276\344\032\270q\263\327pl""; ","validation: """"\200\000\000\001&\000\000\0006)/\351\253V:p\210\265\307-\212\200\004Q\220lA\251D\0246\305z\207\225\254\360\010\233K$\222\242w\316\025\202/\356\266\371/\256\354\300\373P\027\000\000\000\000\000\000\000\000\000\000\000\000\000\000\000\000\000\000\000\000\000\000\000\000\000\000\000\000\000\000\000\000P\031a\353k\036W\036\333\243\313y\256\236\230\270\325\233\373\001c\343\030e+OD\224O\347\364mD\216s!\002\364d\217\366\217|\316F\232\231\241\n\261\333`\312O\367\235\025DD\336e\367\n\312\326\221\037\025\230vG0E\002!\000\272\027\374\213j\211\321\322\252\350\344i\277\003\027+\235\005\271~\202\331\010\021\352S\301}\207m\303\024\002 f\365e0\216D\370\247\360\3571\303\314z \225J\343\350\325\022Z6\276\344\032\270q\263\327pl""; "
1750527702527,1750527702527,0,1,2,4,TMGetLedger,"itype: liBASE; ledgerHash: ""\220lA\251D\0246\305z\207\225\254\360\010\233K$\222\242w\316\025\202/\356\266\371/\256\354\300\373""; ledgerSeq: 54; queryType: qtINDIRECT; ","itype: liBASE; ledgerHash: ""\220lA\251D\0246\305z\207\225\254\360\010\233K$\222\242w\316\025\202/\356\266\371/\256\354\300\373""; ledgerSeq: 54; queryType: qtINDIRECT; "
1750527702527,1750527702527,0,1,0,4,TMValidation,"validation: """"\200\000\000\001&\000\000\0006)/\351\253V:p\210\265\307-\212\200\004Q\220lA\251D\0246\305z\207\225\254\360\010\233K$\222\242w\316\025\202/\356\266\371/\256\354\300\373P\027\000\000\000\000\000\000\000\000\000\000\000\000\000\000\000\000\000\000\000\000\000\000\000\000\000\000\000\000\000\000\000\000P\031a\353k\036W\036\333\243\313y\256\236\230\270\325\233\373\001c\343\030e+OD\224O\347\364mD\216s!\002\364d\217\366\217|\316F\232\231\241\n\261\333`\312O\367\235\025DD\336e\367\n\312\326\221\037\025\230vG0E\002!\000\272\027\374\213j\211\321\322\252\350\344i\277\003\027+\235\005\271~\202\331\010\021\352S\301}\207m\303\024\002 f\365e0\216D\370\247\360\3571\303\314z \225J\343\350\325\022Z6\276\344\032\270q\263\327pl""; ","validation: """"\200\000\000\001&\000\000\0006)/\351\253V:p\210\265\307-\212\200\004Q\220lA\251D\0246\305z\207\225\254\360\010\233K$\222\242w\316\025\202/\356\266\371/\256\354\300\373P\027\000\000\000\000\000\000\000\000\000\000\000\000\000\000\000\000\000\000\000\000\000\000\000\000\000\000\000\000\000\000\000\000P\031a\353k\036W\036\333\243\313y\256\236\230\270\325\233\373\001c\343\030e+OD\224O\347\364mD\216s!\002\364d\217\366\217|\316F\232\231\241\n\261\333`\312O\367\235\025DD\336e\367\n\312\326\221\037\025\230vG0E\002!\000\272\027\374\213j\211\321\322\252\350\344i\277\003\027+\235\005\271~\202\331\010\021\352S\301}\207m\303\024\002 f\365e0\216D\370\247\360\3571\303\314z \225J\343\350\325\022Z6\276\344\032\270q\263\327pl""; "
1750527702528,1750527702528,0,1,0,4,TMGetLedger,"itype: liBASE; ledgerHash: ""\220lA\251D\0246\305z\207\225\254\360\010\233K$\222\242w\316\025\202/\356\266\371/\256\354\300\373""; queryType: qtINDIRECT; ","itype: liBASE; ledgerHash: ""\220lA\251D\0246\305z\207\225\254\360\010\233K$\222\242w\316\025\202/\356\266\371/\256\354\300\373""; queryType: qtINDIRECT; "
1750527702529,1750527702529,0,1,1,3,TMGetLedger,"itype: liBASE; ledgerHash: ""\220lA\251D\0246\305z\207\225\254\360\010\233K$\222\242w\316\025\202/\356\266\371/\256\354\300\373""; requestCookie: 5; queryType: qtINDIRECT; ","itype: liBASE; ledgerHash: ""\220lA\251D\0246\305z\207\225\254\360\010\233K$\222\242w\316\025\202/\356\266\371/\256\354\300\373""; requestCookie: 5; queryType: qtINDIRECT; "
1750527702529,1750527702529,0,1,0,3,TMGetLedger,"itype: liBASE; ledgerHash: ""\220lA\251D\0246\305z\207\225\254\360\010\233K$\222\242w\316\025\202/\356\266\371/\256\354\300\373""; ledgerSeq: 54; requestCookie: 2; queryType: qtINDIRECT; ","itype: liBASE; ledgerHash: ""\220lA\251D\0246\305z\207\225\254\360\010\233K$\222\242w\316\025\202/\356\266\371/\256\354\300\373""; ledgerSeq: 54; requestCookie: 2; queryType: qtINDIRECT; "
1750527702530,1750527702530,0,1,0,3,TMGetLedger,"itype: liBASE; ledgerHash: ""\220lA\251D\0246\305z\207\225\254\360\010\233K$\222\242w\316\025\202/\356\266\371/\256\354\300\373""; requestCookie: 5; queryType: qtINDIRECT; ","itype: liBASE; ledgerHash: ""\220lA\251D\0246\305z\207\225\254\360\010\233K$\222\242w\316\025\202/\356\266\371/\256\354\300\373""; requestCookie: 5; queryType: qtINDIRECT; "
1750527702530,1750527702531,0,1,3,4,TMLedgerData,"ledgerHash: ""\220lA\251D\0246\305z\207\225\254\360\010\233K$\222\242w\316\025\202/\356\266\371/\256\354\300\373""; ledgerSeq: 54; type: liBASE; nodes {;   nodedata: ""\000\000\0006\001cEx]\211\377\330a\353k\036W\036\333\243\313y\256\236\230\270\325\233\373\001c\343\030e+OD\224O\347\364mD\216\000\000\000\000\000\000\000\000\000\000\000\000\000\000\000\000\000\000\000\000\000\000\000\000\000\000\000\000\000\000\000\000>\317\013\347\341!w\253j\t[\233\004o\322\202\357qc\207!\240\006\345\037U\311\354W6{\225/\351\253T/\351\253U\n\000""; }; nodes {;   nodedata: ""\323C\344\327\264{\312-\017:\006{\177\344N\002\326bO\260\220\006\033\362\345\005U\221DzJ0\001\301\025%1L\307\t\261\262z\374\222T\301\274V\236\223\262\270Ct\362\337b\356\024*\324\320\351\317\002k\336\234\027v\351\217\260\303\360\233ZPZWr\246$w\313\313\r\243r\232\2234\373\3539:N\004Q\245\272D\312D\300\300\t\323\0257\345e\271\na\215{\226\255x%T\257\037\333\004\344_/R\006E\344\037@\210\363\010\336T\226\247'\204_{\261\370""1\235\2445\343\033Y!\212\201\341\272\225'\007DF\215\235\340.\213z[\305\262t\201#\371L2E\314\377\366<\177\256%}T\020\273\312\241g\013\003""; }; ","ledgerHash: ""\220lA\251D\0246\305z\207\225\254\360\010\233K$\222\242w\316\025\202/\356\266\371/\256\354\300\373""; ledgerSeq: 54; type: liBASE; nodes {;   nodedata: ""\000\000\0006\001cEx]\211\377\330a\353k\036W\036\333\243\313y\256\236\230\270\325\233\373\001c\343\030e+OD\224O\347\364mD\216\000\000\000\000\000\000\000\000\000\000\000\000\000\000\000\000\000\000\000\000\000\000\000\000\000\000\000\000\000\000\000\000>\317\013\347\341!w\253j\t[\233\004o\322\202\357qc\207!\240\006\345\037U\311\354W6{\225/\351\253T/\351\253U\n\000""; }; nodes {;   nodedata: ""\323C\344\327\264{\312-\017:\006{\177\344N\002\326bO\260\220\006\033\362\345\005U\221DzJ0\001\301\025%1L\307\t\261\262z\374\222T\301\274V\236\223\262\270Ct\362\337b\356\024*\324\320\351\317\002k\336\234\027v\351\217\260\303\360\233ZPZWr\246$w\313\313\r\243r\232\2234\373\3539:N\004Q\245\272D\312D\300\300\t\323\0257\345e\271\na\215{\226\255x%T\257\037\333\004\344_/R\006E\344\037@\210\363\010\336T\226\247'\204_{\261\370""1\235\2445\343\033Y!\212\201\341\272\225'\007DF\215\235\340.\213z[\305\262t\201#\371L2E\314\377\366<\177\256%}T\020\273\312\241g\013\003""; }; "
1750527702531,1750527702531,0,1,3,4,TMLedgerData,"ledgerHash: ""\220lA\251D\0246\305z\207\225\254\360\010\233K$\222\242w\316\025\202/\356\266\371/\256\354\300\373""; ledgerSeq: 54; type: liBASE; nodes {;   nodedata: ""\000\000\0006\001cEx]\211\377\330a\353k\036W\036\333\243\313y\256\236\230\270\325\233\373\001c\343\030e+OD\224O\347\364mD\216\000\000\000\000\000\000\000\000\000\000\000\000\000\000\000\000\000\000\000\000\000\000\000\000\000\000\000\000\000\000\000\000>\317\013\347\341!w\253j\t[\233\004o\322\202\357qc\207!\240\006\345\037U\311\354W6{\225/\351\253T/\351\253U\n\000""; }; nodes {;   nodedata: ""\323C\344\327\264{\312-\017:\006{\177\344N\002\326bO\260\220\006\033\362\345\005U\221DzJ0\001\301\025%1L\307\t\261\262z\374\222T\301\274V\236\223\262\270Ct\362\337b\356\024*\324\320\351\317\002k\336\234\027v\351\217\260\303\360\233ZPZWr\246$w\313\313\r\243r\232\2234\373\3539:N\004Q\245\272D\312D\300\300\t\323\0257\345e\271\na\215{\226\255x%T\257\037\333\004\344_/R\006E\344\037@\210\363\010\336T\226\247'\204_{\261\370""1\235\2445\343\033Y!\212\201\341\272\225'\007DF\215\235\340.\213z[\305\262t\201#\371L2E\314\377\366<\177\256%}T\020\273\312\241g\013\003""; }; ","ledgerHash: ""\220lA\251D\0246\305z\207\225\254\360\010\233K$\222\242w\316\025\202/\356\266\371/\256\354\300\373""; ledgerSeq: 54; type: liBASE; nodes {;   nodedata: ""\000\000\0006\001cEx]\211\377\330a\353k\036W\036\333\243\313y\256\236\230\270\325\233\373\001c\343\030e+OD\224O\347\364mD\216\000\000\000\000\000\000\000\000\000\000\000\000\000\000\000\000\000\000\000\000\000\000\000\000\000\000\000\000\000\000\000\000>\317\013\347\341!w\253j\t[\233\004o\322\202\357qc\207!\240\006\345\037U\311\354W6{\225/\351\253T/\351\253U\n\000""; }; nodes {;   nodedata: ""\323C\344\327\264{\312-\017:\006{\177\344N\002\326bO\260\220\006\033\362\345\005U\221DzJ0\001\301\025%1L\307\t\261\262z\374\222T\301\274V\236\223\262\270Ct\362\337b\356\024*\324\320\351\317\002k\336\234\027v\351\217\260\303\360\233ZPZWr\246$w\313\313\r\243r\232\2234\373\3539:N\004Q\245\272D\312D\300\300\t\323\0257\345e\271\na\215{\226\255x%T\257\037\333\004\344_/R\006E\344\037@\210\363\010\336T\226\247'\204_{\261\370""1\235\2445\343\033Y!\212\201\341\272\225'\007DF\215\235\340.\213z[\305\262t\201#\371L2E\314\377\366<\177\256%}T\020\273\312\241g\013\003""; }; "
1750527702532,1750527702532,0,1,2,3,TMGetLedger,"itype: liBASE; ledgerHash: ""\220lA\251D\0246\305z\207\225\254\360\010\233K$\222\242w\316\025\202/\356\266\371/\256\354\300\373""; requestCookie: 5; queryType: qtINDIRECT; ","itype: liBASE; ledgerHash: ""\220lA\251D\0246\305z\207\225\254\360\010\233K$\222\242w\316\025\202/\356\266\371/\256\354\300\373""; requestCookie: 5; queryType: qtINDIRECT; "
1750527702532,1750527702532,0,1,4,3,TMGetLedger,"itype: liBASE; ledgerHash: ""\220lA\251D\0246\305z\207\225\254\360\010\233K$\222\242w\316\025\202/\356\266\371/\256\354\300\373""; ledgerSeq: 54; requestCookie: 2; queryType: qtINDIRECT; ","itype: liBASE; ledgerHash: ""\220lA\251D\0246\305z\207\225\254\360\010\233K$\222\242w\316\025\202/\356\266\371/\256\354\300\373""; ledgerSeq: 54; requestCookie: 2; queryType: qtINDIRECT; "
1750527702533,1750527702533,0,1,3,1,TMLedgerData,"ledgerHash: ""\220lA\251D\0246\305z\207\225\254\360\010\233K$\222\242w\316\025\202/\356\266\371/\256\354\300\373""; ledgerSeq: 54; type: liBASE; nodes {;   nodedata: ""\000\000\0006\001cEx]\211\377\330a\353k\036W\036\333\243\313y\256\236\230\270\325\233\373\001c\343\030e+OD\224O\347\364mD\216\000\000\000\000\000\000\000\000\000\000\000\000\000\000\000\000\000\000\000\000\000\000\000\000\000\000\000\000\000\000\000\000>\317\013\347\341!w\253j\t[\233\004o\322\202\357qc\207!\240\006\345\037U\311\354W6{\225/\351\253T/\351\253U\n\000""; }; nodes {;   nodedata: ""\323C\344\327\264{\312-\017:\006{\177\344N\002\326bO\260\220\006\033\362\345\005U\221DzJ0\001\301\025%1L\307\t\261\262z\374\222T\301\274V\236\223\262\270Ct\362\337b\356\024*\324\320\351\317\002k\336\234\027v\351\217\260\303\360\233ZPZWr\246$w\313\313\r\243r\232\2234\373\3539:N\004Q\245\272D\312D\300\300\t\323\0257\345e\271\na\215{\226\255x%T\257\037\333\004\344_/R\006E\344\037@\210\363\010\336T\226\247'\204_{\261\370""1\235\2445\343\033Y!\212\201\341\272\225'\007DF\215\235\340.\213z[\305\262t\201#\371L2E\314\377\366<\177\256%}T\020\273\312\241g\013\003""; }; ","ledgerHash: ""\220lA\251D\0246\305z\207\225\254\360\010\233K$\222\242w\316\025\202/\356\266\371/\256\354\300\373""; ledgerSeq: 54; type: liBASE; nodes {;   nodedata: ""\000\000\0006\001cEx]\211\377\330a\353k\036W\036\333\243\313y\256\236\230\270\325\233\373\001c\343\030e+OD\224O\347\364mD\216\000\000\000\000\000\000\000\000\000\000\000\000\000\000\000\000\000\000\000\000\000\000\000\000\000\000\000\000\000\000\000\000>\317\013\347\341!w\253j\t[\233\004o\322\202\357qc\207!\240\006\345\037U\311\354W6{\225/\351\253T/\351\253U\n\000""; }; nodes {;   nodedata: ""\323C\344\327\264{\312-\017:\006{\177\344N\002\326bO\260\220\006\033\362\345\005U\221DzJ0\001\301\025%1L\307\t\261\262z\374\222T\301\274V\236\223\262\270Ct\362\337b\356\024*\324\320\351\317\002k\336\234\027v\351\217\260\303\360\233ZPZWr\246$w\313\313\r\243r\232\2234\373\3539:N\004Q\245\272D\312D\300\300\t\323\0257\345e\271\na\215{\226\255x%T\257\037\333\004\344_/R\006E\344\037@\210\363\010\336T\226\247'\204_{\261\370""1\235\2445\343\033Y!\212\201\341\272\225'\007DF\215\235\340.\213z[\305\262t\201#\371L2E\314\377\366<\177\256%}T\020\273\312\241g\013\003""; }; "
1750527702533,1750527702533,0,1,2,0,TMValidation,"validation: """"\200\000\000\001&\000\000\0006)/\351\253V:p\210\265\307-\212\200\004Q\220lA\251D\0246\305z\207\225\254\360\010\233K$\222\242w\316\025\202/\356\266\371/\256\354\300\373P\027\000\000\000\000\000\000\000\000\000\000\000\000\000\000\000\000\000\000\000\000\000\000\000\000\000\000\000\000\000\000\000\000P\031a\353k\036W\036\333\243\313y\256\236\230\270\325\233\373\001c\343\030e+OD\224O\347\364mD\216s!\002\364d\217\366\217|\316F\232\231\241\n\261\333`\312O\367\235\025DD\336e\367\n\312\326\221\037\025\230vG0E\002!\000\272\027\374\213j\211\321\322\252\350\344i\277\003\027+\235\005\271~\202\331\010\021\352S\301}\207m\303\024\002 f\365e0\216D\370\247\360\3571\303\314z \225J\343\350\325\022Z6\276\344\032\270q\263\327pl""; ","validation: """"\200\000\000\001&\000\000\0006)/\351\253V:p\210\265\307-\212\200\004Q\220lA\251D\0246\305z\207\225\254\360\010\233K$\222\242w\316\025\202/\356\266\371/\256\354\300\373P\027\000\000\000\000\000\000\000\000\000\000\000\000\000\000\000\000\000\000\000\000\000\000\000\000\000\000\000\000\000\000\000\000P\031a\353k\036W\036\333\243\313y\256\236\230\270\325\233\373\001c\343\030e+OD\224O\347\364mD\216s!\002\364d\217\366\217|\316F\232\231\241\n\261\333`\312O\367\235\025DD\336e\367\n\312\326\221\037\025\230vG0E\002!\000\272\027\374\213j\211\321\322\252\350\344i\277\003\027+\235\005\271~\202\331\010\021\352S\301}\207m\303\024\002 f\365e0\216D\370\247\360\3571\303\314z \225J\343\350\325\022Z6\276\344\032\270q\263\327pl""; "
1750527702533,1750527702533,0,1,2,0,TMGetLedger,"itype: liBASE; ledgerHash: ""\220lA\251D\0246\305z\207\225\254\360\010\233K$\222\242w\316\025\202/\356\266\371/\256\354\300\373""; ledgerSeq: 54; queryType: qtINDIRECT; ","itype: liBASE; ledgerHash: ""\220lA\251D\0246\305z\207\225\254\360\010\233K$\222\242w\316\025\202/\356\266\371/\256\354\300\373""; ledgerSeq: 54; queryType: qtINDIRECT; "
1750527702534,1750527702534,0,1,3,0,TMLedgerData,"ledgerHash: ""\220lA\251D\0246\305z\207\225\254\360\010\233K$\222\242w\316\025\202/\356\266\371/\256\354\300\373""; ledgerSeq: 54; type: liBASE; nodes {;   nodedata: ""\000\000\0006\001cEx]\211\377\330a\353k\036W\036\333\243\313y\256\236\230\270\325\233\373\001c\343\030e+OD\224O\347\364mD\216\000\000\000\000\000\000\000\000\000\000\000\000\000\000\000\000\000\000\000\000\000\000\000\000\000\000\000\000\000\000\000\000>\317\013\347\341!w\253j\t[\233\004o\322\202\357qc\207!\240\006\345\037U\311\354W6{\225/\351\253T/\351\253U\n\000""; }; nodes {;   nodedata: ""\323C\344\327\264{\312-\017:\006{\177\344N\002\326bO\260\220\006\033\362\345\005U\221DzJ0\001\301\025%1L\307\t\261\262z\374\222T\301\274V\236\223\262\270Ct\362\337b\356\024*\324\320\351\317\002k\336\234\027v\351\217\260\303\360\233ZPZWr\246$w\313\313\r\243r\232\2234\373\3539:N\004Q\245\272D\312D\300\300\t\323\0257\345e\271\na\215{\226\255x%T\257\037\333\004\344_/R\006E\344\037@\210\363\010\336T\226\247'\204_{\261\370""1\235\2445\343\033Y!\212\201\341\272\225'\007DF\215\235\340.\213z[\305\262t\201#\371L2E\314\377\366<\177\256%}T\020\273\312\241g\013\003""; }; ","ledgerHash: ""\220lA\251D\0246\305z\207\225\254\360\010\233K$\222\242w\316\025\202/\356\266\371/\256\354\300\373""; ledgerSeq: 54; type: liBASE; nodes {;   nodedata: ""\000\000\0006\001cEx]\211\377\330a\353k\036W\036\333\243\313y\256\236\230\270\325\233\373\001c\343\030e+OD\224O\347\364mD\216\000\000\000\000\000\000\000\000\000\000\000\000\000\000\000\000\000\000\000\000\000\000\000\000\000\000\000\000\000\000\000\000>\317\013\347\341!w\253j\t[\233\004o\322\202\357qc\207!\240\006\345\037U\311\354W6{\225/\351\253T/\351\253U\n\000""; }; nodes {;   nodedata: ""\323C\344\327\264{\312-\017:\006{\177\344N\002\326bO\260\220\006\033\362\345\005U\221DzJ0\001\301\025%1L\307\t\261\262z\374\222T\301\274V\236\223\262\270Ct\362\337b\356\024*\324\320\351\317\002k\336\234\027v\351\217\260\303\360\233ZPZWr\246$w\313\313\r\243r\232\2234\373\3539:N\004Q\245\272D\312D\300\300\t\323\0257\345e\271\na\215{\226\255x%T\257\037\333\004\344_/R\006E\344\037@\210\363\010\336T\226\247'\204_{\261\370""1\235\2445\343\033Y!\212\201\341\272\225'\007DF\215\235\340.\213z[\305\262t\201#\371L2E\314\377\366<\177\256%}T\020\273\312\241g\013\003""; }; "
1750527702535,1750527702535,0,1,3,0,TMLedgerData,"ledgerHash: ""\220lA\251D\0246\305z\207\225\254\360\010\233K$\222\242w\316\025\202/\356\266\371/\256\354\300\373""; ledgerSeq: 54; type: liBASE; nodes {;   nodedata: ""\000\000\0006\001cEx]\211\377\330a\353k\036W\036\333\243\313y\256\236\230\270\325\233\373\001c\343\030e+OD\224O\347\364mD\216\000\000\000\000\000\000\000\000\000\000\000\000\000\000\000\000\000\000\000\000\000\000\000\000\000\000\000\000\000\000\000\000>\317\013\347\341!w\253j\t[\233\004o\322\202\357qc\207!\240\006\345\037U\311\354W6{\225/\351\253T/\351\253U\n\000""; }; nodes {;   nodedata: ""\323C\344\327\264{\312-\017:\006{\177\344N\002\326bO\260\220\006\033\362\345\005U\221DzJ0\001\301\025%1L\307\t\261\262z\374\222T\301\274V\236\223\262\270Ct\362\337b\356\024*\324\320\351\317\002k\336\234\027v\351\217\260\303\360\233ZPZWr\246$w\313\313\r\243r\232\2234\373\3539:N\004Q\245\272D\312D\300\300\t\323\0257\345e\271\na\215{\226\255x%T\257\037\333\004\344_/R\006E\344\037@\210\363\010\336T\226\247'\204_{\261\370""1\235\2445\343\033Y!\212\201\341\272\225'\007DF\215\235\340.\213z[\305\262t\201#\371L2E\314\377\366<\177\256%}T\020\273\312\241g\013\003""; }; ","ledgerHash: ""\220lA\251D\0246\305z\207\225\254\360\010\233K$\222\242w\316\025\202/\356\266\371/\256\354\300\373""; ledgerSeq: 54; type: liBASE; nodes {;   nodedata: ""\000\000\0006\001cEx]\211\377\330a\353k\036W\036\333\243\313y\256\236\230\270\325\233\373\001c\343\030e+OD\224O\347\364mD\216\000\000\000\000\000\000\000\000\000\000\000\000\000\000\000\000\000\000\000\000\000\000\000\000\000\000\000\000\000\000\000\000>\317\013\347\341!w\253j\t[\233\004o\322\202\357qc\207!\240\006\345\037U\311\354W6{\225/\351\253T/\351\253U\n\000""; }; nodes {;   nodedata: ""\323C\344\327\264{\312-\017:\006{\177\344N\002\326bO\260\220\006\033\362\345\005U\221DzJ0\001\301\025%1L\307\t\261\262z\374\222T\301\274V\236\223\262\270Ct\362\337b\356\024*\324\320\351\317\002k\336\234\027v\351\217\260\303\360\233ZPZWr\246$w\313\313\r\243r\232\2234\373\3539:N\004Q\245\272D\312D\300\300\t\323\0257\345e\271\na\215{\226\255x%T\257\037\333\004\344_/R\006E\344\037@\210\363\010\336T\226\247'\204_{\261\370""1\235\2445\343\033Y!\212\201\341\272\225'\007DF\215\235\340.\213z[\305\262t\201#\371L2E\314\377\366<\177\256%}T\020\273\312\241g\013\003""; }; "
1750527702535,1750527702536,0,1,2,3,TMGetLedger,"itype: liBASE; ledgerHash: ""\220lA\251D\0246\305z\207\225\254\360\010\233K$\222\242w\316\025\202/\356\266\371/\256\354\300\373""; requestCookie: 2; queryType: qtINDIRECT; ","itype: liBASE; ledgerHash: ""\220lA\251D\0246\305z\207\225\254\360\010\233K$\222\242w\316\025\202/\356\266\371/\256\354\300\373""; requestCookie: 2; queryType: qtINDIRECT; "
1750527702536,1750527702536,0,1,2,3,TMGetLedger,"itype: liBASE; ledgerHash: ""\220lA\251D\0246\305z\207\225\254\360\010\233K$\222\242w\316\025\202/\356\266\371/\256\354\300\373""; ledgerSeq: 54; requestCookie: 3; queryType: qtINDIRECT; ","itype: liBASE; ledgerHash: ""\220lA\251D\0246\305z\207\225\254\360\010\233K$\222\242w\316\025\202/\356\266\371/\256\354\300\373""; ledgerSeq: 54; requestCookie: 3; queryType: qtINDIRECT; "
1750527702537,1750527702537,0,1,1,3,TMGetLedger,"itype: liAS_NODE; ledgerHash: ""\220lA\251D\0246\305z\207\225\254\360\010\233K$\222\242w\316\025\202/\356\266\371/\256\354\300\373""; ledgerSeq: 54; nodeIDs: ""\260\000\000\000\000\000\000\000\000\000\000\000\000\000\000\000\000\000\000\000\000\000\000\000\000\000\000\000\000\000\000\000\001""; queryType: qtINDIRECT; queryDepth: 1; ","itype: liAS_NODE; ledgerHash: ""\220lA\251D\0246\305z\207\225\254\360\010\233K$\222\242w\316\025\202/\356\266\371/\256\354\300\373""; ledgerSeq: 54; nodeIDs: ""\260\000\000\000\000\000\000\000\000\000\000\000\000\000\000\000\000\000\000\000\000\000\000\000\000\000\000\000\000\000\000\000\001""; queryType: qtINDIRECT; queryDepth: 1; "
1750527702537,1750527702537,0,1,3,1,TMLedgerData,"ledgerHash: ""\220lA\251D\0246\305z\207\225\254\360\010\233K$\222\242w\316\025\202/\356\266\371/\256\354\300\373""; ledgerSeq: 54; type: liBASE; nodes {;   nodedata: ""\000\000\0006\001cEx]\211\377\330a\353k\036W\036\333\243\313y\256\236\230\270\325\233\373\001c\343\030e+OD\224O\347\364mD\216\000\000\000\000\000\000\000\000\000\000\000\000\000\000\000\000\000\000\000\000\000\000\000\000\000\000\000\000\000\000\000\000>\317\013\347\341!w\253j\t[\233\004o\322\202\357qc\207!\240\006\345\037U\311\354W6{\225/\351\253T/\351\253U\n\000""; }; nodes {;   nodedata: ""\323C\344\327\264{\312-\017:\006{\177\344N\002\326bO\260\220\006\033\362\345\005U\221DzJ0\001\301\025%1L\307\t\261\262z\374\222T\301\274V\236\223\262\270Ct\362\337b\356\024*\324\320\351\317\002k\336\234\027v\351\217\260\303\360\233ZPZWr\246$w\313\313\r\243r\232\2234\373\3539:N\004Q\245\272D\312D\300\300\t\323\0257\345e\271\na\215{\226\255x%T\257\037\333\004\344_/R\006E\344\037@\210\363\010\336T\226\247'\204_{\261\370""1\235\2445\343\033Y!\212\201\341\272\225'\007DF\215\235\340.\213z[\305\262t\201#\371L2E\314\377\366<\177\256%}T\020\273\312\241g\013\003""; }; requestCookie: 5; ","ledgerHash: ""\220lA\251D\0246\305z\207\225\254\360\010\233K$\222\242w\316\025\202/\356\266\371/\256\354\300\373""; ledgerSeq: 54; type: liBASE; nodes {;   nodedata: ""\000\000\0006\001cEx]\211\377\330a\353k\036W\036\333\243\313y\256\236\230\270\325\233\373\001c\343\030e+OD\224O\347\364mD\216\000\000\000\000\000\000\000\000\000\000\000\000\000\000\000\000\000\000\000\000\000\000\000\000\000\000\000\000\000\000\000\000>\317\013\347\341!w\253j\t[\233\004o\322\202\357qc\207!\240\006\345\037U\311\354W6{\225/\351\253T/\351\253U\n\000""; }; nodes {;   nodedata: ""\323C\344\327\264{\312-\017:\006{\177\344N\002\326bO\260\220\006\033\362\345\005U\221DzJ0\001\301\025%1L\307\t\261\262z\374\222T\301\274V\236\223\262\270Ct\362\337b\356\024*\324\320\351\317\002k\336\234\027v\351\217\260\303\360\233ZPZWr\246$w\313\313\r\243r\232\2234\373\3539:N\004Q\245\272D\312D\300\300\t\323\0257\345e\271\na\215{\226\255x%T\257\037\333\004\344_/R\006E\344\037@\210\363\010\336T\226\247'\204_{\261\370""1\235\2445\343\033Y!\212\201\341\272\225'\007DF\215\235\340.\213z[\305\262t\201#\371L2E\314\377\366<\177\256%}T\020\273\312\241g\013\003""; }; requestCookie: 5; "
1750527702538,1750527702538,0,1,3,0,TMLedgerData,"ledgerHash: ""\220lA\251D\0246\305z\207\225\254\360\010\233K$\222\242w\316\025\202/\356\266\371/\256\354\300\373""; ledgerSeq: 54; type: liBASE; nodes {;   nodedata: ""\000\000\0006\001cEx]\211\377\330a\353k\036W\036\333\243\313y\256\236\230\270\325\233\373\001c\343\030e+OD\224O\347\364mD\216\000\000\000\000\000\000\000\000\000\000\000\000\000\000\000\000\000\000\000\000\000\000\000\000\000\000\000\000\000\000\000\000>\317\013\347\341!w\253j\t[\233\004o\322\202\357qc\207!\240\006\345\037U\311\354W6{\225/\351\253T/\351\253U\n\000""; }; nodes {;   nodedata: ""\323C\344\327\264{\312-\017:\006{\177\344N\002\326bO\260\220\006\033\362\345\005U\221DzJ0\001\301\025%1L\307\t\261\262z\374\222T\301\274V\236\223\262\270Ct\362\337b\356\024*\324\320\351\317\002k\336\234\027v\351\217\260\303\360\233ZPZWr\246$w\313\313\r\243r\232\2234\373\3539:N\004Q\245\272D\312D\300\300\t\323\0257\345e\271\na\215{\226\255x%T\257\037\333\004\344_/R\006E\344\037@\210\363\010\336T\226\247'\204_{\261\370""1\235\2445\343\033Y!\212\201\341\272\225'\007DF\215\235\340.\213z[\305\262t\201#\371L2E\314\377\366<\177\256%}T\020\273\312\241g\013\003""; }; requestCookie: 2; ","ledgerHash: ""\220lA\251D\0246\305z\207\225\254\360\010\233K$\222\242w\316\025\202/\356\266\371/\256\354\300\373""; ledgerSeq: 54; type: liBASE; nodes {;   nodedata: ""\000\000\0006\001cEx]\211\377\330a\353k\036W\036\333\243\313y\256\236\230\270\325\233\373\001c\343\030e+OD\224O\347\364mD\216\000\000\000\000\000\000\000\000\000\000\000\000\000\000\000\000\000\000\000\000\000\000\000\000\000\000\000\000\000\000\000\000>\317\013\347\341!w\253j\t[\233\004o\322\202\357qc\207!\240\006\345\037U\311\354W6{\225/\351\253T/\351\253U\n\000""; }; nodes {;   nodedata: ""\323C\344\327\264{\312-\017:\006{\177\344N\002\326bO\260\220\006\033\362\345\005U\221DzJ0\001\301\025%1L\307\t\261\262z\374\222T\301\274V\236\223\262\270Ct\362\337b\356\024*\324\320\351\317\002k\336\234\027v\351\217\260\303\360\233ZPZWr\246$w\313\313\r\243r\232\2234\373\3539:N\004Q\245\272D\312D\300\300\t\323\0257\345e\271\na\215{\226\255x%T\257\037\333\004\344_/R\006E\344\037@\210\363\010\336T\226\247'\204_{\261\370""1\235\2445\343\033Y!\212\201\341\272\225'\007DF\215\235\340.\213z[\305\262t\201#\371L2E\314\377\366<\177\256%}T\020\273\312\241g\013\003""; }; requestCookie: 2; "
1750527702538,1750527702538,0,1,3,0,TMLedgerData,"ledgerHash: ""\220lA\251D\0246\305z\207\225\254\360\010\233K$\222\242w\316\025\202/\356\266\371/\256\354\300\373""; ledgerSeq: 54; type: liBASE; nodes {;   nodedata: ""\000\000\0006\001cEx]\211\377\330a\353k\036W\036\333\243\313y\256\236\230\270\325\233\373\001c\343\030e+OD\224O\347\364mD\216\000\000\000\000\000\000\000\000\000\000\000\000\000\000\000\000\000\000\000\000\000\000\000\000\000\000\000\000\000\000\000\000>\317\013\347\341!w\253j\t[\233\004o\322\202\357qc\207!\240\006\345\037U\311\354W6{\225/\351\253T/\351\253U\n\000""; }; nodes {;   nodedata: ""\323C\344\327\264{\312-\017:\006{\177\344N\002\326bO\260\220\006\033\362\345\005U\221DzJ0\001\301\025%1L\307\t\261\262z\374\222T\301\274V\236\223\262\270Ct\362\337b\356\024*\324\320\351\317\002k\336\234\027v\351\217\260\303\360\233ZPZWr\246$w\313\313\r\243r\232\2234\373\3539:N\004Q\245\272D\312D\300\300\t\323\0257\345e\271\na\215{\226\255x%T\257\037\333\004\344_/R\006E\344\037@\210\363\010\336T\226\247'\204_{\261\370""1\235\2445\343\033Y!\212\201\341\272\225'\007DF\215\235\340.\213z[\305\262t\201#\371L2E\314\377\366<\177\256%}T\020\273\312\241g\013\003""; }; requestCookie: 5; ","ledgerHash: ""\220lA\251D\0246\305z\207\225\254\360\010\233K$\222\242w\316\025\202/\356\266\371/\256\354\300\373""; ledgerSeq: 54; type: liBASE; nodes {;   nodedata: ""\000\000\0006\001cEx]\211\377\330a\353k\036W\036\333\243\313y\256\236\230\270\325\233\373\001c\343\030e+OD\224O\347\364mD\216\000\000\000\000\000\000\000\000\000\000\000\000\000\000\000\000\000\000\000\000\000\000\000\000\000\000\000\000\000\000\000\000>\317\013\347\341!w\253j\t[\233\004o\322\202\357qc\207!\240\006\345\037U\311\354W6{\225/\351\253T/\351\253U\n\000""; }; nodes {;   nodedata: ""\323C\344\327\264{\312-\017:\006{\177\344N\002\326bO\260\220\006\033\362\345\005U\221DzJ0\001\301\025%1L\307\t\261\262z\374\222T\301\274V\236\223\262\270Ct\362\337b\356\024*\324\320\351\317\002k\336\234\027v\351\217\260\303\360\233ZPZWr\246$w\313\313\r\243r\232\2234\373\3539:N\004Q\245\272D\312D\300\300\t\323\0257\345e\271\na\215{\226\255x%T\257\037\333\004\344_/R\006E\344\037@\210\363\010\336T\226\247'\204_{\261\370""1\235\2445\343\033Y!\212\201\341\272\225'\007DF\215\235\340.\213z[\305\262t\201#\371L2E\314\377\366<\177\256%}T\020\273\312\241g\013\003""; }; requestCookie: 5; "
1750527702539,1750527702539,0,1,4,3,TMGetLedger,"itype: liBASE; ledgerHash: ""\220lA\251D\0246\305z\207\225\254\360\010\233K$\222\242w\316\025\202/\356\266\371/\256\354\300\373""; ledgerSeq: 54; requestCookie: 3; queryType: qtINDIRECT; ","itype: liBASE; ledgerHash: ""\220lA\251D\0246\305z\207\225\254\360\010\233K$\222\242w\316\025\202/\356\266\371/\256\354\300\373""; ledgerSeq: 54; requestCookie: 3; queryType: qtINDIRECT; "
1750527702539,1750527702539,0,1,4,3,TMGetLedger,"itype: liBASE; ledgerHash: ""\220lA\251D\0246\305z\207\225\254\360\010\233K$\222\242w\316\025\202/\356\266\371/\256\354\300\373""; requestCookie: 1; queryType: qtINDIRECT; ","itype: liBASE; ledgerHash: ""\220lA\251D\0246\305z\207\225\254\360\010\233K$\222\242w\316\025\202/\356\266\371/\256\354\300\373""; requestCookie: 1; queryType: qtINDIRECT; "
1750527702540,1750527702540,0,1,4,3,TMGetLedger,"itype: liAS_NODE; ledgerHash: ""\220lA\251D\0246\305z\207\225\254\360\010\233K$\222\242w\316\025\202/\356\266\371/\256\354\300\373""; ledgerSeq: 54; nodeIDs: ""\260\000\000\000\000\000\000\000\000\000\000\000\000\000\000\000\000\000\000\000\000\000\000\000\000\000\000\000\000\000\000\000\001""; queryType: qtINDIRECT; queryDepth: 1; ","itype: liAS_NODE; ledgerHash: ""\220lA\251D\0246\305z\207\225\254\360\010\233K$\222\242w\316\025\202/\356\266\371/\256\354\300\373""; ledgerSeq: 54; nodeIDs: ""\260\000\000\000\000\000\000\000\000\000\000\000\000\000\000\000\000\000\000\000\000\000\000\000\000\000\000\000\000\000\000\000\001""; queryType: qtINDIRECT; queryDepth: 1; "
1750527702540,1750527702540,0,1,3,2,TMLedgerData,"ledgerHash: ""\220lA\251D\0246\305z\207\225\254\360\010\233K$\222\242w\316\025\202/\356\266\371/\256\354\300\373""; ledgerSeq: 54; type: liBASE; nodes {;   nodedata: ""\000\000\0006\001cEx]\211\377\330a\353k\036W\036\333\243\313y\256\236\230\270\325\233\373\001c\343\030e+OD\224O\347\364mD\216\000\000\000\000\000\000\000\000\000\000\000\000\000\000\000\000\000\000\000\000\000\000\000\000\000\000\000\000\000\000\000\000>\317\013\347\341!w\253j\t[\233\004o\322\202\357qc\207!\240\006\345\037U\311\354W6{\225/\351\253T/\351\253U\n\000""; }; nodes {;   nodedata: ""\323C\344\327\264{\312-\017:\006{\177\344N\002\326bO\260\220\006\033\362\345\005U\221DzJ0\001\301\025%1L\307\t\261\262z\374\222T\301\274V\236\223\262\270Ct\362\337b\356\024*\324\320\351\317\002k\336\234\027v\351\217\260\303\360\233ZPZWr\246$w\313\313\r\243r\232\2234\373\3539:N\004Q\245\272D\312D\300\300\t\323\0257\345e\271\na\215{\226\255x%T\257\037\333\004\344_/R\006E\344\037@\210\363\010\336T\226\247'\204_{\261\370""1\235\2445\343\033Y!\212\201\341\272\225'\007DF\215\235\340.\213z[\305\262t\201#\371L2E\314\377\366<\177\256%}T\020\273\312\241g\013\003""; }; ","ledgerHash: ""\220lA\251D\0246\305z\207\225\254\360\010\233K$\222\242w\316\025\202/\356\266\371/\256\354\300\373""; ledgerSeq: 54; type: liBASE; nodes {;   nodedata: ""\000\000\0006\001cEx]\211\377\330a\353k\036W\036\333\243\313y\256\236\230\270\325\233\373\001c\343\030e+OD\224O\347\364mD\216\000\000\000\000\000\000\000\000\000\000\000\000\000\000\000\000\000\000\000\000\000\000\000\000\000\000\000\000\000\000\000\000>\317\013\347\341!w\253j\t[\233\004o\322\202\357qc\207!\240\006\345\037U\311\354W6{\225/\351\253T/\351\253U\n\000""; }; nodes {;   nodedata: ""\323C\344\327\264{\312-\017:\006{\177\344N\002\326bO\260\220\006\033\362\345\005U\221DzJ0\001\301\025%1L\307\t\261\262z\374\222T\301\274V\236\223\262\270Ct\362\337b\356\024*\324\320\351\317\002k\336\234\027v\351\217\260\303\360\233ZPZWr\246$w\313\313\r\243r\232\2234\373\3539:N\004Q\245\272D\312D\300\300\t\323\0257\345e\271\na\215{\226\255x%T\257\037\333\004\344_/R\006E\344\037@\210\363\010\336T\226\247'\204_{\261\370""1\235\2445\343\033Y!\212\201\341\272\225'\007DF\215\235\340.\213z[\305\262t\201#\371L2E\314\377\366<\177\256%}T\020\273\312\241g\013\003""; }; "
1750527702541,1750527702541,0,1,3,4,TMLedgerData,"ledgerHash: ""\220lA\251D\0246\305z\207\225\254\360\010\233K$\222\242w\316\025\202/\356\266\371/\256\354\300\373""; ledgerSeq: 54; type: liBASE; nodes {;   nodedata: ""\000\000\0006\001cEx]\211\377\330a\353k\036W\036\333\243\313y\256\236\230\270\325\233\373\001c\343\030e+OD\224O\347\364mD\216\000\000\000\000\000\000\000\000\000\000\000\000\000\000\000\000\000\000\000\000\000\000\000\000\000\000\000\000\000\000\000\000>\317\013\347\341!w\253j\t[\233\004o\322\202\357qc\207!\240\006\345\037U\311\354W6{\225/\351\253T/\351\253U\n\000""; }; nodes {;   nodedata: ""\323C\344\327\264{\312-\017:\006{\177\344N\002\326bO\260\220\006\033\362\345\005U\221DzJ0\001\301\025%1L\307\t\261\262z\374\222T\301\274V\236\223\262\270Ct\362\337b\356\024*\324\320\351\317\002k\336\234\027v\351\217\260\303\360\233ZPZWr\246$w\313\313\r\243r\232\2234\373\3539:N\004Q\245\272D\312D\300\300\t\323\0257\345e\271\na\215{\226\255x%T\257\037\333\004\344_/R\006E\344\037@\210\363\010\336T\226\247'\204_{\261\370""1\235\2445\343\033Y!\212\201\341\272\225'\007DF\215\235\340.\213z[\305\262t\201#\371L2E\314\377\366<\177\256%}T\020\273\312\241g\013\003""; }; requestCookie: 2; ","ledgerHash: ""\220lA\251D\0246\305z\207\225\254\360\010\233K$\222\242w\316\025\202/\356\266\371/\256\354\300\373""; ledgerSeq: 54; type: liBASE; nodes {;   nodedata: ""\000\000\0006\001cEx]\211\377\330a\353k\036W\036\333\243\313y\256\236\230\270\325\233\373\001c\343\030e+OD\224O\347\364mD\216\000\000\000\000\000\000\000\000\000\000\000\000\000\000\000\000\000\000\000\000\000\000\000\000\000\000\000\000\000\000\000\000>\317\013\347\341!w\253j\t[\233\004o\322\202\357qc\207!\240\006\345\037U\311\354W6{\225/\351\253T/\351\253U\n\000""; }; nodes {;   nodedata: ""\323C\344\327\264{\312-\017:\006{\177\344N\002\326bO\260\220\006\033\362\345\005U\221DzJ0\001\301\025%1L\307\t\261\262z\374\222T\301\274V\236\223\262\270Ct\362\337b\356\024*\324\320\351\317\002k\336\234\027v\351\217\260\303\360\233ZPZWr\246$w\313\313\r\243r\232\2234\373\3539:N\004Q\245\272D\312D\300\300\t\323\0257\345e\271\na\215{\226\255x%T\257\037\333\004\344_/R\006E\344\037@\210\363\010\336T\226\247'\204_{\261\370""1\235\2445\343\033Y!\212\201\341\272\225'\007DF\215\235\340.\213z[\305\262t\201#\371L2E\314\377\366<\177\256%}T\020\273\312\241g\013\003""; }; requestCookie: 2; "
1750527702542,1750527702542,0,1,1,3,TMGetLedger,"itype: liBASE; ledgerHash: ""\220lA\251D\0246\305z\207\225\254\360\010\233K$\222\242w\316\025\202/\356\266\371/\256\354\300\373""; ledgerSeq: 54; requestCookie: 3; queryType: qtINDIRECT; ","itype: liBASE; ledgerHash: ""\220lA\251D\0246\305z\207\225\254\360\010\233K$\222\242w\316\025\202/\356\266\371/\256\354\300\373""; ledgerSeq: 54; requestCookie: 3; queryType: qtINDIRECT; "
1750527702542,1750527702542,0,1,1,3,TMGetLedger,"itype: liBASE; ledgerHash: ""\220lA\251D\0246\305z\207\225\254\360\010\233K$\222\242w\316\025\202/\356\266\371/\256\354\300\373""; requestCookie: 2; queryType: qtINDIRECT; ","itype: liBASE; ledgerHash: ""\220lA\251D\0246\305z\207\225\254\360\010\233K$\222\242w\316\025\202/\356\266\371/\256\354\300\373""; requestCookie: 2; queryType: qtINDIRECT; "
1750527702542,1750527702542,0,1,0,3,TMGetLedger,"itype: liBASE; ledgerHash: ""\220lA\251D\0246\305z\207\225\254\360\010\233K$\222\242w\316\025\202/\356\266\371/\256\354\300\373""; ledgerSeq: 54; requestCookie: 3; queryType: qtINDIRECT; ","itype: liBASE; ledgerHash: ""\220lA\251D\0246\305z\207\225\254\360\010\233K$\222\242w\316\025\202/\356\266\371/\256\354\300\373""; ledgerSeq: 54; requestCookie: 3; queryType: qtINDIRECT; "
1750527702543,1750527702543,0,1,0,3,TMGetLedger,"itype: liAS_NODE; ledgerHash: ""\220lA\251D\0246\305z\207\225\254\360\010\233K$\222\242w\316\025\202/\356\266\371/\256\354\300\373""; ledgerSeq: 54; nodeIDs: ""\260\000\000\000\000\000\000\000\000\000\000\000\000\000\000\000\000\000\000\000\000\000\000\000\000\000\000\000\000\000\000\000\001""; queryType: qtINDIRECT; queryDepth: 1; ","itype: liAS_NODE; ledgerHash: ""\220lA\251D\0246\305z\207\225\254\360\010\233K$\222\242w\316\025\202/\356\266\371/\256\354\300\373""; ledgerSeq: 54; nodeIDs: ""\260\000\000\000\000\000\000\000\000\000\000\000\000\000\000\000\000\000\000\000\000\000\000\000\000\000\000\000\000\000\000\000\001""; queryType: qtINDIRECT; queryDepth: 1; "
1750527702543,1750527702544,0,1,3,2,TMLedgerData,"ledgerHash: ""\220lA\251D\0246\305z\207\225\254\360\010\233K$\222\242w\316\025\202/\356\266\371/\256\354\300\373""; ledgerSeq: 54; type: liBASE; nodes {;   nodedata: ""\000\000\0006\001cEx]\211\377\330a\353k\036W\036\333\243\313y\256\236\230\270\325\233\373\001c\343\030e+OD\224O\347\364mD\216\000\000\000\000\000\000\000\000\000\000\000\000\000\000\000\000\000\000\000\000\000\000\000\000\000\000\000\000\000\000\000\000>\317\013\347\341!w\253j\t[\233\004o\322\202\357qc\207!\240\006\345\037U\311\354W6{\225/\351\253T/\351\253U\n\000""; }; nodes {;   nodedata: ""\323C\344\327\264{\312-\017:\006{\177\344N\002\326bO\260\220\006\033\362\345\005U\221DzJ0\001\301\025%1L\307\t\261\262z\374\222T\301\274V\236\223\262\270Ct\362\337b\356\024*\324\320\351\317\002k\336\234\027v\351\217\260\303\360\233ZPZWr\246$w\313\313\r\243r\232\2234\373\3539:N\004Q\245\272D\312D\300\300\t\323\0257\345e\271\na\215{\226\255x%T\257\037\333\004\344_/R\006E\344\037@\210\363\010\336T\226\247'\204_{\261\370""1\235\2445\343\033Y!\212\201\341\272\225'\007DF\215\235\340.\213z[\305\262t\201#\371L2E\314\377\366<\177\256%}T\020\273\312\241g\013\003""; }; requestCookie: 5; ","ledgerHash: ""\220lA\251D\0246\305z\207\225\254\360\010\233K$\222\242w\316\025\202/\356\266\371/\256\354\300\373""; ledgerSeq: 54; type: liBASE; nodes {;   nodedata: ""\000\000\0006\001cEx]\211\377\330a\353k\036W\036\333\243\313y\256\236\230\270\325\233\373\001c\343\030e+OD\224O\347\364mD\216\000\000\000\000\000\000\000\000\000\000\000\000\000\000\000\000\000\000\000\000\000\000\000\000\000\000\000\000\000\000\000\000>\317\013\347\341!w\253j\t[\233\004o\322\202\357qc\207!\240\006\345\037U\311\354W6{\225/\351\253T/\351\253U\n\000""; }; nodes {;   nodedata: ""\323C\344\327\264{\312-\017:\006{\177\344N\002\326bO\260\220\006\033\362\345\005U\221DzJ0\001\301\025%1L\307\t\261\262z\374\222T\301\274V\236\223\262\270Ct\362\337b\356\024*\324\320\351\317\002k\336\234\027v\351\217\260\303\360\233ZPZWr\246$w\313\313\r\243r\232\2234\373\3539:N\004Q\245\272D\312D\300\300\t\323\0257\345e\271\na\215{\226\255x%T\257\037\333\004\344_/R\006E\344\037@\210\363\010\336T\226\247'\204_{\261\370""1\235\2445\343\033Y!\212\201\341\272\225'\007DF\215\235\340.\213z[\305\262t\201#\371L2E\314\377\366<\177\256%}T\020\273\312\241g\013\003""; }; requestCookie: 5; "
1750527702544,1750527702544,0,1,3,2,TMLedgerData,"ledgerHash: ""\220lA\251D\0246\305z\207\225\254\360\010\233K$\222\242w\316\025\202/\356\266\371/\256\354\300\373""; ledgerSeq: 54; type: liBASE; nodes {;   nodedata: ""\000\000\0006\001cEx]\211\377\330a\353k\036W\036\333\243\313y\256\236\230\270\325\233\373\001c\343\030e+OD\224O\347\364mD\216\000\000\000\000\000\000\000\000\000\000\000\000\000\000\000\000\000\000\000\000\000\000\000\000\000\000\000\000\000\000\000\000>\317\013\347\341!w\253j\t[\233\004o\322\202\357qc\207!\240\006\345\037U\311\354W6{\225/\351\253T/\351\253U\n\000""; }; nodes {;   nodedata: ""\323C\344\327\264{\312-\017:\006{\177\344N\002\326bO\260\220\006\033\362\345\005U\221DzJ0\001\301\025%1L\307\t\261\262z\374\222T\301\274V\236\223\262\270Ct\362\337b\356\024*\324\320\351\317\002k\336\234\027v\351\217\260\303\360\233ZPZWr\246$w\313\313\r\243r\232\2234\373\3539:N\004Q\245\272D\312D\300\300\t\323\0257\345e\271\na\215{\226\255x%T\257\037\333\004\344_/R\006E\344\037@\210\363\010\336T\226\247'\204_{\261\370""1\235\2445\343\033Y!\212\201\341\272\225'\007DF\215\235\340.\213z[\305\262t\201#\371L2E\314\377\366<\177\256%}T\020\273\312\241g\013\003""; }; requestCookie: 2; ","ledgerHash: ""\220lA\251D\0246\305z\207\225\254\360\010\233K$\222\242w\316\025\202/\356\266\371/\256\354\300\373""; ledgerSeq: 54; type: liBASE; nodes {;   nodedata: ""\000\000\0006\001cEx]\211\377\330a\353k\036W\036\333\243\313y\256\236\230\270\325\233\373\001c\343\030e+OD\224O\347\364mD\216\000\000\000\000\000\000\000\000\000\000\000\000\000\000\000\000\000\000\000\000\000\000\000\000\000\000\000\000\000\000\000\000>\317\013\347\341!w\253j\t[\233\004o\322\202\357qc\207!\240\006\345\037U\311\354W6{\225/\351\253T/\351\253U\n\000""; }; nodes {;   nodedata: ""\323C\344\327\264{\312-\017:\006{\177\344N\002\326bO\260\220\006\033\362\345\005U\221DzJ0\001\301\025%1L\307\t\261\262z\374\222T\301\274V\236\223\262\270Ct\362\337b\356\024*\324\320\351\317\002k\336\234\027v\351\217\260\303\360\233ZPZWr\246$w\313\313\r\243r\232\2234\373\3539:N\004Q\245\272D\312D\300\300\t\323\0257\345e\271\na\215{\226\255x%T\257\037\333\004\344_/R\006E\344\037@\210\363\010\336T\226\247'\204_{\261\370""1\235\2445\343\033Y!\212\201\341\272\225'\007DF\215\235\340.\213z[\305\262t\201#\371L2E\314\377\366<\177\256%}T\020\273\312\241g\013\003""; }; requestCookie: 2; "
1750527702544,1750527702545,0,1,3,1,TMLedgerData,"ledgerHash: ""\220lA\251D\0246\305z\207\225\254\360\010\233K$\222\242w\316\025\202/\356\266\371/\256\354\300\373""; ledgerSeq: 54; type: liAS_NODE; nodes {;   nodedata: ""\021\000h""\000\000\000\000 \033\000\000\0005\002\023\306\377\330\356GuH\375\327!\255\371\r\231\262R\256J\034\222\241\355X\265E\241^W\225\304\014\361CX-}\351f\032\255\274\334m\326c\017\014ao[\342\230\003\245\245\3341Hm\326^\017jy\335\261\032Yt\320\244{g\0306\\302\303*\341\215\223\257\364\277o\375\000r\241SOq\221\253\262\005\017\375T\356\014\360o'\030\311-\267\031\257!\031T\006><\315XM\334\324\345\034\000\325\367\240\271\013\265\024\321\362\354\211\250.\234s\225amc\305\035\366\276\037nD\277`\210\223N\3535\033\261\304f\331]\036\237\306o!\223\221\002\324\031\262\240R\177 ,\214\325\Q])\016\2067\277\t\354\010\000\360\215\2502\265\245\310\226\243c\302Ze\306\253#r\020\211\320iG\276\020E\317\035Sf\223F\254\033@\177e\277\016\010u\327\371&\262\312\317Q\2361t\377x\234\001v\003%\030\325_\225g\204\346a=\225\273\331\354\365*U\363\263N\367b\371\244\314-w\363\262\225Z\200\206\235\233\257?sE\2674\254\326mU\377?\177Ek\336\030!\316Aa\225\303\022\377{\210Y\226\271as\354L\035\004\341\361\035\301\024\220m#*\372\032\3178~\374\250\014*\323\342'z69\220\327\256\351G\367\317u\302\207\270b\315\333\333\334\310I\323&\014\352XZnW2.\335\347\202\021\247\362\212e\034\000\001\250\220\305;a\314\265R\310\017\317\331\235\360\262\240:\277\202\266\354\265X""\022\nh\252\352w\204\203\023]\001f\352\277\0031Q]\362\370R\350{\261\202\240\344\215\201\353\276\322p5p\350\354\017>\250r\241c\273\016\301\024\363\242\247\263\231\370\344\nBW\220K\316@3\243\200\036wk\253GSlU\010\360\231>\331\263H\214\324\030A\225\301o\346pkSF\004\241\213w9\223=\250\262*+\255\351r\265\244c\024\213\t\007`\223\325#\3477\210\345P\306\013\320\252[\0216+\227=`\371P\314\346 V7\271[~\n\237\274|\347\352@K\253~&\260\032\024\004B\200\255h\351\013\361\031:nG\211\005|\2003\266\274\251,W\006u\344\335d\003\306\212\313,\340\350bG\n\030Z\2732-\246\312\255\030\003\235207\005}D\260\0261ah\322M\304\216\273m0\271\234\237\007<w$\265C\245\232\033\023\313c\321B\032l\301h\005\320\252\301\361(\330[\343\357\343{\235\n\266g\272>\177\317\347\261qb&\270&\346ju\200\363N\320\307\004\034\001n\317\361\2653\254\2503\247\305\372\316W\022O\253x\250\025\373\247\354Tc\304\263\243^\352Gv\\264\261\r\035\226\306\2411\351\233\203\215\200$\231\300f\220\371c@\017\254\363\\371\340\340VaR\205~^\226\342t\360\022\204d\231\205)\272\364?\361!\334\331\315\254\230\rBG\314\023\246\244=\351\177\254\302b&\276+H;0\312\021&\275\036\237\350R\313\206R\331\304k\323u\263t\221\213yC\241\217A\242\027g\322\241'\212.E?B_\316\327\217J +\370\t^b\005\020\003\211\373\247|hC\271Nmk~J\270EU\274\036-\347\240\312FA\321\341bca\253\025\321\311\317\021\375\317\217\n\272\033o\353G>\275\361H\265\240\232um""\317\324`\214\221\314\000\211K\223+(""\200i \311\372g\254\343ZR0\224\275q\252\357\213\263\206N\357&Q\217\267\303\356I\236\357\264\311b\037\366\035\253\343\311\265\240\327q\206f\262ODi\215-\363>\034\236l\273\005G\316F\217}[\036\007\270:\260\335\271B\241N\345\330\204\327f\361\272Kb\0377p\334\264\237\177~\330]\252+:\317u\302h\n\351\n\364\231\277R\371\356\033y\265v\360Ny\246\332qY\262\231\251\n\305\334\202\305\362\n\367@k\231\016R:\327\242\366\242\253LZY\223$Gw^\203\302\311\316I7\371tTwp}\005|\372\214\251{R`\230V\244-\326I\351\255\325i\335\377\321\353\327\331\302\023\347y\016\263\271\317\306\017UV\314qu?\0064A\315{3D\010\016S\212\2353k0\361\214ID\303g\277\010Y_\001~\021\333\370\255\374\\331\306\255\336)\365Rth\024\t\300.M\315\321S\257\224\252\362\326P\316\303%nX\3742\333\036\004Y\264yG^\234\177\214\305q\237\274G\300a4\275\240s\215\222\210\016\020G\344=-:GK\312\035\271\201\350\376F\260G\347\000\235\365P6pmH\033\373\212c\377o\232\356\320D\002\277,]os{\354/?\312e\006wda\001\023\375\316\025\254\321\244\370+Y`\220\270\254\2601E[FI\310\235<qI \356\032v%\001\230\016\203\200\251UD\347\304\373\034\211\340@\342\033\263\365\356\341\357\350\324\035J\032\177\230\207\220\303+\207\352g\317N\027>\222M\271m\033\236\021:\272\233r\373\233hC}\256\020\210\010\233\335\025[ d(\343\263\327\177\030\246\254H\277\254E\231\006\033_lB\210\264\334Y\322\314\362\320L\000Q\240\317\3502\006,|\364\004\275\034\006\337\370""\330\364\202\314\315\311?\030\260\361u)\336\202\265Y\177X\227$\245tCB\345\314d\231A\300\204\371KJ\036\321\330\014]""EN\266$]\331\226c\351\312\376z\254\214\206B\274&M\032\376v\266\3104u)\r\312\021\273\030jJH\215G4\367fQ;\255\3404\372\225\341L\224\242\200VY\220\355\020\353I\n\363\266\036\311\003OR\250""\032\230\021]+$\302\005\224\270\033E\r\312\315}\200\2505\216\221\301\341\035[\247\325\236M^\360a\267\356\267\247]\357\236\n\207}P\2654\026`\256u\276\r&\026K\315a\3337\216.\240\362\263\327]\372\325\037\006\345\236\265\343\337g\271\317\315\374\3357gX\036\024'\357<$\322\323$\375\346&^\361\0009\022`\210$\005\261rTx\343\226\224vC\2607.\025\213@~\312\227\000 o\232\016\376|a3\352&\324\337\230\212\265o\2035\250\303\2760\241\364^\002Z\031Z!\300\002\364\004\232\355\234\202\021\371_~\346\024\242\247\366\231\036\370\365\313\014\307\362i\210e\030\317\336e\256\245\026R\036\304S\352]~a\353k\036W\036\333\243\313y\256\236\230\270\325\233\373\001c\343\030e+OD\224O\347\364mD\216\264\227\2326\315\307\363\323\325\303\032N\256*\307\327 \235\332\207u\210\271\257\306g\231i*\260\326k\001"";   nodeid: ""\260\000\000\000\000\000\000\000\000\000\000\000\000\000\000\000\000\000\000\000\000\000\000\000\000\000\000\000\000\000\000\000\001""; }; ","ledgerHash: ""\220lA\251D\0246\305z\207\225\254\360\010\233K$\222\242w\316\025\202/\356\266\371/\256\354\300\373""; ledgerSeq: 54; type: liAS_NODE; nodes {;   nodedata: ""\021\000h""\000\000\000\000 \033\000\000\0005\002\023\306\377\330\356GuH\375\327!\255\371\r\231\262R\256J\034\222\241\355X\265E\241^W\225\304\014\361CX-}\351f\032\255\274\334m\326c\017\014ao[\342\230\003\245\245\3341Hm\326^\017jy\335\261\032Yt\320\244{g\0306\\302\303*\341\215\223\257\364\277o\375\000r\241SOq\221\253\262\005\017\375T\356\014\360o'\030\311-\267\031\257!\031T\006><\315XM\334\324\345\034\000\325\367\240\271\013\265\024\321\362\354\211\250.\234s\225amc\305\035\366\276\037nD\277`\210\223N\3535\033\261\304f\331]\036\237\306o!\223\221\002\324\031\262\240R\177 ,\214\325\Q])\016\2067\277\t\354\010\000\360\215\2502\265\245\310\226\243c\302Ze\306\253#r\020\211\320iG\276\020E\317\035Sf\223F\254\033@\177e\277\016\010u\327\371&\262\312\317Q\2361t\377x\234\001v\003%\030\325_\225g\204\346a=\225\273\331\354\365*U\363\263N\367b\371\244\314-w\363\262\225Z\200\206\235\233\257?sE\2674\254\326mU\377?\177Ek\336\030!\316Aa\225\303\022\377{\210Y\226\271as\354L\035\004\341\361\035\301\024\220m#*\372\032\3178~\374\250\014*\323\342'z69\220\327\256\351G\367\317u\302\207\270b\315\333\333\334\310I\323&\014\352XZnW2.\335\347\202\021\247\362\212e\034\000\001\250\220\305;a\314\265R\310\017\317\331\235\360\262\240:\277\202\266\354\265X""\022\nh\252\352w\204\203\023]\001f\352\277\0031Q]\362\370R\350{\261\202\240\344\215\201\353\276\322p5p\350\354\017>\250r\241c\273\016\301\024\363\242\247\263\231\370\344\nBW\220K\316@3\243\200\036wk\253GSlU\010\360\231>\331\263H\214\324\030A\225\301o\346pkSF\004\241\213w9\223=\250\262*+\255\351r\265\244c\024\213\t\007`\223\325#\3477\210\345P\306\013\320\252[\0216+\227=`\371P\314\346 V7\271[~\n\237\274|\347\352@K\253~&\260\032\024\004B\200\255h\351\013\361\031:nG\211\005|\2003\266\274\251,W\006u\344\335d\003\306\212\313,\340\350bG\n\030Z\2732-\246\312\255\030\003\235207\005}D\260\0261ah\322M\304\216\273m0\271\234\237\007<w$\265C\245\232\033\023\313c\321B\032l\301h\005\320\252\301\361(\330[\343\357\343{\235\n\266g\272>\177\317\347\261qb&\270&\346ju\200\363N\320\307\004\034\001n\317\361\2653\254\2503\247\305\372\316W\022O\253x\250\025\373\247\354Tc\304\263\243^\352Gv\\264\261\r\035\226\306\2411\351\233\203\215\200$\231\300f\220\371c@\017\254\363\\371\340\340VaR\205~^\226\342t\360\022\204d\231\205)\272\364?\361!\334\331\315\254\230\rBG\314\023\246\244=\351\177\254\302b&\276+H;0\312\021&\275\036\237\350R\313\206R\331\304k\323u\263t\221\213yC\241\217A\242\027g\322\241'\212.E?B_\316\327\217J +\370\t^b\005\020\003\211\373\247|hC\271Nmk~J\270EU\274\036-\347\240\312FA\321\341bca\253\025\321\311\317\021\375\317\217\n\272\033o\353G>\275\361H\265\240\232um""\317\324`\214\221\314\000\211K\223+(""\200i \311\372g\254\343ZR0\224\275q\252\357\213\263\206N\357&Q\217\267\303\356I\236\357\264\311b\037\366\035\253\343\311\265\240\327q\206f\262ODi\215-\363>\034\236l\273\005G\316F\217}[\036\007\270:\260\335\271B\241N\345\330\204\327f\361\272Kb\0377p\334\264\237\177~\330]\252+:\317u\302h\n\351\n\364\231\277R\371\356\033y\265v\360Ny\246\332qY\262\231\251\n\305\334\202\305\362\n\367@k\231\016R:\327\242\366\242\253LZY\223$Gw^\203\302\311\316I7\371tTwp}\005|\372\214\251{R`\230V\244-\326I\351\255\325i\335\377\321\353\327\331\302\023\347y\016\263\271\317\306\017UV\314qu?\0064A\315{3D\010\016S\212\2353k0\361\214ID\303g\277\010Y_\001~\021\333\370\255\374\\331\306\255\336)\365Rth\024\t\300.M\315\321S\257\224\252\362\326P\316\303%nX\3742\333\036\004Y\264yG^\234\177\214\305q\237\274G\300a4\275\240s\215\222\210\016\020G\344=-:GK\312\035\271\201\350\376F\260G\347\000\235\365P6pmH\033\373\212c\377o\232\356\320D\002\277,]os{\354/?\312e\006wda\001\023\375\316\025\254\321\244\370+Y`\220\270\254\2601E[FI\310\235<qI \356\032v%\001\230\016\203\200\251UD\347\304\373\034\211\340@\342\033\263\365\356\341\357\350\324\035J\032\177\230\207\220\303+\207\352g\317N\027>\222M\271m\033\236\021:\272\233r\373\233hC}\256\020\210\010\233\335\025[ d(\343\263\327\177\030\246\254H\277\254E\231\006\033_lB\210\264\334Y\322\314\362\320L\000Q\240\317\3502\006,|\364\004\275\034\006\337\370""\330\364\202\314\315\311?\030\260\361u)\336\202\265Y\177X\227$\245tCB\345\314d\231A\300\204\371KJ\036\321\330\014]""EN\266$]\331\226c\351\312\376z\254\214\206B\274&M\032\376v\266\3104u)\r\312\021\273\030jJH\215G4\367fQ;\255\3404\372\225\341L\224\242\200VY\220\355\020\353I\n\363\266\036\311\003OR\250""\032\230\021]+$\302\005\224\270\033E\r\312\315}\200\2505\216\221\301\341\035[\247\325\236M^\360a\267\356\267\247]\357\236\n\207}P\2654\026`\256u\276\r&\026K\315a\3337\216.\240\362\263\327]\372\325\037\006\345\236\265\343\337g\271\317\315\374\3357gX\036\024'\357<$\322\323$\375\346&^\361\0009\022`\210$\005\261rTx\343\226\224vC\2607.\025\213@~\312\227\000 o\232\016\376|a3\352&\324\337\230\212\265o\2035\250\303\2760\241\364^\002Z\031Z!\300\002\364\004\232\355\234\202\021\371_~\346\024\242\247\366\231\036\370\365\313\014\307\362i\210e\030\317\336e\256\245\026R\036\304S\352]~a\353k\036W\036\333\243\313y\256\236\230\270\325\233\373\001c\343\030e+OD\224O\347\364mD\216\264\227\2326\315\307\363\323\325\303\032N\256*\307\327 \235\332\207u\210\271\257\306g\231i*\260\326k\001"";   nodeid: ""\260\000\000\000\000\000\000\000\000\000\000\000\000\000\000\000\000\000\000\000\000\000\000\000\000\000\000\000\000\000\000\000\001""; }; "
1750527702546,1750527702546,0,1,1,4,TMLedgerData,"ledgerHash: ""\220lA\251D\0246\305z\207\225\254\360\010\233K$\222\242w\316\025\202/\356\266\371/\256\354\300\373""; ledgerSeq: 54; type: liBASE; nodes {;   nodedata: ""\000\000\0006\001cEx]\211\377\330a\353k\036W\036\333\243\313y\256\236\230\270\325\233\373\001c\343\030e+OD\224O\347\364mD\216\000\000\000\000\000\000\000\000\000\000\000\000\000\000\000\000\000\000\000\000\000\000\000\000\000\000\000\000\000\000\000\000>\317\013\347\341!w\253j\t[\233\004o\322\202\357qc\207!\240\006\345\037U\311\354W6{\225/\351\253T/\351\253U\n\000""; }; nodes {;   nodedata: ""\323C\344\327\264{\312-\017:\006{\177\344N\002\326bO\260\220\006\033\362\345\005U\221DzJ0\001\301\025%1L\307\t\261\262z\374\222T\301\274V\236\223\262\270Ct\362\337b\356\024*\324\320\351\317\002k\336\234\027v\351\217\260\303\360\233ZPZWr\246$w\313\313\r\243r\232\2234\373\3539:N\004Q\245\272D\312D\300\300\t\323\0257\345e\271\na\215{\226\255x%T\257\037\333\004\344_/R\006E\344\037@\210\363\010\336T\226\247'\204_{\261\370""1\235\2445\343\033Y!\212\201\341\272\225'\007DF\215\235\340.\213z[\305\262t\201#\371L2E\314\377\366<\177\256%}T\020\273\312\241g\013\003""; }; ","ledgerHash: ""\220lA\251D\0246\305z\207\225\254\360\010\233K$\222\242w\316\025\202/\356\266\371/\256\354\300\373""; ledgerSeq: 54; type: liBASE; nodes {;   nodedata: ""\000\000\0006\001cEx]\211\377\330a\353k\036W\036\333\243\313y\256\236\230\270\325\233\373\001c\343\030e+OD\224O\347\364mD\216\000\000\000\000\000\000\000\000\000\000\000\000\000\000\000\000\000\000\000\000\000\000\000\000\000\000\000\000\000\000\000\000>\317\013\347\341!w\253j\t[\233\004o\322\202\357qc\207!\240\006\345\037U\311\354W6{\225/\351\253T/\351\253U\n\000""; }; nodes {;   nodedata: ""\323C\344\327\264{\312-\017:\006{\177\344N\002\326bO\260\220\006\033\362\345\005U\221DzJ0\001\301\025%1L\307\t\261\262z\374\222T\301\274V\236\223\262\270Ct\362\337b\356\024*\324\320\351\317\002k\336\234\027v\351\217\260\303\360\233ZPZWr\246$w\313\313\r\243r\232\2234\373\3539:N\004Q\245\272D\312D\300\300\t\323\0257\345e\271\na\215{\226\255x%T\257\037\333\004\344_/R\006E\344\037@\210\363\010\336T\226\247'\204_{\261\370""1\235\2445\343\033Y!\212\201\341\272\225'\007DF\215\235\340.\213z[\305\262t\201#\371L2E\314\377\366<\177\256%}T\020\273\312\241g\013\003""; }; "
1750527702547,1750527702547,0,1,0,1,TMLedgerData,"ledgerHash: ""\220lA\251D\0246\305z\207\225\254\360\010\233K$\222\242w\316\025\202/\356\266\371/\256\354\300\373""; ledgerSeq: 54; type: liBASE; nodes {;   nodedata: ""\000\000\0006\001cEx]\211\377\330a\353k\036W\036\333\243\313y\256\236\230\270\325\233\373\001c\343\030e+OD\224O\347\364mD\216\000\000\000\000\000\000\000\000\000\000\000\000\000\000\000\000\000\000\000\000\000\000\000\000\000\000\000\000\000\000\000\000>\317\013\347\341!w\253j\t[\233\004o\322\202\357qc\207!\240\006\345\037U\311\354W6{\225/\351\253T/\351\253U\n\000""; }; nodes {;   nodedata: ""\323C\344\327\264{\312-\017:\006{\177\344N\002\326bO\260\220\006\033\362\345\005U\221DzJ0\001\301\025%1L\307\t\261\262z\374\222T\301\274V\236\223\262\270Ct\362\337b\356\024*\324\320\351\317\002k\336\234\027v\351\217\260\303\360\233ZPZWr\246$w\313\313\r\243r\232\2234\373\3539:N\004Q\245\272D\312D\300\300\t\323\0257\345e\271\na\215{\226\255x%T\257\037\333\004\344_/R\006E\344\037@\210\363\010\336T\226\247'\204_{\261\370""1\235\2445\343\033Y!\212\201\341\272\225'\007DF\215\235\340.\213z[\305\262t\201#\371L2E\314\377\366<\177\256%}T\020\273\312\241g\013\003""; }; ","ledgerHash: ""\220lA\251D\0246\305z\207\225\254\360\010\233K$\222\242w\316\025\202/\356\266\371/\256\354\300\373""; ledgerSeq: 54; type: liBASE; nodes {;   nodedata: ""\000\000\0006\001cEx]\211\377\330a\353k\036W\036\333\243\313y\256\236\230\270\325\233\373\001c\343\030e+OD\224O\347\364mD\216\000\000\000\000\000\000\000\000\000\000\000\000\000\000\000\000\000\000\000\000\000\000\000\000\000\000\000\000\000\000\000\000>\317\013\347\341!w\253j\t[\233\004o\322\202\357qc\207!\240\006\345\037U\311\354W6{\225/\351\253T/\351\253U\n\000""; }; nodes {;   nodedata: ""\323C\344\327\264{\312-\017:\006{\177\344N\002\326bO\260\220\006\033\362\345\005U\221DzJ0\001\301\025%1L\307\t\261\262z\374\222T\301\274V\236\223\262\270Ct\362\337b\356\024*\324\320\351\317\002k\336\234\027v\351\217\260\303\360\233ZPZWr\246$w\313\313\r\243r\232\2234\373\3539:N\004Q\245\272D\312D\300\300\t\323\0257\345e\271\na\215{\226\255x%T\257\037\333\004\344_/R\006E\344\037@\210\363\010\336T\226\247'\204_{\261\370""1\235\2445\343\033Y!\212\201\341\272\225'\007DF\215\235\340.\213z[\305\262t\201#\371L2E\314\377\366<\177\256%}T\020\273\312\241g\013\003""; }; "
1750527702547,1750527702547,0,1,0,4,TMLedgerData,"ledgerHash: ""\220lA\251D\0246\305z\207\225\254\360\010\233K$\222\242w\316\025\202/\356\266\371/\256\354\300\373""; ledgerSeq: 54; type: liBASE; nodes {;   nodedata: ""\000\000\0006\001cEx]\211\377\330a\353k\036W\036\333\243\313y\256\236\230\270\325\233\373\001c\343\030e+OD\224O\347\364mD\216\000\000\000\000\000\000\000\000\000\000\000\000\000\000\000\000\000\000\000\000\000\000\000\000\000\000\000\000\000\000\000\000>\317\013\347\341!w\253j\t[\233\004o\322\202\357qc\207!\240\006\345\037U\311\354W6{\225/\351\253T/\351\253U\n\000""; }; nodes {;   nodedata: ""\323C\344\327\264{\312-\017:\006{\177\344N\002\326bO\260\220\006\033\362\345\005U\221DzJ0\001\301\025%1L\307\t\261\262z\374\222T\301\274V\236\223\262\270Ct\362\337b\356\024*\324\320\351\317\002k\336\234\027v\351\217\260\303\360\233ZPZWr\246$w\313\313\r\243r\232\2234\373\3539:N\004Q\245\272D\312D\300\300\t\323\0257\345e\271\na\215{\226\255x%T\257\037\333\004\344_/R\006E\344\037@\210\363\010\336T\226\247'\204_{\261\370""1\235\2445\343\033Y!\212\201\341\272\225'\007DF\215\235\340.\213z[\305\262t\201#\371L2E\314\377\366<\177\256%}T\020\273\312\241g\013\003""; }; ","ledgerHash: ""\220lA\251D\0246\305z\207\225\254\360\010\233K$\222\242w\316\025\202/\356\266\371/\256\354\300\373""; ledgerSeq: 54; type: liBASE; nodes {;   nodedata: ""\000\000\0006\001cEx]\211\377\330a\353k\036W\036\333\243\313y\256\236\230\270\325\233\373\001c\343\030e+OD\224O\347\364mD\216\000\000\000\000\000\000\000\000\000\000\000\000\000\000\000\000\000\000\000\000\000\000\000\000\000\000\000\000\000\000\000\000>\317\013\347\341!w\253j\t[\233\004o\322\202\357qc\207!\240\006\345\037U\311\354W6{\225/\351\253T/\351\253U\n\000""; }; nodes {;   nodedata: ""\323C\344\327\264{\312-\017:\006{\177\344N\002\326bO\260\220\006\033\362\345\005U\221DzJ0\001\301\025%1L\307\t\261\262z\374\222T\301\274V\236\223\262\270Ct\362\337b\356\024*\324\320\351\317\002k\336\234\027v\351\217\260\303\360\233ZPZWr\246$w\313\313\r\243r\232\2234\373\3539:N\004Q\245\272D\312D\300\300\t\323\0257\345e\271\na\215{\226\255x%T\257\037\333\004\344_/R\006E\344\037@\210\363\010\336T\226\247'\204_{\261\370""1\235\2445\343\033Y!\212\201\341\272\225'\007DF\215\235\340.\213z[\305\262t\201#\371L2E\314\377\366<\177\256%}T\020\273\312\241g\013\003""; }; "
1750527702548,1750527702548,0,1,3,4,TMLedgerData,"ledgerHash: ""\220lA\251D\0246\305z\207\225\254\360\010\233K$\222\242w\316\025\202/\356\266\371/\256\354\300\373""; ledgerSeq: 54; type: liBASE; nodes {;   nodedata: ""\000\000\0006\001cEx]\211\377\330a\353k\036W\036\333\243\313y\256\236\230\270\325\233\373\001c\343\030e+OD\224O\347\364mD\216\000\000\000\000\000\000\000\000\000\000\000\000\000\000\000\000\000\000\000\000\000\000\000\000\000\000\000\000\000\000\000\000>\317\013\347\341!w\253j\t[\233\004o\322\202\357qc\207!\240\006\345\037U\311\354W6{\225/\351\253T/\351\253U\n\000""; }; nodes {;   nodedata: ""\323C\344\327\264{\312-\017:\006{\177\344N\002\326bO\260\220\006\033\362\345\005U\221DzJ0\001\301\025%1L\307\t\261\262z\374\222T\301\274V\236\223\262\270Ct\362\337b\356\024*\324\320\351\317\002k\336\234\027v\351\217\260\303\360\233ZPZWr\246$w\313\313\r\243r\232\2234\373\3539:N\004Q\245\272D\312D\300\300\t\323\0257\345e\271\na\215{\226\255x%T\257\037\333\004\344_/R\006E\344\037@\210\363\010\336T\226\247'\204_{\261\370""1\235\2445\343\033Y!\212\201\341\272\225'\007DF\215\235\340.\213z[\305\262t\201#\371L2E\314\377\366<\177\256%}T\020\273\312\241g\013\003""; }; requestCookie: 3; ","ledgerHash: ""\220lA\251D\0246\305z\207\225\254\360\010\233K$\222\242w\316\025\202/\356\266\371/\256\354\300\373""; ledgerSeq: 54; type: liBASE; nodes {;   nodedata: ""\000\000\0006\001cEx]\211\377\330a\353k\036W\036\333\243\313y\256\236\230\270\325\233\373\001c\343\030e+OD\224O\347\364mD\216\000\000\000\000\000\000\000\000\000\000\000\000\000\000\000\000\000\000\000\000\000\000\000\000\000\000\000\000\000\000\000\000>\317\013\347\341!w\253j\t[\233\004o\322\202\357qc\207!\240\006\345\037U\311\354W6{\225/\351\253T/\351\253U\n\000""; }; nodes {;   nodedata: ""\323C\344\327\264{\312-\017:\006{\177\344N\002\326bO\260\220\006\033\362\345\005U\221DzJ0\001\301\025%1L\307\t\261\262z\374\222T\301\274V\236\223\262\270Ct\362\337b\356\024*\324\320\351\317\002k\336\234\027v\351\217\260\303\360\233ZPZWr\246$w\313\313\r\243r\232\2234\373\3539:N\004Q\245\272D\312D\300\300\t\323\0257\345e\271\na\215{\226\255x%T\257\037\333\004\344_/R\006E\344\037@\210\363\010\336T\226\247'\204_{\261\370""1\235\2445\343\033Y!\212\201\341\272\225'\007DF\215\235\340.\213z[\305\262t\201#\371L2E\314\377\366<\177\256%}T\020\273\312\241g\013\003""; }; requestCookie: 3; "
1750527702548,1750527702548,0,1,3,4,TMLedgerData,"ledgerHash: ""\220lA\251D\0246\305z\207\225\254\360\010\233K$\222\242w\316\025\202/\356\266\371/\256\354\300\373""; ledgerSeq: 54; type: liBASE; nodes {;   nodedata: ""\000\000\0006\001cEx]\211\377\330a\353k\036W\036\333\243\313y\256\236\230\270\325\233\373\001c\343\030e+OD\224O\347\364mD\216\000\000\000\000\000\000\000\000\000\000\000\000\000\000\000\000\000\000\000\000\000\000\000\000\000\000\000\000\000\000\000\000>\317\013\347\341!w\253j\t[\233\004o\322\202\357qc\207!\240\006\345\037U\311\354W6{\225/\351\253T/\351\253U\n\000""; }; nodes {;   nodedata: ""\323C\344\327\264{\312-\017:\006{\177\344N\002\326bO\260\220\006\033\362\345\005U\221DzJ0\001\301\025%1L\307\t\261\262z\374\222T\301\274V\236\223\262\270Ct\362\337b\356\024*\324\320\351\317\002k\336\234\027v\351\217\260\303\360\233ZPZWr\246$w\313\313\r\243r\232\2234\373\3539:N\004Q\245\272D\312D\300\300\t\323\0257\345e\271\na\215{\226\255x%T\257\037\333\004\344_/R\006E\344\037@\210\363\010\336T\226\247'\204_{\261\370""1\235\2445\343\033Y!\212\201\341\272\225'\007DF\215\235\340.\213z[\305\262t\201#\371L2E\314\377\366<\177\256%}T\020\273\312\241g\013\003""; }; requestCookie: 1; ","ledgerHash: ""\220lA\251D\0246\305z\207\225\254\360\010\233K$\222\242w\316\025\202/\356\266\371/\256\354\300\373""; ledgerSeq: 54; type: liBASE; nodes {;   nodedata: ""\000\000\0006\001cEx]\211\377\330a\353k\036W\036\333\243\313y\256\236\230\270\325\233\373\001c\343\030e+OD\224O\347\364mD\216\000\000\000\000\000\000\000\000\000\000\000\000\000\000\000\000\000\000\000\000\000\000\000\000\000\000\000\000\000\000\000\000>\317\013\347\341!w\253j\t[\233\004o\322\202\357qc\207!\240\006\345\037U\311\354W6{\225/\351\253T/\351\253U\n\000""; }; nodes {;   nodedata: ""\323C\344\327\264{\312-\017:\006{\177\344N\002\326bO\260\220\006\033\362\345\005U\221DzJ0\001\301\025%1L\307\t\261\262z\374\222T\301\274V\236\223\262\270Ct\362\337b\356\024*\324\320\351\317\002k\336\234\027v\351\217\260\303\360\233ZPZWr\246$w\313\313\r\243r\232\2234\373\3539:N\004Q\245\272D\312D\300\300\t\323\0257\345e\271\na\215{\226\255x%T\257\037\333\004\344_/R\006E\344\037@\210\363\010\336T\226\247'\204_{\261\370""1\235\2445\343\033Y!\212\201\341\272\225'\007DF\215\235\340.\213z[\305\262t\201#\371L2E\314\377\366<\177\256%}T\020\273\312\241g\013\003""; }; requestCookie: 1; "
1750527702549,1750527702549,0,1,3,4,TMLedgerData,"ledgerHash: ""\220lA\251D\0246\305z\207\225\254\360\010\233K$\222\242w\316\025\202/\356\266\371/\256\354\300\373""; ledgerSeq: 54; type: liAS_NODE; nodes {;   nodedata: ""\021\000h""\000\000\000\000 \033\000\000\0005\002\023\306\377\330\356GuH\375\327!\255\371\r\231\262R\256J\034\222\241\355X\265E\241^W\225\304\014\361CX-}\351f\032\255\274\334m\326c\017\014ao[\342\230\003\245\245\3341Hm\326^\017jy\335\261\032Yt\320\244{g\0306\\302\303*\341\215\223\257\364\277o\375\000r\241SOq\221\253\262\005\017\375T\356\014\360o'\030\311-\267\031\257!\031T\006><\315XM\334\324\345\034\000\325\367\240\271\013\265\024\321\362\354\211\250.\234s\225amc\305\035\366\276\037nD\277`\210\223N\3535\033\261\304f\331]\036\237\306o!\223\221\002\324\031\262\240R\177 ,\214\325\Q])\016\2067\277\t\354\010\000\360\215\2502\265\245\310\226\243c\302Ze\306\253#r\020\211\320iG\276\020E\317\035Sf\223F\254\033@\177e\277\016\010u\327\371&\262\312\317Q\2361t\377x\234\001v\003%\030\325_\225g\204\346a=\225\273\331\354\365*U\363\263N\367b\371\244\314-w\363\262\225Z\200\206\235\233\257?sE\2674\254\326mU\377?\177Ek\336\030!\316Aa\225\303\022\377{\210Y\226\271as\354L\035\004\341\361\035\301\024\220m#*\372\032\3178~\374\250\014*\323\342'z69\220\327\256\351G\367\317u\302\207\270b\315\333\333\334\310I\323&\014\352XZnW2.\335\347\202\021\247\362\212e\034\000\001\250\220\305;a\314\265R\310\017\317\331\235\360\262\240:\277\202\266\354\265X""\022\nh\252\352w\204\203\023]\001f\352\277\0031Q]\362\370R\350{\261\202\240\344\215\201\353\276\322p5p\350\354\017>\250r\241c\273\016\301\024\363\242\247\263\231\370\344\nBW\220K\316@3\243\200\036wk\253GSlU\010\360\231>\331\263H\214\324\030A\225\301o\346pkSF\004\241\213w9\223=\250\262*+\255\351r\265\244c\024\213\t\007`\223\325#\3477\210\345P\306\013\320\252[\0216+\227=`\371P\314\346 V7\271[~\n\237\274|\347\352@K\253~&\260\032\024\004B\200\255h\351\013\361\031:nG\211\005|\2003\266\274\251,W\006u\344\335d\003\306\212\313,\340\350bG\n\030Z\2732-\246\312\255\030\003\235207\005}D\260\0261ah\322M\304\216\273m0\271\234\237\007<w$\265C\245\232\033\023\313c\321B\032l\301h\005\320\252\301\361(\330[\343\357\343{\235\n\266g\272>\177\317\347\261qb&\270&\346ju\200\363N\320\307\004\034\001n\317\361\2653\254\2503\247\305\372\316W\022O\253x\250\025\373\247\354Tc\304\263\243^\352Gv\\264\261\r\035\226\306\2411\351\233\203\215\200$\231\300f\220\371c@\017\254\363\\371\340\340VaR\205~^\226\342t\360\022\204d\231\205)\272\364?\361!\334\331\315\254\230\rBG\314\023\246\244=\351\177\254\302b&\276+H;0\312\021&\275\036\237\350R\313\206R\331\304k\323u\263t\221\213yC\241\217A\242\027g\322\241'\212.E?B_\316\327\217J +\370\t^b\005\020\003\211\373\247|hC\271Nmk~J\270EU\274\036-\347\240\312FA\321\341bca\253\025\321\311\317\021\375\317\217\n\272\033o\353G>\275\361H\265\240\232um""\317\324`\214\221\314\000\211K\223+(""\200i \311\372g\254\343ZR0\224\275q\252\357\213\263\206N\357&Q\217\267\303\356I\236\357\264\311b\037\366\035\253\343\311\265\240\327q\206f\262ODi\215-\363>\034\236l\273\005G\316F\217}[\036\007\270:\260\335\271B\241N\345\330\204\327f\361\272Kb\0377p\334\264\237\177~\330]\252+:\317u\302h\n\351\n\364\231\277R\371\356\033y\265v\360Ny\246\332qY\262\231\251\n\305\334\202\305\362\n\367@k\231\016R:\327\242\366\242\253LZY\223$Gw^\203\302\311\316I7\371tTwp}\005|\372\214\251{R`\230V\244-\326I\351\255\325i\335\377\321\353\327\331\302\023\347y\016\263\271\317\306\017UV\314qu?\0064A\315{3D\010\016S\212\2353k0\361\214ID\303g\277\010Y_\001~\021\333\370\255\374\\331\306\255\336)\365Rth\024\t\300.M\315\321S\257\224\252\362\326P\316\303%nX\3742\333\036\004Y\264yG^\234\177\214\305q\237\274G\300a4\275\240s\215\222\210\016\020G\344=-:GK\312\035\271\201\350\376F\260G\347\000\235\365P6pmH\033\373\212c\377o\232\356\320D\002\277,]os{\354/?\312e\006wda\001\023\375\316\025\254\321\244\370+Y`\220\270\254\2601E[FI\310\235<qI \356\032v%\001\230\016\203\200\251UD\347\304\373\034\211\340@\342\033\263\365\356\341\357\350\324\035J\032\177\230\207\220\303+\207\352g\317N\027>\222M\271m\033\236\021:\272\233r\373\233hC}\256\020\210\010\233\335\025[ d(\343\263\327\177\030\246\254H\277\254E\231\006\033_lB\210\264\334Y\322\314\362\320L\000Q\240\317\3502\006,|\364\004\275\034\006\337\370""\330\364\202\314\315\311?\030\260\361u)\336\202\265Y\177X\227$\245tCB\345\314d\231A\300\204\371KJ\036\321\330\014]""EN\266$]\331\226c\351\312\376z\254\214\206B\274&M\032\376v\266\3104u)\r\312\021\273\030jJH\215G4\367fQ;\255\3404\372\225\341L\224\242\200VY\220\355\020\353I\n\363\266\036\311\003OR\250""\032\230\021]+$\302\005\224\270\033E\r\312\315}\200\2505\216\221\301\341\035[\247\325\236M^\360a\267\356\267\247]\357\236\n\207}P\2654\026`\256u\276\r&\026K\315a\3337\216.\240\362\263\327]\372\325\037\006\345\236\265\343\337g\271\317\315\374\3357gX\036\024'\357<$\322\323$\375\346&^\361\0009\022`\210$\005\261rTx\343\226\224vC\2607.\025\213@~\312\227\000 o\232\016\376|a3\352&\324\337\230\212\265o\2035\250\303\2760\241\364^\002Z\031Z!\300\002\364\004\232\355\234\202\021\371_~\346\024\242\247\366\231\036\370\365\313\014\307\362i\210e\030\317\336e\256\245\026R\036\304S\352]~a\353k\036W\036\333\243\313y\256\236\230\270\325\233\373\001c\343\030e+OD\224O\347\364mD\216\264\227\2326\315\307\363\323\325\303\032N\256*\307\327 \235\332\207u\210\271\257\306g\231i*\260\326k\001"";   nodeid: ""\260\000\000\000\000\000\000\000\000\000\000\000\000\000\000\000\000\000\000\000\000\000\000\000\000\000\000\000\000\000\000\000\001""; }; ","ledgerHash: ""\220lA\251D\0246\305z\207\225\254\360\010\233K$\222\242w\316\025\202/\356\266\371/\256\354\300\373""; ledgerSeq: 54; type: liAS_NODE; nodes {;   nodedata: ""\021\000h""\000\000\000\000 \033\000\000\0005\002\023\306\377\330\356GuH\375\327!\255\371\r\231\262R\256J\034\222\241\355X\265E\241^W\225\304\014\361CX-}\351f\032\255\274\334m\326c\017\014ao[\342\230\003\245\245\3341Hm\326^\017jy\335\261\032Yt\320\244{g\0306\\302\303*\341\215\223\257\364\277o\375\000r\241SOq\221\253\262\005\017\375T\356\014\360o'\030\311-\267\031\257!\031T\006><\315XM\334\324\345\034\000\325\367\240\271\013\265\024\321\362\354\211\250.\234s\225amc\305\035\366\276\037nD\277`\210\223N\3535\033\261\304f\331]\036\237\306o!\223\221\002\324\031\262\240R\177 ,\214\325\Q])\016\2067\277\t\354\010\000\360\215\2502\265\245\310\226\243c\302Ze\306\253#r\020\211\320iG\276\020E\317\035Sf\223F\254\033@\177e\277\016\010u\327\371&\262\312\317Q\2361t\377x\234\001v\003%\030\325_\225g\204\346a=\225\273\331\354\365*U\363\263N\367b\371\244\314-w\363\262\225Z\200\206\235\233\257?sE\2674\254\326mU\377?\177Ek\336\030!\316Aa\225\303\022\377{\210Y\226\271as\354L\035\004\341\361\035\301\024\220m#*\372\032\3178~\374\250\014*\323\342'z69\220\327\256\351G\367\317u\302\207\270b\315\333\333\334\310I\323&\014\352XZnW2.\335\347\202\021\247\362\212e\034\000\001\250\220\305;a\314\265R\310\017\317\331\235\360\262\240:\277\202\266\354\265X""\022\nh\252\352w\204\203\023]\001f\352\277\0031Q]\362\370R\350{\261\202\240\344\215\201\353\276\322p5p\350\354\017>\250r\241c\273\016\301\024\363\242\247\263\231\370\344\nBW\220K\316@3\243\200\036wk\253GSlU\010\360\231>\331\263H\214\324\030A\225\301o\346pkSF\004\241\213w9\223=\250\262*+\255\351r\265\244c\024\213\t\007`\223\325#\3477\210\345P\306\013\320\252[\0216+\227=`\371P\314\346 V7\271[~\n\237\274|\347\352@K\253~&\260\032\024\004B\200\255h\351\013\361\031:nG\211\005|\2003\266\274\251,W\006u\344\335d\003\306\212\313,\340\350bG\n\030Z\2732-\246\312\255\030\003\235207\005}D\260\0261ah\322M\304\216\273m0\271\234\237\007<w$\265C\245\232\033\023\313c\321B\032l\301h\005\320\252\301\361(\330[\343\357\343{\235\n\266g\272>\177\317\347\261qb&\270&\346ju\200\363N\320\307\004\034\001n\317\361\2653\254\2503\247\305\372\316W\022O\253x\250\025\373\247\354Tc\304\263\243^\352Gv\\264\261\r\035\226\306\2411\351\233\203\215\200$\231\300f\220\371c@\017\254\363\\371\340\340VaR\205~^\226\342t\360\022\204d\231\205)\272\364?\361!\334\331\315\254\230\rBG\314\023\246\244=\351\177\254\302b&\276+H;0\312\021&\275\036\237\350R\313\206R\331\304k\323u\263t\221\213yC\241\217A\242\027g\322\241'\212.E?B_\316\327\217J +\370\t^b\005\020\003\211\373\247|hC\271Nmk~J\270EU\274\036-\347\240\312FA\321\341bca\253\025\321\311\317\021\375\317\217\n\272\033o\353G>\275\361H\265\240\232um""\317\324`\214\221\314\000\211K\223+(""\200i \311\372g\254\343ZR0\224\275q\252\357\213\263\206N\357&Q\217\267\303\356I\236\357\264\311b\037\366\035\253\343\311\265\240\327q\206f\262ODi\215-\363>\034\236l\273\005G\316F\217}[\036\007\270:\260\335\271B\241N\345\330\204\327f\361\272Kb\0377p\334\264\237\177~\330]\252+:\317u\302h\n\351\n\364\231\277R\371\356\033y\265v\360Ny\246\332qY\262\231\251\n\305\334\202\305\362\n\367@k\231\016R:\327\242\366\242\253LZY\223$Gw^\203\302\311\316I7\371tTwp}\005|\372\214\251{R`\230V\244-\326I\351\255\325i\335\377\321\353\327\331\302\023\347y\016\263\271\317\306\017UV\314qu?\0064A\315{3D\010\016S\212\2353k0\361\214ID\303g\277\010Y_\001~\021\333\370\255\374\\331\306\255\336)\365Rth\024\t\300.M\315\321S\257\224\252\362\326P\316\303%nX\3742\333\036\004Y\264yG^\234\177\214\305q\237\274G\300a4\275\240s\215\222\210\016\020G\344=-:GK\312\035\271\201\350\376F\260G\347\000\235\365P6pmH\033\373\212c\377o\232\356\320D\002\277,]os{\354/?\312e\006wda\001\023\375\316\025\254\321\244\370+Y`\220\270\254\2601E[FI\310\235<qI \356\032v%\001\230\016\203\200\251UD\347\304\373\034\211\340@\342\033\263\365\356\341\357\350\324\035J\032\177\230\207\220\303+\207\352g\317N\027>\222M\271m\033\236\021:\272\233r\373\233hC}\256\020\210\010\233\335\025[ d(\343\263\327\177\030\246\254H\277\254E\231\006\033_lB\210\264\334Y\322\314\362\320L\000Q\240\317\3502\006,|\364\004\275\034\006\337\370""\330\364\202\314\315\311?\030\260\361u)\336\202\265Y\177X\227$\245tCB\345\314d\231A\300\204\371KJ\036\321\330\014]""EN\266$]\331\226c\351\312\376z\254\214\206B\274&M\032\376v\266\3104u)\r\312\021\273\030jJH\215G4\367fQ;\255\3404\372\225\341L\224\242\200VY\220\355\020\353I\n\363\266\036\311\003OR\250""\032\230\021]+$\302\005\224\270\033E\r\312\315}\200\2505\216\221\301\341\035[\247\325\236M^\360a\267\356\267\247]\357\236\n\207}P\2654\026`\256u\276\r&\026K\315a\3337\216.\240\362\263\327]\372\325\037\006\345\236\265\343\337g\271\317\315\374\3357gX\036\024'\357<$\322\323$\375\346&^\361\0009\022`\210$\005\261rTx\343\226\224vC\2607.\025\213@~\312\227\000 o\232\016\376|a3\352&\324\337\230\212\265o\2035\250\303\2760\241\364^\002Z\031Z!\300\002\364\004\232\355\234\202\021\371_~\346\024\242\247\366\231\036\370\365\313\014\307\362i\210e\030\317\336e\256\245\026R\036\304S\352]~a\353k\036W\036\333\243\313y\256\236\230\270\325\233\373\001c\343\030e+OD\224O\347\364mD\216\264\227\2326\315\307\363\323\325\303\032N\256*\307\327 \235\332\207u\210\271\257\306g\231i*\260\326k\001"";   nodeid: ""\260\000\000\000\000\000\000\000\000\000\000\000\000\000\000\000\000\000\000\000\000\000\000\000\000\000\000\000\000\000\000\000\001""; }; "
1750527702550,1750527702550,0,1,2,3,TMGetLedger,"itype: liAS_NODE; ledgerHash: ""\220lA\251D\0246\305z\207\225\254\360\010\233K$\222\242w\316\025\202/\356\266\371/\256\354\300\373""; ledgerSeq: 54; nodeIDs: ""\260\000\000\000\000\000\000\000\000\000\000\000\000\000\000\000\000\000\000\000\000\000\000\000\000\000\000\000\000\000\000\000\001""; queryType: qtINDIRECT; queryDepth: 1; ","itype: liAS_NODE; ledgerHash: ""\220lA\251D\0246\305z\207\225\254\360\010\233K$\222\242w\316\025\202/\356\266\371/\256\354\300\373""; ledgerSeq: 54; nodeIDs: ""\260\000\000\000\000\000\000\000\000\000\000\000\000\000\000\000\000\000\000\000\000\000\000\000\000\000\000\000\000\000\000\000\001""; queryType: qtINDIRECT; queryDepth: 1; "
1750527702550,1750527702550,0,1,3,1,TMLedgerData,"ledgerHash: ""\220lA\251D\0246\305z\207\225\254\360\010\233K$\222\242w\316\025\202/\356\266\371/\256\354\300\373""; ledgerSeq: 54; type: liBASE; nodes {;   nodedata: ""\000\000\0006\001cEx]\211\377\330a\353k\036W\036\333\243\313y\256\236\230\270\325\233\373\001c\343\030e+OD\224O\347\364mD\216\000\000\000\000\000\000\000\000\000\000\000\000\000\000\000\000\000\000\000\000\000\000\000\000\000\000\000\000\000\000\000\000>\317\013\347\341!w\253j\t[\233\004o\322\202\357qc\207!\240\006\345\037U\311\354W6{\225/\351\253T/\351\253U\n\000""; }; nodes {;   nodedata: ""\323C\344\327\264{\312-\017:\006{\177\344N\002\326bO\260\220\006\033\362\345\005U\221DzJ0\001\301\025%1L\307\t\261\262z\374\222T\301\274V\236\223\262\270Ct\362\337b\356\024*\324\320\351\317\002k\336\234\027v\351\217\260\303\360\233ZPZWr\246$w\313\313\r\243r\232\2234\373\3539:N\004Q\245\272D\312D\300\300\t\323\0257\345e\271\na\215{\226\255x%T\257\037\333\004\344_/R\006E\344\037@\210\363\010\336T\226\247'\204_{\261\370""1\235\2445\343\033Y!\212\201\341\272\225'\007DF\215\235\340.\213z[\305\262t\201#\371L2E\314\377\366<\177\256%}T\020\273\312\241g\013\003""; }; requestCookie: 3; ","ledgerHash: ""\220lA\251D\0246\305z\207\225\254\360\010\233K$\222\242w\316\025\202/\356\266\371/\256\354\300\373""; ledgerSeq: 54; type: liBASE; nodes {;   nodedata: ""\000\000\0006\001cEx]\211\377\330a\353k\036W\036\333\243\313y\256\236\230\270\325\233\373\001c\343\030e+OD\224O\347\364mD\216\000\000\000\000\000\000\000\000\000\000\000\000\000\000\000\000\000\000\000\000\000\000\000\000\000\000\000\000\000\000\000\000>\317\013\347\341!w\253j\t[\233\004o\322\202\357qc\207!\240\006\345\037U\311\354W6{\225/\351\253T/\351\253U\n\000""; }; nodes {;   nodedata: ""\323C\344\327\264{\312-\017:\006{\177\344N\002\326bO\260\220\006\033\362\345\005U\221DzJ0\001\301\025%1L\307\t\261\262z\374\222T\301\274V\236\223\262\270Ct\362\337b\356\024*\324\320\351\317\002k\336\234\027v\351\217\260\303\360\233ZPZWr\246$w\313\313\r\243r\232\2234\373\3539:N\004Q\245\272D\312D\300\300\t\323\0257\345e\271\na\215{\226\255x%T\257\037\333\004\344_/R\006E\344\037@\210\363\010\336T\226\247'\204_{\261\370""1\235\2445\343\033Y!\212\201\341\272\225'\007DF\215\235\340.\213z[\305\262t\201#\371L2E\314\377\366<\177\256%}T\020\273\312\241g\013\003""; }; requestCookie: 3; "
1750527702550,1750527702551,0,1,4,1,TMLedgerData,"ledgerHash: ""\220lA\251D\0246\305z\207\225\254\360\010\233K$\222\242w\316\025\202/\356\266\371/\256\354\300\373""; ledgerSeq: 54; type: liBASE; nodes {;   nodedata: ""\000\000\0006\001cEx]\211\377\330a\353k\036W\036\333\243\313y\256\236\230\270\325\233\373\001c\343\030e+OD\224O\347\364mD\216\000\000\000\000\000\000\000\000\000\000\000\000\000\000\000\000\000\000\000\000\000\000\000\000\000\000\000\000\000\000\000\000>\317\013\347\341!w\253j\t[\233\004o\322\202\357qc\207!\240\006\345\037U\311\354W6{\225/\351\253T/\351\253U\n\000""; }; nodes {;   nodedata: ""\323C\344\327\264{\312-\017:\006{\177\344N\002\326bO\260\220\006\033\362\345\005U\221DzJ0\001\301\025%1L\307\t\261\262z\374\222T\301\274V\236\223\262\270Ct\362\337b\356\024*\324\320\351\317\002k\336\234\027v\351\217\260\303\360\233ZPZWr\246$w\313\313\r\243r\232\2234\373\3539:N\004Q\245\272D\312D\300\300\t\323\0257\345e\271\na\215{\226\255x%T\257\037\333\004\344_/R\006E\344\037@\210\363\010\336T\226\247'\204_{\261\370""1\235\2445\343\033Y!\212\201\341\272\225'\007DF\215\235\340.\213z[\305\262t\201#\371L2E\314\377\366<\177\256%}T\020\273\312\241g\013\003""; }; ","ledgerHash: ""\220lA\251D\0246\305z\207\225\254\360\010\233K$\222\242w\316\025\202/\356\266\371/\256\354\300\373""; ledgerSeq: 54; type: liBASE; nodes {;   nodedata: ""\000\000\0006\001cEx]\211\377\330a\353k\036W\036\333\243\313y\256\236\230\270\325\233\373\001c\343\030e+OD\224O\347\364mD\216\000\000\000\000\000\000\000\000\000\000\000\000\000\000\000\000\000\000\000\000\000\000\000\000\000\000\000\000\000\000\000\000>\317\013\347\341!w\253j\t[\233\004o\322\202\357qc\207!\240\006\345\037U\311\354W6{\225/\351\253T/\351\253U\n\000""; }; nodes {;   nodedata: ""\323C\344\327\264{\312-\017:\006{\177\344N\002\326bO\260\220\006\033\362\345\005U\221DzJ0\001\301\025%1L\307\t\261\262z\374\222T\301\274V\236\223\262\270Ct\362\337b\356\024*\324\320\351\317\002k\336\234\027v\351\217\260\303\360\233ZPZWr\246$w\313\313\r\243r\232\2234\373\3539:N\004Q\245\272D\312D\300\300\t\323\0257\345e\271\na\215{\226\255x%T\257\037\333\004\344_/R\006E\344\037@\210\363\010\336T\226\247'\204_{\261\370""1\235\2445\343\033Y!\212\201\341\272\225'\007DF\215\235\340.\213z[\305\262t\201#\371L2E\314\377\366<\177\256%}T\020\273\312\241g\013\003""; }; "
1750527702551,1750527702552,0,1,3,1,TMLedgerData,"ledgerHash: ""\220lA\251D\0246\305z\207\225\254\360\010\233K$\222\242w\316\025\202/\356\266\371/\256\354\300\373""; ledgerSeq: 54; type: liBASE; nodes {;   nodedata: ""\000\000\0006\001cEx]\211\377\330a\353k\036W\036\333\243\313y\256\236\230\270\325\233\373\001c\343\030e+OD\224O\347\364mD\216\000\000\000\000\000\000\000\000\000\000\000\000\000\000\000\000\000\000\000\000\000\000\000\000\000\000\000\000\000\000\000\000>\317\013\347\341!w\253j\t[\233\004o\322\202\357qc\207!\240\006\345\037U\311\354W6{\225/\351\253T/\351\253U\n\000""; }; nodes {;   nodedata: ""\323C\344\327\264{\312-\017:\006{\177\344N\002\326bO\260\220\006\033\362\345\005U\221DzJ0\001\301\025%1L\307\t\261\262z\374\222T\301\274V\236\223\262\270Ct\362\337b\356\024*\324\320\351\317\002k\336\234\027v\351\217\260\303\360\233ZPZWr\246$w\313\313\r\243r\232\2234\373\3539:N\004Q\245\272D\312D\300\300\t\323\0257\345e\271\na\215{\226\255x%T\257\037\333\004\344_/R\006E\344\037@\210\363\010\336T\226\247'\204_{\261\370""1\235\2445\343\033Y!\212\201\341\272\225'\007DF\215\235\340.\213z[\305\262t\201#\371L2E\314\377\366<\177\256%}T\020\273\312\241g\013\003""; }; requestCookie: 2; ","ledgerHash: ""\220lA\251D\0246\305z\207\225\254\360\010\233K$\222\242w\316\025\202/\356\266\371/\256\354\300\373""; ledgerSeq: 54; type: liBASE; nodes {;   nodedata: ""\000\000\0006\001cEx]\211\377\330a\353k\036W\036\333\243\313y\256\236\230\270\325\233\373\001c\343\030e+OD\224O\347\364mD\216\000\000\000\000\000\000\000\000\000\000\000\000\000\000\000\000\000\000\000\000\000\000\000\000\000\000\000\000\000\000\000\000>\317\013\347\341!w\253j\t[\233\004o\322\202\357qc\207!\240\006\345\037U\311\354W6{\225/\351\253T/\351\253U\n\000""; }; nodes {;   nodedata: ""\323C\344\327\264{\312-\017:\006{\177\344N\002\326bO\260\220\006\033\362\345\005U\221DzJ0\001\301\025%1L\307\t\261\262z\374\222T\301\274V\236\223\262\270Ct\362\337b\356\024*\324\320\351\317\002k\336\234\027v\351\217\260\303\360\233ZPZWr\246$w\313\313\r\243r\232\2234\373\3539:N\004Q\245\272D\312D\300\300\t\323\0257\345e\271\na\215{\226\255x%T\257\037\333\004\344_/R\006E\344\037@\210\363\010\336T\226\247'\204_{\261\370""1\235\2445\343\033Y!\212\201\341\272\225'\007DF\215\235\340.\213z[\305\262t\201#\371L2E\314\377\366<\177\256%}T\020\273\312\241g\013\003""; }; requestCookie: 2; "
1750527702552,1750527702552,0,1,3,0,TMLedgerData,"ledgerHash: ""\220lA\251D\0246\305z\207\225\254\360\010\233K$\222\242w\316\025\202/\356\266\371/\256\354\300\373""; ledgerSeq: 54; type: liBASE; nodes {;   nodedata: ""\000\000\0006\001cEx]\211\377\330a\353k\036W\036\333\243\313y\256\236\230\270\325\233\373\001c\343\030e+OD\224O\347\364mD\216\000\000\000\000\000\000\000\000\000\000\000\000\000\000\000\000\000\000\000\000\000\000\000\000\000\000\000\000\000\000\000\000>\317\013\347\341!w\253j\t[\233\004o\322\202\357qc\207!\240\006\345\037U\311\354W6{\225/\351\253T/\351\253U\n\000""; }; nodes {;   nodedata: ""\323C\344\327\264{\312-\017:\006{\177\344N\002\326bO\260\220\006\033\362\345\005U\221DzJ0\001\301\025%1L\307\t\261\262z\374\222T\301\274V\236\223\262\270Ct\362\337b\356\024*\324\320\351\317\002k\336\234\027v\351\217\260\303\360\233ZPZWr\246$w\313\313\r\243r\232\2234\373\3539:N\004Q\245\272D\312D\300\300\t\323\0257\345e\271\na\215{\226\255x%T\257\037\333\004\344_/R\006E\344\037@\210\363\010\336T\226\247'\204_{\261\370""1\235\2445\343\033Y!\212\201\341\272\225'\007DF\215\235\340.\213z[\305\262t\201#\371L2E\314\377\366<\177\256%}T\020\273\312\241g\013\003""; }; requestCookie: 3; ","ledgerHash: ""\220lA\251D\0246\305z\207\225\254\360\010\233K$\222\242w\316\025\202/\356\266\371/\256\354\300\373""; ledgerSeq: 54; type: liBASE; nodes {;   nodedata: ""\000\000\0006\001cEx]\211\377\330a\353k\036W\036\333\243\313y\256\236\230\270\325\233\373\001c\343\030e+OD\224O\347\364mD\216\000\000\000\000\000\000\000\000\000\000\000\000\000\000\000\000\000\000\000\000\000\000\000\000\000\000\000\000\000\000\000\000>\317\013\347\341!w\253j\t[\233\004o\322\202\357qc\207!\240\006\345\037U\311\354W6{\225/\351\253T/\351\253U\n\000""; }; nodes {;   nodedata: ""\323C\344\327\264{\312-\017:\006{\177\344N\002\326bO\260\220\006\033\362\345\005U\221DzJ0\001\301\025%1L\307\t\261\262z\374\222T\301\274V\236\223\262\270Ct\362\337b\356\024*\324\320\351\317\002k\336\234\027v\351\217\260\303\360\233ZPZWr\246$w\313\313\r\243r\232\2234\373\3539:N\004Q\245\272D\312D\300\300\t\323\0257\345e\271\na\215{\226\255x%T\257\037\333\004\344_/R\006E\344\037@\210\363\010\336T\226\247'\204_{\261\370""1\235\2445\343\033Y!\212\201\341\272\225'\007DF\215\235\340.\213z[\305\262t\201#\371L2E\314\377\366<\177\256%}T\020\273\312\241g\013\003""; }; requestCookie: 3; "
1750527702553,1750527702554,0,1,3,0,TMLedgerData,"ledgerHash: ""\220lA\251D\0246\305z\207\225\254\360\010\233K$\222\242w\316\025\202/\356\266\371/\256\354\300\373""; ledgerSeq: 54; type: liAS_NODE; nodes {;   nodedata: ""\021\000h""\000\000\000\000 \033\000\000\0005\002\023\306\377\330\356GuH\375\327!\255\371\r\231\262R\256J\034\222\241\355X\265E\241^W\225\304\014\361CX-}\351f\032\255\274\334m\326c\017\014ao[\342\230\003\245\245\3341Hm\326^\017jy\335\261\032Yt\320\244{g\0306\\302\303*\341\215\223\257\364\277o\375\000r\241SOq\221\253\262\005\017\375T\356\014\360o'\030\311-\267\031\257!\031T\006><\315XM\334\324\345\034\000\325\367\240\271\013\265\024\321\362\354\211\250.\234s\225amc\305\035\366\276\037nD\277`\210\223N\3535\033\261\304f\331]\036\237\306o!\223\221\002\324\031\262\240R\177 ,\214\325\Q])\016\2067\277\t\354\010\000\360\215\2502\265\245\310\226\243c\302Ze\306\253#r\020\211\320iG\276\020E\317\035Sf\223F\254\033@\177e\277\016\010u\327\371&\262\312\317Q\2361t\377x\234\001v\003%\030\325_\225g\204\346a=\225\273\331\354\365*U\363\263N\367b\371\244\314-w\363\262\225Z\200\206\235\233\257?sE\2674\254\326mU\377?\177Ek\336\030!\316Aa\225\303\022\377{\210Y\226\271as\354L\035\004\341\361\035\301\024\220m#*\372\032\3178~\374\250\014*\323\342'z69\220\327\256\351G\367\317u\302\207\270b\315\333\333\334\310I\323&\014\352XZnW2.\335\347\202\021\247\362\212e\034\000\001\250\220\305;a\314\265R\310\017\317\331\235\360\262\240:\277\202\266\354\265X""\022\nh\252\352w\204\203\023]\001f\352\277\0031Q]\362\370R\350{\261\202\240\344\215\201\353\276\322p5p\350\354\017>\250r\241c\273\016\301\024\363\242\247\263\231\370\344\nBW\220K\316@3\243\200\036wk\253GSlU\010\360\231>\331\263H\214\324\030A\225\301o\346pkSF\004\241\213w9\223=\250\262*+\255\351r\265\244c\024\213\t\007`\223\325#\3477\210\345P\306\013\320\252[\0216+\227=`\371P\314\346 V7\271[~\n\237\274|\347\352@K\253~&\260\032\024\004B\200\255h\351\013\361\031:nG\211\005|\2003\266\274\251,W\006u\344\335d\003\306\212\313,\340\350bG\n\030Z\2732-\246\312\255\030\003\235207\005}D\260\0261ah\322M\304\216\273m0\271\234\237\007<w$\265C\245\232\033\023\313c\321B\032l\301h\005\320\252\301\361(\330[\343\357\343{\235\n\266g\272>\177\317\347\261qb&\270&\346ju\200\363N\320\307\004\034\001n\317\361\2653\254\2503\247\305\372\316W\022O\253x\250\025\373\247\354Tc\304\263\243^\352Gv\\264\261\r\035\226\306\2411\351\233\203\215\200$\231\300f\220\371c@\017\254\363\\371\340\340VaR\205~^\226\342t\360\022\204d\231\205)\272\364?\361!\334\331\315\254\230\rBG\314\023\246\244=\351\177\254\302b&\276+H;0\312\021&\275\036\237\350R\313\206R\331\304k\323u\263t\221\213yC\241\217A\242\027g\322\241'\212.E?B_\316\327\217J +\370\t^b\005\020\003\211\373\247|hC\271Nmk~J\270EU\274\036-\347\240\312FA\321\341bca\253\025\321\311\317\021\375\317\217\n\272\033o\353G>\275\361H\265\240\232um""\317\324`\214\221\314\000\211K\223+(""\200i \311\372g\254\343ZR0\224\275q\252\357\213\263\206N\357&Q\217\267\303\356I\236\357\264\311b\037\366\035\253\343\311\265\240\327q\206f\262ODi\215-\363>\034\236l\273\005G\316F\217}[\036\007\270:\260\335\271B\241N\345\330\204\327f\361\272Kb\0377p\334\264\237\177~\330]\252+:\317u\302h\n\351\n\364\231\277R\371\356\033y\265v\360Ny\246\332qY\262\231\251\n\305\334\202\305\362\n\367@k\231\016R:\327\242\366\242\253LZY\223$Gw^\203\302\311\316I7\371tTwp}\005|\372\214\251{R`\230V\244-\326I\351\255\325i\335\377\321\353\327\331\302\023\347y\016\263\271\317\306\017UV\314qu?\0064A\315{3D\010\016S\212\2353k0\361\214ID\303g\277\010Y_\001~\021\333\370\255\374\\331\306\255\336)\365Rth\024\t\300.M\315\321S\257\224\252\362\326P\316\303%nX\3742\333\036\004Y\264yG^\234\177\214\305q\237\274G\300a4\275\240s\215\222\210\016\020G\344=-:GK\312\035\271\201\350\376F\260G\347\000\235\365P6pmH\033\373\212c\377o\232\356\320D\002\277,]os{\354/?\312e\006wda\001\023\375\316\025\254\321\244\370+Y`\220\270\254\2601E[FI\310\235<qI \356\032v%\001\230\016\203\200\251UD\347\304\373\034\211\340@\342\033\263\365\356\341\357\350\324\035J\032\177\230\207\220\303+\207\352g\317N\027>\222M\271m\033\236\021:\272\233r\373\233hC}\256\020\210\010\233\335\025[ d(\343\263\327\177\030\246\254H\277\254E\231\006\033_lB\210\264\334Y\322\314\362\320L\000Q\240\317\3502\006,|\364\004\275\034\006\337\370""\330\364\202\314\315\311?\030\260\361u)\336\202\265Y\177X\227$\245tCB\345\314d\231A\300\204\371KJ\036\321\330\014]""EN\266$]\331\226c\351\312\376z\254\214\206B\274&M\032\376v\266\3104u)\r\312\021\273\030jJH\215G4\367fQ;\255\3404\372\225\341L\224\242\200VY\220\355\020\353I\n\363\266\036\311\003OR\250""\032\230\021]+$\302\005\224\270\033E\r\312\315}\200\2505\216\221\301\341\035[\247\325\236M^\360a\267\356\267\247]\357\236\n\207}P\2654\026`\256u\276\r&\026K\315a\3337\216.\240\362\263\327]\372\325\037\006\345\236\265\343\337g\271\317\315\374\3357gX\036\024'\357<$\322\323$\375\346&^\361\0009\022`\210$\005\261rTx\343\226\224vC\2607.\025\213@~\312\227\000 o\232\016\376|a3\352&\324\337\230\212\265o\2035\250\303\2760\241\364^\002Z\031Z!\300\002\364\004\232\355\234\202\021\371_~\346\024\242\247\366\231\036\370\365\313\014\307\362i\210e\030\317\336e\256\245\026R\036\304S\352]~a\353k\036W\036\333\243\313y\256\236\230\270\325\233\373\001c\343\030e+OD\224O\347\364mD\216\264\227\2326\315\307\363\323\325\303\032N\256*\307\327 \235\332\207u\210\271\257\306g\231i*\260\326k\001"";   nodeid: ""\260\000\000\000\000\000\000\000\000\000\000\000\000\000\000\000\000\000\000\000\000\000\000\000\000\000\000\000\000\000\000\000\001""; }; ","ledgerHash: ""\220lA\251D\0246\305z\207\225\254\360\010\233K$\222\242w\316\025\202/\356\266\371/\256\354\300\373""; ledgerSeq: 54; type: liAS_NODE; nodes {;   nodedata: ""\021\000h""\000\000\000\000 \033\000\000\0005\002\023\306\377\330\356GuH\375\327!\255\371\r\231\262R\256J\034\222\241\355X\265E\241^W\225\304\014\361CX-}\351f\032\255\274\334m\326c\017\014ao[\342\230\003\245\245\3341Hm\326^\017jy\335\261\032Yt\320\244{g\0306\\302\303*\341\215\223\257\364\277o\375\000r\241SOq\221\253\262\005\017\375T\356\014\360o'\030\311-\267\031\257!\031T\006><\315XM\334\324\345\034\000\325\367\240\271\013\265\024\321\362\354\211\250.\234s\225amc\305\035\366\276\037nD\277`\210\223N\3535\033\261\304f\331]\036\237\306o!\223\221\002\324\031\262\240R\177 ,\214\325\Q])\016\2067\277\t\354\010\000\360\215\2502\265\245\310\226\243c\302Ze\306\253#r\020\211\320iG\276\020E\317\035Sf\223F\254\033@\177e\277\016\010u\327\371&\262\312\317Q\2361t\377x\234\001v\003%\030\325_\225g\204\346a=\225\273\331\354\365*U\363\263N\367b\371\244\314-w\363\262\225Z\200\206\235\233\257?sE\2674\254\326mU\377?\177Ek\336\030!\316Aa\225\303\022\377{\210Y\226\271as\354L\035\004\341\361\035\301\024\220m#*\372\032\3178~\374\250\014*\323\342'z69\220\327\256\351G\367\317u\302\207\270b\315\333\333\334\310I\323&\014\352XZnW2.\335\347\202\021\247\362\212e\034\000\001\250\220\305;a\314\265R\310\017\317\331\235\360\262\240:\277\202\266\354\265X""\022\nh\252\352w\204\203\023]\001f\352\277\0031Q]\362\370R\350{\261\202\240\344\215\201\353\276\322p5p\350\354\017>\250r\241c\273\016\301\024\363\242\247\263\231\370\344\nBW\220K\316@3\243\200\036wk\253GSlU\010\360\231>\331\263H\214\324\030A\225\301o\346pkSF\004\241\213w9\223=\250\262*+\255\351r\265\244c\024\213\t\007`\223\325#\3477\210\345P\306\013\320\252[\0216+\227=`\371P\314\346 V7\271[~\n\237\274|\347\352@K\253~&\260\032\024\004B\200\255h\351\013\361\031:nG\211\005|\2003\266\274\251,W\006u\344\335d\003\306\212\313,\340\350bG\n\030Z\2732-\246\312\255\030\003\235207\005}D\260\0261ah\322M\304\216\273m0\271\234\237\007<w$\265C\245\232\033\023\313c\321B\032l\301h\005\320\252\301\361(\330[\343\357\343{\235\n\266g\272>\177\317\347\261qb&\270&\346ju\200\363N\320\307\004\034\001n\317\361\2653\254\2503\247\305\372\316W\022O\253x\250\025\373\247\354Tc\304\263\243^\352Gv\\264\261\r\035\226\306\2411\351\233\203\215\200$\231\300f\220\371c@\017\254\363\\371\340\340VaR\205~^\226\342t\360\022\204d\231\205)\272\364?\361!\334\331\315\254\230\rBG\314\023\246\244=\351\177\254\302b&\276+H;0\312\021&\275\036\237\350R\313\206R\331\304k\323u\263t\221\213yC\241\217A\242\027g\322\241'\212.E?B_\316\327\217J +\370\t^b\005\020\003\211\373\247|hC\271Nmk~J\270EU\274\036-\347\240\312FA\321\341bca\253\025\321\311\317\021\375\317\217\n\272\033o\353G>\275\361H\265\240\232um""\317\324`\214\221\314\000\211K\223+(""\200i \311\372g\254\343ZR0\224\275q\252\357\213\263\206N\357&Q\217\267\303\356I\236\357\264\311b\037\366\035\253\343\311\265\240\327q\206f\262ODi\215-\363>\034\236l\273\005G\316F\217}[\036\007\270:\260\335\271B\241N\345\330\204\327f\361\272Kb\0377p\334\264\237\177~\330]\252+:\317u\302h\n\351\n\364\231\277R\371\356\033y\265v\360Ny\246\332qY\262\231\251\n\305\334\202\305\362\n\367@k\231\016R:\327\242\366\242\253LZY\223$Gw^\203\302\311\316I7\371tTwp}\005|\372\214\251{R`\230V\244-\326I\351\255\325i\335\377\321\353\327\331\302\023\347y\016\263\271\317\306\017UV\314qu?\0064A\315{3D\010\016S\212\2353k0\361\214ID\303g\277\010Y_\001~\021\333\370\255\374\\331\306\255\336)\365Rth\024\t\300.M\315\321S\257\224\252\362\326P\316\303%nX\3742\333\036\004Y\264yG^\234\177\214\305q\237\274G\300a4\275\240s\215\222\210\016\020G\344=-:GK\312\035\271\201\350\376F\260G\347\000\235\365P6pmH\033\373\212c\377o\232\356\320D\002\277,]os{\354/?\312e\006wda\001\023\375\316\025\254\321\244\370+Y`\220\270\254\2601E[FI\310\235<qI \356\032v%\001\230\016\203\200\251UD\347\304\373\034\211\340@\342\033\263\365\356\341\357\350\324\035J\032\177\230\207\220\303+\207\352g\317N\027>\222M\271m\033\236\021:\272\233r\373\233hC}\256\020\210\010\233\335\025[ d(\343\263\327\177\030\246\254H\277\254E\231\006\033_lB\210\264\334Y\322\314\362\320L\000Q\240\317\3502\006,|\364\004\275\034\006\337\370""\330\364\202\314\315\311?\030\260\361u)\336\202\265Y\177X\227$\245tCB\345\314d\231A\300\204\371KJ\036\321\330\014]""EN\266$]\331\226c\351\312\376z\254\214\206B\274&M\032\376v\266\3104u)\r\312\021\273\030jJH\215G4\367fQ;\255\3404\372\225\341L\224\242\200VY\220\355\020\353I\n\363\266\036\311\003OR\250""\032\230\021]+$\302\005\224\270\033E\r\312\315}\200\2505\216\221\301\341\035[\247\325\236M^\360a\267\356\267\247]\357\236\n\207}P\2654\026`\256u\276\r&\026K\315a\3337\216.\240\362\263\327]\372\325\037\006\345\236\265\343\337g\271\317\315\374\3357gX\036\024'\357<$\322\323$\375\346&^\361\0009\022`\210$\005\261rTx\343\226\224vC\2607.\025\213@~\312\227\000 o\232\016\376|a3\352&\324\337\230\212\265o\2035\250\303\2760\241\364^\002Z\031Z!\300\002\364\004\232\355\234\202\021\371_~\346\024\242\247\366\231\036\370\365\313\014\307\362i\210e\030\317\336e\256\245\026R\036\304S\352]~a\353k\036W\036\333\243\313y\256\236\230\270\325\233\373\001c\343\030e+OD\224O\347\364mD\216\264\227\2326\315\307\363\323\325\303\032N\256*\307\327 \235\332\207u\210\271\257\306g\231i*\260\326k\001"";   nodeid: ""\260\000\000\000\000\000\000\000\000\000\000\000\000\000\000\000\000\000\000\000\000\000\000\000\000\000\000\000\000\000\000\000\001""; }; "
1750527702554,1750527702554,0,1,2,0,TMLedgerData,"ledgerHash: ""\220lA\251D\0246\305z\207\225\254\360\010\233K$\222\242w\316\025\202/\356\266\371/\256\354\300\373""; ledgerSeq: 54; type: liBASE; nodes {;   nodedata: ""\000\000\0006\001cEx]\211\377\330a\353k\036W\036\333\243\313y\256\236\230\270\325\233\373\001c\343\030e+OD\224O\347\364mD\216\000\000\000\000\000\000\000\000\000\000\000\000\000\000\000\000\000\000\000\000\000\000\000\000\000\000\000\000\000\000\000\000>\317\013\347\341!w\253j\t[\233\004o\322\202\357qc\207!\240\006\345\037U\311\354W6{\225/\351\253T/\351\253U\n\000""; }; nodes {;   nodedata: ""\323C\344\327\264{\312-\017:\006{\177\344N\002\326bO\260\220\006\033\362\345\005U\221DzJ0\001\301\025%1L\307\t\261\262z\374\222T\301\274V\236\223\262\270Ct\362\337b\356\024*\324\320\351\317\002k\336\234\027v\351\217\260\303\360\233ZPZWr\246$w\313\313\r\243r\232\2234\373\3539:N\004Q\245\272D\312D\300\300\t\323\0257\345e\271\na\215{\226\255x%T\257\037\333\004\344_/R\006E\344\037@\210\363\010\336T\226\247'\204_{\261\370""1\235\2445\343\033Y!\212\201\341\272\225'\007DF\215\235\340.\213z[\305\262t\201#\371L2E\314\377\366<\177\256%}T\020\273\312\241g\013\003""; }; ","ledgerHash: ""\220lA\251D\0246\305z\207\225\254\360\010\233K$\222\242w\316\025\202/\356\266\371/\256\354\300\373""; ledgerSeq: 54; type: liBASE; nodes {;   nodedata: ""\000\000\0006\001cEx]\211\377\330a\353k\036W\036\333\243\313y\256\236\230\270\325\233\373\001c\343\030e+OD\224O\347\364mD\216\000\000\000\000\000\000\000\000\000\000\000\000\000\000\000\000\000\000\000\000\000\000\000\000\000\000\000\000\000\000\000\000>\317\013\347\341!w\253j\t[\233\004o\322\202\357qc\207!\240\006\345\037U\311\354W6{\225/\351\253T/\351\253U\n\000""; }; nodes {;   nodedata: ""\323C\344\327\264{\312-\017:\006{\177\344N\002\326bO\260\220\006\033\362\345\005U\221DzJ0\001\301\025%1L\307\t\261\262z\374\222T\301\274V\236\223\262\270Ct\362\337b\356\024*\324\320\351\317\002k\336\234\027v\351\217\260\303\360\233ZPZWr\246$w\313\313\r\243r\232\2234\373\3539:N\004Q\245\272D\312D\300\300\t\323\0257\345e\271\na\215{\226\255x%T\257\037\333\004\344_/R\006E\344\037@\210\363\010\336T\226\247'\204_{\261\370""1\235\2445\343\033Y!\212\201\341\272\225'\007DF\215\235\340.\213z[\305\262t\201#\371L2E\314\377\366<\177\256%}T\020\273\312\241g\013\003""; }; "
1750527702555,1750527702555,0,1,2,4,TMLedgerData,"ledgerHash: ""\220lA\251D\0246\305z\207\225\254\360\010\233K$\222\242w\316\025\202/\356\266\371/\256\354\300\373""; ledgerSeq: 54; type: liBASE; nodes {;   nodedata: ""\000\000\0006\001cEx]\211\377\330a\353k\036W\036\333\243\313y\256\236\230\270\325\233\373\001c\343\030e+OD\224O\347\364mD\216\000\000\000\000\000\000\000\000\000\000\000\000\000\000\000\000\000\000\000\000\000\000\000\000\000\000\000\000\000\000\000\000>\317\013\347\341!w\253j\t[\233\004o\322\202\357qc\207!\240\006\345\037U\311\354W6{\225/\351\253T/\351\253U\n\000""; }; nodes {;   nodedata: ""\323C\344\327\264{\312-\017:\006{\177\344N\002\326bO\260\220\006\033\362\345\005U\221DzJ0\001\301\025%1L\307\t\261\262z\374\222T\301\274V\236\223\262\270Ct\362\337b\356\024*\324\320\351\317\002k\336\234\027v\351\217\260\303\360\233ZPZWr\246$w\313\313\r\243r\232\2234\373\3539:N\004Q\245\272D\312D\300\300\t\323\0257\345e\271\na\215{\226\255x%T\257\037\333\004\344_/R\006E\344\037@\210\363\010\336T\226\247'\204_{\261\370""1\235\2445\343\033Y!\212\201\341\272\225'\007DF\215\235\340.\213z[\305\262t\201#\371L2E\314\377\366<\177\256%}T\020\273\312\241g\013\003""; }; ","ledgerHash: ""\220lA\251D\0246\305z\207\225\254\360\010\233K$\222\242w\316\025\202/\356\266\371/\256\354\300\373""; ledgerSeq: 54; type: liBASE; nodes {;   nodedata: ""\000\000\0006\001cEx]\211\377\330a\353k\036W\036\333\243\313y\256\236\230\270\325\233\373\001c\343\030e+OD\224O\347\364mD\216\000\000\000\000\000\000\000\000\000\000\000\000\000\000\000\000\000\000\000\000\000\000\000\000\000\000\000\000\000\000\000\000>\317\013\347\341!w\253j\t[\233\004o\322\202\357qc\207!\240\006\345\037U\311\354W6{\225/\351\253T/\351\253U\n\000""; }; nodes {;   nodedata: ""\323C\344\327\264{\312-\017:\006{\177\344N\002\326bO\260\220\006\033\362\345\005U\221DzJ0\001\301\025%1L\307\t\261\262z\374\222T\301\274V\236\223\262\270Ct\362\337b\356\024*\324\320\351\317\002k\336\234\027v\351\217\260\303\360\233ZPZWr\246$w\313\313\r\243r\232\2234\373\3539:N\004Q\245\272D\312D\300\300\t\323\0257\345e\271\na\215{\226\255x%T\257\037\333\004\344_/R\006E\344\037@\210\363\010\336T\226\247'\204_{\261\370""1\235\2445\343\033Y!\212\201\341\272\225'\007DF\215\235\340.\213z[\305\262t\201#\371L2E\314\377\366<\177\256%}T\020\273\312\241g\013\003""; }; "
1750527702555,1750527702555,0,1,4,2,TMLedgerData,"ledgerHash: ""\220lA\251D\0246\305z\207\225\254\360\010\233K$\222\242w\316\025\202/\356\266\371/\256\354\300\373""; ledgerSeq: 54; type: liBASE; nodes {;   nodedata: ""\000\000\0006\001cEx]\211\377\330a\353k\036W\036\333\243\313y\256\236\230\270\325\233\373\001c\343\030e+OD\224O\347\364mD\216\000\000\000\000\000\000\000\000\000\000\000\000\000\000\000\000\000\000\000\000\000\000\000\000\000\000\000\000\000\000\000\000>\317\013\347\341!w\253j\t[\233\004o\322\202\357qc\207!\240\006\345\037U\311\354W6{\225/\351\253T/\351\253U\n\000""; }; nodes {;   nodedata: ""\323C\344\327\264{\312-\017:\006{\177\344N\002\326bO\260\220\006\033\362\345\005U\221DzJ0\001\301\025%1L\307\t\261\262z\374\222T\301\274V\236\223\262\270Ct\362\337b\356\024*\324\320\351\317\002k\336\234\027v\351\217\260\303\360\233ZPZWr\246$w\313\313\r\243r\232\2234\373\3539:N\004Q\245\272D\312D\300\300\t\323\0257\345e\271\na\215{\226\255x%T\257\037\333\004\344_/R\006E\344\037@\210\363\010\336T\226\247'\204_{\261\370""1\235\2445\343\033Y!\212\201\341\272\225'\007DF\215\235\340.\213z[\305\262t\201#\371L2E\314\377\366<\177\256%}T\020\273\312\241g\013\003""; }; ","ledgerHash: ""\220lA\251D\0246\305z\207\225\254\360\010\233K$\222\242w\316\025\202/\356\266\371/\256\354\300\373""; ledgerSeq: 54; type: liBASE; nodes {;   nodedata: ""\000\000\0006\001cEx]\211\377\330a\353k\036W\036\333\243\313y\256\236\230\270\325\233\373\001c\343\030e+OD\224O\347\364mD\216\000\000\000\000\000\000\000\000\000\000\000\000\000\000\000\000\000\000\000\000\000\000\000\000\000\000\000\000\000\000\000\000>\317\013\347\341!w\253j\t[\233\004o\322\202\357qc\207!\240\006\345\037U\311\354W6{\225/\351\253T/\351\253U\n\000""; }; nodes {;   nodedata: ""\323C\344\327\264{\312-\017:\006{\177\344N\002\326bO\260\220\006\033\362\345\005U\221DzJ0\001\301\025%1L\307\t\261\262z\374\222T\301\274V\236\223\262\270Ct\362\337b\356\024*\324\320\351\317\002k\336\234\027v\351\217\260\303\360\233ZPZWr\246$w\313\313\r\243r\232\2234\373\3539:N\004Q\245\272D\312D\300\300\t\323\0257\345e\271\na\215{\226\255x%T\257\037\333\004\344_/R\006E\344\037@\210\363\010\336T\226\247'\204_{\261\370""1\235\2445\343\033Y!\212\201\341\272\225'\007DF\215\235\340.\213z[\305\262t\201#\371L2E\314\377\366<\177\256%}T\020\273\312\241g\013\003""; }; "
1750527702556,1750527702556,0,1,4,0,TMLedgerData,"ledgerHash: ""\220lA\251D\0246\305z\207\225\254\360\010\233K$\222\242w\316\025\202/\356\266\371/\256\354\300\373""; ledgerSeq: 54; type: liBASE; nodes {;   nodedata: ""\000\000\0006\001cEx]\211\377\330a\353k\036W\036\333\243\313y\256\236\230\270\325\233\373\001c\343\030e+OD\224O\347\364mD\216\000\000\000\000\000\000\000\000\000\000\000\000\000\000\000\000\000\000\000\000\000\000\000\000\000\000\000\000\000\000\000\000>\317\013\347\341!w\253j\t[\233\004o\322\202\357qc\207!\240\006\345\037U\311\354W6{\225/\351\253T/\351\253U\n\000""; }; nodes {;   nodedata: ""\323C\344\327\264{\312-\017:\006{\177\344N\002\326bO\260\220\006\033\362\345\005U\221DzJ0\001\301\025%1L\307\t\261\262z\374\222T\301\274V\236\223\262\270Ct\362\337b\356\024*\324\320\351\317\002k\336\234\027v\351\217\260\303\360\233ZPZWr\246$w\313\313\r\243r\232\2234\373\3539:N\004Q\245\272D\312D\300\300\t\323\0257\345e\271\na\215{\226\255x%T\257\037\333\004\344_/R\006E\344\037@\210\363\010\336T\226\247'\204_{\261\370""1\235\2445\343\033Y!\212\201\341\272\225'\007DF\215\235\340.\213z[\305\262t\201#\371L2E\314\377\366<\177\256%}T\020\273\312\241g\013\003""; }; ","ledgerHash: ""\220lA\251D\0246\305z\207\225\254\360\010\233K$\222\242w\316\025\202/\356\266\371/\256\354\300\373""; ledgerSeq: 54; type: liBASE; nodes {;   nodedata: ""\000\000\0006\001cEx]\211\377\330a\353k\036W\036\333\243\313y\256\236\230\270\325\233\373\001c\343\030e+OD\224O\347\364mD\216\000\000\000\000\000\000\000\000\000\000\000\000\000\000\000\000\000\000\000\000\000\000\000\000\000\000\000\000\000\000\000\000>\317\013\347\341!w\253j\t[\233\004o\322\202\357qc\207!\240\006\345\037U\311\354W6{\225/\351\253T/\351\253U\n\000""; }; nodes {;   nodedata: ""\323C\344\327\264{\312-\017:\006{\177\344N\002\326bO\260\220\006\033\362\345\005U\221DzJ0\001\301\025%1L\307\t\261\262z\374\222T\301\274V\236\223\262\270Ct\362\337b\356\024*\324\320\351\317\002k\336\234\027v\351\217\260\303\360\233ZPZWr\246$w\313\313\r\243r\232\2234\373\3539:N\004Q\245\272D\312D\300\300\t\323\0257\345e\271\na\215{\226\255x%T\257\037\333\004\344_/R\006E\344\037@\210\363\010\336T\226\247'\204_{\261\370""1\235\2445\343\033Y!\212\201\341\272\225'\007DF\215\235\340.\213z[\305\262t\201#\371L2E\314\377\366<\177\256%}T\020\273\312\241g\013\003""; }; "
1750527702557,1750527702557,0,1,3,2,TMLedgerData,"ledgerHash: ""\220lA\251D\0246\305z\207\225\254\360\010\233K$\222\242w\316\025\202/\356\266\371/\256\354\300\373""; ledgerSeq: 54; type: liBASE; nodes {;   nodedata: ""\000\000\0006\001cEx]\211\377\330a\353k\036W\036\333\243\313y\256\236\230\270\325\233\373\001c\343\030e+OD\224O\347\364mD\216\000\000\000\000\000\000\000\000\000\000\000\000\000\000\000\000\000\000\000\000\000\000\000\000\000\000\000\000\000\000\000\000>\317\013\347\341!w\253j\t[\233\004o\322\202\357qc\207!\240\006\345\037U\311\354W6{\225/\351\253T/\351\253U\n\000""; }; nodes {;   nodedata: ""\323C\344\327\264{\312-\017:\006{\177\344N\002\326bO\260\220\006\033\362\345\005U\221DzJ0\001\301\025%1L\307\t\261\262z\374\222T\301\274V\236\223\262\270Ct\362\337b\356\024*\324\320\351\317\002k\336\234\027v\351\217\260\303\360\233ZPZWr\246$w\313\313\r\243r\232\2234\373\3539:N\004Q\245\272D\312D\300\300\t\323\0257\345e\271\na\215{\226\255x%T\257\037\333\004\344_/R\006E\344\037@\210\363\010\336T\226\247'\204_{\261\370""1\235\2445\343\033Y!\212\201\341\272\225'\007DF\215\235\340.\213z[\305\262t\201#\371L2E\314\377\366<\177\256%}T\020\273\312\241g\013\003""; }; requestCookie: 3; ","ledgerHash: ""\220lA\251D\0246\305z\207\225\254\360\010\233K$\222\242w\316\025\202/\356\266\371/\256\354\300\373""; ledgerSeq: 54; type: liBASE; nodes {;   nodedata: ""\000\000\0006\001cEx]\211\377\330a\353k\036W\036\333\243\313y\256\236\230\270\325\233\373\001c\343\030e+OD\224O\347\364mD\216\000\000\000\000\000\000\000\000\000\000\000\000\000\000\000\000\000\000\000\000\000\000\000\000\000\000\000\000\000\000\000\000>\317\013\347\341!w\253j\t[\233\004o\322\202\357qc\207!\240\006\345\037U\311\354W6{\225/\351\253T/\351\253U\n\000""; }; nodes {;   nodedata: ""\323C\344\327\264{\312-\017:\006{\177\344N\002\326bO\260\220\006\033\362\345\005U\221DzJ0\001\301\025%1L\307\t\261\262z\374\222T\301\274V\236\223\262\270Ct\362\337b\356\024*\324\320\351\317\002k\336\234\027v\351\217\260\303\360\233ZPZWr\246$w\313\313\r\243r\232\2234\373\3539:N\004Q\245\272D\312D\300\300\t\323\0257\345e\271\na\215{\226\255x%T\257\037\333\004\344_/R\006E\344\037@\210\363\010\336T\226\247'\204_{\261\370""1\235\2445\343\033Y!\212\201\341\272\225'\007DF\215\235\340.\213z[\305\262t\201#\371L2E\314\377\366<\177\256%}T\020\273\312\241g\013\003""; }; requestCookie: 3; "
1750527702557,1750527702557,0,1,1,2,TMLedgerData,"ledgerHash: ""\220lA\251D\0246\305z\207\225\254\360\010\233K$\222\242w\316\025\202/\356\266\371/\256\354\300\373""; ledgerSeq: 54; type: liBASE; nodes {;   nodedata: ""\000\000\0006\001cEx]\211\377\330a\353k\036W\036\333\243\313y\256\236\230\270\325\233\373\001c\343\030e+OD\224O\347\364mD\216\000\000\000\000\000\000\000\000\000\000\000\000\000\000\000\000\000\000\000\000\000\000\000\000\000\000\000\000\000\000\000\000>\317\013\347\341!w\253j\t[\233\004o\322\202\357qc\207!\240\006\345\037U\311\354W6{\225/\351\253T/\351\253U\n\000""; }; nodes {;   nodedata: ""\323C\344\327\264{\312-\017:\006{\177\344N\002\326bO\260\220\006\033\362\345\005U\221DzJ0\001\301\025%1L\307\t\261\262z\374\222T\301\274V\236\223\262\270Ct\362\337b\356\024*\324\320\351\317\002k\336\234\027v\351\217\260\303\360\233ZPZWr\246$w\313\313\r\243r\232\2234\373\3539:N\004Q\245\272D\312D\300\300\t\323\0257\345e\271\na\215{\226\255x%T\257\037\333\004\344_/R\006E\344\037@\210\363\010\336T\226\247'\204_{\261\370""1\235\2445\343\033Y!\212\201\341\272\225'\007DF\215\235\340.\213z[\305\262t\201#\371L2E\314\377\366<\177\256%}T\020\273\312\241g\013\003""; }; ","ledgerHash: ""\220lA\251D\0246\305z\207\225\254\360\010\233K$\222\242w\316\025\202/\356\266\371/\256\354\300\373""; ledgerSeq: 54; type: liBASE; nodes {;   nodedata: ""\000\000\0006\001cEx]\211\377\330a\353k\036W\036\333\243\313y\256\236\230\270\325\233\373\001c\343\030e+OD\224O\347\364mD\216\000\000\000\000\000\000\000\000\000\000\000\000\000\000\000\000\000\000\000\000\000\000\000\000\000\000\000\000\000\000\000\000>\317\013\347\341!w\253j\t[\233\004o\322\202\357qc\207!\240\006\345\037U\311\354W6{\225/\351\253T/\351\253U\n\000""; }; nodes {;   nodedata: ""\323C\344\327\264{\312-\017:\006{\177\344N\002\326bO\260\220\006\033\362\345\005U\221DzJ0\001\301\025%1L\307\t\261\262z\374\222T\301\274V\236\223\262\270Ct\362\337b\356\024*\324\320\351\317\002k\336\234\027v\351\217\260\303\360\233ZPZWr\246$w\313\313\r\243r\232\2234\373\3539:N\004Q\245\272D\312D\300\300\t\323\0257\345e\271\na\215{\226\255x%T\257\037\333\004\344_/R\006E\344\037@\210\363\010\336T\226\247'\204_{\261\370""1\235\2445\343\033Y!\212\201\341\272\225'\007DF\215\235\340.\213z[\305\262t\201#\371L2E\314\377\366<\177\256%}T\020\273\312\241g\013\003""; }; "
1750527702558,1750527702558,0,1,3,2,TMLedgerData,"ledgerHash: ""\220lA\251D\0246\305z\207\225\254\360\010\233K$\222\242w\316\025\202/\356\266\371/\256\354\300\373""; ledgerSeq: 54; type: liAS_NODE; nodes {;   nodedata: ""\021\000h""\000\000\000\000 \033\000\000\0005\002\023\306\377\330\356GuH\375\327!\255\371\r\231\262R\256J\034\222\241\355X\265E\241^W\225\304\014\361CX-}\351f\032\255\274\334m\326c\017\014ao[\342\230\003\245\245\3341Hm\326^\017jy\335\261\032Yt\320\244{g\0306\\302\303*\341\215\223\257\364\277o\375\000r\241SOq\221\253\262\005\017\375T\356\014\360o'\030\311-\267\031\257!\031T\006><\315XM\334\324\345\034\000\325\367\240\271\013\265\024\321\362\354\211\250.\234s\225amc\305\035\366\276\037nD\277`\210\223N\3535\033\261\304f\331]\036\237\306o!\223\221\002\324\031\262\240R\177 ,\214\325\Q])\016\2067\277\t\354\010\000\360\215\2502\265\245\310\226\243c\302Ze\306\253#r\020\211\320iG\276\020E\317\035Sf\223F\254\033@\177e\277\016\010u\327\371&\262\312\317Q\2361t\377x\234\001v\003%\030\325_\225g\204\346a=\225\273\331\354\365*U\363\263N\367b\371\244\314-w\363\262\225Z\200\206\235\233\257?sE\2674\254\326mU\377?\177Ek\336\030!\316Aa\225\303\022\377{\210Y\226\271as\354L\035\004\341\361\035\301\024\220m#*\372\032\3178~\374\250\014*\323\342'z69\220\327\256\351G\367\317u\302\207\270b\315\333\333\334\310I\323&\014\352XZnW2.\335\347\202\021\247\362\212e\034\000\001\250\220\305;a\314\265R\310\017\317\331\235\360\262\240:\277\202\266\354\265X""\022\nh\252\352w\204\203\023]\001f\352\277\0031Q]\362\370R\350{\261\202\240\344\215\201\353\276\322p5p\350\354\017>\250r\241c\273\016\301\024\363\242\247\263\231\370\344\nBW\220K\316@3\243\200\036wk\253GSlU\010\360\231>\331\263H\214\324\030A\225\301o\346pkSF\004\241\213w9\223=\250\262*+\255\351r\265\244c\024\213\t\007`\223\325#\3477\210\345P\306\013\320\252[\0216+\227=`\371P\314\346 V7\271[~\n\237\274|\347\352@K\253~&\260\032\024\004B\200\255h\351\013\361\031:nG\211\005|\2003\266\274\251,W\006u\344\335d\003\306\212\313,\340\350bG\n\030Z\2732-\246\312\255\030\003\235207\005}D\260\0261ah\322M\304\216\273m0\271\234\237\007<w$\265C\245\232\033\023\313c\321B\032l\301h\005\320\252\301\361(\330[\343\357\343{\235\n\266g\272>\177\317\347\261qb&\270&\346ju\200\363N\320\307\004\034\001n\317\361\2653\254\2503\247\305\372\316W\022O\253x\250\025\373\247\354Tc\304\263\243^\352Gv\\264\261\r\035\226\306\2411\351\233\203\215\200$\231\300f\220\371c@\017\254\363\\371\340\340VaR\205~^\226\342t\360\022\204d\231\205)\272\364?\361!\334\331\315\254\230\rBG\314\023\246\244=\351\177\254\302b&\276+H;0\312\021&\275\036\237\350R\313\206R\331\304k\323u\263t\221\213yC\241\217A\242\027g\322\241'\212.E?B_\316\327\217J +\370\t^b\005\020\003\211\373\247|hC\271Nmk~J\270EU\274\036-\347\240\312FA\321\341bca\253\025\321\311\317\021\375\317\217\n\272\033o\353G>\275\361H\265\240\232um""\317\324`\214\221\314\000\211K\223+(""\200i \311\372g\254\343ZR0\224\275q\252\357\213\263\206N\357&Q\217\267\303\356I\236\357\264\311b\037\366\035\253\343\311\265\240\327q\206f\262ODi\215-\363>\034\236l\273\005G\316F\217}[\036\007\270:\260\335\271B\241N\345\330\204\327f\361\272Kb\0377p\334\264\237\177~\330]\252+:\317u\302h\n\351\n\364\231\277R\371\356\033y\265v\360Ny\246\332qY\262\231\251\n\305\334\202\305\362\n\367@k\231\016R:\327\242\366\242\253LZY\223$Gw^\203\302\311\316I7\371tTwp}\005|\372\214\251{R`\230V\244-\326I\351\255\325i\335\377\321\353\327\331\302\023\347y\016\263\271\317\306\017UV\314qu?\0064A\315{3D\010\016S\212\2353k0\361\214ID\303g\277\010Y_\001~\021\333\370\255\374\\331\306\255\336)\365Rth\024\t\300.M\315\321S\257\224\252\362\326P\316\303%nX\3742\333\036\004Y\264yG^\234\177\214\305q\237\274G\300a4\275\240s\215\222\210\016\020G\344=-:GK\312\035\271\201\350\376F\260G\347\000\235\365P6pmH\033\373\212c\377o\232\356\320D\002\277,]os{\354/?\312e\006wda\001\023\375\316\025\254\321\244\370+Y`\220\270\254\2601E[FI\310\235<qI \356\032v%\001\230\016\203\200\251UD\347\304\373\034\211\340@\342\033\263\365\356\341\357\350\324\035J\032\177\230\207\220\303+\207\352g\317N\027>\222M\271m\033\236\021:\272\233r\373\233hC}\256\020\210\010\233\335\025[ d(\343\263\327\177\030\246\254H\277\254E\231\006\033_lB\210\264\334Y\322\314\362\320L\000Q\240\317\3502\006,|\364\004\275\034\006\337\370""\330\364\202\314\315\311?\030\260\361u)\336\202\265Y\177X\227$\245tCB\345\314d\231A\300\204\371KJ\036\321\330\014]""EN\266$]\331\226c\351\312\376z\254\214\206B\274&M\032\376v\266\3104u)\r\312\021\273\030jJH\215G4\367fQ;\255\3404\372\225\341L\224\242\200VY\220\355\020\353I\n\363\266\036\311\003OR\250""\032\230\021]+$\302\005\224\270\033E\r\312\315}\200\2505\216\221\301\341\035[\247\325\236M^\360a\267\356\267\247]\357\236\n\207}P\2654\026`\256u\276\r&\026K\315a\3337\216.\240\362\263\327]\372\325\037\006\345\236\265\343\337g\271\317\315\374\3357gX\036\024'\357<$\322\323$\375\346&^\361\0009\022`\210$\005\261rTx\343\226\224vC\2607.\025\213@~\312\227\000 o\232\016\376|a3\352&\324\337\230\212\265o\2035\250\303\2760\241\364^\002Z\031Z!\300\002\364\004\232\355\234\202\021\371_~\346\024\242\247\366\231\036\370\365\313\014\307\362i\210e\030\317\336e\256\245\026R\036\304S\352]~a\353k\036W\036\333\243\313y\256\236\230\270\325\233\373\001c\343\030e+OD\224O\347\364mD\216\264\227\2326\315\307\363\323\325\303\032N\256*\307\327 \235\332\207u\210\271\257\306g\231i*\260\326k\001"";   nodeid: ""\260\000\000\000\000\000\000\000\000\000\000\000\000\000\000\000\000\000\000\000\000\000\000\000\000\000\000\000\000\000\000\000\001""; }; ","ledgerHash: ""\220lA\251D\0246\305z\207\225\254\360\010\233K$\222\242w\316\025\202/\356\266\371/\256\354\300\373""; ledgerSeq: 54; type: liAS_NODE; nodes {;   nodedata: ""\021\000h""\000\000\000\000 \033\000\000\0005\002\023\306\377\330\356GuH\375\327!\255\371\r\231\262R\256J\034\222\241\355X\265E\241^W\225\304\014\361CX-}\351f\032\255\274\334m\326c\017\014ao[\342\230\003\245\245\3341Hm\326^\017jy\335\261\032Yt\320\244{g\0306\\302\303*\341\215\223\257\364\277o\375\000r\241SOq\221\253\262\005\017\375T\356\014\360o'\030\311-\267\031\257!\031T\006><\315XM\334\324\345\034\000\325\367\240\271\013\265\024\321\362\354\211\250.\234s\225amc\305\035\366\276\037nD\277`\210\223N\3535\033\261\304f\331]\036\237\306o!\223\221\002\324\031\262\240R\177 ,\214\325\Q])\016\2067\277\t\354\010\000\360\215\2502\265\245\310\226\243c\302Ze\306\253#r\020\211\320iG\276\020E\317\035Sf\223F\254\033@\177e\277\016\010u\327\371&\262\312\317Q\2361t\377x\234\001v\003%\030\325_\225g\204\346a=\225\273\331\354\365*U\363\263N\367b\371\244\314-w\363\262\225Z\200\206\235\233\257?sE\2674\254\326mU\377?\177Ek\336\030!\316Aa\225\303\022\377{\210Y\226\271as\354L\035\004\341\361\035\301\024\220m#*\372\032\3178~\374\250\014*\323\342'z69\220\327\256\351G\367\317u\302\207\270b\315\333\333\334\310I\323&\014\352XZnW2.\335\347\202\021\247\362\212e\034\000\001\250\220\305;a\314\265R\310\017\317\331\235\360\262\240:\277\202\266\354\265X""\022\nh\252\352w\204\203\023]\001f\352\277\0031Q]\362\370R\350{\261\202\240\344\215\201\353\276\322p5p\350\354\017>\250r\241c\273\016\301\024\363\242\247\263\231\370\344\nBW\220K\316@3\243\200\036wk\253GSlU\010\360\231>\331\263H\214\324\030A\225\301o\346pkSF\004\241\213w9\223=\250\262*+\255\351r\265\244c\024\213\t\007`\223\325#\3477\210\345P\306\013\320\252[\0216+\227=`\371P\314\346 V7\271[~\n\237\274|\347\352@K\253~&\260\032\024\004B\200\255h\351\013\361\031:nG\211\005|\2003\266\274\251,W\006u\344\335d\003\306\212\313,\340\350bG\n\030Z\2732-\246\312\255\030\003\235207\005}D\260\0261ah\322M\304\216\273m0\271\234\237\007<w$\265C\245\232\033\023\313c\321B\032l\301h\005\320\252\301\361(\330[\343\357\343{\235\n\266g\272>\177\317\347\261qb&\270&\346ju\200\363N\320\307\004\034\001n\317\361\2653\254\2503\247\305\372\316W\022O\253x\250\025\373\247\354Tc\304\263\243^\352Gv\\264\261\r\035\226\306\2411\351\233\203\215\200$\231\300f\220\371c@\017\254\363\\371\340\340VaR\205~^\226\342t\360\022\204d\231\205)\272\364?\361!\334\331\315\254\230\rBG\314\023\246\244=\351\177\254\302b&\276+H;0\312\021&\275\036\237\350R\313\206R\331\304k\323u\263t\221\213yC\241\217A\242\027g\322\241'\212.E?B_\316\327\217J +\370\t^b\005\020\003\211\373\247|hC\271Nmk~J\270EU\274\036-\347\240\312FA\321\341bca\253\025\321\311\317\021\375\317\217\n\272\033o\353G>\275\361H\265\240\232um""\317\324`\214\221\314\000\211K\223+(""\200i \311\372g\254\343ZR0\224\275q\252\357\213\263\206N\357&Q\217\267\303\356I\236\357\264\311b\037\366\035\253\343\311\265\240\327q\206f\262ODi\215-\363>\034\236l\273\005G\316F\217}[\036\007\270:\260\335\271B\241N\345\330\204\327f\361\272Kb\0377p\334\264\237\177~\330]\252+:\317u\302h\n\351\n\364\231\277R\371\356\033y\265v\360Ny\246\332qY\262\231\251\n\305\334\202\305\362\n\367@k\231\016R:\327\242\366\242\253LZY\223$Gw^\203\302\311\316I7\371tTwp}\005|\372\214\251{R`\230V\244-\326I\351\255\325i\335\377\321\353\327\331\302\023\347y\016\263\271\317\306\017UV\314qu?\0064A\315{3D\010\016S\212\2353k0\361\214ID\303g\277\010Y_\001~\021\333\370\255\374\\331\306\255\336)\365Rth\024\t\300.M\315\321S\257\224\252\362\326P\316\303%nX\3742\333\036\004Y\264yG^\234\177\214\305q\237\274G\300a4\275\240s\215\222\210\016\020G\344=-:GK\312\035\271\201\350\376F\260G\347\000\235\365P6pmH\033\373\212c\377o\232\356\320D\002\277,]os{\354/?\312e\006wda\001\023\375\316\025\254\321\244\370+Y`\220\270\254\2601E[FI\310\235<qI \356\032v%\001\230\016\203\200\251UD\347\304\373\034\211\340@\342\033\263\365\356\341\357\350\324\035J\032\177\230\207\220\303+\207\352g\317N\027>\222M\271m\033\236\021:\272\233r\373\233hC}\256\020\210\010\233\335\025[ d(\343\263\327\177\030\246\254H\277\254E\231\006\033_lB\210\264\334Y\322\314\362\320L\000Q\240\317\3502\006,|\364\004\275\034\006\337\370""\330\364\202\314\315\311?\030\260\361u)\336\202\265Y\177X\227$\245tCB\345\314d\231A\300\204\371KJ\036\321\330\014]""EN\266$]\331\226c\351\312\376z\254\214\206B\274&M\032\376v\266\3104u)\r\312\021\273\030jJH\215G4\367fQ;\255\3404\372\225\341L\224\242\200VY\220\355\020\353I\n\363\266\036\311\003OR\250""\032\230\021]+$\302\005\224\270\033E\r\312\315}\200\2505\216\221\301\341\035[\247\325\236M^\360a\267\356\267\247]\357\236\n\207}P\2654\026`\256u\276\r&\026K\315a\3337\216.\240\362\263\327]\372\325\037\006\345\236\265\343\337g\271\317\315\374\3357gX\036\024'\357<$\322\323$\375\346&^\361\0009\022`\210$\005\261rTx\343\226\224vC\2607.\025\213@~\312\227\000 o\232\016\376|a3\352&\324\337\230\212\265o\2035\250\303\2760\241\364^\002Z\031Z!\300\002\364\004\232\355\234\202\021\371_~\346\024\242\247\366\231\036\370\365\313\014\307\362i\210e\030\317\336e\256\245\026R\036\304S\352]~a\353k\036W\036\333\243\313y\256\236\230\270\325\233\373\001c\343\030e+OD\224O\347\364mD\216\264\227\2326\315\307\363\323\325\303\032N\256*\307\327 \235\332\207u\210\271\257\306g\231i*\260\326k\001"";   nodeid: ""\260\000\000\000\000\000\000\000\000\000\000\000\000\000\000\000\000\000\000\000\000\000\000\000\000\000\000\000\000\000\000\000\001""; }; "
1750527702559,1750527702559,0,1,1,0,TMLedgerData,"ledgerHash: ""\220lA\251D\0246\305z\207\225\254\360\010\233K$\222\242w\316\025\202/\356\266\371/\256\354\300\373""; ledgerSeq: 54; type: liBASE; nodes {;   nodedata: ""\000\000\0006\001cEx]\211\377\330a\353k\036W\036\333\243\313y\256\236\230\270\325\233\373\001c\343\030e+OD\224O\347\364mD\216\000\000\000\000\000\000\000\000\000\000\000\000\000\000\000\000\000\000\000\000\000\000\000\000\000\000\000\000\000\000\000\000>\317\013\347\341!w\253j\t[\233\004o\322\202\357qc\207!\240\006\345\037U\311\354W6{\225/\351\253T/\351\253U\n\000""; }; nodes {;   nodedata: ""\323C\344\327\264{\312-\017:\006{\177\344N\002\326bO\260\220\006\033\362\345\005U\221DzJ0\001\301\025%1L\307\t\261\262z\374\222T\301\274V\236\223\262\270Ct\362\337b\356\024*\324\320\351\317\002k\336\234\027v\351\217\260\303\360\233ZPZWr\246$w\313\313\r\243r\232\2234\373\3539:N\004Q\245\272D\312D\300\300\t\323\0257\345e\271\na\215{\226\255x%T\257\037\333\004\344_/R\006E\344\037@\210\363\010\336T\226\247'\204_{\261\370""1\235\2445\343\033Y!\212\201\341\272\225'\007DF\215\235\340.\213z[\305\262t\201#\371L2E\314\377\366<\177\256%}T\020\273\312\241g\013\003""; }; ","ledgerHash: ""\220lA\251D\0246\305z\207\225\254\360\010\233K$\222\242w\316\025\202/\356\266\371/\256\354\300\373""; ledgerSeq: 54; type: liBASE; nodes {;   nodedata: ""\000\000\0006\001cEx]\211\377\330a\353k\036W\036\333\243\313y\256\236\230\270\325\233\373\001c\343\030e+OD\224O\347\364mD\216\000\000\000\000\000\000\000\000\000\000\000\000\000\000\000\000\000\000\000\000\000\000\000\000\000\000\000\000\000\000\000\000>\317\013\347\341!w\253j\t[\233\004o\322\202\357qc\207!\240\006\345\037U\311\354W6{\225/\351\253T/\351\253U\n\000""; }; nodes {;   nodedata: ""\323C\344\327\264{\312-\017:\006{\177\344N\002\326bO\260\220\006\033\362\345\005U\221DzJ0\001\301\025%1L\307\t\261\262z\374\222T\301\274V\236\223\262\270Ct\362\337b\356\024*\324\320\351\317\002k\336\234\027v\351\217\260\303\360\233ZPZWr\246$w\313\313\r\243r\232\2234\373\3539:N\004Q\245\272D\312D\300\300\t\323\0257\345e\271\na\215{\226\255x%T\257\037\333\004\344_/R\006E\344\037@\210\363\010\336T\226\247'\204_{\261\370""1\235\2445\343\033Y!\212\201\341\272\225'\007DF\215\235\340.\213z[\305\262t\201#\371L2E\314\377\366<\177\256%}T\020\273\312\241g\013\003""; }; "
1750527702560,1750527702560,0,1,0,2,TMLedgerData,"ledgerHash: ""\220lA\251D\0246\305z\207\225\254\360\010\233K$\222\242w\316\025\202/\356\266\371/\256\354\300\373""; ledgerSeq: 54; type: liBASE; nodes {;   nodedata: ""\000\000\0006\001cEx]\211\377\330a\353k\036W\036\333\243\313y\256\236\230\270\325\233\373\001c\343\030e+OD\224O\347\364mD\216\000\000\000\000\000\000\000\000\000\000\000\000\000\000\000\000\000\000\000\000\000\000\000\000\000\000\000\000\000\000\000\000>\317\013\347\341!w\253j\t[\233\004o\322\202\357qc\207!\240\006\345\037U\311\354W6{\225/\351\253T/\351\253U\n\000""; }; nodes {;   nodedata: ""\323C\344\327\264{\312-\017:\006{\177\344N\002\326bO\260\220\006\033\362\345\005U\221DzJ0\001\301\025%1L\307\t\261\262z\374\222T\301\274V\236\223\262\270Ct\362\337b\356\024*\324\320\351\317\002k\336\234\027v\351\217\260\303\360\233ZPZWr\246$w\313\313\r\243r\232\2234\373\3539:N\004Q\245\272D\312D\300\300\t\323\0257\345e\271\na\215{\226\255x%T\257\037\333\004\344_/R\006E\344\037@\210\363\010\336T\226\247'\204_{\261\370""1\235\2445\343\033Y!\212\201\341\272\225'\007DF\215\235\340.\213z[\305\262t\201#\371L2E\314\377\366<\177\256%}T\020\273\312\241g\013\003""; }; ","ledgerHash: ""\220lA\251D\0246\305z\207\225\254\360\010\233K$\222\242w\316\025\202/\356\266\371/\256\354\300\373""; ledgerSeq: 54; type: liBASE; nodes {;   nodedata: ""\000\000\0006\001cEx]\211\377\330a\353k\036W\036\333\243\313y\256\236\230\270\325\233\373\001c\343\030e+OD\224O\347\364mD\216\000\000\000\000\000\000\000\000\000\000\000\000\000\000\000\000\000\000\000\000\000\000\000\000\000\000\000\000\000\000\000\000>\317\013\347\341!w\253j\t[\233\004o\322\202\357qc\207!\240\006\345\037U\311\354W6{\225/\351\253T/\351\253U\n\000""; }; nodes {;   nodedata: ""\323C\344\327\264{\312-\017:\006{\177\344N\002\326bO\260\220\006\033\362\345\005U\221DzJ0\001\301\025%1L\307\t\261\262z\374\222T\301\274V\236\223\262\270Ct\362\337b\356\024*\324\320\351\317\002k\336\234\027v\351\217\260\303\360\233ZPZWr\246$w\313\313\r\243r\232\2234\373\3539:N\004Q\245\272D\312D\300\300\t\323\0257\345e\271\na\215{\226\255x%T\257\037\333\004\344_/R\006E\344\037@\210\363\010\336T\226\247'\204_{\261\370""1\235\2445\343\033Y!\212\201\341\272\225'\007DF\215\235\340.\213z[\305\262t\201#\371L2E\314\377\366<\177\256%}T\020\273\312\241g\013\003""; }; "
1750527702563,1750527702563,0,1,2,1,TMLedgerData,"ledgerHash: ""\220lA\251D\0246\305z\207\225\254\360\010\233K$\222\242w\316\025\202/\356\266\371/\256\354\300\373""; ledgerSeq: 54; type: liBASE; nodes {;   nodedata: ""\000\000\0006\001cEx]\211\377\330a\353k\036W\036\333\243\313y\256\236\230\270\325\233\373\001c\343\030e+OD\224O\347\364mD\216\000\000\000\000\000\000\000\000\000\000\000\000\000\000\000\000\000\000\000\000\000\000\000\000\000\000\000\000\000\000\000\000>\317\013\347\341!w\253j\t[\233\004o\322\202\357qc\207!\240\006\345\037U\311\354W6{\225/\351\253T/\351\253U\n\000""; }; nodes {;   nodedata: ""\323C\344\327\264{\312-\017:\006{\177\344N\002\326bO\260\220\006\033\362\345\005U\221DzJ0\001\301\025%1L\307\t\261\262z\374\222T\301\274V\236\223\262\270Ct\362\337b\356\024*\324\320\351\317\002k\336\234\027v\351\217\260\303\360\233ZPZWr\246$w\313\313\r\243r\232\2234\373\3539:N\004Q\245\272D\312D\300\300\t\323\0257\345e\271\na\215{\226\255x%T\257\037\333\004\344_/R\006E\344\037@\210\363\010\336T\226\247'\204_{\261\370""1\235\2445\343\033Y!\212\201\341\272\225'\007DF\215\235\340.\213z[\305\262t\201#\371L2E\314\377\366<\177\256%}T\020\273\312\241g\013\003""; }; ","ledgerHash: ""\220lA\251D\0246\305z\207\225\254\360\010\233K$\222\242w\316\025\202/\356\266\371/\256\354\300\373""; ledgerSeq: 54; type: liBASE; nodes {;   nodedata: ""\000\000\0006\001cEx]\211\377\330a\353k\036W\036\333\243\313y\256\236\230\270\325\233\373\001c\343\030e+OD\224O\347\364mD\216\000\000\000\000\000\000\000\000\000\000\000\000\000\000\000\000\000\000\000\000\000\000\000\000\000\000\000\000\000\000\000\000>\317\013\347\341!w\253j\t[\233\004o\322\202\357qc\207!\240\006\345\037U\311\354W6{\225/\351\253T/\351\253U\n\000""; }; nodes {;   nodedata: ""\323C\344\327\264{\312-\017:\006{\177\344N\002\326bO\260\220\006\033\362\345\005U\221DzJ0\001\301\025%1L\307\t\261\262z\374\222T\301\274V\236\223\262\270Ct\362\337b\356\024*\324\320\351\317\002k\336\234\027v\351\217\260\303\360\233ZPZWr\246$w\313\313\r\243r\232\2234\373\3539:N\004Q\245\272D\312D\300\300\t\323\0257\345e\271\na\215{\226\255x%T\257\037\333\004\344_/R\006E\344\037@\210\363\010\336T\226\247'\204_{\261\370""1\235\2445\343\033Y!\212\201\341\272\225'\007DF\215\235\340.\213z[\305\262t\201#\371L2E\314\377\366<\177\256%}T\020\273\312\241g\013\003""; }; "
1750527702587,1750527702587,0,1,0,4,TMProposeSet,"proposeSeq: 1; currentTxHash: ""\000\000\000\000\000\000\000\000\000\000\000\000\000\000\000\000\000\000\000\000\000\000\000\000\000\000\000\000\000\000\000\000""; nodePubKey: ""\002\225aM\037\203M\271C\224]$\245\215\334\264;{{\365%Z\2443U\201\242\320iUc\207\367""; closeTime: 803842890; signature: ""0D\002 1U\317|\311\217/\240\351\021\231\210w\246\340\2431\361\261\227\026\030\200\255\264~\205\321k\032}\216\002 !\205K\343\303\351\0106\377\033\244\206\343\316Us\027\300$Q\247]\271\230k\241\313^>\211\023\206""; previousledger: ""\272\257\222Hx\367\213E\244~\217>\210\215|N\205E\251[\231(\023uf\272\326<\223v$\357""; ","proposeSeq: 1; currentTxHash: ""\000\000\000\000\000\000\000\000\000\000\000\000\000\000\000\000\000\000\000\000\000\000\000\000\000\000\000\000\000\000\000\000""; nodePubKey: ""\002\225aM\037\203M\271C\224]$\245\215\334\264;{{\365%Z\2443U\201\242\320iUc\207\367""; closeTime: 803842890; signature: ""0D\002 1U\317|\311\217/\240\351\021\231\210w\246\340\2431\361\261\227\026\030\200\255\264~\205\321k\032}\216\002 !\205K\343\303\351\0106\377\033\244\206\343\316Us\027\300$Q\247]\271\230k\241\313^>\211\023\206""; previousledger: ""\272\257\222Hx\367\213E\244~\217>\210\215|N\205E\251[\231(\023uf\272\326<\223v$\357""; "
1750527702588,1750527702588,0,1,0,2,TMProposeSet,"proposeSeq: 1; currentTxHash: ""\000\000\000\000\000\000\000\000\000\000\000\000\000\000\000\000\000\000\000\000\000\000\000\000\000\000\000\000\000\000\000\000""; nodePubKey: ""\002\225aM\037\203M\271C\224]$\245\215\334\264;{{\365%Z\2443U\201\242\320iUc\207\367""; closeTime: 803842890; signature: ""0D\002 1U\317|\311\217/\240\351\021\231\210w\246\340\2431\361\261\227\026\030\200\255\264~\205\321k\032}\216\002 !\205K\343\303\351\0106\377\033\244\206\343\316Us\027\300$Q\247]\271\230k\241\313^>\211\023\206""; previousledger: ""\272\257\222Hx\367\213E\244~\217>\210\215|N\205E\251[\231(\023uf\272\326<\223v$\357""; ","proposeSeq: 1; currentTxHash: ""\000\000\000\000\000\000\000\000\000\000\000\000\000\000\000\000\000\000\000\000\000\000\000\000\000\000\000\000\000\000\000\000""; nodePubKey: ""\002\225aM\037\203M\271C\224]$\245\215\334\264;{{\365%Z\2443U\201\242\320iUc\207\367""; closeTime: 803842890; signature: ""0D\002 1U\317|\311\217/\240\351\021\231\210w\246\340\2431\361\261\227\026\030\200\255\264~\205\321k\032}\216\002 !\205K\343\303\351\0106\377\033\244\206\343\316Us\027\300$Q\247]\271\230k\241\313^>\211\023\206""; previousledger: ""\272\257\222Hx\367\213E\244~\217>\210\215|N\205E\251[\231(\023uf\272\326<\223v$\357""; "
1750527702588,1750527702588,0,1,0,1,TMProposeSet,"proposeSeq: 1; currentTxHash: ""\000\000\000\000\000\000\000\000\000\000\000\000\000\000\000\000\000\000\000\000\000\000\000\000\000\000\000\000\000\000\000\000""; nodePubKey: ""\002\225aM\037\203M\271C\224]$\245\215\334\264;{{\365%Z\2443U\201\242\320iUc\207\367""; closeTime: 803842890; signature: ""0D\002 1U\317|\311\217/\240\351\021\231\210w\246\340\2431\361\261\227\026\030\200\255\264~\205\321k\032}\216\002 !\205K\343\303\351\0106\377\033\244\206\343\316Us\027\300$Q\247]\271\230k\241\313^>\211\023\206""; previousledger: ""\272\257\222Hx\367\213E\244~\217>\210\215|N\205E\251[\231(\023uf\272\326<\223v$\357""; ","proposeSeq: 1; currentTxHash: ""\000\000\000\000\000\000\000\000\000\000\000\000\000\000\000\000\000\000\000\000\000\000\000\000\000\000\000\000\000\000\000\000""; nodePubKey: ""\002\225aM\037\203M\271C\224]$\245\215\334\264;{{\365%Z\2443U\201\242\320iUc\207\367""; closeTime: 803842890; signature: ""0D\002 1U\317|\311\217/\240\351\021\231\210w\246\340\2431\361\261\227\026\030\200\255\264~\205\321k\032}\216\002 !\205K\343\303\351\0106\377\033\244\206\343\316Us\027\300$Q\247]\271\230k\241\313^>\211\023\206""; previousledger: ""\272\257\222Hx\367\213E\244~\217>\210\215|N\205E\251[\231(\023uf\272\326<\223v$\357""; "
1750527702587,1750527702588,0,1,0,3,TMProposeSet,"proposeSeq: 1; currentTxHash: ""\000\000\000\000\000\000\000\000\000\000\000\000\000\000\000\000\000\000\000\000\000\000\000\000\000\000\000\000\000\000\000\000""; nodePubKey: ""\002\225aM\037\203M\271C\224]$\245\215\334\264;{{\365%Z\2443U\201\242\320iUc\207\367""; closeTime: 803842890; signature: ""0D\002 1U\317|\311\217/\240\351\021\231\210w\246\340\2431\361\261\227\026\030\200\255\264~\205\321k\032}\216\002 !\205K\343\303\351\0106\377\033\244\206\343\316Us\027\300$Q\247]\271\230k\241\313^>\211\023\206""; previousledger: ""\272\257\222Hx\367\213E\244~\217>\210\215|N\205E\251[\231(\023uf\272\326<\223v$\357""; ","proposeSeq: 1; currentTxHash: ""\000\000\000\000\000\000\000\000\000\000\000\000\000\000\000\000\000\000\000\000\000\000\000\000\000\000\000\000\000\000\000\000""; nodePubKey: ""\002\225aM\037\203M\271C\224]$\245\215\334\264;{{\365%Z\2443U\201\242\320iUc\207\367""; closeTime: 803842890; signature: ""0D\002 1U\317|\311\217/\240\351\021\231\210w\246\340\2431\361\261\227\026\030\200\255\264~\205\321k\032}\216\002 !\205K\343\303\351\0106\377\033\244\206\343\316Us\027\300$Q\247]\271\230k\241\313^>\211\023\206""; previousledger: ""\272\257\222Hx\367\213E\244~\217>\210\215|N\205E\251[\231(\023uf\272\326<\223v$\357""; "
1750527702640,1750527702640,0,1,4,3,TMStatusChange,"newEvent: neACCEPTED_LEDGER; ledgerSeq: 54; ledgerHash: ""\220lA\251D\0246\305z\207\225\254\360\010\233K$\222\242w\316\025\202/\356\266\371/\256\354\300\373""; ledgerHashPrevious: ""a\353k\036W\036\333\243\313y\256\236\230\270\325\233\373\001c\343\030e+OD\224O\347\364mD\216""; networkTime: 803842902; firstSeq: 1; lastSeq: 53; ","newEvent: neACCEPTED_LEDGER; ledgerSeq: 54; ledgerHash: ""\220lA\251D\0246\305z\207\225\254\360\010\233K$\222\242w\316\025\202/\356\266\371/\256\354\300\373""; ledgerHashPrevious: ""a\353k\036W\036\333\243\313y\256\236\230\270\325\233\373\001c\343\030e+OD\224O\347\364mD\216""; networkTime: 803842902; firstSeq: 1; lastSeq: 53; "
1750527702641,1750527702641,0,1,4,0,TMStatusChange,"newEvent: neACCEPTED_LEDGER; ledgerSeq: 54; ledgerHash: ""\220lA\251D\0246\305z\207\225\254\360\010\233K$\222\242w\316\025\202/\356\266\371/\256\354\300\373""; ledgerHashPrevious: ""a\353k\036W\036\333\243\313y\256\236\230\270\325\233\373\001c\343\030e+OD\224O\347\364mD\216""; networkTime: 803842902; firstSeq: 1; lastSeq: 53; ","newEvent: neACCEPTED_LEDGER; ledgerSeq: 54; ledgerHash: ""\220lA\251D\0246\305z\207\225\254\360\010\233K$\222\242w\316\025\202/\356\266\371/\256\354\300\373""; ledgerHashPrevious: ""a\353k\036W\036\333\243\313y\256\236\230\270\325\233\373\001c\343\030e+OD\224O\347\364mD\216""; networkTime: 803842902; firstSeq: 1; lastSeq: 53; "
1750527702641,1750527702641,0,1,4,1,TMStatusChange,"newEvent: neACCEPTED_LEDGER; ledgerSeq: 54; ledgerHash: ""\220lA\251D\0246\305z\207\225\254\360\010\233K$\222\242w\316\025\202/\356\266\371/\256\354\300\373""; ledgerHashPrevious: ""a\353k\036W\036\333\243\313y\256\236\230\270\325\233\373\001c\343\030e+OD\224O\347\364mD\216""; networkTime: 803842902; firstSeq: 1; lastSeq: 53; ","newEvent: neACCEPTED_LEDGER; ledgerSeq: 54; ledgerHash: ""\220lA\251D\0246\305z\207\225\254\360\010\233K$\222\242w\316\025\202/\356\266\371/\256\354\300\373""; ledgerHashPrevious: ""a\353k\036W\036\333\243\313y\256\236\230\270\325\233\373\001c\343\030e+OD\224O\347\364mD\216""; networkTime: 803842902; firstSeq: 1; lastSeq: 53; "
1750527702642,1750527702642,0,1,4,2,TMStatusChange,"newEvent: neACCEPTED_LEDGER; ledgerSeq: 54; ledgerHash: ""\220lA\251D\0246\305z\207\225\254\360\010\233K$\222\242w\316\025\202/\356\266\371/\256\354\300\373""; ledgerHashPrevious: ""a\353k\036W\036\333\243\313y\256\236\230\270\325\233\373\001c\343\030e+OD\224O\347\364mD\216""; networkTime: 803842902; firstSeq: 1; lastSeq: 53; ","newEvent: neACCEPTED_LEDGER; ledgerSeq: 54; ledgerHash: ""\220lA\251D\0246\305z\207\225\254\360\010\233K$\222\242w\316\025\202/\356\266\371/\256\354\300\373""; ledgerHashPrevious: ""a\353k\036W\036\333\243\313y\256\236\230\270\325\233\373\001c\343\030e+OD\224O\347\364mD\216""; networkTime: 803842902; firstSeq: 1; lastSeq: 53; "
1750527702650,1750527702650,0,1,2,4,TMProposeSet,"proposeSeq: 1; currentTxHash: ""\000\000\000\000\000\000\000\000\000\000\000\000\000\000\000\000\000\000\000\000\000\000\000\000\000\000\000\000\000\000\000\000""; nodePubKey: ""\003\255\225A\213\332\224ehh\024BDq\224\250\335`\355\353{\357\266\335<\021\032\265\177\206\356&\215""; closeTime: 803842890; signature: ""0D\002 \177\333\355\325\254Fw\t\316\370\022x9\332\345\316o&@\215Ym\327$\360\347X\2363N\343\200\002 sPr\241;\354\277\016H\243\232\202\200\014\203\273w\205\365r>\373`\010\234\317M\306\356\323\033P""; previousledger: ""\366j\342\363\016\347\323I\216\\246\222\3168\223\037\242ZC6c\204\225\322W\300\263}\000zrv""; ","proposeSeq: 1; currentTxHash: ""\000\000\000\000\000\000\000\000\000\000\000\000\000\000\000\000\000\000\000\000\000\000\000\000\000\000\000\000\000\000\000\000""; nodePubKey: ""\003\255\225A\213\332\224ehh\024BDq\224\250\335`\355\353{\357\266\335<\021\032\265\177\206\356&\215""; closeTime: 803842890; signature: ""0D\002 \177\333\355\325\254Fw\t\316\370\022x9\332\345\316o&@\215Ym\327$\360\347X\2363N\343\200\002 sPr\241;\354\277\016H\243\232\202\200\014\203\273w\205\365r>\373`\010\234\317M\306\356\323\033P""; previousledger: ""\366j\342\363\016\347\323I\216\\246\222\3168\223\037\242ZC6c\204\225\322W\300\263}\000zrv""; "
1750527702651,1750527702651,0,1,2,1,TMProposeSet,"proposeSeq: 1; currentTxHash: ""\000\000\000\000\000\000\000\000\000\000\000\000\000\000\000\000\000\000\000\000\000\000\000\000\000\000\000\000\000\000\000\000""; nodePubKey: ""\003\255\225A\213\332\224ehh\024BDq\224\250\335`\355\353{\357\266\335<\021\032\265\177\206\356&\215""; closeTime: 803842890; signature: ""0D\002 \177\333\355\325\254Fw\t\316\370\022x9\332\345\316o&@\215Ym\327$\360\347X\2363N\343\200\002 sPr\241;\354\277\016H\243\232\202\200\014\203\273w\205\365r>\373`\010\234\317M\306\356\323\033P""; previousledger: ""\366j\342\363\016\347\323I\216\\246\222\3168\223\037\242ZC6c\204\225\322W\300\263}\000zrv""; ","proposeSeq: 1; currentTxHash: ""\000\000\000\000\000\000\000\000\000\000\000\000\000\000\000\000\000\000\000\000\000\000\000\000\000\000\000\000\000\000\000\000""; nodePubKey: ""\003\255\225A\213\332\224ehh\024BDq\224\250\335`\355\353{\357\266\335<\021\032\265\177\206\356&\215""; closeTime: 803842890; signature: ""0D\002 \177\333\355\325\254Fw\t\316\370\022x9\332\345\316o&@\215Ym\327$\360\347X\2363N\343\200\002 sPr\241;\354\277\016H\243\232\202\200\014\203\273w\205\365r>\373`\010\234\317M\306\356\323\033P""; previousledger: ""\366j\342\363\016\347\323I\216\\246\222\3168\223\037\242ZC6c\204\225\322W\300\263}\000zrv""; "
1750527702651,1750527702651,0,1,2,0,TMProposeSet,"proposeSeq: 1; currentTxHash: ""\000\000\000\000\000\000\000\000\000\000\000\000\000\000\000\000\000\000\000\000\000\000\000\000\000\000\000\000\000\000\000\000""; nodePubKey: ""\003\255\225A\213\332\224ehh\024BDq\224\250\335`\355\353{\357\266\335<\021\032\265\177\206\356&\215""; closeTime: 803842890; signature: ""0D\002 \177\333\355\325\254Fw\t\316\370\022x9\332\345\316o&@\215Ym\327$\360\347X\2363N\343\200\002 sPr\241;\354\277\016H\243\232\202\200\014\203\273w\205\365r>\373`\010\234\317M\306\356\323\033P""; previousledger: ""\366j\342\363\016\347\323I\216\\246\222\3168\223\037\242ZC6c\204\225\322W\300\263}\000zrv""; ","proposeSeq: 1; currentTxHash: ""\000\000\000\000\000\000\000\000\000\000\000\000\000\000\000\000\000\000\000\000\000\000\000\000\000\000\000\000\000\000\000\000""; nodePubKey: ""\003\255\225A\213\332\224ehh\024BDq\224\250\335`\355\353{\357\266\335<\021\032\265\177\206\356&\215""; closeTime: 803842890; signature: ""0D\002 \177\333\355\325\254Fw\t\316\370\022x9\332\345\316o&@\215Ym\327$\360\347X\2363N\343\200\002 sPr\241;\354\277\016H\243\232\202\200\014\203\273w\205\365r>\373`\010\234\317M\306\356\323\033P""; previousledger: ""\366j\342\363\016\347\323I\216\\246\222\3168\223\037\242ZC6c\204\225\322W\300\263}\000zrv""; "
1750527702651,1750527702651,0,1,2,3,TMProposeSet,"proposeSeq: 1; currentTxHash: ""\000\000\000\000\000\000\000\000\000\000\000\000\000\000\000\000\000\000\000\000\000\000\000\000\000\000\000\000\000\000\000\000""; nodePubKey: ""\003\255\225A\213\332\224ehh\024BDq\224\250\335`\355\353{\357\266\335<\021\032\265\177\206\356&\215""; closeTime: 803842890; signature: ""0D\002 \177\333\355\325\254Fw\t\316\370\022x9\332\345\316o&@\215Ym\327$\360\347X\2363N\343\200\002 sPr\241;\354\277\016H\243\232\202\200\014\203\273w\205\365r>\373`\010\234\317M\306\356\323\033P""; previousledger: ""\366j\342\363\016\347\323I\216\\246\222\3168\223\037\242ZC6c\204\225\322W\300\263}\000zrv""; ","proposeSeq: 1; currentTxHash: ""\000\000\000\000\000\000\000\000\000\000\000\000\000\000\000\000\000\000\000\000\000\000\000\000\000\000\000\000\000\000\000\000""; nodePubKey: ""\003\255\225A\213\332\224ehh\024BDq\224\250\335`\355\353{\357\266\335<\021\032\265\177\206\356&\215""; closeTime: 803842890; signature: ""0D\002 \177\333\355\325\254Fw\t\316\370\022x9\332\345\316o&@\215Ym\327$\360\347X\2363N\343\200\002 sPr\241;\354\277\016H\243\232\202\200\014\203\273w\205\365r>\373`\010\234\317M\306\356\323\033P""; previousledger: ""\366j\342\363\016\347\323I\216\\246\222\3168\223\037\242ZC6c\204\225\322W\300\263}\000zrv""; "
1750527702653,1750527702653,0,1,4,2,TMValidation,"validation: """"\200\000\000\001&\000\000\0006)/\351\253V:\r\302\353\023?\373\240rQ\220lA\251D\0246\305z\207\225\254\360\010\233K$\222\242w\316\025\202/\356\266\371/\256\354\300\373P\027\000\000\000\000\000\000\000\000\000\000\000\000\000\000\000\000\000\000\000\000\000\000\000\000\000\000\000\000\000\000\000\000P\031a\353k\036W\036\333\243\313y\256\236\230\270\325\233\373\001c\343\030e+OD\224O\347\364mD\216s!\003R7o\362bV\300hf\266\241;}\200^\374\240\203[:\342Q\225\221\027y\372\255\235\216\323~vF0D\002 ZJ<1\222w)\351Cw\322\305.\372\217\274\177*\t\007\263\270\202\236.A\024\273Y\256,\343\002 M{\316Z\367M\315)\354~\222\260,\275\356\n0\014\311`\342Ca\337.\235{\362\001\010~\201""; ","validation: """"\200\000\000\001&\000\000\0006)/\351\253V:\r\302\353\023?\373\240rQ\220lA\251D\0246\305z\207\225\254\360\010\233K$\222\242w\316\025\202/\356\266\371/\256\354\300\373P\027\000\000\000\000\000\000\000\000\000\000\000\000\000\000\000\000\000\000\000\000\000\000\000\000\000\000\000\000\000\000\000\000P\031a\353k\036W\036\333\243\313y\256\236\230\270\325\233\373\001c\343\030e+OD\224O\347\364mD\216s!\003R7o\362bV\300hf\266\241;}\200^\374\240\203[:\342Q\225\221\027y\372\255\235\216\323~vF0D\002 ZJ<1\222w)\351Cw\322\305.\372\217\274\177*\t\007\263\270\202\236.A\024\273Y\256,\343\002 M{\316Z\367M\315)\354~\222\260,\275\356\n0\014\311`\342Ca\337.\235{\362\001\010~\201""; "
1750527702682,1750527702682,0,1,4,0,TMValidation,"validation: """"\200\000\000\001&\000\000\0006)/\351\253V:\r\302\353\023?\373\240rQ\220lA\251D\0246\305z\207\225\254\360\010\233K$\222\242w\316\025\202/\356\266\371/\256\354\300\373P\027\000\000\000\000\000\000\000\000\000\000\000\000\000\000\000\000\000\000\000\000\000\000\000\000\000\000\000\000\000\000\000\000P\031a\353k\036W\036\333\243\313y\256\236\230\270\325\233\373\001c\343\030e+OD\224O\347\364mD\216s!\003R7o\362bV\300hf\266\241;}\200^\374\240\203[:\342Q\225\221\027y\372\255\235\216\323~vF0D\002 ZJ<1\222w)\351Cw\322\305.\372\217\274\177*\t\007\263\270\202\236.A\024\273Y\256,\343\002 M{\316Z\367M\315)\354~\222\260,\275\356\n0\014\311`\342Ca\337.\235{\362\001\010~\201""; ","validation: """"\200\000\000\001&\000\000\0006)/\351\253V:\r\302\353\023?\373\240rQ\220lA\251D\0246\305z\207\225\254\360\010\233K$\222\242w\316\025\202/\356\266\371/\256\354\300\373P\027\000\000\000\000\000\000\000\000\000\000\000\000\000\000\000\000\000\000\000\000\000\000\000\000\000\000\000\000\000\000\000\000P\031a\353k\036W\036\333\243\313y\256\236\230\270\325\233\373\001c\343\030e+OD\224O\347\364mD\216s!\003R7o\362bV\300hf\266\241;}\200^\374\240\203[:\342Q\225\221\027y\372\255\235\216\323~vF0D\002 ZJ<1\222w)\351Cw\322\305.\372\217\274\177*\t\007\263\270\202\236.A\024\273Y\256,\343\002 M{\316Z\367M\315)\354~\222\260,\275\356\n0\014\311`\342Ca\337.\235{\362\001\010~\201""; "
1750527702682,1750527702683,0,1,4,1,TMValidation,"validation: """"\200\000\000\001&\000\000\0006)/\351\253V:\r\302\353\023?\373\240rQ\220lA\251D\0246\305z\207\225\254\360\010\233K$\222\242w\316\025\202/\356\266\371/\256\354\300\373P\027\000\000\000\000\000\000\000\000\000\000\000\000\000\000\000\000\000\000\000\000\000\000\000\000\000\000\000\000\000\000\000\000P\031a\353k\036W\036\333\243\313y\256\236\230\270\325\233\373\001c\343\030e+OD\224O\347\364mD\216s!\003R7o\362bV\300hf\266\241;}\200^\374\240\203[:\342Q\225\221\027y\372\255\235\216\323~vF0D\002 ZJ<1\222w)\351Cw\322\305.\372\217\274\177*\t\007\263\270\202\236.A\024\273Y\256,\343\002 M{\316Z\367M\315)\354~\222\260,\275\356\n0\014\311`\342Ca\337.\235{\362\001\010~\201""; ","validation: """"\200\000\000\001&\000\000\0006)/\351\253V:\r\302\353\023?\373\240rQ\220lA\251D\0246\305z\207\225\254\360\010\233K$\222\242w\316\025\202/\356\266\371/\256\354\300\373P\027\000\000\000\000\000\000\000\000\000\000\000\000\000\000\000\000\000\000\000\000\000\000\000\000\000\000\000\000\000\000\000\000P\031a\353k\036W\036\333\243\313y\256\236\230\270\325\233\373\001c\343\030e+OD\224O\347\364mD\216s!\003R7o\362bV\300hf\266\241;}\200^\374\240\203[:\342Q\225\221\027y\372\255\235\216\323~vF0D\002 ZJ<1\222w)\351Cw\322\305.\372\217\274\177*\t\007\263\270\202\236.A\024\273Y\256,\343\002 M{\316Z\367M\315)\354~\222\260,\275\356\n0\014\311`\342Ca\337.\235{\362\001\010~\201""; "
1750527702683,1750527702683,0,1,4,3,TMValidation,"validation: """"\200\000\000\001&\000\000\0006)/\351\253V:\r\302\353\023?\373\240rQ\220lA\251D\0246\305z\207\225\254\360\010\233K$\222\242w\316\025\202/\356\266\371/\256\354\300\373P\027\000\000\000\000\000\000\000\000\000\000\000\000\000\000\000\000\000\000\000\000\000\000\000\000\000\000\000\000\000\000\000\000P\031a\353k\036W\036\333\243\313y\256\236\230\270\325\233\373\001c\343\030e+OD\224O\347\364mD\216s!\003R7o\362bV\300hf\266\241;}\200^\374\240\203[:\342Q\225\221\027y\372\255\235\216\323~vF0D\002 ZJ<1\222w)\351Cw\322\305.\372\217\274\177*\t\007\263\270\202\236.A\024\273Y\256,\343\002 M{\316Z\367M\315)\354~\222\260,\275\356\n0\014\311`\342Ca\337.\235{\362\001\010~\201""; ","validation: """"\200\000\000\001&\000\000\0006)/\351\253V:\r\302\353\023?\373\240rQ\220lA\251D\0246\305z\207\225\254\360\010\233K$\222\242w\316\025\202/\356\266\371/\256\354\300\373P\027\000\000\000\000\000\000\000\000\000\000\000\000\000\000\000\000\000\000\000\000\000\000\000\000\000\000\000\000\000\000\000\000P\031a\353k\036W\036\333\243\313y\256\236\230\270\325\233\373\001c\343\030e+OD\224O\347\364mD\216s!\003R7o\362bV\300hf\266\241;}\200^\374\240\203[:\342Q\225\221\027y\372\255\235\216\323~vF0D\002 ZJ<1\222w)\351Cw\322\305.\372\217\274\177*\t\007\263\270\202\236.A\024\273Y\256,\343\002 M{\316Z\367M\315)\354~\222\260,\275\356\n0\014\311`\342Ca\337.\235{\362\001\010~\201""; "
1750527702684,1750527702684,0,1,0,3,TMValidation,"validation: """"\200\000\000\001&\000\000\0006)/\351\253V:\r\302\353\023?\373\240rQ\220lA\251D\0246\305z\207\225\254\360\010\233K$\222\242w\316\025\202/\356\266\371/\256\354\300\373P\027\000\000\000\000\000\000\000\000\000\000\000\000\000\000\000\000\000\000\000\000\000\000\000\000\000\000\000\000\000\000\000\000P\031a\353k\036W\036\333\243\313y\256\236\230\270\325\233\373\001c\343\030e+OD\224O\347\364mD\216s!\003R7o\362bV\300hf\266\241;}\200^\374\240\203[:\342Q\225\221\027y\372\255\235\216\323~vF0D\002 ZJ<1\222w)\351Cw\322\305.\372\217\274\177*\t\007\263\270\202\236.A\024\273Y\256,\343\002 M{\316Z\367M\315)\354~\222\260,\275\356\n0\014\311`\342Ca\337.\235{\362\001\010~\201""; ","validation: """"\200\000\000\001&\000\000\0006)/\351\253V:\r\302\353\023?\373\240rQ\220lA\251D\0246\305z\207\225\254\360\010\233K$\222\242w\316\025\202/\356\266\371/\256\354\300\373P\027\000\000\000\000\000\000\000\000\000\000\000\000\000\000\000\000\000\000\000\000\000\000\000\000\000\000\000\000\000\000\000\000P\031a\353k\036W\036\333\243\313y\256\236\230\270\325\233\373\001c\343\030e+OD\224O\347\364mD\216s!\003R7o\362bV\300hf\266\241;}\200^\374\240\203[:\342Q\225\221\027y\372\255\235\216\323~vF0D\002 ZJ<1\222w)\351Cw\322\305.\372\217\274\177*\t\007\263\270\202\236.A\024\273Y\256,\343\002 M{\316Z\367M\315)\354~\222\260,\275\356\n0\014\311`\342Ca\337.\235{\362\001\010~\201""; "
1750527702686,1750527702686,0,1,3,1,TMValidation,"validation: """"\200\000\000\001&\000\000\0006)/\351\253V:\r\302\353\023?\373\240rQ\220lA\251D\0246\305z\207\225\254\360\010\233K$\222\242w\316\025\202/\356\266\371/\256\354\300\373P\027\000\000\000\000\000\000\000\000\000\000\000\000\000\000\000\000\000\000\000\000\000\000\000\000\000\000\000\000\000\000\000\000P\031a\353k\036W\036\333\243\313y\256\236\230\270\325\233\373\001c\343\030e+OD\224O\347\364mD\216s!\003R7o\362bV\300hf\266\241;}\200^\374\240\203[:\342Q\225\221\027y\372\255\235\216\323~vF0D\002 ZJ<1\222w)\351Cw\322\305.\372\217\274\177*\t\007\263\270\202\236.A\024\273Y\256,\343\002 M{\316Z\367M\315)\354~\222\260,\275\356\n0\014\311`\342Ca\337.\235{\362\001\010~\201""; ","validation: """"\200\000\000\001&\000\000\0006)/\351\253V:\r\302\353\023?\373\240rQ\220lA\251D\0246\305z\207\225\254\360\010\233K$\222\242w\316\025\202/\356\266\371/\256\354\300\373P\027\000\000\000\000\000\000\000\000\000\000\000\000\000\000\000\000\000\000\000\000\000\000\000\000\000\000\000\000\000\000\000\000P\031a\353k\036W\036\333\243\313y\256\236\230\270\325\233\373\001c\343\030e+OD\224O\347\364mD\216s!\003R7o\362bV\300hf\266\241;}\200^\374\240\203[:\342Q\225\221\027y\372\255\235\216\323~vF0D\002 ZJ<1\222w)\351Cw\322\305.\372\217\274\177*\t\007\263\270\202\236.A\024\273Y\256,\343\002 M{\316Z\367M\315)\354~\222\260,\275\356\n0\014\311`\342Ca\337.\235{\362\001\010~\201""; "
1750527702686,1750527702686,0,1,0,1,TMValidation,"validation: """"\200\000\000\001&\000\000\0006)/\351\253V:\r\302\353\023?\373\240rQ\220lA\251D\0246\305z\207\225\254\360\010\233K$\222\242w\316\025\202/\356\266\371/\256\354\300\373P\027\000\000\000\000\000\000\000\000\000\000\000\000\000\000\000\000\000\000\000\000\000\000\000\000\000\000\000\000\000\000\000\000P\031a\353k\036W\036\333\243\313y\256\236\230\270\325\233\373\001c\343\030e+OD\224O\347\364mD\216s!\003R7o\362bV\300hf\266\241;}\200^\374\240\203[:\342Q\225\221\027y\372\255\235\216\323~vF0D\002 ZJ<1\222w)\351Cw\322\305.\372\217\274\177*\t\007\263\270\202\236.A\024\273Y\256,\343\002 M{\316Z\367M\315)\354~\222\260,\275\356\n0\014\311`\342Ca\337.\235{\362\001\010~\201""; ","validation: """"\200\000\000\001&\000\000\0006)/\351\253V:\r\302\353\023?\373\240rQ\220lA\251D\0246\305z\207\225\254\360\010\233K$\222\242w\316\025\202/\356\266\371/\256\354\300\373P\027\000\000\000\000\000\000\000\000\000\000\000\000\000\000\000\000\000\000\000\000\000\000\000\000\000\000\000\000\000\000\000\000P\031a\353k\036W\036\333\243\313y\256\236\230\270\325\233\373\001c\343\030e+OD\224O\347\364mD\216s!\003R7o\362bV\300hf\266\241;}\200^\374\240\203[:\342Q\225\221\027y\372\255\235\216\323~vF0D\002 ZJ<1\222w)\351Cw\322\305.\372\217\274\177*\t\007\263\270\202\236.A\024\273Y\256,\343\002 M{\316Z\367M\315)\354~\222\260,\275\356\n0\014\311`\342Ca\337.\235{\362\001\010~\201""; "
1750527702685,1750527702686,0,1,0,2,TMValidation,"validation: """"\200\000\000\001&\000\000\0006)/\351\253V:\r\302\353\023?\373\240rQ\220lA\251D\0246\305z\207\225\254\360\010\233K$\222\242w\316\025\202/\356\266\371/\256\354\300\373P\027\000\000\000\000\000\000\000\000\000\000\000\000\000\000\000\000\000\000\000\000\000\000\000\000\000\000\000\000\000\000\000\000P\031a\353k\036W\036\333\243\313y\256\236\230\270\325\233\373\001c\343\030e+OD\224O\347\364mD\216s!\003R7o\362bV\300hf\266\241;}\200^\374\240\203[:\342Q\225\221\027y\372\255\235\216\323~vF0D\002 ZJ<1\222w)\351Cw\322\305.\372\217\274\177*\t\007\263\270\202\236.A\024\273Y\256,\343\002 M{\316Z\367M\315)\354~\222\260,\275\356\n0\014\311`\342Ca\337.\235{\362\001\010~\201""; ","validation: """"\200\000\000\001&\000\000\0006)/\351\253V:\r\302\353\023?\373\240rQ\220lA\251D\0246\305z\207\225\254\360\010\233K$\222\242w\316\025\202/\356\266\371/\256\354\300\373P\027\000\000\000\000\000\000\000\000\000\000\000\000\000\000\000\000\000\000\000\000\000\000\000\000\000\000\000\000\000\000\000\000P\031a\353k\036W\036\333\243\313y\256\236\230\270\325\233\373\001c\343\030e+OD\224O\347\364mD\216s!\003R7o\362bV\300hf\266\241;}\200^\374\240\203[:\342Q\225\221\027y\372\255\235\216\323~vF0D\002 ZJ<1\222w)\351Cw\322\305.\372\217\274\177*\t\007\263\270\202\236.A\024\273Y\256,\343\002 M{\316Z\367M\315)\354~\222\260,\275\356\n0\014\311`\342Ca\337.\235{\362\001\010~\201""; "
1750527702687,1750527702687,0,1,3,2,TMValidation,"validation: """"\200\000\000\001&\000\000\0006)/\351\253V:\r\302\353\023?\373\240rQ\220lA\251D\0246\305z\207\225\254\360\010\233K$\222\242w\316\025\202/\356\266\371/\256\354\300\373P\027\000\000\000\000\000\000\000\000\000\000\000\000\000\000\000\000\000\000\000\000\000\000\000\000\000\000\000\000\000\000\000\000P\031a\353k\036W\036\333\243\313y\256\236\230\270\325\233\373\001c\343\030e+OD\224O\347\364mD\216s!\003R7o\362bV\300hf\266\241;}\200^\374\240\203[:\342Q\225\221\027y\372\255\235\216\323~vF0D\002 ZJ<1\222w)\351Cw\322\305.\372\217\274\177*\t\007\263\270\202\236.A\024\273Y\256,\343\002 M{\316Z\367M\315)\354~\222\260,\275\356\n0\014\311`\342Ca\337.\235{\362\001\010~\201""; ","validation: """"\200\000\000\001&\000\000\0006)/\351\253V:\r\302\353\023?\373\240rQ\220lA\251D\0246\305z\207\225\254\360\010\233K$\222\242w\316\025\202/\356\266\371/\256\354\300\373P\027\000\000\000\000\000\000\000\000\000\000\000\000\000\000\000\000\000\000\000\000\000\000\000\000\000\000\000\000\000\000\000\000P\031a\353k\036W\036\333\243\313y\256\236\230\270\325\233\373\001c\343\030e+OD\224O\347\364mD\216s!\003R7o\362bV\300hf\266\241;}\200^\374\240\203[:\342Q\225\221\027y\372\255\235\216\323~vF0D\002 ZJ<1\222w)\351Cw\322\305.\372\217\274\177*\t\007\263\270\202\236.A\024\273Y\256,\343\002 M{\316Z\367M\315)\354~\222\260,\275\356\n0\014\311`\342Ca\337.\235{\362\001\010~\201""; "
1750527702687,1750527702687,0,1,1,2,TMValidation,"validation: """"\200\000\000\001&\000\000\0006)/\351\253V:\r\302\353\023?\373\240rQ\220lA\251D\0246\305z\207\225\254\360\010\233K$\222\242w\316\025\202/\356\266\371/\256\354\300\373P\027\000\000\000\000\000\000\000\000\000\000\000\000\000\000\000\000\000\000\000\000\000\000\000\000\000\000\000\000\000\000\000\000P\031a\353k\036W\036\333\243\313y\256\236\230\270\325\233\373\001c\343\030e+OD\224O\347\364mD\216s!\003R7o\362bV\300hf\266\241;}\200^\374\240\203[:\342Q\225\221\027y\372\255\235\216\323~vF0D\002 ZJ<1\222w)\351Cw\322\305.\372\217\274\177*\t\007\263\270\202\236.A\024\273Y\256,\343\002 M{\316Z\367M\315)\354~\222\260,\275\356\n0\014\311`\342Ca\337.\235{\362\001\010~\201""; ","validation: """"\200\000\000\001&\000\000\0006)/\351\253V:\r\302\353\023?\373\240rQ\220lA\251D\0246\305z\207\225\254\360\010\233K$\222\242w\316\025\202/\356\266\371/\256\354\300\373P\027\000\000\000\000\000\000\000\000\000\000\000\000\000\000\000\000\000\000\000\000\000\000\000\000\000\000\000\000\000\000\000\000P\031a\353k\036W\036\333\243\313y\256\236\230\270\325\233\373\001c\343\030e+OD\224O\347\364mD\216s!\003R7o\362bV\300hf\266\241;}\200^\374\240\203[:\342Q\225\221\027y\372\255\235\216\323~vF0D\002 ZJ<1\222w)\351Cw\322\305.\372\217\274\177*\t\007\263\270\202\236.A\024\273Y\256,\343\002 M{\316Z\367M\315)\354~\222\260,\275\356\n0\014\311`\342Ca\337.\235{\362\001\010~\201""; "
1750527702688,1750527702688,0,1,1,0,TMValidation,"validation: """"\200\000\000\001&\000\000\0006)/\351\253V:\r\302\353\023?\373\240rQ\220lA\251D\0246\305z\207\225\254\360\010\233K$\222\242w\316\025\202/\356\266\371/\256\354\300\373P\027\000\000\000\000\000\000\000\000\000\000\000\000\000\000\000\000\000\000\000\000\000\000\000\000\000\000\000\000\000\000\000\000P\031a\353k\036W\036\333\243\313y\256\236\230\270\325\233\373\001c\343\030e+OD\224O\347\364mD\216s!\003R7o\362bV\300hf\266\241;}\200^\374\240\203[:\342Q\225\221\027y\372\255\235\216\323~vF0D\002 ZJ<1\222w)\351Cw\322\305.\372\217\274\177*\t\007\263\270\202\236.A\024\273Y\256,\343\002 M{\316Z\367M\315)\354~\222\260,\275\356\n0\014\311`\342Ca\337.\235{\362\001\010~\201""; ","validation: """"\200\000\000\001&\000\000\0006)/\351\253V:\r\302\353\023?\373\240rQ\220lA\251D\0246\305z\207\225\254\360\010\233K$\222\242w\316\025\202/\356\266\371/\256\354\300\373P\027\000\000\000\000\000\000\000\000\000\000\000\000\000\000\000\000\000\000\000\000\000\000\000\000\000\000\000\000\000\000\000\000P\031a\353k\036W\036\333\243\313y\256\236\230\270\325\233\373\001c\343\030e+OD\224O\347\364mD\216s!\003R7o\362bV\300hf\266\241;}\200^\374\240\203[:\342Q\225\221\027y\372\255\235\216\323~vF0D\002 ZJ<1\222w)\351Cw\322\305.\372\217\274\177*\t\007\263\270\202\236.A\024\273Y\256,\343\002 M{\316Z\367M\315)\354~\222\260,\275\356\n0\014\311`\342Ca\337.\235{\362\001\010~\201""; "
1750527702688,1750527702688,0,1,1,3,TMValidation,"validation: """"\200\000\000\001&\000\000\0006)/\351\253V:\r\302\353\023?\373\240rQ\220lA\251D\0246\305z\207\225\254\360\010\233K$\222\242w\316\025\202/\356\266\371/\256\354\300\373P\027\000\000\000\000\000\000\000\000\000\000\000\000\000\000\000\000\000\000\000\000\000\000\000\000\000\000\000\000\000\000\000\000P\031a\353k\036W\036\333\243\313y\256\236\230\270\325\233\373\001c\343\030e+OD\224O\347\364mD\216s!\003R7o\362bV\300hf\266\241;}\200^\374\240\203[:\342Q\225\221\027y\372\255\235\216\323~vF0D\002 ZJ<1\222w)\351Cw\322\305.\372\217\274\177*\t\007\263\270\202\236.A\024\273Y\256,\343\002 M{\316Z\367M\315)\354~\222\260,\275\356\n0\014\311`\342Ca\337.\235{\362\001\010~\201""; ","validation: """"\200\000\000\001&\000\000\0006)/\351\253V:\r\302\353\023?\373\240rQ\220lA\251D\0246\305z\207\225\254\360\010\233K$\222\242w\316\025\202/\356\266\371/\256\354\300\373P\027\000\000\000\000\000\000\000\000\000\000\000\000\000\000\000\000\000\000\000\000\000\000\000\000\000\000\000\000\000\000\000\000P\031a\353k\036W\036\333\243\313y\256\236\230\270\325\233\373\001c\343\030e+OD\224O\347\364mD\216s!\003R7o\362bV\300hf\266\241;}\200^\374\240\203[:\342Q\225\221\027y\372\255\235\216\323~vF0D\002 ZJ<1\222w)\351Cw\322\305.\372\217\274\177*\t\007\263\270\202\236.A\024\273Y\256,\343\002 M{\316Z\367M\315)\354~\222\260,\275\356\n0\014\311`\342Ca\337.\235{\362\001\010~\201""; "
1750527702688,1750527702689,0,1,3,0,TMValidation,"validation: """"\200\000\000\001&\000\000\0006)/\351\253V:\r\302\353\023?\373\240rQ\220lA\251D\0246\305z\207\225\254\360\010\233K$\222\242w\316\025\202/\356\266\371/\256\354\300\373P\027\000\000\000\000\000\000\000\000\000\000\000\000\000\000\000\000\000\000\000\000\000\000\000\000\000\000\000\000\000\000\000\000P\031a\353k\036W\036\333\243\313y\256\236\230\270\325\233\373\001c\343\030e+OD\224O\347\364mD\216s!\003R7o\362bV\300hf\266\241;}\200^\374\240\203[:\342Q\225\221\027y\372\255\235\216\323~vF0D\002 ZJ<1\222w)\351Cw\322\305.\372\217\274\177*\t\007\263\270\202\236.A\024\273Y\256,\343\002 M{\316Z\367M\315)\354~\222\260,\275\356\n0\014\311`\342Ca\337.\235{\362\001\010~\201""; ","validation: """"\200\000\000\001&\000\000\0006)/\351\253V:\r\302\353\023?\373\240rQ\220lA\251D\0246\305z\207\225\254\360\010\233K$\222\242w\316\025\202/\356\266\371/\256\354\300\373P\027\000\000\000\000\000\000\000\000\000\000\000\000\000\000\000\000\000\000\000\000\000\000\000\000\000\000\000\000\000\000\000\000P\031a\353k\036W\036\333\243\313y\256\236\230\270\325\233\373\001c\343\030e+OD\224O\347\364mD\216s!\003R7o\362bV\300hf\266\241;}\200^\374\240\203[:\342Q\225\221\027y\372\255\235\216\323~vF0D\002 ZJ<1\222w)\351Cw\322\305.\372\217\274\177*\t\007\263\270\202\236.A\024\273Y\256,\343\002 M{\316Z\367M\315)\354~\222\260,\275\356\n0\014\311`\342Ca\337.\235{\362\001\010~\201""; "
1750527702691,1750527702691,0,1,2,0,TMValidation,"validation: """"\200\000\000\001&\000\000\0006)/\351\253V:\r\302\353\023?\373\240rQ\220lA\251D\0246\305z\207\225\254\360\010\233K$\222\242w\316\025\202/\356\266\371/\256\354\300\373P\027\000\000\000\000\000\000\000\000\000\000\000\000\000\000\000\000\000\000\000\000\000\000\000\000\000\000\000\000\000\000\000\000P\031a\353k\036W\036\333\243\313y\256\236\230\270\325\233\373\001c\343\030e+OD\224O\347\364mD\216s!\003R7o\362bV\300hf\266\241;}\200^\374\240\203[:\342Q\225\221\027y\372\255\235\216\323~vF0D\002 ZJ<1\222w)\351Cw\322\305.\372\217\274\177*\t\007\263\270\202\236.A\024\273Y\256,\343\002 M{\316Z\367M\315)\354~\222\260,\275\356\n0\014\311`\342Ca\337.\235{\362\001\010~\201""; ","validation: """"\200\000\000\001&\000\000\0006)/\351\253V:\r\302\353\023?\373\240rQ\220lA\251D\0246\305z\207\225\254\360\010\233K$\222\242w\316\025\202/\356\266\371/\256\354\300\373P\027\000\000\000\000\000\000\000\000\000\000\000\000\000\000\000\000\000\000\000\000\000\000\000\000\000\000\000\000\000\000\000\000P\031a\353k\036W\036\333\243\313y\256\236\230\270\325\233\373\001c\343\030e+OD\224O\347\364mD\216s!\003R7o\362bV\300hf\266\241;}\200^\374\240\203[:\342Q\225\221\027y\372\255\235\216\323~vF0D\002 ZJ<1\222w)\351Cw\322\305.\372\217\274\177*\t\007\263\270\202\236.A\024\273Y\256,\343\002 M{\316Z\367M\315)\354~\222\260,\275\356\n0\014\311`\342Ca\337.\235{\362\001\010~\201""; "
1750527702692,1750527702692,0,1,2,3,TMValidation,"validation: """"\200\000\000\001&\000\000\0006)/\351\253V:\r\302\353\023?\373\240rQ\220lA\251D\0246\305z\207\225\254\360\010\233K$\222\242w\316\025\202/\356\266\371/\256\354\300\373P\027\000\000\000\000\000\000\000\000\000\000\000\000\000\000\000\000\000\000\000\000\000\000\000\000\000\000\000\000\000\000\000\000P\031a\353k\036W\036\333\243\313y\256\236\230\270\325\233\373\001c\343\030e+OD\224O\347\364mD\216s!\003R7o\362bV\300hf\266\241;}\200^\374\240\203[:\342Q\225\221\027y\372\255\235\216\323~vF0D\002 ZJ<1\222w)\351Cw\322\305.\372\217\274\177*\t\007\263\270\202\236.A\024\273Y\256,\343\002 M{\316Z\367M\315)\354~\222\260,\275\356\n0\014\311`\342Ca\337.\235{\362\001\010~\201""; ","validation: """"\200\000\000\001&\000\000\0006)/\351\253V:\r\302\353\023?\373\240rQ\220lA\251D\0246\305z\207\225\254\360\010\233K$\222\242w\316\025\202/\356\266\371/\256\354\300\373P\027\000\000\000\000\000\000\000\000\000\000\000\000\000\000\000\000\000\000\000\000\000\000\000\000\000\000\000\000\000\000\000\000P\031a\353k\036W\036\333\243\313y\256\236\230\270\325\233\373\001c\343\030e+OD\224O\347\364mD\216s!\003R7o\362bV\300hf\266\241;}\200^\374\240\203[:\342Q\225\221\027y\372\255\235\216\323~vF0D\002 ZJ<1\222w)\351Cw\322\305.\372\217\274\177*\t\007\263\270\202\236.A\024\273Y\256,\343\002 M{\316Z\367M\315)\354~\222\260,\275\356\n0\014\311`\342Ca\337.\235{\362\001\010~\201""; "
1750527702692,1750527702692,0,1,2,1,TMValidation,"validation: """"\200\000\000\001&\000\000\0006)/\351\253V:\r\302\353\023?\373\240rQ\220lA\251D\0246\305z\207\225\254\360\010\233K$\222\242w\316\025\202/\356\266\371/\256\354\300\373P\027\000\000\000\000\000\000\000\000\000\000\000\000\000\000\000\000\000\000\000\000\000\000\000\000\000\000\000\000\000\000\000\000P\031a\353k\036W\036\333\243\313y\256\236\230\270\325\233\373\001c\343\030e+OD\224O\347\364mD\216s!\003R7o\362bV\300hf\266\241;}\200^\374\240\203[:\342Q\225\221\027y\372\255\235\216\323~vF0D\002 ZJ<1\222w)\351Cw\322\305.\372\217\274\177*\t\007\263\270\202\236.A\024\273Y\256,\343\002 M{\316Z\367M\315)\354~\222\260,\275\356\n0\014\311`\342Ca\337.\235{\362\001\010~\201""; ","validation: """"\200\000\000\001&\000\000\0006)/\351\253V:\r\302\353\023?\373\240rQ\220lA\251D\0246\305z\207\225\254\360\010\233K$\222\242w\316\025\202/\356\266\371/\256\354\300\373P\027\000\000\000\000\000\000\000\000\000\000\000\000\000\000\000\000\000\000\000\000\000\000\000\000\000\000\000\000\000\000\000\000P\031a\353k\036W\036\333\243\313y\256\236\230\270\325\233\373\001c\343\030e+OD\224O\347\364mD\216s!\003R7o\362bV\300hf\266\241;}\200^\374\240\203[:\342Q\225\221\027y\372\255\235\216\323~vF0D\002 ZJ<1\222w)\351Cw\322\305.\372\217\274\177*\t\007\263\270\202\236.A\024\273Y\256,\343\002 M{\316Z\367M\315)\354~\222\260,\275\356\n0\014\311`\342Ca\337.\235{\362\001\010~\201""; "
1750527703522,1750527703522,0,1,3,2,TMProposeSet,"proposeSeq: 0; currentTxHash: ""\000\000\000\000\000\000\000\000\000\000\000\000\000\000\000\000\000\000\000\000\000\000\000\000\000\000\000\000\000\000\000\000""; nodePubKey: ""\002\364d\217\366\217|\316F\232\231\241\n\261\333`\312O\367\235\025DD\336e\367\n\312\326\221\037\025\230""; closeTime: 803842903; signature: ""0D\002 Z\361\3164\202}\312\267iz\343\225\315\362\337\214\027\367\036\035.\036Rd\234@k\277\247!~\244\002 \002\2736\3705\337\036G\330l\323\302h\307\031\210F\301@5S0\301\21020K\007qC\300\363""; previousledger: ""\220lA\251D\0246\305z\207\225\254\360\010\233K$\222\242w\316\025\202/\356\266\371/\256\354\300\373""; ","proposeSeq: 0; currentTxHash: ""\000\000\000\000\000\000\000\000\000\000\000\000\000\000\000\000\000\000\000\000\000\000\000\000\000\000\000\000\000\000\000\000""; nodePubKey: ""\002\364d\217\366\217|\316F\232\231\241\n\261\333`\312O\367\235\025DD\336e\367\n\312\326\221\037\025\230""; closeTime: 803842903; signature: ""0D\002 Z\361\3164\202}\312\267iz\343\225\315\362\337\214\027\367\036\035.\036Rd\234@k\277\247!~\244\002 \002\2736\3705\337\036G\330l\323\302h\307\031\210F\301@5S0\301\21020K\007qC\300\363""; previousledger: ""\220lA\251D\0246\305z\207\225\254\360\010\233K$\222\242w\316\025\202/\356\266\371/\256\354\300\373""; "
1750527703524,1750527703524,0,1,3,4,TMProposeSet,"proposeSeq: 0; currentTxHash: ""\000\000\000\000\000\000\000\000\000\000\000\000\000\000\000\000\000\000\000\000\000\000\000\000\000\000\000\000\000\000\000\000""; nodePubKey: ""\002\364d\217\366\217|\316F\232\231\241\n\261\333`\312O\367\235\025DD\336e\367\n\312\326\221\037\025\230""; closeTime: 803842903; signature: ""0D\002 Z\361\3164\202}\312\267iz\343\225\315\362\337\214\027\367\036\035.\036Rd\234@k\277\247!~\244\002 \002\2736\3705\337\036G\330l\323\302h\307\031\210F\301@5S0\301\21020K\007qC\300\363""; previousledger: ""\220lA\251D\0246\305z\207\225\254\360\010\233K$\222\242w\316\025\202/\356\266\371/\256\354\300\373""; ","proposeSeq: 0; currentTxHash: ""\000\000\000\000\000\000\000\000\000\000\000\000\000\000\000\000\000\000\000\000\000\000\000\000\000\000\000\000\000\000\000\000""; nodePubKey: ""\002\364d\217\366\217|\316F\232\231\241\n\261\333`\312O\367\235\025DD\336e\367\n\312\326\221\037\025\230""; closeTime: 803842903; signature: ""0D\002 Z\361\3164\202}\312\267iz\343\225\315\362\337\214\027\367\036\035.\036Rd\234@k\277\247!~\244\002 \002\2736\3705\337\036G\330l\323\302h\307\031\210F\301@5S0\301\21020K\007qC\300\363""; previousledger: ""\220lA\251D\0246\305z\207\225\254\360\010\233K$\222\242w\316\025\202/\356\266\371/\256\354\300\373""; "
1750527703523,1750527703523,0,1,3,1,TMProposeSet,"proposeSeq: 0; currentTxHash: ""\000\000\000\000\000\000\000\000\000\000\000\000\000\000\000\000\000\000\000\000\000\000\000\000\000\000\000\000\000\000\000\000""; nodePubKey: ""\002\364d\217\366\217|\316F\232\231\241\n\261\333`\312O\367\235\025DD\336e\367\n\312\326\221\037\025\230""; closeTime: 803842903; signature: ""0D\002 Z\361\3164\202}\312\267iz\343\225\315\362\337\214\027\367\036\035.\036Rd\234@k\277\247!~\244\002 \002\2736\3705\337\036G\330l\323\302h\307\031\210F\301@5S0\301\21020K\007qC\300\363""; previousledger: ""\220lA\251D\0246\305z\207\225\254\360\010\233K$\222\242w\316\025\202/\356\266\371/\256\354\300\373""; ","proposeSeq: 0; currentTxHash: ""\000\000\000\000\000\000\000\000\000\000\000\000\000\000\000\000\000\000\000\000\000\000\000\000\000\000\000\000\000\000\000\000""; nodePubKey: ""\002\364d\217\366\217|\316F\232\231\241\n\261\333`\312O\367\235\025DD\336e\367\n\312\326\221\037\025\230""; closeTime: 803842903; signature: ""0D\002 Z\361\3164\202}\312\267iz\343\225\315\362\337\214\027\367\036\035.\036Rd\234@k\277\247!~\244\002 \002\2736\3705\337\036G\330l\323\302h\307\031\210F\301@5S0\301\21020K\007qC\300\363""; previousledger: ""\220lA\251D\0246\305z\207\225\254\360\010\233K$\222\242w\316\025\202/\356\266\371/\256\354\300\373""; "
1750527703523,1750527703523,0,1,3,0,TMProposeSet,"proposeSeq: 0; currentTxHash: ""\000\000\000\000\000\000\000\000\000\000\000\000\000\000\000\000\000\000\000\000\000\000\000\000\000\000\000\000\000\000\000\000""; nodePubKey: ""\002\364d\217\366\217|\316F\232\231\241\n\261\333`\312O\367\235\025DD\336e\367\n\312\326\221\037\025\230""; closeTime: 803842903; signature: ""0D\002 Z\361\3164\202}\312\267iz\343\225\315\362\337\214\027\367\036\035.\036Rd\234@k\277\247!~\244\002 \002\2736\3705\337\036G\330l\323\302h\307\031\210F\301@5S0\301\21020K\007qC\300\363""; previousledger: ""\220lA\251D\0246\305z\207\225\254\360\010\233K$\222\242w\316\025\202/\356\266\371/\256\354\300\373""; ","proposeSeq: 0; currentTxHash: ""\000\000\000\000\000\000\000\000\000\000\000\000\000\000\000\000\000\000\000\000\000\000\000\000\000\000\000\000\000\000\000\000""; nodePubKey: ""\002\364d\217\366\217|\316F\232\231\241\n\261\333`\312O\367\235\025DD\336e\367\n\312\326\221\037\025\230""; closeTime: 803842903; signature: ""0D\002 Z\361\3164\202}\312\267iz\343\225\315\362\337\214\027\367\036\035.\036Rd\234@k\277\247!~\244\002 \002\2736\3705\337\036G\330l\323\302h\307\031\210F\301@5S0\301\21020K\007qC\300\363""; previousledger: ""\220lA\251D\0246\305z\207\225\254\360\010\233K$\222\242w\316\025\202/\356\266\371/\256\354\300\373""; "
1750527703526,1750527703526,0,1,4,0,TMProposeSet,"proposeSeq: 0; currentTxHash: ""\000\000\000\000\000\000\000\000\000\000\000\000\000\000\000\000\000\000\000\000\000\000\000\000\000\000\000\000\000\000\000\000""; nodePubKey: ""\002\364d\217\366\217|\316F\232\231\241\n\261\333`\312O\367\235\025DD\336e\367\n\312\326\221\037\025\230""; closeTime: 803842903; signature: ""0D\002 Z\361\3164\202}\312\267iz\343\225\315\362\337\214\027\367\036\035.\036Rd\234@k\277\247!~\244\002 \002\2736\3705\337\036G\330l\323\302h\307\031\210F\301@5S0\301\21020K\007qC\300\363""; previousledger: ""\220lA\251D\0246\305z\207\225\254\360\010\233K$\222\242w\316\025\202/\356\266\371/\256\354\300\373""; ","proposeSeq: 0; currentTxHash: ""\000\000\000\000\000\000\000\000\000\000\000\000\000\000\000\000\000\000\000\000\000\000\000\000\000\000\000\000\000\000\000\000""; nodePubKey: ""\002\364d\217\366\217|\316F\232\231\241\n\261\333`\312O\367\235\025DD\336e\367\n\312\326\221\037\025\230""; closeTime: 803842903; signature: ""0D\002 Z\361\3164\202}\312\267iz\343\225\315\362\337\214\027\367\036\035.\036Rd\234@k\277\247!~\244\002 \002\2736\3705\337\036G\330l\323\302h\307\031\210F\301@5S0\301\21020K\007qC\300\363""; previousledger: ""\220lA\251D\0246\305z\207\225\254\360\010\233K$\222\242w\316\025\202/\356\266\371/\256\354\300\373""; "
1750527703527,1750527703527,0,1,4,2,TMProposeSet,"proposeSeq: 0; currentTxHash: ""\000\000\000\000\000\000\000\000\000\000\000\000\000\000\000\000\000\000\000\000\000\000\000\000\000\000\000\000\000\000\000\000""; nodePubKey: ""\002\364d\217\366\217|\316F\232\231\241\n\261\333`\312O\367\235\025DD\336e\367\n\312\326\221\037\025\230""; closeTime: 803842903; signature: ""0D\002 Z\361\3164\202}\312\267iz\343\225\315\362\337\214\027\367\036\035.\036Rd\234@k\277\247!~\244\002 \002\2736\3705\337\036G\330l\323\302h\307\031\210F\301@5S0\301\21020K\007qC\300\363""; previousledger: ""\220lA\251D\0246\305z\207\225\254\360\010\233K$\222\242w\316\025\202/\356\266\371/\256\354\300\373""; ","proposeSeq: 0; currentTxHash: ""\000\000\000\000\000\000\000\000\000\000\000\000\000\000\000\000\000\000\000\000\000\000\000\000\000\000\000\000\000\000\000\000""; nodePubKey: ""\002\364d\217\366\217|\316F\232\231\241\n\261\333`\312O\367\235\025DD\336e\367\n\312\326\221\037\025\230""; closeTime: 803842903; signature: ""0D\002 Z\361\3164\202}\312\267iz\343\225\315\362\337\214\027\367\036\035.\036Rd\234@k\277\247!~\244\002 \002\2736\3705\337\036G\330l\323\302h\307\031\210F\301@5S0\301\21020K\007qC\300\363""; previousledger: ""\220lA\251D\0246\305z\207\225\254\360\010\233K$\222\242w\316\025\202/\356\266\371/\256\354\300\373""; "
1750527703527,1750527703527,0,1,4,1,TMProposeSet,"proposeSeq: 0; currentTxHash: ""\000\000\000\000\000\000\000\000\000\000\000\000\000\000\000\000\000\000\000\000\000\000\000\000\000\000\000\000\000\000\000\000""; nodePubKey: ""\002\364d\217\366\217|\316F\232\231\241\n\261\333`\312O\367\235\025DD\336e\367\n\312\326\221\037\025\230""; closeTime: 803842903; signature: ""0D\002 Z\361\3164\202}\312\267iz\343\225\315\362\337\214\027\367\036\035.\036Rd\234@k\277\247!~\244\002 \002\2736\3705\337\036G\330l\323\302h\307\031\210F\301@5S0\301\21020K\007qC\300\363""; previousledger: ""\220lA\251D\0246\305z\207\225\254\360\010\233K$\222\242w\316\025\202/\356\266\371/\256\354\300\373""; ","proposeSeq: 0; currentTxHash: ""\000\000\000\000\000\000\000\000\000\000\000\000\000\000\000\000\000\000\000\000\000\000\000\000\000\000\000\000\000\000\000\000""; nodePubKey: ""\002\364d\217\366\217|\316F\232\231\241\n\261\333`\312O\367\235\025DD\336e\367\n\312\326\221\037\025\230""; closeTime: 803842903; signature: ""0D\002 Z\361\3164\202}\312\267iz\343\225\315\362\337\214\027\367\036\035.\036Rd\234@k\277\247!~\244\002 \002\2736\3705\337\036G\330l\323\302h\307\031\210F\301@5S0\301\21020K\007qC\300\363""; previousledger: ""\220lA\251D\0246\305z\207\225\254\360\010\233K$\222\242w\316\025\202/\356\266\371/\256\354\300\373""; "
1750527703478,1750527703550,0,1,3,2,TMStatusChange,"newEvent: neCLOSING_LEDGER; ledgerSeq: 54; ledgerHash: ""\220lA\251D\0246\305z\207\225\254\360\010\233K$\222\242w\316\025\202/\356\266\371/\256\354\300\373""; ledgerHashPrevious: ""a\353k\036W\036\333\243\313y\256\236\230\270\325\233\373\001c\343\030e+OD\224O\347\364mD\216""; networkTime: 803842903; firstSeq: 1; lastSeq: 54; ","newEvent: neCLOSING_LEDGER; ledgerSeq: 54; ledgerHash: ""\220lA\251D\0246\305z\207\225\254\360\010\233K$\222\242w\316\025\202/\356\266\371/\256\354\300\373""; ledgerHashPrevious: ""a\353k\036W\036\333\243\313y\256\236\230\270\325\233\373\001c\343\030e+OD\224O\347\364mD\216""; networkTime: 803842903; firstSeq: 1; lastSeq: 54; "
1750527703480,1750527703551,0,1,3,4,TMStatusChange,"newEvent: neCLOSING_LEDGER; ledgerSeq: 54; ledgerHash: ""\220lA\251D\0246\305z\207\225\254\360\010\233K$\222\242w\316\025\202/\356\266\371/\256\354\300\373""; ledgerHashPrevious: ""a\353k\036W\036\333\243\313y\256\236\230\270\325\233\373\001c\343\030e+OD\224O\347\364mD\216""; networkTime: 803842903; firstSeq: 1; lastSeq: 54; ","newEvent: neCLOSING_LEDGER; ledgerSeq: 54; ledgerHash: ""\220lA\251D\0246\305z\207\225\254\360\010\233K$\222\242w\316\025\202/\356\266\371/\256\354\300\373""; ledgerHashPrevious: ""a\353k\036W\036\333\243\313y\256\236\230\270\325\233\373\001c\343\030e+OD\224O\347\364mD\216""; networkTime: 803842903; firstSeq: 1; lastSeq: 54; "
1750527703480,1750527703552,0,1,3,0,TMStatusChange,"newEvent: neCLOSING_LEDGER; ledgerSeq: 54; ledgerHash: ""\220lA\251D\0246\305z\207\225\254\360\010\233K$\222\242w\316\025\202/\356\266\371/\256\354\300\373""; ledgerHashPrevious: ""a\353k\036W\036\333\243\313y\256\236\230\270\325\233\373\001c\343\030e+OD\224O\347\364mD\216""; networkTime: 803842903; firstSeq: 1; lastSeq: 54; ","newEvent: neCLOSING_LEDGER; ledgerSeq: 54; ledgerHash: ""\220lA\251D\0246\305z\207\225\254\360\010\233K$\222\242w\316\025\202/\356\266\371/\256\354\300\373""; ledgerHashPrevious: ""a\353k\036W\036\333\243\313y\256\236\230\270\325\233\373\001c\343\030e+OD\224O\347\364mD\216""; networkTime: 803842903; firstSeq: 1; lastSeq: 54; "
1750527703481,1750527703553,0,1,3,1,TMStatusChange,"newEvent: neCLOSING_LEDGER; ledgerSeq: 54; ledgerHash: ""\220lA\251D\0246\305z\207\225\254\360\010\233K$\222\242w\316\025\202/\356\266\371/\256\354\300\373""; ledgerHashPrevious: ""a\353k\036W\036\333\243\313y\256\236\230\270\325\233\373\001c\343\030e+OD\224O\347\364mD\216""; networkTime: 803842903; firstSeq: 1; lastSeq: 54; ","newEvent: neCLOSING_LEDGER; ledgerSeq: 54; ledgerHash: ""\220lA\251D\0246\305z\207\225\254\360\010\233K$\222\242w\316\025\202/\356\266\371/\256\354\300\373""; ledgerHashPrevious: ""a\353k\036W\036\333\243\313y\256\236\230\270\325\233\373\001c\343\030e+OD\224O\347\364mD\216""; networkTime: 803842903; firstSeq: 1; lastSeq: 54; "
1750527703642,1750527703642,0,1,4,3,TMProposeSet,"proposeSeq: 0; currentTxHash: ""\000\000\000\000\000\000\000\000\000\000\000\000\000\000\000\000\000\000\000\000\000\000\000\000\000\000\000\000\000\000\000\000""; nodePubKey: ""\003R7o\362bV\300hf\266\241;}\200^\374\240\203[:\342Q\225\221\027y\372\255\235\216\323~""; closeTime: 803842903; signature: ""0E\002!\000\236\301\2134\363\314\263\020\264&\220\274\375\263s\342\252\231pR.\020\250\352-\301\241f\204+\227\036\002 \025\367\305h$\263\037\335\014\367\237\275\370\300n\334\266\361+\225\234\343\213\246\320\271[fZ\2363\010""; previousledger: ""\220lA\251D\0246\305z\207\225\254\360\010\233K$\222\242w\316\025\202/\356\266\371/\256\354\300\373""; ","proposeSeq: 0; currentTxHash: ""\000\000\000\000\000\000\000\000\000\000\000\000\000\000\000\000\000\000\000\000\000\000\000\000\000\000\000\000\000\000\000\000""; nodePubKey: ""\003R7o\362bV\300hf\266\241;}\200^\374\240\203[:\342Q\225\221\027y\372\255\235\216\323~""; closeTime: 803842903; signature: ""0E\002!\000\236\301\2134\363\314\263\020\264&\220\274\375\263s\342\252\231pR.\020\250\352-\301\241f\204+\227\036\002 \025\367\305h$\263\037\335\014\367\237\275\370\300n\334\266\361+\225\234\343\213\246\320\271[fZ\2363\010""; previousledger: ""\220lA\251D\0246\305z\207\225\254\360\010\233K$\222\242w\316\025\202/\356\266\371/\256\354\300\373""; "
1750527703642,1750527703642,0,1,4,2,TMProposeSet,"proposeSeq: 0; currentTxHash: ""\000\000\000\000\000\000\000\000\000\000\000\000\000\000\000\000\000\000\000\000\000\000\000\000\000\000\000\000\000\000\000\000""; nodePubKey: ""\003R7o\362bV\300hf\266\241;}\200^\374\240\203[:\342Q\225\221\027y\372\255\235\216\323~""; closeTime: 803842903; signature: ""0E\002!\000\236\301\2134\363\314\263\020\264&\220\274\375\263s\342\252\231pR.\020\250\352-\301\241f\204+\227\036\002 \025\367\305h$\263\037\335\014\367\237\275\370\300n\334\266\361+\225\234\343\213\246\320\271[fZ\2363\010""; previousledger: ""\220lA\251D\0246\305z\207\225\254\360\010\233K$\222\242w\316\025\202/\356\266\371/\256\354\300\373""; ","proposeSeq: 0; currentTxHash: ""\000\000\000\000\000\000\000\000\000\000\000\000\000\000\000\000\000\000\000\000\000\000\000\000\000\000\000\000\000\000\000\000""; nodePubKey: ""\003R7o\362bV\300hf\266\241;}\200^\374\240\203[:\342Q\225\221\027y\372\255\235\216\323~""; closeTime: 803842903; signature: ""0E\002!\000\236\301\2134\363\314\263\020\264&\220\274\375\263s\342\252\231pR.\020\250\352-\301\241f\204+\227\036\002 \025\367\305h$\263\037\335\014\367\237\275\370\300n\334\266\361+\225\234\343\213\246\320\271[fZ\2363\010""; previousledger: ""\220lA\251D\0246\305z\207\225\254\360\010\233K$\222\242w\316\025\202/\356\266\371/\256\354\300\373""; "
1750527703644,1750527703644,0,1,4,1,TMProposeSet,"proposeSeq: 0; currentTxHash: ""\000\000\000\000\000\000\000\000\000\000\000\000\000\000\000\000\000\000\000\000\000\000\000\000\000\000\000\000\000\000\000\000""; nodePubKey: ""\003R7o\362bV\300hf\266\241;}\200^\374\240\203[:\342Q\225\221\027y\372\255\235\216\323~""; closeTime: 803842903; signature: ""0E\002!\000\236\301\2134\363\314\263\020\264&\220\274\375\263s\342\252\231pR.\020\250\352-\301\241f\204+\227\036\002 \025\367\305h$\263\037\335\014\367\237\275\370\300n\334\266\361+\225\234\343\213\246\320\271[fZ\2363\010""; previousledger: ""\220lA\251D\0246\305z\207\225\254\360\010\233K$\222\242w\316\025\202/\356\266\371/\256\354\300\373""; ","proposeSeq: 0; currentTxHash: ""\000\000\000\000\000\000\000\000\000\000\000\000\000\000\000\000\000\000\000\000\000\000\000\000\000\000\000\000\000\000\000\000""; nodePubKey: ""\003R7o\362bV\300hf\266\241;}\200^\374\240\203[:\342Q\225\221\027y\372\255\235\216\323~""; closeTime: 803842903; signature: ""0E\002!\000\236\301\2134\363\314\263\020\264&\220\274\375\263s\342\252\231pR.\020\250\352-\301\241f\204+\227\036\002 \025\367\305h$\263\037\335\014\367\237\275\370\300n\334\266\361+\225\234\343\213\246\320\271[fZ\2363\010""; previousledger: ""\220lA\251D\0246\305z\207\225\254\360\010\233K$\222\242w\316\025\202/\356\266\371/\256\354\300\373""; "
1750527703646,1750527703646,0,1,3,0,TMProposeSet,"proposeSeq: 0; currentTxHash: ""\000\000\000\000\000\000\000\000\000\000\000\000\000\000\000\000\000\000\000\000\000\000\000\000\000\000\000\000\000\000\000\000""; nodePubKey: ""\003R7o\362bV\300hf\266\241;}\200^\374\240\203[:\342Q\225\221\027y\372\255\235\216\323~""; closeTime: 803842903; signature: ""0E\002!\000\236\301\2134\363\314\263\020\264&\220\274\375\263s\342\252\231pR.\020\250\352-\301\241f\204+\227\036\002 \025\367\305h$\263\037\335\014\367\237\275\370\300n\334\266\361+\225\234\343\213\246\320\271[fZ\2363\010""; previousledger: ""\220lA\251D\0246\305z\207\225\254\360\010\233K$\222\242w\316\025\202/\356\266\371/\256\354\300\373""; ","proposeSeq: 0; currentTxHash: ""\000\000\000\000\000\000\000\000\000\000\000\000\000\000\000\000\000\000\000\000\000\000\000\000\000\000\000\000\000\000\000\000""; nodePubKey: ""\003R7o\362bV\300hf\266\241;}\200^\374\240\203[:\342Q\225\221\027y\372\255\235\216\323~""; closeTime: 803842903; signature: ""0E\002!\000\236\301\2134\363\314\263\020\264&\220\274\375\263s\342\252\231pR.\020\250\352-\301\241f\204+\227\036\002 \025\367\305h$\263\037\335\014\367\237\275\370\300n\334\266\361+\225\234\343\213\246\320\271[fZ\2363\010""; previousledger: ""\220lA\251D\0246\305z\207\225\254\360\010\233K$\222\242w\316\025\202/\356\266\371/\256\354\300\373""; "
1750527703644,1750527703645,0,1,4,0,TMProposeSet,"proposeSeq: 0; currentTxHash: ""\000\000\000\000\000\000\000\000\000\000\000\000\000\000\000\000\000\000\000\000\000\000\000\000\000\000\000\000\000\000\000\000""; nodePubKey: ""\003R7o\362bV\300hf\266\241;}\200^\374\240\203[:\342Q\225\221\027y\372\255\235\216\323~""; closeTime: 803842903; signature: ""0E\002!\000\236\301\2134\363\314\263\020\264&\220\274\375\263s\342\252\231pR.\020\250\352-\301\241f\204+\227\036\002 \025\367\305h$\263\037\335\014\367\237\275\370\300n\334\266\361+\225\234\343\213\246\320\271[fZ\2363\010""; previousledger: ""\220lA\251D\0246\305z\207\225\254\360\010\233K$\222\242w\316\025\202/\356\266\371/\256\354\300\373""; ","proposeSeq: 0; currentTxHash: ""\000\000\000\000\000\000\000\000\000\000\000\000\000\000\000\000\000\000\000\000\000\000\000\000\000\000\000\000\000\000\000\000""; nodePubKey: ""\003R7o\362bV\300hf\266\241;}\200^\374\240\203[:\342Q\225\221\027y\372\255\235\216\323~""; closeTime: 803842903; signature: ""0E\002!\000\236\301\2134\363\314\263\020\264&\220\274\375\263s\342\252\231pR.\020\250\352-\301\241f\204+\227\036\002 \025\367\305h$\263\037\335\014\367\237\275\370\300n\334\266\361+\225\234\343\213\246\320\271[fZ\2363\010""; previousledger: ""\220lA\251D\0246\305z\207\225\254\360\010\233K$\222\242w\316\025\202/\356\266\371/\256\354\300\373""; "
1750527703646,1750527703646,0,1,3,1,TMProposeSet,"proposeSeq: 0; currentTxHash: ""\000\000\000\000\000\000\000\000\000\000\000\000\000\000\000\000\000\000\000\000\000\000\000\000\000\000\000\000\000\000\000\000""; nodePubKey: ""\003R7o\362bV\300hf\266\241;}\200^\374\240\203[:\342Q\225\221\027y\372\255\235\216\323~""; closeTime: 803842903; signature: ""0E\002!\000\236\301\2134\363\314\263\020\264&\220\274\375\263s\342\252\231pR.\020\250\352-\301\241f\204+\227\036\002 \025\367\305h$\263\037\335\014\367\237\275\370\300n\334\266\361+\225\234\343\213\246\320\271[fZ\2363\010""; previousledger: ""\220lA\251D\0246\305z\207\225\254\360\010\233K$\222\242w\316\025\202/\356\266\371/\256\354\300\373""; ","proposeSeq: 0; currentTxHash: ""\000\000\000\000\000\000\000\000\000\000\000\000\000\000\000\000\000\000\000\000\000\000\000\000\000\000\000\000\000\000\000\000""; nodePubKey: ""\003R7o\362bV\300hf\266\241;}\200^\374\240\203[:\342Q\225\221\027y\372\255\235\216\323~""; closeTime: 803842903; signature: ""0E\002!\000\236\301\2134\363\314\263\020\264&\220\274\375\263s\342\252\231pR.\020\250\352-\301\241f\204+\227\036\002 \025\367\305h$\263\037\335\014\367\237\275\370\300n\334\266\361+\225\234\343\213\246\320\271[fZ\2363\010""; previousledger: ""\220lA\251D\0246\305z\207\225\254\360\010\233K$\222\242w\316\025\202/\356\266\371/\256\354\300\373""; "
1750527703646,1750527703646,0,1,3,2,TMProposeSet,"proposeSeq: 0; currentTxHash: ""\000\000\000\000\000\000\000\000\000\000\000\000\000\000\000\000\000\000\000\000\000\000\000\000\000\000\000\000\000\000\000\000""; nodePubKey: ""\003R7o\362bV\300hf\266\241;}\200^\374\240\203[:\342Q\225\221\027y\372\255\235\216\323~""; closeTime: 803842903; signature: ""0E\002!\000\236\301\2134\363\314\263\020\264&\220\274\375\263s\342\252\231pR.\020\250\352-\301\241f\204+\227\036\002 \025\367\305h$\263\037\335\014\367\237\275\370\300n\334\266\361+\225\234\343\213\246\320\271[fZ\2363\010""; previousledger: ""\220lA\251D\0246\305z\207\225\254\360\010\233K$\222\242w\316\025\202/\356\266\371/\256\354\300\373""; ","proposeSeq: 0; currentTxHash: ""\000\000\000\000\000\000\000\000\000\000\000\000\000\000\000\000\000\000\000\000\000\000\000\000\000\000\000\000\000\000\000\000""; nodePubKey: ""\003R7o\362bV\300hf\266\241;}\200^\374\240\203[:\342Q\225\221\027y\372\255\235\216\323~""; closeTime: 803842903; signature: ""0E\002!\000\236\301\2134\363\314\263\020\264&\220\274\375\263s\342\252\231pR.\020\250\352-\301\241f\204+\227\036\002 \025\367\305h$\263\037\335\014\367\237\275\370\300n\334\266\361+\225\234\343\213\246\320\271[fZ\2363\010""; previousledger: ""\220lA\251D\0246\305z\207\225\254\360\010\233K$\222\242w\316\025\202/\356\266\371/\256\354\300\373""; "
1750527703640,1750527703711,0,1,4,2,TMStatusChange,"newEvent: neCLOSING_LEDGER; ledgerSeq: 54; ledgerHash: ""\220lA\251D\0246\305z\207\225\254\360\010\233K$\222\242w\316\025\202/\356\266\371/\256\354\300\373""; ledgerHashPrevious: ""a\353k\036W\036\333\243\313y\256\236\230\270\325\233\373\001c\343\030e+OD\224O\347\364mD\216""; networkTime: 803842903; firstSeq: 1; lastSeq: 54; ","newEvent: neCLOSING_LEDGER; ledgerSeq: 54; ledgerHash: ""\220lA\251D\0246\305z\207\225\254\360\010\233K$\222\242w\316\025\202/\356\266\371/\256\354\300\373""; ledgerHashPrevious: ""a\353k\036W\036\333\243\313y\256\236\230\270\325\233\373\001c\343\030e+OD\224O\347\364mD\216""; networkTime: 803842903; firstSeq: 1; lastSeq: 54; "
1750527703644,1750527703712,0,1,4,1,TMStatusChange,"newEvent: neCLOSING_LEDGER; ledgerSeq: 54; ledgerHash: ""\220lA\251D\0246\305z\207\225\254\360\010\233K$\222\242w\316\025\202/\356\266\371/\256\354\300\373""; ledgerHashPrevious: ""a\353k\036W\036\333\243\313y\256\236\230\270\325\233\373\001c\343\030e+OD\224O\347\364mD\216""; networkTime: 803842903; firstSeq: 1; lastSeq: 54; ","newEvent: neCLOSING_LEDGER; ledgerSeq: 54; ledgerHash: ""\220lA\251D\0246\305z\207\225\254\360\010\233K$\222\242w\316\025\202/\356\266\371/\256\354\300\373""; ledgerHashPrevious: ""a\353k\036W\036\333\243\313y\256\236\230\270\325\233\373\001c\343\030e+OD\224O\347\364mD\216""; networkTime: 803842903; firstSeq: 1; lastSeq: 54; "
1750527703643,1750527703712,0,1,4,0,TMStatusChange,"newEvent: neCLOSING_LEDGER; ledgerSeq: 54; ledgerHash: ""\220lA\251D\0246\305z\207\225\254\360\010\233K$\222\242w\316\025\202/\356\266\371/\256\354\300\373""; ledgerHashPrevious: ""a\353k\036W\036\333\243\313y\256\236\230\270\325\233\373\001c\343\030e+OD\224O\347\364mD\216""; networkTime: 803842903; firstSeq: 1; lastSeq: 54; ","newEvent: neCLOSING_LEDGER; ledgerSeq: 54; ledgerHash: ""\220lA\251D\0246\305z\207\225\254\360\010\233K$\222\242w\316\025\202/\356\266\371/\256\354\300\373""; ledgerHashPrevious: ""a\353k\036W\036\333\243\313y\256\236\230\270\325\233\373\001c\343\030e+OD\224O\347\364mD\216""; networkTime: 803842903; firstSeq: 1; lastSeq: 54; "
1750527703642,1750527703712,0,1,4,3,TMStatusChange,"newEvent: neCLOSING_LEDGER; ledgerSeq: 54; ledgerHash: ""\220lA\251D\0246\305z\207\225\254\360\010\233K$\222\242w\316\025\202/\356\266\371/\256\354\300\373""; ledgerHashPrevious: ""a\353k\036W\036\333\243\313y\256\236\230\270\325\233\373\001c\343\030e+OD\224O\347\364mD\216""; networkTime: 803842903; firstSeq: 1; lastSeq: 54; ","newEvent: neCLOSING_LEDGER; ledgerSeq: 54; ledgerHash: ""\220lA\251D\0246\305z\207\225\254\360\010\233K$\222\242w\316\025\202/\356\266\371/\256\354\300\373""; ledgerHashPrevious: ""a\353k\036W\036\333\243\313y\256\236\230\270\325\233\373\001c\343\030e+OD\224O\347\364mD\216""; networkTime: 803842903; firstSeq: 1; lastSeq: 54; "
1750527705480,1750527705481,0,1,3,2,TMValidation,"validation: """"\200\000\000\001&\000\000\0007)/\351\253Y:p\210\265\307-\212\200\004Q\252\344\245^L==\235\021\032V\220\341+U\353\274\372=u\225\337\321k\342\217\031\035&\261k*P\027\000\000\000\000\000\000\000\000\000\000\000\000\000\000\000\000\000\000\000\000\000\000\000\000\000\000\000\000\000\000\000\000P\031\220lA\251D\0246\305z\207\225\254\360\010\233K$\222\242w\316\025\202/\356\266\371/\256\354\300\373s!\002\364d\217\366\217|\316F\232\231\241\n\261\333`\312O\367\235\025DD\336e\367\n\312\326\221\037\025\230vF0D\002 l\300=\324\231\001\202w\372\332\204\343\017\200c\201\205\034\370\301Q\263K\000\303\235;\335\320{N\242\002 F\230\227\3309\217\331\t\370\323\372\237""qm\245\253`\031\224\356\022\223\275@\r\3119o""?""""; ","validation: """"\200\000\000\001&\000\000\0007)/\351\253Y:p\210\265\307-\212\200\004Q\252\344\245^L==\235\021\032V\220\341+U\353\274\372=u\225\337\321k\342\217\031\035&\261k*P\027\000\000\000\000\000\000\000\000\000\000\000\000\000\000\000\000\000\000\000\000\000\000\000\000\000\000\000\000\000\000\000\000P\031\220lA\251D\0246\305z\207\225\254\360\010\233K$\222\242w\316\025\202/\356\266\371/\256\354\300\373s!\002\364d\217\366\217|\316F\232\231\241\n\261\333`\312O\367\235\025DD\336e\367\n\312\326\221\037\025\230vF0D\002 l\300=\324\231\001\202w\372\332\204\343\017\200c\201\205\034\370\301Q\263K\000\303\235;\335\320{N\242\002 F\230\227\3309\217\331\t\370\323\372\237""qm\245\253`\031\224\356\022\223\275@\r\3119o""?""""; "
1750527705482,1750527705482,0,1,3,2,TMStatusChange,"newEvent: neACCEPTED_LEDGER; ledgerSeq: 55; ledgerHash: ""\252\344\245^L==\235\021\032V\220\341+U\353\274\372=u\225\337\321k\342\217\031\035&\261k*""; ledgerHashPrevious: ""\220lA\251D\0246\305z\207\225\254\360\010\233K$\222\242w\316\025\202/\356\266\371/\256\354\300\373""; networkTime: 803842905; firstSeq: 1; lastSeq: 54; ","newEvent: neACCEPTED_LEDGER; ledgerSeq: 55; ledgerHash: ""\252\344\245^L==\235\021\032V\220\341+U\353\274\372=u\225\337\321k\342\217\031\035&\261k*""; ledgerHashPrevious: ""\220lA\251D\0246\305z\207\225\254\360\010\233K$\222\242w\316\025\202/\356\266\371/\256\354\300\373""; networkTime: 803842905; firstSeq: 1; lastSeq: 54; "
1750527705482,1750527705482,0,1,3,1,TMStatusChange,"newEvent: neACCEPTED_LEDGER; ledgerSeq: 55; ledgerHash: ""\252\344\245^L==\235\021\032V\220\341+U\353\274\372=u\225\337\321k\342\217\031\035&\261k*""; ledgerHashPrevious: ""\220lA\251D\0246\305z\207\225\254\360\010\233K$\222\242w\316\025\202/\356\266\371/\256\354\300\373""; networkTime: 803842905; firstSeq: 1; lastSeq: 54; ","newEvent: neACCEPTED_LEDGER; ledgerSeq: 55; ledgerHash: ""\252\344\245^L==\235\021\032V\220\341+U\353\274\372=u\225\337\321k\342\217\031\035&\261k*""; ledgerHashPrevious: ""\220lA\251D\0246\305z\207\225\254\360\010\233K$\222\242w\316\025\202/\356\266\371/\256\354\300\373""; networkTime: 803842905; firstSeq: 1; lastSeq: 54; "
1750527705482,1750527705482,0,1,3,4,TMStatusChange,"newEvent: neACCEPTED_LEDGER; ledgerSeq: 55; ledgerHash: ""\252\344\245^L==\235\021\032V\220\341+U\353\274\372=u\225\337\321k\342\217\031\035&\261k*""; ledgerHashPrevious: ""\220lA\251D\0246\305z\207\225\254\360\010\233K$\222\242w\316\025\202/\356\266\371/\256\354\300\373""; networkTime: 803842905; firstSeq: 1; lastSeq: 54; ","newEvent: neACCEPTED_LEDGER; ledgerSeq: 55; ledgerHash: ""\252\344\245^L==\235\021\032V\220\341+U\353\274\372=u\225\337\321k\342\217\031\035&\261k*""; ledgerHashPrevious: ""\220lA\251D\0246\305z\207\225\254\360\010\233K$\222\242w\316\025\202/\356\266\371/\256\354\300\373""; networkTime: 803842905; firstSeq: 1; lastSeq: 54; "
1750527705481,1750527705481,0,1,3,4,TMValidation,"validation: """"\200\000\000\001&\000\000\0007)/\351\253Y:p\210\265\307-\212\200\004Q\252\344\245^L==\235\021\032V\220\341+U\353\274\372=u\225\337\321k\342\217\031\035&\261k*P\027\000\000\000\000\000\000\000\000\000\000\000\000\000\000\000\000\000\000\000\000\000\000\000\000\000\000\000\000\000\000\000\000P\031\220lA\251D\0246\305z\207\225\254\360\010\233K$\222\242w\316\025\202/\356\266\371/\256\354\300\373s!\002\364d\217\366\217|\316F\232\231\241\n\261\333`\312O\367\235\025DD\336e\367\n\312\326\221\037\025\230vF0D\002 l\300=\324\231\001\202w\372\332\204\343\017\200c\201\205\034\370\301Q\263K\000\303\235;\335\320{N\242\002 F\230\227\3309\217\331\t\370\323\372\237""qm\245\253`\031\224\356\022\223\275@\r\3119o""?""""; ","validation: """"\200\000\000\001&\000\000\0007)/\351\253Y:p\210\265\307-\212\200\004Q\252\344\245^L==\235\021\032V\220\341+U\353\274\372=u\225\337\321k\342\217\031\035&\261k*P\027\000\000\000\000\000\000\000\000\000\000\000\000\000\000\000\000\000\000\000\000\000\000\000\000\000\000\000\000\000\000\000\000P\031\220lA\251D\0246\305z\207\225\254\360\010\233K$\222\242w\316\025\202/\356\266\371/\256\354\300\373s!\002\364d\217\366\217|\316F\232\231\241\n\261\333`\312O\367\235\025DD\336e\367\n\312\326\221\037\025\230vF0D\002 l\300=\324\231\001\202w\372\332\204\343\017\200c\201\205\034\370\301Q\263K\000\303\235;\335\320{N\242\002 F\230\227\3309\217\331\t\370\323\372\237""qm\245\253`\031\224\356\022\223\275@\r\3119o""?""""; "
1750527705483,1750527705483,0,1,3,0,TMValidation,"validation: """"\200\000\000\001&\000\000\0007)/\351\253Y:p\210\265\307-\212\200\004Q\252\344\245^L==\235\021\032V\220\341+U\353\274\372=u\225\337\321k\342\217\031\035&\261k*P\027\000\000\000\000\000\000\000\000\000\000\000\000\000\000\000\000\000\000\000\000\000\000\000\000\000\000\000\000\000\000\000\000P\031\220lA\251D\0246\305z\207\225\254\360\010\233K$\222\242w\316\025\202/\356\266\371/\256\354\300\373s!\002\364d\217\366\217|\316F\232\231\241\n\261\333`\312O\367\235\025DD\336e\367\n\312\326\221\037\025\230vF0D\002 l\300=\324\231\001\202w\372\332\204\343\017\200c\201\205\034\370\301Q\263K\000\303\235;\335\320{N\242\002 F\230\227\3309\217\331\t\370\323\372\237""qm\245\253`\031\224\356\022\223\275@\r\3119o""?""""; ","validation: """"\200\000\000\001&\000\000\0007)/\351\253Y:p\210\265\307-\212\200\004Q\252\344\245^L==\235\021\032V\220\341+U\353\274\372=u\225\337\321k\342\217\031\035&\261k*P\027\000\000\000\000\000\000\000\000\000\000\000\000\000\000\000\000\000\000\000\000\000\000\000\000\000\000\000\000\000\000\000\000P\031\220lA\251D\0246\305z\207\225\254\360\010\233K$\222\242w\316\025\202/\356\266\371/\256\354\300\373s!\002\364d\217\366\217|\316F\232\231\241\n\261\333`\312O\367\235\025DD\336e\367\n\312\326\221\037\025\230vF0D\002 l\300=\324\231\001\202w\372\332\204\343\017\200c\201\205\034\370\301Q\263K\000\303\235;\335\320{N\242\002 F\230\227\3309\217\331\t\370\323\372\237""qm\245\253`\031\224\356\022\223\275@\r\3119o""?""""; "
1750527705484,1750527705484,0,1,3,1,TMValidation,"validation: """"\200\000\000\001&\000\000\0007)/\351\253Y:p\210\265\307-\212\200\004Q\252\344\245^L==\235\021\032V\220\341+U\353\274\372=u\225\337\321k\342\217\031\035&\261k*P\027\000\000\000\000\000\000\000\000\000\000\000\000\000\000\000\000\000\000\000\000\000\000\000\000\000\000\000\000\000\000\000\000P\031\220lA\251D\0246\305z\207\225\254\360\010\233K$\222\242w\316\025\202/\356\266\371/\256\354\300\373s!\002\364d\217\366\217|\316F\232\231\241\n\261\333`\312O\367\235\025DD\336e\367\n\312\326\221\037\025\230vF0D\002 l\300=\324\231\001\202w\372\332\204\343\017\200c\201\205\034\370\301Q\263K\000\303\235;\335\320{N\242\002 F\230\227\3309\217\331\t\370\323\372\237""qm\245\253`\031\224\356\022\223\275@\r\3119o""?""""; ","validation: """"\200\000\000\001&\000\000\0007)/\351\253Y:p\210\265\307-\212\200\004Q\252\344\245^L==\235\021\032V\220\341+U\353\274\372=u\225\337\321k\342\217\031\035&\261k*P\027\000\000\000\000\000\000\000\000\000\000\000\000\000\000\000\000\000\000\000\000\000\000\000\000\000\000\000\000\000\000\000\000P\031\220lA\251D\0246\305z\207\225\254\360\010\233K$\222\242w\316\025\202/\356\266\371/\256\354\300\373s!\002\364d\217\366\217|\316F\232\231\241\n\261\333`\312O\367\235\025DD\336e\367\n\312\326\221\037\025\230vF0D\002 l\300=\324\231\001\202w\372\332\204\343\017\200c\201\205\034\370\301Q\263K\000\303\235;\335\320{N\242\002 F\230\227\3309\217\331\t\370\323\372\237""qm\245\253`\031\224\356\022\223\275@\r\3119o""?""""; "
1750527705484,1750527705484,0,1,3,0,TMStatusChange,"newEvent: neACCEPTED_LEDGER; ledgerSeq: 55; ledgerHash: ""\252\344\245^L==\235\021\032V\220\341+U\353\274\372=u\225\337\321k\342\217\031\035&\261k*""; ledgerHashPrevious: ""\220lA\251D\0246\305z\207\225\254\360\010\233K$\222\242w\316\025\202/\356\266\371/\256\354\300\373""; networkTime: 803842905; firstSeq: 1; lastSeq: 54; ","newEvent: neACCEPTED_LEDGER; ledgerSeq: 55; ledgerHash: ""\252\344\245^L==\235\021\032V\220\341+U\353\274\372=u\225\337\321k\342\217\031\035&\261k*""; ledgerHashPrevious: ""\220lA\251D\0246\305z\207\225\254\360\010\233K$\222\242w\316\025\202/\356\266\371/\256\354\300\373""; networkTime: 803842905; firstSeq: 1; lastSeq: 54; "
1750527705485,1750527705485,0,1,2,1,TMGetLedger,"itype: liBASE; ledgerHash: ""\252\344\245^L==\235\021\032V\220\341+U\353\274\372=u\225\337\321k\342\217\031\035&\261k*""; ledgerSeq: 55; ","itype: liBASE; ledgerHash: ""\252\344\245^L==\235\021\032V\220\341+U\353\274\372=u\225\337\321k\342\217\031\035&\261k*""; ledgerSeq: 55; "
1750527705486,1750527705486,0,1,2,4,TMGetLedger,"itype: liBASE; ledgerHash: ""\252\344\245^L==\235\021\032V\220\341+U\353\274\372=u\225\337\321k\342\217\031\035&\261k*""; ledgerSeq: 55; ","itype: liBASE; ledgerHash: ""\252\344\245^L==\235\021\032V\220\341+U\353\274\372=u\225\337\321k\342\217\031\035&\261k*""; ledgerSeq: 55; "
1750527705486,1750527705486,0,1,2,3,TMGetLedger,"itype: liBASE; ledgerHash: ""\252\344\245^L==\235\021\032V\220\341+U\353\274\372=u\225\337\321k\342\217\031\035&\261k*""; ledgerSeq: 55; ","itype: liBASE; ledgerHash: ""\252\344\245^L==\235\021\032V\220\341+U\353\274\372=u\225\337\321k\342\217\031\035&\261k*""; ledgerSeq: 55; "
1750527705487,1750527705487,0,1,2,0,TMGetLedger,"itype: liBASE; ledgerHash: ""\252\344\245^L==\235\021\032V\220\341+U\353\274\372=u\225\337\321k\342\217\031\035&\261k*""; ledgerSeq: 55; ","itype: liBASE; ledgerHash: ""\252\344\245^L==\235\021\032V\220\341+U\353\274\372=u\225\337\321k\342\217\031\035&\261k*""; ledgerSeq: 55; "
1750527705487,1750527705487,0,1,2,1,TMValidation,"validation: """"\200\000\000\001&\000\000\0007)/\351\253Y:p\210\265\307-\212\200\004Q\252\344\245^L==\235\021\032V\220\341+U\353\274\372=u\225\337\321k\342\217\031\035&\261k*P\027\000\000\000\000\000\000\000\000\000\000\000\000\000\000\000\000\000\000\000\000\000\000\000\000\000\000\000\000\000\000\000\000P\031\220lA\251D\0246\305z\207\225\254\360\010\233K$\222\242w\316\025\202/\356\266\371/\256\354\300\373s!\002\364d\217\366\217|\316F\232\231\241\n\261\333`\312O\367\235\025DD\336e\367\n\312\326\221\037\025\230vF0D\002 l\300=\324\231\001\202w\372\332\204\343\017\200c\201\205\034\370\301Q\263K\000\303\235;\335\320{N\242\002 F\230\227\3309\217\331\t\370\323\372\237""qm\245\253`\031\224\356\022\223\275@\r\3119o""?""""; ","validation: """"\200\000\000\001&\000\000\0007)/\351\253Y:p\210\265\307-\212\200\004Q\252\344\245^L==\235\021\032V\220\341+U\353\274\372=u\225\337\321k\342\217\031\035&\261k*P\027\000\000\000\000\000\000\000\000\000\000\000\000\000\000\000\000\000\000\000\000\000\000\000\000\000\000\000\000\000\000\000\000P\031\220lA\251D\0246\305z\207\225\254\360\010\233K$\222\242w\316\025\202/\356\266\371/\256\354\300\373s!\002\364d\217\366\217|\316F\232\231\241\n\261\333`\312O\367\235\025DD\336e\367\n\312\326\221\037\025\230vF0D\002 l\300=\324\231\001\202w\372\332\204\343\017\200c\201\205\034\370\301Q\263K\000\303\235;\335\320{N\242\002 F\230\227\3309\217\331\t\370\323\372\237""qm\245\253`\031\224\356\022\223\275@\r\3119o""?""""; "
1750527705487,1750527705487,0,1,2,0,TMValidation,"validation: """"\200\000\000\001&\000\000\0007)/\351\253Y:p\210\265\307-\212\200\004Q\252\344\245^L==\235\021\032V\220\341+U\353\274\372=u\225\337\321k\342\217\031\035&\261k*P\027\000\000\000\000\000\000\000\000\000\000\000\000\000\000\000\000\000\000\000\000\000\000\000\000\000\000\000\000\000\000\000\000P\031\220lA\251D\0246\305z\207\225\254\360\010\233K$\222\242w\316\025\202/\356\266\371/\256\354\300\373s!\002\364d\217\366\217|\316F\232\231\241\n\261\333`\312O\367\235\025DD\336e\367\n\312\326\221\037\025\230vF0D\002 l\300=\324\231\001\202w\372\332\204\343\017\200c\201\205\034\370\301Q\263K\000\303\235;\335\320{N\242\002 F\230\227\3309\217\331\t\370\323\372\237""qm\245\253`\031\224\356\022\223\275@\r\3119o""?""""; ","validation: """"\200\000\000\001&\000\000\0007)/\351\253Y:p\210\265\307-\212\200\004Q\252\344\245^L==\235\021\032V\220\341+U\353\274\372=u\225\337\321k\342\217\031\035&\261k*P\027\000\000\000\000\000\000\000\000\000\000\000\000\000\000\000\000\000\000\000\000\000\000\000\000\000\000\000\000\000\000\000\000P\031\220lA\251D\0246\305z\207\225\254\360\010\233K$\222\242w\316\025\202/\356\266\371/\256\354\300\373s!\002\364d\217\366\217|\316F\232\231\241\n\261\333`\312O\367\235\025DD\336e\367\n\312\326\221\037\025\230vF0D\002 l\300=\324\231\001\202w\372\332\204\343\017\200c\201\205\034\370\301Q\263K\000\303\235;\335\320{N\242\002 F\230\227\3309\217\331\t\370\323\372\237""qm\245\253`\031\224\356\022\223\275@\r\3119o""?""""; "
1750527705488,1750527705488,0,1,2,1,TMGetLedger,"itype: liBASE; ledgerHash: ""\252\344\245^L==\235\021\032V\220\341+U\353\274\372=u\225\337\321k\342\217\031\035&\261k*""; ledgerSeq: 55; queryType: qtINDIRECT; ","itype: liBASE; ledgerHash: ""\252\344\245^L==\235\021\032V\220\341+U\353\274\372=u\225\337\321k\342\217\031\035&\261k*""; ledgerSeq: 55; queryType: qtINDIRECT; "
1750527705488,1750527705488,0,1,2,3,TMGetLedger,"itype: liBASE; ledgerHash: ""\252\344\245^L==\235\021\032V\220\341+U\353\274\372=u\225\337\321k\342\217\031\035&\261k*""; ledgerSeq: 55; queryType: qtINDIRECT; ","itype: liBASE; ledgerHash: ""\252\344\245^L==\235\021\032V\220\341+U\353\274\372=u\225\337\321k\342\217\031\035&\261k*""; ledgerSeq: 55; queryType: qtINDIRECT; "
1750527705489,1750527705489,0,1,2,0,TMGetLedger,"itype: liBASE; ledgerHash: ""\252\344\245^L==\235\021\032V\220\341+U\353\274\372=u\225\337\321k\342\217\031\035&\261k*""; ledgerSeq: 55; queryType: qtINDIRECT; ","itype: liBASE; ledgerHash: ""\252\344\245^L==\235\021\032V\220\341+U\353\274\372=u\225\337\321k\342\217\031\035&\261k*""; ledgerSeq: 55; queryType: qtINDIRECT; "
1750527705490,1750527705490,0,1,4,2,TMValidation,"validation: """"\200\000\000\001&\000\000\0007)/\351\253Y:p\210\265\307-\212\200\004Q\252\344\245^L==\235\021\032V\220\341+U\353\274\372=u\225\337\321k\342\217\031\035&\261k*P\027\000\000\000\000\000\000\000\000\000\000\000\000\000\000\000\000\000\000\000\000\000\000\000\000\000\000\000\000\000\000\000\000P\031\220lA\251D\0246\305z\207\225\254\360\010\233K$\222\242w\316\025\202/\356\266\371/\256\354\300\373s!\002\364d\217\366\217|\316F\232\231\241\n\261\333`\312O\367\235\025DD\336e\367\n\312\326\221\037\025\230vF0D\002 l\300=\324\231\001\202w\372\332\204\343\017\200c\201\205\034\370\301Q\263K\000\303\235;\335\320{N\242\002 F\230\227\3309\217\331\t\370\323\372\237""qm\245\253`\031\224\356\022\223\275@\r\3119o""?""""; ","validation: """"\200\000\000\001&\000\000\0007)/\351\253Y:p\210\265\307-\212\200\004Q\252\344\245^L==\235\021\032V\220\341+U\353\274\372=u\225\337\321k\342\217\031\035&\261k*P\027\000\000\000\000\000\000\000\000\000\000\000\000\000\000\000\000\000\000\000\000\000\000\000\000\000\000\000\000\000\000\000\000P\031\220lA\251D\0246\305z\207\225\254\360\010\233K$\222\242w\316\025\202/\356\266\371/\256\354\300\373s!\002\364d\217\366\217|\316F\232\231\241\n\261\333`\312O\367\235\025DD\336e\367\n\312\326\221\037\025\230vF0D\002 l\300=\324\231\001\202w\372\332\204\343\017\200c\201\205\034\370\301Q\263K\000\303\235;\335\320{N\242\002 F\230\227\3309\217\331\t\370\323\372\237""qm\245\253`\031\224\356\022\223\275@\r\3119o""?""""; "
1750527705491,1750527705491,0,1,4,2,TMGetLedger,"itype: liBASE; ledgerHash: ""\252\344\245^L==\235\021\032V\220\341+U\353\274\372=u\225\337\321k\342\217\031\035&\261k*""; ","itype: liBASE; ledgerHash: ""\252\344\245^L==\235\021\032V\220\341+U\353\274\372=u\225\337\321k\342\217\031\035&\261k*""; "
1750527705492,1750527705492,0,1,4,3,TMGetLedger,"itype: liBASE; ledgerHash: ""\252\344\245^L==\235\021\032V\220\341+U\353\274\372=u\225\337\321k\342\217\031\035&\261k*""; ","itype: liBASE; ledgerHash: ""\252\344\245^L==\235\021\032V\220\341+U\353\274\372=u\225\337\321k\342\217\031\035&\261k*""; "
1750527705492,1750527705492,0,1,4,0,TMGetLedger,"itype: liBASE; ledgerHash: ""\252\344\245^L==\235\021\032V\220\341+U\353\274\372=u\225\337\321k\342\217\031\035&\261k*""; ","itype: liBASE; ledgerHash: ""\252\344\245^L==\235\021\032V\220\341+U\353\274\372=u\225\337\321k\342\217\031\035&\261k*""; "
1750527705493,1750527705493,0,1,4,1,TMGetLedger,"itype: liBASE; ledgerHash: ""\252\344\245^L==\235\021\032V\220\341+U\353\274\372=u\225\337\321k\342\217\031\035&\261k*""; ","itype: liBASE; ledgerHash: ""\252\344\245^L==\235\021\032V\220\341+U\353\274\372=u\225\337\321k\342\217\031\035&\261k*""; "
1750527705493,1750527705493,0,1,4,0,TMValidation,"validation: """"\200\000\000\001&\000\000\0007)/\351\253Y:p\210\265\307-\212\200\004Q\252\344\245^L==\235\021\032V\220\341+U\353\274\372=u\225\337\321k\342\217\031\035&\261k*P\027\000\000\000\000\000\000\000\000\000\000\000\000\000\000\000\000\000\000\000\000\000\000\000\000\000\000\000\000\000\000\000\000P\031\220lA\251D\0246\305z\207\225\254\360\010\233K$\222\242w\316\025\202/\356\266\371/\256\354\300\373s!\002\364d\217\366\217|\316F\232\231\241\n\261\333`\312O\367\235\025DD\336e\367\n\312\326\221\037\025\230vF0D\002 l\300=\324\231\001\202w\372\332\204\343\017\200c\201\205\034\370\301Q\263K\000\303\235;\335\320{N\242\002 F\230\227\3309\217\331\t\370\323\372\237""qm\245\253`\031\224\356\022\223\275@\r\3119o""?""""; ","validation: """"\200\000\000\001&\000\000\0007)/\351\253Y:p\210\265\307-\212\200\004Q\252\344\245^L==\235\021\032V\220\341+U\353\274\372=u\225\337\321k\342\217\031\035&\261k*P\027\000\000\000\000\000\000\000\000\000\000\000\000\000\000\000\000\000\000\000\000\000\000\000\000\000\000\000\000\000\000\000\000P\031\220lA\251D\0246\305z\207\225\254\360\010\233K$\222\242w\316\025\202/\356\266\371/\256\354\300\373s!\002\364d\217\366\217|\316F\232\231\241\n\261\333`\312O\367\235\025DD\336e\367\n\312\326\221\037\025\230vF0D\002 l\300=\324\231\001\202w\372\332\204\343\017\200c\201\205\034\370\301Q\263K\000\303\235;\335\320{N\242\002 F\230\227\3309\217\331\t\370\323\372\237""qm\245\253`\031\224\356\022\223\275@\r\3119o""?""""; "
1750527705494,1750527705494,0,1,4,2,TMGetLedger,"itype: liBASE; ledgerHash: ""\252\344\245^L==\235\021\032V\220\341+U\353\274\372=u\225\337\321k\342\217\031\035&\261k*""; queryType: qtINDIRECT; ","itype: liBASE; ledgerHash: ""\252\344\245^L==\235\021\032V\220\341+U\353\274\372=u\225\337\321k\342\217\031\035&\261k*""; queryType: qtINDIRECT; "
1750527705495,1750527705495,0,1,4,1,TMValidation,"validation: """"\200\000\000\001&\000\000\0007)/\351\253Y:p\210\265\307-\212\200\004Q\252\344\245^L==\235\021\032V\220\341+U\353\274\372=u\225\337\321k\342\217\031\035&\261k*P\027\000\000\000\000\000\000\000\000\000\000\000\000\000\000\000\000\000\000\000\000\000\000\000\000\000\000\000\000\000\000\000\000P\031\220lA\251D\0246\305z\207\225\254\360\010\233K$\222\242w\316\025\202/\356\266\371/\256\354\300\373s!\002\364d\217\366\217|\316F\232\231\241\n\261\333`\312O\367\235\025DD\336e\367\n\312\326\221\037\025\230vF0D\002 l\300=\324\231\001\202w\372\332\204\343\017\200c\201\205\034\370\301Q\263K\000\303\235;\335\320{N\242\002 F\230\227\3309\217\331\t\370\323\372\237""qm\245\253`\031\224\356\022\223\275@\r\3119o""?""""; ","validation: """"\200\000\000\001&\000\000\0007)/\351\253Y:p\210\265\307-\212\200\004Q\252\344\245^L==\235\021\032V\220\341+U\353\274\372=u\225\337\321k\342\217\031\035&\261k*P\027\000\000\000\000\000\000\000\000\000\000\000\000\000\000\000\000\000\000\000\000\000\000\000\000\000\000\000\000\000\000\000\000P\031\220lA\251D\0246\305z\207\225\254\360\010\233K$\222\242w\316\025\202/\356\266\371/\256\354\300\373s!\002\364d\217\366\217|\316F\232\231\241\n\261\333`\312O\367\235\025DD\336e\367\n\312\326\221\037\025\230vF0D\002 l\300=\324\231\001\202w\372\332\204\343\017\200c\201\205\034\370\301Q\263K\000\303\235;\335\320{N\242\002 F\230\227\3309\217\331\t\370\323\372\237""qm\245\253`\031\224\356\022\223\275@\r\3119o""?""""; "
1750527705495,1750527705495,0,1,4,0,TMGetLedger,"itype: liBASE; ledgerHash: ""\252\344\245^L==\235\021\032V\220\341+U\353\274\372=u\225\337\321k\342\217\031\035&\261k*""; queryType: qtINDIRECT; ","itype: liBASE; ledgerHash: ""\252\344\245^L==\235\021\032V\220\341+U\353\274\372=u\225\337\321k\342\217\031\035&\261k*""; queryType: qtINDIRECT; "
1750527705496,1750527705496,0,1,4,1,TMGetLedger,"itype: liBASE; ledgerHash: ""\252\344\245^L==\235\021\032V\220\341+U\353\274\372=u\225\337\321k\342\217\031\035&\261k*""; queryType: qtINDIRECT; ","itype: liBASE; ledgerHash: ""\252\344\245^L==\235\021\032V\220\341+U\353\274\372=u\225\337\321k\342\217\031\035&\261k*""; queryType: qtINDIRECT; "
1750527705496,1750527705496,0,1,4,3,TMGetLedger,"itype: liBASE; ledgerHash: ""\252\344\245^L==\235\021\032V\220\341+U\353\274\372=u\225\337\321k\342\217\031\035&\261k*""; queryType: qtINDIRECT; ","itype: liBASE; ledgerHash: ""\252\344\245^L==\235\021\032V\220\341+U\353\274\372=u\225\337\321k\342\217\031\035&\261k*""; queryType: qtINDIRECT; "
1750527705496,1750527705496,0,1,0,2,TMGetLedger,"itype: liBASE; ledgerHash: ""\252\344\245^L==\235\021\032V\220\341+U\353\274\372=u\225\337\321k\342\217\031\035&\261k*""; ledgerSeq: 55; ","itype: liBASE; ledgerHash: ""\252\344\245^L==\235\021\032V\220\341+U\353\274\372=u\225\337\321k\342\217\031\035&\261k*""; ledgerSeq: 55; "
1750527705497,1750527705497,0,1,0,3,TMGetLedger,"itype: liBASE; ledgerHash: ""\252\344\245^L==\235\021\032V\220\341+U\353\274\372=u\225\337\321k\342\217\031\035&\261k*""; ledgerSeq: 55; ","itype: liBASE; ledgerHash: ""\252\344\245^L==\235\021\032V\220\341+U\353\274\372=u\225\337\321k\342\217\031\035&\261k*""; ledgerSeq: 55; "
1750527705497,1750527705498,0,1,0,4,TMGetLedger,"itype: liBASE; ledgerHash: ""\252\344\245^L==\235\021\032V\220\341+U\353\274\372=u\225\337\321k\342\217\031\035&\261k*""; ledgerSeq: 55; ","itype: liBASE; ledgerHash: ""\252\344\245^L==\235\021\032V\220\341+U\353\274\372=u\225\337\321k\342\217\031\035&\261k*""; ledgerSeq: 55; "
1750527705498,1750527705498,0,1,0,1,TMGetLedger,"itype: liBASE; ledgerHash: ""\252\344\245^L==\235\021\032V\220\341+U\353\274\372=u\225\337\321k\342\217\031\035&\261k*""; ledgerSeq: 55; ","itype: liBASE; ledgerHash: ""\252\344\245^L==\235\021\032V\220\341+U\353\274\372=u\225\337\321k\342\217\031\035&\261k*""; ledgerSeq: 55; "
1750527705499,1750527705499,0,1,0,4,TMValidation,"validation: """"\200\000\000\001&\000\000\0007)/\351\253Y:p\210\265\307-\212\200\004Q\252\344\245^L==\235\021\032V\220\341+U\353\274\372=u\225\337\321k\342\217\031\035&\261k*P\027\000\000\000\000\000\000\000\000\000\000\000\000\000\000\000\000\000\000\000\000\000\000\000\000\000\000\000\000\000\000\000\000P\031\220lA\251D\0246\305z\207\225\254\360\010\233K$\222\242w\316\025\202/\356\266\371/\256\354\300\373s!\002\364d\217\366\217|\316F\232\231\241\n\261\333`\312O\367\235\025DD\336e\367\n\312\326\221\037\025\230vF0D\002 l\300=\324\231\001\202w\372\332\204\343\017\200c\201\205\034\370\301Q\263K\000\303\235;\335\320{N\242\002 F\230\227\3309\217\331\t\370\323\372\237""qm\245\253`\031\224\356\022\223\275@\r\3119o""?""""; ","validation: """"\200\000\000\001&\000\000\0007)/\351\253Y:p\210\265\307-\212\200\004Q\252\344\245^L==\235\021\032V\220\341+U\353\274\372=u\225\337\321k\342\217\031\035&\261k*P\027\000\000\000\000\000\000\000\000\000\000\000\000\000\000\000\000\000\000\000\000\000\000\000\000\000\000\000\000\000\000\000\000P\031\220lA\251D\0246\305z\207\225\254\360\010\233K$\222\242w\316\025\202/\356\266\371/\256\354\300\373s!\002\364d\217\366\217|\316F\232\231\241\n\261\333`\312O\367\235\025DD\336e\367\n\312\326\221\037\025\230vF0D\002 l\300=\324\231\001\202w\372\332\204\343\017\200c\201\205\034\370\301Q\263K\000\303\235;\335\320{N\242\002 F\230\227\3309\217\331\t\370\323\372\237""qm\245\253`\031\224\356\022\223\275@\r\3119o""?""""; "
1750527705499,1750527705499,0,1,1,0,TMGetLedger,"itype: liBASE; ledgerHash: ""\252\344\245^L==\235\021\032V\220\341+U\353\274\372=u\225\337\321k\342\217\031\035&\261k*""; ledgerSeq: 55; ","itype: liBASE; ledgerHash: ""\252\344\245^L==\235\021\032V\220\341+U\353\274\372=u\225\337\321k\342\217\031\035&\261k*""; ledgerSeq: 55; "
1750527705500,1750527705500,0,1,1,3,TMGetLedger,"itype: liBASE; ledgerHash: ""\252\344\245^L==\235\021\032V\220\341+U\353\274\372=u\225\337\321k\342\217\031\035&\261k*""; ledgerSeq: 55; ","itype: liBASE; ledgerHash: ""\252\344\245^L==\235\021\032V\220\341+U\353\274\372=u\225\337\321k\342\217\031\035&\261k*""; ledgerSeq: 55; "
1750527705500,1750527705501,0,1,0,4,TMGetLedger,"itype: liBASE; ledgerHash: ""\252\344\245^L==\235\021\032V\220\341+U\353\274\372=u\225\337\321k\342\217\031\035&\261k*""; ledgerSeq: 55; queryType: qtINDIRECT; ","itype: liBASE; ledgerHash: ""\252\344\245^L==\235\021\032V\220\341+U\353\274\372=u\225\337\321k\342\217\031\035&\261k*""; ledgerSeq: 55; queryType: qtINDIRECT; "
1750527705501,1750527705501,0,1,1,2,TMGetLedger,"itype: liBASE; ledgerHash: ""\252\344\245^L==\235\021\032V\220\341+U\353\274\372=u\225\337\321k\342\217\031\035&\261k*""; ledgerSeq: 55; ","itype: liBASE; ledgerHash: ""\252\344\245^L==\235\021\032V\220\341+U\353\274\372=u\225\337\321k\342\217\031\035&\261k*""; ledgerSeq: 55; "
1750527705501,1750527705501,0,1,1,4,TMGetLedger,"itype: liBASE; ledgerHash: ""\252\344\245^L==\235\021\032V\220\341+U\353\274\372=u\225\337\321k\342\217\031\035&\261k*""; ledgerSeq: 55; ","itype: liBASE; ledgerHash: ""\252\344\245^L==\235\021\032V\220\341+U\353\274\372=u\225\337\321k\342\217\031\035&\261k*""; ledgerSeq: 55; "
1750527705502,1750527705502,0,1,0,3,TMGetLedger,"itype: liBASE; ledgerHash: ""\252\344\245^L==\235\021\032V\220\341+U\353\274\372=u\225\337\321k\342\217\031\035&\261k*""; ledgerSeq: 55; queryType: qtINDIRECT; ","itype: liBASE; ledgerHash: ""\252\344\245^L==\235\021\032V\220\341+U\353\274\372=u\225\337\321k\342\217\031\035&\261k*""; ledgerSeq: 55; queryType: qtINDIRECT; "
1750527705502,1750527705502,0,1,1,2,TMGetLedger,"itype: liBASE; ledgerHash: ""\252\344\245^L==\235\021\032V\220\341+U\353\274\372=u\225\337\321k\342\217\031\035&\261k*""; ledgerSeq: 55; queryType: qtINDIRECT; ","itype: liBASE; ledgerHash: ""\252\344\245^L==\235\021\032V\220\341+U\353\274\372=u\225\337\321k\342\217\031\035&\261k*""; ledgerSeq: 55; queryType: qtINDIRECT; "
1750527705502,1750527705502,0,1,1,2,TMValidation,"validation: """"\200\000\000\001&\000\000\0007)/\351\253Y:p\210\265\307-\212\200\004Q\252\344\245^L==\235\021\032V\220\341+U\353\274\372=u\225\337\321k\342\217\031\035&\261k*P\027\000\000\000\000\000\000\000\000\000\000\000\000\000\000\000\000\000\000\000\000\000\000\000\000\000\000\000\000\000\000\000\000P\031\220lA\251D\0246\305z\207\225\254\360\010\233K$\222\242w\316\025\202/\356\266\371/\256\354\300\373s!\002\364d\217\366\217|\316F\232\231\241\n\261\333`\312O\367\235\025DD\336e\367\n\312\326\221\037\025\230vF0D\002 l\300=\324\231\001\202w\372\332\204\343\017\200c\201\205\034\370\301Q\263K\000\303\235;\335\320{N\242\002 F\230\227\3309\217\331\t\370\323\372\237""qm\245\253`\031\224\356\022\223\275@\r\3119o""?""""; ","validation: """"\200\000\000\001&\000\000\0007)/\351\253Y:p\210\265\307-\212\200\004Q\252\344\245^L==\235\021\032V\220\341+U\353\274\372=u\225\337\321k\342\217\031\035&\261k*P\027\000\000\000\000\000\000\000\000\000\000\000\000\000\000\000\000\000\000\000\000\000\000\000\000\000\000\000\000\000\000\000\000P\031\220lA\251D\0246\305z\207\225\254\360\010\233K$\222\242w\316\025\202/\356\266\371/\256\354\300\373s!\002\364d\217\366\217|\316F\232\231\241\n\261\333`\312O\367\235\025DD\336e\367\n\312\326\221\037\025\230vF0D\002 l\300=\324\231\001\202w\372\332\204\343\017\200c\201\205\034\370\301Q\263K\000\303\235;\335\320{N\242\002 F\230\227\3309\217\331\t\370\323\372\237""qm\245\253`\031\224\356\022\223\275@\r\3119o""?""""; "
1750527705503,1750527705503,0,1,3,2,TMLedgerData,"ledgerHash: ""\252\344\245^L==\235\021\032V\220\341+U\353\274\372=u\225\337\321k\342\217\031\035&\261k*""; ledgerSeq: 55; type: liBASE; nodes {;   nodedata: ""\000\000\0007\001cEx]\211\377\330\220lA\251D\0246\305z\207\225\254\360\010\233K$\222\242w\316\025\202/\356\266\371/\256\354\300\373\000\000\000\000\000\000\000\000\000\000\000\000\000\000\000\000\000\000\000\000\000\000\000\000\000\000\000\000\000\000\000\000\302ESY\341_\033!-N\357\017\201\243\241H\244\222\302ad\300\306M\225\2671\226\351\225[\260/\351\253U/\351\253V\n\000""; }; nodes {;   nodedata: ""\323C\344\327\264{\312-\017:\006{\177\344N\002\326bO\260\220\006\033\362\345\005U\221DzJ0\001\301\025%1L\307\t\261\262z\374\222T\301\274V\236\223\262\270Ct\362\337b\356\024*\324\320\351\317\002k\336\234\027v\351\217\260\303\360\233ZPZWr\246$w\313\313\r\243r\232\2234\373\3539:N\004Q\245\272D\312D\300\300\t\323\0257\345e\271\na\215{\226\255x%T\257\037\333\004\344_/R\006E\344\037@\210\363\010\336T\226\247'\204_{\261\370""1\235\2445\343\033Y!\212\201\341\272\225'\0078\032;n\374\023\335\006\302\274\330#C\271wt\207\334\002Q\337+\355\274\004\000/W\353\354nF\013\003""; }; ","ledgerHash: ""\252\344\245^L==\235\021\032V\220\341+U\353\274\372=u\225\337\321k\342\217\031\035&\261k*""; ledgerSeq: 55; type: liBASE; nodes {;   nodedata: ""\000\000\0007\001cEx]\211\377\330\220lA\251D\0246\305z\207\225\254\360\010\233K$\222\242w\316\025\202/\356\266\371/\256\354\300\373\000\000\000\000\000\000\000\000\000\000\000\000\000\000\000\000\000\000\000\000\000\000\000\000\000\000\000\000\000\000\000\000\302ESY\341_\033!-N\357\017\201\243\241H\244\222\302ad\300\306M\225\2671\226\351\225[\260/\351\253U/\351\253V\n\000""; }; nodes {;   nodedata: ""\323C\344\327\264{\312-\017:\006{\177\344N\002\326bO\260\220\006\033\362\345\005U\221DzJ0\001\301\025%1L\307\t\261\262z\374\222T\301\274V\236\223\262\270Ct\362\337b\356\024*\324\320\351\317\002k\336\234\027v\351\217\260\303\360\233ZPZWr\246$w\313\313\r\243r\232\2234\373\3539:N\004Q\245\272D\312D\300\300\t\323\0257\345e\271\na\215{\226\255x%T\257\037\333\004\344_/R\006E\344\037@\210\363\010\336T\226\247'\204_{\261\370""1\235\2445\343\033Y!\212\201\341\272\225'\0078\032;n\374\023\335\006\302\274\330#C\271wt\207\334\002Q\337+\355\274\004\000/W\353\354nF\013\003""; }; "
1750527705504,1750527705504,0,1,0,2,TMGetLedger,"itype: liBASE; ledgerHash: ""\252\344\245^L==\235\021\032V\220\341+U\353\274\372=u\225\337\321k\342\217\031\035&\261k*""; ledgerSeq: 55; queryType: qtINDIRECT; ","itype: liBASE; ledgerHash: ""\252\344\245^L==\235\021\032V\220\341+U\353\274\372=u\225\337\321k\342\217\031\035&\261k*""; ledgerSeq: 55; queryType: qtINDIRECT; "
1750527705504,1750527705504,0,1,0,2,TMValidation,"validation: """"\200\000\000\001&\000\000\0007)/\351\253Y:p\210\265\307-\212\200\004Q\252\344\245^L==\235\021\032V\220\341+U\353\274\372=u\225\337\321k\342\217\031\035&\261k*P\027\000\000\000\000\000\000\000\000\000\000\000\000\000\000\000\000\000\000\000\000\000\000\000\000\000\000\000\000\000\000\000\000P\031\220lA\251D\0246\305z\207\225\254\360\010\233K$\222\242w\316\025\202/\356\266\371/\256\354\300\373s!\002\364d\217\366\217|\316F\232\231\241\n\261\333`\312O\367\235\025DD\336e\367\n\312\326\221\037\025\230vF0D\002 l\300=\324\231\001\202w\372\332\204\343\017\200c\201\205\034\370\301Q\263K\000\303\235;\335\320{N\242\002 F\230\227\3309\217\331\t\370\323\372\237""qm\245\253`\031\224\356\022\223\275@\r\3119o""?""""; ","validation: """"\200\000\000\001&\000\000\0007)/\351\253Y:p\210\265\307-\212\200\004Q\252\344\245^L==\235\021\032V\220\341+U\353\274\372=u\225\337\321k\342\217\031\035&\261k*P\027\000\000\000\000\000\000\000\000\000\000\000\000\000\000\000\000\000\000\000\000\000\000\000\000\000\000\000\000\000\000\000\000P\031\220lA\251D\0246\305z\207\225\254\360\010\233K$\222\242w\316\025\202/\356\266\371/\256\354\300\373s!\002\364d\217\366\217|\316F\232\231\241\n\261\333`\312O\367\235\025DD\336e\367\n\312\326\221\037\025\230vF0D\002 l\300=\324\231\001\202w\372\332\204\343\017\200c\201\205\034\370\301Q\263K\000\303\235;\335\320{N\242\002 F\230\227\3309\217\331\t\370\323\372\237""qm\245\253`\031\224\356\022\223\275@\r\3119o""?""""; "
1750527705505,1750527705505,0,1,3,2,TMLedgerData,"ledgerHash: ""\252\344\245^L==\235\021\032V\220\341+U\353\274\372=u\225\337\321k\342\217\031\035&\261k*""; ledgerSeq: 55; type: liBASE; nodes {;   nodedata: ""\000\000\0007\001cEx]\211\377\330\220lA\251D\0246\305z\207\225\254\360\010\233K$\222\242w\316\025\202/\356\266\371/\256\354\300\373\000\000\000\000\000\000\000\000\000\000\000\000\000\000\000\000\000\000\000\000\000\000\000\000\000\000\000\000\000\000\000\000\302ESY\341_\033!-N\357\017\201\243\241H\244\222\302ad\300\306M\225\2671\226\351\225[\260/\351\253U/\351\253V\n\000""; }; nodes {;   nodedata: ""\323C\344\327\264{\312-\017:\006{\177\344N\002\326bO\260\220\006\033\362\345\005U\221DzJ0\001\301\025%1L\307\t\261\262z\374\222T\301\274V\236\223\262\270Ct\362\337b\356\024*\324\320\351\317\002k\336\234\027v\351\217\260\303\360\233ZPZWr\246$w\313\313\r\243r\232\2234\373\3539:N\004Q\245\272D\312D\300\300\t\323\0257\345e\271\na\215{\226\255x%T\257\037\333\004\344_/R\006E\344\037@\210\363\010\336T\226\247'\204_{\261\370""1\235\2445\343\033Y!\212\201\341\272\225'\0078\032;n\374\023\335\006\302\274\330#C\271wt\207\334\002Q\337+\355\274\004\000/W\353\354nF\013\003""; }; ","ledgerHash: ""\252\344\245^L==\235\021\032V\220\341+U\353\274\372=u\225\337\321k\342\217\031\035&\261k*""; ledgerSeq: 55; type: liBASE; nodes {;   nodedata: ""\000\000\0007\001cEx]\211\377\330\220lA\251D\0246\305z\207\225\254\360\010\233K$\222\242w\316\025\202/\356\266\371/\256\354\300\373\000\000\000\000\000\000\000\000\000\000\000\000\000\000\000\000\000\000\000\000\000\000\000\000\000\000\000\000\000\000\000\000\302ESY\341_\033!-N\357\017\201\243\241H\244\222\302ad\300\306M\225\2671\226\351\225[\260/\351\253U/\351\253V\n\000""; }; nodes {;   nodedata: ""\323C\344\327\264{\312-\017:\006{\177\344N\002\326bO\260\220\006\033\362\345\005U\221DzJ0\001\301\025%1L\307\t\261\262z\374\222T\301\274V\236\223\262\270Ct\362\337b\356\024*\324\320\351\317\002k\336\234\027v\351\217\260\303\360\233ZPZWr\246$w\313\313\r\243r\232\2234\373\3539:N\004Q\245\272D\312D\300\300\t\323\0257\345e\271\na\215{\226\255x%T\257\037\333\004\344_/R\006E\344\037@\210\363\010\336T\226\247'\204_{\261\370""1\235\2445\343\033Y!\212\201\341\272\225'\0078\032;n\374\023\335\006\302\274\330#C\271wt\207\334\002Q\337+\355\274\004\000/W\353\354nF\013\003""; }; "
1750527705505,1750527705505,0,1,2,4,TMGetLedger,"itype: liBASE; ledgerHash: ""\252\344\245^L==\235\021\032V\220\341+U\353\274\372=u\225\337\321k\342\217\031\035&\261k*""; ledgerSeq: 55; queryType: qtINDIRECT; ","itype: liBASE; ledgerHash: ""\252\344\245^L==\235\021\032V\220\341+U\353\274\372=u\225\337\321k\342\217\031\035&\261k*""; ledgerSeq: 55; queryType: qtINDIRECT; "
1750527705506,1750527705506,0,1,2,4,TMValidation,"validation: """"\200\000\000\001&\000\000\0007)/\351\253Y:p\210\265\307-\212\200\004Q\252\344\245^L==\235\021\032V\220\341+U\353\274\372=u\225\337\321k\342\217\031\035&\261k*P\027\000\000\000\000\000\000\000\000\000\000\000\000\000\000\000\000\000\000\000\000\000\000\000\000\000\000\000\000\000\000\000\000P\031\220lA\251D\0246\305z\207\225\254\360\010\233K$\222\242w\316\025\202/\356\266\371/\256\354\300\373s!\002\364d\217\366\217|\316F\232\231\241\n\261\333`\312O\367\235\025DD\336e\367\n\312\326\221\037\025\230vF0D\002 l\300=\324\231\001\202w\372\332\204\343\017\200c\201\205\034\370\301Q\263K\000\303\235;\335\320{N\242\002 F\230\227\3309\217\331\t\370\323\372\237""qm\245\253`\031\224\356\022\223\275@\r\3119o""?""""; ","validation: """"\200\000\000\001&\000\000\0007)/\351\253Y:p\210\265\307-\212\200\004Q\252\344\245^L==\235\021\032V\220\341+U\353\274\372=u\225\337\321k\342\217\031\035&\261k*P\027\000\000\000\000\000\000\000\000\000\000\000\000\000\000\000\000\000\000\000\000\000\000\000\000\000\000\000\000\000\000\000\000P\031\220lA\251D\0246\305z\207\225\254\360\010\233K$\222\242w\316\025\202/\356\266\371/\256\354\300\373s!\002\364d\217\366\217|\316F\232\231\241\n\261\333`\312O\367\235\025DD\336e\367\n\312\326\221\037\025\230vF0D\002 l\300=\324\231\001\202w\372\332\204\343\017\200c\201\205\034\370\301Q\263K\000\303\235;\335\320{N\242\002 F\230\227\3309\217\331\t\370\323\372\237""qm\245\253`\031\224\356\022\223\275@\r\3119o""?""""; "
1750527705506,1750527705506,0,1,3,4,TMLedgerData,"ledgerHash: ""\252\344\245^L==\235\021\032V\220\341+U\353\274\372=u\225\337\321k\342\217\031\035&\261k*""; ledgerSeq: 55; type: liBASE; nodes {;   nodedata: ""\000\000\0007\001cEx]\211\377\330\220lA\251D\0246\305z\207\225\254\360\010\233K$\222\242w\316\025\202/\356\266\371/\256\354\300\373\000\000\000\000\000\000\000\000\000\000\000\000\000\000\000\000\000\000\000\000\000\000\000\000\000\000\000\000\000\000\000\000\302ESY\341_\033!-N\357\017\201\243\241H\244\222\302ad\300\306M\225\2671\226\351\225[\260/\351\253U/\351\253V\n\000""; }; nodes {;   nodedata: ""\323C\344\327\264{\312-\017:\006{\177\344N\002\326bO\260\220\006\033\362\345\005U\221DzJ0\001\301\025%1L\307\t\261\262z\374\222T\301\274V\236\223\262\270Ct\362\337b\356\024*\324\320\351\317\002k\336\234\027v\351\217\260\303\360\233ZPZWr\246$w\313\313\r\243r\232\2234\373\3539:N\004Q\245\272D\312D\300\300\t\323\0257\345e\271\na\215{\226\255x%T\257\037\333\004\344_/R\006E\344\037@\210\363\010\336T\226\247'\204_{\261\370""1\235\2445\343\033Y!\212\201\341\272\225'\0078\032;n\374\023\335\006\302\274\330#C\271wt\207\334\002Q\337+\355\274\004\000/W\353\354nF\013\003""; }; ","ledgerHash: ""\252\344\245^L==\235\021\032V\220\341+U\353\274\372=u\225\337\321k\342\217\031\035&\261k*""; ledgerSeq: 55; type: liBASE; nodes {;   nodedata: ""\000\000\0007\001cEx]\211\377\330\220lA\251D\0246\305z\207\225\254\360\010\233K$\222\242w\316\025\202/\356\266\371/\256\354\300\373\000\000\000\000\000\000\000\000\000\000\000\000\000\000\000\000\000\000\000\000\000\000\000\000\000\000\000\000\000\000\000\000\302ESY\341_\033!-N\357\017\201\243\241H\244\222\302ad\300\306M\225\2671\226\351\225[\260/\351\253U/\351\253V\n\000""; }; nodes {;   nodedata: ""\323C\344\327\264{\312-\017:\006{\177\344N\002\326bO\260\220\006\033\362\345\005U\221DzJ0\001\301\025%1L\307\t\261\262z\374\222T\301\274V\236\223\262\270Ct\362\337b\356\024*\324\320\351\317\002k\336\234\027v\351\217\260\303\360\233ZPZWr\246$w\313\313\r\243r\232\2234\373\3539:N\004Q\245\272D\312D\300\300\t\323\0257\345e\271\na\215{\226\255x%T\257\037\333\004\344_/R\006E\344\037@\210\363\010\336T\226\247'\204_{\261\370""1\235\2445\343\033Y!\212\201\341\272\225'\0078\032;n\374\023\335\006\302\274\330#C\271wt\207\334\002Q\337+\355\274\004\000/W\353\354nF\013\003""; }; "
1750527705507,1750527705507,0,1,1,4,TMGetLedger,"itype: liBASE; ledgerHash: ""\252\344\245^L==\235\021\032V\220\341+U\353\274\372=u\225\337\321k\342\217\031\035&\261k*""; ledgerSeq: 55; queryType: qtINDIRECT; ","itype: liBASE; ledgerHash: ""\252\344\245^L==\235\021\032V\220\341+U\353\274\372=u\225\337\321k\342\217\031\035&\261k*""; ledgerSeq: 55; queryType: qtINDIRECT; "
1750527705507,1750527705507,0,1,1,4,TMValidation,"validation: """"\200\000\000\001&\000\000\0007)/\351\253Y:p\210\265\307-\212\200\004Q\252\344\245^L==\235\021\032V\220\341+U\353\274\372=u\225\337\321k\342\217\031\035&\261k*P\027\000\000\000\000\000\000\000\000\000\000\000\000\000\000\000\000\000\000\000\000\000\000\000\000\000\000\000\000\000\000\000\000P\031\220lA\251D\0246\305z\207\225\254\360\010\233K$\222\242w\316\025\202/\356\266\371/\256\354\300\373s!\002\364d\217\366\217|\316F\232\231\241\n\261\333`\312O\367\235\025DD\336e\367\n\312\326\221\037\025\230vF0D\002 l\300=\324\231\001\202w\372\332\204\343\017\200c\201\205\034\370\301Q\263K\000\303\235;\335\320{N\242\002 F\230\227\3309\217\331\t\370\323\372\237""qm\245\253`\031\224\356\022\223\275@\r\3119o""?""""; ","validation: """"\200\000\000\001&\000\000\0007)/\351\253Y:p\210\265\307-\212\200\004Q\252\344\245^L==\235\021\032V\220\341+U\353\274\372=u\225\337\321k\342\217\031\035&\261k*P\027\000\000\000\000\000\000\000\000\000\000\000\000\000\000\000\000\000\000\000\000\000\000\000\000\000\000\000\000\000\000\000\000P\031\220lA\251D\0246\305z\207\225\254\360\010\233K$\222\242w\316\025\202/\356\266\371/\256\354\300\373s!\002\364d\217\366\217|\316F\232\231\241\n\261\333`\312O\367\235\025DD\336e\367\n\312\326\221\037\025\230vF0D\002 l\300=\324\231\001\202w\372\332\204\343\017\200c\201\205\034\370\301Q\263K\000\303\235;\335\320{N\242\002 F\230\227\3309\217\331\t\370\323\372\237""qm\245\253`\031\224\356\022\223\275@\r\3119o""?""""; "
1750527705508,1750527705508,0,1,2,3,TMGetLedger,"itype: liBASE; ledgerHash: ""\252\344\245^L==\235\021\032V\220\341+U\353\274\372=u\225\337\321k\342\217\031\035&\261k*""; requestCookie: 5; queryType: qtINDIRECT; ","itype: liBASE; ledgerHash: ""\252\344\245^L==\235\021\032V\220\341+U\353\274\372=u\225\337\321k\342\217\031\035&\261k*""; requestCookie: 5; queryType: qtINDIRECT; "
1750527705508,1750527705508,0,1,3,4,TMLedgerData,"ledgerHash: ""\252\344\245^L==\235\021\032V\220\341+U\353\274\372=u\225\337\321k\342\217\031\035&\261k*""; ledgerSeq: 55; type: liBASE; nodes {;   nodedata: ""\000\000\0007\001cEx]\211\377\330\220lA\251D\0246\305z\207\225\254\360\010\233K$\222\242w\316\025\202/\356\266\371/\256\354\300\373\000\000\000\000\000\000\000\000\000\000\000\000\000\000\000\000\000\000\000\000\000\000\000\000\000\000\000\000\000\000\000\000\302ESY\341_\033!-N\357\017\201\243\241H\244\222\302ad\300\306M\225\2671\226\351\225[\260/\351\253U/\351\253V\n\000""; }; nodes {;   nodedata: ""\323C\344\327\264{\312-\017:\006{\177\344N\002\326bO\260\220\006\033\362\345\005U\221DzJ0\001\301\025%1L\307\t\261\262z\374\222T\301\274V\236\223\262\270Ct\362\337b\356\024*\324\320\351\317\002k\336\234\027v\351\217\260\303\360\233ZPZWr\246$w\313\313\r\243r\232\2234\373\3539:N\004Q\245\272D\312D\300\300\t\323\0257\345e\271\na\215{\226\255x%T\257\037\333\004\344_/R\006E\344\037@\210\363\010\336T\226\247'\204_{\261\370""1\235\2445\343\033Y!\212\201\341\272\225'\0078\032;n\374\023\335\006\302\274\330#C\271wt\207\334\002Q\337+\355\274\004\000/W\353\354nF\013\003""; }; ","ledgerHash: ""\252\344\245^L==\235\021\032V\220\341+U\353\274\372=u\225\337\321k\342\217\031\035&\261k*""; ledgerSeq: 55; type: liBASE; nodes {;   nodedata: ""\000\000\0007\001cEx]\211\377\330\220lA\251D\0246\305z\207\225\254\360\010\233K$\222\242w\316\025\202/\356\266\371/\256\354\300\373\000\000\000\000\000\000\000\000\000\000\000\000\000\000\000\000\000\000\000\000\000\000\000\000\000\000\000\000\000\000\000\000\302ESY\341_\033!-N\357\017\201\243\241H\244\222\302ad\300\306M\225\2671\226\351\225[\260/\351\253U/\351\253V\n\000""; }; nodes {;   nodedata: ""\323C\344\327\264{\312-\017:\006{\177\344N\002\326bO\260\220\006\033\362\345\005U\221DzJ0\001\301\025%1L\307\t\261\262z\374\222T\301\274V\236\223\262\270Ct\362\337b\356\024*\324\320\351\317\002k\336\234\027v\351\217\260\303\360\233ZPZWr\246$w\313\313\r\243r\232\2234\373\3539:N\004Q\245\272D\312D\300\300\t\323\0257\345e\271\na\215{\226\255x%T\257\037\333\004\344_/R\006E\344\037@\210\363\010\336T\226\247'\204_{\261\370""1\235\2445\343\033Y!\212\201\341\272\225'\0078\032;n\374\023\335\006\302\274\330#C\271wt\207\334\002Q\337+\355\274\004\000/W\353\354nF\013\003""; }; "
1750527705509,1750527705509,0,1,3,0,TMLedgerData,"ledgerHash: ""\252\344\245^L==\235\021\032V\220\341+U\353\274\372=u\225\337\321k\342\217\031\035&\261k*""; ledgerSeq: 55; type: liBASE; nodes {;   nodedata: ""\000\000\0007\001cEx]\211\377\330\220lA\251D\0246\305z\207\225\254\360\010\233K$\222\242w\316\025\202/\356\266\371/\256\354\300\373\000\000\000\000\000\000\000\000\000\000\000\000\000\000\000\000\000\000\000\000\000\000\000\000\000\000\000\000\000\000\000\000\302ESY\341_\033!-N\357\017\201\243\241H\244\222\302ad\300\306M\225\2671\226\351\225[\260/\351\253U/\351\253V\n\000""; }; nodes {;   nodedata: ""\323C\344\327\264{\312-\017:\006{\177\344N\002\326bO\260\220\006\033\362\345\005U\221DzJ0\001\301\025%1L\307\t\261\262z\374\222T\301\274V\236\223\262\270Ct\362\337b\356\024*\324\320\351\317\002k\336\234\027v\351\217\260\303\360\233ZPZWr\246$w\313\313\r\243r\232\2234\373\3539:N\004Q\245\272D\312D\300\300\t\323\0257\345e\271\na\215{\226\255x%T\257\037\333\004\344_/R\006E\344\037@\210\363\010\336T\226\247'\204_{\261\370""1\235\2445\343\033Y!\212\201\341\272\225'\0078\032;n\374\023\335\006\302\274\330#C\271wt\207\334\002Q\337+\355\274\004\000/W\353\354nF\013\003""; }; ","ledgerHash: ""\252\344\245^L==\235\021\032V\220\341+U\353\274\372=u\225\337\321k\342\217\031\035&\261k*""; ledgerSeq: 55; type: liBASE; nodes {;   nodedata: ""\000\000\0007\001cEx]\211\377\330\220lA\251D\0246\305z\207\225\254\360\010\233K$\222\242w\316\025\202/\356\266\371/\256\354\300\373\000\000\000\000\000\000\000\000\000\000\000\000\000\000\000\000\000\000\000\000\000\000\000\000\000\000\000\000\000\000\000\000\302ESY\341_\033!-N\357\017\201\243\241H\244\222\302ad\300\306M\225\2671\226\351\225[\260/\351\253U/\351\253V\n\000""; }; nodes {;   nodedata: ""\323C\344\327\264{\312-\017:\006{\177\344N\002\326bO\260\220\006\033\362\345\005U\221DzJ0\001\301\025%1L\307\t\261\262z\374\222T\301\274V\236\223\262\270Ct\362\337b\356\024*\324\320\351\317\002k\336\234\027v\351\217\260\303\360\233ZPZWr\246$w\313\313\r\243r\232\2234\373\3539:N\004Q\245\272D\312D\300\300\t\323\0257\345e\271\na\215{\226\255x%T\257\037\333\004\344_/R\006E\344\037@\210\363\010\336T\226\247'\204_{\261\370""1\235\2445\343\033Y!\212\201\341\272\225'\0078\032;n\374\023\335\006\302\274\330#C\271wt\207\334\002Q\337+\355\274\004\000/W\353\354nF\013\003""; }; "
1750527705509,1750527705509,0,1,1,0,TMGetLedger,"itype: liBASE; ledgerHash: ""\252\344\245^L==\235\021\032V\220\341+U\353\274\372=u\225\337\321k\342\217\031\035&\261k*""; ledgerSeq: 55; queryType: qtINDIRECT; ","itype: liBASE; ledgerHash: ""\252\344\245^L==\235\021\032V\220\341+U\353\274\372=u\225\337\321k\342\217\031\035&\261k*""; ledgerSeq: 55; queryType: qtINDIRECT; "
1750527705510,1750527705510,0,1,1,0,TMValidation,"validation: """"\200\000\000\001&\000\000\0007)/\351\253Y:p\210\265\307-\212\200\004Q\252\344\245^L==\235\021\032V\220\341+U\353\274\372=u\225\337\321k\342\217\031\035&\261k*P\027\000\000\000\000\000\000\000\000\000\000\000\000\000\000\000\000\000\000\000\000\000\000\000\000\000\000\000\000\000\000\000\000P\031\220lA\251D\0246\305z\207\225\254\360\010\233K$\222\242w\316\025\202/\356\266\371/\256\354\300\373s!\002\364d\217\366\217|\316F\232\231\241\n\261\333`\312O\367\235\025DD\336e\367\n\312\326\221\037\025\230vF0D\002 l\300=\324\231\001\202w\372\332\204\343\017\200c\201\205\034\370\301Q\263K\000\303\235;\335\320{N\242\002 F\230\227\3309\217\331\t\370\323\372\237""qm\245\253`\031\224\356\022\223\275@\r\3119o""?""""; ","validation: """"\200\000\000\001&\000\000\0007)/\351\253Y:p\210\265\307-\212\200\004Q\252\344\245^L==\235\021\032V\220\341+U\353\274\372=u\225\337\321k\342\217\031\035&\261k*P\027\000\000\000\000\000\000\000\000\000\000\000\000\000\000\000\000\000\000\000\000\000\000\000\000\000\000\000\000\000\000\000\000P\031\220lA\251D\0246\305z\207\225\254\360\010\233K$\222\242w\316\025\202/\356\266\371/\256\354\300\373s!\002\364d\217\366\217|\316F\232\231\241\n\261\333`\312O\367\235\025DD\336e\367\n\312\326\221\037\025\230vF0D\002 l\300=\324\231\001\202w\372\332\204\343\017\200c\201\205\034\370\301Q\263K\000\303\235;\335\320{N\242\002 F\230\227\3309\217\331\t\370\323\372\237""qm\245\253`\031\224\356\022\223\275@\r\3119o""?""""; "
1750527705510,1750527705510,0,1,0,1,TMGetLedger,"itype: liBASE; ledgerHash: ""\252\344\245^L==\235\021\032V\220\341+U\353\274\372=u\225\337\321k\342\217\031\035&\261k*""; ledgerSeq: 55; queryType: qtINDIRECT; ","itype: liBASE; ledgerHash: ""\252\344\245^L==\235\021\032V\220\341+U\353\274\372=u\225\337\321k\342\217\031\035&\261k*""; ledgerSeq: 55; queryType: qtINDIRECT; "
1750527705511,1750527705511,0,1,0,1,TMValidation,"validation: """"\200\000\000\001&\000\000\0007)/\351\253Y:p\210\265\307-\212\200\004Q\252\344\245^L==\235\021\032V\220\341+U\353\274\372=u\225\337\321k\342\217\031\035&\261k*P\027\000\000\000\000\000\000\000\000\000\000\000\000\000\000\000\000\000\000\000\000\000\000\000\000\000\000\000\000\000\000\000\000P\031\220lA\251D\0246\305z\207\225\254\360\010\233K$\222\242w\316\025\202/\356\266\371/\256\354\300\373s!\002\364d\217\366\217|\316F\232\231\241\n\261\333`\312O\367\235\025DD\336e\367\n\312\326\221\037\025\230vF0D\002 l\300=\324\231\001\202w\372\332\204\343\017\200c\201\205\034\370\301Q\263K\000\303\235;\335\320{N\242\002 F\230\227\3309\217\331\t\370\323\372\237""qm\245\253`\031\224\356\022\223\275@\r\3119o""?""""; ","validation: """"\200\000\000\001&\000\000\0007)/\351\253Y:p\210\265\307-\212\200\004Q\252\344\245^L==\235\021\032V\220\341+U\353\274\372=u\225\337\321k\342\217\031\035&\261k*P\027\000\000\000\000\000\000\000\000\000\000\000\000\000\000\000\000\000\000\000\000\000\000\000\000\000\000\000\000\000\000\000\000P\031\220lA\251D\0246\305z\207\225\254\360\010\233K$\222\242w\316\025\202/\356\266\371/\256\354\300\373s!\002\364d\217\366\217|\316F\232\231\241\n\261\333`\312O\367\235\025DD\336e\367\n\312\326\221\037\025\230vF0D\002 l\300=\324\231\001\202w\372\332\204\343\017\200c\201\205\034\370\301Q\263K\000\303\235;\335\320{N\242\002 F\230\227\3309\217\331\t\370\323\372\237""qm\245\253`\031\224\356\022\223\275@\r\3119o""?""""; "
1750527705512,1750527705512,0,1,4,3,TMGetLedger,"itype: liBASE; ledgerHash: ""\252\344\245^L==\235\021\032V\220\341+U\353\274\372=u\225\337\321k\342\217\031\035&\261k*""; ledgerSeq: 55; requestCookie: 1; queryType: qtINDIRECT; ","itype: liBASE; ledgerHash: ""\252\344\245^L==\235\021\032V\220\341+U\353\274\372=u\225\337\321k\342\217\031\035&\261k*""; ledgerSeq: 55; requestCookie: 1; queryType: qtINDIRECT; "
1750527705512,1750527705512,0,1,3,1,TMLedgerData,"ledgerHash: ""\252\344\245^L==\235\021\032V\220\341+U\353\274\372=u\225\337\321k\342\217\031\035&\261k*""; ledgerSeq: 55; type: liBASE; nodes {;   nodedata: ""\000\000\0007\001cEx]\211\377\330\220lA\251D\0246\305z\207\225\254\360\010\233K$\222\242w\316\025\202/\356\266\371/\256\354\300\373\000\000\000\000\000\000\000\000\000\000\000\000\000\000\000\000\000\000\000\000\000\000\000\000\000\000\000\000\000\000\000\000\302ESY\341_\033!-N\357\017\201\243\241H\244\222\302ad\300\306M\225\2671\226\351\225[\260/\351\253U/\351\253V\n\000""; }; nodes {;   nodedata: ""\323C\344\327\264{\312-\017:\006{\177\344N\002\326bO\260\220\006\033\362\345\005U\221DzJ0\001\301\025%1L\307\t\261\262z\374\222T\301\274V\236\223\262\270Ct\362\337b\356\024*\324\320\351\317\002k\336\234\027v\351\217\260\303\360\233ZPZWr\246$w\313\313\r\243r\232\2234\373\3539:N\004Q\245\272D\312D\300\300\t\323\0257\345e\271\na\215{\226\255x%T\257\037\333\004\344_/R\006E\344\037@\210\363\010\336T\226\247'\204_{\261\370""1\235\2445\343\033Y!\212\201\341\272\225'\0078\032;n\374\023\335\006\302\274\330#C\271wt\207\334\002Q\337+\355\274\004\000/W\353\354nF\013\003""; }; ","ledgerHash: ""\252\344\245^L==\235\021\032V\220\341+U\353\274\372=u\225\337\321k\342\217\031\035&\261k*""; ledgerSeq: 55; type: liBASE; nodes {;   nodedata: ""\000\000\0007\001cEx]\211\377\330\220lA\251D\0246\305z\207\225\254\360\010\233K$\222\242w\316\025\202/\356\266\371/\256\354\300\373\000\000\000\000\000\000\000\000\000\000\000\000\000\000\000\000\000\000\000\000\000\000\000\000\000\000\000\000\000\000\000\000\302ESY\341_\033!-N\357\017\201\243\241H\244\222\302ad\300\306M\225\2671\226\351\225[\260/\351\253U/\351\253V\n\000""; }; nodes {;   nodedata: ""\323C\344\327\264{\312-\017:\006{\177\344N\002\326bO\260\220\006\033\362\345\005U\221DzJ0\001\301\025%1L\307\t\261\262z\374\222T\301\274V\236\223\262\270Ct\362\337b\356\024*\324\320\351\317\002k\336\234\027v\351\217\260\303\360\233ZPZWr\246$w\313\313\r\243r\232\2234\373\3539:N\004Q\245\272D\312D\300\300\t\323\0257\345e\271\na\215{\226\255x%T\257\037\333\004\344_/R\006E\344\037@\210\363\010\336T\226\247'\204_{\261\370""1\235\2445\343\033Y!\212\201\341\272\225'\0078\032;n\374\023\335\006\302\274\330#C\271wt\207\334\002Q\337+\355\274\004\000/W\353\354nF\013\003""; }; "
1750527705512,1750527705513,0,1,3,0,TMLedgerData,"ledgerHash: ""\252\344\245^L==\235\021\032V\220\341+U\353\274\372=u\225\337\321k\342\217\031\035&\261k*""; ledgerSeq: 55; type: liBASE; nodes {;   nodedata: ""\000\000\0007\001cEx]\211\377\330\220lA\251D\0246\305z\207\225\254\360\010\233K$\222\242w\316\025\202/\356\266\371/\256\354\300\373\000\000\000\000\000\000\000\000\000\000\000\000\000\000\000\000\000\000\000\000\000\000\000\000\000\000\000\000\000\000\000\000\302ESY\341_\033!-N\357\017\201\243\241H\244\222\302ad\300\306M\225\2671\226\351\225[\260/\351\253U/\351\253V\n\000""; }; nodes {;   nodedata: ""\323C\344\327\264{\312-\017:\006{\177\344N\002\326bO\260\220\006\033\362\345\005U\221DzJ0\001\301\025%1L\307\t\261\262z\374\222T\301\274V\236\223\262\270Ct\362\337b\356\024*\324\320\351\317\002k\336\234\027v\351\217\260\303\360\233ZPZWr\246$w\313\313\r\243r\232\2234\373\3539:N\004Q\245\272D\312D\300\300\t\323\0257\345e\271\na\215{\226\255x%T\257\037\333\004\344_/R\006E\344\037@\210\363\010\336T\226\247'\204_{\261\370""1\235\2445\343\033Y!\212\201\341\272\225'\0078\032;n\374\023\335\006\302\274\330#C\271wt\207\334\002Q\337+\355\274\004\000/W\353\354nF\013\003""; }; ","ledgerHash: ""\252\344\245^L==\235\021\032V\220\341+U\353\274\372=u\225\337\321k\342\217\031\035&\261k*""; ledgerSeq: 55; type: liBASE; nodes {;   nodedata: ""\000\000\0007\001cEx]\211\377\330\220lA\251D\0246\305z\207\225\254\360\010\233K$\222\242w\316\025\202/\356\266\371/\256\354\300\373\000\000\000\000\000\000\000\000\000\000\000\000\000\000\000\000\000\000\000\000\000\000\000\000\000\000\000\000\000\000\000\000\302ESY\341_\033!-N\357\017\201\243\241H\244\222\302ad\300\306M\225\2671\226\351\225[\260/\351\253U/\351\253V\n\000""; }; nodes {;   nodedata: ""\323C\344\327\264{\312-\017:\006{\177\344N\002\326bO\260\220\006\033\362\345\005U\221DzJ0\001\301\025%1L\307\t\261\262z\374\222T\301\274V\236\223\262\270Ct\362\337b\356\024*\324\320\351\317\002k\336\234\027v\351\217\260\303\360\233ZPZWr\246$w\313\313\r\243r\232\2234\373\3539:N\004Q\245\272D\312D\300\300\t\323\0257\345e\271\na\215{\226\255x%T\257\037\333\004\344_/R\006E\344\037@\210\363\010\336T\226\247'\204_{\261\370""1\235\2445\343\033Y!\212\201\341\272\225'\0078\032;n\374\023\335\006\302\274\330#C\271wt\207\334\002Q\337+\355\274\004\000/W\353\354nF\013\003""; }; "
1750527705513,1750527705513,0,1,2,3,TMGetLedger,"itype: liBASE; ledgerHash: ""\252\344\245^L==\235\021\032V\220\341+U\353\274\372=u\225\337\321k\342\217\031\035&\261k*""; ledgerSeq: 55; requestCookie: 3; queryType: qtINDIRECT; ","itype: liBASE; ledgerHash: ""\252\344\245^L==\235\021\032V\220\341+U\353\274\372=u\225\337\321k\342\217\031\035&\261k*""; ledgerSeq: 55; requestCookie: 3; queryType: qtINDIRECT; "
1750527705513,1750527705513,0,1,2,3,TMGetLedger,"itype: liAS_NODE; ledgerHash: ""\252\344\245^L==\235\021\032V\220\341+U\353\274\372=u\225\337\321k\342\217\031\035&\261k*""; ledgerSeq: 55; nodeIDs: ""\260\000\000\000\000\000\000\000\000\000\000\000\000\000\000\000\000\000\000\000\000\000\000\000\000\000\000\000\000\000\000\000\001""; queryType: qtINDIRECT; queryDepth: 1; ","itype: liAS_NODE; ledgerHash: ""\252\344\245^L==\235\021\032V\220\341+U\353\274\372=u\225\337\321k\342\217\031\035&\261k*""; ledgerSeq: 55; nodeIDs: ""\260\000\000\000\000\000\000\000\000\000\000\000\000\000\000\000\000\000\000\000\000\000\000\000\000\000\000\000\000\000\000\000\001""; queryType: qtINDIRECT; queryDepth: 1; "
1750527705514,1750527705514,0,1,2,3,TMGetLedger,"itype: liBASE; ledgerHash: ""\252\344\245^L==\235\021\032V\220\341+U\353\274\372=u\225\337\321k\342\217\031\035&\261k*""; ledgerSeq: 55; requestCookie: 2; queryType: qtINDIRECT; ","itype: liBASE; ledgerHash: ""\252\344\245^L==\235\021\032V\220\341+U\353\274\372=u\225\337\321k\342\217\031\035&\261k*""; ledgerSeq: 55; requestCookie: 2; queryType: qtINDIRECT; "
1750527705514,1750527705514,0,1,4,3,TMGetLedger,"itype: liBASE; ledgerHash: ""\252\344\245^L==\235\021\032V\220\341+U\353\274\372=u\225\337\321k\342\217\031\035&\261k*""; ledgerSeq: 55; requestCookie: 3; queryType: qtINDIRECT; ","itype: liBASE; ledgerHash: ""\252\344\245^L==\235\021\032V\220\341+U\353\274\372=u\225\337\321k\342\217\031\035&\261k*""; ledgerSeq: 55; requestCookie: 3; queryType: qtINDIRECT; "
1750527705515,1750527705515,0,1,4,3,TMGetLedger,"itype: liBASE; ledgerHash: ""\252\344\245^L==\235\021\032V\220\341+U\353\274\372=u\225\337\321k\342\217\031\035&\261k*""; ledgerSeq: 55; requestCookie: 2; queryType: qtINDIRECT; ","itype: liBASE; ledgerHash: ""\252\344\245^L==\235\021\032V\220\341+U\353\274\372=u\225\337\321k\342\217\031\035&\261k*""; ledgerSeq: 55; requestCookie: 2; queryType: qtINDIRECT; "
1750527705516,1750527705516,0,1,3,2,TMLedgerData,"ledgerHash: ""\252\344\245^L==\235\021\032V\220\341+U\353\274\372=u\225\337\321k\342\217\031\035&\261k*""; ledgerSeq: 55; type: liBASE; nodes {;   nodedata: ""\000\000\0007\001cEx]\211\377\330\220lA\251D\0246\305z\207\225\254\360\010\233K$\222\242w\316\025\202/\356\266\371/\256\354\300\373\000\000\000\000\000\000\000\000\000\000\000\000\000\000\000\000\000\000\000\000\000\000\000\000\000\000\000\000\000\000\000\000\302ESY\341_\033!-N\357\017\201\243\241H\244\222\302ad\300\306M\225\2671\226\351\225[\260/\351\253U/\351\253V\n\000""; }; nodes {;   nodedata: ""\323C\344\327\264{\312-\017:\006{\177\344N\002\326bO\260\220\006\033\362\345\005U\221DzJ0\001\301\025%1L\307\t\261\262z\374\222T\301\274V\236\223\262\270Ct\362\337b\356\024*\324\320\351\317\002k\336\234\027v\351\217\260\303\360\233ZPZWr\246$w\313\313\r\243r\232\2234\373\3539:N\004Q\245\272D\312D\300\300\t\323\0257\345e\271\na\215{\226\255x%T\257\037\333\004\344_/R\006E\344\037@\210\363\010\336T\226\247'\204_{\261\370""1\235\2445\343\033Y!\212\201\341\272\225'\0078\032;n\374\023\335\006\302\274\330#C\271wt\207\334\002Q\337+\355\274\004\000/W\353\354nF\013\003""; }; requestCookie: 5; ","ledgerHash: ""\252\344\245^L==\235\021\032V\220\341+U\353\274\372=u\225\337\321k\342\217\031\035&\261k*""; ledgerSeq: 55; type: liBASE; nodes {;   nodedata: ""\000\000\0007\001cEx]\211\377\330\220lA\251D\0246\305z\207\225\254\360\010\233K$\222\242w\316\025\202/\356\266\371/\256\354\300\373\000\000\000\000\000\000\000\000\000\000\000\000\000\000\000\000\000\000\000\000\000\000\000\000\000\000\000\000\000\000\000\000\302ESY\341_\033!-N\357\017\201\243\241H\244\222\302ad\300\306M\225\2671\226\351\225[\260/\351\253U/\351\253V\n\000""; }; nodes {;   nodedata: ""\323C\344\327\264{\312-\017:\006{\177\344N\002\326bO\260\220\006\033\362\345\005U\221DzJ0\001\301\025%1L\307\t\261\262z\374\222T\301\274V\236\223\262\270Ct\362\337b\356\024*\324\320\351\317\002k\336\234\027v\351\217\260\303\360\233ZPZWr\246$w\313\313\r\243r\232\2234\373\3539:N\004Q\245\272D\312D\300\300\t\323\0257\345e\271\na\215{\226\255x%T\257\037\333\004\344_/R\006E\344\037@\210\363\010\336T\226\247'\204_{\261\370""1\235\2445\343\033Y!\212\201\341\272\225'\0078\032;n\374\023\335\006\302\274\330#C\271wt\207\334\002Q\337+\355\274\004\000/W\353\354nF\013\003""; }; requestCookie: 5; "
1750527705516,1750527705516,0,1,4,3,TMGetLedger,"itype: liAS_NODE; ledgerHash: ""\252\344\245^L==\235\021\032V\220\341+U\353\274\372=u\225\337\321k\342\217\031\035&\261k*""; ledgerSeq: 55; nodeIDs: ""\260\000\000\000\000\000\000\000\000\000\000\000\000\000\000\000\000\000\000\000\000\000\000\000\000\000\000\000\000\000\000\000\001""; queryType: qtINDIRECT; queryDepth: 1; ","itype: liAS_NODE; ledgerHash: ""\252\344\245^L==\235\021\032V\220\341+U\353\274\372=u\225\337\321k\342\217\031\035&\261k*""; ledgerSeq: 55; nodeIDs: ""\260\000\000\000\000\000\000\000\000\000\000\000\000\000\000\000\000\000\000\000\000\000\000\000\000\000\000\000\000\000\000\000\001""; queryType: qtINDIRECT; queryDepth: 1; "
1750527705516,1750527705516,0,1,0,3,TMGetLedger,"itype: liBASE; ledgerHash: ""\252\344\245^L==\235\021\032V\220\341+U\353\274\372=u\225\337\321k\342\217\031\035&\261k*""; ledgerSeq: 55; requestCookie: 3; queryType: qtINDIRECT; ","itype: liBASE; ledgerHash: ""\252\344\245^L==\235\021\032V\220\341+U\353\274\372=u\225\337\321k\342\217\031\035&\261k*""; ledgerSeq: 55; requestCookie: 3; queryType: qtINDIRECT; "
1750527705517,1750527705517,0,1,0,3,TMGetLedger,"itype: liBASE; ledgerHash: ""\252\344\245^L==\235\021\032V\220\341+U\353\274\372=u\225\337\321k\342\217\031\035&\261k*""; requestCookie: 5; queryType: qtINDIRECT; ","itype: liBASE; ledgerHash: ""\252\344\245^L==\235\021\032V\220\341+U\353\274\372=u\225\337\321k\342\217\031\035&\261k*""; requestCookie: 5; queryType: qtINDIRECT; "
1750527705518,1750527705518,0,1,3,4,TMLedgerData,"ledgerHash: ""\252\344\245^L==\235\021\032V\220\341+U\353\274\372=u\225\337\321k\342\217\031\035&\261k*""; ledgerSeq: 55; type: liBASE; nodes {;   nodedata: ""\000\000\0007\001cEx]\211\377\330\220lA\251D\0246\305z\207\225\254\360\010\233K$\222\242w\316\025\202/\356\266\371/\256\354\300\373\000\000\000\000\000\000\000\000\000\000\000\000\000\000\000\000\000\000\000\000\000\000\000\000\000\000\000\000\000\000\000\000\302ESY\341_\033!-N\357\017\201\243\241H\244\222\302ad\300\306M\225\2671\226\351\225[\260/\351\253U/\351\253V\n\000""; }; nodes {;   nodedata: ""\323C\344\327\264{\312-\017:\006{\177\344N\002\326bO\260\220\006\033\362\345\005U\221DzJ0\001\301\025%1L\307\t\261\262z\374\222T\301\274V\236\223\262\270Ct\362\337b\356\024*\324\320\351\317\002k\336\234\027v\351\217\260\303\360\233ZPZWr\246$w\313\313\r\243r\232\2234\373\3539:N\004Q\245\272D\312D\300\300\t\323\0257\345e\271\na\215{\226\255x%T\257\037\333\004\344_/R\006E\344\037@\210\363\010\336T\226\247'\204_{\261\370""1\235\2445\343\033Y!\212\201\341\272\225'\0078\032;n\374\023\335\006\302\274\330#C\271wt\207\334\002Q\337+\355\274\004\000/W\353\354nF\013\003""; }; requestCookie: 1; ","ledgerHash: ""\252\344\245^L==\235\021\032V\220\341+U\353\274\372=u\225\337\321k\342\217\031\035&\261k*""; ledgerSeq: 55; type: liBASE; nodes {;   nodedata: ""\000\000\0007\001cEx]\211\377\330\220lA\251D\0246\305z\207\225\254\360\010\233K$\222\242w\316\025\202/\356\266\371/\256\354\300\373\000\000\000\000\000\000\000\000\000\000\000\000\000\000\000\000\000\000\000\000\000\000\000\000\000\000\000\000\000\000\000\000\302ESY\341_\033!-N\357\017\201\243\241H\244\222\302ad\300\306M\225\2671\226\351\225[\260/\351\253U/\351\253V\n\000""; }; nodes {;   nodedata: ""\323C\344\327\264{\312-\017:\006{\177\344N\002\326bO\260\220\006\033\362\345\005U\221DzJ0\001\301\025%1L\307\t\261\262z\374\222T\301\274V\236\223\262\270Ct\362\337b\356\024*\324\320\351\317\002k\336\234\027v\351\217\260\303\360\233ZPZWr\246$w\313\313\r\243r\232\2234\373\3539:N\004Q\245\272D\312D\300\300\t\323\0257\345e\271\na\215{\226\255x%T\257\037\333\004\344_/R\006E\344\037@\210\363\010\336T\226\247'\204_{\261\370""1\235\2445\343\033Y!\212\201\341\272\225'\0078\032;n\374\023\335\006\302\274\330#C\271wt\207\334\002Q\337+\355\274\004\000/W\353\354nF\013\003""; }; requestCookie: 1; "
1750527705519,1750527705519,0,1,1,3,TMGetLedger,"itype: liBASE; ledgerHash: ""\252\344\245^L==\235\021\032V\220\341+U\353\274\372=u\225\337\321k\342\217\031\035&\261k*""; ledgerSeq: 55; queryType: qtINDIRECT; ","itype: liBASE; ledgerHash: ""\252\344\245^L==\235\021\032V\220\341+U\353\274\372=u\225\337\321k\342\217\031\035&\261k*""; ledgerSeq: 55; queryType: qtINDIRECT; "
1750527705519,1750527705519,0,1,1,3,TMGetLedger,"itype: liBASE; ledgerHash: ""\252\344\245^L==\235\021\032V\220\341+U\353\274\372=u\225\337\321k\342\217\031\035&\261k*""; ledgerSeq: 55; requestCookie: 3; queryType: qtINDIRECT; ","itype: liBASE; ledgerHash: ""\252\344\245^L==\235\021\032V\220\341+U\353\274\372=u\225\337\321k\342\217\031\035&\261k*""; ledgerSeq: 55; requestCookie: 3; queryType: qtINDIRECT; "
1750527705520,1750527705520,0,1,1,3,TMGetLedger,"itype: liBASE; ledgerHash: ""\252\344\245^L==\235\021\032V\220\341+U\353\274\372=u\225\337\321k\342\217\031\035&\261k*""; requestCookie: 5; queryType: qtINDIRECT; ","itype: liBASE; ledgerHash: ""\252\344\245^L==\235\021\032V\220\341+U\353\274\372=u\225\337\321k\342\217\031\035&\261k*""; requestCookie: 5; queryType: qtINDIRECT; "
1750527705520,1750527705520,0,1,1,3,TMGetLedger,"itype: liBASE; ledgerHash: ""\252\344\245^L==\235\021\032V\220\341+U\353\274\372=u\225\337\321k\342\217\031\035&\261k*""; ledgerSeq: 55; requestCookie: 2; queryType: qtINDIRECT; ","itype: liBASE; ledgerHash: ""\252\344\245^L==\235\021\032V\220\341+U\353\274\372=u\225\337\321k\342\217\031\035&\261k*""; ledgerSeq: 55; requestCookie: 2; queryType: qtINDIRECT; "
1750527705521,1750527705521,0,1,0,3,TMGetLedger,"itype: liBASE; ledgerHash: ""\252\344\245^L==\235\021\032V\220\341+U\353\274\372=u\225\337\321k\342\217\031\035&\261k*""; ledgerSeq: 55; requestCookie: 2; queryType: qtINDIRECT; ","itype: liBASE; ledgerHash: ""\252\344\245^L==\235\021\032V\220\341+U\353\274\372=u\225\337\321k\342\217\031\035&\261k*""; ledgerSeq: 55; requestCookie: 2; queryType: qtINDIRECT; "
1750527705521,1750527705521,0,1,0,3,TMGetLedger,"itype: liAS_NODE; ledgerHash: ""\252\344\245^L==\235\021\032V\220\341+U\353\274\372=u\225\337\321k\342\217\031\035&\261k*""; ledgerSeq: 55; nodeIDs: ""\260\000\000\000\000\000\000\000\000\000\000\000\000\000\000\000\000\000\000\000\000\000\000\000\000\000\000\000\000\000\000\000\001""; queryType: qtINDIRECT; queryDepth: 1; ","itype: liAS_NODE; ledgerHash: ""\252\344\245^L==\235\021\032V\220\341+U\353\274\372=u\225\337\321k\342\217\031\035&\261k*""; ledgerSeq: 55; nodeIDs: ""\260\000\000\000\000\000\000\000\000\000\000\000\000\000\000\000\000\000\000\000\000\000\000\000\000\000\000\000\000\000\000\000\001""; queryType: qtINDIRECT; queryDepth: 1; "
1750527705522,1750527705522,0,1,3,2,TMLedgerData,"ledgerHash: ""\252\344\245^L==\235\021\032V\220\341+U\353\274\372=u\225\337\321k\342\217\031\035&\261k*""; ledgerSeq: 55; type: liBASE; nodes {;   nodedata: ""\000\000\0007\001cEx]\211\377\330\220lA\251D\0246\305z\207\225\254\360\010\233K$\222\242w\316\025\202/\356\266\371/\256\354\300\373\000\000\000\000\000\000\000\000\000\000\000\000\000\000\000\000\000\000\000\000\000\000\000\000\000\000\000\000\000\000\000\000\302ESY\341_\033!-N\357\017\201\243\241H\244\222\302ad\300\306M\225\2671\226\351\225[\260/\351\253U/\351\253V\n\000""; }; nodes {;   nodedata: ""\323C\344\327\264{\312-\017:\006{\177\344N\002\326bO\260\220\006\033\362\345\005U\221DzJ0\001\301\025%1L\307\t\261\262z\374\222T\301\274V\236\223\262\270Ct\362\337b\356\024*\324\320\351\317\002k\336\234\027v\351\217\260\303\360\233ZPZWr\246$w\313\313\r\243r\232\2234\373\3539:N\004Q\245\272D\312D\300\300\t\323\0257\345e\271\na\215{\226\255x%T\257\037\333\004\344_/R\006E\344\037@\210\363\010\336T\226\247'\204_{\261\370""1\235\2445\343\033Y!\212\201\341\272\225'\0078\032;n\374\023\335\006\302\274\330#C\271wt\207\334\002Q\337+\355\274\004\000/W\353\354nF\013\003""; }; requestCookie: 3; ","ledgerHash: ""\252\344\245^L==\235\021\032V\220\341+U\353\274\372=u\225\337\321k\342\217\031\035&\261k*""; ledgerSeq: 55; type: liBASE; nodes {;   nodedata: ""\000\000\0007\001cEx]\211\377\330\220lA\251D\0246\305z\207\225\254\360\010\233K$\222\242w\316\025\202/\356\266\371/\256\354\300\373\000\000\000\000\000\000\000\000\000\000\000\000\000\000\000\000\000\000\000\000\000\000\000\000\000\000\000\000\000\000\000\000\302ESY\341_\033!-N\357\017\201\243\241H\244\222\302ad\300\306M\225\2671\226\351\225[\260/\351\253U/\351\253V\n\000""; }; nodes {;   nodedata: ""\323C\344\327\264{\312-\017:\006{\177\344N\002\326bO\260\220\006\033\362\345\005U\221DzJ0\001\301\025%1L\307\t\261\262z\374\222T\301\274V\236\223\262\270Ct\362\337b\356\024*\324\320\351\317\002k\336\234\027v\351\217\260\303\360\233ZPZWr\246$w\313\313\r\243r\232\2234\373\3539:N\004Q\245\272D\312D\300\300\t\323\0257\345e\271\na\215{\226\255x%T\257\037\333\004\344_/R\006E\344\037@\210\363\010\336T\226\247'\204_{\261\370""1\235\2445\343\033Y!\212\201\341\272\225'\0078\032;n\374\023\335\006\302\274\330#C\271wt\207\334\002Q\337+\355\274\004\000/W\353\354nF\013\003""; }; requestCookie: 3; "
1750527705522,1750527705523,0,1,3,2,TMLedgerData,"ledgerHash: ""\252\344\245^L==\235\021\032V\220\341+U\353\274\372=u\225\337\321k\342\217\031\035&\261k*""; ledgerSeq: 55; type: liAS_NODE; nodes {;   nodedata: ""\021\000h""\000\000\000\000 \033\000\000\0006\002\023\307\037\330\356GuH\375\327!\255\371\r\231\262R\256J\034\222\241\355X\265E\241^W\225\304\014\361CX-}\351f\032\255\274\334m\326c\017\014ao[\342\230\003\245\245\3341Hm\326^\017jy\335\261\032Yt\320\244{g\0306\\302\303*\341\215\223\257\364\277o\375\000r\241SOq\221\253\262\005\017\375T\356\014\360o'\030\311-\267\031\257!\031T\006><\315XM\334\324\345\034\000\325\367\240\271\013\265\024\321\362\354\211\250.\234s\225amc\305\035\366\276\037nD\277`\210\223N\3535\033\261\304f\331]\036\237\306o!\223\221\002\324\031\262\240R\177 ,\214\325\Q])\016\2067\277\t\354\010\000\360\215\2502\265\245\310\226\243c\302Ze\306\253#r\020\211\320iG\276\020E\317\035Sf\223F\254\033@\177e\277\016\010u\327\371&\262\312\317Q\2361t\377x\234\001v\003%\030\325_\225g\204\346a=\225\273\331\354\365*U\363\263N\367b\371\244\314-w\363\262\225Z\200\206\235\233\257?sE\2674\254\326mU\377?\177Ek\336\030!\316Aa\225\303\022\377{\210Y\226\271as\354L\035\004\341\361\035\301\024\220m#*\372\032\3178~\374\250\014*\323\342'z69\220\327\256\351G\367\317u\302\207\270b\315\333\333\334\310I\323&\014\352XZnW2.\335\347\202\021\247\362\212e\034\000\001\250\220\305;a\314\265R\310\017\317\331\235\360\262\240:\277\202\266\354\265X""\022\nh\252\352w\204\203\023]\001f\352\277\0031Q]\362\370R\350{\261\202\240\344\215\201\353\276\322p5p\350\354\017>\250r\241c\273\016\301\024\363\242\247\263\231\370\344\nBW\220K\316@3\243\200\036wk\253GSlU\010\360\231>\331\263H\214\324\030A\225\301o\346pkSF\004\241\213w9\223=\250\262*+\255\351r\265\244c\024\213\t\007`\223\325#\3477\210\345P\306\013\320\252[\0216+\227=`\371P\314\346 V7\271[~\n\237\274|\347\352@K\253~&\260\032\024\004B\200\255h\351\013\361\031:nG\211\005|\2003\266\274\251,W\006u\344\335d\003\306\212\313,\340\350bG\n\030Z\2732-\246\312\255\030\003\235207\005}D\260\0261ah\322M\304\216\273m0\271\234\237\007<w$\265C\245\232\033\023\313c\321B\032l\301h\005\320\252\301\361(\330[\343\357\343{\235\n\266g\272>\177\317\347\261qb&\270&\346ju\200\363N\320\307\004\034\001n\317\361\2653\254\2503\247\305\372\316W\022O\253x\250\025\373\247\354Tc\304\263\243^\352Gv\\264\261\r\035\226\306\2411\351\233\203\215\200$\231\300f\220\371c@\017\254\363\\371\340\340VaR\205~^\226\342t\360\022\204d\231\205)\272\364?\361!\334\331\315\254\230\rBG\314\023\246\244=\351\177\254\302b&\276+H;0\312\021&\275\036\237\350R\313\206R\331\304k\323u\263t\221\213yC\241\217A\242\027g\322\241'\212.E?B_\316\327\217J +\370\t^b\005\020\003\211\373\247|hC\271Nmk~J\270EU\274\036-\347\240\312FA\321\341bca\253\025\321\311\317\021\375\317\217\n\272\033o\353G>\275\361H\265\240\232um""\317\324`\214\221\314\000\211K\223+(""\200i \311\372g\254\343ZR0\224\275q\252\357\213\263\206N\357&Q\217\267\303\356I\236\357\264\311b\037\366\035\253\343\311\265\240\327q\206f\262ODi\215-\363>\034\236l\273\005G\316F\217}[\036\007\270:\260\335\271B\241N\345\330\204\327f\361\272Kb\0377p\334\264\237\177~\330]\252+:\317u\302h\n\351\n\364\231\277R\371\356\033y\265v\360Ny\246\332qY\262\231\251\n\305\334\202\305\362\n\367@k\231\016R:\327\242\366\242\253LZY\223$Gw^\203\302\311\316I7\371tTwp}\005|\372\214\251{R`\230V\244-\326I\351\255\325i\335\377\321\353\327\331\302\023\347y\016\263\271\317\306\017UV\314qu?\0064A\315{3D\010\016S\212\2353k0\361\214ID\303g\277\010Y_\001~\021\333\370\255\374\\331\306\255\336)\365Rth\024\t\300.M\315\321S\257\224\252\362\326P\316\303%nX\3742\333\036\004Y\264yG^\234\177\214\305q\237\274G\300a4\275\240s\215\222\210\016\020G\344=-:GK\312\035\271\201\350\376F\260G\347\000\235\365P6pmH\033\373\212c\377o\232\356\320D\002\277,]os{\354/?\312e\006wda\001\023\375\316\025\254\321\244\370+Y`\220\270\254\2601E[FI\310\235<qI \356\032v%\001\230\016\203\200\251UD\347\304\373\034\211\340@\342\033\263\365\356\341\357\350\324\035J\032\177\230\207\220\303+\207\352g\317N\027>\222M\271m\033\236\021:\272\233r\373\233hC}\256\020\210\010\233\335\025[ d(\343\263\327\177\030\246\254H\277\254E\231\006\033_lB\210\264\334Y\322\314\362\320L\000Q\240\317\3502\006,|\364\004\275\034\006\337\370""\330\364\202\314\315\311?\030\260\361u)\336\202\265Y\177X\227$\245tCB\345\314d\231A\300\204\371KJ\036\321\330\014]""EN\266$]\331\226c\351\312\376z\254\214\206B\274&M\032\376v\266\3104u)\r\312\021\273\030jJH\215G4\367fQ;\255\3404\372\225\341L\224\242\200VY\220\355\020\353I\n\363\266\036\311\003OR\250""\032\230\021]+$\302\005\224\270\033E\r\312\315}\200\2505\216\221\301\341\035[\247\325\236M^\360a\267\356\267\247]\357\236\n\207}P\2654\026`\256u\276\r&\026K\315a\3337\216.\240\362\263\327]\372\325\037\006\345\236\265\343\337g\271\317\315\374\3357gX\036\024'\357<$\322\323$\375\346&^\361\0009\022`\210$\005\261rTx\343\226\224vC\2607.\025\213@~\312\227\000 o\232\016\376|a3\352&\324\337\230\212\265o\2035\250\303\2760\241\364^\002Z\031Z!\300\002\364\004\232\355\234\202\021\371_~\346\024\242\247\366\231\036\370\365\313\014\307\362i\210e\030\317\336e\256\245\026R\036\304S\352]~a\353k\036W\036\333\243\313y\256\236\230\270\325\233\373\001c\343\030e+OD\224O\347\364mD\216\220lA\251D\0246\305z\207\225\254\360\010\233K$\222\242w\316\025\202/\356\266\371/\256\354\300\373\264\227\2326\315\307\363\323\325\303\032N\256*\307\327 \235\332\207u\210\271\257\306g\231i*\260\326k\001"";   nodeid: ""\260\000\000\000\000\000\000\000\000\000\000\000\000\000\000\000\000\000\000\000\000\000\000\000\000\000\000\000\000\000\000\000\001""; }; ","ledgerHash: ""\252\344\245^L==\235\021\032V\220\341+U\353\274\372=u\225\337\321k\342\217\031\035&\261k*""; ledgerSeq: 55; type: liAS_NODE; nodes {;   nodedata: ""\021\000h""\000\000\000\000 \033\000\000\0006\002\023\307\037\330\356GuH\375\327!\255\371\r\231\262R\256J\034\222\241\355X\265E\241^W\225\304\014\361CX-}\351f\032\255\274\334m\326c\017\014ao[\342\230\003\245\245\3341Hm\326^\017jy\335\261\032Yt\320\244{g\0306\\302\303*\341\215\223\257\364\277o\375\000r\241SOq\221\253\262\005\017\375T\356\014\360o'\030\311-\267\031\257!\031T\006><\315XM\334\324\345\034\000\325\367\240\271\013\265\024\321\362\354\211\250.\234s\225amc\305\035\366\276\037nD\277`\210\223N\3535\033\261\304f\331]\036\237\306o!\223\221\002\324\031\262\240R\177 ,\214\325\Q])\016\2067\277\t\354\010\000\360\215\2502\265\245\310\226\243c\302Ze\306\253#r\020\211\320iG\276\020E\317\035Sf\223F\254\033@\177e\277\016\010u\327\371&\262\312\317Q\2361t\377x\234\001v\003%\030\325_\225g\204\346a=\225\273\331\354\365*U\363\263N\367b\371\244\314-w\363\262\225Z\200\206\235\233\257?sE\2674\254\326mU\377?\177Ek\336\030!\316Aa\225\303\022\377{\210Y\226\271as\354L\035\004\341\361\035\301\024\220m#*\372\032\3178~\374\250\014*\323\342'z69\220\327\256\351G\367\317u\302\207\270b\315\333\333\334\310I\323&\014\352XZnW2.\335\347\202\021\247\362\212e\034\000\001\250\220\305;a\314\265R\310\017\317\331\235\360\262\240:\277\202\266\354\265X""\022\nh\252\352w\204\203\023]\001f\352\277\0031Q]\362\370R\350{\261\202\240\344\215\201\353\276\322p5p\350\354\017>\250r\241c\273\016\301\024\363\242\247\263\231\370\344\nBW\220K\316@3\243\200\036wk\253GSlU\010\360\231>\331\263H\214\324\030A\225\301o\346pkSF\004\241\213w9\223=\250\262*+\255\351r\265\244c\024\213\t\007`\223\325#\3477\210\345P\306\013\320\252[\0216+\227=`\371P\314\346 V7\271[~\n\237\274|\347\352@K\253~&\260\032\024\004B\200\255h\351\013\361\031:nG\211\005|\2003\266\274\251,W\006u\344\335d\003\306\212\313,\340\350bG\n\030Z\2732-\246\312\255\030\003\235207\005}D\260\0261ah\322M\304\216\273m0\271\234\237\007<w$\265C\245\232\033\023\313c\321B\032l\301h\005\320\252\301\361(\330[\343\357\343{\235\n\266g\272>\177\317\347\261qb&\270&\346ju\200\363N\320\307\004\034\001n\317\361\2653\254\2503\247\305\372\316W\022O\253x\250\025\373\247\354Tc\304\263\243^\352Gv\\264\261\r\035\226\306\2411\351\233\203\215\200$\231\300f\220\371c@\017\254\363\\371\340\340VaR\205~^\226\342t\360\022\204d\231\205)\272\364?\361!\334\331\315\254\230\rBG\314\023\246\244=\351\177\254\302b&\276+H;0\312\021&\275\036\237\350R\313\206R\331\304k\323u\263t\221\213yC\241\217A\242\027g\322\241'\212.E?B_\316\327\217J +\370\t^b\005\020\003\211\373\247|hC\271Nmk~J\270EU\274\036-\347\240\312FA\321\341bca\253\025\321\311\317\021\375\317\217\n\272\033o\353G>\275\361H\265\240\232um""\317\324`\214\221\314\000\211K\223+(""\200i \311\372g\254\343ZR0\224\275q\252\357\213\263\206N\357&Q\217\267\303\356I\236\357\264\311b\037\366\035\253\343\311\265\240\327q\206f\262ODi\215-\363>\034\236l\273\005G\316F\217}[\036\007\270:\260\335\271B\241N\345\330\204\327f\361\272Kb\0377p\334\264\237\177~\330]\252+:\317u\302h\n\351\n\364\231\277R\371\356\033y\265v\360Ny\246\332qY\262\231\251\n\305\334\202\305\362\n\367@k\231\016R:\327\242\366\242\253LZY\223$Gw^\203\302\311\316I7\371tTwp}\005|\372\214\251{R`\230V\244-\326I\351\255\325i\335\377\321\353\327\331\302\023\347y\016\263\271\317\306\017UV\314qu?\0064A\315{3D\010\016S\212\2353k0\361\214ID\303g\277\010Y_\001~\021\333\370\255\374\\331\306\255\336)\365Rth\024\t\300.M\315\321S\257\224\252\362\326P\316\303%nX\3742\333\036\004Y\264yG^\234\177\214\305q\237\274G\300a4\275\240s\215\222\210\016\020G\344=-:GK\312\035\271\201\350\376F\260G\347\000\235\365P6pmH\033\373\212c\377o\232\356\320D\002\277,]os{\354/?\312e\006wda\001\023\375\316\025\254\321\244\370+Y`\220\270\254\2601E[FI\310\235<qI \356\032v%\001\230\016\203\200\251UD\347\304\373\034\211\340@\342\033\263\365\356\341\357\350\324\035J\032\177\230\207\220\303+\207\352g\317N\027>\222M\271m\033\236\021:\272\233r\373\233hC}\256\020\210\010\233\335\025[ d(\343\263\327\177\030\246\254H\277\254E\231\006\033_lB\210\264\334Y\322\314\362\320L\000Q\240\317\3502\006,|\364\004\275\034\006\337\370""\330\364\202\314\315\311?\030\260\361u)\336\202\265Y\177X\227$\245tCB\345\314d\231A\300\204\371KJ\036\321\330\014]""EN\266$]\331\226c\351\312\376z\254\214\206B\274&M\032\376v\266\3104u)\r\312\021\273\030jJH\215G4\367fQ;\255\3404\372\225\341L\224\242\200VY\220\355\020\353I\n\363\266\036\311\003OR\250""\032\230\021]+$\302\005\224\270\033E\r\312\315}\200\2505\216\221\301\341\035[\247\325\236M^\360a\267\356\267\247]\357\236\n\207}P\2654\026`\256u\276\r&\026K\315a\3337\216.\240\362\263\327]\372\325\037\006\345\236\265\343\337g\271\317\315\374\3357gX\036\024'\357<$\322\323$\375\346&^\361\0009\022`\210$\005\261rTx\343\226\224vC\2607.\025\213@~\312\227\000 o\232\016\376|a3\352&\324\337\230\212\265o\2035\250\303\2760\241\364^\002Z\031Z!\300\002\364\004\232\355\234\202\021\371_~\346\024\242\247\366\231\036\370\365\313\014\307\362i\210e\030\317\336e\256\245\026R\036\304S\352]~a\353k\036W\036\333\243\313y\256\236\230\270\325\233\373\001c\343\030e+OD\224O\347\364mD\216\220lA\251D\0246\305z\207\225\254\360\010\233K$\222\242w\316\025\202/\356\266\371/\256\354\300\373\264\227\2326\315\307\363\323\325\303\032N\256*\307\327 \235\332\207u\210\271\257\306g\231i*\260\326k\001"";   nodeid: ""\260\000\000\000\000\000\000\000\000\000\000\000\000\000\000\000\000\000\000\000\000\000\000\000\000\000\000\000\000\000\000\000\001""; }; "
1750527705523,1750527705523,0,1,3,2,TMLedgerData,"ledgerHash: ""\252\344\245^L==\235\021\032V\220\341+U\353\274\372=u\225\337\321k\342\217\031\035&\261k*""; ledgerSeq: 55; type: liBASE; nodes {;   nodedata: ""\000\000\0007\001cEx]\211\377\330\220lA\251D\0246\305z\207\225\254\360\010\233K$\222\242w\316\025\202/\356\266\371/\256\354\300\373\000\000\000\000\000\000\000\000\000\000\000\000\000\000\000\000\000\000\000\000\000\000\000\000\000\000\000\000\000\000\000\000\302ESY\341_\033!-N\357\017\201\243\241H\244\222\302ad\300\306M\225\2671\226\351\225[\260/\351\253U/\351\253V\n\000""; }; nodes {;   nodedata: ""\323C\344\327\264{\312-\017:\006{\177\344N\002\326bO\260\220\006\033\362\345\005U\221DzJ0\001\301\025%1L\307\t\261\262z\374\222T\301\274V\236\223\262\270Ct\362\337b\356\024*\324\320\351\317\002k\336\234\027v\351\217\260\303\360\233ZPZWr\246$w\313\313\r\243r\232\2234\373\3539:N\004Q\245\272D\312D\300\300\t\323\0257\345e\271\na\215{\226\255x%T\257\037\333\004\344_/R\006E\344\037@\210\363\010\336T\226\247'\204_{\261\370""1\235\2445\343\033Y!\212\201\341\272\225'\0078\032;n\374\023\335\006\302\274\330#C\271wt\207\334\002Q\337+\355\274\004\000/W\353\354nF\013\003""; }; requestCookie: 2; ","ledgerHash: ""\252\344\245^L==\235\021\032V\220\341+U\353\274\372=u\225\337\321k\342\217\031\035&\261k*""; ledgerSeq: 55; type: liBASE; nodes {;   nodedata: ""\000\000\0007\001cEx]\211\377\330\220lA\251D\0246\305z\207\225\254\360\010\233K$\222\242w\316\025\202/\356\266\371/\256\354\300\373\000\000\000\000\000\000\000\000\000\000\000\000\000\000\000\000\000\000\000\000\000\000\000\000\000\000\000\000\000\000\000\000\302ESY\341_\033!-N\357\017\201\243\241H\244\222\302ad\300\306M\225\2671\226\351\225[\260/\351\253U/\351\253V\n\000""; }; nodes {;   nodedata: ""\323C\344\327\264{\312-\017:\006{\177\344N\002\326bO\260\220\006\033\362\345\005U\221DzJ0\001\301\025%1L\307\t\261\262z\374\222T\301\274V\236\223\262\270Ct\362\337b\356\024*\324\320\351\317\002k\336\234\027v\351\217\260\303\360\233ZPZWr\246$w\313\313\r\243r\232\2234\373\3539:N\004Q\245\272D\312D\300\300\t\323\0257\345e\271\na\215{\226\255x%T\257\037\333\004\344_/R\006E\344\037@\210\363\010\336T\226\247'\204_{\261\370""1\235\2445\343\033Y!\212\201\341\272\225'\0078\032;n\374\023\335\006\302\274\330#C\271wt\207\334\002Q\337+\355\274\004\000/W\353\354nF\013\003""; }; requestCookie: 2; "
1750527705524,1750527705524,0,1,3,4,TMLedgerData,"ledgerHash: ""\252\344\245^L==\235\021\032V\220\341+U\353\274\372=u\225\337\321k\342\217\031\035&\261k*""; ledgerSeq: 55; type: liBASE; nodes {;   nodedata: ""\000\000\0007\001cEx]\211\377\330\220lA\251D\0246\305z\207\225\254\360\010\233K$\222\242w\316\025\202/\356\266\371/\256\354\300\373\000\000\000\000\000\000\000\000\000\000\000\000\000\000\000\000\000\000\000\000\000\000\000\000\000\000\000\000\000\000\000\000\302ESY\341_\033!-N\357\017\201\243\241H\244\222\302ad\300\306M\225\2671\226\351\225[\260/\351\253U/\351\253V\n\000""; }; nodes {;   nodedata: ""\323C\344\327\264{\312-\017:\006{\177\344N\002\326bO\260\220\006\033\362\345\005U\221DzJ0\001\301\025%1L\307\t\261\262z\374\222T\301\274V\236\223\262\270Ct\362\337b\356\024*\324\320\351\317\002k\336\234\027v\351\217\260\303\360\233ZPZWr\246$w\313\313\r\243r\232\2234\373\3539:N\004Q\245\272D\312D\300\300\t\323\0257\345e\271\na\215{\226\255x%T\257\037\333\004\344_/R\006E\344\037@\210\363\010\336T\226\247'\204_{\261\370""1\235\2445\343\033Y!\212\201\341\272\225'\0078\032;n\374\023\335\006\302\274\330#C\271wt\207\334\002Q\337+\355\274\004\000/W\353\354nF\013\003""; }; requestCookie: 3; ","ledgerHash: ""\252\344\245^L==\235\021\032V\220\341+U\353\274\372=u\225\337\321k\342\217\031\035&\261k*""; ledgerSeq: 55; type: liBASE; nodes {;   nodedata: ""\000\000\0007\001cEx]\211\377\330\220lA\251D\0246\305z\207\225\254\360\010\233K$\222\242w\316\025\202/\356\266\371/\256\354\300\373\000\000\000\000\000\000\000\000\000\000\000\000\000\000\000\000\000\000\000\000\000\000\000\000\000\000\000\000\000\000\000\000\302ESY\341_\033!-N\357\017\201\243\241H\244\222\302ad\300\306M\225\2671\226\351\225[\260/\351\253U/\351\253V\n\000""; }; nodes {;   nodedata: ""\323C\344\327\264{\312-\017:\006{\177\344N\002\326bO\260\220\006\033\362\345\005U\221DzJ0\001\301\025%1L\307\t\261\262z\374\222T\301\274V\236\223\262\270Ct\362\337b\356\024*\324\320\351\317\002k\336\234\027v\351\217\260\303\360\233ZPZWr\246$w\313\313\r\243r\232\2234\373\3539:N\004Q\245\272D\312D\300\300\t\323\0257\345e\271\na\215{\226\255x%T\257\037\333\004\344_/R\006E\344\037@\210\363\010\336T\226\247'\204_{\261\370""1\235\2445\343\033Y!\212\201\341\272\225'\0078\032;n\374\023\335\006\302\274\330#C\271wt\207\334\002Q\337+\355\274\004\000/W\353\354nF\013\003""; }; requestCookie: 3; "
1750527705524,1750527705525,0,1,3,4,TMLedgerData,"ledgerHash: ""\252\344\245^L==\235\021\032V\220\341+U\353\274\372=u\225\337\321k\342\217\031\035&\261k*""; ledgerSeq: 55; type: liBASE; nodes {;   nodedata: ""\000\000\0007\001cEx]\211\377\330\220lA\251D\0246\305z\207\225\254\360\010\233K$\222\242w\316\025\202/\356\266\371/\256\354\300\373\000\000\000\000\000\000\000\000\000\000\000\000\000\000\000\000\000\000\000\000\000\000\000\000\000\000\000\000\000\000\000\000\302ESY\341_\033!-N\357\017\201\243\241H\244\222\302ad\300\306M\225\2671\226\351\225[\260/\351\253U/\351\253V\n\000""; }; nodes {;   nodedata: ""\323C\344\327\264{\312-\017:\006{\177\344N\002\326bO\260\220\006\033\362\345\005U\221DzJ0\001\301\025%1L\307\t\261\262z\374\222T\301\274V\236\223\262\270Ct\362\337b\356\024*\324\320\351\317\002k\336\234\027v\351\217\260\303\360\233ZPZWr\246$w\313\313\r\243r\232\2234\373\3539:N\004Q\245\272D\312D\300\300\t\323\0257\345e\271\na\215{\226\255x%T\257\037\333\004\344_/R\006E\344\037@\210\363\010\336T\226\247'\204_{\261\370""1\235\2445\343\033Y!\212\201\341\272\225'\0078\032;n\374\023\335\006\302\274\330#C\271wt\207\334\002Q\337+\355\274\004\000/W\353\354nF\013\003""; }; requestCookie: 2; ","ledgerHash: ""\252\344\245^L==\235\021\032V\220\341+U\353\274\372=u\225\337\321k\342\217\031\035&\261k*""; ledgerSeq: 55; type: liBASE; nodes {;   nodedata: ""\000\000\0007\001cEx]\211\377\330\220lA\251D\0246\305z\207\225\254\360\010\233K$\222\242w\316\025\202/\356\266\371/\256\354\300\373\000\000\000\000\000\000\000\000\000\000\000\000\000\000\000\000\000\000\000\000\000\000\000\000\000\000\000\000\000\000\000\000\302ESY\341_\033!-N\357\017\201\243\241H\244\222\302ad\300\306M\225\2671\226\351\225[\260/\351\253U/\351\253V\n\000""; }; nodes {;   nodedata: ""\323C\344\327\264{\312-\017:\006{\177\344N\002\326bO\260\220\006\033\362\345\005U\221DzJ0\001\301\025%1L\307\t\261\262z\374\222T\301\274V\236\223\262\270Ct\362\337b\356\024*\324\320\351\317\002k\336\234\027v\351\217\260\303\360\233ZPZWr\246$w\313\313\r\243r\232\2234\373\3539:N\004Q\245\272D\312D\300\300\t\323\0257\345e\271\na\215{\226\255x%T\257\037\333\004\344_/R\006E\344\037@\210\363\010\336T\226\247'\204_{\261\370""1\235\2445\343\033Y!\212\201\341\272\225'\0078\032;n\374\023\335\006\302\274\330#C\271wt\207\334\002Q\337+\355\274\004\000/W\353\354nF\013\003""; }; requestCookie: 2; "
1750527705525,1750527705525,0,1,2,4,TMLedgerData,"ledgerHash: ""\252\344\245^L==\235\021\032V\220\341+U\353\274\372=u\225\337\321k\342\217\031\035&\261k*""; ledgerSeq: 55; type: liBASE; nodes {;   nodedata: ""\000\000\0007\001cEx]\211\377\330\220lA\251D\0246\305z\207\225\254\360\010\233K$\222\242w\316\025\202/\356\266\371/\256\354\300\373\000\000\000\000\000\000\000\000\000\000\000\000\000\000\000\000\000\000\000\000\000\000\000\000\000\000\000\000\000\000\000\000\302ESY\341_\033!-N\357\017\201\243\241H\244\222\302ad\300\306M\225\2671\226\351\225[\260/\351\253U/\351\253V\n\000""; }; nodes {;   nodedata: ""\323C\344\327\264{\312-\017:\006{\177\344N\002\326bO\260\220\006\033\362\345\005U\221DzJ0\001\301\025%1L\307\t\261\262z\374\222T\301\274V\236\223\262\270Ct\362\337b\356\024*\324\320\351\317\002k\336\234\027v\351\217\260\303\360\233ZPZWr\246$w\313\313\r\243r\232\2234\373\3539:N\004Q\245\272D\312D\300\300\t\323\0257\345e\271\na\215{\226\255x%T\257\037\333\004\344_/R\006E\344\037@\210\363\010\336T\226\247'\204_{\261\370""1\235\2445\343\033Y!\212\201\341\272\225'\0078\032;n\374\023\335\006\302\274\330#C\271wt\207\334\002Q\337+\355\274\004\000/W\353\354nF\013\003""; }; ","ledgerHash: ""\252\344\245^L==\235\021\032V\220\341+U\353\274\372=u\225\337\321k\342\217\031\035&\261k*""; ledgerSeq: 55; type: liBASE; nodes {;   nodedata: ""\000\000\0007\001cEx]\211\377\330\220lA\251D\0246\305z\207\225\254\360\010\233K$\222\242w\316\025\202/\356\266\371/\256\354\300\373\000\000\000\000\000\000\000\000\000\000\000\000\000\000\000\000\000\000\000\000\000\000\000\000\000\000\000\000\000\000\000\000\302ESY\341_\033!-N\357\017\201\243\241H\244\222\302ad\300\306M\225\2671\226\351\225[\260/\351\253U/\351\253V\n\000""; }; nodes {;   nodedata: ""\323C\344\327\264{\312-\017:\006{\177\344N\002\326bO\260\220\006\033\362\345\005U\221DzJ0\001\301\025%1L\307\t\261\262z\374\222T\301\274V\236\223\262\270Ct\362\337b\356\024*\324\320\351\317\002k\336\234\027v\351\217\260\303\360\233ZPZWr\246$w\313\313\r\243r\232\2234\373\3539:N\004Q\245\272D\312D\300\300\t\323\0257\345e\271\na\215{\226\255x%T\257\037\333\004\344_/R\006E\344\037@\210\363\010\336T\226\247'\204_{\261\370""1\235\2445\343\033Y!\212\201\341\272\225'\0078\032;n\374\023\335\006\302\274\330#C\271wt\207\334\002Q\337+\355\274\004\000/W\353\354nF\013\003""; }; "
1750527705525,1750527705526,0,1,3,4,TMLedgerData,"ledgerHash: ""\252\344\245^L==\235\021\032V\220\341+U\353\274\372=u\225\337\321k\342\217\031\035&\261k*""; ledgerSeq: 55; type: liAS_NODE; nodes {;   nodedata: ""\021\000h""\000\000\000\000 \033\000\000\0006\002\023\307\037\330\356GuH\375\327!\255\371\r\231\262R\256J\034\222\241\355X\265E\241^W\225\304\014\361CX-}\351f\032\255\274\334m\326c\017\014ao[\342\230\003\245\245\3341Hm\326^\017jy\335\261\032Yt\320\244{g\0306\\302\303*\341\215\223\257\364\277o\375\000r\241SOq\221\253\262\005\017\375T\356\014\360o'\030\311-\267\031\257!\031T\006><\315XM\334\324\345\034\000\325\367\240\271\013\265\024\321\362\354\211\250.\234s\225amc\305\035\366\276\037nD\277`\210\223N\3535\033\261\304f\331]\036\237\306o!\223\221\002\324\031\262\240R\177 ,\214\325\Q])\016\2067\277\t\354\010\000\360\215\2502\265\245\310\226\243c\302Ze\306\253#r\020\211\320iG\276\020E\317\035Sf\223F\254\033@\177e\277\016\010u\327\371&\262\312\317Q\2361t\377x\234\001v\003%\030\325_\225g\204\346a=\225\273\331\354\365*U\363\263N\367b\371\244\314-w\363\262\225Z\200\206\235\233\257?sE\2674\254\326mU\377?\177Ek\336\030!\316Aa\225\303\022\377{\210Y\226\271as\354L\035\004\341\361\035\301\024\220m#*\372\032\3178~\374\250\014*\323\342'z69\220\327\256\351G\367\317u\302\207\270b\315\333\333\334\310I\323&\014\352XZnW2.\335\347\202\021\247\362\212e\034\000\001\250\220\305;a\314\265R\310\017\317\331\235\360\262\240:\277\202\266\354\265X""\022\nh\252\352w\204\203\023]\001f\352\277\0031Q]\362\370R\350{\261\202\240\344\215\201\353\276\322p5p\350\354\017>\250r\241c\273\016\301\024\363\242\247\263\231\370\344\nBW\220K\316@3\243\200\036wk\253GSlU\010\360\231>\331\263H\214\324\030A\225\301o\346pkSF\004\241\213w9\223=\250\262*+\255\351r\265\244c\024\213\t\007`\223\325#\3477\210\345P\306\013\320\252[\0216+\227=`\371P\314\346 V7\271[~\n\237\274|\347\352@K\253~&\260\032\024\004B\200\255h\351\013\361\031:nG\211\005|\2003\266\274\251,W\006u\344\335d\003\306\212\313,\340\350bG\n\030Z\2732-\246\312\255\030\003\235207\005}D\260\0261ah\322M\304\216\273m0\271\234\237\007<w$\265C\245\232\033\023\313c\321B\032l\301h\005\320\252\301\361(\330[\343\357\343{\235\n\266g\272>\177\317\347\261qb&\270&\346ju\200\363N\320\307\004\034\001n\317\361\2653\254\2503\247\305\372\316W\022O\253x\250\025\373\247\354Tc\304\263\243^\352Gv\\264\261\r\035\226\306\2411\351\233\203\215\200$\231\300f\220\371c@\017\254\363\\371\340\340VaR\205~^\226\342t\360\022\204d\231\205)\272\364?\361!\334\331\315\254\230\rBG\314\023\246\244=\351\177\254\302b&\276+H;0\312\021&\275\036\237\350R\313\206R\331\304k\323u\263t\221\213yC\241\217A\242\027g\322\241'\212.E?B_\316\327\217J +\370\t^b\005\020\003\211\373\247|hC\271Nmk~J\270EU\274\036-\347\240\312FA\321\341bca\253\025\321\311\317\021\375\317\217\n\272\033o\353G>\275\361H\265\240\232um""\317\324`\214\221\314\000\211K\223+(""\200i \311\372g\254\343ZR0\224\275q\252\357\213\263\206N\357&Q\217\267\303\356I\236\357\264\311b\037\366\035\253\343\311\265\240\327q\206f\262ODi\215-\363>\034\236l\273\005G\316F\217}[\036\007\270:\260\335\271B\241N\345\330\204\327f\361\272Kb\0377p\334\264\237\177~\330]\252+:\317u\302h\n\351\n\364\231\277R\371\356\033y\265v\360Ny\246\332qY\262\231\251\n\305\334\202\305\362\n\367@k\231\016R:\327\242\366\242\253LZY\223$Gw^\203\302\311\316I7\371tTwp}\005|\372\214\251{R`\230V\244-\326I\351\255\325i\335\377\321\353\327\331\302\023\347y\016\263\271\317\306\017UV\314qu?\0064A\315{3D\010\016S\212\2353k0\361\214ID\303g\277\010Y_\001~\021\333\370\255\374\\331\306\255\336)\365Rth\024\t\300.M\315\321S\257\224\252\362\326P\316\303%nX\3742\333\036\004Y\264yG^\234\177\214\305q\237\274G\300a4\275\240s\215\222\210\016\020G\344=-:GK\312\035\271\201\350\376F\260G\347\000\235\365P6pmH\033\373\212c\377o\232\356\320D\002\277,]os{\354/?\312e\006wda\001\023\375\316\025\254\321\244\370+Y`\220\270\254\2601E[FI\310\235<qI \356\032v%\001\230\016\203\200\251UD\347\304\373\034\211\340@\342\033\263\365\356\341\357\350\324\035J\032\177\230\207\220\303+\207\352g\317N\027>\222M\271m\033\236\021:\272\233r\373\233hC}\256\020\210\010\233\335\025[ d(\343\263\327\177\030\246\254H\277\254E\231\006\033_lB\210\264\334Y\322\314\362\320L\000Q\240\317\3502\006,|\364\004\275\034\006\337\370""\330\364\202\314\315\311?\030\260\361u)\336\202\265Y\177X\227$\245tCB\345\314d\231A\300\204\371KJ\036\321\330\014]""EN\266$]\331\226c\351\312\376z\254\214\206B\274&M\032\376v\266\3104u)\r\312\021\273\030jJH\215G4\367fQ;\255\3404\372\225\341L\224\242\200VY\220\355\020\353I\n\363\266\036\311\003OR\250""\032\230\021]+$\302\005\224\270\033E\r\312\315}\200\2505\216\221\301\341\035[\247\325\236M^\360a\267\356\267\247]\357\236\n\207}P\2654\026`\256u\276\r&\026K\315a\3337\216.\240\362\263\327]\372\325\037\006\345\236\265\343\337g\271\317\315\374\3357gX\036\024'\357<$\322\323$\375\346&^\361\0009\022`\210$\005\261rTx\343\226\224vC\2607.\025\213@~\312\227\000 o\232\016\376|a3\352&\324\337\230\212\265o\2035\250\303\2760\241\364^\002Z\031Z!\300\002\364\004\232\355\234\202\021\371_~\346\024\242\247\366\231\036\370\365\313\014\307\362i\210e\030\317\336e\256\245\026R\036\304S\352]~a\353k\036W\036\333\243\313y\256\236\230\270\325\233\373\001c\343\030e+OD\224O\347\364mD\216\220lA\251D\0246\305z\207\225\254\360\010\233K$\222\242w\316\025\202/\356\266\371/\256\354\300\373\264\227\2326\315\307\363\323\325\303\032N\256*\307\327 \235\332\207u\210\271\257\306g\231i*\260\326k\001"";   nodeid: ""\260\000\000\000\000\000\000\000\000\000\000\000\000\000\000\000\000\000\000\000\000\000\000\000\000\000\000\000\000\000\000\000\001""; }; ","ledgerHash: ""\252\344\245^L==\235\021\032V\220\341+U\353\274\372=u\225\337\321k\342\217\031\035&\261k*""; ledgerSeq: 55; type: liAS_NODE; nodes {;   nodedata: ""\021\000h""\000\000\000\000 \033\000\000\0006\002\023\307\037\330\356GuH\375\327!\255\371\r\231\262R\256J\034\222\241\355X\265E\241^W\225\304\014\361CX-}\351f\032\255\274\334m\326c\017\014ao[\342\230\003\245\245\3341Hm\326^\017jy\335\261\032Yt\320\244{g\0306\\302\303*\341\215\223\257\364\277o\375\000r\241SOq\221\253\262\005\017\375T\356\014\360o'\030\311-\267\031\257!\031T\006><\315XM\334\324\345\034\000\325\367\240\271\013\265\024\321\362\354\211\250.\234s\225amc\305\035\366\276\037nD\277`\210\223N\3535\033\261\304f\331]\036\237\306o!\223\221\002\324\031\262\240R\177 ,\214\325\Q])\016\2067\277\t\354\010\000\360\215\2502\265\245\310\226\243c\302Ze\306\253#r\020\211\320iG\276\020E\317\035Sf\223F\254\033@\177e\277\016\010u\327\371&\262\312\317Q\2361t\377x\234\001v\003%\030\325_\225g\204\346a=\225\273\331\354\365*U\363\263N\367b\371\244\314-w\363\262\225Z\200\206\235\233\257?sE\2674\254\326mU\377?\177Ek\336\030!\316Aa\225\303\022\377{\210Y\226\271as\354L\035\004\341\361\035\301\024\220m#*\372\032\3178~\374\250\014*\323\342'z69\220\327\256\351G\367\317u\302\207\270b\315\333\333\334\310I\323&\014\352XZnW2.\335\347\202\021\247\362\212e\034\000\001\250\220\305;a\314\265R\310\017\317\331\235\360\262\240:\277\202\266\354\265X""\022\nh\252\352w\204\203\023]\001f\352\277\0031Q]\362\370R\350{\261\202\240\344\215\201\353\276\322p5p\350\354\017>\250r\241c\273\016\301\024\363\242\247\263\231\370\344\nBW\220K\316@3\243\200\036wk\253GSlU\010\360\231>\331\263H\214\324\030A\225\301o\346pkSF\004\241\213w9\223=\250\262*+\255\351r\265\244c\024\213\t\007`\223\325#\3477\210\345P\306\013\320\252[\0216+\227=`\371P\314\346 V7\271[~\n\237\274|\347\352@K\253~&\260\032\024\004B\200\255h\351\013\361\031:nG\211\005|\2003\266\274\251,W\006u\344\335d\003\306\212\313,\340\350bG\n\030Z\2732-\246\312\255\030\003\235207\005}D\260\0261ah\322M\304\216\273m0\271\234\237\007<w$\265C\245\232\033\023\313c\321B\032l\301h\005\320\252\301\361(\330[\343\357\343{\235\n\266g\272>\177\317\347\261qb&\270&\346ju\200\363N\320\307\004\034\001n\317\361\2653\254\2503\247\305\372\316W\022O\253x\250\025\373\247\354Tc\304\263\243^\352Gv\\264\261\r\035\226\306\2411\351\233\203\215\200$\231\300f\220\371c@\017\254\363\\371\340\340VaR\205~^\226\342t\360\022\204d\231\205)\272\364?\361!\334\331\315\254\230\rBG\314\023\246\244=\351\177\254\302b&\276+H;0\312\021&\275\036\237\350R\313\206R\331\304k\323u\263t\221\213yC\241\217A\242\027g\322\241'\212.E?B_\316\327\217J +\370\t^b\005\020\003\211\373\247|hC\271Nmk~J\270EU\274\036-\347\240\312FA\321\341bca\253\025\321\311\317\021\375\317\217\n\272\033o\353G>\275\361H\265\240\232um""\317\324`\214\221\314\000\211K\223+(""\200i \311\372g\254\343ZR0\224\275q\252\357\213\263\206N\357&Q\217\267\303\356I\236\357\264\311b\037\366\035\253\343\311\265\240\327q\206f\262ODi\215-\363>\034\236l\273\005G\316F\217}[\036\007\270:\260\335\271B\241N\345\330\204\327f\361\272Kb\0377p\334\264\237\177~\330]\252+:\317u\302h\n\351\n\364\231\277R\371\356\033y\265v\360Ny\246\332qY\262\231\251\n\305\334\202\305\362\n\367@k\231\016R:\327\242\366\242\253LZY\223$Gw^\203\302\311\316I7\371tTwp}\005|\372\214\251{R`\230V\244-\326I\351\255\325i\335\377\321\353\327\331\302\023\347y\016\263\271\317\306\017UV\314qu?\0064A\315{3D\010\016S\212\2353k0\361\214ID\303g\277\010Y_\001~\021\333\370\255\374\\331\306\255\336)\365Rth\024\t\300.M\315\321S\257\224\252\362\326P\316\303%nX\3742\333\036\004Y\264yG^\234\177\214\305q\237\274G\300a4\275\240s\215\222\210\016\020G\344=-:GK\312\035\271\201\350\376F\260G\347\000\235\365P6pmH\033\373\212c\377o\232\356\320D\002\277,]os{\354/?\312e\006wda\001\023\375\316\025\254\321\244\370+Y`\220\270\254\2601E[FI\310\235<qI \356\032v%\001\230\016\203\200\251UD\347\304\373\034\211\340@\342\033\263\365\356\341\357\350\324\035J\032\177\230\207\220\303+\207\352g\317N\027>\222M\271m\033\236\021:\272\233r\373\233hC}\256\020\210\010\233\335\025[ d(\343\263\327\177\030\246\254H\277\254E\231\006\033_lB\210\264\334Y\322\314\362\320L\000Q\240\317\3502\006,|\364\004\275\034\006\337\370""\330\364\202\314\315\311?\030\260\361u)\336\202\265Y\177X\227$\245tCB\345\314d\231A\300\204\371KJ\036\321\330\014]""EN\266$]\331\226c\351\312\376z\254\214\206B\274&M\032\376v\266\3104u)\r\312\021\273\030jJH\215G4\367fQ;\255\3404\372\225\341L\224\242\200VY\220\355\020\353I\n\363\266\036\311\003OR\250""\032\230\021]+$\302\005\224\270\033E\r\312\315}\200\2505\216\221\301\341\035[\247\325\236M^\360a\267\356\267\247]\357\236\n\207}P\2654\026`\256u\276\r&\026K\315a\3337\216.\240\362\263\327]\372\325\037\006\345\236\265\343\337g\271\317\315\374\3357gX\036\024'\357<$\322\323$\375\346&^\361\0009\022`\210$\005\261rTx\343\226\224vC\2607.\025\213@~\312\227\000 o\232\016\376|a3\352&\324\337\230\212\265o\2035\250\303\2760\241\364^\002Z\031Z!\300\002\364\004\232\355\234\202\021\371_~\346\024\242\247\366\231\036\370\365\313\014\307\362i\210e\030\317\336e\256\245\026R\036\304S\352]~a\353k\036W\036\333\243\313y\256\236\230\270\325\233\373\001c\343\030e+OD\224O\347\364mD\216\220lA\251D\0246\305z\207\225\254\360\010\233K$\222\242w\316\025\202/\356\266\371/\256\354\300\373\264\227\2326\315\307\363\323\325\303\032N\256*\307\327 \235\332\207u\210\271\257\306g\231i*\260\326k\001"";   nodeid: ""\260\000\000\000\000\000\000\000\000\000\000\000\000\000\000\000\000\000\000\000\000\000\000\000\000\000\000\000\000\000\000\000\001""; }; "
1750527705527,1750527705527,0,1,3,0,TMLedgerData,"ledgerHash: ""\252\344\245^L==\235\021\032V\220\341+U\353\274\372=u\225\337\321k\342\217\031\035&\261k*""; ledgerSeq: 55; type: liBASE; nodes {;   nodedata: ""\000\000\0007\001cEx]\211\377\330\220lA\251D\0246\305z\207\225\254\360\010\233K$\222\242w\316\025\202/\356\266\371/\256\354\300\373\000\000\000\000\000\000\000\000\000\000\000\000\000\000\000\000\000\000\000\000\000\000\000\000\000\000\000\000\000\000\000\000\302ESY\341_\033!-N\357\017\201\243\241H\244\222\302ad\300\306M\225\2671\226\351\225[\260/\351\253U/\351\253V\n\000""; }; nodes {;   nodedata: ""\323C\344\327\264{\312-\017:\006{\177\344N\002\326bO\260\220\006\033\362\345\005U\221DzJ0\001\301\025%1L\307\t\261\262z\374\222T\301\274V\236\223\262\270Ct\362\337b\356\024*\324\320\351\317\002k\336\234\027v\351\217\260\303\360\233ZPZWr\246$w\313\313\r\243r\232\2234\373\3539:N\004Q\245\272D\312D\300\300\t\323\0257\345e\271\na\215{\226\255x%T\257\037\333\004\344_/R\006E\344\037@\210\363\010\336T\226\247'\204_{\261\370""1\235\2445\343\033Y!\212\201\341\272\225'\0078\032;n\374\023\335\006\302\274\330#C\271wt\207\334\002Q\337+\355\274\004\000/W\353\354nF\013\003""; }; requestCookie: 3; ","ledgerHash: ""\252\344\245^L==\235\021\032V\220\341+U\353\274\372=u\225\337\321k\342\217\031\035&\261k*""; ledgerSeq: 55; type: liBASE; nodes {;   nodedata: ""\000\000\0007\001cEx]\211\377\330\220lA\251D\0246\305z\207\225\254\360\010\233K$\222\242w\316\025\202/\356\266\371/\256\354\300\373\000\000\000\000\000\000\000\000\000\000\000\000\000\000\000\000\000\000\000\000\000\000\000\000\000\000\000\000\000\000\000\000\302ESY\341_\033!-N\357\017\201\243\241H\244\222\302ad\300\306M\225\2671\226\351\225[\260/\351\253U/\351\253V\n\000""; }; nodes {;   nodedata: ""\323C\344\327\264{\312-\017:\006{\177\344N\002\326bO\260\220\006\033\362\345\005U\221DzJ0\001\301\025%1L\307\t\261\262z\374\222T\301\274V\236\223\262\270Ct\362\337b\356\024*\324\320\351\317\002k\336\234\027v\351\217\260\303\360\233ZPZWr\246$w\313\313\r\243r\232\2234\373\3539:N\004Q\245\272D\312D\300\300\t\323\0257\345e\271\na\215{\226\255x%T\257\037\333\004\344_/R\006E\344\037@\210\363\010\336T\226\247'\204_{\261\370""1\235\2445\343\033Y!\212\201\341\272\225'\0078\032;n\374\023\335\006\302\274\330#C\271wt\207\334\002Q\337+\355\274\004\000/W\353\354nF\013\003""; }; requestCookie: 3; "
1750527705527,1750527705527,0,1,4,0,TMLedgerData,"ledgerHash: ""\252\344\245^L==\235\021\032V\220\341+U\353\274\372=u\225\337\321k\342\217\031\035&\261k*""; ledgerSeq: 55; type: liBASE; nodes {;   nodedata: ""\000\000\0007\001cEx]\211\377\330\220lA\251D\0246\305z\207\225\254\360\010\233K$\222\242w\316\025\202/\356\266\371/\256\354\300\373\000\000\000\000\000\000\000\000\000\000\000\000\000\000\000\000\000\000\000\000\000\000\000\000\000\000\000\000\000\000\000\000\302ESY\341_\033!-N\357\017\201\243\241H\244\222\302ad\300\306M\225\2671\226\351\225[\260/\351\253U/\351\253V\n\000""; }; nodes {;   nodedata: ""\323C\344\327\264{\312-\017:\006{\177\344N\002\326bO\260\220\006\033\362\345\005U\221DzJ0\001\301\025%1L\307\t\261\262z\374\222T\301\274V\236\223\262\270Ct\362\337b\356\024*\324\320\351\317\002k\336\234\027v\351\217\260\303\360\233ZPZWr\246$w\313\313\r\243r\232\2234\373\3539:N\004Q\245\272D\312D\300\300\t\323\0257\345e\271\na\215{\226\255x%T\257\037\333\004\344_/R\006E\344\037@\210\363\010\336T\226\247'\204_{\261\370""1\235\2445\343\033Y!\212\201\341\272\225'\0078\032;n\374\023\335\006\302\274\330#C\271wt\207\334\002Q\337+\355\274\004\000/W\353\354nF\013\003""; }; ","ledgerHash: ""\252\344\245^L==\235\021\032V\220\341+U\353\274\372=u\225\337\321k\342\217\031\035&\261k*""; ledgerSeq: 55; type: liBASE; nodes {;   nodedata: ""\000\000\0007\001cEx]\211\377\330\220lA\251D\0246\305z\207\225\254\360\010\233K$\222\242w\316\025\202/\356\266\371/\256\354\300\373\000\000\000\000\000\000\000\000\000\000\000\000\000\000\000\000\000\000\000\000\000\000\000\000\000\000\000\000\000\000\000\000\302ESY\341_\033!-N\357\017\201\243\241H\244\222\302ad\300\306M\225\2671\226\351\225[\260/\351\253U/\351\253V\n\000""; }; nodes {;   nodedata: ""\323C\344\327\264{\312-\017:\006{\177\344N\002\326bO\260\220\006\033\362\345\005U\221DzJ0\001\301\025%1L\307\t\261\262z\374\222T\301\274V\236\223\262\270Ct\362\337b\356\024*\324\320\351\317\002k\336\234\027v\351\217\260\303\360\233ZPZWr\246$w\313\313\r\243r\232\2234\373\3539:N\004Q\245\272D\312D\300\300\t\323\0257\345e\271\na\215{\226\255x%T\257\037\333\004\344_/R\006E\344\037@\210\363\010\336T\226\247'\204_{\261\370""1\235\2445\343\033Y!\212\201\341\272\225'\0078\032;n\374\023\335\006\302\274\330#C\271wt\207\334\002Q\337+\355\274\004\000/W\353\354nF\013\003""; }; "
1750527705528,1750527705528,0,1,3,0,TMLedgerData,"ledgerHash: ""\252\344\245^L==\235\021\032V\220\341+U\353\274\372=u\225\337\321k\342\217\031\035&\261k*""; ledgerSeq: 55; type: liBASE; nodes {;   nodedata: ""\000\000\0007\001cEx]\211\377\330\220lA\251D\0246\305z\207\225\254\360\010\233K$\222\242w\316\025\202/\356\266\371/\256\354\300\373\000\000\000\000\000\000\000\000\000\000\000\000\000\000\000\000\000\000\000\000\000\000\000\000\000\000\000\000\000\000\000\000\302ESY\341_\033!-N\357\017\201\243\241H\244\222\302ad\300\306M\225\2671\226\351\225[\260/\351\253U/\351\253V\n\000""; }; nodes {;   nodedata: ""\323C\344\327\264{\312-\017:\006{\177\344N\002\326bO\260\220\006\033\362\345\005U\221DzJ0\001\301\025%1L\307\t\261\262z\374\222T\301\274V\236\223\262\270Ct\362\337b\356\024*\324\320\351\317\002k\336\234\027v\351\217\260\303\360\233ZPZWr\246$w\313\313\r\243r\232\2234\373\3539:N\004Q\245\272D\312D\300\300\t\323\0257\345e\271\na\215{\226\255x%T\257\037\333\004\344_/R\006E\344\037@\210\363\010\336T\226\247'\204_{\261\370""1\235\2445\343\033Y!\212\201\341\272\225'\0078\032;n\374\023\335\006\302\274\330#C\271wt\207\334\002Q\337+\355\274\004\000/W\353\354nF\013\003""; }; requestCookie: 5; ","ledgerHash: ""\252\344\245^L==\235\021\032V\220\341+U\353\274\372=u\225\337\321k\342\217\031\035&\261k*""; ledgerSeq: 55; type: liBASE; nodes {;   nodedata: ""\000\000\0007\001cEx]\211\377\330\220lA\251D\0246\305z\207\225\254\360\010\233K$\222\242w\316\025\202/\356\266\371/\256\354\300\373\000\000\000\000\000\000\000\000\000\000\000\000\000\000\000\000\000\000\000\000\000\000\000\000\000\000\000\000\000\000\000\000\302ESY\341_\033!-N\357\017\201\243\241H\244\222\302ad\300\306M\225\2671\226\351\225[\260/\351\253U/\351\253V\n\000""; }; nodes {;   nodedata: ""\323C\344\327\264{\312-\017:\006{\177\344N\002\326bO\260\220\006\033\362\345\005U\221DzJ0\001\301\025%1L\307\t\261\262z\374\222T\301\274V\236\223\262\270Ct\362\337b\356\024*\324\320\351\317\002k\336\234\027v\351\217\260\303\360\233ZPZWr\246$w\313\313\r\243r\232\2234\373\3539:N\004Q\245\272D\312D\300\300\t\323\0257\345e\271\na\215{\226\255x%T\257\037\333\004\344_/R\006E\344\037@\210\363\010\336T\226\247'\204_{\261\370""1\235\2445\343\033Y!\212\201\341\272\225'\0078\032;n\374\023\335\006\302\274\330#C\271wt\207\334\002Q\337+\355\274\004\000/W\353\354nF\013\003""; }; requestCookie: 5; "
1750527705528,1750527705529,0,1,3,1,TMLedgerData,"ledgerHash: ""\252\344\245^L==\235\021\032V\220\341+U\353\274\372=u\225\337\321k\342\217\031\035&\261k*""; ledgerSeq: 55; type: liBASE; nodes {;   nodedata: ""\000\000\0007\001cEx]\211\377\330\220lA\251D\0246\305z\207\225\254\360\010\233K$\222\242w\316\025\202/\356\266\371/\256\354\300\373\000\000\000\000\000\000\000\000\000\000\000\000\000\000\000\000\000\000\000\000\000\000\000\000\000\000\000\000\000\000\000\000\302ESY\341_\033!-N\357\017\201\243\241H\244\222\302ad\300\306M\225\2671\226\351\225[\260/\351\253U/\351\253V\n\000""; }; nodes {;   nodedata: ""\323C\344\327\264{\312-\017:\006{\177\344N\002\326bO\260\220\006\033\362\345\005U\221DzJ0\001\301\025%1L\307\t\261\262z\374\222T\301\274V\236\223\262\270Ct\362\337b\356\024*\324\320\351\317\002k\336\234\027v\351\217\260\303\360\233ZPZWr\246$w\313\313\r\243r\232\2234\373\3539:N\004Q\245\272D\312D\300\300\t\323\0257\345e\271\na\215{\226\255x%T\257\037\333\004\344_/R\006E\344\037@\210\363\010\336T\226\247'\204_{\261\370""1\235\2445\343\033Y!\212\201\341\272\225'\0078\032;n\374\023\335\006\302\274\330#C\271wt\207\334\002Q\337+\355\274\004\000/W\353\354nF\013\003""; }; ","ledgerHash: ""\252\344\245^L==\235\021\032V\220\341+U\353\274\372=u\225\337\321k\342\217\031\035&\261k*""; ledgerSeq: 55; type: liBASE; nodes {;   nodedata: ""\000\000\0007\001cEx]\211\377\330\220lA\251D\0246\305z\207\225\254\360\010\233K$\222\242w\316\025\202/\356\266\371/\256\354\300\373\000\000\000\000\000\000\000\000\000\000\000\000\000\000\000\000\000\000\000\000\000\000\000\000\000\000\000\000\000\000\000\000\302ESY\341_\033!-N\357\017\201\243\241H\244\222\302ad\300\306M\225\2671\226\351\225[\260/\351\253U/\351\253V\n\000""; }; nodes {;   nodedata: ""\323C\344\327\264{\312-\017:\006{\177\344N\002\326bO\260\220\006\033\362\345\005U\221DzJ0\001\301\025%1L\307\t\261\262z\374\222T\301\274V\236\223\262\270Ct\362\337b\356\024*\324\320\351\317\002k\336\234\027v\351\217\260\303\360\233ZPZWr\246$w\313\313\r\243r\232\2234\373\3539:N\004Q\245\272D\312D\300\300\t\323\0257\345e\271\na\215{\226\255x%T\257\037\333\004\344_/R\006E\344\037@\210\363\010\336T\226\247'\204_{\261\370""1\235\2445\343\033Y!\212\201\341\272\225'\0078\032;n\374\023\335\006\302\274\330#C\271wt\207\334\002Q\337+\355\274\004\000/W\353\354nF\013\003""; }; "
1750527705529,1750527705529,0,1,3,1,TMLedgerData,"ledgerHash: ""\252\344\245^L==\235\021\032V\220\341+U\353\274\372=u\225\337\321k\342\217\031\035&\261k*""; ledgerSeq: 55; type: liBASE; nodes {;   nodedata: ""\000\000\0007\001cEx]\211\377\330\220lA\251D\0246\305z\207\225\254\360\010\233K$\222\242w\316\025\202/\356\266\371/\256\354\300\373\000\000\000\000\000\000\000\000\000\000\000\000\000\000\000\000\000\000\000\000\000\000\000\000\000\000\000\000\000\000\000\000\302ESY\341_\033!-N\357\017\201\243\241H\244\222\302ad\300\306M\225\2671\226\351\225[\260/\351\253U/\351\253V\n\000""; }; nodes {;   nodedata: ""\323C\344\327\264{\312-\017:\006{\177\344N\002\326bO\260\220\006\033\362\345\005U\221DzJ0\001\301\025%1L\307\t\261\262z\374\222T\301\274V\236\223\262\270Ct\362\337b\356\024*\324\320\351\317\002k\336\234\027v\351\217\260\303\360\233ZPZWr\246$w\313\313\r\243r\232\2234\373\3539:N\004Q\245\272D\312D\300\300\t\323\0257\345e\271\na\215{\226\255x%T\257\037\333\004\344_/R\006E\344\037@\210\363\010\336T\226\247'\204_{\261\370""1\235\2445\343\033Y!\212\201\341\272\225'\0078\032;n\374\023\335\006\302\274\330#C\271wt\207\334\002Q\337+\355\274\004\000/W\353\354nF\013\003""; }; requestCookie: 3; ","ledgerHash: ""\252\344\245^L==\235\021\032V\220\341+U\353\274\372=u\225\337\321k\342\217\031\035&\261k*""; ledgerSeq: 55; type: liBASE; nodes {;   nodedata: ""\000\000\0007\001cEx]\211\377\330\220lA\251D\0246\305z\207\225\254\360\010\233K$\222\242w\316\025\202/\356\266\371/\256\354\300\373\000\000\000\000\000\000\000\000\000\000\000\000\000\000\000\000\000\000\000\000\000\000\000\000\000\000\000\000\000\000\000\000\302ESY\341_\033!-N\357\017\201\243\241H\244\222\302ad\300\306M\225\2671\226\351\225[\260/\351\253U/\351\253V\n\000""; }; nodes {;   nodedata: ""\323C\344\327\264{\312-\017:\006{\177\344N\002\326bO\260\220\006\033\362\345\005U\221DzJ0\001\301\025%1L\307\t\261\262z\374\222T\301\274V\236\223\262\270Ct\362\337b\356\024*\324\320\351\317\002k\336\234\027v\351\217\260\303\360\233ZPZWr\246$w\313\313\r\243r\232\2234\373\3539:N\004Q\245\272D\312D\300\300\t\323\0257\345e\271\na\215{\226\255x%T\257\037\333\004\344_/R\006E\344\037@\210\363\010\336T\226\247'\204_{\261\370""1\235\2445\343\033Y!\212\201\341\272\225'\0078\032;n\374\023\335\006\302\274\330#C\271wt\207\334\002Q\337+\355\274\004\000/W\353\354nF\013\003""; }; requestCookie: 3; "
1750527705530,1750527705530,0,1,3,1,TMLedgerData,"ledgerHash: ""\252\344\245^L==\235\021\032V\220\341+U\353\274\372=u\225\337\321k\342\217\031\035&\261k*""; ledgerSeq: 55; type: liBASE; nodes {;   nodedata: ""\000\000\0007\001cEx]\211\377\330\220lA\251D\0246\305z\207\225\254\360\010\233K$\222\242w\316\025\202/\356\266\371/\256\354\300\373\000\000\000\000\000\000\000\000\000\000\000\000\000\000\000\000\000\000\000\000\000\000\000\000\000\000\000\000\000\000\000\000\302ESY\341_\033!-N\357\017\201\243\241H\244\222\302ad\300\306M\225\2671\226\351\225[\260/\351\253U/\351\253V\n\000""; }; nodes {;   nodedata: ""\323C\344\327\264{\312-\017:\006{\177\344N\002\326bO\260\220\006\033\362\345\005U\221DzJ0\001\301\025%1L\307\t\261\262z\374\222T\301\274V\236\223\262\270Ct\362\337b\356\024*\324\320\351\317\002k\336\234\027v\351\217\260\303\360\233ZPZWr\246$w\313\313\r\243r\232\2234\373\3539:N\004Q\245\272D\312D\300\300\t\323\0257\345e\271\na\215{\226\255x%T\257\037\333\004\344_/R\006E\344\037@\210\363\010\336T\226\247'\204_{\261\370""1\235\2445\343\033Y!\212\201\341\272\225'\0078\032;n\374\023\335\006\302\274\330#C\271wt\207\334\002Q\337+\355\274\004\000/W\353\354nF\013\003""; }; requestCookie: 5; ","ledgerHash: ""\252\344\245^L==\235\021\032V\220\341+U\353\274\372=u\225\337\321k\342\217\031\035&\261k*""; ledgerSeq: 55; type: liBASE; nodes {;   nodedata: ""\000\000\0007\001cEx]\211\377\330\220lA\251D\0246\305z\207\225\254\360\010\233K$\222\242w\316\025\202/\356\266\371/\256\354\300\373\000\000\000\000\000\000\000\000\000\000\000\000\000\000\000\000\000\000\000\000\000\000\000\000\000\000\000\000\000\000\000\000\302ESY\341_\033!-N\357\017\201\243\241H\244\222\302ad\300\306M\225\2671\226\351\225[\260/\351\253U/\351\253V\n\000""; }; nodes {;   nodedata: ""\323C\344\327\264{\312-\017:\006{\177\344N\002\326bO\260\220\006\033\362\345\005U\221DzJ0\001\301\025%1L\307\t\261\262z\374\222T\301\274V\236\223\262\270Ct\362\337b\356\024*\324\320\351\317\002k\336\234\027v\351\217\260\303\360\233ZPZWr\246$w\313\313\r\243r\232\2234\373\3539:N\004Q\245\272D\312D\300\300\t\323\0257\345e\271\na\215{\226\255x%T\257\037\333\004\344_/R\006E\344\037@\210\363\010\336T\226\247'\204_{\261\370""1\235\2445\343\033Y!\212\201\341\272\225'\0078\032;n\374\023\335\006\302\274\330#C\271wt\207\334\002Q\337+\355\274\004\000/W\353\354nF\013\003""; }; requestCookie: 5; "
1750527705530,1750527705530,0,1,3,1,TMLedgerData,"ledgerHash: ""\252\344\245^L==\235\021\032V\220\341+U\353\274\372=u\225\337\321k\342\217\031\035&\261k*""; ledgerSeq: 55; type: liBASE; nodes {;   nodedata: ""\000\000\0007\001cEx]\211\377\330\220lA\251D\0246\305z\207\225\254\360\010\233K$\222\242w\316\025\202/\356\266\371/\256\354\300\373\000\000\000\000\000\000\000\000\000\000\000\000\000\000\000\000\000\000\000\000\000\000\000\000\000\000\000\000\000\000\000\000\302ESY\341_\033!-N\357\017\201\243\241H\244\222\302ad\300\306M\225\2671\226\351\225[\260/\351\253U/\351\253V\n\000""; }; nodes {;   nodedata: ""\323C\344\327\264{\312-\017:\006{\177\344N\002\326bO\260\220\006\033\362\345\005U\221DzJ0\001\301\025%1L\307\t\261\262z\374\222T\301\274V\236\223\262\270Ct\362\337b\356\024*\324\320\351\317\002k\336\234\027v\351\217\260\303\360\233ZPZWr\246$w\313\313\r\243r\232\2234\373\3539:N\004Q\245\272D\312D\300\300\t\323\0257\345e\271\na\215{\226\255x%T\257\037\333\004\344_/R\006E\344\037@\210\363\010\336T\226\247'\204_{\261\370""1\235\2445\343\033Y!\212\201\341\272\225'\0078\032;n\374\023\335\006\302\274\330#C\271wt\207\334\002Q\337+\355\274\004\000/W\353\354nF\013\003""; }; requestCookie: 2; ","ledgerHash: ""\252\344\245^L==\235\021\032V\220\341+U\353\274\372=u\225\337\321k\342\217\031\035&\261k*""; ledgerSeq: 55; type: liBASE; nodes {;   nodedata: ""\000\000\0007\001cEx]\211\377\330\220lA\251D\0246\305z\207\225\254\360\010\233K$\222\242w\316\025\202/\356\266\371/\256\354\300\373\000\000\000\000\000\000\000\000\000\000\000\000\000\000\000\000\000\000\000\000\000\000\000\000\000\000\000\000\000\000\000\000\302ESY\341_\033!-N\357\017\201\243\241H\244\222\302ad\300\306M\225\2671\226\351\225[\260/\351\253U/\351\253V\n\000""; }; nodes {;   nodedata: ""\323C\344\327\264{\312-\017:\006{\177\344N\002\326bO\260\220\006\033\362\345\005U\221DzJ0\001\301\025%1L\307\t\261\262z\374\222T\301\274V\236\223\262\270Ct\362\337b\356\024*\324\320\351\317\002k\336\234\027v\351\217\260\303\360\233ZPZWr\246$w\313\313\r\243r\232\2234\373\3539:N\004Q\245\272D\312D\300\300\t\323\0257\345e\271\na\215{\226\255x%T\257\037\333\004\344_/R\006E\344\037@\210\363\010\336T\226\247'\204_{\261\370""1\235\2445\343\033Y!\212\201\341\272\225'\0078\032;n\374\023\335\006\302\274\330#C\271wt\207\334\002Q\337+\355\274\004\000/W\353\354nF\013\003""; }; requestCookie: 2; "
1750527705531,1750527705531,0,1,3,0,TMLedgerData,"ledgerHash: ""\252\344\245^L==\235\021\032V\220\341+U\353\274\372=u\225\337\321k\342\217\031\035&\261k*""; ledgerSeq: 55; type: liBASE; nodes {;   nodedata: ""\000\000\0007\001cEx]\211\377\330\220lA\251D\0246\305z\207\225\254\360\010\233K$\222\242w\316\025\202/\356\266\371/\256\354\300\373\000\000\000\000\000\000\000\000\000\000\000\000\000\000\000\000\000\000\000\000\000\000\000\000\000\000\000\000\000\000\000\000\302ESY\341_\033!-N\357\017\201\243\241H\244\222\302ad\300\306M\225\2671\226\351\225[\260/\351\253U/\351\253V\n\000""; }; nodes {;   nodedata: ""\323C\344\327\264{\312-\017:\006{\177\344N\002\326bO\260\220\006\033\362\345\005U\221DzJ0\001\301\025%1L\307\t\261\262z\374\222T\301\274V\236\223\262\270Ct\362\337b\356\024*\324\320\351\317\002k\336\234\027v\351\217\260\303\360\233ZPZWr\246$w\313\313\r\243r\232\2234\373\3539:N\004Q\245\272D\312D\300\300\t\323\0257\345e\271\na\215{\226\255x%T\257\037\333\004\344_/R\006E\344\037@\210\363\010\336T\226\247'\204_{\261\370""1\235\2445\343\033Y!\212\201\341\272\225'\0078\032;n\374\023\335\006\302\274\330#C\271wt\207\334\002Q\337+\355\274\004\000/W\353\354nF\013\003""; }; requestCookie: 2; ","ledgerHash: ""\252\344\245^L==\235\021\032V\220\341+U\353\274\372=u\225\337\321k\342\217\031\035&\261k*""; ledgerSeq: 55; type: liBASE; nodes {;   nodedata: ""\000\000\0007\001cEx]\211\377\330\220lA\251D\0246\305z\207\225\254\360\010\233K$\222\242w\316\025\202/\356\266\371/\256\354\300\373\000\000\000\000\000\000\000\000\000\000\000\000\000\000\000\000\000\000\000\000\000\000\000\000\000\000\000\000\000\000\000\000\302ESY\341_\033!-N\357\017\201\243\241H\244\222\302ad\300\306M\225\2671\226\351\225[\260/\351\253U/\351\253V\n\000""; }; nodes {;   nodedata: ""\323C\344\327\264{\312-\017:\006{\177\344N\002\326bO\260\220\006\033\362\345\005U\221DzJ0\001\301\025%1L\307\t\261\262z\374\222T\301\274V\236\223\262\270Ct\362\337b\356\024*\324\320\351\317\002k\336\234\027v\351\217\260\303\360\233ZPZWr\246$w\313\313\r\243r\232\2234\373\3539:N\004Q\245\272D\312D\300\300\t\323\0257\345e\271\na\215{\226\255x%T\257\037\333\004\344_/R\006E\344\037@\210\363\010\336T\226\247'\204_{\261\370""1\235\2445\343\033Y!\212\201\341\272\225'\0078\032;n\374\023\335\006\302\274\330#C\271wt\207\334\002Q\337+\355\274\004\000/W\353\354nF\013\003""; }; requestCookie: 2; "
1750527705531,1750527705532,0,1,3,0,TMLedgerData,"ledgerHash: ""\252\344\245^L==\235\021\032V\220\341+U\353\274\372=u\225\337\321k\342\217\031\035&\261k*""; ledgerSeq: 55; type: liAS_NODE; nodes {;   nodedata: ""\021\000h""\000\000\000\000 \033\000\000\0006\002\023\307\037\330\356GuH\375\327!\255\371\r\231\262R\256J\034\222\241\355X\265E\241^W\225\304\014\361CX-}\351f\032\255\274\334m\326c\017\014ao[\342\230\003\245\245\3341Hm\326^\017jy\335\261\032Yt\320\244{g\0306\\302\303*\341\215\223\257\364\277o\375\000r\241SOq\221\253\262\005\017\375T\356\014\360o'\030\311-\267\031\257!\031T\006><\315XM\334\324\345\034\000\325\367\240\271\013\265\024\321\362\354\211\250.\234s\225amc\305\035\366\276\037nD\277`\210\223N\3535\033\261\304f\331]\036\237\306o!\223\221\002\324\031\262\240R\177 ,\214\325\Q])\016\2067\277\t\354\010\000\360\215\2502\265\245\310\226\243c\302Ze\306\253#r\020\211\320iG\276\020E\317\035Sf\223F\254\033@\177e\277\016\010u\327\371&\262\312\317Q\2361t\377x\234\001v\003%\030\325_\225g\204\346a=\225\273\331\354\365*U\363\263N\367b\371\244\314-w\363\262\225Z\200\206\235\233\257?sE\2674\254\326mU\377?\177Ek\336\030!\316Aa\225\303\022\377{\210Y\226\271as\354L\035\004\341\361\035\301\024\220m#*\372\032\3178~\374\250\014*\323\342'z69\220\327\256\351G\367\317u\302\207\270b\315\333\333\334\310I\323&\014\352XZnW2.\335\347\202\021\247\362\212e\034\000\001\250\220\305;a\314\265R\310\017\317\331\235\360\262\240:\277\202\266\354\265X""\022\nh\252\352w\204\203\023]\001f\352\277\0031Q]\362\370R\350{\261\202\240\344\215\201\353\276\322p5p\350\354\017>\250r\241c\273\016\301\024\363\242\247\263\231\370\344\nBW\220K\316@3\243\200\036wk\253GSlU\010\360\231>\331\263H\214\324\030A\225\301o\346pkSF\004\241\213w9\223=\250\262*+\255\351r\265\244c\024\213\t\007`\223\325#\3477\210\345P\306\013\320\252[\0216+\227=`\371P\314\346 V7\271[~\n\237\274|\347\352@K\253~&\260\032\024\004B\200\255h\351\013\361\031:nG\211\005|\2003\266\274\251,W\006u\344\335d\003\306\212\313,\340\350bG\n\030Z\2732-\246\312\255\030\003\235207\005}D\260\0261ah\322M\304\216\273m0\271\234\237\007<w$\265C\245\232\033\023\313c\321B\032l\301h\005\320\252\301\361(\330[\343\357\343{\235\n\266g\272>\177\317\347\261qb&\270&\346ju\200\363N\320\307\004\034\001n\317\361\2653\254\2503\247\305\372\316W\022O\253x\250\025\373\247\354Tc\304\263\243^\352Gv\\264\261\r\035\226\306\2411\351\233\203\215\200$\231\300f\220\371c@\017\254\363\\371\340\340VaR\205~^\226\342t\360\022\204d\231\205)\272\364?\361!\334\331\315\254\230\rBG\314\023\246\244=\351\177\254\302b&\276+H;0\312\021&\275\036\237\350R\313\206R\331\304k\323u\263t\221\213yC\241\217A\242\027g\322\241'\212.E?B_\316\327\217J +\370\t^b\005\020\003\211\373\247|hC\271Nmk~J\270EU\274\036-\347\240\312FA\321\341bca\253\025\321\311\317\021\375\317\217\n\272\033o\353G>\275\361H\265\240\232um""\317\324`\214\221\314\000\211K\223+(""\200i \311\372g\254\343ZR0\224\275q\252\357\213\263\206N\357&Q\217\267\303\356I\236\357\264\311b\037\366\035\253\343\311\265\240\327q\206f\262ODi\215-\363>\034\236l\273\005G\316F\217}[\036\007\270:\260\335\271B\241N\345\330\204\327f\361\272Kb\0377p\334\264\237\177~\330]\252+:\317u\302h\n\351\n\364\231\277R\371\356\033y\265v\360Ny\246\332qY\262\231\251\n\305\334\202\305\362\n\367@k\231\016R:\327\242\366\242\253LZY\223$Gw^\203\302\311\316I7\371tTwp}\005|\372\214\251{R`\230V\244-\326I\351\255\325i\335\377\321\353\327\331\302\023\347y\016\263\271\317\306\017UV\314qu?\0064A\315{3D\010\016S\212\2353k0\361\214ID\303g\277\010Y_\001~\021\333\370\255\374\\331\306\255\336)\365Rth\024\t\300.M\315\321S\257\224\252\362\326P\316\303%nX\3742\333\036\004Y\264yG^\234\177\214\305q\237\274G\300a4\275\240s\215\222\210\016\020G\344=-:GK\312\035\271\201\350\376F\260G\347\000\235\365P6pmH\033\373\212c\377o\232\356\320D\002\277,]os{\354/?\312e\006wda\001\023\375\316\025\254\321\244\370+Y`\220\270\254\2601E[FI\310\235<qI \356\032v%\001\230\016\203\200\251UD\347\304\373\034\211\340@\342\033\263\365\356\341\357\350\324\035J\032\177\230\207\220\303+\207\352g\317N\027>\222M\271m\033\236\021:\272\233r\373\233hC}\256\020\210\010\233\335\025[ d(\343\263\327\177\030\246\254H\277\254E\231\006\033_lB\210\264\334Y\322\314\362\320L\000Q\240\317\3502\006,|\364\004\275\034\006\337\370""\330\364\202\314\315\311?\030\260\361u)\336\202\265Y\177X\227$\245tCB\345\314d\231A\300\204\371KJ\036\321\330\014]""EN\266$]\331\226c\351\312\376z\254\214\206B\274&M\032\376v\266\3104u)\r\312\021\273\030jJH\215G4\367fQ;\255\3404\372\225\341L\224\242\200VY\220\355\020\353I\n\363\266\036\311\003OR\250""\032\230\021]+$\302\005\224\270\033E\r\312\315}\200\2505\216\221\301\341\035[\247\325\236M^\360a\267\356\267\247]\357\236\n\207}P\2654\026`\256u\276\r&\026K\315a\3337\216.\240\362\263\327]\372\325\037\006\345\236\265\343\337g\271\317\315\374\3357gX\036\024'\357<$\322\323$\375\346&^\361\0009\022`\210$\005\261rTx\343\226\224vC\2607.\025\213@~\312\227\000 o\232\016\376|a3\352&\324\337\230\212\265o\2035\250\303\2760\241\364^\002Z\031Z!\300\002\364\004\232\355\234\202\021\371_~\346\024\242\247\366\231\036\370\365\313\014\307\362i\210e\030\317\336e\256\245\026R\036\304S\352]~a\353k\036W\036\333\243\313y\256\236\230\270\325\233\373\001c\343\030e+OD\224O\347\364mD\216\220lA\251D\0246\305z\207\225\254\360\010\233K$\222\242w\316\025\202/\356\266\371/\256\354\300\373\264\227\2326\315\307\363\323\325\303\032N\256*\307\327 \235\332\207u\210\271\257\306g\231i*\260\326k\001"";   nodeid: ""\260\000\000\000\000\000\000\000\000\000\000\000\000\000\000\000\000\000\000\000\000\000\000\000\000\000\000\000\000\000\000\000\001""; }; ","ledgerHash: ""\252\344\245^L==\235\021\032V\220\341+U\353\274\372=u\225\337\321k\342\217\031\035&\261k*""; ledgerSeq: 55; type: liAS_NODE; nodes {;   nodedata: ""\021\000h""\000\000\000\000 \033\000\000\0006\002\023\307\037\330\356GuH\375\327!\255\371\r\231\262R\256J\034\222\241\355X\265E\241^W\225\304\014\361CX-}\351f\032\255\274\334m\326c\017\014ao[\342\230\003\245\245\3341Hm\326^\017jy\335\261\032Yt\320\244{g\0306\\302\303*\341\215\223\257\364\277o\375\000r\241SOq\221\253\262\005\017\375T\356\014\360o'\030\311-\267\031\257!\031T\006><\315XM\334\324\345\034\000\325\367\240\271\013\265\024\321\362\354\211\250.\234s\225amc\305\035\366\276\037nD\277`\210\223N\3535\033\261\304f\331]\036\237\306o!\223\221\002\324\031\262\240R\177 ,\214\325\Q])\016\2067\277\t\354\010\000\360\215\2502\265\245\310\226\243c\302Ze\306\253#r\020\211\320iG\276\020E\317\035Sf\223F\254\033@\177e\277\016\010u\327\371&\262\312\317Q\2361t\377x\234\001v\003%\030\325_\225g\204\346a=\225\273\331\354\365*U\363\263N\367b\371\244\314-w\363\262\225Z\200\206\235\233\257?sE\2674\254\326mU\377?\177Ek\336\030!\316Aa\225\303\022\377{\210Y\226\271as\354L\035\004\341\361\035\301\024\220m#*\372\032\3178~\374\250\014*\323\342'z69\220\327\256\351G\367\317u\302\207\270b\315\333\333\334\310I\323&\014\352XZnW2.\335\347\202\021\247\362\212e\034\000\001\250\220\305;a\314\265R\310\017\317\331\235\360\262\240:\277\202\266\354\265X""\022\nh\252\352w\204\203\023]\001f\352\277\0031Q]\362\370R\350{\261\202\240\344\215\201\353\276\322p5p\350\354\017>\250r\241c\273\016\301\024\363\242\247\263\231\370\344\nBW\220K\316@3\243\200\036wk\253GSlU\010\360\231>\331\263H\214\324\030A\225\301o\346pkSF\004\241\213w9\223=\250\262*+\255\351r\265\244c\024\213\t\007`\223\325#\3477\210\345P\306\013\320\252[\0216+\227=`\371P\314\346 V7\271[~\n\237\274|\347\352@K\253~&\260\032\024\004B\200\255h\351\013\361\031:nG\211\005|\2003\266\274\251,W\006u\344\335d\003\306\212\313,\340\350bG\n\030Z\2732-\246\312\255\030\003\235207\005}D\260\0261ah\322M\304\216\273m0\271\234\237\007<w$\265C\245\232\033\023\313c\321B\032l\301h\005\320\252\301\361(\330[\343\357\343{\235\n\266g\272>\177\317\347\261qb&\270&\346ju\200\363N\320\307\004\034\001n\317\361\2653\254\2503\247\305\372\316W\022O\253x\250\025\373\247\354Tc\304\263\243^\352Gv\\264\261\r\035\226\306\2411\351\233\203\215\200$\231\300f\220\371c@\017\254\363\\371\340\340VaR\205~^\226\342t\360\022\204d\231\205)\272\364?\361!\334\331\315\254\230\rBG\314\023\246\244=\351\177\254\302b&\276+H;0\312\021&\275\036\237\350R\313\206R\331\304k\323u\263t\221\213yC\241\217A\242\027g\322\241'\212.E?B_\316\327\217J +\370\t^b\005\020\003\211\373\247|hC\271Nmk~J\270EU\274\036-\347\240\312FA\321\341bca\253\025\321\311\317\021\375\317\217\n\272\033o\353G>\275\361H\265\240\232um""\317\324`\214\221\314\000\211K\223+(""\200i \311\372g\254\343ZR0\224\275q\252\357\213\263\206N\357&Q\217\267\303\356I\236\357\264\311b\037\366\035\253\343\311\265\240\327q\206f\262ODi\215-\363>\034\236l\273\005G\316F\217}[\036\007\270:\260\335\271B\241N\345\330\204\327f\361\272Kb\0377p\334\264\237\177~\330]\252+:\317u\302h\n\351\n\364\231\277R\371\356\033y\265v\360Ny\246\332qY\262\231\251\n\305\334\202\305\362\n\367@k\231\016R:\327\242\366\242\253LZY\223$Gw^\203\302\311\316I7\371tTwp}\005|\372\214\251{R`\230V\244-\326I\351\255\325i\335\377\321\353\327\331\302\023\347y\016\263\271\317\306\017UV\314qu?\0064A\315{3D\010\016S\212\2353k0\361\214ID\303g\277\010Y_\001~\021\333\370\255\374\\331\306\255\336)\365Rth\024\t\300.M\315\321S\257\224\252\362\326P\316\303%nX\3742\333\036\004Y\264yG^\234\177\214\305q\237\274G\300a4\275\240s\215\222\210\016\020G\344=-:GK\312\035\271\201\350\376F\260G\347\000\235\365P6pmH\033\373\212c\377o\232\356\320D\002\277,]os{\354/?\312e\006wda\001\023\375\316\025\254\321\244\370+Y`\220\270\254\2601E[FI\310\235<qI \356\032v%\001\230\016\203\200\251UD\347\304\373\034\211\340@\342\033\263\365\356\341\357\350\324\035J\032\177\230\207\220\303+\207\352g\317N\027>\222M\271m\033\236\021:\272\233r\373\233hC}\256\020\210\010\233\335\025[ d(\343\263\327\177\030\246\254H\277\254E\231\006\033_lB\210\264\334Y\322\314\362\320L\000Q\240\317\3502\006,|\364\004\275\034\006\337\370""\330\364\202\314\315\311?\030\260\361u)\336\202\265Y\177X\227$\245tCB\345\314d\231A\300\204\371KJ\036\321\330\014]""EN\266$]\331\226c\351\312\376z\254\214\206B\274&M\032\376v\266\3104u)\r\312\021\273\030jJH\215G4\367fQ;\255\3404\372\225\341L\224\242\200VY\220\355\020\353I\n\363\266\036\311\003OR\250""\032\230\021]+$\302\005\224\270\033E\r\312\315}\200\2505\216\221\301\341\035[\247\325\236M^\360a\267\356\267\247]\357\236\n\207}P\2654\026`\256u\276\r&\026K\315a\3337\216.\240\362\263\327]\372\325\037\006\345\236\265\343\337g\271\317\315\374\3357gX\036\024'\357<$\322\323$\375\346&^\361\0009\022`\210$\005\261rTx\343\226\224vC\2607.\025\213@~\312\227\000 o\232\016\376|a3\352&\324\337\230\212\265o\2035\250\303\2760\241\364^\002Z\031Z!\300\002\364\004\232\355\234\202\021\371_~\346\024\242\247\366\231\036\370\365\313\014\307\362i\210e\030\317\336e\256\245\026R\036\304S\352]~a\353k\036W\036\333\243\313y\256\236\230\270\325\233\373\001c\343\030e+OD\224O\347\364mD\216\220lA\251D\0246\305z\207\225\254\360\010\233K$\222\242w\316\025\202/\356\266\371/\256\354\300\373\264\227\2326\315\307\363\323\325\303\032N\256*\307\327 \235\332\207u\210\271\257\306g\231i*\260\326k\001"";   nodeid: ""\260\000\000\000\000\000\000\000\000\000\000\000\000\000\000\000\000\000\000\000\000\000\000\000\000\000\000\000\000\000\000\000\001""; }; "
1750527705533,1750527705533,0,1,2,0,TMLedgerData,"ledgerHash: ""\252\344\245^L==\235\021\032V\220\341+U\353\274\372=u\225\337\321k\342\217\031\035&\261k*""; ledgerSeq: 55; type: liBASE; nodes {;   nodedata: ""\000\000\0007\001cEx]\211\377\330\220lA\251D\0246\305z\207\225\254\360\010\233K$\222\242w\316\025\202/\356\266\371/\256\354\300\373\000\000\000\000\000\000\000\000\000\000\000\000\000\000\000\000\000\000\000\000\000\000\000\000\000\000\000\000\000\000\000\000\302ESY\341_\033!-N\357\017\201\243\241H\244\222\302ad\300\306M\225\2671\226\351\225[\260/\351\253U/\351\253V\n\000""; }; nodes {;   nodedata: ""\323C\344\327\264{\312-\017:\006{\177\344N\002\326bO\260\220\006\033\362\345\005U\221DzJ0\001\301\025%1L\307\t\261\262z\374\222T\301\274V\236\223\262\270Ct\362\337b\356\024*\324\320\351\317\002k\336\234\027v\351\217\260\303\360\233ZPZWr\246$w\313\313\r\243r\232\2234\373\3539:N\004Q\245\272D\312D\300\300\t\323\0257\345e\271\na\215{\226\255x%T\257\037\333\004\344_/R\006E\344\037@\210\363\010\336T\226\247'\204_{\261\370""1\235\2445\343\033Y!\212\201\341\272\225'\0078\032;n\374\023\335\006\302\274\330#C\271wt\207\334\002Q\337+\355\274\004\000/W\353\354nF\013\003""; }; ","ledgerHash: ""\252\344\245^L==\235\021\032V\220\341+U\353\274\372=u\225\337\321k\342\217\031\035&\261k*""; ledgerSeq: 55; type: liBASE; nodes {;   nodedata: ""\000\000\0007\001cEx]\211\377\330\220lA\251D\0246\305z\207\225\254\360\010\233K$\222\242w\316\025\202/\356\266\371/\256\354\300\373\000\000\000\000\000\000\000\000\000\000\000\000\000\000\000\000\000\000\000\000\000\000\000\000\000\000\000\000\000\000\000\000\302ESY\341_\033!-N\357\017\201\243\241H\244\222\302ad\300\306M\225\2671\226\351\225[\260/\351\253U/\351\253V\n\000""; }; nodes {;   nodedata: ""\323C\344\327\264{\312-\017:\006{\177\344N\002\326bO\260\220\006\033\362\345\005U\221DzJ0\001\301\025%1L\307\t\261\262z\374\222T\301\274V\236\223\262\270Ct\362\337b\356\024*\324\320\351\317\002k\336\234\027v\351\217\260\303\360\233ZPZWr\246$w\313\313\r\243r\232\2234\373\3539:N\004Q\245\272D\312D\300\300\t\323\0257\345e\271\na\215{\226\255x%T\257\037\333\004\344_/R\006E\344\037@\210\363\010\336T\226\247'\204_{\261\370""1\235\2445\343\033Y!\212\201\341\272\225'\0078\032;n\374\023\335\006\302\274\330#C\271wt\207\334\002Q\337+\355\274\004\000/W\353\354nF\013\003""; }; "
1750527705534,1750527705534,0,1,2,1,TMLedgerData,"ledgerHash: ""\252\344\245^L==\235\021\032V\220\341+U\353\274\372=u\225\337\321k\342\217\031\035&\261k*""; ledgerSeq: 55; type: liBASE; nodes {;   nodedata: ""\000\000\0007\001cEx]\211\377\330\220lA\251D\0246\305z\207\225\254\360\010\233K$\222\242w\316\025\202/\356\266\371/\256\354\300\373\000\000\000\000\000\000\000\000\000\000\000\000\000\000\000\000\000\000\000\000\000\000\000\000\000\000\000\000\000\000\000\000\302ESY\341_\033!-N\357\017\201\243\241H\244\222\302ad\300\306M\225\2671\226\351\225[\260/\351\253U/\351\253V\n\000""; }; nodes {;   nodedata: ""\323C\344\327\264{\312-\017:\006{\177\344N\002\326bO\260\220\006\033\362\345\005U\221DzJ0\001\301\025%1L\307\t\261\262z\374\222T\301\274V\236\223\262\270Ct\362\337b\356\024*\324\320\351\317\002k\336\234\027v\351\217\260\303\360\233ZPZWr\246$w\313\313\r\243r\232\2234\373\3539:N\004Q\245\272D\312D\300\300\t\323\0257\345e\271\na\215{\226\255x%T\257\037\333\004\344_/R\006E\344\037@\210\363\010\336T\226\247'\204_{\261\370""1\235\2445\343\033Y!\212\201\341\272\225'\0078\032;n\374\023\335\006\302\274\330#C\271wt\207\334\002Q\337+\355\274\004\000/W\353\354nF\013\003""; }; ","ledgerHash: ""\252\344\245^L==\235\021\032V\220\341+U\353\274\372=u\225\337\321k\342\217\031\035&\261k*""; ledgerSeq: 55; type: liBASE; nodes {;   nodedata: ""\000\000\0007\001cEx]\211\377\330\220lA\251D\0246\305z\207\225\254\360\010\233K$\222\242w\316\025\202/\356\266\371/\256\354\300\373\000\000\000\000\000\000\000\000\000\000\000\000\000\000\000\000\000\000\000\000\000\000\000\000\000\000\000\000\000\000\000\000\302ESY\341_\033!-N\357\017\201\243\241H\244\222\302ad\300\306M\225\2671\226\351\225[\260/\351\253U/\351\253V\n\000""; }; nodes {;   nodedata: ""\323C\344\327\264{\312-\017:\006{\177\344N\002\326bO\260\220\006\033\362\345\005U\221DzJ0\001\301\025%1L\307\t\261\262z\374\222T\301\274V\236\223\262\270Ct\362\337b\356\024*\324\320\351\317\002k\336\234\027v\351\217\260\303\360\233ZPZWr\246$w\313\313\r\243r\232\2234\373\3539:N\004Q\245\272D\312D\300\300\t\323\0257\345e\271\na\215{\226\255x%T\257\037\333\004\344_/R\006E\344\037@\210\363\010\336T\226\247'\204_{\261\370""1\235\2445\343\033Y!\212\201\341\272\225'\0078\032;n\374\023\335\006\302\274\330#C\271wt\207\334\002Q\337+\355\274\004\000/W\353\354nF\013\003""; }; "
1750527705534,1750527705534,0,1,4,2,TMLedgerData,"ledgerHash: ""\252\344\245^L==\235\021\032V\220\341+U\353\274\372=u\225\337\321k\342\217\031\035&\261k*""; ledgerSeq: 55; type: liBASE; nodes {;   nodedata: ""\000\000\0007\001cEx]\211\377\330\220lA\251D\0246\305z\207\225\254\360\010\233K$\222\242w\316\025\202/\356\266\371/\256\354\300\373\000\000\000\000\000\000\000\000\000\000\000\000\000\000\000\000\000\000\000\000\000\000\000\000\000\000\000\000\000\000\000\000\302ESY\341_\033!-N\357\017\201\243\241H\244\222\302ad\300\306M\225\2671\226\351\225[\260/\351\253U/\351\253V\n\000""; }; nodes {;   nodedata: ""\323C\344\327\264{\312-\017:\006{\177\344N\002\326bO\260\220\006\033\362\345\005U\221DzJ0\001\301\025%1L\307\t\261\262z\374\222T\301\274V\236\223\262\270Ct\362\337b\356\024*\324\320\351\317\002k\336\234\027v\351\217\260\303\360\233ZPZWr\246$w\313\313\r\243r\232\2234\373\3539:N\004Q\245\272D\312D\300\300\t\323\0257\345e\271\na\215{\226\255x%T\257\037\333\004\344_/R\006E\344\037@\210\363\010\336T\226\247'\204_{\261\370""1\235\2445\343\033Y!\212\201\341\272\225'\0078\032;n\374\023\335\006\302\274\330#C\271wt\207\334\002Q\337+\355\274\004\000/W\353\354nF\013\003""; }; ","ledgerHash: ""\252\344\245^L==\235\021\032V\220\341+U\353\274\372=u\225\337\321k\342\217\031\035&\261k*""; ledgerSeq: 55; type: liBASE; nodes {;   nodedata: ""\000\000\0007\001cEx]\211\377\330\220lA\251D\0246\305z\207\225\254\360\010\233K$\222\242w\316\025\202/\356\266\371/\256\354\300\373\000\000\000\000\000\000\000\000\000\000\000\000\000\000\000\000\000\000\000\000\000\000\000\000\000\000\000\000\000\000\000\000\302ESY\341_\033!-N\357\017\201\243\241H\244\222\302ad\300\306M\225\2671\226\351\225[\260/\351\253U/\351\253V\n\000""; }; nodes {;   nodedata: ""\323C\344\327\264{\312-\017:\006{\177\344N\002\326bO\260\220\006\033\362\345\005U\221DzJ0\001\301\025%1L\307\t\261\262z\374\222T\301\274V\236\223\262\270Ct\362\337b\356\024*\324\320\351\317\002k\336\234\027v\351\217\260\303\360\233ZPZWr\246$w\313\313\r\243r\232\2234\373\3539:N\004Q\245\272D\312D\300\300\t\323\0257\345e\271\na\215{\226\255x%T\257\037\333\004\344_/R\006E\344\037@\210\363\010\336T\226\247'\204_{\261\370""1\235\2445\343\033Y!\212\201\341\272\225'\0078\032;n\374\023\335\006\302\274\330#C\271wt\207\334\002Q\337+\355\274\004\000/W\353\354nF\013\003""; }; "
1750527705535,1750527705535,0,1,4,1,TMLedgerData,"ledgerHash: ""\252\344\245^L==\235\021\032V\220\341+U\353\274\372=u\225\337\321k\342\217\031\035&\261k*""; ledgerSeq: 55; type: liBASE; nodes {;   nodedata: ""\000\000\0007\001cEx]\211\377\330\220lA\251D\0246\305z\207\225\254\360\010\233K$\222\242w\316\025\202/\356\266\371/\256\354\300\373\000\000\000\000\000\000\000\000\000\000\000\000\000\000\000\000\000\000\000\000\000\000\000\000\000\000\000\000\000\000\000\000\302ESY\341_\033!-N\357\017\201\243\241H\244\222\302ad\300\306M\225\2671\226\351\225[\260/\351\253U/\351\253V\n\000""; }; nodes {;   nodedata: ""\323C\344\327\264{\312-\017:\006{\177\344N\002\326bO\260\220\006\033\362\345\005U\221DzJ0\001\301\025%1L\307\t\261\262z\374\222T\301\274V\236\223\262\270Ct\362\337b\356\024*\324\320\351\317\002k\336\234\027v\351\217\260\303\360\233ZPZWr\246$w\313\313\r\243r\232\2234\373\3539:N\004Q\245\272D\312D\300\300\t\323\0257\345e\271\na\215{\226\255x%T\257\037\333\004\344_/R\006E\344\037@\210\363\010\336T\226\247'\204_{\261\370""1\235\2445\343\033Y!\212\201\341\272\225'\0078\032;n\374\023\335\006\302\274\330#C\271wt\207\334\002Q\337+\355\274\004\000/W\353\354nF\013\003""; }; ","ledgerHash: ""\252\344\245^L==\235\021\032V\220\341+U\353\274\372=u\225\337\321k\342\217\031\035&\261k*""; ledgerSeq: 55; type: liBASE; nodes {;   nodedata: ""\000\000\0007\001cEx]\211\377\330\220lA\251D\0246\305z\207\225\254\360\010\233K$\222\242w\316\025\202/\356\266\371/\256\354\300\373\000\000\000\000\000\000\000\000\000\000\000\000\000\000\000\000\000\000\000\000\000\000\000\000\000\000\000\000\000\000\000\000\302ESY\341_\033!-N\357\017\201\243\241H\244\222\302ad\300\306M\225\2671\226\351\225[\260/\351\253U/\351\253V\n\000""; }; nodes {;   nodedata: ""\323C\344\327\264{\312-\017:\006{\177\344N\002\326bO\260\220\006\033\362\345\005U\221DzJ0\001\301\025%1L\307\t\261\262z\374\222T\301\274V\236\223\262\270Ct\362\337b\356\024*\324\320\351\317\002k\336\234\027v\351\217\260\303\360\233ZPZWr\246$w\313\313\r\243r\232\2234\373\3539:N\004Q\245\272D\312D\300\300\t\323\0257\345e\271\na\215{\226\255x%T\257\037\333\004\344_/R\006E\344\037@\210\363\010\336T\226\247'\204_{\261\370""1\235\2445\343\033Y!\212\201\341\272\225'\0078\032;n\374\023\335\006\302\274\330#C\271wt\207\334\002Q\337+\355\274\004\000/W\353\354nF\013\003""; }; "
1750527705535,1750527705535,0,1,0,2,TMLedgerData,"ledgerHash: ""\252\344\245^L==\235\021\032V\220\341+U\353\274\372=u\225\337\321k\342\217\031\035&\261k*""; ledgerSeq: 55; type: liBASE; nodes {;   nodedata: ""\000\000\0007\001cEx]\211\377\330\220lA\251D\0246\305z\207\225\254\360\010\233K$\222\242w\316\025\202/\356\266\371/\256\354\300\373\000\000\000\000\000\000\000\000\000\000\000\000\000\000\000\000\000\000\000\000\000\000\000\000\000\000\000\000\000\000\000\000\302ESY\341_\033!-N\357\017\201\243\241H\244\222\302ad\300\306M\225\2671\226\351\225[\260/\351\253U/\351\253V\n\000""; }; nodes {;   nodedata: ""\323C\344\327\264{\312-\017:\006{\177\344N\002\326bO\260\220\006\033\362\345\005U\221DzJ0\001\301\025%1L\307\t\261\262z\374\222T\301\274V\236\223\262\270Ct\362\337b\356\024*\324\320\351\317\002k\336\234\027v\351\217\260\303\360\233ZPZWr\246$w\313\313\r\243r\232\2234\373\3539:N\004Q\245\272D\312D\300\300\t\323\0257\345e\271\na\215{\226\255x%T\257\037\333\004\344_/R\006E\344\037@\210\363\010\336T\226\247'\204_{\261\370""1\235\2445\343\033Y!\212\201\341\272\225'\0078\032;n\374\023\335\006\302\274\330#C\271wt\207\334\002Q\337+\355\274\004\000/W\353\354nF\013\003""; }; ","ledgerHash: ""\252\344\245^L==\235\021\032V\220\341+U\353\274\372=u\225\337\321k\342\217\031\035&\261k*""; ledgerSeq: 55; type: liBASE; nodes {;   nodedata: ""\000\000\0007\001cEx]\211\377\330\220lA\251D\0246\305z\207\225\254\360\010\233K$\222\242w\316\025\202/\356\266\371/\256\354\300\373\000\000\000\000\000\000\000\000\000\000\000\000\000\000\000\000\000\000\000\000\000\000\000\000\000\000\000\000\000\000\000\000\302ESY\341_\033!-N\357\017\201\243\241H\244\222\302ad\300\306M\225\2671\226\351\225[\260/\351\253U/\351\253V\n\000""; }; nodes {;   nodedata: ""\323C\344\327\264{\312-\017:\006{\177\344N\002\326bO\260\220\006\033\362\345\005U\221DzJ0\001\301\025%1L\307\t\261\262z\374\222T\301\274V\236\223\262\270Ct\362\337b\356\024*\324\320\351\317\002k\336\234\027v\351\217\260\303\360\233ZPZWr\246$w\313\313\r\243r\232\2234\373\3539:N\004Q\245\272D\312D\300\300\t\323\0257\345e\271\na\215{\226\255x%T\257\037\333\004\344_/R\006E\344\037@\210\363\010\336T\226\247'\204_{\261\370""1\235\2445\343\033Y!\212\201\341\272\225'\0078\032;n\374\023\335\006\302\274\330#C\271wt\207\334\002Q\337+\355\274\004\000/W\353\354nF\013\003""; }; "
1750527705536,1750527705536,0,1,0,4,TMLedgerData,"ledgerHash: ""\252\344\245^L==\235\021\032V\220\341+U\353\274\372=u\225\337\321k\342\217\031\035&\261k*""; ledgerSeq: 55; type: liBASE; nodes {;   nodedata: ""\000\000\0007\001cEx]\211\377\330\220lA\251D\0246\305z\207\225\254\360\010\233K$\222\242w\316\025\202/\356\266\371/\256\354\300\373\000\000\000\000\000\000\000\000\000\000\000\000\000\000\000\000\000\000\000\000\000\000\000\000\000\000\000\000\000\000\000\000\302ESY\341_\033!-N\357\017\201\243\241H\244\222\302ad\300\306M\225\2671\226\351\225[\260/\351\253U/\351\253V\n\000""; }; nodes {;   nodedata: ""\323C\344\327\264{\312-\017:\006{\177\344N\002\326bO\260\220\006\033\362\345\005U\221DzJ0\001\301\025%1L\307\t\261\262z\374\222T\301\274V\236\223\262\270Ct\362\337b\356\024*\324\320\351\317\002k\336\234\027v\351\217\260\303\360\233ZPZWr\246$w\313\313\r\243r\232\2234\373\3539:N\004Q\245\272D\312D\300\300\t\323\0257\345e\271\na\215{\226\255x%T\257\037\333\004\344_/R\006E\344\037@\210\363\010\336T\226\247'\204_{\261\370""1\235\2445\343\033Y!\212\201\341\272\225'\0078\032;n\374\023\335\006\302\274\330#C\271wt\207\334\002Q\337+\355\274\004\000/W\353\354nF\013\003""; }; ","ledgerHash: ""\252\344\245^L==\235\021\032V\220\341+U\353\274\372=u\225\337\321k\342\217\031\035&\261k*""; ledgerSeq: 55; type: liBASE; nodes {;   nodedata: ""\000\000\0007\001cEx]\211\377\330\220lA\251D\0246\305z\207\225\254\360\010\233K$\222\242w\316\025\202/\356\266\371/\256\354\300\373\000\000\000\000\000\000\000\000\000\000\000\000\000\000\000\000\000\000\000\000\000\000\000\000\000\000\000\000\000\000\000\000\302ESY\341_\033!-N\357\017\201\243\241H\244\222\302ad\300\306M\225\2671\226\351\225[\260/\351\253U/\351\253V\n\000""; }; nodes {;   nodedata: ""\323C\344\327\264{\312-\017:\006{\177\344N\002\326bO\260\220\006\033\362\345\005U\221DzJ0\001\301\025%1L\307\t\261\262z\374\222T\301\274V\236\223\262\270Ct\362\337b\356\024*\324\320\351\317\002k\336\234\027v\351\217\260\303\360\233ZPZWr\246$w\313\313\r\243r\232\2234\373\3539:N\004Q\245\272D\312D\300\300\t\323\0257\345e\271\na\215{\226\255x%T\257\037\333\004\344_/R\006E\344\037@\210\363\010\336T\226\247'\204_{\261\370""1\235\2445\343\033Y!\212\201\341\272\225'\0078\032;n\374\023\335\006\302\274\330#C\271wt\207\334\002Q\337+\355\274\004\000/W\353\354nF\013\003""; }; "
1750527705537,1750527705537,0,1,1,3,TMGetLedger,"itype: liAS_NODE; ledgerHash: ""\252\344\245^L==\235\021\032V\220\341+U\353\274\372=u\225\337\321k\342\217\031\035&\261k*""; ledgerSeq: 55; nodeIDs: ""\260\000\000\000\000\000\000\000\000\000\000\000\000\000\000\000\000\000\000\000\000\000\000\000\000\000\000\000\000\000\000\000\001""; queryType: qtINDIRECT; queryDepth: 1; ","itype: liAS_NODE; ledgerHash: ""\252\344\245^L==\235\021\032V\220\341+U\353\274\372=u\225\337\321k\342\217\031\035&\261k*""; ledgerSeq: 55; nodeIDs: ""\260\000\000\000\000\000\000\000\000\000\000\000\000\000\000\000\000\000\000\000\000\000\000\000\000\000\000\000\000\000\000\000\001""; queryType: qtINDIRECT; queryDepth: 1; "
1750527705537,1750527705537,0,1,1,2,TMLedgerData,"ledgerHash: ""\252\344\245^L==\235\021\032V\220\341+U\353\274\372=u\225\337\321k\342\217\031\035&\261k*""; ledgerSeq: 55; type: liBASE; nodes {;   nodedata: ""\000\000\0007\001cEx]\211\377\330\220lA\251D\0246\305z\207\225\254\360\010\233K$\222\242w\316\025\202/\356\266\371/\256\354\300\373\000\000\000\000\000\000\000\000\000\000\000\000\000\000\000\000\000\000\000\000\000\000\000\000\000\000\000\000\000\000\000\000\302ESY\341_\033!-N\357\017\201\243\241H\244\222\302ad\300\306M\225\2671\226\351\225[\260/\351\253U/\351\253V\n\000""; }; nodes {;   nodedata: ""\323C\344\327\264{\312-\017:\006{\177\344N\002\326bO\260\220\006\033\362\345\005U\221DzJ0\001\301\025%1L\307\t\261\262z\374\222T\301\274V\236\223\262\270Ct\362\337b\356\024*\324\320\351\317\002k\336\234\027v\351\217\260\303\360\233ZPZWr\246$w\313\313\r\243r\232\2234\373\3539:N\004Q\245\272D\312D\300\300\t\323\0257\345e\271\na\215{\226\255x%T\257\037\333\004\344_/R\006E\344\037@\210\363\010\336T\226\247'\204_{\261\370""1\235\2445\343\033Y!\212\201\341\272\225'\0078\032;n\374\023\335\006\302\274\330#C\271wt\207\334\002Q\337+\355\274\004\000/W\353\354nF\013\003""; }; ","ledgerHash: ""\252\344\245^L==\235\021\032V\220\341+U\353\274\372=u\225\337\321k\342\217\031\035&\261k*""; ledgerSeq: 55; type: liBASE; nodes {;   nodedata: ""\000\000\0007\001cEx]\211\377\330\220lA\251D\0246\305z\207\225\254\360\010\233K$\222\242w\316\025\202/\356\266\371/\256\354\300\373\000\000\000\000\000\000\000\000\000\000\000\000\000\000\000\000\000\000\000\000\000\000\000\000\000\000\000\000\000\000\000\000\302ESY\341_\033!-N\357\017\201\243\241H\244\222\302ad\300\306M\225\2671\226\351\225[\260/\351\253U/\351\253V\n\000""; }; nodes {;   nodedata: ""\323C\344\327\264{\312-\017:\006{\177\344N\002\326bO\260\220\006\033\362\345\005U\221DzJ0\001\301\025%1L\307\t\261\262z\374\222T\301\274V\236\223\262\270Ct\362\337b\356\024*\324\320\351\317\002k\336\234\027v\351\217\260\303\360\233ZPZWr\246$w\313\313\r\243r\232\2234\373\3539:N\004Q\245\272D\312D\300\300\t\323\0257\345e\271\na\215{\226\255x%T\257\037\333\004\344_/R\006E\344\037@\210\363\010\336T\226\247'\204_{\261\370""1\235\2445\343\033Y!\212\201\341\272\225'\0078\032;n\374\023\335\006\302\274\330#C\271wt\207\334\002Q\337+\355\274\004\000/W\353\354nF\013\003""; }; "
1750527705538,1750527705538,0,1,1,4,TMLedgerData,"ledgerHash: ""\252\344\245^L==\235\021\032V\220\341+U\353\274\372=u\225\337\321k\342\217\031\035&\261k*""; ledgerSeq: 55; type: liBASE; nodes {;   nodedata: ""\000\000\0007\001cEx]\211\377\330\220lA\251D\0246\305z\207\225\254\360\010\233K$\222\242w\316\025\202/\356\266\371/\256\354\300\373\000\000\000\000\000\000\000\000\000\000\000\000\000\000\000\000\000\000\000\000\000\000\000\000\000\000\000\000\000\000\000\000\302ESY\341_\033!-N\357\017\201\243\241H\244\222\302ad\300\306M\225\2671\226\351\225[\260/\351\253U/\351\253V\n\000""; }; nodes {;   nodedata: ""\323C\344\327\264{\312-\017:\006{\177\344N\002\326bO\260\220\006\033\362\345\005U\221DzJ0\001\301\025%1L\307\t\261\262z\374\222T\301\274V\236\223\262\270Ct\362\337b\356\024*\324\320\351\317\002k\336\234\027v\351\217\260\303\360\233ZPZWr\246$w\313\313\r\243r\232\2234\373\3539:N\004Q\245\272D\312D\300\300\t\323\0257\345e\271\na\215{\226\255x%T\257\037\333\004\344_/R\006E\344\037@\210\363\010\336T\226\247'\204_{\261\370""1\235\2445\343\033Y!\212\201\341\272\225'\0078\032;n\374\023\335\006\302\274\330#C\271wt\207\334\002Q\337+\355\274\004\000/W\353\354nF\013\003""; }; ","ledgerHash: ""\252\344\245^L==\235\021\032V\220\341+U\353\274\372=u\225\337\321k\342\217\031\035&\261k*""; ledgerSeq: 55; type: liBASE; nodes {;   nodedata: ""\000\000\0007\001cEx]\211\377\330\220lA\251D\0246\305z\207\225\254\360\010\233K$\222\242w\316\025\202/\356\266\371/\256\354\300\373\000\000\000\000\000\000\000\000\000\000\000\000\000\000\000\000\000\000\000\000\000\000\000\000\000\000\000\000\000\000\000\000\302ESY\341_\033!-N\357\017\201\243\241H\244\222\302ad\300\306M\225\2671\226\351\225[\260/\351\253U/\351\253V\n\000""; }; nodes {;   nodedata: ""\323C\344\327\264{\312-\017:\006{\177\344N\002\326bO\260\220\006\033\362\345\005U\221DzJ0\001\301\025%1L\307\t\261\262z\374\222T\301\274V\236\223\262\270Ct\362\337b\356\024*\324\320\351\317\002k\336\234\027v\351\217\260\303\360\233ZPZWr\246$w\313\313\r\243r\232\2234\373\3539:N\004Q\245\272D\312D\300\300\t\323\0257\345e\271\na\215{\226\255x%T\257\037\333\004\344_/R\006E\344\037@\210\363\010\336T\226\247'\204_{\261\370""1\235\2445\343\033Y!\212\201\341\272\225'\0078\032;n\374\023\335\006\302\274\330#C\271wt\207\334\002Q\337+\355\274\004\000/W\353\354nF\013\003""; }; "
1750527705539,1750527705539,0,1,1,0,TMLedgerData,"ledgerHash: ""\252\344\245^L==\235\021\032V\220\341+U\353\274\372=u\225\337\321k\342\217\031\035&\261k*""; ledgerSeq: 55; type: liBASE; nodes {;   nodedata: ""\000\000\0007\001cEx]\211\377\330\220lA\251D\0246\305z\207\225\254\360\010\233K$\222\242w\316\025\202/\356\266\371/\256\354\300\373\000\000\000\000\000\000\000\000\000\000\000\000\000\000\000\000\000\000\000\000\000\000\000\000\000\000\000\000\000\000\000\000\302ESY\341_\033!-N\357\017\201\243\241H\244\222\302ad\300\306M\225\2671\226\351\225[\260/\351\253U/\351\253V\n\000""; }; nodes {;   nodedata: ""\323C\344\327\264{\312-\017:\006{\177\344N\002\326bO\260\220\006\033\362\345\005U\221DzJ0\001\301\025%1L\307\t\261\262z\374\222T\301\274V\236\223\262\270Ct\362\337b\356\024*\324\320\351\317\002k\336\234\027v\351\217\260\303\360\233ZPZWr\246$w\313\313\r\243r\232\2234\373\3539:N\004Q\245\272D\312D\300\300\t\323\0257\345e\271\na\215{\226\255x%T\257\037\333\004\344_/R\006E\344\037@\210\363\010\336T\226\247'\204_{\261\370""1\235\2445\343\033Y!\212\201\341\272\225'\0078\032;n\374\023\335\006\302\274\330#C\271wt\207\334\002Q\337+\355\274\004\000/W\353\354nF\013\003""; }; ","ledgerHash: ""\252\344\245^L==\235\021\032V\220\341+U\353\274\372=u\225\337\321k\342\217\031\035&\261k*""; ledgerSeq: 55; type: liBASE; nodes {;   nodedata: ""\000\000\0007\001cEx]\211\377\330\220lA\251D\0246\305z\207\225\254\360\010\233K$\222\242w\316\025\202/\356\266\371/\256\354\300\373\000\000\000\000\000\000\000\000\000\000\000\000\000\000\000\000\000\000\000\000\000\000\000\000\000\000\000\000\000\000\000\000\302ESY\341_\033!-N\357\017\201\243\241H\244\222\302ad\300\306M\225\2671\226\351\225[\260/\351\253U/\351\253V\n\000""; }; nodes {;   nodedata: ""\323C\344\327\264{\312-\017:\006{\177\344N\002\326bO\260\220\006\033\362\345\005U\221DzJ0\001\301\025%1L\307\t\261\262z\374\222T\301\274V\236\223\262\270Ct\362\337b\356\024*\324\320\351\317\002k\336\234\027v\351\217\260\303\360\233ZPZWr\246$w\313\313\r\243r\232\2234\373\3539:N\004Q\245\272D\312D\300\300\t\323\0257\345e\271\na\215{\226\255x%T\257\037\333\004\344_/R\006E\344\037@\210\363\010\336T\226\247'\204_{\261\370""1\235\2445\343\033Y!\212\201\341\272\225'\0078\032;n\374\023\335\006\302\274\330#C\271wt\207\334\002Q\337+\355\274\004\000/W\353\354nF\013\003""; }; "
1750527705539,1750527705539,0,1,0,1,TMLedgerData,"ledgerHash: ""\252\344\245^L==\235\021\032V\220\341+U\353\274\372=u\225\337\321k\342\217\031\035&\261k*""; ledgerSeq: 55; type: liBASE; nodes {;   nodedata: ""\000\000\0007\001cEx]\211\377\330\220lA\251D\0246\305z\207\225\254\360\010\233K$\222\242w\316\025\202/\356\266\371/\256\354\300\373\000\000\000\000\000\000\000\000\000\000\000\000\000\000\000\000\000\000\000\000\000\000\000\000\000\000\000\000\000\000\000\000\302ESY\341_\033!-N\357\017\201\243\241H\244\222\302ad\300\306M\225\2671\226\351\225[\260/\351\253U/\351\253V\n\000""; }; nodes {;   nodedata: ""\323C\344\327\264{\312-\017:\006{\177\344N\002\326bO\260\220\006\033\362\345\005U\221DzJ0\001\301\025%1L\307\t\261\262z\374\222T\301\274V\236\223\262\270Ct\362\337b\356\024*\324\320\351\317\002k\336\234\027v\351\217\260\303\360\233ZPZWr\246$w\313\313\r\243r\232\2234\373\3539:N\004Q\245\272D\312D\300\300\t\323\0257\345e\271\na\215{\226\255x%T\257\037\333\004\344_/R\006E\344\037@\210\363\010\336T\226\247'\204_{\261\370""1\235\2445\343\033Y!\212\201\341\272\225'\0078\032;n\374\023\335\006\302\274\330#C\271wt\207\334\002Q\337+\355\274\004\000/W\353\354nF\013\003""; }; ","ledgerHash: ""\252\344\245^L==\235\021\032V\220\341+U\353\274\372=u\225\337\321k\342\217\031\035&\261k*""; ledgerSeq: 55; type: liBASE; nodes {;   nodedata: ""\000\000\0007\001cEx]\211\377\330\220lA\251D\0246\305z\207\225\254\360\010\233K$\222\242w\316\025\202/\356\266\371/\256\354\300\373\000\000\000\000\000\000\000\000\000\000\000\000\000\000\000\000\000\000\000\000\000\000\000\000\000\000\000\000\000\000\000\000\302ESY\341_\033!-N\357\017\201\243\241H\244\222\302ad\300\306M\225\2671\226\351\225[\260/\351\253U/\351\253V\n\000""; }; nodes {;   nodedata: ""\323C\344\327\264{\312-\017:\006{\177\344N\002\326bO\260\220\006\033\362\345\005U\221DzJ0\001\301\025%1L\307\t\261\262z\374\222T\301\274V\236\223\262\270Ct\362\337b\356\024*\324\320\351\317\002k\336\234\027v\351\217\260\303\360\233ZPZWr\246$w\313\313\r\243r\232\2234\373\3539:N\004Q\245\272D\312D\300\300\t\323\0257\345e\271\na\215{\226\255x%T\257\037\333\004\344_/R\006E\344\037@\210\363\010\336T\226\247'\204_{\261\370""1\235\2445\343\033Y!\212\201\341\272\225'\0078\032;n\374\023\335\006\302\274\330#C\271wt\207\334\002Q\337+\355\274\004\000/W\353\354nF\013\003""; }; "
1750527705542,1750527705543,0,1,3,1,TMLedgerData,"ledgerHash: ""\252\344\245^L==\235\021\032V\220\341+U\353\274\372=u\225\337\321k\342\217\031\035&\261k*""; ledgerSeq: 55; type: liAS_NODE; nodes {;   nodedata: ""\021\000h""\000\000\000\000 \033\000\000\0006\002\023\307\037\330\356GuH\375\327!\255\371\r\231\262R\256J\034\222\241\355X\265E\241^W\225\304\014\361CX-}\351f\032\255\274\334m\326c\017\014ao[\342\230\003\245\245\3341Hm\326^\017jy\335\261\032Yt\320\244{g\0306\\302\303*\341\215\223\257\364\277o\375\000r\241SOq\221\253\262\005\017\375T\356\014\360o'\030\311-\267\031\257!\031T\006><\315XM\334\324\345\034\000\325\367\240\271\013\265\024\321\362\354\211\250.\234s\225amc\305\035\366\276\037nD\277`\210\223N\3535\033\261\304f\331]\036\237\306o!\223\221\002\324\031\262\240R\177 ,\214\325\Q])\016\2067\277\t\354\010\000\360\215\2502\265\245\310\226\243c\302Ze\306\253#r\020\211\320iG\276\020E\317\035Sf\223F\254\033@\177e\277\016\010u\327\371&\262\312\317Q\2361t\377x\234\001v\003%\030\325_\225g\204\346a=\225\273\331\354\365*U\363\263N\367b\371\244\314-w\363\262\225Z\200\206\235\233\257?sE\2674\254\326mU\377?\177Ek\336\030!\316Aa\225\303\022\377{\210Y\226\271as\354L\035\004\341\361\035\301\024\220m#*\372\032\3178~\374\250\014*\323\342'z69\220\327\256\351G\367\317u\302\207\270b\315\333\333\334\310I\323&\014\352XZnW2.\335\347\202\021\247\362\212e\034\000\001\250\220\305;a\314\265R\310\017\317\331\235\360\262\240:\277\202\266\354\265X""\022\nh\252\352w\204\203\023]\001f\352\277\0031Q]\362\370R\350{\261\202\240\344\215\201\353\276\322p5p\350\354\017>\250r\241c\273\016\301\024\363\242\247\263\231\370\344\nBW\220K\316@3\243\200\036wk\253GSlU\010\360\231>\331\263H\214\324\030A\225\301o\346pkSF\004\241\213w9\223=\250\262*+\255\351r\265\244c\024\213\t\007`\223\325#\3477\210\345P\306\013\320\252[\0216+\227=`\371P\314\346 V7\271[~\n\237\274|\347\352@K\253~&\260\032\024\004B\200\255h\351\013\361\031:nG\211\005|\2003\266\274\251,W\006u\344\335d\003\306\212\313,\340\350bG\n\030Z\2732-\246\312\255\030\003\235207\005}D\260\0261ah\322M\304\216\273m0\271\234\237\007<w$\265C\245\232\033\023\313c\321B\032l\301h\005\320\252\301\361(\330[\343\357\343{\235\n\266g\272>\177\317\347\261qb&\270&\346ju\200\363N\320\307\004\034\001n\317\361\2653\254\2503\247\305\372\316W\022O\253x\250\025\373\247\354Tc\304\263\243^\352Gv\\264\261\r\035\226\306\2411\351\233\203\215\200$\231\300f\220\371c@\017\254\363\\371\340\340VaR\205~^\226\342t\360\022\204d\231\205)\272\364?\361!\334\331\315\254\230\rBG\314\023\246\244=\351\177\254\302b&\276+H;0\312\021&\275\036\237\350R\313\206R\331\304k\323u\263t\221\213yC\241\217A\242\027g\322\241'\212.E?B_\316\327\217J +\370\t^b\005\020\003\211\373\247|hC\271Nmk~J\270EU\274\036-\347\240\312FA\321\341bca\253\025\321\311\317\021\375\317\217\n\272\033o\353G>\275\361H\265\240\232um""\317\324`\214\221\314\000\211K\223+(""\200i \311\372g\254\343ZR0\224\275q\252\357\213\263\206N\357&Q\217\267\303\356I\236\357\264\311b\037\366\035\253\343\311\265\240\327q\206f\262ODi\215-\363>\034\236l\273\005G\316F\217}[\036\007\270:\260\335\271B\241N\345\330\204\327f\361\272Kb\0377p\334\264\237\177~\330]\252+:\317u\302h\n\351\n\364\231\277R\371\356\033y\265v\360Ny\246\332qY\262\231\251\n\305\334\202\305\362\n\367@k\231\016R:\327\242\366\242\253LZY\223$Gw^\203\302\311\316I7\371tTwp}\005|\372\214\251{R`\230V\244-\326I\351\255\325i\335\377\321\353\327\331\302\023\347y\016\263\271\317\306\017UV\314qu?\0064A\315{3D\010\016S\212\2353k0\361\214ID\303g\277\010Y_\001~\021\333\370\255\374\\331\306\255\336)\365Rth\024\t\300.M\315\321S\257\224\252\362\326P\316\303%nX\3742\333\036\004Y\264yG^\234\177\214\305q\237\274G\300a4\275\240s\215\222\210\016\020G\344=-:GK\312\035\271\201\350\376F\260G\347\000\235\365P6pmH\033\373\212c\377o\232\356\320D\002\277,]os{\354/?\312e\006wda\001\023\375\316\025\254\321\244\370+Y`\220\270\254\2601E[FI\310\235<qI \356\032v%\001\230\016\203\200\251UD\347\304\373\034\211\340@\342\033\263\365\356\341\357\350\324\035J\032\177\230\207\220\303+\207\352g\317N\027>\222M\271m\033\236\021:\272\233r\373\233hC}\256\020\210\010\233\335\025[ d(\343\263\327\177\030\246\254H\277\254E\231\006\033_lB\210\264\334Y\322\314\362\320L\000Q\240\317\3502\006,|\364\004\275\034\006\337\370""\330\364\202\314\315\311?\030\260\361u)\336\202\265Y\177X\227$\245tCB\345\314d\231A\300\204\371KJ\036\321\330\014]""EN\266$]\331\226c\351\312\376z\254\214\206B\274&M\032\376v\266\3104u)\r\312\021\273\030jJH\215G4\367fQ;\255\3404\372\225\341L\224\242\200VY\220\355\020\353I\n\363\266\036\311\003OR\250""\032\230\021]+$\302\005\224\270\033E\r\312\315}\200\2505\216\221\301\341\035[\247\325\236M^\360a\267\356\267\247]\357\236\n\207}P\2654\026`\256u\276\r&\026K\315a\3337\216.\240\362\263\327]\372\325\037\006\345\236\265\343\337g\271\317\315\374\3357gX\036\024'\357<$\322\323$\375\346&^\361\0009\022`\210$\005\261rTx\343\226\224vC\2607.\025\213@~\312\227\000 o\232\016\376|a3\352&\324\337\230\212\265o\2035\250\303\2760\241\364^\002Z\031Z!\300\002\364\004\232\355\234\202\021\371_~\346\024\242\247\366\231\036\370\365\313\014\307\362i\210e\030\317\336e\256\245\026R\036\304S\352]~a\353k\036W\036\333\243\313y\256\236\230\270\325\233\373\001c\343\030e+OD\224O\347\364mD\216\220lA\251D\0246\305z\207\225\254\360\010\233K$\222\242w\316\025\202/\356\266\371/\256\354\300\373\264\227\2326\315\307\363\323\325\303\032N\256*\307\327 \235\332\207u\210\271\257\306g\231i*\260\326k\001"";   nodeid: ""\260\000\000\000\000\000\000\000\000\000\000\000\000\000\000\000\000\000\000\000\000\000\000\000\000\000\000\000\000\000\000\000\001""; }; ","ledgerHash: ""\252\344\245^L==\235\021\032V\220\341+U\353\274\372=u\225\337\321k\342\217\031\035&\261k*""; ledgerSeq: 55; type: liAS_NODE; nodes {;   nodedata: ""\021\000h""\000\000\000\000 \033\000\000\0006\002\023\307\037\330\356GuH\375\327!\255\371\r\231\262R\256J\034\222\241\355X\265E\241^W\225\304\014\361CX-}\351f\032\255\274\334m\326c\017\014ao[\342\230\003\245\245\3341Hm\326^\017jy\335\261\032Yt\320\244{g\0306\\302\303*\341\215\223\257\364\277o\375\000r\241SOq\221\253\262\005\017\375T\356\014\360o'\030\311-\267\031\257!\031T\006><\315XM\334\324\345\034\000\325\367\240\271\013\265\024\321\362\354\211\250.\234s\225amc\305\035\366\276\037nD\277`\210\223N\3535\033\261\304f\331]\036\237\306o!\223\221\002\324\031\262\240R\177 ,\214\325\Q])\016\2067\277\t\354\010\000\360\215\2502\265\245\310\226\243c\302Ze\306\253#r\020\211\320iG\276\020E\317\035Sf\223F\254\033@\177e\277\016\010u\327\371&\262\312\317Q\2361t\377x\234\001v\003%\030\325_\225g\204\346a=\225\273\331\354\365*U\363\263N\367b\371\244\314-w\363\262\225Z\200\206\235\233\257?sE\2674\254\326mU\377?\177Ek\336\030!\316Aa\225\303\022\377{\210Y\226\271as\354L\035\004\341\361\035\301\024\220m#*\372\032\3178~\374\250\014*\323\342'z69\220\327\256\351G\367\317u\302\207\270b\315\333\333\334\310I\323&\014\352XZnW2.\335\347\202\021\247\362\212e\034\000\001\250\220\305;a\314\265R\310\017\317\331\235\360\262\240:\277\202\266\354\265X""\022\nh\252\352w\204\203\023]\001f\352\277\0031Q]\362\370R\350{\261\202\240\344\215\201\353\276\322p5p\350\354\017>\250r\241c\273\016\301\024\363\242\247\263\231\370\344\nBW\220K\316@3\243\200\036wk\253GSlU\010\360\231>\331\263H\214\324\030A\225\301o\346pkSF\004\241\213w9\223=\250\262*+\255\351r\265\244c\024\213\t\007`\223\325#\3477\210\345P\306\013\320\252[\0216+\227=`\371P\314\346 V7\271[~\n\237\274|\347\352@K\253~&\260\032\024\004B\200\255h\351\013\361\031:nG\211\005|\2003\266\274\251,W\006u\344\335d\003\306\212\313,\340\350bG\n\030Z\2732-\246\312\255\030\003\235207\005}D\260\0261ah\322M\304\216\273m0\271\234\237\007<w$\265C\245\232\033\023\313c\321B\032l\301h\005\320\252\301\361(\330[\343\357\343{\235\n\266g\272>\177\317\347\261qb&\270&\346ju\200\363N\320\307\004\034\001n\317\361\2653\254\2503\247\305\372\316W\022O\253x\250\025\373\247\354Tc\304\263\243^\352Gv\\264\261\r\035\226\306\2411\351\233\203\215\200$\231\300f\220\371c@\017\254\363\\371\340\340VaR\205~^\226\342t\360\022\204d\231\205)\272\364?\361!\334\331\315\254\230\rBG\314\023\246\244=\351\177\254\302b&\276+H;0\312\021&\275\036\237\350R\313\206R\331\304k\323u\263t\221\213yC\241\217A\242\027g\322\241'\212.E?B_\316\327\217J +\370\t^b\005\020\003\211\373\247|hC\271Nmk~J\270EU\274\036-\347\240\312FA\321\341bca\253\025\321\311\317\021\375\317\217\n\272\033o\353G>\275\361H\265\240\232um""\317\324`\214\221\314\000\211K\223+(""\200i \311\372g\254\343ZR0\224\275q\252\357\213\263\206N\357&Q\217\267\303\356I\236\357\264\311b\037\366\035\253\343\311\265\240\327q\206f\262ODi\215-\363>\034\236l\273\005G\316F\217}[\036\007\270:\260\335\271B\241N\345\330\204\327f\361\272Kb\0377p\334\264\237\177~\330]\252+:\317u\302h\n\351\n\364\231\277R\371\356\033y\265v\360Ny\246\332qY\262\231\251\n\305\334\202\305\362\n\367@k\231\016R:\327\242\366\242\253LZY\223$Gw^\203\302\311\316I7\371tTwp}\005|\372\214\251{R`\230V\244-\326I\351\255\325i\335\377\321\353\327\331\302\023\347y\016\263\271\317\306\017UV\314qu?\0064A\315{3D\010\016S\212\2353k0\361\214ID\303g\277\010Y_\001~\021\333\370\255\374\\331\306\255\336)\365Rth\024\t\300.M\315\321S\257\224\252\362\326P\316\303%nX\3742\333\036\004Y\264yG^\234\177\214\305q\237\274G\300a4\275\240s\215\222\210\016\020G\344=-:GK\312\035\271\201\350\376F\260G\347\000\235\365P6pmH\033\373\212c\377o\232\356\320D\002\277,]os{\354/?\312e\006wda\001\023\375\316\025\254\321\244\370+Y`\220\270\254\2601E[FI\310\235<qI \356\032v%\001\230\016\203\200\251UD\347\304\373\034\211\340@\342\033\263\365\356\341\357\350\324\035J\032\177\230\207\220\303+\207\352g\317N\027>\222M\271m\033\236\021:\272\233r\373\233hC}\256\020\210\010\233\335\025[ d(\343\263\327\177\030\246\254H\277\254E\231\006\033_lB\210\264\334Y\322\314\362\320L\000Q\240\317\3502\006,|\364\004\275\034\006\337\370""\330\364\202\314\315\311?\030\260\361u)\336\202\265Y\177X\227$\245tCB\345\314d\231A\300\204\371KJ\036\321\330\014]""EN\266$]\331\226c\351\312\376z\254\214\206B\274&M\032\376v\266\3104u)\r\312\021\273\030jJH\215G4\367fQ;\255\3404\372\225\341L\224\242\200VY\220\355\020\353I\n\363\266\036\311\003OR\250""\032\230\021]+$\302\005\224\270\033E\r\312\315}\200\2505\216\221\301\341\035[\247\325\236M^\360a\267\356\267\247]\357\236\n\207}P\2654\026`\256u\276\r&\026K\315a\3337\216.\240\362\263\327]\372\325\037\006\345\236\265\343\337g\271\317\315\374\3357gX\036\024'\357<$\322\323$\375\346&^\361\0009\022`\210$\005\261rTx\343\226\224vC\2607.\025\213@~\312\227\000 o\232\016\376|a3\352&\324\337\230\212\265o\2035\250\303\2760\241\364^\002Z\031Z!\300\002\364\004\232\355\234\202\021\371_~\346\024\242\247\366\231\036\370\365\313\014\307\362i\210e\030\317\336e\256\245\026R\036\304S\352]~a\353k\036W\036\333\243\313y\256\236\230\270\325\233\373\001c\343\030e+OD\224O\347\364mD\216\220lA\251D\0246\305z\207\225\254\360\010\233K$\222\242w\316\025\202/\356\266\371/\256\354\300\373\264\227\2326\315\307\363\323\325\303\032N\256*\307\327 \235\332\207u\210\271\257\306g\231i*\260\326k\001"";   nodeid: ""\260\000\000\000\000\000\000\000\000\000\000\000\000\000\000\000\000\000\000\000\000\000\000\000\000\000\000\000\000\000\000\000\001""; }; "
1750527705589,1750527705589,0,1,0,3,TMStatusChange,"newEvent: neACCEPTED_LEDGER; ledgerSeq: 15; ledgerHash: ""\264\225\304\010\266\361\343\247\001\027\026\350s/l\005\347Fro\371\267\363\2348a\333m\310u\277[""; ledgerHashPrevious: ""\272\257\222Hx\367\213E\244~\217>\210\215|N\205E\251[\231(\023uf\272\326<\223v$\357""; networkTime: 803842905; firstSeq: 1; lastSeq: 54; ","newEvent: neACCEPTED_LEDGER; ledgerSeq: 15; ledgerHash: ""\264\225\304\010\266\361\343\247\001\027\026\350s/l\005\347Fro\371\267\363\2348a\333m\310u\277[""; ledgerHashPrevious: ""\272\257\222Hx\367\213E\244~\217>\210\215|N\205E\251[\231(\023uf\272\326<\223v$\357""; networkTime: 803842905; firstSeq: 1; lastSeq: 54; "
1750527705589,1750527705589,0,1,0,2,TMStatusChange,"newEvent: neACCEPTED_LEDGER; ledgerSeq: 15; ledgerHash: ""\264\225\304\010\266\361\343\247\001\027\026\350s/l\005\347Fro\371\267\363\2348a\333m\310u\277[""; ledgerHashPrevious: ""\272\257\222Hx\367\213E\244~\217>\210\215|N\205E\251[\231(\023uf\272\326<\223v$\357""; networkTime: 803842905; firstSeq: 1; lastSeq: 54; ","newEvent: neACCEPTED_LEDGER; ledgerSeq: 15; ledgerHash: ""\264\225\304\010\266\361\343\247\001\027\026\350s/l\005\347Fro\371\267\363\2348a\333m\310u\277[""; ledgerHashPrevious: ""\272\257\222Hx\367\213E\244~\217>\210\215|N\205E\251[\231(\023uf\272\326<\223v$\357""; networkTime: 803842905; firstSeq: 1; lastSeq: 54; "
1750527705589,1750527705589,0,1,0,4,TMStatusChange,"newEvent: neACCEPTED_LEDGER; ledgerSeq: 15; ledgerHash: ""\264\225\304\010\266\361\343\247\001\027\026\350s/l\005\347Fro\371\267\363\2348a\333m\310u\277[""; ledgerHashPrevious: ""\272\257\222Hx\367\213E\244~\217>\210\215|N\205E\251[\231(\023uf\272\326<\223v$\357""; networkTime: 803842905; firstSeq: 1; lastSeq: 54; ","newEvent: neACCEPTED_LEDGER; ledgerSeq: 15; ledgerHash: ""\264\225\304\010\266\361\343\247\001\027\026\350s/l\005\347Fro\371\267\363\2348a\333m\310u\277[""; ledgerHashPrevious: ""\272\257\222Hx\367\213E\244~\217>\210\215|N\205E\251[\231(\023uf\272\326<\223v$\357""; networkTime: 803842905; firstSeq: 1; lastSeq: 54; "
1750527705589,1750527705590,0,1,0,1,TMStatusChange,"newEvent: neACCEPTED_LEDGER; ledgerSeq: 15; ledgerHash: ""\264\225\304\010\266\361\343\247\001\027\026\350s/l\005\347Fro\371\267\363\2348a\333m\310u\277[""; ledgerHashPrevious: ""\272\257\222Hx\367\213E\244~\217>\210\215|N\205E\251[\231(\023uf\272\326<\223v$\357""; networkTime: 803842905; firstSeq: 1; lastSeq: 54; ","newEvent: neACCEPTED_LEDGER; ledgerSeq: 15; ledgerHash: ""\264\225\304\010\266\361\343\247\001\027\026\350s/l\005\347Fro\371\267\363\2348a\333m\310u\277[""; ledgerHashPrevious: ""\272\257\222Hx\367\213E\244~\217>\210\215|N\205E\251[\231(\023uf\272\326<\223v$\357""; networkTime: 803842905; firstSeq: 1; lastSeq: 54; "
1750527705642,1750527705642,0,1,4,0,TMStatusChange,"newEvent: neACCEPTED_LEDGER; ledgerSeq: 55; ledgerHash: ""\252\344\245^L==\235\021\032V\220\341+U\353\274\372=u\225\337\321k\342\217\031\035&\261k*""; ledgerHashPrevious: ""\220lA\251D\0246\305z\207\225\254\360\010\233K$\222\242w\316\025\202/\356\266\371/\256\354\300\373""; networkTime: 803842905; firstSeq: 1; lastSeq: 54; ","newEvent: neACCEPTED_LEDGER; ledgerSeq: 55; ledgerHash: ""\252\344\245^L==\235\021\032V\220\341+U\353\274\372=u\225\337\321k\342\217\031\035&\261k*""; ledgerHashPrevious: ""\220lA\251D\0246\305z\207\225\254\360\010\233K$\222\242w\316\025\202/\356\266\371/\256\354\300\373""; networkTime: 803842905; firstSeq: 1; lastSeq: 54; "
1750527705642,1750527705642,0,1,4,3,TMStatusChange,"newEvent: neACCEPTED_LEDGER; ledgerSeq: 55; ledgerHash: ""\252\344\245^L==\235\021\032V\220\341+U\353\274\372=u\225\337\321k\342\217\031\035&\261k*""; ledgerHashPrevious: ""\220lA\251D\0246\305z\207\225\254\360\010\233K$\222\242w\316\025\202/\356\266\371/\256\354\300\373""; networkTime: 803842905; firstSeq: 1; lastSeq: 54; ","newEvent: neACCEPTED_LEDGER; ledgerSeq: 55; ledgerHash: ""\252\344\245^L==\235\021\032V\220\341+U\353\274\372=u\225\337\321k\342\217\031\035&\261k*""; ledgerHashPrevious: ""\220lA\251D\0246\305z\207\225\254\360\010\233K$\222\242w\316\025\202/\356\266\371/\256\354\300\373""; networkTime: 803842905; firstSeq: 1; lastSeq: 54; "
1750527705643,1750527705643,0,1,4,2,TMStatusChange,"newEvent: neACCEPTED_LEDGER; ledgerSeq: 55; ledgerHash: ""\252\344\245^L==\235\021\032V\220\341+U\353\274\372=u\225\337\321k\342\217\031\035&\261k*""; ledgerHashPrevious: ""\220lA\251D\0246\305z\207\225\254\360\010\233K$\222\242w\316\025\202/\356\266\371/\256\354\300\373""; networkTime: 803842905; firstSeq: 1; lastSeq: 54; ","newEvent: neACCEPTED_LEDGER; ledgerSeq: 55; ledgerHash: ""\252\344\245^L==\235\021\032V\220\341+U\353\274\372=u\225\337\321k\342\217\031\035&\261k*""; ledgerHashPrevious: ""\220lA\251D\0246\305z\207\225\254\360\010\233K$\222\242w\316\025\202/\356\266\371/\256\354\300\373""; networkTime: 803842905; firstSeq: 1; lastSeq: 54; "
1750527705643,1750527705643,0,1,4,1,TMStatusChange,"newEvent: neACCEPTED_LEDGER; ledgerSeq: 55; ledgerHash: ""\252\344\245^L==\235\021\032V\220\341+U\353\274\372=u\225\337\321k\342\217\031\035&\261k*""; ledgerHashPrevious: ""\220lA\251D\0246\305z\207\225\254\360\010\233K$\222\242w\316\025\202/\356\266\371/\256\354\300\373""; networkTime: 803842905; firstSeq: 1; lastSeq: 54; ","newEvent: neACCEPTED_LEDGER; ledgerSeq: 55; ledgerHash: ""\252\344\245^L==\235\021\032V\220\341+U\353\274\372=u\225\337\321k\342\217\031\035&\261k*""; ledgerHashPrevious: ""\220lA\251D\0246\305z\207\225\254\360\010\233K$\222\242w\316\025\202/\356\266\371/\256\354\300\373""; networkTime: 803842905; firstSeq: 1; lastSeq: 54; "
1750527705651,1750527705652,0,1,2,4,TMStatusChange,"newEvent: neACCEPTED_LEDGER; ledgerSeq: 15; ledgerHash: ""\034\203\224\355h\304-\r\216\373\010\230\206\370\300:\235I\235\233\344\371\351\200\353\315\374E\336\343\373\272""; ledgerHashPrevious: ""\366j\342\363\016\347\323I\216\\246\222\3168\223\037\242ZC6c\204\225\322W\300\263}\000zrv""; networkTime: 803842905; firstSeq: 1; lastSeq: 54; ","newEvent: neACCEPTED_LEDGER; ledgerSeq: 15; ledgerHash: ""\034\203\224\355h\304-\r\216\373\010\230\206\370\300:\235I\235\233\344\371\351\200\353\315\374E\336\343\373\272""; ledgerHashPrevious: ""\366j\342\363\016\347\323I\216\\246\222\3168\223\037\242ZC6c\204\225\322W\300\263}\000zrv""; networkTime: 803842905; firstSeq: 1; lastSeq: 54; "
1750527705652,1750527705652,0,1,2,3,TMStatusChange,"newEvent: neACCEPTED_LEDGER; ledgerSeq: 15; ledgerHash: ""\034\203\224\355h\304-\r\216\373\010\230\206\370\300:\235I\235\233\344\371\351\200\353\315\374E\336\343\373\272""; ledgerHashPrevious: ""\366j\342\363\016\347\323I\216\\246\222\3168\223\037\242ZC6c\204\225\322W\300\263}\000zrv""; networkTime: 803842905; firstSeq: 1; lastSeq: 54; ","newEvent: neACCEPTED_LEDGER; ledgerSeq: 15; ledgerHash: ""\034\203\224\355h\304-\r\216\373\010\230\206\370\300:\235I\235\233\344\371\351\200\353\315\374E\336\343\373\272""; ledgerHashPrevious: ""\366j\342\363\016\347\323I\216\\246\222\3168\223\037\242ZC6c\204\225\322W\300\263}\000zrv""; networkTime: 803842905; firstSeq: 1; lastSeq: 54; "
1750527705652,1750527705652,0,1,2,1,TMStatusChange,"newEvent: neACCEPTED_LEDGER; ledgerSeq: 15; ledgerHash: ""\034\203\224\355h\304-\r\216\373\010\230\206\370\300:\235I\235\233\344\371\351\200\353\315\374E\336\343\373\272""; ledgerHashPrevious: ""\366j\342\363\016\347\323I\216\\246\222\3168\223\037\242ZC6c\204\225\322W\300\263}\000zrv""; networkTime: 803842905; firstSeq: 1; lastSeq: 54; ","newEvent: neACCEPTED_LEDGER; ledgerSeq: 15; ledgerHash: ""\034\203\224\355h\304-\r\216\373\010\230\206\370\300:\235I\235\233\344\371\351\200\353\315\374E\336\343\373\272""; ledgerHashPrevious: ""\366j\342\363\016\347\323I\216\\246\222\3168\223\037\242ZC6c\204\225\322W\300\263}\000zrv""; networkTime: 803842905; firstSeq: 1; lastSeq: 54; "
1750527705652,1750527705652,0,1,2,0,TMStatusChange,"newEvent: neACCEPTED_LEDGER; ledgerSeq: 15; ledgerHash: ""\034\203\224\355h\304-\r\216\373\010\230\206\370\300:\235I\235\233\344\371\351\200\353\315\374E\336\343\373\272""; ledgerHashPrevious: ""\366j\342\363\016\347\323I\216\\246\222\3168\223\037\242ZC6c\204\225\322W\300\263}\000zrv""; networkTime: 803842905; firstSeq: 1; lastSeq: 54; ","newEvent: neACCEPTED_LEDGER; ledgerSeq: 15; ledgerHash: ""\034\203\224\355h\304-\r\216\373\010\230\206\370\300:\235I\235\233\344\371\351\200\353\315\374E\336\343\373\272""; ledgerHashPrevious: ""\366j\342\363\016\347\323I\216\\246\222\3168\223\037\242ZC6c\204\225\322W\300\263}\000zrv""; networkTime: 803842905; firstSeq: 1; lastSeq: 54; "
1750527705653,1750527705653,0,1,4,2,TMValidation,"validation: """"\200\000\000\001&\000\000\0007)/\351\253Y:\r\302\353\023?\373\240rQ\252\344\245^L==\235\021\032V\220\341+U\353\274\372=u\225\337\321k\342\217\031\035&\261k*P\027\000\000\000\000\000\000\000\000\000\000\000\000\000\000\000\000\000\000\000\000\000\000\000\000\000\000\000\000\000\000\000\000P\031\220lA\251D\0246\305z\207\225\254\360\010\233K$\222\242w\316\025\202/\356\266\371/\256\354\300\373s!\003R7o\362bV\300hf\266\241;}\200^\374\240\203[:\342Q\225\221\027y\372\255\235\216\323~vG0E\002!\000\360\211 \204\212I\217\325\320\353\221P\207'G\336\251\013\235\242r\363pZ2\376!\016\220\230\231\377\002 'P\3262\03788\326\227Gh8\n\227\337@\270\\310\271w\307\327\312\211\n\375=\244\363g\034""; ","validation: """"\200\000\000\001&\000\000\0007)/\351\253Y:\r\302\353\023?\373\240rQ\252\344\245^L==\235\021\032V\220\341+U\353\274\372=u\225\337\321k\342\217\031\035&\261k*P\027\000\000\000\000\000\000\000\000\000\000\000\000\000\000\000\000\000\000\000\000\000\000\000\000\000\000\000\000\000\000\000\000P\031\220lA\251D\0246\305z\207\225\254\360\010\233K$\222\242w\316\025\202/\356\266\371/\256\354\300\373s!\003R7o\362bV\300hf\266\241;}\200^\374\240\203[:\342Q\225\221\027y\372\255\235\216\323~vG0E\002!\000\360\211 \204\212I\217\325\320\353\221P\207'G\336\251\013\235\242r\363pZ2\376!\016\220\230\231\377\002 'P\3262\03788\326\227Gh8\n\227\337@\270\\310\271w\307\327\312\211\n\375=\244\363g\034""; "
1750527705685,1750527705686,0,1,4,1,TMValidation,"validation: """"\200\000\000\001&\000\000\0007)/\351\253Y:\r\302\353\023?\373\240rQ\252\344\245^L==\235\021\032V\220\341+U\353\274\372=u\225\337\321k\342\217\031\035&\261k*P\027\000\000\000\000\000\000\000\000\000\000\000\000\000\000\000\000\000\000\000\000\000\000\000\000\000\000\000\000\000\000\000\000P\031\220lA\251D\0246\305z\207\225\254\360\010\233K$\222\242w\316\025\202/\356\266\371/\256\354\300\373s!\003R7o\362bV\300hf\266\241;}\200^\374\240\203[:\342Q\225\221\027y\372\255\235\216\323~vG0E\002!\000\360\211 \204\212I\217\325\320\353\221P\207'G\336\251\013\235\242r\363pZ2\376!\016\220\230\231\377\002 'P\3262\03788\326\227Gh8\n\227\337@\270\\310\271w\307\327\312\211\n\375=\244\363g\034""; ","validation: """"\200\000\000\001&\000\000\0007)/\351\253Y:\r\302\353\023?\373\240rQ\252\344\245^L==\235\021\032V\220\341+U\353\274\372=u\225\337\321k\342\217\031\035&\261k*P\027\000\000\000\000\000\000\000\000\000\000\000\000\000\000\000\000\000\000\000\000\000\000\000\000\000\000\000\000\000\000\000\000P\031\220lA\251D\0246\305z\207\225\254\360\010\233K$\222\242w\316\025\202/\356\266\371/\256\354\300\373s!\003R7o\362bV\300hf\266\241;}\200^\374\240\203[:\342Q\225\221\027y\372\255\235\216\323~vG0E\002!\000\360\211 \204\212I\217\325\320\353\221P\207'G\336\251\013\235\242r\363pZ2\376!\016\220\230\231\377\002 'P\3262\03788\326\227Gh8\n\227\337@\270\\310\271w\307\327\312\211\n\375=\244\363g\034""; "
1750527705686,1750527705686,0,1,4,3,TMValidation,"validation: """"\200\000\000\001&\000\000\0007)/\351\253Y:\r\302\353\023?\373\240rQ\252\344\245^L==\235\021\032V\220\341+U\353\274\372=u\225\337\321k\342\217\031\035&\261k*P\027\000\000\000\000\000\000\000\000\000\000\000\000\000\000\000\000\000\000\000\000\000\000\000\000\000\000\000\000\000\000\000\000P\031\220lA\251D\0246\305z\207\225\254\360\010\233K$\222\242w\316\025\202/\356\266\371/\256\354\300\373s!\003R7o\362bV\300hf\266\241;}\200^\374\240\203[:\342Q\225\221\027y\372\255\235\216\323~vG0E\002!\000\360\211 \204\212I\217\325\320\353\221P\207'G\336\251\013\235\242r\363pZ2\376!\016\220\230\231\377\002 'P\3262\03788\326\227Gh8\n\227\337@\270\\310\271w\307\327\312\211\n\375=\244\363g\034""; ","validation: """"\200\000\000\001&\000\000\0007)/\351\253Y:\r\302\353\023?\373\240rQ\252\344\245^L==\235\021\032V\220\341+U\353\274\372=u\225\337\321k\342\217\031\035&\261k*P\027\000\000\000\000\000\000\000\000\000\000\000\000\000\000\000\000\000\000\000\000\000\000\000\000\000\000\000\000\000\000\000\000P\031\220lA\251D\0246\305z\207\225\254\360\010\233K$\222\242w\316\025\202/\356\266\371/\256\354\300\373s!\003R7o\362bV\300hf\266\241;}\200^\374\240\203[:\342Q\225\221\027y\372\255\235\216\323~vG0E\002!\000\360\211 \204\212I\217\325\320\353\221P\207'G\336\251\013\235\242r\363pZ2\376!\016\220\230\231\377\002 'P\3262\03788\326\227Gh8\n\227\337@\270\\310\271w\307\327\312\211\n\375=\244\363g\034""; "
1750527705686,1750527705686,0,1,4,0,TMValidation,"validation: """"\200\000\000\001&\000\000\0007)/\351\253Y:\r\302\353\023?\373\240rQ\252\344\245^L==\235\021\032V\220\341+U\353\274\372=u\225\337\321k\342\217\031\035&\261k*P\027\000\000\000\000\000\000\000\000\000\000\000\000\000\000\000\000\000\000\000\000\000\000\000\000\000\000\000\000\000\000\000\000P\031\220lA\251D\0246\305z\207\225\254\360\010\233K$\222\242w\316\025\202/\356\266\371/\256\354\300\373s!\003R7o\362bV\300hf\266\241;}\200^\374\240\203[:\342Q\225\221\027y\372\255\235\216\323~vG0E\002!\000\360\211 \204\212I\217\325\320\353\221P\207'G\336\251\013\235\242r\363pZ2\376!\016\220\230\231\377\002 'P\3262\03788\326\227Gh8\n\227\337@\270\\310\271w\307\327\312\211\n\375=\244\363g\034""; ","validation: """"\200\000\000\001&\000\000\0007)/\351\253Y:\r\302\353\023?\373\240rQ\252\344\245^L==\235\021\032V\220\341+U\353\274\372=u\225\337\321k\342\217\031\035&\261k*P\027\000\000\000\000\000\000\000\000\000\000\000\000\000\000\000\000\000\000\000\000\000\000\000\000\000\000\000\000\000\000\000\000P\031\220lA\251D\0246\305z\207\225\254\360\010\233K$\222\242w\316\025\202/\356\266\371/\256\354\300\373s!\003R7o\362bV\300hf\266\241;}\200^\374\240\203[:\342Q\225\221\027y\372\255\235\216\323~vG0E\002!\000\360\211 \204\212I\217\325\320\353\221P\207'G\336\251\013\235\242r\363pZ2\376!\016\220\230\231\377\002 'P\3262\03788\326\227Gh8\n\227\337@\270\\310\271w\307\327\312\211\n\375=\244\363g\034""; "
1750527705687,1750527705687,0,1,1,3,TMValidation,"validation: """"\200\000\000\001&\000\000\0007)/\351\253Y:\r\302\353\023?\373\240rQ\252\344\245^L==\235\021\032V\220\341+U\353\274\372=u\225\337\321k\342\217\031\035&\261k*P\027\000\000\000\000\000\000\000\000\000\000\000\000\000\000\000\000\000\000\000\000\000\000\000\000\000\000\000\000\000\000\000\000P\031\220lA\251D\0246\305z\207\225\254\360\010\233K$\222\242w\316\025\202/\356\266\371/\256\354\300\373s!\003R7o\362bV\300hf\266\241;}\200^\374\240\203[:\342Q\225\221\027y\372\255\235\216\323~vG0E\002!\000\360\211 \204\212I\217\325\320\353\221P\207'G\336\251\013\235\242r\363pZ2\376!\016\220\230\231\377\002 'P\3262\03788\326\227Gh8\n\227\337@\270\\310\271w\307\327\312\211\n\375=\244\363g\034""; ","validation: """"\200\000\000\001&\000\000\0007)/\351\253Y:\r\302\353\023?\373\240rQ\252\344\245^L==\235\021\032V\220\341+U\353\274\372=u\225\337\321k\342\217\031\035&\261k*P\027\000\000\000\000\000\000\000\000\000\000\000\000\000\000\000\000\000\000\000\000\000\000\000\000\000\000\000\000\000\000\000\000P\031\220lA\251D\0246\305z\207\225\254\360\010\233K$\222\242w\316\025\202/\356\266\371/\256\354\300\373s!\003R7o\362bV\300hf\266\241;}\200^\374\240\203[:\342Q\225\221\027y\372\255\235\216\323~vG0E\002!\000\360\211 \204\212I\217\325\320\353\221P\207'G\336\251\013\235\242r\363pZ2\376!\016\220\230\231\377\002 'P\3262\03788\326\227Gh8\n\227\337@\270\\310\271w\307\327\312\211\n\375=\244\363g\034""; "
1750527705688,1750527705688,0,1,1,0,TMValidation,"validation: """"\200\000\000\001&\000\000\0007)/\351\253Y:\r\302\353\023?\373\240rQ\252\344\245^L==\235\021\032V\220\341+U\353\274\372=u\225\337\321k\342\217\031\035&\261k*P\027\000\000\000\000\000\000\000\000\000\000\000\000\000\000\000\000\000\000\000\000\000\000\000\000\000\000\000\000\000\000\000\000P\031\220lA\251D\0246\305z\207\225\254\360\010\233K$\222\242w\316\025\202/\356\266\371/\256\354\300\373s!\003R7o\362bV\300hf\266\241;}\200^\374\240\203[:\342Q\225\221\027y\372\255\235\216\323~vG0E\002!\000\360\211 \204\212I\217\325\320\353\221P\207'G\336\251\013\235\242r\363pZ2\376!\016\220\230\231\377\002 'P\3262\03788\326\227Gh8\n\227\337@\270\\310\271w\307\327\312\211\n\375=\244\363g\034""; ","validation: """"\200\000\000\001&\000\000\0007)/\351\253Y:\r\302\353\023?\373\240rQ\252\344\245^L==\235\021\032V\220\341+U\353\274\372=u\225\337\321k\342\217\031\035&\261k*P\027\000\000\000\000\000\000\000\000\000\000\000\000\000\000\000\000\000\000\000\000\000\000\000\000\000\000\000\000\000\000\000\000P\031\220lA\251D\0246\305z\207\225\254\360\010\233K$\222\242w\316\025\202/\356\266\371/\256\354\300\373s!\003R7o\362bV\300hf\266\241;}\200^\374\240\203[:\342Q\225\221\027y\372\255\235\216\323~vG0E\002!\000\360\211 \204\212I\217\325\320\353\221P\207'G\336\251\013\235\242r\363pZ2\376!\016\220\230\231\377\002 'P\3262\03788\326\227Gh8\n\227\337@\270\\310\271w\307\327\312\211\n\375=\244\363g\034""; "
1750527705688,1750527705688,0,1,1,2,TMValidation,"validation: """"\200\000\000\001&\000\000\0007)/\351\253Y:\r\302\353\023?\373\240rQ\252\344\245^L==\235\021\032V\220\341+U\353\274\372=u\225\337\321k\342\217\031\035&\261k*P\027\000\000\000\000\000\000\000\000\000\000\000\000\000\000\000\000\000\000\000\000\000\000\000\000\000\000\000\000\000\000\000\000P\031\220lA\251D\0246\305z\207\225\254\360\010\233K$\222\242w\316\025\202/\356\266\371/\256\354\300\373s!\003R7o\362bV\300hf\266\241;}\200^\374\240\203[:\342Q\225\221\027y\372\255\235\216\323~vG0E\002!\000\360\211 \204\212I\217\325\320\353\221P\207'G\336\251\013\235\242r\363pZ2\376!\016\220\230\231\377\002 'P\3262\03788\326\227Gh8\n\227\337@\270\\310\271w\307\327\312\211\n\375=\244\363g\034""; ","validation: """"\200\000\000\001&\000\000\0007)/\351\253Y:\r\302\353\023?\373\240rQ\252\344\245^L==\235\021\032V\220\341+U\353\274\372=u\225\337\321k\342\217\031\035&\261k*P\027\000\000\000\000\000\000\000\000\000\000\000\000\000\000\000\000\000\000\000\000\000\000\000\000\000\000\000\000\000\000\000\000P\031\220lA\251D\0246\305z\207\225\254\360\010\233K$\222\242w\316\025\202/\356\266\371/\256\354\300\373s!\003R7o\362bV\300hf\266\241;}\200^\374\240\203[:\342Q\225\221\027y\372\255\235\216\323~vG0E\002!\000\360\211 \204\212I\217\325\320\353\221P\207'G\336\251\013\235\242r\363pZ2\376!\016\220\230\231\377\002 'P\3262\03788\326\227Gh8\n\227\337@\270\\310\271w\307\327\312\211\n\375=\244\363g\034""; "
1750527705690,1750527705690,0,1,3,0,TMValidation,"validation: """"\200\000\000\001&\000\000\0007)/\351\253Y:\r\302\353\023?\373\240rQ\252\344\245^L==\235\021\032V\220\341+U\353\274\372=u\225\337\321k\342\217\031\035&\261k*P\027\000\000\000\000\000\000\000\000\000\000\000\000\000\000\000\000\000\000\000\000\000\000\000\000\000\000\000\000\000\000\000\000P\031\220lA\251D\0246\305z\207\225\254\360\010\233K$\222\242w\316\025\202/\356\266\371/\256\354\300\373s!\003R7o\362bV\300hf\266\241;}\200^\374\240\203[:\342Q\225\221\027y\372\255\235\216\323~vG0E\002!\000\360\211 \204\212I\217\325\320\353\221P\207'G\336\251\013\235\242r\363pZ2\376!\016\220\230\231\377\002 'P\3262\03788\326\227Gh8\n\227\337@\270\\310\271w\307\327\312\211\n\375=\244\363g\034""; ","validation: """"\200\000\000\001&\000\000\0007)/\351\253Y:\r\302\353\023?\373\240rQ\252\344\245^L==\235\021\032V\220\341+U\353\274\372=u\225\337\321k\342\217\031\035&\261k*P\027\000\000\000\000\000\000\000\000\000\000\000\000\000\000\000\000\000\000\000\000\000\000\000\000\000\000\000\000\000\000\000\000P\031\220lA\251D\0246\305z\207\225\254\360\010\233K$\222\242w\316\025\202/\356\266\371/\256\354\300\373s!\003R7o\362bV\300hf\266\241;}\200^\374\240\203[:\342Q\225\221\027y\372\255\235\216\323~vG0E\002!\000\360\211 \204\212I\217\325\320\353\221P\207'G\336\251\013\235\242r\363pZ2\376!\016\220\230\231\377\002 'P\3262\03788\326\227Gh8\n\227\337@\270\\310\271w\307\327\312\211\n\375=\244\363g\034""; "
1750527705689,1750527705689,0,1,3,2,TMValidation,"validation: """"\200\000\000\001&\000\000\0007)/\351\253Y:\r\302\353\023?\373\240rQ\252\344\245^L==\235\021\032V\220\341+U\353\274\372=u\225\337\321k\342\217\031\035&\261k*P\027\000\000\000\000\000\000\000\000\000\000\000\000\000\000\000\000\000\000\000\000\000\000\000\000\000\000\000\000\000\000\000\000P\031\220lA\251D\0246\305z\207\225\254\360\010\233K$\222\242w\316\025\202/\356\266\371/\256\354\300\373s!\003R7o\362bV\300hf\266\241;}\200^\374\240\203[:\342Q\225\221\027y\372\255\235\216\323~vG0E\002!\000\360\211 \204\212I\217\325\320\353\221P\207'G\336\251\013\235\242r\363pZ2\376!\016\220\230\231\377\002 'P\3262\03788\326\227Gh8\n\227\337@\270\\310\271w\307\327\312\211\n\375=\244\363g\034""; ","validation: """"\200\000\000\001&\000\000\0007)/\351\253Y:\r\302\353\023?\373\240rQ\252\344\245^L==\235\021\032V\220\341+U\353\274\372=u\225\337\321k\342\217\031\035&\261k*P\027\000\000\000\000\000\000\000\000\000\000\000\000\000\000\000\000\000\000\000\000\000\000\000\000\000\000\000\000\000\000\000\000P\031\220lA\251D\0246\305z\207\225\254\360\010\233K$\222\242w\316\025\202/\356\266\371/\256\354\300\373s!\003R7o\362bV\300hf\266\241;}\200^\374\240\203[:\342Q\225\221\027y\372\255\235\216\323~vG0E\002!\000\360\211 \204\212I\217\325\320\353\221P\207'G\336\251\013\235\242r\363pZ2\376!\016\220\230\231\377\002 'P\3262\03788\326\227Gh8\n\227\337@\270\\310\271w\307\327\312\211\n\375=\244\363g\034""; "
1750527705690,1750527705690,0,1,0,2,TMValidation,"validation: """"\200\000\000\001&\000\000\0007)/\351\253Y:\r\302\353\023?\373\240rQ\252\344\245^L==\235\021\032V\220\341+U\353\274\372=u\225\337\321k\342\217\031\035&\261k*P\027\000\000\000\000\000\000\000\000\000\000\000\000\000\000\000\000\000\000\000\000\000\000\000\000\000\000\000\000\000\000\000\000P\031\220lA\251D\0246\305z\207\225\254\360\010\233K$\222\242w\316\025\202/\356\266\371/\256\354\300\373s!\003R7o\362bV\300hf\266\241;}\200^\374\240\203[:\342Q\225\221\027y\372\255\235\216\323~vG0E\002!\000\360\211 \204\212I\217\325\320\353\221P\207'G\336\251\013\235\242r\363pZ2\376!\016\220\230\231\377\002 'P\3262\03788\326\227Gh8\n\227\337@\270\\310\271w\307\327\312\211\n\375=\244\363g\034""; ","validation: """"\200\000\000\001&\000\000\0007)/\351\253Y:\r\302\353\023?\373\240rQ\252\344\245^L==\235\021\032V\220\341+U\353\274\372=u\225\337\321k\342\217\031\035&\261k*P\027\000\000\000\000\000\000\000\000\000\000\000\000\000\000\000\000\000\000\000\000\000\000\000\000\000\000\000\000\000\000\000\000P\031\220lA\251D\0246\305z\207\225\254\360\010\233K$\222\242w\316\025\202/\356\266\371/\256\354\300\373s!\003R7o\362bV\300hf\266\241;}\200^\374\240\203[:\342Q\225\221\027y\372\255\235\216\323~vG0E\002!\000\360\211 \204\212I\217\325\320\353\221P\207'G\336\251\013\235\242r\363pZ2\376!\016\220\230\231\377\002 'P\3262\03788\326\227Gh8\n\227\337@\270\\310\271w\307\327\312\211\n\375=\244\363g\034""; "
1750527705689,1750527705689,0,1,3,1,TMValidation,"validation: """"\200\000\000\001&\000\000\0007)/\351\253Y:\r\302\353\023?\373\240rQ\252\344\245^L==\235\021\032V\220\341+U\353\274\372=u\225\337\321k\342\217\031\035&\261k*P\027\000\000\000\000\000\000\000\000\000\000\000\000\000\000\000\000\000\000\000\000\000\000\000\000\000\000\000\000\000\000\000\000P\031\220lA\251D\0246\305z\207\225\254\360\010\233K$\222\242w\316\025\202/\356\266\371/\256\354\300\373s!\003R7o\362bV\300hf\266\241;}\200^\374\240\203[:\342Q\225\221\027y\372\255\235\216\323~vG0E\002!\000\360\211 \204\212I\217\325\320\353\221P\207'G\336\251\013\235\242r\363pZ2\376!\016\220\230\231\377\002 'P\3262\03788\326\227Gh8\n\227\337@\270\\310\271w\307\327\312\211\n\375=\244\363g\034""; ","validation: """"\200\000\000\001&\000\000\0007)/\351\253Y:\r\302\353\023?\373\240rQ\252\344\245^L==\235\021\032V\220\341+U\353\274\372=u\225\337\321k\342\217\031\035&\261k*P\027\000\000\000\000\000\000\000\000\000\000\000\000\000\000\000\000\000\000\000\000\000\000\000\000\000\000\000\000\000\000\000\000P\031\220lA\251D\0246\305z\207\225\254\360\010\233K$\222\242w\316\025\202/\356\266\371/\256\354\300\373s!\003R7o\362bV\300hf\266\241;}\200^\374\240\203[:\342Q\225\221\027y\372\255\235\216\323~vG0E\002!\000\360\211 \204\212I\217\325\320\353\221P\207'G\336\251\013\235\242r\363pZ2\376!\016\220\230\231\377\002 'P\3262\03788\326\227Gh8\n\227\337@\270\\310\271w\307\327\312\211\n\375=\244\363g\034""; "
1750527705690,1750527705690,0,1,0,1,TMValidation,"validation: """"\200\000\000\001&\000\000\0007)/\351\253Y:\r\302\353\023?\373\240rQ\252\344\245^L==\235\021\032V\220\341+U\353\274\372=u\225\337\321k\342\217\031\035&\261k*P\027\000\000\000\000\000\000\000\000\000\000\000\000\000\000\000\000\000\000\000\000\000\000\000\000\000\000\000\000\000\000\000\000P\031\220lA\251D\0246\305z\207\225\254\360\010\233K$\222\242w\316\025\202/\356\266\371/\256\354\300\373s!\003R7o\362bV\300hf\266\241;}\200^\374\240\203[:\342Q\225\221\027y\372\255\235\216\323~vG0E\002!\000\360\211 \204\212I\217\325\320\353\221P\207'G\336\251\013\235\242r\363pZ2\376!\016\220\230\231\377\002 'P\3262\03788\326\227Gh8\n\227\337@\270\\310\271w\307\327\312\211\n\375=\244\363g\034""; ","validation: """"\200\000\000\001&\000\000\0007)/\351\253Y:\r\302\353\023?\373\240rQ\252\344\245^L==\235\021\032V\220\341+U\353\274\372=u\225\337\321k\342\217\031\035&\261k*P\027\000\000\000\000\000\000\000\000\000\000\000\000\000\000\000\000\000\000\000\000\000\000\000\000\000\000\000\000\000\000\000\000P\031\220lA\251D\0246\305z\207\225\254\360\010\233K$\222\242w\316\025\202/\356\266\371/\256\354\300\373s!\003R7o\362bV\300hf\266\241;}\200^\374\240\203[:\342Q\225\221\027y\372\255\235\216\323~vG0E\002!\000\360\211 \204\212I\217\325\320\353\221P\207'G\336\251\013\235\242r\363pZ2\376!\016\220\230\231\377\002 'P\3262\03788\326\227Gh8\n\227\337@\270\\310\271w\307\327\312\211\n\375=\244\363g\034""; "
1750527705690,1750527705690,0,1,0,3,TMValidation,"validation: """"\200\000\000\001&\000\000\0007)/\351\253Y:\r\302\353\023?\373\240rQ\252\344\245^L==\235\021\032V\220\341+U\353\274\372=u\225\337\321k\342\217\031\035&\261k*P\027\000\000\000\000\000\000\000\000\000\000\000\000\000\000\000\000\000\000\000\000\000\000\000\000\000\000\000\000\000\000\000\000P\031\220lA\251D\0246\305z\207\225\254\360\010\233K$\222\242w\316\025\202/\356\266\371/\256\354\300\373s!\003R7o\362bV\300hf\266\241;}\200^\374\240\203[:\342Q\225\221\027y\372\255\235\216\323~vG0E\002!\000\360\211 \204\212I\217\325\320\353\221P\207'G\336\251\013\235\242r\363pZ2\376!\016\220\230\231\377\002 'P\3262\03788\326\227Gh8\n\227\337@\270\\310\271w\307\327\312\211\n\375=\244\363g\034""; ","validation: """"\200\000\000\001&\000\000\0007)/\351\253Y:\r\302\353\023?\373\240rQ\252\344\245^L==\235\021\032V\220\341+U\353\274\372=u\225\337\321k\342\217\031\035&\261k*P\027\000\000\000\000\000\000\000\000\000\000\000\000\000\000\000\000\000\000\000\000\000\000\000\000\000\000\000\000\000\000\000\000P\031\220lA\251D\0246\305z\207\225\254\360\010\233K$\222\242w\316\025\202/\356\266\371/\256\354\300\373s!\003R7o\362bV\300hf\266\241;}\200^\374\240\203[:\342Q\225\221\027y\372\255\235\216\323~vG0E\002!\000\360\211 \204\212I\217\325\320\353\221P\207'G\336\251\013\235\242r\363pZ2\376!\016\220\230\231\377\002 'P\3262\03788\326\227Gh8\n\227\337@\270\\310\271w\307\327\312\211\n\375=\244\363g\034""; "
1750527705691,1750527705691,0,1,2,1,TMValidation,"validation: """"\200\000\000\001&\000\000\0007)/\351\253Y:\r\302\353\023?\373\240rQ\252\344\245^L==\235\021\032V\220\341+U\353\274\372=u\225\337\321k\342\217\031\035&\261k*P\027\000\000\000\000\000\000\000\000\000\000\000\000\000\000\000\000\000\000\000\000\000\000\000\000\000\000\000\000\000\000\000\000P\031\220lA\251D\0246\305z\207\225\254\360\010\233K$\222\242w\316\025\202/\356\266\371/\256\354\300\373s!\003R7o\362bV\300hf\266\241;}\200^\374\240\203[:\342Q\225\221\027y\372\255\235\216\323~vG0E\002!\000\360\211 \204\212I\217\325\320\353\221P\207'G\336\251\013\235\242r\363pZ2\376!\016\220\230\231\377\002 'P\3262\03788\326\227Gh8\n\227\337@\270\\310\271w\307\327\312\211\n\375=\244\363g\034""; ","validation: """"\200\000\000\001&\000\000\0007)/\351\253Y:\r\302\353\023?\373\240rQ\252\344\245^L==\235\021\032V\220\341+U\353\274\372=u\225\337\321k\342\217\031\035&\261k*P\027\000\000\000\000\000\000\000\000\000\000\000\000\000\000\000\000\000\000\000\000\000\000\000\000\000\000\000\000\000\000\000\000P\031\220lA\251D\0246\305z\207\225\254\360\010\233K$\222\242w\316\025\202/\356\266\371/\256\354\300\373s!\003R7o\362bV\300hf\266\241;}\200^\374\240\203[:\342Q\225\221\027y\372\255\235\216\323~vG0E\002!\000\360\211 \204\212I\217\325\320\353\221P\207'G\336\251\013\235\242r\363pZ2\376!\016\220\230\231\377\002 'P\3262\03788\326\227Gh8\n\227\337@\270\\310\271w\307\327\312\211\n\375=\244\363g\034""; "
1750527705692,1750527705692,0,1,2,3,TMValidation,"validation: """"\200\000\000\001&\000\000\0007)/\351\253Y:\r\302\353\023?\373\240rQ\252\344\245^L==\235\021\032V\220\341+U\353\274\372=u\225\337\321k\342\217\031\035&\261k*P\027\000\000\000\000\000\000\000\000\000\000\000\000\000\000\000\000\000\000\000\000\000\000\000\000\000\000\000\000\000\000\000\000P\031\220lA\251D\0246\305z\207\225\254\360\010\233K$\222\242w\316\025\202/\356\266\371/\256\354\300\373s!\003R7o\362bV\300hf\266\241;}\200^\374\240\203[:\342Q\225\221\027y\372\255\235\216\323~vG0E\002!\000\360\211 \204\212I\217\325\320\353\221P\207'G\336\251\013\235\242r\363pZ2\376!\016\220\230\231\377\002 'P\3262\03788\326\227Gh8\n\227\337@\270\\310\271w\307\327\312\211\n\375=\244\363g\034""; ","validation: """"\200\000\000\001&\000\000\0007)/\351\253Y:\r\302\353\023?\373\240rQ\252\344\245^L==\235\021\032V\220\341+U\353\274\372=u\225\337\321k\342\217\031\035&\261k*P\027\000\000\000\000\000\000\000\000\000\000\000\000\000\000\000\000\000\000\000\000\000\000\000\000\000\000\000\000\000\000\000\000P\031\220lA\251D\0246\305z\207\225\254\360\010\233K$\222\242w\316\025\202/\356\266\371/\256\354\300\373s!\003R7o\362bV\300hf\266\241;}\200^\374\240\203[:\342Q\225\221\027y\372\255\235\216\323~vG0E\002!\000\360\211 \204\212I\217\325\320\353\221P\207'G\336\251\013\235\242r\363pZ2\376!\016\220\230\231\377\002 'P\3262\03788\326\227Gh8\n\227\337@\270\\310\271w\307\327\312\211\n\375=\244\363g\034""; "
1750527705692,1750527705692,0,1,2,0,TMValidation,"validation: """"\200\000\000\001&\000\000\0007)/\351\253Y:\r\302\353\023?\373\240rQ\252\344\245^L==\235\021\032V\220\341+U\353\274\372=u\225\337\321k\342\217\031\035&\261k*P\027\000\000\000\000\000\000\000\000\000\000\000\000\000\000\000\000\000\000\000\000\000\000\000\000\000\000\000\000\000\000\000\000P\031\220lA\251D\0246\305z\207\225\254\360\010\233K$\222\242w\316\025\202/\356\266\371/\256\354\300\373s!\003R7o\362bV\300hf\266\241;}\200^\374\240\203[:\342Q\225\221\027y\372\255\235\216\323~vG0E\002!\000\360\211 \204\212I\217\325\320\353\221P\207'G\336\251\013\235\242r\363pZ2\376!\016\220\230\231\377\002 'P\3262\03788\326\227Gh8\n\227\337@\270\\310\271w\307\327\312\211\n\375=\244\363g\034""; ","validation: """"\200\000\000\001&\000\000\0007)/\351\253Y:\r\302\353\023?\373\240rQ\252\344\245^L==\235\021\032V\220\341+U\353\274\372=u\225\337\321k\342\217\031\035&\261k*P\027\000\000\000\000\000\000\000\000\000\000\000\000\000\000\000\000\000\000\000\000\000\000\000\000\000\000\000\000\000\000\000\000P\031\220lA\251D\0246\305z\207\225\254\360\010\233K$\222\242w\316\025\202/\356\266\371/\256\354\300\373s!\003R7o\362bV\300hf\266\241;}\200^\374\240\203[:\342Q\225\221\027y\372\255\235\216\323~vG0E\002!\000\360\211 \204\212I\217\325\320\353\221P\207'G\336\251\013\235\242r\363pZ2\376!\016\220\230\231\377\002 'P\3262\03788\326\227Gh8\n\227\337@\270\\310\271w\307\327\312\211\n\375=\244\363g\034""; "
1750527706480,1750527706522,0,1,3,4,TMStatusChange,"newEvent: neCLOSING_LEDGER; ledgerSeq: 55; ledgerHash: ""\252\344\245^L==\235\021\032V\220\341+U\353\274\372=u\225\337\321k\342\217\031\035&\261k*""; ledgerHashPrevious: ""\220lA\251D\0246\305z\207\225\254\360\010\233K$\222\242w\316\025\202/\356\266\371/\256\354\300\373""; networkTime: 803842906; firstSeq: 1; lastSeq: 55; ","newEvent: neCLOSING_LEDGER; ledgerSeq: 55; ledgerHash: ""\252\344\245^L==\235\021\032V\220\341+U\353\274\372=u\225\337\321k\342\217\031\035&\261k*""; ledgerHashPrevious: ""\220lA\251D\0246\305z\207\225\254\360\010\233K$\222\242w\316\025\202/\356\266\371/\256\354\300\373""; networkTime: 803842906; firstSeq: 1; lastSeq: 55; "
1750527706481,1750527706523,0,1,3,0,TMStatusChange,"newEvent: neCLOSING_LEDGER; ledgerSeq: 55; ledgerHash: ""\252\344\245^L==\235\021\032V\220\341+U\353\274\372=u\225\337\321k\342\217\031\035&\261k*""; ledgerHashPrevious: ""\220lA\251D\0246\305z\207\225\254\360\010\233K$\222\242w\316\025\202/\356\266\371/\256\354\300\373""; networkTime: 803842906; firstSeq: 1; lastSeq: 55; ","newEvent: neCLOSING_LEDGER; ledgerSeq: 55; ledgerHash: ""\252\344\245^L==\235\021\032V\220\341+U\353\274\372=u\225\337\321k\342\217\031\035&\261k*""; ledgerHashPrevious: ""\220lA\251D\0246\305z\207\225\254\360\010\233K$\222\242w\316\025\202/\356\266\371/\256\354\300\373""; networkTime: 803842906; firstSeq: 1; lastSeq: 55; "
1750527706482,1750527706523,0,1,3,1,TMStatusChange,"newEvent: neCLOSING_LEDGER; ledgerSeq: 55; ledgerHash: ""\252\344\245^L==\235\021\032V\220\341+U\353\274\372=u\225\337\321k\342\217\031\035&\261k*""; ledgerHashPrevious: ""\220lA\251D\0246\305z\207\225\254\360\010\233K$\222\242w\316\025\202/\356\266\371/\256\354\300\373""; networkTime: 803842906; firstSeq: 1; lastSeq: 55; ","newEvent: neCLOSING_LEDGER; ledgerSeq: 55; ledgerHash: ""\252\344\245^L==\235\021\032V\220\341+U\353\274\372=u\225\337\321k\342\217\031\035&\261k*""; ledgerHashPrevious: ""\220lA\251D\0246\305z\207\225\254\360\010\233K$\222\242w\316\025\202/\356\266\371/\256\354\300\373""; networkTime: 803842906; firstSeq: 1; lastSeq: 55; "
1750527706482,1750527706524,0,1,3,2,TMStatusChange,"newEvent: neCLOSING_LEDGER; ledgerSeq: 55; ledgerHash: ""\252\344\245^L==\235\021\032V\220\341+U\353\274\372=u\225\337\321k\342\217\031\035&\261k*""; ledgerHashPrevious: ""\220lA\251D\0246\305z\207\225\254\360\010\233K$\222\242w\316\025\202/\356\266\371/\256\354\300\373""; networkTime: 803842906; firstSeq: 1; lastSeq: 55; ","newEvent: neCLOSING_LEDGER; ledgerSeq: 55; ledgerHash: ""\252\344\245^L==\235\021\032V\220\341+U\353\274\372=u\225\337\321k\342\217\031\035&\261k*""; ledgerHashPrevious: ""\220lA\251D\0246\305z\207\225\254\360\010\233K$\222\242w\316\025\202/\356\266\371/\256\354\300\373""; networkTime: 803842906; firstSeq: 1; lastSeq: 55; "
1750527706525,1750527706525,0,1,3,2,TMProposeSet,"proposeSeq: 0; currentTxHash: ""\000\000\000\000\000\000\000\000\000\000\000\000\000\000\000\000\000\000\000\000\000\000\000\000\000\000\000\000\000\000\000\000""; nodePubKey: ""\002\364d\217\366\217|\316F\232\231\241\n\261\333`\312O\367\235\025DD\336e\367\n\312\326\221\037\025\230""; closeTime: 803842906; signature: ""0E\002!\000\277Z\007\377\267hd.\264\253FNF\003\367lb\221\356\310\245\373\036!\336\025\027\215\271')>\002 B\207\023h\024-K?\323q\235Q3\036\274\222\034%\353\336\214\221\024II\226G\201\3331O\221""; previousledger: ""\252\344\245^L==\235\021\032V\220\341+U\353\274\372=u\225\337\321k\342\217\031\035&\261k*""; ","proposeSeq: 0; currentTxHash: ""\000\000\000\000\000\000\000\000\000\000\000\000\000\000\000\000\000\000\000\000\000\000\000\000\000\000\000\000\000\000\000\000""; nodePubKey: ""\002\364d\217\366\217|\316F\232\231\241\n\261\333`\312O\367\235\025DD\336e\367\n\312\326\221\037\025\230""; closeTime: 803842906; signature: ""0E\002!\000\277Z\007\377\267hd.\264\253FNF\003\367lb\221\356\310\245\373\036!\336\025\027\215\271')>\002 B\207\023h\024-K?\323q\235Q3\036\274\222\034%\353\336\214\221\024II\226G\201\3331O\221""; previousledger: ""\252\344\245^L==\235\021\032V\220\341+U\353\274\372=u\225\337\321k\342\217\031\035&\261k*""; "
1750527706526,1750527706526,0,1,3,4,TMProposeSet,"proposeSeq: 0; currentTxHash: ""\000\000\000\000\000\000\000\000\000\000\000\000\000\000\000\000\000\000\000\000\000\000\000\000\000\000\000\000\000\000\000\000""; nodePubKey: ""\002\364d\217\366\217|\316F\232\231\241\n\261\333`\312O\367\235\025DD\336e\367\n\312\326\221\037\025\230""; closeTime: 803842906; signature: ""0E\002!\000\277Z\007\377\267hd.\264\253FNF\003\367lb\221\356\310\245\373\036!\336\025\027\215\271')>\002 B\207\023h\024-K?\323q\235Q3\036\274\222\034%\353\336\214\221\024II\226G\201\3331O\221""; previousledger: ""\252\344\245^L==\235\021\032V\220\341+U\353\274\372=u\225\337\321k\342\217\031\035&\261k*""; ","proposeSeq: 0; currentTxHash: ""\000\000\000\000\000\000\000\000\000\000\000\000\000\000\000\000\000\000\000\000\000\000\000\000\000\000\000\000\000\000\000\000""; nodePubKey: ""\002\364d\217\366\217|\316F\232\231\241\n\261\333`\312O\367\235\025DD\336e\367\n\312\326\221\037\025\230""; closeTime: 803842906; signature: ""0E\002!\000\277Z\007\377\267hd.\264\253FNF\003\367lb\221\356\310\245\373\036!\336\025\027\215\271')>\002 B\207\023h\024-K?\323q\235Q3\036\274\222\034%\353\336\214\221\024II\226G\201\3331O\221""; previousledger: ""\252\344\245^L==\235\021\032V\220\341+U\353\274\372=u\225\337\321k\342\217\031\035&\261k*""; "
1750527706527,1750527706527,0,1,3,0,TMProposeSet,"proposeSeq: 0; currentTxHash: ""\000\000\000\000\000\000\000\000\000\000\000\000\000\000\000\000\000\000\000\000\000\000\000\000\000\000\000\000\000\000\000\000""; nodePubKey: ""\002\364d\217\366\217|\316F\232\231\241\n\261\333`\312O\367\235\025DD\336e\367\n\312\326\221\037\025\230""; closeTime: 803842906; signature: ""0E\002!\000\277Z\007\377\267hd.\264\253FNF\003\367lb\221\356\310\245\373\036!\336\025\027\215\271')>\002 B\207\023h\024-K?\323q\235Q3\036\274\222\034%\353\336\214\221\024II\226G\201\3331O\221""; previousledger: ""\252\344\245^L==\235\021\032V\220\341+U\353\274\372=u\225\337\321k\342\217\031\035&\261k*""; ","proposeSeq: 0; currentTxHash: ""\000\000\000\000\000\000\000\000\000\000\000\000\000\000\000\000\000\000\000\000\000\000\000\000\000\000\000\000\000\000\000\000""; nodePubKey: ""\002\364d\217\366\217|\316F\232\231\241\n\261\333`\312O\367\235\025DD\336e\367\n\312\326\221\037\025\230""; closeTime: 803842906; signature: ""0E\002!\000\277Z\007\377\267hd.\264\253FNF\003\367lb\221\356\310\245\373\036!\336\025\027\215\271')>\002 B\207\023h\024-K?\323q\235Q3\036\274\222\034%\353\336\214\221\024II\226G\201\3331O\221""; previousledger: ""\252\344\245^L==\235\021\032V\220\341+U\353\274\372=u\225\337\321k\342\217\031\035&\261k*""; "
1750527706528,1750527706528,0,1,3,1,TMProposeSet,"proposeSeq: 0; currentTxHash: ""\000\000\000\000\000\000\000\000\000\000\000\000\000\000\000\000\000\000\000\000\000\000\000\000\000\000\000\000\000\000\000\000""; nodePubKey: ""\002\364d\217\366\217|\316F\232\231\241\n\261\333`\312O\367\235\025DD\336e\367\n\312\326\221\037\025\230""; closeTime: 803842906; signature: ""0E\002!\000\277Z\007\377\267hd.\264\253FNF\003\367lb\221\356\310\245\373\036!\336\025\027\215\271')>\002 B\207\023h\024-K?\323q\235Q3\036\274\222\034%\353\336\214\221\024II\226G\201\3331O\221""; previousledger: ""\252\344\245^L==\235\021\032V\220\341+U\353\274\372=u\225\337\321k\342\217\031\035&\261k*""; ","proposeSeq: 0; currentTxHash: ""\000\000\000\000\000\000\000\000\000\000\000\000\000\000\000\000\000\000\000\000\000\000\000\000\000\000\000\000\000\000\000\000""; nodePubKey: ""\002\364d\217\366\217|\316F\232\231\241\n\261\333`\312O\367\235\025DD\336e\367\n\312\326\221\037\025\230""; closeTime: 803842906; signature: ""0E\002!\000\277Z\007\377\267hd.\264\253FNF\003\367lb\221\356\310\245\373\036!\336\025\027\215\271')>\002 B\207\023h\024-K?\323q\235Q3\036\274\222\034%\353\336\214\221\024II\226G\201\3331O\221""; previousledger: ""\252\344\245^L==\235\021\032V\220\341+U\353\274\372=u\225\337\321k\342\217\031\035&\261k*""; "
1750527706535,1750527706535,0,1,4,1,TMProposeSet,"proposeSeq: 0; currentTxHash: ""\000\000\000\000\000\000\000\000\000\000\000\000\000\000\000\000\000\000\000\000\000\000\000\000\000\000\000\000\000\000\000\000""; nodePubKey: ""\002\364d\217\366\217|\316F\232\231\241\n\261\333`\312O\367\235\025DD\336e\367\n\312\326\221\037\025\230""; closeTime: 803842906; signature: ""0E\002!\000\277Z\007\377\267hd.\264\253FNF\003\367lb\221\356\310\245\373\036!\336\025\027\215\271')>\002 B\207\023h\024-K?\323q\235Q3\036\274\222\034%\353\336\214\221\024II\226G\201\3331O\221""; previousledger: ""\252\344\245^L==\235\021\032V\220\341+U\353\274\372=u\225\337\321k\342\217\031\035&\261k*""; ","proposeSeq: 0; currentTxHash: ""\000\000\000\000\000\000\000\000\000\000\000\000\000\000\000\000\000\000\000\000\000\000\000\000\000\000\000\000\000\000\000\000""; nodePubKey: ""\002\364d\217\366\217|\316F\232\231\241\n\261\333`\312O\367\235\025DD\336e\367\n\312\326\221\037\025\230""; closeTime: 803842906; signature: ""0E\002!\000\277Z\007\377\267hd.\264\253FNF\003\367lb\221\356\310\245\373\036!\336\025\027\215\271')>\002 B\207\023h\024-K?\323q\235Q3\036\274\222\034%\353\336\214\221\024II\226G\201\3331O\221""; previousledger: ""\252\344\245^L==\235\021\032V\220\341+U\353\274\372=u\225\337\321k\342\217\031\035&\261k*""; "
1750527706535,1750527706536,0,1,4,0,TMProposeSet,"proposeSeq: 0; currentTxHash: ""\000\000\000\000\000\000\000\000\000\000\000\000\000\000\000\000\000\000\000\000\000\000\000\000\000\000\000\000\000\000\000\000""; nodePubKey: ""\002\364d\217\366\217|\316F\232\231\241\n\261\333`\312O\367\235\025DD\336e\367\n\312\326\221\037\025\230""; closeTime: 803842906; signature: ""0E\002!\000\277Z\007\377\267hd.\264\253FNF\003\367lb\221\356\310\245\373\036!\336\025\027\215\271')>\002 B\207\023h\024-K?\323q\235Q3\036\274\222\034%\353\336\214\221\024II\226G\201\3331O\221""; previousledger: ""\252\344\245^L==\235\021\032V\220\341+U\353\274\372=u\225\337\321k\342\217\031\035&\261k*""; ","proposeSeq: 0; currentTxHash: ""\000\000\000\000\000\000\000\000\000\000\000\000\000\000\000\000\000\000\000\000\000\000\000\000\000\000\000\000\000\000\000\000""; nodePubKey: ""\002\364d\217\366\217|\316F\232\231\241\n\261\333`\312O\367\235\025DD\336e\367\n\312\326\221\037\025\230""; closeTime: 803842906; signature: ""0E\002!\000\277Z\007\377\267hd.\264\253FNF\003\367lb\221\356\310\245\373\036!\336\025\027\215\271')>\002 B\207\023h\024-K?\323q\235Q3\036\274\222\034%\353\336\214\221\024II\226G\201\3331O\221""; previousledger: ""\252\344\245^L==\235\021\032V\220\341+U\353\274\372=u\225\337\321k\342\217\031\035&\261k*""; "
1750527706536,1750527706536,0,1,4,2,TMProposeSet,"proposeSeq: 0; currentTxHash: ""\000\000\000\000\000\000\000\000\000\000\000\000\000\000\000\000\000\000\000\000\000\000\000\000\000\000\000\000\000\000\000\000""; nodePubKey: ""\002\364d\217\366\217|\316F\232\231\241\n\261\333`\312O\367\235\025DD\336e\367\n\312\326\221\037\025\230""; closeTime: 803842906; signature: ""0E\002!\000\277Z\007\377\267hd.\264\253FNF\003\367lb\221\356\310\245\373\036!\336\025\027\215\271')>\002 B\207\023h\024-K?\323q\235Q3\036\274\222\034%\353\336\214\221\024II\226G\201\3331O\221""; previousledger: ""\252\344\245^L==\235\021\032V\220\341+U\353\274\372=u\225\337\321k\342\217\031\035&\261k*""; ","proposeSeq: 0; currentTxHash: ""\000\000\000\000\000\000\000\000\000\000\000\000\000\000\000\000\000\000\000\000\000\000\000\000\000\000\000\000\000\000\000\000""; nodePubKey: ""\002\364d\217\366\217|\316F\232\231\241\n\261\333`\312O\367\235\025DD\336e\367\n\312\326\221\037\025\230""; closeTime: 803842906; signature: ""0E\002!\000\277Z\007\377\267hd.\264\253FNF\003\367lb\221\356\310\245\373\036!\336\025\027\215\271')>\002 B\207\023h\024-K?\323q\235Q3\036\274\222\034%\353\336\214\221\024II\226G\201\3331O\221""; previousledger: ""\252\344\245^L==\235\021\032V\220\341+U\353\274\372=u\225\337\321k\342\217\031\035&\261k*""; "
1750527706642,1750527706642,0,1,4,3,TMProposeSet,"proposeSeq: 0; currentTxHash: ""\000\000\000\000\000\000\000\000\000\000\000\000\000\000\000\000\000\000\000\000\000\000\000\000\000\000\000\000\000\000\000\000""; nodePubKey: ""\003R7o\362bV\300hf\266\241;}\200^\374\240\203[:\342Q\225\221\027y\372\255\235\216\323~""; closeTime: 803842906; signature: ""0E\002!\000\210>\331\336()|\304\t\177\013a\351\220\247\252\253\202\244\351?L\r\322\307\365\361G\250\317z:\002 4\205\034\304\341\212\367P\325P\345(\340\r\336S1\361\352\205\301\215v\001\210b\317\201\227\035\222\244""; previousledger: ""\252\344\245^L==\235\021\032V\220\341+U\353\274\372=u\225\337\321k\342\217\031\035&\261k*""; ","proposeSeq: 0; currentTxHash: ""\000\000\000\000\000\000\000\000\000\000\000\000\000\000\000\000\000\000\000\000\000\000\000\000\000\000\000\000\000\000\000\000""; nodePubKey: ""\003R7o\362bV\300hf\266\241;}\200^\374\240\203[:\342Q\225\221\027y\372\255\235\216\323~""; closeTime: 803842906; signature: ""0E\002!\000\210>\331\336()|\304\t\177\013a\351\220\247\252\253\202\244\351?L\r\322\307\365\361G\250\317z:\002 4\205\034\304\341\212\367P\325P\345(\340\r\336S1\361\352\205\301\215v\001\210b\317\201\227\035\222\244""; previousledger: ""\252\344\245^L==\235\021\032V\220\341+U\353\274\372=u\225\337\321k\342\217\031\035&\261k*""; "
1750527706644,1750527706644,0,1,4,0,TMProposeSet,"proposeSeq: 0; currentTxHash: ""\000\000\000\000\000\000\000\000\000\000\000\000\000\000\000\000\000\000\000\000\000\000\000\000\000\000\000\000\000\000\000\000""; nodePubKey: ""\003R7o\362bV\300hf\266\241;}\200^\374\240\203[:\342Q\225\221\027y\372\255\235\216\323~""; closeTime: 803842906; signature: ""0E\002!\000\210>\331\336()|\304\t\177\013a\351\220\247\252\253\202\244\351?L\r\322\307\365\361G\250\317z:\002 4\205\034\304\341\212\367P\325P\345(\340\r\336S1\361\352\205\301\215v\001\210b\317\201\227\035\222\244""; previousledger: ""\252\344\245^L==\235\021\032V\220\341+U\353\274\372=u\225\337\321k\342\217\031\035&\261k*""; ","proposeSeq: 0; currentTxHash: ""\000\000\000\000\000\000\000\000\000\000\000\000\000\000\000\000\000\000\000\000\000\000\000\000\000\000\000\000\000\000\000\000""; nodePubKey: ""\003R7o\362bV\300hf\266\241;}\200^\374\240\203[:\342Q\225\221\027y\372\255\235\216\323~""; closeTime: 803842906; signature: ""0E\002!\000\210>\331\336()|\304\t\177\013a\351\220\247\252\253\202\244\351?L\r\322\307\365\361G\250\317z:\002 4\205\034\304\341\212\367P\325P\345(\340\r\336S1\361\352\205\301\215v\001\210b\317\201\227\035\222\244""; previousledger: ""\252\344\245^L==\235\021\032V\220\341+U\353\274\372=u\225\337\321k\342\217\031\035&\261k*""; "
1750527706645,1750527706645,0,1,4,2,TMProposeSet,"proposeSeq: 0; currentTxHash: ""\000\000\000\000\000\000\000\000\000\000\000\000\000\000\000\000\000\000\000\000\000\000\000\000\000\000\000\000\000\000\000\000""; nodePubKey: ""\003R7o\362bV\300hf\266\241;}\200^\374\240\203[:\342Q\225\221\027y\372\255\235\216\323~""; closeTime: 803842906; signature: ""0E\002!\000\210>\331\336()|\304\t\177\013a\351\220\247\252\253\202\244\351?L\r\322\307\365\361G\250\317z:\002 4\205\034\304\341\212\367P\325P\345(\340\r\336S1\361\352\205\301\215v\001\210b\317\201\227\035\222\244""; previousledger: ""\252\344\245^L==\235\021\032V\220\341+U\353\274\372=u\225\337\321k\342\217\031\035&\261k*""; ","proposeSeq: 0; currentTxHash: ""\000\000\000\000\000\000\000\000\000\000\000\000\000\000\000\000\000\000\000\000\000\000\000\000\000\000\000\000\000\000\000\000""; nodePubKey: ""\003R7o\362bV\300hf\266\241;}\200^\374\240\203[:\342Q\225\221\027y\372\255\235\216\323~""; closeTime: 803842906; signature: ""0E\002!\000\210>\331\336()|\304\t\177\013a\351\220\247\252\253\202\244\351?L\r\322\307\365\361G\250\317z:\002 4\205\034\304\341\212\367P\325P\345(\340\r\336S1\361\352\205\301\215v\001\210b\317\201\227\035\222\244""; previousledger: ""\252\344\245^L==\235\021\032V\220\341+U\353\274\372=u\225\337\321k\342\217\031\035&\261k*""; "
1750527706646,1750527706646,0,1,4,1,TMProposeSet,"proposeSeq: 0; currentTxHash: ""\000\000\000\000\000\000\000\000\000\000\000\000\000\000\000\000\000\000\000\000\000\000\000\000\000\000\000\000\000\000\000\000""; nodePubKey: ""\003R7o\362bV\300hf\266\241;}\200^\374\240\203[:\342Q\225\221\027y\372\255\235\216\323~""; closeTime: 803842906; signature: ""0E\002!\000\210>\331\336()|\304\t\177\013a\351\220\247\252\253\202\244\351?L\r\322\307\365\361G\250\317z:\002 4\205\034\304\341\212\367P\325P\345(\340\r\336S1\361\352\205\301\215v\001\210b\317\201\227\035\222\244""; previousledger: ""\252\344\245^L==\235\021\032V\220\341+U\353\274\372=u\225\337\321k\342\217\031\035&\261k*""; ","proposeSeq: 0; currentTxHash: ""\000\000\000\000\000\000\000\000\000\000\000\000\000\000\000\000\000\000\000\000\000\000\000\000\000\000\000\000\000\000\000\000""; nodePubKey: ""\003R7o\362bV\300hf\266\241;}\200^\374\240\203[:\342Q\225\221\027y\372\255\235\216\323~""; closeTime: 803842906; signature: ""0E\002!\000\210>\331\336()|\304\t\177\013a\351\220\247\252\253\202\244\351?L\r\322\307\365\361G\250\317z:\002 4\205\034\304\341\212\367P\325P\345(\340\r\336S1\361\352\205\301\215v\001\210b\317\201\227\035\222\244""; previousledger: ""\252\344\245^L==\235\021\032V\220\341+U\353\274\372=u\225\337\321k\342\217\031\035&\261k*""; "
1750527706648,1750527706649,0,1,3,0,TMProposeSet,"proposeSeq: 0; currentTxHash: ""\000\000\000\000\000\000\000\000\000\000\000\000\000\000\000\000\000\000\000\000\000\000\000\000\000\000\000\000\000\000\000\000""; nodePubKey: ""\003R7o\362bV\300hf\266\241;}\200^\374\240\203[:\342Q\225\221\027y\372\255\235\216\323~""; closeTime: 803842906; signature: ""0E\002!\000\210>\331\336()|\304\t\177\013a\351\220\247\252\253\202\244\351?L\r\322\307\365\361G\250\317z:\002 4\205\034\304\341\212\367P\325P\345(\340\r\336S1\361\352\205\301\215v\001\210b\317\201\227\035\222\244""; previousledger: ""\252\344\245^L==\235\021\032V\220\341+U\353\274\372=u\225\337\321k\342\217\031\035&\261k*""; ","proposeSeq: 0; currentTxHash: ""\000\000\000\000\000\000\000\000\000\000\000\000\000\000\000\000\000\000\000\000\000\000\000\000\000\000\000\000\000\000\000\000""; nodePubKey: ""\003R7o\362bV\300hf\266\241;}\200^\374\240\203[:\342Q\225\221\027y\372\255\235\216\323~""; closeTime: 803842906; signature: ""0E\002!\000\210>\331\336()|\304\t\177\013a\351\220\247\252\253\202\244\351?L\r\322\307\365\361G\250\317z:\002 4\205\034\304\341\212\367P\325P\345(\340\r\336S1\361\352\205\301\215v\001\210b\317\201\227\035\222\244""; previousledger: ""\252\344\245^L==\235\021\032V\220\341+U\353\274\372=u\225\337\321k\342\217\031\035&\261k*""; "
1750527706649,1750527706649,0,1,3,2,TMProposeSet,"proposeSeq: 0; currentTxHash: ""\000\000\000\000\000\000\000\000\000\000\000\000\000\000\000\000\000\000\000\000\000\000\000\000\000\000\000\000\000\000\000\000""; nodePubKey: ""\003R7o\362bV\300hf\266\241;}\200^\374\240\203[:\342Q\225\221\027y\372\255\235\216\323~""; closeTime: 803842906; signature: ""0E\002!\000\210>\331\336()|\304\t\177\013a\351\220\247\252\253\202\244\351?L\r\322\307\365\361G\250\317z:\002 4\205\034\304\341\212\367P\325P\345(\340\r\336S1\361\352\205\301\215v\001\210b\317\201\227\035\222\244""; previousledger: ""\252\344\245^L==\235\021\032V\220\341+U\353\274\372=u\225\337\321k\342\217\031\035&\261k*""; ","proposeSeq: 0; currentTxHash: ""\000\000\000\000\000\000\000\000\000\000\000\000\000\000\000\000\000\000\000\000\000\000\000\000\000\000\000\000\000\000\000\000""; nodePubKey: ""\003R7o\362bV\300hf\266\241;}\200^\374\240\203[:\342Q\225\221\027y\372\255\235\216\323~""; closeTime: 803842906; signature: ""0E\002!\000\210>\331\336()|\304\t\177\013a\351\220\247\252\253\202\244\351?L\r\322\307\365\361G\250\317z:\002 4\205\034\304\341\212\367P\325P\345(\340\r\336S1\361\352\205\301\215v\001\210b\317\201\227\035\222\244""; previousledger: ""\252\344\245^L==\235\021\032V\220\341+U\353\274\372=u\225\337\321k\342\217\031\035&\261k*""; "
1750527706649,1750527706649,0,1,3,1,TMProposeSet,"proposeSeq: 0; currentTxHash: ""\000\000\000\000\000\000\000\000\000\000\000\000\000\000\000\000\000\000\000\000\000\000\000\000\000\000\000\000\000\000\000\000""; nodePubKey: ""\003R7o\362bV\300hf\266\241;}\200^\374\240\203[:\342Q\225\221\027y\372\255\235\216\323~""; closeTime: 803842906; signature: ""0E\002!\000\210>\331\336()|\304\t\177\013a\351\220\247\252\253\202\244\351?L\r\322\307\365\361G\250\317z:\002 4\205\034\304\341\212\367P\325P\345(\340\r\336S1\361\352\205\301\215v\001\210b\317\201\227\035\222\244""; previousledger: ""\252\344\245^L==\235\021\032V\220\341+U\353\274\372=u\225\337\321k\342\217\031\035&\261k*""; ","proposeSeq: 0; currentTxHash: ""\000\000\000\000\000\000\000\000\000\000\000\000\000\000\000\000\000\000\000\000\000\000\000\000\000\000\000\000\000\000\000\000""; nodePubKey: ""\003R7o\362bV\300hf\266\241;}\200^\374\240\203[:\342Q\225\221\027y\372\255\235\216\323~""; closeTime: 803842906; signature: ""0E\002!\000\210>\331\336()|\304\t\177\013a\351\220\247\252\253\202\244\351?L\r\322\307\365\361G\250\317z:\002 4\205\034\304\341\212\367P\325P\345(\340\r\336S1\361\352\205\301\215v\001\210b\317\201\227\035\222\244""; previousledger: ""\252\344\245^L==\235\021\032V\220\341+U\353\274\372=u\225\337\321k\342\217\031\035&\261k*""; "
1750527706643,1750527706715,0,1,4,3,TMStatusChange,"newEvent: neCLOSING_LEDGER; ledgerSeq: 55; ledgerHash: ""\252\344\245^L==\235\021\032V\220\341+U\353\274\372=u\225\337\321k\342\217\031\035&\261k*""; ledgerHashPrevious: ""\220lA\251D\0246\305z\207\225\254\360\010\233K$\222\242w\316\025\202/\356\266\371/\256\354\300\373""; networkTime: 803842906; firstSeq: 1; lastSeq: 55; ","newEvent: neCLOSING_LEDGER; ledgerSeq: 55; ledgerHash: ""\252\344\245^L==\235\021\032V\220\341+U\353\274\372=u\225\337\321k\342\217\031\035&\261k*""; ledgerHashPrevious: ""\220lA\251D\0246\305z\207\225\254\360\010\233K$\222\242w\316\025\202/\356\266\371/\256\354\300\373""; networkTime: 803842906; firstSeq: 1; lastSeq: 55; "
1750527706648,1750527706716,0,1,4,0,TMStatusChange,"newEvent: neCLOSING_LEDGER; ledgerSeq: 55; ledgerHash: ""\252\344\245^L==\235\021\032V\220\341+U\353\274\372=u\225\337\321k\342\217\031\035&\261k*""; ledgerHashPrevious: ""\220lA\251D\0246\305z\207\225\254\360\010\233K$\222\242w\316\025\202/\356\266\371/\256\354\300\373""; networkTime: 803842906; firstSeq: 1; lastSeq: 55; ","newEvent: neCLOSING_LEDGER; ledgerSeq: 55; ledgerHash: ""\252\344\245^L==\235\021\032V\220\341+U\353\274\372=u\225\337\321k\342\217\031\035&\261k*""; ledgerHashPrevious: ""\220lA\251D\0246\305z\207\225\254\360\010\233K$\222\242w\316\025\202/\356\266\371/\256\354\300\373""; networkTime: 803842906; firstSeq: 1; lastSeq: 55; "
1750527706647,1750527706716,0,1,4,1,TMStatusChange,"newEvent: neCLOSING_LEDGER; ledgerSeq: 55; ledgerHash: ""\252\344\245^L==\235\021\032V\220\341+U\353\274\372=u\225\337\321k\342\217\031\035&\261k*""; ledgerHashPrevious: ""\220lA\251D\0246\305z\207\225\254\360\010\233K$\222\242w\316\025\202/\356\266\371/\256\354\300\373""; networkTime: 803842906; firstSeq: 1; lastSeq: 55; ","newEvent: neCLOSING_LEDGER; ledgerSeq: 55; ledgerHash: ""\252\344\245^L==\235\021\032V\220\341+U\353\274\372=u\225\337\321k\342\217\031\035&\261k*""; ledgerHashPrevious: ""\220lA\251D\0246\305z\207\225\254\360\010\233K$\222\242w\316\025\202/\356\266\371/\256\354\300\373""; networkTime: 803842906; firstSeq: 1; lastSeq: 55; "
1750527706646,1750527706716,0,1,4,2,TMStatusChange,"newEvent: neCLOSING_LEDGER; ledgerSeq: 55; ledgerHash: ""\252\344\245^L==\235\021\032V\220\341+U\353\274\372=u\225\337\321k\342\217\031\035&\261k*""; ledgerHashPrevious: ""\220lA\251D\0246\305z\207\225\254\360\010\233K$\222\242w\316\025\202/\356\266\371/\256\354\300\373""; networkTime: 803842906; firstSeq: 1; lastSeq: 55; ","newEvent: neCLOSING_LEDGER; ledgerSeq: 55; ledgerHash: ""\252\344\245^L==\235\021\032V\220\341+U\353\274\372=u\225\337\321k\342\217\031\035&\261k*""; ledgerHashPrevious: ""\220lA\251D\0246\305z\207\225\254\360\010\233K$\222\242w\316\025\202/\356\266\371/\256\354\300\373""; networkTime: 803842906; firstSeq: 1; lastSeq: 55; "
1750527708482,1750527708482,0,1,3,2,TMValidation,"validation: """"\200\000\000\001&\000\000\0008)/\351\253\:p\210\265\307-\212\200\004Q\315\004\203\271\200\243u\010|\336\346\203L\367\300g\364H\302\267\0331\0265+\223\224\300\342tR\375P\027\000\000\000\000\000\000\000\000\000\000\000\000\000\000\000\000\000\000\000\000\000\000\000\000\000\000\000\000\000\000\000\000P\031\252\344\245^L==\235\021\032V\220\341+U\353\274\372=u\225\337\321k\342\217\031\035&\261k*s!\002\364d\217\366\217|\316F\232\231\241\n\261\333`\312O\367\235\025DD\336e\367\n\312\326\221\037\025\230vG0E\002!\000\210\310\333L\333\373\314\256\371\332\313\327\030M\001\214\2443,*\351\213v\024g\251Y\026\hr\312\002 w\375\227\271\020|4\2240z,}\202\375\211Q\014V\223\246V\376\037\362\250R\332\311%r\250\241""; ","validation: """"\200\000\000\001&\000\000\0008)/\351\253\:p\210\265\307-\212\200\004Q\315\004\203\271\200\243u\010|\336\346\203L\367\300g\364H\302\267\0331\0265+\223\224\300\342tR\375P\027\000\000\000\000\000\000\000\000\000\000\000\000\000\000\000\000\000\000\000\000\000\000\000\000\000\000\000\000\000\000\000\000P\031\252\344\245^L==\235\021\032V\220\341+U\353\274\372=u\225\337\321k\342\217\031\035&\261k*s!\002\364d\217\366\217|\316F\232\231\241\n\261\333`\312O\367\235\025DD\336e\367\n\312\326\221\037\025\230vG0E\002!\000\210\310\333L\333\373\314\256\371\332\313\327\030M\001\214\2443,*\351\213v\024g\251Y\026\hr\312\002 w\375\227\271\020|4\2240z,}\202\375\211Q\014V\223\246V\376\037\362\250R\332\311%r\250\241""; "
1750527708483,1750527708483,0,1,3,2,TMStatusChange,"newEvent: neACCEPTED_LEDGER; ledgerSeq: 56; ledgerHash: ""\315\004\203\271\200\243u\010|\336\346\203L\367\300g\364H\302\267\0331\0265+\223\224\300\342tR\375""; ledgerHashPrevious: ""\252\344\245^L==\235\021\032V\220\341+U\353\274\372=u\225\337\321k\342\217\031\035&\261k*""; networkTime: 803842908; firstSeq: 1; lastSeq: 55; ","newEvent: neACCEPTED_LEDGER; ledgerSeq: 56; ledgerHash: ""\315\004\203\271\200\243u\010|\336\346\203L\367\300g\364H\302\267\0331\0265+\223\224\300\342tR\375""; ledgerHashPrevious: ""\252\344\245^L==\235\021\032V\220\341+U\353\274\372=u\225\337\321k\342\217\031\035&\261k*""; networkTime: 803842908; firstSeq: 1; lastSeq: 55; "
1750527708486,1750527708486,0,1,3,0,TMValidation,"validation: """"\200\000\000\001&\000\000\0008)/\351\253\:p\210\265\307-\212\200\004Q\315\004\203\271\200\243u\010|\336\346\203L\367\300g\364H\302\267\0331\0265+\223\224\300\342tR\375P\027\000\000\000\000\000\000\000\000\000\000\000\000\000\000\000\000\000\000\000\000\000\000\000\000\000\000\000\000\000\000\000\000P\031\252\344\245^L==\235\021\032V\220\341+U\353\274\372=u\225\337\321k\342\217\031\035&\261k*s!\002\364d\217\366\217|\316F\232\231\241\n\261\333`\312O\367\235\025DD\336e\367\n\312\326\221\037\025\230vG0E\002!\000\210\310\333L\333\373\314\256\371\332\313\327\030M\001\214\2443,*\351\213v\024g\251Y\026\hr\312\002 w\375\227\271\020|4\2240z,}\202\375\211Q\014V\223\246V\376\037\362\250R\332\311%r\250\241""; ","validation: """"\200\000\000\001&\000\000\0008)/\351\253\:p\210\265\307-\212\200\004Q\315\004\203\271\200\243u\010|\336\346\203L\367\300g\364H\302\267\0331\0265+\223\224\300\342tR\375P\027\000\000\000\000\000\000\000\000\000\000\000\000\000\000\000\000\000\000\000\000\000\000\000\000\000\000\000\000\000\000\000\000P\031\252\344\245^L==\235\021\032V\220\341+U\353\274\372=u\225\337\321k\342\217\031\035&\261k*s!\002\364d\217\366\217|\316F\232\231\241\n\261\333`\312O\367\235\025DD\336e\367\n\312\326\221\037\025\230vG0E\002!\000\210\310\333L\333\373\314\256\371\332\313\327\030M\001\214\2443,*\351\213v\024g\251Y\026\hr\312\002 w\375\227\271\020|4\2240z,}\202\375\211Q\014V\223\246V\376\037\362\250R\332\311%r\250\241""; "
1750527708485,1750527708485,0,1,3,4,TMStatusChange,"newEvent: neACCEPTED_LEDGER; ledgerSeq: 56; ledgerHash: ""\315\004\203\271\200\243u\010|\336\346\203L\367\300g\364H\302\267\0331\0265+\223\224\300\342tR\375""; ledgerHashPrevious: ""\252\344\245^L==\235\021\032V\220\341+U\353\274\372=u\225\337\321k\342\217\031\035&\261k*""; networkTime: 803842908; firstSeq: 1; lastSeq: 55; ","newEvent: neACCEPTED_LEDGER; ledgerSeq: 56; ledgerHash: ""\315\004\203\271\200\243u\010|\336\346\203L\367\300g\364H\302\267\0331\0265+\223\224\300\342tR\375""; ledgerHashPrevious: ""\252\344\245^L==\235\021\032V\220\341+U\353\274\372=u\225\337\321k\342\217\031\035&\261k*""; networkTime: 803842908; firstSeq: 1; lastSeq: 55; "
1750527708485,1750527708485,0,1,3,4,TMValidation,"validation: """"\200\000\000\001&\000\000\0008)/\351\253\:p\210\265\307-\212\200\004Q\315\004\203\271\200\243u\010|\336\346\203L\367\300g\364H\302\267\0331\0265+\223\224\300\342tR\375P\027\000\000\000\000\000\000\000\000\000\000\000\000\000\000\000\000\000\000\000\000\000\000\000\000\000\000\000\000\000\000\000\000P\031\252\344\245^L==\235\021\032V\220\341+U\353\274\372=u\225\337\321k\342\217\031\035&\261k*s!\002\364d\217\366\217|\316F\232\231\241\n\261\333`\312O\367\235\025DD\336e\367\n\312\326\221\037\025\230vG0E\002!\000\210\310\333L\333\373\314\256\371\332\313\327\030M\001\214\2443,*\351\213v\024g\251Y\026\hr\312\002 w\375\227\271\020|4\2240z,}\202\375\211Q\014V\223\246V\376\037\362\250R\332\311%r\250\241""; ","validation: """"\200\000\000\001&\000\000\0008)/\351\253\:p\210\265\307-\212\200\004Q\315\004\203\271\200\243u\010|\336\346\203L\367\300g\364H\302\267\0331\0265+\223\224\300\342tR\375P\027\000\000\000\000\000\000\000\000\000\000\000\000\000\000\000\000\000\000\000\000\000\000\000\000\000\000\000\000\000\000\000\000P\031\252\344\245^L==\235\021\032V\220\341+U\353\274\372=u\225\337\321k\342\217\031\035&\261k*s!\002\364d\217\366\217|\316F\232\231\241\n\261\333`\312O\367\235\025DD\336e\367\n\312\326\221\037\025\230vG0E\002!\000\210\310\333L\333\373\314\256\371\332\313\327\030M\001\214\2443,*\351\213v\024g\251Y\026\hr\312\002 w\375\227\271\020|4\2240z,}\202\375\211Q\014V\223\246V\376\037\362\250R\332\311%r\250\241""; "
1750527708485,1750527708485,0,1,3,1,TMValidation,"validation: """"\200\000\000\001&\000\000\0008)/\351\253\:p\210\265\307-\212\200\004Q\315\004\203\271\200\243u\010|\336\346\203L\367\300g\364H\302\267\0331\0265+\223\224\300\342tR\375P\027\000\000\000\000\000\000\000\000\000\000\000\000\000\000\000\000\000\000\000\000\000\000\000\000\000\000\000\000\000\000\000\000P\031\252\344\245^L==\235\021\032V\220\341+U\353\274\372=u\225\337\321k\342\217\031\035&\261k*s!\002\364d\217\366\217|\316F\232\231\241\n\261\333`\312O\367\235\025DD\336e\367\n\312\326\221\037\025\230vG0E\002!\000\210\310\333L\333\373\314\256\371\332\313\327\030M\001\214\2443,*\351\213v\024g\251Y\026\hr\312\002 w\375\227\271\020|4\2240z,}\202\375\211Q\014V\223\246V\376\037\362\250R\332\311%r\250\241""; ","validation: """"\200\000\000\001&\000\000\0008)/\351\253\:p\210\265\307-\212\200\004Q\315\004\203\271\200\243u\010|\336\346\203L\367\300g\364H\302\267\0331\0265+\223\224\300\342tR\375P\027\000\000\000\000\000\000\000\000\000\000\000\000\000\000\000\000\000\000\000\000\000\000\000\000\000\000\000\000\000\000\000\000P\031\252\344\245^L==\235\021\032V\220\341+U\353\274\372=u\225\337\321k\342\217\031\035&\261k*s!\002\364d\217\366\217|\316F\232\231\241\n\261\333`\312O\367\235\025DD\336e\367\n\312\326\221\037\025\230vG0E\002!\000\210\310\333L\333\373\314\256\371\332\313\327\030M\001\214\2443,*\351\213v\024g\251Y\026\hr\312\002 w\375\227\271\020|4\2240z,}\202\375\211Q\014V\223\246V\376\037\362\250R\332\311%r\250\241""; "
1750527708486,1750527708487,0,1,3,0,TMStatusChange,"newEvent: neACCEPTED_LEDGER; ledgerSeq: 56; ledgerHash: ""\315\004\203\271\200\243u\010|\336\346\203L\367\300g\364H\302\267\0331\0265+\223\224\300\342tR\375""; ledgerHashPrevious: ""\252\344\245^L==\235\021\032V\220\341+U\353\274\372=u\225\337\321k\342\217\031\035&\261k*""; networkTime: 803842908; firstSeq: 1; lastSeq: 55; ","newEvent: neACCEPTED_LEDGER; ledgerSeq: 56; ledgerHash: ""\315\004\203\271\200\243u\010|\336\346\203L\367\300g\364H\302\267\0331\0265+\223\224\300\342tR\375""; ledgerHashPrevious: ""\252\344\245^L==\235\021\032V\220\341+U\353\274\372=u\225\337\321k\342\217\031\035&\261k*""; networkTime: 803842908; firstSeq: 1; lastSeq: 55; "
1750527708487,1750527708487,0,1,3,1,TMStatusChange,"newEvent: neACCEPTED_LEDGER; ledgerSeq: 56; ledgerHash: ""\315\004\203\271\200\243u\010|\336\346\203L\367\300g\364H\302\267\0331\0265+\223\224\300\342tR\375""; ledgerHashPrevious: ""\252\344\245^L==\235\021\032V\220\341+U\353\274\372=u\225\337\321k\342\217\031\035&\261k*""; networkTime: 803842908; firstSeq: 1; lastSeq: 55; ","newEvent: neACCEPTED_LEDGER; ledgerSeq: 56; ledgerHash: ""\315\004\203\271\200\243u\010|\336\346\203L\367\300g\364H\302\267\0331\0265+\223\224\300\342tR\375""; ledgerHashPrevious: ""\252\344\245^L==\235\021\032V\220\341+U\353\274\372=u\225\337\321k\342\217\031\035&\261k*""; networkTime: 803842908; firstSeq: 1; lastSeq: 55; "
1750527708488,1750527708489,0,1,2,0,TMGetLedger,"itype: liBASE; ledgerHash: ""\315\004\203\271\200\243u\010|\336\346\203L\367\300g\364H\302\267\0331\0265+\223\224\300\342tR\375""; ledgerSeq: 56; ","itype: liBASE; ledgerHash: ""\315\004\203\271\200\243u\010|\336\346\203L\367\300g\364H\302\267\0331\0265+\223\224\300\342tR\375""; ledgerSeq: 56; "
1750527708489,1750527708489,0,1,2,4,TMGetLedger,"itype: liBASE; ledgerHash: ""\315\004\203\271\200\243u\010|\336\346\203L\367\300g\364H\302\267\0331\0265+\223\224\300\342tR\375""; ledgerSeq: 56; ","itype: liBASE; ledgerHash: ""\315\004\203\271\200\243u\010|\336\346\203L\367\300g\364H\302\267\0331\0265+\223\224\300\342tR\375""; ledgerSeq: 56; "
1750527708489,1750527708489,0,1,2,3,TMGetLedger,"itype: liBASE; ledgerHash: ""\315\004\203\271\200\243u\010|\336\346\203L\367\300g\364H\302\267\0331\0265+\223\224\300\342tR\375""; ledgerSeq: 56; ","itype: liBASE; ledgerHash: ""\315\004\203\271\200\243u\010|\336\346\203L\367\300g\364H\302\267\0331\0265+\223\224\300\342tR\375""; ledgerSeq: 56; "
1750527708489,1750527708489,0,1,2,1,TMGetLedger,"itype: liBASE; ledgerHash: ""\315\004\203\271\200\243u\010|\336\346\203L\367\300g\364H\302\267\0331\0265+\223\224\300\342tR\375""; ledgerSeq: 56; ","itype: liBASE; ledgerHash: ""\315\004\203\271\200\243u\010|\336\346\203L\367\300g\364H\302\267\0331\0265+\223\224\300\342tR\375""; ledgerSeq: 56; "
1750527708490,1750527708490,0,1,2,1,TMValidation,"validation: """"\200\000\000\001&\000\000\0008)/\351\253\:p\210\265\307-\212\200\004Q\315\004\203\271\200\243u\010|\336\346\203L\367\300g\364H\302\267\0331\0265+\223\224\300\342tR\375P\027\000\000\000\000\000\000\000\000\000\000\000\000\000\000\000\000\000\000\000\000\000\000\000\000\000\000\000\000\000\000\000\000P\031\252\344\245^L==\235\021\032V\220\341+U\353\274\372=u\225\337\321k\342\217\031\035&\261k*s!\002\364d\217\366\217|\316F\232\231\241\n\261\333`\312O\367\235\025DD\336e\367\n\312\326\221\037\025\230vG0E\002!\000\210\310\333L\333\373\314\256\371\332\313\327\030M\001\214\2443,*\351\213v\024g\251Y\026\hr\312\002 w\375\227\271\020|4\2240z,}\202\375\211Q\014V\223\246V\376\037\362\250R\332\311%r\250\241""; ","validation: """"\200\000\000\001&\000\000\0008)/\351\253\:p\210\265\307-\212\200\004Q\315\004\203\271\200\243u\010|\336\346\203L\367\300g\364H\302\267\0331\0265+\223\224\300\342tR\375P\027\000\000\000\000\000\000\000\000\000\000\000\000\000\000\000\000\000\000\000\000\000\000\000\000\000\000\000\000\000\000\000\000P\031\252\344\245^L==\235\021\032V\220\341+U\353\274\372=u\225\337\321k\342\217\031\035&\261k*s!\002\364d\217\366\217|\316F\232\231\241\n\261\333`\312O\367\235\025DD\336e\367\n\312\326\221\037\025\230vG0E\002!\000\210\310\333L\333\373\314\256\371\332\313\327\030M\001\214\2443,*\351\213v\024g\251Y\026\hr\312\002 w\375\227\271\020|4\2240z,}\202\375\211Q\014V\223\246V\376\037\362\250R\332\311%r\250\241""; "
1750527708491,1750527708491,0,1,2,0,TMValidation,"validation: """"\200\000\000\001&\000\000\0008)/\351\253\:p\210\265\307-\212\200\004Q\315\004\203\271\200\243u\010|\336\346\203L\367\300g\364H\302\267\0331\0265+\223\224\300\342tR\375P\027\000\000\000\000\000\000\000\000\000\000\000\000\000\000\000\000\000\000\000\000\000\000\000\000\000\000\000\000\000\000\000\000P\031\252\344\245^L==\235\021\032V\220\341+U\353\274\372=u\225\337\321k\342\217\031\035&\261k*s!\002\364d\217\366\217|\316F\232\231\241\n\261\333`\312O\367\235\025DD\336e\367\n\312\326\221\037\025\230vG0E\002!\000\210\310\333L\333\373\314\256\371\332\313\327\030M\001\214\2443,*\351\213v\024g\251Y\026\hr\312\002 w\375\227\271\020|4\2240z,}\202\375\211Q\014V\223\246V\376\037\362\250R\332\311%r\250\241""; ","validation: """"\200\000\000\001&\000\000\0008)/\351\253\:p\210\265\307-\212\200\004Q\315\004\203\271\200\243u\010|\336\346\203L\367\300g\364H\302\267\0331\0265+\223\224\300\342tR\375P\027\000\000\000\000\000\000\000\000\000\000\000\000\000\000\000\000\000\000\000\000\000\000\000\000\000\000\000\000\000\000\000\000P\031\252\344\245^L==\235\021\032V\220\341+U\353\274\372=u\225\337\321k\342\217\031\035&\261k*s!\002\364d\217\366\217|\316F\232\231\241\n\261\333`\312O\367\235\025DD\336e\367\n\312\326\221\037\025\230vG0E\002!\000\210\310\333L\333\373\314\256\371\332\313\327\030M\001\214\2443,*\351\213v\024g\251Y\026\hr\312\002 w\375\227\271\020|4\2240z,}\202\375\211Q\014V\223\246V\376\037\362\250R\332\311%r\250\241""; "
1750527708491,1750527708491,0,1,2,0,TMGetLedger,"itype: liBASE; ledgerHash: ""\315\004\203\271\200\243u\010|\336\346\203L\367\300g\364H\302\267\0331\0265+\223\224\300\342tR\375""; ledgerSeq: 56; queryType: qtINDIRECT; ","itype: liBASE; ledgerHash: ""\315\004\203\271\200\243u\010|\336\346\203L\367\300g\364H\302\267\0331\0265+\223\224\300\342tR\375""; ledgerSeq: 56; queryType: qtINDIRECT; "
1750527708493,1750527708493,0,1,2,1,TMGetLedger,"itype: liBASE; ledgerHash: ""\315\004\203\271\200\243u\010|\336\346\203L\367\300g\364H\302\267\0331\0265+\223\224\300\342tR\375""; ledgerSeq: 56; queryType: qtINDIRECT; ","itype: liBASE; ledgerHash: ""\315\004\203\271\200\243u\010|\336\346\203L\367\300g\364H\302\267\0331\0265+\223\224\300\342tR\375""; ledgerSeq: 56; queryType: qtINDIRECT; "
1750527708493,1750527708493,0,1,2,3,TMGetLedger,"itype: liBASE; ledgerHash: ""\315\004\203\271\200\243u\010|\336\346\203L\367\300g\364H\302\267\0331\0265+\223\224\300\342tR\375""; ledgerSeq: 56; queryType: qtINDIRECT; ","itype: liBASE; ledgerHash: ""\315\004\203\271\200\243u\010|\336\346\203L\367\300g\364H\302\267\0331\0265+\223\224\300\342tR\375""; ledgerSeq: 56; queryType: qtINDIRECT; "
1750527708495,1750527708495,0,1,0,2,TMGetLedger,"itype: liBASE; ledgerHash: ""\315\004\203\271\200\243u\010|\336\346\203L\367\300g\364H\302\267\0331\0265+\223\224\300\342tR\375""; ledgerSeq: 56; ","itype: liBASE; ledgerHash: ""\315\004\203\271\200\243u\010|\336\346\203L\367\300g\364H\302\267\0331\0265+\223\224\300\342tR\375""; ledgerSeq: 56; "
1750527708495,1750527708496,0,1,0,1,TMGetLedger,"itype: liBASE; ledgerHash: ""\315\004\203\271\200\243u\010|\336\346\203L\367\300g\364H\302\267\0331\0265+\223\224\300\342tR\375""; ledgerSeq: 56; ","itype: liBASE; ledgerHash: ""\315\004\203\271\200\243u\010|\336\346\203L\367\300g\364H\302\267\0331\0265+\223\224\300\342tR\375""; ledgerSeq: 56; "
1750527708497,1750527708497,0,1,0,3,TMGetLedger,"itype: liBASE; ledgerHash: ""\315\004\203\271\200\243u\010|\336\346\203L\367\300g\364H\302\267\0331\0265+\223\224\300\342tR\375""; ledgerSeq: 56; ","itype: liBASE; ledgerHash: ""\315\004\203\271\200\243u\010|\336\346\203L\367\300g\364H\302\267\0331\0265+\223\224\300\342tR\375""; ledgerSeq: 56; "
1750527708504,1750527708505,0,1,0,4,TMGetLedger,"itype: liBASE; ledgerHash: ""\315\004\203\271\200\243u\010|\336\346\203L\367\300g\364H\302\267\0331\0265+\223\224\300\342tR\375""; ledgerSeq: 56; ","itype: liBASE; ledgerHash: ""\315\004\203\271\200\243u\010|\336\346\203L\367\300g\364H\302\267\0331\0265+\223\224\300\342tR\375""; ledgerSeq: 56; "
1750527708505,1750527708505,0,1,0,4,TMValidation,"validation: """"\200\000\000\001&\000\000\0008)/\351\253\:p\210\265\307-\212\200\004Q\315\004\203\271\200\243u\010|\336\346\203L\367\300g\364H\302\267\0331\0265+\223\224\300\342tR\375P\027\000\000\000\000\000\000\000\000\000\000\000\000\000\000\000\000\000\000\000\000\000\000\000\000\000\000\000\000\000\000\000\000P\031\252\344\245^L==\235\021\032V\220\341+U\353\274\372=u\225\337\321k\342\217\031\035&\261k*s!\002\364d\217\366\217|\316F\232\231\241\n\261\333`\312O\367\235\025DD\336e\367\n\312\326\221\037\025\230vG0E\002!\000\210\310\333L\333\373\314\256\371\332\313\327\030M\001\214\2443,*\351\213v\024g\251Y\026\hr\312\002 w\375\227\271\020|4\2240z,}\202\375\211Q\014V\223\246V\376\037\362\250R\332\311%r\250\241""; ","validation: """"\200\000\000\001&\000\000\0008)/\351\253\:p\210\265\307-\212\200\004Q\315\004\203\271\200\243u\010|\336\346\203L\367\300g\364H\302\267\0331\0265+\223\224\300\342tR\375P\027\000\000\000\000\000\000\000\000\000\000\000\000\000\000\000\000\000\000\000\000\000\000\000\000\000\000\000\000\000\000\000\000P\031\252\344\245^L==\235\021\032V\220\341+U\353\274\372=u\225\337\321k\342\217\031\035&\261k*s!\002\364d\217\366\217|\316F\232\231\241\n\261\333`\312O\367\235\025DD\336e\367\n\312\326\221\037\025\230vG0E\002!\000\210\310\333L\333\373\314\256\371\332\313\327\030M\001\214\2443,*\351\213v\024g\251Y\026\hr\312\002 w\375\227\271\020|4\2240z,}\202\375\211Q\014V\223\246V\376\037\362\250R\332\311%r\250\241""; "
1750527708506,1750527708506,0,1,0,4,TMGetLedger,"itype: liBASE; ledgerHash: ""\315\004\203\271\200\243u\010|\336\346\203L\367\300g\364H\302\267\0331\0265+\223\224\300\342tR\375""; ledgerSeq: 56; queryType: qtINDIRECT; ","itype: liBASE; ledgerHash: ""\315\004\203\271\200\243u\010|\336\346\203L\367\300g\364H\302\267\0331\0265+\223\224\300\342tR\375""; ledgerSeq: 56; queryType: qtINDIRECT; "
1750527708510,1750527708510,0,1,4,2,TMValidation,"validation: """"\200\000\000\001&\000\000\0008)/\351\253\:p\210\265\307-\212\200\004Q\315\004\203\271\200\243u\010|\336\346\203L\367\300g\364H\302\267\0331\0265+\223\224\300\342tR\375P\027\000\000\000\000\000\000\000\000\000\000\000\000\000\000\000\000\000\000\000\000\000\000\000\000\000\000\000\000\000\000\000\000P\031\252\344\245^L==\235\021\032V\220\341+U\353\274\372=u\225\337\321k\342\217\031\035&\261k*s!\002\364d\217\366\217|\316F\232\231\241\n\261\333`\312O\367\235\025DD\336e\367\n\312\326\221\037\025\230vG0E\002!\000\210\310\333L\333\373\314\256\371\332\313\327\030M\001\214\2443,*\351\213v\024g\251Y\026\hr\312\002 w\375\227\271\020|4\2240z,}\202\375\211Q\014V\223\246V\376\037\362\250R\332\311%r\250\241""; ","validation: """"\200\000\000\001&\000\000\0008)/\351\253\:p\210\265\307-\212\200\004Q\315\004\203\271\200\243u\010|\336\346\203L\367\300g\364H\302\267\0331\0265+\223\224\300\342tR\375P\027\000\000\000\000\000\000\000\000\000\000\000\000\000\000\000\000\000\000\000\000\000\000\000\000\000\000\000\000\000\000\000\000P\031\252\344\245^L==\235\021\032V\220\341+U\353\274\372=u\225\337\321k\342\217\031\035&\261k*s!\002\364d\217\366\217|\316F\232\231\241\n\261\333`\312O\367\235\025DD\336e\367\n\312\326\221\037\025\230vG0E\002!\000\210\310\333L\333\373\314\256\371\332\313\327\030M\001\214\2443,*\351\213v\024g\251Y\026\hr\312\002 w\375\227\271\020|4\2240z,}\202\375\211Q\014V\223\246V\376\037\362\250R\332\311%r\250\241""; "
1750527708510,1750527708510,0,1,4,1,TMValidation,"validation: """"\200\000\000\001&\000\000\0008)/\351\253\:p\210\265\307-\212\200\004Q\315\004\203\271\200\243u\010|\336\346\203L\367\300g\364H\302\267\0331\0265+\223\224\300\342tR\375P\027\000\000\000\000\000\000\000\000\000\000\000\000\000\000\000\000\000\000\000\000\000\000\000\000\000\000\000\000\000\000\000\000P\031\252\344\245^L==\235\021\032V\220\341+U\353\274\372=u\225\337\321k\342\217\031\035&\261k*s!\002\364d\217\366\217|\316F\232\231\241\n\261\333`\312O\367\235\025DD\336e\367\n\312\326\221\037\025\230vG0E\002!\000\210\310\333L\333\373\314\256\371\332\313\327\030M\001\214\2443,*\351\213v\024g\251Y\026\hr\312\002 w\375\227\271\020|4\2240z,}\202\375\211Q\014V\223\246V\376\037\362\250R\332\311%r\250\241""; ","validation: """"\200\000\000\001&\000\000\0008)/\351\253\:p\210\265\307-\212\200\004Q\315\004\203\271\200\243u\010|\336\346\203L\367\300g\364H\302\267\0331\0265+\223\224\300\342tR\375P\027\000\000\000\000\000\000\000\000\000\000\000\000\000\000\000\000\000\000\000\000\000\000\000\000\000\000\000\000\000\000\000\000P\031\252\344\245^L==\235\021\032V\220\341+U\353\274\372=u\225\337\321k\342\217\031\035&\261k*s!\002\364d\217\366\217|\316F\232\231\241\n\261\333`\312O\367\235\025DD\336e\367\n\312\326\221\037\025\230vG0E\002!\000\210\310\333L\333\373\314\256\371\332\313\327\030M\001\214\2443,*\351\213v\024g\251Y\026\hr\312\002 w\375\227\271\020|4\2240z,}\202\375\211Q\014V\223\246V\376\037\362\250R\332\311%r\250\241""; "
1750527708511,1750527708511,0,1,4,0,TMValidation,"validation: """"\200\000\000\001&\000\000\0008)/\351\253\:p\210\265\307-\212\200\004Q\315\004\203\271\200\243u\010|\336\346\203L\367\300g\364H\302\267\0331\0265+\223\224\300\342tR\375P\027\000\000\000\000\000\000\000\000\000\000\000\000\000\000\000\000\000\000\000\000\000\000\000\000\000\000\000\000\000\000\000\000P\031\252\344\245^L==\235\021\032V\220\341+U\353\274\372=u\225\337\321k\342\217\031\035&\261k*s!\002\364d\217\366\217|\316F\232\231\241\n\261\333`\312O\367\235\025DD\336e\367\n\312\326\221\037\025\230vG0E\002!\000\210\310\333L\333\373\314\256\371\332\313\327\030M\001\214\2443,*\351\213v\024g\251Y\026\hr\312\002 w\375\227\271\020|4\2240z,}\202\375\211Q\014V\223\246V\376\037\362\250R\332\311%r\250\241""; ","validation: """"\200\000\000\001&\000\000\0008)/\351\253\:p\210\265\307-\212\200\004Q\315\004\203\271\200\243u\010|\336\346\203L\367\300g\364H\302\267\0331\0265+\223\224\300\342tR\375P\027\000\000\000\000\000\000\000\000\000\000\000\000\000\000\000\000\000\000\000\000\000\000\000\000\000\000\000\000\000\000\000\000P\031\252\344\245^L==\235\021\032V\220\341+U\353\274\372=u\225\337\321k\342\217\031\035&\261k*s!\002\364d\217\366\217|\316F\232\231\241\n\261\333`\312O\367\235\025DD\336e\367\n\312\326\221\037\025\230vG0E\002!\000\210\310\333L\333\373\314\256\371\332\313\327\030M\001\214\2443,*\351\213v\024g\251Y\026\hr\312\002 w\375\227\271\020|4\2240z,}\202\375\211Q\014V\223\246V\376\037\362\250R\332\311%r\250\241""; "
1750527708511,1750527708511,0,1,4,3,TMGetLedger,"itype: liBASE; ledgerHash: ""\315\004\203\271\200\243u\010|\336\346\203L\367\300g\364H\302\267\0331\0265+\223\224\300\342tR\375""; ","itype: liBASE; ledgerHash: ""\315\004\203\271\200\243u\010|\336\346\203L\367\300g\364H\302\267\0331\0265+\223\224\300\342tR\375""; "
1750527708512,1750527708512,0,1,4,2,TMGetLedger,"itype: liBASE; ledgerHash: ""\315\004\203\271\200\243u\010|\336\346\203L\367\300g\364H\302\267\0331\0265+\223\224\300\342tR\375""; ","itype: liBASE; ledgerHash: ""\315\004\203\271\200\243u\010|\336\346\203L\367\300g\364H\302\267\0331\0265+\223\224\300\342tR\375""; "
1750527708513,1750527708513,0,1,4,1,TMGetLedger,"itype: liBASE; ledgerHash: ""\315\004\203\271\200\243u\010|\336\346\203L\367\300g\364H\302\267\0331\0265+\223\224\300\342tR\375""; ","itype: liBASE; ledgerHash: ""\315\004\203\271\200\243u\010|\336\346\203L\367\300g\364H\302\267\0331\0265+\223\224\300\342tR\375""; "
1750527708513,1750527708513,0,1,4,0,TMGetLedger,"itype: liBASE; ledgerHash: ""\315\004\203\271\200\243u\010|\336\346\203L\367\300g\364H\302\267\0331\0265+\223\224\300\342tR\375""; ","itype: liBASE; ledgerHash: ""\315\004\203\271\200\243u\010|\336\346\203L\367\300g\364H\302\267\0331\0265+\223\224\300\342tR\375""; "
1750527708514,1750527708514,0,1,4,0,TMGetLedger,"itype: liBASE; ledgerHash: ""\315\004\203\271\200\243u\010|\336\346\203L\367\300g\364H\302\267\0331\0265+\223\224\300\342tR\375""; queryType: qtINDIRECT; ","itype: liBASE; ledgerHash: ""\315\004\203\271\200\243u\010|\336\346\203L\367\300g\364H\302\267\0331\0265+\223\224\300\342tR\375""; queryType: qtINDIRECT; "
1750527708514,1750527708514,0,1,4,2,TMGetLedger,"itype: liBASE; ledgerHash: ""\315\004\203\271\200\243u\010|\336\346\203L\367\300g\364H\302\267\0331\0265+\223\224\300\342tR\375""; queryType: qtINDIRECT; ","itype: liBASE; ledgerHash: ""\315\004\203\271\200\243u\010|\336\346\203L\367\300g\364H\302\267\0331\0265+\223\224\300\342tR\375""; queryType: qtINDIRECT; "
1750527708515,1750527708515,0,1,4,1,TMGetLedger,"itype: liBASE; ledgerHash: ""\315\004\203\271\200\243u\010|\336\346\203L\367\300g\364H\302\267\0331\0265+\223\224\300\342tR\375""; queryType: qtINDIRECT; ","itype: liBASE; ledgerHash: ""\315\004\203\271\200\243u\010|\336\346\203L\367\300g\364H\302\267\0331\0265+\223\224\300\342tR\375""; queryType: qtINDIRECT; "
1750527708516,1750527708516,0,1,4,3,TMGetLedger,"itype: liBASE; ledgerHash: ""\315\004\203\271\200\243u\010|\336\346\203L\367\300g\364H\302\267\0331\0265+\223\224\300\342tR\375""; queryType: qtINDIRECT; ","itype: liBASE; ledgerHash: ""\315\004\203\271\200\243u\010|\336\346\203L\367\300g\364H\302\267\0331\0265+\223\224\300\342tR\375""; queryType: qtINDIRECT; "
1750527708516,1750527708517,0,1,0,3,TMGetLedger,"itype: liBASE; ledgerHash: ""\315\004\203\271\200\243u\010|\336\346\203L\367\300g\364H\302\267\0331\0265+\223\224\300\342tR\375""; ledgerSeq: 56; queryType: qtINDIRECT; ","itype: liBASE; ledgerHash: ""\315\004\203\271\200\243u\010|\336\346\203L\367\300g\364H\302\267\0331\0265+\223\224\300\342tR\375""; ledgerSeq: 56; queryType: qtINDIRECT; "
1750527708517,1750527708517,0,1,1,2,TMGetLedger,"itype: liBASE; ledgerHash: ""\315\004\203\271\200\243u\010|\336\346\203L\367\300g\364H\302\267\0331\0265+\223\224\300\342tR\375""; ledgerSeq: 56; ","itype: liBASE; ledgerHash: ""\315\004\203\271\200\243u\010|\336\346\203L\367\300g\364H\302\267\0331\0265+\223\224\300\342tR\375""; ledgerSeq: 56; "
1750527708518,1750527708518,0,1,1,3,TMGetLedger,"itype: liBASE; ledgerHash: ""\315\004\203\271\200\243u\010|\336\346\203L\367\300g\364H\302\267\0331\0265+\223\224\300\342tR\375""; ledgerSeq: 56; ","itype: liBASE; ledgerHash: ""\315\004\203\271\200\243u\010|\336\346\203L\367\300g\364H\302\267\0331\0265+\223\224\300\342tR\375""; ledgerSeq: 56; "
1750527708519,1750527708519,0,1,1,4,TMGetLedger,"itype: liBASE; ledgerHash: ""\315\004\203\271\200\243u\010|\336\346\203L\367\300g\364H\302\267\0331\0265+\223\224\300\342tR\375""; ledgerSeq: 56; ","itype: liBASE; ledgerHash: ""\315\004\203\271\200\243u\010|\336\346\203L\367\300g\364H\302\267\0331\0265+\223\224\300\342tR\375""; ledgerSeq: 56; "
1750527708519,1750527708519,0,1,1,0,TMGetLedger,"itype: liBASE; ledgerHash: ""\315\004\203\271\200\243u\010|\336\346\203L\367\300g\364H\302\267\0331\0265+\223\224\300\342tR\375""; ledgerSeq: 56; ","itype: liBASE; ledgerHash: ""\315\004\203\271\200\243u\010|\336\346\203L\367\300g\364H\302\267\0331\0265+\223\224\300\342tR\375""; ledgerSeq: 56; "
1750527708520,1750527708520,0,1,1,3,TMGetLedger,"itype: liBASE; ledgerHash: ""\315\004\203\271\200\243u\010|\336\346\203L\367\300g\364H\302\267\0331\0265+\223\224\300\342tR\375""; ledgerSeq: 56; queryType: qtINDIRECT; ","itype: liBASE; ledgerHash: ""\315\004\203\271\200\243u\010|\336\346\203L\367\300g\364H\302\267\0331\0265+\223\224\300\342tR\375""; ledgerSeq: 56; queryType: qtINDIRECT; "
1750527708520,1750527708520,0,1,0,2,TMValidation,"validation: """"\200\000\000\001&\000\000\0008)/\351\253\:p\210\265\307-\212\200\004Q\315\004\203\271\200\243u\010|\336\346\203L\367\300g\364H\302\267\0331\0265+\223\224\300\342tR\375P\027\000\000\000\000\000\000\000\000\000\000\000\000\000\000\000\000\000\000\000\000\000\000\000\000\000\000\000\000\000\000\000\000P\031\252\344\245^L==\235\021\032V\220\341+U\353\274\372=u\225\337\321k\342\217\031\035&\261k*s!\002\364d\217\366\217|\316F\232\231\241\n\261\333`\312O\367\235\025DD\336e\367\n\312\326\221\037\025\230vG0E\002!\000\210\310\333L\333\373\314\256\371\332\313\327\030M\001\214\2443,*\351\213v\024g\251Y\026\hr\312\002 w\375\227\271\020|4\2240z,}\202\375\211Q\014V\223\246V\376\037\362\250R\332\311%r\250\241""; ","validation: """"\200\000\000\001&\000\000\0008)/\351\253\:p\210\265\307-\212\200\004Q\315\004\203\271\200\243u\010|\336\346\203L\367\300g\364H\302\267\0331\0265+\223\224\300\342tR\375P\027\000\000\000\000\000\000\000\000\000\000\000\000\000\000\000\000\000\000\000\000\000\000\000\000\000\000\000\000\000\000\000\000P\031\252\344\245^L==\235\021\032V\220\341+U\353\274\372=u\225\337\321k\342\217\031\035&\261k*s!\002\364d\217\366\217|\316F\232\231\241\n\261\333`\312O\367\235\025DD\336e\367\n\312\326\221\037\025\230vG0E\002!\000\210\310\333L\333\373\314\256\371\332\313\327\030M\001\214\2443,*\351\213v\024g\251Y\026\hr\312\002 w\375\227\271\020|4\2240z,}\202\375\211Q\014V\223\246V\376\037\362\250R\332\311%r\250\241""; "
1750527708521,1750527708521,0,1,0,2,TMGetLedger,"itype: liBASE; ledgerHash: ""\315\004\203\271\200\243u\010|\336\346\203L\367\300g\364H\302\267\0331\0265+\223\224\300\342tR\375""; ledgerSeq: 56; queryType: qtINDIRECT; ","itype: liBASE; ledgerHash: ""\315\004\203\271\200\243u\010|\336\346\203L\367\300g\364H\302\267\0331\0265+\223\224\300\342tR\375""; ledgerSeq: 56; queryType: qtINDIRECT; "
1750527708521,1750527708522,0,1,3,2,TMLedgerData,"ledgerHash: ""\315\004\203\271\200\243u\010|\336\346\203L\367\300g\364H\302\267\0331\0265+\223\224\300\342tR\375""; ledgerSeq: 56; type: liBASE; nodes {;   nodedata: ""\000\000\0008\001cEx]\211\377\330\252\344\245^L==\235\021\032V\220\341+U\353\274\372=u\225\337\321k\342\217\031\035&\261k*\000\000\000\000\000\000\000\000\000\000\000\000\000\000\000\000\000\000\000\000\000\000\000\000\000\000\000\000\000\000\000\000(;c\260\360y\203`\3648\264Y\034\255\317&\276\225\231\205\335\300\362H\235\240O \2657\321~/\351\253V/\351\253^\n\000""; }; nodes {;   nodedata: ""\323C\344\327\264{\312-\017:\006{\177\344N\002\326bO\260\220\006\033\362\345\005U\221DzJ0\001\301\025%1L\307\t\261\262z\374\222T\301\274V\236\223\262\270Ct\362\337b\356\024*\324\320\351\317\002k\336\234\027v\351\217\260\303\360\233ZPZWr\246$w\313\313\r\243r\232\2234\373\3539:N\004Q\245\272D\312D\300\300\t\323\0257\345e\271\na\215{\226\255x%T\257\037\333\004\344_/R\006E\344\037@\210\363\010\336T\226\247'\204_{\261\370""1\235\2445\343\033Y!\212\201\341\272\225'\00751&g\216\347L\223\352\342\273\335e1\244a\tB\340\341\274\331\002\326\243\306`\310\207\367\376X\013\003""; }; ","ledgerHash: ""\315\004\203\271\200\243u\010|\336\346\203L\367\300g\364H\302\267\0331\0265+\223\224\300\342tR\375""; ledgerSeq: 56; type: liBASE; nodes {;   nodedata: ""\000\000\0008\001cEx]\211\377\330\252\344\245^L==\235\021\032V\220\341+U\353\274\372=u\225\337\321k\342\217\031\035&\261k*\000\000\000\000\000\000\000\000\000\000\000\000\000\000\000\000\000\000\000\000\000\000\000\000\000\000\000\000\000\000\000\000(;c\260\360y\203`\3648\264Y\034\255\317&\276\225\231\205\335\300\362H\235\240O \2657\321~/\351\253V/\351\253^\n\000""; }; nodes {;   nodedata: ""\323C\344\327\264{\312-\017:\006{\177\344N\002\326bO\260\220\006\033\362\345\005U\221DzJ0\001\301\025%1L\307\t\261\262z\374\222T\301\274V\236\223\262\270Ct\362\337b\356\024*\324\320\351\317\002k\336\234\027v\351\217\260\303\360\233ZPZWr\246$w\313\313\r\243r\232\2234\373\3539:N\004Q\245\272D\312D\300\300\t\323\0257\345e\271\na\215{\226\255x%T\257\037\333\004\344_/R\006E\344\037@\210\363\010\336T\226\247'\204_{\261\370""1\235\2445\343\033Y!\212\201\341\272\225'\00751&g\216\347L\223\352\342\273\335e1\244a\tB\340\341\274\331\002\326\243\306`\310\207\367\376X\013\003""; }; "
1750527708522,1750527708522,0,1,1,2,TMValidation,"validation: """"\200\000\000\001&\000\000\0008)/\351\253\:p\210\265\307-\212\200\004Q\315\004\203\271\200\243u\010|\336\346\203L\367\300g\364H\302\267\0331\0265+\223\224\300\342tR\375P\027\000\000\000\000\000\000\000\000\000\000\000\000\000\000\000\000\000\000\000\000\000\000\000\000\000\000\000\000\000\000\000\000P\031\252\344\245^L==\235\021\032V\220\341+U\353\274\372=u\225\337\321k\342\217\031\035&\261k*s!\002\364d\217\366\217|\316F\232\231\241\n\261\333`\312O\367\235\025DD\336e\367\n\312\326\221\037\025\230vG0E\002!\000\210\310\333L\333\373\314\256\371\332\313\327\030M\001\214\2443,*\351\213v\024g\251Y\026\hr\312\002 w\375\227\271\020|4\2240z,}\202\375\211Q\014V\223\246V\376\037\362\250R\332\311%r\250\241""; ","validation: """"\200\000\000\001&\000\000\0008)/\351\253\:p\210\265\307-\212\200\004Q\315\004\203\271\200\243u\010|\336\346\203L\367\300g\364H\302\267\0331\0265+\223\224\300\342tR\375P\027\000\000\000\000\000\000\000\000\000\000\000\000\000\000\000\000\000\000\000\000\000\000\000\000\000\000\000\000\000\000\000\000P\031\252\344\245^L==\235\021\032V\220\341+U\353\274\372=u\225\337\321k\342\217\031\035&\261k*s!\002\364d\217\366\217|\316F\232\231\241\n\261\333`\312O\367\235\025DD\336e\367\n\312\326\221\037\025\230vG0E\002!\000\210\310\333L\333\373\314\256\371\332\313\327\030M\001\214\2443,*\351\213v\024g\251Y\026\hr\312\002 w\375\227\271\020|4\2240z,}\202\375\211Q\014V\223\246V\376\037\362\250R\332\311%r\250\241""; "
1750527708523,1750527708523,0,1,1,2,TMGetLedger,"itype: liBASE; ledgerHash: ""\315\004\203\271\200\243u\010|\336\346\203L\367\300g\364H\302\267\0331\0265+\223\224\300\342tR\375""; ledgerSeq: 56; queryType: qtINDIRECT; ","itype: liBASE; ledgerHash: ""\315\004\203\271\200\243u\010|\336\346\203L\367\300g\364H\302\267\0331\0265+\223\224\300\342tR\375""; ledgerSeq: 56; queryType: qtINDIRECT; "
1750527708523,1750527708524,0,1,3,2,TMLedgerData,"ledgerHash: ""\315\004\203\271\200\243u\010|\336\346\203L\367\300g\364H\302\267\0331\0265+\223\224\300\342tR\375""; ledgerSeq: 56; type: liBASE; nodes {;   nodedata: ""\000\000\0008\001cEx]\211\377\330\252\344\245^L==\235\021\032V\220\341+U\353\274\372=u\225\337\321k\342\217\031\035&\261k*\000\000\000\000\000\000\000\000\000\000\000\000\000\000\000\000\000\000\000\000\000\000\000\000\000\000\000\000\000\000\000\000(;c\260\360y\203`\3648\264Y\034\255\317&\276\225\231\205\335\300\362H\235\240O \2657\321~/\351\253V/\351\253^\n\000""; }; nodes {;   nodedata: ""\323C\344\327\264{\312-\017:\006{\177\344N\002\326bO\260\220\006\033\362\345\005U\221DzJ0\001\301\025%1L\307\t\261\262z\374\222T\301\274V\236\223\262\270Ct\362\337b\356\024*\324\320\351\317\002k\336\234\027v\351\217\260\303\360\233ZPZWr\246$w\313\313\r\243r\232\2234\373\3539:N\004Q\245\272D\312D\300\300\t\323\0257\345e\271\na\215{\226\255x%T\257\037\333\004\344_/R\006E\344\037@\210\363\010\336T\226\247'\204_{\261\370""1\235\2445\343\033Y!\212\201\341\272\225'\00751&g\216\347L\223\352\342\273\335e1\244a\tB\340\341\274\331\002\326\243\306`\310\207\367\376X\013\003""; }; ","ledgerHash: ""\315\004\203\271\200\243u\010|\336\346\203L\367\300g\364H\302\267\0331\0265+\223\224\300\342tR\375""; ledgerSeq: 56; type: liBASE; nodes {;   nodedata: ""\000\000\0008\001cEx]\211\377\330\252\344\245^L==\235\021\032V\220\341+U\353\274\372=u\225\337\321k\342\217\031\035&\261k*\000\000\000\000\000\000\000\000\000\000\000\000\000\000\000\000\000\000\000\000\000\000\000\000\000\000\000\000\000\000\000\000(;c\260\360y\203`\3648\264Y\034\255\317&\276\225\231\205\335\300\362H\235\240O \2657\321~/\351\253V/\351\253^\n\000""; }; nodes {;   nodedata: ""\323C\344\327\264{\312-\017:\006{\177\344N\002\326bO\260\220\006\033\362\345\005U\221DzJ0\001\301\025%1L\307\t\261\262z\374\222T\301\274V\236\223\262\270Ct\362\337b\356\024*\324\320\351\317\002k\336\234\027v\351\217\260\303\360\233ZPZWr\246$w\313\313\r\243r\232\2234\373\3539:N\004Q\245\272D\312D\300\300\t\323\0257\345e\271\na\215{\226\255x%T\257\037\333\004\344_/R\006E\344\037@\210\363\010\336T\226\247'\204_{\261\370""1\235\2445\343\033Y!\212\201\341\272\225'\00751&g\216\347L\223\352\342\273\335e1\244a\tB\340\341\274\331\002\326\243\306`\310\207\367\376X\013\003""; }; "
1750527708524,1750527708524,0,1,1,0,TMValidation,"validation: """"\200\000\000\001&\000\000\0008)/\351\253\:p\210\265\307-\212\200\004Q\315\004\203\271\200\243u\010|\336\346\203L\367\300g\364H\302\267\0331\0265+\223\224\300\342tR\375P\027\000\000\000\000\000\000\000\000\000\000\000\000\000\000\000\000\000\000\000\000\000\000\000\000\000\000\000\000\000\000\000\000P\031\252\344\245^L==\235\021\032V\220\341+U\353\274\372=u\225\337\321k\342\217\031\035&\261k*s!\002\364d\217\366\217|\316F\232\231\241\n\261\333`\312O\367\235\025DD\336e\367\n\312\326\221\037\025\230vG0E\002!\000\210\310\333L\333\373\314\256\371\332\313\327\030M\001\214\2443,*\351\213v\024g\251Y\026\hr\312\002 w\375\227\271\020|4\2240z,}\202\375\211Q\014V\223\246V\376\037\362\250R\332\311%r\250\241""; ","validation: """"\200\000\000\001&\000\000\0008)/\351\253\:p\210\265\307-\212\200\004Q\315\004\203\271\200\243u\010|\336\346\203L\367\300g\364H\302\267\0331\0265+\223\224\300\342tR\375P\027\000\000\000\000\000\000\000\000\000\000\000\000\000\000\000\000\000\000\000\000\000\000\000\000\000\000\000\000\000\000\000\000P\031\252\344\245^L==\235\021\032V\220\341+U\353\274\372=u\225\337\321k\342\217\031\035&\261k*s!\002\364d\217\366\217|\316F\232\231\241\n\261\333`\312O\367\235\025DD\336e\367\n\312\326\221\037\025\230vG0E\002!\000\210\310\333L\333\373\314\256\371\332\313\327\030M\001\214\2443,*\351\213v\024g\251Y\026\hr\312\002 w\375\227\271\020|4\2240z,}\202\375\211Q\014V\223\246V\376\037\362\250R\332\311%r\250\241""; "
1750527708525,1750527708525,0,1,1,0,TMGetLedger,"itype: liBASE; ledgerHash: ""\315\004\203\271\200\243u\010|\336\346\203L\367\300g\364H\302\267\0331\0265+\223\224\300\342tR\375""; ledgerSeq: 56; queryType: qtINDIRECT; ","itype: liBASE; ledgerHash: ""\315\004\203\271\200\243u\010|\336\346\203L\367\300g\364H\302\267\0331\0265+\223\224\300\342tR\375""; ledgerSeq: 56; queryType: qtINDIRECT; "
1750527708525,1750527708526,0,1,3,0,TMLedgerData,"ledgerHash: ""\315\004\203\271\200\243u\010|\336\346\203L\367\300g\364H\302\267\0331\0265+\223\224\300\342tR\375""; ledgerSeq: 56; type: liBASE; nodes {;   nodedata: ""\000\000\0008\001cEx]\211\377\330\252\344\245^L==\235\021\032V\220\341+U\353\274\372=u\225\337\321k\342\217\031\035&\261k*\000\000\000\000\000\000\000\000\000\000\000\000\000\000\000\000\000\000\000\000\000\000\000\000\000\000\000\000\000\000\000\000(;c\260\360y\203`\3648\264Y\034\255\317&\276\225\231\205\335\300\362H\235\240O \2657\321~/\351\253V/\351\253^\n\000""; }; nodes {;   nodedata: ""\323C\344\327\264{\312-\017:\006{\177\344N\002\326bO\260\220\006\033\362\345\005U\221DzJ0\001\301\025%1L\307\t\261\262z\374\222T\301\274V\236\223\262\270Ct\362\337b\356\024*\324\320\351\317\002k\336\234\027v\351\217\260\303\360\233ZPZWr\246$w\313\313\r\243r\232\2234\373\3539:N\004Q\245\272D\312D\300\300\t\323\0257\345e\271\na\215{\226\255x%T\257\037\333\004\344_/R\006E\344\037@\210\363\010\336T\226\247'\204_{\261\370""1\235\2445\343\033Y!\212\201\341\272\225'\00751&g\216\347L\223\352\342\273\335e1\244a\tB\340\341\274\331\002\326\243\306`\310\207\367\376X\013\003""; }; ","ledgerHash: ""\315\004\203\271\200\243u\010|\336\346\203L\367\300g\364H\302\267\0331\0265+\223\224\300\342tR\375""; ledgerSeq: 56; type: liBASE; nodes {;   nodedata: ""\000\000\0008\001cEx]\211\377\330\252\344\245^L==\235\021\032V\220\341+U\353\274\372=u\225\337\321k\342\217\031\035&\261k*\000\000\000\000\000\000\000\000\000\000\000\000\000\000\000\000\000\000\000\000\000\000\000\000\000\000\000\000\000\000\000\000(;c\260\360y\203`\3648\264Y\034\255\317&\276\225\231\205\335\300\362H\235\240O \2657\321~/\351\253V/\351\253^\n\000""; }; nodes {;   nodedata: ""\323C\344\327\264{\312-\017:\006{\177\344N\002\326bO\260\220\006\033\362\345\005U\221DzJ0\001\301\025%1L\307\t\261\262z\374\222T\301\274V\236\223\262\270Ct\362\337b\356\024*\324\320\351\317\002k\336\234\027v\351\217\260\303\360\233ZPZWr\246$w\313\313\r\243r\232\2234\373\3539:N\004Q\245\272D\312D\300\300\t\323\0257\345e\271\na\215{\226\255x%T\257\037\333\004\344_/R\006E\344\037@\210\363\010\336T\226\247'\204_{\261\370""1\235\2445\343\033Y!\212\201\341\272\225'\00751&g\216\347L\223\352\342\273\335e1\244a\tB\340\341\274\331\002\326\243\306`\310\207\367\376X\013\003""; }; "
1750527708527,1750527708527,0,1,2,4,TMGetLedger,"itype: liBASE; ledgerHash: ""\315\004\203\271\200\243u\010|\336\346\203L\367\300g\364H\302\267\0331\0265+\223\224\300\342tR\375""; ledgerSeq: 56; queryType: qtINDIRECT; ","itype: liBASE; ledgerHash: ""\315\004\203\271\200\243u\010|\336\346\203L\367\300g\364H\302\267\0331\0265+\223\224\300\342tR\375""; ledgerSeq: 56; queryType: qtINDIRECT; "
1750527708527,1750527708527,0,1,2,4,TMValidation,"validation: """"\200\000\000\001&\000\000\0008)/\351\253\:p\210\265\307-\212\200\004Q\315\004\203\271\200\243u\010|\336\346\203L\367\300g\364H\302\267\0331\0265+\223\224\300\342tR\375P\027\000\000\000\000\000\000\000\000\000\000\000\000\000\000\000\000\000\000\000\000\000\000\000\000\000\000\000\000\000\000\000\000P\031\252\344\245^L==\235\021\032V\220\341+U\353\274\372=u\225\337\321k\342\217\031\035&\261k*s!\002\364d\217\366\217|\316F\232\231\241\n\261\333`\312O\367\235\025DD\336e\367\n\312\326\221\037\025\230vG0E\002!\000\210\310\333L\333\373\314\256\371\332\313\327\030M\001\214\2443,*\351\213v\024g\251Y\026\hr\312\002 w\375\227\271\020|4\2240z,}\202\375\211Q\014V\223\246V\376\037\362\250R\332\311%r\250\241""; ","validation: """"\200\000\000\001&\000\000\0008)/\351\253\:p\210\265\307-\212\200\004Q\315\004\203\271\200\243u\010|\336\346\203L\367\300g\364H\302\267\0331\0265+\223\224\300\342tR\375P\027\000\000\000\000\000\000\000\000\000\000\000\000\000\000\000\000\000\000\000\000\000\000\000\000\000\000\000\000\000\000\000\000P\031\252\344\245^L==\235\021\032V\220\341+U\353\274\372=u\225\337\321k\342\217\031\035&\261k*s!\002\364d\217\366\217|\316F\232\231\241\n\261\333`\312O\367\235\025DD\336e\367\n\312\326\221\037\025\230vG0E\002!\000\210\310\333L\333\373\314\256\371\332\313\327\030M\001\214\2443,*\351\213v\024g\251Y\026\hr\312\002 w\375\227\271\020|4\2240z,}\202\375\211Q\014V\223\246V\376\037\362\250R\332\311%r\250\241""; "
1750527708528,1750527708528,0,1,4,3,TMGetLedger,"itype: liBASE; ledgerHash: ""\315\004\203\271\200\243u\010|\336\346\203L\367\300g\364H\302\267\0331\0265+\223\224\300\342tR\375""; ledgerSeq: 56; requestCookie: 1; queryType: qtINDIRECT; ","itype: liBASE; ledgerHash: ""\315\004\203\271\200\243u\010|\336\346\203L\367\300g\364H\302\267\0331\0265+\223\224\300\342tR\375""; ledgerSeq: 56; requestCookie: 1; queryType: qtINDIRECT; "
1750527708528,1750527708528,0,1,1,4,TMValidation,"validation: """"\200\000\000\001&\000\000\0008)/\351\253\:p\210\265\307-\212\200\004Q\315\004\203\271\200\243u\010|\336\346\203L\367\300g\364H\302\267\0331\0265+\223\224\300\342tR\375P\027\000\000\000\000\000\000\000\000\000\000\000\000\000\000\000\000\000\000\000\000\000\000\000\000\000\000\000\000\000\000\000\000P\031\252\344\245^L==\235\021\032V\220\341+U\353\274\372=u\225\337\321k\342\217\031\035&\261k*s!\002\364d\217\366\217|\316F\232\231\241\n\261\333`\312O\367\235\025DD\336e\367\n\312\326\221\037\025\230vG0E\002!\000\210\310\333L\333\373\314\256\371\332\313\327\030M\001\214\2443,*\351\213v\024g\251Y\026\hr\312\002 w\375\227\271\020|4\2240z,}\202\375\211Q\014V\223\246V\376\037\362\250R\332\311%r\250\241""; ","validation: """"\200\000\000\001&\000\000\0008)/\351\253\:p\210\265\307-\212\200\004Q\315\004\203\271\200\243u\010|\336\346\203L\367\300g\364H\302\267\0331\0265+\223\224\300\342tR\375P\027\000\000\000\000\000\000\000\000\000\000\000\000\000\000\000\000\000\000\000\000\000\000\000\000\000\000\000\000\000\000\000\000P\031\252\344\245^L==\235\021\032V\220\341+U\353\274\372=u\225\337\321k\342\217\031\035&\261k*s!\002\364d\217\366\217|\316F\232\231\241\n\261\333`\312O\367\235\025DD\336e\367\n\312\326\221\037\025\230vG0E\002!\000\210\310\333L\333\373\314\256\371\332\313\327\030M\001\214\2443,*\351\213v\024g\251Y\026\hr\312\002 w\375\227\271\020|4\2240z,}\202\375\211Q\014V\223\246V\376\037\362\250R\332\311%r\250\241""; "
1750527708529,1750527708529,0,1,1,4,TMGetLedger,"itype: liBASE; ledgerHash: ""\315\004\203\271\200\243u\010|\336\346\203L\367\300g\364H\302\267\0331\0265+\223\224\300\342tR\375""; ledgerSeq: 56; queryType: qtINDIRECT; ","itype: liBASE; ledgerHash: ""\315\004\203\271\200\243u\010|\336\346\203L\367\300g\364H\302\267\0331\0265+\223\224\300\342tR\375""; ledgerSeq: 56; queryType: qtINDIRECT; "
1750527708530,1750527708530,0,1,3,4,TMLedgerData,"ledgerHash: ""\315\004\203\271\200\243u\010|\336\346\203L\367\300g\364H\302\267\0331\0265+\223\224\300\342tR\375""; ledgerSeq: 56; type: liBASE; nodes {;   nodedata: ""\000\000\0008\001cEx]\211\377\330\252\344\245^L==\235\021\032V\220\341+U\353\274\372=u\225\337\321k\342\217\031\035&\261k*\000\000\000\000\000\000\000\000\000\000\000\000\000\000\000\000\000\000\000\000\000\000\000\000\000\000\000\000\000\000\000\000(;c\260\360y\203`\3648\264Y\034\255\317&\276\225\231\205\335\300\362H\235\240O \2657\321~/\351\253V/\351\253^\n\000""; }; nodes {;   nodedata: ""\323C\344\327\264{\312-\017:\006{\177\344N\002\326bO\260\220\006\033\362\345\005U\221DzJ0\001\301\025%1L\307\t\261\262z\374\222T\301\274V\236\223\262\270Ct\362\337b\356\024*\324\320\351\317\002k\336\234\027v\351\217\260\303\360\233ZPZWr\246$w\313\313\r\243r\232\2234\373\3539:N\004Q\245\272D\312D\300\300\t\323\0257\345e\271\na\215{\226\255x%T\257\037\333\004\344_/R\006E\344\037@\210\363\010\336T\226\247'\204_{\261\370""1\235\2445\343\033Y!\212\201\341\272\225'\00751&g\216\347L\223\352\342\273\335e1\244a\tB\340\341\274\331\002\326\243\306`\310\207\367\376X\013\003""; }; ","ledgerHash: ""\315\004\203\271\200\243u\010|\336\346\203L\367\300g\364H\302\267\0331\0265+\223\224\300\342tR\375""; ledgerSeq: 56; type: liBASE; nodes {;   nodedata: ""\000\000\0008\001cEx]\211\377\330\252\344\245^L==\235\021\032V\220\341+U\353\274\372=u\225\337\321k\342\217\031\035&\261k*\000\000\000\000\000\000\000\000\000\000\000\000\000\000\000\000\000\000\000\000\000\000\000\000\000\000\000\000\000\000\000\000(;c\260\360y\203`\3648\264Y\034\255\317&\276\225\231\205\335\300\362H\235\240O \2657\321~/\351\253V/\351\253^\n\000""; }; nodes {;   nodedata: ""\323C\344\327\264{\312-\017:\006{\177\344N\002\326bO\260\220\006\033\362\345\005U\221DzJ0\001\301\025%1L\307\t\261\262z\374\222T\301\274V\236\223\262\270Ct\362\337b\356\024*\324\320\351\317\002k\336\234\027v\351\217\260\303\360\233ZPZWr\246$w\313\313\r\243r\232\2234\373\3539:N\004Q\245\272D\312D\300\300\t\323\0257\345e\271\na\215{\226\255x%T\257\037\333\004\344_/R\006E\344\037@\210\363\010\336T\226\247'\204_{\261\370""1\235\2445\343\033Y!\212\201\341\272\225'\00751&g\216\347L\223\352\342\273\335e1\244a\tB\340\341\274\331\002\326\243\306`\310\207\367\376X\013\003""; }; "
1750527708531,1750527708531,0,1,2,3,TMGetLedger,"itype: liBASE; ledgerHash: ""\315\004\203\271\200\243u\010|\336\346\203L\367\300g\364H\302\267\0331\0265+\223\224\300\342tR\375""; requestCookie: 5; queryType: qtINDIRECT; ","itype: liBASE; ledgerHash: ""\315\004\203\271\200\243u\010|\336\346\203L\367\300g\364H\302\267\0331\0265+\223\224\300\342tR\375""; requestCookie: 5; queryType: qtINDIRECT; "
1750527708531,1750527708531,0,1,3,4,TMLedgerData,"ledgerHash: ""\315\004\203\271\200\243u\010|\336\346\203L\367\300g\364H\302\267\0331\0265+\223\224\300\342tR\375""; ledgerSeq: 56; type: liBASE; nodes {;   nodedata: ""\000\000\0008\001cEx]\211\377\330\252\344\245^L==\235\021\032V\220\341+U\353\274\372=u\225\337\321k\342\217\031\035&\261k*\000\000\000\000\000\000\000\000\000\000\000\000\000\000\000\000\000\000\000\000\000\000\000\000\000\000\000\000\000\000\000\000(;c\260\360y\203`\3648\264Y\034\255\317&\276\225\231\205\335\300\362H\235\240O \2657\321~/\351\253V/\351\253^\n\000""; }; nodes {;   nodedata: ""\323C\344\327\264{\312-\017:\006{\177\344N\002\326bO\260\220\006\033\362\345\005U\221DzJ0\001\301\025%1L\307\t\261\262z\374\222T\301\274V\236\223\262\270Ct\362\337b\356\024*\324\320\351\317\002k\336\234\027v\351\217\260\303\360\233ZPZWr\246$w\313\313\r\243r\232\2234\373\3539:N\004Q\245\272D\312D\300\300\t\323\0257\345e\271\na\215{\226\255x%T\257\037\333\004\344_/R\006E\344\037@\210\363\010\336T\226\247'\204_{\261\370""1\235\2445\343\033Y!\212\201\341\272\225'\00751&g\216\347L\223\352\342\273\335e1\244a\tB\340\341\274\331\002\326\243\306`\310\207\367\376X\013\003""; }; ","ledgerHash: ""\315\004\203\271\200\243u\010|\336\346\203L\367\300g\364H\302\267\0331\0265+\223\224\300\342tR\375""; ledgerSeq: 56; type: liBASE; nodes {;   nodedata: ""\000\000\0008\001cEx]\211\377\330\252\344\245^L==\235\021\032V\220\341+U\353\274\372=u\225\337\321k\342\217\031\035&\261k*\000\000\000\000\000\000\000\000\000\000\000\000\000\000\000\000\000\000\000\000\000\000\000\000\000\000\000\000\000\000\000\000(;c\260\360y\203`\3648\264Y\034\255\317&\276\225\231\205\335\300\362H\235\240O \2657\321~/\351\253V/\351\253^\n\000""; }; nodes {;   nodedata: ""\323C\344\327\264{\312-\017:\006{\177\344N\002\326bO\260\220\006\033\362\345\005U\221DzJ0\001\301\025%1L\307\t\261\262z\374\222T\301\274V\236\223\262\270Ct\362\337b\356\024*\324\320\351\317\002k\336\234\027v\351\217\260\303\360\233ZPZWr\246$w\313\313\r\243r\232\2234\373\3539:N\004Q\245\272D\312D\300\300\t\323\0257\345e\271\na\215{\226\255x%T\257\037\333\004\344_/R\006E\344\037@\210\363\010\336T\226\247'\204_{\261\370""1\235\2445\343\033Y!\212\201\341\272\225'\00751&g\216\347L\223\352\342\273\335e1\244a\tB\340\341\274\331\002\326\243\306`\310\207\367\376X\013\003""; }; "
1750527708532,1750527708532,0,1,3,0,TMLedgerData,"ledgerHash: ""\315\004\203\271\200\243u\010|\336\346\203L\367\300g\364H\302\267\0331\0265+\223\224\300\342tR\375""; ledgerSeq: 56; type: liBASE; nodes {;   nodedata: ""\000\000\0008\001cEx]\211\377\330\252\344\245^L==\235\021\032V\220\341+U\353\274\372=u\225\337\321k\342\217\031\035&\261k*\000\000\000\000\000\000\000\000\000\000\000\000\000\000\000\000\000\000\000\000\000\000\000\000\000\000\000\000\000\000\000\000(;c\260\360y\203`\3648\264Y\034\255\317&\276\225\231\205\335\300\362H\235\240O \2657\321~/\351\253V/\351\253^\n\000""; }; nodes {;   nodedata: ""\323C\344\327\264{\312-\017:\006{\177\344N\002\326bO\260\220\006\033\362\345\005U\221DzJ0\001\301\025%1L\307\t\261\262z\374\222T\301\274V\236\223\262\270Ct\362\337b\356\024*\324\320\351\317\002k\336\234\027v\351\217\260\303\360\233ZPZWr\246$w\313\313\r\243r\232\2234\373\3539:N\004Q\245\272D\312D\300\300\t\323\0257\345e\271\na\215{\226\255x%T\257\037\333\004\344_/R\006E\344\037@\210\363\010\336T\226\247'\204_{\261\370""1\235\2445\343\033Y!\212\201\341\272\225'\00751&g\216\347L\223\352\342\273\335e1\244a\tB\340\341\274\331\002\326\243\306`\310\207\367\376X\013\003""; }; ","ledgerHash: ""\315\004\203\271\200\243u\010|\336\346\203L\367\300g\364H\302\267\0331\0265+\223\224\300\342tR\375""; ledgerSeq: 56; type: liBASE; nodes {;   nodedata: ""\000\000\0008\001cEx]\211\377\330\252\344\245^L==\235\021\032V\220\341+U\353\274\372=u\225\337\321k\342\217\031\035&\261k*\000\000\000\000\000\000\000\000\000\000\000\000\000\000\000\000\000\000\000\000\000\000\000\000\000\000\000\000\000\000\000\000(;c\260\360y\203`\3648\264Y\034\255\317&\276\225\231\205\335\300\362H\235\240O \2657\321~/\351\253V/\351\253^\n\000""; }; nodes {;   nodedata: ""\323C\344\327\264{\312-\017:\006{\177\344N\002\326bO\260\220\006\033\362\345\005U\221DzJ0\001\301\025%1L\307\t\261\262z\374\222T\301\274V\236\223\262\270Ct\362\337b\356\024*\324\320\351\317\002k\336\234\027v\351\217\260\303\360\233ZPZWr\246$w\313\313\r\243r\232\2234\373\3539:N\004Q\245\272D\312D\300\300\t\323\0257\345e\271\na\215{\226\255x%T\257\037\333\004\344_/R\006E\344\037@\210\363\010\336T\226\247'\204_{\261\370""1\235\2445\343\033Y!\212\201\341\272\225'\00751&g\216\347L\223\352\342\273\335e1\244a\tB\340\341\274\331\002\326\243\306`\310\207\367\376X\013\003""; }; "
1750527708533,1750527708534,0,1,3,1,TMLedgerData,"ledgerHash: ""\315\004\203\271\200\243u\010|\336\346\203L\367\300g\364H\302\267\0331\0265+\223\224\300\342tR\375""; ledgerSeq: 56; type: liBASE; nodes {;   nodedata: ""\000\000\0008\001cEx]\211\377\330\252\344\245^L==\235\021\032V\220\341+U\353\274\372=u\225\337\321k\342\217\031\035&\261k*\000\000\000\000\000\000\000\000\000\000\000\000\000\000\000\000\000\000\000\000\000\000\000\000\000\000\000\000\000\000\000\000(;c\260\360y\203`\3648\264Y\034\255\317&\276\225\231\205\335\300\362H\235\240O \2657\321~/\351\253V/\351\253^\n\000""; }; nodes {;   nodedata: ""\323C\344\327\264{\312-\017:\006{\177\344N\002\326bO\260\220\006\033\362\345\005U\221DzJ0\001\301\025%1L\307\t\261\262z\374\222T\301\274V\236\223\262\270Ct\362\337b\356\024*\324\320\351\317\002k\336\234\027v\351\217\260\303\360\233ZPZWr\246$w\313\313\r\243r\232\2234\373\3539:N\004Q\245\272D\312D\300\300\t\323\0257\345e\271\na\215{\226\255x%T\257\037\333\004\344_/R\006E\344\037@\210\363\010\336T\226\247'\204_{\261\370""1\235\2445\343\033Y!\212\201\341\272\225'\00751&g\216\347L\223\352\342\273\335e1\244a\tB\340\341\274\331\002\326\243\306`\310\207\367\376X\013\003""; }; ","ledgerHash: ""\315\004\203\271\200\243u\010|\336\346\203L\367\300g\364H\302\267\0331\0265+\223\224\300\342tR\375""; ledgerSeq: 56; type: liBASE; nodes {;   nodedata: ""\000\000\0008\001cEx]\211\377\330\252\344\245^L==\235\021\032V\220\341+U\353\274\372=u\225\337\321k\342\217\031\035&\261k*\000\000\000\000\000\000\000\000\000\000\000\000\000\000\000\000\000\000\000\000\000\000\000\000\000\000\000\000\000\000\000\000(;c\260\360y\203`\3648\264Y\034\255\317&\276\225\231\205\335\300\362H\235\240O \2657\321~/\351\253V/\351\253^\n\000""; }; nodes {;   nodedata: ""\323C\344\327\264{\312-\017:\006{\177\344N\002\326bO\260\220\006\033\362\345\005U\221DzJ0\001\301\025%1L\307\t\261\262z\374\222T\301\274V\236\223\262\270Ct\362\337b\356\024*\324\320\351\317\002k\336\234\027v\351\217\260\303\360\233ZPZWr\246$w\313\313\r\243r\232\2234\373\3539:N\004Q\245\272D\312D\300\300\t\323\0257\345e\271\na\215{\226\255x%T\257\037\333\004\344_/R\006E\344\037@\210\363\010\336T\226\247'\204_{\261\370""1\235\2445\343\033Y!\212\201\341\272\225'\00751&g\216\347L\223\352\342\273\335e1\244a\tB\340\341\274\331\002\326\243\306`\310\207\367\376X\013\003""; }; "
1750527708534,1750527708534,0,1,0,1,TMValidation,"validation: """"\200\000\000\001&\000\000\0008)/\351\253\:p\210\265\307-\212\200\004Q\315\004\203\271\200\243u\010|\336\346\203L\367\300g\364H\302\267\0331\0265+\223\224\300\342tR\375P\027\000\000\000\000\000\000\000\000\000\000\000\000\000\000\000\000\000\000\000\000\000\000\000\000\000\000\000\000\000\000\000\000P\031\252\344\245^L==\235\021\032V\220\341+U\353\274\372=u\225\337\321k\342\217\031\035&\261k*s!\002\364d\217\366\217|\316F\232\231\241\n\261\333`\312O\367\235\025DD\336e\367\n\312\326\221\037\025\230vG0E\002!\000\210\310\333L\333\373\314\256\371\332\313\327\030M\001\214\2443,*\351\213v\024g\251Y\026\hr\312\002 w\375\227\271\020|4\2240z,}\202\375\211Q\014V\223\246V\376\037\362\250R\332\311%r\250\241""; ","validation: """"\200\000\000\001&\000\000\0008)/\351\253\:p\210\265\307-\212\200\004Q\315\004\203\271\200\243u\010|\336\346\203L\367\300g\364H\302\267\0331\0265+\223\224\300\342tR\375P\027\000\000\000\000\000\000\000\000\000\000\000\000\000\000\000\000\000\000\000\000\000\000\000\000\000\000\000\000\000\000\000\000P\031\252\344\245^L==\235\021\032V\220\341+U\353\274\372=u\225\337\321k\342\217\031\035&\261k*s!\002\364d\217\366\217|\316F\232\231\241\n\261\333`\312O\367\235\025DD\336e\367\n\312\326\221\037\025\230vG0E\002!\000\210\310\333L\333\373\314\256\371\332\313\327\030M\001\214\2443,*\351\213v\024g\251Y\026\hr\312\002 w\375\227\271\020|4\2240z,}\202\375\211Q\014V\223\246V\376\037\362\250R\332\311%r\250\241""; "
1750527708534,1750527708534,0,1,0,1,TMGetLedger,"itype: liBASE; ledgerHash: ""\315\004\203\271\200\243u\010|\336\346\203L\367\300g\364H\302\267\0331\0265+\223\224\300\342tR\375""; ledgerSeq: 56; queryType: qtINDIRECT; ","itype: liBASE; ledgerHash: ""\315\004\203\271\200\243u\010|\336\346\203L\367\300g\364H\302\267\0331\0265+\223\224\300\342tR\375""; ledgerSeq: 56; queryType: qtINDIRECT; "
1750527708535,1750527708535,0,1,3,1,TMLedgerData,"ledgerHash: ""\315\004\203\271\200\243u\010|\336\346\203L\367\300g\364H\302\267\0331\0265+\223\224\300\342tR\375""; ledgerSeq: 56; type: liBASE; nodes {;   nodedata: ""\000\000\0008\001cEx]\211\377\330\252\344\245^L==\235\021\032V\220\341+U\353\274\372=u\225\337\321k\342\217\031\035&\261k*\000\000\000\000\000\000\000\000\000\000\000\000\000\000\000\000\000\000\000\000\000\000\000\000\000\000\000\000\000\000\000\000(;c\260\360y\203`\3648\264Y\034\255\317&\276\225\231\205\335\300\362H\235\240O \2657\321~/\351\253V/\351\253^\n\000""; }; nodes {;   nodedata: ""\323C\344\327\264{\312-\017:\006{\177\344N\002\326bO\260\220\006\033\362\345\005U\221DzJ0\001\301\025%1L\307\t\261\262z\374\222T\301\274V\236\223\262\270Ct\362\337b\356\024*\324\320\351\317\002k\336\234\027v\351\217\260\303\360\233ZPZWr\246$w\313\313\r\243r\232\2234\373\3539:N\004Q\245\272D\312D\300\300\t\323\0257\345e\271\na\215{\226\255x%T\257\037\333\004\344_/R\006E\344\037@\210\363\010\336T\226\247'\204_{\261\370""1\235\2445\343\033Y!\212\201\341\272\225'\00751&g\216\347L\223\352\342\273\335e1\244a\tB\340\341\274\331\002\326\243\306`\310\207\367\376X\013\003""; }; ","ledgerHash: ""\315\004\203\271\200\243u\010|\336\346\203L\367\300g\364H\302\267\0331\0265+\223\224\300\342tR\375""; ledgerSeq: 56; type: liBASE; nodes {;   nodedata: ""\000\000\0008\001cEx]\211\377\330\252\344\245^L==\235\021\032V\220\341+U\353\274\372=u\225\337\321k\342\217\031\035&\261k*\000\000\000\000\000\000\000\000\000\000\000\000\000\000\000\000\000\000\000\000\000\000\000\000\000\000\000\000\000\000\000\000(;c\260\360y\203`\3648\264Y\034\255\317&\276\225\231\205\335\300\362H\235\240O \2657\321~/\351\253V/\351\253^\n\000""; }; nodes {;   nodedata: ""\323C\344\327\264{\312-\017:\006{\177\344N\002\326bO\260\220\006\033\362\345\005U\221DzJ0\001\301\025%1L\307\t\261\262z\374\222T\301\274V\236\223\262\270Ct\362\337b\356\024*\324\320\351\317\002k\336\234\027v\351\217\260\303\360\233ZPZWr\246$w\313\313\r\243r\232\2234\373\3539:N\004Q\245\272D\312D\300\300\t\323\0257\345e\271\na\215{\226\255x%T\257\037\333\004\344_/R\006E\344\037@\210\363\010\336T\226\247'\204_{\261\370""1\235\2445\343\033Y!\212\201\341\272\225'\00751&g\216\347L\223\352\342\273\335e1\244a\tB\340\341\274\331\002\326\243\306`\310\207\367\376X\013\003""; }; "
1750527708536,1750527708536,0,1,2,3,TMGetLedger,"itype: liBASE; ledgerHash: ""\315\004\203\271\200\243u\010|\336\346\203L\367\300g\364H\302\267\0331\0265+\223\224\300\342tR\375""; ledgerSeq: 56; requestCookie: 2; queryType: qtINDIRECT; ","itype: liBASE; ledgerHash: ""\315\004\203\271\200\243u\010|\336\346\203L\367\300g\364H\302\267\0331\0265+\223\224\300\342tR\375""; ledgerSeq: 56; requestCookie: 2; queryType: qtINDIRECT; "
1750527708537,1750527708537,0,1,2,3,TMGetLedger,"itype: liBASE; ledgerHash: ""\315\004\203\271\200\243u\010|\336\346\203L\367\300g\364H\302\267\0331\0265+\223\224\300\342tR\375""; ledgerSeq: 56; requestCookie: 3; queryType: qtINDIRECT; ","itype: liBASE; ledgerHash: ""\315\004\203\271\200\243u\010|\336\346\203L\367\300g\364H\302\267\0331\0265+\223\224\300\342tR\375""; ledgerSeq: 56; requestCookie: 3; queryType: qtINDIRECT; "
1750527708537,1750527708538,0,1,2,3,TMGetLedger,"itype: liAS_NODE; ledgerHash: ""\315\004\203\271\200\243u\010|\336\346\203L\367\300g\364H\302\267\0331\0265+\223\224\300\342tR\375""; ledgerSeq: 56; nodeIDs: ""\260\000\000\000\000\000\000\000\000\000\000\000\000\000\000\000\000\000\000\000\000\000\000\000\000\000\000\000\000\000\000\000\001""; queryType: qtINDIRECT; queryDepth: 1; ","itype: liAS_NODE; ledgerHash: ""\315\004\203\271\200\243u\010|\336\346\203L\367\300g\364H\302\267\0331\0265+\223\224\300\342tR\375""; ledgerSeq: 56; nodeIDs: ""\260\000\000\000\000\000\000\000\000\000\000\000\000\000\000\000\000\000\000\000\000\000\000\000\000\000\000\000\000\000\000\000\001""; queryType: qtINDIRECT; queryDepth: 1; "
1750527708538,1750527708538,0,1,0,3,TMGetLedger,"itype: liBASE; ledgerHash: ""\315\004\203\271\200\243u\010|\336\346\203L\367\300g\364H\302\267\0331\0265+\223\224\300\342tR\375""; ledgerSeq: 56; requestCookie: 3; queryType: qtINDIRECT; ","itype: liBASE; ledgerHash: ""\315\004\203\271\200\243u\010|\336\346\203L\367\300g\364H\302\267\0331\0265+\223\224\300\342tR\375""; ledgerSeq: 56; requestCookie: 3; queryType: qtINDIRECT; "
1750527708539,1750527708539,0,1,0,3,TMGetLedger,"itype: liBASE; ledgerHash: ""\315\004\203\271\200\243u\010|\336\346\203L\367\300g\364H\302\267\0331\0265+\223\224\300\342tR\375""; requestCookie: 5; queryType: qtINDIRECT; ","itype: liBASE; ledgerHash: ""\315\004\203\271\200\243u\010|\336\346\203L\367\300g\364H\302\267\0331\0265+\223\224\300\342tR\375""; requestCookie: 5; queryType: qtINDIRECT; "
1750527708540,1750527708540,0,1,0,3,TMGetLedger,"itype: liBASE; ledgerHash: ""\315\004\203\271\200\243u\010|\336\346\203L\367\300g\364H\302\267\0331\0265+\223\224\300\342tR\375""; ledgerSeq: 56; requestCookie: 2; queryType: qtINDIRECT; ","itype: liBASE; ledgerHash: ""\315\004\203\271\200\243u\010|\336\346\203L\367\300g\364H\302\267\0331\0265+\223\224\300\342tR\375""; ledgerSeq: 56; requestCookie: 2; queryType: qtINDIRECT; "
1750527708540,1750527708540,0,1,4,3,TMGetLedger,"itype: liBASE; ledgerHash: ""\315\004\203\271\200\243u\010|\336\346\203L\367\300g\364H\302\267\0331\0265+\223\224\300\342tR\375""; ledgerSeq: 56; requestCookie: 3; queryType: qtINDIRECT; ","itype: liBASE; ledgerHash: ""\315\004\203\271\200\243u\010|\336\346\203L\367\300g\364H\302\267\0331\0265+\223\224\300\342tR\375""; ledgerSeq: 56; requestCookie: 3; queryType: qtINDIRECT; "
1750527708541,1750527708541,0,1,3,4,TMLedgerData,"ledgerHash: ""\315\004\203\271\200\243u\010|\336\346\203L\367\300g\364H\302\267\0331\0265+\223\224\300\342tR\375""; ledgerSeq: 56; type: liBASE; nodes {;   nodedata: ""\000\000\0008\001cEx]\211\377\330\252\344\245^L==\235\021\032V\220\341+U\353\274\372=u\225\337\321k\342\217\031\035&\261k*\000\000\000\000\000\000\000\000\000\000\000\000\000\000\000\000\000\000\000\000\000\000\000\000\000\000\000\000\000\000\000\000(;c\260\360y\203`\3648\264Y\034\255\317&\276\225\231\205\335\300\362H\235\240O \2657\321~/\351\253V/\351\253^\n\000""; }; nodes {;   nodedata: ""\323C\344\327\264{\312-\017:\006{\177\344N\002\326bO\260\220\006\033\362\345\005U\221DzJ0\001\301\025%1L\307\t\261\262z\374\222T\301\274V\236\223\262\270Ct\362\337b\356\024*\324\320\351\317\002k\336\234\027v\351\217\260\303\360\233ZPZWr\246$w\313\313\r\243r\232\2234\373\3539:N\004Q\245\272D\312D\300\300\t\323\0257\345e\271\na\215{\226\255x%T\257\037\333\004\344_/R\006E\344\037@\210\363\010\336T\226\247'\204_{\261\370""1\235\2445\343\033Y!\212\201\341\272\225'\00751&g\216\347L\223\352\342\273\335e1\244a\tB\340\341\274\331\002\326\243\306`\310\207\367\376X\013\003""; }; requestCookie: 1; ","ledgerHash: ""\315\004\203\271\200\243u\010|\336\346\203L\367\300g\364H\302\267\0331\0265+\223\224\300\342tR\375""; ledgerSeq: 56; type: liBASE; nodes {;   nodedata: ""\000\000\0008\001cEx]\211\377\330\252\344\245^L==\235\021\032V\220\341+U\353\274\372=u\225\337\321k\342\217\031\035&\261k*\000\000\000\000\000\000\000\000\000\000\000\000\000\000\000\000\000\000\000\000\000\000\000\000\000\000\000\000\000\000\000\000(;c\260\360y\203`\3648\264Y\034\255\317&\276\225\231\205\335\300\362H\235\240O \2657\321~/\351\253V/\351\253^\n\000""; }; nodes {;   nodedata: ""\323C\344\327\264{\312-\017:\006{\177\344N\002\326bO\260\220\006\033\362\345\005U\221DzJ0\001\301\025%1L\307\t\261\262z\374\222T\301\274V\236\223\262\270Ct\362\337b\356\024*\324\320\351\317\002k\336\234\027v\351\217\260\303\360\233ZPZWr\246$w\313\313\r\243r\232\2234\373\3539:N\004Q\245\272D\312D\300\300\t\323\0257\345e\271\na\215{\226\255x%T\257\037\333\004\344_/R\006E\344\037@\210\363\010\336T\226\247'\204_{\261\370""1\235\2445\343\033Y!\212\201\341\272\225'\00751&g\216\347L\223\352\342\273\335e1\244a\tB\340\341\274\331\002\326\243\306`\310\207\367\376X\013\003""; }; requestCookie: 1; "
1750527708542,1750527708542,0,1,4,3,TMGetLedger,"itype: liBASE; ledgerHash: ""\315\004\203\271\200\243u\010|\336\346\203L\367\300g\364H\302\267\0331\0265+\223\224\300\342tR\375""; ledgerSeq: 56; requestCookie: 2; queryType: qtINDIRECT; ","itype: liBASE; ledgerHash: ""\315\004\203\271\200\243u\010|\336\346\203L\367\300g\364H\302\267\0331\0265+\223\224\300\342tR\375""; ledgerSeq: 56; requestCookie: 2; queryType: qtINDIRECT; "
1750527708543,1750527708543,0,1,1,3,TMGetLedger,"itype: liBASE; ledgerHash: ""\315\004\203\271\200\243u\010|\336\346\203L\367\300g\364H\302\267\0331\0265+\223\224\300\342tR\375""; requestCookie: 5; queryType: qtINDIRECT; ","itype: liBASE; ledgerHash: ""\315\004\203\271\200\243u\010|\336\346\203L\367\300g\364H\302\267\0331\0265+\223\224\300\342tR\375""; requestCookie: 5; queryType: qtINDIRECT; "
1750527708543,1750527708543,0,1,1,3,TMGetLedger,"itype: liBASE; ledgerHash: ""\315\004\203\271\200\243u\010|\336\346\203L\367\300g\364H\302\267\0331\0265+\223\224\300\342tR\375""; ledgerSeq: 56; requestCookie: 3; queryType: qtINDIRECT; ","itype: liBASE; ledgerHash: ""\315\004\203\271\200\243u\010|\336\346\203L\367\300g\364H\302\267\0331\0265+\223\224\300\342tR\375""; ledgerSeq: 56; requestCookie: 3; queryType: qtINDIRECT; "
1750527708544,1750527708544,0,1,3,2,TMLedgerData,"ledgerHash: ""\315\004\203\271\200\243u\010|\336\346\203L\367\300g\364H\302\267\0331\0265+\223\224\300\342tR\375""; ledgerSeq: 56; type: liBASE; nodes {;   nodedata: ""\000\000\0008\001cEx]\211\377\330\252\344\245^L==\235\021\032V\220\341+U\353\274\372=u\225\337\321k\342\217\031\035&\261k*\000\000\000\000\000\000\000\000\000\000\000\000\000\000\000\000\000\000\000\000\000\000\000\000\000\000\000\000\000\000\000\000(;c\260\360y\203`\3648\264Y\034\255\317&\276\225\231\205\335\300\362H\235\240O \2657\321~/\351\253V/\351\253^\n\000""; }; nodes {;   nodedata: ""\323C\344\327\264{\312-\017:\006{\177\344N\002\326bO\260\220\006\033\362\345\005U\221DzJ0\001\301\025%1L\307\t\261\262z\374\222T\301\274V\236\223\262\270Ct\362\337b\356\024*\324\320\351\317\002k\336\234\027v\351\217\260\303\360\233ZPZWr\246$w\313\313\r\243r\232\2234\373\3539:N\004Q\245\272D\312D\300\300\t\323\0257\345e\271\na\215{\226\255x%T\257\037\333\004\344_/R\006E\344\037@\210\363\010\336T\226\247'\204_{\261\370""1\235\2445\343\033Y!\212\201\341\272\225'\00751&g\216\347L\223\352\342\273\335e1\244a\tB\340\341\274\331\002\326\243\306`\310\207\367\376X\013\003""; }; requestCookie: 5; ","ledgerHash: ""\315\004\203\271\200\243u\010|\336\346\203L\367\300g\364H\302\267\0331\0265+\223\224\300\342tR\375""; ledgerSeq: 56; type: liBASE; nodes {;   nodedata: ""\000\000\0008\001cEx]\211\377\330\252\344\245^L==\235\021\032V\220\341+U\353\274\372=u\225\337\321k\342\217\031\035&\261k*\000\000\000\000\000\000\000\000\000\000\000\000\000\000\000\000\000\000\000\000\000\000\000\000\000\000\000\000\000\000\000\000(;c\260\360y\203`\3648\264Y\034\255\317&\276\225\231\205\335\300\362H\235\240O \2657\321~/\351\253V/\351\253^\n\000""; }; nodes {;   nodedata: ""\323C\344\327\264{\312-\017:\006{\177\344N\002\326bO\260\220\006\033\362\345\005U\221DzJ0\001\301\025%1L\307\t\261\262z\374\222T\301\274V\236\223\262\270Ct\362\337b\356\024*\324\320\351\317\002k\336\234\027v\351\217\260\303\360\233ZPZWr\246$w\313\313\r\243r\232\2234\373\3539:N\004Q\245\272D\312D\300\300\t\323\0257\345e\271\na\215{\226\255x%T\257\037\333\004\344_/R\006E\344\037@\210\363\010\336T\226\247'\204_{\261\370""1\235\2445\343\033Y!\212\201\341\272\225'\00751&g\216\347L\223\352\342\273\335e1\244a\tB\340\341\274\331\002\326\243\306`\310\207\367\376X\013\003""; }; requestCookie: 5; "
1750527708544,1750527708544,0,1,4,3,TMGetLedger,"itype: liAS_NODE; ledgerHash: ""\315\004\203\271\200\243u\010|\336\346\203L\367\300g\364H\302\267\0331\0265+\223\224\300\342tR\375""; ledgerSeq: 56; nodeIDs: ""\260\000\000\000\000\000\000\000\000\000\000\000\000\000\000\000\000\000\000\000\000\000\000\000\000\000\000\000\000\000\000\000\001""; queryType: qtINDIRECT; queryDepth: 1; ","itype: liAS_NODE; ledgerHash: ""\315\004\203\271\200\243u\010|\336\346\203L\367\300g\364H\302\267\0331\0265+\223\224\300\342tR\375""; ledgerSeq: 56; nodeIDs: ""\260\000\000\000\000\000\000\000\000\000\000\000\000\000\000\000\000\000\000\000\000\000\000\000\000\000\000\000\000\000\000\000\001""; queryType: qtINDIRECT; queryDepth: 1; "
1750527708545,1750527708545,0,1,0,3,TMGetLedger,"itype: liAS_NODE; ledgerHash: ""\315\004\203\271\200\243u\010|\336\346\203L\367\300g\364H\302\267\0331\0265+\223\224\300\342tR\375""; ledgerSeq: 56; nodeIDs: ""\260\000\000\000\000\000\000\000\000\000\000\000\000\000\000\000\000\000\000\000\000\000\000\000\000\000\000\000\000\000\000\000\001""; queryType: qtINDIRECT; queryDepth: 1; ","itype: liAS_NODE; ledgerHash: ""\315\004\203\271\200\243u\010|\336\346\203L\367\300g\364H\302\267\0331\0265+\223\224\300\342tR\375""; ledgerSeq: 56; nodeIDs: ""\260\000\000\000\000\000\000\000\000\000\000\000\000\000\000\000\000\000\000\000\000\000\000\000\000\000\000\000\000\000\000\000\001""; queryType: qtINDIRECT; queryDepth: 1; "
1750527708546,1750527708546,0,1,1,3,TMGetLedger,"itype: liAS_NODE; ledgerHash: ""\315\004\203\271\200\243u\010|\336\346\203L\367\300g\364H\302\267\0331\0265+\223\224\300\342tR\375""; ledgerSeq: 56; nodeIDs: ""\260\000\000\000\000\000\000\000\000\000\000\000\000\000\000\000\000\000\000\000\000\000\000\000\000\000\000\000\000\000\000\000\001""; queryType: qtINDIRECT; queryDepth: 1; ","itype: liAS_NODE; ledgerHash: ""\315\004\203\271\200\243u\010|\336\346\203L\367\300g\364H\302\267\0331\0265+\223\224\300\342tR\375""; ledgerSeq: 56; nodeIDs: ""\260\000\000\000\000\000\000\000\000\000\000\000\000\000\000\000\000\000\000\000\000\000\000\000\000\000\000\000\000\000\000\000\001""; queryType: qtINDIRECT; queryDepth: 1; "
1750527708546,1750527708546,0,1,1,3,TMGetLedger,"itype: liBASE; ledgerHash: ""\315\004\203\271\200\243u\010|\336\346\203L\367\300g\364H\302\267\0331\0265+\223\224\300\342tR\375""; ledgerSeq: 56; requestCookie: 2; queryType: qtINDIRECT; ","itype: liBASE; ledgerHash: ""\315\004\203\271\200\243u\010|\336\346\203L\367\300g\364H\302\267\0331\0265+\223\224\300\342tR\375""; ledgerSeq: 56; requestCookie: 2; queryType: qtINDIRECT; "
1750527708547,1750527708547,0,1,3,2,TMLedgerData,"ledgerHash: ""\315\004\203\271\200\243u\010|\336\346\203L\367\300g\364H\302\267\0331\0265+\223\224\300\342tR\375""; ledgerSeq: 56; type: liBASE; nodes {;   nodedata: ""\000\000\0008\001cEx]\211\377\330\252\344\245^L==\235\021\032V\220\341+U\353\274\372=u\225\337\321k\342\217\031\035&\261k*\000\000\000\000\000\000\000\000\000\000\000\000\000\000\000\000\000\000\000\000\000\000\000\000\000\000\000\000\000\000\000\000(;c\260\360y\203`\3648\264Y\034\255\317&\276\225\231\205\335\300\362H\235\240O \2657\321~/\351\253V/\351\253^\n\000""; }; nodes {;   nodedata: ""\323C\344\327\264{\312-\017:\006{\177\344N\002\326bO\260\220\006\033\362\345\005U\221DzJ0\001\301\025%1L\307\t\261\262z\374\222T\301\274V\236\223\262\270Ct\362\337b\356\024*\324\320\351\317\002k\336\234\027v\351\217\260\303\360\233ZPZWr\246$w\313\313\r\243r\232\2234\373\3539:N\004Q\245\272D\312D\300\300\t\323\0257\345e\271\na\215{\226\255x%T\257\037\333\004\344_/R\006E\344\037@\210\363\010\336T\226\247'\204_{\261\370""1\235\2445\343\033Y!\212\201\341\272\225'\00751&g\216\347L\223\352\342\273\335e1\244a\tB\340\341\274\331\002\326\243\306`\310\207\367\376X\013\003""; }; requestCookie: 2; ","ledgerHash: ""\315\004\203\271\200\243u\010|\336\346\203L\367\300g\364H\302\267\0331\0265+\223\224\300\342tR\375""; ledgerSeq: 56; type: liBASE; nodes {;   nodedata: ""\000\000\0008\001cEx]\211\377\330\252\344\245^L==\235\021\032V\220\341+U\353\274\372=u\225\337\321k\342\217\031\035&\261k*\000\000\000\000\000\000\000\000\000\000\000\000\000\000\000\000\000\000\000\000\000\000\000\000\000\000\000\000\000\000\000\000(;c\260\360y\203`\3648\264Y\034\255\317&\276\225\231\205\335\300\362H\235\240O \2657\321~/\351\253V/\351\253^\n\000""; }; nodes {;   nodedata: ""\323C\344\327\264{\312-\017:\006{\177\344N\002\326bO\260\220\006\033\362\345\005U\221DzJ0\001\301\025%1L\307\t\261\262z\374\222T\301\274V\236\223\262\270Ct\362\337b\356\024*\324\320\351\317\002k\336\234\027v\351\217\260\303\360\233ZPZWr\246$w\313\313\r\243r\232\2234\373\3539:N\004Q\245\272D\312D\300\300\t\323\0257\345e\271\na\215{\226\255x%T\257\037\333\004\344_/R\006E\344\037@\210\363\010\336T\226\247'\204_{\261\370""1\235\2445\343\033Y!\212\201\341\272\225'\00751&g\216\347L\223\352\342\273\335e1\244a\tB\340\341\274\331\002\326\243\306`\310\207\367\376X\013\003""; }; requestCookie: 2; "
1750527708548,1750527708548,0,1,3,2,TMLedgerData,"ledgerHash: ""\315\004\203\271\200\243u\010|\336\346\203L\367\300g\364H\302\267\0331\0265+\223\224\300\342tR\375""; ledgerSeq: 56; type: liBASE; nodes {;   nodedata: ""\000\000\0008\001cEx]\211\377\330\252\344\245^L==\235\021\032V\220\341+U\353\274\372=u\225\337\321k\342\217\031\035&\261k*\000\000\000\000\000\000\000\000\000\000\000\000\000\000\000\000\000\000\000\000\000\000\000\000\000\000\000\000\000\000\000\000(;c\260\360y\203`\3648\264Y\034\255\317&\276\225\231\205\335\300\362H\235\240O \2657\321~/\351\253V/\351\253^\n\000""; }; nodes {;   nodedata: ""\323C\344\327\264{\312-\017:\006{\177\344N\002\326bO\260\220\006\033\362\345\005U\221DzJ0\001\301\025%1L\307\t\261\262z\374\222T\301\274V\236\223\262\270Ct\362\337b\356\024*\324\320\351\317\002k\336\234\027v\351\217\260\303\360\233ZPZWr\246$w\313\313\r\243r\232\2234\373\3539:N\004Q\245\272D\312D\300\300\t\323\0257\345e\271\na\215{\226\255x%T\257\037\333\004\344_/R\006E\344\037@\210\363\010\336T\226\247'\204_{\261\370""1\235\2445\343\033Y!\212\201\341\272\225'\00751&g\216\347L\223\352\342\273\335e1\244a\tB\340\341\274\331\002\326\243\306`\310\207\367\376X\013\003""; }; requestCookie: 3; ","ledgerHash: ""\315\004\203\271\200\243u\010|\336\346\203L\367\300g\364H\302\267\0331\0265+\223\224\300\342tR\375""; ledgerSeq: 56; type: liBASE; nodes {;   nodedata: ""\000\000\0008\001cEx]\211\377\330\252\344\245^L==\235\021\032V\220\341+U\353\274\372=u\225\337\321k\342\217\031\035&\261k*\000\000\000\000\000\000\000\000\000\000\000\000\000\000\000\000\000\000\000\000\000\000\000\000\000\000\000\000\000\000\000\000(;c\260\360y\203`\3648\264Y\034\255\317&\276\225\231\205\335\300\362H\235\240O \2657\321~/\351\253V/\351\253^\n\000""; }; nodes {;   nodedata: ""\323C\344\327\264{\312-\017:\006{\177\344N\002\326bO\260\220\006\033\362\345\005U\221DzJ0\001\301\025%1L\307\t\261\262z\374\222T\301\274V\236\223\262\270Ct\362\337b\356\024*\324\320\351\317\002k\336\234\027v\351\217\260\303\360\233ZPZWr\246$w\313\313\r\243r\232\2234\373\3539:N\004Q\245\272D\312D\300\300\t\323\0257\345e\271\na\215{\226\255x%T\257\037\333\004\344_/R\006E\344\037@\210\363\010\336T\226\247'\204_{\261\370""1\235\2445\343\033Y!\212\201\341\272\225'\00751&g\216\347L\223\352\342\273\335e1\244a\tB\340\341\274\331\002\326\243\306`\310\207\367\376X\013\003""; }; requestCookie: 3; "
1750527708549,1750527708550,0,1,3,2,TMLedgerData,"ledgerHash: ""\315\004\203\271\200\243u\010|\336\346\203L\367\300g\364H\302\267\0331\0265+\223\224\300\342tR\375""; ledgerSeq: 56; type: liAS_NODE; nodes {;   nodedata: ""\021\000h""\000\000\000\000 \033\000\000\0007\002\023\307?\330\356GuH\375\327!\255\371\r\231\262R\256J\034\222\241\355X\265E\241^W\225\304\014\361CX-}\351f\032\255\274\334m\326c\017\014ao[\342\230\003\245\245\3341Hm\326^\017jy\335\261\032Yt\320\244{g\0306\\302\303*\341\215\223\257\364\277o\375\000r\241SOq\221\253\262\005\017\375T\356\014\360o'\030\311-\267\031\257!\031T\006><\315XM\334\324\345\034\000\325\367\240\271\013\265\024\321\362\354\211\250.\234s\225amc\305\035\366\276\037nD\277`\210\223N\3535\033\261\304f\331]\036\237\306o!\223\221\002\324\031\262\240R\177 ,\214\325\Q])\016\2067\277\t\354\010\000\360\215\2502\265\245\310\226\243c\302Ze\306\253#r\020\211\320iG\276\020E\317\035Sf\223F\254\033@\177e\277\016\010u\327\371&\262\312\317Q\2361t\377x\234\001v\003%\030\325_\225g\204\346a=\225\273\331\354\365*U\363\263N\367b\371\244\314-w\363\262\225Z\200\206\235\233\257?sE\2674\254\326mU\377?\177Ek\336\030!\316Aa\225\303\022\377{\210Y\226\271as\354L\035\004\341\361\035\301\024\220m#*\372\032\3178~\374\250\014*\323\342'z69\220\327\256\351G\367\317u\302\207\270b\315\333\333\334\310I\323&\014\352XZnW2.\335\347\202\021\247\362\212e\034\000\001\250\220\305;a\314\265R\310\017\317\331\235\360\262\240:\277\202\266\354\265X""\022\nh\252\352w\204\203\023]\001f\352\277\0031Q]\362\370R\350{\261\202\240\344\215\201\353\276\322p5p\350\354\017>\250r\241c\273\016\301\024\363\242\247\263\231\370\344\nBW\220K\316@3\243\200\036wk\253GSlU\010\360\231>\331\263H\214\324\030A\225\301o\346pkSF\004\241\213w9\223=\250\262*+\255\351r\265\244c\024\213\t\007`\223\325#\3477\210\345P\306\013\320\252[\0216+\227=`\371P\314\346 V7\271[~\n\237\274|\347\352@K\253~&\260\032\024\004B\200\255h\351\013\361\031:nG\211\005|\2003\266\274\251,W\006u\344\335d\003\306\212\313,\340\350bG\n\030Z\2732-\246\312\255\030\003\235207\005}D\260\0261ah\322M\304\216\273m0\271\234\237\007<w$\265C\245\232\033\023\313c\321B\032l\301h\005\320\252\301\361(\330[\343\357\343{\235\n\266g\272>\177\317\347\261qb&\270&\346ju\200\363N\320\307\004\034\001n\317\361\2653\254\2503\247\305\372\316W\022O\253x\250\025\373\247\354Tc\304\263\243^\352Gv\\264\261\r\035\226\306\2411\351\233\203\215\200$\231\300f\220\371c@\017\254\363\\371\340\340VaR\205~^\226\342t\360\022\204d\231\205)\272\364?\361!\334\331\315\254\230\rBG\314\023\246\244=\351\177\254\302b&\276+H;0\312\021&\275\036\237\350R\313\206R\331\304k\323u\263t\221\213yC\241\217A\242\027g\322\241'\212.E?B_\316\327\217J +\370\t^b\005\020\003\211\373\247|hC\271Nmk~J\270EU\274\036-\347\240\312FA\321\341bca\253\025\321\311\317\021\375\317\217\n\272\033o\353G>\275\361H\265\240\232um""\317\324`\214\221\314\000\211K\223+(""\200i \311\372g\254\343ZR0\224\275q\252\357\213\263\206N\357&Q\217\267\303\356I\236\357\264\311b\037\366\035\253\343\311\265\240\327q\206f\262ODi\215-\363>\034\236l\273\005G\316F\217}[\036\007\270:\260\335\271B\241N\345\330\204\327f\361\272Kb\0377p\334\264\237\177~\330]\252+:\317u\302h\n\351\n\364\231\277R\371\356\033y\265v\360Ny\246\332qY\262\231\251\n\305\334\202\305\362\n\367@k\231\016R:\327\242\366\242\253LZY\223$Gw^\203\302\311\316I7\371tTwp}\005|\372\214\251{R`\230V\244-\326I\351\255\325i\335\377\321\353\327\331\302\023\347y\016\263\271\317\306\017UV\314qu?\0064A\315{3D\010\016S\212\2353k0\361\214ID\303g\277\010Y_\001~\021\333\370\255\374\\331\306\255\336)\365Rth\024\t\300.M\315\321S\257\224\252\362\326P\316\303%nX\3742\333\036\004Y\264yG^\234\177\214\305q\237\274G\300a4\275\240s\215\222\210\016\020G\344=-:GK\312\035\271\201\350\376F\260G\347\000\235\365P6pmH\033\373\212c\377o\232\356\320D\002\277,]os{\354/?\312e\006wda\001\023\375\316\025\254\321\244\370+Y`\220\270\254\2601E[FI\310\235<qI \356\032v%\001\230\016\203\200\251UD\347\304\373\034\211\340@\342\033\263\365\356\341\357\350\324\035J\032\177\230\207\220\303+\207\352g\317N\027>\222M\271m\033\236\021:\272\233r\373\233hC}\256\020\210\010\233\335\025[ d(\343\263\327\177\030\246\254H\277\254E\231\006\033_lB\210\264\334Y\322\314\362\320L\000Q\240\317\3502\006,|\364\004\275\034\006\337\370""\330\364\202\314\315\311?\030\260\361u)\336\202\265Y\177X\227$\245tCB\345\314d\231A\300\204\371KJ\036\321\330\014]""EN\266$]\331\226c\351\312\376z\254\214\206B\274&M\032\376v\266\3104u)\r\312\021\273\030jJH\215G4\367fQ;\255\3404\372\225\341L\224\242\200VY\220\355\020\353I\n\363\266\036\311\003OR\250""\032\230\021]+$\302\005\224\270\033E\r\312\315}\200\2505\216\221\301\341\035[\247\325\236M^\360a\267\356\267\247]\357\236\n\207}P\2654\026`\256u\276\r&\026K\315a\3337\216.\240\362\263\327]\372\325\037\006\345\236\265\343\337g\271\317\315\374\3357gX\036\024'\357<$\322\323$\375\346&^\361\0009\022`\210$\005\261rTx\343\226\224vC\2607.\025\213@~\312\227\000 o\232\016\376|a3\352&\324\337\230\212\265o\2035\250\303\2760\241\364^\002Z\031Z!\300\002\364\004\232\355\234\202\021\371_~\346\024\242\247\366\231\036\370\365\313\014\307\362i\210e\030\317\336e\256\245\026R\036\304S\352]~a\353k\036W\036\333\243\313y\256\236\230\270\325\233\373\001c\343\030e+OD\224O\347\364mD\216\220lA\251D\0246\305z\207\225\254\360\010\233K$\222\242w\316\025\202/\356\266\371/\256\354\300\373\252\344\245^L==\235\021\032V\220\341+U\353\274\372=u\225\337\321k\342\217\031\035&\261k*\264\227\2326\315\307\363\323\325\303\032N\256*\307\327 \235\332\207u\210\271\257\306g\231i*\260\326k\001"";   nodeid: ""\260\000\000\000\000\000\000\000\000\000\000\000\000\000\000\000\000\000\000\000\000\000\000\000\000\000\000\000\000\000\000\000\001""; }; ","ledgerHash: ""\315\004\203\271\200\243u\010|\336\346\203L\367\300g\364H\302\267\0331\0265+\223\224\300\342tR\375""; ledgerSeq: 56; type: liAS_NODE; nodes {;   nodedata: ""\021\000h""\000\000\000\000 \033\000\000\0007\002\023\307?\330\356GuH\375\327!\255\371\r\231\262R\256J\034\222\241\355X\265E\241^W\225\304\014\361CX-}\351f\032\255\274\334m\326c\017\014ao[\342\230\003\245\245\3341Hm\326^\017jy\335\261\032Yt\320\244{g\0306\\302\303*\341\215\223\257\364\277o\375\000r\241SOq\221\253\262\005\017\375T\356\014\360o'\030\311-\267\031\257!\031T\006><\315XM\334\324\345\034\000\325\367\240\271\013\265\024\321\362\354\211\250.\234s\225amc\305\035\366\276\037nD\277`\210\223N\3535\033\261\304f\331]\036\237\306o!\223\221\002\324\031\262\240R\177 ,\214\325\Q])\016\2067\277\t\354\010\000\360\215\2502\265\245\310\226\243c\302Ze\306\253#r\020\211\320iG\276\020E\317\035Sf\223F\254\033@\177e\277\016\010u\327\371&\262\312\317Q\2361t\377x\234\001v\003%\030\325_\225g\204\346a=\225\273\331\354\365*U\363\263N\367b\371\244\314-w\363\262\225Z\200\206\235\233\257?sE\2674\254\326mU\377?\177Ek\336\030!\316Aa\225\303\022\377{\210Y\226\271as\354L\035\004\341\361\035\301\024\220m#*\372\032\3178~\374\250\014*\323\342'z69\220\327\256\351G\367\317u\302\207\270b\315\333\333\334\310I\323&\014\352XZnW2.\335\347\202\021\247\362\212e\034\000\001\250\220\305;a\314\265R\310\017\317\331\235\360\262\240:\277\202\266\354\265X""\022\nh\252\352w\204\203\023]\001f\352\277\0031Q]\362\370R\350{\261\202\240\344\215\201\353\276\322p5p\350\354\017>\250r\241c\273\016\301\024\363\242\247\263\231\370\344\nBW\220K\316@3\243\200\036wk\253GSlU\010\360\231>\331\263H\214\324\030A\225\301o\346pkSF\004\241\213w9\223=\250\262*+\255\351r\265\244c\024\213\t\007`\223\325#\3477\210\345P\306\013\320\252[\0216+\227=`\371P\314\346 V7\271[~\n\237\274|\347\352@K\253~&\260\032\024\004B\200\255h\351\013\361\031:nG\211\005|\2003\266\274\251,W\006u\344\335d\003\306\212\313,\340\350bG\n\030Z\2732-\246\312\255\030\003\235207\005}D\260\0261ah\322M\304\216\273m0\271\234\237\007<w$\265C\245\232\033\023\313c\321B\032l\301h\005\320\252\301\361(\330[\343\357\343{\235\n\266g\272>\177\317\347\261qb&\270&\346ju\200\363N\320\307\004\034\001n\317\361\2653\254\2503\247\305\372\316W\022O\253x\250\025\373\247\354Tc\304\263\243^\352Gv\\264\261\r\035\226\306\2411\351\233\203\215\200$\231\300f\220\371c@\017\254\363\\371\340\340VaR\205~^\226\342t\360\022\204d\231\205)\272\364?\361!\334\331\315\254\230\rBG\314\023\246\244=\351\177\254\302b&\276+H;0\312\021&\275\036\237\350R\313\206R\331\304k\323u\263t\221\213yC\241\217A\242\027g\322\241'\212.E?B_\316\327\217J +\370\t^b\005\020\003\211\373\247|hC\271Nmk~J\270EU\274\036-\347\240\312FA\321\341bca\253\025\321\311\317\021\375\317\217\n\272\033o\353G>\275\361H\265\240\232um""\317\324`\214\221\314\000\211K\223+(""\200i \311\372g\254\343ZR0\224\275q\252\357\213\263\206N\357&Q\217\267\303\356I\236\357\264\311b\037\366\035\253\343\311\265\240\327q\206f\262ODi\215-\363>\034\236l\273\005G\316F\217}[\036\007\270:\260\335\271B\241N\345\330\204\327f\361\272Kb\0377p\334\264\237\177~\330]\252+:\317u\302h\n\351\n\364\231\277R\371\356\033y\265v\360Ny\246\332qY\262\231\251\n\305\334\202\305\362\n\367@k\231\016R:\327\242\366\242\253LZY\223$Gw^\203\302\311\316I7\371tTwp}\005|\372\214\251{R`\230V\244-\326I\351\255\325i\335\377\321\353\327\331\302\023\347y\016\263\271\317\306\017UV\314qu?\0064A\315{3D\010\016S\212\2353k0\361\214ID\303g\277\010Y_\001~\021\333\370\255\374\\331\306\255\336)\365Rth\024\t\300.M\315\321S\257\224\252\362\326P\316\303%nX\3742\333\036\004Y\264yG^\234\177\214\305q\237\274G\300a4\275\240s\215\222\210\016\020G\344=-:GK\312\035\271\201\350\376F\260G\347\000\235\365P6pmH\033\373\212c\377o\232\356\320D\002\277,]os{\354/?\312e\006wda\001\023\375\316\025\254\321\244\370+Y`\220\270\254\2601E[FI\310\235<qI \356\032v%\001\230\016\203\200\251UD\347\304\373\034\211\340@\342\033\263\365\356\341\357\350\324\035J\032\177\230\207\220\303+\207\352g\317N\027>\222M\271m\033\236\021:\272\233r\373\233hC}\256\020\210\010\233\335\025[ d(\343\263\327\177\030\246\254H\277\254E\231\006\033_lB\210\264\334Y\322\314\362\320L\000Q\240\317\3502\006,|\364\004\275\034\006\337\370""\330\364\202\314\315\311?\030\260\361u)\336\202\265Y\177X\227$\245tCB\345\314d\231A\300\204\371KJ\036\321\330\014]""EN\266$]\331\226c\351\312\376z\254\214\206B\274&M\032\376v\266\3104u)\r\312\021\273\030jJH\215G4\367fQ;\255\3404\372\225\341L\224\242\200VY\220\355\020\353I\n\363\266\036\311\003OR\250""\032\230\021]+$\302\005\224\270\033E\r\312\315}\200\2505\216\221\301\341\035[\247\325\236M^\360a\267\356\267\247]\357\236\n\207}P\2654\026`\256u\276\r&\026K\315a\3337\216.\240\362\263\327]\372\325\037\006\345\236\265\343\337g\271\317\315\374\3357gX\036\024'\357<$\322\323$\375\346&^\361\0009\022`\210$\005\261rTx\343\226\224vC\2607.\025\213@~\312\227\000 o\232\016\376|a3\352&\324\337\230\212\265o\2035\250\303\2760\241\364^\002Z\031Z!\300\002\364\004\232\355\234\202\021\371_~\346\024\242\247\366\231\036\370\365\313\014\307\362i\210e\030\317\336e\256\245\026R\036\304S\352]~a\353k\036W\036\333\243\313y\256\236\230\270\325\233\373\001c\343\030e+OD\224O\347\364mD\216\220lA\251D\0246\305z\207\225\254\360\010\233K$\222\242w\316\025\202/\356\266\371/\256\354\300\373\252\344\245^L==\235\021\032V\220\341+U\353\274\372=u\225\337\321k\342\217\031\035&\261k*\264\227\2326\315\307\363\323\325\303\032N\256*\307\327 \235\332\207u\210\271\257\306g\231i*\260\326k\001"";   nodeid: ""\260\000\000\000\000\000\000\000\000\000\000\000\000\000\000\000\000\000\000\000\000\000\000\000\000\000\000\000\000\000\000\000\001""; }; "
1750527708550,1750527708550,0,1,3,0,TMLedgerData,"ledgerHash: ""\315\004\203\271\200\243u\010|\336\346\203L\367\300g\364H\302\267\0331\0265+\223\224\300\342tR\375""; ledgerSeq: 56; type: liBASE; nodes {;   nodedata: ""\000\000\0008\001cEx]\211\377\330\252\344\245^L==\235\021\032V\220\341+U\353\274\372=u\225\337\321k\342\217\031\035&\261k*\000\000\000\000\000\000\000\000\000\000\000\000\000\000\000\000\000\000\000\000\000\000\000\000\000\000\000\000\000\000\000\000(;c\260\360y\203`\3648\264Y\034\255\317&\276\225\231\205\335\300\362H\235\240O \2657\321~/\351\253V/\351\253^\n\000""; }; nodes {;   nodedata: ""\323C\344\327\264{\312-\017:\006{\177\344N\002\326bO\260\220\006\033\362\345\005U\221DzJ0\001\301\025%1L\307\t\261\262z\374\222T\301\274V\236\223\262\270Ct\362\337b\356\024*\324\320\351\317\002k\336\234\027v\351\217\260\303\360\233ZPZWr\246$w\313\313\r\243r\232\2234\373\3539:N\004Q\245\272D\312D\300\300\t\323\0257\345e\271\na\215{\226\255x%T\257\037\333\004\344_/R\006E\344\037@\210\363\010\336T\226\247'\204_{\261\370""1\235\2445\343\033Y!\212\201\341\272\225'\00751&g\216\347L\223\352\342\273\335e1\244a\tB\340\341\274\331\002\326\243\306`\310\207\367\376X\013\003""; }; requestCookie: 3; ","ledgerHash: ""\315\004\203\271\200\243u\010|\336\346\203L\367\300g\364H\302\267\0331\0265+\223\224\300\342tR\375""; ledgerSeq: 56; type: liBASE; nodes {;   nodedata: ""\000\000\0008\001cEx]\211\377\330\252\344\245^L==\235\021\032V\220\341+U\353\274\372=u\225\337\321k\342\217\031\035&\261k*\000\000\000\000\000\000\000\000\000\000\000\000\000\000\000\000\000\000\000\000\000\000\000\000\000\000\000\000\000\000\000\000(;c\260\360y\203`\3648\264Y\034\255\317&\276\225\231\205\335\300\362H\235\240O \2657\321~/\351\253V/\351\253^\n\000""; }; nodes {;   nodedata: ""\323C\344\327\264{\312-\017:\006{\177\344N\002\326bO\260\220\006\033\362\345\005U\221DzJ0\001\301\025%1L\307\t\261\262z\374\222T\301\274V\236\223\262\270Ct\362\337b\356\024*\324\320\351\317\002k\336\234\027v\351\217\260\303\360\233ZPZWr\246$w\313\313\r\243r\232\2234\373\3539:N\004Q\245\272D\312D\300\300\t\323\0257\345e\271\na\215{\226\255x%T\257\037\333\004\344_/R\006E\344\037@\210\363\010\336T\226\247'\204_{\261\370""1\235\2445\343\033Y!\212\201\341\272\225'\00751&g\216\347L\223\352\342\273\335e1\244a\tB\340\341\274\331\002\326\243\306`\310\207\367\376X\013\003""; }; requestCookie: 3; "
1750527708551,1750527708552,0,1,3,0,TMLedgerData,"ledgerHash: ""\315\004\203\271\200\243u\010|\336\346\203L\367\300g\364H\302\267\0331\0265+\223\224\300\342tR\375""; ledgerSeq: 56; type: liBASE; nodes {;   nodedata: ""\000\000\0008\001cEx]\211\377\330\252\344\245^L==\235\021\032V\220\341+U\353\274\372=u\225\337\321k\342\217\031\035&\261k*\000\000\000\000\000\000\000\000\000\000\000\000\000\000\000\000\000\000\000\000\000\000\000\000\000\000\000\000\000\000\000\000(;c\260\360y\203`\3648\264Y\034\255\317&\276\225\231\205\335\300\362H\235\240O \2657\321~/\351\253V/\351\253^\n\000""; }; nodes {;   nodedata: ""\323C\344\327\264{\312-\017:\006{\177\344N\002\326bO\260\220\006\033\362\345\005U\221DzJ0\001\301\025%1L\307\t\261\262z\374\222T\301\274V\236\223\262\270Ct\362\337b\356\024*\324\320\351\317\002k\336\234\027v\351\217\260\303\360\233ZPZWr\246$w\313\313\r\243r\232\2234\373\3539:N\004Q\245\272D\312D\300\300\t\323\0257\345e\271\na\215{\226\255x%T\257\037\333\004\344_/R\006E\344\037@\210\363\010\336T\226\247'\204_{\261\370""1\235\2445\343\033Y!\212\201\341\272\225'\00751&g\216\347L\223\352\342\273\335e1\244a\tB\340\341\274\331\002\326\243\306`\310\207\367\376X\013\003""; }; requestCookie: 5; ","ledgerHash: ""\315\004\203\271\200\243u\010|\336\346\203L\367\300g\364H\302\267\0331\0265+\223\224\300\342tR\375""; ledgerSeq: 56; type: liBASE; nodes {;   nodedata: ""\000\000\0008\001cEx]\211\377\330\252\344\245^L==\235\021\032V\220\341+U\353\274\372=u\225\337\321k\342\217\031\035&\261k*\000\000\000\000\000\000\000\000\000\000\000\000\000\000\000\000\000\000\000\000\000\000\000\000\000\000\000\000\000\000\000\000(;c\260\360y\203`\3648\264Y\034\255\317&\276\225\231\205\335\300\362H\235\240O \2657\321~/\351\253V/\351\253^\n\000""; }; nodes {;   nodedata: ""\323C\344\327\264{\312-\017:\006{\177\344N\002\326bO\260\220\006\033\362\345\005U\221DzJ0\001\301\025%1L\307\t\261\262z\374\222T\301\274V\236\223\262\270Ct\362\337b\356\024*\324\320\351\317\002k\336\234\027v\351\217\260\303\360\233ZPZWr\246$w\313\313\r\243r\232\2234\373\3539:N\004Q\245\272D\312D\300\300\t\323\0257\345e\271\na\215{\226\255x%T\257\037\333\004\344_/R\006E\344\037@\210\363\010\336T\226\247'\204_{\261\370""1\235\2445\343\033Y!\212\201\341\272\225'\00751&g\216\347L\223\352\342\273\335e1\244a\tB\340\341\274\331\002\326\243\306`\310\207\367\376X\013\003""; }; requestCookie: 5; "
1750527708552,1750527708552,0,1,3,4,TMLedgerData,"ledgerHash: ""\315\004\203\271\200\243u\010|\336\346\203L\367\300g\364H\302\267\0331\0265+\223\224\300\342tR\375""; ledgerSeq: 56; type: liBASE; nodes {;   nodedata: ""\000\000\0008\001cEx]\211\377\330\252\344\245^L==\235\021\032V\220\341+U\353\274\372=u\225\337\321k\342\217\031\035&\261k*\000\000\000\000\000\000\000\000\000\000\000\000\000\000\000\000\000\000\000\000\000\000\000\000\000\000\000\000\000\000\000\000(;c\260\360y\203`\3648\264Y\034\255\317&\276\225\231\205\335\300\362H\235\240O \2657\321~/\351\253V/\351\253^\n\000""; }; nodes {;   nodedata: ""\323C\344\327\264{\312-\017:\006{\177\344N\002\326bO\260\220\006\033\362\345\005U\221DzJ0\001\301\025%1L\307\t\261\262z\374\222T\301\274V\236\223\262\270Ct\362\337b\356\024*\324\320\351\317\002k\336\234\027v\351\217\260\303\360\233ZPZWr\246$w\313\313\r\243r\232\2234\373\3539:N\004Q\245\272D\312D\300\300\t\323\0257\345e\271\na\215{\226\255x%T\257\037\333\004\344_/R\006E\344\037@\210\363\010\336T\226\247'\204_{\261\370""1\235\2445\343\033Y!\212\201\341\272\225'\00751&g\216\347L\223\352\342\273\335e1\244a\tB\340\341\274\331\002\326\243\306`\310\207\367\376X\013\003""; }; requestCookie: 3; ","ledgerHash: ""\315\004\203\271\200\243u\010|\336\346\203L\367\300g\364H\302\267\0331\0265+\223\224\300\342tR\375""; ledgerSeq: 56; type: liBASE; nodes {;   nodedata: ""\000\000\0008\001cEx]\211\377\330\252\344\245^L==\235\021\032V\220\341+U\353\274\372=u\225\337\321k\342\217\031\035&\261k*\000\000\000\000\000\000\000\000\000\000\000\000\000\000\000\000\000\000\000\000\000\000\000\000\000\000\000\000\000\000\000\000(;c\260\360y\203`\3648\264Y\034\255\317&\276\225\231\205\335\300\362H\235\240O \2657\321~/\351\253V/\351\253^\n\000""; }; nodes {;   nodedata: ""\323C\344\327\264{\312-\017:\006{\177\344N\002\326bO\260\220\006\033\362\345\005U\221DzJ0\001\301\025%1L\307\t\261\262z\374\222T\301\274V\236\223\262\270Ct\362\337b\356\024*\324\320\351\317\002k\336\234\027v\351\217\260\303\360\233ZPZWr\246$w\313\313\r\243r\232\2234\373\3539:N\004Q\245\272D\312D\300\300\t\323\0257\345e\271\na\215{\226\255x%T\257\037\333\004\344_/R\006E\344\037@\210\363\010\336T\226\247'\204_{\261\370""1\235\2445\343\033Y!\212\201\341\272\225'\00751&g\216\347L\223\352\342\273\335e1\244a\tB\340\341\274\331\002\326\243\306`\310\207\367\376X\013\003""; }; requestCookie: 3; "
1750527708553,1750527708553,0,1,4,0,TMLedgerData,"ledgerHash: ""\315\004\203\271\200\243u\010|\336\346\203L\367\300g\364H\302\267\0331\0265+\223\224\300\342tR\375""; ledgerSeq: 56; type: liBASE; nodes {;   nodedata: ""\000\000\0008\001cEx]\211\377\330\252\344\245^L==\235\021\032V\220\341+U\353\274\372=u\225\337\321k\342\217\031\035&\261k*\000\000\000\000\000\000\000\000\000\000\000\000\000\000\000\000\000\000\000\000\000\000\000\000\000\000\000\000\000\000\000\000(;c\260\360y\203`\3648\264Y\034\255\317&\276\225\231\205\335\300\362H\235\240O \2657\321~/\351\253V/\351\253^\n\000""; }; nodes {;   nodedata: ""\323C\344\327\264{\312-\017:\006{\177\344N\002\326bO\260\220\006\033\362\345\005U\221DzJ0\001\301\025%1L\307\t\261\262z\374\222T\301\274V\236\223\262\270Ct\362\337b\356\024*\324\320\351\317\002k\336\234\027v\351\217\260\303\360\233ZPZWr\246$w\313\313\r\243r\232\2234\373\3539:N\004Q\245\272D\312D\300\300\t\323\0257\345e\271\na\215{\226\255x%T\257\037\333\004\344_/R\006E\344\037@\210\363\010\336T\226\247'\204_{\261\370""1\235\2445\343\033Y!\212\201\341\272\225'\00751&g\216\347L\223\352\342\273\335e1\244a\tB\340\341\274\331\002\326\243\306`\310\207\367\376X\013\003""; }; ","ledgerHash: ""\315\004\203\271\200\243u\010|\336\346\203L\367\300g\364H\302\267\0331\0265+\223\224\300\342tR\375""; ledgerSeq: 56; type: liBASE; nodes {;   nodedata: ""\000\000\0008\001cEx]\211\377\330\252\344\245^L==\235\021\032V\220\341+U\353\274\372=u\225\337\321k\342\217\031\035&\261k*\000\000\000\000\000\000\000\000\000\000\000\000\000\000\000\000\000\000\000\000\000\000\000\000\000\000\000\000\000\000\000\000(;c\260\360y\203`\3648\264Y\034\255\317&\276\225\231\205\335\300\362H\235\240O \2657\321~/\351\253V/\351\253^\n\000""; }; nodes {;   nodedata: ""\323C\344\327\264{\312-\017:\006{\177\344N\002\326bO\260\220\006\033\362\345\005U\221DzJ0\001\301\025%1L\307\t\261\262z\374\222T\301\274V\236\223\262\270Ct\362\337b\356\024*\324\320\351\317\002k\336\234\027v\351\217\260\303\360\233ZPZWr\246$w\313\313\r\243r\232\2234\373\3539:N\004Q\245\272D\312D\300\300\t\323\0257\345e\271\na\215{\226\255x%T\257\037\333\004\344_/R\006E\344\037@\210\363\010\336T\226\247'\204_{\261\370""1\235\2445\343\033Y!\212\201\341\272\225'\00751&g\216\347L\223\352\342\273\335e1\244a\tB\340\341\274\331\002\326\243\306`\310\207\367\376X\013\003""; }; "
1750527708554,1750527708554,0,1,3,4,TMLedgerData,"ledgerHash: ""\315\004\203\271\200\243u\010|\336\346\203L\367\300g\364H\302\267\0331\0265+\223\224\300\342tR\375""; ledgerSeq: 56; type: liBASE; nodes {;   nodedata: ""\000\000\0008\001cEx]\211\377\330\252\344\245^L==\235\021\032V\220\341+U\353\274\372=u\225\337\321k\342\217\031\035&\261k*\000\000\000\000\000\000\000\000\000\000\000\000\000\000\000\000\000\000\000\000\000\000\000\000\000\000\000\000\000\000\000\000(;c\260\360y\203`\3648\264Y\034\255\317&\276\225\231\205\335\300\362H\235\240O \2657\321~/\351\253V/\351\253^\n\000""; }; nodes {;   nodedata: ""\323C\344\327\264{\312-\017:\006{\177\344N\002\326bO\260\220\006\033\362\345\005U\221DzJ0\001\301\025%1L\307\t\261\262z\374\222T\301\274V\236\223\262\270Ct\362\337b\356\024*\324\320\351\317\002k\336\234\027v\351\217\260\303\360\233ZPZWr\246$w\313\313\r\243r\232\2234\373\3539:N\004Q\245\272D\312D\300\300\t\323\0257\345e\271\na\215{\226\255x%T\257\037\333\004\344_/R\006E\344\037@\210\363\010\336T\226\247'\204_{\261\370""1\235\2445\343\033Y!\212\201\341\272\225'\00751&g\216\347L\223\352\342\273\335e1\244a\tB\340\341\274\331\002\326\243\306`\310\207\367\376X\013\003""; }; requestCookie: 2; ","ledgerHash: ""\315\004\203\271\200\243u\010|\336\346\203L\367\300g\364H\302\267\0331\0265+\223\224\300\342tR\375""; ledgerSeq: 56; type: liBASE; nodes {;   nodedata: ""\000\000\0008\001cEx]\211\377\330\252\344\245^L==\235\021\032V\220\341+U\353\274\372=u\225\337\321k\342\217\031\035&\261k*\000\000\000\000\000\000\000\000\000\000\000\000\000\000\000\000\000\000\000\000\000\000\000\000\000\000\000\000\000\000\000\000(;c\260\360y\203`\3648\264Y\034\255\317&\276\225\231\205\335\300\362H\235\240O \2657\321~/\351\253V/\351\253^\n\000""; }; nodes {;   nodedata: ""\323C\344\327\264{\312-\017:\006{\177\344N\002\326bO\260\220\006\033\362\345\005U\221DzJ0\001\301\025%1L\307\t\261\262z\374\222T\301\274V\236\223\262\270Ct\362\337b\356\024*\324\320\351\317\002k\336\234\027v\351\217\260\303\360\233ZPZWr\246$w\313\313\r\243r\232\2234\373\3539:N\004Q\245\272D\312D\300\300\t\323\0257\345e\271\na\215{\226\255x%T\257\037\333\004\344_/R\006E\344\037@\210\363\010\336T\226\247'\204_{\261\370""1\235\2445\343\033Y!\212\201\341\272\225'\00751&g\216\347L\223\352\342\273\335e1\244a\tB\340\341\274\331\002\326\243\306`\310\207\367\376X\013\003""; }; requestCookie: 2; "
1750527708555,1750527708555,0,1,3,1,TMLedgerData,"ledgerHash: ""\315\004\203\271\200\243u\010|\336\346\203L\367\300g\364H\302\267\0331\0265+\223\224\300\342tR\375""; ledgerSeq: 56; type: liBASE; nodes {;   nodedata: ""\000\000\0008\001cEx]\211\377\330\252\344\245^L==\235\021\032V\220\341+U\353\274\372=u\225\337\321k\342\217\031\035&\261k*\000\000\000\000\000\000\000\000\000\000\000\000\000\000\000\000\000\000\000\000\000\000\000\000\000\000\000\000\000\000\000\000(;c\260\360y\203`\3648\264Y\034\255\317&\276\225\231\205\335\300\362H\235\240O \2657\321~/\351\253V/\351\253^\n\000""; }; nodes {;   nodedata: ""\323C\344\327\264{\312-\017:\006{\177\344N\002\326bO\260\220\006\033\362\345\005U\221DzJ0\001\301\025%1L\307\t\261\262z\374\222T\301\274V\236\223\262\270Ct\362\337b\356\024*\324\320\351\317\002k\336\234\027v\351\217\260\303\360\233ZPZWr\246$w\313\313\r\243r\232\2234\373\3539:N\004Q\245\272D\312D\300\300\t\323\0257\345e\271\na\215{\226\255x%T\257\037\333\004\344_/R\006E\344\037@\210\363\010\336T\226\247'\204_{\261\370""1\235\2445\343\033Y!\212\201\341\272\225'\00751&g\216\347L\223\352\342\273\335e1\244a\tB\340\341\274\331\002\326\243\306`\310\207\367\376X\013\003""; }; requestCookie: 5; ","ledgerHash: ""\315\004\203\271\200\243u\010|\336\346\203L\367\300g\364H\302\267\0331\0265+\223\224\300\342tR\375""; ledgerSeq: 56; type: liBASE; nodes {;   nodedata: ""\000\000\0008\001cEx]\211\377\330\252\344\245^L==\235\021\032V\220\341+U\353\274\372=u\225\337\321k\342\217\031\035&\261k*\000\000\000\000\000\000\000\000\000\000\000\000\000\000\000\000\000\000\000\000\000\000\000\000\000\000\000\000\000\000\000\000(;c\260\360y\203`\3648\264Y\034\255\317&\276\225\231\205\335\300\362H\235\240O \2657\321~/\351\253V/\351\253^\n\000""; }; nodes {;   nodedata: ""\323C\344\327\264{\312-\017:\006{\177\344N\002\326bO\260\220\006\033\362\345\005U\221DzJ0\001\301\025%1L\307\t\261\262z\374\222T\301\274V\236\223\262\270Ct\362\337b\356\024*\324\320\351\317\002k\336\234\027v\351\217\260\303\360\233ZPZWr\246$w\313\313\r\243r\232\2234\373\3539:N\004Q\245\272D\312D\300\300\t\323\0257\345e\271\na\215{\226\255x%T\257\037\333\004\344_/R\006E\344\037@\210\363\010\336T\226\247'\204_{\261\370""1\235\2445\343\033Y!\212\201\341\272\225'\00751&g\216\347L\223\352\342\273\335e1\244a\tB\340\341\274\331\002\326\243\306`\310\207\367\376X\013\003""; }; requestCookie: 5; "
1750527708555,1750527708555,0,1,3,1,TMLedgerData,"ledgerHash: ""\315\004\203\271\200\243u\010|\336\346\203L\367\300g\364H\302\267\0331\0265+\223\224\300\342tR\375""; ledgerSeq: 56; type: liBASE; nodes {;   nodedata: ""\000\000\0008\001cEx]\211\377\330\252\344\245^L==\235\021\032V\220\341+U\353\274\372=u\225\337\321k\342\217\031\035&\261k*\000\000\000\000\000\000\000\000\000\000\000\000\000\000\000\000\000\000\000\000\000\000\000\000\000\000\000\000\000\000\000\000(;c\260\360y\203`\3648\264Y\034\255\317&\276\225\231\205\335\300\362H\235\240O \2657\321~/\351\253V/\351\253^\n\000""; }; nodes {;   nodedata: ""\323C\344\327\264{\312-\017:\006{\177\344N\002\326bO\260\220\006\033\362\345\005U\221DzJ0\001\301\025%1L\307\t\261\262z\374\222T\301\274V\236\223\262\270Ct\362\337b\356\024*\324\320\351\317\002k\336\234\027v\351\217\260\303\360\233ZPZWr\246$w\313\313\r\243r\232\2234\373\3539:N\004Q\245\272D\312D\300\300\t\323\0257\345e\271\na\215{\226\255x%T\257\037\333\004\344_/R\006E\344\037@\210\363\010\336T\226\247'\204_{\261\370""1\235\2445\343\033Y!\212\201\341\272\225'\00751&g\216\347L\223\352\342\273\335e1\244a\tB\340\341\274\331\002\326\243\306`\310\207\367\376X\013\003""; }; requestCookie: 3; ","ledgerHash: ""\315\004\203\271\200\243u\010|\336\346\203L\367\300g\364H\302\267\0331\0265+\223\224\300\342tR\375""; ledgerSeq: 56; type: liBASE; nodes {;   nodedata: ""\000\000\0008\001cEx]\211\377\330\252\344\245^L==\235\021\032V\220\341+U\353\274\372=u\225\337\321k\342\217\031\035&\261k*\000\000\000\000\000\000\000\000\000\000\000\000\000\000\000\000\000\000\000\000\000\000\000\000\000\000\000\000\000\000\000\000(;c\260\360y\203`\3648\264Y\034\255\317&\276\225\231\205\335\300\362H\235\240O \2657\321~/\351\253V/\351\253^\n\000""; }; nodes {;   nodedata: ""\323C\344\327\264{\312-\017:\006{\177\344N\002\326bO\260\220\006\033\362\345\005U\221DzJ0\001\301\025%1L\307\t\261\262z\374\222T\301\274V\236\223\262\270Ct\362\337b\356\024*\324\320\351\317\002k\336\234\027v\351\217\260\303\360\233ZPZWr\246$w\313\313\r\243r\232\2234\373\3539:N\004Q\245\272D\312D\300\300\t\323\0257\345e\271\na\215{\226\255x%T\257\037\333\004\344_/R\006E\344\037@\210\363\010\336T\226\247'\204_{\261\370""1\235\2445\343\033Y!\212\201\341\272\225'\00751&g\216\347L\223\352\342\273\335e1\244a\tB\340\341\274\331\002\326\243\306`\310\207\367\376X\013\003""; }; requestCookie: 3; "
1750527708556,1750527708557,0,1,2,4,TMLedgerData,"ledgerHash: ""\315\004\203\271\200\243u\010|\336\346\203L\367\300g\364H\302\267\0331\0265+\223\224\300\342tR\375""; ledgerSeq: 56; type: liBASE; nodes {;   nodedata: ""\000\000\0008\001cEx]\211\377\330\252\344\245^L==\235\021\032V\220\341+U\353\274\372=u\225\337\321k\342\217\031\035&\261k*\000\000\000\000\000\000\000\000\000\000\000\000\000\000\000\000\000\000\000\000\000\000\000\000\000\000\000\000\000\000\000\000(;c\260\360y\203`\3648\264Y\034\255\317&\276\225\231\205\335\300\362H\235\240O \2657\321~/\351\253V/\351\253^\n\000""; }; nodes {;   nodedata: ""\323C\344\327\264{\312-\017:\006{\177\344N\002\326bO\260\220\006\033\362\345\005U\221DzJ0\001\301\025%1L\307\t\261\262z\374\222T\301\274V\236\223\262\270Ct\362\337b\356\024*\324\320\351\317\002k\336\234\027v\351\217\260\303\360\233ZPZWr\246$w\313\313\r\243r\232\2234\373\3539:N\004Q\245\272D\312D\300\300\t\323\0257\345e\271\na\215{\226\255x%T\257\037\333\004\344_/R\006E\344\037@\210\363\010\336T\226\247'\204_{\261\370""1\235\2445\343\033Y!\212\201\341\272\225'\00751&g\216\347L\223\352\342\273\335e1\244a\tB\340\341\274\331\002\326\243\306`\310\207\367\376X\013\003""; }; ","ledgerHash: ""\315\004\203\271\200\243u\010|\336\346\203L\367\300g\364H\302\267\0331\0265+\223\224\300\342tR\375""; ledgerSeq: 56; type: liBASE; nodes {;   nodedata: ""\000\000\0008\001cEx]\211\377\330\252\344\245^L==\235\021\032V\220\341+U\353\274\372=u\225\337\321k\342\217\031\035&\261k*\000\000\000\000\000\000\000\000\000\000\000\000\000\000\000\000\000\000\000\000\000\000\000\000\000\000\000\000\000\000\000\000(;c\260\360y\203`\3648\264Y\034\255\317&\276\225\231\205\335\300\362H\235\240O \2657\321~/\351\253V/\351\253^\n\000""; }; nodes {;   nodedata: ""\323C\344\327\264{\312-\017:\006{\177\344N\002\326bO\260\220\006\033\362\345\005U\221DzJ0\001\301\025%1L\307\t\261\262z\374\222T\301\274V\236\223\262\270Ct\362\337b\356\024*\324\320\351\317\002k\336\234\027v\351\217\260\303\360\233ZPZWr\246$w\313\313\r\243r\232\2234\373\3539:N\004Q\245\272D\312D\300\300\t\323\0257\345e\271\na\215{\226\255x%T\257\037\333\004\344_/R\006E\344\037@\210\363\010\336T\226\247'\204_{\261\370""1\235\2445\343\033Y!\212\201\341\272\225'\00751&g\216\347L\223\352\342\273\335e1\244a\tB\340\341\274\331\002\326\243\306`\310\207\367\376X\013\003""; }; "
1750527708557,1750527708558,0,1,3,4,TMLedgerData,"ledgerHash: ""\315\004\203\271\200\243u\010|\336\346\203L\367\300g\364H\302\267\0331\0265+\223\224\300\342tR\375""; ledgerSeq: 56; type: liAS_NODE; nodes {;   nodedata: ""\021\000h""\000\000\000\000 \033\000\000\0007\002\023\307?\330\356GuH\375\327!\255\371\r\231\262R\256J\034\222\241\355X\265E\241^W\225\304\014\361CX-}\351f\032\255\274\334m\326c\017\014ao[\342\230\003\245\245\3341Hm\326^\017jy\335\261\032Yt\320\244{g\0306\\302\303*\341\215\223\257\364\277o\375\000r\241SOq\221\253\262\005\017\375T\356\014\360o'\030\311-\267\031\257!\031T\006><\315XM\334\324\345\034\000\325\367\240\271\013\265\024\321\362\354\211\250.\234s\225amc\305\035\366\276\037nD\277`\210\223N\3535\033\261\304f\331]\036\237\306o!\223\221\002\324\031\262\240R\177 ,\214\325\Q])\016\2067\277\t\354\010\000\360\215\2502\265\245\310\226\243c\302Ze\306\253#r\020\211\320iG\276\020E\317\035Sf\223F\254\033@\177e\277\016\010u\327\371&\262\312\317Q\2361t\377x\234\001v\003%\030\325_\225g\204\346a=\225\273\331\354\365*U\363\263N\367b\371\244\314-w\363\262\225Z\200\206\235\233\257?sE\2674\254\326mU\377?\177Ek\336\030!\316Aa\225\303\022\377{\210Y\226\271as\354L\035\004\341\361\035\301\024\220m#*\372\032\3178~\374\250\014*\323\342'z69\220\327\256\351G\367\317u\302\207\270b\315\333\333\334\310I\323&\014\352XZnW2.\335\347\202\021\247\362\212e\034\000\001\250\220\305;a\314\265R\310\017\317\331\235\360\262\240:\277\202\266\354\265X""\022\nh\252\352w\204\203\023]\001f\352\277\0031Q]\362\370R\350{\261\202\240\344\215\201\353\276\322p5p\350\354\017>\250r\241c\273\016\301\024\363\242\247\263\231\370\344\nBW\220K\316@3\243\200\036wk\253GSlU\010\360\231>\331\263H\214\324\030A\225\301o\346pkSF\004\241\213w9\223=\250\262*+\255\351r\265\244c\024\213\t\007`\223\325#\3477\210\345P\306\013\320\252[\0216+\227=`\371P\314\346 V7\271[~\n\237\274|\347\352@K\253~&\260\032\024\004B\200\255h\351\013\361\031:nG\211\005|\2003\266\274\251,W\006u\344\335d\003\306\212\313,\340\350bG\n\030Z\2732-\246\312\255\030\003\235207\005}D\260\0261ah\322M\304\216\273m0\271\234\237\007<w$\265C\245\232\033\023\313c\321B\032l\301h\005\320\252\301\361(\330[\343\357\343{\235\n\266g\272>\177\317\347\261qb&\270&\346ju\200\363N\320\307\004\034\001n\317\361\2653\254\2503\247\305\372\316W\022O\253x\250\025\373\247\354Tc\304\263\243^\352Gv\\264\261\r\035\226\306\2411\351\233\203\215\200$\231\300f\220\371c@\017\254\363\\371\340\340VaR\205~^\226\342t\360\022\204d\231\205)\272\364?\361!\334\331\315\254\230\rBG\314\023\246\244=\351\177\254\302b&\276+H;0\312\021&\275\036\237\350R\313\206R\331\304k\323u\263t\221\213yC\241\217A\242\027g\322\241'\212.E?B_\316\327\217J +\370\t^b\005\020\003\211\373\247|hC\271Nmk~J\270EU\274\036-\347\240\312FA\321\341bca\253\025\321\311\317\021\375\317\217\n\272\033o\353G>\275\361H\265\240\232um""\317\324`\214\221\314\000\211K\223+(""\200i \311\372g\254\343ZR0\224\275q\252\357\213\263\206N\357&Q\217\267\303\356I\236\357\264\311b\037\366\035\253\343\311\265\240\327q\206f\262ODi\215-\363>\034\236l\273\005G\316F\217}[\036\007\270:\260\335\271B\241N\345\330\204\327f\361\272Kb\0377p\334\264\237\177~\330]\252+:\317u\302h\n\351\n\364\231\277R\371\356\033y\265v\360Ny\246\332qY\262\231\251\n\305\334\202\305\362\n\367@k\231\016R:\327\242\366\242\253LZY\223$Gw^\203\302\311\316I7\371tTwp}\005|\372\214\251{R`\230V\244-\326I\351\255\325i\335\377\321\353\327\331\302\023\347y\016\263\271\317\306\017UV\314qu?\0064A\315{3D\010\016S\212\2353k0\361\214ID\303g\277\010Y_\001~\021\333\370\255\374\\331\306\255\336)\365Rth\024\t\300.M\315\321S\257\224\252\362\326P\316\303%nX\3742\333\036\004Y\264yG^\234\177\214\305q\237\274G\300a4\275\240s\215\222\210\016\020G\344=-:GK\312\035\271\201\350\376F\260G\347\000\235\365P6pmH\033\373\212c\377o\232\356\320D\002\277,]os{\354/?\312e\006wda\001\023\375\316\025\254\321\244\370+Y`\220\270\254\2601E[FI\310\235<qI \356\032v%\001\230\016\203\200\251UD\347\304\373\034\211\340@\342\033\263\365\356\341\357\350\324\035J\032\177\230\207\220\303+\207\352g\317N\027>\222M\271m\033\236\021:\272\233r\373\233hC}\256\020\210\010\233\335\025[ d(\343\263\327\177\030\246\254H\277\254E\231\006\033_lB\210\264\334Y\322\314\362\320L\000Q\240\317\3502\006,|\364\004\275\034\006\337\370""\330\364\202\314\315\311?\030\260\361u)\336\202\265Y\177X\227$\245tCB\345\314d\231A\300\204\371KJ\036\321\330\014]""EN\266$]\331\226c\351\312\376z\254\214\206B\274&M\032\376v\266\3104u)\r\312\021\273\030jJH\215G4\367fQ;\255\3404\372\225\341L\224\242\200VY\220\355\020\353I\n\363\266\036\311\003OR\250""\032\230\021]+$\302\005\224\270\033E\r\312\315}\200\2505\216\221\301\341\035[\247\325\236M^\360a\267\356\267\247]\357\236\n\207}P\2654\026`\256u\276\r&\026K\315a\3337\216.\240\362\263\327]\372\325\037\006\345\236\265\343\337g\271\317\315\374\3357gX\036\024'\357<$\322\323$\375\346&^\361\0009\022`\210$\005\261rTx\343\226\224vC\2607.\025\213@~\312\227\000 o\232\016\376|a3\352&\324\337\230\212\265o\2035\250\303\2760\241\364^\002Z\031Z!\300\002\364\004\232\355\234\202\021\371_~\346\024\242\247\366\231\036\370\365\313\014\307\362i\210e\030\317\336e\256\245\026R\036\304S\352]~a\353k\036W\036\333\243\313y\256\236\230\270\325\233\373\001c\343\030e+OD\224O\347\364mD\216\220lA\251D\0246\305z\207\225\254\360\010\233K$\222\242w\316\025\202/\356\266\371/\256\354\300\373\252\344\245^L==\235\021\032V\220\341+U\353\274\372=u\225\337\321k\342\217\031\035&\261k*\264\227\2326\315\307\363\323\325\303\032N\256*\307\327 \235\332\207u\210\271\257\306g\231i*\260\326k\001"";   nodeid: ""\260\000\000\000\000\000\000\000\000\000\000\000\000\000\000\000\000\000\000\000\000\000\000\000\000\000\000\000\000\000\000\000\001""; }; ","ledgerHash: ""\315\004\203\271\200\243u\010|\336\346\203L\367\300g\364H\302\267\0331\0265+\223\224\300\342tR\375""; ledgerSeq: 56; type: liAS_NODE; nodes {;   nodedata: ""\021\000h""\000\000\000\000 \033\000\000\0007\002\023\307?\330\356GuH\375\327!\255\371\r\231\262R\256J\034\222\241\355X\265E\241^W\225\304\014\361CX-}\351f\032\255\274\334m\326c\017\014ao[\342\230\003\245\245\3341Hm\326^\017jy\335\261\032Yt\320\244{g\0306\\302\303*\341\215\223\257\364\277o\375\000r\241SOq\221\253\262\005\017\375T\356\014\360o'\030\311-\267\031\257!\031T\006><\315XM\334\324\345\034\000\325\367\240\271\013\265\024\321\362\354\211\250.\234s\225amc\305\035\366\276\037nD\277`\210\223N\3535\033\261\304f\331]\036\237\306o!\223\221\002\324\031\262\240R\177 ,\214\325\Q])\016\2067\277\t\354\010\000\360\215\2502\265\245\310\226\243c\302Ze\306\253#r\020\211\320iG\276\020E\317\035Sf\223F\254\033@\177e\277\016\010u\327\371&\262\312\317Q\2361t\377x\234\001v\003%\030\325_\225g\204\346a=\225\273\331\354\365*U\363\263N\367b\371\244\314-w\363\262\225Z\200\206\235\233\257?sE\2674\254\326mU\377?\177Ek\336\030!\316Aa\225\303\022\377{\210Y\226\271as\354L\035\004\341\361\035\301\024\220m#*\372\032\3178~\374\250\014*\323\342'z69\220\327\256\351G\367\317u\302\207\270b\315\333\333\334\310I\323&\014\352XZnW2.\335\347\202\021\247\362\212e\034\000\001\250\220\305;a\314\265R\310\017\317\331\235\360\262\240:\277\202\266\354\265X""\022\nh\252\352w\204\203\023]\001f\352\277\0031Q]\362\370R\350{\261\202\240\344\215\201\353\276\322p5p\350\354\017>\250r\241c\273\016\301\024\363\242\247\263\231\370\344\nBW\220K\316@3\243\200\036wk\253GSlU\010\360\231>\331\263H\214\324\030A\225\301o\346pkSF\004\241\213w9\223=\250\262*+\255\351r\265\244c\024\213\t\007`\223\325#\3477\210\345P\306\013\320\252[\0216+\227=`\371P\314\346 V7\271[~\n\237\274|\347\352@K\253~&\260\032\024\004B\200\255h\351\013\361\031:nG\211\005|\2003\266\274\251,W\006u\344\335d\003\306\212\313,\340\350bG\n\030Z\2732-\246\312\255\030\003\235207\005}D\260\0261ah\322M\304\216\273m0\271\234\237\007<w$\265C\245\232\033\023\313c\321B\032l\301h\005\320\252\301\361(\330[\343\357\343{\235\n\266g\272>\177\317\347\261qb&\270&\346ju\200\363N\320\307\004\034\001n\317\361\2653\254\2503\247\305\372\316W\022O\253x\250\025\373\247\354Tc\304\263\243^\352Gv\\264\261\r\035\226\306\2411\351\233\203\215\200$\231\300f\220\371c@\017\254\363\\371\340\340VaR\205~^\226\342t\360\022\204d\231\205)\272\364?\361!\334\331\315\254\230\rBG\314\023\246\244=\351\177\254\302b&\276+H;0\312\021&\275\036\237\350R\313\206R\331\304k\323u\263t\221\213yC\241\217A\242\027g\322\241'\212.E?B_\316\327\217J +\370\t^b\005\020\003\211\373\247|hC\271Nmk~J\270EU\274\036-\347\240\312FA\321\341bca\253\025\321\311\317\021\375\317\217\n\272\033o\353G>\275\361H\265\240\232um""\317\324`\214\221\314\000\211K\223+(""\200i \311\372g\254\343ZR0\224\275q\252\357\213\263\206N\357&Q\217\267\303\356I\236\357\264\311b\037\366\035\253\343\311\265\240\327q\206f\262ODi\215-\363>\034\236l\273\005G\316F\217}[\036\007\270:\260\335\271B\241N\345\330\204\327f\361\272Kb\0377p\334\264\237\177~\330]\252+:\317u\302h\n\351\n\364\231\277R\371\356\033y\265v\360Ny\246\332qY\262\231\251\n\305\334\202\305\362\n\367@k\231\016R:\327\242\366\242\253LZY\223$Gw^\203\302\311\316I7\371tTwp}\005|\372\214\251{R`\230V\244-\326I\351\255\325i\335\377\321\353\327\331\302\023\347y\016\263\271\317\306\017UV\314qu?\0064A\315{3D\010\016S\212\2353k0\361\214ID\303g\277\010Y_\001~\021\333\370\255\374\\331\306\255\336)\365Rth\024\t\300.M\315\321S\257\224\252\362\326P\316\303%nX\3742\333\036\004Y\264yG^\234\177\214\305q\237\274G\300a4\275\240s\215\222\210\016\020G\344=-:GK\312\035\271\201\350\376F\260G\347\000\235\365P6pmH\033\373\212c\377o\232\356\320D\002\277,]os{\354/?\312e\006wda\001\023\375\316\025\254\321\244\370+Y`\220\270\254\2601E[FI\310\235<qI \356\032v%\001\230\016\203\200\251UD\347\304\373\034\211\340@\342\033\263\365\356\341\357\350\324\035J\032\177\230\207\220\303+\207\352g\317N\027>\222M\271m\033\236\021:\272\233r\373\233hC}\256\020\210\010\233\335\025[ d(\343\263\327\177\030\246\254H\277\254E\231\006\033_lB\210\264\334Y\322\314\362\320L\000Q\240\317\3502\006,|\364\004\275\034\006\337\370""\330\364\202\314\315\311?\030\260\361u)\336\202\265Y\177X\227$\245tCB\345\314d\231A\300\204\371KJ\036\321\330\014]""EN\266$]\331\226c\351\312\376z\254\214\206B\274&M\032\376v\266\3104u)\r\312\021\273\030jJH\215G4\367fQ;\255\3404\372\225\341L\224\242\200VY\220\355\020\353I\n\363\266\036\311\003OR\250""\032\230\021]+$\302\005\224\270\033E\r\312\315}\200\2505\216\221\301\341\035[\247\325\236M^\360a\267\356\267\247]\357\236\n\207}P\2654\026`\256u\276\r&\026K\315a\3337\216.\240\362\263\327]\372\325\037\006\345\236\265\343\337g\271\317\315\374\3357gX\036\024'\357<$\322\323$\375\346&^\361\0009\022`\210$\005\261rTx\343\226\224vC\2607.\025\213@~\312\227\000 o\232\016\376|a3\352&\324\337\230\212\265o\2035\250\303\2760\241\364^\002Z\031Z!\300\002\364\004\232\355\234\202\021\371_~\346\024\242\247\366\231\036\370\365\313\014\307\362i\210e\030\317\336e\256\245\026R\036\304S\352]~a\353k\036W\036\333\243\313y\256\236\230\270\325\233\373\001c\343\030e+OD\224O\347\364mD\216\220lA\251D\0246\305z\207\225\254\360\010\233K$\222\242w\316\025\202/\356\266\371/\256\354\300\373\252\344\245^L==\235\021\032V\220\341+U\353\274\372=u\225\337\321k\342\217\031\035&\261k*\264\227\2326\315\307\363\323\325\303\032N\256*\307\327 \235\332\207u\210\271\257\306g\231i*\260\326k\001"";   nodeid: ""\260\000\000\000\000\000\000\000\000\000\000\000\000\000\000\000\000\000\000\000\000\000\000\000\000\000\000\000\000\000\000\000\001""; }; "
1750527708559,1750527708560,0,1,3,0,TMLedgerData,"ledgerHash: ""\315\004\203\271\200\243u\010|\336\346\203L\367\300g\364H\302\267\0331\0265+\223\224\300\342tR\375""; ledgerSeq: 56; type: liBASE; nodes {;   nodedata: ""\000\000\0008\001cEx]\211\377\330\252\344\245^L==\235\021\032V\220\341+U\353\274\372=u\225\337\321k\342\217\031\035&\261k*\000\000\000\000\000\000\000\000\000\000\000\000\000\000\000\000\000\000\000\000\000\000\000\000\000\000\000\000\000\000\000\000(;c\260\360y\203`\3648\264Y\034\255\317&\276\225\231\205\335\300\362H\235\240O \2657\321~/\351\253V/\351\253^\n\000""; }; nodes {;   nodedata: ""\323C\344\327\264{\312-\017:\006{\177\344N\002\326bO\260\220\006\033\362\345\005U\221DzJ0\001\301\025%1L\307\t\261\262z\374\222T\301\274V\236\223\262\270Ct\362\337b\356\024*\324\320\351\317\002k\336\234\027v\351\217\260\303\360\233ZPZWr\246$w\313\313\r\243r\232\2234\373\3539:N\004Q\245\272D\312D\300\300\t\323\0257\345e\271\na\215{\226\255x%T\257\037\333\004\344_/R\006E\344\037@\210\363\010\336T\226\247'\204_{\261\370""1\235\2445\343\033Y!\212\201\341\272\225'\00751&g\216\347L\223\352\342\273\335e1\244a\tB\340\341\274\331\002\326\243\306`\310\207\367\376X\013\003""; }; requestCookie: 2; ","ledgerHash: ""\315\004\203\271\200\243u\010|\336\346\203L\367\300g\364H\302\267\0331\0265+\223\224\300\342tR\375""; ledgerSeq: 56; type: liBASE; nodes {;   nodedata: ""\000\000\0008\001cEx]\211\377\330\252\344\245^L==\235\021\032V\220\341+U\353\274\372=u\225\337\321k\342\217\031\035&\261k*\000\000\000\000\000\000\000\000\000\000\000\000\000\000\000\000\000\000\000\000\000\000\000\000\000\000\000\000\000\000\000\000(;c\260\360y\203`\3648\264Y\034\255\317&\276\225\231\205\335\300\362H\235\240O \2657\321~/\351\253V/\351\253^\n\000""; }; nodes {;   nodedata: ""\323C\344\327\264{\312-\017:\006{\177\344N\002\326bO\260\220\006\033\362\345\005U\221DzJ0\001\301\025%1L\307\t\261\262z\374\222T\301\274V\236\223\262\270Ct\362\337b\356\024*\324\320\351\317\002k\336\234\027v\351\217\260\303\360\233ZPZWr\246$w\313\313\r\243r\232\2234\373\3539:N\004Q\245\272D\312D\300\300\t\323\0257\345e\271\na\215{\226\255x%T\257\037\333\004\344_/R\006E\344\037@\210\363\010\336T\226\247'\204_{\261\370""1\235\2445\343\033Y!\212\201\341\272\225'\00751&g\216\347L\223\352\342\273\335e1\244a\tB\340\341\274\331\002\326\243\306`\310\207\367\376X\013\003""; }; requestCookie: 2; "
1750527708560,1750527708561,0,1,3,0,TMLedgerData,"ledgerHash: ""\315\004\203\271\200\243u\010|\336\346\203L\367\300g\364H\302\267\0331\0265+\223\224\300\342tR\375""; ledgerSeq: 56; type: liAS_NODE; nodes {;   nodedata: ""\021\000h""\000\000\000\000 \033\000\000\0007\002\023\307?\330\356GuH\375\327!\255\371\r\231\262R\256J\034\222\241\355X\265E\241^W\225\304\014\361CX-}\351f\032\255\274\334m\326c\017\014ao[\342\230\003\245\245\3341Hm\326^\017jy\335\261\032Yt\320\244{g\0306\\302\303*\341\215\223\257\364\277o\375\000r\241SOq\221\253\262\005\017\375T\356\014\360o'\030\311-\267\031\257!\031T\006><\315XM\334\324\345\034\000\325\367\240\271\013\265\024\321\362\354\211\250.\234s\225amc\305\035\366\276\037nD\277`\210\223N\3535\033\261\304f\331]\036\237\306o!\223\221\002\324\031\262\240R\177 ,\214\325\Q])\016\2067\277\t\354\010\000\360\215\2502\265\245\310\226\243c\302Ze\306\253#r\020\211\320iG\276\020E\317\035Sf\223F\254\033@\177e\277\016\010u\327\371&\262\312\317Q\2361t\377x\234\001v\003%\030\325_\225g\204\346a=\225\273\331\354\365*U\363\263N\367b\371\244\314-w\363\262\225Z\200\206\235\233\257?sE\2674\254\326mU\377?\177Ek\336\030!\316Aa\225\303\022\377{\210Y\226\271as\354L\035\004\341\361\035\301\024\220m#*\372\032\3178~\374\250\014*\323\342'z69\220\327\256\351G\367\317u\302\207\270b\315\333\333\334\310I\323&\014\352XZnW2.\335\347\202\021\247\362\212e\034\000\001\250\220\305;a\314\265R\310\017\317\331\235\360\262\240:\277\202\266\354\265X""\022\nh\252\352w\204\203\023]\001f\352\277\0031Q]\362\370R\350{\261\202\240\344\215\201\353\276\322p5p\350\354\017>\250r\241c\273\016\301\024\363\242\247\263\231\370\344\nBW\220K\316@3\243\200\036wk\253GSlU\010\360\231>\331\263H\214\324\030A\225\301o\346pkSF\004\241\213w9\223=\250\262*+\255\351r\265\244c\024\213\t\007`\223\325#\3477\210\345P\306\013\320\252[\0216+\227=`\371P\314\346 V7\271[~\n\237\274|\347\352@K\253~&\260\032\024\004B\200\255h\351\013\361\031:nG\211\005|\2003\266\274\251,W\006u\344\335d\003\306\212\313,\340\350bG\n\030Z\2732-\246\312\255\030\003\235207\005}D\260\0261ah\322M\304\216\273m0\271\234\237\007<w$\265C\245\232\033\023\313c\321B\032l\301h\005\320\252\301\361(\330[\343\357\343{\235\n\266g\272>\177\317\347\261qb&\270&\346ju\200\363N\320\307\004\034\001n\317\361\2653\254\2503\247\305\372\316W\022O\253x\250\025\373\247\354Tc\304\263\243^\352Gv\\264\261\r\035\226\306\2411\351\233\203\215\200$\231\300f\220\371c@\017\254\363\\371\340\340VaR\205~^\226\342t\360\022\204d\231\205)\272\364?\361!\334\331\315\254\230\rBG\314\023\246\244=\351\177\254\302b&\276+H;0\312\021&\275\036\237\350R\313\206R\331\304k\323u\263t\221\213yC\241\217A\242\027g\322\241'\212.E?B_\316\327\217J +\370\t^b\005\020\003\211\373\247|hC\271Nmk~J\270EU\274\036-\347\240\312FA\321\341bca\253\025\321\311\317\021\375\317\217\n\272\033o\353G>\275\361H\265\240\232um""\317\324`\214\221\314\000\211K\223+(""\200i \311\372g\254\343ZR0\224\275q\252\357\213\263\206N\357&Q\217\267\303\356I\236\357\264\311b\037\366\035\253\343\311\265\240\327q\206f\262ODi\215-\363>\034\236l\273\005G\316F\217}[\036\007\270:\260\335\271B\241N\345\330\204\327f\361\272Kb\0377p\334\264\237\177~\330]\252+:\317u\302h\n\351\n\364\231\277R\371\356\033y\265v\360Ny\246\332qY\262\231\251\n\305\334\202\305\362\n\367@k\231\016R:\327\242\366\242\253LZY\223$Gw^\203\302\311\316I7\371tTwp}\005|\372\214\251{R`\230V\244-\326I\351\255\325i\335\377\321\353\327\331\302\023\347y\016\263\271\317\306\017UV\314qu?\0064A\315{3D\010\016S\212\2353k0\361\214ID\303g\277\010Y_\001~\021\333\370\255\374\\331\306\255\336)\365Rth\024\t\300.M\315\321S\257\224\252\362\326P\316\303%nX\3742\333\036\004Y\264yG^\234\177\214\305q\237\274G\300a4\275\240s\215\222\210\016\020G\344=-:GK\312\035\271\201\350\376F\260G\347\000\235\365P6pmH\033\373\212c\377o\232\356\320D\002\277,]os{\354/?\312e\006wda\001\023\375\316\025\254\321\244\370+Y`\220\270\254\2601E[FI\310\235<qI \356\032v%\001\230\016\203\200\251UD\347\304\373\034\211\340@\342\033\263\365\356\341\357\350\324\035J\032\177\230\207\220\303+\207\352g\317N\027>\222M\271m\033\236\021:\272\233r\373\233hC}\256\020\210\010\233\335\025[ d(\343\263\327\177\030\246\254H\277\254E\231\006\033_lB\210\264\334Y\322\314\362\320L\000Q\240\317\3502\006,|\364\004\275\034\006\337\370""\330\364\202\314\315\311?\030\260\361u)\336\202\265Y\177X\227$\245tCB\345\314d\231A\300\204\371KJ\036\321\330\014]""EN\266$]\331\226c\351\312\376z\254\214\206B\274&M\032\376v\266\3104u)\r\312\021\273\030jJH\215G4\367fQ;\255\3404\372\225\341L\224\242\200VY\220\355\020\353I\n\363\266\036\311\003OR\250""\032\230\021]+$\302\005\224\270\033E\r\312\315}\200\2505\216\221\301\341\035[\247\325\236M^\360a\267\356\267\247]\357\236\n\207}P\2654\026`\256u\276\r&\026K\315a\3337\216.\240\362\263\327]\372\325\037\006\345\236\265\343\337g\271\317\315\374\3357gX\036\024'\357<$\322\323$\375\346&^\361\0009\022`\210$\005\261rTx\343\226\224vC\2607.\025\213@~\312\227\000 o\232\016\376|a3\352&\324\337\230\212\265o\2035\250\303\2760\241\364^\002Z\031Z!\300\002\364\004\232\355\234\202\021\371_~\346\024\242\247\366\231\036\370\365\313\014\307\362i\210e\030\317\336e\256\245\026R\036\304S\352]~a\353k\036W\036\333\243\313y\256\236\230\270\325\233\373\001c\343\030e+OD\224O\347\364mD\216\220lA\251D\0246\305z\207\225\254\360\010\233K$\222\242w\316\025\202/\356\266\371/\256\354\300\373\252\344\245^L==\235\021\032V\220\341+U\353\274\372=u\225\337\321k\342\217\031\035&\261k*\264\227\2326\315\307\363\323\325\303\032N\256*\307\327 \235\332\207u\210\271\257\306g\231i*\260\326k\001"";   nodeid: ""\260\000\000\000\000\000\000\000\000\000\000\000\000\000\000\000\000\000\000\000\000\000\000\000\000\000\000\000\000\000\000\000\001""; }; ","ledgerHash: ""\315\004\203\271\200\243u\010|\336\346\203L\367\300g\364H\302\267\0331\0265+\223\224\300\342tR\375""; ledgerSeq: 56; type: liAS_NODE; nodes {;   nodedata: ""\021\000h""\000\000\000\000 \033\000\000\0007\002\023\307?\330\356GuH\375\327!\255\371\r\231\262R\256J\034\222\241\355X\265E\241^W\225\304\014\361CX-}\351f\032\255\274\334m\326c\017\014ao[\342\230\003\245\245\3341Hm\326^\017jy\335\261\032Yt\320\244{g\0306\\302\303*\341\215\223\257\364\277o\375\000r\241SOq\221\253\262\005\017\375T\356\014\360o'\030\311-\267\031\257!\031T\006><\315XM\334\324\345\034\000\325\367\240\271\013\265\024\321\362\354\211\250.\234s\225amc\305\035\366\276\037nD\277`\210\223N\3535\033\261\304f\331]\036\237\306o!\223\221\002\324\031\262\240R\177 ,\214\325\Q])\016\2067\277\t\354\010\000\360\215\2502\265\245\310\226\243c\302Ze\306\253#r\020\211\320iG\276\020E\317\035Sf\223F\254\033@\177e\277\016\010u\327\371&\262\312\317Q\2361t\377x\234\001v\003%\030\325_\225g\204\346a=\225\273\331\354\365*U\363\263N\367b\371\244\314-w\363\262\225Z\200\206\235\233\257?sE\2674\254\326mU\377?\177Ek\336\030!\316Aa\225\303\022\377{\210Y\226\271as\354L\035\004\341\361\035\301\024\220m#*\372\032\3178~\374\250\014*\323\342'z69\220\327\256\351G\367\317u\302\207\270b\315\333\333\334\310I\323&\014\352XZnW2.\335\347\202\021\247\362\212e\034\000\001\250\220\305;a\314\265R\310\017\317\331\235\360\262\240:\277\202\266\354\265X""\022\nh\252\352w\204\203\023]\001f\352\277\0031Q]\362\370R\350{\261\202\240\344\215\201\353\276\322p5p\350\354\017>\250r\241c\273\016\301\024\363\242\247\263\231\370\344\nBW\220K\316@3\243\200\036wk\253GSlU\010\360\231>\331\263H\214\324\030A\225\301o\346pkSF\004\241\213w9\223=\250\262*+\255\351r\265\244c\024\213\t\007`\223\325#\3477\210\345P\306\013\320\252[\0216+\227=`\371P\314\346 V7\271[~\n\237\274|\347\352@K\253~&\260\032\024\004B\200\255h\351\013\361\031:nG\211\005|\2003\266\274\251,W\006u\344\335d\003\306\212\313,\340\350bG\n\030Z\2732-\246\312\255\030\003\235207\005}D\260\0261ah\322M\304\216\273m0\271\234\237\007<w$\265C\245\232\033\023\313c\321B\032l\301h\005\320\252\301\361(\330[\343\357\343{\235\n\266g\272>\177\317\347\261qb&\270&\346ju\200\363N\320\307\004\034\001n\317\361\2653\254\2503\247\305\372\316W\022O\253x\250\025\373\247\354Tc\304\263\243^\352Gv\\264\261\r\035\226\306\2411\351\233\203\215\200$\231\300f\220\371c@\017\254\363\\371\340\340VaR\205~^\226\342t\360\022\204d\231\205)\272\364?\361!\334\331\315\254\230\rBG\314\023\246\244=\351\177\254\302b&\276+H;0\312\021&\275\036\237\350R\313\206R\331\304k\323u\263t\221\213yC\241\217A\242\027g\322\241'\212.E?B_\316\327\217J +\370\t^b\005\020\003\211\373\247|hC\271Nmk~J\270EU\274\036-\347\240\312FA\321\341bca\253\025\321\311\317\021\375\317\217\n\272\033o\353G>\275\361H\265\240\232um""\317\324`\214\221\314\000\211K\223+(""\200i \311\372g\254\343ZR0\224\275q\252\357\213\263\206N\357&Q\217\267\303\356I\236\357\264\311b\037\366\035\253\343\311\265\240\327q\206f\262ODi\215-\363>\034\236l\273\005G\316F\217}[\036\007\270:\260\335\271B\241N\345\330\204\327f\361\272Kb\0377p\334\264\237\177~\330]\252+:\317u\302h\n\351\n\364\231\277R\371\356\033y\265v\360Ny\246\332qY\262\231\251\n\305\334\202\305\362\n\367@k\231\016R:\327\242\366\242\253LZY\223$Gw^\203\302\311\316I7\371tTwp}\005|\372\214\251{R`\230V\244-\326I\351\255\325i\335\377\321\353\327\331\302\023\347y\016\263\271\317\306\017UV\314qu?\0064A\315{3D\010\016S\212\2353k0\361\214ID\303g\277\010Y_\001~\021\333\370\255\374\\331\306\255\336)\365Rth\024\t\300.M\315\321S\257\224\252\362\326P\316\303%nX\3742\333\036\004Y\264yG^\234\177\214\305q\237\274G\300a4\275\240s\215\222\210\016\020G\344=-:GK\312\035\271\201\350\376F\260G\347\000\235\365P6pmH\033\373\212c\377o\232\356\320D\002\277,]os{\354/?\312e\006wda\001\023\375\316\025\254\321\244\370+Y`\220\270\254\2601E[FI\310\235<qI \356\032v%\001\230\016\203\200\251UD\347\304\373\034\211\340@\342\033\263\365\356\341\357\350\324\035J\032\177\230\207\220\303+\207\352g\317N\027>\222M\271m\033\236\021:\272\233r\373\233hC}\256\020\210\010\233\335\025[ d(\343\263\327\177\030\246\254H\277\254E\231\006\033_lB\210\264\334Y\322\314\362\320L\000Q\240\317\3502\006,|\364\004\275\034\006\337\370""\330\364\202\314\315\311?\030\260\361u)\336\202\265Y\177X\227$\245tCB\345\314d\231A\300\204\371KJ\036\321\330\014]""EN\266$]\331\226c\351\312\376z\254\214\206B\274&M\032\376v\266\3104u)\r\312\021\273\030jJH\215G4\367fQ;\255\3404\372\225\341L\224\242\200VY\220\355\020\353I\n\363\266\036\311\003OR\250""\032\230\021]+$\302\005\224\270\033E\r\312\315}\200\2505\216\221\301\341\035[\247\325\236M^\360a\267\356\267\247]\357\236\n\207}P\2654\026`\256u\276\r&\026K\315a\3337\216.\240\362\263\327]\372\325\037\006\345\236\265\343\337g\271\317\315\374\3357gX\036\024'\357<$\322\323$\375\346&^\361\0009\022`\210$\005\261rTx\343\226\224vC\2607.\025\213@~\312\227\000 o\232\016\376|a3\352&\324\337\230\212\265o\2035\250\303\2760\241\364^\002Z\031Z!\300\002\364\004\232\355\234\202\021\371_~\346\024\242\247\366\231\036\370\365\313\014\307\362i\210e\030\317\336e\256\245\026R\036\304S\352]~a\353k\036W\036\333\243\313y\256\236\230\270\325\233\373\001c\343\030e+OD\224O\347\364mD\216\220lA\251D\0246\305z\207\225\254\360\010\233K$\222\242w\316\025\202/\356\266\371/\256\354\300\373\252\344\245^L==\235\021\032V\220\341+U\353\274\372=u\225\337\321k\342\217\031\035&\261k*\264\227\2326\315\307\363\323\325\303\032N\256*\307\327 \235\332\207u\210\271\257\306g\231i*\260\326k\001"";   nodeid: ""\260\000\000\000\000\000\000\000\000\000\000\000\000\000\000\000\000\000\000\000\000\000\000\000\000\000\000\000\000\000\000\000\001""; }; "
1750527708562,1750527708562,0,1,3,1,TMLedgerData,"ledgerHash: ""\315\004\203\271\200\243u\010|\336\346\203L\367\300g\364H\302\267\0331\0265+\223\224\300\342tR\375""; ledgerSeq: 56; type: liBASE; nodes {;   nodedata: ""\000\000\0008\001cEx]\211\377\330\252\344\245^L==\235\021\032V\220\341+U\353\274\372=u\225\337\321k\342\217\031\035&\261k*\000\000\000\000\000\000\000\000\000\000\000\000\000\000\000\000\000\000\000\000\000\000\000\000\000\000\000\000\000\000\000\000(;c\260\360y\203`\3648\264Y\034\255\317&\276\225\231\205\335\300\362H\235\240O \2657\321~/\351\253V/\351\253^\n\000""; }; nodes {;   nodedata: ""\323C\344\327\264{\312-\017:\006{\177\344N\002\326bO\260\220\006\033\362\345\005U\221DzJ0\001\301\025%1L\307\t\261\262z\374\222T\301\274V\236\223\262\270Ct\362\337b\356\024*\324\320\351\317\002k\336\234\027v\351\217\260\303\360\233ZPZWr\246$w\313\313\r\243r\232\2234\373\3539:N\004Q\245\272D\312D\300\300\t\323\0257\345e\271\na\215{\226\255x%T\257\037\333\004\344_/R\006E\344\037@\210\363\010\336T\226\247'\204_{\261\370""1\235\2445\343\033Y!\212\201\341\272\225'\00751&g\216\347L\223\352\342\273\335e1\244a\tB\340\341\274\331\002\326\243\306`\310\207\367\376X\013\003""; }; requestCookie: 2; ","ledgerHash: ""\315\004\203\271\200\243u\010|\336\346\203L\367\300g\364H\302\267\0331\0265+\223\224\300\342tR\375""; ledgerSeq: 56; type: liBASE; nodes {;   nodedata: ""\000\000\0008\001cEx]\211\377\330\252\344\245^L==\235\021\032V\220\341+U\353\274\372=u\225\337\321k\342\217\031\035&\261k*\000\000\000\000\000\000\000\000\000\000\000\000\000\000\000\000\000\000\000\000\000\000\000\000\000\000\000\000\000\000\000\000(;c\260\360y\203`\3648\264Y\034\255\317&\276\225\231\205\335\300\362H\235\240O \2657\321~/\351\253V/\351\253^\n\000""; }; nodes {;   nodedata: ""\323C\344\327\264{\312-\017:\006{\177\344N\002\326bO\260\220\006\033\362\345\005U\221DzJ0\001\301\025%1L\307\t\261\262z\374\222T\301\274V\236\223\262\270Ct\362\337b\356\024*\324\320\351\317\002k\336\234\027v\351\217\260\303\360\233ZPZWr\246$w\313\313\r\243r\232\2234\373\3539:N\004Q\245\272D\312D\300\300\t\323\0257\345e\271\na\215{\226\255x%T\257\037\333\004\344_/R\006E\344\037@\210\363\010\336T\226\247'\204_{\261\370""1\235\2445\343\033Y!\212\201\341\272\225'\00751&g\216\347L\223\352\342\273\335e1\244a\tB\340\341\274\331\002\326\243\306`\310\207\367\376X\013\003""; }; requestCookie: 2; "
1750527708563,1750527708564,0,1,3,1,TMLedgerData,"ledgerHash: ""\315\004\203\271\200\243u\010|\336\346\203L\367\300g\364H\302\267\0331\0265+\223\224\300\342tR\375""; ledgerSeq: 56; type: liAS_NODE; nodes {;   nodedata: ""\021\000h""\000\000\000\000 \033\000\000\0007\002\023\307?\330\356GuH\375\327!\255\371\r\231\262R\256J\034\222\241\355X\265E\241^W\225\304\014\361CX-}\351f\032\255\274\334m\326c\017\014ao[\342\230\003\245\245\3341Hm\326^\017jy\335\261\032Yt\320\244{g\0306\\302\303*\341\215\223\257\364\277o\375\000r\241SOq\221\253\262\005\017\375T\356\014\360o'\030\311-\267\031\257!\031T\006><\315XM\334\324\345\034\000\325\367\240\271\013\265\024\321\362\354\211\250.\234s\225amc\305\035\366\276\037nD\277`\210\223N\3535\033\261\304f\331]\036\237\306o!\223\221\002\324\031\262\240R\177 ,\214\325\Q])\016\2067\277\t\354\010\000\360\215\2502\265\245\310\226\243c\302Ze\306\253#r\020\211\320iG\276\020E\317\035Sf\223F\254\033@\177e\277\016\010u\327\371&\262\312\317Q\2361t\377x\234\001v\003%\030\325_\225g\204\346a=\225\273\331\354\365*U\363\263N\367b\371\244\314-w\363\262\225Z\200\206\235\233\257?sE\2674\254\326mU\377?\177Ek\336\030!\316Aa\225\303\022\377{\210Y\226\271as\354L\035\004\341\361\035\301\024\220m#*\372\032\3178~\374\250\014*\323\342'z69\220\327\256\351G\367\317u\302\207\270b\315\333\333\334\310I\323&\014\352XZnW2.\335\347\202\021\247\362\212e\034\000\001\250\220\305;a\314\265R\310\017\317\331\235\360\262\240:\277\202\266\354\265X""\022\nh\252\352w\204\203\023]\001f\352\277\0031Q]\362\370R\350{\261\202\240\344\215\201\353\276\322p5p\350\354\017>\250r\241c\273\016\301\024\363\242\247\263\231\370\344\nBW\220K\316@3\243\200\036wk\253GSlU\010\360\231>\331\263H\214\324\030A\225\301o\346pkSF\004\241\213w9\223=\250\262*+\255\351r\265\244c\024\213\t\007`\223\325#\3477\210\345P\306\013\320\252[\0216+\227=`\371P\314\346 V7\271[~\n\237\274|\347\352@K\253~&\260\032\024\004B\200\255h\351\013\361\031:nG\211\005|\2003\266\274\251,W\006u\344\335d\003\306\212\313,\340\350bG\n\030Z\2732-\246\312\255\030\003\235207\005}D\260\0261ah\322M\304\216\273m0\271\234\237\007<w$\265C\245\232\033\023\313c\321B\032l\301h\005\320\252\301\361(\330[\343\357\343{\235\n\266g\272>\177\317\347\261qb&\270&\346ju\200\363N\320\307\004\034\001n\317\361\2653\254\2503\247\305\372\316W\022O\253x\250\025\373\247\354Tc\304\263\243^\352Gv\\264\261\r\035\226\306\2411\351\233\203\215\200$\231\300f\220\371c@\017\254\363\\371\340\340VaR\205~^\226\342t\360\022\204d\231\205)\272\364?\361!\334\331\315\254\230\rBG\314\023\246\244=\351\177\254\302b&\276+H;0\312\021&\275\036\237\350R\313\206R\331\304k\323u\263t\221\213yC\241\217A\242\027g\322\241'\212.E?B_\316\327\217J +\370\t^b\005\020\003\211\373\247|hC\271Nmk~J\270EU\274\036-\347\240\312FA\321\341bca\253\025\321\311\317\021\375\317\217\n\272\033o\353G>\275\361H\265\240\232um""\317\324`\214\221\314\000\211K\223+(""\200i \311\372g\254\343ZR0\224\275q\252\357\213\263\206N\357&Q\217\267\303\356I\236\357\264\311b\037\366\035\253\343\311\265\240\327q\206f\262ODi\215-\363>\034\236l\273\005G\316F\217}[\036\007\270:\260\335\271B\241N\345\330\204\327f\361\272Kb\0377p\334\264\237\177~\330]\252+:\317u\302h\n\351\n\364\231\277R\371\356\033y\265v\360Ny\246\332qY\262\231\251\n\305\334\202\305\362\n\367@k\231\016R:\327\242\366\242\253LZY\223$Gw^\203\302\311\316I7\371tTwp}\005|\372\214\251{R`\230V\244-\326I\351\255\325i\335\377\321\353\327\331\302\023\347y\016\263\271\317\306\017UV\314qu?\0064A\315{3D\010\016S\212\2353k0\361\214ID\303g\277\010Y_\001~\021\333\370\255\374\\331\306\255\336)\365Rth\024\t\300.M\315\321S\257\224\252\362\326P\316\303%nX\3742\333\036\004Y\264yG^\234\177\214\305q\237\274G\300a4\275\240s\215\222\210\016\020G\344=-:GK\312\035\271\201\350\376F\260G\347\000\235\365P6pmH\033\373\212c\377o\232\356\320D\002\277,]os{\354/?\312e\006wda\001\023\375\316\025\254\321\244\370+Y`\220\270\254\2601E[FI\310\235<qI \356\032v%\001\230\016\203\200\251UD\347\304\373\034\211\340@\342\033\263\365\356\341\357\350\324\035J\032\177\230\207\220\303+\207\352g\317N\027>\222M\271m\033\236\021:\272\233r\373\233hC}\256\020\210\010\233\335\025[ d(\343\263\327\177\030\246\254H\277\254E\231\006\033_lB\210\264\334Y\322\314\362\320L\000Q\240\317\3502\006,|\364\004\275\034\006\337\370""\330\364\202\314\315\311?\030\260\361u)\336\202\265Y\177X\227$\245tCB\345\314d\231A\300\204\371KJ\036\321\330\014]""EN\266$]\331\226c\351\312\376z\254\214\206B\274&M\032\376v\266\3104u)\r\312\021\273\030jJH\215G4\367fQ;\255\3404\372\225\341L\224\242\200VY\220\355\020\353I\n\363\266\036\311\003OR\250""\032\230\021]+$\302\005\224\270\033E\r\312\315}\200\2505\216\221\301\341\035[\247\325\236M^\360a\267\356\267\247]\357\236\n\207}P\2654\026`\256u\276\r&\026K\315a\3337\216.\240\362\263\327]\372\325\037\006\345\236\265\343\337g\271\317\315\374\3357gX\036\024'\357<$\322\323$\375\346&^\361\0009\022`\210$\005\261rTx\343\226\224vC\2607.\025\213@~\312\227\000 o\232\016\376|a3\352&\324\337\230\212\265o\2035\250\303\2760\241\364^\002Z\031Z!\300\002\364\004\232\355\234\202\021\371_~\346\024\242\247\366\231\036\370\365\313\014\307\362i\210e\030\317\336e\256\245\026R\036\304S\352]~a\353k\036W\036\333\243\313y\256\236\230\270\325\233\373\001c\343\030e+OD\224O\347\364mD\216\220lA\251D\0246\305z\207\225\254\360\010\233K$\222\242w\316\025\202/\356\266\371/\256\354\300\373\252\344\245^L==\235\021\032V\220\341+U\353\274\372=u\225\337\321k\342\217\031\035&\261k*\264\227\2326\315\307\363\323\325\303\032N\256*\307\327 \235\332\207u\210\271\257\306g\231i*\260\326k\001"";   nodeid: ""\260\000\000\000\000\000\000\000\000\000\000\000\000\000\000\000\000\000\000\000\000\000\000\000\000\000\000\000\000\000\000\000\001""; }; ","ledgerHash: ""\315\004\203\271\200\243u\010|\336\346\203L\367\300g\364H\302\267\0331\0265+\223\224\300\342tR\375""; ledgerSeq: 56; type: liAS_NODE; nodes {;   nodedata: ""\021\000h""\000\000\000\000 \033\000\000\0007\002\023\307?\330\356GuH\375\327!\255\371\r\231\262R\256J\034\222\241\355X\265E\241^W\225\304\014\361CX-}\351f\032\255\274\334m\326c\017\014ao[\342\230\003\245\245\3341Hm\326^\017jy\335\261\032Yt\320\244{g\0306\\302\303*\341\215\223\257\364\277o\375\000r\241SOq\221\253\262\005\017\375T\356\014\360o'\030\311-\267\031\257!\031T\006><\315XM\334\324\345\034\000\325\367\240\271\013\265\024\321\362\354\211\250.\234s\225amc\305\035\366\276\037nD\277`\210\223N\3535\033\261\304f\331]\036\237\306o!\223\221\002\324\031\262\240R\177 ,\214\325\Q])\016\2067\277\t\354\010\000\360\215\2502\265\245\310\226\243c\302Ze\306\253#r\020\211\320iG\276\020E\317\035Sf\223F\254\033@\177e\277\016\010u\327\371&\262\312\317Q\2361t\377x\234\001v\003%\030\325_\225g\204\346a=\225\273\331\354\365*U\363\263N\367b\371\244\314-w\363\262\225Z\200\206\235\233\257?sE\2674\254\326mU\377?\177Ek\336\030!\316Aa\225\303\022\377{\210Y\226\271as\354L\035\004\341\361\035\301\024\220m#*\372\032\3178~\374\250\014*\323\342'z69\220\327\256\351G\367\317u\302\207\270b\315\333\333\334\310I\323&\014\352XZnW2.\335\347\202\021\247\362\212e\034\000\001\250\220\305;a\314\265R\310\017\317\331\235\360\262\240:\277\202\266\354\265X""\022\nh\252\352w\204\203\023]\001f\352\277\0031Q]\362\370R\350{\261\202\240\344\215\201\353\276\322p5p\350\354\017>\250r\241c\273\016\301\024\363\242\247\263\231\370\344\nBW\220K\316@3\243\200\036wk\253GSlU\010\360\231>\331\263H\214\324\030A\225\301o\346pkSF\004\241\213w9\223=\250\262*+\255\351r\265\244c\024\213\t\007`\223\325#\3477\210\345P\306\013\320\252[\0216+\227=`\371P\314\346 V7\271[~\n\237\274|\347\352@K\253~&\260\032\024\004B\200\255h\351\013\361\031:nG\211\005|\2003\266\274\251,W\006u\344\335d\003\306\212\313,\340\350bG\n\030Z\2732-\246\312\255\030\003\235207\005}D\260\0261ah\322M\304\216\273m0\271\234\237\007<w$\265C\245\232\033\023\313c\321B\032l\301h\005\320\252\301\361(\330[\343\357\343{\235\n\266g\272>\177\317\347\261qb&\270&\346ju\200\363N\320\307\004\034\001n\317\361\2653\254\2503\247\305\372\316W\022O\253x\250\025\373\247\354Tc\304\263\243^\352Gv\\264\261\r\035\226\306\2411\351\233\203\215\200$\231\300f\220\371c@\017\254\363\\371\340\340VaR\205~^\226\342t\360\022\204d\231\205)\272\364?\361!\334\331\315\254\230\rBG\314\023\246\244=\351\177\254\302b&\276+H;0\312\021&\275\036\237\350R\313\206R\331\304k\323u\263t\221\213yC\241\217A\242\027g\322\241'\212.E?B_\316\327\217J +\370\t^b\005\020\003\211\373\247|hC\271Nmk~J\270EU\274\036-\347\240\312FA\321\341bca\253\025\321\311\317\021\375\317\217\n\272\033o\353G>\275\361H\265\240\232um""\317\324`\214\221\314\000\211K\223+(""\200i \311\372g\254\343ZR0\224\275q\252\357\213\263\206N\357&Q\217\267\303\356I\236\357\264\311b\037\366\035\253\343\311\265\240\327q\206f\262ODi\215-\363>\034\236l\273\005G\316F\217}[\036\007\270:\260\335\271B\241N\345\330\204\327f\361\272Kb\0377p\334\264\237\177~\330]\252+:\317u\302h\n\351\n\364\231\277R\371\356\033y\265v\360Ny\246\332qY\262\231\251\n\305\334\202\305\362\n\367@k\231\016R:\327\242\366\242\253LZY\223$Gw^\203\302\311\316I7\371tTwp}\005|\372\214\251{R`\230V\244-\326I\351\255\325i\335\377\321\353\327\331\302\023\347y\016\263\271\317\306\017UV\314qu?\0064A\315{3D\010\016S\212\2353k0\361\214ID\303g\277\010Y_\001~\021\333\370\255\374\\331\306\255\336)\365Rth\024\t\300.M\315\321S\257\224\252\362\326P\316\303%nX\3742\333\036\004Y\264yG^\234\177\214\305q\237\274G\300a4\275\240s\215\222\210\016\020G\344=-:GK\312\035\271\201\350\376F\260G\347\000\235\365P6pmH\033\373\212c\377o\232\356\320D\002\277,]os{\354/?\312e\006wda\001\023\375\316\025\254\321\244\370+Y`\220\270\254\2601E[FI\310\235<qI \356\032v%\001\230\016\203\200\251UD\347\304\373\034\211\340@\342\033\263\365\356\341\357\350\324\035J\032\177\230\207\220\303+\207\352g\317N\027>\222M\271m\033\236\021:\272\233r\373\233hC}\256\020\210\010\233\335\025[ d(\343\263\327\177\030\246\254H\277\254E\231\006\033_lB\210\264\334Y\322\314\362\320L\000Q\240\317\3502\006,|\364\004\275\034\006\337\370""\330\364\202\314\315\311?\030\260\361u)\336\202\265Y\177X\227$\245tCB\345\314d\231A\300\204\371KJ\036\321\330\014]""EN\266$]\331\226c\351\312\376z\254\214\206B\274&M\032\376v\266\3104u)\r\312\021\273\030jJH\215G4\367fQ;\255\3404\372\225\341L\224\242\200VY\220\355\020\353I\n\363\266\036\311\003OR\250""\032\230\021]+$\302\005\224\270\033E\r\312\315}\200\2505\216\221\301\341\035[\247\325\236M^\360a\267\356\267\247]\357\236\n\207}P\2654\026`\256u\276\r&\026K\315a\3337\216.\240\362\263\327]\372\325\037\006\345\236\265\343\337g\271\317\315\374\3357gX\036\024'\357<$\322\323$\375\346&^\361\0009\022`\210$\005\261rTx\343\226\224vC\2607.\025\213@~\312\227\000 o\232\016\376|a3\352&\324\337\230\212\265o\2035\250\303\2760\241\364^\002Z\031Z!\300\002\364\004\232\355\234\202\021\371_~\346\024\242\247\366\231\036\370\365\313\014\307\362i\210e\030\317\336e\256\245\026R\036\304S\352]~a\353k\036W\036\333\243\313y\256\236\230\270\325\233\373\001c\343\030e+OD\224O\347\364mD\216\220lA\251D\0246\305z\207\225\254\360\010\233K$\222\242w\316\025\202/\356\266\371/\256\354\300\373\252\344\245^L==\235\021\032V\220\341+U\353\274\372=u\225\337\321k\342\217\031\035&\261k*\264\227\2326\315\307\363\323\325\303\032N\256*\307\327 \235\332\207u\210\271\257\306g\231i*\260\326k\001"";   nodeid: ""\260\000\000\000\000\000\000\000\000\000\000\000\000\000\000\000\000\000\000\000\000\000\000\000\000\000\000\000\000\000\000\000\001""; }; "
1750527708564,1750527708565,0,1,2,0,TMLedgerData,"ledgerHash: ""\315\004\203\271\200\243u\010|\336\346\203L\367\300g\364H\302\267\0331\0265+\223\224\300\342tR\375""; ledgerSeq: 56; type: liBASE; nodes {;   nodedata: ""\000\000\0008\001cEx]\211\377\330\252\344\245^L==\235\021\032V\220\341+U\353\274\372=u\225\337\321k\342\217\031\035&\261k*\000\000\000\000\000\000\000\000\000\000\000\000\000\000\000\000\000\000\000\000\000\000\000\000\000\000\000\000\000\000\000\000(;c\260\360y\203`\3648\264Y\034\255\317&\276\225\231\205\335\300\362H\235\240O \2657\321~/\351\253V/\351\253^\n\000""; }; nodes {;   nodedata: ""\323C\344\327\264{\312-\017:\006{\177\344N\002\326bO\260\220\006\033\362\345\005U\221DzJ0\001\301\025%1L\307\t\261\262z\374\222T\301\274V\236\223\262\270Ct\362\337b\356\024*\324\320\351\317\002k\336\234\027v\351\217\260\303\360\233ZPZWr\246$w\313\313\r\243r\232\2234\373\3539:N\004Q\245\272D\312D\300\300\t\323\0257\345e\271\na\215{\226\255x%T\257\037\333\004\344_/R\006E\344\037@\210\363\010\336T\226\247'\204_{\261\370""1\235\2445\343\033Y!\212\201\341\272\225'\00751&g\216\347L\223\352\342\273\335e1\244a\tB\340\341\274\331\002\326\243\306`\310\207\367\376X\013\003""; }; ","ledgerHash: ""\315\004\203\271\200\243u\010|\336\346\203L\367\300g\364H\302\267\0331\0265+\223\224\300\342tR\375""; ledgerSeq: 56; type: liBASE; nodes {;   nodedata: ""\000\000\0008\001cEx]\211\377\330\252\344\245^L==\235\021\032V\220\341+U\353\274\372=u\225\337\321k\342\217\031\035&\261k*\000\000\000\000\000\000\000\000\000\000\000\000\000\000\000\000\000\000\000\000\000\000\000\000\000\000\000\000\000\000\000\000(;c\260\360y\203`\3648\264Y\034\255\317&\276\225\231\205\335\300\362H\235\240O \2657\321~/\351\253V/\351\253^\n\000""; }; nodes {;   nodedata: ""\323C\344\327\264{\312-\017:\006{\177\344N\002\326bO\260\220\006\033\362\345\005U\221DzJ0\001\301\025%1L\307\t\261\262z\374\222T\301\274V\236\223\262\270Ct\362\337b\356\024*\324\320\351\317\002k\336\234\027v\351\217\260\303\360\233ZPZWr\246$w\313\313\r\243r\232\2234\373\3539:N\004Q\245\272D\312D\300\300\t\323\0257\345e\271\na\215{\226\255x%T\257\037\333\004\344_/R\006E\344\037@\210\363\010\336T\226\247'\204_{\261\370""1\235\2445\343\033Y!\212\201\341\272\225'\00751&g\216\347L\223\352\342\273\335e1\244a\tB\340\341\274\331\002\326\243\306`\310\207\367\376X\013\003""; }; "
1750527708565,1750527708566,0,1,2,1,TMLedgerData,"ledgerHash: ""\315\004\203\271\200\243u\010|\336\346\203L\367\300g\364H\302\267\0331\0265+\223\224\300\342tR\375""; ledgerSeq: 56; type: liBASE; nodes {;   nodedata: ""\000\000\0008\001cEx]\211\377\330\252\344\245^L==\235\021\032V\220\341+U\353\274\372=u\225\337\321k\342\217\031\035&\261k*\000\000\000\000\000\000\000\000\000\000\000\000\000\000\000\000\000\000\000\000\000\000\000\000\000\000\000\000\000\000\000\000(;c\260\360y\203`\3648\264Y\034\255\317&\276\225\231\205\335\300\362H\235\240O \2657\321~/\351\253V/\351\253^\n\000""; }; nodes {;   nodedata: ""\323C\344\327\264{\312-\017:\006{\177\344N\002\326bO\260\220\006\033\362\345\005U\221DzJ0\001\301\025%1L\307\t\261\262z\374\222T\301\274V\236\223\262\270Ct\362\337b\356\024*\324\320\351\317\002k\336\234\027v\351\217\260\303\360\233ZPZWr\246$w\313\313\r\243r\232\2234\373\3539:N\004Q\245\272D\312D\300\300\t\323\0257\345e\271\na\215{\226\255x%T\257\037\333\004\344_/R\006E\344\037@\210\363\010\336T\226\247'\204_{\261\370""1\235\2445\343\033Y!\212\201\341\272\225'\00751&g\216\347L\223\352\342\273\335e1\244a\tB\340\341\274\331\002\326\243\306`\310\207\367\376X\013\003""; }; ","ledgerHash: ""\315\004\203\271\200\243u\010|\336\346\203L\367\300g\364H\302\267\0331\0265+\223\224\300\342tR\375""; ledgerSeq: 56; type: liBASE; nodes {;   nodedata: ""\000\000\0008\001cEx]\211\377\330\252\344\245^L==\235\021\032V\220\341+U\353\274\372=u\225\337\321k\342\217\031\035&\261k*\000\000\000\000\000\000\000\000\000\000\000\000\000\000\000\000\000\000\000\000\000\000\000\000\000\000\000\000\000\000\000\000(;c\260\360y\203`\3648\264Y\034\255\317&\276\225\231\205\335\300\362H\235\240O \2657\321~/\351\253V/\351\253^\n\000""; }; nodes {;   nodedata: ""\323C\344\327\264{\312-\017:\006{\177\344N\002\326bO\260\220\006\033\362\345\005U\221DzJ0\001\301\025%1L\307\t\261\262z\374\222T\301\274V\236\223\262\270Ct\362\337b\356\024*\324\320\351\317\002k\336\234\027v\351\217\260\303\360\233ZPZWr\246$w\313\313\r\243r\232\2234\373\3539:N\004Q\245\272D\312D\300\300\t\323\0257\345e\271\na\215{\226\255x%T\257\037\333\004\344_/R\006E\344\037@\210\363\010\336T\226\247'\204_{\261\370""1\235\2445\343\033Y!\212\201\341\272\225'\00751&g\216\347L\223\352\342\273\335e1\244a\tB\340\341\274\331\002\326\243\306`\310\207\367\376X\013\003""; }; "
1750527708566,1750527708566,0,1,0,2,TMLedgerData,"ledgerHash: ""\315\004\203\271\200\243u\010|\336\346\203L\367\300g\364H\302\267\0331\0265+\223\224\300\342tR\375""; ledgerSeq: 56; type: liBASE; nodes {;   nodedata: ""\000\000\0008\001cEx]\211\377\330\252\344\245^L==\235\021\032V\220\341+U\353\274\372=u\225\337\321k\342\217\031\035&\261k*\000\000\000\000\000\000\000\000\000\000\000\000\000\000\000\000\000\000\000\000\000\000\000\000\000\000\000\000\000\000\000\000(;c\260\360y\203`\3648\264Y\034\255\317&\276\225\231\205\335\300\362H\235\240O \2657\321~/\351\253V/\351\253^\n\000""; }; nodes {;   nodedata: ""\323C\344\327\264{\312-\017:\006{\177\344N\002\326bO\260\220\006\033\362\345\005U\221DzJ0\001\301\025%1L\307\t\261\262z\374\222T\301\274V\236\223\262\270Ct\362\337b\356\024*\324\320\351\317\002k\336\234\027v\351\217\260\303\360\233ZPZWr\246$w\313\313\r\243r\232\2234\373\3539:N\004Q\245\272D\312D\300\300\t\323\0257\345e\271\na\215{\226\255x%T\257\037\333\004\344_/R\006E\344\037@\210\363\010\336T\226\247'\204_{\261\370""1\235\2445\343\033Y!\212\201\341\272\225'\00751&g\216\347L\223\352\342\273\335e1\244a\tB\340\341\274\331\002\326\243\306`\310\207\367\376X\013\003""; }; ","ledgerHash: ""\315\004\203\271\200\243u\010|\336\346\203L\367\300g\364H\302\267\0331\0265+\223\224\300\342tR\375""; ledgerSeq: 56; type: liBASE; nodes {;   nodedata: ""\000\000\0008\001cEx]\211\377\330\252\344\245^L==\235\021\032V\220\341+U\353\274\372=u\225\337\321k\342\217\031\035&\261k*\000\000\000\000\000\000\000\000\000\000\000\000\000\000\000\000\000\000\000\000\000\000\000\000\000\000\000\000\000\000\000\000(;c\260\360y\203`\3648\264Y\034\255\317&\276\225\231\205\335\300\362H\235\240O \2657\321~/\351\253V/\351\253^\n\000""; }; nodes {;   nodedata: ""\323C\344\327\264{\312-\017:\006{\177\344N\002\326bO\260\220\006\033\362\345\005U\221DzJ0\001\301\025%1L\307\t\261\262z\374\222T\301\274V\236\223\262\270Ct\362\337b\356\024*\324\320\351\317\002k\336\234\027v\351\217\260\303\360\233ZPZWr\246$w\313\313\r\243r\232\2234\373\3539:N\004Q\245\272D\312D\300\300\t\323\0257\345e\271\na\215{\226\255x%T\257\037\333\004\344_/R\006E\344\037@\210\363\010\336T\226\247'\204_{\261\370""1\235\2445\343\033Y!\212\201\341\272\225'\00751&g\216\347L\223\352\342\273\335e1\244a\tB\340\341\274\331\002\326\243\306`\310\207\367\376X\013\003""; }; "
1750527708567,1750527708567,0,1,0,4,TMLedgerData,"ledgerHash: ""\315\004\203\271\200\243u\010|\336\346\203L\367\300g\364H\302\267\0331\0265+\223\224\300\342tR\375""; ledgerSeq: 56; type: liBASE; nodes {;   nodedata: ""\000\000\0008\001cEx]\211\377\330\252\344\245^L==\235\021\032V\220\341+U\353\274\372=u\225\337\321k\342\217\031\035&\261k*\000\000\000\000\000\000\000\000\000\000\000\000\000\000\000\000\000\000\000\000\000\000\000\000\000\000\000\000\000\000\000\000(;c\260\360y\203`\3648\264Y\034\255\317&\276\225\231\205\335\300\362H\235\240O \2657\321~/\351\253V/\351\253^\n\000""; }; nodes {;   nodedata: ""\323C\344\327\264{\312-\017:\006{\177\344N\002\326bO\260\220\006\033\362\345\005U\221DzJ0\001\301\025%1L\307\t\261\262z\374\222T\301\274V\236\223\262\270Ct\362\337b\356\024*\324\320\351\317\002k\336\234\027v\351\217\260\303\360\233ZPZWr\246$w\313\313\r\243r\232\2234\373\3539:N\004Q\245\272D\312D\300\300\t\323\0257\345e\271\na\215{\226\255x%T\257\037\333\004\344_/R\006E\344\037@\210\363\010\336T\226\247'\204_{\261\370""1\235\2445\343\033Y!\212\201\341\272\225'\00751&g\216\347L\223\352\342\273\335e1\244a\tB\340\341\274\331\002\326\243\306`\310\207\367\376X\013\003""; }; ","ledgerHash: ""\315\004\203\271\200\243u\010|\336\346\203L\367\300g\364H\302\267\0331\0265+\223\224\300\342tR\375""; ledgerSeq: 56; type: liBASE; nodes {;   nodedata: ""\000\000\0008\001cEx]\211\377\330\252\344\245^L==\235\021\032V\220\341+U\353\274\372=u\225\337\321k\342\217\031\035&\261k*\000\000\000\000\000\000\000\000\000\000\000\000\000\000\000\000\000\000\000\000\000\000\000\000\000\000\000\000\000\000\000\000(;c\260\360y\203`\3648\264Y\034\255\317&\276\225\231\205\335\300\362H\235\240O \2657\321~/\351\253V/\351\253^\n\000""; }; nodes {;   nodedata: ""\323C\344\327\264{\312-\017:\006{\177\344N\002\326bO\260\220\006\033\362\345\005U\221DzJ0\001\301\025%1L\307\t\261\262z\374\222T\301\274V\236\223\262\270Ct\362\337b\356\024*\324\320\351\317\002k\336\234\027v\351\217\260\303\360\233ZPZWr\246$w\313\313\r\243r\232\2234\373\3539:N\004Q\245\272D\312D\300\300\t\323\0257\345e\271\na\215{\226\255x%T\257\037\333\004\344_/R\006E\344\037@\210\363\010\336T\226\247'\204_{\261\370""1\235\2445\343\033Y!\212\201\341\272\225'\00751&g\216\347L\223\352\342\273\335e1\244a\tB\340\341\274\331\002\326\243\306`\310\207\367\376X\013\003""; }; "
1750527708569,1750527708569,0,1,4,2,TMLedgerData,"ledgerHash: ""\315\004\203\271\200\243u\010|\336\346\203L\367\300g\364H\302\267\0331\0265+\223\224\300\342tR\375""; ledgerSeq: 56; type: liBASE; nodes {;   nodedata: ""\000\000\0008\001cEx]\211\377\330\252\344\245^L==\235\021\032V\220\341+U\353\274\372=u\225\337\321k\342\217\031\035&\261k*\000\000\000\000\000\000\000\000\000\000\000\000\000\000\000\000\000\000\000\000\000\000\000\000\000\000\000\000\000\000\000\000(;c\260\360y\203`\3648\264Y\034\255\317&\276\225\231\205\335\300\362H\235\240O \2657\321~/\351\253V/\351\253^\n\000""; }; nodes {;   nodedata: ""\323C\344\327\264{\312-\017:\006{\177\344N\002\326bO\260\220\006\033\362\345\005U\221DzJ0\001\301\025%1L\307\t\261\262z\374\222T\301\274V\236\223\262\270Ct\362\337b\356\024*\324\320\351\317\002k\336\234\027v\351\217\260\303\360\233ZPZWr\246$w\313\313\r\243r\232\2234\373\3539:N\004Q\245\272D\312D\300\300\t\323\0257\345e\271\na\215{\226\255x%T\257\037\333\004\344_/R\006E\344\037@\210\363\010\336T\226\247'\204_{\261\370""1\235\2445\343\033Y!\212\201\341\272\225'\00751&g\216\347L\223\352\342\273\335e1\244a\tB\340\341\274\331\002\326\243\306`\310\207\367\376X\013\003""; }; ","ledgerHash: ""\315\004\203\271\200\243u\010|\336\346\203L\367\300g\364H\302\267\0331\0265+\223\224\300\342tR\375""; ledgerSeq: 56; type: liBASE; nodes {;   nodedata: ""\000\000\0008\001cEx]\211\377\330\252\344\245^L==\235\021\032V\220\341+U\353\274\372=u\225\337\321k\342\217\031\035&\261k*\000\000\000\000\000\000\000\000\000\000\000\000\000\000\000\000\000\000\000\000\000\000\000\000\000\000\000\000\000\000\000\000(;c\260\360y\203`\3648\264Y\034\255\317&\276\225\231\205\335\300\362H\235\240O \2657\321~/\351\253V/\351\253^\n\000""; }; nodes {;   nodedata: ""\323C\344\327\264{\312-\017:\006{\177\344N\002\326bO\260\220\006\033\362\345\005U\221DzJ0\001\301\025%1L\307\t\261\262z\374\222T\301\274V\236\223\262\270Ct\362\337b\356\024*\324\320\351\317\002k\336\234\027v\351\217\260\303\360\233ZPZWr\246$w\313\313\r\243r\232\2234\373\3539:N\004Q\245\272D\312D\300\300\t\323\0257\345e\271\na\215{\226\255x%T\257\037\333\004\344_/R\006E\344\037@\210\363\010\336T\226\247'\204_{\261\370""1\235\2445\343\033Y!\212\201\341\272\225'\00751&g\216\347L\223\352\342\273\335e1\244a\tB\340\341\274\331\002\326\243\306`\310\207\367\376X\013\003""; }; "
1750527708569,1750527708569,0,1,4,1,TMLedgerData,"ledgerHash: ""\315\004\203\271\200\243u\010|\336\346\203L\367\300g\364H\302\267\0331\0265+\223\224\300\342tR\375""; ledgerSeq: 56; type: liBASE; nodes {;   nodedata: ""\000\000\0008\001cEx]\211\377\330\252\344\245^L==\235\021\032V\220\341+U\353\274\372=u\225\337\321k\342\217\031\035&\261k*\000\000\000\000\000\000\000\000\000\000\000\000\000\000\000\000\000\000\000\000\000\000\000\000\000\000\000\000\000\000\000\000(;c\260\360y\203`\3648\264Y\034\255\317&\276\225\231\205\335\300\362H\235\240O \2657\321~/\351\253V/\351\253^\n\000""; }; nodes {;   nodedata: ""\323C\344\327\264{\312-\017:\006{\177\344N\002\326bO\260\220\006\033\362\345\005U\221DzJ0\001\301\025%1L\307\t\261\262z\374\222T\301\274V\236\223\262\270Ct\362\337b\356\024*\324\320\351\317\002k\336\234\027v\351\217\260\303\360\233ZPZWr\246$w\313\313\r\243r\232\2234\373\3539:N\004Q\245\272D\312D\300\300\t\323\0257\345e\271\na\215{\226\255x%T\257\037\333\004\344_/R\006E\344\037@\210\363\010\336T\226\247'\204_{\261\370""1\235\2445\343\033Y!\212\201\341\272\225'\00751&g\216\347L\223\352\342\273\335e1\244a\tB\340\341\274\331\002\326\243\306`\310\207\367\376X\013\003""; }; ","ledgerHash: ""\315\004\203\271\200\243u\010|\336\346\203L\367\300g\364H\302\267\0331\0265+\223\224\300\342tR\375""; ledgerSeq: 56; type: liBASE; nodes {;   nodedata: ""\000\000\0008\001cEx]\211\377\330\252\344\245^L==\235\021\032V\220\341+U\353\274\372=u\225\337\321k\342\217\031\035&\261k*\000\000\000\000\000\000\000\000\000\000\000\000\000\000\000\000\000\000\000\000\000\000\000\000\000\000\000\000\000\000\000\000(;c\260\360y\203`\3648\264Y\034\255\317&\276\225\231\205\335\300\362H\235\240O \2657\321~/\351\253V/\351\253^\n\000""; }; nodes {;   nodedata: ""\323C\344\327\264{\312-\017:\006{\177\344N\002\326bO\260\220\006\033\362\345\005U\221DzJ0\001\301\025%1L\307\t\261\262z\374\222T\301\274V\236\223\262\270Ct\362\337b\356\024*\324\320\351\317\002k\336\234\027v\351\217\260\303\360\233ZPZWr\246$w\313\313\r\243r\232\2234\373\3539:N\004Q\245\272D\312D\300\300\t\323\0257\345e\271\na\215{\226\255x%T\257\037\333\004\344_/R\006E\344\037@\210\363\010\336T\226\247'\204_{\261\370""1\235\2445\343\033Y!\212\201\341\272\225'\00751&g\216\347L\223\352\342\273\335e1\244a\tB\340\341\274\331\002\326\243\306`\310\207\367\376X\013\003""; }; "
1750527708571,1750527708571,0,1,1,4,TMLedgerData,"ledgerHash: ""\315\004\203\271\200\243u\010|\336\346\203L\367\300g\364H\302\267\0331\0265+\223\224\300\342tR\375""; ledgerSeq: 56; type: liBASE; nodes {;   nodedata: ""\000\000\0008\001cEx]\211\377\330\252\344\245^L==\235\021\032V\220\341+U\353\274\372=u\225\337\321k\342\217\031\035&\261k*\000\000\000\000\000\000\000\000\000\000\000\000\000\000\000\000\000\000\000\000\000\000\000\000\000\000\000\000\000\000\000\000(;c\260\360y\203`\3648\264Y\034\255\317&\276\225\231\205\335\300\362H\235\240O \2657\321~/\351\253V/\351\253^\n\000""; }; nodes {;   nodedata: ""\323C\344\327\264{\312-\017:\006{\177\344N\002\326bO\260\220\006\033\362\345\005U\221DzJ0\001\301\025%1L\307\t\261\262z\374\222T\301\274V\236\223\262\270Ct\362\337b\356\024*\324\320\351\317\002k\336\234\027v\351\217\260\303\360\233ZPZWr\246$w\313\313\r\243r\232\2234\373\3539:N\004Q\245\272D\312D\300\300\t\323\0257\345e\271\na\215{\226\255x%T\257\037\333\004\344_/R\006E\344\037@\210\363\010\336T\226\247'\204_{\261\370""1\235\2445\343\033Y!\212\201\341\272\225'\00751&g\216\347L\223\352\342\273\335e1\244a\tB\340\341\274\331\002\326\243\306`\310\207\367\376X\013\003""; }; ","ledgerHash: ""\315\004\203\271\200\243u\010|\336\346\203L\367\300g\364H\302\267\0331\0265+\223\224\300\342tR\375""; ledgerSeq: 56; type: liBASE; nodes {;   nodedata: ""\000\000\0008\001cEx]\211\377\330\252\344\245^L==\235\021\032V\220\341+U\353\274\372=u\225\337\321k\342\217\031\035&\261k*\000\000\000\000\000\000\000\000\000\000\000\000\000\000\000\000\000\000\000\000\000\000\000\000\000\000\000\000\000\000\000\000(;c\260\360y\203`\3648\264Y\034\255\317&\276\225\231\205\335\300\362H\235\240O \2657\321~/\351\253V/\351\253^\n\000""; }; nodes {;   nodedata: ""\323C\344\327\264{\312-\017:\006{\177\344N\002\326bO\260\220\006\033\362\345\005U\221DzJ0\001\301\025%1L\307\t\261\262z\374\222T\301\274V\236\223\262\270Ct\362\337b\356\024*\324\320\351\317\002k\336\234\027v\351\217\260\303\360\233ZPZWr\246$w\313\313\r\243r\232\2234\373\3539:N\004Q\245\272D\312D\300\300\t\323\0257\345e\271\na\215{\226\255x%T\257\037\333\004\344_/R\006E\344\037@\210\363\010\336T\226\247'\204_{\261\370""1\235\2445\343\033Y!\212\201\341\272\225'\00751&g\216\347L\223\352\342\273\335e1\244a\tB\340\341\274\331\002\326\243\306`\310\207\367\376X\013\003""; }; "
1750527708572,1750527708572,0,1,1,2,TMLedgerData,"ledgerHash: ""\315\004\203\271\200\243u\010|\336\346\203L\367\300g\364H\302\267\0331\0265+\223\224\300\342tR\375""; ledgerSeq: 56; type: liBASE; nodes {;   nodedata: ""\000\000\0008\001cEx]\211\377\330\252\344\245^L==\235\021\032V\220\341+U\353\274\372=u\225\337\321k\342\217\031\035&\261k*\000\000\000\000\000\000\000\000\000\000\000\000\000\000\000\000\000\000\000\000\000\000\000\000\000\000\000\000\000\000\000\000(;c\260\360y\203`\3648\264Y\034\255\317&\276\225\231\205\335\300\362H\235\240O \2657\321~/\351\253V/\351\253^\n\000""; }; nodes {;   nodedata: ""\323C\344\327\264{\312-\017:\006{\177\344N\002\326bO\260\220\006\033\362\345\005U\221DzJ0\001\301\025%1L\307\t\261\262z\374\222T\301\274V\236\223\262\270Ct\362\337b\356\024*\324\320\351\317\002k\336\234\027v\351\217\260\303\360\233ZPZWr\246$w\313\313\r\243r\232\2234\373\3539:N\004Q\245\272D\312D\300\300\t\323\0257\345e\271\na\215{\226\255x%T\257\037\333\004\344_/R\006E\344\037@\210\363\010\336T\226\247'\204_{\261\370""1\235\2445\343\033Y!\212\201\341\272\225'\00751&g\216\347L\223\352\342\273\335e1\244a\tB\340\341\274\331\002\326\243\306`\310\207\367\376X\013\003""; }; ","ledgerHash: ""\315\004\203\271\200\243u\010|\336\346\203L\367\300g\364H\302\267\0331\0265+\223\224\300\342tR\375""; ledgerSeq: 56; type: liBASE; nodes {;   nodedata: ""\000\000\0008\001cEx]\211\377\330\252\344\245^L==\235\021\032V\220\341+U\353\274\372=u\225\337\321k\342\217\031\035&\261k*\000\000\000\000\000\000\000\000\000\000\000\000\000\000\000\000\000\000\000\000\000\000\000\000\000\000\000\000\000\000\000\000(;c\260\360y\203`\3648\264Y\034\255\317&\276\225\231\205\335\300\362H\235\240O \2657\321~/\351\253V/\351\253^\n\000""; }; nodes {;   nodedata: ""\323C\344\327\264{\312-\017:\006{\177\344N\002\326bO\260\220\006\033\362\345\005U\221DzJ0\001\301\025%1L\307\t\261\262z\374\222T\301\274V\236\223\262\270Ct\362\337b\356\024*\324\320\351\317\002k\336\234\027v\351\217\260\303\360\233ZPZWr\246$w\313\313\r\243r\232\2234\373\3539:N\004Q\245\272D\312D\300\300\t\323\0257\345e\271\na\215{\226\255x%T\257\037\333\004\344_/R\006E\344\037@\210\363\010\336T\226\247'\204_{\261\370""1\235\2445\343\033Y!\212\201\341\272\225'\00751&g\216\347L\223\352\342\273\335e1\244a\tB\340\341\274\331\002\326\243\306`\310\207\367\376X\013\003""; }; "
1750527708573,1750527708573,0,1,0,1,TMLedgerData,"ledgerHash: ""\315\004\203\271\200\243u\010|\336\346\203L\367\300g\364H\302\267\0331\0265+\223\224\300\342tR\375""; ledgerSeq: 56; type: liBASE; nodes {;   nodedata: ""\000\000\0008\001cEx]\211\377\330\252\344\245^L==\235\021\032V\220\341+U\353\274\372=u\225\337\321k\342\217\031\035&\261k*\000\000\000\000\000\000\000\000\000\000\000\000\000\000\000\000\000\000\000\000\000\000\000\000\000\000\000\000\000\000\000\000(;c\260\360y\203`\3648\264Y\034\255\317&\276\225\231\205\335\300\362H\235\240O \2657\321~/\351\253V/\351\253^\n\000""; }; nodes {;   nodedata: ""\323C\344\327\264{\312-\017:\006{\177\344N\002\326bO\260\220\006\033\362\345\005U\221DzJ0\001\301\025%1L\307\t\261\262z\374\222T\301\274V\236\223\262\270Ct\362\337b\356\024*\324\320\351\317\002k\336\234\027v\351\217\260\303\360\233ZPZWr\246$w\313\313\r\243r\232\2234\373\3539:N\004Q\245\272D\312D\300\300\t\323\0257\345e\271\na\215{\226\255x%T\257\037\333\004\344_/R\006E\344\037@\210\363\010\336T\226\247'\204_{\261\370""1\235\2445\343\033Y!\212\201\341\272\225'\00751&g\216\347L\223\352\342\273\335e1\244a\tB\340\341\274\331\002\326\243\306`\310\207\367\376X\013\003""; }; ","ledgerHash: ""\315\004\203\271\200\243u\010|\336\346\203L\367\300g\364H\302\267\0331\0265+\223\224\300\342tR\375""; ledgerSeq: 56; type: liBASE; nodes {;   nodedata: ""\000\000\0008\001cEx]\211\377\330\252\344\245^L==\235\021\032V\220\341+U\353\274\372=u\225\337\321k\342\217\031\035&\261k*\000\000\000\000\000\000\000\000\000\000\000\000\000\000\000\000\000\000\000\000\000\000\000\000\000\000\000\000\000\000\000\000(;c\260\360y\203`\3648\264Y\034\255\317&\276\225\231\205\335\300\362H\235\240O \2657\321~/\351\253V/\351\253^\n\000""; }; nodes {;   nodedata: ""\323C\344\327\264{\312-\017:\006{\177\344N\002\326bO\260\220\006\033\362\345\005U\221DzJ0\001\301\025%1L\307\t\261\262z\374\222T\301\274V\236\223\262\270Ct\362\337b\356\024*\324\320\351\317\002k\336\234\027v\351\217\260\303\360\233ZPZWr\246$w\313\313\r\243r\232\2234\373\3539:N\004Q\245\272D\312D\300\300\t\323\0257\345e\271\na\215{\226\255x%T\257\037\333\004\344_/R\006E\344\037@\210\363\010\336T\226\247'\204_{\261\370""1\235\2445\343\033Y!\212\201\341\272\225'\00751&g\216\347L\223\352\342\273\335e1\244a\tB\340\341\274\331\002\326\243\306`\310\207\367\376X\013\003""; }; "
1750527708574,1750527708574,0,1,1,0,TMLedgerData,"ledgerHash: ""\315\004\203\271\200\243u\010|\336\346\203L\367\300g\364H\302\267\0331\0265+\223\224\300\342tR\375""; ledgerSeq: 56; type: liBASE; nodes {;   nodedata: ""\000\000\0008\001cEx]\211\377\330\252\344\245^L==\235\021\032V\220\341+U\353\274\372=u\225\337\321k\342\217\031\035&\261k*\000\000\000\000\000\000\000\000\000\000\000\000\000\000\000\000\000\000\000\000\000\000\000\000\000\000\000\000\000\000\000\000(;c\260\360y\203`\3648\264Y\034\255\317&\276\225\231\205\335\300\362H\235\240O \2657\321~/\351\253V/\351\253^\n\000""; }; nodes {;   nodedata: ""\323C\344\327\264{\312-\017:\006{\177\344N\002\326bO\260\220\006\033\362\345\005U\221DzJ0\001\301\025%1L\307\t\261\262z\374\222T\301\274V\236\223\262\270Ct\362\337b\356\024*\324\320\351\317\002k\336\234\027v\351\217\260\303\360\233ZPZWr\246$w\313\313\r\243r\232\2234\373\3539:N\004Q\245\272D\312D\300\300\t\323\0257\345e\271\na\215{\226\255x%T\257\037\333\004\344_/R\006E\344\037@\210\363\010\336T\226\247'\204_{\261\370""1\235\2445\343\033Y!\212\201\341\272\225'\00751&g\216\347L\223\352\342\273\335e1\244a\tB\340\341\274\331\002\326\243\306`\310\207\367\376X\013\003""; }; ","ledgerHash: ""\315\004\203\271\200\243u\010|\336\346\203L\367\300g\364H\302\267\0331\0265+\223\224\300\342tR\375""; ledgerSeq: 56; type: liBASE; nodes {;   nodedata: ""\000\000\0008\001cEx]\211\377\330\252\344\245^L==\235\021\032V\220\341+U\353\274\372=u\225\337\321k\342\217\031\035&\261k*\000\000\000\000\000\000\000\000\000\000\000\000\000\000\000\000\000\000\000\000\000\000\000\000\000\000\000\000\000\000\000\000(;c\260\360y\203`\3648\264Y\034\255\317&\276\225\231\205\335\300\362H\235\240O \2657\321~/\351\253V/\351\253^\n\000""; }; nodes {;   nodedata: ""\323C\344\327\264{\312-\017:\006{\177\344N\002\326bO\260\220\006\033\362\345\005U\221DzJ0\001\301\025%1L\307\t\261\262z\374\222T\301\274V\236\223\262\270Ct\362\337b\356\024*\324\320\351\317\002k\336\234\027v\351\217\260\303\360\233ZPZWr\246$w\313\313\r\243r\232\2234\373\3539:N\004Q\245\272D\312D\300\300\t\323\0257\345e\271\na\215{\226\255x%T\257\037\333\004\344_/R\006E\344\037@\210\363\010\336T\226\247'\204_{\261\370""1\235\2445\343\033Y!\212\201\341\272\225'\00751&g\216\347L\223\352\342\273\335e1\244a\tB\340\341\274\331\002\326\243\306`\310\207\367\376X\013\003""; }; "
1750527708643,1750527708643,0,1,4,3,TMStatusChange,"newEvent: neACCEPTED_LEDGER; ledgerSeq: 56; ledgerHash: ""\315\004\203\271\200\243u\010|\336\346\203L\367\300g\364H\302\267\0331\0265+\223\224\300\342tR\375""; ledgerHashPrevious: ""\252\344\245^L==\235\021\032V\220\341+U\353\274\372=u\225\337\321k\342\217\031\035&\261k*""; networkTime: 803842908; firstSeq: 1; lastSeq: 55; ","newEvent: neACCEPTED_LEDGER; ledgerSeq: 56; ledgerHash: ""\315\004\203\271\200\243u\010|\336\346\203L\367\300g\364H\302\267\0331\0265+\223\224\300\342tR\375""; ledgerHashPrevious: ""\252\344\245^L==\235\021\032V\220\341+U\353\274\372=u\225\337\321k\342\217\031\035&\261k*""; networkTime: 803842908; firstSeq: 1; lastSeq: 55; "
1750527708644,1750527708644,0,1,4,0,TMStatusChange,"newEvent: neACCEPTED_LEDGER; ledgerSeq: 56; ledgerHash: ""\315\004\203\271\200\243u\010|\336\346\203L\367\300g\364H\302\267\0331\0265+\223\224\300\342tR\375""; ledgerHashPrevious: ""\252\344\245^L==\235\021\032V\220\341+U\353\274\372=u\225\337\321k\342\217\031\035&\261k*""; networkTime: 803842908; firstSeq: 1; lastSeq: 55; ","newEvent: neACCEPTED_LEDGER; ledgerSeq: 56; ledgerHash: ""\315\004\203\271\200\243u\010|\336\346\203L\367\300g\364H\302\267\0331\0265+\223\224\300\342tR\375""; ledgerHashPrevious: ""\252\344\245^L==\235\021\032V\220\341+U\353\274\372=u\225\337\321k\342\217\031\035&\261k*""; networkTime: 803842908; firstSeq: 1; lastSeq: 55; "
1750527708644,1750527708644,0,1,4,2,TMStatusChange,"newEvent: neACCEPTED_LEDGER; ledgerSeq: 56; ledgerHash: ""\315\004\203\271\200\243u\010|\336\346\203L\367\300g\364H\302\267\0331\0265+\223\224\300\342tR\375""; ledgerHashPrevious: ""\252\344\245^L==\235\021\032V\220\341+U\353\274\372=u\225\337\321k\342\217\031\035&\261k*""; networkTime: 803842908; firstSeq: 1; lastSeq: 55; ","newEvent: neACCEPTED_LEDGER; ledgerSeq: 56; ledgerHash: ""\315\004\203\271\200\243u\010|\336\346\203L\367\300g\364H\302\267\0331\0265+\223\224\300\342tR\375""; ledgerHashPrevious: ""\252\344\245^L==\235\021\032V\220\341+U\353\274\372=u\225\337\321k\342\217\031\035&\261k*""; networkTime: 803842908; firstSeq: 1; lastSeq: 55; "
1750527708644,1750527708645,0,1,4,1,TMStatusChange,"newEvent: neACCEPTED_LEDGER; ledgerSeq: 56; ledgerHash: ""\315\004\203\271\200\243u\010|\336\346\203L\367\300g\364H\302\267\0331\0265+\223\224\300\342tR\375""; ledgerHashPrevious: ""\252\344\245^L==\235\021\032V\220\341+U\353\274\372=u\225\337\321k\342\217\031\035&\261k*""; networkTime: 803842908; firstSeq: 1; lastSeq: 55; ","newEvent: neACCEPTED_LEDGER; ledgerSeq: 56; ledgerHash: ""\315\004\203\271\200\243u\010|\336\346\203L\367\300g\364H\302\267\0331\0265+\223\224\300\342tR\375""; ledgerHashPrevious: ""\252\344\245^L==\235\021\032V\220\341+U\353\274\372=u\225\337\321k\342\217\031\035&\261k*""; networkTime: 803842908; firstSeq: 1; lastSeq: 55; "
1750527708686,1750527708686,0,1,4,2,TMValidation,"validation: """"\200\000\000\001&\000\000\0008)/\351\253\:\r\302\353\023?\373\240rQ\315\004\203\271\200\243u\010|\336\346\203L\367\300g\364H\302\267\0331\0265+\223\224\300\342tR\375P\027\000\000\000\000\000\000\000\000\000\000\000\000\000\000\000\000\000\000\000\000\000\000\000\000\000\000\000\000\000\000\000\000P\031\252\344\245^L==\235\021\032V\220\341+U\353\274\372=u\225\337\321k\342\217\031\035&\261k*s!\003R7o\362bV\300hf\266\241;}\200^\374\240\203[:\342Q\225\221\027y\372\255\235\216\323~vF0D\002 +#\252\207\313\320(\025\331\017\202(\020\261dr\007\022!.\303IB\304\265\225\332roG:\340\002 gz\354~.\203\313\315\364v\214\362\005iA \002 W\236\033\257\025!\256\327\001y\371ZO@""; ","validation: """"\200\000\000\001&\000\000\0008)/\351\253\:\r\302\353\023?\373\240rQ\315\004\203\271\200\243u\010|\336\346\203L\367\300g\364H\302\267\0331\0265+\223\224\300\342tR\375P\027\000\000\000\000\000\000\000\000\000\000\000\000\000\000\000\000\000\000\000\000\000\000\000\000\000\000\000\000\000\000\000\000P\031\252\344\245^L==\235\021\032V\220\341+U\353\274\372=u\225\337\321k\342\217\031\035&\261k*s!\003R7o\362bV\300hf\266\241;}\200^\374\240\203[:\342Q\225\221\027y\372\255\235\216\323~vF0D\002 +#\252\207\313\320(\025\331\017\202(\020\261dr\007\022!.\303IB\304\265\225\332roG:\340\002 gz\354~.\203\313\315\364v\214\362\005iA \002 W\236\033\257\025!\256\327\001y\371ZO@""; "
1750527708687,1750527708687,0,1,4,3,TMValidation,"validation: """"\200\000\000\001&\000\000\0008)/\351\253\:\r\302\353\023?\373\240rQ\315\004\203\271\200\243u\010|\336\346\203L\367\300g\364H\302\267\0331\0265+\223\224\300\342tR\375P\027\000\000\000\000\000\000\000\000\000\000\000\000\000\000\000\000\000\000\000\000\000\000\000\000\000\000\000\000\000\000\000\000P\031\252\344\245^L==\235\021\032V\220\341+U\353\274\372=u\225\337\321k\342\217\031\035&\261k*s!\003R7o\362bV\300hf\266\241;}\200^\374\240\203[:\342Q\225\221\027y\372\255\235\216\323~vF0D\002 +#\252\207\313\320(\025\331\017\202(\020\261dr\007\022!.\303IB\304\265\225\332roG:\340\002 gz\354~.\203\313\315\364v\214\362\005iA \002 W\236\033\257\025!\256\327\001y\371ZO@""; ","validation: """"\200\000\000\001&\000\000\0008)/\351\253\:\r\302\353\023?\373\240rQ\315\004\203\271\200\243u\010|\336\346\203L\367\300g\364H\302\267\0331\0265+\223\224\300\342tR\375P\027\000\000\000\000\000\000\000\000\000\000\000\000\000\000\000\000\000\000\000\000\000\000\000\000\000\000\000\000\000\000\000\000P\031\252\344\245^L==\235\021\032V\220\341+U\353\274\372=u\225\337\321k\342\217\031\035&\261k*s!\003R7o\362bV\300hf\266\241;}\200^\374\240\203[:\342Q\225\221\027y\372\255\235\216\323~vF0D\002 +#\252\207\313\320(\025\331\017\202(\020\261dr\007\022!.\303IB\304\265\225\332roG:\340\002 gz\354~.\203\313\315\364v\214\362\005iA \002 W\236\033\257\025!\256\327\001y\371ZO@""; "
1750527708687,1750527708687,0,1,4,1,TMValidation,"validation: """"\200\000\000\001&\000\000\0008)/\351\253\:\r\302\353\023?\373\240rQ\315\004\203\271\200\243u\010|\336\346\203L\367\300g\364H\302\267\0331\0265+\223\224\300\342tR\375P\027\000\000\000\000\000\000\000\000\000\000\000\000\000\000\000\000\000\000\000\000\000\000\000\000\000\000\000\000\000\000\000\000P\031\252\344\245^L==\235\021\032V\220\341+U\353\274\372=u\225\337\321k\342\217\031\035&\261k*s!\003R7o\362bV\300hf\266\241;}\200^\374\240\203[:\342Q\225\221\027y\372\255\235\216\323~vF0D\002 +#\252\207\313\320(\025\331\017\202(\020\261dr\007\022!.\303IB\304\265\225\332roG:\340\002 gz\354~.\203\313\315\364v\214\362\005iA \002 W\236\033\257\025!\256\327\001y\371ZO@""; ","validation: """"\200\000\000\001&\000\000\0008)/\351\253\:\r\302\353\023?\373\240rQ\315\004\203\271\200\243u\010|\336\346\203L\367\300g\364H\302\267\0331\0265+\223\224\300\342tR\375P\027\000\000\000\000\000\000\000\000\000\000\000\000\000\000\000\000\000\000\000\000\000\000\000\000\000\000\000\000\000\000\000\000P\031\252\344\245^L==\235\021\032V\220\341+U\353\274\372=u\225\337\321k\342\217\031\035&\261k*s!\003R7o\362bV\300hf\266\241;}\200^\374\240\203[:\342Q\225\221\027y\372\255\235\216\323~vF0D\002 +#\252\207\313\320(\025\331\017\202(\020\261dr\007\022!.\303IB\304\265\225\332roG:\340\002 gz\354~.\203\313\315\364v\214\362\005iA \002 W\236\033\257\025!\256\327\001y\371ZO@""; "
1750527708687,1750527708687,0,1,4,0,TMValidation,"validation: """"\200\000\000\001&\000\000\0008)/\351\253\:\r\302\353\023?\373\240rQ\315\004\203\271\200\243u\010|\336\346\203L\367\300g\364H\302\267\0331\0265+\223\224\300\342tR\375P\027\000\000\000\000\000\000\000\000\000\000\000\000\000\000\000\000\000\000\000\000\000\000\000\000\000\000\000\000\000\000\000\000P\031\252\344\245^L==\235\021\032V\220\341+U\353\274\372=u\225\337\321k\342\217\031\035&\261k*s!\003R7o\362bV\300hf\266\241;}\200^\374\240\203[:\342Q\225\221\027y\372\255\235\216\323~vF0D\002 +#\252\207\313\320(\025\331\017\202(\020\261dr\007\022!.\303IB\304\265\225\332roG:\340\002 gz\354~.\203\313\315\364v\214\362\005iA \002 W\236\033\257\025!\256\327\001y\371ZO@""; ","validation: """"\200\000\000\001&\000\000\0008)/\351\253\:\r\302\353\023?\373\240rQ\315\004\203\271\200\243u\010|\336\346\203L\367\300g\364H\302\267\0331\0265+\223\224\300\342tR\375P\027\000\000\000\000\000\000\000\000\000\000\000\000\000\000\000\000\000\000\000\000\000\000\000\000\000\000\000\000\000\000\000\000P\031\252\344\245^L==\235\021\032V\220\341+U\353\274\372=u\225\337\321k\342\217\031\035&\261k*s!\003R7o\362bV\300hf\266\241;}\200^\374\240\203[:\342Q\225\221\027y\372\255\235\216\323~vF0D\002 +#\252\207\313\320(\025\331\017\202(\020\261dr\007\022!.\303IB\304\265\225\332roG:\340\002 gz\354~.\203\313\315\364v\214\362\005iA \002 W\236\033\257\025!\256\327\001y\371ZO@""; "
1750527708689,1750527708689,0,1,2,3,TMValidation,"validation: """"\200\000\000\001&\000\000\0008)/\351\253\:\r\302\353\023?\373\240rQ\315\004\203\271\200\243u\010|\336\346\203L\367\300g\364H\302\267\0331\0265+\223\224\300\342tR\375P\027\000\000\000\000\000\000\000\000\000\000\000\000\000\000\000\000\000\000\000\000\000\000\000\000\000\000\000\000\000\000\000\000P\031\252\344\245^L==\235\021\032V\220\341+U\353\274\372=u\225\337\321k\342\217\031\035&\261k*s!\003R7o\362bV\300hf\266\241;}\200^\374\240\203[:\342Q\225\221\027y\372\255\235\216\323~vF0D\002 +#\252\207\313\320(\025\331\017\202(\020\261dr\007\022!.\303IB\304\265\225\332roG:\340\002 gz\354~.\203\313\315\364v\214\362\005iA \002 W\236\033\257\025!\256\327\001y\371ZO@""; ","validation: """"\200\000\000\001&\000\000\0008)/\351\253\:\r\302\353\023?\373\240rQ\315\004\203\271\200\243u\010|\336\346\203L\367\300g\364H\302\267\0331\0265+\223\224\300\342tR\375P\027\000\000\000\000\000\000\000\000\000\000\000\000\000\000\000\000\000\000\000\000\000\000\000\000\000\000\000\000\000\000\000\000P\031\252\344\245^L==\235\021\032V\220\341+U\353\274\372=u\225\337\321k\342\217\031\035&\261k*s!\003R7o\362bV\300hf\266\241;}\200^\374\240\203[:\342Q\225\221\027y\372\255\235\216\323~vF0D\002 +#\252\207\313\320(\025\331\017\202(\020\261dr\007\022!.\303IB\304\265\225\332roG:\340\002 gz\354~.\203\313\315\364v\214\362\005iA \002 W\236\033\257\025!\256\327\001y\371ZO@""; "
1750527708690,1750527708690,0,1,2,0,TMValidation,"validation: """"\200\000\000\001&\000\000\0008)/\351\253\:\r\302\353\023?\373\240rQ\315\004\203\271\200\243u\010|\336\346\203L\367\300g\364H\302\267\0331\0265+\223\224\300\342tR\375P\027\000\000\000\000\000\000\000\000\000\000\000\000\000\000\000\000\000\000\000\000\000\000\000\000\000\000\000\000\000\000\000\000P\031\252\344\245^L==\235\021\032V\220\341+U\353\274\372=u\225\337\321k\342\217\031\035&\261k*s!\003R7o\362bV\300hf\266\241;}\200^\374\240\203[:\342Q\225\221\027y\372\255\235\216\323~vF0D\002 +#\252\207\313\320(\025\331\017\202(\020\261dr\007\022!.\303IB\304\265\225\332roG:\340\002 gz\354~.\203\313\315\364v\214\362\005iA \002 W\236\033\257\025!\256\327\001y\371ZO@""; ","validation: """"\200\000\000\001&\000\000\0008)/\351\253\:\r\302\353\023?\373\240rQ\315\004\203\271\200\243u\010|\336\346\203L\367\300g\364H\302\267\0331\0265+\223\224\300\342tR\375P\027\000\000\000\000\000\000\000\000\000\000\000\000\000\000\000\000\000\000\000\000\000\000\000\000\000\000\000\000\000\000\000\000P\031\252\344\245^L==\235\021\032V\220\341+U\353\274\372=u\225\337\321k\342\217\031\035&\261k*s!\003R7o\362bV\300hf\266\241;}\200^\374\240\203[:\342Q\225\221\027y\372\255\235\216\323~vF0D\002 +#\252\207\313\320(\025\331\017\202(\020\261dr\007\022!.\303IB\304\265\225\332roG:\340\002 gz\354~.\203\313\315\364v\214\362\005iA \002 W\236\033\257\025!\256\327\001y\371ZO@""; "
1750527708690,1750527708690,0,1,2,1,TMValidation,"validation: """"\200\000\000\001&\000\000\0008)/\351\253\:\r\302\353\023?\373\240rQ\315\004\203\271\200\243u\010|\336\346\203L\367\300g\364H\302\267\0331\0265+\223\224\300\342tR\375P\027\000\000\000\000\000\000\000\000\000\000\000\000\000\000\000\000\000\000\000\000\000\000\000\000\000\000\000\000\000\000\000\000P\031\252\344\245^L==\235\021\032V\220\341+U\353\274\372=u\225\337\321k\342\217\031\035&\261k*s!\003R7o\362bV\300hf\266\241;}\200^\374\240\203[:\342Q\225\221\027y\372\255\235\216\323~vF0D\002 +#\252\207\313\320(\025\331\017\202(\020\261dr\007\022!.\303IB\304\265\225\332roG:\340\002 gz\354~.\203\313\315\364v\214\362\005iA \002 W\236\033\257\025!\256\327\001y\371ZO@""; ","validation: """"\200\000\000\001&\000\000\0008)/\351\253\:\r\302\353\023?\373\240rQ\315\004\203\271\200\243u\010|\336\346\203L\367\300g\364H\302\267\0331\0265+\223\224\300\342tR\375P\027\000\000\000\000\000\000\000\000\000\000\000\000\000\000\000\000\000\000\000\000\000\000\000\000\000\000\000\000\000\000\000\000P\031\252\344\245^L==\235\021\032V\220\341+U\353\274\372=u\225\337\321k\342\217\031\035&\261k*s!\003R7o\362bV\300hf\266\241;}\200^\374\240\203[:\342Q\225\221\027y\372\255\235\216\323~vF0D\002 +#\252\207\313\320(\025\331\017\202(\020\261dr\007\022!.\303IB\304\265\225\332roG:\340\002 gz\354~.\203\313\315\364v\214\362\005iA \002 W\236\033\257\025!\256\327\001y\371ZO@""; "
1750527708691,1750527708691,0,1,3,1,TMValidation,"validation: """"\200\000\000\001&\000\000\0008)/\351\253\:\r\302\353\023?\373\240rQ\315\004\203\271\200\243u\010|\336\346\203L\367\300g\364H\302\267\0331\0265+\223\224\300\342tR\375P\027\000\000\000\000\000\000\000\000\000\000\000\000\000\000\000\000\000\000\000\000\000\000\000\000\000\000\000\000\000\000\000\000P\031\252\344\245^L==\235\021\032V\220\341+U\353\274\372=u\225\337\321k\342\217\031\035&\261k*s!\003R7o\362bV\300hf\266\241;}\200^\374\240\203[:\342Q\225\221\027y\372\255\235\216\323~vF0D\002 +#\252\207\313\320(\025\331\017\202(\020\261dr\007\022!.\303IB\304\265\225\332roG:\340\002 gz\354~.\203\313\315\364v\214\362\005iA \002 W\236\033\257\025!\256\327\001y\371ZO@""; ","validation: """"\200\000\000\001&\000\000\0008)/\351\253\:\r\302\353\023?\373\240rQ\315\004\203\271\200\243u\010|\336\346\203L\367\300g\364H\302\267\0331\0265+\223\224\300\342tR\375P\027\000\000\000\000\000\000\000\000\000\000\000\000\000\000\000\000\000\000\000\000\000\000\000\000\000\000\000\000\000\000\000\000P\031\252\344\245^L==\235\021\032V\220\341+U\353\274\372=u\225\337\321k\342\217\031\035&\261k*s!\003R7o\362bV\300hf\266\241;}\200^\374\240\203[:\342Q\225\221\027y\372\255\235\216\323~vF0D\002 +#\252\207\313\320(\025\331\017\202(\020\261dr\007\022!.\303IB\304\265\225\332roG:\340\002 gz\354~.\203\313\315\364v\214\362\005iA \002 W\236\033\257\025!\256\327\001y\371ZO@""; "
1750527708691,1750527708691,0,1,3,2,TMValidation,"validation: """"\200\000\000\001&\000\000\0008)/\351\253\:\r\302\353\023?\373\240rQ\315\004\203\271\200\243u\010|\336\346\203L\367\300g\364H\302\267\0331\0265+\223\224\300\342tR\375P\027\000\000\000\000\000\000\000\000\000\000\000\000\000\000\000\000\000\000\000\000\000\000\000\000\000\000\000\000\000\000\000\000P\031\252\344\245^L==\235\021\032V\220\341+U\353\274\372=u\225\337\321k\342\217\031\035&\261k*s!\003R7o\362bV\300hf\266\241;}\200^\374\240\203[:\342Q\225\221\027y\372\255\235\216\323~vF0D\002 +#\252\207\313\320(\025\331\017\202(\020\261dr\007\022!.\303IB\304\265\225\332roG:\340\002 gz\354~.\203\313\315\364v\214\362\005iA \002 W\236\033\257\025!\256\327\001y\371ZO@""; ","validation: """"\200\000\000\001&\000\000\0008)/\351\253\:\r\302\353\023?\373\240rQ\315\004\203\271\200\243u\010|\336\346\203L\367\300g\364H\302\267\0331\0265+\223\224\300\342tR\375P\027\000\000\000\000\000\000\000\000\000\000\000\000\000\000\000\000\000\000\000\000\000\000\000\000\000\000\000\000\000\000\000\000P\031\252\344\245^L==\235\021\032V\220\341+U\353\274\372=u\225\337\321k\342\217\031\035&\261k*s!\003R7o\362bV\300hf\266\241;}\200^\374\240\203[:\342Q\225\221\027y\372\255\235\216\323~vF0D\002 +#\252\207\313\320(\025\331\017\202(\020\261dr\007\022!.\303IB\304\265\225\332roG:\340\002 gz\354~.\203\313\315\364v\214\362\005iA \002 W\236\033\257\025!\256\327\001y\371ZO@""; "
1750527708692,1750527708692,0,1,3,0,TMValidation,"validation: """"\200\000\000\001&\000\000\0008)/\351\253\:\r\302\353\023?\373\240rQ\315\004\203\271\200\243u\010|\336\346\203L\367\300g\364H\302\267\0331\0265+\223\224\300\342tR\375P\027\000\000\000\000\000\000\000\000\000\000\000\000\000\000\000\000\000\000\000\000\000\000\000\000\000\000\000\000\000\000\000\000P\031\252\344\245^L==\235\021\032V\220\341+U\353\274\372=u\225\337\321k\342\217\031\035&\261k*s!\003R7o\362bV\300hf\266\241;}\200^\374\240\203[:\342Q\225\221\027y\372\255\235\216\323~vF0D\002 +#\252\207\313\320(\025\331\017\202(\020\261dr\007\022!.\303IB\304\265\225\332roG:\340\002 gz\354~.\203\313\315\364v\214\362\005iA \002 W\236\033\257\025!\256\327\001y\371ZO@""; ","validation: """"\200\000\000\001&\000\000\0008)/\351\253\:\r\302\353\023?\373\240rQ\315\004\203\271\200\243u\010|\336\346\203L\367\300g\364H\302\267\0331\0265+\223\224\300\342tR\375P\027\000\000\000\000\000\000\000\000\000\000\000\000\000\000\000\000\000\000\000\000\000\000\000\000\000\000\000\000\000\000\000\000P\031\252\344\245^L==\235\021\032V\220\341+U\353\274\372=u\225\337\321k\342\217\031\035&\261k*s!\003R7o\362bV\300hf\266\241;}\200^\374\240\203[:\342Q\225\221\027y\372\255\235\216\323~vF0D\002 +#\252\207\313\320(\025\331\017\202(\020\261dr\007\022!.\303IB\304\265\225\332roG:\340\002 gz\354~.\203\313\315\364v\214\362\005iA \002 W\236\033\257\025!\256\327\001y\371ZO@""; "
1750527708692,1750527708692,0,1,1,3,TMValidation,"validation: """"\200\000\000\001&\000\000\0008)/\351\253\:\r\302\353\023?\373\240rQ\315\004\203\271\200\243u\010|\336\346\203L\367\300g\364H\302\267\0331\0265+\223\224\300\342tR\375P\027\000\000\000\000\000\000\000\000\000\000\000\000\000\000\000\000\000\000\000\000\000\000\000\000\000\000\000\000\000\000\000\000P\031\252\344\245^L==\235\021\032V\220\341+U\353\274\372=u\225\337\321k\342\217\031\035&\261k*s!\003R7o\362bV\300hf\266\241;}\200^\374\240\203[:\342Q\225\221\027y\372\255\235\216\323~vF0D\002 +#\252\207\313\320(\025\331\017\202(\020\261dr\007\022!.\303IB\304\265\225\332roG:\340\002 gz\354~.\203\313\315\364v\214\362\005iA \002 W\236\033\257\025!\256\327\001y\371ZO@""; ","validation: """"\200\000\000\001&\000\000\0008)/\351\253\:\r\302\353\023?\373\240rQ\315\004\203\271\200\243u\010|\336\346\203L\367\300g\364H\302\267\0331\0265+\223\224\300\342tR\375P\027\000\000\000\000\000\000\000\000\000\000\000\000\000\000\000\000\000\000\000\000\000\000\000\000\000\000\000\000\000\000\000\000P\031\252\344\245^L==\235\021\032V\220\341+U\353\274\372=u\225\337\321k\342\217\031\035&\261k*s!\003R7o\362bV\300hf\266\241;}\200^\374\240\203[:\342Q\225\221\027y\372\255\235\216\323~vF0D\002 +#\252\207\313\320(\025\331\017\202(\020\261dr\007\022!.\303IB\304\265\225\332roG:\340\002 gz\354~.\203\313\315\364v\214\362\005iA \002 W\236\033\257\025!\256\327\001y\371ZO@""; "
1750527708693,1750527708693,0,1,1,2,TMValidation,"validation: """"\200\000\000\001&\000\000\0008)/\351\253\:\r\302\353\023?\373\240rQ\315\004\203\271\200\243u\010|\336\346\203L\367\300g\364H\302\267\0331\0265+\223\224\300\342tR\375P\027\000\000\000\000\000\000\000\000\000\000\000\000\000\000\000\000\000\000\000\000\000\000\000\000\000\000\000\000\000\000\000\000P\031\252\344\245^L==\235\021\032V\220\341+U\353\274\372=u\225\337\321k\342\217\031\035&\261k*s!\003R7o\362bV\300hf\266\241;}\200^\374\240\203[:\342Q\225\221\027y\372\255\235\216\323~vF0D\002 +#\252\207\313\320(\025\331\017\202(\020\261dr\007\022!.\303IB\304\265\225\332roG:\340\002 gz\354~.\203\313\315\364v\214\362\005iA \002 W\236\033\257\025!\256\327\001y\371ZO@""; ","validation: """"\200\000\000\001&\000\000\0008)/\351\253\:\r\302\353\023?\373\240rQ\315\004\203\271\200\243u\010|\336\346\203L\367\300g\364H\302\267\0331\0265+\223\224\300\342tR\375P\027\000\000\000\000\000\000\000\000\000\000\000\000\000\000\000\000\000\000\000\000\000\000\000\000\000\000\000\000\000\000\000\000P\031\252\344\245^L==\235\021\032V\220\341+U\353\274\372=u\225\337\321k\342\217\031\035&\261k*s!\003R7o\362bV\300hf\266\241;}\200^\374\240\203[:\342Q\225\221\027y\372\255\235\216\323~vF0D\002 +#\252\207\313\320(\025\331\017\202(\020\261dr\007\022!.\303IB\304\265\225\332roG:\340\002 gz\354~.\203\313\315\364v\214\362\005iA \002 W\236\033\257\025!\256\327\001y\371ZO@""; "
1750527708693,1750527708694,0,1,0,1,TMValidation,"validation: """"\200\000\000\001&\000\000\0008)/\351\253\:\r\302\353\023?\373\240rQ\315\004\203\271\200\243u\010|\336\346\203L\367\300g\364H\302\267\0331\0265+\223\224\300\342tR\375P\027\000\000\000\000\000\000\000\000\000\000\000\000\000\000\000\000\000\000\000\000\000\000\000\000\000\000\000\000\000\000\000\000P\031\252\344\245^L==\235\021\032V\220\341+U\353\274\372=u\225\337\321k\342\217\031\035&\261k*s!\003R7o\362bV\300hf\266\241;}\200^\374\240\203[:\342Q\225\221\027y\372\255\235\216\323~vF0D\002 +#\252\207\313\320(\025\331\017\202(\020\261dr\007\022!.\303IB\304\265\225\332roG:\340\002 gz\354~.\203\313\315\364v\214\362\005iA \002 W\236\033\257\025!\256\327\001y\371ZO@""; ","validation: """"\200\000\000\001&\000\000\0008)/\351\253\:\r\302\353\023?\373\240rQ\315\004\203\271\200\243u\010|\336\346\203L\367\300g\364H\302\267\0331\0265+\223\224\300\342tR\375P\027\000\000\000\000\000\000\000\000\000\000\000\000\000\000\000\000\000\000\000\000\000\000\000\000\000\000\000\000\000\000\000\000P\031\252\344\245^L==\235\021\032V\220\341+U\353\274\372=u\225\337\321k\342\217\031\035&\261k*s!\003R7o\362bV\300hf\266\241;}\200^\374\240\203[:\342Q\225\221\027y\372\255\235\216\323~vF0D\002 +#\252\207\313\320(\025\331\017\202(\020\261dr\007\022!.\303IB\304\265\225\332roG:\340\002 gz\354~.\203\313\315\364v\214\362\005iA \002 W\236\033\257\025!\256\327\001y\371ZO@""; "
1750527708694,1750527708694,0,1,0,2,TMValidation,"validation: """"\200\000\000\001&\000\000\0008)/\351\253\:\r\302\353\023?\373\240rQ\315\004\203\271\200\243u\010|\336\346\203L\367\300g\364H\302\267\0331\0265+\223\224\300\342tR\375P\027\000\000\000\000\000\000\000\000\000\000\000\000\000\000\000\000\000\000\000\000\000\000\000\000\000\000\000\000\000\000\000\000P\031\252\344\245^L==\235\021\032V\220\341+U\353\274\372=u\225\337\321k\342\217\031\035&\261k*s!\003R7o\362bV\300hf\266\241;}\200^\374\240\203[:\342Q\225\221\027y\372\255\235\216\323~vF0D\002 +#\252\207\313\320(\025\331\017\202(\020\261dr\007\022!.\303IB\304\265\225\332roG:\340\002 gz\354~.\203\313\315\364v\214\362\005iA \002 W\236\033\257\025!\256\327\001y\371ZO@""; ","validation: """"\200\000\000\001&\000\000\0008)/\351\253\:\r\302\353\023?\373\240rQ\315\004\203\271\200\243u\010|\336\346\203L\367\300g\364H\302\267\0331\0265+\223\224\300\342tR\375P\027\000\000\000\000\000\000\000\000\000\000\000\000\000\000\000\000\000\000\000\000\000\000\000\000\000\000\000\000\000\000\000\000P\031\252\344\245^L==\235\021\032V\220\341+U\353\274\372=u\225\337\321k\342\217\031\035&\261k*s!\003R7o\362bV\300hf\266\241;}\200^\374\240\203[:\342Q\225\221\027y\372\255\235\216\323~vF0D\002 +#\252\207\313\320(\025\331\017\202(\020\261dr\007\022!.\303IB\304\265\225\332roG:\340\002 gz\354~.\203\313\315\364v\214\362\005iA \002 W\236\033\257\025!\256\327\001y\371ZO@""; "
1750527708694,1750527708694,0,1,1,0,TMValidation,"validation: """"\200\000\000\001&\000\000\0008)/\351\253\:\r\302\353\023?\373\240rQ\315\004\203\271\200\243u\010|\336\346\203L\367\300g\364H\302\267\0331\0265+\223\224\300\342tR\375P\027\000\000\000\000\000\000\000\000\000\000\000\000\000\000\000\000\000\000\000\000\000\000\000\000\000\000\000\000\000\000\000\000P\031\252\344\245^L==\235\021\032V\220\341+U\353\274\372=u\225\337\321k\342\217\031\035&\261k*s!\003R7o\362bV\300hf\266\241;}\200^\374\240\203[:\342Q\225\221\027y\372\255\235\216\323~vF0D\002 +#\252\207\313\320(\025\331\017\202(\020\261dr\007\022!.\303IB\304\265\225\332roG:\340\002 gz\354~.\203\313\315\364v\214\362\005iA \002 W\236\033\257\025!\256\327\001y\371ZO@""; ","validation: """"\200\000\000\001&\000\000\0008)/\351\253\:\r\302\353\023?\373\240rQ\315\004\203\271\200\243u\010|\336\346\203L\367\300g\364H\302\267\0331\0265+\223\224\300\342tR\375P\027\000\000\000\000\000\000\000\000\000\000\000\000\000\000\000\000\000\000\000\000\000\000\000\000\000\000\000\000\000\000\000\000P\031\252\344\245^L==\235\021\032V\220\341+U\353\274\372=u\225\337\321k\342\217\031\035&\261k*s!\003R7o\362bV\300hf\266\241;}\200^\374\240\203[:\342Q\225\221\027y\372\255\235\216\323~vF0D\002 +#\252\207\313\320(\025\331\017\202(\020\261dr\007\022!.\303IB\304\265\225\332roG:\340\002 gz\354~.\203\313\315\364v\214\362\005iA \002 W\236\033\257\025!\256\327\001y\371ZO@""; "
1750527708694,1750527708694,0,1,0,3,TMValidation,"validation: """"\200\000\000\001&\000\000\0008)/\351\253\:\r\302\353\023?\373\240rQ\315\004\203\271\200\243u\010|\336\346\203L\367\300g\364H\302\267\0331\0265+\223\224\300\342tR\375P\027\000\000\000\000\000\000\000\000\000\000\000\000\000\000\000\000\000\000\000\000\000\000\000\000\000\000\000\000\000\000\000\000P\031\252\344\245^L==\235\021\032V\220\341+U\353\274\372=u\225\337\321k\342\217\031\035&\261k*s!\003R7o\362bV\300hf\266\241;}\200^\374\240\203[:\342Q\225\221\027y\372\255\235\216\323~vF0D\002 +#\252\207\313\320(\025\331\017\202(\020\261dr\007\022!.\303IB\304\265\225\332roG:\340\002 gz\354~.\203\313\315\364v\214\362\005iA \002 W\236\033\257\025!\256\327\001y\371ZO@""; ","validation: """"\200\000\000\001&\000\000\0008)/\351\253\:\r\302\353\023?\373\240rQ\315\004\203\271\200\243u\010|\336\346\203L\367\300g\364H\302\267\0331\0265+\223\224\300\342tR\375P\027\000\000\000\000\000\000\000\000\000\000\000\000\000\000\000\000\000\000\000\000\000\000\000\000\000\000\000\000\000\000\000\000P\031\252\344\245^L==\235\021\032V\220\341+U\353\274\372=u\225\337\321k\342\217\031\035&\261k*s!\003R7o\362bV\300hf\266\241;}\200^\374\240\203[:\342Q\225\221\027y\372\255\235\216\323~vF0D\002 +#\252\207\313\320(\025\331\017\202(\020\261dr\007\022!.\303IB\304\265\225\332roG:\340\002 gz\354~.\203\313\315\364v\214\362\005iA \002 W\236\033\257\025!\256\327\001y\371ZO@""; "
1750527709522,1750527709523,0,1,3,2,TMProposeSet,"proposeSeq: 0; currentTxHash: ""\000\000\000\000\000\000\000\000\000\000\000\000\000\000\000\000\000\000\000\000\000\000\000\000\000\000\000\000\000\000\000\000""; nodePubKey: ""\002\364d\217\366\217|\316F\232\231\241\n\261\333`\312O\367\235\025DD\336e\367\n\312\326\221\037\025\230""; closeTime: 803842909; signature: ""0D\002 l\3532\274%\014s\n/g\304EF<o'\034\277\377\373\351\273\226\320\375\217\206\0307\203:&\002 n'z1\367P]mj\375\205\226\263\225\024\215\276\026\320A\224xd\272K>lF\277\230}\365""; previousledger: ""\315\004\203\271\200\243u\010|\336\346\203L\367\300g\364H\302\267\0331\0265+\223\224\300\342tR\375""; ","proposeSeq: 0; currentTxHash: ""\000\000\000\000\000\000\000\000\000\000\000\000\000\000\000\000\000\000\000\000\000\000\000\000\000\000\000\000\000\000\000\000""; nodePubKey: ""\002\364d\217\366\217|\316F\232\231\241\n\261\333`\312O\367\235\025DD\336e\367\n\312\326\221\037\025\230""; closeTime: 803842909; signature: ""0D\002 l\3532\274%\014s\n/g\304EF<o'\034\277\377\373\351\273\226\320\375\217\206\0307\203:&\002 n'z1\367P]mj\375\205\226\263\225\024\215\276\026\320A\224xd\272K>lF\277\230}\365""; previousledger: ""\315\004\203\271\200\243u\010|\336\346\203L\367\300g\364H\302\267\0331\0265+\223\224\300\342tR\375""; "
1750527709524,1750527709524,0,1,3,0,TMProposeSet,"proposeSeq: 0; currentTxHash: ""\000\000\000\000\000\000\000\000\000\000\000\000\000\000\000\000\000\000\000\000\000\000\000\000\000\000\000\000\000\000\000\000""; nodePubKey: ""\002\364d\217\366\217|\316F\232\231\241\n\261\333`\312O\367\235\025DD\336e\367\n\312\326\221\037\025\230""; closeTime: 803842909; signature: ""0D\002 l\3532\274%\014s\n/g\304EF<o'\034\277\377\373\351\273\226\320\375\217\206\0307\203:&\002 n'z1\367P]mj\375\205\226\263\225\024\215\276\026\320A\224xd\272K>lF\277\230}\365""; previousledger: ""\315\004\203\271\200\243u\010|\336\346\203L\367\300g\364H\302\267\0331\0265+\223\224\300\342tR\375""; ","proposeSeq: 0; currentTxHash: ""\000\000\000\000\000\000\000\000\000\000\000\000\000\000\000\000\000\000\000\000\000\000\000\000\000\000\000\000\000\000\000\000""; nodePubKey: ""\002\364d\217\366\217|\316F\232\231\241\n\261\333`\312O\367\235\025DD\336e\367\n\312\326\221\037\025\230""; closeTime: 803842909; signature: ""0D\002 l\3532\274%\014s\n/g\304EF<o'\034\277\377\373\351\273\226\320\375\217\206\0307\203:&\002 n'z1\367P]mj\375\205\226\263\225\024\215\276\026\320A\224xd\272K>lF\277\230}\365""; previousledger: ""\315\004\203\271\200\243u\010|\336\346\203L\367\300g\364H\302\267\0331\0265+\223\224\300\342tR\375""; "
1750527709524,1750527709524,0,1,3,1,TMProposeSet,"proposeSeq: 0; currentTxHash: ""\000\000\000\000\000\000\000\000\000\000\000\000\000\000\000\000\000\000\000\000\000\000\000\000\000\000\000\000\000\000\000\000""; nodePubKey: ""\002\364d\217\366\217|\316F\232\231\241\n\261\333`\312O\367\235\025DD\336e\367\n\312\326\221\037\025\230""; closeTime: 803842909; signature: ""0D\002 l\3532\274%\014s\n/g\304EF<o'\034\277\377\373\351\273\226\320\375\217\206\0307\203:&\002 n'z1\367P]mj\375\205\226\263\225\024\215\276\026\320A\224xd\272K>lF\277\230}\365""; previousledger: ""\315\004\203\271\200\243u\010|\336\346\203L\367\300g\364H\302\267\0331\0265+\223\224\300\342tR\375""; ","proposeSeq: 0; currentTxHash: ""\000\000\000\000\000\000\000\000\000\000\000\000\000\000\000\000\000\000\000\000\000\000\000\000\000\000\000\000\000\000\000\000""; nodePubKey: ""\002\364d\217\366\217|\316F\232\231\241\n\261\333`\312O\367\235\025DD\336e\367\n\312\326\221\037\025\230""; closeTime: 803842909; signature: ""0D\002 l\3532\274%\014s\n/g\304EF<o'\034\277\377\373\351\273\226\320\375\217\206\0307\203:&\002 n'z1\367P]mj\375\205\226\263\225\024\215\276\026\320A\224xd\272K>lF\277\230}\365""; previousledger: ""\315\004\203\271\200\243u\010|\336\346\203L\367\300g\364H\302\267\0331\0265+\223\224\300\342tR\375""; "
1750527709523,1750527709523,0,1,3,4,TMProposeSet,"proposeSeq: 0; currentTxHash: ""\000\000\000\000\000\000\000\000\000\000\000\000\000\000\000\000\000\000\000\000\000\000\000\000\000\000\000\000\000\000\000\000""; nodePubKey: ""\002\364d\217\366\217|\316F\232\231\241\n\261\333`\312O\367\235\025DD\336e\367\n\312\326\221\037\025\230""; closeTime: 803842909; signature: ""0D\002 l\3532\274%\014s\n/g\304EF<o'\034\277\377\373\351\273\226\320\375\217\206\0307\203:&\002 n'z1\367P]mj\375\205\226\263\225\024\215\276\026\320A\224xd\272K>lF\277\230}\365""; previousledger: ""\315\004\203\271\200\243u\010|\336\346\203L\367\300g\364H\302\267\0331\0265+\223\224\300\342tR\375""; ","proposeSeq: 0; currentTxHash: ""\000\000\000\000\000\000\000\000\000\000\000\000\000\000\000\000\000\000\000\000\000\000\000\000\000\000\000\000\000\000\000\000""; nodePubKey: ""\002\364d\217\366\217|\316F\232\231\241\n\261\333`\312O\367\235\025DD\336e\367\n\312\326\221\037\025\230""; closeTime: 803842909; signature: ""0D\002 l\3532\274%\014s\n/g\304EF<o'\034\277\377\373\351\273\226\320\375\217\206\0307\203:&\002 n'z1\367P]mj\375\205\226\263\225\024\215\276\026\320A\224xd\272K>lF\277\230}\365""; previousledger: ""\315\004\203\271\200\243u\010|\336\346\203L\367\300g\364H\302\267\0331\0265+\223\224\300\342tR\375""; "
1750527709528,1750527709528,0,1,4,1,TMProposeSet,"proposeSeq: 0; currentTxHash: ""\000\000\000\000\000\000\000\000\000\000\000\000\000\000\000\000\000\000\000\000\000\000\000\000\000\000\000\000\000\000\000\000""; nodePubKey: ""\002\364d\217\366\217|\316F\232\231\241\n\261\333`\312O\367\235\025DD\336e\367\n\312\326\221\037\025\230""; closeTime: 803842909; signature: ""0D\002 l\3532\274%\014s\n/g\304EF<o'\034\277\377\373\351\273\226\320\375\217\206\0307\203:&\002 n'z1\367P]mj\375\205\226\263\225\024\215\276\026\320A\224xd\272K>lF\277\230}\365""; previousledger: ""\315\004\203\271\200\243u\010|\336\346\203L\367\300g\364H\302\267\0331\0265+\223\224\300\342tR\375""; ","proposeSeq: 0; currentTxHash: ""\000\000\000\000\000\000\000\000\000\000\000\000\000\000\000\000\000\000\000\000\000\000\000\000\000\000\000\000\000\000\000\000""; nodePubKey: ""\002\364d\217\366\217|\316F\232\231\241\n\261\333`\312O\367\235\025DD\336e\367\n\312\326\221\037\025\230""; closeTime: 803842909; signature: ""0D\002 l\3532\274%\014s\n/g\304EF<o'\034\277\377\373\351\273\226\320\375\217\206\0307\203:&\002 n'z1\367P]mj\375\205\226\263\225\024\215\276\026\320A\224xd\272K>lF\277\230}\365""; previousledger: ""\315\004\203\271\200\243u\010|\336\346\203L\367\300g\364H\302\267\0331\0265+\223\224\300\342tR\375""; "
1750527709528,1750527709528,0,1,4,2,TMProposeSet,"proposeSeq: 0; currentTxHash: ""\000\000\000\000\000\000\000\000\000\000\000\000\000\000\000\000\000\000\000\000\000\000\000\000\000\000\000\000\000\000\000\000""; nodePubKey: ""\002\364d\217\366\217|\316F\232\231\241\n\261\333`\312O\367\235\025DD\336e\367\n\312\326\221\037\025\230""; closeTime: 803842909; signature: ""0D\002 l\3532\274%\014s\n/g\304EF<o'\034\277\377\373\351\273\226\320\375\217\206\0307\203:&\002 n'z1\367P]mj\375\205\226\263\225\024\215\276\026\320A\224xd\272K>lF\277\230}\365""; previousledger: ""\315\004\203\271\200\243u\010|\336\346\203L\367\300g\364H\302\267\0331\0265+\223\224\300\342tR\375""; ","proposeSeq: 0; currentTxHash: ""\000\000\000\000\000\000\000\000\000\000\000\000\000\000\000\000\000\000\000\000\000\000\000\000\000\000\000\000\000\000\000\000""; nodePubKey: ""\002\364d\217\366\217|\316F\232\231\241\n\261\333`\312O\367\235\025DD\336e\367\n\312\326\221\037\025\230""; closeTime: 803842909; signature: ""0D\002 l\3532\274%\014s\n/g\304EF<o'\034\277\377\373\351\273\226\320\375\217\206\0307\203:&\002 n'z1\367P]mj\375\205\226\263\225\024\215\276\026\320A\224xd\272K>lF\277\230}\365""; previousledger: ""\315\004\203\271\200\243u\010|\336\346\203L\367\300g\364H\302\267\0331\0265+\223\224\300\342tR\375""; "
1750527709529,1750527709529,0,1,4,0,TMProposeSet,"proposeSeq: 0; currentTxHash: ""\000\000\000\000\000\000\000\000\000\000\000\000\000\000\000\000\000\000\000\000\000\000\000\000\000\000\000\000\000\000\000\000""; nodePubKey: ""\002\364d\217\366\217|\316F\232\231\241\n\261\333`\312O\367\235\025DD\336e\367\n\312\326\221\037\025\230""; closeTime: 803842909; signature: ""0D\002 l\3532\274%\014s\n/g\304EF<o'\034\277\377\373\351\273\226\320\375\217\206\0307\203:&\002 n'z1\367P]mj\375\205\226\263\225\024\215\276\026\320A\224xd\272K>lF\277\230}\365""; previousledger: ""\315\004\203\271\200\243u\010|\336\346\203L\367\300g\364H\302\267\0331\0265+\223\224\300\342tR\375""; ","proposeSeq: 0; currentTxHash: ""\000\000\000\000\000\000\000\000\000\000\000\000\000\000\000\000\000\000\000\000\000\000\000\000\000\000\000\000\000\000\000\000""; nodePubKey: ""\002\364d\217\366\217|\316F\232\231\241\n\261\333`\312O\367\235\025DD\336e\367\n\312\326\221\037\025\230""; closeTime: 803842909; signature: ""0D\002 l\3532\274%\014s\n/g\304EF<o'\034\277\377\373\351\273\226\320\375\217\206\0307\203:&\002 n'z1\367P]mj\375\205\226\263\225\024\215\276\026\320A\224xd\272K>lF\277\230}\365""; previousledger: ""\315\004\203\271\200\243u\010|\336\346\203L\367\300g\364H\302\267\0331\0265+\223\224\300\342tR\375""; "
1750527709483,1750527709556,0,1,3,2,TMStatusChange,"newEvent: neCLOSING_LEDGER; ledgerSeq: 56; ledgerHash: ""\315\004\203\271\200\243u\010|\336\346\203L\367\300g\364H\302\267\0331\0265+\223\224\300\342tR\375""; ledgerHashPrevious: ""\252\344\245^L==\235\021\032V\220\341+U\353\274\372=u\225\337\321k\342\217\031\035&\261k*""; networkTime: 803842909; firstSeq: 1; lastSeq: 56; ","newEvent: neCLOSING_LEDGER; ledgerSeq: 56; ledgerHash: ""\315\004\203\271\200\243u\010|\336\346\203L\367\300g\364H\302\267\0331\0265+\223\224\300\342tR\375""; ledgerHashPrevious: ""\252\344\245^L==\235\021\032V\220\341+U\353\274\372=u\225\337\321k\342\217\031\035&\261k*""; networkTime: 803842909; firstSeq: 1; lastSeq: 56; "
1750527709484,1750527709557,0,1,3,0,TMStatusChange,"newEvent: neCLOSING_LEDGER; ledgerSeq: 56; ledgerHash: ""\315\004\203\271\200\243u\010|\336\346\203L\367\300g\364H\302\267\0331\0265+\223\224\300\342tR\375""; ledgerHashPrevious: ""\252\344\245^L==\235\021\032V\220\341+U\353\274\372=u\225\337\321k\342\217\031\035&\261k*""; networkTime: 803842909; firstSeq: 1; lastSeq: 56; ","newEvent: neCLOSING_LEDGER; ledgerSeq: 56; ledgerHash: ""\315\004\203\271\200\243u\010|\336\346\203L\367\300g\364H\302\267\0331\0265+\223\224\300\342tR\375""; ledgerHashPrevious: ""\252\344\245^L==\235\021\032V\220\341+U\353\274\372=u\225\337\321k\342\217\031\035&\261k*""; networkTime: 803842909; firstSeq: 1; lastSeq: 56; "
1750527709483,1750527709557,0,1,3,4,TMStatusChange,"newEvent: neCLOSING_LEDGER; ledgerSeq: 56; ledgerHash: ""\315\004\203\271\200\243u\010|\336\346\203L\367\300g\364H\302\267\0331\0265+\223\224\300\342tR\375""; ledgerHashPrevious: ""\252\344\245^L==\235\021\032V\220\341+U\353\274\372=u\225\337\321k\342\217\031\035&\261k*""; networkTime: 803842909; firstSeq: 1; lastSeq: 56; ","newEvent: neCLOSING_LEDGER; ledgerSeq: 56; ledgerHash: ""\315\004\203\271\200\243u\010|\336\346\203L\367\300g\364H\302\267\0331\0265+\223\224\300\342tR\375""; ledgerHashPrevious: ""\252\344\245^L==\235\021\032V\220\341+U\353\274\372=u\225\337\321k\342\217\031\035&\261k*""; networkTime: 803842909; firstSeq: 1; lastSeq: 56; "
1750527709484,1750527709559,0,1,3,1,TMStatusChange,"newEvent: neCLOSING_LEDGER; ledgerSeq: 56; ledgerHash: ""\315\004\203\271\200\243u\010|\336\346\203L\367\300g\364H\302\267\0331\0265+\223\224\300\342tR\375""; ledgerHashPrevious: ""\252\344\245^L==\235\021\032V\220\341+U\353\274\372=u\225\337\321k\342\217\031\035&\261k*""; networkTime: 803842909; firstSeq: 1; lastSeq: 56; ","newEvent: neCLOSING_LEDGER; ledgerSeq: 56; ledgerHash: ""\315\004\203\271\200\243u\010|\336\346\203L\367\300g\364H\302\267\0331\0265+\223\224\300\342tR\375""; ledgerHashPrevious: ""\252\344\245^L==\235\021\032V\220\341+U\353\274\372=u\225\337\321k\342\217\031\035&\261k*""; networkTime: 803842909; firstSeq: 1; lastSeq: 56; "
1750527709645,1750527709645,0,1,4,3,TMProposeSet,"proposeSeq: 0; currentTxHash: ""\000\000\000\000\000\000\000\000\000\000\000\000\000\000\000\000\000\000\000\000\000\000\000\000\000\000\000\000\000\000\000\000""; nodePubKey: ""\003R7o\362bV\300hf\266\241;}\200^\374\240\203[:\342Q\225\221\027y\372\255\235\216\323~""; closeTime: 803842909; signature: ""0D\002 S\271\232\006$s\353T[\206\215\213\216p3lzYh\002\355\340\366c\361\r\225\276Y\211\370\375\002 aP\233\343\374(\375\227V\250\001\376S7\330\337wB\263xF\212\264\022\230\260\254.\016\366lU""; previousledger: ""\315\004\203\271\200\243u\010|\336\346\203L\367\300g\364H\302\267\0331\0265+\223\224\300\342tR\375""; ","proposeSeq: 0; currentTxHash: ""\000\000\000\000\000\000\000\000\000\000\000\000\000\000\000\000\000\000\000\000\000\000\000\000\000\000\000\000\000\000\000\000""; nodePubKey: ""\003R7o\362bV\300hf\266\241;}\200^\374\240\203[:\342Q\225\221\027y\372\255\235\216\323~""; closeTime: 803842909; signature: ""0D\002 S\271\232\006$s\353T[\206\215\213\216p3lzYh\002\355\340\366c\361\r\225\276Y\211\370\375\002 aP\233\343\374(\375\227V\250\001\376S7\330\337wB\263xF\212\264\022\230\260\254.\016\366lU""; previousledger: ""\315\004\203\271\200\243u\010|\336\346\203L\367\300g\364H\302\267\0331\0265+\223\224\300\342tR\375""; "
1750527709647,1750527709647,0,1,4,2,TMProposeSet,"proposeSeq: 0; currentTxHash: ""\000\000\000\000\000\000\000\000\000\000\000\000\000\000\000\000\000\000\000\000\000\000\000\000\000\000\000\000\000\000\000\000""; nodePubKey: ""\003R7o\362bV\300hf\266\241;}\200^\374\240\203[:\342Q\225\221\027y\372\255\235\216\323~""; closeTime: 803842909; signature: ""0D\002 S\271\232\006$s\353T[\206\215\213\216p3lzYh\002\355\340\366c\361\r\225\276Y\211\370\375\002 aP\233\343\374(\375\227V\250\001\376S7\330\337wB\263xF\212\264\022\230\260\254.\016\366lU""; previousledger: ""\315\004\203\271\200\243u\010|\336\346\203L\367\300g\364H\302\267\0331\0265+\223\224\300\342tR\375""; ","proposeSeq: 0; currentTxHash: ""\000\000\000\000\000\000\000\000\000\000\000\000\000\000\000\000\000\000\000\000\000\000\000\000\000\000\000\000\000\000\000\000""; nodePubKey: ""\003R7o\362bV\300hf\266\241;}\200^\374\240\203[:\342Q\225\221\027y\372\255\235\216\323~""; closeTime: 803842909; signature: ""0D\002 S\271\232\006$s\353T[\206\215\213\216p3lzYh\002\355\340\366c\361\r\225\276Y\211\370\375\002 aP\233\343\374(\375\227V\250\001\376S7\330\337wB\263xF\212\264\022\230\260\254.\016\366lU""; previousledger: ""\315\004\203\271\200\243u\010|\336\346\203L\367\300g\364H\302\267\0331\0265+\223\224\300\342tR\375""; "
1750527709647,1750527709647,0,1,4,1,TMProposeSet,"proposeSeq: 0; currentTxHash: ""\000\000\000\000\000\000\000\000\000\000\000\000\000\000\000\000\000\000\000\000\000\000\000\000\000\000\000\000\000\000\000\000""; nodePubKey: ""\003R7o\362bV\300hf\266\241;}\200^\374\240\203[:\342Q\225\221\027y\372\255\235\216\323~""; closeTime: 803842909; signature: ""0D\002 S\271\232\006$s\353T[\206\215\213\216p3lzYh\002\355\340\366c\361\r\225\276Y\211\370\375\002 aP\233\343\374(\375\227V\250\001\376S7\330\337wB\263xF\212\264\022\230\260\254.\016\366lU""; previousledger: ""\315\004\203\271\200\243u\010|\336\346\203L\367\300g\364H\302\267\0331\0265+\223\224\300\342tR\375""; ","proposeSeq: 0; currentTxHash: ""\000\000\000\000\000\000\000\000\000\000\000\000\000\000\000\000\000\000\000\000\000\000\000\000\000\000\000\000\000\000\000\000""; nodePubKey: ""\003R7o\362bV\300hf\266\241;}\200^\374\240\203[:\342Q\225\221\027y\372\255\235\216\323~""; closeTime: 803842909; signature: ""0D\002 S\271\232\006$s\353T[\206\215\213\216p3lzYh\002\355\340\366c\361\r\225\276Y\211\370\375\002 aP\233\343\374(\375\227V\250\001\376S7\330\337wB\263xF\212\264\022\230\260\254.\016\366lU""; previousledger: ""\315\004\203\271\200\243u\010|\336\346\203L\367\300g\364H\302\267\0331\0265+\223\224\300\342tR\375""; "
1750527709646,1750527709646,0,1,4,0,TMProposeSet,"proposeSeq: 0; currentTxHash: ""\000\000\000\000\000\000\000\000\000\000\000\000\000\000\000\000\000\000\000\000\000\000\000\000\000\000\000\000\000\000\000\000""; nodePubKey: ""\003R7o\362bV\300hf\266\241;}\200^\374\240\203[:\342Q\225\221\027y\372\255\235\216\323~""; closeTime: 803842909; signature: ""0D\002 S\271\232\006$s\353T[\206\215\213\216p3lzYh\002\355\340\366c\361\r\225\276Y\211\370\375\002 aP\233\343\374(\375\227V\250\001\376S7\330\337wB\263xF\212\264\022\230\260\254.\016\366lU""; previousledger: ""\315\004\203\271\200\243u\010|\336\346\203L\367\300g\364H\302\267\0331\0265+\223\224\300\342tR\375""; ","proposeSeq: 0; currentTxHash: ""\000\000\000\000\000\000\000\000\000\000\000\000\000\000\000\000\000\000\000\000\000\000\000\000\000\000\000\000\000\000\000\000""; nodePubKey: ""\003R7o\362bV\300hf\266\241;}\200^\374\240\203[:\342Q\225\221\027y\372\255\235\216\323~""; closeTime: 803842909; signature: ""0D\002 S\271\232\006$s\353T[\206\215\213\216p3lzYh\002\355\340\366c\361\r\225\276Y\211\370\375\002 aP\233\343\374(\375\227V\250\001\376S7\330\337wB\263xF\212\264\022\230\260\254.\016\366lU""; previousledger: ""\315\004\203\271\200\243u\010|\336\346\203L\367\300g\364H\302\267\0331\0265+\223\224\300\342tR\375""; "
1750527709649,1750527709649,0,1,3,2,TMProposeSet,"proposeSeq: 0; currentTxHash: ""\000\000\000\000\000\000\000\000\000\000\000\000\000\000\000\000\000\000\000\000\000\000\000\000\000\000\000\000\000\000\000\000""; nodePubKey: ""\003R7o\362bV\300hf\266\241;}\200^\374\240\203[:\342Q\225\221\027y\372\255\235\216\323~""; closeTime: 803842909; signature: ""0D\002 S\271\232\006$s\353T[\206\215\213\216p3lzYh\002\355\340\366c\361\r\225\276Y\211\370\375\002 aP\233\343\374(\375\227V\250\001\376S7\330\337wB\263xF\212\264\022\230\260\254.\016\366lU""; previousledger: ""\315\004\203\271\200\243u\010|\336\346\203L\367\300g\364H\302\267\0331\0265+\223\224\300\342tR\375""; ","proposeSeq: 0; currentTxHash: ""\000\000\000\000\000\000\000\000\000\000\000\000\000\000\000\000\000\000\000\000\000\000\000\000\000\000\000\000\000\000\000\000""; nodePubKey: ""\003R7o\362bV\300hf\266\241;}\200^\374\240\203[:\342Q\225\221\027y\372\255\235\216\323~""; closeTime: 803842909; signature: ""0D\002 S\271\232\006$s\353T[\206\215\213\216p3lzYh\002\355\340\366c\361\r\225\276Y\211\370\375\002 aP\233\343\374(\375\227V\250\001\376S7\330\337wB\263xF\212\264\022\230\260\254.\016\366lU""; previousledger: ""\315\004\203\271\200\243u\010|\336\346\203L\367\300g\364H\302\267\0331\0265+\223\224\300\342tR\375""; "
1750527709650,1750527709650,0,1,3,1,TMProposeSet,"proposeSeq: 0; currentTxHash: ""\000\000\000\000\000\000\000\000\000\000\000\000\000\000\000\000\000\000\000\000\000\000\000\000\000\000\000\000\000\000\000\000""; nodePubKey: ""\003R7o\362bV\300hf\266\241;}\200^\374\240\203[:\342Q\225\221\027y\372\255\235\216\323~""; closeTime: 803842909; signature: ""0D\002 S\271\232\006$s\353T[\206\215\213\216p3lzYh\002\355\340\366c\361\r\225\276Y\211\370\375\002 aP\233\343\374(\375\227V\250\001\376S7\330\337wB\263xF\212\264\022\230\260\254.\016\366lU""; previousledger: ""\315\004\203\271\200\243u\010|\336\346\203L\367\300g\364H\302\267\0331\0265+\223\224\300\342tR\375""; ","proposeSeq: 0; currentTxHash: ""\000\000\000\000\000\000\000\000\000\000\000\000\000\000\000\000\000\000\000\000\000\000\000\000\000\000\000\000\000\000\000\000""; nodePubKey: ""\003R7o\362bV\300hf\266\241;}\200^\374\240\203[:\342Q\225\221\027y\372\255\235\216\323~""; closeTime: 803842909; signature: ""0D\002 S\271\232\006$s\353T[\206\215\213\216p3lzYh\002\355\340\366c\361\r\225\276Y\211\370\375\002 aP\233\343\374(\375\227V\250\001\376S7\330\337wB\263xF\212\264\022\230\260\254.\016\366lU""; previousledger: ""\315\004\203\271\200\243u\010|\336\346\203L\367\300g\364H\302\267\0331\0265+\223\224\300\342tR\375""; "
1750527709650,1750527709650,0,1,3,0,TMProposeSet,"proposeSeq: 0; currentTxHash: ""\000\000\000\000\000\000\000\000\000\000\000\000\000\000\000\000\000\000\000\000\000\000\000\000\000\000\000\000\000\000\000\000""; nodePubKey: ""\003R7o\362bV\300hf\266\241;}\200^\374\240\203[:\342Q\225\221\027y\372\255\235\216\323~""; closeTime: 803842909; signature: ""0D\002 S\271\232\006$s\353T[\206\215\213\216p3lzYh\002\355\340\366c\361\r\225\276Y\211\370\375\002 aP\233\343\374(\375\227V\250\001\376S7\330\337wB\263xF\212\264\022\230\260\254.\016\366lU""; previousledger: ""\315\004\203\271\200\243u\010|\336\346\203L\367\300g\364H\302\267\0331\0265+\223\224\300\342tR\375""; ","proposeSeq: 0; currentTxHash: ""\000\000\000\000\000\000\000\000\000\000\000\000\000\000\000\000\000\000\000\000\000\000\000\000\000\000\000\000\000\000\000\000""; nodePubKey: ""\003R7o\362bV\300hf\266\241;}\200^\374\240\203[:\342Q\225\221\027y\372\255\235\216\323~""; closeTime: 803842909; signature: ""0D\002 S\271\232\006$s\353T[\206\215\213\216p3lzYh\002\355\340\366c\361\r\225\276Y\211\370\375\002 aP\233\343\374(\375\227V\250\001\376S7\330\337wB\263xF\212\264\022\230\260\254.\016\366lU""; previousledger: ""\315\004\203\271\200\243u\010|\336\346\203L\367\300g\364H\302\267\0331\0265+\223\224\300\342tR\375""; "
1750527709643,1750527709705,0,1,4,3,TMStatusChange,"newEvent: neCLOSING_LEDGER; ledgerSeq: 56; ledgerHash: ""\315\004\203\271\200\243u\010|\336\346\203L\367\300g\364H\302\267\0331\0265+\223\224\300\342tR\375""; ledgerHashPrevious: ""\252\344\245^L==\235\021\032V\220\341+U\353\274\372=u\225\337\321k\342\217\031\035&\261k*""; networkTime: 803842909; firstSeq: 1; lastSeq: 56; ","newEvent: neCLOSING_LEDGER; ledgerSeq: 56; ledgerHash: ""\315\004\203\271\200\243u\010|\336\346\203L\367\300g\364H\302\267\0331\0265+\223\224\300\342tR\375""; ledgerHashPrevious: ""\252\344\245^L==\235\021\032V\220\341+U\353\274\372=u\225\337\321k\342\217\031\035&\261k*""; networkTime: 803842909; firstSeq: 1; lastSeq: 56; "
1750527709644,1750527709705,0,1,4,2,TMStatusChange,"newEvent: neCLOSING_LEDGER; ledgerSeq: 56; ledgerHash: ""\315\004\203\271\200\243u\010|\336\346\203L\367\300g\364H\302\267\0331\0265+\223\224\300\342tR\375""; ledgerHashPrevious: ""\252\344\245^L==\235\021\032V\220\341+U\353\274\372=u\225\337\321k\342\217\031\035&\261k*""; networkTime: 803842909; firstSeq: 1; lastSeq: 56; ","newEvent: neCLOSING_LEDGER; ledgerSeq: 56; ledgerHash: ""\315\004\203\271\200\243u\010|\336\346\203L\367\300g\364H\302\267\0331\0265+\223\224\300\342tR\375""; ledgerHashPrevious: ""\252\344\245^L==\235\021\032V\220\341+U\353\274\372=u\225\337\321k\342\217\031\035&\261k*""; networkTime: 803842909; firstSeq: 1; lastSeq: 56; "
1750527709646,1750527709705,0,1,4,0,TMStatusChange,"newEvent: neCLOSING_LEDGER; ledgerSeq: 56; ledgerHash: ""\315\004\203\271\200\243u\010|\336\346\203L\367\300g\364H\302\267\0331\0265+\223\224\300\342tR\375""; ledgerHashPrevious: ""\252\344\245^L==\235\021\032V\220\341+U\353\274\372=u\225\337\321k\342\217\031\035&\261k*""; networkTime: 803842909; firstSeq: 1; lastSeq: 56; ","newEvent: neCLOSING_LEDGER; ledgerSeq: 56; ledgerHash: ""\315\004\203\271\200\243u\010|\336\346\203L\367\300g\364H\302\267\0331\0265+\223\224\300\342tR\375""; ledgerHashPrevious: ""\252\344\245^L==\235\021\032V\220\341+U\353\274\372=u\225\337\321k\342\217\031\035&\261k*""; networkTime: 803842909; firstSeq: 1; lastSeq: 56; "
1750527709647,1750527709706,0,1,4,1,TMStatusChange,"newEvent: neCLOSING_LEDGER; ledgerSeq: 56; ledgerHash: ""\315\004\203\271\200\243u\010|\336\346\203L\367\300g\364H\302\267\0331\0265+\223\224\300\342tR\375""; ledgerHashPrevious: ""\252\344\245^L==\235\021\032V\220\341+U\353\274\372=u\225\337\321k\342\217\031\035&\261k*""; networkTime: 803842909; firstSeq: 1; lastSeq: 56; ","newEvent: neCLOSING_LEDGER; ledgerSeq: 56; ledgerHash: ""\315\004\203\271\200\243u\010|\336\346\203L\367\300g\364H\302\267\0331\0265+\223\224\300\342tR\375""; ledgerHashPrevious: ""\252\344\245^L==\235\021\032V\220\341+U\353\274\372=u\225\337\321k\342\217\031\035&\261k*""; networkTime: 803842909; firstSeq: 1; lastSeq: 56; "
1750527710634,1750527710635,0,1,0,3,TMProposeSet,"proposeSeq: 0; currentTxHash: ""\000\000\000\000\000\000\000\000\000\000\000\000\000\000\000\000\000\000\000\000\000\000\000\000\000\000\000\000\000\000\000\000""; nodePubKey: ""\002\225aM\037\203M\271C\224]$\245\215\334\264;{{\365%Z\2443U\201\242\320iUc\207\367""; closeTime: 803842910; signature: ""0E\002!\000\376\360\007\255*Y\276\262\205tC\254\357\267;\257f\346?\375D\206\205\304Qy\312\210\236\301ui\002 Zx\030\311\237\017\264\024:t\301\334\345\247\363\357V\331\3571\035\376?\254\261\237\245\210\010`\252\013""; previousledger: ""\264\225\304\010\266\361\343\247\001\027\026\350s/l\005\347Fro\371\267\363\2348a\333m\310u\277[""; ","proposeSeq: 0; currentTxHash: ""\000\000\000\000\000\000\000\000\000\000\000\000\000\000\000\000\000\000\000\000\000\000\000\000\000\000\000\000\000\000\000\000""; nodePubKey: ""\002\225aM\037\203M\271C\224]$\245\215\334\264;{{\365%Z\2443U\201\242\320iUc\207\367""; closeTime: 803842910; signature: ""0E\002!\000\376\360\007\255*Y\276\262\205tC\254\357\267;\257f\346?\375D\206\205\304Qy\312\210\236\301ui\002 Zx\030\311\237\017\264\024:t\301\334\345\247\363\357V\331\3571\035\376?\254\261\237\245\210\010`\252\013""; previousledger: ""\264\225\304\010\266\361\343\247\001\027\026\350s/l\005\347Fro\371\267\363\2348a\333m\310u\277[""; "
1750527710635,1750527710635,0,1,0,1,TMProposeSet,"proposeSeq: 0; currentTxHash: ""\000\000\000\000\000\000\000\000\000\000\000\000\000\000\000\000\000\000\000\000\000\000\000\000\000\000\000\000\000\000\000\000""; nodePubKey: ""\002\225aM\037\203M\271C\224]$\245\215\334\264;{{\365%Z\2443U\201\242\320iUc\207\367""; closeTime: 803842910; signature: ""0E\002!\000\376\360\007\255*Y\276\262\205tC\254\357\267;\257f\346?\375D\206\205\304Qy\312\210\236\301ui\002 Zx\030\311\237\017\264\024:t\301\334\345\247\363\357V\331\3571\035\376?\254\261\237\245\210\010`\252\013""; previousledger: ""\264\225\304\010\266\361\343\247\001\027\026\350s/l\005\347Fro\371\267\363\2348a\333m\310u\277[""; ","proposeSeq: 0; currentTxHash: ""\000\000\000\000\000\000\000\000\000\000\000\000\000\000\000\000\000\000\000\000\000\000\000\000\000\000\000\000\000\000\000\000""; nodePubKey: ""\002\225aM\037\203M\271C\224]$\245\215\334\264;{{\365%Z\2443U\201\242\320iUc\207\367""; closeTime: 803842910; signature: ""0E\002!\000\376\360\007\255*Y\276\262\205tC\254\357\267;\257f\346?\375D\206\205\304Qy\312\210\236\301ui\002 Zx\030\311\237\017\264\024:t\301\334\345\247\363\357V\331\3571\035\376?\254\261\237\245\210\010`\252\013""; previousledger: ""\264\225\304\010\266\361\343\247\001\027\026\350s/l\005\347Fro\371\267\363\2348a\333m\310u\277[""; "
1750527710635,1750527710636,0,1,0,4,TMProposeSet,"proposeSeq: 0; currentTxHash: ""\000\000\000\000\000\000\000\000\000\000\000\000\000\000\000\000\000\000\000\000\000\000\000\000\000\000\000\000\000\000\000\000""; nodePubKey: ""\002\225aM\037\203M\271C\224]$\245\215\334\264;{{\365%Z\2443U\201\242\320iUc\207\367""; closeTime: 803842910; signature: ""0E\002!\000\376\360\007\255*Y\276\262\205tC\254\357\267;\257f\346?\375D\206\205\304Qy\312\210\236\301ui\002 Zx\030\311\237\017\264\024:t\301\334\345\247\363\357V\331\3571\035\376?\254\261\237\245\210\010`\252\013""; previousledger: ""\264\225\304\010\266\361\343\247\001\027\026\350s/l\005\347Fro\371\267\363\2348a\333m\310u\277[""; ","proposeSeq: 0; currentTxHash: ""\000\000\000\000\000\000\000\000\000\000\000\000\000\000\000\000\000\000\000\000\000\000\000\000\000\000\000\000\000\000\000\000""; nodePubKey: ""\002\225aM\037\203M\271C\224]$\245\215\334\264;{{\365%Z\2443U\201\242\320iUc\207\367""; closeTime: 803842910; signature: ""0E\002!\000\376\360\007\255*Y\276\262\205tC\254\357\267;\257f\346?\375D\206\205\304Qy\312\210\236\301ui\002 Zx\030\311\237\017\264\024:t\301\334\345\247\363\357V\331\3571\035\376?\254\261\237\245\210\010`\252\013""; previousledger: ""\264\225\304\010\266\361\343\247\001\027\026\350s/l\005\347Fro\371\267\363\2348a\333m\310u\277[""; "
1750527710636,1750527710636,0,1,0,2,TMProposeSet,"proposeSeq: 0; currentTxHash: ""\000\000\000\000\000\000\000\000\000\000\000\000\000\000\000\000\000\000\000\000\000\000\000\000\000\000\000\000\000\000\000\000""; nodePubKey: ""\002\225aM\037\203M\271C\224]$\245\215\334\264;{{\365%Z\2443U\201\242\320iUc\207\367""; closeTime: 803842910; signature: ""0E\002!\000\376\360\007\255*Y\276\262\205tC\254\357\267;\257f\346?\375D\206\205\304Qy\312\210\236\301ui\002 Zx\030\311\237\017\264\024:t\301\334\345\247\363\357V\331\3571\035\376?\254\261\237\245\210\010`\252\013""; previousledger: ""\264\225\304\010\266\361\343\247\001\027\026\350s/l\005\347Fro\371\267\363\2348a\333m\310u\277[""; ","proposeSeq: 0; currentTxHash: ""\000\000\000\000\000\000\000\000\000\000\000\000\000\000\000\000\000\000\000\000\000\000\000\000\000\000\000\000\000\000\000\000""; nodePubKey: ""\002\225aM\037\203M\271C\224]$\245\215\334\264;{{\365%Z\2443U\201\242\320iUc\207\367""; closeTime: 803842910; signature: ""0E\002!\000\376\360\007\255*Y\276\262\205tC\254\357\267;\257f\346?\375D\206\205\304Qy\312\210\236\301ui\002 Zx\030\311\237\017\264\024:t\301\334\345\247\363\357V\331\3571\035\376?\254\261\237\245\210\010`\252\013""; previousledger: ""\264\225\304\010\266\361\343\247\001\027\026\350s/l\005\347Fro\371\267\363\2348a\333m\310u\277[""; "
1750527710591,1750527710662,0,1,0,4,TMStatusChange,"newEvent: neCLOSING_LEDGER; ledgerSeq: 15; ledgerHash: ""\264\225\304\010\266\361\343\247\001\027\026\350s/l\005\347Fro\371\267\363\2348a\333m\310u\277[""; ledgerHashPrevious: ""\272\257\222Hx\367\213E\244~\217>\210\215|N\205E\251[\231(\023uf\272\326<\223v$\357""; networkTime: 803842910; firstSeq: 1; lastSeq: 56; ","newEvent: neCLOSING_LEDGER; ledgerSeq: 15; ledgerHash: ""\264\225\304\010\266\361\343\247\001\027\026\350s/l\005\347Fro\371\267\363\2348a\333m\310u\277[""; ledgerHashPrevious: ""\272\257\222Hx\367\213E\244~\217>\210\215|N\205E\251[\231(\023uf\272\326<\223v$\357""; networkTime: 803842910; firstSeq: 1; lastSeq: 56; "
1750527710592,1750527710663,0,1,0,2,TMStatusChange,"newEvent: neCLOSING_LEDGER; ledgerSeq: 15; ledgerHash: ""\264\225\304\010\266\361\343\247\001\027\026\350s/l\005\347Fro\371\267\363\2348a\333m\310u\277[""; ledgerHashPrevious: ""\272\257\222Hx\367\213E\244~\217>\210\215|N\205E\251[\231(\023uf\272\326<\223v$\357""; networkTime: 803842910; firstSeq: 1; lastSeq: 56; ","newEvent: neCLOSING_LEDGER; ledgerSeq: 15; ledgerHash: ""\264\225\304\010\266\361\343\247\001\027\026\350s/l\005\347Fro\371\267\363\2348a\333m\310u\277[""; ledgerHashPrevious: ""\272\257\222Hx\367\213E\244~\217>\210\215|N\205E\251[\231(\023uf\272\326<\223v$\357""; networkTime: 803842910; firstSeq: 1; lastSeq: 56; "
1750527710592,1750527710663,0,1,0,3,TMStatusChange,"newEvent: neCLOSING_LEDGER; ledgerSeq: 15; ledgerHash: ""\264\225\304\010\266\361\343\247\001\027\026\350s/l\005\347Fro\371\267\363\2348a\333m\310u\277[""; ledgerHashPrevious: ""\272\257\222Hx\367\213E\244~\217>\210\215|N\205E\251[\231(\023uf\272\326<\223v$\357""; networkTime: 803842910; firstSeq: 1; lastSeq: 56; ","newEvent: neCLOSING_LEDGER; ledgerSeq: 15; ledgerHash: ""\264\225\304\010\266\361\343\247\001\027\026\350s/l\005\347Fro\371\267\363\2348a\333m\310u\277[""; ledgerHashPrevious: ""\272\257\222Hx\367\213E\244~\217>\210\215|N\205E\251[\231(\023uf\272\326<\223v$\357""; networkTime: 803842910; firstSeq: 1; lastSeq: 56; "
1750527710593,1750527710664,0,1,0,1,TMStatusChange,"newEvent: neCLOSING_LEDGER; ledgerSeq: 15; ledgerHash: ""\264\225\304\010\266\361\343\247\001\027\026\350s/l\005\347Fro\371\267\363\2348a\333m\310u\277[""; ledgerHashPrevious: ""\272\257\222Hx\367\213E\244~\217>\210\215|N\205E\251[\231(\023uf\272\326<\223v$\357""; networkTime: 803842910; firstSeq: 1; lastSeq: 56; ","newEvent: neCLOSING_LEDGER; ledgerSeq: 15; ledgerHash: ""\264\225\304\010\266\361\343\247\001\027\026\350s/l\005\347Fro\371\267\363\2348a\333m\310u\277[""; ledgerHashPrevious: ""\272\257\222Hx\367\213E\244~\217>\210\215|N\205E\251[\231(\023uf\272\326<\223v$\357""; networkTime: 803842910; firstSeq: 1; lastSeq: 56; "
1750527710668,1750527710668,0,1,2,0,TMProposeSet,"proposeSeq: 0; currentTxHash: ""\000\000\000\000\000\000\000\000\000\000\000\000\000\000\000\000\000\000\000\000\000\000\000\000\000\000\000\000\000\000\000\000""; nodePubKey: ""\003\255\225A\213\332\224ehh\024BDq\224\250\335`\355\353{\357\266\335<\021\032\265\177\206\356&\215""; closeTime: 803842910; signature: ""0D\002 \002P\204v\330\350w\034\263\337\307p\254\350\214\364\235\010\206\266b\022\234j\246\234\272N\350>1\255\002 \035\006\266\307\243i\003\371\232\225\313i\306\312\251\245i\263\231\027/f""\375\215\2420\262\367\356\023B""; previousledger: ""\034\203\224\355h\304-\r\216\373\010\230\206\370\300:\235I\235\233\344\371\351\200\353\315\374E\336\343\373\272""; ","proposeSeq: 0; currentTxHash: ""\000\000\000\000\000\000\000\000\000\000\000\000\000\000\000\000\000\000\000\000\000\000\000\000\000\000\000\000\000\000\000\000""; nodePubKey: ""\003\255\225A\213\332\224ehh\024BDq\224\250\335`\355\353{\357\266\335<\021\032\265\177\206\356&\215""; closeTime: 803842910; signature: ""0D\002 \002P\204v\330\350w\034\263\337\307p\254\350\214\364\235\010\206\266b\022\234j\246\234\272N\350>1\255\002 \035\006\266\307\243i\003\371\232\225\313i\306\312\251\245i\263\231\027/f""\375\215\2420\262\367\356\023B""; previousledger: ""\034\203\224\355h\304-\r\216\373\010\230\206\370\300:\235I\235\233\344\371\351\200\353\315\374E\336\343\373\272""; "
1750527710694,1750527710694,0,1,2,1,TMProposeSet,"proposeSeq: 0; currentTxHash: ""\000\000\000\000\000\000\000\000\000\000\000\000\000\000\000\000\000\000\000\000\000\000\000\000\000\000\000\000\000\000\000\000""; nodePubKey: ""\003\255\225A\213\332\224ehh\024BDq\224\250\335`\355\353{\357\266\335<\021\032\265\177\206\356&\215""; closeTime: 803842910; signature: ""0D\002 \002P\204v\330\350w\034\263\337\307p\254\350\214\364\235\010\206\266b\022\234j\246\234\272N\350>1\255\002 \035\006\266\307\243i\003\371\232\225\313i\306\312\251\245i\263\231\027/f""\375\215\2420\262\367\356\023B""; previousledger: ""\034\203\224\355h\304-\r\216\373\010\230\206\370\300:\235I\235\233\344\371\351\200\353\315\374E\336\343\373\272""; ","proposeSeq: 0; currentTxHash: ""\000\000\000\000\000\000\000\000\000\000\000\000\000\000\000\000\000\000\000\000\000\000\000\000\000\000\000\000\000\000\000\000""; nodePubKey: ""\003\255\225A\213\332\224ehh\024BDq\224\250\335`\355\353{\357\266\335<\021\032\265\177\206\356&\215""; closeTime: 803842910; signature: ""0D\002 \002P\204v\330\350w\034\263\337\307p\254\350\214\364\235\010\206\266b\022\234j\246\234\272N\350>1\255\002 \035\006\266\307\243i\003\371\232\225\313i\306\312\251\245i\263\231\027/f""\375\215\2420\262\367\356\023B""; previousledger: ""\034\203\224\355h\304-\r\216\373\010\230\206\370\300:\235I\235\233\344\371\351\200\353\315\374E\336\343\373\272""; "
1750527710695,1750527710695,0,1,2,4,TMProposeSet,"proposeSeq: 0; currentTxHash: ""\000\000\000\000\000\000\000\000\000\000\000\000\000\000\000\000\000\000\000\000\000\000\000\000\000\000\000\000\000\000\000\000""; nodePubKey: ""\003\255\225A\213\332\224ehh\024BDq\224\250\335`\355\353{\357\266\335<\021\032\265\177\206\356&\215""; closeTime: 803842910; signature: ""0D\002 \002P\204v\330\350w\034\263\337\307p\254\350\214\364\235\010\206\266b\022\234j\246\234\272N\350>1\255\002 \035\006\266\307\243i\003\371\232\225\313i\306\312\251\245i\263\231\027/f""\375\215\2420\262\367\356\023B""; previousledger: ""\034\203\224\355h\304-\r\216\373\010\230\206\370\300:\235I\235\233\344\371\351\200\353\315\374E\336\343\373\272""; ","proposeSeq: 0; currentTxHash: ""\000\000\000\000\000\000\000\000\000\000\000\000\000\000\000\000\000\000\000\000\000\000\000\000\000\000\000\000\000\000\000\000""; nodePubKey: ""\003\255\225A\213\332\224ehh\024BDq\224\250\335`\355\353{\357\266\335<\021\032\265\177\206\356&\215""; closeTime: 803842910; signature: ""0D\002 \002P\204v\330\350w\034\263\337\307p\254\350\214\364\235\010\206\266b\022\234j\246\234\272N\350>1\255\002 \035\006\266\307\243i\003\371\232\225\313i\306\312\251\245i\263\231\027/f""\375\215\2420\262\367\356\023B""; previousledger: ""\034\203\224\355h\304-\r\216\373\010\230\206\370\300:\235I\235\233\344\371\351\200\353\315\374E\336\343\373\272""; "
1750527710694,1750527710695,0,1,2,3,TMProposeSet,"proposeSeq: 0; currentTxHash: ""\000\000\000\000\000\000\000\000\000\000\000\000\000\000\000\000\000\000\000\000\000\000\000\000\000\000\000\000\000\000\000\000""; nodePubKey: ""\003\255\225A\213\332\224ehh\024BDq\224\250\335`\355\353{\357\266\335<\021\032\265\177\206\356&\215""; closeTime: 803842910; signature: ""0D\002 \002P\204v\330\350w\034\263\337\307p\254\350\214\364\235\010\206\266b\022\234j\246\234\272N\350>1\255\002 \035\006\266\307\243i\003\371\232\225\313i\306\312\251\245i\263\231\027/f""\375\215\2420\262\367\356\023B""; previousledger: ""\034\203\224\355h\304-\r\216\373\010\230\206\370\300:\235I\235\233\344\371\351\200\353\315\374E\336\343\373\272""; ","proposeSeq: 0; currentTxHash: ""\000\000\000\000\000\000\000\000\000\000\000\000\000\000\000\000\000\000\000\000\000\000\000\000\000\000\000\000\000\000\000\000""; nodePubKey: ""\003\255\225A\213\332\224ehh\024BDq\224\250\335`\355\353{\357\266\335<\021\032\265\177\206\356&\215""; closeTime: 803842910; signature: ""0D\002 \002P\204v\330\350w\034\263\337\307p\254\350\214\364\235\010\206\266b\022\234j\246\234\272N\350>1\255\002 \035\006\266\307\243i\003\371\232\225\313i\306\312\251\245i\263\231\027/f""\375\215\2420\262\367\356\023B""; previousledger: ""\034\203\224\355h\304-\r\216\373\010\230\206\370\300:\235I\235\233\344\371\351\200\353\315\374E\336\343\373\272""; "
1750527710653,1750527710742,0,1,2,4,TMStatusChange,"newEvent: neCLOSING_LEDGER; ledgerSeq: 15; ledgerHash: ""\034\203\224\355h\304-\r\216\373\010\230\206\370\300:\235I\235\233\344\371\351\200\353\315\374E\336\343\373\272""; ledgerHashPrevious: ""\366j\342\363\016\347\323I\216\\246\222\3168\223\037\242ZC6c\204\225\322W\300\263}\000zrv""; networkTime: 803842910; firstSeq: 1; lastSeq: 56; ","newEvent: neCLOSING_LEDGER; ledgerSeq: 15; ledgerHash: ""\034\203\224\355h\304-\r\216\373\010\230\206\370\300:\235I\235\233\344\371\351\200\353\315\374E\336\343\373\272""; ledgerHashPrevious: ""\366j\342\363\016\347\323I\216\\246\222\3168\223\037\242ZC6c\204\225\322W\300\263}\000zrv""; networkTime: 803842910; firstSeq: 1; lastSeq: 56; "
1750527710654,1750527710744,0,1,2,1,TMStatusChange,"newEvent: neCLOSING_LEDGER; ledgerSeq: 15; ledgerHash: ""\034\203\224\355h\304-\r\216\373\010\230\206\370\300:\235I\235\233\344\371\351\200\353\315\374E\336\343\373\272""; ledgerHashPrevious: ""\366j\342\363\016\347\323I\216\\246\222\3168\223\037\242ZC6c\204\225\322W\300\263}\000zrv""; networkTime: 803842910; firstSeq: 1; lastSeq: 56; ","newEvent: neCLOSING_LEDGER; ledgerSeq: 15; ledgerHash: ""\034\203\224\355h\304-\r\216\373\010\230\206\370\300:\235I\235\233\344\371\351\200\353\315\374E\336\343\373\272""; ledgerHashPrevious: ""\366j\342\363\016\347\323I\216\\246\222\3168\223\037\242ZC6c\204\225\322W\300\263}\000zrv""; networkTime: 803842910; firstSeq: 1; lastSeq: 56; "
1750527710654,1750527710743,0,1,2,3,TMStatusChange,"newEvent: neCLOSING_LEDGER; ledgerSeq: 15; ledgerHash: ""\034\203\224\355h\304-\r\216\373\010\230\206\370\300:\235I\235\233\344\371\351\200\353\315\374E\336\343\373\272""; ledgerHashPrevious: ""\366j\342\363\016\347\323I\216\\246\222\3168\223\037\242ZC6c\204\225\322W\300\263}\000zrv""; networkTime: 803842910; firstSeq: 1; lastSeq: 56; ","newEvent: neCLOSING_LEDGER; ledgerSeq: 15; ledgerHash: ""\034\203\224\355h\304-\r\216\373\010\230\206\370\300:\235I\235\233\344\371\351\200\353\315\374E\336\343\373\272""; ledgerHashPrevious: ""\366j\342\363\016\347\323I\216\\246\222\3168\223\037\242ZC6c\204\225\322W\300\263}\000zrv""; networkTime: 803842910; firstSeq: 1; lastSeq: 56; "
1750527710654,1750527710744,0,1,2,0,TMStatusChange,"newEvent: neCLOSING_LEDGER; ledgerSeq: 15; ledgerHash: ""\034\203\224\355h\304-\r\216\373\010\230\206\370\300:\235I\235\233\344\371\351\200\353\315\374E\336\343\373\272""; ledgerHashPrevious: ""\366j\342\363\016\347\323I\216\\246\222\3168\223\037\242ZC6c\204\225\322W\300\263}\000zrv""; networkTime: 803842910; firstSeq: 1; lastSeq: 56; ","newEvent: neCLOSING_LEDGER; ledgerSeq: 15; ledgerHash: ""\034\203\224\355h\304-\r\216\373\010\230\206\370\300:\235I\235\233\344\371\351\200\353\315\374E\336\343\373\272""; ledgerHashPrevious: ""\366j\342\363\016\347\323I\216\\246\222\3168\223\037\242ZC6c\204\225\322W\300\263}\000zrv""; networkTime: 803842910; firstSeq: 1; lastSeq: 56; "
1750527711483,1750527711483,0,1,3,2,TMStatusChange,"newEvent: neACCEPTED_LEDGER; ledgerSeq: 57; ledgerHash: ""j\262\235LC5\315,\2758.\025\251J\276\032\252\276\237\336w\275\306no\345t\317\355,\333\255""; ledgerHashPrevious: ""\315\004\203\271\200\243u\010|\336\346\203L\367\300g\364H\302\267\0331\0265+\223\224\300\342tR\375""; networkTime: 803842911; firstSeq: 1; lastSeq: 56; ","newEvent: neACCEPTED_LEDGER; ledgerSeq: 57; ledgerHash: ""j\262\235LC5\315,\2758.\025\251J\276\032\252\276\237\336w\275\306no\345t\317\355,\333\255""; ledgerHashPrevious: ""\315\004\203\271\200\243u\010|\336\346\203L\367\300g\364H\302\267\0331\0265+\223\224\300\342tR\375""; networkTime: 803842911; firstSeq: 1; lastSeq: 56; "
1750527711485,1750527711485,0,1,3,4,TMValidation,"validation: """"\200\000\000\001&\000\000\0009)/\351\253_:p\210\265\307-\212\200\004Qj\262\235LC5\315,\2758.\025\251J\276\032\252\276\237\336w\275\306no\345t\317\355,\333\255P\027\000\000\000\000\000\000\000\000\000\000\000\000\000\000\000\000\000\000\000\000\000\000\000\000\000\000\000\000\000\000\000\000P\031\315\004\203\271\200\243u\010|\336\346\203L\367\300g\364H\302\267\0331\0265+\223\224\300\342tR\375s!\002\364d\217\366\217|\316F\232\231\241\n\261\333`\312O\367\235\025DD\336e\367\n\312\326\221\037\025\230vF0D\002 (*\312\004hDsl\320\032\241\377\010\270\201\3402#\362\337\350\314\371d\305\363\004\231\013\233\277\014\002 \003\246\022\222\263 #\004\340l\374k%\234S\360\264\030\013\253\024\221ZDW\013\304\273\027\341^I""; ","validation: """"\200\000\000\001&\000\000\0009)/\351\253_:p\210\265\307-\212\200\004Qj\262\235LC5\315,\2758.\025\251J\276\032\252\276\237\336w\275\306no\345t\317\355,\333\255P\027\000\000\000\000\000\000\000\000\000\000\000\000\000\000\000\000\000\000\000\000\000\000\000\000\000\000\000\000\000\000\000\000P\031\315\004\203\271\200\243u\010|\336\346\203L\367\300g\364H\302\267\0331\0265+\223\224\300\342tR\375s!\002\364d\217\366\217|\316F\232\231\241\n\261\333`\312O\367\235\025DD\336e\367\n\312\326\221\037\025\230vF0D\002 (*\312\004hDsl\320\032\241\377\010\270\201\3402#\362\337\350\314\371d\305\363\004\231\013\233\277\014\002 \003\246\022\222\263 #\004\340l\374k%\234S\360\264\030\013\253\024\221ZDW\013\304\273\027\341^I""; "
1750527711484,1750527711484,0,1,3,2,TMValidation,"validation: """"\200\000\000\001&\000\000\0009)/\351\253_:p\210\265\307-\212\200\004Qj\262\235LC5\315,\2758.\025\251J\276\032\252\276\237\336w\275\306no\345t\317\355,\333\255P\027\000\000\000\000\000\000\000\000\000\000\000\000\000\000\000\000\000\000\000\000\000\000\000\000\000\000\000\000\000\000\000\000P\031\315\004\203\271\200\243u\010|\336\346\203L\367\300g\364H\302\267\0331\0265+\223\224\300\342tR\375s!\002\364d\217\366\217|\316F\232\231\241\n\261\333`\312O\367\235\025DD\336e\367\n\312\326\221\037\025\230vF0D\002 (*\312\004hDsl\320\032\241\377\010\270\201\3402#\362\337\350\314\371d\305\363\004\231\013\233\277\014\002 \003\246\022\222\263 #\004\340l\374k%\234S\360\264\030\013\253\024\221ZDW\013\304\273\027\341^I""; ","validation: """"\200\000\000\001&\000\000\0009)/\351\253_:p\210\265\307-\212\200\004Qj\262\235LC5\315,\2758.\025\251J\276\032\252\276\237\336w\275\306no\345t\317\355,\333\255P\027\000\000\000\000\000\000\000\000\000\000\000\000\000\000\000\000\000\000\000\000\000\000\000\000\000\000\000\000\000\000\000\000P\031\315\004\203\271\200\243u\010|\336\346\203L\367\300g\364H\302\267\0331\0265+\223\224\300\342tR\375s!\002\364d\217\366\217|\316F\232\231\241\n\261\333`\312O\367\235\025DD\336e\367\n\312\326\221\037\025\230vF0D\002 (*\312\004hDsl\320\032\241\377\010\270\201\3402#\362\337\350\314\371d\305\363\004\231\013\233\277\014\002 \003\246\022\222\263 #\004\340l\374k%\234S\360\264\030\013\253\024\221ZDW\013\304\273\027\341^I""; "
1750527711485,1750527711485,0,1,3,1,TMValidation,"validation: """"\200\000\000\001&\000\000\0009)/\351\253_:p\210\265\307-\212\200\004Qj\262\235LC5\315,\2758.\025\251J\276\032\252\276\237\336w\275\306no\345t\317\355,\333\255P\027\000\000\000\000\000\000\000\000\000\000\000\000\000\000\000\000\000\000\000\000\000\000\000\000\000\000\000\000\000\000\000\000P\031\315\004\203\271\200\243u\010|\336\346\203L\367\300g\364H\302\267\0331\0265+\223\224\300\342tR\375s!\002\364d\217\366\217|\316F\232\231\241\n\261\333`\312O\367\235\025DD\336e\367\n\312\326\221\037\025\230vF0D\002 (*\312\004hDsl\320\032\241\377\010\270\201\3402#\362\337\350\314\371d\305\363\004\231\013\233\277\014\002 \003\246\022\222\263 #\004\340l\374k%\234S\360\264\030\013\253\024\221ZDW\013\304\273\027\341^I""; ","validation: """"\200\000\000\001&\000\000\0009)/\351\253_:p\210\265\307-\212\200\004Qj\262\235LC5\315,\2758.\025\251J\276\032\252\276\237\336w\275\306no\345t\317\355,\333\255P\027\000\000\000\000\000\000\000\000\000\000\000\000\000\000\000\000\000\000\000\000\000\000\000\000\000\000\000\000\000\000\000\000P\031\315\004\203\271\200\243u\010|\336\346\203L\367\300g\364H\302\267\0331\0265+\223\224\300\342tR\375s!\002\364d\217\366\217|\316F\232\231\241\n\261\333`\312O\367\235\025DD\336e\367\n\312\326\221\037\025\230vF0D\002 (*\312\004hDsl\320\032\241\377\010\270\201\3402#\362\337\350\314\371d\305\363\004\231\013\233\277\014\002 \003\246\022\222\263 #\004\340l\374k%\234S\360\264\030\013\253\024\221ZDW\013\304\273\027\341^I""; "
1750527711485,1750527711486,0,1,3,0,TMStatusChange,"newEvent: neACCEPTED_LEDGER; ledgerSeq: 57; ledgerHash: ""j\262\235LC5\315,\2758.\025\251J\276\032\252\276\237\336w\275\306no\345t\317\355,\333\255""; ledgerHashPrevious: ""\315\004\203\271\200\243u\010|\336\346\203L\367\300g\364H\302\267\0331\0265+\223\224\300\342tR\375""; networkTime: 803842911; firstSeq: 1; lastSeq: 56; ","newEvent: neACCEPTED_LEDGER; ledgerSeq: 57; ledgerHash: ""j\262\235LC5\315,\2758.\025\251J\276\032\252\276\237\336w\275\306no\345t\317\355,\333\255""; ledgerHashPrevious: ""\315\004\203\271\200\243u\010|\336\346\203L\367\300g\364H\302\267\0331\0265+\223\224\300\342tR\375""; networkTime: 803842911; firstSeq: 1; lastSeq: 56; "
1750527711486,1750527711486,0,1,3,4,TMStatusChange,"newEvent: neACCEPTED_LEDGER; ledgerSeq: 57; ledgerHash: ""j\262\235LC5\315,\2758.\025\251J\276\032\252\276\237\336w\275\306no\345t\317\355,\333\255""; ledgerHashPrevious: ""\315\004\203\271\200\243u\010|\336\346\203L\367\300g\364H\302\267\0331\0265+\223\224\300\342tR\375""; networkTime: 803842911; firstSeq: 1; lastSeq: 56; ","newEvent: neACCEPTED_LEDGER; ledgerSeq: 57; ledgerHash: ""j\262\235LC5\315,\2758.\025\251J\276\032\252\276\237\336w\275\306no\345t\317\355,\333\255""; ledgerHashPrevious: ""\315\004\203\271\200\243u\010|\336\346\203L\367\300g\364H\302\267\0331\0265+\223\224\300\342tR\375""; networkTime: 803842911; firstSeq: 1; lastSeq: 56; "
1750527711486,1750527711486,0,1,3,0,TMValidation,"validation: """"\200\000\000\001&\000\000\0009)/\351\253_:p\210\265\307-\212\200\004Qj\262\235LC5\315,\2758.\025\251J\276\032\252\276\237\336w\275\306no\345t\317\355,\333\255P\027\000\000\000\000\000\000\000\000\000\000\000\000\000\000\000\000\000\000\000\000\000\000\000\000\000\000\000\000\000\000\000\000P\031\315\004\203\271\200\243u\010|\336\346\203L\367\300g\364H\302\267\0331\0265+\223\224\300\342tR\375s!\002\364d\217\366\217|\316F\232\231\241\n\261\333`\312O\367\235\025DD\336e\367\n\312\326\221\037\025\230vF0D\002 (*\312\004hDsl\320\032\241\377\010\270\201\3402#\362\337\350\314\371d\305\363\004\231\013\233\277\014\002 \003\246\022\222\263 #\004\340l\374k%\234S\360\264\030\013\253\024\221ZDW\013\304\273\027\341^I""; ","validation: """"\200\000\000\001&\000\000\0009)/\351\253_:p\210\265\307-\212\200\004Qj\262\235LC5\315,\2758.\025\251J\276\032\252\276\237\336w\275\306no\345t\317\355,\333\255P\027\000\000\000\000\000\000\000\000\000\000\000\000\000\000\000\000\000\000\000\000\000\000\000\000\000\000\000\000\000\000\000\000P\031\315\004\203\271\200\243u\010|\336\346\203L\367\300g\364H\302\267\0331\0265+\223\224\300\342tR\375s!\002\364d\217\366\217|\316F\232\231\241\n\261\333`\312O\367\235\025DD\336e\367\n\312\326\221\037\025\230vF0D\002 (*\312\004hDsl\320\032\241\377\010\270\201\3402#\362\337\350\314\371d\305\363\004\231\013\233\277\014\002 \003\246\022\222\263 #\004\340l\374k%\234S\360\264\030\013\253\024\221ZDW\013\304\273\027\341^I""; "
1750527711486,1750527711486,0,1,3,1,TMStatusChange,"newEvent: neACCEPTED_LEDGER; ledgerSeq: 57; ledgerHash: ""j\262\235LC5\315,\2758.\025\251J\276\032\252\276\237\336w\275\306no\345t\317\355,\333\255""; ledgerHashPrevious: ""\315\004\203\271\200\243u\010|\336\346\203L\367\300g\364H\302\267\0331\0265+\223\224\300\342tR\375""; networkTime: 803842911; firstSeq: 1; lastSeq: 56; ","newEvent: neACCEPTED_LEDGER; ledgerSeq: 57; ledgerHash: ""j\262\235LC5\315,\2758.\025\251J\276\032\252\276\237\336w\275\306no\345t\317\355,\333\255""; ledgerHashPrevious: ""\315\004\203\271\200\243u\010|\336\346\203L\367\300g\364H\302\267\0331\0265+\223\224\300\342tR\375""; networkTime: 803842911; firstSeq: 1; lastSeq: 56; "
1750527711489,1750527711489,0,1,2,4,TMGetLedger,"itype: liBASE; ledgerHash: ""j\262\235LC5\315,\2758.\025\251J\276\032\252\276\237\336w\275\306no\345t\317\355,\333\255""; ledgerSeq: 57; ","itype: liBASE; ledgerHash: ""j\262\235LC5\315,\2758.\025\251J\276\032\252\276\237\336w\275\306no\345t\317\355,\333\255""; ledgerSeq: 57; "
1750527711490,1750527711490,0,1,2,3,TMGetLedger,"itype: liBASE; ledgerHash: ""j\262\235LC5\315,\2758.\025\251J\276\032\252\276\237\336w\275\306no\345t\317\355,\333\255""; ledgerSeq: 57; ","itype: liBASE; ledgerHash: ""j\262\235LC5\315,\2758.\025\251J\276\032\252\276\237\336w\275\306no\345t\317\355,\333\255""; ledgerSeq: 57; "
1750527711489,1750527711489,0,1,2,0,TMGetLedger,"itype: liBASE; ledgerHash: ""j\262\235LC5\315,\2758.\025\251J\276\032\252\276\237\336w\275\306no\345t\317\355,\333\255""; ledgerSeq: 57; ","itype: liBASE; ledgerHash: ""j\262\235LC5\315,\2758.\025\251J\276\032\252\276\237\336w\275\306no\345t\317\355,\333\255""; ledgerSeq: 57; "
1750527711490,1750527711490,0,1,4,1,TMGetLedger,"itype: liBASE; ledgerHash: ""j\262\235LC5\315,\2758.\025\251J\276\032\252\276\237\336w\275\306no\345t\317\355,\333\255""; ","itype: liBASE; ledgerHash: ""j\262\235LC5\315,\2758.\025\251J\276\032\252\276\237\336w\275\306no\345t\317\355,\333\255""; "
1750527711490,1750527711490,0,1,4,1,TMValidation,"validation: """"\200\000\000\001&\000\000\0009)/\351\253_:p\210\265\307-\212\200\004Qj\262\235LC5\315,\2758.\025\251J\276\032\252\276\237\336w\275\306no\345t\317\355,\333\255P\027\000\000\000\000\000\000\000\000\000\000\000\000\000\000\000\000\000\000\000\000\000\000\000\000\000\000\000\000\000\000\000\000P\031\315\004\203\271\200\243u\010|\336\346\203L\367\300g\364H\302\267\0331\0265+\223\224\300\342tR\375s!\002\364d\217\366\217|\316F\232\231\241\n\261\333`\312O\367\235\025DD\336e\367\n\312\326\221\037\025\230vF0D\002 (*\312\004hDsl\320\032\241\377\010\270\201\3402#\362\337\350\314\371d\305\363\004\231\013\233\277\014\002 \003\246\022\222\263 #\004\340l\374k%\234S\360\264\030\013\253\024\221ZDW\013\304\273\027\341^I""; ","validation: """"\200\000\000\001&\000\000\0009)/\351\253_:p\210\265\307-\212\200\004Qj\262\235LC5\315,\2758.\025\251J\276\032\252\276\237\336w\275\306no\345t\317\355,\333\255P\027\000\000\000\000\000\000\000\000\000\000\000\000\000\000\000\000\000\000\000\000\000\000\000\000\000\000\000\000\000\000\000\000P\031\315\004\203\271\200\243u\010|\336\346\203L\367\300g\364H\302\267\0331\0265+\223\224\300\342tR\375s!\002\364d\217\366\217|\316F\232\231\241\n\261\333`\312O\367\235\025DD\336e\367\n\312\326\221\037\025\230vF0D\002 (*\312\004hDsl\320\032\241\377\010\270\201\3402#\362\337\350\314\371d\305\363\004\231\013\233\277\014\002 \003\246\022\222\263 #\004\340l\374k%\234S\360\264\030\013\253\024\221ZDW\013\304\273\027\341^I""; "
1750527711490,1750527711490,0,1,4,1,TMGetLedger,"itype: liBASE; ledgerHash: ""j\262\235LC5\315,\2758.\025\251J\276\032\252\276\237\336w\275\306no\345t\317\355,\333\255""; queryType: qtINDIRECT; ","itype: liBASE; ledgerHash: ""j\262\235LC5\315,\2758.\025\251J\276\032\252\276\237\336w\275\306no\345t\317\355,\333\255""; queryType: qtINDIRECT; "
1750527711491,1750527711491,0,1,4,2,TMValidation,"validation: """"\200\000\000\001&\000\000\0009)/\351\253_:p\210\265\307-\212\200\004Qj\262\235LC5\315,\2758.\025\251J\276\032\252\276\237\336w\275\306no\345t\317\355,\333\255P\027\000\000\000\000\000\000\000\000\000\000\000\000\000\000\000\000\000\000\000\000\000\000\000\000\000\000\000\000\000\000\000\000P\031\315\004\203\271\200\243u\010|\336\346\203L\367\300g\364H\302\267\0331\0265+\223\224\300\342tR\375s!\002\364d\217\366\217|\316F\232\231\241\n\261\333`\312O\367\235\025DD\336e\367\n\312\326\221\037\025\230vF0D\002 (*\312\004hDsl\320\032\241\377\010\270\201\3402#\362\337\350\314\371d\305\363\004\231\013\233\277\014\002 \003\246\022\222\263 #\004\340l\374k%\234S\360\264\030\013\253\024\221ZDW\013\304\273\027\341^I""; ","validation: """"\200\000\000\001&\000\000\0009)/\351\253_:p\210\265\307-\212\200\004Qj\262\235LC5\315,\2758.\025\251J\276\032\252\276\237\336w\275\306no\345t\317\355,\333\255P\027\000\000\000\000\000\000\000\000\000\000\000\000\000\000\000\000\000\000\000\000\000\000\000\000\000\000\000\000\000\000\000\000P\031\315\004\203\271\200\243u\010|\336\346\203L\367\300g\364H\302\267\0331\0265+\223\224\300\342tR\375s!\002\364d\217\366\217|\316F\232\231\241\n\261\333`\312O\367\235\025DD\336e\367\n\312\326\221\037\025\230vF0D\002 (*\312\004hDsl\320\032\241\377\010\270\201\3402#\362\337\350\314\371d\305\363\004\231\013\233\277\014\002 \003\246\022\222\263 #\004\340l\374k%\234S\360\264\030\013\253\024\221ZDW\013\304\273\027\341^I""; "
1750527711491,1750527711491,0,1,4,0,TMValidation,"validation: """"\200\000\000\001&\000\000\0009)/\351\253_:p\210\265\307-\212\200\004Qj\262\235LC5\315,\2758.\025\251J\276\032\252\276\237\336w\275\306no\345t\317\355,\333\255P\027\000\000\000\000\000\000\000\000\000\000\000\000\000\000\000\000\000\000\000\000\000\000\000\000\000\000\000\000\000\000\000\000P\031\315\004\203\271\200\243u\010|\336\346\203L\367\300g\364H\302\267\0331\0265+\223\224\300\342tR\375s!\002\364d\217\366\217|\316F\232\231\241\n\261\333`\312O\367\235\025DD\336e\367\n\312\326\221\037\025\230vF0D\002 (*\312\004hDsl\320\032\241\377\010\270\201\3402#\362\337\350\314\371d\305\363\004\231\013\233\277\014\002 \003\246\022\222\263 #\004\340l\374k%\234S\360\264\030\013\253\024\221ZDW\013\304\273\027\341^I""; ","validation: """"\200\000\000\001&\000\000\0009)/\351\253_:p\210\265\307-\212\200\004Qj\262\235LC5\315,\2758.\025\251J\276\032\252\276\237\336w\275\306no\345t\317\355,\333\255P\027\000\000\000\000\000\000\000\000\000\000\000\000\000\000\000\000\000\000\000\000\000\000\000\000\000\000\000\000\000\000\000\000P\031\315\004\203\271\200\243u\010|\336\346\203L\367\300g\364H\302\267\0331\0265+\223\224\300\342tR\375s!\002\364d\217\366\217|\316F\232\231\241\n\261\333`\312O\367\235\025DD\336e\367\n\312\326\221\037\025\230vF0D\002 (*\312\004hDsl\320\032\241\377\010\270\201\3402#\362\337\350\314\371d\305\363\004\231\013\233\277\014\002 \003\246\022\222\263 #\004\340l\374k%\234S\360\264\030\013\253\024\221ZDW\013\304\273\027\341^I""; "
1750527711491,1750527711491,0,1,4,0,TMGetLedger,"itype: liBASE; ledgerHash: ""j\262\235LC5\315,\2758.\025\251J\276\032\252\276\237\336w\275\306no\345t\317\355,\333\255""; queryType: qtINDIRECT; ","itype: liBASE; ledgerHash: ""j\262\235LC5\315,\2758.\025\251J\276\032\252\276\237\336w\275\306no\345t\317\355,\333\255""; queryType: qtINDIRECT; "
1750527711492,1750527711492,0,1,4,0,TMGetLedger,"itype: liBASE; ledgerHash: ""j\262\235LC5\315,\2758.\025\251J\276\032\252\276\237\336w\275\306no\345t\317\355,\333\255""; ","itype: liBASE; ledgerHash: ""j\262\235LC5\315,\2758.\025\251J\276\032\252\276\237\336w\275\306no\345t\317\355,\333\255""; "
1750527711492,1750527711492,0,1,4,2,TMGetLedger,"itype: liBASE; ledgerHash: ""j\262\235LC5\315,\2758.\025\251J\276\032\252\276\237\336w\275\306no\345t\317\355,\333\255""; queryType: qtINDIRECT; ","itype: liBASE; ledgerHash: ""j\262\235LC5\315,\2758.\025\251J\276\032\252\276\237\336w\275\306no\345t\317\355,\333\255""; queryType: qtINDIRECT; "
1750527711493,1750527711493,0,1,2,1,TMGetLedger,"itype: liBASE; ledgerHash: ""j\262\235LC5\315,\2758.\025\251J\276\032\252\276\237\336w\275\306no\345t\317\355,\333\255""; ledgerSeq: 57; ","itype: liBASE; ledgerHash: ""j\262\235LC5\315,\2758.\025\251J\276\032\252\276\237\336w\275\306no\345t\317\355,\333\255""; ledgerSeq: 57; "
1750527711493,1750527711493,0,1,1,3,TMGetLedger,"itype: liBASE; ledgerHash: ""j\262\235LC5\315,\2758.\025\251J\276\032\252\276\237\336w\275\306no\345t\317\355,\333\255""; ledgerSeq: 57; ","itype: liBASE; ledgerHash: ""j\262\235LC5\315,\2758.\025\251J\276\032\252\276\237\336w\275\306no\345t\317\355,\333\255""; ledgerSeq: 57; "
1750527711494,1750527711494,0,1,4,2,TMGetLedger,"itype: liBASE; ledgerHash: ""j\262\235LC5\315,\2758.\025\251J\276\032\252\276\237\336w\275\306no\345t\317\355,\333\255""; ","itype: liBASE; ledgerHash: ""j\262\235LC5\315,\2758.\025\251J\276\032\252\276\237\336w\275\306no\345t\317\355,\333\255""; "
1750527711500,1750527711500,0,1,2,1,TMValidation,"validation: """"\200\000\000\001&\000\000\0009)/\351\253_:p\210\265\307-\212\200\004Qj\262\235LC5\315,\2758.\025\251J\276\032\252\276\237\336w\275\306no\345t\317\355,\333\255P\027\000\000\000\000\000\000\000\000\000\000\000\000\000\000\000\000\000\000\000\000\000\000\000\000\000\000\000\000\000\000\000\000P\031\315\004\203\271\200\243u\010|\336\346\203L\367\300g\364H\302\267\0331\0265+\223\224\300\342tR\375s!\002\364d\217\366\217|\316F\232\231\241\n\261\333`\312O\367\235\025DD\336e\367\n\312\326\221\037\025\230vF0D\002 (*\312\004hDsl\320\032\241\377\010\270\201\3402#\362\337\350\314\371d\305\363\004\231\013\233\277\014\002 \003\246\022\222\263 #\004\340l\374k%\234S\360\264\030\013\253\024\221ZDW\013\304\273\027\341^I""; ","validation: """"\200\000\000\001&\000\000\0009)/\351\253_:p\210\265\307-\212\200\004Qj\262\235LC5\315,\2758.\025\251J\276\032\252\276\237\336w\275\306no\345t\317\355,\333\255P\027\000\000\000\000\000\000\000\000\000\000\000\000\000\000\000\000\000\000\000\000\000\000\000\000\000\000\000\000\000\000\000\000P\031\315\004\203\271\200\243u\010|\336\346\203L\367\300g\364H\302\267\0331\0265+\223\224\300\342tR\375s!\002\364d\217\366\217|\316F\232\231\241\n\261\333`\312O\367\235\025DD\336e\367\n\312\326\221\037\025\230vF0D\002 (*\312\004hDsl\320\032\241\377\010\270\201\3402#\362\337\350\314\371d\305\363\004\231\013\233\277\014\002 \003\246\022\222\263 #\004\340l\374k%\234S\360\264\030\013\253\024\221ZDW\013\304\273\027\341^I""; "
1750527711500,1750527711500,0,1,4,3,TMGetLedger,"itype: liBASE; ledgerHash: ""j\262\235LC5\315,\2758.\025\251J\276\032\252\276\237\336w\275\306no\345t\317\355,\333\255""; ","itype: liBASE; ledgerHash: ""j\262\235LC5\315,\2758.\025\251J\276\032\252\276\237\336w\275\306no\345t\317\355,\333\255""; "
1750527711501,1750527711502,0,1,1,2,TMGetLedger,"itype: liBASE; ledgerHash: ""j\262\235LC5\315,\2758.\025\251J\276\032\252\276\237\336w\275\306no\345t\317\355,\333\255""; ledgerSeq: 57; ","itype: liBASE; ledgerHash: ""j\262\235LC5\315,\2758.\025\251J\276\032\252\276\237\336w\275\306no\345t\317\355,\333\255""; ledgerSeq: 57; "
1750527711502,1750527711502,0,1,4,3,TMGetLedger,"itype: liBASE; ledgerHash: ""j\262\235LC5\315,\2758.\025\251J\276\032\252\276\237\336w\275\306no\345t\317\355,\333\255""; queryType: qtINDIRECT; ","itype: liBASE; ledgerHash: ""j\262\235LC5\315,\2758.\025\251J\276\032\252\276\237\336w\275\306no\345t\317\355,\333\255""; queryType: qtINDIRECT; "
1750527711502,1750527711502,0,1,1,0,TMGetLedger,"itype: liBASE; ledgerHash: ""j\262\235LC5\315,\2758.\025\251J\276\032\252\276\237\336w\275\306no\345t\317\355,\333\255""; ledgerSeq: 57; ","itype: liBASE; ledgerHash: ""j\262\235LC5\315,\2758.\025\251J\276\032\252\276\237\336w\275\306no\345t\317\355,\333\255""; ledgerSeq: 57; "
1750527711503,1750527711503,0,1,1,4,TMGetLedger,"itype: liBASE; ledgerHash: ""j\262\235LC5\315,\2758.\025\251J\276\032\252\276\237\336w\275\306no\345t\317\355,\333\255""; ledgerSeq: 57; ","itype: liBASE; ledgerHash: ""j\262\235LC5\315,\2758.\025\251J\276\032\252\276\237\336w\275\306no\345t\317\355,\333\255""; ledgerSeq: 57; "
1750527711503,1750527711503,0,1,2,0,TMValidation,"validation: """"\200\000\000\001&\000\000\0009)/\351\253_:p\210\265\307-\212\200\004Qj\262\235LC5\315,\2758.\025\251J\276\032\252\276\237\336w\275\306no\345t\317\355,\333\255P\027\000\000\000\000\000\000\000\000\000\000\000\000\000\000\000\000\000\000\000\000\000\000\000\000\000\000\000\000\000\000\000\000P\031\315\004\203\271\200\243u\010|\336\346\203L\367\300g\364H\302\267\0331\0265+\223\224\300\342tR\375s!\002\364d\217\366\217|\316F\232\231\241\n\261\333`\312O\367\235\025DD\336e\367\n\312\326\221\037\025\230vF0D\002 (*\312\004hDsl\320\032\241\377\010\270\201\3402#\362\337\350\314\371d\305\363\004\231\013\233\277\014\002 \003\246\022\222\263 #\004\340l\374k%\234S\360\264\030\013\253\024\221ZDW\013\304\273\027\341^I""; ","validation: """"\200\000\000\001&\000\000\0009)/\351\253_:p\210\265\307-\212\200\004Qj\262\235LC5\315,\2758.\025\251J\276\032\252\276\237\336w\275\306no\345t\317\355,\333\255P\027\000\000\000\000\000\000\000\000\000\000\000\000\000\000\000\000\000\000\000\000\000\000\000\000\000\000\000\000\000\000\000\000P\031\315\004\203\271\200\243u\010|\336\346\203L\367\300g\364H\302\267\0331\0265+\223\224\300\342tR\375s!\002\364d\217\366\217|\316F\232\231\241\n\261\333`\312O\367\235\025DD\336e\367\n\312\326\221\037\025\230vF0D\002 (*\312\004hDsl\320\032\241\377\010\270\201\3402#\362\337\350\314\371d\305\363\004\231\013\233\277\014\002 \003\246\022\222\263 #\004\340l\374k%\234S\360\264\030\013\253\024\221ZDW\013\304\273\027\341^I""; "
1750527711504,1750527711504,0,1,2,0,TMGetLedger,"itype: liBASE; ledgerHash: ""j\262\235LC5\315,\2758.\025\251J\276\032\252\276\237\336w\275\306no\345t\317\355,\333\255""; ledgerSeq: 57; queryType: qtINDIRECT; ","itype: liBASE; ledgerHash: ""j\262\235LC5\315,\2758.\025\251J\276\032\252\276\237\336w\275\306no\345t\317\355,\333\255""; ledgerSeq: 57; queryType: qtINDIRECT; "
1750527711504,1750527711504,0,1,2,1,TMGetLedger,"itype: liBASE; ledgerHash: ""j\262\235LC5\315,\2758.\025\251J\276\032\252\276\237\336w\275\306no\345t\317\355,\333\255""; ledgerSeq: 57; queryType: qtINDIRECT; ","itype: liBASE; ledgerHash: ""j\262\235LC5\315,\2758.\025\251J\276\032\252\276\237\336w\275\306no\345t\317\355,\333\255""; ledgerSeq: 57; queryType: qtINDIRECT; "
1750527711505,1750527711505,0,1,2,4,TMValidation,"validation: """"\200\000\000\001&\000\000\0009)/\351\253_:p\210\265\307-\212\200\004Qj\262\235LC5\315,\2758.\025\251J\276\032\252\276\237\336w\275\306no\345t\317\355,\333\255P\027\000\000\000\000\000\000\000\000\000\000\000\000\000\000\000\000\000\000\000\000\000\000\000\000\000\000\000\000\000\000\000\000P\031\315\004\203\271\200\243u\010|\336\346\203L\367\300g\364H\302\267\0331\0265+\223\224\300\342tR\375s!\002\364d\217\366\217|\316F\232\231\241\n\261\333`\312O\367\235\025DD\336e\367\n\312\326\221\037\025\230vF0D\002 (*\312\004hDsl\320\032\241\377\010\270\201\3402#\362\337\350\314\371d\305\363\004\231\013\233\277\014\002 \003\246\022\222\263 #\004\340l\374k%\234S\360\264\030\013\253\024\221ZDW\013\304\273\027\341^I""; ","validation: """"\200\000\000\001&\000\000\0009)/\351\253_:p\210\265\307-\212\200\004Qj\262\235LC5\315,\2758.\025\251J\276\032\252\276\237\336w\275\306no\345t\317\355,\333\255P\027\000\000\000\000\000\000\000\000\000\000\000\000\000\000\000\000\000\000\000\000\000\000\000\000\000\000\000\000\000\000\000\000P\031\315\004\203\271\200\243u\010|\336\346\203L\367\300g\364H\302\267\0331\0265+\223\224\300\342tR\375s!\002\364d\217\366\217|\316F\232\231\241\n\261\333`\312O\367\235\025DD\336e\367\n\312\326\221\037\025\230vF0D\002 (*\312\004hDsl\320\032\241\377\010\270\201\3402#\362\337\350\314\371d\305\363\004\231\013\233\277\014\002 \003\246\022\222\263 #\004\340l\374k%\234S\360\264\030\013\253\024\221ZDW\013\304\273\027\341^I""; "
1750527711505,1750527711505,0,1,2,3,TMGetLedger,"itype: liBASE; ledgerHash: ""j\262\235LC5\315,\2758.\025\251J\276\032\252\276\237\336w\275\306no\345t\317\355,\333\255""; ledgerSeq: 57; queryType: qtINDIRECT; ","itype: liBASE; ledgerHash: ""j\262\235LC5\315,\2758.\025\251J\276\032\252\276\237\336w\275\306no\345t\317\355,\333\255""; ledgerSeq: 57; queryType: qtINDIRECT; "
1750527711506,1750527711506,0,1,2,4,TMGetLedger,"itype: liBASE; ledgerHash: ""j\262\235LC5\315,\2758.\025\251J\276\032\252\276\237\336w\275\306no\345t\317\355,\333\255""; ledgerSeq: 57; queryType: qtINDIRECT; ","itype: liBASE; ledgerHash: ""j\262\235LC5\315,\2758.\025\251J\276\032\252\276\237\336w\275\306no\345t\317\355,\333\255""; ledgerSeq: 57; queryType: qtINDIRECT; "
1750527711506,1750527711506,0,1,1,3,TMGetLedger,"itype: liBASE; ledgerHash: ""j\262\235LC5\315,\2758.\025\251J\276\032\252\276\237\336w\275\306no\345t\317\355,\333\255""; ledgerSeq: 57; queryType: qtINDIRECT; ","itype: liBASE; ledgerHash: ""j\262\235LC5\315,\2758.\025\251J\276\032\252\276\237\336w\275\306no\345t\317\355,\333\255""; ledgerSeq: 57; queryType: qtINDIRECT; "
1750527711506,1750527711506,0,1,0,3,TMGetLedger,"itype: liBASE; ledgerHash: ""j\262\235LC5\315,\2758.\025\251J\276\032\252\276\237\336w\275\306no\345t\317\355,\333\255""; ledgerSeq: 57; ","itype: liBASE; ledgerHash: ""j\262\235LC5\315,\2758.\025\251J\276\032\252\276\237\336w\275\306no\345t\317\355,\333\255""; ledgerSeq: 57; "
1750527711507,1750527711507,0,1,0,1,TMGetLedger,"itype: liBASE; ledgerHash: ""j\262\235LC5\315,\2758.\025\251J\276\032\252\276\237\336w\275\306no\345t\317\355,\333\255""; ledgerSeq: 57; ","itype: liBASE; ledgerHash: ""j\262\235LC5\315,\2758.\025\251J\276\032\252\276\237\336w\275\306no\345t\317\355,\333\255""; ledgerSeq: 57; "
1750527711507,1750527711507,0,1,0,4,TMGetLedger,"itype: liBASE; ledgerHash: ""j\262\235LC5\315,\2758.\025\251J\276\032\252\276\237\336w\275\306no\345t\317\355,\333\255""; ledgerSeq: 57; ","itype: liBASE; ledgerHash: ""j\262\235LC5\315,\2758.\025\251J\276\032\252\276\237\336w\275\306no\345t\317\355,\333\255""; ledgerSeq: 57; "
1750527711508,1750527711508,0,1,0,2,TMGetLedger,"itype: liBASE; ledgerHash: ""j\262\235LC5\315,\2758.\025\251J\276\032\252\276\237\336w\275\306no\345t\317\355,\333\255""; ledgerSeq: 57; ","itype: liBASE; ledgerHash: ""j\262\235LC5\315,\2758.\025\251J\276\032\252\276\237\336w\275\306no\345t\317\355,\333\255""; ledgerSeq: 57; "
1750527711508,1750527711508,0,1,0,4,TMValidation,"validation: """"\200\000\000\001&\000\000\0009)/\351\253_:p\210\265\307-\212\200\004Qj\262\235LC5\315,\2758.\025\251J\276\032\252\276\237\336w\275\306no\345t\317\355,\333\255P\027\000\000\000\000\000\000\000\000\000\000\000\000\000\000\000\000\000\000\000\000\000\000\000\000\000\000\000\000\000\000\000\000P\031\315\004\203\271\200\243u\010|\336\346\203L\367\300g\364H\302\267\0331\0265+\223\224\300\342tR\375s!\002\364d\217\366\217|\316F\232\231\241\n\261\333`\312O\367\235\025DD\336e\367\n\312\326\221\037\025\230vF0D\002 (*\312\004hDsl\320\032\241\377\010\270\201\3402#\362\337\350\314\371d\305\363\004\231\013\233\277\014\002 \003\246\022\222\263 #\004\340l\374k%\234S\360\264\030\013\253\024\221ZDW\013\304\273\027\341^I""; ","validation: """"\200\000\000\001&\000\000\0009)/\351\253_:p\210\265\307-\212\200\004Qj\262\235LC5\315,\2758.\025\251J\276\032\252\276\237\336w\275\306no\345t\317\355,\333\255P\027\000\000\000\000\000\000\000\000\000\000\000\000\000\000\000\000\000\000\000\000\000\000\000\000\000\000\000\000\000\000\000\000P\031\315\004\203\271\200\243u\010|\336\346\203L\367\300g\364H\302\267\0331\0265+\223\224\300\342tR\375s!\002\364d\217\366\217|\316F\232\231\241\n\261\333`\312O\367\235\025DD\336e\367\n\312\326\221\037\025\230vF0D\002 (*\312\004hDsl\320\032\241\377\010\270\201\3402#\362\337\350\314\371d\305\363\004\231\013\233\277\014\002 \003\246\022\222\263 #\004\340l\374k%\234S\360\264\030\013\253\024\221ZDW\013\304\273\027\341^I""; "
1750527711508,1750527711508,0,1,0,1,TMValidation,"validation: """"\200\000\000\001&\000\000\0009)/\351\253_:p\210\265\307-\212\200\004Qj\262\235LC5\315,\2758.\025\251J\276\032\252\276\237\336w\275\306no\345t\317\355,\333\255P\027\000\000\000\000\000\000\000\000\000\000\000\000\000\000\000\000\000\000\000\000\000\000\000\000\000\000\000\000\000\000\000\000P\031\315\004\203\271\200\243u\010|\336\346\203L\367\300g\364H\302\267\0331\0265+\223\224\300\342tR\375s!\002\364d\217\366\217|\316F\232\231\241\n\261\333`\312O\367\235\025DD\336e\367\n\312\326\221\037\025\230vF0D\002 (*\312\004hDsl\320\032\241\377\010\270\201\3402#\362\337\350\314\371d\305\363\004\231\013\233\277\014\002 \003\246\022\222\263 #\004\340l\374k%\234S\360\264\030\013\253\024\221ZDW\013\304\273\027\341^I""; ","validation: """"\200\000\000\001&\000\000\0009)/\351\253_:p\210\265\307-\212\200\004Qj\262\235LC5\315,\2758.\025\251J\276\032\252\276\237\336w\275\306no\345t\317\355,\333\255P\027\000\000\000\000\000\000\000\000\000\000\000\000\000\000\000\000\000\000\000\000\000\000\000\000\000\000\000\000\000\000\000\000P\031\315\004\203\271\200\243u\010|\336\346\203L\367\300g\364H\302\267\0331\0265+\223\224\300\342tR\375s!\002\364d\217\366\217|\316F\232\231\241\n\261\333`\312O\367\235\025DD\336e\367\n\312\326\221\037\025\230vF0D\002 (*\312\004hDsl\320\032\241\377\010\270\201\3402#\362\337\350\314\371d\305\363\004\231\013\233\277\014\002 \003\246\022\222\263 #\004\340l\374k%\234S\360\264\030\013\253\024\221ZDW\013\304\273\027\341^I""; "
1750527711509,1750527711509,0,1,0,1,TMGetLedger,"itype: liBASE; ledgerHash: ""j\262\235LC5\315,\2758.\025\251J\276\032\252\276\237\336w\275\306no\345t\317\355,\333\255""; ledgerSeq: 57; queryType: qtINDIRECT; ","itype: liBASE; ledgerHash: ""j\262\235LC5\315,\2758.\025\251J\276\032\252\276\237\336w\275\306no\345t\317\355,\333\255""; ledgerSeq: 57; queryType: qtINDIRECT; "
1750527711509,1750527711510,0,1,0,3,TMGetLedger,"itype: liBASE; ledgerHash: ""j\262\235LC5\315,\2758.\025\251J\276\032\252\276\237\336w\275\306no\345t\317\355,\333\255""; ledgerSeq: 57; queryType: qtINDIRECT; ","itype: liBASE; ledgerHash: ""j\262\235LC5\315,\2758.\025\251J\276\032\252\276\237\336w\275\306no\345t\317\355,\333\255""; ledgerSeq: 57; queryType: qtINDIRECT; "
1750527711510,1750527711510,0,1,0,4,TMGetLedger,"itype: liBASE; ledgerHash: ""j\262\235LC5\315,\2758.\025\251J\276\032\252\276\237\336w\275\306no\345t\317\355,\333\255""; ledgerSeq: 57; queryType: qtINDIRECT; ","itype: liBASE; ledgerHash: ""j\262\235LC5\315,\2758.\025\251J\276\032\252\276\237\336w\275\306no\345t\317\355,\333\255""; ledgerSeq: 57; queryType: qtINDIRECT; "
1750527711510,1750527711510,0,1,3,2,TMLedgerData,"ledgerHash: ""j\262\235LC5\315,\2758.\025\251J\276\032\252\276\237\336w\275\306no\345t\317\355,\333\255""; ledgerSeq: 57; type: liBASE; nodes {;   nodedata: ""\000\000\0009\001cEx]\211\377\330\315\004\203\271\200\243u\010|\336\346\203L\367\300g\364H\302\267\0331\0265+\223\224\300\342tR\375\000\000\000\000\000\000\000\000\000\000\000\000\000\000\000\000\000\000\000\000\000\000\000\000\000\000\000\000\000\000\000\000\352It\r\324\355\300\241R\256Kj{\027\253s\322\241\242\202:M5Y\371v\356\014\273\227E\030/\351\253^/\351\253_\n\000""; }; nodes {;   nodedata: ""\323C\344\327\264{\312-\017:\006{\177\344N\002\326bO\260\220\006\033\362\345\005U\221DzJ0\001\301\025%1L\307\t\261\262z\374\222T\301\274V\236\223\262\270Ct\362\337b\356\024*\324\320\351\317\002k\336\234\027v\351\217\260\303\360\233ZPZWr\246$w\313\313\r\243r\232\2234\373\3539:N\004Q\245\272D\312D\300\300\t\323\0257\345e\271\na\215{\226\255x%T\257\037\333\004\344_/R\006E\344\037@\210\363\010\336T\226\247'\204_{\261\370""1\235\2445\343\033Y!\212\201\341\272\225'\007$\326\324\037\357\234\037\364&\377\3672\247\231}\371V\326\205\371\215K\334\324\214\345\315\357<?6V\013\003""; }; ","ledgerHash: ""j\262\235LC5\315,\2758.\025\251J\276\032\252\276\237\336w\275\306no\345t\317\355,\333\255""; ledgerSeq: 57; type: liBASE; nodes {;   nodedata: ""\000\000\0009\001cEx]\211\377\330\315\004\203\271\200\243u\010|\336\346\203L\367\300g\364H\302\267\0331\0265+\223\224\300\342tR\375\000\000\000\000\000\000\000\000\000\000\000\000\000\000\000\000\000\000\000\000\000\000\000\000\000\000\000\000\000\000\000\000\352It\r\324\355\300\241R\256Kj{\027\253s\322\241\242\202:M5Y\371v\356\014\273\227E\030/\351\253^/\351\253_\n\000""; }; nodes {;   nodedata: ""\323C\344\327\264{\312-\017:\006{\177\344N\002\326bO\260\220\006\033\362\345\005U\221DzJ0\001\301\025%1L\307\t\261\262z\374\222T\301\274V\236\223\262\270Ct\362\337b\356\024*\324\320\351\317\002k\336\234\027v\351\217\260\303\360\233ZPZWr\246$w\313\313\r\243r\232\2234\373\3539:N\004Q\245\272D\312D\300\300\t\323\0257\345e\271\na\215{\226\255x%T\257\037\333\004\344_/R\006E\344\037@\210\363\010\336T\226\247'\204_{\261\370""1\235\2445\343\033Y!\212\201\341\272\225'\007$\326\324\037\357\234\037\364&\377\3672\247\231}\371V\326\205\371\215K\334\324\214\345\315\357<?6V\013\003""; }; "
1750527711511,1750527711511,0,1,0,2,TMGetLedger,"itype: liBASE; ledgerHash: ""j\262\235LC5\315,\2758.\025\251J\276\032\252\276\237\336w\275\306no\345t\317\355,\333\255""; ledgerSeq: 57; queryType: qtINDIRECT; ","itype: liBASE; ledgerHash: ""j\262\235LC5\315,\2758.\025\251J\276\032\252\276\237\336w\275\306no\345t\317\355,\333\255""; ledgerSeq: 57; queryType: qtINDIRECT; "
1750527711511,1750527711511,0,1,0,2,TMValidation,"validation: """"\200\000\000\001&\000\000\0009)/\351\253_:p\210\265\307-\212\200\004Qj\262\235LC5\315,\2758.\025\251J\276\032\252\276\237\336w\275\306no\345t\317\355,\333\255P\027\000\000\000\000\000\000\000\000\000\000\000\000\000\000\000\000\000\000\000\000\000\000\000\000\000\000\000\000\000\000\000\000P\031\315\004\203\271\200\243u\010|\336\346\203L\367\300g\364H\302\267\0331\0265+\223\224\300\342tR\375s!\002\364d\217\366\217|\316F\232\231\241\n\261\333`\312O\367\235\025DD\336e\367\n\312\326\221\037\025\230vF0D\002 (*\312\004hDsl\320\032\241\377\010\270\201\3402#\362\337\350\314\371d\305\363\004\231\013\233\277\014\002 \003\246\022\222\263 #\004\340l\374k%\234S\360\264\030\013\253\024\221ZDW\013\304\273\027\341^I""; ","validation: """"\200\000\000\001&\000\000\0009)/\351\253_:p\210\265\307-\212\200\004Qj\262\235LC5\315,\2758.\025\251J\276\032\252\276\237\336w\275\306no\345t\317\355,\333\255P\027\000\000\000\000\000\000\000\000\000\000\000\000\000\000\000\000\000\000\000\000\000\000\000\000\000\000\000\000\000\000\000\000P\031\315\004\203\271\200\243u\010|\336\346\203L\367\300g\364H\302\267\0331\0265+\223\224\300\342tR\375s!\002\364d\217\366\217|\316F\232\231\241\n\261\333`\312O\367\235\025DD\336e\367\n\312\326\221\037\025\230vF0D\002 (*\312\004hDsl\320\032\241\377\010\270\201\3402#\362\337\350\314\371d\305\363\004\231\013\233\277\014\002 \003\246\022\222\263 #\004\340l\374k%\234S\360\264\030\013\253\024\221ZDW\013\304\273\027\341^I""; "
1750527711512,1750527711512,0,1,1,4,TMGetLedger,"itype: liBASE; ledgerHash: ""j\262\235LC5\315,\2758.\025\251J\276\032\252\276\237\336w\275\306no\345t\317\355,\333\255""; ledgerSeq: 57; queryType: qtINDIRECT; ","itype: liBASE; ledgerHash: ""j\262\235LC5\315,\2758.\025\251J\276\032\252\276\237\336w\275\306no\345t\317\355,\333\255""; ledgerSeq: 57; queryType: qtINDIRECT; "
1750527711512,1750527711512,0,1,1,4,TMValidation,"validation: """"\200\000\000\001&\000\000\0009)/\351\253_:p\210\265\307-\212\200\004Qj\262\235LC5\315,\2758.\025\251J\276\032\252\276\237\336w\275\306no\345t\317\355,\333\255P\027\000\000\000\000\000\000\000\000\000\000\000\000\000\000\000\000\000\000\000\000\000\000\000\000\000\000\000\000\000\000\000\000P\031\315\004\203\271\200\243u\010|\336\346\203L\367\300g\364H\302\267\0331\0265+\223\224\300\342tR\375s!\002\364d\217\366\217|\316F\232\231\241\n\261\333`\312O\367\235\025DD\336e\367\n\312\326\221\037\025\230vF0D\002 (*\312\004hDsl\320\032\241\377\010\270\201\3402#\362\337\350\314\371d\305\363\004\231\013\233\277\014\002 \003\246\022\222\263 #\004\340l\374k%\234S\360\264\030\013\253\024\221ZDW\013\304\273\027\341^I""; ","validation: """"\200\000\000\001&\000\000\0009)/\351\253_:p\210\265\307-\212\200\004Qj\262\235LC5\315,\2758.\025\251J\276\032\252\276\237\336w\275\306no\345t\317\355,\333\255P\027\000\000\000\000\000\000\000\000\000\000\000\000\000\000\000\000\000\000\000\000\000\000\000\000\000\000\000\000\000\000\000\000P\031\315\004\203\271\200\243u\010|\336\346\203L\367\300g\364H\302\267\0331\0265+\223\224\300\342tR\375s!\002\364d\217\366\217|\316F\232\231\241\n\261\333`\312O\367\235\025DD\336e\367\n\312\326\221\037\025\230vF0D\002 (*\312\004hDsl\320\032\241\377\010\270\201\3402#\362\337\350\314\371d\305\363\004\231\013\233\277\014\002 \003\246\022\222\263 #\004\340l\374k%\234S\360\264\030\013\253\024\221ZDW\013\304\273\027\341^I""; "
1750527711513,1750527711513,0,1,2,3,TMGetLedger,"itype: liBASE; ledgerHash: ""j\262\235LC5\315,\2758.\025\251J\276\032\252\276\237\336w\275\306no\345t\317\355,\333\255""; requestCookie: 5; queryType: qtINDIRECT; ","itype: liBASE; ledgerHash: ""j\262\235LC5\315,\2758.\025\251J\276\032\252\276\237\336w\275\306no\345t\317\355,\333\255""; requestCookie: 5; queryType: qtINDIRECT; "
1750527711513,1750527711513,0,1,0,3,TMGetLedger,"itype: liBASE; ledgerHash: ""j\262\235LC5\315,\2758.\025\251J\276\032\252\276\237\336w\275\306no\345t\317\355,\333\255""; requestCookie: 5; queryType: qtINDIRECT; ","itype: liBASE; ledgerHash: ""j\262\235LC5\315,\2758.\025\251J\276\032\252\276\237\336w\275\306no\345t\317\355,\333\255""; requestCookie: 5; queryType: qtINDIRECT; "
1750527711513,1750527711513,0,1,1,2,TMGetLedger,"itype: liBASE; ledgerHash: ""j\262\235LC5\315,\2758.\025\251J\276\032\252\276\237\336w\275\306no\345t\317\355,\333\255""; ledgerSeq: 57; queryType: qtINDIRECT; ","itype: liBASE; ledgerHash: ""j\262\235LC5\315,\2758.\025\251J\276\032\252\276\237\336w\275\306no\345t\317\355,\333\255""; ledgerSeq: 57; queryType: qtINDIRECT; "
1750527711514,1750527711514,0,1,1,2,TMValidation,"validation: """"\200\000\000\001&\000\000\0009)/\351\253_:p\210\265\307-\212\200\004Qj\262\235LC5\315,\2758.\025\251J\276\032\252\276\237\336w\275\306no\345t\317\355,\333\255P\027\000\000\000\000\000\000\000\000\000\000\000\000\000\000\000\000\000\000\000\000\000\000\000\000\000\000\000\000\000\000\000\000P\031\315\004\203\271\200\243u\010|\336\346\203L\367\300g\364H\302\267\0331\0265+\223\224\300\342tR\375s!\002\364d\217\366\217|\316F\232\231\241\n\261\333`\312O\367\235\025DD\336e\367\n\312\326\221\037\025\230vF0D\002 (*\312\004hDsl\320\032\241\377\010\270\201\3402#\362\337\350\314\371d\305\363\004\231\013\233\277\014\002 \003\246\022\222\263 #\004\340l\374k%\234S\360\264\030\013\253\024\221ZDW\013\304\273\027\341^I""; ","validation: """"\200\000\000\001&\000\000\0009)/\351\253_:p\210\265\307-\212\200\004Qj\262\235LC5\315,\2758.\025\251J\276\032\252\276\237\336w\275\306no\345t\317\355,\333\255P\027\000\000\000\000\000\000\000\000\000\000\000\000\000\000\000\000\000\000\000\000\000\000\000\000\000\000\000\000\000\000\000\000P\031\315\004\203\271\200\243u\010|\336\346\203L\367\300g\364H\302\267\0331\0265+\223\224\300\342tR\375s!\002\364d\217\366\217|\316F\232\231\241\n\261\333`\312O\367\235\025DD\336e\367\n\312\326\221\037\025\230vF0D\002 (*\312\004hDsl\320\032\241\377\010\270\201\3402#\362\337\350\314\371d\305\363\004\231\013\233\277\014\002 \003\246\022\222\263 #\004\340l\374k%\234S\360\264\030\013\253\024\221ZDW\013\304\273\027\341^I""; "
1750527711514,1750527711514,0,1,3,1,TMLedgerData,"ledgerHash: ""j\262\235LC5\315,\2758.\025\251J\276\032\252\276\237\336w\275\306no\345t\317\355,\333\255""; ledgerSeq: 57; type: liBASE; nodes {;   nodedata: ""\000\000\0009\001cEx]\211\377\330\315\004\203\271\200\243u\010|\336\346\203L\367\300g\364H\302\267\0331\0265+\223\224\300\342tR\375\000\000\000\000\000\000\000\000\000\000\000\000\000\000\000\000\000\000\000\000\000\000\000\000\000\000\000\000\000\000\000\000\352It\r\324\355\300\241R\256Kj{\027\253s\322\241\242\202:M5Y\371v\356\014\273\227E\030/\351\253^/\351\253_\n\000""; }; nodes {;   nodedata: ""\323C\344\327\264{\312-\017:\006{\177\344N\002\326bO\260\220\006\033\362\345\005U\221DzJ0\001\301\025%1L\307\t\261\262z\374\222T\301\274V\236\223\262\270Ct\362\337b\356\024*\324\320\351\317\002k\336\234\027v\351\217\260\303\360\233ZPZWr\246$w\313\313\r\243r\232\2234\373\3539:N\004Q\245\272D\312D\300\300\t\323\0257\345e\271\na\215{\226\255x%T\257\037\333\004\344_/R\006E\344\037@\210\363\010\336T\226\247'\204_{\261\370""1\235\2445\343\033Y!\212\201\341\272\225'\007$\326\324\037\357\234\037\364&\377\3672\247\231}\371V\326\205\371\215K\334\324\214\345\315\357<?6V\013\003""; }; ","ledgerHash: ""j\262\235LC5\315,\2758.\025\251J\276\032\252\276\237\336w\275\306no\345t\317\355,\333\255""; ledgerSeq: 57; type: liBASE; nodes {;   nodedata: ""\000\000\0009\001cEx]\211\377\330\315\004\203\271\200\243u\010|\336\346\203L\367\300g\364H\302\267\0331\0265+\223\224\300\342tR\375\000\000\000\000\000\000\000\000\000\000\000\000\000\000\000\000\000\000\000\000\000\000\000\000\000\000\000\000\000\000\000\000\352It\r\324\355\300\241R\256Kj{\027\253s\322\241\242\202:M5Y\371v\356\014\273\227E\030/\351\253^/\351\253_\n\000""; }; nodes {;   nodedata: ""\323C\344\327\264{\312-\017:\006{\177\344N\002\326bO\260\220\006\033\362\345\005U\221DzJ0\001\301\025%1L\307\t\261\262z\374\222T\301\274V\236\223\262\270Ct\362\337b\356\024*\324\320\351\317\002k\336\234\027v\351\217\260\303\360\233ZPZWr\246$w\313\313\r\243r\232\2234\373\3539:N\004Q\245\272D\312D\300\300\t\323\0257\345e\271\na\215{\226\255x%T\257\037\333\004\344_/R\006E\344\037@\210\363\010\336T\226\247'\204_{\261\370""1\235\2445\343\033Y!\212\201\341\272\225'\007$\326\324\037\357\234\037\364&\377\3672\247\231}\371V\326\205\371\215K\334\324\214\345\315\357<?6V\013\003""; }; "
1750527711514,1750527711515,0,1,3,4,TMLedgerData,"ledgerHash: ""j\262\235LC5\315,\2758.\025\251J\276\032\252\276\237\336w\275\306no\345t\317\355,\333\255""; ledgerSeq: 57; type: liBASE; nodes {;   nodedata: ""\000\000\0009\001cEx]\211\377\330\315\004\203\271\200\243u\010|\336\346\203L\367\300g\364H\302\267\0331\0265+\223\224\300\342tR\375\000\000\000\000\000\000\000\000\000\000\000\000\000\000\000\000\000\000\000\000\000\000\000\000\000\000\000\000\000\000\000\000\352It\r\324\355\300\241R\256Kj{\027\253s\322\241\242\202:M5Y\371v\356\014\273\227E\030/\351\253^/\351\253_\n\000""; }; nodes {;   nodedata: ""\323C\344\327\264{\312-\017:\006{\177\344N\002\326bO\260\220\006\033\362\345\005U\221DzJ0\001\301\025%1L\307\t\261\262z\374\222T\301\274V\236\223\262\270Ct\362\337b\356\024*\324\320\351\317\002k\336\234\027v\351\217\260\303\360\233ZPZWr\246$w\313\313\r\243r\232\2234\373\3539:N\004Q\245\272D\312D\300\300\t\323\0257\345e\271\na\215{\226\255x%T\257\037\333\004\344_/R\006E\344\037@\210\363\010\336T\226\247'\204_{\261\370""1\235\2445\343\033Y!\212\201\341\272\225'\007$\326\324\037\357\234\037\364&\377\3672\247\231}\371V\326\205\371\215K\334\324\214\345\315\357<?6V\013\003""; }; ","ledgerHash: ""j\262\235LC5\315,\2758.\025\251J\276\032\252\276\237\336w\275\306no\345t\317\355,\333\255""; ledgerSeq: 57; type: liBASE; nodes {;   nodedata: ""\000\000\0009\001cEx]\211\377\330\315\004\203\271\200\243u\010|\336\346\203L\367\300g\364H\302\267\0331\0265+\223\224\300\342tR\375\000\000\000\000\000\000\000\000\000\000\000\000\000\000\000\000\000\000\000\000\000\000\000\000\000\000\000\000\000\000\000\000\352It\r\324\355\300\241R\256Kj{\027\253s\322\241\242\202:M5Y\371v\356\014\273\227E\030/\351\253^/\351\253_\n\000""; }; nodes {;   nodedata: ""\323C\344\327\264{\312-\017:\006{\177\344N\002\326bO\260\220\006\033\362\345\005U\221DzJ0\001\301\025%1L\307\t\261\262z\374\222T\301\274V\236\223\262\270Ct\362\337b\356\024*\324\320\351\317\002k\336\234\027v\351\217\260\303\360\233ZPZWr\246$w\313\313\r\243r\232\2234\373\3539:N\004Q\245\272D\312D\300\300\t\323\0257\345e\271\na\215{\226\255x%T\257\037\333\004\344_/R\006E\344\037@\210\363\010\336T\226\247'\204_{\261\370""1\235\2445\343\033Y!\212\201\341\272\225'\007$\326\324\037\357\234\037\364&\377\3672\247\231}\371V\326\205\371\215K\334\324\214\345\315\357<?6V\013\003""; }; "
1750527711515,1750527711516,0,1,3,4,TMLedgerData,"ledgerHash: ""j\262\235LC5\315,\2758.\025\251J\276\032\252\276\237\336w\275\306no\345t\317\355,\333\255""; ledgerSeq: 57; type: liBASE; nodes {;   nodedata: ""\000\000\0009\001cEx]\211\377\330\315\004\203\271\200\243u\010|\336\346\203L\367\300g\364H\302\267\0331\0265+\223\224\300\342tR\375\000\000\000\000\000\000\000\000\000\000\000\000\000\000\000\000\000\000\000\000\000\000\000\000\000\000\000\000\000\000\000\000\352It\r\324\355\300\241R\256Kj{\027\253s\322\241\242\202:M5Y\371v\356\014\273\227E\030/\351\253^/\351\253_\n\000""; }; nodes {;   nodedata: ""\323C\344\327\264{\312-\017:\006{\177\344N\002\326bO\260\220\006\033\362\345\005U\221DzJ0\001\301\025%1L\307\t\261\262z\374\222T\301\274V\236\223\262\270Ct\362\337b\356\024*\324\320\351\317\002k\336\234\027v\351\217\260\303\360\233ZPZWr\246$w\313\313\r\243r\232\2234\373\3539:N\004Q\245\272D\312D\300\300\t\323\0257\345e\271\na\215{\226\255x%T\257\037\333\004\344_/R\006E\344\037@\210\363\010\336T\226\247'\204_{\261\370""1\235\2445\343\033Y!\212\201\341\272\225'\007$\326\324\037\357\234\037\364&\377\3672\247\231}\371V\326\205\371\215K\334\324\214\345\315\357<?6V\013\003""; }; ","ledgerHash: ""j\262\235LC5\315,\2758.\025\251J\276\032\252\276\237\336w\275\306no\345t\317\355,\333\255""; ledgerSeq: 57; type: liBASE; nodes {;   nodedata: ""\000\000\0009\001cEx]\211\377\330\315\004\203\271\200\243u\010|\336\346\203L\367\300g\364H\302\267\0331\0265+\223\224\300\342tR\375\000\000\000\000\000\000\000\000\000\000\000\000\000\000\000\000\000\000\000\000\000\000\000\000\000\000\000\000\000\000\000\000\352It\r\324\355\300\241R\256Kj{\027\253s\322\241\242\202:M5Y\371v\356\014\273\227E\030/\351\253^/\351\253_\n\000""; }; nodes {;   nodedata: ""\323C\344\327\264{\312-\017:\006{\177\344N\002\326bO\260\220\006\033\362\345\005U\221DzJ0\001\301\025%1L\307\t\261\262z\374\222T\301\274V\236\223\262\270Ct\362\337b\356\024*\324\320\351\317\002k\336\234\027v\351\217\260\303\360\233ZPZWr\246$w\313\313\r\243r\232\2234\373\3539:N\004Q\245\272D\312D\300\300\t\323\0257\345e\271\na\215{\226\255x%T\257\037\333\004\344_/R\006E\344\037@\210\363\010\336T\226\247'\204_{\261\370""1\235\2445\343\033Y!\212\201\341\272\225'\007$\326\324\037\357\234\037\364&\377\3672\247\231}\371V\326\205\371\215K\334\324\214\345\315\357<?6V\013\003""; }; "
1750527711516,1750527711516,0,1,0,3,TMGetLedger,"itype: liBASE; ledgerHash: ""j\262\235LC5\315,\2758.\025\251J\276\032\252\276\237\336w\275\306no\345t\317\355,\333\255""; ledgerSeq: 57; requestCookie: 3; queryType: qtINDIRECT; ","itype: liBASE; ledgerHash: ""j\262\235LC5\315,\2758.\025\251J\276\032\252\276\237\336w\275\306no\345t\317\355,\333\255""; ledgerSeq: 57; requestCookie: 3; queryType: qtINDIRECT; "
1750527711516,1750527711516,0,1,3,2,TMLedgerData,"ledgerHash: ""j\262\235LC5\315,\2758.\025\251J\276\032\252\276\237\336w\275\306no\345t\317\355,\333\255""; ledgerSeq: 57; type: liBASE; nodes {;   nodedata: ""\000\000\0009\001cEx]\211\377\330\315\004\203\271\200\243u\010|\336\346\203L\367\300g\364H\302\267\0331\0265+\223\224\300\342tR\375\000\000\000\000\000\000\000\000\000\000\000\000\000\000\000\000\000\000\000\000\000\000\000\000\000\000\000\000\000\000\000\000\352It\r\324\355\300\241R\256Kj{\027\253s\322\241\242\202:M5Y\371v\356\014\273\227E\030/\351\253^/\351\253_\n\000""; }; nodes {;   nodedata: ""\323C\344\327\264{\312-\017:\006{\177\344N\002\326bO\260\220\006\033\362\345\005U\221DzJ0\001\301\025%1L\307\t\261\262z\374\222T\301\274V\236\223\262\270Ct\362\337b\356\024*\324\320\351\317\002k\336\234\027v\351\217\260\303\360\233ZPZWr\246$w\313\313\r\243r\232\2234\373\3539:N\004Q\245\272D\312D\300\300\t\323\0257\345e\271\na\215{\226\255x%T\257\037\333\004\344_/R\006E\344\037@\210\363\010\336T\226\247'\204_{\261\370""1\235\2445\343\033Y!\212\201\341\272\225'\007$\326\324\037\357\234\037\364&\377\3672\247\231}\371V\326\205\371\215K\334\324\214\345\315\357<?6V\013\003""; }; ","ledgerHash: ""j\262\235LC5\315,\2758.\025\251J\276\032\252\276\237\336w\275\306no\345t\317\355,\333\255""; ledgerSeq: 57; type: liBASE; nodes {;   nodedata: ""\000\000\0009\001cEx]\211\377\330\315\004\203\271\200\243u\010|\336\346\203L\367\300g\364H\302\267\0331\0265+\223\224\300\342tR\375\000\000\000\000\000\000\000\000\000\000\000\000\000\000\000\000\000\000\000\000\000\000\000\000\000\000\000\000\000\000\000\000\352It\r\324\355\300\241R\256Kj{\027\253s\322\241\242\202:M5Y\371v\356\014\273\227E\030/\351\253^/\351\253_\n\000""; }; nodes {;   nodedata: ""\323C\344\327\264{\312-\017:\006{\177\344N\002\326bO\260\220\006\033\362\345\005U\221DzJ0\001\301\025%1L\307\t\261\262z\374\222T\301\274V\236\223\262\270Ct\362\337b\356\024*\324\320\351\317\002k\336\234\027v\351\217\260\303\360\233ZPZWr\246$w\313\313\r\243r\232\2234\373\3539:N\004Q\245\272D\312D\300\300\t\323\0257\345e\271\na\215{\226\255x%T\257\037\333\004\344_/R\006E\344\037@\210\363\010\336T\226\247'\204_{\261\370""1\235\2445\343\033Y!\212\201\341\272\225'\007$\326\324\037\357\234\037\364&\377\3672\247\231}\371V\326\205\371\215K\334\324\214\345\315\357<?6V\013\003""; }; "
1750527711517,1750527711517,0,1,4,3,TMGetLedger,"itype: liBASE; ledgerHash: ""j\262\235LC5\315,\2758.\025\251J\276\032\252\276\237\336w\275\306no\345t\317\355,\333\255""; ledgerSeq: 57; requestCookie: 3; queryType: qtINDIRECT; ","itype: liBASE; ledgerHash: ""j\262\235LC5\315,\2758.\025\251J\276\032\252\276\237\336w\275\306no\345t\317\355,\333\255""; ledgerSeq: 57; requestCookie: 3; queryType: qtINDIRECT; "
1750527711517,1750527711517,0,1,3,1,TMLedgerData,"ledgerHash: ""j\262\235LC5\315,\2758.\025\251J\276\032\252\276\237\336w\275\306no\345t\317\355,\333\255""; ledgerSeq: 57; type: liBASE; nodes {;   nodedata: ""\000\000\0009\001cEx]\211\377\330\315\004\203\271\200\243u\010|\336\346\203L\367\300g\364H\302\267\0331\0265+\223\224\300\342tR\375\000\000\000\000\000\000\000\000\000\000\000\000\000\000\000\000\000\000\000\000\000\000\000\000\000\000\000\000\000\000\000\000\352It\r\324\355\300\241R\256Kj{\027\253s\322\241\242\202:M5Y\371v\356\014\273\227E\030/\351\253^/\351\253_\n\000""; }; nodes {;   nodedata: ""\323C\344\327\264{\312-\017:\006{\177\344N\002\326bO\260\220\006\033\362\345\005U\221DzJ0\001\301\025%1L\307\t\261\262z\374\222T\301\274V\236\223\262\270Ct\362\337b\356\024*\324\320\351\317\002k\336\234\027v\351\217\260\303\360\233ZPZWr\246$w\313\313\r\243r\232\2234\373\3539:N\004Q\245\272D\312D\300\300\t\323\0257\345e\271\na\215{\226\255x%T\257\037\333\004\344_/R\006E\344\037@\210\363\010\336T\226\247'\204_{\261\370""1\235\2445\343\033Y!\212\201\341\272\225'\007$\326\324\037\357\234\037\364&\377\3672\247\231}\371V\326\205\371\215K\334\324\214\345\315\357<?6V\013\003""; }; ","ledgerHash: ""j\262\235LC5\315,\2758.\025\251J\276\032\252\276\237\336w\275\306no\345t\317\355,\333\255""; ledgerSeq: 57; type: liBASE; nodes {;   nodedata: ""\000\000\0009\001cEx]\211\377\330\315\004\203\271\200\243u\010|\336\346\203L\367\300g\364H\302\267\0331\0265+\223\224\300\342tR\375\000\000\000\000\000\000\000\000\000\000\000\000\000\000\000\000\000\000\000\000\000\000\000\000\000\000\000\000\000\000\000\000\352It\r\324\355\300\241R\256Kj{\027\253s\322\241\242\202:M5Y\371v\356\014\273\227E\030/\351\253^/\351\253_\n\000""; }; nodes {;   nodedata: ""\323C\344\327\264{\312-\017:\006{\177\344N\002\326bO\260\220\006\033\362\345\005U\221DzJ0\001\301\025%1L\307\t\261\262z\374\222T\301\274V\236\223\262\270Ct\362\337b\356\024*\324\320\351\317\002k\336\234\027v\351\217\260\303\360\233ZPZWr\246$w\313\313\r\243r\232\2234\373\3539:N\004Q\245\272D\312D\300\300\t\323\0257\345e\271\na\215{\226\255x%T\257\037\333\004\344_/R\006E\344\037@\210\363\010\336T\226\247'\204_{\261\370""1\235\2445\343\033Y!\212\201\341\272\225'\007$\326\324\037\357\234\037\364&\377\3672\247\231}\371V\326\205\371\215K\334\324\214\345\315\357<?6V\013\003""; }; "
1750527711518,1750527711518,0,1,1,0,TMValidation,"validation: """"\200\000\000\001&\000\000\0009)/\351\253_:p\210\265\307-\212\200\004Qj\262\235LC5\315,\2758.\025\251J\276\032\252\276\237\336w\275\306no\345t\317\355,\333\255P\027\000\000\000\000\000\000\000\000\000\000\000\000\000\000\000\000\000\000\000\000\000\000\000\000\000\000\000\000\000\000\000\000P\031\315\004\203\271\200\243u\010|\336\346\203L\367\300g\364H\302\267\0331\0265+\223\224\300\342tR\375s!\002\364d\217\366\217|\316F\232\231\241\n\261\333`\312O\367\235\025DD\336e\367\n\312\326\221\037\025\230vF0D\002 (*\312\004hDsl\320\032\241\377\010\270\201\3402#\362\337\350\314\371d\305\363\004\231\013\233\277\014\002 \003\246\022\222\263 #\004\340l\374k%\234S\360\264\030\013\253\024\221ZDW\013\304\273\027\341^I""; ","validation: """"\200\000\000\001&\000\000\0009)/\351\253_:p\210\265\307-\212\200\004Qj\262\235LC5\315,\2758.\025\251J\276\032\252\276\237\336w\275\306no\345t\317\355,\333\255P\027\000\000\000\000\000\000\000\000\000\000\000\000\000\000\000\000\000\000\000\000\000\000\000\000\000\000\000\000\000\000\000\000P\031\315\004\203\271\200\243u\010|\336\346\203L\367\300g\364H\302\267\0331\0265+\223\224\300\342tR\375s!\002\364d\217\366\217|\316F\232\231\241\n\261\333`\312O\367\235\025DD\336e\367\n\312\326\221\037\025\230vF0D\002 (*\312\004hDsl\320\032\241\377\010\270\201\3402#\362\337\350\314\371d\305\363\004\231\013\233\277\014\002 \003\246\022\222\263 #\004\340l\374k%\234S\360\264\030\013\253\024\221ZDW\013\304\273\027\341^I""; "
1750527711518,1750527711518,0,1,1,0,TMGetLedger,"itype: liBASE; ledgerHash: ""j\262\235LC5\315,\2758.\025\251J\276\032\252\276\237\336w\275\306no\345t\317\355,\333\255""; ledgerSeq: 57; queryType: qtINDIRECT; ","itype: liBASE; ledgerHash: ""j\262\235LC5\315,\2758.\025\251J\276\032\252\276\237\336w\275\306no\345t\317\355,\333\255""; ledgerSeq: 57; queryType: qtINDIRECT; "
1750527711519,1750527711519,0,1,3,0,TMLedgerData,"ledgerHash: ""j\262\235LC5\315,\2758.\025\251J\276\032\252\276\237\336w\275\306no\345t\317\355,\333\255""; ledgerSeq: 57; type: liBASE; nodes {;   nodedata: ""\000\000\0009\001cEx]\211\377\330\315\004\203\271\200\243u\010|\336\346\203L\367\300g\364H\302\267\0331\0265+\223\224\300\342tR\375\000\000\000\000\000\000\000\000\000\000\000\000\000\000\000\000\000\000\000\000\000\000\000\000\000\000\000\000\000\000\000\000\352It\r\324\355\300\241R\256Kj{\027\253s\322\241\242\202:M5Y\371v\356\014\273\227E\030/\351\253^/\351\253_\n\000""; }; nodes {;   nodedata: ""\323C\344\327\264{\312-\017:\006{\177\344N\002\326bO\260\220\006\033\362\345\005U\221DzJ0\001\301\025%1L\307\t\261\262z\374\222T\301\274V\236\223\262\270Ct\362\337b\356\024*\324\320\351\317\002k\336\234\027v\351\217\260\303\360\233ZPZWr\246$w\313\313\r\243r\232\2234\373\3539:N\004Q\245\272D\312D\300\300\t\323\0257\345e\271\na\215{\226\255x%T\257\037\333\004\344_/R\006E\344\037@\210\363\010\336T\226\247'\204_{\261\370""1\235\2445\343\033Y!\212\201\341\272\225'\007$\326\324\037\357\234\037\364&\377\3672\247\231}\371V\326\205\371\215K\334\324\214\345\315\357<?6V\013\003""; }; ","ledgerHash: ""j\262\235LC5\315,\2758.\025\251J\276\032\252\276\237\336w\275\306no\345t\317\355,\333\255""; ledgerSeq: 57; type: liBASE; nodes {;   nodedata: ""\000\000\0009\001cEx]\211\377\330\315\004\203\271\200\243u\010|\336\346\203L\367\300g\364H\302\267\0331\0265+\223\224\300\342tR\375\000\000\000\000\000\000\000\000\000\000\000\000\000\000\000\000\000\000\000\000\000\000\000\000\000\000\000\000\000\000\000\000\352It\r\324\355\300\241R\256Kj{\027\253s\322\241\242\202:M5Y\371v\356\014\273\227E\030/\351\253^/\351\253_\n\000""; }; nodes {;   nodedata: ""\323C\344\327\264{\312-\017:\006{\177\344N\002\326bO\260\220\006\033\362\345\005U\221DzJ0\001\301\025%1L\307\t\261\262z\374\222T\301\274V\236\223\262\270Ct\362\337b\356\024*\324\320\351\317\002k\336\234\027v\351\217\260\303\360\233ZPZWr\246$w\313\313\r\243r\232\2234\373\3539:N\004Q\245\272D\312D\300\300\t\323\0257\345e\271\na\215{\226\255x%T\257\037\333\004\344_/R\006E\344\037@\210\363\010\336T\226\247'\204_{\261\370""1\235\2445\343\033Y!\212\201\341\272\225'\007$\326\324\037\357\234\037\364&\377\3672\247\231}\371V\326\205\371\215K\334\324\214\345\315\357<?6V\013\003""; }; "
1750527711519,1750527711519,0,1,3,0,TMLedgerData,"ledgerHash: ""j\262\235LC5\315,\2758.\025\251J\276\032\252\276\237\336w\275\306no\345t\317\355,\333\255""; ledgerSeq: 57; type: liBASE; nodes {;   nodedata: ""\000\000\0009\001cEx]\211\377\330\315\004\203\271\200\243u\010|\336\346\203L\367\300g\364H\302\267\0331\0265+\223\224\300\342tR\375\000\000\000\000\000\000\000\000\000\000\000\000\000\000\000\000\000\000\000\000\000\000\000\000\000\000\000\000\000\000\000\000\352It\r\324\355\300\241R\256Kj{\027\253s\322\241\242\202:M5Y\371v\356\014\273\227E\030/\351\253^/\351\253_\n\000""; }; nodes {;   nodedata: ""\323C\344\327\264{\312-\017:\006{\177\344N\002\326bO\260\220\006\033\362\345\005U\221DzJ0\001\301\025%1L\307\t\261\262z\374\222T\301\274V\236\223\262\270Ct\362\337b\356\024*\324\320\351\317\002k\336\234\027v\351\217\260\303\360\233ZPZWr\246$w\313\313\r\243r\232\2234\373\3539:N\004Q\245\272D\312D\300\300\t\323\0257\345e\271\na\215{\226\255x%T\257\037\333\004\344_/R\006E\344\037@\210\363\010\336T\226\247'\204_{\261\370""1\235\2445\343\033Y!\212\201\341\272\225'\007$\326\324\037\357\234\037\364&\377\3672\247\231}\371V\326\205\371\215K\334\324\214\345\315\357<?6V\013\003""; }; ","ledgerHash: ""j\262\235LC5\315,\2758.\025\251J\276\032\252\276\237\336w\275\306no\345t\317\355,\333\255""; ledgerSeq: 57; type: liBASE; nodes {;   nodedata: ""\000\000\0009\001cEx]\211\377\330\315\004\203\271\200\243u\010|\336\346\203L\367\300g\364H\302\267\0331\0265+\223\224\300\342tR\375\000\000\000\000\000\000\000\000\000\000\000\000\000\000\000\000\000\000\000\000\000\000\000\000\000\000\000\000\000\000\000\000\352It\r\324\355\300\241R\256Kj{\027\253s\322\241\242\202:M5Y\371v\356\014\273\227E\030/\351\253^/\351\253_\n\000""; }; nodes {;   nodedata: ""\323C\344\327\264{\312-\017:\006{\177\344N\002\326bO\260\220\006\033\362\345\005U\221DzJ0\001\301\025%1L\307\t\261\262z\374\222T\301\274V\236\223\262\270Ct\362\337b\356\024*\324\320\351\317\002k\336\234\027v\351\217\260\303\360\233ZPZWr\246$w\313\313\r\243r\232\2234\373\3539:N\004Q\245\272D\312D\300\300\t\323\0257\345e\271\na\215{\226\255x%T\257\037\333\004\344_/R\006E\344\037@\210\363\010\336T\226\247'\204_{\261\370""1\235\2445\343\033Y!\212\201\341\272\225'\007$\326\324\037\357\234\037\364&\377\3672\247\231}\371V\326\205\371\215K\334\324\214\345\315\357<?6V\013\003""; }; "
1750527711520,1750527711520,0,1,4,3,TMGetLedger,"itype: liBASE; ledgerHash: ""j\262\235LC5\315,\2758.\025\251J\276\032\252\276\237\336w\275\306no\345t\317\355,\333\255""; ledgerSeq: 57; requestCookie: 1; queryType: qtINDIRECT; ","itype: liBASE; ledgerHash: ""j\262\235LC5\315,\2758.\025\251J\276\032\252\276\237\336w\275\306no\345t\317\355,\333\255""; ledgerSeq: 57; requestCookie: 1; queryType: qtINDIRECT; "
1750527711520,1750527711520,0,1,4,3,TMGetLedger,"itype: liBASE; ledgerHash: ""j\262\235LC5\315,\2758.\025\251J\276\032\252\276\237\336w\275\306no\345t\317\355,\333\255""; ledgerSeq: 57; requestCookie: 2; queryType: qtINDIRECT; ","itype: liBASE; ledgerHash: ""j\262\235LC5\315,\2758.\025\251J\276\032\252\276\237\336w\275\306no\345t\317\355,\333\255""; ledgerSeq: 57; requestCookie: 2; queryType: qtINDIRECT; "
1750527711520,1750527711520,0,1,2,3,TMGetLedger,"itype: liAS_NODE; ledgerHash: ""j\262\235LC5\315,\2758.\025\251J\276\032\252\276\237\336w\275\306no\345t\317\355,\333\255""; ledgerSeq: 57; nodeIDs: ""\260\000\000\000\000\000\000\000\000\000\000\000\000\000\000\000\000\000\000\000\000\000\000\000\000\000\000\000\000\000\000\000\001""; queryType: qtINDIRECT; queryDepth: 1; ","itype: liAS_NODE; ledgerHash: ""j\262\235LC5\315,\2758.\025\251J\276\032\252\276\237\336w\275\306no\345t\317\355,\333\255""; ledgerSeq: 57; nodeIDs: ""\260\000\000\000\000\000\000\000\000\000\000\000\000\000\000\000\000\000\000\000\000\000\000\000\000\000\000\000\000\000\000\000\001""; queryType: qtINDIRECT; queryDepth: 1; "
1750527711521,1750527711521,0,1,3,2,TMLedgerData,"ledgerHash: ""j\262\235LC5\315,\2758.\025\251J\276\032\252\276\237\336w\275\306no\345t\317\355,\333\255""; ledgerSeq: 57; type: liBASE; nodes {;   nodedata: ""\000\000\0009\001cEx]\211\377\330\315\004\203\271\200\243u\010|\336\346\203L\367\300g\364H\302\267\0331\0265+\223\224\300\342tR\375\000\000\000\000\000\000\000\000\000\000\000\000\000\000\000\000\000\000\000\000\000\000\000\000\000\000\000\000\000\000\000\000\352It\r\324\355\300\241R\256Kj{\027\253s\322\241\242\202:M5Y\371v\356\014\273\227E\030/\351\253^/\351\253_\n\000""; }; nodes {;   nodedata: ""\323C\344\327\264{\312-\017:\006{\177\344N\002\326bO\260\220\006\033\362\345\005U\221DzJ0\001\301\025%1L\307\t\261\262z\374\222T\301\274V\236\223\262\270Ct\362\337b\356\024*\324\320\351\317\002k\336\234\027v\351\217\260\303\360\233ZPZWr\246$w\313\313\r\243r\232\2234\373\3539:N\004Q\245\272D\312D\300\300\t\323\0257\345e\271\na\215{\226\255x%T\257\037\333\004\344_/R\006E\344\037@\210\363\010\336T\226\247'\204_{\261\370""1\235\2445\343\033Y!\212\201\341\272\225'\007$\326\324\037\357\234\037\364&\377\3672\247\231}\371V\326\205\371\215K\334\324\214\345\315\357<?6V\013\003""; }; requestCookie: 5; ","ledgerHash: ""j\262\235LC5\315,\2758.\025\251J\276\032\252\276\237\336w\275\306no\345t\317\355,\333\255""; ledgerSeq: 57; type: liBASE; nodes {;   nodedata: ""\000\000\0009\001cEx]\211\377\330\315\004\203\271\200\243u\010|\336\346\203L\367\300g\364H\302\267\0331\0265+\223\224\300\342tR\375\000\000\000\000\000\000\000\000\000\000\000\000\000\000\000\000\000\000\000\000\000\000\000\000\000\000\000\000\000\000\000\000\352It\r\324\355\300\241R\256Kj{\027\253s\322\241\242\202:M5Y\371v\356\014\273\227E\030/\351\253^/\351\253_\n\000""; }; nodes {;   nodedata: ""\323C\344\327\264{\312-\017:\006{\177\344N\002\326bO\260\220\006\033\362\345\005U\221DzJ0\001\301\025%1L\307\t\261\262z\374\222T\301\274V\236\223\262\270Ct\362\337b\356\024*\324\320\351\317\002k\336\234\027v\351\217\260\303\360\233ZPZWr\246$w\313\313\r\243r\232\2234\373\3539:N\004Q\245\272D\312D\300\300\t\323\0257\345e\271\na\215{\226\255x%T\257\037\333\004\344_/R\006E\344\037@\210\363\010\336T\226\247'\204_{\261\370""1\235\2445\343\033Y!\212\201\341\272\225'\007$\326\324\037\357\234\037\364&\377\3672\247\231}\371V\326\205\371\215K\334\324\214\345\315\357<?6V\013\003""; }; requestCookie: 5; "
1750527711521,1750527711522,0,1,3,0,TMLedgerData,"ledgerHash: ""j\262\235LC5\315,\2758.\025\251J\276\032\252\276\237\336w\275\306no\345t\317\355,\333\255""; ledgerSeq: 57; type: liBASE; nodes {;   nodedata: ""\000\000\0009\001cEx]\211\377\330\315\004\203\271\200\243u\010|\336\346\203L\367\300g\364H\302\267\0331\0265+\223\224\300\342tR\375\000\000\000\000\000\000\000\000\000\000\000\000\000\000\000\000\000\000\000\000\000\000\000\000\000\000\000\000\000\000\000\000\352It\r\324\355\300\241R\256Kj{\027\253s\322\241\242\202:M5Y\371v\356\014\273\227E\030/\351\253^/\351\253_\n\000""; }; nodes {;   nodedata: ""\323C\344\327\264{\312-\017:\006{\177\344N\002\326bO\260\220\006\033\362\345\005U\221DzJ0\001\301\025%1L\307\t\261\262z\374\222T\301\274V\236\223\262\270Ct\362\337b\356\024*\324\320\351\317\002k\336\234\027v\351\217\260\303\360\233ZPZWr\246$w\313\313\r\243r\232\2234\373\3539:N\004Q\245\272D\312D\300\300\t\323\0257\345e\271\na\215{\226\255x%T\257\037\333\004\344_/R\006E\344\037@\210\363\010\336T\226\247'\204_{\261\370""1\235\2445\343\033Y!\212\201\341\272\225'\007$\326\324\037\357\234\037\364&\377\3672\247\231}\371V\326\205\371\215K\334\324\214\345\315\357<?6V\013\003""; }; requestCookie: 5; ","ledgerHash: ""j\262\235LC5\315,\2758.\025\251J\276\032\252\276\237\336w\275\306no\345t\317\355,\333\255""; ledgerSeq: 57; type: liBASE; nodes {;   nodedata: ""\000\000\0009\001cEx]\211\377\330\315\004\203\271\200\243u\010|\336\346\203L\367\300g\364H\302\267\0331\0265+\223\224\300\342tR\375\000\000\000\000\000\000\000\000\000\000\000\000\000\000\000\000\000\000\000\000\000\000\000\000\000\000\000\000\000\000\000\000\352It\r\324\355\300\241R\256Kj{\027\253s\322\241\242\202:M5Y\371v\356\014\273\227E\030/\351\253^/\351\253_\n\000""; }; nodes {;   nodedata: ""\323C\344\327\264{\312-\017:\006{\177\344N\002\326bO\260\220\006\033\362\345\005U\221DzJ0\001\301\025%1L\307\t\261\262z\374\222T\301\274V\236\223\262\270Ct\362\337b\356\024*\324\320\351\317\002k\336\234\027v\351\217\260\303\360\233ZPZWr\246$w\313\313\r\243r\232\2234\373\3539:N\004Q\245\272D\312D\300\300\t\323\0257\345e\271\na\215{\226\255x%T\257\037\333\004\344_/R\006E\344\037@\210\363\010\336T\226\247'\204_{\261\370""1\235\2445\343\033Y!\212\201\341\272\225'\007$\326\324\037\357\234\037\364&\377\3672\247\231}\371V\326\205\371\215K\334\324\214\345\315\357<?6V\013\003""; }; requestCookie: 5; "
1750527711522,1750527711522,0,1,1,3,TMGetLedger,"itype: liBASE; ledgerHash: ""j\262\235LC5\315,\2758.\025\251J\276\032\252\276\237\336w\275\306no\345t\317\355,\333\255""; requestCookie: 5; queryType: qtINDIRECT; ","itype: liBASE; ledgerHash: ""j\262\235LC5\315,\2758.\025\251J\276\032\252\276\237\336w\275\306no\345t\317\355,\333\255""; requestCookie: 5; queryType: qtINDIRECT; "
1750527711522,1750527711522,0,1,1,3,TMGetLedger,"itype: liBASE; ledgerHash: ""j\262\235LC5\315,\2758.\025\251J\276\032\252\276\237\336w\275\306no\345t\317\355,\333\255""; ledgerSeq: 57; requestCookie: 2; queryType: qtINDIRECT; ","itype: liBASE; ledgerHash: ""j\262\235LC5\315,\2758.\025\251J\276\032\252\276\237\336w\275\306no\345t\317\355,\333\255""; ledgerSeq: 57; requestCookie: 2; queryType: qtINDIRECT; "
1750527711523,1750527711523,0,1,1,3,TMGetLedger,"itype: liBASE; ledgerHash: ""j\262\235LC5\315,\2758.\025\251J\276\032\252\276\237\336w\275\306no\345t\317\355,\333\255""; ledgerSeq: 57; requestCookie: 3; queryType: qtINDIRECT; ","itype: liBASE; ledgerHash: ""j\262\235LC5\315,\2758.\025\251J\276\032\252\276\237\336w\275\306no\345t\317\355,\333\255""; ledgerSeq: 57; requestCookie: 3; queryType: qtINDIRECT; "
1750527711524,1750527711524,0,1,3,0,TMLedgerData,"ledgerHash: ""j\262\235LC5\315,\2758.\025\251J\276\032\252\276\237\336w\275\306no\345t\317\355,\333\255""; ledgerSeq: 57; type: liBASE; nodes {;   nodedata: ""\000\000\0009\001cEx]\211\377\330\315\004\203\271\200\243u\010|\336\346\203L\367\300g\364H\302\267\0331\0265+\223\224\300\342tR\375\000\000\000\000\000\000\000\000\000\000\000\000\000\000\000\000\000\000\000\000\000\000\000\000\000\000\000\000\000\000\000\000\352It\r\324\355\300\241R\256Kj{\027\253s\322\241\242\202:M5Y\371v\356\014\273\227E\030/\351\253^/\351\253_\n\000""; }; nodes {;   nodedata: ""\323C\344\327\264{\312-\017:\006{\177\344N\002\326bO\260\220\006\033\362\345\005U\221DzJ0\001\301\025%1L\307\t\261\262z\374\222T\301\274V\236\223\262\270Ct\362\337b\356\024*\324\320\351\317\002k\336\234\027v\351\217\260\303\360\233ZPZWr\246$w\313\313\r\243r\232\2234\373\3539:N\004Q\245\272D\312D\300\300\t\323\0257\345e\271\na\215{\226\255x%T\257\037\333\004\344_/R\006E\344\037@\210\363\010\336T\226\247'\204_{\261\370""1\235\2445\343\033Y!\212\201\341\272\225'\007$\326\324\037\357\234\037\364&\377\3672\247\231}\371V\326\205\371\215K\334\324\214\345\315\357<?6V\013\003""; }; requestCookie: 3; ","ledgerHash: ""j\262\235LC5\315,\2758.\025\251J\276\032\252\276\237\336w\275\306no\345t\317\355,\333\255""; ledgerSeq: 57; type: liBASE; nodes {;   nodedata: ""\000\000\0009\001cEx]\211\377\330\315\004\203\271\200\243u\010|\336\346\203L\367\300g\364H\302\267\0331\0265+\223\224\300\342tR\375\000\000\000\000\000\000\000\000\000\000\000\000\000\000\000\000\000\000\000\000\000\000\000\000\000\000\000\000\000\000\000\000\352It\r\324\355\300\241R\256Kj{\027\253s\322\241\242\202:M5Y\371v\356\014\273\227E\030/\351\253^/\351\253_\n\000""; }; nodes {;   nodedata: ""\323C\344\327\264{\312-\017:\006{\177\344N\002\326bO\260\220\006\033\362\345\005U\221DzJ0\001\301\025%1L\307\t\261\262z\374\222T\301\274V\236\223\262\270Ct\362\337b\356\024*\324\320\351\317\002k\336\234\027v\351\217\260\303\360\233ZPZWr\246$w\313\313\r\243r\232\2234\373\3539:N\004Q\245\272D\312D\300\300\t\323\0257\345e\271\na\215{\226\255x%T\257\037\333\004\344_/R\006E\344\037@\210\363\010\336T\226\247'\204_{\261\370""1\235\2445\343\033Y!\212\201\341\272\225'\007$\326\324\037\357\234\037\364&\377\3672\247\231}\371V\326\205\371\215K\334\324\214\345\315\357<?6V\013\003""; }; requestCookie: 3; "
1750527711524,1750527711524,0,1,4,3,TMGetLedger,"itype: liAS_NODE; ledgerHash: ""j\262\235LC5\315,\2758.\025\251J\276\032\252\276\237\336w\275\306no\345t\317\355,\333\255""; ledgerSeq: 57; nodeIDs: ""\260\000\000\000\000\000\000\000\000\000\000\000\000\000\000\000\000\000\000\000\000\000\000\000\000\000\000\000\000\000\000\000\001""; queryType: qtINDIRECT; queryDepth: 1; ","itype: liAS_NODE; ledgerHash: ""j\262\235LC5\315,\2758.\025\251J\276\032\252\276\237\336w\275\306no\345t\317\355,\333\255""; ledgerSeq: 57; nodeIDs: ""\260\000\000\000\000\000\000\000\000\000\000\000\000\000\000\000\000\000\000\000\000\000\000\000\000\000\000\000\000\000\000\000\001""; queryType: qtINDIRECT; queryDepth: 1; "
1750527711524,1750527711524,0,1,2,3,TMGetLedger,"itype: liBASE; ledgerHash: ""j\262\235LC5\315,\2758.\025\251J\276\032\252\276\237\336w\275\306no\345t\317\355,\333\255""; ledgerSeq: 57; requestCookie: 2; queryType: qtINDIRECT; ","itype: liBASE; ledgerHash: ""j\262\235LC5\315,\2758.\025\251J\276\032\252\276\237\336w\275\306no\345t\317\355,\333\255""; ledgerSeq: 57; requestCookie: 2; queryType: qtINDIRECT; "
1750527711525,1750527711525,0,1,2,3,TMGetLedger,"itype: liBASE; ledgerHash: ""j\262\235LC5\315,\2758.\025\251J\276\032\252\276\237\336w\275\306no\345t\317\355,\333\255""; ledgerSeq: 57; requestCookie: 3; queryType: qtINDIRECT; ","itype: liBASE; ledgerHash: ""j\262\235LC5\315,\2758.\025\251J\276\032\252\276\237\336w\275\306no\345t\317\355,\333\255""; ledgerSeq: 57; requestCookie: 3; queryType: qtINDIRECT; "
1750527711525,1750527711525,0,1,3,4,TMLedgerData,"ledgerHash: ""j\262\235LC5\315,\2758.\025\251J\276\032\252\276\237\336w\275\306no\345t\317\355,\333\255""; ledgerSeq: 57; type: liBASE; nodes {;   nodedata: ""\000\000\0009\001cEx]\211\377\330\315\004\203\271\200\243u\010|\336\346\203L\367\300g\364H\302\267\0331\0265+\223\224\300\342tR\375\000\000\000\000\000\000\000\000\000\000\000\000\000\000\000\000\000\000\000\000\000\000\000\000\000\000\000\000\000\000\000\000\352It\r\324\355\300\241R\256Kj{\027\253s\322\241\242\202:M5Y\371v\356\014\273\227E\030/\351\253^/\351\253_\n\000""; }; nodes {;   nodedata: ""\323C\344\327\264{\312-\017:\006{\177\344N\002\326bO\260\220\006\033\362\345\005U\221DzJ0\001\301\025%1L\307\t\261\262z\374\222T\301\274V\236\223\262\270Ct\362\337b\356\024*\324\320\351\317\002k\336\234\027v\351\217\260\303\360\233ZPZWr\246$w\313\313\r\243r\232\2234\373\3539:N\004Q\245\272D\312D\300\300\t\323\0257\345e\271\na\215{\226\255x%T\257\037\333\004\344_/R\006E\344\037@\210\363\010\336T\226\247'\204_{\261\370""1\235\2445\343\033Y!\212\201\341\272\225'\007$\326\324\037\357\234\037\364&\377\3672\247\231}\371V\326\205\371\215K\334\324\214\345\315\357<?6V\013\003""; }; requestCookie: 3; ","ledgerHash: ""j\262\235LC5\315,\2758.\025\251J\276\032\252\276\237\336w\275\306no\345t\317\355,\333\255""; ledgerSeq: 57; type: liBASE; nodes {;   nodedata: ""\000\000\0009\001cEx]\211\377\330\315\004\203\271\200\243u\010|\336\346\203L\367\300g\364H\302\267\0331\0265+\223\224\300\342tR\375\000\000\000\000\000\000\000\000\000\000\000\000\000\000\000\000\000\000\000\000\000\000\000\000\000\000\000\000\000\000\000\000\352It\r\324\355\300\241R\256Kj{\027\253s\322\241\242\202:M5Y\371v\356\014\273\227E\030/\351\253^/\351\253_\n\000""; }; nodes {;   nodedata: ""\323C\344\327\264{\312-\017:\006{\177\344N\002\326bO\260\220\006\033\362\345\005U\221DzJ0\001\301\025%1L\307\t\261\262z\374\222T\301\274V\236\223\262\270Ct\362\337b\356\024*\324\320\351\317\002k\336\234\027v\351\217\260\303\360\233ZPZWr\246$w\313\313\r\243r\232\2234\373\3539:N\004Q\245\272D\312D\300\300\t\323\0257\345e\271\na\215{\226\255x%T\257\037\333\004\344_/R\006E\344\037@\210\363\010\336T\226\247'\204_{\261\370""1\235\2445\343\033Y!\212\201\341\272\225'\007$\326\324\037\357\234\037\364&\377\3672\247\231}\371V\326\205\371\215K\334\324\214\345\315\357<?6V\013\003""; }; requestCookie: 3; "
1750527711526,1750527711526,0,1,1,3,TMGetLedger,"itype: liAS_NODE; ledgerHash: ""j\262\235LC5\315,\2758.\025\251J\276\032\252\276\237\336w\275\306no\345t\317\355,\333\255""; ledgerSeq: 57; nodeIDs: ""\260\000\000\000\000\000\000\000\000\000\000\000\000\000\000\000\000\000\000\000\000\000\000\000\000\000\000\000\000\000\000\000\001""; queryType: qtINDIRECT; queryDepth: 1; ","itype: liAS_NODE; ledgerHash: ""j\262\235LC5\315,\2758.\025\251J\276\032\252\276\237\336w\275\306no\345t\317\355,\333\255""; ledgerSeq: 57; nodeIDs: ""\260\000\000\000\000\000\000\000\000\000\000\000\000\000\000\000\000\000\000\000\000\000\000\000\000\000\000\000\000\000\000\000\001""; queryType: qtINDIRECT; queryDepth: 1; "
1750527711526,1750527711526,0,1,0,3,TMGetLedger,"itype: liBASE; ledgerHash: ""j\262\235LC5\315,\2758.\025\251J\276\032\252\276\237\336w\275\306no\345t\317\355,\333\255""; ledgerSeq: 57; requestCookie: 2; queryType: qtINDIRECT; ","itype: liBASE; ledgerHash: ""j\262\235LC5\315,\2758.\025\251J\276\032\252\276\237\336w\275\306no\345t\317\355,\333\255""; ledgerSeq: 57; requestCookie: 2; queryType: qtINDIRECT; "
1750527711526,1750527711526,0,1,0,3,TMGetLedger,"itype: liAS_NODE; ledgerHash: ""j\262\235LC5\315,\2758.\025\251J\276\032\252\276\237\336w\275\306no\345t\317\355,\333\255""; ledgerSeq: 57; nodeIDs: ""\260\000\000\000\000\000\000\000\000\000\000\000\000\000\000\000\000\000\000\000\000\000\000\000\000\000\000\000\000\000\000\000\001""; queryType: qtINDIRECT; queryDepth: 1; ","itype: liAS_NODE; ledgerHash: ""j\262\235LC5\315,\2758.\025\251J\276\032\252\276\237\336w\275\306no\345t\317\355,\333\255""; ledgerSeq: 57; nodeIDs: ""\260\000\000\000\000\000\000\000\000\000\000\000\000\000\000\000\000\000\000\000\000\000\000\000\000\000\000\000\000\000\000\000\001""; queryType: qtINDIRECT; queryDepth: 1; "
1750527711527,1750527711527,0,1,3,4,TMLedgerData,"ledgerHash: ""j\262\235LC5\315,\2758.\025\251J\276\032\252\276\237\336w\275\306no\345t\317\355,\333\255""; ledgerSeq: 57; type: liBASE; nodes {;   nodedata: ""\000\000\0009\001cEx]\211\377\330\315\004\203\271\200\243u\010|\336\346\203L\367\300g\364H\302\267\0331\0265+\223\224\300\342tR\375\000\000\000\000\000\000\000\000\000\000\000\000\000\000\000\000\000\000\000\000\000\000\000\000\000\000\000\000\000\000\000\000\352It\r\324\355\300\241R\256Kj{\027\253s\322\241\242\202:M5Y\371v\356\014\273\227E\030/\351\253^/\351\253_\n\000""; }; nodes {;   nodedata: ""\323C\344\327\264{\312-\017:\006{\177\344N\002\326bO\260\220\006\033\362\345\005U\221DzJ0\001\301\025%1L\307\t\261\262z\374\222T\301\274V\236\223\262\270Ct\362\337b\356\024*\324\320\351\317\002k\336\234\027v\351\217\260\303\360\233ZPZWr\246$w\313\313\r\243r\232\2234\373\3539:N\004Q\245\272D\312D\300\300\t\323\0257\345e\271\na\215{\226\255x%T\257\037\333\004\344_/R\006E\344\037@\210\363\010\336T\226\247'\204_{\261\370""1\235\2445\343\033Y!\212\201\341\272\225'\007$\326\324\037\357\234\037\364&\377\3672\247\231}\371V\326\205\371\215K\334\324\214\345\315\357<?6V\013\003""; }; requestCookie: 1; ","ledgerHash: ""j\262\235LC5\315,\2758.\025\251J\276\032\252\276\237\336w\275\306no\345t\317\355,\333\255""; ledgerSeq: 57; type: liBASE; nodes {;   nodedata: ""\000\000\0009\001cEx]\211\377\330\315\004\203\271\200\243u\010|\336\346\203L\367\300g\364H\302\267\0331\0265+\223\224\300\342tR\375\000\000\000\000\000\000\000\000\000\000\000\000\000\000\000\000\000\000\000\000\000\000\000\000\000\000\000\000\000\000\000\000\352It\r\324\355\300\241R\256Kj{\027\253s\322\241\242\202:M5Y\371v\356\014\273\227E\030/\351\253^/\351\253_\n\000""; }; nodes {;   nodedata: ""\323C\344\327\264{\312-\017:\006{\177\344N\002\326bO\260\220\006\033\362\345\005U\221DzJ0\001\301\025%1L\307\t\261\262z\374\222T\301\274V\236\223\262\270Ct\362\337b\356\024*\324\320\351\317\002k\336\234\027v\351\217\260\303\360\233ZPZWr\246$w\313\313\r\243r\232\2234\373\3539:N\004Q\245\272D\312D\300\300\t\323\0257\345e\271\na\215{\226\255x%T\257\037\333\004\344_/R\006E\344\037@\210\363\010\336T\226\247'\204_{\261\370""1\235\2445\343\033Y!\212\201\341\272\225'\007$\326\324\037\357\234\037\364&\377\3672\247\231}\371V\326\205\371\215K\334\324\214\345\315\357<?6V\013\003""; }; requestCookie: 1; "
1750527711527,1750527711527,0,1,3,4,TMLedgerData,"ledgerHash: ""j\262\235LC5\315,\2758.\025\251J\276\032\252\276\237\336w\275\306no\345t\317\355,\333\255""; ledgerSeq: 57; type: liBASE; nodes {;   nodedata: ""\000\000\0009\001cEx]\211\377\330\315\004\203\271\200\243u\010|\336\346\203L\367\300g\364H\302\267\0331\0265+\223\224\300\342tR\375\000\000\000\000\000\000\000\000\000\000\000\000\000\000\000\000\000\000\000\000\000\000\000\000\000\000\000\000\000\000\000\000\352It\r\324\355\300\241R\256Kj{\027\253s\322\241\242\202:M5Y\371v\356\014\273\227E\030/\351\253^/\351\253_\n\000""; }; nodes {;   nodedata: ""\323C\344\327\264{\312-\017:\006{\177\344N\002\326bO\260\220\006\033\362\345\005U\221DzJ0\001\301\025%1L\307\t\261\262z\374\222T\301\274V\236\223\262\270Ct\362\337b\356\024*\324\320\351\317\002k\336\234\027v\351\217\260\303\360\233ZPZWr\246$w\313\313\r\243r\232\2234\373\3539:N\004Q\245\272D\312D\300\300\t\323\0257\345e\271\na\215{\226\255x%T\257\037\333\004\344_/R\006E\344\037@\210\363\010\336T\226\247'\204_{\261\370""1\235\2445\343\033Y!\212\201\341\272\225'\007$\326\324\037\357\234\037\364&\377\3672\247\231}\371V\326\205\371\215K\334\324\214\345\315\357<?6V\013\003""; }; requestCookie: 2; ","ledgerHash: ""j\262\235LC5\315,\2758.\025\251J\276\032\252\276\237\336w\275\306no\345t\317\355,\333\255""; ledgerSeq: 57; type: liBASE; nodes {;   nodedata: ""\000\000\0009\001cEx]\211\377\330\315\004\203\271\200\243u\010|\336\346\203L\367\300g\364H\302\267\0331\0265+\223\224\300\342tR\375\000\000\000\000\000\000\000\000\000\000\000\000\000\000\000\000\000\000\000\000\000\000\000\000\000\000\000\000\000\000\000\000\352It\r\324\355\300\241R\256Kj{\027\253s\322\241\242\202:M5Y\371v\356\014\273\227E\030/\351\253^/\351\253_\n\000""; }; nodes {;   nodedata: ""\323C\344\327\264{\312-\017:\006{\177\344N\002\326bO\260\220\006\033\362\345\005U\221DzJ0\001\301\025%1L\307\t\261\262z\374\222T\301\274V\236\223\262\270Ct\362\337b\356\024*\324\320\351\317\002k\336\234\027v\351\217\260\303\360\233ZPZWr\246$w\313\313\r\243r\232\2234\373\3539:N\004Q\245\272D\312D\300\300\t\323\0257\345e\271\na\215{\226\255x%T\257\037\333\004\344_/R\006E\344\037@\210\363\010\336T\226\247'\204_{\261\370""1\235\2445\343\033Y!\212\201\341\272\225'\007$\326\324\037\357\234\037\364&\377\3672\247\231}\371V\326\205\371\215K\334\324\214\345\315\357<?6V\013\003""; }; requestCookie: 2; "
1750527711528,1750527711528,0,1,3,2,TMLedgerData,"ledgerHash: ""j\262\235LC5\315,\2758.\025\251J\276\032\252\276\237\336w\275\306no\345t\317\355,\333\255""; ledgerSeq: 57; type: liAS_NODE; nodes {;   nodedata: ""\021\000h""\000\000\000\000 \033\000\000\0008\002\023\307_\330\356GuH\375\327!\255\371\r\231\262R\256J\034\222\241\355X\265E\241^W\225\304\014\361CX-}\351f\032\255\274\334m\326c\017\014ao[\342\230\003\245\245\3341Hm\326^\017jy\335\261\032Yt\320\244{g\0306\\302\303*\341\215\223\257\364\277o\375\000r\241SOq\221\253\262\005\017\375T\356\014\360o'\030\311-\267\031\257!\031T\006><\315XM\334\324\345\034\000\325\367\240\271\013\265\024\321\362\354\211\250.\234s\225amc\305\035\366\276\037nD\277`\210\223N\3535\033\261\304f\331]\036\237\306o!\223\221\002\324\031\262\240R\177 ,\214\325\Q])\016\2067\277\t\354\010\000\360\215\2502\265\245\310\226\243c\302Ze\306\253#r\020\211\320iG\276\020E\317\035Sf\223F\254\033@\177e\277\016\010u\327\371&\262\312\317Q\2361t\377x\234\001v\003%\030\325_\225g\204\346a=\225\273\331\354\365*U\363\263N\367b\371\244\314-w\363\262\225Z\200\206\235\233\257?sE\2674\254\326mU\377?\177Ek\336\030!\316Aa\225\303\022\377{\210Y\226\271as\354L\035\004\341\361\035\301\024\220m#*\372\032\3178~\374\250\014*\323\342'z69\220\327\256\351G\367\317u\302\207\270b\315\333\333\334\310I\323&\014\352XZnW2.\335\347\202\021\247\362\212e\034\000\001\250\220\305;a\314\265R\310\017\317\331\235\360\262\240:\277\202\266\354\265X""\022\nh\252\352w\204\203\023]\001f\352\277\0031Q]\362\370R\350{\261\202\240\344\215\201\353\276\322p5p\350\354\017>\250r\241c\273\016\301\024\363\242\247\263\231\370\344\nBW\220K\316@3\243\200\036wk\253GSlU\010\360\231>\331\263H\214\324\030A\225\301o\346pkSF\004\241\213w9\223=\250\262*+\255\351r\265\244c\024\213\t\007`\223\325#\3477\210\345P\306\013\320\252[\0216+\227=`\371P\314\346 V7\271[~\n\237\274|\347\352@K\253~&\260\032\024\004B\200\255h\351\013\361\031:nG\211\005|\2003\266\274\251,W\006u\344\335d\003\306\212\313,\340\350bG\n\030Z\2732-\246\312\255\030\003\235207\005}D\260\0261ah\322M\304\216\273m0\271\234\237\007<w$\265C\245\232\033\023\313c\321B\032l\301h\005\320\252\301\361(\330[\343\357\343{\235\n\266g\272>\177\317\347\261qb&\270&\346ju\200\363N\320\307\004\034\001n\317\361\2653\254\2503\247\305\372\316W\022O\253x\250\025\373\247\354Tc\304\263\243^\352Gv\\264\261\r\035\226\306\2411\351\233\203\215\200$\231\300f\220\371c@\017\254\363\\371\340\340VaR\205~^\226\342t\360\022\204d\231\205)\272\364?\361!\334\331\315\254\230\rBG\314\023\246\244=\351\177\254\302b&\276+H;0\312\021&\275\036\237\350R\313\206R\331\304k\323u\263t\221\213yC\241\217A\242\027g\322\241'\212.E?B_\316\327\217J +\370\t^b\005\020\003\211\373\247|hC\271Nmk~J\270EU\274\036-\347\240\312FA\321\341bca\253\025\321\311\317\021\375\317\217\n\272\033o\353G>\275\361H\265\240\232um""\317\324`\214\221\314\000\211K\223+(""\200i \311\372g\254\343ZR0\224\275q\252\357\213\263\206N\357&Q\217\267\303\356I\236\357\264\311b\037\366\035\253\343\311\265\240\327q\206f\262ODi\215-\363>\034\236l\273\005G\316F\217}[\036\007\270:\260\335\271B\241N\345\330\204\327f\361\272Kb\0377p\334\264\237\177~\330]\252+:\317u\302h\n\351\n\364\231\277R\371\356\033y\265v\360Ny\246\332qY\262\231\251\n\305\334\202\305\362\n\367@k\231\016R:\327\242\366\242\253LZY\223$Gw^\203\302\311\316I7\371tTwp}\005|\372\214\251{R`\230V\244-\326I\351\255\325i\335\377\321\353\327\331\302\023\347y\016\263\271\317\306\017UV\314qu?\0064A\315{3D\010\016S\212\2353k0\361\214ID\303g\277\010Y_\001~\021\333\370\255\374\\331\306\255\336)\365Rth\024\t\300.M\315\321S\257\224\252\362\326P\316\303%nX\3742\333\036\004Y\264yG^\234\177\214\305q\237\274G\300a4\275\240s\215\222\210\016\020G\344=-:GK\312\035\271\201\350\376F\260G\347\000\235\365P6pmH\033\373\212c\377o\232\356\320D\002\277,]os{\354/?\312e\006wda\001\023\375\316\025\254\321\244\370+Y`\220\270\254\2601E[FI\310\235<qI \356\032v%\001\230\016\203\200\251UD\347\304\373\034\211\340@\342\033\263\365\356\341\357\350\324\035J\032\177\230\207\220\303+\207\352g\317N\027>\222M\271m\033\236\021:\272\233r\373\233hC}\256\020\210\010\233\335\025[ d(\343\263\327\177\030\246\254H\277\254E\231\006\033_lB\210\264\334Y\322\314\362\320L\000Q\240\317\3502\006,|\364\004\275\034\006\337\370""\330\364\202\314\315\311?\030\260\361u)\336\202\265Y\177X\227$\245tCB\345\314d\231A\300\204\371KJ\036\321\330\014]""EN\266$]\331\226c\351\312\376z\254\214\206B\274&M\032\376v\266\3104u)\r\312\021\273\030jJH\215G4\367fQ;\255\3404\372\225\341L\224\242\200VY\220\355\020\353I\n\363\266\036\311\003OR\250""\032\230\021]+$\302\005\224\270\033E\r\312\315}\200\2505\216\221\301\341\035[\247\325\236M^\360a\267\356\267\247]\357\236\n\207}P\2654\026`\256u\276\r&\026K\315a\3337\216.\240\362\263\327]\372\325\037\006\345\236\265\343\337g\271\317\315\374\3357gX\036\024'\357<$\322\323$\375\346&^\361\0009\022`\210$\005\261rTx\343\226\224vC\2607.\025\213@~\312\227\000 o\232\016\376|a3\352&\324\337\230\212\265o\2035\250\303\2760\241\364^\002Z\031Z!\300\002\364\004\232\355\234\202\021\371_~\346\024\242\247\366\231\036\370\365\313\014\307\362i\210e\030\317\336e\256\245\026R\036\304S\352]~a\353k\036W\036\333\243\313y\256\236\230\270\325\233\373\001c\343\030e+OD\224O\347\364mD\216\220lA\251D\0246\305z\207\225\254\360\010\233K$\222\242w\316\025\202/\356\266\371/\256\354\300\373\252\344\245^L==\235\021\032V\220\341+U\353\274\372=u\225\337\321k\342\217\031\035&\261k*\315\004\203\271\200\243u\010|\336\346\203L\367\300g\364H\302\267\0331\0265+\223\224\300\342tR\375\264\227\2326\315\307\363\323\325\303\032N\256*\307\327 \235\332\207u\210\271\257\306g\231i*\260\326k\001"";   nodeid: ""\260\000\000\000\000\000\000\000\000\000\000\000\000\000\000\000\000\000\000\000\000\000\000\000\000\000\000\000\000\000\000\000\001""; }; ","ledgerHash: ""j\262\235LC5\315,\2758.\025\251J\276\032\252\276\237\336w\275\306no\345t\317\355,\333\255""; ledgerSeq: 57; type: liAS_NODE; nodes {;   nodedata: ""\021\000h""\000\000\000\000 \033\000\000\0008\002\023\307_\330\356GuH\375\327!\255\371\r\231\262R\256J\034\222\241\355X\265E\241^W\225\304\014\361CX-}\351f\032\255\274\334m\326c\017\014ao[\342\230\003\245\245\3341Hm\326^\017jy\335\261\032Yt\320\244{g\0306\\302\303*\341\215\223\257\364\277o\375\000r\241SOq\221\253\262\005\017\375T\356\014\360o'\030\311-\267\031\257!\031T\006><\315XM\334\324\345\034\000\325\367\240\271\013\265\024\321\362\354\211\250.\234s\225amc\305\035\366\276\037nD\277`\210\223N\3535\033\261\304f\331]\036\237\306o!\223\221\002\324\031\262\240R\177 ,\214\325\Q])\016\2067\277\t\354\010\000\360\215\2502\265\245\310\226\243c\302Ze\306\253#r\020\211\320iG\276\020E\317\035Sf\223F\254\033@\177e\277\016\010u\327\371&\262\312\317Q\2361t\377x\234\001v\003%\030\325_\225g\204\346a=\225\273\331\354\365*U\363\263N\367b\371\244\314-w\363\262\225Z\200\206\235\233\257?sE\2674\254\326mU\377?\177Ek\336\030!\316Aa\225\303\022\377{\210Y\226\271as\354L\035\004\341\361\035\301\024\220m#*\372\032\3178~\374\250\014*\323\342'z69\220\327\256\351G\367\317u\302\207\270b\315\333\333\334\310I\323&\014\352XZnW2.\335\347\202\021\247\362\212e\034\000\001\250\220\305;a\314\265R\310\017\317\331\235\360\262\240:\277\202\266\354\265X""\022\nh\252\352w\204\203\023]\001f\352\277\0031Q]\362\370R\350{\261\202\240\344\215\201\353\276\322p5p\350\354\017>\250r\241c\273\016\301\024\363\242\247\263\231\370\344\nBW\220K\316@3\243\200\036wk\253GSlU\010\360\231>\331\263H\214\324\030A\225\301o\346pkSF\004\241\213w9\223=\250\262*+\255\351r\265\244c\024\213\t\007`\223\325#\3477\210\345P\306\013\320\252[\0216+\227=`\371P\314\346 V7\271[~\n\237\274|\347\352@K\253~&\260\032\024\004B\200\255h\351\013\361\031:nG\211\005|\2003\266\274\251,W\006u\344\335d\003\306\212\313,\340\350bG\n\030Z\2732-\246\312\255\030\003\235207\005}D\260\0261ah\322M\304\216\273m0\271\234\237\007<w$\265C\245\232\033\023\313c\321B\032l\301h\005\320\252\301\361(\330[\343\357\343{\235\n\266g\272>\177\317\347\261qb&\270&\346ju\200\363N\320\307\004\034\001n\317\361\2653\254\2503\247\305\372\316W\022O\253x\250\025\373\247\354Tc\304\263\243^\352Gv\\264\261\r\035\226\306\2411\351\233\203\215\200$\231\300f\220\371c@\017\254\363\\371\340\340VaR\205~^\226\342t\360\022\204d\231\205)\272\364?\361!\334\331\315\254\230\rBG\314\023\246\244=\351\177\254\302b&\276+H;0\312\021&\275\036\237\350R\313\206R\331\304k\323u\263t\221\213yC\241\217A\242\027g\322\241'\212.E?B_\316\327\217J +\370\t^b\005\020\003\211\373\247|hC\271Nmk~J\270EU\274\036-\347\240\312FA\321\341bca\253\025\321\311\317\021\375\317\217\n\272\033o\353G>\275\361H\265\240\232um""\317\324`\214\221\314\000\211K\223+(""\200i \311\372g\254\343ZR0\224\275q\252\357\213\263\206N\357&Q\217\267\303\356I\236\357\264\311b\037\366\035\253\343\311\265\240\327q\206f\262ODi\215-\363>\034\236l\273\005G\316F\217}[\036\007\270:\260\335\271B\241N\345\330\204\327f\361\272Kb\0377p\334\264\237\177~\330]\252+:\317u\302h\n\351\n\364\231\277R\371\356\033y\265v\360Ny\246\332qY\262\231\251\n\305\334\202\305\362\n\367@k\231\016R:\327\242\366\242\253LZY\223$Gw^\203\302\311\316I7\371tTwp}\005|\372\214\251{R`\230V\244-\326I\351\255\325i\335\377\321\353\327\331\302\023\347y\016\263\271\317\306\017UV\314qu?\0064A\315{3D\010\016S\212\2353k0\361\214ID\303g\277\010Y_\001~\021\333\370\255\374\\331\306\255\336)\365Rth\024\t\300.M\315\321S\257\224\252\362\326P\316\303%nX\3742\333\036\004Y\264yG^\234\177\214\305q\237\274G\300a4\275\240s\215\222\210\016\020G\344=-:GK\312\035\271\201\350\376F\260G\347\000\235\365P6pmH\033\373\212c\377o\232\356\320D\002\277,]os{\354/?\312e\006wda\001\023\375\316\025\254\321\244\370+Y`\220\270\254\2601E[FI\310\235<qI \356\032v%\001\230\016\203\200\251UD\347\304\373\034\211\340@\342\033\263\365\356\341\357\350\324\035J\032\177\230\207\220\303+\207\352g\317N\027>\222M\271m\033\236\021:\272\233r\373\233hC}\256\020\210\010\233\335\025[ d(\343\263\327\177\030\246\254H\277\254E\231\006\033_lB\210\264\334Y\322\314\362\320L\000Q\240\317\3502\006,|\364\004\275\034\006\337\370""\330\364\202\314\315\311?\030\260\361u)\336\202\265Y\177X\227$\245tCB\345\314d\231A\300\204\371KJ\036\321\330\014]""EN\266$]\331\226c\351\312\376z\254\214\206B\274&M\032\376v\266\3104u)\r\312\021\273\030jJH\215G4\367fQ;\255\3404\372\225\341L\224\242\200VY\220\355\020\353I\n\363\266\036\311\003OR\250""\032\230\021]+$\302\005\224\270\033E\r\312\315}\200\2505\216\221\301\341\035[\247\325\236M^\360a\267\356\267\247]\357\236\n\207}P\2654\026`\256u\276\r&\026K\315a\3337\216.\240\362\263\327]\372\325\037\006\345\236\265\343\337g\271\317\315\374\3357gX\036\024'\357<$\322\323$\375\346&^\361\0009\022`\210$\005\261rTx\343\226\224vC\2607.\025\213@~\312\227\000 o\232\016\376|a3\352&\324\337\230\212\265o\2035\250\303\2760\241\364^\002Z\031Z!\300\002\364\004\232\355\234\202\021\371_~\346\024\242\247\366\231\036\370\365\313\014\307\362i\210e\030\317\336e\256\245\026R\036\304S\352]~a\353k\036W\036\333\243\313y\256\236\230\270\325\233\373\001c\343\030e+OD\224O\347\364mD\216\220lA\251D\0246\305z\207\225\254\360\010\233K$\222\242w\316\025\202/\356\266\371/\256\354\300\373\252\344\245^L==\235\021\032V\220\341+U\353\274\372=u\225\337\321k\342\217\031\035&\261k*\315\004\203\271\200\243u\010|\336\346\203L\367\300g\364H\302\267\0331\0265+\223\224\300\342tR\375\264\227\2326\315\307\363\323\325\303\032N\256*\307\327 \235\332\207u\210\271\257\306g\231i*\260\326k\001"";   nodeid: ""\260\000\000\000\000\000\000\000\000\000\000\000\000\000\000\000\000\000\000\000\000\000\000\000\000\000\000\000\000\000\000\000\001""; }; "
1750527711529,1750527711529,0,1,0,4,TMLedgerData,"ledgerHash: ""j\262\235LC5\315,\2758.\025\251J\276\032\252\276\237\336w\275\306no\345t\317\355,\333\255""; ledgerSeq: 57; type: liBASE; nodes {;   nodedata: ""\000\000\0009\001cEx]\211\377\330\315\004\203\271\200\243u\010|\336\346\203L\367\300g\364H\302\267\0331\0265+\223\224\300\342tR\375\000\000\000\000\000\000\000\000\000\000\000\000\000\000\000\000\000\000\000\000\000\000\000\000\000\000\000\000\000\000\000\000\352It\r\324\355\300\241R\256Kj{\027\253s\322\241\242\202:M5Y\371v\356\014\273\227E\030/\351\253^/\351\253_\n\000""; }; nodes {;   nodedata: ""\323C\344\327\264{\312-\017:\006{\177\344N\002\326bO\260\220\006\033\362\345\005U\221DzJ0\001\301\025%1L\307\t\261\262z\374\222T\301\274V\236\223\262\270Ct\362\337b\356\024*\324\320\351\317\002k\336\234\027v\351\217\260\303\360\233ZPZWr\246$w\313\313\r\243r\232\2234\373\3539:N\004Q\245\272D\312D\300\300\t\323\0257\345e\271\na\215{\226\255x%T\257\037\333\004\344_/R\006E\344\037@\210\363\010\336T\226\247'\204_{\261\370""1\235\2445\343\033Y!\212\201\341\272\225'\007$\326\324\037\357\234\037\364&\377\3672\247\231}\371V\326\205\371\215K\334\324\214\345\315\357<?6V\013\003""; }; ","ledgerHash: ""j\262\235LC5\315,\2758.\025\251J\276\032\252\276\237\336w\275\306no\345t\317\355,\333\255""; ledgerSeq: 57; type: liBASE; nodes {;   nodedata: ""\000\000\0009\001cEx]\211\377\330\315\004\203\271\200\243u\010|\336\346\203L\367\300g\364H\302\267\0331\0265+\223\224\300\342tR\375\000\000\000\000\000\000\000\000\000\000\000\000\000\000\000\000\000\000\000\000\000\000\000\000\000\000\000\000\000\000\000\000\352It\r\324\355\300\241R\256Kj{\027\253s\322\241\242\202:M5Y\371v\356\014\273\227E\030/\351\253^/\351\253_\n\000""; }; nodes {;   nodedata: ""\323C\344\327\264{\312-\017:\006{\177\344N\002\326bO\260\220\006\033\362\345\005U\221DzJ0\001\301\025%1L\307\t\261\262z\374\222T\301\274V\236\223\262\270Ct\362\337b\356\024*\324\320\351\317\002k\336\234\027v\351\217\260\303\360\233ZPZWr\246$w\313\313\r\243r\232\2234\373\3539:N\004Q\245\272D\312D\300\300\t\323\0257\345e\271\na\215{\226\255x%T\257\037\333\004\344_/R\006E\344\037@\210\363\010\336T\226\247'\204_{\261\370""1\235\2445\343\033Y!\212\201\341\272\225'\007$\326\324\037\357\234\037\364&\377\3672\247\231}\371V\326\205\371\215K\334\324\214\345\315\357<?6V\013\003""; }; "
1750527711529,1750527711530,0,1,3,1,TMLedgerData,"ledgerHash: ""j\262\235LC5\315,\2758.\025\251J\276\032\252\276\237\336w\275\306no\345t\317\355,\333\255""; ledgerSeq: 57; type: liBASE; nodes {;   nodedata: ""\000\000\0009\001cEx]\211\377\330\315\004\203\271\200\243u\010|\336\346\203L\367\300g\364H\302\267\0331\0265+\223\224\300\342tR\375\000\000\000\000\000\000\000\000\000\000\000\000\000\000\000\000\000\000\000\000\000\000\000\000\000\000\000\000\000\000\000\000\352It\r\324\355\300\241R\256Kj{\027\253s\322\241\242\202:M5Y\371v\356\014\273\227E\030/\351\253^/\351\253_\n\000""; }; nodes {;   nodedata: ""\323C\344\327\264{\312-\017:\006{\177\344N\002\326bO\260\220\006\033\362\345\005U\221DzJ0\001\301\025%1L\307\t\261\262z\374\222T\301\274V\236\223\262\270Ct\362\337b\356\024*\324\320\351\317\002k\336\234\027v\351\217\260\303\360\233ZPZWr\246$w\313\313\r\243r\232\2234\373\3539:N\004Q\245\272D\312D\300\300\t\323\0257\345e\271\na\215{\226\255x%T\257\037\333\004\344_/R\006E\344\037@\210\363\010\336T\226\247'\204_{\261\370""1\235\2445\343\033Y!\212\201\341\272\225'\007$\326\324\037\357\234\037\364&\377\3672\247\231}\371V\326\205\371\215K\334\324\214\345\315\357<?6V\013\003""; }; requestCookie: 2; ","ledgerHash: ""j\262\235LC5\315,\2758.\025\251J\276\032\252\276\237\336w\275\306no\345t\317\355,\333\255""; ledgerSeq: 57; type: liBASE; nodes {;   nodedata: ""\000\000\0009\001cEx]\211\377\330\315\004\203\271\200\243u\010|\336\346\203L\367\300g\364H\302\267\0331\0265+\223\224\300\342tR\375\000\000\000\000\000\000\000\000\000\000\000\000\000\000\000\000\000\000\000\000\000\000\000\000\000\000\000\000\000\000\000\000\352It\r\324\355\300\241R\256Kj{\027\253s\322\241\242\202:M5Y\371v\356\014\273\227E\030/\351\253^/\351\253_\n\000""; }; nodes {;   nodedata: ""\323C\344\327\264{\312-\017:\006{\177\344N\002\326bO\260\220\006\033\362\345\005U\221DzJ0\001\301\025%1L\307\t\261\262z\374\222T\301\274V\236\223\262\270Ct\362\337b\356\024*\324\320\351\317\002k\336\234\027v\351\217\260\303\360\233ZPZWr\246$w\313\313\r\243r\232\2234\373\3539:N\004Q\245\272D\312D\300\300\t\323\0257\345e\271\na\215{\226\255x%T\257\037\333\004\344_/R\006E\344\037@\210\363\010\336T\226\247'\204_{\261\370""1\235\2445\343\033Y!\212\201\341\272\225'\007$\326\324\037\357\234\037\364&\377\3672\247\231}\371V\326\205\371\215K\334\324\214\345\315\357<?6V\013\003""; }; requestCookie: 2; "
1750527711530,1750527711530,0,1,2,4,TMLedgerData,"ledgerHash: ""j\262\235LC5\315,\2758.\025\251J\276\032\252\276\237\336w\275\306no\345t\317\355,\333\255""; ledgerSeq: 57; type: liBASE; nodes {;   nodedata: ""\000\000\0009\001cEx]\211\377\330\315\004\203\271\200\243u\010|\336\346\203L\367\300g\364H\302\267\0331\0265+\223\224\300\342tR\375\000\000\000\000\000\000\000\000\000\000\000\000\000\000\000\000\000\000\000\000\000\000\000\000\000\000\000\000\000\000\000\000\352It\r\324\355\300\241R\256Kj{\027\253s\322\241\242\202:M5Y\371v\356\014\273\227E\030/\351\253^/\351\253_\n\000""; }; nodes {;   nodedata: ""\323C\344\327\264{\312-\017:\006{\177\344N\002\326bO\260\220\006\033\362\345\005U\221DzJ0\001\301\025%1L\307\t\261\262z\374\222T\301\274V\236\223\262\270Ct\362\337b\356\024*\324\320\351\317\002k\336\234\027v\351\217\260\303\360\233ZPZWr\246$w\313\313\r\243r\232\2234\373\3539:N\004Q\245\272D\312D\300\300\t\323\0257\345e\271\na\215{\226\255x%T\257\037\333\004\344_/R\006E\344\037@\210\363\010\336T\226\247'\204_{\261\370""1\235\2445\343\033Y!\212\201\341\272\225'\007$\326\324\037\357\234\037\364&\377\3672\247\231}\371V\326\205\371\215K\334\324\214\345\315\357<?6V\013\003""; }; ","ledgerHash: ""j\262\235LC5\315,\2758.\025\251J\276\032\252\276\237\336w\275\306no\345t\317\355,\333\255""; ledgerSeq: 57; type: liBASE; nodes {;   nodedata: ""\000\000\0009\001cEx]\211\377\330\315\004\203\271\200\243u\010|\336\346\203L\367\300g\364H\302\267\0331\0265+\223\224\300\342tR\375\000\000\000\000\000\000\000\000\000\000\000\000\000\000\000\000\000\000\000\000\000\000\000\000\000\000\000\000\000\000\000\000\352It\r\324\355\300\241R\256Kj{\027\253s\322\241\242\202:M5Y\371v\356\014\273\227E\030/\351\253^/\351\253_\n\000""; }; nodes {;   nodedata: ""\323C\344\327\264{\312-\017:\006{\177\344N\002\326bO\260\220\006\033\362\345\005U\221DzJ0\001\301\025%1L\307\t\261\262z\374\222T\301\274V\236\223\262\270Ct\362\337b\356\024*\324\320\351\317\002k\336\234\027v\351\217\260\303\360\233ZPZWr\246$w\313\313\r\243r\232\2234\373\3539:N\004Q\245\272D\312D\300\300\t\323\0257\345e\271\na\215{\226\255x%T\257\037\333\004\344_/R\006E\344\037@\210\363\010\336T\226\247'\204_{\261\370""1\235\2445\343\033Y!\212\201\341\272\225'\007$\326\324\037\357\234\037\364&\377\3672\247\231}\371V\326\205\371\215K\334\324\214\345\315\357<?6V\013\003""; }; "
1750527711530,1750527711530,0,1,3,1,TMLedgerData,"ledgerHash: ""j\262\235LC5\315,\2758.\025\251J\276\032\252\276\237\336w\275\306no\345t\317\355,\333\255""; ledgerSeq: 57; type: liBASE; nodes {;   nodedata: ""\000\000\0009\001cEx]\211\377\330\315\004\203\271\200\243u\010|\336\346\203L\367\300g\364H\302\267\0331\0265+\223\224\300\342tR\375\000\000\000\000\000\000\000\000\000\000\000\000\000\000\000\000\000\000\000\000\000\000\000\000\000\000\000\000\000\000\000\000\352It\r\324\355\300\241R\256Kj{\027\253s\322\241\242\202:M5Y\371v\356\014\273\227E\030/\351\253^/\351\253_\n\000""; }; nodes {;   nodedata: ""\323C\344\327\264{\312-\017:\006{\177\344N\002\326bO\260\220\006\033\362\345\005U\221DzJ0\001\301\025%1L\307\t\261\262z\374\222T\301\274V\236\223\262\270Ct\362\337b\356\024*\324\320\351\317\002k\336\234\027v\351\217\260\303\360\233ZPZWr\246$w\313\313\r\243r\232\2234\373\3539:N\004Q\245\272D\312D\300\300\t\323\0257\345e\271\na\215{\226\255x%T\257\037\333\004\344_/R\006E\344\037@\210\363\010\336T\226\247'\204_{\261\370""1\235\2445\343\033Y!\212\201\341\272\225'\007$\326\324\037\357\234\037\364&\377\3672\247\231}\371V\326\205\371\215K\334\324\214\345\315\357<?6V\013\003""; }; requestCookie: 5; ","ledgerHash: ""j\262\235LC5\315,\2758.\025\251J\276\032\252\276\237\336w\275\306no\345t\317\355,\333\255""; ledgerSeq: 57; type: liBASE; nodes {;   nodedata: ""\000\000\0009\001cEx]\211\377\330\315\004\203\271\200\243u\010|\336\346\203L\367\300g\364H\302\267\0331\0265+\223\224\300\342tR\375\000\000\000\000\000\000\000\000\000\000\000\000\000\000\000\000\000\000\000\000\000\000\000\000\000\000\000\000\000\000\000\000\352It\r\324\355\300\241R\256Kj{\027\253s\322\241\242\202:M5Y\371v\356\014\273\227E\030/\351\253^/\351\253_\n\000""; }; nodes {;   nodedata: ""\323C\344\327\264{\312-\017:\006{\177\344N\002\326bO\260\220\006\033\362\345\005U\221DzJ0\001\301\025%1L\307\t\261\262z\374\222T\301\274V\236\223\262\270Ct\362\337b\356\024*\324\320\351\317\002k\336\234\027v\351\217\260\303\360\233ZPZWr\246$w\313\313\r\243r\232\2234\373\3539:N\004Q\245\272D\312D\300\300\t\323\0257\345e\271\na\215{\226\255x%T\257\037\333\004\344_/R\006E\344\037@\210\363\010\336T\226\247'\204_{\261\370""1\235\2445\343\033Y!\212\201\341\272\225'\007$\326\324\037\357\234\037\364&\377\3672\247\231}\371V\326\205\371\215K\334\324\214\345\315\357<?6V\013\003""; }; requestCookie: 5; "
1750527711531,1750527711531,0,1,0,2,TMLedgerData,"ledgerHash: ""j\262\235LC5\315,\2758.\025\251J\276\032\252\276\237\336w\275\306no\345t\317\355,\333\255""; ledgerSeq: 57; type: liBASE; nodes {;   nodedata: ""\000\000\0009\001cEx]\211\377\330\315\004\203\271\200\243u\010|\336\346\203L\367\300g\364H\302\267\0331\0265+\223\224\300\342tR\375\000\000\000\000\000\000\000\000\000\000\000\000\000\000\000\000\000\000\000\000\000\000\000\000\000\000\000\000\000\000\000\000\352It\r\324\355\300\241R\256Kj{\027\253s\322\241\242\202:M5Y\371v\356\014\273\227E\030/\351\253^/\351\253_\n\000""; }; nodes {;   nodedata: ""\323C\344\327\264{\312-\017:\006{\177\344N\002\326bO\260\220\006\033\362\345\005U\221DzJ0\001\301\025%1L\307\t\261\262z\374\222T\301\274V\236\223\262\270Ct\362\337b\356\024*\324\320\351\317\002k\336\234\027v\351\217\260\303\360\233ZPZWr\246$w\313\313\r\243r\232\2234\373\3539:N\004Q\245\272D\312D\300\300\t\323\0257\345e\271\na\215{\226\255x%T\257\037\333\004\344_/R\006E\344\037@\210\363\010\336T\226\247'\204_{\261\370""1\235\2445\343\033Y!\212\201\341\272\225'\007$\326\324\037\357\234\037\364&\377\3672\247\231}\371V\326\205\371\215K\334\324\214\345\315\357<?6V\013\003""; }; ","ledgerHash: ""j\262\235LC5\315,\2758.\025\251J\276\032\252\276\237\336w\275\306no\345t\317\355,\333\255""; ledgerSeq: 57; type: liBASE; nodes {;   nodedata: ""\000\000\0009\001cEx]\211\377\330\315\004\203\271\200\243u\010|\336\346\203L\367\300g\364H\302\267\0331\0265+\223\224\300\342tR\375\000\000\000\000\000\000\000\000\000\000\000\000\000\000\000\000\000\000\000\000\000\000\000\000\000\000\000\000\000\000\000\000\352It\r\324\355\300\241R\256Kj{\027\253s\322\241\242\202:M5Y\371v\356\014\273\227E\030/\351\253^/\351\253_\n\000""; }; nodes {;   nodedata: ""\323C\344\327\264{\312-\017:\006{\177\344N\002\326bO\260\220\006\033\362\345\005U\221DzJ0\001\301\025%1L\307\t\261\262z\374\222T\301\274V\236\223\262\270Ct\362\337b\356\024*\324\320\351\317\002k\336\234\027v\351\217\260\303\360\233ZPZWr\246$w\313\313\r\243r\232\2234\373\3539:N\004Q\245\272D\312D\300\300\t\323\0257\345e\271\na\215{\226\255x%T\257\037\333\004\344_/R\006E\344\037@\210\363\010\336T\226\247'\204_{\261\370""1\235\2445\343\033Y!\212\201\341\272\225'\007$\326\324\037\357\234\037\364&\377\3672\247\231}\371V\326\205\371\215K\334\324\214\345\315\357<?6V\013\003""; }; "
1750527711532,1750527711532,0,1,3,2,TMLedgerData,"ledgerHash: ""j\262\235LC5\315,\2758.\025\251J\276\032\252\276\237\336w\275\306no\345t\317\355,\333\255""; ledgerSeq: 57; type: liBASE; nodes {;   nodedata: ""\000\000\0009\001cEx]\211\377\330\315\004\203\271\200\243u\010|\336\346\203L\367\300g\364H\302\267\0331\0265+\223\224\300\342tR\375\000\000\000\000\000\000\000\000\000\000\000\000\000\000\000\000\000\000\000\000\000\000\000\000\000\000\000\000\000\000\000\000\352It\r\324\355\300\241R\256Kj{\027\253s\322\241\242\202:M5Y\371v\356\014\273\227E\030/\351\253^/\351\253_\n\000""; }; nodes {;   nodedata: ""\323C\344\327\264{\312-\017:\006{\177\344N\002\326bO\260\220\006\033\362\345\005U\221DzJ0\001\301\025%1L\307\t\261\262z\374\222T\301\274V\236\223\262\270Ct\362\337b\356\024*\324\320\351\317\002k\336\234\027v\351\217\260\303\360\233ZPZWr\246$w\313\313\r\243r\232\2234\373\3539:N\004Q\245\272D\312D\300\300\t\323\0257\345e\271\na\215{\226\255x%T\257\037\333\004\344_/R\006E\344\037@\210\363\010\336T\226\247'\204_{\261\370""1\235\2445\343\033Y!\212\201\341\272\225'\007$\326\324\037\357\234\037\364&\377\3672\247\231}\371V\326\205\371\215K\334\324\214\345\315\357<?6V\013\003""; }; requestCookie: 2; ","ledgerHash: ""j\262\235LC5\315,\2758.\025\251J\276\032\252\276\237\336w\275\306no\345t\317\355,\333\255""; ledgerSeq: 57; type: liBASE; nodes {;   nodedata: ""\000\000\0009\001cEx]\211\377\330\315\004\203\271\200\243u\010|\336\346\203L\367\300g\364H\302\267\0331\0265+\223\224\300\342tR\375\000\000\000\000\000\000\000\000\000\000\000\000\000\000\000\000\000\000\000\000\000\000\000\000\000\000\000\000\000\000\000\000\352It\r\324\355\300\241R\256Kj{\027\253s\322\241\242\202:M5Y\371v\356\014\273\227E\030/\351\253^/\351\253_\n\000""; }; nodes {;   nodedata: ""\323C\344\327\264{\312-\017:\006{\177\344N\002\326bO\260\220\006\033\362\345\005U\221DzJ0\001\301\025%1L\307\t\261\262z\374\222T\301\274V\236\223\262\270Ct\362\337b\356\024*\324\320\351\317\002k\336\234\027v\351\217\260\303\360\233ZPZWr\246$w\313\313\r\243r\232\2234\373\3539:N\004Q\245\272D\312D\300\300\t\323\0257\345e\271\na\215{\226\255x%T\257\037\333\004\344_/R\006E\344\037@\210\363\010\336T\226\247'\204_{\261\370""1\235\2445\343\033Y!\212\201\341\272\225'\007$\326\324\037\357\234\037\364&\377\3672\247\231}\371V\326\205\371\215K\334\324\214\345\315\357<?6V\013\003""; }; requestCookie: 2; "
1750527711532,1750527711533,0,1,3,4,TMLedgerData,"ledgerHash: ""j\262\235LC5\315,\2758.\025\251J\276\032\252\276\237\336w\275\306no\345t\317\355,\333\255""; ledgerSeq: 57; type: liAS_NODE; nodes {;   nodedata: ""\021\000h""\000\000\000\000 \033\000\000\0008\002\023\307_\330\356GuH\375\327!\255\371\r\231\262R\256J\034\222\241\355X\265E\241^W\225\304\014\361CX-}\351f\032\255\274\334m\326c\017\014ao[\342\230\003\245\245\3341Hm\326^\017jy\335\261\032Yt\320\244{g\0306\\302\303*\341\215\223\257\364\277o\375\000r\241SOq\221\253\262\005\017\375T\356\014\360o'\030\311-\267\031\257!\031T\006><\315XM\334\324\345\034\000\325\367\240\271\013\265\024\321\362\354\211\250.\234s\225amc\305\035\366\276\037nD\277`\210\223N\3535\033\261\304f\331]\036\237\306o!\223\221\002\324\031\262\240R\177 ,\214\325\Q])\016\2067\277\t\354\010\000\360\215\2502\265\245\310\226\243c\302Ze\306\253#r\020\211\320iG\276\020E\317\035Sf\223F\254\033@\177e\277\016\010u\327\371&\262\312\317Q\2361t\377x\234\001v\003%\030\325_\225g\204\346a=\225\273\331\354\365*U\363\263N\367b\371\244\314-w\363\262\225Z\200\206\235\233\257?sE\2674\254\326mU\377?\177Ek\336\030!\316Aa\225\303\022\377{\210Y\226\271as\354L\035\004\341\361\035\301\024\220m#*\372\032\3178~\374\250\014*\323\342'z69\220\327\256\351G\367\317u\302\207\270b\315\333\333\334\310I\323&\014\352XZnW2.\335\347\202\021\247\362\212e\034\000\001\250\220\305;a\314\265R\310\017\317\331\235\360\262\240:\277\202\266\354\265X""\022\nh\252\352w\204\203\023]\001f\352\277\0031Q]\362\370R\350{\261\202\240\344\215\201\353\276\322p5p\350\354\017>\250r\241c\273\016\301\024\363\242\247\263\231\370\344\nBW\220K\316@3\243\200\036wk\253GSlU\010\360\231>\331\263H\214\324\030A\225\301o\346pkSF\004\241\213w9\223=\250\262*+\255\351r\265\244c\024\213\t\007`\223\325#\3477\210\345P\306\013\320\252[\0216+\227=`\371P\314\346 V7\271[~\n\237\274|\347\352@K\253~&\260\032\024\004B\200\255h\351\013\361\031:nG\211\005|\2003\266\274\251,W\006u\344\335d\003\306\212\313,\340\350bG\n\030Z\2732-\246\312\255\030\003\235207\005}D\260\0261ah\322M\304\216\273m0\271\234\237\007<w$\265C\245\232\033\023\313c\321B\032l\301h\005\320\252\301\361(\330[\343\357\343{\235\n\266g\272>\177\317\347\261qb&\270&\346ju\200\363N\320\307\004\034\001n\317\361\2653\254\2503\247\305\372\316W\022O\253x\250\025\373\247\354Tc\304\263\243^\352Gv\\264\261\r\035\226\306\2411\351\233\203\215\200$\231\300f\220\371c@\017\254\363\\371\340\340VaR\205~^\226\342t\360\022\204d\231\205)\272\364?\361!\334\331\315\254\230\rBG\314\023\246\244=\351\177\254\302b&\276+H;0\312\021&\275\036\237\350R\313\206R\331\304k\323u\263t\221\213yC\241\217A\242\027g\322\241'\212.E?B_\316\327\217J +\370\t^b\005\020\003\211\373\247|hC\271Nmk~J\270EU\274\036-\347\240\312FA\321\341bca\253\025\321\311\317\021\375\317\217\n\272\033o\353G>\275\361H\265\240\232um""\317\324`\214\221\314\000\211K\223+(""\200i \311\372g\254\343ZR0\224\275q\252\357\213\263\206N\357&Q\217\267\303\356I\236\357\264\311b\037\366\035\253\343\311\265\240\327q\206f\262ODi\215-\363>\034\236l\273\005G\316F\217}[\036\007\270:\260\335\271B\241N\345\330\204\327f\361\272Kb\0377p\334\264\237\177~\330]\252+:\317u\302h\n\351\n\364\231\277R\371\356\033y\265v\360Ny\246\332qY\262\231\251\n\305\334\202\305\362\n\367@k\231\016R:\327\242\366\242\253LZY\223$Gw^\203\302\311\316I7\371tTwp}\005|\372\214\251{R`\230V\244-\326I\351\255\325i\335\377\321\353\327\331\302\023\347y\016\263\271\317\306\017UV\314qu?\0064A\315{3D\010\016S\212\2353k0\361\214ID\303g\277\010Y_\001~\021\333\370\255\374\\331\306\255\336)\365Rth\024\t\300.M\315\321S\257\224\252\362\326P\316\303%nX\3742\333\036\004Y\264yG^\234\177\214\305q\237\274G\300a4\275\240s\215\222\210\016\020G\344=-:GK\312\035\271\201\350\376F\260G\347\000\235\365P6pmH\033\373\212c\377o\232\356\320D\002\277,]os{\354/?\312e\006wda\001\023\375\316\025\254\321\244\370+Y`\220\270\254\2601E[FI\310\235<qI \356\032v%\001\230\016\203\200\251UD\347\304\373\034\211\340@\342\033\263\365\356\341\357\350\324\035J\032\177\230\207\220\303+\207\352g\317N\027>\222M\271m\033\236\021:\272\233r\373\233hC}\256\020\210\010\233\335\025[ d(\343\263\327\177\030\246\254H\277\254E\231\006\033_lB\210\264\334Y\322\314\362\320L\000Q\240\317\3502\006,|\364\004\275\034\006\337\370""\330\364\202\314\315\311?\030\260\361u)\336\202\265Y\177X\227$\245tCB\345\314d\231A\300\204\371KJ\036\321\330\014]""EN\266$]\331\226c\351\312\376z\254\214\206B\274&M\032\376v\266\3104u)\r\312\021\273\030jJH\215G4\367fQ;\255\3404\372\225\341L\224\242\200VY\220\355\020\353I\n\363\266\036\311\003OR\250""\032\230\021]+$\302\005\224\270\033E\r\312\315}\200\2505\216\221\301\341\035[\247\325\236M^\360a\267\356\267\247]\357\236\n\207}P\2654\026`\256u\276\r&\026K\315a\3337\216.\240\362\263\327]\372\325\037\006\345\236\265\343\337g\271\317\315\374\3357gX\036\024'\357<$\322\323$\375\346&^\361\0009\022`\210$\005\261rTx\343\226\224vC\2607.\025\213@~\312\227\000 o\232\016\376|a3\352&\324\337\230\212\265o\2035\250\303\2760\241\364^\002Z\031Z!\300\002\364\004\232\355\234\202\021\371_~\346\024\242\247\366\231\036\370\365\313\014\307\362i\210e\030\317\336e\256\245\026R\036\304S\352]~a\353k\036W\036\333\243\313y\256\236\230\270\325\233\373\001c\343\030e+OD\224O\347\364mD\216\220lA\251D\0246\305z\207\225\254\360\010\233K$\222\242w\316\025\202/\356\266\371/\256\354\300\373\252\344\245^L==\235\021\032V\220\341+U\353\274\372=u\225\337\321k\342\217\031\035&\261k*\315\004\203\271\200\243u\010|\336\346\203L\367\300g\364H\302\267\0331\0265+\223\224\300\342tR\375\264\227\2326\315\307\363\323\325\303\032N\256*\307\327 \235\332\207u\210\271\257\306g\231i*\260\326k\001"";   nodeid: ""\260\000\000\000\000\000\000\000\000\000\000\000\000\000\000\000\000\000\000\000\000\000\000\000\000\000\000\000\000\000\000\000\001""; }; ","ledgerHash: ""j\262\235LC5\315,\2758.\025\251J\276\032\252\276\237\336w\275\306no\345t\317\355,\333\255""; ledgerSeq: 57; type: liAS_NODE; nodes {;   nodedata: ""\021\000h""\000\000\000\000 \033\000\000\0008\002\023\307_\330\356GuH\375\327!\255\371\r\231\262R\256J\034\222\241\355X\265E\241^W\225\304\014\361CX-}\351f\032\255\274\334m\326c\017\014ao[\342\230\003\245\245\3341Hm\326^\017jy\335\261\032Yt\320\244{g\0306\\302\303*\341\215\223\257\364\277o\375\000r\241SOq\221\253\262\005\017\375T\356\014\360o'\030\311-\267\031\257!\031T\006><\315XM\334\324\345\034\000\325\367\240\271\013\265\024\321\362\354\211\250.\234s\225amc\305\035\366\276\037nD\277`\210\223N\3535\033\261\304f\331]\036\237\306o!\223\221\002\324\031\262\240R\177 ,\214\325\Q])\016\2067\277\t\354\010\000\360\215\2502\265\245\310\226\243c\302Ze\306\253#r\020\211\320iG\276\020E\317\035Sf\223F\254\033@\177e\277\016\010u\327\371&\262\312\317Q\2361t\377x\234\001v\003%\030\325_\225g\204\346a=\225\273\331\354\365*U\363\263N\367b\371\244\314-w\363\262\225Z\200\206\235\233\257?sE\2674\254\326mU\377?\177Ek\336\030!\316Aa\225\303\022\377{\210Y\226\271as\354L\035\004\341\361\035\301\024\220m#*\372\032\3178~\374\250\014*\323\342'z69\220\327\256\351G\367\317u\302\207\270b\315\333\333\334\310I\323&\014\352XZnW2.\335\347\202\021\247\362\212e\034\000\001\250\220\305;a\314\265R\310\017\317\331\235\360\262\240:\277\202\266\354\265X""\022\nh\252\352w\204\203\023]\001f\352\277\0031Q]\362\370R\350{\261\202\240\344\215\201\353\276\322p5p\350\354\017>\250r\241c\273\016\301\024\363\242\247\263\231\370\344\nBW\220K\316@3\243\200\036wk\253GSlU\010\360\231>\331\263H\214\324\030A\225\301o\346pkSF\004\241\213w9\223=\250\262*+\255\351r\265\244c\024\213\t\007`\223\325#\3477\210\345P\306\013\320\252[\0216+\227=`\371P\314\346 V7\271[~\n\237\274|\347\352@K\253~&\260\032\024\004B\200\255h\351\013\361\031:nG\211\005|\2003\266\274\251,W\006u\344\335d\003\306\212\313,\340\350bG\n\030Z\2732-\246\312\255\030\003\235207\005}D\260\0261ah\322M\304\216\273m0\271\234\237\007<w$\265C\245\232\033\023\313c\321B\032l\301h\005\320\252\301\361(\330[\343\357\343{\235\n\266g\272>\177\317\347\261qb&\270&\346ju\200\363N\320\307\004\034\001n\317\361\2653\254\2503\247\305\372\316W\022O\253x\250\025\373\247\354Tc\304\263\243^\352Gv\\264\261\r\035\226\306\2411\351\233\203\215\200$\231\300f\220\371c@\017\254\363\\371\340\340VaR\205~^\226\342t\360\022\204d\231\205)\272\364?\361!\334\331\315\254\230\rBG\314\023\246\244=\351\177\254\302b&\276+H;0\312\021&\275\036\237\350R\313\206R\331\304k\323u\263t\221\213yC\241\217A\242\027g\322\241'\212.E?B_\316\327\217J +\370\t^b\005\020\003\211\373\247|hC\271Nmk~J\270EU\274\036-\347\240\312FA\321\341bca\253\025\321\311\317\021\375\317\217\n\272\033o\353G>\275\361H\265\240\232um""\317\324`\214\221\314\000\211K\223+(""\200i \311\372g\254\343ZR0\224\275q\252\357\213\263\206N\357&Q\217\267\303\356I\236\357\264\311b\037\366\035\253\343\311\265\240\327q\206f\262ODi\215-\363>\034\236l\273\005G\316F\217}[\036\007\270:\260\335\271B\241N\345\330\204\327f\361\272Kb\0377p\334\264\237\177~\330]\252+:\317u\302h\n\351\n\364\231\277R\371\356\033y\265v\360Ny\246\332qY\262\231\251\n\305\334\202\305\362\n\367@k\231\016R:\327\242\366\242\253LZY\223$Gw^\203\302\311\316I7\371tTwp}\005|\372\214\251{R`\230V\244-\326I\351\255\325i\335\377\321\353\327\331\302\023\347y\016\263\271\317\306\017UV\314qu?\0064A\315{3D\010\016S\212\2353k0\361\214ID\303g\277\010Y_\001~\021\333\370\255\374\\331\306\255\336)\365Rth\024\t\300.M\315\321S\257\224\252\362\326P\316\303%nX\3742\333\036\004Y\264yG^\234\177\214\305q\237\274G\300a4\275\240s\215\222\210\016\020G\344=-:GK\312\035\271\201\350\376F\260G\347\000\235\365P6pmH\033\373\212c\377o\232\356\320D\002\277,]os{\354/?\312e\006wda\001\023\375\316\025\254\321\244\370+Y`\220\270\254\2601E[FI\310\235<qI \356\032v%\001\230\016\203\200\251UD\347\304\373\034\211\340@\342\033\263\365\356\341\357\350\324\035J\032\177\230\207\220\303+\207\352g\317N\027>\222M\271m\033\236\021:\272\233r\373\233hC}\256\020\210\010\233\335\025[ d(\343\263\327\177\030\246\254H\277\254E\231\006\033_lB\210\264\334Y\322\314\362\320L\000Q\240\317\3502\006,|\364\004\275\034\006\337\370""\330\364\202\314\315\311?\030\260\361u)\336\202\265Y\177X\227$\245tCB\345\314d\231A\300\204\371KJ\036\321\330\014]""EN\266$]\331\226c\351\312\376z\254\214\206B\274&M\032\376v\266\3104u)\r\312\021\273\030jJH\215G4\367fQ;\255\3404\372\225\341L\224\242\200VY\220\355\020\353I\n\363\266\036\311\003OR\250""\032\230\021]+$\302\005\224\270\033E\r\312\315}\200\2505\216\221\301\341\035[\247\325\236M^\360a\267\356\267\247]\357\236\n\207}P\2654\026`\256u\276\r&\026K\315a\3337\216.\240\362\263\327]\372\325\037\006\345\236\265\343\337g\271\317\315\374\3357gX\036\024'\357<$\322\323$\375\346&^\361\0009\022`\210$\005\261rTx\343\226\224vC\2607.\025\213@~\312\227\000 o\232\016\376|a3\352&\324\337\230\212\265o\2035\250\303\2760\241\364^\002Z\031Z!\300\002\364\004\232\355\234\202\021\371_~\346\024\242\247\366\231\036\370\365\313\014\307\362i\210e\030\317\336e\256\245\026R\036\304S\352]~a\353k\036W\036\333\243\313y\256\236\230\270\325\233\373\001c\343\030e+OD\224O\347\364mD\216\220lA\251D\0246\305z\207\225\254\360\010\233K$\222\242w\316\025\202/\356\266\371/\256\354\300\373\252\344\245^L==\235\021\032V\220\341+U\353\274\372=u\225\337\321k\342\217\031\035&\261k*\315\004\203\271\200\243u\010|\336\346\203L\367\300g\364H\302\267\0331\0265+\223\224\300\342tR\375\264\227\2326\315\307\363\323\325\303\032N\256*\307\327 \235\332\207u\210\271\257\306g\231i*\260\326k\001"";   nodeid: ""\260\000\000\000\000\000\000\000\000\000\000\000\000\000\000\000\000\000\000\000\000\000\000\000\000\000\000\000\000\000\000\000\001""; }; "
1750527711533,1750527711533,0,1,3,2,TMLedgerData,"ledgerHash: ""j\262\235LC5\315,\2758.\025\251J\276\032\252\276\237\336w\275\306no\345t\317\355,\333\255""; ledgerSeq: 57; type: liBASE; nodes {;   nodedata: ""\000\000\0009\001cEx]\211\377\330\315\004\203\271\200\243u\010|\336\346\203L\367\300g\364H\302\267\0331\0265+\223\224\300\342tR\375\000\000\000\000\000\000\000\000\000\000\000\000\000\000\000\000\000\000\000\000\000\000\000\000\000\000\000\000\000\000\000\000\352It\r\324\355\300\241R\256Kj{\027\253s\322\241\242\202:M5Y\371v\356\014\273\227E\030/\351\253^/\351\253_\n\000""; }; nodes {;   nodedata: ""\323C\344\327\264{\312-\017:\006{\177\344N\002\326bO\260\220\006\033\362\345\005U\221DzJ0\001\301\025%1L\307\t\261\262z\374\222T\301\274V\236\223\262\270Ct\362\337b\356\024*\324\320\351\317\002k\336\234\027v\351\217\260\303\360\233ZPZWr\246$w\313\313\r\243r\232\2234\373\3539:N\004Q\245\272D\312D\300\300\t\323\0257\345e\271\na\215{\226\255x%T\257\037\333\004\344_/R\006E\344\037@\210\363\010\336T\226\247'\204_{\261\370""1\235\2445\343\033Y!\212\201\341\272\225'\007$\326\324\037\357\234\037\364&\377\3672\247\231}\371V\326\205\371\215K\334\324\214\345\315\357<?6V\013\003""; }; requestCookie: 3; ","ledgerHash: ""j\262\235LC5\315,\2758.\025\251J\276\032\252\276\237\336w\275\306no\345t\317\355,\333\255""; ledgerSeq: 57; type: liBASE; nodes {;   nodedata: ""\000\000\0009\001cEx]\211\377\330\315\004\203\271\200\243u\010|\336\346\203L\367\300g\364H\302\267\0331\0265+\223\224\300\342tR\375\000\000\000\000\000\000\000\000\000\000\000\000\000\000\000\000\000\000\000\000\000\000\000\000\000\000\000\000\000\000\000\000\352It\r\324\355\300\241R\256Kj{\027\253s\322\241\242\202:M5Y\371v\356\014\273\227E\030/\351\253^/\351\253_\n\000""; }; nodes {;   nodedata: ""\323C\344\327\264{\312-\017:\006{\177\344N\002\326bO\260\220\006\033\362\345\005U\221DzJ0\001\301\025%1L\307\t\261\262z\374\222T\301\274V\236\223\262\270Ct\362\337b\356\024*\324\320\351\317\002k\336\234\027v\351\217\260\303\360\233ZPZWr\246$w\313\313\r\243r\232\2234\373\3539:N\004Q\245\272D\312D\300\300\t\323\0257\345e\271\na\215{\226\255x%T\257\037\333\004\344_/R\006E\344\037@\210\363\010\336T\226\247'\204_{\261\370""1\235\2445\343\033Y!\212\201\341\272\225'\007$\326\324\037\357\234\037\364&\377\3672\247\231}\371V\326\205\371\215K\334\324\214\345\315\357<?6V\013\003""; }; requestCookie: 3; "
1750527711534,1750527711534,0,1,4,2,TMLedgerData,"ledgerHash: ""j\262\235LC5\315,\2758.\025\251J\276\032\252\276\237\336w\275\306no\345t\317\355,\333\255""; ledgerSeq: 57; type: liBASE; nodes {;   nodedata: ""\000\000\0009\001cEx]\211\377\330\315\004\203\271\200\243u\010|\336\346\203L\367\300g\364H\302\267\0331\0265+\223\224\300\342tR\375\000\000\000\000\000\000\000\000\000\000\000\000\000\000\000\000\000\000\000\000\000\000\000\000\000\000\000\000\000\000\000\000\352It\r\324\355\300\241R\256Kj{\027\253s\322\241\242\202:M5Y\371v\356\014\273\227E\030/\351\253^/\351\253_\n\000""; }; nodes {;   nodedata: ""\323C\344\327\264{\312-\017:\006{\177\344N\002\326bO\260\220\006\033\362\345\005U\221DzJ0\001\301\025%1L\307\t\261\262z\374\222T\301\274V\236\223\262\270Ct\362\337b\356\024*\324\320\351\317\002k\336\234\027v\351\217\260\303\360\233ZPZWr\246$w\313\313\r\243r\232\2234\373\3539:N\004Q\245\272D\312D\300\300\t\323\0257\345e\271\na\215{\226\255x%T\257\037\333\004\344_/R\006E\344\037@\210\363\010\336T\226\247'\204_{\261\370""1\235\2445\343\033Y!\212\201\341\272\225'\007$\326\324\037\357\234\037\364&\377\3672\247\231}\371V\326\205\371\215K\334\324\214\345\315\357<?6V\013\003""; }; ","ledgerHash: ""j\262\235LC5\315,\2758.\025\251J\276\032\252\276\237\336w\275\306no\345t\317\355,\333\255""; ledgerSeq: 57; type: liBASE; nodes {;   nodedata: ""\000\000\0009\001cEx]\211\377\330\315\004\203\271\200\243u\010|\336\346\203L\367\300g\364H\302\267\0331\0265+\223\224\300\342tR\375\000\000\000\000\000\000\000\000\000\000\000\000\000\000\000\000\000\000\000\000\000\000\000\000\000\000\000\000\000\000\000\000\352It\r\324\355\300\241R\256Kj{\027\253s\322\241\242\202:M5Y\371v\356\014\273\227E\030/\351\253^/\351\253_\n\000""; }; nodes {;   nodedata: ""\323C\344\327\264{\312-\017:\006{\177\344N\002\326bO\260\220\006\033\362\345\005U\221DzJ0\001\301\025%1L\307\t\261\262z\374\222T\301\274V\236\223\262\270Ct\362\337b\356\024*\324\320\351\317\002k\336\234\027v\351\217\260\303\360\233ZPZWr\246$w\313\313\r\243r\232\2234\373\3539:N\004Q\245\272D\312D\300\300\t\323\0257\345e\271\na\215{\226\255x%T\257\037\333\004\344_/R\006E\344\037@\210\363\010\336T\226\247'\204_{\261\370""1\235\2445\343\033Y!\212\201\341\272\225'\007$\326\324\037\357\234\037\364&\377\3672\247\231}\371V\326\205\371\215K\334\324\214\345\315\357<?6V\013\003""; }; "
1750527711534,1750527711534,0,1,3,1,TMLedgerData,"ledgerHash: ""j\262\235LC5\315,\2758.\025\251J\276\032\252\276\237\336w\275\306no\345t\317\355,\333\255""; ledgerSeq: 57; type: liBASE; nodes {;   nodedata: ""\000\000\0009\001cEx]\211\377\330\315\004\203\271\200\243u\010|\336\346\203L\367\300g\364H\302\267\0331\0265+\223\224\300\342tR\375\000\000\000\000\000\000\000\000\000\000\000\000\000\000\000\000\000\000\000\000\000\000\000\000\000\000\000\000\000\000\000\000\352It\r\324\355\300\241R\256Kj{\027\253s\322\241\242\202:M5Y\371v\356\014\273\227E\030/\351\253^/\351\253_\n\000""; }; nodes {;   nodedata: ""\323C\344\327\264{\312-\017:\006{\177\344N\002\326bO\260\220\006\033\362\345\005U\221DzJ0\001\301\025%1L\307\t\261\262z\374\222T\301\274V\236\223\262\270Ct\362\337b\356\024*\324\320\351\317\002k\336\234\027v\351\217\260\303\360\233ZPZWr\246$w\313\313\r\243r\232\2234\373\3539:N\004Q\245\272D\312D\300\300\t\323\0257\345e\271\na\215{\226\255x%T\257\037\333\004\344_/R\006E\344\037@\210\363\010\336T\226\247'\204_{\261\370""1\235\2445\343\033Y!\212\201\341\272\225'\007$\326\324\037\357\234\037\364&\377\3672\247\231}\371V\326\205\371\215K\334\324\214\345\315\357<?6V\013\003""; }; requestCookie: 3; ","ledgerHash: ""j\262\235LC5\315,\2758.\025\251J\276\032\252\276\237\336w\275\306no\345t\317\355,\333\255""; ledgerSeq: 57; type: liBASE; nodes {;   nodedata: ""\000\000\0009\001cEx]\211\377\330\315\004\203\271\200\243u\010|\336\346\203L\367\300g\364H\302\267\0331\0265+\223\224\300\342tR\375\000\000\000\000\000\000\000\000\000\000\000\000\000\000\000\000\000\000\000\000\000\000\000\000\000\000\000\000\000\000\000\000\352It\r\324\355\300\241R\256Kj{\027\253s\322\241\242\202:M5Y\371v\356\014\273\227E\030/\351\253^/\351\253_\n\000""; }; nodes {;   nodedata: ""\323C\344\327\264{\312-\017:\006{\177\344N\002\326bO\260\220\006\033\362\345\005U\221DzJ0\001\301\025%1L\307\t\261\262z\374\222T\301\274V\236\223\262\270Ct\362\337b\356\024*\324\320\351\317\002k\336\234\027v\351\217\260\303\360\233ZPZWr\246$w\313\313\r\243r\232\2234\373\3539:N\004Q\245\272D\312D\300\300\t\323\0257\345e\271\na\215{\226\255x%T\257\037\333\004\344_/R\006E\344\037@\210\363\010\336T\226\247'\204_{\261\370""1\235\2445\343\033Y!\212\201\341\272\225'\007$\326\324\037\357\234\037\364&\377\3672\247\231}\371V\326\205\371\215K\334\324\214\345\315\357<?6V\013\003""; }; requestCookie: 3; "
1750527711535,1750527711535,0,1,3,1,TMLedgerData,"ledgerHash: ""j\262\235LC5\315,\2758.\025\251J\276\032\252\276\237\336w\275\306no\345t\317\355,\333\255""; ledgerSeq: 57; type: liAS_NODE; nodes {;   nodedata: ""\021\000h""\000\000\000\000 \033\000\000\0008\002\023\307_\330\356GuH\375\327!\255\371\r\231\262R\256J\034\222\241\355X\265E\241^W\225\304\014\361CX-}\351f\032\255\274\334m\326c\017\014ao[\342\230\003\245\245\3341Hm\326^\017jy\335\261\032Yt\320\244{g\0306\\302\303*\341\215\223\257\364\277o\375\000r\241SOq\221\253\262\005\017\375T\356\014\360o'\030\311-\267\031\257!\031T\006><\315XM\334\324\345\034\000\325\367\240\271\013\265\024\321\362\354\211\250.\234s\225amc\305\035\366\276\037nD\277`\210\223N\3535\033\261\304f\331]\036\237\306o!\223\221\002\324\031\262\240R\177 ,\214\325\Q])\016\2067\277\t\354\010\000\360\215\2502\265\245\310\226\243c\302Ze\306\253#r\020\211\320iG\276\020E\317\035Sf\223F\254\033@\177e\277\016\010u\327\371&\262\312\317Q\2361t\377x\234\001v\003%\030\325_\225g\204\346a=\225\273\331\354\365*U\363\263N\367b\371\244\314-w\363\262\225Z\200\206\235\233\257?sE\2674\254\326mU\377?\177Ek\336\030!\316Aa\225\303\022\377{\210Y\226\271as\354L\035\004\341\361\035\301\024\220m#*\372\032\3178~\374\250\014*\323\342'z69\220\327\256\351G\367\317u\302\207\270b\315\333\333\334\310I\323&\014\352XZnW2.\335\347\202\021\247\362\212e\034\000\001\250\220\305;a\314\265R\310\017\317\331\235\360\262\240:\277\202\266\354\265X""\022\nh\252\352w\204\203\023]\001f\352\277\0031Q]\362\370R\350{\261\202\240\344\215\201\353\276\322p5p\350\354\017>\250r\241c\273\016\301\024\363\242\247\263\231\370\344\nBW\220K\316@3\243\200\036wk\253GSlU\010\360\231>\331\263H\214\324\030A\225\301o\346pkSF\004\241\213w9\223=\250\262*+\255\351r\265\244c\024\213\t\007`\223\325#\3477\210\345P\306\013\320\252[\0216+\227=`\371P\314\346 V7\271[~\n\237\274|\347\352@K\253~&\260\032\024\004B\200\255h\351\013\361\031:nG\211\005|\2003\266\274\251,W\006u\344\335d\003\306\212\313,\340\350bG\n\030Z\2732-\246\312\255\030\003\235207\005}D\260\0261ah\322M\304\216\273m0\271\234\237\007<w$\265C\245\232\033\023\313c\321B\032l\301h\005\320\252\301\361(\330[\343\357\343{\235\n\266g\272>\177\317\347\261qb&\270&\346ju\200\363N\320\307\004\034\001n\317\361\2653\254\2503\247\305\372\316W\022O\253x\250\025\373\247\354Tc\304\263\243^\352Gv\\264\261\r\035\226\306\2411\351\233\203\215\200$\231\300f\220\371c@\017\254\363\\371\340\340VaR\205~^\226\342t\360\022\204d\231\205)\272\364?\361!\334\331\315\254\230\rBG\314\023\246\244=\351\177\254\302b&\276+H;0\312\021&\275\036\237\350R\313\206R\331\304k\323u\263t\221\213yC\241\217A\242\027g\322\241'\212.E?B_\316\327\217J +\370\t^b\005\020\003\211\373\247|hC\271Nmk~J\270EU\274\036-\347\240\312FA\321\341bca\253\025\321\311\317\021\375\317\217\n\272\033o\353G>\275\361H\265\240\232um""\317\324`\214\221\314\000\211K\223+(""\200i \311\372g\254\343ZR0\224\275q\252\357\213\263\206N\357&Q\217\267\303\356I\236\357\264\311b\037\366\035\253\343\311\265\240\327q\206f\262ODi\215-\363>\034\236l\273\005G\316F\217}[\036\007\270:\260\335\271B\241N\345\330\204\327f\361\272Kb\0377p\334\264\237\177~\330]\252+:\317u\302h\n\351\n\364\231\277R\371\356\033y\265v\360Ny\246\332qY\262\231\251\n\305\334\202\305\362\n\367@k\231\016R:\327\242\366\242\253LZY\223$Gw^\203\302\311\316I7\371tTwp}\005|\372\214\251{R`\230V\244-\326I\351\255\325i\335\377\321\353\327\331\302\023\347y\016\263\271\317\306\017UV\314qu?\0064A\315{3D\010\016S\212\2353k0\361\214ID\303g\277\010Y_\001~\021\333\370\255\374\\331\306\255\336)\365Rth\024\t\300.M\315\321S\257\224\252\362\326P\316\303%nX\3742\333\036\004Y\264yG^\234\177\214\305q\237\274G\300a4\275\240s\215\222\210\016\020G\344=-:GK\312\035\271\201\350\376F\260G\347\000\235\365P6pmH\033\373\212c\377o\232\356\320D\002\277,]os{\354/?\312e\006wda\001\023\375\316\025\254\321\244\370+Y`\220\270\254\2601E[FI\310\235<qI \356\032v%\001\230\016\203\200\251UD\347\304\373\034\211\340@\342\033\263\365\356\341\357\350\324\035J\032\177\230\207\220\303+\207\352g\317N\027>\222M\271m\033\236\021:\272\233r\373\233hC}\256\020\210\010\233\335\025[ d(\343\263\327\177\030\246\254H\277\254E\231\006\033_lB\210\264\334Y\322\314\362\320L\000Q\240\317\3502\006,|\364\004\275\034\006\337\370""\330\364\202\314\315\311?\030\260\361u)\336\202\265Y\177X\227$\245tCB\345\314d\231A\300\204\371KJ\036\321\330\014]""EN\266$]\331\226c\351\312\376z\254\214\206B\274&M\032\376v\266\3104u)\r\312\021\273\030jJH\215G4\367fQ;\255\3404\372\225\341L\224\242\200VY\220\355\020\353I\n\363\266\036\311\003OR\250""\032\230\021]+$\302\005\224\270\033E\r\312\315}\200\2505\216\221\301\341\035[\247\325\236M^\360a\267\356\267\247]\357\236\n\207}P\2654\026`\256u\276\r&\026K\315a\3337\216.\240\362\263\327]\372\325\037\006\345\236\265\343\337g\271\317\315\374\3357gX\036\024'\357<$\322\323$\375\346&^\361\0009\022`\210$\005\261rTx\343\226\224vC\2607.\025\213@~\312\227\000 o\232\016\376|a3\352&\324\337\230\212\265o\2035\250\303\2760\241\364^\002Z\031Z!\300\002\364\004\232\355\234\202\021\371_~\346\024\242\247\366\231\036\370\365\313\014\307\362i\210e\030\317\336e\256\245\026R\036\304S\352]~a\353k\036W\036\333\243\313y\256\236\230\270\325\233\373\001c\343\030e+OD\224O\347\364mD\216\220lA\251D\0246\305z\207\225\254\360\010\233K$\222\242w\316\025\202/\356\266\371/\256\354\300\373\252\344\245^L==\235\021\032V\220\341+U\353\274\372=u\225\337\321k\342\217\031\035&\261k*\315\004\203\271\200\243u\010|\336\346\203L\367\300g\364H\302\267\0331\0265+\223\224\300\342tR\375\264\227\2326\315\307\363\323\325\303\032N\256*\307\327 \235\332\207u\210\271\257\306g\231i*\260\326k\001"";   nodeid: ""\260\000\000\000\000\000\000\000\000\000\000\000\000\000\000\000\000\000\000\000\000\000\000\000\000\000\000\000\000\000\000\000\001""; }; ","ledgerHash: ""j\262\235LC5\315,\2758.\025\251J\276\032\252\276\237\336w\275\306no\345t\317\355,\333\255""; ledgerSeq: 57; type: liAS_NODE; nodes {;   nodedata: ""\021\000h""\000\000\000\000 \033\000\000\0008\002\023\307_\330\356GuH\375\327!\255\371\r\231\262R\256J\034\222\241\355X\265E\241^W\225\304\014\361CX-}\351f\032\255\274\334m\326c\017\014ao[\342\230\003\245\245\3341Hm\326^\017jy\335\261\032Yt\320\244{g\0306\\302\303*\341\215\223\257\364\277o\375\000r\241SOq\221\253\262\005\017\375T\356\014\360o'\030\311-\267\031\257!\031T\006><\315XM\334\324\345\034\000\325\367\240\271\013\265\024\321\362\354\211\250.\234s\225amc\305\035\366\276\037nD\277`\210\223N\3535\033\261\304f\331]\036\237\306o!\223\221\002\324\031\262\240R\177 ,\214\325\Q])\016\2067\277\t\354\010\000\360\215\2502\265\245\310\226\243c\302Ze\306\253#r\020\211\320iG\276\020E\317\035Sf\223F\254\033@\177e\277\016\010u\327\371&\262\312\317Q\2361t\377x\234\001v\003%\030\325_\225g\204\346a=\225\273\331\354\365*U\363\263N\367b\371\244\314-w\363\262\225Z\200\206\235\233\257?sE\2674\254\326mU\377?\177Ek\336\030!\316Aa\225\303\022\377{\210Y\226\271as\354L\035\004\341\361\035\301\024\220m#*\372\032\3178~\374\250\014*\323\342'z69\220\327\256\351G\367\317u\302\207\270b\315\333\333\334\310I\323&\014\352XZnW2.\335\347\202\021\247\362\212e\034\000\001\250\220\305;a\314\265R\310\017\317\331\235\360\262\240:\277\202\266\354\265X""\022\nh\252\352w\204\203\023]\001f\352\277\0031Q]\362\370R\350{\261\202\240\344\215\201\353\276\322p5p\350\354\017>\250r\241c\273\016\301\024\363\242\247\263\231\370\344\nBW\220K\316@3\243\200\036wk\253GSlU\010\360\231>\331\263H\214\324\030A\225\301o\346pkSF\004\241\213w9\223=\250\262*+\255\351r\265\244c\024\213\t\007`\223\325#\3477\210\345P\306\013\320\252[\0216+\227=`\371P\314\346 V7\271[~\n\237\274|\347\352@K\253~&\260\032\024\004B\200\255h\351\013\361\031:nG\211\005|\2003\266\274\251,W\006u\344\335d\003\306\212\313,\340\350bG\n\030Z\2732-\246\312\255\030\003\235207\005}D\260\0261ah\322M\304\216\273m0\271\234\237\007<w$\265C\245\232\033\023\313c\321B\032l\301h\005\320\252\301\361(\330[\343\357\343{\235\n\266g\272>\177\317\347\261qb&\270&\346ju\200\363N\320\307\004\034\001n\317\361\2653\254\2503\247\305\372\316W\022O\253x\250\025\373\247\354Tc\304\263\243^\352Gv\\264\261\r\035\226\306\2411\351\233\203\215\200$\231\300f\220\371c@\017\254\363\\371\340\340VaR\205~^\226\342t\360\022\204d\231\205)\272\364?\361!\334\331\315\254\230\rBG\314\023\246\244=\351\177\254\302b&\276+H;0\312\021&\275\036\237\350R\313\206R\331\304k\323u\263t\221\213yC\241\217A\242\027g\322\241'\212.E?B_\316\327\217J +\370\t^b\005\020\003\211\373\247|hC\271Nmk~J\270EU\274\036-\347\240\312FA\321\341bca\253\025\321\311\317\021\375\317\217\n\272\033o\353G>\275\361H\265\240\232um""\317\324`\214\221\314\000\211K\223+(""\200i \311\372g\254\343ZR0\224\275q\252\357\213\263\206N\357&Q\217\267\303\356I\236\357\264\311b\037\366\035\253\343\311\265\240\327q\206f\262ODi\215-\363>\034\236l\273\005G\316F\217}[\036\007\270:\260\335\271B\241N\345\330\204\327f\361\272Kb\0377p\334\264\237\177~\330]\252+:\317u\302h\n\351\n\364\231\277R\371\356\033y\265v\360Ny\246\332qY\262\231\251\n\305\334\202\305\362\n\367@k\231\016R:\327\242\366\242\253LZY\223$Gw^\203\302\311\316I7\371tTwp}\005|\372\214\251{R`\230V\244-\326I\351\255\325i\335\377\321\353\327\331\302\023\347y\016\263\271\317\306\017UV\314qu?\0064A\315{3D\010\016S\212\2353k0\361\214ID\303g\277\010Y_\001~\021\333\370\255\374\\331\306\255\336)\365Rth\024\t\300.M\315\321S\257\224\252\362\326P\316\303%nX\3742\333\036\004Y\264yG^\234\177\214\305q\237\274G\300a4\275\240s\215\222\210\016\020G\344=-:GK\312\035\271\201\350\376F\260G\347\000\235\365P6pmH\033\373\212c\377o\232\356\320D\002\277,]os{\354/?\312e\006wda\001\023\375\316\025\254\321\244\370+Y`\220\270\254\2601E[FI\310\235<qI \356\032v%\001\230\016\203\200\251UD\347\304\373\034\211\340@\342\033\263\365\356\341\357\350\324\035J\032\177\230\207\220\303+\207\352g\317N\027>\222M\271m\033\236\021:\272\233r\373\233hC}\256\020\210\010\233\335\025[ d(\343\263\327\177\030\246\254H\277\254E\231\006\033_lB\210\264\334Y\322\314\362\320L\000Q\240\317\3502\006,|\364\004\275\034\006\337\370""\330\364\202\314\315\311?\030\260\361u)\336\202\265Y\177X\227$\245tCB\345\314d\231A\300\204\371KJ\036\321\330\014]""EN\266$]\331\226c\351\312\376z\254\214\206B\274&M\032\376v\266\3104u)\r\312\021\273\030jJH\215G4\367fQ;\255\3404\372\225\341L\224\242\200VY\220\355\020\353I\n\363\266\036\311\003OR\250""\032\230\021]+$\302\005\224\270\033E\r\312\315}\200\2505\216\221\301\341\035[\247\325\236M^\360a\267\356\267\247]\357\236\n\207}P\2654\026`\256u\276\r&\026K\315a\3337\216.\240\362\263\327]\372\325\037\006\345\236\265\343\337g\271\317\315\374\3357gX\036\024'\357<$\322\323$\375\346&^\361\0009\022`\210$\005\261rTx\343\226\224vC\2607.\025\213@~\312\227\000 o\232\016\376|a3\352&\324\337\230\212\265o\2035\250\303\2760\241\364^\002Z\031Z!\300\002\364\004\232\355\234\202\021\371_~\346\024\242\247\366\231\036\370\365\313\014\307\362i\210e\030\317\336e\256\245\026R\036\304S\352]~a\353k\036W\036\333\243\313y\256\236\230\270\325\233\373\001c\343\030e+OD\224O\347\364mD\216\220lA\251D\0246\305z\207\225\254\360\010\233K$\222\242w\316\025\202/\356\266\371/\256\354\300\373\252\344\245^L==\235\021\032V\220\341+U\353\274\372=u\225\337\321k\342\217\031\035&\261k*\315\004\203\271\200\243u\010|\336\346\203L\367\300g\364H\302\267\0331\0265+\223\224\300\342tR\375\264\227\2326\315\307\363\323\325\303\032N\256*\307\327 \235\332\207u\210\271\257\306g\231i*\260\326k\001"";   nodeid: ""\260\000\000\000\000\000\000\000\000\000\000\000\000\000\000\000\000\000\000\000\000\000\000\000\000\000\000\000\000\000\000\000\001""; }; "
1750527711535,1750527711536,0,1,3,0,TMLedgerData,"ledgerHash: ""j\262\235LC5\315,\2758.\025\251J\276\032\252\276\237\336w\275\306no\345t\317\355,\333\255""; ledgerSeq: 57; type: liBASE; nodes {;   nodedata: ""\000\000\0009\001cEx]\211\377\330\315\004\203\271\200\243u\010|\336\346\203L\367\300g\364H\302\267\0331\0265+\223\224\300\342tR\375\000\000\000\000\000\000\000\000\000\000\000\000\000\000\000\000\000\000\000\000\000\000\000\000\000\000\000\000\000\000\000\000\352It\r\324\355\300\241R\256Kj{\027\253s\322\241\242\202:M5Y\371v\356\014\273\227E\030/\351\253^/\351\253_\n\000""; }; nodes {;   nodedata: ""\323C\344\327\264{\312-\017:\006{\177\344N\002\326bO\260\220\006\033\362\345\005U\221DzJ0\001\301\025%1L\307\t\261\262z\374\222T\301\274V\236\223\262\270Ct\362\337b\356\024*\324\320\351\317\002k\336\234\027v\351\217\260\303\360\233ZPZWr\246$w\313\313\r\243r\232\2234\373\3539:N\004Q\245\272D\312D\300\300\t\323\0257\345e\271\na\215{\226\255x%T\257\037\333\004\344_/R\006E\344\037@\210\363\010\336T\226\247'\204_{\261\370""1\235\2445\343\033Y!\212\201\341\272\225'\007$\326\324\037\357\234\037\364&\377\3672\247\231}\371V\326\205\371\215K\334\324\214\345\315\357<?6V\013\003""; }; requestCookie: 2; ","ledgerHash: ""j\262\235LC5\315,\2758.\025\251J\276\032\252\276\237\336w\275\306no\345t\317\355,\333\255""; ledgerSeq: 57; type: liBASE; nodes {;   nodedata: ""\000\000\0009\001cEx]\211\377\330\315\004\203\271\200\243u\010|\336\346\203L\367\300g\364H\302\267\0331\0265+\223\224\300\342tR\375\000\000\000\000\000\000\000\000\000\000\000\000\000\000\000\000\000\000\000\000\000\000\000\000\000\000\000\000\000\000\000\000\352It\r\324\355\300\241R\256Kj{\027\253s\322\241\242\202:M5Y\371v\356\014\273\227E\030/\351\253^/\351\253_\n\000""; }; nodes {;   nodedata: ""\323C\344\327\264{\312-\017:\006{\177\344N\002\326bO\260\220\006\033\362\345\005U\221DzJ0\001\301\025%1L\307\t\261\262z\374\222T\301\274V\236\223\262\270Ct\362\337b\356\024*\324\320\351\317\002k\336\234\027v\351\217\260\303\360\233ZPZWr\246$w\313\313\r\243r\232\2234\373\3539:N\004Q\245\272D\312D\300\300\t\323\0257\345e\271\na\215{\226\255x%T\257\037\333\004\344_/R\006E\344\037@\210\363\010\336T\226\247'\204_{\261\370""1\235\2445\343\033Y!\212\201\341\272\225'\007$\326\324\037\357\234\037\364&\377\3672\247\231}\371V\326\205\371\215K\334\324\214\345\315\357<?6V\013\003""; }; requestCookie: 2; "
1750527711536,1750527711537,0,1,4,0,TMLedgerData,"ledgerHash: ""j\262\235LC5\315,\2758.\025\251J\276\032\252\276\237\336w\275\306no\345t\317\355,\333\255""; ledgerSeq: 57; type: liBASE; nodes {;   nodedata: ""\000\000\0009\001cEx]\211\377\330\315\004\203\271\200\243u\010|\336\346\203L\367\300g\364H\302\267\0331\0265+\223\224\300\342tR\375\000\000\000\000\000\000\000\000\000\000\000\000\000\000\000\000\000\000\000\000\000\000\000\000\000\000\000\000\000\000\000\000\352It\r\324\355\300\241R\256Kj{\027\253s\322\241\242\202:M5Y\371v\356\014\273\227E\030/\351\253^/\351\253_\n\000""; }; nodes {;   nodedata: ""\323C\344\327\264{\312-\017:\006{\177\344N\002\326bO\260\220\006\033\362\345\005U\221DzJ0\001\301\025%1L\307\t\261\262z\374\222T\301\274V\236\223\262\270Ct\362\337b\356\024*\324\320\351\317\002k\336\234\027v\351\217\260\303\360\233ZPZWr\246$w\313\313\r\243r\232\2234\373\3539:N\004Q\245\272D\312D\300\300\t\323\0257\345e\271\na\215{\226\255x%T\257\037\333\004\344_/R\006E\344\037@\210\363\010\336T\226\247'\204_{\261\370""1\235\2445\343\033Y!\212\201\341\272\225'\007$\326\324\037\357\234\037\364&\377\3672\247\231}\371V\326\205\371\215K\334\324\214\345\315\357<?6V\013\003""; }; ","ledgerHash: ""j\262\235LC5\315,\2758.\025\251J\276\032\252\276\237\336w\275\306no\345t\317\355,\333\255""; ledgerSeq: 57; type: liBASE; nodes {;   nodedata: ""\000\000\0009\001cEx]\211\377\330\315\004\203\271\200\243u\010|\336\346\203L\367\300g\364H\302\267\0331\0265+\223\224\300\342tR\375\000\000\000\000\000\000\000\000\000\000\000\000\000\000\000\000\000\000\000\000\000\000\000\000\000\000\000\000\000\000\000\000\352It\r\324\355\300\241R\256Kj{\027\253s\322\241\242\202:M5Y\371v\356\014\273\227E\030/\351\253^/\351\253_\n\000""; }; nodes {;   nodedata: ""\323C\344\327\264{\312-\017:\006{\177\344N\002\326bO\260\220\006\033\362\345\005U\221DzJ0\001\301\025%1L\307\t\261\262z\374\222T\301\274V\236\223\262\270Ct\362\337b\356\024*\324\320\351\317\002k\336\234\027v\351\217\260\303\360\233ZPZWr\246$w\313\313\r\243r\232\2234\373\3539:N\004Q\245\272D\312D\300\300\t\323\0257\345e\271\na\215{\226\255x%T\257\037\333\004\344_/R\006E\344\037@\210\363\010\336T\226\247'\204_{\261\370""1\235\2445\343\033Y!\212\201\341\272\225'\007$\326\324\037\357\234\037\364&\377\3672\247\231}\371V\326\205\371\215K\334\324\214\345\315\357<?6V\013\003""; }; "
1750527711537,1750527711537,0,1,3,0,TMLedgerData,"ledgerHash: ""j\262\235LC5\315,\2758.\025\251J\276\032\252\276\237\336w\275\306no\345t\317\355,\333\255""; ledgerSeq: 57; type: liAS_NODE; nodes {;   nodedata: ""\021\000h""\000\000\000\000 \033\000\000\0008\002\023\307_\330\356GuH\375\327!\255\371\r\231\262R\256J\034\222\241\355X\265E\241^W\225\304\014\361CX-}\351f\032\255\274\334m\326c\017\014ao[\342\230\003\245\245\3341Hm\326^\017jy\335\261\032Yt\320\244{g\0306\\302\303*\341\215\223\257\364\277o\375\000r\241SOq\221\253\262\005\017\375T\356\014\360o'\030\311-\267\031\257!\031T\006><\315XM\334\324\345\034\000\325\367\240\271\013\265\024\321\362\354\211\250.\234s\225amc\305\035\366\276\037nD\277`\210\223N\3535\033\261\304f\331]\036\237\306o!\223\221\002\324\031\262\240R\177 ,\214\325\Q])\016\2067\277\t\354\010\000\360\215\2502\265\245\310\226\243c\302Ze\306\253#r\020\211\320iG\276\020E\317\035Sf\223F\254\033@\177e\277\016\010u\327\371&\262\312\317Q\2361t\377x\234\001v\003%\030\325_\225g\204\346a=\225\273\331\354\365*U\363\263N\367b\371\244\314-w\363\262\225Z\200\206\235\233\257?sE\2674\254\326mU\377?\177Ek\336\030!\316Aa\225\303\022\377{\210Y\226\271as\354L\035\004\341\361\035\301\024\220m#*\372\032\3178~\374\250\014*\323\342'z69\220\327\256\351G\367\317u\302\207\270b\315\333\333\334\310I\323&\014\352XZnW2.\335\347\202\021\247\362\212e\034\000\001\250\220\305;a\314\265R\310\017\317\331\235\360\262\240:\277\202\266\354\265X""\022\nh\252\352w\204\203\023]\001f\352\277\0031Q]\362\370R\350{\261\202\240\344\215\201\353\276\322p5p\350\354\017>\250r\241c\273\016\301\024\363\242\247\263\231\370\344\nBW\220K\316@3\243\200\036wk\253GSlU\010\360\231>\331\263H\214\324\030A\225\301o\346pkSF\004\241\213w9\223=\250\262*+\255\351r\265\244c\024\213\t\007`\223\325#\3477\210\345P\306\013\320\252[\0216+\227=`\371P\314\346 V7\271[~\n\237\274|\347\352@K\253~&\260\032\024\004B\200\255h\351\013\361\031:nG\211\005|\2003\266\274\251,W\006u\344\335d\003\306\212\313,\340\350bG\n\030Z\2732-\246\312\255\030\003\235207\005}D\260\0261ah\322M\304\216\273m0\271\234\237\007<w$\265C\245\232\033\023\313c\321B\032l\301h\005\320\252\301\361(\330[\343\357\343{\235\n\266g\272>\177\317\347\261qb&\270&\346ju\200\363N\320\307\004\034\001n\317\361\2653\254\2503\247\305\372\316W\022O\253x\250\025\373\247\354Tc\304\263\243^\352Gv\\264\261\r\035\226\306\2411\351\233\203\215\200$\231\300f\220\371c@\017\254\363\\371\340\340VaR\205~^\226\342t\360\022\204d\231\205)\272\364?\361!\334\331\315\254\230\rBG\314\023\246\244=\351\177\254\302b&\276+H;0\312\021&\275\036\237\350R\313\206R\331\304k\323u\263t\221\213yC\241\217A\242\027g\322\241'\212.E?B_\316\327\217J +\370\t^b\005\020\003\211\373\247|hC\271Nmk~J\270EU\274\036-\347\240\312FA\321\341bca\253\025\321\311\317\021\375\317\217\n\272\033o\353G>\275\361H\265\240\232um""\317\324`\214\221\314\000\211K\223+(""\200i \311\372g\254\343ZR0\224\275q\252\357\213\263\206N\357&Q\217\267\303\356I\236\357\264\311b\037\366\035\253\343\311\265\240\327q\206f\262ODi\215-\363>\034\236l\273\005G\316F\217}[\036\007\270:\260\335\271B\241N\345\330\204\327f\361\272Kb\0377p\334\264\237\177~\330]\252+:\317u\302h\n\351\n\364\231\277R\371\356\033y\265v\360Ny\246\332qY\262\231\251\n\305\334\202\305\362\n\367@k\231\016R:\327\242\366\242\253LZY\223$Gw^\203\302\311\316I7\371tTwp}\005|\372\214\251{R`\230V\244-\326I\351\255\325i\335\377\321\353\327\331\302\023\347y\016\263\271\317\306\017UV\314qu?\0064A\315{3D\010\016S\212\2353k0\361\214ID\303g\277\010Y_\001~\021\333\370\255\374\\331\306\255\336)\365Rth\024\t\300.M\315\321S\257\224\252\362\326P\316\303%nX\3742\333\036\004Y\264yG^\234\177\214\305q\237\274G\300a4\275\240s\215\222\210\016\020G\344=-:GK\312\035\271\201\350\376F\260G\347\000\235\365P6pmH\033\373\212c\377o\232\356\320D\002\277,]os{\354/?\312e\006wda\001\023\375\316\025\254\321\244\370+Y`\220\270\254\2601E[FI\310\235<qI \356\032v%\001\230\016\203\200\251UD\347\304\373\034\211\340@\342\033\263\365\356\341\357\350\324\035J\032\177\230\207\220\303+\207\352g\317N\027>\222M\271m\033\236\021:\272\233r\373\233hC}\256\020\210\010\233\335\025[ d(\343\263\327\177\030\246\254H\277\254E\231\006\033_lB\210\264\334Y\322\314\362\320L\000Q\240\317\3502\006,|\364\004\275\034\006\337\370""\330\364\202\314\315\311?\030\260\361u)\336\202\265Y\177X\227$\245tCB\345\314d\231A\300\204\371KJ\036\321\330\014]""EN\266$]\331\226c\351\312\376z\254\214\206B\274&M\032\376v\266\3104u)\r\312\021\273\030jJH\215G4\367fQ;\255\3404\372\225\341L\224\242\200VY\220\355\020\353I\n\363\266\036\311\003OR\250""\032\230\021]+$\302\005\224\270\033E\r\312\315}\200\2505\216\221\301\341\035[\247\325\236M^\360a\267\356\267\247]\357\236\n\207}P\2654\026`\256u\276\r&\026K\315a\3337\216.\240\362\263\327]\372\325\037\006\345\236\265\343\337g\271\317\315\374\3357gX\036\024'\357<$\322\323$\375\346&^\361\0009\022`\210$\005\261rTx\343\226\224vC\2607.\025\213@~\312\227\000 o\232\016\376|a3\352&\324\337\230\212\265o\2035\250\303\2760\241\364^\002Z\031Z!\300\002\364\004\232\355\234\202\021\371_~\346\024\242\247\366\231\036\370\365\313\014\307\362i\210e\030\317\336e\256\245\026R\036\304S\352]~a\353k\036W\036\333\243\313y\256\236\230\270\325\233\373\001c\343\030e+OD\224O\347\364mD\216\220lA\251D\0246\305z\207\225\254\360\010\233K$\222\242w\316\025\202/\356\266\371/\256\354\300\373\252\344\245^L==\235\021\032V\220\341+U\353\274\372=u\225\337\321k\342\217\031\035&\261k*\315\004\203\271\200\243u\010|\336\346\203L\367\300g\364H\302\267\0331\0265+\223\224\300\342tR\375\264\227\2326\315\307\363\323\325\303\032N\256*\307\327 \235\332\207u\210\271\257\306g\231i*\260\326k\001"";   nodeid: ""\260\000\000\000\000\000\000\000\000\000\000\000\000\000\000\000\000\000\000\000\000\000\000\000\000\000\000\000\000\000\000\000\001""; }; ","ledgerHash: ""j\262\235LC5\315,\2758.\025\251J\276\032\252\276\237\336w\275\306no\345t\317\355,\333\255""; ledgerSeq: 57; type: liAS_NODE; nodes {;   nodedata: ""\021\000h""\000\000\000\000 \033\000\000\0008\002\023\307_\330\356GuH\375\327!\255\371\r\231\262R\256J\034\222\241\355X\265E\241^W\225\304\014\361CX-}\351f\032\255\274\334m\326c\017\014ao[\342\230\003\245\245\3341Hm\326^\017jy\335\261\032Yt\320\244{g\0306\\302\303*\341\215\223\257\364\277o\375\000r\241SOq\221\253\262\005\017\375T\356\014\360o'\030\311-\267\031\257!\031T\006><\315XM\334\324\345\034\000\325\367\240\271\013\265\024\321\362\354\211\250.\234s\225amc\305\035\366\276\037nD\277`\210\223N\3535\033\261\304f\331]\036\237\306o!\223\221\002\324\031\262\240R\177 ,\214\325\Q])\016\2067\277\t\354\010\000\360\215\2502\265\245\310\226\243c\302Ze\306\253#r\020\211\320iG\276\020E\317\035Sf\223F\254\033@\177e\277\016\010u\327\371&\262\312\317Q\2361t\377x\234\001v\003%\030\325_\225g\204\346a=\225\273\331\354\365*U\363\263N\367b\371\244\314-w\363\262\225Z\200\206\235\233\257?sE\2674\254\326mU\377?\177Ek\336\030!\316Aa\225\303\022\377{\210Y\226\271as\354L\035\004\341\361\035\301\024\220m#*\372\032\3178~\374\250\014*\323\342'z69\220\327\256\351G\367\317u\302\207\270b\315\333\333\334\310I\323&\014\352XZnW2.\335\347\202\021\247\362\212e\034\000\001\250\220\305;a\314\265R\310\017\317\331\235\360\262\240:\277\202\266\354\265X""\022\nh\252\352w\204\203\023]\001f\352\277\0031Q]\362\370R\350{\261\202\240\344\215\201\353\276\322p5p\350\354\017>\250r\241c\273\016\301\024\363\242\247\263\231\370\344\nBW\220K\316@3\243\200\036wk\253GSlU\010\360\231>\331\263H\214\324\030A\225\301o\346pkSF\004\241\213w9\223=\250\262*+\255\351r\265\244c\024\213\t\007`\223\325#\3477\210\345P\306\013\320\252[\0216+\227=`\371P\314\346 V7\271[~\n\237\274|\347\352@K\253~&\260\032\024\004B\200\255h\351\013\361\031:nG\211\005|\2003\266\274\251,W\006u\344\335d\003\306\212\313,\340\350bG\n\030Z\2732-\246\312\255\030\003\235207\005}D\260\0261ah\322M\304\216\273m0\271\234\237\007<w$\265C\245\232\033\023\313c\321B\032l\301h\005\320\252\301\361(\330[\343\357\343{\235\n\266g\272>\177\317\347\261qb&\270&\346ju\200\363N\320\307\004\034\001n\317\361\2653\254\2503\247\305\372\316W\022O\253x\250\025\373\247\354Tc\304\263\243^\352Gv\\264\261\r\035\226\306\2411\351\233\203\215\200$\231\300f\220\371c@\017\254\363\\371\340\340VaR\205~^\226\342t\360\022\204d\231\205)\272\364?\361!\334\331\315\254\230\rBG\314\023\246\244=\351\177\254\302b&\276+H;0\312\021&\275\036\237\350R\313\206R\331\304k\323u\263t\221\213yC\241\217A\242\027g\322\241'\212.E?B_\316\327\217J +\370\t^b\005\020\003\211\373\247|hC\271Nmk~J\270EU\274\036-\347\240\312FA\321\341bca\253\025\321\311\317\021\375\317\217\n\272\033o\353G>\275\361H\265\240\232um""\317\324`\214\221\314\000\211K\223+(""\200i \311\372g\254\343ZR0\224\275q\252\357\213\263\206N\357&Q\217\267\303\356I\236\357\264\311b\037\366\035\253\343\311\265\240\327q\206f\262ODi\215-\363>\034\236l\273\005G\316F\217}[\036\007\270:\260\335\271B\241N\345\330\204\327f\361\272Kb\0377p\334\264\237\177~\330]\252+:\317u\302h\n\351\n\364\231\277R\371\356\033y\265v\360Ny\246\332qY\262\231\251\n\305\334\202\305\362\n\367@k\231\016R:\327\242\366\242\253LZY\223$Gw^\203\302\311\316I7\371tTwp}\005|\372\214\251{R`\230V\244-\326I\351\255\325i\335\377\321\353\327\331\302\023\347y\016\263\271\317\306\017UV\314qu?\0064A\315{3D\010\016S\212\2353k0\361\214ID\303g\277\010Y_\001~\021\333\370\255\374\\331\306\255\336)\365Rth\024\t\300.M\315\321S\257\224\252\362\326P\316\303%nX\3742\333\036\004Y\264yG^\234\177\214\305q\237\274G\300a4\275\240s\215\222\210\016\020G\344=-:GK\312\035\271\201\350\376F\260G\347\000\235\365P6pmH\033\373\212c\377o\232\356\320D\002\277,]os{\354/?\312e\006wda\001\023\375\316\025\254\321\244\370+Y`\220\270\254\2601E[FI\310\235<qI \356\032v%\001\230\016\203\200\251UD\347\304\373\034\211\340@\342\033\263\365\356\341\357\350\324\035J\032\177\230\207\220\303+\207\352g\317N\027>\222M\271m\033\236\021:\272\233r\373\233hC}\256\020\210\010\233\335\025[ d(\343\263\327\177\030\246\254H\277\254E\231\006\033_lB\210\264\334Y\322\314\362\320L\000Q\240\317\3502\006,|\364\004\275\034\006\337\370""\330\364\202\314\315\311?\030\260\361u)\336\202\265Y\177X\227$\245tCB\345\314d\231A\300\204\371KJ\036\321\330\014]""EN\266$]\331\226c\351\312\376z\254\214\206B\274&M\032\376v\266\3104u)\r\312\021\273\030jJH\215G4\367fQ;\255\3404\372\225\341L\224\242\200VY\220\355\020\353I\n\363\266\036\311\003OR\250""\032\230\021]+$\302\005\224\270\033E\r\312\315}\200\2505\216\221\301\341\035[\247\325\236M^\360a\267\356\267\247]\357\236\n\207}P\2654\026`\256u\276\r&\026K\315a\3337\216.\240\362\263\327]\372\325\037\006\345\236\265\343\337g\271\317\315\374\3357gX\036\024'\357<$\322\323$\375\346&^\361\0009\022`\210$\005\261rTx\343\226\224vC\2607.\025\213@~\312\227\000 o\232\016\376|a3\352&\324\337\230\212\265o\2035\250\303\2760\241\364^\002Z\031Z!\300\002\364\004\232\355\234\202\021\371_~\346\024\242\247\366\231\036\370\365\313\014\307\362i\210e\030\317\336e\256\245\026R\036\304S\352]~a\353k\036W\036\333\243\313y\256\236\230\270\325\233\373\001c\343\030e+OD\224O\347\364mD\216\220lA\251D\0246\305z\207\225\254\360\010\233K$\222\242w\316\025\202/\356\266\371/\256\354\300\373\252\344\245^L==\235\021\032V\220\341+U\353\274\372=u\225\337\321k\342\217\031\035&\261k*\315\004\203\271\200\243u\010|\336\346\203L\367\300g\364H\302\267\0331\0265+\223\224\300\342tR\375\264\227\2326\315\307\363\323\325\303\032N\256*\307\327 \235\332\207u\210\271\257\306g\231i*\260\326k\001"";   nodeid: ""\260\000\000\000\000\000\000\000\000\000\000\000\000\000\000\000\000\000\000\000\000\000\000\000\000\000\000\000\000\000\000\000\001""; }; "
1750527711537,1750527711537,0,1,4,1,TMLedgerData,"ledgerHash: ""j\262\235LC5\315,\2758.\025\251J\276\032\252\276\237\336w\275\306no\345t\317\355,\333\255""; ledgerSeq: 57; type: liBASE; nodes {;   nodedata: ""\000\000\0009\001cEx]\211\377\330\315\004\203\271\200\243u\010|\336\346\203L\367\300g\364H\302\267\0331\0265+\223\224\300\342tR\375\000\000\000\000\000\000\000\000\000\000\000\000\000\000\000\000\000\000\000\000\000\000\000\000\000\000\000\000\000\000\000\000\352It\r\324\355\300\241R\256Kj{\027\253s\322\241\242\202:M5Y\371v\356\014\273\227E\030/\351\253^/\351\253_\n\000""; }; nodes {;   nodedata: ""\323C\344\327\264{\312-\017:\006{\177\344N\002\326bO\260\220\006\033\362\345\005U\221DzJ0\001\301\025%1L\307\t\261\262z\374\222T\301\274V\236\223\262\270Ct\362\337b\356\024*\324\320\351\317\002k\336\234\027v\351\217\260\303\360\233ZPZWr\246$w\313\313\r\243r\232\2234\373\3539:N\004Q\245\272D\312D\300\300\t\323\0257\345e\271\na\215{\226\255x%T\257\037\333\004\344_/R\006E\344\037@\210\363\010\336T\226\247'\204_{\261\370""1\235\2445\343\033Y!\212\201\341\272\225'\007$\326\324\037\357\234\037\364&\377\3672\247\231}\371V\326\205\371\215K\334\324\214\345\315\357<?6V\013\003""; }; ","ledgerHash: ""j\262\235LC5\315,\2758.\025\251J\276\032\252\276\237\336w\275\306no\345t\317\355,\333\255""; ledgerSeq: 57; type: liBASE; nodes {;   nodedata: ""\000\000\0009\001cEx]\211\377\330\315\004\203\271\200\243u\010|\336\346\203L\367\300g\364H\302\267\0331\0265+\223\224\300\342tR\375\000\000\000\000\000\000\000\000\000\000\000\000\000\000\000\000\000\000\000\000\000\000\000\000\000\000\000\000\000\000\000\000\352It\r\324\355\300\241R\256Kj{\027\253s\322\241\242\202:M5Y\371v\356\014\273\227E\030/\351\253^/\351\253_\n\000""; }; nodes {;   nodedata: ""\323C\344\327\264{\312-\017:\006{\177\344N\002\326bO\260\220\006\033\362\345\005U\221DzJ0\001\301\025%1L\307\t\261\262z\374\222T\301\274V\236\223\262\270Ct\362\337b\356\024*\324\320\351\317\002k\336\234\027v\351\217\260\303\360\233ZPZWr\246$w\313\313\r\243r\232\2234\373\3539:N\004Q\245\272D\312D\300\300\t\323\0257\345e\271\na\215{\226\255x%T\257\037\333\004\344_/R\006E\344\037@\210\363\010\336T\226\247'\204_{\261\370""1\235\2445\343\033Y!\212\201\341\272\225'\007$\326\324\037\357\234\037\364&\377\3672\247\231}\371V\326\205\371\215K\334\324\214\345\315\357<?6V\013\003""; }; "
1750527711538,1750527711538,0,1,1,0,TMLedgerData,"ledgerHash: ""j\262\235LC5\315,\2758.\025\251J\276\032\252\276\237\336w\275\306no\345t\317\355,\333\255""; ledgerSeq: 57; type: liBASE; nodes {;   nodedata: ""\000\000\0009\001cEx]\211\377\330\315\004\203\271\200\243u\010|\336\346\203L\367\300g\364H\302\267\0331\0265+\223\224\300\342tR\375\000\000\000\000\000\000\000\000\000\000\000\000\000\000\000\000\000\000\000\000\000\000\000\000\000\000\000\000\000\000\000\000\352It\r\324\355\300\241R\256Kj{\027\253s\322\241\242\202:M5Y\371v\356\014\273\227E\030/\351\253^/\351\253_\n\000""; }; nodes {;   nodedata: ""\323C\344\327\264{\312-\017:\006{\177\344N\002\326bO\260\220\006\033\362\345\005U\221DzJ0\001\301\025%1L\307\t\261\262z\374\222T\301\274V\236\223\262\270Ct\362\337b\356\024*\324\320\351\317\002k\336\234\027v\351\217\260\303\360\233ZPZWr\246$w\313\313\r\243r\232\2234\373\3539:N\004Q\245\272D\312D\300\300\t\323\0257\345e\271\na\215{\226\255x%T\257\037\333\004\344_/R\006E\344\037@\210\363\010\336T\226\247'\204_{\261\370""1\235\2445\343\033Y!\212\201\341\272\225'\007$\326\324\037\357\234\037\364&\377\3672\247\231}\371V\326\205\371\215K\334\324\214\345\315\357<?6V\013\003""; }; ","ledgerHash: ""j\262\235LC5\315,\2758.\025\251J\276\032\252\276\237\336w\275\306no\345t\317\355,\333\255""; ledgerSeq: 57; type: liBASE; nodes {;   nodedata: ""\000\000\0009\001cEx]\211\377\330\315\004\203\271\200\243u\010|\336\346\203L\367\300g\364H\302\267\0331\0265+\223\224\300\342tR\375\000\000\000\000\000\000\000\000\000\000\000\000\000\000\000\000\000\000\000\000\000\000\000\000\000\000\000\000\000\000\000\000\352It\r\324\355\300\241R\256Kj{\027\253s\322\241\242\202:M5Y\371v\356\014\273\227E\030/\351\253^/\351\253_\n\000""; }; nodes {;   nodedata: ""\323C\344\327\264{\312-\017:\006{\177\344N\002\326bO\260\220\006\033\362\345\005U\221DzJ0\001\301\025%1L\307\t\261\262z\374\222T\301\274V\236\223\262\270Ct\362\337b\356\024*\324\320\351\317\002k\336\234\027v\351\217\260\303\360\233ZPZWr\246$w\313\313\r\243r\232\2234\373\3539:N\004Q\245\272D\312D\300\300\t\323\0257\345e\271\na\215{\226\255x%T\257\037\333\004\344_/R\006E\344\037@\210\363\010\336T\226\247'\204_{\261\370""1\235\2445\343\033Y!\212\201\341\272\225'\007$\326\324\037\357\234\037\364&\377\3672\247\231}\371V\326\205\371\215K\334\324\214\345\315\357<?6V\013\003""; }; "
1750527711539,1750527711539,0,1,1,4,TMLedgerData,"ledgerHash: ""j\262\235LC5\315,\2758.\025\251J\276\032\252\276\237\336w\275\306no\345t\317\355,\333\255""; ledgerSeq: 57; type: liBASE; nodes {;   nodedata: ""\000\000\0009\001cEx]\211\377\330\315\004\203\271\200\243u\010|\336\346\203L\367\300g\364H\302\267\0331\0265+\223\224\300\342tR\375\000\000\000\000\000\000\000\000\000\000\000\000\000\000\000\000\000\000\000\000\000\000\000\000\000\000\000\000\000\000\000\000\352It\r\324\355\300\241R\256Kj{\027\253s\322\241\242\202:M5Y\371v\356\014\273\227E\030/\351\253^/\351\253_\n\000""; }; nodes {;   nodedata: ""\323C\344\327\264{\312-\017:\006{\177\344N\002\326bO\260\220\006\033\362\345\005U\221DzJ0\001\301\025%1L\307\t\261\262z\374\222T\301\274V\236\223\262\270Ct\362\337b\356\024*\324\320\351\317\002k\336\234\027v\351\217\260\303\360\233ZPZWr\246$w\313\313\r\243r\232\2234\373\3539:N\004Q\245\272D\312D\300\300\t\323\0257\345e\271\na\215{\226\255x%T\257\037\333\004\344_/R\006E\344\037@\210\363\010\336T\226\247'\204_{\261\370""1\235\2445\343\033Y!\212\201\341\272\225'\007$\326\324\037\357\234\037\364&\377\3672\247\231}\371V\326\205\371\215K\334\324\214\345\315\357<?6V\013\003""; }; ","ledgerHash: ""j\262\235LC5\315,\2758.\025\251J\276\032\252\276\237\336w\275\306no\345t\317\355,\333\255""; ledgerSeq: 57; type: liBASE; nodes {;   nodedata: ""\000\000\0009\001cEx]\211\377\330\315\004\203\271\200\243u\010|\336\346\203L\367\300g\364H\302\267\0331\0265+\223\224\300\342tR\375\000\000\000\000\000\000\000\000\000\000\000\000\000\000\000\000\000\000\000\000\000\000\000\000\000\000\000\000\000\000\000\000\352It\r\324\355\300\241R\256Kj{\027\253s\322\241\242\202:M5Y\371v\356\014\273\227E\030/\351\253^/\351\253_\n\000""; }; nodes {;   nodedata: ""\323C\344\327\264{\312-\017:\006{\177\344N\002\326bO\260\220\006\033\362\345\005U\221DzJ0\001\301\025%1L\307\t\261\262z\374\222T\301\274V\236\223\262\270Ct\362\337b\356\024*\324\320\351\317\002k\336\234\027v\351\217\260\303\360\233ZPZWr\246$w\313\313\r\243r\232\2234\373\3539:N\004Q\245\272D\312D\300\300\t\323\0257\345e\271\na\215{\226\255x%T\257\037\333\004\344_/R\006E\344\037@\210\363\010\336T\226\247'\204_{\261\370""1\235\2445\343\033Y!\212\201\341\272\225'\007$\326\324\037\357\234\037\364&\377\3672\247\231}\371V\326\205\371\215K\334\324\214\345\315\357<?6V\013\003""; }; "
1750527711539,1750527711539,0,1,2,0,TMLedgerData,"ledgerHash: ""j\262\235LC5\315,\2758.\025\251J\276\032\252\276\237\336w\275\306no\345t\317\355,\333\255""; ledgerSeq: 57; type: liBASE; nodes {;   nodedata: ""\000\000\0009\001cEx]\211\377\330\315\004\203\271\200\243u\010|\336\346\203L\367\300g\364H\302\267\0331\0265+\223\224\300\342tR\375\000\000\000\000\000\000\000\000\000\000\000\000\000\000\000\000\000\000\000\000\000\000\000\000\000\000\000\000\000\000\000\000\352It\r\324\355\300\241R\256Kj{\027\253s\322\241\242\202:M5Y\371v\356\014\273\227E\030/\351\253^/\351\253_\n\000""; }; nodes {;   nodedata: ""\323C\344\327\264{\312-\017:\006{\177\344N\002\326bO\260\220\006\033\362\345\005U\221DzJ0\001\301\025%1L\307\t\261\262z\374\222T\301\274V\236\223\262\270Ct\362\337b\356\024*\324\320\351\317\002k\336\234\027v\351\217\260\303\360\233ZPZWr\246$w\313\313\r\243r\232\2234\373\3539:N\004Q\245\272D\312D\300\300\t\323\0257\345e\271\na\215{\226\255x%T\257\037\333\004\344_/R\006E\344\037@\210\363\010\336T\226\247'\204_{\261\370""1\235\2445\343\033Y!\212\201\341\272\225'\007$\326\324\037\357\234\037\364&\377\3672\247\231}\371V\326\205\371\215K\334\324\214\345\315\357<?6V\013\003""; }; ","ledgerHash: ""j\262\235LC5\315,\2758.\025\251J\276\032\252\276\237\336w\275\306no\345t\317\355,\333\255""; ledgerSeq: 57; type: liBASE; nodes {;   nodedata: ""\000\000\0009\001cEx]\211\377\330\315\004\203\271\200\243u\010|\336\346\203L\367\300g\364H\302\267\0331\0265+\223\224\300\342tR\375\000\000\000\000\000\000\000\000\000\000\000\000\000\000\000\000\000\000\000\000\000\000\000\000\000\000\000\000\000\000\000\000\352It\r\324\355\300\241R\256Kj{\027\253s\322\241\242\202:M5Y\371v\356\014\273\227E\030/\351\253^/\351\253_\n\000""; }; nodes {;   nodedata: ""\323C\344\327\264{\312-\017:\006{\177\344N\002\326bO\260\220\006\033\362\345\005U\221DzJ0\001\301\025%1L\307\t\261\262z\374\222T\301\274V\236\223\262\270Ct\362\337b\356\024*\324\320\351\317\002k\336\234\027v\351\217\260\303\360\233ZPZWr\246$w\313\313\r\243r\232\2234\373\3539:N\004Q\245\272D\312D\300\300\t\323\0257\345e\271\na\215{\226\255x%T\257\037\333\004\344_/R\006E\344\037@\210\363\010\336T\226\247'\204_{\261\370""1\235\2445\343\033Y!\212\201\341\272\225'\007$\326\324\037\357\234\037\364&\377\3672\247\231}\371V\326\205\371\215K\334\324\214\345\315\357<?6V\013\003""; }; "
1750527711540,1750527711540,0,1,2,1,TMLedgerData,"ledgerHash: ""j\262\235LC5\315,\2758.\025\251J\276\032\252\276\237\336w\275\306no\345t\317\355,\333\255""; ledgerSeq: 57; type: liBASE; nodes {;   nodedata: ""\000\000\0009\001cEx]\211\377\330\315\004\203\271\200\243u\010|\336\346\203L\367\300g\364H\302\267\0331\0265+\223\224\300\342tR\375\000\000\000\000\000\000\000\000\000\000\000\000\000\000\000\000\000\000\000\000\000\000\000\000\000\000\000\000\000\000\000\000\352It\r\324\355\300\241R\256Kj{\027\253s\322\241\242\202:M5Y\371v\356\014\273\227E\030/\351\253^/\351\253_\n\000""; }; nodes {;   nodedata: ""\323C\344\327\264{\312-\017:\006{\177\344N\002\326bO\260\220\006\033\362\345\005U\221DzJ0\001\301\025%1L\307\t\261\262z\374\222T\301\274V\236\223\262\270Ct\362\337b\356\024*\324\320\351\317\002k\336\234\027v\351\217\260\303\360\233ZPZWr\246$w\313\313\r\243r\232\2234\373\3539:N\004Q\245\272D\312D\300\300\t\323\0257\345e\271\na\215{\226\255x%T\257\037\333\004\344_/R\006E\344\037@\210\363\010\336T\226\247'\204_{\261\370""1\235\2445\343\033Y!\212\201\341\272\225'\007$\326\324\037\357\234\037\364&\377\3672\247\231}\371V\326\205\371\215K\334\324\214\345\315\357<?6V\013\003""; }; ","ledgerHash: ""j\262\235LC5\315,\2758.\025\251J\276\032\252\276\237\336w\275\306no\345t\317\355,\333\255""; ledgerSeq: 57; type: liBASE; nodes {;   nodedata: ""\000\000\0009\001cEx]\211\377\330\315\004\203\271\200\243u\010|\336\346\203L\367\300g\364H\302\267\0331\0265+\223\224\300\342tR\375\000\000\000\000\000\000\000\000\000\000\000\000\000\000\000\000\000\000\000\000\000\000\000\000\000\000\000\000\000\000\000\000\352It\r\324\355\300\241R\256Kj{\027\253s\322\241\242\202:M5Y\371v\356\014\273\227E\030/\351\253^/\351\253_\n\000""; }; nodes {;   nodedata: ""\323C\344\327\264{\312-\017:\006{\177\344N\002\326bO\260\220\006\033\362\345\005U\221DzJ0\001\301\025%1L\307\t\261\262z\374\222T\301\274V\236\223\262\270Ct\362\337b\356\024*\324\320\351\317\002k\336\234\027v\351\217\260\303\360\233ZPZWr\246$w\313\313\r\243r\232\2234\373\3539:N\004Q\245\272D\312D\300\300\t\323\0257\345e\271\na\215{\226\255x%T\257\037\333\004\344_/R\006E\344\037@\210\363\010\336T\226\247'\204_{\261\370""1\235\2445\343\033Y!\212\201\341\272\225'\007$\326\324\037\357\234\037\364&\377\3672\247\231}\371V\326\205\371\215K\334\324\214\345\315\357<?6V\013\003""; }; "
1750527711540,1750527711540,0,1,1,2,TMLedgerData,"ledgerHash: ""j\262\235LC5\315,\2758.\025\251J\276\032\252\276\237\336w\275\306no\345t\317\355,\333\255""; ledgerSeq: 57; type: liBASE; nodes {;   nodedata: ""\000\000\0009\001cEx]\211\377\330\315\004\203\271\200\243u\010|\336\346\203L\367\300g\364H\302\267\0331\0265+\223\224\300\342tR\375\000\000\000\000\000\000\000\000\000\000\000\000\000\000\000\000\000\000\000\000\000\000\000\000\000\000\000\000\000\000\000\000\352It\r\324\355\300\241R\256Kj{\027\253s\322\241\242\202:M5Y\371v\356\014\273\227E\030/\351\253^/\351\253_\n\000""; }; nodes {;   nodedata: ""\323C\344\327\264{\312-\017:\006{\177\344N\002\326bO\260\220\006\033\362\345\005U\221DzJ0\001\301\025%1L\307\t\261\262z\374\222T\301\274V\236\223\262\270Ct\362\337b\356\024*\324\320\351\317\002k\336\234\027v\351\217\260\303\360\233ZPZWr\246$w\313\313\r\243r\232\2234\373\3539:N\004Q\245\272D\312D\300\300\t\323\0257\345e\271\na\215{\226\255x%T\257\037\333\004\344_/R\006E\344\037@\210\363\010\336T\226\247'\204_{\261\370""1\235\2445\343\033Y!\212\201\341\272\225'\007$\326\324\037\357\234\037\364&\377\3672\247\231}\371V\326\205\371\215K\334\324\214\345\315\357<?6V\013\003""; }; ","ledgerHash: ""j\262\235LC5\315,\2758.\025\251J\276\032\252\276\237\336w\275\306no\345t\317\355,\333\255""; ledgerSeq: 57; type: liBASE; nodes {;   nodedata: ""\000\000\0009\001cEx]\211\377\330\315\004\203\271\200\243u\010|\336\346\203L\367\300g\364H\302\267\0331\0265+\223\224\300\342tR\375\000\000\000\000\000\000\000\000\000\000\000\000\000\000\000\000\000\000\000\000\000\000\000\000\000\000\000\000\000\000\000\000\352It\r\324\355\300\241R\256Kj{\027\253s\322\241\242\202:M5Y\371v\356\014\273\227E\030/\351\253^/\351\253_\n\000""; }; nodes {;   nodedata: ""\323C\344\327\264{\312-\017:\006{\177\344N\002\326bO\260\220\006\033\362\345\005U\221DzJ0\001\301\025%1L\307\t\261\262z\374\222T\301\274V\236\223\262\270Ct\362\337b\356\024*\324\320\351\317\002k\336\234\027v\351\217\260\303\360\233ZPZWr\246$w\313\313\r\243r\232\2234\373\3539:N\004Q\245\272D\312D\300\300\t\323\0257\345e\271\na\215{\226\255x%T\257\037\333\004\344_/R\006E\344\037@\210\363\010\336T\226\247'\204_{\261\370""1\235\2445\343\033Y!\212\201\341\272\225'\007$\326\324\037\357\234\037\364&\377\3672\247\231}\371V\326\205\371\215K\334\324\214\345\315\357<?6V\013\003""; }; "
1750527711542,1750527711542,0,1,0,1,TMLedgerData,"ledgerHash: ""j\262\235LC5\315,\2758.\025\251J\276\032\252\276\237\336w\275\306no\345t\317\355,\333\255""; ledgerSeq: 57; type: liBASE; nodes {;   nodedata: ""\000\000\0009\001cEx]\211\377\330\315\004\203\271\200\243u\010|\336\346\203L\367\300g\364H\302\267\0331\0265+\223\224\300\342tR\375\000\000\000\000\000\000\000\000\000\000\000\000\000\000\000\000\000\000\000\000\000\000\000\000\000\000\000\000\000\000\000\000\352It\r\324\355\300\241R\256Kj{\027\253s\322\241\242\202:M5Y\371v\356\014\273\227E\030/\351\253^/\351\253_\n\000""; }; nodes {;   nodedata: ""\323C\344\327\264{\312-\017:\006{\177\344N\002\326bO\260\220\006\033\362\345\005U\221DzJ0\001\301\025%1L\307\t\261\262z\374\222T\301\274V\236\223\262\270Ct\362\337b\356\024*\324\320\351\317\002k\336\234\027v\351\217\260\303\360\233ZPZWr\246$w\313\313\r\243r\232\2234\373\3539:N\004Q\245\272D\312D\300\300\t\323\0257\345e\271\na\215{\226\255x%T\257\037\333\004\344_/R\006E\344\037@\210\363\010\336T\226\247'\204_{\261\370""1\235\2445\343\033Y!\212\201\341\272\225'\007$\326\324\037\357\234\037\364&\377\3672\247\231}\371V\326\205\371\215K\334\324\214\345\315\357<?6V\013\003""; }; ","ledgerHash: ""j\262\235LC5\315,\2758.\025\251J\276\032\252\276\237\336w\275\306no\345t\317\355,\333\255""; ledgerSeq: 57; type: liBASE; nodes {;   nodedata: ""\000\000\0009\001cEx]\211\377\330\315\004\203\271\200\243u\010|\336\346\203L\367\300g\364H\302\267\0331\0265+\223\224\300\342tR\375\000\000\000\000\000\000\000\000\000\000\000\000\000\000\000\000\000\000\000\000\000\000\000\000\000\000\000\000\000\000\000\000\352It\r\324\355\300\241R\256Kj{\027\253s\322\241\242\202:M5Y\371v\356\014\273\227E\030/\351\253^/\351\253_\n\000""; }; nodes {;   nodedata: ""\323C\344\327\264{\312-\017:\006{\177\344N\002\326bO\260\220\006\033\362\345\005U\221DzJ0\001\301\025%1L\307\t\261\262z\374\222T\301\274V\236\223\262\270Ct\362\337b\356\024*\324\320\351\317\002k\336\234\027v\351\217\260\303\360\233ZPZWr\246$w\313\313\r\243r\232\2234\373\3539:N\004Q\245\272D\312D\300\300\t\323\0257\345e\271\na\215{\226\255x%T\257\037\333\004\344_/R\006E\344\037@\210\363\010\336T\226\247'\204_{\261\370""1\235\2445\343\033Y!\212\201\341\272\225'\007$\326\324\037\357\234\037\364&\377\3672\247\231}\371V\326\205\371\215K\334\324\214\345\315\357<?6V\013\003""; }; "
1750527711644,1750527711644,0,1,4,1,TMStatusChange,"newEvent: neACCEPTED_LEDGER; ledgerSeq: 57; ledgerHash: ""j\262\235LC5\315,\2758.\025\251J\276\032\252\276\237\336w\275\306no\345t\317\355,\333\255""; ledgerHashPrevious: ""\315\004\203\271\200\243u\010|\336\346\203L\367\300g\364H\302\267\0331\0265+\223\224\300\342tR\375""; networkTime: 803842911; firstSeq: 1; lastSeq: 56; ","newEvent: neACCEPTED_LEDGER; ledgerSeq: 57; ledgerHash: ""j\262\235LC5\315,\2758.\025\251J\276\032\252\276\237\336w\275\306no\345t\317\355,\333\255""; ledgerHashPrevious: ""\315\004\203\271\200\243u\010|\336\346\203L\367\300g\364H\302\267\0331\0265+\223\224\300\342tR\375""; networkTime: 803842911; firstSeq: 1; lastSeq: 56; "
1750527711645,1750527711645,0,1,4,2,TMStatusChange,"newEvent: neACCEPTED_LEDGER; ledgerSeq: 57; ledgerHash: ""j\262\235LC5\315,\2758.\025\251J\276\032\252\276\237\336w\275\306no\345t\317\355,\333\255""; ledgerHashPrevious: ""\315\004\203\271\200\243u\010|\336\346\203L\367\300g\364H\302\267\0331\0265+\223\224\300\342tR\375""; networkTime: 803842911; firstSeq: 1; lastSeq: 56; ","newEvent: neACCEPTED_LEDGER; ledgerSeq: 57; ledgerHash: ""j\262\235LC5\315,\2758.\025\251J\276\032\252\276\237\336w\275\306no\345t\317\355,\333\255""; ledgerHashPrevious: ""\315\004\203\271\200\243u\010|\336\346\203L\367\300g\364H\302\267\0331\0265+\223\224\300\342tR\375""; networkTime: 803842911; firstSeq: 1; lastSeq: 56; "
1750527711645,1750527711645,0,1,4,3,TMStatusChange,"newEvent: neACCEPTED_LEDGER; ledgerSeq: 57; ledgerHash: ""j\262\235LC5\315,\2758.\025\251J\276\032\252\276\237\336w\275\306no\345t\317\355,\333\255""; ledgerHashPrevious: ""\315\004\203\271\200\243u\010|\336\346\203L\367\300g\364H\302\267\0331\0265+\223\224\300\342tR\375""; networkTime: 803842911; firstSeq: 1; lastSeq: 56; ","newEvent: neACCEPTED_LEDGER; ledgerSeq: 57; ledgerHash: ""j\262\235LC5\315,\2758.\025\251J\276\032\252\276\237\336w\275\306no\345t\317\355,\333\255""; ledgerHashPrevious: ""\315\004\203\271\200\243u\010|\336\346\203L\367\300g\364H\302\267\0331\0265+\223\224\300\342tR\375""; networkTime: 803842911; firstSeq: 1; lastSeq: 56; "
1750527711645,1750527711645,0,1,4,0,TMStatusChange,"newEvent: neACCEPTED_LEDGER; ledgerSeq: 57; ledgerHash: ""j\262\235LC5\315,\2758.\025\251J\276\032\252\276\237\336w\275\306no\345t\317\355,\333\255""; ledgerHashPrevious: ""\315\004\203\271\200\243u\010|\336\346\203L\367\300g\364H\302\267\0331\0265+\223\224\300\342tR\375""; networkTime: 803842911; firstSeq: 1; lastSeq: 56; ","newEvent: neACCEPTED_LEDGER; ledgerSeq: 57; ledgerHash: ""j\262\235LC5\315,\2758.\025\251J\276\032\252\276\237\336w\275\306no\345t\317\355,\333\255""; ledgerHashPrevious: ""\315\004\203\271\200\243u\010|\336\346\203L\367\300g\364H\302\267\0331\0265+\223\224\300\342tR\375""; networkTime: 803842911; firstSeq: 1; lastSeq: 56; "
1750527711686,1750527711686,0,1,4,3,TMValidation,"validation: """"\200\000\000\001&\000\000\0009)/\351\253_:\r\302\353\023?\373\240rQj\262\235LC5\315,\2758.\025\251J\276\032\252\276\237\336w\275\306no\345t\317\355,\333\255P\027\000\000\000\000\000\000\000\000\000\000\000\000\000\000\000\000\000\000\000\000\000\000\000\000\000\000\000\000\000\000\000\000P\031\315\004\203\271\200\243u\010|\336\346\203L\367\300g\364H\302\267\0331\0265+\223\224\300\342tR\375s!\003R7o\362bV\300hf\266\241;}\200^\374\240\203[:\342Q\225\221\027y\372\255\235\216\323~vF0D\002 ^\376[]\340K\354\317\206{\222\210\261\326F\243lS\036\333H\3304Rm9\371\327:\274\227A\002 \035\270N,\232x{\014\365\354\235\235\227#\200\300\230\026S\234G4\273\225\004\271\0311D\355\030\260""; ","validation: """"\200\000\000\001&\000\000\0009)/\351\253_:\r\302\353\023?\373\240rQj\262\235LC5\315,\2758.\025\251J\276\032\252\276\237\336w\275\306no\345t\317\355,\333\255P\027\000\000\000\000\000\000\000\000\000\000\000\000\000\000\000\000\000\000\000\000\000\000\000\000\000\000\000\000\000\000\000\000P\031\315\004\203\271\200\243u\010|\336\346\203L\367\300g\364H\302\267\0331\0265+\223\224\300\342tR\375s!\003R7o\362bV\300hf\266\241;}\200^\374\240\203[:\342Q\225\221\027y\372\255\235\216\323~vF0D\002 ^\376[]\340K\354\317\206{\222\210\261\326F\243lS\036\333H\3304Rm9\371\327:\274\227A\002 \035\270N,\232x{\014\365\354\235\235\227#\200\300\230\026S\234G4\273\225\004\271\0311D\355\030\260""; "
1750527711686,1750527711686,0,1,4,0,TMValidation,"validation: """"\200\000\000\001&\000\000\0009)/\351\253_:\r\302\353\023?\373\240rQj\262\235LC5\315,\2758.\025\251J\276\032\252\276\237\336w\275\306no\345t\317\355,\333\255P\027\000\000\000\000\000\000\000\000\000\000\000\000\000\000\000\000\000\000\000\000\000\000\000\000\000\000\000\000\000\000\000\000P\031\315\004\203\271\200\243u\010|\336\346\203L\367\300g\364H\302\267\0331\0265+\223\224\300\342tR\375s!\003R7o\362bV\300hf\266\241;}\200^\374\240\203[:\342Q\225\221\027y\372\255\235\216\323~vF0D\002 ^\376[]\340K\354\317\206{\222\210\261\326F\243lS\036\333H\3304Rm9\371\327:\274\227A\002 \035\270N,\232x{\014\365\354\235\235\227#\200\300\230\026S\234G4\273\225\004\271\0311D\355\030\260""; ","validation: """"\200\000\000\001&\000\000\0009)/\351\253_:\r\302\353\023?\373\240rQj\262\235LC5\315,\2758.\025\251J\276\032\252\276\237\336w\275\306no\345t\317\355,\333\255P\027\000\000\000\000\000\000\000\000\000\000\000\000\000\000\000\000\000\000\000\000\000\000\000\000\000\000\000\000\000\000\000\000P\031\315\004\203\271\200\243u\010|\336\346\203L\367\300g\364H\302\267\0331\0265+\223\224\300\342tR\375s!\003R7o\362bV\300hf\266\241;}\200^\374\240\203[:\342Q\225\221\027y\372\255\235\216\323~vF0D\002 ^\376[]\340K\354\317\206{\222\210\261\326F\243lS\036\333H\3304Rm9\371\327:\274\227A\002 \035\270N,\232x{\014\365\354\235\235\227#\200\300\230\026S\234G4\273\225\004\271\0311D\355\030\260""; "
1750527711686,1750527711687,0,1,4,2,TMValidation,"validation: """"\200\000\000\001&\000\000\0009)/\351\253_:\r\302\353\023?\373\240rQj\262\235LC5\315,\2758.\025\251J\276\032\252\276\237\336w\275\306no\345t\317\355,\333\255P\027\000\000\000\000\000\000\000\000\000\000\000\000\000\000\000\000\000\000\000\000\000\000\000\000\000\000\000\000\000\000\000\000P\031\315\004\203\271\200\243u\010|\336\346\203L\367\300g\364H\302\267\0331\0265+\223\224\300\342tR\375s!\003R7o\362bV\300hf\266\241;}\200^\374\240\203[:\342Q\225\221\027y\372\255\235\216\323~vF0D\002 ^\376[]\340K\354\317\206{\222\210\261\326F\243lS\036\333H\3304Rm9\371\327:\274\227A\002 \035\270N,\232x{\014\365\354\235\235\227#\200\300\230\026S\234G4\273\225\004\271\0311D\355\030\260""; ","validation: """"\200\000\000\001&\000\000\0009)/\351\253_:\r\302\353\023?\373\240rQj\262\235LC5\315,\2758.\025\251J\276\032\252\276\237\336w\275\306no\345t\317\355,\333\255P\027\000\000\000\000\000\000\000\000\000\000\000\000\000\000\000\000\000\000\000\000\000\000\000\000\000\000\000\000\000\000\000\000P\031\315\004\203\271\200\243u\010|\336\346\203L\367\300g\364H\302\267\0331\0265+\223\224\300\342tR\375s!\003R7o\362bV\300hf\266\241;}\200^\374\240\203[:\342Q\225\221\027y\372\255\235\216\323~vF0D\002 ^\376[]\340K\354\317\206{\222\210\261\326F\243lS\036\333H\3304Rm9\371\327:\274\227A\002 \035\270N,\232x{\014\365\354\235\235\227#\200\300\230\026S\234G4\273\225\004\271\0311D\355\030\260""; "
1750527711687,1750527711687,0,1,4,1,TMValidation,"validation: """"\200\000\000\001&\000\000\0009)/\351\253_:\r\302\353\023?\373\240rQj\262\235LC5\315,\2758.\025\251J\276\032\252\276\237\336w\275\306no\345t\317\355,\333\255P\027\000\000\000\000\000\000\000\000\000\000\000\000\000\000\000\000\000\000\000\000\000\000\000\000\000\000\000\000\000\000\000\000P\031\315\004\203\271\200\243u\010|\336\346\203L\367\300g\364H\302\267\0331\0265+\223\224\300\342tR\375s!\003R7o\362bV\300hf\266\241;}\200^\374\240\203[:\342Q\225\221\027y\372\255\235\216\323~vF0D\002 ^\376[]\340K\354\317\206{\222\210\261\326F\243lS\036\333H\3304Rm9\371\327:\274\227A\002 \035\270N,\232x{\014\365\354\235\235\227#\200\300\230\026S\234G4\273\225\004\271\0311D\355\030\260""; ","validation: """"\200\000\000\001&\000\000\0009)/\351\253_:\r\302\353\023?\373\240rQj\262\235LC5\315,\2758.\025\251J\276\032\252\276\237\336w\275\306no\345t\317\355,\333\255P\027\000\000\000\000\000\000\000\000\000\000\000\000\000\000\000\000\000\000\000\000\000\000\000\000\000\000\000\000\000\000\000\000P\031\315\004\203\271\200\243u\010|\336\346\203L\367\300g\364H\302\267\0331\0265+\223\224\300\342tR\375s!\003R7o\362bV\300hf\266\241;}\200^\374\240\203[:\342Q\225\221\027y\372\255\235\216\323~vF0D\002 ^\376[]\340K\354\317\206{\222\210\261\326F\243lS\036\333H\3304Rm9\371\327:\274\227A\002 \035\270N,\232x{\014\365\354\235\235\227#\200\300\230\026S\234G4\273\225\004\271\0311D\355\030\260""; "
1750527711688,1750527711688,0,1,3,2,TMValidation,"validation: """"\200\000\000\001&\000\000\0009)/\351\253_:\r\302\353\023?\373\240rQj\262\235LC5\315,\2758.\025\251J\276\032\252\276\237\336w\275\306no\345t\317\355,\333\255P\027\000\000\000\000\000\000\000\000\000\000\000\000\000\000\000\000\000\000\000\000\000\000\000\000\000\000\000\000\000\000\000\000P\031\315\004\203\271\200\243u\010|\336\346\203L\367\300g\364H\302\267\0331\0265+\223\224\300\342tR\375s!\003R7o\362bV\300hf\266\241;}\200^\374\240\203[:\342Q\225\221\027y\372\255\235\216\323~vF0D\002 ^\376[]\340K\354\317\206{\222\210\261\326F\243lS\036\333H\3304Rm9\371\327:\274\227A\002 \035\270N,\232x{\014\365\354\235\235\227#\200\300\230\026S\234G4\273\225\004\271\0311D\355\030\260""; ","validation: """"\200\000\000\001&\000\000\0009)/\351\253_:\r\302\353\023?\373\240rQj\262\235LC5\315,\2758.\025\251J\276\032\252\276\237\336w\275\306no\345t\317\355,\333\255P\027\000\000\000\000\000\000\000\000\000\000\000\000\000\000\000\000\000\000\000\000\000\000\000\000\000\000\000\000\000\000\000\000P\031\315\004\203\271\200\243u\010|\336\346\203L\367\300g\364H\302\267\0331\0265+\223\224\300\342tR\375s!\003R7o\362bV\300hf\266\241;}\200^\374\240\203[:\342Q\225\221\027y\372\255\235\216\323~vF0D\002 ^\376[]\340K\354\317\206{\222\210\261\326F\243lS\036\333H\3304Rm9\371\327:\274\227A\002 \035\270N,\232x{\014\365\354\235\235\227#\200\300\230\026S\234G4\273\225\004\271\0311D\355\030\260""; "
1750527711689,1750527711689,0,1,0,3,TMValidation,"validation: """"\200\000\000\001&\000\000\0009)/\351\253_:\r\302\353\023?\373\240rQj\262\235LC5\315,\2758.\025\251J\276\032\252\276\237\336w\275\306no\345t\317\355,\333\255P\027\000\000\000\000\000\000\000\000\000\000\000\000\000\000\000\000\000\000\000\000\000\000\000\000\000\000\000\000\000\000\000\000P\031\315\004\203\271\200\243u\010|\336\346\203L\367\300g\364H\302\267\0331\0265+\223\224\300\342tR\375s!\003R7o\362bV\300hf\266\241;}\200^\374\240\203[:\342Q\225\221\027y\372\255\235\216\323~vF0D\002 ^\376[]\340K\354\317\206{\222\210\261\326F\243lS\036\333H\3304Rm9\371\327:\274\227A\002 \035\270N,\232x{\014\365\354\235\235\227#\200\300\230\026S\234G4\273\225\004\271\0311D\355\030\260""; ","validation: """"\200\000\000\001&\000\000\0009)/\351\253_:\r\302\353\023?\373\240rQj\262\235LC5\315,\2758.\025\251J\276\032\252\276\237\336w\275\306no\345t\317\355,\333\255P\027\000\000\000\000\000\000\000\000\000\000\000\000\000\000\000\000\000\000\000\000\000\000\000\000\000\000\000\000\000\000\000\000P\031\315\004\203\271\200\243u\010|\336\346\203L\367\300g\364H\302\267\0331\0265+\223\224\300\342tR\375s!\003R7o\362bV\300hf\266\241;}\200^\374\240\203[:\342Q\225\221\027y\372\255\235\216\323~vF0D\002 ^\376[]\340K\354\317\206{\222\210\261\326F\243lS\036\333H\3304Rm9\371\327:\274\227A\002 \035\270N,\232x{\014\365\354\235\235\227#\200\300\230\026S\234G4\273\225\004\271\0311D\355\030\260""; "
1750527711689,1750527711690,0,1,3,0,TMValidation,"validation: """"\200\000\000\001&\000\000\0009)/\351\253_:\r\302\353\023?\373\240rQj\262\235LC5\315,\2758.\025\251J\276\032\252\276\237\336w\275\306no\345t\317\355,\333\255P\027\000\000\000\000\000\000\000\000\000\000\000\000\000\000\000\000\000\000\000\000\000\000\000\000\000\000\000\000\000\000\000\000P\031\315\004\203\271\200\243u\010|\336\346\203L\367\300g\364H\302\267\0331\0265+\223\224\300\342tR\375s!\003R7o\362bV\300hf\266\241;}\200^\374\240\203[:\342Q\225\221\027y\372\255\235\216\323~vF0D\002 ^\376[]\340K\354\317\206{\222\210\261\326F\243lS\036\333H\3304Rm9\371\327:\274\227A\002 \035\270N,\232x{\014\365\354\235\235\227#\200\300\230\026S\234G4\273\225\004\271\0311D\355\030\260""; ","validation: """"\200\000\000\001&\000\000\0009)/\351\253_:\r\302\353\023?\373\240rQj\262\235LC5\315,\2758.\025\251J\276\032\252\276\237\336w\275\306no\345t\317\355,\333\255P\027\000\000\000\000\000\000\000\000\000\000\000\000\000\000\000\000\000\000\000\000\000\000\000\000\000\000\000\000\000\000\000\000P\031\315\004\203\271\200\243u\010|\336\346\203L\367\300g\364H\302\267\0331\0265+\223\224\300\342tR\375s!\003R7o\362bV\300hf\266\241;}\200^\374\240\203[:\342Q\225\221\027y\372\255\235\216\323~vF0D\002 ^\376[]\340K\354\317\206{\222\210\261\326F\243lS\036\333H\3304Rm9\371\327:\274\227A\002 \035\270N,\232x{\014\365\354\235\235\227#\200\300\230\026S\234G4\273\225\004\271\0311D\355\030\260""; "
1750527711689,1750527711689,0,1,0,1,TMValidation,"validation: """"\200\000\000\001&\000\000\0009)/\351\253_:\r\302\353\023?\373\240rQj\262\235LC5\315,\2758.\025\251J\276\032\252\276\237\336w\275\306no\345t\317\355,\333\255P\027\000\000\000\000\000\000\000\000\000\000\000\000\000\000\000\000\000\000\000\000\000\000\000\000\000\000\000\000\000\000\000\000P\031\315\004\203\271\200\243u\010|\336\346\203L\367\300g\364H\302\267\0331\0265+\223\224\300\342tR\375s!\003R7o\362bV\300hf\266\241;}\200^\374\240\203[:\342Q\225\221\027y\372\255\235\216\323~vF0D\002 ^\376[]\340K\354\317\206{\222\210\261\326F\243lS\036\333H\3304Rm9\371\327:\274\227A\002 \035\270N,\232x{\014\365\354\235\235\227#\200\300\230\026S\234G4\273\225\004\271\0311D\355\030\260""; ","validation: """"\200\000\000\001&\000\000\0009)/\351\253_:\r\302\353\023?\373\240rQj\262\235LC5\315,\2758.\025\251J\276\032\252\276\237\336w\275\306no\345t\317\355,\333\255P\027\000\000\000\000\000\000\000\000\000\000\000\000\000\000\000\000\000\000\000\000\000\000\000\000\000\000\000\000\000\000\000\000P\031\315\004\203\271\200\243u\010|\336\346\203L\367\300g\364H\302\267\0331\0265+\223\224\300\342tR\375s!\003R7o\362bV\300hf\266\241;}\200^\374\240\203[:\342Q\225\221\027y\372\255\235\216\323~vF0D\002 ^\376[]\340K\354\317\206{\222\210\261\326F\243lS\036\333H\3304Rm9\371\327:\274\227A\002 \035\270N,\232x{\014\365\354\235\235\227#\200\300\230\026S\234G4\273\225\004\271\0311D\355\030\260""; "
1750527711690,1750527711690,0,1,2,3,TMValidation,"validation: """"\200\000\000\001&\000\000\0009)/\351\253_:\r\302\353\023?\373\240rQj\262\235LC5\315,\2758.\025\251J\276\032\252\276\237\336w\275\306no\345t\317\355,\333\255P\027\000\000\000\000\000\000\000\000\000\000\000\000\000\000\000\000\000\000\000\000\000\000\000\000\000\000\000\000\000\000\000\000P\031\315\004\203\271\200\243u\010|\336\346\203L\367\300g\364H\302\267\0331\0265+\223\224\300\342tR\375s!\003R7o\362bV\300hf\266\241;}\200^\374\240\203[:\342Q\225\221\027y\372\255\235\216\323~vF0D\002 ^\376[]\340K\354\317\206{\222\210\261\326F\243lS\036\333H\3304Rm9\371\327:\274\227A\002 \035\270N,\232x{\014\365\354\235\235\227#\200\300\230\026S\234G4\273\225\004\271\0311D\355\030\260""; ","validation: """"\200\000\000\001&\000\000\0009)/\351\253_:\r\302\353\023?\373\240rQj\262\235LC5\315,\2758.\025\251J\276\032\252\276\237\336w\275\306no\345t\317\355,\333\255P\027\000\000\000\000\000\000\000\000\000\000\000\000\000\000\000\000\000\000\000\000\000\000\000\000\000\000\000\000\000\000\000\000P\031\315\004\203\271\200\243u\010|\336\346\203L\367\300g\364H\302\267\0331\0265+\223\224\300\342tR\375s!\003R7o\362bV\300hf\266\241;}\200^\374\240\203[:\342Q\225\221\027y\372\255\235\216\323~vF0D\002 ^\376[]\340K\354\317\206{\222\210\261\326F\243lS\036\333H\3304Rm9\371\327:\274\227A\002 \035\270N,\232x{\014\365\354\235\235\227#\200\300\230\026S\234G4\273\225\004\271\0311D\355\030\260""; "
1750527711690,1750527711690,0,1,0,2,TMValidation,"validation: """"\200\000\000\001&\000\000\0009)/\351\253_:\r\302\353\023?\373\240rQj\262\235LC5\315,\2758.\025\251J\276\032\252\276\237\336w\275\306no\345t\317\355,\333\255P\027\000\000\000\000\000\000\000\000\000\000\000\000\000\000\000\000\000\000\000\000\000\000\000\000\000\000\000\000\000\000\000\000P\031\315\004\203\271\200\243u\010|\336\346\203L\367\300g\364H\302\267\0331\0265+\223\224\300\342tR\375s!\003R7o\362bV\300hf\266\241;}\200^\374\240\203[:\342Q\225\221\027y\372\255\235\216\323~vF0D\002 ^\376[]\340K\354\317\206{\222\210\261\326F\243lS\036\333H\3304Rm9\371\327:\274\227A\002 \035\270N,\232x{\014\365\354\235\235\227#\200\300\230\026S\234G4\273\225\004\271\0311D\355\030\260""; ","validation: """"\200\000\000\001&\000\000\0009)/\351\253_:\r\302\353\023?\373\240rQj\262\235LC5\315,\2758.\025\251J\276\032\252\276\237\336w\275\306no\345t\317\355,\333\255P\027\000\000\000\000\000\000\000\000\000\000\000\000\000\000\000\000\000\000\000\000\000\000\000\000\000\000\000\000\000\000\000\000P\031\315\004\203\271\200\243u\010|\336\346\203L\367\300g\364H\302\267\0331\0265+\223\224\300\342tR\375s!\003R7o\362bV\300hf\266\241;}\200^\374\240\203[:\342Q\225\221\027y\372\255\235\216\323~vF0D\002 ^\376[]\340K\354\317\206{\222\210\261\326F\243lS\036\333H\3304Rm9\371\327:\274\227A\002 \035\270N,\232x{\014\365\354\235\235\227#\200\300\230\026S\234G4\273\225\004\271\0311D\355\030\260""; "
1750527711691,1750527711691,0,1,3,1,TMValidation,"validation: """"\200\000\000\001&\000\000\0009)/\351\253_:\r\302\353\023?\373\240rQj\262\235LC5\315,\2758.\025\251J\276\032\252\276\237\336w\275\306no\345t\317\355,\333\255P\027\000\000\000\000\000\000\000\000\000\000\000\000\000\000\000\000\000\000\000\000\000\000\000\000\000\000\000\000\000\000\000\000P\031\315\004\203\271\200\243u\010|\336\346\203L\367\300g\364H\302\267\0331\0265+\223\224\300\342tR\375s!\003R7o\362bV\300hf\266\241;}\200^\374\240\203[:\342Q\225\221\027y\372\255\235\216\323~vF0D\002 ^\376[]\340K\354\317\206{\222\210\261\326F\243lS\036\333H\3304Rm9\371\327:\274\227A\002 \035\270N,\232x{\014\365\354\235\235\227#\200\300\230\026S\234G4\273\225\004\271\0311D\355\030\260""; ","validation: """"\200\000\000\001&\000\000\0009)/\351\253_:\r\302\353\023?\373\240rQj\262\235LC5\315,\2758.\025\251J\276\032\252\276\237\336w\275\306no\345t\317\355,\333\255P\027\000\000\000\000\000\000\000\000\000\000\000\000\000\000\000\000\000\000\000\000\000\000\000\000\000\000\000\000\000\000\000\000P\031\315\004\203\271\200\243u\010|\336\346\203L\367\300g\364H\302\267\0331\0265+\223\224\300\342tR\375s!\003R7o\362bV\300hf\266\241;}\200^\374\240\203[:\342Q\225\221\027y\372\255\235\216\323~vF0D\002 ^\376[]\340K\354\317\206{\222\210\261\326F\243lS\036\333H\3304Rm9\371\327:\274\227A\002 \035\270N,\232x{\014\365\354\235\235\227#\200\300\230\026S\234G4\273\225\004\271\0311D\355\030\260""; "
1750527711691,1750527711691,0,1,1,3,TMValidation,"validation: """"\200\000\000\001&\000\000\0009)/\351\253_:\r\302\353\023?\373\240rQj\262\235LC5\315,\2758.\025\251J\276\032\252\276\237\336w\275\306no\345t\317\355,\333\255P\027\000\000\000\000\000\000\000\000\000\000\000\000\000\000\000\000\000\000\000\000\000\000\000\000\000\000\000\000\000\000\000\000P\031\315\004\203\271\200\243u\010|\336\346\203L\367\300g\364H\302\267\0331\0265+\223\224\300\342tR\375s!\003R7o\362bV\300hf\266\241;}\200^\374\240\203[:\342Q\225\221\027y\372\255\235\216\323~vF0D\002 ^\376[]\340K\354\317\206{\222\210\261\326F\243lS\036\333H\3304Rm9\371\327:\274\227A\002 \035\270N,\232x{\014\365\354\235\235\227#\200\300\230\026S\234G4\273\225\004\271\0311D\355\030\260""; ","validation: """"\200\000\000\001&\000\000\0009)/\351\253_:\r\302\353\023?\373\240rQj\262\235LC5\315,\2758.\025\251J\276\032\252\276\237\336w\275\306no\345t\317\355,\333\255P\027\000\000\000\000\000\000\000\000\000\000\000\000\000\000\000\000\000\000\000\000\000\000\000\000\000\000\000\000\000\000\000\000P\031\315\004\203\271\200\243u\010|\336\346\203L\367\300g\364H\302\267\0331\0265+\223\224\300\342tR\375s!\003R7o\362bV\300hf\266\241;}\200^\374\240\203[:\342Q\225\221\027y\372\255\235\216\323~vF0D\002 ^\376[]\340K\354\317\206{\222\210\261\326F\243lS\036\333H\3304Rm9\371\327:\274\227A\002 \035\270N,\232x{\014\365\354\235\235\227#\200\300\230\026S\234G4\273\225\004\271\0311D\355\030\260""; "
1750527711691,1750527711691,0,1,2,1,TMValidation,"validation: """"\200\000\000\001&\000\000\0009)/\351\253_:\r\302\353\023?\373\240rQj\262\235LC5\315,\2758.\025\251J\276\032\252\276\237\336w\275\306no\345t\317\355,\333\255P\027\000\000\000\000\000\000\000\000\000\000\000\000\000\000\000\000\000\000\000\000\000\000\000\000\000\000\000\000\000\000\000\000P\031\315\004\203\271\200\243u\010|\336\346\203L\367\300g\364H\302\267\0331\0265+\223\224\300\342tR\375s!\003R7o\362bV\300hf\266\241;}\200^\374\240\203[:\342Q\225\221\027y\372\255\235\216\323~vF0D\002 ^\376[]\340K\354\317\206{\222\210\261\326F\243lS\036\333H\3304Rm9\371\327:\274\227A\002 \035\270N,\232x{\014\365\354\235\235\227#\200\300\230\026S\234G4\273\225\004\271\0311D\355\030\260""; ","validation: """"\200\000\000\001&\000\000\0009)/\351\253_:\r\302\353\023?\373\240rQj\262\235LC5\315,\2758.\025\251J\276\032\252\276\237\336w\275\306no\345t\317\355,\333\255P\027\000\000\000\000\000\000\000\000\000\000\000\000\000\000\000\000\000\000\000\000\000\000\000\000\000\000\000\000\000\000\000\000P\031\315\004\203\271\200\243u\010|\336\346\203L\367\300g\364H\302\267\0331\0265+\223\224\300\342tR\375s!\003R7o\362bV\300hf\266\241;}\200^\374\240\203[:\342Q\225\221\027y\372\255\235\216\323~vF0D\002 ^\376[]\340K\354\317\206{\222\210\261\326F\243lS\036\333H\3304Rm9\371\327:\274\227A\002 \035\270N,\232x{\014\365\354\235\235\227#\200\300\230\026S\234G4\273\225\004\271\0311D\355\030\260""; "
1750527711691,1750527711691,0,1,2,0,TMValidation,"validation: """"\200\000\000\001&\000\000\0009)/\351\253_:\r\302\353\023?\373\240rQj\262\235LC5\315,\2758.\025\251J\276\032\252\276\237\336w\275\306no\345t\317\355,\333\255P\027\000\000\000\000\000\000\000\000\000\000\000\000\000\000\000\000\000\000\000\000\000\000\000\000\000\000\000\000\000\000\000\000P\031\315\004\203\271\200\243u\010|\336\346\203L\367\300g\364H\302\267\0331\0265+\223\224\300\342tR\375s!\003R7o\362bV\300hf\266\241;}\200^\374\240\203[:\342Q\225\221\027y\372\255\235\216\323~vF0D\002 ^\376[]\340K\354\317\206{\222\210\261\326F\243lS\036\333H\3304Rm9\371\327:\274\227A\002 \035\270N,\232x{\014\365\354\235\235\227#\200\300\230\026S\234G4\273\225\004\271\0311D\355\030\260""; ","validation: """"\200\000\000\001&\000\000\0009)/\351\253_:\r\302\353\023?\373\240rQj\262\235LC5\315,\2758.\025\251J\276\032\252\276\237\336w\275\306no\345t\317\355,\333\255P\027\000\000\000\000\000\000\000\000\000\000\000\000\000\000\000\000\000\000\000\000\000\000\000\000\000\000\000\000\000\000\000\000P\031\315\004\203\271\200\243u\010|\336\346\203L\367\300g\364H\302\267\0331\0265+\223\224\300\342tR\375s!\003R7o\362bV\300hf\266\241;}\200^\374\240\203[:\342Q\225\221\027y\372\255\235\216\323~vF0D\002 ^\376[]\340K\354\317\206{\222\210\261\326F\243lS\036\333H\3304Rm9\371\327:\274\227A\002 \035\270N,\232x{\014\365\354\235\235\227#\200\300\230\026S\234G4\273\225\004\271\0311D\355\030\260""; "
1750527711692,1750527711692,0,1,1,2,TMValidation,"validation: """"\200\000\000\001&\000\000\0009)/\351\253_:\r\302\353\023?\373\240rQj\262\235LC5\315,\2758.\025\251J\276\032\252\276\237\336w\275\306no\345t\317\355,\333\255P\027\000\000\000\000\000\000\000\000\000\000\000\000\000\000\000\000\000\000\000\000\000\000\000\000\000\000\000\000\000\000\000\000P\031\315\004\203\271\200\243u\010|\336\346\203L\367\300g\364H\302\267\0331\0265+\223\224\300\342tR\375s!\003R7o\362bV\300hf\266\241;}\200^\374\240\203[:\342Q\225\221\027y\372\255\235\216\323~vF0D\002 ^\376[]\340K\354\317\206{\222\210\261\326F\243lS\036\333H\3304Rm9\371\327:\274\227A\002 \035\270N,\232x{\014\365\354\235\235\227#\200\300\230\026S\234G4\273\225\004\271\0311D\355\030\260""; ","validation: """"\200\000\000\001&\000\000\0009)/\351\253_:\r\302\353\023?\373\240rQj\262\235LC5\315,\2758.\025\251J\276\032\252\276\237\336w\275\306no\345t\317\355,\333\255P\027\000\000\000\000\000\000\000\000\000\000\000\000\000\000\000\000\000\000\000\000\000\000\000\000\000\000\000\000\000\000\000\000P\031\315\004\203\271\200\243u\010|\336\346\203L\367\300g\364H\302\267\0331\0265+\223\224\300\342tR\375s!\003R7o\362bV\300hf\266\241;}\200^\374\240\203[:\342Q\225\221\027y\372\255\235\216\323~vF0D\002 ^\376[]\340K\354\317\206{\222\210\261\326F\243lS\036\333H\3304Rm9\371\327:\274\227A\002 \035\270N,\232x{\014\365\354\235\235\227#\200\300\230\026S\234G4\273\225\004\271\0311D\355\030\260""; "
1750527711692,1750527711692,0,1,1,0,TMValidation,"validation: """"\200\000\000\001&\000\000\0009)/\351\253_:\r\302\353\023?\373\240rQj\262\235LC5\315,\2758.\025\251J\276\032\252\276\237\336w\275\306no\345t\317\355,\333\255P\027\000\000\000\000\000\000\000\000\000\000\000\000\000\000\000\000\000\000\000\000\000\000\000\000\000\000\000\000\000\000\000\000P\031\315\004\203\271\200\243u\010|\336\346\203L\367\300g\364H\302\267\0331\0265+\223\224\300\342tR\375s!\003R7o\362bV\300hf\266\241;}\200^\374\240\203[:\342Q\225\221\027y\372\255\235\216\323~vF0D\002 ^\376[]\340K\354\317\206{\222\210\261\326F\243lS\036\333H\3304Rm9\371\327:\274\227A\002 \035\270N,\232x{\014\365\354\235\235\227#\200\300\230\026S\234G4\273\225\004\271\0311D\355\030\260""; ","validation: """"\200\000\000\001&\000\000\0009)/\351\253_:\r\302\353\023?\373\240rQj\262\235LC5\315,\2758.\025\251J\276\032\252\276\237\336w\275\306no\345t\317\355,\333\255P\027\000\000\000\000\000\000\000\000\000\000\000\000\000\000\000\000\000\000\000\000\000\000\000\000\000\000\000\000\000\000\000\000P\031\315\004\203\271\200\243u\010|\336\346\203L\367\300g\364H\302\267\0331\0265+\223\224\300\342tR\375s!\003R7o\362bV\300hf\266\241;}\200^\374\240\203[:\342Q\225\221\027y\372\255\235\216\323~vF0D\002 ^\376[]\340K\354\317\206{\222\210\261\326F\243lS\036\333H\3304Rm9\371\327:\274\227A\002 \035\270N,\232x{\014\365\354\235\235\227#\200\300\230\026S\234G4\273\225\004\271\0311D\355\030\260""; "
1750527712526,1750527712526,0,1,3,2,TMProposeSet,"proposeSeq: 0; currentTxHash: ""\000\000\000\000\000\000\000\000\000\000\000\000\000\000\000\000\000\000\000\000\000\000\000\000\000\000\000\000\000\000\000\000""; nodePubKey: ""\002\364d\217\366\217|\316F\232\231\241\n\261\333`\312O\367\235\025DD\336e\367\n\312\326\221\037\025\230""; closeTime: 803842912; signature: ""0E\002!\000\250\t\027)\323\017(Bd:\204tk\257\204\370\3659@W\006\030TI\326\362W\267\376\331\r\272\002 \031\324\373sIy\254f\013q\026\347\223\276\203 \030<\364\305\243\263\255\270c\344\306\220\243\326\021y""; previousledger: ""j\262\235LC5\315,\2758.\025\251J\276\032\252\276\237\336w\275\306no\345t\317\355,\333\255""; ","proposeSeq: 0; currentTxHash: ""\000\000\000\000\000\000\000\000\000\000\000\000\000\000\000\000\000\000\000\000\000\000\000\000\000\000\000\000\000\000\000\000""; nodePubKey: ""\002\364d\217\366\217|\316F\232\231\241\n\261\333`\312O\367\235\025DD\336e\367\n\312\326\221\037\025\230""; closeTime: 803842912; signature: ""0E\002!\000\250\t\027)\323\017(Bd:\204tk\257\204\370\3659@W\006\030TI\326\362W\267\376\331\r\272\002 \031\324\373sIy\254f\013q\026\347\223\276\203 \030<\364\305\243\263\255\270c\344\306\220\243\326\021y""; previousledger: ""j\262\235LC5\315,\2758.\025\251J\276\032\252\276\237\336w\275\306no\345t\317\355,\333\255""; "
1750527712527,1750527712527,0,1,3,4,TMProposeSet,"proposeSeq: 0; currentTxHash: ""\000\000\000\000\000\000\000\000\000\000\000\000\000\000\000\000\000\000\000\000\000\000\000\000\000\000\000\000\000\000\000\000""; nodePubKey: ""\002\364d\217\366\217|\316F\232\231\241\n\261\333`\312O\367\235\025DD\336e\367\n\312\326\221\037\025\230""; closeTime: 803842912; signature: ""0E\002!\000\250\t\027)\323\017(Bd:\204tk\257\204\370\3659@W\006\030TI\326\362W\267\376\331\r\272\002 \031\324\373sIy\254f\013q\026\347\223\276\203 \030<\364\305\243\263\255\270c\344\306\220\243\326\021y""; previousledger: ""j\262\235LC5\315,\2758.\025\251J\276\032\252\276\237\336w\275\306no\345t\317\355,\333\255""; ","proposeSeq: 0; currentTxHash: ""\000\000\000\000\000\000\000\000\000\000\000\000\000\000\000\000\000\000\000\000\000\000\000\000\000\000\000\000\000\000\000\000""; nodePubKey: ""\002\364d\217\366\217|\316F\232\231\241\n\261\333`\312O\367\235\025DD\336e\367\n\312\326\221\037\025\230""; closeTime: 803842912; signature: ""0E\002!\000\250\t\027)\323\017(Bd:\204tk\257\204\370\3659@W\006\030TI\326\362W\267\376\331\r\272\002 \031\324\373sIy\254f\013q\026\347\223\276\203 \030<\364\305\243\263\255\270c\344\306\220\243\326\021y""; previousledger: ""j\262\235LC5\315,\2758.\025\251J\276\032\252\276\237\336w\275\306no\345t\317\355,\333\255""; "
1750527712527,1750527712527,0,1,3,0,TMProposeSet,"proposeSeq: 0; currentTxHash: ""\000\000\000\000\000\000\000\000\000\000\000\000\000\000\000\000\000\000\000\000\000\000\000\000\000\000\000\000\000\000\000\000""; nodePubKey: ""\002\364d\217\366\217|\316F\232\231\241\n\261\333`\312O\367\235\025DD\336e\367\n\312\326\221\037\025\230""; closeTime: 803842912; signature: ""0E\002!\000\250\t\027)\323\017(Bd:\204tk\257\204\370\3659@W\006\030TI\326\362W\267\376\331\r\272\002 \031\324\373sIy\254f\013q\026\347\223\276\203 \030<\364\305\243\263\255\270c\344\306\220\243\326\021y""; previousledger: ""j\262\235LC5\315,\2758.\025\251J\276\032\252\276\237\336w\275\306no\345t\317\355,\333\255""; ","proposeSeq: 0; currentTxHash: ""\000\000\000\000\000\000\000\000\000\000\000\000\000\000\000\000\000\000\000\000\000\000\000\000\000\000\000\000\000\000\000\000""; nodePubKey: ""\002\364d\217\366\217|\316F\232\231\241\n\261\333`\312O\367\235\025DD\336e\367\n\312\326\221\037\025\230""; closeTime: 803842912; signature: ""0E\002!\000\250\t\027)\323\017(Bd:\204tk\257\204\370\3659@W\006\030TI\326\362W\267\376\331\r\272\002 \031\324\373sIy\254f\013q\026\347\223\276\203 \030<\364\305\243\263\255\270c\344\306\220\243\326\021y""; previousledger: ""j\262\235LC5\315,\2758.\025\251J\276\032\252\276\237\336w\275\306no\345t\317\355,\333\255""; "
1750527712528,1750527712528,0,1,3,1,TMProposeSet,"proposeSeq: 0; currentTxHash: ""\000\000\000\000\000\000\000\000\000\000\000\000\000\000\000\000\000\000\000\000\000\000\000\000\000\000\000\000\000\000\000\000""; nodePubKey: ""\002\364d\217\366\217|\316F\232\231\241\n\261\333`\312O\367\235\025DD\336e\367\n\312\326\221\037\025\230""; closeTime: 803842912; signature: ""0E\002!\000\250\t\027)\323\017(Bd:\204tk\257\204\370\3659@W\006\030TI\326\362W\267\376\331\r\272\002 \031\324\373sIy\254f\013q\026\347\223\276\203 \030<\364\305\243\263\255\270c\344\306\220\243\326\021y""; previousledger: ""j\262\235LC5\315,\2758.\025\251J\276\032\252\276\237\336w\275\306no\345t\317\355,\333\255""; ","proposeSeq: 0; currentTxHash: ""\000\000\000\000\000\000\000\000\000\000\000\000\000\000\000\000\000\000\000\000\000\000\000\000\000\000\000\000\000\000\000\000""; nodePubKey: ""\002\364d\217\366\217|\316F\232\231\241\n\261\333`\312O\367\235\025DD\336e\367\n\312\326\221\037\025\230""; closeTime: 803842912; signature: ""0E\002!\000\250\t\027)\323\017(Bd:\204tk\257\204\370\3659@W\006\030TI\326\362W\267\376\331\r\272\002 \031\324\373sIy\254f\013q\026\347\223\276\203 \030<\364\305\243\263\255\270c\344\306\220\243\326\021y""; previousledger: ""j\262\235LC5\315,\2758.\025\251J\276\032\252\276\237\336w\275\306no\345t\317\355,\333\255""; "
1750527712530,1750527712530,0,1,4,0,TMProposeSet,"proposeSeq: 0; currentTxHash: ""\000\000\000\000\000\000\000\000\000\000\000\000\000\000\000\000\000\000\000\000\000\000\000\000\000\000\000\000\000\000\000\000""; nodePubKey: ""\002\364d\217\366\217|\316F\232\231\241\n\261\333`\312O\367\235\025DD\336e\367\n\312\326\221\037\025\230""; closeTime: 803842912; signature: ""0E\002!\000\250\t\027)\323\017(Bd:\204tk\257\204\370\3659@W\006\030TI\326\362W\267\376\331\r\272\002 \031\324\373sIy\254f\013q\026\347\223\276\203 \030<\364\305\243\263\255\270c\344\306\220\243\326\021y""; previousledger: ""j\262\235LC5\315,\2758.\025\251J\276\032\252\276\237\336w\275\306no\345t\317\355,\333\255""; ","proposeSeq: 0; currentTxHash: ""\000\000\000\000\000\000\000\000\000\000\000\000\000\000\000\000\000\000\000\000\000\000\000\000\000\000\000\000\000\000\000\000""; nodePubKey: ""\002\364d\217\366\217|\316F\232\231\241\n\261\333`\312O\367\235\025DD\336e\367\n\312\326\221\037\025\230""; closeTime: 803842912; signature: ""0E\002!\000\250\t\027)\323\017(Bd:\204tk\257\204\370\3659@W\006\030TI\326\362W\267\376\331\r\272\002 \031\324\373sIy\254f\013q\026\347\223\276\203 \030<\364\305\243\263\255\270c\344\306\220\243\326\021y""; previousledger: ""j\262\235LC5\315,\2758.\025\251J\276\032\252\276\237\336w\275\306no\345t\317\355,\333\255""; "
1750527712530,1750527712530,0,1,4,2,TMProposeSet,"proposeSeq: 0; currentTxHash: ""\000\000\000\000\000\000\000\000\000\000\000\000\000\000\000\000\000\000\000\000\000\000\000\000\000\000\000\000\000\000\000\000""; nodePubKey: ""\002\364d\217\366\217|\316F\232\231\241\n\261\333`\312O\367\235\025DD\336e\367\n\312\326\221\037\025\230""; closeTime: 803842912; signature: ""0E\002!\000\250\t\027)\323\017(Bd:\204tk\257\204\370\3659@W\006\030TI\326\362W\267\376\331\r\272\002 \031\324\373sIy\254f\013q\026\347\223\276\203 \030<\364\305\243\263\255\270c\344\306\220\243\326\021y""; previousledger: ""j\262\235LC5\315,\2758.\025\251J\276\032\252\276\237\336w\275\306no\345t\317\355,\333\255""; ","proposeSeq: 0; currentTxHash: ""\000\000\000\000\000\000\000\000\000\000\000\000\000\000\000\000\000\000\000\000\000\000\000\000\000\000\000\000\000\000\000\000""; nodePubKey: ""\002\364d\217\366\217|\316F\232\231\241\n\261\333`\312O\367\235\025DD\336e\367\n\312\326\221\037\025\230""; closeTime: 803842912; signature: ""0E\002!\000\250\t\027)\323\017(Bd:\204tk\257\204\370\3659@W\006\030TI\326\362W\267\376\331\r\272\002 \031\324\373sIy\254f\013q\026\347\223\276\203 \030<\364\305\243\263\255\270c\344\306\220\243\326\021y""; previousledger: ""j\262\235LC5\315,\2758.\025\251J\276\032\252\276\237\336w\275\306no\345t\317\355,\333\255""; "
1750527712530,1750527712530,0,1,4,1,TMProposeSet,"proposeSeq: 0; currentTxHash: ""\000\000\000\000\000\000\000\000\000\000\000\000\000\000\000\000\000\000\000\000\000\000\000\000\000\000\000\000\000\000\000\000""; nodePubKey: ""\002\364d\217\366\217|\316F\232\231\241\n\261\333`\312O\367\235\025DD\336e\367\n\312\326\221\037\025\230""; closeTime: 803842912; signature: ""0E\002!\000\250\t\027)\323\017(Bd:\204tk\257\204\370\3659@W\006\030TI\326\362W\267\376\331\r\272\002 \031\324\373sIy\254f\013q\026\347\223\276\203 \030<\364\305\243\263\255\270c\344\306\220\243\326\021y""; previousledger: ""j\262\235LC5\315,\2758.\025\251J\276\032\252\276\237\336w\275\306no\345t\317\355,\333\255""; ","proposeSeq: 0; currentTxHash: ""\000\000\000\000\000\000\000\000\000\000\000\000\000\000\000\000\000\000\000\000\000\000\000\000\000\000\000\000\000\000\000\000""; nodePubKey: ""\002\364d\217\366\217|\316F\232\231\241\n\261\333`\312O\367\235\025DD\336e\367\n\312\326\221\037\025\230""; closeTime: 803842912; signature: ""0E\002!\000\250\t\027)\323\017(Bd:\204tk\257\204\370\3659@W\006\030TI\326\362W\267\376\331\r\272\002 \031\324\373sIy\254f\013q\026\347\223\276\203 \030<\364\305\243\263\255\270c\344\306\220\243\326\021y""; previousledger: ""j\262\235LC5\315,\2758.\025\251J\276\032\252\276\237\336w\275\306no\345t\317\355,\333\255""; "
1750527712483,1750527712541,0,1,3,1,TMStatusChange,"newEvent: neCLOSING_LEDGER; ledgerSeq: 57; ledgerHash: ""j\262\235LC5\315,\2758.\025\251J\276\032\252\276\237\336w\275\306no\345t\317\355,\333\255""; ledgerHashPrevious: ""\315\004\203\271\200\243u\010|\336\346\203L\367\300g\364H\302\267\0331\0265+\223\224\300\342tR\375""; networkTime: 803842912; firstSeq: 1; lastSeq: 57; ","newEvent: neCLOSING_LEDGER; ledgerSeq: 57; ledgerHash: ""j\262\235LC5\315,\2758.\025\251J\276\032\252\276\237\336w\275\306no\345t\317\355,\333\255""; ledgerHashPrevious: ""\315\004\203\271\200\243u\010|\336\346\203L\367\300g\364H\302\267\0331\0265+\223\224\300\342tR\375""; networkTime: 803842912; firstSeq: 1; lastSeq: 57; "
1750527712485,1750527712542,0,1,3,0,TMStatusChange,"newEvent: neCLOSING_LEDGER; ledgerSeq: 57; ledgerHash: ""j\262\235LC5\315,\2758.\025\251J\276\032\252\276\237\336w\275\306no\345t\317\355,\333\255""; ledgerHashPrevious: ""\315\004\203\271\200\243u\010|\336\346\203L\367\300g\364H\302\267\0331\0265+\223\224\300\342tR\375""; networkTime: 803842912; firstSeq: 1; lastSeq: 57; ","newEvent: neCLOSING_LEDGER; ledgerSeq: 57; ledgerHash: ""j\262\235LC5\315,\2758.\025\251J\276\032\252\276\237\336w\275\306no\345t\317\355,\333\255""; ledgerHashPrevious: ""\315\004\203\271\200\243u\010|\336\346\203L\367\300g\364H\302\267\0331\0265+\223\224\300\342tR\375""; networkTime: 803842912; firstSeq: 1; lastSeq: 57; "
1750527712484,1750527712541,0,1,3,4,TMStatusChange,"newEvent: neCLOSING_LEDGER; ledgerSeq: 57; ledgerHash: ""j\262\235LC5\315,\2758.\025\251J\276\032\252\276\237\336w\275\306no\345t\317\355,\333\255""; ledgerHashPrevious: ""\315\004\203\271\200\243u\010|\336\346\203L\367\300g\364H\302\267\0331\0265+\223\224\300\342tR\375""; networkTime: 803842912; firstSeq: 1; lastSeq: 57; ","newEvent: neCLOSING_LEDGER; ledgerSeq: 57; ledgerHash: ""j\262\235LC5\315,\2758.\025\251J\276\032\252\276\237\336w\275\306no\345t\317\355,\333\255""; ledgerHashPrevious: ""\315\004\203\271\200\243u\010|\336\346\203L\367\300g\364H\302\267\0331\0265+\223\224\300\342tR\375""; networkTime: 803842912; firstSeq: 1; lastSeq: 57; "
1750527712485,1750527712543,0,1,3,2,TMStatusChange,"newEvent: neCLOSING_LEDGER; ledgerSeq: 57; ledgerHash: ""j\262\235LC5\315,\2758.\025\251J\276\032\252\276\237\336w\275\306no\345t\317\355,\333\255""; ledgerHashPrevious: ""\315\004\203\271\200\243u\010|\336\346\203L\367\300g\364H\302\267\0331\0265+\223\224\300\342tR\375""; networkTime: 803842912; firstSeq: 1; lastSeq: 57; ","newEvent: neCLOSING_LEDGER; ledgerSeq: 57; ledgerHash: ""j\262\235LC5\315,\2758.\025\251J\276\032\252\276\237\336w\275\306no\345t\317\355,\333\255""; ledgerHashPrevious: ""\315\004\203\271\200\243u\010|\336\346\203L\367\300g\364H\302\267\0331\0265+\223\224\300\342tR\375""; networkTime: 803842912; firstSeq: 1; lastSeq: 57; "
1750527712644,1750527712644,0,1,4,2,TMProposeSet,"proposeSeq: 0; currentTxHash: ""\000\000\000\000\000\000\000\000\000\000\000\000\000\000\000\000\000\000\000\000\000\000\000\000\000\000\000\000\000\000\000\000""; nodePubKey: ""\003R7o\362bV\300hf\266\241;}\200^\374\240\203[:\342Q\225\221\027y\372\255\235\216\323~""; closeTime: 803842912; signature: ""0E\002!\000\3344\355\007\333!\272\267\212\017\276\272\232\352\322\001\214kI]\360\231\271\203\226\205\277X\330n1\204\002 \n\027\355I\320\023\262}-O,\210\371\234\334\261\213&I\205\313\230\252\242\264}n\266]\303\351\033""; previousledger: ""j\262\235LC5\315,\2758.\025\251J\276\032\252\276\237\336w\275\306no\345t\317\355,\333\255""; ","proposeSeq: 0; currentTxHash: ""\000\000\000\000\000\000\000\000\000\000\000\000\000\000\000\000\000\000\000\000\000\000\000\000\000\000\000\000\000\000\000\000""; nodePubKey: ""\003R7o\362bV\300hf\266\241;}\200^\374\240\203[:\342Q\225\221\027y\372\255\235\216\323~""; closeTime: 803842912; signature: ""0E\002!\000\3344\355\007\333!\272\267\212\017\276\272\232\352\322\001\214kI]\360\231\271\203\226\205\277X\330n1\204\002 \n\027\355I\320\023\262}-O,\210\371\234\334\261\213&I\205\313\230\252\242\264}n\266]\303\351\033""; previousledger: ""j\262\235LC5\315,\2758.\025\251J\276\032\252\276\237\336w\275\306no\345t\317\355,\333\255""; "
1750527712646,1750527712646,0,1,4,3,TMProposeSet,"proposeSeq: 0; currentTxHash: ""\000\000\000\000\000\000\000\000\000\000\000\000\000\000\000\000\000\000\000\000\000\000\000\000\000\000\000\000\000\000\000\000""; nodePubKey: ""\003R7o\362bV\300hf\266\241;}\200^\374\240\203[:\342Q\225\221\027y\372\255\235\216\323~""; closeTime: 803842912; signature: ""0E\002!\000\3344\355\007\333!\272\267\212\017\276\272\232\352\322\001\214kI]\360\231\271\203\226\205\277X\330n1\204\002 \n\027\355I\320\023\262}-O,\210\371\234\334\261\213&I\205\313\230\252\242\264}n\266]\303\351\033""; previousledger: ""j\262\235LC5\315,\2758.\025\251J\276\032\252\276\237\336w\275\306no\345t\317\355,\333\255""; ","proposeSeq: 0; currentTxHash: ""\000\000\000\000\000\000\000\000\000\000\000\000\000\000\000\000\000\000\000\000\000\000\000\000\000\000\000\000\000\000\000\000""; nodePubKey: ""\003R7o\362bV\300hf\266\241;}\200^\374\240\203[:\342Q\225\221\027y\372\255\235\216\323~""; closeTime: 803842912; signature: ""0E\002!\000\3344\355\007\333!\272\267\212\017\276\272\232\352\322\001\214kI]\360\231\271\203\226\205\277X\330n1\204\002 \n\027\355I\320\023\262}-O,\210\371\234\334\261\213&I\205\313\230\252\242\264}n\266]\303\351\033""; previousledger: ""j\262\235LC5\315,\2758.\025\251J\276\032\252\276\237\336w\275\306no\345t\317\355,\333\255""; "
1750527712646,1750527712646,0,1,4,1,TMProposeSet,"proposeSeq: 0; currentTxHash: ""\000\000\000\000\000\000\000\000\000\000\000\000\000\000\000\000\000\000\000\000\000\000\000\000\000\000\000\000\000\000\000\000""; nodePubKey: ""\003R7o\362bV\300hf\266\241;}\200^\374\240\203[:\342Q\225\221\027y\372\255\235\216\323~""; closeTime: 803842912; signature: ""0E\002!\000\3344\355\007\333!\272\267\212\017\276\272\232\352\322\001\214kI]\360\231\271\203\226\205\277X\330n1\204\002 \n\027\355I\320\023\262}-O,\210\371\234\334\261\213&I\205\313\230\252\242\264}n\266]\303\351\033""; previousledger: ""j\262\235LC5\315,\2758.\025\251J\276\032\252\276\237\336w\275\306no\345t\317\355,\333\255""; ","proposeSeq: 0; currentTxHash: ""\000\000\000\000\000\000\000\000\000\000\000\000\000\000\000\000\000\000\000\000\000\000\000\000\000\000\000\000\000\000\000\000""; nodePubKey: ""\003R7o\362bV\300hf\266\241;}\200^\374\240\203[:\342Q\225\221\027y\372\255\235\216\323~""; closeTime: 803842912; signature: ""0E\002!\000\3344\355\007\333!\272\267\212\017\276\272\232\352\322\001\214kI]\360\231\271\203\226\205\277X\330n1\204\002 \n\027\355I\320\023\262}-O,\210\371\234\334\261\213&I\205\313\230\252\242\264}n\266]\303\351\033""; previousledger: ""j\262\235LC5\315,\2758.\025\251J\276\032\252\276\237\336w\275\306no\345t\317\355,\333\255""; "
1750527712648,1750527712648,0,1,4,0,TMProposeSet,"proposeSeq: 0; currentTxHash: ""\000\000\000\000\000\000\000\000\000\000\000\000\000\000\000\000\000\000\000\000\000\000\000\000\000\000\000\000\000\000\000\000""; nodePubKey: ""\003R7o\362bV\300hf\266\241;}\200^\374\240\203[:\342Q\225\221\027y\372\255\235\216\323~""; closeTime: 803842912; signature: ""0E\002!\000\3344\355\007\333!\272\267\212\017\276\272\232\352\322\001\214kI]\360\231\271\203\226\205\277X\330n1\204\002 \n\027\355I\320\023\262}-O,\210\371\234\334\261\213&I\205\313\230\252\242\264}n\266]\303\351\033""; previousledger: ""j\262\235LC5\315,\2758.\025\251J\276\032\252\276\237\336w\275\306no\345t\317\355,\333\255""; ","proposeSeq: 0; currentTxHash: ""\000\000\000\000\000\000\000\000\000\000\000\000\000\000\000\000\000\000\000\000\000\000\000\000\000\000\000\000\000\000\000\000""; nodePubKey: ""\003R7o\362bV\300hf\266\241;}\200^\374\240\203[:\342Q\225\221\027y\372\255\235\216\323~""; closeTime: 803842912; signature: ""0E\002!\000\3344\355\007\333!\272\267\212\017\276\272\232\352\322\001\214kI]\360\231\271\203\226\205\277X\330n1\204\002 \n\027\355I\320\023\262}-O,\210\371\234\334\261\213&I\205\313\230\252\242\264}n\266]\303\351\033""; previousledger: ""j\262\235LC5\315,\2758.\025\251J\276\032\252\276\237\336w\275\306no\345t\317\355,\333\255""; "
1750527712649,1750527712650,0,1,3,1,TMProposeSet,"proposeSeq: 0; currentTxHash: ""\000\000\000\000\000\000\000\000\000\000\000\000\000\000\000\000\000\000\000\000\000\000\000\000\000\000\000\000\000\000\000\000""; nodePubKey: ""\003R7o\362bV\300hf\266\241;}\200^\374\240\203[:\342Q\225\221\027y\372\255\235\216\323~""; closeTime: 803842912; signature: ""0E\002!\000\3344\355\007\333!\272\267\212\017\276\272\232\352\322\001\214kI]\360\231\271\203\226\205\277X\330n1\204\002 \n\027\355I\320\023\262}-O,\210\371\234\334\261\213&I\205\313\230\252\242\264}n\266]\303\351\033""; previousledger: ""j\262\235LC5\315,\2758.\025\251J\276\032\252\276\237\336w\275\306no\345t\317\355,\333\255""; ","proposeSeq: 0; currentTxHash: ""\000\000\000\000\000\000\000\000\000\000\000\000\000\000\000\000\000\000\000\000\000\000\000\000\000\000\000\000\000\000\000\000""; nodePubKey: ""\003R7o\362bV\300hf\266\241;}\200^\374\240\203[:\342Q\225\221\027y\372\255\235\216\323~""; closeTime: 803842912; signature: ""0E\002!\000\3344\355\007\333!\272\267\212\017\276\272\232\352\322\001\214kI]\360\231\271\203\226\205\277X\330n1\204\002 \n\027\355I\320\023\262}-O,\210\371\234\334\261\213&I\205\313\230\252\242\264}n\266]\303\351\033""; previousledger: ""j\262\235LC5\315,\2758.\025\251J\276\032\252\276\237\336w\275\306no\345t\317\355,\333\255""; "
1750527712650,1750527712650,0,1,3,0,TMProposeSet,"proposeSeq: 0; currentTxHash: ""\000\000\000\000\000\000\000\000\000\000\000\000\000\000\000\000\000\000\000\000\000\000\000\000\000\000\000\000\000\000\000\000""; nodePubKey: ""\003R7o\362bV\300hf\266\241;}\200^\374\240\203[:\342Q\225\221\027y\372\255\235\216\323~""; closeTime: 803842912; signature: ""0E\002!\000\3344\355\007\333!\272\267\212\017\276\272\232\352\322\001\214kI]\360\231\271\203\226\205\277X\330n1\204\002 \n\027\355I\320\023\262}-O,\210\371\234\334\261\213&I\205\313\230\252\242\264}n\266]\303\351\033""; previousledger: ""j\262\235LC5\315,\2758.\025\251J\276\032\252\276\237\336w\275\306no\345t\317\355,\333\255""; ","proposeSeq: 0; currentTxHash: ""\000\000\000\000\000\000\000\000\000\000\000\000\000\000\000\000\000\000\000\000\000\000\000\000\000\000\000\000\000\000\000\000""; nodePubKey: ""\003R7o\362bV\300hf\266\241;}\200^\374\240\203[:\342Q\225\221\027y\372\255\235\216\323~""; closeTime: 803842912; signature: ""0E\002!\000\3344\355\007\333!\272\267\212\017\276\272\232\352\322\001\214kI]\360\231\271\203\226\205\277X\330n1\204\002 \n\027\355I\320\023\262}-O,\210\371\234\334\261\213&I\205\313\230\252\242\264}n\266]\303\351\033""; previousledger: ""j\262\235LC5\315,\2758.\025\251J\276\032\252\276\237\336w\275\306no\345t\317\355,\333\255""; "
1750527712650,1750527712650,0,1,3,2,TMProposeSet,"proposeSeq: 0; currentTxHash: ""\000\000\000\000\000\000\000\000\000\000\000\000\000\000\000\000\000\000\000\000\000\000\000\000\000\000\000\000\000\000\000\000""; nodePubKey: ""\003R7o\362bV\300hf\266\241;}\200^\374\240\203[:\342Q\225\221\027y\372\255\235\216\323~""; closeTime: 803842912; signature: ""0E\002!\000\3344\355\007\333!\272\267\212\017\276\272\232\352\322\001\214kI]\360\231\271\203\226\205\277X\330n1\204\002 \n\027\355I\320\023\262}-O,\210\371\234\334\261\213&I\205\313\230\252\242\264}n\266]\303\351\033""; previousledger: ""j\262\235LC5\315,\2758.\025\251J\276\032\252\276\237\336w\275\306no\345t\317\355,\333\255""; ","proposeSeq: 0; currentTxHash: ""\000\000\000\000\000\000\000\000\000\000\000\000\000\000\000\000\000\000\000\000\000\000\000\000\000\000\000\000\000\000\000\000""; nodePubKey: ""\003R7o\362bV\300hf\266\241;}\200^\374\240\203[:\342Q\225\221\027y\372\255\235\216\323~""; closeTime: 803842912; signature: ""0E\002!\000\3344\355\007\333!\272\267\212\017\276\272\232\352\322\001\214kI]\360\231\271\203\226\205\277X\330n1\204\002 \n\027\355I\320\023\262}-O,\210\371\234\334\261\213&I\205\313\230\252\242\264}n\266]\303\351\033""; previousledger: ""j\262\235LC5\315,\2758.\025\251J\276\032\252\276\237\336w\275\306no\345t\317\355,\333\255""; "
1750527712646,1750527712705,0,1,4,0,TMStatusChange,"newEvent: neCLOSING_LEDGER; ledgerSeq: 57; ledgerHash: ""j\262\235LC5\315,\2758.\025\251J\276\032\252\276\237\336w\275\306no\345t\317\355,\333\255""; ledgerHashPrevious: ""\315\004\203\271\200\243u\010|\336\346\203L\367\300g\364H\302\267\0331\0265+\223\224\300\342tR\375""; networkTime: 803842912; firstSeq: 1; lastSeq: 57; ","newEvent: neCLOSING_LEDGER; ledgerSeq: 57; ledgerHash: ""j\262\235LC5\315,\2758.\025\251J\276\032\252\276\237\336w\275\306no\345t\317\355,\333\255""; ledgerHashPrevious: ""\315\004\203\271\200\243u\010|\336\346\203L\367\300g\364H\302\267\0331\0265+\223\224\300\342tR\375""; networkTime: 803842912; firstSeq: 1; lastSeq: 57; "
1750527712648,1750527712706,0,1,4,1,TMStatusChange,"newEvent: neCLOSING_LEDGER; ledgerSeq: 57; ledgerHash: ""j\262\235LC5\315,\2758.\025\251J\276\032\252\276\237\336w\275\306no\345t\317\355,\333\255""; ledgerHashPrevious: ""\315\004\203\271\200\243u\010|\336\346\203L\367\300g\364H\302\267\0331\0265+\223\224\300\342tR\375""; networkTime: 803842912; firstSeq: 1; lastSeq: 57; ","newEvent: neCLOSING_LEDGER; ledgerSeq: 57; ledgerHash: ""j\262\235LC5\315,\2758.\025\251J\276\032\252\276\237\336w\275\306no\345t\317\355,\333\255""; ledgerHashPrevious: ""\315\004\203\271\200\243u\010|\336\346\203L\367\300g\364H\302\267\0331\0265+\223\224\300\342tR\375""; networkTime: 803842912; firstSeq: 1; lastSeq: 57; "
1750527712647,1750527712706,0,1,4,2,TMStatusChange,"newEvent: neCLOSING_LEDGER; ledgerSeq: 57; ledgerHash: ""j\262\235LC5\315,\2758.\025\251J\276\032\252\276\237\336w\275\306no\345t\317\355,\333\255""; ledgerHashPrevious: ""\315\004\203\271\200\243u\010|\336\346\203L\367\300g\364H\302\267\0331\0265+\223\224\300\342tR\375""; networkTime: 803842912; firstSeq: 1; lastSeq: 57; ","newEvent: neCLOSING_LEDGER; ledgerSeq: 57; ledgerHash: ""j\262\235LC5\315,\2758.\025\251J\276\032\252\276\237\336w\275\306no\345t\317\355,\333\255""; ledgerHashPrevious: ""\315\004\203\271\200\243u\010|\336\346\203L\367\300g\364H\302\267\0331\0265+\223\224\300\342tR\375""; networkTime: 803842912; firstSeq: 1; lastSeq: 57; "
1750527712646,1750527712706,0,1,4,3,TMStatusChange,"newEvent: neCLOSING_LEDGER; ledgerSeq: 57; ledgerHash: ""j\262\235LC5\315,\2758.\025\251J\276\032\252\276\237\336w\275\306no\345t\317\355,\333\255""; ledgerHashPrevious: ""\315\004\203\271\200\243u\010|\336\346\203L\367\300g\364H\302\267\0331\0265+\223\224\300\342tR\375""; networkTime: 803842912; firstSeq: 1; lastSeq: 57; ","newEvent: neCLOSING_LEDGER; ledgerSeq: 57; ledgerHash: ""j\262\235LC5\315,\2758.\025\251J\276\032\252\276\237\336w\275\306no\345t\317\355,\333\255""; ledgerHashPrevious: ""\315\004\203\271\200\243u\010|\336\346\203L\367\300g\364H\302\267\0331\0265+\223\224\300\342tR\375""; networkTime: 803842912; firstSeq: 1; lastSeq: 57; "
1750527712710,1750527712710,0,1,1,0,TMProposeSet,"proposeSeq: 1; currentTxHash: ""\000\000\000\000\000\000\000\000\000\000\000\000\000\000\000\000\000\000\000\000\000\000\000\000\000\000\000\000\000\000\000\000""; nodePubKey: ""\002\266\377\271\344:\030\221i\267\257\215\237M\014\3345f\014\273|\207\367\334\337F\325\004cxB\211L""; closeTime: 803842900; signature: ""0E\002!\000\376""\244\375\221\267\023u$\367\214+\237y\250\230\325\270p\036T\r\250\211.\013\035\276\212=t#\002 dw\2520\000\303^\300.\326H\362t'\0047\251\225\330\321\305\361\302\033\2640\005V!i\252\337""; previousledger: ""?'/Q%\346\271\030\341\353\340\321\030\333\217\021\027&\177\245\201\370;\352\262k\224\203)@O\025""; ","proposeSeq: 1; currentTxHash: ""\000\000\000\000\000\000\000\000\000\000\000\000\000\000\000\000\000\000\000\000\000\000\000\000\000\000\000\000\000\000\000\000""; nodePubKey: ""\002\266\377\271\344:\030\221i\267\257\215\237M\014\3345f\014\273|\207\367\334\337F\325\004cxB\211L""; closeTime: 803842900; signature: ""0E\002!\000\376""\244\375\221\267\023u$\367\214+\237y\250\230\325\270p\036T\r\250\211.\013\035\276\212=t#\002 dw\2520\000\303^\300.\326H\362t'\0047\251\225\330\321\305\361\302\033\2640\005V!i\252\337""; previousledger: ""?'/Q%\346\271\030\341\353\340\321\030\333\217\021\027&\177\245\201\370;\352\262k\224\203)@O\025""; "
1750527712710,1750527712710,0,1,1,2,TMProposeSet,"proposeSeq: 1; currentTxHash: ""\000\000\000\000\000\000\000\000\000\000\000\000\000\000\000\000\000\000\000\000\000\000\000\000\000\000\000\000\000\000\000\000""; nodePubKey: ""\002\266\377\271\344:\030\221i\267\257\215\237M\014\3345f\014\273|\207\367\334\337F\325\004cxB\211L""; closeTime: 803842900; signature: ""0E\002!\000\376""\244\375\221\267\023u$\367\214+\237y\250\230\325\270p\036T\r\250\211.\013\035\276\212=t#\002 dw\2520\000\303^\300.\326H\362t'\0047\251\225\330\321\305\361\302\033\2640\005V!i\252\337""; previousledger: ""?'/Q%\346\271\030\341\353\340\321\030\333\217\021\027&\177\245\201\370;\352\262k\224\203)@O\025""; ","proposeSeq: 1; currentTxHash: ""\000\000\000\000\000\000\000\000\000\000\000\000\000\000\000\000\000\000\000\000\000\000\000\000\000\000\000\000\000\000\000\000""; nodePubKey: ""\002\266\377\271\344:\030\221i\267\257\215\237M\014\3345f\014\273|\207\367\334\337F\325\004cxB\211L""; closeTime: 803842900; signature: ""0E\002!\000\376""\244\375\221\267\023u$\367\214+\237y\250\230\325\270p\036T\r\250\211.\013\035\276\212=t#\002 dw\2520\000\303^\300.\326H\362t'\0047\251\225\330\321\305\361\302\033\2640\005V!i\252\337""; previousledger: ""?'/Q%\346\271\030\341\353\340\321\030\333\217\021\027&\177\245\201\370;\352\262k\224\203)@O\025""; "
1750527712710,1750527712711,0,1,1,4,TMProposeSet,"proposeSeq: 1; currentTxHash: ""\000\000\000\000\000\000\000\000\000\000\000\000\000\000\000\000\000\000\000\000\000\000\000\000\000\000\000\000\000\000\000\000""; nodePubKey: ""\002\266\377\271\344:\030\221i\267\257\215\237M\014\3345f\014\273|\207\367\334\337F\325\004cxB\211L""; closeTime: 803842900; signature: ""0E\002!\000\376""\244\375\221\267\023u$\367\214+\237y\250\230\325\270p\036T\r\250\211.\013\035\276\212=t#\002 dw\2520\000\303^\300.\326H\362t'\0047\251\225\330\321\305\361\302\033\2640\005V!i\252\337""; previousledger: ""?'/Q%\346\271\030\341\353\340\321\030\333\217\021\027&\177\245\201\370;\352\262k\224\203)@O\025""; ","proposeSeq: 1; currentTxHash: ""\000\000\000\000\000\000\000\000\000\000\000\000\000\000\000\000\000\000\000\000\000\000\000\000\000\000\000\000\000\000\000\000""; nodePubKey: ""\002\266\377\271\344:\030\221i\267\257\215\237M\014\3345f\014\273|\207\367\334\337F\325\004cxB\211L""; closeTime: 803842900; signature: ""0E\002!\000\376""\244\375\221\267\023u$\367\214+\237y\250\230\325\270p\036T\r\250\211.\013\035\276\212=t#\002 dw\2520\000\303^\300.\326H\362t'\0047\251\225\330\321\305\361\302\033\2640\005V!i\252\337""; previousledger: ""?'/Q%\346\271\030\341\353\340\321\030\333\217\021\027&\177\245\201\370;\352\262k\224\203)@O\025""; "
1750527712711,1750527712711,0,1,1,3,TMProposeSet,"proposeSeq: 1; currentTxHash: ""\000\000\000\000\000\000\000\000\000\000\000\000\000\000\000\000\000\000\000\000\000\000\000\000\000\000\000\000\000\000\000\000""; nodePubKey: ""\002\266\377\271\344:\030\221i\267\257\215\237M\014\3345f\014\273|\207\367\334\337F\325\004cxB\211L""; closeTime: 803842900; signature: ""0E\002!\000\376""\244\375\221\267\023u$\367\214+\237y\250\230\325\270p\036T\r\250\211.\013\035\276\212=t#\002 dw\2520\000\303^\300.\326H\362t'\0047\251\225\330\321\305\361\302\033\2640\005V!i\252\337""; previousledger: ""?'/Q%\346\271\030\341\353\340\321\030\333\217\021\027&\177\245\201\370;\352\262k\224\203)@O\025""; ","proposeSeq: 1; currentTxHash: ""\000\000\000\000\000\000\000\000\000\000\000\000\000\000\000\000\000\000\000\000\000\000\000\000\000\000\000\000\000\000\000\000""; nodePubKey: ""\002\266\377\271\344:\030\221i\267\257\215\237M\014\3345f\014\273|\207\367\334\337F\325\004cxB\211L""; closeTime: 803842900; signature: ""0E\002!\000\376""\244\375\221\267\023u$\367\214+\237y\250\230\325\270p\036T\r\250\211.\013\035\276\212=t#\002 dw\2520\000\303^\300.\326H\362t'\0047\251\225\330\321\305\361\302\033\2640\005V!i\252\337""; previousledger: ""?'/Q%\346\271\030\341\353\340\321\030\333\217\021\027&\177\245\201\370;\352\262k\224\203)@O\025""; "
1750527714485,1750527714485,0,1,3,4,TMValidation,"validation: """"\200\000\000\001&\000\000\000:)/\351\253b:p\210\265\307-\212\200\004Q\307\232\020\017\177\025}\320\272\301\007\233=\335""\t\250\332\334\355\260\204\022\250\326\010?\242\301d\215\027P\027\000\000\000\000\000\000\000\000\000\000\000\000\000\000\000\000\000\000\000\000\000\000\000\000\000\000\000\000\000\000\000\000P\031j\262\235LC5\315,\2758.\025\251J\276\032\252\276\237\336w\275\306no\345t\317\355,\333\255s!\002\364d\217\366\217|\316F\232\231\241\n\261\333`\312O\367\235\025DD\336e\367\n\312\326\221\037\025\230vF0D\002 $\035\242*\330\315O$87\363\355\267[\237u\323~\336g\245f\340\346\351\374\340F\013\360\370\255\002 \035\236L\036T\321oE4\205\031\341\250\214\342\354\220\261\342\021\272\262\263\265\37706z\312\235\310P""; ","validation: """"\200\000\000\001&\000\000\000:)/\351\253b:p\210\265\307-\212\200\004Q\307\232\020\017\177\025}\320\272\301\007\233=\335""\t\250\332\334\355\260\204\022\250\326\010?\242\301d\215\027P\027\000\000\000\000\000\000\000\000\000\000\000\000\000\000\000\000\000\000\000\000\000\000\000\000\000\000\000\000\000\000\000\000P\031j\262\235LC5\315,\2758.\025\251J\276\032\252\276\237\336w\275\306no\345t\317\355,\333\255s!\002\364d\217\366\217|\316F\232\231\241\n\261\333`\312O\367\235\025DD\336e\367\n\312\326\221\037\025\230vF0D\002 $\035\242*\330\315O$87\363\355\267[\237u\323~\336g\245f\340\346\351\374\340F\013\360\370\255\002 \035\236L\036T\321oE4\205\031\341\250\214\342\354\220\261\342\021\272\262\263\265\37706z\312\235\310P""; "
1750527714486,1750527714486,0,1,3,0,TMValidation,"validation: """"\200\000\000\001&\000\000\000:)/\351\253b:p\210\265\307-\212\200\004Q\307\232\020\017\177\025}\320\272\301\007\233=\335""\t\250\332\334\355\260\204\022\250\326\010?\242\301d\215\027P\027\000\000\000\000\000\000\000\000\000\000\000\000\000\000\000\000\000\000\000\000\000\000\000\000\000\000\000\000\000\000\000\000P\031j\262\235LC5\315,\2758.\025\251J\276\032\252\276\237\336w\275\306no\345t\317\355,\333\255s!\002\364d\217\366\217|\316F\232\231\241\n\261\333`\312O\367\235\025DD\336e\367\n\312\326\221\037\025\230vF0D\002 $\035\242*\330\315O$87\363\355\267[\237u\323~\336g\245f\340\346\351\374\340F\013\360\370\255\002 \035\236L\036T\321oE4\205\031\341\250\214\342\354\220\261\342\021\272\262\263\265\37706z\312\235\310P""; ","validation: """"\200\000\000\001&\000\000\000:)/\351\253b:p\210\265\307-\212\200\004Q\307\232\020\017\177\025}\320\272\301\007\233=\335""\t\250\332\334\355\260\204\022\250\326\010?\242\301d\215\027P\027\000\000\000\000\000\000\000\000\000\000\000\000\000\000\000\000\000\000\000\000\000\000\000\000\000\000\000\000\000\000\000\000P\031j\262\235LC5\315,\2758.\025\251J\276\032\252\276\237\336w\275\306no\345t\317\355,\333\255s!\002\364d\217\366\217|\316F\232\231\241\n\261\333`\312O\367\235\025DD\336e\367\n\312\326\221\037\025\230vF0D\002 $\035\242*\330\315O$87\363\355\267[\237u\323~\336g\245f\340\346\351\374\340F\013\360\370\255\002 \035\236L\036T\321oE4\205\031\341\250\214\342\354\220\261\342\021\272\262\263\265\37706z\312\235\310P""; "
1750527714485,1750527714485,0,1,3,4,TMStatusChange,"newEvent: neACCEPTED_LEDGER; ledgerSeq: 58; ledgerHash: ""\307\232\020\017\177\025}\320\272\301\007\233=\335""\t\250\332\334\355\260\204\022\250\326\010?\242\301d\215\027""; ledgerHashPrevious: ""j\262\235LC5\315,\2758.\025\251J\276\032\252\276\237\336w\275\306no\345t\317\355,\333\255""; networkTime: 803842914; firstSeq: 1; lastSeq: 57; ","newEvent: neACCEPTED_LEDGER; ledgerSeq: 58; ledgerHash: ""\307\232\020\017\177\025}\320\272\301\007\233=\335""\t\250\332\334\355\260\204\022\250\326\010?\242\301d\215\027""; ledgerHashPrevious: ""j\262\235LC5\315,\2758.\025\251J\276\032\252\276\237\336w\275\306no\345t\317\355,\333\255""; networkTime: 803842914; firstSeq: 1; lastSeq: 57; "
1750527714486,1750527714486,0,1,3,2,TMStatusChange,"newEvent: neACCEPTED_LEDGER; ledgerSeq: 58; ledgerHash: ""\307\232\020\017\177\025}\320\272\301\007\233=\335""\t\250\332\334\355\260\204\022\250\326\010?\242\301d\215\027""; ledgerHashPrevious: ""j\262\235LC5\315,\2758.\025\251J\276\032\252\276\237\336w\275\306no\345t\317\355,\333\255""; networkTime: 803842914; firstSeq: 1; lastSeq: 57; ","newEvent: neACCEPTED_LEDGER; ledgerSeq: 58; ledgerHash: ""\307\232\020\017\177\025}\320\272\301\007\233=\335""\t\250\332\334\355\260\204\022\250\326\010?\242\301d\215\027""; ledgerHashPrevious: ""j\262\235LC5\315,\2758.\025\251J\276\032\252\276\237\336w\275\306no\345t\317\355,\333\255""; networkTime: 803842914; firstSeq: 1; lastSeq: 57; "
1750527714486,1750527714487,0,1,3,2,TMValidation,"validation: """"\200\000\000\001&\000\000\000:)/\351\253b:p\210\265\307-\212\200\004Q\307\232\020\017\177\025}\320\272\301\007\233=\335""\t\250\332\334\355\260\204\022\250\326\010?\242\301d\215\027P\027\000\000\000\000\000\000\000\000\000\000\000\000\000\000\000\000\000\000\000\000\000\000\000\000\000\000\000\000\000\000\000\000P\031j\262\235LC5\315,\2758.\025\251J\276\032\252\276\237\336w\275\306no\345t\317\355,\333\255s!\002\364d\217\366\217|\316F\232\231\241\n\261\333`\312O\367\235\025DD\336e\367\n\312\326\221\037\025\230vF0D\002 $\035\242*\330\315O$87\363\355\267[\237u\323~\336g\245f\340\346\351\374\340F\013\360\370\255\002 \035\236L\036T\321oE4\205\031\341\250\214\342\354\220\261\342\021\272\262\263\265\37706z\312\235\310P""; ","validation: """"\200\000\000\001&\000\000\000:)/\351\253b:p\210\265\307-\212\200\004Q\307\232\020\017\177\025}\320\272\301\007\233=\335""\t\250\332\334\355\260\204\022\250\326\010?\242\301d\215\027P\027\000\000\000\000\000\000\000\000\000\000\000\000\000\000\000\000\000\000\000\000\000\000\000\000\000\000\000\000\000\000\000\000P\031j\262\235LC5\315,\2758.\025\251J\276\032\252\276\237\336w\275\306no\345t\317\355,\333\255s!\002\364d\217\366\217|\316F\232\231\241\n\261\333`\312O\367\235\025DD\336e\367\n\312\326\221\037\025\230vF0D\002 $\035\242*\330\315O$87\363\355\267[\237u\323~\336g\245f\340\346\351\374\340F\013\360\370\255\002 \035\236L\036T\321oE4\205\031\341\250\214\342\354\220\261\342\021\272\262\263\265\37706z\312\235\310P""; "
1750527714487,1750527714487,0,1,3,0,TMStatusChange,"newEvent: neACCEPTED_LEDGER; ledgerSeq: 58; ledgerHash: ""\307\232\020\017\177\025}\320\272\301\007\233=\335""\t\250\332\334\355\260\204\022\250\326\010?\242\301d\215\027""; ledgerHashPrevious: ""j\262\235LC5\315,\2758.\025\251J\276\032\252\276\237\336w\275\306no\345t\317\355,\333\255""; networkTime: 803842914; firstSeq: 1; lastSeq: 57; ","newEvent: neACCEPTED_LEDGER; ledgerSeq: 58; ledgerHash: ""\307\232\020\017\177\025}\320\272\301\007\233=\335""\t\250\332\334\355\260\204\022\250\326\010?\242\301d\215\027""; ledgerHashPrevious: ""j\262\235LC5\315,\2758.\025\251J\276\032\252\276\237\336w\275\306no\345t\317\355,\333\255""; networkTime: 803842914; firstSeq: 1; lastSeq: 57; "
1750527714487,1750527714487,0,1,3,1,TMValidation,"validation: """"\200\000\000\001&\000\000\000:)/\351\253b:p\210\265\307-\212\200\004Q\307\232\020\017\177\025}\320\272\301\007\233=\335""\t\250\332\334\355\260\204\022\250\326\010?\242\301d\215\027P\027\000\000\000\000\000\000\000\000\000\000\000\000\000\000\000\000\000\000\000\000\000\000\000\000\000\000\000\000\000\000\000\000P\031j\262\235LC5\315,\2758.\025\251J\276\032\252\276\237\336w\275\306no\345t\317\355,\333\255s!\002\364d\217\366\217|\316F\232\231\241\n\261\333`\312O\367\235\025DD\336e\367\n\312\326\221\037\025\230vF0D\002 $\035\242*\330\315O$87\363\355\267[\237u\323~\336g\245f\340\346\351\374\340F\013\360\370\255\002 \035\236L\036T\321oE4\205\031\341\250\214\342\354\220\261\342\021\272\262\263\265\37706z\312\235\310P""; ","validation: """"\200\000\000\001&\000\000\000:)/\351\253b:p\210\265\307-\212\200\004Q\307\232\020\017\177\025}\320\272\301\007\233=\335""\t\250\332\334\355\260\204\022\250\326\010?\242\301d\215\027P\027\000\000\000\000\000\000\000\000\000\000\000\000\000\000\000\000\000\000\000\000\000\000\000\000\000\000\000\000\000\000\000\000P\031j\262\235LC5\315,\2758.\025\251J\276\032\252\276\237\336w\275\306no\345t\317\355,\333\255s!\002\364d\217\366\217|\316F\232\231\241\n\261\333`\312O\367\235\025DD\336e\367\n\312\326\221\037\025\230vF0D\002 $\035\242*\330\315O$87\363\355\267[\237u\323~\336g\245f\340\346\351\374\340F\013\360\370\255\002 \035\236L\036T\321oE4\205\031\341\250\214\342\354\220\261\342\021\272\262\263\265\37706z\312\235\310P""; "
1750527714487,1750527714487,0,1,3,1,TMStatusChange,"newEvent: neACCEPTED_LEDGER; ledgerSeq: 58; ledgerHash: ""\307\232\020\017\177\025}\320\272\301\007\233=\335""\t\250\332\334\355\260\204\022\250\326\010?\242\301d\215\027""; ledgerHashPrevious: ""j\262\235LC5\315,\2758.\025\251J\276\032\252\276\237\336w\275\306no\345t\317\355,\333\255""; networkTime: 803842914; firstSeq: 1; lastSeq: 57; ","newEvent: neACCEPTED_LEDGER; ledgerSeq: 58; ledgerHash: ""\307\232\020\017\177\025}\320\272\301\007\233=\335""\t\250\332\334\355\260\204\022\250\326\010?\242\301d\215\027""; ledgerHashPrevious: ""j\262\235LC5\315,\2758.\025\251J\276\032\252\276\237\336w\275\306no\345t\317\355,\333\255""; networkTime: 803842914; firstSeq: 1; lastSeq: 57; "
1750527714488,1750527714488,0,1,4,2,TMGetLedger,"itype: liBASE; ledgerHash: ""\307\232\020\017\177\025}\320\272\301\007\233=\335""\t\250\332\334\355\260\204\022\250\326\010?\242\301d\215\027""; ","itype: liBASE; ledgerHash: ""\307\232\020\017\177\025}\320\272\301\007\233=\335""\t\250\332\334\355\260\204\022\250\326\010?\242\301d\215\027""; "
1750527714489,1750527714489,0,1,4,2,TMValidation,"validation: """"\200\000\000\001&\000\000\000:)/\351\253b:p\210\265\307-\212\200\004Q\307\232\020\017\177\025}\320\272\301\007\233=\335""\t\250\332\334\355\260\204\022\250\326\010?\242\301d\215\027P\027\000\000\000\000\000\000\000\000\000\000\000\000\000\000\000\000\000\000\000\000\000\000\000\000\000\000\000\000\000\000\000\000P\031j\262\235LC5\315,\2758.\025\251J\276\032\252\276\237\336w\275\306no\345t\317\355,\333\255s!\002\364d\217\366\217|\316F\232\231\241\n\261\333`\312O\367\235\025DD\336e\367\n\312\326\221\037\025\230vF0D\002 $\035\242*\330\315O$87\363\355\267[\237u\323~\336g\245f\340\346\351\374\340F\013\360\370\255\002 \035\236L\036T\321oE4\205\031\341\250\214\342\354\220\261\342\021\272\262\263\265\37706z\312\235\310P""; ","validation: """"\200\000\000\001&\000\000\000:)/\351\253b:p\210\265\307-\212\200\004Q\307\232\020\017\177\025}\320\272\301\007\233=\335""\t\250\332\334\355\260\204\022\250\326\010?\242\301d\215\027P\027\000\000\000\000\000\000\000\000\000\000\000\000\000\000\000\000\000\000\000\000\000\000\000\000\000\000\000\000\000\000\000\000P\031j\262\235LC5\315,\2758.\025\251J\276\032\252\276\237\336w\275\306no\345t\317\355,\333\255s!\002\364d\217\366\217|\316F\232\231\241\n\261\333`\312O\367\235\025DD\336e\367\n\312\326\221\037\025\230vF0D\002 $\035\242*\330\315O$87\363\355\267[\237u\323~\336g\245f\340\346\351\374\340F\013\360\370\255\002 \035\236L\036T\321oE4\205\031\341\250\214\342\354\220\261\342\021\272\262\263\265\37706z\312\235\310P""; "
1750527714489,1750527714489,0,1,4,0,TMValidation,"validation: """"\200\000\000\001&\000\000\000:)/\351\253b:p\210\265\307-\212\200\004Q\307\232\020\017\177\025}\320\272\301\007\233=\335""\t\250\332\334\355\260\204\022\250\326\010?\242\301d\215\027P\027\000\000\000\000\000\000\000\000\000\000\000\000\000\000\000\000\000\000\000\000\000\000\000\000\000\000\000\000\000\000\000\000P\031j\262\235LC5\315,\2758.\025\251J\276\032\252\276\237\336w\275\306no\345t\317\355,\333\255s!\002\364d\217\366\217|\316F\232\231\241\n\261\333`\312O\367\235\025DD\336e\367\n\312\326\221\037\025\230vF0D\002 $\035\242*\330\315O$87\363\355\267[\237u\323~\336g\245f\340\346\351\374\340F\013\360\370\255\002 \035\236L\036T\321oE4\205\031\341\250\214\342\354\220\261\342\021\272\262\263\265\37706z\312\235\310P""; ","validation: """"\200\000\000\001&\000\000\000:)/\351\253b:p\210\265\307-\212\200\004Q\307\232\020\017\177\025}\320\272\301\007\233=\335""\t\250\332\334\355\260\204\022\250\326\010?\242\301d\215\027P\027\000\000\000\000\000\000\000\000\000\000\000\000\000\000\000\000\000\000\000\000\000\000\000\000\000\000\000\000\000\000\000\000P\031j\262\235LC5\315,\2758.\025\251J\276\032\252\276\237\336w\275\306no\345t\317\355,\333\255s!\002\364d\217\366\217|\316F\232\231\241\n\261\333`\312O\367\235\025DD\336e\367\n\312\326\221\037\025\230vF0D\002 $\035\242*\330\315O$87\363\355\267[\237u\323~\336g\245f\340\346\351\374\340F\013\360\370\255\002 \035\236L\036T\321oE4\205\031\341\250\214\342\354\220\261\342\021\272\262\263\265\37706z\312\235\310P""; "
1750527714489,1750527714489,0,1,4,1,TMGetLedger,"itype: liBASE; ledgerHash: ""\307\232\020\017\177\025}\320\272\301\007\233=\335""\t\250\332\334\355\260\204\022\250\326\010?\242\301d\215\027""; ","itype: liBASE; ledgerHash: ""\307\232\020\017\177\025}\320\272\301\007\233=\335""\t\250\332\334\355\260\204\022\250\326\010?\242\301d\215\027""; "
1750527714489,1750527714490,0,1,4,0,TMGetLedger,"itype: liBASE; ledgerHash: ""\307\232\020\017\177\025}\320\272\301\007\233=\335""\t\250\332\334\355\260\204\022\250\326\010?\242\301d\215\027""; ","itype: liBASE; ledgerHash: ""\307\232\020\017\177\025}\320\272\301\007\233=\335""\t\250\332\334\355\260\204\022\250\326\010?\242\301d\215\027""; "
1750527714490,1750527714490,0,1,4,1,TMValidation,"validation: """"\200\000\000\001&\000\000\000:)/\351\253b:p\210\265\307-\212\200\004Q\307\232\020\017\177\025}\320\272\301\007\233=\335""\t\250\332\334\355\260\204\022\250\326\010?\242\301d\215\027P\027\000\000\000\000\000\000\000\000\000\000\000\000\000\000\000\000\000\000\000\000\000\000\000\000\000\000\000\000\000\000\000\000P\031j\262\235LC5\315,\2758.\025\251J\276\032\252\276\237\336w\275\306no\345t\317\355,\333\255s!\002\364d\217\366\217|\316F\232\231\241\n\261\333`\312O\367\235\025DD\336e\367\n\312\326\221\037\025\230vF0D\002 $\035\242*\330\315O$87\363\355\267[\237u\323~\336g\245f\340\346\351\374\340F\013\360\370\255\002 \035\236L\036T\321oE4\205\031\341\250\214\342\354\220\261\342\021\272\262\263\265\37706z\312\235\310P""; ","validation: """"\200\000\000\001&\000\000\000:)/\351\253b:p\210\265\307-\212\200\004Q\307\232\020\017\177\025}\320\272\301\007\233=\335""\t\250\332\334\355\260\204\022\250\326\010?\242\301d\215\027P\027\000\000\000\000\000\000\000\000\000\000\000\000\000\000\000\000\000\000\000\000\000\000\000\000\000\000\000\000\000\000\000\000P\031j\262\235LC5\315,\2758.\025\251J\276\032\252\276\237\336w\275\306no\345t\317\355,\333\255s!\002\364d\217\366\217|\316F\232\231\241\n\261\333`\312O\367\235\025DD\336e\367\n\312\326\221\037\025\230vF0D\002 $\035\242*\330\315O$87\363\355\267[\237u\323~\336g\245f\340\346\351\374\340F\013\360\370\255\002 \035\236L\036T\321oE4\205\031\341\250\214\342\354\220\261\342\021\272\262\263\265\37706z\312\235\310P""; "
1750527714490,1750527714490,0,1,4,3,TMGetLedger,"itype: liBASE; ledgerHash: ""\307\232\020\017\177\025}\320\272\301\007\233=\335""\t\250\332\334\355\260\204\022\250\326\010?\242\301d\215\027""; ","itype: liBASE; ledgerHash: ""\307\232\020\017\177\025}\320\272\301\007\233=\335""\t\250\332\334\355\260\204\022\250\326\010?\242\301d\215\027""; "
1750527714491,1750527714491,0,1,4,2,TMGetLedger,"itype: liBASE; ledgerHash: ""\307\232\020\017\177\025}\320\272\301\007\233=\335""\t\250\332\334\355\260\204\022\250\326\010?\242\301d\215\027""; queryType: qtINDIRECT; ","itype: liBASE; ledgerHash: ""\307\232\020\017\177\025}\320\272\301\007\233=\335""\t\250\332\334\355\260\204\022\250\326\010?\242\301d\215\027""; queryType: qtINDIRECT; "
1750527714491,1750527714491,0,1,4,3,TMGetLedger,"itype: liBASE; ledgerHash: ""\307\232\020\017\177\025}\320\272\301\007\233=\335""\t\250\332\334\355\260\204\022\250\326\010?\242\301d\215\027""; queryType: qtINDIRECT; ","itype: liBASE; ledgerHash: ""\307\232\020\017\177\025}\320\272\301\007\233=\335""\t\250\332\334\355\260\204\022\250\326\010?\242\301d\215\027""; queryType: qtINDIRECT; "
1750527714491,1750527714491,0,1,4,1,TMGetLedger,"itype: liBASE; ledgerHash: ""\307\232\020\017\177\025}\320\272\301\007\233=\335""\t\250\332\334\355\260\204\022\250\326\010?\242\301d\215\027""; queryType: qtINDIRECT; ","itype: liBASE; ledgerHash: ""\307\232\020\017\177\025}\320\272\301\007\233=\335""\t\250\332\334\355\260\204\022\250\326\010?\242\301d\215\027""; queryType: qtINDIRECT; "
1750527714492,1750527714492,0,1,4,0,TMGetLedger,"itype: liBASE; ledgerHash: ""\307\232\020\017\177\025}\320\272\301\007\233=\335""\t\250\332\334\355\260\204\022\250\326\010?\242\301d\215\027""; queryType: qtINDIRECT; ","itype: liBASE; ledgerHash: ""\307\232\020\017\177\025}\320\272\301\007\233=\335""\t\250\332\334\355\260\204\022\250\326\010?\242\301d\215\027""; queryType: qtINDIRECT; "
1750527714492,1750527714492,0,1,0,4,TMGetLedger,"itype: liBASE; ledgerHash: ""\307\232\020\017\177\025}\320\272\301\007\233=\335""\t\250\332\334\355\260\204\022\250\326\010?\242\301d\215\027""; ledgerSeq: 58; ","itype: liBASE; ledgerHash: ""\307\232\020\017\177\025}\320\272\301\007\233=\335""\t\250\332\334\355\260\204\022\250\326\010?\242\301d\215\027""; ledgerSeq: 58; "
1750527714493,1750527714493,0,1,0,2,TMGetLedger,"itype: liBASE; ledgerHash: ""\307\232\020\017\177\025}\320\272\301\007\233=\335""\t\250\332\334\355\260\204\022\250\326\010?\242\301d\215\027""; ledgerSeq: 58; ","itype: liBASE; ledgerHash: ""\307\232\020\017\177\025}\320\272\301\007\233=\335""\t\250\332\334\355\260\204\022\250\326\010?\242\301d\215\027""; ledgerSeq: 58; "
1750527714494,1750527714494,0,1,0,3,TMGetLedger,"itype: liBASE; ledgerHash: ""\307\232\020\017\177\025}\320\272\301\007\233=\335""\t\250\332\334\355\260\204\022\250\326\010?\242\301d\215\027""; ledgerSeq: 58; ","itype: liBASE; ledgerHash: ""\307\232\020\017\177\025}\320\272\301\007\233=\335""\t\250\332\334\355\260\204\022\250\326\010?\242\301d\215\027""; ledgerSeq: 58; "
1750527714494,1750527714494,0,1,0,1,TMGetLedger,"itype: liBASE; ledgerHash: ""\307\232\020\017\177\025}\320\272\301\007\233=\335""\t\250\332\334\355\260\204\022\250\326\010?\242\301d\215\027""; ledgerSeq: 58; ","itype: liBASE; ledgerHash: ""\307\232\020\017\177\025}\320\272\301\007\233=\335""\t\250\332\334\355\260\204\022\250\326\010?\242\301d\215\027""; ledgerSeq: 58; "
1750527714494,1750527714494,0,1,2,3,TMGetLedger,"itype: liBASE; ledgerHash: ""\307\232\020\017\177\025}\320\272\301\007\233=\335""\t\250\332\334\355\260\204\022\250\326\010?\242\301d\215\027""; ledgerSeq: 58; ","itype: liBASE; ledgerHash: ""\307\232\020\017\177\025}\320\272\301\007\233=\335""\t\250\332\334\355\260\204\022\250\326\010?\242\301d\215\027""; ledgerSeq: 58; "
1750527714495,1750527714495,0,1,2,0,TMGetLedger,"itype: liBASE; ledgerHash: ""\307\232\020\017\177\025}\320\272\301\007\233=\335""\t\250\332\334\355\260\204\022\250\326\010?\242\301d\215\027""; ledgerSeq: 58; ","itype: liBASE; ledgerHash: ""\307\232\020\017\177\025}\320\272\301\007\233=\335""\t\250\332\334\355\260\204\022\250\326\010?\242\301d\215\027""; ledgerSeq: 58; "
1750527714495,1750527714495,0,1,2,1,TMGetLedger,"itype: liBASE; ledgerHash: ""\307\232\020\017\177\025}\320\272\301\007\233=\335""\t\250\332\334\355\260\204\022\250\326\010?\242\301d\215\027""; ledgerSeq: 58; ","itype: liBASE; ledgerHash: ""\307\232\020\017\177\025}\320\272\301\007\233=\335""\t\250\332\334\355\260\204\022\250\326\010?\242\301d\215\027""; ledgerSeq: 58; "
1750527714495,1750527714495,0,1,2,4,TMGetLedger,"itype: liBASE; ledgerHash: ""\307\232\020\017\177\025}\320\272\301\007\233=\335""\t\250\332\334\355\260\204\022\250\326\010?\242\301d\215\027""; ledgerSeq: 58; ","itype: liBASE; ledgerHash: ""\307\232\020\017\177\025}\320\272\301\007\233=\335""\t\250\332\334\355\260\204\022\250\326\010?\242\301d\215\027""; ledgerSeq: 58; "
1750527714496,1750527714496,0,1,0,3,TMGetLedger,"itype: liBASE; ledgerHash: ""\307\232\020\017\177\025}\320\272\301\007\233=\335""\t\250\332\334\355\260\204\022\250\326\010?\242\301d\215\027""; ledgerSeq: 58; queryType: qtINDIRECT; ","itype: liBASE; ledgerHash: ""\307\232\020\017\177\025}\320\272\301\007\233=\335""\t\250\332\334\355\260\204\022\250\326\010?\242\301d\215\027""; ledgerSeq: 58; queryType: qtINDIRECT; "
1750527714496,1750527714496,0,1,1,3,TMGetLedger,"itype: liBASE; ledgerHash: ""\307\232\020\017\177\025}\320\272\301\007\233=\335""\t\250\332\334\355\260\204\022\250\326\010?\242\301d\215\027""; ","itype: liBASE; ledgerHash: ""\307\232\020\017\177\025}\320\272\301\007\233=\335""\t\250\332\334\355\260\204\022\250\326\010?\242\301d\215\027""; "
1750527714497,1750527714497,0,1,1,4,TMGetLedger,"itype: liBASE; ledgerHash: ""\307\232\020\017\177\025}\320\272\301\007\233=\335""\t\250\332\334\355\260\204\022\250\326\010?\242\301d\215\027""; ","itype: liBASE; ledgerHash: ""\307\232\020\017\177\025}\320\272\301\007\233=\335""\t\250\332\334\355\260\204\022\250\326\010?\242\301d\215\027""; "
1750527714497,1750527714497,0,1,1,0,TMGetLedger,"itype: liBASE; ledgerHash: ""\307\232\020\017\177\025}\320\272\301\007\233=\335""\t\250\332\334\355\260\204\022\250\326\010?\242\301d\215\027""; queryType: qtINDIRECT; ","itype: liBASE; ledgerHash: ""\307\232\020\017\177\025}\320\272\301\007\233=\335""\t\250\332\334\355\260\204\022\250\326\010?\242\301d\215\027""; queryType: qtINDIRECT; "
1750527714497,1750527714497,0,1,1,0,TMGetLedger,"itype: liBASE; ledgerHash: ""\307\232\020\017\177\025}\320\272\301\007\233=\335""\t\250\332\334\355\260\204\022\250\326\010?\242\301d\215\027""; ","itype: liBASE; ledgerHash: ""\307\232\020\017\177\025}\320\272\301\007\233=\335""\t\250\332\334\355\260\204\022\250\326\010?\242\301d\215\027""; "
1750527714498,1750527714498,0,1,1,2,TMGetLedger,"itype: liBASE; ledgerHash: ""\307\232\020\017\177\025}\320\272\301\007\233=\335""\t\250\332\334\355\260\204\022\250\326\010?\242\301d\215\027""; queryType: qtINDIRECT; ","itype: liBASE; ledgerHash: ""\307\232\020\017\177\025}\320\272\301\007\233=\335""\t\250\332\334\355\260\204\022\250\326\010?\242\301d\215\027""; queryType: qtINDIRECT; "
1750527714498,1750527714498,0,1,1,2,TMGetLedger,"itype: liBASE; ledgerHash: ""\307\232\020\017\177\025}\320\272\301\007\233=\335""\t\250\332\334\355\260\204\022\250\326\010?\242\301d\215\027""; ","itype: liBASE; ledgerHash: ""\307\232\020\017\177\025}\320\272\301\007\233=\335""\t\250\332\334\355\260\204\022\250\326\010?\242\301d\215\027""; "
1750527714499,1750527714499,0,1,1,4,TMGetLedger,"itype: liBASE; ledgerHash: ""\307\232\020\017\177\025}\320\272\301\007\233=\335""\t\250\332\334\355\260\204\022\250\326\010?\242\301d\215\027""; queryType: qtINDIRECT; ","itype: liBASE; ledgerHash: ""\307\232\020\017\177\025}\320\272\301\007\233=\335""\t\250\332\334\355\260\204\022\250\326\010?\242\301d\215\027""; queryType: qtINDIRECT; "
1750527714499,1750527714499,0,1,1,3,TMGetLedger,"itype: liBASE; ledgerHash: ""\307\232\020\017\177\025}\320\272\301\007\233=\335""\t\250\332\334\355\260\204\022\250\326\010?\242\301d\215\027""; queryType: qtINDIRECT; ","itype: liBASE; ledgerHash: ""\307\232\020\017\177\025}\320\272\301\007\233=\335""\t\250\332\334\355\260\204\022\250\326\010?\242\301d\215\027""; queryType: qtINDIRECT; "
1750527714499,1750527714499,0,1,2,4,TMGetLedger,"itype: liBASE; ledgerHash: ""\307\232\020\017\177\025}\320\272\301\007\233=\335""\t\250\332\334\355\260\204\022\250\326\010?\242\301d\215\027""; ledgerSeq: 58; queryType: qtINDIRECT; ","itype: liBASE; ledgerHash: ""\307\232\020\017\177\025}\320\272\301\007\233=\335""\t\250\332\334\355\260\204\022\250\326\010?\242\301d\215\027""; ledgerSeq: 58; queryType: qtINDIRECT; "
1750527714500,1750527714500,0,1,2,4,TMValidation,"validation: """"\200\000\000\001&\000\000\000:)/\351\253b:p\210\265\307-\212\200\004Q\307\232\020\017\177\025}\320\272\301\007\233=\335""\t\250\332\334\355\260\204\022\250\326\010?\242\301d\215\027P\027\000\000\000\000\000\000\000\000\000\000\000\000\000\000\000\000\000\000\000\000\000\000\000\000\000\000\000\000\000\000\000\000P\031j\262\235LC5\315,\2758.\025\251J\276\032\252\276\237\336w\275\306no\345t\317\355,\333\255s!\002\364d\217\366\217|\316F\232\231\241\n\261\333`\312O\367\235\025DD\336e\367\n\312\326\221\037\025\230vF0D\002 $\035\242*\330\315O$87\363\355\267[\237u\323~\336g\245f\340\346\351\374\340F\013\360\370\255\002 \035\236L\036T\321oE4\205\031\341\250\214\342\354\220\261\342\021\272\262\263\265\37706z\312\235\310P""; ","validation: """"\200\000\000\001&\000\000\000:)/\351\253b:p\210\265\307-\212\200\004Q\307\232\020\017\177\025}\320\272\301\007\233=\335""\t\250\332\334\355\260\204\022\250\326\010?\242\301d\215\027P\027\000\000\000\000\000\000\000\000\000\000\000\000\000\000\000\000\000\000\000\000\000\000\000\000\000\000\000\000\000\000\000\000P\031j\262\235LC5\315,\2758.\025\251J\276\032\252\276\237\336w\275\306no\345t\317\355,\333\255s!\002\364d\217\366\217|\316F\232\231\241\n\261\333`\312O\367\235\025DD\336e\367\n\312\326\221\037\025\230vF0D\002 $\035\242*\330\315O$87\363\355\267[\237u\323~\336g\245f\340\346\351\374\340F\013\360\370\255\002 \035\236L\036T\321oE4\205\031\341\250\214\342\354\220\261\342\021\272\262\263\265\37706z\312\235\310P""; "
1750527714500,1750527714500,0,1,1,2,TMValidation,"validation: """"\200\000\000\001&\000\000\000:)/\351\253b:p\210\265\307-\212\200\004Q\307\232\020\017\177\025}\320\272\301\007\233=\335""\t\250\332\334\355\260\204\022\250\326\010?\242\301d\215\027P\027\000\000\000\000\000\000\000\000\000\000\000\000\000\000\000\000\000\000\000\000\000\000\000\000\000\000\000\000\000\000\000\000P\031j\262\235LC5\315,\2758.\025\251J\276\032\252\276\237\336w\275\306no\345t\317\355,\333\255s!\002\364d\217\366\217|\316F\232\231\241\n\261\333`\312O\367\235\025DD\336e\367\n\312\326\221\037\025\230vF0D\002 $\035\242*\330\315O$87\363\355\267[\237u\323~\336g\245f\340\346\351\374\340F\013\360\370\255\002 \035\236L\036T\321oE4\205\031\341\250\214\342\354\220\261\342\021\272\262\263\265\37706z\312\235\310P""; ","validation: """"\200\000\000\001&\000\000\000:)/\351\253b:p\210\265\307-\212\200\004Q\307\232\020\017\177\025}\320\272\301\007\233=\335""\t\250\332\334\355\260\204\022\250\326\010?\242\301d\215\027P\027\000\000\000\000\000\000\000\000\000\000\000\000\000\000\000\000\000\000\000\000\000\000\000\000\000\000\000\000\000\000\000\000P\031j\262\235LC5\315,\2758.\025\251J\276\032\252\276\237\336w\275\306no\345t\317\355,\333\255s!\002\364d\217\366\217|\316F\232\231\241\n\261\333`\312O\367\235\025DD\336e\367\n\312\326\221\037\025\230vF0D\002 $\035\242*\330\315O$87\363\355\267[\237u\323~\336g\245f\340\346\351\374\340F\013\360\370\255\002 \035\236L\036T\321oE4\205\031\341\250\214\342\354\220\261\342\021\272\262\263\265\37706z\312\235\310P""; "
1750527714501,1750527714501,0,1,1,4,TMValidation,"validation: """"\200\000\000\001&\000\000\000:)/\351\253b:p\210\265\307-\212\200\004Q\307\232\020\017\177\025}\320\272\301\007\233=\335""\t\250\332\334\355\260\204\022\250\326\010?\242\301d\215\027P\027\000\000\000\000\000\000\000\000\000\000\000\000\000\000\000\000\000\000\000\000\000\000\000\000\000\000\000\000\000\000\000\000P\031j\262\235LC5\315,\2758.\025\251J\276\032\252\276\237\336w\275\306no\345t\317\355,\333\255s!\002\364d\217\366\217|\316F\232\231\241\n\261\333`\312O\367\235\025DD\336e\367\n\312\326\221\037\025\230vF0D\002 $\035\242*\330\315O$87\363\355\267[\237u\323~\336g\245f\340\346\351\374\340F\013\360\370\255\002 \035\236L\036T\321oE4\205\031\341\250\214\342\354\220\261\342\021\272\262\263\265\37706z\312\235\310P""; ","validation: """"\200\000\000\001&\000\000\000:)/\351\253b:p\210\265\307-\212\200\004Q\307\232\020\017\177\025}\320\272\301\007\233=\335""\t\250\332\334\355\260\204\022\250\326\010?\242\301d\215\027P\027\000\000\000\000\000\000\000\000\000\000\000\000\000\000\000\000\000\000\000\000\000\000\000\000\000\000\000\000\000\000\000\000P\031j\262\235LC5\315,\2758.\025\251J\276\032\252\276\237\336w\275\306no\345t\317\355,\333\255s!\002\364d\217\366\217|\316F\232\231\241\n\261\333`\312O\367\235\025DD\336e\367\n\312\326\221\037\025\230vF0D\002 $\035\242*\330\315O$87\363\355\267[\237u\323~\336g\245f\340\346\351\374\340F\013\360\370\255\002 \035\236L\036T\321oE4\205\031\341\250\214\342\354\220\261\342\021\272\262\263\265\37706z\312\235\310P""; "
1750527714501,1750527714501,0,1,1,0,TMValidation,"validation: """"\200\000\000\001&\000\000\000:)/\351\253b:p\210\265\307-\212\200\004Q\307\232\020\017\177\025}\320\272\301\007\233=\335""\t\250\332\334\355\260\204\022\250\326\010?\242\301d\215\027P\027\000\000\000\000\000\000\000\000\000\000\000\000\000\000\000\000\000\000\000\000\000\000\000\000\000\000\000\000\000\000\000\000P\031j\262\235LC5\315,\2758.\025\251J\276\032\252\276\237\336w\275\306no\345t\317\355,\333\255s!\002\364d\217\366\217|\316F\232\231\241\n\261\333`\312O\367\235\025DD\336e\367\n\312\326\221\037\025\230vF0D\002 $\035\242*\330\315O$87\363\355\267[\237u\323~\336g\245f\340\346\351\374\340F\013\360\370\255\002 \035\236L\036T\321oE4\205\031\341\250\214\342\354\220\261\342\021\272\262\263\265\37706z\312\235\310P""; ","validation: """"\200\000\000\001&\000\000\000:)/\351\253b:p\210\265\307-\212\200\004Q\307\232\020\017\177\025}\320\272\301\007\233=\335""\t\250\332\334\355\260\204\022\250\326\010?\242\301d\215\027P\027\000\000\000\000\000\000\000\000\000\000\000\000\000\000\000\000\000\000\000\000\000\000\000\000\000\000\000\000\000\000\000\000P\031j\262\235LC5\315,\2758.\025\251J\276\032\252\276\237\336w\275\306no\345t\317\355,\333\255s!\002\364d\217\366\217|\316F\232\231\241\n\261\333`\312O\367\235\025DD\336e\367\n\312\326\221\037\025\230vF0D\002 $\035\242*\330\315O$87\363\355\267[\237u\323~\336g\245f\340\346\351\374\340F\013\360\370\255\002 \035\236L\036T\321oE4\205\031\341\250\214\342\354\220\261\342\021\272\262\263\265\37706z\312\235\310P""; "
1750527714501,1750527714501,0,1,0,4,TMGetLedger,"itype: liBASE; ledgerHash: ""\307\232\020\017\177\025}\320\272\301\007\233=\335""\t\250\332\334\355\260\204\022\250\326\010?\242\301d\215\027""; ledgerSeq: 58; queryType: qtINDIRECT; ","itype: liBASE; ledgerHash: ""\307\232\020\017\177\025}\320\272\301\007\233=\335""\t\250\332\334\355\260\204\022\250\326\010?\242\301d\215\027""; ledgerSeq: 58; queryType: qtINDIRECT; "
1750527714502,1750527714502,0,1,0,4,TMValidation,"validation: """"\200\000\000\001&\000\000\000:)/\351\253b:p\210\265\307-\212\200\004Q\307\232\020\017\177\025}\320\272\301\007\233=\335""\t\250\332\334\355\260\204\022\250\326\010?\242\301d\215\027P\027\000\000\000\000\000\000\000\000\000\000\000\000\000\000\000\000\000\000\000\000\000\000\000\000\000\000\000\000\000\000\000\000P\031j\262\235LC5\315,\2758.\025\251J\276\032\252\276\237\336w\275\306no\345t\317\355,\333\255s!\002\364d\217\366\217|\316F\232\231\241\n\261\333`\312O\367\235\025DD\336e\367\n\312\326\221\037\025\230vF0D\002 $\035\242*\330\315O$87\363\355\267[\237u\323~\336g\245f\340\346\351\374\340F\013\360\370\255\002 \035\236L\036T\321oE4\205\031\341\250\214\342\354\220\261\342\021\272\262\263\265\37706z\312\235\310P""; ","validation: """"\200\000\000\001&\000\000\000:)/\351\253b:p\210\265\307-\212\200\004Q\307\232\020\017\177\025}\320\272\301\007\233=\335""\t\250\332\334\355\260\204\022\250\326\010?\242\301d\215\027P\027\000\000\000\000\000\000\000\000\000\000\000\000\000\000\000\000\000\000\000\000\000\000\000\000\000\000\000\000\000\000\000\000P\031j\262\235LC5\315,\2758.\025\251J\276\032\252\276\237\336w\275\306no\345t\317\355,\333\255s!\002\364d\217\366\217|\316F\232\231\241\n\261\333`\312O\367\235\025DD\336e\367\n\312\326\221\037\025\230vF0D\002 $\035\242*\330\315O$87\363\355\267[\237u\323~\336g\245f\340\346\351\374\340F\013\360\370\255\002 \035\236L\036T\321oE4\205\031\341\250\214\342\354\220\261\342\021\272\262\263\265\37706z\312\235\310P""; "
1750527714502,1750527714502,0,1,3,4,TMLedgerData,"ledgerHash: ""\307\232\020\017\177\025}\320\272\301\007\233=\335""\t\250\332\334\355\260\204\022\250\326\010?\242\301d\215\027""; ledgerSeq: 58; type: liBASE; nodes {;   nodedata: ""\000\000\000:\001cEx]\211\377\330j\262\235LC5\315,\2758.\025\251J\276\032\252\276\237\336w\275\306no\345t\317\355,\333\255\000\000\000\000\000\000\000\000\000\000\000\000\000\000\000\000\000\000\000\000\000\000\000\000\000\000\000\000\000\000\000\000\310\r\347\027\240\3735\250RW\254=p\265#3G\234\332@\315\r\006\262\321\220.7\344'?\222/\351\253_/\351\253`\n\000""; }; nodes {;   nodedata: ""\323C\344\327\264{\312-\017:\006{\177\344N\002\326bO\260\220\006\033\362\345\005U\221DzJ0\001\301\025%1L\307\t\261\262z\374\222T\301\274V\236\223\262\270Ct\362\337b\356\024*\324\320\351\317\002k\336\234\027v\351\217\260\303\360\233ZPZWr\246$w\313\313\r\243r\232\2234\373\3539:N\004Q\245\272D\312D\300\300\t\323\0257\345e\271\na\215{\226\255x%T\257\037\333\004\344_/R\006E\344\037@\210\363\010\336T\226\247'\204_{\261\370""1\235\2445\343\033Y!\212\201\341\272\225'\007\001\330\n\317\202\376t\3031O\276<\374 Ta^U\t`&6u\337\251\276ri\315|\226e\013\003""; }; ","ledgerHash: ""\307\232\020\017\177\025}\320\272\301\007\233=\335""\t\250\332\334\355\260\204\022\250\326\010?\242\301d\215\027""; ledgerSeq: 58; type: liBASE; nodes {;   nodedata: ""\000\000\000:\001cEx]\211\377\330j\262\235LC5\315,\2758.\025\251J\276\032\252\276\237\336w\275\306no\345t\317\355,\333\255\000\000\000\000\000\000\000\000\000\000\000\000\000\000\000\000\000\000\000\000\000\000\000\000\000\000\000\000\000\000\000\000\310\r\347\027\240\3735\250RW\254=p\265#3G\234\332@\315\r\006\262\321\220.7\344'?\222/\351\253_/\351\253`\n\000""; }; nodes {;   nodedata: ""\323C\344\327\264{\312-\017:\006{\177\344N\002\326bO\260\220\006\033\362\345\005U\221DzJ0\001\301\025%1L\307\t\261\262z\374\222T\301\274V\236\223\262\270Ct\362\337b\356\024*\324\320\351\317\002k\336\234\027v\351\217\260\303\360\233ZPZWr\246$w\313\313\r\243r\232\2234\373\3539:N\004Q\245\272D\312D\300\300\t\323\0257\345e\271\na\215{\226\255x%T\257\037\333\004\344_/R\006E\344\037@\210\363\010\336T\226\247'\204_{\261\370""1\235\2445\343\033Y!\212\201\341\272\225'\007\001\330\n\317\202\376t\3031O\276<\374 Ta^U\t`&6u\337\251\276ri\315|\226e\013\003""; }; "
1750527714503,1750527714503,0,1,3,4,TMLedgerData,"ledgerHash: ""\307\232\020\017\177\025}\320\272\301\007\233=\335""\t\250\332\334\355\260\204\022\250\326\010?\242\301d\215\027""; ledgerSeq: 58; type: liBASE; nodes {;   nodedata: ""\000\000\000:\001cEx]\211\377\330j\262\235LC5\315,\2758.\025\251J\276\032\252\276\237\336w\275\306no\345t\317\355,\333\255\000\000\000\000\000\000\000\000\000\000\000\000\000\000\000\000\000\000\000\000\000\000\000\000\000\000\000\000\000\000\000\000\310\r\347\027\240\3735\250RW\254=p\265#3G\234\332@\315\r\006\262\321\220.7\344'?\222/\351\253_/\351\253`\n\000""; }; nodes {;   nodedata: ""\323C\344\327\264{\312-\017:\006{\177\344N\002\326bO\260\220\006\033\362\345\005U\221DzJ0\001\301\025%1L\307\t\261\262z\374\222T\301\274V\236\223\262\270Ct\362\337b\356\024*\324\320\351\317\002k\336\234\027v\351\217\260\303\360\233ZPZWr\246$w\313\313\r\243r\232\2234\373\3539:N\004Q\245\272D\312D\300\300\t\323\0257\345e\271\na\215{\226\255x%T\257\037\333\004\344_/R\006E\344\037@\210\363\010\336T\226\247'\204_{\261\370""1\235\2445\343\033Y!\212\201\341\272\225'\007\001\330\n\317\202\376t\3031O\276<\374 Ta^U\t`&6u\337\251\276ri\315|\226e\013\003""; }; ","ledgerHash: ""\307\232\020\017\177\025}\320\272\301\007\233=\335""\t\250\332\334\355\260\204\022\250\326\010?\242\301d\215\027""; ledgerSeq: 58; type: liBASE; nodes {;   nodedata: ""\000\000\000:\001cEx]\211\377\330j\262\235LC5\315,\2758.\025\251J\276\032\252\276\237\336w\275\306no\345t\317\355,\333\255\000\000\000\000\000\000\000\000\000\000\000\000\000\000\000\000\000\000\000\000\000\000\000\000\000\000\000\000\000\000\000\000\310\r\347\027\240\3735\250RW\254=p\265#3G\234\332@\315\r\006\262\321\220.7\344'?\222/\351\253_/\351\253`\n\000""; }; nodes {;   nodedata: ""\323C\344\327\264{\312-\017:\006{\177\344N\002\326bO\260\220\006\033\362\345\005U\221DzJ0\001\301\025%1L\307\t\261\262z\374\222T\301\274V\236\223\262\270Ct\362\337b\356\024*\324\320\351\317\002k\336\234\027v\351\217\260\303\360\233ZPZWr\246$w\313\313\r\243r\232\2234\373\3539:N\004Q\245\272D\312D\300\300\t\323\0257\345e\271\na\215{\226\255x%T\257\037\333\004\344_/R\006E\344\037@\210\363\010\336T\226\247'\204_{\261\370""1\235\2445\343\033Y!\212\201\341\272\225'\007\001\330\n\317\202\376t\3031O\276<\374 Ta^U\t`&6u\337\251\276ri\315|\226e\013\003""; }; "
1750527714504,1750527714504,0,1,1,3,TMGetLedger,"itype: liBASE; ledgerHash: ""\307\232\020\017\177\025}\320\272\301\007\233=\335""\t\250\332\334\355\260\204\022\250\326\010?\242\301d\215\027""; requestCookie: 5; queryType: qtINDIRECT; ","itype: liBASE; ledgerHash: ""\307\232\020\017\177\025}\320\272\301\007\233=\335""\t\250\332\334\355\260\204\022\250\326\010?\242\301d\215\027""; requestCookie: 5; queryType: qtINDIRECT; "
1750527714504,1750527714504,0,1,2,0,TMGetLedger,"itype: liBASE; ledgerHash: ""\307\232\020\017\177\025}\320\272\301\007\233=\335""\t\250\332\334\355\260\204\022\250\326\010?\242\301d\215\027""; ledgerSeq: 58; queryType: qtINDIRECT; ","itype: liBASE; ledgerHash: ""\307\232\020\017\177\025}\320\272\301\007\233=\335""\t\250\332\334\355\260\204\022\250\326\010?\242\301d\215\027""; ledgerSeq: 58; queryType: qtINDIRECT; "
1750527714504,1750527714504,0,1,2,0,TMValidation,"validation: """"\200\000\000\001&\000\000\000:)/\351\253b:p\210\265\307-\212\200\004Q\307\232\020\017\177\025}\320\272\301\007\233=\335""\t\250\332\334\355\260\204\022\250\326\010?\242\301d\215\027P\027\000\000\000\000\000\000\000\000\000\000\000\000\000\000\000\000\000\000\000\000\000\000\000\000\000\000\000\000\000\000\000\000P\031j\262\235LC5\315,\2758.\025\251J\276\032\252\276\237\336w\275\306no\345t\317\355,\333\255s!\002\364d\217\366\217|\316F\232\231\241\n\261\333`\312O\367\235\025DD\336e\367\n\312\326\221\037\025\230vF0D\002 $\035\242*\330\315O$87\363\355\267[\237u\323~\336g\245f\340\346\351\374\340F\013\360\370\255\002 \035\236L\036T\321oE4\205\031\341\250\214\342\354\220\261\342\021\272\262\263\265\37706z\312\235\310P""; ","validation: """"\200\000\000\001&\000\000\000:)/\351\253b:p\210\265\307-\212\200\004Q\307\232\020\017\177\025}\320\272\301\007\233=\335""\t\250\332\334\355\260\204\022\250\326\010?\242\301d\215\027P\027\000\000\000\000\000\000\000\000\000\000\000\000\000\000\000\000\000\000\000\000\000\000\000\000\000\000\000\000\000\000\000\000P\031j\262\235LC5\315,\2758.\025\251J\276\032\252\276\237\336w\275\306no\345t\317\355,\333\255s!\002\364d\217\366\217|\316F\232\231\241\n\261\333`\312O\367\235\025DD\336e\367\n\312\326\221\037\025\230vF0D\002 $\035\242*\330\315O$87\363\355\267[\237u\323~\336g\245f\340\346\351\374\340F\013\360\370\255\002 \035\236L\036T\321oE4\205\031\341\250\214\342\354\220\261\342\021\272\262\263\265\37706z\312\235\310P""; "
1750527714504,1750527714504,0,1,3,0,TMLedgerData,"ledgerHash: ""\307\232\020\017\177\025}\320\272\301\007\233=\335""\t\250\332\334\355\260\204\022\250\326\010?\242\301d\215\027""; ledgerSeq: 58; type: liBASE; nodes {;   nodedata: ""\000\000\000:\001cEx]\211\377\330j\262\235LC5\315,\2758.\025\251J\276\032\252\276\237\336w\275\306no\345t\317\355,\333\255\000\000\000\000\000\000\000\000\000\000\000\000\000\000\000\000\000\000\000\000\000\000\000\000\000\000\000\000\000\000\000\000\310\r\347\027\240\3735\250RW\254=p\265#3G\234\332@\315\r\006\262\321\220.7\344'?\222/\351\253_/\351\253`\n\000""; }; nodes {;   nodedata: ""\323C\344\327\264{\312-\017:\006{\177\344N\002\326bO\260\220\006\033\362\345\005U\221DzJ0\001\301\025%1L\307\t\261\262z\374\222T\301\274V\236\223\262\270Ct\362\337b\356\024*\324\320\351\317\002k\336\234\027v\351\217\260\303\360\233ZPZWr\246$w\313\313\r\243r\232\2234\373\3539:N\004Q\245\272D\312D\300\300\t\323\0257\345e\271\na\215{\226\255x%T\257\037\333\004\344_/R\006E\344\037@\210\363\010\336T\226\247'\204_{\261\370""1\235\2445\343\033Y!\212\201\341\272\225'\007\001\330\n\317\202\376t\3031O\276<\374 Ta^U\t`&6u\337\251\276ri\315|\226e\013\003""; }; ","ledgerHash: ""\307\232\020\017\177\025}\320\272\301\007\233=\335""\t\250\332\334\355\260\204\022\250\326\010?\242\301d\215\027""; ledgerSeq: 58; type: liBASE; nodes {;   nodedata: ""\000\000\000:\001cEx]\211\377\330j\262\235LC5\315,\2758.\025\251J\276\032\252\276\237\336w\275\306no\345t\317\355,\333\255\000\000\000\000\000\000\000\000\000\000\000\000\000\000\000\000\000\000\000\000\000\000\000\000\000\000\000\000\000\000\000\000\310\r\347\027\240\3735\250RW\254=p\265#3G\234\332@\315\r\006\262\321\220.7\344'?\222/\351\253_/\351\253`\n\000""; }; nodes {;   nodedata: ""\323C\344\327\264{\312-\017:\006{\177\344N\002\326bO\260\220\006\033\362\345\005U\221DzJ0\001\301\025%1L\307\t\261\262z\374\222T\301\274V\236\223\262\270Ct\362\337b\356\024*\324\320\351\317\002k\336\234\027v\351\217\260\303\360\233ZPZWr\246$w\313\313\r\243r\232\2234\373\3539:N\004Q\245\272D\312D\300\300\t\323\0257\345e\271\na\215{\226\255x%T\257\037\333\004\344_/R\006E\344\037@\210\363\010\336T\226\247'\204_{\261\370""1\235\2445\343\033Y!\212\201\341\272\225'\007\001\330\n\317\202\376t\3031O\276<\374 Ta^U\t`&6u\337\251\276ri\315|\226e\013\003""; }; "
1750527714505,1750527714505,0,1,0,2,TMGetLedger,"itype: liBASE; ledgerHash: ""\307\232\020\017\177\025}\320\272\301\007\233=\335""\t\250\332\334\355\260\204\022\250\326\010?\242\301d\215\027""; ledgerSeq: 58; queryType: qtINDIRECT; ","itype: liBASE; ledgerHash: ""\307\232\020\017\177\025}\320\272\301\007\233=\335""\t\250\332\334\355\260\204\022\250\326\010?\242\301d\215\027""; ledgerSeq: 58; queryType: qtINDIRECT; "
1750527714505,1750527714505,0,1,0,2,TMValidation,"validation: """"\200\000\000\001&\000\000\000:)/\351\253b:p\210\265\307-\212\200\004Q\307\232\020\017\177\025}\320\272\301\007\233=\335""\t\250\332\334\355\260\204\022\250\326\010?\242\301d\215\027P\027\000\000\000\000\000\000\000\000\000\000\000\000\000\000\000\000\000\000\000\000\000\000\000\000\000\000\000\000\000\000\000\000P\031j\262\235LC5\315,\2758.\025\251J\276\032\252\276\237\336w\275\306no\345t\317\355,\333\255s!\002\364d\217\366\217|\316F\232\231\241\n\261\333`\312O\367\235\025DD\336e\367\n\312\326\221\037\025\230vF0D\002 $\035\242*\330\315O$87\363\355\267[\237u\323~\336g\245f\340\346\351\374\340F\013\360\370\255\002 \035\236L\036T\321oE4\205\031\341\250\214\342\354\220\261\342\021\272\262\263\265\37706z\312\235\310P""; ","validation: """"\200\000\000\001&\000\000\000:)/\351\253b:p\210\265\307-\212\200\004Q\307\232\020\017\177\025}\320\272\301\007\233=\335""\t\250\332\334\355\260\204\022\250\326\010?\242\301d\215\027P\027\000\000\000\000\000\000\000\000\000\000\000\000\000\000\000\000\000\000\000\000\000\000\000\000\000\000\000\000\000\000\000\000P\031j\262\235LC5\315,\2758.\025\251J\276\032\252\276\237\336w\275\306no\345t\317\355,\333\255s!\002\364d\217\366\217|\316F\232\231\241\n\261\333`\312O\367\235\025DD\336e\367\n\312\326\221\037\025\230vF0D\002 $\035\242*\330\315O$87\363\355\267[\237u\323~\336g\245f\340\346\351\374\340F\013\360\370\255\002 \035\236L\036T\321oE4\205\031\341\250\214\342\354\220\261\342\021\272\262\263\265\37706z\312\235\310P""; "
1750527714505,1750527714506,0,1,3,2,TMLedgerData,"ledgerHash: ""\307\232\020\017\177\025}\320\272\301\007\233=\335""\t\250\332\334\355\260\204\022\250\326\010?\242\301d\215\027""; ledgerSeq: 58; type: liBASE; nodes {;   nodedata: ""\000\000\000:\001cEx]\211\377\330j\262\235LC5\315,\2758.\025\251J\276\032\252\276\237\336w\275\306no\345t\317\355,\333\255\000\000\000\000\000\000\000\000\000\000\000\000\000\000\000\000\000\000\000\000\000\000\000\000\000\000\000\000\000\000\000\000\310\r\347\027\240\3735\250RW\254=p\265#3G\234\332@\315\r\006\262\321\220.7\344'?\222/\351\253_/\351\253`\n\000""; }; nodes {;   nodedata: ""\323C\344\327\264{\312-\017:\006{\177\344N\002\326bO\260\220\006\033\362\345\005U\221DzJ0\001\301\025%1L\307\t\261\262z\374\222T\301\274V\236\223\262\270Ct\362\337b\356\024*\324\320\351\317\002k\336\234\027v\351\217\260\303\360\233ZPZWr\246$w\313\313\r\243r\232\2234\373\3539:N\004Q\245\272D\312D\300\300\t\323\0257\345e\271\na\215{\226\255x%T\257\037\333\004\344_/R\006E\344\037@\210\363\010\336T\226\247'\204_{\261\370""1\235\2445\343\033Y!\212\201\341\272\225'\007\001\330\n\317\202\376t\3031O\276<\374 Ta^U\t`&6u\337\251\276ri\315|\226e\013\003""; }; ","ledgerHash: ""\307\232\020\017\177\025}\320\272\301\007\233=\335""\t\250\332\334\355\260\204\022\250\326\010?\242\301d\215\027""; ledgerSeq: 58; type: liBASE; nodes {;   nodedata: ""\000\000\000:\001cEx]\211\377\330j\262\235LC5\315,\2758.\025\251J\276\032\252\276\237\336w\275\306no\345t\317\355,\333\255\000\000\000\000\000\000\000\000\000\000\000\000\000\000\000\000\000\000\000\000\000\000\000\000\000\000\000\000\000\000\000\000\310\r\347\027\240\3735\250RW\254=p\265#3G\234\332@\315\r\006\262\321\220.7\344'?\222/\351\253_/\351\253`\n\000""; }; nodes {;   nodedata: ""\323C\344\327\264{\312-\017:\006{\177\344N\002\326bO\260\220\006\033\362\345\005U\221DzJ0\001\301\025%1L\307\t\261\262z\374\222T\301\274V\236\223\262\270Ct\362\337b\356\024*\324\320\351\317\002k\336\234\027v\351\217\260\303\360\233ZPZWr\246$w\313\313\r\243r\232\2234\373\3539:N\004Q\245\272D\312D\300\300\t\323\0257\345e\271\na\215{\226\255x%T\257\037\333\004\344_/R\006E\344\037@\210\363\010\336T\226\247'\204_{\261\370""1\235\2445\343\033Y!\212\201\341\272\225'\007\001\330\n\317\202\376t\3031O\276<\374 Ta^U\t`&6u\337\251\276ri\315|\226e\013\003""; }; "
1750527714506,1750527714506,0,1,3,1,TMLedgerData,"ledgerHash: ""\307\232\020\017\177\025}\320\272\301\007\233=\335""\t\250\332\334\355\260\204\022\250\326\010?\242\301d\215\027""; ledgerSeq: 58; type: liBASE; nodes {;   nodedata: ""\000\000\000:\001cEx]\211\377\330j\262\235LC5\315,\2758.\025\251J\276\032\252\276\237\336w\275\306no\345t\317\355,\333\255\000\000\000\000\000\000\000\000\000\000\000\000\000\000\000\000\000\000\000\000\000\000\000\000\000\000\000\000\000\000\000\000\310\r\347\027\240\3735\250RW\254=p\265#3G\234\332@\315\r\006\262\321\220.7\344'?\222/\351\253_/\351\253`\n\000""; }; nodes {;   nodedata: ""\323C\344\327\264{\312-\017:\006{\177\344N\002\326bO\260\220\006\033\362\345\005U\221DzJ0\001\301\025%1L\307\t\261\262z\374\222T\301\274V\236\223\262\270Ct\362\337b\356\024*\324\320\351\317\002k\336\234\027v\351\217\260\303\360\233ZPZWr\246$w\313\313\r\243r\232\2234\373\3539:N\004Q\245\272D\312D\300\300\t\323\0257\345e\271\na\215{\226\255x%T\257\037\333\004\344_/R\006E\344\037@\210\363\010\336T\226\247'\204_{\261\370""1\235\2445\343\033Y!\212\201\341\272\225'\007\001\330\n\317\202\376t\3031O\276<\374 Ta^U\t`&6u\337\251\276ri\315|\226e\013\003""; }; ","ledgerHash: ""\307\232\020\017\177\025}\320\272\301\007\233=\335""\t\250\332\334\355\260\204\022\250\326\010?\242\301d\215\027""; ledgerSeq: 58; type: liBASE; nodes {;   nodedata: ""\000\000\000:\001cEx]\211\377\330j\262\235LC5\315,\2758.\025\251J\276\032\252\276\237\336w\275\306no\345t\317\355,\333\255\000\000\000\000\000\000\000\000\000\000\000\000\000\000\000\000\000\000\000\000\000\000\000\000\000\000\000\000\000\000\000\000\310\r\347\027\240\3735\250RW\254=p\265#3G\234\332@\315\r\006\262\321\220.7\344'?\222/\351\253_/\351\253`\n\000""; }; nodes {;   nodedata: ""\323C\344\327\264{\312-\017:\006{\177\344N\002\326bO\260\220\006\033\362\345\005U\221DzJ0\001\301\025%1L\307\t\261\262z\374\222T\301\274V\236\223\262\270Ct\362\337b\356\024*\324\320\351\317\002k\336\234\027v\351\217\260\303\360\233ZPZWr\246$w\313\313\r\243r\232\2234\373\3539:N\004Q\245\272D\312D\300\300\t\323\0257\345e\271\na\215{\226\255x%T\257\037\333\004\344_/R\006E\344\037@\210\363\010\336T\226\247'\204_{\261\370""1\235\2445\343\033Y!\212\201\341\272\225'\007\001\330\n\317\202\376t\3031O\276<\374 Ta^U\t`&6u\337\251\276ri\315|\226e\013\003""; }; "
1750527714506,1750527714507,0,1,3,0,TMLedgerData,"ledgerHash: ""\307\232\020\017\177\025}\320\272\301\007\233=\335""\t\250\332\334\355\260\204\022\250\326\010?\242\301d\215\027""; ledgerSeq: 58; type: liBASE; nodes {;   nodedata: ""\000\000\000:\001cEx]\211\377\330j\262\235LC5\315,\2758.\025\251J\276\032\252\276\237\336w\275\306no\345t\317\355,\333\255\000\000\000\000\000\000\000\000\000\000\000\000\000\000\000\000\000\000\000\000\000\000\000\000\000\000\000\000\000\000\000\000\310\r\347\027\240\3735\250RW\254=p\265#3G\234\332@\315\r\006\262\321\220.7\344'?\222/\351\253_/\351\253`\n\000""; }; nodes {;   nodedata: ""\323C\344\327\264{\312-\017:\006{\177\344N\002\326bO\260\220\006\033\362\345\005U\221DzJ0\001\301\025%1L\307\t\261\262z\374\222T\301\274V\236\223\262\270Ct\362\337b\356\024*\324\320\351\317\002k\336\234\027v\351\217\260\303\360\233ZPZWr\246$w\313\313\r\243r\232\2234\373\3539:N\004Q\245\272D\312D\300\300\t\323\0257\345e\271\na\215{\226\255x%T\257\037\333\004\344_/R\006E\344\037@\210\363\010\336T\226\247'\204_{\261\370""1\235\2445\343\033Y!\212\201\341\272\225'\007\001\330\n\317\202\376t\3031O\276<\374 Ta^U\t`&6u\337\251\276ri\315|\226e\013\003""; }; ","ledgerHash: ""\307\232\020\017\177\025}\320\272\301\007\233=\335""\t\250\332\334\355\260\204\022\250\326\010?\242\301d\215\027""; ledgerSeq: 58; type: liBASE; nodes {;   nodedata: ""\000\000\000:\001cEx]\211\377\330j\262\235LC5\315,\2758.\025\251J\276\032\252\276\237\336w\275\306no\345t\317\355,\333\255\000\000\000\000\000\000\000\000\000\000\000\000\000\000\000\000\000\000\000\000\000\000\000\000\000\000\000\000\000\000\000\000\310\r\347\027\240\3735\250RW\254=p\265#3G\234\332@\315\r\006\262\321\220.7\344'?\222/\351\253_/\351\253`\n\000""; }; nodes {;   nodedata: ""\323C\344\327\264{\312-\017:\006{\177\344N\002\326bO\260\220\006\033\362\345\005U\221DzJ0\001\301\025%1L\307\t\261\262z\374\222T\301\274V\236\223\262\270Ct\362\337b\356\024*\324\320\351\317\002k\336\234\027v\351\217\260\303\360\233ZPZWr\246$w\313\313\r\243r\232\2234\373\3539:N\004Q\245\272D\312D\300\300\t\323\0257\345e\271\na\215{\226\255x%T\257\037\333\004\344_/R\006E\344\037@\210\363\010\336T\226\247'\204_{\261\370""1\235\2445\343\033Y!\212\201\341\272\225'\007\001\330\n\317\202\376t\3031O\276<\374 Ta^U\t`&6u\337\251\276ri\315|\226e\013\003""; }; "
1750527714507,1750527714507,0,1,0,1,TMValidation,"validation: """"\200\000\000\001&\000\000\000:)/\351\253b:p\210\265\307-\212\200\004Q\307\232\020\017\177\025}\320\272\301\007\233=\335""\t\250\332\334\355\260\204\022\250\326\010?\242\301d\215\027P\027\000\000\000\000\000\000\000\000\000\000\000\000\000\000\000\000\000\000\000\000\000\000\000\000\000\000\000\000\000\000\000\000P\031j\262\235LC5\315,\2758.\025\251J\276\032\252\276\237\336w\275\306no\345t\317\355,\333\255s!\002\364d\217\366\217|\316F\232\231\241\n\261\333`\312O\367\235\025DD\336e\367\n\312\326\221\037\025\230vF0D\002 $\035\242*\330\315O$87\363\355\267[\237u\323~\336g\245f\340\346\351\374\340F\013\360\370\255\002 \035\236L\036T\321oE4\205\031\341\250\214\342\354\220\261\342\021\272\262\263\265\37706z\312\235\310P""; ","validation: """"\200\000\000\001&\000\000\000:)/\351\253b:p\210\265\307-\212\200\004Q\307\232\020\017\177\025}\320\272\301\007\233=\335""\t\250\332\334\355\260\204\022\250\326\010?\242\301d\215\027P\027\000\000\000\000\000\000\000\000\000\000\000\000\000\000\000\000\000\000\000\000\000\000\000\000\000\000\000\000\000\000\000\000P\031j\262\235LC5\315,\2758.\025\251J\276\032\252\276\237\336w\275\306no\345t\317\355,\333\255s!\002\364d\217\366\217|\316F\232\231\241\n\261\333`\312O\367\235\025DD\336e\367\n\312\326\221\037\025\230vF0D\002 $\035\242*\330\315O$87\363\355\267[\237u\323~\336g\245f\340\346\351\374\340F\013\360\370\255\002 \035\236L\036T\321oE4\205\031\341\250\214\342\354\220\261\342\021\272\262\263\265\37706z\312\235\310P""; "
1750527714507,1750527714508,0,1,2,1,TMGetLedger,"itype: liBASE; ledgerHash: ""\307\232\020\017\177\025}\320\272\301\007\233=\335""\t\250\332\334\355\260\204\022\250\326\010?\242\301d\215\027""; ledgerSeq: 58; queryType: qtINDIRECT; ","itype: liBASE; ledgerHash: ""\307\232\020\017\177\025}\320\272\301\007\233=\335""\t\250\332\334\355\260\204\022\250\326\010?\242\301d\215\027""; ledgerSeq: 58; queryType: qtINDIRECT; "
1750527714508,1750527714508,0,1,0,1,TMGetLedger,"itype: liBASE; ledgerHash: ""\307\232\020\017\177\025}\320\272\301\007\233=\335""\t\250\332\334\355\260\204\022\250\326\010?\242\301d\215\027""; ledgerSeq: 58; queryType: qtINDIRECT; ","itype: liBASE; ledgerHash: ""\307\232\020\017\177\025}\320\272\301\007\233=\335""\t\250\332\334\355\260\204\022\250\326\010?\242\301d\215\027""; ledgerSeq: 58; queryType: qtINDIRECT; "
1750527714508,1750527714508,0,1,2,1,TMValidation,"validation: """"\200\000\000\001&\000\000\000:)/\351\253b:p\210\265\307-\212\200\004Q\307\232\020\017\177\025}\320\272\301\007\233=\335""\t\250\332\334\355\260\204\022\250\326\010?\242\301d\215\027P\027\000\000\000\000\000\000\000\000\000\000\000\000\000\000\000\000\000\000\000\000\000\000\000\000\000\000\000\000\000\000\000\000P\031j\262\235LC5\315,\2758.\025\251J\276\032\252\276\237\336w\275\306no\345t\317\355,\333\255s!\002\364d\217\366\217|\316F\232\231\241\n\261\333`\312O\367\235\025DD\336e\367\n\312\326\221\037\025\230vF0D\002 $\035\242*\330\315O$87\363\355\267[\237u\323~\336g\245f\340\346\351\374\340F\013\360\370\255\002 \035\236L\036T\321oE4\205\031\341\250\214\342\354\220\261\342\021\272\262\263\265\37706z\312\235\310P""; ","validation: """"\200\000\000\001&\000\000\000:)/\351\253b:p\210\265\307-\212\200\004Q\307\232\020\017\177\025}\320\272\301\007\233=\335""\t\250\332\334\355\260\204\022\250\326\010?\242\301d\215\027P\027\000\000\000\000\000\000\000\000\000\000\000\000\000\000\000\000\000\000\000\000\000\000\000\000\000\000\000\000\000\000\000\000P\031j\262\235LC5\315,\2758.\025\251J\276\032\252\276\237\336w\275\306no\345t\317\355,\333\255s!\002\364d\217\366\217|\316F\232\231\241\n\261\333`\312O\367\235\025DD\336e\367\n\312\326\221\037\025\230vF0D\002 $\035\242*\330\315O$87\363\355\267[\237u\323~\336g\245f\340\346\351\374\340F\013\360\370\255\002 \035\236L\036T\321oE4\205\031\341\250\214\342\354\220\261\342\021\272\262\263\265\37706z\312\235\310P""; "
1750527714508,1750527714508,0,1,4,3,TMGetLedger,"itype: liBASE; ledgerHash: ""\307\232\020\017\177\025}\320\272\301\007\233=\335""\t\250\332\334\355\260\204\022\250\326\010?\242\301d\215\027""; requestCookie: 2; queryType: qtINDIRECT; ","itype: liBASE; ledgerHash: ""\307\232\020\017\177\025}\320\272\301\007\233=\335""\t\250\332\334\355\260\204\022\250\326\010?\242\301d\215\027""; requestCookie: 2; queryType: qtINDIRECT; "
1750527714509,1750527714509,0,1,4,3,TMGetLedger,"itype: liBASE; ledgerHash: ""\307\232\020\017\177\025}\320\272\301\007\233=\335""\t\250\332\334\355\260\204\022\250\326\010?\242\301d\215\027""; ledgerSeq: 58; requestCookie: 3; queryType: qtINDIRECT; ","itype: liBASE; ledgerHash: ""\307\232\020\017\177\025}\320\272\301\007\233=\335""\t\250\332\334\355\260\204\022\250\326\010?\242\301d\215\027""; ledgerSeq: 58; requestCookie: 3; queryType: qtINDIRECT; "
1750527714509,1750527714510,0,1,3,1,TMLedgerData,"ledgerHash: ""\307\232\020\017\177\025}\320\272\301\007\233=\335""\t\250\332\334\355\260\204\022\250\326\010?\242\301d\215\027""; ledgerSeq: 58; type: liBASE; nodes {;   nodedata: ""\000\000\000:\001cEx]\211\377\330j\262\235LC5\315,\2758.\025\251J\276\032\252\276\237\336w\275\306no\345t\317\355,\333\255\000\000\000\000\000\000\000\000\000\000\000\000\000\000\000\000\000\000\000\000\000\000\000\000\000\000\000\000\000\000\000\000\310\r\347\027\240\3735\250RW\254=p\265#3G\234\332@\315\r\006\262\321\220.7\344'?\222/\351\253_/\351\253`\n\000""; }; nodes {;   nodedata: ""\323C\344\327\264{\312-\017:\006{\177\344N\002\326bO\260\220\006\033\362\345\005U\221DzJ0\001\301\025%1L\307\t\261\262z\374\222T\301\274V\236\223\262\270Ct\362\337b\356\024*\324\320\351\317\002k\336\234\027v\351\217\260\303\360\233ZPZWr\246$w\313\313\r\243r\232\2234\373\3539:N\004Q\245\272D\312D\300\300\t\323\0257\345e\271\na\215{\226\255x%T\257\037\333\004\344_/R\006E\344\037@\210\363\010\336T\226\247'\204_{\261\370""1\235\2445\343\033Y!\212\201\341\272\225'\007\001\330\n\317\202\376t\3031O\276<\374 Ta^U\t`&6u\337\251\276ri\315|\226e\013\003""; }; ","ledgerHash: ""\307\232\020\017\177\025}\320\272\301\007\233=\335""\t\250\332\334\355\260\204\022\250\326\010?\242\301d\215\027""; ledgerSeq: 58; type: liBASE; nodes {;   nodedata: ""\000\000\000:\001cEx]\211\377\330j\262\235LC5\315,\2758.\025\251J\276\032\252\276\237\336w\275\306no\345t\317\355,\333\255\000\000\000\000\000\000\000\000\000\000\000\000\000\000\000\000\000\000\000\000\000\000\000\000\000\000\000\000\000\000\000\000\310\r\347\027\240\3735\250RW\254=p\265#3G\234\332@\315\r\006\262\321\220.7\344'?\222/\351\253_/\351\253`\n\000""; }; nodes {;   nodedata: ""\323C\344\327\264{\312-\017:\006{\177\344N\002\326bO\260\220\006\033\362\345\005U\221DzJ0\001\301\025%1L\307\t\261\262z\374\222T\301\274V\236\223\262\270Ct\362\337b\356\024*\324\320\351\317\002k\336\234\027v\351\217\260\303\360\233ZPZWr\246$w\313\313\r\243r\232\2234\373\3539:N\004Q\245\272D\312D\300\300\t\323\0257\345e\271\na\215{\226\255x%T\257\037\333\004\344_/R\006E\344\037@\210\363\010\336T\226\247'\204_{\261\370""1\235\2445\343\033Y!\212\201\341\272\225'\007\001\330\n\317\202\376t\3031O\276<\374 Ta^U\t`&6u\337\251\276ri\315|\226e\013\003""; }; "
1750527714510,1750527714510,0,1,4,3,TMGetLedger,"itype: liBASE; ledgerHash: ""\307\232\020\017\177\025}\320\272\301\007\233=\335""\t\250\332\334\355\260\204\022\250\326\010?\242\301d\215\027""; ledgerSeq: 58; requestCookie: 1; queryType: qtINDIRECT; ","itype: liBASE; ledgerHash: ""\307\232\020\017\177\025}\320\272\301\007\233=\335""\t\250\332\334\355\260\204\022\250\326\010?\242\301d\215\027""; ledgerSeq: 58; requestCookie: 1; queryType: qtINDIRECT; "
1750527714510,1750527714511,0,1,4,3,TMGetLedger,"itype: liAS_NODE; ledgerHash: ""\307\232\020\017\177\025}\320\272\301\007\233=\335""\t\250\332\334\355\260\204\022\250\326\010?\242\301d\215\027""; ledgerSeq: 58; nodeIDs: ""\260\000\000\000\000\000\000\000\000\000\000\000\000\000\000\000\000\000\000\000\000\000\000\000\000\000\000\000\000\000\000\000\001""; queryType: qtINDIRECT; queryDepth: 1; ","itype: liAS_NODE; ledgerHash: ""\307\232\020\017\177\025}\320\272\301\007\233=\335""\t\250\332\334\355\260\204\022\250\326\010?\242\301d\215\027""; ledgerSeq: 58; nodeIDs: ""\260\000\000\000\000\000\000\000\000\000\000\000\000\000\000\000\000\000\000\000\000\000\000\000\000\000\000\000\000\000\000\000\001""; queryType: qtINDIRECT; queryDepth: 1; "
1750527714511,1750527714511,0,1,3,1,TMLedgerData,"ledgerHash: ""\307\232\020\017\177\025}\320\272\301\007\233=\335""\t\250\332\334\355\260\204\022\250\326\010?\242\301d\215\027""; ledgerSeq: 58; type: liBASE; nodes {;   nodedata: ""\000\000\000:\001cEx]\211\377\330j\262\235LC5\315,\2758.\025\251J\276\032\252\276\237\336w\275\306no\345t\317\355,\333\255\000\000\000\000\000\000\000\000\000\000\000\000\000\000\000\000\000\000\000\000\000\000\000\000\000\000\000\000\000\000\000\000\310\r\347\027\240\3735\250RW\254=p\265#3G\234\332@\315\r\006\262\321\220.7\344'?\222/\351\253_/\351\253`\n\000""; }; nodes {;   nodedata: ""\323C\344\327\264{\312-\017:\006{\177\344N\002\326bO\260\220\006\033\362\345\005U\221DzJ0\001\301\025%1L\307\t\261\262z\374\222T\301\274V\236\223\262\270Ct\362\337b\356\024*\324\320\351\317\002k\336\234\027v\351\217\260\303\360\233ZPZWr\246$w\313\313\r\243r\232\2234\373\3539:N\004Q\245\272D\312D\300\300\t\323\0257\345e\271\na\215{\226\255x%T\257\037\333\004\344_/R\006E\344\037@\210\363\010\336T\226\247'\204_{\261\370""1\235\2445\343\033Y!\212\201\341\272\225'\007\001\330\n\317\202\376t\3031O\276<\374 Ta^U\t`&6u\337\251\276ri\315|\226e\013\003""; }; requestCookie: 5; ","ledgerHash: ""\307\232\020\017\177\025}\320\272\301\007\233=\335""\t\250\332\334\355\260\204\022\250\326\010?\242\301d\215\027""; ledgerSeq: 58; type: liBASE; nodes {;   nodedata: ""\000\000\000:\001cEx]\211\377\330j\262\235LC5\315,\2758.\025\251J\276\032\252\276\237\336w\275\306no\345t\317\355,\333\255\000\000\000\000\000\000\000\000\000\000\000\000\000\000\000\000\000\000\000\000\000\000\000\000\000\000\000\000\000\000\000\000\310\r\347\027\240\3735\250RW\254=p\265#3G\234\332@\315\r\006\262\321\220.7\344'?\222/\351\253_/\351\253`\n\000""; }; nodes {;   nodedata: ""\323C\344\327\264{\312-\017:\006{\177\344N\002\326bO\260\220\006\033\362\345\005U\221DzJ0\001\301\025%1L\307\t\261\262z\374\222T\301\274V\236\223\262\270Ct\362\337b\356\024*\324\320\351\317\002k\336\234\027v\351\217\260\303\360\233ZPZWr\246$w\313\313\r\243r\232\2234\373\3539:N\004Q\245\272D\312D\300\300\t\323\0257\345e\271\na\215{\226\255x%T\257\037\333\004\344_/R\006E\344\037@\210\363\010\336T\226\247'\204_{\261\370""1\235\2445\343\033Y!\212\201\341\272\225'\007\001\330\n\317\202\376t\3031O\276<\374 Ta^U\t`&6u\337\251\276ri\315|\226e\013\003""; }; requestCookie: 5; "
1750527714512,1750527714512,0,1,0,3,TMGetLedger,"itype: liBASE; ledgerHash: ""\307\232\020\017\177\025}\320\272\301\007\233=\335""\t\250\332\334\355\260\204\022\250\326\010?\242\301d\215\027""; requestCookie: 5; queryType: qtINDIRECT; ","itype: liBASE; ledgerHash: ""\307\232\020\017\177\025}\320\272\301\007\233=\335""\t\250\332\334\355\260\204\022\250\326\010?\242\301d\215\027""; requestCookie: 5; queryType: qtINDIRECT; "
1750527714512,1750527714512,0,1,0,3,TMGetLedger,"itype: liBASE; ledgerHash: ""\307\232\020\017\177\025}\320\272\301\007\233=\335""\t\250\332\334\355\260\204\022\250\326\010?\242\301d\215\027""; ledgerSeq: 58; requestCookie: 3; queryType: qtINDIRECT; ","itype: liBASE; ledgerHash: ""\307\232\020\017\177\025}\320\272\301\007\233=\335""\t\250\332\334\355\260\204\022\250\326\010?\242\301d\215\027""; ledgerSeq: 58; requestCookie: 3; queryType: qtINDIRECT; "
1750527714513,1750527714513,0,1,0,3,TMGetLedger,"itype: liBASE; ledgerHash: ""\307\232\020\017\177\025}\320\272\301\007\233=\335""\t\250\332\334\355\260\204\022\250\326\010?\242\301d\215\027""; requestCookie: 2; queryType: qtINDIRECT; ","itype: liBASE; ledgerHash: ""\307\232\020\017\177\025}\320\272\301\007\233=\335""\t\250\332\334\355\260\204\022\250\326\010?\242\301d\215\027""; requestCookie: 2; queryType: qtINDIRECT; "
1750527714513,1750527714513,0,1,2,3,TMGetLedger,"itype: liBASE; ledgerHash: ""\307\232\020\017\177\025}\320\272\301\007\233=\335""\t\250\332\334\355\260\204\022\250\326\010?\242\301d\215\027""; ledgerSeq: 58; queryType: qtINDIRECT; ","itype: liBASE; ledgerHash: ""\307\232\020\017\177\025}\320\272\301\007\233=\335""\t\250\332\334\355\260\204\022\250\326\010?\242\301d\215\027""; ledgerSeq: 58; queryType: qtINDIRECT; "
1750527714513,1750527714513,0,1,2,3,TMGetLedger,"itype: liBASE; ledgerHash: ""\307\232\020\017\177\025}\320\272\301\007\233=\335""\t\250\332\334\355\260\204\022\250\326\010?\242\301d\215\027""; requestCookie: 5; queryType: qtINDIRECT; ","itype: liBASE; ledgerHash: ""\307\232\020\017\177\025}\320\272\301\007\233=\335""\t\250\332\334\355\260\204\022\250\326\010?\242\301d\215\027""; requestCookie: 5; queryType: qtINDIRECT; "
1750527714514,1750527714514,0,1,2,3,TMGetLedger,"itype: liBASE; ledgerHash: ""\307\232\020\017\177\025}\320\272\301\007\233=\335""\t\250\332\334\355\260\204\022\250\326\010?\242\301d\215\027""; requestCookie: 3; queryType: qtINDIRECT; ","itype: liBASE; ledgerHash: ""\307\232\020\017\177\025}\320\272\301\007\233=\335""\t\250\332\334\355\260\204\022\250\326\010?\242\301d\215\027""; requestCookie: 3; queryType: qtINDIRECT; "
1750527714514,1750527714514,0,1,2,3,TMGetLedger,"itype: liBASE; ledgerHash: ""\307\232\020\017\177\025}\320\272\301\007\233=\335""\t\250\332\334\355\260\204\022\250\326\010?\242\301d\215\027""; ledgerSeq: 58; requestCookie: 2; queryType: qtINDIRECT; ","itype: liBASE; ledgerHash: ""\307\232\020\017\177\025}\320\272\301\007\233=\335""\t\250\332\334\355\260\204\022\250\326\010?\242\301d\215\027""; ledgerSeq: 58; requestCookie: 2; queryType: qtINDIRECT; "
1750527714514,1750527714515,0,1,1,3,TMGetLedger,"itype: liAS_NODE; ledgerHash: ""\307\232\020\017\177\025}\320\272\301\007\233=\335""\t\250\332\334\355\260\204\022\250\326\010?\242\301d\215\027""; ledgerSeq: 58; nodeIDs: ""\260\000\000\000\000\000\000\000\000\000\000\000\000\000\000\000\000\000\000\000\000\000\000\000\000\000\000\000\000\000\000\000\001""; queryType: qtINDIRECT; queryDepth: 1; ","itype: liAS_NODE; ledgerHash: ""\307\232\020\017\177\025}\320\272\301\007\233=\335""\t\250\332\334\355\260\204\022\250\326\010?\242\301d\215\027""; ledgerSeq: 58; nodeIDs: ""\260\000\000\000\000\000\000\000\000\000\000\000\000\000\000\000\000\000\000\000\000\000\000\000\000\000\000\000\000\000\000\000\001""; queryType: qtINDIRECT; queryDepth: 1; "
1750527714515,1750527714515,0,1,0,3,TMGetLedger,"itype: liAS_NODE; ledgerHash: ""\307\232\020\017\177\025}\320\272\301\007\233=\335""\t\250\332\334\355\260\204\022\250\326\010?\242\301d\215\027""; ledgerSeq: 58; nodeIDs: ""\260\000\000\000\000\000\000\000\000\000\000\000\000\000\000\000\000\000\000\000\000\000\000\000\000\000\000\000\000\000\000\000\001""; queryType: qtINDIRECT; queryDepth: 1; ","itype: liAS_NODE; ledgerHash: ""\307\232\020\017\177\025}\320\272\301\007\233=\335""\t\250\332\334\355\260\204\022\250\326\010?\242\301d\215\027""; ledgerSeq: 58; nodeIDs: ""\260\000\000\000\000\000\000\000\000\000\000\000\000\000\000\000\000\000\000\000\000\000\000\000\000\000\000\000\000\000\000\000\001""; queryType: qtINDIRECT; queryDepth: 1; "
1750527714516,1750527714516,0,1,3,4,TMLedgerData,"ledgerHash: ""\307\232\020\017\177\025}\320\272\301\007\233=\335""\t\250\332\334\355\260\204\022\250\326\010?\242\301d\215\027""; ledgerSeq: 58; type: liBASE; nodes {;   nodedata: ""\000\000\000:\001cEx]\211\377\330j\262\235LC5\315,\2758.\025\251J\276\032\252\276\237\336w\275\306no\345t\317\355,\333\255\000\000\000\000\000\000\000\000\000\000\000\000\000\000\000\000\000\000\000\000\000\000\000\000\000\000\000\000\000\000\000\000\310\r\347\027\240\3735\250RW\254=p\265#3G\234\332@\315\r\006\262\321\220.7\344'?\222/\351\253_/\351\253`\n\000""; }; nodes {;   nodedata: ""\323C\344\327\264{\312-\017:\006{\177\344N\002\326bO\260\220\006\033\362\345\005U\221DzJ0\001\301\025%1L\307\t\261\262z\374\222T\301\274V\236\223\262\270Ct\362\337b\356\024*\324\320\351\317\002k\336\234\027v\351\217\260\303\360\233ZPZWr\246$w\313\313\r\243r\232\2234\373\3539:N\004Q\245\272D\312D\300\300\t\323\0257\345e\271\na\215{\226\255x%T\257\037\333\004\344_/R\006E\344\037@\210\363\010\336T\226\247'\204_{\261\370""1\235\2445\343\033Y!\212\201\341\272\225'\007\001\330\n\317\202\376t\3031O\276<\374 Ta^U\t`&6u\337\251\276ri\315|\226e\013\003""; }; requestCookie: 2; ","ledgerHash: ""\307\232\020\017\177\025}\320\272\301\007\233=\335""\t\250\332\334\355\260\204\022\250\326\010?\242\301d\215\027""; ledgerSeq: 58; type: liBASE; nodes {;   nodedata: ""\000\000\000:\001cEx]\211\377\330j\262\235LC5\315,\2758.\025\251J\276\032\252\276\237\336w\275\306no\345t\317\355,\333\255\000\000\000\000\000\000\000\000\000\000\000\000\000\000\000\000\000\000\000\000\000\000\000\000\000\000\000\000\000\000\000\000\310\r\347\027\240\3735\250RW\254=p\265#3G\234\332@\315\r\006\262\321\220.7\344'?\222/\351\253_/\351\253`\n\000""; }; nodes {;   nodedata: ""\323C\344\327\264{\312-\017:\006{\177\344N\002\326bO\260\220\006\033\362\345\005U\221DzJ0\001\301\025%1L\307\t\261\262z\374\222T\301\274V\236\223\262\270Ct\362\337b\356\024*\324\320\351\317\002k\336\234\027v\351\217\260\303\360\233ZPZWr\246$w\313\313\r\243r\232\2234\373\3539:N\004Q\245\272D\312D\300\300\t\323\0257\345e\271\na\215{\226\255x%T\257\037\333\004\344_/R\006E\344\037@\210\363\010\336T\226\247'\204_{\261\370""1\235\2445\343\033Y!\212\201\341\272\225'\007\001\330\n\317\202\376t\3031O\276<\374 Ta^U\t`&6u\337\251\276ri\315|\226e\013\003""; }; requestCookie: 2; "
1750527714516,1750527714516,0,1,1,3,TMGetLedger,"itype: liBASE; ledgerHash: ""\307\232\020\017\177\025}\320\272\301\007\233=\335""\t\250\332\334\355\260\204\022\250\326\010?\242\301d\215\027""; ledgerSeq: 58; requestCookie: 2; queryType: qtINDIRECT; ","itype: liBASE; ledgerHash: ""\307\232\020\017\177\025}\320\272\301\007\233=\335""\t\250\332\334\355\260\204\022\250\326\010?\242\301d\215\027""; ledgerSeq: 58; requestCookie: 2; queryType: qtINDIRECT; "
1750527714516,1750527714516,0,1,1,3,TMGetLedger,"itype: liBASE; ledgerHash: ""\307\232\020\017\177\025}\320\272\301\007\233=\335""\t\250\332\334\355\260\204\022\250\326\010?\242\301d\215\027""; ledgerSeq: 58; requestCookie: 3; queryType: qtINDIRECT; ","itype: liBASE; ledgerHash: ""\307\232\020\017\177\025}\320\272\301\007\233=\335""\t\250\332\334\355\260\204\022\250\326\010?\242\301d\215\027""; ledgerSeq: 58; requestCookie: 3; queryType: qtINDIRECT; "
1750527714517,1750527714517,0,1,3,4,TMLedgerData,"ledgerHash: ""\307\232\020\017\177\025}\320\272\301\007\233=\335""\t\250\332\334\355\260\204\022\250\326\010?\242\301d\215\027""; ledgerSeq: 58; type: liBASE; nodes {;   nodedata: ""\000\000\000:\001cEx]\211\377\330j\262\235LC5\315,\2758.\025\251J\276\032\252\276\237\336w\275\306no\345t\317\355,\333\255\000\000\000\000\000\000\000\000\000\000\000\000\000\000\000\000\000\000\000\000\000\000\000\000\000\000\000\000\000\000\000\000\310\r\347\027\240\3735\250RW\254=p\265#3G\234\332@\315\r\006\262\321\220.7\344'?\222/\351\253_/\351\253`\n\000""; }; nodes {;   nodedata: ""\323C\344\327\264{\312-\017:\006{\177\344N\002\326bO\260\220\006\033\362\345\005U\221DzJ0\001\301\025%1L\307\t\261\262z\374\222T\301\274V\236\223\262\270Ct\362\337b\356\024*\324\320\351\317\002k\336\234\027v\351\217\260\303\360\233ZPZWr\246$w\313\313\r\243r\232\2234\373\3539:N\004Q\245\272D\312D\300\300\t\323\0257\345e\271\na\215{\226\255x%T\257\037\333\004\344_/R\006E\344\037@\210\363\010\336T\226\247'\204_{\261\370""1\235\2445\343\033Y!\212\201\341\272\225'\007\001\330\n\317\202\376t\3031O\276<\374 Ta^U\t`&6u\337\251\276ri\315|\226e\013\003""; }; requestCookie: 3; ","ledgerHash: ""\307\232\020\017\177\025}\320\272\301\007\233=\335""\t\250\332\334\355\260\204\022\250\326\010?\242\301d\215\027""; ledgerSeq: 58; type: liBASE; nodes {;   nodedata: ""\000\000\000:\001cEx]\211\377\330j\262\235LC5\315,\2758.\025\251J\276\032\252\276\237\336w\275\306no\345t\317\355,\333\255\000\000\000\000\000\000\000\000\000\000\000\000\000\000\000\000\000\000\000\000\000\000\000\000\000\000\000\000\000\000\000\000\310\r\347\027\240\3735\250RW\254=p\265#3G\234\332@\315\r\006\262\321\220.7\344'?\222/\351\253_/\351\253`\n\000""; }; nodes {;   nodedata: ""\323C\344\327\264{\312-\017:\006{\177\344N\002\326bO\260\220\006\033\362\345\005U\221DzJ0\001\301\025%1L\307\t\261\262z\374\222T\301\274V\236\223\262\270Ct\362\337b\356\024*\324\320\351\317\002k\336\234\027v\351\217\260\303\360\233ZPZWr\246$w\313\313\r\243r\232\2234\373\3539:N\004Q\245\272D\312D\300\300\t\323\0257\345e\271\na\215{\226\255x%T\257\037\333\004\344_/R\006E\344\037@\210\363\010\336T\226\247'\204_{\261\370""1\235\2445\343\033Y!\212\201\341\272\225'\007\001\330\n\317\202\376t\3031O\276<\374 Ta^U\t`&6u\337\251\276ri\315|\226e\013\003""; }; requestCookie: 3; "
1750527714517,1750527714518,0,1,3,4,TMLedgerData,"ledgerHash: ""\307\232\020\017\177\025}\320\272\301\007\233=\335""\t\250\332\334\355\260\204\022\250\326\010?\242\301d\215\027""; ledgerSeq: 58; type: liBASE; nodes {;   nodedata: ""\000\000\000:\001cEx]\211\377\330j\262\235LC5\315,\2758.\025\251J\276\032\252\276\237\336w\275\306no\345t\317\355,\333\255\000\000\000\000\000\000\000\000\000\000\000\000\000\000\000\000\000\000\000\000\000\000\000\000\000\000\000\000\000\000\000\000\310\r\347\027\240\3735\250RW\254=p\265#3G\234\332@\315\r\006\262\321\220.7\344'?\222/\351\253_/\351\253`\n\000""; }; nodes {;   nodedata: ""\323C\344\327\264{\312-\017:\006{\177\344N\002\326bO\260\220\006\033\362\345\005U\221DzJ0\001\301\025%1L\307\t\261\262z\374\222T\301\274V\236\223\262\270Ct\362\337b\356\024*\324\320\351\317\002k\336\234\027v\351\217\260\303\360\233ZPZWr\246$w\313\313\r\243r\232\2234\373\3539:N\004Q\245\272D\312D\300\300\t\323\0257\345e\271\na\215{\226\255x%T\257\037\333\004\344_/R\006E\344\037@\210\363\010\336T\226\247'\204_{\261\370""1\235\2445\343\033Y!\212\201\341\272\225'\007\001\330\n\317\202\376t\3031O\276<\374 Ta^U\t`&6u\337\251\276ri\315|\226e\013\003""; }; requestCookie: 1; ","ledgerHash: ""\307\232\020\017\177\025}\320\272\301\007\233=\335""\t\250\332\334\355\260\204\022\250\326\010?\242\301d\215\027""; ledgerSeq: 58; type: liBASE; nodes {;   nodedata: ""\000\000\000:\001cEx]\211\377\330j\262\235LC5\315,\2758.\025\251J\276\032\252\276\237\336w\275\306no\345t\317\355,\333\255\000\000\000\000\000\000\000\000\000\000\000\000\000\000\000\000\000\000\000\000\000\000\000\000\000\000\000\000\000\000\000\000\310\r\347\027\240\3735\250RW\254=p\265#3G\234\332@\315\r\006\262\321\220.7\344'?\222/\351\253_/\351\253`\n\000""; }; nodes {;   nodedata: ""\323C\344\327\264{\312-\017:\006{\177\344N\002\326bO\260\220\006\033\362\345\005U\221DzJ0\001\301\025%1L\307\t\261\262z\374\222T\301\274V\236\223\262\270Ct\362\337b\356\024*\324\320\351\317\002k\336\234\027v\351\217\260\303\360\233ZPZWr\246$w\313\313\r\243r\232\2234\373\3539:N\004Q\245\272D\312D\300\300\t\323\0257\345e\271\na\215{\226\255x%T\257\037\333\004\344_/R\006E\344\037@\210\363\010\336T\226\247'\204_{\261\370""1\235\2445\343\033Y!\212\201\341\272\225'\007\001\330\n\317\202\376t\3031O\276<\374 Ta^U\t`&6u\337\251\276ri\315|\226e\013\003""; }; requestCookie: 1; "
1750527714518,1750527714518,0,1,3,4,TMLedgerData,"ledgerHash: ""\307\232\020\017\177\025}\320\272\301\007\233=\335""\t\250\332\334\355\260\204\022\250\326\010?\242\301d\215\027""; ledgerSeq: 58; type: liAS_NODE; nodes {;   nodedata: ""\021\000h""\000\000\000\000 \033\000\000\0009\002\023\307\177\330\356GuH\375\327!\255\371\r\231\262R\256J\034\222\241\355X\265E\241^W\225\304\014\361CX-}\351f\032\255\274\334m\326c\017\014ao[\342\230\003\245\245\3341Hm\326^\017jy\335\261\032Yt\320\244{g\0306\\302\303*\341\215\223\257\364\277o\375\000r\241SOq\221\253\262\005\017\375T\356\014\360o'\030\311-\267\031\257!\031T\006><\315XM\334\324\345\034\000\325\367\240\271\013\265\024\321\362\354\211\250.\234s\225amc\305\035\366\276\037nD\277`\210\223N\3535\033\261\304f\331]\036\237\306o!\223\221\002\324\031\262\240R\177 ,\214\325\Q])\016\2067\277\t\354\010\000\360\215\2502\265\245\310\226\243c\302Ze\306\253#r\020\211\320iG\276\020E\317\035Sf\223F\254\033@\177e\277\016\010u\327\371&\262\312\317Q\2361t\377x\234\001v\003%\030\325_\225g\204\346a=\225\273\331\354\365*U\363\263N\367b\371\244\314-w\363\262\225Z\200\206\235\233\257?sE\2674\254\326mU\377?\177Ek\336\030!\316Aa\225\303\022\377{\210Y\226\271as\354L\035\004\341\361\035\301\024\220m#*\372\032\3178~\374\250\014*\323\342'z69\220\327\256\351G\367\317u\302\207\270b\315\333\333\334\310I\323&\014\352XZnW2.\335\347\202\021\247\362\212e\034\000\001\250\220\305;a\314\265R\310\017\317\331\235\360\262\240:\277\202\266\354\265X""\022\nh\252\352w\204\203\023]\001f\352\277\0031Q]\362\370R\350{\261\202\240\344\215\201\353\276\322p5p\350\354\017>\250r\241c\273\016\301\024\363\242\247\263\231\370\344\nBW\220K\316@3\243\200\036wk\253GSlU\010\360\231>\331\263H\214\324\030A\225\301o\346pkSF\004\241\213w9\223=\250\262*+\255\351r\265\244c\024\213\t\007`\223\325#\3477\210\345P\306\013\320\252[\0216+\227=`\371P\314\346 V7\271[~\n\237\274|\347\352@K\253~&\260\032\024\004B\200\255h\351\013\361\031:nG\211\005|\2003\266\274\251,W\006u\344\335d\003\306\212\313,\340\350bG\n\030Z\2732-\246\312\255\030\003\235207\005}D\260\0261ah\322M\304\216\273m0\271\234\237\007<w$\265C\245\232\033\023\313c\321B\032l\301h\005\320\252\301\361(\330[\343\357\343{\235\n\266g\272>\177\317\347\261qb&\270&\346ju\200\363N\320\307\004\034\001n\317\361\2653\254\2503\247\305\372\316W\022O\253x\250\025\373\247\354Tc\304\263\243^\352Gv\\264\261\r\035\226\306\2411\351\233\203\215\200$\231\300f\220\371c@\017\254\363\\371\340\340VaR\205~^\226\342t\360\022\204d\231\205)\272\364?\361!\334\331\315\254\230\rBG\314\023\246\244=\351\177\254\302b&\276+H;0\312\021&\275\036\237\350R\313\206R\331\304k\323u\263t\221\213yC\241\217A\242\027g\322\241'\212.E?B_\316\327\217J +\370\t^b\005\020\003\211\373\247|hC\271Nmk~J\270EU\274\036-\347\240\312FA\321\341bca\253\025\321\311\317\021\375\317\217\n\272\033o\353G>\275\361H\265\240\232um""\317\324`\214\221\314\000\211K\223+(""\200i \311\372g\254\343ZR0\224\275q\252\357\213\263\206N\357&Q\217\267\303\356I\236\357\264\311b\037\366\035\253\343\311\265\240\327q\206f\262ODi\215-\363>\034\236l\273\005G\316F\217}[\036\007\270:\260\335\271B\241N\345\330\204\327f\361\272Kb\0377p\334\264\237\177~\330]\252+:\317u\302h\n\351\n\364\231\277R\371\356\033y\265v\360Ny\246\332qY\262\231\251\n\305\334\202\305\362\n\367@k\231\016R:\327\242\366\242\253LZY\223$Gw^\203\302\311\316I7\371tTwp}\005|\372\214\251{R`\230V\244-\326I\351\255\325i\335\377\321\353\327\331\302\023\347y\016\263\271\317\306\017UV\314qu?\0064A\315{3D\010\016S\212\2353k0\361\214ID\303g\277\010Y_\001~\021\333\370\255\374\\331\306\255\336)\365Rth\024\t\300.M\315\321S\257\224\252\362\326P\316\303%nX\3742\333\036\004Y\264yG^\234\177\214\305q\237\274G\300a4\275\240s\215\222\210\016\020G\344=-:GK\312\035\271\201\350\376F\260G\347\000\235\365P6pmH\033\373\212c\377o\232\356\320D\002\277,]os{\354/?\312e\006wda\001\023\375\316\025\254\321\244\370+Y`\220\270\254\2601E[FI\310\235<qI \356\032v%\001\230\016\203\200\251UD\347\304\373\034\211\340@\342\033\263\365\356\341\357\350\324\035J\032\177\230\207\220\303+\207\352g\317N\027>\222M\271m\033\236\021:\272\233r\373\233hC}\256\020\210\010\233\335\025[ d(\343\263\327\177\030\246\254H\277\254E\231\006\033_lB\210\264\334Y\322\314\362\320L\000Q\240\317\3502\006,|\364\004\275\034\006\337\370""\330\364\202\314\315\311?\030\260\361u)\336\202\265Y\177X\227$\245tCB\345\314d\231A\300\204\371KJ\036\321\330\014]""EN\266$]\331\226c\351\312\376z\254\214\206B\274&M\032\376v\266\3104u)\r\312\021\273\030jJH\215G4\367fQ;\255\3404\372\225\341L\224\242\200VY\220\355\020\353I\n\363\266\036\311\003OR\250""\032\230\021]+$\302\005\224\270\033E\r\312\315}\200\2505\216\221\301\341\035[\247\325\236M^\360a\267\356\267\247]\357\236\n\207}P\2654\026`\256u\276\r&\026K\315a\3337\216.\240\362\263\327]\372\325\037\006\345\236\265\343\337g\271\317\315\374\3357gX\036\024'\357<$\322\323$\375\346&^\361\0009\022`\210$\005\261rTx\343\226\224vC\2607.\025\213@~\312\227\000 o\232\016\376|a3\352&\324\337\230\212\265o\2035\250\303\2760\241\364^\002Z\031Z!\300\002\364\004\232\355\234\202\021\371_~\346\024\242\247\366\231\036\370\365\313\014\307\362i\210e\030\317\336e\256\245\026R\036\304S\352]~a\353k\036W\036\333\243\313y\256\236\230\270\325\233\373\001c\343\030e+OD\224O\347\364mD\216\220lA\251D\0246\305z\207\225\254\360\010\233K$\222\242w\316\025\202/\356\266\371/\256\354\300\373\252\344\245^L==\235\021\032V\220\341+U\353\274\372=u\225\337\321k\342\217\031\035&\261k*\315\004\203\271\200\243u\010|\336\346\203L\367\300g\364H\302\267\0331\0265+\223\224\300\342tR\375j\262\235LC5\315,\2758.\025\251J\276\032\252\276\237\336w\275\306no\345t\317\355,\333\255\264\227\2326\315\307\363\323\325\303\032N\256*\307\327 \235\332\207u\210\271\257\306g\231i*\260\326k\001"";   nodeid: ""\260\000\000\000\000\000\000\000\000\000\000\000\000\000\000\000\000\000\000\000\000\000\000\000\000\000\000\000\000\000\000\000\001""; }; ","ledgerHash: ""\307\232\020\017\177\025}\320\272\301\007\233=\335""\t\250\332\334\355\260\204\022\250\326\010?\242\301d\215\027""; ledgerSeq: 58; type: liAS_NODE; nodes {;   nodedata: ""\021\000h""\000\000\000\000 \033\000\000\0009\002\023\307\177\330\356GuH\375\327!\255\371\r\231\262R\256J\034\222\241\355X\265E\241^W\225\304\014\361CX-}\351f\032\255\274\334m\326c\017\014ao[\342\230\003\245\245\3341Hm\326^\017jy\335\261\032Yt\320\244{g\0306\\302\303*\341\215\223\257\364\277o\375\000r\241SOq\221\253\262\005\017\375T\356\014\360o'\030\311-\267\031\257!\031T\006><\315XM\334\324\345\034\000\325\367\240\271\013\265\024\321\362\354\211\250.\234s\225amc\305\035\366\276\037nD\277`\210\223N\3535\033\261\304f\331]\036\237\306o!\223\221\002\324\031\262\240R\177 ,\214\325\Q])\016\2067\277\t\354\010\000\360\215\2502\265\245\310\226\243c\302Ze\306\253#r\020\211\320iG\276\020E\317\035Sf\223F\254\033@\177e\277\016\010u\327\371&\262\312\317Q\2361t\377x\234\001v\003%\030\325_\225g\204\346a=\225\273\331\354\365*U\363\263N\367b\371\244\314-w\363\262\225Z\200\206\235\233\257?sE\2674\254\326mU\377?\177Ek\336\030!\316Aa\225\303\022\377{\210Y\226\271as\354L\035\004\341\361\035\301\024\220m#*\372\032\3178~\374\250\014*\323\342'z69\220\327\256\351G\367\317u\302\207\270b\315\333\333\334\310I\323&\014\352XZnW2.\335\347\202\021\247\362\212e\034\000\001\250\220\305;a\314\265R\310\017\317\331\235\360\262\240:\277\202\266\354\265X""\022\nh\252\352w\204\203\023]\001f\352\277\0031Q]\362\370R\350{\261\202\240\344\215\201\353\276\322p5p\350\354\017>\250r\241c\273\016\301\024\363\242\247\263\231\370\344\nBW\220K\316@3\243\200\036wk\253GSlU\010\360\231>\331\263H\214\324\030A\225\301o\346pkSF\004\241\213w9\223=\250\262*+\255\351r\265\244c\024\213\t\007`\223\325#\3477\210\345P\306\013\320\252[\0216+\227=`\371P\314\346 V7\271[~\n\237\274|\347\352@K\253~&\260\032\024\004B\200\255h\351\013\361\031:nG\211\005|\2003\266\274\251,W\006u\344\335d\003\306\212\313,\340\350bG\n\030Z\2732-\246\312\255\030\003\235207\005}D\260\0261ah\322M\304\216\273m0\271\234\237\007<w$\265C\245\232\033\023\313c\321B\032l\301h\005\320\252\301\361(\330[\343\357\343{\235\n\266g\272>\177\317\347\261qb&\270&\346ju\200\363N\320\307\004\034\001n\317\361\2653\254\2503\247\305\372\316W\022O\253x\250\025\373\247\354Tc\304\263\243^\352Gv\\264\261\r\035\226\306\2411\351\233\203\215\200$\231\300f\220\371c@\017\254\363\\371\340\340VaR\205~^\226\342t\360\022\204d\231\205)\272\364?\361!\334\331\315\254\230\rBG\314\023\246\244=\351\177\254\302b&\276+H;0\312\021&\275\036\237\350R\313\206R\331\304k\323u\263t\221\213yC\241\217A\242\027g\322\241'\212.E?B_\316\327\217J +\370\t^b\005\020\003\211\373\247|hC\271Nmk~J\270EU\274\036-\347\240\312FA\321\341bca\253\025\321\311\317\021\375\317\217\n\272\033o\353G>\275\361H\265\240\232um""\317\324`\214\221\314\000\211K\223+(""\200i \311\372g\254\343ZR0\224\275q\252\357\213\263\206N\357&Q\217\267\303\356I\236\357\264\311b\037\366\035\253\343\311\265\240\327q\206f\262ODi\215-\363>\034\236l\273\005G\316F\217}[\036\007\270:\260\335\271B\241N\345\330\204\327f\361\272Kb\0377p\334\264\237\177~\330]\252+:\317u\302h\n\351\n\364\231\277R\371\356\033y\265v\360Ny\246\332qY\262\231\251\n\305\334\202\305\362\n\367@k\231\016R:\327\242\366\242\253LZY\223$Gw^\203\302\311\316I7\371tTwp}\005|\372\214\251{R`\230V\244-\326I\351\255\325i\335\377\321\353\327\331\302\023\347y\016\263\271\317\306\017UV\314qu?\0064A\315{3D\010\016S\212\2353k0\361\214ID\303g\277\010Y_\001~\021\333\370\255\374\\331\306\255\336)\365Rth\024\t\300.M\315\321S\257\224\252\362\326P\316\303%nX\3742\333\036\004Y\264yG^\234\177\214\305q\237\274G\300a4\275\240s\215\222\210\016\020G\344=-:GK\312\035\271\201\350\376F\260G\347\000\235\365P6pmH\033\373\212c\377o\232\356\320D\002\277,]os{\354/?\312e\006wda\001\023\375\316\025\254\321\244\370+Y`\220\270\254\2601E[FI\310\235<qI \356\032v%\001\230\016\203\200\251UD\347\304\373\034\211\340@\342\033\263\365\356\341\357\350\324\035J\032\177\230\207\220\303+\207\352g\317N\027>\222M\271m\033\236\021:\272\233r\373\233hC}\256\020\210\010\233\335\025[ d(\343\263\327\177\030\246\254H\277\254E\231\006\033_lB\210\264\334Y\322\314\362\320L\000Q\240\317\3502\006,|\364\004\275\034\006\337\370""\330\364\202\314\315\311?\030\260\361u)\336\202\265Y\177X\227$\245tCB\345\314d\231A\300\204\371KJ\036\321\330\014]""EN\266$]\331\226c\351\312\376z\254\214\206B\274&M\032\376v\266\3104u)\r\312\021\273\030jJH\215G4\367fQ;\255\3404\372\225\341L\224\242\200VY\220\355\020\353I\n\363\266\036\311\003OR\250""\032\230\021]+$\302\005\224\270\033E\r\312\315}\200\2505\216\221\301\341\035[\247\325\236M^\360a\267\356\267\247]\357\236\n\207}P\2654\026`\256u\276\r&\026K\315a\3337\216.\240\362\263\327]\372\325\037\006\345\236\265\343\337g\271\317\315\374\3357gX\036\024'\357<$\322\323$\375\346&^\361\0009\022`\210$\005\261rTx\343\226\224vC\2607.\025\213@~\312\227\000 o\232\016\376|a3\352&\324\337\230\212\265o\2035\250\303\2760\241\364^\002Z\031Z!\300\002\364\004\232\355\234\202\021\371_~\346\024\242\247\366\231\036\370\365\313\014\307\362i\210e\030\317\336e\256\245\026R\036\304S\352]~a\353k\036W\036\333\243\313y\256\236\230\270\325\233\373\001c\343\030e+OD\224O\347\364mD\216\220lA\251D\0246\305z\207\225\254\360\010\233K$\222\242w\316\025\202/\356\266\371/\256\354\300\373\252\344\245^L==\235\021\032V\220\341+U\353\274\372=u\225\337\321k\342\217\031\035&\261k*\315\004\203\271\200\243u\010|\336\346\203L\367\300g\364H\302\267\0331\0265+\223\224\300\342tR\375j\262\235LC5\315,\2758.\025\251J\276\032\252\276\237\336w\275\306no\345t\317\355,\333\255\264\227\2326\315\307\363\323\325\303\032N\256*\307\327 \235\332\207u\210\271\257\306g\231i*\260\326k\001"";   nodeid: ""\260\000\000\000\000\000\000\000\000\000\000\000\000\000\000\000\000\000\000\000\000\000\000\000\000\000\000\000\000\000\000\000\001""; }; "
1750527714519,1750527714519,0,1,1,4,TMLedgerData,"ledgerHash: ""\307\232\020\017\177\025}\320\272\301\007\233=\335""\t\250\332\334\355\260\204\022\250\326\010?\242\301d\215\027""; ledgerSeq: 58; type: liBASE; nodes {;   nodedata: ""\000\000\000:\001cEx]\211\377\330j\262\235LC5\315,\2758.\025\251J\276\032\252\276\237\336w\275\306no\345t\317\355,\333\255\000\000\000\000\000\000\000\000\000\000\000\000\000\000\000\000\000\000\000\000\000\000\000\000\000\000\000\000\000\000\000\000\310\r\347\027\240\3735\250RW\254=p\265#3G\234\332@\315\r\006\262\321\220.7\344'?\222/\351\253_/\351\253`\n\000""; }; nodes {;   nodedata: ""\323C\344\327\264{\312-\017:\006{\177\344N\002\326bO\260\220\006\033\362\345\005U\221DzJ0\001\301\025%1L\307\t\261\262z\374\222T\301\274V\236\223\262\270Ct\362\337b\356\024*\324\320\351\317\002k\336\234\027v\351\217\260\303\360\233ZPZWr\246$w\313\313\r\243r\232\2234\373\3539:N\004Q\245\272D\312D\300\300\t\323\0257\345e\271\na\215{\226\255x%T\257\037\333\004\344_/R\006E\344\037@\210\363\010\336T\226\247'\204_{\261\370""1\235\2445\343\033Y!\212\201\341\272\225'\007\001\330\n\317\202\376t\3031O\276<\374 Ta^U\t`&6u\337\251\276ri\315|\226e\013\003""; }; ","ledgerHash: ""\307\232\020\017\177\025}\320\272\301\007\233=\335""\t\250\332\334\355\260\204\022\250\326\010?\242\301d\215\027""; ledgerSeq: 58; type: liBASE; nodes {;   nodedata: ""\000\000\000:\001cEx]\211\377\330j\262\235LC5\315,\2758.\025\251J\276\032\252\276\237\336w\275\306no\345t\317\355,\333\255\000\000\000\000\000\000\000\000\000\000\000\000\000\000\000\000\000\000\000\000\000\000\000\000\000\000\000\000\000\000\000\000\310\r\347\027\240\3735\250RW\254=p\265#3G\234\332@\315\r\006\262\321\220.7\344'?\222/\351\253_/\351\253`\n\000""; }; nodes {;   nodedata: ""\323C\344\327\264{\312-\017:\006{\177\344N\002\326bO\260\220\006\033\362\345\005U\221DzJ0\001\301\025%1L\307\t\261\262z\374\222T\301\274V\236\223\262\270Ct\362\337b\356\024*\324\320\351\317\002k\336\234\027v\351\217\260\303\360\233ZPZWr\246$w\313\313\r\243r\232\2234\373\3539:N\004Q\245\272D\312D\300\300\t\323\0257\345e\271\na\215{\226\255x%T\257\037\333\004\344_/R\006E\344\037@\210\363\010\336T\226\247'\204_{\261\370""1\235\2445\343\033Y!\212\201\341\272\225'\007\001\330\n\317\202\376t\3031O\276<\374 Ta^U\t`&6u\337\251\276ri\315|\226e\013\003""; }; "
1750527714519,1750527714520,0,1,3,0,TMLedgerData,"ledgerHash: ""\307\232\020\017\177\025}\320\272\301\007\233=\335""\t\250\332\334\355\260\204\022\250\326\010?\242\301d\215\027""; ledgerSeq: 58; type: liBASE; nodes {;   nodedata: ""\000\000\000:\001cEx]\211\377\330j\262\235LC5\315,\2758.\025\251J\276\032\252\276\237\336w\275\306no\345t\317\355,\333\255\000\000\000\000\000\000\000\000\000\000\000\000\000\000\000\000\000\000\000\000\000\000\000\000\000\000\000\000\000\000\000\000\310\r\347\027\240\3735\250RW\254=p\265#3G\234\332@\315\r\006\262\321\220.7\344'?\222/\351\253_/\351\253`\n\000""; }; nodes {;   nodedata: ""\323C\344\327\264{\312-\017:\006{\177\344N\002\326bO\260\220\006\033\362\345\005U\221DzJ0\001\301\025%1L\307\t\261\262z\374\222T\301\274V\236\223\262\270Ct\362\337b\356\024*\324\320\351\317\002k\336\234\027v\351\217\260\303\360\233ZPZWr\246$w\313\313\r\243r\232\2234\373\3539:N\004Q\245\272D\312D\300\300\t\323\0257\345e\271\na\215{\226\255x%T\257\037\333\004\344_/R\006E\344\037@\210\363\010\336T\226\247'\204_{\261\370""1\235\2445\343\033Y!\212\201\341\272\225'\007\001\330\n\317\202\376t\3031O\276<\374 Ta^U\t`&6u\337\251\276ri\315|\226e\013\003""; }; requestCookie: 5; ","ledgerHash: ""\307\232\020\017\177\025}\320\272\301\007\233=\335""\t\250\332\334\355\260\204\022\250\326\010?\242\301d\215\027""; ledgerSeq: 58; type: liBASE; nodes {;   nodedata: ""\000\000\000:\001cEx]\211\377\330j\262\235LC5\315,\2758.\025\251J\276\032\252\276\237\336w\275\306no\345t\317\355,\333\255\000\000\000\000\000\000\000\000\000\000\000\000\000\000\000\000\000\000\000\000\000\000\000\000\000\000\000\000\000\000\000\000\310\r\347\027\240\3735\250RW\254=p\265#3G\234\332@\315\r\006\262\321\220.7\344'?\222/\351\253_/\351\253`\n\000""; }; nodes {;   nodedata: ""\323C\344\327\264{\312-\017:\006{\177\344N\002\326bO\260\220\006\033\362\345\005U\221DzJ0\001\301\025%1L\307\t\261\262z\374\222T\301\274V\236\223\262\270Ct\362\337b\356\024*\324\320\351\317\002k\336\234\027v\351\217\260\303\360\233ZPZWr\246$w\313\313\r\243r\232\2234\373\3539:N\004Q\245\272D\312D\300\300\t\323\0257\345e\271\na\215{\226\255x%T\257\037\333\004\344_/R\006E\344\037@\210\363\010\336T\226\247'\204_{\261\370""1\235\2445\343\033Y!\212\201\341\272\225'\007\001\330\n\317\202\376t\3031O\276<\374 Ta^U\t`&6u\337\251\276ri\315|\226e\013\003""; }; requestCookie: 5; "
1750527714520,1750527714520,0,1,3,0,TMLedgerData,"ledgerHash: ""\307\232\020\017\177\025}\320\272\301\007\233=\335""\t\250\332\334\355\260\204\022\250\326\010?\242\301d\215\027""; ledgerSeq: 58; type: liBASE; nodes {;   nodedata: ""\000\000\000:\001cEx]\211\377\330j\262\235LC5\315,\2758.\025\251J\276\032\252\276\237\336w\275\306no\345t\317\355,\333\255\000\000\000\000\000\000\000\000\000\000\000\000\000\000\000\000\000\000\000\000\000\000\000\000\000\000\000\000\000\000\000\000\310\r\347\027\240\3735\250RW\254=p\265#3G\234\332@\315\r\006\262\321\220.7\344'?\222/\351\253_/\351\253`\n\000""; }; nodes {;   nodedata: ""\323C\344\327\264{\312-\017:\006{\177\344N\002\326bO\260\220\006\033\362\345\005U\221DzJ0\001\301\025%1L\307\t\261\262z\374\222T\301\274V\236\223\262\270Ct\362\337b\356\024*\324\320\351\317\002k\336\234\027v\351\217\260\303\360\233ZPZWr\246$w\313\313\r\243r\232\2234\373\3539:N\004Q\245\272D\312D\300\300\t\323\0257\345e\271\na\215{\226\255x%T\257\037\333\004\344_/R\006E\344\037@\210\363\010\336T\226\247'\204_{\261\370""1\235\2445\343\033Y!\212\201\341\272\225'\007\001\330\n\317\202\376t\3031O\276<\374 Ta^U\t`&6u\337\251\276ri\315|\226e\013\003""; }; requestCookie: 3; ","ledgerHash: ""\307\232\020\017\177\025}\320\272\301\007\233=\335""\t\250\332\334\355\260\204\022\250\326\010?\242\301d\215\027""; ledgerSeq: 58; type: liBASE; nodes {;   nodedata: ""\000\000\000:\001cEx]\211\377\330j\262\235LC5\315,\2758.\025\251J\276\032\252\276\237\336w\275\306no\345t\317\355,\333\255\000\000\000\000\000\000\000\000\000\000\000\000\000\000\000\000\000\000\000\000\000\000\000\000\000\000\000\000\000\000\000\000\310\r\347\027\240\3735\250RW\254=p\265#3G\234\332@\315\r\006\262\321\220.7\344'?\222/\351\253_/\351\253`\n\000""; }; nodes {;   nodedata: ""\323C\344\327\264{\312-\017:\006{\177\344N\002\326bO\260\220\006\033\362\345\005U\221DzJ0\001\301\025%1L\307\t\261\262z\374\222T\301\274V\236\223\262\270Ct\362\337b\356\024*\324\320\351\317\002k\336\234\027v\351\217\260\303\360\233ZPZWr\246$w\313\313\r\243r\232\2234\373\3539:N\004Q\245\272D\312D\300\300\t\323\0257\345e\271\na\215{\226\255x%T\257\037\333\004\344_/R\006E\344\037@\210\363\010\336T\226\247'\204_{\261\370""1\235\2445\343\033Y!\212\201\341\272\225'\007\001\330\n\317\202\376t\3031O\276<\374 Ta^U\t`&6u\337\251\276ri\315|\226e\013\003""; }; requestCookie: 3; "
1750527714520,1750527714521,0,1,3,0,TMLedgerData,"ledgerHash: ""\307\232\020\017\177\025}\320\272\301\007\233=\335""\t\250\332\334\355\260\204\022\250\326\010?\242\301d\215\027""; ledgerSeq: 58; type: liBASE; nodes {;   nodedata: ""\000\000\000:\001cEx]\211\377\330j\262\235LC5\315,\2758.\025\251J\276\032\252\276\237\336w\275\306no\345t\317\355,\333\255\000\000\000\000\000\000\000\000\000\000\000\000\000\000\000\000\000\000\000\000\000\000\000\000\000\000\000\000\000\000\000\000\310\r\347\027\240\3735\250RW\254=p\265#3G\234\332@\315\r\006\262\321\220.7\344'?\222/\351\253_/\351\253`\n\000""; }; nodes {;   nodedata: ""\323C\344\327\264{\312-\017:\006{\177\344N\002\326bO\260\220\006\033\362\345\005U\221DzJ0\001\301\025%1L\307\t\261\262z\374\222T\301\274V\236\223\262\270Ct\362\337b\356\024*\324\320\351\317\002k\336\234\027v\351\217\260\303\360\233ZPZWr\246$w\313\313\r\243r\232\2234\373\3539:N\004Q\245\272D\312D\300\300\t\323\0257\345e\271\na\215{\226\255x%T\257\037\333\004\344_/R\006E\344\037@\210\363\010\336T\226\247'\204_{\261\370""1\235\2445\343\033Y!\212\201\341\272\225'\007\001\330\n\317\202\376t\3031O\276<\374 Ta^U\t`&6u\337\251\276ri\315|\226e\013\003""; }; requestCookie: 2; ","ledgerHash: ""\307\232\020\017\177\025}\320\272\301\007\233=\335""\t\250\332\334\355\260\204\022\250\326\010?\242\301d\215\027""; ledgerSeq: 58; type: liBASE; nodes {;   nodedata: ""\000\000\000:\001cEx]\211\377\330j\262\235LC5\315,\2758.\025\251J\276\032\252\276\237\336w\275\306no\345t\317\355,\333\255\000\000\000\000\000\000\000\000\000\000\000\000\000\000\000\000\000\000\000\000\000\000\000\000\000\000\000\000\000\000\000\000\310\r\347\027\240\3735\250RW\254=p\265#3G\234\332@\315\r\006\262\321\220.7\344'?\222/\351\253_/\351\253`\n\000""; }; nodes {;   nodedata: ""\323C\344\327\264{\312-\017:\006{\177\344N\002\326bO\260\220\006\033\362\345\005U\221DzJ0\001\301\025%1L\307\t\261\262z\374\222T\301\274V\236\223\262\270Ct\362\337b\356\024*\324\320\351\317\002k\336\234\027v\351\217\260\303\360\233ZPZWr\246$w\313\313\r\243r\232\2234\373\3539:N\004Q\245\272D\312D\300\300\t\323\0257\345e\271\na\215{\226\255x%T\257\037\333\004\344_/R\006E\344\037@\210\363\010\336T\226\247'\204_{\261\370""1\235\2445\343\033Y!\212\201\341\272\225'\007\001\330\n\317\202\376t\3031O\276<\374 Ta^U\t`&6u\337\251\276ri\315|\226e\013\003""; }; requestCookie: 2; "
1750527714521,1750527714521,0,1,3,2,TMLedgerData,"ledgerHash: ""\307\232\020\017\177\025}\320\272\301\007\233=\335""\t\250\332\334\355\260\204\022\250\326\010?\242\301d\215\027""; ledgerSeq: 58; type: liBASE; nodes {;   nodedata: ""\000\000\000:\001cEx]\211\377\330j\262\235LC5\315,\2758.\025\251J\276\032\252\276\237\336w\275\306no\345t\317\355,\333\255\000\000\000\000\000\000\000\000\000\000\000\000\000\000\000\000\000\000\000\000\000\000\000\000\000\000\000\000\000\000\000\000\310\r\347\027\240\3735\250RW\254=p\265#3G\234\332@\315\r\006\262\321\220.7\344'?\222/\351\253_/\351\253`\n\000""; }; nodes {;   nodedata: ""\323C\344\327\264{\312-\017:\006{\177\344N\002\326bO\260\220\006\033\362\345\005U\221DzJ0\001\301\025%1L\307\t\261\262z\374\222T\301\274V\236\223\262\270Ct\362\337b\356\024*\324\320\351\317\002k\336\234\027v\351\217\260\303\360\233ZPZWr\246$w\313\313\r\243r\232\2234\373\3539:N\004Q\245\272D\312D\300\300\t\323\0257\345e\271\na\215{\226\255x%T\257\037\333\004\344_/R\006E\344\037@\210\363\010\336T\226\247'\204_{\261\370""1\235\2445\343\033Y!\212\201\341\272\225'\007\001\330\n\317\202\376t\3031O\276<\374 Ta^U\t`&6u\337\251\276ri\315|\226e\013\003""; }; ","ledgerHash: ""\307\232\020\017\177\025}\320\272\301\007\233=\335""\t\250\332\334\355\260\204\022\250\326\010?\242\301d\215\027""; ledgerSeq: 58; type: liBASE; nodes {;   nodedata: ""\000\000\000:\001cEx]\211\377\330j\262\235LC5\315,\2758.\025\251J\276\032\252\276\237\336w\275\306no\345t\317\355,\333\255\000\000\000\000\000\000\000\000\000\000\000\000\000\000\000\000\000\000\000\000\000\000\000\000\000\000\000\000\000\000\000\000\310\r\347\027\240\3735\250RW\254=p\265#3G\234\332@\315\r\006\262\321\220.7\344'?\222/\351\253_/\351\253`\n\000""; }; nodes {;   nodedata: ""\323C\344\327\264{\312-\017:\006{\177\344N\002\326bO\260\220\006\033\362\345\005U\221DzJ0\001\301\025%1L\307\t\261\262z\374\222T\301\274V\236\223\262\270Ct\362\337b\356\024*\324\320\351\317\002k\336\234\027v\351\217\260\303\360\233ZPZWr\246$w\313\313\r\243r\232\2234\373\3539:N\004Q\245\272D\312D\300\300\t\323\0257\345e\271\na\215{\226\255x%T\257\037\333\004\344_/R\006E\344\037@\210\363\010\336T\226\247'\204_{\261\370""1\235\2445\343\033Y!\212\201\341\272\225'\007\001\330\n\317\202\376t\3031O\276<\374 Ta^U\t`&6u\337\251\276ri\315|\226e\013\003""; }; "
1750527714521,1750527714522,0,1,3,2,TMLedgerData,"ledgerHash: ""\307\232\020\017\177\025}\320\272\301\007\233=\335""\t\250\332\334\355\260\204\022\250\326\010?\242\301d\215\027""; ledgerSeq: 58; type: liBASE; nodes {;   nodedata: ""\000\000\000:\001cEx]\211\377\330j\262\235LC5\315,\2758.\025\251J\276\032\252\276\237\336w\275\306no\345t\317\355,\333\255\000\000\000\000\000\000\000\000\000\000\000\000\000\000\000\000\000\000\000\000\000\000\000\000\000\000\000\000\000\000\000\000\310\r\347\027\240\3735\250RW\254=p\265#3G\234\332@\315\r\006\262\321\220.7\344'?\222/\351\253_/\351\253`\n\000""; }; nodes {;   nodedata: ""\323C\344\327\264{\312-\017:\006{\177\344N\002\326bO\260\220\006\033\362\345\005U\221DzJ0\001\301\025%1L\307\t\261\262z\374\222T\301\274V\236\223\262\270Ct\362\337b\356\024*\324\320\351\317\002k\336\234\027v\351\217\260\303\360\233ZPZWr\246$w\313\313\r\243r\232\2234\373\3539:N\004Q\245\272D\312D\300\300\t\323\0257\345e\271\na\215{\226\255x%T\257\037\333\004\344_/R\006E\344\037@\210\363\010\336T\226\247'\204_{\261\370""1\235\2445\343\033Y!\212\201\341\272\225'\007\001\330\n\317\202\376t\3031O\276<\374 Ta^U\t`&6u\337\251\276ri\315|\226e\013\003""; }; requestCookie: 5; ","ledgerHash: ""\307\232\020\017\177\025}\320\272\301\007\233=\335""\t\250\332\334\355\260\204\022\250\326\010?\242\301d\215\027""; ledgerSeq: 58; type: liBASE; nodes {;   nodedata: ""\000\000\000:\001cEx]\211\377\330j\262\235LC5\315,\2758.\025\251J\276\032\252\276\237\336w\275\306no\345t\317\355,\333\255\000\000\000\000\000\000\000\000\000\000\000\000\000\000\000\000\000\000\000\000\000\000\000\000\000\000\000\000\000\000\000\000\310\r\347\027\240\3735\250RW\254=p\265#3G\234\332@\315\r\006\262\321\220.7\344'?\222/\351\253_/\351\253`\n\000""; }; nodes {;   nodedata: ""\323C\344\327\264{\312-\017:\006{\177\344N\002\326bO\260\220\006\033\362\345\005U\221DzJ0\001\301\025%1L\307\t\261\262z\374\222T\301\274V\236\223\262\270Ct\362\337b\356\024*\324\320\351\317\002k\336\234\027v\351\217\260\303\360\233ZPZWr\246$w\313\313\r\243r\232\2234\373\3539:N\004Q\245\272D\312D\300\300\t\323\0257\345e\271\na\215{\226\255x%T\257\037\333\004\344_/R\006E\344\037@\210\363\010\336T\226\247'\204_{\261\370""1\235\2445\343\033Y!\212\201\341\272\225'\007\001\330\n\317\202\376t\3031O\276<\374 Ta^U\t`&6u\337\251\276ri\315|\226e\013\003""; }; requestCookie: 5; "
1750527714522,1750527714522,0,1,3,2,TMLedgerData,"ledgerHash: ""\307\232\020\017\177\025}\320\272\301\007\233=\335""\t\250\332\334\355\260\204\022\250\326\010?\242\301d\215\027""; ledgerSeq: 58; type: liBASE; nodes {;   nodedata: ""\000\000\000:\001cEx]\211\377\330j\262\235LC5\315,\2758.\025\251J\276\032\252\276\237\336w\275\306no\345t\317\355,\333\255\000\000\000\000\000\000\000\000\000\000\000\000\000\000\000\000\000\000\000\000\000\000\000\000\000\000\000\000\000\000\000\000\310\r\347\027\240\3735\250RW\254=p\265#3G\234\332@\315\r\006\262\321\220.7\344'?\222/\351\253_/\351\253`\n\000""; }; nodes {;   nodedata: ""\323C\344\327\264{\312-\017:\006{\177\344N\002\326bO\260\220\006\033\362\345\005U\221DzJ0\001\301\025%1L\307\t\261\262z\374\222T\301\274V\236\223\262\270Ct\362\337b\356\024*\324\320\351\317\002k\336\234\027v\351\217\260\303\360\233ZPZWr\246$w\313\313\r\243r\232\2234\373\3539:N\004Q\245\272D\312D\300\300\t\323\0257\345e\271\na\215{\226\255x%T\257\037\333\004\344_/R\006E\344\037@\210\363\010\336T\226\247'\204_{\261\370""1\235\2445\343\033Y!\212\201\341\272\225'\007\001\330\n\317\202\376t\3031O\276<\374 Ta^U\t`&6u\337\251\276ri\315|\226e\013\003""; }; requestCookie: 3; ","ledgerHash: ""\307\232\020\017\177\025}\320\272\301\007\233=\335""\t\250\332\334\355\260\204\022\250\326\010?\242\301d\215\027""; ledgerSeq: 58; type: liBASE; nodes {;   nodedata: ""\000\000\000:\001cEx]\211\377\330j\262\235LC5\315,\2758.\025\251J\276\032\252\276\237\336w\275\306no\345t\317\355,\333\255\000\000\000\000\000\000\000\000\000\000\000\000\000\000\000\000\000\000\000\000\000\000\000\000\000\000\000\000\000\000\000\000\310\r\347\027\240\3735\250RW\254=p\265#3G\234\332@\315\r\006\262\321\220.7\344'?\222/\351\253_/\351\253`\n\000""; }; nodes {;   nodedata: ""\323C\344\327\264{\312-\017:\006{\177\344N\002\326bO\260\220\006\033\362\345\005U\221DzJ0\001\301\025%1L\307\t\261\262z\374\222T\301\274V\236\223\262\270Ct\362\337b\356\024*\324\320\351\317\002k\336\234\027v\351\217\260\303\360\233ZPZWr\246$w\313\313\r\243r\232\2234\373\3539:N\004Q\245\272D\312D\300\300\t\323\0257\345e\271\na\215{\226\255x%T\257\037\333\004\344_/R\006E\344\037@\210\363\010\336T\226\247'\204_{\261\370""1\235\2445\343\033Y!\212\201\341\272\225'\007\001\330\n\317\202\376t\3031O\276<\374 Ta^U\t`&6u\337\251\276ri\315|\226e\013\003""; }; requestCookie: 3; "
1750527714522,1750527714523,0,1,3,2,TMLedgerData,"ledgerHash: ""\307\232\020\017\177\025}\320\272\301\007\233=\335""\t\250\332\334\355\260\204\022\250\326\010?\242\301d\215\027""; ledgerSeq: 58; type: liBASE; nodes {;   nodedata: ""\000\000\000:\001cEx]\211\377\330j\262\235LC5\315,\2758.\025\251J\276\032\252\276\237\336w\275\306no\345t\317\355,\333\255\000\000\000\000\000\000\000\000\000\000\000\000\000\000\000\000\000\000\000\000\000\000\000\000\000\000\000\000\000\000\000\000\310\r\347\027\240\3735\250RW\254=p\265#3G\234\332@\315\r\006\262\321\220.7\344'?\222/\351\253_/\351\253`\n\000""; }; nodes {;   nodedata: ""\323C\344\327\264{\312-\017:\006{\177\344N\002\326bO\260\220\006\033\362\345\005U\221DzJ0\001\301\025%1L\307\t\261\262z\374\222T\301\274V\236\223\262\270Ct\362\337b\356\024*\324\320\351\317\002k\336\234\027v\351\217\260\303\360\233ZPZWr\246$w\313\313\r\243r\232\2234\373\3539:N\004Q\245\272D\312D\300\300\t\323\0257\345e\271\na\215{\226\255x%T\257\037\333\004\344_/R\006E\344\037@\210\363\010\336T\226\247'\204_{\261\370""1\235\2445\343\033Y!\212\201\341\272\225'\007\001\330\n\317\202\376t\3031O\276<\374 Ta^U\t`&6u\337\251\276ri\315|\226e\013\003""; }; requestCookie: 2; ","ledgerHash: ""\307\232\020\017\177\025}\320\272\301\007\233=\335""\t\250\332\334\355\260\204\022\250\326\010?\242\301d\215\027""; ledgerSeq: 58; type: liBASE; nodes {;   nodedata: ""\000\000\000:\001cEx]\211\377\330j\262\235LC5\315,\2758.\025\251J\276\032\252\276\237\336w\275\306no\345t\317\355,\333\255\000\000\000\000\000\000\000\000\000\000\000\000\000\000\000\000\000\000\000\000\000\000\000\000\000\000\000\000\000\000\000\000\310\r\347\027\240\3735\250RW\254=p\265#3G\234\332@\315\r\006\262\321\220.7\344'?\222/\351\253_/\351\253`\n\000""; }; nodes {;   nodedata: ""\323C\344\327\264{\312-\017:\006{\177\344N\002\326bO\260\220\006\033\362\345\005U\221DzJ0\001\301\025%1L\307\t\261\262z\374\222T\301\274V\236\223\262\270Ct\362\337b\356\024*\324\320\351\317\002k\336\234\027v\351\217\260\303\360\233ZPZWr\246$w\313\313\r\243r\232\2234\373\3539:N\004Q\245\272D\312D\300\300\t\323\0257\345e\271\na\215{\226\255x%T\257\037\333\004\344_/R\006E\344\037@\210\363\010\336T\226\247'\204_{\261\370""1\235\2445\343\033Y!\212\201\341\272\225'\007\001\330\n\317\202\376t\3031O\276<\374 Ta^U\t`&6u\337\251\276ri\315|\226e\013\003""; }; requestCookie: 2; "
1750527714523,1750527714524,0,1,3,1,TMLedgerData,"ledgerHash: ""\307\232\020\017\177\025}\320\272\301\007\233=\335""\t\250\332\334\355\260\204\022\250\326\010?\242\301d\215\027""; ledgerSeq: 58; type: liAS_NODE; nodes {;   nodedata: ""\021\000h""\000\000\000\000 \033\000\000\0009\002\023\307\177\330\356GuH\375\327!\255\371\r\231\262R\256J\034\222\241\355X\265E\241^W\225\304\014\361CX-}\351f\032\255\274\334m\326c\017\014ao[\342\230\003\245\245\3341Hm\326^\017jy\335\261\032Yt\320\244{g\0306\\302\303*\341\215\223\257\364\277o\375\000r\241SOq\221\253\262\005\017\375T\356\014\360o'\030\311-\267\031\257!\031T\006><\315XM\334\324\345\034\000\325\367\240\271\013\265\024\321\362\354\211\250.\234s\225amc\305\035\366\276\037nD\277`\210\223N\3535\033\261\304f\331]\036\237\306o!\223\221\002\324\031\262\240R\177 ,\214\325\Q])\016\2067\277\t\354\010\000\360\215\2502\265\245\310\226\243c\302Ze\306\253#r\020\211\320iG\276\020E\317\035Sf\223F\254\033@\177e\277\016\010u\327\371&\262\312\317Q\2361t\377x\234\001v\003%\030\325_\225g\204\346a=\225\273\331\354\365*U\363\263N\367b\371\244\314-w\363\262\225Z\200\206\235\233\257?sE\2674\254\326mU\377?\177Ek\336\030!\316Aa\225\303\022\377{\210Y\226\271as\354L\035\004\341\361\035\301\024\220m#*\372\032\3178~\374\250\014*\323\342'z69\220\327\256\351G\367\317u\302\207\270b\315\333\333\334\310I\323&\014\352XZnW2.\335\347\202\021\247\362\212e\034\000\001\250\220\305;a\314\265R\310\017\317\331\235\360\262\240:\277\202\266\354\265X""\022\nh\252\352w\204\203\023]\001f\352\277\0031Q]\362\370R\350{\261\202\240\344\215\201\353\276\322p5p\350\354\017>\250r\241c\273\016\301\024\363\242\247\263\231\370\344\nBW\220K\316@3\243\200\036wk\253GSlU\010\360\231>\331\263H\214\324\030A\225\301o\346pkSF\004\241\213w9\223=\250\262*+\255\351r\265\244c\024\213\t\007`\223\325#\3477\210\345P\306\013\320\252[\0216+\227=`\371P\314\346 V7\271[~\n\237\274|\347\352@K\253~&\260\032\024\004B\200\255h\351\013\361\031:nG\211\005|\2003\266\274\251,W\006u\344\335d\003\306\212\313,\340\350bG\n\030Z\2732-\246\312\255\030\003\235207\005}D\260\0261ah\322M\304\216\273m0\271\234\237\007<w$\265C\245\232\033\023\313c\321B\032l\301h\005\320\252\301\361(\330[\343\357\343{\235\n\266g\272>\177\317\347\261qb&\270&\346ju\200\363N\320\307\004\034\001n\317\361\2653\254\2503\247\305\372\316W\022O\253x\250\025\373\247\354Tc\304\263\243^\352Gv\\264\261\r\035\226\306\2411\351\233\203\215\200$\231\300f\220\371c@\017\254\363\\371\340\340VaR\205~^\226\342t\360\022\204d\231\205)\272\364?\361!\334\331\315\254\230\rBG\314\023\246\244=\351\177\254\302b&\276+H;0\312\021&\275\036\237\350R\313\206R\331\304k\323u\263t\221\213yC\241\217A\242\027g\322\241'\212.E?B_\316\327\217J +\370\t^b\005\020\003\211\373\247|hC\271Nmk~J\270EU\274\036-\347\240\312FA\321\341bca\253\025\321\311\317\021\375\317\217\n\272\033o\353G>\275\361H\265\240\232um""\317\324`\214\221\314\000\211K\223+(""\200i \311\372g\254\343ZR0\224\275q\252\357\213\263\206N\357&Q\217\267\303\356I\236\357\264\311b\037\366\035\253\343\311\265\240\327q\206f\262ODi\215-\363>\034\236l\273\005G\316F\217}[\036\007\270:\260\335\271B\241N\345\330\204\327f\361\272Kb\0377p\334\264\237\177~\330]\252+:\317u\302h\n\351\n\364\231\277R\371\356\033y\265v\360Ny\246\332qY\262\231\251\n\305\334\202\305\362\n\367@k\231\016R:\327\242\366\242\253LZY\223$Gw^\203\302\311\316I7\371tTwp}\005|\372\214\251{R`\230V\244-\326I\351\255\325i\335\377\321\353\327\331\302\023\347y\016\263\271\317\306\017UV\314qu?\0064A\315{3D\010\016S\212\2353k0\361\214ID\303g\277\010Y_\001~\021\333\370\255\374\\331\306\255\336)\365Rth\024\t\300.M\315\321S\257\224\252\362\326P\316\303%nX\3742\333\036\004Y\264yG^\234\177\214\305q\237\274G\300a4\275\240s\215\222\210\016\020G\344=-:GK\312\035\271\201\350\376F\260G\347\000\235\365P6pmH\033\373\212c\377o\232\356\320D\002\277,]os{\354/?\312e\006wda\001\023\375\316\025\254\321\244\370+Y`\220\270\254\2601E[FI\310\235<qI \356\032v%\001\230\016\203\200\251UD\347\304\373\034\211\340@\342\033\263\365\356\341\357\350\324\035J\032\177\230\207\220\303+\207\352g\317N\027>\222M\271m\033\236\021:\272\233r\373\233hC}\256\020\210\010\233\335\025[ d(\343\263\327\177\030\246\254H\277\254E\231\006\033_lB\210\264\334Y\322\314\362\320L\000Q\240\317\3502\006,|\364\004\275\034\006\337\370""\330\364\202\314\315\311?\030\260\361u)\336\202\265Y\177X\227$\245tCB\345\314d\231A\300\204\371KJ\036\321\330\014]""EN\266$]\331\226c\351\312\376z\254\214\206B\274&M\032\376v\266\3104u)\r\312\021\273\030jJH\215G4\367fQ;\255\3404\372\225\341L\224\242\200VY\220\355\020\353I\n\363\266\036\311\003OR\250""\032\230\021]+$\302\005\224\270\033E\r\312\315}\200\2505\216\221\301\341\035[\247\325\236M^\360a\267\356\267\247]\357\236\n\207}P\2654\026`\256u\276\r&\026K\315a\3337\216.\240\362\263\327]\372\325\037\006\345\236\265\343\337g\271\317\315\374\3357gX\036\024'\357<$\322\323$\375\346&^\361\0009\022`\210$\005\261rTx\343\226\224vC\2607.\025\213@~\312\227\000 o\232\016\376|a3\352&\324\337\230\212\265o\2035\250\303\2760\241\364^\002Z\031Z!\300\002\364\004\232\355\234\202\021\371_~\346\024\242\247\366\231\036\370\365\313\014\307\362i\210e\030\317\336e\256\245\026R\036\304S\352]~a\353k\036W\036\333\243\313y\256\236\230\270\325\233\373\001c\343\030e+OD\224O\347\364mD\216\220lA\251D\0246\305z\207\225\254\360\010\233K$\222\242w\316\025\202/\356\266\371/\256\354\300\373\252\344\245^L==\235\021\032V\220\341+U\353\274\372=u\225\337\321k\342\217\031\035&\261k*\315\004\203\271\200\243u\010|\336\346\203L\367\300g\364H\302\267\0331\0265+\223\224\300\342tR\375j\262\235LC5\315,\2758.\025\251J\276\032\252\276\237\336w\275\306no\345t\317\355,\333\255\264\227\2326\315\307\363\323\325\303\032N\256*\307\327 \235\332\207u\210\271\257\306g\231i*\260\326k\001"";   nodeid: ""\260\000\000\000\000\000\000\000\000\000\000\000\000\000\000\000\000\000\000\000\000\000\000\000\000\000\000\000\000\000\000\000\001""; }; ","ledgerHash: ""\307\232\020\017\177\025}\320\272\301\007\233=\335""\t\250\332\334\355\260\204\022\250\326\010?\242\301d\215\027""; ledgerSeq: 58; type: liAS_NODE; nodes {;   nodedata: ""\021\000h""\000\000\000\000 \033\000\000\0009\002\023\307\177\330\356GuH\375\327!\255\371\r\231\262R\256J\034\222\241\355X\265E\241^W\225\304\014\361CX-}\351f\032\255\274\334m\326c\017\014ao[\342\230\003\245\245\3341Hm\326^\017jy\335\261\032Yt\320\244{g\0306\\302\303*\341\215\223\257\364\277o\375\000r\241SOq\221\253\262\005\017\375T\356\014\360o'\030\311-\267\031\257!\031T\006><\315XM\334\324\345\034\000\325\367\240\271\013\265\024\321\362\354\211\250.\234s\225amc\305\035\366\276\037nD\277`\210\223N\3535\033\261\304f\331]\036\237\306o!\223\221\002\324\031\262\240R\177 ,\214\325\Q])\016\2067\277\t\354\010\000\360\215\2502\265\245\310\226\243c\302Ze\306\253#r\020\211\320iG\276\020E\317\035Sf\223F\254\033@\177e\277\016\010u\327\371&\262\312\317Q\2361t\377x\234\001v\003%\030\325_\225g\204\346a=\225\273\331\354\365*U\363\263N\367b\371\244\314-w\363\262\225Z\200\206\235\233\257?sE\2674\254\326mU\377?\177Ek\336\030!\316Aa\225\303\022\377{\210Y\226\271as\354L\035\004\341\361\035\301\024\220m#*\372\032\3178~\374\250\014*\323\342'z69\220\327\256\351G\367\317u\302\207\270b\315\333\333\334\310I\323&\014\352XZnW2.\335\347\202\021\247\362\212e\034\000\001\250\220\305;a\314\265R\310\017\317\331\235\360\262\240:\277\202\266\354\265X""\022\nh\252\352w\204\203\023]\001f\352\277\0031Q]\362\370R\350{\261\202\240\344\215\201\353\276\322p5p\350\354\017>\250r\241c\273\016\301\024\363\242\247\263\231\370\344\nBW\220K\316@3\243\200\036wk\253GSlU\010\360\231>\331\263H\214\324\030A\225\301o\346pkSF\004\241\213w9\223=\250\262*+\255\351r\265\244c\024\213\t\007`\223\325#\3477\210\345P\306\013\320\252[\0216+\227=`\371P\314\346 V7\271[~\n\237\274|\347\352@K\253~&\260\032\024\004B\200\255h\351\013\361\031:nG\211\005|\2003\266\274\251,W\006u\344\335d\003\306\212\313,\340\350bG\n\030Z\2732-\246\312\255\030\003\235207\005}D\260\0261ah\322M\304\216\273m0\271\234\237\007<w$\265C\245\232\033\023\313c\321B\032l\301h\005\320\252\301\361(\330[\343\357\343{\235\n\266g\272>\177\317\347\261qb&\270&\346ju\200\363N\320\307\004\034\001n\317\361\2653\254\2503\247\305\372\316W\022O\253x\250\025\373\247\354Tc\304\263\243^\352Gv\\264\261\r\035\226\306\2411\351\233\203\215\200$\231\300f\220\371c@\017\254\363\\371\340\340VaR\205~^\226\342t\360\022\204d\231\205)\272\364?\361!\334\331\315\254\230\rBG\314\023\246\244=\351\177\254\302b&\276+H;0\312\021&\275\036\237\350R\313\206R\331\304k\323u\263t\221\213yC\241\217A\242\027g\322\241'\212.E?B_\316\327\217J +\370\t^b\005\020\003\211\373\247|hC\271Nmk~J\270EU\274\036-\347\240\312FA\321\341bca\253\025\321\311\317\021\375\317\217\n\272\033o\353G>\275\361H\265\240\232um""\317\324`\214\221\314\000\211K\223+(""\200i \311\372g\254\343ZR0\224\275q\252\357\213\263\206N\357&Q\217\267\303\356I\236\357\264\311b\037\366\035\253\343\311\265\240\327q\206f\262ODi\215-\363>\034\236l\273\005G\316F\217}[\036\007\270:\260\335\271B\241N\345\330\204\327f\361\272Kb\0377p\334\264\237\177~\330]\252+:\317u\302h\n\351\n\364\231\277R\371\356\033y\265v\360Ny\246\332qY\262\231\251\n\305\334\202\305\362\n\367@k\231\016R:\327\242\366\242\253LZY\223$Gw^\203\302\311\316I7\371tTwp}\005|\372\214\251{R`\230V\244-\326I\351\255\325i\335\377\321\353\327\331\302\023\347y\016\263\271\317\306\017UV\314qu?\0064A\315{3D\010\016S\212\2353k0\361\214ID\303g\277\010Y_\001~\021\333\370\255\374\\331\306\255\336)\365Rth\024\t\300.M\315\321S\257\224\252\362\326P\316\303%nX\3742\333\036\004Y\264yG^\234\177\214\305q\237\274G\300a4\275\240s\215\222\210\016\020G\344=-:GK\312\035\271\201\350\376F\260G\347\000\235\365P6pmH\033\373\212c\377o\232\356\320D\002\277,]os{\354/?\312e\006wda\001\023\375\316\025\254\321\244\370+Y`\220\270\254\2601E[FI\310\235<qI \356\032v%\001\230\016\203\200\251UD\347\304\373\034\211\340@\342\033\263\365\356\341\357\350\324\035J\032\177\230\207\220\303+\207\352g\317N\027>\222M\271m\033\236\021:\272\233r\373\233hC}\256\020\210\010\233\335\025[ d(\343\263\327\177\030\246\254H\277\254E\231\006\033_lB\210\264\334Y\322\314\362\320L\000Q\240\317\3502\006,|\364\004\275\034\006\337\370""\330\364\202\314\315\311?\030\260\361u)\336\202\265Y\177X\227$\245tCB\345\314d\231A\300\204\371KJ\036\321\330\014]""EN\266$]\331\226c\351\312\376z\254\214\206B\274&M\032\376v\266\3104u)\r\312\021\273\030jJH\215G4\367fQ;\255\3404\372\225\341L\224\242\200VY\220\355\020\353I\n\363\266\036\311\003OR\250""\032\230\021]+$\302\005\224\270\033E\r\312\315}\200\2505\216\221\301\341\035[\247\325\236M^\360a\267\356\267\247]\357\236\n\207}P\2654\026`\256u\276\r&\026K\315a\3337\216.\240\362\263\327]\372\325\037\006\345\236\265\343\337g\271\317\315\374\3357gX\036\024'\357<$\322\323$\375\346&^\361\0009\022`\210$\005\261rTx\343\226\224vC\2607.\025\213@~\312\227\000 o\232\016\376|a3\352&\324\337\230\212\265o\2035\250\303\2760\241\364^\002Z\031Z!\300\002\364\004\232\355\234\202\021\371_~\346\024\242\247\366\231\036\370\365\313\014\307\362i\210e\030\317\336e\256\245\026R\036\304S\352]~a\353k\036W\036\333\243\313y\256\236\230\270\325\233\373\001c\343\030e+OD\224O\347\364mD\216\220lA\251D\0246\305z\207\225\254\360\010\233K$\222\242w\316\025\202/\356\266\371/\256\354\300\373\252\344\245^L==\235\021\032V\220\341+U\353\274\372=u\225\337\321k\342\217\031\035&\261k*\315\004\203\271\200\243u\010|\336\346\203L\367\300g\364H\302\267\0331\0265+\223\224\300\342tR\375j\262\235LC5\315,\2758.\025\251J\276\032\252\276\237\336w\275\306no\345t\317\355,\333\255\264\227\2326\315\307\363\323\325\303\032N\256*\307\327 \235\332\207u\210\271\257\306g\231i*\260\326k\001"";   nodeid: ""\260\000\000\000\000\000\000\000\000\000\000\000\000\000\000\000\000\000\000\000\000\000\000\000\000\000\000\000\000\000\000\000\001""; }; "
1750527714525,1750527714525,0,1,3,0,TMLedgerData,"ledgerHash: ""\307\232\020\017\177\025}\320\272\301\007\233=\335""\t\250\332\334\355\260\204\022\250\326\010?\242\301d\215\027""; ledgerSeq: 58; type: liAS_NODE; nodes {;   nodedata: ""\021\000h""\000\000\000\000 \033\000\000\0009\002\023\307\177\330\356GuH\375\327!\255\371\r\231\262R\256J\034\222\241\355X\265E\241^W\225\304\014\361CX-}\351f\032\255\274\334m\326c\017\014ao[\342\230\003\245\245\3341Hm\326^\017jy\335\261\032Yt\320\244{g\0306\\302\303*\341\215\223\257\364\277o\375\000r\241SOq\221\253\262\005\017\375T\356\014\360o'\030\311-\267\031\257!\031T\006><\315XM\334\324\345\034\000\325\367\240\271\013\265\024\321\362\354\211\250.\234s\225amc\305\035\366\276\037nD\277`\210\223N\3535\033\261\304f\331]\036\237\306o!\223\221\002\324\031\262\240R\177 ,\214\325\Q])\016\2067\277\t\354\010\000\360\215\2502\265\245\310\226\243c\302Ze\306\253#r\020\211\320iG\276\020E\317\035Sf\223F\254\033@\177e\277\016\010u\327\371&\262\312\317Q\2361t\377x\234\001v\003%\030\325_\225g\204\346a=\225\273\331\354\365*U\363\263N\367b\371\244\314-w\363\262\225Z\200\206\235\233\257?sE\2674\254\326mU\377?\177Ek\336\030!\316Aa\225\303\022\377{\210Y\226\271as\354L\035\004\341\361\035\301\024\220m#*\372\032\3178~\374\250\014*\323\342'z69\220\327\256\351G\367\317u\302\207\270b\315\333\333\334\310I\323&\014\352XZnW2.\335\347\202\021\247\362\212e\034\000\001\250\220\305;a\314\265R\310\017\317\331\235\360\262\240:\277\202\266\354\265X""\022\nh\252\352w\204\203\023]\001f\352\277\0031Q]\362\370R\350{\261\202\240\344\215\201\353\276\322p5p\350\354\017>\250r\241c\273\016\301\024\363\242\247\263\231\370\344\nBW\220K\316@3\243\200\036wk\253GSlU\010\360\231>\331\263H\214\324\030A\225\301o\346pkSF\004\241\213w9\223=\250\262*+\255\351r\265\244c\024\213\t\007`\223\325#\3477\210\345P\306\013\320\252[\0216+\227=`\371P\314\346 V7\271[~\n\237\274|\347\352@K\253~&\260\032\024\004B\200\255h\351\013\361\031:nG\211\005|\2003\266\274\251,W\006u\344\335d\003\306\212\313,\340\350bG\n\030Z\2732-\246\312\255\030\003\235207\005}D\260\0261ah\322M\304\216\273m0\271\234\237\007<w$\265C\245\232\033\023\313c\321B\032l\301h\005\320\252\301\361(\330[\343\357\343{\235\n\266g\272>\177\317\347\261qb&\270&\346ju\200\363N\320\307\004\034\001n\317\361\2653\254\2503\247\305\372\316W\022O\253x\250\025\373\247\354Tc\304\263\243^\352Gv\\264\261\r\035\226\306\2411\351\233\203\215\200$\231\300f\220\371c@\017\254\363\\371\340\340VaR\205~^\226\342t\360\022\204d\231\205)\272\364?\361!\334\331\315\254\230\rBG\314\023\246\244=\351\177\254\302b&\276+H;0\312\021&\275\036\237\350R\313\206R\331\304k\323u\263t\221\213yC\241\217A\242\027g\322\241'\212.E?B_\316\327\217J +\370\t^b\005\020\003\211\373\247|hC\271Nmk~J\270EU\274\036-\347\240\312FA\321\341bca\253\025\321\311\317\021\375\317\217\n\272\033o\353G>\275\361H\265\240\232um""\317\324`\214\221\314\000\211K\223+(""\200i \311\372g\254\343ZR0\224\275q\252\357\213\263\206N\357&Q\217\267\303\356I\236\357\264\311b\037\366\035\253\343\311\265\240\327q\206f\262ODi\215-\363>\034\236l\273\005G\316F\217}[\036\007\270:\260\335\271B\241N\345\330\204\327f\361\272Kb\0377p\334\264\237\177~\330]\252+:\317u\302h\n\351\n\364\231\277R\371\356\033y\265v\360Ny\246\332qY\262\231\251\n\305\334\202\305\362\n\367@k\231\016R:\327\242\366\242\253LZY\223$Gw^\203\302\311\316I7\371tTwp}\005|\372\214\251{R`\230V\244-\326I\351\255\325i\335\377\321\353\327\331\302\023\347y\016\263\271\317\306\017UV\314qu?\0064A\315{3D\010\016S\212\2353k0\361\214ID\303g\277\010Y_\001~\021\333\370\255\374\\331\306\255\336)\365Rth\024\t\300.M\315\321S\257\224\252\362\326P\316\303%nX\3742\333\036\004Y\264yG^\234\177\214\305q\237\274G\300a4\275\240s\215\222\210\016\020G\344=-:GK\312\035\271\201\350\376F\260G\347\000\235\365P6pmH\033\373\212c\377o\232\356\320D\002\277,]os{\354/?\312e\006wda\001\023\375\316\025\254\321\244\370+Y`\220\270\254\2601E[FI\310\235<qI \356\032v%\001\230\016\203\200\251UD\347\304\373\034\211\340@\342\033\263\365\356\341\357\350\324\035J\032\177\230\207\220\303+\207\352g\317N\027>\222M\271m\033\236\021:\272\233r\373\233hC}\256\020\210\010\233\335\025[ d(\343\263\327\177\030\246\254H\277\254E\231\006\033_lB\210\264\334Y\322\314\362\320L\000Q\240\317\3502\006,|\364\004\275\034\006\337\370""\330\364\202\314\315\311?\030\260\361u)\336\202\265Y\177X\227$\245tCB\345\314d\231A\300\204\371KJ\036\321\330\014]""EN\266$]\331\226c\351\312\376z\254\214\206B\274&M\032\376v\266\3104u)\r\312\021\273\030jJH\215G4\367fQ;\255\3404\372\225\341L\224\242\200VY\220\355\020\353I\n\363\266\036\311\003OR\250""\032\230\021]+$\302\005\224\270\033E\r\312\315}\200\2505\216\221\301\341\035[\247\325\236M^\360a\267\356\267\247]\357\236\n\207}P\2654\026`\256u\276\r&\026K\315a\3337\216.\240\362\263\327]\372\325\037\006\345\236\265\343\337g\271\317\315\374\3357gX\036\024'\357<$\322\323$\375\346&^\361\0009\022`\210$\005\261rTx\343\226\224vC\2607.\025\213@~\312\227\000 o\232\016\376|a3\352&\324\337\230\212\265o\2035\250\303\2760\241\364^\002Z\031Z!\300\002\364\004\232\355\234\202\021\371_~\346\024\242\247\366\231\036\370\365\313\014\307\362i\210e\030\317\336e\256\245\026R\036\304S\352]~a\353k\036W\036\333\243\313y\256\236\230\270\325\233\373\001c\343\030e+OD\224O\347\364mD\216\220lA\251D\0246\305z\207\225\254\360\010\233K$\222\242w\316\025\202/\356\266\371/\256\354\300\373\252\344\245^L==\235\021\032V\220\341+U\353\274\372=u\225\337\321k\342\217\031\035&\261k*\315\004\203\271\200\243u\010|\336\346\203L\367\300g\364H\302\267\0331\0265+\223\224\300\342tR\375j\262\235LC5\315,\2758.\025\251J\276\032\252\276\237\336w\275\306no\345t\317\355,\333\255\264\227\2326\315\307\363\323\325\303\032N\256*\307\327 \235\332\207u\210\271\257\306g\231i*\260\326k\001"";   nodeid: ""\260\000\000\000\000\000\000\000\000\000\000\000\000\000\000\000\000\000\000\000\000\000\000\000\000\000\000\000\000\000\000\000\001""; }; ","ledgerHash: ""\307\232\020\017\177\025}\320\272\301\007\233=\335""\t\250\332\334\355\260\204\022\250\326\010?\242\301d\215\027""; ledgerSeq: 58; type: liAS_NODE; nodes {;   nodedata: ""\021\000h""\000\000\000\000 \033\000\000\0009\002\023\307\177\330\356GuH\375\327!\255\371\r\231\262R\256J\034\222\241\355X\265E\241^W\225\304\014\361CX-}\351f\032\255\274\334m\326c\017\014ao[\342\230\003\245\245\3341Hm\326^\017jy\335\261\032Yt\320\244{g\0306\\302\303*\341\215\223\257\364\277o\375\000r\241SOq\221\253\262\005\017\375T\356\014\360o'\030\311-\267\031\257!\031T\006><\315XM\334\324\345\034\000\325\367\240\271\013\265\024\321\362\354\211\250.\234s\225amc\305\035\366\276\037nD\277`\210\223N\3535\033\261\304f\331]\036\237\306o!\223\221\002\324\031\262\240R\177 ,\214\325\Q])\016\2067\277\t\354\010\000\360\215\2502\265\245\310\226\243c\302Ze\306\253#r\020\211\320iG\276\020E\317\035Sf\223F\254\033@\177e\277\016\010u\327\371&\262\312\317Q\2361t\377x\234\001v\003%\030\325_\225g\204\346a=\225\273\331\354\365*U\363\263N\367b\371\244\314-w\363\262\225Z\200\206\235\233\257?sE\2674\254\326mU\377?\177Ek\336\030!\316Aa\225\303\022\377{\210Y\226\271as\354L\035\004\341\361\035\301\024\220m#*\372\032\3178~\374\250\014*\323\342'z69\220\327\256\351G\367\317u\302\207\270b\315\333\333\334\310I\323&\014\352XZnW2.\335\347\202\021\247\362\212e\034\000\001\250\220\305;a\314\265R\310\017\317\331\235\360\262\240:\277\202\266\354\265X""\022\nh\252\352w\204\203\023]\001f\352\277\0031Q]\362\370R\350{\261\202\240\344\215\201\353\276\322p5p\350\354\017>\250r\241c\273\016\301\024\363\242\247\263\231\370\344\nBW\220K\316@3\243\200\036wk\253GSlU\010\360\231>\331\263H\214\324\030A\225\301o\346pkSF\004\241\213w9\223=\250\262*+\255\351r\265\244c\024\213\t\007`\223\325#\3477\210\345P\306\013\320\252[\0216+\227=`\371P\314\346 V7\271[~\n\237\274|\347\352@K\253~&\260\032\024\004B\200\255h\351\013\361\031:nG\211\005|\2003\266\274\251,W\006u\344\335d\003\306\212\313,\340\350bG\n\030Z\2732-\246\312\255\030\003\235207\005}D\260\0261ah\322M\304\216\273m0\271\234\237\007<w$\265C\245\232\033\023\313c\321B\032l\301h\005\320\252\301\361(\330[\343\357\343{\235\n\266g\272>\177\317\347\261qb&\270&\346ju\200\363N\320\307\004\034\001n\317\361\2653\254\2503\247\305\372\316W\022O\253x\250\025\373\247\354Tc\304\263\243^\352Gv\\264\261\r\035\226\306\2411\351\233\203\215\200$\231\300f\220\371c@\017\254\363\\371\340\340VaR\205~^\226\342t\360\022\204d\231\205)\272\364?\361!\334\331\315\254\230\rBG\314\023\246\244=\351\177\254\302b&\276+H;0\312\021&\275\036\237\350R\313\206R\331\304k\323u\263t\221\213yC\241\217A\242\027g\322\241'\212.E?B_\316\327\217J +\370\t^b\005\020\003\211\373\247|hC\271Nmk~J\270EU\274\036-\347\240\312FA\321\341bca\253\025\321\311\317\021\375\317\217\n\272\033o\353G>\275\361H\265\240\232um""\317\324`\214\221\314\000\211K\223+(""\200i \311\372g\254\343ZR0\224\275q\252\357\213\263\206N\357&Q\217\267\303\356I\236\357\264\311b\037\366\035\253\343\311\265\240\327q\206f\262ODi\215-\363>\034\236l\273\005G\316F\217}[\036\007\270:\260\335\271B\241N\345\330\204\327f\361\272Kb\0377p\334\264\237\177~\330]\252+:\317u\302h\n\351\n\364\231\277R\371\356\033y\265v\360Ny\246\332qY\262\231\251\n\305\334\202\305\362\n\367@k\231\016R:\327\242\366\242\253LZY\223$Gw^\203\302\311\316I7\371tTwp}\005|\372\214\251{R`\230V\244-\326I\351\255\325i\335\377\321\353\327\331\302\023\347y\016\263\271\317\306\017UV\314qu?\0064A\315{3D\010\016S\212\2353k0\361\214ID\303g\277\010Y_\001~\021\333\370\255\374\\331\306\255\336)\365Rth\024\t\300.M\315\321S\257\224\252\362\326P\316\303%nX\3742\333\036\004Y\264yG^\234\177\214\305q\237\274G\300a4\275\240s\215\222\210\016\020G\344=-:GK\312\035\271\201\350\376F\260G\347\000\235\365P6pmH\033\373\212c\377o\232\356\320D\002\277,]os{\354/?\312e\006wda\001\023\375\316\025\254\321\244\370+Y`\220\270\254\2601E[FI\310\235<qI \356\032v%\001\230\016\203\200\251UD\347\304\373\034\211\340@\342\033\263\365\356\341\357\350\324\035J\032\177\230\207\220\303+\207\352g\317N\027>\222M\271m\033\236\021:\272\233r\373\233hC}\256\020\210\010\233\335\025[ d(\343\263\327\177\030\246\254H\277\254E\231\006\033_lB\210\264\334Y\322\314\362\320L\000Q\240\317\3502\006,|\364\004\275\034\006\337\370""\330\364\202\314\315\311?\030\260\361u)\336\202\265Y\177X\227$\245tCB\345\314d\231A\300\204\371KJ\036\321\330\014]""EN\266$]\331\226c\351\312\376z\254\214\206B\274&M\032\376v\266\3104u)\r\312\021\273\030jJH\215G4\367fQ;\255\3404\372\225\341L\224\242\200VY\220\355\020\353I\n\363\266\036\311\003OR\250""\032\230\021]+$\302\005\224\270\033E\r\312\315}\200\2505\216\221\301\341\035[\247\325\236M^\360a\267\356\267\247]\357\236\n\207}P\2654\026`\256u\276\r&\026K\315a\3337\216.\240\362\263\327]\372\325\037\006\345\236\265\343\337g\271\317\315\374\3357gX\036\024'\357<$\322\323$\375\346&^\361\0009\022`\210$\005\261rTx\343\226\224vC\2607.\025\213@~\312\227\000 o\232\016\376|a3\352&\324\337\230\212\265o\2035\250\303\2760\241\364^\002Z\031Z!\300\002\364\004\232\355\234\202\021\371_~\346\024\242\247\366\231\036\370\365\313\014\307\362i\210e\030\317\336e\256\245\026R\036\304S\352]~a\353k\036W\036\333\243\313y\256\236\230\270\325\233\373\001c\343\030e+OD\224O\347\364mD\216\220lA\251D\0246\305z\207\225\254\360\010\233K$\222\242w\316\025\202/\356\266\371/\256\354\300\373\252\344\245^L==\235\021\032V\220\341+U\353\274\372=u\225\337\321k\342\217\031\035&\261k*\315\004\203\271\200\243u\010|\336\346\203L\367\300g\364H\302\267\0331\0265+\223\224\300\342tR\375j\262\235LC5\315,\2758.\025\251J\276\032\252\276\237\336w\275\306no\345t\317\355,\333\255\264\227\2326\315\307\363\323\325\303\032N\256*\307\327 \235\332\207u\210\271\257\306g\231i*\260\326k\001"";   nodeid: ""\260\000\000\000\000\000\000\000\000\000\000\000\000\000\000\000\000\000\000\000\000\000\000\000\000\000\000\000\000\000\000\000\001""; }; "
1750527714525,1750527714525,0,1,4,1,TMLedgerData,"ledgerHash: ""\307\232\020\017\177\025}\320\272\301\007\233=\335""\t\250\332\334\355\260\204\022\250\326\010?\242\301d\215\027""; ledgerSeq: 58; type: liBASE; nodes {;   nodedata: ""\000\000\000:\001cEx]\211\377\330j\262\235LC5\315,\2758.\025\251J\276\032\252\276\237\336w\275\306no\345t\317\355,\333\255\000\000\000\000\000\000\000\000\000\000\000\000\000\000\000\000\000\000\000\000\000\000\000\000\000\000\000\000\000\000\000\000\310\r\347\027\240\3735\250RW\254=p\265#3G\234\332@\315\r\006\262\321\220.7\344'?\222/\351\253_/\351\253`\n\000""; }; nodes {;   nodedata: ""\323C\344\327\264{\312-\017:\006{\177\344N\002\326bO\260\220\006\033\362\345\005U\221DzJ0\001\301\025%1L\307\t\261\262z\374\222T\301\274V\236\223\262\270Ct\362\337b\356\024*\324\320\351\317\002k\336\234\027v\351\217\260\303\360\233ZPZWr\246$w\313\313\r\243r\232\2234\373\3539:N\004Q\245\272D\312D\300\300\t\323\0257\345e\271\na\215{\226\255x%T\257\037\333\004\344_/R\006E\344\037@\210\363\010\336T\226\247'\204_{\261\370""1\235\2445\343\033Y!\212\201\341\272\225'\007\001\330\n\317\202\376t\3031O\276<\374 Ta^U\t`&6u\337\251\276ri\315|\226e\013\003""; }; ","ledgerHash: ""\307\232\020\017\177\025}\320\272\301\007\233=\335""\t\250\332\334\355\260\204\022\250\326\010?\242\301d\215\027""; ledgerSeq: 58; type: liBASE; nodes {;   nodedata: ""\000\000\000:\001cEx]\211\377\330j\262\235LC5\315,\2758.\025\251J\276\032\252\276\237\336w\275\306no\345t\317\355,\333\255\000\000\000\000\000\000\000\000\000\000\000\000\000\000\000\000\000\000\000\000\000\000\000\000\000\000\000\000\000\000\000\000\310\r\347\027\240\3735\250RW\254=p\265#3G\234\332@\315\r\006\262\321\220.7\344'?\222/\351\253_/\351\253`\n\000""; }; nodes {;   nodedata: ""\323C\344\327\264{\312-\017:\006{\177\344N\002\326bO\260\220\006\033\362\345\005U\221DzJ0\001\301\025%1L\307\t\261\262z\374\222T\301\274V\236\223\262\270Ct\362\337b\356\024*\324\320\351\317\002k\336\234\027v\351\217\260\303\360\233ZPZWr\246$w\313\313\r\243r\232\2234\373\3539:N\004Q\245\272D\312D\300\300\t\323\0257\345e\271\na\215{\226\255x%T\257\037\333\004\344_/R\006E\344\037@\210\363\010\336T\226\247'\204_{\261\370""1\235\2445\343\033Y!\212\201\341\272\225'\007\001\330\n\317\202\376t\3031O\276<\374 Ta^U\t`&6u\337\251\276ri\315|\226e\013\003""; }; "
1750527714526,1750527714526,0,1,3,1,TMLedgerData,"ledgerHash: ""\307\232\020\017\177\025}\320\272\301\007\233=\335""\t\250\332\334\355\260\204\022\250\326\010?\242\301d\215\027""; ledgerSeq: 58; type: liBASE; nodes {;   nodedata: ""\000\000\000:\001cEx]\211\377\330j\262\235LC5\315,\2758.\025\251J\276\032\252\276\237\336w\275\306no\345t\317\355,\333\255\000\000\000\000\000\000\000\000\000\000\000\000\000\000\000\000\000\000\000\000\000\000\000\000\000\000\000\000\000\000\000\000\310\r\347\027\240\3735\250RW\254=p\265#3G\234\332@\315\r\006\262\321\220.7\344'?\222/\351\253_/\351\253`\n\000""; }; nodes {;   nodedata: ""\323C\344\327\264{\312-\017:\006{\177\344N\002\326bO\260\220\006\033\362\345\005U\221DzJ0\001\301\025%1L\307\t\261\262z\374\222T\301\274V\236\223\262\270Ct\362\337b\356\024*\324\320\351\317\002k\336\234\027v\351\217\260\303\360\233ZPZWr\246$w\313\313\r\243r\232\2234\373\3539:N\004Q\245\272D\312D\300\300\t\323\0257\345e\271\na\215{\226\255x%T\257\037\333\004\344_/R\006E\344\037@\210\363\010\336T\226\247'\204_{\261\370""1\235\2445\343\033Y!\212\201\341\272\225'\007\001\330\n\317\202\376t\3031O\276<\374 Ta^U\t`&6u\337\251\276ri\315|\226e\013\003""; }; requestCookie: 3; ","ledgerHash: ""\307\232\020\017\177\025}\320\272\301\007\233=\335""\t\250\332\334\355\260\204\022\250\326\010?\242\301d\215\027""; ledgerSeq: 58; type: liBASE; nodes {;   nodedata: ""\000\000\000:\001cEx]\211\377\330j\262\235LC5\315,\2758.\025\251J\276\032\252\276\237\336w\275\306no\345t\317\355,\333\255\000\000\000\000\000\000\000\000\000\000\000\000\000\000\000\000\000\000\000\000\000\000\000\000\000\000\000\000\000\000\000\000\310\r\347\027\240\3735\250RW\254=p\265#3G\234\332@\315\r\006\262\321\220.7\344'?\222/\351\253_/\351\253`\n\000""; }; nodes {;   nodedata: ""\323C\344\327\264{\312-\017:\006{\177\344N\002\326bO\260\220\006\033\362\345\005U\221DzJ0\001\301\025%1L\307\t\261\262z\374\222T\301\274V\236\223\262\270Ct\362\337b\356\024*\324\320\351\317\002k\336\234\027v\351\217\260\303\360\233ZPZWr\246$w\313\313\r\243r\232\2234\373\3539:N\004Q\245\272D\312D\300\300\t\323\0257\345e\271\na\215{\226\255x%T\257\037\333\004\344_/R\006E\344\037@\210\363\010\336T\226\247'\204_{\261\370""1\235\2445\343\033Y!\212\201\341\272\225'\007\001\330\n\317\202\376t\3031O\276<\374 Ta^U\t`&6u\337\251\276ri\315|\226e\013\003""; }; requestCookie: 3; "
1750527714526,1750527714526,0,1,3,1,TMLedgerData,"ledgerHash: ""\307\232\020\017\177\025}\320\272\301\007\233=\335""\t\250\332\334\355\260\204\022\250\326\010?\242\301d\215\027""; ledgerSeq: 58; type: liBASE; nodes {;   nodedata: ""\000\000\000:\001cEx]\211\377\330j\262\235LC5\315,\2758.\025\251J\276\032\252\276\237\336w\275\306no\345t\317\355,\333\255\000\000\000\000\000\000\000\000\000\000\000\000\000\000\000\000\000\000\000\000\000\000\000\000\000\000\000\000\000\000\000\000\310\r\347\027\240\3735\250RW\254=p\265#3G\234\332@\315\r\006\262\321\220.7\344'?\222/\351\253_/\351\253`\n\000""; }; nodes {;   nodedata: ""\323C\344\327\264{\312-\017:\006{\177\344N\002\326bO\260\220\006\033\362\345\005U\221DzJ0\001\301\025%1L\307\t\261\262z\374\222T\301\274V\236\223\262\270Ct\362\337b\356\024*\324\320\351\317\002k\336\234\027v\351\217\260\303\360\233ZPZWr\246$w\313\313\r\243r\232\2234\373\3539:N\004Q\245\272D\312D\300\300\t\323\0257\345e\271\na\215{\226\255x%T\257\037\333\004\344_/R\006E\344\037@\210\363\010\336T\226\247'\204_{\261\370""1\235\2445\343\033Y!\212\201\341\272\225'\007\001\330\n\317\202\376t\3031O\276<\374 Ta^U\t`&6u\337\251\276ri\315|\226e\013\003""; }; requestCookie: 2; ","ledgerHash: ""\307\232\020\017\177\025}\320\272\301\007\233=\335""\t\250\332\334\355\260\204\022\250\326\010?\242\301d\215\027""; ledgerSeq: 58; type: liBASE; nodes {;   nodedata: ""\000\000\000:\001cEx]\211\377\330j\262\235LC5\315,\2758.\025\251J\276\032\252\276\237\336w\275\306no\345t\317\355,\333\255\000\000\000\000\000\000\000\000\000\000\000\000\000\000\000\000\000\000\000\000\000\000\000\000\000\000\000\000\000\000\000\000\310\r\347\027\240\3735\250RW\254=p\265#3G\234\332@\315\r\006\262\321\220.7\344'?\222/\351\253_/\351\253`\n\000""; }; nodes {;   nodedata: ""\323C\344\327\264{\312-\017:\006{\177\344N\002\326bO\260\220\006\033\362\345\005U\221DzJ0\001\301\025%1L\307\t\261\262z\374\222T\301\274V\236\223\262\270Ct\362\337b\356\024*\324\320\351\317\002k\336\234\027v\351\217\260\303\360\233ZPZWr\246$w\313\313\r\243r\232\2234\373\3539:N\004Q\245\272D\312D\300\300\t\323\0257\345e\271\na\215{\226\255x%T\257\037\333\004\344_/R\006E\344\037@\210\363\010\336T\226\247'\204_{\261\370""1\235\2445\343\033Y!\212\201\341\272\225'\007\001\330\n\317\202\376t\3031O\276<\374 Ta^U\t`&6u\337\251\276ri\315|\226e\013\003""; }; requestCookie: 2; "
1750527714527,1750527714527,0,1,4,2,TMLedgerData,"ledgerHash: ""\307\232\020\017\177\025}\320\272\301\007\233=\335""\t\250\332\334\355\260\204\022\250\326\010?\242\301d\215\027""; ledgerSeq: 58; type: liBASE; nodes {;   nodedata: ""\000\000\000:\001cEx]\211\377\330j\262\235LC5\315,\2758.\025\251J\276\032\252\276\237\336w\275\306no\345t\317\355,\333\255\000\000\000\000\000\000\000\000\000\000\000\000\000\000\000\000\000\000\000\000\000\000\000\000\000\000\000\000\000\000\000\000\310\r\347\027\240\3735\250RW\254=p\265#3G\234\332@\315\r\006\262\321\220.7\344'?\222/\351\253_/\351\253`\n\000""; }; nodes {;   nodedata: ""\323C\344\327\264{\312-\017:\006{\177\344N\002\326bO\260\220\006\033\362\345\005U\221DzJ0\001\301\025%1L\307\t\261\262z\374\222T\301\274V\236\223\262\270Ct\362\337b\356\024*\324\320\351\317\002k\336\234\027v\351\217\260\303\360\233ZPZWr\246$w\313\313\r\243r\232\2234\373\3539:N\004Q\245\272D\312D\300\300\t\323\0257\345e\271\na\215{\226\255x%T\257\037\333\004\344_/R\006E\344\037@\210\363\010\336T\226\247'\204_{\261\370""1\235\2445\343\033Y!\212\201\341\272\225'\007\001\330\n\317\202\376t\3031O\276<\374 Ta^U\t`&6u\337\251\276ri\315|\226e\013\003""; }; ","ledgerHash: ""\307\232\020\017\177\025}\320\272\301\007\233=\335""\t\250\332\334\355\260\204\022\250\326\010?\242\301d\215\027""; ledgerSeq: 58; type: liBASE; nodes {;   nodedata: ""\000\000\000:\001cEx]\211\377\330j\262\235LC5\315,\2758.\025\251J\276\032\252\276\237\336w\275\306no\345t\317\355,\333\255\000\000\000\000\000\000\000\000\000\000\000\000\000\000\000\000\000\000\000\000\000\000\000\000\000\000\000\000\000\000\000\000\310\r\347\027\240\3735\250RW\254=p\265#3G\234\332@\315\r\006\262\321\220.7\344'?\222/\351\253_/\351\253`\n\000""; }; nodes {;   nodedata: ""\323C\344\327\264{\312-\017:\006{\177\344N\002\326bO\260\220\006\033\362\345\005U\221DzJ0\001\301\025%1L\307\t\261\262z\374\222T\301\274V\236\223\262\270Ct\362\337b\356\024*\324\320\351\317\002k\336\234\027v\351\217\260\303\360\233ZPZWr\246$w\313\313\r\243r\232\2234\373\3539:N\004Q\245\272D\312D\300\300\t\323\0257\345e\271\na\215{\226\255x%T\257\037\333\004\344_/R\006E\344\037@\210\363\010\336T\226\247'\204_{\261\370""1\235\2445\343\033Y!\212\201\341\272\225'\007\001\330\n\317\202\376t\3031O\276<\374 Ta^U\t`&6u\337\251\276ri\315|\226e\013\003""; }; "
1750527714528,1750527714528,0,1,4,0,TMLedgerData,"ledgerHash: ""\307\232\020\017\177\025}\320\272\301\007\233=\335""\t\250\332\334\355\260\204\022\250\326\010?\242\301d\215\027""; ledgerSeq: 58; type: liBASE; nodes {;   nodedata: ""\000\000\000:\001cEx]\211\377\330j\262\235LC5\315,\2758.\025\251J\276\032\252\276\237\336w\275\306no\345t\317\355,\333\255\000\000\000\000\000\000\000\000\000\000\000\000\000\000\000\000\000\000\000\000\000\000\000\000\000\000\000\000\000\000\000\000\310\r\347\027\240\3735\250RW\254=p\265#3G\234\332@\315\r\006\262\321\220.7\344'?\222/\351\253_/\351\253`\n\000""; }; nodes {;   nodedata: ""\323C\344\327\264{\312-\017:\006{\177\344N\002\326bO\260\220\006\033\362\345\005U\221DzJ0\001\301\025%1L\307\t\261\262z\374\222T\301\274V\236\223\262\270Ct\362\337b\356\024*\324\320\351\317\002k\336\234\027v\351\217\260\303\360\233ZPZWr\246$w\313\313\r\243r\232\2234\373\3539:N\004Q\245\272D\312D\300\300\t\323\0257\345e\271\na\215{\226\255x%T\257\037\333\004\344_/R\006E\344\037@\210\363\010\336T\226\247'\204_{\261\370""1\235\2445\343\033Y!\212\201\341\272\225'\007\001\330\n\317\202\376t\3031O\276<\374 Ta^U\t`&6u\337\251\276ri\315|\226e\013\003""; }; ","ledgerHash: ""\307\232\020\017\177\025}\320\272\301\007\233=\335""\t\250\332\334\355\260\204\022\250\326\010?\242\301d\215\027""; ledgerSeq: 58; type: liBASE; nodes {;   nodedata: ""\000\000\000:\001cEx]\211\377\330j\262\235LC5\315,\2758.\025\251J\276\032\252\276\237\336w\275\306no\345t\317\355,\333\255\000\000\000\000\000\000\000\000\000\000\000\000\000\000\000\000\000\000\000\000\000\000\000\000\000\000\000\000\000\000\000\000\310\r\347\027\240\3735\250RW\254=p\265#3G\234\332@\315\r\006\262\321\220.7\344'?\222/\351\253_/\351\253`\n\000""; }; nodes {;   nodedata: ""\323C\344\327\264{\312-\017:\006{\177\344N\002\326bO\260\220\006\033\362\345\005U\221DzJ0\001\301\025%1L\307\t\261\262z\374\222T\301\274V\236\223\262\270Ct\362\337b\356\024*\324\320\351\317\002k\336\234\027v\351\217\260\303\360\233ZPZWr\246$w\313\313\r\243r\232\2234\373\3539:N\004Q\245\272D\312D\300\300\t\323\0257\345e\271\na\215{\226\255x%T\257\037\333\004\344_/R\006E\344\037@\210\363\010\336T\226\247'\204_{\261\370""1\235\2445\343\033Y!\212\201\341\272\225'\007\001\330\n\317\202\376t\3031O\276<\374 Ta^U\t`&6u\337\251\276ri\315|\226e\013\003""; }; "
1750527714528,1750527714528,0,1,0,4,TMLedgerData,"ledgerHash: ""\307\232\020\017\177\025}\320\272\301\007\233=\335""\t\250\332\334\355\260\204\022\250\326\010?\242\301d\215\027""; ledgerSeq: 58; type: liBASE; nodes {;   nodedata: ""\000\000\000:\001cEx]\211\377\330j\262\235LC5\315,\2758.\025\251J\276\032\252\276\237\336w\275\306no\345t\317\355,\333\255\000\000\000\000\000\000\000\000\000\000\000\000\000\000\000\000\000\000\000\000\000\000\000\000\000\000\000\000\000\000\000\000\310\r\347\027\240\3735\250RW\254=p\265#3G\234\332@\315\r\006\262\321\220.7\344'?\222/\351\253_/\351\253`\n\000""; }; nodes {;   nodedata: ""\323C\344\327\264{\312-\017:\006{\177\344N\002\326bO\260\220\006\033\362\345\005U\221DzJ0\001\301\025%1L\307\t\261\262z\374\222T\301\274V\236\223\262\270Ct\362\337b\356\024*\324\320\351\317\002k\336\234\027v\351\217\260\303\360\233ZPZWr\246$w\313\313\r\243r\232\2234\373\3539:N\004Q\245\272D\312D\300\300\t\323\0257\345e\271\na\215{\226\255x%T\257\037\333\004\344_/R\006E\344\037@\210\363\010\336T\226\247'\204_{\261\370""1\235\2445\343\033Y!\212\201\341\272\225'\007\001\330\n\317\202\376t\3031O\276<\374 Ta^U\t`&6u\337\251\276ri\315|\226e\013\003""; }; ","ledgerHash: ""\307\232\020\017\177\025}\320\272\301\007\233=\335""\t\250\332\334\355\260\204\022\250\326\010?\242\301d\215\027""; ledgerSeq: 58; type: liBASE; nodes {;   nodedata: ""\000\000\000:\001cEx]\211\377\330j\262\235LC5\315,\2758.\025\251J\276\032\252\276\237\336w\275\306no\345t\317\355,\333\255\000\000\000\000\000\000\000\000\000\000\000\000\000\000\000\000\000\000\000\000\000\000\000\000\000\000\000\000\000\000\000\000\310\r\347\027\240\3735\250RW\254=p\265#3G\234\332@\315\r\006\262\321\220.7\344'?\222/\351\253_/\351\253`\n\000""; }; nodes {;   nodedata: ""\323C\344\327\264{\312-\017:\006{\177\344N\002\326bO\260\220\006\033\362\345\005U\221DzJ0\001\301\025%1L\307\t\261\262z\374\222T\301\274V\236\223\262\270Ct\362\337b\356\024*\324\320\351\317\002k\336\234\027v\351\217\260\303\360\233ZPZWr\246$w\313\313\r\243r\232\2234\373\3539:N\004Q\245\272D\312D\300\300\t\323\0257\345e\271\na\215{\226\255x%T\257\037\333\004\344_/R\006E\344\037@\210\363\010\336T\226\247'\204_{\261\370""1\235\2445\343\033Y!\212\201\341\272\225'\007\001\330\n\317\202\376t\3031O\276<\374 Ta^U\t`&6u\337\251\276ri\315|\226e\013\003""; }; "
1750527714528,1750527714528,0,1,0,2,TMLedgerData,"ledgerHash: ""\307\232\020\017\177\025}\320\272\301\007\233=\335""\t\250\332\334\355\260\204\022\250\326\010?\242\301d\215\027""; ledgerSeq: 58; type: liBASE; nodes {;   nodedata: ""\000\000\000:\001cEx]\211\377\330j\262\235LC5\315,\2758.\025\251J\276\032\252\276\237\336w\275\306no\345t\317\355,\333\255\000\000\000\000\000\000\000\000\000\000\000\000\000\000\000\000\000\000\000\000\000\000\000\000\000\000\000\000\000\000\000\000\310\r\347\027\240\3735\250RW\254=p\265#3G\234\332@\315\r\006\262\321\220.7\344'?\222/\351\253_/\351\253`\n\000""; }; nodes {;   nodedata: ""\323C\344\327\264{\312-\017:\006{\177\344N\002\326bO\260\220\006\033\362\345\005U\221DzJ0\001\301\025%1L\307\t\261\262z\374\222T\301\274V\236\223\262\270Ct\362\337b\356\024*\324\320\351\317\002k\336\234\027v\351\217\260\303\360\233ZPZWr\246$w\313\313\r\243r\232\2234\373\3539:N\004Q\245\272D\312D\300\300\t\323\0257\345e\271\na\215{\226\255x%T\257\037\333\004\344_/R\006E\344\037@\210\363\010\336T\226\247'\204_{\261\370""1\235\2445\343\033Y!\212\201\341\272\225'\007\001\330\n\317\202\376t\3031O\276<\374 Ta^U\t`&6u\337\251\276ri\315|\226e\013\003""; }; ","ledgerHash: ""\307\232\020\017\177\025}\320\272\301\007\233=\335""\t\250\332\334\355\260\204\022\250\326\010?\242\301d\215\027""; ledgerSeq: 58; type: liBASE; nodes {;   nodedata: ""\000\000\000:\001cEx]\211\377\330j\262\235LC5\315,\2758.\025\251J\276\032\252\276\237\336w\275\306no\345t\317\355,\333\255\000\000\000\000\000\000\000\000\000\000\000\000\000\000\000\000\000\000\000\000\000\000\000\000\000\000\000\000\000\000\000\000\310\r\347\027\240\3735\250RW\254=p\265#3G\234\332@\315\r\006\262\321\220.7\344'?\222/\351\253_/\351\253`\n\000""; }; nodes {;   nodedata: ""\323C\344\327\264{\312-\017:\006{\177\344N\002\326bO\260\220\006\033\362\345\005U\221DzJ0\001\301\025%1L\307\t\261\262z\374\222T\301\274V\236\223\262\270Ct\362\337b\356\024*\324\320\351\317\002k\336\234\027v\351\217\260\303\360\233ZPZWr\246$w\313\313\r\243r\232\2234\373\3539:N\004Q\245\272D\312D\300\300\t\323\0257\345e\271\na\215{\226\255x%T\257\037\333\004\344_/R\006E\344\037@\210\363\010\336T\226\247'\204_{\261\370""1\235\2445\343\033Y!\212\201\341\272\225'\007\001\330\n\317\202\376t\3031O\276<\374 Ta^U\t`&6u\337\251\276ri\315|\226e\013\003""; }; "
1750527714529,1750527714530,0,1,0,1,TMLedgerData,"ledgerHash: ""\307\232\020\017\177\025}\320\272\301\007\233=\335""\t\250\332\334\355\260\204\022\250\326\010?\242\301d\215\027""; ledgerSeq: 58; type: liBASE; nodes {;   nodedata: ""\000\000\000:\001cEx]\211\377\330j\262\235LC5\315,\2758.\025\251J\276\032\252\276\237\336w\275\306no\345t\317\355,\333\255\000\000\000\000\000\000\000\000\000\000\000\000\000\000\000\000\000\000\000\000\000\000\000\000\000\000\000\000\000\000\000\000\310\r\347\027\240\3735\250RW\254=p\265#3G\234\332@\315\r\006\262\321\220.7\344'?\222/\351\253_/\351\253`\n\000""; }; nodes {;   nodedata: ""\323C\344\327\264{\312-\017:\006{\177\344N\002\326bO\260\220\006\033\362\345\005U\221DzJ0\001\301\025%1L\307\t\261\262z\374\222T\301\274V\236\223\262\270Ct\362\337b\356\024*\324\320\351\317\002k\336\234\027v\351\217\260\303\360\233ZPZWr\246$w\313\313\r\243r\232\2234\373\3539:N\004Q\245\272D\312D\300\300\t\323\0257\345e\271\na\215{\226\255x%T\257\037\333\004\344_/R\006E\344\037@\210\363\010\336T\226\247'\204_{\261\370""1\235\2445\343\033Y!\212\201\341\272\225'\007\001\330\n\317\202\376t\3031O\276<\374 Ta^U\t`&6u\337\251\276ri\315|\226e\013\003""; }; ","ledgerHash: ""\307\232\020\017\177\025}\320\272\301\007\233=\335""\t\250\332\334\355\260\204\022\250\326\010?\242\301d\215\027""; ledgerSeq: 58; type: liBASE; nodes {;   nodedata: ""\000\000\000:\001cEx]\211\377\330j\262\235LC5\315,\2758.\025\251J\276\032\252\276\237\336w\275\306no\345t\317\355,\333\255\000\000\000\000\000\000\000\000\000\000\000\000\000\000\000\000\000\000\000\000\000\000\000\000\000\000\000\000\000\000\000\000\310\r\347\027\240\3735\250RW\254=p\265#3G\234\332@\315\r\006\262\321\220.7\344'?\222/\351\253_/\351\253`\n\000""; }; nodes {;   nodedata: ""\323C\344\327\264{\312-\017:\006{\177\344N\002\326bO\260\220\006\033\362\345\005U\221DzJ0\001\301\025%1L\307\t\261\262z\374\222T\301\274V\236\223\262\270Ct\362\337b\356\024*\324\320\351\317\002k\336\234\027v\351\217\260\303\360\233ZPZWr\246$w\313\313\r\243r\232\2234\373\3539:N\004Q\245\272D\312D\300\300\t\323\0257\345e\271\na\215{\226\255x%T\257\037\333\004\344_/R\006E\344\037@\210\363\010\336T\226\247'\204_{\261\370""1\235\2445\343\033Y!\212\201\341\272\225'\007\001\330\n\317\202\376t\3031O\276<\374 Ta^U\t`&6u\337\251\276ri\315|\226e\013\003""; }; "
1750527714530,1750527714530,0,1,2,3,TMGetLedger,"itype: liAS_NODE; ledgerHash: ""\307\232\020\017\177\025}\320\272\301\007\233=\335""\t\250\332\334\355\260\204\022\250\326\010?\242\301d\215\027""; ledgerSeq: 58; nodeIDs: ""\260\000\000\000\000\000\000\000\000\000\000\000\000\000\000\000\000\000\000\000\000\000\000\000\000\000\000\000\000\000\000\000\001""; queryType: qtINDIRECT; queryDepth: 1; ","itype: liAS_NODE; ledgerHash: ""\307\232\020\017\177\025}\320\272\301\007\233=\335""\t\250\332\334\355\260\204\022\250\326\010?\242\301d\215\027""; ledgerSeq: 58; nodeIDs: ""\260\000\000\000\000\000\000\000\000\000\000\000\000\000\000\000\000\000\000\000\000\000\000\000\000\000\000\000\000\000\000\000\001""; queryType: qtINDIRECT; queryDepth: 1; "
1750527714530,1750527714530,0,1,2,4,TMLedgerData,"ledgerHash: ""\307\232\020\017\177\025}\320\272\301\007\233=\335""\t\250\332\334\355\260\204\022\250\326\010?\242\301d\215\027""; ledgerSeq: 58; type: liBASE; nodes {;   nodedata: ""\000\000\000:\001cEx]\211\377\330j\262\235LC5\315,\2758.\025\251J\276\032\252\276\237\336w\275\306no\345t\317\355,\333\255\000\000\000\000\000\000\000\000\000\000\000\000\000\000\000\000\000\000\000\000\000\000\000\000\000\000\000\000\000\000\000\000\310\r\347\027\240\3735\250RW\254=p\265#3G\234\332@\315\r\006\262\321\220.7\344'?\222/\351\253_/\351\253`\n\000""; }; nodes {;   nodedata: ""\323C\344\327\264{\312-\017:\006{\177\344N\002\326bO\260\220\006\033\362\345\005U\221DzJ0\001\301\025%1L\307\t\261\262z\374\222T\301\274V\236\223\262\270Ct\362\337b\356\024*\324\320\351\317\002k\336\234\027v\351\217\260\303\360\233ZPZWr\246$w\313\313\r\243r\232\2234\373\3539:N\004Q\245\272D\312D\300\300\t\323\0257\345e\271\na\215{\226\255x%T\257\037\333\004\344_/R\006E\344\037@\210\363\010\336T\226\247'\204_{\261\370""1\235\2445\343\033Y!\212\201\341\272\225'\007\001\330\n\317\202\376t\3031O\276<\374 Ta^U\t`&6u\337\251\276ri\315|\226e\013\003""; }; ","ledgerHash: ""\307\232\020\017\177\025}\320\272\301\007\233=\335""\t\250\332\334\355\260\204\022\250\326\010?\242\301d\215\027""; ledgerSeq: 58; type: liBASE; nodes {;   nodedata: ""\000\000\000:\001cEx]\211\377\330j\262\235LC5\315,\2758.\025\251J\276\032\252\276\237\336w\275\306no\345t\317\355,\333\255\000\000\000\000\000\000\000\000\000\000\000\000\000\000\000\000\000\000\000\000\000\000\000\000\000\000\000\000\000\000\000\000\310\r\347\027\240\3735\250RW\254=p\265#3G\234\332@\315\r\006\262\321\220.7\344'?\222/\351\253_/\351\253`\n\000""; }; nodes {;   nodedata: ""\323C\344\327\264{\312-\017:\006{\177\344N\002\326bO\260\220\006\033\362\345\005U\221DzJ0\001\301\025%1L\307\t\261\262z\374\222T\301\274V\236\223\262\270Ct\362\337b\356\024*\324\320\351\317\002k\336\234\027v\351\217\260\303\360\233ZPZWr\246$w\313\313\r\243r\232\2234\373\3539:N\004Q\245\272D\312D\300\300\t\323\0257\345e\271\na\215{\226\255x%T\257\037\333\004\344_/R\006E\344\037@\210\363\010\336T\226\247'\204_{\261\370""1\235\2445\343\033Y!\212\201\341\272\225'\007\001\330\n\317\202\376t\3031O\276<\374 Ta^U\t`&6u\337\251\276ri\315|\226e\013\003""; }; "
1750527714531,1750527714531,0,1,2,1,TMLedgerData,"ledgerHash: ""\307\232\020\017\177\025}\320\272\301\007\233=\335""\t\250\332\334\355\260\204\022\250\326\010?\242\301d\215\027""; ledgerSeq: 58; type: liBASE; nodes {;   nodedata: ""\000\000\000:\001cEx]\211\377\330j\262\235LC5\315,\2758.\025\251J\276\032\252\276\237\336w\275\306no\345t\317\355,\333\255\000\000\000\000\000\000\000\000\000\000\000\000\000\000\000\000\000\000\000\000\000\000\000\000\000\000\000\000\000\000\000\000\310\r\347\027\240\3735\250RW\254=p\265#3G\234\332@\315\r\006\262\321\220.7\344'?\222/\351\253_/\351\253`\n\000""; }; nodes {;   nodedata: ""\323C\344\327\264{\312-\017:\006{\177\344N\002\326bO\260\220\006\033\362\345\005U\221DzJ0\001\301\025%1L\307\t\261\262z\374\222T\301\274V\236\223\262\270Ct\362\337b\356\024*\324\320\351\317\002k\336\234\027v\351\217\260\303\360\233ZPZWr\246$w\313\313\r\243r\232\2234\373\3539:N\004Q\245\272D\312D\300\300\t\323\0257\345e\271\na\215{\226\255x%T\257\037\333\004\344_/R\006E\344\037@\210\363\010\336T\226\247'\204_{\261\370""1\235\2445\343\033Y!\212\201\341\272\225'\007\001\330\n\317\202\376t\3031O\276<\374 Ta^U\t`&6u\337\251\276ri\315|\226e\013\003""; }; ","ledgerHash: ""\307\232\020\017\177\025}\320\272\301\007\233=\335""\t\250\332\334\355\260\204\022\250\326\010?\242\301d\215\027""; ledgerSeq: 58; type: liBASE; nodes {;   nodedata: ""\000\000\000:\001cEx]\211\377\330j\262\235LC5\315,\2758.\025\251J\276\032\252\276\237\336w\275\306no\345t\317\355,\333\255\000\000\000\000\000\000\000\000\000\000\000\000\000\000\000\000\000\000\000\000\000\000\000\000\000\000\000\000\000\000\000\000\310\r\347\027\240\3735\250RW\254=p\265#3G\234\332@\315\r\006\262\321\220.7\344'?\222/\351\253_/\351\253`\n\000""; }; nodes {;   nodedata: ""\323C\344\327\264{\312-\017:\006{\177\344N\002\326bO\260\220\006\033\362\345\005U\221DzJ0\001\301\025%1L\307\t\261\262z\374\222T\301\274V\236\223\262\270Ct\362\337b\356\024*\324\320\351\317\002k\336\234\027v\351\217\260\303\360\233ZPZWr\246$w\313\313\r\243r\232\2234\373\3539:N\004Q\245\272D\312D\300\300\t\323\0257\345e\271\na\215{\226\255x%T\257\037\333\004\344_/R\006E\344\037@\210\363\010\336T\226\247'\204_{\261\370""1\235\2445\343\033Y!\212\201\341\272\225'\007\001\330\n\317\202\376t\3031O\276<\374 Ta^U\t`&6u\337\251\276ri\315|\226e\013\003""; }; "
1750527714531,1750527714531,0,1,2,0,TMLedgerData,"ledgerHash: ""\307\232\020\017\177\025}\320\272\301\007\233=\335""\t\250\332\334\355\260\204\022\250\326\010?\242\301d\215\027""; ledgerSeq: 58; type: liBASE; nodes {;   nodedata: ""\000\000\000:\001cEx]\211\377\330j\262\235LC5\315,\2758.\025\251J\276\032\252\276\237\336w\275\306no\345t\317\355,\333\255\000\000\000\000\000\000\000\000\000\000\000\000\000\000\000\000\000\000\000\000\000\000\000\000\000\000\000\000\000\000\000\000\310\r\347\027\240\3735\250RW\254=p\265#3G\234\332@\315\r\006\262\321\220.7\344'?\222/\351\253_/\351\253`\n\000""; }; nodes {;   nodedata: ""\323C\344\327\264{\312-\017:\006{\177\344N\002\326bO\260\220\006\033\362\345\005U\221DzJ0\001\301\025%1L\307\t\261\262z\374\222T\301\274V\236\223\262\270Ct\362\337b\356\024*\324\320\351\317\002k\336\234\027v\351\217\260\303\360\233ZPZWr\246$w\313\313\r\243r\232\2234\373\3539:N\004Q\245\272D\312D\300\300\t\323\0257\345e\271\na\215{\226\255x%T\257\037\333\004\344_/R\006E\344\037@\210\363\010\336T\226\247'\204_{\261\370""1\235\2445\343\033Y!\212\201\341\272\225'\007\001\330\n\317\202\376t\3031O\276<\374 Ta^U\t`&6u\337\251\276ri\315|\226e\013\003""; }; ","ledgerHash: ""\307\232\020\017\177\025}\320\272\301\007\233=\335""\t\250\332\334\355\260\204\022\250\326\010?\242\301d\215\027""; ledgerSeq: 58; type: liBASE; nodes {;   nodedata: ""\000\000\000:\001cEx]\211\377\330j\262\235LC5\315,\2758.\025\251J\276\032\252\276\237\336w\275\306no\345t\317\355,\333\255\000\000\000\000\000\000\000\000\000\000\000\000\000\000\000\000\000\000\000\000\000\000\000\000\000\000\000\000\000\000\000\000\310\r\347\027\240\3735\250RW\254=p\265#3G\234\332@\315\r\006\262\321\220.7\344'?\222/\351\253_/\351\253`\n\000""; }; nodes {;   nodedata: ""\323C\344\327\264{\312-\017:\006{\177\344N\002\326bO\260\220\006\033\362\345\005U\221DzJ0\001\301\025%1L\307\t\261\262z\374\222T\301\274V\236\223\262\270Ct\362\337b\356\024*\324\320\351\317\002k\336\234\027v\351\217\260\303\360\233ZPZWr\246$w\313\313\r\243r\232\2234\373\3539:N\004Q\245\272D\312D\300\300\t\323\0257\345e\271\na\215{\226\255x%T\257\037\333\004\344_/R\006E\344\037@\210\363\010\336T\226\247'\204_{\261\370""1\235\2445\343\033Y!\212\201\341\272\225'\007\001\330\n\317\202\376t\3031O\276<\374 Ta^U\t`&6u\337\251\276ri\315|\226e\013\003""; }; "
1750527714532,1750527714532,0,1,1,2,TMLedgerData,"ledgerHash: ""\307\232\020\017\177\025}\320\272\301\007\233=\335""\t\250\332\334\355\260\204\022\250\326\010?\242\301d\215\027""; ledgerSeq: 58; type: liBASE; nodes {;   nodedata: ""\000\000\000:\001cEx]\211\377\330j\262\235LC5\315,\2758.\025\251J\276\032\252\276\237\336w\275\306no\345t\317\355,\333\255\000\000\000\000\000\000\000\000\000\000\000\000\000\000\000\000\000\000\000\000\000\000\000\000\000\000\000\000\000\000\000\000\310\r\347\027\240\3735\250RW\254=p\265#3G\234\332@\315\r\006\262\321\220.7\344'?\222/\351\253_/\351\253`\n\000""; }; nodes {;   nodedata: ""\323C\344\327\264{\312-\017:\006{\177\344N\002\326bO\260\220\006\033\362\345\005U\221DzJ0\001\301\025%1L\307\t\261\262z\374\222T\301\274V\236\223\262\270Ct\362\337b\356\024*\324\320\351\317\002k\336\234\027v\351\217\260\303\360\233ZPZWr\246$w\313\313\r\243r\232\2234\373\3539:N\004Q\245\272D\312D\300\300\t\323\0257\345e\271\na\215{\226\255x%T\257\037\333\004\344_/R\006E\344\037@\210\363\010\336T\226\247'\204_{\261\370""1\235\2445\343\033Y!\212\201\341\272\225'\007\001\330\n\317\202\376t\3031O\276<\374 Ta^U\t`&6u\337\251\276ri\315|\226e\013\003""; }; ","ledgerHash: ""\307\232\020\017\177\025}\320\272\301\007\233=\335""\t\250\332\334\355\260\204\022\250\326\010?\242\301d\215\027""; ledgerSeq: 58; type: liBASE; nodes {;   nodedata: ""\000\000\000:\001cEx]\211\377\330j\262\235LC5\315,\2758.\025\251J\276\032\252\276\237\336w\275\306no\345t\317\355,\333\255\000\000\000\000\000\000\000\000\000\000\000\000\000\000\000\000\000\000\000\000\000\000\000\000\000\000\000\000\000\000\000\000\310\r\347\027\240\3735\250RW\254=p\265#3G\234\332@\315\r\006\262\321\220.7\344'?\222/\351\253_/\351\253`\n\000""; }; nodes {;   nodedata: ""\323C\344\327\264{\312-\017:\006{\177\344N\002\326bO\260\220\006\033\362\345\005U\221DzJ0\001\301\025%1L\307\t\261\262z\374\222T\301\274V\236\223\262\270Ct\362\337b\356\024*\324\320\351\317\002k\336\234\027v\351\217\260\303\360\233ZPZWr\246$w\313\313\r\243r\232\2234\373\3539:N\004Q\245\272D\312D\300\300\t\323\0257\345e\271\na\215{\226\255x%T\257\037\333\004\344_/R\006E\344\037@\210\363\010\336T\226\247'\204_{\261\370""1\235\2445\343\033Y!\212\201\341\272\225'\007\001\330\n\317\202\376t\3031O\276<\374 Ta^U\t`&6u\337\251\276ri\315|\226e\013\003""; }; "
1750527714532,1750527714532,0,1,1,0,TMLedgerData,"ledgerHash: ""\307\232\020\017\177\025}\320\272\301\007\233=\335""\t\250\332\334\355\260\204\022\250\326\010?\242\301d\215\027""; ledgerSeq: 58; type: liBASE; nodes {;   nodedata: ""\000\000\000:\001cEx]\211\377\330j\262\235LC5\315,\2758.\025\251J\276\032\252\276\237\336w\275\306no\345t\317\355,\333\255\000\000\000\000\000\000\000\000\000\000\000\000\000\000\000\000\000\000\000\000\000\000\000\000\000\000\000\000\000\000\000\000\310\r\347\027\240\3735\250RW\254=p\265#3G\234\332@\315\r\006\262\321\220.7\344'?\222/\351\253_/\351\253`\n\000""; }; nodes {;   nodedata: ""\323C\344\327\264{\312-\017:\006{\177\344N\002\326bO\260\220\006\033\362\345\005U\221DzJ0\001\301\025%1L\307\t\261\262z\374\222T\301\274V\236\223\262\270Ct\362\337b\356\024*\324\320\351\317\002k\336\234\027v\351\217\260\303\360\233ZPZWr\246$w\313\313\r\243r\232\2234\373\3539:N\004Q\245\272D\312D\300\300\t\323\0257\345e\271\na\215{\226\255x%T\257\037\333\004\344_/R\006E\344\037@\210\363\010\336T\226\247'\204_{\261\370""1\235\2445\343\033Y!\212\201\341\272\225'\007\001\330\n\317\202\376t\3031O\276<\374 Ta^U\t`&6u\337\251\276ri\315|\226e\013\003""; }; ","ledgerHash: ""\307\232\020\017\177\025}\320\272\301\007\233=\335""\t\250\332\334\355\260\204\022\250\326\010?\242\301d\215\027""; ledgerSeq: 58; type: liBASE; nodes {;   nodedata: ""\000\000\000:\001cEx]\211\377\330j\262\235LC5\315,\2758.\025\251J\276\032\252\276\237\336w\275\306no\345t\317\355,\333\255\000\000\000\000\000\000\000\000\000\000\000\000\000\000\000\000\000\000\000\000\000\000\000\000\000\000\000\000\000\000\000\000\310\r\347\027\240\3735\250RW\254=p\265#3G\234\332@\315\r\006\262\321\220.7\344'?\222/\351\253_/\351\253`\n\000""; }; nodes {;   nodedata: ""\323C\344\327\264{\312-\017:\006{\177\344N\002\326bO\260\220\006\033\362\345\005U\221DzJ0\001\301\025%1L\307\t\261\262z\374\222T\301\274V\236\223\262\270Ct\362\337b\356\024*\324\320\351\317\002k\336\234\027v\351\217\260\303\360\233ZPZWr\246$w\313\313\r\243r\232\2234\373\3539:N\004Q\245\272D\312D\300\300\t\323\0257\345e\271\na\215{\226\255x%T\257\037\333\004\344_/R\006E\344\037@\210\363\010\336T\226\247'\204_{\261\370""1\235\2445\343\033Y!\212\201\341\272\225'\007\001\330\n\317\202\376t\3031O\276<\374 Ta^U\t`&6u\337\251\276ri\315|\226e\013\003""; }; "
1750527714535,1750527714536,0,1,3,2,TMLedgerData,"ledgerHash: ""\307\232\020\017\177\025}\320\272\301\007\233=\335""\t\250\332\334\355\260\204\022\250\326\010?\242\301d\215\027""; ledgerSeq: 58; type: liAS_NODE; nodes {;   nodedata: ""\021\000h""\000\000\000\000 \033\000\000\0009\002\023\307\177\330\356GuH\375\327!\255\371\r\231\262R\256J\034\222\241\355X\265E\241^W\225\304\014\361CX-}\351f\032\255\274\334m\326c\017\014ao[\342\230\003\245\245\3341Hm\326^\017jy\335\261\032Yt\320\244{g\0306\\302\303*\341\215\223\257\364\277o\375\000r\241SOq\221\253\262\005\017\375T\356\014\360o'\030\311-\267\031\257!\031T\006><\315XM\334\324\345\034\000\325\367\240\271\013\265\024\321\362\354\211\250.\234s\225amc\305\035\366\276\037nD\277`\210\223N\3535\033\261\304f\331]\036\237\306o!\223\221\002\324\031\262\240R\177 ,\214\325\Q])\016\2067\277\t\354\010\000\360\215\2502\265\245\310\226\243c\302Ze\306\253#r\020\211\320iG\276\020E\317\035Sf\223F\254\033@\177e\277\016\010u\327\371&\262\312\317Q\2361t\377x\234\001v\003%\030\325_\225g\204\346a=\225\273\331\354\365*U\363\263N\367b\371\244\314-w\363\262\225Z\200\206\235\233\257?sE\2674\254\326mU\377?\177Ek\336\030!\316Aa\225\303\022\377{\210Y\226\271as\354L\035\004\341\361\035\301\024\220m#*\372\032\3178~\374\250\014*\323\342'z69\220\327\256\351G\367\317u\302\207\270b\315\333\333\334\310I\323&\014\352XZnW2.\335\347\202\021\247\362\212e\034\000\001\250\220\305;a\314\265R\310\017\317\331\235\360\262\240:\277\202\266\354\265X""\022\nh\252\352w\204\203\023]\001f\352\277\0031Q]\362\370R\350{\261\202\240\344\215\201\353\276\322p5p\350\354\017>\250r\241c\273\016\301\024\363\242\247\263\231\370\344\nBW\220K\316@3\243\200\036wk\253GSlU\010\360\231>\331\263H\214\324\030A\225\301o\346pkSF\004\241\213w9\223=\250\262*+\255\351r\265\244c\024\213\t\007`\223\325#\3477\210\345P\306\013\320\252[\0216+\227=`\371P\314\346 V7\271[~\n\237\274|\347\352@K\253~&\260\032\024\004B\200\255h\351\013\361\031:nG\211\005|\2003\266\274\251,W\006u\344\335d\003\306\212\313,\340\350bG\n\030Z\2732-\246\312\255\030\003\235207\005}D\260\0261ah\322M\304\216\273m0\271\234\237\007<w$\265C\245\232\033\023\313c\321B\032l\301h\005\320\252\301\361(\330[\343\357\343{\235\n\266g\272>\177\317\347\261qb&\270&\346ju\200\363N\320\307\004\034\001n\317\361\2653\254\2503\247\305\372\316W\022O\253x\250\025\373\247\354Tc\304\263\243^\352Gv\\264\261\r\035\226\306\2411\351\233\203\215\200$\231\300f\220\371c@\017\254\363\\371\340\340VaR\205~^\226\342t\360\022\204d\231\205)\272\364?\361!\334\331\315\254\230\rBG\314\023\246\244=\351\177\254\302b&\276+H;0\312\021&\275\036\237\350R\313\206R\331\304k\323u\263t\221\213yC\241\217A\242\027g\322\241'\212.E?B_\316\327\217J +\370\t^b\005\020\003\211\373\247|hC\271Nmk~J\270EU\274\036-\347\240\312FA\321\341bca\253\025\321\311\317\021\375\317\217\n\272\033o\353G>\275\361H\265\240\232um""\317\324`\214\221\314\000\211K\223+(""\200i \311\372g\254\343ZR0\224\275q\252\357\213\263\206N\357&Q\217\267\303\356I\236\357\264\311b\037\366\035\253\343\311\265\240\327q\206f\262ODi\215-\363>\034\236l\273\005G\316F\217}[\036\007\270:\260\335\271B\241N\345\330\204\327f\361\272Kb\0377p\334\264\237\177~\330]\252+:\317u\302h\n\351\n\364\231\277R\371\356\033y\265v\360Ny\246\332qY\262\231\251\n\305\334\202\305\362\n\367@k\231\016R:\327\242\366\242\253LZY\223$Gw^\203\302\311\316I7\371tTwp}\005|\372\214\251{R`\230V\244-\326I\351\255\325i\335\377\321\353\327\331\302\023\347y\016\263\271\317\306\017UV\314qu?\0064A\315{3D\010\016S\212\2353k0\361\214ID\303g\277\010Y_\001~\021\333\370\255\374\\331\306\255\336)\365Rth\024\t\300.M\315\321S\257\224\252\362\326P\316\303%nX\3742\333\036\004Y\264yG^\234\177\214\305q\237\274G\300a4\275\240s\215\222\210\016\020G\344=-:GK\312\035\271\201\350\376F\260G\347\000\235\365P6pmH\033\373\212c\377o\232\356\320D\002\277,]os{\354/?\312e\006wda\001\023\375\316\025\254\321\244\370+Y`\220\270\254\2601E[FI\310\235<qI \356\032v%\001\230\016\203\200\251UD\347\304\373\034\211\340@\342\033\263\365\356\341\357\350\324\035J\032\177\230\207\220\303+\207\352g\317N\027>\222M\271m\033\236\021:\272\233r\373\233hC}\256\020\210\010\233\335\025[ d(\343\263\327\177\030\246\254H\277\254E\231\006\033_lB\210\264\334Y\322\314\362\320L\000Q\240\317\3502\006,|\364\004\275\034\006\337\370""\330\364\202\314\315\311?\030\260\361u)\336\202\265Y\177X\227$\245tCB\345\314d\231A\300\204\371KJ\036\321\330\014]""EN\266$]\331\226c\351\312\376z\254\214\206B\274&M\032\376v\266\3104u)\r\312\021\273\030jJH\215G4\367fQ;\255\3404\372\225\341L\224\242\200VY\220\355\020\353I\n\363\266\036\311\003OR\250""\032\230\021]+$\302\005\224\270\033E\r\312\315}\200\2505\216\221\301\341\035[\247\325\236M^\360a\267\356\267\247]\357\236\n\207}P\2654\026`\256u\276\r&\026K\315a\3337\216.\240\362\263\327]\372\325\037\006\345\236\265\343\337g\271\317\315\374\3357gX\036\024'\357<$\322\323$\375\346&^\361\0009\022`\210$\005\261rTx\343\226\224vC\2607.\025\213@~\312\227\000 o\232\016\376|a3\352&\324\337\230\212\265o\2035\250\303\2760\241\364^\002Z\031Z!\300\002\364\004\232\355\234\202\021\371_~\346\024\242\247\366\231\036\370\365\313\014\307\362i\210e\030\317\336e\256\245\026R\036\304S\352]~a\353k\036W\036\333\243\313y\256\236\230\270\325\233\373\001c\343\030e+OD\224O\347\364mD\216\220lA\251D\0246\305z\207\225\254\360\010\233K$\222\242w\316\025\202/\356\266\371/\256\354\300\373\252\344\245^L==\235\021\032V\220\341+U\353\274\372=u\225\337\321k\342\217\031\035&\261k*\315\004\203\271\200\243u\010|\336\346\203L\367\300g\364H\302\267\0331\0265+\223\224\300\342tR\375j\262\235LC5\315,\2758.\025\251J\276\032\252\276\237\336w\275\306no\345t\317\355,\333\255\264\227\2326\315\307\363\323\325\303\032N\256*\307\327 \235\332\207u\210\271\257\306g\231i*\260\326k\001"";   nodeid: ""\260\000\000\000\000\000\000\000\000\000\000\000\000\000\000\000\000\000\000\000\000\000\000\000\000\000\000\000\000\000\000\000\001""; }; ","ledgerHash: ""\307\232\020\017\177\025}\320\272\301\007\233=\335""\t\250\332\334\355\260\204\022\250\326\010?\242\301d\215\027""; ledgerSeq: 58; type: liAS_NODE; nodes {;   nodedata: ""\021\000h""\000\000\000\000 \033\000\000\0009\002\023\307\177\330\356GuH\375\327!\255\371\r\231\262R\256J\034\222\241\355X\265E\241^W\225\304\014\361CX-}\351f\032\255\274\334m\326c\017\014ao[\342\230\003\245\245\3341Hm\326^\017jy\335\261\032Yt\320\244{g\0306\\302\303*\341\215\223\257\364\277o\375\000r\241SOq\221\253\262\005\017\375T\356\014\360o'\030\311-\267\031\257!\031T\006><\315XM\334\324\345\034\000\325\367\240\271\013\265\024\321\362\354\211\250.\234s\225amc\305\035\366\276\037nD\277`\210\223N\3535\033\261\304f\331]\036\237\306o!\223\221\002\324\031\262\240R\177 ,\214\325\Q])\016\2067\277\t\354\010\000\360\215\2502\265\245\310\226\243c\302Ze\306\253#r\020\211\320iG\276\020E\317\035Sf\223F\254\033@\177e\277\016\010u\327\371&\262\312\317Q\2361t\377x\234\001v\003%\030\325_\225g\204\346a=\225\273\331\354\365*U\363\263N\367b\371\244\314-w\363\262\225Z\200\206\235\233\257?sE\2674\254\326mU\377?\177Ek\336\030!\316Aa\225\303\022\377{\210Y\226\271as\354L\035\004\341\361\035\301\024\220m#*\372\032\3178~\374\250\014*\323\342'z69\220\327\256\351G\367\317u\302\207\270b\315\333\333\334\310I\323&\014\352XZnW2.\335\347\202\021\247\362\212e\034\000\001\250\220\305;a\314\265R\310\017\317\331\235\360\262\240:\277\202\266\354\265X""\022\nh\252\352w\204\203\023]\001f\352\277\0031Q]\362\370R\350{\261\202\240\344\215\201\353\276\322p5p\350\354\017>\250r\241c\273\016\301\024\363\242\247\263\231\370\344\nBW\220K\316@3\243\200\036wk\253GSlU\010\360\231>\331\263H\214\324\030A\225\301o\346pkSF\004\241\213w9\223=\250\262*+\255\351r\265\244c\024\213\t\007`\223\325#\3477\210\345P\306\013\320\252[\0216+\227=`\371P\314\346 V7\271[~\n\237\274|\347\352@K\253~&\260\032\024\004B\200\255h\351\013\361\031:nG\211\005|\2003\266\274\251,W\006u\344\335d\003\306\212\313,\340\350bG\n\030Z\2732-\246\312\255\030\003\235207\005}D\260\0261ah\322M\304\216\273m0\271\234\237\007<w$\265C\245\232\033\023\313c\321B\032l\301h\005\320\252\301\361(\330[\343\357\343{\235\n\266g\272>\177\317\347\261qb&\270&\346ju\200\363N\320\307\004\034\001n\317\361\2653\254\2503\247\305\372\316W\022O\253x\250\025\373\247\354Tc\304\263\243^\352Gv\\264\261\r\035\226\306\2411\351\233\203\215\200$\231\300f\220\371c@\017\254\363\\371\340\340VaR\205~^\226\342t\360\022\204d\231\205)\272\364?\361!\334\331\315\254\230\rBG\314\023\246\244=\351\177\254\302b&\276+H;0\312\021&\275\036\237\350R\313\206R\331\304k\323u\263t\221\213yC\241\217A\242\027g\322\241'\212.E?B_\316\327\217J +\370\t^b\005\020\003\211\373\247|hC\271Nmk~J\270EU\274\036-\347\240\312FA\321\341bca\253\025\321\311\317\021\375\317\217\n\272\033o\353G>\275\361H\265\240\232um""\317\324`\214\221\314\000\211K\223+(""\200i \311\372g\254\343ZR0\224\275q\252\357\213\263\206N\357&Q\217\267\303\356I\236\357\264\311b\037\366\035\253\343\311\265\240\327q\206f\262ODi\215-\363>\034\236l\273\005G\316F\217}[\036\007\270:\260\335\271B\241N\345\330\204\327f\361\272Kb\0377p\334\264\237\177~\330]\252+:\317u\302h\n\351\n\364\231\277R\371\356\033y\265v\360Ny\246\332qY\262\231\251\n\305\334\202\305\362\n\367@k\231\016R:\327\242\366\242\253LZY\223$Gw^\203\302\311\316I7\371tTwp}\005|\372\214\251{R`\230V\244-\326I\351\255\325i\335\377\321\353\327\331\302\023\347y\016\263\271\317\306\017UV\314qu?\0064A\315{3D\010\016S\212\2353k0\361\214ID\303g\277\010Y_\001~\021\333\370\255\374\\331\306\255\336)\365Rth\024\t\300.M\315\321S\257\224\252\362\326P\316\303%nX\3742\333\036\004Y\264yG^\234\177\214\305q\237\274G\300a4\275\240s\215\222\210\016\020G\344=-:GK\312\035\271\201\350\376F\260G\347\000\235\365P6pmH\033\373\212c\377o\232\356\320D\002\277,]os{\354/?\312e\006wda\001\023\375\316\025\254\321\244\370+Y`\220\270\254\2601E[FI\310\235<qI \356\032v%\001\230\016\203\200\251UD\347\304\373\034\211\340@\342\033\263\365\356\341\357\350\324\035J\032\177\230\207\220\303+\207\352g\317N\027>\222M\271m\033\236\021:\272\233r\373\233hC}\256\020\210\010\233\335\025[ d(\343\263\327\177\030\246\254H\277\254E\231\006\033_lB\210\264\334Y\322\314\362\320L\000Q\240\317\3502\006,|\364\004\275\034\006\337\370""\330\364\202\314\315\311?\030\260\361u)\336\202\265Y\177X\227$\245tCB\345\314d\231A\300\204\371KJ\036\321\330\014]""EN\266$]\331\226c\351\312\376z\254\214\206B\274&M\032\376v\266\3104u)\r\312\021\273\030jJH\215G4\367fQ;\255\3404\372\225\341L\224\242\200VY\220\355\020\353I\n\363\266\036\311\003OR\250""\032\230\021]+$\302\005\224\270\033E\r\312\315}\200\2505\216\221\301\341\035[\247\325\236M^\360a\267\356\267\247]\357\236\n\207}P\2654\026`\256u\276\r&\026K\315a\3337\216.\240\362\263\327]\372\325\037\006\345\236\265\343\337g\271\317\315\374\3357gX\036\024'\357<$\322\323$\375\346&^\361\0009\022`\210$\005\261rTx\343\226\224vC\2607.\025\213@~\312\227\000 o\232\016\376|a3\352&\324\337\230\212\265o\2035\250\303\2760\241\364^\002Z\031Z!\300\002\364\004\232\355\234\202\021\371_~\346\024\242\247\366\231\036\370\365\313\014\307\362i\210e\030\317\336e\256\245\026R\036\304S\352]~a\353k\036W\036\333\243\313y\256\236\230\270\325\233\373\001c\343\030e+OD\224O\347\364mD\216\220lA\251D\0246\305z\207\225\254\360\010\233K$\222\242w\316\025\202/\356\266\371/\256\354\300\373\252\344\245^L==\235\021\032V\220\341+U\353\274\372=u\225\337\321k\342\217\031\035&\261k*\315\004\203\271\200\243u\010|\336\346\203L\367\300g\364H\302\267\0331\0265+\223\224\300\342tR\375j\262\235LC5\315,\2758.\025\251J\276\032\252\276\237\336w\275\306no\345t\317\355,\333\255\264\227\2326\315\307\363\323\325\303\032N\256*\307\327 \235\332\207u\210\271\257\306g\231i*\260\326k\001"";   nodeid: ""\260\000\000\000\000\000\000\000\000\000\000\000\000\000\000\000\000\000\000\000\000\000\000\000\000\000\000\000\000\000\000\000\001""; }; "
1750527714646,1750527714646,0,1,4,3,TMStatusChange,"newEvent: neACCEPTED_LEDGER; ledgerSeq: 58; ledgerHash: ""\307\232\020\017\177\025}\320\272\301\007\233=\335""\t\250\332\334\355\260\204\022\250\326\010?\242\301d\215\027""; ledgerHashPrevious: ""j\262\235LC5\315,\2758.\025\251J\276\032\252\276\237\336w\275\306no\345t\317\355,\333\255""; networkTime: 803842914; firstSeq: 1; lastSeq: 57; ","newEvent: neACCEPTED_LEDGER; ledgerSeq: 58; ledgerHash: ""\307\232\020\017\177\025}\320\272\301\007\233=\335""\t\250\332\334\355\260\204\022\250\326\010?\242\301d\215\027""; ledgerHashPrevious: ""j\262\235LC5\315,\2758.\025\251J\276\032\252\276\237\336w\275\306no\345t\317\355,\333\255""; networkTime: 803842914; firstSeq: 1; lastSeq: 57; "
1750527714647,1750527714647,0,1,4,2,TMStatusChange,"newEvent: neACCEPTED_LEDGER; ledgerSeq: 58; ledgerHash: ""\307\232\020\017\177\025}\320\272\301\007\233=\335""\t\250\332\334\355\260\204\022\250\326\010?\242\301d\215\027""; ledgerHashPrevious: ""j\262\235LC5\315,\2758.\025\251J\276\032\252\276\237\336w\275\306no\345t\317\355,\333\255""; networkTime: 803842914; firstSeq: 1; lastSeq: 57; ","newEvent: neACCEPTED_LEDGER; ledgerSeq: 58; ledgerHash: ""\307\232\020\017\177\025}\320\272\301\007\233=\335""\t\250\332\334\355\260\204\022\250\326\010?\242\301d\215\027""; ledgerHashPrevious: ""j\262\235LC5\315,\2758.\025\251J\276\032\252\276\237\336w\275\306no\345t\317\355,\333\255""; networkTime: 803842914; firstSeq: 1; lastSeq: 57; "
1750527714647,1750527714647,0,1,4,0,TMStatusChange,"newEvent: neACCEPTED_LEDGER; ledgerSeq: 58; ledgerHash: ""\307\232\020\017\177\025}\320\272\301\007\233=\335""\t\250\332\334\355\260\204\022\250\326\010?\242\301d\215\027""; ledgerHashPrevious: ""j\262\235LC5\315,\2758.\025\251J\276\032\252\276\237\336w\275\306no\345t\317\355,\333\255""; networkTime: 803842914; firstSeq: 1; lastSeq: 57; ","newEvent: neACCEPTED_LEDGER; ledgerSeq: 58; ledgerHash: ""\307\232\020\017\177\025}\320\272\301\007\233=\335""\t\250\332\334\355\260\204\022\250\326\010?\242\301d\215\027""; ledgerHashPrevious: ""j\262\235LC5\315,\2758.\025\251J\276\032\252\276\237\336w\275\306no\345t\317\355,\333\255""; networkTime: 803842914; firstSeq: 1; lastSeq: 57; "
1750527714646,1750527714647,0,1,4,1,TMStatusChange,"newEvent: neACCEPTED_LEDGER; ledgerSeq: 58; ledgerHash: ""\307\232\020\017\177\025}\320\272\301\007\233=\335""\t\250\332\334\355\260\204\022\250\326\010?\242\301d\215\027""; ledgerHashPrevious: ""j\262\235LC5\315,\2758.\025\251J\276\032\252\276\237\336w\275\306no\345t\317\355,\333\255""; networkTime: 803842914; firstSeq: 1; lastSeq: 57; ","newEvent: neACCEPTED_LEDGER; ledgerSeq: 58; ledgerHash: ""\307\232\020\017\177\025}\320\272\301\007\233=\335""\t\250\332\334\355\260\204\022\250\326\010?\242\301d\215\027""; ledgerHashPrevious: ""j\262\235LC5\315,\2758.\025\251J\276\032\252\276\237\336w\275\306no\345t\317\355,\333\255""; networkTime: 803842914; firstSeq: 1; lastSeq: 57; "
1750527714686,1750527714686,0,1,4,3,TMValidation,"validation: """"\200\000\000\001&\000\000\000:)/\351\253b:\r\302\353\023?\373\240rQ\307\232\020\017\177\025}\320\272\301\007\233=\335""\t\250\332\334\355\260\204\022\250\326\010?\242\301d\215\027P\027\000\000\000\000\000\000\000\000\000\000\000\000\000\000\000\000\000\000\000\000\000\000\000\000\000\000\000\000\000\000\000\000P\031j\262\235LC5\315,\2758.\025\251J\276\032\252\276\237\336w\275\306no\345t\317\355,\333\255s!\003R7o\362bV\300hf\266\241;}\200^\374\240\203[:\342Q\225\221\027y\372\255\235\216\323~vF0D\002 z\331\235B\273j\231\300UAK\341\371\tz\023\033\244\337\243\225\334\302l\3073\200\217\350m\325\t\002 *'Ddy\220\3102\315\326\326\226=q\237M\242\375\376hs\037%\352\204\346\222T\343\352m\214""; ","validation: """"\200\000\000\001&\000\000\000:)/\351\253b:\r\302\353\023?\373\240rQ\307\232\020\017\177\025}\320\272\301\007\233=\335""\t\250\332\334\355\260\204\022\250\326\010?\242\301d\215\027P\027\000\000\000\000\000\000\000\000\000\000\000\000\000\000\000\000\000\000\000\000\000\000\000\000\000\000\000\000\000\000\000\000P\031j\262\235LC5\315,\2758.\025\251J\276\032\252\276\237\336w\275\306no\345t\317\355,\333\255s!\003R7o\362bV\300hf\266\241;}\200^\374\240\203[:\342Q\225\221\027y\372\255\235\216\323~vF0D\002 z\331\235B\273j\231\300UAK\341\371\tz\023\033\244\337\243\225\334\302l\3073\200\217\350m\325\t\002 *'Ddy\220\3102\315\326\326\226=q\237M\242\375\376hs\037%\352\204\346\222T\343\352m\214""; "
1750527714688,1750527714689,0,1,3,0,TMValidation,"validation: """"\200\000\000\001&\000\000\000:)/\351\253b:\r\302\353\023?\373\240rQ\307\232\020\017\177\025}\320\272\301\007\233=\335""\t\250\332\334\355\260\204\022\250\326\010?\242\301d\215\027P\027\000\000\000\000\000\000\000\000\000\000\000\000\000\000\000\000\000\000\000\000\000\000\000\000\000\000\000\000\000\000\000\000P\031j\262\235LC5\315,\2758.\025\251J\276\032\252\276\237\336w\275\306no\345t\317\355,\333\255s!\003R7o\362bV\300hf\266\241;}\200^\374\240\203[:\342Q\225\221\027y\372\255\235\216\323~vF0D\002 z\331\235B\273j\231\300UAK\341\371\tz\023\033\244\337\243\225\334\302l\3073\200\217\350m\325\t\002 *'Ddy\220\3102\315\326\326\226=q\237M\242\375\376hs\037%\352\204\346\222T\343\352m\214""; ","validation: """"\200\000\000\001&\000\000\000:)/\351\253b:\r\302\353\023?\373\240rQ\307\232\020\017\177\025}\320\272\301\007\233=\335""\t\250\332\334\355\260\204\022\250\326\010?\242\301d\215\027P\027\000\000\000\000\000\000\000\000\000\000\000\000\000\000\000\000\000\000\000\000\000\000\000\000\000\000\000\000\000\000\000\000P\031j\262\235LC5\315,\2758.\025\251J\276\032\252\276\237\336w\275\306no\345t\317\355,\333\255s!\003R7o\362bV\300hf\266\241;}\200^\374\240\203[:\342Q\225\221\027y\372\255\235\216\323~vF0D\002 z\331\235B\273j\231\300UAK\341\371\tz\023\033\244\337\243\225\334\302l\3073\200\217\350m\325\t\002 *'Ddy\220\3102\315\326\326\226=q\237M\242\375\376hs\037%\352\204\346\222T\343\352m\214""; "
1750527714689,1750527714689,0,1,3,1,TMValidation,"validation: """"\200\000\000\001&\000\000\000:)/\351\253b:\r\302\353\023?\373\240rQ\307\232\020\017\177\025}\320\272\301\007\233=\335""\t\250\332\334\355\260\204\022\250\326\010?\242\301d\215\027P\027\000\000\000\000\000\000\000\000\000\000\000\000\000\000\000\000\000\000\000\000\000\000\000\000\000\000\000\000\000\000\000\000P\031j\262\235LC5\315,\2758.\025\251J\276\032\252\276\237\336w\275\306no\345t\317\355,\333\255s!\003R7o\362bV\300hf\266\241;}\200^\374\240\203[:\342Q\225\221\027y\372\255\235\216\323~vF0D\002 z\331\235B\273j\231\300UAK\341\371\tz\023\033\244\337\243\225\334\302l\3073\200\217\350m\325\t\002 *'Ddy\220\3102\315\326\326\226=q\237M\242\375\376hs\037%\352\204\346\222T\343\352m\214""; ","validation: """"\200\000\000\001&\000\000\000:)/\351\253b:\r\302\353\023?\373\240rQ\307\232\020\017\177\025}\320\272\301\007\233=\335""\t\250\332\334\355\260\204\022\250\326\010?\242\301d\215\027P\027\000\000\000\000\000\000\000\000\000\000\000\000\000\000\000\000\000\000\000\000\000\000\000\000\000\000\000\000\000\000\000\000P\031j\262\235LC5\315,\2758.\025\251J\276\032\252\276\237\336w\275\306no\345t\317\355,\333\255s!\003R7o\362bV\300hf\266\241;}\200^\374\240\203[:\342Q\225\221\027y\372\255\235\216\323~vF0D\002 z\331\235B\273j\231\300UAK\341\371\tz\023\033\244\337\243\225\334\302l\3073\200\217\350m\325\t\002 *'Ddy\220\3102\315\326\326\226=q\237M\242\375\376hs\037%\352\204\346\222T\343\352m\214""; "
1750527714689,1750527714690,0,1,3,2,TMValidation,"validation: """"\200\000\000\001&\000\000\000:)/\351\253b:\r\302\353\023?\373\240rQ\307\232\020\017\177\025}\320\272\301\007\233=\335""\t\250\332\334\355\260\204\022\250\326\010?\242\301d\215\027P\027\000\000\000\000\000\000\000\000\000\000\000\000\000\000\000\000\000\000\000\000\000\000\000\000\000\000\000\000\000\000\000\000P\031j\262\235LC5\315,\2758.\025\251J\276\032\252\276\237\336w\275\306no\345t\317\355,\333\255s!\003R7o\362bV\300hf\266\241;}\200^\374\240\203[:\342Q\225\221\027y\372\255\235\216\323~vF0D\002 z\331\235B\273j\231\300UAK\341\371\tz\023\033\244\337\243\225\334\302l\3073\200\217\350m\325\t\002 *'Ddy\220\3102\315\326\326\226=q\237M\242\375\376hs\037%\352\204\346\222T\343\352m\214""; ","validation: """"\200\000\000\001&\000\000\000:)/\351\253b:\r\302\353\023?\373\240rQ\307\232\020\017\177\025}\320\272\301\007\233=\335""\t\250\332\334\355\260\204\022\250\326\010?\242\301d\215\027P\027\000\000\000\000\000\000\000\000\000\000\000\000\000\000\000\000\000\000\000\000\000\000\000\000\000\000\000\000\000\000\000\000P\031j\262\235LC5\315,\2758.\025\251J\276\032\252\276\237\336w\275\306no\345t\317\355,\333\255s!\003R7o\362bV\300hf\266\241;}\200^\374\240\203[:\342Q\225\221\027y\372\255\235\216\323~vF0D\002 z\331\235B\273j\231\300UAK\341\371\tz\023\033\244\337\243\225\334\302l\3073\200\217\350m\325\t\002 *'Ddy\220\3102\315\326\326\226=q\237M\242\375\376hs\037%\352\204\346\222T\343\352m\214""; "
1750527714691,1750527714691,0,1,4,2,TMValidation,"validation: """"\200\000\000\001&\000\000\000:)/\351\253b:\r\302\353\023?\373\240rQ\307\232\020\017\177\025}\320\272\301\007\233=\335""\t\250\332\334\355\260\204\022\250\326\010?\242\301d\215\027P\027\000\000\000\000\000\000\000\000\000\000\000\000\000\000\000\000\000\000\000\000\000\000\000\000\000\000\000\000\000\000\000\000P\031j\262\235LC5\315,\2758.\025\251J\276\032\252\276\237\336w\275\306no\345t\317\355,\333\255s!\003R7o\362bV\300hf\266\241;}\200^\374\240\203[:\342Q\225\221\027y\372\255\235\216\323~vF0D\002 z\331\235B\273j\231\300UAK\341\371\tz\023\033\244\337\243\225\334\302l\3073\200\217\350m\325\t\002 *'Ddy\220\3102\315\326\326\226=q\237M\242\375\376hs\037%\352\204\346\222T\343\352m\214""; ","validation: """"\200\000\000\001&\000\000\000:)/\351\253b:\r\302\353\023?\373\240rQ\307\232\020\017\177\025}\320\272\301\007\233=\335""\t\250\332\334\355\260\204\022\250\326\010?\242\301d\215\027P\027\000\000\000\000\000\000\000\000\000\000\000\000\000\000\000\000\000\000\000\000\000\000\000\000\000\000\000\000\000\000\000\000P\031j\262\235LC5\315,\2758.\025\251J\276\032\252\276\237\336w\275\306no\345t\317\355,\333\255s!\003R7o\362bV\300hf\266\241;}\200^\374\240\203[:\342Q\225\221\027y\372\255\235\216\323~vF0D\002 z\331\235B\273j\231\300UAK\341\371\tz\023\033\244\337\243\225\334\302l\3073\200\217\350m\325\t\002 *'Ddy\220\3102\315\326\326\226=q\237M\242\375\376hs\037%\352\204\346\222T\343\352m\214""; "
1750527714691,1750527714691,0,1,4,1,TMValidation,"validation: """"\200\000\000\001&\000\000\000:)/\351\253b:\r\302\353\023?\373\240rQ\307\232\020\017\177\025}\320\272\301\007\233=\335""\t\250\332\334\355\260\204\022\250\326\010?\242\301d\215\027P\027\000\000\000\000\000\000\000\000\000\000\000\000\000\000\000\000\000\000\000\000\000\000\000\000\000\000\000\000\000\000\000\000P\031j\262\235LC5\315,\2758.\025\251J\276\032\252\276\237\336w\275\306no\345t\317\355,\333\255s!\003R7o\362bV\300hf\266\241;}\200^\374\240\203[:\342Q\225\221\027y\372\255\235\216\323~vF0D\002 z\331\235B\273j\231\300UAK\341\371\tz\023\033\244\337\243\225\334\302l\3073\200\217\350m\325\t\002 *'Ddy\220\3102\315\326\326\226=q\237M\242\375\376hs\037%\352\204\346\222T\343\352m\214""; ","validation: """"\200\000\000\001&\000\000\000:)/\351\253b:\r\302\353\023?\373\240rQ\307\232\020\017\177\025}\320\272\301\007\233=\335""\t\250\332\334\355\260\204\022\250\326\010?\242\301d\215\027P\027\000\000\000\000\000\000\000\000\000\000\000\000\000\000\000\000\000\000\000\000\000\000\000\000\000\000\000\000\000\000\000\000P\031j\262\235LC5\315,\2758.\025\251J\276\032\252\276\237\336w\275\306no\345t\317\355,\333\255s!\003R7o\362bV\300hf\266\241;}\200^\374\240\203[:\342Q\225\221\027y\372\255\235\216\323~vF0D\002 z\331\235B\273j\231\300UAK\341\371\tz\023\033\244\337\243\225\334\302l\3073\200\217\350m\325\t\002 *'Ddy\220\3102\315\326\326\226=q\237M\242\375\376hs\037%\352\204\346\222T\343\352m\214""; "
1750527714692,1750527714692,0,1,4,0,TMValidation,"validation: """"\200\000\000\001&\000\000\000:)/\351\253b:\r\302\353\023?\373\240rQ\307\232\020\017\177\025}\320\272\301\007\233=\335""\t\250\332\334\355\260\204\022\250\326\010?\242\301d\215\027P\027\000\000\000\000\000\000\000\000\000\000\000\000\000\000\000\000\000\000\000\000\000\000\000\000\000\000\000\000\000\000\000\000P\031j\262\235LC5\315,\2758.\025\251J\276\032\252\276\237\336w\275\306no\345t\317\355,\333\255s!\003R7o\362bV\300hf\266\241;}\200^\374\240\203[:\342Q\225\221\027y\372\255\235\216\323~vF0D\002 z\331\235B\273j\231\300UAK\341\371\tz\023\033\244\337\243\225\334\302l\3073\200\217\350m\325\t\002 *'Ddy\220\3102\315\326\326\226=q\237M\242\375\376hs\037%\352\204\346\222T\343\352m\214""; ","validation: """"\200\000\000\001&\000\000\000:)/\351\253b:\r\302\353\023?\373\240rQ\307\232\020\017\177\025}\320\272\301\007\233=\335""\t\250\332\334\355\260\204\022\250\326\010?\242\301d\215\027P\027\000\000\000\000\000\000\000\000\000\000\000\000\000\000\000\000\000\000\000\000\000\000\000\000\000\000\000\000\000\000\000\000P\031j\262\235LC5\315,\2758.\025\251J\276\032\252\276\237\336w\275\306no\345t\317\355,\333\255s!\003R7o\362bV\300hf\266\241;}\200^\374\240\203[:\342Q\225\221\027y\372\255\235\216\323~vF0D\002 z\331\235B\273j\231\300UAK\341\371\tz\023\033\244\337\243\225\334\302l\3073\200\217\350m\325\t\002 *'Ddy\220\3102\315\326\326\226=q\237M\242\375\376hs\037%\352\204\346\222T\343\352m\214""; "
1750527714693,1750527714693,0,1,1,4,TMValidation,"validation: """"\200\000\000\001&\000\000\000:)/\351\253b:\r\302\353\023?\373\240rQ\307\232\020\017\177\025}\320\272\301\007\233=\335""\t\250\332\334\355\260\204\022\250\326\010?\242\301d\215\027P\027\000\000\000\000\000\000\000\000\000\000\000\000\000\000\000\000\000\000\000\000\000\000\000\000\000\000\000\000\000\000\000\000P\031j\262\235LC5\315,\2758.\025\251J\276\032\252\276\237\336w\275\306no\345t\317\355,\333\255s!\003R7o\362bV\300hf\266\241;}\200^\374\240\203[:\342Q\225\221\027y\372\255\235\216\323~vF0D\002 z\331\235B\273j\231\300UAK\341\371\tz\023\033\244\337\243\225\334\302l\3073\200\217\350m\325\t\002 *'Ddy\220\3102\315\326\326\226=q\237M\242\375\376hs\037%\352\204\346\222T\343\352m\214""; ","validation: """"\200\000\000\001&\000\000\000:)/\351\253b:\r\302\353\023?\373\240rQ\307\232\020\017\177\025}\320\272\301\007\233=\335""\t\250\332\334\355\260\204\022\250\326\010?\242\301d\215\027P\027\000\000\000\000\000\000\000\000\000\000\000\000\000\000\000\000\000\000\000\000\000\000\000\000\000\000\000\000\000\000\000\000P\031j\262\235LC5\315,\2758.\025\251J\276\032\252\276\237\336w\275\306no\345t\317\355,\333\255s!\003R7o\362bV\300hf\266\241;}\200^\374\240\203[:\342Q\225\221\027y\372\255\235\216\323~vF0D\002 z\331\235B\273j\231\300UAK\341\371\tz\023\033\244\337\243\225\334\302l\3073\200\217\350m\325\t\002 *'Ddy\220\3102\315\326\326\226=q\237M\242\375\376hs\037%\352\204\346\222T\343\352m\214""; "
1750527714693,1750527714693,0,1,0,4,TMValidation,"validation: """"\200\000\000\001&\000\000\000:)/\351\253b:\r\302\353\023?\373\240rQ\307\232\020\017\177\025}\320\272\301\007\233=\335""\t\250\332\334\355\260\204\022\250\326\010?\242\301d\215\027P\027\000\000\000\000\000\000\000\000\000\000\000\000\000\000\000\000\000\000\000\000\000\000\000\000\000\000\000\000\000\000\000\000P\031j\262\235LC5\315,\2758.\025\251J\276\032\252\276\237\336w\275\306no\345t\317\355,\333\255s!\003R7o\362bV\300hf\266\241;}\200^\374\240\203[:\342Q\225\221\027y\372\255\235\216\323~vF0D\002 z\331\235B\273j\231\300UAK\341\371\tz\023\033\244\337\243\225\334\302l\3073\200\217\350m\325\t\002 *'Ddy\220\3102\315\326\326\226=q\237M\242\375\376hs\037%\352\204\346\222T\343\352m\214""; ","validation: """"\200\000\000\001&\000\000\000:)/\351\253b:\r\302\353\023?\373\240rQ\307\232\020\017\177\025}\320\272\301\007\233=\335""\t\250\332\334\355\260\204\022\250\326\010?\242\301d\215\027P\027\000\000\000\000\000\000\000\000\000\000\000\000\000\000\000\000\000\000\000\000\000\000\000\000\000\000\000\000\000\000\000\000P\031j\262\235LC5\315,\2758.\025\251J\276\032\252\276\237\336w\275\306no\345t\317\355,\333\255s!\003R7o\362bV\300hf\266\241;}\200^\374\240\203[:\342Q\225\221\027y\372\255\235\216\323~vF0D\002 z\331\235B\273j\231\300UAK\341\371\tz\023\033\244\337\243\225\334\302l\3073\200\217\350m\325\t\002 *'Ddy\220\3102\315\326\326\226=q\237M\242\375\376hs\037%\352\204\346\222T\343\352m\214""; "
1750527714693,1750527714694,0,1,0,1,TMValidation,"validation: """"\200\000\000\001&\000\000\000:)/\351\253b:\r\302\353\023?\373\240rQ\307\232\020\017\177\025}\320\272\301\007\233=\335""\t\250\332\334\355\260\204\022\250\326\010?\242\301d\215\027P\027\000\000\000\000\000\000\000\000\000\000\000\000\000\000\000\000\000\000\000\000\000\000\000\000\000\000\000\000\000\000\000\000P\031j\262\235LC5\315,\2758.\025\251J\276\032\252\276\237\336w\275\306no\345t\317\355,\333\255s!\003R7o\362bV\300hf\266\241;}\200^\374\240\203[:\342Q\225\221\027y\372\255\235\216\323~vF0D\002 z\331\235B\273j\231\300UAK\341\371\tz\023\033\244\337\243\225\334\302l\3073\200\217\350m\325\t\002 *'Ddy\220\3102\315\326\326\226=q\237M\242\375\376hs\037%\352\204\346\222T\343\352m\214""; ","validation: """"\200\000\000\001&\000\000\000:)/\351\253b:\r\302\353\023?\373\240rQ\307\232\020\017\177\025}\320\272\301\007\233=\335""\t\250\332\334\355\260\204\022\250\326\010?\242\301d\215\027P\027\000\000\000\000\000\000\000\000\000\000\000\000\000\000\000\000\000\000\000\000\000\000\000\000\000\000\000\000\000\000\000\000P\031j\262\235LC5\315,\2758.\025\251J\276\032\252\276\237\336w\275\306no\345t\317\355,\333\255s!\003R7o\362bV\300hf\266\241;}\200^\374\240\203[:\342Q\225\221\027y\372\255\235\216\323~vF0D\002 z\331\235B\273j\231\300UAK\341\371\tz\023\033\244\337\243\225\334\302l\3073\200\217\350m\325\t\002 *'Ddy\220\3102\315\326\326\226=q\237M\242\375\376hs\037%\352\204\346\222T\343\352m\214""; "
1750527714694,1750527714694,0,1,0,2,TMValidation,"validation: """"\200\000\000\001&\000\000\000:)/\351\253b:\r\302\353\023?\373\240rQ\307\232\020\017\177\025}\320\272\301\007\233=\335""\t\250\332\334\355\260\204\022\250\326\010?\242\301d\215\027P\027\000\000\000\000\000\000\000\000\000\000\000\000\000\000\000\000\000\000\000\000\000\000\000\000\000\000\000\000\000\000\000\000P\031j\262\235LC5\315,\2758.\025\251J\276\032\252\276\237\336w\275\306no\345t\317\355,\333\255s!\003R7o\362bV\300hf\266\241;}\200^\374\240\203[:\342Q\225\221\027y\372\255\235\216\323~vF0D\002 z\331\235B\273j\231\300UAK\341\371\tz\023\033\244\337\243\225\334\302l\3073\200\217\350m\325\t\002 *'Ddy\220\3102\315\326\326\226=q\237M\242\375\376hs\037%\352\204\346\222T\343\352m\214""; ","validation: """"\200\000\000\001&\000\000\000:)/\351\253b:\r\302\353\023?\373\240rQ\307\232\020\017\177\025}\320\272\301\007\233=\335""\t\250\332\334\355\260\204\022\250\326\010?\242\301d\215\027P\027\000\000\000\000\000\000\000\000\000\000\000\000\000\000\000\000\000\000\000\000\000\000\000\000\000\000\000\000\000\000\000\000P\031j\262\235LC5\315,\2758.\025\251J\276\032\252\276\237\336w\275\306no\345t\317\355,\333\255s!\003R7o\362bV\300hf\266\241;}\200^\374\240\203[:\342Q\225\221\027y\372\255\235\216\323~vF0D\002 z\331\235B\273j\231\300UAK\341\371\tz\023\033\244\337\243\225\334\302l\3073\200\217\350m\325\t\002 *'Ddy\220\3102\315\326\326\226=q\237M\242\375\376hs\037%\352\204\346\222T\343\352m\214""; "
1750527714694,1750527714694,0,1,1,2,TMValidation,"validation: """"\200\000\000\001&\000\000\000:)/\351\253b:\r\302\353\023?\373\240rQ\307\232\020\017\177\025}\320\272\301\007\233=\335""\t\250\332\334\355\260\204\022\250\326\010?\242\301d\215\027P\027\000\000\000\000\000\000\000\000\000\000\000\000\000\000\000\000\000\000\000\000\000\000\000\000\000\000\000\000\000\000\000\000P\031j\262\235LC5\315,\2758.\025\251J\276\032\252\276\237\336w\275\306no\345t\317\355,\333\255s!\003R7o\362bV\300hf\266\241;}\200^\374\240\203[:\342Q\225\221\027y\372\255\235\216\323~vF0D\002 z\331\235B\273j\231\300UAK\341\371\tz\023\033\244\337\243\225\334\302l\3073\200\217\350m\325\t\002 *'Ddy\220\3102\315\326\326\226=q\237M\242\375\376hs\037%\352\204\346\222T\343\352m\214""; ","validation: """"\200\000\000\001&\000\000\000:)/\351\253b:\r\302\353\023?\373\240rQ\307\232\020\017\177\025}\320\272\301\007\233=\335""\t\250\332\334\355\260\204\022\250\326\010?\242\301d\215\027P\027\000\000\000\000\000\000\000\000\000\000\000\000\000\000\000\000\000\000\000\000\000\000\000\000\000\000\000\000\000\000\000\000P\031j\262\235LC5\315,\2758.\025\251J\276\032\252\276\237\336w\275\306no\345t\317\355,\333\255s!\003R7o\362bV\300hf\266\241;}\200^\374\240\203[:\342Q\225\221\027y\372\255\235\216\323~vF0D\002 z\331\235B\273j\231\300UAK\341\371\tz\023\033\244\337\243\225\334\302l\3073\200\217\350m\325\t\002 *'Ddy\220\3102\315\326\326\226=q\237M\242\375\376hs\037%\352\204\346\222T\343\352m\214""; "
1750527714695,1750527714695,0,1,1,0,TMValidation,"validation: """"\200\000\000\001&\000\000\000:)/\351\253b:\r\302\353\023?\373\240rQ\307\232\020\017\177\025}\320\272\301\007\233=\335""\t\250\332\334\355\260\204\022\250\326\010?\242\301d\215\027P\027\000\000\000\000\000\000\000\000\000\000\000\000\000\000\000\000\000\000\000\000\000\000\000\000\000\000\000\000\000\000\000\000P\031j\262\235LC5\315,\2758.\025\251J\276\032\252\276\237\336w\275\306no\345t\317\355,\333\255s!\003R7o\362bV\300hf\266\241;}\200^\374\240\203[:\342Q\225\221\027y\372\255\235\216\323~vF0D\002 z\331\235B\273j\231\300UAK\341\371\tz\023\033\244\337\243\225\334\302l\3073\200\217\350m\325\t\002 *'Ddy\220\3102\315\326\326\226=q\237M\242\375\376hs\037%\352\204\346\222T\343\352m\214""; ","validation: """"\200\000\000\001&\000\000\000:)/\351\253b:\r\302\353\023?\373\240rQ\307\232\020\017\177\025}\320\272\301\007\233=\335""\t\250\332\334\355\260\204\022\250\326\010?\242\301d\215\027P\027\000\000\000\000\000\000\000\000\000\000\000\000\000\000\000\000\000\000\000\000\000\000\000\000\000\000\000\000\000\000\000\000P\031j\262\235LC5\315,\2758.\025\251J\276\032\252\276\237\336w\275\306no\345t\317\355,\333\255s!\003R7o\362bV\300hf\266\241;}\200^\374\240\203[:\342Q\225\221\027y\372\255\235\216\323~vF0D\002 z\331\235B\273j\231\300UAK\341\371\tz\023\033\244\337\243\225\334\302l\3073\200\217\350m\325\t\002 *'Ddy\220\3102\315\326\326\226=q\237M\242\375\376hs\037%\352\204\346\222T\343\352m\214""; "
1750527714695,1750527714696,0,1,2,0,TMValidation,"validation: """"\200\000\000\001&\000\000\000:)/\351\253b:\r\302\353\023?\373\240rQ\307\232\020\017\177\025}\320\272\301\007\233=\335""\t\250\332\334\355\260\204\022\250\326\010?\242\301d\215\027P\027\000\000\000\000\000\000\000\000\000\000\000\000\000\000\000\000\000\000\000\000\000\000\000\000\000\000\000\000\000\000\000\000P\031j\262\235LC5\315,\2758.\025\251J\276\032\252\276\237\336w\275\306no\345t\317\355,\333\255s!\003R7o\362bV\300hf\266\241;}\200^\374\240\203[:\342Q\225\221\027y\372\255\235\216\323~vF0D\002 z\331\235B\273j\231\300UAK\341\371\tz\023\033\244\337\243\225\334\302l\3073\200\217\350m\325\t\002 *'Ddy\220\3102\315\326\326\226=q\237M\242\375\376hs\037%\352\204\346\222T\343\352m\214""; ","validation: """"\200\000\000\001&\000\000\000:)/\351\253b:\r\302\353\023?\373\240rQ\307\232\020\017\177\025}\320\272\301\007\233=\335""\t\250\332\334\355\260\204\022\250\326\010?\242\301d\215\027P\027\000\000\000\000\000\000\000\000\000\000\000\000\000\000\000\000\000\000\000\000\000\000\000\000\000\000\000\000\000\000\000\000P\031j\262\235LC5\315,\2758.\025\251J\276\032\252\276\237\336w\275\306no\345t\317\355,\333\255s!\003R7o\362bV\300hf\266\241;}\200^\374\240\203[:\342Q\225\221\027y\372\255\235\216\323~vF0D\002 z\331\235B\273j\231\300UAK\341\371\tz\023\033\244\337\243\225\334\302l\3073\200\217\350m\325\t\002 *'Ddy\220\3102\315\326\326\226=q\237M\242\375\376hs\037%\352\204\346\222T\343\352m\214""; "
1750527714696,1750527714696,0,1,2,1,TMValidation,"validation: """"\200\000\000\001&\000\000\000:)/\351\253b:\r\302\353\023?\373\240rQ\307\232\020\017\177\025}\320\272\301\007\233=\335""\t\250\332\334\355\260\204\022\250\326\010?\242\301d\215\027P\027\000\000\000\000\000\000\000\000\000\000\000\000\000\000\000\000\000\000\000\000\000\000\000\000\000\000\000\000\000\000\000\000P\031j\262\235LC5\315,\2758.\025\251J\276\032\252\276\237\336w\275\306no\345t\317\355,\333\255s!\003R7o\362bV\300hf\266\241;}\200^\374\240\203[:\342Q\225\221\027y\372\255\235\216\323~vF0D\002 z\331\235B\273j\231\300UAK\341\371\tz\023\033\244\337\243\225\334\302l\3073\200\217\350m\325\t\002 *'Ddy\220\3102\315\326\326\226=q\237M\242\375\376hs\037%\352\204\346\222T\343\352m\214""; ","validation: """"\200\000\000\001&\000\000\000:)/\351\253b:\r\302\353\023?\373\240rQ\307\232\020\017\177\025}\320\272\301\007\233=\335""\t\250\332\334\355\260\204\022\250\326\010?\242\301d\215\027P\027\000\000\000\000\000\000\000\000\000\000\000\000\000\000\000\000\000\000\000\000\000\000\000\000\000\000\000\000\000\000\000\000P\031j\262\235LC5\315,\2758.\025\251J\276\032\252\276\237\336w\275\306no\345t\317\355,\333\255s!\003R7o\362bV\300hf\266\241;}\200^\374\240\203[:\342Q\225\221\027y\372\255\235\216\323~vF0D\002 z\331\235B\273j\231\300UAK\341\371\tz\023\033\244\337\243\225\334\302l\3073\200\217\350m\325\t\002 *'Ddy\220\3102\315\326\326\226=q\237M\242\375\376hs\037%\352\204\346\222T\343\352m\214""; "
1750527714696,1750527714696,0,1,2,4,TMValidation,"validation: """"\200\000\000\001&\000\000\000:)/\351\253b:\r\302\353\023?\373\240rQ\307\232\020\017\177\025}\320\272\301\007\233=\335""\t\250\332\334\355\260\204\022\250\326\010?\242\301d\215\027P\027\000\000\000\000\000\000\000\000\000\000\000\000\000\000\000\000\000\000\000\000\000\000\000\000\000\000\000\000\000\000\000\000P\031j\262\235LC5\315,\2758.\025\251J\276\032\252\276\237\336w\275\306no\345t\317\355,\333\255s!\003R7o\362bV\300hf\266\241;}\200^\374\240\203[:\342Q\225\221\027y\372\255\235\216\323~vF0D\002 z\331\235B\273j\231\300UAK\341\371\tz\023\033\244\337\243\225\334\302l\3073\200\217\350m\325\t\002 *'Ddy\220\3102\315\326\326\226=q\237M\242\375\376hs\037%\352\204\346\222T\343\352m\214""; ","validation: """"\200\000\000\001&\000\000\000:)/\351\253b:\r\302\353\023?\373\240rQ\307\232\020\017\177\025}\320\272\301\007\233=\335""\t\250\332\334\355\260\204\022\250\326\010?\242\301d\215\027P\027\000\000\000\000\000\000\000\000\000\000\000\000\000\000\000\000\000\000\000\000\000\000\000\000\000\000\000\000\000\000\000\000P\031j\262\235LC5\315,\2758.\025\251J\276\032\252\276\237\336w\275\306no\345t\317\355,\333\255s!\003R7o\362bV\300hf\266\241;}\200^\374\240\203[:\342Q\225\221\027y\372\255\235\216\323~vF0D\002 z\331\235B\273j\231\300UAK\341\371\tz\023\033\244\337\243\225\334\302l\3073\200\217\350m\325\t\002 *'Ddy\220\3102\315\326\326\226=q\237M\242\375\376hs\037%\352\204\346\222T\343\352m\214""; "
1750527715485,1750527715485,0,1,3,2,TMProposeSet,"proposeSeq: 0; currentTxHash: ""\000\000\000\000\000\000\000\000\000\000\000\000\000\000\000\000\000\000\000\000\000\000\000\000\000\000\000\000\000\000\000\000""; nodePubKey: ""\002\364d\217\366\217|\316F\232\231\241\n\261\333`\312O\367\235\025DD\336e\367\n\312\326\221\037\025\230""; closeTime: 803842915; signature: ""0D\002 K\337\333-\235\200MA`a\313\236\3670^!PH\2155B\362Q\221\370\303\036_\335\3571q\002 \005N\252[&\261\244tg\364\247R\371y\363gp\335\202\214-\336\272Yz \213\005\346ut\265""; previousledger: ""\307\232\020\017\177\025}\320\272\301\007\233=\335""\t\250\332\334\355\260\204\022\250\326\010?\242\301d\215\027""; ","proposeSeq: 0; currentTxHash: ""\000\000\000\000\000\000\000\000\000\000\000\000\000\000\000\000\000\000\000\000\000\000\000\000\000\000\000\000\000\000\000\000""; nodePubKey: ""\002\364d\217\366\217|\316F\232\231\241\n\261\333`\312O\367\235\025DD\336e\367\n\312\326\221\037\025\230""; closeTime: 803842915; signature: ""0D\002 K\337\333-\235\200MA`a\313\236\3670^!PH\2155B\362Q\221\370\303\036_\335\3571q\002 \005N\252[&\261\244tg\364\247R\371y\363gp\335\202\214-\336\272Yz \213\005\346ut\265""; previousledger: ""\307\232\020\017\177\025}\320\272\301\007\233=\335""\t\250\332\334\355\260\204\022\250\326\010?\242\301d\215\027""; "
1750527715488,1750527715488,0,1,3,1,TMProposeSet,"proposeSeq: 0; currentTxHash: ""\000\000\000\000\000\000\000\000\000\000\000\000\000\000\000\000\000\000\000\000\000\000\000\000\000\000\000\000\000\000\000\000""; nodePubKey: ""\002\364d\217\366\217|\316F\232\231\241\n\261\333`\312O\367\235\025DD\336e\367\n\312\326\221\037\025\230""; closeTime: 803842915; signature: ""0D\002 K\337\333-\235\200MA`a\313\236\3670^!PH\2155B\362Q\221\370\303\036_\335\3571q\002 \005N\252[&\261\244tg\364\247R\371y\363gp\335\202\214-\336\272Yz \213\005\346ut\265""; previousledger: ""\307\232\020\017\177\025}\320\272\301\007\233=\335""\t\250\332\334\355\260\204\022\250\326\010?\242\301d\215\027""; ","proposeSeq: 0; currentTxHash: ""\000\000\000\000\000\000\000\000\000\000\000\000\000\000\000\000\000\000\000\000\000\000\000\000\000\000\000\000\000\000\000\000""; nodePubKey: ""\002\364d\217\366\217|\316F\232\231\241\n\261\333`\312O\367\235\025DD\336e\367\n\312\326\221\037\025\230""; closeTime: 803842915; signature: ""0D\002 K\337\333-\235\200MA`a\313\236\3670^!PH\2155B\362Q\221\370\303\036_\335\3571q\002 \005N\252[&\261\244tg\364\247R\371y\363gp\335\202\214-\336\272Yz \213\005\346ut\265""; previousledger: ""\307\232\020\017\177\025}\320\272\301\007\233=\335""\t\250\332\334\355\260\204\022\250\326\010?\242\301d\215\027""; "
1750527715489,1750527715489,0,1,3,0,TMProposeSet,"proposeSeq: 0; currentTxHash: ""\000\000\000\000\000\000\000\000\000\000\000\000\000\000\000\000\000\000\000\000\000\000\000\000\000\000\000\000\000\000\000\000""; nodePubKey: ""\002\364d\217\366\217|\316F\232\231\241\n\261\333`\312O\367\235\025DD\336e\367\n\312\326\221\037\025\230""; closeTime: 803842915; signature: ""0D\002 K\337\333-\235\200MA`a\313\236\3670^!PH\2155B\362Q\221\370\303\036_\335\3571q\002 \005N\252[&\261\244tg\364\247R\371y\363gp\335\202\214-\336\272Yz \213\005\346ut\265""; previousledger: ""\307\232\020\017\177\025}\320\272\301\007\233=\335""\t\250\332\334\355\260\204\022\250\326\010?\242\301d\215\027""; ","proposeSeq: 0; currentTxHash: ""\000\000\000\000\000\000\000\000\000\000\000\000\000\000\000\000\000\000\000\000\000\000\000\000\000\000\000\000\000\000\000\000""; nodePubKey: ""\002\364d\217\366\217|\316F\232\231\241\n\261\333`\312O\367\235\025DD\336e\367\n\312\326\221\037\025\230""; closeTime: 803842915; signature: ""0D\002 K\337\333-\235\200MA`a\313\236\3670^!PH\2155B\362Q\221\370\303\036_\335\3571q\002 \005N\252[&\261\244tg\364\247R\371y\363gp\335\202\214-\336\272Yz \213\005\346ut\265""; previousledger: ""\307\232\020\017\177\025}\320\272\301\007\233=\335""\t\250\332\334\355\260\204\022\250\326\010?\242\301d\215\027""; "
1750527715490,1750527715490,0,1,3,4,TMProposeSet,"proposeSeq: 0; currentTxHash: ""\000\000\000\000\000\000\000\000\000\000\000\000\000\000\000\000\000\000\000\000\000\000\000\000\000\000\000\000\000\000\000\000""; nodePubKey: ""\002\364d\217\366\217|\316F\232\231\241\n\261\333`\312O\367\235\025DD\336e\367\n\312\326\221\037\025\230""; closeTime: 803842915; signature: ""0D\002 K\337\333-\235\200MA`a\313\236\3670^!PH\2155B\362Q\221\370\303\036_\335\3571q\002 \005N\252[&\261\244tg\364\247R\371y\363gp\335\202\214-\336\272Yz \213\005\346ut\265""; previousledger: ""\307\232\020\017\177\025}\320\272\301\007\233=\335""\t\250\332\334\355\260\204\022\250\326\010?\242\301d\215\027""; ","proposeSeq: 0; currentTxHash: ""\000\000\000\000\000\000\000\000\000\000\000\000\000\000\000\000\000\000\000\000\000\000\000\000\000\000\000\000\000\000\000\000""; nodePubKey: ""\002\364d\217\366\217|\316F\232\231\241\n\261\333`\312O\367\235\025DD\336e\367\n\312\326\221\037\025\230""; closeTime: 803842915; signature: ""0D\002 K\337\333-\235\200MA`a\313\236\3670^!PH\2155B\362Q\221\370\303\036_\335\3571q\002 \005N\252[&\261\244tg\364\247R\371y\363gp\335\202\214-\336\272Yz \213\005\346ut\265""; previousledger: ""\307\232\020\017\177\025}\320\272\301\007\233=\335""\t\250\332\334\355\260\204\022\250\326\010?\242\301d\215\027""; "
1750527715493,1750527715493,0,1,4,2,TMProposeSet,"proposeSeq: 0; currentTxHash: ""\000\000\000\000\000\000\000\000\000\000\000\000\000\000\000\000\000\000\000\000\000\000\000\000\000\000\000\000\000\000\000\000""; nodePubKey: ""\002\364d\217\366\217|\316F\232\231\241\n\261\333`\312O\367\235\025DD\336e\367\n\312\326\221\037\025\230""; closeTime: 803842915; signature: ""0D\002 K\337\333-\235\200MA`a\313\236\3670^!PH\2155B\362Q\221\370\303\036_\335\3571q\002 \005N\252[&\261\244tg\364\247R\371y\363gp\335\202\214-\336\272Yz \213\005\346ut\265""; previousledger: ""\307\232\020\017\177\025}\320\272\301\007\233=\335""\t\250\332\334\355\260\204\022\250\326\010?\242\301d\215\027""; ","proposeSeq: 0; currentTxHash: ""\000\000\000\000\000\000\000\000\000\000\000\000\000\000\000\000\000\000\000\000\000\000\000\000\000\000\000\000\000\000\000\000""; nodePubKey: ""\002\364d\217\366\217|\316F\232\231\241\n\261\333`\312O\367\235\025DD\336e\367\n\312\326\221\037\025\230""; closeTime: 803842915; signature: ""0D\002 K\337\333-\235\200MA`a\313\236\3670^!PH\2155B\362Q\221\370\303\036_\335\3571q\002 \005N\252[&\261\244tg\364\247R\371y\363gp\335\202\214-\336\272Yz \213\005\346ut\265""; previousledger: ""\307\232\020\017\177\025}\320\272\301\007\233=\335""\t\250\332\334\355\260\204\022\250\326\010?\242\301d\215\027""; "
1750527715494,1750527715494,0,1,4,0,TMProposeSet,"proposeSeq: 0; currentTxHash: ""\000\000\000\000\000\000\000\000\000\000\000\000\000\000\000\000\000\000\000\000\000\000\000\000\000\000\000\000\000\000\000\000""; nodePubKey: ""\002\364d\217\366\217|\316F\232\231\241\n\261\333`\312O\367\235\025DD\336e\367\n\312\326\221\037\025\230""; closeTime: 803842915; signature: ""0D\002 K\337\333-\235\200MA`a\313\236\3670^!PH\2155B\362Q\221\370\303\036_\335\3571q\002 \005N\252[&\261\244tg\364\247R\371y\363gp\335\202\214-\336\272Yz \213\005\346ut\265""; previousledger: ""\307\232\020\017\177\025}\320\272\301\007\233=\335""\t\250\332\334\355\260\204\022\250\326\010?\242\301d\215\027""; ","proposeSeq: 0; currentTxHash: ""\000\000\000\000\000\000\000\000\000\000\000\000\000\000\000\000\000\000\000\000\000\000\000\000\000\000\000\000\000\000\000\000""; nodePubKey: ""\002\364d\217\366\217|\316F\232\231\241\n\261\333`\312O\367\235\025DD\336e\367\n\312\326\221\037\025\230""; closeTime: 803842915; signature: ""0D\002 K\337\333-\235\200MA`a\313\236\3670^!PH\2155B\362Q\221\370\303\036_\335\3571q\002 \005N\252[&\261\244tg\364\247R\371y\363gp\335\202\214-\336\272Yz \213\005\346ut\265""; previousledger: ""\307\232\020\017\177\025}\320\272\301\007\233=\335""\t\250\332\334\355\260\204\022\250\326\010?\242\301d\215\027""; "
1750527715494,1750527715495,0,1,4,1,TMProposeSet,"proposeSeq: 0; currentTxHash: ""\000\000\000\000\000\000\000\000\000\000\000\000\000\000\000\000\000\000\000\000\000\000\000\000\000\000\000\000\000\000\000\000""; nodePubKey: ""\002\364d\217\366\217|\316F\232\231\241\n\261\333`\312O\367\235\025DD\336e\367\n\312\326\221\037\025\230""; closeTime: 803842915; signature: ""0D\002 K\337\333-\235\200MA`a\313\236\3670^!PH\2155B\362Q\221\370\303\036_\335\3571q\002 \005N\252[&\261\244tg\364\247R\371y\363gp\335\202\214-\336\272Yz \213\005\346ut\265""; previousledger: ""\307\232\020\017\177\025}\320\272\301\007\233=\335""\t\250\332\334\355\260\204\022\250\326\010?\242\301d\215\027""; ","proposeSeq: 0; currentTxHash: ""\000\000\000\000\000\000\000\000\000\000\000\000\000\000\000\000\000\000\000\000\000\000\000\000\000\000\000\000\000\000\000\000""; nodePubKey: ""\002\364d\217\366\217|\316F\232\231\241\n\261\333`\312O\367\235\025DD\336e\367\n\312\326\221\037\025\230""; closeTime: 803842915; signature: ""0D\002 K\337\333-\235\200MA`a\313\236\3670^!PH\2155B\362Q\221\370\303\036_\335\3571q\002 \005N\252[&\261\244tg\364\247R\371y\363gp\335\202\214-\336\272Yz \213\005\346ut\265""; previousledger: ""\307\232\020\017\177\025}\320\272\301\007\233=\335""\t\250\332\334\355\260\204\022\250\326\010?\242\301d\215\027""; "
1750527715485,1750527715562,0,1,3,2,TMStatusChange,"newEvent: neCLOSING_LEDGER; ledgerSeq: 58; ledgerHash: ""\307\232\020\017\177\025}\320\272\301\007\233=\335""\t\250\332\334\355\260\204\022\250\326\010?\242\301d\215\027""; ledgerHashPrevious: ""j\262\235LC5\315,\2758.\025\251J\276\032\252\276\237\336w\275\306no\345t\317\355,\333\255""; networkTime: 803842915; firstSeq: 1; lastSeq: 58; ","newEvent: neCLOSING_LEDGER; ledgerSeq: 58; ledgerHash: ""\307\232\020\017\177\025}\320\272\301\007\233=\335""\t\250\332\334\355\260\204\022\250\326\010?\242\301d\215\027""; ledgerHashPrevious: ""j\262\235LC5\315,\2758.\025\251J\276\032\252\276\237\336w\275\306no\345t\317\355,\333\255""; networkTime: 803842915; firstSeq: 1; lastSeq: 58; "
1750527715491,1750527715563,0,1,3,1,TMStatusChange,"newEvent: neCLOSING_LEDGER; ledgerSeq: 58; ledgerHash: ""\307\232\020\017\177\025}\320\272\301\007\233=\335""\t\250\332\334\355\260\204\022\250\326\010?\242\301d\215\027""; ledgerHashPrevious: ""j\262\235LC5\315,\2758.\025\251J\276\032\252\276\237\336w\275\306no\345t\317\355,\333\255""; networkTime: 803842915; firstSeq: 1; lastSeq: 58; ","newEvent: neCLOSING_LEDGER; ledgerSeq: 58; ledgerHash: ""\307\232\020\017\177\025}\320\272\301\007\233=\335""\t\250\332\334\355\260\204\022\250\326\010?\242\301d\215\027""; ledgerHashPrevious: ""j\262\235LC5\315,\2758.\025\251J\276\032\252\276\237\336w\275\306no\345t\317\355,\333\255""; networkTime: 803842915; firstSeq: 1; lastSeq: 58; "
1750527715489,1750527715563,0,1,3,0,TMStatusChange,"newEvent: neCLOSING_LEDGER; ledgerSeq: 58; ledgerHash: ""\307\232\020\017\177\025}\320\272\301\007\233=\335""\t\250\332\334\355\260\204\022\250\326\010?\242\301d\215\027""; ledgerHashPrevious: ""j\262\235LC5\315,\2758.\025\251J\276\032\252\276\237\336w\275\306no\345t\317\355,\333\255""; networkTime: 803842915; firstSeq: 1; lastSeq: 58; ","newEvent: neCLOSING_LEDGER; ledgerSeq: 58; ledgerHash: ""\307\232\020\017\177\025}\320\272\301\007\233=\335""\t\250\332\334\355\260\204\022\250\326\010?\242\301d\215\027""; ledgerHashPrevious: ""j\262\235LC5\315,\2758.\025\251J\276\032\252\276\237\336w\275\306no\345t\317\355,\333\255""; networkTime: 803842915; firstSeq: 1; lastSeq: 58; "
1750527715488,1750527715562,0,1,3,4,TMStatusChange,"newEvent: neCLOSING_LEDGER; ledgerSeq: 58; ledgerHash: ""\307\232\020\017\177\025}\320\272\301\007\233=\335""\t\250\332\334\355\260\204\022\250\326\010?\242\301d\215\027""; ledgerHashPrevious: ""j\262\235LC5\315,\2758.\025\251J\276\032\252\276\237\336w\275\306no\345t\317\355,\333\255""; networkTime: 803842915; firstSeq: 1; lastSeq: 58; ","newEvent: neCLOSING_LEDGER; ledgerSeq: 58; ledgerHash: ""\307\232\020\017\177\025}\320\272\301\007\233=\335""\t\250\332\334\355\260\204\022\250\326\010?\242\301d\215\027""; ledgerHashPrevious: ""j\262\235LC5\315,\2758.\025\251J\276\032\252\276\237\336w\275\306no\345t\317\355,\333\255""; networkTime: 803842915; firstSeq: 1; lastSeq: 58; "
1750527715647,1750527715648,0,1,4,1,TMProposeSet,"proposeSeq: 0; currentTxHash: ""\000\000\000\000\000\000\000\000\000\000\000\000\000\000\000\000\000\000\000\000\000\000\000\000\000\000\000\000\000\000\000\000""; nodePubKey: ""\003R7o\362bV\300hf\266\241;}\200^\374\240\203[:\342Q\225\221\027y\372\255\235\216\323~""; closeTime: 803842915; signature: ""0D\002 a0A\255\334R\377b\032\243\300\314G6\354\306\331%\035\201\244!W\371i\374\273n\266\004\241\317\002 A:\263\344\030\212d\332\2323\342s\311\244\344\256\324+\271\240\370\274\303\265\323\373\022\274W\341\254\367""; previousledger: ""\307\232\020\017\177\025}\320\272\301\007\233=\335""\t\250\332\334\355\260\204\022\250\326\010?\242\301d\215\027""; ","proposeSeq: 0; currentTxHash: ""\000\000\000\000\000\000\000\000\000\000\000\000\000\000\000\000\000\000\000\000\000\000\000\000\000\000\000\000\000\000\000\000""; nodePubKey: ""\003R7o\362bV\300hf\266\241;}\200^\374\240\203[:\342Q\225\221\027y\372\255\235\216\323~""; closeTime: 803842915; signature: ""0D\002 a0A\255\334R\377b\032\243\300\314G6\354\306\331%\035\201\244!W\371i\374\273n\266\004\241\317\002 A:\263\344\030\212d\332\2323\342s\311\244\344\256\324+\271\240\370\274\303\265\323\373\022\274W\341\254\367""; previousledger: ""\307\232\020\017\177\025}\320\272\301\007\233=\335""\t\250\332\334\355\260\204\022\250\326\010?\242\301d\215\027""; "
1750527715648,1750527715648,0,1,4,3,TMProposeSet,"proposeSeq: 0; currentTxHash: ""\000\000\000\000\000\000\000\000\000\000\000\000\000\000\000\000\000\000\000\000\000\000\000\000\000\000\000\000\000\000\000\000""; nodePubKey: ""\003R7o\362bV\300hf\266\241;}\200^\374\240\203[:\342Q\225\221\027y\372\255\235\216\323~""; closeTime: 803842915; signature: ""0D\002 a0A\255\334R\377b\032\243\300\314G6\354\306\331%\035\201\244!W\371i\374\273n\266\004\241\317\002 A:\263\344\030\212d\332\2323\342s\311\244\344\256\324+\271\240\370\274\303\265\323\373\022\274W\341\254\367""; previousledger: ""\307\232\020\017\177\025}\320\272\301\007\233=\335""\t\250\332\334\355\260\204\022\250\326\010?\242\301d\215\027""; ","proposeSeq: 0; currentTxHash: ""\000\000\000\000\000\000\000\000\000\000\000\000\000\000\000\000\000\000\000\000\000\000\000\000\000\000\000\000\000\000\000\000""; nodePubKey: ""\003R7o\362bV\300hf\266\241;}\200^\374\240\203[:\342Q\225\221\027y\372\255\235\216\323~""; closeTime: 803842915; signature: ""0D\002 a0A\255\334R\377b\032\243\300\314G6\354\306\331%\035\201\244!W\371i\374\273n\266\004\241\317\002 A:\263\344\030\212d\332\2323\342s\311\244\344\256\324+\271\240\370\274\303\265\323\373\022\274W\341\254\367""; previousledger: ""\307\232\020\017\177\025}\320\272\301\007\233=\335""\t\250\332\334\355\260\204\022\250\326\010?\242\301d\215\027""; "
1750527715649,1750527715649,0,1,4,0,TMProposeSet,"proposeSeq: 0; currentTxHash: ""\000\000\000\000\000\000\000\000\000\000\000\000\000\000\000\000\000\000\000\000\000\000\000\000\000\000\000\000\000\000\000\000""; nodePubKey: ""\003R7o\362bV\300hf\266\241;}\200^\374\240\203[:\342Q\225\221\027y\372\255\235\216\323~""; closeTime: 803842915; signature: ""0D\002 a0A\255\334R\377b\032\243\300\314G6\354\306\331%\035\201\244!W\371i\374\273n\266\004\241\317\002 A:\263\344\030\212d\332\2323\342s\311\244\344\256\324+\271\240\370\274\303\265\323\373\022\274W\341\254\367""; previousledger: ""\307\232\020\017\177\025}\320\272\301\007\233=\335""\t\250\332\334\355\260\204\022\250\326\010?\242\301d\215\027""; ","proposeSeq: 0; currentTxHash: ""\000\000\000\000\000\000\000\000\000\000\000\000\000\000\000\000\000\000\000\000\000\000\000\000\000\000\000\000\000\000\000\000""; nodePubKey: ""\003R7o\362bV\300hf\266\241;}\200^\374\240\203[:\342Q\225\221\027y\372\255\235\216\323~""; closeTime: 803842915; signature: ""0D\002 a0A\255\334R\377b\032\243\300\314G6\354\306\331%\035\201\244!W\371i\374\273n\266\004\241\317\002 A:\263\344\030\212d\332\2323\342s\311\244\344\256\324+\271\240\370\274\303\265\323\373\022\274W\341\254\367""; previousledger: ""\307\232\020\017\177\025}\320\272\301\007\233=\335""\t\250\332\334\355\260\204\022\250\326\010?\242\301d\215\027""; "
1750527715650,1750527715650,0,1,4,2,TMProposeSet,"proposeSeq: 0; currentTxHash: ""\000\000\000\000\000\000\000\000\000\000\000\000\000\000\000\000\000\000\000\000\000\000\000\000\000\000\000\000\000\000\000\000""; nodePubKey: ""\003R7o\362bV\300hf\266\241;}\200^\374\240\203[:\342Q\225\221\027y\372\255\235\216\323~""; closeTime: 803842915; signature: ""0D\002 a0A\255\334R\377b\032\243\300\314G6\354\306\331%\035\201\244!W\371i\374\273n\266\004\241\317\002 A:\263\344\030\212d\332\2323\342s\311\244\344\256\324+\271\240\370\274\303\265\323\373\022\274W\341\254\367""; previousledger: ""\307\232\020\017\177\025}\320\272\301\007\233=\335""\t\250\332\334\355\260\204\022\250\326\010?\242\301d\215\027""; ","proposeSeq: 0; currentTxHash: ""\000\000\000\000\000\000\000\000\000\000\000\000\000\000\000\000\000\000\000\000\000\000\000\000\000\000\000\000\000\000\000\000""; nodePubKey: ""\003R7o\362bV\300hf\266\241;}\200^\374\240\203[:\342Q\225\221\027y\372\255\235\216\323~""; closeTime: 803842915; signature: ""0D\002 a0A\255\334R\377b\032\243\300\314G6\354\306\331%\035\201\244!W\371i\374\273n\266\004\241\317\002 A:\263\344\030\212d\332\2323\342s\311\244\344\256\324+\271\240\370\274\303\265\323\373\022\274W\341\254\367""; previousledger: ""\307\232\020\017\177\025}\320\272\301\007\233=\335""\t\250\332\334\355\260\204\022\250\326\010?\242\301d\215\027""; "
1750527715653,1750527715653,0,1,3,0,TMProposeSet,"proposeSeq: 0; currentTxHash: ""\000\000\000\000\000\000\000\000\000\000\000\000\000\000\000\000\000\000\000\000\000\000\000\000\000\000\000\000\000\000\000\000""; nodePubKey: ""\003R7o\362bV\300hf\266\241;}\200^\374\240\203[:\342Q\225\221\027y\372\255\235\216\323~""; closeTime: 803842915; signature: ""0D\002 a0A\255\334R\377b\032\243\300\314G6\354\306\331%\035\201\244!W\371i\374\273n\266\004\241\317\002 A:\263\344\030\212d\332\2323\342s\311\244\344\256\324+\271\240\370\274\303\265\323\373\022\274W\341\254\367""; previousledger: ""\307\232\020\017\177\025}\320\272\301\007\233=\335""\t\250\332\334\355\260\204\022\250\326\010?\242\301d\215\027""; ","proposeSeq: 0; currentTxHash: ""\000\000\000\000\000\000\000\000\000\000\000\000\000\000\000\000\000\000\000\000\000\000\000\000\000\000\000\000\000\000\000\000""; nodePubKey: ""\003R7o\362bV\300hf\266\241;}\200^\374\240\203[:\342Q\225\221\027y\372\255\235\216\323~""; closeTime: 803842915; signature: ""0D\002 a0A\255\334R\377b\032\243\300\314G6\354\306\331%\035\201\244!W\371i\374\273n\266\004\241\317\002 A:\263\344\030\212d\332\2323\342s\311\244\344\256\324+\271\240\370\274\303\265\323\373\022\274W\341\254\367""; previousledger: ""\307\232\020\017\177\025}\320\272\301\007\233=\335""\t\250\332\334\355\260\204\022\250\326\010?\242\301d\215\027""; "
1750527715654,1750527715654,0,1,3,1,TMProposeSet,"proposeSeq: 0; currentTxHash: ""\000\000\000\000\000\000\000\000\000\000\000\000\000\000\000\000\000\000\000\000\000\000\000\000\000\000\000\000\000\000\000\000""; nodePubKey: ""\003R7o\362bV\300hf\266\241;}\200^\374\240\203[:\342Q\225\221\027y\372\255\235\216\323~""; closeTime: 803842915; signature: ""0D\002 a0A\255\334R\377b\032\243\300\314G6\354\306\331%\035\201\244!W\371i\374\273n\266\004\241\317\002 A:\263\344\030\212d\332\2323\342s\311\244\344\256\324+\271\240\370\274\303\265\323\373\022\274W\341\254\367""; previousledger: ""\307\232\020\017\177\025}\320\272\301\007\233=\335""\t\250\332\334\355\260\204\022\250\326\010?\242\301d\215\027""; ","proposeSeq: 0; currentTxHash: ""\000\000\000\000\000\000\000\000\000\000\000\000\000\000\000\000\000\000\000\000\000\000\000\000\000\000\000\000\000\000\000\000""; nodePubKey: ""\003R7o\362bV\300hf\266\241;}\200^\374\240\203[:\342Q\225\221\027y\372\255\235\216\323~""; closeTime: 803842915; signature: ""0D\002 a0A\255\334R\377b\032\243\300\314G6\354\306\331%\035\201\244!W\371i\374\273n\266\004\241\317\002 A:\263\344\030\212d\332\2323\342s\311\244\344\256\324+\271\240\370\274\303\265\323\373\022\274W\341\254\367""; previousledger: ""\307\232\020\017\177\025}\320\272\301\007\233=\335""\t\250\332\334\355\260\204\022\250\326\010?\242\301d\215\027""; "
1750527715654,1750527715654,0,1,3,2,TMProposeSet,"proposeSeq: 0; currentTxHash: ""\000\000\000\000\000\000\000\000\000\000\000\000\000\000\000\000\000\000\000\000\000\000\000\000\000\000\000\000\000\000\000\000""; nodePubKey: ""\003R7o\362bV\300hf\266\241;}\200^\374\240\203[:\342Q\225\221\027y\372\255\235\216\323~""; closeTime: 803842915; signature: ""0D\002 a0A\255\334R\377b\032\243\300\314G6\354\306\331%\035\201\244!W\371i\374\273n\266\004\241\317\002 A:\263\344\030\212d\332\2323\342s\311\244\344\256\324+\271\240\370\274\303\265\323\373\022\274W\341\254\367""; previousledger: ""\307\232\020\017\177\025}\320\272\301\007\233=\335""\t\250\332\334\355\260\204\022\250\326\010?\242\301d\215\027""; ","proposeSeq: 0; currentTxHash: ""\000\000\000\000\000\000\000\000\000\000\000\000\000\000\000\000\000\000\000\000\000\000\000\000\000\000\000\000\000\000\000\000""; nodePubKey: ""\003R7o\362bV\300hf\266\241;}\200^\374\240\203[:\342Q\225\221\027y\372\255\235\216\323~""; closeTime: 803842915; signature: ""0D\002 a0A\255\334R\377b\032\243\300\314G6\354\306\331%\035\201\244!W\371i\374\273n\266\004\241\317\002 A:\263\344\030\212d\332\2323\342s\311\244\344\256\324+\271\240\370\274\303\265\323\373\022\274W\341\254\367""; previousledger: ""\307\232\020\017\177\025}\320\272\301\007\233=\335""\t\250\332\334\355\260\204\022\250\326\010?\242\301d\215\027""; "
1750527715647,1750527715706,0,1,4,3,TMStatusChange,"newEvent: neCLOSING_LEDGER; ledgerSeq: 58; ledgerHash: ""\307\232\020\017\177\025}\320\272\301\007\233=\335""\t\250\332\334\355\260\204\022\250\326\010?\242\301d\215\027""; ledgerHashPrevious: ""j\262\235LC5\315,\2758.\025\251J\276\032\252\276\237\336w\275\306no\345t\317\355,\333\255""; networkTime: 803842915; firstSeq: 1; lastSeq: 58; ","newEvent: neCLOSING_LEDGER; ledgerSeq: 58; ledgerHash: ""\307\232\020\017\177\025}\320\272\301\007\233=\335""\t\250\332\334\355\260\204\022\250\326\010?\242\301d\215\027""; ledgerHashPrevious: ""j\262\235LC5\315,\2758.\025\251J\276\032\252\276\237\336w\275\306no\345t\317\355,\333\255""; networkTime: 803842915; firstSeq: 1; lastSeq: 58; "
1750527715650,1750527715707,0,1,4,1,TMStatusChange,"newEvent: neCLOSING_LEDGER; ledgerSeq: 58; ledgerHash: ""\307\232\020\017\177\025}\320\272\301\007\233=\335""\t\250\332\334\355\260\204\022\250\326\010?\242\301d\215\027""; ledgerHashPrevious: ""j\262\235LC5\315,\2758.\025\251J\276\032\252\276\237\336w\275\306no\345t\317\355,\333\255""; networkTime: 803842915; firstSeq: 1; lastSeq: 58; ","newEvent: neCLOSING_LEDGER; ledgerSeq: 58; ledgerHash: ""\307\232\020\017\177\025}\320\272\301\007\233=\335""\t\250\332\334\355\260\204\022\250\326\010?\242\301d\215\027""; ledgerHashPrevious: ""j\262\235LC5\315,\2758.\025\251J\276\032\252\276\237\336w\275\306no\345t\317\355,\333\255""; networkTime: 803842915; firstSeq: 1; lastSeq: 58; "
1750527715650,1750527715707,0,1,4,0,TMStatusChange,"newEvent: neCLOSING_LEDGER; ledgerSeq: 58; ledgerHash: ""\307\232\020\017\177\025}\320\272\301\007\233=\335""\t\250\332\334\355\260\204\022\250\326\010?\242\301d\215\027""; ledgerHashPrevious: ""j\262\235LC5\315,\2758.\025\251J\276\032\252\276\237\336w\275\306no\345t\317\355,\333\255""; networkTime: 803842915; firstSeq: 1; lastSeq: 58; ","newEvent: neCLOSING_LEDGER; ledgerSeq: 58; ledgerHash: ""\307\232\020\017\177\025}\320\272\301\007\233=\335""\t\250\332\334\355\260\204\022\250\326\010?\242\301d\215\027""; ledgerHashPrevious: ""j\262\235LC5\315,\2758.\025\251J\276\032\252\276\237\336w\275\306no\345t\317\355,\333\255""; networkTime: 803842915; firstSeq: 1; lastSeq: 58; "
1750527715649,1750527715706,0,1,4,2,TMStatusChange,"newEvent: neCLOSING_LEDGER; ledgerSeq: 58; ledgerHash: ""\307\232\020\017\177\025}\320\272\301\007\233=\335""\t\250\332\334\355\260\204\022\250\326\010?\242\301d\215\027""; ledgerHashPrevious: ""j\262\235LC5\315,\2758.\025\251J\276\032\252\276\237\336w\275\306no\345t\317\355,\333\255""; networkTime: 803842915; firstSeq: 1; lastSeq: 58; ","newEvent: neCLOSING_LEDGER; ledgerSeq: 58; ledgerHash: ""\307\232\020\017\177\025}\320\272\301\007\233=\335""\t\250\332\334\355\260\204\022\250\326\010?\242\301d\215\027""; ledgerHashPrevious: ""j\262\235LC5\315,\2758.\025\251J\276\032\252\276\237\336w\275\306no\345t\317\355,\333\255""; networkTime: 803842915; firstSeq: 1; lastSeq: 58; "
1750527715712,1750527715712,0,1,1,2,TMStatusChange,"newEvent: neACCEPTED_LEDGER; ledgerSeq: 16; ledgerHash: ""\377y_\362\222\256\371\353:\006.\303s\371\2747\323\030g\016d\3074\255\257-\252\354\243$\313,""; ledgerHashPrevious: ""?'/Q%\346\271\030\341\353\340\321\030\333\217\021\027&\177\245\201\370;\352\262k\224\203)@O\025""; networkTime: 803842915; firstSeq: 1; lastSeq: 58; ","newEvent: neACCEPTED_LEDGER; ledgerSeq: 16; ledgerHash: ""\377y_\362\222\256\371\353:\006.\303s\371\2747\323\030g\016d\3074\255\257-\252\354\243$\313,""; ledgerHashPrevious: ""?'/Q%\346\271\030\341\353\340\321\030\333\217\021\027&\177\245\201\370;\352\262k\224\203)@O\025""; networkTime: 803842915; firstSeq: 1; lastSeq: 58; "
1750527715712,1750527715712,0,1,1,4,TMStatusChange,"newEvent: neACCEPTED_LEDGER; ledgerSeq: 16; ledgerHash: ""\377y_\362\222\256\371\353:\006.\303s\371\2747\323\030g\016d\3074\255\257-\252\354\243$\313,""; ledgerHashPrevious: ""?'/Q%\346\271\030\341\353\340\321\030\333\217\021\027&\177\245\201\370;\352\262k\224\203)@O\025""; networkTime: 803842915; firstSeq: 1; lastSeq: 58; ","newEvent: neACCEPTED_LEDGER; ledgerSeq: 16; ledgerHash: ""\377y_\362\222\256\371\353:\006.\303s\371\2747\323\030g\016d\3074\255\257-\252\354\243$\313,""; ledgerHashPrevious: ""?'/Q%\346\271\030\341\353\340\321\030\333\217\021\027&\177\245\201\370;\352\262k\224\203)@O\025""; networkTime: 803842915; firstSeq: 1; lastSeq: 58; "
1750527715714,1750527715714,0,1,1,0,TMStatusChange,"newEvent: neACCEPTED_LEDGER; ledgerSeq: 16; ledgerHash: ""\377y_\362\222\256\371\353:\006.\303s\371\2747\323\030g\016d\3074\255\257-\252\354\243$\313,""; ledgerHashPrevious: ""?'/Q%\346\271\030\341\353\340\321\030\333\217\021\027&\177\245\201\370;\352\262k\224\203)@O\025""; networkTime: 803842915; firstSeq: 1; lastSeq: 58; ","newEvent: neACCEPTED_LEDGER; ledgerSeq: 16; ledgerHash: ""\377y_\362\222\256\371\353:\006.\303s\371\2747\323\030g\016d\3074\255\257-\252\354\243$\313,""; ledgerHashPrevious: ""?'/Q%\346\271\030\341\353\340\321\030\333\217\021\027&\177\245\201\370;\352\262k\224\203)@O\025""; networkTime: 803842915; firstSeq: 1; lastSeq: 58; "
1750527715714,1750527715714,0,1,1,3,TMStatusChange,"newEvent: neACCEPTED_LEDGER; ledgerSeq: 16; ledgerHash: ""\377y_\362\222\256\371\353:\006.\303s\371\2747\323\030g\016d\3074\255\257-\252\354\243$\313,""; ledgerHashPrevious: ""?'/Q%\346\271\030\341\353\340\321\030\333\217\021\027&\177\245\201\370;\352\262k\224\203)@O\025""; networkTime: 803842915; firstSeq: 1; lastSeq: 58; ","newEvent: neACCEPTED_LEDGER; ledgerSeq: 16; ledgerHash: ""\377y_\362\222\256\371\353:\006.\303s\371\2747\323\030g\016d\3074\255\257-\252\354\243$\313,""; ledgerHashPrevious: ""?'/Q%\346\271\030\341\353\340\321\030\333\217\021\027&\177\245\201\370;\352\262k\224\203)@O\025""; networkTime: 803842915; firstSeq: 1; lastSeq: 58; "
1750527717486,1750527717486,0,1,3,4,TMValidation,"validation: """"\200\000\000\001&\000\000\000;)/\351\253e:p\210\265\307-\212\200\004Q\353\270\277[|\226k\277\033\230\347|B!\272\364W>\t\010\227t\301Md\r\3451\215PFmP\027\000\000\000\000\000\000\000\000\000\000\000\000\000\000\000\000\000\000\000\000\000\000\000\000\000\000\000\000\000\000\000\000P\031\307\232\020\017\177\025}\320\272\301\007\233=\335""\t\250\332\334\355\260\204\022\250\326\010?\242\301d\215\027s!\002\364d\217\366\217|\316F\232\231\241\n\261\333`\312O\367\235\025DD\336e\367\n\312\326\221\037\025\230vF0D\002 \034\200u\314\250P\026\322\340%;\3611\265iZ\217\240r\372\340*\264E\320%\355p\237\215C\017\002 $\245'\244C\006\002\222$\3372\323G\023\241\371\211AI$6xJ\230\212\246\365\343\030\223~\307""; ","validation: """"\200\000\000\001&\000\000\000;)/\351\253e:p\210\265\307-\212\200\004Q\353\270\277[|\226k\277\033\230\347|B!\272\364W>\t\010\227t\301Md\r\3451\215PFmP\027\000\000\000\000\000\000\000\000\000\000\000\000\000\000\000\000\000\000\000\000\000\000\000\000\000\000\000\000\000\000\000\000P\031\307\232\020\017\177\025}\320\272\301\007\233=\335""\t\250\332\334\355\260\204\022\250\326\010?\242\301d\215\027s!\002\364d\217\366\217|\316F\232\231\241\n\261\333`\312O\367\235\025DD\336e\367\n\312\326\221\037\025\230vF0D\002 \034\200u\314\250P\026\322\340%;\3611\265iZ\217\240r\372\340*\264E\320%\355p\237\215C\017\002 $\245'\244C\006\002\222$\3372\323G\023\241\371\211AI$6xJ\230\212\246\365\343\030\223~\307""; "
1750527717488,1750527717489,0,1,3,0,TMValidation,"validation: """"\200\000\000\001&\000\000\000;)/\351\253e:p\210\265\307-\212\200\004Q\353\270\277[|\226k\277\033\230\347|B!\272\364W>\t\010\227t\301Md\r\3451\215PFmP\027\000\000\000\000\000\000\000\000\000\000\000\000\000\000\000\000\000\000\000\000\000\000\000\000\000\000\000\000\000\000\000\000P\031\307\232\020\017\177\025}\320\272\301\007\233=\335""\t\250\332\334\355\260\204\022\250\326\010?\242\301d\215\027s!\002\364d\217\366\217|\316F\232\231\241\n\261\333`\312O\367\235\025DD\336e\367\n\312\326\221\037\025\230vF0D\002 \034\200u\314\250P\026\322\340%;\3611\265iZ\217\240r\372\340*\264E\320%\355p\237\215C\017\002 $\245'\244C\006\002\222$\3372\323G\023\241\371\211AI$6xJ\230\212\246\365\343\030\223~\307""; ","validation: """"\200\000\000\001&\000\000\000;)/\351\253e:p\210\265\307-\212\200\004Q\353\270\277[|\226k\277\033\230\347|B!\272\364W>\t\010\227t\301Md\r\3451\215PFmP\027\000\000\000\000\000\000\000\000\000\000\000\000\000\000\000\000\000\000\000\000\000\000\000\000\000\000\000\000\000\000\000\000P\031\307\232\020\017\177\025}\320\272\301\007\233=\335""\t\250\332\334\355\260\204\022\250\326\010?\242\301d\215\027s!\002\364d\217\366\217|\316F\232\231\241\n\261\333`\312O\367\235\025DD\336e\367\n\312\326\221\037\025\230vF0D\002 \034\200u\314\250P\026\322\340%;\3611\265iZ\217\240r\372\340*\264E\320%\355p\237\215C\017\002 $\245'\244C\006\002\222$\3372\323G\023\241\371\211AI$6xJ\230\212\246\365\343\030\223~\307""; "
1750527717489,1750527717489,0,1,3,2,TMStatusChange,"newEvent: neACCEPTED_LEDGER; ledgerSeq: 59; ledgerHash: ""\353\270\277[|\226k\277\033\230\347|B!\272\364W>\t\010\227t\301Md\r\3451\215PFm""; ledgerHashPrevious: ""\307\232\020\017\177\025}\320\272\301\007\233=\335""\t\250\332\334\355\260\204\022\250\326\010?\242\301d\215\027""; networkTime: 803842917; firstSeq: 1; lastSeq: 58; ","newEvent: neACCEPTED_LEDGER; ledgerSeq: 59; ledgerHash: ""\353\270\277[|\226k\277\033\230\347|B!\272\364W>\t\010\227t\301Md\r\3451\215PFm""; ledgerHashPrevious: ""\307\232\020\017\177\025}\320\272\301\007\233=\335""\t\250\332\334\355\260\204\022\250\326\010?\242\301d\215\027""; networkTime: 803842917; firstSeq: 1; lastSeq: 58; "
1750527717489,1750527717489,0,1,3,2,TMValidation,"validation: """"\200\000\000\001&\000\000\000;)/\351\253e:p\210\265\307-\212\200\004Q\353\270\277[|\226k\277\033\230\347|B!\272\364W>\t\010\227t\301Md\r\3451\215PFmP\027\000\000\000\000\000\000\000\000\000\000\000\000\000\000\000\000\000\000\000\000\000\000\000\000\000\000\000\000\000\000\000\000P\031\307\232\020\017\177\025}\320\272\301\007\233=\335""\t\250\332\334\355\260\204\022\250\326\010?\242\301d\215\027s!\002\364d\217\366\217|\316F\232\231\241\n\261\333`\312O\367\235\025DD\336e\367\n\312\326\221\037\025\230vF0D\002 \034\200u\314\250P\026\322\340%;\3611\265iZ\217\240r\372\340*\264E\320%\355p\237\215C\017\002 $\245'\244C\006\002\222$\3372\323G\023\241\371\211AI$6xJ\230\212\246\365\343\030\223~\307""; ","validation: """"\200\000\000\001&\000\000\000;)/\351\253e:p\210\265\307-\212\200\004Q\353\270\277[|\226k\277\033\230\347|B!\272\364W>\t\010\227t\301Md\r\3451\215PFmP\027\000\000\000\000\000\000\000\000\000\000\000\000\000\000\000\000\000\000\000\000\000\000\000\000\000\000\000\000\000\000\000\000P\031\307\232\020\017\177\025}\320\272\301\007\233=\335""\t\250\332\334\355\260\204\022\250\326\010?\242\301d\215\027s!\002\364d\217\366\217|\316F\232\231\241\n\261\333`\312O\367\235\025DD\336e\367\n\312\326\221\037\025\230vF0D\002 \034\200u\314\250P\026\322\340%;\3611\265iZ\217\240r\372\340*\264E\320%\355p\237\215C\017\002 $\245'\244C\006\002\222$\3372\323G\023\241\371\211AI$6xJ\230\212\246\365\343\030\223~\307""; "
1750527717489,1750527717489,0,1,3,4,TMStatusChange,"newEvent: neACCEPTED_LEDGER; ledgerSeq: 59; ledgerHash: ""\353\270\277[|\226k\277\033\230\347|B!\272\364W>\t\010\227t\301Md\r\3451\215PFm""; ledgerHashPrevious: ""\307\232\020\017\177\025}\320\272\301\007\233=\335""\t\250\332\334\355\260\204\022\250\326\010?\242\301d\215\027""; networkTime: 803842917; firstSeq: 1; lastSeq: 58; ","newEvent: neACCEPTED_LEDGER; ledgerSeq: 59; ledgerHash: ""\353\270\277[|\226k\277\033\230\347|B!\272\364W>\t\010\227t\301Md\r\3451\215PFm""; ledgerHashPrevious: ""\307\232\020\017\177\025}\320\272\301\007\233=\335""\t\250\332\334\355\260\204\022\250\326\010?\242\301d\215\027""; networkTime: 803842917; firstSeq: 1; lastSeq: 58; "
1750527717490,1750527717490,0,1,3,0,TMStatusChange,"newEvent: neACCEPTED_LEDGER; ledgerSeq: 59; ledgerHash: ""\353\270\277[|\226k\277\033\230\347|B!\272\364W>\t\010\227t\301Md\r\3451\215PFm""; ledgerHashPrevious: ""\307\232\020\017\177\025}\320\272\301\007\233=\335""\t\250\332\334\355\260\204\022\250\326\010?\242\301d\215\027""; networkTime: 803842917; firstSeq: 1; lastSeq: 58; ","newEvent: neACCEPTED_LEDGER; ledgerSeq: 59; ledgerHash: ""\353\270\277[|\226k\277\033\230\347|B!\272\364W>\t\010\227t\301Md\r\3451\215PFm""; ledgerHashPrevious: ""\307\232\020\017\177\025}\320\272\301\007\233=\335""\t\250\332\334\355\260\204\022\250\326\010?\242\301d\215\027""; networkTime: 803842917; firstSeq: 1; lastSeq: 58; "
1750527717490,1750527717490,0,1,3,1,TMValidation,"validation: """"\200\000\000\001&\000\000\000;)/\351\253e:p\210\265\307-\212\200\004Q\353\270\277[|\226k\277\033\230\347|B!\272\364W>\t\010\227t\301Md\r\3451\215PFmP\027\000\000\000\000\000\000\000\000\000\000\000\000\000\000\000\000\000\000\000\000\000\000\000\000\000\000\000\000\000\000\000\000P\031\307\232\020\017\177\025}\320\272\301\007\233=\335""\t\250\332\334\355\260\204\022\250\326\010?\242\301d\215\027s!\002\364d\217\366\217|\316F\232\231\241\n\261\333`\312O\367\235\025DD\336e\367\n\312\326\221\037\025\230vF0D\002 \034\200u\314\250P\026\322\340%;\3611\265iZ\217\240r\372\340*\264E\320%\355p\237\215C\017\002 $\245'\244C\006\002\222$\3372\323G\023\241\371\211AI$6xJ\230\212\246\365\343\030\223~\307""; ","validation: """"\200\000\000\001&\000\000\000;)/\351\253e:p\210\265\307-\212\200\004Q\353\270\277[|\226k\277\033\230\347|B!\272\364W>\t\010\227t\301Md\r\3451\215PFmP\027\000\000\000\000\000\000\000\000\000\000\000\000\000\000\000\000\000\000\000\000\000\000\000\000\000\000\000\000\000\000\000\000P\031\307\232\020\017\177\025}\320\272\301\007\233=\335""\t\250\332\334\355\260\204\022\250\326\010?\242\301d\215\027s!\002\364d\217\366\217|\316F\232\231\241\n\261\333`\312O\367\235\025DD\336e\367\n\312\326\221\037\025\230vF0D\002 \034\200u\314\250P\026\322\340%;\3611\265iZ\217\240r\372\340*\264E\320%\355p\237\215C\017\002 $\245'\244C\006\002\222$\3372\323G\023\241\371\211AI$6xJ\230\212\246\365\343\030\223~\307""; "
1750527717491,1750527717491,0,1,3,1,TMStatusChange,"newEvent: neACCEPTED_LEDGER; ledgerSeq: 59; ledgerHash: ""\353\270\277[|\226k\277\033\230\347|B!\272\364W>\t\010\227t\301Md\r\3451\215PFm""; ledgerHashPrevious: ""\307\232\020\017\177\025}\320\272\301\007\233=\335""\t\250\332\334\355\260\204\022\250\326\010?\242\301d\215\027""; networkTime: 803842917; firstSeq: 1; lastSeq: 58; ","newEvent: neACCEPTED_LEDGER; ledgerSeq: 59; ledgerHash: ""\353\270\277[|\226k\277\033\230\347|B!\272\364W>\t\010\227t\301Md\r\3451\215PFm""; ledgerHashPrevious: ""\307\232\020\017\177\025}\320\272\301\007\233=\335""\t\250\332\334\355\260\204\022\250\326\010?\242\301d\215\027""; networkTime: 803842917; firstSeq: 1; lastSeq: 58; "
1750527717492,1750527717492,0,1,4,2,TMGetLedger,"itype: liBASE; ledgerHash: ""\353\270\277[|\226k\277\033\230\347|B!\272\364W>\t\010\227t\301Md\r\3451\215PFm""; ","itype: liBASE; ledgerHash: ""\353\270\277[|\226k\277\033\230\347|B!\272\364W>\t\010\227t\301Md\r\3451\215PFm""; "
1750527717492,1750527717492,0,1,4,2,TMValidation,"validation: """"\200\000\000\001&\000\000\000;)/\351\253e:p\210\265\307-\212\200\004Q\353\270\277[|\226k\277\033\230\347|B!\272\364W>\t\010\227t\301Md\r\3451\215PFmP\027\000\000\000\000\000\000\000\000\000\000\000\000\000\000\000\000\000\000\000\000\000\000\000\000\000\000\000\000\000\000\000\000P\031\307\232\020\017\177\025}\320\272\301\007\233=\335""\t\250\332\334\355\260\204\022\250\326\010?\242\301d\215\027s!\002\364d\217\366\217|\316F\232\231\241\n\261\333`\312O\367\235\025DD\336e\367\n\312\326\221\037\025\230vF0D\002 \034\200u\314\250P\026\322\340%;\3611\265iZ\217\240r\372\340*\264E\320%\355p\237\215C\017\002 $\245'\244C\006\002\222$\3372\323G\023\241\371\211AI$6xJ\230\212\246\365\343\030\223~\307""; ","validation: """"\200\000\000\001&\000\000\000;)/\351\253e:p\210\265\307-\212\200\004Q\353\270\277[|\226k\277\033\230\347|B!\272\364W>\t\010\227t\301Md\r\3451\215PFmP\027\000\000\000\000\000\000\000\000\000\000\000\000\000\000\000\000\000\000\000\000\000\000\000\000\000\000\000\000\000\000\000\000P\031\307\232\020\017\177\025}\320\272\301\007\233=\335""\t\250\332\334\355\260\204\022\250\326\010?\242\301d\215\027s!\002\364d\217\366\217|\316F\232\231\241\n\261\333`\312O\367\235\025DD\336e\367\n\312\326\221\037\025\230vF0D\002 \034\200u\314\250P\026\322\340%;\3611\265iZ\217\240r\372\340*\264E\320%\355p\237\215C\017\002 $\245'\244C\006\002\222$\3372\323G\023\241\371\211AI$6xJ\230\212\246\365\343\030\223~\307""; "
1750527717493,1750527717493,0,1,4,1,TMValidation,"validation: """"\200\000\000\001&\000\000\000;)/\351\253e:p\210\265\307-\212\200\004Q\353\270\277[|\226k\277\033\230\347|B!\272\364W>\t\010\227t\301Md\r\3451\215PFmP\027\000\000\000\000\000\000\000\000\000\000\000\000\000\000\000\000\000\000\000\000\000\000\000\000\000\000\000\000\000\000\000\000P\031\307\232\020\017\177\025}\320\272\301\007\233=\335""\t\250\332\334\355\260\204\022\250\326\010?\242\301d\215\027s!\002\364d\217\366\217|\316F\232\231\241\n\261\333`\312O\367\235\025DD\336e\367\n\312\326\221\037\025\230vF0D\002 \034\200u\314\250P\026\322\340%;\3611\265iZ\217\240r\372\340*\264E\320%\355p\237\215C\017\002 $\245'\244C\006\002\222$\3372\323G\023\241\371\211AI$6xJ\230\212\246\365\343\030\223~\307""; ","validation: """"\200\000\000\001&\000\000\000;)/\351\253e:p\210\265\307-\212\200\004Q\353\270\277[|\226k\277\033\230\347|B!\272\364W>\t\010\227t\301Md\r\3451\215PFmP\027\000\000\000\000\000\000\000\000\000\000\000\000\000\000\000\000\000\000\000\000\000\000\000\000\000\000\000\000\000\000\000\000P\031\307\232\020\017\177\025}\320\272\301\007\233=\335""\t\250\332\334\355\260\204\022\250\326\010?\242\301d\215\027s!\002\364d\217\366\217|\316F\232\231\241\n\261\333`\312O\367\235\025DD\336e\367\n\312\326\221\037\025\230vF0D\002 \034\200u\314\250P\026\322\340%;\3611\265iZ\217\240r\372\340*\264E\320%\355p\237\215C\017\002 $\245'\244C\006\002\222$\3372\323G\023\241\371\211AI$6xJ\230\212\246\365\343\030\223~\307""; "
1750527717495,1750527717495,0,1,4,0,TMGetLedger,"itype: liBASE; ledgerHash: ""\353\270\277[|\226k\277\033\230\347|B!\272\364W>\t\010\227t\301Md\r\3451\215PFm""; ","itype: liBASE; ledgerHash: ""\353\270\277[|\226k\277\033\230\347|B!\272\364W>\t\010\227t\301Md\r\3451\215PFm""; "
1750527717495,1750527717495,0,1,4,0,TMValidation,"validation: """"\200\000\000\001&\000\000\000;)/\351\253e:p\210\265\307-\212\200\004Q\353\270\277[|\226k\277\033\230\347|B!\272\364W>\t\010\227t\301Md\r\3451\215PFmP\027\000\000\000\000\000\000\000\000\000\000\000\000\000\000\000\000\000\000\000\000\000\000\000\000\000\000\000\000\000\000\000\000P\031\307\232\020\017\177\025}\320\272\301\007\233=\335""\t\250\332\334\355\260\204\022\250\326\010?\242\301d\215\027s!\002\364d\217\366\217|\316F\232\231\241\n\261\333`\312O\367\235\025DD\336e\367\n\312\326\221\037\025\230vF0D\002 \034\200u\314\250P\026\322\340%;\3611\265iZ\217\240r\372\340*\264E\320%\355p\237\215C\017\002 $\245'\244C\006\002\222$\3372\323G\023\241\371\211AI$6xJ\230\212\246\365\343\030\223~\307""; ","validation: """"\200\000\000\001&\000\000\000;)/\351\253e:p\210\265\307-\212\200\004Q\353\270\277[|\226k\277\033\230\347|B!\272\364W>\t\010\227t\301Md\r\3451\215PFmP\027\000\000\000\000\000\000\000\000\000\000\000\000\000\000\000\000\000\000\000\000\000\000\000\000\000\000\000\000\000\000\000\000P\031\307\232\020\017\177\025}\320\272\301\007\233=\335""\t\250\332\334\355\260\204\022\250\326\010?\242\301d\215\027s!\002\364d\217\366\217|\316F\232\231\241\n\261\333`\312O\367\235\025DD\336e\367\n\312\326\221\037\025\230vF0D\002 \034\200u\314\250P\026\322\340%;\3611\265iZ\217\240r\372\340*\264E\320%\355p\237\215C\017\002 $\245'\244C\006\002\222$\3372\323G\023\241\371\211AI$6xJ\230\212\246\365\343\030\223~\307""; "
1750527717496,1750527717496,0,1,4,3,TMGetLedger,"itype: liBASE; ledgerHash: ""\353\270\277[|\226k\277\033\230\347|B!\272\364W>\t\010\227t\301Md\r\3451\215PFm""; ","itype: liBASE; ledgerHash: ""\353\270\277[|\226k\277\033\230\347|B!\272\364W>\t\010\227t\301Md\r\3451\215PFm""; "
1750527717496,1750527717496,0,1,4,1,TMGetLedger,"itype: liBASE; ledgerHash: ""\353\270\277[|\226k\277\033\230\347|B!\272\364W>\t\010\227t\301Md\r\3451\215PFm""; ","itype: liBASE; ledgerHash: ""\353\270\277[|\226k\277\033\230\347|B!\272\364W>\t\010\227t\301Md\r\3451\215PFm""; "
1750527717497,1750527717497,0,1,4,0,TMGetLedger,"itype: liBASE; ledgerHash: ""\353\270\277[|\226k\277\033\230\347|B!\272\364W>\t\010\227t\301Md\r\3451\215PFm""; queryType: qtINDIRECT; ","itype: liBASE; ledgerHash: ""\353\270\277[|\226k\277\033\230\347|B!\272\364W>\t\010\227t\301Md\r\3451\215PFm""; queryType: qtINDIRECT; "
1750527717498,1750527717498,0,1,4,1,TMGetLedger,"itype: liBASE; ledgerHash: ""\353\270\277[|\226k\277\033\230\347|B!\272\364W>\t\010\227t\301Md\r\3451\215PFm""; queryType: qtINDIRECT; ","itype: liBASE; ledgerHash: ""\353\270\277[|\226k\277\033\230\347|B!\272\364W>\t\010\227t\301Md\r\3451\215PFm""; queryType: qtINDIRECT; "
1750527717499,1750527717500,0,1,4,3,TMGetLedger,"itype: liBASE; ledgerHash: ""\353\270\277[|\226k\277\033\230\347|B!\272\364W>\t\010\227t\301Md\r\3451\215PFm""; queryType: qtINDIRECT; ","itype: liBASE; ledgerHash: ""\353\270\277[|\226k\277\033\230\347|B!\272\364W>\t\010\227t\301Md\r\3451\215PFm""; queryType: qtINDIRECT; "
1750527717500,1750527717500,0,1,4,2,TMGetLedger,"itype: liBASE; ledgerHash: ""\353\270\277[|\226k\277\033\230\347|B!\272\364W>\t\010\227t\301Md\r\3451\215PFm""; queryType: qtINDIRECT; ","itype: liBASE; ledgerHash: ""\353\270\277[|\226k\277\033\230\347|B!\272\364W>\t\010\227t\301Md\r\3451\215PFm""; queryType: qtINDIRECT; "
1750527717510,1750527717510,0,1,0,3,TMGetLedger,"itype: liBASE; ledgerHash: ""\353\270\277[|\226k\277\033\230\347|B!\272\364W>\t\010\227t\301Md\r\3451\215PFm""; ledgerSeq: 59; ","itype: liBASE; ledgerHash: ""\353\270\277[|\226k\277\033\230\347|B!\272\364W>\t\010\227t\301Md\r\3451\215PFm""; ledgerSeq: 59; "
1750527717511,1750527717511,0,1,0,4,TMGetLedger,"itype: liBASE; ledgerHash: ""\353\270\277[|\226k\277\033\230\347|B!\272\364W>\t\010\227t\301Md\r\3451\215PFm""; ledgerSeq: 59; ","itype: liBASE; ledgerHash: ""\353\270\277[|\226k\277\033\230\347|B!\272\364W>\t\010\227t\301Md\r\3451\215PFm""; ledgerSeq: 59; "
1750527717511,1750527717512,0,1,0,2,TMGetLedger,"itype: liBASE; ledgerHash: ""\353\270\277[|\226k\277\033\230\347|B!\272\364W>\t\010\227t\301Md\r\3451\215PFm""; ledgerSeq: 59; ","itype: liBASE; ledgerHash: ""\353\270\277[|\226k\277\033\230\347|B!\272\364W>\t\010\227t\301Md\r\3451\215PFm""; ledgerSeq: 59; "
1750527717513,1750527717513,0,1,0,1,TMGetLedger,"itype: liBASE; ledgerHash: ""\353\270\277[|\226k\277\033\230\347|B!\272\364W>\t\010\227t\301Md\r\3451\215PFm""; ledgerSeq: 59; ","itype: liBASE; ledgerHash: ""\353\270\277[|\226k\277\033\230\347|B!\272\364W>\t\010\227t\301Md\r\3451\215PFm""; ledgerSeq: 59; "
1750527717514,1750527717514,0,1,2,0,TMGetLedger,"itype: liBASE; ledgerHash: ""\353\270\277[|\226k\277\033\230\347|B!\272\364W>\t\010\227t\301Md\r\3451\215PFm""; ledgerSeq: 59; ","itype: liBASE; ledgerHash: ""\353\270\277[|\226k\277\033\230\347|B!\272\364W>\t\010\227t\301Md\r\3451\215PFm""; ledgerSeq: 59; "
1750527717515,1750527717515,0,1,2,4,TMGetLedger,"itype: liBASE; ledgerHash: ""\353\270\277[|\226k\277\033\230\347|B!\272\364W>\t\010\227t\301Md\r\3451\215PFm""; ledgerSeq: 59; ","itype: liBASE; ledgerHash: ""\353\270\277[|\226k\277\033\230\347|B!\272\364W>\t\010\227t\301Md\r\3451\215PFm""; ledgerSeq: 59; "
1750527717515,1750527717515,0,1,2,1,TMGetLedger,"itype: liBASE; ledgerHash: ""\353\270\277[|\226k\277\033\230\347|B!\272\364W>\t\010\227t\301Md\r\3451\215PFm""; ledgerSeq: 59; ","itype: liBASE; ledgerHash: ""\353\270\277[|\226k\277\033\230\347|B!\272\364W>\t\010\227t\301Md\r\3451\215PFm""; ledgerSeq: 59; "
1750527717516,1750527717516,0,1,2,3,TMGetLedger,"itype: liBASE; ledgerHash: ""\353\270\277[|\226k\277\033\230\347|B!\272\364W>\t\010\227t\301Md\r\3451\215PFm""; ledgerSeq: 59; ","itype: liBASE; ledgerHash: ""\353\270\277[|\226k\277\033\230\347|B!\272\364W>\t\010\227t\301Md\r\3451\215PFm""; ledgerSeq: 59; "
1750527717516,1750527717516,0,1,0,3,TMGetLedger,"itype: liBASE; ledgerHash: ""\353\270\277[|\226k\277\033\230\347|B!\272\364W>\t\010\227t\301Md\r\3451\215PFm""; ledgerSeq: 59; queryType: qtINDIRECT; ","itype: liBASE; ledgerHash: ""\353\270\277[|\226k\277\033\230\347|B!\272\364W>\t\010\227t\301Md\r\3451\215PFm""; ledgerSeq: 59; queryType: qtINDIRECT; "
1750527717517,1750527717517,0,1,1,4,TMGetLedger,"itype: liBASE; ledgerHash: ""\353\270\277[|\226k\277\033\230\347|B!\272\364W>\t\010\227t\301Md\r\3451\215PFm""; ledgerSeq: 59; ","itype: liBASE; ledgerHash: ""\353\270\277[|\226k\277\033\230\347|B!\272\364W>\t\010\227t\301Md\r\3451\215PFm""; ledgerSeq: 59; "
1750527717517,1750527717517,0,1,1,0,TMGetLedger,"itype: liBASE; ledgerHash: ""\353\270\277[|\226k\277\033\230\347|B!\272\364W>\t\010\227t\301Md\r\3451\215PFm""; ledgerSeq: 59; ","itype: liBASE; ledgerHash: ""\353\270\277[|\226k\277\033\230\347|B!\272\364W>\t\010\227t\301Md\r\3451\215PFm""; ledgerSeq: 59; "
1750527717518,1750527717518,0,1,1,3,TMGetLedger,"itype: liBASE; ledgerHash: ""\353\270\277[|\226k\277\033\230\347|B!\272\364W>\t\010\227t\301Md\r\3451\215PFm""; ledgerSeq: 59; ","itype: liBASE; ledgerHash: ""\353\270\277[|\226k\277\033\230\347|B!\272\364W>\t\010\227t\301Md\r\3451\215PFm""; ledgerSeq: 59; "
1750527717518,1750527717518,0,1,1,2,TMGetLedger,"itype: liBASE; ledgerHash: ""\353\270\277[|\226k\277\033\230\347|B!\272\364W>\t\010\227t\301Md\r\3451\215PFm""; ledgerSeq: 59; ","itype: liBASE; ledgerHash: ""\353\270\277[|\226k\277\033\230\347|B!\272\364W>\t\010\227t\301Md\r\3451\215PFm""; ledgerSeq: 59; "
1750527717519,1750527717519,0,1,1,2,TMValidation,"validation: """"\200\000\000\001&\000\000\000;)/\351\253e:p\210\265\307-\212\200\004Q\353\270\277[|\226k\277\033\230\347|B!\272\364W>\t\010\227t\301Md\r\3451\215PFmP\027\000\000\000\000\000\000\000\000\000\000\000\000\000\000\000\000\000\000\000\000\000\000\000\000\000\000\000\000\000\000\000\000P\031\307\232\020\017\177\025}\320\272\301\007\233=\335""\t\250\332\334\355\260\204\022\250\326\010?\242\301d\215\027s!\002\364d\217\366\217|\316F\232\231\241\n\261\333`\312O\367\235\025DD\336e\367\n\312\326\221\037\025\230vF0D\002 \034\200u\314\250P\026\322\340%;\3611\265iZ\217\240r\372\340*\264E\320%\355p\237\215C\017\002 $\245'\244C\006\002\222$\3372\323G\023\241\371\211AI$6xJ\230\212\246\365\343\030\223~\307""; ","validation: """"\200\000\000\001&\000\000\000;)/\351\253e:p\210\265\307-\212\200\004Q\353\270\277[|\226k\277\033\230\347|B!\272\364W>\t\010\227t\301Md\r\3451\215PFmP\027\000\000\000\000\000\000\000\000\000\000\000\000\000\000\000\000\000\000\000\000\000\000\000\000\000\000\000\000\000\000\000\000P\031\307\232\020\017\177\025}\320\272\301\007\233=\335""\t\250\332\334\355\260\204\022\250\326\010?\242\301d\215\027s!\002\364d\217\366\217|\316F\232\231\241\n\261\333`\312O\367\235\025DD\336e\367\n\312\326\221\037\025\230vF0D\002 \034\200u\314\250P\026\322\340%;\3611\265iZ\217\240r\372\340*\264E\320%\355p\237\215C\017\002 $\245'\244C\006\002\222$\3372\323G\023\241\371\211AI$6xJ\230\212\246\365\343\030\223~\307""; "
1750527717520,1750527717520,0,1,1,0,TMGetLedger,"itype: liBASE; ledgerHash: ""\353\270\277[|\226k\277\033\230\347|B!\272\364W>\t\010\227t\301Md\r\3451\215PFm""; ledgerSeq: 59; queryType: qtINDIRECT; ","itype: liBASE; ledgerHash: ""\353\270\277[|\226k\277\033\230\347|B!\272\364W>\t\010\227t\301Md\r\3451\215PFm""; ledgerSeq: 59; queryType: qtINDIRECT; "
1750527717521,1750527717521,0,1,1,0,TMValidation,"validation: """"\200\000\000\001&\000\000\000;)/\351\253e:p\210\265\307-\212\200\004Q\353\270\277[|\226k\277\033\230\347|B!\272\364W>\t\010\227t\301Md\r\3451\215PFmP\027\000\000\000\000\000\000\000\000\000\000\000\000\000\000\000\000\000\000\000\000\000\000\000\000\000\000\000\000\000\000\000\000P\031\307\232\020\017\177\025}\320\272\301\007\233=\335""\t\250\332\334\355\260\204\022\250\326\010?\242\301d\215\027s!\002\364d\217\366\217|\316F\232\231\241\n\261\333`\312O\367\235\025DD\336e\367\n\312\326\221\037\025\230vF0D\002 \034\200u\314\250P\026\322\340%;\3611\265iZ\217\240r\372\340*\264E\320%\355p\237\215C\017\002 $\245'\244C\006\002\222$\3372\323G\023\241\371\211AI$6xJ\230\212\246\365\343\030\223~\307""; ","validation: """"\200\000\000\001&\000\000\000;)/\351\253e:p\210\265\307-\212\200\004Q\353\270\277[|\226k\277\033\230\347|B!\272\364W>\t\010\227t\301Md\r\3451\215PFmP\027\000\000\000\000\000\000\000\000\000\000\000\000\000\000\000\000\000\000\000\000\000\000\000\000\000\000\000\000\000\000\000\000P\031\307\232\020\017\177\025}\320\272\301\007\233=\335""\t\250\332\334\355\260\204\022\250\326\010?\242\301d\215\027s!\002\364d\217\366\217|\316F\232\231\241\n\261\333`\312O\367\235\025DD\336e\367\n\312\326\221\037\025\230vF0D\002 \034\200u\314\250P\026\322\340%;\3611\265iZ\217\240r\372\340*\264E\320%\355p\237\215C\017\002 $\245'\244C\006\002\222$\3372\323G\023\241\371\211AI$6xJ\230\212\246\365\343\030\223~\307""; "
1750527717521,1750527717522,0,1,1,4,TMValidation,"validation: """"\200\000\000\001&\000\000\000;)/\351\253e:p\210\265\307-\212\200\004Q\353\270\277[|\226k\277\033\230\347|B!\272\364W>\t\010\227t\301Md\r\3451\215PFmP\027\000\000\000\000\000\000\000\000\000\000\000\000\000\000\000\000\000\000\000\000\000\000\000\000\000\000\000\000\000\000\000\000P\031\307\232\020\017\177\025}\320\272\301\007\233=\335""\t\250\332\334\355\260\204\022\250\326\010?\242\301d\215\027s!\002\364d\217\366\217|\316F\232\231\241\n\261\333`\312O\367\235\025DD\336e\367\n\312\326\221\037\025\230vF0D\002 \034\200u\314\250P\026\322\340%;\3611\265iZ\217\240r\372\340*\264E\320%\355p\237\215C\017\002 $\245'\244C\006\002\222$\3372\323G\023\241\371\211AI$6xJ\230\212\246\365\343\030\223~\307""; ","validation: """"\200\000\000\001&\000\000\000;)/\351\253e:p\210\265\307-\212\200\004Q\353\270\277[|\226k\277\033\230\347|B!\272\364W>\t\010\227t\301Md\r\3451\215PFmP\027\000\000\000\000\000\000\000\000\000\000\000\000\000\000\000\000\000\000\000\000\000\000\000\000\000\000\000\000\000\000\000\000P\031\307\232\020\017\177\025}\320\272\301\007\233=\335""\t\250\332\334\355\260\204\022\250\326\010?\242\301d\215\027s!\002\364d\217\366\217|\316F\232\231\241\n\261\333`\312O\367\235\025DD\336e\367\n\312\326\221\037\025\230vF0D\002 \034\200u\314\250P\026\322\340%;\3611\265iZ\217\240r\372\340*\264E\320%\355p\237\215C\017\002 $\245'\244C\006\002\222$\3372\323G\023\241\371\211AI$6xJ\230\212\246\365\343\030\223~\307""; "
1750527717522,1750527717522,0,1,1,2,TMGetLedger,"itype: liBASE; ledgerHash: ""\353\270\277[|\226k\277\033\230\347|B!\272\364W>\t\010\227t\301Md\r\3451\215PFm""; ledgerSeq: 59; queryType: qtINDIRECT; ","itype: liBASE; ledgerHash: ""\353\270\277[|\226k\277\033\230\347|B!\272\364W>\t\010\227t\301Md\r\3451\215PFm""; ledgerSeq: 59; queryType: qtINDIRECT; "
1750527717522,1750527717523,0,1,1,3,TMGetLedger,"itype: liBASE; ledgerHash: ""\353\270\277[|\226k\277\033\230\347|B!\272\364W>\t\010\227t\301Md\r\3451\215PFm""; ledgerSeq: 59; queryType: qtINDIRECT; ","itype: liBASE; ledgerHash: ""\353\270\277[|\226k\277\033\230\347|B!\272\364W>\t\010\227t\301Md\r\3451\215PFm""; ledgerSeq: 59; queryType: qtINDIRECT; "
1750527717523,1750527717523,0,1,1,4,TMGetLedger,"itype: liBASE; ledgerHash: ""\353\270\277[|\226k\277\033\230\347|B!\272\364W>\t\010\227t\301Md\r\3451\215PFm""; ledgerSeq: 59; queryType: qtINDIRECT; ","itype: liBASE; ledgerHash: ""\353\270\277[|\226k\277\033\230\347|B!\272\364W>\t\010\227t\301Md\r\3451\215PFm""; ledgerSeq: 59; queryType: qtINDIRECT; "
1750527717524,1750527717524,0,1,2,4,TMGetLedger,"itype: liBASE; ledgerHash: ""\353\270\277[|\226k\277\033\230\347|B!\272\364W>\t\010\227t\301Md\r\3451\215PFm""; ledgerSeq: 59; queryType: qtINDIRECT; ","itype: liBASE; ledgerHash: ""\353\270\277[|\226k\277\033\230\347|B!\272\364W>\t\010\227t\301Md\r\3451\215PFm""; ledgerSeq: 59; queryType: qtINDIRECT; "
1750527717524,1750527717525,0,1,2,4,TMValidation,"validation: """"\200\000\000\001&\000\000\000;)/\351\253e:p\210\265\307-\212\200\004Q\353\270\277[|\226k\277\033\230\347|B!\272\364W>\t\010\227t\301Md\r\3451\215PFmP\027\000\000\000\000\000\000\000\000\000\000\000\000\000\000\000\000\000\000\000\000\000\000\000\000\000\000\000\000\000\000\000\000P\031\307\232\020\017\177\025}\320\272\301\007\233=\335""\t\250\332\334\355\260\204\022\250\326\010?\242\301d\215\027s!\002\364d\217\366\217|\316F\232\231\241\n\261\333`\312O\367\235\025DD\336e\367\n\312\326\221\037\025\230vF0D\002 \034\200u\314\250P\026\322\340%;\3611\265iZ\217\240r\372\340*\264E\320%\355p\237\215C\017\002 $\245'\244C\006\002\222$\3372\323G\023\241\371\211AI$6xJ\230\212\246\365\343\030\223~\307""; ","validation: """"\200\000\000\001&\000\000\000;)/\351\253e:p\210\265\307-\212\200\004Q\353\270\277[|\226k\277\033\230\347|B!\272\364W>\t\010\227t\301Md\r\3451\215PFmP\027\000\000\000\000\000\000\000\000\000\000\000\000\000\000\000\000\000\000\000\000\000\000\000\000\000\000\000\000\000\000\000\000P\031\307\232\020\017\177\025}\320\272\301\007\233=\335""\t\250\332\334\355\260\204\022\250\326\010?\242\301d\215\027s!\002\364d\217\366\217|\316F\232\231\241\n\261\333`\312O\367\235\025DD\336e\367\n\312\326\221\037\025\230vF0D\002 \034\200u\314\250P\026\322\340%;\3611\265iZ\217\240r\372\340*\264E\320%\355p\237\215C\017\002 $\245'\244C\006\002\222$\3372\323G\023\241\371\211AI$6xJ\230\212\246\365\343\030\223~\307""; "
1750527717526,1750527717526,0,1,0,4,TMGetLedger,"itype: liBASE; ledgerHash: ""\353\270\277[|\226k\277\033\230\347|B!\272\364W>\t\010\227t\301Md\r\3451\215PFm""; ledgerSeq: 59; queryType: qtINDIRECT; ","itype: liBASE; ledgerHash: ""\353\270\277[|\226k\277\033\230\347|B!\272\364W>\t\010\227t\301Md\r\3451\215PFm""; ledgerSeq: 59; queryType: qtINDIRECT; "
1750527717526,1750527717526,0,1,0,4,TMValidation,"validation: """"\200\000\000\001&\000\000\000;)/\351\253e:p\210\265\307-\212\200\004Q\353\270\277[|\226k\277\033\230\347|B!\272\364W>\t\010\227t\301Md\r\3451\215PFmP\027\000\000\000\000\000\000\000\000\000\000\000\000\000\000\000\000\000\000\000\000\000\000\000\000\000\000\000\000\000\000\000\000P\031\307\232\020\017\177\025}\320\272\301\007\233=\335""\t\250\332\334\355\260\204\022\250\326\010?\242\301d\215\027s!\002\364d\217\366\217|\316F\232\231\241\n\261\333`\312O\367\235\025DD\336e\367\n\312\326\221\037\025\230vF0D\002 \034\200u\314\250P\026\322\340%;\3611\265iZ\217\240r\372\340*\264E\320%\355p\237\215C\017\002 $\245'\244C\006\002\222$\3372\323G\023\241\371\211AI$6xJ\230\212\246\365\343\030\223~\307""; ","validation: """"\200\000\000\001&\000\000\000;)/\351\253e:p\210\265\307-\212\200\004Q\353\270\277[|\226k\277\033\230\347|B!\272\364W>\t\010\227t\301Md\r\3451\215PFmP\027\000\000\000\000\000\000\000\000\000\000\000\000\000\000\000\000\000\000\000\000\000\000\000\000\000\000\000\000\000\000\000\000P\031\307\232\020\017\177\025}\320\272\301\007\233=\335""\t\250\332\334\355\260\204\022\250\326\010?\242\301d\215\027s!\002\364d\217\366\217|\316F\232\231\241\n\261\333`\312O\367\235\025DD\336e\367\n\312\326\221\037\025\230vF0D\002 \034\200u\314\250P\026\322\340%;\3611\265iZ\217\240r\372\340*\264E\320%\355p\237\215C\017\002 $\245'\244C\006\002\222$\3372\323G\023\241\371\211AI$6xJ\230\212\246\365\343\030\223~\307""; "
1750527717527,1750527717527,0,1,3,4,TMLedgerData,"ledgerHash: ""\353\270\277[|\226k\277\033\230\347|B!\272\364W>\t\010\227t\301Md\r\3451\215PFm""; ledgerSeq: 59; type: liBASE; nodes {;   nodedata: ""\000\000\000;\001cEx]\211\377\330\307\232\020\017\177\025}\320\272\301\007\233=\335""\t\250\332\334\355\260\204\022\250\326\010?\242\301d\215\027\000\000\000\000\000\000\000\000\000\000\000\000\000\000\000\000\000\000\000\000\000\000\000\000\000\000\000\000\000\000\000\000\367\010T\214\204\007\035\033\035\0242\226\031\335""\241\271i\250\225uB\030\365S+\243\203\232GV\024/\351\253`/\351\253h\n\000""; }; nodes {;   nodedata: ""\323C\344\327\264{\312-\017:\006{\177\344N\002\326bO\260\220\006\033\362\345\005U\221DzJ0\001\301\025%1L\307\t\261\262z\374\222T\301\274V\236\223\262\270Ct\362\337b\356\024*\324\320\351\317\002k\336\234\027v\351\217\260\303\360\233ZPZWr\246$w\313\313\r\243r\232\2234\373\3539:N\004Q\245\272D\312D\300\300\t\323\0257\345e\271\na\215{\226\255x%T\257\037\333\004\344_/R\006E\344\037@\210\363\010\336T\226\247'\204_{\261\370""1\235\2445\343\033Y!\212\201\341\272\225'\007\217\350(q\027Sq\26030J\022\206q\3267\227\324\001\205\313\270\257\303\005<\302\346n\212x\311\013\003""; }; ","ledgerHash: ""\353\270\277[|\226k\277\033\230\347|B!\272\364W>\t\010\227t\301Md\r\3451\215PFm""; ledgerSeq: 59; type: liBASE; nodes {;   nodedata: ""\000\000\000;\001cEx]\211\377\330\307\232\020\017\177\025}\320\272\301\007\233=\335""\t\250\332\334\355\260\204\022\250\326\010?\242\301d\215\027\000\000\000\000\000\000\000\000\000\000\000\000\000\000\000\000\000\000\000\000\000\000\000\000\000\000\000\000\000\000\000\000\367\010T\214\204\007\035\033\035\0242\226\031\335""\241\271i\250\225uB\030\365S+\243\203\232GV\024/\351\253`/\351\253h\n\000""; }; nodes {;   nodedata: ""\323C\344\327\264{\312-\017:\006{\177\344N\002\326bO\260\220\006\033\362\345\005U\221DzJ0\001\301\025%1L\307\t\261\262z\374\222T\301\274V\236\223\262\270Ct\362\337b\356\024*\324\320\351\317\002k\336\234\027v\351\217\260\303\360\233ZPZWr\246$w\313\313\r\243r\232\2234\373\3539:N\004Q\245\272D\312D\300\300\t\323\0257\345e\271\na\215{\226\255x%T\257\037\333\004\344_/R\006E\344\037@\210\363\010\336T\226\247'\204_{\261\370""1\235\2445\343\033Y!\212\201\341\272\225'\007\217\350(q\027Sq\26030J\022\206q\3267\227\324\001\205\313\270\257\303\005<\302\346n\212x\311\013\003""; }; "
1750527717528,1750527717528,0,1,1,3,TMGetLedger,"itype: liBASE; ledgerHash: ""\353\270\277[|\226k\277\033\230\347|B!\272\364W>\t\010\227t\301Md\r\3451\215PFm""; requestCookie: 5; queryType: qtINDIRECT; ","itype: liBASE; ledgerHash: ""\353\270\277[|\226k\277\033\230\347|B!\272\364W>\t\010\227t\301Md\r\3451\215PFm""; requestCookie: 5; queryType: qtINDIRECT; "
1750527717528,1750527717528,0,1,3,4,TMLedgerData,"ledgerHash: ""\353\270\277[|\226k\277\033\230\347|B!\272\364W>\t\010\227t\301Md\r\3451\215PFm""; ledgerSeq: 59; type: liBASE; nodes {;   nodedata: ""\000\000\000;\001cEx]\211\377\330\307\232\020\017\177\025}\320\272\301\007\233=\335""\t\250\332\334\355\260\204\022\250\326\010?\242\301d\215\027\000\000\000\000\000\000\000\000\000\000\000\000\000\000\000\000\000\000\000\000\000\000\000\000\000\000\000\000\000\000\000\000\367\010T\214\204\007\035\033\035\0242\226\031\335""\241\271i\250\225uB\030\365S+\243\203\232GV\024/\351\253`/\351\253h\n\000""; }; nodes {;   nodedata: ""\323C\344\327\264{\312-\017:\006{\177\344N\002\326bO\260\220\006\033\362\345\005U\221DzJ0\001\301\025%1L\307\t\261\262z\374\222T\301\274V\236\223\262\270Ct\362\337b\356\024*\324\320\351\317\002k\336\234\027v\351\217\260\303\360\233ZPZWr\246$w\313\313\r\243r\232\2234\373\3539:N\004Q\245\272D\312D\300\300\t\323\0257\345e\271\na\215{\226\255x%T\257\037\333\004\344_/R\006E\344\037@\210\363\010\336T\226\247'\204_{\261\370""1\235\2445\343\033Y!\212\201\341\272\225'\007\217\350(q\027Sq\26030J\022\206q\3267\227\324\001\205\313\270\257\303\005<\302\346n\212x\311\013\003""; }; ","ledgerHash: ""\353\270\277[|\226k\277\033\230\347|B!\272\364W>\t\010\227t\301Md\r\3451\215PFm""; ledgerSeq: 59; type: liBASE; nodes {;   nodedata: ""\000\000\000;\001cEx]\211\377\330\307\232\020\017\177\025}\320\272\301\007\233=\335""\t\250\332\334\355\260\204\022\250\326\010?\242\301d\215\027\000\000\000\000\000\000\000\000\000\000\000\000\000\000\000\000\000\000\000\000\000\000\000\000\000\000\000\000\000\000\000\000\367\010T\214\204\007\035\033\035\0242\226\031\335""\241\271i\250\225uB\030\365S+\243\203\232GV\024/\351\253`/\351\253h\n\000""; }; nodes {;   nodedata: ""\323C\344\327\264{\312-\017:\006{\177\344N\002\326bO\260\220\006\033\362\345\005U\221DzJ0\001\301\025%1L\307\t\261\262z\374\222T\301\274V\236\223\262\270Ct\362\337b\356\024*\324\320\351\317\002k\336\234\027v\351\217\260\303\360\233ZPZWr\246$w\313\313\r\243r\232\2234\373\3539:N\004Q\245\272D\312D\300\300\t\323\0257\345e\271\na\215{\226\255x%T\257\037\333\004\344_/R\006E\344\037@\210\363\010\336T\226\247'\204_{\261\370""1\235\2445\343\033Y!\212\201\341\272\225'\007\217\350(q\027Sq\26030J\022\206q\3267\227\324\001\205\313\270\257\303\005<\302\346n\212x\311\013\003""; }; "
1750527717529,1750527717529,0,1,3,0,TMLedgerData,"ledgerHash: ""\353\270\277[|\226k\277\033\230\347|B!\272\364W>\t\010\227t\301Md\r\3451\215PFm""; ledgerSeq: 59; type: liBASE; nodes {;   nodedata: ""\000\000\000;\001cEx]\211\377\330\307\232\020\017\177\025}\320\272\301\007\233=\335""\t\250\332\334\355\260\204\022\250\326\010?\242\301d\215\027\000\000\000\000\000\000\000\000\000\000\000\000\000\000\000\000\000\000\000\000\000\000\000\000\000\000\000\000\000\000\000\000\367\010T\214\204\007\035\033\035\0242\226\031\335""\241\271i\250\225uB\030\365S+\243\203\232GV\024/\351\253`/\351\253h\n\000""; }; nodes {;   nodedata: ""\323C\344\327\264{\312-\017:\006{\177\344N\002\326bO\260\220\006\033\362\345\005U\221DzJ0\001\301\025%1L\307\t\261\262z\374\222T\301\274V\236\223\262\270Ct\362\337b\356\024*\324\320\351\317\002k\336\234\027v\351\217\260\303\360\233ZPZWr\246$w\313\313\r\243r\232\2234\373\3539:N\004Q\245\272D\312D\300\300\t\323\0257\345e\271\na\215{\226\255x%T\257\037\333\004\344_/R\006E\344\037@\210\363\010\336T\226\247'\204_{\261\370""1\235\2445\343\033Y!\212\201\341\272\225'\007\217\350(q\027Sq\26030J\022\206q\3267\227\324\001\205\313\270\257\303\005<\302\346n\212x\311\013\003""; }; ","ledgerHash: ""\353\270\277[|\226k\277\033\230\347|B!\272\364W>\t\010\227t\301Md\r\3451\215PFm""; ledgerSeq: 59; type: liBASE; nodes {;   nodedata: ""\000\000\000;\001cEx]\211\377\330\307\232\020\017\177\025}\320\272\301\007\233=\335""\t\250\332\334\355\260\204\022\250\326\010?\242\301d\215\027\000\000\000\000\000\000\000\000\000\000\000\000\000\000\000\000\000\000\000\000\000\000\000\000\000\000\000\000\000\000\000\000\367\010T\214\204\007\035\033\035\0242\226\031\335""\241\271i\250\225uB\030\365S+\243\203\232GV\024/\351\253`/\351\253h\n\000""; }; nodes {;   nodedata: ""\323C\344\327\264{\312-\017:\006{\177\344N\002\326bO\260\220\006\033\362\345\005U\221DzJ0\001\301\025%1L\307\t\261\262z\374\222T\301\274V\236\223\262\270Ct\362\337b\356\024*\324\320\351\317\002k\336\234\027v\351\217\260\303\360\233ZPZWr\246$w\313\313\r\243r\232\2234\373\3539:N\004Q\245\272D\312D\300\300\t\323\0257\345e\271\na\215{\226\255x%T\257\037\333\004\344_/R\006E\344\037@\210\363\010\336T\226\247'\204_{\261\370""1\235\2445\343\033Y!\212\201\341\272\225'\007\217\350(q\027Sq\26030J\022\206q\3267\227\324\001\205\313\270\257\303\005<\302\346n\212x\311\013\003""; }; "
1750527717529,1750527717530,0,1,2,0,TMGetLedger,"itype: liBASE; ledgerHash: ""\353\270\277[|\226k\277\033\230\347|B!\272\364W>\t\010\227t\301Md\r\3451\215PFm""; ledgerSeq: 59; queryType: qtINDIRECT; ","itype: liBASE; ledgerHash: ""\353\270\277[|\226k\277\033\230\347|B!\272\364W>\t\010\227t\301Md\r\3451\215PFm""; ledgerSeq: 59; queryType: qtINDIRECT; "
1750527717530,1750527717530,0,1,2,0,TMValidation,"validation: """"\200\000\000\001&\000\000\000;)/\351\253e:p\210\265\307-\212\200\004Q\353\270\277[|\226k\277\033\230\347|B!\272\364W>\t\010\227t\301Md\r\3451\215PFmP\027\000\000\000\000\000\000\000\000\000\000\000\000\000\000\000\000\000\000\000\000\000\000\000\000\000\000\000\000\000\000\000\000P\031\307\232\020\017\177\025}\320\272\301\007\233=\335""\t\250\332\334\355\260\204\022\250\326\010?\242\301d\215\027s!\002\364d\217\366\217|\316F\232\231\241\n\261\333`\312O\367\235\025DD\336e\367\n\312\326\221\037\025\230vF0D\002 \034\200u\314\250P\026\322\340%;\3611\265iZ\217\240r\372\340*\264E\320%\355p\237\215C\017\002 $\245'\244C\006\002\222$\3372\323G\023\241\371\211AI$6xJ\230\212\246\365\343\030\223~\307""; ","validation: """"\200\000\000\001&\000\000\000;)/\351\253e:p\210\265\307-\212\200\004Q\353\270\277[|\226k\277\033\230\347|B!\272\364W>\t\010\227t\301Md\r\3451\215PFmP\027\000\000\000\000\000\000\000\000\000\000\000\000\000\000\000\000\000\000\000\000\000\000\000\000\000\000\000\000\000\000\000\000P\031\307\232\020\017\177\025}\320\272\301\007\233=\335""\t\250\332\334\355\260\204\022\250\326\010?\242\301d\215\027s!\002\364d\217\366\217|\316F\232\231\241\n\261\333`\312O\367\235\025DD\336e\367\n\312\326\221\037\025\230vF0D\002 \034\200u\314\250P\026\322\340%;\3611\265iZ\217\240r\372\340*\264E\320%\355p\237\215C\017\002 $\245'\244C\006\002\222$\3372\323G\023\241\371\211AI$6xJ\230\212\246\365\343\030\223~\307""; "
1750527717531,1750527717531,0,1,0,2,TMGetLedger,"itype: liBASE; ledgerHash: ""\353\270\277[|\226k\277\033\230\347|B!\272\364W>\t\010\227t\301Md\r\3451\215PFm""; ledgerSeq: 59; queryType: qtINDIRECT; ","itype: liBASE; ledgerHash: ""\353\270\277[|\226k\277\033\230\347|B!\272\364W>\t\010\227t\301Md\r\3451\215PFm""; ledgerSeq: 59; queryType: qtINDIRECT; "
1750527717532,1750527717532,0,1,0,2,TMValidation,"validation: """"\200\000\000\001&\000\000\000;)/\351\253e:p\210\265\307-\212\200\004Q\353\270\277[|\226k\277\033\230\347|B!\272\364W>\t\010\227t\301Md\r\3451\215PFmP\027\000\000\000\000\000\000\000\000\000\000\000\000\000\000\000\000\000\000\000\000\000\000\000\000\000\000\000\000\000\000\000\000P\031\307\232\020\017\177\025}\320\272\301\007\233=\335""\t\250\332\334\355\260\204\022\250\326\010?\242\301d\215\027s!\002\364d\217\366\217|\316F\232\231\241\n\261\333`\312O\367\235\025DD\336e\367\n\312\326\221\037\025\230vF0D\002 \034\200u\314\250P\026\322\340%;\3611\265iZ\217\240r\372\340*\264E\320%\355p\237\215C\017\002 $\245'\244C\006\002\222$\3372\323G\023\241\371\211AI$6xJ\230\212\246\365\343\030\223~\307""; ","validation: """"\200\000\000\001&\000\000\000;)/\351\253e:p\210\265\307-\212\200\004Q\353\270\277[|\226k\277\033\230\347|B!\272\364W>\t\010\227t\301Md\r\3451\215PFmP\027\000\000\000\000\000\000\000\000\000\000\000\000\000\000\000\000\000\000\000\000\000\000\000\000\000\000\000\000\000\000\000\000P\031\307\232\020\017\177\025}\320\272\301\007\233=\335""\t\250\332\334\355\260\204\022\250\326\010?\242\301d\215\027s!\002\364d\217\366\217|\316F\232\231\241\n\261\333`\312O\367\235\025DD\336e\367\n\312\326\221\037\025\230vF0D\002 \034\200u\314\250P\026\322\340%;\3611\265iZ\217\240r\372\340*\264E\320%\355p\237\215C\017\002 $\245'\244C\006\002\222$\3372\323G\023\241\371\211AI$6xJ\230\212\246\365\343\030\223~\307""; "
1750527717532,1750527717532,0,1,3,2,TMLedgerData,"ledgerHash: ""\353\270\277[|\226k\277\033\230\347|B!\272\364W>\t\010\227t\301Md\r\3451\215PFm""; ledgerSeq: 59; type: liBASE; nodes {;   nodedata: ""\000\000\000;\001cEx]\211\377\330\307\232\020\017\177\025}\320\272\301\007\233=\335""\t\250\332\334\355\260\204\022\250\326\010?\242\301d\215\027\000\000\000\000\000\000\000\000\000\000\000\000\000\000\000\000\000\000\000\000\000\000\000\000\000\000\000\000\000\000\000\000\367\010T\214\204\007\035\033\035\0242\226\031\335""\241\271i\250\225uB\030\365S+\243\203\232GV\024/\351\253`/\351\253h\n\000""; }; nodes {;   nodedata: ""\323C\344\327\264{\312-\017:\006{\177\344N\002\326bO\260\220\006\033\362\345\005U\221DzJ0\001\301\025%1L\307\t\261\262z\374\222T\301\274V\236\223\262\270Ct\362\337b\356\024*\324\320\351\317\002k\336\234\027v\351\217\260\303\360\233ZPZWr\246$w\313\313\r\243r\232\2234\373\3539:N\004Q\245\272D\312D\300\300\t\323\0257\345e\271\na\215{\226\255x%T\257\037\333\004\344_/R\006E\344\037@\210\363\010\336T\226\247'\204_{\261\370""1\235\2445\343\033Y!\212\201\341\272\225'\007\217\350(q\027Sq\26030J\022\206q\3267\227\324\001\205\313\270\257\303\005<\302\346n\212x\311\013\003""; }; ","ledgerHash: ""\353\270\277[|\226k\277\033\230\347|B!\272\364W>\t\010\227t\301Md\r\3451\215PFm""; ledgerSeq: 59; type: liBASE; nodes {;   nodedata: ""\000\000\000;\001cEx]\211\377\330\307\232\020\017\177\025}\320\272\301\007\233=\335""\t\250\332\334\355\260\204\022\250\326\010?\242\301d\215\027\000\000\000\000\000\000\000\000\000\000\000\000\000\000\000\000\000\000\000\000\000\000\000\000\000\000\000\000\000\000\000\000\367\010T\214\204\007\035\033\035\0242\226\031\335""\241\271i\250\225uB\030\365S+\243\203\232GV\024/\351\253`/\351\253h\n\000""; }; nodes {;   nodedata: ""\323C\344\327\264{\312-\017:\006{\177\344N\002\326bO\260\220\006\033\362\345\005U\221DzJ0\001\301\025%1L\307\t\261\262z\374\222T\301\274V\236\223\262\270Ct\362\337b\356\024*\324\320\351\317\002k\336\234\027v\351\217\260\303\360\233ZPZWr\246$w\313\313\r\243r\232\2234\373\3539:N\004Q\245\272D\312D\300\300\t\323\0257\345e\271\na\215{\226\255x%T\257\037\333\004\344_/R\006E\344\037@\210\363\010\336T\226\247'\204_{\261\370""1\235\2445\343\033Y!\212\201\341\272\225'\007\217\350(q\027Sq\26030J\022\206q\3267\227\324\001\205\313\270\257\303\005<\302\346n\212x\311\013\003""; }; "
1750527717533,1750527717533,0,1,0,1,TMGetLedger,"itype: liBASE; ledgerHash: ""\353\270\277[|\226k\277\033\230\347|B!\272\364W>\t\010\227t\301Md\r\3451\215PFm""; ledgerSeq: 59; queryType: qtINDIRECT; ","itype: liBASE; ledgerHash: ""\353\270\277[|\226k\277\033\230\347|B!\272\364W>\t\010\227t\301Md\r\3451\215PFm""; ledgerSeq: 59; queryType: qtINDIRECT; "
1750527717533,1750527717533,0,1,3,0,TMLedgerData,"ledgerHash: ""\353\270\277[|\226k\277\033\230\347|B!\272\364W>\t\010\227t\301Md\r\3451\215PFm""; ledgerSeq: 59; type: liBASE; nodes {;   nodedata: ""\000\000\000;\001cEx]\211\377\330\307\232\020\017\177\025}\320\272\301\007\233=\335""\t\250\332\334\355\260\204\022\250\326\010?\242\301d\215\027\000\000\000\000\000\000\000\000\000\000\000\000\000\000\000\000\000\000\000\000\000\000\000\000\000\000\000\000\000\000\000\000\367\010T\214\204\007\035\033\035\0242\226\031\335""\241\271i\250\225uB\030\365S+\243\203\232GV\024/\351\253`/\351\253h\n\000""; }; nodes {;   nodedata: ""\323C\344\327\264{\312-\017:\006{\177\344N\002\326bO\260\220\006\033\362\345\005U\221DzJ0\001\301\025%1L\307\t\261\262z\374\222T\301\274V\236\223\262\270Ct\362\337b\356\024*\324\320\351\317\002k\336\234\027v\351\217\260\303\360\233ZPZWr\246$w\313\313\r\243r\232\2234\373\3539:N\004Q\245\272D\312D\300\300\t\323\0257\345e\271\na\215{\226\255x%T\257\037\333\004\344_/R\006E\344\037@\210\363\010\336T\226\247'\204_{\261\370""1\235\2445\343\033Y!\212\201\341\272\225'\007\217\350(q\027Sq\26030J\022\206q\3267\227\324\001\205\313\270\257\303\005<\302\346n\212x\311\013\003""; }; ","ledgerHash: ""\353\270\277[|\226k\277\033\230\347|B!\272\364W>\t\010\227t\301Md\r\3451\215PFm""; ledgerSeq: 59; type: liBASE; nodes {;   nodedata: ""\000\000\000;\001cEx]\211\377\330\307\232\020\017\177\025}\320\272\301\007\233=\335""\t\250\332\334\355\260\204\022\250\326\010?\242\301d\215\027\000\000\000\000\000\000\000\000\000\000\000\000\000\000\000\000\000\000\000\000\000\000\000\000\000\000\000\000\000\000\000\000\367\010T\214\204\007\035\033\035\0242\226\031\335""\241\271i\250\225uB\030\365S+\243\203\232GV\024/\351\253`/\351\253h\n\000""; }; nodes {;   nodedata: ""\323C\344\327\264{\312-\017:\006{\177\344N\002\326bO\260\220\006\033\362\345\005U\221DzJ0\001\301\025%1L\307\t\261\262z\374\222T\301\274V\236\223\262\270Ct\362\337b\356\024*\324\320\351\317\002k\336\234\027v\351\217\260\303\360\233ZPZWr\246$w\313\313\r\243r\232\2234\373\3539:N\004Q\245\272D\312D\300\300\t\323\0257\345e\271\na\215{\226\255x%T\257\037\333\004\344_/R\006E\344\037@\210\363\010\336T\226\247'\204_{\261\370""1\235\2445\343\033Y!\212\201\341\272\225'\007\217\350(q\027Sq\26030J\022\206q\3267\227\324\001\205\313\270\257\303\005<\302\346n\212x\311\013\003""; }; "
1750527717534,1750527717535,0,1,3,1,TMLedgerData,"ledgerHash: ""\353\270\277[|\226k\277\033\230\347|B!\272\364W>\t\010\227t\301Md\r\3451\215PFm""; ledgerSeq: 59; type: liBASE; nodes {;   nodedata: ""\000\000\000;\001cEx]\211\377\330\307\232\020\017\177\025}\320\272\301\007\233=\335""\t\250\332\334\355\260\204\022\250\326\010?\242\301d\215\027\000\000\000\000\000\000\000\000\000\000\000\000\000\000\000\000\000\000\000\000\000\000\000\000\000\000\000\000\000\000\000\000\367\010T\214\204\007\035\033\035\0242\226\031\335""\241\271i\250\225uB\030\365S+\243\203\232GV\024/\351\253`/\351\253h\n\000""; }; nodes {;   nodedata: ""\323C\344\327\264{\312-\017:\006{\177\344N\002\326bO\260\220\006\033\362\345\005U\221DzJ0\001\301\025%1L\307\t\261\262z\374\222T\301\274V\236\223\262\270Ct\362\337b\356\024*\324\320\351\317\002k\336\234\027v\351\217\260\303\360\233ZPZWr\246$w\313\313\r\243r\232\2234\373\3539:N\004Q\245\272D\312D\300\300\t\323\0257\345e\271\na\215{\226\255x%T\257\037\333\004\344_/R\006E\344\037@\210\363\010\336T\226\247'\204_{\261\370""1\235\2445\343\033Y!\212\201\341\272\225'\007\217\350(q\027Sq\26030J\022\206q\3267\227\324\001\205\313\270\257\303\005<\302\346n\212x\311\013\003""; }; ","ledgerHash: ""\353\270\277[|\226k\277\033\230\347|B!\272\364W>\t\010\227t\301Md\r\3451\215PFm""; ledgerSeq: 59; type: liBASE; nodes {;   nodedata: ""\000\000\000;\001cEx]\211\377\330\307\232\020\017\177\025}\320\272\301\007\233=\335""\t\250\332\334\355\260\204\022\250\326\010?\242\301d\215\027\000\000\000\000\000\000\000\000\000\000\000\000\000\000\000\000\000\000\000\000\000\000\000\000\000\000\000\000\000\000\000\000\367\010T\214\204\007\035\033\035\0242\226\031\335""\241\271i\250\225uB\030\365S+\243\203\232GV\024/\351\253`/\351\253h\n\000""; }; nodes {;   nodedata: ""\323C\344\327\264{\312-\017:\006{\177\344N\002\326bO\260\220\006\033\362\345\005U\221DzJ0\001\301\025%1L\307\t\261\262z\374\222T\301\274V\236\223\262\270Ct\362\337b\356\024*\324\320\351\317\002k\336\234\027v\351\217\260\303\360\233ZPZWr\246$w\313\313\r\243r\232\2234\373\3539:N\004Q\245\272D\312D\300\300\t\323\0257\345e\271\na\215{\226\255x%T\257\037\333\004\344_/R\006E\344\037@\210\363\010\336T\226\247'\204_{\261\370""1\235\2445\343\033Y!\212\201\341\272\225'\007\217\350(q\027Sq\26030J\022\206q\3267\227\324\001\205\313\270\257\303\005<\302\346n\212x\311\013\003""; }; "
1750527717535,1750527717535,0,1,0,1,TMValidation,"validation: """"\200\000\000\001&\000\000\000;)/\351\253e:p\210\265\307-\212\200\004Q\353\270\277[|\226k\277\033\230\347|B!\272\364W>\t\010\227t\301Md\r\3451\215PFmP\027\000\000\000\000\000\000\000\000\000\000\000\000\000\000\000\000\000\000\000\000\000\000\000\000\000\000\000\000\000\000\000\000P\031\307\232\020\017\177\025}\320\272\301\007\233=\335""\t\250\332\334\355\260\204\022\250\326\010?\242\301d\215\027s!\002\364d\217\366\217|\316F\232\231\241\n\261\333`\312O\367\235\025DD\336e\367\n\312\326\221\037\025\230vF0D\002 \034\200u\314\250P\026\322\340%;\3611\265iZ\217\240r\372\340*\264E\320%\355p\237\215C\017\002 $\245'\244C\006\002\222$\3372\323G\023\241\371\211AI$6xJ\230\212\246\365\343\030\223~\307""; ","validation: """"\200\000\000\001&\000\000\000;)/\351\253e:p\210\265\307-\212\200\004Q\353\270\277[|\226k\277\033\230\347|B!\272\364W>\t\010\227t\301Md\r\3451\215PFmP\027\000\000\000\000\000\000\000\000\000\000\000\000\000\000\000\000\000\000\000\000\000\000\000\000\000\000\000\000\000\000\000\000P\031\307\232\020\017\177\025}\320\272\301\007\233=\335""\t\250\332\334\355\260\204\022\250\326\010?\242\301d\215\027s!\002\364d\217\366\217|\316F\232\231\241\n\261\333`\312O\367\235\025DD\336e\367\n\312\326\221\037\025\230vF0D\002 \034\200u\314\250P\026\322\340%;\3611\265iZ\217\240r\372\340*\264E\320%\355p\237\215C\017\002 $\245'\244C\006\002\222$\3372\323G\023\241\371\211AI$6xJ\230\212\246\365\343\030\223~\307""; "
1750527717536,1750527717536,0,1,2,1,TMGetLedger,"itype: liBASE; ledgerHash: ""\353\270\277[|\226k\277\033\230\347|B!\272\364W>\t\010\227t\301Md\r\3451\215PFm""; ledgerSeq: 59; queryType: qtINDIRECT; ","itype: liBASE; ledgerHash: ""\353\270\277[|\226k\277\033\230\347|B!\272\364W>\t\010\227t\301Md\r\3451\215PFm""; ledgerSeq: 59; queryType: qtINDIRECT; "
1750527717536,1750527717536,0,1,2,1,TMValidation,"validation: """"\200\000\000\001&\000\000\000;)/\351\253e:p\210\265\307-\212\200\004Q\353\270\277[|\226k\277\033\230\347|B!\272\364W>\t\010\227t\301Md\r\3451\215PFmP\027\000\000\000\000\000\000\000\000\000\000\000\000\000\000\000\000\000\000\000\000\000\000\000\000\000\000\000\000\000\000\000\000P\031\307\232\020\017\177\025}\320\272\301\007\233=\335""\t\250\332\334\355\260\204\022\250\326\010?\242\301d\215\027s!\002\364d\217\366\217|\316F\232\231\241\n\261\333`\312O\367\235\025DD\336e\367\n\312\326\221\037\025\230vF0D\002 \034\200u\314\250P\026\322\340%;\3611\265iZ\217\240r\372\340*\264E\320%\355p\237\215C\017\002 $\245'\244C\006\002\222$\3372\323G\023\241\371\211AI$6xJ\230\212\246\365\343\030\223~\307""; ","validation: """"\200\000\000\001&\000\000\000;)/\351\253e:p\210\265\307-\212\200\004Q\353\270\277[|\226k\277\033\230\347|B!\272\364W>\t\010\227t\301Md\r\3451\215PFmP\027\000\000\000\000\000\000\000\000\000\000\000\000\000\000\000\000\000\000\000\000\000\000\000\000\000\000\000\000\000\000\000\000P\031\307\232\020\017\177\025}\320\272\301\007\233=\335""\t\250\332\334\355\260\204\022\250\326\010?\242\301d\215\027s!\002\364d\217\366\217|\316F\232\231\241\n\261\333`\312O\367\235\025DD\336e\367\n\312\326\221\037\025\230vF0D\002 \034\200u\314\250P\026\322\340%;\3611\265iZ\217\240r\372\340*\264E\320%\355p\237\215C\017\002 $\245'\244C\006\002\222$\3372\323G\023\241\371\211AI$6xJ\230\212\246\365\343\030\223~\307""; "
1750527717537,1750527717537,0,1,3,1,TMLedgerData,"ledgerHash: ""\353\270\277[|\226k\277\033\230\347|B!\272\364W>\t\010\227t\301Md\r\3451\215PFm""; ledgerSeq: 59; type: liBASE; nodes {;   nodedata: ""\000\000\000;\001cEx]\211\377\330\307\232\020\017\177\025}\320\272\301\007\233=\335""\t\250\332\334\355\260\204\022\250\326\010?\242\301d\215\027\000\000\000\000\000\000\000\000\000\000\000\000\000\000\000\000\000\000\000\000\000\000\000\000\000\000\000\000\000\000\000\000\367\010T\214\204\007\035\033\035\0242\226\031\335""\241\271i\250\225uB\030\365S+\243\203\232GV\024/\351\253`/\351\253h\n\000""; }; nodes {;   nodedata: ""\323C\344\327\264{\312-\017:\006{\177\344N\002\326bO\260\220\006\033\362\345\005U\221DzJ0\001\301\025%1L\307\t\261\262z\374\222T\301\274V\236\223\262\270Ct\362\337b\356\024*\324\320\351\317\002k\336\234\027v\351\217\260\303\360\233ZPZWr\246$w\313\313\r\243r\232\2234\373\3539:N\004Q\245\272D\312D\300\300\t\323\0257\345e\271\na\215{\226\255x%T\257\037\333\004\344_/R\006E\344\037@\210\363\010\336T\226\247'\204_{\261\370""1\235\2445\343\033Y!\212\201\341\272\225'\007\217\350(q\027Sq\26030J\022\206q\3267\227\324\001\205\313\270\257\303\005<\302\346n\212x\311\013\003""; }; ","ledgerHash: ""\353\270\277[|\226k\277\033\230\347|B!\272\364W>\t\010\227t\301Md\r\3451\215PFm""; ledgerSeq: 59; type: liBASE; nodes {;   nodedata: ""\000\000\000;\001cEx]\211\377\330\307\232\020\017\177\025}\320\272\301\007\233=\335""\t\250\332\334\355\260\204\022\250\326\010?\242\301d\215\027\000\000\000\000\000\000\000\000\000\000\000\000\000\000\000\000\000\000\000\000\000\000\000\000\000\000\000\000\000\000\000\000\367\010T\214\204\007\035\033\035\0242\226\031\335""\241\271i\250\225uB\030\365S+\243\203\232GV\024/\351\253`/\351\253h\n\000""; }; nodes {;   nodedata: ""\323C\344\327\264{\312-\017:\006{\177\344N\002\326bO\260\220\006\033\362\345\005U\221DzJ0\001\301\025%1L\307\t\261\262z\374\222T\301\274V\236\223\262\270Ct\362\337b\356\024*\324\320\351\317\002k\336\234\027v\351\217\260\303\360\233ZPZWr\246$w\313\313\r\243r\232\2234\373\3539:N\004Q\245\272D\312D\300\300\t\323\0257\345e\271\na\215{\226\255x%T\257\037\333\004\344_/R\006E\344\037@\210\363\010\336T\226\247'\204_{\261\370""1\235\2445\343\033Y!\212\201\341\272\225'\007\217\350(q\027Sq\26030J\022\206q\3267\227\324\001\205\313\270\257\303\005<\302\346n\212x\311\013\003""; }; "
1750527717538,1750527717538,0,1,4,3,TMGetLedger,"itype: liBASE; ledgerHash: ""\353\270\277[|\226k\277\033\230\347|B!\272\364W>\t\010\227t\301Md\r\3451\215PFm""; ledgerSeq: 59; requestCookie: 2; queryType: qtINDIRECT; ","itype: liBASE; ledgerHash: ""\353\270\277[|\226k\277\033\230\347|B!\272\364W>\t\010\227t\301Md\r\3451\215PFm""; ledgerSeq: 59; requestCookie: 2; queryType: qtINDIRECT; "
1750527717538,1750527717538,0,1,4,3,TMGetLedger,"itype: liBASE; ledgerHash: ""\353\270\277[|\226k\277\033\230\347|B!\272\364W>\t\010\227t\301Md\r\3451\215PFm""; ledgerSeq: 59; requestCookie: 1; queryType: qtINDIRECT; ","itype: liBASE; ledgerHash: ""\353\270\277[|\226k\277\033\230\347|B!\272\364W>\t\010\227t\301Md\r\3451\215PFm""; ledgerSeq: 59; requestCookie: 1; queryType: qtINDIRECT; "
1750527717539,1750527717539,0,1,4,3,TMGetLedger,"itype: liBASE; ledgerHash: ""\353\270\277[|\226k\277\033\230\347|B!\272\364W>\t\010\227t\301Md\r\3451\215PFm""; ledgerSeq: 59; requestCookie: 3; queryType: qtINDIRECT; ","itype: liBASE; ledgerHash: ""\353\270\277[|\226k\277\033\230\347|B!\272\364W>\t\010\227t\301Md\r\3451\215PFm""; ledgerSeq: 59; requestCookie: 3; queryType: qtINDIRECT; "
1750527717540,1750527717540,0,1,3,1,TMLedgerData,"ledgerHash: ""\353\270\277[|\226k\277\033\230\347|B!\272\364W>\t\010\227t\301Md\r\3451\215PFm""; ledgerSeq: 59; type: liBASE; nodes {;   nodedata: ""\000\000\000;\001cEx]\211\377\330\307\232\020\017\177\025}\320\272\301\007\233=\335""\t\250\332\334\355\260\204\022\250\326\010?\242\301d\215\027\000\000\000\000\000\000\000\000\000\000\000\000\000\000\000\000\000\000\000\000\000\000\000\000\000\000\000\000\000\000\000\000\367\010T\214\204\007\035\033\035\0242\226\031\335""\241\271i\250\225uB\030\365S+\243\203\232GV\024/\351\253`/\351\253h\n\000""; }; nodes {;   nodedata: ""\323C\344\327\264{\312-\017:\006{\177\344N\002\326bO\260\220\006\033\362\345\005U\221DzJ0\001\301\025%1L\307\t\261\262z\374\222T\301\274V\236\223\262\270Ct\362\337b\356\024*\324\320\351\317\002k\336\234\027v\351\217\260\303\360\233ZPZWr\246$w\313\313\r\243r\232\2234\373\3539:N\004Q\245\272D\312D\300\300\t\323\0257\345e\271\na\215{\226\255x%T\257\037\333\004\344_/R\006E\344\037@\210\363\010\336T\226\247'\204_{\261\370""1\235\2445\343\033Y!\212\201\341\272\225'\007\217\350(q\027Sq\26030J\022\206q\3267\227\324\001\205\313\270\257\303\005<\302\346n\212x\311\013\003""; }; requestCookie: 5; ","ledgerHash: ""\353\270\277[|\226k\277\033\230\347|B!\272\364W>\t\010\227t\301Md\r\3451\215PFm""; ledgerSeq: 59; type: liBASE; nodes {;   nodedata: ""\000\000\000;\001cEx]\211\377\330\307\232\020\017\177\025}\320\272\301\007\233=\335""\t\250\332\334\355\260\204\022\250\326\010?\242\301d\215\027\000\000\000\000\000\000\000\000\000\000\000\000\000\000\000\000\000\000\000\000\000\000\000\000\000\000\000\000\000\000\000\000\367\010T\214\204\007\035\033\035\0242\226\031\335""\241\271i\250\225uB\030\365S+\243\203\232GV\024/\351\253`/\351\253h\n\000""; }; nodes {;   nodedata: ""\323C\344\327\264{\312-\017:\006{\177\344N\002\326bO\260\220\006\033\362\345\005U\221DzJ0\001\301\025%1L\307\t\261\262z\374\222T\301\274V\236\223\262\270Ct\362\337b\356\024*\324\320\351\317\002k\336\234\027v\351\217\260\303\360\233ZPZWr\246$w\313\313\r\243r\232\2234\373\3539:N\004Q\245\272D\312D\300\300\t\323\0257\345e\271\na\215{\226\255x%T\257\037\333\004\344_/R\006E\344\037@\210\363\010\336T\226\247'\204_{\261\370""1\235\2445\343\033Y!\212\201\341\272\225'\007\217\350(q\027Sq\26030J\022\206q\3267\227\324\001\205\313\270\257\303\005<\302\346n\212x\311\013\003""; }; requestCookie: 5; "
1750527717540,1750527717541,0,1,4,3,TMGetLedger,"itype: liAS_NODE; ledgerHash: ""\353\270\277[|\226k\277\033\230\347|B!\272\364W>\t\010\227t\301Md\r\3451\215PFm""; ledgerSeq: 59; nodeIDs: ""\260\000\000\000\000\000\000\000\000\000\000\000\000\000\000\000\000\000\000\000\000\000\000\000\000\000\000\000\000\000\000\000\001""; queryType: qtINDIRECT; queryDepth: 1; ","itype: liAS_NODE; ledgerHash: ""\353\270\277[|\226k\277\033\230\347|B!\272\364W>\t\010\227t\301Md\r\3451\215PFm""; ledgerSeq: 59; nodeIDs: ""\260\000\000\000\000\000\000\000\000\000\000\000\000\000\000\000\000\000\000\000\000\000\000\000\000\000\000\000\000\000\000\000\001""; queryType: qtINDIRECT; queryDepth: 1; "
1750527717541,1750527717541,0,1,0,3,TMGetLedger,"itype: liBASE; ledgerHash: ""\353\270\277[|\226k\277\033\230\347|B!\272\364W>\t\010\227t\301Md\r\3451\215PFm""; ledgerSeq: 59; requestCookie: 2; queryType: qtINDIRECT; ","itype: liBASE; ledgerHash: ""\353\270\277[|\226k\277\033\230\347|B!\272\364W>\t\010\227t\301Md\r\3451\215PFm""; ledgerSeq: 59; requestCookie: 2; queryType: qtINDIRECT; "
1750527717542,1750527717542,0,1,0,3,TMGetLedger,"itype: liBASE; ledgerHash: ""\353\270\277[|\226k\277\033\230\347|B!\272\364W>\t\010\227t\301Md\r\3451\215PFm""; requestCookie: 5; queryType: qtINDIRECT; ","itype: liBASE; ledgerHash: ""\353\270\277[|\226k\277\033\230\347|B!\272\364W>\t\010\227t\301Md\r\3451\215PFm""; requestCookie: 5; queryType: qtINDIRECT; "
1750527717543,1750527717543,0,1,2,3,TMGetLedger,"itype: liBASE; ledgerHash: ""\353\270\277[|\226k\277\033\230\347|B!\272\364W>\t\010\227t\301Md\r\3451\215PFm""; ledgerSeq: 59; requestCookie: 3; queryType: qtINDIRECT; ","itype: liBASE; ledgerHash: ""\353\270\277[|\226k\277\033\230\347|B!\272\364W>\t\010\227t\301Md\r\3451\215PFm""; ledgerSeq: 59; requestCookie: 3; queryType: qtINDIRECT; "
1750527717543,1750527717543,0,1,2,3,TMGetLedger,"itype: liBASE; ledgerHash: ""\353\270\277[|\226k\277\033\230\347|B!\272\364W>\t\010\227t\301Md\r\3451\215PFm""; requestCookie: 5; queryType: qtINDIRECT; ","itype: liBASE; ledgerHash: ""\353\270\277[|\226k\277\033\230\347|B!\272\364W>\t\010\227t\301Md\r\3451\215PFm""; requestCookie: 5; queryType: qtINDIRECT; "
1750527717544,1750527717544,0,1,2,3,TMGetLedger,"itype: liBASE; ledgerHash: ""\353\270\277[|\226k\277\033\230\347|B!\272\364W>\t\010\227t\301Md\r\3451\215PFm""; ledgerSeq: 59; queryType: qtINDIRECT; ","itype: liBASE; ledgerHash: ""\353\270\277[|\226k\277\033\230\347|B!\272\364W>\t\010\227t\301Md\r\3451\215PFm""; ledgerSeq: 59; queryType: qtINDIRECT; "
1750527717544,1750527717544,0,1,2,3,TMGetLedger,"itype: liBASE; ledgerHash: ""\353\270\277[|\226k\277\033\230\347|B!\272\364W>\t\010\227t\301Md\r\3451\215PFm""; ledgerSeq: 59; requestCookie: 2; queryType: qtINDIRECT; ","itype: liBASE; ledgerHash: ""\353\270\277[|\226k\277\033\230\347|B!\272\364W>\t\010\227t\301Md\r\3451\215PFm""; ledgerSeq: 59; requestCookie: 2; queryType: qtINDIRECT; "
1750527717545,1750527717545,0,1,2,3,TMGetLedger,"itype: liAS_NODE; ledgerHash: ""\353\270\277[|\226k\277\033\230\347|B!\272\364W>\t\010\227t\301Md\r\3451\215PFm""; ledgerSeq: 59; nodeIDs: ""\260\000\000\000\000\000\000\000\000\000\000\000\000\000\000\000\000\000\000\000\000\000\000\000\000\000\000\000\000\000\000\000\001""; queryType: qtINDIRECT; queryDepth: 1; ","itype: liAS_NODE; ledgerHash: ""\353\270\277[|\226k\277\033\230\347|B!\272\364W>\t\010\227t\301Md\r\3451\215PFm""; ledgerSeq: 59; nodeIDs: ""\260\000\000\000\000\000\000\000\000\000\000\000\000\000\000\000\000\000\000\000\000\000\000\000\000\000\000\000\000\000\000\000\001""; queryType: qtINDIRECT; queryDepth: 1; "
1750527717545,1750527717546,0,1,0,3,TMGetLedger,"itype: liBASE; ledgerHash: ""\353\270\277[|\226k\277\033\230\347|B!\272\364W>\t\010\227t\301Md\r\3451\215PFm""; ledgerSeq: 59; requestCookie: 3; queryType: qtINDIRECT; ","itype: liBASE; ledgerHash: ""\353\270\277[|\226k\277\033\230\347|B!\272\364W>\t\010\227t\301Md\r\3451\215PFm""; ledgerSeq: 59; requestCookie: 3; queryType: qtINDIRECT; "
1750527717546,1750527717546,0,1,0,3,TMGetLedger,"itype: liAS_NODE; ledgerHash: ""\353\270\277[|\226k\277\033\230\347|B!\272\364W>\t\010\227t\301Md\r\3451\215PFm""; ledgerSeq: 59; nodeIDs: ""\260\000\000\000\000\000\000\000\000\000\000\000\000\000\000\000\000\000\000\000\000\000\000\000\000\000\000\000\000\000\000\000\001""; queryType: qtINDIRECT; queryDepth: 1; ","itype: liAS_NODE; ledgerHash: ""\353\270\277[|\226k\277\033\230\347|B!\272\364W>\t\010\227t\301Md\r\3451\215PFm""; ledgerSeq: 59; nodeIDs: ""\260\000\000\000\000\000\000\000\000\000\000\000\000\000\000\000\000\000\000\000\000\000\000\000\000\000\000\000\000\000\000\000\001""; queryType: qtINDIRECT; queryDepth: 1; "
1750527717547,1750527717547,0,1,1,3,TMGetLedger,"itype: liBASE; ledgerHash: ""\353\270\277[|\226k\277\033\230\347|B!\272\364W>\t\010\227t\301Md\r\3451\215PFm""; ledgerSeq: 59; requestCookie: 2; queryType: qtINDIRECT; ","itype: liBASE; ledgerHash: ""\353\270\277[|\226k\277\033\230\347|B!\272\364W>\t\010\227t\301Md\r\3451\215PFm""; ledgerSeq: 59; requestCookie: 2; queryType: qtINDIRECT; "
1750527717547,1750527717547,0,1,1,3,TMGetLedger,"itype: liAS_NODE; ledgerHash: ""\353\270\277[|\226k\277\033\230\347|B!\272\364W>\t\010\227t\301Md\r\3451\215PFm""; ledgerSeq: 59; nodeIDs: ""\260\000\000\000\000\000\000\000\000\000\000\000\000\000\000\000\000\000\000\000\000\000\000\000\000\000\000\000\000\000\000\000\001""; queryType: qtINDIRECT; queryDepth: 1; ","itype: liAS_NODE; ledgerHash: ""\353\270\277[|\226k\277\033\230\347|B!\272\364W>\t\010\227t\301Md\r\3451\215PFm""; ledgerSeq: 59; nodeIDs: ""\260\000\000\000\000\000\000\000\000\000\000\000\000\000\000\000\000\000\000\000\000\000\000\000\000\000\000\000\000\000\000\000\001""; queryType: qtINDIRECT; queryDepth: 1; "
1750527717548,1750527717548,0,1,1,3,TMGetLedger,"itype: liBASE; ledgerHash: ""\353\270\277[|\226k\277\033\230\347|B!\272\364W>\t\010\227t\301Md\r\3451\215PFm""; ledgerSeq: 59; requestCookie: 3; queryType: qtINDIRECT; ","itype: liBASE; ledgerHash: ""\353\270\277[|\226k\277\033\230\347|B!\272\364W>\t\010\227t\301Md\r\3451\215PFm""; ledgerSeq: 59; requestCookie: 3; queryType: qtINDIRECT; "
1750527717549,1750527717549,0,1,3,4,TMLedgerData,"ledgerHash: ""\353\270\277[|\226k\277\033\230\347|B!\272\364W>\t\010\227t\301Md\r\3451\215PFm""; ledgerSeq: 59; type: liBASE; nodes {;   nodedata: ""\000\000\000;\001cEx]\211\377\330\307\232\020\017\177\025}\320\272\301\007\233=\335""\t\250\332\334\355\260\204\022\250\326\010?\242\301d\215\027\000\000\000\000\000\000\000\000\000\000\000\000\000\000\000\000\000\000\000\000\000\000\000\000\000\000\000\000\000\000\000\000\367\010T\214\204\007\035\033\035\0242\226\031\335""\241\271i\250\225uB\030\365S+\243\203\232GV\024/\351\253`/\351\253h\n\000""; }; nodes {;   nodedata: ""\323C\344\327\264{\312-\017:\006{\177\344N\002\326bO\260\220\006\033\362\345\005U\221DzJ0\001\301\025%1L\307\t\261\262z\374\222T\301\274V\236\223\262\270Ct\362\337b\356\024*\324\320\351\317\002k\336\234\027v\351\217\260\303\360\233ZPZWr\246$w\313\313\r\243r\232\2234\373\3539:N\004Q\245\272D\312D\300\300\t\323\0257\345e\271\na\215{\226\255x%T\257\037\333\004\344_/R\006E\344\037@\210\363\010\336T\226\247'\204_{\261\370""1\235\2445\343\033Y!\212\201\341\272\225'\007\217\350(q\027Sq\26030J\022\206q\3267\227\324\001\205\313\270\257\303\005<\302\346n\212x\311\013\003""; }; requestCookie: 2; ","ledgerHash: ""\353\270\277[|\226k\277\033\230\347|B!\272\364W>\t\010\227t\301Md\r\3451\215PFm""; ledgerSeq: 59; type: liBASE; nodes {;   nodedata: ""\000\000\000;\001cEx]\211\377\330\307\232\020\017\177\025}\320\272\301\007\233=\335""\t\250\332\334\355\260\204\022\250\326\010?\242\301d\215\027\000\000\000\000\000\000\000\000\000\000\000\000\000\000\000\000\000\000\000\000\000\000\000\000\000\000\000\000\000\000\000\000\367\010T\214\204\007\035\033\035\0242\226\031\335""\241\271i\250\225uB\030\365S+\243\203\232GV\024/\351\253`/\351\253h\n\000""; }; nodes {;   nodedata: ""\323C\344\327\264{\312-\017:\006{\177\344N\002\326bO\260\220\006\033\362\345\005U\221DzJ0\001\301\025%1L\307\t\261\262z\374\222T\301\274V\236\223\262\270Ct\362\337b\356\024*\324\320\351\317\002k\336\234\027v\351\217\260\303\360\233ZPZWr\246$w\313\313\r\243r\232\2234\373\3539:N\004Q\245\272D\312D\300\300\t\323\0257\345e\271\na\215{\226\255x%T\257\037\333\004\344_/R\006E\344\037@\210\363\010\336T\226\247'\204_{\261\370""1\235\2445\343\033Y!\212\201\341\272\225'\007\217\350(q\027Sq\26030J\022\206q\3267\227\324\001\205\313\270\257\303\005<\302\346n\212x\311\013\003""; }; requestCookie: 2; "
1750527717550,1750527717550,0,1,3,4,TMLedgerData,"ledgerHash: ""\353\270\277[|\226k\277\033\230\347|B!\272\364W>\t\010\227t\301Md\r\3451\215PFm""; ledgerSeq: 59; type: liBASE; nodes {;   nodedata: ""\000\000\000;\001cEx]\211\377\330\307\232\020\017\177\025}\320\272\301\007\233=\335""\t\250\332\334\355\260\204\022\250\326\010?\242\301d\215\027\000\000\000\000\000\000\000\000\000\000\000\000\000\000\000\000\000\000\000\000\000\000\000\000\000\000\000\000\000\000\000\000\367\010T\214\204\007\035\033\035\0242\226\031\335""\241\271i\250\225uB\030\365S+\243\203\232GV\024/\351\253`/\351\253h\n\000""; }; nodes {;   nodedata: ""\323C\344\327\264{\312-\017:\006{\177\344N\002\326bO\260\220\006\033\362\345\005U\221DzJ0\001\301\025%1L\307\t\261\262z\374\222T\301\274V\236\223\262\270Ct\362\337b\356\024*\324\320\351\317\002k\336\234\027v\351\217\260\303\360\233ZPZWr\246$w\313\313\r\243r\232\2234\373\3539:N\004Q\245\272D\312D\300\300\t\323\0257\345e\271\na\215{\226\255x%T\257\037\333\004\344_/R\006E\344\037@\210\363\010\336T\226\247'\204_{\261\370""1\235\2445\343\033Y!\212\201\341\272\225'\007\217\350(q\027Sq\26030J\022\206q\3267\227\324\001\205\313\270\257\303\005<\302\346n\212x\311\013\003""; }; requestCookie: 1; ","ledgerHash: ""\353\270\277[|\226k\277\033\230\347|B!\272\364W>\t\010\227t\301Md\r\3451\215PFm""; ledgerSeq: 59; type: liBASE; nodes {;   nodedata: ""\000\000\000;\001cEx]\211\377\330\307\232\020\017\177\025}\320\272\301\007\233=\335""\t\250\332\334\355\260\204\022\250\326\010?\242\301d\215\027\000\000\000\000\000\000\000\000\000\000\000\000\000\000\000\000\000\000\000\000\000\000\000\000\000\000\000\000\000\000\000\000\367\010T\214\204\007\035\033\035\0242\226\031\335""\241\271i\250\225uB\030\365S+\243\203\232GV\024/\351\253`/\351\253h\n\000""; }; nodes {;   nodedata: ""\323C\344\327\264{\312-\017:\006{\177\344N\002\326bO\260\220\006\033\362\345\005U\221DzJ0\001\301\025%1L\307\t\261\262z\374\222T\301\274V\236\223\262\270Ct\362\337b\356\024*\324\320\351\317\002k\336\234\027v\351\217\260\303\360\233ZPZWr\246$w\313\313\r\243r\232\2234\373\3539:N\004Q\245\272D\312D\300\300\t\323\0257\345e\271\na\215{\226\255x%T\257\037\333\004\344_/R\006E\344\037@\210\363\010\336T\226\247'\204_{\261\370""1\235\2445\343\033Y!\212\201\341\272\225'\007\217\350(q\027Sq\26030J\022\206q\3267\227\324\001\205\313\270\257\303\005<\302\346n\212x\311\013\003""; }; requestCookie: 1; "
1750527717550,1750527717550,0,1,3,4,TMLedgerData,"ledgerHash: ""\353\270\277[|\226k\277\033\230\347|B!\272\364W>\t\010\227t\301Md\r\3451\215PFm""; ledgerSeq: 59; type: liBASE; nodes {;   nodedata: ""\000\000\000;\001cEx]\211\377\330\307\232\020\017\177\025}\320\272\301\007\233=\335""\t\250\332\334\355\260\204\022\250\326\010?\242\301d\215\027\000\000\000\000\000\000\000\000\000\000\000\000\000\000\000\000\000\000\000\000\000\000\000\000\000\000\000\000\000\000\000\000\367\010T\214\204\007\035\033\035\0242\226\031\335""\241\271i\250\225uB\030\365S+\243\203\232GV\024/\351\253`/\351\253h\n\000""; }; nodes {;   nodedata: ""\323C\344\327\264{\312-\017:\006{\177\344N\002\326bO\260\220\006\033\362\345\005U\221DzJ0\001\301\025%1L\307\t\261\262z\374\222T\301\274V\236\223\262\270Ct\362\337b\356\024*\324\320\351\317\002k\336\234\027v\351\217\260\303\360\233ZPZWr\246$w\313\313\r\243r\232\2234\373\3539:N\004Q\245\272D\312D\300\300\t\323\0257\345e\271\na\215{\226\255x%T\257\037\333\004\344_/R\006E\344\037@\210\363\010\336T\226\247'\204_{\261\370""1\235\2445\343\033Y!\212\201\341\272\225'\007\217\350(q\027Sq\26030J\022\206q\3267\227\324\001\205\313\270\257\303\005<\302\346n\212x\311\013\003""; }; requestCookie: 3; ","ledgerHash: ""\353\270\277[|\226k\277\033\230\347|B!\272\364W>\t\010\227t\301Md\r\3451\215PFm""; ledgerSeq: 59; type: liBASE; nodes {;   nodedata: ""\000\000\000;\001cEx]\211\377\330\307\232\020\017\177\025}\320\272\301\007\233=\335""\t\250\332\334\355\260\204\022\250\326\010?\242\301d\215\027\000\000\000\000\000\000\000\000\000\000\000\000\000\000\000\000\000\000\000\000\000\000\000\000\000\000\000\000\000\000\000\000\367\010T\214\204\007\035\033\035\0242\226\031\335""\241\271i\250\225uB\030\365S+\243\203\232GV\024/\351\253`/\351\253h\n\000""; }; nodes {;   nodedata: ""\323C\344\327\264{\312-\017:\006{\177\344N\002\326bO\260\220\006\033\362\345\005U\221DzJ0\001\301\025%1L\307\t\261\262z\374\222T\301\274V\236\223\262\270Ct\362\337b\356\024*\324\320\351\317\002k\336\234\027v\351\217\260\303\360\233ZPZWr\246$w\313\313\r\243r\232\2234\373\3539:N\004Q\245\272D\312D\300\300\t\323\0257\345e\271\na\215{\226\255x%T\257\037\333\004\344_/R\006E\344\037@\210\363\010\336T\226\247'\204_{\261\370""1\235\2445\343\033Y!\212\201\341\272\225'\007\217\350(q\027Sq\26030J\022\206q\3267\227\324\001\205\313\270\257\303\005<\302\346n\212x\311\013\003""; }; requestCookie: 3; "
1750527717551,1750527717551,0,1,1,4,TMLedgerData,"ledgerHash: ""\353\270\277[|\226k\277\033\230\347|B!\272\364W>\t\010\227t\301Md\r\3451\215PFm""; ledgerSeq: 59; type: liBASE; nodes {;   nodedata: ""\000\000\000;\001cEx]\211\377\330\307\232\020\017\177\025}\320\272\301\007\233=\335""\t\250\332\334\355\260\204\022\250\326\010?\242\301d\215\027\000\000\000\000\000\000\000\000\000\000\000\000\000\000\000\000\000\000\000\000\000\000\000\000\000\000\000\000\000\000\000\000\367\010T\214\204\007\035\033\035\0242\226\031\335""\241\271i\250\225uB\030\365S+\243\203\232GV\024/\351\253`/\351\253h\n\000""; }; nodes {;   nodedata: ""\323C\344\327\264{\312-\017:\006{\177\344N\002\326bO\260\220\006\033\362\345\005U\221DzJ0\001\301\025%1L\307\t\261\262z\374\222T\301\274V\236\223\262\270Ct\362\337b\356\024*\324\320\351\317\002k\336\234\027v\351\217\260\303\360\233ZPZWr\246$w\313\313\r\243r\232\2234\373\3539:N\004Q\245\272D\312D\300\300\t\323\0257\345e\271\na\215{\226\255x%T\257\037\333\004\344_/R\006E\344\037@\210\363\010\336T\226\247'\204_{\261\370""1\235\2445\343\033Y!\212\201\341\272\225'\007\217\350(q\027Sq\26030J\022\206q\3267\227\324\001\205\313\270\257\303\005<\302\346n\212x\311\013\003""; }; ","ledgerHash: ""\353\270\277[|\226k\277\033\230\347|B!\272\364W>\t\010\227t\301Md\r\3451\215PFm""; ledgerSeq: 59; type: liBASE; nodes {;   nodedata: ""\000\000\000;\001cEx]\211\377\330\307\232\020\017\177\025}\320\272\301\007\233=\335""\t\250\332\334\355\260\204\022\250\326\010?\242\301d\215\027\000\000\000\000\000\000\000\000\000\000\000\000\000\000\000\000\000\000\000\000\000\000\000\000\000\000\000\000\000\000\000\000\367\010T\214\204\007\035\033\035\0242\226\031\335""\241\271i\250\225uB\030\365S+\243\203\232GV\024/\351\253`/\351\253h\n\000""; }; nodes {;   nodedata: ""\323C\344\327\264{\312-\017:\006{\177\344N\002\326bO\260\220\006\033\362\345\005U\221DzJ0\001\301\025%1L\307\t\261\262z\374\222T\301\274V\236\223\262\270Ct\362\337b\356\024*\324\320\351\317\002k\336\234\027v\351\217\260\303\360\233ZPZWr\246$w\313\313\r\243r\232\2234\373\3539:N\004Q\245\272D\312D\300\300\t\323\0257\345e\271\na\215{\226\255x%T\257\037\333\004\344_/R\006E\344\037@\210\363\010\336T\226\247'\204_{\261\370""1\235\2445\343\033Y!\212\201\341\272\225'\007\217\350(q\027Sq\26030J\022\206q\3267\227\324\001\205\313\270\257\303\005<\302\346n\212x\311\013\003""; }; "
1750527717552,1750527717553,0,1,3,4,TMLedgerData,"ledgerHash: ""\353\270\277[|\226k\277\033\230\347|B!\272\364W>\t\010\227t\301Md\r\3451\215PFm""; ledgerSeq: 59; type: liAS_NODE; nodes {;   nodedata: ""\021\000h""\000\000\000\000 \033\000\000\000:\002\023\307\237\330\356GuH\375\327!\255\371\r\231\262R\256J\034\222\241\355X\265E\241^W\225\304\014\361CX-}\351f\032\255\274\334m\326c\017\014ao[\342\230\003\245\245\3341Hm\326^\017jy\335\261\032Yt\320\244{g\0306\\302\303*\341\215\223\257\364\277o\375\000r\241SOq\221\253\262\005\017\375T\356\014\360o'\030\311-\267\031\257!\031T\006><\315XM\334\324\345\034\000\325\367\240\271\013\265\024\321\362\354\211\250.\234s\225amc\305\035\366\276\037nD\277`\210\223N\3535\033\261\304f\331]\036\237\306o!\223\221\002\324\031\262\240R\177 ,\214\325\Q])\016\2067\277\t\354\010\000\360\215\2502\265\245\310\226\243c\302Ze\306\253#r\020\211\320iG\276\020E\317\035Sf\223F\254\033@\177e\277\016\010u\327\371&\262\312\317Q\2361t\377x\234\001v\003%\030\325_\225g\204\346a=\225\273\331\354\365*U\363\263N\367b\371\244\314-w\363\262\225Z\200\206\235\233\257?sE\2674\254\326mU\377?\177Ek\336\030!\316Aa\225\303\022\377{\210Y\226\271as\354L\035\004\341\361\035\301\024\220m#*\372\032\3178~\374\250\014*\323\342'z69\220\327\256\351G\367\317u\302\207\270b\315\333\333\334\310I\323&\014\352XZnW2.\335\347\202\021\247\362\212e\034\000\001\250\220\305;a\314\265R\310\017\317\331\235\360\262\240:\277\202\266\354\265X""\022\nh\252\352w\204\203\023]\001f\352\277\0031Q]\362\370R\350{\261\202\240\344\215\201\353\276\322p5p\350\354\017>\250r\241c\273\016\301\024\363\242\247\263\231\370\344\nBW\220K\316@3\243\200\036wk\253GSlU\010\360\231>\331\263H\214\324\030A\225\301o\346pkSF\004\241\213w9\223=\250\262*+\255\351r\265\244c\024\213\t\007`\223\325#\3477\210\345P\306\013\320\252[\0216+\227=`\371P\314\346 V7\271[~\n\237\274|\347\352@K\253~&\260\032\024\004B\200\255h\351\013\361\031:nG\211\005|\2003\266\274\251,W\006u\344\335d\003\306\212\313,\340\350bG\n\030Z\2732-\246\312\255\030\003\235207\005}D\260\0261ah\322M\304\216\273m0\271\234\237\007<w$\265C\245\232\033\023\313c\321B\032l\301h\005\320\252\301\361(\330[\343\357\343{\235\n\266g\272>\177\317\347\261qb&\270&\346ju\200\363N\320\307\004\034\001n\317\361\2653\254\2503\247\305\372\316W\022O\253x\250\025\373\247\354Tc\304\263\243^\352Gv\\264\261\r\035\226\306\2411\351\233\203\215\200$\231\300f\220\371c@\017\254\363\\371\340\340VaR\205~^\226\342t\360\022\204d\231\205)\272\364?\361!\334\331\315\254\230\rBG\314\023\246\244=\351\177\254\302b&\276+H;0\312\021&\275\036\237\350R\313\206R\331\304k\323u\263t\221\213yC\241\217A\242\027g\322\241'\212.E?B_\316\327\217J +\370\t^b\005\020\003\211\373\247|hC\271Nmk~J\270EU\274\036-\347\240\312FA\321\341bca\253\025\321\311\317\021\375\317\217\n\272\033o\353G>\275\361H\265\240\232um""\317\324`\214\221\314\000\211K\223+(""\200i \311\372g\254\343ZR0\224\275q\252\357\213\263\206N\357&Q\217\267\303\356I\236\357\264\311b\037\366\035\253\343\311\265\240\327q\206f\262ODi\215-\363>\034\236l\273\005G\316F\217}[\036\007\270:\260\335\271B\241N\345\330\204\327f\361\272Kb\0377p\334\264\237\177~\330]\252+:\317u\302h\n\351\n\364\231\277R\371\356\033y\265v\360Ny\246\332qY\262\231\251\n\305\334\202\305\362\n\367@k\231\016R:\327\242\366\242\253LZY\223$Gw^\203\302\311\316I7\371tTwp}\005|\372\214\251{R`\230V\244-\326I\351\255\325i\335\377\321\353\327\331\302\023\347y\016\263\271\317\306\017UV\314qu?\0064A\315{3D\010\016S\212\2353k0\361\214ID\303g\277\010Y_\001~\021\333\370\255\374\\331\306\255\336)\365Rth\024\t\300.M\315\321S\257\224\252\362\326P\316\303%nX\3742\333\036\004Y\264yG^\234\177\214\305q\237\274G\300a4\275\240s\215\222\210\016\020G\344=-:GK\312\035\271\201\350\376F\260G\347\000\235\365P6pmH\033\373\212c\377o\232\356\320D\002\277,]os{\354/?\312e\006wda\001\023\375\316\025\254\321\244\370+Y`\220\270\254\2601E[FI\310\235<qI \356\032v%\001\230\016\203\200\251UD\347\304\373\034\211\340@\342\033\263\365\356\341\357\350\324\035J\032\177\230\207\220\303+\207\352g\317N\027>\222M\271m\033\236\021:\272\233r\373\233hC}\256\020\210\010\233\335\025[ d(\343\263\327\177\030\246\254H\277\254E\231\006\033_lB\210\264\334Y\322\314\362\320L\000Q\240\317\3502\006,|\364\004\275\034\006\337\370""\330\364\202\314\315\311?\030\260\361u)\336\202\265Y\177X\227$\245tCB\345\314d\231A\300\204\371KJ\036\321\330\014]""EN\266$]\331\226c\351\312\376z\254\214\206B\274&M\032\376v\266\3104u)\r\312\021\273\030jJH\215G4\367fQ;\255\3404\372\225\341L\224\242\200VY\220\355\020\353I\n\363\266\036\311\003OR\250""\032\230\021]+$\302\005\224\270\033E\r\312\315}\200\2505\216\221\301\341\035[\247\325\236M^\360a\267\356\267\247]\357\236\n\207}P\2654\026`\256u\276\r&\026K\315a\3337\216.\240\362\263\327]\372\325\037\006\345\236\265\343\337g\271\317\315\374\3357gX\036\024'\357<$\322\323$\375\346&^\361\0009\022`\210$\005\261rTx\343\226\224vC\2607.\025\213@~\312\227\000 o\232\016\376|a3\352&\324\337\230\212\265o\2035\250\303\2760\241\364^\002Z\031Z!\300\002\364\004\232\355\234\202\021\371_~\346\024\242\247\366\231\036\370\365\313\014\307\362i\210e\030\317\336e\256\245\026R\036\304S\352]~a\353k\036W\036\333\243\313y\256\236\230\270\325\233\373\001c\343\030e+OD\224O\347\364mD\216\220lA\251D\0246\305z\207\225\254\360\010\233K$\222\242w\316\025\202/\356\266\371/\256\354\300\373\252\344\245^L==\235\021\032V\220\341+U\353\274\372=u\225\337\321k\342\217\031\035&\261k*\315\004\203\271\200\243u\010|\336\346\203L\367\300g\364H\302\267\0331\0265+\223\224\300\342tR\375j\262\235LC5\315,\2758.\025\251J\276\032\252\276\237\336w\275\306no\345t\317\355,\333\255\307\232\020\017\177\025}\320\272\301\007\233=\335""\t\250\332\334\355\260\204\022\250\326\010?\242\301d\215\027\264\227\2326\315\307\363\323\325\303\032N\256*\307\327 \235\332\207u\210\271\257\306g\231i*\260\326k\001"";   nodeid: ""\260\000\000\000\000\000\000\000\000\000\000\000\000\000\000\000\000\000\000\000\000\000\000\000\000\000\000\000\000\000\000\000\001""; }; ","ledgerHash: ""\353\270\277[|\226k\277\033\230\347|B!\272\364W>\t\010\227t\301Md\r\3451\215PFm""; ledgerSeq: 59; type: liAS_NODE; nodes {;   nodedata: ""\021\000h""\000\000\000\000 \033\000\000\000:\002\023\307\237\330\356GuH\375\327!\255\371\r\231\262R\256J\034\222\241\355X\265E\241^W\225\304\014\361CX-}\351f\032\255\274\334m\326c\017\014ao[\342\230\003\245\245\3341Hm\326^\017jy\335\261\032Yt\320\244{g\0306\\302\303*\341\215\223\257\364\277o\375\000r\241SOq\221\253\262\005\017\375T\356\014\360o'\030\311-\267\031\257!\031T\006><\315XM\334\324\345\034\000\325\367\240\271\013\265\024\321\362\354\211\250.\234s\225amc\305\035\366\276\037nD\277`\210\223N\3535\033\261\304f\331]\036\237\306o!\223\221\002\324\031\262\240R\177 ,\214\325\Q])\016\2067\277\t\354\010\000\360\215\2502\265\245\310\226\243c\302Ze\306\253#r\020\211\320iG\276\020E\317\035Sf\223F\254\033@\177e\277\016\010u\327\371&\262\312\317Q\2361t\377x\234\001v\003%\030\325_\225g\204\346a=\225\273\331\354\365*U\363\263N\367b\371\244\314-w\363\262\225Z\200\206\235\233\257?sE\2674\254\326mU\377?\177Ek\336\030!\316Aa\225\303\022\377{\210Y\226\271as\354L\035\004\341\361\035\301\024\220m#*\372\032\3178~\374\250\014*\323\342'z69\220\327\256\351G\367\317u\302\207\270b\315\333\333\334\310I\323&\014\352XZnW2.\335\347\202\021\247\362\212e\034\000\001\250\220\305;a\314\265R\310\017\317\331\235\360\262\240:\277\202\266\354\265X""\022\nh\252\352w\204\203\023]\001f\352\277\0031Q]\362\370R\350{\261\202\240\344\215\201\353\276\322p5p\350\354\017>\250r\241c\273\016\301\024\363\242\247\263\231\370\344\nBW\220K\316@3\243\200\036wk\253GSlU\010\360\231>\331\263H\214\324\030A\225\301o\346pkSF\004\241\213w9\223=\250\262*+\255\351r\265\244c\024\213\t\007`\223\325#\3477\210\345P\306\013\320\252[\0216+\227=`\371P\314\346 V7\271[~\n\237\274|\347\352@K\253~&\260\032\024\004B\200\255h\351\013\361\031:nG\211\005|\2003\266\274\251,W\006u\344\335d\003\306\212\313,\340\350bG\n\030Z\2732-\246\312\255\030\003\235207\005}D\260\0261ah\322M\304\216\273m0\271\234\237\007<w$\265C\245\232\033\023\313c\321B\032l\301h\005\320\252\301\361(\330[\343\357\343{\235\n\266g\272>\177\317\347\261qb&\270&\346ju\200\363N\320\307\004\034\001n\317\361\2653\254\2503\247\305\372\316W\022O\253x\250\025\373\247\354Tc\304\263\243^\352Gv\\264\261\r\035\226\306\2411\351\233\203\215\200$\231\300f\220\371c@\017\254\363\\371\340\340VaR\205~^\226\342t\360\022\204d\231\205)\272\364?\361!\334\331\315\254\230\rBG\314\023\246\244=\351\177\254\302b&\276+H;0\312\021&\275\036\237\350R\313\206R\331\304k\323u\263t\221\213yC\241\217A\242\027g\322\241'\212.E?B_\316\327\217J +\370\t^b\005\020\003\211\373\247|hC\271Nmk~J\270EU\274\036-\347\240\312FA\321\341bca\253\025\321\311\317\021\375\317\217\n\272\033o\353G>\275\361H\265\240\232um""\317\324`\214\221\314\000\211K\223+(""\200i \311\372g\254\343ZR0\224\275q\252\357\213\263\206N\357&Q\217\267\303\356I\236\357\264\311b\037\366\035\253\343\311\265\240\327q\206f\262ODi\215-\363>\034\236l\273\005G\316F\217}[\036\007\270:\260\335\271B\241N\345\330\204\327f\361\272Kb\0377p\334\264\237\177~\330]\252+:\317u\302h\n\351\n\364\231\277R\371\356\033y\265v\360Ny\246\332qY\262\231\251\n\305\334\202\305\362\n\367@k\231\016R:\327\242\366\242\253LZY\223$Gw^\203\302\311\316I7\371tTwp}\005|\372\214\251{R`\230V\244-\326I\351\255\325i\335\377\321\353\327\331\302\023\347y\016\263\271\317\306\017UV\314qu?\0064A\315{3D\010\016S\212\2353k0\361\214ID\303g\277\010Y_\001~\021\333\370\255\374\\331\306\255\336)\365Rth\024\t\300.M\315\321S\257\224\252\362\326P\316\303%nX\3742\333\036\004Y\264yG^\234\177\214\305q\237\274G\300a4\275\240s\215\222\210\016\020G\344=-:GK\312\035\271\201\350\376F\260G\347\000\235\365P6pmH\033\373\212c\377o\232\356\320D\002\277,]os{\354/?\312e\006wda\001\023\375\316\025\254\321\244\370+Y`\220\270\254\2601E[FI\310\235<qI \356\032v%\001\230\016\203\200\251UD\347\304\373\034\211\340@\342\033\263\365\356\341\357\350\324\035J\032\177\230\207\220\303+\207\352g\317N\027>\222M\271m\033\236\021:\272\233r\373\233hC}\256\020\210\010\233\335\025[ d(\343\263\327\177\030\246\254H\277\254E\231\006\033_lB\210\264\334Y\322\314\362\320L\000Q\240\317\3502\006,|\364\004\275\034\006\337\370""\330\364\202\314\315\311?\030\260\361u)\336\202\265Y\177X\227$\245tCB\345\314d\231A\300\204\371KJ\036\321\330\014]""EN\266$]\331\226c\351\312\376z\254\214\206B\274&M\032\376v\266\3104u)\r\312\021\273\030jJH\215G4\367fQ;\255\3404\372\225\341L\224\242\200VY\220\355\020\353I\n\363\266\036\311\003OR\250""\032\230\021]+$\302\005\224\270\033E\r\312\315}\200\2505\216\221\301\341\035[\247\325\236M^\360a\267\356\267\247]\357\236\n\207}P\2654\026`\256u\276\r&\026K\315a\3337\216.\240\362\263\327]\372\325\037\006\345\236\265\343\337g\271\317\315\374\3357gX\036\024'\357<$\322\323$\375\346&^\361\0009\022`\210$\005\261rTx\343\226\224vC\2607.\025\213@~\312\227\000 o\232\016\376|a3\352&\324\337\230\212\265o\2035\250\303\2760\241\364^\002Z\031Z!\300\002\364\004\232\355\234\202\021\371_~\346\024\242\247\366\231\036\370\365\313\014\307\362i\210e\030\317\336e\256\245\026R\036\304S\352]~a\353k\036W\036\333\243\313y\256\236\230\270\325\233\373\001c\343\030e+OD\224O\347\364mD\216\220lA\251D\0246\305z\207\225\254\360\010\233K$\222\242w\316\025\202/\356\266\371/\256\354\300\373\252\344\245^L==\235\021\032V\220\341+U\353\274\372=u\225\337\321k\342\217\031\035&\261k*\315\004\203\271\200\243u\010|\336\346\203L\367\300g\364H\302\267\0331\0265+\223\224\300\342tR\375j\262\235LC5\315,\2758.\025\251J\276\032\252\276\237\336w\275\306no\345t\317\355,\333\255\307\232\020\017\177\025}\320\272\301\007\233=\335""\t\250\332\334\355\260\204\022\250\326\010?\242\301d\215\027\264\227\2326\315\307\363\323\325\303\032N\256*\307\327 \235\332\207u\210\271\257\306g\231i*\260\326k\001"";   nodeid: ""\260\000\000\000\000\000\000\000\000\000\000\000\000\000\000\000\000\000\000\000\000\000\000\000\000\000\000\000\000\000\000\000\001""; }; "
1750527717553,1750527717554,0,1,3,0,TMLedgerData,"ledgerHash: ""\353\270\277[|\226k\277\033\230\347|B!\272\364W>\t\010\227t\301Md\r\3451\215PFm""; ledgerSeq: 59; type: liBASE; nodes {;   nodedata: ""\000\000\000;\001cEx]\211\377\330\307\232\020\017\177\025}\320\272\301\007\233=\335""\t\250\332\334\355\260\204\022\250\326\010?\242\301d\215\027\000\000\000\000\000\000\000\000\000\000\000\000\000\000\000\000\000\000\000\000\000\000\000\000\000\000\000\000\000\000\000\000\367\010T\214\204\007\035\033\035\0242\226\031\335""\241\271i\250\225uB\030\365S+\243\203\232GV\024/\351\253`/\351\253h\n\000""; }; nodes {;   nodedata: ""\323C\344\327\264{\312-\017:\006{\177\344N\002\326bO\260\220\006\033\362\345\005U\221DzJ0\001\301\025%1L\307\t\261\262z\374\222T\301\274V\236\223\262\270Ct\362\337b\356\024*\324\320\351\317\002k\336\234\027v\351\217\260\303\360\233ZPZWr\246$w\313\313\r\243r\232\2234\373\3539:N\004Q\245\272D\312D\300\300\t\323\0257\345e\271\na\215{\226\255x%T\257\037\333\004\344_/R\006E\344\037@\210\363\010\336T\226\247'\204_{\261\370""1\235\2445\343\033Y!\212\201\341\272\225'\007\217\350(q\027Sq\26030J\022\206q\3267\227\324\001\205\313\270\257\303\005<\302\346n\212x\311\013\003""; }; requestCookie: 2; ","ledgerHash: ""\353\270\277[|\226k\277\033\230\347|B!\272\364W>\t\010\227t\301Md\r\3451\215PFm""; ledgerSeq: 59; type: liBASE; nodes {;   nodedata: ""\000\000\000;\001cEx]\211\377\330\307\232\020\017\177\025}\320\272\301\007\233=\335""\t\250\332\334\355\260\204\022\250\326\010?\242\301d\215\027\000\000\000\000\000\000\000\000\000\000\000\000\000\000\000\000\000\000\000\000\000\000\000\000\000\000\000\000\000\000\000\000\367\010T\214\204\007\035\033\035\0242\226\031\335""\241\271i\250\225uB\030\365S+\243\203\232GV\024/\351\253`/\351\253h\n\000""; }; nodes {;   nodedata: ""\323C\344\327\264{\312-\017:\006{\177\344N\002\326bO\260\220\006\033\362\345\005U\221DzJ0\001\301\025%1L\307\t\261\262z\374\222T\301\274V\236\223\262\270Ct\362\337b\356\024*\324\320\351\317\002k\336\234\027v\351\217\260\303\360\233ZPZWr\246$w\313\313\r\243r\232\2234\373\3539:N\004Q\245\272D\312D\300\300\t\323\0257\345e\271\na\215{\226\255x%T\257\037\333\004\344_/R\006E\344\037@\210\363\010\336T\226\247'\204_{\261\370""1\235\2445\343\033Y!\212\201\341\272\225'\007\217\350(q\027Sq\26030J\022\206q\3267\227\324\001\205\313\270\257\303\005<\302\346n\212x\311\013\003""; }; requestCookie: 2; "
1750527717554,1750527717555,0,1,3,0,TMLedgerData,"ledgerHash: ""\353\270\277[|\226k\277\033\230\347|B!\272\364W>\t\010\227t\301Md\r\3451\215PFm""; ledgerSeq: 59; type: liBASE; nodes {;   nodedata: ""\000\000\000;\001cEx]\211\377\330\307\232\020\017\177\025}\320\272\301\007\233=\335""\t\250\332\334\355\260\204\022\250\326\010?\242\301d\215\027\000\000\000\000\000\000\000\000\000\000\000\000\000\000\000\000\000\000\000\000\000\000\000\000\000\000\000\000\000\000\000\000\367\010T\214\204\007\035\033\035\0242\226\031\335""\241\271i\250\225uB\030\365S+\243\203\232GV\024/\351\253`/\351\253h\n\000""; }; nodes {;   nodedata: ""\323C\344\327\264{\312-\017:\006{\177\344N\002\326bO\260\220\006\033\362\345\005U\221DzJ0\001\301\025%1L\307\t\261\262z\374\222T\301\274V\236\223\262\270Ct\362\337b\356\024*\324\320\351\317\002k\336\234\027v\351\217\260\303\360\233ZPZWr\246$w\313\313\r\243r\232\2234\373\3539:N\004Q\245\272D\312D\300\300\t\323\0257\345e\271\na\215{\226\255x%T\257\037\333\004\344_/R\006E\344\037@\210\363\010\336T\226\247'\204_{\261\370""1\235\2445\343\033Y!\212\201\341\272\225'\007\217\350(q\027Sq\26030J\022\206q\3267\227\324\001\205\313\270\257\303\005<\302\346n\212x\311\013\003""; }; requestCookie: 5; ","ledgerHash: ""\353\270\277[|\226k\277\033\230\347|B!\272\364W>\t\010\227t\301Md\r\3451\215PFm""; ledgerSeq: 59; type: liBASE; nodes {;   nodedata: ""\000\000\000;\001cEx]\211\377\330\307\232\020\017\177\025}\320\272\301\007\233=\335""\t\250\332\334\355\260\204\022\250\326\010?\242\301d\215\027\000\000\000\000\000\000\000\000\000\000\000\000\000\000\000\000\000\000\000\000\000\000\000\000\000\000\000\000\000\000\000\000\367\010T\214\204\007\035\033\035\0242\226\031\335""\241\271i\250\225uB\030\365S+\243\203\232GV\024/\351\253`/\351\253h\n\000""; }; nodes {;   nodedata: ""\323C\344\327\264{\312-\017:\006{\177\344N\002\326bO\260\220\006\033\362\345\005U\221DzJ0\001\301\025%1L\307\t\261\262z\374\222T\301\274V\236\223\262\270Ct\362\337b\356\024*\324\320\351\317\002k\336\234\027v\351\217\260\303\360\233ZPZWr\246$w\313\313\r\243r\232\2234\373\3539:N\004Q\245\272D\312D\300\300\t\323\0257\345e\271\na\215{\226\255x%T\257\037\333\004\344_/R\006E\344\037@\210\363\010\336T\226\247'\204_{\261\370""1\235\2445\343\033Y!\212\201\341\272\225'\007\217\350(q\027Sq\26030J\022\206q\3267\227\324\001\205\313\270\257\303\005<\302\346n\212x\311\013\003""; }; requestCookie: 5; "
1750527717555,1750527717555,0,1,3,2,TMLedgerData,"ledgerHash: ""\353\270\277[|\226k\277\033\230\347|B!\272\364W>\t\010\227t\301Md\r\3451\215PFm""; ledgerSeq: 59; type: liBASE; nodes {;   nodedata: ""\000\000\000;\001cEx]\211\377\330\307\232\020\017\177\025}\320\272\301\007\233=\335""\t\250\332\334\355\260\204\022\250\326\010?\242\301d\215\027\000\000\000\000\000\000\000\000\000\000\000\000\000\000\000\000\000\000\000\000\000\000\000\000\000\000\000\000\000\000\000\000\367\010T\214\204\007\035\033\035\0242\226\031\335""\241\271i\250\225uB\030\365S+\243\203\232GV\024/\351\253`/\351\253h\n\000""; }; nodes {;   nodedata: ""\323C\344\327\264{\312-\017:\006{\177\344N\002\326bO\260\220\006\033\362\345\005U\221DzJ0\001\301\025%1L\307\t\261\262z\374\222T\301\274V\236\223\262\270Ct\362\337b\356\024*\324\320\351\317\002k\336\234\027v\351\217\260\303\360\233ZPZWr\246$w\313\313\r\243r\232\2234\373\3539:N\004Q\245\272D\312D\300\300\t\323\0257\345e\271\na\215{\226\255x%T\257\037\333\004\344_/R\006E\344\037@\210\363\010\336T\226\247'\204_{\261\370""1\235\2445\343\033Y!\212\201\341\272\225'\007\217\350(q\027Sq\26030J\022\206q\3267\227\324\001\205\313\270\257\303\005<\302\346n\212x\311\013\003""; }; requestCookie: 3; ","ledgerHash: ""\353\270\277[|\226k\277\033\230\347|B!\272\364W>\t\010\227t\301Md\r\3451\215PFm""; ledgerSeq: 59; type: liBASE; nodes {;   nodedata: ""\000\000\000;\001cEx]\211\377\330\307\232\020\017\177\025}\320\272\301\007\233=\335""\t\250\332\334\355\260\204\022\250\326\010?\242\301d\215\027\000\000\000\000\000\000\000\000\000\000\000\000\000\000\000\000\000\000\000\000\000\000\000\000\000\000\000\000\000\000\000\000\367\010T\214\204\007\035\033\035\0242\226\031\335""\241\271i\250\225uB\030\365S+\243\203\232GV\024/\351\253`/\351\253h\n\000""; }; nodes {;   nodedata: ""\323C\344\327\264{\312-\017:\006{\177\344N\002\326bO\260\220\006\033\362\345\005U\221DzJ0\001\301\025%1L\307\t\261\262z\374\222T\301\274V\236\223\262\270Ct\362\337b\356\024*\324\320\351\317\002k\336\234\027v\351\217\260\303\360\233ZPZWr\246$w\313\313\r\243r\232\2234\373\3539:N\004Q\245\272D\312D\300\300\t\323\0257\345e\271\na\215{\226\255x%T\257\037\333\004\344_/R\006E\344\037@\210\363\010\336T\226\247'\204_{\261\370""1\235\2445\343\033Y!\212\201\341\272\225'\007\217\350(q\027Sq\26030J\022\206q\3267\227\324\001\205\313\270\257\303\005<\302\346n\212x\311\013\003""; }; requestCookie: 3; "
1750527717556,1750527717556,0,1,3,2,TMLedgerData,"ledgerHash: ""\353\270\277[|\226k\277\033\230\347|B!\272\364W>\t\010\227t\301Md\r\3451\215PFm""; ledgerSeq: 59; type: liBASE; nodes {;   nodedata: ""\000\000\000;\001cEx]\211\377\330\307\232\020\017\177\025}\320\272\301\007\233=\335""\t\250\332\334\355\260\204\022\250\326\010?\242\301d\215\027\000\000\000\000\000\000\000\000\000\000\000\000\000\000\000\000\000\000\000\000\000\000\000\000\000\000\000\000\000\000\000\000\367\010T\214\204\007\035\033\035\0242\226\031\335""\241\271i\250\225uB\030\365S+\243\203\232GV\024/\351\253`/\351\253h\n\000""; }; nodes {;   nodedata: ""\323C\344\327\264{\312-\017:\006{\177\344N\002\326bO\260\220\006\033\362\345\005U\221DzJ0\001\301\025%1L\307\t\261\262z\374\222T\301\274V\236\223\262\270Ct\362\337b\356\024*\324\320\351\317\002k\336\234\027v\351\217\260\303\360\233ZPZWr\246$w\313\313\r\243r\232\2234\373\3539:N\004Q\245\272D\312D\300\300\t\323\0257\345e\271\na\215{\226\255x%T\257\037\333\004\344_/R\006E\344\037@\210\363\010\336T\226\247'\204_{\261\370""1\235\2445\343\033Y!\212\201\341\272\225'\007\217\350(q\027Sq\26030J\022\206q\3267\227\324\001\205\313\270\257\303\005<\302\346n\212x\311\013\003""; }; requestCookie: 5; ","ledgerHash: ""\353\270\277[|\226k\277\033\230\347|B!\272\364W>\t\010\227t\301Md\r\3451\215PFm""; ledgerSeq: 59; type: liBASE; nodes {;   nodedata: ""\000\000\000;\001cEx]\211\377\330\307\232\020\017\177\025}\320\272\301\007\233=\335""\t\250\332\334\355\260\204\022\250\326\010?\242\301d\215\027\000\000\000\000\000\000\000\000\000\000\000\000\000\000\000\000\000\000\000\000\000\000\000\000\000\000\000\000\000\000\000\000\367\010T\214\204\007\035\033\035\0242\226\031\335""\241\271i\250\225uB\030\365S+\243\203\232GV\024/\351\253`/\351\253h\n\000""; }; nodes {;   nodedata: ""\323C\344\327\264{\312-\017:\006{\177\344N\002\326bO\260\220\006\033\362\345\005U\221DzJ0\001\301\025%1L\307\t\261\262z\374\222T\301\274V\236\223\262\270Ct\362\337b\356\024*\324\320\351\317\002k\336\234\027v\351\217\260\303\360\233ZPZWr\246$w\313\313\r\243r\232\2234\373\3539:N\004Q\245\272D\312D\300\300\t\323\0257\345e\271\na\215{\226\255x%T\257\037\333\004\344_/R\006E\344\037@\210\363\010\336T\226\247'\204_{\261\370""1\235\2445\343\033Y!\212\201\341\272\225'\007\217\350(q\027Sq\26030J\022\206q\3267\227\324\001\205\313\270\257\303\005<\302\346n\212x\311\013\003""; }; requestCookie: 5; "
1750527717556,1750527717557,0,1,3,2,TMLedgerData,"ledgerHash: ""\353\270\277[|\226k\277\033\230\347|B!\272\364W>\t\010\227t\301Md\r\3451\215PFm""; ledgerSeq: 59; type: liBASE; nodes {;   nodedata: ""\000\000\000;\001cEx]\211\377\330\307\232\020\017\177\025}\320\272\301\007\233=\335""\t\250\332\334\355\260\204\022\250\326\010?\242\301d\215\027\000\000\000\000\000\000\000\000\000\000\000\000\000\000\000\000\000\000\000\000\000\000\000\000\000\000\000\000\000\000\000\000\367\010T\214\204\007\035\033\035\0242\226\031\335""\241\271i\250\225uB\030\365S+\243\203\232GV\024/\351\253`/\351\253h\n\000""; }; nodes {;   nodedata: ""\323C\344\327\264{\312-\017:\006{\177\344N\002\326bO\260\220\006\033\362\345\005U\221DzJ0\001\301\025%1L\307\t\261\262z\374\222T\301\274V\236\223\262\270Ct\362\337b\356\024*\324\320\351\317\002k\336\234\027v\351\217\260\303\360\233ZPZWr\246$w\313\313\r\243r\232\2234\373\3539:N\004Q\245\272D\312D\300\300\t\323\0257\345e\271\na\215{\226\255x%T\257\037\333\004\344_/R\006E\344\037@\210\363\010\336T\226\247'\204_{\261\370""1\235\2445\343\033Y!\212\201\341\272\225'\007\217\350(q\027Sq\26030J\022\206q\3267\227\324\001\205\313\270\257\303\005<\302\346n\212x\311\013\003""; }; ","ledgerHash: ""\353\270\277[|\226k\277\033\230\347|B!\272\364W>\t\010\227t\301Md\r\3451\215PFm""; ledgerSeq: 59; type: liBASE; nodes {;   nodedata: ""\000\000\000;\001cEx]\211\377\330\307\232\020\017\177\025}\320\272\301\007\233=\335""\t\250\332\334\355\260\204\022\250\326\010?\242\301d\215\027\000\000\000\000\000\000\000\000\000\000\000\000\000\000\000\000\000\000\000\000\000\000\000\000\000\000\000\000\000\000\000\000\367\010T\214\204\007\035\033\035\0242\226\031\335""\241\271i\250\225uB\030\365S+\243\203\232GV\024/\351\253`/\351\253h\n\000""; }; nodes {;   nodedata: ""\323C\344\327\264{\312-\017:\006{\177\344N\002\326bO\260\220\006\033\362\345\005U\221DzJ0\001\301\025%1L\307\t\261\262z\374\222T\301\274V\236\223\262\270Ct\362\337b\356\024*\324\320\351\317\002k\336\234\027v\351\217\260\303\360\233ZPZWr\246$w\313\313\r\243r\232\2234\373\3539:N\004Q\245\272D\312D\300\300\t\323\0257\345e\271\na\215{\226\255x%T\257\037\333\004\344_/R\006E\344\037@\210\363\010\336T\226\247'\204_{\261\370""1\235\2445\343\033Y!\212\201\341\272\225'\007\217\350(q\027Sq\26030J\022\206q\3267\227\324\001\205\313\270\257\303\005<\302\346n\212x\311\013\003""; }; "
1750527717558,1750527717558,0,1,3,2,TMLedgerData,"ledgerHash: ""\353\270\277[|\226k\277\033\230\347|B!\272\364W>\t\010\227t\301Md\r\3451\215PFm""; ledgerSeq: 59; type: liBASE; nodes {;   nodedata: ""\000\000\000;\001cEx]\211\377\330\307\232\020\017\177\025}\320\272\301\007\233=\335""\t\250\332\334\355\260\204\022\250\326\010?\242\301d\215\027\000\000\000\000\000\000\000\000\000\000\000\000\000\000\000\000\000\000\000\000\000\000\000\000\000\000\000\000\000\000\000\000\367\010T\214\204\007\035\033\035\0242\226\031\335""\241\271i\250\225uB\030\365S+\243\203\232GV\024/\351\253`/\351\253h\n\000""; }; nodes {;   nodedata: ""\323C\344\327\264{\312-\017:\006{\177\344N\002\326bO\260\220\006\033\362\345\005U\221DzJ0\001\301\025%1L\307\t\261\262z\374\222T\301\274V\236\223\262\270Ct\362\337b\356\024*\324\320\351\317\002k\336\234\027v\351\217\260\303\360\233ZPZWr\246$w\313\313\r\243r\232\2234\373\3539:N\004Q\245\272D\312D\300\300\t\323\0257\345e\271\na\215{\226\255x%T\257\037\333\004\344_/R\006E\344\037@\210\363\010\336T\226\247'\204_{\261\370""1\235\2445\343\033Y!\212\201\341\272\225'\007\217\350(q\027Sq\26030J\022\206q\3267\227\324\001\205\313\270\257\303\005<\302\346n\212x\311\013\003""; }; requestCookie: 2; ","ledgerHash: ""\353\270\277[|\226k\277\033\230\347|B!\272\364W>\t\010\227t\301Md\r\3451\215PFm""; ledgerSeq: 59; type: liBASE; nodes {;   nodedata: ""\000\000\000;\001cEx]\211\377\330\307\232\020\017\177\025}\320\272\301\007\233=\335""\t\250\332\334\355\260\204\022\250\326\010?\242\301d\215\027\000\000\000\000\000\000\000\000\000\000\000\000\000\000\000\000\000\000\000\000\000\000\000\000\000\000\000\000\000\000\000\000\367\010T\214\204\007\035\033\035\0242\226\031\335""\241\271i\250\225uB\030\365S+\243\203\232GV\024/\351\253`/\351\253h\n\000""; }; nodes {;   nodedata: ""\323C\344\327\264{\312-\017:\006{\177\344N\002\326bO\260\220\006\033\362\345\005U\221DzJ0\001\301\025%1L\307\t\261\262z\374\222T\301\274V\236\223\262\270Ct\362\337b\356\024*\324\320\351\317\002k\336\234\027v\351\217\260\303\360\233ZPZWr\246$w\313\313\r\243r\232\2234\373\3539:N\004Q\245\272D\312D\300\300\t\323\0257\345e\271\na\215{\226\255x%T\257\037\333\004\344_/R\006E\344\037@\210\363\010\336T\226\247'\204_{\261\370""1\235\2445\343\033Y!\212\201\341\272\225'\007\217\350(q\027Sq\26030J\022\206q\3267\227\324\001\205\313\270\257\303\005<\302\346n\212x\311\013\003""; }; requestCookie: 2; "
1750527717558,1750527717559,0,1,3,2,TMLedgerData,"ledgerHash: ""\353\270\277[|\226k\277\033\230\347|B!\272\364W>\t\010\227t\301Md\r\3451\215PFm""; ledgerSeq: 59; type: liAS_NODE; nodes {;   nodedata: ""\021\000h""\000\000\000\000 \033\000\000\000:\002\023\307\237\330\356GuH\375\327!\255\371\r\231\262R\256J\034\222\241\355X\265E\241^W\225\304\014\361CX-}\351f\032\255\274\334m\326c\017\014ao[\342\230\003\245\245\3341Hm\326^\017jy\335\261\032Yt\320\244{g\0306\\302\303*\341\215\223\257\364\277o\375\000r\241SOq\221\253\262\005\017\375T\356\014\360o'\030\311-\267\031\257!\031T\006><\315XM\334\324\345\034\000\325\367\240\271\013\265\024\321\362\354\211\250.\234s\225amc\305\035\366\276\037nD\277`\210\223N\3535\033\261\304f\331]\036\237\306o!\223\221\002\324\031\262\240R\177 ,\214\325\Q])\016\2067\277\t\354\010\000\360\215\2502\265\245\310\226\243c\302Ze\306\253#r\020\211\320iG\276\020E\317\035Sf\223F\254\033@\177e\277\016\010u\327\371&\262\312\317Q\2361t\377x\234\001v\003%\030\325_\225g\204\346a=\225\273\331\354\365*U\363\263N\367b\371\244\314-w\363\262\225Z\200\206\235\233\257?sE\2674\254\326mU\377?\177Ek\336\030!\316Aa\225\303\022\377{\210Y\226\271as\354L\035\004\341\361\035\301\024\220m#*\372\032\3178~\374\250\014*\323\342'z69\220\327\256\351G\367\317u\302\207\270b\315\333\333\334\310I\323&\014\352XZnW2.\335\347\202\021\247\362\212e\034\000\001\250\220\305;a\314\265R\310\017\317\331\235\360\262\240:\277\202\266\354\265X""\022\nh\252\352w\204\203\023]\001f\352\277\0031Q]\362\370R\350{\261\202\240\344\215\201\353\276\322p5p\350\354\017>\250r\241c\273\016\301\024\363\242\247\263\231\370\344\nBW\220K\316@3\243\200\036wk\253GSlU\010\360\231>\331\263H\214\324\030A\225\301o\346pkSF\004\241\213w9\223=\250\262*+\255\351r\265\244c\024\213\t\007`\223\325#\3477\210\345P\306\013\320\252[\0216+\227=`\371P\314\346 V7\271[~\n\237\274|\347\352@K\253~&\260\032\024\004B\200\255h\351\013\361\031:nG\211\005|\2003\266\274\251,W\006u\344\335d\003\306\212\313,\340\350bG\n\030Z\2732-\246\312\255\030\003\235207\005}D\260\0261ah\322M\304\216\273m0\271\234\237\007<w$\265C\245\232\033\023\313c\321B\032l\301h\005\320\252\301\361(\330[\343\357\343{\235\n\266g\272>\177\317\347\261qb&\270&\346ju\200\363N\320\307\004\034\001n\317\361\2653\254\2503\247\305\372\316W\022O\253x\250\025\373\247\354Tc\304\263\243^\352Gv\\264\261\r\035\226\306\2411\351\233\203\215\200$\231\300f\220\371c@\017\254\363\\371\340\340VaR\205~^\226\342t\360\022\204d\231\205)\272\364?\361!\334\331\315\254\230\rBG\314\023\246\244=\351\177\254\302b&\276+H;0\312\021&\275\036\237\350R\313\206R\331\304k\323u\263t\221\213yC\241\217A\242\027g\322\241'\212.E?B_\316\327\217J +\370\t^b\005\020\003\211\373\247|hC\271Nmk~J\270EU\274\036-\347\240\312FA\321\341bca\253\025\321\311\317\021\375\317\217\n\272\033o\353G>\275\361H\265\240\232um""\317\324`\214\221\314\000\211K\223+(""\200i \311\372g\254\343ZR0\224\275q\252\357\213\263\206N\357&Q\217\267\303\356I\236\357\264\311b\037\366\035\253\343\311\265\240\327q\206f\262ODi\215-\363>\034\236l\273\005G\316F\217}[\036\007\270:\260\335\271B\241N\345\330\204\327f\361\272Kb\0377p\334\264\237\177~\330]\252+:\317u\302h\n\351\n\364\231\277R\371\356\033y\265v\360Ny\246\332qY\262\231\251\n\305\334\202\305\362\n\367@k\231\016R:\327\242\366\242\253LZY\223$Gw^\203\302\311\316I7\371tTwp}\005|\372\214\251{R`\230V\244-\326I\351\255\325i\335\377\321\353\327\331\302\023\347y\016\263\271\317\306\017UV\314qu?\0064A\315{3D\010\016S\212\2353k0\361\214ID\303g\277\010Y_\001~\021\333\370\255\374\\331\306\255\336)\365Rth\024\t\300.M\315\321S\257\224\252\362\326P\316\303%nX\3742\333\036\004Y\264yG^\234\177\214\305q\237\274G\300a4\275\240s\215\222\210\016\020G\344=-:GK\312\035\271\201\350\376F\260G\347\000\235\365P6pmH\033\373\212c\377o\232\356\320D\002\277,]os{\354/?\312e\006wda\001\023\375\316\025\254\321\244\370+Y`\220\270\254\2601E[FI\310\235<qI \356\032v%\001\230\016\203\200\251UD\347\304\373\034\211\340@\342\033\263\365\356\341\357\350\324\035J\032\177\230\207\220\303+\207\352g\317N\027>\222M\271m\033\236\021:\272\233r\373\233hC}\256\020\210\010\233\335\025[ d(\343\263\327\177\030\246\254H\277\254E\231\006\033_lB\210\264\334Y\322\314\362\320L\000Q\240\317\3502\006,|\364\004\275\034\006\337\370""\330\364\202\314\315\311?\030\260\361u)\336\202\265Y\177X\227$\245tCB\345\314d\231A\300\204\371KJ\036\321\330\014]""EN\266$]\331\226c\351\312\376z\254\214\206B\274&M\032\376v\266\3104u)\r\312\021\273\030jJH\215G4\367fQ;\255\3404\372\225\341L\224\242\200VY\220\355\020\353I\n\363\266\036\311\003OR\250""\032\230\021]+$\302\005\224\270\033E\r\312\315}\200\2505\216\221\301\341\035[\247\325\236M^\360a\267\356\267\247]\357\236\n\207}P\2654\026`\256u\276\r&\026K\315a\3337\216.\240\362\263\327]\372\325\037\006\345\236\265\343\337g\271\317\315\374\3357gX\036\024'\357<$\322\323$\375\346&^\361\0009\022`\210$\005\261rTx\343\226\224vC\2607.\025\213@~\312\227\000 o\232\016\376|a3\352&\324\337\230\212\265o\2035\250\303\2760\241\364^\002Z\031Z!\300\002\364\004\232\355\234\202\021\371_~\346\024\242\247\366\231\036\370\365\313\014\307\362i\210e\030\317\336e\256\245\026R\036\304S\352]~a\353k\036W\036\333\243\313y\256\236\230\270\325\233\373\001c\343\030e+OD\224O\347\364mD\216\220lA\251D\0246\305z\207\225\254\360\010\233K$\222\242w\316\025\202/\356\266\371/\256\354\300\373\252\344\245^L==\235\021\032V\220\341+U\353\274\372=u\225\337\321k\342\217\031\035&\261k*\315\004\203\271\200\243u\010|\336\346\203L\367\300g\364H\302\267\0331\0265+\223\224\300\342tR\375j\262\235LC5\315,\2758.\025\251J\276\032\252\276\237\336w\275\306no\345t\317\355,\333\255\307\232\020\017\177\025}\320\272\301\007\233=\335""\t\250\332\334\355\260\204\022\250\326\010?\242\301d\215\027\264\227\2326\315\307\363\323\325\303\032N\256*\307\327 \235\332\207u\210\271\257\306g\231i*\260\326k\001"";   nodeid: ""\260\000\000\000\000\000\000\000\000\000\000\000\000\000\000\000\000\000\000\000\000\000\000\000\000\000\000\000\000\000\000\000\001""; }; ","ledgerHash: ""\353\270\277[|\226k\277\033\230\347|B!\272\364W>\t\010\227t\301Md\r\3451\215PFm""; ledgerSeq: 59; type: liAS_NODE; nodes {;   nodedata: ""\021\000h""\000\000\000\000 \033\000\000\000:\002\023\307\237\330\356GuH\375\327!\255\371\r\231\262R\256J\034\222\241\355X\265E\241^W\225\304\014\361CX-}\351f\032\255\274\334m\326c\017\014ao[\342\230\003\245\245\3341Hm\326^\017jy\335\261\032Yt\320\244{g\0306\\302\303*\341\215\223\257\364\277o\375\000r\241SOq\221\253\262\005\017\375T\356\014\360o'\030\311-\267\031\257!\031T\006><\315XM\334\324\345\034\000\325\367\240\271\013\265\024\321\362\354\211\250.\234s\225amc\305\035\366\276\037nD\277`\210\223N\3535\033\261\304f\331]\036\237\306o!\223\221\002\324\031\262\240R\177 ,\214\325\Q])\016\2067\277\t\354\010\000\360\215\2502\265\245\310\226\243c\302Ze\306\253#r\020\211\320iG\276\020E\317\035Sf\223F\254\033@\177e\277\016\010u\327\371&\262\312\317Q\2361t\377x\234\001v\003%\030\325_\225g\204\346a=\225\273\331\354\365*U\363\263N\367b\371\244\314-w\363\262\225Z\200\206\235\233\257?sE\2674\254\326mU\377?\177Ek\336\030!\316Aa\225\303\022\377{\210Y\226\271as\354L\035\004\341\361\035\301\024\220m#*\372\032\3178~\374\250\014*\323\342'z69\220\327\256\351G\367\317u\302\207\270b\315\333\333\334\310I\323&\014\352XZnW2.\335\347\202\021\247\362\212e\034\000\001\250\220\305;a\314\265R\310\017\317\331\235\360\262\240:\277\202\266\354\265X""\022\nh\252\352w\204\203\023]\001f\352\277\0031Q]\362\370R\350{\261\202\240\344\215\201\353\276\322p5p\350\354\017>\250r\241c\273\016\301\024\363\242\247\263\231\370\344\nBW\220K\316@3\243\200\036wk\253GSlU\010\360\231>\331\263H\214\324\030A\225\301o\346pkSF\004\241\213w9\223=\250\262*+\255\351r\265\244c\024\213\t\007`\223\325#\3477\210\345P\306\013\320\252[\0216+\227=`\371P\314\346 V7\271[~\n\237\274|\347\352@K\253~&\260\032\024\004B\200\255h\351\013\361\031:nG\211\005|\2003\266\274\251,W\006u\344\335d\003\306\212\313,\340\350bG\n\030Z\2732-\246\312\255\030\003\235207\005}D\260\0261ah\322M\304\216\273m0\271\234\237\007<w$\265C\245\232\033\023\313c\321B\032l\301h\005\320\252\301\361(\330[\343\357\343{\235\n\266g\272>\177\317\347\261qb&\270&\346ju\200\363N\320\307\004\034\001n\317\361\2653\254\2503\247\305\372\316W\022O\253x\250\025\373\247\354Tc\304\263\243^\352Gv\\264\261\r\035\226\306\2411\351\233\203\215\200$\231\300f\220\371c@\017\254\363\\371\340\340VaR\205~^\226\342t\360\022\204d\231\205)\272\364?\361!\334\331\315\254\230\rBG\314\023\246\244=\351\177\254\302b&\276+H;0\312\021&\275\036\237\350R\313\206R\331\304k\323u\263t\221\213yC\241\217A\242\027g\322\241'\212.E?B_\316\327\217J +\370\t^b\005\020\003\211\373\247|hC\271Nmk~J\270EU\274\036-\347\240\312FA\321\341bca\253\025\321\311\317\021\375\317\217\n\272\033o\353G>\275\361H\265\240\232um""\317\324`\214\221\314\000\211K\223+(""\200i \311\372g\254\343ZR0\224\275q\252\357\213\263\206N\357&Q\217\267\303\356I\236\357\264\311b\037\366\035\253\343\311\265\240\327q\206f\262ODi\215-\363>\034\236l\273\005G\316F\217}[\036\007\270:\260\335\271B\241N\345\330\204\327f\361\272Kb\0377p\334\264\237\177~\330]\252+:\317u\302h\n\351\n\364\231\277R\371\356\033y\265v\360Ny\246\332qY\262\231\251\n\305\334\202\305\362\n\367@k\231\016R:\327\242\366\242\253LZY\223$Gw^\203\302\311\316I7\371tTwp}\005|\372\214\251{R`\230V\244-\326I\351\255\325i\335\377\321\353\327\331\302\023\347y\016\263\271\317\306\017UV\314qu?\0064A\315{3D\010\016S\212\2353k0\361\214ID\303g\277\010Y_\001~\021\333\370\255\374\\331\306\255\336)\365Rth\024\t\300.M\315\321S\257\224\252\362\326P\316\303%nX\3742\333\036\004Y\264yG^\234\177\214\305q\237\274G\300a4\275\240s\215\222\210\016\020G\344=-:GK\312\035\271\201\350\376F\260G\347\000\235\365P6pmH\033\373\212c\377o\232\356\320D\002\277,]os{\354/?\312e\006wda\001\023\375\316\025\254\321\244\370+Y`\220\270\254\2601E[FI\310\235<qI \356\032v%\001\230\016\203\200\251UD\347\304\373\034\211\340@\342\033\263\365\356\341\357\350\324\035J\032\177\230\207\220\303+\207\352g\317N\027>\222M\271m\033\236\021:\272\233r\373\233hC}\256\020\210\010\233\335\025[ d(\343\263\327\177\030\246\254H\277\254E\231\006\033_lB\210\264\334Y\322\314\362\320L\000Q\240\317\3502\006,|\364\004\275\034\006\337\370""\330\364\202\314\315\311?\030\260\361u)\336\202\265Y\177X\227$\245tCB\345\314d\231A\300\204\371KJ\036\321\330\014]""EN\266$]\331\226c\351\312\376z\254\214\206B\274&M\032\376v\266\3104u)\r\312\021\273\030jJH\215G4\367fQ;\255\3404\372\225\341L\224\242\200VY\220\355\020\353I\n\363\266\036\311\003OR\250""\032\230\021]+$\302\005\224\270\033E\r\312\315}\200\2505\216\221\301\341\035[\247\325\236M^\360a\267\356\267\247]\357\236\n\207}P\2654\026`\256u\276\r&\026K\315a\3337\216.\240\362\263\327]\372\325\037\006\345\236\265\343\337g\271\317\315\374\3357gX\036\024'\357<$\322\323$\375\346&^\361\0009\022`\210$\005\261rTx\343\226\224vC\2607.\025\213@~\312\227\000 o\232\016\376|a3\352&\324\337\230\212\265o\2035\250\303\2760\241\364^\002Z\031Z!\300\002\364\004\232\355\234\202\021\371_~\346\024\242\247\366\231\036\370\365\313\014\307\362i\210e\030\317\336e\256\245\026R\036\304S\352]~a\353k\036W\036\333\243\313y\256\236\230\270\325\233\373\001c\343\030e+OD\224O\347\364mD\216\220lA\251D\0246\305z\207\225\254\360\010\233K$\222\242w\316\025\202/\356\266\371/\256\354\300\373\252\344\245^L==\235\021\032V\220\341+U\353\274\372=u\225\337\321k\342\217\031\035&\261k*\315\004\203\271\200\243u\010|\336\346\203L\367\300g\364H\302\267\0331\0265+\223\224\300\342tR\375j\262\235LC5\315,\2758.\025\251J\276\032\252\276\237\336w\275\306no\345t\317\355,\333\255\307\232\020\017\177\025}\320\272\301\007\233=\335""\t\250\332\334\355\260\204\022\250\326\010?\242\301d\215\027\264\227\2326\315\307\363\323\325\303\032N\256*\307\327 \235\332\207u\210\271\257\306g\231i*\260\326k\001"";   nodeid: ""\260\000\000\000\000\000\000\000\000\000\000\000\000\000\000\000\000\000\000\000\000\000\000\000\000\000\000\000\000\000\000\000\001""; }; "
1750527717559,1750527717560,0,1,3,0,TMLedgerData,"ledgerHash: ""\353\270\277[|\226k\277\033\230\347|B!\272\364W>\t\010\227t\301Md\r\3451\215PFm""; ledgerSeq: 59; type: liBASE; nodes {;   nodedata: ""\000\000\000;\001cEx]\211\377\330\307\232\020\017\177\025}\320\272\301\007\233=\335""\t\250\332\334\355\260\204\022\250\326\010?\242\301d\215\027\000\000\000\000\000\000\000\000\000\000\000\000\000\000\000\000\000\000\000\000\000\000\000\000\000\000\000\000\000\000\000\000\367\010T\214\204\007\035\033\035\0242\226\031\335""\241\271i\250\225uB\030\365S+\243\203\232GV\024/\351\253`/\351\253h\n\000""; }; nodes {;   nodedata: ""\323C\344\327\264{\312-\017:\006{\177\344N\002\326bO\260\220\006\033\362\345\005U\221DzJ0\001\301\025%1L\307\t\261\262z\374\222T\301\274V\236\223\262\270Ct\362\337b\356\024*\324\320\351\317\002k\336\234\027v\351\217\260\303\360\233ZPZWr\246$w\313\313\r\243r\232\2234\373\3539:N\004Q\245\272D\312D\300\300\t\323\0257\345e\271\na\215{\226\255x%T\257\037\333\004\344_/R\006E\344\037@\210\363\010\336T\226\247'\204_{\261\370""1\235\2445\343\033Y!\212\201\341\272\225'\007\217\350(q\027Sq\26030J\022\206q\3267\227\324\001\205\313\270\257\303\005<\302\346n\212x\311\013\003""; }; requestCookie: 3; ","ledgerHash: ""\353\270\277[|\226k\277\033\230\347|B!\272\364W>\t\010\227t\301Md\r\3451\215PFm""; ledgerSeq: 59; type: liBASE; nodes {;   nodedata: ""\000\000\000;\001cEx]\211\377\330\307\232\020\017\177\025}\320\272\301\007\233=\335""\t\250\332\334\355\260\204\022\250\326\010?\242\301d\215\027\000\000\000\000\000\000\000\000\000\000\000\000\000\000\000\000\000\000\000\000\000\000\000\000\000\000\000\000\000\000\000\000\367\010T\214\204\007\035\033\035\0242\226\031\335""\241\271i\250\225uB\030\365S+\243\203\232GV\024/\351\253`/\351\253h\n\000""; }; nodes {;   nodedata: ""\323C\344\327\264{\312-\017:\006{\177\344N\002\326bO\260\220\006\033\362\345\005U\221DzJ0\001\301\025%1L\307\t\261\262z\374\222T\301\274V\236\223\262\270Ct\362\337b\356\024*\324\320\351\317\002k\336\234\027v\351\217\260\303\360\233ZPZWr\246$w\313\313\r\243r\232\2234\373\3539:N\004Q\245\272D\312D\300\300\t\323\0257\345e\271\na\215{\226\255x%T\257\037\333\004\344_/R\006E\344\037@\210\363\010\336T\226\247'\204_{\261\370""1\235\2445\343\033Y!\212\201\341\272\225'\007\217\350(q\027Sq\26030J\022\206q\3267\227\324\001\205\313\270\257\303\005<\302\346n\212x\311\013\003""; }; requestCookie: 3; "
1750527717560,1750527717561,0,1,3,0,TMLedgerData,"ledgerHash: ""\353\270\277[|\226k\277\033\230\347|B!\272\364W>\t\010\227t\301Md\r\3451\215PFm""; ledgerSeq: 59; type: liAS_NODE; nodes {;   nodedata: ""\021\000h""\000\000\000\000 \033\000\000\000:\002\023\307\237\330\356GuH\375\327!\255\371\r\231\262R\256J\034\222\241\355X\265E\241^W\225\304\014\361CX-}\351f\032\255\274\334m\326c\017\014ao[\342\230\003\245\245\3341Hm\326^\017jy\335\261\032Yt\320\244{g\0306\\302\303*\341\215\223\257\364\277o\375\000r\241SOq\221\253\262\005\017\375T\356\014\360o'\030\311-\267\031\257!\031T\006><\315XM\334\324\345\034\000\325\367\240\271\013\265\024\321\362\354\211\250.\234s\225amc\305\035\366\276\037nD\277`\210\223N\3535\033\261\304f\331]\036\237\306o!\223\221\002\324\031\262\240R\177 ,\214\325\Q])\016\2067\277\t\354\010\000\360\215\2502\265\245\310\226\243c\302Ze\306\253#r\020\211\320iG\276\020E\317\035Sf\223F\254\033@\177e\277\016\010u\327\371&\262\312\317Q\2361t\377x\234\001v\003%\030\325_\225g\204\346a=\225\273\331\354\365*U\363\263N\367b\371\244\314-w\363\262\225Z\200\206\235\233\257?sE\2674\254\326mU\377?\177Ek\336\030!\316Aa\225\303\022\377{\210Y\226\271as\354L\035\004\341\361\035\301\024\220m#*\372\032\3178~\374\250\014*\323\342'z69\220\327\256\351G\367\317u\302\207\270b\315\333\333\334\310I\323&\014\352XZnW2.\335\347\202\021\247\362\212e\034\000\001\250\220\305;a\314\265R\310\017\317\331\235\360\262\240:\277\202\266\354\265X""\022\nh\252\352w\204\203\023]\001f\352\277\0031Q]\362\370R\350{\261\202\240\344\215\201\353\276\322p5p\350\354\017>\250r\241c\273\016\301\024\363\242\247\263\231\370\344\nBW\220K\316@3\243\200\036wk\253GSlU\010\360\231>\331\263H\214\324\030A\225\301o\346pkSF\004\241\213w9\223=\250\262*+\255\351r\265\244c\024\213\t\007`\223\325#\3477\210\345P\306\013\320\252[\0216+\227=`\371P\314\346 V7\271[~\n\237\274|\347\352@K\253~&\260\032\024\004B\200\255h\351\013\361\031:nG\211\005|\2003\266\274\251,W\006u\344\335d\003\306\212\313,\340\350bG\n\030Z\2732-\246\312\255\030\003\235207\005}D\260\0261ah\322M\304\216\273m0\271\234\237\007<w$\265C\245\232\033\023\313c\321B\032l\301h\005\320\252\301\361(\330[\343\357\343{\235\n\266g\272>\177\317\347\261qb&\270&\346ju\200\363N\320\307\004\034\001n\317\361\2653\254\2503\247\305\372\316W\022O\253x\250\025\373\247\354Tc\304\263\243^\352Gv\\264\261\r\035\226\306\2411\351\233\203\215\200$\231\300f\220\371c@\017\254\363\\371\340\340VaR\205~^\226\342t\360\022\204d\231\205)\272\364?\361!\334\331\315\254\230\rBG\314\023\246\244=\351\177\254\302b&\276+H;0\312\021&\275\036\237\350R\313\206R\331\304k\323u\263t\221\213yC\241\217A\242\027g\322\241'\212.E?B_\316\327\217J +\370\t^b\005\020\003\211\373\247|hC\271Nmk~J\270EU\274\036-\347\240\312FA\321\341bca\253\025\321\311\317\021\375\317\217\n\272\033o\353G>\275\361H\265\240\232um""\317\324`\214\221\314\000\211K\223+(""\200i \311\372g\254\343ZR0\224\275q\252\357\213\263\206N\357&Q\217\267\303\356I\236\357\264\311b\037\366\035\253\343\311\265\240\327q\206f\262ODi\215-\363>\034\236l\273\005G\316F\217}[\036\007\270:\260\335\271B\241N\345\330\204\327f\361\272Kb\0377p\334\264\237\177~\330]\252+:\317u\302h\n\351\n\364\231\277R\371\356\033y\265v\360Ny\246\332qY\262\231\251\n\305\334\202\305\362\n\367@k\231\016R:\327\242\366\242\253LZY\223$Gw^\203\302\311\316I7\371tTwp}\005|\372\214\251{R`\230V\244-\326I\351\255\325i\335\377\321\353\327\331\302\023\347y\016\263\271\317\306\017UV\314qu?\0064A\315{3D\010\016S\212\2353k0\361\214ID\303g\277\010Y_\001~\021\333\370\255\374\\331\306\255\336)\365Rth\024\t\300.M\315\321S\257\224\252\362\326P\316\303%nX\3742\333\036\004Y\264yG^\234\177\214\305q\237\274G\300a4\275\240s\215\222\210\016\020G\344=-:GK\312\035\271\201\350\376F\260G\347\000\235\365P6pmH\033\373\212c\377o\232\356\320D\002\277,]os{\354/?\312e\006wda\001\023\375\316\025\254\321\244\370+Y`\220\270\254\2601E[FI\310\235<qI \356\032v%\001\230\016\203\200\251UD\347\304\373\034\211\340@\342\033\263\365\356\341\357\350\324\035J\032\177\230\207\220\303+\207\352g\317N\027>\222M\271m\033\236\021:\272\233r\373\233hC}\256\020\210\010\233\335\025[ d(\343\263\327\177\030\246\254H\277\254E\231\006\033_lB\210\264\334Y\322\314\362\320L\000Q\240\317\3502\006,|\364\004\275\034\006\337\370""\330\364\202\314\315\311?\030\260\361u)\336\202\265Y\177X\227$\245tCB\345\314d\231A\300\204\371KJ\036\321\330\014]""EN\266$]\331\226c\351\312\376z\254\214\206B\274&M\032\376v\266\3104u)\r\312\021\273\030jJH\215G4\367fQ;\255\3404\372\225\341L\224\242\200VY\220\355\020\353I\n\363\266\036\311\003OR\250""\032\230\021]+$\302\005\224\270\033E\r\312\315}\200\2505\216\221\301\341\035[\247\325\236M^\360a\267\356\267\247]\357\236\n\207}P\2654\026`\256u\276\r&\026K\315a\3337\216.\240\362\263\327]\372\325\037\006\345\236\265\343\337g\271\317\315\374\3357gX\036\024'\357<$\322\323$\375\346&^\361\0009\022`\210$\005\261rTx\343\226\224vC\2607.\025\213@~\312\227\000 o\232\016\376|a3\352&\324\337\230\212\265o\2035\250\303\2760\241\364^\002Z\031Z!\300\002\364\004\232\355\234\202\021\371_~\346\024\242\247\366\231\036\370\365\313\014\307\362i\210e\030\317\336e\256\245\026R\036\304S\352]~a\353k\036W\036\333\243\313y\256\236\230\270\325\233\373\001c\343\030e+OD\224O\347\364mD\216\220lA\251D\0246\305z\207\225\254\360\010\233K$\222\242w\316\025\202/\356\266\371/\256\354\300\373\252\344\245^L==\235\021\032V\220\341+U\353\274\372=u\225\337\321k\342\217\031\035&\261k*\315\004\203\271\200\243u\010|\336\346\203L\367\300g\364H\302\267\0331\0265+\223\224\300\342tR\375j\262\235LC5\315,\2758.\025\251J\276\032\252\276\237\336w\275\306no\345t\317\355,\333\255\307\232\020\017\177\025}\320\272\301\007\233=\335""\t\250\332\334\355\260\204\022\250\326\010?\242\301d\215\027\264\227\2326\315\307\363\323\325\303\032N\256*\307\327 \235\332\207u\210\271\257\306g\231i*\260\326k\001"";   nodeid: ""\260\000\000\000\000\000\000\000\000\000\000\000\000\000\000\000\000\000\000\000\000\000\000\000\000\000\000\000\000\000\000\000\001""; }; ","ledgerHash: ""\353\270\277[|\226k\277\033\230\347|B!\272\364W>\t\010\227t\301Md\r\3451\215PFm""; ledgerSeq: 59; type: liAS_NODE; nodes {;   nodedata: ""\021\000h""\000\000\000\000 \033\000\000\000:\002\023\307\237\330\356GuH\375\327!\255\371\r\231\262R\256J\034\222\241\355X\265E\241^W\225\304\014\361CX-}\351f\032\255\274\334m\326c\017\014ao[\342\230\003\245\245\3341Hm\326^\017jy\335\261\032Yt\320\244{g\0306\\302\303*\341\215\223\257\364\277o\375\000r\241SOq\221\253\262\005\017\375T\356\014\360o'\030\311-\267\031\257!\031T\006><\315XM\334\324\345\034\000\325\367\240\271\013\265\024\321\362\354\211\250.\234s\225amc\305\035\366\276\037nD\277`\210\223N\3535\033\261\304f\331]\036\237\306o!\223\221\002\324\031\262\240R\177 ,\214\325\Q])\016\2067\277\t\354\010\000\360\215\2502\265\245\310\226\243c\302Ze\306\253#r\020\211\320iG\276\020E\317\035Sf\223F\254\033@\177e\277\016\010u\327\371&\262\312\317Q\2361t\377x\234\001v\003%\030\325_\225g\204\346a=\225\273\331\354\365*U\363\263N\367b\371\244\314-w\363\262\225Z\200\206\235\233\257?sE\2674\254\326mU\377?\177Ek\336\030!\316Aa\225\303\022\377{\210Y\226\271as\354L\035\004\341\361\035\301\024\220m#*\372\032\3178~\374\250\014*\323\342'z69\220\327\256\351G\367\317u\302\207\270b\315\333\333\334\310I\323&\014\352XZnW2.\335\347\202\021\247\362\212e\034\000\001\250\220\305;a\314\265R\310\017\317\331\235\360\262\240:\277\202\266\354\265X""\022\nh\252\352w\204\203\023]\001f\352\277\0031Q]\362\370R\350{\261\202\240\344\215\201\353\276\322p5p\350\354\017>\250r\241c\273\016\301\024\363\242\247\263\231\370\344\nBW\220K\316@3\243\200\036wk\253GSlU\010\360\231>\331\263H\214\324\030A\225\301o\346pkSF\004\241\213w9\223=\250\262*+\255\351r\265\244c\024\213\t\007`\223\325#\3477\210\345P\306\013\320\252[\0216+\227=`\371P\314\346 V7\271[~\n\237\274|\347\352@K\253~&\260\032\024\004B\200\255h\351\013\361\031:nG\211\005|\2003\266\274\251,W\006u\344\335d\003\306\212\313,\340\350bG\n\030Z\2732-\246\312\255\030\003\235207\005}D\260\0261ah\322M\304\216\273m0\271\234\237\007<w$\265C\245\232\033\023\313c\321B\032l\301h\005\320\252\301\361(\330[\343\357\343{\235\n\266g\272>\177\317\347\261qb&\270&\346ju\200\363N\320\307\004\034\001n\317\361\2653\254\2503\247\305\372\316W\022O\253x\250\025\373\247\354Tc\304\263\243^\352Gv\\264\261\r\035\226\306\2411\351\233\203\215\200$\231\300f\220\371c@\017\254\363\\371\340\340VaR\205~^\226\342t\360\022\204d\231\205)\272\364?\361!\334\331\315\254\230\rBG\314\023\246\244=\351\177\254\302b&\276+H;0\312\021&\275\036\237\350R\313\206R\331\304k\323u\263t\221\213yC\241\217A\242\027g\322\241'\212.E?B_\316\327\217J +\370\t^b\005\020\003\211\373\247|hC\271Nmk~J\270EU\274\036-\347\240\312FA\321\341bca\253\025\321\311\317\021\375\317\217\n\272\033o\353G>\275\361H\265\240\232um""\317\324`\214\221\314\000\211K\223+(""\200i \311\372g\254\343ZR0\224\275q\252\357\213\263\206N\357&Q\217\267\303\356I\236\357\264\311b\037\366\035\253\343\311\265\240\327q\206f\262ODi\215-\363>\034\236l\273\005G\316F\217}[\036\007\270:\260\335\271B\241N\345\330\204\327f\361\272Kb\0377p\334\264\237\177~\330]\252+:\317u\302h\n\351\n\364\231\277R\371\356\033y\265v\360Ny\246\332qY\262\231\251\n\305\334\202\305\362\n\367@k\231\016R:\327\242\366\242\253LZY\223$Gw^\203\302\311\316I7\371tTwp}\005|\372\214\251{R`\230V\244-\326I\351\255\325i\335\377\321\353\327\331\302\023\347y\016\263\271\317\306\017UV\314qu?\0064A\315{3D\010\016S\212\2353k0\361\214ID\303g\277\010Y_\001~\021\333\370\255\374\\331\306\255\336)\365Rth\024\t\300.M\315\321S\257\224\252\362\326P\316\303%nX\3742\333\036\004Y\264yG^\234\177\214\305q\237\274G\300a4\275\240s\215\222\210\016\020G\344=-:GK\312\035\271\201\350\376F\260G\347\000\235\365P6pmH\033\373\212c\377o\232\356\320D\002\277,]os{\354/?\312e\006wda\001\023\375\316\025\254\321\244\370+Y`\220\270\254\2601E[FI\310\235<qI \356\032v%\001\230\016\203\200\251UD\347\304\373\034\211\340@\342\033\263\365\356\341\357\350\324\035J\032\177\230\207\220\303+\207\352g\317N\027>\222M\271m\033\236\021:\272\233r\373\233hC}\256\020\210\010\233\335\025[ d(\343\263\327\177\030\246\254H\277\254E\231\006\033_lB\210\264\334Y\322\314\362\320L\000Q\240\317\3502\006,|\364\004\275\034\006\337\370""\330\364\202\314\315\311?\030\260\361u)\336\202\265Y\177X\227$\245tCB\345\314d\231A\300\204\371KJ\036\321\330\014]""EN\266$]\331\226c\351\312\376z\254\214\206B\274&M\032\376v\266\3104u)\r\312\021\273\030jJH\215G4\367fQ;\255\3404\372\225\341L\224\242\200VY\220\355\020\353I\n\363\266\036\311\003OR\250""\032\230\021]+$\302\005\224\270\033E\r\312\315}\200\2505\216\221\301\341\035[\247\325\236M^\360a\267\356\267\247]\357\236\n\207}P\2654\026`\256u\276\r&\026K\315a\3337\216.\240\362\263\327]\372\325\037\006\345\236\265\343\337g\271\317\315\374\3357gX\036\024'\357<$\322\323$\375\346&^\361\0009\022`\210$\005\261rTx\343\226\224vC\2607.\025\213@~\312\227\000 o\232\016\376|a3\352&\324\337\230\212\265o\2035\250\303\2760\241\364^\002Z\031Z!\300\002\364\004\232\355\234\202\021\371_~\346\024\242\247\366\231\036\370\365\313\014\307\362i\210e\030\317\336e\256\245\026R\036\304S\352]~a\353k\036W\036\333\243\313y\256\236\230\270\325\233\373\001c\343\030e+OD\224O\347\364mD\216\220lA\251D\0246\305z\207\225\254\360\010\233K$\222\242w\316\025\202/\356\266\371/\256\354\300\373\252\344\245^L==\235\021\032V\220\341+U\353\274\372=u\225\337\321k\342\217\031\035&\261k*\315\004\203\271\200\243u\010|\336\346\203L\367\300g\364H\302\267\0331\0265+\223\224\300\342tR\375j\262\235LC5\315,\2758.\025\251J\276\032\252\276\237\336w\275\306no\345t\317\355,\333\255\307\232\020\017\177\025}\320\272\301\007\233=\335""\t\250\332\334\355\260\204\022\250\326\010?\242\301d\215\027\264\227\2326\315\307\363\323\325\303\032N\256*\307\327 \235\332\207u\210\271\257\306g\231i*\260\326k\001"";   nodeid: ""\260\000\000\000\000\000\000\000\000\000\000\000\000\000\000\000\000\000\000\000\000\000\000\000\000\000\000\000\000\000\000\000\001""; }; "
1750527717562,1750527717562,0,1,3,1,TMLedgerData,"ledgerHash: ""\353\270\277[|\226k\277\033\230\347|B!\272\364W>\t\010\227t\301Md\r\3451\215PFm""; ledgerSeq: 59; type: liBASE; nodes {;   nodedata: ""\000\000\000;\001cEx]\211\377\330\307\232\020\017\177\025}\320\272\301\007\233=\335""\t\250\332\334\355\260\204\022\250\326\010?\242\301d\215\027\000\000\000\000\000\000\000\000\000\000\000\000\000\000\000\000\000\000\000\000\000\000\000\000\000\000\000\000\000\000\000\000\367\010T\214\204\007\035\033\035\0242\226\031\335""\241\271i\250\225uB\030\365S+\243\203\232GV\024/\351\253`/\351\253h\n\000""; }; nodes {;   nodedata: ""\323C\344\327\264{\312-\017:\006{\177\344N\002\326bO\260\220\006\033\362\345\005U\221DzJ0\001\301\025%1L\307\t\261\262z\374\222T\301\274V\236\223\262\270Ct\362\337b\356\024*\324\320\351\317\002k\336\234\027v\351\217\260\303\360\233ZPZWr\246$w\313\313\r\243r\232\2234\373\3539:N\004Q\245\272D\312D\300\300\t\323\0257\345e\271\na\215{\226\255x%T\257\037\333\004\344_/R\006E\344\037@\210\363\010\336T\226\247'\204_{\261\370""1\235\2445\343\033Y!\212\201\341\272\225'\007\217\350(q\027Sq\26030J\022\206q\3267\227\324\001\205\313\270\257\303\005<\302\346n\212x\311\013\003""; }; requestCookie: 2; ","ledgerHash: ""\353\270\277[|\226k\277\033\230\347|B!\272\364W>\t\010\227t\301Md\r\3451\215PFm""; ledgerSeq: 59; type: liBASE; nodes {;   nodedata: ""\000\000\000;\001cEx]\211\377\330\307\232\020\017\177\025}\320\272\301\007\233=\335""\t\250\332\334\355\260\204\022\250\326\010?\242\301d\215\027\000\000\000\000\000\000\000\000\000\000\000\000\000\000\000\000\000\000\000\000\000\000\000\000\000\000\000\000\000\000\000\000\367\010T\214\204\007\035\033\035\0242\226\031\335""\241\271i\250\225uB\030\365S+\243\203\232GV\024/\351\253`/\351\253h\n\000""; }; nodes {;   nodedata: ""\323C\344\327\264{\312-\017:\006{\177\344N\002\326bO\260\220\006\033\362\345\005U\221DzJ0\001\301\025%1L\307\t\261\262z\374\222T\301\274V\236\223\262\270Ct\362\337b\356\024*\324\320\351\317\002k\336\234\027v\351\217\260\303\360\233ZPZWr\246$w\313\313\r\243r\232\2234\373\3539:N\004Q\245\272D\312D\300\300\t\323\0257\345e\271\na\215{\226\255x%T\257\037\333\004\344_/R\006E\344\037@\210\363\010\336T\226\247'\204_{\261\370""1\235\2445\343\033Y!\212\201\341\272\225'\007\217\350(q\027Sq\26030J\022\206q\3267\227\324\001\205\313\270\257\303\005<\302\346n\212x\311\013\003""; }; requestCookie: 2; "
1750527717563,1750527717564,0,1,3,1,TMLedgerData,"ledgerHash: ""\353\270\277[|\226k\277\033\230\347|B!\272\364W>\t\010\227t\301Md\r\3451\215PFm""; ledgerSeq: 59; type: liAS_NODE; nodes {;   nodedata: ""\021\000h""\000\000\000\000 \033\000\000\000:\002\023\307\237\330\356GuH\375\327!\255\371\r\231\262R\256J\034\222\241\355X\265E\241^W\225\304\014\361CX-}\351f\032\255\274\334m\326c\017\014ao[\342\230\003\245\245\3341Hm\326^\017jy\335\261\032Yt\320\244{g\0306\\302\303*\341\215\223\257\364\277o\375\000r\241SOq\221\253\262\005\017\375T\356\014\360o'\030\311-\267\031\257!\031T\006><\315XM\334\324\345\034\000\325\367\240\271\013\265\024\321\362\354\211\250.\234s\225amc\305\035\366\276\037nD\277`\210\223N\3535\033\261\304f\331]\036\237\306o!\223\221\002\324\031\262\240R\177 ,\214\325\Q])\016\2067\277\t\354\010\000\360\215\2502\265\245\310\226\243c\302Ze\306\253#r\020\211\320iG\276\020E\317\035Sf\223F\254\033@\177e\277\016\010u\327\371&\262\312\317Q\2361t\377x\234\001v\003%\030\325_\225g\204\346a=\225\273\331\354\365*U\363\263N\367b\371\244\314-w\363\262\225Z\200\206\235\233\257?sE\2674\254\326mU\377?\177Ek\336\030!\316Aa\225\303\022\377{\210Y\226\271as\354L\035\004\341\361\035\301\024\220m#*\372\032\3178~\374\250\014*\323\342'z69\220\327\256\351G\367\317u\302\207\270b\315\333\333\334\310I\323&\014\352XZnW2.\335\347\202\021\247\362\212e\034\000\001\250\220\305;a\314\265R\310\017\317\331\235\360\262\240:\277\202\266\354\265X""\022\nh\252\352w\204\203\023]\001f\352\277\0031Q]\362\370R\350{\261\202\240\344\215\201\353\276\322p5p\350\354\017>\250r\241c\273\016\301\024\363\242\247\263\231\370\344\nBW\220K\316@3\243\200\036wk\253GSlU\010\360\231>\331\263H\214\324\030A\225\301o\346pkSF\004\241\213w9\223=\250\262*+\255\351r\265\244c\024\213\t\007`\223\325#\3477\210\345P\306\013\320\252[\0216+\227=`\371P\314\346 V7\271[~\n\237\274|\347\352@K\253~&\260\032\024\004B\200\255h\351\013\361\031:nG\211\005|\2003\266\274\251,W\006u\344\335d\003\306\212\313,\340\350bG\n\030Z\2732-\246\312\255\030\003\235207\005}D\260\0261ah\322M\304\216\273m0\271\234\237\007<w$\265C\245\232\033\023\313c\321B\032l\301h\005\320\252\301\361(\330[\343\357\343{\235\n\266g\272>\177\317\347\261qb&\270&\346ju\200\363N\320\307\004\034\001n\317\361\2653\254\2503\247\305\372\316W\022O\253x\250\025\373\247\354Tc\304\263\243^\352Gv\\264\261\r\035\226\306\2411\351\233\203\215\200$\231\300f\220\371c@\017\254\363\\371\340\340VaR\205~^\226\342t\360\022\204d\231\205)\272\364?\361!\334\331\315\254\230\rBG\314\023\246\244=\351\177\254\302b&\276+H;0\312\021&\275\036\237\350R\313\206R\331\304k\323u\263t\221\213yC\241\217A\242\027g\322\241'\212.E?B_\316\327\217J +\370\t^b\005\020\003\211\373\247|hC\271Nmk~J\270EU\274\036-\347\240\312FA\321\341bca\253\025\321\311\317\021\375\317\217\n\272\033o\353G>\275\361H\265\240\232um""\317\324`\214\221\314\000\211K\223+(""\200i \311\372g\254\343ZR0\224\275q\252\357\213\263\206N\357&Q\217\267\303\356I\236\357\264\311b\037\366\035\253\343\311\265\240\327q\206f\262ODi\215-\363>\034\236l\273\005G\316F\217}[\036\007\270:\260\335\271B\241N\345\330\204\327f\361\272Kb\0377p\334\264\237\177~\330]\252+:\317u\302h\n\351\n\364\231\277R\371\356\033y\265v\360Ny\246\332qY\262\231\251\n\305\334\202\305\362\n\367@k\231\016R:\327\242\366\242\253LZY\223$Gw^\203\302\311\316I7\371tTwp}\005|\372\214\251{R`\230V\244-\326I\351\255\325i\335\377\321\353\327\331\302\023\347y\016\263\271\317\306\017UV\314qu?\0064A\315{3D\010\016S\212\2353k0\361\214ID\303g\277\010Y_\001~\021\333\370\255\374\\331\306\255\336)\365Rth\024\t\300.M\315\321S\257\224\252\362\326P\316\303%nX\3742\333\036\004Y\264yG^\234\177\214\305q\237\274G\300a4\275\240s\215\222\210\016\020G\344=-:GK\312\035\271\201\350\376F\260G\347\000\235\365P6pmH\033\373\212c\377o\232\356\320D\002\277,]os{\354/?\312e\006wda\001\023\375\316\025\254\321\244\370+Y`\220\270\254\2601E[FI\310\235<qI \356\032v%\001\230\016\203\200\251UD\347\304\373\034\211\340@\342\033\263\365\356\341\357\350\324\035J\032\177\230\207\220\303+\207\352g\317N\027>\222M\271m\033\236\021:\272\233r\373\233hC}\256\020\210\010\233\335\025[ d(\343\263\327\177\030\246\254H\277\254E\231\006\033_lB\210\264\334Y\322\314\362\320L\000Q\240\317\3502\006,|\364\004\275\034\006\337\370""\330\364\202\314\315\311?\030\260\361u)\336\202\265Y\177X\227$\245tCB\345\314d\231A\300\204\371KJ\036\321\330\014]""EN\266$]\331\226c\351\312\376z\254\214\206B\274&M\032\376v\266\3104u)\r\312\021\273\030jJH\215G4\367fQ;\255\3404\372\225\341L\224\242\200VY\220\355\020\353I\n\363\266\036\311\003OR\250""\032\230\021]+$\302\005\224\270\033E\r\312\315}\200\2505\216\221\301\341\035[\247\325\236M^\360a\267\356\267\247]\357\236\n\207}P\2654\026`\256u\276\r&\026K\315a\3337\216.\240\362\263\327]\372\325\037\006\345\236\265\343\337g\271\317\315\374\3357gX\036\024'\357<$\322\323$\375\346&^\361\0009\022`\210$\005\261rTx\343\226\224vC\2607.\025\213@~\312\227\000 o\232\016\376|a3\352&\324\337\230\212\265o\2035\250\303\2760\241\364^\002Z\031Z!\300\002\364\004\232\355\234\202\021\371_~\346\024\242\247\366\231\036\370\365\313\014\307\362i\210e\030\317\336e\256\245\026R\036\304S\352]~a\353k\036W\036\333\243\313y\256\236\230\270\325\233\373\001c\343\030e+OD\224O\347\364mD\216\220lA\251D\0246\305z\207\225\254\360\010\233K$\222\242w\316\025\202/\356\266\371/\256\354\300\373\252\344\245^L==\235\021\032V\220\341+U\353\274\372=u\225\337\321k\342\217\031\035&\261k*\315\004\203\271\200\243u\010|\336\346\203L\367\300g\364H\302\267\0331\0265+\223\224\300\342tR\375j\262\235LC5\315,\2758.\025\251J\276\032\252\276\237\336w\275\306no\345t\317\355,\333\255\307\232\020\017\177\025}\320\272\301\007\233=\335""\t\250\332\334\355\260\204\022\250\326\010?\242\301d\215\027\264\227\2326\315\307\363\323\325\303\032N\256*\307\327 \235\332\207u\210\271\257\306g\231i*\260\326k\001"";   nodeid: ""\260\000\000\000\000\000\000\000\000\000\000\000\000\000\000\000\000\000\000\000\000\000\000\000\000\000\000\000\000\000\000\000\001""; }; ","ledgerHash: ""\353\270\277[|\226k\277\033\230\347|B!\272\364W>\t\010\227t\301Md\r\3451\215PFm""; ledgerSeq: 59; type: liAS_NODE; nodes {;   nodedata: ""\021\000h""\000\000\000\000 \033\000\000\000:\002\023\307\237\330\356GuH\375\327!\255\371\r\231\262R\256J\034\222\241\355X\265E\241^W\225\304\014\361CX-}\351f\032\255\274\334m\326c\017\014ao[\342\230\003\245\245\3341Hm\326^\017jy\335\261\032Yt\320\244{g\0306\\302\303*\341\215\223\257\364\277o\375\000r\241SOq\221\253\262\005\017\375T\356\014\360o'\030\311-\267\031\257!\031T\006><\315XM\334\324\345\034\000\325\367\240\271\013\265\024\321\362\354\211\250.\234s\225amc\305\035\366\276\037nD\277`\210\223N\3535\033\261\304f\331]\036\237\306o!\223\221\002\324\031\262\240R\177 ,\214\325\Q])\016\2067\277\t\354\010\000\360\215\2502\265\245\310\226\243c\302Ze\306\253#r\020\211\320iG\276\020E\317\035Sf\223F\254\033@\177e\277\016\010u\327\371&\262\312\317Q\2361t\377x\234\001v\003%\030\325_\225g\204\346a=\225\273\331\354\365*U\363\263N\367b\371\244\314-w\363\262\225Z\200\206\235\233\257?sE\2674\254\326mU\377?\177Ek\336\030!\316Aa\225\303\022\377{\210Y\226\271as\354L\035\004\341\361\035\301\024\220m#*\372\032\3178~\374\250\014*\323\342'z69\220\327\256\351G\367\317u\302\207\270b\315\333\333\334\310I\323&\014\352XZnW2.\335\347\202\021\247\362\212e\034\000\001\250\220\305;a\314\265R\310\017\317\331\235\360\262\240:\277\202\266\354\265X""\022\nh\252\352w\204\203\023]\001f\352\277\0031Q]\362\370R\350{\261\202\240\344\215\201\353\276\322p5p\350\354\017>\250r\241c\273\016\301\024\363\242\247\263\231\370\344\nBW\220K\316@3\243\200\036wk\253GSlU\010\360\231>\331\263H\214\324\030A\225\301o\346pkSF\004\241\213w9\223=\250\262*+\255\351r\265\244c\024\213\t\007`\223\325#\3477\210\345P\306\013\320\252[\0216+\227=`\371P\314\346 V7\271[~\n\237\274|\347\352@K\253~&\260\032\024\004B\200\255h\351\013\361\031:nG\211\005|\2003\266\274\251,W\006u\344\335d\003\306\212\313,\340\350bG\n\030Z\2732-\246\312\255\030\003\235207\005}D\260\0261ah\322M\304\216\273m0\271\234\237\007<w$\265C\245\232\033\023\313c\321B\032l\301h\005\320\252\301\361(\330[\343\357\343{\235\n\266g\272>\177\317\347\261qb&\270&\346ju\200\363N\320\307\004\034\001n\317\361\2653\254\2503\247\305\372\316W\022O\253x\250\025\373\247\354Tc\304\263\243^\352Gv\\264\261\r\035\226\306\2411\351\233\203\215\200$\231\300f\220\371c@\017\254\363\\371\340\340VaR\205~^\226\342t\360\022\204d\231\205)\272\364?\361!\334\331\315\254\230\rBG\314\023\246\244=\351\177\254\302b&\276+H;0\312\021&\275\036\237\350R\313\206R\331\304k\323u\263t\221\213yC\241\217A\242\027g\322\241'\212.E?B_\316\327\217J +\370\t^b\005\020\003\211\373\247|hC\271Nmk~J\270EU\274\036-\347\240\312FA\321\341bca\253\025\321\311\317\021\375\317\217\n\272\033o\353G>\275\361H\265\240\232um""\317\324`\214\221\314\000\211K\223+(""\200i \311\372g\254\343ZR0\224\275q\252\357\213\263\206N\357&Q\217\267\303\356I\236\357\264\311b\037\366\035\253\343\311\265\240\327q\206f\262ODi\215-\363>\034\236l\273\005G\316F\217}[\036\007\270:\260\335\271B\241N\345\330\204\327f\361\272Kb\0377p\334\264\237\177~\330]\252+:\317u\302h\n\351\n\364\231\277R\371\356\033y\265v\360Ny\246\332qY\262\231\251\n\305\334\202\305\362\n\367@k\231\016R:\327\242\366\242\253LZY\223$Gw^\203\302\311\316I7\371tTwp}\005|\372\214\251{R`\230V\244-\326I\351\255\325i\335\377\321\353\327\331\302\023\347y\016\263\271\317\306\017UV\314qu?\0064A\315{3D\010\016S\212\2353k0\361\214ID\303g\277\010Y_\001~\021\333\370\255\374\\331\306\255\336)\365Rth\024\t\300.M\315\321S\257\224\252\362\326P\316\303%nX\3742\333\036\004Y\264yG^\234\177\214\305q\237\274G\300a4\275\240s\215\222\210\016\020G\344=-:GK\312\035\271\201\350\376F\260G\347\000\235\365P6pmH\033\373\212c\377o\232\356\320D\002\277,]os{\354/?\312e\006wda\001\023\375\316\025\254\321\244\370+Y`\220\270\254\2601E[FI\310\235<qI \356\032v%\001\230\016\203\200\251UD\347\304\373\034\211\340@\342\033\263\365\356\341\357\350\324\035J\032\177\230\207\220\303+\207\352g\317N\027>\222M\271m\033\236\021:\272\233r\373\233hC}\256\020\210\010\233\335\025[ d(\343\263\327\177\030\246\254H\277\254E\231\006\033_lB\210\264\334Y\322\314\362\320L\000Q\240\317\3502\006,|\364\004\275\034\006\337\370""\330\364\202\314\315\311?\030\260\361u)\336\202\265Y\177X\227$\245tCB\345\314d\231A\300\204\371KJ\036\321\330\014]""EN\266$]\331\226c\351\312\376z\254\214\206B\274&M\032\376v\266\3104u)\r\312\021\273\030jJH\215G4\367fQ;\255\3404\372\225\341L\224\242\200VY\220\355\020\353I\n\363\266\036\311\003OR\250""\032\230\021]+$\302\005\224\270\033E\r\312\315}\200\2505\216\221\301\341\035[\247\325\236M^\360a\267\356\267\247]\357\236\n\207}P\2654\026`\256u\276\r&\026K\315a\3337\216.\240\362\263\327]\372\325\037\006\345\236\265\343\337g\271\317\315\374\3357gX\036\024'\357<$\322\323$\375\346&^\361\0009\022`\210$\005\261rTx\343\226\224vC\2607.\025\213@~\312\227\000 o\232\016\376|a3\352&\324\337\230\212\265o\2035\250\303\2760\241\364^\002Z\031Z!\300\002\364\004\232\355\234\202\021\371_~\346\024\242\247\366\231\036\370\365\313\014\307\362i\210e\030\317\336e\256\245\026R\036\304S\352]~a\353k\036W\036\333\243\313y\256\236\230\270\325\233\373\001c\343\030e+OD\224O\347\364mD\216\220lA\251D\0246\305z\207\225\254\360\010\233K$\222\242w\316\025\202/\356\266\371/\256\354\300\373\252\344\245^L==\235\021\032V\220\341+U\353\274\372=u\225\337\321k\342\217\031\035&\261k*\315\004\203\271\200\243u\010|\336\346\203L\367\300g\364H\302\267\0331\0265+\223\224\300\342tR\375j\262\235LC5\315,\2758.\025\251J\276\032\252\276\237\336w\275\306no\345t\317\355,\333\255\307\232\020\017\177\025}\320\272\301\007\233=\335""\t\250\332\334\355\260\204\022\250\326\010?\242\301d\215\027\264\227\2326\315\307\363\323\325\303\032N\256*\307\327 \235\332\207u\210\271\257\306g\231i*\260\326k\001"";   nodeid: ""\260\000\000\000\000\000\000\000\000\000\000\000\000\000\000\000\000\000\000\000\000\000\000\000\000\000\000\000\000\000\000\000\001""; }; "
1750527717564,1750527717565,0,1,3,1,TMLedgerData,"ledgerHash: ""\353\270\277[|\226k\277\033\230\347|B!\272\364W>\t\010\227t\301Md\r\3451\215PFm""; ledgerSeq: 59; type: liBASE; nodes {;   nodedata: ""\000\000\000;\001cEx]\211\377\330\307\232\020\017\177\025}\320\272\301\007\233=\335""\t\250\332\334\355\260\204\022\250\326\010?\242\301d\215\027\000\000\000\000\000\000\000\000\000\000\000\000\000\000\000\000\000\000\000\000\000\000\000\000\000\000\000\000\000\000\000\000\367\010T\214\204\007\035\033\035\0242\226\031\335""\241\271i\250\225uB\030\365S+\243\203\232GV\024/\351\253`/\351\253h\n\000""; }; nodes {;   nodedata: ""\323C\344\327\264{\312-\017:\006{\177\344N\002\326bO\260\220\006\033\362\345\005U\221DzJ0\001\301\025%1L\307\t\261\262z\374\222T\301\274V\236\223\262\270Ct\362\337b\356\024*\324\320\351\317\002k\336\234\027v\351\217\260\303\360\233ZPZWr\246$w\313\313\r\243r\232\2234\373\3539:N\004Q\245\272D\312D\300\300\t\323\0257\345e\271\na\215{\226\255x%T\257\037\333\004\344_/R\006E\344\037@\210\363\010\336T\226\247'\204_{\261\370""1\235\2445\343\033Y!\212\201\341\272\225'\007\217\350(q\027Sq\26030J\022\206q\3267\227\324\001\205\313\270\257\303\005<\302\346n\212x\311\013\003""; }; requestCookie: 3; ","ledgerHash: ""\353\270\277[|\226k\277\033\230\347|B!\272\364W>\t\010\227t\301Md\r\3451\215PFm""; ledgerSeq: 59; type: liBASE; nodes {;   nodedata: ""\000\000\000;\001cEx]\211\377\330\307\232\020\017\177\025}\320\272\301\007\233=\335""\t\250\332\334\355\260\204\022\250\326\010?\242\301d\215\027\000\000\000\000\000\000\000\000\000\000\000\000\000\000\000\000\000\000\000\000\000\000\000\000\000\000\000\000\000\000\000\000\367\010T\214\204\007\035\033\035\0242\226\031\335""\241\271i\250\225uB\030\365S+\243\203\232GV\024/\351\253`/\351\253h\n\000""; }; nodes {;   nodedata: ""\323C\344\327\264{\312-\017:\006{\177\344N\002\326bO\260\220\006\033\362\345\005U\221DzJ0\001\301\025%1L\307\t\261\262z\374\222T\301\274V\236\223\262\270Ct\362\337b\356\024*\324\320\351\317\002k\336\234\027v\351\217\260\303\360\233ZPZWr\246$w\313\313\r\243r\232\2234\373\3539:N\004Q\245\272D\312D\300\300\t\323\0257\345e\271\na\215{\226\255x%T\257\037\333\004\344_/R\006E\344\037@\210\363\010\336T\226\247'\204_{\261\370""1\235\2445\343\033Y!\212\201\341\272\225'\007\217\350(q\027Sq\26030J\022\206q\3267\227\324\001\205\313\270\257\303\005<\302\346n\212x\311\013\003""; }; requestCookie: 3; "
1750527717565,1750527717565,0,1,4,1,TMLedgerData,"ledgerHash: ""\353\270\277[|\226k\277\033\230\347|B!\272\364W>\t\010\227t\301Md\r\3451\215PFm""; ledgerSeq: 59; type: liBASE; nodes {;   nodedata: ""\000\000\000;\001cEx]\211\377\330\307\232\020\017\177\025}\320\272\301\007\233=\335""\t\250\332\334\355\260\204\022\250\326\010?\242\301d\215\027\000\000\000\000\000\000\000\000\000\000\000\000\000\000\000\000\000\000\000\000\000\000\000\000\000\000\000\000\000\000\000\000\367\010T\214\204\007\035\033\035\0242\226\031\335""\241\271i\250\225uB\030\365S+\243\203\232GV\024/\351\253`/\351\253h\n\000""; }; nodes {;   nodedata: ""\323C\344\327\264{\312-\017:\006{\177\344N\002\326bO\260\220\006\033\362\345\005U\221DzJ0\001\301\025%1L\307\t\261\262z\374\222T\301\274V\236\223\262\270Ct\362\337b\356\024*\324\320\351\317\002k\336\234\027v\351\217\260\303\360\233ZPZWr\246$w\313\313\r\243r\232\2234\373\3539:N\004Q\245\272D\312D\300\300\t\323\0257\345e\271\na\215{\226\255x%T\257\037\333\004\344_/R\006E\344\037@\210\363\010\336T\226\247'\204_{\261\370""1\235\2445\343\033Y!\212\201\341\272\225'\007\217\350(q\027Sq\26030J\022\206q\3267\227\324\001\205\313\270\257\303\005<\302\346n\212x\311\013\003""; }; ","ledgerHash: ""\353\270\277[|\226k\277\033\230\347|B!\272\364W>\t\010\227t\301Md\r\3451\215PFm""; ledgerSeq: 59; type: liBASE; nodes {;   nodedata: ""\000\000\000;\001cEx]\211\377\330\307\232\020\017\177\025}\320\272\301\007\233=\335""\t\250\332\334\355\260\204\022\250\326\010?\242\301d\215\027\000\000\000\000\000\000\000\000\000\000\000\000\000\000\000\000\000\000\000\000\000\000\000\000\000\000\000\000\000\000\000\000\367\010T\214\204\007\035\033\035\0242\226\031\335""\241\271i\250\225uB\030\365S+\243\203\232GV\024/\351\253`/\351\253h\n\000""; }; nodes {;   nodedata: ""\323C\344\327\264{\312-\017:\006{\177\344N\002\326bO\260\220\006\033\362\345\005U\221DzJ0\001\301\025%1L\307\t\261\262z\374\222T\301\274V\236\223\262\270Ct\362\337b\356\024*\324\320\351\317\002k\336\234\027v\351\217\260\303\360\233ZPZWr\246$w\313\313\r\243r\232\2234\373\3539:N\004Q\245\272D\312D\300\300\t\323\0257\345e\271\na\215{\226\255x%T\257\037\333\004\344_/R\006E\344\037@\210\363\010\336T\226\247'\204_{\261\370""1\235\2445\343\033Y!\212\201\341\272\225'\007\217\350(q\027Sq\26030J\022\206q\3267\227\324\001\205\313\270\257\303\005<\302\346n\212x\311\013\003""; }; "
1750527717566,1750527717566,0,1,4,0,TMLedgerData,"ledgerHash: ""\353\270\277[|\226k\277\033\230\347|B!\272\364W>\t\010\227t\301Md\r\3451\215PFm""; ledgerSeq: 59; type: liBASE; nodes {;   nodedata: ""\000\000\000;\001cEx]\211\377\330\307\232\020\017\177\025}\320\272\301\007\233=\335""\t\250\332\334\355\260\204\022\250\326\010?\242\301d\215\027\000\000\000\000\000\000\000\000\000\000\000\000\000\000\000\000\000\000\000\000\000\000\000\000\000\000\000\000\000\000\000\000\367\010T\214\204\007\035\033\035\0242\226\031\335""\241\271i\250\225uB\030\365S+\243\203\232GV\024/\351\253`/\351\253h\n\000""; }; nodes {;   nodedata: ""\323C\344\327\264{\312-\017:\006{\177\344N\002\326bO\260\220\006\033\362\345\005U\221DzJ0\001\301\025%1L\307\t\261\262z\374\222T\301\274V\236\223\262\270Ct\362\337b\356\024*\324\320\351\317\002k\336\234\027v\351\217\260\303\360\233ZPZWr\246$w\313\313\r\243r\232\2234\373\3539:N\004Q\245\272D\312D\300\300\t\323\0257\345e\271\na\215{\226\255x%T\257\037\333\004\344_/R\006E\344\037@\210\363\010\336T\226\247'\204_{\261\370""1\235\2445\343\033Y!\212\201\341\272\225'\007\217\350(q\027Sq\26030J\022\206q\3267\227\324\001\205\313\270\257\303\005<\302\346n\212x\311\013\003""; }; ","ledgerHash: ""\353\270\277[|\226k\277\033\230\347|B!\272\364W>\t\010\227t\301Md\r\3451\215PFm""; ledgerSeq: 59; type: liBASE; nodes {;   nodedata: ""\000\000\000;\001cEx]\211\377\330\307\232\020\017\177\025}\320\272\301\007\233=\335""\t\250\332\334\355\260\204\022\250\326\010?\242\301d\215\027\000\000\000\000\000\000\000\000\000\000\000\000\000\000\000\000\000\000\000\000\000\000\000\000\000\000\000\000\000\000\000\000\367\010T\214\204\007\035\033\035\0242\226\031\335""\241\271i\250\225uB\030\365S+\243\203\232GV\024/\351\253`/\351\253h\n\000""; }; nodes {;   nodedata: ""\323C\344\327\264{\312-\017:\006{\177\344N\002\326bO\260\220\006\033\362\345\005U\221DzJ0\001\301\025%1L\307\t\261\262z\374\222T\301\274V\236\223\262\270Ct\362\337b\356\024*\324\320\351\317\002k\336\234\027v\351\217\260\303\360\233ZPZWr\246$w\313\313\r\243r\232\2234\373\3539:N\004Q\245\272D\312D\300\300\t\323\0257\345e\271\na\215{\226\255x%T\257\037\333\004\344_/R\006E\344\037@\210\363\010\336T\226\247'\204_{\261\370""1\235\2445\343\033Y!\212\201\341\272\225'\007\217\350(q\027Sq\26030J\022\206q\3267\227\324\001\205\313\270\257\303\005<\302\346n\212x\311\013\003""; }; "
1750527717566,1750527717567,0,1,4,2,TMLedgerData,"ledgerHash: ""\353\270\277[|\226k\277\033\230\347|B!\272\364W>\t\010\227t\301Md\r\3451\215PFm""; ledgerSeq: 59; type: liBASE; nodes {;   nodedata: ""\000\000\000;\001cEx]\211\377\330\307\232\020\017\177\025}\320\272\301\007\233=\335""\t\250\332\334\355\260\204\022\250\326\010?\242\301d\215\027\000\000\000\000\000\000\000\000\000\000\000\000\000\000\000\000\000\000\000\000\000\000\000\000\000\000\000\000\000\000\000\000\367\010T\214\204\007\035\033\035\0242\226\031\335""\241\271i\250\225uB\030\365S+\243\203\232GV\024/\351\253`/\351\253h\n\000""; }; nodes {;   nodedata: ""\323C\344\327\264{\312-\017:\006{\177\344N\002\326bO\260\220\006\033\362\345\005U\221DzJ0\001\301\025%1L\307\t\261\262z\374\222T\301\274V\236\223\262\270Ct\362\337b\356\024*\324\320\351\317\002k\336\234\027v\351\217\260\303\360\233ZPZWr\246$w\313\313\r\243r\232\2234\373\3539:N\004Q\245\272D\312D\300\300\t\323\0257\345e\271\na\215{\226\255x%T\257\037\333\004\344_/R\006E\344\037@\210\363\010\336T\226\247'\204_{\261\370""1\235\2445\343\033Y!\212\201\341\272\225'\007\217\350(q\027Sq\26030J\022\206q\3267\227\324\001\205\313\270\257\303\005<\302\346n\212x\311\013\003""; }; ","ledgerHash: ""\353\270\277[|\226k\277\033\230\347|B!\272\364W>\t\010\227t\301Md\r\3451\215PFm""; ledgerSeq: 59; type: liBASE; nodes {;   nodedata: ""\000\000\000;\001cEx]\211\377\330\307\232\020\017\177\025}\320\272\301\007\233=\335""\t\250\332\334\355\260\204\022\250\326\010?\242\301d\215\027\000\000\000\000\000\000\000\000\000\000\000\000\000\000\000\000\000\000\000\000\000\000\000\000\000\000\000\000\000\000\000\000\367\010T\214\204\007\035\033\035\0242\226\031\335""\241\271i\250\225uB\030\365S+\243\203\232GV\024/\351\253`/\351\253h\n\000""; }; nodes {;   nodedata: ""\323C\344\327\264{\312-\017:\006{\177\344N\002\326bO\260\220\006\033\362\345\005U\221DzJ0\001\301\025%1L\307\t\261\262z\374\222T\301\274V\236\223\262\270Ct\362\337b\356\024*\324\320\351\317\002k\336\234\027v\351\217\260\303\360\233ZPZWr\246$w\313\313\r\243r\232\2234\373\3539:N\004Q\245\272D\312D\300\300\t\323\0257\345e\271\na\215{\226\255x%T\257\037\333\004\344_/R\006E\344\037@\210\363\010\336T\226\247'\204_{\261\370""1\235\2445\343\033Y!\212\201\341\272\225'\007\217\350(q\027Sq\26030J\022\206q\3267\227\324\001\205\313\270\257\303\005<\302\346n\212x\311\013\003""; }; "
1750527717568,1750527717568,0,1,0,1,TMLedgerData,"ledgerHash: ""\353\270\277[|\226k\277\033\230\347|B!\272\364W>\t\010\227t\301Md\r\3451\215PFm""; ledgerSeq: 59; type: liBASE; nodes {;   nodedata: ""\000\000\000;\001cEx]\211\377\330\307\232\020\017\177\025}\320\272\301\007\233=\335""\t\250\332\334\355\260\204\022\250\326\010?\242\301d\215\027\000\000\000\000\000\000\000\000\000\000\000\000\000\000\000\000\000\000\000\000\000\000\000\000\000\000\000\000\000\000\000\000\367\010T\214\204\007\035\033\035\0242\226\031\335""\241\271i\250\225uB\030\365S+\243\203\232GV\024/\351\253`/\351\253h\n\000""; }; nodes {;   nodedata: ""\323C\344\327\264{\312-\017:\006{\177\344N\002\326bO\260\220\006\033\362\345\005U\221DzJ0\001\301\025%1L\307\t\261\262z\374\222T\301\274V\236\223\262\270Ct\362\337b\356\024*\324\320\351\317\002k\336\234\027v\351\217\260\303\360\233ZPZWr\246$w\313\313\r\243r\232\2234\373\3539:N\004Q\245\272D\312D\300\300\t\323\0257\345e\271\na\215{\226\255x%T\257\037\333\004\344_/R\006E\344\037@\210\363\010\336T\226\247'\204_{\261\370""1\235\2445\343\033Y!\212\201\341\272\225'\007\217\350(q\027Sq\26030J\022\206q\3267\227\324\001\205\313\270\257\303\005<\302\346n\212x\311\013\003""; }; ","ledgerHash: ""\353\270\277[|\226k\277\033\230\347|B!\272\364W>\t\010\227t\301Md\r\3451\215PFm""; ledgerSeq: 59; type: liBASE; nodes {;   nodedata: ""\000\000\000;\001cEx]\211\377\330\307\232\020\017\177\025}\320\272\301\007\233=\335""\t\250\332\334\355\260\204\022\250\326\010?\242\301d\215\027\000\000\000\000\000\000\000\000\000\000\000\000\000\000\000\000\000\000\000\000\000\000\000\000\000\000\000\000\000\000\000\000\367\010T\214\204\007\035\033\035\0242\226\031\335""\241\271i\250\225uB\030\365S+\243\203\232GV\024/\351\253`/\351\253h\n\000""; }; nodes {;   nodedata: ""\323C\344\327\264{\312-\017:\006{\177\344N\002\326bO\260\220\006\033\362\345\005U\221DzJ0\001\301\025%1L\307\t\261\262z\374\222T\301\274V\236\223\262\270Ct\362\337b\356\024*\324\320\351\317\002k\336\234\027v\351\217\260\303\360\233ZPZWr\246$w\313\313\r\243r\232\2234\373\3539:N\004Q\245\272D\312D\300\300\t\323\0257\345e\271\na\215{\226\255x%T\257\037\333\004\344_/R\006E\344\037@\210\363\010\336T\226\247'\204_{\261\370""1\235\2445\343\033Y!\212\201\341\272\225'\007\217\350(q\027Sq\26030J\022\206q\3267\227\324\001\205\313\270\257\303\005<\302\346n\212x\311\013\003""; }; "
1750527717568,1750527717568,0,1,0,4,TMLedgerData,"ledgerHash: ""\353\270\277[|\226k\277\033\230\347|B!\272\364W>\t\010\227t\301Md\r\3451\215PFm""; ledgerSeq: 59; type: liBASE; nodes {;   nodedata: ""\000\000\000;\001cEx]\211\377\330\307\232\020\017\177\025}\320\272\301\007\233=\335""\t\250\332\334\355\260\204\022\250\326\010?\242\301d\215\027\000\000\000\000\000\000\000\000\000\000\000\000\000\000\000\000\000\000\000\000\000\000\000\000\000\000\000\000\000\000\000\000\367\010T\214\204\007\035\033\035\0242\226\031\335""\241\271i\250\225uB\030\365S+\243\203\232GV\024/\351\253`/\351\253h\n\000""; }; nodes {;   nodedata: ""\323C\344\327\264{\312-\017:\006{\177\344N\002\326bO\260\220\006\033\362\345\005U\221DzJ0\001\301\025%1L\307\t\261\262z\374\222T\301\274V\236\223\262\270Ct\362\337b\356\024*\324\320\351\317\002k\336\234\027v\351\217\260\303\360\233ZPZWr\246$w\313\313\r\243r\232\2234\373\3539:N\004Q\245\272D\312D\300\300\t\323\0257\345e\271\na\215{\226\255x%T\257\037\333\004\344_/R\006E\344\037@\210\363\010\336T\226\247'\204_{\261\370""1\235\2445\343\033Y!\212\201\341\272\225'\007\217\350(q\027Sq\26030J\022\206q\3267\227\324\001\205\313\270\257\303\005<\302\346n\212x\311\013\003""; }; ","ledgerHash: ""\353\270\277[|\226k\277\033\230\347|B!\272\364W>\t\010\227t\301Md\r\3451\215PFm""; ledgerSeq: 59; type: liBASE; nodes {;   nodedata: ""\000\000\000;\001cEx]\211\377\330\307\232\020\017\177\025}\320\272\301\007\233=\335""\t\250\332\334\355\260\204\022\250\326\010?\242\301d\215\027\000\000\000\000\000\000\000\000\000\000\000\000\000\000\000\000\000\000\000\000\000\000\000\000\000\000\000\000\000\000\000\000\367\010T\214\204\007\035\033\035\0242\226\031\335""\241\271i\250\225uB\030\365S+\243\203\232GV\024/\351\253`/\351\253h\n\000""; }; nodes {;   nodedata: ""\323C\344\327\264{\312-\017:\006{\177\344N\002\326bO\260\220\006\033\362\345\005U\221DzJ0\001\301\025%1L\307\t\261\262z\374\222T\301\274V\236\223\262\270Ct\362\337b\356\024*\324\320\351\317\002k\336\234\027v\351\217\260\303\360\233ZPZWr\246$w\313\313\r\243r\232\2234\373\3539:N\004Q\245\272D\312D\300\300\t\323\0257\345e\271\na\215{\226\255x%T\257\037\333\004\344_/R\006E\344\037@\210\363\010\336T\226\247'\204_{\261\370""1\235\2445\343\033Y!\212\201\341\272\225'\007\217\350(q\027Sq\26030J\022\206q\3267\227\324\001\205\313\270\257\303\005<\302\346n\212x\311\013\003""; }; "
1750527717570,1750527717570,0,1,2,1,TMLedgerData,"ledgerHash: ""\353\270\277[|\226k\277\033\230\347|B!\272\364W>\t\010\227t\301Md\r\3451\215PFm""; ledgerSeq: 59; type: liBASE; nodes {;   nodedata: ""\000\000\000;\001cEx]\211\377\330\307\232\020\017\177\025}\320\272\301\007\233=\335""\t\250\332\334\355\260\204\022\250\326\010?\242\301d\215\027\000\000\000\000\000\000\000\000\000\000\000\000\000\000\000\000\000\000\000\000\000\000\000\000\000\000\000\000\000\000\000\000\367\010T\214\204\007\035\033\035\0242\226\031\335""\241\271i\250\225uB\030\365S+\243\203\232GV\024/\351\253`/\351\253h\n\000""; }; nodes {;   nodedata: ""\323C\344\327\264{\312-\017:\006{\177\344N\002\326bO\260\220\006\033\362\345\005U\221DzJ0\001\301\025%1L\307\t\261\262z\374\222T\301\274V\236\223\262\270Ct\362\337b\356\024*\324\320\351\317\002k\336\234\027v\351\217\260\303\360\233ZPZWr\246$w\313\313\r\243r\232\2234\373\3539:N\004Q\245\272D\312D\300\300\t\323\0257\345e\271\na\215{\226\255x%T\257\037\333\004\344_/R\006E\344\037@\210\363\010\336T\226\247'\204_{\261\370""1\235\2445\343\033Y!\212\201\341\272\225'\007\217\350(q\027Sq\26030J\022\206q\3267\227\324\001\205\313\270\257\303\005<\302\346n\212x\311\013\003""; }; ","ledgerHash: ""\353\270\277[|\226k\277\033\230\347|B!\272\364W>\t\010\227t\301Md\r\3451\215PFm""; ledgerSeq: 59; type: liBASE; nodes {;   nodedata: ""\000\000\000;\001cEx]\211\377\330\307\232\020\017\177\025}\320\272\301\007\233=\335""\t\250\332\334\355\260\204\022\250\326\010?\242\301d\215\027\000\000\000\000\000\000\000\000\000\000\000\000\000\000\000\000\000\000\000\000\000\000\000\000\000\000\000\000\000\000\000\000\367\010T\214\204\007\035\033\035\0242\226\031\335""\241\271i\250\225uB\030\365S+\243\203\232GV\024/\351\253`/\351\253h\n\000""; }; nodes {;   nodedata: ""\323C\344\327\264{\312-\017:\006{\177\344N\002\326bO\260\220\006\033\362\345\005U\221DzJ0\001\301\025%1L\307\t\261\262z\374\222T\301\274V\236\223\262\270Ct\362\337b\356\024*\324\320\351\317\002k\336\234\027v\351\217\260\303\360\233ZPZWr\246$w\313\313\r\243r\232\2234\373\3539:N\004Q\245\272D\312D\300\300\t\323\0257\345e\271\na\215{\226\255x%T\257\037\333\004\344_/R\006E\344\037@\210\363\010\336T\226\247'\204_{\261\370""1\235\2445\343\033Y!\212\201\341\272\225'\007\217\350(q\027Sq\26030J\022\206q\3267\227\324\001\205\313\270\257\303\005<\302\346n\212x\311\013\003""; }; "
1750527717570,1750527717570,0,1,2,4,TMLedgerData,"ledgerHash: ""\353\270\277[|\226k\277\033\230\347|B!\272\364W>\t\010\227t\301Md\r\3451\215PFm""; ledgerSeq: 59; type: liBASE; nodes {;   nodedata: ""\000\000\000;\001cEx]\211\377\330\307\232\020\017\177\025}\320\272\301\007\233=\335""\t\250\332\334\355\260\204\022\250\326\010?\242\301d\215\027\000\000\000\000\000\000\000\000\000\000\000\000\000\000\000\000\000\000\000\000\000\000\000\000\000\000\000\000\000\000\000\000\367\010T\214\204\007\035\033\035\0242\226\031\335""\241\271i\250\225uB\030\365S+\243\203\232GV\024/\351\253`/\351\253h\n\000""; }; nodes {;   nodedata: ""\323C\344\327\264{\312-\017:\006{\177\344N\002\326bO\260\220\006\033\362\345\005U\221DzJ0\001\301\025%1L\307\t\261\262z\374\222T\301\274V\236\223\262\270Ct\362\337b\356\024*\324\320\351\317\002k\336\234\027v\351\217\260\303\360\233ZPZWr\246$w\313\313\r\243r\232\2234\373\3539:N\004Q\245\272D\312D\300\300\t\323\0257\345e\271\na\215{\226\255x%T\257\037\333\004\344_/R\006E\344\037@\210\363\010\336T\226\247'\204_{\261\370""1\235\2445\343\033Y!\212\201\341\272\225'\007\217\350(q\027Sq\26030J\022\206q\3267\227\324\001\205\313\270\257\303\005<\302\346n\212x\311\013\003""; }; ","ledgerHash: ""\353\270\277[|\226k\277\033\230\347|B!\272\364W>\t\010\227t\301Md\r\3451\215PFm""; ledgerSeq: 59; type: liBASE; nodes {;   nodedata: ""\000\000\000;\001cEx]\211\377\330\307\232\020\017\177\025}\320\272\301\007\233=\335""\t\250\332\334\355\260\204\022\250\326\010?\242\301d\215\027\000\000\000\000\000\000\000\000\000\000\000\000\000\000\000\000\000\000\000\000\000\000\000\000\000\000\000\000\000\000\000\000\367\010T\214\204\007\035\033\035\0242\226\031\335""\241\271i\250\225uB\030\365S+\243\203\232GV\024/\351\253`/\351\253h\n\000""; }; nodes {;   nodedata: ""\323C\344\327\264{\312-\017:\006{\177\344N\002\326bO\260\220\006\033\362\345\005U\221DzJ0\001\301\025%1L\307\t\261\262z\374\222T\301\274V\236\223\262\270Ct\362\337b\356\024*\324\320\351\317\002k\336\234\027v\351\217\260\303\360\233ZPZWr\246$w\313\313\r\243r\232\2234\373\3539:N\004Q\245\272D\312D\300\300\t\323\0257\345e\271\na\215{\226\255x%T\257\037\333\004\344_/R\006E\344\037@\210\363\010\336T\226\247'\204_{\261\370""1\235\2445\343\033Y!\212\201\341\272\225'\007\217\350(q\027Sq\26030J\022\206q\3267\227\324\001\205\313\270\257\303\005<\302\346n\212x\311\013\003""; }; "
1750527717571,1750527717572,0,1,2,0,TMLedgerData,"ledgerHash: ""\353\270\277[|\226k\277\033\230\347|B!\272\364W>\t\010\227t\301Md\r\3451\215PFm""; ledgerSeq: 59; type: liBASE; nodes {;   nodedata: ""\000\000\000;\001cEx]\211\377\330\307\232\020\017\177\025}\320\272\301\007\233=\335""\t\250\332\334\355\260\204\022\250\326\010?\242\301d\215\027\000\000\000\000\000\000\000\000\000\000\000\000\000\000\000\000\000\000\000\000\000\000\000\000\000\000\000\000\000\000\000\000\367\010T\214\204\007\035\033\035\0242\226\031\335""\241\271i\250\225uB\030\365S+\243\203\232GV\024/\351\253`/\351\253h\n\000""; }; nodes {;   nodedata: ""\323C\344\327\264{\312-\017:\006{\177\344N\002\326bO\260\220\006\033\362\345\005U\221DzJ0\001\301\025%1L\307\t\261\262z\374\222T\301\274V\236\223\262\270Ct\362\337b\356\024*\324\320\351\317\002k\336\234\027v\351\217\260\303\360\233ZPZWr\246$w\313\313\r\243r\232\2234\373\3539:N\004Q\245\272D\312D\300\300\t\323\0257\345e\271\na\215{\226\255x%T\257\037\333\004\344_/R\006E\344\037@\210\363\010\336T\226\247'\204_{\261\370""1\235\2445\343\033Y!\212\201\341\272\225'\007\217\350(q\027Sq\26030J\022\206q\3267\227\324\001\205\313\270\257\303\005<\302\346n\212x\311\013\003""; }; ","ledgerHash: ""\353\270\277[|\226k\277\033\230\347|B!\272\364W>\t\010\227t\301Md\r\3451\215PFm""; ledgerSeq: 59; type: liBASE; nodes {;   nodedata: ""\000\000\000;\001cEx]\211\377\330\307\232\020\017\177\025}\320\272\301\007\233=\335""\t\250\332\334\355\260\204\022\250\326\010?\242\301d\215\027\000\000\000\000\000\000\000\000\000\000\000\000\000\000\000\000\000\000\000\000\000\000\000\000\000\000\000\000\000\000\000\000\367\010T\214\204\007\035\033\035\0242\226\031\335""\241\271i\250\225uB\030\365S+\243\203\232GV\024/\351\253`/\351\253h\n\000""; }; nodes {;   nodedata: ""\323C\344\327\264{\312-\017:\006{\177\344N\002\326bO\260\220\006\033\362\345\005U\221DzJ0\001\301\025%1L\307\t\261\262z\374\222T\301\274V\236\223\262\270Ct\362\337b\356\024*\324\320\351\317\002k\336\234\027v\351\217\260\303\360\233ZPZWr\246$w\313\313\r\243r\232\2234\373\3539:N\004Q\245\272D\312D\300\300\t\323\0257\345e\271\na\215{\226\255x%T\257\037\333\004\344_/R\006E\344\037@\210\363\010\336T\226\247'\204_{\261\370""1\235\2445\343\033Y!\212\201\341\272\225'\007\217\350(q\027Sq\26030J\022\206q\3267\227\324\001\205\313\270\257\303\005<\302\346n\212x\311\013\003""; }; "
1750527717572,1750527717572,0,1,0,2,TMLedgerData,"ledgerHash: ""\353\270\277[|\226k\277\033\230\347|B!\272\364W>\t\010\227t\301Md\r\3451\215PFm""; ledgerSeq: 59; type: liBASE; nodes {;   nodedata: ""\000\000\000;\001cEx]\211\377\330\307\232\020\017\177\025}\320\272\301\007\233=\335""\t\250\332\334\355\260\204\022\250\326\010?\242\301d\215\027\000\000\000\000\000\000\000\000\000\000\000\000\000\000\000\000\000\000\000\000\000\000\000\000\000\000\000\000\000\000\000\000\367\010T\214\204\007\035\033\035\0242\226\031\335""\241\271i\250\225uB\030\365S+\243\203\232GV\024/\351\253`/\351\253h\n\000""; }; nodes {;   nodedata: ""\323C\344\327\264{\312-\017:\006{\177\344N\002\326bO\260\220\006\033\362\345\005U\221DzJ0\001\301\025%1L\307\t\261\262z\374\222T\301\274V\236\223\262\270Ct\362\337b\356\024*\324\320\351\317\002k\336\234\027v\351\217\260\303\360\233ZPZWr\246$w\313\313\r\243r\232\2234\373\3539:N\004Q\245\272D\312D\300\300\t\323\0257\345e\271\na\215{\226\255x%T\257\037\333\004\344_/R\006E\344\037@\210\363\010\336T\226\247'\204_{\261\370""1\235\2445\343\033Y!\212\201\341\272\225'\007\217\350(q\027Sq\26030J\022\206q\3267\227\324\001\205\313\270\257\303\005<\302\346n\212x\311\013\003""; }; ","ledgerHash: ""\353\270\277[|\226k\277\033\230\347|B!\272\364W>\t\010\227t\301Md\r\3451\215PFm""; ledgerSeq: 59; type: liBASE; nodes {;   nodedata: ""\000\000\000;\001cEx]\211\377\330\307\232\020\017\177\025}\320\272\301\007\233=\335""\t\250\332\334\355\260\204\022\250\326\010?\242\301d\215\027\000\000\000\000\000\000\000\000\000\000\000\000\000\000\000\000\000\000\000\000\000\000\000\000\000\000\000\000\000\000\000\000\367\010T\214\204\007\035\033\035\0242\226\031\335""\241\271i\250\225uB\030\365S+\243\203\232GV\024/\351\253`/\351\253h\n\000""; }; nodes {;   nodedata: ""\323C\344\327\264{\312-\017:\006{\177\344N\002\326bO\260\220\006\033\362\345\005U\221DzJ0\001\301\025%1L\307\t\261\262z\374\222T\301\274V\236\223\262\270Ct\362\337b\356\024*\324\320\351\317\002k\336\234\027v\351\217\260\303\360\233ZPZWr\246$w\313\313\r\243r\232\2234\373\3539:N\004Q\245\272D\312D\300\300\t\323\0257\345e\271\na\215{\226\255x%T\257\037\333\004\344_/R\006E\344\037@\210\363\010\336T\226\247'\204_{\261\370""1\235\2445\343\033Y!\212\201\341\272\225'\007\217\350(q\027Sq\26030J\022\206q\3267\227\324\001\205\313\270\257\303\005<\302\346n\212x\311\013\003""; }; "
1750527717573,1750527717573,0,1,1,0,TMLedgerData,"ledgerHash: ""\353\270\277[|\226k\277\033\230\347|B!\272\364W>\t\010\227t\301Md\r\3451\215PFm""; ledgerSeq: 59; type: liBASE; nodes {;   nodedata: ""\000\000\000;\001cEx]\211\377\330\307\232\020\017\177\025}\320\272\301\007\233=\335""\t\250\332\334\355\260\204\022\250\326\010?\242\301d\215\027\000\000\000\000\000\000\000\000\000\000\000\000\000\000\000\000\000\000\000\000\000\000\000\000\000\000\000\000\000\000\000\000\367\010T\214\204\007\035\033\035\0242\226\031\335""\241\271i\250\225uB\030\365S+\243\203\232GV\024/\351\253`/\351\253h\n\000""; }; nodes {;   nodedata: ""\323C\344\327\264{\312-\017:\006{\177\344N\002\326bO\260\220\006\033\362\345\005U\221DzJ0\001\301\025%1L\307\t\261\262z\374\222T\301\274V\236\223\262\270Ct\362\337b\356\024*\324\320\351\317\002k\336\234\027v\351\217\260\303\360\233ZPZWr\246$w\313\313\r\243r\232\2234\373\3539:N\004Q\245\272D\312D\300\300\t\323\0257\345e\271\na\215{\226\255x%T\257\037\333\004\344_/R\006E\344\037@\210\363\010\336T\226\247'\204_{\261\370""1\235\2445\343\033Y!\212\201\341\272\225'\007\217\350(q\027Sq\26030J\022\206q\3267\227\324\001\205\313\270\257\303\005<\302\346n\212x\311\013\003""; }; ","ledgerHash: ""\353\270\277[|\226k\277\033\230\347|B!\272\364W>\t\010\227t\301Md\r\3451\215PFm""; ledgerSeq: 59; type: liBASE; nodes {;   nodedata: ""\000\000\000;\001cEx]\211\377\330\307\232\020\017\177\025}\320\272\301\007\233=\335""\t\250\332\334\355\260\204\022\250\326\010?\242\301d\215\027\000\000\000\000\000\000\000\000\000\000\000\000\000\000\000\000\000\000\000\000\000\000\000\000\000\000\000\000\000\000\000\000\367\010T\214\204\007\035\033\035\0242\226\031\335""\241\271i\250\225uB\030\365S+\243\203\232GV\024/\351\253`/\351\253h\n\000""; }; nodes {;   nodedata: ""\323C\344\327\264{\312-\017:\006{\177\344N\002\326bO\260\220\006\033\362\345\005U\221DzJ0\001\301\025%1L\307\t\261\262z\374\222T\301\274V\236\223\262\270Ct\362\337b\356\024*\324\320\351\317\002k\336\234\027v\351\217\260\303\360\233ZPZWr\246$w\313\313\r\243r\232\2234\373\3539:N\004Q\245\272D\312D\300\300\t\323\0257\345e\271\na\215{\226\255x%T\257\037\333\004\344_/R\006E\344\037@\210\363\010\336T\226\247'\204_{\261\370""1\235\2445\343\033Y!\212\201\341\272\225'\007\217\350(q\027Sq\26030J\022\206q\3267\227\324\001\205\313\270\257\303\005<\302\346n\212x\311\013\003""; }; "
1750527717574,1750527717574,0,1,1,2,TMLedgerData,"ledgerHash: ""\353\270\277[|\226k\277\033\230\347|B!\272\364W>\t\010\227t\301Md\r\3451\215PFm""; ledgerSeq: 59; type: liBASE; nodes {;   nodedata: ""\000\000\000;\001cEx]\211\377\330\307\232\020\017\177\025}\320\272\301\007\233=\335""\t\250\332\334\355\260\204\022\250\326\010?\242\301d\215\027\000\000\000\000\000\000\000\000\000\000\000\000\000\000\000\000\000\000\000\000\000\000\000\000\000\000\000\000\000\000\000\000\367\010T\214\204\007\035\033\035\0242\226\031\335""\241\271i\250\225uB\030\365S+\243\203\232GV\024/\351\253`/\351\253h\n\000""; }; nodes {;   nodedata: ""\323C\344\327\264{\312-\017:\006{\177\344N\002\326bO\260\220\006\033\362\345\005U\221DzJ0\001\301\025%1L\307\t\261\262z\374\222T\301\274V\236\223\262\270Ct\362\337b\356\024*\324\320\351\317\002k\336\234\027v\351\217\260\303\360\233ZPZWr\246$w\313\313\r\243r\232\2234\373\3539:N\004Q\245\272D\312D\300\300\t\323\0257\345e\271\na\215{\226\255x%T\257\037\333\004\344_/R\006E\344\037@\210\363\010\336T\226\247'\204_{\261\370""1\235\2445\343\033Y!\212\201\341\272\225'\007\217\350(q\027Sq\26030J\022\206q\3267\227\324\001\205\313\270\257\303\005<\302\346n\212x\311\013\003""; }; ","ledgerHash: ""\353\270\277[|\226k\277\033\230\347|B!\272\364W>\t\010\227t\301Md\r\3451\215PFm""; ledgerSeq: 59; type: liBASE; nodes {;   nodedata: ""\000\000\000;\001cEx]\211\377\330\307\232\020\017\177\025}\320\272\301\007\233=\335""\t\250\332\334\355\260\204\022\250\326\010?\242\301d\215\027\000\000\000\000\000\000\000\000\000\000\000\000\000\000\000\000\000\000\000\000\000\000\000\000\000\000\000\000\000\000\000\000\367\010T\214\204\007\035\033\035\0242\226\031\335""\241\271i\250\225uB\030\365S+\243\203\232GV\024/\351\253`/\351\253h\n\000""; }; nodes {;   nodedata: ""\323C\344\327\264{\312-\017:\006{\177\344N\002\326bO\260\220\006\033\362\345\005U\221DzJ0\001\301\025%1L\307\t\261\262z\374\222T\301\274V\236\223\262\270Ct\362\337b\356\024*\324\320\351\317\002k\336\234\027v\351\217\260\303\360\233ZPZWr\246$w\313\313\r\243r\232\2234\373\3539:N\004Q\245\272D\312D\300\300\t\323\0257\345e\271\na\215{\226\255x%T\257\037\333\004\344_/R\006E\344\037@\210\363\010\336T\226\247'\204_{\261\370""1\235\2445\343\033Y!\212\201\341\272\225'\007\217\350(q\027Sq\26030J\022\206q\3267\227\324\001\205\313\270\257\303\005<\302\346n\212x\311\013\003""; }; "
1750527717593,1750527717593,0,1,0,4,TMProposeSet,"proposeSeq: 4294967295; currentTxHash: ""\000\000\000\000\000\000\000\000\000\000\000\000\000\000\000\000\000\000\000\000\000\000\000\000\000\000\000\000\000\000\000\000""; nodePubKey: ""\002\225aM\037\203M\271C\224]$\245\215\334\264;{{\365%Z\2443U\201\242\320iUc\207\367""; closeTime: 803842910; signature: ""0E\002!\000\337[{\367\3563Qsx\217L\314.\022\376\223\227\353KB\370\335\334\022\tfQ\027\036\235&\373\002 |\326\256\251\364|c\026\260\221F\222?;\247\314iV\316\257\323X\203t\001\007\344J-\313\222\242""; previousledger: ""\264\225\304\010\266\361\343\247\001\027\026\350s/l\005\347Fro\371\267\363\2348a\333m\310u\277[""; ","proposeSeq: 4294967295; currentTxHash: ""\000\000\000\000\000\000\000\000\000\000\000\000\000\000\000\000\000\000\000\000\000\000\000\000\000\000\000\000\000\000\000\000""; nodePubKey: ""\002\225aM\037\203M\271C\224]$\245\215\334\264;{{\365%Z\2443U\201\242\320iUc\207\367""; closeTime: 803842910; signature: ""0E\002!\000\337[{\367\3563Qsx\217L\314.\022\376\223\227\353KB\370\335\334\022\tfQ\027\036\235&\373\002 |\326\256\251\364|c\026\260\221F\222?;\247\314iV\316\257\323X\203t\001\007\344J-\313\222\242""; previousledger: ""\264\225\304\010\266\361\343\247\001\027\026\350s/l\005\347Fro\371\267\363\2348a\333m\310u\277[""; "
1750527717594,1750527717594,0,1,0,1,TMProposeSet,"proposeSeq: 4294967295; currentTxHash: ""\000\000\000\000\000\000\000\000\000\000\000\000\000\000\000\000\000\000\000\000\000\000\000\000\000\000\000\000\000\000\000\000""; nodePubKey: ""\002\225aM\037\203M\271C\224]$\245\215\334\264;{{\365%Z\2443U\201\242\320iUc\207\367""; closeTime: 803842910; signature: ""0E\002!\000\337[{\367\3563Qsx\217L\314.\022\376\223\227\353KB\370\335\334\022\tfQ\027\036\235&\373\002 |\326\256\251\364|c\026\260\221F\222?;\247\314iV\316\257\323X\203t\001\007\344J-\313\222\242""; previousledger: ""\264\225\304\010\266\361\343\247\001\027\026\350s/l\005\347Fro\371\267\363\2348a\333m\310u\277[""; ","proposeSeq: 4294967295; currentTxHash: ""\000\000\000\000\000\000\000\000\000\000\000\000\000\000\000\000\000\000\000\000\000\000\000\000\000\000\000\000\000\000\000\000""; nodePubKey: ""\002\225aM\037\203M\271C\224]$\245\215\334\264;{{\365%Z\2443U\201\242\320iUc\207\367""; closeTime: 803842910; signature: ""0E\002!\000\337[{\367\3563Qsx\217L\314.\022\376\223\227\353KB\370\335\334\022\tfQ\027\036\235&\373\002 |\326\256\251\364|c\026\260\221F\222?;\247\314iV\316\257\323X\203t\001\007\344J-\313\222\242""; previousledger: ""\264\225\304\010\266\361\343\247\001\027\026\350s/l\005\347Fro\371\267\363\2348a\333m\310u\277[""; "
1750527717594,1750527717594,0,1,0,2,TMProposeSet,"proposeSeq: 4294967295; currentTxHash: ""\000\000\000\000\000\000\000\000\000\000\000\000\000\000\000\000\000\000\000\000\000\000\000\000\000\000\000\000\000\000\000\000""; nodePubKey: ""\002\225aM\037\203M\271C\224]$\245\215\334\264;{{\365%Z\2443U\201\242\320iUc\207\367""; closeTime: 803842910; signature: ""0E\002!\000\337[{\367\3563Qsx\217L\314.\022\376\223\227\353KB\370\335\334\022\tfQ\027\036\235&\373\002 |\326\256\251\364|c\026\260\221F\222?;\247\314iV\316\257\323X\203t\001\007\344J-\313\222\242""; previousledger: ""\264\225\304\010\266\361\343\247\001\027\026\350s/l\005\347Fro\371\267\363\2348a\333m\310u\277[""; ","proposeSeq: 4294967295; currentTxHash: ""\000\000\000\000\000\000\000\000\000\000\000\000\000\000\000\000\000\000\000\000\000\000\000\000\000\000\000\000\000\000\000\000""; nodePubKey: ""\002\225aM\037\203M\271C\224]$\245\215\334\264;{{\365%Z\2443U\201\242\320iUc\207\367""; closeTime: 803842910; signature: ""0E\002!\000\337[{\367\3563Qsx\217L\314.\022\376\223\227\353KB\370\335\334\022\tfQ\027\036\235&\373\002 |\326\256\251\364|c\026\260\221F\222?;\247\314iV\316\257\323X\203t\001\007\344J-\313\222\242""; previousledger: ""\264\225\304\010\266\361\343\247\001\027\026\350s/l\005\347Fro\371\267\363\2348a\333m\310u\277[""; "
1750527717594,1750527717594,0,1,0,3,TMProposeSet,"proposeSeq: 4294967295; currentTxHash: ""\000\000\000\000\000\000\000\000\000\000\000\000\000\000\000\000\000\000\000\000\000\000\000\000\000\000\000\000\000\000\000\000""; nodePubKey: ""\002\225aM\037\203M\271C\224]$\245\215\334\264;{{\365%Z\2443U\201\242\320iUc\207\367""; closeTime: 803842910; signature: ""0E\002!\000\337[{\367\3563Qsx\217L\314.\022\376\223\227\353KB\370\335\334\022\tfQ\027\036\235&\373\002 |\326\256\251\364|c\026\260\221F\222?;\247\314iV\316\257\323X\203t\001\007\344J-\313\222\242""; previousledger: ""\264\225\304\010\266\361\343\247\001\027\026\350s/l\005\347Fro\371\267\363\2348a\333m\310u\277[""; ","proposeSeq: 4294967295; currentTxHash: ""\000\000\000\000\000\000\000\000\000\000\000\000\000\000\000\000\000\000\000\000\000\000\000\000\000\000\000\000\000\000\000\000""; nodePubKey: ""\002\225aM\037\203M\271C\224]$\245\215\334\264;{{\365%Z\2443U\201\242\320iUc\207\367""; closeTime: 803842910; signature: ""0E\002!\000\337[{\367\3563Qsx\217L\314.\022\376\223\227\353KB\370\335\334\022\tfQ\027\036\235&\373\002 |\326\256\251\364|c\026\260\221F\222?;\247\314iV\316\257\323X\203t\001\007\344J-\313\222\242""; previousledger: ""\264\225\304\010\266\361\343\247\001\027\026\350s/l\005\347Fro\371\267\363\2348a\333m\310u\277[""; "
1750527717634,1750527717634,0,1,0,1,TMProposeSet,"proposeSeq: 0; currentTxHash: ""\000\000\000\000\000\000\000\000\000\000\000\000\000\000\000\000\000\000\000\000\000\000\000\000\000\000\000\000\000\000\000\000""; nodePubKey: ""\003R7o\362bV\300hf\266\241;}\200^\374\240\203[:\342Q\225\221\027y\372\255\235\216\323~""; closeTime: 803842915; signature: ""0D\002 a0A\255\334R\377b\032\243\300\314G6\354\306\331%\035\201\244!W\371i\374\273n\266\004\241\317\002 A:\263\344\030\212d\332\2323\342s\311\244\344\256\324+\271\240\370\274\303\265\323\373\022\274W\341\254\367""; previousledger: ""\307\232\020\017\177\025}\320\272\301\007\233=\335""\t\250\332\334\355\260\204\022\250\326\010?\242\301d\215\027""; ","proposeSeq: 0; currentTxHash: ""\000\000\000\000\000\000\000\000\000\000\000\000\000\000\000\000\000\000\000\000\000\000\000\000\000\000\000\000\000\000\000\000""; nodePubKey: ""\003R7o\362bV\300hf\266\241;}\200^\374\240\203[:\342Q\225\221\027y\372\255\235\216\323~""; closeTime: 803842915; signature: ""0D\002 a0A\255\334R\377b\032\243\300\314G6\354\306\331%\035\201\244!W\371i\374\273n\266\004\241\317\002 A:\263\344\030\212d\332\2323\342s\311\244\344\256\324+\271\240\370\274\303\265\323\373\022\274W\341\254\367""; previousledger: ""\307\232\020\017\177\025}\320\272\301\007\233=\335""\t\250\332\334\355\260\204\022\250\326\010?\242\301d\215\027""; "
1750527717637,1750527717637,0,1,0,2,TMProposeSet,"proposeSeq: 0; currentTxHash: ""\000\000\000\000\000\000\000\000\000\000\000\000\000\000\000\000\000\000\000\000\000\000\000\000\000\000\000\000\000\000\000\000""; nodePubKey: ""\002\364d\217\366\217|\316F\232\231\241\n\261\333`\312O\367\235\025DD\336e\367\n\312\326\221\037\025\230""; closeTime: 803842915; signature: ""0D\002 K\337\333-\235\200MA`a\313\236\3670^!PH\2155B\362Q\221\370\303\036_\335\3571q\002 \005N\252[&\261\244tg\364\247R\371y\363gp\335\202\214-\336\272Yz \213\005\346ut\265""; previousledger: ""\307\232\020\017\177\025}\320\272\301\007\233=\335""\t\250\332\334\355\260\204\022\250\326\010?\242\301d\215\027""; ","proposeSeq: 0; currentTxHash: ""\000\000\000\000\000\000\000\000\000\000\000\000\000\000\000\000\000\000\000\000\000\000\000\000\000\000\000\000\000\000\000\000""; nodePubKey: ""\002\364d\217\366\217|\316F\232\231\241\n\261\333`\312O\367\235\025DD\336e\367\n\312\326\221\037\025\230""; closeTime: 803842915; signature: ""0D\002 K\337\333-\235\200MA`a\313\236\3670^!PH\2155B\362Q\221\370\303\036_\335\3571q\002 \005N\252[&\261\244tg\364\247R\371y\363gp\335\202\214-\336\272Yz \213\005\346ut\265""; previousledger: ""\307\232\020\017\177\025}\320\272\301\007\233=\335""\t\250\332\334\355\260\204\022\250\326\010?\242\301d\215\027""; "
1750527717637,1750527717637,0,1,0,1,TMProposeSet,"proposeSeq: 0; currentTxHash: ""\000\000\000\000\000\000\000\000\000\000\000\000\000\000\000\000\000\000\000\000\000\000\000\000\000\000\000\000\000\000\000\000""; nodePubKey: ""\002\364d\217\366\217|\316F\232\231\241\n\261\333`\312O\367\235\025DD\336e\367\n\312\326\221\037\025\230""; closeTime: 803842915; signature: ""0D\002 K\337\333-\235\200MA`a\313\236\3670^!PH\2155B\362Q\221\370\303\036_\335\3571q\002 \005N\252[&\261\244tg\364\247R\371y\363gp\335\202\214-\336\272Yz \213\005\346ut\265""; previousledger: ""\307\232\020\017\177\025}\320\272\301\007\233=\335""\t\250\332\334\355\260\204\022\250\326\010?\242\301d\215\027""; ","proposeSeq: 0; currentTxHash: ""\000\000\000\000\000\000\000\000\000\000\000\000\000\000\000\000\000\000\000\000\000\000\000\000\000\000\000\000\000\000\000\000""; nodePubKey: ""\002\364d\217\366\217|\316F\232\231\241\n\261\333`\312O\367\235\025DD\336e\367\n\312\326\221\037\025\230""; closeTime: 803842915; signature: ""0D\002 K\337\333-\235\200MA`a\313\236\3670^!PH\2155B\362Q\221\370\303\036_\335\3571q\002 \005N\252[&\261\244tg\364\247R\371y\363gp\335\202\214-\336\272Yz \213\005\346ut\265""; previousledger: ""\307\232\020\017\177\025}\320\272\301\007\233=\335""\t\250\332\334\355\260\204\022\250\326\010?\242\301d\215\027""; "
1750527717636,1750527717636,0,1,0,2,TMProposeSet,"proposeSeq: 0; currentTxHash: ""\000\000\000\000\000\000\000\000\000\000\000\000\000\000\000\000\000\000\000\000\000\000\000\000\000\000\000\000\000\000\000\000""; nodePubKey: ""\003R7o\362bV\300hf\266\241;}\200^\374\240\203[:\342Q\225\221\027y\372\255\235\216\323~""; closeTime: 803842915; signature: ""0D\002 a0A\255\334R\377b\032\243\300\314G6\354\306\331%\035\201\244!W\371i\374\273n\266\004\241\317\002 A:\263\344\030\212d\332\2323\342s\311\244\344\256\324+\271\240\370\274\303\265\323\373\022\274W\341\254\367""; previousledger: ""\307\232\020\017\177\025}\320\272\301\007\233=\335""\t\250\332\334\355\260\204\022\250\326\010?\242\301d\215\027""; ","proposeSeq: 0; currentTxHash: ""\000\000\000\000\000\000\000\000\000\000\000\000\000\000\000\000\000\000\000\000\000\000\000\000\000\000\000\000\000\000\000\000""; nodePubKey: ""\003R7o\362bV\300hf\266\241;}\200^\374\240\203[:\342Q\225\221\027y\372\255\235\216\323~""; closeTime: 803842915; signature: ""0D\002 a0A\255\334R\377b\032\243\300\314G6\354\306\331%\035\201\244!W\371i\374\273n\266\004\241\317\002 A:\263\344\030\212d\332\2323\342s\311\244\344\256\324+\271\240\370\274\303\265\323\373\022\274W\341\254\367""; previousledger: ""\307\232\020\017\177\025}\320\272\301\007\233=\335""\t\250\332\334\355\260\204\022\250\326\010?\242\301d\215\027""; "
1750527717656,1750527717656,0,1,2,3,TMProposeSet,"proposeSeq: 4294967295; currentTxHash: ""\000\000\000\000\000\000\000\000\000\000\000\000\000\000\000\000\000\000\000\000\000\000\000\000\000\000\000\000\000\000\000\000""; nodePubKey: ""\003\255\225A\213\332\224ehh\024BDq\224\250\335`\355\353{\357\266\335<\021\032\265\177\206\356&\215""; closeTime: 803842910; signature: ""0E\002!\000\325\3307N\277\245#,q\231=\352\237H\220\272\\304\346\035\201\252,\032\266zrV.\253A\361\002 mx\033\364\010\332*\0103\242\247h\213\342\200(\374\230c*\361;D\246\225\350\030\244_g\334\203""; previousledger: ""\034\203\224\355h\304-\r\216\373\010\230\206\370\300:\235I\235\233\344\371\351\200\353\315\374E\336\343\373\272""; ","proposeSeq: 4294967295; currentTxHash: ""\000\000\000\000\000\000\000\000\000\000\000\000\000\000\000\000\000\000\000\000\000\000\000\000\000\000\000\000\000\000\000\000""; nodePubKey: ""\003\255\225A\213\332\224ehh\024BDq\224\250\335`\355\353{\357\266\335<\021\032\265\177\206\356&\215""; closeTime: 803842910; signature: ""0E\002!\000\325\3307N\277\245#,q\231=\352\237H\220\272\\304\346\035\201\252,\032\266zrV.\253A\361\002 mx\033\364\010\332*\0103\242\247h\213\342\200(\374\230c*\361;D\246\225\350\030\244_g\334\203""; previousledger: ""\034\203\224\355h\304-\r\216\373\010\230\206\370\300:\235I\235\233\344\371\351\200\353\315\374E\336\343\373\272""; "
1750527717656,1750527717656,0,1,2,0,TMProposeSet,"proposeSeq: 4294967295; currentTxHash: ""\000\000\000\000\000\000\000\000\000\000\000\000\000\000\000\000\000\000\000\000\000\000\000\000\000\000\000\000\000\000\000\000""; nodePubKey: ""\003\255\225A\213\332\224ehh\024BDq\224\250\335`\355\353{\357\266\335<\021\032\265\177\206\356&\215""; closeTime: 803842910; signature: ""0E\002!\000\325\3307N\277\245#,q\231=\352\237H\220\272\\304\346\035\201\252,\032\266zrV.\253A\361\002 mx\033\364\010\332*\0103\242\247h\213\342\200(\374\230c*\361;D\246\225\350\030\244_g\334\203""; previousledger: ""\034\203\224\355h\304-\r\216\373\010\230\206\370\300:\235I\235\233\344\371\351\200\353\315\374E\336\343\373\272""; ","proposeSeq: 4294967295; currentTxHash: ""\000\000\000\000\000\000\000\000\000\000\000\000\000\000\000\000\000\000\000\000\000\000\000\000\000\000\000\000\000\000\000\000""; nodePubKey: ""\003\255\225A\213\332\224ehh\024BDq\224\250\335`\355\353{\357\266\335<\021\032\265\177\206\356&\215""; closeTime: 803842910; signature: ""0E\002!\000\325\3307N\277\245#,q\231=\352\237H\220\272\\304\346\035\201\252,\032\266zrV.\253A\361\002 mx\033\364\010\332*\0103\242\247h\213\342\200(\374\230c*\361;D\246\225\350\030\244_g\334\203""; previousledger: ""\034\203\224\355h\304-\r\216\373\010\230\206\370\300:\235I\235\233\344\371\351\200\353\315\374E\336\343\373\272""; "
1750527717657,1750527717657,0,1,2,4,TMProposeSet,"proposeSeq: 4294967295; currentTxHash: ""\000\000\000\000\000\000\000\000\000\000\000\000\000\000\000\000\000\000\000\000\000\000\000\000\000\000\000\000\000\000\000\000""; nodePubKey: ""\003\255\225A\213\332\224ehh\024BDq\224\250\335`\355\353{\357\266\335<\021\032\265\177\206\356&\215""; closeTime: 803842910; signature: ""0E\002!\000\325\3307N\277\245#,q\231=\352\237H\220\272\\304\346\035\201\252,\032\266zrV.\253A\361\002 mx\033\364\010\332*\0103\242\247h\213\342\200(\374\230c*\361;D\246\225\350\030\244_g\334\203""; previousledger: ""\034\203\224\355h\304-\r\216\373\010\230\206\370\300:\235I\235\233\344\371\351\200\353\315\374E\336\343\373\272""; ","proposeSeq: 4294967295; currentTxHash: ""\000\000\000\000\000\000\000\000\000\000\000\000\000\000\000\000\000\000\000\000\000\000\000\000\000\000\000\000\000\000\000\000""; nodePubKey: ""\003\255\225A\213\332\224ehh\024BDq\224\250\335`\355\353{\357\266\335<\021\032\265\177\206\356&\215""; closeTime: 803842910; signature: ""0E\002!\000\325\3307N\277\245#,q\231=\352\237H\220\272\\304\346\035\201\252,\032\266zrV.\253A\361\002 mx\033\364\010\332*\0103\242\247h\213\342\200(\374\230c*\361;D\246\225\350\030\244_g\334\203""; previousledger: ""\034\203\224\355h\304-\r\216\373\010\230\206\370\300:\235I\235\233\344\371\351\200\353\315\374E\336\343\373\272""; "
1750527717657,1750527717657,0,1,2,1,TMProposeSet,"proposeSeq: 4294967295; currentTxHash: ""\000\000\000\000\000\000\000\000\000\000\000\000\000\000\000\000\000\000\000\000\000\000\000\000\000\000\000\000\000\000\000\000""; nodePubKey: ""\003\255\225A\213\332\224ehh\024BDq\224\250\335`\355\353{\357\266\335<\021\032\265\177\206\356&\215""; closeTime: 803842910; signature: ""0E\002!\000\325\3307N\277\245#,q\231=\352\237H\220\272\\304\346\035\201\252,\032\266zrV.\253A\361\002 mx\033\364\010\332*\0103\242\247h\213\342\200(\374\230c*\361;D\246\225\350\030\244_g\334\203""; previousledger: ""\034\203\224\355h\304-\r\216\373\010\230\206\370\300:\235I\235\233\344\371\351\200\353\315\374E\336\343\373\272""; ","proposeSeq: 4294967295; currentTxHash: ""\000\000\000\000\000\000\000\000\000\000\000\000\000\000\000\000\000\000\000\000\000\000\000\000\000\000\000\000\000\000\000\000""; nodePubKey: ""\003\255\225A\213\332\224ehh\024BDq\224\250\335`\355\353{\357\266\335<\021\032\265\177\206\356&\215""; closeTime: 803842910; signature: ""0E\002!\000\325\3307N\277\245#,q\231=\352\237H\220\272\\304\346\035\201\252,\032\266zrV.\253A\361\002 mx\033\364\010\332*\0103\242\247h\213\342\200(\374\230c*\361;D\246\225\350\030\244_g\334\203""; previousledger: ""\034\203\224\355h\304-\r\216\373\010\230\206\370\300:\235I\235\233\344\371\351\200\353\315\374E\336\343\373\272""; "
1750527717658,1750527717658,0,1,4,2,TMValidation,"validation: """"\200\000\000\001&\000\000\000;)/\351\253e:\r\302\353\023?\373\240rQ\353\270\277[|\226k\277\033\230\347|B!\272\364W>\t\010\227t\301Md\r\3451\215PFmP\027\000\000\000\000\000\000\000\000\000\000\000\000\000\000\000\000\000\000\000\000\000\000\000\000\000\000\000\000\000\000\000\000P\031\307\232\020\017\177\025}\320\272\301\007\233=\335""\t\250\332\334\355\260\204\022\250\326\010?\242\301d\215\027s!\003R7o\362bV\300hf\266\241;}\200^\374\240\203[:\342Q\225\221\027y\372\255\235\216\323~vG0E\002!\000\226b\321\273\273o\036\n\315\260\233/k\256yhz\2206z\255\206\223\377\265\251\265\255*\366,\365\002 \021\014\215\250M\323\207\367s\231\355YC\203\374>\317\352\246X\371\201E'`n\322\305:w!5""; ","validation: """"\200\000\000\001&\000\000\000;)/\351\253e:\r\302\353\023?\373\240rQ\353\270\277[|\226k\277\033\230\347|B!\272\364W>\t\010\227t\301Md\r\3451\215PFmP\027\000\000\000\000\000\000\000\000\000\000\000\000\000\000\000\000\000\000\000\000\000\000\000\000\000\000\000\000\000\000\000\000P\031\307\232\020\017\177\025}\320\272\301\007\233=\335""\t\250\332\334\355\260\204\022\250\326\010?\242\301d\215\027s!\003R7o\362bV\300hf\266\241;}\200^\374\240\203[:\342Q\225\221\027y\372\255\235\216\323~vG0E\002!\000\226b\321\273\273o\036\n\315\260\233/k\256yhz\2206z\255\206\223\377\265\251\265\255*\366,\365\002 \021\014\215\250M\323\207\367s\231\355YC\203\374>\317\352\246X\371\201E'`n\322\305:w!5""; "
1750527717690,1750527717690,0,1,4,0,TMValidation,"validation: """"\200\000\000\001&\000\000\000;)/\351\253e:\r\302\353\023?\373\240rQ\353\270\277[|\226k\277\033\230\347|B!\272\364W>\t\010\227t\301Md\r\3451\215PFmP\027\000\000\000\000\000\000\000\000\000\000\000\000\000\000\000\000\000\000\000\000\000\000\000\000\000\000\000\000\000\000\000\000P\031\307\232\020\017\177\025}\320\272\301\007\233=\335""\t\250\332\334\355\260\204\022\250\326\010?\242\301d\215\027s!\003R7o\362bV\300hf\266\241;}\200^\374\240\203[:\342Q\225\221\027y\372\255\235\216\323~vG0E\002!\000\226b\321\273\273o\036\n\315\260\233/k\256yhz\2206z\255\206\223\377\265\251\265\255*\366,\365\002 \021\014\215\250M\323\207\367s\231\355YC\203\374>\317\352\246X\371\201E'`n\322\305:w!5""; ","validation: """"\200\000\000\001&\000\000\000;)/\351\253e:\r\302\353\023?\373\240rQ\353\270\277[|\226k\277\033\230\347|B!\272\364W>\t\010\227t\301Md\r\3451\215PFmP\027\000\000\000\000\000\000\000\000\000\000\000\000\000\000\000\000\000\000\000\000\000\000\000\000\000\000\000\000\000\000\000\000P\031\307\232\020\017\177\025}\320\272\301\007\233=\335""\t\250\332\334\355\260\204\022\250\326\010?\242\301d\215\027s!\003R7o\362bV\300hf\266\241;}\200^\374\240\203[:\342Q\225\221\027y\372\255\235\216\323~vG0E\002!\000\226b\321\273\273o\036\n\315\260\233/k\256yhz\2206z\255\206\223\377\265\251\265\255*\366,\365\002 \021\014\215\250M\323\207\367s\231\355YC\203\374>\317\352\246X\371\201E'`n\322\305:w!5""; "
1750527717691,1750527717691,0,1,4,3,TMValidation,"validation: """"\200\000\000\001&\000\000\000;)/\351\253e:\r\302\353\023?\373\240rQ\353\270\277[|\226k\277\033\230\347|B!\272\364W>\t\010\227t\301Md\r\3451\215PFmP\027\000\000\000\000\000\000\000\000\000\000\000\000\000\000\000\000\000\000\000\000\000\000\000\000\000\000\000\000\000\000\000\000P\031\307\232\020\017\177\025}\320\272\301\007\233=\335""\t\250\332\334\355\260\204\022\250\326\010?\242\301d\215\027s!\003R7o\362bV\300hf\266\241;}\200^\374\240\203[:\342Q\225\221\027y\372\255\235\216\323~vG0E\002!\000\226b\321\273\273o\036\n\315\260\233/k\256yhz\2206z\255\206\223\377\265\251\265\255*\366,\365\002 \021\014\215\250M\323\207\367s\231\355YC\203\374>\317\352\246X\371\201E'`n\322\305:w!5""; ","validation: """"\200\000\000\001&\000\000\000;)/\351\253e:\r\302\353\023?\373\240rQ\353\270\277[|\226k\277\033\230\347|B!\272\364W>\t\010\227t\301Md\r\3451\215PFmP\027\000\000\000\000\000\000\000\000\000\000\000\000\000\000\000\000\000\000\000\000\000\000\000\000\000\000\000\000\000\000\000\000P\031\307\232\020\017\177\025}\320\272\301\007\233=\335""\t\250\332\334\355\260\204\022\250\326\010?\242\301d\215\027s!\003R7o\362bV\300hf\266\241;}\200^\374\240\203[:\342Q\225\221\027y\372\255\235\216\323~vG0E\002!\000\226b\321\273\273o\036\n\315\260\233/k\256yhz\2206z\255\206\223\377\265\251\265\255*\366,\365\002 \021\014\215\250M\323\207\367s\231\355YC\203\374>\317\352\246X\371\201E'`n\322\305:w!5""; "
1750527717693,1750527717693,0,1,4,1,TMValidation,"validation: """"\200\000\000\001&\000\000\000;)/\351\253e:\r\302\353\023?\373\240rQ\353\270\277[|\226k\277\033\230\347|B!\272\364W>\t\010\227t\301Md\r\3451\215PFmP\027\000\000\000\000\000\000\000\000\000\000\000\000\000\000\000\000\000\000\000\000\000\000\000\000\000\000\000\000\000\000\000\000P\031\307\232\020\017\177\025}\320\272\301\007\233=\335""\t\250\332\334\355\260\204\022\250\326\010?\242\301d\215\027s!\003R7o\362bV\300hf\266\241;}\200^\374\240\203[:\342Q\225\221\027y\372\255\235\216\323~vG0E\002!\000\226b\321\273\273o\036\n\315\260\233/k\256yhz\2206z\255\206\223\377\265\251\265\255*\366,\365\002 \021\014\215\250M\323\207\367s\231\355YC\203\374>\317\352\246X\371\201E'`n\322\305:w!5""; ","validation: """"\200\000\000\001&\000\000\000;)/\351\253e:\r\302\353\023?\373\240rQ\353\270\277[|\226k\277\033\230\347|B!\272\364W>\t\010\227t\301Md\r\3451\215PFmP\027\000\000\000\000\000\000\000\000\000\000\000\000\000\000\000\000\000\000\000\000\000\000\000\000\000\000\000\000\000\000\000\000P\031\307\232\020\017\177\025}\320\272\301\007\233=\335""\t\250\332\334\355\260\204\022\250\326\010?\242\301d\215\027s!\003R7o\362bV\300hf\266\241;}\200^\374\240\203[:\342Q\225\221\027y\372\255\235\216\323~vG0E\002!\000\226b\321\273\273o\036\n\315\260\233/k\256yhz\2206z\255\206\223\377\265\251\265\255*\366,\365\002 \021\014\215\250M\323\207\367s\231\355YC\203\374>\317\352\246X\371\201E'`n\322\305:w!5""; "
1750527717696,1750527717696,0,1,0,3,TMValidation,"validation: """"\200\000\000\001&\000\000\000;)/\351\253e:\r\302\353\023?\373\240rQ\353\270\277[|\226k\277\033\230\347|B!\272\364W>\t\010\227t\301Md\r\3451\215PFmP\027\000\000\000\000\000\000\000\000\000\000\000\000\000\000\000\000\000\000\000\000\000\000\000\000\000\000\000\000\000\000\000\000P\031\307\232\020\017\177\025}\320\272\301\007\233=\335""\t\250\332\334\355\260\204\022\250\326\010?\242\301d\215\027s!\003R7o\362bV\300hf\266\241;}\200^\374\240\203[:\342Q\225\221\027y\372\255\235\216\323~vG0E\002!\000\226b\321\273\273o\036\n\315\260\233/k\256yhz\2206z\255\206\223\377\265\251\265\255*\366,\365\002 \021\014\215\250M\323\207\367s\231\355YC\203\374>\317\352\246X\371\201E'`n\322\305:w!5""; ","validation: """"\200\000\000\001&\000\000\000;)/\351\253e:\r\302\353\023?\373\240rQ\353\270\277[|\226k\277\033\230\347|B!\272\364W>\t\010\227t\301Md\r\3451\215PFmP\027\000\000\000\000\000\000\000\000\000\000\000\000\000\000\000\000\000\000\000\000\000\000\000\000\000\000\000\000\000\000\000\000P\031\307\232\020\017\177\025}\320\272\301\007\233=\335""\t\250\332\334\355\260\204\022\250\326\010?\242\301d\215\027s!\003R7o\362bV\300hf\266\241;}\200^\374\240\203[:\342Q\225\221\027y\372\255\235\216\323~vG0E\002!\000\226b\321\273\273o\036\n\315\260\233/k\256yhz\2206z\255\206\223\377\265\251\265\255*\366,\365\002 \021\014\215\250M\323\207\367s\231\355YC\203\374>\317\352\246X\371\201E'`n\322\305:w!5""; "
1750527717636,1750527717698,0,1,0,2,TMStatusChange,"newEvent: neCLOSING_LEDGER; ledgerSeq: 58; ledgerHash: ""\307\232\020\017\177\025}\320\272\301\007\233=\335""\t\250\332\334\355\260\204\022\250\326\010?\242\301d\215\027""; ledgerHashPrevious: ""j\262\235LC5\315,\2758.\025\251J\276\032\252\276\237\336w\275\306no\345t\317\355,\333\255""; networkTime: 803842917; firstSeq: 1; lastSeq: 58; ","newEvent: neCLOSING_LEDGER; ledgerSeq: 58; ledgerHash: ""\307\232\020\017\177\025}\320\272\301\007\233=\335""\t\250\332\334\355\260\204\022\250\326\010?\242\301d\215\027""; ledgerHashPrevious: ""j\262\235LC5\315,\2758.\025\251J\276\032\252\276\237\336w\275\306no\345t\317\355,\333\255""; networkTime: 803842917; firstSeq: 1; lastSeq: 58; "
1750527717634,1750527717697,0,1,0,4,TMStatusChange,"newEvent: neCLOSING_LEDGER; ledgerSeq: 58; ledgerHash: ""\307\232\020\017\177\025}\320\272\301\007\233=\335""\t\250\332\334\355\260\204\022\250\326\010?\242\301d\215\027""; ledgerHashPrevious: ""j\262\235LC5\315,\2758.\025\251J\276\032\252\276\237\336w\275\306no\345t\317\355,\333\255""; networkTime: 803842917; firstSeq: 1; lastSeq: 58; ","newEvent: neCLOSING_LEDGER; ledgerSeq: 58; ledgerHash: ""\307\232\020\017\177\025}\320\272\301\007\233=\335""\t\250\332\334\355\260\204\022\250\326\010?\242\301d\215\027""; ledgerHashPrevious: ""j\262\235LC5\315,\2758.\025\251J\276\032\252\276\237\336w\275\306no\345t\317\355,\333\255""; networkTime: 803842917; firstSeq: 1; lastSeq: 58; "
1750527717634,1750527717697,0,1,0,3,TMStatusChange,"newEvent: neCLOSING_LEDGER; ledgerSeq: 58; ledgerHash: ""\307\232\020\017\177\025}\320\272\301\007\233=\335""\t\250\332\334\355\260\204\022\250\326\010?\242\301d\215\027""; ledgerHashPrevious: ""j\262\235LC5\315,\2758.\025\251J\276\032\252\276\237\336w\275\306no\345t\317\355,\333\255""; networkTime: 803842917; firstSeq: 1; lastSeq: 58; ","newEvent: neCLOSING_LEDGER; ledgerSeq: 58; ledgerHash: ""\307\232\020\017\177\025}\320\272\301\007\233=\335""\t\250\332\334\355\260\204\022\250\326\010?\242\301d\215\027""; ledgerHashPrevious: ""j\262\235LC5\315,\2758.\025\251J\276\032\252\276\237\336w\275\306no\345t\317\355,\333\255""; networkTime: 803842917; firstSeq: 1; lastSeq: 58; "
1750527717637,1750527717698,0,1,0,1,TMStatusChange,"newEvent: neCLOSING_LEDGER; ledgerSeq: 58; ledgerHash: ""\307\232\020\017\177\025}\320\272\301\007\233=\335""\t\250\332\334\355\260\204\022\250\326\010?\242\301d\215\027""; ledgerHashPrevious: ""j\262\235LC5\315,\2758.\025\251J\276\032\252\276\237\336w\275\306no\345t\317\355,\333\255""; networkTime: 803842917; firstSeq: 1; lastSeq: 58; ","newEvent: neCLOSING_LEDGER; ledgerSeq: 58; ledgerHash: ""\307\232\020\017\177\025}\320\272\301\007\233=\335""\t\250\332\334\355\260\204\022\250\326\010?\242\301d\215\027""; ledgerHashPrevious: ""j\262\235LC5\315,\2758.\025\251J\276\032\252\276\237\336w\275\306no\345t\317\355,\333\255""; networkTime: 803842917; firstSeq: 1; lastSeq: 58; "
1750527717646,1750527717699,0,1,4,0,TMStatusChange,"newEvent: neACCEPTED_LEDGER; ledgerSeq: 59; ledgerHash: ""\353\270\277[|\226k\277\033\230\347|B!\272\364W>\t\010\227t\301Md\r\3451\215PFm""; ledgerHashPrevious: ""\307\232\020\017\177\025}\320\272\301\007\233=\335""\t\250\332\334\355\260\204\022\250\326\010?\242\301d\215\027""; networkTime: 803842917; firstSeq: 1; lastSeq: 58; ","newEvent: neACCEPTED_LEDGER; ledgerSeq: 59; ledgerHash: ""\353\270\277[|\226k\277\033\230\347|B!\272\364W>\t\010\227t\301Md\r\3451\215PFm""; ledgerHashPrevious: ""\307\232\020\017\177\025}\320\272\301\007\233=\335""\t\250\332\334\355\260\204\022\250\326\010?\242\301d\215\027""; networkTime: 803842917; firstSeq: 1; lastSeq: 58; "
1750527717647,1750527717700,0,1,4,2,TMStatusChange,"newEvent: neACCEPTED_LEDGER; ledgerSeq: 59; ledgerHash: ""\353\270\277[|\226k\277\033\230\347|B!\272\364W>\t\010\227t\301Md\r\3451\215PFm""; ledgerHashPrevious: ""\307\232\020\017\177\025}\320\272\301\007\233=\335""\t\250\332\334\355\260\204\022\250\326\010?\242\301d\215\027""; networkTime: 803842917; firstSeq: 1; lastSeq: 58; ","newEvent: neACCEPTED_LEDGER; ledgerSeq: 59; ledgerHash: ""\353\270\277[|\226k\277\033\230\347|B!\272\364W>\t\010\227t\301Md\r\3451\215PFm""; ledgerHashPrevious: ""\307\232\020\017\177\025}\320\272\301\007\233=\335""\t\250\332\334\355\260\204\022\250\326\010?\242\301d\215\027""; networkTime: 803842917; firstSeq: 1; lastSeq: 58; "
1750527717647,1750527717700,0,1,4,3,TMStatusChange,"newEvent: neACCEPTED_LEDGER; ledgerSeq: 59; ledgerHash: ""\353\270\277[|\226k\277\033\230\347|B!\272\364W>\t\010\227t\301Md\r\3451\215PFm""; ledgerHashPrevious: ""\307\232\020\017\177\025}\320\272\301\007\233=\335""\t\250\332\334\355\260\204\022\250\326\010?\242\301d\215\027""; networkTime: 803842917; firstSeq: 1; lastSeq: 58; ","newEvent: neACCEPTED_LEDGER; ledgerSeq: 59; ledgerHash: ""\353\270\277[|\226k\277\033\230\347|B!\272\364W>\t\010\227t\301Md\r\3451\215PFm""; ledgerHashPrevious: ""\307\232\020\017\177\025}\320\272\301\007\233=\335""\t\250\332\334\355\260\204\022\250\326\010?\242\301d\215\027""; networkTime: 803842917; firstSeq: 1; lastSeq: 58; "
1750527717700,1750527717700,0,1,0,1,TMValidation,"validation: """"\200\000\000\001&\000\000\000;)/\351\253e:\r\302\353\023?\373\240rQ\353\270\277[|\226k\277\033\230\347|B!\272\364W>\t\010\227t\301Md\r\3451\215PFmP\027\000\000\000\000\000\000\000\000\000\000\000\000\000\000\000\000\000\000\000\000\000\000\000\000\000\000\000\000\000\000\000\000P\031\307\232\020\017\177\025}\320\272\301\007\233=\335""\t\250\332\334\355\260\204\022\250\326\010?\242\301d\215\027s!\003R7o\362bV\300hf\266\241;}\200^\374\240\203[:\342Q\225\221\027y\372\255\235\216\323~vG0E\002!\000\226b\321\273\273o\036\n\315\260\233/k\256yhz\2206z\255\206\223\377\265\251\265\255*\366,\365\002 \021\014\215\250M\323\207\367s\231\355YC\203\374>\317\352\246X\371\201E'`n\322\305:w!5""; ","validation: """"\200\000\000\001&\000\000\000;)/\351\253e:\r\302\353\023?\373\240rQ\353\270\277[|\226k\277\033\230\347|B!\272\364W>\t\010\227t\301Md\r\3451\215PFmP\027\000\000\000\000\000\000\000\000\000\000\000\000\000\000\000\000\000\000\000\000\000\000\000\000\000\000\000\000\000\000\000\000P\031\307\232\020\017\177\025}\320\272\301\007\233=\335""\t\250\332\334\355\260\204\022\250\326\010?\242\301d\215\027s!\003R7o\362bV\300hf\266\241;}\200^\374\240\203[:\342Q\225\221\027y\372\255\235\216\323~vG0E\002!\000\226b\321\273\273o\036\n\315\260\233/k\256yhz\2206z\255\206\223\377\265\251\265\255*\366,\365\002 \021\014\215\250M\323\207\367s\231\355YC\203\374>\317\352\246X\371\201E'`n\322\305:w!5""; "
1750527717647,1750527717700,0,1,4,1,TMStatusChange,"newEvent: neACCEPTED_LEDGER; ledgerSeq: 59; ledgerHash: ""\353\270\277[|\226k\277\033\230\347|B!\272\364W>\t\010\227t\301Md\r\3451\215PFm""; ledgerHashPrevious: ""\307\232\020\017\177\025}\320\272\301\007\233=\335""\t\250\332\334\355\260\204\022\250\326\010?\242\301d\215\027""; networkTime: 803842917; firstSeq: 1; lastSeq: 58; ","newEvent: neACCEPTED_LEDGER; ledgerSeq: 59; ledgerHash: ""\353\270\277[|\226k\277\033\230\347|B!\272\364W>\t\010\227t\301Md\r\3451\215PFm""; ledgerHashPrevious: ""\307\232\020\017\177\025}\320\272\301\007\233=\335""\t\250\332\334\355\260\204\022\250\326\010?\242\301d\215\027""; networkTime: 803842917; firstSeq: 1; lastSeq: 58; "
1750527717702,1750527717702,0,1,0,2,TMValidation,"validation: """"\200\000\000\001&\000\000\000;)/\351\253e:\r\302\353\023?\373\240rQ\353\270\277[|\226k\277\033\230\347|B!\272\364W>\t\010\227t\301Md\r\3451\215PFmP\027\000\000\000\000\000\000\000\000\000\000\000\000\000\000\000\000\000\000\000\000\000\000\000\000\000\000\000\000\000\000\000\000P\031\307\232\020\017\177\025}\320\272\301\007\233=\335""\t\250\332\334\355\260\204\022\250\326\010?\242\301d\215\027s!\003R7o\362bV\300hf\266\241;}\200^\374\240\203[:\342Q\225\221\027y\372\255\235\216\323~vG0E\002!\000\226b\321\273\273o\036\n\315\260\233/k\256yhz\2206z\255\206\223\377\265\251\265\255*\366,\365\002 \021\014\215\250M\323\207\367s\231\355YC\203\374>\317\352\246X\371\201E'`n\322\305:w!5""; ","validation: """"\200\000\000\001&\000\000\000;)/\351\253e:\r\302\353\023?\373\240rQ\353\270\277[|\226k\277\033\230\347|B!\272\364W>\t\010\227t\301Md\r\3451\215PFmP\027\000\000\000\000\000\000\000\000\000\000\000\000\000\000\000\000\000\000\000\000\000\000\000\000\000\000\000\000\000\000\000\000P\031\307\232\020\017\177\025}\320\272\301\007\233=\335""\t\250\332\334\355\260\204\022\250\326\010?\242\301d\215\027s!\003R7o\362bV\300hf\266\241;}\200^\374\240\203[:\342Q\225\221\027y\372\255\235\216\323~vG0E\002!\000\226b\321\273\273o\036\n\315\260\233/k\256yhz\2206z\255\206\223\377\265\251\265\255*\366,\365\002 \021\014\215\250M\323\207\367s\231\355YC\203\374>\317\352\246X\371\201E'`n\322\305:w!5""; "
1750527717702,1750527717702,0,1,3,0,TMValidation,"validation: """"\200\000\000\001&\000\000\000;)/\351\253e:\r\302\353\023?\373\240rQ\353\270\277[|\226k\277\033\230\347|B!\272\364W>\t\010\227t\301Md\r\3451\215PFmP\027\000\000\000\000\000\000\000\000\000\000\000\000\000\000\000\000\000\000\000\000\000\000\000\000\000\000\000\000\000\000\000\000P\031\307\232\020\017\177\025}\320\272\301\007\233=\335""\t\250\332\334\355\260\204\022\250\326\010?\242\301d\215\027s!\003R7o\362bV\300hf\266\241;}\200^\374\240\203[:\342Q\225\221\027y\372\255\235\216\323~vG0E\002!\000\226b\321\273\273o\036\n\315\260\233/k\256yhz\2206z\255\206\223\377\265\251\265\255*\366,\365\002 \021\014\215\250M\323\207\367s\231\355YC\203\374>\317\352\246X\371\201E'`n\322\305:w!5""; ","validation: """"\200\000\000\001&\000\000\000;)/\351\253e:\r\302\353\023?\373\240rQ\353\270\277[|\226k\277\033\230\347|B!\272\364W>\t\010\227t\301Md\r\3451\215PFmP\027\000\000\000\000\000\000\000\000\000\000\000\000\000\000\000\000\000\000\000\000\000\000\000\000\000\000\000\000\000\000\000\000P\031\307\232\020\017\177\025}\320\272\301\007\233=\335""\t\250\332\334\355\260\204\022\250\326\010?\242\301d\215\027s!\003R7o\362bV\300hf\266\241;}\200^\374\240\203[:\342Q\225\221\027y\372\255\235\216\323~vG0E\002!\000\226b\321\273\273o\036\n\315\260\233/k\256yhz\2206z\255\206\223\377\265\251\265\255*\366,\365\002 \021\014\215\250M\323\207\367s\231\355YC\203\374>\317\352\246X\371\201E'`n\322\305:w!5""; "
1750527717707,1750527717707,0,1,3,1,TMValidation,"validation: """"\200\000\000\001&\000\000\000;)/\351\253e:\r\302\353\023?\373\240rQ\353\270\277[|\226k\277\033\230\347|B!\272\364W>\t\010\227t\301Md\r\3451\215PFmP\027\000\000\000\000\000\000\000\000\000\000\000\000\000\000\000\000\000\000\000\000\000\000\000\000\000\000\000\000\000\000\000\000P\031\307\232\020\017\177\025}\320\272\301\007\233=\335""\t\250\332\334\355\260\204\022\250\326\010?\242\301d\215\027s!\003R7o\362bV\300hf\266\241;}\200^\374\240\203[:\342Q\225\221\027y\372\255\235\216\323~vG0E\002!\000\226b\321\273\273o\036\n\315\260\233/k\256yhz\2206z\255\206\223\377\265\251\265\255*\366,\365\002 \021\014\215\250M\323\207\367s\231\355YC\203\374>\317\352\246X\371\201E'`n\322\305:w!5""; ","validation: """"\200\000\000\001&\000\000\000;)/\351\253e:\r\302\353\023?\373\240rQ\353\270\277[|\226k\277\033\230\347|B!\272\364W>\t\010\227t\301Md\r\3451\215PFmP\027\000\000\000\000\000\000\000\000\000\000\000\000\000\000\000\000\000\000\000\000\000\000\000\000\000\000\000\000\000\000\000\000P\031\307\232\020\017\177\025}\320\272\301\007\233=\335""\t\250\332\334\355\260\204\022\250\326\010?\242\301d\215\027s!\003R7o\362bV\300hf\266\241;}\200^\374\240\203[:\342Q\225\221\027y\372\255\235\216\323~vG0E\002!\000\226b\321\273\273o\036\n\315\260\233/k\256yhz\2206z\255\206\223\377\265\251\265\255*\366,\365\002 \021\014\215\250M\323\207\367s\231\355YC\203\374>\317\352\246X\371\201E'`n\322\305:w!5""; "
1750527717707,1750527717707,0,1,3,2,TMValidation,"validation: """"\200\000\000\001&\000\000\000;)/\351\253e:\r\302\353\023?\373\240rQ\353\270\277[|\226k\277\033\230\347|B!\272\364W>\t\010\227t\301Md\r\3451\215PFmP\027\000\000\000\000\000\000\000\000\000\000\000\000\000\000\000\000\000\000\000\000\000\000\000\000\000\000\000\000\000\000\000\000P\031\307\232\020\017\177\025}\320\272\301\007\233=\335""\t\250\332\334\355\260\204\022\250\326\010?\242\301d\215\027s!\003R7o\362bV\300hf\266\241;}\200^\374\240\203[:\342Q\225\221\027y\372\255\235\216\323~vG0E\002!\000\226b\321\273\273o\036\n\315\260\233/k\256yhz\2206z\255\206\223\377\265\251\265\255*\366,\365\002 \021\014\215\250M\323\207\367s\231\355YC\203\374>\317\352\246X\371\201E'`n\322\305:w!5""; ","validation: """"\200\000\000\001&\000\000\000;)/\351\253e:\r\302\353\023?\373\240rQ\353\270\277[|\226k\277\033\230\347|B!\272\364W>\t\010\227t\301Md\r\3451\215PFmP\027\000\000\000\000\000\000\000\000\000\000\000\000\000\000\000\000\000\000\000\000\000\000\000\000\000\000\000\000\000\000\000\000P\031\307\232\020\017\177\025}\320\272\301\007\233=\335""\t\250\332\334\355\260\204\022\250\326\010?\242\301d\215\027s!\003R7o\362bV\300hf\266\241;}\200^\374\240\203[:\342Q\225\221\027y\372\255\235\216\323~vG0E\002!\000\226b\321\273\273o\036\n\315\260\233/k\256yhz\2206z\255\206\223\377\265\251\265\255*\366,\365\002 \021\014\215\250M\323\207\367s\231\355YC\203\374>\317\352\246X\371\201E'`n\322\305:w!5""; "
1750527717708,1750527717708,0,1,1,0,TMValidation,"validation: """"\200\000\000\001&\000\000\000;)/\351\253e:\r\302\353\023?\373\240rQ\353\270\277[|\226k\277\033\230\347|B!\272\364W>\t\010\227t\301Md\r\3451\215PFmP\027\000\000\000\000\000\000\000\000\000\000\000\000\000\000\000\000\000\000\000\000\000\000\000\000\000\000\000\000\000\000\000\000P\031\307\232\020\017\177\025}\320\272\301\007\233=\335""\t\250\332\334\355\260\204\022\250\326\010?\242\301d\215\027s!\003R7o\362bV\300hf\266\241;}\200^\374\240\203[:\342Q\225\221\027y\372\255\235\216\323~vG0E\002!\000\226b\321\273\273o\036\n\315\260\233/k\256yhz\2206z\255\206\223\377\265\251\265\255*\366,\365\002 \021\014\215\250M\323\207\367s\231\355YC\203\374>\317\352\246X\371\201E'`n\322\305:w!5""; ","validation: """"\200\000\000\001&\000\000\000;)/\351\253e:\r\302\353\023?\373\240rQ\353\270\277[|\226k\277\033\230\347|B!\272\364W>\t\010\227t\301Md\r\3451\215PFmP\027\000\000\000\000\000\000\000\000\000\000\000\000\000\000\000\000\000\000\000\000\000\000\000\000\000\000\000\000\000\000\000\000P\031\307\232\020\017\177\025}\320\272\301\007\233=\335""\t\250\332\334\355\260\204\022\250\326\010?\242\301d\215\027s!\003R7o\362bV\300hf\266\241;}\200^\374\240\203[:\342Q\225\221\027y\372\255\235\216\323~vG0E\002!\000\226b\321\273\273o\036\n\315\260\233/k\256yhz\2206z\255\206\223\377\265\251\265\255*\366,\365\002 \021\014\215\250M\323\207\367s\231\355YC\203\374>\317\352\246X\371\201E'`n\322\305:w!5""; "
1750527717710,1750527717710,0,1,1,3,TMValidation,"validation: """"\200\000\000\001&\000\000\000;)/\351\253e:\r\302\353\023?\373\240rQ\353\270\277[|\226k\277\033\230\347|B!\272\364W>\t\010\227t\301Md\r\3451\215PFmP\027\000\000\000\000\000\000\000\000\000\000\000\000\000\000\000\000\000\000\000\000\000\000\000\000\000\000\000\000\000\000\000\000P\031\307\232\020\017\177\025}\320\272\301\007\233=\335""\t\250\332\334\355\260\204\022\250\326\010?\242\301d\215\027s!\003R7o\362bV\300hf\266\241;}\200^\374\240\203[:\342Q\225\221\027y\372\255\235\216\323~vG0E\002!\000\226b\321\273\273o\036\n\315\260\233/k\256yhz\2206z\255\206\223\377\265\251\265\255*\366,\365\002 \021\014\215\250M\323\207\367s\231\355YC\203\374>\317\352\246X\371\201E'`n\322\305:w!5""; ","validation: """"\200\000\000\001&\000\000\000;)/\351\253e:\r\302\353\023?\373\240rQ\353\270\277[|\226k\277\033\230\347|B!\272\364W>\t\010\227t\301Md\r\3451\215PFmP\027\000\000\000\000\000\000\000\000\000\000\000\000\000\000\000\000\000\000\000\000\000\000\000\000\000\000\000\000\000\000\000\000P\031\307\232\020\017\177\025}\320\272\301\007\233=\335""\t\250\332\334\355\260\204\022\250\326\010?\242\301d\215\027s!\003R7o\362bV\300hf\266\241;}\200^\374\240\203[:\342Q\225\221\027y\372\255\235\216\323~vG0E\002!\000\226b\321\273\273o\036\n\315\260\233/k\256yhz\2206z\255\206\223\377\265\251\265\255*\366,\365\002 \021\014\215\250M\323\207\367s\231\355YC\203\374>\317\352\246X\371\201E'`n\322\305:w!5""; "
1750527717710,1750527717711,0,1,1,2,TMValidation,"validation: """"\200\000\000\001&\000\000\000;)/\351\253e:\r\302\353\023?\373\240rQ\353\270\277[|\226k\277\033\230\347|B!\272\364W>\t\010\227t\301Md\r\3451\215PFmP\027\000\000\000\000\000\000\000\000\000\000\000\000\000\000\000\000\000\000\000\000\000\000\000\000\000\000\000\000\000\000\000\000P\031\307\232\020\017\177\025}\320\272\301\007\233=\335""\t\250\332\334\355\260\204\022\250\326\010?\242\301d\215\027s!\003R7o\362bV\300hf\266\241;}\200^\374\240\203[:\342Q\225\221\027y\372\255\235\216\323~vG0E\002!\000\226b\321\273\273o\036\n\315\260\233/k\256yhz\2206z\255\206\223\377\265\251\265\255*\366,\365\002 \021\014\215\250M\323\207\367s\231\355YC\203\374>\317\352\246X\371\201E'`n\322\305:w!5""; ","validation: """"\200\000\000\001&\000\000\000;)/\351\253e:\r\302\353\023?\373\240rQ\353\270\277[|\226k\277\033\230\347|B!\272\364W>\t\010\227t\301Md\r\3451\215PFmP\027\000\000\000\000\000\000\000\000\000\000\000\000\000\000\000\000\000\000\000\000\000\000\000\000\000\000\000\000\000\000\000\000P\031\307\232\020\017\177\025}\320\272\301\007\233=\335""\t\250\332\334\355\260\204\022\250\326\010?\242\301d\215\027s!\003R7o\362bV\300hf\266\241;}\200^\374\240\203[:\342Q\225\221\027y\372\255\235\216\323~vG0E\002!\000\226b\321\273\273o\036\n\315\260\233/k\256yhz\2206z\255\206\223\377\265\251\265\255*\366,\365\002 \021\014\215\250M\323\207\367s\231\355YC\203\374>\317\352\246X\371\201E'`n\322\305:w!5""; "
1750527717711,1750527717711,0,1,2,1,TMProposeSet,"proposeSeq: 0; currentTxHash: ""\000\000\000\000\000\000\000\000\000\000\000\000\000\000\000\000\000\000\000\000\000\000\000\000\000\000\000\000\000\000\000\000""; nodePubKey: ""\002\364d\217\366\217|\316F\232\231\241\n\261\333`\312O\367\235\025DD\336e\367\n\312\326\221\037\025\230""; closeTime: 803842915; signature: ""0D\002 K\337\333-\235\200MA`a\313\236\3670^!PH\2155B\362Q\221\370\303\036_\335\3571q\002 \005N\252[&\261\244tg\364\247R\371y\363gp\335\202\214-\336\272Yz \213\005\346ut\265""; previousledger: ""\307\232\020\017\177\025}\320\272\301\007\233=\335""\t\250\332\334\355\260\204\022\250\326\010?\242\301d\215\027""; ","proposeSeq: 0; currentTxHash: ""\000\000\000\000\000\000\000\000\000\000\000\000\000\000\000\000\000\000\000\000\000\000\000\000\000\000\000\000\000\000\000\000""; nodePubKey: ""\002\364d\217\366\217|\316F\232\231\241\n\261\333`\312O\367\235\025DD\336e\367\n\312\326\221\037\025\230""; closeTime: 803842915; signature: ""0D\002 K\337\333-\235\200MA`a\313\236\3670^!PH\2155B\362Q\221\370\303\036_\335\3571q\002 \005N\252[&\261\244tg\364\247R\371y\363gp\335\202\214-\336\272Yz \213\005\346ut\265""; previousledger: ""\307\232\020\017\177\025}\320\272\301\007\233=\335""\t\250\332\334\355\260\204\022\250\326\010?\242\301d\215\027""; "
1750527717712,1750527717712,0,1,2,1,TMProposeSet,"proposeSeq: 0; currentTxHash: ""\000\000\000\000\000\000\000\000\000\000\000\000\000\000\000\000\000\000\000\000\000\000\000\000\000\000\000\000\000\000\000\000""; nodePubKey: ""\003R7o\362bV\300hf\266\241;}\200^\374\240\203[:\342Q\225\221\027y\372\255\235\216\323~""; closeTime: 803842915; signature: ""0D\002 a0A\255\334R\377b\032\243\300\314G6\354\306\331%\035\201\244!W\371i\374\273n\266\004\241\317\002 A:\263\344\030\212d\332\2323\342s\311\244\344\256\324+\271\240\370\274\303\265\323\373\022\274W\341\254\367""; previousledger: ""\307\232\020\017\177\025}\320\272\301\007\233=\335""\t\250\332\334\355\260\204\022\250\326\010?\242\301d\215\027""; ","proposeSeq: 0; currentTxHash: ""\000\000\000\000\000\000\000\000\000\000\000\000\000\000\000\000\000\000\000\000\000\000\000\000\000\000\000\000\000\000\000\000""; nodePubKey: ""\003R7o\362bV\300hf\266\241;}\200^\374\240\203[:\342Q\225\221\027y\372\255\235\216\323~""; closeTime: 803842915; signature: ""0D\002 a0A\255\334R\377b\032\243\300\314G6\354\306\331%\035\201\244!W\371i\374\273n\266\004\241\317\002 A:\263\344\030\212d\332\2323\342s\311\244\344\256\324+\271\240\370\274\303\265\323\373\022\274W\341\254\367""; previousledger: ""\307\232\020\017\177\025}\320\272\301\007\233=\335""\t\250\332\334\355\260\204\022\250\326\010?\242\301d\215\027""; "
1750527717713,1750527717713,0,1,2,1,TMValidation,"validation: """"\200\000\000\001&\000\000\000;)/\351\253e:\r\302\353\023?\373\240rQ\353\270\277[|\226k\277\033\230\347|B!\272\364W>\t\010\227t\301Md\r\3451\215PFmP\027\000\000\000\000\000\000\000\000\000\000\000\000\000\000\000\000\000\000\000\000\000\000\000\000\000\000\000\000\000\000\000\000P\031\307\232\020\017\177\025}\320\272\301\007\233=\335""\t\250\332\334\355\260\204\022\250\326\010?\242\301d\215\027s!\003R7o\362bV\300hf\266\241;}\200^\374\240\203[:\342Q\225\221\027y\372\255\235\216\323~vG0E\002!\000\226b\321\273\273o\036\n\315\260\233/k\256yhz\2206z\255\206\223\377\265\251\265\255*\366,\365\002 \021\014\215\250M\323\207\367s\231\355YC\203\374>\317\352\246X\371\201E'`n\322\305:w!5""; ","validation: """"\200\000\000\001&\000\000\000;)/\351\253e:\r\302\353\023?\373\240rQ\353\270\277[|\226k\277\033\230\347|B!\272\364W>\t\010\227t\301Md\r\3451\215PFmP\027\000\000\000\000\000\000\000\000\000\000\000\000\000\000\000\000\000\000\000\000\000\000\000\000\000\000\000\000\000\000\000\000P\031\307\232\020\017\177\025}\320\272\301\007\233=\335""\t\250\332\334\355\260\204\022\250\326\010?\242\301d\215\027s!\003R7o\362bV\300hf\266\241;}\200^\374\240\203[:\342Q\225\221\027y\372\255\235\216\323~vG0E\002!\000\226b\321\273\273o\036\n\315\260\233/k\256yhz\2206z\255\206\223\377\265\251\265\255*\366,\365\002 \021\014\215\250M\323\207\367s\231\355YC\203\374>\317\352\246X\371\201E'`n\322\305:w!5""; "
1750527717714,1750527717714,0,1,2,0,TMValidation,"validation: """"\200\000\000\001&\000\000\000;)/\351\253e:\r\302\353\023?\373\240rQ\353\270\277[|\226k\277\033\230\347|B!\272\364W>\t\010\227t\301Md\r\3451\215PFmP\027\000\000\000\000\000\000\000\000\000\000\000\000\000\000\000\000\000\000\000\000\000\000\000\000\000\000\000\000\000\000\000\000P\031\307\232\020\017\177\025}\320\272\301\007\233=\335""\t\250\332\334\355\260\204\022\250\326\010?\242\301d\215\027s!\003R7o\362bV\300hf\266\241;}\200^\374\240\203[:\342Q\225\221\027y\372\255\235\216\323~vG0E\002!\000\226b\321\273\273o\036\n\315\260\233/k\256yhz\2206z\255\206\223\377\265\251\265\255*\366,\365\002 \021\014\215\250M\323\207\367s\231\355YC\203\374>\317\352\246X\371\201E'`n\322\305:w!5""; ","validation: """"\200\000\000\001&\000\000\000;)/\351\253e:\r\302\353\023?\373\240rQ\353\270\277[|\226k\277\033\230\347|B!\272\364W>\t\010\227t\301Md\r\3451\215PFmP\027\000\000\000\000\000\000\000\000\000\000\000\000\000\000\000\000\000\000\000\000\000\000\000\000\000\000\000\000\000\000\000\000P\031\307\232\020\017\177\025}\320\272\301\007\233=\335""\t\250\332\334\355\260\204\022\250\326\010?\242\301d\215\027s!\003R7o\362bV\300hf\266\241;}\200^\374\240\203[:\342Q\225\221\027y\372\255\235\216\323~vG0E\002!\000\226b\321\273\273o\036\n\315\260\233/k\256yhz\2206z\255\206\223\377\265\251\265\255*\366,\365\002 \021\014\215\250M\323\207\367s\231\355YC\203\374>\317\352\246X\371\201E'`n\322\305:w!5""; "
1750527717714,1750527717714,0,1,2,3,TMValidation,"validation: """"\200\000\000\001&\000\000\000;)/\351\253e:\r\302\353\023?\373\240rQ\353\270\277[|\226k\277\033\230\347|B!\272\364W>\t\010\227t\301Md\r\3451\215PFmP\027\000\000\000\000\000\000\000\000\000\000\000\000\000\000\000\000\000\000\000\000\000\000\000\000\000\000\000\000\000\000\000\000P\031\307\232\020\017\177\025}\320\272\301\007\233=\335""\t\250\332\334\355\260\204\022\250\326\010?\242\301d\215\027s!\003R7o\362bV\300hf\266\241;}\200^\374\240\203[:\342Q\225\221\027y\372\255\235\216\323~vG0E\002!\000\226b\321\273\273o\036\n\315\260\233/k\256yhz\2206z\255\206\223\377\265\251\265\255*\366,\365\002 \021\014\215\250M\323\207\367s\231\355YC\203\374>\317\352\246X\371\201E'`n\322\305:w!5""; ","validation: """"\200\000\000\001&\000\000\000;)/\351\253e:\r\302\353\023?\373\240rQ\353\270\277[|\226k\277\033\230\347|B!\272\364W>\t\010\227t\301Md\r\3451\215PFmP\027\000\000\000\000\000\000\000\000\000\000\000\000\000\000\000\000\000\000\000\000\000\000\000\000\000\000\000\000\000\000\000\000P\031\307\232\020\017\177\025}\320\272\301\007\233=\335""\t\250\332\334\355\260\204\022\250\326\010?\242\301d\215\027s!\003R7o\362bV\300hf\266\241;}\200^\374\240\203[:\342Q\225\221\027y\372\255\235\216\323~vG0E\002!\000\226b\321\273\273o\036\n\315\260\233/k\256yhz\2206z\255\206\223\377\265\251\265\255*\366,\365\002 \021\014\215\250M\323\207\367s\231\355YC\203\374>\317\352\246X\371\201E'`n\322\305:w!5""; "
1750527717659,1750527717763,0,1,2,4,TMStatusChange,"newEvent: neCLOSING_LEDGER; ledgerSeq: 58; ledgerHash: ""\307\232\020\017\177\025}\320\272\301\007\233=\335""\t\250\332\334\355\260\204\022\250\326\010?\242\301d\215\027""; ledgerHashPrevious: ""j\262\235LC5\315,\2758.\025\251J\276\032\252\276\237\336w\275\306no\345t\317\355,\333\255""; networkTime: 803842917; firstSeq: 1; lastSeq: 58; ","newEvent: neCLOSING_LEDGER; ledgerSeq: 58; ledgerHash: ""\307\232\020\017\177\025}\320\272\301\007\233=\335""\t\250\332\334\355\260\204\022\250\326\010?\242\301d\215\027""; ledgerHashPrevious: ""j\262\235LC5\315,\2758.\025\251J\276\032\252\276\237\336w\275\306no\345t\317\355,\333\255""; networkTime: 803842917; firstSeq: 1; lastSeq: 58; "
1750527717715,1750527717763,0,1,2,3,TMStatusChange,"newEvent: neCLOSING_LEDGER; ledgerSeq: 58; ledgerHash: ""\307\232\020\017\177\025}\320\272\301\007\233=\335""\t\250\332\334\355\260\204\022\250\326\010?\242\301d\215\027""; ledgerHashPrevious: ""j\262\235LC5\315,\2758.\025\251J\276\032\252\276\237\336w\275\306no\345t\317\355,\333\255""; networkTime: 803842917; firstSeq: 1; lastSeq: 58; ","newEvent: neCLOSING_LEDGER; ledgerSeq: 58; ledgerHash: ""\307\232\020\017\177\025}\320\272\301\007\233=\335""\t\250\332\334\355\260\204\022\250\326\010?\242\301d\215\027""; ledgerHashPrevious: ""j\262\235LC5\315,\2758.\025\251J\276\032\252\276\237\336w\275\306no\345t\317\355,\333\255""; networkTime: 803842917; firstSeq: 1; lastSeq: 58; "
1750527717714,1750527717763,0,1,2,0,TMStatusChange,"newEvent: neCLOSING_LEDGER; ledgerSeq: 58; ledgerHash: ""\307\232\020\017\177\025}\320\272\301\007\233=\335""\t\250\332\334\355\260\204\022\250\326\010?\242\301d\215\027""; ledgerHashPrevious: ""j\262\235LC5\315,\2758.\025\251J\276\032\252\276\237\336w\275\306no\345t\317\355,\333\255""; networkTime: 803842917; firstSeq: 1; lastSeq: 58; ","newEvent: neCLOSING_LEDGER; ledgerSeq: 58; ledgerHash: ""\307\232\020\017\177\025}\320\272\301\007\233=\335""\t\250\332\334\355\260\204\022\250\326\010?\242\301d\215\027""; ledgerHashPrevious: ""j\262\235LC5\315,\2758.\025\251J\276\032\252\276\237\336w\275\306no\345t\317\355,\333\255""; networkTime: 803842917; firstSeq: 1; lastSeq: 58; "
1750527717713,1750527717763,0,1,2,1,TMStatusChange,"newEvent: neCLOSING_LEDGER; ledgerSeq: 58; ledgerHash: ""\307\232\020\017\177\025}\320\272\301\007\233=\335""\t\250\332\334\355\260\204\022\250\326\010?\242\301d\215\027""; ledgerHashPrevious: ""j\262\235LC5\315,\2758.\025\251J\276\032\252\276\237\336w\275\306no\345t\317\355,\333\255""; networkTime: 803842917; firstSeq: 1; lastSeq: 58; ","newEvent: neCLOSING_LEDGER; ledgerSeq: 58; ledgerHash: ""\307\232\020\017\177\025}\320\272\301\007\233=\335""\t\250\332\334\355\260\204\022\250\326\010?\242\301d\215\027""; ledgerHashPrevious: ""j\262\235LC5\315,\2758.\025\251J\276\032\252\276\237\336w\275\306no\345t\317\355,\333\255""; networkTime: 803842917; firstSeq: 1; lastSeq: 58; "
1750527718526,1750527718526,0,1,3,4,TMProposeSet,"proposeSeq: 0; currentTxHash: ""\000\000\000\000\000\000\000\000\000\000\000\000\000\000\000\000\000\000\000\000\000\000\000\000\000\000\000\000\000\000\000\000""; nodePubKey: ""\002\364d\217\366\217|\316F\232\231\241\n\261\333`\312O\367\235\025DD\336e\367\n\312\326\221\037\025\230""; closeTime: 803842918; signature: ""0E\002!\000\244N\342\036?\260HuV\254*.\033a\235\201\267\216l\240\014\002\251o\315\r\037\257 \351M/\002 W\257\2326\302\250Y\235\333\320\246\240\246\240\201\361\205\336:\351\017\365\334P\034\313Q\026I] \204""; previousledger: ""\353\270\277[|\226k\277\033\230\347|B!\272\364W>\t\010\227t\301Md\r\3451\215PFm""; ","proposeSeq: 0; currentTxHash: ""\000\000\000\000\000\000\000\000\000\000\000\000\000\000\000\000\000\000\000\000\000\000\000\000\000\000\000\000\000\000\000\000""; nodePubKey: ""\002\364d\217\366\217|\316F\232\231\241\n\261\333`\312O\367\235\025DD\336e\367\n\312\326\221\037\025\230""; closeTime: 803842918; signature: ""0E\002!\000\244N\342\036?\260HuV\254*.\033a\235\201\267\216l\240\014\002\251o\315\r\037\257 \351M/\002 W\257\2326\302\250Y\235\333\320\246\240\246\240\201\361\205\336:\351\017\365\334P\034\313Q\026I] \204""; previousledger: ""\353\270\277[|\226k\277\033\230\347|B!\272\364W>\t\010\227t\301Md\r\3451\215PFm""; "
1750527718526,1750527718527,0,1,3,0,TMProposeSet,"proposeSeq: 0; currentTxHash: ""\000\000\000\000\000\000\000\000\000\000\000\000\000\000\000\000\000\000\000\000\000\000\000\000\000\000\000\000\000\000\000\000""; nodePubKey: ""\002\364d\217\366\217|\316F\232\231\241\n\261\333`\312O\367\235\025DD\336e\367\n\312\326\221\037\025\230""; closeTime: 803842918; signature: ""0E\002!\000\244N\342\036?\260HuV\254*.\033a\235\201\267\216l\240\014\002\251o\315\r\037\257 \351M/\002 W\257\2326\302\250Y\235\333\320\246\240\246\240\201\361\205\336:\351\017\365\334P\034\313Q\026I] \204""; previousledger: ""\353\270\277[|\226k\277\033\230\347|B!\272\364W>\t\010\227t\301Md\r\3451\215PFm""; ","proposeSeq: 0; currentTxHash: ""\000\000\000\000\000\000\000\000\000\000\000\000\000\000\000\000\000\000\000\000\000\000\000\000\000\000\000\000\000\000\000\000""; nodePubKey: ""\002\364d\217\366\217|\316F\232\231\241\n\261\333`\312O\367\235\025DD\336e\367\n\312\326\221\037\025\230""; closeTime: 803842918; signature: ""0E\002!\000\244N\342\036?\260HuV\254*.\033a\235\201\267\216l\240\014\002\251o\315\r\037\257 \351M/\002 W\257\2326\302\250Y\235\333\320\246\240\246\240\201\361\205\336:\351\017\365\334P\034\313Q\026I] \204""; previousledger: ""\353\270\277[|\226k\277\033\230\347|B!\272\364W>\t\010\227t\301Md\r\3451\215PFm""; "
1750527718527,1750527718528,0,1,3,2,TMProposeSet,"proposeSeq: 0; currentTxHash: ""\000\000\000\000\000\000\000\000\000\000\000\000\000\000\000\000\000\000\000\000\000\000\000\000\000\000\000\000\000\000\000\000""; nodePubKey: ""\002\364d\217\366\217|\316F\232\231\241\n\261\333`\312O\367\235\025DD\336e\367\n\312\326\221\037\025\230""; closeTime: 803842918; signature: ""0E\002!\000\244N\342\036?\260HuV\254*.\033a\235\201\267\216l\240\014\002\251o\315\r\037\257 \351M/\002 W\257\2326\302\250Y\235\333\320\246\240\246\240\201\361\205\336:\351\017\365\334P\034\313Q\026I] \204""; previousledger: ""\353\270\277[|\226k\277\033\230\347|B!\272\364W>\t\010\227t\301Md\r\3451\215PFm""; ","proposeSeq: 0; currentTxHash: ""\000\000\000\000\000\000\000\000\000\000\000\000\000\000\000\000\000\000\000\000\000\000\000\000\000\000\000\000\000\000\000\000""; nodePubKey: ""\002\364d\217\366\217|\316F\232\231\241\n\261\333`\312O\367\235\025DD\336e\367\n\312\326\221\037\025\230""; closeTime: 803842918; signature: ""0E\002!\000\244N\342\036?\260HuV\254*.\033a\235\201\267\216l\240\014\002\251o\315\r\037\257 \351M/\002 W\257\2326\302\250Y\235\333\320\246\240\246\240\201\361\205\336:\351\017\365\334P\034\313Q\026I] \204""; previousledger: ""\353\270\277[|\226k\277\033\230\347|B!\272\364W>\t\010\227t\301Md\r\3451\215PFm""; "
1750527718528,1750527718528,0,1,3,1,TMProposeSet,"proposeSeq: 0; currentTxHash: ""\000\000\000\000\000\000\000\000\000\000\000\000\000\000\000\000\000\000\000\000\000\000\000\000\000\000\000\000\000\000\000\000""; nodePubKey: ""\002\364d\217\366\217|\316F\232\231\241\n\261\333`\312O\367\235\025DD\336e\367\n\312\326\221\037\025\230""; closeTime: 803842918; signature: ""0E\002!\000\244N\342\036?\260HuV\254*.\033a\235\201\267\216l\240\014\002\251o\315\r\037\257 \351M/\002 W\257\2326\302\250Y\235\333\320\246\240\246\240\201\361\205\336:\351\017\365\334P\034\313Q\026I] \204""; previousledger: ""\353\270\277[|\226k\277\033\230\347|B!\272\364W>\t\010\227t\301Md\r\3451\215PFm""; ","proposeSeq: 0; currentTxHash: ""\000\000\000\000\000\000\000\000\000\000\000\000\000\000\000\000\000\000\000\000\000\000\000\000\000\000\000\000\000\000\000\000""; nodePubKey: ""\002\364d\217\366\217|\316F\232\231\241\n\261\333`\312O\367\235\025DD\336e\367\n\312\326\221\037\025\230""; closeTime: 803842918; signature: ""0E\002!\000\244N\342\036?\260HuV\254*.\033a\235\201\267\216l\240\014\002\251o\315\r\037\257 \351M/\002 W\257\2326\302\250Y\235\333\320\246\240\246\240\201\361\205\336:\351\017\365\334P\034\313Q\026I] \204""; previousledger: ""\353\270\277[|\226k\277\033\230\347|B!\272\364W>\t\010\227t\301Md\r\3451\215PFm""; "
1750527718528,1750527718529,0,1,4,1,TMProposeSet,"proposeSeq: 0; currentTxHash: ""\000\000\000\000\000\000\000\000\000\000\000\000\000\000\000\000\000\000\000\000\000\000\000\000\000\000\000\000\000\000\000\000""; nodePubKey: ""\002\364d\217\366\217|\316F\232\231\241\n\261\333`\312O\367\235\025DD\336e\367\n\312\326\221\037\025\230""; closeTime: 803842918; signature: ""0E\002!\000\244N\342\036?\260HuV\254*.\033a\235\201\267\216l\240\014\002\251o\315\r\037\257 \351M/\002 W\257\2326\302\250Y\235\333\320\246\240\246\240\201\361\205\336:\351\017\365\334P\034\313Q\026I] \204""; previousledger: ""\353\270\277[|\226k\277\033\230\347|B!\272\364W>\t\010\227t\301Md\r\3451\215PFm""; ","proposeSeq: 0; currentTxHash: ""\000\000\000\000\000\000\000\000\000\000\000\000\000\000\000\000\000\000\000\000\000\000\000\000\000\000\000\000\000\000\000\000""; nodePubKey: ""\002\364d\217\366\217|\316F\232\231\241\n\261\333`\312O\367\235\025DD\336e\367\n\312\326\221\037\025\230""; closeTime: 803842918; signature: ""0E\002!\000\244N\342\036?\260HuV\254*.\033a\235\201\267\216l\240\014\002\251o\315\r\037\257 \351M/\002 W\257\2326\302\250Y\235\333\320\246\240\246\240\201\361\205\336:\351\017\365\334P\034\313Q\026I] \204""; previousledger: ""\353\270\277[|\226k\277\033\230\347|B!\272\364W>\t\010\227t\301Md\r\3451\215PFm""; "
1750527718530,1750527718530,0,1,4,2,TMProposeSet,"proposeSeq: 0; currentTxHash: ""\000\000\000\000\000\000\000\000\000\000\000\000\000\000\000\000\000\000\000\000\000\000\000\000\000\000\000\000\000\000\000\000""; nodePubKey: ""\002\364d\217\366\217|\316F\232\231\241\n\261\333`\312O\367\235\025DD\336e\367\n\312\326\221\037\025\230""; closeTime: 803842918; signature: ""0E\002!\000\244N\342\036?\260HuV\254*.\033a\235\201\267\216l\240\014\002\251o\315\r\037\257 \351M/\002 W\257\2326\302\250Y\235\333\320\246\240\246\240\201\361\205\336:\351\017\365\334P\034\313Q\026I] \204""; previousledger: ""\353\270\277[|\226k\277\033\230\347|B!\272\364W>\t\010\227t\301Md\r\3451\215PFm""; ","proposeSeq: 0; currentTxHash: ""\000\000\000\000\000\000\000\000\000\000\000\000\000\000\000\000\000\000\000\000\000\000\000\000\000\000\000\000\000\000\000\000""; nodePubKey: ""\002\364d\217\366\217|\316F\232\231\241\n\261\333`\312O\367\235\025DD\336e\367\n\312\326\221\037\025\230""; closeTime: 803842918; signature: ""0E\002!\000\244N\342\036?\260HuV\254*.\033a\235\201\267\216l\240\014\002\251o\315\r\037\257 \351M/\002 W\257\2326\302\250Y\235\333\320\246\240\246\240\201\361\205\336:\351\017\365\334P\034\313Q\026I] \204""; previousledger: ""\353\270\277[|\226k\277\033\230\347|B!\272\364W>\t\010\227t\301Md\r\3451\215PFm""; "
1750527718530,1750527718530,0,1,4,0,TMProposeSet,"proposeSeq: 0; currentTxHash: ""\000\000\000\000\000\000\000\000\000\000\000\000\000\000\000\000\000\000\000\000\000\000\000\000\000\000\000\000\000\000\000\000""; nodePubKey: ""\002\364d\217\366\217|\316F\232\231\241\n\261\333`\312O\367\235\025DD\336e\367\n\312\326\221\037\025\230""; closeTime: 803842918; signature: ""0E\002!\000\244N\342\036?\260HuV\254*.\033a\235\201\267\216l\240\014\002\251o\315\r\037\257 \351M/\002 W\257\2326\302\250Y\235\333\320\246\240\246\240\201\361\205\336:\351\017\365\334P\034\313Q\026I] \204""; previousledger: ""\353\270\277[|\226k\277\033\230\347|B!\272\364W>\t\010\227t\301Md\r\3451\215PFm""; ","proposeSeq: 0; currentTxHash: ""\000\000\000\000\000\000\000\000\000\000\000\000\000\000\000\000\000\000\000\000\000\000\000\000\000\000\000\000\000\000\000\000""; nodePubKey: ""\002\364d\217\366\217|\316F\232\231\241\n\261\333`\312O\367\235\025DD\336e\367\n\312\326\221\037\025\230""; closeTime: 803842918; signature: ""0E\002!\000\244N\342\036?\260HuV\254*.\033a\235\201\267\216l\240\014\002\251o\315\r\037\257 \351M/\002 W\257\2326\302\250Y\235\333\320\246\240\246\240\201\361\205\336:\351\017\365\334P\034\313Q\026I] \204""; previousledger: ""\353\270\277[|\226k\277\033\230\347|B!\272\364W>\t\010\227t\301Md\r\3451\215PFm""; "
1750527718531,1750527718531,0,1,1,0,TMProposeSet,"proposeSeq: 0; currentTxHash: ""\000\000\000\000\000\000\000\000\000\000\000\000\000\000\000\000\000\000\000\000\000\000\000\000\000\000\000\000\000\000\000\000""; nodePubKey: ""\002\364d\217\366\217|\316F\232\231\241\n\261\333`\312O\367\235\025DD\336e\367\n\312\326\221\037\025\230""; closeTime: 803842918; signature: ""0E\002!\000\244N\342\036?\260HuV\254*.\033a\235\201\267\216l\240\014\002\251o\315\r\037\257 \351M/\002 W\257\2326\302\250Y\235\333\320\246\240\246\240\201\361\205\336:\351\017\365\334P\034\313Q\026I] \204""; previousledger: ""\353\270\277[|\226k\277\033\230\347|B!\272\364W>\t\010\227t\301Md\r\3451\215PFm""; ","proposeSeq: 0; currentTxHash: ""\000\000\000\000\000\000\000\000\000\000\000\000\000\000\000\000\000\000\000\000\000\000\000\000\000\000\000\000\000\000\000\000""; nodePubKey: ""\002\364d\217\366\217|\316F\232\231\241\n\261\333`\312O\367\235\025DD\336e\367\n\312\326\221\037\025\230""; closeTime: 803842918; signature: ""0E\002!\000\244N\342\036?\260HuV\254*.\033a\235\201\267\216l\240\014\002\251o\315\r\037\257 \351M/\002 W\257\2326\302\250Y\235\333\320\246\240\246\240\201\361\205\336:\351\017\365\334P\034\313Q\026I] \204""; previousledger: ""\353\270\277[|\226k\277\033\230\347|B!\272\364W>\t\010\227t\301Md\r\3451\215PFm""; "
1750527718531,1750527718531,0,1,1,2,TMProposeSet,"proposeSeq: 0; currentTxHash: ""\000\000\000\000\000\000\000\000\000\000\000\000\000\000\000\000\000\000\000\000\000\000\000\000\000\000\000\000\000\000\000\000""; nodePubKey: ""\002\364d\217\366\217|\316F\232\231\241\n\261\333`\312O\367\235\025DD\336e\367\n\312\326\221\037\025\230""; closeTime: 803842918; signature: ""0E\002!\000\244N\342\036?\260HuV\254*.\033a\235\201\267\216l\240\014\002\251o\315\r\037\257 \351M/\002 W\257\2326\302\250Y\235\333\320\246\240\246\240\201\361\205\336:\351\017\365\334P\034\313Q\026I] \204""; previousledger: ""\353\270\277[|\226k\277\033\230\347|B!\272\364W>\t\010\227t\301Md\r\3451\215PFm""; ","proposeSeq: 0; currentTxHash: ""\000\000\000\000\000\000\000\000\000\000\000\000\000\000\000\000\000\000\000\000\000\000\000\000\000\000\000\000\000\000\000\000""; nodePubKey: ""\002\364d\217\366\217|\316F\232\231\241\n\261\333`\312O\367\235\025DD\336e\367\n\312\326\221\037\025\230""; closeTime: 803842918; signature: ""0E\002!\000\244N\342\036?\260HuV\254*.\033a\235\201\267\216l\240\014\002\251o\315\r\037\257 \351M/\002 W\257\2326\302\250Y\235\333\320\246\240\246\240\201\361\205\336:\351\017\365\334P\034\313Q\026I] \204""; previousledger: ""\353\270\277[|\226k\277\033\230\347|B!\272\364W>\t\010\227t\301Md\r\3451\215PFm""; "
1750527718647,1750527718647,0,1,4,3,TMProposeSet,"proposeSeq: 0; currentTxHash: ""\000\000\000\000\000\000\000\000\000\000\000\000\000\000\000\000\000\000\000\000\000\000\000\000\000\000\000\000\000\000\000\000""; nodePubKey: ""\003R7o\362bV\300hf\266\241;}\200^\374\240\203[:\342Q\225\221\027y\372\255\235\216\323~""; closeTime: 803842918; signature: ""0E\002!\000\370P\312\323\033\201\350O\177\037\303~\203W.F\336a\266?J\355{\371$\310N\031\341x\025A\002 \003\023~SE\004\355\234&Y\376\331w\223\343jw\227\245\277ohJ!0\264\231\352\2241\320\223""; previousledger: ""\353\270\277[|\226k\277\033\230\347|B!\272\364W>\t\010\227t\301Md\r\3451\215PFm""; ","proposeSeq: 0; currentTxHash: ""\000\000\000\000\000\000\000\000\000\000\000\000\000\000\000\000\000\000\000\000\000\000\000\000\000\000\000\000\000\000\000\000""; nodePubKey: ""\003R7o\362bV\300hf\266\241;}\200^\374\240\203[:\342Q\225\221\027y\372\255\235\216\323~""; closeTime: 803842918; signature: ""0E\002!\000\370P\312\323\033\201\350O\177\037\303~\203W.F\336a\266?J\355{\371$\310N\031\341x\025A\002 \003\023~SE\004\355\234&Y\376\331w\223\343jw\227\245\277ohJ!0\264\231\352\2241\320\223""; previousledger: ""\353\270\277[|\226k\277\033\230\347|B!\272\364W>\t\010\227t\301Md\r\3451\215PFm""; "
1750527718648,1750527718649,0,1,4,2,TMProposeSet,"proposeSeq: 0; currentTxHash: ""\000\000\000\000\000\000\000\000\000\000\000\000\000\000\000\000\000\000\000\000\000\000\000\000\000\000\000\000\000\000\000\000""; nodePubKey: ""\003R7o\362bV\300hf\266\241;}\200^\374\240\203[:\342Q\225\221\027y\372\255\235\216\323~""; closeTime: 803842918; signature: ""0E\002!\000\370P\312\323\033\201\350O\177\037\303~\203W.F\336a\266?J\355{\371$\310N\031\341x\025A\002 \003\023~SE\004\355\234&Y\376\331w\223\343jw\227\245\277ohJ!0\264\231\352\2241\320\223""; previousledger: ""\353\270\277[|\226k\277\033\230\347|B!\272\364W>\t\010\227t\301Md\r\3451\215PFm""; ","proposeSeq: 0; currentTxHash: ""\000\000\000\000\000\000\000\000\000\000\000\000\000\000\000\000\000\000\000\000\000\000\000\000\000\000\000\000\000\000\000\000""; nodePubKey: ""\003R7o\362bV\300hf\266\241;}\200^\374\240\203[:\342Q\225\221\027y\372\255\235\216\323~""; closeTime: 803842918; signature: ""0E\002!\000\370P\312\323\033\201\350O\177\037\303~\203W.F\336a\266?J\355{\371$\310N\031\341x\025A\002 \003\023~SE\004\355\234&Y\376\331w\223\343jw\227\245\277ohJ!0\264\231\352\2241\320\223""; previousledger: ""\353\270\277[|\226k\277\033\230\347|B!\272\364W>\t\010\227t\301Md\r\3451\215PFm""; "
1750527717715,1750527728435,0,1,1,0,TMStatusChange,"newEvent: neCLOSING_LEDGER; ledgerSeq: 59; ledgerHash: ""\353\270\277[|\226k\277\033\230\347|B!\272\364W>\t\010\227t\301Md\r\3451\215PFm""; ledgerHashPrevious: ""\307\232\020\017\177\025}\320\272\301\007\233=\335""\t\250\332\334\355\260\204\022\250\326\010?\242\301d\215\027""; networkTime: 803842917; firstSeq: 1; lastSeq: 59; ","newEvent: neCLOSING_LEDGER; ledgerSeq: 59; ledgerHash: ""\353\270\277[|\226k\277\033\230\347|B!\272\364W>\t\010\227t\301Md\r\3451\215PFm""; ledgerHashPrevious: ""\307\232\020\017\177\025}\320\272\301\007\233=\335""\t\250\332\334\355\260\204\022\250\326\010?\242\301d\215\027""; networkTime: 803842917; firstSeq: 1; lastSeq: 59; "
